31661 7827 5330 883 3288 6088 9789 14291 284 751 54 1506 0 12 12 2 1 5 0 1 114 107 12 6 27 0 14 16 6431 7069 3303 153 369 60 3 8 25 12 5 8 820 4 11 3 6 4 10 40 62 13 169 278 1416 1839 384 158 50 52 8 2 10 14 20 3 32 5 244 15 43 204 46 125 52 12 341 41 29 1 32 15 792 47 2482 637 437 78 41 245 154 20 22 1025 319 92 98 1580 116 3000 32 39 22 2 63 28 5 52 10 13 9 55 93 167 0 1 0 0 1 3 2 2 0 1 3 4 2 2 0 0 0 0 2 0 45 137 0 34 0 0 10 4 0 1 1 1 8 0 0 0 3 4 0 11 5 0 0 1 17 4 13 38 8 2 2 2 29 0 0 2 0 1 3 0 2 0 1 2 16 8 5 1 193 20 3 0 0 50 10 2 56 0 13 3 2 2 71 15 5 0 0 0
7827 25602 8109 17845 3119 10676 197 211 81 436 88 2680 1 2 5 1 0 2 0 3 41 32 6 1 14 0 0 1 804 3351 1393 35 93 11 2 0 2 4 1 2 940 6 10 1 1 3 5 13 45 7 77 114 313 667 96 144 21 18 0 0 7 12 1 1 0 2 159 9 6 126 34 67 11 12 69 15 20 0 19 7 498 14 1261 519 452 48 5 194 120 18 26 604 190 61 60 158 116 127 15 7 18 5 138 78 5 107 7 18 11 59 214 376 0 0 0 0 0 0 0 0 0 0 0 8 2 1 2 0 0 0 2 0 94 249 0 39 0 0 4 3 0 1 0 5 17 0 0 0 3 0 0 5 0 1 0 2 3 9 10 13 11 9 5 4 55 1 0 0 0 0 13 0 5 0 1 0 6 5 0 0 465 28 0 1 0 91 8 2 22 0 13 3 2 11 136 21 3 1 0 0
5330 8109 35612 979 92 9200 94 6025 159 6105 533 50786 0 1 5 0 1 1 0 0 57 46 0 1 12 2 1 0 320 104 116 25 77 11 0 0 3 1 1 0 584 2 7 2 4 2 5 14 45 8 60 78 152 308 61 117 3 13 0 0 3 8 1 1 0 0 101 5 7 78 19 90 8 9 44 10 40 0 61 4 296 13 681 304 310 48 9 122 78 20 7 443 105 38 48 82 333 135 18 5 31 4 237 118 6 146 18 45 33 160 343 639 1 0 0 0 0 0 0 0 1 0 0 10 6 0 2 0 0 0 5 0 125 328 0 28 0 0 3 0 0 2 0 4 23 0 2 0 0 0 0 3 0 2 0 0 5 6 2 12 15 12 7 5 44 0 0 1 0 1 19 0 7 0 0 0 3 3 0 0 596 28 3 0 0 95 4 1 7 0 24 1 1 16 293 46 5 1 0 1
883 17845 979 15513 5855 26167 10 6 14 22 18 8270 0 1 0 0 1 0 0 0 19 17 1 1 5 0 0 1 103 304 1351 24 51 9 0 0 1 0 0 1 211 1 5 3 0 0 4 9 14 0 13 18 22 86 15 44 4 12 0 0 1 4 0 0 2 0 37 8 4 16 4 29 6 5 22 6 7 0 0 0 63 6 201 99 134 25 1 45 22 3 4 80 37 10 27 35 50 24 5 1 7 1 40 32 2 41 2 7 5 21 75 175 0 0 1 0 0 0 0 0 0 0 1 5 0 1 0 0 0 0 2 0 44 111 0 5 0 0 2 0 0 0 0 3 3 0 0 0 0 0 0 1 0 1 0 0 2 1 1 0 2 0 1 2 17 0 0 0 0 0 6 0 0 0 1 0 0 0 0 0 181 6 0 0 0 25 2 0 3 0 4 1 0 7 64 6 2 2 0 0
3288 3119 92 5855 13732 8270 254 66 20 66 13 1245 0 14 11 2 3 0 1 0 88 93 7 1 15 1 5 8 2741 9629 14785 559 684 110 2 2 31 17 5 2 344 2 7 2 2 0 5 9 15 4 29 48 230 492 69 76 895 105 3 2 4 4 5 5 18 0 347 12 43 39 10 193 47 6 348 20 6 0 36 2 141 12 648 284 275 62 20 57 44 5 12 224 75 19 25 4065 27 179 24 200 1 1 12 7 2 8 3 0 0 4 25 44 0 0 0 0 1 0 2 1 1 2 0 8 1 1 0 0 0 2 0 0 9 60 0 18 0 0 9 3 0 0 1 2 5 0 2 0 4 2 0 1 2 1 0 2 2 1 3 6 4 1 1 1 11 0 0 0 0 0 5 0 1 0 0 0 1 1 4 0 59 24 0 0 0 18 0 0 7 0 5 1 0 2 21 3 2 0 0 0
6088 10676 9200 26167 8270 21995 117 235 45 420 167 23098 0 8 5 2 4 3 0 1 194 151 10 1 16 0 2 2 639 2488 6724 2985 1300 44 2 1 20 5 1 3 988 4 6 1 3 0 8 11 28 3 49 80 152 384 56 205 44 25 3 0 4 4 5 2 4 0 131 9 16 61 16 285 39 14 104 16 20 0 84 2 225 18 859 473 746 132 12 71 61 13 15 346 103 29 43 4292 237 168 51 6 16 4 102 90 6 102 9 20 14 72 180 446 0 0 0 0 0 0 1 0 2 0 0 8 6 3 2 0 0 0 7 0 111 282 0 47 0 0 9 8 0 0 0 3 20 0 0 0 1 0 0 1 2 2 0 1 1 19 4 7 10 5 6 3 48 2 0 1 0 0 25 0 8 0 1 1 4 3 1 0 512 26 1 0 0 92 5 0 13 0 20 0 2 12 158 13 7 0 0 0
9789 197 94 10 254 117 8623 5215 486 598 137 180 1 5 4 1 0 0 0 0 13 18 3 0 3 0 3 2 2443 261 109 26 62 13 1 5 6 6 0 1 68 0 2 2 3 0 1 3 2 4 31 66 1318 919 313 12 2 4 2 1 3 1 6 1 9 7 11 1 17 28 4 131 9 7 63 7 197 2 45 2 134 18 638 57 30 9 5 17 11 5 2 133 57 2 6 251 852 4959 5 8 5 0 5 2 0 0 2 4 3 6 6 15 0 0 0 0 0 2 0 0 1 1 0 1 0 0 0 0 0 0 0 0 2 18 0 12 0 0 4 4 0 1 1 1 1 0 0 0 0 1 0 4 0 0 0 0 2 0 4 5 0 0 0 0 3 0 0 0 0 0 1 0 0 0 0 1 3 1 1 0 15 7 0 0 0 1 1 0 8 0 1 1 0 0 5 2 0 0 0 0
14291 211 6025 6 66 235 5215 29763 1274 19228 876 3630 0 1 0 0 0 0 0 0 1 10 3 2 2 0 1 0 224 116 27 4 17 5 0 0 2 0 0 0 47 0 2 1 2 0 2 1 0 9 23 37 477 293 124 10 1 8 0 0 1 1 2 1 2 3 13 4 4 23 6 59 0 2 25 1 58 0 62 2 90 7 329 25 19 6 1 20 17 5 0 102 36 5 7 84 577 1398 2 3 4 0 12 6 0 9 6 3 65 22 31 55 0 0 0 0 0 0 1 0 1 0 1 0 0 0 0 0 0 0 1 0 13 24 0 4 0 1 0 1 0 0 0 2 1 0 0 0 1 0 0 0 0 1 0 0 3 2 3 8 0 1 1 0 8 0 0 0 0 0 1 0 0 0 0 0 2 2 0 0 59 2 0 0 0 5 2 0 3 0 3 0 0 0 26 8 0 0 0 0
284 81 159 14 20 45 486 1274 768 2130 753 647 23 0 0 0 0 0 0 0 0 5 1 0 1 0 0 0 30 18 7 11 105 9 0 0 0 2 0 0 10 0 0 8 147 2 0 1 0 149 12 34 103 39 17 2 2 6 0 0 0 1 0 0 1 43 2 0 1 3 0 525 28 92 7 1 1026 16 245 13 19 112 40 2 5 1 0 25 14 66 4 11 3 1 1 29 3049 1316 1 1 0 0 4 2 0 2 2 0 3 6 4 13 1 0 0 1 0 2 4 0 8 13 10 1 0 0 0 0 0 0 0 0 2 19 0 4 0 0 2 8 0 1 0 0 0 1 0 0 18 3 0 2 3 0 0 0 4 1 5 6 1 0 0 0 3 0 0 5 0 0 0 0 2 0 0 0 2 0 5 1 22 11 5 0 0 7 0 1 5 0 0 4 1 1 7 3 0 0 0 0
751 436 6105 22 66 420 598 19228 2130 37566 11949 33187 3 0 0 0 1 1 0 0 7 6 2 0 2 0 0 0 117 83 27 12 57 3 0 0 1 1 0 1 73 0 2 1 19 0 0 3 3 7 13 12 137 75 30 8 0 4 0 0 0 0 1 0 1 5 12 0 7 10 1 328 8 18 8 0 276 1 560 0 56 5 116 29 21 2 0 13 9 7 3 48 19 6 5 53 2333 1020 2 0 39 0 115 63 3 81 43 57 57 269 277 404 0 0 0 0 0 1 1 0 0 6 7 1 1 0 1 0 0 0 2 0 55 120 0 5 0 0 1 4 0 0 0 1 4 0 2 0 3 0 0 0 0 1 0 0 1 6 1 5 4 11 5 3 10 0 1 0 0 1 13 0 3 0 0 0 1 1 1 0 280 7 3 0 0 30 0 0 2 0 5 1 1 1 245 51 2 1 0 0
54 88 533 18 13 167 137 876 753 11949 8687 7116 0 0 0 0 0 0 0 0 6 6 0 0 0 0 0 0 14 14 7 8 84 2 0 0 1 0 0 0 25 0 1 0 10 0 0 1 1 3 1 6 72 12 10 6 0 2 0 0 0 0 1 0 0 2 7 0 3 3 4 1315 8 18 7 0 561 3 161 0 21 4 40 9 9 4 0 7 3 3 1 21 10 2 0 39 3397 475 1 1 33 3 174 93 9 107 29 47 45 218 313 589 0 0 0 0 0 0 0 1 0 0 0 3 4 0 3 0 0 0 4 0 83 206 0 15 0 0 2 1 0 0 0 4 9 0 1 0 2 0 1 1 0 3 0 1 1 4 0 4 16 4 7 2 33 0 0 0 0 0 18 0 7 0 0 0 2 1 0 0 459 13 4 1 0 87 1 0 4 0 18 0 1 6 322 52 5 1 0 1
1506 2680 50786 8270 1245 23098 180 3630 647 33187 7116 42683 1 4 5 3 2 2 0 1 257 175 10 0 23 1 6 1 370 431 485 1054 6588 129 1 2 10 12 0 4 980 0 3 5 3 1 6 6 15 9 42 68 231 266 73 200 19 174 0 0 3 7 3 0 6 5 146 14 10 55 17 1618 78 111 408 10 635 2 892 3 276 22 768 386 588 127 5 98 48 11 16 325 96 22 53 4706 3574 802 53 18 97 28 714 418 49 464 58 144 74 415 1079 2206 0 0 1 0 0 1 0 1 3 2 0 74 30 6 17 0 3 0 31 4 534 1736 0 238 0 0 29 13 0 3 1 27 102 0 10 1 10 1 1 1 0 15 0 4 11 52 3 9 69 54 23 18 323 1 0 2 0 2 113 3 54 7 0 2 14 3 3 0 2722 258 10 3 0 704 6 1 11 3 93 0 6 76 924 116 38 4 0 6
0 1 0 0 0 0 1 0 23 3 0 1 4276 0 1 3 138 664 7610 107 0 0 0 2 0 0 1 5 0 0 0 0 12 0 0 0 3 153 18 0 2 1 10 6342 2650 4464 0 0 0 98 0 5 3 0 0 0 0 0 0 0 16 0 1 8 10 844 0 0 6 0 0 58 96 1142 0 3 389 182 338 2 2 17 0 0 0 0 0 4 5 31 86 1 0 0 2 0 72 26 0 0 0 0 0 0 0 0 0 0 0 1 2 1 1 54 1156 14 2 152 7 1111 42 1466 32 0 0 0 0 7 0 33 0 0 0 2 0 4 0 0 47 55 149 0 66 1 0 3 91 28 190 908 0 0 5 0 0 8 2 0 0 0 0 0 0 0 3 0 22 23 3 574 1 0 0 0 2 34 0 0 51 2 0 6 249 1 3 1 1 2 5 0 0 4 1 0 0 0 0 0 0 0
12 2 1 1 14 8 5 1 0 0 0 4 0 6421 6952 523 15 110 8 5 31 33 176 94 8 8 3520 1652 99 27 43 2 22 344 5607 5123 173 14 158 920 827 81 148 5 1 9 199 32 30 1 0 0 7 30 2 2 26 704 1488 420 56 20 92 148 454 0 29 485 419 8 3 5 18 1 186 45 1 0 1 0 3 0 20 13 8 3 2 3 14 7 24 38 1 10 100 37 0 4 4 6 0 0 0 0 0 0 0 0 0 0 0 0 18 11 11 39 4 30 33 31 25 145 56 6 2 5 7 5 5 13 2 0 1 20 2 36 17 1 47 96 9 58 8 3 4 5 4 0 45 31 10 2 2 0 0 3 0 0 0 0 0 3 1 0 11 7 2 19 1 0 1 2 1 6 7 13 0 0 21 3 1 26 3 0 3 10 0 0 1 2 1 10 3 2 0 0 1 0 0 1
12 5 5 0 11 5 4 0 0 0 0 5 1 6952 18768 8923 184 2644 106 120 35 28 276 321 18 21 3230 3580 96 30 45 1 13 196 2101 1189 384 11 1042 646 1319 276 472 5 12 41 91 115 199 1 1 2 10 28 4 1 18 444 445 102 332 126 286 204 1269 0 24 357 1885 60 11 4 6 0 147 369 2 0 0 0 10 0 24 12 12 5 2 25 77 28 170 220 5 52 582 31 1 5 6 8 0 0 0 0 0 0 0 1 0 0 0 0 44 51 74 81 15 76 54 104 69 249 69 7 2 5 15 23 5 49 1 0 1 8 3 23 64 1 51 87 53 154 58 0 4 18 17 2 85 162 16 8 13 1 0 12 4 1 1 0 0 3 0 0 4 16 13 39 15 7 5 2 1 10 14 58 0 0 69 6 2 18 2 1 10 10 0 3 5 0 1 31 10 5 1 0 1 1 0 0
2 1 0 0 2 2 1 0 0 0 0 3 3 523 8923 11124 36 6046 2070 128 1 12 40 160 3 6 1554 3280 8 3 7 0 3 11 118 74 72 8 2164 99 618 150 195 3 5 45 6 62 59 2 0 0 4 5 0 0 2 46 53 9 315 55 130 84 291 0 9 40 935 27 8 0 3 0 18 205 0 0 0 0 5 0 10 3 1 2 0 13 47 11 102 80 0 16 246 2 0 0 1 0 0 0 0 0 0 0 0 2 0 0 0 0 53 106 122 80 3 107 15 297 43 557 31 1 0 6 15 27 25 94 0 0 0 2 3 3 35 3 20 40 99 112 59 1 8 11 17 4 104 105 1 1 6 0 0 5 0 0 0 0 0 0 0 0 1 3 9 27 7 4 1 1 0 3 9 30 0 0 22 2 0 7 8 0 5 18 1 1 0 0 0 8 4 0 5 0 0 0 0 0
1 0 1 1 3 4 0 0 0 1 0 2 138 15 184 36 689 1039 1568 637 27 114 79 26 34 5 32 4 19 4 6 3 23 92 68 6 960 1286 17 121 329 18 35 52 61 553 90 5 13 33 0 5 1 5 0 0 5 81 39 32 265 3 10 8 7 0 7 30 34 6 0 12 40 67 22 51 1 0 18 0 2 13 11 5 8 8 3 6 9 26 296 14 0 2 38 12 0 0 8 2 1 0 0 0 3 2 0 5 0 1 1 0 215 72 31 427 110 85 286 67 484 614 313 62 32 43 121 63 65 119 8 5 3 117 46 220 317 45 349 689 14 1027 48 7 46 68 12 5 581 39 131 10 19 3 3 5 0 6 1 2 6 40 4 3 32 103 4 123 34 5 74 14 20 88 57 47 3 2 15 2 20 250 81 7 5 214 2 7 6 8 11 10 41 7 11 5 18 5 0 12
5 2 1 0 0 3 0 0 0 1 0 2 664 110 2644 6046 1039 17906 5675 1037 3 12 48 871 9 15 2331 279 7 0 1 0 110 18 96 17 877 868 6059 175 930 303 1576 435 27 3716 8 55 113 9 2 1 2 13 0 0 4 15 29 5 4575 72 130 413 220 27 7 15 1361 36 18 4 128 29 10 1320 0 0 3 0 8 0 9 2 5 4 1 15 84 25 734 172 0 34 454 2 0 0 1 0 0 0 0 0 0 0 0 2 0 0 0 1 101 1086 2965 230 11 925 26 2326 226 5802 123 1 0 14 13 185 23 930 2 0 0 8 3 23 71 1 136 218 1358 129 968 15 11 59 411 150 830 1819 0 9 22 1 1 28 4 2 1 3 0 1 0 0 7 5 85 145 20 232 1 2 7 12 29 169 1 1 133 12 2 14 122 3 10 11 3 3 13 1 0 30 16 4 2 1 0 0 0 0
0 0 0 0 1 0 0 0 0 0 0 0 7610 8 106 2070 1568 5675 50585 7714 15 59 24 66 14 5 192 21 5 4 0 0 29 15 45 2 186 2126 36 110 138 39 84 3513 1561 7087 50 13 16 464 11 49 1 5 0 1 0 10 11 2 380 11 18 31 18 127 1 9 20 5 2 6 41 2111 4 75 24 1 22 6 20 111 7 2 13 6 2 58 79 323 1651 27 0 2 48 3 6 2 4 0 0 0 0 1 2 0 0 10 0 3 1 0 707 750 1902 1090 126 1783 515 3208 975 12560 1063 24 15 65 174 173 236 687 5 4 2 110 54 191 666 29 573 1213 347 1577 242 15 69 168 119 60 2469 761 77 25 36 6 0 22 9 3 9 10 2 12 1 1 23 69 52 179 44 260 21 9 16 74 87 142 1 9 175 9 12 223 1391 3 21 300 12 5 21 6 2 52 49 1 45 3 12 5 0 6
1 3 0 0 0 1 0 0 0 0 0 1 107 5 120 128 637 1037 7714 5609 11 21 39 42 5 6 95 2 2 0 1 0 8 22 29 1 158 227 31 141 230 32 46 24 63 243 25 5 20 30 2 5 0 1 0 0 4 14 9 9 198 8 11 12 3 0 1 7 38 10 1 8 17 33 5 57 4 0 6 2 0 11 1 1 1 0 3 6 9 26 123 21 2 8 63 0 0 1 6 0 0 0 0 0 2 0 0 7 0 0 3 0 420 158 78 565 78 102 283 81 421 1003 294 23 12 62 133 93 140 175 3 3 0 39 33 102 393 25 193 453 16 1244 56 14 44 89 12 6 571 32 77 13 15 2 3 8 2 7 1 2 2 15 3 1 11 57 4 117 35 5 37 4 7 45 51 68 1 0 10 4 7 101 84 2 4 176 3 5 5 4 3 11 38 2 31 4 6 1 0 7
114 41 57 19 88 194 13 1 0 7 6 257 0 31 35 1 27 3 15 11 6472 8563 2687 36 635 114 23 4 145 49 71 42 519 461 24 6 118 228 4 240 1193 18 73 62 1 2 345 11 18 0 5 6 14 49 1 822 21 608 45 12 9 5 30 12 6 0 31 450 22 5 0 182 492 38 1399 11 12 0 78 0 9 1 96 49 1636 521 85 7 12 2 18 33 7 2 96 343 6 25 1042 24 0 0 3 1 3 1 0 0 0 0 1 3 0 0 1 2 5 2 17 1 11 5 3 9 3 2 5 0 0 0 2 1 0 59 0 92 2 0 70 70 1 4 1 1 11 0 0 0 24 2 1 0 0 0 0 1 0 1 0 0 1 1 1 1 21 3 0 1 2 0 5 0 1 3 1 0 0 2 5 1 33 89 14 0 0 29 0 0 0 1 2 2 0 4 3 0 8 0 0 1
107 32 46 17 93 151 18 10 5 6 6 175 0 33 28 12 114 12 59 21 8563 22768 2357 234 5039 474 183 11 218 95 67 41 749 622 81 5 317 563 8 2632 1487 177 606 196 6 6 1199 30 240 3 13 17 45 218 9 831 42 754 122 38 33 63 131 42 12 0 193 820 39 58 13 285 853 39 1721 78 13 0 124 0 54 4 783 648 6003 2536 236 38 55 18 99 195 31 53 780 348 7 16 3730 25 0 0 0 2 1 2 0 0 0 0 1 5 8 1 1 16 11 12 40 6 24 30 43 12 5 5 15 0 1 1 0 0 5 118 3 120 12 1 158 157 3 32 2 1 8 0 4 0 66 6 2 9 4 0 0 4 4 3 0 3 1 5 0 2 24 3 0 10 4 0 8 1 3 7 8 4 1 2 27 2 29 128 20 1 3 32 3 0 12 0 3 13 6 6 2 0 4 0 1 1
12 6 0 1 7 10 3 3 1 2 0 10 0 176 276 40 79 48 24 39 2687 2357 6966 5091 657 3194 216 33 101 23 34 1 166 245 63 34 198 158 13 4430 6025 548 376 33 1 4 551 7 72 0 1 1 24 75 4 13 29 198 94 38 16 8 13 9 5 0 50 226 26 7 2 21 160 5 178 16 3 0 18 0 20 3 81 69 70 58 29 4 15 4 33 58 1 9 103 50 0 7 32 7 0 0 0 1 1 0 0 0 0 0 0 1 3 1 1 7 0 7 10 3 11 26 14 2 1 0 1 0 1 3 1 0 2 10 2 11 1 1 19 23 1 5 1 0 0 1 0 0 10 5 0 1 1 0 0 0 0 0 0 1 1 1 0 0 1 2 1 1 1 0 0 0 0 2 1 3 0 0 4 0 4 15 2 0 0 4 0 0 1 0 1 4 0 2 0 0 1 0 0 1
6 1 1 1 1 1 0 2 0 0 0 0 2 94 321 160 26 871 66 42 36 234 5091 6276 115 3886 6447 52 50 3 6 0 7 7 494 47 35 17 218 10519 2515 2896 1779 7 4 148 353 20 300 0 3 3 20 101 1 7 16 26 160 4 475 13 37 305 27 0 63 71 51 15 4 2 9 0 11 45 0 0 2 0 8 0 94 70 32 44 6 17 46 10 99 185 5 18 244 3 0 0 14 2 0 0 0 0 0 0 0 0 0 0 0 0 2 2 14 17 1 11 10 26 7 50 21 0 0 0 0 1 0 0 0 0 0 2 0 3 6 0 13 12 12 10 11 0 0 5 4 0 11 41 0 2 5 0 0 0 1 0 0 0 0 0 0 0 2 2 10 6 2 2 0 0 0 0 4 13 1 0 23 2 1 2 0 0 6 1 0 0 2 0 0 5 3 0 1 0 0 0 0 0
27 14 12 5 15 16 3 2 1 2 0 23 0 8 18 3 34 9 14 5 635 5039 657 115 8257 72 113 8 157 11 26 0 85 57 78 1 82 109 5 2002 674 77 508 48 1 3 4783 10 80 2 34 31 102 825 30 234 180 55 45 2 13 46 134 49 6 0 1003 324 19 46 9 26 140 9 192 32 2 0 16 1 140 7 1297 1694 1570 3622 2326 35 36 11 49 241 55 35 568 54 2 2 4366 58 0 0 0 0 0 0 0 0 0 0 0 2 4 1 1 21 11 17 24 3 19 36 25 2 0 1 2 0 1 2 0 0 0 21 1 31 4 1 45 67 0 14 0 1 1 0 1 0 24 4 1 5 5 0 0 5 5 0 2 8 0 0 0 0 4 1 0 4 2 0 2 0 0 1 5 5 2 2 7 1 1 24 3 0 6 2 4 1 12 0 1 14 3 0 0 0 0 0 0 0
0 0 2 0 1 0 0 0 0 0 0 1 0 8 21 6 5 15 5 6 114 474 3194 3886 72 982 192 3 3 1 0 0 2 3 4 3 7 4 8 2660 1369 147 193 2 0 1 2 5 45 0 1 1 1 5 0 3 0 3 1 0 7 1 4 2 1 0 5 3 10 1 0 1 1 0 1 9 0 0 1 0 2 0 14 9 12 15 0 5 9 0 13 27 0 4 75 1 0 0 1 0 0 0 0 0 0 0 0 0 0 0 0 0 1 2 0 6 3 8 3 2 4 33 13 0 0 0 1 0 0 0 0 0 0 0 0 2 3 0 6 12 0 4 1 0 0 0 1 0 2 2 0 1 1 0 0 1 0 0 0 0 0 0 0 0 0 0 0 0 1 1 0 0 1 0 1 1 0 0 5 0 0 0 0 0 0 0 0 0 3 0 0 1 0 0 0 0 0 0 0 0
14 0 1 0 5 2 3 1 0 0 0 6 1 3520 3230 1554 32 2331 192 95 23 183 216 6447 113 192 28904 5759 343 14 67 0 12 91 3925 1048 160 29 212 3028 554 181 3016 6 3 43 568 8 58 1 5 13 83 372 7 17 145 352 1108 50 75 19 46 2148 348 0 294 765 75 11 0 1 10 0 116 24 0 0 2 0 22 0 214 248 57 97 20 10 17 5 29 64 6 6 116 10 0 8 54 31 0 0 0 0 0 0 0 0 0 0 0 0 34 27 21 44 6 170 39 222 35 529 91 0 0 4 7 3 5 15 1 0 0 4 1 12 19 0 24 58 22 48 15 0 5 4 1 0 42 33 1 0 1 0 0 1 0 0 0 2 0 1 0 0 4 0 8 15 2 3 2 0 1 1 2 11 0 0 5 2 2 3 1 0 1 7 0 0 3 0 1 6 6 0 0 0 0 1 0 1
16 1 0 1 8 2 2 0 0 0 0 1 5 1652 3580 3280 4 279 21 2 4 11 33 52 8 3 5759 10376 177 17 66 0 10 101 467 477 40 6 3657 59 237 67 245 1 16 96 127 27 13 2 0 4 30 74 2 2 59 388 543 49 182 14 63 750 1690 0 58 525 445 4 0 0 4 0 123 20 0 0 0 0 6 2 47 23 5 13 8 2 12 6 44 26 5 3 36 4 0 2 11 12 0 0 0 0 0 0 0 0 0 0 0 0 6 116 274 30 5 138 17 634 20 499 27 0 0 1 2 42 0 72 1 1 0 2 0 5 8 1 17 33 324 7 186 0 1 12 48 4 32 505 1 4 0 0 0 2 0 2 0 0 0 0 0 1 2 3 55 55 4 8 3 0 2 1 5 91 1 0 40 8 0 2 1 1 10 1 0 1 2 0 0 7 4 0 0 0 0 0 0 0
6431 804 320 103 2741 639 2443 224 30 117 14 370 0 99 96 8 19 7 5 2 145 218 101 50 157 3 343 177 32427 11205 5461 100 340 97 66 39 76 35 60 84 318 39 269 18 12 12 352 102 30 3 57 79 4143 15791 694 39 4891 268 93 5 47 113 384 169 252 1 13348 872 374 80 12 124 67 13 3614 96 13 0 30 5 222 11 1795 845 139 126 1704 44 41 6 56 250 109 24 428 2143 10 3619 305 972 1 0 14 6 0 4 2 1 3 8 9 18 1 1 9 2 4 1 8 4 12 5 4 8 3 0 4 0 0 0 0 0 14 115 2 76 1 0 61 54 10 8 14 2 8 1 4 0 16 43 1 4 9 0 1 7 7 1 5 14 8 1 0 2 21 1 10 9 8 0 11 0 8 3 7 20 3 2 27 1 71 74 8 1 4 37 7 0 7 0 5 7 2 4 12 1 0 0 0 0
7069 3351 104 304 9629 2488 261 116 18 83 14 431 0 27 30 3 4 0 4 0 49 95 23 3 11 1 14 17 11205 25161 13558 93 315 89 1 11 39 16 3 1 335 1 8 7 2 2 3 16 19 2 51 63 561 1172 117 62 2726 75 12 0 4 10 29 7 38 1 785 27 110 53 17 125 37 4 595 34 4 0 29 3 195 11 1014 293 154 35 71 74 27 4 12 282 98 14 47 2960 13 292 15 76 0 0 13 8 0 5 0 0 2 4 11 30 0 0 1 1 0 0 4 1 1 1 0 2 1 1 2 0 0 0 0 0 12 41 0 26 0 0 14 7 1 0 0 2 1 0 0 0 6 6 2 0 1 0 0 4 4 1 1 11 2 2 0 0 10 0 1 1 0 0 3 0 0 1 0 3 0 5 5 0 54 8 1 0 0 10 3 0 8 0 4 4 1 0 16 2 0 0 0 0
3303 1393 116 1351 14785 6724 109 27 7 27 7 485 0 43 45 7 6 1 0 1 71 67 34 6 26 0 67 66 5461 13558 11352 54 239 111 20 10 54 30 10 16 520 7 38 11 3 12 56 34 9 1 39 47 297 923 68 105 9741 209 34 6 11 21 94 48 129 0 1894 308 258 52 18 113 51 6 5408 40 2 0 11 0 186 6 917 633 365 223 1177 65 40 4 22 241 80 31 81 3489 11 139 253 4319 1 1 12 3 1 2 0 2 1 2 16 38 0 0 4 3 2 1 1 0 4 2 5 1 0 1 2 0 0 0 1 0 11 54 1 29 0 0 18 14 2 4 3 1 2 3 1 0 4 15 2 2 5 0 0 1 4 2 3 11 1 1 0 0 13 0 3 2 2 1 0 0 2 3 3 9 2 2 6 1 58 26 5 0 0 6 2 1 3 0 1 3 2 1 5 0 0 0 0 0
153 35 25 24 559 2985 26 4 11 12 8 1054 0 2 1 0 3 0 0 0 42 41 1 0 0 0 0 0 100 93 54 5047 3487 400 0 0 12 8 0 0 68 0 0 0 1 0 1 0 0 1 8 11 33 25 6 14 3 1253 1 0 1 0 1 0 3 0 26 7 8 7 3 216 18 10 2073 4 15 0 22 0 34 3 67 26 33 13 1 15 1 2 4 31 18 3 3 8771 102 47 6 29 4 1 43 26 2 28 0 7 2 9 69 141 0 0 0 0 0 0 0 0 0 0 0 12 1 2 2 0 0 0 1 0 33 173 0 41 0 0 7 5 0 1 0 4 11 1 0 0 2 0 0 3 0 3 0 0 2 12 3 6 7 3 3 0 25 0 1 0 0 0 12 0 3 0 1 1 1 2 0 0 237 42 2 0 0 64 0 0 5 1 16 0 1 9 45 4 5 1 0 0
369 93 77 51 684 1300 62 17 105 57 84 6588 12 22 13 3 23 110 29 8 519 749 166 7 85 2 12 10 340 315 239 3487 12095 6529 31 28 786 3882 6 13 497 6 20 100 17 131 44 35 21 15 22 50 114 139 49 78 38 2440 183 547 146 12 22 9 22 4 97 132 84 40 21 3686 2372 186 5143 167 303 7 235 4 147 15 339 143 318 105 8 49 41 8 254 150 44 15 43 6590 799 278 93 107 20 10 191 129 29 127 5 32 18 37 247 509 13 3 18 25 15 7 42 19 96 42 36 142 40 21 52 5 7 13 44 6 240 1486 10 812 14 5 466 289 10 110 10 26 121 6 9 0 204 19 49 5 5 10 1 5 12 54 4 13 65 48 8 13 318 18 1 12 4 3 128 10 61 39 4 7 12 8 16 1 1250 1062 108 7 3 704 6 2 10 7 76 6 12 67 217 19 69 7 1 14
60 11 11 9 110 44 13 5 9 3 2 129 0 344 196 11 92 18 15 22 461 622 245 7 57 3 91 101 97 89 111 400 6529 6369 111 162 3076 1876 36 23 485 8 41 30 0 26 27 87 7 3 13 16 31 48 21 37 19 8003 1170 4601 121 44 92 31 219 0 29 785 755 17 24 914 616 46 2848 418 32 0 66 1 52 2 123 58 195 51 5 19 33 5 162 65 19 2 80 784 24 19 80 31 7 2 24 19 7 18 0 0 2 4 28 50 1 8 15 3 5 6 14 26 10 21 10 45 18 9 16 3 0 4 8 4 35 495 4 433 0 0 185 98 23 17 15 13 42 3 5 0 52 37 5 2 5 0 0 8 1 6 0 5 11 9 2 9 86 5 7 7 2 1 26 3 10 18 6 14 3 7 29 0 166 503 37 0 5 189 1 1 8 3 26 11 1 26 28 3 25 0 0 3
3 2 0 0 2 2 1 0 0 0 0 1 0 5607 2101 118 68 96 45 29 24 81 63 494 78 4 3925 467 66 1 20 0 31 111 8453 5231 704 87 49 3848 96 58 1097 31 2 6 1910 14 18 0 1 0 14 73 1 5 43 246 3265 212 27 19 157 437 188 0 52 535 164 10 0 2 19 4 53 13 1 0 3 0 5 1 49 47 15 17 8 2 7 1 18 15 3 5 380 1 0 1 15 8 0 0 0 0 0 1 0 0 0 0 0 1 32 7 5 76 29 82 111 55 83 233 124 5 2 4 6 10 5 19 0 0 1 24 2 55 52 5 94 189 2 126 12 0 13 10 1 2 66 19 5 1 3 0 0 0 0 0 0 0 0 2 0 1 8 9 3 17 6 0 7 0 2 5 8 10 1 0 8 2 1 19 3 0 1 10 2 0 1 1 1 3 4 1 3 0 1 0 0 0
8 0 0 0 2 1 5 0 0 0 0 2 0 5123 1189 74 6 17 2 1 6 5 34 47 1 3 1048 477 39 11 10 0 28 162 5231 2952 493 58 44 544 147 18 85 1 1 8 114 12 14 0 0 0 7 15 4 0 9 311 4536 726 5 6 71 118 227 0 9 468 127 0 0 0 2 0 57 12 0 0 0 0 2 0 11 1 1 3 0 2 3 2 10 8 1 0 50 4 0 1 0 2 0 0 0 0 0 0 0 0 0 0 0 0 2 0 2 6 1 4 2 4 3 17 5 2 0 0 0 0 0 3 0 0 0 1 0 1 6 0 2 7 2 6 3 0 0 2 1 0 4 8 0 1 2 0 0 1 0 0 0 0 0 0 0 0 0 1 0 2 0 0 1 0 0 1 1 2 0 0 8 0 0 3 1 0 1 0 1 0 2 0 0 1 0 0 0 0 0 0 0 0
25 2 3 1 31 20 6 2 0 1 1 10 3 173 384 72 960 877 186 158 118 317 198 35 82 7 160 40 76 39 54 12 786 3076 704 493 3548 2114 92 151 581 28 84 18 12 224 254 6 13 4 3 2 7 20 0 10 18 1070 1483 2962 499 8 24 30 35 0 21 481 188 1 1 34 257 37 278 138 10 1 43 0 2 2 45 33 69 30 9 7 11 9 260 31 2 2 82 107 0 1 34 6 3 3 1 1 2 3 0 3 1 1 1 4 59 22 26 83 50 28 117 50 206 109 95 83 29 30 78 14 7 35 9 7 14 322 20 480 73 23 503 578 23 340 25 10 47 21 10 4 318 40 74 2 3 2 1 3 2 8 1 0 6 38 5 4 81 78 7 33 14 2 70 16 34 88 14 21 1 1 13 1 42 360 47 11 1 108 0 2 3 8 4 3 8 23 7 2 21 6 0 11
12 4 1 0 17 5 6 0 2 1 0 12 153 14 11 8 1286 868 2126 227 228 563 158 17 109 4 29 6 35 16 30 8 3882 1876 87 58 2114 6130 31 69 377 9 41 201 152 878 162 21 11 51 8 14 9 34 3 23 11 390 370 1142 571 12 22 9 8 8 33 209 69 4 8 141 4380 251 152 160 88 7 75 2 16 35 72 50 111 60 10 23 20 54 938 28 11 2 60 70 6 6 51 4 0 3 2 2 8 7 1 4 0 0 9 12 117 49 58 217 100 83 265 79 439 487 298 159 57 51 126 39 25 61 21 13 20 608 33 853 144 22 1174 1127 16 634 35 13 73 53 20 5 798 82 148 6 8 5 0 3 5 10 0 1 12 55 3 11 143 91 9 76 33 27 110 16 52 125 38 37 0 3 51 1 99 946 195 14 4 284 3 2 2 15 26 11 21 37 16 4 60 4 0 14
5 1 1 0 5 1 0 0 0 0 0 0 18 158 1042 2164 17 6059 36 31 4 8 13 218 5 8 212 3657 60 3 10 0 6 36 49 44 92 31 13944 37 432 169 827 8 60 257 23 96 56 10 0 1 4 23 2 0 14 116 127 26 10517 60 159 332 4004 2 16 120 7544 22 16 2 5 1 28 1210 0 0 0 0 10 0 11 5 3 7 1 11 53 25 374 83 4 18 275 9 0 1 1 6 0 1 0 0 0 0 0 1 0 0 0 0 4 191 833 52 3 179 14 716 31 547 34 0 0 1 0 127 1 160 3 3 0 2 4 18 1 1 23 40 657 0 782 9 9 79 261 14 50 2150 0 12 15 0 0 18 1 1 1 2 1 11 0 3 6 1 286 352 63 52 5 7 13 7 44 733 4 2 268 31 0 1 3 0 52 2 0 3 13 1 0 31 24 6 1 0 0 0 0 0
8 2 0 1 2 3 1 0 0 1 0 4 0 920 646 99 121 175 110 141 240 2632 4430 10519 2002 2660 3028 59 84 1 16 0 13 23 3848 544 151 69 37 8949 2576 983 4309 54 3 15 1858 18 269 1 5 1 32 184 4 22 53 76 463 10 37 38 119 252 21 0 117 167 50 34 6 3 19 4 26 53 1 0 2 0 11 0 130 188 81 122 32 15 42 9 67 163 11 44 1063 1 0 1 48 5 0 0 0 0 0 0 0 2 0 0 1 0 142 42 7 336 62 244 273 68 265 825 480 5 1 15 27 26 26 41 1 0 1 25 14 77 178 6 128 414 3 336 27 3 11 23 6 1 216 11 16 5 11 0 0 3 1 1 0 0 2 4 0 0 7 18 4 48 21 3 12 0 0 12 37 32 1 2 23 1 2 34 9 1 6 21 0 3 4 2 1 22 13 0 4 0 0 0 0 1
820 940 584 211 344 988 68 47 10 73 25 980 2 827 1319 618 329 930 138 230 1193 1487 6025 2515 674 1369 554 237 318 335 520 68 497 485 96 147 581 377 432 2576 7910 5078 1785 50 35 239 485 347 2528 38 381 129 58 168 861 1446 99 506 308 57 740 128 154 76 122 3 210 517 430 245 196 173 366 31 1178 525 19 2 62 4 575 36 2016 302 499 428 211 928 1424 253 835 4394 275 550 1535 639 20 38 293 104 2 1 6 10 2 6 0 4 0 1 14 29 3 6 17 16 1 14 16 14 6 33 10 12 2 1 3 3 0 4 2 0 13 132 3 80 2 0 51 44 8 10 13 2 15 7 25 0 23 105 3 44 57 0 0 26 23 5 17 38 2 4 0 1 32 3 14 34 21 28 8 0 7 5 23 57 9 19 151 25 66 104 11 2 27 37 18 11 141 1 6 101 18 2 12 0 3 0 0 1
4 6 2 1 2 4 0 0 0 0 0 0 1 81 276 150 18 303 39 32 18 177 548 2896 77 147 181 67 39 1 7 0 6 8 58 18 28 9 169 983 5078 5476 5055 6 15 223 146 32 1143 3 2 0 7 51 0 3 14 12 48 7 627 19 61 19 60 2 30 40 215 4 7 0 3 0 15 120 0 0 1 0 9 0 50 43 27 26 5 14 77 23 434 399 1 35 203 2 0 0 14 3 0 0 0 0 0 0 0 0 0 0 0 0 2 0 6 4 0 1 2 7 4 15 4 0 0 1 0 2 0 0 0 0 0 0 0 2 0 0 0 11 9 1 13 0 1 7 16 0 3 82 0 0 6 0 0 4 0 1 1 0 0 0 0 0 1 0 10 22 4 8 0 0 0 0 10 29 0 0 69 15 0 1 0 0 11 0 1 1 4 0 0 14 4 0 1 0 0 0 0 0
11 10 7 5 7 6 2 2 0 2 1 3 10 148 472 195 35 1576 84 46 73 606 376 1779 508 193 3016 245 269 8 38 0 20 41 1097 85 84 41 827 4309 1785 5055 7486 26 113 1518 1567 194 1180 7 9 9 89 516 13 25 152 100 655 17 4494 122 953 4152 684 2 408 383 1725 53 12 2 33 1 63 628 0 0 2 0 44 1 367 417 140 270 60 42 138 48 2899 562 18 65 1544 21 0 3 106 36 0 0 0 0 0 0 0 0 0 0 0 0 2 5 90 21 1 26 21 92 13 107 17 0 0 0 1 14 0 11 1 2 1 3 2 11 6 0 14 41 61 15 103 11 1 36 81 0 25 673 1 15 29 0 0 31 0 1 1 1 0 1 0 0 2 0 103 147 39 69 1 1 3 5 28 253 0 2 447 41 1 7 1 0 79 4 2 4 15 0 2 88 9 1 0 0 0 0 0 0
3 1 2 3 2 1 2 1 8 1 0 5 6342 5 5 3 52 435 3513 24 62 196 33 7 48 2 6 1 18 7 11 0 100 30 31 1 18 201 8 54 50 6 26 9165 4965 2295 129 18 10 1550 52 195 4 16 1 6 13 22 43 2 389 13 15 6 7 607 17 45 9 3 13 122 2795 1989 16 135 1434 2434 3071 52 61 615 25 23 21 21 1 211 155 797 2877 19 2 3 51 3 36 8 16 1 1 1 1 0 3 5 0 7 0 1 5 6 189 51 255 331 88 311 368 464 726 2326 646 112 45 60 137 63 62 98 7 4 6 302 35 419 231 19 948 1196 38 873 54 16 54 51 85 16 1470 384 135 30 34 4 5 28 34 9 14 22 4 39 2 4 51 82 43 116 40 199 69 12 20 119 66 77 8 8 273 22 48 628 774 17 28 376 13 22 58 11 18 77 41 19 33 9 39 8 0 5
6 1 4 0 2 3 3 2 147 19 10 3 2650 1 12 5 61 27 1561 63 1 6 1 4 1 0 3 16 12 2 3 1 17 0 2 1 12 152 60 3 35 15 113 4965 8954 1890 3 20 15 4216 14 64 21 6 5 0 1 4 8 0 66 23 43 47 103 493 6 9 112 8 10 248 292 115 2 49 2544 720 1198 18 32 174 0 2 2 2 0 325 349 1439 2072 23 2 10 111 0 733 160 1 0 1 0 1 0 0 1 0 0 0 1 2 1 0 1 557 8 0 19 3 77 14 101 7 1 1 1 0 17 0 11 1 2 0 14 2 16 0 0 26 30 53 4 162 12 3 68 967 3 67 2473 1 49 166 1 1 458 16 3 10 12 0 1 0 3 7 0 158 249 105 1453 2 0 9 4 166 429 6 13 3486 244 7 9 12 2 327 11 23 84 253 1 0 664 61 2 7 1 1 1 0 0
4 3 2 0 0 0 0 0 2 0 0 1 4464 9 41 45 553 3716 7087 243 2 6 4 148 3 1 43 96 12 2 12 0 131 26 6 8 224 878 257 15 239 223 1518 2295 1890 15814 16 30 30 91 1 3 2 17 0 0 9 11 21 3 672 32 62 350 289 170 14 35 189 14 4 8 193 63 10 95 20 3 28 1 4 0 2 10 3 5 4 15 49 133 1110 83 0 9 416 1 9 2 3 5 0 1 0 0 0 0 0 3 0 0 0 0 6 265 3853 120 8 316 34 2208 84 1849 69 1 0 0 1 235 0 270 10 5 0 10 3 44 2 0 98 130 1084 3 1349 32 15 191 1697 108 351 7183 0 24 50 1 0 128 1 4 2 2 2 13 1 3 12 9 645 730 114 1741 4 8 20 12 75 1092 3 1 2160 153 2 8 54 6 211 11 5 9 27 0 2 147 62 8 8 2 2 0 0 0
10 5 5 4 5 8 1 2 0 0 0 6 0 199 91 6 90 8 50 25 345 1199 551 353 4783 2 568 127 352 3 56 1 44 27 1910 114 254 162 23 1858 485 146 1567 129 3 16 5451 34 75 1 18 15 142 1000 34 27 360 50 633 18 46 77 389 332 156 0 907 2545 167 28 5 7 71 11 86 25 0 0 15 2 63 6 654 873 244 949 1847 18 38 5 41 132 25 33 988 12 0 7 509 65 0 0 0 0 0 0 0 0 0 0 1 2 29 9 2 88 35 31 96 7 107 113 111 8 4 4 16 4 3 16 0 0 5 45 4 95 38 6 157 277 1 79 6 2 6 9 2 0 134 30 11 4 4 0 0 2 3 1 2 5 0 3 0 0 5 4 2 24 5 1 8 0 3 5 14 16 1 2 14 5 6 45 9 2 2 10 0 0 8 1 0 10 3 2 0 0 2 1 0 0
40 13 14 9 9 11 3 1 1 3 1 6 0 32 115 62 5 55 13 5 11 30 7 20 10 5 8 27 102 16 34 0 35 87 14 12 6 21 96 18 347 32 194 18 20 30 34 19605 224 104 0 1 13 69 4 5 28 184 84 28 110 4687 8796 394 314 8 40 165 3143 339 5462 4 39 3 87 9469 8 1 1 2 216 20 39 33 11 20 5 1420 9412 478 1554 203 0 217 1191 21 1 4 5 15 0 0 0 0 0 0 0 4 0 1 0 0 0 1 15 3 0 7 1 1 3 23 1 0 0 1 4 0 1 2 1 0 0 1 0 12 0 0 6 8 1 8 4 15 8 70 39 1 31 50 8 446 1104 4 1 599 109 59 37 73 1 5 0 0 2 4 2 129 365 21 4 7 2 10 370 86 39 60 1398 67 0 6 11 0 108 14 245 438 1284 3 0 1897 429 2 8 0 0 1 0 0
62 45 45 14 15 28 2 0 0 3 1 15 0 30 199 59 13 113 16 20 18 240 72 300 80 45 58 13 30 19 9 0 21 7 18 14 13 11 56 269 2528 1143 1180 10 15 30 75 224 11966 17 3 2 11 51 5 11 6 11 21 6 135 136 68 10 28 3 56 31 205 166 35 6 11 1 26 490 1 0 2 0 53 1 64 88 45 58 9 133 761 191 726 6591 32 1734 7981 23 3 1 24 2 0 0 0 1 0 0 0 0 0 0 0 1 0 0 1 1 0 3 1 1 0 3 0 0 0 0 0 0 0 0 0 0 1 6 0 1 0 0 1 2 0 1 1 2 1 4 9 0 1 21 0 13 57 0 0 26 7 5 1 5 0 0 0 0 0 0 6 17 14 3 0 0 0 1 36 15 1 3 140 10 5 4 0 0 21 1 10 8 37 0 0 97 9 0 0 1 0 0 1 0
13 7 8 0 4 3 4 9 149 7 3 9 98 1 1 2 33 9 464 30 0 3 0 0 2 0 1 2 3 2 1 1 15 3 0 0 4 51 10 1 38 3 7 1550 4216 91 1 104 17 9350 190 865 18 2 4 1 1 2 0 1 13 112 33 3 8 1308 0 3 15 47 57 183 205 443 6 57 2757 282 687 440 176 4164 3 0 3 3 0 1680 1527 5361 1045 48 9 18 50 4 1052 174 1 0 1 0 0 0 0 0 0 2 0 3 1 1 0 0 21 0 1 1 3 6 4 11 0 0 0 0 2 0 0 1 0 0 0 2 0 4 0 0 7 2 4 2 4 10 4 12 102 1 15 88 0 159 341 0 0 443 122 18 64 92 0 1 0 0 1 1 6 22 89 145 2 1 0 3 111 22 19 50 1076 35 5 6 8 0 37 8 135 565 1017 0 0 953 91 0 6 3 0 0 0 0
169 77 60 13 29 49 31 23 12 13 1 42 0 0 1 0 0 2 11 2 5 13 1 3 34 1 5 0 57 51 39 8 22 13 1 0 3 8 0 5 381 2 9 52 14 1 18 0 3 190 11152 19509 11 9 150 106 8 7 0 1 1 2 9 2 6 69 33 18 6 788 4 13 24 72 70 1 169 18 42 867 4260 835 157 33 14 49 19 401 29 25 3 4943 10658 25 20 43 76 21 19 7 0 0 0 0 0 0 0 0 0 0 1 1 0 0 0 0 0 0 0 0 1 0 1 1 0 0 0 0 0 0 0 0 0 9 0 7 0 0 3 2 0 0 0 1 1 0 0 0 4 0 0 30 8 0 0 0 720 119 694 501 0 0 0 0 3 0 0 0 0 4 1 0 0 0 0 0 125 52 3 0 11 9 4 0 0 8 31 5 204 0 0 3 17 1 1 0 1 0 0 0
278 114 78 18 48 80 66 37 34 12 6 68 5 0 2 0 5 1 49 5 6 17 1 3 31 1 13 4 79 63 47 11 50 16 0 0 2 14 1 1 129 0 9 195 64 3 15 1 2 865 19509 24675 25 12 141 71 9 24 2 0 3 14 5 8 5 294 35 19 2 712 10 47 69 310 96 0 777 84 122 13157 6372 4647 224 36 20 29 33 1203 68 98 8 808 4152 7 26 54 318 55 23 13 0 0 0 1 0 0 0 6 0 1 4 3 0 0 0 0 0 0 0 0 0 0 0 1 0 0 0 0 0 0 0 1 6 17 0 14 0 0 2 2 0 0 0 5 2 0 3 1 5 0 0 60 9 0 2 5 4920 1017 6636 3112 20 2 1 0 3 0 0 1 3 93 6 0 2 0 1 0 523 68 19 0 12 20 104 0 1 78 155 41 645 0 7 13 51 0 45 1 0 0 0 0
1416 313 152 22 230 152 1318 477 103 137 72 231 3 7 10 4 1 2 1 0 14 45 24 20 102 1 83 30 4143 561 297 33 114 31 14 7 7 9 4 32 58 7 89 4 21 2 142 13 11 18 11 25 6872 2679 3620 38 170 55 16 1 11 20 81 26 41 11 284 179 49 11 4 178 39 15 475 11 150 4 63 2 19 16 625 196 17 59 319 4 8 10 10 28 14 6 109 229 239 4887 90 122 1 0 7 1 2 8 0 2 1 2 5 18 0 0 0 0 0 1 3 1 4 2 2 3 0 0 2 0 0 0 0 0 7 42 0 29 1 0 11 8 0 4 2 0 6 0 2 0 7 7 0 0 0 0 0 0 0 1 0 0 0 2 0 0 13 0 0 0 0 1 2 0 2 1 0 2 0 0 5 0 25 31 4 0 0 20 0 0 1 0 2 2 1 0 7 0 0 0 0 0
1839 667 308 86 492 384 919 293 39 75 12 266 0 30 28 5 5 13 5 1 49 218 75 101 825 5 372 74 15791 1172 923 25 139 48 73 15 20 34 23 184 168 51 516 16 6 17 1000 69 51 2 9 12 2679 10980 530 26 1263 116 92 1 52 114 445 208 133 0 4211 1170 142 32 7 45 48 8 1350 68 19 0 18 1 26 4 1279 6563 68 477 1640 7 35 11 53 73 8 30 778 460 38 1967 684 691 0 2 6 2 1 4 0 1 0 2 5 16 0 0 5 1 4 5 8 0 3 7 6 6 0 0 0 1 0 0 0 1 7 46 0 32 0 0 29 23 1 6 3 0 1 3 1 0 7 35 0 0 4 0 1 3 2 0 1 0 3 1 0 1 12 0 1 7 2 1 4 0 3 2 3 7 0 0 19 4 39 49 2 0 4 19 1 1 7 0 0 10 2 1 6 0 1 0 0 0
384 96 61 15 69 56 313 124 17 30 10 73 0 2 4 0 0 0 0 0 1 9 4 1 30 0 7 2 694 117 68 6 49 21 1 4 0 3 2 4 861 0 13 1 5 0 34 4 5 4 150 141 3620 530 15161 609 19 47 1 0 3 4 16 8 11 1 65 40 3 30 2 46 18 6 153 2 18 0 12 10 139 14 3977 34 8 18 56 6 0 1 3 247 76 6 16 69 37 1067 14 21 0 0 4 1 1 0 0 0 0 0 3 4 0 0 0 0 0 1 0 1 1 0 1 5 1 0 1 0 0 0 1 0 2 38 0 19 0 0 3 1 0 0 0 1 1 0 0 0 0 2 0 2 0 0 0 0 5 1 4 14 0 0 0 0 5 1 0 0 0 0 1 0 2 1 1 2 5 2 1 0 12 24 2 1 0 8 0 0 5 0 2 1 2 0 1 0 0 0 0 1
158 144 117 44 76 205 12 10 2 8 6 200 0 2 1 0 0 0 1 0 822 831 13 7 234 3 17 2 39 62 105 14 78 37 5 0 10 23 0 22 1446 3 25 6 0 0 27 5 11 1 106 71 38 26 609 2139 17 78 3 2 1 7 22 5 2 1 41 41 4 28 4 30 60 4 220 9 2 0 16 0 103 9 4728 65 1072 389 44 9 5 3 4 235 61 7 37 159 1 7 364 24 0 0 1 1 0 1 0 0 0 0 2 1 0 0 0 0 0 1 2 0 1 1 1 2 0 0 1 0 0 0 0 0 1 25 0 14 0 0 7 8 0 0 0 0 3 0 1 0 5 0 1 0 0 1 0 1 2 2 5 12 1 0 0 0 2 1 0 0 0 0 0 0 0 2 0 1 2 0 2 0 9 14 2 1 0 3 0 0 5 0 1 1 1 1 0 2 0 0 0 0
50 21 3 4 895 44 2 1 2 0 0 19 0 26 18 2 5 4 0 4 21 42 29 16 180 0 145 59 4891 2726 9741 3 38 19 43 9 18 11 14 53 99 14 152 13 1 9 360 28 6 1 8 9 170 1263 19 17 6963 108 54 1 26 50 215 124 110 0 4686 826 157 23 2 23 17 2 2397 29 0 0 6 1 38 3 346 551 86 485 1887 9 17 3 32 45 16 10 244 524 0 8 1889 2484 0 0 0 1 0 1 0 0 0 0 0 0 1 0 4 2 3 1 3 1 2 1 5 1 0 0 0 0 0 0 0 0 3 7 0 13 0 0 15 11 4 1 3 0 0 1 2 0 5 21 0 1 2 0 0 0 2 0 0 0 0 0 0 0 2 0 5 4 0 1 1 0 0 1 0 5 0 3 25 1 3 11 2 0 2 2 0 0 4 0 0 3 1 0 0 0 0 0 0 0
52 18 13 12 105 25 4 8 6 4 2 174 0 704 444 46 81 15 10 14 608 754 198 26 55 3 352 388 268 75 209 1253 2440 8003 246 311 1070 390 116 76 506 12 100 22 4 11 50 184 11 2 7 24 55 116 47 78 108 10299 4079 1115 61 70 309 126 643 1 115 4602 1241 28 26 330 177 28 7549 263 5 0 49 3 95 6 267 100 264 114 30 33 37 8 106 112 37 11 146 1149 9 19 108 67 4 1 28 25 6 18 0 3 2 4 24 65 0 6 18 7 1 11 12 16 10 9 3 19 4 8 6 3 0 6 7 1 28 276 3 204 1 0 104 69 17 8 20 2 24 7 12 0 34 47 2 3 8 2 0 13 6 6 3 8 11 5 0 3 63 0 7 21 11 0 26 4 15 6 7 35 4 2 57 3 209 198 8 0 14 93 2 2 7 0 13 29 4 11 26 5 10 1 0 2
8 0 0 0 3 3 2 0 0 0 0 0 0 1488 445 53 39 29 11 9 45 122 94 160 45 1 1108 543 93 12 34 1 183 1170 3265 4536 1483 370 127 463 308 48 655 43 8 21 633 84 21 0 0 2 16 92 1 3 54 4079 6916 3809 35 73 397 417 644 0 97 1844 736 17 5 2 53 8 154 70 0 0 2 1 6 0 66 51 10 37 13 1 11 4 39 22 3 5 490 20 0 4 25 12 0 0 0 0 0 0 0 3 0 0 0 3 10 2 8 23 14 10 46 6 32 33 47 4 3 3 4 1 1 4 0 2 2 21 4 46 6 1 75 101 6 29 17 1 4 3 3 0 46 55 5 0 5 0 0 4 0 0 1 2 0 1 0 0 5 7 10 17 5 2 8 1 1 2 3 31 0 0 38 5 5 27 2 2 4 7 1 2 1 1 2 10 2 2 0 0 0 0 0 0
2 0 0 0 2 0 1 0 0 0 0 0 0 420 102 9 32 5 2 9 12 38 38 4 2 0 50 49 5 0 6 0 547 4601 212 726 2962 1142 26 10 57 7 17 2 0 3 18 28 6 1 1 0 1 1 0 2 1 1115 3809 1530 31 5 30 11 58 0 2 619 218 2 4 6 129 5 66 99 0 0 1 0 1 1 3 2 9 3 0 2 3 1 40 2 0 1 20 5 0 0 5 0 0 0 1 0 0 0 0 0 0 0 0 1 0 2 6 3 0 2 1 11 0 6 4 3 0 1 0 2 0 6 0 0 1 21 1 18 0 0 8 14 7 0 6 0 0 1 2 0 2 17 0 1 2 0 0 2 0 0 0 0 0 0 0 0 6 0 2 5 1 1 1 1 0 0 2 5 0 1 4 2 2 13 2 0 2 7 0 0 0 0 2 5 1 0 0 0 3 0 0 0
10 7 3 1 4 4 3 1 0 0 0 3 16 56 332 315 265 4575 380 198 9 33 16 475 13 7 75 182 47 4 11 1 146 121 27 5 499 571 10517 37 740 627 4494 389 66 672 46 110 135 13 1 3 11 52 3 1 26 61 35 31 9686 202 489 863 463 26 43 57 4164 67 30 7 233 4 41 8471 0 0 17 0 6 0 26 29 11 19 2 21 121 58 6101 225 4 49 1516 12 0 2 12 9 0 0 0 0 0 0 0 4 0 0 0 1 1 115 1473 55 3 135 13 599 33 443 35 2 0 0 0 141 0 127 11 2 1 14 2 34 2 1 64 73 652 5 923 33 7 163 988 50 138 3427 1 21 82 2 1 154 4 8 0 3 3 7 1 4 16 5 421 685 102 235 8 5 11 15 98 985 6 3 1641 193 2 14 3 6 222 11 1 2 54 1 1 169 75 4 5 0 0 0 1 0
14 12 8 4 4 4 1 1 1 0 0 7 0 20 126 55 3 72 11 8 5 63 8 13 46 1 19 14 113 10 21 0 12 44 19 6 8 12 60 38 128 19 122 13 23 32 77 4687 136 112 2 14 20 114 4 7 50 70 73 5 202 17712 14767 498 268 5 92 95 1164 5043 2230 1 15 0 46 1521 7 1 4 1 271 28 74 88 24 39 5 639 1649 337 824 191 17 2400 3523 17 9 1 13 3 0 0 0 0 1 0 0 2 0 0 0 0 0 1 12 2 0 3 2 1 1 7 1 0 1 0 4 0 0 2 3 0 0 1 2 5 0 0 1 3 3 4 10 14 12 56 23 1 16 26 0 594 1205 8 3 530 167 91 100 137 1 4 0 0 2 8 6 115 375 11 2 7 4 10 360 69 51 126 1058 32 1 6 8 0 69 11 367 469 1606 1 2 1512 536 0 7 1 0 2 0 1
20 1 1 0 5 5 6 2 0 1 1 3 1 92 286 130 10 130 18 11 30 131 13 37 134 4 46 63 384 29 94 1 22 92 157 71 24 22 159 119 154 61 953 15 43 62 389 8796 68 33 9 5 81 445 16 22 215 309 397 30 489 14767 24748 8349 5422 4 341 516 7572 794 133 0 19 2 100 2852 2 0 4 1 52 0 251 294 62 161 31 84 1120 321 1558 134 17 250 3108 16 1 12 59 27 0 0 0 0 0 0 0 0 0 0 0 0 1 2 27 5 1 5 4 9 7 39 5 0 0 1 3 3 0 4 1 0 0 2 0 4 2 0 10 14 1 6 4 4 8 41 57 1 21 89 4 76 308 3 1 326 6 8 5 6 0 1 0 0 2 4 15 111 147 21 2 1 2 3 232 99 4 11 1028 77 0 7 1 0 125 4 26 97 175 0 0 736 111 0 1 1 0 0 0 0
3 1 1 0 5 2 1 1 0 0 0 0 8 148 204 84 8 413 31 12 12 42 9 305 49 2 2148 750 169 7 48 0 9 31 437 118 30 9 332 252 76 19 4152 6 47 350 332 394 10 3 2 8 26 208 8 5 124 126 417 11 863 498 8349 6215 4506 1 215 314 1194 68 14 0 9 0 45 168 1 0 0 0 16 1 106 115 28 56 21 14 48 12 313 27 6 13 3630 3 0 3 36 32 0 0 0 0 0 0 0 1 0 0 0 0 6 24 134 33 5 52 13 145 14 111 17 0 0 1 0 24 0 22 1 2 0 2 1 6 4 0 9 24 111 8 160 1 2 19 41 2 23 555 0 8 11 0 0 14 2 0 1 0 0 1 0 2 2 2 75 106 18 13 1 2 5 7 22 215 2 2 160 14 1 4 0 2 20 2 1 3 5 0 1 35 12 0 0 1 1 0 0 0
32 0 0 2 18 4 9 2 1 1 0 6 10 454 1269 291 7 220 18 3 6 12 5 27 6 1 348 1690 252 38 129 3 22 219 188 227 35 8 4004 21 122 60 684 7 103 289 156 314 28 8 6 5 41 133 11 2 110 643 644 58 463 268 5422 4506 6857 1 95 741 6419 37 18 1 8 0 205 166 0 0 0 0 11 1 66 48 11 22 3 6 35 13 182 49 4 14 658 40 0 15 14 22 0 0 0 0 0 0 0 0 0 0 0 0 4 17 273 26 1 52 10 175 16 78 17 0 0 1 0 56 0 25 4 5 1 6 0 22 3 0 17 13 189 5 406 6 4 63 149 1 27 1505 0 9 30 0 1 19 0 1 0 4 1 5 0 4 12 3 264 325 56 21 5 6 7 6 35 642 2 1 490 60 0 3 0 4 74 2 0 2 10 0 1 36 28 2 1 0 0 0 0 0
5 2 0 0 0 0 7 3 43 5 2 5 844 0 0 0 0 27 127 0 0 0 0 0 0 0 0 0 1 1 0 0 4 0 0 0 0 8 2 0 3 2 2 607 493 170 0 8 3 1308 69 294 11 0 1 1 0 1 0 0 26 5 4 1 1 1216 0 0 2 1 1 81 32 504 0 5 1655 1293 265 162 68 987 0 1 0 0 0 95 42 335 545 5 0 2 5 2 280 75 0 0 0 0 0 0 0 0 0 0 0 0 1 1 0 0 33 2 0 1 0 5 3 16 1 0 0 0 0 0 0 0 0 0 0 1 0 0 0 0 4 3 1 0 1 0 1 0 47 1 5 47 0 3 15 1 0 15 22 2 18 16 0 0 0 0 0 0 1 1 7 264 0 0 0 0 9 5 2 4 83 7 2 3 14 0 2 0 5 2 30 0 0 32 1 0 1 1 0 0 0 0
244 159 101 37 347 131 11 13 2 12 7 146 0 29 24 9 7 7 1 1 31 193 50 63 1003 5 294 58 13348 785 1894 26 97 29 52 9 21 33 16 117 210 30 408 17 6 14 907 40 56 0 33 35 284 4211 65 41 4686 115 97 2 43 92 341 215 95 0 9619 1143 130 50 14 46 48 6 1688 48 1 0 14 1 77 5 1336 6293 559 4413 2034 25 37 8 54 170 29 21 556 435 4 43 1539 1333 2 1 1 0 1 2 0 0 0 0 5 7 1 1 2 3 0 1 10 0 8 7 5 3 1 2 4 0 0 1 0 0 5 40 0 32 2 0 16 24 1 2 4 1 3 1 0 0 10 17 0 0 2 1 0 1 6 1 2 2 1 0 0 0 8 1 1 8 2 0 4 0 3 0 6 17 3 0 24 2 34 37 1 0 3 15 1 4 12 0 4 7 2 0 2 0 2 1 0 0
15 9 5 8 12 9 1 4 0 0 0 14 0 485 357 40 30 15 9 7 450 820 226 71 324 3 765 525 872 27 308 7 132 785 535 468 481 209 120 167 517 40 383 45 9 35 2545 165 31 3 18 19 179 1170 40 41 826 4602 1844 619 57 95 516 314 741 0 1143 7112 1015 43 13 10 65 11 3274 97 0 0 1 3 76 3 577 664 230 1079 2486 30 37 6 68 108 27 17 420 19 0 9 861 199 0 0 0 0 0 0 0 0 0 1 0 4 2 1 12 16 7 2 20 11 19 12 23 7 5 1 3 2 0 2 1 0 2 66 2 92 5 1 83 96 15 14 24 2 5 5 10 0 53 63 4 3 7 1 0 7 0 0 2 4 0 3 0 0 11 5 14 19 7 5 2 2 2 2 2 30 3 3 58 6 9 59 5 0 8 8 0 2 9 0 0 16 5 0 0 0 3 0 0 0
43 6 7 4 43 16 17 4 1 7 3 10 6 419 1885 935 34 1361 20 38 22 39 26 51 19 10 75 445 374 110 258 8 84 755 164 127 188 69 7544 50 430 215 1725 9 112 189 167 3143 205 15 6 2 49 142 3 4 157 1241 736 218 4164 1164 7572 1194 6419 2 130 1015 4552 129 100 6 71 2 385 4931 1 0 6 1 27 3 99 66 25 37 11 50 280 67 791 233 11 78 2129 131 1 15 26 50 0 0 0 0 1 0 0 1 0 0 0 1 2 10 233 19 5 31 11 38 8 70 12 0 0 2 4 22 0 3 2 3 1 9 1 43 2 0 24 29 43 4 215 23 11 168 477 2 64 1507 1 54 186 5 0 275 12 4 3 7 3 14 0 4 21 5 262 545 160 40 6 8 20 15 214 921 10 10 2455 297 2 9 5 2 383 5 9 38 81 1 1 401 87 4 3 0 1 1 0 0
204 126 78 16 39 61 28 23 3 10 3 55 0 8 60 27 6 36 5 10 5 58 7 15 46 1 11 4 80 53 52 7 40 17 10 0 1 4 22 34 245 4 53 3 8 14 28 339 166 47 788 712 11 32 30 28 23 28 17 2 67 5043 794 68 37 1 50 43 129 9344 3343 15 19 4 83 174 7 0 11 10 3960 250 98 57 33 58 17 1119 568 102 201 1589 1217 3881 2070 46 4 4 26 8 0 0 0 0 0 0 0 2 0 0 0 1 0 0 4 2 0 1 0 3 1 2 1 2 0 0 2 1 0 0 1 0 1 9 0 5 1 0 2 0 0 3 0 4 12 23 13 2 3 10 1 642 478 5 2 72 499 160 286 571 2 0 0 0 5 1 2 29 87 17 3 1 2 2 63 8 226 338 220 11 2 18 22 0 18 16 413 118 1890 0 0 374 349 0 11 1 0 0 0 0
46 34 19 4 10 16 4 6 0 1 4 17 0 3 11 8 0 18 2 1 0 13 2 4 9 0 0 0 12 17 18 3 21 24 0 0 1 8 16 6 196 7 12 13 10 4 5 5462 35 57 4 10 4 7 2 4 2 26 5 4 30 2230 133 14 18 1 14 13 100 3343 3829 2 19 2 24 657 2 0 2 4 4936 145 9 4 8 15 8 1647 826 154 384 243 54 886 359 22 3 2 4 2 1 0 0 0 0 0 0 1 0 0 0 0 0 0 1 0 0 0 0 0 0 0 1 1 1 0 2 0 0 0 0 0 0 0 0 3 0 0 4 3 1 2 2 5 11 33 11 0 2 5 0 682 550 2 2 115 225 89 109 204 1 3 0 0 2 2 1 22 97 10 1 1 1 2 81 14 82 286 266 10 1 3 11 0 12 4 448 137 2066 0 1 498 337 1 5 0 0 1 0 0
125 67 90 29 193 285 131 59 525 328 1315 1618 58 5 4 0 12 4 6 8 182 285 21 2 26 1 1 0 124 125 113 216 3686 914 2 0 34 141 2 3 173 0 2 122 248 8 7 4 6 183 13 47 178 45 46 30 23 330 2 6 7 1 0 0 1 81 46 10 6 15 2 3892 3931 1050 659 12 6249 210 7961 11 76 108 118 45 90 28 2 41 27 69 28 63 25 5 15 1100 3935 975 39 25 39 14 264 169 21 183 9 56 21 47 311 696 1 0 7 5 0 5 18 3 22 22 18 177 42 17 29 1 1 2 33 1 301 2341 3 849 3 0 350 124 0 25 0 37 149 3 14 3 122 2 21 2 5 20 0 4 12 72 4 35 62 47 13 17 445 4 1 3 1 3 163 10 67 18 2 1 15 3 10 1 2122 1628 168 6 1 1272 8 7 23 4 145 3 7 77 320 32 76 4 1 6
52 11 8 6 47 39 9 0 28 8 8 78 96 18 6 3 40 128 41 17 492 853 160 9 140 1 10 4 67 37 51 18 2372 616 19 2 257 4380 5 19 366 3 33 2795 292 193 71 39 11 205 24 69 39 48 18 60 17 177 53 129 233 15 19 9 8 32 48 65 71 19 19 3931 13425 1793 165 313 1154 238 6789 15 58 102 202 96 256 104 8 54 54 99 588 47 20 5 32 182 111 44 116 10 12 5 39 26 24 28 1 11 0 8 38 76 34 11 24 81 62 51 203 31 321 245 238 250 83 54 131 6 7 11 29 6 93 2169 18 2153 58 14 2190 1375 15 275 22 29 181 22 25 2 1032 41 104 7 6 4 1 16 6 32 3 13 47 49 7 19 418 47 2 24 11 14 169 18 87 122 14 26 8 5 51 3 545 3260 539 18 6 905 6 9 14 6 78 12 12 74 47 14 97 6 1 25
12 12 9 5 6 14 7 2 92 18 18 111 1142 1 0 0 67 29 2111 33 38 39 5 0 9 0 0 0 13 4 6 10 186 46 4 0 37 251 1 4 31 0 1 1989 115 63 11 3 1 443 72 310 15 8 6 4 2 28 8 5 4 0 2 0 0 504 6 11 2 4 2 1050 1793 2143 24 3 2408 386 2694 83 77 675 24 11 29 6 0 168 40 165 24 13 5 3 4 10 1253 90 9 2 0 0 3 3 1 1 0 6 0 7 15 14 3 3 41 18 2 29 19 20 105 297 97 23 6 8 22 1 0 3 3 0 4 252 1 172 8 1 390 187 0 44 1 1 12 4 9 3 450 12 15 10 7 1 0 3 34 6 26 19 3 9 1 0 30 6 1 7 3 13 20 6 8 24 6 0 1 6 11 0 49 713 976 2 1 275 4 1 22 0 1 10 2 4 25 3 6 6 1 2
