22.604193446204 27.5622547089833 25.1485334984133 39.7680205607603 55.7665714823126 52.2117399028974 30.8052678312073 22.1027607075288 57.5515870846493 53.7923372868057 101.750410645096 75.0382120289492 0 115.796944936117 138.521714528402 125.18098449707 124.191474914551 208.565643310547 0 105.309043884277 121.989224082545 135.503540395576 105.124422709147 189.987261454264 159.244171142578 0 164.262496403285 125.790058135986 39.5899313012246 30.6770633828911 51.2271126271594 75.2600438735064 105.147011433837 105.310436757406 123.367721557617 104.68413734436 125.068920288086 121.185743967692 165.202008056641 212.170755386353 107.458253632522 159.720010757446 180.012599598278 215.352696736654 156.639821370443 167.79451751709 180.442701721191 180.530316162109 155.693549863754 188.043055607722 148.168571833323 164.420929476512 98.1850265756165 95.8297711632186 107.961920758088 112.626866449284 91.1800921630859 112.060526407682 141.81517791748 98.8930549621582 183.010530853271 183.508403233119 168.801530456543 166.983935038249 149.892484664917 191.069523620605 102.707772333114 168.513229878743 162.449560830759 179.043115354052 184.626471146293 110.022247192383 133.40609726539 142.77602259318 104.303497057157 176.184869161466 95.7099756701239 97.2694091796875 122.005814790726 153.937184651693 182.683288227428 179.797910649726 120.618459172829 108.716145028873 122.40799161444 135.758319756924 125.539376049507 189.674497643296 196.051400519037 197.734344482422 199.739988847212 157.176449376548 170.822460760517 171.891997130021 180.867114787199 73.5686839139914 80.1266627476133 57.2713020305634 152.649260282516 97.5620937836476 179.07372006503 193.075729370117 194.674465603299 191.479195731027 205.977267456055 193.661068256085 154.028749084473 144.143922659067 112.186256832547 135.150951454856 162.846376480595 180.031126467768 0 199.441909790039 0 0 171.477844238281 196.989013671875 184.295715332031 200.745491027832 0 181.013916015625 198.386016845703 175.01439666748 215.070922851562 186.740135192871 0 0 0 0 194.980476379395 0 171.729687839084 176.057270579094 0 186.528017380658 0 0 177.986505126953 175.73514175415 0 203.264175415039 199.818099975586 205.633346557617 194.299823760986 0 0 0 147.272059122721 227.296173095703 0 234.8264132413 240.181317138672 0 0 211.808898925781 208.019843606388 228.080326080322 196.531505878155 225.613417776007 217.182538986206 197.027450561523 158.351631164551 231.771102905273 174.46219450852 0 0 219.42504119873 0 219.933059692383 214.705434163411 0 160.336357116699 0 212.2275390625 217.120628356934 221.088066101074 230.778900146484 229.58434753418 226.667449951172 169.976447742838 178.736259460449 144.045608520508 0 0 150.9806640625 207.820930480957 205.860908508301 226.343276705061 0 212.961749737079 237.668126424154 222.166259765625 171.199760437012 142.993790317589 159.593273925781 197.20910949707 0 0 0
27.5622547089833 20.1939561538385 20.4042299663202 20.0590335562571 26.6613040764617 41.6750005103533 71.6305171753549 65.1538275406824 77.885915544298 62.8710897515673 77.4570502801375 53.8298723672753 165.649887084961 159.32559967041 208.128814697266 210.524032592773 0 216.573616027832 0 207.798756917318 122.768264212259 171.733245372772 194.175057729085 180.656890869141 201.077546255929 0 0 197.893890380859 92.6902757260337 20.5460116494702 42.6551166953411 98.5853060041155 126.655809710103 171.714834039862 161.239212036133 0 133.192314147949 182.260808944702 233.475570678711 222.942581176758 108.451781431158 171.97029876709 191.202536010742 237.470733642578 210.024780273438 225.436314900716 204.591598510742 186.206301175631 167.704391479492 200.433367047991 168.451861096667 177.190836186995 130.938769818876 119.995169735384 140.524428844452 120.047337585025 113.857123420352 148.152464548747 0 0 196.260604858398 195.926783243815 181.383834838867 181.433822631836 0 196.89363861084 108.438887542149 180.346474541558 169.683171590169 192.532215663365 193.112644868738 122.297951200115 179.148883472789 127.015867869059 166.788505111915 201.777045694987 107.554065704346 0 127.631956401624 188.69709777832 195.688775487693 192.929173060826 135.786543874113 115.22483615471 125.09943421963 134.804615020752 170.43551940918 199.453821241241 204.880258687337 205.904085795085 212.181116544283 168.092200146606 184.134991053531 183.831948952597 190.176686859131 102.903829574585 91.0923173838648 107.045641981711 177.683405558268 181.486913408552 191.619069417318 204.94130859375 200.699761211008 194.735807761168 193.675985717773 195.084756726416 172.142408098493 159.109650082058 200.823920510032 150.16118466652 169.122352100978 183.901598341922 0 0 0 0 0 0 0 0 0 0 0 194.215673446655 214.543296813965 247.536193847656 154.625823974609 0 0 0 224.000076293945 0 169.008720073294 174.423974829984 0 187.902326143705 0 0 195.435966491699 214.460311889648 0 190.589782714844 0 209.337536621094 195.037217981675 0 0 0 181.059143066406 0 0 243.455517578125 0 225.360412597656 0 235.013107299805 231.629608154297 238.046754625109 221.585252380371 234.724733792819 213.262237548828 222.025672064887 219.415594482422 205.772438049316 168.661150013317 241.048675537109 0 0 0 0 216.945846557617 0 174.681976318359 0 238.638610839844 0 229.619082132975 239.416720581055 0 0 167.877285963489 175.186809539795 0 242.486923217773 0 156.617815709376 206.336727142334 206.164703369141 237.324913718484 0 217.366350614108 240.677612304688 240.127723693848 177.863322864879 150.15689199111 181.565996442522 222.187469482422 208.617462158203 0 0
25.1485334984133 20.4042299663202 12.5885057470162 26.7792355748801 84.8216644784679 33.1301710092503 77.8853136427859 24.1733998922688 76.0657038418752 25.8779992240262 58.7405800631525 27.3556542413634 0 229.523574829102 217.78625793457 0 128.659271240234 219.992599487305 0 0 120.041464956183 147.763052567192 0 201.451507568359 180.442598342896 209.353973388672 235.448318481445 0 100.301181423664 86.891841008113 79.6887186971204 100.602626190186 126.604113888431 158.770069469105 0 0 119.117937723796 172.171264648438 189.272354125977 0 112.056008613273 194.791976928711 201.39932686942 161.383987426758 190.551048278809 198.961883544922 210.580062866211 200.361730303083 165.59448682997 194.326112747192 161.651069895426 182.740672673935 133.288992028487 121.208701195655 139.464676778825 125.756072345962 89.7956949869792 148.514021066519 0 0 195.886255900065 192.069128036499 163.201156616211 194.696746826172 0 0 111.065722248342 176.930419921875 183.584923880441 193.698856060322 190.163912321392 128.520265663995 173.447209358215 109.160743713379 171.262062766335 191.132202148438 104.064981174469 0 87.0741028707535 170.911560058594 196.684917501501 189.540642371544 139.096868136906 120.176955197987 130.551971829322 131.886584440867 178.774119059245 202.341573496334 204.637100024101 209.566394805908 218.469451904297 171.519313476425 182.958635457357 186.324821472168 191.617451032003 103.944729223484 87.1009090297573 101.283817432545 191.345124138726 189.955801391602 185.132970994519 213.581069946289 167.846185941736 197.256161059363 203.738090515137 193.023203706088 164.624771965875 164.013920254178 158.229366880475 145.195224285126 169.611522707925 182.041984116341 221.171859741211 0 0 0 0 0 0 0 177.468551635742 0 0 181.136180114746 197.17978922526 0 199.363990783691 0 0 0 205.457205200195 0 168.704976074219 175.023309242435 0 185.663128989083 0 0 193.03249613444 0 0 206.707206726074 0 193.516975402832 189.794302898905 0 210.040740966797 0 0 0 0 242.86745707194 0 229.849761962891 0 0 221.968966674805 233.083839416504 190.410118103027 235.013041178385 218.954089355469 219.20911916097 184.065970284598 218.777807617188 170.187605771151 0 0 230.681976318359 0 214.922134399414 218.159455148797 0 166.068697248186 0 0 0 236.613739013672 240.059727986654 0 0 169.487333284928 189.336029597691 170.971598307292 0 0 156.981781969572 227.642959594727 213.136596679688 236.786830357143 0 218.494239807129 232.607971191406 229.947875976562 180.694511413574 149.125735234075 168.288817530093 214.942587280273 193.733276367188 0 198.803268432617
39.7680205607603 20.0590335562571 26.7792355748801 9.87769057579646 15.6907101454438 18.8085867223967 93.2060611724853 81.7519207000732 88.5897047860282 72.6888536973433 69.2063083648682 14.9699631911235 0 217.5048828125 0 0 234.894561767578 0 0 0 124.469346698962 135.928243749282 204.132431030273 196.235473632812 157.01448059082 0 0 209.330596923828 93.7083524315103 38.6817663468813 27.1178205537408 95.0974785486857 109.991912991393 135.46745385064 0 0 95.3549041748047 0 0 224.529525756836 108.791170707811 128.866775512695 187.927145385742 200.796590169271 0 0 184.400352478027 179.942199707031 158.033122471401 0 164.366939838116 171.981745402018 138.062561035156 120.763440509175 145.910088094076 122.573683825406 71.0904607772827 169.428813934326 0 0 194.644012451172 194.521156311035 0 0 143.084499359131 0 108.025273503484 189.022190093994 191.050018310547 197.561745643616 194.958477020264 116.571625018942 171.226940155029 79.0998809814453 157.092401504517 190.802663167318 101.566992623465 0 0 0 197.708096943204 181.022160847982 136.947574824243 118.079320734197 120.644970737286 125.325999145508 197.604751586914 198.276157294379 205.437477805398 205.343012491862 199.971534729004 171.069006252289 178.881915943043 178.77957611084 183.390836927626 88.9935858045306 85.6068293762207 104.416401545207 136.217491149902 237.957733154297 190.027631487165 206.901931762695 197.620096969605 191.179803848267 195.469306945801 193.585889490639 158.342018127441 169.111643110003 179.144329833984 152.342194330125 167.013638916016 180.390828683036 0 0 240.698364257812 0 0 0 0 0 0 0 228.487106323242 176.703448486328 0 166.968505859375 0 0 0 0 196.062316894531 0 165.090612584894 169.004177746472 0 173.28408203125 0 0 188.95987701416 0 0 0 0 208.414362589518 211.576502482096 0 0 0 0 0 0 241.163864135742 0 211.661636352539 0 0 208.448089599609 214.247970581055 232.263259887695 0 214.990768432617 0 234.560516357422 171.385101318359 171.990490184111 0 0 0 0 0 213.162940979004 0 0 0 234.397933959961 0 0 0 0 0 165.188061540298 165.707496643066 0 0 0 159.127912597656 228.242797851562 0 246.025161743164 0 219.741477966309 248.217483520508 0 180.976078578404 148.955544114113 175.582135518392 220.985168457031 206.124816894531 0 0
55.7665714823126 26.6613040764617 84.8216644784679 15.6907101454438 16.75405548812 38.2790413697657 77.4050754787415 91.6432324611779 85.9361248016357 75.0391210498232 83.2556304931641 62.4601714689569 0 103.786309923444 98.6477723555131 95.9751930236816 85.6699396769206 0 87.1593551635742 0 100.464025670832 125.816313056536 101.419459751674 168.998321533203 147.375483703613 142.086624145508 148.472477722168 108.508903503418 65.8252915073076 35.6517285803717 24.3615995624963 43.8093681983743 69.7715429897197 76.0721324573864 144.218063354492 114.235618591309 85.9870105866463 106.238930646111 153.35099029541 204.166213989258 102.243235732234 159.891014099121 185.637074061802 147.736896514893 178.914413452148 0 173.765863037109 158.762933519151 148.091625976563 184.398010253906 157.383748810867 175.414014021556 122.66796719095 107.65964641416 131.927164602971 109.602876060887 47.9184189865709 65.1501064845494 97.0224609375 97.5712776184082 163.308435440063 172.411815643311 158.802781677246 126.998191833496 141.873761494954 0 66.5373050898571 135.510059992472 152.453555262366 181.459068102714 184.754209899902 85.3795031809436 99.0938120902853 104.784497578939 64.5035023168586 141.446051025391 96.2003161112467 0 93.4881772994995 143.408714294434 186.575266953056 194.774379730225 125.540058077118 104.34752117748 113.378169722124 112.775069205992 113.898883247375 190.26938401607 196.032550118186 183.674652099609 164.492453257243 157.966236557279 174.440812784831 177.444770411441 180.987344360352 26.726985245056 90.4512501469365 89.6417011708521 126.645576953888 31.3798180961609 185.256103515625 239.37126159668 197.061650594076 189.333057948521 176.257278442383 198.852607727051 151.591069539388 0 0 152.683498382568 170.199329833984 178.034009413286 0 0 0 0 197.957214355469 0 165.165016174316 178.535873413086 149.228561401367 167.827430725098 0 185.971973419189 216.911849975586 141.339996337891 0 0 0 186.263130187988 0 0 171.72817823622 174.679568227132 0 172.926636589898 0 0 168.516774495443 144.225830078125 0 0 195.076202392578 185.940086364746 181.42673034668 0 168.836502075195 0 153.283582687378 239.284049987793 0 241.369293212891 214.364265441895 205.254913330078 0 183.8935546875 205.611083984375 204.215911865234 214.194366455078 232.440981547038 222.937297821045 205.161514282227 189.86067199707 219.473251342773 161.811920166016 0 0 0 0 0 216.658218383789 0 158.775497436523 0 0 0 212.253082275391 223.386871337891 203.81351852417 0 162.704642085706 150.804002761841 0 0 0 157.974422454834 0 0 233.006262642997 0 205.712771606445 232.105194091797 0 155.521125793457 142.57790629069 171.006291707357 211.850242614746 0 0 0
52.2117399028974 41.6750005103533 33.1301710092503 18.8085867223967 38.2790413697657 15.8533079573772 83.9631632617396 57.4720892561243 73.5863537258572 43.5597860495249 49.2074563546095 28.7433688895859 0 137.61058139801 145.708395385742 217.567977905273 179.044906616211 230.955973307292 0 221.970947265625 103.363519039351 126.686144039331 87.6649520874023 198.794784545898 154.050630569458 0 159.196952819824 100.430210113525 84.1945156819757 47.7968693745481 41.8747042395542 20.1570979683842 45.2876799972241 99.8169481104071 187.340255737305 84.15869140625 125.792452812195 120.912066650391 167.327087402344 174.739013671875 100.123033172206 140.021368026733 194.928817749023 187.886016845703 198.930440266927 0 180.330127716064 181.450010819869 159.880992344448 205.719797770182 158.927527602838 175.910701179504 133.849323624059 121.539146323999 138.798104422433 112.473603002036 81.0784274881536 120.618008575439 105.608421325684 0 185.298156738281 191.039558410645 195.897265625 168.36213684082 156.577379226685 0 103.949478731811 162.138564215766 144.653453826904 193.687008967165 183.671374320984 84.6168443378649 120.815769195557 92.4782229832241 123.684614034799 193.918570995331 96.6957323074341 0 73.6095805168152 178.404205322266 194.035017225477 188.435510423448 134.435323020216 114.405658310614 118.578907166346 117.688599499789 145.119702657064 195.852306742064 197.713146522397 197.041167039138 191.277331542969 164.99712116043 178.225556901358 182.937088012695 187.458836755087 25.7137531268186 71.4203187242339 97.7622641835894 133.934672486548 126.34074083964 182.477432250977 216.233417510986 190.651870278751 185.788015577528 174.70814259847 183.182375739602 163.204316880968 168.139190292358 174.898623875209 138.438125504388 160.455724249946 172.757689095399 0 0 0 0 0 0 139.582763671875 0 172.437110900879 0 0 172.666234970093 176.489344278971 168.282791137695 131.092361450195 0 0 0 195.341273716518 0 157.701168575802 164.18924631971 0 162.656042383072 0 0 164.877490573459 168.056562423706 0 0 0 198.966252644857 172.701099395752 0 0 0 150.910095214844 0 0 248.488052368164 232.360832214355 209.208847045898 0 182.201263427734 193.877975463867 228.828099300987 206.641422271729 234.88283429827 215.565756225586 209.933023071289 205.545893351237 218.125584920247 160.56560643514 199.927391052246 0 228.905456542969 0 0 204.848844604492 0 170.942134857178 0 242.68342590332 190.610687255859 230.198463439941 225.344914754232 242.571395874023 0 158.739094257355 147.657860095684 158.787231445312 0 0 139.553135830423 218.071594238281 0 229.537580049955 0 211.11296081543 0 223.947044372559 166.309941609701 139.603860299798 172.944887014536 209.248437064035 0 0 0
30.8052678312073 71.6305171753549 77.8853136427859 93.2060611724853 77.4050754787415 83.9631632617396 14.0950787915413 23.5317042538212 22.6414472374896 36.4824414651928 56.9590170366051 85.1470444361369 67.1324310302734 121.506219482422 112.96361541748 120.810424804688 0 0 0 0 126.506362915039 126.019505818685 85.6127471923828 0 151.871765136719 0 154.207623799642 175.513496398926 29.1252300073707 62.2190243439656 70.7335556800212 74.3014384049636 101.239612825455 93.572147662823 91.2682037353516 101.441465759277 109.946535746257 119.855971018473 0 165.470718383789 98.7186114367317 0 204.610748291016 181.94140625 99.6233825683594 0 197.311111450195 183.687723795573 143.262599945068 147.459177017212 121.441034624653 140.911051663485 72.3832042445181 64.8281578109625 80.9298620498218 113.75780359904 100.283710479736 83.3722972869873 112.537815093994 89.4704818725586 143.168169657389 144.938568115234 169.152420043945 156.410400390625 148.973960876465 106.946635654994 107.44315442172 140.046295166016 155.175099092371 156.012087140765 170.210857391357 80.9293789171991 110.488666110569 72.7792745317732 87.6664929465642 166.402557373047 48.0240004486239 58.6265487670898 82.0932418823242 118.021221160889 160.274191101985 158.428245544434 91.0319174942925 104.595695495605 125.059854125977 142.541063944499 99.2976959228516 160.279868630802 181.709797252308 158.087100219727 207.093048095703 125.371086808972 141.961994104218 171.683631896973 191.509765625 78.9110211984095 30.0981635789916 28.8705932835846 143.905688476562 104.174315452576 144.330574035645 0 180.200274658203 219.506958007812 0 0 103.339862823486 99.3431510925293 156.916549682617 97.7642478942871 158.967514038086 153.525333658854 0 0 0 0 0 210.083953857422 0 0 159.661224365234 135.558197021484 0 186.521514892578 0 0 0 0 0 0 0 0 200.656059265137 175.811928219265 0 171.099291483561 0 0 169.882064819336 161.06156539917 0 169.560928344727 198.953262329102 183.884567260742 160.120910644531 0 0 0 0 198.279876708984 0 217.710372924805 0 0 0 0 206.77269744873 0 191.890365600586 200.458453369141 0 0 0 0 185.164896647135 0 0 0 0 0 186.692367553711 0 0 0 0 164.40168762207 215.221944173177 222.883682250977 240.677536010742 0 163.434794616699 173.047544206892 0 0 0 123.109474182129 175.886795043945 0 213.285236358643 0 193.119338989258 204.81721496582 0 0 100.420918273926 96.5440063476562 0 0 0 0
22.1027607075288 65.1538275406824 24.1733998922688 81.7519207000732 91.6432324611779 57.4720892561243 23.5317042538212 13.7795396636732 20.2612125619053 14.5635008463771 46.1708922886957 54.2672343592998 0 186.264846801758 0 0 0 0 0 0 135.116012573242 160.666567993164 129.39203898112 200.764450073242 134.246696472168 0 180.304885864258 0 74.5797405413219 69.792056576959 86.096784097177 94.93958568573 108.14283842199 117.604029846191 0 0 119.817100524902 0 0 0 106.238409651087 0 156.37882232666 238.426605224609 109.748039245605 0 214.108421325684 152.475570678711 0 148.628818935818 124.829034888226 150.369738192172 88.6742247735429 83.4236386530228 97.4232480449061 117.623003387451 89.5143356323242 143.705906867981 0 0 200.75895690918 181.765518188477 184.181076049805 208.080444335938 166.991714477539 112.812578837077 104.930522625263 141.285623550415 172.039207458496 162.443673175314 176.711504618327 87.2052198507018 0 118.408054351807 131.618329467773 168.806869506836 62.9358891454236 0 66.8099616266066 146.559089660645 170.794493442112 163.819540841239 102.025821813334 114.403945465088 123.317105745014 142.265510559082 150.609909057617 172.184725952148 180.960713106043 181.468197631836 0 139.284233616848 151.020896487766 157.516241455078 168.084293910435 102.135231790088 35.7925008562243 44.8341795535217 161.162147521973 123.83179473877 136.752265930176 0 191.861618041992 213.090199788411 0 185.297893948025 143.216313680013 135.001614888509 26.5465281926669 128.572315562855 162.438118965395 184.01960255016 0 0 0 0 0 0 151.078262329102 0 170.983383178711 0 137.491409301758 0 0 0 0 0 0 0 228.408645629883 0 170.577112051157 176.093192418416 0 191.431045532227 0 241.798187255859 0 196.050811767578 0 0 0 221.797927856445 208.873168945312 0 0 0 116.451721191406 0 0 0 0 246.314056396484 0 0 207.88264465332 209.86693572998 186.443883260091 214.731300354004 0 208.089340209961 114.669288635254 0 174.479913711548 0 0 0 0 0 226.854614257812 0 0 0 0 0 212.910972595215 213.332901000977 0 0 177.640848192118 185.588508605957 0 0 0 162.475717163086 176.131904602051 0 227.677241007487 0 230.295562744141 0 0 0 135.335193047157 143.041496276855 0 0 0 0
57.5515870846493 77.885915544298 76.0657038418752 88.5897047860282 85.9361248016357 73.5863537258572 22.6414472374896 20.2612125619053 6.7018437931935 23.0264349897143 42.1045714425217 66.1145958878342 78.8332705290421 0 0 0 0 0 0 0 0 106.863740539551 140.361358642578 0 155.920791625977 0 0 0 66.9959846496582 70.7267812093099 102.39096723284 63.9615818370472 71.3421006338937 67.4812456766764 0 0 0 72.3143463134766 0 0 116.472764587402 0 0 88.6057019233704 89.8532556027782 94.210147857666 0 152.499893188477 0 106.777359725645 160.916643778483 156.851235558005 68.3880704120525 78.6302966582469 86.5151232551126 144.726860046387 84.0386161804199 87.277530670166 0 0 0 156.93000793457 0 0 159.063247680664 78.2152172354765 107.130249023438 0 213.911331176758 150.84646097819 0 57.8669716971261 86.5369783129011 51.8670019896134 90.8078133719308 197.833831787109 34.8364987206041 54.9302525520325 63.7385421830781 132.854037358211 171.90434506065 123.124061107635 103.291284370422 114.842796325684 129.817202758789 105.214073181152 0 147.487870483398 151.322988237653 125.220811670477 115.673269271851 151.406107815829 134.173647562663 140.660171508789 139.007385253906 90.2602240463783 19.2963362944326 20.0196738156142 151.523178100586 114.959419250488 0 0 181.85901260376 153.184104919434 0 170.172721862793 165.295288085938 0 129.167851765951 90.2036158243815 165.427368164062 157.900815523588 121.895812988281 0 0 105.476989746094 0 104.873134613037 142.3134765625 0 133.543778419495 114.686230586125 109.809452819824 196.093338012695 0 0 0 0 0 0 0 0 112.681415557861 167.168470683851 0 124.694141387939 0 0 118.375389099121 136.385262489319 0 121.394393920898 0 0 0 197.416229248047 0 0 98.191967010498 169.110514322917 0 197.516571044922 196.659896850586 0 0 0 204.981636047363 191.951278686523 197.338259887695 215.00700378418 235.254608154297 0 0 0 132.285474141439 0 0 182.453289794922 0 0 0 0 151.122161865234 0 0 0 203.488090515137 0 197.415396118164 191.88102722168 161.764987598766 122.622939369895 58.8355201721191 0 0 115.320398603167 0 141.468673706055 214.886340332031 0 0 208.518070220947 188.657180786133 145.418380737305 87.4335436139788 132.070622762044 0 0 0 0
53.7923372868057 62.8710897515673 25.8779992240262 72.6888536973433 75.0391210498232 43.5597860495249 36.4824414651928 14.5635008463771 23.0264349897143 12.0374471520626 21.3947527211065 28.0979830026447 107.796104431152 0 0 0 172.667190551758 214.03938293457 0 0 138.93578338623 138.462290445964 146.007789611816 0 166.641269683838 0 0 0 76.8392988677718 67.5436735268099 69.9944768834997 99.7487427393595 86.1766891814115 96.4264856974284 0 0 122.669631958008 246.63037109375 0 179.522384643555 95.9028913419541 0 134.119289398193 70.4836730957031 112.386045355546 0 0 165.657541910807 121.801989237467 124.512852260045 138.477522043081 155.103448867798 85.9920568535798 94.2639307657878 98.9583648681641 95.8208622932434 0 164.914848327637 0 0 0 0 224.211029052734 0 146.114822387695 130.466380310059 78.6524381637573 0 182.385611397879 158.003691101074 183.36100769043 55.8088285050741 162.165603637695 68.7722969055176 124.455991744995 0 44.4932622253031 57.4425926208496 40.4940559012549 0 166.507431302752 144.431719970703 109.631587127159 103.573622341814 124.332165309361 133.368934631348 0 181.120809701773 189.615707397461 139.356456211635 188.919850667318 135.407966931661 157.592450995194 166.683659871419 162.359588623047 85.2574234728543 21.2257618065101 43.8307220786226 169.27033996582 0 135.115235548753 0 156.396356731912 153.467016674223 168.386077880859 152.919890792282 117.49190379298 108.117536310564 89.235518346753 94.8350802566925 125.911036494837 141.025956786505 0 0 0 0 0 123.6787109375 172.175277709961 0 0 143.141543070475 138.524887084961 191.17756652832 210.415924072266 0 204.448654174805 0 0 0 170.679092407227 0 138.126531288841 142.256364313761 0 161.231661987305 0 0 136.652877807617 148.151336669922 0 0 0 162.799987792969 193.373756408691 0 136.708118438721 0 135.631629943848 0 0 0 0 212.410888671875 0 0 188.573287963867 207.631619771322 184.894927978516 205.523324584961 192.803966522217 150.041754289107 139.956359863281 122.853335062663 128.496737670898 0 203.971435546875 0 0 182.030715942383 190.997025709886 0 138.174123128255 0 0 0 182.073867797852 194.656661987305 173.49267578125 0 140.121983473642 168.151698521205 73.99595896403 0 0 128.337709935506 0 0 197.409362792969 0 193.934820556641 199.82795715332 226.187484741211 140.31901550293 96.1759543749751 110.170042000565 210.56763458252 142.460205078125 0 0
101.750410645096 77.4570502801375 58.7405800631525 69.2063083648682 83.2556304931641 49.2074563546095 56.9590170366051 46.1708922886957 42.1045714425217 21.3947527211065 8.50588206862284 18.0737039219335 0 0 0 0 0 0 0 0 97.1998926798503 92.5927251180013 0 0 0 0 0 0 96.9346417018345 99.7977068764823 122.835603986468 77.3358516693115 80.2527318000793 173.03796005249 0 0 161.956192016602 0 0 0 98.565592956543 0 205.772308349609 0 116.86319732666 0 0 170.237350463867 195.919097900391 146.395065307617 147.138854980469 171.163706461589 101.337908638848 102.425631205241 120.224020385742 107.308486938477 0 173.443580627441 0 0 0 0 231.635177612305 0 0 114.093223571777 85.5279737200056 0 145.2429784139 180.774983723958 190.838722229004 18.1954687038755 192.071221828461 62.2038269042969 117.022809164865 0 31.9381410204366 75.636526743571 53.8256293409359 0 178.846605573382 148.215250015259 121.487596321106 118.733697679308 104.703577677409 104.123016357422 0 176.552265712193 199.591827392578 143.071172078451 177.149230957031 145.296007792155 165.080372619629 195.54224395752 0 53.3813079931797 27.7115882681088 66.4615235659951 134.464416503906 160.039108276367 156.316049749201 184.813023885091 164.79600998451 162.010315023443 166.514393276638 159.312762679341 140.451693304654 127.817965406053 150.321499294705 109.61687864951 132.01705849742 147.227065457148 0 0 0 0 0 0 0 146.877853393555 0 0 0 131.002614339193 153.107471466064 0 155.133293151855 0 0 0 194.071006774902 0 134.978647898479 137.469210245077 0 135.38191986084 0 0 136.527309417725 120.062927246094 0 0 0 165.196605682373 164.19021097819 0 173.353729248047 0 157.766670227051 0 155.884948730469 245.371734619141 0 187.323496500651 0 174.386291503906 237.116333007812 198.485538482666 0 237.382064819336 194.915205955505 191.681713104248 142.376640319824 202.702949523926 132.76175366026 0 0 0 0 0 185.107839796278 0 138.316709245954 0 0 0 224.816261291504 231.098098754883 0 0 134.057529773588 123.530261113093 85.7089738845825 239.838973999023 0 114.581556035184 225.187881469727 0 216.147941589355 0 192.690550910102 0 220.256317138672 147.95575205485 109.715113811611 127.409307626578 165.131246948242 151.818069458008 0 184.471740722656
75.0382120289492 53.8298723672753 27.3556542413634 14.9699631911235 62.4601714689569 28.7433688895859 85.1470444361369 54.2672343592998 66.1145958878342 28.0979830026447 18.0737039219335 15.762885889073 136.024276733398 124.638036727905 155.273358154297 218.787653605143 186.644828796387 183.13419342041 0 224.393432617188 106.831924913458 115.157196393694 97.258837890625 0 155.847797559655 109.438003540039 194.2021484375 117.12818145752 104.226684735272 81.0735993883173 68.192791551413 37.6725691826113 20.5072407942145 52.893806102664 210.04216003418 230.995887756348 191.442835235596 170.117088317871 0 207.979656219482 108.100026484898 0 207.676523844401 205.714196777344 122.894983927409 247.112838745117 189.988174438477 207.402437845866 161.927447509766 162.266258239746 165.633793785459 184.538652532241 128.368250165667 128.761049399699 143.111598393688 120.275825157166 106.524108886719 67.1787021023104 0 0 156.222328186035 194.461661202567 197.568812052409 0 157.687202453613 116.635682678223 109.390790965459 167.391024180821 160.431021881104 195.033302168413 194.757800831514 46.2951854602958 76.8065363566081 77.1521863507795 75.6353205980039 192.693906402588 57.1979336580892 93.2121391296387 31.4728644324525 187.275843302409 197.860824529675 193.974555969238 140.568603853385 118.581196839328 125.877042446007 116.4797684677 189.367639160156 205.326310761121 207.805943489075 204.475778753107 190.561747074127 170.872442180927 187.854787985484 195.43282734264 192.623760007462 54.3624748616233 53.8805971012212 88.5022451538695 134.981266957409 85.1045424143473 179.281443487738 189.632568359375 182.700220604905 181.680361551531 176.026052669603 179.562792876671 152.826667522562 155.288658089108 168.597807600692 133.50413082996 153.873405612101 167.1896157563 0 0 177.802047729492 0 0 151.264144897461 0 183.859069824219 171.901184082031 175.392372131348 0 165.026989498654 180.628879801432 152.85599009196 143.32495431339 0 182.686930338542 0 192.489578739289 166.416667938232 150.893763495742 152.240060898565 0 149.122868353579 0 0 157.725761939739 174.23073049692 0 178.056925455729 190.611190795898 188.7478451199 166.524481679879 0 155.736588287354 174.638870239258 165.818508148193 193.940521240234 235.212661743164 245.270309448242 0 207.788022867839 0 199.759155273438 235.390830300071 223.922535822942 218.266825358073 235.447665744358 205.581092723902 197.978807802554 194.626224020253 203.270058525933 149.776765451343 226.633316040039 0 218.928977966309 0 152.775932312012 195.621479000665 216.498163859049 154.623877913864 194.332290649414 0 232.678092956543 235.324460710798 242.194590250651 204.546905517578 0 149.764337793332 138.124100145443 132.067844390869 197.443730672201 0 129.574175791307 212.077491760254 165.5126953125 241.540491277521 181.293640136719 202.411152993479 0 227.758150736491 165.925951505962 132.3825509703 158.424889597399 186.565774616442 215.622509002686 0 189.910227457682
0 165.649887084961 0 0 0 0 67.1324310302734 0 78.8332705290421 107.796104431152 0 136.024276733398 11.8462151802512 0 193.484252929688 156.36213684082 43.7641751938972 26.2773407137538 31.3354964086793 51.3394593212092 0 0 0 83.5790596008301 0 0 62.4528541564941 170.60933303833 0 0 0 0 59.6452674865723 0 0 0 49.8571713765462 60.9846098407421 96.3689943949382 0 143.158004760742 101.41577911377 91.5554695129395 30.193966089495 15.0791894746277 17.4849171320704 0 0 0 49.9130934890436 0 110.121000671387 126.761276245117 0 0 0 0 0 0 0 143.9033203125 0 59.4363212585449 90.9984445571899 90.2748764038086 24.6777986361517 0 0 107.172356287638 0 0 76.1584949493408 74.1091452042262 29.3566343053627 0 121.647782643636 58.5185536970516 13.8320778857221 62.3143321720101 75.1295127868652 119.893745422363 75.6957197750316 0 0 0 0 0 117.292573928833 83.2135803222656 68.6632265890798 71.2134446210639 105.920684814453 0 0 127.017951965332 0 69.252368344201 101.534271093515 0 0 0 0 0 0 0 0 0 0 0 127.570045471191 155.869552612305 145.284957885742 121.851837158203 94.7882472850658 73.3966649725363 108.181162697928 108.676513671875 98.6149493267662 108.7847769601 89.5525260671209 116.459941137405 95.5790958898942 106.166204214096 0 0 0 0 101.296895708357 0 99.1489590731534 0 0 0 121.215236663818 0 147.743593215942 0 0 117.523753551727 114.75958182595 86.1585560741041 0 96.6715322552305 93.5650329589844 0 108.451329549154 73.5000031020615 64.9286300114223 89.3012205826609 88.1908334992531 0 0 157.596871948242 0 0 108.887468338013 160.278388977051 0 0 0 0 0 0 0 123.764317830404 0 77.3563412753018 124.890145674996 109.85525004069 37.991366944662 211.895004272461 0 0 0 150.899360656738 95.8484138039982 0 0 99.2086160697189 91.6023788452148 0 133.987761179606 44.7765056732668 118.785263061523 89.2968597412109 119.038818359375 162.790954589844 112.955375671387 147.414851379395 0 0 134.346668243408 149.938079833984 0 0 0 0 0 0 0
115.796944936117 159.32559967041 229.523574829102 217.5048828125 103.786309923444 137.61058139801 121.506219482422 186.264846801758 0 0 0 124.638036727905 0 17.5412235550375 16.3128029121423 45.7733971539237 101.860698572795 64.6324960188432 84.5429472923279 77.2688056945801 79.1302436090285 87.4770163333777 64.6084134145216 90.5034294128418 98.9138488769531 88.8435096740723 30.3486483920027 36.6991231210584 114.957727682711 110.631966767488 78.4281391764796 61.7719745635986 91.6993822617964 63.3387437421222 37.2207399270572 28.2344236389725 42.5358913013701 85.8862424577985 60.9690970891639 56.3440419943436 78.8641236661567 79.3584663485303 95.4205746264071 96.608659362793 83.4314575195312 103.572109222412 74.3510776308913 113.628459215164 100.888882700602 148.785949707031 0 0 159.461748395647 146.983271280924 176.395217895508 215.547958374023 101.611946692834 60.4221664802595 44.2637418841803 37.4627802031381 84.3359137262617 122.636436843872 101.270657041798 72.551364357407 67.4677532969067 0 121.664865691086 74.7100359100656 80.7646031891816 155.765303611755 145.435099283854 139.534628295898 119.406133863661 123.157821655273 77.5929610754854 101.561984931098 177.381042480469 0 128.9638671875 0 191.705917358398 0 159.635939788818 141.614675081693 134.411473274231 157.251637776693 83.2652435302734 186.929590861003 156.652559552874 148.291160583496 130.926725705465 123.150237635562 247.366607666016 134.891076660156 110.661854171753 85.3136124482026 0 123.969753265381 116.326469421387 98.6483561197917 0 0 0 0 0 0 0 0 0 0 0 0 131.607986450195 127.719898570668 128.189496820623 123.777311667418 123.600299835205 121.170502471924 124.143963438092 134.726555116715 132.798927612305 133.905026823899 123.718467303685 133.011868794759 145.834930419922 119.658174133301 110.631569998605 156.543460083008 124.10499420166 152.576058607835 197.464553833008 0 127.35620880127 137.823801803589 129.652194976807 132.9499551985 129.4427763995 110.26961517334 127.640497085896 133.826884746552 125.694973415799 131.440838517814 154.23992729187 156.852279663086 141.948642730713 183.517953491211 126.644540786743 0 109.174638366699 146.535413188319 135.316347503662 202.979057312012 203.155708312988 0 0 164.730097452799 0 0 0 0 0 199.425099690755 196.563720703125 0 137.516275579279 136.778007507324 131.580291748047 158.023365221525 171.562286376953 0 165.723724365234 148.733467102051 193.69123840332 135.638451894124 180.906666346959 151.337597773625 0 0 167.667495727539 186.105824788411 209.569412231445 118.609306042011 101.949094136556 0 173.118357340495 102.009380340576 0 0 177.059463500977 162.405120849609 189.879379272461 181.211215209961 166.494094848633 147.154281616211 0 0 159.48307800293 0 0 140.855270385742
138.521714528402 208.128814697266 217.78625793457 0 98.6477723555131 145.708395385742 112.96361541748 0 0 0 0 155.273358154297 193.484252929688 16.3128029121423 8.57016879532292 24.4503627705972 13.8833220056866 30.203791434754 47.6823619086787 15.8171697775523 76.8944155011858 109.631854057312 63.3801146659298 84.3222892975139 126.29679022895 93.6328134082613 41.3728014960009 30.344154302035 114.940462350845 108.065761566162 86.3733943515354 71.6811981201172 94.3393405033992 70.7735133268395 40.0583274948886 30.3907076953538 26.1715032060941 100.809197859331 41.7244733299724 68.4291133216291 76.8145966576843 72.0567013699075 88.349415674048 169.562141418457 132.028832117716 108.37407070253 80.7302393651271 110.700230241858 96.5978103906066 151.964859008789 218.375625610352 190.887969970703 158.94864654541 167.447969981602 161.533126831055 139.786270141602 101.322158813477 64.7302053640555 63.9066848712021 48.8426971809537 62.8586732393288 112.247311243935 88.6377989095408 71.9728580362656 58.5294277816424 0 121.178219477336 75.7548816798448 65.1900848692229 121.432309214274 131.237632057884 120.239278793335 140.549357096354 0 86.6631244477772 83.4881685458548 136.82963180542 0 0 0 162.004742431641 0 169.741467793783 171.055795033773 155.859958012899 175.122644042969 154.44856262207 146.501370239258 142.37766781101 131.77840423584 122.561897771499 114.36304879622 160.442239379883 118.332221691425 98.6280460161032 95.7635741695281 195.193710327148 119.191586303711 154.294342041016 84.8338184356689 0 0 0 0 0 0 0 114.264366149902 0 0 0 0 117.010451403531 111.965389027315 107.619865108181 111.068740091206 120.992330932617 117.171193775378 117.886162510625 120.132748310383 123.780088562896 121.00415817322 115.871297311092 151.036042349679 149.950988769531 103.643067932129 107.316984558105 140.143369260042 106.957514953613 126.666355678013 188.015258789062 0 146.472640991211 137.9782371521 137.149035135905 136.133110046387 118.768354058266 114.770805358887 133.846493141324 124.709237548127 113.413873924399 118.915617707488 125.236152122761 0 137.97146987915 161.714619106717 131.249494664809 90.8818740844727 106.263102722168 125.786342102804 133.59140920639 186.036985397339 167.429011418269 203.605590820312 0 146.902550379435 172.04345703125 154.793609619141 179.249816894531 0 0 183.315038045247 0 0 140.527208328247 126.035014629364 124.360476567195 147.212221781413 159.442559814453 142.815876552037 157.889617919922 146.229225158691 225.686065673828 131.932864379883 176.4931640625 136.300222462621 0 0 153.153554501741 143.68950398763 139.512084960938 120.232487148709 86.9589099884033 235.796447753906 150.342913818359 99.4113540649414 0 179.46076965332 194.991711425781 0 184.236343383789 172.282244528494 176.683572387695 166.353791809082 127.885246276855 0 145.291198730469 133.686798095703 0 0
125.18098449707 210.524032592773 0 0 95.9751930236816 217.567977905273 120.810424804688 0 0 0 0 218.787653605143 156.36213684082 45.7733971539237 24.4503627705972 11.2170726552107 49.1176095803579 19.057218047037 20.1200939648393 25.6546409502625 113.138473510742 127.271383285522 74.6844564437866 87.1969035863876 124.836196899414 102.985328674316 58.7979360958477 20.6329305664068 133.946524620056 161.971176147461 104.50513785226 0 143.312335968018 84.2048069347035 67.1243171368615 45.1726178671863 42.6449250910017 89.6532144546509 20.305690316418 90.8931894013376 76.6329062440249 69.4993479156494 86.9610098031851 129.91726175944 110.350939941406 73.2627480400933 94.4058901468913 103.834427987376 91.7539273278188 141.012405395508 0 0 176.970916748047 189.570654296875 0 0 203.511795043945 81.4272895481275 82.0319013055765 52.4449458652072 56.8412745097327 106.585117964311 91.1837416135348 74.7825035367693 59.1615656561049 0 181.582494099935 105.325579071045 62.1968115169097 116.490833988896 116.757044792175 0 208.440200805664 0 105.619254642063 76.906822279023 0 0 0 0 135.055323791504 0 191.039936828613 183.605585734049 170.470474243164 157.628852844238 0 139.627057002141 143.83495963888 128.987620960582 114.742876726038 104.255036449432 0 119.934058189392 95.5272365042834 87.6562881469727 0 0 119.477966308594 0 0 0 0 0 0 0 0 104.098445892334 0 0 0 0 111.733201512751 107.66413181233 103.695653321313 111.198917388916 120.634213765462 113.905456614272 120.872790018717 111.679628006136 123.068271370821 114.649133144632 113.413512937484 111.245864868164 0 114.33224995931 102.017214457194 139.127654464157 110.236643371582 115.781717422161 0 0 0 175.473510742188 123.062881469727 126.495229085286 111.673132106236 101.936358133952 128.628300476074 117.389758300781 108.271707476992 113.516749041421 120.567869671321 117.497116088867 133.85835647583 139.099119706587 105.080401701086 119.812477111816 96.7022063181951 123.557693408784 115.752647399902 188.664199829102 176.295600891113 0 0 138.828427124023 0 0 0 0 0 0 0 0 119.391059875488 144.49877166748 121.842583550347 139.058212562844 159.182486397879 122.59104347229 241.212036132812 142.385192871094 0 162.167193094889 154.323284573025 139.945411173503 0 0 153.070231697776 162.374267578125 0 124.618190220424 60.5826482772827 0 161.985610961914 86.4651429918077 155.010452270508 132.137069702148 0 0 0 189.875997543335 196.950740814209 0 104.754827880859 0 0 0 0 0
