16465 5402 8824 2166 999 891 9297 10784 46 7771 25 78 0 0 0 0 1 0 0 1 87 44 2 2 8 1 3 2 2943 15736 338 83 48 11 0 0 0 2 0 0 800 6 12 2 1 0 6 5 6 1 28 144 873 838 334 193 65 17 2 1 1 9 4 0 1 1 398 7 3 23 18 41 37 34 48 6 30 0 14 5 59 2 764 350 384 326 6 24 9 0 2 103 44 14 13 175 24 2612 19 3 3 1 33 35 1 35 2 10 4 13 43 15 0 0 0 0 3 2 1 0 3 3 0 2 0 0 0 0 0 0 12 1 8 32 8 30 0 1 7 9 0 0 0 2 7 1 0 0 2 0 0 1 4 0 0 0 1 2 0 1 5 1 0 0 18 4 0 0 0 1 11 6 5 6 0 0 1 0 0 0 19 18 8 0 0 6 1 2 1 0 4 0 2 11 21 4 5 0 0 0
5402 8426 530 5863 1450 988 30 38 0 234 38 41 0 0 0 0 0 0 1 1 55 23 1 0 5 1 1 0 103 1818 263 11 6 3 0 0 0 4 0 0 220 0 3 0 1 0 1 1 2 0 2 16 56 58 22 38 20 3 0 0 0 0 0 0 0 0 57 1 2 2 1 30 11 12 10 1 6 0 3 0 8 1 93 46 114 86 0 0 2 0 1 13 5 8 0 16 18 40 9 0 2 3 24 27 1 49 3 4 4 15 56 26 0 0 0 0 1 0 0 0 0 0 0 2 0 0 1 0 0 0 10 1 13 23 2 16 0 0 3 3 0 0 0 1 12 0 0 0 0 0 0 0 0 0 0 0 1 2 0 0 3 3 1 2 10 0 0 0 0 0 8 7 3 2 0 2 0 0 1 0 36 9 1 1 0 9 0 1 1 1 8 0 0 11 29 3 6 0 0 1
8824 530 4784 3767 169 4635 327 4359 9 7755 821 10128 0 0 2 2 1 0 2 3 121 91 4 1 4 0 2 0 244 1067 48 43 43 3 0 0 2 6 0 0 505 1 3 2 1 1 5 2 5 2 10 38 206 213 112 77 41 11 0 1 1 2 2 2 2 0 162 8 0 4 8 167 20 64 27 4 47 0 21 0 20 3 254 129 269 172 2 5 7 0 4 45 23 7 6 40 270 276 18 5 21 13 240 341 22 367 17 34 59 134 544 266 0 1 0 1 4 2 3 2 1 1 0 6 1 0 3 0 0 0 58 5 97 150 14 92 0 0 13 14 3 1 0 14 64 0 3 0 6 4 2 0 1 1 0 4 5 7 2 1 21 17 3 4 70 4 1 0 0 2 41 21 32 14 0 0 5 0 7 0 243 50 36 7 1 52 5 1 3 2 52 3 2 48 271 23 19 2 1 0
2166 5863 3767 13474 5646 20623 42 34 4 576 372 764 0 0 4 0 1 0 1 0 186 129 2 1 4 0 2 1 189 3385 224 54 50 4 0 0 1 6 0 2 488 1 3 1 1 2 5 3 10 0 9 29 127 135 71 85 75 22 2 0 0 0 2 1 2 1 94 7 7 5 6 217 33 66 29 1 50 0 13 0 13 0 206 121 316 190 5 4 2 1 1 33 6 6 2 36 149 103 22 2 19 17 176 309 18 256 9 20 42 91 408 168 0 0 1 0 2 0 3 2 2 1 2 7 1 3 1 0 0 1 46 5 93 128 19 100 0 2 20 11 1 1 0 12 61 0 1 0 2 2 3 0 3 0 0 0 4 3 0 1 16 27 3 6 76 5 0 1 0 0 35 25 22 19 2 0 7 0 0 0 199 28 19 2 0 32 3 0 5 4 37 1 0 63 174 13 24 2 0 1
999 1450 169 5646 14163 8904 270 64 3 200 378 2880 0 2 4 4 3 2 2 2 278 287 8 1 13 1 3 6 1166 7806 5960 6409 777 63 1 0 4 12 3 2 515 0 4 2 0 2 5 6 14 0 14 27 216 224 106 87 835 118 0 1 2 5 10 1 4 2 245 15 13 6 7 516 208 127 215 2 67 1 35 0 23 0 294 174 481 222 6 7 1 1 6 34 18 8 7 4576 210 393 40 14 18 13 151 229 10 200 4 19 25 62 296 119 1 2 0 1 7 0 1 2 1 2 1 6 1 1 2 2 0 1 81 5 92 130 19 96 1 1 22 21 1 3 1 10 64 0 1 0 9 4 5 0 2 5 0 0 5 5 0 8 18 18 2 3 73 3 0 2 0 0 40 31 22 11 0 0 2 0 5 1 182 33 39 4 0 39 1 1 0 1 42 0 2 62 136 11 17 0 1 1
891 988 4635 20623 8904 19625 142 65 10 982 561 18801 2 2 7 5 2 7 5 11 426 465 9 3 25 1 2 1 199 3062 530 3048 585 24 2 0 2 15 1 1 683 1 5 5 4 4 20 5 9 1 4 27 120 144 62 96 78 51 5 3 2 6 7 4 4 1 125 15 17 8 1 453 107 171 106 2 100 0 36 0 11 1 249 202 543 262 12 8 3 0 3 30 13 3 2 960 575 156 61 12 40 41 377 585 36 576 20 62 87 207 916 447 0 0 1 1 7 3 3 3 9 2 4 13 4 2 2 1 0 1 131 16 210 282 34 162 3 0 20 30 1 10 3 20 106 1 3 0 8 5 5 1 1 2 0 6 11 19 0 2 40 33 8 7 144 11 1 1 0 3 74 70 47 31 0 0 6 2 5 0 450 64 70 9 1 89 6 1 5 9 82 1 5 119 460 34 30 2 4 2
9297 30 327 42 270 142 11590 9220 1917 3969 137 82 1 0 0 0 0 1 0 0 13 12 2 0 2 0 1 0 2609 5947 170 76 49 9 0 0 0 2 1 0 66 0 3 1 11 1 0 4 0 10 2 21 526 331 135 25 42 11 1 0 0 2 3 1 0 3 56 5 2 2 2 50 24 29 38 0 123 2 5 5 12 7 140 56 41 25 4 5 5 4 3 20 8 3 5 268 813 5658 2 0 1 0 2 7 0 10 2 3 1 2 4 1 0 0 0 0 2 0 0 0 0 2 1 0 0 0 0 0 0 0 1 0 3 5 0 13 0 0 7 5 0 0 0 1 5 0 0 0 3 0 2 1 1 0 0 0 1 0 0 0 2 3 1 1 5 3 1 0 0 0 4 0 3 1 1 0 0 0 0 0 5 7 2 0 0 1 0 1 0 0 2 0 0 7 1 0 4 0 0 0
10784 38 4359 34 64 65 9220 15967 4637 16707 10 49 0 0 0 0 0 0 0 0 9 2 0 1 1 0 0 0 139 831 14 8 3 2 0 0 0 1 0 0 112 2 0 0 0 0 2 0 1 0 4 29 464 238 143 28 9 4 0 0 0 1 0 0 0 0 49 2 0 6 2 11 5 12 8 0 9 0 4 0 10 0 145 53 45 46 0 4 2 0 1 20 9 0 0 18 22 2324 4 1 4 2 16 28 0 31 7 18 9 28 59 21 0 0 0 0 1 1 1 0 0 0 0 1 0 0 0 0 0 0 5 0 5 7 2 5 0 0 2 1 0 0 0 2 2 0 0 0 0 0 0 0 0 0 0 1 0 1 0 0 0 1 0 0 1 0 0 0 0 0 0 1 1 2 0 0 0 0 1 0 7 4 3 3 0 4 1 0 1 0 1 0 0 3 12 6 0 0 0 0
46 0 9 4 3 10 1917 4637 1873 3692 195 37 9 0 0 0 0 0 0 0 3 6 1 0 1 0 0 0 11 15 3 8 10 0 0 0 0 1 0 0 6 0 1 5 41 3 0 0 0 43 0 24 293 24 9 0 6 4 0 0 0 1 1 2 1 17 12 3 1 0 0 29 12 56 4 0 245 6 8 6 5 24 20 3 0 5 1 22 7 19 18 2 0 0 0 3 1843 2665 0 0 0 0 2 2 0 3 0 1 0 3 4 1 0 0 0 0 0 0 0 0 1 0 0 0 0 0 0 0 0 0 0 0 0 0 0 5 0 0 1 4 0 0 1 0 1 0 0 0 1 0 0 0 2 0 0 0 0 0 0 1 0 0 0 0 1 1 0 1 0 0 2 0 0 0 0 0 0 2 0 0 1 5 1 0 1 3 1 0 3 0 1 0 1 2 8 1 0 0 0 0
7771 234 7755 576 200 982 3969 16707 3692 29906 15632 24143 1 0 2 0 1 1 2 0 101 88 4 3 11 1 3 1 265 849 57 52 60 9 1 0 2 5 3 1 273 1 15 4 7 5 4 5 12 10 27 77 707 441 251 97 42 22 1 1 4 5 4 1 0 5 252 13 2 22 13 183 44 90 32 4 99 1 15 6 38 8 388 123 243 89 9 18 12 5 9 87 30 12 13 37 1674 3548 19 2 64 33 547 758 28 883 90 194 172 553 1458 595 1 0 0 0 8 4 1 1 3 4 2 5 6 0 0 0 0 3 77 7 155 218 26 132 0 0 24 22 1 4 1 22 72 0 11 1 5 5 3 1 5 5 0 5 10 7 4 10 32 26 19 20 102 4 1 1 1 3 58 44 35 20 1 0 5 1 13 2 359 43 44 10 0 87 6 9 8 4 54 8 5 65 734 89 24 3 0 0
25 38 821 372 378 561 137 10 195 15632 6628 9365 1 0 0 2 0 0 2 2 68 108 8 0 4 0 2 2 87 96 97 99 104 2 0 0 0 1 0 2 79 0 1 3 4 1 5 0 1 0 0 3 94 63 19 16 75 9 0 0 0 1 1 0 1 1 123 8 1 0 0 721 87 179 12 1 480 1 56 1 3 3 29 34 58 33 3 1 2 1 5 4 2 0 3 48 3930 614 10 1 37 16 302 465 22 461 47 81 90 298 795 318 0 0 1 0 6 0 0 2 4 1 0 9 4 0 3 0 0 0 80 6 134 183 22 119 0 0 19 11 1 1 0 17 76 1 5 0 2 3 1 0 0 3 0 4 9 7 2 2 31 20 6 7 98 2 0 0 0 5 54 32 27 11 0 1 1 0 7 1 308 40 62 6 0 67 3 6 4 3 66 3 1 87 474 36 20 3 1 1
78 41 10128 764 2880 18801 82 49 37 24143 9365 32621 0 0 9 4 1 7 6 14 395 620 34 3 37 1 1 2 252 697 463 2102 3525 16 2 0 1 28 0 4 506 3 3 8 0 4 17 1 3 2 3 24 158 168 56 63 200 95 2 1 2 3 4 1 1 1 380 25 3 4 4 2451 401 486 117 0 764 0 175 2 12 0 182 176 285 192 8 3 5 3 10 15 7 6 3 363 4463 258 58 2 49 27 586 899 38 857 40 82 126 307 1237 531 3 1 0 0 15 0 4 5 10 9 3 16 5 3 5 1 0 2 161 25 302 479 32 245 1 1 42 49 9 6 2 44 219 1 6 0 11 7 3 1 3 8 0 8 18 16 2 5 63 61 8 18 262 12 0 2 0 3 142 96 60 45 1 2 7 2 4 0 634 101 124 16 0 125 8 3 4 6 164 4 2 236 801 47 58 7 1 0
0 0 0 0 0 2 1 0 9 1 1 0 10640 0 1 9 16 796 5445 144 1 7 7 7 2 0 39 30 2 0 2 1 14 0 2 0 3 260 19 0 14 3 16 7489 3792 2347 2 10 3 129 3 46 7 1 3 0 4 5 2 0 11 7 12 10 10 1301 4 1 30 6 0 137 200 3911 1 14 856 311 475 43 19 122 1 1 1 2 2 53 56 162 447 0 0 1 6 0 117 32 2 0 0 2 0 2 0 2 0 0 2 0 5 3 4 36 197 7 12 64 4 787 7 243 9 1 0 2 2 15 0 36 6 0 1 3 1 7 2 2 8 5 396 1 97 0 2 11 31 6 17 993 3 5 8 1 0 3 6 0 6 3 0 0 0 1 1 1 16 60 5 88 1 3 5 6 7 27 2 2 67 7 2 4 211 1 24 8 2 1 11 2 0 16 3 6 7 0 0 1 1 1
0 0 0 0 2 2 0 0 0 0 0 0 0 4637 8717 49 860 62 20 23 3 15 210 66 4 6 2170 491 3 2 18 1 12 151 4541 6026 900 38 37 368 330 11 48 5 1 11 139 9 15 0 0 0 2 1 0 0 28 130 489 1675 10 8 69 56 57 3 18 144 115 4 2 0 3 103 179 11 2 0 5 0 1 0 0 3 0 3 41 2 6 0 11 4 0 1 11 17 0 0 4 22 0 0 1 0 0 0 0 0 0 0 0 0 44 48 4 75 16 99 24 116 40 225 113 4 1 5 8 16 11 65 0 0 0 1 0 3 48 18 10 21 17 61 12 2 5 10 1 0 35 61 9 2 5 1 3 0 0 1 0 2 0 0 0 0 5 17 2 26 1 0 0 5 0 7 1 6 1 1 8 0 0 10 34 5 5 15 1 0 0 0 0 0 2 0 0 0 1 4 1 1
0 0 2 4 4 7 0 0 0 2 0 9 1 8717 16602 6617 986 2527 148 955 23 67 1364 462 15 65 2094 2797 16 5 61 8 50 362 2149 3768 904 97 1008 281 2430 254 217 11 6 120 121 56 110 4 0 4 1 4 7 3 35 361 668 2105 111 43 266 201 530 32 27 296 1164 31 29 1 20 233 430 55 7 0 3 0 15 0 4 13 5 5 115 16 60 11 59 83 1 21 55 37 2 6 9 54 0 0 1 0 0 1 0 0 1 0 2 0 137 182 42 146 27 275 78 416 118 518 243 19 8 20 43 48 15 213 2 0 0 2 2 9 114 36 18 65 127 141 63 1 22 43 8 1 97 236 58 3 8 2 0 2 0 2 0 1 0 2 0 0 3 82 5 95 26 7 3 14 2 39 7 35 3 4 28 6 2 19 102 5 10 55 1 2 6 6 3 12 12 5 4 0 2 5 4 0
0 0 2 0 4 5 0 0 0 0 2 4 9 49 6617 12570 166 8230 3780 136 18 30 761 323 12 59 530 2646 4 0 15 2 25 36 29 19 243 154 719 70 1011 184 126 10 8 261 24 35 89 3 1 1 1 2 0 0 6 45 21 67 168 25 19 32 239 23 8 22 347 10 10 4 18 137 46 49 6 2 6 0 7 0 2 3 3 7 9 19 45 3 58 61 2 23 17 9 0 2 4 7 0 0 2 1 0 0 0 2 0 1 0 0 93 199 79 62 9 189 18 713 70 734 45 3 1 13 16 53 17 352 3 1 0 0 2 7 81 8 6 16 395 62 101 0 7 30 11 1 79 382 11 6 12 0 1 0 1 2 0 3 0 0 0 0 1 22 3 89 22 11 2 2 6 16 12 33 2 8 28 3 2 17 66 6 11 43 0 3 5 1 0 12 13 2 9 1 0 2 2 0
1 0 1 1 3 2 0 0 0 1 0 1 16 860 986 166 656 644 355 1977 14 99 304 48 15 37 55 14 2 1 8 3 19 114 45 342 426 575 46 44 473 20 36 19 8 243 77 8 16 2 0 0 2 2 1 1 10 97 112 436 113 5 13 10 13 8 11 69 31 6 2 0 21 179 104 16 2 4 5 0 1 0 5 8 8 12 19 3 13 1 79 4 0 2 11 18 0 2 11 12 0 0 0 0 0 0 0 0 1 2 1 1 48 36 2 77 23 33 62 26 104 79 112 19 20 13 44 18 19 63 5 0 0 4 4 17 47 27 14 37 18 150 20 0 12 19 2 2 69 60 54 3 1 1 4 0 0 2 0 1 1 1 0 0 1 73 1 35 16 2 7 12 1 42 4 10 1 2 16 5 1 18 33 6 3 55 2 1 0 4 1 6 7 1 1 0 7 12 8 6
0 0 0 0 2 7 1 0 0 1 0 7 796 62 2527 8230 644 18015 9246 1403 20 95 682 1128 29 31 2773 1303 6 1 19 5 115 92 57 48 651 1406 3942 44 1263 276 610 464 39 4069 41 190 142 7 1 1 17 8 9 2 35 89 63 68 4060 77 150 398 546 414 24 55 815 31 35 27 243 1463 99 393 26 32 55 1 12 1 7 11 12 8 15 40 85 17 306 83 1 23 92 20 5 4 10 13 1 12 2 0 1 0 0 1 1 0 0 0 36 805 1204 84 32 786 20 3864 39 2749 72 9 7 11 9 218 12 1287 49 21 1 12 12 31 17 13 33 29 3426 26 1060 5 20 61 75 31 171 3462 21 15 22 1 3 5 1 2 0 3 5 4 0 2 22 36 42 654 130 149 10 39 45 55 41 214 4 14 136 30 5 30 586 33 39 32 0 7 11 5 8 43 16 56 5 2 3 6 4 1
0 1 2 1 2 5 0 0 0 2 2 6 5445 20 148 3780 355 9246 34612 11865 8 66 149 153 28 46 564 106 3 1 5 1 29 16 50 12 60 2568 89 106 227 27 113 5576 433 6691 67 28 20 37 0 8 4 5 2 1 8 18 21 8 103 25 35 57 36 411 9 23 46 8 7 24 188 7705 15 30 52 825 126 6 10 6 3 7 6 6 4 23 72 111 727 15 1 7 19 5 3 1 4 2 0 0 0 1 0 1 0 1 1 2 2 0 217 472 387 208 72 947 108 3722 272 3735 446 26 12 37 52 123 34 775 15 2 0 3 5 32 216 42 45 90 759 241 214 6 20 81 39 12 326 1456 47 10 20 5 6 3 2 2 0 5 0 2 4 0 8 87 10 252 68 83 11 17 5 44 15 95 8 11 132 32 7 59 956 8 35 149 4 2 7 3 4 41 21 11 21 4 4 13 7 3
1 1 3 0 2 11 0 0 0 0 2 14 144 23 955 136 1977 1403 11865 5331 25 92 401 268 33 138 169 29 0 3 8 6 25 82 60 68 129 2085 43 164 527 89 91 348 43 488 114 14 43 10 0 2 6 4 3 1 10 85 47 156 62 15 18 17 17 35 10 47 34 8 5 10 29 817 73 24 13 54 32 1 3 2 4 6 11 12 18 7 27 15 120 22 2 10 29 11 3 3 14 9 0 0 0 0 0 0 0 0 0 1 0 0 257 238 34 185 29 141 125 247 321 649 240 27 20 33 89 99 47 341 1 4 0 9 3 22 250 45 35 72 61 336 53 3 34 95 3 7 208 176 73 6 11 6 5 4 0 3 0 4 3 1 0 2 2 140 9 130 33 5 15 12 1 39 8 36 3 3 28 3 5 38 118 7 8 158 1 2 3 13 4 8 21 3 12 2 5 6 11 5
87 55 121 186 278 426 13 9 3 101 68 395 1 3 23 18 14 20 8 25 13680 9567 1287 277 255 126 213 13 107 189 586 177 197 155 12 2 21 102 8 115 1378 28 61 36 2 11 150 10 15 2 0 4 33 35 45 2801 211 200 14 6 15 44 43 18 4 4 66 74 21 18 12 122 225 170 597 7 59 0 68 1 5 0 1016 70 3735 704 76 11 13 1 17 13 4 8 23 574 32 42 572 72 0 2 1 6 0 5 0 0 0 1 7 0 3 3 0 4 25 8 9 3 15 3 20 7 5 2 6 3 2 3 10 3 2 19 7 36 2 4 30 37 3 18 2 0 12 3 0 0 22 8 18 1 3 0 0 0 1 2 0 1 0 1 0 1 9 15 0 1 1 1 6 7 3 29 0 0 0 0 2 0 14 23 14 2 1 14 1 1 2 5 4 1 6 5 5 0 7 3 2 2
44 23 91 129 287 465 12 2 6 88 108 620 7 15 67 30 99 95 66 92 9567 30814 5378 1282 7744 1606 395 30 188 221 620 330 986 1205 105 16 239 703 33 3399 1214 396 989 243 13 72 2409 96 256 11 9 20 106 184 55 554 331 965 128 58 72 362 310 83 19 24 235 392 91 256 151 386 1218 869 1765 75 302 2 295 1 89 8 586 420 7501 4074 846 150 196 27 152 303 28 182 448 1090 154 96 4529 151 3 1 10 15 1 10 2 1 2 2 22 7 27 25 9 59 121 36 103 39 131 53 167 57 27 30 53 6 11 39 25 7 6 36 29 130 48 38 111 154 38 167 30 8 44 20 4 1 139 68 113 13 42 3 3 7 8 5 0 16 12 8 0 2 21 121 5 39 22 5 51 27 21 103 20 27 1 12 35 10 24 109 79 18 22 85 11 12 27 14 22 28 17 17 7 0 22 20 12 7
2 1 4 2 8 9 2 0 1 4 8 34 7 210 1364 761 304 682 149 401 1287 5378 12445 12969 443 6629 1287 217 25 11 37 25 389 752 122 74 536 746 233 2120 8978 3676 1303 84 15 140 713 80 499 9 3 8 16 32 14 13 44 309 102 186 133 124 78 62 36 12 121 99 70 119 54 96 431 195 278 68 120 2 84 2 44 2 20 73 77 142 47 77 162 18 150 220 11 121 294 77 33 15 74 18 0 2 2 2 2 4 0 0 0 1 4 2 20 23 7 46 22 38 47 62 60 50 87 22 9 6 24 11 3 43 6 3 2 9 5 36 36 15 29 36 47 84 30 0 10 14 0 0 41 88 44 11 23 0 1 3 4 0 1 2 2 3 0 0 2 42 5 27 17 6 24 12 8 34 15 25 3 14 29 9 8 30 23 5 17 45 2 3 19 2 6 25 11 9 6 1 12 6 2 6
2 0 1 1 1 3 0 1 0 3 0 3 7 66 462 323 48 1128 153 268 277 1282 12969 12257 555 5719 11157 189 17 0 25 1 27 38 584 102 68 129 262 3410 3978 9890 2892 46 20 1363 1957 79 540 21 1 5 26 59 7 11 198 29 458 28 589 126 149 833 67 185 265 188 69 80 55 9 58 170 68 87 12 0 18 0 33 3 14 107 63 181 34 60 194 23 469 180 11 57 276 10 4 1 160 15 0 1 0 0 0 0 0 0 0 0 0 0 27 50 33 36 21 86 15 191 35 131 74 8 1 3 9 15 4 58 2 5 1 1 1 6 23 17 9 20 174 41 72 0 7 18 23 5 26 408 11 11 24 0 0 4 0 0 2 4 0 2 0 0 8 14 20 68 20 13 3 9 3 13 14 58 1 8 102 22 4 7 38 5 40 19 3 11 15 1 0 27 7 7 1 0 3 5 1 0
8 5 4 4 13 25 2 1 1 11 4 37 2 4 15 12 15 29 28 33 255 7744 443 555 9469 893 245 9 40 21 504 16 103 71 141 5 27 131 3 3059 285 112 607 55 6 18 3942 42 60 6 2 22 247 378 50 75 726 64 114 7 20 238 222 106 13 12 1447 1434 46 120 60 43 267 534 639 25 100 0 92 1 35 3 235 1199 1042 2688 6665 48 57 11 53 79 7 50 206 72 11 5 6581 3087 0 0 1 1 0 4 0 0 1 0 2 1 8 12 2 18 52 15 26 10 31 15 50 14 9 7 22 2 0 11 3 0 1 7 12 42 11 12 43 62 7 28 3 1 10 6 0 1 36 20 12 5 12 0 0 3 0 1 0 3 1 3 0 0 8 24 0 13 2 0 3 3 1 22 11 9 1 1 25 5 4 48 25 3 10 23 3 1 16 3 1 18 9 2 3 0 5 6 2 1
1 1 0 0 1 1 0 0 0 1 0 1 0 6 65 59 37 31 46 138 126 1606 6629 5719 893 3467 1757 16 1 2 0 1 11 5 72 4 12 51 13 5693 809 334 368 24 2 25 1125 14 64 2 1 2 5 6 1 1 11 3 26 2 26 48 44 22 4 4 53 12 8 34 11 2 19 78 4 13 6 0 6 0 15 0 1 26 12 33 10 19 34 9 22 48 0 36 93 4 0 0 22 0 0 0 0 0 0 0 0 0 0 0 0 0 14 10 0 24 6 37 7 18 18 54 40 4 1 4 2 4 3 20 0 0 0 0 1 2 13 4 4 10 8 26 4 0 2 4 2 0 11 20 9 4 10 0 1 0 0 0 1 2 0 0 0 0 0 8 2 1 3 0 0 1 1 2 1 7 0 2 10 2 1 1 12 1 4 4 0 2 7 0 0 8 0 0 0 0 1 1 0 0
3 1 2 2 3 2 1 0 0 3 2 1 39 2170 2094 530 55 2773 564 169 213 395 1287 11157 245 1757 26117 10958 63 3 189 1 24 107 3616 1667 137 69 256 1950 542 221 1004 34 9 603 1311 29 56 2 0 4 44 76 5 6 512 167 1027 290 141 125 593 2175 1742 127 470 572 306 34 14 4 55 343 353 30 17 0 18 0 3 1 27 110 48 132 129 17 30 13 138 17 2 13 133 27 3 7 193 124 1 0 0 1 0 0 0 0 1 0 1 0 95 235 138 113 38 518 49 1950 71 1154 212 13 6 8 23 73 14 327 14 8 0 4 3 20 87 23 25 48 873 86 253 0 26 42 14 2 105 1113 26 7 10 2 1 1 0 0 2 1 0 1 0 1 7 40 13 181 33 31 5 8 10 23 13 56 2 5 57 15 6 22 196 6 15 34 4 0 1 3 2 14 12 14 3 2 3 3 1 2
2 0 0 1 6 1 0 0 0 1 2 2 30 491 2797 2646 14 1303 106 29 13 30 217 189 9 16 10958 9652 48 6 150 1 20 144 146 421 73 28 3430 25 295 76 91 5 9 324 99 30 29 0 0 1 10 12 1 1 173 239 342 467 65 35 329 1430 1813 116 107 333 1284 8 8 1 10 155 502 22 5 0 2 0 5 0 5 22 13 33 95 6 23 8 55 16 2 3 20 83 0 7 29 99 0 5 0 0 0 0 0 0 0 0 0 0 29 263 325 52 11 311 18 1929 39 712 64 3 1 1 8 89 9 376 20 9 4 4 9 11 19 6 12 19 1713 34 493 2 16 31 20 7 40 1741 10 7 9 2 0 2 0 1 0 2 0 1 0 1 13 15 18 283 42 48 1 11 22 22 10 75 1 3 52 17 0 11 121 8 16 16 1 2 3 1 1 10 7 22 2 0 4 4 1 0
2943 103 244 189 1166 199 2609 139 11 265 87 252 2 3 16 4 2 6 3 0 107 188 25 17 40 1 63 48 36389 12356 4293 315 317 74 6 3 7 35 10 10 164 4 47 5 5 6 42 44 8 3 15 48 3454 11578 432 41 6560 161 18 1 6 121 190 55 29 2 12432 141 164 23 15 612 288 319 849 18 222 1 134 1 22 4 442 636 151 115 67 9 16 3 19 35 17 6 35 2098 114 6867 37 147 4 7 39 79 4 68 3 3 7 5 107 38 0 1 1 1 23 5 6 5 11 3 7 9 4 3 7 1 1 4 41 7 33 100 35 162 2 3 57 51 3 15 2 10 43 1 0 0 9 11 8 0 5 3 0 0 3 6 1 2 23 17 2 4 65 12 3 1 1 1 36 31 30 26 1 2 6 0 9 3 91 95 49 14 4 58 2 1 2 8 46 3 2 51 28 5 11 2 0 1
15736 1818 1067 3385 7806 3062 5947 831 15 849 96 697 0 2 5 0 1 1 1 3 189 221 11 0 21 2 3 6 12356 20906 10309 1048 466 99 1 0 1 21 4 3 717 3 7 4 1 5 13 8 10 0 23 81 880 839 309 141 7438 148 3 1 3 6 10 3 3 0 886 19 19 16 15 341 214 94 522 2 77 0 28 1 61 6 608 299 437 306 15 21 9 2 5 75 42 15 14 3960 122 3634 35 10 2 5 77 112 7 100 1 7 23 25 123 69 0 1 0 2 10 3 3 4 1 5 0 8 1 0 0 0 0 0 30 5 42 77 13 51 1 2 18 21 0 5 2 9 36 2 2 0 5 6 5 0 0 3 0 2 2 2 1 3 12 11 0 1 50 5 0 0 0 0 20 23 17 10 0 1 4 1 3 1 90 37 18 3 1 28 2 0 4 5 26 0 2 39 78 5 6 0 0 0
338 263 48 224 5960 530 170 14 3 57 97 463 2 18 61 15 8 19 5 8 586 620 37 25 504 0 189 150 4293 10309 21584 825 422 134 22 16 30 33 60 10 1002 9 79 18 2 14 60 127 12 7 18 66 495 627 197 236 10738 183 63 15 26 224 440 148 137 6 1374 440 641 43 53 398 207 123 3463 53 98 0 60 2 54 0 636 485 1035 726 306 22 30 5 38 58 37 20 76 11776 134 937 2501 8856 2 4 59 101 3 75 4 5 13 20 133 79 1 0 3 1 19 6 11 9 19 6 17 9 3 3 10 1 0 2 34 8 31 78 15 81 1 3 33 30 6 14 5 10 42 10 1 1 17 20 14 6 7 2 0 2 5 5 3 4 20 13 1 2 46 11 1 10 4 3 30 30 17 24 6 10 5 1 16 7 87 54 34 7 8 31 3 3 10 3 37 8 2 27 73 4 17 3 1 0
83 11 43 54 6409 3048 76 8 8 52 99 2102 1 1 8 2 3 5 1 6 177 330 25 1 16 1 1 1 315 1048 825 4478 3923 994 0 1 0 17 1 1 207 2 2 1 1 5 11 4 4 0 5 15 114 138 41 33 144 1508 4 0 1 3 1 0 3 1 248 13 4 2 5 1426 677 139 869 0 273 0 84 1 6 2 104 87 142 99 3 4 4 1 8 13 12 1 3 4141 651 210 26 5 2 4 57 75 6 79 1 3 17 10 138 50 0 0 1 2 6 0 3 6 3 1 3 4 4 1 1 1 0 0 42 5 39 92 11 84 0 0 9 14 2 4 1 6 36 0 1 0 5 8 3 0 0 1 1 0 6 4 0 6 12 16 0 4 63 8 1 2 0 1 40 24 22 15 0 0 3 0 2 0 93 46 28 4 1 34 0 0 0 4 38 0 2 58 52 4 10 5 1 2
48 6 43 50 777 585 49 3 10 60 104 3525 14 12 50 25 19 115 29 25 197 986 389 27 103 11 24 20 317 466 422 3923 15521 2778 9 18 322 5195 26 25 322 5 39 12 8 49 107 23 6 3 13 27 276 265 80 43 242 3466 213 120 50 19 28 16 14 6 571 456 79 10 19 2212 4035 282 1643 39 301 2 101 1 14 5 229 217 174 160 122 10 11 3 84 28 15 1 18 1345 704 166 82 37 9 7 48 79 8 77 5 7 8 9 99 50 4 6 5 12 38 14 22 13 43 15 29 22 20 8 15 3 4 15 54 16 36 147 42 231 11 6 86 104 22 42 3 13 43 5 3 0 42 37 54 1 3 5 1 1 2 9 1 2 32 32 1 7 86 66 3 11 3 2 62 57 36 100 0 8 4 1 8 3 103 155 62 22 6 92 1 0 1 23 43 5 7 52 54 5 35 11 5 4
11 3 3 4 63 24 9 2 0 9 2 16 0 151 362 36 114 92 16 82 155 1205 752 38 71 5 107 144 74 99 134 994 2778 5750 24 206 1465 1432 110 9 274 10 40 12 5 33 105 122 12 3 5 10 115 110 57 22 111 8157 1367 6693 60 60 123 59 120 16 193 1976 407 6 13 57 193 162 3244 146 26 1 17 0 9 0 97 93 103 103 536 8 14 3 89 7 6 4 23 668 14 34 59 140 2 3 4 10 4 7 2 0 2 3 13 5 4 5 6 8 38 18 28 24 38 11 32 27 15 7 19 7 1 14 21 5 5 43 42 138 10 12 61 70 33 50 14 10 20 5 5 0 47 62 42 2 4 1 0 0 1 2 0 1 11 11 0 0 22 56 5 23 4 4 26 28 20 79 2 20 2 2 17 9 19 89 52 14 4 54 1 0 4 8 13 12 3 16 7 0 12 9 5 8
0 0 0 0 1 2 0 0 0 1 0 2 2 4541 2149 29 45 57 50 60 12 105 122 584 141 72 3616 146 6 1 22 0 9 24 3226 2679 141 82 9 881 85 41 318 35 3 29 1481 33 11 1 1 1 7 12 1 2 52 30 1572 233 17 81 179 169 36 2 66 138 71 25 20 1 32 175 42 15 11 0 16 0 6 0 7 15 11 38 22 6 18 3 23 8 0 8 68 7 0 1 40 18 0 0 1 1 0 0 1 0 0 0 1 0 55 57 5 87 38 132 101 134 109 219 178 25 7 17 43 15 17 87 2 2 1 3 5 15 57 30 25 47 22 171 22 1 18 17 0 0 71 55 46 5 4 0 0 1 1 1 0 1 2 1 0 0 0 68 1 40 16 0 14 3 3 31 8 8 3 4 15 0 4 20 46 2 2 52 0 0 1 3 2 7 6 1 0 0 6 7 5 3
0 0 0 0 0 0 0 0 0 0 0 0 0 6026 3768 19 342 48 12 68 2 16 74 102 5 4 1667 421 3 0 16 1 18 206 2679 3676 1031 63 62 107 101 5 100 4 1 21 172 18 4 0 0 0 2 0 1 1 20 195 1711 2546 11 33 282 230 134 6 12 265 358 6 5 0 9 48 136 15 3 0 3 0 1 0 0 2 1 4 63 4 9 4 26 3 0 1 18 8 0 0 4 21 0 0 0 0 0 1 0 0 0 0 0 0 12 20 3 27 9 33 21 42 25 44 49 9 3 2 12 7 4 23 2 1 0 0 1 6 18 4 7 14 26 40 3 0 3 10 2 0 17 36 16 1 0 0 0 0 0 0 0 0 1 0 0 0 1 14 0 13 3 3 0 2 0 5 1 6 0 1 8 1 0 3 12 3 3 8 0 0 2 0 0 4 3 0 0 0 3 3 4 2
0 0 2 1 4 2 0 0 0 2 0 1 3 900 904 243 426 651 60 129 21 239 536 68 27 12 137 73 7 1 30 0 322 1465 141 1031 3584 1127 168 30 548 30 59 8 4 109 76 49 15 1 0 0 13 9 7 4 30 350 580 1698 161 18 38 13 63 9 31 394 169 1 4 2 45 97 274 87 5 1 5 0 2 1 10 15 19 21 82 8 23 2 113 5 1 4 17 21 0 1 15 26 2 1 2 0 0 0 0 0 0 0 3 0 13 34 11 33 27 38 56 67 73 52 76 26 9 16 27 13 10 29 7 2 1 9 14 50 24 16 31 48 69 112 20 0 18 18 3 0 75 78 65 2 3 0 0 1 1 2 0 1 4 2 0 0 9 67 3 35 7 2 18 23 3 50 2 14 2 2 20 3 6 26 29 8 7 40 0 0 1 7 9 2 5 6 0 0 12 6 2 4
2 4 6 6 12 15 2 1 1 5 1 28 260 38 97 154 575 1406 2568 2085 102 703 746 129 131 51 69 28 35 21 33 17 5195 1432 82 63 1127 7300 154 103 472 55 151 897 151 1141 294 90 20 30 0 11 93 64 30 14 76 311 308 136 401 28 72 59 53 121 153 465 196 9 14 148 3736 1437 253 162 59 68 223 1 16 5 58 78 68 91 80 20 124 68 1076 20 4 6 21 63 8 13 64 22 1 0 2 5 1 7 1 1 2 1 5 1 76 94 27 141 145 108 187 164 319 245 330 89 58 43 96 47 29 136 31 6 4 60 43 177 131 55 147 240 143 355 75 3 75 43 11 2 262 271 195 13 9 2 2 3 5 3 0 6 7 12 0 3 20 208 13 133 21 13 60 58 19 193 10 57 4 16 98 20 24 165 147 26 26 197 1 9 13 29 22 25 15 16 9 1 23 27 19 22
0 0 0 0 3 1 1 0 0 3 0 0 19 37 1008 719 46 3942 89 43 8 33 233 262 3 13 256 3430 10 4 60 1 26 110 9 62 168 154 8305 17 583 151 210 12 16 970 20 267 74 8 0 0 4 4 3 1 46 143 87 231 10417 80 88 211 5420 231 25 99 4801 12 37 2 30 141 309 1194 4 0 12 0 11 1 1 5 2 5 56 13 61 15 281 38 1 6 29 37 0 3 10 42 2 11 1 0 3 0 0 0 0 0 1 0 5 243 490 35 8 206 16 1566 14 234 18 9 1 4 5 112 2 219 64 29 3 10 8 17 5 7 15 26 2259 19 785 2 14 44 52 15 70 2541 14 1 34 0 0 3 0 4 1 1 2 2 0 2 33 17 58 494 59 96 12 28 52 23 21 133 0 7 90 38 3 10 103 12 43 7 1 5 7 3 5 23 4 64 0 2 6 2 5 1
0 0 0 2 2 1 0 0 0 1 2 4 0 368 281 70 44 44 106 164 115 3399 2120 3410 3059 5693 1950 25 10 3 10 1 25 9 881 107 30 103 17 4863 566 272 601 53 3 41 2665 33 80 1 1 2 14 32 2 13 52 10 159 18 18 123 120 101 6 6 132 65 22 77 37 6 65 224 26 16 13 0 22 0 16 1 29 74 96 155 66 27 40 8 55 52 3 43 158 7 2 0 145 17 0 0 0 0 0 0 0 0 0 0 1 0 77 60 3 78 31 104 45 67 83 140 159 6 3 18 30 25 10 112 3 1 0 4 1 6 79 28 18 31 14 98 25 1 15 23 1 0 63 65 20 4 8 2 1 1 1 0 1 2 0 1 0 0 1 27 1 55 12 2 2 4 0 21 11 16 2 1 15 6 2 13 63 1 5 33 1 2 4 0 0 17 7 1 1 0 2 5 1 2
800 220 505 488 515 683 66 112 6 273 79 506 14 330 2430 1011 473 1263 227 527 1378 1214 8978 3978 285 809 542 295 164 717 1002 207 322 274 85 101 548 472 583 566 9247 5263 1881 84 41 695 358 474 3130 73 620 825 138 200 1409 1916 403 301 81 192 798 247 107 65 67 95 199 152 144 583 572 369 350 247 638 402 189 1 153 22 928 39 661 151 445 215 102 754 1054 155 810 4055 718 666 822 771 76 75 176 90 3 7 22 44 3 29 1 0 3 4 50 29 7 15 14 20 33 19 23 57 41 48 42 19 11 7 18 6 6 29 42 3 15 67 39 134 12 8 39 64 76 47 38 9 28 29 16 4 46 175 30 80 150 6 1 30 31 7 30 81 13 11 0 3 39 44 17 90 45 9 37 33 16 58 59 66 26 70 149 34 53 83 44 13 60 72 67 48 172 6 19 95 79 31 27 1 13 5 4 2
6 0 1 1 0 1 0 2 0 1 0 3 3 11 254 184 20 276 27 89 28 396 3676 9890 112 334 221 76 4 3 9 2 5 10 41 5 30 55 151 272 5263 10857 3746 25 33 340 237 138 4877 37 1 9 6 11 12 9 19 14 37 14 395 56 22 30 11 70 42 19 65 89 63 2 11 25 22 198 7 0 8 0 59 3 5 18 14 46 5 92 355 80 733 434 12 142 267 7 2 0 28 4 0 0 0 0 0 0 0 0 0 0 0 1 5 3 4 4 8 10 7 20 3 15 10 0 0 1 1 4 0 4 2 4 0 0 1 1 1 2 3 2 25 9 15 0 1 13 13 0 9 75 3 10 47 1 0 6 3 0 0 7 1 0 0 0 1 4 19 53 20 5 0 4 0 3 32 81 3 14 153 30 0 0 4 1 73 4 9 10 38 3 0 70 17 3 3 0 0 2 0 0
12 3 3 3 4 5 3 0 1 15 1 3 16 48 217 126 36 610 113 91 61 989 1303 2892 607 368 1004 91 47 7 79 2 39 40 318 100 59 151 210 601 1881 3746 12329 101 158 2116 1244 600 3916 200 11 42 74 122 28 24 458 66 481 38 1316 758 3413 4645 63 582 650 324 673 630 316 23 89 129 109 876 59 7 53 5 277 24 52 261 121 365 73 417 1459 481 3460 1358 79 1083 7823 22 8 5 356 71 0 0 0 2 0 1 0 0 0 1 2 1 15 25 62 26 15 52 15 97 21 75 44 8 5 7 12 18 9 37 46 16 0 4 4 8 13 7 15 22 218 31 134 2 10 122 158 14 55 833 29 155 533 10 3 126 19 6 23 78 1 3 0 1 7 30 138 490 244 90 10 32 11 43 411 632 32 106 1187 255 5 20 45 21 609 25 95 133 356 4 5 647 185 12 6 2 2 6 10 3
2 0 2 1 2 5 1 0 5 4 3 8 7489 5 11 10 19 464 5576 348 36 243 84 46 55 24 34 5 5 4 18 1 12 12 35 4 8 897 12 53 84 25 101 8122 3123 1697 162 52 22 584 9 120 21 15 11 3 42 26 85 2 106 28 59 50 13 796 36 171 79 11 17 298 2727 6192 32 58 3646 3648 6855 138 101 441 21 23 28 45 19 281 348 686 2469 11 1 6 27 16 88 20 35 11 0 0 3 4 1 2 0 3 1 1 5 2 80 91 56 97 79 156 98 370 184 438 250 52 22 25 55 35 15 121 14 1 0 15 19 70 80 36 67 106 121 207 65 4 39 50 18 1 146 381 82 7 37 1 4 9 10 3 8 24 4 1 0 0 9 111 18 100 25 47 22 27 11 91 27 75 7 13 143 39 16 62 216 11 59 110 12 14 29 16 8 50 13 5 12 3 14 12 12 7
1 1 1 1 0 4 11 0 41 7 4 0 3792 1 6 8 8 39 433 43 2 13 15 20 6 2 9 9 5 1 2 1 8 5 3 1 4 151 16 3 41 33 158 3123 10539 2735 12 97 31 6682 12 212 22 12 1 2 4 4 4 1 47 105 135 54 28 5275 16 12 240 27 39 248 190 358 5 110 2609 1175 500 287 215 833 2 9 2 7 4 1204 1355 4344 5381 24 5 15 76 1 474 92 0 0 0 3 3 5 2 7 0 2 3 7 18 8 1 7 111 8 7 6 3 60 6 21 7 2 1 2 3 24 1 8 48 13 1 4 2 8 0 4 13 7 310 15 226 1 6 66 244 17 46 1713 14 68 200 5 0 47 43 3 25 84 1 3 0 2 4 20 186 376 98 216 5 38 12 45 149 424 24 45 1230 266 9 19 35 17 408 24 36 107 157 7 1 342 60 16 20 3 1 3 4 3
0 0 1 2 2 4 1 0 3 5 1 4 2347 11 120 261 243 4069 6691 488 11 72 140 1363 18 25 603 324 6 5 14 5 49 33 29 21 109 1141 970 41 695 340 2116 1697 2735 6500 73 225 177 49 2 4 16 17 12 4 46 37 54 14 517 114 582 2562 1097 4467 53 43 1584 46 71 72 315 1267 43 559 332 30 267 1 29 11 7 23 12 27 5 76 292 145 2426 106 6 42 230 8 41 14 16 13 0 25 3 4 7 1 0 4 2 2 7 0 4 186 1191 18 24 141 24 1246 19 311 25 9 5 9 6 147 6 189 169 77 9 24 12 46 6 11 40 46 2371 34 1253 4 32 127 641 105 249 6173 36 25 64 4 3 10 4 3 1 13 8 16 0 8 69 52 291 1046 73 634 38 95 118 120 38 374 5 13 739 81 11 52 307 53 145 51 8 14 42 12 17 99 19 113 15 3 11 4 12 2
6 1 5 5 5 20 0 2 0 4 5 17 2 139 121 24 77 41 67 114 150 2409 713 1957 3942 1125 1311 99 42 13 60 11 107 105 1481 172 76 294 20 2665 358 237 1244 162 12 73 9777 123 63 11 1 15 150 262 41 35 531 83 902 37 33 551 653 400 50 13 1088 597 251 213 121 40 274 661 99 64 89 0 123 0 56 6 141 647 526 1326 719 64 86 20 107 72 5 67 374 42 14 12 1530 125 0 0 3 5 0 2 0 0 4 0 2 1 44 46 5 74 94 74 97 32 132 76 234 38 16 22 45 18 12 56 8 3 2 15 13 43 70 41 44 90 28 186 21 4 35 24 3 2 91 67 68 9 23 3 0 3 3 2 0 1 3 1 0 0 2 77 4 40 22 2 14 22 4 51 11 35 4 9 37 5 6 45 64 6 22 51 5 8 27 6 8 26 11 3 2 1 8 14 3 3
5 1 2 3 6 5 4 0 0 5 0 1 10 9 56 35 8 190 28 14 10 96 80 79 42 14 29 30 44 8 127 4 23 122 33 18 49 90 267 33 474 138 600 52 97 225 123 19489 398 534 1 51 18 29 26 19 200 141 205 64 857 15204 1420 144 46 86 190 277 2342 649 5721 3 39 43 366 10384 46 4 18 11 247 36 13 31 18 47 65 1169 5654 488 1843 210 8 264 741 49 11 8 49 64 1 4 0 0 1 0 0 3 1 1 0 0 2 7 8 4 6 15 4 41 7 15 2 4 7 9 19 12 8 8 43 6 0 3 1 2 5 4 6 3 99 41 48 5 10 221 87 16 27 211 31 443 1863 18 9 525 32 16 53 154 5 2 0 0 7 24 55 611 682 50 28 74 7 30 1035 668 67 272 1338 182 2 9 10 22 989 21 260 573 1187 21 6 1755 565 6 8 0 12 17 16 4
6 2 5 10 14 9 0 1 0 12 1 3 3 15 110 89 16 142 20 43 15 256 499 540 60 64 56 29 8 10 12 4 6 12 11 4 15 20 74 80 3130 4877 3916 22 31 177 63 398 10449 46 49 35 8 17 80 48 20 6 13 11 190 174 28 6 7 44 54 8 24 298 255 2 13 25 14 285 19 1 9 3 234 6 13 27 8 33 6 335 934 116 421 4572 104 2503 3172 6 2 0 20 0 0 0 0 1 0 1 0 0 0 0 0 0 2 1 1 2 2 7 1 1 0 5 1 1 0 0 5 2 0 1 1 0 0 2 0 2 0 0 5 2 17 4 11 0 3 12 8 1 4 60 5 49 195 3 1 27 10 1 5 51 0 1 0 0 0 2 7 57 69 4 0 4 2 5 87 73 11 48 120 15 1 1 3 3 87 4 31 41 150 1 0 162 60 0 0 0 1 1 0 0
1 0 2 0 0 1 10 0 43 10 0 2 129 0 4 3 2 7 37 10 2 11 9 21 6 2 2 0 3 0 7 0 3 3 1 0 1 30 8 1 73 37 200 584 6682 49 11 534 46 11216 54 1074 18 5 15 8 9 3 9 1 27 403 221 17 2 1755 12 9 87 99 133 117 30 736 4 415 2219 768 158 1358 821 4218 7 7 2 7 3 3220 2500 5126 903 51 7 42 173 5 449 90 9 3 0 0 4 3 0 5 3 4 0 4 7 1 0 0 3 2 3 3 1 12 1 2 1 1 4 0 13 3 2 2 14 4 0 4 0 3 1 0 3 0 16 16 12 3 9 68 52 4 16 69 16 233 737 10 3 208 175 12 150 274 2 0 0 0 1 4 17 146 175 42 13 18 2 12 228 165 49 213 549 44 1 3 7 5 252 19 259 993 976 7 1 758 234 2 15 1 2 5 8 1
28 2 10 9 14 4 2 4 0 27 0 3 3 0 0 1 0 1 0 0 0 9 3 1 2 1 0 0 15 23 18 5 13 5 1 0 0 0 0 1 620 1 11 9 12 2 1 1 49 54 13293 15846 56 80 772 202 11 4 1 0 2 4 4 0 0 24 18 0 2 403 53 20 18 57 10 0 53 14 8 268 1108 108 170 12 3 21 1 92 17 9 5 6510 5520 86 32 8 15 6 2 2 0 0 0 2 0 0 0 0 0 0 1 1 0 0 0 1 5 0 1 1 0 0 1 0 1 0 1 0 0 0 1 0 2 5 2 9 0 1 3 3 0 0 0 3 1 2 0 0 0 1 0 6 6 1 0 0 232 21 243 68 8 0 0 0 3 3 0 1 0 0 2 1 0 3 1 2 19 7 1 0 0 5 4 0 1 6 21 5 22 0 0 9 7 0 2 0 0 0 0 0
144 16 38 29 27 27 21 29 24 77 3 24 46 0 4 1 0 1 8 2 4 20 8 5 22 2 4 1 48 81 66 15 27 10 1 0 0 11 0 2 825 9 42 120 212 4 15 51 35 1074 15846 36696 239 284 1861 351 36 16 2 1 3 92 10 3 0 448 71 24 7 645 223 93 78 462 48 16 711 311 49 10305 6290 2359 574 52 17 57 9 1629 133 158 31 3786 5524 344 100 36 105 44 14 8 8 2 5 6 5 3 1 9 1 2 8 3 0 1 0 1 4 1 4 4 5 3 3 0 3 4 4 2 1 0 9 1 4 23 7 35 0 2 12 12 4 3 0 22 17 29 50 7 29 17 12 111 141 24 4 55 5147 455 5866 4485 70 5 2 2 14 5 0 11 23 130 9 4 4 27 10 11 866 209 61 3 13 30 50 7 9 193 1390 446 967 2 25 161 298 4 93 16 3 2 6 0
873 56 206 127 216 120 526 464 293 707 94 158 7 2 1 1 2 17 4 6 33 106 16 26 247 5 44 10 3454 880 495 114 276 115 7 2 13 93 4 14 138 6 74 21 22 16 150 18 8 18 56 239 19237 13198 6743 53 456 172 20 4 13 63 90 28 9 9 3028 270 54 33 15 534 430 560 415 7 454 2 256 17 63 22 3792 1889 122 378 194 26 27 21 30 78 68 12 34 440 661 10439 202 80 11 9 40 62 8 42 0 4 7 6 59 35 3 1 2 5 62 11 22 12 23 7 23 29 23 8 11 2 0 4 66 13 19 145 78 370 2 9 142 149 12 36 5 13 70 7 3 0 57 19 55 0 1 2 1 0 4 6 4 5 26 22 2 8 73 50 3 9 2 0 82 53 60 159 3 4 3 1 4 2 77 247 88 23 2 145 2 0 1 27 58 0 2 68 35 5 29 12 7 7
838 58 213 135 224 144 331 238 24 441 63 168 1 1 4 2 2 8 5 4 35 184 32 59 378 6 76 12 11578 839 627 138 265 110 12 0 9 64 4 32 200 11 122 15 12 17 262 29 17 5 80 284 13198 14676 1561 241 698 167 28 2 10 105 141 54 13 3 7876 382 92 52 43 524 418 567 459 20 372 1 262 10 88 8 4094 7377 597 1164 261 23 24 2 30 146 90 19 79 429 141 3535 381 137 3 8 31 56 8 43 2 0 4 5 51 30 3 5 5 8 34 5 21 7 21 14 21 31 21 6 9 2 1 5 58 10 17 124 65 313 1 5 141 129 17 24 3 11 48 2 3 0 31 21 36 2 1 2 1 1 4 6 8 4 25 13 2 5 65 59 4 4 5 0 60 39 54 103 4 3 1 3 10 2 88 240 81 19 3 103 4 3 5 15 51 4 3 42 25 0 32 9 1 2
334 22 112 71 106 62 135 143 9 251 19 56 3 0 7 0 1 9 2 3 45 55 14 7 50 1 5 1 432 309 197 41 80 57 1 1 7 30 3 2 1409 12 28 11 1 12 41 26 80 15 772 1861 6743 1561 11768 391 135 51 6 0 6 26 27 4 3 11 318 58 12 128 74 170 172 227 126 11 146 5 84 48 351 24 5756 170 211 150 41 67 45 3 15 1150 461 61 57 133 67 1696 40 22 1 0 12 20 3 23 2 0 4 4 26 10 1 0 1 3 32 2 9 4 18 3 10 18 2 5 2 0 3 4 25 3 8 56 41 147 3 4 42 42 8 14 2 5 24 1 1 1 19 9 23 1 3 0 0 0 25 3 27 20 4 8 1 2 30 27 1 2 4 1 35 26 28 55 1 0 0 1 2 0 36 104 34 10 0 53 5 4 12 9 18 6 8 25 14 0 14 6 3 1
193 38 77 85 87 96 25 28 0 97 16 63 0 0 3 0 1 2 1 1 2801 554 13 11 75 1 6 1 41 141 236 33 43 22 2 1 4 14 1 13 1916 9 24 3 2 4 35 19 48 8 202 351 53 241 391 3399 79 27 2 0 3 15 23 4 4 2 62 26 9 38 47 74 48 62 109 6 35 0 31 6 125 3 6434 84 2338 255 39 46 19 3 11 470 154 32 38 117 18 26 162 14 0 0 2 12 1 7 0 0 1 2 24 2 0 0 0 2 6 2 4 1 6 1 1 1 3 1 2 0 0 1 4 1 3 10 4 31 1 1 9 9 1 3 1 0 11 0 0 0 5 4 6 3 7 0 0 0 3 4 7 2 2 3 0 1 16 6 0 1 2 0 10 5 7 6 0 2 3 1 2 0 16 27 7 5 1 19 3 1 3 2 2 1 3 4 6 0 2 2 0 2
65 20 41 75 835 78 42 9 6 42 75 200 4 28 35 6 10 35 8 10 211 331 44 198 726 11 512 173 6560 7438 10738 144 242 111 52 20 30 76 46 52 403 19 458 42 4 46 531 200 20 9 11 36 456 698 135 79 10440 184 215 4 53 629 1218 334 172 21 6923 2458 849 171 134 510 272 342 2634 88 200 0 126 1 53 6 324 694 446 1367 1715 47 73 14 128 56 9 39 304 2436 128 488 1782 4155 4 3 45 78 6 52 1 2 5 6 75 47 7 7 1 9 28 10 15 17 17 16 32 20 13 7 16 3 1 14 37 7 28 100 35 142 5 8 48 57 8 34 12 9 45 10 3 0 28 37 17 4 15 0 2 6 6 4 2 7 22 15 2 5 55 33 6 24 11 4 36 28 31 45 17 24 7 5 39 10 75 101 60 7 12 62 4 6 10 8 30 19 9 44 34 4 21 5 2 2
17 3 11 22 118 51 11 4 4 22 9 95 5 130 361 45 97 89 18 85 200 965 309 29 64 3 167 239 161 148 183 1508 3466 8157 30 195 350 311 143 10 301 14 66 26 4 37 83 141 6 3 4 16 172 167 51 27 184 7672 1151 3347 63 101 219 103 199 17 397 4118 638 19 40 602 1031 236 8294 151 147 3 60 0 15 2 141 140 141 145 475 6 18 6 125 29 7 6 30 664 157 68 69 116 6 4 14 33 2 36 1 0 5 7 56 33 4 4 7 12 34 4 24 38 48 23 42 17 21 7 18 3 3 10 44 2 16 58 20 105 4 13 37 81 31 33 16 5 29 5 8 0 42 63 30 2 5 3 0 3 5 3 0 3 14 14 0 2 45 35 7 17 4 2 22 15 21 54 5 16 1 1 25 6 63 71 50 11 6 49 0 1 5 8 24 4 1 30 16 3 14 8 1 5
2 0 0 2 0 5 1 0 0 1 0 2 2 489 668 21 112 63 21 47 14 128 102 458 114 26 1027 342 18 3 63 4 213 1367 1572 1711 580 308 87 159 81 37 481 85 4 54 902 205 13 9 1 2 20 28 6 2 215 1151 4022 8057 46 292 569 308 216 18 163 533 879 54 70 16 119 272 413 75 30 0 53 0 9 2 19 58 35 98 148 13 38 8 114 10 0 9 111 17 3 3 164 98 0 0 4 2 0 1 0 0 0 0 2 1 12 21 3 41 63 29 61 51 61 49 106 24 11 12 35 4 1 30 5 1 0 10 7 32 28 32 30 62 20 96 26 1 16 9 0 0 54 52 50 5 5 0 1 2 0 1 1 0 2 1 0 0 4 52 2 27 7 3 9 15 2 26 4 19 1 2 27 7 1 21 31 2 17 27 2 2 3 5 5 11 5 0 0 0 8 9 2 1
1 0 1 0 1 3 0 0 0 1 0 1 0 1675 2105 67 436 68 8 156 6 58 186 28 7 2 290 467 1 1 15 0 120 6693 233 2546 1698 136 231 18 192 14 38 2 1 14 37 64 11 1 0 1 4 2 0 0 4 3347 8057 6808 31 30 169 80 203 4 8 1360 540 7 10 1 13 26 711 75 3 0 4 0 3 0 3 1 3 7 192 1 7 1 41 7 1 2 9 9 0 1 10 37 0 0 1 0 0 0 0 0 0 0 0 0 7 5 0 13 7 23 8 50 7 38 20 4 0 0 4 2 2 17 2 0 0 1 1 8 9 4 7 13 33 15 16 0 4 1 0 1 7 42 5 0 0 0 1 1 0 0 0 0 0 2 0 0 0 5 1 10 4 3 1 4 1 10 0 3 0 1 9 6 2 9 3 2 6 9 0 1 1 0 1 6 1 0 0 0 3 0 1 1
1 0 1 0 2 2 0 0 0 4 0 2 11 10 111 168 113 4060 103 62 15 72 133 589 20 26 141 65 6 3 26 1 50 60 17 11 161 401 10417 18 798 395 1316 106 47 517 33 857 190 27 2 3 13 10 6 3 53 63 46 31 8539 160 454 909 1682 267 42 48 6350 61 93 15 139 53 91 11417 20 1 49 0 22 2 8 8 5 16 17 65 359 50 1924 105 5 47 191 16 2 2 16 10 1 13 1 1 1 0 0 0 1 1 0 0 3 23 163 6 10 19 4 123 13 32 10 5 5 3 6 30 1 33 51 13 1 6 7 23 2 3 17 6 370 6 277 2 8 84 217 23 54 1073 15 25 67 1 0 15 2 0 1 13 2 4 0 1 21 18 95 354 42 95 14 30 31 35 30 236 4 11 502 111 5 16 45 22 159 17 4 16 40 5 2 100 18 23 7 0 7 0 6 0
9 0 2 0 5 6 2 1 1 5 1 3 7 8 43 25 5 77 25 15 44 362 124 126 238 48 125 35 121 6 224 3 19 60 81 33 18 28 80 123 247 56 758 28 105 114 551 15204 174 403 4 92 63 105 26 15 629 101 292 30 160 14295 9360 329 16 79 620 396 1686 5541 2166 9 18 33 350 2044 31 4 11 28 370 90 50 154 96 192 85 964 2365 386 934 244 48 680 1992 78 5 21 188 92 1 3 1 0 1 1 0 1 0 1 1 0 1 11 10 9 2 16 2 44 3 9 11 3 8 8 27 19 11 17 36 11 0 2 3 3 8 5 6 6 96 54 28 6 19 229 75 6 21 192 40 917 2552 24 34 497 118 36 97 458 9 5 1 1 4 20 40 589 788 60 28 51 11 36 873 537 160 602 1008 129 2 11 17 20 772 28 534 821 1932 13 5 1633 957 3 10 1 9 15 26 4
4 0 2 2 10 7 3 0 1 4 1 4 12 69 266 19 13 150 35 18 43 310 78 149 222 44 593 329 190 10 440 1 28 123 179 282 38 72 88 120 107 22 3413 59 135 582 653 1420 28 221 4 10 90 141 27 23 1218 219 569 169 454 9360 22141 5790 1816 308 988 717 8962 689 189 10 63 100 639 807 40 4 23 3 64 9 71 223 134 314 227 134 1019 397 2234 57 7 101 2205 88 6 24 345 217 0 2 0 1 0 0 0 0 1 1 1 0 5 21 46 18 11 29 11 118 16 30 18 3 8 1 7 8 1 30 31 9 1 4 2 6 14 9 9 8 244 27 114 2 10 84 96 12 46 595 18 72 339 5 1 107 3 1 13 39 3 1 0 0 5 14 79 346 202 71 13 24 8 27 376 552 8 41 968 241 3 16 29 11 580 24 36 110 220 7 2 582 87 15 9 0 4 3 3 0
0 0 2 1 1 4 1 0 2 1 0 1 10 56 201 32 10 398 57 17 18 83 62 833 106 22 2175 1430 55 3 148 0 16 59 169 230 13 59 211 101 65 30 4645 50 54 2562 400 144 6 17 0 3 28 54 4 4 334 103 308 80 909 329 5790 8395 3478 767 325 297 1475 88 39 8 34 83 201 131 21 0 15 0 9 1 24 78 34 96 67 15 73 25 1026 13 3 18 390 24 5 11 147 89 0 1 0 1 1 1 0 0 0 0 0 0 12 42 156 17 14 42 8 257 14 60 20 3 3 5 5 30 4 43 67 17 0 8 2 13 10 8 19 12 637 17 403 3 6 45 147 8 46 1716 17 6 22 1 0 2 1 1 0 1 3 5 0 1 13 18 97 311 27 117 8 33 22 32 15 148 1 5 326 55 1 9 29 22 67 13 1 8 16 2 3 39 13 39 4 0 5 2 10 1
1 0 2 2 4 4 0 0 1 0 1 1 10 57 530 239 13 546 36 17 4 19 36 67 13 4 1742 1813 29 3 137 3 14 120 36 134 63 53 5420 6 67 11 63 13 28 1097 50 46 7 2 0 0 9 13 3 4 172 199 216 203 1682 16 1816 3478 3848 590 79 270 3481 3 5 3 11 29 453 90 5 0 4 0 1 0 9 17 13 19 91 6 15 9 159 2 1 4 8 47 1 3 17 76 2 13 0 1 3 0 0 0 1 0 0 0 2 85 234 11 7 52 7 431 10 68 18 3 3 5 7 58 1 70 67 23 2 7 11 15 7 5 13 14 1077 14 599 1 12 46 132 11 53 2236 13 3 9 0 0 1 0 1 0 0 2 3 0 2 30 12 77 425 25 127 17 24 42 33 10 99 1 1 173 18 4 3 46 22 23 16 0 2 5 2 5 13 3 69 3 0 4 1 2 1
1 0 0 1 2 1 3 0 17 5 1 1 1301 3 32 23 8 414 411 35 4 24 12 185 12 4 127 116 2 0 6 1 6 16 2 6 9 121 231 6 95 70 582 796 5275 4467 13 86 44 1755 24 448 9 3 11 2 21 17 18 4 267 79 308 767 590 2530 19 21 957 21 31 51 72 1000 24 306 979 1115 117 491 312 859 7 7 7 11 7 480 468 1187 3589 21 2 12 81 1 153 24 11 6 0 2 0 1 0 3 0 1 1 2 3 0 2 12 625 4 4 19 3 149 4 48 8 2 1 3 1 16 2 17 21 10 1 3 5 9 3 0 8 9 187 6 117 0 8 45 329 59 111 1882 3 19 78 0 0 31 85 6 37 53 2 2 1 2 3 9 52 175 35 2522 5 14 7 16 40 157 12 18 579 95 6 19 129 2 115 24 20 32 89 1 2 107 29 15 20 2 1 1 4 0
398 57 162 94 245 125 56 49 12 252 123 380 4 18 27 8 11 24 9 10 66 235 121 265 1447 53 470 107 12432 886 1374 248 571 193 66 12 31 153 25 132 199 42 650 36 16 53 1088 190 54 12 18 71 3028 7876 318 62 6923 397 163 8 42 620 988 325 79 19 15863 2417 494 222 121 1422 748 915 1341 85 679 0 421 5 77 10 641 6535 325 3748 1673 74 125 15 129 85 24 71 359 1054 249 809 1709 1296 20 20 87 133 14 105 3 6 14 13 165 108 6 6 4 14 76 16 30 29 51 21 43 50 26 12 19 4 5 16 111 25 51 267 105 539 10 13 159 175 23 61 8 30 114 12 2 1 68 41 45 5 33 4 1 2 15 14 3 6 56 51 2 11 150 74 4 18 11 1 136 108 97 145 12 15 15 6 25 9 200 366 154 41 16 218 8 8 17 19 91 21 10 98 60 8 49 14 7 9
7 1 8 7 15 15 5 2 3 13 8 25 1 144 296 22 69 55 23 47 74 392 99 188 1434 12 572 333 141 19 440 13 456 1976 138 265 394 465 99 65 152 19 324 171 12 43 597 277 8 9 0 24 270 382 58 26 2458 4118 533 1360 48 396 717 297 270 21 2417 5422 1110 100 98 50 562 1018 2667 100 209 1 187 5 36 5 145 819 301 1321 3413 27 42 21 161 17 8 21 158 62 12 10 2897 1765 1 0 2 5 0 2 1 0 1 1 4 0 4 8 4 39 106 21 45 26 64 22 96 31 18 13 26 3 5 12 5 5 1 17 13 67 12 31 82 137 27 57 10 2 17 10 3 0 97 46 33 6 9 0 0 3 1 0 1 2 0 4 1 0 5 45 8 24 9 6 14 10 8 28 13 31 0 2 50 16 9 64 72 5 17 30 1 5 8 6 10 20 9 4 2 2 13 13 1 5
3 2 0 7 13 17 2 0 1 2 1 3 30 115 1164 347 31 815 46 34 21 91 70 69 46 8 306 1284 164 19 641 4 79 407 71 358 169 196 4801 22 144 65 673 79 240 1584 251 2342 24 87 2 7 54 92 12 9 849 638 879 540 6350 1686 8962 1475 3481 957 494 1110 8611 175 293 13 73 84 1680 6532 56 4 40 3 41 4 53 63 68 105 369 78 512 213 4210 28 4 24 489 221 9 29 105 343 1 5 1 0 2 1 0 0 0 2 3 0 9 40 146 22 17 51 14 291 22 65 28 6 4 11 8 31 5 60 80 19 1 5 1 16 11 13 23 27 590 40 358 2 9 158 338 16 64 2081 38 43 138 2 2 37 2 2 1 11 5 2 1 2 14 44 278 673 120 154 21 60 31 74 138 728 7 30 1457 337 3 20 54 41 496 36 6 31 71 7 2 261 42 22 10 3 8 9 7 2
23 2 4 5 6 8 2 6 0 22 0 4 6 4 31 10 6 31 8 8 18 256 119 80 120 34 34 8 23 16 43 2 10 6 25 6 1 9 12 77 583 89 630 11 27 46 213 649 298 99 403 645 33 52 128 38 171 19 54 7 61 5541 689 88 3 21 222 100 175 5959 2736 16 12 25 55 150 17 4 7 54 1912 139 50 67 61 96 19 836 622 80 209 2354 4008 7831 1518 20 4 6 53 21 0 0 0 0 1 0 0 0 1 0 0 0 1 2 0 2 2 1 3 12 3 6 9 1 4 4 8 2 2 2 4 4 0 2 1 7 1 4 2 6 24 14 18 1 12 62 17 2 7 41 12 368 654 15 5 102 181 34 113 484 4 2 0 0 3 6 10 114 169 11 8 16 2 12 125 95 175 347 204 15 1 5 11 5 118 14 328 241 723 5 3 369 431 1 6 1 3 5 6 0
18 1 8 6 7 1 2 2 0 13 0 4 0 2 29 10 2 35 7 5 12 151 54 55 60 11 14 8 15 15 53 5 19 13 20 5 4 14 37 37 572 63 316 17 39 71 121 5721 255 133 53 223 15 43 74 47 134 40 70 10 93 2166 189 39 5 31 121 98 293 2736 7170 6 12 22 93 725 19 4 11 52 4679 233 43 39 20 55 19 1619 2547 152 410 928 195 1223 645 24 7 2 32 17 3 1 1 1 1 0 0 1 1 0 1 0 0 0 1 3 3 10 0 14 0 8 4 3 5 5 15 0 1 5 10 2 1 3 2 7 0 3 6 4 13 16 8 10 7 104 26 3 9 56 17 819 1137 33 11 151 307 88 234 996 11 1 0 0 0 6 6 163 287 18 7 21 3 13 167 102 311 804 246 37 1 2 14 12 121 26 711 480 1593 6 7 542 876 0 15 1 1 16 10 2
