18.9574292470646 13.4623563842657 19.391660113526 27.4295265445639 32.328261912406 45.0477752428665 25.955072593571 17.764632357091 41.0430326876433 20.6527525514974 79.8555876159668 75.3892598274427 0 0 0 0 160.679275512695 0 0 125.57332611084 102.473397528988 116.261154174805 116.802268981934 182.084297180176 124.114956855774 104.914520263672 192.76589457194 198.272682189941 35.46829722084 26.9983888587706 48.1002418783289 73.5197332451143 115.705843687057 132.710442282937 0 0 0 175.520751953125 0 0 86.6187213945389 164.630102793376 172.862345377604 170.156646728516 201.778762817383 0 160.168200174967 183.633071899414 130.084325154622 170.090286254883 137.697672162737 158.53893105189 106.286193970006 96.5994649718656 111.228431587448 99.1283860873682 80.8030188340407 130.671502730426 179.596862792969 156.301483154297 206.895751953125 187.788791232639 197.146018981934 0 135.258880615234 195.009353637695 83.8140217958383 168.743386404855 186.315979003906 171.730623991593 177.244649251302 125.470648695783 147.618746164683 126.129426395192 102.994858900706 180.886273701986 145.807367960612 0 145.271059308733 151.38430480957 179.046017921577 160.07006072998 112.569775836006 97.5113736179897 103.604350626469 79.3799426892052 149.604111989339 181.26584815979 183.379786173503 0 153.674110412598 146.10395761138 165.113552440297 171.876595633371 169.31730064979 74.8604918997628 91.1161561012268 53.5666227965041 130.324592188785 174.223383585612 229.252385457357 164.58659362793 163.865325927734 170.594876970564 168.487670898438 158.575091770717 132.254535675049 104.562986755371 149.711128234863 126.834710341233 153.814068993857 159.465041097005 0 0 0 0 176.774052937826 195.669578552246 196.251266479492 0 189.692398071289 208.20524597168 0 165.914047241211 0 0 0 0 0 0 171.398979187012 139.717849731445 148.650295257568 165.555099964142 160.339632034302 176.629265848796 0 219.010940551758 170.008525303432 206.071216159397 0 0 0 188.845100402832 193.280838012695 218.011077880859 0 0 200.924110412598 0 0 245.360900878906 214.229930877686 0 0 0 180.578857421875 199.549537658691 0 222.055725097656 211.770989990234 185.110931396484 0 0 159.72566986084 142.736450195312 0 0 0 234.084442138672 200.099792480469 183.203114827474 179.594915771484 191.026563008626 0 0 246.438247680664 0 0 0 151.114938836349 172.820126003689 133.900295257568 0 0 132.455552419027 188.38200378418 174.894676208496 208.389511108398 0 214.918495178223 0 224.562850952148 161.780284534801 118.030540103004 140.444282531738 197.293426513672 0 0 0
13.4623563842657 6.78456014563119 24.3506968984064 13.186672558582 16.0068481361455 33.1592855791331 58.9335478464762 50.9225549195942 0 33.0755780619434 62.1654182233308 97.0780622435779 0 0 0 0 0 0 165.805389404297 215.912246704102 102.528534767844 111.706036111583 163.285232543945 0 138.342492675781 203.524993896484 115.156257629395 0 78.7404277394119 21.9387726764081 22.4803276896023 81.5270548733798 111.192852020264 128.82332611084 0 0 0 160.374382019043 0 0 90.9311247392134 0 176.740539550781 0 218.563659667969 0 162.197875976562 150.710327148438 148.169883728027 0 153.417091369629 174.295460700989 124.740727560861 115.843828398606 134.620774702592 114.658872503983 110.183891296387 70.1959381103516 0 0 0 0 0 0 0 0 84.207218304015 151.08740234375 137.299713134766 193.884292602539 181.747634887695 91.8712811787923 141.42590193315 85.991330464681 127.272148132324 179.029312133789 94.1801172892253 0 139.450098673503 0 190.535758972168 173.60612487793 127.510694852439 106.543956590735 108.589144656533 85.3597474209098 0 0 195.922012329102 0 199.170593261719 160.84327345628 169.084030151367 178.324953079224 0 122.726622104645 93.1214372846815 86.7983294486999 120.008952670627 0 164.724243164062 157.437210083008 159.300985336304 167.278103298611 135.181442260742 153.154156743264 201.383463541667 121.304426193237 148.423854827881 124.615952555339 150.768814086914 162.847378657414 0 0 0 0 139.410217285156 0 0 0 0 0 0 199.541389465332 0 0 141.517181396484 0 0 0 161.748551940918 138.760711669922 149.79333613469 153.706070609715 163.169502258301 147.114965438843 0 0 178.395380655924 149.132970174154 0 0 0 230.093505859375 169.700822194417 0 0 0 0 0 0 0 0 0 0 0 237.894256591797 218.744987487793 0 0 203.431966145833 192.40581258138 152.766571044922 184.100654602051 152.389981079102 0 0 0 0 0 184.196279525757 157.683691842215 177.521107991536 152.008407592773 0 207.593116760254 0 0 217.344192504883 0 148.056946648492 167.86548699273 130.604019165039 144.156234741211 0 129.969128926595 0 204.055618286133 218.077590942383 177.021636962891 203.563278198242 0 0 150.083186756481 116.680546201509 162.848648071289 188.215927124023 0 0 230.575073242188
19.391660113526 24.3506968984064 9.30304864617096 10.2547139131583 63.259362847142 22.0922720739371 47.8983519084592 10.0502452900115 48.8705512152778 19.7856664256693 43.0308031739619 16.1095286863157 0 0 129.058700561523 181.888710021973 125.842712402344 0 173.276023864746 164.616083780924 104.156296217737 112.714498247419 125.834667205811 160.366500854492 125.090566635132 0 163.969573974609 0 76.2280895983587 46.4990393809325 104.481911420822 92.0970006543536 111.567219578943 117.634668986003 0 0 115.1496925354 146.983004252116 0 0 90.3565560671363 150.545867919922 169.971074422201 143.950973510742 122.648406982422 234.40608215332 154.898791503906 169.919532775879 149.987838745117 206.874603271484 147.646538543701 167.908405103182 122.330604775438 111.068252062014 122.188880784171 110.189548244724 102.921015204453 130.028038718484 0 117.035163879395 217.781646728516 192.073860168457 184.274215698242 232.004600524902 193.6376953125 0 86.100995146198 134.80023765564 0 174.870361328125 179.2424659729 93.587061259561 119.955738830566 95.0883582830429 126.519639474374 173.711719512939 100.905734934705 0 123.411163330078 0 183.862204742432 174.746500651042 122.78882827158 104.279316983482 109.116465798984 84.0123189216436 146.588344573975 175.405682373047 184.825779506138 0 187.52592086792 150.899056667752 170.880336595618 171.563114711217 180.52284749349 113.078535842896 63.625526965106 74.7919984209365 139.9564581977 121.193785095215 174.659159342448 163.003852257362 158.585313669841 161.061534311065 160.801294500178 152.991319911032 159.88728871065 121.167889763327 153.005468853449 121.304981459433 149.135754038306 159.393497495723 0 248.689880371094 0 152.413558959961 154.826763153076 169.469520568848 164.350382486979 167.446395874023 191.80696105957 153.920883178711 0 174.94184366862 169.614654541016 0 166.415232340495 0 0 0 167.038594213025 147.799932861328 149.031647200437 148.16011525472 140.566517421177 148.53020195339 0 0 155.658200777494 164.375760759626 186.949849446615 181.670593261719 0 184.284116472517 168.302442550659 0 154.679590861003 0 161.973879496257 198.756813049316 197.509590148926 0 206.056884765625 224.482604980469 0 181.667449951172 239.00849609375 215.995123726981 202.328247070312 229.291580200195 207.537881033761 192.348987354952 185.898666381836 183.397861480713 142.605700029646 154.846981048584 244.240020751953 0 0 171.698501586914 188.134248687 170.202451433454 148.97065782547 146.295355660575 0 0 239.926623535156 0 190.335314069475 0 143.838222801931 150.535207977295 116.00899611579 143.920928955078 213.924041748047 121.086329680223 208.119165039062 190.584762573242 225.352233886719 189.714721679688 200.26975103525 221.355514526367 231.159149169922 146.267277399699 111.556930176006 139.52159782078 190.306561118678 233.015724182129 159.160888671875 0
27.4295265445639 13.186672558582 10.2547139131583 8.76333251287167 14.5954208401894 13.4515546677456 51.7009448550996 47.8230385499842 60.540415763855 37.3452941460742 46.6576353401266 40.3410001300392 0 0 126.38249206543 0 135.90397644043 0 193.543762207031 0 98.0068372295749 104.39698200078 209.637306213379 185.342803955078 113.337158203125 0 166.495666503906 102.519134521484 70.340694003635 27.8412477818691 41.76826859372 77.2783045592131 96.2527863311768 136.467510223389 0 0 103.585762023926 158.529708862305 0 190.187568664551 83.434000671887 154.68278503418 166.491526285807 143.476547241211 230.614440917969 215.668441772461 146.564793395996 180.818252563477 150.688584136963 0 136.722308688694 160.930917674098 118.126598808709 105.063882785373 120.303284228688 105.296519919003 82.2346613057454 106.276832233776 134.012935638428 0 0 0 167.84627532959 214.372131347656 126.761394500732 180.643463134766 84.4838996237897 155.745989118304 177.674398149763 183.493511962891 183.566805521647 88.4902960430093 118.480882818049 81.8866647084554 123.443379106193 155.45280456543 94.6991030883789 0 111.369861896221 0 187.044417161208 0 117.757546211909 100.347811423057 103.375618029244 82.6945455049214 128.928964233398 192.048679351807 176.404556274414 159.242538452148 167.077102661133 147.59608482592 159.930079142253 167.742251078288 190.326385498047 105.662184715271 67.1645970184531 79.0593602448991 114.933366948908 93.8135299682617 173.009067736174 153.829686781939 155.709817452864 157.153088072743 169.271805657281 150.11218971014 175.216188218859 111.336148834229 151.360652378627 120.058900686411 145.623247483197 155.407764888945 0 0 172.52229309082 0 155.164543151855 0 143.848007202148 201.963424682617 157.817039489746 210.981948852539 201.550918579102 169.888939993722 180.576583862305 204.721918741862 120.611785888672 0 0 196.255477905273 160.817276664402 144.620169067383 143.634021307832 143.8315538764 137.532465483013 144.395213241577 0 181.118621826172 150.22864151001 154.638239080256 147.885482788086 216.568450927734 0 178.064329783122 169.215866339011 0 146.195190429688 0 171.832862854004 174.66283416748 178.508117675781 0 243.631388346354 0 0 0 234.326427459717 215.617792765299 0 240.790985107422 197.692115783691 184.021031132451 168.171427408854 184.068598429362 142.18578248275 137.976583862305 0 215.974990844727 0 0 176.549844796317 167.834176025391 144.815365878018 140.817613300524 209.597969055176 0 229.084112984794 0 0 0 140.647556822504 144.815693719046 101.493821796618 143.253067016602 0 114.919549465179 195.184066772461 0 217.649438476562 170.231281280518 194.752756479624 208.386077880859 0 146.177608671642 108.463101134903 139.498599712665 183.483875910441 186.426399230957 0 167.581436157227
32.328261912406 16.0068481361455 63.259362847142 14.5954208401894 10.0899672193277 19.6740065301632 47.475045077006 45.7337737679482 66.1638043721517 64.0857812833786 45.919059753418 47.3629107726945 0 110.741153717041 134.862434387207 150.487916946411 118.653498331706 129.153053283691 126.648174285889 109.206596374512 86.2046761958719 90.0374265398298 90.8086214065552 137.662826538086 104.525739816519 198.422241210938 150.199442545573 100.658242543538 53.8425444002626 25.4901372208645 12.7318845137654 25.7975886374001 50.2977337291035 56.2179246932741 206.533020019531 0 104.437211990356 120.458017985026 123.507751464844 97.6419296264648 75.8156119189216 0 163.600370407104 113.54740524292 0 111.751888275146 151.262602233887 174.841133117676 143.366552080427 0 147.770760127476 156.713745399758 113.355329690156 104.030108792441 113.148472911907 99.5257285107141 33.4316642441435 40.7179823487492 0 104.302574157715 173.399909973145 172.760919189453 142.933793640137 189.96614074707 101.288389205933 155.371509552002 78.5943511962891 113.522090657552 135.333786597619 166.279502868652 169.488106863839 68.6758408324663 70.1395131257864 73.0729038809228 57.7269693596418 138.186866760254 79.6077647422677 100.704620361328 99.615809740339 0 181.537416541058 0 112.911197013595 97.203355767261 97.9295308039739 78.308052423838 115.487770080566 175.930605207171 178.568084716797 128.808731079102 152.300979614258 144.98207024967 165.940071105957 160.291917800903 173.214532034738 30.9184375637686 64.4526416869391 65.5888118015901 103.245500564575 86.2072563171387 163.120919969347 155.784889808068 148.181302759032 149.400283513631 153.227201843262 142.814694290161 163.6838722229 113.234387447959 145.342819824219 112.345122060468 138.107137783154 145.794418206736 145.917938232422 169.305648803711 0 153.110733032227 138.324181692941 0 147.662826538086 192.480140686035 129.064605712891 155.253204345703 231.094390869141 147.506299336751 159.269302368164 165.069427490234 120.194568634033 167.175010681152 0 217.10693359375 154.060870512032 161.926190185547 137.830440687097 138.621075146015 126.28736516049 140.140733242035 157.359649658203 184.040023803711 145.109178022905 145.282364618211 165.782379150391 157.73329671224 180.890411376953 169.89532623291 159.957996368408 0 161.275207519531 0 135.203064812554 186.063758850098 158.304888916016 0 190.527496337891 189.671710205078 0 0 231.232455444336 213.562951660156 0 234.503253936768 186.448164198134 187.41008928087 180.139533996582 193.802459716797 131.388384152765 168.672635396322 0 220.181221008301 0 0 171.268956375122 156.470444710024 135.530118075284 149.303371082653 0 0 233.978576660156 0 195.272409057617 180.547988891602 132.127489655882 128.008662368312 96.8736157539563 138.107196807861 0 110.736692575308 162.208602905273 188.112731933594 0 168.875930786133 188.174817403158 0 230.367126464844 138.146663665771 103.65420739791 132.159070101651 172.881910436294 0 192.144348144531 162.385772705078
45.0477752428665 33.1592855791331 22.0922720739371 13.4515546677456 19.6740065301632 9.02043998987963 44.1134752085511 41.3952413412241 61.7718528747559 35.3708731239536 40.5036448403901 14.0655185496716 196.578369140625 89.9190788269043 113.065468924386 119.813665771484 108.954563140869 148.116676330566 121.053881835938 120.697430003773 87.1627601659354 87.0450962107669 77.4678959316678 121.33561706543 107.411665039062 77.011100769043 157.5 105.70972442627 72.3262055363487 35.6360997758139 36.4882098971673 14.9836199368079 33.1363542108454 74.380853732427 113.502796173096 0 124.080799102783 111.464668782552 107.196990966797 102.994445800781 81.6867513810209 169.900482177734 174.731405639648 112.330082702637 182.944316864014 159.008724212646 137.208083343506 164.877490234375 162.667068481445 182.510223388672 156.611839294434 170.205409297237 120.212619845072 114.709226926168 120.606825182515 104.727906942368 81.0308811970246 73.9493400162342 115.928709411621 149.045379638672 136.334690093994 179.280253092448 154.223458426339 126.508407592773 115.432155609131 158.685897827148 88.2045198364258 103.747245788574 133.592928718118 162.776977539062 161.600326538086 69.8950895221028 86.4970905981331 69.5249903717933 77.2284535462002 138.952171325684 72.6638781738281 0 87.1186796824137 0 175.341746937145 217.065292358398 120.092258499329 97.0712387160499 100.935464623664 83.429535479946 114.768219629924 186.596521377563 184.528249104818 0 173.316795349121 148.207934061686 168.997371967022 171.968694051107 184.173889160156 28.1756913008789 52.0107662582397 75.6792262150691 104.234558543221 95.2266346613566 157.061708068848 146.234843370391 146.831886939092 147.43206193712 150.077073838976 140.859063598845 150.78924369812 108.003170628701 140.073801851821 108.387531298946 135.085777640863 144.253790409506 0 0 137.887283325195 131.339508056641 136.425391060965 141.753529866536 150.324803670247 221.299011230469 159.153647528754 203.168106079102 148.72677230835 166.686904907227 171.182117462158 182.208694458008 163.238250732422 162.441070556641 0 235.955001831055 152.076915362409 138.206958293915 136.487816656204 135.280040308093 125.005590326646 134.140435772178 150.71511332194 0 139.778759765625 140.497222391764 159.155212402344 159.415522766113 195.020757039388 167.417495727539 161.436101085735 188.530029296875 140.793584187826 0 128.094512939453 201.612866210938 142.124234008789 207.177993774414 232.905090332031 191.06672668457 0 165.315526326497 228.676366632635 215.276937384354 0 231.813331604004 189.122866821289 180.91311229359 145.550592422485 169.291874476842 133.072194629245 128.868386702104 239.390014648438 203.406204223633 0 140.592620849609 169.923647493929 153.832868630545 132.380852394916 132.839708881993 0 0 227.453702290853 241.51000213623 196.847622680664 0 128.395884552002 134.160174489021 99.5264726911272 149.404510498047 200.746185302734 103.928648659353 190.261133829753 156.459365844727 205.535556030273 176.092280069987 185.623490682462 237.622528076172 238.146832275391 136.435195025276 100.306933386429 135.599726284251 172.481026204427 211.130104064941 180.796794891357 155.692230224609
25.955072593571 58.9335478464762 47.8983519084592 51.7009448550996 47.475045077006 44.1134752085511 12.5665383055048 20.8213976050923 7.95679874823127 28.3090383085624 41.8244165434454 74.3819706149218 91.8505477905273 0 0 0 0 197.334060668945 0 0 101.261418269231 102.729942321777 84.9123573303223 0 149.377113342285 0 151.95783996582 0 22.6208069553865 32.0087860436806 52.7671937942505 59.8731091147975 73.3070712965362 81.3698785569933 0 0 0 130.133129119873 121.749755859375 0 83.4577622847124 0 149.577407836914 166.913681030273 118.63460818204 107.123123168945 0 173.008476257324 0 118.967333221436 185.463737487793 143.822010948544 81.2581216210195 74.9684409057986 91.3936553389938 90.2316375732422 60.0762260073707 60.8785424665971 118.242286682129 0 0 226.864013671875 178.492848714193 137.947814941406 0 119.786969502767 82.3294237000602 110.427879333496 147.538192749023 172.159103393555 169.188468933105 87.027082824707 84.5811978975932 80.2766461865655 67.846015829789 0 51.6180720135448 63.3847141265869 112.331578063965 151.07541809082 165.758639017741 140.891006469727 95.4820196151733 89.903789792742 103.22626272062 83.4437930297852 138.174747467041 173.328298950195 179.036645507812 152.866268157959 116.91029103597 132.501620101929 146.588182449341 145.605316162109 193.938772583008 62.2313550265867 26.6223749862239 25.0192639941502 142.199684143066 0 149.330718994141 0 223.869483947754 159.542521885463 0 146.084071350098 181.99437713623 111.009259541829 128.656951904297 98.6127128601074 155.561178207397 146.813125610352 0 0 0 0 157.853126525879 0 0 0 0 170.575866699219 149.893936157227 0 0 0 0 0 0 0 146.981781005859 0 154.350514729818 138.416456604004 0 149.057940556453 0 0 139.170852661133 134.22115020752 0 0 0 190.779266357422 184.880108642578 0 0 0 131.180290222168 0 184.686195373535 222.788009643555 216.066284179688 0 0 0 163.912445068359 0 0 0 217.098785400391 192.043787638346 248.16227722168 221.988357543945 154.159454345703 140.626291910807 219.886306762695 0 0 0 195.061408996582 0 157.035456339518 132.070983886719 180.928939819336 0 0 0 0 0 150.559915161133 149.379132952009 95.6777515411377 0 0 85.4346160888672 0 201.614303588867 0 0 188.298606872559 0 0 159.374753679548 104.824501037598 0 168.498931884766 0 0 0
17.764632357091 50.9225549195942 10.0502452900115 47.8230385499842 45.7337737679482 41.3952413412241 20.8213976050923 12.474515671332 12.695674697978 12.1692745357497 59.2401460647583 45.8705996299277 0 0 0 0 0 0 0 0 100.338872273763 112.925800323486 0 210.981353759766 119.981834411621 0 0 0 70.0833631556669 42.7801395306088 79.9620334080287 97.970630645752 141.531883239746 150.713596343994 0 0 0 229.360885620117 0 0 89.2632997376578 150.948402404785 0 0 0 0 151.173988342285 0 131.095748901367 0 144.864208221436 166.440383121885 95.9193920842532 90.778548969942 105.921875480172 96.3920187268938 98.1529824998644 144.508605957031 0 0 0 164.872528076172 0 0 0 0 88.5219869808275 149.743965148926 0 178.299563090007 192.710075378418 132.061001170765 97.8305236816406 115.017015139262 135.242111206055 0 101.096029493544 0 126.920499801636 0 183.349855041504 0 111.726301943023 101.914762820838 103.194739786784 85.4574766573699 0 184.242946624756 166.739898681641 0 164.275497436523 140.149262237549 157.16865878635 0 0 102.178085115221 73.4530403830788 47.3064286499549 118.220418930054 126.148910522461 124.77466583252 156.154708862305 141.550843715668 143.64434323992 0 135.582644308767 130.783608572824 98.8603426615397 132.939766777886 108.958824157715 133.020297034312 140.554514203753 0 0 0 0 157.465698242188 216.718017578125 223.838851928711 0 0 0 0 135.556701660156 0 0 0 0 0 0 182.643356323242 0 134.173794555664 150.031550816127 175.272644042969 148.158511352539 0 0 190.697685241699 211.753082275391 0 0 0 187.751724243164 180.391166687012 0 0 0 0 0 0 0 0 0 0 181.109100341797 0 210.388168334961 0 0 0 238.961837768555 0 0 143.768737792969 0 0 0 0 0 0 237.972122192383 127.58935546875 189.941207885742 0 0 0 0 236.242980957031 0 146.350217546735 168.365322113037 108.212664286296 188.061803181966 0 108.735563278198 178.336959838867 0 226.934158325195 0 193.881576538086 0 0 160.897109985352 97.1397787729899 105.932591756185 0 0 0 0
41.0430326876433 0 48.8705512152778 60.540415763855 66.1638043721517 61.7718528747559 7.95679874823127 12.695674697978 6.99169346577206 17.2425567853231 33.9401403378218 63.7216088578508 79.4014570448134 0 0 0 0 0 0 0 101.254779815674 70.6320152282715 61.3870086669922 0 76.6404266357422 0 0 0 77.1028993779963 63.4167444864909 75.3754323323568 53.4139475822449 68.399690246582 0 0 0 0 164.774261474609 0 0 86.8762804667155 0 138.65315246582 57.0626289367676 91.2535229194455 99.9871978759766 0 0 0 113.632830597634 0 157.628232002258 56.4351059715089 78.9733572006226 89.5690218607585 0 92.0015691121419 55.1890459060669 0 0 0 143.04573059082 137.721664428711 126.107456207275 207.293960571289 81.9496222103343 89.3211657206217 93.4051971435547 117.965438842773 0 0 57.8341989188359 58.2180576324463 39.6554777622223 86.6398401260376 0 31.5012205201752 85.4855225880941 64.255087852478 133.377456665039 154.935504150391 130.244558334351 107.854369354248 102.122144063314 0 89.6325668334961 79.0330200195312 153.335174560547 143.222162519182 122.853125321238 125.364246792263 90.5108909606934 0 0 0 72.8751602172852 16.4143106185801 18.5736357824887 0 0 0 0 106.813739776611 121.993537902832 0 125.728864034017 0 60.4154739379883 0 74.1670405069987 115.143459320068 126.02547454834 0 0 0 0 0 0 0 0 112.436393737793 0 0 0 0 0 0 0 0 0 0 0 0 0 0 106.845610046387 0 0 110.25170135498 105.638017654419 0 0 146.716735839844 0 127.572723388672 0 0 0 88.4066390991211 0 0 0 221.913848876953 0 0 0 0 0 0 196.323516845703 0 0 0 0 112.096488952637 101.149353027344 0 140.478408813477 0 0 165.488739013672 0 0 0 0 0 0 205.804565429688 0 0 128.843246459961 108.713482666016 108.47745513916 0 226.293579101562 112.440312703451 168.508010864258 0 213.039388020833 0 166.720733642578 0 191.808456420898 149.069564819336 61.1365346908569 101.890037536621 0 0 0 0
20.6527525514974 33.0755780619434 19.7856664256693 37.3452941460742 64.0857812833786 35.3708731239536 28.3090383085624 12.1692745357497 17.2425567853231 11.5712598894604 14.701829477382 17.5609391469161 126.195472717285 0 117.715225219727 0 115.48348236084 207.129653930664 160.001594543457 0 88.5559919753877 102.996811303225 98.9103488922119 217.45437113444 128.873979741877 89.669059753418 161.741368611654 174.498580932617 65.0349003198012 37.1468937124605 98.0662840458385 75.9009425823505 78.3026112874349 127.877097235786 152.472991943359 0 133.974021911621 144.00983581543 165.478561401367 151.901428222656 81.729861668178 134.523696899414 176.121606445312 113.703203201294 128.801278250558 190.176509094238 117.39281463623 186.093908691406 127.108422597249 128.625681304932 124.854334513346 144.322302880225 89.3177788881466 87.2991316486108 97.5068147818881 90.2040882700497 90.4317211877732 90.7599324313077 106.612609863281 103.992462158203 202.237091064453 189.554254150391 191.104206085205 193.079132080078 0 94.4904418945312 71.5977077786885 125.863114577073 183.316986083984 155.478079362349 156.276756873498 78.3183844415216 113.210037404841 81.2126426272922 121.824112653732 192.620868682861 58.7630233186664 83.2503967285156 102.188971710205 158.317108154297 161.648842259457 147.259489059448 101.981965763053 88.2156951408076 91.760471061424 76.4779372483157 124.985212537977 169.213982476128 162.024229049683 141.965313720703 162.729528639052 138.648365152293 150.221070607503 149.384393056234 159.45807823768 107.670377782873 26.8887155949001 44.2386589367468 113.813522138094 115.683036804199 130.817310810089 138.297434026545 136.487760791395 137.550795441882 144.894034794399 130.500782051821 116.431700812446 84.8018152492563 126.49625361243 93.8582327430546 122.960373657394 134.698070417132 230.760971069336 0 0 0 135.938040733337 176.066471099854 102.563583374023 154.417633056641 171.562235514323 175.279151916504 179.742568969727 155.308880615234 171.965084075928 0 0 0 0 188.762181599935 148.307380279937 155.044457571847 128.759493772445 132.211682450881 126.778305347149 135.679563753533 0 0 150.638663609823 154.196401075883 201.641082763672 161.53369140625 211.9658203125 167.520168651234 150.565572102865 0 149.849306973544 153.201370239258 123.955688476562 158.799282836914 194.616022745768 199.575942993164 198.141424560547 196.263299560547 0 156.779132080078 199.39393157959 207.778900146484 198.131313323975 232.140531921387 186.16891336441 168.919295677772 128.45610287315 164.244659805298 127.905346066344 141.048669815063 203.725463867188 172.963363647461 202.669036865234 139.738855997721 166.635318624562 146.927929444747 139.54065246582 121.527023696899 182.043060302734 0 220.756350708008 192.077453613281 178.949966430664 155.834838867188 124.516696090486 132.559614669445 88.4463213140314 147.641167449951 0 95.3346788252907 185.819895426432 151.334615071615 200.040836334229 159.511280059814 182.649602536802 180.768350601196 212.894488525391 133.425609999437 88.5982090225012 97.5918944283818 174.976737976074 194.855133056641 0 0
79.8555876159668 62.1654182233308 43.0308031739619 46.6576353401266 45.919059753418 40.5036448403901 41.8244165434454 59.2401460647583 33.9401403378218 14.701829477382 6.82779930101221 15.9709937550076 115.343994140625 0 0 113.864456176758 0 0 134.452186584473 110.044727325439 76.5632643419154 83.5702313317193 61.5269064903259 0 88.5601482391357 0 191.446388244629 135.224174499512 83.5914082143499 56.5002383788427 60.1305064958395 49.1862587109961 44.8083934921485 95.1188049316406 0 0 0 182.098770141602 0 105.012142181396 83.5043793690355 0 143.563278198242 118.023775736491 105.262903213501 180.868713378906 110.476863098145 0 144.558898925781 0 0 188.979075113932 98.0931966254052 113.008186219231 119.600594369989 116.930218696594 71.3086535135905 108.943061616686 0 0 0 231.44384765625 163.742324829102 0 214.83464050293 104.006172180176 86.3229339723665 112.937605857849 134.880783081055 0 0 39.6969105800544 58.1731098438131 51.651461382818 116.48687616984 209.93635559082 46.1297445217768 67.3010177612305 60.2207361630031 147.853378295898 194.569218953451 148.709538777669 132.024972849879 102.206640355727 97.5987020032159 86.5356535478072 87.8909632364909 151.873519897461 198.819206237793 239.631988525391 178.824404907227 152.66644859314 166.75707244873 0 200.928853352865 49.251731355985 22.7375836945672 54.206573694459 117.335989379883 57.7202033996582 142.484322006638 134.784932613373 131.480124340942 134.570560840894 132.158640428023 126.340561591622 123.088630513942 85.8291987666377 128.177584499783 92.6888880889688 120.184069795429 132.421925238843 0 0 137.985824584961 0 117.341003417969 0 0 173.271949768066 143.162538528442 141.327590942383 0 162.09662882487 209.701019287109 0 172.13550567627 0 0 0 141.457976722717 126.803276062012 123.793206456882 123.241285105221 107.890408255837 122.140419775698 0 0 129.458086515728 130.15473799272 148.301452636719 180.209197998047 0 166.784878899069 144.776952944304 150.858963012695 129.533828735352 0 170.183254241943 163.842763264974 144.345855712891 0 0 180.793629964193 0 152.202419281006 212.353147718641 193.979520525251 207.686851501465 227.916656494141 180.448755571919 166.884381103516 138.331508636475 156.206059047154 118.249952510912 198.560119628906 0 0 0 130.630068969727 161.209823043258 146.087820768356 124.130881415473 119.219976945357 0 203.781021118164 220.306549072266 0 168.843627929688 150.058395385742 117.393918916777 117.577527427673 77.5249705160818 119.298081715902 0 85.2359861687048 182.720245361328 152.005465189616 209.272960662842 149.053863525391 176.70999399821 201.529383341471 220.7646484375 123.42528647938 83.1489576669685 108.305376052856 153.097687911987 183.629028320312 137.35612487793 138.421188354492
75.3892598274427 97.0780622435779 16.1095286863157 40.3410001300392 47.3629107726945 14.0655185496716 74.3819706149218 45.8705996299277 63.7216088578508 17.5609391469161 15.9709937550076 9.35439757623114 0 0 125.831369611952 117.140111923218 124.651458740234 156.108501979283 132.081478118896 120.565954480852 89.5495147511929 93.6246703424761 85.0261969846838 148.795753479004 107.615822456978 202.24348449707 236.651382446289 140.491035461426 91.1795473855639 64.0512941981662 59.8783075279088 19.7457728526572 12.7038413314278 90.9812867641449 171.580833435059 0 109.211708068848 103.490581512451 0 101.072641372681 90.3821304984715 139.157333374023 180.77690633138 145.697826385498 0 139.943761825562 120.053129757152 154.793380737305 143.678644816081 161.779792785645 169.356740315755 174.542950948079 128.656361109094 123.260220345997 132.819083077567 119.594288053967 83.8444635200501 67.3518155951249 109.886951446533 148.853637695312 132.778388977051 178.384592692057 200.208953857422 212.496475219727 155.058242797852 97.5334701538086 93.7590350903963 114.717884216309 180.915659586589 182.192291259766 195.160861968994 39.2386061621899 57.5187829081852 68.793355235347 87.3764276749048 0 58.909720305997 0 66.2546219090053 172.982284545898 192.535475413005 0 130.957306159722 110.892864574086 110.932911655359 93.365935643514 117.667216300964 189.768590291341 201.730587768555 176.509134928385 150.854869842529 162.032977803548 176.781498500279 192.2009862264 169.162618001302 57.9582701964155 41.7925844532263 85.8106082797975 107.470164594979 96.8476371765137 165.417918458277 157.350659405744 153.195754405988 154.61270049947 152.611983048288 144.78711968403 148.113777160645 112.706403127531 146.299880012633 115.889317068293 140.960632638769 150.761461146583 175.867396036784 129.768692016602 0 0 142.477064005534 0 178.495723724365 179.017346191406 156.961213684082 187.863755967882 154.672439575195 160.465085029602 171.96796875 156.797434488932 152.257514953613 180.750900268555 0 209.843078613281 156.466537286036 139.434771118164 138.496142381074 138.202860870043 125.038550615311 140.652616944605 180.91487121582 138.985122680664 147.137989225842 148.74167819899 201.668602837457 166.663116455078 179.199523925781 171.737769386985 160.358497236417 225.963851928711 155.107879638672 0 143.000018726696 189.322350638253 148.902623494466 225.787704467773 227.933578491211 190.207605361938 0 179.720392227173 224.378540886773 212.597210884094 215.873748779297 241.112615966797 194.250307113405 180.069068533475 167.327571868896 171.322045220269 134.980743000526 136.297487894694 0 215.726318359375 0 140.03493754069 177.816568186585 158.819380442301 141.258830006917 139.009720865885 246.725051879883 223.029022216797 235.323089599609 232.199478149414 186.604026794434 0 133.247074379906 134.092904345824 96.2073118455948 150.41832113266 0 114.419483886719 207.861764907837 177.851414998372 199.096313476562 182.300488789876 188.367008860518 211.917404174805 215.280822753906 137.744542429003 105.397440763895 142.493423137259 179.775513747643 176.934153965541 210.455413818359 0
0 0 0 0 0 196.578369140625 91.8505477905273 0 79.4014570448134 126.195472717285 115.343994140625 0 12.943184331037 0 124.198608398438 97.3471961551242 48.5246880054474 18.9737825932814 23.1329508691232 44.4100155697929 211.93327331543 115.126173836844 102.205122811454 84.9554928370884 112.573120117188 0 62.4711013207069 53.3609451293945 150.767753601074 0 89.0314559936523 120.213172912598 68.9044886997768 0 135.75085067749 0 65.1315460205078 58.893088722229 78.2217061896073 0 95.9861591884068 110.957066853841 101.220584869385 25.2008977612215 18.0577086374352 26.6935125013895 152.972030639648 132.610270690918 150.394709269206 52.0199400436046 106.373227437337 103.202966938848 151.431655883789 204.547515869141 160.572245279948 0 111.958717346191 127.402281188965 142.44847869873 0 90.7033923755993 142.814494541713 106.915531158447 64.2309967041016 52.1077781677246 27.238222678197 128.131074905396 106.255157470703 76.2498434702555 167.781003316243 0 75.2631895524742 70.5904319572449 32.0421834361428 144.675048828125 116.543868473598 65.653395441091 32.1859878006472 69.3493305326763 83.3293375414471 102.128916690224 74.467981369769 164.085266113281 130.207427978516 140.809844970703 124.999130249023 144.572303771973 94.0250598259692 85.2081945283072 64.1150463245533 62.2559013836069 0 0 135.629913330078 109.403263727824 0 70.9939387394832 97.0397171974182 160.898132324219 0 0 169.835289001465 0 194.506568908691 0 150.01335144043 0 0 169.62084197998 0 139.650717163086 159.720952351888 132.656127929688 96.659518983629 71.8017133335172 118.912049429757 134.220966974894 94.0653216838837 141.240844726562 87.1342859183364 129.738147190639 92.8980319804125 120.399119059245 179.800369262695 0 151.470478057861 151.946708679199 113.727860005697 0 100.834665298462 156.600428263346 0 143.289443969727 160.491490681966 117.621604919434 143.141269138881 110.46981048584 121.097755432129 141.469565391541 143.529438781738 86.256317418031 130.152877807617 91.7459351057859 0 150.025177001953 121.972032720392 65.6932692989226 76.2218710581462 122.746542986702 87.1716536015782 130.380060831706 170.334677124023 135.498385429382 211.440765380859 0 92.1306635538737 149.802536010742 0 141.79977162679 191.248402913411 0 0 0 197.3232421875 120.842948913574 137.222274780273 84.647572517395 112.117285029093 125.526493835449 39.5316371267492 162.766937255859 174.542897542318 133.225456237793 131.273808797201 125.610398428781 108.606068363896 145.00040435791 189.819221496582 96.4667857155871 117.342657906669 153.478191375732 150.591089248657 46.7293733171942 121.299812316895 113.202426274618 126.133318901062 136.216720581055 53.0385360717773 169.227783203125 161.431129455566 0 133.23176908493 144.88745880127 128.578380584717 125.438984462193 0 0 155.767364501953 115.493598937988 180.050674438477
0 0 0 0 110.741153717041 89.9190788269043 0 0 0 0 0 0 0 17.2952814281617 14.4013044915916 53.9649886306451 12.337197739579 77.7270648094916 91.9520488739014 68.1061918424523 56.1205876668294 87.8138170878092 57.7182905651274 81.2311279412472 73.476224899292 82.7142728169759 34.0137326008713 29.8467539284234 102.008186340332 89.0536804199219 73.1436994340685 112.247001647949 65.4032487869263 67.4072561200881 26.1067015286769 27.5924143564096 25.160760157903 64.7757935774954 71.0168803447002 31.3798282949821 70.8919958750407 78.4746381586248 92.1306555271149 114.110604095459 198.875366210938 125.772423484109 56.6202661528004 135.972070482042 106.078961690267 0 0 0 144.737121582031 106.232849121094 0 0 91.0213895525251 60.6459214137151 43.133370885576 35.1731731266762 124.31021194458 126.465507507324 86.4665008766064 67.9347014427185 65.3217395983244 121.40633392334 98.7522159152561 69.8041025002797 78.1857899873153 135.864437103271 187.477066040039 0 125.59073638916 57.8717235824437 72.2681727915503 131.235181635076 140.227493286133 0 155.852500915527 0 167.548553466797 0 0 151.738693237305 0 95.1459935506185 72.1345346962533 153.758422851562 170.278954823812 0 123.307026949796 115.942308425903 0 149.969100952148 117.824870716442 86.7891688627355 0 0 79.7901201248169 74.4742591164329 0 0 149.786987304688 0 0 0 0 0 0 0 0 0 119.884135679765 109.200083096822 114.084865570068 108.087371114095 108.64964056015 106.420756792781 117.360187212626 116.956547506924 116.741667366028 118.20345852322 112.440038157775 134.383241653442 138.231399536133 120.883256530762 115.947736740112 142.601060390472 117.677903608842 122.370378347544 0 0 0 171.058303833008 0 177.252288818359 120.752273400625 108.196199629042 130.294181060791 117.218814304897 139.801484051873 119.805058213531 130.882654190063 129.870460510254 139.805738830566 147.933399963379 168.246612548828 0 111.983474077497 132.220255116947 125.608899434408 192.741363525391 182.333837890625 170.838470458984 151.369379679362 0 0 229.757522583008 0 202.315612792969 0 0 0 0 137.702699279785 123.676758261288 135.022003173828 152.335069216215 129.404083251953 0 0 164.838317871094 0 144.133670261928 217.090179443359 153.298497517904 191.430557250977 182.50439453125 168.646823883057 0 0 114.747484588623 82.5482470568489 163.073361206055 172.212286376953 96.8775833129883 216.863739013672 0 0 0 0 0 182.234489440918 0 0 0 148.364685058594 161.465291976929 121.433601379395 119.078102111816
0 0 129.058700561523 126.38249206543 134.862434387207 113.065468924386 0 0 0 117.715225219727 0 125.831369611952 124.198608398438 14.4013044915916 9.10987673236898 19.9109698895225 12.5736072510783 33.4884562192342 47.9011917372008 9.99271023310916 67.5299070607061 99.5385510458875 48.4166117609421 79.784836302588 94.255973815918 66.5339171189528 37.6272931422295 21.5459827855949 105.595012187958 142.331373596191 72.1875470896236 127.878630638123 69.6566036224365 58.7644226537884 29.831373144716 26.9936478732751 25.6073740451737 75.427759917741 40.3110925990438 40.7419869195524 61.4747423823478 69.6180573410875 95.5448474971929 109.915372675115 110.3376121521 110.464036560059 64.2728242480065 101.923795291356 89.6258117675781 152.176010131836 0 175.805599212646 138.696365356445 148.626083374023 128.432039533343 115.182637532552 95.6813973563058 55.1293597445924 43.3907428059035 31.2874568603951 102.30208341925 106.631942394168 70.9755966502025 58.5819265261218 46.2211895960682 88.4802229404449 128.019993252224 66.1407796241142 61.5010872903149 126.003060125536 123.448841752677 94.6946868896484 107.011254501343 52.7548314532497 64.1488013422766 96.6221509066495 147.00541142055 0 127.586972554525 0 136.183401489258 0 147.268882751465 143.614426832933 126.319938659668 92.3763412475586 66.8057326275369 141.593359947205 133.263724136353 141.269436229359 119.658708087469 113.345312279391 151.486282348633 119.00252859933 114.662300387296 82.1986864450816 123.703880310059 117.866380055745 110.60669793023 70.9154196845161 0 0 135.678115844727 0 0 130.680847167969 0 0 116.531867980957 0 126.921169281006 0 110.935943659205 101.597949520572 96.9787910098121 101.342395364422 104.740096763328 100.234593145197 110.927481333415 104.614522493803 110.035390304307 108.009343857931 103.639016830382 108.30752643786 141.87636756897 117.459676742554 100.860079388286 126.6365553538 114.472551981608 109.347498540028 162.653953552246 0 0 187.201126098633 97.1418228149414 121.243047078451 113.612867589582 102.147483189901 131.661410861545 113.573923433744 109.164192800447 111.550692348615 126.122370765323 120.389610290527 122.976642261852 135.302220899005 121.094373703003 98.7347564697266 95.6990152339345 121.593666108988 123.329962894834 187.395075480143 181.468778610229 204.353622436523 0 177.287445068359 0 171.017883300781 0 201.114120483398 0 175.804359436035 0 0 138.340273539225 116.507397349288 152.506527709961 138.223675697728 139.513574160062 75.2766930716378 167.428115844727 172.682148524693 130.429649353027 126.691823714819 163.512867518834 149.735585675921 194.258387247721 171.621349334717 153.028675896781 153.548989613851 113.495018005371 109.087099978798 70.1978404849183 173.894854736328 169.674754333496 94.7664489746094 146.922943115234 124.543445587158 166.78182220459 152.018788655599 155.554779052734 163.388067245483 167.169481913249 157.052127075195 102.687704086304 0 139.748512268066 132.137763977051 131.133829116821 0
