34444 6439 14270 5889 2862 8427 12784 8816 124 3184 72 4387 0 6 1 4 1 3 1 2 48 17 0 6 15 0 14 9 4822 4919 370 19 24 7 1 0 1 0 6 6 300 5 15 2 0 1 4 42 70 11 98 473 103 995 168 249 100 11 2 2 5 51 13 10 21 3 306 6 14 167 91 129 9 7 77 21 11 0 94 23 113 13 877 565 525 212 35 18 34 12 24 589 424 227 80 232 323 2891 53 40 309 37 260 321 25 589 134 106 259 172 300 495 1 0 0 0 1 0 1 0 1 0 1 0 4 0 0 0 0 0 39 0 97 103 2 102 0 0 13 10 0 0 0 10 20 2 1 0 0 3 3 0 2 5 1 1 48 3 42 17 17 22 8 69 70 0 4 0 0 1 38 15 2 1 0 3 9 2 6 1 186 13 3 1 0 34 3 1 14 17 19 3 0 9 129 72 30 2 0 1
6439 9592 6612 8863 1403 3517 247 159 35 331 28 1492 0 0 0 3 1 2 0 1 45 9 3 2 4 0 6 4 830 1634 61 3 12 7 0 1 0 3 3 2 216 4 5 0 0 0 4 20 38 1 30 118 23 235 32 158 111 5 2 0 3 30 5 2 10 1 261 1 11 48 47 30 5 6 40 11 5 0 23 4 37 3 259 217 433 162 19 12 19 4 4 246 179 85 31 46 105 261 20 22 85 9 63 86 11 166 35 14 73 29 108 169 0 0 0 0 0 0 0 0 0 0 1 0 1 0 0 0 0 0 12 0 33 52 1 39 0 0 3 3 0 0 0 6 10 1 0 0 0 0 1 0 1 4 0 0 10 2 10 7 4 5 4 14 30 0 0 0 0 0 11 7 3 0 0 1 1 1 3 1 76 3 0 0 0 11 0 1 3 3 9 0 3 4 50 15 12 0 0 0
14270 6612 14422 4310 209 2069 1691 15420 278 5398 171 11190 0 4 3 4 1 2 4 1 112 32 4 14 19 0 27 24 1034 339 94 14 49 17 3 2 2 2 14 9 504 16 29 2 3 3 4 72 152 7 122 483 84 754 125 461 198 16 4 2 8 80 20 20 55 4 564 13 37 232 172 108 9 10 124 49 16 1 64 23 128 11 906 792 1170 438 70 33 56 14 37 786 583 362 157 105 608 948 109 72 414 51 437 481 57 928 186 145 419 242 574 855 0 1 0 0 1 0 7 0 2 0 2 9 3 1 0 0 0 0 64 0 142 164 1 172 0 0 14 16 0 2 0 20 31 3 0 0 0 0 1 1 1 6 0 3 37 10 55 18 27 29 11 101 112 1 7 0 0 0 47 21 6 3 1 5 12 8 10 1 264 25 8 4 1 59 2 5 5 25 39 5 6 10 254 98 42 2 1 2
5889 8863 4310 13726 3410 7971 101 73 25 260 18 1544 1 1 0 1 0 2 0 0 40 11 0 3 9 0 2 1 635 1965 202 10 12 5 0 0 1 2 2 1 117 2 5 0 0 1 1 19 22 1 9 46 15 124 23 94 135 2 0 0 4 16 2 4 11 0 160 4 3 28 26 42 5 0 27 4 3 0 16 4 14 1 108 133 287 188 9 5 5 3 5 106 63 45 19 53 189 139 31 11 121 37 152 206 23 415 68 36 133 71 216 407 0 0 0 1 0 0 0 0 1 0 1 3 4 0 0 0 0 1 26 1 78 86 1 72 0 0 4 7 0 0 0 10 18 0 1 0 1 0 0 0 3 6 0 2 4 1 6 4 7 14 3 33 69 0 1 0 0 0 22 13 2 0 1 1 9 1 3 0 154 11 1 1 0 34 4 0 2 2 16 3 1 3 116 37 24 6 0 0
2862 1403 209 3410 9784 9226 224 28 26 48 15 2196 8 12 10 7 0 21 6 2 138 100 5 11 27 0 17 14 3657 6094 13799 429 401 93 0 3 35 41 13 2 225 5 18 2 7 9 3 26 29 4 20 125 28 395 58 167 1588 43 8 20 44 28 12 10 24 1 410 21 53 58 39 191 19 11 319 44 19 2 61 6 26 3 306 315 631 475 37 11 11 6 81 203 124 76 38 1296 167 470 150 859 47 18 30 53 15 128 22 21 40 20 84 252 1 0 0 0 3 4 7 3 3 5 6 6 7 0 2 1 0 0 12 0 67 108 3 133 1 0 34 26 1 6 0 8 12 1 3 1 6 7 3 0 2 7 1 6 12 2 12 5 6 9 1 16 77 6 2 1 1 0 19 6 8 5 2 4 8 2 10 2 167 30 6 10 1 60 3 4 4 6 9 0 6 2 38 15 13 1 3 5
8427 3517 2069 7971 9226 5450 637 226 53 732 67 11542 7 8 3 6 1 13 3 6 140 98 6 10 23 1 8 11 3066 5764 4684 923 410 46 0 1 16 26 14 5 258 6 18 3 9 3 2 34 51 1 49 169 40 418 71 213 484 19 4 10 32 48 8 13 34 1 296 9 32 66 58 492 19 21 140 36 41 3 87 2 48 4 387 336 691 406 34 12 23 9 68 286 167 131 49 517 506 842 137 109 217 59 261 423 47 653 137 81 253 120 391 923 0 1 1 1 4 1 8 2 1 2 8 13 10 0 1 0 0 0 61 2 196 227 2 239 0 0 41 40 1 3 2 19 38 1 3 0 9 5 2 4 8 12 0 2 17 9 14 8 11 26 10 84 144 1 3 1 1 0 71 22 11 3 0 9 12 7 7 5 444 49 8 17 0 122 1 3 2 20 35 7 9 12 190 50 49 5 2 3
12784 247 1691 101 224 637 9661 5766 1350 2654 71 717 0 1 1 1 0 0 1 0 5 4 1 0 1 1 4 2 1013 410 142 9 21 4 0 0 2 3 1 0 42 2 5 1 0 0 0 10 13 8 41 118 92 395 113 38 14 4 0 0 0 9 2 2 10 2 40 4 6 29 26 86 4 8 31 3 9 1 30 7 31 5 315 148 86 21 6 3 7 2 3 150 105 38 12 111 738 3313 7 17 129 7 100 99 12 160 28 38 102 64 84 126 0 0 0 0 1 0 0 0 0 0 0 0 2 0 0 0 0 0 14 2 30 33 2 37 0 0 6 9 0 0 0 3 6 0 0 0 0 1 1 1 2 0 0 2 12 0 15 5 7 5 3 28 27 0 2 0 0 0 16 1 4 2 0 1 6 1 1 0 50 15 5 0 0 14 2 3 3 2 7 0 1 0 39 29 9 1 0 1
8816 159 15420 73 28 226 5766 16711 1971 18874 400 1518 0 2 0 2 1 0 0 1 11 2 0 2 3 0 1 0 125 57 9 5 9 2 0 0 2 1 1 2 67 1 2 1 1 0 3 9 20 3 31 112 67 354 75 67 30 2 0 0 1 11 4 3 3 0 70 3 7 43 21 58 3 7 22 6 46 0 37 11 33 2 329 162 169 51 11 7 7 2 1 153 117 49 13 29 571 1165 11 9 253 40 217 245 31 506 91 83 269 163 238 384 0 0 0 0 0 0 1 0 0 0 1 2 3 0 0 0 0 0 40 0 91 71 0 80 0 0 4 4 0 0 0 7 25 0 0 0 0 0 0 0 2 2 0 0 12 0 8 9 13 11 9 56 45 0 2 0 0 0 26 8 2 0 0 3 8 1 4 3 140 9 3 0 2 30 2 0 2 10 20 3 3 4 105 81 17 2 1 1
124 35 278 25 26 53 1350 1971 719 3010 182 405 2 0 0 0 0 0 2 2 3 3 0 0 1 0 0 0 54 8 1 24 136 5 0 0 0 1 0 0 12 0 1 0 78 3 0 1 1 54 5 21 24 29 30 7 5 4 0 0 1 0 0 0 1 17 13 2 0 4 0 563 23 98 15 3 197 11 93 16 9 18 20 17 18 14 2 27 9 26 21 15 6 4 0 60 1926 823 5 3 58 1 39 27 5 84 10 14 34 22 50 87 0 0 1 0 1 0 2 0 0 1 0 1 2 0 0 0 0 0 7 0 18 46 0 52 0 0 6 8 0 0 0 4 6 0 3 0 0 4 1 0 2 0 0 2 2 1 2 2 0 0 1 11 29 0 2 1 0 2 12 5 2 1 2 4 4 1 12 4 42 7 5 0 1 21 1 0 4 1 5 6 0 3 23 17 4 2 0 0
3184 331 5398 260 48 732 2654 18874 3010 34109 13249 25239 0 4 1 0 1 2 1 0 30 7 2 1 6 1 3 3 211 58 20 22 46 9 0 1 3 2 2 2 175 1 7 0 2 1 2 18 33 0 39 207 78 286 88 120 50 5 0 1 5 18 5 3 11 0 145 1 15 66 46 544 8 6 45 10 1391 1 418 5 38 2 288 204 268 105 11 8 12 4 12 216 174 79 29 54 3009 1682 28 16 788 84 796 943 61 1560 386 263 844 487 788 1234 0 0 0 1 4 1 5 0 0 0 0 3 11 1 1 0 0 1 92 1 174 173 0 171 0 0 10 16 1 0 0 20 43 4 1 0 0 1 0 3 2 10 3 2 26 5 8 17 38 45 18 143 112 0 5 1 0 1 75 24 5 0 0 6 20 11 5 2 314 18 5 5 2 53 1 1 5 29 53 3 10 10 365 186 64 5 3 2
72 28 171 18 15 67 71 400 182 13249 2674 2243 0 2 1 0 1 1 0 0 12 7 0 1 2 0 1 2 71 24 19 49 20 1 0 0 1 0 0 0 44 0 1 0 0 0 0 4 4 1 4 34 16 46 7 23 18 2 0 1 3 5 1 0 2 1 36 0 1 6 5 732 4 7 19 2 246 0 221 0 11 0 30 55 82 45 3 1 3 0 6 43 21 9 7 31 1770 250 6 4 162 37 211 276 40 559 80 57 196 98 319 608 0 0 2 0 0 0 1 0 1 0 0 5 4 0 0 0 0 0 33 0 112 115 1 81 0 0 3 4 2 0 0 9 30 0 1 0 0 0 0 1 1 6 1 2 7 4 1 2 11 15 7 62 90 0 2 1 0 1 34 17 2 0 0 7 5 4 4 2 220 10 4 0 0 39 2 0 2 11 36 2 3 5 174 40 32 2 0 0
4387 1492 11190 1544 2196 11542 717 1518 405 25239 2243 20478 5 9 5 3 3 11 4 2 178 120 7 10 25 1 9 10 1747 2508 1159 886 963 27 0 0 17 16 13 5 440 8 31 6 18 9 7 50 47 2 50 213 49 421 89 306 316 14 6 12 16 48 15 10 38 3 435 14 41 84 53 1649 39 51 174 28 250 2 468 6 65 5 411 446 880 527 62 10 26 10 56 365 258 168 82 827 3237 1022 158 74 721 162 811 1221 178 2293 361 261 847 419 1352 2802 0 2 1 1 8 8 19 3 5 6 8 12 33 0 2 1 0 2 160 1 548 724 3 547 1 1 50 62 4 13 1 71 118 3 4 0 7 6 6 2 8 32 2 10 29 19 33 24 52 74 10 219 431 3 10 4 0 3 181 67 24 3 0 18 36 11 25 11 1224 79 19 23 4 311 9 3 9 47 112 4 19 36 752 158 132 15 5 8
0 0 0 1 8 7 0 0 2 0 0 5 6040 4 2 16 82 301 5699 562 1 4 9 84 3 4 120 108 2 1 0 7 64 17 1 0 80 903 44 9 15 4 117 6338 7119 1754 6 7 5 125 5 33 1 1 0 0 1 2 0 0 19 3 12 151 132 2088 1 0 25 2 6 225 1193 689 2 19 354 371 1023 60 13 115 1 5 1 4 1 69 27 110 292 1 0 0 15 24 27 1 5 1 0 0 0 0 0 2 0 0 0 0 2 2 8 77 1886 10 1 260 27 1751 23 942 82 3 3 0 5 8 2 82 3 0 1 6 0 13 72 10 51 70 303 23 22 2 3 8 375 56 195 3130 5 2 2 0 0 10 0 0 1 3 1 0 0 1 6 13 274 26 6 1158 2 4 2 2 9 180 0 0 346 10 6 38 211 1 11 16 2 17 2 2 0 28 5 0 1 0 0 0 1 1
6 0 4 1 12 8 1 2 0 4 2 9 4 7982 7671 1527 297 168 67 148 111 316 1243 1031 69 108 4025 2319 156 3 39 17 22 389 3387 1359 234 36 517 797 2236 46 358 43 1 33 2257 19 29 0 3 7 3 74 5 4 376 1222 2664 284 104 22 37 186 792 0 200 1263 409 7 3 11 25 1 1013 41 3 7 21 1 1 0 33 66 58 77 104 0 7 0 27 36 9 13 43 54 3 11 118 64 0 2 0 1 0 1 0 0 0 0 0 3 18 4 9 14 21 64 103 21 55 135 195 12 15 2 21 1 0 7 1 0 2 10 6 18 9 12 74 202 2 91 1 0 6 1 2 1 64 17 59 1 2 0 0 3 0 0 1 1 0 1 0 0 4 33 1 4 0 0 3 2 2 15 1 5 0 0 7 0 13 78 9 28 1 17 0 0 1 1 1 6 2 0 0 1 3 5 3 29
1 0 3 0 10 3 1 0 0 1 1 5 2 7671 12504 8959 396 1010 79 791 60 282 1008 377 34 40 1108 3528 26 2 16 13 15 142 367 47 78 29 871 126 1980 63 204 17 3 30 163 22 43 0 0 1 1 18 0 3 90 284 68 56 271 32 32 65 676 0 50 130 491 7 4 12 12 5 244 60 2 2 11 0 0 0 9 13 30 28 12 0 9 1 57 31 2 16 59 34 0 4 63 17 0 0 0 1 0 3 0 0 0 0 2 5 19 2 12 21 20 35 124 27 40 85 138 12 19 1 14 4 0 7 1 0 1 7 10 30 14 24 61 167 1 124 1 2 7 4 5 0 64 16 40 3 2 0 1 0 0 0 0 0 0 1 0 0 3 45 3 16 0 2 2 2 3 13 1 3 2 0 4 1 5 59 13 25 0 16 0 0 1 5 2 3 0 1 0 0 3 12 6 31
4 3 4 1 7 6 1 2 0 0 0 3 16 1527 8959 11492 381 1285 1493 1732 10 45 577 830 32 60 544 4996 13 2 5 6 45 133 17 12 424 440 3127 64 1613 240 628 15 6 73 38 131 130 1 0 1 0 4 0 3 15 54 40 42 688 101 56 53 678 2 19 43 1135 46 34 15 91 12 45 383 2 4 6 0 6 0 7 4 6 7 7 4 48 12 173 83 6 69 243 22 2 0 11 4 0 0 0 0 0 1 0 0 0 0 1 1 26 45 159 21 13 166 38 244 37 530 103 6 5 0 4 12 1 78 3 2 3 7 2 11 220 56 56 40 32 156 2 1 4 6 10 10 127 80 24 6 4 0 0 5 1 0 0 0 0 0 0 0 4 40 5 16 3 7 2 3 2 9 5 7 1 0 17 4 8 77 35 3 6 31 1 4 3 1 0 10 12 0 1 0 0 0 2 4
1 1 1 0 0 1 0 1 0 1 1 3 82 297 396 381 960 407 386 1947 53 258 216 47 68 36 24 5 3 0 1 3 12 54 6 17 93 437 20 92 304 7 46 13 45 138 39 3 6 0 1 2 0 4 0 6 3 42 6 18 121 4 2 1 6 3 8 17 1 2 2 11 19 42 51 9 0 0 16 0 0 0 5 4 33 54 13 0 1 1 82 5 3 5 21 14 3 1 103 3 1 1 1 0 0 5 0 0 0 1 0 5 52 4 14 45 48 50 261 11 130 103 292 21 54 3 47 7 0 10 1 1 7 27 25 59 33 24 185 422 8 284 0 1 14 6 10 3 134 37 185 0 1 2 0 1 1 0 0 0 0 0 0 2 12 101 5 13 4 13 6 3 11 51 5 10 1 1 14 1 25 190 40 77 1 48 0 0 0 15 3 1 4 0 0 0 11 15 15 91
3 2 2 2 21 13 0 0 0 2 1 11 301 168 1010 1285 407 10928 3199 1375 23 65 184 2061 52 30 1858 610 4 1 1 18 206 274 52 9 388 894 3206 56 732 154 1238 107 74 6325 48 219 93 2 0 3 1 7 2 3 11 29 9 148 8257 114 138 412 377 104 20 18 423 41 31 50 417 103 84 703 3 1 33 1 5 2 10 10 11 20 9 2 58 23 487 72 12 67 248 144 2 0 46 9 1 1 0 0 1 1 0 0 0 0 0 7 77 304 2338 53 10 616 53 2589 48 2459 163 7 8 6 3 83 24 784 5 0 6 23 3 49 795 83 100 141 420 236 35 3 16 20 101 122 412 1663 31 9 7 0 0 8 1 0 0 2 1 1 0 3 13 54 89 113 7 226 4 3 8 4 9 91 4 0 86 6 39 126 182 12 11 45 0 2 7 2 2 18 9 1 1 0 2 2 0 7
1 0 4 0 6 3 1 0 2 1 0 4 5699 67 79 1493 386 3199 16035 5462 42 149 173 551 101 143 726 87 2 1 1 3 100 113 67 3 529 2248 37 307 286 51 380 996 1232 1956 78 32 46 26 0 1 0 5 1 3 2 5 3 4 227 28 58 58 43 227 5 13 36 21 24 37 659 673 12 117 23 11 62 1 2 12 3 6 15 28 15 10 30 144 1500 36 4 26 136 16 7 0 58 2 0 5 0 2 1 6 0 1 2 1 2 16 179 211 1231 182 84 1283 402 2315 285 4130 996 43 39 6 41 89 23 523 4 14 11 63 26 82 1058 266 448 722 216 925 26 2 24 33 175 52 933 892 255 22 13 2 2 20 2 1 2 1 3 1 0 2 12 276 80 93 7 212 7 23 30 59 16 98 4 4 275 22 99 624 727 68 22 259 0 7 3 8 3 39 22 4 3 0 15 13 11 86
2 1 1 0 2 6 0 1 2 0 0 2 562 148 791 1732 1947 1375 5462 5618 61 263 261 191 92 119 99 12 3 0 2 3 8 38 11 5 69 159 35 225 504 22 149 46 150 531 59 13 28 3 0 1 0 0 1 4 5 24 12 17 256 10 10 16 10 25 8 16 14 6 3 10 48 86 38 26 5 3 13 0 1 0 1 3 37 45 18 0 10 20 276 23 1 15 54 7 2 0 88 5 0 1 1 0 2 1 0 1 0 0 0 3 143 28 87 99 77 146 368 58 197 449 493 42 49 5 79 30 5 39 2 5 5 19 23 46 140 89 232 491 9 601 6 0 20 18 15 3 281 91 219 5 1 0 0 6 0 1 0 0 0 1 0 0 8 193 18 21 3 23 6 9 10 64 2 22 1 2 31 0 38 288 72 71 3 94 1 0 0 10 4 7 7 0 1 1 8 22 10 103
48 45 112 40 138 140 5 11 3 30 12 178 1 111 60 10 53 23 42 61 3145 5854 315 209 320 71 49 19 47 16 101 68 201 288 10 18 160 185 18 75 1519 24 147 19 1 11 118 19 15 0 2 7 0 6 3 476 66 155 23 57 31 13 25 35 32 1 32 97 37 7 3 97 100 8 715 17 7 0 64 0 2 0 86 57 2461 1088 140 0 8 4 27 23 9 15 76 358 29 12 1525 133 1 2 2 6 0 10 0 1 1 1 6 24 0 0 0 2 4 3 17 2 10 3 7 1 5 0 1 1 0 0 2 0 12 31 3 41 2 2 24 60 2 6 0 2 5 1 0 0 13 2 6 1 1 0 0 1 0 1 0 2 0 4 0 1 11 5 1 0 0 1 3 5 3 3 1 6 0 0 7 3 43 20 6 9 1 15 0 0 1 1 2 1 0 2 4 1 3 1 1 6
17 9 32 11 100 98 4 2 3 7 7 120 4 316 282 45 258 65 149 263 5854 16018 4418 1538 3622 733 510 77 81 10 80 111 484 974 45 31 800 722 92 1130 2288 182 2022 74 11 46 444 78 128 1 5 8 2 30 6 141 95 415 62 289 198 128 271 351 190 0 114 229 206 52 17 210 380 6 1388 121 13 3 144 0 5 0 62 119 3670 2058 425 2 40 15 148 73 25 100 699 503 15 10 6356 190 2 2 1 2 0 5 1 0 0 1 4 12 1 4 8 6 18 5 66 3 30 25 64 10 10 2 5 1 2 2 2 0 8 32 4 63 0 2 76 165 3 34 0 1 5 2 2 0 21 11 27 0 5 0 0 7 2 1 4 2 2 5 0 3 13 17 3 6 2 2 3 1 11 11 8 6 0 2 22 1 31 58 13 21 5 22 1 1 6 4 4 12 2 1 4 2 7 3 1 11
0 3 4 0 5 6 1 0 0 2 0 7 9 1243 1008 577 216 184 173 261 315 4418 8934 9917 888 5628 633 471 16 2 9 8 52 270 88 48 439 217 189 2438 8817 1978 1836 60 1 61 296 87 274 1 3 3 0 12 1 8 39 52 143 64 163 55 83 90 77 0 46 150 142 24 16 13 69 1 98 88 0 9 30 0 1 1 10 38 85 147 48 2 39 14 125 125 5 78 476 30 1 1 410 13 0 0 0 0 0 0 0 0 0 0 0 1 2 0 5 3 2 7 17 8 8 23 28 0 1 0 1 0 0 2 0 0 0 4 1 6 1 1 11 29 1 12 0 0 0 0 2 0 9 7 5 1 1 0 0 7 0 0 1 0 0 0 0 0 2 3 1 0 1 1 0 2 2 1 1 2 1 2 17 0 7 13 0 3 2 2 0 2 4 0 0 16 3 0 0 0 2 1 1 3
6 2 14 3 11 10 0 2 0 1 1 10 84 1031 377 830 47 2061 551 191 209 1538 9917 11248 2582 4011 5558 532 24 2 8 3 17 46 702 168 52 72 1329 3062 3422 6170 3156 103 26 1000 2801 87 325 3 2 10 2 46 4 26 88 25 105 12 2338 73 104 275 344 4 355 146 350 35 29 12 70 3 64 227 3 14 44 0 5 2 43 183 184 468 259 4 29 16 601 153 23 74 344 27 5 1 774 57 0 0 0 0 0 1 0 0 0 0 1 2 0 0 30 5 5 40 34 69 12 67 65 4 2 0 2 0 0 1 0 0 3 4 1 13 2 7 21 58 13 8 0 0 1 0 6 0 26 49 5 0 7 0 0 3 0 0 4 2 0 0 0 0 1 7 7 1 1 1 0 1 1 1 5 12 0 1 23 2 4 27 6 2 5 6 2 3 10 1 1 6 0 0 0 0 3 1 1 3
15 4 19 9 27 23 1 3 1 6 2 25 3 69 34 32 68 52 101 92 320 3622 888 2582 18203 2266 1260 233 31 7 23 14 116 128 32 12 140 247 29 3254 602 149 1601 71 7 46 1319 17 37 1 6 27 5 77 12 89 174 55 16 51 105 47 220 588 307 1 613 77 90 31 8 77 230 9 165 32 9 4 107 2 7 2 113 381 626 1639 1426 4 6 3 70 74 27 44 244 58 5 5 11088 913 3 1 2 2 2 6 0 0 1 1 0 10 8 2 0 5 19 7 111 7 43 25 124 17 16 1 11 3 0 3 1 0 10 36 26 125 1 4 123 384 3 41 4 0 16 1 2 0 36 10 46 3 3 0 0 1 2 0 2 2 0 1 0 2 19 17 1 2 1 1 5 5 21 22 1 8 0 0 11 1 23 81 24 52 4 22 0 1 3 7 3 8 0 2 2 1 10 8 3 24
0 0 0 0 0 1 1 0 0 1 0 1 4 108 40 60 36 30 143 119 71 733 5628 4011 2266 4067 838 10 1 1 2 0 3 6 95 27 29 53 11 3275 473 62 248 79 2 13 347 1 14 0 0 3 0 6 1 7 8 1 9 3 21 5 6 15 1 0 40 10 10 3 2 11 47 3 10 2 4 6 27 0 0 0 7 32 28 91 53 0 2 0 12 7 2 5 32 7 1 0 200 6 0 0 0 0 0 0 0 0 0 0 0 0 0 1 3 2 1 9 16 2 8 32 41 0 0 0 1 0 0 1 0 0 0 1 0 1 1 8 10 18 0 8 1 0 0 0 1 0 12 5 8 0 0 0 0 0 0 0 0 0 0 0 0 0 0 1 1 1 0 0 0 0 0 3 0 0 0 0 2 0 1 9 4 1 1 2 0 0 1 2 0 0 1 0 0 0 0 0 0 2
14 6 27 2 17 8 4 1 0 3 1 9 120 4025 1108 544 24 1858 726 99 49 510 633 5558 1260 838 31788 14813 101 8 20 4 12 22 5160 321 46 43 514 4460 530 40 1272 122 15 695 2424 18 18 1 8 31 18 237 17 43 400 50 204 15 539 16 176 1707 1769 4 946 369 199 21 8 14 39 4 143 21 4 16 55 0 11 1 122 392 216 806 248 1 9 9 88 70 36 27 82 14 4 9 934 200 0 0 1 0 0 2 0 0 0 0 0 2 1 7 50 12 3 129 38 183 20 279 82 2 5 0 1 2 0 15 0 0 1 2 4 26 18 10 33 69 13 30 1 0 3 2 4 1 48 65 15 0 0 0 0 0 2 1 4 0 0 0 0 0 8 11 9 5 1 6 0 2 3 4 1 4 0 0 7 1 10 35 17 5 1 11 0 0 1 2 0 3 2 0 0 0 4 1 1 9
9 4 24 1 14 11 2 0 0 3 2 10 108 2319 3528 4996 5 610 87 12 19 77 471 532 233 10 14813 13690 362 8 56 6 12 73 1079 37 23 20 5530 66 806 136 442 8 12 593 657 26 17 1 6 42 12 295 19 32 840 314 122 39 548 25 41 1223 3050 4 1029 529 1247 28 18 14 16 2 525 100 4 0 16 1 7 2 123 298 89 450 162 1 7 6 83 68 22 27 30 30 6 24 309 188 0 0 0 1 0 1 0 0 0 0 1 9 7 26 228 8 7 132 17 612 7 281 29 3 1 0 2 5 5 56 0 0 4 10 5 20 32 2 17 44 104 13 2 0 3 1 3 1 27 247 11 1 1 1 0 2 2 0 0 0 0 0 0 0 7 5 23 10 2 4 1 0 3 1 2 10 0 0 8 1 8 18 9 6 0 7 1 0 2 2 0 1 1 0 0 0 2 2 2 4
4822 830 1034 635 3657 3066 1013 125 54 211 71 1747 2 156 26 13 3 4 2 3 47 81 16 24 31 1 101 362 31568 8674 5945 84 177 48 10 30 47 21 122 20 155 5 73 0 4 7 21 43 21 7 77 276 455 7164 412 125 2575 42 65 13 60 60 110 97 708 5 4730 120 398 88 29 351 10 24 1766 54 34 2 158 9 54 2 1206 789 324 166 256 6 10 4 27 295 227 73 57 1277 202 4942 107 1025 91 20 80 126 17 252 43 33 93 35 141 446 1 1 0 1 0 1 0 0 0 5 2 5 2 0 2 0 0 0 27 0 133 250 1 240 1 0 34 17 1 1 0 13 15 3 2 0 3 4 3 3 1 6 0 4 28 7 30 20 9 15 1 38 142 0 4 0 0 5 51 22 9 2 2 5 8 0 11 1 318 50 16 5 2 134 7 5 8 11 27 3 6 10 101 26 24 3 1 9
4919 1634 339 1965 6094 5764 410 57 8 58 24 2508 1 3 2 2 0 1 1 0 16 10 2 2 7 1 8 8 8674 14341 6557 25 19 9 0 2 2 4 5 0 103 0 5 0 4 0 3 11 18 0 24 92 36 348 51 73 5841 4 1 1 4 18 6 2 25 2 237 8 14 34 29 110 7 3 148 6 0 0 91 5 29 1 226 159 252 115 12 4 5 2 4 134 88 39 22 834 38 645 25 218 35 4 29 22 6 89 12 15 40 16 53 92 0 0 1 0 1 0 0 1 2 2 1 2 0 0 0 0 0 0 9 0 26 26 0 34 0 0 4 4 0 0 0 1 4 0 0 0 0 0 0 1 0 0 0 2 6 2 13 2 1 4 5 13 17 0 0 0 0 0 9 2 2 1 0 2 5 0 0 1 48 7 4 3 1 10 1 0 1 1 5 2 0 4 25 12 6 4 1 0
370 61 94 202 13799 4684 142 9 1 20 19 1159 0 39 16 5 1 1 1 2 101 80 9 8 23 2 20 56 5945 6557 15218 32 43 49 3 8 29 22 21 6 310 4 21 2 3 2 9 31 25 3 34 133 37 692 74 240 12612 34 18 8 20 34 18 23 126 1 1336 66 67 65 46 71 8 6 2425 22 2 0 43 9 31 9 400 547 765 825 213 7 9 2 14 236 153 93 37 3508 29 580 317 11865 12 2 10 14 1 38 2 4 16 6 19 48 0 0 0 0 0 1 1 1 1 3 1 0 1 0 2 0 0 0 1 0 12 26 1 51 0 0 7 12 1 1 0 1 5 0 0 0 3 1 2 0 0 1 0 1 13 2 12 2 1 1 0 7 22 2 0 0 0 0 3 1 2 2 0 2 1 1 4 0 35 18 3 4 0 19 2 1 5 3 4 3 0 1 9 6 0 2 0 0
19 3 14 10 429 923 9 5 24 22 49 886 7 17 13 6 3 18 3 3 68 111 8 3 14 0 4 6 84 25 32 1911 2971 337 0 5 61 44 17 2 118 1 12 5 14 4 4 32 9 0 5 24 6 39 7 27 42 780 10 65 50 31 9 3 39 5 95 17 72 20 13 656 77 36 1886 54 47 4 56 3 12 0 39 73 102 79 11 6 7 2 91 20 17 15 14 5183 245 38 101 19 26 10 24 36 12 88 13 12 15 5 58 221 2 1 2 3 3 5 9 1 7 9 9 5 11 0 2 1 0 3 17 0 69 191 7 284 1 1 74 68 5 4 0 8 21 1 5 0 9 8 7 1 1 3 1 2 7 2 1 1 8 11 1 26 110 4 3 1 0 1 28 22 19 8 1 2 9 2 7 2 265 102 26 21 0 119 4 0 5 10 17 0 7 8 59 5 15 2 0 4
24 12 49 12 401 410 21 9 136 46 20 963 64 22 15 45 12 206 100 8 201 484 52 17 116 3 12 12 177 19 43 2971 13037 4808 2 6 126 1111 37 20 436 6 44 198 98 104 22 75 20 13 13 76 21 140 23 98 93 756 21 170 172 56 48 14 76 18 271 45 163 55 37 4400 2818 207 1896 199 406 16 170 7 25 4 157 262 317 308 99 12 21 11 377 114 82 58 52 3756 1439 170 446 75 68 44 41 72 29 251 18 21 44 18 166 786 5 7 12 5 19 23 83 11 62 52 72 52 49 2 15 3 0 8 76 2 320 1025 47 1613 4 5 470 409 4 58 3 46 101 9 29 2 60 47 75 8 10 16 2 25 20 8 19 22 31 59 1 68 616 26 16 11 0 12 161 74 118 53 1 30 42 6 42 10 1214 683 220 172 5 701 8 7 11 86 113 5 21 29 163 16 107 20 16 51
7 7 17 5 93 46 4 2 5 9 1 27 17 389 142 133 54 274 113 38 288 974 270 46 128 6 22 73 48 9 49 337 4808 6995 43 302 1825 1130 177 32 650 9 89 12 37 70 484 133 16 4 4 35 3 51 2 40 76 1921 892 6361 278 128 48 28 270 2 123 811 467 59 39 69 606 37 1438 304 44 4 29 1 10 0 51 107 296 312 121 2 18 12 231 51 32 23 50 872 53 11 668 70 16 16 7 7 9 35 3 7 5 5 15 110 4 5 16 9 40 7 115 21 69 28 58 37 60 1 27 7 0 8 22 3 75 298 44 762 0 3 434 505 5 77 3 22 58 7 25 6 48 52 81 8 5 10 2 7 9 7 1 10 8 17 0 14 197 45 6 5 2 3 94 33 91 73 1 22 16 2 28 5 313 463 90 213 4 215 2 1 3 56 34 4 14 6 20 6 49 18 13 82
1 0 3 0 0 0 0 0 0 0 0 0 1 3387 367 17 6 52 67 11 10 45 88 702 32 95 5160 1079 10 0 3 0 2 43 2118 1751 127 5 15 1336 151 1 175 21 1 14 739 0 4 0 2 4 0 8 0 5 66 39 660 18 11 1 28 138 269 0 53 557 76 2 0 5 5 1 56 2 1 1 11 0 0 0 12 15 8 18 16 0 0 0 4 5 2 1 13 3 0 2 30 11 0 0 0 0 0 0 0 0 0 0 0 1 5 0 8 9 5 45 39 23 14 84 85 1 1 1 3 0 0 3 0 0 0 0 1 5 2 2 12 48 2 16 0 0 0 0 1 1 28 7 2 0 0 0 0 0 0 0 0 0 0 0 0 0 2 7 0 0 1 1 0 1 2 1 0 1 0 0 1 0 2 10 6 2 0 5 0 0 0 0 0 0 1 0 0 0 0 0 0 3
0 1 2 0 3 1 0 0 0 1 0 0 0 1359 47 12 17 9 3 5 18 31 48 168 12 27 321 37 30 2 8 5 6 302 1751 1387 346 8 11 226 50 0 35 3 0 3 2809 0 0 0 0 3 0 12 0 1 47 542 3737 573 2 0 4 10 10 0 42 1314 2 0 1 1 3 0 330 2 0 1 1 1 1 0 5 14 11 8 33 0 0 0 1 2 1 0 1 7 0 3 15 5 0 0 0 0 0 0 0 0 0 0 0 1 1 0 0 4 2 1 10 2 8 5 13 2 1 0 1 0 0 2 0 0 0 4 1 7 1 0 10 19 0 8 0 0 1 0 0 0 8 0 8 0 0 0 0 0 0 0 1 0 0 1 0 0 1 6 1 0 0 0 0 2 2 3 0 0 0 0 0 0 0 11 2 5 0 2 0 0 0 2 0 0 0 1 0 0 1 1 0 5
1 0 2 1 35 16 2 2 0 3 1 17 80 234 78 424 93 388 529 69 160 800 439 52 140 29 46 23 47 2 29 61 126 1825 127 346 2548 1081 47 95 516 4 41 14 57 215 1040 3 2 0 1 3 3 18 3 17 104 1506 699 2181 232 5 7 12 24 5 66 667 25 3 2 32 99 26 1103 10 9 2 16 0 4 0 24 33 112 148 85 2 0 3 88 16 5 8 11 243 4 7 313 42 0 2 4 3 1 13 0 1 0 2 2 18 28 7 8 25 62 18 216 11 147 43 154 56 70 2 42 5 2 17 2 2 13 44 45 205 13 11 330 533 10 226 2 3 34 7 13 1 68 44 198 1 2 4 0 6 3 1 1 2 1 1 0 1 27 122 15 14 2 10 17 11 25 93 1 26 3 0 15 4 37 333 40 167 0 78 0 1 0 34 6 3 6 1 1 1 27 26 25 169
0 3 2 2 41 26 3 1 1 2 0 16 903 36 29 440 437 894 2248 159 185 722 217 72 247 53 43 20 21 4 22 44 1111 1130 5 8 1081 1455 29 112 375 6 74 1280 509 1067 127 13 5 10 1 11 1 11 1 17 22 206 64 453 552 16 15 22 16 61 54 117 24 12 8 79 1244 312 282 57 54 32 77 4 3 4 34 62 173 248 130 2 11 26 878 19 6 9 24 252 11 5 546 42 11 9 2 6 4 13 1 3 3 1 9 41 74 28 94 77 155 91 534 94 340 301 569 98 178 8 137 19 0 50 11 11 46 182 90 507 64 54 893 1443 28 558 11 11 57 18 75 7 310 277 405 7 4 4 1 9 3 0 1 0 6 13 0 8 79 211 51 31 6 79 46 40 78 197 5 78 5 0 122 13 139 946 207 405 7 236 3 4 3 70 27 12 14 7 3 2 82 59 64 311
6 3 14 2 13 14 1 1 0 2 0 13 44 517 871 3127 20 3206 37 35 18 92 189 1329 29 11 514 5530 122 5 21 17 37 177 15 11 47 29 15631 23 1112 254 1565 7 17 243 53 361 118 1 1 12 2 63 3 10 194 260 50 90 7993 175 112 778 5103 8 147 109 6026 56 80 12 37 1 391 1858 0 1 7 0 2 1 31 40 31 50 21 3 71 23 749 126 13 64 142 83 2 6 54 20 0 0 0 0 0 2 0 0 1 1 2 1 4 96 696 2 4 77 16 629 7 239 29 3 2 2 5 5 1 84 2 0 2 6 1 19 25 6 19 40 285 8 21 3 2 1 51 14 54 1089 10 2 6 0 0 5 0 0 0 0 0 1 0 0 2 5 86 25 3 55 0 1 6 5 5 60 0 0 60 7 5 19 6 9 9 4 0 1 4 1 0 9 2 0 0 0 1 1 1 5
6 2 9 1 2 5 0 2 0 2 0 5 9 797 126 64 92 56 307 225 75 1130 2438 3062 3254 3275 4460 66 20 0 6 2 20 32 1336 226 95 112 23 11067 502 62 469 201 6 26 4219 4 11 1 2 11 1 65 6 25 65 15 145 17 34 7 34 86 66 0 312 178 24 7 2 33 115 4 43 7 11 30 110 0 2 0 57 136 127 413 102 0 2 0 19 37 21 19 65 12 2 0 648 45 0 0 0 0 0 2 0 0 0 0 1 1 5 1 10 12 5 47 65 8 52 95 170 6 5 0 7 1 0 3 1 0 1 7 5 13 5 12 47 121 2 38 0 3 2 1 1 0 67 10 14 0 0 0 0 0 1 0 0 0 0 0 0 0 3 17 1 3 0 1 2 0 3 4 0 2 2 0 2 1 4 47 9 5 0 12 1 0 2 2 0 0 1 0 0 0 0 2 2 7
300 216 504 117 225 258 42 67 12 175 44 440 15 2236 1980 1613 304 732 286 504 1519 2288 8817 3422 602 473 530 806 155 103 310 118 436 650 151 50 516 375 1112 502 4933 6157 1044 62 74 301 391 887 1715 12 26 35 7 65 819 857 231 382 182 169 1483 492 265 143 453 5 195 272 962 229 270 282 242 6 1525 1148 23 3 145 7 54 14 613 463 917 501 364 51 492 215 1688 876 133 564 732 623 59 46 865 304 16 7 10 27 6 59 7 8 16 9 34 125 0 3 6 1 3 12 31 9 17 25 31 8 6 0 4 0 0 5 9 0 42 99 6 157 2 1 63 113 5 10 1 6 9 1 26 1 23 63 18 5 16 1 0 31 2 4 4 2 3 8 0 6 78 9 15 2 3 4 28 9 11 9 15 25 2 5 108 14 129 64 15 24 20 67 5 15 25 12 9 64 3 5 21 5 11 3 3 15
5 4 16 2 5 6 2 1 0 1 0 8 4 46 63 240 7 154 51 22 24 182 1978 6170 149 62 40 136 5 0 4 1 6 9 1 0 4 6 254 62 6157 5600 5208 8 35 158 56 155 711 1 0 1 0 4 1 3 14 9 3 5 818 78 113 46 264 1 31 8 501 36 26 5 15 1 27 395 2 1 3 0 1 0 8 10 20 45 16 6 60 34 822 226 6 49 153 10 0 0 96 10 0 0 0 0 0 0 0 0 0 0 0 1 0 0 4 0 0 2 1 2 2 3 3 1 0 0 0 0 0 0 0 0 1 1 0 1 1 0 1 6 0 1 0 0 0 0 11 0 1 20 1 0 2 0 0 1 1 0 0 0 0 0 0 0 1 0 7 0 0 4 1 0 1 0 2 9 1 0 31 0 1 2 1 1 3 1 0 2 5 0 0 13 2 0 3 0 0 0 0 1
15 5 29 5 18 18 5 2 1 7 1 31 117 358 204 628 46 1238 380 149 147 2022 1836 3156 1601 248 1272 442 73 5 21 12 44 89 175 35 41 74 1565 469 1044 5208 7297 109 196 1922 835 1606 2999 10 10 27 9 122 9 78 175 55 32 26 5944 1160 2964 9310 4052 13 688 86 5279 476 185 36 85 7 155 3411 7 14 52 0 30 5 117 340 332 1006 210 39 508 430 5709 360 67 567 6328 63 2 5 1541 105 0 0 0 0 1 3 0 0 0 0 0 4 1 5 42 2 3 20 23 57 8 40 25 2 1 0 1 1 0 4 5 0 0 8 1 12 1 0 23 34 10 6 3 1 3 10 86 1 28 186 3 19 66 0 1 95 1 0 4 4 0 2 0 2 6 3 35 8 16 22 3 7 1 2 67 99 5 8 409 49 4 16 7 7 98 11 10 24 45 0 0 165 20 0 6 0 1 0 1 2
2 0 2 0 2 3 1 1 0 0 0 6 6338 43 17 15 13 107 996 46 19 74 60 103 71 79 122 8 0 0 2 5 198 12 21 3 14 1280 7 201 62 8 109 2888 3393 668 58 11 6 688 22 132 0 1 1 0 2 5 8 2 72 13 18 14 16 783 3 12 8 8 16 336 1272 1331 12 34 1370 2509 2074 245 72 423 4 6 16 35 13 230 46 231 1143 9 1 8 34 8 50 3 52 2 1 1 0 2 2 6 0 1 1 0 1 6 86 39 242 84 62 361 317 336 213 1282 594 36 51 3 45 23 2 81 4 5 6 58 21 69 181 97 338 540 29 450 10 3 15 14 175 18 461 336 144 6 10 0 1 27 4 0 1 6 1 0 0 1 14 130 72 25 3 149 9 6 14 44 12 60 5 6 268 19 52 510 495 65 19 182 5 26 12 15 5 40 8 2 1 0 17 22 13 81
0 0 3 0 7 9 0 1 78 2 0 18 7119 1 3 6 45 74 1232 150 1 11 1 26 7 2 15 12 4 4 3 14 98 37 1 0 57 509 17 6 74 35 196 3393 14573 3092 0 82 33 4539 17 142 0 3 5 0 2 0 0 8 48 61 95 56 44 3990 6 0 51 38 118 886 863 937 5 73 3832 1474 2346 260 208 943 6 5 4 5 4 1234 749 2503 1817 22 4 16 144 42 1041 86 11 1 5 4 4 9 2 11 2 1 4 1 4 24 2 10 439 8 1 50 25 315 35 199 70 9 6 2 13 1 0 9 20 6 5 24 0 30 12 4 69 146 71 18 35 4 11 52 2098 18 148 2943 8 54 186 4 6 1130 3 0 10 31 2 6 0 8 10 8 504 68 53 2177 15 32 5 2 245 587 14 24 4737 330 41 83 64 6 432 75 18 1000 162 11 2 940 79 1 18 0 9 2 5 14
1 0 3 1 9 3 0 0 3 1 0 9 1754 33 30 73 138 6325 1956 531 11 46 61 1000 46 13 695 593 7 0 2 4 104 70 14 3 215 1067 243 26 301 158 1922 668 3092 3595 27 62 29 13 1 3 0 4 0 2 13 6 2 24 2054 29 82 1412 1221 882 24 2 249 14 15 72 631 131 19 92 77 23 176 2 7 5 7 11 15 25 7 7 41 90 694 37 2 21 111 40 20 2 44 2 0 1 0 0 0 3 1 0 0 0 1 5 27 251 3385 23 5 338 26 2637 59 1230 133 4 2 2 5 29 7 244 2 5 5 10 3 16 149 30 100 122 817 63 97 3 3 25 1064 87 364 8422 9 6 12 1 0 31 0 0 0 2 0 2 1 4 8 13 904 106 26 2142 7 11 3 5 6 674 1 3 935 14 11 49 120 11 20 32 1 12 7 14 4 42 17 0 0 0 5 2 1 4
4 4 4 1 3 2 0 3 0 2 0 7 6 2257 163 38 39 48 78 59 118 444 296 2801 1319 347 2424 657 21 3 9 4 22 484 739 2809 1040 127 53 4219 391 56 835 58 0 27 4891 8 10 0 1 5 2 40 7 18 90 108 1716 547 68 10 109 354 435 0 181 1829 138 6 6 16 74 4 132 18 7 7 49 2 4 0 33 83 119 235 67 0 2 2 22 17 10 12 57 10 0 2 364 46 4 1 0 0 2 5 1 0 2 3 1 3 12 4 2 7 39 29 143 2 53 40 139 19 20 2 16 1 0 1 5 0 6 20 18 92 2 3 124 416 3 81 0 2 20 2 1 0 57 10 67 1 1 0 0 0 1 0 0 0 1 0 0 1 16 32 4 1 1 0 10 5 10 31 0 13 0 2 6 1 11 93 12 69 1 16 0 0 0 8 4 1 2 3 3 0 7 6 12 60
42 20 72 19 26 34 10 9 1 18 4 50 7 19 22 131 3 219 32 13 19 78 87 87 17 1 18 26 43 11 31 32 75 133 0 0 3 13 361 4 887 155 1606 11 82 62 8 20682 826 87 1 74 1 24 3 18 49 74 2 23 259 9617 3415 203 552 10 75 10 4495 1577 4866 18 54 4 140 10052 7 0 23 14 545 84 26 52 34 59 20 423 2614 404 2133 737 51 325 2057 95 5 7 84 34 1 2 2 0 0 2 0 14 0 0 0 7 1 1 16 3 0 12 6 12 4 20 8 3 8 3 17 1 2 0 8 3 4 15 0 27 1 2 25 18 5 13 5 11 10 90 255 6 34 143 3 313 875 7 9 918 17 5 31 126 6 5 0 9 3 0 39 81 178 23 11 27 9 1 668 249 94 300 2636 317 27 50 44 11 832 111 153 410 1198 10 2 2367 188 0 40 2 2 12 7 14
70 38 152 22 29 51 13 20 1 33 4 47 5 29 43 130 6 93 46 28 15 128 274 325 37 14 18 17 21 18 25 9 20 16 4 0 2 5 118 11 1715 711 2999 6 33 29 10 826 8563 10 17 8 1 10 15 8 14 15 1 6 234 823 168 25 92 2 28 5 257 281 290 21 7 3 57 564 5 2 9 1 34 12 32 53 30 77 19 73 519 190 603 4276 249 3751 8309 38 8 7 70 18 4 2 0 1 1 5 0 0 5 1 2 10 0 0 4 2 0 1 1 1 0 1 0 0 0 0 1 0 0 0 0 0 2 16 0 24 0 0 4 12 1 1 0 0 2 2 6 0 0 13 0 16 50 1 0 24 0 0 0 3 0 0 0 3 10 0 2 2 9 7 3 1 2 1 29 12 4 15 114 15 25 7 2 4 32 4 2 18 56 2 0 101 4 2 3 2 1 0 0 1
11 1 7 1 4 1 8 3 54 0 1 2 125 0 0 1 0 2 26 3 0 1 1 3 1 0 1 1 7 0 3 0 13 4 0 0 0 10 1 1 12 1 10 688 4539 13 0 87 10 6658 169 1463 4 10 31 6 4 0 0 1 4 61 43 4 2 1428 6 3 5 60 180 415 91 1357 4 21 3037 935 742 1986 676 5731 33 10 1 2 1 5767 2189 2925 264 32 16 15 48 3 743 43 3 0 3 1 2 2 0 9 0 7 2 0 3 7 1 0 5 2 0 3 8 9 5 21 11 2 0 1 5 0 0 1 3 0 1 12 2 10 1 0 14 19 0 4 3 6 1 20 103 1 21 39 1 131 407 3 5 1068 9 2 30 106 0 0 0 1 1 1 9 7 30 25 1 5 0 0 120 29 43 127 1576 83 22 33 38 4 227 64 77 1590 732 2 0 1800 30 0 18 1 2 2 1 2
98 30 122 9 20 49 41 31 5 39 4 50 5 3 0 0 1 0 0 0 2 5 3 2 6 0 8 6 77 24 34 5 13 4 2 0 1 1 1 2 26 0 10 22 17 1 1 1 17 169 7043 7006 6 54 311 37 31 8 0 2 2 4 3 4 15 156 56 5 8 368 12 28 11 100 53 3 113 28 21 401 179 168 394 108 44 34 13 22 5 3 0 3936 5936 384 14 29 46 22 15 32 2 2 2 4 1 10 0 2 0 1 4 16 0 0 0 0 0 1 0 0 3 1 1 1 1 0 0 0 0 0 1 0 8 20 0 30 0 0 8 6 0 0 0 1 1 0 0 0 0 0 1 0 0 3 0 1 415 46 622 124 19 2 0 0 9 0 0 0 0 3 3 4 0 2 0 0 26 7 1 0 12 12 20 3 0 17 58 13 53 3 12 4 0 1 5 0 1 1 0 0
473 118 483 46 125 169 118 112 21 207 34 213 33 7 1 1 2 3 1 1 7 8 3 10 27 3 31 42 276 92 133 24 76 35 4 3 3 11 12 11 35 1 27 132 142 3 5 74 8 1463 7006 16950 48 245 946 88 84 38 1 5 6 60 32 22 70 1156 176 27 28 341 355 228 29 735 255 16 942 197 170 15103 4042 2817 1364 322 186 94 94 998 258 98 33 1389 8364 69 30 100 233 160 88 85 56 8 37 21 8 44 14 43 30 18 24 68 0 0 1 0 2 2 3 0 2 4 2 1 0 0 0 0 0 0 13 1 30 80 5 141 0 0 52 28 1 3 0 32 12 4 15 1 9 2 2 62 93 20 2 105 4377 924 7868 4686 214 21 2 16 55 1 0 2 0 125 55 9 8 4 1 3 1220 951 124 1 102 65 231 6 6 279 1263 389 2928 9 90 290 47 4 111 27 7 3 1 3
103 23 84 15 28 40 92 67 24 78 16 49 1 3 1 0 0 1 0 0 0 2 0 2 5 0 18 12 455 36 37 6 21 3 0 0 3 1 2 1 7 0 9 0 0 0 2 1 1 4 6 48 6641 7254 4495 3 37 10 1 2 1 2 7 11 31 2 152 8 20 7 1 28 1 6 57 2 7 0 7 5 2 1 1340 218 16 16 33 1 0 3 3 16 16 2 3 40 118 5204 13 34 4 1 8 1 1 10 1 1 4 2 8 22 0 0 0 0 0 0 1 0 0 0 0 0 0 0 0 0 0 1 1 0 7 15 0 16 0 0 3 5 0 0 0 2 2 0 1 0 1 0 0 1 0 0 0 2 7 0 12 1 1 1 0 0 11 0 0 0 0 0 2 0 1 0 0 1 0 0 0 0 13 13 5 1 0 9 0 1 0 0 0 0 0 0 2 2 1 0 0 0
995 235 754 124 395 418 395 354 29 286 46 421 1 74 18 4 4 7 5 0 6 30 12 46 77 6 237 295 7164 348 692 39 140 51 8 12 18 11 63 65 65 4 122 1 3 4 40 24 10 10 54 245 7254 11827 1636 54 807 56 26 8 35 40 137 140 527 7 2933 100 234 37 19 148 22 19 1026 21 19 1 54 19 21 7 3161 4209 163 158 532 3 8 1 28 152 145 43 48 269 119 4632 327 633 35 8 26 41 11 93 17 12 42 13 64 220 1 0 1 0 1 1 5 0 1 2 1 6 5 1 1 0 1 0 10 4 64 157 3 217 0 0 59 36 0 0 0 6 19 0 4 0 3 4 5 0 1 3 0 6 38 9 46 13 11 10 0 14 89 2 2 1 0 0 17 11 23 5 0 1 8 0 10 0 186 63 13 15 1 95 2 2 4 12 15 3 0 9 48 4 11 1 0 3
168 32 125 23 58 71 113 75 30 88 7 89 0 5 0 0 0 2 1 1 3 6 1 4 12 1 17 19 412 51 74 7 23 2 0 0 3 1 3 6 819 1 9 1 5 0 7 3 15 31 311 946 4495 1636 16828 305 68 9 0 4 0 11 11 9 55 29 182 9 22 45 16 59 6 12 112 4 24 7 25 98 44 30 5920 292 61 28 53 7 8 2 4 872 268 47 10 42 109 4035 28 43 7 2 7 9 0 13 3 9 9 6 6 22 0 0 0 0 1 0 1 0 0 0 0 4 1 0 0 0 0 0 2 0 9 28 0 32 0 0 8 7 1 1 0 3 1 0 1 0 0 1 0 0 0 0 0 3 152 22 158 41 5 0 0 2 15 0 0 0 0 1 6 0 2 0 0 0 7 4 2 0 21 14 6 5 0 21 14 5 8 1 2 2 0 2 6 3 2 0 0 0
249 158 461 94 167 213 38 67 7 120 23 306 0 4 3 3 6 3 3 4 476 141 8 26 89 7 43 32 125 73 240 27 98 40 5 1 17 17 10 25 857 3 78 0 0 2 18 18 8 6 37 88 3 54 305 678 89 34 4 11 8 13 48 35 71 2 124 23 30 15 8 84 30 4 348 12 11 0 41 3 9 4 1512 454 2206 374 137 2 2 1 9 316 58 30 18 218 36 39 324 156 12 2 8 14 9 31 3 6 7 4 28 62 0 0 0 0 0 0 5 0 0 1 3 4 2 0 1 0 0 1 6 0 27 58 3 94 0 0 20 24 1 1 1 0 6 0 1 0 1 2 6 0 0 2 0 2 3 1 8 2 1 1 0 1 36 0 1 0 0 1 13 4 7 1 0 2 1 0 0 0 66 32 7 16 0 31 0 0 1 9 4 2 0 3 5 0 6 0 0 1
100 111 198 135 1588 484 14 30 5 50 18 316 1 376 90 15 3 11 2 5 66 95 39 88 174 8 400 840 2575 5841 12612 42 93 76 66 47 104 22 194 65 231 14 175 2 2 13 90 49 14 4 31 84 37 807 68 89 6462 121 108 18 77 71 187 258 1568 2 5195 505 723 52 27 146 18 13 8787 66 15 0 38 4 15 3 372 921 347 2537 1967 3 11 1 52 114 65 44 76 1551 64 97 1874 6763 15 1 13 24 11 61 8 6 14 5 30 178 0 2 2 0 4 1 5 2 4 7 5 4 4 1 1 0 0 2 13 1 67 133 5 185 2 0 42 39 0 2 0 5 15 0 5 0 0 10 5 0 0 2 1 4 14 5 12 5 3 6 0 11 70 1 3 0 0 0 22 12 10 5 1 5 5 0 6 1 176 48 9 17 3 68 2 1 5 9 20 5 3 2 42 1 18 6 0 5
11 5 16 2 43 19 4 2 4 5 2 14 2 1222 284 54 42 29 5 24 155 415 52 25 55 1 50 314 42 4 34 780 756 1921 39 542 1506 206 260 15 382 9 55 5 0 6 108 74 15 0 8 38 10 56 9 34 121 2165 3728 2650 161 88 59 40 484 1 133 2469 500 41 35 78 62 11 2147 201 12 0 31 3 6 0 61 129 217 210 99 0 18 0 89 41 35 22 47 726 28 12 339 71 15 9 3 6 8 27 3 4 3 1 10 106 1 0 2 1 5 1 15 9 9 9 10 18 13 2 1 0 0 4 14 1 69 188 26 454 0 0 150 110 2 13 0 10 29 4 11 1 9 17 19 1 7 5 0 8 8 2 3 11 3 14 0 14 162 11 2 3 0 2 50 29 41 21 3 10 7 4 9 4 245 168 41 50 2 155 1 2 4 29 29 4 6 4 9 2 29 3 3 12
2 2 4 0 8 4 0 0 0 0 0 6 0 2664 68 40 6 9 3 12 23 62 143 105 16 9 204 122 65 1 18 10 21 892 660 3737 699 64 50 145 182 3 32 8 0 2 1716 2 1 0 0 1 1 26 0 4 108 3728 1003 2760 10 2 4 24 104 0 66 2065 49 2 1 4 7 0 959 4 1 0 2 1 0 0 12 17 22 32 64 0 0 1 1 3 5 2 2 17 1 8 36 13 0 0 0 0 0 0 2 0 0 0 0 0 2 1 1 1 5 5 34 2 11 8 34 3 8 0 0 0 0 2 1 0 0 2 4 22 0 2 31 56 0 10 2 0 2 0 1 0 11 1 4 1 0 0 0 0 0 1 0 1 0 0 0 0 4 7 1 0 0 0 1 3 6 6 0 2 0 0 2 0 3 27 3 7 0 2 0 0 0 4 1 0 0 0 0 0 3 1 2 5
2 0 2 0 20 10 0 0 0 1 1 12 0 284 56 42 18 148 4 17 57 289 64 12 51 3 15 39 13 1 8 65 170 6361 18 573 2181 453 90 17 169 5 26 2 8 24 547 23 6 1 2 5 2 8 4 11 18 2650 2760 1952 119 23 11 8 61 0 25 1386 115 10 9 21 100 1 770 72 7 1 7 0 1 0 12 29 49 65 62 0 4 1 68 13 9 5 8 126 4 1 226 9 1 0 0 2 2 6 0 0 2 0 2 22 1 0 3 2 10 2 16 7 14 6 7 10 10 0 7 1 0 6 8 2 16 44 11 170 0 1 120 109 2 12 0 2 13 1 8 0 2 14 22 1 1 2 0 1 1 0 0 3 6 3 0 2 33 12 6 4 1 2 16 4 23 16 0 10 3 0 15 0 42 101 6 63 1 25 0 0 1 14 5 4 1 9 3 1 12 2 6 17
5 3 8 4 44 32 0 1 1 5 3 16 19 104 271 688 121 8257 227 256 31 198 163 2338 105 21 539 548 60 4 20 50 172 278 11 2 232 552 7993 34 1483 818 5944 72 48 2054 68 259 234 4 2 6 1 35 0 8 77 161 10 119 12687 212 317 2137 1653 84 99 31 1789 116 57 62 283 12 241 2385 7 1 60 0 7 0 15 43 50 99 30 10 117 49 4010 214 29 142 750 225 5 5 156 29 0 0 0 0 0 2 0 0 0 1 1 4 12 140 1443 12 3 101 22 767 32 279 72 1 3 0 7 11 2 94 3 3 7 18 4 35 65 12 67 107 475 42 107 1 4 14 663 30 152 4811 6 6 17 2 2 24 1 1 3 1 1 2 1 3 8 10 595 71 18 735 9 12 7 7 13 590 2 4 644 13 13 51 17 10 22 10 2 4 14 6 2 54 8 0 4 0 5 2 4 8
51 30 80 16 28 48 9 11 0 18 5 48 3 22 32 101 4 114 28 10 13 128 55 73 47 5 16 25 60 18 34 31 56 128 1 0 5 16 175 7 492 78 1160 13 61 29 10 9617 823 61 4 60 2 40 11 13 71 88 2 23 212 19271 17514 343 919 1 102 7 3909 10532 1446 27 29 3 187 1969 7 1 26 7 110 227 25 71 49 113 33 161 720 251 1185 738 71 4224 5644 74 4 7 124 31 0 0 0 2 0 3 0 9 0 1 2 12 0 0 6 1 0 2 4 2 2 8 7 3 4 0 12 1 1 0 5 2 6 6 2 17 0 0 16 16 9 8 4 9 8 18 83 3 10 58 3 241 681 10 6 528 24 5 46 184 1 0 1 2 13 1 22 25 110 10 5 4 2 1 307 55 103 373 1235 125 28 21 40 3 335 107 180 350 1519 7 0 1952 91 2 23 1 2 2 1 6
13 5 20 2 12 8 2 4 0 5 1 15 12 37 32 56 2 138 58 10 25 271 83 104 220 6 176 41 110 6 18 9 48 48 28 4 7 15 112 34 265 113 2964 18 95 82 109 3415 168 43 3 32 7 137 11 48 187 59 4 11 317 17514 31517 9930 9615 7 556 39 9475 2319 165 16 23 0 127 1590 4 2 11 2 32 8 107 210 128 444 65 42 483 378 1640 121 56 1161 8872 37 3 7 538 82 2 1 0 0 0 1 0 4 0 0 1 3 0 3 6 5 0 10 3 15 6 15 11 2 8 1 5 0 1 1 8 2 5 5 0 13 0 2 10 20 7 9 3 8 4 43 174 2 16 127 1 145 429 7 10 533 8 0 11 37 0 4 1 5 2 2 64 55 145 7 11 16 5 1 553 177 20 62 1733 217 9 29 15 11 635 51 39 118 232 11 1 1035 134 1 17 2 6 5 4 9
10 2 20 4 10 13 2 3 0 3 0 10 151 186 65 53 1 412 58 16 35 351 90 275 588 15 1707 1223 97 2 23 3 14 28 138 10 12 22 778 86 143 46 9310 14 56 1412 354 203 25 4 4 22 11 140 9 35 258 40 24 8 2137 343 9930 9034 9940 2 646 77 2144 163 34 6 22 2 109 290 2 2 12 1 13 1 98 295 168 765 148 1 28 21 1095 57 39 82 1476 31 1 4 834 149 1 0 0 0 0 0 0 0 0 0 1 3 2 4 31 4 0 6 8 59 5 19 7 0 1 0 0 0 0 3 2 1 0 3 1 13 0 4 4 20 14 6 3 0 1 0 25 0 8 193 8 5 4 0 0 14 1 1 2 1 0 0 0 0 4 2 28 2 2 9 1 1 0 2 4 32 0 1 70 6 2 5 4 2 10 4 1 0 10 2 0 18 3 0 1 0 0 1 1 1
21 10 55 11 24 34 10 3 1 11 2 38 132 792 676 678 6 377 43 10 32 190 77 344 307 1 1769 3050 708 25 126 39 76 270 269 10 24 16 5103 66 453 264 4052 16 44 1221 435 552 92 2 15 70 31 527 55 71 1568 484 104 61 1653 919 9615 9940 13420 6 1856 427 16710 404 87 25 35 1 880 533 2 0 13 7 12 2 266 569 236 955 221 8 70 34 675 154 72 221 1638 152 6 25 714 377 2 2 1 0 0 3 0 0 2 0 3 10 3 13 110 2 2 16 12 112 7 37 19 0 3 1 0 0 0 7 2 0 0 17 3 33 2 0 24 39 66 6 8 1 3 2 53 0 10 711 15 5 20 0 1 16 4 1 7 6 1 0 0 1 6 4 117 13 6 44 2 3 2 1 12 90 1 5 177 14 25 20 7 9 26 8 1 2 14 2 0 33 6 0 1 0 0 0 1 7
3 1 4 0 1 1 2 0 17 0 1 3 2088 0 0 2 3 104 227 25 1 0 0 4 1 0 4 4 5 2 1 5 18 2 0 0 5 61 8 0 5 1 13 783 3990 882 0 10 2 1428 156 1156 2 7 29 2 2 1 0 0 84 1 7 2 6 1646 5 0 1 4 26 229 97 1299 2 25 2223 1833 468 1389 237 1202 42 6 2 3 2 524 95 326 732 16 3 1 9 6 276 16 2 1 1 0 0 0 1 0 0 0 0 0 3 4 1 2 286 0 1 11 6 83 7 55 17 1 0 0 0 0 0 3 1 0 1 3 0 11 2 1 15 19 9 1 0 0 1 3 468 15 55 431 1 6 19 1 1 62 6 0 5 28 0 2 0 1 1 0 24 5 5 3263 1 2 2 0 17 33 5 13 394 22 9 17 10 2 17 9 7 54 34 0 0 100 7 0 3 0 1 1 0 2
306 261 564 160 410 296 40 70 13 145 36 435 1 200 50 19 8 20 5 8 32 114 46 355 613 40 946 1029 4730 237 1336 95 271 123 53 42 66 54 147 312 195 31 688 3 6 24 181 75 28 6 56 176 152 2933 182 124 5195 133 66 25 99 102 556 646 1856 5 8832 406 792 91 41 296 91 19 3746 75 33 2 88 10 30 9 1101 5335 495 3162 2305 6 9 9 95 244 158 98 230 596 107 127 2749 2542 29 17 18 40 17 101 5 9 27 15 49 246 0 0 2 3 5 2 17 4 10 6 9 17 16 0 5 2 0 3 20 3 100 286 12 473 0 1 134 109 1 12 1 19 33 0 5 0 8 9 28 0 0 11 1 5 34 5 35 9 7 13 1 19 161 13 4 1 0 1 39 27 21 22 1 6 13 1 9 4 284 172 33 44 1 149 4 3 4 25 26 5 2 8 43 11 30 5 2 11
6 1 13 4 21 9 4 3 2 1 0 14 0 1263 130 43 17 18 13 16 97 229 150 146 77 10 369 529 120 8 66 17 45 811 557 1314 667 117 109 178 272 8 86 12 0 2 1829 10 5 3 5 27 8 100 9 23 505 2469 2065 1386 31 7 39 77 427 0 406 2092 204 13 8 28 57 5 3089 21 4 0 31 1 13 0 74 188 139 336 977 0 1 0 11 42 26 14 10 34 3 6 407 278 5 1 3 0 3 9 1 2 0 0 3 22 2 3 0 6 24 10 68 5 34 12 39 22 20 2 13 1 0 8 6 1 14 68 32 263 1 1 177 338 3 44 1 4 23 3 2 0 32 10 57 0 0 3 0 0 3 1 1 1 3 3 0 3 65 25 3 2 0 2 16 9 35 28 1 8 1 0 6 1 55 138 18 111 1 27 1 0 2 16 6 2 0 2 2 3 16 9 1 36
14 11 37 3 53 32 6 7 0 15 1 41 25 409 491 1135 1 423 36 14 37 206 142 350 90 10 199 1247 398 14 67 72 163 467 76 2 25 24 6026 24 962 501 5279 8 51 249 138 4495 257 5 8 28 20 234 22 30 723 500 49 115 1789 3909 9475 2144 16710 1 792 204 10562 1348 520 30 59 2 766 9028 3 1 13 1 13 0 102 262 113 365 78 12 304 82 1451 246 57 384 2878 209 5 33 266 158 2 0 1 3 0 1 0 0 4 0 1 3 1 3 69 2 7 6 16 39 8 35 26 4 5 0 5 1 0 5 7 6 1 13 4 25 1 0 26 33 30 8 24 0 3 17 210 3 28 484 2 26 54 2 1 109 3 0 5 4 0 1 0 1 5 4 124 30 26 38 6 11 7 3 93 192 1 9 728 95 13 17 3 9 121 20 2 28 26 2 2 160 34 2 3 0 5 1 2 8
167 48 232 28 58 66 29 43 4 66 6 84 2 7 7 46 2 41 21 6 7 52 24 35 31 3 21 28 88 34 65 20 55 59 2 0 3 12 56 7 229 36 476 8 38 14 6 1577 281 60 368 341 7 37 45 15 52 41 2 10 116 10532 2319 163 404 4 91 13 1348 11343 1771 40 27 7 147 788 8 0 19 43 414 222 113 106 46 66 52 182 514 174 753 1580 3836 3592 1679 83 12 29 80 36 1 0 4 2 0 6 1 5 2 2 9 21 0 0 1 0 1 0 1 1 0 4 2 0 1 1 2 0 0 0 0 0 4 37 2 38 1 0 13 15 0 1 1 5 3 7 19 0 2 15 2 111 239 7 1 144 119 22 181 479 4 1 1 0 13 1 9 3 7 8 3 4 0 1 23 20 232 541 288 17 30 17 14 4 42 48 278 144 1616 2 5 774 26 0 19 1 0 0 0 3
91 47 172 26 39 58 26 21 0 46 5 53 6 3 4 34 2 31 24 3 3 17 16 29 8 2 8 18 29 29 46 13 37 39 0 1 2 8 80 2 270 26 185 16 118 15 6 4866 290 180 12 355 1 19 16 8 27 35 1 9 57 1446 165 34 87 26 41 8 520 1771 8558 37 26 26 102 2138 39 4 24 73 5693 454 34 66 35 33 23 1695 3465 724 1293 723 1523 470 479 68 25 10 30 35 3 2 2 2 1 3 0 5 1 1 2 9 0 0 3 1 0 2 4 2 3 10 0 1 2 1 5 2 0 0 2 1 12 22 1 28 0 0 10 9 4 3 0 14 6 11 60 1 11 40 0 231 548 17 5 377 121 17 179 719 4 1 0 1 13 1 5 11 15 24 7 2 2 0 88 13 378 1219 708 30 26 27 32 3 113 78 662 430 3684 2 3 1598 37 1 39 2 0 6 0 3
129 30 108 42 191 492 86 58 563 544 732 1649 225 11 12 15 11 50 37 10 97 210 13 12 77 11 14 14 351 110 71 656 4400 69 5 1 32 79 12 33 282 5 36 336 886 72 16 18 21 415 28 228 28 148 59 84 146 78 4 21 62 27 16 6 25 229 296 28 30 40 37 4869 223 1207 209 70 5798 1102 834 169 82 231 174 282 363 267 80 195 54 86 327 128 89 48 31 995 10734 820 317 36 240 120 284 437 103 1084 109 98 265 127 721 2215 14 6 32 11 27 51 98 34 54 140 108 71 59 2 29 4 1 16 146 7 648 1806 46 2094 21 12 629 484 15 77 3 84 213 9 63 6 82 70 65 16 21 41 2 56 49 20 22 39 66 98 11 151 865 41 29 7 4 33 278 122 130 43 3 51 67 20 90 18 2232 1033 497 156 10 1203 24 19 33 121 147 26 36 42 589 63 160 35 19 54
