34540 7519 12375 3341 2769 3479 8834 9571 283 2132 62 2939 1 52 39 11 13 12 8 3 156 135 20 20 64 1 13 30 5773 11263 225 224 247 45 2 11 87 158 23 19 1149 15 47 6 19 12 16 44 67 35 206 444 1946 1155 794 389 107 20 14 0 14 52 60 19 41 7 707 14 55 93 49 539 259 40 125 24 33 3 171 30 336 82 3255 903 1263 240 16 236 118 32 47 508 256 81 150 790 183 2810 60 23 40 5 132 146 6 293 16 9 31 37 195 232 1 0 1 0 1 1 1 3 5 3 3 11 8 0 1 0 0 2 13 0 33 111 2 23 0 0 32 5 1 1 1 31 32 2 7 0 3 13 0 16 6 3 2 8 6 14 6 8 22 15 0 6 1 0 6 11 1 3 10 6 1 0 2 14 4 3 29 2 332 58 15 0 7 89 29 8 46 5 66 9 22 3 76 8 19 8 2 1
7519 19508 1832 19277 1429 3615 39 73 12 1526 9 1243 1 1 0 0 0 1 0 2 52 30 1 0 7 0 6 2 257 1316 10 16 30 5 1 1 0 10 0 1 370 3 4 2 4 3 2 4 10 6 24 71 157 155 86 103 21 2 0 0 3 9 8 3 5 1 256 6 2 16 9 148 22 18 26 1 7 0 39 6 50 11 575 206 395 81 2 34 17 5 2 80 48 14 31 19 42 73 22 4 15 4 55 76 1 153 4 4 13 20 90 106 0 1 0 0 0 0 1 0 2 0 0 3 4 0 0 0 0 0 6 0 21 57 0 17 0 0 4 3 0 1 0 10 20 0 0 0 0 0 1 1 1 3 0 2 0 7 1 2 14 6 0 4 0 0 0 1 1 0 17 1 0 0 2 1 0 0 0 1 140 26 3 0 0 40 2 0 11 1 51 0 3 2 35 4 16 1 0 0
12375 1832 20523 3767 92 10318 251 11411 66 7145 4 22756 0 1 7 2 1 3 3 0 74 45 5 5 9 1 3 2 274 98 20 20 64 2 0 0 1 10 1 3 619 4 5 0 6 2 1 14 20 20 65 127 370 321 224 209 29 8 0 0 4 12 11 7 4 4 357 7 6 50 19 243 40 27 36 6 10 1 71 8 108 23 1185 345 613 108 3 87 47 8 10 215 71 26 49 42 121 193 28 7 171 13 201 140 4 333 181 17 190 46 249 257 0 0 0 1 3 0 0 0 6 1 1 9 8 2 0 0 0 0 8 0 28 90 0 29 0 0 17 3 0 3 0 20 38 1 0 0 5 2 1 3 2 13 1 6 2 14 1 6 23 13 3 10 6 0 0 0 0 0 19 1 0 0 0 1 4 4 3 1 254 42 8 1 1 71 11 2 15 3 69 2 9 3 70 17 20 4 1 0
3341 19277 3767 22848 4822 13143 49 67 22 1856 16 2671 0 5 2 2 0 1 1 4 99 61 3 6 21 1 6 0 238 1824 37 12 42 0 0 0 3 20 1 6 437 2 7 2 4 1 2 12 4 7 31 73 175 210 107 188 40 5 0 0 6 7 12 6 6 3 446 3 7 24 12 224 35 28 45 2 4 0 52 1 72 13 681 338 653 164 14 48 32 6 9 102 53 23 41 34 98 79 38 7 39 10 132 157 9 335 8 10 18 30 191 252 0 0 0 0 0 0 1 0 3 1 4 5 2 2 1 0 0 0 9 2 30 76 0 21 1 0 18 4 0 4 0 9 32 1 1 1 5 1 0 1 1 9 0 1 2 10 0 1 19 19 1 2 1 0 0 1 2 1 18 1 3 0 0 0 5 1 4 0 241 39 9 0 1 54 3 0 13 4 67 3 1 6 63 16 12 2 0 1
2769 1429 92 4822 17759 7777 424 97 14 58 147 4090 1 17 26 4 11 5 8 2 126 107 9 13 24 3 17 21 2063 7419 9268 935 501 44 0 11 64 232 19 12 242 4 34 5 6 21 5 17 14 11 30 74 398 288 136 98 1259 16 5 3 10 29 56 11 38 4 453 15 66 18 25 1029 397 21 239 7 14 2 328 1 53 12 549 232 424 135 14 22 15 2 15 73 36 13 39 3962 71 502 49 53 13 3 45 70 3 147 5 7 7 13 91 102 0 1 3 1 0 0 1 3 4 2 1 6 0 1 3 0 0 2 3 1 20 47 1 15 0 0 18 6 3 3 3 10 23 3 2 0 5 20 0 2 0 3 0 1 3 7 2 2 10 8 1 6 2 0 2 3 2 1 10 3 0 0 0 6 6 1 17 0 130 27 9 0 5 43 5 0 5 4 37 4 4 1 29 2 8 1 1 0
3479 3615 10318 13143 7777 13617 490 1104 63 1706 538 12289 0 17 8 0 16 2 11 3 251 179 14 12 39 1 15 12 788 4383 1486 3770 961 21 2 3 36 192 15 18 561 10 20 6 1 5 2 13 14 11 31 105 361 302 168 229 152 14 4 3 9 22 28 8 10 2 614 10 23 25 22 1852 468 17 111 6 23 1 614 14 68 18 969 435 1021 276 15 48 37 16 14 125 63 21 36 1214 181 359 75 19 44 19 183 176 7 468 12 21 46 49 319 327 1 0 0 0 1 0 1 2 6 3 0 6 10 5 1 0 0 0 9 0 35 95 0 15 0 1 31 7 2 3 0 23 28 0 0 0 5 9 0 2 0 7 1 2 2 12 0 1 13 19 1 5 4 0 2 1 0 2 16 3 3 0 5 4 4 1 19 0 244 35 6 3 2 76 6 1 5 5 62 5 5 7 104 10 16 5 1 2
8834 39 251 49 424 490 9773 8851 1487 1958 65 1843 0 27 25 5 8 6 0 3 29 67 4 6 18 0 13 7 2144 1167 69 61 80 28 2 6 48 70 10 6 148 4 26 5 4 5 2 21 11 9 78 165 1961 682 494 69 44 7 8 1 6 19 31 6 18 3 105 9 55 29 24 183 77 9 69 4 18 2 54 12 106 18 1293 194 223 53 7 69 27 2 12 162 99 23 41 358 245 6414 13 4 14 5 27 47 1 66 7 6 3 9 50 54 0 1 1 0 2 1 0 0 1 3 0 3 1 1 0 1 0 0 2 0 15 31 0 6 0 0 8 3 0 0 2 4 2 0 0 0 2 8 1 1 4 1 0 4 3 5 1 4 0 4 2 0 1 0 0 3 1 0 6 0 0 0 3 5 2 4 8 3 74 16 1 0 6 26 9 0 10 1 14 3 1 1 17 0 5 1 0 0
9571 73 11411 67 97 1104 8851 16968 3031 23996 76 13208 0 1 3 2 2 3 2 1 25 18 3 7 19 0 4 2 334 148 22 17 27 2 0 1 6 23 2 7 553 6 8 3 1 6 7 27 33 20 112 279 911 487 507 162 25 3 0 0 5 7 6 7 7 3 291 11 5 51 22 137 32 13 39 10 18 2 39 26 219 49 1842 394 492 64 9 141 58 12 20 299 164 52 78 59 192 1479 20 10 10 1 50 42 1 99 4 4 18 17 107 81 0 0 0 0 0 0 1 0 0 0 0 4 4 0 2 0 0 0 2 0 8 33 0 5 0 0 11 2 0 0 0 5 13 0 0 0 1 1 0 2 3 1 0 1 2 3 1 4 4 0 2 0 0 0 0 0 1 0 5 1 0 0 0 3 3 2 5 0 72 15 1 0 0 30 7 1 23 0 21 4 8 3 23 5 6 0 0 0
283 12 66 22 14 63 1487 3031 1924 4180 285 1256 2 0 1 0 0 2 0 0 33 18 3 1 6 0 1 0 38 44 9 19 24 0 0 0 1 2 0 0 65 1 1 2 22 0 1 3 2 20 14 54 265 62 71 15 9 1 1 0 1 0 2 0 1 19 41 0 1 7 4 477 47 118 7 0 228 34 162 15 39 49 252 40 59 17 1 91 22 12 13 42 17 13 12 10 1610 1538 7 2 1 1 6 4 0 14 1 0 1 1 9 10 1 1 0 1 1 3 2 0 5 9 7 3 0 2 0 2 0 0 0 0 2 2 0 0 1 0 5 1 1 1 0 1 1 1 0 0 5 2 0 0 0 0 1 0 6 1 0 1 0 0 0 0 0 0 0 1 3 0 1 2 0 0 2 0 0 0 10 2 6 5 4 0 1 8 2 1 4 0 2 4 5 0 5 0 0 0 0 1
2132 1526 7145 1856 58 1706 1958 23996 4180 32986 7089 27959 0 1 1 0 0 1 3 0 28 22 6 4 8 0 0 0 98 125 11 27 42 2 0 0 0 7 2 1 139 1 5 2 3 1 1 10 16 5 36 94 418 152 183 39 10 2 0 0 4 8 4 3 2 2 136 6 5 20 10 606 31 5 20 3 78 0 110 9 71 15 645 118 168 31 8 43 18 4 4 106 55 18 42 35 1598 1750 12 4 67 16 294 249 10 826 38 55 96 152 739 607 0 0 0 1 4 0 0 0 3 2 1 5 8 0 0 0 0 0 16 0 55 85 1 14 0 0 18 1 0 1 0 15 30 0 1 0 5 0 2 0 1 8 0 5 9 9 2 5 16 17 15 5 6 0 0 0 1 2 24 2 0 0 0 2 8 2 4 0 308 32 9 0 1 74 10 3 16 1 61 4 3 2 188 40 13 4 1 0
62 9 4 16 147 538 65 76 285 7089 2498 3951 0 0 0 0 1 0 1 0 24 14 2 0 4 0 0 2 16 87 31 26 20 4 0 0 1 7 0 0 36 0 2 0 1 1 0 2 0 1 7 1 53 13 8 12 2 0 0 1 0 4 0 0 0 0 24 2 1 0 1 556 14 6 6 0 10 0 32 1 3 0 35 15 54 20 1 4 3 1 0 5 3 1 0 34 1483 351 7 1 21 1 92 67 1 191 13 12 27 34 171 180 0 0 0 0 0 0 0 0 0 0 0 3 0 0 0 0 0 0 10 0 16 27 0 2 0 0 3 1 0 0 0 7 7 0 0 0 2 1 0 0 1 2 0 2 2 3 0 0 3 4 2 2 0 0 0 0 0 1 1 1 0 0 0 0 2 1 2 1 83 6 3 1 0 22 1 0 1 2 9 0 1 1 67 6 5 1 1 0
2939 1243 22756 2671 4090 12289 1843 13208 1256 27959 3951 29116 1 49 38 3 27 9 22 3 426 432 29 15 75 5 13 19 636 2612 803 2147 1509 70 2 14 84 308 26 16 836 13 39 7 11 7 11 29 27 25 63 138 606 383 272 345 169 28 12 2 18 35 56 17 46 16 804 17 76 46 21 2441 663 65 191 14 277 28 601 15 123 34 1443 560 1451 427 17 100 42 12 21 185 82 42 65 1523 3569 1726 175 26 216 59 694 736 19 2077 87 112 215 327 1671 1650 1 4 4 1 10 2 5 9 17 5 2 14 23 4 2 0 0 2 32 0 181 300 2 44 1 0 39 12 2 8 2 39 85 2 3 1 16 11 2 4 1 20 0 13 7 24 6 9 53 31 20 16 5 0 3 6 2 2 60 9 2 2 3 11 15 2 22 1 872 99 44 1 5 215 22 7 21 10 149 4 7 11 585 91 51 10 3 4
1 1 0 0 1 0 0 0 2 0 0 1 6997 0 3 6 4 989 7433 125 2 0 0 30 1 1 31 83 2 0 1 2 1 0 0 0 3 172 51 2 24 17 61 5338 2310 5094 1 5 5 64 0 1 1 1 2 2 3 1 0 0 26 3 9 43 86 921 3 2 25 2 2 28 222 621 3 4 76 201 247 7 5 17 2 0 1 0 0 18 17 28 183 4 0 0 10 2 17 0 0 0 0 2 1 2 2 0 0 0 0 0 0 0 10 59 1295 14 11 68 3 894 53 877 32 2 1 6 5 37 1 60 23 13 0 0 5 6 2 3 20 23 495 15 288 4 6 77 230 20 119 2427 9 2 4 5 2 22 1 3 1 1 5 13 0 4 10 10 313 227 45 424 9 30 18 37 12 209 2 4 187 8 1 8 111 8 17 5 3 2 13 2 7 15 10 16 1 1 5 1 1 0
52 1 1 5 17 17 27 1 0 1 0 49 0 13787 10100 912 295 353 150 287 76 33 1257 734 39 32 2074 2106 235 51 172 16 79 308 3920 4232 2033 107 449 750 1974 90 403 4 17 39 2003 40 51 11 11 6 90 68 19 1 277 1288 2584 319 39 110 381 257 857 5 290 1134 710 19 47 8 24 5 1666 8 1 0 2 1 65 4 80 48 32 56 25 9 22 9 32 61 15 10 124 252 3 42 13 22 1 0 0 0 0 0 0 0 0 1 0 0 5 3 8 20 16 67 35 17 79 129 96 2 8 3 5 1 2 5 1 0 0 0 1 4 7 0 41 32 9 21 4 2 5 6 7 2 96 42 3 2 2 0 0 7 0 0 0 0 0 0 0 0 0 0 7 10 5 1 1 3 1 1 6 21 1 1 39 6 8 22 14 0 15 23 2 1 7 0 1 18 8 0 0 0 4 2 1 1
39 0 7 2 26 8 25 3 1 1 0 38 3 10100 19183 9107 523 4245 134 271 106 52 1100 924 100 155 2635 3383 109 50 75 11 46 69 1066 726 1814 108 1134 1471 2454 217 390 5 10 50 487 92 109 15 13 10 40 30 10 5 87 324 224 57 134 139 419 218 1266 2 102 260 1300 29 96 6 15 6 617 50 1 1 2 1 73 1 43 23 24 31 19 22 45 8 50 151 10 27 149 121 4 16 15 8 0 0 0 1 1 1 0 0 0 0 0 1 18 13 30 21 10 70 30 41 86 112 107 4 5 6 8 5 2 9 1 3 0 1 2 6 8 2 24 21 17 24 14 0 6 8 17 1 107 77 2 4 4 1 0 13 1 1 0 0 1 2 0 0 1 1 11 23 10 7 0 0 1 3 7 41 1 1 99 13 8 30 9 1 21 18 4 0 12 0 2 20 13 1 0 0 3 0 0 3
11 0 2 2 4 0 5 2 0 0 0 3 6 912 9107 16366 321 8202 2440 489 9 25 152 737 12 30 2130 3965 15 12 5 2 25 77 245 6 455 458 2702 205 937 135 204 6 3 57 51 40 101 10 14 5 5 4 0 2 6 46 13 9 226 32 54 65 299 5 21 17 535 15 32 1 14 6 76 37 0 2 1 0 41 1 15 6 4 15 2 25 30 10 28 175 15 26 110 31 1 6 3 1 0 0 0 0 0 0 0 1 0 0 0 0 44 110 167 29 5 88 9 339 139 958 47 3 5 6 9 22 5 126 1 2 0 0 3 3 23 4 22 19 133 33 119 4 9 19 23 10 236 184 2 4 10 1 2 9 0 0 0 1 1 3 0 1 2 4 14 54 7 9 0 2 7 7 10 50 1 0 47 10 6 14 21 1 8 31 2 1 8 0 2 6 12 0 0 0 2 3 0 1
13 0 1 0 11 16 8 2 0 0 1 27 4 295 523 321 1453 787 1518 1190 46 61 331 205 91 246 199 54 47 31 23 12 43 29 107 125 1031 944 100 1351 571 35 124 8 8 98 279 8 25 3 0 6 9 7 2 4 19 60 26 9 107 12 26 41 41 0 17 34 48 6 3 5 7 16 131 6 0 12 5 1 7 3 22 8 18 10 12 7 11 8 15 23 1 2 28 55 2 17 1 4 1 0 2 3 2 2 0 0 1 0 0 3 56 26 25 43 18 15 35 24 127 57 79 18 33 10 30 10 7 23 2 1 4 12 6 14 18 1 47 36 13 83 11 3 22 10 8 3 195 50 12 0 1 0 2 9 0 2 0 2 3 0 0 0 2 5 9 11 7 4 7 4 1 6 5 15 4 0 14 5 10 58 23 2 4 107 4 1 6 5 9 0 2 3 1 1 20 4 2 14
12 1 3 1 5 2 6 3 2 1 0 9 989 353 4245 8202 787 8348 7597 1844 9 34 201 2956 39 17 3605 1440 20 17 12 3 36 54 108 15 697 1620 6004 161 1452 407 2168 203 86 2810 77 142 171 31 35 16 9 10 4 2 22 68 16 9 2793 90 168 1015 640 93 53 61 1112 42 86 7 167 118 135 209 0 12 11 0 102 3 24 21 19 29 17 67 102 30 134 329 32 40 312 45 1 4 16 2 0 6 0 0 5 5 0 1 0 2 0 1 43 643 1770 68 32 411 24 1332 227 3180 79 4 7 8 12 219 5 524 32 28 7 0 17 21 13 4 47 52 1340 38 1329 3 7 100 199 68 439 1295 17 11 17 12 0 30 1 5 0 6 6 24 1 14 27 14 162 538 79 109 13 42 48 65 21 256 9 8 209 20 3 12 95 18 38 17 6 3 29 2 12 31 15 24 0 0 4 3 1 0
8 0 3 1 8 11 0 2 0 3 1 22 7433 150 134 2440 1518 7597 60310 5988 46 78 173 706 72 257 1249 503 15 17 9 5 29 6 179 9 177 1720 193 1051 586 102 528 7751 1632 3340 114 14 88 160 11 21 5 4 4 1 6 13 9 1 291 37 75 353 262 403 23 25 84 24 20 20 329 2312 45 23 33 1348 91 13 48 122 23 8 19 17 15 191 95 158 560 81 10 9 129 29 13 4 10 4 5 10 1 3 7 8 1 4 0 0 4 11 573 1049 2584 422 226 1542 348 2923 2417 12745 1381 78 126 144 188 277 90 1124 45 29 23 38 33 83 271 45 492 460 1519 633 1309 26 149 212 295 120 3726 2087 54 20 13 21 9 112 9 10 3 15 11 27 2 20 29 50 168 645 109 348 31 49 46 88 38 247 16 9 422 60 101 368 1115 19 51 802 25 26 65 16 34 66 56 32 22 1 70 14 14 30
3 2 0 4 2 3 3 1 0 0 0 3 125 287 271 489 1190 1844 5988 3244 39 44 255 369 73 268 853 46 10 13 3 1 5 4 386 23 81 132 96 1639 697 76 160 718 97 155 217 6 55 22 6 4 3 4 2 2 8 19 9 1 85 11 34 39 23 13 15 22 43 7 4 5 29 187 39 11 8 162 20 3 15 12 6 12 5 22 19 29 20 13 41 56 4 11 66 11 1 4 6 2 2 0 1 2 7 1 0 0 0 0 2 5 251 138 68 179 80 125 107 61 634 933 369 32 61 58 104 49 45 216 2 2 8 10 10 26 117 20 173 135 24 282 32 6 45 61 39 9 937 83 31 7 2 7 4 32 1 2 2 1 4 4 1 2 8 19 11 70 22 29 12 7 4 11 7 31 5 3 45 10 38 137 127 3 5 356 4 10 15 8 14 9 20 11 0 0 28 10 7 26
156 52 74 99 126 251 29 25 33 28 24 426 2 76 106 9 46 9 46 39 6275 6584 3019 52 257 50 19 11 78 177 88 247 688 371 1 8 86 609 21 61 1120 15 40 25 4 4 24 4 38 2 3 11 41 27 13 1143 49 454 15 28 15 20 26 10 10 3 31 24 21 9 6 293 541 81 1600 6 100 17 113 1 15 7 254 21 4203 459 35 14 23 3 9 48 9 8 59 315 164 79 456 8 6 3 17 23 1 27 1 2 3 4 22 30 2 4 2 3 13 1 16 4 26 6 11 18 19 3 8 2 0 2 0 0 12 22 1 23 1 0 64 30 3 10 1 4 18 1 2 1 53 14 4 1 1 5 0 1 0 1 1 0 9 8 0 1 1 0 4 4 0 1 5 1 0 3 0 5 0 1 13 3 68 77 27 0 1 56 4 0 2 5 24 3 2 3 16 2 14 4 0 7
135 30 45 61 107 179 67 18 18 22 14 432 0 33 52 25 61 34 78 44 6584 18800 3274 496 4071 1533 125 18 148 208 116 345 986 593 12 6 114 1140 34 1181 840 226 435 64 19 25 191 14 340 19 48 39 64 67 42 366 82 716 11 43 41 102 165 106 16 6 187 183 62 88 42 372 1006 172 3036 44 155 37 156 4 71 14 661 320 4800 2371 345 32 94 36 82 387 61 85 553 474 209 100 2724 24 4 2 15 19 2 21 2 1 5 3 27 29 10 1 6 14 29 6 21 4 44 15 39 26 35 11 21 2 0 1 2 2 6 26 3 36 4 0 132 84 8 35 4 15 29 6 6 0 139 13 3 7 10 4 0 6 1 3 1 5 10 9 0 2 3 0 0 9 8 3 19 7 1 3 9 12 2 2 40 9 75 123 82 0 9 98 1 5 20 6 25 22 6 0 15 3 36 11 4 9
20 1 5 3 9 14 4 3 3 6 2 29 0 1257 1100 152 331 201 173 255 3019 3274 8325 4601 312 6256 530 90 13 22 23 64 339 559 31 127 592 962 107 2405 6048 902 265 24 9 33 169 20 230 10 17 13 13 20 8 32 14 255 133 51 46 33 51 21 36 5 51 62 90 25 14 89 318 41 505 19 46 8 31 1 36 0 71 67 284 202 38 15 29 11 35 190 25 30 148 75 23 8 159 0 1 0 1 2 2 7 2 1 0 0 4 6 5 2 11 5 4 1 8 10 22 10 24 6 10 5 7 1 1 4 2 0 2 7 3 4 1 0 35 24 9 10 10 1 9 6 11 0 39 17 1 1 0 1 0 7 3 2 0 1 4 2 0 1 1 0 8 6 4 0 5 2 0 1 3 5 0 1 36 3 14 28 14 0 7 31 2 1 4 0 9 12 3 2 1 2 5 1 0 1
20 0 5 6 13 12 6 7 1 4 0 15 30 734 924 737 205 2956 706 369 52 496 4601 10199 523 2754 8316 863 102 35 52 4 40 78 542 102 206 449 1133 5656 2288 6716 1610 16 19 2000 1455 8 597 9 27 16 72 101 12 14 144 172 203 16 1787 29 74 315 143 15 455 567 468 35 19 6 81 7 360 24 1 0 4 1 32 7 172 226 150 362 185 20 54 21 362 310 26 42 264 91 5 12 103 24 0 0 0 1 0 0 0 0 0 0 0 0 6 5 78 1 0 13 7 92 16 76 23 1 2 1 0 4 0 2 1 2 0 0 0 3 1 0 8 8 37 5 22 0 2 5 12 1 25 198 1 3 3 1 0 6 0 0 0 0 0 0 0 1 1 0 32 32 5 19 0 0 3 1 2 46 2 2 27 5 0 3 6 0 12 6 0 1 5 1 0 10 8 0 0 0 0 0 0 0
64 7 9 21 24 39 18 19 6 8 4 75 1 39 100 12 91 39 72 73 257 4071 312 523 7081 843 183 17 47 26 39 46 283 255 25 11 186 974 37 3384 273 105 597 17 8 20 1653 16 145 14 21 45 93 172 40 122 76 91 29 13 34 102 184 175 27 5 773 753 54 76 26 73 488 25 909 25 27 9 41 1 58 8 730 693 1749 3917 3842 14 60 21 48 122 42 41 415 99 21 17 2662 132 0 0 1 2 0 2 0 0 0 0 3 6 0 0 4 2 2 4 4 2 9 10 9 2 5 2 5 0 2 2 0 0 0 8 2 12 0 0 21 15 5 2 3 1 3 0 5 0 23 16 1 4 6 0 1 6 1 1 0 1 1 0 0 0 0 0 5 9 5 0 2 0 0 0 7 14 1 2 32 4 10 8 13 1 10 19 1 4 9 0 9 12 6 0 1 0 3 1 2 1
1 0 1 1 3 1 0 0 0 0 0 5 1 32 155 30 246 17 257 268 50 1533 6256 2754 843 2997 610 3 3 4 2 3 42 30 9 3 123 651 10 2973 600 78 116 49 0 6 52 6 65 2 2 7 5 9 1 1 2 3 1 1 10 5 14 9 3 1 39 14 16 14 7 5 172 42 28 7 1 2 9 0 12 1 28 35 50 64 21 6 13 10 12 56 4 14 83 10 2 1 28 1 0 0 1 0 0 0 0 0 0 0 0 0 1 1 0 2 3 2 11 4 16 2 21 6 1 6 2 0 0 1 0 0 0 1 0 2 1 0 22 16 1 5 1 1 1 1 1 0 22 8 0 1 1 0 0 2 0 1 0 0 2 0 0 0 0 0 0 4 1 0 0 0 0 0 1 1 0 0 6 0 4 18 9 0 6 13 1 0 1 0 0 3 0 0 0 0 0 1 0 0
13 6 3 6 17 15 13 4 1 0 0 13 31 2074 2635 2130 199 3605 1249 853 19 125 530 8316 183 610 21382 9263 200 30 162 6 37 98 1931 135 271 225 393 3748 474 197 1980 12 5 278 950 4 124 5 9 14 93 146 20 10 362 481 353 58 104 88 356 2070 732 6 636 859 185 37 17 9 33 16 839 14 2 2 1 0 24 0 141 199 97 337 74 8 31 7 44 61 11 27 242 128 1 21 76 63 0 0 0 0 0 0 0 0 0 0 1 1 5 14 143 18 15 82 25 179 70 267 102 1 2 5 5 9 0 9 1 2 0 0 1 5 3 0 23 25 76 8 41 2 6 6 10 0 76 286 1 3 4 0 0 2 2 0 0 0 0 1 0 1 1 3 23 23 6 14 1 2 3 3 5 15 0 0 18 5 4 10 16 2 3 16 2 1 6 0 1 4 3 5 2 1 2 0 0 1
30 2 2 0 21 12 7 2 0 0 2 19 83 2106 3383 3965 54 1440 503 46 11 18 90 863 17 3 9263 16488 189 44 159 8 49 149 222 78 302 104 5530 79 268 75 554 17 12 571 132 20 34 4 10 5 70 69 13 3 273 721 137 156 540 51 300 1232 2257 14 239 489 818 16 24 5 20 17 1170 8 0 0 4 0 22 3 64 41 21 46 14 9 11 5 20 51 10 8 69 137 1 12 17 41 1 1 0 0 0 0 0 0 0 0 0 0 7 115 638 18 10 76 9 825 40 722 43 2 1 5 8 36 1 50 15 9 2 0 2 9 6 1 19 28 419 22 281 3 4 39 63 7 62 1237 11 0 3 4 1 4 0 1 0 1 1 15 0 3 4 6 132 167 22 50 2 23 11 21 6 81 0 0 43 8 1 6 25 6 5 3 0 0 10 3 4 11 3 13 1 0 2 2 3 1
5773 257 274 238 2063 788 2144 334 38 98 16 636 2 235 109 15 47 20 15 10 78 148 13 102 47 3 200 189 38944 11097 1262 91 363 94 47 56 194 306 121 23 189 19 253 4 16 52 44 73 34 11 41 133 5023 8751 592 65 4603 53 40 8 58 276 689 208 285 5 6482 90 375 81 87 317 248 29 1602 46 24 2 98 3 178 12 1537 856 248 188 142 39 59 16 75 149 68 32 326 3316 55 3526 121 266 14 3 37 46 1 73 3 3 8 4 42 44 1 0 8 1 0 1 1 6 3 7 1 11 5 4 1 1 0 0 4 1 13 65 0 42 0 0 39 16 4 6 6 12 28 3 15 0 13 32 2 1 4 5 0 7 3 7 0 2 16 14 1 2 0 0 9 13 9 2 17 1 0 0 10 44 4 2 57 9 144 62 15 1 12 63 4 1 6 1 50 9 4 1 22 1 15 2 0 2
11263 1316 98 1824 7419 4383 1167 148 44 125 87 2612 0 51 50 12 31 17 17 13 177 208 22 35 26 4 30 44 11097 10709 4390 436 570 83 8 22 165 330 46 19 415 11 61 3 6 15 11 50 23 13 62 134 1494 900 372 128 1170 18 25 3 27 49 122 27 61 8 532 16 129 42 57 1241 519 45 287 15 20 1 428 5 138 28 1267 406 616 179 12 70 52 9 25 181 92 31 72 2400 119 1927 61 24 49 16 150 178 4 322 15 9 32 30 172 229 2 1 5 0 2 1 2 4 3 3 3 21 13 2 2 2 0 2 8 1 52 142 0 48 1 0 43 13 5 6 4 26 55 4 10 0 9 27 0 2 0 12 0 7 5 19 0 8 29 33 3 3 3 0 5 7 3 3 45 4 0 2 7 21 6 1 41 5 419 66 23 2 7 117 8 1 19 5 121 10 10 7 70 12 30 2 2 1
225 10 20 37 9268 1486 69 22 9 11 31 803 1 172 75 5 23 12 9 3 88 116 23 52 39 2 162 159 1262 4390 10434 212 427 75 29 42 133 198 75 26 158 17 121 5 6 42 23 31 16 7 25 37 320 392 69 48 4960 44 39 8 32 163 395 109 227 3 1696 44 284 32 62 658 222 47 4047 24 14 2 202 1 72 8 398 387 276 793 106 21 20 9 37 60 33 16 130 8301 74 169 696 3447 24 8 103 126 11 182 6 4 19 9 98 132 0 0 5 1 2 0 0 2 9 6 3 11 12 1 1 0 0 1 9 2 26 125 2 41 0 0 22 6 5 7 2 22 41 3 11 0 7 26 3 3 4 16 0 6 8 10 1 7 18 25 2 6 3 0 4 7 7 1 25 2 2 1 5 19 10 4 47 7 330 56 17 2 7 88 5 2 8 2 81 3 8 5 41 7 25 2 4 0
224 16 20 12 935 3770 61 17 19 27 26 2147 2 16 11 2 12 3 5 1 247 345 64 4 46 3 6 8 91 436 212 4790 6482 132 1 6 39 149 8 9 196 4 14 3 3 3 22 1 1 3 7 13 57 36 31 46 17 3585 7 6 7 6 13 5 18 0 93 40 19 7 7 1801 325 6 1785 1 16 1 396 2 21 2 200 89 266 121 32 11 6 2 6 25 12 4 17 4858 106 63 69 3 5 1 16 27 1 50 0 1 5 3 44 45 0 0 2 1 1 0 0 0 3 1 1 0 1 0 1 0 0 0 2 0 5 13 0 3 0 0 8 5 0 2 0 2 4 0 3 0 4 3 0 0 0 0 0 0 0 1 0 0 2 2 0 0 1 0 0 2 1 2 3 2 0 0 0 5 2 3 9 0 36 8 5 0 1 6 2 0 2 0 6 1 0 2 14 4 1 1 0 0
247 30 64 42 501 961 80 27 24 42 20 1509 1 79 46 25 43 36 29 5 688 986 339 40 283 42 37 49 363 570 427 6482 9764 4176 11 54 391 3604 87 158 659 15 65 6 12 19 291 27 20 9 21 50 165 165 97 97 185 4887 100 271 28 33 82 28 84 9 355 369 157 23 22 3998 6938 30 4821 18 204 7 669 4 63 9 566 247 653 359 185 33 20 5 21 79 33 13 66 4856 298 140 167 29 5 3 18 17 3 29 1 3 2 4 23 21 7 4 14 5 5 3 4 7 10 13 5 9 15 1 2 1 1 2 1 0 8 19 1 16 0 0 42 11 11 10 9 6 15 0 10 0 36 39 3 0 3 1 1 5 4 1 0 0 11 8 0 2 1 0 3 8 3 1 2 1 0 0 3 17 6 0 31 6 36 41 16 0 6 42 5 2 7 2 28 5 2 2 13 2 17 3 2 2
45 5 2 0 44 21 28 2 0 2 4 70 0 308 69 77 29 54 6 4 371 593 559 78 255 30 98 149 94 83 75 132 4176 7573 147 635 2751 1113 160 239 376 18 75 1 6 11 882 24 15 0 3 9 42 40 24 30 63 4242 2108 5571 28 34 123 38 183 0 67 1520 249 10 19 121 168 5 4065 16 2 0 4 2 24 0 95 52 184 120 194 11 4 7 8 24 8 2 49 401 1 34 69 8 1 1 0 1 0 1 0 0 0 0 0 0 0 1 14 1 5 1 1 5 7 14 5 3 1 1 1 0 0 1 0 0 0 0 0 1 0 0 8 5 5 3 5 0 4 3 3 0 4 18 0 1 1 0 0 1 0 0 0 0 1 1 0 0 0 0 7 3 2 0 5 1 0 1 0 13 0 1 20 5 7 6 5 0 9 8 1 2 3 0 5 6 1 1 0 1 3 0 0 1
2 1 0 0 0 2 2 0 0 0 0 2 0 3920 1066 245 107 108 179 386 1 12 31 542 25 9 1931 222 47 8 29 1 11 147 2837 3298 334 75 10 495 28 7 178 4 0 15 2016 0 8 1 0 3 22 35 3 2 64 293 1294 63 4 5 37 52 40 0 124 586 32 4 2 2 7 1 292 0 0 0 0 0 3 0 32 30 16 51 7 0 2 1 6 8 2 0 27 14 2 4 12 12 0 0 0 0 0 0 0 1 0 0 0 0 2 3 1 7 6 29 14 2 31 60 34 1 1 2 5 0 2 4 0 0 0 0 0 0 0 1 8 12 1 4 0 0 1 0 2 0 32 3 0 1 1 0 0 0 0 0 0 0 0 0 0 0 0 0 1 5 3 1 0 0 0 0 0 3 0 0 2 0 4 6 6 0 0 7 0 1 1 0 0 0 0 1 0 0 0 0 0 2
11 1 0 0 11 3 6 1 0 0 0 14 0 4232 726 6 125 15 9 23 8 6 127 102 11 3 135 78 56 22 42 6 54 635 3298 3411 1133 66 17 168 127 3 76 0 0 3 1545 1 2 0 1 2 8 15 2 0 29 780 4927 420 3 10 27 31 39 0 26 772 31 1 4 7 2 2 423 0 0 0 2 0 6 0 16 10 8 8 10 3 3 0 2 3 2 1 14 82 2 15 2 1 0 0 1 0 0 0 0 0 0 0 0 0 1 0 0 0 2 2 1 1 3 5 2 0 1 1 0 0 0 1 0 0 0 0 0 0 0 0 1 1 2 1 0 0 0 0 0 0 3 2 0 0 1 0 0 0 0 0 0 1 0 0 0 0 0 0 0 0 0 0 0 0 0 0 2 0 0 0 2 1 1 1 0 0 0 0 0 0 0 0 0 1 1 0 0 0 0 0 0 0
87 0 1 3 64 36 48 6 1 0 1 84 3 2033 1814 455 1031 697 177 81 86 114 592 206 186 123 271 302 194 165 133 39 391 2751 334 1133 3572 1819 405 837 555 44 146 4 7 73 1066 30 35 5 4 13 66 50 19 10 122 1991 2613 2395 171 24 87 68 178 4 86 1060 285 8 21 22 42 7 2232 21 2 1 9 0 27 3 86 42 64 38 49 8 12 4 16 27 5 8 55 443 2 49 12 12 0 0 1 1 1 0 0 1 0 0 0 2 17 8 29 10 5 13 15 20 34 16 23 11 27 4 7 5 6 10 1 0 1 4 1 6 6 1 23 15 23 28 17 1 5 5 9 2 63 64 8 1 3 1 1 4 0 0 1 1 1 4 0 1 0 0 5 10 5 3 3 1 2 3 2 17 1 1 25 3 5 36 7 1 2 54 0 0 4 1 4 6 2 0 0 0 10 3 1 4
158 10 10 20 232 192 70 23 2 7 7 308 172 107 108 458 944 1620 1720 132 609 1140 962 449 974 651 225 104 306 330 198 149 3604 1113 75 66 1819 5490 331 2280 1009 117 475 372 188 726 1463 44 70 44 28 55 121 95 57 73 81 1438 355 363 510 28 93 177 107 66 186 1094 245 22 40 532 1689 418 2719 51 66 157 165 12 74 34 396 174 433 299 350 86 61 31 297 112 28 19 129 1206 17 86 179 11 5 7 12 16 13 14 3 3 3 3 9 21 185 77 199 120 92 47 154 123 502 280 259 154 259 70 131 29 22 88 10 9 39 92 16 95 83 19 548 292 93 359 69 35 173 56 80 18 886 377 59 8 1 6 4 26 10 27 6 14 41 44 1 2 18 24 67 100 25 77 61 25 19 24 20 84 16 4 187 24 137 482 214 11 28 698 16 4 37 41 132 23 17 19 6 5 158 70 19 68
23 0 1 1 19 15 10 2 0 2 0 26 51 449 1134 2702 100 6004 193 96 21 34 107 1133 37 10 393 5530 121 46 75 8 87 160 10 17 405 331 19680 66 755 535 2044 10 71 1199 78 194 84 19 21 5 38 41 10 1 95 316 39 52 9291 180 617 2601 5488 42 122 151 8626 41 139 6 21 5 603 312 1 0 4 0 147 8 45 35 28 46 12 60 136 23 244 160 13 13 276 144 1 21 11 17 0 3 0 0 1 1 1 0 0 0 1 1 10 65 686 23 11 47 4 400 29 352 13 1 1 4 2 44 2 57 10 21 2 1 6 10 4 3 17 22 465 21 316 4 4 127 312 11 84 1619 18 6 11 7 4 27 1 2 2 4 4 14 1 8 10 10 475 335 73 54 7 37 24 53 22 627 7 6 447 54 3 5 23 12 73 3 3 7 29 4 5 28 23 16 1 0 2 1 4 1
19 1 3 6 12 18 6 7 0 1 0 16 2 750 1471 205 1351 161 1051 1639 61 1181 2405 5656 3384 2973 3748 79 23 19 26 9 158 239 495 168 837 2280 66 5430 792 381 1034 91 12 32 1830 15 252 8 18 19 61 82 25 21 78 110 277 28 48 36 64 80 28 3 353 483 85 47 17 35 460 50 233 24 9 5 29 2 37 3 193 254 187 467 403 15 27 17 54 127 19 27 243 41 5 5 144 15 1 0 1 0 1 1 0 0 0 0 0 0 4 7 6 6 11 27 34 14 40 59 64 4 6 4 7 1 1 7 0 1 3 4 0 9 5 0 39 35 6 20 8 1 2 3 6 0 93 22 0 3 5 0 0 5 2 1 0 1 1 0 0 0 0 1 8 7 2 2 6 0 0 1 3 18 1 1 35 6 15 37 16 1 8 29 2 3 2 2 2 7 3 1 1 1 2 0 0 1
1149 370 619 437 242 561 148 553 65 139 36 836 24 1974 2454 937 571 1452 586 697 1120 840 6048 2288 273 600 474 268 189 415 158 196 659 376 28 127 555 1009 755 792 8998 6981 517 67 205 783 135 172 1927 192 232 205 76 69 2235 1771 93 367 100 46 1036 138 172 47 172 27 183 99 528 176 122 460 562 103 1274 348 145 30 185 11 373 102 1532 217 823 280 85 430 793 294 1137 1490 252 238 889 460 179 127 121 41 8 3 40 43 6 69 1 4 1 7 44 51 9 5 29 3 10 7 10 28 34 38 18 27 31 7 9 3 2 3 3 1 24 103 2 51 2 0 106 42 34 22 15 21 37 22 41 3 68 126 3 44 55 12 6 62 9 12 4 26 30 28 2 2 8 0 29 36 37 14 34 12 1 5 33 85 24 22 207 26 186 103 52 3 44 137 52 33 135 10 77 84 66 5 22 7 47 7 2 4
15 3 4 2 4 10 4 6 1 1 0 13 17 90 217 135 35 407 102 76 15 226 902 6716 105 78 197 75 19 11 17 4 15 18 7 3 44 117 535 381 6981 5686 2472 31 155 1068 87 23 1020 38 43 18 15 16 7 8 17 32 6 8 1371 22 72 22 167 38 59 54 713 31 19 4 37 4 90 167 8 0 9 1 39 9 50 34 50 81 34 45 158 62 1324 842 22 32 158 35 2 3 25 2 0 0 0 0 0 0 0 0 0 0 0 0 1 0 31 1 0 1 0 7 8 6 0 0 1 0 1 0 1 0 4 2 0 0 0 0 0 0 1 0 10 2 7 0 0 13 42 3 8 104 1 5 6 1 0 24 1 1 0 2 0 1 0 1 1 1 27 27 22 15 1 3 2 2 10 95 5 2 143 14 1 0 0 1 23 5 1 8 20 0 0 28 11 0 0 0 1 0 0 0
47 4 5 7 34 20 26 8 1 5 2 39 61 403 390 204 124 2168 528 160 40 435 265 1610 597 116 1980 554 253 61 121 14 65 75 178 76 146 475 2044 1034 517 2472 4942 88 646 4354 866 68 1181 219 41 32 161 202 36 27 272 275 181 24 5665 241 1079 7490 1218 147 931 649 2985 114 91 15 127 14 609 927 16 4 14 2 94 8 355 468 337 760 246 69 425 370 5237 298 50 69 1191 163 9 28 239 51 1 3 0 1 0 1 0 0 0 0 0 0 2 7 136 7 2 10 2 82 18 55 8 0 2 2 5 4 0 7 3 2 2 4 2 3 1 1 13 11 74 4 34 3 1 57 158 2 29 530 7 20 20 8 0 105 2 3 1 5 0 5 0 1 4 1 143 107 52 57 3 14 6 12 81 369 8 12 600 84 6 1 8 4 111 3 7 25 50 2 1 70 50 3 1 0 1 2 0 3
6 2 0 2 5 6 5 3 2 2 0 7 5338 4 5 6 8 203 7751 718 25 64 24 16 17 49 12 17 4 3 5 3 6 1 4 0 4 372 10 91 67 31 88 8118 3653 755 17 10 38 904 31 176 6 2 7 2 5 4 2 0 46 34 32 24 23 1179 7 4 48 14 20 194 2224 1694 17 17 244 1595 2138 296 201 798 18 9 28 11 7 773 224 334 446 38 12 14 79 19 15 3 10 0 4 4 2 5 2 8 2 0 1 0 2 10 114 83 234 94 106 233 151 356 504 1553 397 53 102 42 65 34 9 98 9 3 13 28 14 42 75 9 282 197 106 203 57 17 74 59 75 11 867 381 18 16 22 10 5 59 18 15 13 15 6 19 1 5 8 13 37 81 34 80 14 18 6 15 59 122 10 13 357 59 55 255 415 5 60 339 18 18 47 8 45 77 34 7 4 0 54 13 11 26
19 4 6 4 6 1 4 1 22 3 1 11 2310 17 10 3 8 86 1632 97 4 19 9 19 8 0 5 12 16 6 6 3 12 6 0 0 7 188 71 12 205 155 646 3653 10284 1631 5 99 235 3649 27 52 5 5 8 2 12 6 1 1 137 196 214 32 93 3524 22 11 461 66 73 173 383 109 35 123 714 402 798 42 192 874 24 9 9 20 3 1336 922 5611 2673 190 17 35 467 14 153 18 6 3 0 0 1 1 0 1 0 2 0 0 1 0 5 4 362 13 11 19 13 58 43 62 12 2 3 7 3 7 2 3 22 15 0 1 3 7 7 2 27 31 131 19 45 5 6 209 884 7 128 2120 15 53 83 18 14 416 15 17 5 38 3 23 0 8 6 6 699 422 222 437 11 49 21 40 323 1549 32 43 3784 436 9 15 24 19 576 39 33 136 235 6 11 517 181 11 6 2 6 1 7 0
12 3 2 1 21 5 5 6 0 1 1 7 5094 39 50 57 98 2810 3340 155 4 25 33 2000 20 6 278 571 52 15 42 3 19 11 15 3 73 726 1199 32 783 1068 4354 755 1631 6265 25 52 169 49 22 6 18 21 6 3 38 49 18 8 981 60 134 2203 1326 2233 68 73 442 40 44 11 351 68 126 100 16 15 38 2 38 9 27 17 15 33 12 48 96 53 1675 234 17 31 297 31 9 4 16 11 0 16 0 0 8 3 0 0 0 0 0 5 42 91 3050 61 35 74 42 626 208 532 39 8 5 24 23 129 10 78 55 79 15 8 15 50 12 15 100 115 1256 58 596 8 8 486 1593 74 416 5083 59 19 22 23 6 100 4 10 1 13 6 59 2 16 70 48 1335 1134 198 959 51 168 124 246 49 1762 17 17 1228 154 10 19 106 75 178 14 15 18 66 17 16 47 60 68 4 1 16 8 23 10
16 2 1 2 5 2 2 7 1 1 0 11 1 2003 487 51 279 77 114 217 24 191 169 1455 1653 52 950 132 44 11 23 22 291 882 2016 1545 1066 1463 78 1830 135 87 866 17 5 25 4852 20 74 7 4 8 32 60 15 8 73 394 1637 199 37 45 155 205 79 1 281 1247 104 29 11 43 421 12 428 23 9 4 14 0 32 1 117 175 118 408 541 8 26 19 35 63 11 9 211 54 4 4 139 16 0 0 0 1 1 0 0 1 0 0 1 0 1 2 5 3 3 7 6 9 20 12 18 0 1 3 2 1 0 2 0 0 0 0 0 2 1 0 17 11 6 6 5 1 5 2 4 0 21 21 0 3 3 0 0 5 0 0 0 0 0 0 0 1 0 1 8 7 5 2 2 0 0 0 5 12 1 0 33 3 3 9 4 0 6 7 1 2 2 0 1 2 5 0 0 0 5 0 0 0
44 4 14 12 17 13 21 27 3 10 2 29 5 40 92 40 8 142 14 6 4 14 20 8 16 6 4 20 73 50 31 1 27 24 0 1 30 44 194 15 172 23 68 10 99 52 20 18572 105 333 21 27 13 18 11 2 57 79 8 11 679 4901 1072 65 464 6 46 23 4653 548 6632 8 14 7 221 3659 16 2 12 7 2009 379 31 21 17 6 5 2894 4001 245 567 240 71 183 362 97 8 10 4 5 1 0 3 0 0 1 0 0 0 0 1 0 0 3 9 4 1 8 1 6 3 4 1 2 3 1 4 2 0 3 9 2 0 1 2 3 1 0 4 2 14 19 8 2 6 71 30 5 20 63 9 394 454 46 48 191 25 11 9 136 0 10 0 4 1 0 21 122 299 14 2 17 10 15 293 162 161 194 555 83 5 6 7 6 397 25 275 131 1091 5 6 690 616 2 5 0 3 1 4 4
67 10 20 4 14 14 11 33 2 16 0 27 5 51 109 101 25 171 88 55 38 340 230 597 145 65 124 34 34 23 16 1 20 15 8 2 35 70 84 252 1927 1020 1181 38 235 169 74 105 9839 219 228 51 31 53 31 32 35 28 13 5 379 140 237 29 71 22 200 53 255 340 70 12 30 14 80 394 18 4 11 3 252 33 157 150 136 211 51 204 894 463 1296 6051 394 1596 8234 36 22 7 72 5 0 0 0 0 0 0 0 1 0 0 1 0 0 1 10 1 1 4 2 3 9 4 1 1 0 0 1 1 0 1 2 3 1 2 0 0 0 0 0 3 18 2 4 2 4 12 30 1 8 74 1 18 40 10 4 58 2 2 4 27 0 0 0 2 1 0 14 26 54 6 2 8 2 3 67 119 13 12 328 42 5 5 2 1 87 5 21 35 76 0 1 121 55 1 0 0 0 0 0 0
35 6 20 7 11 11 9 20 20 5 1 25 64 11 15 10 3 31 160 22 2 19 10 9 14 2 5 4 11 13 7 3 9 0 1 0 5 44 19 8 192 38 219 904 3649 49 7 333 219 6503 163 872 11 13 27 6 12 10 1 2 157 525 479 12 55 1446 34 10 471 179 184 182 142 280 30 277 915 423 555 1352 837 5437 49 19 18 25 6 5300 2350 8990 1512 296 70 59 621 25 217 24 8 4 1 2 0 1 0 1 0 9 0 0 0 1 1 3 19 4 2 7 1 25 8 7 1 2 2 2 1 3 0 2 5 8 0 8 2 8 3 0 10 3 33 11 5 3 1 88 65 4 30 134 7 147 378 31 18 543 73 24 33 99 4 13 1 1 1 6 37 148 374 40 7 36 6 16 478 351 87 88 1324 139 11 8 15 6 548 36 157 462 899 3 4 1005 388 2 15 1 3 5 2 2
206 24 65 31 30 31 78 112 14 36 7 63 0 11 13 14 0 35 11 6 3 48 17 27 21 2 9 10 41 62 25 7 21 3 0 1 4 28 21 18 232 43 41 31 27 22 4 21 228 163 12000 16539 31 16 527 36 23 4 1 1 35 23 48 6 9 114 51 12 38 502 39 39 34 71 41 47 76 14 43 1102 1889 575 534 65 37 47 6 642 196 77 152 5013 9559 219 317 39 40 21 11 8 1 1 2 2 0 5 0 0 1 0 1 3 0 0 0 0 1 1 0 0 1 0 2 1 0 1 0 0 0 0 0 0 0 11 0 1 0 0 6 3 0 0 0 2 10 5 3 0 5 11 1 11 14 5 0 9 138 36 86 116 3 1 0 0 0 0 2 5 14 2 2 0 0 3 6 13 87 23 29 3 18 17 7 0 10 12 61 8 134 1 11 24 47 0 3 1 0 1 1 0
444 71 127 73 74 105 165 279 54 94 1 138 1 6 10 5 6 16 21 4 11 39 13 16 45 7 14 5 133 134 37 13 50 9 3 2 13 55 5 19 205 18 32 176 52 6 8 27 51 872 16539 25219 98 83 1700 68 72 8 3 2 21 45 51 12 12 598 135 23 31 374 45 103 101 356 101 12 371 130 155 14223 6320 2652 1598 162 103 106 27 1760 112 28 70 2189 9081 104 154 118 167 77 38 15 3 0 0 10 0 7 2 9 2 0 4 7 0 1 1 1 2 5 1 1 3 2 2 4 8 1 3 1 0 0 1 1 9 20 0 9 0 0 29 8 1 10 0 12 12 6 10 2 12 7 3 34 34 27 8 16 3132 529 2514 1328 93 9 0 1 2 0 3 7 9 29 10 1 2 1 10 12 705 109 38 2 45 33 78 2 15 64 930 64 811 3 74 48 199 1 28 8 3 1 0 2
1946 157 370 175 398 361 1961 911 265 418 53 606 1 90 40 5 9 9 5 3 41 64 13 72 93 5 93 70 5023 1494 320 57 165 42 22 8 66 121 38 61 76 15 161 6 5 18 32 13 31 11 31 98 14690 6651 4137 12 662 34 12 7 27 115 255 104 83 7 1006 106 109 29 24 267 182 58 780 23 88 14 130 10 74 9 1783 551 116 214 180 25 25 12 27 71 39 20 217 819 255 13076 157 197 7 1 33 31 2 42 1 1 3 6 25 26 0 1 2 0 4 0 1 2 9 2 3 16 11 7 4 0 0 1 2 2 13 66 3 23 0 0 64 17 0 6 1 9 22 2 4 0 17 8 2 0 0 1 0 2 1 6 0 2 3 9 1 0 4 0 3 1 2 1 14 0 1 0 2 9 0 1 9 0 137 75 25 0 3 66 3 2 1 0 28 3 1 1 14 2 13 8 0 1
1155 155 321 210 288 302 682 487 62 152 13 383 1 68 30 4 7 10 4 4 27 67 20 101 172 9 146 69 8751 900 392 36 165 40 35 15 50 95 41 82 69 16 202 2 5 21 60 18 53 13 16 83 6651 13176 390 10 914 39 20 7 45 144 385 136 137 2 2523 162 137 61 34 151 149 41 1071 25 30 4 70 4 76 4 3083 8027 104 462 230 14 41 15 44 91 59 23 299 719 67 2322 294 277 4 1 12 23 0 40 1 1 0 2 14 20 0 0 3 0 3 1 0 1 2 2 2 4 5 2 1 0 0 0 1 0 10 38 0 32 1 0 45 9 1 4 4 10 26 1 5 1 9 16 0 0 3 3 0 1 3 3 0 0 10 13 1 1 2 0 0 2 2 1 13 0 0 0 3 14 2 0 14 0 101 53 21 0 7 55 2 1 1 3 28 4 3 0 10 0 15 4 1 1
794 86 224 107 136 168 494 507 71 183 8 272 2 19 10 0 2 4 4 2 13 42 8 12 40 1 20 13 592 372 69 31 97 24 3 2 19 57 10 25 2235 7 36 7 8 6 15 11 31 27 527 1700 4137 390 20330 592 108 14 5 0 16 40 76 35 32 26 164 35 27 58 19 103 106 48 169 6 42 11 60 121 288 85 4381 221 84 121 39 98 30 9 21 1097 272 32 97 239 60 2223 43 30 5 2 17 8 0 15 0 0 2 1 11 8 0 0 0 0 0 0 2 3 7 1 0 8 10 3 1 0 0 0 1 0 13 42 2 9 0 0 51 13 1 3 0 7 16 1 1 0 13 2 1 3 3 2 0 1 10 4 8 11 5 9 1 1 0 0 0 0 3 1 10 1 0 0 1 0 9 1 0 2 67 55 13 0 5 44 10 1 16 2 8 4 5 2 2 2 11 1 0 2
389 103 209 188 98 229 69 162 15 39 12 345 2 1 5 2 4 2 1 2 1143 366 32 14 122 1 10 3 65 128 48 46 97 30 2 0 10 73 1 21 1771 8 27 2 2 3 8 2 32 6 36 68 12 10 592 2645 29 42 2 1 7 19 41 12 11 3 33 19 14 21 7 92 72 23 209 1 22 3 36 3 42 6 2370 52 2485 298 30 35 10 6 9 143 27 12 74 171 41 39 170 5 1 1 5 3 0 17 0 1 3 0 7 8 0 0 0 0 0 0 1 0 4 1 3 5 4 2 1 0 0 0 0 0 4 24 0 7 0 0 21 6 0 1 0 2 6 0 1 0 9 1 0 2 2 0 0 0 1 2 0 1 4 4 1 0 2 0 0 0 0 0 6 2 2 0 3 4 3 0 3 0 44 24 11 0 2 22 1 0 9 0 15 3 3 0 6 0 8 2 0 2
107 21 29 40 1259 152 44 25 9 10 2 169 3 277 87 6 19 22 6 8 49 82 14 144 76 2 362 273 4603 1170 4960 17 185 63 64 29 122 81 95 78 93 17 272 5 12 38 73 57 35 12 23 72 662 914 108 29 5914 60 44 10 54 267 745 276 333 2 4249 217 347 70 78 114 57 9 4245 34 8 0 38 2 130 13 538 517 170 919 262 30 42 13 59 97 50 45 369 3370 19 187 1440 2512 4 1 13 16 1 15 2 0 2 1 13 8 0 0 4 0 0 2 0 6 0 7 1 5 5 0 1 0 0 2 2 1 6 17 0 6 1 1 9 1 5 1 1 3 8 6 5 0 6 23 2 0 5 6 0 5 2 2 1 0 8 1 0 0 2 1 10 11 3 2 5 2 0 1 12 34 3 1 37 6 49 23 4 0 10 12 2 2 8 1 19 15 6 1 5 1 4 0 0 0
20 2 8 5 16 14 7 3 1 2 0 28 1 1288 324 46 60 68 13 19 454 716 255 172 91 3 481 721 53 18 44 3585 4887 4242 293 780 1991 1438 316 110 367 32 275 4 6 49 394 79 28 10 4 8 34 39 14 42 60 6438 1512 3189 78 165 479 204 634 5 147 2807 714 23 59 1448 1020 2 4441 32 4 1 79 0 98 2 129 113 273 237 71 17 24 6 37 32 15 4 145 241 7 5 122 35 0 0 3 1 0 0 0 0 0 0 0 2 1 1 16 1 1 1 2 9 2 9 3 0 0 2 1 0 0 0 0 0 0 3 0 2 1 0 4 4 11 0 5 0 2 5 5 2 10 55 1 1 4 2 0 5 0 0 0 0 0 0 0 0 0 0 18 15 4 2 2 1 2 0 3 32 1 1 65 10 1 3 2 0 10 5 0 2 6 0 0 23 4 0 0 0 0 0 0 1
14 0 0 0 5 4 8 0 1 0 0 12 0 2584 224 13 26 16 9 9 15 11 133 203 29 1 353 137 40 25 39 7 100 2108 1294 4927 2613 355 39 277 100 6 181 2 1 18 1637 8 13 1 1 3 12 20 5 2 44 1512 2781 1732 9 21 78 127 93 1 56 1906 81 8 9 12 56 0 857 7 1 0 1 0 6 0 25 11 11 19 13 0 2 3 8 6 2 1 51 74 0 9 9 9 0 0 0 0 0 0 0 0 0 0 0 0 1 0 0 0 3 0 1 1 5 1 5 1 0 0 0 0 0 0 0 0 0 0 0 0 0 0 3 2 4 0 0 0 0 1 2 0 2 7 0 1 0 0 0 3 0 0 0 0 0 0 0 0 0 0 2 0 1 0 0 0 0 0 1 6 0 0 5 0 0 1 1 0 2 3 0 0 1 0 0 0 0 1 0 0 0 0 0 0
0 0 0 0 3 3 1 0 0 0 1 2 0 319 57 9 9 9 1 1 28 43 51 16 13 1 58 156 8 3 8 6 271 5571 63 420 2395 363 52 28 46 8 24 0 1 8 199 11 5 2 1 2 7 7 0 1 10 3189 1732 2739 10 20 64 19 120 0 21 1202 133 4 11 9 20 2 858 7 0 0 0 0 9 1 7 5 9 5 7 2 2 1 5 2 2 0 8 32 1 3 7 0 0 0 0 0 0 0 0 0 0 0 0 0 0 0 1 0 0 0 2 2 0 2 3 0 0 0 0 1 0 0 0 0 0 0 0 0 0 0 0 1 1 0 0 0 0 0 0 0 0 3 0 0 1 0 0 1 0 0 0 0 0 0 0 0 0 0 1 3 4 0 0 0 1 0 3 6 0 0 10 1 1 0 0 1 4 0 1 0 0 0 0 2 1 0 0 0 0 0 0 0
14 3 4 6 10 9 6 5 1 4 0 18 26 39 134 226 107 2793 291 85 15 41 46 1787 34 10 104 540 58 27 32 7 28 28 4 3 171 510 9291 48 1036 1371 5665 46 137 981 37 679 379 157 35 21 27 45 16 7 54 78 9 10 12808 353 444 2081 466 218 119 80 8461 119 367 4 66 13 176 9443 7 1 12 5 390 14 47 35 34 67 23 429 1254 226 8088 375 34 67 966 64 2 9 18 11 0 3 0 0 2 1 0 2 0 1 0 0 6 9 440 17 12 17 6 95 58 81 17 1 6 4 3 19 2 8 20 18 5 0 4 13 6 1 43 38 260 23 100 4 5 180 728 10 146 1499 23 28 46 17 12 195 2 6 0 20 5 16 0 9 14 9 453 399 150 133 8 44 35 77 121 1138 22 16 1456 189 6 7 24 30 210 16 12 34 97 6 6 135 70 16 5 0 6 3 10 2
52 9 12 7 29 22 19 7 0 8 4 35 3 110 139 32 12 90 37 11 20 102 33 29 102 5 88 51 276 49 163 6 33 34 5 10 24 28 180 36 138 22 241 34 196 60 45 4901 140 525 23 45 115 144 40 19 267 165 21 20 353 13957 6967 492 735 13 511 222 2579 3803 3075 13 15 14 492 838 36 4 22 5 1313 450 195 178 128 202 49 1132 1809 365 859 199 111 760 2524 154 11 27 72 32 3 1 1 4 0 0 3 3 0 0 1 1 1 0 18 3 3 3 3 15 7 9 2 2 5 1 6 6 1 1 10 4 0 3 2 1 2 1 4 1 23 11 7 4 3 97 49 0 26 70 5 445 589 37 48 176 21 25 9 144 3 8 3 2 5 3 30 157 359 18 7 26 6 20 351 235 208 217 708 110 5 2 7 7 450 20 284 133 1333 5 11 864 696 6 7 1 1 4 5 2
60 8 11 12 56 28 31 6 2 4 0 56 9 381 419 54 26 168 75 34 26 165 51 74 184 14 356 300 689 122 395 13 82 123 37 27 87 93 617 64 172 72 1079 32 214 134 155 1072 237 479 48 51 255 385 76 41 745 479 78 64 444 6967 18604 4922 6796 19 1298 591 6857 817 526 12 27 5 1306 1095 27 4 19 3 426 39 414 392 260 522 107 224 1220 426 1290 213 112 214 2757 362 12 62 166 87 0 0 0 0 0 0 0 0 0 1 0 0 1 2 18 1 3 2 1 38 11 19 3 0 2 0 1 0 2 1 12 12 1 1 1 2 0 1 2 4 31 4 9 1 1 90 60 0 38 168 1 104 220 12 17 220 5 6 5 40 1 9 0 3 4 1 32 171 294 31 11 32 8 13 343 315 37 69 920 142 5 10 5 8 518 17 44 88 331 0 3 601 322 0 4 0 2 0 1 0
19 3 7 6 11 8 6 7 0 3 0 17 43 257 218 65 41 1015 353 39 10 106 21 315 175 9 2070 1232 208 27 109 5 28 38 52 31 68 177 2601 80 47 22 7490 24 32 2203 205 65 29 12 6 12 104 136 35 12 276 204 127 19 2081 492 4922 6736 10208 34 628 469 3136 74 57 1 33 12 505 56 3 1 4 4 75 4 207 212 129 374 65 8 37 25 565 34 17 16 1870 92 4 13 141 59 0 0 0 0 0 0 0 0 0 0 1 0 1 12 212 7 6 10 6 146 8 74 7 1 1 1 4 14 0 2 4 3 0 1 0 4 2 0 10 7 127 2 51 2 1 27 52 5 7 582 2 7 8 0 3 4 0 0 0 3 0 4 0 1 1 0 127 89 25 35 1 13 8 11 9 134 3 1 111 10 3 3 7 3 21 9 3 2 8 1 0 24 10 3 0 0 1 1 2 1
41 5 4 6 38 10 18 7 1 2 0 46 86 857 1266 299 41 640 262 23 10 16 36 143 27 3 732 2257 285 61 227 18 84 183 40 39 178 107 5488 28 172 167 1218 23 93 1326 79 464 71 55 9 12 83 137 32 11 333 634 93 120 466 735 6796 10208 16678 27 370 422 9492 118 359 4 23 7 1202 434 6 1 6 2 301 9 121 88 57 103 19 72 159 37 270 64 29 17 813 259 2 46 42 45 0 0 0 0 0 0 0 0 0 0 0 3 9 10 433 10 4 13 7 184 18 92 5 1 2 8 5 12 0 14 19 16 2 2 2 6 0 3 11 14 275 17 95 2 2 67 198 2 53 1251 5 21 23 8 8 64 4 2 0 5 1 15 0 2 13 10 391 229 94 57 5 39 16 37 59 474 9 10 512 62 1 2 12 8 104 6 9 15 49 0 3 92 58 13 2 0 1 0 2 0
7 1 4 3 4 2 3 3 19 2 0 16 921 5 2 5 0 93 403 13 3 6 5 15 5 1 6 14 5 8 3 0 9 0 0 0 4 66 42 3 27 38 147 1179 3524 2233 1 6 22 1446 114 598 7 2 26 3 2 5 1 0 218 13 19 34 27 2705 4 2 80 12 18 194 139 588 8 17 1254 1066 641 803 421 1015 31 10 8 4 1 814 68 85 1362 40 16 8 82 7 219 18 2 0 1 0 1 0 0 1 0 1 0 0 0 3 1 3 297 2 6 3 4 39 23 73 7 1 5 1 4 6 0 6 2 3 4 3 0 4 4 2 6 9 30 5 30 0 2 30 279 7 48 402 1 7 11 4 3 23 57 3 39 28 3 2 0 0 1 0 48 58 23 423 7 7 2 9 12 89 17 7 237 15 3 4 42 3 18 7 15 8 46 0 2 24 16 5 0 0 0 0 0 0
707 256 357 446 453 614 105 291 41 136 24 804 3 290 102 21 17 53 23 15 31 187 51 455 773 39 636 239 6482 532 1696 93 355 67 124 26 86 186 122 353 183 59 931 7 22 68 281 46 200 34 51 135 1006 2523 164 33 4249 147 56 21 119 511 1298 628 370 4 13404 864 373 210 108 327 254 70 4925 92 72 3 135 6 199 13 1209 6343 354 2720 1515 42 135 48 163 327 113 97 1158 1915 127 144 2138 1986 10 5 28 33 3 36 4 3 5 4 21 57 0 0 14 1 3 3 3 3 17 6 2 15 18 5 5 0 0 2 10 1 19 116 1 38 0 0 71 24 5 6 3 30 40 4 15 1 19 31 2 5 6 10 2 18 9 17 1 2 25 33 0 1 6 1 7 14 7 2 23 6 2 1 23 43 9 1 61 15 188 136 28 1 32 123 6 8 18 7 97 28 12 4 16 2 27 7 2 3
14 6 7 3 15 10 9 11 0 6 2 17 2 1134 260 17 34 61 25 22 24 183 62 567 753 14 859 489 90 16 44 40 369 1520 586 772 1060 1094 151 483 99 54 649 4 11 73 1247 23 53 10 12 23 106 162 35 19 217 2807 1906 1202 80 222 591 469 422 2 864 2190 342 51 48 43 431 9 4254 26 10 0 21 0 75 3 235 413 248 1319 496 8 35 11 69 34 21 21 358 65 7 10 626 67 0 0 0 0 1 0 0 0 0 0 0 2 0 0 11 3 5 3 3 12 4 8 5 1 0 2 0 1 0 0 1 0 0 3 0 0 0 0 6 1 9 2 5 0 0 3 9 0 5 43 0 1 4 0 0 3 0 0 1 0 0 0 0 0 1 0 10 7 6 4 0 0 0 0 6 23 0 0 40 7 2 2 1 0 11 2 1 3 1 1 0 6 5 0 0 0 0 0 0 0
55 2 6 7 66 23 55 5 1 5 1 76 25 710 1300 535 48 1112 84 43 21 62 90 468 54 16 185 818 375 129 284 19 157 249 32 31 285 245 8626 85 528 713 2985 48 461 442 104 4653 255 471 38 31 109 137 27 14 347 714 81 133 8461 2579 6857 3136 9492 80 373 342 10180 319 1953 8 40 8 1532 8652 21 2 13 8 1494 36 162 107 91 122 38 622 1731 317 1846 263 71 91 1267 339 4 56 28 50 0 2 0 0 0 1 1 8 0 0 0 0 9 8 255 23 11 20 7 84 56 55 15 1 5 8 7 10 2 9 31 29 0 0 9 6 2 3 32 28 177 20 61 8 6 284 721 8 108 1536 14 123 186 31 25 495 14 22 3 37 4 24 1 12 22 14 501 513 403 110 15 85 36 81 581 2043 41 69 3277 501 4 13 20 22 802 34 55 90 307 2 8 625 379 13 9 1 3 2 3 2
93 16 50 24 18 25 29 51 7 20 0 46 2 19 29 15 6 42 24 7 9 88 25 35 76 14 37 16 81 42 32 7 23 10 4 1 8 22 41 47 176 31 114 14 66 40 29 548 340 179 502 374 29 61 58 21 70 23 8 4 119 3803 817 74 118 12 210 51 319 1597 1106 16 26 14 119 165 15 7 9 29 1318 297 162 98 98 151 45 717 486 139 321 806 2334 2242 3110 51 12 15 44 11 1 0 0 0 0 1 0 1 0 1 1 0 0 2 5 1 1 2 0 2 3 5 2 0 2 3 1 4 1 1 3 1 0 2 0 0 0 0 7 3 4 7 0 4 6 34 11 1 6 26 4 168 178 19 21 50 56 17 36 208 3 1 1 0 2 0 12 40 112 4 6 5 3 5 103 61 170 130 202 27 3 4 5 1 134 5 262 36 689 1 5 256 289 1 4 0 4 2 4 1
49 9 19 12 25 22 24 22 4 10 1 21 2 47 96 32 3 86 20 4 6 42 14 19 26 7 17 24 87 57 62 7 22 19 2 4 21 40 139 17 122 19 91 20 73 44 11 6632 70 184 39 45 24 34 19 7 78 59 9 11 367 3075 526 57 359 18 108 48 1953 1106 9845 15 14 9 219 781 18 5 12 16 6726 254 66 32 30 56 15 2472 1559 190 411 254 143 571 587 77 7 12 21 15 1 0 1 0 0 0 2 1 0 0 0 1 0 2 3 1 0 2 0 7 3 6 1 0 1 3 3 2 1 1 5 3 1 2 0 0 0 1 0 3 12 4 5 2 2 31 13 1 7 29 5 163 208 20 19 71 31 21 13 140 3 1 0 1 0 4 6 44 122 4 4 4 3 3 123 75 143 131 251 30 4 0 4 2 125 11 237 45 614 3 3 252 331 1 4 0 4 3 2 1
