55556 16332 12980 1583 449 1469 6067 4733 44 1044 123 363 1 1 1 2 3 8 2 3 89 22 3 9 16 0 6 2 10332 9432 82 25 12 5 1 0 1 5 2 2 903 14 25 1 10 14 7 45 37 4 186 252 787 1457 241 134 59 6 1 0 24 48 19 8 23 0 587 5 18 63 54 60 4 24 16 46 56 0 35 29 106 18 3245 1522 882 305 18 27 50 28 57 92 153 44 35 41 78 1490 21 23 3 2 74 50 9 92 9 12 75 51 62 39 0 0 0 0 0 0 0 0 0 0 0 0 3 0 0 0 0 0 6 1 13 48 0 7 0 0 1 1 0 1 0 3 9 2 1 1 0 1 0 4 4 0 0 3 5 4 3 8 3 3 3 1 16 0 1 2 2 0 10 3 1 2 2 0 3 4 8 3 66 23 3 4 4 42 7 1 17 1 12 9 3 6 50 5 2 0 0 1
16332 16800 1276 11249 947 3535 119 34 40 838 205 431 0 1 0 0 1 2 1 1 103 20 2 5 11 2 4 1 731 2748 25 15 7 6 0 0 0 1 1 2 577 6 6 2 1 4 2 14 12 2 66 82 151 296 48 66 43 5 0 0 8 6 4 2 8 1 352 5 10 16 13 59 2 21 5 11 101 2 37 14 47 4 892 703 672 283 8 6 18 14 23 35 50 11 15 24 121 102 31 10 7 7 107 62 17 138 8 9 80 28 91 103 0 0 0 0 0 0 0 0 0 0 0 3 3 0 1 0 0 2 16 3 15 74 0 13 0 0 1 4 2 0 1 8 28 0 2 1 0 0 3 3 2 2 0 1 3 6 0 4 11 1 2 5 29 0 0 0 1 0 36 2 6 3 0 0 1 2 3 0 135 39 3 3 3 98 0 0 8 1 24 1 0 9 74 8 8 0 2 0
12980 1276 11847 10596 482 6003 1728 4228 289 4956 417 28656 0 0 3 2 0 2 0 2 272 69 9 5 17 2 5 4 743 571 52 57 25 13 0 0 1 4 4 3 644 8 10 2 9 8 3 35 28 5 130 137 259 428 119 124 48 8 3 0 23 36 15 14 14 1 406 8 16 38 26 137 7 52 28 37 177 1 82 11 83 21 1360 994 1089 344 21 19 20 19 35 59 104 25 27 58 324 794 65 29 33 16 385 318 29 487 44 43 445 173 394 290 0 0 0 1 1 0 1 1 5 0 2 5 14 0 0 0 0 1 17 3 55 165 1 26 0 0 4 2 0 2 0 7 62 1 0 0 3 3 2 2 7 4 0 3 3 28 3 3 28 10 11 7 53 0 0 0 0 1 99 11 5 3 3 1 3 8 5 1 356 85 10 4 7 231 3 0 11 7 69 6 2 30 283 47 25 2 0 2
1583 11249 10596 28027 11600 16119 39 16 42 710 249 1437 0 2 2 2 0 2 1 2 196 47 7 11 17 3 1 1 578 2857 348 34 15 15 1 0 1 3 1 4 605 4 6 2 2 6 1 7 6 1 41 60 82 191 36 97 103 10 0 0 4 8 5 4 7 0 301 4 5 14 7 100 6 47 20 10 134 1 58 5 20 2 546 553 800 435 19 3 14 6 15 16 37 11 13 42 223 75 67 19 8 12 165 169 32 213 13 13 151 59 178 182 1 0 2 0 0 0 0 2 2 0 1 9 3 1 1 0 0 0 14 3 41 146 1 17 0 0 2 3 0 0 1 6 35 2 1 1 0 0 3 0 0 5 0 0 8 22 2 3 11 7 4 3 61 0 0 1 0 0 53 3 8 0 1 1 3 1 2 0 252 66 6 13 1 163 1 0 4 3 49 1 2 22 140 10 15 2 6 1
449 947 482 11600 25702 8356 59 11 19 200 104 1185 1 7 22 43 32 29 12 31 688 302 22 34 90 14 23 27 4111 6918 16989 1294 315 289 4 3 47 74 88 17 1055 10 58 2 5 26 15 26 25 2 71 89 319 769 89 149 3346 332 22 8 90 57 84 56 246 1 1995 29 209 29 15 265 42 26 403 77 77 1 96 8 52 5 1411 1538 1837 1245 60 11 28 25 57 49 70 19 54 4432 135 95 378 178 4 6 65 54 14 78 9 10 47 30 82 70 4 1 8 1 1 3 3 15 12 16 1 4 1 1 1 2 1 6 8 5 18 76 1 14 1 0 17 19 17 6 8 6 15 4 10 13 9 35 2 5 3 1 0 4 4 9 1 6 6 2 0 6 21 4 14 3 4 0 27 6 7 0 3 16 4 1 21 0 132 61 3 1 8 85 4 2 9 2 29 7 3 10 73 4 6 0 1 1
1469 3535 6003 16119 8356 20516 142 116 104 1313 666 12877 2 3 9 27 15 33 33 21 1018 477 28 29 103 12 10 6 1663 4144 1127 8173 456 254 1 0 20 84 34 15 1520 20 35 4 5 14 19 30 14 4 86 146 199 404 73 213 359 363 6 4 93 37 43 27 98 0 616 26 101 32 18 573 60 83 224 46 245 0 241 13 78 9 1278 1234 2411 1171 67 9 29 24 59 55 93 29 41 3557 656 200 368 44 32 28 291 299 49 441 15 33 236 123 317 315 5 5 10 0 3 1 8 15 18 15 3 16 20 1 2 0 3 4 18 6 69 198 1 51 2 0 34 34 6 8 7 20 78 4 9 5 9 27 6 4 9 4 1 1 8 18 1 9 22 14 2 11 77 2 11 6 4 0 102 16 13 5 4 14 12 6 15 1 430 160 22 8 9 343 2 1 17 12 85 3 4 45 264 23 15 3 3 3
6067 119 1728 39 59 142 5574 10336 1896 5286 255 497 0 0 1 0 1 0 0 0 9 2 1 2 0 0 0 0 2038 1327 7 5 3 0 0 0 0 1 0 0 47 0 3 0 1 0 0 7 1 1 15 21 380 463 74 12 3 0 0 0 3 5 1 1 2 0 40 0 2 5 2 27 0 11 1 9 44 2 14 2 12 4 582 136 58 11 0 1 4 2 4 8 12 5 7 7 257 6110 3 1 1 1 49 26 2 33 5 2 36 17 17 22 0 0 0 0 0 0 0 0 1 0 0 1 1 0 0 0 0 0 1 0 2 7 0 1 0 0 2 0 0 0 0 1 4 0 0 0 0 0 0 4 1 1 0 1 0 1 2 1 0 2 0 0 5 0 0 0 0 0 3 2 0 0 0 0 0 0 0 0 19 6 2 0 0 9 0 0 1 1 6 1 0 0 24 5 1 2 0 0
4733 34 4228 16 11 116 10336 22702 2516 15465 86 659 0 0 0 1 0 1 0 0 14 3 0 0 0 0 1 1 430 41 8 4 1 0 0 0 0 1 0 0 68 0 2 0 0 2 1 5 4 2 16 27 232 280 68 14 4 0 0 0 4 2 3 0 2 1 33 1 0 5 4 3 2 1 1 5 7 1 5 0 8 4 486 148 56 24 3 4 3 3 5 17 16 3 2 2 67 3695 1 0 5 1 67 43 4 55 6 10 50 41 39 23 0 0 0 0 0 0 0 0 0 0 1 0 1 0 0 0 0 0 1 0 5 6 0 0 0 0 0 2 0 0 0 0 8 0 0 0 0 0 0 1 0 0 0 1 0 0 0 1 3 1 2 0 2 0 0 0 0 0 8 2 0 0 0 0 0 0 0 0 14 2 0 0 0 7 1 0 3 0 3 0 0 0 28 6 2 0 0 0
44 40 289 42 19 104 1896 2516 1808 4705 296 319 18 0 1 0 0 2 4 1 13 8 1 0 2 0 1 1 43 19 3 10 27 1 0 0 0 2 0 2 38 1 1 9 85 19 1 1 5 79 5 33 129 50 21 5 1 1 0 0 5 3 6 1 1 44 16 3 1 5 8 479 3 491 1 8 580 70 180 17 20 58 104 54 44 12 11 33 22 55 17 6 7 2 7 3 3547 2567 2 0 1 1 19 12 1 22 1 4 18 11 20 15 2 0 1 1 1 2 4 3 16 15 11 2 4 0 0 0 0 1 0 1 4 24 1 14 1 1 32 18 0 5 0 1 1 0 2 1 37 5 2 2 2 0 0 0 2 2 5 5 1 2 0 0 3 0 2 4 1 2 3 0 0 1 2 3 2 4 6 1 26 75 23 0 1 48 0 1 2 0 7 3 0 3 22 1 2 1 0 1
1044 838 4956 710 200 1313 5286 15465 4705 45942 10596 18045 4 1 1 2 1 1 1 0 113 49 4 3 11 0 1 0 422 318 10 89 21 17 0 0 0 4 2 1 431 5 9 2 19 8 4 11 6 9 50 79 413 381 72 52 25 6 0 0 10 9 6 6 9 4 168 3 11 13 13 659 8 85 16 10 1205 8 268 7 32 8 704 470 365 183 16 3 7 11 17 27 43 7 10 65 5194 5133 27 7 70 22 785 560 58 865 99 122 659 399 751 495 0 3 2 0 0 1 0 1 8 3 4 12 16 0 1 0 0 0 20 8 68 220 0 22 0 0 6 8 0 0 0 23 102 4 2 1 1 3 2 2 1 9 0 4 13 27 0 15 24 26 24 11 73 0 1 1 0 1 124 23 16 3 1 3 28 1 4 0 435 97 13 13 1 255 0 0 4 14 122 2 9 36 528 78 32 3 1 5
123 205 417 249 104 666 255 86 296 10596 4945 4405 0 0 3 2 0 4 4 1 133 89 3 2 21 2 0 2 48 81 8 166 48 25 0 0 1 6 2 8 269 3 3 0 0 3 7 6 6 2 19 36 101 64 19 26 8 10 2 0 12 9 5 5 8 0 65 10 11 5 5 791 9 38 6 6 1146 1 604 0 17 2 272 225 272 101 8 5 5 1 11 13 17 2 5 84 2001 585 38 2 29 5 320 250 35 385 39 59 271 154 300 211 2 0 1 0 1 1 1 1 2 0 1 5 6 0 0 0 1 1 11 3 25 98 0 10 0 2 7 13 1 4 1 17 31 1 0 1 3 3 3 1 1 0 1 0 3 18 2 5 22 11 8 5 33 0 0 1 0 0 53 5 6 3 0 3 15 1 3 0 199 42 5 3 0 136 1 1 3 2 27 1 1 5 248 33 16 0 1 5
363 431 28656 1437 1185 12877 497 659 319 18045 4405 21689 6 7 7 44 12 60 89 61 786 573 49 33 161 24 12 1 383 447 125 3745 4107 629 13 2 11 152 16 62 1068 14 30 5 9 58 62 23 14 3 90 102 169 241 81 113 59 691 18 2 119 30 25 25 39 2 255 38 46 27 16 2404 291 177 551 28 694 6 605 10 47 4 997 769 1298 512 129 7 17 22 55 46 72 17 27 1819 1499 601 247 35 34 29 412 353 52 523 44 49 369 192 457 397 17 10 9 4 7 5 12 19 42 16 17 29 29 2 12 1 4 6 28 15 77 391 5 129 9 3 115 104 9 48 6 13 85 4 7 5 47 21 14 1 3 8 1 3 6 35 3 6 18 23 12 11 97 6 11 8 4 1 110 19 55 12 2 12 11 0 8 6 459 400 36 32 6 448 1 2 9 15 95 5 7 54 409 32 47 3 8 13
1 0 0 0 1 2 0 0 18 4 0 6 7231 9 3 18 7 1190 9808 91 0 2 2 19 1 0 15 55 1 1 0 4 18 3 2 0 5 763 83 3 29 7 30 4976 1937 3184 2 12 6 84 4 9 0 0 2 2 4 4 2 1 70 11 25 107 138 1056 4 1 41 6 8 72 388 677 6 20 296 295 376 5 12 34 4 2 0 4 0 22 47 127 161 9 1 1 39 3 73 12 0 2 0 4 1 0 0 2 0 1 0 0 1 1 6 50 711 2 4 169 33 863 83 1161 176 1 1 0 0 14 1 31 0 7 3 16 0 16 4 0 58 41 130 3 99 5 15 30 394 290 110 1570 3 18 33 1 0 19 0 5 2 3 1 1 0 0 8 1 282 99 21 342 3 6 13 1 21 161 3 9 238 28 0 29 73 3 51 37 0 10 19 0 0 50 14 10 14 1 1 0 0 0
1 1 0 2 7 3 0 0 0 1 0 7 9 11669 9678 776 3699 74 124 171 43 29 229 463 6 131 2686 1273 23 5 19 5 11 804 2186 4910 3498 176 118 841 650 45 172 22 0 17 41 4 14 3 3 0 1 10 6 1 69 342 1338 1194 32 13 63 294 760 0 69 150 105 3 1 2 22 5 400 8 5 20 18 0 0 0 14 24 8 17 16 0 1 2 14 10 1 3 36 75 1 0 12 59 0 1 0 0 1 1 0 0 0 0 0 0 105 80 26 35 51 71 168 50 525 339 362 5 4 7 9 17 13 81 3 0 2 28 2 53 29 5 251 260 22 24 14 0 8 4 8 8 409 30 3 3 1 0 0 1 0 0 0 0 0 0 0 0 7 17 7 10 3 0 1 3 9 2 2 14 1 2 10 1 6 54 10 1 5 99 0 3 2 0 1 1 2 5 1 0 0 0 0 0
1 0 3 2 22 9 1 0 1 1 3 7 3 9678 17221 9824 2302 419 112 1508 147 53 609 426 17 107 1717 4452 31 7 22 7 13 356 318 588 1259 115 767 129 1826 197 150 21 5 33 28 16 55 1 11 1 3 6 9 7 45 233 276 299 187 34 157 429 2965 1 62 49 505 10 1 11 27 3 239 47 3 13 17 0 1 0 33 29 10 20 7 1 8 10 39 44 7 7 82 87 2 1 11 36 0 0 0 0 1 0 0 0 0 0 0 3 80 97 50 27 47 87 117 105 314 345 260 4 2 2 3 16 6 59 0 2 1 25 5 32 32 3 182 206 66 28 40 0 8 6 12 14 274 69 9 4 8 1 2 2 0 0 1 0 0 0 0 0 2 13 26 28 3 5 1 1 5 4 5 36 3 3 21 0 2 51 10 3 12 83 0 1 5 1 0 3 4 3 3 0 1 0 0 3
2 0 2 2 43 27 0 1 0 2 2 44 18 776 9824 17329 1411 3044 2320 4894 34 25 226 767 18 112 1012 3727 21 11 31 37 90 294 145 17 514 847 1268 110 1408 228 280 19 9 88 30 19 60 2 14 1 4 8 22 13 30 109 18 42 776 36 57 160 1542 6 22 23 543 15 4 35 134 18 134 52 6 1 16 0 5 3 24 27 21 17 15 3 9 10 50 69 15 20 91 156 3 0 15 15 1 6 0 3 3 2 0 3 0 0 0 5 81 639 422 60 39 621 172 661 291 2192 660 2 1 5 0 52 13 487 4 5 6 29 4 48 32 5 105 106 601 11 454 2 11 37 51 258 427 167 5 7 7 0 1 1 0 1 0 1 1 0 0 2 13 8 59 113 9 19 2 8 25 10 4 200 3 6 13 8 4 49 41 3 11 139 2 1 7 1 1 9 5 21 6 0 0 0 0 3
3 1 0 0 32 15 1 0 0 1 0 12 7 3699 2302 1411 2075 190 505 1719 128 96 526 315 30 159 276 304 15 6 25 22 15 206 144 517 1250 1086 184 252 1186 98 82 14 3 51 43 5 28 2 9 1 1 4 1 2 16 100 182 129 238 7 36 78 349 5 24 25 127 7 2 17 27 15 120 13 8 25 13 0 4 1 12 20 11 8 7 1 7 4 23 30 4 7 32 90 1 1 17 12 0 1 0 0 0 2 0 1 0 0 0 1 138 64 20 28 50 36 50 50 168 117 58 16 18 11 24 17 14 48 1 1 1 32 10 72 45 9 276 237 24 99 27 0 8 16 8 17 196 28 20 3 3 0 0 2 1 1 0 1 0 0 0 0 2 35 11 16 3 3 1 1 7 9 1 13 0 1 6 0 4 60 6 3 3 102 0 2 3 3 0 0 3 2 0 0 0 2 1 5
8 2 2 2 29 33 0 1 2 1 4 60 1190 74 419 3044 190 10212 2151 353 16 32 106 1122 23 39 781 1040 14 7 11 26 91 85 27 5 136 1159 3403 60 1121 374 801 279 19 3454 30 31 101 9 27 9 3 8 45 28 28 41 19 15 3840 58 177 958 1039 92 46 36 789 30 12 73 450 22 77 97 28 7 58 1 12 2 57 41 19 33 12 7 26 32 198 92 19 38 214 63 11 2 39 26 0 6 0 0 9 6 0 4 0 0 0 9 46 485 2148 32 54 377 63 1463 144 1991 216 8 3 5 0 113 5 407 17 33 24 51 6 81 19 17 188 146 891 18 1073 18 29 162 838 1095 250 1818 10 20 37 3 2 20 2 3 1 7 1 3 1 0 32 6 577 550 43 393 11 16 75 8 17 674 10 12 96 8 3 27 122 20 39 68 3 5 22 4 1 40 29 38 14 0 2 3 3 4
2 1 0 1 12 33 0 0 4 1 4 89 9808 124 112 2320 505 2151 41818 6944 40 35 124 556 20 150 654 525 4 1 3 35 227 33 151 3 169 13146 181 269 379 88 219 5170 337 1555 27 14 57 78 11 20 2 3 12 2 8 8 20 5 366 24 61 203 110 297 11 12 48 8 6 154 3886 1259 20 32 37 217 214 21 18 55 15 10 17 19 10 38 47 135 274 36 7 12 98 24 8 0 11 11 1 10 2 0 10 4 0 15 0 0 4 7 418 1111 1799 176 154 1390 675 1802 1885 7912 2712 15 10 21 17 179 36 958 19 16 17 124 9 205 95 32 920 699 1252 112 1008 13 53 116 185 1656 2367 620 32 19 27 2 5 31 5 2 0 6 2 2 2 4 47 48 163 387 33 273 12 7 52 17 21 406 6 12 102 27 31 325 455 17 36 850 1 5 23 8 2 39 18 47 29 1 9 0 1 10
3 1 2 2 31 21 0 0 1 0 1 61 91 171 1508 4894 1719 353 6944 4130 47 51 270 471 30 194 574 133 5 2 7 34 178 101 162 7 339 2771 179 268 759 113 148 99 13 82 32 6 53 2 5 1 0 5 8 5 3 25 16 5 399 18 20 55 157 3 19 14 142 9 2 79 515 50 38 18 8 15 58 1 3 2 17 15 18 14 10 2 8 6 27 42 9 16 58 79 0 0 18 5 0 0 0 0 1 1 0 2 1 0 1 3 214 362 138 83 68 276 184 162 524 1506 698 5 2 14 6 37 18 332 4 2 0 31 4 79 39 17 268 228 169 37 116 2 10 25 41 96 801 71 8 1 3 0 1 6 0 1 1 0 1 0 3 0 10 24 17 43 4 14 5 3 20 2 4 66 1 1 8 5 6 81 63 4 2 304 1 3 3 2 0 7 6 4 7 1 3 1 0 4
89 103 272 196 688 1018 9 14 13 113 133 786 0 43 147 34 128 16 40 47 9398 8099 3691 202 458 271 35 9 115 102 171 383 654 969 14 2 188 389 16 208 1660 54 81 39 3 13 103 6 23 1 10 9 20 28 5 2040 87 184 77 25 31 8 20 32 31 0 100 112 31 8 3 481 437 47 605 6 111 7 440 2 5 1 225 60 4193 255 152 2 5 5 15 22 9 4 57 950 69 16 732 186 0 0 3 2 2 4 0 1 5 1 4 10 14 7 0 1 11 1 6 4 28 7 5 12 11 4 4 2 6 9 4 2 3 82 0 73 5 2 92 75 5 17 4 1 14 1 1 0 17 7 14 1 0 1 0 1 0 0 0 0 1 0 1 0 7 5 2 0 0 4 8 4 10 14 0 8 0 2 3 0 28 143 17 11 0 68 0 0 2 5 4 2 1 6 7 0 7 5 1 8
22 20 69 47 302 477 2 3 8 49 89 573 2 29 53 25 96 32 35 51 8099 14336 5138 597 4891 1808 83 17 80 49 101 317 885 1556 17 3 172 544 19 1312 920 152 352 95 9 16 348 13 68 1 12 4 11 38 16 95 74 310 125 39 42 51 63 54 35 2 113 165 31 21 3 611 687 57 954 31 86 10 525 1 6 2 99 107 2365 596 485 1 16 14 40 49 15 29 217 891 20 5 2723 171 0 3 1 1 1 3 1 1 1 0 4 5 34 15 8 6 21 6 12 12 51 6 6 15 19 2 12 6 4 11 1 3 3 126 2 104 10 7 156 197 8 74 6 0 18 2 4 1 46 6 34 2 4 0 0 2 0 0 0 0 0 0 1 0 8 12 5 8 0 0 5 10 15 17 2 15 1 0 3 2 26 217 19 19 2 80 1 0 1 2 2 8 2 8 4 0 6 2 5 6
3 2 9 7 22 28 1 0 1 4 3 49 2 229 609 226 526 106 124 270 3691 5138 13759 9165 516 4892 802 69 12 3 11 41 245 1011 37 14 685 786 34 1290 6384 1545 483 65 0 22 305 6 110 3 12 4 1 12 19 16 33 82 88 53 48 31 34 27 29 1 36 48 22 14 3 111 313 12 193 22 12 13 109 0 3 3 56 86 178 163 134 3 5 9 26 50 11 24 132 97 1 1 236 17 0 0 0 1 0 0 0 0 0 1 1 0 23 12 2 7 11 7 13 12 53 29 13 4 9 0 3 2 3 11 3 0 1 29 3 34 8 2 87 90 7 34 2 0 8 4 3 2 46 7 2 4 3 0 0 2 0 0 1 0 0 1 0 0 2 3 3 4 1 1 1 0 3 4 1 3 1 0 8 2 3 45 7 7 1 21 0 0 2 1 0 3 1 2 0 0 0 2 2 3
9 5 5 11 34 29 2 0 0 3 2 33 19 463 426 767 315 1122 556 471 202 597 9165 16224 580 4342 5462 473 28 13 20 13 81 222 557 130 217 364 170 3109 3633 4704 3812 44 18 493 1520 35 421 5 44 6 13 63 71 47 110 150 1045 114 1103 70 89 191 122 11 227 459 160 47 10 54 133 14 282 66 14 7 70 2 22 5 163 273 155 374 355 5 40 42 411 176 25 62 596 75 5 1 270 149 0 0 0 0 0 2 0 0 0 0 0 0 43 44 53 15 20 61 57 98 133 184 134 6 4 2 4 7 4 38 0 2 3 30 3 31 17 3 141 133 42 22 40 1 4 10 33 8 98 118 13 5 15 0 0 4 0 0 0 2 0 0 0 0 4 10 41 25 4 5 1 1 5 1 5 41 2 8 39 12 6 58 7 2 15 38 2 4 14 1 0 17 9 4 1 0 1 0 1 2
16 11 17 17 90 103 0 0 2 11 21 161 1 6 17 18 30 23 20 30 458 4891 516 580 9279 1245 120 20 41 13 78 80 424 490 23 1 36 161 16 3108 352 121 345 40 5 13 915 9 53 1 12 9 22 82 17 24 230 71 41 12 34 54 91 112 41 0 315 71 31 22 9 387 357 40 304 23 52 8 360 0 3 1 192 518 1057 1696 1621 2 8 9 48 38 12 21 180 271 12 4 5042 1550 1 3 1 3 0 2 0 0 1 0 0 5 19 6 3 2 9 4 4 6 27 6 11 19 12 1 5 4 4 3 0 3 1 93 1 73 3 5 93 102 4 29 3 1 15 6 2 0 24 5 14 1 5 0 0 4 0 1 0 0 0 2 1 0 6 4 2 3 1 2 6 3 12 8 1 8 0 0 4 1 25 155 12 14 3 45 0 0 3 6 3 1 2 3 0 0 5 2 2 4
0 2 2 3 14 12 0 0 0 0 2 24 0 131 107 112 159 39 150 194 271 1808 4892 4342 1245 6183 662 18 3 3 1 5 87 102 371 28 75 368 8 8144 922 183 219 67 3 8 559 5 38 1 7 2 2 7 11 4 12 12 191 11 21 16 21 24 13 1 20 43 5 4 0 47 223 15 30 7 5 17 92 0 4 0 30 63 79 129 120 2 5 5 23 24 3 6 68 22 2 0 134 11 0 0 0 0 0 0 0 0 0 0 0 1 46 21 3 14 27 10 30 5 122 65 64 2 3 1 7 3 4 17 2 0 1 27 3 31 21 6 155 189 4 30 6 1 7 8 1 3 108 5 6 4 2 0 0 1 0 0 0 0 0 1 0 0 1 14 1 3 0 1 0 0 4 9 1 1 0 1 4 0 0 45 4 2 3 31 0 0 2 1 0 2 2 1 0 0 1 0 0 3
6 4 5 1 23 10 0 1 1 1 0 12 15 2686 1717 1012 276 781 654 574 35 83 802 5462 120 662 13759 7677 26 2 53 7 26 406 2502 317 460 166 106 1847 513 176 318 27 7 134 606 7 38 0 12 5 17 45 8 8 194 344 1271 379 174 29 117 601 399 1 228 447 65 10 2 24 42 7 621 18 6 13 20 0 4 1 71 164 35 149 140 2 4 4 35 24 4 6 85 81 3 1 113 203 0 2 0 0 1 0 0 1 0 0 1 0 93 262 165 49 42 425 238 494 481 1363 840 6 2 6 9 29 12 226 6 1 1 28 2 51 23 5 193 214 310 27 195 4 14 14 19 87 374 186 5 8 5 0 0 1 0 0 0 0 1 0 0 1 11 15 59 50 2 16 2 2 13 2 2 91 1 3 6 1 4 70 24 4 9 106 1 0 1 1 1 5 3 12 2 0 1 2 2 3
2 1 4 1 27 6 0 1 1 0 2 1 55 1273 4452 3727 304 1040 525 133 9 17 69 473 20 18 7677 10842 69 8 56 4 12 423 155 85 522 109 3059 71 267 49 95 17 10 271 65 6 11 0 4 2 12 41 9 6 191 431 308 248 302 18 153 1664 3330 1 196 171 309 4 4 7 21 5 608 21 2 1 12 0 2 1 51 67 19 56 33 3 4 4 33 8 3 4 64 199 0 0 23 102 0 7 0 2 6 5 0 2 0 0 1 2 35 681 710 28 49 978 96 2154 175 2428 546 5 4 6 1 56 2 344 12 16 11 31 6 49 7 8 71 125 1257 7 871 4 28 68 189 254 139 845 4 10 13 1 0 7 0 2 0 0 0 3 0 4 39 8 329 265 13 60 7 12 32 7 13 531 2 6 19 1 3 23 39 8 13 35 0 1 3 2 0 8 8 26 6 0 1 1 2 3
10332 731 743 578 4111 1663 2038 430 43 422 48 383 1 23 31 21 15 14 4 5 115 80 12 28 41 3 26 69 36716 12449 2858 80 42 95 4 4 24 17 57 4 321 15 52 4 5 11 7 40 19 2 110 145 2992 13568 523 54 3463 72 24 8 51 62 159 81 371 0 6310 35 157 28 27 71 6 20 232 77 45 1 28 8 69 15 4659 3075 407 166 87 15 29 27 54 74 86 38 68 846 71 3822 78 173 0 0 23 20 0 23 1 2 15 10 19 31 1 1 7 0 1 0 1 9 1 6 2 3 1 0 0 0 0 0 0 2 4 32 0 6 0 0 1 2 1 0 3 1 10 0 11 3 3 15 1 4 9 0 0 5 1 2 2 5 0 1 0 0 12 0 6 6 0 4 5 3 4 1 8 10 5 9 20 4 42 21 1 3 12 37 2 0 12 1 4 9 4 5 17 1 0 0 0 0
9432 2748 571 2857 6918 4144 1327 41 19 318 81 447 1 5 7 11 6 7 1 2 102 49 3 13 13 3 2 8 12449 13942 3110 72 30 34 0 1 5 10 11 3 402 4 15 2 4 8 2 29 21 6 107 118 605 1129 158 66 2417 36 10 1 31 20 32 12 61 0 943 11 47 26 12 51 5 10 51 28 56 1 26 11 44 14 1863 786 501 184 14 12 33 14 27 54 100 28 29 364 61 388 50 25 6 4 55 49 4 67 3 3 31 27 37 60 0 1 5 0 0 2 1 2 1 1 2 2 1 0 0 0 0 0 4 1 7 30 0 8 1 0 4 1 0 0 0 1 15 2 1 0 1 12 2 4 2 1 0 3 1 5 2 5 2 2 1 0 8 0 2 5 0 0 18 1 2 0 3 1 3 3 9 0 70 25 3 2 4 58 3 1 15 2 10 7 2 8 39 3 8 1 0 0
82 25 52 348 16989 1127 7 8 3 10 8 125 0 19 22 31 25 11 3 7 171 101 11 20 78 1 53 56 2858 3110 16172 106 54 138 3 0 21 20 47 3 459 6 43 1 5 15 5 22 10 0 33 29 271 631 48 44 11626 164 36 7 39 34 112 115 395 0 2717 94 179 15 2 30 6 1 846 53 5 1 11 3 9 4 909 1116 652 876 178 3 10 12 29 12 23 8 45 2119 19 27 384 4013 0 1 3 4 1 3 0 0 2 0 1 4 0 0 2 0 0 1 1 7 4 7 3 0 2 0 0 1 0 1 2 0 4 15 0 7 0 1 2 5 2 0 2 0 1 2 9 2 0 20 1 2 4 0 0 0 0 0 2 0 1 0 0 1 2 0 5 4 2 1 0 0 0 0 2 8 1 3 11 3 7 10 4 3 7 14 0 1 8 0 2 3 1 2 3 0 0 0 0 0
25 15 57 34 1294 8173 5 4 10 89 166 3745 4 5 7 37 22 26 35 34 383 317 41 13 80 5 7 4 80 72 106 13163 2493 910 3 0 22 102 13 22 364 6 21 1 3 15 27 8 7 2 15 25 27 49 7 36 38 2372 16 9 64 7 21 16 52 0 63 32 61 2 3 971 97 15 1492 22 45 1 220 2 12 2 247 228 480 260 60 0 8 4 15 4 12 8 12 7917 58 13 129 13 3 0 7 6 3 10 0 0 7 5 6 24 8 2 10 2 3 3 3 11 14 13 1 8 9 0 3 0 2 4 2 1 6 63 0 27 2 5 41 35 9 14 3 1 11 2 2 2 2 17 6 0 2 0 0 0 0 0 0 1 2 1 0 1 11 4 5 3 0 2 6 3 10 8 1 6 5 0 11 2 36 72 1 13 2 53 2 0 1 3 6 2 0 4 11 0 4 1 0 2
12 7 25 15 315 456 3 1 27 21 48 4107 18 11 13 90 15 91 227 178 654 885 245 81 424 87 26 12 42 30 54 2493 10711 5335 34 1 26 946 19 194 520 19 38 19 6 92 324 5 13 4 15 13 20 35 16 27 32 882 55 8 103 7 18 25 38 5 39 199 27 8 2 3375 3023 179 989 12 213 11 1083 4 9 2 195 138 362 201 391 6 5 10 33 15 11 5 24 1316 82 13 230 21 1 8 6 17 13 16 1 1 5 0 9 54 41 16 13 7 23 7 10 27 65 23 14 75 86 9 22 6 4 17 28 19 38 547 11 274 22 9 253 225 13 85 10 3 56 10 8 8 77 37 65 1 1 2 1 7 1 6 1 2 9 6 0 3 87 22 7 11 2 3 60 30 128 43 5 26 3 0 10 2 211 826 75 118 2 472 0 0 3 26 25 5 4 84 16 0 46 18 20 41
5 6 13 15 289 254 0 0 1 17 25 629 3 804 356 294 206 85 33 101 969 1556 1011 222 490 102 406 423 95 34 138 910 5335 8995 248 201 1256 1601 195 355 1358 43 156 21 4 31 800 5 21 1 9 11 12 29 6 20 99 3572 3598 3462 151 16 124 352 938 0 97 3693 238 4 5 445 825 33 3851 22 51 5 210 2 2 3 128 106 340 207 420 1 6 7 32 14 8 3 58 1551 15 1 194 74 1 7 6 4 5 12 1 2 2 1 5 21 29 25 19 8 19 15 13 36 54 40 22 46 67 14 14 7 3 16 24 14 24 317 5 245 23 18 261 270 25 119 9 4 39 13 8 7 51 40 55 1 3 0 0 6 2 3 0 0 3 5 0 2 54 36 15 17 3 2 42 27 74 34 4 41 8 2 15 1 78 468 22 86 5 210 0 0 1 12 18 2 5 50 8 0 34 9 10 45
1 0 0 1 4 1 0 0 0 0 0 13 2 2186 318 145 144 27 151 162 14 17 37 557 23 371 2502 155 4 0 3 3 34 248 3358 710 297 152 4 3168 40 26 153 30 0 11 754 2 4 2 0 0 0 7 0 1 28 86 1175 224 16 4 14 86 30 1 31 153 5 0 0 15 82 6 85 3 4 14 26 0 0 0 10 18 8 23 26 0 1 1 6 2 0 1 20 19 0 0 12 26 0 0 0 0 1 0 0 0 0 0 0 1 112 63 12 25 42 32 89 38 259 208 190 4 6 5 7 10 13 54 0 1 1 31 7 49 26 8 203 227 11 44 5 0 5 10 3 4 213 17 12 0 2 0 0 3 0 0 0 1 0 0 0 1 2 21 3 11 1 2 0 0 4 5 0 6 1 0 3 0 3 60 6 2 1 81 0 0 0 1 0 0 1 3 1 0 0 0 0 7
0 0 0 0 3 0 0 0 0 0 0 2 0 4910 588 17 517 5 3 7 2 3 14 130 1 28 317 85 4 1 0 0 1 201 710 2063 1776 56 4 72 49 7 64 1 0 6 24 0 0 0 0 0 1 1 0 0 6 25 762 688 3 0 22 58 64 0 6 23 13 0 0 0 1 0 35 0 0 0 0 0 0 0 4 1 1 2 0 0 0 0 1 0 0 0 6 10 0 0 2 5 0 0 0 0 0 0 0 0 0 0 0 0 4 0 2 0 2 2 8 3 16 8 15 1 4 2 0 1 1 2 0 0 0 2 0 2 0 0 13 26 2 8 3 0 0 1 0 1 18 3 0 0 0 0 0 0 0 0 0 0 0 0 0 0 0 0 0 0 1 0 0 0 0 0 0 2 0 0 1 0 0 3 0 0 0 3 0 0 0 0 0 0 1 0 0 0 0 0 0 0
1 0 1 1 47 20 0 0 0 0 1 11 5 3498 1259 514 1250 136 169 339 188 172 685 217 36 75 460 522 24 5 21 22 26 1256 297 1776 6844 1188 234 190 1612 39 101 27 4 29 97 1 6 0 0 0 7 9 3 2 41 201 924 735 158 8 72 217 856 0 28 180 214 3 1 21 37 7 222 17 1 8 28 2 1 0 14 11 28 26 10 0 1 2 18 5 3 6 35 182 2 1 22 16 0 2 1 1 1 3 0 0 1 0 0 0 83 23 20 13 30 18 35 45 115 71 36 24 16 7 20 15 14 29 0 3 2 59 5 91 21 12 233 222 21 92 20 0 22 14 8 5 106 31 41 0 1 0 0 0 0 0 0 0 2 0 0 0 3 33 17 17 3 3 7 8 10 18 1 25 1 2 8 1 11 86 6 9 1 81 0 1 2 2 2 1 2 1 0 0 5 3 2 10
5 1 4 3 74 84 1 1 2 4 6 152 763 176 115 847 1086 1159 13146 2771 389 544 786 364 161 368 166 109 17 10 20 102 946 1601 152 56 1188 10927 156 778 1436 109 164 3739 76 1131 549 23 38 14 6 14 5 10 6 7 29 80 211 42 764 27 64 101 255 60 21 196 193 14 9 159 5328 324 105 75 30 80 153 5 13 15 31 20 98 50 85 10 20 39 252 36 9 8 80 198 11 1 77 11 3 3 1 3 4 3 0 0 1 0 2 15 511 180 149 122 172 102 217 271 928 687 357 99 97 44 80 58 51 133 8 10 14 298 31 534 187 49 1663 1355 80 454 64 6 75 53 61 79 1163 297 167 11 24 1 1 15 1 7 2 3 1 2 1 3 28 133 55 90 14 36 15 19 69 82 13 108 5 9 98 17 34 672 150 49 30 823 1 3 9 15 9 16 10 33 14 0 23 9 12 64
2 1 4 1 88 34 0 0 0 2 2 16 83 118 767 1268 184 3403 181 179 16 19 34 170 16 8 106 3059 57 11 47 13 19 195 4 4 234 156 15279 10 386 141 198 15 29 310 12 62 44 3 14 2 12 21 19 10 74 163 14 34 6645 73 144 420 7691 5 94 34 5288 16 14 15 17 4 291 297 4 1 7 0 8 2 44 36 18 26 7 0 9 17 185 43 10 12 98 251 2 1 10 42 0 3 0 0 3 1 0 3 0 0 1 2 7 171 657 6 22 288 23 1279 25 893 78 4 1 0 1 36 1 118 10 16 12 12 3 34 0 1 47 56 576 6 488 6 15 56 290 191 39 1207 6 15 32 4 0 13 0 2 0 4 1 1 0 1 17 5 475 224 19 76 7 17 34 2 23 464 9 8 141 20 6 13 13 6 57 12 1 2 12 2 2 28 14 27 3 1 1 0 0 2
2 2 3 4 17 15 0 0 2 1 8 62 3 841 129 110 252 60 269 268 208 1312 1290 3109 3108 8144 1847 71 4 3 3 22 194 355 3168 72 190 778 10 4676 558 254 554 190 5 18 3062 5 37 2 3 2 3 11 3 9 28 32 450 29 53 28 45 106 22 1 45 118 11 9 0 143 580 45 81 24 14 46 226 0 4 1 47 111 111 222 320 1 11 10 43 31 5 12 141 32 3 0 221 45 0 3 0 0 1 0 0 0 0 0 0 4 249 80 15 63 85 34 129 36 504 204 209 20 27 19 29 21 26 63 2 1 3 97 10 171 78 19 529 659 10 172 6 3 23 19 5 2 459 24 42 2 9 0 0 6 0 0 0 0 0 0 0 0 10 48 8 26 5 3 5 2 10 26 2 18 0 0 7 3 10 148 14 6 3 167 0 0 2 2 1 4 6 6 2 0 5 0 3 14
903 577 644 605 1055 1520 47 68 38 431 269 1068 29 650 1826 1408 1186 1121 379 759 1660 920 6384 3633 352 922 513 267 321 402 459 364 520 1358 40 49 1612 1436 386 558 10053 4924 1280 78 171 522 263 461 2233 75 423 238 49 95 1519 1790 223 295 115 72 1459 465 367 177 336 14 243 149 478 252 182 659 414 100 653 745 319 20 420 37 250 59 2044 421 1640 341 206 108 537 462 1450 1062 437 323 946 1089 204 49 259 248 1 6 19 24 8 33 1 4 13 11 30 77 22 30 40 10 13 21 11 57 49 80 29 9 22 4 3 7 3 19 12 4 21 159 5 76 10 2 113 79 29 30 24 3 23 26 86 9 58 177 17 88 142 0 1 76 7 9 16 33 0 5 0 3 49 8 50 66 58 20 20 14 33 16 54 66 50 87 217 58 163 211 18 31 148 234 37 27 210 10 6 158 75 36 49 3 13 3 4 8
14 6 8 4 10 20 0 0 1 5 3 14 7 45 197 228 98 374 88 113 54 152 1545 4704 121 183 176 49 15 4 6 6 19 43 26 7 39 109 141 254 4924 7326 2724 17 33 238 196 47 939 7 42 10 4 17 72 50 34 18 57 7 682 77 48 50 73 7 64 42 163 32 17 21 33 1 44 124 7 4 12 1 21 7 97 107 51 103 72 10 79 84 340 193 39 37 347 41 4 1 70 23 0 0 0 0 0 0 0 0 0 0 0 0 3 6 7 2 4 5 9 12 18 15 14 3 2 0 0 0 0 1 0 2 0 7 0 4 3 0 23 14 1 2 5 1 2 0 17 0 18 52 3 12 26 0 1 8 1 0 0 3 0 0 0 0 4 0 16 14 7 3 0 1 2 1 11 20 8 13 33 13 1 7 1 1 32 3 1 2 19 0 0 27 3 1 1 0 0 0 0 3
25 6 10 6 58 35 3 2 1 9 3 30 30 172 150 280 82 801 219 148 81 352 483 3812 345 219 318 95 52 15 43 21 38 156 153 64 101 164 198 554 1280 2724 4570 46 158 1008 606 167 1200 21 77 16 25 136 45 39 283 115 480 84 2428 301 1205 3320 856 10 487 324 757 134 46 56 66 16 362 706 33 10 52 3 45 15 297 555 220 544 221 25 165 257 2523 359 76 217 3210 105 8 3 368 232 0 4 0 0 0 1 0 3 0 0 0 0 19 18 43 4 10 25 10 71 49 62 36 2 5 1 1 4 1 6 3 4 3 24 1 13 6 3 48 39 17 12 15 4 2 34 116 8 42 285 6 57 79 1 2 55 3 1 3 13 0 0 2 0 4 4 73 84 49 27 2 3 10 2 68 143 15 42 254 78 4 30 4 4 166 33 8 15 95 1 4 117 42 6 11 0 3 1 0 2
1 2 2 2 2 4 0 0 9 2 0 5 4976 22 21 19 14 279 5170 99 39 95 65 44 40 67 27 17 4 2 1 1 19 21 30 1 27 3739 15 190 78 17 46 8669 2528 1378 72 24 29 459 13 72 0 0 3 7 6 2 30 2 142 28 69 18 31 691 4 25 23 22 30 142 1895 1800 6 75 342 1535 4078 96 83 272 14 6 8 9 8 157 136 370 445 18 15 11 101 5 22 1 12 2 1 1 0 2 2 3 0 0 0 1 1 2 163 80 225 31 56 161 129 322 572 1193 461 26 25 21 24 22 17 76 0 4 1 118 7 203 52 14 734 493 51 121 39 6 30 26 62 156 888 278 45 25 65 1 2 51 6 3 1 6 0 0 0 0 8 38 40 74 30 91 4 1 12 23 39 71 13 24 199 55 30 408 224 11 109 611 5 11 56 6 1 104 26 7 22 2 8 0 0 24
10 1 9 2 5 5 1 0 85 19 0 9 1937 0 5 9 3 19 337 13 3 9 0 18 5 3 7 10 5 4 5 3 6 4 0 0 4 76 29 5 171 33 158 2528 8321 2150 8 125 73 3395 33 80 13 4 19 15 11 7 3 2 134 185 299 72 169 2180 19 2 199 76 98 110 150 261 14 255 1480 1052 873 91 245 774 47 32 18 11 3 527 574 2459 1084 74 37 33 371 15 291 26 7 3 2 0 4 0 3 3 0 19 3 0 0 3 2 3 106 1 5 11 3 142 22 52 8 0 3 0 0 2 0 4 3 6 1 21 1 4 2 1 26 8 8 3 18 30 23 136 845 24 65 2167 6 222 463 7 5 363 11 8 18 43 0 3 4 2 11 2 328 465 270 387 2 8 17 10 327 352 64 173 2608 510 15 59 45 8 861 191 41 183 314 0 5 817 202 21 51 4 1 1 1 4
14 4 8 6 26 14 0 2 19 8 3 58 3184 17 33 88 51 3454 1555 82 13 16 22 493 13 8 134 271 11 8 15 15 92 31 11 6 29 1131 310 18 522 238 1008 1378 2150 4416 32 116 151 123 26 10 8 15 49 28 55 28 22 11 514 177 457 1291 1299 1025 53 27 341 89 39 97 693 65 61 246 171 53 216 5 50 37 67 49 22 36 21 52 116 379 2251 105 38 82 494 45 53 8 23 33 0 3 1 0 2 1 1 15 1 2 0 9 18 36 1805 12 12 66 39 1481 103 697 68 1 6 1 3 26 1 59 26 28 6 52 4 62 6 2 165 62 153 7 283 21 13 206 2593 386 226 5788 14 87 119 2 10 116 2 7 8 9 7 3 4 1 27 5 1078 528 128 577 14 36 62 2 149 1007 31 50 1515 243 14 122 77 18 430 164 16 24 66 9 6 216 99 45 54 3 3 3 4 6
7 2 3 1 15 19 0 1 1 4 7 62 2 41 28 30 43 30 27 32 103 348 305 1520 915 559 606 65 7 2 5 27 324 800 754 24 97 549 12 3062 263 196 606 72 8 32 2679 7 38 1 6 2 4 25 6 8 49 66 530 44 64 25 80 238 33 0 84 511 21 14 0 188 567 21 231 16 22 7 262 0 1 0 57 103 100 196 1641 1 10 11 30 15 5 12 154 55 5 0 225 77 0 0 1 0 0 1 0 1 0 0 0 2 47 20 3 6 40 13 16 8 91 25 20 24 33 4 16 12 4 9 1 2 4 110 6 150 29 12 262 342 10 109 5 0 28 12 1 2 92 9 50 3 1 0 0 2 1 0 0 1 1 1 0 0 8 26 5 11 0 1 7 6 17 20 2 23 1 1 3 1 10 195 15 11 6 79 2 0 0 2 0 5 1 6 0 0 14 4 5 20
45 14 35 7 26 30 7 5 1 11 6 23 12 4 16 19 5 31 14 6 6 13 6 35 9 5 7 6 40 29 22 8 5 5 2 0 1 23 62 5 461 47 167 24 125 116 7 12626 291 284 60 246 6 12 85 78 36 14 1 3 978 5235 1044 40 178 11 37 9 2535 950 4688 13 13 15 33 7131 31 3 14 32 1989 172 273 106 68 38 10 818 2457 431 1212 348 318 143 1066 43 12 1 7 12 5 1 5 5 1 0 1 5 2 1 0 1 1 1 3 0 0 2 1 17 1 2 4 0 0 1 2 4 0 0 1 5 1 1 0 3 0 1 2 4 4 1 1 10 17 48 45 0 16 83 6 716 824 4 7 294 15 16 34 268 10 0 1 1 2 0 15 148 195 23 2 2 11 1 117 35 377 831 508 80 3 13 11 2 340 48 189 123 1753 1 5 968 356 2 11 1 0 0 0 4
37 12 28 6 25 14 1 4 5 6 6 14 6 14 55 60 28 101 57 53 23 68 110 421 53 38 38 11 19 21 10 7 13 21 4 0 6 38 44 37 2233 939 1200 29 73 151 38 291 7164 37 209 20 7 23 104 73 27 9 13 2 336 451 172 30 58 13 77 13 190 326 80 10 12 8 22 505 25 5 19 2 87 17 243 160 93 95 32 62 381 345 696 5138 319 2082 5129 25 9 4 41 18 0 0 0 0 0 0 0 2 1 0 0 1 2 1 5 1 1 3 2 3 7 9 3 2 0 0 0 0 3 1 0 1 0 8 0 4 1 0 4 4 2 4 2 0 1 10 18 0 8 40 0 44 85 1 0 42 2 1 4 15 0 0 0 0 1 0 7 36 41 7 0 0 0 1 34 21 21 44 122 22 4 8 1 1 88 13 17 15 123 0 2 121 30 1 3 0 0 0 0 0
4 2 5 1 2 4 1 2 79 9 2 3 84 3 1 2 2 9 78 2 1 1 3 5 1 1 0 0 2 6 0 2 4 1 2 0 0 14 3 2 75 7 21 459 3395 123 1 284 37 6866 45 482 5 0 12 9 3 0 0 1 26 394 140 2 6 938 5 0 47 81 191 77 54 667 3 183 1095 533 328 797 607 5141 44 15 15 7 2 1898 781 4323 197 42 29 22 213 2 291 30 5 0 3 0 3 3 0 2 0 5 1 1 1 1 0 0 5 0 0 2 2 6 2 7 3 0 0 0 1 1 1 2 0 4 0 3 0 3 0 0 5 4 0 0 5 4 12 35 43 1 5 79 3 387 515 6 6 240 51 5 53 161 5 0 0 0 1 0 8 101 125 24 2 1 7 1 86 18 188 431 483 81 1 10 11 2 254 32 106 140 974 0 1 813 201 2 8 2 0 0 0 4
186 66 130 41 71 86 15 16 5 50 19 90 4 3 11 14 9 27 11 5 10 12 12 44 12 7 12 4 110 107 33 15 15 9 0 0 0 6 14 3 423 42 77 13 33 26 6 60 209 45 15946 13913 14 14 468 130 24 8 0 1 114 52 71 6 30 15 43 0 60 260 81 74 9 51 31 169 80 14 34 1013 2296 361 1081 222 116 71 20 139 122 98 246 6813 9571 392 139 45 36 14 15 15 0 2 2 3 0 6 1 1 2 2 4 4 0 0 1 0 0 0 1 2 1 2 0 1 1 0 1 0 0 0 2 0 0 16 0 2 0 0 5 3 1 0 1 1 4 2 6 0 0 14 0 7 31 0 0 17 171 39 180 146 2 1 0 1 3 1 1 14 7 2 1 1 2 0 12 4 27 37 35 9 18 14 0 2 18 21 27 6 104 0 2 40 9 0 8 0 2 0 0 0
252 82 137 60 89 146 21 27 33 79 36 102 9 0 1 1 1 9 20 1 9 4 4 6 9 2 5 2 145 118 29 25 13 11 0 0 0 14 2 2 238 10 16 72 80 10 2 246 20 482 13913 26021 14 19 168 39 11 5 1 0 21 47 24 13 8 120 30 3 21 114 583 105 20 381 11 106 284 73 123 10842 3723 1590 629 120 110 41 19 491 336 180 72 588 3378 72 44 39 93 20 13 19 5 1 9 3 1 1 0 4 2 2 4 4 0 0 1 0 0 0 0 2 0 0 0 1 1 0 0 1 0 0 1 1 2 25 0 3 0 0 2 0 0 0 0 4 3 3 9 2 3 10 0 20 32 0 3 63 2279 659 2620 1112 44 0 0 0 3 0 1 8 14 22 4 0 4 0 6 1 297 235 62 11 18 19 31 1 24 55 328 77 840 0 37 71 43 4 24 3 1 0 1 0
787 151 259 82 319 199 380 232 129 413 101 169 0 1 3 4 1 3 2 0 20 11 1 13 22 2 17 12 2992 605 271 27 20 12 0 1 7 5 12 3 49 4 25 0 13 8 4 6 7 5 14 14 8163 7649 4750 11 193 14 2 2 4 9 46 54 80 4 305 18 21 6 2 120 6 39 81 11 123 6 52 5 5 2 2688 285 65 42 65 2 8 3 16 12 7 4 26 127 286 3443 27 83 0 2 7 10 0 8 1 1 4 10 10 12 1 0 1 0 0 1 1 1 1 4 2 2 3 0 0 0 0 1 1 0 6 32 0 12 0 0 9 2 0 2 0 0 1 0 1 0 2 1 1 0 1 0 0 0 1 0 1 1 0 1 2 0 6 2 2 0 0 0 2 2 4 1 0 2 0 1 1 1 36 22 5 2 0 28 0 1 1 2 1 0 0 7 10 0 3 0 0 3
1457 296 428 191 769 404 463 280 50 381 64 241 0 10 6 8 4 8 3 5 28 38 12 63 82 7 45 41 13568 1129 631 49 35 29 7 1 9 10 21 11 95 17 136 0 4 15 25 12 23 0 14 19 7649 12241 570 5 641 47 8 4 18 60 163 176 248 0 2053 49 99 15 3 115 8 11 259 39 72 1 52 1 14 0 2943 8806 110 178 256 4 11 10 44 25 10 17 101 261 85 2087 170 328 1 0 8 14 5 18 1 3 9 4 14 15 0 1 2 0 0 0 0 3 1 2 3 4 1 1 0 0 0 1 4 0 6 41 1 13 2 0 7 5 1 0 0 1 6 0 4 0 2 5 1 0 2 0 0 3 0 1 0 2 2 1 0 0 15 0 5 2 1 2 6 1 7 0 1 7 1 2 14 3 46 31 3 3 7 51 0 0 1 0 3 3 2 8 19 2 1 0 3 1
241 48 119 36 89 73 74 68 21 72 19 81 2 6 9 22 1 45 12 8 5 16 19 71 17 11 8 9 523 158 48 7 16 6 0 0 3 6 19 3 1519 72 45 3 19 49 6 85 104 12 468 168 4750 570 14141 487 23 5 3 1 138 111 44 12 30 1 52 5 47 100 61 70 5 21 23 87 38 1 31 27 130 23 4202 119 102 39 24 40 96 51 136 639 250 106 114 42 34 361 17 21 0 0 4 4 0 4 1 2 0 2 3 4 0 0 1 0 0 0 1 1 0 1 0 3 0 0 0 0 0 0 4 0 0 24 1 10 0 0 0 2 0 0 2 0 4 2 6 1 1 12 0 9 22 0 0 11 3 1 11 10 0 0 0 0 2 0 2 8 6 1 1 0 1 0 2 9 2 21 26 5 19 16 3 3 17 19 6 6 48 1 1 24 5 4 8 1 2 1 1 0
134 66 124 97 149 213 12 14 5 52 26 113 2 1 7 13 2 28 2 5 2040 95 16 47 24 4 8 6 54 66 44 36 27 20 1 0 2 7 10 9 1790 50 39 7 15 28 8 78 73 9 130 39 11 5 487 3731 33 10 2 0 63 82 29 19 18 1 25 3 34 58 44 71 17 14 50 77 35 3 33 5 48 11 4934 87 3479 79 25 32 82 56 83 234 86 61 70 91 17 8 74 35 1 0 0 1 0 2 0 2 3 1 1 4 0 0 0 0 0 1 0 0 0 0 1 0 1 0 0 0 0 0 2 0 2 16 0 2 0 0 4 2 1 0 1 0 5 2 4 2 3 8 2 8 16 0 0 4 1 0 4 12 0 0 0 1 2 0 2 4 3 1 6 0 1 0 3 3 9 8 26 3 9 15 1 1 12 20 6 3 25 2 1 23 8 0 2 0 2 0 0 0
59 43 48 103 3346 359 3 4 1 25 8 59 4 69 45 30 16 28 8 3 87 74 33 110 230 12 194 191 3463 2417 11626 38 32 99 28 6 41 29 74 28 223 34 283 6 11 55 49 36 27 3 24 11 193 641 23 33 10011 170 42 16 113 99 519 610 1096 0 8385 303 368 42 10 25 5 5 1819 90 10 0 23 1 14 1 688 1898 243 2285 1230 4 21 15 132 28 21 14 237 1305 5 16 1995 4849 0 0 0 1 0 2 1 0 2 0 1 2 0 5 5 0 2 3 0 12 4 13 6 2 1 0 0 0 0 2 0 2 0 9 0 4 0 0 4 7 3 3 2 0 0 3 12 2 2 52 2 2 1 0 0 4 0 0 1 2 0 0 0 0 0 0 11 7 4 1 1 0 3 0 6 22 4 7 28 7 4 15 1 2 19 10 0 2 10 1 0 12 2 2 2 0 1 0 0 0
6 5 8 10 332 363 0 0 1 6 10 691 4 342 233 109 100 41 8 25 184 310 82 150 71 12 344 431 72 36 164 2372 882 3572 86 25 201 80 163 32 295 18 115 2 7 28 66 14 9 0 8 5 14 47 5 10 170 7053 971 5292 102 33 220 479 1320 1 168 4699 335 12 4 273 23 8 6868 55 20 1 70 0 8 1 128 87 177 135 126 1 3 9 40 6 14 4 75 3426 5 0 104 217 0 1 2 3 4 1 1 1 0 0 1 9 3 8 12 1 3 14 2 36 10 21 16 4 4 0 1 0 0 5 2 4 3 60 1 40 2 2 29 26 17 9 10 1 10 5 8 2 8 39 5 2 6 0 0 3 1 0 1 1 0 0 1 0 6 2 12 9 1 4 9 0 16 3 3 22 1 1 18 8 23 79 2 9 2 41 0 1 6 3 5 6 1 12 1 0 7 0 1 1
1 0 3 0 22 6 0 0 0 0 2 18 2 1338 276 18 182 19 20 16 77 125 88 1045 41 191 1271 308 24 10 36 16 55 3598 1175 762 924 211 14 450 115 57 480 30 3 22 530 1 13 0 0 1 2 8 3 2 42 971 2921 4695 48 4 84 401 262 0 57 1320 48 5 0 35 93 11 695 8 3 11 42 0 0 1 11 26 35 37 68 0 0 4 14 4 3 4 100 168 1 0 33 32 0 0 0 0 3 0 0 0 0 0 1 4 50 18 7 16 48 9 22 13 97 31 27 26 32 5 16 9 10 18 2 2 1 73 6 132 33 14 237 284 8 116 7 0 21 11 4 0 90 16 45 1 5 1 0 1 0 0 0 0 0 0 0 0 10 21 7 15 0 3 6 5 6 25 3 15 0 1 8 1 13 137 5 8 2 73 0 1 1 6 2 1 2 6 2 0 11 4 4 19
0 0 0 0 8 4 0 0 0 0 0 2 1 1194 299 42 129 15 5 5 25 39 53 114 12 11 379 248 8 1 7 9 8 3462 224 688 735 42 34 29 72 7 84 2 2 11 44 3 2 1 1 0 2 4 1 0 16 5292 4695 1668 19 1 71 217 366 0 16 3478 47 1 0 3 6 0 912 2 0 1 8 0 1 0 7 7 5 4 14 0 2 2 10 1 0 1 25 106 0 0 6 5 0 1 0 0 1 0 0 0 0 0 1 0 6 2 3 3 3 3 3 11 15 11 9 6 3 2 3 1 1 2 0 0 1 22 0 22 3 0 37 45 7 26 2 0 0 2 0 3 13 9 10 1 1 0 0 0 0 0 0 0 1 0 0 0 0 5 2 3 1 1 2 0 4 9 0 3 0 0 5 0 5 23 1 2 1 13 0 0 0 1 1 1 0 0 0 0 1 0 0 3
24 8 23 4 90 93 3 4 5 10 12 119 70 32 187 776 238 3840 366 399 31 42 48 1103 34 21 174 302 51 31 39 64 103 151 16 3 158 764 6645 53 1459 682 2428 142 134 514 64 978 336 26 114 21 4 18 138 63 113 102 48 19 18983 857 1944 2628 3700 46 130 52 6599 276 203 88 274 10 185 11616 32 5 71 6 112 24 175 118 79 98 34 50 294 184 2943 298 90 151 1466 262 12 2 36 58 2 7 1 1 5 2 0 16 1 1 0 4 13 10 449 9 4 27 20 302 31 111 25 1 2 1 0 10 5 20 13 21 8 42 1 9 3 3 67 30 49 4 114 15 12 121 1052 100 94 1732 3 113 224 4 5 149 3 7 4 27 5 1 3 1 20 1 403 357 153 88 12 29 27 7 223 599 27 87 968 260 13 60 29 18 517 146 22 29 147 4 1 265 103 29 32 3 3 1 3 2
48 6 36 8 57 37 5 2 3 9 9 30 11 13 34 36 7 58 24 18 8 51 31 70 54 16 29 18 62 20 34 7 7 16 4 0 8 27 73 28 465 77 301 28 185 177 25 5235 451 394 52 47 9 60 111 82 99 33 4 1 857 19638 9373 131 621 18 219 13 3031 5596 1461 19 18 15 102 1806 31 12 24 23 496 204 261 228 93 101 28 231 846 663 1328 426 334 342 4951 88 6 3 67 56 2 0 3 5 0 1 0 5 1 1 0 0 2 1 5 1 1 2 1 15 1 6 1 0 2 0 1 1 0 2 1 3 0 2 1 3 0 0 3 4 2 0 2 9 9 45 34 1 1 73 2 453 484 3 10 219 22 7 31 213 3 0 0 0 0 2 13 102 130 17 2 1 5 1 72 47 263 580 399 81 4 15 13 2 236 26 151 87 1323 1 1 644 249 2 5 0 0 0 1 1
19 4 15 5 84 43 1 3 6 6 5 25 25 63 157 57 36 177 61 20 20 63 34 89 91 21 117 153 159 32 112 21 18 124 14 22 72 64 144 45 367 48 1205 69 299 457 80 1044 172 140 71 24 46 163 44 29 519 220 84 71 1944 9373 24967 2807 11984 13 754 182 5307 795 202 25 30 11 672 2423 39 16 33 7 103 45 314 511 110 307 83 75 649 747 3404 166 92 225 5682 232 11 5 215 332 4 2 2 0 0 1 0 6 1 1 0 0 2 5 24 0 2 8 5 41 15 32 6 0 3 0 1 3 1 4 3 4 2 9 0 9 2 0 14 6 10 6 19 4 4 58 120 4 20 208 2 352 559 2 9 247 8 3 9 57 7 0 2 0 6 2 57 202 197 32 2 6 6 4 183 124 134 280 628 161 2 22 13 3 537 51 37 87 433 1 2 636 185 2 11 0 3 1 1 2
8 2 14 4 56 27 1 0 1 6 5 25 107 294 429 160 78 958 203 55 32 54 27 191 112 24 601 1664 81 12 115 16 25 352 86 58 217 101 420 106 177 50 3320 18 72 1291 238 40 30 2 6 13 54 176 12 19 610 479 401 217 2628 131 2807 5768 8407 17 711 504 1317 47 13 25 37 2 1143 159 11 4 28 1 11 3 219 511 129 401 139 7 41 32 1414 34 17 35 1100 157 1 2 247 495 0 2 1 0 0 2 0 3 0 0 0 1 14 38 159 3 16 58 23 322 47 188 25 3 4 1 1 2 2 24 7 7 2 18 3 16 7 4 53 54 77 13 97 1 2 21 181 28 56 715 4 19 20 0 0 16 0 0 0 3 1 1 0 0 8 4 229 77 19 31 5 4 13 3 21 247 9 17 196 22 9 35 6 5 78 28 2 6 22 0 0 25 13 9 4 0 2 0 1 3
23 8 14 7 246 98 2 2 1 9 8 39 138 760 2965 1542 349 1039 110 157 31 35 29 122 41 13 399 3330 371 61 395 52 38 938 30 64 856 255 7691 22 336 73 856 31 169 1299 33 178 58 6 30 8 80 248 30 18 1096 1320 262 366 3700 621 11984 8407 17475 16 1202 343 8498 135 54 20 22 3 2376 620 21 2 20 2 34 11 320 493 112 196 50 23 69 97 1159 61 33 81 1327 1188 8 9 132 603 0 3 0 1 2 1 0 8 0 1 0 3 9 36 265 4 6 68 16 476 40 194 44 3 3 1 3 5 1 30 14 11 6 25 1 24 1 1 45 30 101 9 117 6 9 72 705 42 66 1777 9 60 108 1 3 48 2 6 3 16 3 3 1 0 27 2 562 206 75 53 8 16 28 2 122 584 22 49 739 126 5 47 15 9 287 50 5 11 80 3 2 130 50 34 22 4 2 1 0 1
0 1 1 0 1 0 0 1 44 4 0 2 1056 0 1 6 5 92 297 3 0 2 1 11 0 1 1 1 0 0 0 0 5 0 1 0 0 60 5 1 14 7 10 691 2180 1025 0 11 13 938 15 120 4 0 1 1 0 1 0 0 46 18 13 17 16 1643 0 0 14 5 14 42 76 909 1 24 718 1148 251 130 82 416 10 3 3 1 0 162 67 262 300 5 5 2 32 0 147 15 1 1 0 0 0 0 0 0 0 1 0 0 0 0 1 1 49 1 0 7 1 25 13 33 6 0 0 0 0 3 0 1 0 0 0 2 0 2 0 0 8 4 3 1 3 1 4 6 41 20 18 87 0 15 28 0 0 15 6 4 6 17 0 0 0 1 2 0 7 16 14 34 0 0 2 1 17 20 8 16 90 12 0 9 4 0 40 15 4 10 28 0 2 38 15 1 6 0 0 0 0 0
587 352 406 301 1995 616 40 33 16 168 65 255 4 69 62 22 24 46 11 19 100 113 36 227 315 20 228 196 6310 943 2717 63 39 97 31 6 28 21 94 45 243 64 487 4 19 53 84 37 77 5 43 30 305 2053 52 25 8385 168 57 16 130 219 754 711 1202 0 16193 290 450 85 8 121 17 19 1265 140 74 2 41 3 17 5 1201 8155 318 1795 1395 3 40 42 205 58 33 34 388 991 57 50 768 1856 1 2 7 8 3 15 2 3 10 2 5 19 3 1 6 0 3 3 2 13 5 17 9 2 1 0 1 0 0 1 1 0 7 50 0 12 0 0 9 14 7 0 2 2 7 6 19 0 5 69 6 8 18 0 1 4 2 3 2 2 1 0 2 1 10 1 10 12 5 2 4 3 5 1 9 38 2 8 54 14 37 28 9 3 21 40 4 1 11 2 6 16 6 2 15 2 1 0 2 0
5 5 8 4 29 26 0 1 3 3 10 38 1 150 49 23 25 36 12 14 112 165 48 459 71 43 447 171 35 11 94 32 199 3693 153 23 180 196 34 118 149 42 324 25 2 27 511 9 13 0 0 3 18 49 5 3 303 4699 1320 3478 52 13 182 504 343 0 290 4104 111 9 4 132 211 24 3930 21 29 4 213 0 2 1 115 171 101 210 1027 0 4 3 33 11 4 9 123 281 4 1 176 580 1 3 1 1 3 1 0 0 1 1 1 7 21 11 2 1 19 4 9 14 34 17 8 32 30 1 8 3 0 14 7 3 6 156 2 162 17 8 132 178 8 59 8 2 27 5 6 1 44 12 40 0 1 1 0 1 1 1 0 0 3 1 0 1 9 13 6 10 2 1 9 4 18 20 2 17 2 5 4 0 36 266 9 27 4 76 0 0 3 5 6 2 4 15 0 0 11 2 1 17
18 10 16 5 209 101 2 0 1 11 11 46 41 105 505 543 127 789 48 142 31 31 22 160 31 5 65 309 157 47 179 61 27 238 5 13 214 193 5288 11 478 163 757 23 199 341 21 2535 190 47 60 21 21 99 47 34 368 335 48 47 6599 3031 5307 1317 8498 14 450 111 6010 328 273 31 25 6 759 3287 24 3 23 6 103 31 165 208 76 109 34 41 159 233 1352 129 73 65 1013 787 7 2 71 142 1 5 0 0 3 4 1 14 0 1 0 0 3 8 50 2 4 20 8 98 15 31 7 2 2 0 1 5 1 6 15 8 5 17 2 11 1 2 19 14 5 5 27 12 7 86 481 11 33 767 4 293 586 2 17 276 8 10 9 60 0 3 5 2 9 4 197 363 306 61 10 19 28 6 314 395 100 227 1042 354 7 39 23 10 854 131 41 77 313 0 2 678 258 23 39 3 3 0 1 4
63 16 38 14 29 32 5 5 5 13 5 27 6 3 10 15 7 30 8 9 8 21 14 47 22 4 10 4 28 26 15 2 8 4 0 0 3 14 16 9 252 32 134 22 76 89 14 950 326 81 260 114 6 15 100 58 42 12 5 1 276 5596 795 47 135 5 85 9 328 3606 1960 17 8 12 26 513 19 5 13 16 1321 301 295 134 74 63 15 406 447 251 475 564 1650 1569 2000 21 14 7 31 20 2 1 3 0 0 0 0 0 1 1 0 1 0 0 3 0 0 1 0 8 1 2 0 0 1 1 0 0 2 0 0 1 1 3 0 0 0 0 1 1 1 1 2 1 2 13 11 0 5 25 0 128 89 0 4 57 35 9 117 374 1 0 0 0 2 0 8 26 26 8 1 0 0 1 15 17 207 294 105 16 1 6 4 2 64 11 136 26 869 0 1 152 63 4 2 0 0 0 0 0
54 13 26 7 15 18 2 4 8 13 5 16 8 1 1 4 2 12 6 2 3 3 3 10 9 0 2 4 27 12 2 3 2 5 0 0 1 9 14 0 182 17 46 30 98 39 0 4688 80 191 81 583 2 3 61 44 10 4 0 0 203 1461 202 13 54 14 8 4 273 1960 6565 12 7 34 9 1850 56 16 17 69 8288 431 196 77 39 18 3 679 2033 446 430 258 874 87 253 18 23 2 6 10 3 1 8 0 0 0 1 0 2 0 2 0 0 0 1 0 0 0 0 5 0 1 2 0 0 0 1 1 1 1 0 0 0 1 0 1 0 0 0 1 2 1 0 5 2 8 17 1 1 24 0 153 139 1 4 153 98 37 404 1099 2 0 0 0 1 0 2 33 36 10 4 1 0 0 18 15 496 630 166 26 2 4 7 3 73 13 344 50 2125 0 4 225 132 1 5 0 1 0 0 0
