15.8016938253839 16.3380793853335 26.8869826529169 44.2859485798521 62.1525569078917 61.8015275283928 18.5203905475381 24.2325499293519 75.914609042081 50.8117667075775 86.6275264771004 84.9832040665892 187.421920776367 163.029541015625 214.285049438477 210.775398254395 208.973424275716 200.661821365356 202.434638977051 203.259623209635 125.512300041284 138.93734255704 153.212687174479 184.113772922092 150.659966468811 0 185.975290934245 174.073875427246 30.5554908258805 23.8477682117389 88.6308384406857 138.599255371094 171.803372701009 197.989505004883 213.557846069336 0 159.443908691406 188.78293762207 208.373306274414 178.951858520508 96.6218411560734 156.290096282959 183.804033813477 207.703689575195 180.004690551758 192.255578177316 174.774819510324 172.508898586697 151.812812598976 186.572547912598 145.522178444811 159.49577174111 110.040749226319 88.5225128220955 125.095964328877 112.509719279275 114.769546702757 132.765176137288 121.148155212402 0 185.140071868896 180.430272102356 190.043061105829 211.47847366333 180.728271816088 0 85.9954243778573 185.100817871094 185.834344651964 177.894622076125 175.852580882885 143.482443237305 160.255550384521 114.945733388265 177.600308895111 179.320194741954 119.196301732744 0 158.310367911203 156.319254908068 179.660575578798 167.201772054036 117.470857798337 103.222614265773 116.232617367422 109.199340420082 157.37680138482 189.177120067455 192.584501953125 187.493471963065 191.9393843266 149.460003230883 167.257811652289 170.079206466675 186.322119140625 131.359856210104 103.04245415712 47.2822717263395 149.998814174107 166.224701259447 156.508257548014 220.529251098633 176.731232720452 177.326893005371 180.148086547852 174.441791866137 166.921991984049 132.491299947103 168.493032633464 142.256056991278 164.747521308161 174.491110777244 0 0 0 0 0 0 0 0 0 0 0 0 213.294957478841 0 0 0 0 0 182.015533447266 158.987121582031 164.72201362023 164.582540829976 0 195.384035382952 0 0 214.700775146484 237.505981445312 0 170.511947631836 0 197.379633585612 201.622107611762 192.323066711426 199.865127563477 189.705841064453 0 229.90104675293 0 227.837833404541 228.340068817139 0 0 206.350540161133 224.051696777344 221.731048583984 195.422327677409 226.01905632019 231.638910929362 208.385808308919 147.849461873372 180.149551391602 163.680862426758 0 223.469482421875 238.862594604492 203.283226013184 0 209.792340087891 178.76133219401 131.517440795898 180.000106811523 225.208801269531 0 232.936620076497 225.857501983643 219.270050048828 216.43613688151 168.250623414011 170.480027571968 180.939516703288 174.878700256348 220.055282592773 157.622301555815 201.603084019252 191.785797119141 221.051642025218 230.020233154297 217.265652974447 227.851657443576 234.937876383464 173.660489400228 129.03526763916 148.907244873047 208.814697265625 0 0 197.983520507812
16.3380793853335 10.8748817640117 37.9699528869417 21.3720800545345 35.2107638189886 47.4461185142377 51.3246963565089 91.0751796610215 88.713691329956 55.4383139667192 75.5989310473931 78.9549230544584 0 154.98258972168 0 0 171.893295288086 214.263404846191 240.155700683594 155.958465576172 123.276037938386 143.06413230896 197.366920471191 209.275765991211 149.64916714755 214.485961914062 195.46866607666 220.330947875977 66.6557645941237 23.5148145597227 99.427275390625 109.263909657796 187.078098842076 179.268606821696 0 0 0 149.509887695312 194.916946411133 182.428909301758 101.52936375451 156.583986918132 210.698112487793 184.257789611816 201.258850097656 210.627090454102 182.327247619629 184.660269601004 171.538560231527 183.493515014648 153.39179946437 169.073987635171 131.182233545164 113.876947970004 141.766612529755 118.437726916689 101.501164902088 161.125646972656 0 0 211.574228286743 187.143348693848 201.00212097168 208.107749938965 191.354248046875 194.662841796875 93.1488345536319 158.954364013672 202.507768249512 189.521078109741 194.702178955078 117.533024028196 168.544662475586 95.5935287475586 171.245455932617 203.918097756126 103.46456788318 186.386856079102 131.441561518489 171.726469857352 190.289130352913 198.229862213135 132.974443700816 113.340734370572 120.706314995175 110.275584972368 168.640542030334 191.957341512044 202.765643649631 195.644453866141 199.631361588188 168.185388619559 180.469322814941 179.11166936701 191.051318359375 125.509364922841 89.3127344304865 92.4522496017755 132.417582604193 157.728586578369 200.430585588728 195.838095528739 184.880950214707 188.21656528596 189.734848920037 180.346191627392 187.307632446289 159.31553056505 174.736245346069 154.758869988578 164.929285238077 170.901201711118 0 0 0 0 0 0 0 0 0 0 0 163.161972045898 220.98068745931 0 144.207809448242 0 0 222.201019287109 196.940685272217 167.085530598958 165.698318481445 167.541341214567 0 162.669333237868 0 0 248.191772460938 194.663951873779 196.074104309082 0 204.655792236328 205.335063934326 180.372282845633 0 206.159561157227 180.597717285156 0 0 208.201843261719 232.029047648112 235.03475189209 216.049530029297 0 222.160583496094 226.296498616536 228.602259318034 0 241.722675323486 224.194720181552 206.6123046875 203.736885070801 214.50986328125 169.268767784382 0 0 0 230.843688964844 0 206.193315294054 199.279739379883 172.892852783203 200.801971435547 0 0 216.229049682617 225.915702819824 226.02365620931 0 158.326711810077 162.169829539764 189.766393025716 161.551879882812 227.982167561849 142.833011782899 0 0 227.675224304199 194.905136108398 217.670100529989 241.937927246094 0 163.400573730469 130.528216593974 182.082500457764 198.185441970825 0 194.431053161621 0
26.8869826529169 37.9699528869417 10.613501982678 19.9638779278115 81.234343592062 35.0964012881547 43.4585344979057 23.8960787951664 66.5523365905128 34.2275218859231 74.028542063505 24.9506840359509 0 0 175.426890055339 214.210151672363 0 203.441223144531 0 174.304847717285 127.497283598956 140.212925344274 184.101087782118 187.643045043945 160.527849533979 159.238265991211 206.446975708008 219.671592712402 85.0338317285797 78.2787897641103 126.368940353394 111.9544592071 172.461234741211 160.750041668232 0 0 161.231262207031 192.342193603516 177.19722366333 153.714569091797 107.459056830554 162.552686691284 173.856280517578 181.091331481934 189.765111287435 202.952390670776 142.298843383789 186.714536830357 163.344822474888 186.121542358398 160.583400080754 173.217213428804 134.142902889767 116.252622336985 145.109305117311 121.865553086804 118.883620580037 166.415464401245 179.097340901693 0 202.423676863961 197.342737409804 213.142469278971 207.057086399623 213.546824863979 224.83723449707 101.415721874519 180.036062240601 185.463491439819 186.856354161313 195.796461838942 132.987333478719 180.14410836356 110.167777868418 171.183211735317 200.499020550702 107.254470868299 101.566955566406 136.634767439307 172.171689120206 192.149510211255 186.114685058594 137.101624213948 118.676312291166 126.717361415166 118.161293761675 167.113805135091 207.913702713816 203.482883453369 198.513916015625 200.507945033482 161.465847985219 180.263234065129 177.057686767578 192.304075453016 154.910003662109 88.0776060363393 73.5420524923867 131.938587834285 169.581808682146 184.280939737956 193.311421394348 181.644132302024 182.969218512001 185.167793537008 177.30559760687 186.600768002597 145.940519820812 144.468090466703 147.399990765346 163.852957362451 171.662775973616 0 0 0 235.314483642578 181.427352905273 0 185.671646118164 208.026779174805 190.469662475586 0 210.146911621094 186.083599853516 202.499055044992 0 0 0 0 205.682174682617 207.532569436466 173.037770589193 166.602804287997 166.849260642312 152.490158081055 179.020990224985 0 0 178.413082122803 193.187164306641 0 205.68563079834 0 195.229867117746 187.121626823179 233.51106262207 0 0 201.382090250651 232.893559773763 192.719482421875 233.280265808105 228.0422908238 218.779514312744 0 224.152297973633 223.838628133138 234.971582140241 211.380650838216 232.184926350911 220.772442953927 219.335366821289 180.71816184304 201.778427124023 168.035461713683 0 0 0 0 199.317840576172 203.194425178297 186.955068414862 175.51213684082 211.734278361003 235.055643717448 245.487091064453 243.717549641927 237.556358337402 233.447677612305 226.110534667969 160.025245023577 168.417016601562 151.346098327637 196.904865264893 222.649379185268 146.918994490718 201.485443115234 0 226.202703302557 214.893064226423 219.447827988777 230.244049072266 244.333236694336 173.751369222005 127.752833066475 164.590514974391 202.506207275391 194.26683807373 0 172.552185058594
44.2859485798521 21.3720800545345 19.9638779278115 11.5650689515044 22.3099315540544 23.3584883615067 62.6232738005809 105.501512289047 82.6025586809431 55.9235138879695 69.2521939411699 33.3751492253093 0 153.447845458984 153.611549377441 217.646278381348 0 180.631462097168 229.758560180664 219.311515808105 117.299799121156 131.626250571393 165.385825020926 182.53449457342 146.176147909725 148.011159261068 201.665878295898 215.159637451172 69.3016508425808 44.187382121248 47.3732558447739 73.5803528393016 142.954891967773 132.629880269368 150.084365844727 0 158.769775390625 163.27560933431 200.750152587891 160.209003448486 97.0167018669696 150.38572883606 200.728342692057 215.840110778809 171.327751159668 199.025655110677 151.161315917969 187.810516357422 161.883846282959 175.874526977539 159.606032766947 167.535684967041 139.298144177693 116.503505926482 148.839875751072 116.093244572276 70.6655676388046 136.428117370605 0 0 202.44458770752 185.278226852417 195.113861083984 206.944919586182 186.57721383231 0 88.6647441902034 153.869850158691 197.256205749512 187.181417192732 193.109466552734 105.756082229614 159.730518341064 89.9443187307804 146.341016769409 178.478982543945 93.6960786847926 224.393829345703 116.0806124457 161.262826538086 192.978887176514 173.757995605469 135.90931335561 113.633853477768 114.518979969025 103.455155155577 151.738375613564 218.730809529622 195.800346374512 188.949798583984 194.110778808594 168.755296707153 178.825936394769 186.828163840554 198.960183950571 116.548689297267 79.8307054117656 101.554345448812 108.64696172458 162.122994272332 202.377689361572 186.527725219727 179.005160984848 178.623113327478 164.942271709442 171.775651958627 176.525775615986 138.231659522423 152.822031497955 144.740268254684 155.991502268931 163.087990855123 178.32112121582 0 210.635040283203 0 0 0 0 195.950584411621 177.576461791992 0 182.334838867188 195.640825059679 180.706939697266 219.580474853516 153.318923950195 0 0 0 188.74634552002 216.858428955078 163.192929895913 159.101927509047 162.749771118164 160.804452335133 0 0 179.297164916992 171.626780192057 0 0 181.4091796875 190.525100708008 173.613517979213 213.531143188477 182.310836791992 199.767730712891 0 0 209.847162882487 0 0 221.547058105469 0 0 232.648540496826 225.41722315008 214.417068481445 237.371124267578 216.49482865767 213.119934082031 165.544212341309 175.568974812826 155.242463659068 0 0 243.721069335938 0 0 197.806573543908 181.311889648438 185.9762840271 0 237.150085449219 190.853469848633 240.945607503255 238.665298461914 235.46656036377 0 150.404751157004 157.184893752589 135.176781972249 179.992896446815 236.772613525391 134.184561653371 193.888717651367 0 229.678779602051 183.237686157227 212.821994703643 225.053253173828 239.447196960449 156.502713983709 123.522056361607 169.395391082764 196.980183919271 190.366073608398 194.501736958822 240.193862915039
62.1525569078917 35.2107638189886 81.234343592062 22.3099315540544 14.7477373503756 36.6182904531649 66.3443916450113 116.155847376043 89.1685702675267 95.3002484798431 78.2610753866342 69.6771019368232 115.113952636719 112.502089364188 124.1434915716 105.979440733444 99.396356344223 138.523244134311 119.624822616577 104.767167122133 98.4202650036923 106.015866361706 112.837106184526 146.369175854851 98.0244253370497 139.557324545724 145.275548852008 134.37895626492 56.0506852460122 29.2560475163117 17.6355061324912 45.7281432461333 77.8473467024546 77.2771675479453 104.571157455444 152.970703125 97.0658936196185 98.8155331998258 116.804825522683 135.472535077263 86.7948310562785 136.710186767578 163.172047845249 182.278873443604 168.360494995117 157.323167360746 137.315045674642 174.089522728553 156.647836608887 181.887924194336 140.138853261169 158.542216011647 120.238436994881 98.0692612507873 129.923229860456 106.233185940941 40.6240749632749 55.7650500722678 100.283248207786 86.7069330215454 137.84048860338 180.439794975415 162.33444195702 153.029958588736 126.315347500933 174.763534545898 66.3875099057841 108.354436413995 133.541226692747 182.696355885473 178.565600585937 88.9701314674233 114.85111618042 90.5417770972619 74.6905976950974 153.698643176587 100.987852468119 120.74299621582 112.682506601016 167.909337997437 180.820384979248 185.598007202148 120.330105019832 96.0949825713476 102.555633449399 86.1013335599478 111.376454099019 191.306354869496 190.118984767369 188.923660888672 176.040879902087 157.899114336286 167.844925798689 171.620158145302 187.293533042625 28.4041653260965 72.7761969107169 96.0858147872122 87.0374232297221 59.2262771049242 167.600482940674 161.935709635417 170.441971764198 166.02134930646 177.766842433384 162.166567288912 175.266387939453 141.834957885742 163.21700303098 138.75314763387 144.79313464281 158.025281960624 166.87410736084 183.696914672852 164.98706817627 178.054473876953 240.779800415039 187.121342976888 163.378733317057 180.792577107747 174.922462463379 189.543610572815 225.855773925781 163.157516479492 239.796630859375 225.432403564453 153.263534545898 197.608200073242 172.179824829102 193.634190877279 182.560405731201 196.798059082031 154.270729064941 155.916618146394 164.037567138672 166.844787597656 148.469635009766 0 188.462652767406 173.389072618986 178.791361191693 163.195368448893 180.17951965332 187.859176635742 187.684060668945 204.471652984619 162.095498657227 151.954312838041 183.751971774631 185.756870378767 163.235847473145 228.384768676758 231.396565755208 204.515106201172 0 215.754760742188 233.345691680908 221.236443413628 244.946990966797 226.127283732096 213.892606099447 183.28702545166 0 180.869425455729 149.74321892148 181.217067718506 172.585884094238 196.973510742188 189.184005737305 0 186.456941392687 182.421564737956 172.766008649554 0 208.797861735026 192.810852050781 225.406608581543 207.98274230957 202.235746111189 0 144.28704365817 152.983158549324 150.884775797526 144.029403686523 200.785892486572 125.366759490967 206.145458221436 197.66242980957 228.074296739366 185.392356872559 207.345764686321 217.455860682896 220.217681884766 170.49739074707 116.487652713305 193.424545288086 199.542655944824 0 154.59309387207 156.725677490234
61.8015275283928 47.4461185142377 35.0964012881547 23.3584883615067 36.6182904531649 15.0308250083773 74.5487046443241 79.2449521689579 82.4235727236821 64.1174833540324 54.9090615192333 28.6513977440153 119.044376373291 151.031209309896 119.726703219944 102.782559430158 118.307355753581 134.047205144709 107.605757048636 102.834482828776 106.306122358281 108.62407049343 138.696253367833 161.716632448394 121.363239695725 134.646540323893 162.426929473877 114.777323404948 73.513498550571 52.819755791237 47.843655579473 21.9247543995287 76.4068571266375 79.0732712933398 118.678810119629 0 106.008855056763 93.4878827503749 130.634870865766 139.548765055339 94.7603419956408 147.355736541748 175.62721862793 132.530950546265 173.438705444336 160.592861720494 133.249606082314 191.286950683594 178.448911394392 182.892314910889 158.639664494714 171.213403362117 138.813938083361 118.353701355434 152.475989145775 117.311683762241 66.8818875262332 50.1006835590709 131.149007797241 131.349758148193 138.585355204921 184.548259425808 179.748283208803 158.009790208605 136.855408493353 0 94.1970859378963 118.096943781926 134.478193301966 191.292582511902 190.776896158854 82.0593020720424 115.066694577535 89.5583517695048 85.3209208250046 171.167576002038 92.0526544064892 0 100.133546116936 172.311807485727 192.805557837853 180.840706719293 138.908932347066 114.455522218825 112.721757870599 99.4296040555333 141.197341691202 210.568169487847 198.251544294686 203.916074117025 184.89205337783 172.97148326527 181.608487693212 188.436384003738 189.183291179378 30.0533447351421 67.4844047848771 96.9889764976501 104.390001328095 138.879962227561 190.999699115753 179.266595023019 174.875040637668 171.893006085552 164.488297910106 165.073945077909 169.006888834635 162.086834531842 165.539508302333 144.431442260742 151.623263650888 158.315116761223 183.097836303711 181.835797119141 156.555297851562 0 163.96103922526 206.362548828125 165.196128845215 174.315130615234 173.472241719564 184.716610717773 184.330642700195 182.130495071411 186.41729888916 150.04216003418 156.250633239746 0 163.480290730794 198.643241882324 189.463651869032 188.153897603353 160.995193481445 158.356149923922 150.644714355469 167.332829494102 164.465065002441 0 161.064739451689 171.58467909869 180.277328491211 180.894269943237 177.493384225028 185.123684692383 172.380343314929 203.833614349365 174.979827880859 160.732568359375 158.27104695638 193.676996866862 175.55105082194 220.589530944824 218.866502549913 220.448474884033 238.513397216797 180.214996337891 224.121255874634 226.828611585829 247.669143676758 228.712390475803 212.85022388805 212.518357413156 188.064033508301 187.821347323331 153.386570819013 175.497528076172 176.566973599521 207.271212259928 225.457000732422 0 190.598409166523 184.018376350403 170.313885028546 204.807556152344 218.445896148682 198.019818987165 238.770655314128 225.804649353027 203.142126464844 163.699127197266 147.134484614882 157.10544629097 123.447979146784 159.790128707886 211.876086764865 130.429230492595 205.067977905273 212.40576171875 234.085898904239 188.970371246338 205.744096464269 229.13525390625 229.941989898682 160.660221523709 115.424487720836 160.963232620903 188.333947753906 196.882746378581 202.259684244792 154.684534708659
18.5203905475381 51.3246963565089 43.4585344979057 62.6232738005809 66.3443916450113 74.5487046443241 8.2210654808622 18.0854014962819 11.2928062896185 27.2583858464371 53.8974017722934 75.8211254142899 0 0 119.248748779297 0 150.086517333984 0 0 0 165.185924953885 192.536956787109 127.111145019531 136.319595336914 0 0 0 0 23.9402838803835 28.6471531716342 93.7050116402762 110.604677581787 139.806658426921 0 0 0 0 145.855911254883 0 0 100.270749274721 0 149.57871500651 0 94.4197998046875 0 0 159.98156956264 157.529052734375 129.461730957031 124.714263407389 151.78494153704 78.2588583193327 56.3061060565594 94.9913957956675 107.955063184102 106.963035583496 0 0 0 185.071985880534 173.48193359375 143.546615600586 216.517013549805 177.327926635742 0 88.6488927841187 0 181.44506072998 154.728482055664 174.206665039062 85.4937296266909 0 81.7235554781827 210.767272949219 156.498616536458 65.6041039553556 137.657272338867 98.4818766457694 137.309471130371 155.82285563151 150.908645629883 91.1256899817293 80.7991681659923 112.423015791794 132.755719965154 0 221.291534423828 157.051147460938 200.03296661377 190.675853729248 112.937878608704 144.602740605672 141.277545166016 151.386880057199 105.613190787179 32.5976498655772 18.4825127527484 139.755058288574 173.406616210938 202.813598632812 176.397613525391 176.728903634208 187.390929588905 163.354537963867 182.811796246153 151.562435913086 153.334655761719 166.033803092109 126.803166108973 162.886483136345 183.706693129106 0 0 0 0 0 0 0 0 127.734840393066 0 0 133.730850219727 240.445510864258 0 0 0 0 0 162.51872253418 0 183.461860656738 146.181842258998 0 125.257759094238 0 0 127.38175201416 0 0 0 0 246.908294677734 197.56131362915 0 0 0 0 0 0 205.033405303955 226.282241821289 241.504516601562 0 232.31884765625 0 246.803146362305 192.608963012695 181.323623657227 0 239.329856872559 0 0 156.441650390625 0 0 0 0 0 231.601135253906 182.409767150879 0 0 0 0 0 0 0 0 165.296748111123 152.234808603923 203.907493591309 0 0 137.192523532444 0 0 216.419448852539 193.673538208008 211.344919840495 209.080718994141 0 0 134.774092833201 120.466703796387 164.996231079102 200.277130126953 0 0
24.2325499293519 91.0751796610215 23.8960787951664 105.501512289047 116.155847376043 79.2449521689579 18.0854014962819 10.8465046246833 14.8856369432281 16.341216456154 71.5093834899193 67.4786504476313 0 0 0 204.148773193359 0 208.127029418945 0 0 151.8378301348 141.623107910156 0 0 0 0 211.901000976562 182.997680664062 51.4359796479691 101.677468648771 128.018216133118 96.8716049194336 158.672927856445 0 0 0 0 218.461074829102 0 0 106.352384342867 0 220.529037475586 0 0 198.304809570312 211.248168945312 174.644302368164 138.690780639648 182.606666564941 144.402983188629 166.63794764766 101.435149423007 78.0072903769357 115.16079678255 112.622114453997 126.541564941406 0 0 0 179.468475341797 177.379081726074 175.976399739583 0 185.949310302734 128.581359863281 96.4702376163367 136.701171875 0 170.212158203125 180.501567840576 98.6364313761393 178.259086608887 141.884582519531 226.730850219727 176.874893188477 99.6183842250279 114.372550964355 224.151745605469 0 178.812835693359 159.814247131348 113.492125193278 104.156686989037 125.085314478193 138.079363822937 182.762151082357 192.878234863281 203.017105102539 207.351943969727 179.501187133789 131.877302281997 169.586013793945 156.664021809896 205.336326599121 98.5094528198242 72.0864498081492 35.1530139132024 175.001083374023 0 181.634942626953 182.780426025391 176.720278156337 185.616658410361 196.83500289917 174.794479370117 156.186561584473 119.900377655029 168.11041229248 129.880203433153 162.143043713692 183.101865022079 0 0 0 0 0 0 0 0 0 0 221.756393432617 0 216.345657348633 0 0 0 0 0 197.521469116211 0 173.132263183594 189.622225443522 0 0 0 0 0 178.450866699219 0 0 0 0 201.235876083374 0 0 0 0 0 0 246.688690185547 0 0 0 218.155380249023 0 0 0 237.01042175293 209.399637858073 196.438171386719 162.2008934021 0 200.874534606934 0 0 0 0 0 212.009389877319 183.732284545898 0 0 0 0 0 0 0 0 163.935881478446 209.440353393555 0 0 0 179.888545445033 230.52409362793 0 224.568547566732 0 216.694961547852 0 0 0 118.812048775809 166.093955993652 222.502365112305 0 0 0
75.914609042081 88.713691329956 66.5523365905128 82.6025586809431 89.1685702675267 82.4235727236821 11.2928062896185 14.8856369432281 6.44018546946808 21.8174583360569 48.4672704387355 74.1465911865234 94.5641407436795 0 160.271743774414 0 0 148.888050079346 119.262252807617 238.19059753418 110.22256058913 117.298493385315 129.00276184082 0 133.813972473145 0 213.775054931641 197.498489379883 71.4382109531136 76.3845791063811 108.547579447428 88.6520206451416 73.487355126275 181.082382202148 0 0 0 145.602573394775 0 126.167942047119 111.253937771446 177.239608764648 130.315063476562 112.318405999078 107.913014310949 117.87330547132 134.76953125 169.894088745117 166.609396362305 117.091934010952 149.894744873047 166.10710698908 70.0690400175346 80.7067828369141 102.641245887393 143.365878295898 123.150131225586 136.874954223633 0 0 166.450566101074 214.270818074544 181.858525594076 127.051284790039 190.617309570312 85.4201805808327 111.519543647766 113.650477091471 130.18717956543 188.869644165039 165.473428726196 58.609974345484 138.85289255778 48.3670904816047 147.984558105469 165.515832901001 45.1185295548932 53.7063368661063 65.9062479866876 152.478775024414 173.176153564453 135.929231446365 122.136274851285 113.921071935583 130.285385825417 114.446203231812 89.5019656094638 159.314654263583 159.816320245916 139.464492242986 149.096891066607 169.325337727865 169.744256155831 166.544937133789 168.768565586635 146.985753377279 15.3934228502934 19.6145303620872 96.7375679016113 0 98.7419509887695 116.262649536133 157.315405193128 161.680693308512 224.545867919922 149.806784196333 86.730827331543 79.3993577957153 144.809992896186 118.693064602939 149.419676208496 130.88310953776 164.628643035889 0 121.627075195312 123.572151184082 109.417419433594 133.035858154297 126.328369140625 139.489664713542 128.253635883331 125.750901285807 124.180969931863 148.33487701416 136.762577056885 0 0 0 0 142.153610229492 0 131.261032104492 149.303401947021 137.571170806885 135.116851806641 126.676238468715 148.309753417969 112.728546142578 116.927470684052 118.807525634766 0 139.087074279785 0 216.744232177734 147.593658447266 0 158.486228942871 97.9507064819336 102.371874010241 177.340957641602 124.29825592041 189.083030700684 199.68448638916 0 0 0 189.5244140625 204.092399597168 194.227886962891 207.771624755859 189.366882324219 199.145111083984 0 0 121.976086934408 0 146.286926269531 156.05269241333 217.762420654297 126.988483428955 165.195533752441 0 0 129.172515869141 178.287147521973 178.224792480469 238.85285949707 201.432716369629 189.305892944336 167.082748413086 135.120814690223 111.962594604492 67.9181953098463 0 199.485595703125 101.196993112564 0 213.691482543945 209.358772277832 0 209.719844273158 189.007807413737 0 134.300432840983 96.3684917796742 80.4885177612305 152.904647827148 147.516754150391 0 165.748046875
50.8117667075775 55.4383139667192 34.2275218859231 55.9235138879695 95.3002484798431 64.1174833540324 27.2583858464371 16.341216456154 21.8174583360569 13.5505958954452 23.1353847638937 28.8118715636781 83.8430137634277 203.129302978516 215.899124145508 175.064392089844 148.414596557617 205.34342956543 198.889343261719 0 123.528998248345 123.541952016402 169.541719436646 167.764780680339 133.038088018244 0 207.937973022461 0 68.592935286427 74.6926424578301 93.8284393310547 70.3685478681929 102.930077689035 144.766115749584 0 0 0 191.67839050293 181.637199401855 184.413146972656 103.757778911192 155.336947631836 175.469426472982 198.762031555176 136.149760999178 169.887419700623 174.676368713379 176.243490045721 129.176235198975 117.357249789768 144.635107421875 165.054238621193 98.0046658735298 91.8954150682985 117.767301665412 118.377829258259 122.743940734863 118.011334101359 0 0 166.667523193359 187.46938917372 194.938672383626 193.250699361165 164.997647603353 94.5070247650146 89.1316582361857 143.087793986003 175.624392422763 165.177559485802 186.066216102013 55.0695884310964 164.448389053345 72.4423186807071 145.462512016296 179.775720214844 43.8961765273478 58.9998822212219 64.1731593644441 164.732783726283 176.950011730194 163.370279312134 126.870259805159 106.957413076847 120.45695585486 116.336897302846 157.958622932434 200.784123738607 189.846152169364 169.464184847745 174.493833654067 153.027477123119 164.394647287768 174.19363621303 184.739550018311 89.747637117826 19.9358465023393 44.1004471735208 128.751294736509 151.425108773368 158.567819540841 174.399426546964 155.252236792692 156.951857471466 163.910196501633 149.70554861609 147.903031320283 114.370083511853 144.708072158744 114.758072855479 137.120774534507 151.236444754552 0 187.628453572591 170.948463439941 0 0 171.926162719727 0 149.543746948242 192.952602386475 152.074005126953 174.356781005859 179.422983169556 183.907022476196 0 122.775100708008 0 0 0 186.354880523682 159.371700286865 146.100518394919 146.157586323131 0 146.508199171586 0 0 177.945894877116 170.510322570801 0 0 0 192.561030512271 169.197456434661 212.511096954346 162.722801208496 158.833206176758 103.280967712402 229.332331339518 180.116493225098 230.690872192383 213.755630493164 208.414847479926 0 167.190059661865 207.290407620944 211.221681382921 0 226.161444091797 199.127649943034 202.989237271822 159.393241564433 193.413438276811 140.975107166865 0 178.046951293945 194.539337158203 0 155.500183105469 185.137436651414 171.049961587657 139.099922657013 222.381947835286 196.577072143555 222.087575276693 224.451902662005 223.962783813477 201.506618499756 0 138.956395168962 141.307234459317 88.8628099881686 151.960777282715 177.563171386719 122.878752749574 0 0 226.036182403564 178.552824837821 202.727553070569 209.369262695312 223.024220784505 154.096963034736 94.1580633683638 133.026591276511 182.407384395599 218.075383504232 137.325103759766 173.280288696289
86.6275264771004 75.5989310473931 74.028542063505 69.2521939411699 78.2610753866342 54.9090615192333 53.8974017722934 71.5093834899193 48.4672704387355 23.1353847638937 9.37041375248931 25.5212696141471 0 0 163.705256144206 124.592632293701 0 137.402109146118 137.187229156494 102.198837280273 106.524249715016 106.557647962249 121.136034647624 193.910827636719 96.8191364833287 133.660339355469 0 192.964347839355 95.9123912652334 83.0261091538417 87.9973464012146 41.7120444774628 86.8428598244985 91.2048756408691 0 0 123.354583740234 105.445952733358 155.996517181396 140.684464454651 94.5025293570026 145.511133829753 162.266906738281 0 0 145.998420715332 121.690140860421 181.694674173991 146.089920043945 172.746887207031 152.580270867599 165.421390109592 117.782037262869 115.758225560188 140.467931245503 110.965319706843 118.46661233902 55.4095838546753 182.945114135742 0 138.462760925293 183.468773735894 179.2138671875 174.767108154297 177.890472412109 0 101.171279848539 140.426572418213 138.795449690385 186.649957275391 178.354412841797 24.3165364452319 75.6661576165093 60.9683789704975 95.8118572235107 166.555110931396 25.7901754909785 81.3781890869141 34.3499846774221 0 180.01227793974 187.495513916016 134.35869474972 109.948397623698 113.902372388279 107.235181827356 145.931072235107 199.400268554688 186.127508544922 196.146759033203 190.726013183594 158.358984140249 177.49576254452 161.978294372559 181.376272583008 67.8303673153832 27.4896047507328 65.764373557588 106.25156181737 140.87525177002 164.136224154768 167.213052368164 156.369449138641 156.498090606689 153.240691920689 148.903792760279 155.874200282953 120.404466402733 146.647126088723 119.453002236106 132.282174886068 143.128002907993 153.521270751953 0 154.547836303711 0 148.491607666016 165.673690795898 166.77815246582 194.678512573242 160.20240020752 0 155.148101806641 180.181079101562 197.554061889648 0 0 0 186.161254882812 229.061462402344 169.426426280629 216.478632609049 143.984428405762 144.683979890784 0 140.327192687988 0 168.006660461426 148.162673950195 149.101154033954 180.947525024414 178.747959136963 192.645935058594 176.374583524816 161.426684717978 196.136444091797 0 148.812072753906 138.863942464193 177.320114135742 164.005722045898 235.008239746094 225.988296508789 0 212.34455871582 0 209.756088256836 208.466313680013 215.741401672363 234.715283203125 200.67777113481 190.759631070224 162.053739547729 182.625262451172 139.589662031694 0 0 233.462356567383 0 0 182.09622048432 176.435897827148 162.253372192383 144.462595621745 0 185.886225382487 223.24131266276 240.218475341797 220.996948242188 0 129.587825525945 138.676565079462 121.788999938965 132.011881510417 0 112.160964909722 197.789184570312 243.773071289062 223.976852416992 166.947074890137 200.186796400282 244.387222290039 246.375259399414 147.137762451172 95.0165560322423 136.539679093794 182.878009796143 0 130.99382019043 164.905682373047
84.9832040665892 78.9549230544584 24.9506840359509 33.3751492253093 69.6771019368232 28.6513977440153 75.8211254142899 67.4786504476313 74.1465911865234 28.8118715636781 25.5212696141471 15.753735059755 115.086469014486 144.576229640416 126.471366882324 102.863283764232 122.267595291138 124.72038192749 96.5948289163997 89.6932597551189 110.65943872777 109.620367599407 105.464377422722 142.639888879025 106.771863333187 113.824978192647 151.183106740316 155.419662475586 102.157318364236 79.291753312352 80.8195643615723 37.8202853211733 22.7060169036411 58.4870159986099 118.873558044434 128.426906585693 133.696041453968 75.7901609069423 125.002933979034 118.693692853374 105.41731707255 151.319244384766 174.233175150553 84.1248596191406 151.900671217177 130.883918630666 100.219859461631 190.089136538298 172.146439688546 181.866561889648 166.061447652181 180.736562691483 142.624579074115 130.512953445625 158.016320122613 128.303561860481 122.014038215249 39.8612379358405 124.260302861532 160.573852539062 126.784105637494 198.101469930013 185.713096923828 153.626356811523 155.574640127329 108.402034759521 112.827464892817 120.757355940969 150.49428956405 198.373778731735 208.292954444885 35.1994684645023 67.8859059507494 74.991580273472 52.8328133044788 184.837642124721 61.2195869426562 74.3671315511068 55.6258880701932 185.943035888672 197.608014370533 170.640754699707 147.584415477879 125.93920627589 123.7060502909 112.873828753829 107.134311646454 200.467341831752 214.33823260139 196.518521048806 165.257219904119 172.069272580354 192.063488854302 196.964414708755 194.123471295392 61.346268588334 60.3085966243833 89.8134578063762 116.134912900114 159.031326729911 184.069303175982 172.859661760001 174.572694426601 173.020729043328 172.615220583402 167.054036988355 173.581835660067 144.351385311205 152.262924146523 143.898800094922 152.649154178945 160.082331928859 156.065698062672 164.452844238281 153.361317952474 149.226261138916 165.01265171596 168.253439331055 168.414166768392 184.096238788806 159.637215750558 172.678447246552 168.40863126867 176.156090045797 175.69912351411 152.894706726074 148.757000605265 167.322235107422 161.2272605896 188.728497823079 182.752708980015 172.441513061523 160.145998471743 150.608605367753 162.175527954102 152.025815327962 157.27550930447 143.956217447917 148.00222148066 156.082786926856 186.18130323622 157.340797742208 169.745722452799 194.68827350323 176.007786470301 192.837608337402 177.412035260882 166.792501831055 137.677821869546 188.215611049107 169.937676565988 220.995056152344 217.664271036784 214.981204986572 232.012908935547 194.715591430664 231.037297566732 222.665045601981 232.82948811849 242.525075276693 215.56243218316 207.034589684528 178.374001820882 198.626025113192 155.300880589436 157.125829060872 183.733621770685 208.933652877808 188.508892059326 115.712326049805 191.788137262518 197.655243723016 151.229689164595 166.951571146647 224.513572692871 181.901629130046 237.562752463601 0 192.825294494629 218.277849833171 144.907788677673 138.814616775513 103.760937372843 147.212498664856 217.313669840495 129.043913670949 230.341323852539 235.625854492188 240.59127468533 191.514966837565 206.909937487151 220.505673217773 230.807562691825 152.714208673548 112.271619428341 162.158457994461 193.603252979035 161.556004842122 167.631967544556 157.429613553561
187.421920776367 0 0 0 115.113952636719 119.044376373291 0 0 94.5641407436795 83.8430137634277 0 115.086469014486 10.034649904924 104.860035366482 107.036989847819 122.208580229017 57.2366131373814 20.6623427415094 25.4598382970054 45.7069450210739 0 154.264911651611 161.999069213867 82.7049664949116 159.577590942383 0 99.0600537618001 90.7534903092818 147.503662109375 247.818435668945 0 155.088338851929 78.6841816372342 164.072883605957 95.1347312927246 0 80.6397155761719 58.3279050824527 69.3856828528714 90.0638427734375 108.029856320085 77.5384232657296 86.9544492085775 26.2584062991035 19.2296323139888 21.3459610474769 126.835300445557 109.871401468913 100.369729359945 65.1827126911708 154.59324836731 127.039932250977 0 0 131.312267303467 108.847194671631 168.172159194946 122.234304428101 149.593334197998 204.602676391602 74.7341953822545 123.291367964311 92.339842376709 66.8060374393641 64.0425157961638 24.7271589772268 167.857494354248 87.7455825805664 72.913505275075 133.338844299316 95.2478542327881 83.4907490412394 68.0586604334644 31.0682865914777 128.550121307373 127.028056526184 68.8324360460848 30.3099946911052 71.1396602975561 102.380973815918 118.361114501953 88.0819661757525 197.047637939453 190.125984191895 0 161.248920440674 0 119.306484222412 106.015684006062 77.3526007584699 84.6799718963433 132.469283209907 127.111778259277 96.5748138427734 108.060896849021 104.378293355306 79.35642143145 121.044038772583 0 110.548084259033 0 150.58617401123 189.932525634766 0 0 143.134918212891 0 172.967575073242 0 0 172.930541992188 151.560852050781 127.893140157064 100.135773773193 74.6365029969463 114.903900146484 115.608335494995 97.6201386310645 109.311328541149 88.0728181063231 119.297828766237 93.5857643272012 105.410388079557 181.286209106445 220.148681640625 0 0 117.825014931815 121.272613525391 107.93244466474 0 160.178970336914 135.839116414388 136.569784164429 0 131.801543712616 135.993846893311 0 124.014220665241 128.390621092261 91.6764704777644 172.80132039388 98.2331443555427 115.462704467773 109.90374806722 114.175253041585 65.003361832672 66.1411772497769 100.501266167381 86.5770564789985 136.40749613444 148.090911865234 131.294091426965 123.580757141113 0 106.511404338636 0 160.098391723633 161.40104675293 146.238032023112 238.84504699707 212.951889038086 0 0 145.878331184387 151.114410400391 85.1911939255735 117.785372262049 127.480047680083 40.6204500811839 194.577545166016 174.095802307129 151.025287334736 142.972915649414 123.839119684129 94.3837305388836 186.97233581543 149.627399020725 94.3165270701176 113.708462851388 0 123.202217102051 57.9173359283029 148.224632263184 110.07853234983 116.290365683066 0 99.0912063598633 146.137041192306 0 0 128.877226257324 140.348821912493 157.129032897949 129.034059252058 196.855377197266 203.306838989258 0 0 0
163.029541015625 154.98258972168 0 153.447845458984 112.502089364188 151.031209309896 0 0 0 203.129302978516 0 144.576229640416 104.860035366482 21.1112677264167 23.5138484276777 56.3625951968517 24.4704006514249 103.917038427817 103.616454247505 85.2210726821632 88.9733839700388 108.913968053357 73.1073067177852 69.7870428114164 139.307985941569 55.3471742149528 44.5087071310116 50.4900840720321 107.724258091139 132.116653442383 88.0263503225226 92.166529083252 120.868396412243 66.7173654262106 29.0818125932236 22.2131970563877 43.3765448865514 77.1102885658091 77.2479749776549 36.3044869426315 80.7664375892052 86.7498165554471 83.4288353143736 112.401869513772 0 148.874493767233 76.0361461174197 133.75043296814 107.456629616874 125.565767923991 155.607053120931 0 156.017868041992 140.767774200439 116.794723510742 105.065795898438 96.9742806476095 66.4536784768802 43.1542405761411 42.1872188561725 117.693727254868 141.177684490497 98.3039250449529 77.8463307594766 79.969989445335 0 114.58725694297 70.2690504709879 97.5849924723307 136.136088053385 184.127731323242 157.587707519531 114.490025260232 81.522061920166 81.3051421070099 110.131324768066 111.516617584229 76.1586479187012 119.358050876194 0 0 0 164.383995056152 136.12442779541 147.396580696106 120.37298449348 115.357229232788 0 154.110534667969 165.003784179688 152.789853777204 123.965456390381 147.909210205078 137.689310709635 109.926433563232 91.8122550455729 151.185256958008 0 111.316992441813 89.4741259429414 0 183.624328613281 0 0 207.287658691406 216.280090332031 0 0 0 0 0 0 136.663433038621 123.157471847534 143.671729161189 125.933493259975 127.805330014696 136.603918585979 130.209079924084 154.83149810791 133.666160118466 134.149225015556 131.554204361215 159.018333435059 168.970687866211 126.329242161342 130.111668904622 157.19706995347 130.509902367225 138.742134376808 165.609095255534 0 179.737281799316 150.907277788435 138.566108703613 141.250729398907 133.279230052027 142.434216308594 129.296365198386 130.873591496394 154.468417080966 139.436457633972 164.32489994594 0 174.046413421631 195.496070861816 136.467586517334 123.203429222107 112.133127954012 159.154662577311 151.894404093424 187.155614217122 161.30598449707 0 0 175.679611206055 0 0 0 0 0 0 0 0 150.317905970982 139.430602129768 161.213788713728 171.972862243652 159.79567972819 0 213.018936157227 204.551432291667 154.170101589627 175.955303192139 181.666038513184 174.083913530622 209.955520629883 179.802375793457 165.799040222168 168.289520263672 165.206629435221 129.167000664605 93.7707214355469 140.977310180664 160.762152099609 106.900550534027 0 140.095502217611 183.481262207031 0 244.860458374023 184.627792358398 202.792381286621 170.528286743164 136.802398681641 0 0 0 0 0
