31687 9387 11868 3967 371 1444 12291 18331 202 4338 116 2672 1 19 16 39 3 37 8 8 92 37 9 22 48 4 35 9 11225 5223 188 35 173 136 1 5 76 76 13 12 604 4 20 2 7 15 8 30 67 12 174 356 2135 2616 1675 359 101 25 6 16 39 23 15 24 41 7 231 24 77 74 44 164 21 121 109 60 72 1 92 26 175 28 4319 405 631 152 36 65 54 10 14 477 167 138 162 75 130 2506 41 6 16 3 77 90 7 181 13 2 69 35 56 158 2 0 3 0 1 1 0 7 2 11 0 10 7 0 0 1 0 2 6 1 23 157 0 36 0 0 10 8 4 0 1 17 14 0 0 0 1 11 1 0 1 8 0 5 2 9 2 6 22 7 2 11 6 0 1 0 0 1 14 11 0 0 3 2 0 5 2 0 212 52 16 0 4 136 1 2 9 5 35 4 0 4 98 7 5 0 0 2
9387 15117 11896 10196 1448 2347 453 827 49 506 84 2690 4 3 6 5 2 6 1 0 82 34 4 7 22 1 6 5 1050 4735 78 21 82 30 0 1 23 26 1 7 469 1 13 1 2 6 2 7 20 3 34 93 315 488 300 216 58 9 3 2 6 6 3 8 10 3 100 9 13 27 9 109 14 72 33 16 36 0 69 5 47 3 1360 187 505 176 15 31 13 3 5 127 43 42 60 33 61 145 29 7 4 4 56 55 2 98 6 5 35 3 35 96 0 1 0 0 0 1 1 4 2 1 0 6 3 0 0 0 0 0 11 0 8 129 0 23 0 0 13 6 0 3 1 9 13 0 0 1 3 2 2 0 0 1 0 0 0 8 1 2 18 6 0 5 5 0 0 0 0 0 18 6 0 0 0 2 0 1 0 0 131 28 11 0 1 92 2 0 2 2 20 1 0 3 63 4 5 2 0 0
11868 11896 14689 12809 139 665 668 14993 366 8461 645 26830 0 7 8 9 1 14 15 3 176 62 9 16 43 3 28 6 918 627 52 77 311 37 1 1 15 19 3 13 966 4 23 3 9 7 2 15 51 14 121 246 707 863 824 535 73 14 3 2 5 27 9 21 21 5 250 12 18 59 34 462 39 276 97 17 167 3 384 14 129 15 3064 358 1128 325 34 65 42 5 17 354 116 114 125 89 166 407 47 19 28 7 273 288 21 484 29 22 170 45 177 367 0 0 1 0 1 2 0 4 3 7 0 31 31 0 2 0 0 0 29 0 65 516 1 74 1 0 42 35 2 4 1 48 63 1 6 0 4 5 9 1 0 17 0 2 2 20 0 3 83 27 6 18 19 0 0 1 0 3 61 22 0 1 1 0 7 1 3 1 646 104 60 1 0 381 2 1 11 17 127 5 2 7 221 29 28 5 1 12
3967 10196 12809 25442 5925 12630 133 162 37 752 157 7509 1 4 2 11 3 19 8 4 197 92 6 14 29 2 19 3 685 5880 806 42 170 37 2 2 15 28 4 7 604 2 12 4 1 3 4 10 12 4 12 57 153 251 202 304 91 12 2 2 10 10 2 9 17 3 84 6 16 18 13 283 34 170 39 14 131 0 189 8 30 4 1218 214 892 384 20 19 15 1 11 72 27 22 50 43 101 75 100 13 19 7 145 162 11 265 13 6 79 12 73 199 1 1 0 3 2 0 1 5 1 5 2 19 16 2 0 0 0 0 18 1 37 324 0 39 0 0 21 13 2 5 2 31 38 0 1 0 2 3 3 3 0 6 0 0 3 17 1 2 41 27 1 9 11 0 0 1 0 0 28 15 0 0 0 4 1 0 1 1 386 72 21 4 0 227 2 0 1 7 70 1 0 9 112 7 11 3 0 2
371 1448 139 5925 9265 8344 71 32 10 70 123 2699 8 13 35 173 29 384 183 36 337 273 35 45 105 4 32 10 1664 13027 6601 980 2931 1376 6 6 418 777 36 24 515 12 62 5 10 38 27 40 19 6 12 52 181 461 129 168 1192 240 15 59 213 21 18 35 38 4 229 29 123 16 10 306 282 94 1585 174 57 4 97 4 21 5 1228 316 1098 627 42 7 38 7 38 61 12 28 79 4407 100 50 253 35 7 1 76 72 1 150 3 5 40 10 51 112 3 2 15 2 2 1 5 27 9 27 4 15 14 3 1 1 0 6 6 0 27 166 0 31 0 0 21 31 9 4 5 15 21 3 2 2 9 51 7 2 0 2 0 0 1 8 1 0 24 4 1 5 4 0 10 3 0 1 17 6 1 1 3 12 3 0 10 1 216 51 20 2 5 103 0 1 2 8 34 3 4 1 69 8 4 3 0 4
1444 2347 665 12630 8344 8959 112 73 31 316 410 15494 5 6 8 53 7 176 133 10 290 187 17 27 62 7 18 0 502 4686 453 3979 2414 207 4 1 88 242 16 13 487 6 52 12 6 26 14 14 10 6 5 27 133 260 107 182 38 115 2 5 100 13 10 13 24 12 75 4 47 10 4 605 173 142 162 90 137 5 245 2 18 2 862 163 794 337 20 11 37 10 39 47 17 15 59 3251 270 90 111 7 13 7 151 152 19 317 13 7 91 24 108 263 1 5 11 2 0 6 2 33 16 18 4 7 21 1 1 0 0 0 18 1 48 337 1 45 0 0 40 35 8 5 3 23 30 0 10 2 6 47 2 0 0 9 0 3 5 19 2 1 35 15 3 9 8 0 15 2 0 3 33 16 0 0 0 17 0 1 20 5 453 91 35 1 5 288 2 0 6 4 55 5 0 4 156 12 10 5 0 6
12291 453 668 133 71 112 11899 9538 1041 2423 173 369 3 9 7 8 7 3 2 0 8 4 2 4 5 0 5 4 3504 869 38 10 43 29 0 0 13 17 2 2 93 1 8 4 6 3 0 10 21 23 65 209 1560 1874 1097 56 20 7 0 2 10 8 5 4 14 6 41 12 32 15 14 96 6 61 31 14 135 10 46 11 66 12 1673 93 64 23 12 9 15 11 9 131 72 31 36 11 420 6316 10 1 10 0 23 27 0 42 5 1 21 6 19 35 0 0 2 0 0 0 1 1 2 0 0 0 3 0 0 0 0 0 5 0 5 45 0 9 0 0 4 2 0 0 0 9 11 0 0 0 0 2 1 0 0 1 0 3 1 4 6 1 8 2 0 3 1 0 0 0 0 3 5 6 0 0 1 0 1 1 0 0 46 6 7 0 0 34 1 1 5 1 11 3 0 2 28 3 1 1 0 0
18331 827 14993 162 32 73 9538 27195 4903 26759 662 1991 1 3 4 4 0 2 0 1 16 10 1 5 16 0 14 3 574 502 25 7 44 22 1 0 8 7 2 4 205 3 6 0 9 5 1 7 35 6 96 260 1099 1152 1025 141 24 6 5 0 2 9 7 5 11 1 104 3 7 28 16 70 15 63 27 13 76 2 80 22 115 9 2020 130 181 65 10 20 16 9 14 223 100 72 61 16 179 3428 15 2 18 2 86 61 2 128 26 12 91 48 67 141 0 0 2 0 0 0 0 1 1 3 0 1 1 0 0 0 0 0 11 0 23 116 0 9 0 0 7 5 0 0 0 11 9 0 0 0 0 0 1 0 1 3 0 0 2 2 1 4 15 7 3 3 3 0 0 1 0 0 13 3 0 0 1 0 1 2 0 0 164 20 15 1 1 64 2 0 4 0 19 4 0 0 104 3 4 1 0 2
202 49 366 37 10 31 1041 4903 3505 6379 601 512 50 0 0 2 1 2 5 0 17 22 2 5 7 1 1 1 62 59 2 6 26 1 0 0 4 2 0 0 35 0 3 9 198 67 1 8 1 160 6 52 224 189 187 18 4 0 0 0 2 3 1 0 2 83 26 0 1 6 3 359 17 162 3 2 932 70 150 23 27 100 190 23 27 10 2 90 57 107 65 26 7 3 11 8 3310 1963 6 0 2 0 18 21 1 54 7 0 25 12 14 38 0 0 0 0 0 0 0 1 1 1 1 0 1 0 0 0 0 0 3 0 10 35 0 4 0 0 1 3 0 0 1 2 0 0 2 0 1 3 0 0 2 0 0 1 1 1 7 1 10 0 1 1 0 0 0 1 0 0 5 3 0 0 1 4 1 1 3 1 50 12 3 0 2 30 1 0 2 1 7 2 0 0 31 4 1 0 0 0
4338 506 8461 752 70 316 2423 26759 6379 59286 15366 29374 4 2 4 5 5 11 8 2 43 16 2 6 10 0 8 2 316 389 17 55 240 15 0 0 5 19 2 5 147 0 4 4 23 15 2 9 14 23 41 133 786 661 643 97 17 5 0 0 4 6 3 4 5 17 86 2 14 23 11 959 32 304 44 6 710 4 1800 9 56 13 1098 85 162 34 6 21 31 21 23 125 59 37 54 46 3746 3296 11 8 83 24 348 390 30 812 108 29 393 188 359 770 0 0 4 3 3 2 2 4 2 10 4 32 38 2 2 0 0 0 48 2 132 649 1 118 0 0 41 29 1 10 0 72 68 0 9 1 1 9 8 0 3 24 0 3 15 62 9 9 129 46 15 45 25 0 1 4 0 0 90 45 2 0 0 2 7 3 3 0 1014 126 60 2 0 546 5 2 7 22 197 3 0 16 596 61 31 3 0 11
116 84 645 157 123 410 173 662 601 15366 5355 8364 4 0 2 5 0 14 16 0 86 46 4 5 11 0 3 2 62 187 18 80 119 15 2 0 4 22 2 1 108 0 4 7 18 12 0 4 0 15 5 22 134 141 108 40 5 1 0 0 6 2 0 2 1 6 41 1 4 2 2 1393 8 97 12 9 488 3 661 2 7 9 207 46 124 49 5 9 15 12 19 16 7 10 13 34 2371 595 18 1 32 7 216 205 12 472 50 18 233 94 241 531 0 1 0 0 1 5 1 2 5 3 1 11 10 0 0 0 0 0 12 1 79 339 0 20 0 0 18 13 1 3 1 12 22 0 6 2 2 11 0 0 0 2 0 2 1 7 1 1 25 11 7 19 10 0 0 0 0 3 32 8 0 0 0 3 4 0 3 0 580 37 23 1 0 325 2 1 0 7 46 2 0 10 472 29 10 0 0 3
2672 2690 26830 7509 2699 15494 369 1991 512 29374 8364 42911 20 9 16 33 8 85 79 9 653 350 14 26 108 7 27 5 915 3921 203 1928 1249 116 3 1 63 125 12 20 1206 11 31 16 50 41 10 13 24 21 52 94 457 716 484 433 89 20 9 8 41 13 8 15 30 23 231 16 40 23 18 1670 156 562 91 72 654 11 1547 8 59 22 2144 419 1567 692 34 47 52 28 51 133 59 41 80 671 2628 811 216 15 150 45 1142 976 55 2026 174 72 782 268 862 1926 2 3 7 2 2 6 9 36 15 36 3 59 75 3 1 0 0 1 99 0 284 1736 0 175 2 1 84 59 7 16 3 122 155 1 20 1 14 49 9 0 0 36 0 13 11 54 3 2 184 64 25 60 51 2 4 3 1 2 153 54 4 1 1 5 10 5 14 2 2707 268 127 7 3 1573 3 4 11 31 275 10 3 26 1468 109 59 14 2 20
1 4 0 1 8 5 3 1 50 4 4 20 4979 0 5 32 6 1975 7325 18 2 0 0 5 1 3 7 10 3 5 0 4 20 7 0 0 25 546 17 10 25 7 26 6494 4712 3199 3 20 2 804 2 48 7 5 6 0 0 1 0 0 12 16 6 15 7 3217 0 0 13 8 11 175 594 2989 2 21 614 291 1080 65 38 250 5 0 2 5 2 144 240 483 382 6 2 8 43 6 254 38 0 0 0 0 2 1 1 2 0 0 0 1 0 4 31 84 421 26 2 206 23 779 123 1449 41 5 6 2 0 9 0 50 11 2 5 16 0 13 3 0 59 38 121 11 99 3 4 20 35 12 112 1089 13 5 10 1 0 19 1 0 5 10 0 3 1 5 7 1 138 44 9 218 6 4 9 2 16 160 0 9 154 29 7 36 224 4 59 10 5 8 28 2 4 37 8 2 3 0 1 1 1 2
19 3 7 4 13 6 9 3 0 2 0 9 0 10739 9045 3300 166 444 75 91 198 125 521 240 26 37 1402 1179 416 30 74 4 22 122 3879 6409 570 58 363 916 569 22 65 0 1 8 393 29 44 3 9 6 71 209 32 6 571 354 952 68 76 19 8 53 256 1 456 540 867 5 6 3 15 8 276 124 2 0 3 1 3 2 99 53 40 79 83 5 17 2 19 23 3 16 82 15 0 6 32 18 0 0 1 0 0 2 0 0 2 0 0 7 40 8 3 50 8 44 58 12 164 122 86 17 15 5 1 0 1 3 2 2 1 32 0 19 6 0 99 87 4 44 2 3 24 3 2 0 36 20 38 1 1 1 1 2 0 0 0 0 1 3 0 1 3 19 1 2 0 1 8 5 3 1 3 11 0 1 3 1 6 78 11 1 2 14 1 0 6 6 6 5 2 1 1 0 12 3 0 3
16 6 8 2 35 8 7 4 0 4 2 16 5 9045 19005 17002 567 2195 343 1056 232 141 502 452 39 126 2193 3123 366 29 96 8 24 98 1722 1502 1121 150 767 774 1089 61 176 8 3 32 93 61 185 9 12 8 88 203 24 10 575 322 309 40 225 86 55 89 458 7 494 340 1877 43 16 2 20 33 241 327 3 0 4 0 20 3 72 68 64 58 51 29 64 6 46 116 16 80 450 17 1 6 32 29 1 0 1 1 0 6 0 0 0 1 0 5 135 42 14 149 16 106 159 63 387 305 228 33 34 9 5 6 2 22 3 0 5 47 4 23 14 1 173 205 10 102 11 5 49 1 4 0 102 52 107 6 2 2 0 3 0 1 0 3 7 4 0 1 5 43 9 21 3 4 14 13 7 9 7 34 2 1 22 4 11 117 24 6 9 45 1 0 9 13 10 11 17 6 1 0 18 3 1 14
39 5 9 11 173 53 8 4 2 5 5 33 32 3300 17002 14843 410 4880 2016 1728 85 95 242 709 49 55 2503 6902 969 144 169 13 74 116 368 216 399 324 2045 253 1714 227 319 18 4 78 72 57 129 6 16 12 135 393 59 24 1012 287 32 27 806 88 83 492 823 21 879 143 951 38 13 9 56 90 207 393 1 0 4 1 15 1 177 104 96 95 38 30 62 18 84 120 27 70 451 93 0 11 39 11 1 1 0 1 3 6 0 1 2 0 2 11 271 188 103 226 12 352 74 604 404 1462 148 32 24 5 4 23 4 86 10 4 3 49 3 39 16 10 134 150 109 77 40 6 29 11 7 8 258 153 78 2 5 2 1 11 1 6 0 3 4 3 1 4 13 46 13 37 7 9 12 9 7 9 4 41 1 3 24 4 20 120 101 7 8 72 1 4 11 13 6 21 12 7 1 1 7 3 1 12
3 2 1 3 29 7 7 0 1 5 0 8 6 166 567 410 1552 206 1151 1642 70 87 171 240 37 119 183 30 61 26 20 4 50 51 117 35 3164 1153 21 619 288 15 80 32 2 12 105 8 38 3 2 3 7 21 7 2 35 35 17 1 18 14 16 29 29 3 21 20 33 11 5 7 39 92 29 34 3 2 6 0 4 0 20 9 28 17 14 7 17 3 12 18 8 16 169 23 2 2 9 2 2 1 0 4 0 8 0 1 1 0 3 7 79 25 7 106 13 17 114 7 293 79 109 53 55 12 6 4 0 10 6 4 5 75 2 42 5 5 249 277 6 95 11 5 51 6 5 3 121 19 114 2 1 2 1 0 1 1 0 1 5 5 0 0 3 24 3 8 2 1 20 17 4 8 1 22 1 1 3 1 29 204 36 9 3 51 0 1 1 20 14 3 6 5 4 1 22 5 3 22
37 6 14 19 384 176 3 2 2 11 14 85 1975 444 2195 4880 206 16419 12024 887 101 178 213 2253 133 56 4365 2234 378 230 165 50 212 210 273 24 376 1652 6690 278 1908 376 3724 387 62 1153 167 110 150 13 11 9 50 116 27 21 194 142 27 10 5390 158 230 3990 2026 478 195 44 1662 79 33 38 454 938 141 1412 8 3 48 0 28 9 119 78 78 145 56 39 138 35 291 115 34 78 828 239 10 8 73 6 9 16 8 10 11 14 0 6 3 2 3 19 587 994 2065 507 31 1106 172 2868 1090 6920 353 41 44 18 11 169 10 634 69 25 25 122 8 99 58 29 360 386 1012 173 801 16 62 79 103 106 950 1988 149 16 18 6 3 28 1 9 6 6 14 29 1 30 62 84 176 366 26 212 26 41 66 25 33 364 6 12 121 27 38 267 599 38 50 206 6 4 49 22 30 56 51 29 7 3 25 12 5 23
8 1 15 8 183 133 2 0 5 8 16 79 7325 75 343 2016 1151 12024 37192 5685 74 105 122 502 54 151 1194 724 65 74 58 47 303 201 173 2 839 7634 544 538 329 45 487 7496 480 1544 114 45 54 163 3 18 16 48 14 6 37 24 21 7 108 78 81 612 450 1292 30 11 103 45 13 168 1587 6718 30 85 45 380 368 12 26 86 36 35 55 50 25 80 172 135 283 44 14 36 360 147 20 7 27 5 6 9 3 9 9 30 0 7 10 3 11 50 1599 967 1254 1570 77 1698 734 2670 3614 8740 1237 168 183 54 44 147 32 496 41 18 40 255 11 147 114 52 1119 1284 519 529 354 32 227 78 107 91 2206 1725 610 29 20 10 10 37 1 9 5 7 22 26 3 25 52 279 127 184 28 220 91 72 49 56 45 313 13 11 132 36 136 912 1147 46 53 582 8 17 41 71 42 46 90 39 8 0 77 23 19 90
8 0 3 4 36 10 0 1 0 2 0 9 18 91 1056 1728 1642 887 5685 5084 62 88 149 560 39 175 665 62 25 18 18 6 77 101 226 8 931 894 10 775 318 29 161 100 11 17 117 22 113 7 9 3 5 18 2 4 23 24 13 2 44 64 51 68 64 16 12 17 40 42 9 3 80 156 18 55 2 9 7 0 18 2 20 7 18 24 16 15 37 11 50 60 16 52 388 26 2 0 18 6 3 5 4 6 5 3 2 2 1 0 2 17 334 111 12 413 28 57 259 41 841 285 276 64 81 16 20 28 9 54 7 6 17 104 0 54 27 5 364 418 19 274 15 8 98 19 10 1 280 34 290 4 2 3 3 4 0 4 2 0 7 14 0 2 10 86 11 21 9 4 53 43 12 23 8 56 1 5 9 7 29 281 72 19 9 134 1 6 10 30 24 13 30 12 0 0 36 15 8 26
92 82 176 197 337 290 8 16 17 43 86 653 2 198 232 85 70 101 74 62 7419 8537 1525 322 779 240 76 3 121 253 189 159 888 909 5 18 221 403 4 212 1185 47 181 11 4 18 35 14 141 5 5 4 18 27 25 1072 47 394 34 52 36 69 55 23 18 7 31 44 34 43 5 195 249 295 1103 32 57 2 71 0 7 5 772 28 2046 217 52 20 27 13 46 58 13 38 422 424 86 24 721 26 0 3 5 17 2 17 2 2 5 0 4 7 1 0 0 1 4 1 3 6 17 5 2 16 14 2 1 0 0 1 1 0 6 111 0 61 0 0 90 66 0 8 3 7 23 0 1 4 18 10 9 0 2 1 0 4 2 2 0 0 15 5 1 0 1 0 1 0 0 2 10 4 0 0 1 2 0 1 8 0 64 153 27 1 3 61 0 2 3 7 23 2 1 3 6 2 9 0 1 5
37 34 62 92 273 187 4 10 22 16 46 350 0 125 141 95 87 178 105 88 8537 17363 3898 1170 4008 1792 435 24 115 142 198 141 961 1131 29 16 276 796 12 1676 1285 151 1106 38 11 97 59 45 425 15 13 6 22 91 30 269 78 404 35 59 128 368 355 180 154 31 75 60 98 173 31 142 474 469 1142 102 82 1 64 1 24 4 624 122 2973 896 195 38 101 37 183 132 46 191 2020 310 45 14 3164 98 3 0 4 12 1 11 0 0 4 3 3 6 1 1 5 1 4 1 7 5 22 8 2 15 17 3 3 1 0 0 1 0 4 126 0 82 0 0 136 121 4 11 8 10 22 3 4 0 15 50 7 0 5 2 0 3 1 4 1 3 6 2 0 1 2 0 7 8 0 4 17 5 1 0 2 16 0 3 24 3 40 173 44 1 8 57 2 4 6 5 22 8 2 2 3 0 11 0 1 2
9 4 9 6 35 17 2 1 2 2 4 14 0 521 502 242 171 213 122 149 1525 3898 8774 9046 426 5712 460 16 38 17 24 35 172 1014 22 39 516 619 17 2506 6963 983 574 8 1 20 63 16 336 4 9 3 10 33 16 17 27 120 59 65 69 40 31 24 18 9 20 85 25 29 3 14 114 49 171 40 10 0 12 0 5 0 127 38 167 134 38 15 32 15 52 75 10 37 570 34 6 1 167 9 0 0 3 3 1 1 0 1 0 0 0 2 3 0 0 1 3 5 2 1 8 5 1 2 1 0 0 0 0 0 1 1 1 12 0 9 0 0 33 29 2 0 0 3 5 0 2 0 1 12 3 1 2 0 0 2 0 0 1 2 5 2 0 0 0 1 3 3 1 1 4 3 0 0 0 7 0 0 5 0 7 34 8 0 4 12 0 0 1 0 6 2 0 0 0 0 6 1 0 2
22 7 16 14 45 27 4 5 5 6 5 26 5 240 452 709 240 2253 502 560 322 1170 9046 13503 600 3722 4416 406 147 24 38 4 39 79 183 23 254 237 139 4310 4644 3078 1702 18 4 199 570 15 544 5 7 5 94 389 37 33 198 81 125 21 587 77 108 105 88 20 452 243 47 45 11 5 43 26 105 73 1 2 4 0 7 0 320 303 274 648 265 12 59 7 100 129 25 46 934 15 3 2 357 59 0 0 0 0 0 0 0 0 0 0 0 1 4 5 20 0 1 20 4 42 9 69 9 3 0 0 0 1 0 2 2 0 0 2 0 4 0 0 7 12 15 1 10 0 1 3 1 1 6 69 0 0 0 0 0 0 0 0 0 0 0 0 0 1 0 1 12 4 1 7 0 1 2 0 2 12 0 1 10 5 1 6 2 0 7 1 1 1 6 0 3 4 1 0 0 1 0 0 1 0
48 22 43 29 105 62 5 16 7 10 11 108 1 26 39 49 37 133 54 39 779 4008 426 600 3495 616 478 23 67 56 98 53 532 513 44 5 153 431 15 4056 353 36 590 12 2 58 2773 17 98 2 5 12 78 290 29 80 318 130 15 19 92 185 216 217 161 17 555 81 82 67 7 59 344 266 444 34 48 1 28 2 10 1 681 378 1281 3088 2028 3 30 10 55 46 16 54 678 80 25 6 6486 1465 1 0 1 4 0 4 0 0 0 0 0 1 0 1 6 0 0 0 2 5 9 4 1 6 5 2 2 1 0 0 1 0 2 56 0 30 0 0 44 42 3 1 5 1 8 0 0 0 7 30 2 0 1 2 0 2 0 3 0 1 7 2 0 0 0 0 9 0 0 4 7 1 0 0 0 11 0 0 6 1 10 73 19 0 4 25 1 1 1 2 12 2 1 2 0 1 3 0 0 2
4 1 3 2 4 7 0 0 1 0 0 7 3 37 126 55 119 56 151 175 240 1792 5712 3722 616 5029 496 1 10 3 2 1 20 40 8 6 174 251 6 6895 764 63 124 6 2 4 72 4 66 1 1 2 10 30 7 5 5 3 12 2 13 11 13 9 6 3 30 15 1 3 2 2 41 15 7 13 0 0 3 0 2 0 70 41 104 128 43 0 7 1 13 13 2 8 128 5 0 0 147 3 0 0 1 1 0 0 0 0 0 0 0 0 1 0 0 0 0 1 3 0 7 2 2 0 1 0 0 0 0 0 0 0 1 1 0 6 0 0 10 14 1 1 0 1 0 0 0 0 3 4 1 0 0 0 0 1 0 0 0 0 0 0 0 0 0 0 0 0 0 0 2 0 0 0 0 3 1 0 2 0 4 11 1 0 1 2 0 0 1 1 0 0 0 0 0 0 2 0 0 0
35 6 28 19 32 18 5 14 1 8 3 27 7 1402 2193 2503 183 4365 1194 665 76 435 460 4416 478 496 14206 5698 481 30 96 3 46 147 1414 165 182 111 438 2623 485 66 611 7 0 70 553 9 56 1 6 12 258 1047 57 17 815 311 348 38 299 48 44 319 438 5 1744 709 135 9 4 8 23 31 345 37 3 0 4 1 9 0 414 632 231 1071 419 4 8 3 17 30 8 13 152 27 2 2 385 137 0 0 0 1 0 0 0 0 0 0 0 1 36 14 18 25 3 84 29 107 87 252 60 2 4 2 1 2 0 9 2 0 0 8 0 2 5 0 27 27 16 16 10 2 7 0 2 1 17 44 15 1 2 0 0 0 1 0 1 0 0 2 0 0 0 10 5 5 1 4 1 0 1 2 0 26 2 1 1 0 2 11 9 0 2 1 0 1 3 0 2 3 0 0 0 0 0 0 0 0
9 5 6 3 10 0 4 3 1 2 2 5 10 1179 3123 6902 30 2234 724 62 3 24 16 406 23 1 5698 6668 474 14 108 2 17 62 116 118 31 22 2103 15 63 4 188 1 0 56 35 10 4 1 2 6 156 421 41 8 945 235 59 14 142 17 11 750 1794 6 1114 251 298 1 4 4 2 10 224 20 1 0 1 0 3 1 147 188 35 229 63 2 1 0 6 15 2 5 22 7 2 3 55 44 1 0 1 0 0 2 0 0 0 0 0 1 18 38 36 19 0 151 11 328 47 600 49 0 2 3 0 3 0 17 2 1 0 2 0 3 5 1 10 23 43 5 8 1 2 2 1 1 28 76 7 0 1 0 0 1 0 0 0 0 0 0 0 3 2 3 2 4 1 5 0 2 3 1 0 10 0 1 10 1 3 7 24 0 2 2 1 0 0 0 1 3 4 1 0 0 1 1 0 1
11225 1050 918 685 1664 502 3504 574 62 316 62 915 3 416 366 969 61 378 65 25 121 115 38 147 67 10 481 474 37227 9453 4879 151 832 2280 83 62 1066 736 408 83 187 16 152 5 5 61 195 346 34 8 41 112 3678 9372 1011 47 3630 362 258 252 397 346 226 162 808 13 6130 897 1885 91 50 460 99 271 2440 628 121 1 300 7 48 4 1474 485 208 134 311 27 70 12 60 96 36 40 200 550 136 1792 65 197 5 10 80 111 15 157 5 6 39 7 39 81 6 6 17 7 0 7 5 32 16 46 4 22 20 0 1 0 0 5 20 0 17 314 0 83 2 0 34 39 12 7 13 42 34 8 10 0 11 85 7 0 3 9 0 15 4 28 2 3 54 24 1 12 16 1 10 8 3 5 43 20 0 0 10 47 3 3 41 9 328 123 44 1 27 217 3 1 6 8 93 16 1 4 49 6 12 4 0 11
5223 4735 627 5880 13027 4686 869 502 59 389 187 3921 5 30 29 144 26 230 74 18 253 142 17 24 56 3 30 14 9453 13458 5579 159 589 749 2 4 382 436 49 16 544 9 57 4 11 30 16 46 34 5 42 104 582 948 429 225 7708 71 13 28 132 33 13 33 48 5 225 48 166 20 31 165 89 86 402 169 84 1 90 10 48 3 1633 318 702 333 19 20 30 12 28 117 45 34 55 235 131 401 120 18 11 3 82 109 5 159 10 5 47 8 61 143 0 4 9 1 0 2 5 31 6 29 0 9 6 0 1 0 0 1 6 0 27 190 0 27 0 0 17 16 10 1 4 15 23 0 6 0 6 49 0 2 0 3 0 2 1 10 4 2 19 8 2 12 6 0 3 3 0 2 21 5 1 1 1 5 2 2 11 3 229 47 13 2 2 133 2 0 5 1 34 5 1 1 89 8 10 2 0 5
188 78 52 806 6601 453 38 25 2 17 18 203 0 74 96 169 20 165 58 18 189 198 24 38 98 2 96 108 4879 5579 20494 154 832 1268 22 15 372 422 66 37 318 6 30 0 1 9 106 29 14 2 18 33 265 647 146 151 18869 479 100 122 82 40 24 48 105 3 1935 378 196 13 10 66 106 28 8175 97 8 1 11 2 19 4 1242 390 1029 1309 197 8 12 1 16 61 21 21 45 4517 6 26 663 7264 0 1 2 5 0 7 1 0 3 0 5 6 0 2 2 0 1 2 2 15 2 17 0 3 1 1 0 1 1 4 1 0 3 17 0 6 0 0 11 6 7 3 1 3 6 1 1 0 3 27 1 0 0 1 0 0 1 1 0 1 0 0 0 0 0 1 3 1 1 1 1 0 0 2 0 10 0 0 11 1 14 11 2 1 2 6 0 1 3 0 2 3 0 0 4 0 4 0 0 1
35 21 77 42 980 3979 10 7 6 55 80 1928 4 4 8 13 4 50 47 6 159 141 35 4 53 1 3 2 151 159 154 3509 6888 2191 4 1 35 107 7 11 113 2 14 3 2 11 21 3 5 3 3 11 45 89 26 39 64 451 5 26 22 6 1 1 5 6 56 10 24 8 0 306 227 70 475 27 38 3 80 1 4 1 150 44 144 76 32 5 10 1 15 9 4 3 17 3301 84 24 43 3 4 3 22 32 1 73 6 3 14 4 20 48 1 0 2 0 1 2 2 5 1 6 2 4 6 0 0 1 0 0 3 0 13 86 0 20 0 0 25 24 1 2 1 12 3 0 0 0 5 22 1 2 0 0 0 0 0 7 1 0 9 7 1 3 1 0 2 1 0 1 12 2 1 0 0 4 2 1 4 0 91 37 10 0 3 80 0 0 0 2 21 0 0 0 34 4 1 1 0 3
173 82 311 170 2931 2414 43 44 26 240 119 1249 20 22 24 74 50 212 303 77 888 961 172 39 532 20 46 17 832 589 832 6888 8635 3419 16 2 170 1617 9 150 541 4 40 24 14 37 391 18 15 6 31 58 279 534 190 172 308 1432 25 68 68 18 19 24 23 8 304 69 67 12 11 3100 2708 436 1272 53 130 24 1066 2 22 7 878 272 851 456 257 15 26 15 16 54 25 20 71 7541 135 78 329 25 9 7 70 117 7 150 3 14 41 3 38 89 5 0 7 5 7 4 6 15 29 13 7 43 36 3 3 1 0 2 18 0 26 380 1 169 1 0 131 112 2 12 4 42 60 3 8 10 41 28 13 1 2 11 0 8 13 36 2 3 60 16 4 7 11 1 6 2 1 3 66 17 3 4 1 11 6 6 10 3 285 384 84 4 4 298 0 2 3 10 119 5 1 10 61 6 37 2 0 18
136 30 37 37 1376 207 29 22 1 15 15 116 7 122 98 116 51 210 201 101 909 1131 1014 79 513 40 147 62 2280 749 1268 2191 3419 13795 266 51 1928 3300 26 375 680 7 49 4 6 15 2244 41 8 5 10 19 152 433 107 71 1575 6867 1359 3812 79 21 22 35 71 5 588 2126 218 7 7 21 106 134 2837 112 17 1 12 1 13 5 627 232 694 480 453 12 11 3 12 27 6 11 44 889 5 24 301 36 1 2 18 29 3 31 3 8 4 0 4 22 2 4 1 1 4 5 10 19 18 19 8 30 32 1 1 1 0 1 6 0 14 235 1 111 0 0 132 106 9 21 7 19 30 1 6 4 22 16 15 1 1 5 0 5 4 14 0 2 45 11 0 9 7 0 2 1 0 2 45 12 1 2 1 10 5 1 8 1 127 277 71 3 4 114 1 0 3 5 60 4 2 4 15 2 20 6 0 17
1 0 1 2 6 4 0 1 0 0 2 3 0 3879 1722 368 117 273 173 226 5 29 22 183 44 8 1414 116 83 2 22 4 16 266 3961 1771 319 125 12 2676 25 1 36 3 0 4 508 1 2 0 0 2 35 118 7 3 213 173 1798 103 21 1 1 28 11 0 335 1037 14 0 0 0 14 6 135 4 2 0 2 0 0 1 44 64 20 100 128 0 0 0 0 2 0 1 17 4 0 1 42 23 0 0 0 1 0 0 0 0 0 0 0 1 4 2 0 10 0 5 8 3 34 27 16 5 1 0 0 2 0 0 0 0 0 4 0 4 0 0 10 18 1 4 0 0 4 0 1 0 6 3 4 0 1 0 0 0 0 0 0 0 0 0 0 0 0 1 0 0 0 0 0 0 0 0 0 1 0 0 0 0 1 3 1 0 0 4 0 0 0 0 0 0 0 0 0 0 1 0 0 0
5 1 1 2 6 1 0 0 0 0 0 1 0 6409 1502 216 35 24 2 8 18 16 39 23 5 6 165 118 62 4 15 1 2 51 1771 1606 90 18 27 268 45 3 5 1 0 0 144 1 2 0 0 1 11 23 1 2 60 85 1516 38 6 2 4 8 27 0 43 266 65 0 1 0 2 2 41 10 0 0 1 0 1 0 12 5 3 5 6 0 0 0 0 2 2 2 3 2 0 3 3 2 0 0 0 0 0 0 0 0 0 0 1 1 2 1 0 4 0 4 3 3 10 2 1 5 5 1 0 0 0 0 0 0 0 5 0 7 0 0 19 14 1 1 0 1 5 0 0 0 9 1 2 0 0 0 0 0 0 0 0 0 0 1 0 0 0 1 1 0 0 0 2 0 0 0 0 1 0 0 1 0 3 13 3 1 0 2 0 0 1 2 1 1 0 1 0 1 0 0 0 1
76 23 15 15 418 88 13 8 4 5 4 63 25 570 1121 399 3164 376 839 931 221 276 516 254 153 174 182 31 1066 382 372 35 170 1928 319 90 5008 3168 7 922 471 12 75 26 5 12 1173 4 27 1 6 11 63 137 23 20 663 1447 676 433 45 13 9 30 20 5 238 452 33 11 7 10 53 46 643 12 2 2 13 0 5 2 178 46 140 120 137 8 6 2 11 11 3 7 87 228 1 18 76 12 2 2 5 7 2 13 1 10 1 1 2 17 17 1 3 25 11 12 61 4 122 29 24 65 79 8 6 4 1 4 8 4 16 186 1 113 4 1 313 249 4 53 7 13 68 5 4 2 94 10 70 3 1 0 2 3 3 3 0 1 16 3 1 0 8 13 5 4 1 1 26 15 5 6 1 14 1 4 5 1 61 367 41 13 2 114 2 0 8 13 34 4 8 9 3 2 32 10 9 29
76 26 19 28 777 242 17 7 2 19 22 125 546 58 150 324 1153 1652 7634 894 403 796 619 237 431 251 111 22 736 436 422 107 1617 3300 125 18 3168 8951 3 1349 506 23 123 1617 98 272 1081 21 31 39 2 18 49 128 25 29 405 806 120 311 203 29 21 38 26 127 155 189 38 13 10 30 1522 1271 455 65 22 77 35 8 10 16 225 89 276 183 198 25 73 43 104 12 7 15 131 452 10 12 161 19 10 7 19 36 11 40 3 10 8 3 13 47 119 35 34 150 50 82 277 76 758 294 238 195 169 30 14 6 3 28 21 7 57 586 4 342 15 2 1114 1070 17 201 25 32 189 15 27 10 419 156 196 2 7 10 1 15 4 18 1 4 46 19 2 11 19 48 22 23 5 22 89 34 12 21 6 66 7 9 24 8 176 1335 210 24 13 345 2 1 15 51 99 11 15 18 11 4 118 16 6 63
13 1 3 4 36 16 2 2 0 2 2 12 17 363 767 2045 21 6690 544 10 4 12 17 139 15 6 438 2103 408 49 66 7 9 26 12 27 7 3 17422 5 199 32 213 2 4 722 15 56 11 1 1 3 78 194 19 4 361 101 5 9 12092 19 19 2392 9487 124 458 65 5801 12 10 1 10 17 96 1836 1 0 3 0 8 1 76 60 27 65 14 12 23 6 122 13 3 7 53 20 1 2 16 6 0 3 0 0 3 2 0 1 0 0 0 5 6 134 315 10 3 99 2 756 24 681 11 1 0 0 1 27 0 60 13 9 4 7 1 15 0 0 15 14 247 5 295 1 4 6 16 4 31 1075 6 4 4 0 0 9 0 0 2 0 2 3 1 8 6 1 124 84 7 69 4 9 7 3 5 181 3 4 22 5 2 9 30 10 16 4 0 2 15 1 5 12 12 5 4 0 0 0 3 4
12 7 13 7 24 13 2 4 0 5 1 20 10 916 774 253 619 278 538 775 212 1676 2506 4310 4056 6895 2623 15 83 16 37 11 150 375 2676 268 922 1349 5 5091 558 58 250 42 2 13 2483 2 58 2 3 3 46 191 16 9 236 186 893 54 45 17 32 34 25 1 432 733 20 5 2 12 194 58 182 11 3 0 11 0 6 0 168 167 154 518 492 6 11 5 15 19 3 12 187 14 1 0 281 83 0 0 0 2 1 2 0 0 1 1 0 1 0 0 0 4 3 3 11 2 15 3 5 10 2 0 1 0 0 1 0 0 0 17 0 14 0 0 37 47 1 7 2 1 5 0 1 0 10 11 4 0 1 1 0 1 0 0 0 0 1 1 0 0 0 1 1 2 0 0 2 1 0 0 0 1 0 0 3 0 5 33 8 0 1 5 0 0 1 0 1 2 3 0 0 0 4 0 0 0
604 469 966 604 515 487 93 205 35 147 108 1206 25 569 1089 1714 288 1908 329 318 1185 1285 6963 4644 353 764 485 63 187 544 318 113 541 680 25 45 471 506 199 558 7871 4229 2889 39 56 626 84 401 2358 66 151 79 40 86 621 842 105 200 60 42 911 201 72 74 105 193 66 78 199 191 181 164 226 197 642 599 56 4 73 5 213 44 759 61 579 157 41 339 799 159 962 1598 237 484 2521 362 98 33 165 12 4 1 15 28 3 22 2 4 8 2 4 16 6 11 49 9 3 14 5 72 19 75 7 10 11 1 2 6 0 3 5 1 8 86 1 43 2 0 72 52 14 2 40 11 16 7 36 2 27 287 11 10 22 2 0 33 4 8 13 28 9 3 0 1 2 3 52 33 4 43 7 12 6 0 20 134 3 24 132 29 77 114 29 5 52 85 17 15 100 5 19 95 9 2 17 3 6 2 0 4
4 1 4 2 12 6 1 3 0 0 0 11 7 22 61 227 15 376 45 29 47 151 983 3078 36 63 66 4 16 9 6 2 4 7 1 3 12 23 32 58 4229 4265 4000 16 6 377 12 24 1063 4 9 0 4 11 17 3 11 4 1 1 468 19 25 32 45 59 11 2 30 7 8 4 13 6 2 84 4 1 11 1 9 2 22 15 20 23 4 7 48 14 344 89 9 39 631 8 4 1 24 2 0 1 0 0 0 1 1 0 0 0 0 0 0 4 26 0 0 7 2 27 3 28 1 0 0 0 0 0 0 2 0 2 0 5 0 1 0 0 4 1 8 0 14 0 1 2 10 0 6 157 0 0 0 0 0 4 0 0 0 1 1 0 0 1 0 0 23 11 1 15 0 2 1 0 1 45 0 4 29 7 0 11 2 2 10 3 0 0 1 2 0 5 2 0 0 1 0 0 0 0
20 13 23 12 62 52 8 6 3 4 4 31 26 65 176 319 80 3724 487 161 181 1106 574 1702 590 124 611 188 152 57 30 14 40 49 36 5 75 123 213 250 2889 4000 2852 32 36 2216 241 77 581 5 10 11 87 360 44 22 125 46 35 4 3067 509 1241 2954 1006 260 357 122 553 158 38 9 58 38 68 318 9 1 13 3 22 1 310 296 326 645 188 24 113 46 1195 135 32 104 1803 38 17 6 348 44 0 0 0 0 0 3 0 2 0 0 0 1 11 19 103 4 0 18 0 211 18 157 7 1 0 0 1 6 0 8 6 2 2 6 0 6 1 0 15 11 39 1 81 0 3 8 29 0 34 615 6 8 1 0 0 12 0 1 0 1 0 1 0 4 1 0 106 36 5 64 1 3 4 0 9 192 0 1 81 14 4 10 11 3 35 8 0 2 7 0 0 15 5 1 4 0 0 0 2 2
2 1 3 4 5 12 4 0 9 4 7 16 6494 0 8 18 32 387 7496 100 11 38 8 18 12 6 7 1 5 4 0 3 24 4 3 1 26 1617 2 42 39 16 32 11875 1926 735 17 31 8 752 3 72 1 5 2 1 3 0 6 0 30 17 12 11 8 1474 4 1 9 11 20 265 1797 3517 4 75 684 3369 3088 101 71 348 7 0 11 9 3 198 303 381 353 11 8 4 90 7 65 6 7 1 0 4 1 3 1 9 1 5 2 0 1 12 59 46 92 77 16 115 107 176 388 491 154 51 60 6 8 6 1 11 5 0 14 154 2 71 8 2 409 313 26 72 29 15 52 14 25 6 239 448 63 5 3 1 4 15 9 4 4 7 13 4 0 4 11 25 49 12 4 78 32 15 6 7 12 100 2 8 82 18 46 400 165 13 23 157 5 7 28 10 14 29 8 7 9 0 30 6 3 20
7 2 9 1 10 6 6 9 198 23 18 50 4712 1 3 4 2 62 480 11 4 11 1 4 2 2 0 0 5 11 1 2 14 6 0 0 5 98 4 2 56 6 36 1926 8432 3365 1 125 22 3988 4 23 34 14 28 1 3 1 0 0 15 67 32 8 7 1785 1 0 40 20 53 320 423 361 1 81 1624 304 1272 53 85 167 11 2 5 3 1 355 1186 4091 1800 18 4 25 131 1 923 193 1 0 2 1 1 1 2 3 0 4 1 0 2 0 1 3 61 3 2 14 7 64 43 63 4 2 3 1 3 4 0 4 18 10 3 7 1 3 0 1 38 23 6 9 42 5 1 62 197 5 68 889 11 39 33 2 2 188 11 5 9 27 5 8 0 4 0 1 162 68 21 126 5 20 10 3 86 505 8 46 942 209 8 28 14 11 323 11 15 59 107 11 3 365 60 4 2 3 0 6 6 4
15 6 7 3 38 26 3 5 67 15 12 41 3199 8 32 78 12 1153 1544 17 18 97 20 199 58 4 70 56 61 30 9 11 37 15 4 0 12 272 722 13 626 377 2216 735 3365 4967 14 134 146 349 3 13 37 56 37 10 37 11 2 0 1015 152 189 1111 667 3056 88 10 571 68 37 91 315 245 18 714 318 39 310 5 35 25 60 50 55 97 12 127 765 1141 2608 91 22 63 1181 34 219 46 49 5 4 5 0 2 2 5 1 16 3 1 0 11 39 180 1523 48 10 68 21 964 217 874 42 9 7 7 4 79 0 119 40 44 12 28 4 32 4 2 105 80 369 28 1042 7 16 90 448 54 311 5554 55 29 23 3 2 141 4 3 11 14 4 22 2 12 18 5 751 493 59 702 14 53 68 18 71 1476 7 34 836 154 14 102 83 62 264 98 14 36 79 26 7 189 77 26 27 5 6 11 15 9
8 2 2 4 27 14 0 1 1 2 0 10 3 393 93 72 105 167 114 117 35 59 63 570 2773 72 553 35 195 16 106 21 391 2244 508 144 1173 1081 15 2483 84 12 241 17 1 14 1852 2 22 2 1 1 58 215 15 5 468 1034 2132 569 40 18 42 124 57 2 546 3567 60 4 4 12 363 75 455 18 16 0 21 0 1 0 71 105 37 198 1201 4 5 3 9 10 3 5 115 25 2 3 99 95 0 0 0 1 0 0 0 0 0 0 1 0 0 0 0 1 0 1 4 3 2 5 1 6 0 0 0 0 0 0 0 0 1 19 0 11 0 0 24 21 0 1 0 1 3 1 0 0 4 5 2 0 0 0 0 0 0 0 0 0 3 0 1 0 0 0 0 1 0 1 1 1 0 1 0 3 0 0 2 0 5 21 9 1 0 5 0 1 0 0 5 1 1 0 0 0 2 0 0 1
30 7 15 10 40 14 10 7 8 9 4 13 20 29 61 57 8 110 45 22 14 45 16 15 17 4 9 10 346 46 29 3 18 41 1 1 4 21 56 2 401 24 77 31 125 134 2 28736 295 408 17 46 55 105 54 12 197 47 1 5 275 8731 724 117 706 43 206 8 10421 978 2032 8 29 32 85 9046 24 5 19 14 371 74 67 50 29 55 4 2814 6824 359 569 186 38 200 421 18 31 12 16 0 0 0 0 0 0 1 0 5 0 0 0 1 2 4 21 8 1 9 3 23 11 16 7 8 12 1 4 5 2 3 11 4 2 7 2 3 0 0 9 6 5 23 28 4 2 66 111 4 26 266 20 175 320 6 9 482 11 4 40 125 0 2 0 3 2 0 59 29 51 16 6 10 6 3 379 231 29 195 669 89 4 10 6 10 491 15 92 209 842 8 4 1433 147 1 2 1 2 2 0 10
67 20 51 12 19 10 21 35 1 14 0 24 2 44 185 129 38 150 54 113 141 425 336 544 98 66 56 4 34 34 14 5 15 8 2 2 27 31 11 58 2358 1063 581 8 22 146 22 295 9772 27 121 42 13 25 144 61 19 8 2 0 128 129 113 12 45 41 30 3 93 110 76 6 13 21 12 440 7 2 6 3 74 16 145 40 83 85 19 132 561 103 490 5119 314 1748 9081 4 3 2 62 4 0 0 3 2 0 2 0 0 0 0 0 0 1 0 4 1 1 3 3 8 5 3 0 2 0 0 0 0 0 0 0 0 0 3 0 0 0 0 8 2 3 1 8 0 2 3 14 0 9 74 0 6 6 0 0 15 5 0 6 8 0 0 0 0 1 0 15 9 1 13 0 1 0 0 9 47 3 10 58 7 2 2 3 1 13 5 7 7 42 0 0 44 8 1 2 0 1 0 0 1
12 3 14 4 6 6 23 6 160 23 15 21 804 3 9 6 3 13 163 7 5 15 4 5 2 1 1 1 8 5 2 3 6 5 0 0 1 39 1 2 66 4 5 752 3988 349 2 408 27 13238 47 1275 32 18 33 6 6 0 0 0 11 372 57 5 8 1011 7 0 53 130 239 181 238 886 4 131 1694 317 755 1412 745 4697 13 3 6 2 1 3291 2157 7291 507 86 64 82 141 0 1021 158 7 0 0 0 0 1 0 1 1 1 1 0 0 3 2 0 23 2 1 10 6 17 23 12 5 5 14 2 5 5 1 0 6 3 2 4 0 1 2 0 16 7 4 18 8 4 1 75 165 4 22 213 13 94 137 6 4 352 71 9 148 181 3 1 0 2 1 1 33 31 28 78 8 8 6 1 190 149 28 149 922 143 5 10 7 8 286 17 97 546 664 3 3 989 106 4 4 0 4 1 4 9
174 34 121 12 12 5 65 96 6 41 5 52 2 9 12 16 2 11 3 9 5 13 9 7 5 1 6 2 41 42 18 3 31 10 0 0 6 2 1 3 151 9 10 3 4 3 1 17 121 47 10522 16355 27 9 1109 55 10 5 3 0 9 11 5 3 8 22 8 4 11 185 11 9 1 26 26 30 13 2 9 581 1131 160 416 13 8 7 6 57 94 18 19 4570 6568 311 139 13 10 26 5 0 0 0 0 2 0 5 0 0 3 0 2 2 0 0 0 0 0 0 0 0 1 1 0 0 0 0 0 0 0 0 0 0 0 8 0 3 0 0 0 2 0 0 1 2 2 1 2 0 1 6 0 1 3 1 0 7 143 5 258 136 2 0 0 0 0 0 0 0 1 0 1 0 0 0 5 8 16 22 10 0 9 8 3 0 3 4 30 8 71 0 1 13 3 0 4 0 0 0 0 1
356 93 246 57 52 27 209 260 52 133 22 94 48 6 8 12 3 9 18 3 4 6 3 5 12 2 12 6 112 104 33 11 58 19 2 1 11 18 3 3 79 0 11 72 23 13 1 46 42 1275 16355 22538 69 33 2315 59 15 13 1 1 5 53 23 8 30 318 15 5 48 338 236 41 27 318 56 19 230 79 80 10447 9129 3045 780 22 15 12 12 603 137 46 30 2608 9071 486 77 23 165 55 8 1 1 3 0 3 0 3 0 5 0 0 0 1 0 1 1 0 0 1 0 0 2 3 0 3 2 0 0 0 0 0 0 0 1 13 0 11 0 0 5 6 0 1 0 2 0 6 15 2 3 11 0 17 27 4 0 61 1324 58 3147 1216 17 1 0 0 1 1 2 3 0 27 1 1 0 0 13 8 184 168 101 5 18 11 12 0 16 34 263 61 795 0 7 140 17 0 9 0 0 1 0 1
2135 315 707 153 181 133 1560 1099 224 786 134 457 7 71 88 135 7 50 16 5 18 22 10 94 78 10 258 156 3678 582 265 45 279 152 35 11 63 49 78 46 40 4 87 1 34 37 58 55 13 32 27 69 6249 7501 2427 13 381 74 41 12 43 133 125 121 389 15 250 148 356 62 23 238 36 144 555 64 170 7 121 9 18 17 828 401 40 38 215 17 19 20 33 23 15 17 117 171 376 4257 67 93 4 3 32 28 4 57 3 6 18 6 14 27 0 1 1 1 0 2 1 3 4 2 0 6 6 1 1 1 0 0 2 0 7 108 0 24 0 0 20 17 0 2 5 16 13 0 2 1 2 14 1 1 1 1 0 3 2 0 0 0 6 4 1 1 5 0 5 2 0 5 12 5 0 0 0 7 0 0 3 0 110 51 21 0 2 82 0 0 0 1 10 3 0 1 25 5 6 3 0 4
2616 488 863 251 461 260 1874 1152 189 661 141 716 5 209 203 393 21 116 48 18 27 91 33 389 290 30 1047 421 9372 948 647 89 534 433 118 23 137 128 194 191 86 11 360 5 14 56 215 105 25 18 9 33 7501 7888 718 18 1054 202 74 39 110 472 538 478 1090 21 2733 559 835 195 39 301 71 248 1721 122 152 3 176 8 26 6 2120 4427 112 218 974 20 28 16 67 34 13 48 486 452 241 3652 340 400 7 3 45 57 8 72 2 9 14 6 23 39 1 2 7 3 2 1 0 14 6 14 1 16 14 0 1 0 0 1 3 0 11 191 0 62 0 0 30 19 2 2 12 21 27 1 2 3 4 70 5 0 4 6 0 7 0 5 0 0 20 8 1 4 7 0 12 8 1 2 23 5 0 0 9 37 0 1 17 4 170 100 31 0 8 144 0 0 1 2 40 2 1 5 29 5 7 1 0 6
1675 300 824 202 129 107 1097 1025 187 643 108 484 6 32 24 59 7 27 14 2 25 30 16 37 29 7 57 41 1011 429 146 26 190 107 7 1 23 25 19 16 621 17 44 2 28 37 15 54 144 33 1109 2315 2427 718 20972 342 86 30 10 8 34 66 33 35 80 23 94 48 112 112 50 151 33 123 199 60 109 9 90 146 490 55 2409 149 62 39 40 88 73 26 40 2114 474 208 261 98 196 1705 51 21 3 0 29 23 6 41 3 3 15 2 10 18 0 0 0 0 0 1 0 3 3 3 0 11 4 0 0 0 0 0 3 0 5 98 0 27 0 0 25 19 1 1 2 5 11 1 3 0 4 15 1 2 4 1 0 6 19 0 40 26 6 4 1 4 4 0 0 2 1 0 9 2 0 0 2 5 4 5 6 2 68 57 11 0 3 79 9 4 30 1 7 11 1 1 21 1 3 1 0 0
359 216 535 304 168 182 56 141 18 97 40 433 0 6 10 24 2 21 6 4 1072 269 17 33 80 5 17 8 47 225 151 39 172 71 3 2 20 29 4 9 842 3 22 1 1 10 5 12 61 6 55 59 13 18 342 2014 50 44 6 1 10 19 17 13 22 6 10 16 28 24 17 47 35 79 202 17 13 0 25 3 35 7 2664 15 1579 61 8 34 25 4 14 286 50 56 87 116 21 23 125 8 2 0 8 4 0 10 0 0 8 0 3 7 0 0 0 0 1 1 0 1 0 2 0 7 3 1 0 0 0 0 3 1 2 40 0 12 0 0 14 10 1 1 0 7 6 0 3 0 2 5 0 0 3 2 0 0 2 3 3 3 6 4 0 0 0 0 0 3 1 0 6 1 1 0 0 2 0 4 2 1 28 32 10 0 5 19 0 2 8 3 4 5 0 0 4 0 3 1 0 0
101 58 73 91 1192 38 20 24 4 17 5 89 0 571 575 1012 35 194 37 23 47 78 27 198 318 5 815 945 3630 7708 18869 64 308 1575 213 60 663 405 361 236 105 11 125 3 3 37 468 197 19 6 10 15 381 1054 86 50 11611 893 334 226 154 205 152 293 1138 12 6927 1825 1478 50 36 53 45 28 8339 297 7 0 25 0 23 4 431 458 209 1440 2114 11 21 5 22 49 11 27 124 813 16 19 1533 3448 0 0 7 12 0 10 1 0 1 1 2 5 1 2 8 2 1 2 0 23 8 10 2 2 2 0 0 0 0 1 0 0 0 24 0 7 0 0 7 16 4 1 12 3 8 2 12 0 4 59 1 0 2 1 1 9 1 0 0 1 6 1 0 2 1 1 8 3 2 3 0 1 1 0 3 36 0 3 23 9 26 16 7 0 17 22 1 0 6 1 5 11 4 0 2 0 3 0 0 0
25 9 14 12 240 115 7 6 0 5 1 20 1 354 322 287 35 142 24 24 394 404 120 81 130 3 311 235 362 71 479 451 1432 6867 173 85 1447 806 101 186 200 4 46 0 1 11 1034 47 8 0 5 13 74 202 30 44 893 3734 925 2805 81 30 15 53 180 0 492 3243 442 7 15 10 19 19 4113 184 3 0 5 0 5 1 308 137 312 376 477 2 5 0 13 18 2 4 32 576 2 10 208 189 0 0 4 6 0 3 0 0 2 0 1 3 2 3 2 1 0 3 0 14 3 11 4 1 0 0 0 0 0 1 0 0 0 8 0 6 0 0 8 6 1 3 4 2 1 2 4 1 3 17 0 0 0 0 0 0 0 1 0 1 3 1 0 0 0 0 3 2 0 1 2 0 0 0 3 8 0 0 7 3 5 10 2 0 3 3 0 3 0 1 4 2 0 0 1 0 0 0 0 1
6 3 3 2 15 2 0 5 0 0 0 9 0 952 309 32 17 27 21 13 34 35 59 125 15 12 348 59 258 13 100 5 25 1359 1798 1516 676 120 5 893 60 1 35 6 0 2 2132 1 2 0 3 1 41 74 10 6 334 925 4369 1657 4 2 3 32 31 0 172 4947 10 1 1 0 12 14 187 0 1 1 1 0 1 0 53 23 24 34 93 3 0 1 2 2 0 1 17 5 1 6 13 11 0 0 0 0 0 0 1 0 0 0 0 1 1 1 0 1 1 0 3 0 6 3 2 3 3 0 0 0 0 0 0 0 2 7 0 6 0 0 32 28 2 3 0 0 2 0 0 0 9 1 1 0 0 0 0 0 0 0 0 0 1 1 0 0 0 1 0 0 0 0 0 1 1 0 0 2 1 0 0 0 2 20 1 1 0 1 0 0 0 0 0 0 0 0 0 0 1 0 0 1
16 2 2 2 59 5 2 0 0 0 0 8 0 68 40 27 1 10 7 2 52 59 65 21 19 2 38 14 252 28 122 26 68 3812 103 38 433 311 9 54 42 1 4 0 0 0 569 5 0 0 0 1 12 39 8 1 226 2805 1657 2089 6 1 3 10 23 0 99 2911 46 0 0 0 5 2 330 8 0 0 0 0 1 0 53 17 48 36 60 0 1 0 1 1 1 4 8 22 0 2 13 6 0 0 0 0 0 0 0 1 0 0 0 0 0 0 0 0 0 0 0 0 1 0 0 0 1 0 0 0 0 0 0 0 1 4 0 6 0 0 5 2 0 0 0 0 3 0 1 0 2 0 0 0 0 0 0 0 0 0 0 0 0 0 0 0 0 0 0 0 0 0 0 1 0 0 0 0 0 0 1 0 3 2 1 0 0 0 0 0 0 1 1 1 0 0 0 0 1 0 0 0
39 6 5 10 213 100 10 2 2 4 6 41 12 76 225 806 18 5390 108 44 36 128 69 587 92 13 299 142 397 132 82 22 68 79 21 6 45 203 12092 45 911 468 3067 30 15 1015 40 275 128 11 9 5 43 110 34 10 154 81 4 6 15848 233 277 1614 649 91 149 18 4038 75 40 10 81 41 110 10825 5 0 21 1 28 2 111 63 65 123 19 41 451 34 1641 72 21 61 1060 90 5 6 48 6 4 1 1 2 1 3 0 16 4 0 2 8 71 131 500 59 9 73 29 383 132 496 30 18 18 1 4 45 2 71 21 10 5 28 4 26 5 3 81 64 163 32 508 4 9 40 108 24 166 1691 39 19 8 1 5 53 1 3 5 4 5 7 0 8 13 13 292 268 24 109 8 31 28 9 22 686 3 14 218 57 13 69 42 20 95 52 6 12 30 13 9 83 38 15 10 4 8 1 5 9
23 6 27 10 21 13 8 9 3 6 2 13 16 19 86 88 14 158 78 64 69 368 40 77 185 11 48 17 346 33 40 6 18 21 1 2 13 29 19 17 201 19 509 17 67 152 18 8731 129 372 11 53 133 472 66 19 205 30 2 1 233 16128 5950 936 2280 61 555 12 6941 6298 749 3 21 29 70 1976 26 3 17 17 274 235 254 243 181 289 27 719 2046 329 695 134 81 1144 4198 14 22 5 150 14 1 0 2 2 0 1 0 7 0 0 0 4 2 5 19 9 1 8 6 21 9 22 4 8 12 0 5 5 1 4 8 9 0 8 0 3 0 0 6 4 5 18 15 8 8 61 88 1 16 186 20 202 413 8 7 472 17 4 45 171 1 3 0 2 3 1 33 24 70 22 4 9 2 4 399 172 49 238 615 83 3 7 10 13 426 25 131 248 1124 7 0 1450 156 3 8 2 3 3 4 8
15 3 9 2 18 10 5 7 1 3 0 8 6 8 55 83 16 230 81 51 55 355 31 108 216 13 44 11 226 13 24 1 19 22 1 4 9 21 19 32 72 25 1241 12 32 189 42 724 113 57 5 23 125 538 33 17 152 15 3 3 277 5950 11805 4176 7588 57 524 33 6104 1168 156 6 25 14 37 472 8 1 11 1 71 3 272 307 174 419 33 56 460 158 711 60 39 377 3120 9 2 7 192 17 0 2 0 0 1 1 0 0 0 0 0 0 2 0 8 1 0 4 1 10 7 11 0 0 2 1 0 2 0 1 7 2 0 0 0 1 0 0 2 5 4 3 15 2 0 23 37 0 12 139 5 22 24 1 1 74 1 0 3 10 0 0 0 1 1 1 15 19 11 15 3 3 0 1 74 113 4 24 230 50 0 5 2 3 146 0 7 21 45 3 1 189 33 1 0 1 0 1 1 1
24 8 21 9 35 13 4 5 0 4 2 15 15 53 89 492 29 3990 612 68 23 180 24 105 217 9 319 750 162 33 48 1 24 35 28 8 30 38 2392 34 74 32 2954 11 8 1111 124 117 12 5 3 8 121 478 35 13 293 53 32 10 1614 936 4176 4803 3045 164 684 166 1109 235 51 4 23 19 79 104 4 0 3 0 20 1 214 298 127 522 129 5 33 10 297 25 23 86 1428 18 2 3 195 68 1 1 0 0 0 1 0 0 0 0 0 1 7 49 169 6 1 26 2 407 17 272 6 1 4 0 0 5 0 15 7 4 1 4 0 4 0 0 11 13 106 4 150 2 1 9 17 4 12 818 7 2 3 0 0 8 0 0 0 2 1 3 0 3 5 2 127 35 11 65 1 6 7 3 6 154 0 5 41 9 1 6 13 5 25 6 2 2 4 2 0 12 4 4 2 0 0 0 2 1
41 10 21 17 38 24 14 11 2 5 1 30 7 256 458 823 29 2026 450 64 18 154 18 88 161 6 438 1794 808 48 105 5 23 71 11 27 20 26 9487 25 105 45 1006 8 7 667 57 706 45 8 8 30 389 1090 80 22 1138 180 31 23 649 2280 7588 3045 4914 247 2139 221 3783 497 162 8 11 15 222 487 6 0 10 1 55 2 442 585 153 756 99 23 63 19 226 40 27 118 1739 26 4 11 221 64 4 2 0 1 3 0 0 1 0 0 1 1 4 35 157 8 3 42 7 352 34 212 7 3 3 0 1 9 0 13 10 8 5 5 2 3 1 1 21 10 81 4 228 2 1 25 61 6 48 1296 14 2 12 0 1 29 0 0 5 2 3 3 0 5 3 3 270 128 13 110 4 18 14 5 26 534 4 6 243 65 0 28 14 17 101 5 4 7 19 14 4 64 14 4 2 0 3 2 6 5
7 3 5 3 4 12 6 1 83 17 6 23 3217 1 7 21 3 478 1292 16 7 31 9 20 17 3 5 6 13 5 3 6 8 5 0 0 5 127 124 1 193 59 260 1474 1785 3056 2 43 41 1011 22 318 15 21 23 6 12 0 0 0 91 61 57 164 247 2177 19 2 184 26 48 96 258 1350 6 87 1036 969 484 401 209 965 13 8 15 18 5 578 326 601 695 57 4 21 334 7 491 64 4 3 0 0 0 0 1 1 0 10 0 0 0 1 10 21 793 5 3 45 3 221 65 570 15 3 2 1 1 9 0 21 4 2 2 5 0 4 0 1 33 22 30 4 54 3 2 12 116 60 77 881 3 11 11 0 0 34 17 1 36 34 0 2 2 1 5 4 48 53 5 1831 0 2 4 0 22 114 10 16 157 38 5 35 75 0 42 20 12 14 52 2 1 66 12 2 7 1 1 0 0 2
231 100 250 84 229 75 41 104 26 86 41 231 0 456 494 879 21 195 30 12 31 75 20 452 555 30 1744 1114 6130 225 1935 56 304 588 335 43 238 155 458 432 66 11 357 4 1 88 546 206 30 7 8 15 250 2733 94 10 6927 492 172 99 149 555 524 684 2139 19 12082 1628 1637 161 58 154 58 170 4165 183 32 0 77 2 30 1 432 2427 140 2405 2987 18 21 6 56 24 16 40 412 294 52 28 949 1901 2 2 27 36 1 46 2 3 8 0 9 17 1 3 16 3 0 2 2 11 4 11 1 9 10 0 1 0 0 1 6 1 3 125 3 21 0 0 16 17 6 6 15 15 18 2 10 0 4 108 4 2 2 2 0 3 3 12 0 0 30 12 2 5 2 0 22 7 2 7 16 8 1 0 6 45 2 3 34 7 82 55 22 1 15 90 0 3 2 5 48 8 1 3 9 1 10 0 0 3
24 9 12 6 29 4 12 3 0 2 1 16 0 540 340 143 20 44 11 17 44 60 85 243 81 15 709 251 897 48 378 10 69 2126 1037 266 452 189 65 733 78 2 122 1 0 10 3567 8 3 0 4 5 148 559 48 16 1825 3243 4947 2911 18 12 33 166 221 2 1628 4333 204 5 1 5 34 8 1123 24 3 0 2 0 5 0 245 311 110 758 1175 2 1 0 6 9 3 5 53 23 0 12 375 1025 0 0 0 2 1 0 0 0 0 0 1 0 1 0 0 0 0 0 0 2 3 2 1 1 0 0 0 0 0 0 0 0 0 4 0 2 0 0 7 8 0 2 0 0 1 1 0 0 2 5 1 1 0 0 0 0 0 1 0 0 0 2 0 0 0 0 0 0 0 2 1 0 1 0 0 2 0 0 1 1 5 6 0 0 1 3 0 0 2 1 1 1 0 0 0 0 1 0 0 0
77 13 18 16 123 47 32 7 1 14 4 40 13 867 1877 951 33 1662 103 40 34 98 25 47 82 1 135 298 1885 166 196 24 67 218 14 65 33 38 5801 20 199 30 553 9 40 571 60 10421 93 53 11 48 356 835 112 28 1478 442 10 46 4038 6941 6104 1109 3783 184 1637 204 11281 1132 861 11 25 12 550 4362 9 0 13 2 217 4 442 364 158 362 77 134 308 85 550 84 39 199 1210 74 12 38 115 31 2 2 1 0 5 5 0 8 0 0 2 6 6 35 225 7 5 21 4 184 60 112 4 6 8 2 3 20 2 20 34 32 5 18 2 12 0 3 58 29 56 17 402 3 4 87 213 12 134 2179 32 45 39 3 8 245 0 8 18 14 7 19 0 12 13 7 473 300 56 122 16 62 40 17 152 1412 6 48 984 271 7 43 14 53 519 40 14 55 100 24 5 409 82 16 8 1 5 5 14 20
74 27 59 18 16 10 15 28 6 23 2 23 8 5 43 38 11 79 45 42 43 173 29 45 67 3 9 1 91 20 13 8 12 7 0 0 11 13 12 5 191 7 158 11 20 68 4 978 110 130 185 338 62 195 112 24 50 7 1 0 75 6298 1168 235 497 26 161 5 1132 2664 1286 11 13 23 16 247 15 5 5 34 920 440 162 91 79 117 5 572 476 121 207 389 1157 1868 1211 12 11 6 78 3 0 0 0 1 0 0 0 0 0 1 0 1 3 3 3 1 0 5 1 9 5 5 1 4 2 2 2 0 2 0 3 2 0 3 0 1 0 0 1 0 1 8 4 3 0 20 28 1 0 38 7 86 132 0 0 120 57 2 119 334 0 1 0 1 0 1 6 7 12 11 2 2 0 0 115 49 45 223 165 20 5 3 6 0 115 13 151 78 750 3 1 412 54 0 4 0 0 0 0 3
44 9 34 13 10 4 14 16 3 11 2 18 11 6 16 13 5 33 13 9 5 31 3 11 7 2 4 4 50 31 10 0 11 7 0 1 7 10 10 2 181 8 38 20 53 37 4 2032 76 239 11 236 23 39 50 17 36 15 1 0 40 749 156 51 162 48 58 1 861 1286 6882 8 11 44 26 576 35 5 17 53 9727 643 55 29 23 24 3 2000 1143 165 164 203 258 592 289 4 24 8 13 0 1 0 1 0 0 0 0 3 0 0 0 1 1 1 3 1 1 3 1 8 4 6 1 3 4 1 3 2 3 0 0 2 1 2 1 1 0 0 1 3 0 8 2 4 3 17 46 1 8 60 2 135 260 2 2 184 56 5 166 559 3 2 0 0 0 0 13 8 16 11 2 2 1 0 89 39 54 442 232 21 4 6 5 2 134 12 294 126 1525 0 2 574 63 1 2 0 0 0 0 3
