29448 9681 12915 3595 716 2260 9977 12901 33 659 150 3122 0 0 3 3 1 1 2 0 246 24 9 14 23 1 6 4 4691 6823 147 24 59 11 1 0 5 6 5 4 796 16 21 0 1 3 0 24 42 5 132 234 1014 858 354 236 51 13 0 1 7 14 6 21 20 2 322 14 46 54 43 110 32 6 51 12 32 1 36 9 221 9 1398 775 896 86 35 52 61 16 34 420 183 48 27 142 75 1150 22 33 9 0 45 8 1 78 8 11 8 18 29 110 0 0 0 0 0 0 0 0 2 0 0 4 1 0 0 0 0 0 0 0 7 78 0 24 0 0 6 7 0 0 0 4 10 0 1 0 0 4 1 1 2 0 1 1 1 1 0 2 1 4 1 4 17 0 0 0 0 0 5 2 4 0 0 0 3 3 3 0 57 14 1 0 1 40 5 3 9 1 4 8 0 7 43 5 4 1 0 1
9681 10239 1884 9512 1109 2919 795 350 16 98 61 3265 0 0 1 0 1 1 1 0 226 17 5 7 15 2 6 5 392 3553 66 25 57 3 0 1 2 7 1 3 423 9 7 0 0 3 0 7 19 1 43 87 244 254 84 142 50 1 0 0 4 3 4 9 9 1 169 1 15 15 17 109 17 6 21 3 19 0 29 2 66 6 503 382 611 71 7 28 29 5 11 140 64 14 26 88 63 139 16 8 21 0 63 14 2 119 7 15 31 25 60 186 0 0 1 0 0 0 0 1 1 0 0 3 3 0 0 0 0 0 1 0 18 115 0 29 0 0 3 10 0 1 0 4 11 1 0 0 1 0 0 0 1 8 0 0 0 2 0 1 2 6 3 6 16 0 2 0 0 0 20 3 2 0 0 0 0 0 1 0 75 8 2 0 1 52 3 0 8 0 3 4 0 8 66 3 7 2 1 1
12915 1884 9963 6684 94 1369 610 4117 68 4139 146 17469 1 0 1 7 0 2 1 2 264 35 0 10 12 1 0 2 329 163 51 26 70 13 1 0 2 7 1 7 729 17 10 0 3 1 0 10 25 4 92 155 522 438 175 197 35 5 0 1 5 7 8 12 6 1 249 4 7 37 35 119 46 9 30 3 48 1 58 6 173 7 966 587 832 92 32 44 45 12 26 341 121 48 33 40 283 302 15 24 46 2 193 50 6 430 37 52 92 102 163 563 0 0 0 0 1 1 0 1 0 1 0 10 7 0 1 0 0 0 4 0 42 301 0 90 0 0 9 14 0 0 1 21 20 1 0 0 1 1 0 1 1 15 0 1 0 8 3 0 11 19 4 24 48 0 2 0 0 0 22 3 7 0 0 5 2 1 3 0 161 25 7 1 0 100 1 1 6 1 22 0 0 18 181 16 17 2 0 4
3595 9512 6684 14289 5237 9810 320 115 24 81 95 5668 1 1 1 0 0 2 5 0 244 43 2 9 6 5 2 0 271 1529 119 22 41 1 0 0 1 7 2 6 292 6 7 0 2 1 0 5 7 3 20 39 171 151 39 97 47 7 0 0 2 2 3 5 5 0 122 1 8 12 9 124 17 2 15 5 34 0 35 1 35 4 288 236 498 60 13 15 12 1 8 82 19 11 11 116 140 89 35 11 38 1 149 48 7 325 34 31 56 86 143 449 0 0 0 0 0 0 0 0 1 0 0 8 1 1 1 0 0 0 1 0 38 266 1 70 0 0 4 16 0 2 0 16 11 0 0 0 0 0 2 0 0 7 1 3 0 9 0 0 8 7 3 15 36 0 1 0 0 1 21 7 8 0 0 1 0 0 1 0 152 8 2 1 0 92 1 2 3 0 15 0 0 22 139 14 20 0 1 1
716 1109 94 5237 10940 9853 1039 179 20 75 186 5821 5 8 10 13 7 16 6 0 448 266 44 37 43 30 14 48 3321 5767 8273 505 497 62 0 0 6 54 31 42 455 17 101 6 11 18 6 118 30 10 64 128 624 705 171 124 1020 32 0 0 46 28 38 81 140 6 534 13 818 36 74 247 125 35 126 164 36 7 143 3 106 8 740 507 781 164 40 56 70 12 93 191 68 26 41 2823 61 541 95 84 12 1 33 6 0 66 3 7 6 13 21 104 2 3 7 2 0 4 24 4 36 11 8 5 3 3 5 3 0 4 2 0 9 92 0 37 2 0 35 67 7 13 12 7 10 1 4 3 24 24 9 2 0 3 0 4 1 0 3 1 3 5 0 9 12 0 4 3 2 1 10 3 5 1 9 19 1 0 42 4 55 79 15 4 3 81 0 5 4 2 5 10 1 6 38 2 9 4 0 14
2260 2919 1369 9810 9853 7139 911 189 33 69 469 9881 3 0 5 6 3 5 2 0 375 165 24 13 36 18 11 13 1028 3072 3027 1168 388 21 1 1 2 13 12 22 305 12 41 2 8 8 3 58 19 7 31 59 294 259 87 105 152 11 0 0 18 11 15 37 28 1 204 6 335 18 39 580 77 44 35 92 70 6 152 3 52 0 380 279 567 80 21 44 47 7 55 107 42 22 26 808 252 358 51 22 61 1 175 61 5 438 31 61 72 81 197 550 0 2 2 0 0 1 14 3 16 10 18 11 13 4 3 0 1 4 6 2 36 316 0 98 1 0 44 84 5 5 7 26 26 4 6 0 15 13 11 1 2 10 1 2 1 12 1 1 6 25 6 9 44 0 5 5 0 0 30 8 13 4 6 11 3 1 19 5 175 67 11 1 2 152 1 0 2 6 14 5 1 24 227 20 22 1 0 9
9977 795 610 320 1039 911 13974 9545 895 2899 445 1927 0 1 1 4 0 1 1 0 49 38 5 6 8 0 3 11 2153 2289 473 35 37 9 0 0 1 4 6 3 158 1 13 0 6 1 0 12 12 5 61 110 1432 837 518 45 25 4 0 0 4 12 12 21 19 2 92 2 85 13 20 176 30 7 25 15 208 2 56 4 69 11 668 198 131 10 8 23 22 16 16 169 78 17 14 400 1028 4932 16 16 0 0 9 1 0 18 1 0 7 4 4 23 0 0 0 0 0 1 0 1 1 1 2 2 1 0 0 0 0 0 1 0 0 29 0 6 0 0 3 11 0 0 0 2 3 0 0 0 0 2 0 0 0 0 0 0 1 1 0 3 1 1 0 1 2 0 1 0 0 0 3 0 1 0 2 3 1 0 6 1 15 11 2 0 0 13 2 0 2 2 1 2 1 0 8 0 0 0 0 0
12901 350 4117 115 179 189 9545 26674 1776 17855 1834 6588 1 0 2 4 0 2 2 0 72 11 4 14 15 1 1 3 437 500 75 13 38 13 0 0 0 4 3 1 582 13 11 0 7 6 1 17 30 5 106 199 1141 623 330 142 18 5 0 0 2 9 11 14 9 5 169 6 18 47 28 124 24 7 26 11 104 3 35 7 207 8 1184 489 470 54 19 45 59 15 13 377 140 45 26 84 381 1699 14 28 2 0 18 3 0 38 5 3 24 5 11 48 0 0 0 0 0 0 0 0 0 0 0 1 0 0 0 0 0 0 0 0 1 21 0 7 0 0 5 3 0 0 0 1 1 0 1 0 0 0 0 1 3 0 0 0 1 0 1 2 0 1 1 0 2 0 0 0 0 0 2 0 4 0 0 0 0 3 4 0 13 6 1 0 0 10 2 1 8 0 0 1 1 0 12 0 0 0 0 1
33 16 68 24 20 33 895 1776 1551 2252 381 738 13 0 0 0 0 0 2 0 23 11 2 1 16 1 1 0 25 21 8 31 126 6 0 0 0 10 0 9 32 2 12 10 123 2 2 4 4 154 18 89 325 60 56 6 2 5 0 0 1 2 3 1 1 48 21 0 6 6 4 571 118 155 18 3 1890 14 581 69 53 110 42 25 29 6 18 114 53 223 31 23 7 1 4 18 4549 2381 7 6 2 0 2 3 0 6 1 1 1 2 5 20 0 0 0 0 0 1 3 2 2 5 3 0 2 0 1 0 0 0 0 0 1 25 0 14 0 0 24 26 0 1 1 3 1 2 1 0 6 1 1 1 0 3 0 1 8 3 15 8 1 0 0 0 1 0 1 0 0 1 4 1 1 0 1 0 4 1 2 0 25 41 12 2 0 35 2 1 7 0 1 1 0 1 5 0 2 1 0 5
659 98 4139 81 75 69 2899 17855 2252 40899 10189 35940 1 0 0 2 0 0 0 0 22 7 0 6 5 0 1 3 161 136 43 16 38 4 0 0 0 0 0 4 229 6 2 0 6 1 0 4 8 4 37 79 925 288 201 52 8 0 0 0 2 3 3 9 11 6 76 4 7 21 15 917 12 12 10 5 267 3 64 6 64 7 468 213 165 19 15 21 16 15 12 121 63 19 9 29 2725 2460 9 11 31 1 162 52 5 286 39 47 66 116 121 277 0 0 0 0 0 1 0 0 1 0 0 3 0 0 0 0 0 0 1 0 13 87 0 14 0 0 2 2 0 0 0 5 13 0 0 0 0 1 0 1 1 1 0 3 0 3 0 6 6 7 1 9 11 0 0 1 0 0 6 2 0 0 0 0 0 1 4 0 42 7 2 0 0 33 4 1 7 1 9 3 0 3 115 11 5 0 0 1
150 61 146 95 186 469 445 1834 381 10189 3954 9491 1 1 1 1 0 2 2 0 117 76 12 3 10 6 1 3 92 265 84 452 93 2 0 0 2 3 1 5 114 2 21 0 3 3 0 19 4 1 6 11 206 60 40 22 19 2 0 0 9 2 5 7 14 1 42 2 113 7 9 1788 21 8 14 27 135 0 93 0 17 1 123 81 158 24 8 10 7 4 9 25 7 3 5 63 1245 447 17 3 39 2 151 45 7 365 32 37 56 98 162 412 0 0 1 0 0 0 3 1 5 2 2 7 3 1 0 0 0 2 3 0 23 218 0 70 0 0 18 25 0 0 0 13 18 0 0 0 3 6 2 0 0 7 2 2 1 5 0 0 16 14 6 20 25 0 1 0 0 1 13 6 5 0 0 2 4 0 8 0 134 22 5 1 1 93 2 0 2 1 20 1 0 14 143 12 8 2 0 3
3122 3265 17469 5668 5821 9881 1927 6588 738 35940 9491 44260 3 4 3 7 3 7 5 3 940 395 49 23 53 17 6 19 959 3305 2180 1100 1220 42 1 0 3 19 13 30 858 25 59 8 14 7 5 69 25 5 66 128 823 505 190 229 163 19 0 0 33 19 20 41 47 1 350 6 262 39 50 4079 223 46 85 78 413 15 674 11 137 8 990 654 1317 166 54 57 49 11 53 275 105 42 30 832 3090 1388 132 46 332 25 1259 419 43 2669 249 281 469 668 1151 3211 1 2 4 2 1 2 16 8 24 6 9 30 37 3 5 0 2 3 19 2 191 1436 0 422 0 1 85 147 6 21 2 91 147 5 2 0 13 16 4 0 0 40 3 3 4 63 4 3 44 95 23 113 179 0 9 2 2 3 119 34 28 4 4 20 9 1 24 1 890 142 33 5 6 608 2 3 6 18 100 12 7 95 1148 109 67 15 2 9
0 0 1 1 5 3 0 1 13 1 1 3 3394 0 1 9 21 116 3172 4 1 1 1 27 1 0 14 34 5 2 1 2 3 0 0 0 2 435 16 0 23 8 44 3905 4388 6042 0 13 5 282 14 39 3 1 3 0 2 0 0 0 27 8 10 33 41 3590 3 0 30 5 9 18 481 706 1 10 200 201 1002 49 53 119 1 1 0 0 1 144 125 768 551 6 7 6 25 9 58 9 0 1 0 0 0 0 0 1 0 0 0 0 0 2 1 44 899 2 0 90 3 836 22 838 13 1 0 1 0 8 0 33 0 0 0 7 0 11 0 0 23 24 210 3 138 2 1 13 126 33 81 1349 0 5 16 1 1 28 6 3 14 17 0 1 0 0 7 0 193 33 8 297 1 0 10 0 17 69 5 4 246 12 2 11 135 4 12 6 3 25 26 0 0 91 15 5 5 0 0 0 0 1
0 0 0 1 8 0 1 0 0 0 1 4 0 6367 6841 599 1310 54 14 11 11 11 197 275 2 114 2184 678 7 3 8 0 11 332 2621 5347 756 94 25 492 580 33 78 1 1 6 234 4 15 2 2 0 1 3 3 2 15 134 810 387 4 5 9 140 99 1 17 472 87 7 5 0 11 1 347 8 0 0 0 0 3 0 3 4 2 5 9 2 7 0 5 28 2 11 16 17 0 1 0 51 0 0 0 0 0 0 0 0 0 0 0 1 12 5 0 1 0 18 14 7 28 71 43 1 0 0 6 2 4 5 0 0 0 2 0 0 6 0 6 9 0 16 1 0 2 1 0 0 19 1 18 1 0 0 0 1 0 0 0 1 0 0 0 0 0 0 3 4 1 0 0 3 1 1 0 0 0 0 1 0 1 9 16 0 0 7 0 0 0 2 0 1 2 2 0 0 0 0 0 3
3 1 1 1 10 5 1 2 0 0 1 3 1 6841 12847 7944 916 588 225 440 22 45 531 1134 13 222 3451 1760 18 8 11 1 22 220 1761 1612 700 328 225 509 1602 170 388 9 6 31 142 27 93 0 12 4 7 5 16 3 19 113 386 243 27 25 36 287 297 0 25 303 413 31 15 3 19 13 302 33 0 3 6 0 19 0 10 7 15 10 22 22 65 21 61 185 16 46 91 24 0 1 7 60 0 0 0 0 0 0 0 6 0 0 0 1 26 5 23 14 1 28 43 21 88 151 76 3 11 2 16 20 11 20 1 1 1 11 0 8 36 1 52 40 7 105 4 0 5 6 5 1 43 22 42 1 3 0 0 3 0 0 1 1 1 2 0 1 1 1 5 5 2 1 7 12 2 10 3 5 1 2 9 0 4 46 23 7 2 41 3 3 3 6 4 10 8 3 4 0 10 4 1 11
3 0 7 0 13 6 4 4 0 2 1 7 9 599 7944 11967 389 1993 2415 1157 26 22 268 1239 10 49 2490 2675 30 9 33 6 94 281 174 567 1097 465 835 50 1121 342 496 5 5 68 40 45 97 3 6 6 5 16 19 13 26 148 24 96 27 70 88 461 210 3 33 55 254 57 40 6 65 10 366 53 8 1 14 0 31 0 13 9 13 15 25 43 90 22 101 273 25 68 153 88 0 2 9 75 0 0 1 0 0 0 0 2 0 0 0 4 65 179 212 51 4 439 19 597 117 1699 82 1 5 8 14 62 36 329 3 2 4 15 2 22 57 1 38 44 165 103 135 3 6 13 21 11 214 81 20 4 5 0 2 5 1 0 2 7 0 2 0 2 5 6 27 35 1 4 1 6 15 3 4 30 2 2 28 1 9 35 77 2 1 30 3 4 10 2 2 10 13 6 5 0 1 1 0 3
1 1 0 0 7 3 0 0 0 0 0 3 21 1310 916 389 3379 371 2237 1898 27 36 371 583 11 298 253 47 3 1 6 3 14 82 158 653 2805 1185 43 353 884 75 175 5 6 51 65 11 31 4 5 0 4 2 3 2 4 46 72 61 19 14 20 72 14 5 10 55 80 8 5 0 33 43 60 16 3 0 13 1 7 0 1 3 6 5 12 6 20 12 48 41 3 16 41 10 0 0 2 9 0 0 1 1 1 1 0 5 0 0 0 6 55 18 12 24 3 25 106 28 237 213 171 19 39 17 68 31 27 52 9 7 2 30 3 10 69 2 91 130 10 247 18 2 14 12 4 0 105 28 84 5 0 1 4 5 0 2 0 0 3 16 2 5 4 7 7 24 4 6 31 23 10 33 2 4 1 0 12 0 19 142 69 10 3 124 2 2 2 8 7 9 12 3 20 4 13 9 1 13
1 1 2 2 16 5 1 2 0 0 2 7 116 54 588 1993 371 9875 2005 747 8 20 133 1574 11 30 1148 629 15 4 18 9 71 73 22 71 571 1590 2089 22 635 228 767 70 40 1933 8 103 80 7 9 4 9 10 10 4 12 28 6 17 942 99 145 968 193 42 34 27 1183 61 57 4 356 37 105 544 5 7 28 0 34 4 17 11 11 13 20 50 177 46 734 147 13 56 181 39 2 2 11 15 0 0 1 0 0 4 0 5 0 0 1 23 42 468 995 45 11 463 20 1203 130 2045 80 3 0 5 11 95 16 534 6 4 6 23 6 43 16 5 47 85 858 42 884 10 8 42 154 38 278 912 18 8 7 2 8 12 3 1 2 5 1 1 0 4 15 4 180 217 23 63 2 5 51 11 20 183 4 4 158 18 12 29 100 23 19 22 3 2 23 3 1 28 17 36 7 0 2 0 0 0
2 1 1 5 6 2 1 2 2 0 2 5 3172 14 225 2415 2237 2005 42289 7398 12 25 132 847 6 217 682 254 10 0 3 5 48 37 35 1 351 6925 98 196 444 114 493 4582 873 1181 22 74 71 108 10 18 8 7 15 7 3 7 1 4 168 60 77 307 80 438 21 22 113 57 49 14 788 2322 48 200 33 80 207 8 51 23 4 8 6 8 15 81 258 589 1635 113 15 42 139 20 14 0 9 16 2 1 1 1 4 6 1 26 1 0 2 35 550 734 1401 204 26 2027 303 3258 1152 9818 923 27 53 61 235 309 198 1235 25 14 20 146 16 108 407 10 398 321 783 902 642 19 42 108 172 47 1519 842 244 20 8 4 14 50 3 4 4 21 3 25 6 6 23 25 217 199 31 143 58 47 56 75 46 171 10 11 274 18 51 433 1428 26 28 413 13 32 41 24 10 136 52 59 53 6 24 11 0 34
0 0 2 0 0 0 0 0 0 0 0 3 4 11 440 1157 1898 747 7398 2327 6 13 105 565 6 181 223 42 2 1 1 1 5 16 24 9 158 238 51 152 279 61 199 8 9 50 9 6 32 3 4 1 2 2 5 1 0 8 5 2 18 15 19 83 7 4 6 12 101 14 6 1 24 39 13 34 0 2 5 0 6 1 2 4 1 2 9 4 25 17 53 37 6 16 44 8 2 0 2 2 0 0 0 0 1 1 0 15 0 0 0 4 167 50 19 38 4 56 101 41 271 414 170 13 21 22 110 60 47 108 7 7 7 39 0 19 151 3 84 62 19 364 15 6 13 32 5 0 177 35 129 4 2 1 5 3 0 1 0 1 3 10 0 1 4 19 5 22 13 1 27 27 11 28 3 11 3 0 22 0 25 127 78 11 2 167 1 4 7 17 4 8 16 5 26 1 16 15 1 28
246 226 264 244 448 375 49 72 23 22 117 940 1 11 22 26 27 8 12 6 10433 8593 3689 166 502 123 35 26 139 127 392 153 509 529 2 0 110 391 9 122 1106 14 86 5 3 2 16 13 12 2 7 8 33 47 10 1706 85 311 2 14 10 27 34 59 54 1 97 45 99 39 15 120 460 62 1524 19 62 10 168 0 10 2 85 78 3167 237 208 7 23 5 34 29 10 24 51 708 51 39 992 336 0 0 4 0 0 7 1 1 0 2 3 10 0 1 1 1 0 1 11 2 29 4 15 14 7 2 4 0 0 1 2 1 2 83 0 49 2 0 96 120 2 8 1 3 11 0 0 0 11 5 5 0 0 0 0 0 0 2 0 0 0 6 1 2 6 0 1 1 0 0 9 6 2 1 0 0 0 0 7 0 59 78 21 3 0 69 0 0 0 3 4 2 1 4 5 0 12 2 0 9
24 17 35 43 266 165 38 11 11 7 76 395 1 11 45 22 36 20 25 13 8593 19160 4036 921 4280 2155 126 44 144 78 233 139 626 704 7 5 167 787 16 1372 593 127 571 15 10 19 79 32 76 3 12 8 90 99 16 138 132 338 5 17 17 109 96 199 63 0 236 125 158 154 34 93 745 114 2153 58 88 31 316 0 26 1 233 298 5095 818 680 27 94 31 133 118 39 105 196 560 47 36 3531 475 0 0 0 0 0 5 1 2 0 1 5 12 1 1 6 0 0 2 31 5 62 7 15 15 8 4 7 2 1 2 3 1 1 106 0 26 4 1 156 214 1 21 2 2 17 2 0 0 28 5 17 2 3 0 1 2 1 0 1 4 2 4 0 1 7 1 4 2 0 1 16 5 4 1 2 4 0 0 18 0 73 185 26 6 0 108 1 0 1 8 6 9 0 5 8 1 9 6 4 14
9 5 0 2 44 24 5 4 2 0 12 49 1 197 531 268 371 133 132 105 3689 4036 11021 10422 315 5791 203 100 32 14 37 38 270 1013 20 42 804 1299 74 1433 7123 1796 889 22 11 51 84 22 191 5 14 9 29 29 33 53 23 152 21 32 21 36 22 106 27 1 82 93 69 48 10 18 537 31 537 36 25 11 123 0 24 2 72 96 345 108 152 12 82 20 69 204 24 64 103 146 21 5 152 63 0 0 0 1 0 1 0 3 0 0 2 10 2 5 1 4 3 5 36 7 69 34 58 8 7 1 5 1 1 4 4 1 3 32 0 9 11 0 70 94 1 41 2 2 6 2 0 0 36 10 13 4 2 1 0 4 0 2 3 1 1 4 1 1 5 1 3 1 0 3 14 4 4 4 1 4 0 0 20 1 22 78 31 0 2 40 1 3 5 3 2 13 3 1 3 0 4 4 0 8
14 7 10 9 37 13 6 14 1 6 3 23 27 275 1134 1239 583 1574 847 565 166 921 10422 21779 502 7102 5548 555 155 13 20 19 85 491 393 46 727 917 936 1596 2718 5527 3884 68 27 1672 816 68 309 5 25 16 131 173 65 24 83 242 151 152 597 53 43 594 327 4 533 1200 709 87 28 5 343 56 938 67 8 7 61 1 39 6 194 296 336 484 1094 28 112 47 497 346 38 91 195 101 4 4 259 196 1 0 0 1 0 3 0 2 0 0 0 10 28 15 13 11 2 55 106 46 177 238 209 6 7 6 25 7 8 24 2 1 6 32 0 15 32 1 119 183 19 74 13 1 6 8 10 2 91 115 45 8 6 0 1 4 0 1 1 4 0 4 0 2 5 4 23 12 4 2 10 5 2 9 5 18 2 5 54 4 20 70 57 3 4 53 2 10 6 3 2 18 4 9 2 0 6 1 1 8
23 15 12 6 43 36 8 15 16 5 10 53 1 2 13 10 11 11 6 6 502 4280 315 502 7231 707 81 21 64 23 36 28 223 285 3 0 61 580 11 7312 141 60 348 15 3 13 354 13 41 1 15 23 164 195 33 47 114 52 1 6 19 62 69 179 32 2 695 142 62 67 22 35 605 121 324 39 83 15 252 1 20 1 393 659 2024 2267 4608 6 37 14 61 65 28 59 127 97 55 7 4297 878 1 0 0 0 0 2 0 1 0 0 1 8 2 0 1 3 1 3 35 2 67 8 16 15 12 7 4 0 0 0 3 0 4 104 0 39 2 0 176 289 0 12 0 3 22 0 1 0 16 6 9 3 3 0 0 2 0 0 0 2 0 3 0 0 4 0 1 1 0 0 13 2 0 3 0 2 0 0 9 1 61 193 48 1 1 119 2 1 3 1 4 6 1 2 6 1 17 4 0 11
1 2 1 5 30 18 0 1 1 0 6 17 0 114 222 49 298 30 217 181 123 2155 5791 7102 707 7172 1977 31 26 4 10 11 47 216 566 31 404 822 11 4868 590 79 329 44 5 4 347 4 45 2 1 4 37 39 11 8 9 58 63 46 6 28 13 73 10 0 92 290 16 21 4 10 469 47 191 6 5 2 114 0 8 2 51 98 150 136 246 5 19 5 25 49 9 29 54 83 4 3 96 31 0 0 0 0 0 2 0 1 0 0 0 1 20 3 1 1 4 15 88 7 136 97 105 12 13 3 23 8 5 10 1 2 2 33 0 6 29 0 85 170 2 63 2 2 13 2 0 0 48 2 31 2 0 0 0 1 0 0 0 1 0 2 1 0 1 2 1 1 2 0 6 10 0 7 0 1 0 0 2 0 11 86 44 2 0 39 0 1 2 4 2 2 2 1 1 0 3 3 0 7
6 6 0 2 14 11 3 1 1 1 1 6 14 2184 3451 2490 253 1148 682 223 35 126 203 5548 81 1977 21015 11212 217 10 51 7 69 899 4216 285 1199 353 485 2069 292 73 224 24 2 276 957 18 20 0 5 7 98 141 14 12 160 459 524 377 39 15 32 716 808 0 577 1838 208 18 16 3 84 28 1714 9 2 1 12 0 8 0 92 131 106 288 568 7 24 6 34 30 8 7 16 47 0 3 145 528 0 0 0 0 1 1 0 1 0 0 1 5 60 28 56 10 3 141 92 242 163 603 221 5 9 6 19 19 9 36 2 2 1 19 2 14 42 0 70 105 50 84 31 2 9 12 9 1 86 134 52 4 0 0 2 1 0 1 0 2 0 4 0 0 6 4 30 12 3 0 5 5 4 12 1 13 1 1 13 4 9 49 61 2 2 41 1 1 1 3 0 9 7 4 5 1 2 7 0 1
4 5 2 0 48 13 11 3 0 3 3 19 34 678 1760 2675 47 629 254 42 26 44 100 555 21 31 11212 13542 372 52 127 9 71 711 397 120 739 191 5193 112 340 94 115 6 12 424 151 50 16 4 4 6 77 141 24 12 335 509 316 292 28 44 48 2020 2610 1 476 657 640 33 27 4 28 7 2286 16 2 1 3 0 23 1 64 62 58 102 147 12 29 8 44 53 10 16 30 122 2 9 42 836 0 0 0 0 3 3 0 0 0 0 0 7 3 105 270 5 3 97 15 507 49 430 54 2 2 0 2 16 2 74 4 1 6 17 3 13 4 1 23 38 308 12 272 0 2 9 55 9 26 957 8 3 3 1 1 2 2 0 3 2 0 2 0 0 4 0 207 70 4 7 2 0 16 4 3 106 2 4 64 4 1 20 16 8 5 13 2 2 12 0 1 16 3 12 2 0 1 2 0 0
4691 392 329 271 3321 1028 2153 437 25 161 92 959 5 7 18 30 3 15 10 2 139 144 32 155 64 26 217 372 52879 11277 5236 95 174 53 9 4 12 39 61 47 226 34 275 3 12 44 14 143 24 16 72 144 4405 9414 982 72 5593 51 5 5 110 428 548 549 835 6 9825 243 1318 325 218 112 107 29 1139 107 34 5 86 1 130 2 1028 458 264 132 527 48 93 25 201 257 74 88 235 1033 66 4942 125 1760 4 0 7 4 1 25 0 4 3 6 14 50 0 2 1 0 0 1 5 0 8 5 6 6 5 0 1 1 1 1 2 1 3 133 0 41 1 0 27 37 2 1 3 5 9 2 0 0 7 43 1 3 1 3 0 0 2 5 3 4 5 4 0 2 14 0 8 1 0 4 6 5 6 0 4 19 2 5 41 4 76 54 8 0 1 58 2 2 12 1 5 15 2 6 33 0 13 2 0 5
6823 3553 163 1529 5767 3072 2289 500 21 136 265 3305 2 3 8 9 1 4 0 1 127 78 14 13 23 4 10 52 11277 11239 6759 57 43 10 2 1 0 6 12 6 245 9 40 1 6 15 3 42 21 7 68 116 945 1028 318 83 2977 8 0 0 15 20 36 66 153 2 803 12 339 26 38 166 23 4 95 25 14 2 23 1 121 5 806 400 354 57 35 36 38 8 31 230 77 30 23 995 39 1063 34 190 3 1 16 1 0 25 1 2 3 10 14 44 0 0 3 0 0 0 3 1 5 2 5 2 2 1 0 0 0 0 0 0 3 53 0 19 0 0 3 17 2 1 0 2 3 0 1 0 2 6 3 3 1 0 0 3 1 0 1 5 2 1 0 1 5 0 3 1 0 0 3 0 0 0 1 6 3 1 8 1 23 12 2 0 1 17 2 1 9 3 2 3 0 2 22 2 0 1 0 1
147 66 51 119 8273 3027 473 75 8 43 84 2180 1 8 11 33 6 18 3 1 392 233 37 20 36 10 51 127 5236 6759 16763 81 122 60 4 2 7 29 46 28 489 18 89 3 4 14 9 73 18 5 61 118 881 1205 219 143 12772 37 0 2 32 45 57 92 293 5 3505 41 919 48 49 53 45 8 310 84 10 2 19 2 104 6 1000 748 934 377 91 47 52 9 48 204 93 29 41 1847 14 379 153 2574 1 0 4 3 0 6 1 2 0 0 5 14 0 0 4 0 1 2 5 3 13 6 4 2 2 0 2 1 0 1 0 0 1 30 0 9 1 0 13 22 8 3 4 0 3 1 1 0 1 13 3 1 2 1 1 3 0 0 0 4 1 0 0 0 5 0 6 0 0 0 4 2 3 0 3 18 0 2 22 3 10 12 1 1 2 21 3 0 4 2 3 4 1 1 5 0 4 1 0 1
24 25 26 22 505 1168 35 13 31 16 452 1100 2 0 1 6 3 9 5 1 153 139 38 19 28 11 7 9 95 57 81 5205 5163 312 0 0 4 44 13 34 131 6 32 8 12 7 2 39 5 11 11 22 75 72 14 25 14 2753 0 0 20 5 10 18 16 2 74 6 211 6 24 636 475 65 1567 62 70 8 407 1 28 3 99 66 160 27 17 17 16 8 44 43 14 8 13 6688 103 35 20 62 17 4 32 8 2 75 11 15 17 13 40 178 0 3 4 0 1 1 18 12 38 11 19 16 12 2 4 1 0 1 4 0 10 187 0 62 4 0 92 134 8 9 3 13 28 1 3 1 14 14 9 2 0 5 0 2 0 4 1 0 5 11 1 12 15 0 5 4 1 2 18 9 6 1 2 5 5 2 11 5 118 88 24 4 4 118 0 0 2 3 11 4 2 6 69 6 12 3 2 5
59 57 70 41 497 388 37 38 126 38 93 1220 3 11 22 94 14 71 48 5 509 626 270 85 223 47 69 71 174 43 122 5163 13725 3937 10 1 71 2782 84 177 470 15 71 8 16 33 112 26 13 6 35 58 232 205 75 66 54 2040 6 24 38 13 12 63 75 5 254 146 413 19 27 3409 3016 97 3775 80 235 9 1105 4 62 3 325 199 379 81 212 34 30 21 128 105 55 20 27 4443 408 117 90 201 23 3 91 44 6 206 22 36 24 22 97 363 1 10 18 2 2 7 31 26 77 39 25 44 53 7 10 6 2 8 12 3 50 745 2 267 5 1 190 280 20 35 12 45 81 5 7 2 26 45 24 1 0 19 1 4 7 22 4 7 17 60 2 27 63 0 15 4 1 1 93 32 36 6 5 18 12 2 16 1 474 298 70 19 2 449 4 2 5 7 58 7 9 38 185 17 66 11 1 55
11 3 13 1 62 21 9 13 6 4 2 42 0 332 220 281 82 73 37 16 529 704 1013 491 285 216 899 711 53 10 60 312 3937 16242 408 69 939 2055 229 1177 579 29 226 1 2 15 2920 34 12 2 8 19 85 78 24 21 51 2867 433 2786 39 30 59 344 516 2 130 5255 1300 26 22 12 364 39 3305 97 72 12 62 0 23 3 139 94 281 60 640 10 21 8 45 47 20 17 58 541 35 6 86 201 4 1 5 3 0 18 1 10 2 1 10 30 3 5 24 4 1 8 19 22 59 29 24 41 37 6 3 0 0 4 6 4 7 216 0 122 1 0 234 324 25 38 20 8 37 1 5 0 24 38 24 2 2 3 3 5 1 7 1 3 4 20 0 2 14 0 6 7 0 1 41 18 16 9 1 9 6 0 11 1 150 287 45 17 1 274 2 1 4 16 25 4 4 6 25 5 38 6 3 44
1 0 1 0 0 1 0 0 0 0 0 1 0 2621 1761 174 158 22 35 24 2 7 20 393 3 566 4216 397 9 2 4 0 10 408 6389 1088 652 113 10 3285 31 3 87 4 0 5 1367 1 1 0 0 0 5 5 0 0 10 97 1010 239 2 2 4 119 51 0 17 1211 28 5 1 2 9 5 249 2 0 0 5 0 0 0 3 4 2 6 24 1 1 0 3 2 0 0 6 4 0 1 0 49 1 0 0 0 0 1 0 2 0 0 0 0 25 5 1 5 1 40 32 6 67 137 100 0 1 3 4 6 2 5 1 1 1 6 1 2 8 0 28 28 1 43 2 0 5 1 1 0 46 2 17 1 0 0 1 1 0 1 0 0 0 5 0 0 0 3 4 1 0 0 4 3 0 5 1 0 0 0 1 0 5 21 21 2 0 12 0 0 0 1 0 0 4 0 1 0 0 0 0 4
0 1 0 0 0 1 0 0 0 0 0 0 0 5347 1612 567 653 71 1 9 0 5 42 46 0 31 285 120 4 1 2 0 1 69 1088 1054 1011 54 135 131 94 6 13 0 1 2 175 1 1 0 1 0 0 0 0 1 0 22 854 95 1 2 0 24 79 0 2 409 359 1 1 0 1 0 30 3 0 0 1 0 0 0 0 0 1 1 2 1 2 0 2 1 0 1 5 1 0 0 0 6 0 0 0 0 0 0 0 0 0 0 0 0 0 0 3 1 0 4 5 7 3 9 1 2 0 0 0 0 0 1 1 0 0 0 0 1 0 0 3 3 1 7 1 0 0 0 0 0 2 3 3 0 0 0 0 0 0 0 0 0 0 0 0 0 0 0 1 1 0 0 0 2 0 2 1 0 0 0 0 0 1 6 2 1 1 5 0 0 1 0 0 0 1 1 1 0 0 0 0 1
5 2 2 1 6 2 1 0 0 0 2 3 2 756 700 1097 2805 571 351 158 110 167 804 727 61 404 1199 739 12 0 7 4 71 939 652 1011 6314 4088 424 1334 1321 69 296 11 4 67 1886 34 22 6 2 2 9 5 6 6 11 322 994 1391 57 21 43 318 402 7 30 1627 1271 16 19 2 59 24 337 108 7 16 24 0 10 1 14 11 40 18 111 9 28 10 102 40 4 11 48 14 1 1 22 25 0 1 0 0 1 2 1 3 0 0 0 10 16 10 30 12 5 15 72 42 148 77 89 20 38 9 41 13 3 15 6 6 2 45 1 10 23 0 179 229 33 116 26 4 30 7 6 2 61 59 94 1 4 3 2 6 0 2 0 1 3 14 2 1 6 0 16 17 3 6 23 17 8 23 2 13 4 3 24 0 46 213 32 13 2 112 0 0 5 11 7 7 8 9 16 2 22 11 4 31
6 7 7 7 54 13 4 4 10 0 3 19 435 94 328 465 1185 1590 6925 238 391 787 1299 917 580 822 353 191 39 6 29 44 2782 2055 113 54 4088 15315 265 1747 1158 129 441 647 386 553 535 120 59 69 8 15 39 47 21 15 31 153 72 146 342 42 90 296 133 98 116 386 803 51 60 32 4870 703 489 476 124 132 203 8 42 19 100 77 240 92 507 102 273 316 1635 78 22 20 138 160 29 11 107 70 7 3 8 3 4 16 2 58 3 0 7 81 131 88 295 52 18 227 392 438 916 1256 570 153 256 42 202 101 65 161 59 27 18 414 4 204 140 6 1185 1347 216 735 171 27 130 55 78 8 499 433 436 24 17 7 14 43 7 11 7 13 19 97 8 15 28 23 115 91 19 50 196 141 42 89 27 102 13 14 239 15 411 1594 496 49 24 1106 15 24 30 79 48 84 49 33 122 27 157 65 17 217
5 1 1 2 31 12 6 3 0 0 1 13 16 25 225 835 43 2089 98 51 9 16 74 936 11 11 485 5193 61 12 46 13 84 229 10 135 424 265 7137 17 498 188 482 10 11 1279 9 64 49 2 3 8 25 26 32 9 56 183 27 58 3945 73 74 756 2122 12 81 52 5283 43 34 0 86 2 533 909 1 0 11 0 27 3 19 23 15 20 18 40 103 21 509 104 5 17 98 104 1 1 18 135 3 1 0 1 4 5 0 1 0 0 0 18 12 143 510 16 9 85 10 404 27 254 28 0 1 3 2 57 4 143 9 7 9 23 5 27 4 1 21 39 593 6 622 3 0 17 166 26 46 1489 10 7 10 0 1 6 1 0 0 15 1 1 1 1 11 3 246 189 21 17 2 6 39 8 15 219 4 12 133 11 4 21 9 10 9 14 2 5 21 1 0 24 15 29 6 0 0 0 0 3
4 3 7 6 42 22 3 1 9 4 5 30 0 492 509 50 353 22 196 152 122 1372 1433 1596 7312 4868 2069 112 47 6 28 34 177 1177 3285 131 1334 1747 17 14016 255 42 415 81 1 13 4682 11 23 0 6 7 76 89 10 16 27 415 613 314 6 24 26 239 30 0 236 2440 53 34 5 18 1052 142 931 20 36 35 305 1 10 4 95 137 261 313 2965 4 19 7 31 40 11 23 56 123 20 5 217 115 0 1 0 0 0 6 1 8 2 0 1 13 49 9 0 25 13 31 342 10 529 260 411 35 42 17 73 21 14 36 7 6 3 80 0 30 61 0 398 665 4 257 3 3 28 15 2 0 204 7 115 2 0 1 1 0 0 2 0 0 1 21 0 2 8 7 3 13 3 1 24 28 6 26 3 6 2 2 7 2 71 328 104 8 0 186 1 2 1 11 6 5 10 5 15 2 18 6 4 26
796 423 729 292 455 305 158 582 32 229 114 858 23 580 1602 1121 884 635 444 279 1106 593 7123 2718 141 590 292 340 226 245 489 131 470 579 31 94 1321 1158 498 255 8706 4155 1173 66 90 537 64 402 1959 90 353 237 130 68 1667 1673 124 175 12 30 450 264 119 178 255 28 168 76 806 378 423 202 461 54 810 375 107 15 230 21 656 61 2160 206 799 115 143 628 1263 328 1069 4286 422 471 709 515 88 53 115 232 3 1 11 5 0 33 2 5 1 7 12 60 7 3 12 3 2 13 16 36 39 76 25 15 22 1 7 7 4 5 5 3 10 194 0 48 5 0 57 67 8 19 8 6 13 19 5 1 29 78 11 49 35 8 2 63 17 13 34 109 3 5 0 7 18 2 12 15 13 9 12 10 4 5 26 40 38 50 218 10 119 80 36 3 18 101 44 48 213 1 12 204 22 13 31 3 17 3 1 10
16 9 17 6 17 12 1 13 2 6 2 25 8 33 170 342 75 228 114 61 14 127 1796 5527 60 79 73 94 34 9 18 6 15 29 3 6 69 129 188 42 4155 7909 4231 34 42 338 14 109 1755 23 10 4 14 25 70 28 18 16 2 5 308 64 36 46 128 17 43 34 426 90 54 2 72 9 64 156 8 0 26 1 50 4 68 45 41 47 87 57 188 101 646 1002 41 111 277 40 5 1 25 25 0 0 0 0 0 0 0 0 0 0 0 0 0 1 3 0 0 5 6 6 13 22 3 2 2 0 1 0 0 4 0 0 1 2 0 2 2 0 3 9 1 2 1 0 3 9 4 1 7 48 1 10 12 0 2 23 2 0 0 5 0 0 0 0 0 0 8 6 2 5 0 1 4 0 18 26 2 2 114 5 3 4 5 0 10 8 2 15 13 0 0 48 7 3 1 0 1 0 0 2
21 7 10 7 101 41 13 11 12 2 21 59 44 78 388 496 175 767 493 199 86 571 889 3884 348 329 224 115 275 40 89 32 71 226 87 13 296 441 482 415 1173 4231 9412 104 227 1521 264 457 3015 130 30 34 148 236 56 36 170 125 50 61 1626 515 1189 7297 661 68 691 666 2590 478 181 19 291 33 691 922 46 3 111 0 128 8 216 346 357 491 733 144 732 523 3502 937 112 614 3945 175 22 10 292 259 0 0 0 0 1 0 0 2 0 0 1 6 14 4 14 4 1 16 40 29 71 103 60 4 3 3 5 2 3 6 4 6 0 19 1 9 4 0 41 57 11 31 14 2 2 33 53 1 48 200 17 59 67 1 5 101 3 2 5 28 0 5 0 0 2 5 32 41 25 37 5 7 21 4 97 181 19 26 703 59 7 45 16 6 76 29 5 115 91 1 0 453 27 13 4 0 2 0 0 3
0 0 0 0 6 2 0 0 10 0 0 8 3905 1 9 5 5 70 4582 8 5 15 22 68 15 44 24 6 3 1 3 8 8 1 4 0 11 647 10 81 66 34 104 7666 2764 554 6 37 19 609 23 99 4 6 8 0 2 0 1 0 66 18 33 21 6 641 12 3 43 17 22 39 2571 1087 15 59 261 2601 3581 107 94 327 2 5 8 3 8 311 306 1005 1121 36 8 16 64 18 29 0 5 3 0 0 1 1 0 5 1 13 1 0 0 6 32 25 118 16 2 134 106 241 227 815 232 13 14 14 49 21 15 34 6 1 0 42 3 13 48 0 155 145 51 128 34 2 11 23 40 13 169 180 45 15 24 0 2 39 16 4 21 22 3 6 1 0 9 1 29 35 7 55 15 13 7 21 27 51 8 14 247 12 38 186 308 4 9 121 6 33 51 4 0 124 18 16 17 0 8 3 1 20
1 0 3 2 11 8 6 7 123 6 3 14 4388 1 6 5 6 40 873 9 3 10 11 27 3 5 2 12 12 6 4 12 16 2 0 1 4 386 11 1 90 42 227 2764 12487 1370 6 74 37 3502 58 203 15 9 8 5 10 2 1 0 68 53 94 65 16 2502 9 4 195 43 70 146 934 188 15 43 1693 485 3938 264 200 743 14 13 10 10 2 657 589 5189 3424 70 16 21 101 40 619 55 0 4 2 0 2 0 1 3 0 1 0 0 2 8 1 3 138 0 4 6 9 65 38 110 4 0 0 1 1 15 1 2 9 7 8 19 5 11 1 0 26 23 30 3 34 7 0 89 246 9 91 1659 2 51 65 2 8 168 27 5 50 41 1 1 0 4 6 1 130 114 41 642 1 6 21 5 140 512 18 35 2113 119 3 22 20 10 139 14 25 112 95 1 2 419 47 17 2 0 4 0 0 3
3 3 1 1 18 8 1 6 2 1 3 7 6042 6 31 68 51 1933 1181 50 2 19 51 1672 13 4 276 424 44 15 14 7 33 15 5 2 67 553 1279 13 537 338 1521 554 1370 2793 7 71 108 29 14 4 10 19 39 9 32 11 0 5 1269 142 207 2144 647 1180 67 26 611 87 51 2 426 237 61 97 23 32 181 0 35 4 32 16 13 14 21 40 157 154 1345 211 25 61 230 43 10 2 14 17 0 5 0 0 9 8 0 14 0 2 3 27 11 188 2657 31 5 174 21 1451 96 1202 63 1 2 6 4 80 2 189 32 18 15 47 13 65 4 4 62 81 1089 13 1042 7 10 110 736 81 197 6826 17 21 29 3 8 15 3 0 0 17 2 10 0 8 28 5 794 345 35 665 8 21 137 19 32 782 10 19 1038 50 9 51 132 51 49 39 6 9 27 0 2 100 34 58 17 2 5 1 2 3
0 0 0 0 6 3 0 1 2 0 0 5 0 234 142 40 65 8 22 9 16 79 84 816 354 347 957 151 14 3 9 2 112 2920 1367 175 1886 535 9 4682 64 14 264 6 6 7 4854 4 17 2 0 1 4 7 2 4 9 1307 665 1333 6 8 28 280 60 0 48 6038 93 12 2 4 136 29 1827 5 8 7 44 0 1 0 5 10 15 26 744 2 3 2 8 9 4 12 26 19 8 0 16 143 0 0 0 0 0 1 0 1 0 0 0 1 2 2 1 2 2 6 62 2 75 30 54 3 6 3 10 3 1 4 4 0 0 18 0 11 12 0 78 129 1 30 2 0 3 2 0 0 32 4 16 0 0 0 0 0 0 0 0 0 1 3 0 0 0 3 1 6 0 0 4 3 2 0 0 2 1 1 3 0 13 56 14 2 0 25 1 0 0 1 2 0 1 1 1 1 2 3 0 4
24 7 10 5 118 58 12 17 4 4 19 69 13 4 27 45 11 103 74 6 13 32 22 68 13 4 18 50 143 42 73 39 26 34 1 1 34 120 64 11 402 109 457 37 74 71 4 16513 165 616 27 18 50 71 18 13 84 49 2 2 395 4885 1020 356 436 23 192 13 6467 627 4319 11 92 5 263 6215 22 2 36 3 614 43 40 42 41 45 25 3468 4251 196 1155 343 44 125 387 213 20 8 22 100 1 1 0 1 3 0 1 5 0 0 1 4 0 0 8 0 1 5 3 11 6 16 2 0 1 2 2 4 2 3 20 11 0 10 3 5 0 1 12 9 4 9 11 7 2 54 34 8 36 55 7 407 473 1 20 313 19 7 22 156 0 7 3 3 6 1 5 68 85 24 4 14 19 3 242 99 79 179 1092 53 2 15 12 7 85 45 49 192 611 1 1 1547 232 14 21 1 1 0 2 2
42 19 25 7 30 19 12 30 4 8 4 25 5 15 93 97 31 80 71 32 12 76 191 309 41 45 20 16 24 21 18 5 13 12 1 1 22 59 49 23 1959 1755 3015 19 37 108 17 165 5907 29 82 26 17 28 35 20 14 13 1 6 124 154 81 93 48 11 64 28 179 228 104 8 35 7 38 139 15 1 31 2 132 6 51 53 53 42 51 122 467 154 451 7120 221 1726 3817 17 5 1 26 15 0 0 0 0 0 0 0 0 0 0 2 2 1 0 1 0 0 5 3 0 8 8 3 1 1 0 2 1 0 2 0 1 0 10 0 2 1 0 10 5 0 3 1 1 0 5 8 0 8 17 0 10 17 0 1 29 2 1 7 13 0 1 0 0 0 0 2 8 4 1 0 0 2 0 11 15 5 10 96 8 3 1 3 0 6 3 7 24 40 0 0 89 10 2 1 0 1 0 0 1
5 1 4 3 10 7 5 5 154 4 1 5 282 2 0 3 4 7 108 3 2 3 5 5 1 2 0 4 16 7 5 11 6 2 0 0 6 69 2 0 90 23 130 609 3502 29 2 616 29 6384 166 1119 20 5 7 4 4 1 0 0 15 364 217 13 8 860 15 4 119 121 77 99 221 384 4 237 2358 331 1603 1664 510 4173 15 4 2 2 3 1975 1506 9901 424 98 47 48 195 18 889 63 2 3 0 0 1 1 0 0 1 4 1 0 0 0 1 2 6 0 0 4 1 9 6 10 1 0 2 2 0 2 1 0 2 0 0 8 0 2 1 0 8 7 2 1 2 4 3 22 60 4 14 74 3 214 254 4 6 207 126 25 152 226 0 2 0 1 2 0 3 21 32 86 3 3 7 0 78 31 70 129 590 31 5 9 10 2 24 20 39 264 445 0 1 1026 106 3 3 1 0 0 0 0
132 43 92 20 64 31 61 106 18 37 6 66 14 2 12 6 5 9 10 4 7 12 14 25 15 1 5 4 72 68 61 11 35 8 0 1 2 8 3 6 353 10 30 23 58 14 0 27 82 166 17327 18035 96 45 357 55 22 5 0 0 18 29 9 15 18 95 29 1 33 122 26 28 31 51 28 20 161 32 101 663 2325 283 379 66 25 23 18 207 146 54 78 5656 7158 180 90 48 74 14 14 29 0 0 0 0 0 3 0 0 0 0 2 13 0 0 0 0 0 0 0 1 0 0 1 1 0 1 1 0 0 0 1 1 2 28 0 16 0 0 7 12 0 0 1 0 3 0 1 0 1 1 0 2 9 0 1 18 250 29 308 230 1 0 0 0 1 0 1 1 2 0 0 1 1 0 4 2 60 14 22 1 18 5 8 0 0 16 31 13 135 0 2 15 6 0 5 1 0 0 0 0
234 87 155 39 128 59 110 199 89 79 11 128 39 0 4 6 0 4 18 1 8 8 9 16 23 4 7 6 144 116 118 22 58 19 0 0 2 15 8 7 237 4 34 99 203 4 1 18 26 1119 18035 35146 149 58 660 43 19 12 0 0 13 30 20 18 17 533 44 7 31 428 106 65 75 354 47 18 1062 217 409 10147 8296 1533 614 107 22 18 29 1232 235 179 67 1825 5008 117 51 44 456 55 19 53 2 0 1 0 1 6 0 6 1 2 3 4 0 0 0 0 0 3 0 1 2 2 2 3 0 0 0 0 0 1 1 2 3 35 0 10 0 0 6 12 1 3 0 2 2 1 1 2 6 4 0 37 19 3 3 48 1433 349 1984 773 1 1 0 0 4 0 1 2 1 17 6 0 2 1 4 2 406 71 42 1 25 15 46 0 0 64 226 85 687 0 5 79 50 2 21 5 1 0 0 1
1014 244 522 171 624 294 1432 1141 325 925 206 823 3 1 7 5 4 9 8 2 33 90 29 131 164 37 98 77 4405 945 881 75 232 85 5 0 9 39 25 76 130 14 148 4 15 10 4 50 17 20 96 149 12200 12948 11698 25 549 55 0 3 39 151 191 218 196 4 1320 87 367 138 60 276 164 64 487 45 273 5 207 6 53 9 3855 2375 352 303 377 25 51 34 108 187 58 51 112 284 660 6200 185 595 4 0 9 6 1 21 1 2 1 5 17 44 0 0 0 1 0 0 2 2 3 1 2 8 6 2 1 0 0 0 1 1 8 185 0 85 1 0 34 61 0 1 0 8 15 2 0 0 2 5 4 0 0 0 0 0 0 1 0 1 2 4 1 2 17 0 1 0 0 1 13 0 7 1 0 7 0 0 4 1 118 63 21 2 1 79 1 3 3 1 5 2 0 5 15 3 14 3 1 3
858 254 438 151 705 259 837 623 60 288 60 505 1 3 5 16 2 10 7 2 47 99 29 173 195 39 141 141 9414 1028 1205 72 205 78 5 0 5 47 26 89 68 25 236 6 9 19 7 71 28 5 45 58 12948 13305 1580 16 922 51 1 3 49 252 326 420 273 1 2650 137 490 177 100 130 134 37 681 87 57 1 137 3 55 4 2772 7076 202 366 535 27 86 19 127 134 41 82 181 356 101 2680 236 891 3 0 6 2 1 10 0 4 1 3 10 40 1 0 0 0 0 1 1 1 7 3 2 8 4 1 2 0 0 0 0 0 5 168 0 50 0 0 34 53 0 3 0 5 17 2 3 0 1 16 4 0 0 3 0 3 0 3 0 0 0 4 1 2 13 0 2 1 1 3 8 2 7 0 0 6 1 1 17 2 88 45 21 1 0 75 0 1 6 2 8 6 0 5 24 0 10 2 0 5
354 84 175 39 171 87 518 330 56 201 40 190 3 3 16 19 3 10 15 5 10 16 33 65 33 11 14 24 982 318 219 14 75 24 0 0 6 21 32 10 1667 70 56 8 8 39 2 18 35 7 357 660 11698 1580 18229 1063 81 10 0 1 37 18 42 43 51 4 138 11 91 50 27 57 53 16 81 31 61 1 63 26 181 12 2435 207 104 37 61 43 44 11 70 852 135 40 37 95 124 1512 36 90 0 0 2 0 0 7 0 3 2 0 3 18 0 0 2 0 0 1 0 0 1 0 0 7 2 1 1 0 0 0 1 0 7 72 0 23 0 0 12 15 0 1 0 3 2 0 1 0 3 2 0 3 1 1 0 1 9 1 4 7 2 2 0 0 5 1 0 1 1 1 0 0 2 1 2 3 3 0 13 1 38 23 7 0 2 22 3 3 13 1 1 12 1 4 5 1 3 0 0 4
236 142 197 97 124 105 45 142 6 52 22 229 0 2 3 13 2 4 7 1 1706 138 53 24 47 8 12 12 72 83 143 25 66 21 0 1 6 15 9 16 1673 28 36 0 5 9 4 13 20 4 55 43 25 16 1063 2896 15 17 0 1 14 14 23 29 22 1 28 8 45 34 15 45 53 9 115 14 7 1 33 4 51 5 4602 100 824 56 48 29 25 11 36 211 55 15 34 107 21 12 69 76 1 0 2 1 0 6 2 0 1 2 3 13 0 0 1 0 0 0 2 0 3 0 1 2 2 0 0 0 0 0 0 1 0 33 0 11 0 0 11 17 2 0 0 2 2 1 0 0 1 2 0 0 0 2 0 1 2 1 1 4 0 2 0 0 1 0 0 0 0 0 2 0 1 0 1 1 0 3 4 0 21 25 4 0 1 23 1 1 5 0 1 1 0 2 7 0 1 1 0 1
51 50 35 47 1020 152 25 18 2 8 19 163 2 15 19 26 4 12 3 0 85 132 23 83 114 9 160 335 5593 2977 12772 14 54 51 10 0 11 31 56 27 124 18 170 2 10 32 9 84 14 4 22 19 549 922 81 15 9272 72 1 3 79 198 289 449 800 1 8362 196 1072 159 123 8 28 5 1548 68 10 2 9 0 43 0 319 335 213 1085 894 15 35 9 126 72 25 59 103 765 4 54 1798 6030 2 0 0 2 0 1 0 1 0 1 0 4 0 1 1 0 0 1 3 3 6 7 4 2 1 0 2 0 0 1 0 0 0 13 0 6 0 0 3 13 3 1 3 0 3 1 1 0 3 33 0 2 2 0 0 2 0 0 2 1 0 2 0 0 1 0 5 0 1 1 1 2 0 0 4 17 0 0 33 5 11 12 0 0 2 5 0 2 2 1 0 7 0 0 2 0 2 1 0 0
13 1 5 7 32 11 4 5 5 0 2 19 0 134 113 148 46 28 7 8 311 338 152 242 52 58 459 509 51 8 37 2753 2040 2867 97 22 322 153 183 415 175 16 125 0 2 11 1307 49 13 1 5 12 55 51 10 17 72 3824 247 1769 28 35 60 261 508 1 119 2714 1168 21 25 37 242 8 8058 60 9 6 43 0 12 1 75 67 144 51 252 10 23 3 34 25 11 13 32 756 13 5 47 280 3 0 5 1 0 12 1 1 1 1 8 18 0 2 5 0 1 4 12 14 20 13 8 2 5 2 0 3 1 2 1 0 1 47 0 22 3 0 37 51 6 9 3 6 4 0 1 0 3 17 1 4 4 1 0 2 1 2 0 0 0 4 0 1 1 0 1 2 0 1 9 2 3 0 0 4 2 0 7 2 31 38 10 1 4 29 1 0 1 1 4 5 1 2 17 0 3 2 0 7
0 0 0 0 0 0 0 0 0 0 0 0 0 810 386 24 72 6 1 5 2 5 21 151 1 63 524 316 5 0 0 0 6 433 1010 854 994 72 27 613 12 2 50 1 1 0 665 2 1 0 0 0 0 1 0 0 1 247 1926 832 3 2 5 79 113 0 3 2507 91 2 1 0 2 1 80 1 0 0 1 0 0 0 0 1 1 0 13 0 0 0 2 0 0 3 5 0 0 0 1 5 0 0 0 0 0 0 0 0 0 0 0 0 0 0 0 1 0 2 6 2 10 12 11 1 0 0 1 0 2 0 0 0 0 2 0 1 1 0 7 6 4 3 1 0 1 0 0 0 4 2 0 0 0 0 0 0 0 0 0 0 0 0 0 0 0 0 0 1 0 0 0 0 0 0 0 0 0 0 1 0 2 1 3 0 0 1 0 0 0 0 0 1 0 0 0 0 0 0 0 0
1 0 1 0 0 0 0 0 0 0 0 0 0 387 243 96 61 17 4 2 14 17 32 152 6 46 377 292 5 0 2 0 24 2786 239 95 1391 146 58 314 30 5 61 0 0 5 1333 2 6 0 0 0 3 3 1 1 3 1769 832 1180 4 5 12 86 186 0 5 2815 263 4 2 1 5 1 1047 5 1 0 3 0 0 0 4 0 2 5 93 0 5 2 0 2 0 5 12 4 0 0 2 9 0 0 0 0 0 0 0 0 0 0 0 0 0 0 2 0 0 0 5 0 8 3 4 2 1 0 0 0 0 1 0 0 0 4 0 3 0 0 7 17 4 2 0 0 0 1 1 0 0 2 0 0 0 1 0 0 0 0 0 0 0 1 0 0 0 0 0 0 0 0 0 0 0 1 0 0 0 0 0 0 3 6 1 1 0 6 0 0 0 0 0 0 0 0 0 0 1 0 0 0
7 4 5 2 46 18 4 2 1 2 9 33 27 4 27 27 19 942 168 18 10 17 21 597 19 6 39 28 110 15 32 20 38 39 2 1 57 342 3945 6 450 308 1626 66 68 1269 6 395 124 15 18 13 39 49 37 14 79 28 3 4 5887 176 331 1702 197 44 215 29 9908 144 194 7 194 6 119 4575 9 3 40 3 112 6 50 39 37 56 34 133 453 113 4752 213 26 76 396 108 8 4 27 62 1 0 0 0 1 3 0 3 1 1 1 12 2 8 90 5 2 3 6 37 39 80 9 0 3 2 1 10 0 8 12 13 4 19 5 27 0 0 31 28 45 1 105 5 0 101 184 15 86 1072 4 32 42 1 9 82 1 2 6 21 0 10 1 3 12 3 121 136 45 104 3 15 63 6 94 697 11 15 991 64 11 16 9 22 154 10 5 29 34 2 1 164 51 23 7 0 2 1 2 3
14 3 7 2 28 11 12 9 2 3 2 19 8 5 25 70 14 99 60 15 27 109 36 53 62 28 15 44 428 20 45 5 13 30 2 2 21 42 73 24 264 64 515 18 53 142 8 4885 154 364 29 30 151 252 18 14 198 35 2 5 176 6898 6586 1355 546 17 792 78 1824 5059 3968 7 41 6 244 284 21 1 17 5 628 31 152 200 167 269 97 309 417 134 522 203 56 566 1088 56 5 7 120 181 0 1 0 0 1 1 0 2 0 0 0 1 1 0 2 0 0 4 4 8 6 13 5 0 0 2 2 3 0 2 2 1 2 3 0 3 0 0 3 9 3 4 2 0 3 12 7 2 14 36 3 231 244 3 6 142 11 6 8 132 0 1 0 3 0 0 6 21 58 15 0 2 4 2 92 34 49 102 457 21 3 7 7 3 33 22 28 122 390 2 1 730 123 4 4 0 0 0 0 3
6 4 8 3 38 15 12 11 3 3 5 20 10 9 36 88 20 145 77 19 34 96 22 43 69 13 32 48 548 36 57 10 12 59 4 0 43 90 74 26 119 36 1189 33 94 207 28 1020 81 217 9 20 191 326 42 23 289 60 5 12 331 6586 14876 4944 1968 24 1173 156 5157 1622 464 6 52 9 438 310 19 0 25 1 107 6 205 235 139 344 159 71 266 179 899 135 60 616 2593 68 13 10 142 318 0 0 0 0 1 0 0 3 0 0 0 1 2 2 2 0 0 3 3 7 4 18 11 0 2 1 4 2 0 1 2 1 3 4 1 2 0 0 12 5 6 5 6 2 0 16 12 4 18 58 2 74 100 0 0 95 1 1 2 30 0 0 0 2 1 0 10 25 28 17 1 0 10 2 89 70 10 33 470 27 0 10 5 3 37 17 3 57 105 0 0 458 57 5 1 0 1 0 0 0
21 9 12 5 81 37 21 14 1 9 7 41 33 140 287 461 72 968 307 83 59 199 106 594 179 73 716 2020 549 66 92 18 63 344 119 24 318 296 756 239 178 46 7297 21 65 2144 280 356 93 13 15 18 218 420 43 29 449 261 79 86 1702 1355 4944 10184 10031 6 1502 1002 5458 601 447 8 123 15 1497 401 7 1 25 0 124 3 269 386 258 733 633 51 128 67 1527 125 37 205 1812 169 3 12 395 773 0 0 0 0 0 0 0 1 0 0 1 1 7 9 46 6 2 26 15 71 34 117 57 3 3 4 6 7 1 9 6 3 1 10 0 8 6 0 27 41 54 23 48 0 3 5 21 0 22 388 15 9 13 0 2 15 3 0 0 9 0 1 0 0 2 3 65 35 4 10 3 2 10 5 27 93 3 13 173 10 8 18 19 3 17 13 1 11 19 1 1 75 8 11 2 0 2 1 1 1
20 9 6 5 140 28 19 9 1 11 14 47 41 99 297 210 14 193 80 7 54 63 27 327 32 10 808 2610 835 153 293 16 75 516 51 79 402 133 2122 30 255 128 661 6 16 647 60 436 48 8 18 17 196 273 51 22 800 508 113 186 197 546 1968 10031 15628 3 1105 377 12763 229 419 8 32 4 2719 87 4 0 10 0 100 3 168 182 115 247 134 38 61 24 216 104 20 62 327 271 3 27 150 1289 2 2 0 0 2 1 0 3 0 0 0 6 1 12 101 3 5 21 4 120 12 43 13 1 1 0 1 13 2 13 4 6 6 15 3 8 0 1 8 10 112 3 148 0 3 9 55 5 25 966 0 4 10 0 2 3 0 1 1 10 0 0 0 1 7 1 157 55 5 7 1 1 19 2 14 186 0 3 221 5 6 16 7 10 21 10 3 3 13 0 1 35 4 11 1 0 0 0 0 1
2 1 1 0 6 1 2 5 48 6 1 1 3590 1 0 3 5 42 438 4 1 0 1 4 2 0 0 1 6 2 5 2 5 2 0 0 7 98 12 0 28 17 68 641 2502 1180 0 23 11 860 95 533 4 1 4 1 1 1 0 0 44 17 24 6 3 808 3 1 36 15 25 27 112 368 4 24 1490 1020 534 541 169 555 6 3 2 1 5 375 129 498 717 34 17 9 36 6 363 23 1 0 0 0 0 0 0 0 0 0 0 0 0 0 1 4 221 2 1 7 3 51 7 106 1 0 0 0 0 1 0 5 1 0 1 4 0 1 0 1 6 14 10 0 16 0 1 14 75 4 21 230 0 8 10 0 1 30 57 7 59 39 1 0 0 0 0 0 22 18 1 249 0 1 0 1 15 35 17 11 182 9 1 3 20 0 15 5 10 17 42 1 0 54 14 2 0 0 0 0 0 0
322 169 249 122 534 204 92 169 21 76 42 350 3 17 25 33 10 34 21 6 97 236 82 533 695 92 577 476 9825 803 3505 74 254 130 17 2 30 116 81 236 168 43 691 12 9 67 48 192 64 15 29 44 1320 2650 138 28 8362 119 3 5 215 792 1173 1502 1105 3 19092 613 1630 576 350 85 218 53 2925 207 31 1 122 3 108 3 795 3151 284 4145 2799 56 188 40 411 175 41 207 528 531 41 47 1532 6229 2 0 3 1 0 10 2 6 0 1 3 26 0 0 3 1 2 4 6 5 11 3 3 7 6 0 1 0 0 1 1 1 5 118 0 47 0 0 53 62 4 4 3 5 14 3 8 0 2 57 2 3 2 4 0 6 0 5 1 3 1 6 0 1 7 0 10 1 0 1 15 4 9 0 6 25 1 2 57 4 67 61 28 2 5 85 1 6 2 1 5 15 3 9 21 2 5 2 3 1
14 1 4 1 13 6 2 6 0 4 2 6 0 472 303 55 55 27 22 12 45 125 93 1200 142 290 1838 657 243 12 41 6 146 5255 1211 409 1627 386 52 2440 76 34 666 3 4 26 6038 13 28 4 1 7 87 137 11 8 196 2714 2507 2815 29 78 156 1002 377 1 613 4963 333 39 22 6 121 40 3951 16 28 2 42 0 14 1 70 124 97 322 654 3 18 5 39 20 7 23 145 27 14 5 220 945 0 0 1 0 0 1 0 1 0 0 1 0 4 2 0 1 0 3 26 10 32 16 29 2 8 2 2 2 0 3 3 0 1 35 0 24 3 0 70 114 1 12 0 0 4 0 1 0 12 7 6 0 0 0 0 4 1 0 0 1 0 3 0 1 3 0 2 0 0 0 2 4 0 2 3 1 1 1 8 0 21 68 17 0 1 31 0 0 0 0 3 6 1 2 1 0 2 2 0 1
46 15 7 8 818 335 85 18 6 7 113 262 30 87 413 254 80 1183 113 101 99 158 69 709 62 16 208 640 1318 339 919 211 413 1300 28 359 1271 803 5283 53 806 426 2590 43 195 611 93 6467 179 119 33 31 367 490 91 45 1072 1168 91 263 9908 1824 5157 5458 12763 36 1630 333 13543 640 1660 55 191 13 5298 8557 32 2 61 2 344 9 324 296 275 389 192 558 873 192 2232 326 62 249 988 1742 30 79 223 1638 0 1 0 0 6 1 0 5 0 1 1 15 3 8 74 5 4 6 8 56 49 79 21 5 8 5 2 16 1 16 17 15 6 30 11 37 5 0 37 34 63 3 131 14 6 98 182 12 78 1388 13 74 85 2 13 195 3 3 2 38 3 6 0 3 14 1 181 179 77 63 7 14 85 5 210 714 16 31 1583 108 12 37 10 27 173 36 5 71 88 1 0 547 71 32 6 0 4 0 1 5
54 15 37 12 36 18 13 47 6 21 7 39 5 7 31 57 8 61 57 14 39 154 48 87 67 21 18 33 325 26 48 6 19 26 5 1 16 51 43 34 378 90 478 17 43 87 12 627 228 121 122 428 138 177 50 34 159 21 2 4 144 5059 1622 601 229 15 576 39 640 6119 4117 8 37 13 124 145 23 2 26 24 3202 304 156 157 137 186 83 888 596 178 408 551 2044 2599 1378 33 14 11 112 105 0 0 1 0 0 1 0 3 0 0 0 0 0 0 3 0 0 3 3 4 2 10 5 0 1 1 0 3 1 1 0 2 1 3 0 1 0 0 2 10 1 6 3 1 1 11 7 0 7 24 1 104 91 0 6 67 58 47 118 383 1 0 0 0 0 0 2 11 5 4 2 2 1 1 33 25 138 171 200 10 3 8 4 2 13 22 139 73 685 0 0 320 71 2 5 0 1 0 0 1
43 17 35 9 74 39 20 28 4 15 9 50 9 5 15 40 5 57 49 6 15 34 10 28 22 4 16 27 218 38 49 24 27 22 1 1 19 60 34 5 423 54 181 22 70 51 2 4319 104 77 26 106 60 100 27 15 123 25 1 2 194 3968 464 447 419 25 350 22 1660 4117 11014 15 46 11 189 536 27 1 31 21 4081 273 83 93 50 75 25 1541 943 188 613 330 143 346 155 134 10 6 36 135 0 0 1 0 0 0 0 2 0 0 0 2 2 1 2 0 0 2 0 4 5 4 3 1 0 2 2 3 0 1 3 2 0 5 0 4 0 0 6 7 3 1 4 3 3 18 22 0 13 47 1 144 104 0 3 103 50 39 94 433 0 0 0 0 0 0 2 25 16 7 1 1 4 0 72 53 149 173 368 24 7 5 3 1 24 14 157 73 769 1 0 407 100 1 3 1 0 0 0 0
110 109 119 124 247 580 176 124 571 917 1788 4079 18 0 3 6 0 4 14 1 120 93 18 5 35 10 3 4 112 166 53 636 3409 12 2 0 2 32 0 18 202 2 19 39 146 2 4 11 8 99 28 65 276 130 57 45 8 37 0 1 7 7 6 8 8 27 85 6 55 8 15 7041 825 211 66 24 1780 137 3919 30 47 47 229 112 196 20 39 60 31 99 34 71 28 8 14 778 4070 623 18 13 94 9 332 123 17 712 61 70 91 150 305 1134 3 2 1 1 1 4 15 4 40 6 15 46 45 6 6 1 0 1 15 1 85 1128 0 385 2 0 151 166 2 16 4 61 117 5 3 1 21 14 9 1 3 36 5 3 9 44 12 4 27 73 6 51 109 1 5 2 2 1 122 25 32 1 1 16 21 5 14 7 680 279 71 7 5 577 3 3 5 10 85 17 15 64 464 41 64 14 2 38
