31341 7500 18854 4239 5175 1842 10267 11912 18 411 10 856 0 0 0 2 0 1 0 0 119 22 5 1 3 1 0 0 5480 12961 496 258 82 1 0 0 0 18 2 1 1322 0 4 0 0 0 0 4 10 6 17 99 418 430 437 236 70 20 0 0 0 1 3 2 0 0 299 3 0 9 3 132 53 103 22 0 32 0 63 10 54 2 901 571 629 674 3 11 6 3 3 45 14 18 10 112 27 2196 11 1 96 23 159 118 5 117 1 0 84 30 54 156 0 0 0 0 1 1 0 0 0 0 0 15 6 3 9 0 0 0 164 0 92 95 0 50 1 0 14 2 2 6 1 13 87 0 0 0 7 0 4 3 1 2 0 0 2 6 2 1 50 26 2 15 26 3 0 0 1 0 70 11 0 2 1 0 0 2 4 0 155 41 24 0 0 58 0 0 2 1 57 0 1 5 61 33 58 8 0 0
7500 4247 1325 4697 2527 434 65 114 0 16 2 149 0 0 0 0 0 0 0 0 43 8 0 0 2 0 0 1 130 1741 139 11 11 0 0 0 0 5 0 0 234 0 1 1 0 0 0 0 0 1 1 10 25 34 38 32 9 2 0 1 0 1 2 0 0 1 53 1 0 0 0 47 7 7 1 0 10 0 12 3 6 1 110 73 135 147 2 2 0 0 1 0 2 1 0 14 5 47 1 1 30 7 68 44 1 45 1 2 24 11 30 73 0 0 0 0 0 0 0 0 0 0 1 3 1 0 0 0 0 0 29 0 23 21 0 5 0 0 1 0 0 2 0 1 16 0 0 0 0 0 2 0 0 0 0 0 0 2 0 0 3 2 0 3 4 0 0 0 1 0 8 2 1 0 0 0 1 1 0 0 43 8 9 0 0 7 0 0 0 2 4 0 0 2 24 7 12 1 0 0
18854 1325 11266 6959 124 5097 180 5571 18 6803 34 16212 0 1 1 0 0 1 1 2 123 25 4 3 2 0 0 0 201 237 57 23 57 1 0 0 0 9 0 1 969 3 1 3 1 0 4 1 7 2 5 63 149 126 149 139 34 12 0 1 2 1 3 0 0 2 159 4 4 3 2 168 19 46 20 0 65 1 55 5 17 2 421 287 451 411 2 8 6 0 2 20 8 8 1 25 298 162 12 1 271 54 870 535 6 731 5 23 741 255 341 653 0 0 0 0 1 1 2 0 5 0 1 18 6 5 8 0 0 3 325 1 160 140 0 33 3 0 7 3 1 0 0 12 98 0 2 1 17 1 3 3 0 2 1 7 2 4 0 0 29 8 5 25 30 2 0 1 0 3 53 15 1 1 0 1 1 1 0 0 323 22 66 1 1 94 10 2 5 4 35 2 5 13 281 51 62 12 0 1
4239 4697 6959 23581 5283 9626 54 57 6 122 21 1880 0 1 0 0 2 0 1 2 189 54 8 3 2 0 0 0 116 1217 202 29 43 3 0 0 1 14 0 1 522 0 0 4 1 0 2 1 1 1 2 14 59 30 69 59 70 9 1 0 0 1 2 1 0 1 84 8 2 0 1 177 18 23 20 0 27 1 27 5 8 1 200 121 280 336 2 3 1 1 1 10 3 2 0 24 145 64 15 1 201 45 607 353 6 545 2 12 313 150 247 541 0 0 0 0 1 0 4 1 4 1 0 10 6 3 1 1 0 4 261 3 128 113 0 17 1 2 9 3 1 1 1 12 65 0 2 1 7 1 5 2 2 2 0 5 1 8 2 1 19 10 3 16 11 1 1 1 0 1 40 8 3 3 0 0 6 3 2 1 308 26 36 3 1 63 3 1 3 2 33 3 2 12 203 56 42 7 0 2
5175 2527 124 5283 12606 11342 354 106 4 41 10 1712 0 0 0 1 2 1 1 0 324 96 18 1 8 3 2 1 713 7888 7430 1408 418 1 0 0 0 14 1 2 757 2 3 5 0 1 4 6 2 1 5 19 109 77 135 89 175 36 0 0 1 3 4 0 1 0 176 11 9 3 3 333 39 39 37 2 23 0 63 3 10 2 269 165 419 517 2 9 3 1 3 11 2 5 2 957 37 294 30 1 98 19 216 145 3 158 4 6 77 31 72 230 1 2 0 0 0 2 2 1 3 2 5 6 3 3 4 1 0 1 157 1 97 86 0 23 2 4 9 5 0 1 2 16 71 0 2 0 5 0 3 0 0 1 0 0 0 8 5 5 18 13 3 5 10 0 0 1 1 2 42 8 1 2 0 3 2 2 1 0 163 16 26 4 1 40 1 0 2 3 40 0 1 9 78 30 41 7 1 2
1842 434 5097 9626 11342 15464 273 92 27 1534 144 16835 1 0 4 0 2 2 3 0 598 184 35 1 16 0 1 4 348 1711 2572 3602 958 5 0 0 1 22 2 1 703 2 1 12 1 2 6 5 1 0 5 18 85 84 124 70 198 31 0 1 2 4 3 1 2 3 269 13 5 3 1 446 34 44 37 2 35 0 55 4 15 2 252 199 511 640 1 7 4 1 1 5 2 1 2 1570 529 206 64 2 209 36 585 347 8 515 3 13 416 190 258 495 1 3 0 0 1 2 1 2 2 4 1 11 3 1 9 1 0 1 230 1 124 137 1 23 1 2 12 15 0 3 2 15 62 0 3 0 4 4 6 3 2 1 0 6 2 4 2 0 26 2 0 17 14 1 0 2 1 3 30 6 1 0 0 4 3 2 3 1 333 18 44 5 2 97 5 1 3 0 34 3 2 15 251 32 48 13 0 0
10267 65 180 54 354 273 13646 11468 4358 6477 119 330 1 0 1 0 0 0 0 0 45 11 3 0 0 0 0 0 2923 2049 339 201 90 0 0 0 0 10 0 0 148 0 2 10 3 0 1 1 3 9 4 50 414 245 397 71 42 9 0 0 2 0 3 0 0 1 61 2 4 5 0 144 51 105 13 1 182 6 71 4 24 3 481 135 72 75 0 7 4 6 7 27 9 6 1 51 1195 4854 3 0 20 3 16 11 1 10 0 0 7 7 6 10 0 0 0 0 0 0 1 0 0 0 1 13 2 1 3 1 0 0 12 0 14 18 0 28 0 0 12 1 1 0 1 5 25 0 0 0 7 1 1 3 0 0 0 0 1 2 1 0 20 4 2 4 6 0 0 0 0 0 16 4 0 0 0 0 2 2 2 1 24 36 19 1 0 19 1 0 3 1 21 0 2 2 3 11 13 5 0 0
11912 114 5571 57 106 92 11468 22808 2249 38903 226 168 1 0 0 0 0 1 0 0 32 8 1 2 3 0 0 0 432 1433 40 45 28 2 0 0 0 6 0 0 537 1 0 5 1 0 0 1 2 2 11 62 351 275 357 139 30 12 0 0 0 1 1 0 1 0 123 4 2 9 2 41 11 50 10 0 12 0 40 12 39 2 649 335 277 209 0 9 9 2 0 34 17 11 6 28 32 1127 4 1 15 2 35 24 0 14 0 0 12 7 9 16 0 0 0 0 1 0 1 0 0 0 0 14 5 1 3 0 0 0 21 0 15 28 0 26 0 0 5 3 1 0 0 7 30 0 1 0 2 0 1 0 0 0 0 1 0 0 2 0 10 4 1 5 6 0 0 0 0 0 12 3 1 1 1 0 0 3 1 0 23 25 11 0 1 16 0 0 3 1 13 0 0 1 10 10 11 2 0 0
18 0 18 6 4 27 4358 2249 975 3542 249 217 2 0 0 1 0 1 3 0 1 4 1 0 0 0 1 0 10 16 0 6 14 0 0 0 0 0 0 0 7 0 1 33 22 2 0 0 1 29 3 15 248 27 175 5 2 1 0 0 1 0 1 0 0 9 6 1 1 2 0 198 6 76 0 0 739 24 98 7 8 17 35 11 4 4 0 34 14 21 8 2 0 1 3 0 3495 1907 1 0 0 1 8 6 0 11 0 2 6 8 5 6 0 0 0 0 0 2 1 0 0 0 0 1 0 0 1 0 0 0 2 0 1 3 0 1 0 0 0 0 0 0 0 0 3 0 0 1 1 0 0 0 0 0 1 0 0 0 3 2 0 0 0 0 0 0 0 0 0 0 0 1 0 0 0 1 0 0 2 0 3 2 5 0 0 1 0 0 0 0 1 1 1 0 9 0 0 0 0 1
411 16 6803 122 41 1534 6477 38903 3542 19287 17579 18692 2 0 0 0 0 0 1 1 42 12 3 0 2 0 2 0 153 188 32 25 37 0 0 0 0 7 1 0 389 1 0 23 12 2 0 1 4 10 13 78 306 202 332 110 24 5 0 0 1 4 1 1 0 1 103 1 2 6 3 501 27 73 13 0 405 10 128 12 31 8 450 207 201 137 2 15 18 11 7 28 19 11 5 25 3459 2160 3 1 95 15 471 232 2 374 0 16 273 254 198 270 0 0 0 1 0 0 0 0 2 0 0 10 2 3 1 1 0 0 89 1 49 78 1 17 0 0 3 3 0 1 0 10 27 1 5 0 10 0 2 1 0 0 0 9 0 1 3 4 14 9 2 5 6 1 0 0 0 1 38 8 0 0 0 0 2 2 2 0 158 23 52 2 1 48 3 3 7 1 16 2 1 1 205 23 17 5 0 0
10 2 34 21 10 144 119 226 249 17579 7259 9456 0 0 0 0 0 0 1 0 20 6 3 0 0 0 0 0 9 24 13 8 17 0 0 0 0 0 0 0 14 0 0 2 0 0 0 0 0 2 0 0 11 5 18 10 5 0 0 0 0 0 0 0 0 0 18 0 1 1 0 531 6 14 0 0 52 1 41 0 2 1 17 5 7 7 0 1 0 1 1 1 0 0 0 2 883 145 0 0 23 6 123 62 1 116 2 4 55 94 66 86 0 0 0 0 0 0 0 0 0 0 0 1 0 0 1 0 0 0 24 0 20 25 0 0 0 0 0 0 0 0 0 0 7 0 1 0 2 0 0 1 0 0 0 4 0 0 1 1 2 2 0 1 2 0 0 0 0 0 0 0 1 0 0 0 2 0 2 0 62 3 22 0 0 19 2 1 0 1 4 0 1 1 87 2 8 0 0 0
856 149 16212 1880 1712 16835 330 168 217 18692 9456 45022 0 0 5 2 0 2 3 1 617 212 45 1 10 0 0 1 499 1653 1159 2365 1826 1 0 0 1 31 1 0 644 2 1 9 7 0 4 5 4 1 4 30 101 100 131 95 335 118 0 0 4 1 3 0 0 3 419 14 3 3 2 1744 70 140 31 4 203 4 185 4 17 1 310 243 478 577 1 13 4 6 1 13 5 2 0 1006 3819 318 51 6 419 87 1384 783 21 1288 3 48 1508 470 650 1265 2 2 0 1 2 1 6 0 6 8 2 34 11 5 6 0 0 1 539 2 393 387 0 44 4 1 16 13 1 2 1 26 156 2 5 1 19 0 6 3 1 5 1 11 2 5 1 1 51 20 5 39 41 4 0 1 0 7 113 19 1 0 0 1 8 3 4 0 925 46 123 4 3 224 11 7 8 10 57 5 4 31 711 82 107 17 0 1
0 0 0 0 0 1 1 1 2 2 0 0 7724 0 0 0 8 76 5148 210 0 0 2 1 0 0 3 4 0 0 0 0 0 0 0 0 1 258 3 0 6 1 7 4967 4737 697 1 5 3 287 11 37 0 0 1 1 0 0 0 2 8 4 4 2 9 2596 0 0 10 6 3 1 11 3272 1 5 84 232 37 29 18 86 0 0 0 1 0 97 64 389 403 6 0 2 23 1 21 4 0 0 1 1 0 0 0 0 0 0 0 0 0 0 0 22 108 2 0 33 2 242 4 133 2 0 0 1 1 0 0 24 5 0 1 2 0 3 2 0 3 4 290 1 219 1 7 15 12 5 11 1039 0 5 11 1 0 4 2 4 5 8 1 1 0 1 2 2 100 50 20 393 0 4 6 4 16 223 6 7 136 15 1 0 68 2 24 1 1 14 14 0 0 20 11 1 0 1 0 0 0 0
0 0 1 1 0 0 0 0 0 0 0 0 0 7184 9555 38 752 11 11 47 12 9 321 114 3 7 1229 1511 2 2 28 0 4 9 4567 10430 1669 15 18 237 349 40 30 0 0 2 179 1 10 0 0 0 0 2 1 1 54 206 113 520 5 2 4 11 28 0 3 147 38 0 1 0 0 2 333 1 0 0 0 0 0 0 0 0 2 2 0 1 4 2 3 7 0 9 10 29 0 0 4 6 0 0 0 0 0 0 0 0 0 0 0 0 0 0 0 0 0 0 0 0 0 1 0 0 0 0 0 0 0 1 0 0 0 0 0 0 0 1 0 0 1 2 2 0 0 0 0 0 0 2 0 1 0 0 0 0 0 0 0 0 0 0 0 0 0 0 0 0 0 0 0 0 0 0 0 1 0 0 0 1 0 0 0 0 2 0 0 0 0 0 0 0 0 0 0 0 0 0 0 0
0 0 1 0 0 4 1 0 0 0 0 5 0 9555 25098 5354 2904 925 146 626 28 58 1390 652 6 64 1641 2445 6 3 30 6 18 17 1289 2149 1714 56 659 595 1548 395 207 4 0 17 241 7 116 5 2 0 0 0 10 8 25 393 71 550 52 18 29 25 113 3 10 107 184 10 2 1 15 9 525 16 3 0 0 0 6 0 2 1 2 11 1 3 16 1 26 60 4 43 153 62 0 0 13 6 0 0 0 0 0 0 0 0 0 0 0 0 1 20 2 2 1 18 6 62 6 33 5 2 0 1 4 2 0 17 0 0 0 2 0 2 1 0 6 6 63 6 32 0 3 1 0 0 3 42 2 8 7 2 0 0 0 1 0 4 0 1 0 0 2 4 1 9 5 3 2 0 0 2 6 10 2 7 9 0 0 0 6 1 5 0 2 1 9 0 0 10 6 0 0 0 0 0 0 0
2 0 0 0 1 0 0 0 1 0 0 2 0 38 5354 23158 259 5425 7321 518 7 28 387 638 5 65 1259 5583 2 1 4 3 18 18 467 103 366 232 1625 185 1265 617 295 7 2 50 28 16 293 11 5 2 0 0 26 26 7 142 9 122 87 45 47 29 143 9 6 18 209 28 7 2 10 118 218 30 0 0 2 0 15 5 2 4 3 4 0 23 81 8 78 170 10 121 450 33 0 0 4 3 0 1 0 0 0 0 0 0 0 0 0 0 14 278 23 47 1 202 9 576 36 611 17 1 1 4 11 16 4 273 0 0 1 2 4 16 73 8 7 16 468 29 209 0 12 18 3 3 38 309 6 52 44 3 3 5 3 3 5 27 0 0 0 0 2 3 8 38 16 19 1 0 4 5 14 62 11 32 52 2 0 0 68 0 10 1 2 10 64 0 1 46 59 0 0 0 0 1 0 0
0 0 0 2 2 2 0 0 0 0 0 0 8 752 2904 259 3769 472 976 1855 61 118 1089 257 26 253 115 138 2 1 2 3 21 16 155 418 943 305 271 976 950 95 86 7 4 80 410 8 33 6 0 0 1 1 5 4 9 128 30 196 44 13 23 24 16 9 14 51 21 4 2 6 11 149 134 9 0 2 1 1 4 7 2 2 11 23 3 7 8 10 81 23 3 10 80 32 0 0 13 4 1 0 0 1 0 0 2 0 0 0 1 0 24 96 0 47 25 29 77 13 215 116 131 50 39 33 99 20 7 62 3 1 4 44 6 79 114 76 110 168 19 99 28 1 39 19 4 0 132 34 83 7 6 1 1 0 0 1 0 3 18 3 2 3 2 45 8 35 12 3 6 8 8 27 2 20 4 2 29 10 4 15 62 16 21 11 1 0 3 1 8 10 15 2 2 0 19 18 1 3
1 0 1 0 1 2 0 1 1 0 0 2 76 11 925 5425 472 15464 4093 711 14 33 185 1905 9 57 4055 1141 9 3 7 17 89 21 201 29 730 1907 6262 82 2052 953 1027 81 37 5008 45 111 462 30 6 5 8 2 88 93 29 89 9 56 2182 150 261 964 1185 403 20 29 480 59 48 21 73 270 121 160 2 0 4 2 46 8 14 6 8 19 2 69 214 49 893 404 17 189 809 48 2 1 14 3 0 1 1 0 0 0 0 0 0 0 0 0 3 942 525 98 1 417 20 1522 42 2131 32 0 0 10 9 91 7 751 6 4 5 15 11 45 17 1 27 31 2131 10 2106 3 36 79 34 31 111 2885 8 189 139 7 22 34 6 14 16 80 3 0 0 0 11 19 127 337 90 421 5 5 26 21 55 674 45 133 254 27 0 1 211 7 52 1 16 33 247 0 1 187 258 2 2 0 2 1 1 1
0 0 1 1 1 3 0 0 3 1 1 3 5148 11 146 7321 976 4093 50097 15497 40 78 398 484 22 115 1287 419 2 1 2 2 12 6 152 18 186 4302 213 657 946 263 249 7489 865 3845 278 40 141 114 4 20 1 1 25 24 13 25 7 17 125 77 87 199 258 1497 15 40 109 29 21 4 17 11323 29 47 13 83 3 20 50 85 6 3 7 18 0 107 179 307 1989 91 3 67 310 12 3 0 12 3 0 1 0 2 1 0 0 0 1 0 1 1 84 1554 380 218 48 1568 200 3059 441 5004 413 50 29 83 142 118 22 1381 9 2 8 62 14 122 343 112 131 333 2080 281 1353 4 169 108 27 29 339 2836 79 97 93 20 19 26 3 11 20 46 30 3 4 3 12 80 92 282 91 581 10 6 18 38 50 465 28 87 292 31 8 16 1136 18 73 10 12 27 137 5 9 127 201 8 2 1 19 12 2 5
0 0 2 2 0 0 0 0 0 1 0 1 210 47 626 518 1855 711 15497 2287 17 41 303 314 6 90 180 37 2 1 2 2 7 5 298 23 59 353 141 920 362 124 118 544 97 195 278 8 77 22 3 8 0 0 2 3 3 16 3 19 21 23 31 14 9 53 1 19 6 14 7 3 4 398 28 8 2 27 2 3 12 23 0 2 2 7 1 33 37 42 246 26 3 18 161 4 1 0 5 1 1 2 0 2 0 0 0 0 0 0 0 0 61 261 8 65 9 107 63 40 219 436 131 21 11 21 57 18 6 142 2 1 3 26 0 37 213 62 55 87 26 153 39 1 27 25 2 1 93 56 42 11 6 1 2 2 0 0 2 5 12 3 2 0 2 52 8 27 18 23 2 1 1 11 10 31 0 6 26 7 0 9 79 2 10 1 0 2 5 2 2 12 18 1 0 0 4 5 0 3
119 43 123 189 324 598 45 32 1 42 20 617 0 12 28 7 61 14 40 17 18736 9445 4071 111 276 186 39 8 95 347 718 204 888 255 4 3 175 1179 23 150 863 50 30 92 1 8 90 21 16 3 1 4 20 18 28 1955 82 348 8 31 11 15 57 23 9 0 38 233 36 6 3 293 581 139 1256 7 8 0 101 0 2 1 624 51 5478 621 37 1 3 0 11 7 2 3 63 1171 16 52 800 94 10 2 4 7 0 3 0 0 9 2 4 8 3 12 1 7 13 16 34 4 30 16 38 27 21 15 29 3 0 8 9 3 8 29 5 67 21 15 31 87 9 23 6 2 24 4 0 1 24 6 24 4 0 1 1 0 1 0 3 2 29 11 4 0 3 8 2 12 5 1 9 2 3 12 3 10 1 2 8 1 26 33 39 9 8 17 0 0 3 1 24 4 3 0 0 2 14 12 0 9
22 8 25 54 96 184 11 8 4 12 6 212 0 9 58 28 118 33 78 41 9445 28990 5548 1255 6196 2696 256 9 48 135 283 149 1135 546 16 17 301 2410 43 2450 482 294 616 139 1 24 785 16 163 15 0 6 11 18 26 185 100 256 21 75 44 118 215 169 11 6 100 632 33 39 6 214 866 168 1714 43 14 0 96 0 3 2 339 197 4442 3501 320 4 41 5 85 77 6 104 775 686 20 32 5470 246 6 0 5 1 2 2 0 0 5 1 0 2 5 21 0 9 23 20 42 3 59 33 40 32 35 15 31 4 1 12 11 1 6 59 2 80 24 28 50 114 11 34 15 8 31 5 2 1 55 16 39 12 14 0 1 2 6 2 2 2 39 6 2 2 8 17 4 7 6 2 12 4 11 15 8 15 4 4 20 13 17 33 53 11 17 22 3 4 14 3 13 15 17 0 1 3 11 9 1 6
5 0 4 8 18 35 3 1 1 3 3 45 2 321 1390 387 1089 185 398 303 4071 5548 19266 10531 201 9911 1758 164 15 24 34 62 577 475 90 112 1482 1890 105 2051 8356 2248 307 81 1 15 452 7 126 2 2 0 4 9 12 24 36 118 23 102 42 19 26 25 12 4 83 120 21 8 2 87 368 65 249 17 6 0 39 0 6 1 13 22 92 152 16 4 17 3 37 52 2 52 225 124 12 3 124 13 3 1 1 0 0 1 1 0 1 1 0 5 8 49 3 10 8 22 31 10 45 44 30 14 13 11 35 3 1 21 5 2 3 21 3 41 24 16 30 41 16 30 13 1 17 2 0 0 35 21 18 5 4 0 0 3 0 1 1 2 13 2 2 2 3 21 3 10 5 3 12 1 1 7 5 13 3 0 13 4 8 16 33 4 6 7 0 0 8 2 8 11 5 2 4 2 0 4 1 3
1 0 3 3 1 1 0 2 0 0 0 1 1 114 652 638 257 1905 484 314 111 1255 10531 20478 257 4248 7096 404 34 2 22 9 29 7 1309 200 151 281 309 4513 2346 14239 1694 26 31 1439 2110 17 646 10 3 3 2 16 20 25 223 83 109 51 1149 28 37 186 89 87 290 295 74 18 12 9 31 17 166 63 1 0 3 0 2 1 24 46 57 474 23 8 57 20 1380 124 16 76 524 35 0 1 470 87 0 1 0 0 0 0 0 0 1 0 0 0 0 11 34 2 2 6 4 22 3 24 4 1 1 0 0 2 0 11 5 2 0 1 0 7 5 1 5 7 47 6 91 0 3 15 22 1 13 229 1 13 13 1 1 3 0 2 1 4 0 0 0 0 2 1 74 58 30 56 1 5 4 6 26 239 2 4 172 23 1 0 3 3 56 1 0 5 7 0 0 31 14 1 0 0 1 0 0 0
3 2 2 2 8 16 0 3 0 2 0 10 0 3 6 5 26 9 22 6 276 6196 201 257 5181 381 75 5 16 8 31 12 243 74 5 0 34 416 5 4577 83 58 192 34 1 3 2773 1 21 3 2 4 9 19 6 12 161 21 2 10 19 57 148 155 9 0 521 899 14 18 0 47 203 16 208 11 3 0 13 2 3 0 62 183 521 2761 3621 2 12 4 34 11 2 21 287 52 3 0 5346 583 1 0 0 0 0 0 0 0 1 0 0 0 0 0 0 0 1 1 4 0 2 1 8 3 0 2 1 1 0 0 4 0 0 2 0 8 1 5 4 7 1 2 0 0 2 0 0 0 3 2 4 1 2 0 0 0 0 0 0 0 2 0 0 0 0 0 1 2 0 1 1 0 0 0 0 4 0 0 3 1 1 0 6 0 3 0 0 0 2 0 0 4 1 0 0 0 0 0 0 0
1 0 0 0 3 0 0 0 0 0 0 0 0 7 64 65 253 57 115 90 186 2696 9911 4248 381 7154 1207 9 4 0 4 0 19 4 606 7 146 407 7 7042 676 222 186 36 0 5 651 1 43 1 0 0 3 7 2 7 26 1 7 5 15 24 33 40 0 0 62 28 3 8 0 6 23 4 10 9 0 0 5 0 1 0 10 11 33 139 14 2 6 1 18 17 5 28 189 5 0 0 120 5 0 0 0 0 0 0 0 0 0 0 0 0 0 4 0 1 0 12 1 2 6 14 7 0 0 0 0 0 0 2 1 0 1 1 0 1 3 0 1 6 0 0 1 0 1 3 0 0 0 0 1 0 1 0 1 1 0 0 0 1 0 0 0 0 1 1 1 2 1 0 0 0 0 0 1 2 0 0 2 1 0 0 4 0 1 0 1 1 1 0 0 3 2 0 0 0 0 0 0 0
0 0 0 0 2 1 0 0 1 2 0 0 3 1229 1641 1259 115 4055 1287 180 39 256 1758 7096 75 1207 34685 15860 52 13 101 4 26 11 6376 975 207 210 661 4339 466 719 1023 16 1 450 1552 12 125 6 1 1 16 26 13 8 588 310 487 315 159 18 97 469 1911 16 290 1016 111 4 4 9 20 90 762 9 1 0 2 0 4 1 16 26 28 236 23 6 18 3 101 31 3 19 182 76 0 1 291 251 0 1 0 0 0 0 0 0 0 0 0 1 3 165 18 14 1 176 2 383 5 289 12 0 0 3 3 6 2 173 1 0 1 2 2 3 15 1 5 5 282 3 147 1 24 9 1 0 13 275 1 13 17 1 0 8 0 2 6 11 0 0 0 0 3 3 18 27 13 31 1 0 2 2 9 83 4 21 35 2 0 1 53 3 8 0 2 2 31 1 1 24 13 0 0 0 1 1 0 0
0 1 0 0 1 4 0 0 0 0 0 1 4 1511 2445 5583 138 1141 419 37 8 9 164 404 5 9 15860 16217 29 27 110 4 21 28 217 1125 344 68 4717 19 380 219 158 7 2 372 207 22 89 6 1 2 6 7 9 11 228 634 331 601 233 15 47 255 2614 35 45 679 883 12 21 0 11 97 1192 21 0 0 1 0 17 2 6 3 7 18 1 33 46 11 91 55 3 27 96 158 0 0 32 81 0 1 0 0 0 0 0 0 0 0 0 0 1 227 107 33 0 175 3 724 8 367 8 0 0 5 1 23 0 202 3 0 1 2 3 11 8 0 1 8 1080 0 792 1 18 27 14 6 12 1236 1 113 102 1 1 9 5 6 13 83 0 0 0 0 4 5 73 99 44 94 1 2 8 7 12 332 36 114 92 8 1 1 66 5 22 0 6 12 167 0 0 81 102 2 0 0 0 1 0 0
5480 130 201 116 713 348 2923 432 10 153 9 499 0 2 6 2 2 9 2 2 95 48 15 34 16 4 52 29 33591 13115 1397 340 411 4 13 0 6 83 7 22 165 3 39 13 0 7 15 80 8 4 11 50 2346 8467 931 70 3941 152 4 2 38 147 413 84 48 4 9786 129 185 22 24 393 190 229 337 39 188 0 399 8 26 4 991 2559 124 177 101 7 26 3 52 34 20 18 132 497 36 6560 34 266 109 18 99 70 5 45 6 0 31 2 34 82 0 0 1 0 3 2 4 0 7 3 2 46 31 9 18 0 0 0 149 0 66 119 0 142 0 1 39 20 2 8 2 35 122 1 0 0 23 3 14 4 4 5 0 4 5 21 1 1 104 30 5 15 39 2 2 4 2 1 131 23 7 7 2 10 3 4 18 5 229 126 76 3 4 188 4 0 3 4 127 7 7 14 22 54 75 13 1 4
12961 1741 237 1217 7888 1711 2049 1433 16 188 24 1653 0 2 3 1 1 3 1 1 347 135 24 2 8 0 13 27 13115 22764 7163 1116 629 2 6 2 1 22 15 1 879 1 5 8 2 5 5 119 10 6 17 109 764 783 529 159 6324 109 0 1 20 82 134 27 27 2 742 17 218 18 33 744 117 209 130 26 141 0 291 13 67 6 861 527 539 672 8 16 19 1 25 65 25 15 30 1061 70 2307 37 60 300 39 342 254 14 235 12 4 101 27 110 370 1 3 0 0 4 1 4 0 8 1 5 61 25 14 14 1 0 0 467 6 271 264 2 122 3 1 18 9 5 8 4 68 255 3 1 0 15 6 10 10 4 5 0 1 9 21 9 6 114 53 7 40 74 1 3 4 0 0 153 25 12 5 4 15 13 8 24 3 445 127 61 2 12 171 1 3 5 11 136 7 17 28 87 85 132 26 0 3
496 139 57 202 7430 2572 339 40 0 32 13 1159 0 28 30 4 2 7 2 2 718 283 34 22 31 4 101 110 1397 7163 25261 1290 804 7 38 6 0 24 25 13 1200 7 30 8 2 6 21 290 3 5 5 44 173 243 191 149 5164 80 0 2 62 207 343 82 139 3 634 67 724 35 54 421 53 59 1167 73 21 0 64 4 40 2 467 387 857 1334 33 17 24 6 50 21 7 10 67 9839 22 484 155 7037 92 16 120 85 2 102 0 2 58 13 42 118 0 5 1 3 2 1 5 2 3 5 4 13 8 4 12 1 1 4 120 0 70 77 1 37 2 1 11 16 8 6 6 6 71 3 2 0 9 14 5 2 6 1 0 2 1 7 1 2 27 7 3 8 20 1 5 9 5 7 35 8 2 5 9 47 4 1 43 10 119 21 20 1 16 45 2 3 6 4 27 12 10 9 38 24 37 7 1 0
258 11 23 29 1408 3602 201 45 6 25 8 2365 0 0 6 3 3 17 2 2 204 149 62 9 12 0 4 4 340 1116 1290 1785 5011 2700 0 7 15 57 42 3 183 6 12 0 1 17 24 16 4 2 1 16 57 63 54 34 90 3187 12 502 51 11 9 10 7 1 177 24 27 2 5 402 207 15 3089 16 13 0 36 1 10 0 121 80 126 177 5 2 5 1 21 3 3 6 15 3748 63 152 20 1 31 8 40 35 2 32 1 2 15 9 17 74 0 1 1 1 1 1 0 7 2 3 0 3 1 0 2 1 0 2 31 0 33 28 1 11 0 1 3 4 22 1 18 5 16 0 2 0 4 22 3 2 1 0 0 0 0 1 1 1 9 2 0 0 5 0 4 3 5 5 19 1 1 3 2 11 2 1 15 5 49 12 7 0 5 23 0 1 2 0 8 5 6 4 20 9 6 3 0 0
82 11 57 43 418 958 90 28 14 37 17 1826 0 4 18 18 21 89 12 7 888 1135 577 29 243 19 26 21 411 629 804 5011 10720 2985 43 168 546 2745 166 79 544 15 17 4 2 63 296 41 3 2 6 25 104 108 114 60 266 4731 394 1787 110 23 17 22 13 3 647 250 58 7 12 1035 2636 98 1897 40 56 0 49 3 20 0 304 196 282 585 120 8 19 1 37 15 6 5 30 5741 146 105 166 6 60 11 74 65 2 75 1 2 28 12 42 127 0 7 1 2 3 4 8 14 17 14 5 19 14 9 13 1 0 8 90 0 90 94 0 58 3 0 29 29 35 7 35 12 55 5 2 0 20 45 11 11 5 0 0 0 4 6 4 9 35 14 2 5 25 4 8 7 2 5 51 16 11 4 5 20 13 8 38 8 159 32 37 3 16 80 2 1 5 2 58 8 10 7 43 22 38 13 1 1
1 0 1 3 1 5 0 2 0 0 0 1 0 9 17 18 16 21 6 5 255 546 475 7 74 4 11 28 4 2 7 2700 2985 4013 176 1098 3690 1174 124 34 148 8 6 0 0 8 207 11 5 1 1 1 7 4 10 8 12 2642 2836 9324 42 7 10 9 18 0 87 306 51 2 4 22 30 5 907 9 0 0 1 0 3 0 21 17 43 119 35 1 2 1 9 2 0 2 7 186 1 2 46 1 1 0 0 0 0 0 0 0 0 0 0 0 0 2 0 0 1 3 1 6 3 5 1 2 2 2 5 0 0 0 0 0 3 5 0 9 0 1 9 6 10 1 10 0 2 1 1 0 3 22 1 2 0 0 0 0 1 0 0 2 3 0 0 0 2 0 0 2 3 3 3 0 0 0 0 11 2 0 14 1 0 1 0 0 1 0 0 0 1 1 2 1 2 0 0 0 1 1 0 0
0 0 0 0 0 0 0 0 0 0 0 0 0 4567 1289 467 155 201 152 298 4 16 90 1309 5 606 6376 217 13 6 38 0 43 176 4700 4586 624 106 27 2128 38 99 451 6 0 9 4916 1 21 1 0 0 2 1 3 2 127 198 1043 781 5 10 43 136 41 0 32 499 28 0 3 1 1 21 309 3 0 0 1 0 1 0 3 6 0 16 2 3 5 2 9 3 0 4 109 16 0 1 12 31 0 0 0 0 0 0 0 0 0 0 0 0 1 41 2 9 0 78 2 68 5 128 4 1 0 0 3 2 3 45 0 0 0 3 0 3 4 1 2 1 17 4 10 0 7 1 2 0 7 15 0 4 1 0 0 0 0 0 0 1 0 0 0 0 0 1 1 2 0 2 1 0 1 0 0 6 0 0 3 1 0 0 14 0 0 0 0 1 5 0 0 2 4 0 0 0 0 0 0 0
0 0 0 0 0 0 0 0 0 0 0 0 0 10430 2149 103 418 29 18 23 3 17 112 200 0 7 975 1125 0 2 6 7 168 1098 4586 4146 2132 190 125 433 93 25 97 5 1 3 1044 9 9 1 0 0 0 0 1 1 8 126 3317 1524 33 6 93 109 251 0 6 219 390 1 1 2 4 0 136 5 0 0 0 0 0 0 1 1 0 5 0 0 2 0 18 2 0 3 45 8 0 0 8 1 0 0 0 0 0 0 0 0 0 0 0 0 0 1 1 0 0 2 0 5 2 4 0 0 0 0 1 0 0 1 0 0 0 0 0 0 0 0 0 0 3 1 2 0 1 0 0 0 0 4 1 0 0 1 0 0 0 0 0 1 0 1 0 0 0 0 0 2 1 0 0 0 0 0 1 5 1 1 7 0 0 0 2 0 3 0 0 0 0 0 0 1 1 0 0 0 0 0 0 0
0 0 0 1 0 1 0 0 0 0 0 1 1 1669 1714 366 943 730 186 59 175 301 1482 151 34 146 207 344 6 1 0 15 546 3690 624 2132 4293 3979 761 507 702 77 45 2 1 37 572 8 23 2 1 0 2 1 3 6 12 377 2866 2898 96 7 11 20 55 2 25 249 80 7 6 5 12 20 379 16 1 0 0 0 3 0 6 7 18 55 10 0 9 3 31 8 1 7 43 66 0 0 17 2 0 0 2 2 0 0 0 1 1 0 0 0 3 14 5 8 13 6 19 34 46 31 27 29 18 14 27 3 1 13 3 0 5 32 4 64 7 6 59 60 35 32 34 4 18 8 0 0 41 47 45 7 8 0 1 1 0 0 1 4 19 2 0 1 3 12 6 10 3 7 7 5 4 32 3 18 5 10 10 7 3 10 8 20 10 2 0 2 15 9 6 6 11 0 1 0 11 14 2 2
18 5 9 14 14 22 10 6 0 7 0 31 258 15 56 232 305 1907 4302 353 1179 2410 1890 281 416 407 210 68 83 22 24 57 2745 1174 106 190 3979 14718 619 1209 942 127 168 937 261 2394 1787 53 43 60 7 35 84 72 105 52 211 509 671 1263 513 42 55 103 78 205 548 1019 53 15 18 118 2994 2346 465 50 17 34 23 11 36 51 196 167 247 671 253 58 102 105 1966 41 8 26 160 149 5 16 309 22 10 6 8 10 5 6 2 0 5 0 0 9 22 133 41 42 83 118 199 94 380 253 255 178 142 79 185 19 8 107 32 9 43 294 18 492 110 78 432 614 178 177 177 20 130 37 9 6 423 299 236 38 29 6 3 7 3 16 11 25 149 38 21 8 22 77 43 78 37 67 84 62 50 121 38 184 13 18 148 51 49 216 330 71 76 76 3 11 28 34 82 45 70 12 2 11 77 74 8 49
2 0 0 0 1 2 0 0 0 1 0 1 3 18 659 1625 271 6262 213 141 23 43 105 309 5 7 661 4717 7 15 25 42 166 124 27 125 761 619 7826 40 407 173 174 10 12 703 42 80 88 10 0 3 3 0 20 23 21 597 31 460 14399 47 59 132 3376 49 24 86 4867 22 25 25 69 59 939 159 0 0 2 1 28 3 9 2 6 12 1 29 70 28 388 57 1 35 123 203 0 2 11 7 0 0 0 0 0 0 0 0 0 0 0 0 0 278 227 31 2 113 7 699 8 448 9 1 1 2 3 35 2 236 2 6 2 4 8 26 5 1 11 20 1531 6 1550 1 13 57 31 8 36 1941 5 150 122 5 8 18 3 11 18 102 1 1 0 0 10 9 148 229 78 134 6 6 18 5 32 576 46 146 170 20 1 3 46 8 43 0 22 13 197 2 1 120 162 6 0 0 3 1 2 0
1 0 1 1 2 1 0 0 0 0 0 0 0 237 595 185 976 82 657 920 150 2450 2051 4513 4577 7042 4339 19 22 1 13 3 79 34 2128 433 507 1209 40 10219 315 324 489 112 1 11 6003 4 74 4 0 1 4 7 5 8 115 59 104 58 26 43 96 109 6 7 184 307 13 22 0 26 84 45 101 17 1 0 3 1 3 1 14 29 51 402 28 3 17 3 38 37 4 35 326 15 0 1 397 61 0 0 0 0 0 0 0 0 0 0 0 0 4 34 0 11 3 76 14 17 20 96 30 1 0 2 4 6 1 23 0 0 3 0 0 7 24 5 4 11 4 21 5 0 11 6 0 0 10 5 3 3 4 1 0 0 0 0 0 0 4 0 0 0 2 4 1 8 0 1 0 0 2 1 4 7 0 0 8 0 1 0 14 0 3 0 0 0 3 0 4 4 5 0 0 0 2 1 0 0
1322 234 969 522 757 703 148 537 7 389 14 644 6 349 1548 1265 950 2052 946 362 863 482 8356 2346 83 676 466 380 165 879 1200 183 544 148 38 93 702 942 407 315 10738 3984 440 111 48 661 151 255 2146 243 415 1007 48 28 1254 1467 113 284 11 72 643 247 124 63 66 118 107 154 177 454 311 243 443 260 657 303 156 9 247 95 1083 193 780 76 821 391 34 753 1709 279 1342 3561 556 1350 973 841 21 61 87 48 58 8 45 38 4 25 1 1 45 6 11 28 1 61 19 10 9 37 30 79 35 108 21 48 43 13 53 5 5 52 102 14 50 144 5 198 30 16 112 84 81 37 109 20 100 57 45 5 82 236 40 147 214 13 17 52 13 23 60 106 125 28 13 16 36 19 62 113 72 53 108 51 30 46 195 339 40 116 479 79 113 149 104 22 224 109 44 62 331 13 115 354 237 16 20 40 58 17 2 6
0 0 3 0 2 2 0 1 0 1 0 2 1 40 395 617 95 953 263 124 50 294 2248 14239 58 222 719 219 3 1 7 6 15 8 99 25 77 127 173 324 3984 11274 4969 24 23 565 284 27 2824 43 3 2 1 3 32 39 19 20 13 14 573 18 17 31 23 72 51 23 55 22 18 3 10 6 35 165 2 0 1 0 12 5 4 17 16 94 6 14 131 52 1084 287 14 150 901 15 1 0 59 8 0 1 0 0 0 0 0 0 0 0 0 0 1 11 18 1 0 12 0 22 3 22 2 0 0 0 2 0 0 10 4 6 1 0 0 6 4 1 3 1 35 2 51 1 4 18 19 2 11 144 6 18 15 3 1 9 0 0 0 2 0 1 0 0 2 1 65 41 25 27 0 4 16 2 43 222 1 8 201 34 1 0 3 8 89 2 0 9 20 0 0 60 39 2 1 0 1 1 0 0
4 1 1 0 3 1 2 0 1 0 0 1 7 30 207 295 86 1027 249 118 30 616 307 1694 192 186 1023 158 39 5 30 12 17 6 451 97 45 168 174 489 440 4969 5552 36 67 1163 988 53 3285 119 3 2 11 20 26 32 369 80 100 32 1928 88 258 2692 190 180 409 289 182 18 26 8 17 6 182 416 7 0 8 0 20 3 27 60 57 548 27 27 311 137 3133 266 25 186 3911 30 3 1 540 135 1 4 0 0 0 0 0 0 0 0 0 0 0 16 15 1 2 8 3 19 5 16 5 0 0 1 1 2 1 11 6 8 2 2 1 5 0 0 9 4 35 4 105 2 5 63 37 4 21 284 2 30 50 4 2 18 1 1 3 16 1 2 0 1 11 5 87 134 71 55 3 12 36 17 159 451 11 15 555 112 3 0 5 12 219 1 2 26 42 1 0 148 96 4 2 0 0 1 7 0
0 1 3 4 5 12 10 5 33 23 2 9 4967 0 4 7 7 81 7489 544 92 139 81 26 34 36 16 7 13 8 8 0 4 0 6 5 2 937 10 112 111 24 36 8565 3296 1137 245 24 21 740 33 174 24 16 18 13 50 8 26 1 54 58 36 14 4 807 44 194 24 23 18 19 2755 5525 42 12 1536 1130 8216 134 150 537 32 28 32 62 15 441 360 1004 1929 24 5 17 82 7 209 22 27 10 2 3 4 3 1 2 1 0 2 2 2 4 9 48 24 19 35 74 87 57 181 167 122 56 46 36 82 2 3 36 16 5 18 131 11 280 31 35 196 261 43 60 53 5 40 19 13 2 254 201 71 12 14 0 4 8 13 15 55 28 62 7 6 2 12 22 33 52 17 70 26 19 22 33 52 95 9 16 156 35 15 90 267 25 77 21 13 21 42 3 33 57 33 3 2 2 27 38 1 15
0 0 1 1 0 1 3 1 22 12 0 7 4737 0 0 2 4 37 865 97 1 1 1 31 1 0 1 2 0 2 2 1 2 0 0 1 1 261 12 1 48 23 67 3296 11838 1866 2 18 18 4397 20 79 2 0 4 4 7 4 0 0 82 39 27 34 93 4236 0 2 180 17 27 5 54 230 8 15 1145 696 324 67 77 196 1 1 0 0 0 199 445 3159 1325 16 2 14 67 2 265 19 0 3 0 3 2 0 0 1 0 1 1 2 3 3 0 11 39 5 1 9 3 20 6 15 2 0 0 1 1 5 0 8 14 14 3 7 4 10 0 0 5 7 36 3 141 4 5 61 54 8 31 623 0 25 33 4 1 9 1 7 22 19 0 1 0 1 8 5 233 168 90 203 8 16 47 24 96 628 11 13 869 92 1 1 3 16 215 2 3 40 35 0 0 137 67 7 2 0 3 2 4 0
0 0 0 0 1 2 0 0 2 2 0 0 697 2 17 50 80 5008 3845 195 8 24 15 1439 3 5 450 372 7 5 6 17 63 8 9 3 37 2394 703 11 661 565 1163 1137 1866 7188 36 33 155 21 10 2 0 2 40 34 36 41 7 19 2019 70 255 1640 1789 3429 23 26 317 26 21 31 83 178 64 47 37 4 4 1 21 8 2 4 6 14 1 31 100 73 2835 182 6 94 497 38 15 2 21 8 1 2 0 0 0 0 0 1 0 1 0 0 0 87 911 9 1 34 6 320 16 285 13 0 0 2 5 53 2 122 28 28 8 18 5 32 0 2 20 18 788 3 2083 3 10 110 238 40 113 4791 3 40 22 9 5 5 1 16 2 22 1 1 0 2 22 15 820 769 184 1412 11 24 75 32 28 2169 12 21 960 31 0 3 43 28 234 2 1 17 30 1 1 47 101 7 1 2 3 5 2 0
0 0 4 2 4 6 1 0 0 0 0 4 1 179 241 28 410 45 278 278 90 785 452 2110 2773 651 1552 207 15 5 21 24 296 207 4916 1044 572 1787 42 6003 151 284 988 245 2 36 8347 69 82 5 1 3 10 12 13 7 126 86 716 114 68 129 490 661 345 3 174 2309 412 24 10 50 230 102 108 36 0 0 11 0 7 0 24 49 70 463 301 5 17 5 129 18 4 31 570 44 0 2 500 57 0 0 2 0 0 1 0 0 0 0 0 0 1 9 1 7 16 26 66 4 43 28 49 10 8 14 37 2 0 6 2 0 1 11 0 47 16 13 24 113 9 20 4 1 17 5 1 0 32 9 15 4 6 0 0 0 0 1 1 3 19 0 0 0 0 11 8 7 3 2 6 2 1 4 7 27 2 2 34 3 2 7 63 3 16 0 0 5 2 2 7 9 6 0 0 0 1 11 0 1
4 0 1 1 6 5 1 1 0 1 0 5 5 1 7 16 8 111 40 8 21 16 7 17 1 1 12 22 80 119 290 16 41 11 1 9 8 53 80 4 255 27 53 24 18 33 69 24071 116 402 1 6 10 22 22 45 678 361 79 51 1276 4999 916 214 295 40 100 516 4879 511 2176 2 6 9 1441 17703 15 0 3 3 372 227 18 23 42 82 4 2303 9980 293 1289 69 6 170 386 420 0 12 42 104 0 5 1 0 1 0 0 1 2 0 0 0 0 6 3 6 0 2 7 6 3 6 7 2 0 4 5 2 2 1 32 9 3 2 2 9 2 1 3 9 7 14 10 5 15 156 60 4 20 40 8 626 793 13 20 149 12 10 40 194 2 3 0 0 9 13 17 103 220 29 14 23 38 13 493 254 57 406 821 152 1 4 9 19 357 6 46 324 980 1 1 1132 650 6 5 1 3 7 5 3
10 0 7 1 2 1 3 2 1 4 0 4 3 10 116 293 33 462 141 77 16 163 126 646 21 43 125 89 8 10 3 4 3 5 21 9 23 43 88 74 2146 2824 3285 21 18 155 82 116 9288 147 56 22 4 4 181 352 30 12 6 10 232 115 17 6 6 54 35 18 39 166 122 2 5 8 17 211 6 0 4 1 121 33 94 25 24 83 4 189 1102 195 783 6199 294 3833 4326 9 1 3 30 9 0 4 0 1 0 0 0 0 0 0 0 0 1 2 1 1 0 3 2 8 0 9 3 0 0 0 2 1 0 4 8 7 1 3 0 8 0 0 0 0 7 1 16 0 1 42 24 0 11 54 4 121 165 3 8 31 4 8 10 38 2 1 0 0 1 3 14 38 52 23 0 10 8 4 178 111 13 70 266 52 1 2 1 6 129 1 5 45 174 0 0 274 163 3 3 1 2 0 4 0
6 1 2 1 1 0 9 2 29 10 2 1 287 0 5 11 6 30 114 22 3 15 2 10 3 1 6 6 4 6 5 2 2 1 1 1 2 60 10 4 243 43 119 740 4397 21 5 402 147 11070 264 1298 2 1 86 36 14 7 2 0 69 592 230 8 5 1316 9 15 114 242 174 2 33 346 27 190 1187 532 226 1203 1025 6049 29 4 9 14 1 4923 4128 13911 1610 166 23 144 630 11 223 9 6 2 0 1 2 2 0 2 0 1 2 6 0 1 0 3 4 5 0 2 1 4 4 3 1 0 0 0 4 2 1 2 17 6 1 2 1 4 0 0 2 1 2 1 7 5 6 63 44 3 12 21 2 157 203 9 4 58 67 43 287 179 8 0 0 1 4 3 13 64 64 20 5 8 14 6 264 128 60 137 483 77 1 1 6 5 213 4 92 221 379 0 4 486 188 1 6 1 2 1 2 0
17 1 5 2 5 5 4 11 3 13 0 4 11 0 2 5 0 6 4 3 1 0 2 3 2 0 1 1 11 17 5 1 6 1 0 0 1 7 0 0 415 3 3 33 20 10 1 1 56 264 10221 18390 5 0 1076 193 8 2 0 0 8 3 2 0 1 62 4 2 3 80 21 7 9 48 5 2 118 42 25 1137 2748 575 183 21 43 33 0 360 35 41 14 6177 4846 289 41 5 22 11 1 0 1 0 1 0 0 0 0 0 0 2 0 0 0 0 0 0 1 0 1 1 1 0 0 4 0 2 2 0 0 0 3 0 2 6 0 11 0 0 7 1 2 1 1 1 4 1 0 0 3 0 0 11 5 0 0 12 104 67 457 296 5 1 0 0 2 0 0 0 1 1 3 1 1 0 2 1 81 55 8 1 2 3 5 0 3 2 76 7 180 0 3 10 20 0 0 3 1 1 0 0
99 10 63 14 19 18 50 62 15 78 0 30 37 0 0 2 0 5 20 8 4 6 0 3 4 0 1 2 50 109 44 16 25 1 0 0 0 35 3 1 1007 2 2 174 79 2 3 6 22 1298 18390 35226 54 9 3019 361 27 24 0 0 1 11 4 0 1 447 26 7 4 158 35 23 59 285 41 2 578 241 112 12113 5725 2784 589 69 164 111 3 1587 128 129 21 4199 5562 142 22 29 103 57 2 1 8 1 9 9 0 1 0 1 3 5 2 6 0 0 0 1 2 0 3 0 3 4 5 6 0 2 5 1 1 1 6 2 4 14 2 29 1 0 18 10 3 2 1 29 11 7 3 4 29 2 2 33 11 18 0 89 984 782 4041 857 66 3 0 3 3 0 0 3 1 11 11 5 2 5 1 6 314 92 57 6 12 16 32 2 0 57 699 60 1002 1 27 53 79 2 15 8 7 2 0 1
418 25 149 59 109 85 414 351 248 306 11 101 0 0 0 0 1 8 1 0 20 11 4 2 9 3 16 6 2346 764 173 57 104 7 2 0 2 84 3 4 48 1 11 24 2 0 10 10 4 2 5 54 12287 5943 11521 15 209 41 5 0 8 29 59 18 10 2 1236 35 30 5 6 76 117 160 141 5 83 2 129 8 18 0 1392 649 82 188 18 3 7 4 12 16 2 6 24 112 277 4751 19 21 29 0 16 15 1 4 2 0 7 1 3 9 4 3 0 2 4 4 6 1 9 6 10 35 7 14 22 0 0 3 33 0 19 68 2 104 0 2 49 20 1 7 2 19 51 0 0 0 29 1 21 3 5 0 0 0 1 0 0 2 37 12 2 10 12 4 2 3 2 0 43 14 5 5 1 2 1 3 1 2 35 72 51 4 1 43 0 2 4 9 41 3 6 3 4 11 28 11 1 4
430 34 126 30 77 84 245 275 27 202 5 100 0 2 0 0 1 2 1 0 18 18 9 16 19 7 26 7 8467 783 243 63 108 4 1 0 1 72 0 7 28 3 20 16 0 2 12 22 4 1 0 9 5943 5260 995 7 343 49 0 3 11 64 153 32 19 1 4433 71 74 10 5 70 133 109 176 7 51 0 119 2 6 1 703 4559 22 182 52 2 6 0 13 4 1 7 55 170 36 1201 41 101 27 7 21 12 0 4 0 0 6 2 5 12 0 1 0 1 4 0 5 1 7 1 1 22 7 4 11 0 0 2 45 0 13 55 1 64 1 2 19 13 1 4 0 9 35 1 1 0 11 1 5 3 2 1 0 1 1 1 1 0 23 14 2 5 11 1 0 1 0 1 43 7 4 4 2 1 0 1 2 2 45 46 34 2 3 60 0 0 7 1 33 1 1 4 7 15 21 4 0 3
437 38 149 69 135 124 397 357 175 332 18 131 1 1 10 26 5 88 25 2 28 26 12 20 6 2 13 9 931 529 191 54 114 10 3 1 3 105 20 5 1254 32 26 18 4 40 13 22 181 86 1076 3019 11521 995 15324 554 133 59 1 2 48 24 46 15 3 26 468 58 21 68 46 69 207 191 184 26 130 19 163 318 583 123 7625 476 351 270 15 143 123 26 94 1932 293 205 98 146 161 2640 25 15 46 7 20 13 1 14 2 1 7 2 6 17 2 7 0 5 9 5 17 4 12 8 14 49 17 6 33 2 2 5 44 2 7 119 3 125 9 8 69 38 8 16 5 23 65 8 4 1 38 14 24 13 19 1 3 7 3 9 49 23 60 28 13 10 16 7 6 17 6 5 63 19 5 21 10 35 13 17 31 13 57 93 57 13 12 64 12 6 38 6 54 17 19 12 8 22 32 13 0 6
236 32 139 59 89 70 71 139 5 110 10 95 1 1 8 26 4 93 24 3 1955 185 24 25 12 7 8 11 70 159 149 34 60 8 2 1 6 52 23 8 1467 39 32 13 4 34 7 45 352 36 193 361 15 7 554 5465 28 45 0 1 58 40 17 10 11 14 35 20 25 105 77 39 81 62 111 35 37 2 68 38 282 42 7795 146 2485 301 9 152 243 37 124 1183 155 305 174 134 5 20 30 11 19 1 9 4 0 5 0 0 4 2 1 7 0 4 2 2 3 3 6 4 5 4 3 12 8 3 8 0 0 4 12 1 9 43 0 44 1 1 19 14 1 5 5 9 29 5 2 1 16 26 6 26 17 1 4 10 2 5 16 20 34 17 0 7 9 1 7 8 6 6 20 9 5 7 21 29 7 23 44 11 24 50 29 2 24 32 7 20 68 4 27 39 25 9 0 13 11 4 0 2
70 9 34 70 175 198 42 30 2 24 5 335 0 54 25 7 9 29 13 3 82 100 36 223 161 26 588 228 3941 6324 5164 90 266 12 127 8 12 211 21 115 113 19 369 50 7 36 126 678 30 14 8 27 209 343 133 28 14086 102 9 7 262 1100 2588 797 433 14 3348 1293 1569 161 179 282 148 131 3033 213 140 0 264 3 81 4 217 202 106 423 896 27 125 16 286 24 3 91 753 2529 33 285 1915 5907 116 19 86 91 6 57 2 2 43 5 24 90 1 9 0 5 10 3 23 1 15 10 16 35 15 6 23 2 1 2 146 0 65 129 2 114 5 7 36 67 5 14 11 25 69 11 6 0 33 36 13 10 14 4 1 7 3 12 5 10 61 23 4 18 32 2 20 19 11 8 71 20 11 8 33 91 13 13 79 22 181 72 41 3 56 103 1 9 12 5 52 19 19 10 34 39 54 13 1 5
20 2 12 9 36 31 9 12 1 5 0 118 0 206 393 142 128 89 25 16 348 256 118 83 21 1 310 634 152 109 80 3187 4731 2642 198 126 377 509 597 59 284 20 80 8 4 41 86 361 12 7 2 24 41 49 59 45 102 7716 197 2855 388 159 199 125 405 12 321 1620 1744 29 78 275 294 34 7668 170 8 1 36 5 48 2 164 106 160 275 13 32 40 6 80 19 1 5 89 2688 4 22 66 10 7 1 7 8 0 3 1 0 4 0 4 9 0 15 16 4 3 10 5 31 12 28 7 5 2 0 11 1 0 11 13 1 13 21 3 18 6 3 9 22 84 5 95 4 15 12 7 0 9 118 3 8 13 1 0 2 0 5 6 10 9 4 0 2 3 4 30 41 22 17 11 4 11 8 36 116 5 14 168 25 34 6 9 12 59 15 1 4 19 0 5 15 23 6 4 4 2 3 0 1
0 0 0 1 0 0 0 0 0 0 0 0 0 113 71 9 30 9 7 3 8 21 23 109 2 7 487 331 4 0 0 12 394 2836 1043 3317 2866 671 31 104 11 13 100 26 0 7 716 79 6 2 0 0 5 0 1 0 9 197 4420 2109 36 41 193 138 298 4 8 1759 560 6 13 6 15 18 60 6 0 0 0 0 7 0 1 0 0 6 1 1 6 1 40 1 0 0 45 8 0 0 9 2 0 0 0 0 0 0 0 0 1 0 0 0 0 2 0 0 5 1 11 4 9 1 12 4 1 3 6 0 0 1 0 0 1 2 0 8 2 3 6 21 3 2 4 0 2 1 0 0 5 8 5 0 1 0 0 0 0 0 0 0 5 1 0 0 2 3 2 1 1 1 1 0 1 1 2 8 0 0 12 2 0 1 7 1 3 1 0 4 2 0 1 0 2 0 0 0 0 0 0 0
0 1 1 0 0 1 0 0 0 0 0 0 2 520 550 122 196 56 17 19 31 75 102 51 10 5 315 601 2 1 2 502 1787 9324 781 1524 2898 1263 460 58 72 14 32 1 0 19 114 51 10 0 0 0 0 3 2 1 7 2855 2109 2557 161 22 63 43 270 1 12 288 739 6 7 17 87 1 1184 25 0 0 0 0 3 1 1 2 6 16 5 4 9 2 20 6 0 2 23 36 0 0 6 0 0 0 0 0 0 1 0 0 0 0 0 0 0 5 1 1 0 1 0 10 1 14 0 1 0 0 0 2 0 5 0 0 0 0 0 2 0 1 1 2 26 0 29 1 0 1 2 1 4 36 0 3 1 0 0 0 1 0 0 2 1 0 0 0 2 2 5 6 4 6 0 0 1 0 4 27 1 2 17 0 0 0 1 1 8 1 1 0 4 0 0 5 9 1 0 0 0 0 1 0
0 0 2 0 1 2 2 0 1 1 0 4 8 5 52 87 44 2182 125 21 11 44 42 1149 19 15 159 233 38 20 62 51 110 42 5 33 96 513 14399 26 643 573 1928 54 82 2019 68 1276 232 69 8 1 8 11 48 58 262 388 36 161 17481 709 1065 2763 2968 230 91 162 5111 122 282 28 54 5 638 8895 0 1 4 0 150 4 18 18 13 95 11 162 619 55 4183 220 10 130 1326 271 0 3 84 73 0 5 1 0 0 0 0 1 0 0 0 0 0 31 95 7 2 4 3 21 25 39 5 2 0 1 5 11 2 19 37 25 6 11 8 25 0 0 24 11 61 0 343 4 8 120 146 8 95 939 9 41 66 5 6 37 1 10 4 8 0 3 0 2 28 13 413 404 151 145 16 24 96 41 199 1308 16 22 1336 245 0 2 14 34 528 5 0 36 49 0 2 147 159 9 2 0 5 5 9 0
1 1 1 1 3 4 0 1 0 4 0 1 4 2 18 45 13 150 77 23 15 118 19 28 57 24 18 15 147 82 207 11 23 7 10 6 7 42 47 43 247 18 88 58 39 70 129 4999 115 592 3 11 29 64 24 40 1100 159 41 22 709 21820 7340 287 210 72 356 402 1631 4102 2534 3 7 15 640 2736 40 11 8 4 732 417 43 53 53 264 15 1373 5651 676 1753 77 9 477 997 186 7 13 218 132 1 4 2 0 0 0 0 1 0 0 0 0 0 4 2 6 2 9 5 6 2 6 3 0 1 1 9 3 4 4 20 9 3 3 0 5 0 1 4 4 13 13 12 16 17 150 60 9 17 29 16 732 857 19 26 218 19 21 45 258 4 0 0 0 8 8 14 64 213 40 5 20 32 10 433 159 109 579 761 106 1 3 3 11 258 11 64 348 1412 2 2 1371 772 2 10 0 6 10 4 0
3 2 3 2 4 3 3 1 1 1 0 3 4 4 29 47 23 261 87 31 57 215 26 37 148 33 97 47 413 134 343 9 17 10 43 93 11 55 59 96 124 17 258 36 27 255 490 916 17 230 2 4 59 153 46 17 2588 199 193 63 1065 7340 19300 2803 5375 89 1006 1113 4483 995 326 4 15 8 849 1484 17 0 7 0 139 6 86 123 102 774 52 96 1521 293 1722 35 3 128 1525 154 3 26 811 479 0 2 0 0 0 0 0 0 0 0 0 0 0 4 6 5 0 3 0 8 1 17 1 0 0 1 1 0 0 3 5 12 2 2 1 4 1 0 1 6 13 1 27 1 5 68 33 7 13 77 2 80 179 4 5 40 0 3 6 15 1 1 0 1 4 4 27 45 66 28 3 12 19 4 235 186 10 48 384 68 1 1 6 11 203 2 1 69 95 0 0 342 175 2 1 0 1 2 0 1
2 0 0 1 0 1 0 0 0 1 0 0 2 11 25 29 24 964 199 14 23 169 25 186 155 40 469 255 84 27 82 10 22 9 136 109 20 103 132 109 63 31 2692 14 34 1640 661 214 6 8 0 0 18 32 15 10 797 125 138 43 2763 287 2803 5470 3318 91 488 566 1639 41 37 8 9 4 407 270 1 0 2 0 12 0 34 56 48 477 27 8 49 8 1801 8 0 11 775 34 1 2 575 332 1 1 0 0 0 0 0 0 0 0 0 0 0 13 32 0 0 3 1 23 2 12 0 0 0 0 1 1 0 6 5 4 1 0 1 2 0 0 5 3 74 1 132 0 3 12 10 1 17 332 0 9 5 1 1 5 0 0 1 0 0 0 0 1 4 2 77 69 28 44 2 4 15 6 12 275 2 11 166 17 0 0 1 5 82 0 2 7 14 1 0 26 17 0 0 0 0 1 2 0
0 0 0 0 1 2 0 1 0 0 0 0 9 28 113 143 16 1185 258 9 9 11 12 89 9 0 1911 2614 48 27 139 7 13 18 41 251 55 78 3376 6 66 23 190 4 93 1789 345 295 6 5 1 1 10 19 3 11 433 405 298 270 2968 210 5375 3318 8902 284 118 719 8011 29 37 5 2 11 1047 46 2 0 1 1 19 3 9 14 12 77 2 16 44 12 1082 12 0 14 96 136 0 2 111 186 0 2 0 1 0 0 0 0 0 0 0 0 0 47 170 9 0 11 6 132 3 62 4 0 0 1 0 18 2 43 23 19 3 3 3 20 1 0 9 7 422 3 920 2 3 49 72 4 38 1763 1 29 20 3 1 4 2 6 3 15 0 2 0 1 16 8 466 374 110 241 5 23 52 21 14 1223 9 14 599 29 0 2 9 15 174 2 7 8 47 0 1 33 63 7 0 0 3 1 4 0
0 1 2 1 0 3 1 0 9 1 0 3 2596 0 3 9 9 403 1497 53 0 6 4 87 0 0 16 35 4 2 3 1 3 0 0 0 2 205 49 7 118 72 180 807 4236 3429 3 40 54 1316 62 447 2 1 26 14 14 12 4 1 230 72 89 91 284 1464 6 17 260 29 22 1 30 622 37 37 681 1275 131 243 233 459 2 2 4 3 0 283 279 1803 4679 55 5 30 271 5 108 7 1 1 0 1 0 0 0 1 0 0 3 0 0 0 0 9 289 1 0 8 4 105 7 224 3 0 0 0 1 6 0 17 6 4 2 5 1 8 1 0 7 6 104 2 168 1 3 45 58 34 59 894 0 15 32 1 0 7 21 16 74 26 1 0 0 0 2 2 64 83 32 3274 2 1 17 10 80 177 13 12 381 46 2 1 132 5 86 0 15 37 43 1 0 98 57 2 3 0 2 0 1 0
299 53 159 84 176 269 61 123 6 103 18 419 0 3 10 6 14 20 15 1 38 100 83 290 521 62 290 45 9786 742 634 177 647 87 32 6 25 548 24 184 107 51 409 44 0 23 174 100 35 9 4 26 1236 4433 468 35 3348 321 8 12 91 356 1006 488 118 6 13302 989 284 77 35 352 724 458 1915 108 262 0 613 4 26 1 686 3944 152 3546 975 11 60 16 146 34 9 70 623 872 31 238 767 1139 139 14 62 47 6 42 5 1 23 4 21 52 1 0 0 3 7 4 15 1 12 4 8 67 44 11 45 0 0 0 148 3 65 253 11 263 2 2 122 69 8 15 6 54 156 8 2 0 66 11 34 3 12 6 0 1 14 21 15 9 204 61 20 14 56 3 5 7 5 1 168 40 23 24 6 16 17 8 35 10 182 256 159 19 15 264 6 2 17 10 182 15 21 13 23 75 80 38 3 23
3 1 4 8 11 13 2 4 1 1 0 14 0 147 107 18 51 29 40 19 233 632 120 295 899 28 1016 679 129 17 67 24 250 306 499 219 249 1019 86 307 154 23 289 194 2 26 2309 516 18 15 2 7 35 71 58 20 1293 1620 1759 288 162 402 1113 566 719 17 989 5732 2430 74 89 48 188 178 2330 83 3 0 27 3 40 0 92 132 157 1343 1678 8 51 17 219 10 1 30 452 41 1 11 2206 1164 3 1 1 3 0 0 0 0 1 0 0 1 1 12 0 7 51 16 101 7 78 11 67 51 17 24 69 1 0 8 3 2 2 45 4 147 9 7 54 208 12 29 8 3 34 11 2 0 62 21 27 5 9 0 2 0 1 3 1 6 40 8 8 0 1 7 19 25 14 8 11 8 3 11 21 66 5 5 89 22 6 10 84 6 58 1 0 3 6 7 23 10 9 1 0 0 9 12 0 2
0 0 4 2 9 5 4 2 1 2 1 3 10 38 184 209 21 480 109 6 36 33 21 74 14 3 111 883 185 218 724 27 58 51 28 390 80 53 4867 13 177 55 182 24 180 317 412 4879 39 114 3 4 30 74 21 25 1569 1744 560 739 5111 1631 4483 1639 8011 260 284 2430 7581 119 401 5 11 3 4494 7210 5 0 3 0 146 6 56 50 58 205 7 116 345 123 1750 13 0 33 341 794 0 24 154 385 1 10 0 1 0 0 0 0 0 0 0 0 0 35 77 16 5 15 8 61 26 43 6 2 0 1 4 16 2 32 53 49 6 9 11 33 0 0 27 29 122 5 406 6 2 213 182 11 92 1090 9 60 87 16 10 68 2 23 7 33 4 5 0 3 43 34 525 523 258 168 13 65 149 57 411 1966 22 41 2296 432 0 3 14 63 938 3 5 62 65 6 4 296 253 20 3 2 7 9 11 1
9 0 3 0 3 3 5 9 2 6 1 3 6 0 10 28 4 59 29 14 6 39 8 18 18 8 4 12 22 18 35 2 7 2 0 1 7 15 22 22 454 22 18 23 17 26 24 511 166 242 80 158 5 10 68 105 161 29 6 6 122 4102 995 41 29 29 77 74 119 3484 2032 1 8 8 75 299 27 4 3 137 4353 276 37 11 34 67 8 1504 2051 295 453 414 1581 2124 569 30 4 4 60 26 0 3 1 0 0 0 0 1 1 0 0 0 0 2 5 1 2 0 0 3 1 5 2 0 1 0 2 1 2 0 11 4 1 0 0 3 1 0 3 1 5 3 6 7 10 53 23 3 13 16 3 362 283 16 11 123 51 88 209 469 5 1 0 0 5 2 10 15 62 12 3 3 8 4 132 42 198 507 275 39 0 2 3 3 83 10 220 117 1121 0 9 409 399 0 3 2 3 1 2 1
3 0 2 1 3 1 0 2 0 3 0 2 3 1 2 7 2 48 21 7 3 6 2 12 0 0 4 21 24 33 54 5 12 4 3 1 6 18 25 0 311 18 26 18 27 21 10 2176 122 174 21 35 6 5 46 77 179 78 13 7 282 2534 326 37 37 22 35 89 401 2032 12310 3 7 13 286 1311 19 1 1 54 9790 283 27 10 24 27 0 3424 3330 294 639 131 133 432 226 99 2 3 16 20 0 0 1 0 0 1 1 1 0 0 0 0 0 3 5 3 0 1 2 2 0 0 0 0 0 0 2 0 0 0 5 2 2 0 0 1 1 2 1 1 5 6 6 8 8 57 22 4 13 11 6 303 247 8 13 136 27 42 104 337 1 0 0 0 2 1 2 16 57 12 4 4 9 5 102 48 142 485 234 26 0 1 2 3 73 5 156 99 1066 0 1 339 280 0 4 0 1 1 1 0
132 47 168 177 333 446 144 41 198 501 531 1744 1 0 1 2 6 21 4 3 293 214 87 9 47 6 9 0 393 744 421 402 1035 22 1 2 5 118 25 26 243 3 8 19 5 31 50 2 2 2 7 23 76 70 69 39 282 275 6 17 28 3 4 8 5 1 352 48 5 1 3 807 926 355 142 5 1538 6 1030 6 14 7 181 122 137 227 24 1 7 5 37 8 7 4 10 783 6756 211 49 4 237 30 355 248 11 391 2 41 150 117 210 558 0 2 1 1 1 0 5 4 7 12 1 31 9 2 7 2 0 6 333 1 325 321 1 78 3 2 15 13 3 5 7 25 150 4 3 0 17 10 4 2 0 3 0 0 5 11 7 10 54 21 2 24 49 1 0 3 3 2 88 8 10 7 1 4 15 3 4 1 723 61 89 6 0 218 7 1 5 10 73 2 15 29 290 47 84 12 0 1
53 7 19 18 39 34 51 11 6 27 6 70 11 0 15 10 11 73 17 4 581 866 368 31 203 23 20 11 190 117 53 207 2636 30 1 4 12 2994 69 84 443 10 17 2755 54 83 230 6 5 33 9 59 117 133 207 81 148 294 15 87 54 7 15 9 2 30 724 188 11 8 7 926 6740 1630 235 3 116 55 1795 5 37 31 370 245 245 497 75 33 27 35 85 31 10 6 20 216 118 57 145 8 44 4 35 21 2 26 1 1 12 9 13 37 0 11 4 3 24 8 43 4 46 8 32 76 46 19 46 3 1 7 60 4 32 220 6 358 11 3 200 186 19 28 11 25 78 3 0 0 169 21 55 11 7 2 0 3 5 14 17 20 153 38 12 6 25 10 6 7 5 4 93 31 18 33 3 24 23 7 31 15 77 218 249 22 23 92 1 2 18 10 104 7 26 12 22 24 58 32 1 11
