41582 9948 9677 6309 1960 3284 9330 14379 165 2169 289 2608 0 10 10 1 6 5 4 1 91 68 3 15 59 2 22 19 10200 4278 535 43 84 16 3 2 10 19 1 15 672 3 25 2 1 6 22 9 37 9 284 334 2160 2761 1259 129 115 21 2 2 10 15 36 12 28 2 271 70 28 26 3 133 25 21 129 7 41 1 30 13 145 4 1949 1183 1343 144 59 23 15 6 11 295 106 39 92 343 131 3583 47 40 28 2 57 61 7 49 19 11 10 24 84 73 0 0 0 0 1 0 0 1 1 1 0 3 1 0 0 0 0 0 8 0 5 29 0 24 0 0 6 3 0 0 0 1 6 0 0 0 2 2 0 0 0 0 0 0 2 1 3 4 1 6 1 15 3 0 0 2 0 1 12 2 4 1 0 1 0 0 0 0 56 15 3 0 1 30 2 0 1 0 4 0 0 12 50 6 7 0 0 0
9948 19877 3046 18355 2631 1923 373 421 64 428 462 2211 0 13 6 2 3 2 0 3 96 56 4 5 34 0 6 8 1389 5151 303 16 50 17 5 0 5 22 0 7 515 2 19 1 4 5 4 3 27 2 110 137 374 648 243 111 78 12 1 0 3 4 9 7 15 0 138 24 14 12 8 124 14 9 77 5 65 0 25 1 66 2 771 446 926 77 29 13 9 4 3 126 25 13 42 116 166 261 30 14 31 8 125 120 21 122 39 25 34 46 128 123 0 0 0 0 0 0 0 0 1 0 0 4 5 0 1 0 0 0 15 1 17 54 0 26 0 0 2 3 1 1 0 3 9 0 0 0 1 0 1 0 0 2 0 0 1 1 0 0 4 17 6 14 11 0 2 0 1 0 14 0 11 0 0 0 0 1 1 0 99 14 5 0 0 48 1 0 0 2 15 1 0 11 60 14 7 1 0 0
9677 3046 23503 10537 182 1201 501 8078 191 5036 1118 20089 1 2 4 1 3 2 3 1 109 73 3 8 46 3 8 6 528 322 68 15 47 13 2 0 2 12 1 15 739 2 15 1 0 4 9 9 47 4 212 198 672 917 488 131 52 9 0 0 8 13 6 2 6 2 175 32 10 30 6 155 20 17 71 9 110 0 48 13 99 5 1284 663 1397 107 23 25 12 3 13 182 73 35 68 80 416 323 54 20 92 18 243 209 32 237 56 57 82 121 297 271 0 1 0 0 0 2 1 0 0 1 0 8 5 0 2 0 0 0 28 0 21 73 0 44 0 0 12 3 0 2 0 0 15 0 0 0 0 0 0 0 0 0 0 0 2 3 1 2 7 34 7 25 18 0 0 0 0 0 34 2 19 0 0 0 0 0 1 0 155 34 9 2 0 87 4 0 1 0 20 0 0 16 156 29 15 1 0 0
6309 18355 10537 18289 12547 7698 537 357 73 286 421 4677 0 20 20 2 8 4 3 2 247 164 9 15 64 0 12 18 1281 2628 1582 105 144 27 1 1 5 40 3 11 580 2 26 1 1 7 11 8 26 4 103 99 403 678 270 116 251 26 0 3 9 9 30 9 27 0 118 35 45 14 4 221 29 11 125 6 57 0 35 4 39 5 810 520 1280 123 38 10 7 2 10 103 30 18 64 340 315 272 74 37 79 16 204 201 33 170 48 43 73 88 263 250 0 0 0 0 0 1 0 0 1 4 1 9 2 2 0 0 0 0 19 0 28 62 0 40 1 0 6 7 1 1 1 4 19 0 0 0 0 3 1 0 0 1 0 0 1 3 0 1 12 30 7 27 18 0 1 1 3 0 19 1 8 1 0 2 0 1 2 1 142 33 6 1 0 82 0 0 0 2 23 0 0 18 127 25 18 1 0 2
1960 2631 182 12547 10335 4366 415 105 28 56 93 1342 0 63 89 17 40 13 7 14 120 147 9 15 31 4 27 41 2922 6510 9246 314 398 79 8 3 50 153 16 9 244 2 55 1 1 21 15 10 13 0 59 60 404 697 222 46 1626 48 2 3 29 30 107 24 98 1 197 61 142 19 4 230 52 4 571 12 13 2 43 2 23 0 460 443 570 76 34 9 6 0 31 56 27 14 83 2473 70 289 53 246 5 5 10 19 2 16 9 2 7 10 32 19 0 0 0 0 0 1 0 2 4 9 1 2 3 0 1 0 0 0 1 1 7 13 0 24 0 0 13 11 2 1 1 1 4 0 1 0 0 10 1 0 0 0 0 1 1 0 0 2 1 3 0 3 8 0 2 3 1 0 6 0 6 0 0 4 0 0 10 0 31 12 5 2 2 13 0 0 1 1 0 1 3 7 9 4 4 0 0 0
3284 1923 1201 7698 4366 15832 673 293 113 351 555 14280 1 58 52 16 33 6 4 8 459 401 33 16 108 3 13 38 1879 2178 1538 2093 1500 124 4 1 49 290 16 23 606 5 60 4 3 18 11 17 15 1 78 74 470 800 261 130 319 156 9 1 23 29 120 21 76 2 204 70 137 20 13 852 177 21 364 10 58 5 132 3 32 3 722 623 1434 195 36 7 5 3 26 81 28 27 85 2659 520 403 147 68 80 24 185 184 27 185 66 45 70 81 226 239 0 1 1 0 5 7 0 4 8 7 2 22 9 0 2 0 0 0 21 0 35 110 1 79 0 0 16 19 1 2 0 1 16 0 2 0 1 13 3 0 1 2 0 0 3 5 1 0 22 40 6 26 26 0 0 2 2 1 35 5 20 5 1 5 1 0 8 1 192 41 6 2 0 114 1 0 0 1 31 1 1 36 120 15 18 0 0 3
9330 373 501 537 415 673 13298 7596 1203 2198 326 574 0 2 2 1 2 1 0 1 10 10 1 6 14 1 8 1 3673 499 98 15 34 2 0 0 2 11 2 0 50 0 4 0 2 1 5 2 6 4 37 54 1201 1020 502 10 14 5 0 0 0 1 1 1 4 1 35 12 4 5 0 53 3 5 15 0 72 0 15 5 25 2 422 200 135 18 8 1 2 0 0 45 18 3 9 101 690 6952 7 5 6 2 9 11 1 10 3 4 6 7 9 17 0 0 0 0 0 0 0 0 1 0 0 1 0 0 0 0 0 0 0 0 0 4 0 3 0 0 1 0 1 0 0 0 0 0 0 0 1 0 0 0 0 0 0 0 0 0 0 1 0 1 0 0 0 0 0 0 1 0 2 0 1 0 0 0 0 0 0 0 7 2 0 0 0 3 2 0 0 0 1 0 0 0 3 3 0 0 0 1
14379 421 8078 357 105 293 7596 24132 2187 27323 1717 2539 0 2 2 0 0 0 3 1 20 16 1 11 40 3 14 4 719 311 42 7 24 4 1 0 6 5 0 13 340 4 10 2 2 3 11 6 26 4 184 266 1416 1356 814 84 21 11 0 0 2 12 9 7 2 0 134 34 12 18 2 43 12 8 45 2 108 1 20 10 93 6 1333 658 645 62 26 19 13 2 8 189 76 34 45 37 251 2353 18 12 15 0 38 33 3 38 12 10 17 25 57 52 1 1 0 0 0 1 0 0 3 0 0 1 0 0 0 0 0 0 6 0 1 9 0 14 0 0 4 1 0 0 0 0 1 0 0 0 1 1 1 0 0 0 0 0 0 0 2 2 1 6 2 3 2 1 0 0 0 0 4 0 5 1 0 0 0 1 0 0 30 6 7 0 0 14 0 0 1 0 5 0 0 1 35 1 1 0 0 0
165 64 191 73 28 113 1203 2187 1384 3247 644 507 9 0 0 1 0 0 1 0 38 60 4 7 16 1 2 1 57 14 8 11 80 3 0 0 1 7 0 2 33 0 2 2 85 14 1 1 1 120 17 83 316 96 69 3 6 9 0 0 2 0 3 0 0 31 7 2 4 1 5 532 15 188 49 0 914 23 216 80 58 124 72 29 67 7 2 77 32 26 25 10 5 4 2 65 3247 1611 3 3 2 2 13 9 2 22 5 6 1 7 21 20 0 0 0 0 0 0 2 0 9 2 4 2 1 0 0 0 0 0 3 0 2 16 0 23 0 0 17 22 1 1 0 0 5 0 1 0 3 4 3 1 1 0 0 0 0 0 2 4 0 5 1 2 2 0 0 0 0 1 4 0 3 0 0 2 1 0 4 1 17 29 22 1 0 11 1 0 3 1 5 1 0 4 9 2 1 0 0 1
2169 428 5036 286 56 351 2198 27323 3247 28301 15312 26773 1 3 3 0 2 1 1 0 26 28 3 6 29 4 12 4 292 134 30 22 48 7 2 0 1 7 1 8 269 2 11 2 6 1 8 4 15 5 134 150 1024 691 481 48 13 4 1 0 1 2 4 5 3 3 59 22 4 8 6 528 10 33 43 1 1051 4 48 7 59 10 806 317 502 38 14 14 6 6 5 113 35 12 36 58 3978 2303 24 7 78 6 222 170 24 164 56 39 74 107 326 261 1 0 0 0 0 1 0 1 3 1 0 8 4 0 0 0 0 0 14 1 23 49 0 27 1 0 10 8 1 0 0 4 18 0 0 0 2 0 4 0 2 2 0 0 4 3 0 1 9 21 15 14 7 0 0 0 0 0 22 3 6 0 0 0 0 1 0 0 142 29 3 1 0 64 4 0 1 1 21 0 0 15 141 36 7 1 1 2
289 462 1118 421 93 555 326 1717 644 15312 7405 6318 2 2 2 1 0 1 3 2 65 73 7 1 23 0 3 1 228 52 34 39 124 3 1 0 3 14 1 2 119 0 2 0 9 8 2 2 5 6 28 28 239 136 93 22 20 16 0 0 0 0 7 2 3 5 27 10 3 4 1 836 20 25 49 1 1706 4 61 11 12 6 180 106 223 26 6 4 3 1 4 26 3 5 9 92 3538 599 20 3 142 13 336 298 40 294 82 60 119 141 460 446 0 1 0 0 0 0 0 0 2 1 1 15 8 0 0 0 0 0 36 3 28 80 0 42 0 0 4 9 0 3 0 8 26 0 0 0 1 1 1 0 0 0 0 0 1 3 1 0 17 28 10 37 30 0 0 0 0 0 39 2 16 1 1 1 0 0 2 0 195 18 13 2 0 104 0 0 0 4 30 0 1 32 237 48 21 3 1 1
2608 2211 20089 4677 1342 14280 574 2539 507 26773 6318 35332 2 19 22 10 9 5 9 7 588 555 28 12 135 2 13 9 1359 881 591 1438 5798 183 2 0 36 349 7 11 890 5 30 9 3 15 27 7 22 2 100 115 624 849 429 145 135 419 7 1 19 15 57 13 44 1 219 140 49 25 5 2098 421 67 774 7 470 4 356 5 59 4 997 745 1822 211 45 8 13 5 15 130 41 29 66 2439 2764 669 136 38 267 45 681 691 72 623 154 148 289 293 928 812 0 0 2 1 0 0 0 0 8 8 2 34 20 3 3 0 0 1 53 7 75 265 1 143 0 0 39 27 2 3 0 8 52 0 0 1 2 3 6 0 1 1 0 0 3 8 0 1 44 125 38 95 52 0 0 1 0 0 96 8 48 7 2 2 1 0 1 0 500 121 24 6 2 283 0 1 1 7 101 0 1 86 423 64 50 5 2 8
0 0 1 0 0 1 0 0 9 1 2 2 4761 0 4 9 9 443 7778 21 0 4 1 8 0 0 4 12 2 0 0 0 3 0 0 0 1 303 2 0 17 5 29 2763 3341 5272 0 1 6 63 0 3 1 0 1 0 1 1 1 0 8 7 8 7 6 1247 0 5 10 3 7 42 355 2171 0 5 282 395 429 6 14 26 1 2 3 0 1 47 32 47 119 3 1 4 23 1 74 5 0 1 0 1 1 0 1 4 0 0 0 0 0 0 0 9 209 0 1 71 1 398 43 733 41 0 0 0 0 3 0 2 5 0 0 2 1 27 1 1 37 13 104 0 45 0 1 8 24 14 78 1773 0 6 6 0 0 7 0 0 3 5 2 1 0 1 0 0 116 28 25 144 1 2 4 1 10 95 3 3 119 15 0 9 157 1 19 3 1 1 9 0 0 22 11 4 0 0 1 0 0 0
10 13 2 20 63 58 2 2 0 3 2 19 0 15096 8401 2253 1583 176 35 73 29 47 279 287 18 27 3044 1588 974 102 101 5 52 224 7349 5667 1916 358 86 955 917 47 124 1 1 32 1117 5 18 0 4 3 79 161 34 3 367 216 1616 973 28 18 166 90 418 1 304 1121 161 8 3 4 14 2 511 14 1 1 6 0 3 0 38 57 30 34 19 2 2 1 16 9 0 6 66 169 2 6 18 91 0 0 0 0 1 0 0 1 0 0 0 1 0 2 2 0 0 3 1 7 15 39 5 0 2 0 0 0 0 0 0 0 0 1 1 8 0 0 14 12 3 0 0 0 1 0 1 1 4 13 1 1 1 0 0 0 0 0 2 0 0 0 0 0 0 0 5 0 0 0 0 1 2 4 1 3 0 0 5 2 1 1 5 0 1 2 0 0 0 0 0 0 0 0 2 1 1 0 0 0
10 6 4 20 89 52 2 2 0 3 2 22 4 8401 14775 8317 1170 856 383 824 70 77 459 305 22 73 1772 4516 800 77 93 14 32 146 1771 960 586 239 246 486 1787 60 175 1 5 42 504 20 29 1 5 4 51 111 24 2 280 152 792 435 88 41 253 122 851 0 209 665 372 22 5 6 13 5 453 23 1 0 5 1 14 0 27 52 39 10 23 1 9 2 51 24 7 10 118 209 3 10 10 74 0 1 0 0 0 0 0 3 0 0 1 0 0 2 8 0 5 13 2 27 60 78 21 5 2 0 3 0 1 1 2 0 0 4 0 31 0 0 58 44 11 6 0 0 3 0 0 0 24 34 6 0 0 0 0 1 1 0 0 0 0 1 0 0 1 0 6 2 3 3 3 1 9 6 2 8 0 0 3 2 5 13 18 2 4 7 0 0 0 0 0 2 2 1 3 0 3 0 0 2
1 2 1 2 17 16 1 0 1 0 1 10 9 2253 8317 13365 224 6407 3814 627 11 28 283 366 13 44 810 9701 150 11 18 3 14 40 108 75 248 139 3245 82 1615 67 256 5 4 170 50 31 18 0 7 5 10 36 10 3 51 49 137 112 497 61 192 116 756 0 42 147 676 45 17 3 19 11 126 73 0 0 0 0 9 1 7 26 11 8 3 5 9 3 139 21 4 9 124 60 0 0 3 18 0 0 0 0 1 3 0 2 0 0 1 1 0 21 104 1 2 162 3 296 100 832 59 1 0 0 3 9 1 15 4 0 1 5 3 49 0 0 65 39 134 4 45 0 1 3 5 12 124 415 3 1 3 0 0 1 0 0 0 0 0 2 1 0 0 0 29 21 5 5 1 3 2 7 4 40 1 2 19 2 1 24 31 0 10 6 0 1 1 0 0 8 7 5 8 0 0 0 0 1
6 3 3 8 40 33 2 0 0 2 0 9 9 1583 1170 224 2046 376 1921 1945 65 137 337 113 21 107 83 57 73 24 44 5 18 95 102 474 2057 994 54 222 540 15 73 19 4 93 121 4 8 2 6 3 7 13 2 2 37 76 247 308 80 6 22 22 25 2 10 202 26 6 1 2 32 63 319 4 2 14 9 2 3 1 9 16 28 7 7 2 2 3 31 14 3 2 23 126 2 1 15 15 2 0 1 1 1 7 0 7 0 0 0 3 3 1 5 3 12 14 7 20 196 126 39 27 28 1 12 1 1 4 4 0 3 20 3 165 8 1 262 238 14 38 1 1 7 2 3 2 71 22 41 1 0 0 0 1 0 0 0 0 3 5 4 2 14 11 8 6 1 4 11 8 38 48 0 3 0 0 3 1 19 112 65 14 0 43 1 2 0 2 4 0 2 3 53 6 14 6 1 13
5 2 2 4 13 6 1 0 0 1 1 5 443 176 856 6407 376 14195 12080 842 15 49 159 1071 20 37 954 2132 64 5 6 5 25 30 89 6 166 1613 8733 80 1100 127 978 202 11 1839 31 32 55 1 12 5 11 32 16 3 22 11 25 27 2818 95 239 760 343 25 42 59 737 56 21 3 326 253 82 161 2 14 17 0 18 0 23 42 26 13 6 11 24 7 462 86 7 20 292 48 1 1 15 3 1 3 0 1 13 5 0 0 0 1 0 3 5 114 671 2 6 398 15 699 242 2487 134 0 0 1 0 29 3 61 27 0 7 7 3 106 1 2 164 73 553 2 245 0 5 23 8 81 392 1606 6 7 8 0 3 2 0 1 2 1 0 5 0 3 10 0 104 156 34 54 6 6 14 4 11 208 0 5 53 9 4 22 176 4 19 10 0 1 2 0 0 7 18 10 3 0 0 1 0 0
4 0 3 3 7 4 0 3 1 1 3 9 7778 35 383 3814 1921 12080 68222 7201 40 152 235 663 30 209 479 266 32 2 11 4 17 7 42 5 66 4815 171 270 835 71 585 5360 444 6257 45 15 49 87 16 28 10 17 12 3 12 14 15 6 309 19 65 418 101 241 18 36 52 13 13 10 822 5330 50 34 30 1060 89 28 40 77 21 27 25 13 6 62 47 66 556 54 10 9 157 27 9 0 13 4 4 5 0 4 21 12 2 80 3 2 2 12 30 135 1337 14 90 1405 93 1549 3239 9199 1633 55 55 2 17 31 7 93 22 6 12 74 26 729 28 3 2299 1449 765 85 303 6 33 32 39 155 2467 3359 89 8 10 1 0 6 7 0 2 3 2 22 16 9 21 20 171 152 57 161 29 20 71 127 20 263 4 8 128 11 62 596 1669 32 16 308 7 5 12 9 6 26 32 29 249 5 47 4 2 25
1 3 1 2 14 8 1 1 0 0 2 7 21 73 824 627 1945 842 7201 2701 33 67 190 151 9 148 63 35 30 12 15 6 9 26 10 15 105 298 105 182 514 29 67 35 8 95 30 0 31 2 3 5 2 8 8 1 14 19 48 34 101 7 20 25 14 1 10 66 52 7 2 0 15 58 123 15 3 41 2 2 3 4 8 11 12 5 3 0 4 3 31 21 3 4 35 56 1 0 6 3 0 1 0 0 0 1 0 9 0 0 0 4 6 3 7 1 13 30 6 22 193 195 72 12 13 1 15 2 0 4 3 0 2 13 4 89 4 1 245 170 12 23 3 1 9 1 2 3 136 30 22 0 1 0 0 0 0 0 1 0 1 3 1 1 6 9 1 5 3 0 11 3 16 26 0 10 0 0 2 0 13 85 70 7 0 48 0 2 1 3 0 1 1 2 42 2 9 1 1 9
91 96 109 247 120 459 10 20 38 26 65 588 0 29 70 11 65 15 40 33 12899 8653 1981 86 838 173 40 9 98 63 84 121 605 437 4 1 222 570 3 207 1149 9 82 23 1 19 101 3 30 0 12 5 35 42 20 1316 22 217 14 11 11 6 28 17 11 0 28 219 13 6 2 262 414 79 562 12 55 11 212 0 7 1 334 68 4906 193 92 1 3 1 17 24 3 5 65 280 138 21 694 40 6 2 15 16 4 19 6 11 4 6 15 21 0 1 0 0 3 2 0 1 21 9 7 14 11 0 1 1 1 0 5 0 14 63 1 103 0 0 66 63 1 4 0 3 12 1 1 0 10 2 11 0 0 0 0 0 0 3 0 0 2 13 4 4 18 4 2 0 1 0 19 4 20 11 1 1 1 0 3 0 92 77 21 8 0 55 0 0 1 0 17 1 0 14 11 1 15 1 0 5
68 56 73 164 147 401 10 16 60 28 73 555 4 47 77 28 137 49 152 67 8653 23380 3149 712 9420 1855 307 39 173 56 106 172 1035 689 37 1 406 1058 17 2379 1346 105 560 84 9 83 558 9 138 6 43 28 127 285 97 188 72 288 43 29 50 39 99 106 19 0 146 493 51 23 5 482 760 132 803 34 78 10 440 0 16 1 509 585 6939 1064 595 11 47 13 114 106 10 23 360 437 258 54 2485 201 9 3 23 11 11 21 4 9 6 6 34 39 1 0 2 0 7 4 1 10 55 13 8 17 21 0 1 1 0 2 12 1 14 108 2 159 1 0 88 98 0 5 0 3 19 1 0 0 19 9 17 0 3 0 0 0 1 2 2 1 6 15 1 5 43 0 2 0 2 2 15 4 39 22 2 3 0 0 6 1 128 103 44 9 0 104 0 0 0 2 17 1 4 22 19 1 15 2 0 4
3 4 3 9 9 33 1 1 4 3 7 28 1 279 459 283 337 159 235 190 1981 3149 7882 6430 296 5999 477 54 33 6 7 25 204 233 41 10 563 950 33 2032 8090 1185 354 27 1 60 138 6 89 1 18 4 17 49 24 11 8 40 28 45 40 14 15 44 15 0 28 106 42 8 2 44 289 24 113 10 6 2 79 1 9 1 29 75 213 30 24 3 14 4 50 69 8 15 112 37 22 3 79 12 1 0 0 1 0 1 0 2 1 0 1 5 0 0 1 0 1 0 1 5 11 17 6 0 0 0 0 0 0 0 0 0 1 12 0 19 1 0 21 19 1 3 0 0 1 0 0 0 8 5 2 0 0 0 0 1 0 0 0 0 2 2 0 2 2 0 0 0 0 2 1 1 2 1 0 3 0 1 0 0 12 16 11 1 0 9 0 0 0 0 2 1 0 0 1 0 2 0 0 0
15 5 8 15 15 16 6 11 7 6 1 12 8 287 305 366 113 1071 663 151 86 712 6430 18856 257 3429 6182 632 330 25 19 0 16 23 875 27 111 237 360 3784 5586 5173 5164 11 18 893 1355 20 610 1 94 37 142 371 120 21 185 30 230 28 568 59 149 729 191 6 348 528 267 44 15 6 59 4 71 96 3 0 10 0 23 3 122 382 181 134 100 19 64 24 473 371 28 66 927 37 2 11 84 41 0 0 0 0 0 0 0 0 0 0 0 0 0 0 7 0 1 16 3 29 16 74 18 1 0 0 0 0 0 0 1 0 0 4 0 9 0 0 14 16 10 0 2 0 0 0 2 0 15 56 0 0 3 0 0 2 2 0 0 1 0 1 0 0 0 0 3 1 3 3 0 0 0 3 1 12 0 1 7 2 0 4 5 0 2 3 0 0 4 0 0 7 1 0 0 0 0 0 0 0
59 34 46 64 31 108 14 40 16 29 23 135 0 18 22 13 21 20 30 9 838 9420 296 257 5594 364 201 16 223 35 83 35 164 107 18 1 80 243 14 2030 278 23 224 16 1 47 1952 0 29 1 26 37 453 1011 261 74 276 56 28 4 34 23 84 105 17 1 518 986 43 16 2 83 184 44 446 21 17 1 63 3 19 0 719 1983 3252 2258 2925 2 15 7 62 44 4 12 220 108 50 17 2729 1139 1 1 2 6 1 2 1 2 1 0 3 6 0 0 0 0 2 0 2 1 7 3 0 2 1 0 0 0 0 0 1 0 3 15 1 32 0 0 15 40 0 0 0 0 3 0 1 0 2 6 4 0 0 0 0 0 1 0 0 1 1 4 0 1 4 0 0 0 0 0 2 0 6 0 1 2 0 1 2 0 16 19 6 0 0 8 0 0 0 2 2 0 1 3 2 1 2 0 0 0
2 0 3 0 4 3 1 3 1 4 0 2 0 27 73 44 107 37 209 148 173 1855 5999 3429 364 5030 1147 8 17 2 4 0 18 14 12 0 57 217 6 3482 1974 391 211 16 1 15 128 2 44 0 11 5 31 78 21 2 7 5 6 2 14 4 8 19 5 0 29 28 9 5 0 6 63 6 13 6 0 1 7 0 6 0 41 104 93 54 20 2 4 0 11 26 1 3 74 6 4 3 39 4 0 0 0 0 0 0 1 0 0 0 0 0 0 0 0 0 1 0 0 1 4 3 4 0 0 0 0 0 0 0 0 0 0 0 0 3 0 0 3 6 0 0 0 0 1 0 0 0 2 3 0 0 0 0 0 0 0 0 0 0 0 0 0 0 0 0 0 0 0 0 0 0 0 0 0 0 0 1 0 0 0 4 1 0 1 2 0 0 0 0 0 0 1 0 1 1 0 0 0 0
22 6 8 12 27 13 8 14 2 12 3 13 4 3044 1772 810 83 954 479 63 40 307 477 6182 201 1147 18944 3719 1094 49 45 3 24 60 2999 146 236 135 115 4042 991 170 770 4 5 148 2087 8 40 0 17 13 223 588 120 8 633 72 692 123 76 24 173 489 369 0 858 1262 75 15 0 5 43 1 194 15 1 0 5 0 6 0 106 507 164 199 121 1 21 4 68 47 8 10 206 50 1 17 106 164 1 0 0 0 3 0 0 0 1 0 1 0 2 11 37 0 0 108 0 245 32 490 21 1 0 0 1 4 0 3 1 1 0 2 0 23 0 0 15 24 80 0 19 0 2 0 1 6 34 220 1 0 1 0 0 1 0 0 0 0 0 0 0 1 1 0 10 10 4 3 0 1 2 1 2 10 0 1 4 0 0 5 14 1 1 2 1 1 1 0 0 2 1 1 1 0 0 0 0 0
19 8 6 18 41 38 1 4 1 4 1 9 12 1588 4516 9701 57 2132 266 35 9 39 54 632 16 8 3719 12347 954 89 83 2 22 112 259 90 314 72 4437 89 464 59 450 2 5 468 210 19 23 0 11 5 73 204 34 4 494 81 566 156 772 59 498 1711 2678 2 381 622 723 36 7 1 12 13 344 62 1 0 2 0 8 0 43 106 35 50 28 1 21 2 160 36 3 16 192 117 2 7 33 131 0 3 0 0 2 6 0 0 0 0 0 0 0 54 213 2 3 201 3 736 23 1243 34 0 0 0 0 9 0 17 7 4 2 6 1 62 0 0 40 29 432 1 155 0 5 7 7 12 90 1470 0 0 2 0 0 0 2 0 0 0 0 5 0 3 3 1 97 56 20 17 0 6 9 2 5 137 0 3 28 3 1 8 28 4 4 0 0 0 3 0 1 1 10 11 0 0 2 0 0 0
10200 1389 528 1281 2922 1879 3673 719 57 292 228 1359 2 974 800 150 73 64 32 30 98 173 33 330 223 17 1094 954 27968 5378 3749 143 316 78 262 58 123 109 144 220 266 34 450 4 5 129 438 25 26 1 73 90 3674 12379 1021 38 1212 335 96 27 126 160 985 374 882 2 6084 1721 561 50 21 527 55 32 4631 54 124 4 136 8 49 2 697 1299 430 164 1554 14 36 11 176 67 16 40 443 1951 176 3224 169 1510 17 8 86 85 15 83 23 31 15 20 84 119 0 2 3 0 2 3 0 8 3 16 2 19 9 2 0 0 0 0 16 5 29 129 0 84 0 0 22 13 5 2 1 3 22 0 3 0 2 45 5 1 0 0 0 0 3 4 0 1 14 38 3 20 56 0 7 4 6 1 33 3 39 4 3 16 1 0 17 4 168 76 16 5 7 124 0 0 1 2 32 3 2 35 40 11 27 1 0 2
4278 5151 322 2628 6510 2178 499 311 14 134 52 881 0 102 77 11 24 5 2 12 63 56 6 25 35 2 49 89 5378 9725 5330 40 69 27 16 3 25 35 13 14 171 2 44 1 0 14 23 10 15 2 53 78 552 898 266 29 2687 42 3 2 13 21 117 26 135 0 295 123 93 11 10 75 23 4 853 11 16 2 22 3 18 0 441 400 388 61 115 7 4 2 21 34 16 15 72 992 40 433 37 497 8 1 14 18 2 16 5 0 5 10 20 18 0 0 1 0 1 2 0 2 0 2 1 2 1 0 0 0 0 0 1 0 2 20 0 9 0 0 3 6 1 1 1 0 3 0 0 0 2 4 3 0 0 0 0 0 0 0 0 0 3 1 0 2 5 0 0 2 1 1 2 1 5 0 1 2 0 0 1 0 23 1 4 1 2 15 0 0 1 2 5 0 0 5 8 0 1 0 0 0
535 303 68 1582 9246 1538 98 42 8 30 34 591 0 101 93 18 44 6 11 15 84 106 7 19 83 4 45 83 3749 5330 10804 94 189 58 13 2 49 105 18 10 225 7 62 0 1 21 19 14 10 2 36 54 355 748 202 38 8016 84 1 7 43 27 140 35 136 0 554 158 115 12 9 107 37 5 1528 7 11 1 25 1 20 1 455 691 598 262 283 5 6 3 23 52 11 15 64 2912 41 109 298 3200 3 0 7 9 2 6 1 4 2 0 5 7 0 0 1 0 0 0 0 1 3 13 0 1 1 0 0 0 0 1 2 0 3 3 1 9 0 0 5 6 4 0 1 0 2 0 3 2 2 15 2 3 0 0 0 0 0 0 0 0 0 2 0 3 2 0 3 3 4 0 1 0 3 3 1 6 0 0 5 1 12 3 2 0 5 4 0 0 0 0 1 1 0 2 4 2 3 0 0 0
43 16 15 105 314 2093 15 7 11 22 39 1438 0 5 14 3 5 5 4 6 121 172 25 0 35 0 3 2 143 40 94 4871 5425 1852 0 1 114 440 3 6 96 1 8 0 0 9 2 2 3 0 9 10 40 52 22 18 14 3903 35 10 8 3 18 2 11 0 26 191 23 2 0 489 234 19 2095 3 11 2 97 0 4 0 77 60 181 24 10 3 1 1 4 12 2 0 16 6579 68 18 36 6 6 0 25 20 10 36 8 7 5 4 28 44 0 0 0 0 0 2 0 3 1 1 0 5 2 1 3 1 0 0 3 1 9 41 0 31 0 0 8 8 3 1 0 1 1 0 0 1 1 3 2 0 1 0 0 0 0 0 0 0 6 5 1 2 15 0 1 0 2 0 5 0 17 1 2 0 0 0 5 1 55 25 4 4 0 29 0 0 0 1 8 0 0 10 7 1 4 0 0 0
84 50 47 144 398 1500 34 24 80 48 124 5798 3 52 32 14 18 25 17 9 605 1035 204 16 164 18 24 22 316 69 189 5425 18105 4951 15 17 289 3552 11 103 552 5 35 17 10 40 110 5 11 9 29 25 129 133 82 49 58 2798 181 42 23 14 22 15 32 1 80 1120 27 4 7 3803 4758 238 3842 7 167 27 2189 1 19 5 227 180 604 99 63 3 5 3 30 35 5 8 39 4083 359 64 104 34 40 17 92 72 49 115 14 37 25 40 102 152 2 1 2 0 6 4 1 4 31 17 5 78 36 1 20 2 3 6 36 7 57 408 4 525 2 1 178 136 6 17 0 8 46 2 2 0 11 14 39 2 0 0 0 0 8 3 0 0 30 55 5 30 119 0 1 4 2 2 63 19 137 33 0 5 0 0 4 1 429 379 106 43 2 262 0 1 1 12 62 1 3 86 57 10 70 6 2 19
16 17 13 27 79 124 2 4 3 7 3 183 0 224 146 40 95 30 7 26 437 689 233 23 107 14 60 112 78 27 58 1852 4951 5745 53 95 1910 3665 26 104 439 3 33 1 0 18 165 5 4 0 17 27 53 86 58 21 27 4331 1271 494 20 10 40 19 68 0 18 1114 68 12 4 134 287 41 1967 6 22 6 76 0 14 1 135 103 316 60 26 1 0 0 17 24 6 7 33 1310 14 3 54 12 9 4 12 7 5 19 2 1 0 4 11 12 0 1 1 1 2 3 0 7 20 7 3 12 9 1 3 1 1 2 4 2 8 66 2 144 2 0 49 68 5 6 0 3 17 1 1 0 8 8 10 0 0 0 0 0 1 1 1 0 3 8 0 2 27 1 4 4 3 0 9 3 22 14 0 2 0 0 3 0 58 82 24 13 2 39 0 0 0 0 16 1 2 8 4 3 17 2 0 5
3 5 2 1 8 4 0 1 0 2 1 2 0 7349 1771 108 102 89 42 10 4 37 41 875 18 12 2999 259 262 16 13 0 15 53 3545 1884 318 47 9 723 151 9 184 0 0 4 1274 1 5 0 1 3 46 95 30 0 152 42 1586 215 11 5 35 66 65 1 152 504 28 3 0 3 5 1 58 2 1 0 0 0 2 0 16 70 13 30 19 0 2 0 7 7 1 1 30 14 0 3 26 39 0 0 0 0 0 0 0 0 0 0 0 0 0 0 0 0 1 7 0 4 9 17 8 0 0 0 0 0 0 0 0 0 0 0 0 6 0 0 2 5 2 0 1 0 0 0 0 0 2 2 0 0 0 0 0 0 0 0 0 0 1 0 0 0 0 0 0 0 0 0 0 0 0 0 0 0 0 0 0 0 0 1 1 0 0 0 0 0 0 0 0 0 0 0 0 0 0 0 0 0
2 0 0 1 3 1 0 0 0 0 0 0 0 5667 960 75 474 6 5 15 1 1 10 27 1 0 146 90 58 3 2 1 17 95 1884 2236 770 82 5 189 32 2 16 0 0 5 300 1 1 0 0 0 6 10 0 0 20 35 1883 1077 0 1 12 12 44 0 8 199 18 0 0 0 1 0 28 0 0 0 0 0 0 0 1 12 3 2 2 0 0 0 3 0 0 0 10 9 0 0 0 7 0 0 0 0 0 0 0 0 0 0 0 0 0 0 0 0 0 1 0 1 1 2 0 0 0 0 0 0 0 0 0 0 0 0 0 1 0 0 1 0 1 0 0 0 0 0 0 0 0 0 0 0 0 0 0 0 0 0 0 0 0 0 0 0 1 0 0 0 0 0 0 0 0 0 0 1 0 0 1 1 0 1 0 0 0 0 0 0 0 0 0 1 0 0 0 0 1 0 0 0
10 5 2 5 50 49 2 6 1 1 3 36 1 1916 586 248 2057 166 66 105 222 406 563 111 80 57 236 314 123 25 49 114 289 1910 318 770 2846 2625 119 364 607 10 98 5 0 91 503 10 11 0 5 4 17 49 16 3 59 1010 2881 1713 133 25 82 39 178 0 30 1431 179 9 6 28 71 36 551 21 16 23 28 0 12 1 31 47 103 30 27 2 8 0 57 11 1 8 68 259 5 5 25 20 0 1 2 0 11 10 0 7 1 1 5 8 1 5 12 1 2 20 3 25 52 71 8 20 19 2 4 1 2 8 2 2 4 49 5 159 0 1 160 155 21 16 4 2 12 3 0 0 12 38 20 1 2 0 0 1 1 1 0 0 0 8 2 4 17 3 5 3 1 1 15 5 43 33 1 6 0 0 4 2 41 103 39 20 4 39 0 0 1 1 8 2 1 4 17 3 18 5 1 8
19 22 12 40 153 290 11 5 7 7 14 349 303 358 239 139 994 1613 4815 298 570 1058 950 237 243 217 135 72 109 35 105 440 3552 3665 47 82 2625 15091 115 731 1074 38 230 867 87 1719 539 17 23 57 9 37 60 77 48 27 62 728 370 124 353 23 56 75 46 10 35 808 113 14 19 204 3266 1229 1171 37 214 426 178 35 43 53 123 133 334 92 99 27 30 32 552 28 8 15 128 1174 32 4 111 23 19 9 17 11 34 47 4 68 6 4 19 45 16 10 60 3 49 142 28 129 928 819 269 133 157 6 41 10 7 21 56 16 34 300 23 1191 14 3 1425 1292 72 136 21 5 103 6 13 13 337 300 193 7 1 0 0 6 4 5 1 3 14 67 13 24 104 29 32 36 22 16 102 38 280 227 9 50 1 2 59 11 226 857 544 125 11 336 4 4 4 37 38 14 16 62 163 7 163 20 9 89
1 0 1 3 16 16 2 0 0 1 1 7 2 86 246 3245 54 8733 171 105 3 17 33 360 14 6 115 4437 144 13 18 3 11 26 9 5 119 115 12093 32 429 101 852 3 21 1066 25 92 57 2 14 6 22 38 15 2 62 16 57 29 5539 252 659 470 5870 3 54 88 5932 110 73 2 23 8 93 455 1 0 6 2 49 0 17 32 14 10 6 15 45 4 486 77 10 32 431 38 1 0 5 15 0 1 0 0 4 3 0 0 0 0 0 0 0 12 106 1 1 43 2 177 3 213 5 0 0 1 0 4 0 11 7 2 2 3 0 23 0 0 11 6 123 0 71 2 1 13 22 9 26 717 1 5 11 0 0 1 2 0 0 3 1 4 0 2 4 0 76 59 40 19 2 6 9 2 11 116 1 3 84 14 1 4 8 4 18 2 0 1 2 0 0 12 12 8 0 0 0 0 0 0
15 7 15 11 9 23 0 13 2 8 2 11 0 955 486 82 222 80 270 182 207 2379 2032 3784 2030 3482 4042 89 220 14 10 6 103 104 723 189 364 731 32 6016 1379 357 945 34 4 73 5893 6 78 2 24 13 186 450 85 8 171 29 327 72 48 15 65 151 36 0 309 791 37 14 1 12 297 15 60 21 3 2 36 1 14 0 132 558 298 260 332 3 11 3 44 68 8 15 262 25 7 3 135 57 1 0 0 0 0 0 0 2 0 0 1 1 0 0 2 0 2 10 0 6 44 40 22 2 2 0 0 1 0 0 1 0 0 4 0 19 0 0 38 56 1 0 0 0 0 1 0 0 16 7 1 1 1 0 0 0 0 0 0 0 0 0 1 0 1 0 0 0 0 0 1 0 2 3 0 3 0 0 3 0 1 10 9 2 1 6 0 0 2 0 0 0 0 1 0 0 4 0 0 0
672 515 739 580 244 606 50 340 33 269 119 890 17 917 1787 1615 540 1100 835 514 1149 1346 8090 5586 278 1974 991 464 266 171 225 96 552 439 151 32 607 1074 429 1379 7973 4297 2928 51 61 723 307 166 2745 34 667 374 92 182 1691 802 127 210 106 66 601 201 206 265 256 19 107 332 445 179 66 232 456 84 617 309 73 10 250 19 273 14 1167 197 1260 95 75 146 438 165 1414 1757 227 311 1661 330 130 43 94 40 9 4 12 13 9 24 2 9 9 8 19 24 0 2 6 0 0 7 0 23 23 30 9 14 14 1 1 0 1 1 5 1 12 92 1 117 0 0 63 46 6 2 4 2 11 1 2 2 8 52 5 12 14 0 0 5 9 1 4 20 4 8 0 5 29 1 12 4 12 11 15 3 47 11 5 11 8 18 42 7 99 104 26 6 15 64 11 4 38 4 11 29 15 15 14 2 12 2 0 5
3 2 2 2 2 5 0 4 0 2 0 5 5 47 60 67 15 127 71 29 9 105 1185 5173 23 391 170 59 34 2 7 1 5 3 9 2 10 38 101 357 4297 5886 4638 3 22 278 86 23 1249 1 54 5 14 34 74 19 13 0 9 1 245 36 35 47 85 5 25 37 190 26 8 0 16 2 14 99 3 0 5 0 17 1 19 22 24 12 8 15 27 19 676 340 27 48 315 13 2 0 4 4 0 0 0 0 0 0 0 0 0 0 0 0 0 0 2 0 0 1 0 3 1 4 0 0 0 0 0 0 0 0 2 0 0 0 0 2 0 0 2 0 1 0 0 0 1 0 2 1 0 17 1 1 0 0 0 0 0 0 1 3 0 0 0 0 0 0 3 1 1 3 0 0 0 0 0 3 0 3 16 4 0 0 0 0 4 0 4 0 2 0 0 8 4 0 0 0 0 0 0 1
25 19 15 26 55 60 4 10 2 11 2 30 29 124 175 256 73 978 585 67 82 560 354 5164 224 211 770 450 450 44 62 8 35 33 184 16 98 230 852 945 2928 4638 8664 51 144 1923 649 55 1814 8 166 41 175 403 149 26 240 35 155 22 2135 194 1268 6805 1551 19 378 414 1811 124 38 9 75 18 198 643 18 0 23 2 87 2 158 426 246 150 89 39 164 67 5052 782 78 169 5622 147 9 7 107 59 0 2 0 0 2 1 0 0 0 0 0 0 0 1 8 0 0 4 3 30 12 50 6 0 0 0 0 0 0 0 1 0 0 2 0 12 0 0 10 12 11 0 4 0 0 4 11 3 2 169 2 8 18 0 0 5 1 0 4 6 0 0 0 0 0 0 37 26 30 9 0 0 2 0 22 51 3 8 98 28 1 6 4 0 36 6 3 0 14 0 0 24 17 0 2 0 0 0 0 1
2 1 1 1 1 4 0 2 2 2 0 9 2763 1 1 5 19 202 5360 35 23 84 27 11 16 16 4 2 4 1 0 0 17 1 0 0 5 867 3 34 51 3 51 6216 2661 2312 20 10 5 560 19 123 4 8 12 4 1 1 4 0 40 15 19 4 7 206 0 14 16 20 16 60 3084 2891 12 11 510 2413 2952 153 124 376 14 7 37 10 7 181 103 187 535 19 4 14 87 5 31 3 7 1 4 1 2 0 9 10 0 28 2 0 7 9 1 5 75 0 26 161 17 142 640 1168 301 41 30 1 17 1 2 11 12 2 8 75 6 478 1 3 678 653 32 25 10 0 25 1 12 9 291 268 32 13 13 0 0 6 6 2 7 14 7 8 7 7 14 13 28 9 18 26 22 11 46 62 13 30 4 14 115 17 39 273 595 36 33 120 9 6 25 6 7 41 18 15 70 1 34 6 1 20
1 4 0 1 1 3 2 2 85 6 9 3 3341 1 5 4 4 11 444 8 1 9 1 18 1 1 5 5 5 0 1 0 10 0 0 0 0 87 21 4 61 22 144 2661 12611 3197 1 27 35 4761 42 140 11 6 8 2 5 1 2 0 20 95 104 7 46 4412 4 4 91 76 78 105 216 139 7 56 2019 1830 1358 260 308 710 1 7 2 1 1 1221 564 3483 5851 52 6 52 293 3 733 36 0 0 1 1 1 0 8 9 0 5 0 0 1 1 0 1 81 0 0 4 0 98 18 32 2 0 2 1 0 2 3 1 15 0 4 7 0 28 0 0 35 9 14 5 17 1 2 31 278 27 30 2580 1 100 136 7 2 110 18 8 24 67 1 4 0 3 4 0 378 123 242 569 4 3 3 5 217 460 36 73 2119 328 10 33 9 4 478 34 34 100 196 2 1 535 188 5 4 1 1 0 0 0
6 5 4 7 21 18 1 3 14 1 8 15 5272 32 42 170 93 1839 6257 95 19 83 60 893 47 15 148 468 129 14 21 9 40 18 4 5 91 1719 1066 73 723 278 1923 2312 3197 9627 68 38 170 91 67 10 24 95 64 11 75 16 33 0 1997 64 185 987 296 1843 104 91 118 40 32 40 1539 835 112 67 263 144 477 5 56 39 38 84 60 41 23 122 153 287 2761 246 23 62 612 115 89 7 18 12 0 16 0 0 27 16 1 2 1 0 1 6 1 17 876 0 7 73 1 878 39 691 14 2 2 1 1 26 4 16 56 11 10 9 4 120 1 0 83 39 344 3 289 0 7 108 401 59 127 8507 2 45 32 6 3 49 5 8 2 12 1 25 1 9 7 2 828 468 319 619 13 13 36 16 113 961 9 21 1065 114 6 47 72 7 127 37 7 16 37 4 2 109 164 17 2 0 2 2 1 0
22 4 9 11 15 11 5 11 1 8 2 27 0 1117 504 50 121 31 45 30 101 558 138 1355 1952 128 2087 210 438 23 19 2 110 165 1274 300 503 539 25 5893 307 86 649 20 1 68 4802 8 31 1 17 10 193 587 92 8 343 48 1189 229 75 23 168 277 165 1 639 3257 86 21 2 19 324 32 96 22 9 3 57 1 8 0 141 686 287 403 1138 3 7 2 51 27 3 10 305 23 12 3 205 127 0 0 0 0 0 0 0 0 0 0 0 0 0 0 1 0 2 6 1 3 38 37 17 3 0 1 0 0 0 1 1 1 2 5 1 19 0 1 35 38 1 1 0 0 2 0 0 0 13 8 3 0 1 0 0 2 0 0 0 0 1 0 0 0 1 0 4 2 1 0 0 0 1 0 0 1 0 0 3 1 2 13 18 1 1 3 1 0 1 1 0 1 1 2 1 0 2 0 0 1
9 3 9 8 10 17 2 6 1 4 2 7 1 5 20 31 4 32 15 0 3 9 6 20 0 2 8 19 25 10 14 2 5 5 1 1 10 17 92 6 166 23 55 10 27 38 8 11125 110 36 108 29 4 3 16 3 6 3 4 3 250 8755 808 45 176 9 15 13 2511 2366 5717 3 9 5 41 10132 15 0 10 13 1354 27 7 9 8 3 3 629 3152 157 1683 284 98 504 593 34 12 1 3 5 0 1 0 1 1 0 1 2 0 0 0 0 1 0 1 0 0 1 0 6 1 3 0 1 0 2 2 2 4 0 1 1 0 1 0 5 2 0 4 1 2 2 1 2 0 10 25 4 2 64 2 256 451 7 4 163 22 13 53 146 1 5 0 0 1 1 15 23 69 17 0 4 2 0 80 26 68 286 456 56 2 4 4 2 228 19 157 114 567 0 2 880 124 0 4 0 4 0 0 2
37 27 47 26 13 15 6 26 1 15 5 22 6 18 29 18 8 55 49 31 30 138 89 610 29 44 40 23 26 15 10 3 11 4 5 1 11 23 57 78 2745 1249 1814 5 35 170 31 110 12335 23 968 159 17 41 113 8 2 3 3 0 138 170 100 37 44 8 14 20 124 197 49 1 11 7 10 212 4 0 4 12 230 12 82 39 65 16 2 117 296 107 666 8211 420 1972 9990 15 7 2 13 2 0 0 0 0 2 0 0 0 0 0 1 0 0 0 0 0 0 0 0 1 1 2 2 0 0 0 0 0 0 0 0 0 0 1 0 2 0 0 0 1 1 0 0 1 0 0 1 2 0 16 0 12 10 0 0 1 9 0 6 19 0 0 0 0 1 0 5 3 4 1 0 0 0 0 6 7 7 14 29 5 1 0 0 0 10 2 8 3 32 0 0 12 10 0 1 0 1 0 0 0
9 2 4 4 0 1 4 4 120 5 6 2 63 0 1 0 2 1 87 2 0 6 1 1 1 0 0 0 1 2 2 0 9 0 0 0 0 57 2 2 34 1 8 560 4761 91 1 36 23 7695 132 1696 24 4 41 3 1 1 0 0 6 52 24 0 3 1153 1 1 41 83 65 64 127 300 3 59 2040 624 593 2026 896 6626 17 1 7 0 0 3313 831 3321 672 58 29 54 100 1 1138 68 2 1 1 0 0 0 0 1 0 2 1 0 0 3 0 0 3 0 1 0 0 5 1 2 0 4 3 0 2 5 4 1 2 0 0 3 0 6 1 0 8 3 1 3 2 0 3 13 68 5 3 129 1 172 264 2 0 208 68 11 107 195 5 5 0 1 2 0 26 19 84 47 2 1 1 4 113 64 68 155 1048 131 3 8 9 1 427 13 110 124 580 0 2 1035 129 1 7 0 5 0 0 1
284 110 212 103 59 78 37 184 17 134 28 100 0 4 5 7 6 12 16 3 12 43 18 94 26 11 17 11 73 53 36 9 29 17 1 0 5 9 14 24 667 54 166 19 42 67 17 108 968 132 14016 18098 104 45 1673 202 11 21 1 0 62 108 60 10 17 84 17 27 63 274 49 25 19 67 48 80 141 42 42 748 3824 290 1030 105 190 26 15 452 257 83 219 8572 8834 869 1765 26 79 29 16 7 1 0 1 1 1 1 1 1 0 0 0 3 0 0 0 0 0 0 0 0 0 0 0 2 0 0 1 0 0 0 0 0 1 8 0 11 0 0 4 3 0 0 0 0 0 0 1 0 1 11 1 13 17 2 0 6 131 11 128 151 2 0 0 0 4 0 1 1 5 1 0 1 6 0 3 0 50 40 21 3 15 6 2 1 15 7 46 8 96 0 4 35 9 1 1 0 1 0 0 0
334 137 198 99 60 74 54 266 83 150 28 115 3 3 4 5 3 5 28 5 5 28 4 37 37 5 13 5 90 78 54 10 25 27 3 0 4 37 6 13 374 5 41 123 140 10 10 29 159 1696 18098 38288 177 54 2201 208 10 19 2 0 32 34 22 12 14 659 24 37 37 223 44 28 72 492 61 28 998 309 155 13239 10643 2758 1340 183 263 30 21 1809 276 158 130 1471 4363 190 292 26 681 55 13 8 3 0 1 0 2 0 0 14 0 0 5 1 0 0 0 0 0 2 0 1 1 1 0 1 0 1 3 3 0 2 1 0 0 12 0 16 0 0 10 6 0 3 2 4 3 4 23 4 4 13 0 60 46 6 1 54 1387 315 1999 1307 49 4 0 0 2 1 4 0 8 17 5 2 3 0 7 2 321 164 111 4 12 24 31 1 18 52 627 142 714 0 32 166 52 0 29 1 0 0 0 2
2160 374 672 403 404 470 1201 1416 316 1024 239 624 1 79 51 10 7 11 10 2 35 127 17 142 453 31 223 73 3674 552 355 40 129 53 46 6 17 60 22 186 92 14 175 4 11 24 193 4 17 24 104 177 21387 13333 9497 12 304 54 14 3 32 25 136 102 72 3 758 408 52 16 1 199 42 49 607 13 151 7 91 11 41 14 3429 1674 283 287 498 12 13 6 38 40 28 8 135 231 837 7345 336 247 11 3 16 14 3 11 5 5 2 3 14 20 0 0 0 0 0 0 0 0 3 4 0 3 5 1 0 0 0 1 2 1 4 27 1 44 1 0 19 16 0 2 1 0 4 0 0 0 1 2 2 0 0 0 0 0 4 1 1 2 0 0 3 2 13 0 2 0 2 0 4 1 9 3 0 0 0 0 0 0 35 23 13 2 0 12 1 0 1 0 0 0 0 7 8 1 3 1 0 1
2761 648 917 678 697 800 1020 1356 96 691 136 849 0 161 111 36 13 32 17 8 42 285 49 371 1011 78 588 204 12379 898 748 52 133 86 95 10 49 77 38 450 182 34 403 8 6 95 587 3 41 4 45 54 13333 22937 1499 16 911 157 58 7 89 59 311 234 176 3 3783 1091 136 26 6 156 89 25 1450 28 60 1 73 6 23 2 1756 7446 311 501 1346 6 24 9 92 50 14 19 327 540 168 2696 866 659 2 2 13 12 4 13 5 6 5 5 15 30 0 0 1 0 0 3 0 1 10 3 0 3 0 0 2 0 0 0 4 0 11 32 0 40 0 0 12 9 2 1 0 0 3 0 0 0 0 10 3 0 0 0 0 0 1 0 0 1 0 3 1 3 7 0 4 1 1 0 7 2 17 1 0 2 1 0 3 0 56 32 7 3 0 33 0 0 0 1 3 1 2 11 7 1 8 1 0 3
1259 243 488 270 222 261 502 814 69 481 93 429 1 34 24 10 2 16 12 8 20 97 24 120 261 21 120 34 1021 266 202 22 82 58 30 0 16 48 15 85 1691 74 149 12 8 64 92 16 113 41 1673 2201 9497 1499 21840 1075 94 56 12 3 51 23 55 47 46 20 232 177 51 35 2 93 66 37 333 39 54 9 80 115 303 52 7472 885 474 195 205 62 47 15 146 869 233 52 190 124 157 1347 180 93 0 0 2 5 0 4 2 2 2 0 11 7 0 0 0 0 0 0 0 1 4 2 0 4 0 0 3 0 0 0 3 1 5 29 0 38 0 0 21 11 2 3 0 0 5 0 1 0 2 3 3 3 0 0 0 0 13 4 13 17 0 2 0 1 6 0 0 0 1 0 0 0 12 3 1 0 5 1 5 0 31 28 7 1 2 27 6 3 15 0 0 4 2 4 4 0 3 0 0 3
129 111 131 116 46 130 10 84 3 48 22 145 0 3 2 3 2 3 3 1 1316 188 11 21 74 2 8 4 38 29 38 18 49 21 0 0 3 27 2 8 802 19 26 4 2 11 8 3 8 3 202 208 12 16 1075 3675 7 23 0 1 8 5 6 4 5 0 6 21 11 5 2 24 33 14 59 7 4 1 19 11 26 3 5647 32 2622 30 12 9 7 0 22 178 25 3 25 45 15 7 57 5 0 0 1 1 0 1 0 1 0 1 4 2 0 0 0 0 1 0 0 0 0 1 0 0 1 0 1 0 0 0 1 0 0 6 0 14 0 0 2 4 0 1 0 0 2 0 0 0 1 0 1 0 0 0 0 0 0 1 2 4 0 1 0 0 1 0 0 1 0 0 1 0 3 3 1 0 1 1 1 0 4 8 1 1 1 5 0 0 4 1 0 0 0 4 0 0 0 0 0 0
115 78 52 251 1626 319 14 21 6 13 20 135 1 367 280 51 37 22 12 14 22 72 8 185 276 7 633 494 1212 2687 8016 14 58 27 152 20 59 62 62 171 127 13 240 1 5 75 343 6 2 1 11 10 304 911 94 7 4700 207 61 7 57 74 355 205 426 1 3359 1510 238 22 8 34 28 3 5663 18 5 0 20 1 7 1 226 1559 274 1713 2155 4 11 3 53 25 9 13 213 2179 16 30 1740 6550 1 1 5 1 1 4 1 0 1 0 4 6 0 1 1 0 0 2 0 5 1 6 0 0 1 0 0 0 0 0 2 0 1 3 0 7 0 0 2 3 2 1 0 0 2 2 1 0 2 21 0 2 0 0 0 0 0 0 0 0 0 1 0 0 1 0 4 3 3 2 2 0 0 0 0 2 0 0 5 0 7 3 0 0 7 4 1 0 0 0 2 0 1 1 3 0 0 0 0 0
21 12 9 26 48 156 5 11 9 4 16 419 1 216 152 49 76 11 14 19 217 288 40 30 56 5 72 81 335 42 84 3903 2798 4331 42 35 1010 728 16 29 210 0 35 1 1 16 48 3 3 1 21 19 54 157 56 23 207 2103 530 455 22 4 51 12 60 0 138 2011 73 6 7 362 296 13 7803 5 11 2 132 1 7 1 125 114 263 64 103 1 4 2 10 25 6 3 24 1281 70 17 68 211 2 1 6 9 2 13 4 2 3 1 4 9 0 0 1 0 2 3 0 3 4 3 1 6 4 1 1 0 0 0 2 0 4 30 1 45 0 0 20 17 1 2 0 0 3 0 0 0 2 4 3 0 0 0 0 1 0 0 0 0 1 3 1 2 10 0 0 1 1 0 4 2 7 3 1 1 0 0 4 0 18 18 11 2 2 20 0 0 0 1 6 1 0 5 6 2 3 0 0 2
2 1 0 0 2 9 0 0 0 1 0 7 1 1616 792 137 247 25 15 48 14 43 28 230 28 6 692 566 96 3 1 35 181 1271 1586 1883 2881 370 57 327 106 9 155 4 2 33 1189 4 3 0 1 2 14 58 12 0 61 530 5514 2554 32 31 158 131 319 0 67 1126 133 9 3 8 47 2 75 13 6 0 10 0 4 0 6 49 16 23 23 0 2 1 25 0 1 3 88 22 2 2 14 21 0 0 0 0 0 0 0 0 0 0 1 0 0 0 1 1 0 1 0 6 4 18 7 1 0 0 0 0 0 0 0 0 0 3 1 12 0 0 6 9 3 0 0 0 0 0 2 0 2 11 1 0 1 0 0 0 0 0 0 0 0 1 0 0 3 0 3 1 4 0 2 0 0 2 0 1 0 0 4 2 2 10 3 0 4 0 0 0 0 0 1 1 1 1 0 2 1 0 0 0
2 0 0 3 3 1 0 0 0 0 0 1 0 973 435 112 308 27 6 34 11 29 45 28 4 2 123 156 27 2 7 10 42 494 215 1077 1713 124 29 72 66 1 22 0 0 0 229 3 0 0 0 0 3 7 3 1 7 455 2554 812 14 4 26 14 78 0 6 410 57 2 1 5 10 2 57 2 1 0 0 0 0 0 3 6 11 4 2 1 0 1 8 2 0 0 14 13 0 0 4 3 0 0 1 0 0 0 0 0 1 0 0 0 0 0 0 0 0 0 0 2 0 5 1 1 0 0 0 0 0 1 0 0 0 2 0 3 0 0 6 5 2 0 1 0 0 1 0 1 0 5 2 0 0 0 0 0 0 0 0 0 0 1 0 0 0 0 0 1 0 0 1 0 2 1 0 0 0 0 2 0 2 1 0 0 1 0 1 0 0 0 1 0 0 0 0 0 1 0 0 0
10 3 8 9 29 23 0 2 2 1 0 19 8 28 88 497 80 2818 309 101 11 50 40 568 34 14 76 772 126 13 43 8 23 20 11 0 133 353 5539 48 601 245 2135 40 20 1997 75 250 138 6 62 32 32 89 51 8 57 22 32 14 4964 419 913 891 1642 19 99 83 7979 259 231 7 129 8 129 7845 3 0 19 0 139 3 27 89 51 29 25 39 141 28 3130 225 22 102 1068 119 4 2 19 18 2 4 0 0 4 3 0 0 0 0 0 1 1 0 88 1 4 6 1 69 13 30 2 0 0 0 1 5 0 0 7 3 2 2 1 30 0 1 21 13 26 0 38 0 1 26 99 13 27 956 2 27 19 1 0 13 1 5 5 4 0 2 0 2 3 1 116 95 103 45 2 2 3 5 50 232 1 7 295 44 1 13 11 7 70 9 1 1 15 1 0 54 52 5 3 2 2 0 1 0
15 4 13 9 30 29 1 12 0 2 0 15 7 18 41 61 6 95 19 7 6 39 14 59 23 4 24 59 160 21 27 3 14 10 5 1 25 23 252 15 201 36 194 15 95 64 23 8755 170 52 108 34 25 59 23 5 74 4 31 4 419 7695 6956 335 644 32 78 50 3275 4823 2026 8 16 5 91 2034 21 2 8 10 676 22 26 66 54 36 9 783 2121 293 1959 271 177 1015 2286 68 11 1 15 14 0 1 0 0 0 1 0 3 0 0 0 0 0 0 0 0 0 0 0 3 1 5 0 0 1 1 0 1 0 0 1 0 0 1 0 1 0 0 1 2 1 0 1 0 0 10 16 1 3 61 0 118 156 3 0 53 18 4 21 87 0 0 0 0 0 0 28 9 37 13 2 0 1 1 43 39 61 147 206 35 1 5 1 0 97 5 65 28 252 0 2 290 77 2 0 0 1 0 0 0
36 9 6 30 107 120 1 9 3 4 7 57 8 166 253 192 22 239 65 20 28 99 15 149 84 8 173 498 985 117 140 18 22 40 35 12 82 56 659 65 206 35 1268 19 104 185 168 808 100 24 60 22 136 311 55 6 355 51 158 26 913 6956 19403 6940 7479 36 412 376 4993 863 152 8 24 5 305 1017 14 2 17 4 166 5 64 257 104 118 55 92 596 162 2821 141 81 508 3903 293 6 15 51 71 0 0 0 0 2 1 0 0 0 0 0 0 0 1 1 0 1 2 1 20 1 23 3 0 0 0 0 0 0 1 1 0 1 0 0 1 0 0 8 3 2 2 3 0 0 2 6 0 6 78 0 27 38 3 1 40 7 2 4 15 0 0 0 0 0 0 23 13 40 10 0 0 1 1 28 41 10 22 179 34 1 1 4 1 91 1 15 9 34 0 0 115 40 3 3 0 0 0 0 0
12 7 2 9 24 21 1 7 0 5 2 13 7 90 122 116 22 760 418 25 17 106 44 729 105 19 489 1711 374 26 35 2 15 19 66 12 39 75 470 151 265 47 6805 4 7 987 277 45 37 0 10 12 102 234 47 4 205 12 131 14 891 335 6940 8639 9744 5 299 284 1115 103 11 0 21 4 92 189 2 0 2 2 21 0 61 221 96 95 56 10 63 13 613 44 7 50 2333 55 0 5 54 50 0 0 0 0 1 0 0 0 0 0 0 0 0 1 15 0 0 18 1 79 5 103 2 0 1 0 0 0 0 1 2 0 0 0 0 6 0 0 5 5 34 1 18 0 1 2 1 0 6 181 1 0 6 0 0 1 0 0 0 3 0 0 0 0 1 0 18 5 5 3 0 0 1 1 3 22 0 1 11 3 0 4 1 0 8 1 0 0 4 0 0 8 3 1 0 0 0 0 0 0
28 15 6 27 98 76 4 2 0 3 3 44 6 418 851 756 25 343 101 14 11 19 15 191 17 5 369 2678 882 135 136 11 32 68 65 44 178 46 5870 36 256 85 1551 7 46 296 165 176 44 3 17 14 72 176 46 5 426 60 319 78 1642 644 7479 9744 15213 8 341 419 4771 181 79 5 13 3 362 386 5 0 13 1 57 1 42 111 67 41 36 16 66 13 517 79 20 72 1518 232 10 6 43 113 0 3 0 0 2 2 0 1 0 0 0 0 0 6 11 0 2 16 1 80 6 91 1 0 0 0 1 2 0 2 3 0 1 1 1 12 0 0 17 2 44 1 13 0 0 9 22 5 10 388 1 10 6 1 1 7 0 0 0 2 0 0 0 0 1 1 68 38 65 15 1 1 0 1 27 99 6 4 172 30 2 9 0 2 45 2 0 3 4 0 0 28 40 0 1 0 0 0 0 0
2 0 2 0 1 2 1 0 31 3 5 1 1247 1 0 0 2 25 241 1 0 0 0 6 1 0 0 2 2 0 0 0 1 0 1 0 0 10 3 0 19 5 19 206 4412 1843 1 9 8 1153 84 659 3 3 20 0 1 0 0 0 19 32 36 5 8 1465 0 0 19 28 21 12 43 275 1 11 671 863 127 540 273 535 7 1 2 1 0 279 125 246 980 24 7 18 72 1 337 17 0 0 0 2 2 0 1 0 0 1 0 0 0 0 0 2 88 0 0 1 0 31 1 22 0 2 0 0 0 1 1 0 1 0 0 1 0 9 0 0 14 5 5 1 6 1 1 8 119 15 15 914 0 15 23 0 2 29 20 6 16 17 2 0 0 1 0 0 59 21 26 556 1 1 1 0 30 50 10 19 450 54 4 10 5 0 72 9 4 9 40 0 0 103 52 0 1 0 0 0 0 0
271 138 175 118 197 204 35 134 7 59 27 219 0 304 209 42 10 42 18 10 28 146 28 348 518 29 858 381 6084 295 554 26 80 18 152 8 30 35 54 309 107 25 378 0 4 104 639 15 14 1 17 24 758 3783 232 6 3359 138 67 6 99 78 412 299 341 0 9669 1564 168 31 8 51 36 2 2436 36 10 1 19 2 12 0 369 6924 356 1665 2135 5 22 4 94 31 6 25 336 357 31 37 849 1738 4 1 1 5 1 7 2 4 0 3 9 3 0 0 2 0 0 2 0 5 2 7 0 1 1 0 0 0 0 0 1 1 1 8 0 13 0 0 1 4 2 0 1 0 3 0 1 0 0 7 1 0 0 0 0 0 0 1 0 0 1 2 0 3 4 1 4 2 1 0 5 0 3 0 1 5 0 1 9 0 17 8 4 0 2 16 0 0 1 0 4 0 1 1 3 0 1 0 0 0
70 24 32 35 61 70 12 34 2 22 10 140 5 1121 665 147 202 59 36 66 219 493 106 528 986 28 1262 622 1721 123 158 191 1120 1114 504 199 1431 808 88 791 332 37 414 14 4 91 3257 13 20 1 27 37 408 1091 177 21 1510 2011 1126 410 83 50 376 284 419 0 1564 5680 237 39 5 178 416 26 4319 32 15 4 186 1 16 0 314 1268 532 1110 3492 3 16 7 69 37 9 19 322 204 20 28 868 965 1 1 0 2 2 3 1 2 2 2 3 1 1 1 3 0 1 7 1 15 21 32 8 5 3 0 2 0 0 1 2 1 4 19 0 60 0 0 37 74 6 0 2 0 1 1 0 0 7 26 6 2 2 0 0 0 0 0 1 0 1 2 0 1 4 0 10 2 6 0 2 1 6 4 0 4 0 1 10 1 15 33 9 1 5 8 0 0 1 0 0 2 1 2 2 2 3 0 0 0
28 14 10 45 142 137 4 12 4 4 3 49 10 161 372 676 26 737 52 52 13 51 42 267 43 9 75 723 561 93 115 23 27 68 28 18 179 113 5932 37 445 190 1811 16 91 118 86 2511 124 41 63 37 52 136 51 11 238 73 133 57 7979 3275 4993 1115 4771 19 168 237 7578 1016 1031 11 30 2 453 6756 12 3 14 2 440 5 39 111 51 39 22 117 761 114 3630 182 41 260 1785 380 2 3 27 57 0 0 0 0 5 3 0 0 0 0 1 3 0 1 6 1 2 8 1 26 8 24 1 1 2 0 0 3 1 4 2 1 0 2 0 17 1 0 26 9 10 3 5 0 1 29 78 13 27 470 2 71 83 8 3 102 8 10 8 20 1 7 0 0 2 0 92 78 166 42 8 3 7 2 174 234 19 47 891 174 2 12 8 0 376 15 11 38 94 3 0 422 175 3 1 0 1 2 0 1
26 12 30 14 19 20 5 18 1 8 4 25 3 8 22 45 6 56 13 7 6 23 8 44 16 5 15 36 50 11 12 2 4 12 3 0 9 14 110 14 179 26 124 20 76 40 21 2366 197 83 274 223 16 26 35 5 22 6 9 2 259 4823 863 103 181 28 31 39 1016 5227 2139 4 6 11 36 1192 38 5 16 114 2984 116 35 37 23 14 5 999 1459 233 1082 543 4274 3430 2419 39 34 5 6 3 1 2 0 0 0 0 1 4 0 0 1 0 0 0 2 0 0 0 0 4 0 3 0 1 2 0 1 2 2 0 0 0 0 0 0 0 0 0 5 2 1 3 1 0 1 7 18 2 3 34 0 189 110 9 0 45 104 37 193 374 2 0 0 1 0 0 11 10 22 12 3 0 0 0 19 21 165 304 167 17 1 4 8 0 61 14 291 57 604 0 5 217 107 2 5 0 2 1 0 0
3 8 6 4 4 13 0 2 5 6 1 5 7 3 5 17 1 21 13 2 2 5 2 15 2 0 0 7 21 10 9 0 7 4 0 0 6 19 73 1 66 8 38 16 78 32 2 5717 49 65 49 44 1 6 2 2 8 7 3 1 231 2026 152 11 79 21 8 5 1031 2139 6496 3 9 12 20 2168 22 6 13 38 3733 84 8 6 6 2 2 2934 2082 240 1540 138 104 487 379 26 27 1 4 1 0 0 0 0 0 0 0 1 0 0 0 0 0 0 2 0 0 0 0 3 0 1 0 0 0 1 0 1 1 1 0 0 0 0 0 0 0 0 0 0 0 2 2 0 0 4 9 8 2 52 0 137 78 4 0 35 71 23 104 271 2 0 0 0 0 1 7 8 14 7 0 1 0 0 21 14 130 280 138 18 0 4 2 0 45 9 219 38 529 1 3 174 71 1 2 1 0 0 0 0
133 124 155 221 230 852 53 43 532 528 836 2098 42 4 6 3 2 3 10 0 262 482 44 6 83 6 5 1 527 75 107 489 3803 134 3 0 28 204 2 12 232 0 9 60 105 40 19 3 1 64 25 28 199 156 93 24 34 362 8 5 7 8 8 0 5 12 51 178 11 4 3 7393 836 458 1002 1 2146 103 7706 28 26 45 161 121 357 48 24 29 17 18 27 16 10 4 10 1322 5303 428 74 18 141 30 285 277 88 324 63 88 83 127 339 448 0 1 2 2 4 5 2 6 27 17 6 88 54 2 6 0 1 1 68 9 96 504 3 539 2 1 156 100 5 19 2 17 110 1 2 0 13 9 19 2 2 1 0 0 16 14 1 0 54 134 18 84 168 3 4 4 1 3 115 25 144 17 1 4 1 0 7 1 759 458 123 31 1 511 0 1 4 14 121 3 1 148 169 21 106 5 4 23
25 14 20 29 52 177 3 12 15 10 20 421 355 14 13 19 32 326 822 15 414 760 289 59 184 63 43 12 55 23 37 234 4758 287 5 1 71 3266 23 297 456 16 75 3084 216 1539 324 9 11 127 19 72 42 89 66 33 28 296 47 10 129 16 24 21 13 43 36 416 30 6 9 836 8058 2633 505 24 618 749 4302 64 61 100 174 113 438 101 97 68 53 51 426 32 11 9 67 437 105 6 113 21 28 16 21 30 67 94 13 61 14 18 56 83 8 17 51 2 44 84 23 77 643 564 167 187 179 10 43 14 2 17 75 15 63 549 25 1844 13 6 1458 1329 33 126 11 15 159 6 11 7 237 187 202 3 5 2 0 2 3 7 4 4 40 83 19 27 169 21 28 25 21 14 135 63 352 200 14 44 4 6 52 10 451 1215 670 141 10 467 6 4 8 26 72 13 12 93 163 12 184 30 7 74
