24574 7444 8248 1169 2157 3049 9712 14480 53 639 110 2901 1 2 15 28 5 25 13 0 212 49 4 20 41 4 19 34 4838 5932 954 102 102 22 2 0 7 14 51 3 1314 18 45 0 7 22 17 88 115 14 57 338 2751 1475 856 302 101 8 3 1 52 59 35 19 47 4 441 10 151 140 134 64 4 36 196 42 67 1 19 6 444 7 1340 716 509 127 49 146 93 28 63 528 355 127 237 348 75 1874 34 42 119 53 350 442 20 308 20 9 41 49 133 311 0 2 3 0 2 0 0 2 1 5 0 3 1 0 2 0 0 0 41 11 122 267 3 53 1 0 5 11 4 4 3 14 16 1 12 0 1 17 2 1 1 5 2 2 9 7 3 11 8 9 1 9 57 2 3 0 0 2 17 10 3 3 2 5 3 5 10 2 169 13 10 5 2 55 7 2 12 3 18 6 4 56 98 16 6 1 0 2
7444 16495 7565 9461 3324 4772 111 212 18 101 50 1508 0 0 0 2 0 3 2 1 99 14 1 3 15 0 5 6 305 5064 351 36 54 9 0 0 0 2 2 0 540 7 7 0 2 5 5 21 29 1 8 44 188 147 66 89 12 4 0 0 3 5 3 4 5 1 119 3 10 23 27 43 1 27 43 2 80 1 7 5 70 4 287 139 219 68 11 40 16 2 9 78 49 26 48 46 95 64 24 5 183 58 437 659 26 457 16 12 62 89 203 475 0 0 1 0 0 0 0 4 1 1 2 1 1 0 0 0 0 0 47 10 129 299 0 48 0 0 9 5 1 2 0 8 14 1 6 0 0 4 1 0 0 10 0 5 2 4 5 1 15 14 3 11 58 1 1 0 0 0 16 11 4 1 1 1 1 1 3 0 195 6 14 3 2 75 5 0 1 2 23 0 1 61 145 19 10 0 0 0
8248 7565 35477 9940 71 1135 332 8527 188 8154 452 8865 2 0 4 3 0 2 1 0 112 14 3 9 11 1 7 6 518 141 27 23 31 5 1 0 2 5 6 4 828 19 19 1 5 0 5 33 44 5 25 125 559 321 231 163 14 5 1 0 9 19 7 7 10 0 227 5 15 74 65 29 3 11 52 4 87 3 13 5 210 1 570 338 266 74 13 89 44 9 21 261 128 68 126 27 180 288 23 11 258 48 801 779 29 606 44 15 129 170 292 597 0 0 0 0 1 0 0 2 1 2 4 2 2 0 0 0 0 0 45 6 123 280 0 47 0 0 4 4 0 1 0 16 11 2 8 2 1 7 1 0 2 4 0 2 0 10 1 1 16 8 3 12 42 0 0 1 0 1 14 9 4 1 1 1 4 2 0 0 213 9 14 1 1 90 6 3 5 0 25 1 1 70 218 28 2 2 0 3
1169 9461 9940 14154 4257 10170 11 16 37 30 47 1565 0 0 0 1 0 6 3 0 116 14 1 1 14 0 2 1 52 1441 1092 21 37 3 0 0 0 3 1 1 327 2 5 0 0 2 2 3 7 0 1 5 36 14 13 29 5 1 0 2 4 4 2 2 6 0 47 0 9 5 4 43 5 15 14 0 49 0 8 0 13 3 97 68 139 60 4 4 1 1 3 15 11 7 7 23 99 34 13 2 165 44 417 552 24 430 23 16 54 107 216 474 0 0 0 1 1 0 0 1 0 2 1 1 2 0 0 0 0 0 39 10 94 257 0 24 1 0 6 5 0 0 0 16 5 1 3 0 0 5 0 0 1 3 0 2 1 7 0 0 13 12 1 10 43 0 0 0 0 5 14 7 3 0 1 1 1 0 3 0 193 9 11 2 0 70 2 2 1 1 14 1 0 46 157 23 7 1 0 1
2157 3324 71 4257 10141 7015 245 96 11 10 137 1741 0 2 9 19 10 43 21 6 149 33 6 5 15 0 3 4 488 8887 8150 561 292 24 0 0 9 29 26 1 362 12 28 3 5 36 3 46 13 1 2 21 155 95 51 60 157 25 0 0 76 28 15 11 11 2 82 4 87 17 32 95 16 22 114 50 39 1 17 1 36 3 194 142 266 82 10 17 12 1 94 38 24 7 18 620 57 97 33 16 49 19 119 171 6 102 3 9 18 22 44 129 0 0 6 0 1 0 1 3 3 9 6 3 2 0 1 0 0 0 16 5 46 113 0 21 1 1 10 13 1 1 8 6 6 0 1 2 2 21 2 1 2 3 0 8 2 4 1 0 3 9 1 3 25 2 2 0 1 3 4 6 4 2 2 3 1 2 11 1 80 6 6 1 7 29 1 1 6 0 16 1 3 20 43 5 4 1 0 0
3049 4772 1135 10170 7015 15894 208 198 92 106 394 20333 6 0 7 18 9 53 28 15 370 69 4 8 35 1 4 3 216 2393 1733 1818 1115 21 0 0 7 22 27 6 787 7 20 3 11 34 8 50 13 1 9 32 167 115 57 88 24 27 1 2 96 37 28 13 9 2 147 2 94 14 24 151 24 58 89 56 110 0 39 1 37 2 354 237 472 172 15 26 19 4 164 67 30 19 38 2287 385 132 67 17 228 68 566 813 35 567 33 24 79 151 270 655 0 0 4 2 5 1 0 8 10 8 11 5 5 0 1 1 0 0 54 11 152 440 3 77 2 0 10 24 6 3 1 16 21 1 15 2 5 44 1 1 0 10 4 15 4 8 2 0 14 18 3 11 70 2 3 5 2 3 27 18 7 2 7 9 6 5 16 7 306 19 29 2 6 108 3 1 9 2 34 10 10 90 211 19 9 5 1 2
9712 111 332 11 245 208 13586 7570 900 2908 490 552 2 1 7 6 1 9 4 0 26 11 0 3 8 1 3 18 2513 1329 226 44 58 6 2 1 4 4 14 0 175 3 15 0 15 5 4 25 18 13 19 126 3605 1331 996 55 34 4 0 0 17 23 12 7 17 3 78 3 74 41 29 81 3 16 113 15 83 15 23 9 159 13 566 168 64 26 8 39 21 9 32 233 124 19 36 152 759 5639 10 13 5 0 20 31 2 22 1 1 3 9 7 20 0 0 2 0 0 0 0 1 0 0 2 1 0 0 0 0 0 0 1 1 8 27 1 13 0 0 1 10 3 0 2 2 0 0 1 0 0 8 0 1 0 0 0 1 1 0 0 1 0 1 0 0 7 1 0 1 0 0 2 2 3 0 0 3 0 0 3 1 8 6 2 1 0 3 1 0 1 0 2 1 1 4 7 1 1 0 0 0
14480 212 8527 16 96 198 7570 33300 2135 20699 173 918 0 0 2 6 0 6 1 1 30 10 4 8 8 0 6 7 610 519 61 9 9 5 0 0 0 2 4 0 611 16 30 0 6 5 11 34 68 8 54 263 2804 940 918 205 14 3 1 0 9 30 5 6 13 2 190 5 24 104 105 8 1 16 38 10 8 4 3 17 389 17 983 453 193 52 13 127 61 13 29 463 294 79 146 25 35 1761 22 9 18 4 48 57 0 51 9 6 14 30 44 47 0 0 0 0 0 1 0 0 0 2 2 3 1 0 0 0 0 0 1 2 14 12 0 12 0 0 4 6 0 1 0 1 5 0 0 0 1 2 1 0 0 0 0 2 0 1 0 5 1 0 1 1 8 0 0 0 0 0 1 0 0 1 0 0 0 3 3 0 20 3 0 1 1 2 7 0 13 0 4 3 0 4 21 5 0 0 0 1
53 18 188 37 11 92 900 2135 1387 3767 923 802 5 0 0 0 0 0 5 0 17 5 1 0 9 0 1 0 19 13 4 28 106 2 0 0 0 0 0 0 15 0 2 7 177 13 3 4 4 141 19 77 386 38 89 5 2 3 0 0 1 5 1 0 1 25 7 1 0 4 3 419 4 77 9 3 486 151 101 115 51 109 35 9 10 4 0 100 25 31 25 31 13 4 6 11 2903 1754 7 1 5 1 16 23 2 12 1 0 2 12 8 20 0 0 0 0 0 0 0 0 0 0 1 0 0 0 0 0 0 0 1 0 5 22 1 8 0 0 3 4 0 2 0 1 4 0 4 0 1 3 1 1 1 1 0 2 5 1 3 9 0 1 0 0 8 0 1 1 0 1 1 1 0 0 0 2 1 2 4 0 13 4 9 4 1 2 2 3 11 0 1 9 0 6 3 2 0 0 0 1
639 101 8154 30 10 106 2908 20699 3767 28987 9278 18105 0 0 0 1 0 1 0 0 13 3 1 1 10 0 3 2 246 51 10 1 31 5 0 0 1 0 3 1 227 5 12 1 5 0 4 9 36 6 21 116 1303 321 403 71 4 5 0 0 6 12 8 3 2 2 88 0 16 37 43 22 2 10 11 2 123 2 14 3 141 8 380 203 64 21 11 39 23 8 10 192 99 48 55 10 1316 2427 9 3 83 12 344 349 5 328 57 38 114 202 246 363 0 0 0 0 0 0 0 1 2 0 0 0 0 0 0 0 0 0 23 2 50 98 0 4 0 0 1 0 0 0 0 6 4 0 5 0 0 1 0 1 0 2 0 5 1 4 5 5 4 8 4 3 10 1 1 0 0 2 5 4 1 0 1 0 2 4 4 0 93 2 11 4 1 20 4 0 6 0 8 3 1 11 116 24 4 0 0 0
110 50 452 47 137 394 490 173 923 9278 5055 5219 0 0 0 0 0 3 2 2 26 7 3 4 4 1 0 0 24 101 53 31 184 1 0 0 0 2 3 1 70 1 1 1 4 8 5 4 3 2 1 12 120 23 31 8 0 1 0 0 5 6 0 0 1 1 18 0 9 4 10 52 3 39 9 8 370 0 23 0 16 0 31 18 35 11 1 0 1 0 22 11 8 0 9 62 2191 631 8 1 171 32 473 575 22 549 38 46 123 208 303 557 0 0 2 0 0 0 0 2 1 1 4 3 0 0 0 0 0 0 45 6 124 255 0 42 0 0 6 5 0 1 0 11 11 0 7 0 0 8 0 2 0 5 1 2 5 4 2 3 9 9 9 14 42 0 0 1 0 1 15 8 4 0 1 0 5 1 6 1 201 6 23 2 1 69 5 2 7 0 17 3 4 51 264 27 5 0 0 2
2901 1508 8865 1565 1741 20333 552 918 802 18105 5219 36796 14 2 8 8 8 44 63 6 420 109 6 10 51 1 6 9 290 1275 532 1252 1564 34 1 0 6 21 22 5 920 10 34 16 48 81 8 66 22 4 10 58 442 190 136 112 16 39 0 0 93 29 28 17 8 8 244 4 94 34 35 960 27 212 148 70 704 13 323 2 100 4 442 280 456 151 12 41 28 5 153 144 68 30 66 1184 4159 882 80 8 713 166 1845 2535 79 1915 103 120 339 660 1037 2155 0 0 10 7 5 2 0 15 15 43 22 18 16 1 3 0 0 1 213 53 493 1344 10 225 3 2 75 42 3 10 0 51 63 0 42 6 14 45 7 1 3 32 6 21 11 27 6 8 58 80 21 66 241 3 6 5 3 15 87 43 26 8 7 9 24 10 22 4 1026 77 114 14 10 409 14 7 18 4 109 13 15 266 834 75 27 6 0 6
1 0 2 0 0 6 2 0 5 0 0 14 2867 0 1 3 4 51 3512 22 2 0 1 2 1 1 2 7 3 8 2 17 29 2 1 0 4 247 9 2 6 8 28 1883 4031 2606 2 14 1 20 0 0 4 0 1 1 2 0 0 1 24 8 13 26 26 985 3 1 31 2 9 88 472 830 3 21 136 210 317 1 1 3 1 1 1 3 1 7 62 48 520 5 1 1 23 18 17 6 1 1 1 4 0 0 6 2 0 3 0 0 0 5 9 19 484 8 2 28 3 386 5 279 25 3 1 0 3 1 0 7 11 2 10 22 0 15 3 4 21 12 159 9 98 3 0 26 193 201 48 1998 2 12 14 1 0 36 0 0 0 3 2 6 1 4 6 1 176 103 20 523 8 6 5 0 43 259 2 5 388 48 11 13 246 1 66 5 3 4 25 0 3 88 25 31 0 4 4 2 0 4
2 0 0 0 2 0 1 0 0 0 0 2 0 5178 5059 694 696 68 23 33 11 14 89 387 7 54 2515 645 117 33 5 4 15 122 5003 7983 1100 200 147 1099 349 16 137 3 0 2 154 4 7 1 0 0 23 22 6 4 124 140 1679 708 12 6 6 167 102 0 71 213 66 5 2 1 4 6 259 9 0 1 0 0 2 0 7 14 5 20 20 1 0 1 8 11 4 1 28 24 1 1 12 46 0 0 0 0 0 1 0 0 0 0 0 0 50 28 7 92 13 36 15 41 26 442 161 3 0 0 1 4 0 48 0 0 1 6 1 4 62 7 25 27 4 36 7 2 1 2 0 0 26 40 3 0 0 0 0 0 0 1 0 0 0 0 0 0 2 17 4 8 2 0 0 0 2 3 3 2 0 0 2 0 6 7 18 1 1 1 0 0 0 0 0 1 1 1 0 0 1 0 0 0
15 0 4 0 9 7 7 2 0 0 0 8 1 5059 18322 11554 3745 1046 201 985 27 24 328 481 17 95 3998 2563 180 94 27 9 41 140 3436 1396 1174 475 743 1054 1376 70 291 13 1 7 172 14 41 0 7 6 30 22 7 4 175 166 882 365 61 37 33 209 307 0 82 204 320 29 16 6 28 28 358 34 1 10 6 0 9 1 27 13 22 36 33 1 12 3 30 66 2 19 184 93 0 8 16 46 0 0 0 1 2 0 0 0 0 0 1 3 132 65 14 226 28 73 48 115 104 918 341 18 5 3 6 11 5 119 1 0 4 38 0 10 102 20 66 96 16 84 9 2 4 6 5 3 85 102 11 0 1 0 0 0 0 0 0 0 1 1 0 0 5 66 6 29 2 4 3 0 2 4 0 10 1 0 7 1 15 38 44 2 2 4 0 0 2 2 1 1 1 3 0 0 2 0 0 1
28 2 3 1 19 18 6 6 0 1 0 8 3 694 11554 19916 245 6089 1300 1885 21 27 142 346 19 16 535 3202 483 168 36 25 73 208 88 134 553 456 2499 46 1597 306 556 7 3 36 46 78 114 0 9 4 57 59 49 62 331 268 306 350 354 123 101 138 279 3 142 198 581 70 42 16 30 21 629 164 4 2 13 0 23 0 32 37 31 25 38 6 26 13 98 155 27 77 416 166 1 19 24 81 0 2 0 1 4 1 0 0 0 0 0 6 13 72 136 29 2 80 3 451 9 706 28 1 0 1 1 4 2 104 7 3 11 11 0 17 11 1 30 27 187 8 85 0 3 3 12 55 56 302 3 3 4 0 0 3 0 0 0 0 1 1 0 2 7 7 7 45 6 6 2 2 12 1 7 17 1 4 19 2 12 13 23 2 7 2 1 1 4 0 1 13 6 16 0 0 0 0 0 1
5 0 0 0 10 9 1 0 0 0 0 8 4 696 3745 245 2242 222 925 696 20 22 84 74 13 36 83 22 49 52 17 14 24 85 241 174 884 1716 32 170 304 15 69 57 5 16 42 5 9 0 0 2 11 5 1 6 44 70 206 162 33 11 13 9 9 2 18 62 10 2 2 9 15 22 168 7 0 21 3 0 0 0 7 5 4 7 7 0 3 0 22 10 1 6 42 64 0 6 5 7 0 1 0 1 2 0 0 0 0 0 0 2 211 54 19 310 35 32 70 56 214 757 276 28 18 6 18 16 9 111 1 0 6 66 2 28 180 41 147 133 8 201 18 1 19 7 1 1 168 76 30 0 1 0 1 0 0 0 0 0 1 1 0 0 8 92 2 48 4 4 3 0 4 10 3 5 3 0 7 1 29 61 51 8 3 4 0 0 0 3 1 1 2 9 0 0 12 1 0 1
25 3 2 6 43 53 9 6 0 1 3 44 51 68 1046 6089 222 18009 2682 934 27 51 91 727 49 14 466 190 87 169 41 103 145 118 30 10 532 721 3150 33 1076 477 1462 85 32 915 27 197 73 2 4 5 14 16 41 51 50 66 29 54 7057 120 161 709 427 99 57 38 1148 52 41 91 185 91 256 669 6 5 49 0 11 1 32 18 31 43 11 10 43 28 603 98 11 33 397 364 4 5 24 6 4 17 1 2 10 12 1 1 0 1 2 8 42 186 1207 61 15 183 9 1253 45 1648 61 16 7 3 5 24 0 224 53 17 35 74 5 59 35 5 95 59 808 33 556 7 6 40 215 678 196 2236 7 5 9 2 1 25 1 0 0 1 3 8 0 8 32 20 69 334 27 277 22 17 24 8 49 231 1 6 182 26 30 46 137 8 32 15 2 3 12 4 4 76 14 93 4 2 4 4 5 6
13 2 1 3 21 28 4 1 5 0 2 63 3512 23 201 1300 925 2682 67170 9596 35 45 59 214 31 43 239 67 26 57 13 69 264 62 11 3 1105 5992 64 109 353 81 364 10892 966 3927 25 56 24 18 5 2 8 2 11 13 9 27 21 12 169 70 84 103 67 359 11 12 64 39 35 410 2612 5727 105 50 110 47 611 2 16 3 7 9 21 14 5 17 101 55 859 57 8 29 276 222 16 7 9 5 15 15 4 12 26 15 0 0 0 0 2 23 696 938 2582 958 127 1272 145 5847 576 14931 1285 99 30 11 35 109 23 1684 39 27 103 321 6 162 489 114 604 504 1751 381 712 15 33 69 197 1196 1448 3970 61 25 18 9 6 25 2 0 0 4 2 14 0 16 76 197 83 517 44 435 21 19 35 33 85 218 10 14 229 34 109 345 1519 19 40 37 2 2 29 9 7 141 47 177 2 7 15 9 1 10
0 1 0 0 6 15 0 1 0 0 2 6 22 33 985 1885 696 934 9596 1839 11 13 59 85 5 29 43 13 24 30 12 11 26 38 10 3 222 398 31 58 294 29 177 68 29 27 3 7 21 0 5 1 1 4 5 2 7 14 11 10 54 49 31 14 9 2 4 11 18 27 14 27 100 70 53 11 2 1 23 0 9 0 6 2 4 1 1 4 17 6 52 45 14 32 181 55 1 1 3 1 1 2 1 2 1 0 1 0 2 0 0 2 244 126 51 328 17 54 53 154 147 1195 188 15 3 3 11 22 13 267 2 0 5 37 1 11 142 31 78 53 21 140 25 1 8 9 5 13 175 105 18 5 0 0 0 2 0 0 0 0 1 0 0 0 4 98 6 50 7 7 2 0 3 3 5 12 0 1 10 4 14 60 67 9 2 3 0 0 2 2 1 4 4 4 0 0 1 3 0 2
212 99 112 116 149 370 26 30 17 13 26 420 2 11 27 21 20 27 35 11 10404 10155 2450 252 1278 132 54 27 151 415 214 97 558 474 9 0 61 342 25 208 1148 43 257 14 18 22 248 37 14 3 0 2 38 47 18 1566 128 118 49 13 46 98 210 122 71 0 94 168 154 44 14 235 224 108 1147 19 44 16 110 0 13 0 848 100 4264 668 251 7 12 5 35 23 5 25 232 380 34 23 1019 107 2 2 17 20 2 15 1 0 1 2 3 18 7 0 1 18 24 2 11 10 27 49 64 17 18 3 10 2 1 6 8 3 21 125 10 120 6 5 104 211 0 33 1 10 10 2 0 0 32 24 16 1 1 3 1 0 0 0 2 3 5 6 0 3 35 17 3 8 1 0 13 4 11 17 2 5 1 2 6 0 84 59 33 15 1 15 0 0 1 5 10 2 1 27 10 3 8 3 0 6
49 14 14 14 33 69 11 10 5 3 7 109 0 14 24 27 22 51 45 13 10155 26501 3108 986 5672 970 193 28 83 115 47 74 528 452 29 1 106 478 33 1383 784 119 1240 35 13 65 472 41 54 1 5 11 58 57 23 148 52 86 72 28 167 312 615 430 129 2 132 131 241 115 53 214 295 67 598 21 33 27 99 1 25 1 432 257 5106 1317 181 3 25 11 74 61 36 85 931 115 15 7 3814 35 4 2 5 4 4 6 0 0 1 0 1 8 12 6 2 32 50 13 12 20 77 108 112 21 11 3 7 3 0 9 1 2 15 77 7 92 17 10 90 280 4 40 2 5 11 2 1 0 35 32 19 2 2 3 0 1 1 0 1 0 1 2 0 0 17 32 10 10 2 0 8 1 7 12 3 9 0 3 16 2 42 68 45 13 6 12 0 0 9 3 7 5 3 12 1 1 12 6 0 2
4 1 3 1 6 4 0 4 1 1 3 6 1 89 328 142 84 91 59 59 2450 3108 5952 5928 514 3771 160 15 8 10 2 10 167 198 19 2 175 512 28 1631 5429 860 1352 28 3 22 288 10 104 1 3 1 14 8 10 29 8 10 44 24 60 105 146 55 20 1 16 51 55 62 18 49 118 9 74 13 9 10 25 0 15 0 27 27 89 66 51 2 9 10 56 99 18 52 481 10 0 2 78 1 0 1 0 0 0 1 0 0 0 0 0 2 14 3 0 15 11 3 10 7 34 65 74 8 1 0 4 1 0 5 1 0 3 20 1 15 17 5 24 56 2 16 1 0 3 0 0 0 22 14 4 0 1 0 0 0 0 0 0 1 1 0 0 2 7 15 2 1 0 0 4 1 1 5 1 3 1 0 1 0 5 17 9 3 1 3 0 0 1 0 3 4 0 2 1 0 1 0 0 2
20 3 9 1 5 8 3 8 0 1 4 10 2 387 481 346 74 727 214 85 252 986 5928 15658 898 2670 3798 401 131 36 6 4 28 17 989 28 85 111 105 2953 3837 6124 3472 10 3 154 1585 12 224 0 11 6 98 98 60 82 85 11 451 46 322 67 121 727 130 1 382 84 80 51 22 13 31 13 43 27 2 8 15 0 13 3 120 190 168 522 142 5 40 13 113 165 19 58 561 31 2 6 197 28 0 0 0 0 0 1 0 0 0 0 0 2 36 20 7 64 17 38 11 72 38 376 161 0 2 0 1 1 1 31 1 1 1 17 0 12 30 7 30 88 19 24 11 0 0 1 4 0 23 71 10 1 1 0 0 4 0 0 0 0 0 1 0 0 4 15 8 14 1 5 0 1 1 1 4 19 0 1 8 1 5 16 16 2 3 0 0 0 1 1 0 5 1 3 0 0 2 0 0 3
41 15 11 14 15 35 8 8 9 10 4 51 1 7 17 19 13 49 31 5 1278 5672 514 898 12085 819 455 102 354 58 26 37 390 270 104 3 41 306 38 3017 511 87 1106 19 24 69 4788 60 43 3 5 13 261 269 78 121 393 59 51 13 140 182 465 593 154 4 1395 74 248 95 23 194 298 111 357 15 29 7 97 2 41 0 561 706 2232 3470 4142 12 19 15 69 83 25 53 657 57 16 17 6593 249 5 1 2 5 1 3 1 0 0 0 1 7 4 0 2 8 31 5 8 11 41 46 59 31 7 3 9 0 0 5 3 0 20 85 12 151 7 6 159 379 1 23 2 3 14 3 1 3 31 26 17 0 0 0 0 3 0 0 0 1 0 2 0 1 16 19 4 2 1 1 10 0 11 15 3 13 2 0 9 0 42 75 43 11 2 8 1 1 2 3 5 3 1 11 0 1 12 5 0 4
4 0 1 0 0 1 1 0 0 0 1 1 1 54 95 16 36 14 43 29 132 970 3771 2670 819 2287 1249 8 9 2 2 1 10 10 178 4 21 55 2 2900 1198 131 521 4 0 5 253 2 25 0 1 1 6 12 3 7 2 0 47 3 12 14 35 30 8 0 30 17 14 15 3 7 16 7 4 2 2 2 3 0 7 0 17 32 39 61 14 2 2 1 20 22 6 13 146 2 1 1 37 3 0 0 0 0 0 0 0 0 0 0 0 0 11 8 0 22 11 10 7 14 12 138 68 0 0 0 0 2 0 9 0 0 0 4 0 5 10 3 8 28 2 6 0 0 0 1 0 0 9 11 0 0 0 0 0 0 0 0 0 1 0 0 0 0 2 5 3 0 1 0 0 0 1 0 1 1 0 1 1 1 4 1 7 0 0 1 0 0 0 0 0 4 2 2 0 0 0 0 0 0
19 5 7 2 3 4 3 6 1 3 0 6 2 2515 3998 535 83 466 239 43 54 193 160 3798 455 1249 25796 8569 487 17 4 3 22 43 5501 220 199 116 349 2719 478 87 697 2 0 23 1339 16 20 0 1 9 206 259 48 42 474 20 1378 171 53 30 40 1343 343 0 1240 343 84 14 8 5 21 14 119 3 1 9 7 0 14 0 195 231 142 790 217 8 6 4 15 39 15 15 79 14 1 16 362 189 0 1 0 0 1 0 0 0 0 0 0 0 34 27 30 60 18 53 11 183 38 511 128 4 3 0 1 3 1 54 2 0 7 15 0 15 50 7 25 61 53 22 16 0 1 4 0 7 29 113 4 0 1 0 0 0 0 0 0 0 0 0 0 0 1 17 7 20 1 3 2 0 1 1 2 7 0 1 6 3 7 11 15 2 2 1 0 0 0 0 0 1 3 6 0 0 0 1 0 1
34 6 6 1 4 3 18 7 0 2 0 9 7 645 2563 3202 22 190 67 13 27 28 15 401 102 8 8569 9467 1069 86 21 5 18 109 568 194 82 46 3243 96 175 28 317 3 5 83 341 23 10 0 0 15 211 239 54 21 1089 149 956 260 52 17 33 2312 1388 3 1158 398 187 11 9 3 4 6 419 13 0 0 2 1 15 0 144 119 83 333 155 7 7 2 16 37 11 7 31 27 0 22 248 434 1 2 0 1 3 2 0 1 0 0 0 1 2 21 97 3 5 30 2 256 6 261 21 2 1 0 0 6 0 12 8 5 3 8 0 8 3 0 10 23 131 5 58 2 1 5 14 33 13 404 1 0 1 0 0 0 0 0 0 0 1 2 0 3 8 2 21 31 1 7 1 1 2 1 4 37 0 0 22 2 3 5 10 1 2 2 0 0 1 0 2 10 0 10 0 0 1 0 0 2
4838 305 518 52 488 216 2513 610 19 246 24 290 3 117 180 483 49 87 26 24 151 83 8 131 354 9 487 1069 45977 8210 2188 82 185 167 57 20 76 78 899 39 322 22 251 6 8 71 172 603 47 6 16 125 6390 17784 740 90 4016 83 31 17 329 658 524 384 1399 2 7910 145 3133 160 151 73 23 67 4346 357 37 3 21 6 149 0 858 940 217 241 1200 34 36 11 105 194 111 72 317 1801 27 3648 559 975 18 12 20 54 6 37 1 2 4 5 8 36 1 2 23 5 10 1 2 26 16 29 17 14 8 0 3 1 0 1 18 3 42 165 9 109 1 2 32 42 15 6 17 7 13 4 14 5 9 142 6 4 4 1 1 8 1 1 4 1 3 10 0 3 53 7 17 18 3 5 7 7 15 8 11 46 5 2 51 12 83 32 21 7 17 23 1 3 7 2 11 26 7 48 8 3 7 1 0 2
5932 5064 141 1441 8887 2393 1329 519 13 51 101 1275 8 33 94 168 52 169 57 30 415 115 10 36 58 2 17 86 8210 21301 11404 287 386 143 0 5 58 84 301 3 1378 38 77 2 14 90 21 296 84 6 35 144 1327 1021 363 260 3925 59 8 6 321 156 110 52 149 6 529 19 748 84 152 135 34 53 1375 288 48 2 28 11 213 4 1033 563 714 284 67 79 64 13 257 289 188 72 181 3129 65 763 124 168 67 11 148 208 16 143 11 6 11 10 58 158 0 0 16 3 2 2 1 11 9 11 10 11 2 0 1 0 0 2 22 5 54 160 1 48 1 1 13 25 16 3 9 14 8 3 9 8 6 71 1 1 3 3 0 8 1 1 3 9 4 15 1 6 45 2 10 14 2 3 11 5 10 1 14 23 2 6 33 3 104 10 11 2 11 33 8 1 13 1 23 15 2 34 62 9 3 1 0 2
954 351 27 1092 8150 1733 226 61 4 10 53 532 2 5 27 36 17 41 13 12 214 47 2 6 26 2 4 21 2188 11404 14599 146 144 62 1 2 14 27 83 1 835 10 22 4 4 25 8 51 20 7 11 37 306 250 86 122 4903 32 1 2 68 30 26 9 46 2 268 16 165 30 28 46 11 13 1949 58 13 1 15 2 55 1 393 213 415 158 76 21 13 7 84 93 32 22 39 1357 22 153 58 5458 23 9 40 64 4 43 5 1 3 7 20 48 0 1 3 1 2 0 0 5 3 2 3 0 0 0 0 0 0 0 9 2 22 61 2 26 1 1 7 7 6 2 6 4 1 1 2 0 1 18 1 0 2 3 0 2 0 1 1 2 2 2 0 0 11 0 1 6 0 3 6 2 0 2 3 6 0 0 12 3 43 7 7 3 3 11 2 1 4 1 7 6 1 15 19 2 1 0 0 0
102 36 23 21 561 1818 44 9 28 1 31 1252 17 4 9 25 14 103 69 11 97 74 10 4 37 1 3 5 82 287 146 5828 6753 1015 1 0 16 62 31 1 133 11 25 11 27 82 11 41 1 3 1 15 51 39 24 11 25 4012 6 7 134 26 31 17 8 4 40 45 72 7 17 1463 45 88 3802 56 97 4 155 2 18 2 59 40 87 41 10 11 16 4 202 19 7 3 35 6033 174 52 43 5 64 27 108 168 18 105 10 6 10 14 32 142 2 1 8 5 8 0 4 7 20 35 23 18 11 0 4 0 0 3 39 3 84 299 5 138 3 0 50 48 3 20 2 11 20 1 8 3 13 37 11 2 3 8 3 6 4 8 0 7 10 15 2 12 84 11 3 4 1 7 28 14 20 6 6 11 10 8 29 2 173 52 26 15 9 63 2 1 7 2 26 12 9 65 52 7 12 1 0 7
102 54 31 37 292 1115 58 9 106 31 184 1564 29 15 41 73 24 145 264 26 558 528 167 28 390 10 22 18 185 386 144 6753 10774 8422 20 4 246 2313 46 30 457 13 39 41 59 122 217 45 9 9 4 35 108 91 55 60 83 2488 271 338 173 29 20 21 25 11 132 725 119 15 20 5340 2712 362 3060 49 310 18 332 4 32 7 169 148 367 195 125 17 17 5 240 45 40 14 46 2476 863 173 270 19 172 70 278 391 49 258 18 17 25 39 97 397 3 4 17 10 24 13 5 31 64 97 81 107 89 2 18 4 0 10 102 22 290 1196 34 838 16 7 341 362 9 70 14 47 112 8 14 6 38 58 62 4 4 25 1 6 17 23 6 19 44 65 2 21 390 34 6 28 5 11 132 50 119 47 11 19 32 17 34 6 565 330 156 158 12 201 4 2 16 25 110 15 22 312 132 25 81 18 3 50
22 9 5 3 24 21 6 5 2 5 1 34 2 122 140 208 85 118 62 38 474 452 198 17 270 10 43 109 167 143 62 1015 8422 10117 63 53 1593 1977 194 43 407 11 22 15 11 27 311 19 10 2 4 27 108 52 39 30 145 2237 2667 4003 86 11 10 16 58 1 104 4299 160 4 7 652 711 92 3030 41 36 11 57 4 27 0 122 88 184 115 246 11 5 1 43 40 24 7 23 401 13 4 181 27 30 14 41 47 19 27 9 3 5 1 4 69 1 4 7 5 25 5 11 14 40 44 31 94 59 3 15 2 0 8 31 3 74 438 41 497 6 5 246 339 6 89 6 16 55 4 2 1 25 33 48 0 0 8 0 3 4 13 0 3 14 24 1 9 162 27 1 10 2 2 86 19 79 53 8 7 16 1 3 1 169 189 64 110 1 57 2 1 5 16 32 4 15 129 8 10 47 15 0 27
2 0 1 0 0 0 2 0 0 0 0 1 1 5003 3436 88 241 30 11 10 9 29 19 989 104 178 5501 568 57 0 1 1 20 63 6246 1157 494 177 87 3888 54 15 161 27 0 4 1682 4 4 0 2 2 23 27 5 3 76 17 2674 348 10 3 10 130 118 0 128 169 41 4 1 7 20 15 32 3 0 11 8 1 3 0 15 21 19 91 35 0 0 0 2 4 2 4 21 2 0 1 70 40 1 0 0 0 0 0 0 0 0 0 0 3 43 15 1 72 28 21 23 25 46 240 157 7 2 2 3 2 2 27 0 0 0 15 2 12 36 9 51 92 8 38 1 0 0 3 0 1 32 26 4 0 1 0 0 0 0 0 0 0 0 0 0 0 3 30 2 9 0 0 1 1 1 6 1 1 1 0 2 1 7 15 8 1 0 1 0 0 0 0 1 0 0 1 0 0 1 0 0 0
0 0 0 0 0 0 1 0 0 0 0 0 0 7983 1396 134 174 10 3 3 0 1 2 28 3 4 220 194 20 5 2 0 4 53 1157 2257 564 94 83 117 18 0 7 0 0 1 34 3 2 0 0 0 1 4 1 0 13 23 1438 664 3 1 1 12 44 0 8 54 31 0 0 2 0 0 37 2 1 0 1 0 0 0 2 2 1 2 5 0 1 0 2 0 0 1 4 1 0 1 5 6 0 0 0 0 0 0 0 0 0 0 0 0 3 1 1 1 1 1 1 2 0 15 9 0 0 0 0 0 0 1 0 0 1 0 0 0 1 0 1 4 0 2 0 0 0 0 0 0 1 2 0 0 0 0 0 0 0 0 0 0 0 0 0 0 0 1 0 0 0 0 0 0 1 1 0 0 0 0 0 0 0 1 0 0 0 0 0 0 0 0 0 0 0 0 0 0 0 0 0 0
7 0 2 0 9 7 4 0 0 1 0 6 4 1100 1174 553 884 532 1105 222 61 106 175 85 41 21 199 82 76 58 14 16 246 1593 494 564 4311 2318 113 210 442 12 57 51 7 58 220 3 2 1 0 3 6 16 3 6 68 221 1305 1293 150 6 4 28 35 0 31 921 45 2 3 16 61 51 355 18 3 64 15 1 5 0 8 7 20 18 21 1 5 2 50 8 1 2 21 72 1 1 16 12 2 0 1 2 3 6 0 0 0 0 1 5 41 15 6 68 54 17 33 37 202 257 126 164 73 10 30 12 4 40 1 5 17 131 10 99 68 23 243 290 9 223 5 7 48 13 3 4 128 28 63 2 0 1 0 2 0 1 1 0 0 3 0 3 9 102 1 24 5 2 27 0 11 47 3 3 1 1 9 1 46 132 24 39 2 18 0 0 1 9 14 4 4 13 0 1 48 6 0 7
14 2 5 3 29 22 4 2 0 0 2 21 247 200 475 456 1716 721 5992 398 342 478 512 111 306 55 116 46 78 84 27 62 2313 1977 177 94 2318 9347 97 231 713 30 128 1301 152 550 925 31 8 14 2 7 29 20 12 13 45 251 1124 678 352 23 29 36 37 42 39 1467 66 9 19 418 3249 503 446 59 45 140 102 1 10 4 54 36 131 94 95 10 42 18 604 36 7 12 61 221 5 4 104 13 18 14 10 9 20 24 3 0 0 0 6 42 165 66 62 300 216 64 136 169 739 1242 754 547 275 24 102 46 4 121 25 6 63 646 38 542 231 67 1089 1445 42 704 28 27 215 35 23 11 445 251 258 5 8 3 2 13 2 6 1 0 9 13 1 6 70 355 22 117 10 28 95 19 91 186 33 57 10 4 78 14 257 666 277 219 25 67 2 0 13 47 45 31 30 91 3 4 192 57 3 68
51 2 6 1 26 27 14 4 0 3 3 22 9 147 743 2499 32 3150 64 31 25 33 28 105 38 2 349 3243 899 301 83 31 46 194 87 83 113 97 10057 18 362 98 261 7 17 128 67 188 17 0 1 8 124 124 23 31 670 232 289 229 9322 77 111 602 3216 3 353 219 6340 13 30 13 15 4 667 915 1 0 6 0 4 0 89 60 78 93 54 9 9 3 317 38 11 9 84 215 2 35 81 176 3 2 3 2 3 2 0 1 0 0 0 2 1 17 214 10 4 23 1 295 9 136 14 4 5 0 4 2 0 12 20 4 10 22 1 5 5 1 25 15 219 10 146 2 3 22 75 70 25 1140 4 5 5 2 2 15 0 0 0 1 1 7 0 5 7 5 121 131 22 34 14 11 2 3 28 296 6 4 169 23 11 13 7 3 41 3 1 1 8 7 3 48 12 33 0 1 1 3 0 1
3 0 4 1 1 6 0 0 0 1 1 5 2 1099 1054 46 170 33 109 58 208 1383 1631 2953 3017 2900 2719 96 39 3 1 1 30 43 3888 117 210 231 18 6916 1209 102 625 56 0 19 4890 2 15 0 2 2 37 34 7 13 30 5 737 91 32 32 67 138 40 1 165 105 27 13 2 19 81 32 17 4 1 23 16 1 4 0 51 93 106 255 113 0 5 7 24 25 4 11 192 2 0 1 140 11 1 1 0 0 1 0 0 0 0 0 0 2 136 35 5 216 50 61 67 68 151 666 451 18 9 1 6 14 4 79 2 0 6 28 2 21 123 21 91 169 4 97 10 1 3 3 2 0 98 63 20 1 0 0 0 0 0 0 0 0 0 2 0 0 3 53 4 31 2 1 2 0 2 7 2 7 0 0 4 0 16 37 44 8 2 5 0 0 1 1 0 0 4 5 0 1 0 1 0 1
1314 540 828 327 362 787 175 611 15 227 70 920 6 349 1376 1597 304 1076 353 294 1148 784 5429 3837 511 1198 478 175 322 1378 835 133 457 407 54 18 442 713 362 1209 12549 4455 2871 40 90 341 318 415 3027 45 152 136 102 53 775 1746 329 123 74 38 753 323 196 204 251 10 199 146 625 343 410 197 230 97 1417 320 96 11 97 14 391 24 787 142 569 345 461 452 851 267 1017 2570 349 607 2767 532 57 50 237 215 34 26 60 97 10 65 6 4 8 10 9 82 8 6 11 15 15 8 5 23 17 70 46 30 26 2 1 1 1 9 35 6 57 280 16 167 10 1 79 118 14 20 8 10 27 5 12 6 12 85 20 7 19 3 1 26 4 7 11 56 6 7 0 7 64 18 9 11 5 14 31 13 26 16 11 33 11 39 47 7 132 80 43 41 15 35 43 2 135 3 21 56 14 64 24 5 20 6 0 14
18 7 19 2 12 7 3 16 0 5 1 10 8 16 70 306 15 477 81 29 43 119 860 6124 87 131 87 28 22 38 10 11 13 11 15 0 12 30 98 102 4455 5714 6207 5 7 244 64 21 1346 2 22 3 12 7 67 91 12 4 20 4 551 20 23 69 102 2 27 6 183 24 11 8 17 6 39 81 0 0 6 0 8 1 24 11 8 47 13 8 33 18 319 511 21 58 706 41 0 5 13 3 0 0 0 1 0 0 0 0 0 0 0 3 3 1 2 1 0 1 2 6 3 17 8 1 0 0 0 0 0 0 1 0 2 8 0 2 1 1 3 7 3 0 3 0 1 0 5 0 1 45 0 0 1 0 0 1 0 0 0 1 0 0 0 0 3 2 5 4 1 4 2 3 0 0 5 19 1 1 13 2 4 1 6 0 9 0 0 0 3 1 0 5 0 0 0 0 0 0 0 0
45 7 19 5 28 20 15 30 2 12 1 34 28 137 291 556 69 1462 364 177 257 1240 1352 3472 1106 521 697 317 251 77 22 25 39 22 161 7 57 128 261 625 2871 6207 12322 28 47 1213 913 89 2590 2 35 23 168 163 87 84 103 7 195 25 2380 162 466 4753 546 7 588 62 1058 108 39 43 79 14 87 358 2 1 39 2 37 2 187 301 244 687 153 18 127 108 2092 781 85 168 3168 82 4 10 293 22 1 0 0 3 2 0 0 0 0 0 0 3 15 3 27 32 5 12 5 54 21 168 58 5 2 0 1 1 0 16 7 0 5 15 1 9 13 4 30 49 12 15 18 1 2 8 19 4 23 254 1 6 6 0 0 20 0 1 0 3 1 1 0 0 2 9 35 43 12 10 1 1 3 3 52 106 1 7 147 28 10 18 13 2 45 2 5 4 13 1 1 56 13 4 0 0 1 1 1 0
0 0 1 0 3 3 0 0 7 1 1 16 1883 3 13 7 57 85 10892 68 14 35 28 10 19 4 2 3 6 2 4 11 41 15 27 0 51 1301 7 56 40 5 28 7228 4793 670 44 61 7 250 6 23 3 0 4 1 1 0 39 0 56 24 28 5 6 326 3 27 22 8 34 340 4314 1729 4 24 1237 1137 5493 54 27 74 0 2 8 1 5 89 150 147 827 30 1 5 45 11 24 8 8 1 5 1 3 2 5 1 0 0 0 0 0 4 56 16 91 97 35 48 20 212 146 743 241 30 12 0 14 7 1 35 5 0 6 99 5 41 44 16 150 223 39 62 18 2 11 4 29 35 138 305 15 2 19 1 1 34 5 3 2 4 0 1 0 3 6 42 15 31 10 75 4 3 8 15 25 29 6 9 102 13 45 108 229 8 38 15 10 13 47 8 3 81 14 13 0 1 8 2 0 0
7 2 5 0 5 11 15 6 177 5 4 48 4031 0 1 3 5 32 966 29 18 13 3 3 24 0 0 5 8 14 4 27 59 11 0 0 7 152 17 0 90 7 47 4793 7924 2454 19 115 32 5853 29 120 22 4 7 4 2 3 5 2 45 82 67 30 45 1309 8 26 86 56 180 296 809 470 9 27 3529 1509 2629 675 247 1139 6 6 11 1 10 1321 989 3080 953 91 16 19 141 29 821 163 4 0 2 3 4 6 0 9 0 8 2 8 4 12 1 3 107 3 5 10 2 60 5 74 3 2 3 0 3 1 1 3 19 3 9 27 3 22 0 0 16 27 41 3 41 11 4 33 284 11 23 1293 0 125 249 10 8 531 21 10 28 121 3 1 0 2 8 1 190 120 82 302 9 12 4 1 363 375 42 158 1783 156 15 25 22 4 392 21 151 184 825 5 2 1421 166 20 8 6 3 3 0 1
22 5 0 2 36 34 5 5 13 0 8 81 2606 2 7 36 16 915 3927 27 22 65 22 154 69 5 23 83 71 90 25 82 122 27 4 1 58 550 128 19 341 244 1213 670 2454 9090 28 132 47 122 14 2 26 26 13 14 26 10 1 1 1931 103 134 635 363 1323 74 10 196 30 50 245 772 114 59 150 197 9 425 3 15 7 22 38 43 64 10 34 244 248 3164 83 11 31 369 170 42 19 45 5 10 8 4 7 16 8 0 5 0 0 1 12 13 23 1143 23 4 28 2 397 25 349 30 8 15 2 4 3 1 23 68 11 36 66 2 31 10 3 77 43 336 20 295 11 11 82 1276 202 117 5913 7 46 92 8 4 325 2 5 4 19 4 23 0 11 13 3 611 487 112 1356 38 43 18 2 324 1444 19 46 2588 326 47 61 66 8 490 41 16 24 178 14 14 635 125 77 8 6 8 9 5 2
17 5 5 2 3 8 4 11 3 4 5 8 2 154 172 46 42 27 25 3 248 472 288 1585 4788 253 1339 341 172 21 8 11 217 311 1682 34 220 925 67 4890 318 64 913 44 19 28 7286 15 14 1 3 12 122 101 36 31 216 102 969 175 27 31 116 415 182 0 589 377 107 21 13 101 448 76 321 7 8 52 76 0 23 1 149 249 234 1154 2272 14 7 6 24 30 16 10 267 18 3 3 705 122 2 1 0 3 3 2 0 1 0 1 0 8 26 17 3 66 112 20 36 34 124 224 297 54 21 2 17 3 0 25 2 0 22 122 15 191 41 12 252 608 13 92 7 6 29 4 2 0 93 29 42 0 1 0 0 0 0 2 0 0 1 2 0 2 24 62 6 8 5 0 15 1 12 36 0 0 1 1 6 2 48 129 40 34 4 8 3 0 0 5 3 5 3 21 2 0 19 9 0 3
88 21 33 3 46 50 25 34 4 9 4 66 14 4 14 78 5 197 56 7 37 41 10 12 60 2 16 23 603 296 51 41 45 19 4 3 3 31 188 2 415 21 89 61 115 132 15 14748 122 56 26 21 85 96 27 14 203 17 7 10 275 10403 1655 574 1355 44 239 21 8147 958 3671 21 54 10 210 9930 33 0 46 20 157 42 74 63 42 102 27 1276 5131 818 3289 388 40 141 417 209 10 31 56 42 4 1 2 1 1 1 2 7 3 0 0 6 0 0 7 3 1 2 0 4 2 18 3 2 1 2 6 2 2 1 5 2 9 20 3 7 2 0 5 1 7 3 2 18 3 36 95 5 11 114 0 321 653 12 6 611 16 10 33 165 0 1 1 2 2 0 13 54 94 32 2 2 1 0 330 54 130 523 805 54 8 11 5 1 296 17 481 129 1897 2 7 1399 388 13 6 1 2 3 0 0
115 29 44 7 13 13 18 68 4 36 3 22 1 7 41 114 9 73 24 21 14 54 104 224 43 25 20 10 47 84 20 1 9 10 4 2 2 8 17 15 3027 1346 2590 7 32 47 14 122 10263 14 160 57 11 5 45 71 18 1 1 1 81 82 52 15 17 3 17 4 97 173 46 7 11 10 54 137 15 0 12 5 82 5 21 17 8 35 19 58 376 149 456 6690 364 1762 8410 32 4 3 12 5 2 1 4 1 1 1 0 1 0 0 0 3 0 0 0 1 0 1 0 2 3 2 2 0 2 0 0 0 0 0 0 0 6 6 0 16 0 1 11 7 2 1 1 1 0 1 3 0 1 10 0 3 2 0 0 7 1 2 0 10 0 0 0 1 7 0 4 1 1 3 3 1 0 1 4 2 2 4 23 3 7 2 3 4 7 2 4 2 32 0 0 19 5 3 1 0 0 0 0 0
14 1 5 0 1 1 13 8 141 6 2 4 20 1 0 0 0 2 18 0 3 1 1 0 3 0 0 0 6 6 7 3 9 2 0 0 1 14 0 0 45 2 2 250 5853 122 1 56 14 5695 159 802 16 3 17 4 3 1 3 0 6 76 24 0 4 706 4 1 15 44 124 37 72 482 5 31 1491 660 336 2500 561 4999 10 3 2 3 5 2631 862 2997 439 109 14 27 45 9 608 102 3 1 6 4 5 2 2 7 2 3 1 4 5 8 0 0 1 0 0 1 0 2 1 2 1 1 1 0 2 0 0 1 0 0 2 7 1 2 1 0 3 4 2 0 0 11 1 6 21 2 3 19 0 155 315 4 5 281 63 35 99 205 1 1 1 2 1 0 2 10 39 21 1 1 0 1 70 7 71 221 306 7 2 5 2 4 79 12 301 162 1193 0 3 894 167 3 4 3 0 1 0 1
57 8 25 1 2 9 19 54 19 21 1 10 0 0 7 9 0 4 5 5 0 5 3 11 5 1 1 0 16 35 11 1 4 4 2 0 0 2 1 2 152 22 35 6 29 14 3 26 160 159 8702 9588 25 8 175 45 6 3 2 1 10 37 11 5 7 39 12 2 13 311 77 7 9 87 23 10 126 29 21 377 1895 229 44 17 11 18 12 259 89 36 43 6112 6815 303 409 8 75 18 4 3 0 1 0 4 1 1 0 0 0 0 0 1 0 0 0 0 0 0 0 1 0 1 0 1 1 0 0 0 0 0 0 0 0 6 2 7 0 0 2 3 0 0 0 0 1 0 0 0 0 0 0 2 5 0 0 1 23 6 7 43 0 0 0 0 2 0 1 0 0 0 0 0 1 1 1 1 7 8 10 0 4 4 3 2 1 1 8 3 43 0 0 5 2 2 1 0 0 0 0 0
338 44 125 5 21 32 126 263 77 116 12 58 0 0 6 4 2 5 2 1 2 11 1 6 13 1 9 15 125 144 37 15 35 27 2 0 3 7 8 2 136 3 23 23 120 2 12 21 57 802 9588 24167 128 27 862 143 19 18 1 3 5 26 19 15 28 363 60 18 31 144 60 27 30 418 145 14 576 151 66 10827 9050 1576 232 81 25 73 57 1936 264 121 32 4244 4326 76 92 47 323 81 37 21 8 3 8 9 1 4 2 7 1 4 5 10 0 0 0 0 1 0 1 0 2 0 1 5 4 0 0 1 0 0 1 1 6 37 2 37 0 1 14 16 0 3 0 10 4 0 0 0 2 2 1 10 14 3 0 16 855 429 644 554 20 2 0 0 16 1 0 0 2 8 4 3 1 0 1 2 116 76 11 0 26 16 15 7 2 11 70 7 209 0 9 28 5 6 9 2 3 1 0 1
2751 188 559 36 155 167 3605 2804 386 1303 120 442 4 23 30 57 11 14 8 1 38 58 14 98 261 6 206 211 6390 1327 306 51 108 108 23 1 6 29 124 37 102 12 168 3 22 26 122 85 11 16 25 128 10226 5678 5040 27 378 36 12 4 72 125 199 213 349 8 1921 47 441 56 43 107 31 73 984 39 98 11 26 14 83 17 3321 1215 147 386 431 20 13 10 42 169 73 17 128 331 359 9527 429 230 14 7 34 33 5 28 2 4 5 6 8 35 0 0 1 1 1 1 1 3 4 8 4 7 12 0 0 0 0 2 15 2 31 168 6 126 0 0 39 49 3 10 1 6 12 0 2 0 1 22 6 0 0 3 0 1 2 0 1 2 3 8 0 1 62 6 3 4 1 1 22 9 18 7 0 8 0 0 9 0 62 46 14 29 2 25 0 1 1 3 10 1 1 35 12 4 7 3 0 9
1475 147 321 14 95 115 1331 940 38 321 23 190 0 22 22 59 5 16 2 4 47 57 8 98 269 12 259 239 17784 1021 250 39 91 52 27 4 16 20 124 34 53 7 163 0 4 26 101 96 5 3 8 27 5678 9814 278 21 406 28 8 5 58 158 185 200 338 0 3729 42 500 40 23 48 8 42 791 42 15 2 3 3 19 1 760 3777 81 338 433 8 6 3 25 26 22 18 122 251 24 2464 399 200 9 4 18 28 4 22 0 1 1 0 4 22 0 0 6 1 3 1 1 5 3 5 2 3 2 1 1 1 0 1 10 2 18 76 4 76 1 0 23 41 6 3 2 3 5 0 4 0 2 25 3 0 2 3 0 3 0 1 1 0 5 4 0 2 23 2 1 3 1 1 4 5 8 3 2 12 0 0 11 2 52 19 17 2 2 6 0 0 0 0 0 3 2 22 2 1 4 3 0 5
856 66 231 13 51 57 996 918 89 403 31 136 1 6 7 49 1 41 11 5 18 23 10 60 78 3 48 54 740 363 86 24 55 39 5 1 3 12 23 7 775 67 87 4 7 13 36 27 45 17 175 862 5040 278 17620 547 80 21 1 0 39 33 50 52 73 10 329 26 94 45 35 27 10 49 325 15 35 14 14 57 314 36 5024 377 126 204 135 44 27 6 36 1666 252 25 60 81 71 1524 117 60 8 5 5 9 2 12 1 0 1 1 2 17 0 0 0 0 4 0 0 1 2 2 0 8 7 0 0 0 0 1 6 1 20 80 1 67 1 0 23 33 0 5 2 0 8 0 0 0 0 6 5 1 1 2 0 0 1 0 2 1 1 3 0 1 25 1 1 0 0 0 11 4 11 1 0 4 1 0 1 0 38 17 9 16 1 6 2 0 6 2 10 2 0 20 3 1 6 1 0 4
302 89 163 29 60 88 55 205 5 71 8 112 1 4 4 62 6 51 13 2 1566 148 29 82 121 7 42 21 90 260 122 11 60 30 3 0 6 13 31 13 1746 91 84 1 4 14 31 14 71 4 45 143 27 21 547 2570 75 22 3 2 37 23 42 40 37 5 83 18 72 34 43 29 17 21 211 12 10 1 12 10 100 5 2640 163 811 405 69 32 24 6 37 881 72 40 108 77 8 10 132 50 4 4 7 14 2 6 1 0 0 3 2 8 2 1 3 0 2 1 1 0 2 2 0 5 3 0 1 0 0 0 3 1 9 36 1 21 0 0 7 14 0 1 0 1 4 0 1 0 1 10 3 2 1 3 0 1 1 0 1 3 3 4 0 2 21 3 1 0 0 0 2 3 1 1 0 2 0 0 4 0 17 11 4 3 1 7 0 1 5 0 4 4 0 10 1 4 1 0 0 2
101 12 14 5 157 24 34 14 2 4 0 16 2 124 175 331 44 50 9 7 128 52 8 85 393 2 474 1089 4016 3925 4903 25 83 145 76 13 68 45 670 30 329 12 103 1 2 26 216 203 18 3 6 19 378 406 80 75 8260 67 44 11 158 163 209 226 1202 0 2561 213 1750 46 44 22 9 6 7737 147 4 0 6 3 36 0 311 241 360 809 2770 13 15 5 53 40 13 26 108 1405 2 92 3023 7935 1 1 4 4 0 2 0 0 1 0 0 3 0 2 10 2 0 1 0 12 1 12 7 0 0 0 1 0 0 4 1 1 7 20 1 15 1 0 8 19 10 2 9 0 3 3 2 0 4 75 3 0 1 0 0 4 0 1 1 0 1 0 0 0 8 2 7 12 2 1 1 0 1 0 7 26 0 3 26 1 3 4 3 0 4 0 0 1 7 1 5 7 0 5 0 0 1 0 0 0
8 4 5 1 25 27 4 3 3 5 1 39 0 140 166 268 70 66 27 14 118 86 10 11 59 0 20 149 83 59 32 4012 2488 2237 17 23 221 251 232 5 123 4 7 0 3 10 102 17 1 1 3 18 36 28 21 22 67 3125 454 1208 74 9 11 9 72 1 42 5769 175 10 7 585 40 36 5199 26 23 0 62 0 19 1 60 42 99 40 344 7 1 2 15 18 7 10 10 691 13 1 59 28 22 7 17 33 10 26 3 1 2 1 7 39 1 0 5 0 6 0 0 3 3 6 3 14 12 0 1 0 0 0 13 4 23 156 18 129 2 0 46 45 8 8 5 6 11 2 0 2 4 15 8 0 0 9 0 0 1 1 0 1 9 8 1 8 56 3 5 1 0 0 9 10 22 8 0 2 5 2 7 1 72 41 10 25 1 13 1 0 3 4 15 1 5 42 8 4 15 4 0 9
3 0 1 0 0 1 0 1 0 0 0 0 0 1679 882 306 206 29 21 11 49 72 44 451 51 47 1378 956 31 8 1 6 271 2667 2674 1438 1305 1124 289 737 74 20 195 39 5 1 969 7 1 3 2 1 12 8 1 3 44 454 5787 5428 23 11 19 174 317 0 46 2545 210 2 2 19 76 28 252 6 2 40 14 0 1 1 8 12 23 27 31 0 1 0 3 1 1 5 37 7 0 0 21 18 2 1 0 1 3 2 1 0 0 0 0 5 32 9 1 31 76 4 25 24 119 146 191 70 15 5 19 4 0 10 2 0 9 58 4 72 33 12 139 347 6 98 8 2 24 3 2 0 47 19 31 0 1 0 0 0 1 0 0 0 0 1 0 0 0 66 0 16 5 0 6 0 7 22 0 9 1 0 0 0 25 66 21 18 1 6 0 0 1 3 5 1 1 10 0 1 20 5 0 3
1 0 0 2 0 2 0 0 0 0 0 0 1 708 365 350 162 54 12 10 13 28 24 46 13 3 171 260 17 6 2 7 338 4003 348 664 1293 678 229 91 38 4 25 0 2 1 175 10 1 0 1 3 4 5 0 2 11 1208 5428 1256 41 4 4 27 92 0 16 4595 111 1 0 15 47 3 297 17 1 7 4 0 0 0 3 3 9 5 27 0 2 1 6 2 0 0 6 6 0 1 7 8 2 0 0 0 1 2 0 0 0 0 0 0 1 2 4 6 12 3 4 8 19 31 29 28 12 1 5 2 0 2 1 2 6 21 4 38 10 3 47 89 3 25 1 1 8 0 0 2 21 8 11 0 0 0 0 0 0 0 0 0 0 0 0 1 4 12 1 2 0 1 3 0 1 12 0 4 0 1 0 0 12 21 7 12 0 7 0 0 1 3 1 2 1 7 1 0 7 2 0 3
52 3 9 4 76 96 17 9 1 6 5 93 24 12 61 354 33 7057 169 54 46 167 60 322 140 12 53 52 329 321 68 134 173 86 10 3 150 352 9322 32 753 551 2380 56 45 1931 27 275 81 6 10 5 72 58 39 37 158 74 23 41 13507 249 301 1292 532 73 141 26 5041 53 83 99 206 21 377 4029 8 1 75 0 23 1 64 64 98 111 16 10 66 27 3384 130 16 50 654 508 8 28 109 24 5 2 3 6 13 4 0 1 0 0 1 9 4 13 295 20 3 13 3 163 22 182 22 9 8 1 7 5 0 34 25 3 17 41 5 30 10 2 38 33 142 15 157 5 7 53 394 66 47 1581 6 22 28 3 4 97 0 2 2 2 5 10 1 6 8 6 193 236 55 164 18 7 13 1 126 705 6 15 682 107 18 28 25 11 162 17 2 4 42 8 5 141 50 35 4 1 12 4 11 4
59 5 19 4 28 37 23 30 5 12 6 29 8 6 37 123 11 120 70 49 98 312 105 67 182 14 30 17 658 156 30 26 29 11 3 1 6 23 77 32 323 20 162 24 82 103 31 10403 82 76 37 26 125 158 33 23 163 9 11 4 249 16606 8529 808 448 18 386 10 5248 3414 1649 15 31 7 121 1813 14 2 30 19 149 82 114 121 136 199 35 529 2155 476 1706 244 51 1455 4764 125 11 18 148 26 2 0 1 1 1 2 2 0 2 0 1 3 2 1 3 0 1 2 0 12 1 43 3 1 1 0 1 0 0 8 4 2 3 7 1 2 0 0 10 7 0 3 1 9 4 24 29 2 5 47 1 269 437 12 2 246 19 43 86 340 3 1 0 0 2 1 11 23 32 23 1 0 2 1 118 32 141 556 250 33 4 4 2 2 110 12 406 84 1792 0 1 665 199 5 4 1 0 0 0 0
35 3 7 2 15 28 12 5 1 8 0 28 13 6 33 101 13 161 84 31 210 615 146 121 465 35 40 33 524 110 26 31 20 10 10 1 4 29 111 67 196 23 466 28 67 134 116 1655 52 24 11 19 199 185 50 42 209 11 19 4 301 8529 10261 6572 2664 18 714 27 5614 861 247 14 38 7 102 931 14 1 20 3 84 5 219 291 256 536 76 50 773 389 1769 117 64 594 5463 90 6 21 313 30 0 1 0 1 0 0 0 0 0 0 0 0 0 2 0 2 1 4 2 9 3 42 6 1 1 0 0 0 0 3 3 0 2 3 0 2 0 0 5 10 3 1 2 1 0 15 45 4 9 86 0 38 105 1 0 100 1 2 1 10 0 1 0 1 0 2 15 28 31 17 1 3 0 0 152 43 8 37 357 46 3 10 2 1 148 3 13 11 135 0 0 334 66 3 3 0 2 1 0 0
19 4 7 2 11 13 7 6 0 3 0 17 26 167 209 138 9 709 103 14 122 430 55 727 593 30 1343 2312 384 52 9 17 21 16 130 12 28 36 602 138 204 69 4753 5 30 635 415 574 15 0 5 15 213 200 52 40 226 9 174 27 1292 808 6572 6843 9979 1 852 57 3855 206 113 19 35 3 79 127 4 3 11 2 35 1 214 319 232 770 129 14 57 13 302 47 22 64 2793 41 0 11 334 85 0 2 0 0 1 0 0 1 0 0 0 3 9 9 67 8 3 5 4 84 6 64 30 1 1 0 0 0 0 9 8 0 4 10 2 3 4 1 9 14 55 7 50 2 0 8 39 9 13 580 3 4 6 0 2 10 0 0 0 0 0 3 0 1 4 2 75 42 6 15 3 6 2 1 28 186 3 3 107 12 3 8 2 1 30 3 2 0 11 3 5 36 6 12 1 2 0 2 1 1
47 5 10 6 11 9 17 13 1 2 1 8 26 102 307 279 9 427 67 9 71 129 20 130 154 8 343 1388 1399 149 46 8 25 58 118 44 35 37 3216 40 251 102 546 6 45 363 182 1355 17 4 7 28 349 338 73 37 1202 72 317 92 532 448 2664 9979 15370 2 1370 178 13241 76 81 9 18 8 331 197 3 0 5 0 36 1 227 229 178 547 148 11 18 11 107 65 16 14 409 67 3 52 382 398 5 1 0 0 1 4 0 0 0 0 0 1 0 2 196 3 1 5 2 137 2 43 8 1 4 0 7 4 0 2 21 4 7 11 0 5 1 2 9 14 146 9 139 2 1 19 93 22 17 1630 2 6 8 1 1 12 0 0 0 2 5 9 1 8 7 1 226 130 21 40 11 18 9 1 40 460 3 3 241 27 2 13 2 5 70 4 3 2 21 3 3 42 16 35 0 3 7 3 1 2
4 1 0 0 2 2 3 2 25 2 1 8 985 0 0 3 2 99 359 2 0 2 1 1 4 0 0 3 2 6 2 4 11 1 0 0 0 42 3 1 10 2 7 326 1309 1323 0 44 3 706 39 363 8 0 10 5 0 1 0 0 73 18 18 1 2 1566 4 2 15 4 19 36 96 666 4 13 652 1736 228 340 47 464 3 2 3 1 2 85 117 71 737 27 0 4 21 8 215 25 1 0 0 0 1 0 0 2 0 0 0 3 2 1 0 1 65 2 0 1 0 12 1 15 0 3 1 0 0 1 0 0 1 0 1 7 0 4 1 0 3 4 3 1 2 1 1 2 110 20 7 273 1 6 8 0 0 44 10 8 8 17 0 2 0 0 1 0 5 7 4 1109 0 0 1 0 18 12 5 9 133 13 4 1 46 0 19 3 6 9 24 0 0 62 9 2 2 0 0 0 0 0
441 119 227 47 82 147 78 190 7 88 18 244 3 71 82 142 18 57 11 4 94 132 16 382 1395 30 1240 1158 7910 529 268 40 132 104 128 8 31 39 353 165 199 27 588 3 8 74 589 239 17 4 12 60 1921 3729 329 83 2561 42 46 16 141 386 714 852 1370 4 12886 157 1522 137 82 52 27 71 2578 84 20 3 21 5 87 3 1140 5946 335 3039 2805 13 30 14 61 146 54 51 417 294 17 90 3296 1416 17 8 23 35 6 16 2 0 0 1 5 30 1 0 6 3 3 1 0 3 4 16 14 7 6 2 2 0 0 3 16 0 18 124 4 107 1 0 33 41 7 4 10 3 9 1 9 0 4 93 4 1 1 8 2 4 2 5 1 1 2 6 0 3 44 3 10 6 1 2 7 8 8 3 8 34 0 2 23 2 73 30 18 12 4 16 1 1 4 0 8 15 5 30 4 3 1 2 0 5
10 3 5 0 4 2 3 5 1 0 0 4 1 213 204 198 62 38 12 11 168 131 51 84 74 17 343 398 145 19 16 45 725 4299 169 54 921 1467 219 105 146 6 62 27 26 10 377 21 4 1 2 18 47 42 26 18 213 5769 2545 4595 26 10 27 57 178 2 157 5664 215 11 9 60 239 41 4533 22 3 24 28 1 22 1 83 59 65 110 2835 10 6 3 14 25 14 5 37 18 0 3 118 146 3 1 1 1 4 3 1 0 0 1 0 6 9 3 2 8 47 2 10 8 79 66 78 55 21 5 8 3 0 6 3 0 21 113 17 202 13 12 212 482 7 70 4 3 29 4 2 1 44 17 45 1 1 0 0 1 1 0 0 1 0 4 0 2 19 50 3 9 2 0 11 0 26 31 0 9 1 1 2 0 39 96 29 36 1 16 1 0 1 5 10 4 3 17 0 1 21 14 0 17
151 10 15 9 87 94 74 24 0 16 9 94 31 66 320 581 10 1148 64 18 154 241 55 80 248 14 84 187 3133 748 165 72 119 160 41 31 45 66 6340 27 625 183 1058 22 86 196 107 8147 97 15 13 31 441 500 94 72 1750 175 210 111 5041 5248 5614 3855 13241 15 1522 215 20209 720 573 30 33 8 1054 6254 5 1 25 5 119 2 326 292 301 503 160 37 389 193 1952 267 43 262 1575 563 6 121 347 391 2 5 0 0 6 4 0 3 0 0 1 4 1 4 49 4 2 4 0 39 4 35 8 5 5 0 6 3 0 7 27 1 5 18 0 11 4 0 14 11 32 13 32 8 1 45 227 9 14 712 4 54 131 4 9 284 0 3 3 18 3 4 0 3 5 1 147 147 87 52 10 10 3 1 487 443 21 54 1206 167 5 20 10 3 483 12 29 21 160 6 4 727 142 19 6 3 4 4 3 0
140 23 74 5 17 14 41 104 4 37 4 34 2 5 29 70 2 52 39 27 44 115 62 51 95 15 14 11 160 84 30 7 15 4 4 0 2 9 13 13 343 24 108 8 56 30 21 958 173 44 311 144 56 40 45 34 46 10 2 1 53 3414 861 206 76 4 137 11 720 8484 2315 12 10 10 81 217 12 2 9 112 560 143 64 56 59 95 37 418 540 146 304 925 1546 2836 1451 30 8 11 56 14 1 0 0 1 0 2 0 5 0 0 1 2 1 1 1 2 1 5 0 4 1 8 3 0 0 0 2 0 0 2 1 0 5 18 3 23 0 0 6 9 1 1 0 2 1 3 4 0 5 13 0 70 64 3 0 65 83 124 192 811 2 0 0 0 3 0 1 2 6 8 0 1 1 0 20 3 153 265 77 11 17 6 7 2 24 14 201 15 998 0 0 130 44 2 5 1 0 0 1 2
134 27 65 4 32 24 29 105 3 43 10 35 9 2 16 42 2 41 35 14 14 53 18 22 23 3 8 9 151 152 28 17 20 7 1 0 3 19 30 2 410 11 39 34 180 50 13 3671 46 124 77 60 43 23 35 43 44 7 2 0 83 1649 247 113 81 19 82 9 573 2315 5117 21 24 12 81 864 64 2 47 152 4866 172 50 43 32 67 19 1177 944 425 1086 865 290 609 258 65 13 11 22 10 0 0 0 1 1 1 0 7 0 0 1 2 0 0 0 1 1 1 0 2 0 7 1 1 0 0 1 0 0 0 1 0 0 13 0 16 0 0 3 5 0 0 1 2 0 6 21 1 1 20 1 80 139 3 1 96 145 233 404 1727 2 0 0 0 2 0 0 7 9 19 0 0 1 3 24 10 265 512 128 7 11 7 10 1 36 18 319 35 1835 1 2 230 79 3 4 6 0 0 0 0
64 43 29 43 95 151 81 8 419 22 52 960 88 1 6 16 9 91 410 27 235 214 49 13 194 7 5 3 73 135 46 1463 5340 652 7 2 16 418 13 19 197 8 43 340 296 245 101 21 7 37 7 27 107 48 27 29 22 585 19 15 99 15 14 19 9 36 52 60 30 12 21 6616 2665 1105 1034 44 2836 116 2472 17 29 27 84 69 151 93 46 24 42 20 380 37 17 5 27 1139 4513 394 155 7 218 84 302 498 68 329 30 12 44 53 157 484 15 12 24 22 46 11 12 46 102 209 124 132 99 6 22 9 0 20 148 27 378 1738 53 1121 29 4 438 504 17 82 14 84 145 7 20 4 90 110 68 6 2 24 4 13 18 46 8 21 72 86 9 43 533 44 16 23 7 11 153 81 140 49 12 28 45 15 47 8 991 445 285 146 22 290 9 3 37 21 169 22 48 415 194 32 96 23 1 61
