43951 11532 12924 1059 3459 1373 9054 15438 167 1655 391 1748 1 10 20 17 14 12 2 4 198 35 7 11 42 4 41 28 6716 13103 854 250 203 23 1 2 25 11 15 18 1278 7 30 5 6 5 30 39 178 12 88 230 1512 2111 1303 259 45 47 1 3 27 59 63 21 22 3 132 36 127 111 45 99 7 19 77 45 32 2 8 11 288 22 4648 396 808 163 36 64 70 28 44 921 381 137 91 989 83 2415 42 42 11 4 104 44 8 30 11 1 10 19 69 87 0 1 0 0 0 1 0 0 1 3 3 5 2 0 0 1 0 0 4 0 32 45 0 8 0 0 18 14 0 1 0 10 10 0 0 0 3 1 0 4 5 2 1 2 3 7 8 12 11 1 1 3 4 0 0 2 0 1 6 0 0 0 2 0 16 4 6 1 38 27 10 1 2 50 12 8 21 0 13 9 5 0 69 3 6 0 0 2
11532 12734 4680 9702 3861 1931 231 608 45 1214 453 1191 1 4 3 5 4 7 2 1 157 22 4 9 21 2 16 9 514 2332 490 58 115 9 2 0 6 3 8 8 655 8 11 3 4 2 8 13 84 6 26 44 109 390 170 140 22 8 1 1 8 15 16 9 9 1 112 18 29 28 9 91 3 12 43 12 36 0 5 5 74 5 1219 209 651 100 15 13 28 11 25 235 102 51 28 92 85 126 26 12 22 10 153 74 9 52 12 3 14 32 138 128 0 0 0 0 0 1 0 0 1 2 1 5 0 0 1 0 0 0 2 0 53 70 0 8 0 0 14 7 0 0 0 16 11 0 0 0 6 1 0 0 2 3 0 0 4 6 0 7 8 2 0 5 3 0 0 0 0 0 8 0 0 0 0 0 7 0 0 0 70 30 8 0 0 47 1 2 8 0 17 3 2 2 111 6 7 0 0 1
12924 4680 9648 10048 662 8695 239 6300 127 6802 1010 15452 2 4 11 6 4 6 3 0 182 26 5 6 23 1 18 8 321 308 95 39 193 11 1 0 2 3 4 5 781 6 17 0 4 1 13 13 68 5 19 55 158 476 249 145 14 10 0 0 4 14 12 9 7 4 58 14 27 49 21 144 5 12 45 20 74 1 15 2 88 3 1515 234 713 125 27 20 26 16 16 307 134 71 25 89 168 128 35 21 46 21 393 155 27 152 16 11 39 72 294 301 0 0 1 0 1 0 1 0 1 3 3 3 1 0 0 0 0 0 4 0 97 169 0 17 0 0 8 10 0 0 0 26 26 0 0 0 6 1 0 4 1 10 1 2 4 12 3 6 9 7 6 14 7 0 0 0 1 0 16 0 0 0 1 0 5 7 0 0 130 52 11 0 2 108 3 3 10 1 44 4 2 7 231 6 15 0 0 2
1059 9702 10048 13167 8495 9050 93 227 29 732 494 2953 0 9 12 10 6 6 0 1 181 36 4 6 13 1 14 9 173 580 950 46 131 9 0 0 10 5 7 4 472 5 12 0 0 0 4 9 29 2 14 16 54 188 73 108 16 12 0 1 8 20 21 5 9 2 48 14 51 12 8 123 3 8 51 14 43 0 4 1 33 6 718 152 526 127 20 13 5 7 8 83 40 29 18 137 122 56 21 14 36 10 357 118 12 97 18 7 22 45 188 211 0 0 0 0 1 0 2 0 0 2 1 4 2 0 0 0 0 0 4 0 86 122 0 9 0 0 13 6 0 0 0 15 25 0 0 0 4 0 1 1 2 7 0 0 6 12 0 1 10 1 1 5 4 0 0 1 1 0 8 0 0 0 0 0 0 3 1 0 101 26 16 0 0 92 3 1 4 0 27 1 1 4 165 7 6 0 0 0
3459 3861 662 8495 13532 10151 706 399 32 197 308 3747 2 15 23 24 27 3 0 3 175 61 1 10 15 2 16 11 1082 6930 11183 672 353 24 0 3 35 20 18 6 416 5 20 1 0 1 8 38 48 2 24 33 245 523 198 85 564 83 1 6 23 70 64 10 22 1 74 8 136 45 8 130 6 10 66 56 15 0 9 1 35 3 1018 159 486 129 22 15 12 4 16 169 68 41 38 2419 81 341 40 51 7 6 82 35 7 28 6 1 7 15 66 77 0 0 1 1 2 2 0 0 2 2 1 0 1 0 0 0 0 0 0 0 21 43 0 3 0 0 24 12 0 0 0 5 9 0 0 0 4 3 2 2 0 1 0 0 0 5 0 5 5 3 2 2 2 0 1 1 1 0 7 0 0 0 4 2 10 0 6 0 27 19 6 0 4 48 3 2 5 0 13 2 0 2 73 4 5 0 0 0
1373 1931 8695 9050 10151 19442 378 1691 89 4225 857 14854 1 9 19 8 9 4 0 2 319 101 10 9 23 1 6 8 251 1193 1101 1029 366 15 1 1 20 7 11 2 518 6 17 0 3 2 7 25 36 1 11 29 98 316 143 98 5 28 1 2 13 45 32 14 4 1 23 6 83 14 11 203 7 14 46 18 62 0 4 1 26 4 889 160 610 135 13 9 14 4 18 93 52 26 30 2907 246 175 40 23 62 25 522 249 22 185 30 13 37 113 365 370 0 0 0 1 1 1 2 4 2 2 4 1 1 1 0 0 0 1 6 1 111 155 0 6 0 0 19 12 1 2 0 23 35 0 0 0 4 4 3 1 1 12 1 2 4 14 0 3 22 6 6 2 6 0 0 0 0 0 23 2 0 0 2 0 7 1 7 0 141 32 13 1 1 120 5 0 4 1 43 7 1 6 253 9 16 1 0 0
9054 231 239 93 706 378 8754 8954 391 1442 245 789 2 5 10 2 9 2 0 1 27 10 4 4 10 2 9 8 1425 1353 226 82 119 5 0 0 2 5 4 3 122 3 4 3 3 3 7 9 13 8 18 37 1400 833 875 38 6 22 0 0 6 32 23 5 7 0 9 8 35 17 9 92 1 8 22 8 85 1 4 2 43 6 1201 68 81 15 13 9 6 3 5 172 59 17 14 468 716 5748 10 10 8 4 65 21 0 12 5 2 5 12 49 44 0 1 0 0 0 2 0 3 1 0 1 0 1 0 0 0 0 0 1 0 11 24 0 2 0 0 6 1 2 1 0 4 3 1 1 0 2 0 2 0 0 0 0 3 2 0 0 2 2 1 0 0 3 0 0 1 0 0 3 0 0 1 1 0 2 1 1 1 21 8 4 0 1 19 3 1 5 0 7 0 0 0 32 1 0 0 0 1
15438 608 6300 227 399 1691 8954 37836 4550 25563 1707 5786 1 3 3 3 2 4 1 2 97 21 7 19 32 0 33 13 567 386 89 55 82 6 0 0 4 4 2 8 1115 23 27 4 8 3 18 15 171 11 97 247 1513 1515 1231 215 27 15 1 0 7 18 12 15 8 0 48 37 28 73 48 106 0 19 38 26 104 0 7 15 281 19 4288 311 573 106 29 64 38 24 45 963 395 135 65 175 624 2945 25 20 17 8 148 77 9 64 8 4 24 43 126 145 0 0 0 0 0 2 1 1 1 0 1 2 1 0 0 0 0 0 0 1 42 57 0 11 0 0 10 5 0 1 0 12 18 0 0 0 1 0 1 2 8 8 0 0 4 11 8 13 8 1 3 2 3 0 0 0 1 1 12 1 0 0 0 0 8 13 1 0 40 27 14 0 1 50 10 3 26 0 15 9 2 2 101 3 5 0 0 0
167 45 127 29 32 89 391 4550 2327 5158 470 508 25 0 2 0 1 0 0 0 24 28 1 0 3 1 3 0 30 29 9 64 189 2 0 0 0 0 0 1 78 2 3 12 62 17 0 1 8 39 8 29 252 72 119 10 2 10 0 0 1 3 4 1 0 16 1 1 4 4 4 392 8 96 22 0 921 18 64 10 25 31 226 20 24 6 2 26 19 39 22 65 25 4 1 91 3631 1077 5 1 6 3 44 11 1 17 4 3 7 11 43 38 0 2 0 0 1 7 1 5 16 13 6 1 0 0 0 0 0 0 1 0 13 26 0 2 0 0 9 9 0 2 1 2 5 0 0 0 15 4 1 0 1 0 0 1 2 6 1 2 2 2 0 1 1 1 0 0 0 0 1 0 0 1 1 0 2 2 8 0 19 16 23 0 1 15 1 1 2 0 3 6 0 2 21 0 2 0 0 0
1655 1214 6802 732 197 4225 1442 25563 5158 60719 14418 21528 6 2 5 3 1 2 0 1 115 24 6 11 14 1 11 5 182 144 60 94 297 6 0 0 5 5 1 3 527 7 16 3 2 4 10 6 84 5 38 80 579 470 441 104 11 24 0 1 10 8 6 10 8 2 29 16 18 33 22 459 3 26 40 8 352 0 14 5 112 14 1487 146 322 62 14 19 19 9 29 323 156 52 31 123 4496 1401 18 11 121 50 849 441 21 356 51 20 85 223 678 792 0 0 3 0 1 3 0 4 3 3 5 10 5 1 0 0 0 0 9 2 200 266 1 24 0 0 25 8 1 3 0 58 53 1 0 0 3 0 0 1 2 10 0 2 6 35 11 16 27 18 7 17 9 0 0 0 3 2 27 0 0 1 0 0 15 2 0 0 284 78 24 0 0 202 6 3 16 3 80 7 6 8 485 22 34 1 0 0
391 453 1010 494 308 857 245 1707 470 14418 7425 10639 14 1 0 0 0 0 3 0 30 8 1 1 1 0 0 2 48 147 86 27 94 1 0 0 0 0 0 0 97 0 0 5 19 1 2 1 10 27 6 24 165 66 76 16 1 6 0 0 0 3 1 1 1 4 2 2 3 1 3 360 1 25 10 5 1382 19 7 5 18 9 241 27 59 15 1 11 6 19 6 63 25 3 9 110 3143 445 3 1 60 28 469 217 19 189 31 14 43 147 446 369 1 0 0 0 0 1 2 0 3 1 4 4 2 0 1 1 0 0 2 1 86 149 0 7 0 0 10 11 0 0 0 16 20 1 1 0 4 4 1 0 2 6 1 1 2 10 2 6 14 3 6 8 7 0 0 1 0 1 10 2 1 0 0 0 8 0 0 1 121 30 19 0 0 80 1 0 5 0 21 2 0 4 300 10 11 1 0 0
1748 1191 15452 2953 3747 14854 789 5786 508 21528 10639 24157 15 4 11 11 7 5 4 1 392 117 3 12 28 0 14 10 357 1491 1061 1863 593 28 0 0 13 12 13 3 577 8 13 4 20 6 12 28 37 14 28 58 408 481 233 116 25 95 0 1 21 56 35 7 10 1 28 15 68 36 17 832 17 62 233 20 409 5 25 5 68 7 1164 148 563 110 18 18 24 17 42 230 83 38 33 2687 3081 755 47 15 160 77 1228 561 47 475 95 25 110 312 1012 1041 0 1 1 0 1 5 0 3 12 8 5 6 1 0 1 0 0 0 21 0 260 439 0 23 1 0 23 29 1 5 0 60 58 0 3 0 18 3 4 1 3 18 1 3 6 36 7 5 33 9 15 22 11 0 0 0 0 3 31 2 3 0 0 2 17 3 7 2 345 92 40 2 2 289 1 4 13 3 90 4 4 11 751 27 47 4 0 3
1 1 2 0 2 1 2 1 25 6 14 15 3195 0 0 1 5 41 3184 72 1 2 0 1 0 0 5 8 1 1 1 4 30 0 0 0 0 100 4 1 3 2 1 3962 2878 1404 0 11 5 193 5 22 6 0 0 0 0 1 0 0 10 11 4 1 5 1564 0 0 5 7 14 356 254 1942 3 8 1459 263 667 24 17 63 0 1 1 0 0 51 65 181 134 7 4 5 6 11 391 21 0 0 0 4 1 2 8 3 0 3 0 0 0 1 0 4 846 1 6 94 0 1297 33 1447 13 0 1 0 3 5 0 18 9 5 9 7 1 6 0 0 14 17 110 0 58 1 2 7 55 29 142 1985 0 4 10 1 0 24 3 2 5 4 1 3 0 1 15 1 55 57 31 265 0 4 4 3 10 36 6 3 250 7 3 12 281 3 20 12 4 16 26 2 1 81 3 18 2 2 2 1 0 0
10 4 4 9 15 9 5 3 0 2 1 4 0 3916 5008 651 342 21 5 9 10 19 113 113 13 6 1950 1255 430 153 181 0 6 85 4198 3075 782 30 37 2201 200 8 32 0 0 2 1454 10 6 0 0 0 20 112 19 3 345 489 1302 1356 10 6 9 25 99 0 241 625 158 2 1 0 0 0 155 7 0 0 0 0 5 0 96 35 48 33 27 0 0 0 0 8 2 7 6 92 2 18 14 89 0 0 0 1 0 0 0 0 0 0 0 0 0 1 1 2 0 17 1 13 6 38 13 0 0 1 0 0 0 2 0 0 0 1 0 0 0 0 2 4 1 0 0 0 0 1 0 0 7 4 0 0 0 0 0 0 0 0 0 0 0 0 0 0 0 0 0 1 0 0 0 0 0 0 0 0 0 0 1 0 0 4 9 0 0 0 0 0 0 0 0 0 0 0 0 0 0 0 0 0
20 3 11 12 23 19 10 3 2 5 0 11 0 5008 8642 11689 1049 3376 103 1005 30 52 613 257 11 50 1547 2680 539 252 322 4 12 144 1195 553 415 56 374 1818 1122 61 175 0 1 13 843 11 49 2 1 4 38 148 25 7 467 461 433 290 112 24 24 27 69 0 233 540 113 7 2 2 2 3 289 44 0 0 1 0 7 1 113 25 54 30 47 5 7 1 27 58 7 63 103 218 2 22 13 113 0 2 1 0 0 0 0 1 0 0 1 1 3 5 4 0 1 6 3 26 29 29 11 1 6 0 2 1 0 1 0 0 2 4 1 4 7 1 12 16 2 16 3 0 0 0 0 0 15 20 6 0 2 1 0 3 0 0 1 2 0 0 0 0 2 2 2 5 4 0 2 0 0 2 3 0 2 1 5 0 4 11 4 4 1 10 0 0 4 0 1 2 0 2 1 0 3 0 0 5
17 5 6 10 24 8 2 3 0 3 0 11 1 651 11689 13017 234 5440 3257 943 26 34 634 298 16 26 992 4629 506 166 199 4 19 68 612 147 106 144 1933 1097 1609 118 203 3 2 51 357 12 63 1 2 2 35 123 26 6 335 178 144 82 153 32 70 38 50 0 189 228 187 14 2 3 14 1 158 53 0 0 1 0 7 1 114 28 41 29 16 8 15 5 16 64 15 91 152 137 0 15 12 66 0 0 1 1 2 0 0 0 0 0 0 1 0 7 30 2 2 32 0 113 27 186 14 1 0 0 2 4 1 12 0 1 2 0 0 1 6 0 2 7 61 5 14 0 0 0 1 1 16 42 2 0 2 1 0 0 0 0 1 3 1 1 0 0 0 1 2 3 2 1 0 1 0 2 0 1 2 5 8 0 3 6 7 1 3 4 2 0 3 0 0 6 1 1 2 0 2 0 0 0
14 4 4 6 27 9 9 2 1 1 0 7 5 342 1049 234 3631 348 1991 1979 49 100 285 129 58 53 95 27 181 108 207 4 8 99 87 61 858 1790 21 252 303 23 92 4 3 107 315 7 24 4 2 6 20 53 9 6 167 208 165 175 101 10 36 17 6 3 51 176 13 3 3 1 6 39 226 7 0 5 2 1 8 0 69 28 48 25 13 3 7 2 25 30 2 24 74 159 5 19 7 46 3 3 1 3 3 13 1 2 0 0 4 7 21 52 3 13 16 53 37 32 422 166 204 42 59 7 19 21 18 84 3 3 35 37 2 16 129 3 92 159 8 233 6 2 18 12 3 3 159 46 112 1 0 1 2 1 1 1 1 1 1 2 1 2 1 12 4 12 1 1 9 2 5 12 0 4 1 3 22 0 24 156 53 10 0 102 1 1 4 3 5 7 4 8 22 3 49 3 0 24
12 7 6 6 3 4 2 4 0 2 0 5 41 21 3376 5440 348 13747 2471 1068 22 41 353 833 22 17 1570 1459 141 65 96 2 77 229 71 5 378 680 4356 24 1251 260 752 37 12 3000 48 103 164 2 7 15 11 46 9 6 81 41 9 14 4790 191 339 284 248 7 45 32 714 72 15 3 64 39 121 394 6 1 8 0 10 3 51 13 18 12 6 15 53 24 171 164 40 220 590 71 6 6 5 21 2 13 0 1 12 2 0 3 0 1 2 4 4 136 1117 7 26 442 2 1688 131 3088 38 2 3 1 3 66 2 247 33 9 23 17 2 13 12 2 34 46 1237 18 746 2 8 26 26 33 277 1806 6 4 8 0 1 8 2 2 5 9 4 11 0 4 20 9 40 294 109 47 5 10 9 9 8 38 10 5 105 1 11 28 78 10 10 23 5 3 21 3 2 51 10 35 5 1 4 1 0 0
2 2 3 0 0 0 0 1 0 0 3 4 3184 5 103 3257 1991 2471 39900 7840 23 79 122 290 29 40 445 120 17 12 15 3 187 176 42 1 896 2385 33 154 203 49 256 2257 571 11746 57 41 39 97 1 23 0 8 3 3 11 6 2 3 247 71 75 93 58 158 8 5 27 27 23 62 436 2869 48 90 98 664 298 23 12 39 14 6 18 5 1 49 81 128 1354 47 15 71 218 16 22 1 6 3 2 27 6 4 31 14 1 7 2 0 3 17 92 372 1881 69 58 2436 74 4543 1513 10665 993 37 53 14 35 100 44 545 36 12 55 78 11 27 260 12 275 401 1126 270 496 5 38 37 74 94 1409 2557 121 11 10 4 3 25 3 7 2 8 5 7 2 8 31 22 116 176 78 149 21 15 9 19 20 104 12 9 476 8 64 365 2045 28 32 329 2 15 21 8 7 96 24 56 52 6 46 8 3 28
4 1 0 1 3 2 1 2 0 1 0 1 72 9 1005 943 1979 1068 7840 2702 26 65 155 217 28 54 148 52 30 29 43 2 10 30 9 0 143 544 25 193 251 41 239 51 27 571 59 7 56 13 4 8 3 16 7 1 27 23 3 10 186 22 53 36 8 6 12 17 17 6 5 9 30 137 54 15 2 54 27 2 2 9 9 5 17 4 1 11 13 15 84 65 19 71 182 47 2 6 4 8 5 4 0 3 6 7 0 3 0 2 4 3 45 152 18 22 21 138 28 92 677 635 279 19 29 11 12 33 25 189 3 0 20 41 0 9 139 7 81 160 12 210 11 1 14 19 5 3 256 108 106 2 1 1 3 2 1 0 0 4 2 2 0 2 0 21 6 26 5 3 7 3 3 13 2 5 2 2 43 0 49 160 125 10 5 159 1 5 1 3 4 10 11 9 29 2 22 6 1 18
198 157 182 181 175 319 27 97 24 115 30 392 1 10 30 26 49 22 23 26 10552 9218 1742 376 699 337 244 38 153 273 340 138 333 423 5 3 62 218 9 214 1208 55 319 4 0 3 113 5 37 0 3 2 39 60 52 2312 86 279 2 8 39 22 93 107 19 0 16 129 56 10 1 135 249 101 1518 25 51 0 70 2 4 0 1153 40 4063 285 148 3 10 5 30 43 15 33 164 667 152 64 454 124 2 4 10 9 5 6 2 0 0 1 13 11 1 4 0 9 13 20 10 4 73 22 55 11 15 1 3 0 5 3 0 0 18 40 1 30 5 1 150 145 1 21 1 2 13 1 1 0 106 11 16 2 3 4 0 0 1 9 0 0 2 2 0 0 5 0 3 1 0 0 12 2 1 1 1 0 3 0 4 1 39 98 79 1 2 85 0 0 2 0 17 2 2 9 27 0 19 0 0 10
35 22 26 36 61 101 10 21 28 24 8 117 2 19 52 34 100 41 79 65 9218 17486 4658 1819 5079 1450 1126 109 91 92 128 81 368 495 6 1 114 405 16 1829 775 186 1502 13 4 40 418 14 89 1 1 5 27 167 34 215 66 265 1 11 71 96 404 557 70 1 61 177 157 26 4 154 417 165 1189 51 43 0 89 1 8 3 495 144 2434 920 624 5 10 1 63 62 28 116 699 366 145 27 2488 158 3 4 7 4 7 2 0 0 1 0 9 13 3 1 0 16 41 42 30 25 130 57 163 25 25 3 8 0 0 11 4 3 28 54 2 55 10 0 279 296 0 39 2 7 20 0 0 0 185 32 40 1 5 3 0 1 3 9 0 2 6 2 0 5 7 0 5 3 2 0 14 2 2 2 2 6 9 1 24 1 52 239 136 4 3 113 2 0 7 2 22 6 4 11 17 1 20 0 1 11
7 4 5 4 1 10 4 7 1 6 1 3 0 113 613 634 285 353 122 155 1742 4658 7572 7438 1290 5746 994 338 48 16 17 14 126 807 8 15 309 620 128 2553 4711 1791 1406 9 0 66 129 8 261 0 3 3 8 130 36 39 10 72 3 50 169 14 68 106 26 1 36 45 42 12 8 57 155 15 144 67 10 0 21 0 8 1 118 61 228 79 21 9 26 7 76 116 22 144 471 18 16 3 62 8 0 1 4 0 2 2 0 0 0 0 1 3 0 3 1 3 2 15 11 16 26 25 28 4 2 1 3 0 2 6 1 0 10 11 0 5 5 0 35 41 1 11 1 3 2 1 0 0 38 15 16 3 1 1 1 0 0 2 1 3 1 0 0 0 1 1 0 2 2 1 5 0 2 2 1 8 1 0 9 2 14 27 19 3 1 22 2 2 5 0 2 9 2 1 4 0 11 1 0 4
11 9 6 6 10 9 4 19 0 11 1 12 1 113 257 298 129 833 290 217 376 1819 7438 9234 1110 3668 3654 331 508 31 24 4 49 36 73 67 26 75 129 796 2214 8655 2757 18 1 778 776 16 290 1 11 9 49 925 74 51 57 16 36 8 593 21 80 241 67 2 406 71 96 8 10 7 61 8 54 85 4 0 17 1 12 1 678 362 692 410 131 7 18 9 322 158 19 71 368 34 3 10 265 47 0 2 0 0 1 1 0 0 0 0 0 1 0 1 1 1 5 50 1 49 29 133 40 0 1 1 0 1 1 2 2 1 2 3 0 3 1 0 17 20 2 1 0 1 0 3 2 0 26 66 1 3 5 0 0 0 0 0 2 2 0 0 0 0 1 0 12 6 3 0 1 0 0 0 1 22 2 3 20 1 1 11 25 1 6 6 0 3 5 0 1 6 0 2 2 1 0 0 0 0
42 21 23 13 15 23 10 32 3 14 1 28 0 13 11 16 58 22 29 28 699 5079 1290 1110 8663 1561 942 105 227 33 37 16 163 323 16 4 43 257 13 5065 277 54 627 5 2 16 1782 15 37 2 2 9 37 909 41 103 65 60 6 5 38 79 272 463 92 1 404 176 132 19 4 54 194 92 187 32 22 1 32 0 10 1 1181 763 1996 1636 1912 6 5 3 45 38 18 52 311 52 22 8 5740 1072 0 6 6 3 7 4 0 0 0 1 4 12 1 4 1 9 23 39 26 13 82 40 144 27 14 2 4 1 0 4 5 0 17 35 1 31 4 0 232 218 3 22 0 5 21 0 2 0 169 24 14 1 2 3 0 1 2 3 1 2 2 0 1 3 5 0 2 3 1 0 7 0 0 1 2 6 8 0 16 1 26 146 86 0 3 64 0 0 2 1 6 3 0 6 5 1 16 3 0 5
4 2 1 1 2 1 2 0 1 1 0 0 0 6 50 26 53 17 40 54 337 1450 5746 3668 1561 2317 280 18 26 2 2 1 7 9 1 2 10 24 7 1235 540 150 139 2 0 7 35 0 19 0 0 1 3 102 8 9 1 3 1 0 10 2 3 10 2 0 14 3 3 2 0 2 6 4 13 7 0 0 2 0 2 0 122 46 160 67 13 0 0 0 3 9 2 10 43 5 1 1 40 4 0 0 0 1 0 0 1 0 0 0 0 0 0 0 0 0 2 9 0 3 1 18 8 0 0 1 0 0 0 0 0 0 0 1 0 1 0 1 6 3 0 0 0 0 0 0 0 0 5 2 0 0 0 0 0 0 0 0 0 0 0 0 0 0 0 0 0 1 0 0 0 0 0 0 0 0 0 0 0 0 0 2 6 0 0 2 0 0 1 0 0 1 0 0 0 0 0 0 0 0
41 16 18 14 16 6 9 33 3 11 0 14 5 1950 1547 992 95 1570 445 148 244 1126 994 3654 942 280 23688 12616 1548 76 33 4 22 53 5298 371 51 50 218 993 456 157 489 4 0 367 1701 103 29 5 7 13 115 1850 123 46 400 66 168 41 219 42 145 755 1705 1 1533 256 652 15 8 7 26 10 89 16 5 0 10 0 18 1 951 552 660 549 227 5 6 2 29 69 25 24 126 40 3 22 344 202 0 5 2 0 5 1 0 0 0 0 0 2 2 11 27 4 6 212 5 447 75 504 96 1 0 1 1 4 2 17 3 2 3 4 2 5 3 0 23 40 88 2 37 1 1 7 1 1 53 229 3 2 3 1 0 3 1 0 0 0 1 3 0 0 7 0 18 25 14 2 4 2 1 1 2 11 2 2 32 0 3 16 76 0 3 18 0 2 3 0 0 4 1 5 1 0 1 0 1 0
28 9 8 9 11 8 8 13 0 5 2 10 8 1255 2680 4629 27 1459 120 52 38 109 338 331 105 18 12616 12680 1911 221 105 3 12 46 2304 138 30 21 4302 246 674 174 171 3 4 602 588 39 67 2 2 10 107 953 85 8 744 158 161 63 610 32 59 731 1761 3 1551 345 883 18 3 5 11 5 113 100 2 0 4 0 11 0 433 207 153 196 117 2 21 5 31 56 13 43 59 46 1 35 90 243 1 19 1 1 9 2 0 0 0 0 0 3 1 13 185 4 10 103 0 1387 34 626 14 0 1 1 1 22 0 44 28 11 10 7 6 7 1 1 20 31 284 0 183 2 3 13 8 2 70 1506 0 6 3 0 0 1 0 0 1 1 3 7 1 2 15 1 132 192 102 9 5 8 5 4 3 69 1 1 150 0 1 6 16 6 9 1 4 1 5 1 2 13 6 36 0 4 2 0 0 0
6716 514 321 173 1082 251 1425 567 30 182 48 357 1 430 539 506 181 141 17 30 153 91 48 508 227 26 1548 1911 24849 12063 2619 208 607 482 122 62 391 189 394 338 265 40 448 5 0 40 405 416 62 3 25 50 2519 10880 1034 65 4950 544 111 114 289 900 1591 892 1057 3 4765 1537 2579 237 25 304 36 25 1670 193 94 0 38 4 52 3 2513 319 297 141 692 10 29 14 98 172 81 194 575 1644 136 2261 152 1432 29 14 103 72 10 38 10 2 13 23 79 93 0 0 5 1 3 0 4 24 13 9 11 12 8 1 2 0 0 1 4 1 72 120 0 21 0 0 59 40 4 12 6 27 13 3 3 0 22 75 9 6 2 7 4 4 6 26 3 5 9 8 3 5 3 0 20 13 14 0 13 0 0 0 14 35 11 6 65 10 96 108 26 2 16 154 7 2 12 2 38 39 7 7 104 2 27 2 0 7
13103 2332 308 580 6930 1193 1353 386 29 144 147 1491 1 153 252 166 108 65 12 29 273 92 16 31 33 2 76 221 12063 18645 8035 397 435 253 9 17 242 108 137 23 658 17 49 5 3 11 27 192 85 9 43 62 1006 2017 674 138 3188 193 14 49 166 281 269 88 137 1 1387 152 781 135 29 150 20 13 493 118 24 0 14 4 89 9 2463 327 701 179 59 20 34 18 52 379 138 107 129 3766 107 1320 54 572 12 5 67 30 4 28 3 3 8 17 51 76 0 0 4 1 2 2 0 11 5 8 4 3 2 0 1 0 0 1 2 0 27 50 0 15 2 0 23 31 2 2 3 9 10 2 1 0 13 24 8 1 7 0 0 6 4 13 4 5 7 3 2 2 0 0 1 7 4 2 6 0 0 1 4 3 11 8 19 2 45 49 4 0 6 45 7 2 11 2 19 19 2 2 55 5 11 0 0 3
854 490 95 950 11183 1101 226 89 9 60 86 1061 1 181 322 199 207 96 15 43 340 128 17 24 37 2 33 105 2619 8035 16197 321 363 615 6 17 428 290 166 3 520 14 45 1 2 19 32 189 43 3 15 34 288 811 199 111 8531 252 12 76 275 305 245 49 103 0 862 161 762 112 19 114 47 6 1913 170 11 0 20 1 44 5 1311 337 902 372 135 12 17 6 60 151 71 79 92 5025 60 298 165 5579 3 3 37 15 2 17 1 1 5 5 30 22 0 0 5 0 3 0 1 14 13 3 9 3 2 0 1 1 0 0 1 0 17 31 0 11 0 0 24 24 2 7 4 7 7 5 1 0 11 28 13 2 7 0 1 3 0 7 3 4 4 0 2 2 0 0 2 8 6 0 6 0 1 3 4 9 3 2 30 3 19 29 4 0 10 16 3 6 7 0 5 20 2 3 40 0 5 1 0 2
250 58 39 46 672 1029 82 55 64 94 27 1863 4 0 4 4 4 2 3 2 138 81 14 4 16 1 4 3 208 397 321 5250 4499 940 0 0 7 25 8 2 175 2 19 3 6 7 12 50 23 7 8 20 65 117 51 23 22 7120 0 0 27 76 34 14 3 2 15 20 70 30 13 721 155 40 7124 84 65 2 221 1 14 4 231 25 128 23 19 5 13 8 74 67 35 14 44 7185 340 90 11 20 12 19 104 61 10 47 9 4 12 24 84 101 0 1 0 1 3 5 3 3 5 6 7 8 8 0 0 0 0 1 3 0 43 95 1 17 2 0 67 46 0 5 2 20 14 2 1 0 34 12 4 2 3 4 0 2 5 16 2 3 10 1 1 4 6 1 2 3 0 1 5 0 1 0 4 5 17 2 21 2 78 76 34 3 7 101 4 1 6 0 25 12 6 4 107 1 16 1 0 3
203 115 193 131 353 366 119 82 189 297 94 593 30 6 12 19 8 77 187 10 333 368 126 49 163 7 22 12 607 435 363 4499 5514 1060 2 1 15 2128 15 39 355 21 97 16 43 450 153 91 38 13 10 40 153 209 107 60 115 1821 8 13 225 98 35 45 18 11 42 84 85 53 37 2637 1854 326 4201 202 413 18 356 3 42 6 548 50 234 50 98 16 23 11 410 177 68 35 62 3280 1274 260 61 66 49 32 172 106 25 72 15 18 14 34 150 178 5 7 6 4 15 25 17 28 117 60 65 77 62 5 13 5 4 12 14 0 130 249 3 130 26 0 401 237 7 83 6 54 109 8 17 0 154 118 114 3 2 21 0 10 14 69 4 17 39 9 4 9 17 0 22 23 4 4 66 4 5 10 7 31 30 5 107 6 213 571 213 9 14 487 8 3 17 6 108 35 8 37 249 8 105 8 0 52
23 9 11 9 24 15 5 6 2 6 1 28 0 85 144 68 99 229 176 30 423 495 807 36 323 9 53 46 482 253 615 940 1060 5615 54 26 1306 640 57 57 370 9 34 1 3 103 701 106 15 2 2 12 33 227 46 29 784 2806 213 5529 284 67 36 20 62 1 406 871 290 24 7 203 61 75 4393 73 18 0 73 0 22 1 345 82 288 106 265 3 7 4 45 34 20 12 38 510 7 27 69 296 4 10 16 10 3 9 2 4 0 2 13 28 0 2 5 1 11 5 4 8 41 5 20 31 35 5 3 0 1 3 2 1 33 72 2 73 12 0 253 207 1 30 0 23 31 1 2 0 70 28 51 1 1 4 0 2 4 13 3 8 17 3 0 3 14 2 2 13 1 2 12 4 1 5 1 5 10 0 18 2 59 304 65 10 4 160 1 0 9 5 40 8 5 10 37 0 54 2 0 18
1 2 1 0 0 1 0 0 0 0 0 0 0 4198 1195 612 87 71 42 9 5 6 8 73 16 1 5298 2304 122 9 6 0 2 54 6196 3121 253 25 86 2382 16 2 19 0 0 7 993 83 0 1 0 1 13 95 3 0 66 82 344 485 17 23 39 102 439 0 149 113 467 7 3 1 1 2 12 13 0 0 0 0 2 0 34 22 7 25 15 1 0 0 2 2 1 4 15 6 0 2 5 28 0 0 0 0 0 1 0 0 0 0 0 0 0 6 1 1 1 99 2 32 43 171 53 0 1 0 1 0 0 6 0 0 0 0 0 0 1 0 8 9 1 4 0 0 0 1 1 0 21 18 1 0 0 0 0 0 0 0 0 0 1 0 0 0 0 2 4 1 1 0 0 0 0 0 0 2 0 2 8 0 3 9 47 0 0 3 0 0 0 0 0 4 0 1 0 0 0 0 0 0
2 0 0 0 3 1 0 0 0 0 0 0 0 3075 553 147 61 5 1 0 3 1 15 67 4 2 371 138 62 17 17 0 1 26 3121 1572 173 12 5 1375 37 3 14 0 0 3 1061 0 0 0 0 0 2 19 0 3 80 155 1591 497 0 0 1 5 11 0 50 232 4 0 0 0 0 0 18 1 0 0 0 0 2 0 17 8 5 3 9 0 0 0 1 3 2 3 2 2 0 3 1 31 0 0 0 0 0 0 0 0 0 0 0 0 0 0 0 0 0 0 0 0 1 0 0 0 0 0 0 0 0 0 0 0 0 0 0 0 0 0 0 1 0 0 0 0 0 0 0 0 1 1 0 0 0 0 0 0 0 0 0 0 0 0 0 0 0 0 2 0 0 0 0 0 0 0 0 0 0 0 0 0 0 1 2 0 0 0 0 0 1 0 0 0 0 0 0 0 0 0 0 0
25 6 2 10 35 20 2 4 0 5 0 13 0 782 415 106 858 378 896 143 62 114 309 26 43 10 51 30 391 242 428 7 15 1306 253 173 2044 1122 25 145 177 6 23 1 0 448 1014 9 5 0 1 4 31 118 20 7 428 739 873 1941 397 7 4 17 10 1 183 740 23 3 1 4 10 10 514 23 2 1 1 0 1 0 139 24 84 45 35 0 1 2 39 9 5 6 7 257 0 19 20 110 2 7 1 1 4 2 0 0 0 0 4 3 3 3 0 3 4 9 11 11 72 28 46 34 36 0 9 1 2 7 1 0 12 29 0 14 15 2 81 77 3 76 0 3 20 3 0 1 45 28 66 0 0 1 0 1 0 1 0 0 0 3 0 1 3 3 0 8 2 0 9 2 3 9 2 7 0 1 13 0 19 91 20 3 1 53 1 0 0 4 5 0 2 2 3 0 18 2 0 29
11 3 3 5 20 7 5 4 0 5 0 12 100 30 56 144 1790 680 2385 544 218 405 620 75 257 24 50 21 189 108 290 25 2128 640 25 12 1122 8574 40 133 266 22 119 230 116 2116 452 43 16 6 1 13 10 112 19 13 237 416 106 729 1001 37 18 82 13 21 117 303 57 10 10 52 1239 322 936 232 25 36 25 4 14 4 111 39 157 48 72 12 29 23 738 23 11 11 59 241 7 17 36 88 4 13 19 5 22 19 2 9 1 1 6 19 20 45 24 36 56 180 58 152 527 413 415 129 125 10 48 20 8 91 7 1 72 128 7 87 100 3 525 504 30 284 12 7 73 8 28 1 433 303 256 0 2 5 1 8 3 12 1 6 6 2 1 3 23 6 40 44 13 13 31 12 10 31 5 52 8 2 196 5 86 609 298 18 7 303 2 4 13 19 26 26 7 39 46 7 125 19 1 106
15 8 4 7 18 11 4 2 0 1 0 13 4 37 374 1933 21 4356 33 25 9 16 128 129 13 7 218 4302 394 137 166 8 15 57 86 5 25 40 10092 16 443 117 167 1 2 477 73 120 80 2 1 7 40 106 17 2 203 115 19 17 10106 98 71 560 1491 2 133 77 4363 33 12 7 33 1 173 1048 1 0 4 0 11 3 113 24 45 20 17 7 17 8 141 90 9 51 104 175 1 16 6 42 1 9 1 0 5 1 0 0 1 0 0 1 0 13 113 1 3 35 2 418 28 237 3 0 1 0 0 18 0 28 12 2 9 6 3 3 1 0 16 19 127 1 119 3 4 23 23 6 40 1141 3 4 5 1 2 2 2 1 0 1 0 9 0 0 5 3 156 261 61 5 4 6 3 6 7 120 5 7 220 6 2 6 5 7 8 2 0 4 9 4 4 26 3 14 1 1 1 2 2 0
18 8 5 4 6 2 3 8 1 3 0 3 1 2201 1818 1097 252 24 154 193 214 1829 2553 796 5065 1235 993 246 338 23 3 2 39 57 2382 1375 145 133 16 4074 567 32 149 4 0 21 4008 1 17 0 3 8 48 682 37 24 126 66 215 51 24 8 29 68 21 0 481 160 27 7 1 9 56 19 25 10 4 0 8 0 6 0 471 278 373 320 121 0 5 1 12 37 14 6 56 9 5 1 224 85 0 2 1 1 1 1 0 0 0 1 1 0 0 5 1 6 6 84 7 26 54 136 87 1 2 2 2 0 1 6 0 0 1 4 0 4 6 0 33 42 2 4 0 0 3 0 0 0 51 15 4 0 1 1 0 0 0 0 0 1 0 0 0 0 0 1 2 1 0 0 0 1 0 0 1 0 0 0 8 0 5 37 59 0 0 10 0 1 2 0 2 0 0 0 1 0 3 0 0 1
1278 655 781 472 416 518 122 1115 78 527 97 577 3 200 1122 1609 303 1251 203 251 1208 775 4711 2214 277 540 456 674 265 658 520 175 355 370 16 37 177 266 443 567 7229 4758 1274 42 27 369 135 84 2412 29 50 39 58 136 2017 892 231 250 5 7 725 79 84 90 123 10 34 117 464 106 88 146 181 74 1003 564 97 2 106 3 185 22 1173 80 500 69 93 133 390 186 863 1137 222 424 669 755 125 90 67 150 5 3 34 20 10 17 6 5 5 8 29 29 0 0 5 3 2 12 7 13 23 15 28 8 14 2 2 0 0 3 2 0 25 67 3 28 2 0 96 66 4 13 0 22 12 3 2 0 40 40 10 16 30 3 1 12 12 21 13 32 9 2 1 0 2 0 7 7 4 6 13 1 1 1 8 11 35 30 64 7 46 130 41 2 18 99 27 14 92 2 41 60 15 9 39 2 20 0 0 6
7 8 6 5 5 6 3 23 2 7 0 8 2 8 61 118 23 260 49 41 55 186 1791 8655 54 150 157 174 40 17 14 2 21 9 2 3 6 22 117 32 4758 7202 5046 10 6 214 37 19 2476 0 10 1 4 42 12 13 12 10 0 0 305 15 21 24 23 5 9 4 126 21 9 6 36 2 25 113 7 0 11 1 18 0 44 13 49 30 7 21 40 23 333 350 28 177 547 16 4 0 19 2 0 1 0 1 0 0 0 0 0 0 0 1 0 0 0 0 0 4 0 0 1 6 1 0 0 0 0 0 0 0 0 0 1 2 0 0 0 0 4 3 0 0 0 0 1 0 0 0 1 16 0 2 6 0 1 1 0 2 0 4 0 0 0 0 0 0 8 5 3 0 0 1 0 0 0 3 2 3 8 2 1 9 3 0 5 2 2 2 11 0 0 15 4 1 0 0 0 0 0 0
30 11 17 12 20 17 4 27 3 16 0 13 1 32 175 203 92 752 256 239 319 1502 1406 2757 627 139 489 171 448 49 45 19 97 34 19 14 23 119 167 149 1274 5046 8278 80 45 1512 234 125 2594 4 13 7 51 675 49 45 58 34 8 7 1845 153 664 4477 275 11 245 33 1356 65 16 46 217 14 146 1217 25 0 82 1 20 3 533 265 534 229 107 26 73 139 3007 419 58 408 5237 139 5 12 228 35 1 0 1 1 4 0 0 1 1 0 0 1 1 1 3 2 3 14 1 26 11 37 8 2 1 0 0 1 0 2 5 1 1 7 1 4 1 0 19 9 4 1 0 1 1 9 15 2 15 140 1 14 20 0 0 14 0 1 0 16 0 1 0 1 0 0 62 39 18 5 1 3 1 0 41 87 15 17 203 28 2 19 16 0 67 12 7 3 25 1 0 115 9 4 1 0 3 0 0 1
5 3 0 0 1 0 3 4 12 3 5 4 3962 0 0 3 4 37 2257 51 4 13 9 18 5 2 4 3 5 5 1 3 16 1 0 0 1 230 1 4 42 10 80 5053 2314 1516 7 106 31 557 25 90 3 2 3 0 0 5 0 0 70 63 37 24 7 383 2 0 11 37 74 384 943 1888 3 144 1621 1299 5783 94 70 246 6 1 0 1 1 145 253 532 1716 32 11 43 76 11 92 9 3 0 0 8 2 1 6 6 1 6 0 1 5 6 9 32 97 9 12 253 29 375 316 858 239 21 31 4 15 9 6 56 9 2 31 27 1 22 47 1 179 146 41 95 12 5 17 17 60 3 301 646 83 15 25 0 2 49 10 6 17 19 0 3 1 1 6 3 93 69 28 93 12 7 3 8 46 125 16 22 542 15 39 191 569 4 84 114 13 33 47 7 7 210 25 8 21 1 29 6 1 21
6 4 4 0 0 3 3 8 62 2 19 20 2878 0 1 2 3 12 571 27 0 4 0 1 2 0 0 4 0 3 2 6 43 3 0 0 0 116 2 0 27 6 45 2314 11986 1272 0 85 33 3710 18 87 13 2 3 1 1 2 0 1 17 70 37 11 8 3985 0 0 51 60 76 414 301 350 11 42 2992 800 677 91 172 513 3 1 1 1 2 468 578 2425 1797 44 17 47 68 15 716 36 1 0 3 21 2 0 18 8 0 3 0 0 2 7 0 1 142 3 7 5 1 130 53 87 15 3 2 1 3 1 0 3 21 3 14 6 1 7 1 1 41 27 24 0 3 11 2 61 441 14 178 1826 0 59 105 13 2 137 10 16 28 39 3 12 0 4 13 0 381 156 67 654 8 12 3 3 192 532 36 59 2843 132 12 31 37 3 328 46 34 302 244 3 4 895 50 33 5 6 6 0 2 0
5 2 1 0 1 2 3 3 17 4 1 6 1404 2 13 51 107 3000 11746 571 3 40 66 778 16 7 367 602 40 11 19 7 450 103 7 3 448 2116 477 21 369 214 1512 1516 1272 15350 13 62 77 21 2 1 3 31 2 2 13 14 3 2 4228 89 178 1209 586 622 20 5 196 33 23 127 957 133 51 463 338 14 238 2 11 7 29 10 24 7 5 17 69 74 3976 54 14 72 454 33 170 15 9 4 0 36 1 4 36 14 0 1 0 0 8 14 7 31 2215 13 32 84 6 2308 310 1476 68 4 3 4 5 103 6 125 80 23 46 41 11 16 18 4 133 199 377 25 464 4 11 129 488 98 880 11639 4 16 21 10 2 75 0 5 6 10 7 18 1 7 37 6 729 1353 340 645 20 34 12 21 58 703 19 31 1700 20 16 62 151 24 53 57 7 25 62 9 4 246 37 66 16 2 5 4 8 1
30 8 13 4 8 7 7 18 0 10 2 12 0 1454 843 357 315 48 57 59 113 418 129 776 1782 35 1701 588 405 27 32 12 153 701 993 1061 1014 452 73 4008 135 37 234 7 0 13 6507 23 12 0 5 6 40 639 38 11 226 793 550 1056 44 26 79 173 214 0 699 1261 167 10 3 30 170 97 130 25 7 0 25 0 9 2 487 406 511 579 441 2 2 2 12 23 13 15 75 25 5 10 609 219 1 4 4 1 10 4 2 1 0 1 6 11 2 1 1 19 48 56 23 26 130 64 211 22 10 7 5 0 1 1 5 0 17 28 0 42 6 0 259 354 2 18 3 6 15 1 1 0 234 37 30 0 0 1 0 2 1 3 0 4 0 3 1 1 4 4 2 3 2 0 4 1 0 2 1 1 1 1 15 0 26 177 128 1 2 62 0 0 3 1 2 2 3 9 5 0 20 4 0 1
39 13 13 9 38 25 9 15 1 6 1 28 11 10 11 12 7 103 41 7 5 14 8 16 15 0 103 39 416 192 189 50 91 106 83 0 9 43 120 1 84 19 125 106 85 62 23 17728 115 94 7 29 38 152 30 14 137 154 5 16 164 9983 1913 276 466 32 166 56 2891 2531 5484 58 126 9 322 12010 51 0 83 12 651 39 96 28 44 23 27 1506 3986 432 2047 163 140 681 418 532 14 34 10 27 3 13 4 3 5 3 1 2 0 0 1 4 0 0 4 9 5 8 0 22 12 12 11 1 11 3 4 3 2 0 33 4 6 4 3 7 0 0 11 8 8 5 0 26 11 122 28 0 39 60 1 525 1205 39 29 367 36 60 65 450 2 15 0 1 3 2 52 213 440 22 25 20 3 3 334 94 503 438 1122 123 4 11 10 9 1316 38 306 416 1573 4 6 2489 423 17 6 0 13 2 3 1
178 84 68 29 48 36 13 171 8 84 10 37 5 6 49 63 24 164 39 56 37 89 261 290 37 19 29 67 62 85 43 23 38 15 0 0 5 16 80 17 2412 2476 2594 31 33 77 12 115 11096 21 44 4 11 32 52 50 28 27 0 0 170 97 49 30 38 13 14 11 258 108 41 41 42 19 79 733 29 1 41 2 55 7 130 26 40 11 8 79 444 203 1080 6197 245 6158 5317 117 15 7 15 5 0 0 4 3 0 2 0 0 1 1 1 5 0 0 6 0 1 0 0 5 3 8 2 1 0 0 0 0 0 0 3 0 2 7 1 2 0 0 14 8 1 1 0 2 6 6 4 1 9 19 2 19 51 2 1 10 3 11 5 32 0 0 0 0 0 0 6 9 17 3 1 1 0 0 18 7 21 33 54 5 8 11 5 1 40 14 19 18 87 0 1 97 15 0 5 0 1 1 0 0
12 6 5 2 2 1 8 11 39 5 27 14 193 0 2 1 4 2 97 13 0 1 0 1 2 0 5 2 3 9 3 7 13 2 1 0 0 6 2 0 29 0 4 557 3710 21 0 94 21 7787 223 1088 9 1 9 4 1 3 0 0 6 79 8 4 3 1255 0 1 15 103 113 271 55 668 2 76 3171 505 309 1335 1082 7198 13 2 1 1 1 3489 1389 3651 338 139 67 68 27 5 653 30 0 1 1 8 3 2 4 4 0 1 1 1 2 0 0 0 5 4 1 2 0 11 1 14 4 2 8 0 3 1 1 0 17 1 2 1 1 4 0 0 6 8 7 0 0 20 6 33 38 1 34 77 2 131 279 16 6 143 144 100 187 214 2 5 1 1 0 1 43 57 87 60 8 3 3 1 89 55 162 115 907 48 4 11 7 1 302 23 120 639 762 0 2 1302 90 10 12 1 4 1 2 0
88 26 19 14 24 11 18 97 8 38 6 28 5 0 1 2 2 7 1 4 3 1 3 11 2 0 7 2 25 43 15 8 10 2 0 0 1 1 1 3 50 10 13 25 18 2 5 7 44 223 16161 24581 2 21 232 9 3 5 0 0 7 7 6 1 2 160 1 2 12 101 12 21 9 139 12 18 235 35 18 2212 1351 306 141 7 5 3 7 86 34 31 31 3134 8474 100 28 18 38 9 3 1 1 1 5 4 0 0 1 0 0 1 0 1 0 0 2 0 0 0 0 3 1 1 0 0 0 0 0 0 0 0 0 0 3 4 1 2 0 0 2 0 0 0 0 4 2 1 8 0 3 2 0 19 24 8 0 5 1536 607 1466 470 18 0 1 2 0 0 0 1 0 13 1 0 0 0 0 0 162 16 20 0 4 11 10 0 3 26 90 38 196 0 7 26 9 0 7 1 2 0 0 0
230 44 55 16 33 29 37 247 29 80 24 58 22 0 4 2 6 15 23 8 2 5 3 9 9 1 13 10 50 62 34 20 40 12 1 0 4 13 7 8 39 1 7 90 87 1 6 29 4 1088 24581 43736 17 20 490 26 6 19 0 3 5 27 8 6 4 452 2 8 11 75 102 66 33 462 34 24 778 122 63 17013 6736 1404 297 14 13 7 6 790 329 196 59 1090 2088 36 12 49 131 20 9 4 5 2 13 6 1 3 4 12 2 1 7 3 0 0 0 0 1 1 1 0 2 9 2 2 0 0 3 0 0 0 0 0 6 10 0 3 0 0 18 13 0 0 0 12 3 2 6 0 12 11 0 40 63 9 0 24 2593 1547 3604 855 61 1 2 0 1 0 2 1 9 49 3 0 0 0 3 0 385 78 69 1 11 31 70 0 14 207 451 205 645 0 26 102 23 2 50 1 0 0 0 0
1512 109 158 54 245 98 1400 1513 252 579 165 408 6 20 38 35 20 11 0 3 39 27 8 49 37 3 115 107 2519 1006 288 65 153 33 13 2 31 10 40 48 58 4 51 3 13 3 40 38 11 9 2 17 7691 6501 4615 7 79 40 6 12 31 81 156 100 88 2 52 72 223 20 0 150 4 23 131 26 221 2 19 5 6 5 1545 84 47 38 59 3 2 3 11 34 16 25 61 334 774 9211 25 81 2 4 24 15 2 14 4 1 7 6 21 35 0 0 0 1 0 2 2 0 4 1 3 3 1 0 0 0 0 0 0 0 19 28 0 7 2 0 20 11 0 0 0 5 4 0 1 0 7 7 2 0 1 4 0 1 0 2 0 1 2 0 0 0 1 0 2 2 1 0 3 1 0 0 0 0 1 0 5 0 19 16 12 0 0 27 0 0 1 1 6 3 0 1 33 2 0 0 0 2
2111 390 476 188 523 316 833 1515 72 470 66 481 0 112 148 123 53 46 8 16 60 167 130 925 909 102 1850 953 10880 2017 811 117 209 227 95 19 118 112 106 682 136 42 675 2 2 31 639 152 32 1 21 20 6501 16811 1991 34 1206 440 58 68 105 309 776 890 579 1 4548 1488 886 91 15 97 37 36 1404 71 38 0 15 2 27 1 10806 4500 232 621 1518 2 5 2 60 138 35 97 423 687 62 1739 657 1217 6 2 41 23 4 24 7 3 3 4 33 47 0 1 5 1 0 3 3 8 17 12 7 10 6 0 3 0 1 0 2 0 16 52 0 14 0 0 63 45 3 5 0 11 17 2 2 0 25 35 5 0 4 2 0 6 1 4 0 3 4 4 0 1 3 0 7 5 3 2 8 1 1 1 2 15 3 2 28 1 35 67 26 1 7 52 1 2 7 0 16 8 1 4 33 2 10 1 0 2
1303 170 249 73 198 143 875 1231 119 441 76 233 0 19 25 26 9 9 3 7 52 34 36 74 41 8 123 85 1034 674 199 51 107 46 3 0 20 19 17 37 2017 12 49 3 3 2 38 30 52 9 232 490 4615 1991 29294 876 63 48 2 7 24 56 94 61 41 2 49 79 133 46 14 74 12 26 159 16 75 5 31 33 166 13 5237 107 66 38 49 21 13 13 12 2119 296 54 52 260 154 2855 28 59 1 1 18 13 1 8 2 2 2 3 20 20 0 0 3 0 1 3 1 2 1 2 2 7 1 0 0 0 0 0 2 0 18 30 0 12 0 0 23 17 0 3 0 6 10 0 0 0 7 3 0 1 4 0 0 0 6 3 9 12 3 0 0 0 2 0 1 1 1 0 5 0 1 2 1 0 5 5 4 0 31 39 22 0 0 53 4 3 14 0 5 5 1 3 21 2 3 0 0 1
259 140 145 108 85 98 38 215 10 104 16 116 0 3 7 6 6 6 3 1 2312 215 39 51 103 9 46 8 65 138 111 23 60 29 0 3 7 13 2 24 892 13 45 0 1 2 11 14 50 4 9 26 7 34 876 3575 49 44 5 2 10 18 20 31 10 1 6 29 26 14 9 20 11 7 205 13 11 0 7 2 30 7 6151 17 2302 73 33 15 13 8 16 256 42 33 44 145 22 32 93 51 0 1 8 2 1 2 0 1 0 1 4 7 0 0 0 1 1 5 2 1 4 3 8 1 3 0 0 0 0 0 2 0 4 15 0 5 2 0 15 23 1 1 0 5 3 0 0 0 6 2 2 3 1 0 0 1 0 2 2 2 2 0 0 2 2 0 0 0 2 0 4 0 0 0 0 1 2 2 3 0 8 18 4 0 0 22 3 0 9 0 4 0 1 0 9 0 6 1 0 1
45 22 14 16 564 5 6 27 2 11 1 25 0 345 467 335 167 81 11 27 86 66 10 57 65 1 400 744 4950 3188 8531 22 115 784 66 80 428 237 203 126 231 12 58 0 1 13 226 137 28 1 3 6 79 1206 63 49 13178 799 85 163 163 181 243 187 476 0 10012 1774 845 52 16 27 40 0 4392 96 3 0 8 0 22 3 649 332 488 1037 1189 8 4 0 41 52 12 48 88 888 3 21 821 8100 1 0 3 1 0 0 0 0 0 0 1 2 0 0 1 0 2 1 0 5 3 2 2 1 1 0 1 0 0 2 0 0 2 4 0 6 0 0 5 10 3 0 0 0 0 2 3 0 8 28 2 2 2 0 0 1 2 0 1 1 1 0 0 0 1 0 3 7 2 0 1 0 0 0 1 9 2 3 10 1 3 7 1 0 4 3 2 1 5 0 1 13 3 0 3 0 0 0 0 0
47 8 10 12 83 28 22 15 10 24 6 95 1 489 461 178 208 41 6 23 279 265 72 16 60 3 66 158 544 193 252 7120 1821 2806 82 155 739 416 115 66 250 10 34 5 2 14 793 154 27 3 5 19 40 440 48 44 799 6971 1677 1068 127 109 84 35 137 0 762 4469 625 56 20 737 393 31 5982 138 24 1 292 0 23 3 382 153 356 229 646 4 10 4 72 68 28 28 61 812 49 21 209 882 5 2 18 9 4 10 1 2 3 3 17 15 0 1 0 1 7 0 2 3 16 8 11 11 5 0 1 0 0 0 1 1 20 48 0 39 0 0 112 91 1 2 2 16 25 0 0 0 30 19 2 0 3 5 0 2 4 10 3 3 6 1 1 3 3 0 4 6 0 0 7 0 0 0 4 7 7 3 25 3 30 119 35 1 8 56 1 1 8 0 21 13 2 3 29 1 12 1 0 2
1 1 0 0 1 1 0 1 0 0 0 0 0 1302 433 144 165 9 2 3 2 1 3 36 6 1 168 161 111 14 12 0 8 213 344 1591 873 106 19 215 5 0 8 0 0 3 550 5 0 0 0 0 6 58 2 5 85 1677 1677 1830 6 2 7 8 53 0 135 717 55 0 1 1 7 3 63 5 0 0 0 0 0 0 33 24 14 34 73 0 0 0 0 1 1 0 0 2 0 0 26 77 0 0 0 1 0 0 0 0 0 0 0 0 0 1 1 0 0 4 0 2 3 1 4 0 0 0 0 0 0 0 0 0 2 0 0 1 0 0 8 6 2 0 0 0 0 0 0 0 5 2 0 0 0 0 0 0 0 0 0 0 0 0 0 0 0 0 0 0 0 0 0 0 0 0 0 0 0 0 0 0 0 1 4 0 1 0 0 0 0 0 0 1 0 0 1 0 0 0 0 0
3 1 0 1 6 2 0 0 0 1 0 1 0 1356 290 82 175 14 3 10 8 11 50 8 5 0 41 63 114 49 76 0 13 5529 485 497 1941 729 17 51 7 0 7 0 1 2 1056 16 0 0 0 3 12 68 7 2 163 1068 1830 1950 17 5 1 5 26 0 126 1449 78 5 2 3 4 1 174 10 0 0 0 0 1 0 35 17 27 28 29 0 0 0 2 3 0 2 0 25 0 6 6 57 0 0 0 0 0 0 0 0 0 0 0 0 0 0 0 0 0 0 0 0 1 0 1 1 0 0 0 0 0 0 0 0 0 0 0 2 0 0 4 3 0 1 0 0 0 0 0 0 0 2 0 0 0 0 0 0 0 0 0 0 0 0 0 0 1 0 1 0 0 0 0 0 0 0 0 1 0 0 1 0 1 1 0 0 0 1 0 0 0 0 0 1 2 0 0 0 0 0 0 0
27 8 4 8 23 13 6 7 1 10 0 21 10 10 112 153 101 4790 247 186 39 71 169 593 38 10 219 610 289 166 275 27 225 284 17 0 397 1001 10106 24 725 305 1845 70 17 4228 44 164 170 6 7 5 31 105 24 10 163 127 6 17 11233 207 276 1033 741 4 76 51 2135 94 58 41 317 17 454 3239 7 0 48 1 29 4 109 22 44 19 20 18 51 26 3505 145 33 149 709 309 3 22 15 32 2 20 3 1 7 9 0 1 0 0 0 6 1 12 179 3 6 27 1 194 82 145 26 8 7 2 2 16 2 26 18 2 16 24 3 21 7 0 52 60 38 10 74 2 7 59 132 12 157 1457 13 10 17 1 0 57 0 3 1 12 1 5 0 3 16 2 200 397 102 44 12 14 3 9 106 443 16 19 855 68 20 56 23 7 79 33 9 12 26 7 5 149 13 19 5 0 9 4 2 2
59 15 14 20 70 45 32 18 3 8 3 56 11 6 24 32 10 191 71 22 22 96 14 21 79 2 42 32 900 281 305 76 98 67 23 0 7 37 98 8 79 15 153 63 70 89 26 9983 97 79 7 27 81 309 56 18 181 109 2 5 207 12584 8531 601 299 27 230 30 2277 12647 2019 58 121 21 330 4022 63 2 73 17 357 101 229 74 83 36 43 457 1526 347 1786 116 149 2660 1804 767 17 60 33 21 5 3 2 2 1 1 1 2 0 0 0 0 0 0 3 0 2 9 0 18 5 17 4 2 13 2 2 0 3 3 6 1 1 0 0 1 0 0 6 13 8 5 3 23 8 61 15 1 19 47 4 401 810 25 18 185 61 97 103 584 0 3 0 3 2 0 33 114 259 11 5 8 5 2 223 35 553 501 558 51 4 11 9 6 672 16 367 289 1450 5 3 1392 300 4 6 1 1 2 0 0
63 16 12 21 64 32 23 12 4 6 1 35 4 9 24 70 36 339 75 53 93 404 68 80 272 3 145 59 1591 269 245 34 35 36 39 1 4 18 71 29 84 21 664 37 37 178 79 1913 49 8 6 8 156 776 94 20 243 84 7 1 276 8531 18680 8514 1595 6 621 39 6816 1171 44 25 66 10 204 1134 13 2 41 0 30 9 524 177 221 121 125 26 259 147 1063 127 88 1410 4517 466 5 89 102 37 0 7 3 0 2 2 0 0 0 0 0 2 0 1 1 1 2 8 0 35 2 17 3 1 4 2 4 1 0 0 12 2 2 0 0 0 0 0 7 7 6 3 0 4 3 41 12 1 24 60 0 85 158 8 6 98 3 3 10 49 0 3 0 0 5 2 30 76 106 3 7 5 1 1 150 54 66 89 399 54 1 9 11 4 372 7 30 69 176 4 3 574 86 4 2 0 4 0 0 1
21 9 9 5 10 14 5 15 1 10 1 7 1 25 27 38 17 284 93 36 107 557 106 241 463 10 755 731 892 88 49 14 45 20 102 5 17 82 560 68 90 24 4477 24 11 1209 173 276 30 4 1 6 100 890 61 31 187 35 8 5 1033 601 8514 4354 6449 2 722 56 4487 117 7 20 105 8 89 266 2 0 27 1 8 1 549 306 324 233 136 5 18 10 752 58 37 164 1755 73 4 21 192 79 2 4 0 0 2 1 0 0 0 0 1 1 1 1 14 0 1 16 1 117 15 39 5 1 2 1 0 5 0 5 14 2 4 4 1 3 0 0 11 15 18 0 6 0 2 20 21 1 19 485 1 2 13 0 1 13 0 1 1 9 0 3 0 1 6 0 154 126 29 6 6 8 2 2 34 221 10 13 407 19 1 5 6 0 46 6 7 1 12 2 0 50 7 9 0 0 0 1 1 0
22 9 7 9 22 4 7 8 0 8 1 10 5 99 69 50 6 248 58 8 19 70 26 67 92 2 1705 1761 1057 137 103 3 18 62 439 11 10 13 1491 21 123 23 275 7 8 586 214 466 38 3 2 4 88 579 41 10 476 137 53 26 741 299 1595 6449 9559 1 823 138 10211 82 9 4 12 1 96 371 2 0 7 0 10 1 297 136 98 109 60 5 11 8 145 47 11 72 240 90 0 26 70 117 0 3 1 0 2 1 0 0 0 0 1 2 0 3 40 0 3 4 0 197 10 44 3 0 0 0 0 10 0 9 16 3 6 2 1 4 0 0 5 8 42 0 37 1 1 19 30 2 45 927 0 5 4 0 1 4 0 3 0 7 2 5 0 1 2 0 192 233 36 7 3 11 2 5 37 219 3 9 397 11 4 0 8 2 34 7 2 1 11 4 1 49 9 8 2 0 1 0 0 1
3 1 4 2 1 1 0 0 16 2 4 1 1564 0 0 0 3 7 158 6 0 1 1 2 1 0 1 3 3 1 0 2 11 1 0 0 1 21 2 0 10 5 11 383 3985 622 0 32 13 1255 160 452 2 1 2 1 0 0 0 0 4 27 6 2 1 1199 0 0 11 37 38 101 73 266 2 21 881 249 143 488 126 642 1 0 1 0 0 241 166 602 934 52 18 21 23 2 146 9 0 0 1 1 1 0 4 0 0 0 0 0 0 1 0 0 92 1 1 5 0 45 10 62 6 0 0 1 0 3 0 0 2 2 3 2 1 3 0 0 7 2 4 1 0 2 1 11 139 9 53 456 0 19 28 2 1 36 48 20 46 22 2 1 0 0 4 1 28 21 12 385 3 0 0 0 27 48 20 16 443 15 4 9 14 0 57 14 12 28 61 2 1 181 10 4 2 0 0 0 0 0
132 112 58 48 74 23 9 48 1 29 2 28 0 241 233 189 51 45 8 12 16 61 36 406 404 14 1533 1551 4765 1387 862 15 42 406 149 50 183 117 133 481 34 9 245 2 0 20 699 166 14 0 1 2 52 4548 49 6 10012 762 135 126 76 230 621 722 823 0 9231 2845 1081 53 4 14 25 7 2277 48 5 0 5 1 6 0 583 3507 704 1391 2083 2 6 6 37 21 7 41 231 157 2 8 722 3407 0 1 0 1 0 0 0 1 0 0 0 1 0 0 1 1 3 2 1 6 1 3 7 1 1 0 0 0 0 0 0 0 2 9 0 5 0 0 15 15 3 1 1 0 0 2 1 0 7 23 0 1 1 0 1 0 1 0 0 0 1 0 0 0 1 0 13 10 4 1 1 1 0 0 5 14 0 3 23 1 5 9 7 1 6 6 1 2 3 0 1 10 2 1 5 0 0 0 0 0
36 18 14 14 8 6 8 37 1 16 2 15 0 625 540 228 176 32 5 17 129 177 45 71 176 3 256 345 1537 152 161 20 84 871 113 232 740 303 77 160 117 4 33 0 0 5 1261 56 11 1 2 8 72 1488 79 29 1774 4469 717 1449 51 30 39 56 138 0 2845 4293 328 12 5 15 64 51 5228 33 5 0 8 0 11 1 695 701 486 1127 2179 3 1 2 4 32 15 8 31 20 4 14 1201 3819 1 0 1 1 0 0 0 0 0 0 1 4 0 0 1 3 5 3 2 5 20 3 21 2 3 0 1 0 0 0 3 0 7 13 0 14 0 0 63 66 0 2 1 1 2 0 1 0 36 6 2 0 1 0 0 0 1 2 0 2 2 0 0 0 0 0 1 0 0 0 2 0 0 0 0 0 2 0 3 0 7 52 24 0 0 23 0 1 1 0 4 0 1 1 3 0 3 0 0 0
127 29 27 51 136 83 35 28 4 18 3 68 5 158 113 187 13 714 27 17 56 157 42 96 132 3 652 883 2579 781 762 70 85 290 467 4 23 57 4363 27 464 126 1356 11 51 196 167 2891 258 15 12 11 223 886 133 26 845 625 55 78 2135 2277 6816 4487 10211 11 1081 328 9202 684 237 23 68 4 760 5192 13 0 40 1 58 8 619 173 197 133 101 28 75 86 651 225 84 433 1755 1144 7 180 73 171 4 19 2 3 10 8 0 1 0 0 1 5 1 0 14 1 2 3 2 36 25 26 7 3 7 0 6 2 2 2 39 10 15 10 1 9 1 0 18 14 21 4 5 6 2 79 113 4 74 502 1 58 75 2 7 139 3 0 2 20 1 8 1 7 11 0 221 315 124 27 14 20 5 9 291 496 37 64 1374 193 7 27 8 11 410 23 14 30 103 5 5 665 52 30 6 2 3 3 3 0
111 28 49 12 45 14 17 73 4 33 1 36 7 2 7 14 3 72 27 6 10 26 12 8 19 2 15 18 237 135 112 30 53 24 7 0 3 10 33 7 106 21 65 37 60 33 10 2531 108 103 101 75 20 91 46 14 52 56 0 5 94 12647 1171 117 82 37 53 12 684 5414 1599 38 51 28 149 1474 69 9 41 28 1142 267 88 26 25 19 8 769 1054 350 823 445 3097 2121 468 293 18 29 6 10 3 4 3 0 2 0 2 2 1 0 1 0 1 0 2 5 1 4 0 10 3 6 2 4 3 1 3 2 0 1 5 1 3 6 0 2 0 0 11 5 2 2 0 27 6 32 15 0 10 20 0 403 578 36 10 112 209 345 418 977 3 0 1 0 1 0 23 35 147 14 4 2 1 3 78 14 758 553 300 9 5 14 8 3 279 36 548 211 1750 1 3 800 231 2 10 0 2 3 0 1
45 9 21 8 8 11 9 48 4 22 3 17 14 1 2 2 3 15 23 5 1 4 8 10 4 0 8 3 25 29 19 13 37 7 3 0 1 10 12 1 88 9 16 74 76 23 3 5484 41 113 12 102 0 15 14 9 16 20 1 2 58 2019 44 7 9 38 4 5 237 1599 8839 28 61 46 53 2071 79 4 54 29 3801 275 37 4 6 8 3 1157 1593 460 1066 267 258 532 100 67 25 6 3 3 6 1 3 0 0 1 3 1 1 0 0 1 0 0 8 2 1 4 0 3 1 7 2 1 1 0 3 1 0 0 4 0 2 3 0 1 0 0 6 3 1 0 0 13 7 27 11 2 8 21 1 315 362 25 6 71 204 267 348 1033 2 1 0 0 0 0 12 15 56 11 2 4 0 1 38 6 807 570 213 12 3 9 7 1 93 25 545 132 1701 2 3 442 186 1 8 0 3 0 2 0
99 91 144 123 130 203 92 106 392 459 360 832 356 0 2 3 1 3 62 9 135 154 57 7 54 2 7 5 304 150 114 721 2637 203 1 0 4 52 7 9 146 6 46 384 414 127 30 58 41 271 21 66 150 97 74 20 27 737 1 3 41 58 25 20 4 101 14 15 23 38 28 2662 540 1100 1835 126 4002 634 1016 74 58 150 294 25 99 19 29 78 79 126 347 84 29 31 36 1093 3839 386 16 19 37 28 246 145 36 109 17 25 22 38 207 264 3 3 1 5 24 46 11 24 99 82 106 71 29 2 4 5 2 6 15 2 147 378 4 138 11 2 399 302 5 38 1 91 104 5 20 2 139 83 45 10 8 42 0 7 42 86 11 23 64 22 9 11 23 0 15 16 6 9 84 4 5 8 6 28 38 7 101 5 323 703 385 6 20 667 5 10 25 4 163 37 15 15 306 10 96 7 0 9
