18.0167172877136 22.410676902485 23.0983500552229 49.2935190353898 41.0171970983364 57.3654481453003 25.0497756133102 28.196231223138 58.125496436022 54.6671083888258 66.1985717344162 69.7050977047848 205.218109130859 125.433764648438 143.829584884644 148.189372791963 119.44055393764 143.613407770793 240.11003112793 130.395542144775 117.069907409976 125.292095293318 157.958453587123 180.513179432262 162.906680697487 182.580520629883 184.690337390434 157.054036821638 37.0702583141594 25.4534067202368 51.207608314532 55.7424908447266 82.7947352554998 143.622192382812 162.120742797852 108.027183532715 112.56904510498 145.596982088956 137.992332967122 177.537211947971 98.1713245075447 140.903040204729 173.739119466146 227.949725341797 197.147783915202 203.735461425781 165.077588399251 163.905854640863 139.889649209012 180.190476735433 146.622263474898 167.377706179412 93.7590090660822 92.2814649711114 113.124589119338 113.014870367455 108.117339960734 96.0749736542397 170.633453369141 132.597063700358 157.26493524622 164.482253769697 169.505484686957 180.040654500326 159.502459092574 223.478383382161 88.197309291724 169.563987096151 156.701705271803 171.287228833448 177.043825276693 85.353068920097 154.711747305734 167.498345626028 152.111372712371 157.865331013997 110.635789513588 178.181751251221 195.568922042847 162.333445462314 179.34863419003 164.596934231845 116.327053547726 108.122547583147 114.553636532019 115.117704403181 166.49680074056 184.549656867981 185.061634608677 189.71658216204 184.853273218328 135.063674023822 164.006264473822 169.743962865676 176.486035525144 62.0736171753269 87.4847301345274 50.7220168625099 147.306071508498 130.124708538964 189.63022405451 201.831550598145 193.115930997408 196.825944033536 178.655117034912 186.833856201172 194.400749900124 158.860015869141 121.721503829956 148.761411164936 171.037232108738 179.545239503356 0 170.669128417969 0 0 0 189.502090454102 0 0 165.714614868164 180.158615112305 224.70068359375 174.078411865234 174.492958068848 0 0 179.218566894531 0 0 198.146213531494 0 165.956050634384 169.156046549479 0 179.701515197754 0 0 208.424100240072 194.091690063477 0 167.146331787109 0 188.964277648926 187.400357055664 0 0 0 163.713216145833 199.57649230957 0 235.283851623535 218.254873657227 206.30834197998 229.253356933594 204.067077636719 220.41530863444 229.60281590053 214.310041427612 224.200635274251 224.008600408381 229.614624023438 198.486511230469 221.049352010091 184.441207885742 0 0 210.18660736084 0 212.137786865234 206.07022857666 0 0 0 219.809745788574 0 225.356866836548 231.087364196777 222.746810913086 248.346450805664 164.963296990646 194.583384478534 116.95874786377 239.815277099609 216.619438171387 159.549521942139 207.025662740072 196.059301376343 225.257983253116 0 213.660149207482 213.490246242947 236.312017822266 0 143.10633772698 220.712178548177 217.235575358073 0 0 177.979423522949
22.410676902485 16.1031771865879 31.6211917767158 28.882348053506 27.063759934683 49.6189013144811 58.496288250019 65.6196059176796 83.6988006591797 55.5857280954301 61.4082413224984 65.1040530296857 175.318222045898 133.592390060425 120.709706624349 187.66764831543 105.820873260498 202.517519269671 171.161796569824 236.435668945312 127.850532871902 149.209993189031 185.118686676025 196.112306382921 159.337154206775 183.474082946777 195.727998256683 178.732389662001 85.4902026328595 26.0710148701946 41.8500867726851 86.5817155509159 117.13887806768 156.349410163032 200.803199768066 0 152.749000549316 168.024836222331 149.423387527466 177.79275894165 104.536876602755 147.828945159912 177.470266168768 234.682988484701 208.523860931396 191.713897705078 193.352533340454 183.48619549091 149.093695050194 211.159332275391 159.290019695575 180.178157112815 117.734095582175 113.092554708628 135.761806353401 118.213880756923 120.124358090487 127.424808502197 155.409622192383 105.745948791504 193.136825561523 184.509554036458 197.36812210083 201.049124823676 174.742569817437 212.252365112305 93.6790360042027 172.353941175673 183.417799324825 188.227275303432 183.520597669813 106.440531259055 178.420837402344 145.858685811361 159.001737905103 191.996119181315 105.464661916097 0 147.22138671875 181.053494262695 193.639529460185 178.406057739258 134.450498579368 119.085460681094 119.961214373189 106.45831451416 181.234439086914 201.901099571815 192.295682634626 200.128222378817 192.884006958008 154.158232408889 175.499522190468 179.456050199621 188.664302825928 122.934668540955 97.2537657345043 88.0761901310512 141.370872497559 159.269491831462 204.651131369851 197.14365234375 189.897049299253 199.41997775516 181.60092332628 189.718466538649 190.709738413493 185.599227905273 193.515877859933 146.217438697815 172.892774167268 180.959692239761 0 0 0 0 0 215.972518920898 0 0 181.012222290039 215.880180358887 207.063461303711 175.654058837891 0 0 205.910446166992 0 0 0 203.363494873047 0 171.465340380399 175.112475149972 0 170.880374908447 0 0 192.638204302107 202.301576886858 0 0 0 198.5056848526 179.103045376864 0 0 0 199.997708638509 240.108200073242 0 0 236.426620483398 218.391372680664 0 0 231.039932250977 221.085006713867 0 236.263695853097 218.292240142822 204.600662231445 0 206.604891967773 162.954025268555 0 0 0 0 0 221.90106010437 0 0 0 0 0 233.633704049247 0 0 0 168.900733293806 170.637025960286 139.673099517822 0 0 152.224731120657 224.376419067383 201.514266967773 235.454740524292 0 217.849958531997 221.450322469076 240.155120849609 208.681907653809 137.608513497018 204.474611918132 203.076313563756 0 0 172.117202758789
23.0983500552229 31.6211917767158 18.3884716188137 21.7536430189706 50.8151939671565 28.7417713976921 61.5643502478819 24.5636578208681 73.809055538628 31.1203380543777 55.6683578604519 27.3636575822783 186.981430053711 140.495338439941 125.104046908292 179.233275095622 136.096641540527 194.140078226725 188.045216878255 0 125.332294841389 133.736790583684 191.400094604492 183.772850036621 160.601712765901 200.161331176758 206.834209865994 164.863738059998 95.8976585649627 64.6722023827689 85.0188690988641 109.19026360145 109.951285604368 166.959123091264 184.297668457031 0 116.830410003662 194.174087524414 159.079776763916 192.878131103516 105.211318569208 156.159934997559 197.686442655676 0 178.189311981201 178.03044128418 177.374603271484 179.064336923453 151.847955591538 200.506753540039 160.367315995066 182.804587069425 126.154972655864 117.629678549887 140.952735257436 120.057752464558 141.981581551688 140.715825653076 0 0 193.343490600586 183.164801461356 185.75389734904 196.680926852756 159.338712419782 219.154991149902 104.601737186827 180.709019252232 162.750136198821 187.032708304269 182.282521565755 101.375702752007 212.210946655273 123.670309066772 154.180065578885 180.244306182861 89.0937760842813 244.801361083984 149.43382619222 178.828201293945 195.347231431441 198.858947753906 136.035120293646 119.065749535194 122.612152763035 109.839990905762 179.520257737901 195.749922943115 196.10183598445 189.165065765381 199.808829307556 152.663029052536 177.97373427206 178.867563167088 187.81849609375 131.58343497287 90.3511000133696 93.98025354743 144.092397199358 150.280506315685 197.335721886676 192.980641682943 179.912199132618 193.073428147839 178.920214052554 185.955122696726 188.19281578064 183.270274769176 178.517097473145 149.554265446133 169.764546919842 178.849703817273 0 0 246.846557617188 0 236.212997436523 0 227.980133056641 0 225.278961181641 169.50227355957 191.897354125977 234.140716552734 193.194244384766 0 0 0 0 0 189.175533294678 0 167.099910460797 169.174897143121 0 183.178100585938 0 0 199.737121582031 193.093092346191 0 0 0 196.012103154109 192.164256169246 0 0 0 202.639938354492 248.354537963867 0 234.201923370361 229.323715209961 218.775030517578 246.776733398438 192.967903137207 237.671497344971 236.710754394531 230.334599812826 232.992581685384 221.742335001628 218.929975237165 187.934478759766 213.262155805315 174.277827671596 0 0 0 236.036209106445 0 212.122729301453 0 0 0 237.60612487793 0 243.140664672852 240.236713954381 0 0 161.236709359976 161.234420482929 139.827873923562 0 231.263671875 144.322287170975 204.040313720703 194.412963867188 231.832757568359 228.209609985352 216.8691666343 232.563896179199 234.340209960938 183.680528913225 133.761770735571 206.832494099935 215.916367594401 0 0 208.150352478027
49.2935190353898 28.882348053506 21.7536430189706 16.6970368287753 24.6963444830461 23.4386226548147 72.6365072188839 87.4226592311775 88.146841114965 48.9423752287046 55.9233728362481 31.5189831883391 0 117.382843865289 117.035375595093 128.298858642578 100.573123931885 160.862851460775 0 132.606033325195 119.200206524759 122.817046695285 149.391513824463 190.43714650472 154.250968346229 119.087394714355 190.318904331752 158.77837032742 89.7131406089474 51.5571903245202 39.1501523479662 77.2731984594594 105.360112721683 141.001866658529 0 0 110.397736358643 153.688063049316 131.53307560512 175.784229278564 104.666072602999 171.391467285156 175.839232126872 0 0 0 208.326602935791 173.426479763455 157.241172264362 189.295570373535 165.070154462542 184.309688568115 129.140160878499 117.385047669106 137.942734914283 117.246665601377 135.276092529297 146.336351712545 0 77.9954376220703 166.744943618774 177.218499755859 159.315678187779 177.050993347168 171.39692179362 180.209854125977 90.4055283864339 194.097287859235 151.711943981694 184.716996510824 197.319526672363 97.3917374029392 178.885289510091 137.953271865845 134.901734071619 157.073177882603 100.075442203256 0 178.33780670166 156.493637084961 192.471588134766 187.395029703776 136.035553987976 116.528478572243 119.446701688005 105.504900594396 176.417832565308 199.642983069787 202.555877685547 186.016451154436 197.646549224854 158.070261300328 182.260301208496 186.181905286065 185.957015991211 97.4420359256494 92.3189723218074 101.696421963828 114.765048435756 92.9049903324672 194.893557654487 182.377627563477 145.165391646847 192.573553052999 174.685317993164 181.537174657448 189.309730529785 182.43102809361 183.505059675737 141.507805040148 167.074129064032 176.819055710924 0 0 0 0 136.832092285156 0 171.774543762207 0 0 191.637184143066 211.035202026367 183.913383483887 187.536994934082 0 0 0 0 0 207.076259613037 0 160.157476380814 165.579221381516 0 167.718697441949 0 0 189.515427809495 164.45600382487 0 0 0 191.324601236979 186.321186523437 0 0 0 179.187343597412 0 165.379455566406 223.198867797852 222.069755554199 213.062999180385 0 0 233.487500508626 231.973691304525 0 241.952346801758 218.383276367188 193.932861328125 207.433929443359 210.271240234375 176.633056640625 0 0 232.972732543945 222.55647277832 0 223.761079788208 0 0 0 0 0 0 233.994583129883 197.34700012207 0 164.69208541719 165.027613713191 133.542034626007 0 0 143.31225196175 231.903681437174 188.962295532227 234.288791656494 0 215.548202514648 242.768814086914 240.110397338867 177.012199401855 129.376665566184 205.962565830776 213.448994954427 0 0 0
41.0171970983364 27.063759934683 50.8151939671565 24.6963444830461 19.3867504550373 29.3425060557257 51.5832993801863 63.1310088126582 84.128769993782 76.0423616806263 57.0322092787012 50.694775385382 123.864879608154 98.9759791056315 92.0612955508025 102.617471059163 89.3684832255046 105.118586222331 0 80.4200592041016 108.126470947266 112.679857472904 111.338249206543 178.755986022949 154.041448974609 177.318664550781 161.670083045959 138.840412486683 66.4541022499916 32.7714459517645 24.9588595449972 35.3899143281437 58.3100378020289 92.4710337320964 0 82.9682032267253 85.0261016845703 93.5983421325684 96.4817127651638 197.436129252116 97.7222243180642 148.152719116211 171.357473373413 218.344940185547 0 125.929084777832 168.787685394287 140.946389850817 147.309247811635 195.740570068359 150.388608296712 173.179567510431 111.313313168895 105.562444004912 127.223379424124 114.788807498707 29.7841240581891 40.3085644273873 139.189086914062 93.9303633371989 134.799020518427 155.141925920759 143.493698477745 182.077643585205 152.553177226673 208.386459350586 90.7421771900074 132.569525718689 130.267988653744 174.111745537652 170.135461807251 65.7838602506197 91.2359212239583 109.953759765625 95.0547271497322 140.209833145142 90.55517578125 0 115.842962476942 165.620620727539 184.960857718331 185.741053263346 127.017128327975 105.880264258235 111.311491507071 100.925174860991 163.958000183105 180.947940063477 186.703014373779 193.244888305664 169.952270030975 143.425737324551 172.001302382525 172.611303562071 158.798400477359 29.0548136274693 79.0796864356524 76.165594900808 118.113115119934 73.1600228103937 188.996941702706 177.389684041341 184.377179169073 190.2664982387 179.347795758929 179.937696184431 182.790148417155 194.729110717773 177.35865347726 143.709150187174 165.443493236195 176.280559193004 0 0 198.821105957031 244.430465698242 125.030200958252 166.3232421875 0 0 172.187797546387 196.596092224121 195.748291015625 0 160.82177734375 0 0 0 0 0 0 0 164.039315359933 160.193880125534 0 149.862818400065 0 0 172.234937667847 161.572953542074 0 0 0 189.402398681641 187.634085761176 0 0 0 154.594247817993 159.13112894694 149.611183166504 221.014701843262 0 237.61784362793 0 0 0 228.253112792969 0 221.004306030273 213.774722290039 193.346516927083 200.168144226074 196.055107116699 215.187782287598 0 219.053970336914 184.366683959961 152.258117675781 0 183.104263305664 0 0 0 227.13415145874 186.900985717773 229.023725891113 0 184.285367329915 0 152.800485964175 158.72586380808 125.532048543294 0 200.572589874268 138.670632044474 212.398885091146 180.611793518066 222.226107788086 0 213.535125732422 209.241012573242 0 163.724319458008 128.311497204924 169.843685150146 194.002828979492 0 0 0
57.3654481453003 49.6189013144811 28.7417713976921 23.4386226548147 29.3425060557257 16.2377432869388 65.3914923037171 52.5560222808459 69.5449176316851 30.9321541891154 43.2107067441996 22.5340799465465 196.518524169922 110.901891072591 109.975037022641 116.887370109558 120.850607130263 182.031259536743 0 131.102005004883 111.602105107801 114.418434445221 144.032217407227 195.010816786024 162.636799356212 160.470993041992 191.346611022949 122.813167572021 88.240972116174 52.9639566985879 49.9969432581348 23.6589108549124 70.3796489303881 143.539402770996 168.904052734375 96.9568710327148 98.1936084747314 126.012640816825 121.493107188832 207.738899230957 101.557151499862 152.253284454346 184.022602754481 0 159.890253702799 156.618049621582 184.980239868164 152.270745239258 153.48511505127 230.386657714844 165.14706698331 184.432235191608 124.730527293925 122.323943415775 139.644425452172 113.80899086777 120.651432800293 64.7167608397348 128.764221191406 182.461044311523 143.289120600774 161.546497938368 161.109259605408 166.218196868896 160.170764923096 220.128372192383 113.702198526134 187.09001159668 140.105137744582 179.52349962507 185.670041170987 76.7692496013172 151.289206368583 123.576258523124 112.93546709807 149.649419996474 75.5248902228571 0 118.362949371338 212.264022827148 197.612717261681 186.261219024658 137.284486914378 116.476737785339 115.627931150843 102.497397387469 171.344208937425 199.741487291124 193.986620221819 188.582023620605 191.940756056044 156.000433398831 186.666349264292 181.550667982835 175.256933085124 27.7906807549106 73.9834151229238 94.2962340654646 134.823509407043 116.620973835821 191.043117646248 190.393223876953 168.949971069321 185.652679382079 173.900363575328 177.95701665105 177.158259073893 171.600381117601 167.128602930017 139.251131986095 161.134897205928 169.549760890651 0 0 0 141.965225219727 191.449279785156 149.616271972656 147.838500976562 204.424896240234 161.87434387207 188.089981079102 176.936214447021 225.861434936523 162.033416748047 189.04280090332 0 0 0 155.123428344727 195.583646138509 163.739135742188 154.874589868494 161.341216450353 0 162.064308166504 0 0 173.493946276213 172.559673309326 161.536712646484 194.265014648438 0 187.415426503057 185.375942993164 0 0 0 195.495822906494 188.825119018555 156.007848103841 227.115570068359 215.527328491211 214.26722462972 236.007354736328 203.781532287598 241.3249168396 228.242620195661 0 234.259567260742 208.934380271218 227.858133951823 176.675910949707 191.440315246582 151.53279876709 0 0 0 0 0 207.726261968198 212.668579101562 0 0 230.601661682129 0 237.711685180664 243.681991577148 209.916942051479 0 154.228983128324 165.157685518265 111.296640836276 228.671524047852 195.210052490234 136.117319488525 218.850238037109 0 233.641315460205 206.646682739258 211.999543300895 216.66455078125 242.576797485352 187.177441914876 122.907352643522 182.386935763889 204.253786087036 213.917892456055 0 0
25.0497756133102 58.496288250019 61.5643502478819 72.6365072188839 51.5832993801863 65.3914923037171 10.5196186468867 22.9624126551805 24.6770311554375 43.7872230626343 67.1865886610381 71.9398243351732 91.0813598632812 107.121740722656 105.543525695801 97.3851661682129 109.727159288194 174.977012634277 0 100.605911254883 115.784958168312 112.446027374268 139.954538345337 199.107509613037 150.851710510254 131.7839012146 175.276702880859 170.744347572327 26.2342258210768 41.1238186463372 56.684492946726 58.4885712600336 78.2123615040499 93.6396057128906 0 0 97.9829444885254 117.951206970215 115.292095184326 170.027979532878 95.6930892193904 174.659876505534 180.264923095703 138.061152140299 108.41039276123 135.523175557454 154.388508387974 153.739603678385 123.016730675331 155.32625579834 121.511783599854 144.692392503893 67.6096012415205 69.9971608165361 84.2338708147321 102.718678926167 127.907569249471 87.0937690734863 0 0 135.645425160726 162.891705036163 165.158423382303 176.902767944336 151.976039341518 0 120.355598449707 150.746725082397 152.948578316825 160.05616311466 167.864997016059 72.4473182014797 205.536026000977 121.814085006714 130.375949859619 156.098858833313 61.5802721808938 54.5899467468262 81.6778774261475 152.768287658691 159.712225270826 166.910580952962 90.320627480919 98.4717450983384 116.495247452347 122.409251149495 159.8127247737 162.121373494466 165.850092569987 147.825352986654 167.028985595703 111.771594468937 144.714669825667 171.61372644761 162.732327597482 61.6897258024949 33.4693882372126 18.6798429785707 131.400574493408 79.7558334350586 169.959319114685 216.672828674316 169.041543755165 165.15628633045 0 161.651704152425 174.891751098633 161.374771118164 153.6548828125 112.272852579753 158.252542145398 166.353666478937 0 107.874778747559 0 0 0 194.346321105957 0 200.156443277995 176.383117675781 0 136.042739868164 0 179.427261352539 0 0 0 0 0 183.583694458008 0 151.53526652943 159.361143747965 0 158.734725952148 0 0 175.450192769368 136.192138671875 177.319915771484 154.472412109375 0 202.204246520996 206.102442423503 214.096603393555 242.278411865234 0 181.654083251953 0 136.801147460938 0 0 0 0 196.289749145508 216.81005859375 0 0 224.205642700195 218.801605224609 198.278579711914 0 0 174.377235412598 0 0 199.949462890625 0 0 214.515350341797 0 0 168.522109985352 167.861297607422 0 223.982421875 212.563232421875 217.761642456055 203.369293212891 166.285177321661 157.738027572632 119.081157684326 0 216.315719604492 132.509709408409 188.719604492188 150.575256347656 201.633868408203 0 215.648642403739 0 0 0 133.905211925507 193.809448242188 0 0 0 210.519790649414
28.196231223138 65.6196059176796 24.5636578208681 87.4226592311775 63.1310088126582 52.5560222808459 22.9624126551805 16.1423527151803 20.0589764921482 24.6235121639058 56.237205932206 53.4304141249988 235.297424316406 182.703653971354 138.139577229818 191.765762329102 213.929748535156 222.413463592529 243.912933349609 244.371482849121 127.295954045561 146.762776692708 187.248574393136 198.772171823602 163.298404455185 0 190.459498549953 193.848315899189 86.4996330422699 69.3616101457665 110.042286262084 80.9370735168457 109.804311194071 198.950764973958 0 0 191.403121948242 182.450746536255 199.578453063965 205.497531890869 100.226184126508 145.759112150773 193.190209847909 228.686538696289 174.086366653442 196.311014811198 175.196402231852 172.918862915039 139.992831269203 189.769835038619 148.431002902001 167.703308383463 95.4714991461734 100.872654661172 116.020584372947 113.882685887536 152.872675577799 128.825251261393 137.372970581055 0 201.503465924944 182.102276272244 208.326747894287 208.982353719076 176.913522720337 0 110.291550795237 183.557735133815 190.440411703927 175.115136342506 176.373915672302 101.713790317751 0 148.023283305921 165.448830453973 177.171430147611 79.7525328856248 0 131.034082685198 166.65864461263 182.947669249837 168.088653564453 118.440852289769 110.59176363439 119.365912791946 120.76507417211 175.272238369646 183.483802556992 192.950847424959 186.20913251241 191.20843471951 134.513507149796 167.504515693761 170.41368826407 179.958678025466 112.585071803502 52.7798838004088 41.9176458543347 149.968717651367 164.089781188965 188.246381871841 192.443769454956 192.196457476229 193.782005805474 168.899929470486 187.845683813095 172.205537796021 170.823925018311 155.22045024236 143.534829250602 168.562721070789 180.276311413995 0 0 0 0 0 152.879997253418 157.044540405273 221.539657592773 179.856231689453 0 201.540084838867 231.712509155273 241.803527832031 0 0 0 0 0 0 170.093551635742 167.394208635603 170.296075653612 0 193.710227272727 0 0 197.218518066406 214.69147644043 0 172.558441162109 0 199.662047068278 206.474920484755 0 0 0 137.618804931641 0 220.127243041992 238.202789306641 223.633308410645 216.786375045776 0 0 212.951736450195 215.128424904563 202.970720291138 231.976165771484 215.502939224243 185.780410766602 185.325225830078 219.940780639648 179.467768351237 0 0 0 247.14811706543 171.727096557617 212.129275004069 220.383422851562 0 0 0 0 225.364116668701 228.957393939678 225.719207763672 0 168.545910835266 184.929074887876 153.697195325579 0 236.418045043945 157.362103424072 204.644085693359 180.494313557943 226.631328876202 0 218.494220987956 224.909674750434 224.637794494629 184.054107666016 135.594658955489 156.391354878743 209.179837036133 0 0 0
58.125496436022 83.6988006591797 73.809055538628 88.146841114965 84.128769993782 69.5449176316851 24.6770311554375 20.0589764921482 6.95495323495492 20.7042730240546 54.8416129051371 70.2898016276322 75.0685845947266 0 164.619277954102 0 158.729095458984 0 0 0 99.8449692726135 92.5327783312116 65.4249038696289 0 73.7432339986165 111.707038879395 193.30083211263 0 99.1488431294759 80.3371303821432 83.3310436672635 58.8096785545349 64.0281198693331 124.029502868652 0 0 0 0 0 200.405822753906 91.1920375823975 119.353996276855 200.674723307292 95.0238030751546 88.5335326656218 96.6888162949506 0 126.296752929688 132.795997619629 106.989491780599 164.062349319458 154.554147128401 68.0161170656719 96.6661273108588 98.1026614854316 98.1066116333008 120.947666168213 67.941722869873 0 0 211.880508422852 184.463623046875 177.281200408936 200.218338012695 0 101.412005901337 75.1953048706055 162.217544555664 186.748352050781 177.317981719971 161.601955413818 55.5328755767978 74.2879543304443 43.9479799171289 82.5723609924316 0 35.160399018618 55.4431930118137 68.3882911801338 132.148731994629 162.503862304687 127.203583502 108.139831374177 94.6891817092896 106.727565447489 139.48335647583 124.010334014893 148.717899029072 152.129966334293 116.430600092961 123.165057442405 115.869329012357 163.225916748047 167.68985748291 185.289199829102 73.6900383247124 15.802531404687 30.6515694419432 122.453205871582 202.814086914062 163.027895609538 166.161061604818 164.771468596025 164.448994029652 151.096221923828 148.366312363568 157.415035247803 120.625295003255 136.950551169259 118.118140480735 140.169047333473 153.390853881836 0 101.653106689453 0 0 97.9447326660156 107.195190429688 117.324012756348 121.110176086426 124.574770450592 115.389553363507 104.762379964193 166.875518798828 0 0 0 0 0 0 166.276763916016 0 143.533418508676 147.853275885949 0 138.608879089355 0 0 127.006525675456 137.284066942003 0 110.495555877686 137.785400390625 178.217262268066 198.272912597656 0 0 0 105.06893157959 135.155860900879 107.79118347168 0 174.108810424805 0 0 183.865921020508 188.490669250488 203.290400187174 164.96501159668 209.571990966797 184.742561340332 197.108978271484 0 194.891525268555 133.257293701172 107.865379333496 0 0 0 0 140.394866943359 0 0 227.904647827148 136.408660888672 0 221.608505249023 222.856597900391 160.314884185791 0 133.520571256939 117.935568809509 61.3501099296238 0 178.681655883789 117.969200134277 185.189254760742 130.012878417969 187.879547119141 0 203.163050333659 173.863070170085 0 154.521816253662 102.986913771856 0 168.745628356934 0 0 0
54.6671083888258 55.5857280954301 31.1203380543777 48.9423752287046 76.0423616806263 30.9321541891154 43.7872230626343 24.6235121639058 20.7042730240546 14.6396683063327 25.1039580300374 28.077022011984 121.479284922282 169.202743530273 188.73663482666 186.98014831543 99.409065246582 212.813385009766 0 154.795593261719 115.670621656335 131.895046234131 200.846672058105 196.819542624734 174.302095685686 155.827697753906 187.507587779652 178.128460693359 103.125153132847 99.6234329806434 110.504587809245 67.9456563706094 81.1890304642494 185.448153177897 0 0 173.072331237793 185.65412902832 233.883285522461 181.154988606771 99.199986047039 153.248100280762 201.355381011963 168.347198486328 142.970775604248 153.955213546753 178.400910949707 187.397987365723 140.903442927769 159.32476348877 151.494103281122 170.159490203857 94.2357444763184 108.916742373527 122.611683056198 113.485852021437 134.57255415483 117.618927160899 0 181.335830688477 169.571762084961 184.766002655029 189.001050313314 191.974230957031 188.743269920349 184.857566833496 100.13931169181 192.149694442749 196.157111273872 181.163301410097 177.627256913619 64.414369500021 213.712056477865 85.6135437305157 138.192494869232 178.453804016113 50.0709565986286 0 131.462640489851 149.17702331543 184.436550685338 162.273496900286 126.670365883187 115.614183504288 117.145840733688 107.388274223574 174.435891287667 181.547429938065 192.862570511667 181.113164265951 186.515010439116 138.101204438106 167.637781094282 168.816527733436 171.706619262695 100.186115637058 19.8095036051452 57.7841048393821 142.471183353 180.210610129616 173.310203110876 172.032911987305 163.670114555404 169.272175432062 147.342316763742 159.290812160192 160.017813589059 153.939091491699 151.857143581615 118.090856543571 143.234636458675 153.410989414562 0 0 168.704381306966 0 109.561882019043 166.105239868164 0 145.878551483154 182.197036743164 172.862462361654 171.692990112305 180.707197570801 180.892254638672 193.234634399414 0 0 0 0 182.526909722222 178.656517028809 141.9848204422 144.58303821535 182.133392333984 145.879477500916 0 0 166.38766418457 183.970813751221 203.663421630859 167.827067057292 0 177.289931987894 172.06713608076 192.583267211914 0 0 162.117319742839 0 0 197.101196289062 226.947952270508 193.122869873047 0 206.563919067383 228.279370625814 208.524166870117 212.420035622337 230.456997871399 200.260451705367 214.29372660319 161.275471278599 186.616035910214 160.093405829536 0 0 0 220.422078450521 203.757682800293 193.263068870262 0 0 186.75715637207 0 0 225.748354085286 228.929420471191 0 0 137.097234994593 136.346043415559 112.240208625793 0 0 121.258254457228 205.664360046387 182.394523620605 218.433959960938 179.506123860677 194.454377555847 219.634789603097 234.758496602376 152.458596229553 108.856945360321 168.183879505504 198.263539931353 136.858825683594 0 0
66.1985717344162 61.4082413224984 55.6683578604519 55.9233728362481 57.0322092787012 43.2107067441996 67.1865886610381 56.237205932206 54.8416129051371 25.1039580300374 10.3554175855977 23.4082643561754 81.0148124694824 240.921142578125 0 0 0 0 110.648297627767 0 115.393367767334 116.150803565979 89.3918991088867 187.999267578125 171.963027954102 0 0 188.462280273438 108.932865699132 60.1792800410264 59.4677620821221 59.89607613175 74.6047289422218 168.163314819336 0 0 0 0 0 0 110.885905314967 0 0 70.8475982666016 92.0318507144326 84.5900421142578 174.829734802246 174.248718261719 149.660427856445 118.604293823242 178.05916595459 185.636905670166 106.606471576113 124.008414990974 138.588229932283 123.817487239838 235.838668823242 102.475336074829 0 0 0 178.904276529948 212.164352416992 213.204132080078 193.100357055664 85.5019435882568 95.4606170654297 214.552253723145 149.423110961914 172.193145751953 182.456670125326 37.3688473681609 58.8899002075195 60.3106842041016 125.32301940918 163.417535400391 22.9298005131668 45.2407202469675 87.8314394269671 145.064923095703 191.915159437391 138.167627970378 138.857416081725 123.145748562283 117.976782847259 124.045331827799 242.229614257812 171.920974731445 184.266632080078 122.123967622456 158.644587198893 150.117634122334 180.779779052734 177.571848551432 193.447511461046 53.5242609544234 31.6715603357206 77.1279926000016 139.771171569824 137.112350463867 169.152234649658 175.67790222168 166.418604413584 167.660964192333 152.832144887824 158.532780561498 159.382923741494 140.23286492484 158.62218936654 119.524818005205 143.553760357502 152.904446382187 141.012512207031 0 0 0 0 134.576934814453 122.349620819092 0 144.853886922201 132.067413330078 162.289169311523 184.947677612305 154.026321411133 0 102.071937561035 154.037567138672 0 0 201.110565185547 228.6904296875 143.40477353473 141.546992052321 0 130.559641156878 0 0 156.454708862305 152.768643465909 0 0 0 194.618593215942 187.697183227539 203.082321166992 239.998825073242 0 106.50207901001 178.397201538086 119.372543334961 0 204.533638000488 190.084210713704 202.281021118164 202.017456054688 216.222496032715 207.441578674316 212.402229309082 232.07630666097 202.738998413086 203.490300496419 165.934366861979 197.775072097778 153.359262738909 0 0 173.880584716797 0 134.203491210938 201.039794921875 229.142791748047 123.818031311035 0 0 0 234.663360595703 0 0 164.910125732422 142.194827119181 140.191550191243 107.516529685573 0 0 122.346544647217 184.539306640625 0 231.152490234375 0 207.436110723586 177.261497497559 0 139.958995819092 107.245246785482 166.055338287354 195.471220536665 114.877410888672 0 0
69.7050977047848 65.1040530296857 27.3636575822783 31.5189831883391 50.694775385382 22.5340799465465 71.9398243351732 53.4304141249988 70.2898016276322 28.077022011984 23.4082643561754 14.7824582927259 93.250883992513 135.29203414917 116.775480790572 130.39360185103 126.513291495187 170.80280456543 86.3270626068115 118.946624755859 118.552164856268 116.485133766109 128.895006815592 192.023345947266 157.089690889631 0 205.832086835589 167.9296043396 100.546290710193 65.2585754650379 64.5106476757686 21.1415890993383 63.1050646087975 106.193821498326 0 0 104.382952176608 125.440892219543 138.990910456731 184.717422485352 109.356434747706 159.031282424927 188.398993858924 161.751152992249 131.069805145264 152.415828704834 190.109400431315 154.202588762556 153.462734119312 150.275334494455 170.816441672189 191.783907660123 122.53915012584 126.990472884783 145.990495477112 121.61963712758 136.566077575684 68.905975462261 0 91.4413070678711 146.805543445406 176.035415649414 167.553067888532 191.970356532506 166.149584197998 132.134994506836 108.707740511213 179.93305460612 147.49708366394 191.935321384006 190.186004638672 44.0418787701772 98.6895546632655 88.8570551718435 84.9205470596772 157.101778030396 59.7057654280534 74.049535369873 115.951930084229 176.331747436523 202.963972203872 178.872903006417 144.295014004527 125.988711073592 121.986001416167 117.473756200617 171.005086263021 201.407717386882 201.4581006368 173.771325055291 155.2971009754 160.14084827589 189.38922652279 192.240304645739 187.529680194277 51.4685411808169 53.9650593017534 92.98237017701 134.473710729721 114.508175150553 186.117633485794 182.051426875127 180.542627126464 182.645455372312 169.29890149705 173.726188258121 177.025466758326 180.698178100586 171.780244341764 134.234901648301 156.889843228306 165.873768757903 0 224.975601196289 132.999633789062 0 232.603149414062 157.551507568359 0 176.675537109375 178.720167795817 178.779327392578 158.075682067871 178.342035929362 176.791687011719 0 144.495407104492 0 0 0 196.014243716285 0 151.132171190702 155.949294835397 0 157.566306736158 156.811904907227 0 159.872670380966 171.941926364241 153.341171264648 156.913809204102 0 187.508894602458 184.147064472067 0 172.077326456706 0 147.416077084012 180.243438720703 149.525993347168 241.784042358398 232.537399291992 212.743815104167 225.984039306641 201.129557291667 233.306055704753 219.340951707628 235.408323015485 239.266812133789 211.648950750178 217.46046617296 189.606096394857 204.502003062855 149.313174854625 0 0 0 0 171.178604125977 199.997055053711 217.706062316895 181.794143676758 0 0 199.514305114746 239.494735717773 239.979248046875 197.590209960938 191.899520874023 151.686106651417 148.505742031595 112.10211315155 192.247940063477 212.990867614746 130.472480549532 195.858322143555 164.07555770874 218.484862107497 223.328196207682 205.279743787977 215.288551330566 226.618293762207 159.490647749467 118.48490204792 190.503598248517 201.072494506836 206.373523712158 0 150.71560160319
205.218109130859 175.318222045898 186.981430053711 0 123.864879608154 196.518524169922 91.0813598632812 235.297424316406 75.0685845947266 121.479284922282 81.0148124694824 93.250883992513 9.50522419328048 0 0 185.887969970703 110.918822479248 67.9433958007068 33.4461231167292 64.8534451060825 133.863510131836 195.672897338867 0 68.3983535766602 0 0 95.8564697265625 137.796223163605 170.368576049805 173.958572387695 112.067733764648 80.8879489898682 90.0860750834147 0 0 0 0 65.7569784164429 142.119169235229 201.111343383789 88.1434580485026 90.0356521606445 175.474700927734 30.1480467807518 16.3116086699881 28.5991291790946 0 89.1458861611106 95.7887145996094 49.1927939004849 119.323556518555 108.288709813898 133.478370666504 0 0 0 0 93.6978607177734 0 0 154.686823272705 129.865463950417 134.888771057129 71.3540267944336 116.334662628174 25.7813947938592 0 0 139.236473083496 140.192447117397 90.7796816144671 76.9627596715863 69.1478558037225 25.2845685518856 142.874753316243 150.088347434998 69.0007939237369 15.5559556185066 65.5144854292519 82.0480449994405 117.852826286765 68.7370897928874 0 157.816360473633 184.267288208008 0 0 93.7393595377604 73.0300631009615 55.400685294557 91.5175586885481 117.833727155413 167.344944000244 100.245785522461 118.494454701742 101.571709372781 70.9233297557782 107.29696618943 0 0 0 149.389381408691 221.393707275391 166.37425994873 157.520086288452 170.931330362956 0 159.756841023763 0 0 0 150.12174987793 0 89.5642509460449 71.504313164569 132.468795776367 124.045082092285 96.9099216055363 0 80.9900406195553 129.629855762828 87.1021766847137 103.883818406325 0 194.858154296875 0 170.86973063151 113.246522521973 0 108.947586907281 157.168926662869 143.967712402344 162.060874091254 170.269258771624 115.81812286377 141.065804799398 0 0 137.182905469622 126.132236705107 84.283012528853 0 88.1941913736278 167.245025634766 145.690990447998 127.990111214774 76.78009074818 68.9253518992457 98.8498341197699 85.2782019531096 0 141.139232635498 125.506466674805 137.469528198242 0 97.4604345957438 182.453730265299 170.993988037109 136.625494384766 158.605617523193 211.455551147461 203.608042399089 0 211.265060424805 146.692562866211 102.986778259277 82.0974165482955 104.457578023275 84.9814792756111 41.8682631942461 0 176.223957061768 140.398700714111 124.25425974528 111.515650939941 103.505156199137 138.491583506266 179.474159240723 92.8945140686035 107.64814213344 141.392725626628 143.875573476156 41.7305857702506 159.921157836914 121.137821960449 132.364265441895 134.614583969116 67.9185345172882 131.150807894193 178.020065307617 243.822799682617 113.270746866862 140.736704508464 146.936663733588 91.8655014038086 191.525260925293 172.920227050781 178.185577392578 0 0
125.433764648438 133.592390060425 140.495338439941 117.382843865289 98.9759791056315 110.901891072591 107.121740722656 182.703653971354 0 169.202743530273 240.921142578125 135.29203414917 0 10.7858935446004 14.1749042424436 41.4105317222724 12.6979946532445 73.2034330822173 148.575215148926 75.2716161939833 123.168692016602 99.5579044944362 58.6173793826483 79.9190439207364 99.4882642305814 79.9229768117269 38.2542850428361 25.844132847425 95.0687502838844 87.8243424658682 74.1682823982028 0 135.192876180013 59.6215361202464 21.9335152122053 21.2875245787458 19.1189238058637 78.3157269795736 55.7913396680677 47.338160114037 77.2010003662109 84.1170153617859 94.2211176156998 0 0 147.670997619629 55.6899232064185 93.8013572692871 141.832454681396 0 0 0 141.713033676147 120.527579920633 148.083391691509 119.327049255371 82.7446919427402 48.0514051129238 37.6549612721357 25.6377330810974 81.072301864624 128.938229878743 106.75759379069 90.3235025024414 53.4820207152704 0 94.6152514065944 58.4659732788086 71.6538408738148 130.706031799316 145.344146728516 0 0 0 70.1941710195234 80.4302891322545 0 0 0 0 210.518502807617 0 145.435248374939 122.793691798619 121.176991621653 102.62580316717 73.8584379973235 0 0 0 0 186.039440155029 191.456077575684 138.385678972517 132.41225306193 85.7781263434369 171.693687438965 113.631538814969 104.073902130127 73.992454828841 0 0 0 166.284957885742 0 0 0 0 0 0 0 0 0 117.369850158691 201.522964477539 109.265491485596 0 124.27408285702 156.768997192383 120.270658052885 127.385611216227 123.649384147243 128.005958557129 0 0 97.2375259399414 0 0 0 120.448978424072 0 0 0 215.219284057617 0 0 0 0 124.678901672363 135.383722305298 101.52774810791 0 0 0 0 137.759475708008 0 0 126.671412876674 133.708759307861 0 0 0 0 0 0 0 0 0 0 0 0 0 0 0 0 0 207.845184326172 0 0 0 0 0 0 0 0 0 0 182.097183227539 0 0 108.504911422729 65.3387802971734 0 0 0 0 0 0 0 0 0 0 0 0 0 0 0 0 0
