27741 11832 11563 10423 1719 4753 9312 15723 197 1792 87 2785 2 12 14 3 11 6 10 3 27 17 6 14 38 4 23 13 5593 12232 1285 262 476 11 4 5 5 21 9 18 975 3 9 0 1 10 31 9 43 2 86 154 2378 1902 679 192 234 94 2 1 9 10 10 9 31 1 354 14 25 40 71 127 51 9 119 9 36 0 23 11 74 4 3207 712 403 63 40 72 32 3 29 344 171 40 40 1110 205 2147 27 221 127 5 368 199 9 517 47 56 192 199 151 427 0 0 0 0 0 0 0 2 1 1 1 5 1 0 0 0 0 1 13 0 6 110 0 9 2 0 3 8 2 3 0 12 47 0 0 1 0 3 0 1 1 3 1 0 2 7 1 5 29 16 11 9 5 0 0 0 0 1 45 11 0 0 0 0 4 4 6 0 189 42 16 0 0 53 5 2 4 3 33 6 4 1 105 28 23 7 0 1
11832 6120 1440 9069 593 2769 33 73 30 24 9 585 0 0 0 2 0 0 1 0 9 3 0 1 2 0 0 0 84 1681 47 1 17 1 0 0 0 2 0 1 252 0 2 0 0 1 0 2 7 0 11 26 94 91 48 28 10 1 0 0 0 1 0 1 4 0 50 1 4 6 8 13 5 5 8 0 3 0 0 0 12 0 341 110 119 15 3 9 1 0 1 46 28 8 1 29 80 51 3 1 91 9 230 142 6 422 32 19 123 125 110 355 0 0 1 0 0 0 0 0 0 0 0 2 4 0 0 0 0 0 8 1 9 67 0 1 0 0 0 1 0 1 1 8 34 0 0 0 0 1 0 0 0 3 0 0 0 7 0 0 16 14 4 8 1 0 0 0 0 0 34 13 0 0 0 1 2 0 0 0 147 15 6 0 0 38 0 1 0 6 35 0 1 0 63 12 24 5 0 1
11563 1440 19169 9061 68 2818 267 5757 335 4488 37 20348 0 0 0 0 1 2 0 0 9 3 2 0 12 0 3 2 99 289 28 10 28 1 1 0 1 3 2 5 297 2 4 0 1 0 3 5 13 0 28 44 454 330 136 69 12 3 0 0 3 5 3 1 6 0 73 8 2 13 16 29 9 15 5 4 14 0 8 0 25 1 830 181 150 8 10 13 5 0 5 102 46 10 10 27 467 417 6 5 224 11 852 412 9 1100 89 118 604 407 238 787 0 0 0 0 0 1 0 2 0 0 0 5 1 0 0 0 0 0 23 1 8 110 0 2 0 0 3 2 0 0 0 21 65 0 0 0 0 0 0 0 0 11 0 0 3 8 0 1 65 34 10 24 1 0 0 0 0 2 62 23 1 0 0 0 9 0 1 0 230 22 9 0 0 93 3 0 4 13 60 2 4 1 251 45 28 11 0 1
10423 9069 9061 9797 3766 5997 37 164 96 122 16 1732 1 0 2 0 0 0 0 0 9 4 0 1 2 2 1 0 80 2378 296 11 40 1 0 0 0 1 0 2 317 1 2 0 1 0 2 2 9 1 7 18 110 102 47 42 13 3 0 0 3 2 0 1 0 0 37 4 1 8 8 24 4 17 8 1 14 0 5 0 15 0 346 129 142 6 3 8 2 0 2 44 20 3 6 50 294 116 6 2 197 10 614 378 10 1054 83 89 305 369 255 855 0 1 0 0 0 0 0 0 0 1 0 3 5 0 0 0 0 1 26 1 22 135 0 5 0 0 3 1 0 0 0 21 66 0 0 0 0 1 0 0 0 7 1 0 0 6 0 2 58 34 5 16 2 0 0 0 0 1 83 23 1 0 0 1 11 0 0 0 298 37 12 1 0 90 3 3 1 14 66 0 3 2 196 27 45 16 0 1
1719 593 68 3766 11747 14966 460 91 25 54 26 2299 1 2 11 3 1 1 1 0 61 20 1 7 16 0 4 9 1669 10712 12579 574 376 5 0 1 3 6 6 8 686 1 4 0 2 2 10 2 15 1 25 35 726 770 157 122 1223 82 2 0 6 2 3 6 20 0 509 16 9 16 15 38 30 12 58 4 6 1 9 4 29 0 1037 432 524 58 26 16 6 0 15 97 53 12 13 3040 80 1009 42 549 56 7 148 80 8 236 14 19 71 64 62 194 0 0 0 0 0 2 0 1 1 0 0 2 1 0 0 1 0 0 5 0 4 58 0 1 0 0 7 3 0 1 0 9 21 0 2 0 1 5 0 0 0 2 1 0 0 4 0 1 15 10 0 6 2 0 1 0 0 1 29 2 0 0 0 0 0 2 2 1 140 24 9 0 0 29 1 2 4 8 20 1 0 0 49 8 20 2 0 0
4753 2769 2818 5997 14966 14444 496 180 203 728 50 11565 1 0 4 1 1 2 5 0 192 39 3 6 27 3 11 5 728 11902 2661 810 833 5 2 0 1 8 5 8 1177 1 9 0 1 1 13 5 14 0 28 45 599 589 165 167 334 117 2 0 5 7 6 6 5 0 241 11 6 18 22 140 23 29 31 4 38 1 19 2 44 1 1388 516 850 115 16 35 5 2 3 125 65 17 22 2059 683 782 38 27 371 20 1011 562 21 1531 115 114 508 498 464 1426 0 1 1 0 0 0 0 1 0 1 1 16 5 0 0 1 0 0 47 1 33 292 0 10 0 0 4 2 0 2 0 33 134 0 1 0 0 3 0 2 0 10 1 1 3 24 0 3 103 46 15 44 6 0 0 0 0 0 139 58 1 0 1 2 15 1 0 1 665 86 19 2 0 151 6 4 6 27 111 2 8 3 321 41 71 28 1 1
9312 33 267 37 460 496 6645 4983 540 2761 265 903 0 1 4 0 0 2 1 2 5 2 0 3 7 3 3 3 1196 2381 343 109 189 1 1 0 0 5 2 3 60 2 0 1 0 1 4 1 1 0 21 22 1243 642 267 23 30 20 0 0 1 3 1 1 4 0 34 2 4 10 7 35 20 5 14 0 68 0 8 4 12 0 666 65 21 5 6 5 2 1 6 45 18 6 6 396 103 2096 3 30 10 2 33 18 1 47 3 7 19 15 11 35 0 1 0 0 0 0 0 1 0 1 0 1 1 0 1 0 0 0 2 0 2 9 0 0 0 0 0 2 0 0 0 2 2 0 0 0 0 0 0 0 1 1 0 0 0 1 0 1 4 0 2 0 1 0 0 1 0 0 4 0 0 0 1 0 0 0 0 0 17 5 2 0 0 8 1 0 0 0 2 0 0 0 6 4 1 1 0 0
15723 73 5757 164 91 180 4983 19506 2179 11961 839 6149 1 2 2 0 0 0 2 0 4 3 0 3 10 1 4 2 160 930 104 14 38 1 0 0 0 0 0 1 204 1 6 0 2 1 10 3 7 2 37 54 1368 689 367 53 11 7 0 0 3 4 6 3 2 0 81 5 0 21 15 34 16 2 9 1 220 0 6 4 30 1 1224 177 69 7 12 21 10 2 11 136 58 17 6 68 329 1957 7 17 73 3 128 72 1 164 18 46 74 130 48 84 0 1 0 0 1 0 0 0 0 0 0 0 1 0 0 0 1 0 7 0 2 9 0 6 0 0 3 3 0 0 0 0 7 0 0 1 0 1 1 0 0 1 0 0 2 0 0 1 7 3 2 3 0 0 0 0 0 0 12 4 0 0 1 0 0 0 0 0 25 2 5 0 0 11 2 2 2 3 4 1 0 0 40 16 2 3 0 1
197 30 335 96 25 203 540 2179 1211 3718 548 1553 8 1 1 1 0 1 3 0 10 7 2 2 10 1 2 0 19 57 13 94 284 3 0 0 0 4 0 0 26 0 1 3 158 16 2 0 2 124 3 17 403 50 52 3 3 6 0 0 9 0 0 0 0 38 11 1 2 0 0 1023 148 118 10 3 524 15 261 60 7 113 86 13 24 4 0 53 17 26 83 12 7 1 2 37 2863 1585 3 2 6 2 14 6 0 19 0 4 6 11 9 21 0 0 0 0 0 0 0 0 0 0 1 1 0 0 0 0 0 0 0 0 1 15 0 0 0 0 3 1 1 0 1 0 3 0 0 0 0 9 0 0 3 0 0 0 9 0 2 6 2 2 1 1 0 0 2 7 0 4 2 4 0 0 1 4 3 1 5 0 13 5 1 0 3 5 4 1 1 1 3 3 0 0 9 2 1 0 0 0
1792 24 4488 122 54 728 2761 11961 3718 27891 13227 47027 0 0 0 0 0 0 1 0 4 2 1 3 2 0 3 0 55 197 48 52 105 1 1 0 0 0 0 3 39 0 1 0 4 1 3 1 3 4 14 20 998 368 197 11 10 3 0 0 1 2 1 0 1 2 11 2 1 7 5 157 17 10 6 1 2536 0 17 3 14 2 610 54 27 3 4 8 1 1 3 37 19 5 3 53 6069 2718 1 9 151 5 383 189 3 528 62 113 255 325 148 306 0 1 0 0 0 0 0 0 1 0 0 2 2 0 0 0 0 0 9 0 2 30 0 2 0 0 3 0 0 0 0 7 11 0 0 0 0 0 0 0 0 0 0 0 0 1 1 0 14 4 8 8 1 0 1 0 0 0 30 4 0 0 1 0 1 1 2 0 54 7 10 0 0 35 6 3 2 8 21 0 0 0 213 29 6 0 0 0
87 9 37 16 26 50 265 839 548 13227 8312 9278 1 0 0 0 0 1 0 0 26 9 1 1 1 0 2 0 17 40 17 282 179 0 0 0 1 3 3 0 95 0 0 1 0 3 0 2 0 0 5 5 197 70 50 15 4 5 0 0 0 1 0 0 0 0 14 1 1 2 2 362 25 28 3 1 1574 1 24 0 6 0 182 18 36 6 2 3 0 0 6 14 6 1 2 15 4631 572 1 2 85 7 255 137 0 366 26 46 157 193 135 298 1 0 0 0 0 1 0 0 0 1 0 4 0 0 0 0 1 0 7 0 7 100 0 9 0 0 2 2 1 0 0 3 30 0 0 0 0 1 0 1 0 1 0 0 2 3 0 0 27 7 2 8 3 2 1 0 0 0 20 15 0 0 0 1 1 1 1 0 137 32 25 0 0 49 1 1 1 5 15 1 2 0 121 13 19 5 0 1
2785 585 20348 1732 2299 11565 903 6149 1553 47027 9278 27560 5 2 10 4 3 4 13 1 523 179 8 17 43 1 5 10 539 4305 634 2799 1995 8 3 0 11 44 22 13 1559 7 12 2 5 16 18 6 20 1 62 82 1144 738 365 187 139 27 2 1 10 3 5 8 13 2 373 13 21 23 25 2248 87 208 75 5 1087 1 115 3 63 1 2086 600 1202 164 24 27 16 1 57 186 97 28 17 253 6490 2161 91 45 678 43 2135 1207 51 3601 260 324 1243 1287 1050 3256 1 2 5 0 1 2 1 9 1 8 7 38 15 2 2 1 0 1 100 4 68 936 0 24 0 0 18 5 3 1 1 83 293 3 2 1 1 10 0 3 1 29 3 2 7 41 1 4 210 132 26 73 15 0 2 0 0 0 333 124 1 1 1 5 27 3 4 0 1572 247 104 4 2 467 9 9 8 59 297 1 16 4 1003 114 179 51 4 1
2 0 0 1 1 1 0 1 8 0 1 5 8799 3 0 10 6 834 4373 20 1 4 3 32 3 4 11 33 4 10 9 8 89 3 0 1 12 601 23 4 47 6 48 5331 6336 3371 1 3 9 192 1 3 5 2 0 0 3 16 2 0 115 6 14 42 63 3005 5 1 15 3 7 143 2016 1005 26 10 383 333 1657 19 1 57 4 0 5 0 0 34 23 79 1831 4 1 2 21 27 67 5 1 1 0 2 0 1 1 2 0 3 0 0 0 2 5 53 547 2 1 98 2 678 24 655 16 1 1 1 0 27 2 100 13 4 7 25 0 11 0 0 33 31 274 8 139 7 7 43 99 122 51 1699 4 4 16 0 2 13 3 1 1 2 1 3 0 3 5 0 161 83 10 327 8 31 11 3 12 160 0 3 193 23 20 29 154 5 26 31 2 10 16 2 0 33 18 4 0 0 4 4 4 2
12 0 0 0 2 0 1 2 1 0 0 2 3 5798 9107 382 1432 63 77 91 14 16 98 867 7 202 4805 1090 317 29 163 1 13 186 5723 5689 2351 23 311 2042 360 36 269 5 2 20 307 8 11 0 0 2 84 157 18 0 208 113 556 1817 33 15 54 615 473 2 352 535 232 20 7 1 5 72 77 8 0 0 2 1 1 0 95 69 43 18 21 1 1 0 18 12 4 9 32 46 0 30 75 220 0 1 1 0 1 1 0 1 0 0 0 2 90 39 27 1 4 86 28 84 182 1165 265 10 1 16 17 15 34 43 0 0 0 33 0 4 37 3 134 115 10 165 14 0 44 14 5 5 89 99 12 6 5 1 0 1 0 0 0 0 1 0 0 0 1 11 4 26 15 2 0 0 1 2 3 6 0 2 9 2 17 104 144 3 2 29 1 2 4 1 0 6 12 0 1 0 2 1 0 3
14 0 0 2 11 4 4 2 1 0 0 10 0 9107 19997 14934 1147 1116 159 1437 25 35 483 880 56 339 2079 3169 337 29 222 3 27 147 1428 451 1020 59 1702 785 2170 121 395 66 3 60 226 69 69 2 6 4 77 152 17 4 190 163 299 623 205 117 246 460 832 3 318 384 1154 75 43 4 16 60 124 45 3 0 2 1 7 0 137 82 66 30 38 24 29 4 126 71 10 52 138 78 2 40 53 212 0 2 1 0 2 1 0 1 0 1 0 3 81 36 61 3 0 97 12 116 178 975 192 17 7 18 30 16 42 53 2 1 2 35 0 11 31 9 122 108 45 160 16 0 29 20 9 16 95 160 23 12 12 0 1 3 0 2 0 1 0 1 0 0 0 15 17 38 20 8 3 5 3 0 7 24 0 4 32 6 15 87 129 5 6 32 1 2 2 1 2 14 9 0 2 0 7 7 0 5
3 2 0 0 3 1 0 0 1 0 0 4 10 382 14934 14579 341 3659 1241 4399 11 36 396 1141 28 210 1421 7477 60 5 35 2 5 15 64 21 116 27 1488 135 2096 200 408 12 6 89 35 58 31 0 0 1 15 29 4 1 23 16 15 43 121 81 152 355 264 7 66 36 597 69 38 1 10 48 67 51 1 4 1 0 5 0 18 27 11 13 10 16 27 4 59 63 7 39 112 21 0 4 25 36 1 2 0 2 0 0 0 0 0 0 0 7 109 228 231 5 1 267 3 470 53 1383 27 4 2 10 17 43 29 424 10 4 7 24 0 11 14 5 68 23 157 60 36 2 20 15 14 120 119 216 12 3 8 0 2 4 0 0 0 0 0 2 0 1 5 10 18 44 7 10 3 6 4 1 6 51 0 2 37 4 7 37 121 5 3 38 1 2 4 0 0 16 10 2 1 0 0 0 1 2
11 0 1 0 1 1 0 0 0 0 0 3 6 1432 1147 341 2761 201 887 1394 42 59 468 327 70 245 294 85 61 11 47 8 24 65 280 209 3405 272 55 652 962 36 222 230 3 35 184 8 17 0 0 1 16 29 2 1 44 51 70 136 79 33 105 130 182 3 59 77 70 25 5 1 17 34 250 8 5 3 3 0 5 1 22 21 44 10 23 4 4 1 43 17 0 16 75 67 1 12 14 44 0 0 0 0 0 0 0 3 0 2 0 5 45 32 18 2 5 14 6 28 140 203 96 22 21 24 40 23 29 24 0 2 3 76 0 33 20 3 238 134 8 229 9 2 20 14 3 3 51 49 52 5 2 2 1 4 0 0 0 0 1 2 0 0 2 16 6 18 11 0 4 2 1 2 4 7 0 2 14 0 32 129 60 10 1 43 1 1 5 3 4 5 9 1 2 0 13 9 0 17
6 0 2 0 1 2 2 0 1 0 1 4 834 63 1116 3659 201 11145 13090 1998 24 75 251 3395 94 128 1930 1043 28 5 18 7 30 10 47 6 118 281 2120 120 2462 340 1081 572 15 3496 70 203 58 5 1 1 19 49 6 4 25 19 15 8 6834 143 220 1604 671 136 65 22 863 48 105 6 221 619 55 198 9 16 14 0 19 1 38 45 50 40 12 35 55 8 714 71 13 33 146 26 3 1 41 16 3 5 0 0 12 7 0 0 1 0 1 38 124 1049 1729 37 12 1131 8 1517 164 3840 49 8 6 8 9 265 31 2084 29 9 38 99 0 47 22 1 155 120 1454 43 382 15 43 86 91 1090 399 1556 12 7 21 3 4 17 0 0 2 3 1 2 1 6 29 9 120 268 13 93 10 31 18 9 24 243 0 7 115 19 40 77 459 14 13 47 9 5 10 10 1 33 24 20 1 1 8 2 7 5
10 1 0 0 1 5 1 2 3 1 0 13 4373 77 159 1241 887 13090 35925 4153 73 147 679 1276 147 787 933 171 30 8 21 29 136 17 111 15 669 1234 90 723 1477 120 599 5615 372 2510 180 30 60 66 4 3 28 24 3 11 13 53 14 9 200 75 238 376 296 340 46 24 98 59 9 22 2092 7084 237 42 69 621 168 3 8 15 41 27 79 16 15 29 46 31 1274 73 7 55 216 112 9 8 44 19 0 5 3 0 3 7 0 8 1 0 2 28 907 1198 1323 64 36 1610 90 2233 1036 10667 789 137 61 102 163 235 297 1923 16 6 31 340 1 130 182 48 1157 706 642 1159 171 16 217 140 41 484 1013 1236 228 49 26 3 9 44 0 1 0 2 8 2 0 1 22 115 62 223 69 130 27 18 16 7 23 156 6 8 145 21 136 754 1900 53 32 426 18 6 23 12 8 46 79 8 6 0 44 37 7 39
3 0 0 0 0 0 2 0 0 0 0 1 20 91 1437 4399 1394 1998 4153 2859 32 59 553 871 88 708 546 77 16 2 14 4 20 13 118 14 157 89 87 588 1222 113 444 158 12 137 90 21 49 5 2 0 10 14 0 1 9 15 17 9 226 85 206 203 209 11 22 11 123 49 16 0 32 155 66 19 3 23 7 0 6 1 18 14 23 12 10 15 23 4 141 65 3 49 179 12 1 0 12 18 0 0 0 0 0 0 0 0 0 2 1 4 306 158 93 9 6 46 19 80 244 917 141 42 18 44 58 45 126 103 1 3 5 75 1 22 72 13 251 144 23 459 22 4 51 45 11 15 202 141 61 21 12 1 4 15 0 0 1 0 2 1 0 1 1 70 5 53 19 4 4 4 1 4 5 14 3 3 47 7 42 154 125 13 8 126 1 3 16 2 0 14 31 1 3 0 11 4 2 10
27 9 9 9 61 192 5 4 10 4 26 523 1 14 25 11 42 24 73 32 8401 9209 1986 260 511 326 57 11 59 36 143 121 612 351 15 1 146 447 9 284 755 54 198 12 2 22 147 8 15 0 3 3 29 36 6 2144 22 325 30 37 28 35 112 44 59 1 49 393 30 36 5 61 349 60 773 5 22 2 72 2 2 3 94 35 3452 298 180 4 7 2 42 18 2 27 96 445 50 24 754 101 3 0 14 4 0 16 2 5 3 2 5 27 6 4 2 1 4 5 2 12 48 45 23 18 9 5 9 1 4 5 3 0 3 194 0 55 1 0 157 107 0 41 3 4 29 5 1 0 13 18 16 2 4 3 0 1 0 2 0 0 8 4 0 2 4 0 0 7 2 0 8 2 0 1 0 1 2 0 7 0 127 126 51 6 2 74 0 0 2 1 12 4 2 0 16 1 16 5 1 5
17 3 3 4 20 39 2 3 7 2 9 179 4 16 35 36 59 75 147 59 9209 15801 2475 1157 5311 1720 245 19 47 20 76 77 444 297 29 7 153 543 19 1977 562 175 930 30 12 83 653 21 66 2 7 5 76 141 16 383 25 288 21 40 167 131 432 243 178 4 169 330 99 124 15 45 376 122 678 25 16 1 65 2 10 2 487 444 7472 1300 259 7 26 11 171 66 14 94 383 258 23 14 3508 82 3 2 4 2 4 4 0 5 1 2 5 11 8 5 5 0 5 4 4 11 114 86 63 27 12 10 23 5 11 2 0 1 7 167 0 58 11 2 212 226 6 80 8 6 13 7 8 1 34 43 23 3 7 2 1 9 0 1 1 0 5 2 0 1 2 4 4 14 6 2 13 4 0 0 6 13 0 1 13 6 64 160 66 4 5 43 1 0 2 0 7 12 6 0 9 0 17 9 1 9
6 0 2 0 1 3 0 0 2 1 1 8 3 98 483 396 468 251 679 553 1986 2475 9272 6371 707 7251 255 35 20 6 20 19 214 493 22 22 634 706 61 2343 8013 1416 816 66 9 73 241 18 192 0 4 0 30 45 8 44 18 217 88 85 122 58 120 54 34 2 57 243 55 35 15 6 201 47 128 31 10 0 15 1 7 0 99 82 435 110 50 12 29 12 136 110 7 38 200 30 3 8 151 13 0 0 0 1 1 1 0 0 0 0 2 4 22 15 15 0 0 15 7 27 61 218 51 11 9 3 12 11 10 15 0 0 1 47 0 17 7 2 80 72 6 75 3 1 7 8 6 2 33 51 11 4 3 0 1 6 0 0 0 1 1 0 0 0 0 9 2 9 7 1 1 4 0 0 2 8 1 5 14 3 21 45 49 3 2 28 6 0 4 3 2 12 5 0 2 0 5 3 0 2
14 1 0 1 7 6 3 3 2 3 1 17 32 867 880 1141 327 3395 1276 871 260 1157 6371 12741 1084 10253 10864 410 190 14 52 4 39 87 827 177 307 166 511 4920 2502 5546 3399 40 21 1356 1613 33 235 1 7 5 166 385 32 39 101 26 186 159 1662 154 599 1099 354 65 629 238 287 103 8 3 76 134 80 50 1 0 11 1 2 1 379 435 508 362 50 23 34 7 584 125 9 117 482 42 2 14 443 76 0 1 1 0 1 1 0 0 0 1 0 2 26 42 156 2 4 110 13 290 99 800 109 12 5 9 15 15 22 75 5 2 3 38 0 27 16 5 104 100 129 62 61 4 24 17 25 22 64 487 8 5 6 0 1 3 0 0 1 0 0 1 0 2 7 9 73 49 7 30 2 9 5 3 9 81 0 0 53 11 12 90 103 3 15 20 0 1 2 1 3 21 8 1 1 0 7 5 4 3
38 2 12 2 16 27 7 10 10 2 1 43 3 7 56 28 70 94 147 88 511 5311 707 1084 11735 2388 475 33 251 23 191 66 358 255 22 9 220 562 24 3483 169 147 796 32 9 102 4362 7 20 2 8 3 360 874 76 94 235 224 32 27 155 80 352 444 330 4 1918 815 109 91 6 27 432 156 427 15 27 1 68 0 1 1 825 1294 1942 2694 5291 7 12 2 97 28 6 43 268 170 32 15 7696 2356 2 1 7 4 2 7 0 3 0 5 2 5 7 5 9 1 11 4 14 17 134 115 68 27 22 18 16 6 9 5 1 0 3 265 0 111 6 2 299 336 6 52 9 5 31 5 2 1 22 49 16 2 1 0 0 2 2 1 2 0 2 1 0 0 7 3 4 10 2 1 9 1 3 1 4 6 1 0 16 1 72 218 87 5 3 45 1 0 3 8 11 10 4 2 7 2 17 11 1 8
4 0 0 2 0 3 3 1 1 0 0 1 4 202 339 210 245 128 787 708 326 1720 7251 10253 2388 6972 764 14 33 1 10 3 11 27 126 37 147 131 16 6116 831 196 321 50 1 33 716 8 46 0 1 2 71 139 16 31 13 8 21 38 52 22 61 37 22 0 137 23 13 23 3 0 46 42 13 8 0 0 6 0 4 0 239 257 508 268 28 5 0 2 32 29 3 23 94 8 1 0 281 11 0 0 0 0 1 0 0 1 0 0 0 1 19 10 8 1 2 22 11 24 70 248 77 3 6 7 8 2 11 9 1 0 0 24 0 6 9 2 44 61 4 57 8 0 4 3 0 1 18 37 3 3 3 0 1 1 0 0 0 0 0 0 0 0 2 4 0 3 3 2 0 0 0 0 0 0 2 0 9 1 8 36 47 2 1 3 1 1 0 0 0 5 6 0 0 0 3 0 0 0
23 0 3 1 4 11 3 4 2 3 2 5 11 4805 2079 1421 294 1930 933 546 57 245 255 10864 475 764 28493 10242 446 15 117 4 18 190 6984 483 380 80 310 3651 388 57 1185 26 2 160 1279 13 11 1 4 2 211 494 36 14 333 45 438 323 131 45 175 2589 1423 8 1244 527 237 31 9 3 39 192 44 10 2 0 7 0 0 0 281 327 189 239 61 5 3 2 42 18 3 22 70 21 1 21 424 260 0 0 0 0 2 1 0 0 0 1 1 5 67 149 203 7 5 440 23 715 147 2500 186 15 7 9 14 29 32 207 3 2 6 54 0 27 8 2 145 116 164 97 41 4 34 12 6 68 113 389 11 6 4 0 1 1 0 1 0 0 1 0 0 0 5 9 22 21 9 12 1 4 3 0 3 35 2 1 15 1 23 92 295 1 2 39 2 3 2 3 4 4 12 0 1 1 5 4 0 5
13 0 2 0 9 5 3 2 0 0 0 10 33 1090 3169 7477 85 1043 171 77 11 19 35 410 33 14 10242 13256 440 16 203 5 27 142 548 179 257 40 6506 117 319 15 243 21 4 119 364 54 0 0 2 3 99 218 18 9 323 94 389 315 234 30 55 2118 2658 18 557 543 811 20 19 2 19 74 64 42 1 6 23 0 4 1 135 94 57 51 25 7 5 0 27 21 9 10 24 69 1 44 95 291 1 1 1 2 7 2 0 1 0 0 0 17 30 256 747 5 3 449 8 1531 75 1989 54 4 1 6 4 69 9 483 20 3 16 48 0 18 9 3 66 44 663 36 160 1 19 25 20 272 110 1353 6 4 5 0 0 5 0 1 0 0 0 2 0 1 16 5 99 106 6 43 6 18 8 3 7 70 2 3 25 6 3 30 244 5 4 12 0 1 4 5 0 7 6 7 1 0 1 2 5 0
5593 84 99 80 1669 728 1196 160 19 55 17 539 4 317 337 60 61 28 30 16 59 47 20 190 251 33 446 440 26080 6757 4186 174 583 40 214 47 60 63 289 193 169 25 135 3 1 36 585 32 7 1 11 14 2804 6111 258 21 3094 134 37 25 47 93 189 376 861 2 3672 356 445 38 18 89 90 9 1244 15 14 2 22 0 8 0 499 181 119 55 1171 6 6 3 47 27 9 18 62 2088 42 4222 192 2406 7 1 23 11 3 28 5 5 15 10 9 43 1 1 12 0 1 9 2 15 12 45 7 4 3 1 2 2 4 10 4 0 5 50 0 9 0 1 42 32 10 15 8 3 9 8 8 7 6 47 6 0 3 0 0 6 0 3 0 0 4 2 0 4 2 2 1 9 4 1 10 6 1 0 4 12 2 0 18 4 75 30 11 1 5 26 0 2 3 2 15 9 2 1 12 4 9 2 0 0
12232 1681 289 2378 10712 11902 2381 930 57 197 40 4305 10 29 29 5 11 5 8 2 36 20 6 14 23 1 15 16 6757 21672 10507 830 1396 11 11 5 15 32 17 17 692 8 8 2 3 8 33 5 18 2 46 75 1485 1402 367 126 5212 220 1 2 12 12 6 13 29 0 1553 21 31 25 16 186 127 12 195 1 22 1 37 3 53 4 1771 472 351 44 45 29 13 1 45 165 103 32 15 3827 157 1999 29 929 85 4 195 121 3 316 19 31 87 96 91 262 0 1 2 0 0 3 0 0 1 1 1 3 5 0 1 0 0 1 11 0 11 98 0 8 0 0 7 3 2 0 0 10 37 1 0 0 0 7 1 0 2 1 0 0 0 2 1 2 23 17 5 4 1 0 0 2 0 1 37 20 0 0 0 2 4 1 4 0 174 38 7 1 1 52 2 4 1 6 26 1 6 0 67 9 16 13 0 2
1285 47 28 296 12579 2661 343 104 13 48 17 634 9 163 222 35 47 18 21 14 143 76 20 52 191 10 117 203 4186 10507 15301 200 393 60 100 40 50 93 155 86 853 9 34 3 1 18 219 23 21 0 27 32 1104 1609 234 123 7720 86 18 34 39 26 41 81 221 2 3022 196 200 28 24 35 93 12 2086 9 7 0 6 2 29 1 1394 869 713 269 984 14 8 1 51 104 46 26 25 5725 26 1249 1663 14665 10 2 26 20 1 56 4 3 12 14 12 53 0 2 7 0 0 8 0 9 6 17 4 2 1 0 0 0 2 5 1 0 3 44 0 7 1 0 20 14 6 3 4 3 11 2 2 4 3 15 2 0 3 1 0 2 0 2 0 1 8 3 0 1 0 0 5 5 3 3 5 7 0 0 2 4 0 0 9 1 53 18 4 1 3 14 2 0 2 1 8 5 1 1 8 1 3 3 0 1
262 1 10 11 574 810 109 14 94 52 282 2799 8 1 3 2 8 7 29 4 121 77 19 4 66 3 4 5 174 830 200 916 3640 330 2 0 20 120 10 6 181 0 3 1 4 21 14 2 3 3 5 9 163 150 52 25 68 816 0 0 10 0 3 4 4 3 71 81 6 5 6 1475 210 45 1505 5 132 2 89 0 10 2 252 83 173 30 48 6 1 1 39 28 11 4 1 1235 941 245 29 20 20 1 37 23 5 70 4 9 13 21 25 112 0 0 1 0 0 1 1 3 0 3 1 9 3 0 1 0 1 2 3 0 6 99 0 8 1 0 13 1 4 1 0 7 25 0 0 1 0 1 0 0 0 1 0 0 1 3 0 1 15 5 2 3 0 0 0 0 0 1 14 8 0 0 0 3 1 0 2 0 158 46 28 1 0 58 2 0 3 4 16 0 1 1 32 0 12 3 0 0
476 17 28 40 376 833 189 38 284 105 179 1995 89 13 27 5 24 30 136 20 612 444 214 39 358 11 18 27 583 1396 393 3640 11211 2235 13 5 181 2326 32 51 799 6 28 34 8 157 207 5 10 2 41 49 482 411 200 99 187 1282 31 25 57 4 11 19 37 10 274 765 39 11 18 3524 5933 268 2708 5 386 16 1425 4 32 6 1217 353 810 161 294 25 7 2 232 100 63 16 17 3091 1926 561 140 176 85 20 214 147 34 369 22 72 85 89 184 628 4 6 9 1 1 3 2 15 20 17 9 49 25 3 5 2 0 4 30 1 60 1114 0 152 2 0 175 97 11 20 4 43 188 3 5 5 2 31 5 1 4 10 1 1 0 18 0 6 106 43 14 15 27 0 4 3 1 2 144 42 2 1 5 10 9 3 13 0 1279 512 196 3 5 455 2 0 6 29 129 4 15 3 144 22 97 40 0 2
11 1 1 1 5 5 1 1 3 1 0 8 3 186 147 15 65 10 17 13 351 297 493 87 255 27 190 142 40 11 60 330 2235 3480 254 168 771 613 128 225 313 6 49 3 0 10 763 10 2 1 3 3 27 42 11 16 28 3429 1077 668 8 14 27 79 167 1 41 5377 106 7 6 14 229 37 3423 1 27 0 14 0 4 1 110 46 209 50 933 1 0 0 19 7 4 2 12 160 12 8 72 288 6 6 14 10 3 20 0 4 10 2 12 31 4 1 2 1 4 6 2 6 31 26 12 30 9 3 7 1 1 0 5 0 10 311 1 89 4 0 172 124 3 26 0 2 34 3 3 2 9 14 9 0 1 2 0 0 2 4 0 0 12 2 3 0 7 3 3 4 0 0 12 6 0 0 1 2 2 2 6 1 152 183 42 2 1 99 0 0 1 6 19 1 1 1 21 3 23 9 0 3
4 0 1 0 0 2 1 0 0 1 0 3 0 5723 1428 64 280 47 111 118 15 29 22 827 22 126 6984 548 214 11 100 2 13 254 6199 3552 705 43 76 2483 53 15 177 9 0 14 1636 1 2 0 4 2 56 160 16 6 143 85 2258 2022 18 4 27 253 238 0 385 463 89 8 2 1 13 46 44 2 1 0 2 0 0 1 84 53 39 34 14 0 0 2 13 7 3 0 18 19 1 15 68 135 0 0 0 0 0 0 0 0 0 1 0 0 42 25 11 6 5 80 13 45 113 713 144 15 3 12 12 13 14 27 1 1 2 29 0 10 12 4 93 94 6 75 3 1 18 6 0 2 33 43 8 3 1 0 0 1 0 0 0 0 0 0 0 0 1 4 1 6 5 2 2 0 1 0 1 3 0 0 5 0 16 74 83 3 2 15 0 0 2 1 0 2 2 0 0 0 3 5 0 2
5 0 0 0 1 0 0 0 0 0 0 0 1 5689 451 21 209 6 15 14 1 7 22 177 9 37 483 179 47 5 40 0 5 168 3552 1479 743 31 74 1042 51 4 75 1 2 1 506 3 1 0 0 0 13 26 1 2 33 40 1453 1393 6 8 14 122 131 0 55 175 51 6 6 0 4 2 28 0 0 0 0 0 0 0 14 14 10 2 6 1 1 0 0 1 2 1 10 14 0 4 17 55 0 0 0 0 0 0 0 0 0 0 0 0 8 1 4 0 0 4 0 5 8 43 18 1 1 1 1 0 1 4 0 0 1 6 0 1 0 0 12 16 1 12 3 0 2 2 1 3 4 11 0 0 0 0 0 1 0 0 0 0 0 0 0 0 0 2 0 3 1 0 1 1 0 0 0 1 0 0 2 1 2 9 6 0 2 5 0 0 0 0 0 0 1 0 0 0 2 1 0 0
5 0 1 0 3 1 0 0 0 0 1 11 12 2351 1020 116 3405 118 669 157 146 153 634 307 220 147 380 257 60 15 50 20 181 771 705 743 4002 2096 238 829 633 39 170 40 7 81 843 19 5 5 0 1 21 28 4 12 27 170 1047 2596 76 22 77 200 270 3 60 628 261 23 17 3 31 109 348 16 66 35 12 2 4 6 59 30 83 23 68 2 4 1 71 12 3 5 43 69 2 10 38 64 2 3 5 0 7 6 0 7 3 2 2 12 15 9 25 1 8 16 3 36 144 137 70 64 52 13 32 16 22 18 2 1 9 270 1 126 9 4 570 309 20 203 9 5 60 22 1 13 41 65 93 3 6 0 1 4 0 3 0 0 5 5 1 0 6 5 2 15 4 2 23 2 2 2 3 4 0 2 8 3 82 275 74 37 4 93 0 2 1 11 10 4 8 0 10 2 47 21 1 42
21 2 3 1 6 8 5 0 4 0 3 44 601 23 59 27 272 281 1234 89 447 543 706 166 562 131 80 40 63 32 93 120 2326 613 43 31 2096 8380 21 318 497 18 122 460 164 1086 640 8 4 50 2 7 50 50 23 35 37 665 77 28 132 13 65 96 87 69 54 670 26 10 5 34 2164 1397 1458 6 875 414 200 12 6 14 194 88 335 75 213 11 7 12 721 18 4 9 43 361 28 27 96 104 8 8 20 12 12 25 5 38 9 7 20 69 28 25 53 2 17 27 21 110 341 249 117 176 116 40 74 17 34 46 11 1 35 1468 2 543 25 1 1500 1033 41 373 15 12 169 30 12 24 73 135 136 2 12 4 4 8 6 7 1 0 34 6 4 6 23 9 8 31 6 15 59 20 7 2 5 16 6 5 25 5 446 1188 401 45 2 397 3 0 4 28 45 13 10 3 60 13 129 55 7 54
9 0 2 0 6 5 2 0 0 0 3 22 23 311 1702 1488 55 2120 90 87 9 19 61 511 24 16 310 6506 289 17 155 10 32 128 76 74 238 21 14113 58 671 151 318 17 0 380 188 310 31 2 0 0 57 101 13 3 177 73 232 154 11175 175 119 399 2535 48 352 407 4798 72 150 4 12 18 116 630 2 4 12 0 16 1 95 86 51 26 21 41 56 2 255 29 15 19 71 83 5 21 73 239 0 1 0 0 4 4 0 2 0 0 0 10 5 113 796 4 6 142 3 577 50 440 15 1 5 4 5 85 3 224 23 28 16 35 0 17 4 2 46 37 925 14 500 12 8 96 261 306 68 2701 6 13 22 1 4 8 0 1 0 2 5 8 0 8 14 1 455 285 21 109 27 101 47 20 24 492 2 5 255 21 14 32 53 29 24 26 3 2 7 19 4 35 13 10 6 0 5 6 29 3
18 1 5 2 8 8 3 1 0 3 0 13 4 2042 785 135 652 120 723 588 284 1977 2343 4920 3483 6116 3651 117 193 17 86 6 51 225 2483 1042 829 318 58 14737 527 216 828 61 4 66 5484 9 17 0 5 8 240 508 41 43 141 54 523 732 93 39 155 320 203 1 779 312 77 25 10 1 116 101 64 5 1 1 19 1 5 0 548 625 698 590 114 2 4 0 68 24 9 25 119 36 4 9 695 155 0 0 0 0 0 1 0 2 0 0 1 1 80 36 25 2 8 47 26 38 252 571 194 33 16 21 35 16 25 51 2 1 6 95 0 42 24 5 244 296 8 227 12 1 43 11 2 3 101 66 28 2 5 0 3 6 0 1 0 0 1 0 0 0 0 19 3 20 12 4 2 4 0 1 2 8 0 2 13 1 40 148 98 6 2 43 3 0 1 1 3 8 16 0 3 1 11 10 0 4
975 252 297 317 686 1177 60 204 26 39 95 1559 47 360 2170 2096 962 2462 1477 1222 755 562 8013 2502 169 831 388 319 169 692 853 181 799 313 53 51 633 497 671 527 5961 4873 1101 89 162 850 224 570 4252 48 390 415 88 120 961 2023 130 258 77 80 1882 436 292 297 590 78 216 358 1007 391 449 237 365 125 773 689 37 5 81 36 425 57 1670 136 882 113 287 926 1160 164 2178 3382 656 688 1174 898 81 82 117 375 29 3 68 43 4 91 8 8 30 23 43 146 32 35 126 6 1 55 7 201 80 413 55 16 10 6 13 11 11 48 20 6 15 261 0 61 2 3 131 92 103 75 63 14 49 51 107 45 42 353 9 26 59 5 4 40 17 9 10 37 17 15 3 9 7 4 79 93 33 33 47 29 3 6 41 145 21 37 217 38 279 141 98 10 37 140 57 26 146 13 34 125 49 1 45 5 21 11 10 3
3 0 2 1 1 1 2 1 0 0 0 7 6 36 121 200 36 340 120 113 54 175 1416 5546 147 196 57 15 25 8 9 0 6 6 15 4 39 18 151 216 4873 6036 4814 14 31 286 123 51 959 4 4 1 9 34 4 8 11 3 14 5 922 75 88 83 240 15 55 21 457 53 19 1 8 13 12 113 3 0 5 1 9 1 45 37 68 31 6 56 57 14 682 278 17 128 649 8 3 3 47 13 0 0 0 0 0 2 0 3 0 0 0 0 3 7 25 3 0 10 2 31 13 58 12 2 0 3 2 3 2 3 6 2 2 8 0 1 3 0 10 12 15 7 30 0 2 23 43 5 6 124 5 5 9 1 1 5 1 0 0 1 1 1 0 2 0 0 44 39 9 12 1 9 9 0 24 80 0 4 85 14 1 12 9 4 6 4 4 4 9 2 0 23 7 0 1 0 0 2 3 0
9 2 4 2 4 9 0 6 1 1 0 12 48 269 395 408 222 1081 599 444 198 930 816 3399 796 321 1185 243 135 8 34 3 28 49 177 75 170 122 318 828 1101 4814 6504 48 228 834 831 316 3292 34 10 12 143 351 42 32 77 23 82 62 4209 877 1445 6878 1585 59 480 140 2412 395 87 8 72 61 52 664 9 6 31 4 26 10 328 351 453 320 58 111 246 103 3655 517 24 639 6441 23 5 8 402 67 1 1 2 0 1 1 0 4 0 0 0 6 15 15 106 8 4 65 13 158 66 366 89 9 11 6 11 18 4 47 32 11 7 30 0 12 9 0 86 64 75 51 101 14 17 154 283 17 45 736 9 30 135 3 4 101 3 0 2 7 5 2 1 7 3 5 160 243 88 75 13 72 14 5 130 447 4 32 769 158 16 67 77 12 150 49 12 29 64 8 2 285 98 2 4 2 7 12 11 1
0 0 0 0 0 0 1 0 3 0 1 2 5331 5 66 12 230 572 5615 158 12 30 66 40 32 50 26 21 3 2 3 1 34 3 9 1 40 460 17 61 89 14 48 6682 1918 1658 39 11 15 343 1 24 1 2 1 0 0 5 0 0 96 5 34 23 27 545 4 2 18 4 1 116 2403 3522 25 12 603 4779 4965 75 7 176 4 2 10 4 3 47 27 60 1280 1 0 3 29 10 26 3 5 1 0 1 0 0 1 4 0 2 1 0 0 5 38 48 151 2 2 144 11 382 148 1122 102 28 15 11 35 24 24 91 3 0 5 96 0 30 16 4 298 191 67 183 21 2 34 21 15 47 91 199 52 5 14 2 2 8 10 0 1 5 2 1 0 0 1 9 12 38 16 34 4 4 2 1 8 33 3 11 77 21 37 177 373 10 8 50 4 9 10 1 2 26 11 0 2 0 14 16 2 20
1 0 1 1 2 1 0 2 158 4 0 5 6336 2 3 6 3 15 372 12 2 12 9 21 9 1 2 4 1 3 1 4 8 0 0 2 7 164 0 4 162 31 228 1918 16273 839 0 71 110 6300 9 126 19 3 0 1 0 4 1 0 83 46 117 8 18 4155 2 2 87 25 22 863 868 532 5 103 2934 917 3469 264 44 1220 5 3 4 2 1 687 443 3398 3123 20 3 27 195 4 1118 51 5 0 1 1 1 1 1 3 1 9 1 1 2 12 2 2 83 5 1 24 6 37 7 37 14 0 4 3 5 19 0 18 59 15 13 15 1 6 0 1 22 10 39 3 112 39 11 332 691 8 28 795 4 97 391 13 12 327 26 4 17 27 7 9 1 14 6 0 193 461 212 586 27 92 27 4 294 593 26 93 2024 393 22 37 22 15 345 78 44 234 263 15 2 866 221 8 12 2 2 9 15 3
10 1 0 0 2 1 1 1 16 1 3 16 3371 20 60 89 35 3496 2510 137 22 83 73 1356 102 33 160 119 36 8 18 21 157 10 14 1 81 1086 380 66 850 286 834 1658 839 2435 84 21 38 21 1 2 29 40 7 2 18 41 5 1 191 26 111 1191 831 1898 78 15 158 23 7 78 1683 469 109 18 132 96 492 6 4 5 63 52 53 33 12 14 27 17 1204 65 2 20 93 102 54 12 49 22 1 3 1 0 2 4 0 11 2 1 1 19 16 165 1604 11 5 156 8 635 119 518 51 10 11 12 15 139 12 297 46 30 27 104 0 43 5 2 120 109 1212 65 784 13 20 179 586 673 157 3964 26 9 21 7 4 13 1 3 1 2 7 9 1 9 22 6 563 452 26 578 22 115 71 29 27 751 2 6 345 29 44 131 132 60 23 123 4 2 10 32 6 24 37 13 10 3 8 14 38 9
31 0 3 2 10 13 4 10 2 3 0 18 1 307 226 35 184 70 180 90 147 653 241 1613 4362 716 1279 364 585 33 219 14 207 763 1636 506 843 640 188 5484 224 123 831 39 0 84 5177 15 11 1 8 8 417 914 64 32 576 149 2198 643 90 58 242 757 1015 4 2509 2277 289 39 11 20 328 286 98 7 31 3 44 0 0 1 563 825 373 1004 1470 7 5 0 53 31 8 26 131 64 14 27 1704 815 2 1 1 1 6 8 0 7 5 5 3 14 29 8 9 2 19 19 29 37 340 286 164 88 41 27 46 15 20 24 1 0 3 564 0 261 19 2 670 746 6 174 6 6 70 6 10 1 44 83 43 5 5 1 0 3 0 1 0 1 6 5 0 0 7 8 11 22 6 3 10 11 4 0 1 15 1 0 19 3 142 533 163 13 1 81 0 1 3 8 16 4 5 3 8 0 52 31 2 7
9 2 5 2 2 5 1 3 0 1 2 6 3 8 69 58 8 203 30 21 8 21 18 33 7 8 13 54 32 5 23 2 5 10 1 3 19 8 310 9 570 51 316 11 71 21 15 17926 436 94 12 52 12 26 8 2 15 6 11 5 1795 8323 1561 83 270 23 49 21 9591 840 5855 3 7 5 17 7727 1 0 8 43 480 48 26 28 24 12 4 1838 4665 98 2233 218 156 216 681 12 1 5 17 21 0 0 0 0 2 2 0 5 0 0 2 7 2 3 37 6 1 47 11 20 5 37 13 5 11 8 20 25 3 8 28 16 3 4 0 6 0 1 12 6 19 12 39 41 23 279 175 10 19 154 7 407 1234 14 45 1870 31 7 27 79 9 9 3 6 7 1 51 236 466 43 31 77 8 6 537 195 40 357 1772 558 7 16 15 14 963 35 328 493 1203 20 5 2909 632 7 2 0 4 16 18 6
43 7 13 9 15 14 1 7 2 3 0 20 9 11 69 31 17 58 60 49 15 66 192 235 20 46 11 0 7 18 21 3 10 2 2 1 5 4 31 17 4252 959 3292 15 110 38 11 436 7324 36 27 9 8 9 8 16 4 1 0 2 241 570 147 16 40 19 14 11 282 201 160 2 15 3 10 606 6 1 13 6 74 14 60 19 29 7 3 363 738 185 996 7792 73 2114 5759 15 1 2 25 2 0 0 2 0 0 3 0 0 1 0 1 7 1 1 3 0 0 5 1 2 6 21 3 1 0 0 1 2 1 2 5 0 1 0 0 1 0 0 3 2 9 3 7 2 3 21 20 0 3 41 0 13 61 0 1 40 3 1 2 10 1 0 1 1 0 2 15 26 29 8 3 9 0 0 32 40 7 23 137 50 4 5 5 1 51 2 15 14 46 3 2 137 30 0 0 0 0 2 2 0
2 0 0 1 1 0 0 2 124 4 0 1 192 0 2 0 0 5 66 5 0 2 0 1 2 0 1 0 1 2 0 3 2 1 0 0 5 50 2 0 48 4 34 343 6300 21 1 94 36 11715 45 635 14 0 6 0 0 0 1 0 26 50 20 2 7 1988 1 0 81 30 23 416 156 1054 2 156 2014 563 989 1857 129 6074 2 0 0 2 0 1948 744 3241 1157 16 3 19 57 1 885 28 2 0 0 0 2 1 2 4 1 0 1 3 2 4 0 1 14 1 0 13 0 4 0 6 3 0 0 1 0 7 2 2 2 3 3 3 0 1 0 0 5 1 4 3 9 28 6 82 88 3 2 55 2 126 438 4 9 503 114 10 41 65 5 3 0 0 1 0 17 60 102 37 8 17 3 2 86 52 21 93 635 171 3 1 5 6 259 15 120 897 646 2 0 1272 175 1 2 0 0 3 2 2
86 11 28 7 25 28 21 37 3 14 5 62 1 0 6 0 0 1 4 2 3 7 4 7 8 1 4 2 11 46 27 5 41 3 4 0 0 2 0 5 390 4 10 1 9 1 8 12 27 45 10707 24233 27 3 364 143 5 3 1 0 3 1 5 0 10 13 6 9 11 38 18 29 12 20 23 10 26 5 28 560 691 79 385 13 11 4 15 130 38 3 12 8915 3769 29 13 38 17 9 3 8 1 0 7 2 0 14 1 2 1 1 4 5 0 0 0 0 0 1 0 0 1 1 0 0 1 0 0 0 0 0 0 0 1 19 0 1 0 0 3 2 0 0 0 1 3 0 1 0 0 1 1 2 8 1 0 3 136 26 50 61 0 0 0 0 0 0 0 0 0 0 1 0 0 0 0 1 28 9 2 0 20 10 6 0 1 9 19 9 31 1 2 9 5 0 3 0 0 0 0 0
154 26 44 18 35 45 22 54 17 20 5 82 3 2 4 1 1 1 3 0 3 5 0 5 3 2 2 3 14 75 32 9 49 3 2 0 1 7 0 8 415 1 12 24 126 2 8 52 9 635 24233 37210 43 5 473 119 4 10 0 0 6 35 7 2 8 204 3 6 13 72 84 58 38 199 42 69 272 53 83 12611 5796 1186 529 14 9 8 18 1499 319 39 55 3271 3721 40 11 32 179 14 4 11 6 2 2 7 3 10 0 2 3 3 6 20 0 0 1 1 0 1 1 1 0 1 3 0 0 1 0 1 0 1 0 0 2 21 0 4 0 0 4 1 0 0 0 5 10 3 21 2 3 5 0 60 42 17 1 25 3366 626 1507 1441 14 1 0 1 1 0 0 0 8 15 5 0 0 0 2 0 704 234 20 4 29 14 27 0 5 48 517 103 788 0 1 96 116 0 13 2 3 0 0 0
2378 94 454 110 726 599 1243 1368 403 998 197 1144 5 84 77 15 16 19 28 10 29 76 30 166 360 71 211 99 2804 1485 1104 163 482 27 56 13 21 50 57 240 88 9 143 1 19 29 417 12 8 14 27 43 16619 10288 4205 15 383 92 15 5 49 45 139 215 351 4 1149 198 149 33 12 246 118 26 454 8 81 3 57 3 19 13 1996 845 56 120 452 14 10 4 54 53 37 19 53 876 470 9085 232 570 20 2 42 32 1 67 8 9 25 28 26 63 1 2 4 0 1 2 0 5 2 10 7 5 4 1 0 1 1 1 2 0 6 113 0 12 0 0 16 13 3 6 2 8 14 4 3 1 1 8 0 1 1 0 0 2 0 1 0 1 10 1 1 2 0 1 8 1 2 0 13 9 0 0 1 11 0 0 8 1 128 42 18 0 1 39 2 1 0 4 9 5 0 0 30 1 7 4 0 2
1902 91 330 102 770 589 642 689 50 368 70 738 2 157 152 29 29 49 24 14 36 141 45 385 874 139 494 218 6111 1402 1609 150 411 42 160 26 28 50 101 508 120 34 351 2 3 40 914 26 9 0 3 5 10288 15486 447 14 666 93 36 15 75 90 309 467 793 3 7107 374 243 52 9 94 78 12 780 23 19 0 23 0 6 0 4859 7673 163 390 960 6 11 0 80 19 13 17 139 1102 65 1933 627 1186 12 0 26 16 1 39 3 2 11 8 16 57 1 0 8 0 0 8 0 12 16 28 7 4 2 2 1 2 2 0 2 0 1 67 0 16 1 0 26 28 14 7 1 4 8 3 3 1 2 29 3 1 3 1 1 4 0 3 0 0 5 1 0 2 0 2 7 8 2 1 9 4 0 0 2 11 1 0 15 3 70 31 14 2 0 29 0 1 0 1 7 4 1 0 7 3 9 3 0 0
679 48 136 47 157 165 267 367 52 197 50 365 0 18 17 4 2 6 3 0 6 16 8 32 76 16 36 18 258 367 234 52 200 11 16 1 4 23 13 41 961 4 42 1 0 7 64 8 8 6 364 473 4205 447 22577 367 65 24 1 2 11 15 26 38 57 1 112 63 29 65 65 83 60 18 143 7 16 0 31 21 199 4 5330 405 34 47 120 53 12 1 11 682 444 38 30 223 58 966 57 105 7 2 23 12 4 28 8 9 6 19 16 54 1 0 1 0 0 0 0 1 4 6 1 3 0 0 0 0 0 1 3 0 7 77 0 10 0 0 10 7 0 2 0 1 7 2 3 0 1 4 0 1 0 0 0 0 5 1 1 4 4 3 1 1 1 0 0 0 0 0 12 3 0 0 0 1 0 5 1 0 108 33 6 0 0 36 7 0 4 2 12 3 2 1 12 1 7 0 0 0
192 28 69 42 122 167 23 53 3 11 15 187 0 0 4 1 1 4 11 1 2144 383 44 39 94 31 14 9 21 126 123 25 99 16 6 2 12 35 3 43 2023 8 32 0 1 2 32 2 16 0 143 119 15 14 367 3544 24 56 2 9 11 11 18 18 26 1 28 58 19 25 21 22 46 9 133 3 7 1 19 9 48 1 3335 22 2617 85 46 19 8 0 12 366 122 23 29 152 12 11 151 45 4 0 7 6 1 12 2 3 5 5 6 21 0 1 1 0 1 0 0 1 12 3 1 3 1 1 1 0 0 1 2 1 1 46 0 13 0 0 22 17 0 8 0 2 8 0 2 0 0 5 0 1 1 0 0 2 0 0 1 0 6 0 1 1 3 1 0 2 0 0 3 2 1 0 0 3 1 1 1 1 46 28 5 1 0 12 1 1 4 2 3 1 2 0 4 1 7 1 0 1
234 10 12 13 1223 334 30 11 3 10 4 139 3 208 190 23 44 25 13 9 22 25 18 101 235 13 333 323 3094 5212 7720 68 187 28 143 33 27 37 177 141 130 11 77 0 0 18 576 15 4 0 5 4 383 666 65 24 10283 50 30 23 42 46 104 224 598 2 8580 410 333 19 7 18 40 5 769 6 5 0 6 0 6 0 277 328 79 1045 1336 2 3 0 37 12 11 6 32 1011 12 283 1399 3863 2 0 5 5 1 15 1 1 2 4 8 17 0 0 5 0 0 11 0 12 12 23 10 3 1 0 0 0 1 3 0 0 1 25 0 6 0 0 26 13 4 5 1 1 3 3 8 2 2 39 2 0 1 0 0 0 0 0 1 0 2 3 0 0 0 0 9 5 0 3 3 1 0 0 1 8 0 0 24 3 10 11 2 0 0 9 0 0 1 0 5 0 3 0 1 1 1 3 0 0
94 1 3 3 82 117 20 7 6 3 5 27 16 113 163 16 51 19 53 15 325 288 217 26 224 8 45 94 134 220 86 816 1282 3429 85 40 170 665 73 54 258 3 23 5 4 41 149 6 1 0 3 10 92 93 24 56 50 3260 273 438 35 7 16 32 70 0 75 6743 91 7 7 36 381 25 7877 3 14 4 22 3 3 0 219 130 330 88 563 5 2 0 64 20 6 7 9 2394 36 58 114 64 9 1 17 20 4 26 2 4 14 9 20 54 0 0 4 0 1 1 1 11 10 16 3 9 4 0 4 1 0 2 3 0 2 170 0 43 0 0 57 35 3 10 1 5 26 2 4 4 6 14 4 1 0 2 0 1 1 5 0 0 14 8 2 2 7 0 1 2 0 4 15 10 2 0 4 3 4 1 8 0 123 92 35 1 0 64 0 1 1 2 19 0 1 0 15 3 12 5 0 1
2 0 0 0 2 2 0 0 0 0 0 2 2 556 299 15 70 15 14 17 30 21 88 186 32 21 438 389 37 1 18 0 31 1077 2258 1453 1047 77 232 523 77 14 82 0 1 5 2198 11 0 1 1 0 15 36 1 2 30 273 5117 3986 9 11 39 236 426 1 77 917 319 12 13 0 9 17 28 11 2 0 2 0 2 0 13 19 23 14 11 0 2 0 9 2 1 3 19 9 0 4 32 27 0 0 0 1 0 2 0 0 0 1 0 3 1 4 4 3 5 13 3 13 41 57 24 9 4 2 6 0 2 4 2 2 1 80 0 40 1 1 88 99 1 24 4 2 6 0 2 1 6 15 10 0 3 1 0 2 0 0 0 0 0 0 0 1 0 0 0 1 0 1 3 1 1 1 3 6 0 0 4 1 7 62 19 5 3 9 0 0 1 1 1 0 2 0 1 0 4 3 1 2
1 0 0 0 0 0 0 0 0 0 0 1 0 1817 623 43 136 8 9 9 37 40 85 159 27 38 323 315 25 2 34 0 25 668 2022 1393 2596 28 154 732 80 5 62 0 0 1 643 5 2 0 0 0 5 15 2 9 23 438 3986 552 10 9 20 110 143 0 29 1111 111 5 3 0 6 4 52 4 5 0 1 0 1 0 13 11 23 9 20 1 0 0 4 0 1 1 8 7 0 0 16 42 1 0 2 0 0 0 0 0 0 0 0 1 2 3 4 0 0 1 0 8 13 25 8 4 0 1 2 0 0 0 1 0 1 21 0 7 0 0 26 16 3 4 1 0 5 1 2 1 4 8 2 0 1 0 0 0 0 0 0 0 1 0 0 0 0 0 2 2 1 0 1 1 0 0 0 0 1 0 6 0 5 13 3 0 0 6 0 0 0 0 1 2 0 0 1 0 2 0 0 3
9 0 3 3 6 5 1 3 9 1 0 10 115 33 205 121 79 6834 200 226 28 167 122 1662 155 52 131 234 47 12 39 10 57 8 18 6 76 132 11175 93 1882 922 4209 96 83 191 90 1795 241 26 3 6 49 75 11 11 42 35 9 10 10134 568 2027 1226 614 213 135 33 13546 232 572 17 120 39 104 10898 51 46 115 5 77 5 84 87 109 81 19 232 705 33 3868 181 32 148 1087 53 43 15 91 44 4 7 2 0 1 0 0 46 0 2 2 13 10 22 500 20 8 49 17 93 50 150 45 8 12 7 11 62 8 64 93 48 15 53 1 43 1 2 132 70 353 40 654 61 21 580 1797 139 138 2800 21 57 173 9 17 122 5 4 2 4 12 17 7 11 19 3 556 955 218 362 64 265 105 42 254 1737 2 43 1988 236 59 150 62 97 264 244 19 20 91 73 14 226 182 21 50 4 9 23 90 8
10 1 5 2 2 7 3 4 0 2 1 3 6 15 117 81 33 143 75 85 35 131 58 154 80 22 45 30 93 12 26 0 4 14 4 8 22 13 175 39 436 75 877 5 46 26 58 8323 570 50 1 35 45 90 15 11 46 7 11 9 568 12964 10874 647 960 18 163 38 4957 4896 1502 3 10 5 11 453 1 2 9 23 164 81 97 94 81 72 12 529 468 68 676 754 136 3381 5938 19 0 4 54 38 0 1 1 0 0 2 0 1 0 0 3 2 4 3 13 1 0 26 4 24 13 97 15 0 6 2 5 10 5 8 16 7 1 8 0 5 2 0 14 13 5 12 25 25 11 88 93 6 14 91 6 618 1550 14 34 712 53 3 43 153 6 1 0 1 2 0 32 104 238 24 13 33 3 2 119 115 105 416 588 157 7 17 13 10 362 25 869 461 2390 10 1 2437 514 1 3 0 3 10 8 3
10 0 3 0 3 6 1 6 0 1 0 5 14 54 246 152 105 220 238 206 112 432 120 599 352 61 175 55 189 6 41 3 11 27 27 14 77 65 119 155 292 88 1445 34 117 111 242 1561 147 20 5 7 139 309 26 18 104 16 39 20 2027 10874 31926 9205 9903 22 584 99 9483 2707 482 3 31 33 17 472 4 0 13 1 30 5 246 266 253 197 38 76 179 64 1986 101 42 669 5847 20 0 9 269 68 0 1 0 0 1 0 0 1 1 1 0 4 23 9 33 2 0 42 8 35 33 214 60 3 5 2 4 9 7 13 20 10 5 18 0 5 3 2 41 30 12 28 43 12 5 109 161 2 20 243 7 79 253 3 10 190 0 0 6 8 4 4 1 3 4 2 83 151 98 26 9 41 7 2 136 248 4 48 543 120 10 36 23 8 160 22 39 58 159 4 2 434 85 1 5 2 4 3 4 2
9 1 1 1 6 6 1 3 0 0 0 8 42 615 460 355 130 1604 376 203 44 243 54 1099 444 37 2589 2118 376 13 81 4 19 79 253 122 200 96 399 320 297 83 6878 23 8 1191 757 83 16 2 0 2 215 467 38 18 224 32 236 110 1226 647 9205 5813 4048 77 1028 333 1154 328 39 4 27 68 50 41 6 3 12 0 2 0 290 346 162 229 77 5 23 9 455 28 6 118 1072 30 4 14 413 191 0 1 0 0 4 1 0 0 0 0 0 1 16 47 340 5 0 124 13 565 79 644 76 4 4 11 3 26 3 97 10 3 6 38 0 20 4 6 77 71 369 41 132 2 13 37 46 91 50 1285 7 6 16 0 0 5 0 0 0 0 0 3 1 2 6 7 153 69 8 66 5 27 8 2 10 158 0 1 97 11 15 51 86 8 7 21 2 3 6 6 6 22 11 3 3 0 3 2 9 2
31 4 6 0 20 5 4 2 0 1 0 13 63 473 832 264 182 671 296 209 59 178 34 354 330 22 1423 2658 861 29 221 4 37 167 238 131 270 87 2535 203 590 240 1585 27 18 831 1015 270 40 7 10 8 351 793 57 26 598 70 426 143 614 960 9903 4048 8156 78 2031 741 11164 419 100 2 33 59 71 42 4 4 10 2 16 1 457 511 217 317 107 26 45 7 351 85 28 99 772 52 7 44 525 454 1 3 1 0 1 1 0 8 0 2 2 8 23 68 534 12 10 107 22 535 98 649 106 8 9 3 12 54 13 110 40 21 13 56 0 36 12 1 108 78 604 46 435 14 21 149 425 128 81 2945 10 14 51 5 4 27 0 1 1 0 5 18 3 9 11 6 578 327 47 124 30 106 50 19 58 790 2 11 630 58 21 81 78 30 59 73 9 6 23 17 3 85 47 9 16 2 8 4 33 2
1 0 0 0 0 0 0 0 38 2 0 2 3005 2 3 7 3 136 340 11 1 4 2 65 4 0 8 18 2 0 2 3 10 1 0 0 3 69 48 1 78 15 59 545 4155 1898 4 23 19 1988 13 204 4 3 1 1 2 0 1 0 213 18 22 77 78 2967 3 1 62 7 2 185 174 1211 5 55 1244 1103 587 525 46 1029 3 3 3 1 2 289 116 441 1998 10 2 1 29 3 305 12 2 3 1 1 0 1 2 0 0 6 0 2 1 2 1 11 407 4 0 21 2 130 13 105 0 0 1 2 1 30 2 40 14 4 4 16 0 4 0 0 25 6 62 2 55 12 5 133 425 141 45 819 0 20 62 4 5 53 51 7 12 17 1 2 0 0 3 0 60 147 31 1629 5 22 8 4 54 130 13 13 625 69 16 29 34 4 60 50 7 30 60 3 2 109 59 3 16 2 0 1 5 0
354 50 73 37 509 241 34 81 11 11 14 373 5 352 318 66 59 65 46 22 49 169 57 629 1918 137 1244 557 3672 1553 3022 71 274 41 385 55 60 54 352 779 216 55 480 4 2 78 2509 49 14 1 6 3 1149 7107 112 28 8580 75 77 29 135 163 584 1028 2031 3 7524 1102 681 106 22 69 76 18 1459 23 10 0 9 0 3 0 829 2951 160 5100 3239 11 5 2 100 16 9 34 188 1240 26 65 2687 3778 6 0 11 11 0 19 0 4 6 8 6 22 2 7 19 1 0 14 1 29 18 72 12 6 3 1 1 2 3 8 2 0 7 67 0 8 1 0 47 43 17 13 14 2 10 6 23 5 10 56 5 1 3 1 0 1 0 0 0 0 8 1 1 1 4 1 21 23 6 4 3 7 2 0 2 32 0 2 39 7 55 56 22 1 6 28 1 0 4 1 5 9 5 0 5 1 5 7 0 1
14 1 8 4 16 11 2 5 1 2 1 13 1 535 384 36 77 22 24 11 393 330 243 238 815 23 527 543 356 21 196 81 765 5377 463 175 628 670 407 312 358 21 140 2 2 15 2277 21 11 0 9 6 198 374 63 58 410 6743 917 1111 33 38 99 333 741 1 1102 3569 435 23 14 9 222 124 1844 10 29 0 33 0 20 0 414 307 356 331 1020 12 2 1 21 44 12 6 34 39 8 10 798 603 7 1 3 3 6 11 3 8 9 4 7 35 0 3 7 0 7 12 4 15 76 63 24 41 22 8 16 2 1 3 3 1 10 559 1 243 0 1 428 371 5 43 4 9 78 3 3 4 14 27 13 1 4 4 0 3 1 6 0 0 11 6 1 2 15 0 8 10 4 3 13 7 0 2 1 9 5 2 14 1 162 402 88 4 4 129 1 2 1 11 19 6 3 2 19 6 42 21 0 3
25 4 2 1 9 6 4 0 2 1 1 21 15 232 1154 597 70 863 98 123 30 99 55 287 109 13 237 811 445 31 200 6 39 106 89 51 261 26 4798 77 1007 457 2412 18 87 158 289 9591 282 81 11 13 149 243 29 19 333 91 319 111 13546 4957 9483 1154 11164 62 681 435 14207 1448 1585 5 26 16 109 5558 4 1 6 3 171 9 198 158 103 81 34 347 700 53 1812 169 125 291 1851 97 2 32 152 299 1 7 0 1 3 2 0 20 1 1 2 11 12 22 314 22 4 90 15 185 45 310 57 4 13 12 19 48 6 78 129 68 29 36 0 27 7 2 71 32 279 17 507 61 25 770 1551 67 116 2417 5 151 639 17 32 633 7 5 4 30 21 28 5 29 30 3 658 1123 481 198 87 312 92 31 683 1969 17 168 3290 566 33 92 53 62 649 160 51 113 280 60 12 945 381 20 37 4 8 22 78 7
40 6 13 8 16 18 10 21 0 7 2 23 3 20 75 69 25 48 59 49 36 124 35 103 91 23 31 20 38 25 28 5 11 7 8 6 23 10 72 25 391 53 395 4 25 23 39 840 201 30 38 72 33 52 65 25 19 7 12 5 232 4896 2707 328 419 7 106 23 1448 8961 1939 7 10 9 22 161 2 1 2 111 406 117 155 69 78 44 16 617 267 37 281 983 4674 3226 1769 21 6 8 72 16 2 0 1 0 0 2 1 4 1 2 1 4 7 3 5 1 0 10 5 12 5 52 7 1 3 0 6 1 2 3 5 1 1 10 0 5 0 1 9 3 9 1 11 13 10 42 29 0 11 41 3 294 558 16 16 261 182 46 156 433 3 0 1 1 1 1 12 36 77 11 1 8 2 1 49 43 237 434 237 70 10 13 9 4 116 31 766 241 1566 6 2 873 289 2 6 1 0 3 4 1
71 8 16 8 15 22 7 15 0 5 2 25 7 7 43 38 5 105 9 16 5 15 15 8 6 3 9 19 18 16 24 6 18 6 2 6 17 5 150 10 449 19 87 1 22 7 11 5855 160 23 18 84 12 9 65 21 7 7 13 3 572 1502 482 39 100 2 22 14 1585 1939 5275 5 5 4 21 529 3 0 0 105 3511 149 123 15 7 5 10 888 836 41 431 1142 1406 1125 166 29 3 4 14 16 1 0 2 2 0 3 0 2 2 0 2 2 2 0 2 0 0 3 0 7 0 8 2 1 0 1 1 5 0 0 5 4 0 12 0 3 0 0 3 4 1 3 7 8 7 28 37 2 5 36 0 331 507 12 11 141 203 49 193 584 2 1 1 0 1 0 10 25 33 15 4 12 3 0 38 32 315 658 143 42 16 10 16 0 67 22 1078 195 1881 1 0 530 283 2 4 1 0 0 2 0
