17.7398234056647 20.5385369118845 23.037776175455 29.9512970069428 50.1985010637524 45.3238243309292 22.8442621953862 24.4742868430801 56.9409503452669 36.4274851482894 73.6965542497306 58.6666961683619 147.123336791992 137.792991002401 124.201969691685 134.512758890788 144.313810868697 169.45662689209 157.040824127197 123.223101298014 116.978741963704 134.310169893153 131.269138336182 175.109094892229 142.955362018786 145.903089523315 176.351557192595 130.666745112492 24.2956084876416 27.9008303620482 56.1789362792375 57.5751154222561 81.066962298225 145.065967906605 120.024053573608 81.1073577880859 98.9357452392578 112.80408296131 153.885832892524 164.334631178114 90.4630292256673 135.420237223307 176.700636121962 0 200.205718994141 154.33226776123 148.721809633317 180.150117662218 136.284053004065 185.38060760498 136.128019820812 153.479198604435 99.640723182736 79.209507721581 107.372733350706 105.037795225779 59.0704312120747 74.5906732437458 166.823287963867 211.649261474609 169.242612202962 191.37884979248 202.226135253906 176.033963521322 176.939248361895 111.949584960938 94.4465846907621 163.145610809326 159.158785705566 171.594299316406 164.327897407639 91.7982788386307 117.115763944738 90.8363291422526 97.7695578887683 175.605358547635 87.8194164699978 0 108.421253370202 174.099365234375 173.098241238981 172.578205108643 111.514023296997 100.425979078486 105.931275758199 108.274729955764 135.472830867767 178.275312635634 186.911281108856 173.872787475586 157.744648900525 139.306739873664 158.592776694493 161.922144317627 168.096426391602 66.0451478219247 81.8930124236316 53.3258530697158 119.724807456688 71.0905783122481 167.286630705586 173.801058959961 161.666391994642 163.22041228788 156.732610914442 159.451604699258 162.729373363738 144.408406802586 151.380329171816 133.371687002517 142.350727308665 156.801342734129 0 0 0 0 0 0 0 220.242698669434 163.257308959961 196.70768737793 143.957183837891 168.147174072266 240.307434082031 0 0 0 0 183.883834838867 169.402821467473 0 150.85132598877 158.282252502441 0 142.078818427192 211.074501037598 0 165.834604899089 193.843748092651 185.53035736084 172.192682902018 0 177.029890696208 177.016728502639 0 0 151.586990356445 0 196.918360392253 0 230.582138061523 233.627883911133 206.093790690104 229.215942382812 0 222.628204345703 214.258747645787 235.790054321289 231.160040283203 204.61020002694 197.472192764282 166.938133239746 192.4702996148 127.867224121094 0 0 0 0 164.838714599609 195.379864501953 169.805988658558 0 0 0 0 231.26830291748 211.814968109131 216.795351664225 0 143.212543265529 154.503918057396 146.280715942383 0 0 124.402160212679 196.309985351562 172.478416442871 225.65482711792 190.220809936523 202.21261920351 214.853993733724 238.142475128174 171.473052978516 112.123805091495 176.344296319144 184.360163813052 164.59305027553 0 220.747268676758
20.5385369118845 11.5628416822237 22.9715788808134 16.2585599394325 20.9852843188114 33.9514666888291 66.8414051171505 67.453499258381 89.6935821533203 66.6580208937327 113.476729498969 49.9396101177248 0 0 0 214.0068359375 0 0 233.396667480469 0 107.197756449382 156.63311513265 0 161.034423828125 190.89136505127 0 0 0 79.9536971137637 24.8759903078062 46.5172595977783 74.350959777832 105.245789023007 165.581695556641 0 0 0 202.55037689209 0 176.708221435547 88.882356583126 0 173.342727661133 0 0 173.877182006836 0 174.692939758301 147.10349709647 0 138.019651239569 161.112297644982 117.763407118777 101.053508381267 122.197646617889 109.084168570382 72.4488594055176 234.469436645508 0 0 0 229.97314453125 0 213.72526550293 165.529495239258 0 92.8099714660645 168.63932800293 203.365139007568 172.925626118978 168.752210617065 125.536817697378 151.664775085449 74.0896133422852 128.121890068054 0 98.4876073201497 0 0 0 178.416814168294 0 119.12701592767 103.837865656072 105.261164945715 111.06097056071 154.380676269531 173.594180636936 236.609008789062 0 197.419311523438 143.200739155645 164.200728280204 173.548421859741 162.39079284668 81.8275906135296 77.3631164073944 90.9423017314836 98.5507634480794 128.651458740234 165.225645379706 182.173585679796 163.607246597953 162.715422724334 155.01744333903 156.699775858513 171.205180168152 143.438956411261 155.747927223764 134.918751708984 139.744191325795 154.681991835043 0 0 168.751129150391 0 0 0 0 0 0 0 0 212.42301940918 186.933174133301 0 0 0 0 0 177.307760238647 239.453689575195 136.81307220459 147.073015810838 0 220.155578613281 0 0 0 149.588241577148 0 224.795150756836 247.64338684082 185.582414627075 163.569240794462 0 0 0 0 193.116897583008 0 0 0 197.247899373372 0 0 0 214.242527553013 0 0 196.893149375916 187.000750950405 203.619770050049 186.400922775269 128.749633789062 0 0 0 0 0 184.692442052505 165.598861694336 0 0 0 239.802352905273 233.818023681641 0 0 0 137.867694776885 153.713747151693 90.312681833903 0 0 110.523217652973 0 168.743225097656 0 180.224909464518 194.020352608817 0 232.348693847656 0 109.816853114537 161.590098063151 178.250147501628 178.753750610352 0 173.793716430664
23.037776175455 22.9715788808134 12.6627375354814 15.7206811467065 94.0211793114157 30.986114469803 53.4743364741293 31.896015939643 63.5446234062536 25.26726280862 69.1439471889187 21.1856197118759 0 0 0 0 246.733535766602 150.605598449707 0 0 130.928131951226 144.96435546875 154.748397827148 0 151.910165786743 0 202.419464111328 161.576713562012 85.2905777439927 64.2764599084029 126.092950957162 99.9800136566162 129.036126000541 148.420181274414 169.131484985352 0 111.831672668457 171.018173217773 202.49063873291 167.698504638672 92.6532105982103 190.368873596191 184.40270614624 0 171.960083007812 0 163.530410766602 165.943200683594 149.792937058669 0 141.738220487322 157.681647907604 114.238677339932 97.0235699740323 120.091142205631 109.278309144836 132.538638750712 101.019317626953 0 0 203.407689412435 182.715121459961 193.95219930013 168.535949707031 191.138750712077 0 104.374735583998 169.463571548462 205.68074798584 180.073215191181 170.232951164246 122.609284236513 159.938362969293 86.0613459269206 168.839625549316 183.504776000977 61.0823917388916 0 136.964069366455 0 178.098526000977 165.374450683594 118.990263679229 105.351203581246 109.279505055745 107.455821990967 165.292274475098 178.369157057542 186.201840209961 0 203.813238525391 142.434515934364 164.914948504904 170.20072479248 166.776950073242 145.182692633735 68.6086974052086 80.0879270064173 132.213225046794 151.456045532227 166.322010466031 171.953274813565 145.520105479469 163.252846467842 159.249304877387 156.306803138039 168.793671918719 143.614348718676 101.962629360079 129.451950748078 138.479382490911 155.110491887133 0 0 0 0 0 233.020812988281 0 196.217987060547 0 0 0 187.491806030273 155.46369934082 0 0 0 0 0 167.369873046875 193.168045043945 137.856882095337 149.699365650524 0 218.037208557129 0 0 165.622548421224 217.851165771484 0 0 0 182.814243134998 165.359886052058 0 0 0 0 0 0 0 0 202.546074607156 0 0 208.630294799805 220.017129898071 0 234.077774047852 201.47743342473 199.408361098346 197.365676879883 176.964368184408 129.785430908203 0 0 0 0 206.04069519043 185.496558650847 169.637303227964 220.328109741211 0 0 0 231.773315429688 0 195.603454589844 0 138.726892156186 135.94312321056 109.891372680664 0 0 102.92202151719 211.87934366862 0 215.920234680176 183.179627638597 197.606493377686 210.301109313965 235.588291168213 222.34098815918 105.570581382964 160.610321214464 175.709651947021 150.55786410245 0 196.575592041016
29.9512970069428 16.2585599394325 15.7206811467065 10.2240601522869 18.2110802082704 20.6326681258819 74.6489614538244 55.0281302056661 73.7730737129847 56.1595258556428 77.7727258205414 31.1695011459102 141.493698120117 0 208.892387390137 0 0 0 0 0 104.578568776449 108.062978744507 0 181.123062133789 148.690410614014 151.584671020508 209.427780151367 0 80.7074785232544 35.0473429256372 28.8382297528757 89.9370547207919 111.196313858032 185.823257446289 0 0 0 138.737014770508 0 175.56591796875 89.2338440711566 148.389175415039 193.937316894531 0 152.227066040039 0 147.39134979248 164.897476196289 139.184896681044 211.492828369141 140.76895904541 147.690030839708 121.820682803067 100.345890942742 122.799873352051 104.258276258196 61.8318032484788 139.067649841309 0 0 211.800013224284 162.026351928711 0 177.544448852539 0 0 93.2940306792388 161.838024139404 156.211654663086 168.292518615723 164.909496307373 104.719519933065 151.829212188721 70.7147600510541 119.549958229065 172.265762329102 72.6941130501883 0 149.118681335449 0 174.436552937826 0 121.609614069062 104.579830199249 103.787625594878 87.6453488667806 175.953867594401 178.395425796509 166.539909362793 0 193.416511535645 146.550113851374 167.501909637451 158.685465494792 168.299718221029 72.2059131622314 69.6118529832282 85.9370063255573 111.511166890462 170.008270263672 163.666942964351 163.875428771973 160.739248816276 161.65330335829 157.517420959473 154.147084643311 169.256837959749 144.473199051418 151.842672104132 131.192133771695 136.779129836139 151.238198897155 0 245.259857177734 0 0 0 0 0 0 0 174.273193359375 0 158.362706502279 189.697299194336 0 0 0 0 219.226928710938 164.055635305551 245.90055847168 148.02344825051 141.776689826118 0 144.987844848633 0 0 167.000574747721 148.498153686523 0 0 0 183.319768996466 164.718450604063 0 0 0 0 244.660171508789 0 0 0 192.061577933175 218.188537597656 0 0 213.406979878743 0 239.609046936035 201.042420485924 195.072131886202 170.894390869141 185.041976928711 132.771156311035 0 0 0 0 142.155380249023 188.934562223503 162.968643851902 224.218505859375 0 0 190.960098266602 227.043124112216 0 0 0 134.667471175226 138.89729309082 96.696647644043 197.09001159668 0 102.021063571506 183.705144246419 175.272750854492 212.781127929688 170.584975106376 192.649550929214 0 234.793701171875 221.744148254395 108.273564124594 160.759796707718 176.571405707465 146.822937011719 0 174.047912597656
50.1985010637524 20.9852843188114 94.0211793114157 18.2110802082704 16.1865317568816 28.1654653093418 59.3926635617795 92.296212542188 76.6572634887695 97.4282986676251 92.7457975240854 48.8729562423394 137.453659057617 78.7663803100586 142.36589050293 133.743827819824 62.0128059387207 76.751091003418 136.349151611328 0 82.1767278577461 99.5701696395874 93.8339080810547 163.472605024065 119.663401126862 0 140.769487380981 139.95329284668 64.2808511641441 32.0917469649016 17.4896248253495 30.6121397267651 60.0002960854388 108.099864959717 0 65.6648941040039 84.2370821634928 91.4052734375 99.3016115824382 155.855429649353 76.3474671833717 106.893997192383 177.787147521973 0 190.546440124512 102.505294799805 122.19453125 157.00821685791 123.827613830566 186.022048950195 127.982595825195 151.748480660575 107.743121165546 84.3870582481483 111.455348312475 95.5146284885094 41.6081298959129 39.35155717338 103.308071136475 0 154.532768249512 196.353218078613 184.824066162109 170.602186838786 144.666339874268 0 73.3924541660751 129.035810947418 139.156251695421 164.436860084534 160.457968139648 74.1850843931499 81.3759510040283 71.1627883911133 88.254591580095 155.206321716309 85.4583314259847 65.696662902832 108.756561279297 147.209686279297 164.089776400862 0 108.284507545464 93.1741413893523 93.0844357250301 82.7398848698057 107.320650394146 170.240875244141 166.469947814941 0 159.480988057454 136.284102449712 153.945337259545 162.48193359375 173.048029972957 33.903531619828 72.4404951095581 71.3657184029949 69.5500566391718 42.1425185455433 160.954352923802 179.36054120745 155.148705250508 157.088647270203 147.869773864746 151.462210800688 157.185225350516 145.838968778911 151.524373766402 133.229843378067 131.816147835024 146.206141953616 0 0 0 0 0 189.670631408691 0 215.149032592773 187.987319946289 0 0 167.651786804199 213.998718261719 0 0 177.771759033203 0 0 165.923297119141 0 131.947376251221 142.880458305622 0 141.430191040039 0 0 194.691478184291 194.130574544271 0 240.435607910156 0 170.685733371311 166.207741146996 0 199.601127624512 0 183.04670715332 195.969494628906 0 0 0 203.480430603027 229.861572265625 0 0 211.34944152832 0 192.473037719727 189.984907023112 168.790126037598 0 164.292363484701 118.248691558838 0 165.636352539062 0 0 204.305252075195 176.104039159314 195.936904907227 0 0 0 0 0 216.395545959473 237.317733764648 201.194702148438 133.39138684954 145.32794380188 121.956730312771 0 0 113.200439453125 186.869506835938 185.793075561523 221.689353942871 166.400438308716 189.765979766846 192.200454711914 0 0 103.00848964769 168.768392562866 170.614653778076 135.185852050781 0 0
45.3238243309292 33.9514666888291 30.986114469803 20.6326681258819 28.1654653093418 15.5287479246894 61.5086955754988 79.2356958495246 72.3724158902474 32.0441043023225 84.1505066490173 24.574136611099 126.037895202637 0 160.68430519104 148.596405029297 142.032928466797 172.780281066895 175.960710144043 0 86.7578104535739 102.244145320012 105.521662394206 202.522249857585 108.9078668665 144.568684895833 171.874226656827 175.97417755127 74.1085863899399 43.621056968155 36.0661853258433 18.7230603106228 40.3166389734376 186.160510253906 128.11510848999 0 143.495620727539 180.966197967529 140.554588317871 168.287803649902 82.3949752165892 136.373580932617 185.600904676649 0 204.484512329102 192.747863769531 149.820204514724 156.505740356445 144.168616158622 0 143.978540420532 160.703406439887 116.526361710639 94.3676248883958 120.666916355942 104.040858240185 48.1650567140408 29.6241572371915 159.927467346191 0 191.573873901367 178.615421840123 203.645294189453 182.419445037842 196.347622680664 0 88.8053270078794 145.891656355424 164.46891784668 172.144020928277 162.37400263006 65.0521870681218 96.7355535755987 71.5526216441187 135.950240596648 169.693828582764 72.2884165111341 108.757217407227 137.816660228528 180.474151611328 177.939406655051 170.489440917969 117.942652897464 101.493796341179 101.035221853817 92.3302746648374 147.276657581329 180.419220842634 182.71393737793 170.159240722656 189.150253295898 139.712281433105 163.718852820763 163.849179436179 181.264037392356 28.9028560413557 62.2366314855886 77.9832391714501 101.597178208201 107.024892736364 164.049215907999 170.845837402344 157.813384739982 158.186449044116 155.3323298863 150.694696587102 162.838298432723 140.999685923258 144.318627196034 124.322608580072 133.490659499991 147.314480346851 0 176.874008178711 224.41862487793 0 0 0 0 169.086029052734 0 167.753723144531 200.770858764648 170.313892841339 182.0037109375 0 0 168.131454467773 0 0 158.412198330494 158.034027099609 138.310593807336 138.241209840121 0 149.211560821533 0 0 184.115898132324 143.75106048584 0 166.510307312012 0 187.057973688299 158.23577049597 0 151.108978271484 0 0 208.822926839193 0 213.534759521484 0 198.79656829834 225.487045288086 221.960891723633 212.695200602214 209.362789154053 0 235.889236450195 195.478414887363 186.973748911982 182.741354878743 176.676922884854 137.142977396647 0 0 0 0 0 181.707124010264 161.925115651098 210.012084960938 0 193.447158813477 231.433448791504 218.638276163737 245.066757202148 0 195.193222045898 131.058181212002 134.666936120322 97.3015217028166 231.367340087891 0 99.2984421079522 191.261075337728 182.431022644043 209.274505615234 179.248275191696 191.10648215354 197.917610168457 224.007787704468 210.425257364909 103.699307141646 174.837129732458 181.505215711997 159.831220899309 243.08171081543 150.681015014648
22.8442621953862 66.8414051171505 53.4743364741293 74.6489614538244 59.3926635617795 61.5086955754988 9.74109989016284 23.7050899134901 15.9708801123831 33.7849412287374 52.1113907004302 66.848161914948 0 183.29020690918 123.56597328186 0 0 191.118217468262 111.717025756836 96.760311126709 125.80464630127 98.2947311401367 0 179.917630513509 137.99592590332 149.715866088867 165.574666341146 169.419998168945 21.7464841662043 37.4769355516782 58.1279366551613 61.8634817490884 73.7374659946987 95.2237243652344 99.6704406738281 0 0 118.459761047363 128.522281646729 144.37766011556 82.9194794336955 131.330635070801 0 94.1070556640625 0 120.587425231934 130.2223777771 135.066314697266 111.383255004883 0 117.857988266718 128.660241560502 75.5201548440554 56.0990632583048 80.558982734823 88.414750472359 64.5122091929118 60.1360639572144 0 0 139.096923828125 140.525065104167 196.882751464844 138.309051513672 171.682582855225 0 83.1950207878562 121.86735534668 143.199016571045 161.099337005615 144.10169001988 89.6674198695592 94.614677810669 91.9272323608398 86.6985419137137 0 57.9515136269962 0 99.179407119751 161.974613189697 146.154220581055 0 88.3520796835959 85.4294614938589 111.976523263114 84.6034004211426 150.488956451416 158.578457641602 151.920478820801 138.244659423828 140.742017110189 112.06319003635 132.582816653781 142.715972900391 191.478319803874 67.3723112645775 53.2020564773708 25.7228250236229 144.156328837077 70.7114663441976 156.321572875977 161.728912353516 149.814833207564 144.461985270182 155.254241943359 142.226292224641 151.890513102214 105.548260280064 132.974162854646 106.44917755127 121.005668640137 148.019635009766 0 166.227096557617 0 0 0 0 0 176.77131652832 0 149.610153198242 0 151.806060791016 134.810623168945 0 245.590545654297 0 0 0 169.043067932129 0 185.565269470215 152.728324042426 0 0 0 0 0 110.655136108398 0 0 0 172.99104309082 190.165817260742 0 0 0 0 0 0 0 210.448608398438 236.788177490234 0 0 0 208.415710449219 0 212.758636474609 197.376087188721 0 179.748538970947 0 169.450775146484 0 0 205.345230102539 0 0 168.402503967285 0 0 0 229.375534057617 0 0 0 0 0 149.437254961799 139.448207092285 115.13419342041 0 0 120.45133638382 155.323089599609 0 0 0 234.432929992676 0 0 0 111.375921885173 161.950214385986 226.515686035156 125.073585510254 0 0
24.4742868430801 67.453499258381 31.896015939643 55.0281302056661 92.296212542188 79.2356958495246 23.7050899134901 14.790020084144 17.7653706568324 22.7594211238472 39.8382229310537 44.0993174904826 105.13208770752 188.556312561035 170.141960144043 0 0 0 209.065971374512 0 136.285768508911 166.946660359701 0 182.545171101888 165.122161865234 123.802284240723 179.133716583252 185.804534912109 77.2615416288376 52.3466441595426 102.139471934392 87.2119127001081 108.429814087717 89.7436599731445 0 0 0 0 0 190.320526123047 88.2976841646082 146.611282348633 193.205980936686 0 135.054191589355 161.890838623047 160.13627166748 168.239507039388 154.563875470843 144.872169494629 124.254458659404 146.653952421965 95.6126249129312 77.4905764464889 100.410325302415 95.3924855646097 93.5621906627308 107.156299046108 0 0 137.281112670898 179.092506408691 193.902099609375 187.501658121745 208.825614929199 0 96.0336098847566 151.698413085937 0 165.551398141044 161.042473347982 93.30474988152 141.81925868988 93.3307609558105 167.907438490126 221.850677490234 46.8343738035722 0 105.05283610026 147.1311378479 166.542321777344 159.759613037109 105.304557295407 95.1066519742632 103.179656429567 114.297168186733 162.377873102824 175.820071265811 175.31701965332 177.68669128418 180.611282348633 136.570740811965 154.864067998426 162.537488151999 163.416241963704 104.718808510724 44.8735522977487 40.9729873348269 140.156617300851 111.505282233743 149.108133707961 157.256894429525 152.501732230186 153.266560024685 149.580307006836 151.98486258344 151.292399512397 116.0874774767 133.838960699133 117.839815227802 137.902308146159 149.565816334316 0 232.56494140625 0 0 129.808410644531 0 0 0 0 0 0 0 237.768035888672 0 0 0 206.139404296875 0 186.193808419364 0 141.750785827637 176.067398919 0 144.5841700236 0 0 175.141393025716 148.37372080485 0 0 0 0 159.885607038225 0 0 207.748718261719 0 179.961486816406 125.380088806152 0 0 188.183181762695 0 0 227.183540344238 0 0 248.35530090332 201.833343505859 182.167053222656 134.201271057129 140.723325093587 0 0 0 0 0 0 207.164897918701 172.286304473877 0 0 212.173141479492 0 0 0 0 0 154.42582824707 195.22989654541 86.8677574157715 0 0 119.36313421076 173.71240234375 167.967460632324 208.079689025879 198.321924845378 205.775142669678 201.534484863281 0 0 98.3509349822998 146.323398590088 207.128913879395 194.722427368164 0 232.810455322266
56.9409503452669 89.6935821533203 63.5446234062536 73.7730737129847 76.6572634887695 72.3724158902474 15.9708801123831 17.7653706568324 8.96056913916086 20.4866711947147 49.7868791427055 67.3817328055751 84.7120594978333 217.711502075195 119.772911071777 165.809844970703 0 128.558258056641 137.16010538737 0 118.310395050049 97.5650160653251 68.1613883972168 154.114116668701 80.3377799987793 211.774490356445 158.901824951172 0 93.7483175177323 72.1542873717191 85.8076271644005 51.3366600198949 64.4451333704129 46.9267717997233 0 0 0 133.143581390381 0 0 101.891906591562 0 117.97819519043 110.895441691081 90.4477637085733 107.270001411438 78.3279838562012 0 169.353218078613 103.615074588406 125.05419921875 145.582874073702 60.2372416503376 71.3934576416016 81.9432084010198 101.250132242839 108.462799072266 57.1281318664551 0 0 98.4830559624566 0 0 0 0 76.7048369959781 113.180633544922 70.2563018798828 132.057830810547 0 0 55.0044711197809 70.0445555609626 44.4599512552811 66.6582775115967 154.060048421224 40.8412425882034 58.1191790262858 65.8841495148524 130.241891098022 150.359603881836 116.730999296745 112.474771810132 119.781281691331 129.629960695902 89.0797653198242 0 130.474808746914 139.936317892636 114.625986245962 108.364777530532 137.042984008789 166.541658673968 167.757034301758 180.450050354004 79.7030503556535 22.1512805219718 25.9906618306313 108.22366587321 111.587871551514 138.16050084432 180.505874633789 149.154754093715 155.13916015625 0 139.227204975329 0 103.98433303833 115.266343434652 118.750108892267 119.745961507161 157.962878635951 0 0 0 0 0 0 0 0 0 0 206.361053466797 121.17707824707 0 0 0 0 0 0 0 0 149.891952514648 148.308633931478 0 0 0 0 148.683703104655 205.537033081055 113.041145324707 0 141.567993164062 0 174.254323323568 0 0 0 0 139.370865715875 0 0 195.160797119141 0 0 0 186.124342176649 0 194.549797058105 200.164962768555 210.981056213379 186.059288024902 99.5061874389648 144.135131835938 0 0 143.952198028564 178.40474155971 0 101.379735946655 199.309303283691 159.115772247314 0 0 170.292129516602 129.678651809692 212.461776733398 189.652252197266 161.460493469238 0 140.167098999023 145.640277099609 110.032600402832 0 196.925247192383 141.766717529297 175.269187927246 142.501739501953 219.403350830078 163.342788696289 179.188486735026 196.631067911784 0 0 106.923781924778 187.930366516113 201.174682617188 0 0 0
36.4274851482894 66.6580208937327 25.26726280862 56.1595258556428 97.4282986676251 32.0441043023225 33.7849412287374 22.7594211238472 20.4866711947147 11.51868523349 16.7870815252153 23.4390084313427 0 0 0 0 0 0 247.908279418945 0 95.1082935333252 150.059684753418 189.436340332031 176.463506062826 158.476314544678 0 169.177149454753 0 74.8345560247248 78.4059567814551 93.6966922283173 50.2917676155384 74.7434670039586 177.448699951172 203.495544433594 0 0 0 0 158.839752197266 99.2289334810697 0 151.949783325195 0 142.998514175415 234.929809570312 169.815561930339 123.948890686035 133.360669453939 171.38272857666 127.346982138497 149.11742477417 92.067349389942 75.1984620716261 98.8432938241717 92.8207882967862 84.5182594299316 118.908106486003 0 0 117.721298217773 169.628395080566 163.794479370117 0 179.899520874023 108.814823150635 112.005329478871 201.326713562012 246.296997070312 158.930487496512 154.058120727539 61.7438177728349 108.655368804932 63.9227340698242 126.273755391439 173.049133300781 19.9751740079197 0 91.9156191208783 156.255081176758 167.845559256417 156.612533569336 105.375593685713 100.365001961037 107.413310015643 109.020840962728 148.186103820801 173.141387939453 174.379684448242 172.479049682617 150.098866780599 126.885025230614 152.984074241237 160.307092285156 163.646255493164 98.8439116567936 18.9596366709079 41.6463270471586 132.912506103516 114.074322170681 131.274051085213 131.662554931641 132.046838088073 130.186798701211 187.051666259766 127.236743074475 129.666849567044 103.51130625632 118.250847051658 96.6523486680251 107.86933605091 127.945224662232 0 211.0185546875 0 0 0 0 0 0 94.364875793457 0 0 129.503871917725 202.582664489746 0 0 0 0 0 148.040009392632 0 135.245121002197 135.185707346598 0 188.53736114502 0 0 121.829188028971 0 0 0 0 160.608051845006 161.016987193714 0 0 0 0 0 0 0 0 0 0 0 0 212.864486694336 159.817916870117 0 195.731633867536 177.350227355957 165.795297622681 161.492774009705 125.761619567871 0 204.547424316406 0 0 0 188.210950978597 156.240158081055 0 0 244.392868041992 0 223.536239624023 196.256011962891 161.713386535645 0 113.723773108588 123.012050083705 71.683464050293 0 0 92.6039040156773 165.532925923665 123.520083109538 195.816612243652 177.547870635986 187.107525053478 0 0 0 68.8370108089537 127.769310260641 151.156860351562 0 0 0
73.6965542497306 113.476729498969 69.1439471889187 77.7727258205414 92.7457975240854 84.1505066490173 52.1113907004302 39.8382229310537 49.7868791427055 16.7870815252153 7.20303933180446 18.5572714123856 97.7494201660156 0 0 0 0 160.515563964844 0 0 81.0028529533973 86.2094735039605 45.8086204528809 192.298233032227 173.305801391602 0 147.463344573975 0 107.141347099753 85.9601196289063 108.163543925566 19.974761639081 50.648668480985 0 0 0 50.4697799682617 107.547859191895 108.584444681803 0 90.5571807058234 0 0 96.2024307250977 0 104.632464090983 0 134.904769897461 0 0 131.105104064941 148.075 108.268220814352 96.3463545663016 117.440788879395 104.255325317383 99.235466003418 39.5657341003418 0 0 0 161.924438476562 0 0 0 0 96.9279172079904 162.488967895508 126.949653625488 194.879013061523 166.870635986328 42.9767487187412 74.4012449645996 56.3927786690848 139.696365356445 152.159774780273 12.1346118438047 57.6142997741699 65.5157518386841 0 166.458399454753 0 117.662583277776 106.399731530084 102.755807028876 108.035742441813 130.610912322998 175.427810668945 0 0 118.668754577637 136.527761186872 162.021471659342 154.749862670898 201.733665466309 87.8484929402669 18.2749075021066 64.4207078626939 80.1906585693359 113.289569854736 146.673091215246 164.096084594727 141.676109553318 140.098375752024 0 135.524309418892 146.526226630578 119.154833918032 132.047084249509 106.170340147661 117.524030897352 133.43463434309 178.85368347168 0 0 0 0 194.82585144043 0 0 0 148.856719970703 0 170.705518722534 0 0 0 0 216.543899536133 0 148.128291538783 0 118.697729928153 123.402071456909 0 113.179022047255 0 0 173.839813232422 156.309833526611 241.321014404297 0 0 208.282318115234 158.879937489827 0 0 0 0 143.855804443359 0 217.280899047852 0 165.847549438477 0 0 236.589324951172 188.894373575846 0 0 181.051255402742 176.978524344308 141.454238891602 162.202132225037 127.057085673014 180.111568450928 159.337997436523 0 0 0 167.79185333252 138.135383605957 0 0 0 162.645446777344 204.765426635742 225.987243652344 191.305267333984 0 115.21735554716 118.377462148666 71.5137321472168 0 0 88.9715756007603 174.932846069336 144.7568359375 209.674682617188 162.209854125977 174.030037434896 218.464309692383 211.284828186035 0 84.1076001253995 146.118049034706 164.545698065507 155.604849243164 0 122.48152923584
58.6666961683619 49.9396101177248 21.1856197118759 31.1695011459102 48.8729562423394 24.574136611099 66.848161914948 44.0993174904826 67.3817328055751 23.4390084313427 18.5572714123856 13.4074273891909 86.2826629638672 131.279907226562 97.4985977172852 158.051767349243 88.9852727254232 160.886457443237 116.67485163762 81.4178314208984 90.7049945736478 102.464350183583 92.9535913467407 156.360133002786 117.842694836994 172.731582641602 170.275329589844 109.849263763428 87.9737756407106 59.8696619514527 59.2300425658843 19.4053368268587 31.9999275597116 162.218612670898 161.806597391764 0 101.537570259788 100.048576094887 113.684868205677 175.606364910419 89.9428295358165 153.270822797503 168.319393793742 75.5612487792969 153.932991027832 121.735990047455 147.193887922499 148.093963623047 145.909850692749 194.912704467773 144.573331156085 168.96131254987 121.2551478606 104.25116901346 126.544714606298 110.988403279514 73.7079013577468 88.5941958957248 168.969383239746 145.217468261719 145.011225891113 176.325378417969 197.01604309082 190.795289993286 166.512984055739 134.348064422607 98.7890843245683 153.377752450796 129.222840808687 172.287599646527 175.260404052734 35.5301595762955 104.816805346259 65.1664842458872 111.359213511149 147.321734619141 39.989323821546 102.279846191406 87.8176243989364 195.430440266927 182.892149183485 184.634857177734 125.03451511021 108.10888537089 105.606385826073 91.30053078256 139.445789337158 187.279564751519 182.485553741455 171.839492797852 121.59848557857 143.8164170378 171.693652280827 178.368698120117 174.473298016716 73.6646826408597 54.1303263568731 81.5743465873722 108.782919160612 126.426455603706 161.911673745574 168.115773400595 157.066064983341 157.004686243394 155.45334370931 149.638357663016 162.549323712862 135.784551243723 143.581213655725 124.011808636954 131.987303699312 147.428739571161 198.551956176758 170.808952331543 153.241949462891 0 145.240798950195 178.995613098145 178.627487182617 151.031528049045 200.493743896484 166.332454681396 186.052326747349 166.294862446032 168.369976806641 147.452323913574 205.282356262207 192.787719726562 0 225.802597045898 158.931827011108 163.17497253418 133.131297504201 138.406202014695 0 131.3384253184 0 0 143.268583509657 152.223382568359 168.828801472982 188.458419799805 244.557952880859 176.129887592362 158.576520665921 218.700057983398 158.254638671875 134.093200683594 176.284088134766 194.132972717285 0 234.258916219076 240.241226196289 193.996816174737 219.284591674805 178.17658996582 230.509525844029 209.330502393769 190.261993408203 246.174793243408 196.795311555408 186.990007920699 185.293047391451 181.394776644772 122.533610026042 0 190.013214111328 0 0 0 180.416112768041 160.586545144358 245.513793945312 190.801620483398 229.143753051758 209.944494628906 227.445374100297 230.599075317383 185.754333496094 0 128.31832640165 129.09684367315 84.1218019265395 196.043685913086 242.641845703125 97.267329540702 197.552476671007 173.303646511502 226.002040863037 176.482083595405 191.015166568435 226.323059082031 226.584128379822 135.808238983154 100.334530565104 167.574468311511 174.124097003617 162.740984598796 195.784694671631 164.459518432617
147.123336791992 0 0 141.493698120117 137.453659057617 126.037895202637 0 105.13208770752 84.7120594978333 0 97.7494201660156 86.2826629638672 13.2139890122676 117.670870463053 0 110.01167755127 95.730837504069 25.7043721212758 33.099396423865 70.157049369812 98.9478149414062 112.493604660034 121.550491333008 68.6612315177917 124.582682291667 106.663822174072 80.0375248302113 68.4940710356741 127.233913421631 124.177201080322 86.0148035685221 75.30055809021 76.5614789898476 69.6582361857096 0 73.6010971069336 65.7147817611694 68.0080451267135 52.1847741500191 125.081365585327 78.2471090276191 54.5328667958577 72.9781726996104 27.8791808544013 17.2905261585056 19.9559159795172 89.9333038330078 176.960090637207 83.6502193874783 45.3910943468412 188.866226196289 97.9074401855469 143.763031005859 123.810791015625 0 0 107.206855773926 78.2006864547729 162.357620239258 0 56.9964937127155 104.693251291911 88.0623861040388 57.2716146196638 54.0125240144275 23.7889257530999 132.143963623047 179.404800415039 90.617542775472 147.818552652995 125.912606375558 72.5353704599234 65.4019402170938 32.0932545723607 80.5457614018367 82.7441440582275 53.7981202048359 21.7955591456668 56.7502975855236 78.4788543299625 122.199340820312 61.6432895995023 144.972763061523 0 185.655313110352 0 0 88.5652765386245 76.2685629803201 50.5883852801745 39.5922373256548 109.525407791138 125.568901062012 104.914421081543 97.8743529546828 82.3151174474646 74.8468393354274 95.7753936767578 108.262329101562 124.451240539551 0 159.809997558594 0 149.725952148438 167.083953857422 236.327033996582 0 146.992027282715 0 0 0 160.766075134277 136.957986450195 92.8097359999171 68.0585419691459 84.6682205200195 110.138320922852 90.0533715072943 120.422512054443 79.1248432598283 122.886406580607 92.7062587010041 133.164427757263 150.831802368164 202.891036987305 155.15754699707 0 103.008723506221 133.03840637207 95.0956560516357 158.427088810847 157.659702301025 135.584065028599 140.665431213379 0 135.85981056907 0 0 126.871534636526 130.50510480327 79.0469401839876 142.293175697327 84.9777476358757 120.663548060826 106.004600524902 104.634117658748 64.4026188320584 64.3299928884037 87.8458414264754 80.5015386723995 131.147981643677 134.102590560913 117.777846336365 0 99.3905982971191 99.8462166419396 169.851801554362 109.991943359375 188.804275512695 166.701736450195 226.094924926758 193.345016479492 0 179.810551961263 135.232012939453 0 78.2459287939605 98.5575375844197 102.323505401611 40.2666452681982 166.462814331055 155.323718409384 136.73757240989 148.818496704102 101.08634185791 84.5027857303619 0 139.100926717122 93.0837501960715 96.9632674507473 132.632698440552 117.688182962352 48.3297728253649 127.613241577148 98.492977142334 111.871762183405 116.568943023682 76.7803508758545 140.572269439697 146.387168884277 0 118.157880609686 136.553758833143 142.285509109497 0 0 178.243804931641 160.770946502686 147.054702758789 154.95930480957
137.792991002401 0 0 0 78.7663803100586 0 183.29020690918 188.556312561035 217.711502075195 0 0 131.279907226562 117.670870463053 17.0484979838986 19.1243920921559 45.2472990645164 22.9612874904824 107.383944435725 102.931706911558 59.1498684935517 83.14677129473 83.146849155426 57.6503692159847 64.3733583822107 80.8839018685477 52.2766330832302 42.1894764119207 38.3649806276374 95.4313859428141 100.164034613248 65.9579472454048 69.9164886474609 88.6530972994291 62.2867948675668 21.5068317889417 19.6469006373271 28.8419090544402 91.6645418250042 58.8377100524412 41.3011365959623 73.7429811583625 68.7252768410577 70.691218393886 107.780520629883 108.685089111328 143.558057403564 63.1387404712093 102.487969398499 103.769319707697 0 0 168.633110046387 137.581928888957 110.425447500435 144.153957366943 0 86.7435177106124 54.080252352014 45.4594885531089 28.1877131441103 115.063671343254 121.884087117513 92.1845584445529 62.4682514966019 64.7291016205673 146.537071228027 97.4231322136792 64.7545299565681 78.737100518983 125.294230270386 137.354931422642 149.097229003906 128.917097473145 60.5893535084195 74.8987385142933 102.854373931885 0 0 117.88883972168 183.99919128418 191.945053100586 0 137.93165162739 118.05570077205 115.423909032068 98.925897386339 98.1617213657924 137.116775512695 124.664161682129 0 142.816656748454 155.400804519653 174.186744689941 121.511149088542 99.7592971324921 86.6091942994491 0 102.536288960775 83.3213191223144 67.0000563708219 0 186.319976806641 234.638336181641 0 170.182739257812 195.581497192383 0 115.971084594727 0 0 0 198.838645935059 117.054502614339 110.245433318309 120.336520724826 128.500122070312 104.705347061157 114.270955019219 111.372526986258 125.300525574457 116.798460488791 118.96862656753 112.510166959943 111.161344909668 153.132019042969 108.759191989899 110.335536283605 147.071205647786 118.302448272705 131.554515749909 0 0 0 136.708423498905 0 128.855335235596 115.169798773688 114.531964619954 117.771420037569 120.77483188795 143.688998413086 120.151449122573 138.796231406076 0 123.09643572027 141.300806318011 132.572378540039 115.981703186035 107.922716890828 136.605663183964 120.134981791178 189.970781962077 167.723266601562 164.216094970703 0 160.385070800781 0 0 0 0 204.282989501953 0 0 0 191.388092041016 119.13327442516 161.64635848999 143.598913632906 154.555353800456 161.400444030762 0 0 230.631225585938 175.688850402832 171.824401855469 148.785701751709 0 189.267395019531 175.834462483724 152.40013885498 126.06031036377 118.026277688833 71.3708221117655 127.094957987467 197.68042755127 98.8029756217167 206.175827026367 143.741523742676 180.711811065674 154.115097045898 0 181.387247721354 169.400623321533 0 188.546203613281 0 197.674858093262 117.547271728516 0 164.372258504232
124.201969691685 0 0 208.892387390137 142.36589050293 160.68430519104 123.56597328186 170.141960144043 119.772911071777 0 0 97.4985977172852 0 19.1243920921559 11.4781547059606 22.1064905201685 17.5669903000646 37.2385787972413 76.2288911567544 12.7820431266963 89.9223973083496 88.004982648577 56.2402751993689 75.4932309800928 88.2205091885158 63.1924384125566 47.2564211416956 30.5816375963242 102.228514176094 105.872957690009 68.9516878729468 72.6690470377604 89.5801934136285 65.3288045480949 26.4477622679302 34.0142497836618 39.5530784167495 62.3580535953328 44.8542622600963 60.6834902599359 65.4591367484238 66.2518250173774 84.9100724425497 26.2024262746175 107.647430419922 81.730885442098 75.7392428068988 102.295712567758 81.1860644022624 104.592086791992 140.682172139486 162.899631500244 142.891751078816 118.510168376722 144.642306608312 121.183547973633 92.116124906038 53.535782047576 56.2779391872444 36.2963040858555 69.1064540676954 106.924222114759 90.685620129593 66.4599674307782 64.6929552967732 116.029151916504 101.617119867097 69.4156066477299 69.3416195510785 116.654098409017 117.914435275765 113.784442901611 125.95788860321 60.0920121510824 70.5556225622854 91.0037542555067 149.447151184082 0 159.481586456299 142.738510131836 156.116333007812 0 138.031559630902 123.375095739597 124.333536899451 115.260446929932 86.5704296513608 128.094470024109 129.181800053037 136.43097114563 98.6071759784032 115.407374422315 136.509362792969 121.600642571082 105.751361570496 84.2682357690273 119.586280822754 108.133358192444 94.4753358229151 70.8463923076414 0 174.058242797852 194.03678894043 0 150.703353881836 245.337356567383 0 117.273536682129 0 190.334869384766 0 178.269032796224 114.61846697772 112.772100024753 109.654030221408 115.345565795898 0 111.458939935743 108.303064346313 118.569448602611 116.865490559782 119.036031048114 114.700585246086 117.039400437299 129.315828595843 111.84344651964 114.426656595866 139.081567764282 120.563559759231 127.20737226954 193.123374938965 202.753936767578 157.735176086426 133.017518615723 0 133.058223377575 114.998710632324 120.398648579915 120.141574234259 120.317934106897 110.915071784125 119.849024438858 129.934284210205 0 121.960215075263 146.221555328369 125.524408976237 89.4065871238708 106.755065275493 130.491277980804 123.49092831819 190.433559417725 173.076250712077 0 127.183746337891 144.763702392578 0 193.386337280273 0 215.583435058594 0 230.395965576172 0 0 0 112.83505859375 135.806309868308 148.915120777331 146.562375259399 134.177407264709 169.54530843099 210.455255126953 173.667495727539 0 160.101850237165 132.548334121704 0 191.556339263916 151.407330989838 155.687939961751 124.367195129395 121.457367732607 71.3562770518222 124.849346923828 164.262875874837 96.6155650615692 184.10383605957 126.242931365967 169.468475341797 130.3173828125 179.637786865234 174.219593593052 163.514319525825 0 138.490104675293 0 152.018931797573 150.210750034877 0 130.270219421387
