31720 4802 12245 4465 1003 4495 11129 18892 118 4652 294 5300 0 2 2 0 0 1 1 1 61 16 1 5 3 1 14 6 4837 6355 40 46 45 7 2 0 6 3 5 2 1373 2 10 0 0 0 0 12 12 2 32 48 1479 1474 312 127 30 5 0 0 0 7 10 5 4 1 495 11 24 5 4 74 0 57 18 1 102 0 9 2 31 0 2717 1313 647 87 18 18 3 2 4 55 34 12 13 29 228 2610 11 11 31 9 190 230 14 202 15 8 46 75 121 263 0 0 0 0 0 0 0 0 0 0 1 9 3 0 2 0 0 0 25 0 29 37 0 11 0 0 1 1 1 0 0 8 49 0 0 0 0 0 0 1 1 1 1 0 1 0 2 1 6 9 3 12 2 0 0 0 0 0 30 5 4 1 0 0 0 1 0 0 91 7 28 0 0 83 0 0 0 0 36 0 0 9 187 11 18 1 0 0
4802 2053 4309 4056 625 2522 216 240 14 230 99 2444 0 0 0 0 0 0 0 0 20 7 0 1 3 0 1 2 159 580 20 4 14 1 0 0 0 1 1 0 241 0 2 0 0 0 0 2 2 0 6 10 122 141 24 22 9 0 0 0 1 1 5 0 2 0 137 0 6 1 0 29 2 21 5 0 32 0 3 0 3 0 389 302 164 35 5 2 2 0 1 9 5 3 3 15 45 101 3 1 17 1 105 116 7 73 3 4 11 22 52 88 0 0 0 0 0 0 0 1 0 0 0 3 2 0 0 0 0 0 6 0 10 16 0 6 0 0 0 2 0 1 0 10 13 0 0 0 0 0 0 0 0 0 0 0 0 2 0 0 5 4 2 6 2 0 0 0 0 0 8 0 1 1 0 1 0 0 1 0 37 4 12 2 0 44 0 0 0 0 8 0 0 2 64 1 9 0 0 0
12245 4309 19843 4434 33 414 169 7942 26 3739 734 10701 0 2 0 3 0 1 0 0 94 13 1 1 3 1 3 3 277 157 13 7 19 2 0 0 3 1 2 0 810 0 6 0 0 1 0 4 3 1 10 18 320 293 73 80 17 2 0 1 1 1 6 3 1 0 381 4 11 5 2 82 5 46 15 2 121 0 9 3 19 1 1187 826 610 98 14 7 2 0 1 32 10 4 6 12 235 110 15 10 70 12 360 405 15 311 19 5 48 106 181 410 0 1 0 0 0 0 1 0 1 0 0 7 4 0 2 0 0 1 34 2 46 50 0 28 1 0 0 2 3 0 0 24 50 0 0 0 0 0 5 0 0 3 0 0 0 5 0 0 8 14 3 13 7 0 0 1 0 1 57 4 6 4 0 1 0 0 1 1 156 19 58 3 1 152 0 0 1 3 37 0 0 11 257 3 19 3 0 0
4465 4056 4434 20305 6221 17506 143 249 15 812 283 9886 0 1 1 0 0 0 0 0 116 20 2 2 4 0 5 2 243 891 133 54 52 3 0 0 0 1 2 0 678 1 2 0 1 0 0 0 1 1 8 9 226 202 35 52 41 2 0 0 1 1 8 3 3 0 442 2 11 2 1 116 4 54 7 1 120 0 8 0 9 0 767 741 561 159 8 3 1 1 3 8 5 2 4 44 379 83 13 9 86 19 395 475 18 398 25 7 64 126 248 569 0 0 0 0 0 0 1 2 1 0 1 3 3 1 0 0 0 0 34 1 55 64 0 16 0 0 2 1 0 1 0 12 80 0 0 1 1 0 5 0 0 2 0 0 1 5 0 0 8 13 6 21 2 1 0 0 0 0 45 5 8 2 0 0 0 0 1 0 174 12 52 3 0 132 0 0 1 5 28 1 0 20 384 17 30 5 0 1
1003 625 33 6221 14282 9211 228 64 18 109 29 5019 0 2 9 14 6 12 1 0 200 72 4 11 7 1 14 10 896 5892 7269 995 840 257 1 1 68 66 36 1 733 5 18 0 0 2 1 70 4 0 9 7 330 298 48 55 927 29 3 8 23 51 37 10 14 1 932 26 200 7 9 270 44 32 317 37 102 0 25 0 13 1 1075 1349 875 314 22 8 1 1 18 15 4 3 26 2386 174 176 46 63 9 2 32 39 3 45 1 0 6 11 18 42 0 2 3 0 0 3 2 1 2 5 0 2 0 0 1 0 0 1 5 0 5 7 0 3 0 0 4 1 3 1 4 1 14 1 2 0 2 12 0 0 0 0 0 0 1 0 0 1 1 1 0 2 1 1 1 1 1 1 2 0 1 1 3 3 0 0 7 0 23 2 11 1 1 17 0 0 1 1 5 1 3 1 41 1 2 1 0 0
4495 2522 414 17506 9211 14437 304 208 26 162 470 16183 0 0 2 10 2 4 0 1 243 103 5 4 2 1 3 6 190 2129 595 1297 946 70 0 0 13 26 8 0 385 2 5 0 0 1 3 36 4 1 7 5 169 173 36 49 35 8 1 3 6 16 8 9 6 0 155 6 57 3 4 254 30 36 76 18 181 0 21 0 4 0 524 367 569 100 5 4 1 1 6 6 8 1 9 576 514 145 31 6 66 12 261 310 9 227 7 4 34 72 131 356 0 1 2 0 0 1 1 1 0 2 0 6 5 0 0 0 0 1 26 1 52 47 1 15 0 0 2 0 1 0 1 8 31 2 3 0 1 2 3 0 0 3 0 0 1 3 0 1 10 12 3 8 5 0 4 1 0 0 25 1 7 3 1 2 1 1 1 1 118 14 28 1 0 89 0 0 1 1 21 1 0 6 238 6 15 0 0 0
11129 216 169 143 228 304 7537 8558 936 1842 177 520 0 1 1 0 0 0 0 0 7 2 2 0 1 0 0 0 1912 1925 5 32 14 2 0 0 0 0 0 1 96 0 3 0 2 0 1 0 1 6 10 9 859 992 308 9 2 1 0 0 1 0 1 1 2 0 37 1 4 0 0 17 0 2 2 0 25 0 0 0 8 0 358 124 47 1 3 1 2 2 0 8 4 2 3 5 437 6013 3 2 8 0 25 34 1 30 7 0 15 12 25 33 0 0 0 0 0 0 0 0 0 0 0 0 0 0 1 0 0 0 2 0 2 3 0 2 0 0 0 0 0 0 0 0 8 1 0 0 0 1 0 0 1 0 0 0 0 0 0 0 0 0 2 0 1 0 0 0 0 0 2 0 0 0 0 0 0 0 1 1 7 1 3 0 0 4 0 0 1 0 2 0 0 0 28 0 2 0 0 0
18892 240 7942 249 64 208 8558 29618 4572 29638 615 1973 0 0 0 1 0 2 0 0 11 1 0 2 3 0 7 3 504 597 9 5 10 4 1 0 2 1 3 0 704 1 0 0 2 0 1 3 4 2 13 18 1031 979 256 83 12 2 0 0 0 3 3 0 4 0 233 3 13 4 3 11 0 16 9 1 15 0 6 0 19 0 1484 689 319 31 13 12 3 2 5 38 21 4 6 10 173 2163 9 8 16 3 59 88 4 87 13 3 81 59 55 91 0 0 0 0 0 0 0 0 0 0 1 0 0 0 0 0 0 0 1 0 7 8 0 3 0 0 0 0 0 0 0 1 6 0 0 0 0 1 0 0 0 0 0 0 0 1 2 1 1 0 1 2 0 0 0 0 0 0 2 0 1 0 0 0 0 0 2 1 23 2 4 0 0 19 0 0 0 1 0 3 0 0 54 3 1 0 0 0
118 14 26 15 18 26 936 4572 1462 3650 426 197 11 0 0 1 0 0 1 0 35 31 4 1 0 0 1 0 36 54 0 4 13 0 0 0 0 0 1 0 53 0 1 3 88 11 0 1 0 59 1 5 246 86 35 6 1 0 0 0 2 1 1 0 0 3 19 0 5 2 0 69 0 99 2 1 285 12 16 4 4 34 108 48 42 7 1 11 8 29 45 3 1 1 3 10 3177 1437 2 0 3 0 12 11 0 13 4 0 3 4 8 14 0 0 1 0 1 0 0 0 0 1 1 0 0 0 0 0 0 0 0 0 0 4 0 2 0 0 1 0 0 0 1 0 1 0 2 0 1 4 0 1 0 0 0 0 0 0 0 0 0 1 0 0 0 0 0 0 0 2 1 0 0 0 2 2 0 1 8 0 4 4 7 0 1 4 1 1 1 0 2 1 0 0 17 0 2 0 0 0
4652 230 3739 812 109 162 1842 29638 3650 34132 11600 18475 2 1 2 4 0 1 2 0 54 21 3 7 4 0 13 7 505 506 21 16 40 6 3 1 2 2 4 5 980 1 8 0 7 2 2 12 7 3 22 37 1294 827 249 120 28 3 0 1 3 4 4 7 11 2 364 11 23 5 3 162 3 137 17 4 295 0 12 1 34 3 1939 839 439 44 27 20 4 2 9 53 28 5 12 36 3043 3046 7 13 128 20 597 688 24 588 76 15 387 416 451 774 0 0 0 1 0 0 0 1 0 0 1 14 6 1 3 0 0 0 51 2 68 81 0 33 0 0 1 1 0 1 0 14 84 0 1 0 0 2 2 0 1 4 0 1 2 11 1 3 15 15 14 21 3 0 2 0 0 4 56 2 3 2 2 2 5 2 4 0 282 24 99 1 0 205 0 0 4 5 53 3 3 27 533 29 36 7 1 0
294 99 734 283 29 470 177 615 426 11600 5180 7658 0 0 0 2 0 0 1 0 43 19 2 1 1 0 0 0 24 41 4 11 29 2 0 0 0 5 1 0 121 0 1 1 1 0 0 2 1 1 1 2 123 43 16 7 3 1 0 0 0 0 1 0 1 3 22 0 3 0 0 393 0 119 2 0 250 1 9 0 2 0 144 70 70 14 0 3 0 1 3 4 1 0 0 8 1996 453 2 0 90 24 414 480 17 442 33 5 129 263 302 566 0 0 0 0 0 0 0 0 0 0 0 10 2 0 0 0 0 0 44 0 48 61 1 26 0 0 1 2 3 0 0 17 77 2 1 0 0 0 2 0 0 3 0 0 1 12 0 1 17 21 13 16 4 0 1 1 0 1 46 4 0 1 0 2 4 0 2 1 202 21 90 0 1 165 1 1 2 1 57 0 0 16 418 19 22 2 0 1
5300 2444 10701 9886 5019 16183 520 1973 197 18475 7658 54554 1 2 5 8 6 5 2 0 1041 417 35 7 25 1 15 6 431 2744 435 2130 5269 226 1 0 17 56 14 3 1670 3 12 3 6 4 2 49 5 4 15 33 596 443 124 155 68 171 3 11 12 29 30 8 9 1 529 13 117 8 6 3670 73 252 510 19 1354 1 162 0 29 2 1937 1179 1848 344 41 6 5 1 19 23 17 7 21 1399 6208 447 110 12 283 54 1378 1714 64 1240 59 24 230 494 738 1756 0 3 1 0 0 5 2 3 2 4 0 36 22 1 3 0 0 1 109 2 189 202 4 105 0 1 6 9 6 2 3 46 167 2 3 0 2 0 17 0 0 7 1 2 2 18 0 0 39 41 23 42 11 0 5 3 2 1 151 9 24 8 0 3 6 1 11 2 594 70 162 5 2 530 1 0 9 4 128 5 8 41 1205 36 84 4 0 2
0 0 0 0 0 0 0 0 11 2 0 1 5437 0 1 17 14 86 702 8 0 0 0 5 1 0 1 79 1 0 0 0 12 2 0 0 0 248 206 0 9 3 39 6929 5393 868 0 32 3 523 1 28 1 0 3 2 0 0 0 0 29 34 28 72 52 4248 2 0 42 6 4 145 292 1659 0 9 359 264 879 48 20 152 2 3 2 0 0 81 49 109 381 7 0 6 47 0 62 3 3 2 0 2 0 0 2 1 0 1 0 1 0 2 1 14 387 1 0 71 3 477 23 548 14 0 1 0 0 12 0 5 2 2 2 10 3 13 0 0 30 5 194 2 107 0 3 11 95 7 44 1013 0 7 20 2 0 11 7 1 6 18 0 1 0 0 1 0 294 130 47 278 2 5 5 0 18 180 2 15 147 45 0 9 29 5 45 6 4 15 17 0 0 30 32 13 4 1 0 2 0 0
2 0 2 1 2 0 1 0 0 1 0 2 0 7402 10518 170 2682 16 8 9 14 19 161 500 7 10 2481 1048 55 25 21 2 5 170 2781 6889 5636 53 165 556 463 38 133 1 1 2 63 30 25 0 0 0 13 18 2 1 189 47 147 455 14 33 93 98 181 1 265 165 207 7 3 1 6 5 74 9 0 0 1 0 0 0 29 99 14 32 52 2 1 0 13 9 2 3 69 12 0 1 31 97 0 0 0 0 0 0 0 0 0 0 0 0 8 5 1 3 5 11 4 10 26 11 8 1 5 1 1 1 1 10 0 0 1 10 3 18 4 3 25 29 3 11 2 0 3 0 0 0 9 4 8 0 0 0 0 0 0 0 0 0 0 0 0 0 1 6 0 1 0 1 1 0 2 2 2 0 0 1 1 0 5 24 9 3 0 4 0 0 0 0 0 1 1 2 1 0 0 0 0 0
2 0 0 1 9 2 1 0 0 2 0 5 1 10518 18022 6739 3486 214 42 766 40 42 556 389 13 14 1538 3052 83 37 28 3 8 64 681 874 2423 189 884 157 1267 150 321 3 2 7 23 126 92 0 2 0 18 18 13 3 184 22 57 145 61 118 367 149 520 5 223 69 988 30 13 4 5 46 76 71 1 0 4 0 8 0 31 70 18 29 28 13 7 1 61 54 3 13 218 34 1 2 22 66 0 1 0 0 1 0 0 1 0 0 0 1 8 61 28 2 2 208 53 186 107 297 135 1 2 3 2 4 1 81 1 0 1 22 9 22 9 1 42 29 168 5 60 0 1 1 3 6 29 27 4 0 4 0 0 1 0 0 0 1 0 0 0 0 1 1 13 17 2 7 3 0 9 2 4 7 2 1 11 4 8 26 40 4 9 14 1 3 3 0 1 2 3 8 0 0 0 0 0 1
0 0 3 0 14 10 0 1 1 4 2 8 17 170 6739 32097 2422 4870 2888 5236 32 77 428 218 5 3 783 2517 89 73 48 17 221 196 28 2 820 2199 3415 3 1095 211 267 20 4 35 10 206 118 6 5 4 17 11 20 4 109 8 2 3 565 192 185 322 287 41 118 21 1280 45 26 91 455 312 124 296 4 1 23 0 23 0 29 40 17 15 18 15 13 5 136 79 6 24 175 130 3 0 3 20 1 4 0 0 7 0 0 3 0 0 1 9 230 693 310 85 8 1692 378 1250 1210 2732 1162 6 5 12 8 98 25 1071 17 8 24 104 22 99 109 17 422 170 1469 48 668 11 14 36 13 56 448 279 26 5 3 1 1 3 1 5 0 4 0 3 1 3 22 12 116 173 30 58 8 10 36 10 25 113 2 3 54 17 37 111 426 14 24 131 1 1 11 2 5 14 17 81 2 1 5 2 1 7
0 0 0 0 6 2 0 0 0 0 0 6 14 2682 3486 2422 4095 253 1584 4141 37 43 255 154 4 10 179 138 32 32 25 9 61 49 48 149 723 4761 91 28 592 82 196 18 8 35 5 31 80 2 1 0 3 5 0 2 37 0 2 12 55 54 84 24 49 11 51 14 147 19 9 15 202 135 48 25 2 0 6 0 5 1 10 13 7 4 7 6 8 3 40 46 1 11 100 39 1 0 1 7 0 1 0 1 1 0 1 4 0 0 0 5 183 144 12 53 8 75 56 70 333 206 104 25 34 9 33 69 21 297 0 1 8 118 9 159 98 16 318 141 55 114 25 3 19 24 1 1 149 32 114 1 2 1 2 4 1 0 0 0 3 1 1 1 8 23 6 46 2 10 10 4 28 19 7 11 1 1 13 5 30 176 129 30 3 141 0 2 7 4 2 3 12 19 6 1 8 7 6 20
1 0 1 0 12 4 0 2 0 1 0 5 86 16 214 4870 253 15761 2278 421 15 55 172 999 16 7 799 1381 11 19 14 4 256 105 5 6 63 1842 6699 13 980 246 1414 87 33 1054 13 283 139 4 9 2 17 3 34 11 29 1 3 3 7529 112 145 2581 567 635 40 15 1312 42 30 114 959 307 23 597 2 0 45 0 29 2 42 21 18 18 24 44 25 11 456 180 15 22 348 37 6 0 15 7 1 6 0 1 7 0 0 2 0 0 1 4 27 364 1222 19 3 760 99 1650 317 2883 305 5 0 8 3 87 4 371 10 10 17 72 13 87 17 6 240 50 1583 14 940 2 10 44 115 99 284 1379 7 4 11 1 1 7 3 4 0 5 1 0 0 0 25 4 630 426 91 275 8 10 36 2 28 405 1 11 106 37 16 57 197 5 33 47 1 5 9 2 2 17 20 79 4 1 5 1 0 0
1 0 0 0 1 0 0 0 1 2 1 2 702 8 42 2888 1584 2278 52056 6842 5 15 31 372 7 3 769 1569 0 4 2 0 257 73 6 7 17 13935 731 5 299 45 593 7578 144 2898 16 95 25 49 1 0 2 3 9 5 5 5 6 2 383 121 115 1709 510 2230 12 7 129 31 18 121 4872 5206 6 43 23 11 224 0 16 3 10 9 6 12 9 40 27 28 584 44 4 12 140 4 27 2 7 2 1 7 0 0 14 1 0 3 0 1 0 16 466 826 1405 119 50 1785 521 3191 2004 5419 1361 21 25 31 40 188 32 1178 14 10 27 185 36 221 248 43 1007 418 2298 114 950 10 29 78 58 133 795 1143 105 4 15 1 3 7 3 5 0 4 0 4 2 3 27 21 469 390 105 597 14 11 69 11 27 230 6 16 103 33 42 243 1289 28 47 309 3 10 12 10 0 36 35 129 13 2 8 6 1 13
1 0 0 0 0 1 0 0 0 0 0 0 8 9 766 5236 4141 421 6842 5096 10 16 54 99 1 4 190 125 5 4 1 6 134 88 13 3 79 1627 130 4 245 63 148 11 7 18 1 41 67 4 3 0 3 0 7 3 2 2 1 1 63 60 92 44 52 9 9 2 215 25 15 34 335 237 8 36 1 0 15 0 6 0 7 3 1 2 2 6 11 5 42 45 6 18 89 7 1 0 1 0 0 2 1 1 1 0 0 5 0 0 0 3 274 288 37 57 9 302 125 174 679 526 283 11 25 8 23 80 15 551 2 3 7 78 6 82 127 22 388 140 136 100 88 1 13 50 6 8 223 32 71 5 1 0 0 0 1 1 0 2 0 0 0 1 6 16 13 77 6 13 4 6 29 16 12 10 2 2 20 3 19 154 240 20 9 207 0 3 4 3 4 7 14 11 6 3 9 4 1 10
61 20 94 116 200 243 7 11 35 54 43 1041 0 14 40 32 37 15 5 10 9813 12383 2055 271 349 104 112 21 53 251 173 151 657 298 14 3 176 341 35 118 570 66 290 1 2 2 102 32 40 3 0 2 25 19 1 1266 56 10 9 3 27 82 198 52 11 0 42 15 123 26 7 899 264 375 154 16 384 0 140 0 8 1 139 40 5492 102 96 3 8 7 27 27 4 20 230 244 268 61 494 30 6 5 12 16 3 13 0 2 1 3 5 24 0 2 2 0 0 5 0 7 2 4 2 13 24 4 9 0 0 1 6 0 20 109 7 108 0 0 12 8 1 12 1 5 24 1 1 0 1 6 19 1 1 2 0 0 1 0 0 0 2 0 3 1 4 4 1 3 3 0 13 1 31 7 2 3 0 1 5 2 96 96 62 13 3 54 0 0 1 0 11 0 1 7 22 1 16 5 0 2
16 7 13 20 72 103 2 1 31 21 19 417 0 19 42 77 43 55 15 16 12383 43353 3729 1632 6466 1386 614 62 24 120 86 114 668 455 40 7 338 719 69 2157 864 355 1527 6 5 15 899 108 187 7 5 2 52 25 13 128 180 8 38 2 78 345 1158 387 97 3 166 49 422 110 16 784 428 394 137 45 266 0 140 0 21 1 711 451 7422 1771 1461 16 28 17 115 92 9 73 1052 141 211 39 8089 259 3 1 9 6 4 3 0 0 2 3 6 22 1 3 3 2 0 7 2 16 14 23 5 19 9 2 6 1 0 4 5 1 11 96 8 118 0 0 32 19 11 9 3 5 25 3 2 1 7 9 22 6 6 0 1 1 0 3 1 2 4 5 2 1 7 7 1 7 5 2 11 2 31 16 4 10 2 4 20 4 89 97 64 15 9 53 0 1 9 0 8 19 10 13 15 0 13 6 1 5
1 0 1 2 4 5 2 0 4 3 2 35 0 161 556 428 255 172 31 54 2055 3729 8343 8011 584 3972 614 142 18 11 10 8 175 276 56 22 683 751 87 1751 7126 1994 1027 2 1 6 525 19 150 1 0 0 21 12 26 10 49 3 49 14 61 52 123 132 17 1 84 61 100 22 3 142 157 75 52 24 47 0 45 0 7 0 52 87 132 94 138 3 7 3 49 90 4 26 262 17 26 2 69 13 0 1 1 0 0 1 0 0 0 0 1 2 1 2 2 0 0 8 0 9 4 23 2 9 5 2 2 2 0 2 1 0 2 42 1 40 1 1 12 10 10 6 3 0 6 3 0 0 2 9 8 0 0 0 0 1 1 0 0 0 2 1 0 0 1 1 4 2 1 0 2 1 15 11 1 2 3 0 5 4 19 24 19 6 3 13 1 0 5 0 1 1 1 2 1 0 7 2 1 2
5 1 1 2 11 4 0 2 1 7 1 7 5 500 389 218 154 999 372 99 271 1632 8011 11478 920 8228 4435 190 39 24 31 6 26 202 859 488 587 144 308 4932 4300 9776 3643 11 6 192 1483 25 448 3 1 2 75 56 50 19 205 37 504 142 1051 20 96 662 39 17 565 654 175 36 6 16 44 39 60 40 2 0 9 0 12 0 227 564 377 405 651 18 15 6 219 240 13 60 323 24 2 0 330 97 0 1 0 0 0 1 0 0 0 0 0 1 1 5 21 0 2 31 1 48 20 61 12 0 1 1 2 1 0 2 0 0 2 17 3 20 3 1 22 25 32 6 12 0 3 2 14 0 4 79 5 1 4 0 0 2 1 1 0 0 0 0 0 0 2 0 30 22 5 10 2 0 2 3 2 21 1 0 22 6 8 26 10 2 8 5 1 0 0 1 1 3 4 6 1 0 1 0 1 0
3 3 3 4 7 2 1 3 0 4 1 25 1 7 13 5 4 16 7 1 349 6466 584 920 3816 1571 436 34 10 8 60 7 62 57 60 6 40 78 13 2940 197 92 563 2 1 10 2831 33 30 0 0 1 48 23 8 11 243 2 49 3 33 74 484 284 60 0 347 30 157 28 0 54 80 126 10 5 11 0 13 0 2 1 265 601 862 1122 1850 2 0 5 23 9 2 10 295 9 7 2 4735 427 0 0 0 0 0 0 0 0 0 0 0 0 0 0 0 0 0 1 0 0 2 2 0 6 2 1 1 0 0 1 0 0 1 24 2 41 0 0 25 5 3 1 3 0 0 1 1 0 2 4 4 0 0 0 0 0 0 1 0 0 0 0 0 0 0 0 2 2 1 1 1 0 3 3 1 1 0 0 5 2 17 31 14 2 3 3 0 2 0 0 2 0 5 1 1 0 5 0 0 1
1 0 1 0 1 1 0 0 0 0 0 1 0 10 14 3 10 7 3 4 104 1386 3972 8228 1571 4398 743 7 1 3 0 0 8 19 51 20 39 23 5 6658 672 267 303 0 2 3 867 0 26 0 0 0 3 7 4 1 6 1 49 4 21 10 29 34 0 1 31 51 7 4 0 4 10 11 1 1 1 0 2 0 0 0 22 39 55 45 95 0 1 3 18 10 2 3 82 2 0 0 47 3 0 0 0 0 0 0 0 0 0 0 0 0 0 0 0 0 0 0 0 2 0 0 0 0 1 1 0 0 0 0 0 0 0 3 1 3 0 0 2 2 0 0 0 0 0 0 0 0 1 0 0 0 0 0 0 0 0 0 0 0 0 0 0 0 0 0 0 0 1 0 1 0 1 1 0 0 1 2 1 0 1 2 0 0 2 1 0 0 1 0 0 0 0 1 0 0 0 0 0 0
14 1 3 5 14 3 0 7 1 13 0 15 1 2481 1538 783 179 799 769 190 112 614 614 4435 436 743 27922 10937 181 52 98 3 21 283 4379 732 1223 94 278 3833 949 155 427 19 0 45 962 13 40 0 1 1 152 164 20 7 927 106 572 304 85 3 130 970 801 12 1929 861 170 4 0 13 39 63 172 7 5 0 7 0 4 0 327 1166 400 755 731 1 3 1 13 28 1 6 43 14 4 0 461 396 0 1 0 1 0 0 0 0 0 0 0 2 23 80 44 2 12 280 73 219 155 351 172 7 3 4 12 9 5 77 2 0 5 32 5 75 22 5 106 102 249 21 60 0 7 7 3 5 52 47 20 0 3 1 1 0 0 0 0 0 1 1 0 0 5 3 24 27 11 15 2 0 14 7 1 11 0 0 4 2 12 64 78 6 1 15 0 0 2 0 2 0 1 9 1 0 3 3 0 2
6 2 3 2 10 6 0 3 0 7 0 6 79 1048 3052 2517 138 1381 1569 125 21 62 142 190 34 7 10937 17872 216 71 116 5 9 117 365 240 654 79 4696 57 275 54 61 34 2 141 143 6 19 2 1 1 89 115 9 1 862 77 120 137 365 9 19 726 2666 65 1334 250 175 0 1 12 48 160 222 24 7 0 6 0 2 0 112 444 61 185 192 0 0 0 24 15 0 2 17 52 3 3 129 369 2 8 0 1 16 1 0 1 0 0 1 4 10 397 483 20 2 1126 168 2102 304 2371 461 5 7 12 5 32 3 285 20 8 15 56 23 76 14 2 147 92 1890 11 813 4 15 21 23 46 142 599 18 1 2 1 0 1 0 4 0 2 1 1 0 1 35 5 354 216 87 85 5 4 23 8 9 158 2 2 8 13 20 29 141 8 14 16 0 1 1 2 0 1 6 97 2 1 1 1 0 0
4837 159 277 243 896 190 1912 504 36 505 24 431 1 55 83 89 32 11 0 5 53 24 18 39 10 1 181 216 24958 13614 1613 57 107 415 24 13 322 146 184 11 306 16 68 0 3 8 36 231 24 0 16 16 3428 11052 514 42 747 79 55 26 27 188 209 77 232 2 4031 528 859 28 25 163 21 72 716 60 139 2 16 0 30 1 1383 2634 166 40 316 18 16 4 36 48 17 7 77 654 184 4916 28 247 15 4 43 46 6 41 2 3 4 8 24 59 0 5 0 0 0 2 1 10 1 15 1 4 1 0 0 0 0 3 10 0 29 20 0 11 0 0 2 1 10 0 2 4 15 2 5 1 1 30 1 0 3 0 0 2 2 4 0 1 2 3 3 7 1 0 6 6 3 1 17 0 2 0 3 10 2 2 20 8 69 6 29 0 7 37 0 1 2 0 10 5 3 3 58 4 7 1 0 0
6355 580 157 891 5892 2129 1925 597 54 506 41 2744 0 25 37 73 32 19 4 4 251 120 11 24 8 3 52 71 13614 20090 3014 628 583 477 15 3 240 171 113 6 1023 11 46 0 3 7 15 209 21 3 38 43 2813 4825 550 146 917 60 19 17 47 127 128 40 74 3 1172 161 633 29 32 283 49 54 508 74 136 0 18 2 48 3 3174 2187 852 126 76 28 12 2 45 79 39 14 67 2362 228 3048 45 61 17 5 63 92 7 66 4 0 14 20 33 97 0 2 3 0 0 8 0 7 0 18 1 3 3 0 0 1 0 1 9 2 22 27 0 10 0 0 3 0 13 0 9 4 9 1 10 1 1 20 1 0 0 3 0 1 0 2 0 0 3 4 1 5 2 1 7 9 2 3 13 0 3 0 5 12 1 1 19 7 40 6 21 1 11 39 1 4 3 0 9 4 6 3 73 2 10 0 0 0
40 20 13 133 7269 595 5 9 0 21 4 435 0 21 28 48 25 14 2 1 173 86 10 31 60 0 98 116 1613 3014 12778 311 260 608 21 1 334 231 107 8 524 6 31 0 0 2 22 106 11 2 3 0 192 220 26 47 7615 114 14 54 27 73 69 40 101 3 2085 216 423 5 9 83 33 14 1821 46 28 0 10 0 7 1 897 1450 863 719 419 9 4 1 27 10 5 5 38 2985 37 16 611 7657 5 0 18 33 6 19 1 0 1 4 9 25 0 0 2 0 0 5 0 8 1 14 1 1 1 0 0 0 0 3 6 1 5 7 1 6 0 0 3 0 7 1 4 3 11 3 2 1 1 14 0 0 1 0 0 3 0 0 0 1 2 0 0 0 1 0 5 1 2 1 3 1 1 0 0 5 1 1 11 3 21 5 13 0 4 21 1 0 1 0 8 5 3 2 20 1 3 0 0 0
46 4 7 54 995 1297 32 5 4 16 11 2130 0 2 3 17 9 4 0 6 151 114 8 6 7 0 3 5 57 628 311 11404 8823 1543 0 0 43 109 13 3 169 3 14 0 0 2 1 72 2 2 2 2 58 38 10 18 89 5472 1 99 13 26 16 4 7 1 68 29 119 6 4 1301 198 30 4676 36 167 0 116 0 3 0 214 132 252 54 15 7 3 1 13 11 1 0 12 8077 251 34 22 15 6 0 21 16 2 11 0 0 2 3 8 32 1 3 2 0 0 3 0 4 1 7 2 3 0 1 0 2 0 3 1 0 6 19 0 10 0 0 3 0 5 0 1 4 9 0 0 0 1 4 1 0 1 0 0 1 0 2 0 0 2 1 0 3 0 0 3 2 1 0 9 0 0 1 0 3 0 1 11 2 32 16 11 0 8 21 0 0 1 0 3 0 1 2 17 1 4 0 0 0
45 14 19 52 840 946 14 10 13 40 29 5269 12 5 8 221 61 256 257 134 657 668 175 26 62 8 21 9 107 583 260 8823 19632 3105 10 2 45 229 51 17 652 7 29 92 21 120 22 84 15 15 3 19 226 80 36 49 152 1517 11 42 239 58 18 33 10 21 194 157 166 6 6 4742 1527 405 6702 91 488 6 242 2 11 4 805 360 584 148 73 13 13 6 243 16 3 2 33 4550 430 27 90 52 11 8 41 43 17 32 1 3 5 5 25 78 22 22 15 3 8 16 6 45 52 44 8 80 84 6 28 15 1 32 16 3 79 491 20 417 21 4 139 67 29 77 19 27 89 7 5 0 27 29 115 0 2 5 0 5 5 11 2 1 9 11 6 6 22 24 10 21 4 4 44 10 150 60 5 6 4 4 13 5 365 371 168 78 4 254 4 6 4 14 56 5 11 42 92 6 84 20 6 28
7 1 2 3 257 70 2 4 0 6 2 226 2 170 64 196 49 105 73 88 298 455 276 202 57 19 283 117 415 477 608 1543 3105 9069 272 215 4917 1888 48 195 272 11 58 0 3 13 510 25 2 1 2 5 81 79 16 10 970 2308 1577 2780 51 9 33 58 35 3 608 7494 70 3 2 254 168 89 10197 40 24 0 42 0 1 0 182 190 155 95 991 2 3 0 35 4 2 3 18 2333 11 8 54 363 3 2 2 7 5 5 0 0 0 0 5 19 4 8 7 0 1 12 3 9 14 20 7 23 38 6 15 5 5 13 5 3 32 212 9 260 2 0 66 27 8 34 9 10 37 5 3 0 12 9 63 0 0 0 1 2 1 3 0 0 5 3 2 1 13 6 4 13 1 1 19 3 84 37 0 3 3 0 4 0 131 199 42 32 2 92 0 0 1 6 21 2 2 24 10 4 34 7 6 16
2 0 0 0 1 0 0 1 0 3 0 1 0 2781 681 28 48 5 6 13 14 40 56 859 60 51 4379 365 24 15 21 0 10 272 3282 2949 1033 23 16 2074 77 15 123 2 0 1 1000 5 1 0 0 0 19 19 2 0 178 31 1164 312 3 2 27 126 73 0 261 590 26 0 0 4 6 32 57 0 1 0 3 0 0 0 24 116 20 61 115 1 0 0 2 1 0 0 10 1 1 1 40 86 0 0 0 1 1 0 0 0 0 0 0 1 4 9 1 1 2 3 4 3 17 2 3 6 3 1 6 1 2 8 0 0 0 11 2 35 8 0 37 22 2 12 1 1 3 1 0 0 5 5 7 0 0 0 0 0 0 0 0 0 0 0 0 0 1 3 2 2 0 0 1 1 3 2 0 0 0 0 1 0 2 21 6 8 0 4 0 0 0 0 0 0 0 0 0 0 1 1 0 2
0 0 0 0 1 0 0 0 0 1 0 0 0 6889 874 2 149 6 7 3 3 7 22 488 6 20 732 240 13 3 1 0 2 215 2949 1548 903 20 11 1029 29 12 74 1 0 0 255 1 0 0 0 0 3 5 0 0 34 14 873 385 2 2 16 98 31 0 34 342 16 1 0 0 1 6 33 1 0 0 0 0 0 0 2 10 3 6 21 0 0 0 3 0 0 0 10 0 0 0 8 15 0 0 0 0 0 0 0 0 0 0 0 0 0 1 0 0 0 3 0 2 3 5 1 0 1 1 0 0 0 0 0 0 0 4 0 7 0 0 3 8 3 0 1 0 1 0 0 0 0 1 0 0 0 0 0 0 0 0 0 0 0 0 0 1 1 0 0 1 0 0 0 0 0 0 0 1 0 0 0 1 0 6 3 0 0 1 0 0 0 0 0 0 0 0 0 0 0 0 0 0
6 0 3 0 68 13 0 2 0 2 0 17 0 5636 2423 820 723 63 17 79 176 338 683 587 40 39 1223 654 322 240 334 43 45 4917 1033 903 8626 2555 184 605 637 45 187 1 0 0 662 29 22 1 0 0 34 62 4 1 652 244 1819 758 24 10 91 168 148 1 468 1886 195 4 2 14 23 86 1261 17 3 0 10 0 0 0 47 127 58 39 410 2 3 0 16 13 0 2 58 383 2 7 23 233 1 3 1 0 2 1 0 0 0 0 2 5 11 10 2 3 2 16 5 31 21 26 10 28 16 4 10 10 3 16 5 3 11 116 10 184 3 1 83 29 16 31 4 5 21 2 1 1 10 14 46 0 0 0 0 0 0 3 0 0 0 0 0 0 10 9 2 2 1 1 8 2 34 23 5 5 0 0 4 3 57 127 32 18 0 24 1 1 0 2 3 1 1 5 3 0 12 7 2 14
3 1 1 1 66 26 0 1 0 2 5 56 248 53 189 2199 4761 1842 13935 1627 341 719 751 144 78 23 94 79 146 171 231 109 229 1888 23 20 2555 21319 236 84 653 60 174 1693 98 1003 101 224 63 44 1 4 18 14 9 9 256 160 56 24 1031 91 92 87 37 155 161 305 283 25 20 52 3222 1803 765 171 20 6 44 0 5 14 65 50 101 40 122 46 53 26 1321 32 5 7 129 582 7 2 25 43 3 6 3 4 22 8 0 6 0 0 5 49 296 247 75 55 48 199 114 250 828 402 200 186 265 54 143 144 57 425 25 15 82 739 69 1276 197 34 1232 788 150 436 64 23 138 77 32 7 319 215 691 11 9 8 3 8 3 15 0 8 8 8 7 2 51 136 51 156 25 56 76 19 307 197 21 68 8 21 106 36 330 1209 549 275 26 472 3 6 24 26 37 32 41 85 26 7 116 53 19 124
5 1 2 2 36 8 0 3 1 4 1 14 206 165 884 3415 91 6699 731 130 35 69 87 308 13 5 278 4696 184 113 107 13 51 48 16 11 184 236 9485 6 607 213 707 55 15 670 18 494 126 8 3 3 41 55 36 5 477 21 15 11 11138 229 329 2284 4790 314 572 57 9743 32 36 47 90 45 192 899 7 0 21 0 9 0 75 174 36 65 60 57 30 3 745 160 6 17 203 146 4 1 51 138 2 2 0 0 3 0 0 1 0 0 1 3 0 105 1119 5 4 166 16 1360 60 1446 38 8 5 6 3 68 1 70 6 8 9 65 14 79 1 3 112 30 990 11 793 7 14 55 289 35 90 2897 5 5 12 2 3 5 2 4 1 1 0 3 0 2 21 8 1203 707 173 271 8 15 42 2 34 892 4 10 181 45 33 39 39 21 96 25 2 8 17 3 6 28 30 66 5 1 6 5 1 3
2 0 0 0 1 0 1 0 0 5 0 3 0 556 157 3 28 13 5 4 118 2157 1751 4932 2940 6658 3833 57 11 6 8 3 17 195 2074 1029 605 84 6 5039 508 119 396 0 2 4 2988 3 19 0 0 1 22 14 5 2 93 22 536 175 16 9 76 131 18 0 202 530 22 2 1 13 23 54 52 1 1 0 7 0 1 0 64 141 96 134 406 1 2 2 10 4 0 7 80 5 0 0 133 43 0 0 0 0 1 0 0 0 0 0 1 0 0 1 1 0 1 4 0 1 7 6 3 3 0 0 1 0 0 2 0 0 0 16 3 28 0 0 21 20 1 1 2 0 2 1 1 0 0 3 3 1 0 0 0 0 0 0 0 0 1 0 0 0 1 2 1 0 1 0 0 0 3 0 1 0 0 0 3 1 9 14 7 4 1 3 0 0 1 0 0 0 0 2 0 0 2 0 0 2
1373 241 810 678 733 385 96 704 53 980 121 1670 9 463 1267 1095 592 980 299 245 570 864 7126 4300 197 672 949 275 306 1023 524 169 652 272 77 29 637 653 607 508 12290 4785 2157 25 42 171 149 388 2350 60 566 410 263 110 1777 1566 208 10 27 6 1451 172 212 233 103 37 280 42 970 229 171 943 228 355 230 479 673 2 208 38 635 46 3194 220 1422 101 91 613 380 141 980 2829 617 417 1271 312 420 85 62 60 26 9 79 115 22 61 2 7 5 18 57 151 1 6 22 0 1 18 2 41 10 43 9 26 29 2 4 3 0 11 20 3 84 243 9 153 1 0 36 17 26 6 13 15 64 22 43 4 11 114 14 21 30 3 0 16 33 7 16 36 6 10 6 5 16 1 39 46 24 15 46 5 61 13 33 63 9 26 138 41 296 143 148 16 57 183 16 12 63 5 43 56 57 35 149 5 50 9 0 6
2 0 0 1 5 2 0 1 0 1 0 3 3 38 150 211 82 246 45 63 66 355 1994 9776 92 267 155 54 16 11 6 3 7 11 15 12 45 60 213 119 4785 8898 6525 8 10 69 88 59 1898 9 10 1 11 6 66 33 23 4 22 2 667 25 27 52 27 12 57 26 316 38 11 2 18 7 8 126 2 0 3 0 22 2 62 41 63 30 46 44 42 23 432 485 10 84 318 27 2 0 24 7 0 0 0 0 0 0 0 0 0 0 0 0 0 2 9 0 0 3 0 3 0 7 1 1 1 0 0 1 0 2 1 2 1 3 1 5 0 0 1 0 7 0 6 1 0 4 14 0 4 50 1 3 6 1 0 0 2 0 0 5 0 0 0 0 0 0 21 11 8 6 0 2 0 0 6 23 0 3 48 11 5 2 2 0 14 2 3 2 12 0 1 21 10 0 1 0 1 1 0 0
10 2 6 2 18 5 3 0 1 8 1 12 39 133 321 267 196 1414 593 148 290 1527 1027 3643 563 303 427 61 68 46 31 14 29 58 123 74 187 174 707 396 2157 6525 6016 73 125 792 560 235 5113 66 7 6 80 54 135 48 171 10 146 24 4808 165 429 3262 190 151 476 263 1970 161 45 26 79 29 44 919 18 1 26 2 43 7 389 520 491 504 360 145 153 147 3800 1098 61 412 5871 64 16 3 311 55 0 3 0 0 2 0 0 1 0 0 0 1 3 5 82 2 4 18 3 89 14 84 6 1 2 0 0 7 1 4 4 7 2 17 1 23 1 1 35 11 38 4 39 4 1 75 169 6 40 635 5 36 81 0 2 39 3 7 1 48 0 3 2 0 5 3 206 185 70 72 5 7 15 4 116 315 15 59 563 157 7 26 13 2 240 24 16 25 104 0 1 172 149 13 1 1 1 2 1 1
0 0 0 0 0 0 0 0 3 0 1 3 6929 1 3 20 18 87 7578 11 1 6 2 11 2 0 19 34 0 0 0 0 92 0 2 1 1 1693 55 0 25 8 73 7569 2926 969 1 133 16 551 4 35 1 0 6 1 2 1 0 0 196 73 62 46 19 858 0 3 84 14 20 571 3706 2727 1 37 398 1508 7333 41 19 152 5 1 0 1 1 126 74 162 1061 12 0 6 95 2 18 1 4 2 0 0 0 0 3 2 0 1 0 0 0 5 60 55 109 21 17 173 44 197 310 358 127 19 22 8 26 23 9 111 1 2 8 114 10 156 36 11 281 165 115 48 65 4 24 33 53 6 103 442 78 5 31 0 0 3 7 1 5 11 0 2 0 1 12 11 116 97 26 107 6 4 34 21 24 75 4 21 151 49 65 186 248 31 46 81 5 23 31 1 3 39 34 18 2 2 13 3 2 16
0 0 0 1 0 0 2 2 88 7 1 6 5393 1 2 4 8 33 144 7 2 5 1 6 1 2 0 2 3 3 0 0 21 3 0 0 0 98 15 2 42 10 125 2926 14714 2049 2 132 25 8686 14 77 20 2 11 4 1 0 0 0 38 202 113 27 28 4874 6 0 199 56 25 279 208 560 0 47 2143 386 1847 101 102 672 13 1 6 1 1 571 226 1850 1968 25 7 19 248 3 784 80 4 0 2 5 5 6 1 3 1 2 2 7 1 5 1 2 47 1 0 5 4 28 8 34 6 1 2 0 1 3 1 2 13 7 3 14 0 17 0 2 41 7 8 0 11 4 3 92 236 8 43 730 1 55 180 3 0 53 21 12 13 71 1 1 0 0 5 1 209 230 95 239 7 7 9 0 179 298 22 87 1286 348 3 16 14 0 351 25 32 147 186 5 0 393 217 19 12 0 1 1 0 1
0 0 1 0 2 1 0 0 11 2 0 4 868 2 7 35 35 1054 2898 18 2 15 6 192 10 3 45 141 8 7 2 2 120 13 1 0 0 1003 670 4 171 69 792 969 2049 4363 7 52 59 144 4 3 11 4 12 6 8 1 7 0 138 48 150 806 385 3157 18 6 288 20 17 96 984 179 1 21 106 9 238 0 19 12 17 14 6 7 5 57 50 149 2075 70 10 19 247 3 78 11 8 4 0 2 1 3 1 0 1 1 0 4 1 1 2 15 706 4 1 42 5 464 29 491 30 3 4 3 2 24 0 20 9 14 3 22 3 24 3 0 60 17 221 10 196 6 1 58 452 24 77 2653 9 10 23 1 1 7 4 5 0 12 0 2 1 0 6 3 782 413 71 534 15 16 22 1 44 632 9 13 667 105 3 21 30 12 176 23 5 17 27 1 1 48 59 38 4 1 3 1 2 2
0 0 0 0 1 3 1 1 0 2 0 2 0 63 23 10 5 13 16 1 102 899 525 1483 2831 867 962 143 36 15 22 1 22 510 1000 255 662 101 18 2988 149 88 560 1 2 7 4606 11 9 0 0 0 18 28 3 1 155 58 1248 96 37 26 338 450 126 0 304 1052 118 12 0 24 60 252 139 6 3 0 21 0 0 1 52 188 81 132 438 1 1 2 30 7 0 3 167 3 1 1 188 79 0 0 0 0 4 0 0 0 0 0 0 3 1 1 1 1 1 6 1 11 18 7 1 12 10 6 17 0 0 4 2 0 1 88 15 138 1 2 76 57 5 5 3 3 10 2 0 0 4 9 11 0 1 0 0 0 0 1 0 0 2 1 1 0 4 7 2 3 0 1 4 2 15 11 3 5 0 0 1 0 45 108 31 13 7 17 0 0 0 1 3 2 0 3 3 1 6 4 1 4
12 2 4 0 70 36 0 3 1 12 2 49 32 30 126 206 31 283 95 41 32 108 19 25 33 0 13 6 231 209 106 72 84 25 5 1 29 224 494 3 388 59 235 133 132 52 11 27526 246 325 16 12 88 76 106 33 264 8 2 1 248 17200 957 73 395 107 516 10 14613 969 3082 84 276 17 100 13392 33 3 92 5 397 40 208 280 114 100 33 2586 5077 589 3828 277 18 195 1162 308 19 4 68 38 0 4 0 1 2 0 0 2 1 0 0 4 1 1 13 1 2 11 2 8 10 21 10 1 5 2 6 5 1 2 7 7 4 26 0 30 1 0 48 4 18 11 7 9 9 178 219 21 55 156 11 282 772 8 10 338 17 18 8 146 0 2 2 0 8 0 56 233 387 64 13 12 5 2 767 341 111 298 1345 474 19 42 34 5 774 62 61 249 648 3 2 1336 880 21 9 2 5 4 0 9
12 2 3 1 4 4 1 4 0 7 1 5 3 25 92 118 80 139 25 67 40 187 150 448 30 26 40 19 24 21 11 2 15 2 1 0 22 63 126 19 2350 1898 5113 16 25 59 9 246 12381 48 33 3 90 6 452 156 11 0 2 0 415 134 26 20 15 17 33 3 405 184 54 13 28 11 8 393 5 0 9 0 67 3 425 34 36 21 6 258 233 132 761 6004 139 2306 6249 18 4 0 8 3 0 0 0 0 0 0 0 0 0 0 2 2 0 0 6 0 0 0 0 2 2 2 0 2 0 1 0 0 0 0 1 2 3 10 0 6 0 0 7 1 5 1 2 3 0 24 26 1 7 64 0 21 43 0 2 25 2 3 2 14 0 0 1 0 0 0 11 34 43 13 0 0 2 0 68 39 9 36 149 53 0 4 4 3 106 6 8 22 75 0 1 104 56 1 1 0 0 0 0 0
2 0 1 1 0 1 6 2 59 3 1 4 523 0 0 6 2 4 49 4 3 7 1 3 0 0 0 2 0 3 2 2 15 1 0 0 1 44 8 0 60 9 66 551 8686 144 0 325 48 17552 70 859 18 3 43 9 4 0 0 0 14 432 111 6 7 2543 8 0 157 117 70 150 96 926 1 302 2052 723 941 1091 417 6359 29 6 3 1 0 3027 2020 5563 2459 77 10 44 336 0 563 41 0 0 0 2 0 0 2 6 1 0 1 0 1 8 0 1 6 0 1 5 2 6 13 11 2 1 1 1 2 4 0 0 6 1 1 16 1 21 1 0 18 5 7 0 1 1 1 74 128 6 34 134 2 126 453 2 2 168 126 11 118 268 2 0 1 0 3 0 25 102 156 263 4 5 1 0 266 142 49 153 1063 281 8 25 18 2 345 25 75 463 679 1 2 952 261 7 5 0 0 0 1 1
32 6 10 8 9 7 10 13 1 22 1 15 1 0 2 5 1 9 1 3 0 5 0 1 0 0 1 1 16 38 3 2 3 2 0 0 0 1 3 0 566 10 7 4 14 4 0 16 33 70 12980 6783 192 23 1264 59 1 0 0 0 15 4 1 0 0 30 5 2 12 132 12 11 3 17 1 6 36 9 14 278 1828 144 542 8 4 1 0 106 14 5 26 6972 6901 52 31 0 12 1 0 0 0 0 1 0 0 0 0 0 0 0 1 1 0 0 0 0 0 0 0 0 0 0 0 2 0 0 0 0 0 0 0 0 1 4 1 2 0 0 0 0 0 0 0 1 1 1 0 0 0 3 1 6 4 0 0 0 72 2 62 46 0 0 0 0 0 0 0 0 1 0 0 0 1 0 3 1 10 4 6 0 6 4 4 0 1 6 14 3 37 0 0 11 3 0 4 1 1 0 0 0
48 10 18 9 7 5 9 18 5 37 2 33 28 0 0 4 0 2 0 0 2 2 0 2 1 0 1 1 16 43 0 2 19 5 0 0 0 4 3 1 410 1 6 35 77 3 0 12 3 859 6783 15155 179 27 923 28 3 0 0 1 5 23 1 0 1 387 3 0 7 62 59 36 15 191 4 10 277 98 79 9568 3823 2503 396 6 6 6 0 1100 79 50 44 840 2038 31 22 4 56 6 1 0 3 1 2 1 1 3 1 0 1 0 0 5 0 1 0 0 1 0 0 2 0 1 0 0 2 1 0 0 1 1 4 0 2 17 0 13 0 0 3 1 1 2 0 25 3 2 5 3 8 3 0 26 30 12 1 30 2403 208 2689 1276 24 1 0 0 1 0 1 2 5 51 3 2 1 2 3 3 185 118 62 5 19 22 23 1 3 40 513 51 682 0 20 85 61 0 11 0 3 0 0 1
1479 122 320 226 330 169 859 1031 246 1294 123 596 1 13 18 17 3 17 2 3 25 52 21 75 48 3 152 89 3428 2813 192 58 226 81 19 3 34 18 41 22 263 11 80 1 20 11 18 88 90 18 192 179 14308 4985 15217 22 276 10 6 9 29 79 176 79 115 9 489 113 232 53 30 334 39 142 170 28 358 3 107 26 169 12 3422 1258 45 80 248 91 35 11 53 371 189 50 121 99 1060 2805 67 123 9 6 34 55 12 28 1 3 4 8 31 68 0 0 1 0 0 2 1 4 3 3 0 12 11 0 3 1 0 0 9 1 49 97 1 71 0 0 3 5 4 3 1 11 33 1 2 0 1 12 7 1 5 0 0 0 3 0 9 6 0 5 0 4 6 3 1 2 3 2 23 2 17 8 3 2 1 3 4 2 147 46 71 11 6 114 2 0 6 0 10 5 4 7 56 1 19 3 1 1
1474 141 293 202 298 173 992 979 86 827 43 443 0 18 18 11 5 3 3 0 19 25 12 56 23 7 164 115 11052 4825 220 38 80 79 19 5 62 14 55 14 110 6 54 0 2 4 28 76 6 3 23 27 4985 9738 1551 10 289 31 9 4 10 67 180 83 166 3 1593 141 325 14 9 162 16 112 199 17 185 0 29 1 13 2 707 4763 37 39 265 10 10 2 25 38 22 5 65 99 197 2420 38 148 8 2 17 25 3 25 4 1 5 5 15 42 0 0 0 0 0 2 0 1 2 0 1 8 6 0 1 0 0 0 6 0 23 40 2 19 0 0 3 0 2 2 1 5 18 0 0 0 1 4 1 0 0 0 0 0 0 0 3 0 2 4 1 4 0 0 0 0 0 2 17 1 5 0 2 1 0 1 1 0 59 22 49 0 0 63 1 0 1 0 16 0 4 5 37 1 8 2 0 0
312 24 73 35 48 36 308 256 35 249 16 124 3 2 13 20 0 34 9 7 1 13 26 50 8 4 20 9 514 550 26 10 36 16 2 0 4 9 36 5 1777 66 135 6 11 12 3 106 452 43 1264 923 15217 1551 19367 770 20 0 0 2 107 66 17 9 20 18 41 13 89 194 126 59 8 51 17 80 62 3 26 140 829 78 5598 62 14 6 20 470 167 59 163 2673 892 256 397 18 95 908 2 2 2 0 2 6 2 6 0 0 3 2 7 10 0 0 0 0 0 0 0 0 0 0 0 2 2 0 0 0 0 0 1 0 4 16 2 12 0 0 3 1 1 0 0 3 6 4 4 2 1 15 2 8 22 1 0 4 50 6 46 36 1 0 0 1 1 1 7 0 5 3 2 0 1 2 10 3 7 11 19 3 20 12 19 1 13 22 7 7 27 0 3 22 17 4 13 0 1 0 0 1
127 22 80 52 55 49 9 83 6 120 7 155 2 1 3 4 2 11 5 3 1266 128 10 19 11 1 7 1 42 146 47 18 49 10 0 0 1 9 5 2 1566 33 48 1 4 6 1 33 156 9 59 28 22 10 770 3541 13 0 0 0 38 11 21 6 6 3 9 1 46 33 22 76 10 37 27 23 61 1 25 3 99 6 5630 18 2504 8 10 84 48 9 48 357 57 72 138 30 31 10 34 3 1 0 9 9 0 2 0 1 1 1 3 10 0 1 0 0 0 0 1 2 0 0 0 6 4 0 0 0 0 0 2 0 5 24 0 18 0 0 1 1 1 0 0 2 2 2 5 0 0 4 1 1 5 0 0 0 2 0 1 4 1 0 1 2 0 0 1 0 0 0 10 0 8 2 4 1 2 3 6 3 23 9 11 3 2 11 1 3 10 0 2 2 6 5 12 0 1 0 0 0
30 9 17 41 927 35 2 12 1 28 3 68 0 189 184 109 37 29 5 2 56 180 49 205 243 6 927 862 747 917 7615 89 152 970 178 34 652 256 477 93 208 23 171 2 1 8 155 264 11 4 1 3 276 289 20 13 14123 397 114 91 58 244 616 360 852 4 7317 1415 1534 23 19 63 29 25 4082 80 28 0 4 0 12 0 487 2319 467 3874 3379 13 6 5 89 18 1 9 115 2112 33 8 3090 6034 1 2 0 1 1 3 0 0 0 1 6 10 0 5 12 0 1 14 0 23 1 23 2 4 0 0 0 0 0 4 2 0 2 5 0 8 0 0 8 3 16 0 10 2 1 2 12 1 2 34 0 0 1 0 0 0 1 0 0 3 1 0 0 0 0 0 9 7 0 4 4 0 1 0 2 19 1 1 25 5 10 8 6 1 9 6 2 2 8 0 2 2 3 3 1 0 2 0 1 0
5 0 2 2 29 8 1 2 0 3 1 171 0 47 22 8 0 1 5 2 10 8 3 37 2 1 106 77 79 60 114 5472 1517 2308 31 14 244 160 21 22 10 4 10 1 0 1 58 8 0 0 0 0 10 31 0 0 397 3513 74 2206 3 3 9 20 27 0 326 5233 48 1 1 297 101 7 5659 2 4 0 18 0 0 0 21 73 15 40 1030 0 0 0 2 1 0 0 4 1036 3 1 45 379 0 0 0 0 0 0 0 0 0 0 0 1 0 0 1 0 0 1 0 4 2 3 0 1 0 0 0 0 0 1 1 0 2 3 0 3 1 0 0 1 3 0 1 1 0 0 0 0 0 2 0 0 0 0 0 0 0 0 0 0 0 0 0 0 0 0 0 0 0 1 0 1 1 4 0 0 0 0 1 0 4 4 2 1 0 3 0 0 0 0 1 1 0 0 1 0 1 0 0 1
0 0 0 0 3 1 0 0 0 0 0 3 0 147 57 2 2 3 6 1 9 38 49 504 49 49 572 120 55 19 14 1 11 1577 1164 873 1819 56 15 536 27 22 146 0 0 7 1248 2 2 0 0 0 6 9 0 0 114 74 3741 333 9 3 68 141 52 0 124 4338 45 1 0 3 13 65 238 4 1 0 1 0 0 1 12 35 7 14 69 1 0 1 7 2 0 0 39 19 0 0 9 37 0 1 0 0 0 0 0 0 0 0 0 0 0 1 1 0 1 3 0 1 5 1 1 6 4 0 6 0 0 1 1 0 1 22 2 43 1 2 21 12 2 4 0 1 3 0 0 0 1 3 13 0 0 0 0 0 0 0 0 0 0 1 0 0 0 1 1 1 0 0 2 0 7 5 2 0 0 0 0 1 16 17 11 4 0 7 0 0 0 0 0 0 0 1 0 0 4 0 0 1
0 0 1 0 8 3 0 0 0 1 0 11 0 455 145 3 12 3 2 1 3 2 14 142 3 4 304 137 26 17 54 99 42 2780 312 385 758 24 11 175 6 2 24 0 0 0 96 1 0 0 0 1 9 4 2 0 91 2206 333 881 0 0 14 34 40 0 60 4734 17 0 0 4 3 9 3579 0 0 0 1 0 0 0 12 10 3 7 183 1 0 0 0 0 0 0 1 178 1 0 5 52 0 0 0 0 0 0 0 0 0 0 0 2 0 0 0 0 0 0 0 0 0 3 2 0 0 0 0 0 0 0 0 0 0 2 1 6 0 0 1 1 1 0 1 0 0 1 1 0 0 0 1 0 0 0 0 0 0 0 0 0 0 0 0 0 1 0 0 0 0 0 0 0 1 0 0 0 0 0 0 0 1 2 1 2 0 1 0 0 0 0 0 0 0 0 0 0 0 0 0 0
0 1 1 1 23 6 1 0 2 3 0 12 29 14 61 565 55 7529 383 63 27 78 61 1051 33 21 85 365 27 47 27 13 239 51 3 2 24 1031 11138 16 1451 667 4808 196 38 138 37 248 415 14 15 5 29 10 107 38 58 3 9 0 14545 257 911 3243 684 942 81 17 2809 107 35 165 981 51 31 3022 12 1 107 1 59 3 125 83 36 48 25 104 100 28 1844 582 39 143 1216 80 9 1 36 16 1 1 1 0 5 0 0 5 0 0 1 4 1 13 780 8 3 50 11 343 37 430 10 4 5 7 3 37 0 13 13 22 9 55 6 48 0 6 85 14 190 9 277 3 9 68 637 26 92 2131 21 6 22 0 1 11 4 4 1 10 2 2 4 3 9 5 706 553 71 328 23 24 26 4 53 813 4 19 540 83 18 33 39 10 154 33 5 12 30 5 1 46 64 27 6 1 5 4 6 5
7 1 1 1 51 16 0 3 1 4 0 29 34 33 118 192 54 112 121 60 82 345 52 20 74 10 3 9 188 127 73 26 58 9 2 2 10 91 229 9 172 25 165 73 202 48 26 17200 134 432 4 23 79 67 66 11 244 3 3 0 257 21974 7802 73 215 107 626 15 4136 5946 3110 35 113 29 41 3145 22 2 37 11 489 103 188 369 253 222 47 2051 2253 833 2806 152 54 1304 3023 143 12 6 90 32 0 0 1 0 2 1 0 1 0 0 0 1 0 1 13 2 1 23 3 20 8 16 11 0 9 3 6 3 1 2 11 8 1 10 0 23 3 2 35 8 20 8 2 20 3 186 174 14 59 151 6 482 1235 5 17 348 30 31 32 325 0 2 0 0 1 1 49 189 486 59 10 8 16 0 841 293 178 499 1292 410 14 32 38 4 845 52 152 273 1333 4 1 1858 1020 19 9 0 3 3 1 6
10 5 6 8 37 8 1 3 1 4 1 30 28 93 367 185 84 145 115 92 198 1158 123 96 484 29 130 19 209 128 69 16 18 33 27 16 91 92 329 76 212 27 429 62 113 150 338 957 26 111 1 1 176 180 17 21 616 9 68 14 911 7802 12366 3119 498 102 1740 132 6915 697 96 31 67 23 80 1235 21 0 34 1 59 8 523 1341 749 902 398 143 398 284 2947 97 38 402 3129 121 22 3 611 153 0 1 0 0 2 0 0 5 0 0 1 1 0 3 20 0 1 11 3 18 11 28 15 0 3 2 0 3 0 2 5 5 1 13 1 15 1 1 34 15 13 3 12 3 5 96 142 12 41 256 4 48 138 0 1 75 1 9 7 61 0 2 0 0 3 1 95 144 110 45 2 5 3 0 211 204 35 80 660 188 4 17 11 3 301 17 37 55 190 0 0 274 304 19 4 1 2 1 1 1
5 0 3 3 10 9 1 0 0 7 0 8 72 98 149 322 24 2581 1709 44 52 387 132 662 284 34 970 726 77 40 40 4 33 58 126 98 168 87 2284 131 233 52 3262 46 27 806 450 73 20 6 0 0 79 83 9 6 360 20 141 34 3243 73 3119 8578 5171 126 797 264 2267 17 3 31 54 37 55 166 6 0 16 0 1 0 189 544 234 462 448 18 18 6 1542 15 1 7 1467 33 2 0 275 142 2 0 0 0 0 0 0 1 0 0 1 2 1 39 195 1 0 112 12 468 29 386 41 1 4 1 2 20 1 28 1 2 4 17 3 19 1 1 43 26 336 6 154 2 0 14 91 8 23 726 5 4 7 0 1 2 0 3 0 6 0 0 2 0 5 4 278 174 39 70 4 8 11 4 8 283 1 10 143 28 4 16 21 9 56 7 4 1 4 1 1 9 13 23 2 0 3 2 1 1
4 2 1 3 14 6 2 4 0 11 1 9 52 181 520 287 49 567 510 52 11 97 17 39 60 0 801 2666 232 74 101 7 10 35 73 31 148 37 4790 18 103 27 190 19 28 385 126 395 15 7 0 1 115 166 20 6 852 27 52 40 684 215 498 5171 10342 107 1433 141 10689 15 24 10 18 24 103 109 1 0 5 0 9 1 199 663 135 331 210 29 18 7 534 19 0 3 99 53 1 2 203 303 0 0 0 0 1 0 0 0 0 0 0 2 0 46 191 3 0 106 7 319 17 269 35 1 2 0 0 15 1 24 3 3 3 18 3 20 0 4 33 17 255 2 150 0 5 19 72 3 29 777 11 4 7 0 0 0 1 4 0 2 0 1 0 0 3 0 304 161 31 62 8 3 11 0 13 278 3 4 158 28 3 6 15 5 38 8 0 2 6 4 2 7 12 22 3 0 2 2 0 2
1 0 0 0 1 0 0 0 3 2 3 1 4248 1 5 41 11 635 2230 9 0 3 1 17 0 1 12 65 2 3 3 1 21 3 0 0 1 155 314 0 37 12 151 858 4874 3157 0 107 17 2543 30 387 9 3 18 3 4 0 0 0 942 107 102 126 107 3120 10 2 305 23 10 67 187 638 3 56 814 571 422 334 69 1071 10 4 1 4 2 343 104 547 4259 27 2 10 151 3 143 9 0 1 1 0 0 0 2 0 0 1 0 3 1 1 0 7 488 1 0 22 2 258 28 519 8 0 0 0 1 10 0 2 4 1 1 12 2 16 0 0 57 6 44 0 36 1 2 20 298 28 60 939 2 15 34 2 0 14 40 3 37 56 0 1 0 0 0 1 129 99 23 1331 5 1 5 0 36 112 6 23 338 63 6 9 71 1 75 12 17 17 53 1 0 90 48 11 5 0 1 0 0 1
495 137 381 442 932 155 37 233 19 364 22 529 2 265 223 118 51 40 12 9 42 166 84 565 347 31 1929 1334 4031 1172 2085 68 194 608 261 34 468 161 572 202 280 57 476 0 6 18 304 516 33 8 5 3 489 1593 41 9 7317 326 124 60 81 626 1740 797 1433 10 18319 1499 2452 75 67 264 23 127 2310 107 210 0 26 0 34 0 455 6851 138 1525 3574 25 33 6 143 33 6 16 405 780 235 71 795 2794 6 5 32 57 3 45 0 2 2 7 22 71 1 2 9 1 0 14 4 20 5 25 5 9 3 1 1 3 0 1 12 0 20 50 0 28 0 0 2 9 16 0 7 14 24 4 10 0 1 43 3 4 10 1 0 2 0 5 0 0 5 5 3 5 4 2 19 17 3 2 16 1 2 2 7 15 1 4 32 8 67 21 41 1 17 59 0 2 3 1 13 11 9 7 45 1 13 1 0 0
11 0 4 2 26 6 1 3 0 11 0 13 0 165 69 21 14 15 7 2 15 49 61 654 30 51 861 250 528 161 216 29 157 7494 590 342 1886 305 57 530 42 26 263 3 0 6 1052 10 3 0 2 0 113 141 13 1 1415 5233 4338 4734 17 15 132 264 141 2 1499 4601 121 2 0 56 41 131 4273 3 7 0 15 0 2 0 105 331 44 105 575 0 1 0 9 1 1 0 51 134 3 2 90 789 0 0 1 2 1 0 0 0 0 0 0 1 2 0 0 0 2 3 3 8 9 11 0 12 6 3 1 1 0 0 1 0 0 55 7 78 1 0 40 28 5 2 0 4 7 0 0 0 3 9 9 0 2 0 0 0 1 0 0 0 1 0 0 0 1 2 2 2 1 1 2 1 12 11 0 1 0 0 0 0 21 60 24 3 2 8 0 1 1 0 4 2 1 1 1 0 1 1 1 2
24 6 11 11 200 57 4 13 5 23 3 117 42 207 988 1280 147 1312 129 215 123 422 100 175 157 7 170 175 859 633 423 119 166 70 26 16 195 283 9743 22 970 316 1970 84 199 288 118 14613 405 157 12 7 232 325 89 46 1534 48 45 17 2809 4136 6915 2267 10689 305 2452 121 29342 312 322 96 203 69 447 11143 42 0 65 0 118 19 508 1232 420 548 259 383 386 211 3718 467 39 112 1893 796 36 15 365 294 1 5 0 3 6 0 0 7 2 0 2 7 4 6 198 5 3 22 12 53 52 73 12 7 5 3 8 23 4 12 22 25 5 81 3 104 1 2 128 26 34 10 60 11 17 205 678 36 149 1705 19 105 234 6 10 112 12 26 9 125 3 4 1 6 6 3 495 638 197 186 34 36 39 5 313 836 73 181 1789 535 48 95 52 9 610 84 70 107 329 7 5 371 475 54 20 3 8 2 0 6
5 1 5 2 7 3 0 4 2 5 0 8 6 7 30 45 19 42 31 25 26 110 22 36 28 4 4 0 28 29 5 6 6 3 0 1 4 25 32 2 229 38 161 14 56 20 12 969 184 117 132 62 53 14 194 33 23 1 1 0 107 5946 697 17 15 23 75 2 312 5343 1735 7 16 7 6 279 5 0 9 21 1321 140 171 80 57 59 8 1124 595 224 608 535 1824 2066 2970 11 5 3 24 1 0 0 0 0 0 0 0 2 0 0 0 0 0 0 4 0 0 3 2 2 5 7 2 0 2 1 4 4 1 0 1 1 0 1 0 2 0 0 3 3 5 3 2 4 1 39 35 1 12 53 5 210 422 3 5 109 65 43 83 606 0 0 0 0 1 1 19 45 137 19 4 0 1 2 196 81 142 382 281 77 1 9 6 1 170 10 274 64 1168 1 4 615 379 2 0 0 0 4 0 1
4 0 2 1 9 4 0 3 0 3 0 6 4 3 13 26 9 30 18 15 7 16 3 6 0 0 0 1 25 32 9 4 6 2 0 0 2 20 36 1 171 11 45 20 25 17 0 3082 54 70 12 59 30 9 126 22 19 1 0 0 35 3110 96 3 24 10 67 0 322 1735 15112 4 13 9 3 307 8 0 4 15 7390 136 117 37 16 18 3 1373 434 144 367 188 126 508 382 23 5 0 4 2 0 0 0 0 0 0 0 0 0 0 0 0 0 0 0 1 0 2 0 6 2 1 2 1 2 1 3 1 0 0 3 0 0 0 0 3 0 0 2 0 2 5 0 5 3 26 19 2 5 15 0 197 388 2 1 87 51 20 73 451 2 0 0 0 1 0 7 20 97 7 3 3 1 0 100 25 124 300 204 41 0 3 8 1 57 9 229 51 1095 0 3 504 267 0 2 0 0 0 0 0
74 29 82 116 270 254 17 11 69 162 393 3670 145 1 4 91 15 114 121 34 899 784 142 16 54 4 13 12 163 283 83 1301 4742 254 4 0 14 52 47 13 943 2 26 571 279 96 24 84 13 150 11 36 334 162 59 76 63 297 3 4 165 35 31 31 10 67 264 56 96 7 4 7391 2369 2216 811 73 3653 425 3788 12 31 79 1203 467 807 165 65 49 16 37 280 23 15 3 47 1156 4083 90 94 15 36 16 116 121 41 103 6 19 9 26 68 277 22 25 20 6 5 18 16 33 68 41 4 186 189 14 44 23 4 44 56 12 219 982 15 923 19 7 200 97 26 84 16 74 241 19 6 0 41 40 171 1 5 12 2 6 11 34 1 10 30 26 5 22 72 38 17 32 5 6 134 22 290 102 11 19 12 9 28 11 949 757 479 124 15 627 5 3 10 25 172 9 15 120 271 14 180 43 11 45
0 2 5 4 44 30 0 0 0 3 0 73 292 6 5 455 202 959 4872 335 264 428 157 44 80 10 39 48 21 49 33 198 1527 168 6 1 23 3222 90 23 228 18 79 3706 208 984 60 276 28 96 3 15 39 16 8 10 29 101 13 3 981 113 67 54 18 187 23 41 203 16 13 2369 6056 2645 298 266 165 132 5085 2 9 20 142 52 113 26 52 69 59 26 1442 23 2 10 126 397 22 2 27 9 14 14 9 17 14 4 0 3 0 0 9 75 145 109 64 30 35 117 68 167 499 293 140 165 198 45 102 63 33 234 12 11 91 885 68 1158 110 23 815 464 119 239 51 42 138 52 21 8 194 182 426 7 19 3 3 6 2 9 2 6 10 9 5 3 49 75 49 93 18 32 69 25 312 180 26 81 6 15 112 41 471 1054 508 217 60 345 8 8 17 23 47 31 35 84 39 6 127 47 15 102
