34442 5693 16514 1424 739 2160 12373 15334 426 2952 99 2687 1 3 4 5 4 2 1 0 79 34 14 4 24 4 2 2 9531 5416 139 33 82 14 0 0 2 8 5 5 665 6 9 0 9 8 12 10 49 22 46 86 780 753 335 275 122 8 2 1 7 5 17 1 15 6 64 11 12 34 16 68 18 22 28 7 40 3 43 22 116 19 628 384 501 54 9 77 44 21 30 203 52 42 22 120 268 2348 27 41 29 23 65 58 18 112 15 32 96 153 93 160 0 0 1 0 0 0 0 0 0 0 0 5 4 0 4 0 0 0 32 5 48 21 0 1 0 0 4 0 0 0 0 9 37 1 1 0 0 0 1 1 6 2 0 1 1 2 5 3 7 10 7 22 0 0 2 1 3 3 32 4 0 0 2 1 2 1 0 0 65 8 5 1 0 16 4 6 7 5 16 1 3 12 80 29 15 7 0 1
5693 10329 11057 9136 1205 3206 420 245 44 860 61 2185 2 0 2 2 0 1 0 0 77 23 3 1 6 0 1 0 760 4346 79 12 15 1 0 0 0 4 0 5 445 3 5 0 3 4 1 2 13 6 6 24 140 162 74 112 53 4 0 0 7 0 4 0 3 2 47 6 5 8 8 19 1 7 16 2 14 0 22 4 28 7 242 174 383 32 3 26 15 10 8 54 23 9 9 51 69 175 13 10 14 7 30 22 9 53 4 9 36 55 48 72 0 0 0 0 0 0 0 0 1 0 0 3 3 1 0 0 0 0 18 0 12 8 0 0 0 0 1 0 0 1 0 5 7 0 1 0 1 0 0 1 1 1 0 0 1 0 0 1 5 2 1 16 0 0 0 0 0 1 8 1 0 0 1 0 0 0 1 0 21 3 3 0 0 10 1 1 2 0 3 1 0 10 33 5 4 5 0 0
16514 11057 15462 1507 157 2834 1320 5793 339 7504 84 9802 3 2 1 2 1 8 0 1 204 79 10 7 22 4 0 4 1463 1030 71 10 23 5 0 0 4 2 4 6 1326 11 13 0 12 6 8 7 53 28 43 86 424 567 284 361 121 5 3 2 14 5 18 5 10 3 120 11 10 25 17 37 4 19 31 10 29 1 58 24 111 27 741 531 1189 97 14 99 55 21 37 265 60 38 31 35 159 469 39 18 17 9 58 27 11 94 27 34 51 103 83 95 0 0 0 0 0 0 0 0 0 0 0 5 0 1 2 1 0 0 12 2 24 11 0 1 0 0 2 3 0 0 0 3 18 1 2 0 1 1 0 4 5 1 0 0 1 1 0 3 2 1 2 6 0 0 0 1 2 4 11 3 1 0 1 2 2 1 6 0 29 7 10 1 0 13 4 4 6 2 6 2 1 6 65 14 9 2 0 2
1424 9136 1507 20618 4517 20467 207 66 56 1185 87 6961 0 2 3 0 1 1 1 0 130 47 4 1 13 0 0 1 827 6750 632 21 33 2 0 2 2 0 1 2 561 2 5 1 0 3 0 3 14 5 11 25 127 176 86 148 166 4 1 1 4 1 10 1 5 0 79 7 8 10 3 36 15 15 21 0 23 0 34 5 33 8 242 232 659 56 10 34 11 8 7 67 11 11 12 136 73 136 37 24 16 9 40 19 4 62 6 16 43 70 65 99 0 0 0 0 0 0 0 0 0 0 0 6 1 0 1 0 0 0 24 2 34 12 0 0 0 0 1 0 0 0 0 5 28 0 0 0 0 0 0 1 3 1 0 0 1 1 0 3 4 5 1 17 0 0 0 0 0 0 12 5 0 1 0 0 2 0 1 0 32 3 5 0 1 16 0 2 2 5 7 1 0 6 63 22 14 5 0 1
739 1205 157 4517 12416 9308 247 59 172 161 177 3241 0 24 16 8 16 18 3 5 56 99 56 7 15 1 1 5 987 6660 10518 2668 3234 296 0 2 52 105 23 21 149 3 12 1 8 2 19 2 4 3 7 13 82 121 29 40 547 410 17 22 14 4 14 5 18 16 39 33 30 6 1 1196 283 45 632 6 110 2 278 3 11 3 86 60 129 28 18 8 6 2 15 24 7 1 5 2879 515 223 35 844 19 24 66 51 26 170 12 18 91 124 115 192 0 0 0 0 0 0 0 0 1 0 0 12 11 0 2 0 0 1 56 7 60 26 0 0 0 0 0 0 1 1 0 15 71 0 0 0 1 2 2 0 1 7 0 0 0 2 0 0 11 16 4 30 0 0 1 3 2 4 48 12 0 1 0 4 0 0 3 0 85 10 14 2 1 21 0 2 0 8 25 1 1 20 70 26 32 13 2 1
2160 3206 2834 20467 9308 16433 501 164 133 1524 345 25603 1 14 10 9 4 4 0 6 390 299 32 4 59 4 6 3 1696 5464 2889 2027 1375 66 2 1 7 11 17 7 802 3 21 1 2 5 10 4 25 8 23 36 207 301 124 207 530 75 5 3 10 4 18 5 14 9 218 27 21 14 6 417 53 17 318 8 96 0 189 16 42 6 367 276 984 165 66 26 22 9 17 97 26 16 12 1053 408 278 143 237 43 26 115 78 20 205 24 42 100 199 193 306 0 0 1 0 0 0 0 1 0 0 0 12 4 0 2 0 0 1 71 3 51 38 0 2 0 0 1 0 0 1 0 14 38 1 1 0 1 6 0 1 0 3 0 0 1 3 1 1 13 12 5 44 0 0 3 1 0 0 40 12 0 0 0 2 1 1 4 0 91 9 10 3 0 30 0 2 3 1 16 0 1 11 138 27 29 11 0 3
12373 420 1320 207 247 501 14810 10231 1589 2752 68 612 2 1 2 1 2 1 0 0 19 14 8 5 9 0 0 1 3268 840 55 29 88 7 0 0 5 8 8 3 196 7 6 1 8 0 5 4 28 11 21 46 1335 953 371 94 54 6 1 0 7 6 12 1 5 6 30 6 10 14 10 84 9 15 22 2 31 1 27 18 61 12 391 158 143 20 7 54 34 21 19 125 28 22 12 77 274 7298 12 15 24 11 41 35 11 70 9 26 39 88 79 98 0 0 0 0 0 0 0 0 0 0 0 4 4 1 1 0 0 0 32 1 18 19 0 1 0 0 0 0 0 1 0 7 23 1 0 0 0 1 0 1 3 0 1 0 0 0 2 3 3 6 4 23 1 0 1 2 0 0 19 7 0 0 4 0 1 0 2 0 30 7 6 0 1 11 6 3 3 3 7 0 2 15 38 20 10 6 1 0
15334 245 5793 66 59 164 10231 31925 4142 17800 109 1087 0 1 2 1 0 1 2 0 35 24 2 2 18 0 2 0 541 358 32 5 28 1 0 0 1 1 2 0 427 2 6 1 11 3 5 5 21 12 19 39 409 388 201 152 36 2 0 0 9 0 6 2 9 5 34 9 3 25 5 53 4 12 21 7 29 0 42 13 76 12 402 218 227 23 5 52 19 15 13 133 35 17 14 21 284 1726 10 10 16 4 35 23 3 33 15 19 28 64 40 59 0 0 0 0 0 0 0 0 0 0 0 1 0 0 1 0 0 0 5 0 11 5 0 0 0 0 0 0 0 0 0 2 8 0 0 0 0 1 0 3 0 0 0 0 0 0 0 1 1 2 6 4 0 0 0 1 1 2 5 3 1 0 0 0 0 3 0 1 18 0 1 0 0 9 4 5 4 0 3 1 1 5 34 8 2 2 0 1
426 44 339 56 172 133 1589 4142 2815 6372 440 775 14 2 1 1 0 2 3 1 32 44 12 2 4 0 1 3 168 230 112 68 238 2 0 0 0 3 1 3 103 3 10 7 112 18 4 8 16 131 2 49 266 87 51 29 73 7 1 0 6 14 16 1 4 66 8 6 20 7 7 411 26 251 28 9 321 5 142 43 36 100 73 39 77 6 3 61 13 23 33 25 5 4 19 36 3526 3305 4 44 13 3 23 9 1 19 3 22 37 56 25 32 0 0 0 0 1 0 0 1 2 1 0 2 2 0 0 0 0 0 3 1 4 6 0 0 1 0 1 0 0 0 0 2 1 0 0 0 0 0 0 1 1 0 0 0 0 0 1 1 0 1 4 1 0 0 0 0 1 3 3 0 0 0 0 3 0 0 2 2 11 1 4 0 0 2 0 2 1 2 1 0 1 1 21 4 2 1 0 0
2952 860 7504 1185 161 1524 2752 17800 6372 46334 10425 24076 2 3 3 1 2 3 1 0 175 90 20 3 23 1 0 0 623 616 185 65 202 7 0 0 3 1 7 7 660 9 19 4 26 5 3 5 21 21 32 67 466 399 195 193 383 6 5 0 8 8 7 2 16 14 71 21 8 26 10 2023 19 45 23 5 3287 2 4794 16 98 19 548 250 661 68 15 87 39 21 27 173 41 28 27 38 2885 2002 31 62 127 99 433 301 71 743 114 233 566 850 752 979 0 0 0 0 0 0 1 0 0 0 0 20 15 7 8 0 0 0 144 10 194 88 0 5 0 0 5 3 0 1 0 47 125 2 1 0 1 2 0 3 6 12 0 1 4 7 0 6 33 52 34 64 2 0 1 2 3 2 129 32 3 0 1 2 4 1 1 0 311 19 23 5 1 107 5 12 10 14 68 3 4 49 517 139 64 27 2 5
99 61 84 87 177 345 68 109 440 10425 3591 4485 0 4 5 2 0 0 1 1 102 107 19 3 13 3 0 0 129 175 126 80 564 3 0 1 1 5 1 2 118 0 6 0 1 2 1 0 3 4 3 2 65 57 20 17 118 2 0 0 4 0 2 0 1 1 30 5 7 0 1 1743 9 23 12 2 1313 1 1212 1 10 2 39 39 126 34 4 8 3 2 5 6 2 2 3 45 2030 403 15 26 50 26 152 83 30 236 41 59 147 219 226 311 0 0 0 0 0 0 0 0 1 0 1 9 3 0 2 0 0 0 37 3 58 31 0 2 0 0 1 0 0 0 1 8 25 0 3 0 1 0 0 0 0 2 1 0 0 3 0 1 5 15 10 21 1 0 0 0 0 7 22 7 0 0 0 0 1 0 0 0 95 4 7 0 0 32 1 5 5 8 15 0 1 13 209 36 13 5 1 0
2687 2185 9802 6961 3241 25603 612 1087 775 24076 4485 61083 3 20 25 8 5 5 6 10 745 667 83 11 76 11 3 12 1998 2869 1346 549 966 49 1 0 10 37 16 19 1443 8 17 3 9 6 16 5 31 14 24 35 428 495 201 273 718 66 1 2 15 8 29 7 32 13 355 47 39 14 11 1450 72 78 198 3 1051 6 1998 12 73 13 523 437 1406 245 72 44 28 19 28 138 29 19 18 720 2356 814 196 247 166 117 587 388 103 1036 109 178 604 1034 946 1353 0 1 1 0 0 0 0 2 2 0 0 32 17 5 5 1 0 1 233 15 261 131 0 5 0 0 4 0 0 2 0 49 146 1 4 1 0 0 1 0 3 12 2 1 5 5 0 1 51 54 26 126 2 0 2 0 3 6 147 44 6 0 1 3 2 1 4 0 361 19 32 7 0 154 5 5 5 23 88 1 1 62 737 151 93 34 5 8
1 2 3 0 0 1 2 0 14 2 0 3 8969 6 23 151 58 770 3033 67 11 19 21 72 7 2 49 141 22 2 5 0 15 3 3 1 12 562 122 9 174 47 160 7102 8436 4545 4 49 87 405 8 31 5 6 2 8 7 1 4 0 163 55 120 102 163 2995 11 16 125 41 23 63 163 1756 4 58 290 741 478 28 56 84 8 10 9 7 1 126 123 406 663 52 2 11 118 4 77 7 2 0 0 0 0 1 2 0 0 1 0 0 2 2 2 45 189 2 2 44 6 237 26 223 10 2 1 3 6 15 7 58 0 1 1 18 0 6 2 0 57 25 79 4 76 2 14 32 22 15 89 175 1 6 9 1 1 2 1 0 0 6 0 1 0 0 1 0 45 86 11 410 1 3 9 2 12 50 3 1 38 5 1 19 302 0 12 12 2 26 4 0 2 3 8 7 2 0 0 3 0 0
3 0 2 2 24 14 1 1 2 3 4 20 6 12749 10343 1170 2510 419 42 85 72 175 2208 2264 26 804 4793 1139 231 60 86 12 140 858 5010 7162 6138 258 364 1734 1100 138 1269 6 16 61 1318 8 53 10 4 6 22 42 4 13 205 967 2624 557 120 35 529 703 737 57 76 1357 351 23 7 32 49 29 911 22 1 3 11 1 13 1 29 29 50 26 19 20 11 10 62 25 2 8 165 238 8 10 26 60 1 0 0 0 0 0 0 0 0 0 1 0 0 6 7 0 0 2 0 9 2 4 0 1 0 0 0 1 0 3 0 0 0 0 0 0 0 0 1 0 6 0 6 0 2 1 3 0 3 12 0 1 0 0 0 0 0 0 0 1 0 0 0 0 2 0 7 7 0 20 0 0 0 0 3 7 0 0 8 1 0 1 8 2 2 0 1 1 0 0 0 0 1 1 0 0 0 0 0 0
4 2 1 3 16 10 2 2 1 3 5 25 23 10343 33890 17100 2569 3662 281 2472 172 216 3203 1913 35 789 4366 4641 273 40 106 11 154 292 1281 1114 1247 203 1516 1242 2741 248 1246 34 43 159 745 48 182 34 14 32 25 43 10 14 256 650 986 168 254 71 887 756 2316 154 114 730 1230 36 21 35 63 56 713 77 8 3 22 1 30 8 26 37 65 23 14 49 43 30 161 104 8 43 275 186 6 9 52 73 0 0 0 0 0 3 0 0 0 1 1 0 0 4 24 0 0 4 0 19 3 9 0 0 0 0 1 4 2 13 1 0 0 2 0 2 0 0 9 3 8 1 17 1 3 6 7 1 4 45 0 0 2 2 0 2 0 0 2 1 0 0 0 1 0 2 17 8 3 53 0 0 0 0 5 20 0 2 33 3 3 5 15 0 11 3 0 4 1 0 0 6 5 2 1 0 1 2 0 0
5 2 2 0 8 9 1 1 1 1 2 8 151 1170 17100 17478 850 6675 4200 4396 26 40 593 969 9 175 1415 3175 55 9 16 4 236 296 204 91 965 1104 2913 183 1580 154 530 262 36 203 95 32 169 21 9 11 3 6 4 13 36 121 136 46 197 38 312 204 1181 153 13 131 877 20 14 34 115 228 132 71 1 4 9 3 25 8 4 12 22 16 2 42 35 30 98 111 10 33 138 68 5 1 3 11 0 0 0 0 0 0 0 1 0 0 0 0 0 25 73 1 0 29 5 82 20 149 7 3 3 0 0 9 1 31 1 1 0 3 0 4 1 0 22 8 28 3 21 0 10 6 6 15 51 52 0 1 7 2 1 3 1 0 1 1 0 0 1 0 1 1 5 19 10 68 3 1 1 0 6 14 1 1 20 4 2 9 117 0 11 12 1 12 4 0 0 4 5 0 1 1 1 1 0 1
4 0 1 1 16 4 2 0 0 2 0 5 58 2510 2569 850 4681 478 1606 2594 104 177 1221 278 36 210 92 59 59 32 32 5 92 138 54 74 2172 1142 113 568 498 52 163 320 25 129 350 13 44 6 2 4 5 5 3 8 46 250 157 50 62 13 72 35 83 62 18 187 121 5 7 24 92 106 283 35 3 6 18 1 10 6 10 9 46 9 5 13 16 24 95 25 3 13 54 119 4 1 12 25 0 0 0 0 0 0 0 0 0 0 0 1 1 2 8 0 0 3 0 11 10 17 1 3 2 1 2 0 0 1 0 1 0 0 0 1 0 0 8 7 2 1 10 0 5 5 5 0 7 17 0 0 1 0 0 0 0 0 0 1 0 0 1 0 0 1 2 6 2 26 1 0 1 0 2 3 1 1 8 2 0 5 25 0 3 4 0 3 2 0 0 0 1 0 1 1 1 0 0 0
2 1 8 1 18 4 1 1 2 3 0 5 770 419 3662 6675 478 16532 3390 956 26 84 285 1713 32 86 1288 1699 55 10 11 9 301 263 131 36 770 1565 10453 113 1374 308 1810 430 112 3308 86 72 148 42 6 13 6 17 10 28 32 63 70 30 2752 67 433 890 1162 531 46 116 1645 23 21 49 252 429 100 395 4 21 20 3 50 10 17 20 40 30 5 80 86 36 649 77 8 18 172 49 3 3 26 11 0 0 0 0 2 0 0 7 1 0 0 0 4 113 398 9 3 72 9 331 50 292 12 2 0 3 5 59 8 121 5 4 1 16 0 5 8 1 70 22 164 6 165 1 12 47 24 27 121 252 1 3 3 1 2 4 1 1 0 1 0 0 3 1 8 1 64 120 20 306 3 3 18 8 14 109 1 3 69 9 2 23 213 2 38 15 0 22 3 0 0 7 15 16 1 2 1 2 0 1
1 0 0 1 3 0 0 2 3 1 1 6 3033 42 281 4200 1606 3390 58253 7908 36 56 289 275 11 75 214 269 14 5 6 2 229 43 16 3 382 5806 185 129 439 65 302 12359 734 3465 50 44 81 82 0 13 0 7 4 3 9 12 9 2 142 49 126 168 127 717 4 15 113 22 17 49 351 3210 26 59 17 166 69 6 28 17 1 5 15 12 0 81 93 143 585 45 7 13 109 24 11 2 9 1 1 0 1 1 5 0 1 17 1 1 2 0 10 113 421 20 2 153 13 439 118 1067 60 16 3 17 14 23 7 140 4 1 3 26 3 11 12 1 156 64 135 33 89 2 52 22 18 58 294 227 2 7 2 2 3 1 1 1 0 4 0 1 1 0 5 3 30 76 16 295 7 2 14 2 10 54 1 1 39 5 14 75 883 5 9 48 3 13 6 5 1 6 8 14 15 0 4 3 1 10
0 0 1 0 5 6 0 0 1 0 1 10 67 85 2472 4396 2594 956 7908 6124 51 83 609 287 11 239 66 34 16 6 6 3 81 43 13 3 421 577 115 365 504 45 114 611 28 111 119 2 55 14 4 5 1 1 2 2 6 31 12 3 36 10 34 26 41 37 5 27 87 4 3 16 77 98 45 19 3 11 14 2 10 7 3 5 15 4 2 13 17 12 52 33 1 13 67 33 2 2 3 6 0 0 0 0 0 0 1 0 0 0 1 0 1 1 15 0 0 6 3 9 9 31 4 3 0 3 3 2 0 0 0 0 0 0 0 0 0 0 3 2 4 4 10 0 4 2 1 1 13 10 0 0 1 0 0 0 0 0 0 0 0 0 1 0 1 0 4 2 3 16 0 1 0 0 0 12 0 0 8 2 2 4 28 0 0 4 0 1 1 1 0 1 0 2 1 0 0 1 0 0
79 77 204 130 56 390 19 35 32 175 102 745 11 72 172 26 104 26 36 51 10323 13016 3213 80 315 190 12 16 84 84 101 66 429 230 0 7 139 356 24 167 1300 35 126 48 17 27 92 12 46 10 7 21 13 21 22 1933 71 127 25 25 59 22 146 35 59 24 20 122 51 18 9 327 339 142 344 19 108 8 198 4 7 6 122 38 4152 269 49 16 19 14 55 37 8 15 89 205 174 41 310 71 4 3 5 12 9 20 0 5 9 11 14 20 0 0 3 0 1 0 3 0 11 3 3 35 13 6 20 1 0 0 6 1 8 28 0 11 1 0 24 12 0 9 1 8 43 0 1 0 14 3 6 2 2 2 1 0 1 0 0 0 1 5 2 11 7 0 0 1 1 4 22 5 6 3 2 4 0 0 8 0 28 56 45 5 2 23 1 2 6 7 7 1 0 8 7 3 15 10 0 8
34 23 79 47 99 299 14 24 44 90 107 667 19 175 216 40 177 84 56 83 13016 34646 6353 368 5920 3397 66 38 230 101 129 86 829 542 0 9 357 834 101 3086 1170 156 867 91 58 141 944 30 252 31 36 81 70 174 86 349 145 305 72 66 239 130 841 235 207 81 273 885 190 70 28 609 724 316 635 79 149 15 329 7 84 16 574 607 9947 2151 362 53 73 65 248 126 25 71 509 352 194 38 3909 121 2 4 9 6 7 13 3 5 5 10 18 13 1 0 12 0 1 0 4 3 14 5 3 41 21 10 21 1 0 0 13 4 13 29 0 7 0 0 38 27 3 14 5 10 78 2 9 1 30 17 11 1 1 2 0 1 0 1 0 1 5 2 2 3 5 0 6 4 1 14 22 7 10 0 3 9 2 3 16 4 49 95 69 9 6 38 1 10 6 3 7 3 4 13 16 4 34 14 1 22
14 3 10 4 56 32 8 2 12 20 19 83 21 2208 3203 593 1221 285 289 609 3213 6353 14821 5417 852 5046 214 190 99 26 45 39 575 1269 52 199 1005 1688 238 2156 9971 3025 740 126 40 81 480 8 358 28 13 21 16 33 21 63 63 373 239 158 119 41 214 46 119 49 40 321 128 24 12 239 559 106 386 63 49 14 147 2 29 8 72 61 529 145 14 56 58 41 127 157 15 51 260 203 59 13 135 31 0 1 2 4 2 8 1 4 3 3 2 5 0 2 11 0 2 2 3 5 24 7 5 24 8 9 15 2 0 5 4 1 3 22 2 10 0 0 46 37 2 18 5 2 47 5 1 2 28 10 5 1 0 3 0 0 2 0 0 1 2 1 1 1 5 0 5 7 4 11 14 3 5 6 6 8 1 1 19 4 35 81 54 10 7 38 2 9 7 7 4 0 1 15 11 0 12 8 0 28
4 1 7 1 7 4 5 2 2 3 3 11 72 2264 1913 969 278 1713 275 287 80 368 5417 10574 211 3245 4250 764 107 19 14 5 46 100 1462 751 160 152 548 2990 2550 3757 2017 38 26 611 1710 15 306 15 10 16 12 40 15 35 46 83 737 58 641 37 279 648 252 104 68 516 120 27 6 16 38 75 106 30 8 11 11 1 20 4 35 55 112 64 27 24 51 37 135 103 4 29 253 59 4 3 62 19 0 0 0 0 1 0 0 1 0 0 1 0 2 11 57 1 0 6 0 33 5 16 1 4 0 0 0 6 1 24 0 0 0 1 0 2 0 0 3 3 23 2 16 0 3 5 3 5 11 48 0 1 2 0 0 1 0 0 0 5 0 0 0 0 1 0 10 23 4 28 0 1 3 0 1 20 0 1 16 5 2 4 20 0 2 3 2 3 1 0 0 5 3 2 1 0 0 0 0 0
24 6 22 13 15 59 9 18 4 23 13 76 7 26 35 9 36 32 11 11 315 5920 852 211 8636 1300 62 29 530 26 52 5 86 63 4 8 78 144 28 2677 259 80 427 19 14 64 2087 7 62 16 13 29 158 376 56 83 418 71 70 9 112 43 407 150 164 26 985 2752 103 21 3 48 93 38 359 25 16 2 33 3 31 4 291 654 1120 2549 3085 21 30 20 91 64 12 21 164 44 18 7 3773 160 0 0 0 0 0 2 0 0 1 0 0 0 0 0 0 0 0 0 0 1 0 0 1 2 3 1 1 0 1 1 1 0 0 3 0 0 0 0 2 2 1 0 1 1 5 3 1 0 4 2 1 0 1 0 1 0 0 0 0 0 0 0 0 1 0 0 3 5 0 4 1 1 1 0 5 5 1 1 8 0 0 13 3 0 1 3 1 3 1 1 0 1 0 2 0 0 1 1 0 1
4 0 4 0 1 4 0 0 0 1 3 11 2 804 789 175 210 86 75 239 190 3397 5046 3245 1300 2675 406 35 58 6 2 0 56 69 892 298 129 146 27 3887 493 215 440 23 13 29 642 6 68 7 4 8 15 36 16 37 8 27 178 12 54 12 141 40 28 16 28 88 34 14 5 17 68 22 25 20 10 1 17 0 10 4 43 86 247 107 16 4 16 10 62 33 8 15 112 23 2 0 87 3 0 0 0 0 0 1 0 0 0 0 0 0 0 0 6 0 0 0 0 1 0 0 0 1 2 0 2 0 0 0 1 0 0 0 0 0 0 0 0 3 1 1 0 0 1 1 0 0 0 3 0 0 0 0 0 0 0 1 1 0 0 0 0 1 0 0 0 1 1 4 0 0 0 0 2 1 0 0 3 0 1 1 0 0 0 1 0 2 2 0 0 2 1 0 0 0 1 0 0 0
2 1 0 0 1 6 0 2 1 0 0 3 49 4793 4366 1415 92 1288 214 66 12 66 214 4250 62 406 16806 7015 148 12 19 1 21 79 5283 1031 83 48 509 1483 171 109 894 26 16 188 716 5 14 7 1 4 14 35 6 10 93 108 716 63 105 24 312 1347 1039 123 90 569 256 5 4 5 13 270 127 12 1 13 6 0 7 4 21 29 36 37 19 4 10 4 36 7 1 3 64 30 0 5 47 8 1 0 0 0 0 0 0 0 0 0 0 0 2 16 69 1 0 13 0 90 11 37 4 0 0 2 0 3 2 35 0 1 0 2 0 6 3 0 9 9 37 3 31 0 5 8 2 4 17 49 1 0 0 0 1 0 0 1 0 0 0 2 0 0 1 0 12 22 7 78 0 0 4 0 2 14 0 0 7 0 0 1 70 1 3 2 0 2 0 0 0 0 1 6 1 0 1 0 0 0
2 0 4 1 5 3 1 0 3 0 0 12 141 1139 4641 3175 59 1699 269 34 16 38 190 764 29 35 7015 12731 190 9 31 5 32 103 326 196 74 86 6633 61 914 131 649 114 42 514 238 24 128 18 2 14 18 51 7 7 168 209 357 60 364 37 414 2135 3605 1198 119 545 727 15 12 12 23 678 235 34 7 42 13 3 16 5 27 39 28 32 18 20 29 23 82 80 6 26 129 29 1 3 56 29 0 0 1 0 5 0 0 6 0 0 0 0 3 130 469 7 3 78 6 483 51 240 16 1 0 8 1 74 15 161 10 4 3 20 3 17 12 1 100 41 261 9 227 1 35 45 27 23 124 407 0 4 2 2 1 3 0 0 0 0 1 0 1 2 10 5 52 188 26 634 3 4 15 5 8 99 1 0 26 5 6 35 253 0 8 8 0 15 4 0 2 2 13 27 2 1 2 3 0 2
9531 760 1463 827 987 1696 3268 541 168 623 129 1998 22 231 273 55 59 55 14 16 84 230 99 107 530 58 148 190 36119 8051 1597 155 538 247 20 39 117 136 335 128 255 51 324 12 51 102 236 73 123 34 43 96 2944 7266 417 98 7347 462 80 60 209 132 824 156 699 115 7312 1096 647 67 31 306 123 93 2313 74 109 6 93 9 74 9 893 704 175 283 816 84 74 50 134 154 34 47 217 996 333 3318 531 1262 26 20 68 57 36 159 12 24 69 110 77 162 0 0 7 1 0 1 0 6 2 4 0 27 15 2 6 3 1 2 56 5 49 35 1 6 0 0 10 5 4 1 5 20 95 10 9 4 6 27 0 1 2 2 1 1 1 2 3 1 12 8 4 36 5 0 15 13 2 22 48 14 5 1 3 19 2 1 41 6 62 32 37 1 10 37 1 20 9 6 24 6 9 31 66 16 43 15 0 5
5416 4346 1030 6750 6660 5464 840 358 230 616 175 2869 2 60 40 9 32 10 5 6 84 101 26 19 26 6 12 9 8051 23519 1300 228 852 173 0 3 61 108 60 24 264 12 21 2 6 8 22 7 19 13 16 45 402 496 130 91 4470 99 15 23 11 11 23 12 41 11 162 55 45 7 9 505 128 71 315 5 144 3 140 11 55 13 314 177 239 49 36 29 29 10 15 85 20 21 20 1010 721 724 41 466 60 71 188 134 82 366 26 41 175 294 321 510 0 1 2 0 0 0 1 3 0 1 0 28 20 3 10 0 0 1 166 12 131 88 1 6 0 0 6 2 2 3 3 48 145 3 1 0 4 7 3 1 1 10 0 0 2 7 1 2 32 33 8 78 7 0 0 2 0 4 112 31 2 0 3 3 0 3 6 0 174 38 22 4 0 70 0 2 7 32 51 0 3 65 176 73 80 32 0 6
139 79 71 632 10518 2889 55 32 112 185 126 1346 5 86 106 16 32 11 6 6 101 129 45 14 52 2 19 31 1597 1300 8531 291 832 176 2 13 65 71 86 15 189 4 34 4 5 6 26 16 12 10 3 10 112 213 45 51 3204 226 27 27 27 14 48 7 107 20 262 120 121 11 4 493 115 75 1735 13 63 1 116 3 24 5 142 151 269 164 329 20 10 8 21 30 6 5 22 2448 421 135 686 10150 21 24 53 57 33 159 11 17 45 99 115 200 1 1 2 0 0 0 0 1 1 0 0 21 14 2 8 0 0 0 69 6 69 32 0 1 0 0 3 2 0 1 0 16 89 4 4 0 0 6 1 2 1 7 1 2 0 0 0 0 16 9 4 42 1 0 2 2 1 5 52 17 3 1 4 4 2 0 10 2 79 16 12 2 3 33 1 1 2 6 22 1 3 24 80 25 47 21 0 3
33 12 10 21 2668 2027 29 5 68 65 80 549 0 12 11 4 5 9 2 3 66 86 39 5 5 0 1 5 155 228 291 2353 5513 441 2 4 24 35 8 4 72 1 6 3 1 2 7 0 2 0 0 2 31 21 7 10 67 670 9 15 1 1 5 1 20 7 13 15 20 1 1 482 122 10 1760 2 59 0 67 0 1 0 17 15 54 29 5 0 1 0 2 4 1 0 0 3294 351 52 17 40 13 9 19 12 5 47 4 10 21 32 39 51 0 0 0 0 0 0 0 1 0 0 0 3 3 0 4 0 0 0 14 1 17 7 0 1 0 0 0 0 0 0 0 5 10 0 0 0 0 0 0 0 1 1 0 0 1 3 0 0 2 3 0 8 1 0 0 0 0 2 7 4 0 0 0 1 0 0 4 0 20 3 5 0 0 9 0 0 0 2 3 0 0 9 25 6 6 4 0 1
82 15 23 33 3234 1375 88 28 238 202 564 966 15 140 154 236 92 301 229 81 429 829 575 46 86 56 21 32 538 852 832 5513 10139 4565 18 32 1069 4356 115 175 442 13 62 38 17 80 172 9 16 11 5 9 73 126 25 52 303 2411 210 410 63 16 56 19 107 34 75 504 160 5 6 1612 1085 135 3292 13 479 17 263 2 17 12 118 123 339 113 31 22 17 10 46 25 6 3 18 6089 1589 224 95 195 19 12 48 48 21 105 6 11 46 99 90 149 0 5 5 1 0 1 0 7 2 1 0 15 12 3 3 1 0 2 40 7 50 25 0 3 0 0 9 2 1 0 1 10 44 4 1 0 8 8 5 1 0 3 1 0 1 2 0 0 8 10 2 29 0 0 3 6 1 11 29 14 3 1 1 8 0 0 24 3 57 24 28 0 5 29 0 3 2 7 19 1 2 20 84 21 28 12 0 5
14 1 5 2 296 66 7 1 2 7 3 49 3 858 292 296 138 263 43 43 230 542 1269 100 63 69 79 103 247 173 176 441 4565 9887 118 684 1438 957 199 261 422 24 111 8 8 31 546 10 10 5 1 7 20 49 10 11 152 4672 2096 7067 46 10 72 46 196 41 52 1745 210 10 9 123 345 18 2760 21 7 1 23 1 9 1 33 50 147 49 27 8 10 5 33 13 2 2 39 1732 11 17 57 117 0 0 0 0 0 1 0 1 0 1 2 2 0 3 9 0 0 1 0 3 0 3 1 1 2 0 0 2 0 5 1 0 0 1 0 0 1 0 1 0 2 0 3 0 3 1 5 1 2 3 0 1 0 0 0 0 0 0 0 0 1 0 0 0 1 0 2 4 0 10 0 0 1 0 3 8 0 1 11 2 1 2 2 0 3 2 0 0 2 1 0 0 0 0 2 0 1 1 0 0
0 0 0 0 0 2 0 0 0 0 0 1 3 5010 1281 204 54 131 16 13 0 0 52 1462 4 892 5283 326 20 0 2 2 18 118 5337 2656 108 9 39 1943 37 106 545 4 2 27 1619 5 6 1 1 5 0 4 0 0 12 60 1187 139 34 6 150 243 175 17 12 197 50 4 1 2 5 12 42 4 0 1 0 0 3 0 2 3 2 10 3 1 4 3 9 3 0 1 38 8 0 0 6 2 0 0 0 0 0 0 0 0 0 0 0 0 0 0 5 0 0 1 0 1 0 5 0 0 0 0 0 0 0 0 0 0 0 0 0 0 0 0 0 1 1 0 2 0 0 3 1 0 0 3 0 0 0 0 0 0 0 0 0 0 0 0 0 0 1 0 1 1 0 7 0 0 0 0 0 0 0 0 0 0 0 0 5 0 0 0 0 0 0 0 0 0 0 0 0 0 0 0 0 0
0 0 0 2 2 1 0 0 0 0 1 0 1 7162 1114 91 74 36 3 3 7 9 199 751 8 298 1031 196 39 3 13 4 32 684 2656 2373 929 11 47 872 111 49 452 3 4 17 832 5 8 4 0 1 0 7 1 0 30 280 5346 1225 32 5 164 203 137 8 10 525 43 0 0 9 5 5 142 7 0 0 2 0 3 0 1 6 6 5 4 1 6 4 18 5 0 2 49 19 1 2 10 7 0 0 0 0 0 0 0 0 0 0 0 0 0 0 4 0 0 0 0 3 0 0 0 0 0 0 0 1 0 1 0 0 0 0 0 0 0 0 1 0 1 0 0 0 0 0 2 0 1 3 0 1 0 0 0 0 0 0 0 0 0 0 0 0 0 0 1 2 0 1 0 0 0 1 0 1 0 0 4 0 0 0 1 0 0 1 0 2 0 0 0 0 1 0 0 0 0 0 0 0
2 0 4 2 52 7 5 1 0 3 1 10 12 6138 1247 965 2172 770 382 421 139 357 1005 160 78 129 83 74 117 61 65 24 1069 1438 108 929 2700 3140 236 458 375 30 118 15 6 64 493 18 21 6 2 6 15 26 3 14 68 989 1550 672 73 10 79 41 119 39 27 1359 173 4 1 73 359 20 900 27 2 3 21 0 7 5 25 23 69 18 18 8 11 8 33 14 3 5 33 366 3 8 41 40 0 0 0 0 0 0 1 0 0 0 0 1 0 2 6 0 0 2 1 2 1 3 0 0 2 0 0 1 0 3 2 0 0 1 0 0 0 0 3 1 6 0 5 0 2 2 2 0 3 6 0 0 0 0 1 1 0 0 0 0 0 0 0 0 0 0 3 7 2 19 0 0 0 0 1 1 0 1 8 1 2 2 6 0 3 1 0 4 0 0 0 0 0 0 0 0 1 0 0 0
8 4 2 0 105 11 8 1 3 1 5 37 562 258 203 1104 1142 1565 5806 577 356 834 1688 152 144 146 48 86 136 108 71 35 4356 957 9 11 3140 12662 249 561 749 59 259 5146 248 972 424 33 54 51 6 12 19 37 8 31 77 430 154 90 295 42 145 77 85 428 26 389 215 15 13 420 6699 1212 564 80 99 133 457 12 27 24 60 63 215 72 30 55 60 67 435 38 4 7 82 419 19 10 51 47 1 0 0 0 2 2 1 3 1 1 6 3 3 16 80 1 0 21 1 97 20 115 8 42 15 19 28 4 4 17 2 2 2 37 0 15 2 0 70 25 26 17 28 4 79 13 8 3 59 73 9 2 3 0 0 2 0 0 0 0 0 4 1 0 6 2 29 26 5 107 15 9 6 5 3 32 0 1 50 8 23 112 223 10 19 42 1 15 1 6 8 1 2 14 11 0 17 11 0 15
5 0 4 1 23 17 8 2 1 7 1 16 122 364 1516 2913 113 10453 185 115 24 101 238 548 28 27 509 6633 335 60 86 8 115 199 39 47 236 249 18045 57 960 238 1040 76 36 838 98 61 82 40 2 12 26 66 9 16 227 258 162 42 6179 54 326 574 6244 1472 106 299 5440 20 23 42 69 390 452 656 7 25 17 1 26 2 24 33 57 40 17 46 62 22 746 36 3 11 117 169 8 11 47 62 1 2 0 0 2 0 0 4 0 0 0 1 4 115 479 6 2 53 10 458 47 153 11 1 0 7 0 79 8 156 3 3 2 17 7 19 11 1 79 36 216 10 233 3 25 64 66 16 111 519 1 3 6 1 0 3 1 4 2 4 0 0 0 2 12 4 155 249 20 748 3 5 12 6 12 171 2 2 109 9 7 32 202 2 33 16 5 26 4 2 0 10 9 30 5 1 4 0 0 2
5 5 6 2 21 7 3 0 3 7 2 19 9 1734 1242 183 568 113 129 365 167 3086 2156 2990 2677 3887 1483 61 128 24 15 4 175 261 1943 872 458 561 57 4888 409 349 1065 56 19 61 3752 8 108 20 8 15 40 85 15 37 40 79 480 65 107 40 334 130 52 19 77 501 62 16 8 74 246 67 99 19 11 5 62 1 22 0 70 164 298 238 77 12 30 26 82 44 5 20 211 80 8 4 163 13 0 0 2 0 1 0 0 1 0 0 0 1 0 2 5 0 0 0 0 1 3 1 0 5 5 2 0 1 0 1 3 0 2 3 0 0 0 0 6 0 1 4 3 0 6 3 0 0 2 2 1 2 2 0 0 1 1 1 0 1 0 0 0 0 0 2 4 3 2 8 2 0 1 0 0 3 2 0 5 0 3 10 10 0 3 4 0 5 1 0 1 1 1 0 0 0 2 0 1 1
665 445 1326 561 149 802 196 427 103 660 118 1443 174 1100 2741 1580 498 1374 439 504 1300 1170 9971 2550 259 493 171 914 255 264 189 72 442 422 37 111 375 749 960 409 14513 5833 1223 184 422 826 200 183 3036 392 177 261 40 86 982 2650 225 228 146 70 1178 139 470 97 404 281 102 347 464 166 204 301 383 181 442 483 130 37 213 82 531 230 565 254 951 276 59 781 1027 622 1495 1899 253 370 556 275 168 71 167 119 2 11 24 19 14 28 2 22 22 44 35 39 4 21 147 3 3 11 6 58 23 45 8 49 19 11 22 16 4 27 16 5 24 38 3 22 2 1 47 24 47 18 61 9 89 40 49 14 38 114 6 47 86 6 14 19 10 10 11 15 1 6 5 8 9 1 45 89 31 65 38 17 13 7 62 91 16 33 153 22 55 86 69 9 53 61 37 97 128 11 10 45 81 32 28 6 30 9 1 22
6 3 11 2 3 3 7 2 3 9 0 8 47 138 248 154 52 308 65 45 35 156 3025 3757 80 215 109 131 51 12 4 1 13 24 106 49 30 59 238 349 5833 5784 5015 41 121 395 304 37 2080 53 14 24 9 17 22 53 33 19 73 5 624 24 164 45 117 113 20 101 151 41 13 7 15 14 31 168 11 9 4 4 43 19 20 41 43 33 6 105 175 104 533 478 16 63 221 8 8 1 25 3 0 0 0 0 0 0 0 2 0 0 0 0 0 6 28 3 0 3 2 10 2 7 1 0 0 0 0 3 1 4 0 1 1 0 0 2 0 0 2 3 14 3 17 0 1 14 18 2 5 35 1 2 8 0 0 7 0 1 0 4 0 0 0 0 1 1 17 15 8 23 0 1 0 1 4 19 1 1 33 5 1 2 1 0 18 1 1 10 7 0 0 4 6 0 4 1 0 0 0 0
9 5 13 5 12 21 6 6 10 19 6 17 160 1269 1246 530 163 1810 302 114 126 867 740 2017 427 440 894 649 324 21 34 6 62 111 545 452 118 259 1040 1065 1223 5015 4945 126 432 1779 1453 160 2258 338 60 87 67 162 24 59 132 119 719 53 3098 353 2780 5586 1487 530 223 974 998 266 77 34 83 88 178 809 30 19 42 28 167 70 88 199 295 323 69 307 662 501 2185 633 109 497 5023 61 29 6 198 22 0 2 0 0 1 0 0 3 0 0 0 0 3 22 92 3 2 14 1 54 5 17 1 0 1 1 3 10 1 15 0 2 0 6 3 1 1 0 5 6 31 4 41 3 7 52 51 9 23 149 0 28 60 3 2 16 1 2 2 18 0 0 2 0 0 0 67 65 34 98 1 6 5 3 71 114 9 12 163 22 2 8 23 1 64 7 13 98 49 0 0 36 53 7 6 0 0 1 0 1
0 0 0 1 1 1 1 1 7 4 0 3 7102 6 34 262 320 430 12359 611 48 91 126 38 19 23 26 114 12 2 4 3 38 8 4 3 15 5146 76 56 184 41 126 8314 1994 886 32 52 83 543 6 60 3 3 3 13 5 5 5 1 142 70 110 52 69 1414 12 15 106 28 20 153 2014 3437 10 60 346 1695 2782 104 87 197 11 9 22 16 2 159 106 318 631 46 5 10 95 10 25 1 9 0 0 0 0 0 1 0 1 9 1 1 5 3 5 28 143 1 0 50 10 153 49 376 18 24 13 16 17 13 7 28 3 0 0 13 0 15 7 0 74 30 46 22 35 1 49 19 7 17 107 95 6 5 6 0 0 1 1 2 2 6 0 3 2 1 5 1 15 34 12 176 16 3 9 0 8 25 1 1 36 5 19 71 473 6 5 32 2 16 5 4 4 2 8 11 8 3 5 6 0 17
9 3 12 0 8 2 8 11 112 26 1 9 8436 16 43 36 25 112 734 28 17 58 40 26 14 13 16 42 51 6 5 1 17 8 2 4 6 248 36 19 422 121 432 1994 15315 2585 16 242 379 4122 19 117 10 16 13 10 26 12 6 1 319 335 463 34 239 2070 14 30 615 135 92 154 305 370 20 274 1194 570 1035 72 229 359 19 24 31 24 1 759 420 3902 3039 209 30 67 528 12 558 50 16 8 0 0 0 0 0 1 0 3 0 3 1 4 2 2 25 3 0 3 2 33 13 16 3 0 0 2 0 8 2 2 1 0 0 3 0 1 1 0 3 1 14 2 23 1 3 42 47 6 13 132 1 9 18 6 1 5 3 1 1 18 0 0 1 0 1 2 64 48 12 92 2 3 3 1 18 62 6 7 132 15 1 9 26 3 47 3 16 64 31 2 1 14 23 1 5 1 0 1 0 2
8 4 6 3 2 5 0 3 18 5 2 6 4545 61 159 203 129 3308 3465 111 27 141 81 611 64 29 188 514 102 8 6 2 80 31 27 17 64 972 838 61 826 395 1779 886 2585 6893 64 80 198 189 10 20 23 47 13 23 68 17 47 3 722 81 393 699 829 2671 85 132 353 46 24 28 149 293 41 237 63 60 112 10 52 26 22 52 64 76 7 122 189 336 1658 94 11 29 296 16 50 8 47 10 1 0 0 0 3 0 0 10 1 1 1 0 6 86 537 8 2 52 7 331 37 157 10 3 3 8 6 82 7 100 5 5 1 9 2 13 4 1 75 26 201 15 297 4 17 102 169 32 116 660 3 6 7 4 6 4 1 1 2 3 2 2 2 0 11 5 258 265 24 581 4 16 17 8 26 238 6 7 184 21 9 32 142 3 58 28 3 44 9 5 3 9 23 19 10 2 3 3 1 3
12 1 8 0 19 10 5 5 4 3 1 16 4 1318 745 95 350 86 50 119 92 944 480 1710 2087 642 716 238 236 22 26 7 172 546 1619 832 493 424 98 3752 200 304 1453 32 16 64 5555 15 71 17 3 9 44 105 13 28 80 180 1679 339 131 32 590 391 280 38 198 3983 166 22 8 75 201 33 197 29 22 4 60 0 16 7 54 110 183 264 406 10 21 20 82 25 8 10 233 81 5 5 190 8 1 0 0 0 1 1 0 1 0 0 0 0 0 1 8 0 0 0 1 5 1 1 0 4 2 0 1 0 0 1 0 0 0 0 0 0 1 0 2 0 0 2 2 0 5 1 3 0 6 7 0 1 2 0 0 0 0 0 1 0 0 0 0 0 1 0 2 3 0 12 0 0 0 0 1 10 0 1 5 2 1 3 5 0 2 0 0 3 3 0 1 2 3 1 0 0 2 0 0 1
10 2 7 3 2 4 4 5 8 5 0 5 49 8 48 32 13 72 44 2 12 30 8 15 7 6 5 24 73 7 16 0 9 10 5 5 18 33 61 8 183 37 160 52 242 80 15 19585 302 728 11 115 14 13 8 15 36 24 11 5 208 8377 1686 33 332 107 33 29 3923 1245 2424 9 13 24 52 5123 25 9 17 19 954 145 7 21 14 22 3 4210 7641 1079 1908 163 40 119 679 24 31 6 8 9 0 0 1 0 3 0 0 1 0 1 0 1 1 2 10 3 1 8 5 19 1 7 3 1 0 1 3 6 1 6 3 1 1 2 1 8 3 0 7 6 14 15 15 4 9 123 81 4 8 105 6 99 225 12 16 83 5 10 3 36 0 0 0 0 4 3 50 112 143 40 9 8 14 11 286 264 18 60 441 66 2 3 7 4 150 3 31 439 149 2 1 134 166 1 3 0 5 0 0 7
49 13 53 14 4 25 28 21 16 21 3 31 87 53 182 169 44 148 81 55 46 252 358 306 62 68 14 128 123 19 12 2 16 10 6 8 21 54 82 108 3036 2080 2258 83 379 198 71 302 14764 571 148 154 15 50 26 110 38 18 26 2 348 226 441 39 163 160 53 81 325 275 198 9 23 30 37 454 35 8 31 61 411 205 76 141 136 59 11 1078 1654 938 1559 6870 316 2885 5811 8 52 13 44 13 0 2 1 0 1 0 0 0 1 1 2 3 2 1 8 3 0 5 3 8 4 3 3 1 0 1 0 0 0 2 3 0 0 3 0 1 1 0 4 8 4 1 6 4 5 42 32 2 4 46 1 42 121 3 5 22 10 7 8 26 0 0 0 0 2 1 16 40 51 25 0 4 4 2 100 86 8 37 193 24 4 6 3 3 52 1 25 199 87 1 1 75 114 0 3 0 1 0 2 0
22 6 28 5 3 8 11 12 131 21 4 14 405 10 34 21 6 42 82 14 10 31 28 15 16 7 7 18 34 13 10 0 11 5 1 4 6 51 40 20 392 53 338 543 4122 189 17 728 571 10974 85 1294 16 13 19 43 17 14 6 2 118 1110 486 18 128 2469 14 19 721 483 339 142 146 628 19 705 1005 449 541 1956 1243 9500 19 55 37 31 4 4921 705 3038 761 402 91 237 1065 15 582 52 19 4 0 0 0 1 1 1 0 2 2 1 3 2 1 1 7 1 1 5 1 14 2 11 3 0 1 3 0 5 0 1 5 2 1 3 3 2 1 0 2 2 6 7 10 5 3 71 65 5 10 68 0 92 220 13 19 71 52 16 37 81 0 2 0 0 2 0 37 87 102 62 9 11 7 4 172 119 33 85 294 38 3 1 9 3 82 8 51 1292 239 2 1 117 206 5 5 1 1 3 0 4
46 6 43 11 7 23 21 19 2 32 3 24 8 4 14 9 2 6 0 4 7 36 13 10 13 4 1 2 43 16 3 0 5 1 1 0 2 6 2 8 177 14 60 6 19 10 3 11 148 85 10143 14626 9 26 132 107 9 2 0 0 17 23 34 16 7 33 21 9 19 279 30 6 2 20 8 28 8 3 4 1492 2179 159 55 94 33 33 2 194 70 65 99 5371 3811 429 147 9 12 2 12 6 1 0 2 1 0 2 0 2 0 2 0 2 0 0 0 0 0 0 0 0 0 0 0 1 1 0 0 1 0 0 0 0 0 0 0 0 0 0 0 0 0 0 0 3 4 6 2 0 1 2 0 28 25 2 1 6 175 51 153 194 0 0 1 0 1 0 1 3 6 6 0 2 1 0 5 8 64 38 20 4 3 4 5 1 1 3 69 24 118 1 0 15 39 1 5 1 0 0 0 0
86 24 86 25 13 36 46 39 49 67 2 35 31 6 32 11 4 13 13 5 21 81 21 16 29 8 4 14 96 45 10 2 9 7 5 1 6 12 12 15 261 24 87 60 117 20 9 115 154 1294 14626 31902 14 34 181 108 33 7 5 1 57 140 152 30 58 590 32 32 187 825 156 27 24 312 25 139 209 41 77 11072 4634 2348 87 158 76 62 6 1491 284 347 312 2351 7420 279 269 11 225 14 20 15 4 1 9 2 1 10 4 15 4 13 2 12 1 0 7 1 0 2 1 4 0 5 1 0 0 2 3 2 0 0 5 2 2 6 0 0 0 0 2 2 4 3 3 15 8 27 9 1 4 21 1 91 80 17 10 41 1539 337 1174 751 1 2 0 3 1 1 15 13 18 47 2 6 2 1 51 31 268 158 69 15 6 10 36 2 11 19 421 156 499 4 2 49 186 4 9 6 3 1 2 1
780 140 424 127 82 207 1335 409 266 466 65 428 5 22 25 3 5 6 0 1 13 70 16 12 158 15 14 18 2944 402 112 31 73 20 0 0 15 19 26 40 40 9 67 3 10 23 44 14 15 16 9 14 9192 8489 8776 15 355 48 5 1 28 23 105 33 93 21 355 146 54 10 2 90 18 36 203 7 56 2 24 4 11 5 2339 1367 182 211 96 9 9 15 26 34 3 9 45 94 322 4887 87 93 5 2 19 11 6 24 5 10 11 17 19 34 0 1 2 0 0 0 0 2 2 0 0 11 3 2 0 0 0 1 5 0 11 16 0 2 0 0 6 3 1 1 0 2 17 2 0 0 6 5 2 0 0 1 0 0 0 0 0 0 0 3 4 3 2 0 3 2 0 0 8 1 1 0 0 3 1 0 2 0 23 18 8 0 0 6 2 1 1 1 0 1 0 7 18 4 4 3 0 5
753 162 567 176 121 301 953 388 87 399 57 495 6 42 43 6 5 17 7 1 21 174 33 40 376 36 35 51 7266 496 213 21 126 49 4 7 26 37 66 85 86 17 162 3 16 47 105 13 50 13 26 34 8489 10523 710 33 756 94 22 6 80 35 269 69 203 33 3643 457 134 28 10 95 44 43 474 15 25 1 40 9 46 12 2526 6251 60 574 277 31 20 16 50 97 23 19 107 142 88 1204 257 199 2 4 11 6 1 20 1 3 8 15 10 23 0 0 1 0 0 1 0 3 1 4 0 11 5 5 3 0 0 1 4 1 9 8 0 2 0 0 7 1 0 2 1 3 15 0 4 0 4 9 1 1 1 0 0 1 0 0 0 2 1 1 2 6 0 0 5 2 1 5 5 4 1 1 4 8 1 0 11 1 15 23 8 1 1 11 2 3 4 2 2 2 1 5 10 2 13 3 0 3
335 74 284 86 29 124 371 201 51 195 20 201 2 4 10 4 3 10 4 2 22 86 21 15 56 16 6 7 417 130 45 7 25 10 0 1 3 8 9 15 982 22 24 3 13 13 13 8 26 19 132 181 8776 710 16244 484 64 13 2 0 27 6 34 7 22 9 88 59 23 17 8 29 12 30 65 4 11 0 21 31 110 12 6493 721 750 191 23 30 25 9 41 405 65 22 22 33 64 1138 56 41 1 1 6 5 1 12 1 6 5 8 10 9 0 0 3 0 0 1 0 2 1 0 0 4 0 4 1 0 0 0 3 0 4 11 0 2 0 0 5 2 1 3 0 2 14 2 1 0 3 5 3 0 0 0 0 0 4 1 5 0 0 0 2 1 1 0 0 2 0 0 2 2 1 1 1 1 2 1 3 0 11 21 6 1 2 4 3 6 2 3 1 0 2 2 1 0 4 2 0 3
275 112 361 148 40 207 94 152 29 193 17 273 8 13 14 13 8 28 3 2 1933 349 63 35 83 37 10 7 98 91 51 10 52 11 0 0 14 31 16 37 2650 53 59 13 10 23 28 15 110 43 107 108 15 33 484 2345 56 16 5 6 50 22 56 18 20 8 41 44 41 36 31 44 39 30 56 21 19 1 24 42 157 32 4986 255 3030 226 22 128 107 43 71 667 93 67 69 34 39 25 79 42 0 3 1 3 2 8 1 0 4 6 7 8 0 2 3 0 1 0 0 1 0 2 0 17 1 3 1 1 0 0 7 0 4 9 0 3 0 0 8 1 0 1 0 1 15 3 0 0 1 3 3 6 8 0 0 0 3 2 6 6 1 0 0 3 0 1 2 4 4 3 4 1 2 1 5 5 7 8 7 1 8 15 5 1 2 3 12 8 14 0 2 1 5 3 4 3 9 0 0 3
122 53 121 166 547 530 54 36 73 383 118 718 7 205 256 36 46 32 9 6 71 145 63 46 418 8 93 168 7347 4470 3204 67 303 152 12 30 68 77 227 40 225 33 132 5 26 68 80 36 38 17 9 33 355 756 64 56 7378 558 78 43 102 61 369 83 561 61 2806 1032 420 24 20 137 64 77 3039 57 54 0 60 2 41 10 230 355 217 891 1411 36 35 13 61 74 10 16 99 820 204 136 2982 2524 22 16 60 58 27 110 8 9 56 95 76 164 0 2 4 0 0 1 1 5 2 0 0 21 16 0 5 0 0 2 59 7 49 41 0 4 0 0 14 1 3 0 5 18 63 4 7 0 1 18 2 4 0 6 0 1 1 1 1 4 19 15 3 31 3 0 16 10 0 15 54 19 0 1 6 15 4 1 20 7 59 21 23 1 12 23 1 4 6 9 28 3 3 22 45 24 38 16 1 7
8 4 5 4 410 75 6 2 7 6 2 66 1 967 650 121 250 63 12 31 127 305 373 83 71 27 108 209 462 99 226 670 2411 4672 60 280 989 430 258 79 228 19 119 5 12 17 180 24 18 14 2 7 48 94 13 16 558 7925 2332 4845 61 12 175 48 425 59 275 2725 360 7 7 223 288 21 6045 24 9 0 55 0 15 2 42 70 115 131 317 14 24 11 45 21 3 6 33 2404 33 19 330 246 1 0 2 1 0 0 0 1 0 2 2 2 0 1 3 0 0 0 0 6 0 6 0 2 0 1 1 0 0 1 3 1 0 0 0 0 0 0 1 1 2 0 2 1 4 3 7 0 1 12 0 0 2 0 0 2 0 1 1 0 0 1 0 2 0 0 9 9 2 19 1 1 0 0 4 10 0 0 22 5 2 4 1 1 9 1 0 3 0 0 1 1 3 1 1 0 1 1 0 0
2 0 3 1 17 5 1 0 1 5 0 1 4 2624 986 136 157 70 9 12 25 72 239 737 70 178 716 357 80 15 27 9 210 2096 1187 5346 1550 154 162 480 146 73 719 5 6 47 1679 11 26 6 0 5 5 22 2 5 78 2332 3448 6078 89 30 490 393 532 33 76 1662 228 8 5 23 76 14 743 17 3 4 8 0 12 1 9 15 17 50 31 10 12 11 33 13 0 7 123 112 4 2 40 16 0 0 0 0 0 0 0 1 0 0 0 0 0 2 3 0 0 0 0 2 1 3 0 0 0 0 0 1 0 3 1 0 0 1 0 1 0 0 0 0 0 0 1 0 1 1 2 0 0 10 0 0 0 0 0 0 0 0 0 0 0 0 1 0 0 0 4 3 1 9 0 0 0 0 2 8 1 0 6 0 0 0 2 0 3 2 0 3 1 0 0 1 0 0 0 0 0 0 0 0
1 0 2 1 22 3 0 0 0 0 0 2 0 557 168 46 50 30 2 3 25 66 158 58 9 12 63 60 60 23 27 15 410 7067 139 1225 672 90 42 65 70 5 53 1 1 3 339 5 2 2 0 1 1 6 0 6 43 4845 6078 2760 14 5 52 42 105 5 14 1354 68 2 0 9 38 1 1194 2 0 0 0 0 1 0 4 7 12 9 11 1 1 1 4 3 1 1 7 218 3 3 12 20 0 0 0 0 0 0 0 0 0 0 0 0 0 0 0 0 0 0 0 1 1 0 0 0 0 0 0 0 0 0 0 0 0 0 0 0 0 0 0 0 0 0 2 0 1 0 0 0 0 1 0 0 0 0 0 0 0 0 0 0 0 0 0 0 0 0 0 0 0 1 0 0 0 0 0 1 0 0 4 0 0 0 1 0 0 1 0 0 0 0 0 0 0 0 0 0 0 0 0 0
7 7 14 4 14 10 7 9 6 8 4 15 163 120 254 197 62 2752 142 36 59 239 119 641 112 54 105 364 209 11 27 1 63 46 34 32 73 295 6179 107 1178 624 3098 142 319 722 131 208 348 118 17 57 28 80 27 50 102 61 89 14 9424 200 1324 925 1260 1047 140 239 2271 94 57 23 74 29 124 5545 20 16 39 7 97 19 51 76 108 127 24 198 395 174 4341 206 30 44 608 39 27 7 93 19 0 0 0 0 2 1 1 10 1 0 3 1 1 31 310 5 1 19 5 122 25 42 5 1 2 3 3 37 1 33 8 3 1 7 1 7 1 1 26 19 98 9 217 0 19 92 238 26 53 550 1 11 13 1 4 14 2 1 0 2 0 4 3 0 4 1 278 223 49 217 7 13 19 8 26 243 3 4 306 37 4 11 31 5 91 16 3 54 10 3 2 20 34 6 11 0 2 2 1 3
5 0 5 1 4 4 6 0 14 8 0 8 55 35 71 38 13 67 49 10 22 130 41 37 43 12 24 37 132 11 14 1 16 10 6 5 10 42 54 40 139 24 353 70 335 81 32 8377 226 1110 23 140 23 35 6 22 61 12 30 5 200 14241 6825 143 376 110 68 89 2310 4013 4753 4 18 45 67 958 48 14 25 47 1500 726 24 47 71 68 14 3374 3309 1499 1534 143 105 338 3111 15 51 6 43 10 2 1 0 0 1 0 0 1 0 2 0 0 3 2 7 3 1 8 5 21 1 4 1 0 0 4 3 6 0 2 2 2 0 1 2 0 2 0 3 4 9 15 9 8 15 91 45 4 8 54 3 198 472 21 34 72 12 23 8 93 0 1 0 0 4 7 31 90 123 24 7 2 9 2 278 158 43 119 354 37 0 4 4 6 117 9 145 551 498 2 1 247 359 2 3 0 1 3 1 8
17 4 18 10 14 18 12 6 16 7 2 29 120 529 887 312 72 433 126 34 146 841 214 279 407 141 312 414 824 23 48 5 56 72 150 164 79 145 326 334 470 164 2780 110 463 393 590 1686 441 486 34 152 105 269 34 56 369 175 490 52 1324 6825 24611 5228 6234 396 494 1090 6734 1598 416 29 61 49 312 1712 41 13 33 19 351 68 133 231 331 394 99 362 1104 813 2943 208 81 229 5250 70 42 21 280 56 0 0 1 1 0 0 0 0 0 0 0 0 0 4 27 2 0 6 0 18 1 11 2 2 0 3 1 4 1 2 3 0 4 2 0 3 2 0 9 7 14 6 14 1 4 65 57 2 11 134 1 33 73 5 7 29 3 5 1 10 1 1 0 0 0 1 49 90 73 75 2 7 4 6 140 175 9 19 374 54 1 7 9 1 103 2 9 194 57 0 0 63 95 5 2 0 0 2 3 2
1 0 5 1 5 5 1 2 1 2 0 7 102 703 756 204 35 890 168 26 35 235 46 648 150 40 1347 2135 156 12 7 1 19 46 243 203 41 77 574 130 97 45 5586 52 34 699 391 33 39 18 16 30 33 69 7 18 83 48 393 42 925 143 5228 3735 6960 266 160 573 853 36 15 6 20 109 84 82 3 13 8 4 34 2 46 76 103 141 43 21 37 28 191 27 7 14 744 23 2 2 118 11 1 0 0 0 1 0 0 0 0 1 0 0 2 32 95 5 0 9 1 60 11 23 4 0 0 1 0 12 2 31 0 1 1 1 0 2 0 0 23 2 56 2 59 1 5 13 10 8 18 71 1 2 6 1 1 3 0 1 0 0 0 0 0 0 2 1 22 51 11 92 0 1 1 2 2 37 0 0 23 3 1 1 32 0 10 7 2 7 1 1 0 5 5 6 2 1 0 0 0 0
15 3 10 5 18 14 5 9 4 16 1 32 163 737 2316 1181 83 1162 127 41 59 207 119 252 164 28 1039 3605 699 41 107 20 107 196 175 137 119 85 6244 52 404 117 1487 69 239 829 280 332 163 128 7 58 93 203 22 20 561 425 532 105 1260 376 6234 6960 12389 1397 433 1177 12597 114 99 28 41 148 652 943 9 23 20 5 123 13 73 101 164 182 61 105 203 98 568 75 15 26 654 104 18 23 227 92 0 0 0 0 1 0 0 6 0 1 0 1 1 27 216 7 0 19 5 156 18 47 3 2 1 2 3 49 4 50 2 7 1 5 1 3 3 0 42 18 100 5 137 3 13 80 116 10 52 400 0 4 7 1 2 10 1 2 0 1 1 0 1 1 4 4 186 155 23 348 6 5 9 5 24 168 4 6 319 56 4 11 52 3 86 16 2 57 13 3 1 21 29 16 7 1 1 0 1 2
6 2 3 0 16 9 6 5 66 14 1 13 2995 57 154 153 62 531 717 37 24 81 49 104 26 16 123 1198 115 11 20 7 34 41 17 8 39 428 1472 19 281 113 530 1414 2070 2671 38 107 160 2469 33 590 21 33 9 8 61 59 33 5 1047 110 396 266 1397 2810 56 80 1210 72 36 88 211 849 92 505 1008 909 523 823 315 989 24 29 49 50 7 421 144 350 1344 90 27 33 227 41 370 39 39 19 1 0 0 1 2 0 0 25 2 2 2 2 4 46 259 7 5 35 6 105 35 78 6 2 0 6 2 56 4 50 6 5 0 3 3 8 6 1 25 22 84 7 165 2 8 72 278 25 96 460 2 11 14 1 5 21 9 8 6 18 0 0 0 0 7 6 183 221 47 1675 7 12 22 7 35 170 4 11 308 59 8 27 153 4 73 17 8 50 24 1 5 29 35 10 10 2 5 1 0 9
64 47 120 79 39 218 30 34 8 71 30 355 11 76 114 13 18 46 4 5 20 273 40 68 985 28 90 119 7312 162 262 13 75 52 12 10 27 26 106 77 102 20 223 12 14 85 198 33 53 14 21 32 355 3643 88 41 2806 275 76 14 140 68 494 160 433 56 7812 1293 281 39 12 38 22 26 1223 39 9 2 23 7 38 7 351 4478 210 3662 943 35 34 25 96 80 13 27 145 145 39 29 1545 494 1 1 3 2 2 6 1 1 2 6 5 6 0 0 9 0 0 0 0 4 0 2 0 6 2 0 1 0 0 0 2 0 2 5 0 0 0 0 0 1 2 0 5 0 10 10 2 0 0 17 1 2 1 0 1 0 1 0 1 0 1 0 0 1 0 0 4 5 0 11 2 1 0 0 4 12 2 0 15 4 5 10 2 1 4 5 2 4 3 1 1 2 8 3 7 0 6 2 1 0
11 6 11 7 33 27 6 9 6 21 5 47 16 1357 730 131 187 116 15 27 122 885 321 516 2752 88 569 545 1096 55 120 15 504 1745 197 525 1359 389 299 501 347 101 974 15 30 132 3983 29 81 19 9 32 146 457 59 44 1032 2725 1662 1354 239 89 1090 573 1177 80 1293 8285 612 32 16 119 267 47 1898 57 17 1 75 4 42 6 181 398 372 1337 2147 21 36 25 108 59 9 20 258 293 9 25 1564 186 0 0 1 0 0 1 0 0 0 0 0 0 0 2 7 2 0 1 0 6 0 3 0 2 1 0 0 0 0 0 1 0 1 1 0 0 0 0 7 0 3 0 12 1 4 5 5 1 6 25 0 0 3 2 0 0 0 0 0 0 0 0 0 0 1 0 11 7 4 23 1 0 0 0 1 12 2 1 18 3 1 3 5 0 14 1 0 8 1 1 0 4 4 0 0 0 1 0 0 0
12 5 10 8 30 21 10 3 20 8 7 39 125 351 1230 877 121 1645 113 87 51 190 128 120 103 34 256 727 647 45 121 20 160 210 50 43 173 215 5440 62 464 151 998 106 615 353 166 3923 325 721 19 187 54 134 23 41 420 360 228 68 2271 2310 6734 853 12597 1210 281 612 8363 674 618 45 84 57 642 8332 43 6 40 16 569 35 71 94 156 130 48 635 1326 616 2597 171 38 88 980 233 58 24 136 113 1 0 1 0 0 1 0 9 0 1 2 2 3 8 133 8 2 16 6 101 18 30 5 0 0 5 5 20 2 15 5 5 1 4 0 5 2 1 21 13 50 11 76 6 14 177 258 19 53 544 3 36 52 9 8 61 3 9 2 17 0 4 1 2 8 3 308 225 117 284 5 18 22 11 212 487 8 19 992 163 7 12 15 8 272 11 14 304 41 6 1 91 137 10 7 1 2 5 2 1
34 8 25 10 6 14 14 25 7 26 0 14 41 23 36 20 5 23 22 4 18 70 24 27 21 14 5 15 67 7 11 1 5 10 4 0 4 15 20 16 166 41 266 28 135 46 22 1245 275 483 279 825 10 28 17 36 24 7 8 2 94 4013 1598 36 114 72 39 32 674 4570 2621 12 8 29 29 303 30 6 22 211 2966 949 37 76 56 36 2 2203 989 574 533 1022 2219 2839 2543 13 31 4 16 2 0 1 0 0 0 0 0 3 0 2 0 1 0 0 7 1 0 3 2 12 4 2 3 0 0 1 2 4 0 2 2 1 0 0 0 3 0 0 3 1 9 3 8 8 9 55 26 2 2 37 0 254 385 23 20 42 30 28 50 243 1 0 0 0 2 0 21 43 49 11 7 3 3 7 154 70 133 193 192 23 1 1 11 3 47 4 267 219 672 2 1 152 332 3 2 2 0 1 0 3
16 8 17 3 1 6 10 5 7 10 1 11 23 7 21 14 7 21 17 3 9 28 12 6 3 5 4 12 31 9 4 1 6 9 1 0 1 13 23 8 204 13 77 20 92 24 8 2424 198 339 30 156 2 10 8 31 20 7 5 0 57 4753 416 15 99 36 12 16 618 2621 11957 2 10 23 18 371 24 1 20 134 6134 614 25 41 19 19 3 2982 1057 323 362 448 190 321 418 7 28 2 7 7 2 0 0 1 1 0 2 1 0 0 0 0 0 1 6 1 1 6 1 10 0 2 2 0 1 2 0 5 0 1 1 0 1 0 0 3 0 0 2 0 3 7 2 5 6 40 14 1 2 16 2 176 240 17 10 34 19 24 23 160 0 0 0 0 2 0 14 39 41 10 0 6 0 2 70 43 104 138 120 15 1 0 4 3 30 3 222 158 500 1 1 110 259 1 1 0 0 0 1 0
68 19 37 36 1196 417 84 53 411 2023 1743 1450 63 32 35 34 24 49 49 16 327 609 239 16 48 17 5 12 306 505 493 482 1612 123 2 9 73 420 42 74 301 7 34 153 154 28 75 9 9 142 6 27 90 95 29 44 137 223 23 9 23 4 29 6 28 88 38 119 45 12 2 7229 1064 951 402 10 4165 425 1938 39 33 72 71 82 238 66 20 38 10 24 44 22 6 5 16 1162 6236 336 56 104 11 20 45 47 22 103 13 21 63 97 95 147 0 3 3 0 0 3 0 4 1 9 0 51 16 11 17 0 0 0 33 4 34 32 0 4 0 0 40 14 1 9 0 6 73 2 1 0 13 6 11 2 1 1 0 2 1 2 0 1 8 12 3 26 3 0 3 1 1 6 35 12 2 2 2 3 1 0 3 1 56 74 69 5 0 38 0 2 0 7 16 1 1 16 111 14 41 11 0 12
