49701 3737 8288 17111 1547 5229 15868 14732 75 655 117 2556 0 2 2 5 2 1 0 0 396 120 2 1 21 0 7 25 5590 11242 595 130 164 44 4 3 51 56 9 7 3340 3 4 4 7 1 26 7 19 16 190 305 1394 1600 1085 226 138 14 10 14 8 38 29 13 51 11 623 14 38 96 90 143 32 41 22 4 24 2 13 16 264 38 2337 728 1443 292 26 58 20 3 14 369 116 66 56 187 89 2613 38 35 14 10 73 17 5 169 7 11 58 152 191 154 0 0 3 0 1 3 0 2 5 2 2 24 9 0 0 0 0 1 19 0 18 92 0 39 0 0 3 9 6 1 1 6 40 0 1 0 0 5 2 1 2 0 0 2 4 1 5 9 7 5 7 18 11 0 1 0 0 0 15 0 5 2 0 1 5 7 2 2 97 40 38 1 1 22 3 1 17 2 27 0 2 31 18 32 10 0 0 0
3737 489 1138 3027 943 1331 45 27 1 19 12 482 0 0 0 0 0 0 1 0 25 3 0 0 1 0 0 0 98 3699 10 5 14 0 0 0 3 4 1 0 114 0 0 0 0 0 0 0 0 1 2 3 17 20 14 2 4 1 0 0 1 0 0 1 0 0 32 0 1 0 2 1 1 1 0 0 0 0 0 2 5 0 45 26 53 25 1 1 0 0 0 7 3 1 2 6 2 9 2 4 0 0 4 1 0 18 1 1 4 14 19 8 0 0 0 0 0 0 0 0 0 0 0 3 0 0 0 0 0 0 2 0 1 3 0 0 1 0 1 1 0 0 0 1 3 0 0 0 0 0 0 0 0 0 0 0 0 0 0 0 1 1 1 2 1 0 0 0 0 0 0 0 0 0 0 1 0 0 0 0 7 4 1 0 0 5 0 0 0 0 4 0 0 2 1 1 0 1 0 0
8288 1138 22298 10566 116 1949 208 7404 59 6236 529 13146 0 3 1 0 2 0 2 1 402 78 3 2 8 1 6 5 440 215 42 16 43 2 1 0 7 11 0 2 1232 0 1 1 1 0 7 3 2 1 44 38 164 225 166 79 30 8 0 1 0 10 6 4 9 2 226 2 9 13 16 49 13 48 12 0 12 0 6 7 45 5 514 305 877 160 29 13 7 1 4 65 24 10 16 20 75 113 23 9 43 42 241 54 13 633 24 31 198 566 681 546 0 2 0 0 0 2 0 3 1 1 1 42 20 0 0 0 0 2 55 1 57 169 1 55 0 0 4 11 2 0 0 13 68 0 1 1 3 6 0 0 0 1 0 1 4 0 1 1 15 4 27 38 38 1 2 0 0 0 45 1 12 0 0 1 0 0 0 0 280 69 43 1 0 48 2 0 2 9 39 0 0 61 61 102 30 6 0 0
17111 3027 10566 17949 7111 13938 77 450 16 141 85 1864 0 2 2 0 0 0 0 0 287 59 1 1 3 1 2 1 241 2849 80 21 40 1 0 0 5 7 0 1 473 0 0 0 0 1 3 0 1 0 5 12 63 56 45 34 17 0 0 1 1 0 1 0 3 0 101 4 2 2 2 30 9 23 4 0 2 0 3 1 9 2 161 120 447 102 3 2 0 0 1 11 5 2 1 18 22 39 19 5 13 10 109 30 6 264 10 16 84 225 270 242 0 1 0 0 0 2 0 2 1 1 0 26 3 1 0 1 0 0 23 0 18 81 0 20 0 0 0 2 1 1 0 7 29 0 0 2 0 1 0 0 0 1 0 0 0 0 1 0 7 6 8 23 14 0 0 0 0 0 24 2 4 0 0 1 0 0 0 0 143 28 15 0 0 20 0 0 1 1 25 0 0 27 20 26 9 3 0 0
1547 943 116 7111 21621 12420 197 72 38 97 39 3082 0 8 7 8 1 5 2 0 276 128 0 4 11 0 15 46 1290 8667 7879 817 904 159 5 2 162 141 27 1 487 0 6 3 0 0 35 3 1 2 7 16 127 179 108 28 553 52 29 27 33 11 31 4 111 3 234 27 81 6 7 200 134 11 47 7 14 0 26 4 23 7 232 149 424 149 13 7 1 0 5 28 10 4 8 2825 48 140 38 20 3 2 17 2 1 51 4 0 10 29 38 41 0 0 1 0 0 3 0 6 1 12 0 7 0 0 0 0 0 1 8 1 5 19 0 6 0 0 1 2 8 0 1 0 14 0 1 0 0 11 0 0 1 0 0 3 0 2 1 0 2 1 3 3 4 0 2 1 0 0 5 0 1 0 3 5 0 1 2 0 20 5 7 0 0 3 0 0 1 1 6 1 0 5 4 5 3 0 0 0
5229 1331 1949 13938 12420 14432 332 448 63 1135 92 20439 0 13 5 2 9 0 5 0 839 304 6 3 22 0 7 16 738 4473 2065 3473 2532 79 3 4 200 186 26 10 905 3 9 0 1 11 13 2 7 2 15 23 103 161 95 77 45 15 1 3 33 8 23 7 60 5 277 6 78 9 16 370 315 29 8 7 32 1 63 2 27 1 371 256 1164 293 13 4 2 1 14 21 17 6 18 384 122 184 54 6 16 9 107 39 3 300 12 15 105 274 323 272 1 3 9 0 0 7 0 16 1 18 0 19 10 1 0 0 0 2 28 1 28 110 2 43 0 0 7 6 14 1 6 10 43 1 1 0 0 22 0 0 0 1 0 2 0 2 2 1 8 6 13 21 17 0 0 3 2 0 27 6 5 0 1 6 0 0 13 0 164 42 35 0 0 37 0 0 0 5 23 2 3 38 32 51 14 2 0 0
15868 45 208 77 197 332 8876 5583 600 1575 206 580 4 2 2 0 1 0 0 0 81 77 3 4 2 0 1 11 1149 599 140 51 69 17 1 3 19 16 2 0 428 1 2 1 19 2 8 2 2 26 56 109 978 949 812 43 28 2 3 7 4 10 7 1 13 6 46 2 10 17 16 204 29 20 5 2 133 7 33 8 84 11 678 116 147 30 4 19 9 9 4 92 38 20 15 53 818 4106 6 4 11 6 52 10 1 113 17 18 50 185 170 87 0 0 0 0 0 1 0 1 1 1 0 9 1 0 0 0 0 1 8 0 10 33 0 17 0 0 1 4 0 0 1 2 6 0 0 0 0 3 0 0 0 0 0 3 1 0 3 1 3 2 3 7 7 0 0 0 0 0 7 1 2 0 0 2 1 2 1 0 43 17 14 0 0 13 1 1 8 2 6 1 2 9 26 39 2 0 0 0
14732 27 7404 450 72 448 5583 24280 1069 15334 1311 3229 0 0 1 0 2 1 0 2 104 50 3 2 11 0 5 4 678 356 35 25 49 7 1 1 10 17 4 2 1761 2 6 1 5 3 11 5 15 6 128 219 826 685 680 121 36 7 1 0 3 21 8 5 8 5 276 2 4 62 46 111 13 34 13 5 18 2 9 14 198 29 1305 352 604 95 17 33 15 6 12 212 78 36 41 26 216 1212 27 12 29 14 149 22 5 343 20 32 118 427 406 324 0 0 1 0 0 0 0 2 2 1 0 19 9 0 0 0 0 0 24 0 25 146 1 56 0 0 4 4 2 0 1 13 45 0 1 0 0 3 2 0 3 0 0 1 1 2 3 4 12 8 23 18 25 0 1 0 0 1 23 4 5 1 1 1 2 4 1 1 176 57 33 1 0 35 0 2 12 4 23 0 1 41 50 96 19 2 0 0
75 1 59 16 38 63 600 1069 1916 1492 180 400 11 0 1 0 1 0 5 0 110 94 9 1 1 0 1 1 37 38 12 21 54 0 1 0 2 5 2 0 111 1 1 10 168 9 1 1 0 110 10 86 57 30 42 4 0 2 0 1 2 0 4 0 3 31 7 0 1 1 3 246 49 80 0 1 370 31 191 37 46 69 52 15 60 10 1 93 31 47 45 11 4 3 0 21 1512 139 4 0 4 0 10 4 0 31 4 0 9 49 46 22 0 0 2 0 0 2 0 1 1 3 0 1 0 0 0 0 0 0 0 0 1 7 0 8 0 0 2 2 2 0 1 1 0 0 2 1 0 3 0 0 2 0 0 0 2 0 1 0 0 1 2 0 1 0 1 1 0 0 0 0 1 0 1 2 1 1 6 0 9 6 12 0 2 4 0 1 5 0 1 3 0 3 3 6 1 1 0 0
655 19 6236 141 97 1135 1575 15334 1492 35598 16617 32187 27 3 4 0 6 1 17 1 396 308 17 2 2 1 0 2 213 177 37 127 208 4 1 2 8 14 1 4 708 1 3 56 171 34 4 2 5 106 54 92 324 206 307 38 7 6 3 1 15 5 3 3 11 32 81 3 9 14 18 3522 58 346 16 2 2581 138 383 38 95 64 360 115 316 66 8 89 28 43 59 71 20 10 17 43 6401 905 19 6 77 38 352 74 18 832 47 92 315 944 1013 762 1 0 0 3 1 6 2 6 27 14 7 63 21 1 1 0 0 0 78 2 59 284 3 127 1 0 43 41 5 1 2 21 120 1 2 2 11 11 3 0 0 3 0 5 3 13 3 1 20 20 35 58 52 3 0 6 3 2 70 10 13 2 3 7 0 0 14 1 416 125 121 1 3 77 2 3 8 8 81 1 2 101 139 177 54 6 0 0
117 12 529 85 39 92 206 1311 180 16617 5877 6860 36 0 0 0 0 5 21 0 161 102 9 1 0 0 0 1 59 50 7 52 84 2 0 0 3 9 1 4 277 1 5 65 100 25 3 2 4 56 13 40 74 33 65 13 2 0 0 0 18 2 1 2 1 32 30 1 2 7 6 2797 64 235 1 4 1525 74 322 34 28 29 107 34 127 30 0 33 12 26 32 12 7 3 2 7 2162 157 9 1 21 13 159 30 3 300 21 29 126 369 399 284 0 0 3 0 0 1 2 2 24 16 3 19 10 1 0 0 0 0 17 1 13 96 0 45 0 0 27 39 2 1 1 5 40 0 1 1 8 7 3 0 1 0 0 2 0 1 1 1 8 3 13 14 15 1 2 1 0 0 24 0 6 1 3 2 0 1 5 0 136 48 48 4 1 27 0 2 5 3 28 3 0 19 53 61 14 3 1 0
2556 482 13146 1864 3082 20439 580 3229 400 32187 6860 40750 3 8 7 5 11 15 45 3 1331 744 11 2 24 0 8 11 559 2204 531 2113 6046 185 3 0 146 182 42 5 1528 8 31 16 6 28 22 15 4 2 33 55 218 158 194 86 29 63 3 12 74 10 25 12 68 5 316 8 97 13 17 3589 482 187 58 14 664 2 502 2 65 11 451 269 1400 330 18 7 5 3 51 49 16 10 17 1275 2356 411 97 17 89 70 541 125 17 1346 44 90 392 1262 1488 1290 0 4 11 1 0 16 0 37 19 31 0 91 32 1 1 2 0 2 111 2 126 367 0 135 2 0 19 29 27 0 3 36 162 2 3 2 0 42 2 0 1 2 0 8 2 20 4 1 29 18 47 77 69 1 4 8 1 7 96 5 19 3 3 14 1 0 20 0 648 155 112 1 6 137 2 1 6 18 106 5 3 143 183 198 73 9 0 0
0 0 0 0 0 0 4 0 11 27 36 3 7444 0 1 50 42 430 2369 10 0 7 2 7 1 0 6 39 2 4 1 1 16 1 0 0 5 175 73 0 19 6 19 4208 4137 2698 1 15 3 121 4 13 1 4 1 1 0 0 0 0 49 8 17 27 50 1693 1 0 26 1 13 71 418 2739 0 11 374 760 920 16 45 27 1 1 5 2 0 86 127 206 446 4 1 1 19 0 79 8 0 0 0 5 0 0 0 5 0 1 0 1 0 10 2 83 443 7 1 87 2 597 21 1333 8 0 0 0 1 25 2 23 21 10 10 57 1 22 0 0 61 19 423 7 214 3 1 8 37 43 39 1641 2 3 22 0 2 11 1 2 3 8 0 5 5 4 3 2 49 102 15 150 19 19 2 0 43 143 4 6 203 21 7 53 292 3 36 7 0 13 29 3 2 49 16 10 2 1 1 1 8 1
2 0 3 2 8 13 2 0 0 3 0 8 0 12720 11041 551 619 18 13 50 54 67 673 20 3 3 2804 1911 21 26 20 5 12 2 5434 3190 1085 151 171 18 279 9 36 3 2 2 81 4 3 0 8 4 6 2 6 0 4 14 85 15 23 29 87 69 923 1 7 4 452 8 8 1 9 47 44 5 14 5 20 0 8 0 7 2 10 1 7 1 8 2 10 16 1 7 28 44 2 2 1 2 0 0 0 0 1 1 0 2 0 0 1 3 27 17 2 19 3 47 22 34 244 195 75 30 24 1 13 4 0 21 1 1 0 69 7 92 12 2 140 230 8 38 6 0 10 4 1 3 35 21 40 0 0 0 0 1 0 3 1 0 2 0 1 0 3 17 0 16 2 0 11 1 5 3 1 5 0 0 5 1 6 59 50 3 1 35 0 0 1 1 3 0 2 1 2 0 6 4 0 2
2 0 1 2 7 5 2 1 1 4 0 7 1 11041 23456 10765 1469 220 172 1532 62 75 842 26 2 1 1191 3668 7 14 9 5 15 0 1052 680 398 228 983 22 609 18 53 3 1 17 25 9 28 2 14 2 1 1 12 0 1 7 15 6 244 65 154 52 1665 7 7 3 987 21 13 0 8 45 7 15 6 6 17 1 27 1 8 3 9 3 4 6 20 4 32 65 0 21 102 15 3 0 3 2 0 2 0 0 0 2 0 2 0 1 1 0 20 29 8 21 4 58 32 72 240 235 54 37 21 1 6 7 1 31 2 1 4 52 4 92 10 0 148 234 49 43 39 2 15 5 5 3 43 64 42 0 2 1 0 2 0 2 0 1 0 0 0 0 2 14 1 21 4 3 6 1 7 8 7 13 2 2 18 2 9 93 60 2 3 56 0 1 3 2 5 6 5 0 3 1 9 3 2 7
5 0 0 0 8 2 0 0 0 0 0 5 50 551 10765 13519 1456 2660 2241 1409 7 7 52 29 2 1 76 6718 17 16 15 3 122 4 6 3 315 319 2025 4 549 46 51 2 1 83 5 6 28 3 9 3 1 6 4 0 3 9 0 2 403 36 81 29 594 7 3 5 591 11 10 12 103 35 22 11 3 2 4 0 15 1 2 1 4 2 7 5 9 1 20 55 0 11 52 32 0 0 1 2 0 3 0 1 3 1 0 1 0 1 0 14 62 153 133 33 0 419 14 804 145 2278 101 8 4 0 0 52 1 109 6 1 7 68 1 34 19 3 135 56 328 12 148 0 4 7 3 12 146 198 9 1 6 1 0 1 0 0 0 0 0 0 0 0 0 5 3 56 4 2 3 0 1 0 3 36 1 1 17 4 13 69 102 2 5 53 0 0 3 0 0 5 2 7 9 1 0 0 1 1
2 0 2 0 1 9 1 2 1 6 0 11 42 619 1469 1456 1088 342 1665 3180 71 78 330 13 2 2 11 29 5 7 3 2 28 1 14 3 320 881 95 22 158 9 25 17 10 18 20 5 14 6 10 1 2 0 5 0 0 4 2 0 196 10 22 4 43 1 2 2 40 1 4 5 60 154 3 5 15 45 40 1 5 0 7 1 11 5 4 5 15 3 18 38 1 14 40 16 5 2 0 0 0 0 2 1 0 0 1 1 0 3 2 4 128 57 14 87 15 61 45 60 530 459 107 99 69 3 29 23 0 66 1 2 5 104 9 181 37 8 489 418 15 116 8 2 31 11 2 8 175 9 121 4 0 2 0 4 0 1 3 1 1 0 0 0 9 48 2 35 6 2 12 3 8 11 2 9 1 0 2 0 17 260 201 13 0 224 1 2 5 7 4 4 2 3 25 2 11 15 1 18
1 0 0 0 5 0 0 1 0 1 5 15 430 18 220 2660 342 14801 6101 431 13 42 34 442 14 11 374 1287 21 11 11 5 332 2 10 1 296 866 5995 34 833 122 599 96 32 1006 11 45 57 18 29 5 3 2 3 2 5 3 0 0 6356 68 80 474 779 482 17 6 1499 30 30 53 1853 176 6 118 11 8 241 0 39 2 9 7 19 14 5 23 36 9 181 119 6 40 125 21 4 2 11 2 0 19 0 0 16 12 0 2 0 2 6 62 8 755 1259 13 3 814 19 2549 128 4082 73 12 16 3 5 304 18 495 61 30 66 360 1 169 15 3 396 101 2372 29 1495 3 9 17 46 140 126 2525 21 9 13 7 2 11 2 7 2 2 4 17 4 17 10 11 59 655 36 147 66 58 30 1 18 312 10 2 132 35 56 251 348 26 31 23 0 2 19 15 12 28 19 53 10 11 6 5 33 3
0 1 2 0 2 5 0 0 5 17 21 45 2369 13 172 2241 1665 6101 50806 6340 22 39 63 130 4 8 207 348 12 4 5 3 198 0 10 1 378 6225 246 50 288 34 145 6252 150 1474 15 28 24 20 6 7 0 1 9 1 0 2 0 0 197 24 37 146 167 582 8 1 87 12 17 200 6471 6115 1 23 109 689 1320 2 16 8 4 4 5 10 3 33 38 39 274 68 3 26 83 13 26 2 4 0 2 8 0 0 15 12 0 16 2 2 6 62 406 810 1391 271 23 2041 141 4460 2095 17394 1077 127 84 16 52 211 10 611 30 12 74 542 12 489 141 15 1970 963 1495 224 697 9 84 30 24 214 1528 1800 189 7 15 10 1 17 2 6 6 4 1 4 3 5 7 105 14 383 34 123 12 17 14 14 23 180 5 4 92 12 102 941 2177 20 19 711 0 7 20 7 11 15 22 46 76 14 29 16 7 12
0 0 1 0 0 0 0 2 0 1 0 3 10 50 1532 1409 3180 431 6340 1538 22 29 156 13 1 2 13 37 4 1 3 1 48 0 2 1 110 179 258 20 156 11 32 9 2 18 8 5 22 1 8 1 1 1 2 1 1 0 1 0 336 19 31 3 61 3 1 0 84 7 3 0 83 59 1 8 6 11 21 1 8 0 1 0 5 1 0 6 17 2 13 41 2 16 42 6 2 0 1 0 2 0 2 1 0 2 1 5 0 0 0 1 117 75 27 60 7 90 27 132 304 825 133 44 35 2 15 17 1 91 1 1 7 37 2 74 28 6 262 164 27 58 9 1 17 3 0 2 174 22 40 2 3 0 0 2 0 2 3 1 0 1 0 1 0 17 0 21 3 4 4 2 3 5 0 8 0 1 7 1 10 113 108 6 1 133 1 2 2 2 3 2 5 5 10 1 8 5 0 5
396 25 402 287 276 839 81 104 110 396 161 1331 0 54 62 7 71 13 22 22 10431 9417 3728 88 330 94 106 36 146 340 317 179 551 82 24 9 232 321 21 698 663 27 204 1 2 21 459 11 19 5 6 5 34 30 40 1151 38 27 12 11 50 44 283 88 110 10 37 45 111 43 7 262 296 181 97 10 179 16 49 0 10 2 51 16 4982 138 135 7 32 11 75 40 1 40 283 354 387 76 258 31 2 4 9 2 2 38 0 0 10 29 45 42 2 4 8 3 2 7 8 13 64 17 7 22 7 0 6 1 0 4 5 0 9 70 0 71 1 1 51 101 6 5 5 4 19 0 1 0 5 24 6 0 1 0 1 0 0 2 0 0 2 1 6 5 16 5 0 6 1 2 14 0 5 1 4 15 0 0 19 0 42 55 48 5 4 19 0 1 3 3 6 5 1 7 9 7 8 0 1 0
120 3 78 59 128 304 77 50 94 308 102 744 7 67 75 7 78 42 39 29 9417 33972 3928 433 5287 1673 514 79 229 224 177 139 504 93 41 16 210 329 40 4633 840 108 785 12 11 61 1123 39 113 21 23 11 50 82 47 73 79 25 16 10 146 160 1132 561 308 37 633 65 359 131 24 220 278 171 100 59 178 19 82 0 37 3 272 454 5724 3721 459 26 104 26 219 139 9 125 1098 303 384 66 5636 132 2 5 15 3 2 30 4 3 7 22 31 40 5 4 17 5 2 15 9 19 106 36 17 15 1 1 2 2 0 2 7 1 3 67 2 89 6 2 64 151 17 19 10 4 13 0 8 3 8 92 17 1 6 1 1 3 0 2 1 2 1 4 2 3 7 9 1 10 10 5 11 5 7 3 12 33 2 2 65 9 42 65 68 7 11 35 2 2 10 0 5 21 4 6 10 3 7 1 0 2
2 0 3 1 0 6 3 3 9 17 9 11 2 673 842 52 330 34 63 156 3728 3928 6944 8535 1993 4156 889 33 52 5 9 5 94 14 111 14 478 577 15 8769 7156 1539 1037 3 2 17 1082 14 127 10 16 0 9 3 8 2 6 3 17 8 71 39 187 135 56 13 75 26 55 36 10 23 67 24 8 20 33 4 16 0 9 3 18 20 123 46 73 7 30 10 49 135 8 83 373 14 31 6 52 1 0 2 1 0 0 3 1 0 3 1 5 3 3 0 6 3 0 4 5 7 17 18 6 6 2 0 0 1 0 0 0 0 0 12 0 16 1 0 28 28 10 4 1 0 6 2 3 0 1 27 9 4 2 0 0 1 0 2 0 0 0 1 0 0 1 2 1 5 1 2 3 1 1 0 5 4 0 0 18 0 5 10 21 0 7 6 0 5 7 0 1 8 4 0 1 1 1 0 0 0
1 0 2 1 4 3 4 2 1 2 1 2 7 20 26 29 13 442 130 13 88 433 8535 15091 128 3316 3899 47 52 1 6 0 5 6 487 7 26 15 81 5383 4540 7220 2664 6 6 217 1536 31 515 19 56 3 6 5 15 1 25 3 43 1 482 72 232 365 119 107 66 18 123 75 27 5 35 6 5 42 6 0 21 0 27 3 23 25 54 55 56 27 54 19 142 361 9 208 758 7 2 1 53 3 0 1 0 0 1 0 0 0 0 0 0 0 1 5 23 3 0 8 2 29 13 38 7 3 1 0 1 2 0 3 7 1 0 4 1 6 0 0 11 17 33 0 26 0 0 1 6 5 4 181 3 2 7 0 0 2 0 0 1 1 0 0 0 1 1 1 5 7 4 15 2 4 2 0 5 25 0 0 37 4 2 9 4 0 3 2 2 2 11 0 0 18 2 1 0 0 1 0 0 0
21 1 8 3 11 22 2 11 1 2 0 24 1 3 2 2 2 14 4 1 330 5287 1993 128 10964 310 256 82 926 21 119 3 10 2 5 0 8 9 8 3136 339 14 150 1 1 21 2182 4 8 3 8 15 130 172 69 26 722 3 2 2 45 23 273 320 176 7 1864 126 141 29 7 4 10 7 18 6 7 0 5 1 13 1 298 538 756 2057 2418 2 9 5 29 33 3 20 200 18 1 3 8250 965 1 0 0 0 0 1 0 0 0 0 0 0 0 0 6 1 0 1 1 4 9 3 1 0 0 0 0 0 0 0 0 0 0 3 1 3 0 1 5 7 4 0 1 0 1 0 0 0 1 21 0 1 1 0 0 0 0 0 0 1 0 0 0 0 1 0 2 2 0 2 0 0 2 0 0 14 0 2 6 4 1 6 4 0 3 2 1 0 4 0 0 2 1 1 0 0 0 0 0 0
0 0 1 1 0 0 0 0 0 1 0 0 0 3 1 1 2 11 8 2 94 1673 4156 3316 310 3440 332 3 10 0 1 0 0 0 21 0 2 1 1 7617 557 167 248 1 0 8 252 1 27 0 2 1 2 2 1 1 1 0 1 0 15 6 29 27 5 4 33 1 7 10 1 0 0 1 0 1 0 0 0 0 2 0 11 20 51 37 2 3 5 0 8 25 1 13 60 0 2 0 23 0 0 0 0 0 0 0 0 0 0 0 0 0 1 2 0 0 0 0 1 0 3 11 6 0 0 0 1 0 0 0 0 0 0 0 0 2 0 0 4 4 0 0 2 0 0 0 0 0 4 4 0 0 0 0 0 0 0 0 0 0 0 0 0 0 0 0 0 1 0 1 0 0 0 0 0 1 0 0 2 1 0 1 0 0 2 0 0 0 0 0 0 2 0 1 0 0 0 0 0 0
7 0 6 2 15 7 1 5 1 0 0 8 6 2804 1191 76 11 374 207 13 106 514 889 3899 256 332 30994 10946 647 45 222 2 87 52 5622 145 363 74 115 6364 1223 190 1130 1 6 71 1726 14 91 8 30 7 67 100 48 7 404 42 165 89 93 46 242 1934 1081 17 558 211 336 33 11 8 38 36 74 22 3 2 10 2 10 1 109 113 146 175 280 10 21 8 40 120 8 67 255 42 2 5 347 52 1 0 0 0 1 0 0 0 0 2 0 1 4 40 30 12 1 70 16 171 131 311 50 7 3 0 2 8 0 20 4 0 6 26 1 40 5 2 66 110 126 14 64 0 2 1 5 6 15 166 11 0 1 0 0 0 0 0 0 2 2 0 0 0 2 5 5 22 3 1 0 0 2 2 6 19 0 0 17 4 5 29 12 1 4 9 1 1 5 1 4 6 2 1 2 1 2 2 3 2
25 0 5 1 46 16 11 4 1 2 1 11 39 1911 3668 6718 29 1287 348 37 36 79 33 47 82 3 10946 22352 1129 173 660 12 120 87 413 76 380 118 4928 45 317 29 49 6 8 248 135 7 9 3 2 10 90 158 48 8 763 158 28 112 279 21 88 1560 2742 36 616 257 451 6 9 11 43 48 296 15 9 11 19 0 13 2 129 108 124 82 220 1 4 1 12 18 2 6 21 216 4 14 263 116 1 10 0 0 5 2 0 1 0 1 3 28 4 417 299 7 3 413 17 1772 74 1779 39 7 6 0 2 133 5 213 14 9 23 134 1 89 9 6 137 76 1554 19 790 7 4 6 5 32 22 1726 13 3 2 4 0 1 0 4 0 0 0 2 3 5 3 6 28 305 15 39 19 20 9 2 8 136 1 0 40 7 18 80 70 12 11 7 0 1 2 4 3 4 5 13 7 2 8 0 3 2
5590 98 440 241 1290 738 1149 678 37 213 59 559 2 21 7 17 5 21 12 4 146 229 52 52 926 10 647 1129 24444 5218 3828 81 361 183 65 15 184 130 131 228 316 11 144 1 12 20 935 21 19 5 79 88 5405 9940 1504 37 4640 119 118 96 64 86 835 432 1511 14 4489 317 930 53 39 141 63 63 850 37 18 1 24 5 92 9 1910 2217 225 110 969 18 31 10 69 132 41 35 208 687 52 2012 486 1880 6 5 32 5 0 73 4 5 18 68 75 73 0 2 14 0 1 7 1 18 6 12 1 19 4 0 0 3 0 2 6 0 17 149 0 96 1 0 17 23 19 0 15 6 30 3 7 2 3 86 0 0 4 0 0 1 2 1 5 2 3 4 4 10 26 1 4 11 2 6 17 3 13 1 11 31 0 1 24 6 83 53 42 2 12 18 1 7 9 1 17 8 0 10 4 7 13 3 0 1
11242 3699 215 2849 8667 4473 599 356 38 177 50 2204 4 26 14 16 7 11 4 1 340 224 5 1 21 0 45 173 5218 32031 9255 247 727 313 26 29 382 268 90 7 691 7 21 0 0 6 166 10 6 9 55 65 472 665 327 55 8802 69 132 103 37 30 109 17 314 1 668 89 195 32 29 307 110 27 150 9 21 2 12 4 60 6 597 233 568 174 36 16 6 3 18 105 46 13 36 1119 69 524 68 136 8 9 51 9 3 107 4 2 30 74 130 146 0 0 2 0 1 4 1 15 1 15 2 12 8 1 0 0 0 2 7 0 17 88 0 37 1 1 3 6 13 0 4 5 28 2 1 1 1 18 0 0 3 1 0 1 2 7 3 2 5 8 4 7 26 1 0 2 1 2 21 3 6 2 0 5 1 3 9 0 90 41 32 0 1 25 1 1 8 3 21 3 2 23 13 18 8 2 0 0
595 10 42 80 7879 2065 140 35 12 37 7 531 1 20 9 15 3 11 5 3 317 177 9 6 119 1 222 660 3828 9255 12348 225 781 621 51 39 435 303 116 15 686 7 26 1 1 3 511 6 6 1 20 31 267 500 188 51 10964 333 281 255 27 41 173 74 770 4 1687 281 407 18 15 144 130 9 2855 5 1 0 16 0 42 7 515 420 836 381 254 2 6 1 9 48 16 16 42 4732 22 186 1113 10262 0 1 2 1 0 9 0 1 2 10 11 10 1 2 6 0 0 1 0 8 2 16 1 2 0 0 0 0 0 0 0 0 1 11 1 3 0 0 8 3 9 0 4 0 6 1 1 0 1 7 0 0 0 0 0 1 2 2 0 0 0 0 0 1 2 1 2 2 1 3 1 0 1 0 1 4 0 1 12 3 8 4 4 0 3 4 1 2 5 0 2 2 2 3 1 2 0 0 0 0
130 5 16 21 817 3473 51 25 21 127 52 2113 1 5 5 3 2 5 3 1 179 139 5 0 3 0 2 12 81 247 225 4979 8255 2074 0 2 133 129 31 0 145 2 6 0 0 2 15 1 0 1 6 6 22 20 26 10 4 4912 5 23 25 2 9 1 33 0 32 9 56 0 3 456 272 9 648 5 23 0 31 0 11 1 47 24 161 38 2 0 2 0 7 9 3 1 5 5693 62 30 15 5 2 0 24 7 0 49 2 5 5 34 72 37 0 4 2 0 0 6 0 16 2 11 1 1 0 0 0 0 0 0 3 0 8 21 0 5 0 0 4 2 6 0 4 1 4 0 0 0 0 6 1 0 0 0 0 0 0 0 1 0 3 1 2 6 3 0 0 4 0 0 7 0 2 0 0 3 0 0 4 0 36 8 8 2 0 8 0 0 0 0 7 0 0 3 7 5 1 0 0 0
164 14 43 40 904 2532 69 49 54 208 84 6046 16 12 15 122 28 332 198 48 551 504 94 5 10 0 87 120 361 727 781 8255 12070 2808 113 24 2054 2517 296 9 544 9 32 17 7 50 685 11 4 4 12 26 59 64 76 23 116 1847 317 662 488 17 23 22 114 16 107 736 184 12 9 3732 1473 249 1817 22 200 17 382 2 37 0 166 73 334 94 420 1 12 1 27 31 14 11 31 5456 202 73 47 203 14 7 41 13 6 87 7 6 24 82 111 114 6 11 14 6 8 13 1 46 55 60 7 64 28 0 5 4 0 3 21 1 28 342 10 270 1 3 109 146 42 16 21 11 87 4 4 2 10 61 15 2 1 1 0 0 1 15 1 0 14 4 12 11 80 2 6 13 3 3 61 8 46 8 7 16 0 0 29 7 184 244 149 12 6 77 0 0 2 6 62 1 2 34 22 28 25 8 0 5
44 0 2 1 159 79 17 7 0 4 2 185 1 2 0 4 1 2 0 0 82 93 14 6 2 0 52 87 183 313 621 2074 2808 3286 85 78 1747 152 9 4 128 0 6 0 2 0 1205 0 1 0 4 12 39 33 26 8 70 1986 805 3510 3 0 6 10 50 0 55 1696 27 1 1 57 17 20 1516 0 5 0 5 0 3 0 63 14 65 23 192 2 0 0 0 6 4 3 2 2413 7 12 14 184 1 1 1 2 0 4 0 1 3 7 6 8 0 0 0 0 2 0 0 3 4 2 0 8 1 0 0 0 0 0 2 0 0 50 3 38 0 0 4 9 6 1 1 2 8 0 0 0 0 3 0 0 0 1 0 0 0 1 0 1 0 3 2 4 7 2 1 0 0 0 6 0 5 1 0 0 1 0 1 0 13 31 13 0 0 2 0 0 0 2 4 0 1 3 1 1 3 0 0 0
4 0 1 0 5 3 1 1 1 1 0 3 0 5434 1052 6 14 10 10 2 24 41 111 487 5 21 5622 413 65 26 51 0 113 85 5060 1504 980 115 17 1106 109 20 375 4 1 3 824 4 11 2 2 0 7 9 8 2 49 25 1504 216 6 7 53 316 166 2 22 125 92 4 1 0 8 34 54 0 5 8 18 1 4 0 19 6 13 13 27 0 0 1 3 13 1 12 69 43 2 2 13 16 0 0 0 0 1 0 0 0 0 1 0 4 28 15 1 20 1 20 17 18 150 128 67 12 13 2 4 5 0 18 0 0 1 26 4 51 12 2 88 135 1 20 3 2 7 3 0 0 23 5 9 0 0 0 1 0 1 2 0 0 1 1 0 1 1 10 0 2 2 1 3 0 3 1 1 6 0 1 1 1 2 30 28 1 2 20 0 1 3 1 3 0 0 0 4 0 4 3 1 4
3 0 0 0 2 4 3 1 0 2 0 0 0 3190 680 3 3 1 1 1 9 16 14 7 0 0 145 76 15 29 39 2 24 78 1504 414 330 35 7 10 10 0 14 1 0 0 521 0 0 0 0 0 8 2 5 1 13 55 1726 265 0 0 3 17 21 0 5 274 13 2 0 0 4 22 80 0 6 2 4 0 0 0 8 4 6 4 20 0 0 0 0 1 0 1 0 56 0 1 2 20 0 0 0 0 0 1 0 0 0 0 0 0 0 0 1 2 0 0 1 0 10 2 3 1 2 0 3 1 0 1 0 0 2 8 1 13 1 0 12 22 0 1 0 0 2 0 0 0 0 1 5 0 0 0 0 0 0 0 0 0 1 1 0 0 0 2 0 1 0 0 0 0 1 1 0 0 0 0 0 0 4 3 2 2 0 6 0 0 0 1 0 0 0 0 0 0 0 3 0 1
51 3 7 5 162 200 19 10 2 8 3 146 5 1085 398 315 320 296 378 110 232 210 478 26 8 2 363 380 184 382 435 133 2054 1747 980 330 1558 3108 268 30 200 2 30 2 2 17 1187 3 6 2 14 12 37 41 47 6 59 571 933 658 340 2 28 87 198 5 41 614 148 8 7 25 46 232 741 6 61 42 90 2 12 1 59 26 61 19 230 1 2 1 5 15 4 5 22 1056 9 22 20 178 2 0 6 0 4 0 1 5 2 6 6 9 19 9 5 9 12 10 14 19 141 44 15 37 42 0 10 3 1 15 1 2 8 156 4 197 7 1 191 242 25 35 8 7 30 4 4 1 15 21 32 0 1 0 0 2 0 7 0 1 1 3 1 1 31 16 1 11 2 0 13 0 20 11 2 4 1 0 6 0 43 149 76 21 3 61 0 1 1 7 21 2 1 6 13 1 18 8 2 6
56 4 11 7 141 186 16 17 5 14 9 182 175 151 228 319 881 866 6225 179 321 329 577 15 9 1 74 118 130 268 303 129 2517 152 115 35 3108 13841 557 27 281 7 43 2706 25 129 565 12 9 13 14 14 61 37 85 8 55 292 226 226 1047 10 24 27 127 34 45 362 197 7 7 39 15190 1826 413 20 110 388 1442 5 19 3 99 26 72 21 231 9 9 8 61 29 10 10 42 908 35 18 12 83 3 4 7 2 3 10 0 10 4 16 9 53 114 62 22 117 37 114 137 114 1401 543 227 237 220 20 88 40 2 53 4 10 24 636 55 895 55 13 1162 1736 52 252 23 8 152 16 20 11 215 104 282 3 3 6 2 5 4 10 6 1 9 8 7 5 55 110 8 63 9 7 48 2 38 52 4 21 4 0 40 6 158 769 611 44 4 417 4 5 11 26 67 4 9 15 60 12 67 40 6 37
9 1 0 0 27 26 2 4 2 1 1 42 73 171 983 2025 95 5995 246 258 21 40 15 81 8 1 115 4928 131 90 116 31 296 9 17 7 268 557 24004 6 211 45 250 9 57 520 19 15 9 4 10 5 8 18 18 3 73 32 3 10 13135 43 45 264 6652 95 59 41 7969 13 17 49 438 32 90 196 9 10 55 0 21 2 21 18 37 18 34 2 14 7 52 20 1 13 35 195 6 8 20 22 2 18 0 1 22 9 1 3 0 3 2 26 4 326 475 10 3 223 4 1314 46 968 18 9 11 3 2 173 9 197 70 49 34 161 3 103 8 5 145 55 1486 19 1174 13 15 28 28 81 28 2466 15 3 17 6 3 6 0 5 0 4 5 17 11 31 12 10 94 511 25 66 92 89 25 4 21 348 0 5 131 13 34 105 68 38 35 9 1 2 5 33 22 9 20 43 4 6 13 7 29 4
7 0 2 1 1 10 0 2 0 4 4 5 0 18 22 4 22 34 50 20 698 4633 8769 5383 3136 7617 6364 45 228 7 15 0 9 4 1106 10 30 27 6 11572 1161 129 976 3 1 16 5693 2 63 1 24 3 33 41 18 5 52 1 20 2 41 22 184 595 74 11 403 12 41 20 4 2 7 31 4 10 4 3 10 0 10 1 96 148 347 329 84 6 14 4 34 59 4 41 296 4 1 0 302 15 0 0 0 0 0 0 0 0 0 1 1 0 9 2 4 3 0 19 8 11 103 72 32 7 1 1 5 1 0 4 0 0 0 13 1 33 6 0 45 88 1 8 2 0 0 2 1 1 20 14 5 0 0 0 0 1 0 0 0 0 0 0 0 0 0 9 1 7 1 2 0 1 1 0 0 4 0 0 8 0 3 13 15 1 2 6 0 0 4 1 1 3 3 0 0 0 0 1 1 1
3340 114 1232 473 487 905 428 1761 111 708 277 1528 19 279 609 549 158 833 288 156 663 840 7156 4540 339 557 1223 317 316 691 686 145 544 128 109 10 200 281 211 1161 13608 3608 2082 32 103 253 531 379 1412 221 571 277 75 93 1501 916 182 230 32 33 848 652 512 362 511 194 234 165 662 631 684 373 259 242 475 272 163 23 116 28 875 256 1992 271 1133 249 694 633 638 183 825 3436 312 1026 2030 531 320 157 155 331 13 19 63 24 6 116 4 17 40 112 138 181 3 15 57 8 7 27 1 76 41 74 6 50 25 0 3 5 1 8 27 3 64 436 8 348 5 0 86 131 81 12 45 17 58 10 18 3 7 268 15 18 82 4 0 16 19 21 61 64 11 15 8 13 114 6 18 46 24 28 86 8 60 9 42 74 35 61 152 21 242 289 144 11 20 98 60 66 303 10 63 115 40 63 16 24 25 5 2 1
3 0 0 0 0 3 1 2 1 1 1 8 6 9 18 46 9 122 34 11 27 108 1539 7220 14 167 190 29 11 7 7 2 9 0 20 0 2 7 45 129 3608 7933 6809 11 9 119 94 48 1144 13 41 1 2 3 8 5 10 2 3 0 372 70 90 74 175 69 14 5 307 46 22 20 60 3 2 92 11 0 32 0 18 3 10 6 20 12 10 29 67 29 388 257 1 112 340 7 6 0 8 0 0 1 0 0 1 1 0 0 0 2 1 0 0 0 30 0 0 1 1 16 1 8 1 0 0 1 0 5 1 0 1 2 0 6 1 3 0 0 7 5 20 1 16 3 0 1 10 1 4 128 1 1 9 1 0 3 0 0 1 1 1 0 0 0 0 0 11 16 7 12 2 6 1 0 7 31 0 3 59 9 1 1 2 2 10 1 0 2 9 0 1 19 4 1 0 0 0 1 0 0
4 0 1 0 6 9 2 6 1 3 5 31 19 36 53 51 25 599 145 32 204 785 1037 2664 150 248 1130 49 144 21 26 6 32 6 375 14 30 43 250 976 2082 6809 4836 33 42 639 856 118 2802 63 95 7 21 31 15 15 67 9 33 9 1690 177 916 3331 1081 357 212 32 1625 146 77 37 181 17 25 559 16 0 135 0 78 6 77 100 218 166 80 61 176 79 1920 846 15 454 2083 32 17 3 147 16 0 1 0 0 2 1 0 0 0 0 0 3 0 14 112 2 2 13 5 84 23 62 9 1 1 2 1 13 0 4 15 7 4 19 0 6 1 1 21 18 126 2 86 1 1 8 39 10 17 691 4 6 24 3 0 12 1 1 1 9 0 3 0 8 2 0 33 61 20 67 16 13 2 1 50 212 4 14 290 42 5 23 12 4 57 7 1 12 30 1 2 71 26 3 0 2 1 1 1 0
4 0 1 0 3 0 1 1 10 56 65 16 4208 3 3 2 17 96 6252 9 1 12 3 6 1 1 1 6 1 0 1 0 17 0 4 1 2 2706 9 3 32 11 33 7762 2787 862 4 16 6 669 55 272 4 0 6 1 0 3 0 0 90 9 13 16 11 579 4 1 17 8 20 279 3002 3797 1 11 3002 2334 6818 340 175 365 1 3 2 0 0 431 132 320 685 19 1 8 21 1 168 4 0 0 0 0 0 0 1 0 0 3 0 0 1 3 38 25 94 26 4 170 24 386 324 1813 175 17 15 3 10 7 0 22 2 1 4 38 0 44 15 2 266 184 58 24 32 3 9 7 18 19 179 262 23 2 11 0 0 3 7 5 18 10 0 0 1 0 1 20 11 33 10 27 4 3 1 1 21 46 5 5 115 16 10 101 327 3 21 85 2 6 32 1 1 43 10 4 8 1 4 2 1 3
7 0 1 0 0 1 19 5 168 171 100 6 4137 2 1 1 10 32 150 2 2 11 2 6 1 0 6 8 12 0 1 0 7 2 1 0 2 25 57 1 103 9 42 2787 13957 1702 1 53 11 7430 35 193 8 3 15 2 0 0 0 0 89 35 40 29 102 4767 8 1 98 26 85 142 104 397 0 25 2733 1031 938 304 611 1273 13 5 6 12 2 2159 1078 3825 2041 38 5 8 53 0 1203 56 6 0 0 3 1 1 2 2 0 4 1 1 6 11 1 10 315 7 0 4 1 133 5 52 2 1 2 1 1 20 0 6 29 11 4 16 0 8 2 1 21 4 171 4 159 1 5 38 197 30 35 1763 4 46 165 11 2 80 17 12 28 53 3 11 7 2 1 1 90 177 107 339 24 23 4 1 256 472 26 39 1408 136 3 38 7 5 181 15 20 116 294 3 9 439 88 2 4 2 3 4 7 2
1 0 0 1 0 11 2 3 9 34 25 28 2698 2 17 83 18 1006 1474 18 21 61 17 217 21 8 71 248 20 6 3 2 50 0 3 0 17 129 520 16 253 119 639 862 1702 4459 17 140 45 94 13 4 7 6 7 0 9 1 0 0 1366 55 123 402 473 4460 39 3 254 27 70 127 1249 354 5 112 323 17 1086 0 96 13 12 21 24 31 14 126 249 152 3061 42 4 39 156 6 74 5 27 1 1 25 0 1 19 4 0 2 0 6 1 32 2 260 1693 22 10 184 3 1231 68 1535 16 8 13 2 2 185 12 131 133 75 58 233 2 94 6 6 273 68 1291 26 1206 12 17 80 403 205 127 5644 39 22 74 23 3 26 6 21 2 13 8 54 29 34 12 10 259 680 113 756 200 202 39 11 160 973 26 20 1012 143 43 243 320 52 195 35 2 18 54 54 29 103 64 42 14 10 30 23 62 10
26 0 7 3 35 13 8 11 1 4 3 22 1 81 25 5 20 11 15 8 459 1123 1082 1536 2182 252 1726 135 935 166 511 15 685 1205 824 521 1187 565 19 5693 531 94 856 4 1 17 3369 9 44 3 13 12 113 135 73 13 637 400 2962 1873 39 22 123 465 154 11 728 1774 70 18 4 21 94 186 412 13 48 31 59 2 17 2 188 150 267 269 2081 6 3 2 23 59 2 34 288 240 9 19 578 188 0 0 0 1 1 0 1 2 0 0 1 6 6 5 4 16 6 9 15 11 152 43 29 21 16 2 8 4 0 5 2 1 6 71 10 115 7 0 112 203 5 24 5 2 15 2 2 0 17 15 23 0 0 0 0 1 0 0 0 0 1 1 1 1 12 14 1 3 0 0 7 1 9 4 2 8 1 0 4 1 14 55 54 5 3 23 0 1 1 0 7 2 1 4 5 0 7 6 0 1
7 0 3 0 3 2 2 5 1 2 2 15 15 4 9 6 5 45 28 5 11 39 14 31 4 1 14 7 21 10 6 1 11 0 4 0 3 12 15 2 379 48 118 16 53 140 9 19694 97 219 36 20 2 2 8 3 4 4 0 1 676 14189 467 26 104 48 12 2 3863 332 4057 25 81 7 8 10647 20 2 54 16 738 108 8 7 13 17 2 696 4861 227 3903 110 19 69 246 9 8 0 9 4 0 1 0 0 0 1 0 3 0 0 0 1 0 1 21 0 0 3 0 10 0 13 1 0 1 1 5 16 2 5 6 0 1 8 1 4 2 1 8 3 11 2 16 1 6 74 64 11 18 179 8 295 693 6 3 170 17 19 20 71 1 0 0 1 1 1 14 142 198 28 1 7 2 2 523 149 79 111 987 64 0 22 11 5 109 12 79 239 1333 2 0 1359 365 0 9 0 1 1 1 1
19 0 2 1 1 7 2 15 0 5 4 4 3 3 28 28 14 57 24 22 19 113 127 515 8 27 91 9 19 6 6 0 4 1 11 0 6 9 9 63 1412 1144 2802 6 11 45 44 97 11110 51 71 9 6 5 7 7 6 0 2 1 127 185 147 44 75 27 15 4 167 130 74 5 15 4 3 67 5 0 11 0 65 11 21 15 27 15 8 89 143 57 265 4468 10 3441 6434 3 6 1 14 0 0 0 0 0 0 0 0 0 0 0 0 0 1 0 11 0 0 1 2 8 4 13 3 0 0 0 0 2 0 1 0 1 0 5 0 3 0 0 1 5 4 1 5 1 1 1 5 0 1 35 0 6 18 0 0 2 1 0 0 3 0 0 0 0 1 0 2 6 6 8 1 1 0 0 16 32 2 4 66 6 0 2 1 0 9 1 2 11 40 1 0 23 8 0 0 0 0 0 1 0
16 1 1 0 2 2 26 6 110 106 56 2 121 0 2 3 6 18 20 1 5 21 10 19 3 0 8 3 5 9 1 1 4 0 2 0 2 13 4 1 221 13 63 669 7430 94 3 219 51 15646 220 1643 10 6 40 1 1 2 0 0 49 177 98 13 17 1957 9 2 137 53 129 37 36 543 2 98 1929 336 233 2263 1182 10117 25 3 8 10 4 7989 2775 5135 978 92 10 35 130 4 1025 38 2 3 0 1 0 0 0 0 0 2 1 1 1 1 0 0 12 0 0 1 0 2 0 9 1 0 0 1 1 4 1 2 1 2 1 0 0 2 1 0 5 0 9 3 0 0 3 35 82 9 6 135 0 62 197 5 1 153 72 23 105 141 2 0 0 0 0 0 6 78 62 43 0 4 0 0 146 76 46 88 816 30 2 2 5 2 67 16 64 857 769 0 1 489 102 0 10 1 1 1 2 1
190 2 44 5 7 15 56 128 10 54 13 33 4 8 14 9 10 29 6 8 6 23 16 56 8 2 30 2 79 55 20 6 12 4 2 0 14 14 10 24 571 41 95 55 35 13 13 36 71 220 22357 17392 36 13 748 92 5 8 1 2 34 50 41 18 41 141 50 7 58 432 90 12 19 160 21 18 212 42 13 427 3228 212 401 59 24 45 46 66 80 16 92 5797 4146 136 122 8 136 10 13 15 0 0 0 0 0 1 0 0 1 3 0 1 1 0 3 0 1 1 0 1 2 2 1 1 0 0 0 0 0 0 0 0 1 33 1 16 0 0 2 8 5 0 0 0 1 1 1 0 1 15 1 0 7 2 0 3 161 31 202 128 5 0 0 0 6 1 1 3 2 3 1 2 4 1 6 4 30 30 25 3 9 12 4 1 2 4 23 16 90 0 3 19 13 2 2 0 0 0 0 0
305 3 38 12 16 23 109 219 86 92 40 55 13 4 2 3 1 5 7 1 5 11 0 3 15 1 7 10 88 65 31 6 26 12 0 0 12 14 5 3 277 1 7 272 193 4 12 20 9 1643 17392 15815 40 14 1250 60 24 15 2 5 14 53 15 6 18 908 43 18 95 101 129 41 18 606 29 59 1030 228 78 11915 5205 2774 420 64 29 30 96 530 89 44 49 1703 2349 49 12 36 576 41 13 31 4 0 1 0 1 0 0 6 1 8 4 0 1 0 1 0 1 1 0 1 6 1 1 5 1 0 2 2 0 2 1 0 4 38 1 26 1 0 10 15 2 0 1 21 6 7 16 1 4 11 4 17 39 7 0 69 2881 623 4271 1206 72 2 0 0 4 1 2 4 4 16 2 0 4 0 9 6 254 143 44 1 14 32 46 2 7 33 359 73 837 1 30 53 100 1 15 1 0 0 0 1
1394 17 164 63 127 103 978 826 57 324 74 218 1 6 1 1 2 3 0 1 34 50 9 6 130 2 67 90 5405 472 267 22 59 39 7 8 37 61 8 33 75 2 21 4 8 7 113 2 6 10 36 40 7582 6916 5177 7 208 28 15 14 10 15 102 51 136 5 817 51 95 14 13 67 56 68 89 1 47 14 34 3 15 8 1869 1277 131 70 240 14 4 8 12 47 9 5 31 102 139 2748 99 147 2 2 11 7 0 24 2 1 8 36 39 30 2 2 2 0 0 1 3 11 18 3 2 8 5 1 1 0 0 0 0 0 9 91 4 79 0 0 21 40 5 3 2 4 16 0 0 0 0 14 6 0 0 0 0 0 1 1 0 0 0 2 0 2 19 1 1 3 1 1 8 0 12 4 0 1 0 1 3 1 36 52 26 3 0 12 0 0 1 0 3 0 1 2 5 6 6 1 1 0
1600 20 225 56 179 161 949 685 30 206 33 158 4 2 1 6 0 2 1 1 30 82 3 5 172 2 100 158 9940 665 500 20 64 33 9 2 41 37 18 41 93 3 31 0 3 6 135 2 5 6 13 14 6916 4968 1246 6 412 17 23 17 12 28 140 64 227 6 2548 52 151 16 6 43 27 37 107 4 18 2 9 3 28 2 1437 9323 59 99 147 3 7 0 14 27 7 10 42 108 43 2435 171 224 2 1 8 0 0 21 1 4 8 18 31 19 0 0 2 1 0 2 0 3 14 2 1 8 3 0 1 0 0 0 1 0 4 42 4 35 0 0 9 20 1 2 4 0 10 0 0 0 1 11 1 1 1 0 0 0 0 0 1 0 0 1 0 5 5 0 0 1 0 0 5 0 5 0 0 6 1 0 2 2 22 31 18 1 2 4 0 0 0 4 2 0 0 2 5 5 2 0 0 0
1085 14 166 45 108 95 812 680 42 307 65 194 1 6 12 4 5 3 9 2 40 47 8 15 69 1 48 48 1504 327 188 26 76 26 8 5 47 85 18 18 1501 8 15 6 15 7 73 8 7 40 748 1250 5177 1246 23347 382 131 30 21 5 16 30 41 26 77 19 271 73 68 110 68 72 49 89 84 5 65 17 36 81 490 57 4522 360 120 57 289 58 16 15 30 1361 262 84 64 68 119 1950 59 140 1 1 9 4 0 15 1 4 6 39 22 28 1 2 0 1 0 4 3 5 18 8 4 8 8 0 2 0 0 5 6 1 15 96 3 87 1 0 24 59 8 3 3 3 14 0 3 0 0 17 5 0 10 0 0 0 20 4 28 22 1 1 2 0 29 2 1 2 1 1 11 0 13 1 1 4 10 10 5 0 52 56 42 1 2 22 11 1 35 4 1 4 3 6 4 11 7 2 0 0
226 2 79 34 28 77 43 121 4 38 13 86 1 0 0 0 0 2 1 1 1151 73 2 1 26 1 7 8 37 55 51 10 23 8 2 1 6 8 3 5 916 5 15 1 2 0 13 3 7 1 92 60 7 6 382 2884 15 11 2 2 6 15 32 13 20 3 48 7 30 25 22 11 9 12 23 4 8 0 4 3 82 15 7843 135 2262 99 33 13 3 1 12 218 36 21 28 33 7 12 27 22 1 1 2 0 0 3 0 0 2 5 8 3 0 0 1 0 0 0 1 1 1 1 0 0 0 0 0 1 0 1 0 0 2 16 0 10 0 0 4 5 2 0 0 1 3 0 0 0 0 3 2 0 0 0 0 0 1 1 4 6 0 0 0 0 6 0 0 0 1 0 5 0 1 0 1 0 2 3 2 0 10 11 4 1 2 2 1 1 12 0 1 4 2 3 1 0 0 0 0 1
138 4 30 17 553 45 28 36 0 7 2 29 0 4 1 3 0 5 0 1 38 79 6 25 722 1 404 763 4640 8802 10964 4 116 70 49 13 59 55 73 52 182 10 67 0 0 9 637 4 6 1 5 24 208 412 131 15 10492 56 63 43 37 41 302 268 1025 7 3072 272 587 24 13 14 28 5 650 12 1 1 2 1 20 2 326 339 143 538 777 2 7 0 19 31 7 13 99 312 2 69 2403 3210 0 0 0 0 0 2 0 0 0 1 0 0 0 1 3 0 0 2 1 10 1 4 1 0 0 0 0 0 0 1 0 0 0 3 0 2 0 0 0 2 7 0 3 0 0 0 4 0 0 36 2 0 2 0 0 0 0 0 0 2 0 0 0 0 0 1 4 5 1 2 0 0 0 1 2 12 0 0 11 4 2 4 4 0 3 1 0 0 2 0 0 1 0 0 0 0 0 0 0 0
14 1 8 0 52 15 2 7 2 6 0 63 0 14 7 9 4 3 2 0 27 25 3 3 3 0 42 158 119 69 333 4912 1847 1986 25 55 571 292 32 1 230 2 9 3 0 1 400 4 0 2 8 15 28 17 30 11 56 3465 286 2922 12 9 46 15 246 0 55 741 181 9 5 156 182 7 3692 6 1 0 1 0 21 1 77 15 51 10 175 6 1 0 1 12 3 2 12 1498 1 4 20 511 0 0 1 1 0 6 1 1 3 4 4 6 0 1 0 0 0 2 0 7 0 6 1 1 0 0 0 0 0 1 0 0 0 21 1 16 0 0 2 3 7 1 1 3 3 2 0 0 0 8 0 0 0 0 0 0 1 0 0 1 1 1 1 3 3 0 1 2 0 0 4 0 1 0 0 2 1 0 6 2 9 13 4 0 0 1 0 0 0 1 1 1 0 3 1 1 1 1 0 0
10 0 0 0 29 1 3 1 0 3 0 3 0 85 15 0 2 0 0 1 12 16 17 43 2 1 165 28 118 132 281 5 317 805 1504 1726 933 226 3 20 32 3 33 0 0 0 2962 0 2 0 1 2 15 23 21 2 63 286 5235 2524 1 0 4 41 11 0 36 2318 6 0 0 2 11 13 303 0 3 1 5 0 1 1 19 13 27 9 101 0 0 0 0 1 1 1 9 211 0 5 4 114 1 2 0 0 0 1 0 0 0 1 0 3 1 0 1 3 0 3 4 3 19 7 1 2 1 0 1 1 0 0 0 0 1 12 0 18 1 0 7 30 1 3 1 1 1 0 1 0 0 0 1 0 0 0 0 0 0 0 0 0 0 0 1 0 0 0 0 1 0 0 0 0 1 1 0 0 0 0 0 0 2 10 4 0 0 3 0 0 0 0 1 0 0 0 0 0 1 0 0 0
14 0 1 1 27 3 7 0 1 1 0 12 0 15 6 2 0 0 0 0 11 10 8 1 2 0 89 112 96 103 255 23 662 3510 216 265 658 226 10 2 33 0 9 0 0 0 1873 1 1 0 2 5 14 17 5 2 43 2922 2524 4102 0 1 10 23 93 0 31 2973 38 2 0 11 26 4 842 0 2 3 2 0 2 0 18 4 16 6 192 1 0 0 3 5 0 0 9 270 0 5 8 322 1 0 0 0 0 3 0 0 0 1 1 0 0 0 1 0 1 0 0 0 0 3 0 0 0 0 0 0 0 0 0 0 0 7 0 9 0 0 2 9 0 1 0 0 1 0 0 0 0 0 1 0 0 0 0 0 0 0 0 0 0 0 0 0 0 0 0 0 0 1 2 0 1 0 0 0 0 0 1 1 3 5 3 1 0 0 0 0 0 0 1 1 0 0 0 0 0 0 0 0
8 1 0 1 33 33 4 3 2 15 18 74 49 23 244 403 196 6356 197 336 50 146 71 482 45 15 93 279 64 37 27 25 488 3 6 0 340 1047 13135 41 848 372 1690 90 89 1366 39 676 127 49 34 14 10 12 16 6 37 12 1 0 17522 187 370 841 1093 414 82 13 8491 69 189 171 2495 42 35 5239 108 7 381 3 172 12 40 28 69 34 40 61 329 38 5073 133 6 97 559 110 31 4 53 12 2 20 1 0 17 10 1 4 1 0 3 39 4 136 753 11 4 91 8 571 49 432 11 15 9 2 4 145 11 94 137 89 51 168 6 101 11 3 194 39 800 21 808 11 26 74 464 118 97 3047 22 22 69 28 3 47 8 16 1 17 10 46 20 31 23 4 242 635 143 317 211 202 33 2 156 1037 22 23 1003 174 41 167 65 58 273 33 4 8 64 57 42 135 90 38 11 8 25 18 71 11
38 0 10 0 11 8 10 21 0 5 2 10 8 29 65 36 10 68 24 19 44 160 39 72 23 6 46 21 86 30 41 2 17 0 7 0 2 10 43 22 652 70 177 9 35 55 22 14189 185 177 50 53 15 28 30 15 41 9 0 1 187 24662 4750 197 694 32 87 6 6408 13683 7059 10 33 13 45 1721 16 1 21 60 1349 754 62 38 93 71 49 407 560 80 723 288 345 1243 2183 52 4 4 36 10 1 0 0 1 0 1 0 3 0 0 1 1 1 1 15 2 0 4 2 9 5 8 4 3 1 5 4 12 2 8 2 3 1 4 1 1 0 1 2 8 19 7 17 5 6 68 51 12 15 146 5 431 1031 10 5 182 19 33 63 162 1 0 0 0 1 2 11 124 160 28 2 7 0 1 385 137 200 332 760 44 1 6 17 4 79 31 318 339 2440 1 3 1483 480 0 11 0 0 2 0 1
29 0 6 1 31 23 7 8 4 3 1 25 17 87 154 81 22 80 37 31 283 1132 187 232 273 29 242 88 835 109 173 9 23 6 53 3 28 24 45 184 512 90 916 13 40 123 123 467 147 98 41 15 102 140 41 32 302 46 4 10 370 4750 20957 9050 11328 42 866 46 8045 1664 148 15 76 16 121 557 20 0 44 5 146 23 222 297 524 447 141 54 304 114 1490 181 52 619 3043 130 6 9 458 66 0 0 0 0 0 0 0 1 0 1 0 3 1 2 20 2 1 3 1 10 15 16 5 2 2 1 1 6 0 5 7 5 3 10 1 12 0 0 10 14 26 5 19 0 3 43 40 9 12 190 4 61 168 4 3 68 7 5 4 25 0 0 0 0 0 0 15 112 103 24 4 10 2 0 280 195 20 25 716 83 3 7 5 3 128 10 13 53 209 2 2 405 142 1 6 1 0 0 2 0
13 1 4 0 4 7 1 5 0 3 2 12 27 69 52 29 4 474 146 3 88 561 135 365 320 27 1934 1560 432 17 74 1 22 10 316 17 87 27 264 595 362 74 3331 16 29 402 465 26 44 13 18 6 51 64 26 13 268 15 41 23 841 197 9050 8548 8844 138 467 81 2017 125 22 12 83 21 24 128 13 3 35 1 30 1 119 153 190 196 198 8 46 14 344 47 12 66 2337 20 2 3 354 37 0 2 0 0 2 1 0 0 1 0 1 5 3 48 138 4 2 25 3 228 19 135 11 1 7 2 1 20 1 20 25 8 4 25 2 20 2 3 29 28 250 5 179 2 1 11 21 10 13 760 4 4 13 2 0 1 0 4 1 4 1 2 1 3 5 2 36 85 13 46 20 22 6 1 20 155 2 3 129 18 3 34 16 3 32 4 0 0 8 3 3 23 12 5 2 2 5 4 9 2
51 0 9 3 111 60 13 8 3 11 1 68 50 923 1665 594 43 779 167 61 110 308 56 119 176 5 1081 2742 1511 314 770 33 114 50 166 21 198 127 6652 74 511 175 1081 11 102 473 154 104 75 17 41 18 136 227 77 20 1025 246 11 93 1093 694 11328 8844 12430 116 1055 249 8623 218 118 14 99 82 593 172 29 17 61 3 102 8 249 221 324 275 391 33 46 16 286 82 18 79 1058 564 7 29 461 195 0 11 0 0 5 6 0 3 2 2 2 15 5 93 264 10 3 58 6 418 48 281 9 15 20 1 3 68 4 46 59 43 19 86 2 77 4 2 107 93 616 21 459 3 15 36 169 25 23 1715 26 24 63 6 1 15 5 6 0 12 6 13 9 23 15 7 150 307 61 68 97 85 37 8 64 566 14 7 532 108 22 93 44 32 154 25 0 8 45 26 17 68 48 20 6 4 11 9 37 3
11 0 2 0 3 5 6 5 31 32 32 5 1693 1 7 7 1 482 582 3 10 37 13 107 7 4 17 36 14 1 4 0 16 0 2 0 5 34 95 11 194 69 357 579 4767 4460 11 48 27 1957 141 908 5 6 19 3 7 0 0 0 414 32 42 138 116 2454 17 2 107 17 55 65 267 561 0 67 1003 1216 369 691 346 653 11 9 19 20 1 622 323 1364 3114 48 7 27 114 6 367 12 13 0 0 4 0 0 2 2 1 0 0 0 0 2 1 14 873 1 2 15 2 171 10 269 5 1 1 0 3 25 2 16 16 9 9 35 0 37 3 1 64 11 139 5 140 3 5 20 180 57 27 1727 3 20 33 2 0 17 24 7 37 26 1 5 2 3 0 0 36 127 23 4100 15 15 3 2 70 118 12 16 386 43 6 37 604 6 44 14 4 21 82 1 5 129 35 6 6 0 2 2 8 3
623 32 226 101 234 277 46 276 7 81 30 316 1 7 7 3 2 17 8 1 37 633 75 66 1864 33 558 616 4489 668 1687 32 107 55 22 5 41 45 59 403 234 14 212 4 8 39 728 12 15 9 50 43 817 2548 271 48 3072 55 36 31 82 87 866 467 1055 17 10694 196 625 78 37 24 32 53 434 26 14 0 12 2 63 9 1776 8355 518 4295 1062 12 30 10 96 99 36 40 359 311 20 18 3047 1589 1 2 3 2 0 7 0 2 5 13 11 18 1 3 14 1 0 2 1 14 7 17 2 6 3 0 3 0 0 0 3 1 8 57 1 44 0 0 16 18 12 1 11 2 10 2 7 2 5 78 2 2 1 2 0 0 2 0 0 2 2 2 0 0 15 1 7 12 4 12 7 1 5 2 10 31 1 2 37 7 17 39 31 4 9 10 1 1 5 1 10 10 2 4 4 2 2 1 0 0
14 0 2 4 27 6 2 2 0 3 1 8 0 4 3 5 2 6 1 0 45 65 26 18 126 1 211 257 317 89 281 9 736 1696 125 274 614 362 41 12 165 5 32 1 1 3 1774 2 4 2 7 18 51 52 73 7 272 741 2318 2973 13 6 46 81 249 2 196 3679 124 7 3 75 206 19 562 5 4 4 5 0 14 1 114 43 54 43 1350 1 1 0 3 17 7 4 37 142 3 3 186 1711 0 1 0 0 0 0 0 0 0 1 0 1 1 0 2 1 0 3 0 5 14 12 2 1 1 0 2 0 0 1 1 0 1 17 2 15 0 0 14 30 7 0 4 0 1 1 0 1 1 7 2 0 0 0 0 0 0 0 0 1 1 0 0 0 1 0 1 1 1 1 0 0 2 1 0 1 0 0 4 0 3 8 9 1 0 0 0 0 2 0 2 0 0 1 1 0 1 1 0 0
38 1 9 2 81 78 10 4 1 9 2 97 26 452 987 591 40 1499 87 84 111 359 55 123 141 7 336 451 930 195 407 56 184 27 92 13 148 197 7969 41 662 307 1625 17 98 254 70 3863 167 137 58 95 95 151 68 30 587 181 6 38 8491 6408 8045 2017 8623 107 625 124 15323 903 1667 39 329 63 350 11880 32 9 122 3 1486 31 199 184 275 203 249 82 671 102 2012 168 48 193 1785 441 11 23 289 118 0 10 0 0 9 3 1 6 1 3 9 18 2 18 232 17 7 35 2 138 38 95 8 12 15 2 3 67 5 29 94 61 25 100 10 84 6 7 134 78 283 26 363 16 20 174 612 62 67 1840 23 117 334 21 10 215 15 36 10 67 8 37 8 14 17 8 208 676 310 138 144 146 32 4 637 1422 64 74 2485 341 34 127 39 51 586 51 14 76 374 25 21 769 321 21 21 10 21 14 50 5
96 0 13 2 6 9 17 62 1 14 7 13 1 8 21 11 1 30 12 7 43 131 36 75 29 10 33 6 53 32 18 0 12 1 4 2 8 7 13 20 631 46 146 8 26 27 18 332 130 53 432 101 14 16 110 25 24 9 0 2 69 13683 1664 125 218 17 78 7 903 7522 1412 7 26 12 16 183 6 0 13 44 728 571 146 70 80 63 30 318 138 36 277 746 1345 1795 2282 22 8 6 34 14 0 0 0 0 0 0 0 0 0 0 0 0 1 0 11 0 0 3 0 5 5 2 2 0 1 2 1 7 1 1 0 0 1 0 0 4 0 0 3 7 6 2 1 2 3 19 19 5 7 41 2 91 239 9 0 77 58 107 173 357 0 1 0 0 2 1 4 30 25 13 1 1 1 1 113 46 243 309 259 20 3 8 11 0 23 12 317 94 1250 1 3 252 224 0 7 0 1 2 0 0
90 2 16 2 7 16 16 46 3 18 6 17 13 8 13 10 4 30 17 3 7 24 10 27 7 1 11 9 39 29 15 3 9 1 1 0 7 7 17 4 684 22 77 20 85 70 4 4057 74 129 90 129 13 6 68 22 13 5 0 0 189 7059 148 22 118 55 37 3 1667 1412 18095 12 39 10 8 1222 27 3 33 58 10478 931 102 30 9 22 17 1839 1118 223 1140 365 105 183 163 20 14 6 8 8 1 0 1 0 0 1 0 3 1 0 0 1 2 0 14 2 0 2 0 3 3 6 0 2 1 0 4 10 3 3 0 0 1 3 0 7 1 0 5 2 12 4 6 7 5 31 37 14 7 72 4 175 424 8 3 123 85 163 303 666 0 1 0 0 3 0 1 51 38 19 1 2 0 0 131 53 429 640 291 15 1 11 13 2 21 20 530 199 2335 0 3 471 350 0 14 1 1 1 1 0
143 1 49 30 200 370 204 111 246 3522 2797 3589 71 1 0 12 5 53 200 0 262 220 23 5 4 0 8 11 141 307 144 456 3732 57 0 0 25 39 49 2 373 20 37 279 142 127 21 25 5 37 12 41 67 43 72 11 14 156 2 11 171 10 15 12 14 65 24 75 39 7 12 16739 869 1690 180 19 7396 73 7339 9 40 23 74 33 135 27 59 31 20 41 202 15 4 6 39 1078 3745 186 12 16 28 18 95 29 10 244 9 10 61 254 293 268 5 4 19 10 4 19 13 45 169 100 21 82 39 0 2 2 0 5 44 2 43 720 10 544 6 1 139 288 31 14 13 37 139 3 3 2 18 82 13 3 2 5 0 1 1 30 3 5 21 17 21 37 116 7 8 8 5 9 98 5 37 3 9 24 9 2 55 8 323 469 447 6 8 102 1 3 3 4 122 5 2 66 37 55 53 5 1 1
32 1 13 9 134 315 29 13 49 58 64 482 418 9 8 103 60 1853 6471 83 296 278 67 35 10 0 38 43 63 110 130 272 1473 17 8 4 46 15190 438 7 259 60 181 3002 104 1249 94 81 15 36 19 18 56 27 49 9 28 182 11 26 2495 33 76 83 99 267 32 206 329 26 39 869 5966 3045 226 162 594 742 6854 6 64 12 74 28 85 30 161 29 55 39 444 22 7 13 107 757 277 21 24 31 14 3 22 7 6 35 2 13 7 32 28 76 49 44 115 56 37 102 72 198 833 720 141 170 145 7 42 22 2 32 14 7 42 703 41 800 27 5 898 1052 137 129 80 27 115 8 75 20 174 622 137 8 17 4 1 9 4 10 3 0 15 14 5 11 108 51 43 108 22 69 80 11 68 27 31 203 9 3 315 48 259 763 749 48 63 313 2 4 19 18 86 29 12 30 52 18 67 30 7 28
