48378 13339 12160 1232 2072 3484 12885 8412 964 3265 365 3009 1 2 5 4 0 6 0 2 148 155 6 4 11 4 4 3 9157 11225 1151 93 498 24 2 0 7 8 6 19 488 8 14 2 4 2 5 3 85 3 325 294 1574 4614 335 209 96 12 3 2 8 10 15 5 3 2 420 17 13 52 19 300 75 29 34 3 67 4 191 25 125 7 1865 673 945 94 13 59 22 6 10 732 254 45 75 565 289 2380 33 16 33 1 36 33 4 54 23 51 58 55 64 130 0 0 0 0 0 1 1 0 1 1 0 5 4 1 3 0 0 0 10 1 25 53 0 19 0 0 7 6 0 1 0 23 20 0 0 0 2 0 2 0 0 3 0 1 1 5 1 0 5 20 1 28 21 0 0 0 0 0 30 2 0 1 1 0 4 0 1 0 65 2 5 0 0 14 1 2 1 3 21 0 0 3 47 10 17 0 0 1
13339 16664 16011 20108 3737 9562 830 746 273 1720 558 3481 0 4 4 0 0 4 2 0 226 328 16 2 25 15 4 4 983 1853 922 37 318 7 2 0 5 12 5 34 389 5 11 1 0 2 11 6 50 0 142 107 385 1885 118 174 161 3 3 1 5 13 9 3 2 0 545 10 6 26 17 236 53 14 43 6 51 3 151 10 61 2 785 580 1075 165 16 39 19 8 4 336 140 39 48 251 171 220 55 17 34 14 51 49 10 98 26 45 51 43 83 178 0 1 0 0 3 0 2 0 1 2 0 8 5 0 3 0 0 0 26 0 37 68 0 37 0 0 15 9 0 1 0 13 10 1 0 0 3 1 1 0 0 4 0 0 2 8 1 0 11 30 2 45 35 2 0 0 0 0 34 2 1 0 0 0 0 0 0 0 87 7 7 0 0 26 0 0 0 0 28 0 2 8 62 16 16 5 0 2
12160 16011 37786 10568 344 8265 1444 15203 565 9902 817 18666 0 1 3 2 4 5 6 0 247 313 10 2 22 13 1 1 814 217 110 10 126 5 2 0 11 11 7 37 388 9 13 5 1 2 12 2 66 0 146 128 439 2026 144 146 162 8 7 1 2 7 10 2 1 0 466 18 2 26 12 283 51 22 25 6 41 2 421 9 88 7 889 634 1093 152 15 34 23 3 11 341 170 41 60 53 262 345 39 22 51 13 77 95 8 186 66 108 135 91 153 375 0 0 0 0 1 0 1 0 3 1 1 8 11 0 3 0 0 0 45 2 64 110 0 45 0 0 10 14 0 7 0 30 25 0 0 0 1 0 4 0 0 6 0 0 3 16 1 0 15 52 4 71 54 1 0 1 0 0 63 8 4 4 0 1 3 0 0 1 131 13 6 2 0 28 0 0 2 4 61 0 0 11 115 31 35 2 1 1
1232 20108 10568 28949 6827 17116 105 147 42 741 131 3335 0 0 0 0 1 0 2 0 79 109 6 1 4 6 1 2 194 296 545 26 170 2 0 0 8 5 0 21 118 3 2 0 0 0 8 0 11 2 16 24 65 435 28 40 80 1 1 0 2 0 6 1 2 0 157 4 1 4 2 68 23 7 12 1 14 0 55 0 14 1 148 147 310 62 3 7 5 0 1 61 30 6 12 300 67 24 23 10 11 8 28 29 3 70 14 20 39 32 54 100 0 0 0 0 0 0 1 0 0 0 1 2 3 1 0 0 0 0 15 0 25 39 0 20 0 0 3 4 0 1 0 15 8 0 0 0 2 0 2 0 0 3 0 0 0 8 0 0 5 17 3 22 14 1 0 0 0 0 22 0 0 2 0 0 2 0 0 0 34 8 3 1 0 14 0 0 1 1 23 0 0 2 41 7 21 0 0 4
2072 3737 344 6827 14041 12876 239 75 54 219 31 5765 1 9 43 51 29 55 13 22 221 487 35 8 37 26 6 18 1786 4259 10734 965 1579 454 1 1 177 123 60 58 254 1 28 4 2 4 21 17 21 1 53 42 353 1361 63 49 748 556 45 71 23 22 60 7 40 1 435 133 107 13 13 488 545 20 1490 29 130 2 233 2 31 0 383 280 524 186 36 11 8 1 6 122 48 13 42 9797 199 179 69 144 8 1 5 6 2 16 5 7 11 7 20 44 0 1 0 0 0 1 3 2 3 4 0 2 2 0 3 0 0 0 8 0 10 16 1 5 0 0 13 9 2 2 0 6 4 0 0 1 2 1 2 0 1 1 0 0 2 4 0 0 3 4 0 4 6 0 1 2 0 0 6 0 1 1 0 0 0 1 5 0 20 6 8 0 0 15 0 0 0 0 5 1 1 0 11 2 5 0 0 1
3484 9562 8265 17116 12876 13014 348 508 100 1041 57 12555 0 0 16 7 3 8 6 7 222 453 16 5 29 19 1 3 422 1381 1969 320 484 44 1 0 24 20 7 39 207 3 12 1 1 3 17 1 15 4 54 38 157 658 32 55 121 86 12 6 2 2 6 3 4 0 232 25 14 6 1 205 80 17 217 4 88 1 82 1 19 2 265 240 601 171 16 10 4 0 3 114 40 12 28 2837 247 129 82 13 44 15 77 79 15 151 44 87 93 69 158 295 1 0 0 0 3 0 0 0 2 3 2 10 16 0 4 3 0 0 33 1 60 114 0 36 0 0 5 10 0 6 1 31 23 0 1 0 10 1 3 0 0 4 0 1 5 10 0 0 20 47 5 59 43 1 0 1 0 0 42 8 3 3 0 0 3 2 2 0 130 10 7 1 0 38 0 0 0 2 55 0 0 10 123 23 40 4 0 4
12885 830 1444 105 239 348 11717 13320 2392 3239 212 615 4 0 2 1 1 1 0 0 25 21 2 1 9 2 2 1 4868 656 91 20 101 9 0 0 6 5 3 6 118 2 10 0 3 1 5 1 33 9 155 135 1592 2590 366 76 28 4 1 3 6 5 7 1 6 3 102 6 6 18 4 139 20 35 21 3 54 5 83 14 53 17 738 170 187 15 6 30 11 10 4 261 107 23 23 121 398 10292 4 8 21 3 21 9 3 33 16 29 38 27 34 55 1 0 0 0 1 0 0 0 0 0 1 1 0 0 0 0 0 0 4 0 12 24 0 8 0 0 6 4 0 3 0 4 4 0 2 1 1 1 0 0 2 1 0 0 2 1 2 3 3 6 3 11 9 1 0 0 0 0 8 2 2 0 0 0 2 0 2 1 20 1 3 2 0 10 0 1 1 1 8 3 0 2 20 7 6 0 0 0
8412 746 15203 147 75 508 13320 37990 3992 21963 749 2057 0 0 1 1 0 2 3 0 36 49 2 0 2 3 2 0 525 161 31 12 84 3 0 0 2 3 2 6 190 5 7 0 5 0 2 0 18 4 89 86 519 1115 121 70 21 0 4 1 0 1 5 0 1 4 143 5 3 12 9 172 17 22 22 1 24 1 252 5 53 8 623 183 275 25 1 27 8 4 2 213 90 18 19 32 498 3004 5 3 25 3 32 26 1 55 15 35 52 38 50 109 1 0 0 0 1 0 0 0 0 0 0 5 0 0 0 0 0 0 9 1 24 34 0 16 1 0 8 2 0 1 0 7 10 1 0 0 2 0 0 0 0 0 0 0 2 1 0 0 7 8 2 8 10 0 0 0 0 0 18 0 0 0 0 0 1 0 2 1 28 5 2 1 1 1 1 1 0 1 12 0 0 2 41 11 11 1 1 1
964 273 565 42 54 100 2392 3992 4114 3968 350 405 14 0 1 0 0 5 0 1 37 65 7 3 18 2 0 2 142 82 19 22 142 1 0 0 0 4 0 5 82 0 3 8 87 14 8 2 8 151 33 37 245 283 50 13 7 3 3 0 0 3 3 2 1 54 47 10 1 5 7 333 17 405 16 0 375 150 113 86 56 309 138 42 121 25 12 90 33 64 21 66 22 5 9 17 3073 2544 15 0 9 0 17 19 4 14 16 18 23 14 38 57 0 0 1 1 1 0 4 0 4 4 2 2 3 0 1 1 0 0 4 0 11 25 0 11 0 0 17 15 0 4 0 10 8 2 7 1 5 15 3 0 3 1 0 10 8 0 12 8 8 11 4 10 9 0 4 0 3 3 12 0 0 1 1 4 3 3 41 9 28 8 15 0 3 17 2 9 11 0 17 21 0 1 25 7 11 0 0 1
3265 1720 9902 741 219 1041 3239 21963 3968 42421 14716 20610 12 0 3 0 0 2 3 4 158 277 25 2 32 4 3 4 583 219 92 91 968 9 1 0 4 10 6 29 341 2 11 20 49 13 23 1 27 77 100 83 376 963 93 68 30 18 2 1 1 6 19 6 4 33 198 57 6 17 10 2924 35 240 103 4 1472 167 2687 24 49 96 574 213 422 88 47 61 24 33 9 237 99 24 31 52 9479 1232 35 6 75 17 134 92 14 229 72 127 171 123 221 375 0 0 1 0 0 1 2 1 5 3 1 15 14 0 4 0 0 0 40 2 67 124 0 51 1 0 15 8 1 7 0 41 49 0 2 0 8 5 3 0 1 8 0 2 7 19 1 2 14 55 7 62 54 1 0 0 1 4 48 2 4 0 1 1 6 3 20 4 140 21 24 0 4 41 2 1 2 1 77 8 0 4 172 44 39 2 1 3
365 558 817 131 31 57 212 749 350 14716 3331 2267 4 1 1 0 1 0 4 1 57 79 11 3 10 2 0 2 127 27 14 21 290 2 1 0 2 2 1 10 105 1 4 18 11 3 7 0 2 15 21 19 75 230 24 17 12 6 3 1 0 3 3 1 1 8 61 18 1 4 2 1359 19 77 17 0 461 52 674 13 15 23 131 63 143 16 7 16 6 12 2 54 23 5 7 10 1031 100 13 2 35 8 44 40 7 88 31 61 68 66 99 136 0 0 1 0 1 0 1 0 1 1 1 6 3 1 1 0 0 1 15 2 26 60 0 13 0 0 3 5 0 0 0 16 11 1 0 0 3 2 0 0 1 3 0 3 6 3 1 1 9 29 2 34 23 0 0 1 0 0 24 2 1 2 0 1 2 1 6 1 55 11 7 0 1 15 0 0 2 1 28 2 0 3 84 14 12 0 0 1
3009 3481 18666 3335 5765 12555 615 2057 405 20610 2267 27259 0 0 7 8 5 15 14 8 370 842 23 8 57 37 4 1 466 1125 1490 103 771 62 2 1 39 25 11 89 384 2 11 2 1 1 17 3 19 1 61 53 208 782 62 72 99 59 8 2 5 14 21 7 10 0 293 24 21 11 9 1366 135 19 80 6 184 3 2180 5 18 4 386 295 947 283 23 10 2 5 4 128 54 16 39 630 1057 273 131 25 146 43 248 230 39 471 145 250 309 247 507 901 0 0 0 0 2 1 6 2 2 1 3 15 27 0 7 2 0 1 99 0 213 297 0 97 1 0 21 9 0 6 0 89 53 0 0 0 7 0 5 0 0 19 0 1 12 27 2 0 42 106 20 131 92 5 0 3 0 0 144 11 5 2 0 0 6 0 4 0 321 12 12 5 0 75 1 0 1 8 122 0 0 26 361 85 89 8 1 6
1 0 0 0 1 0 4 0 14 12 4 0 6714 0 0 12 32 2245 11013 72 0 2 0 6 0 0 0 1 0 0 0 0 6 0 0 1 3 339 10 1 8 6 18 4553 3365 3156 1 5 4 161 0 1 0 1 0 0 0 0 0 0 26 7 7 1 1 878 1 0 11 4 3 9 299 960 2 6 171 79 163 4 8 31 2 0 3 0 0 61 68 233 151 2 3 1 15 1 68 7 0 0 1 0 0 0 0 0 0 4 1 0 0 0 0 48 880 2 2 42 12 1018 90 1849 27 0 1 0 2 20 0 27 8 0 1 6 0 7 1 0 83 69 153 5 98 0 2 19 120 108 133 2646 2 0 4 1 0 23 0 0 2 2 0 0 1 2 2 0 258 86 5 275 1 1 6 1 3 140 1 2 246 20 3 4 235 7 45 13 3 6 20 0 1 23 4 7 4 0 0 0 0 0
2 4 1 0 9 0 0 0 0 0 1 0 0 4987 5528 355 876 51 7 27 5 8 152 486 4 25 1933 875 22 11 14 0 5 204 2665 3380 1215 11 83 342 489 26 276 0 0 1 309 4 31 0 1 0 4 31 3 1 61 60 1660 139 11 29 197 168 210 0 38 168 98 23 8 3 12 10 183 5 2 0 0 0 2 0 2 4 4 5 3 4 3 1 8 10 11 13 134 33 2 0 9 45 0 0 0 0 0 0 0 3 0 0 0 0 10 2 8 7 8 12 34 13 67 141 85 7 1 2 12 5 4 9 0 0 0 3 1 8 20 2 29 57 1 29 0 1 0 2 0 2 45 2 7 0 0 0 0 0 0 0 0 0 0 0 1 0 0 8 2 5 1 0 0 0 1 1 0 0 1 0 3 1 0 7 21 0 0 1 0 0 0 0 0 0 4 0 0 0 2 0 0 0
5 4 3 0 43 16 2 1 1 3 1 7 0 5528 11835 7750 1473 2463 22 291 39 45 576 520 11 26 2592 2601 59 20 45 3 39 520 1187 2278 3177 112 326 202 1883 80 366 2 1 10 239 14 97 0 2 2 9 61 1 2 154 193 575 127 25 70 330 218 556 1 92 237 268 29 23 4 26 40 537 30 1 0 1 0 9 1 12 6 10 13 13 1 13 4 7 19 22 18 245 167 2 0 11 93 0 0 0 0 1 2 1 8 1 0 1 0 17 8 13 24 35 42 104 16 215 389 200 21 18 8 33 11 6 34 2 0 1 10 1 17 40 2 113 238 3 99 2 4 19 8 1 1 129 14 18 0 3 2 0 1 1 1 0 1 2 5 4 0 1 13 6 20 1 0 8 5 1 13 3 14 1 2 5 1 4 15 46 3 1 12 0 0 0 2 6 4 5 2 7 2 7 0 0 3
4 0 2 0 51 7 1 1 0 0 0 8 12 355 7750 22500 823 5938 1153 2489 13 25 133 160 7 5 96 2967 58 22 34 6 124 531 12 58 1596 917 1584 9 1108 76 285 10 2 9 37 17 110 0 3 2 8 39 3 2 84 157 51 27 35 59 100 46 456 0 64 127 200 54 23 7 179 12 532 45 0 1 5 0 15 0 9 4 10 2 14 10 12 2 12 39 24 27 268 172 0 1 12 58 0 0 0 0 0 1 0 2 1 0 2 1 8 18 60 8 2 62 18 160 49 655 31 6 1 2 7 12 5 23 1 0 0 7 0 6 5 1 50 35 37 12 16 4 3 6 4 7 89 82 5 2 3 0 0 1 0 1 0 0 1 1 0 1 0 5 7 12 0 0 1 0 2 1 0 14 1 0 7 1 6 5 26 3 2 7 0 1 0 0 3 3 2 0 5 0 2 0 0 1
0 0 4 1 29 3 1 0 0 0 1 5 32 876 1473 823 3157 1137 2286 3602 47 97 374 67 6 18 48 45 6 7 14 5 49 334 143 816 3554 576 43 52 766 14 67 62 1 76 59 2 14 4 0 1 0 20 3 0 22 71 112 28 39 5 22 15 36 4 18 48 29 6 1 7 44 112 227 8 3 24 12 5 5 8 6 2 24 3 8 4 1 3 6 12 4 3 46 74 2 1 7 21 2 3 2 0 3 1 0 29 1 0 0 1 59 20 31 38 58 34 188 29 382 403 290 86 56 13 100 43 19 44 4 2 0 35 11 51 71 14 301 447 5 231 6 18 42 29 1 5 295 22 54 2 2 4 0 1 0 7 1 2 2 6 4 1 4 46 5 32 7 1 24 10 6 35 1 11 2 6 6 1 11 44 71 9 2 55 2 0 2 3 12 3 9 5 14 1 44 3 0 4
6 4 5 0 55 8 1 2 5 2 0 15 2245 51 2463 5938 1137 19040 8452 2086 33 93 136 2109 22 23 362 616 43 12 27 8 322 547 49 35 1615 4110 6179 58 1995 313 5203 424 34 1592 54 256 221 1 0 3 7 47 19 4 50 118 26 21 2588 229 478 1490 413 55 35 104 905 139 141 28 2208 63 383 408 16 11 59 0 43 6 24 23 30 25 28 30 149 17 518 115 49 49 1065 153 9 0 12 26 3 1 0 2 3 3 0 18 0 1 0 2 9 335 1654 16 13 126 31 1787 256 3993 84 12 7 3 12 182 5 181 15 9 0 20 4 26 13 6 246 198 480 27 543 4 16 75 151 253 470 3141 17 2 8 4 7 47 0 1 0 2 3 4 1 1 6 5 340 424 32 117 8 12 29 15 14 316 6 3 227 14 10 33 134 24 23 52 7 7 12 1 5 31 10 21 32 2 9 2 0 1
0 2 6 2 13 6 0 3 0 3 4 14 11013 7 22 1153 2286 8452 66297 13468 19 41 80 263 4 11 49 23 3 2 2 3 66 103 13 1 236 3588 81 22 407 20 451 7037 212 4042 13 9 30 25 3 4 1 4 1 1 2 6 5 0 135 12 19 96 23 223 6 10 16 14 12 19 840 2953 24 16 27 56 57 6 7 37 11 6 6 2 1 21 39 54 107 10 4 4 93 23 9 1 2 1 3 4 3 1 3 5 3 69 2 1 4 1 168 402 1956 143 93 859 394 2945 1583 12096 978 85 26 33 135 257 52 393 15 12 3 51 16 105 156 25 800 955 610 294 438 21 53 113 59 309 2068 2643 73 5 12 5 8 40 2 3 0 1 2 10 10 4 7 41 225 282 27 135 26 8 26 21 7 220 11 18 147 5 14 102 1000 42 19 100 4 10 7 4 13 30 21 24 64 9 35 3 1 6
2 0 0 0 22 7 0 0 1 4 1 8 72 27 291 2489 3602 2086 13468 6189 34 63 336 70 3 13 18 11 4 6 3 3 49 185 31 27 878 314 38 30 932 23 80 177 4 106 8 2 31 1 0 3 6 5 1 3 9 25 8 7 38 12 8 4 7 7 6 28 23 12 7 5 42 197 121 10 2 1 5 0 3 3 4 3 15 5 5 5 5 1 4 16 9 4 80 45 1 0 3 4 0 0 1 1 2 2 0 21 1 0 1 1 99 26 87 71 58 78 204 64 545 1020 370 62 37 19 98 54 22 101 2 0 1 22 4 54 97 19 314 423 4 237 3 10 37 41 0 7 453 26 38 1 3 2 2 1 2 4 0 0 2 5 9 4 2 28 11 40 2 3 15 13 5 16 4 19 1 3 12 2 8 37 104 9 6 48 1 0 2 4 6 6 10 3 14 0 30 2 0 3
148 226 247 79 221 222 25 36 37 158 57 370 0 5 39 13 47 33 19 34 9158 7630 2227 123 191 431 17 2 37 56 65 68 418 141 6 1 123 190 10 859 1059 13 88 9 2 6 116 2 17 0 7 7 16 62 4 650 10 70 22 4 5 7 41 8 7 0 22 54 15 12 2 223 469 54 204 3 191 11 158 2 3 2 64 35 5522 790 52 4 6 1 1 24 7 7 105 239 192 20 90 5 2 1 5 5 2 6 3 5 6 6 11 12 2 0 1 1 8 0 10 1 19 12 19 9 5 0 5 2 2 1 1 0 9 16 1 17 5 1 33 40 0 16 0 7 15 1 0 0 15 0 9 0 1 0 0 0 1 2 0 1 7 8 0 6 8 3 0 0 0 0 9 3 2 7 0 2 4 1 0 0 33 9 19 2 0 23 1 1 0 0 15 0 1 3 13 2 13 1 0 1
155 328 313 109 487 453 21 49 65 277 79 842 2 8 45 25 97 93 41 63 7630 29395 3749 1419 5254 5581 282 23 94 96 139 121 863 316 115 7 199 455 25 5757 1593 284 1280 31 4 20 571 7 246 7 28 22 45 318 22 292 40 161 72 10 42 125 484 110 52 3 169 231 68 135 39 471 1228 163 548 17 389 22 374 5 29 14 369 299 10386 2776 474 19 20 10 22 115 84 87 1239 608 402 33 1745 32 4 3 10 8 3 10 2 10 7 10 11 16 5 0 2 7 25 2 41 9 85 30 45 32 18 2 26 1 2 4 6 0 9 54 1 40 9 6 113 193 0 56 0 18 23 4 0 0 42 7 20 3 2 5 0 1 3 10 1 0 12 14 2 9 12 15 3 5 1 0 31 4 3 15 2 2 6 1 9 3 54 65 46 7 2 84 1 0 2 1 30 9 2 8 36 0 29 1 0 9
6 16 10 6 35 16 2 2 7 25 11 23 0 152 576 133 374 136 80 336 2227 3749 12063 4285 430 4703 115 13 16 7 9 13 158 295 65 2 522 323 34 1581 6636 1127 612 5 2 5 185 5 136 4 5 3 10 41 12 26 14 47 24 3 19 21 33 21 4 0 35 43 15 21 6 28 232 19 89 11 47 3 42 1 9 3 21 30 406 104 25 6 6 1 8 33 12 17 249 56 39 2 47 5 0 0 0 0 0 0 0 0 0 0 1 1 4 0 3 4 11 6 22 2 55 67 47 6 5 0 7 2 4 0 0 1 1 4 3 10 3 0 20 31 0 21 0 3 1 0 1 0 18 4 5 0 1 0 0 0 1 1 0 0 1 2 0 0 0 2 1 2 0 0 2 1 1 2 0 1 1 1 1 0 10 9 21 2 0 7 0 0 0 0 2 3 0 1 0 0 4 0 0 0
4 2 2 1 8 5 1 0 3 2 3 8 6 486 520 160 67 2109 263 70 123 1419 4285 13266 631 3267 3115 424 51 6 8 2 18 35 1982 172 77 57 385 4958 2717 4114 1768 1 2 210 2176 1 170 0 0 8 35 295 13 8 33 5 546 6 227 12 27 225 227 0 179 256 38 15 3 8 55 29 59 6 6 1 6 1 4 0 58 140 195 185 210 3 6 1 12 63 12 31 213 24 7 1 174 13 1 0 0 0 0 0 0 3 0 0 0 1 4 3 10 11 7 16 38 36 122 229 94 4 1 1 11 4 2 5 0 0 0 6 0 9 13 2 38 62 7 22 3 1 2 3 0 1 50 40 3 0 0 0 0 0 0 0 0 0 1 1 0 0 0 5 6 6 0 1 0 1 0 2 0 6 0 1 5 2 2 5 40 0 1 4 0 0 0 1 0 0 1 0 1 0 1 0 0 0
11 25 22 4 37 29 9 2 18 32 10 57 0 4 11 7 6 22 4 3 191 5254 430 631 8388 1979 180 40 113 9 17 9 90 37 37 1 12 49 24 3578 269 94 631 3 1 7 2157 11 75 0 24 15 114 990 17 48 77 27 17 3 14 96 480 139 64 1 791 473 80 63 24 65 189 35 544 12 88 3 69 3 10 2 298 924 1019 2065 2921 4 14 3 7 50 36 37 608 61 58 7 3559 218 1 0 0 1 0 0 0 0 1 2 1 2 0 1 1 0 5 2 6 2 11 3 9 5 5 0 6 1 0 0 2 0 3 12 0 10 4 1 25 35 0 9 0 5 5 1 0 0 13 6 4 1 1 0 0 0 2 4 0 0 2 4 0 2 1 2 0 1 0 0 7 1 0 1 0 1 1 0 4 3 9 10 4 4 1 15 0 0 1 0 4 2 0 0 5 0 2 1 1 1
4 15 13 6 26 19 2 3 2 4 2 37 0 25 26 5 18 23 11 13 431 5581 4703 3267 1979 4394 851 6 9 5 5 4 47 22 697 16 21 41 5 12118 711 80 327 1 1 3 379 0 67 1 5 5 19 141 7 17 1 9 35 2 6 12 40 19 0 0 59 22 4 20 4 30 83 22 26 3 12 1 20 0 1 1 49 90 497 227 28 1 2 0 11 21 19 22 260 33 21 1 104 1 0 0 0 0 0 1 0 2 0 1 1 0 5 0 2 3 5 3 16 1 30 37 30 3 4 0 6 2 1 5 1 0 0 4 1 3 2 1 25 50 1 9 1 0 2 0 0 0 28 1 1 0 1 0 0 0 1 0 0 0 0 0 0 0 1 3 0 4 0 0 1 0 0 3 0 1 1 0 0 0 1 4 8 0 1 3 0 0 0 0 5 1 0 2 0 0 2 0 0 0
4 4 1 1 6 1 2 2 0 3 0 4 0 1933 2592 96 48 362 49 18 17 282 115 3115 180 851 18617 5754 85 3 24 2 14 84 4981 542 218 11 88 1541 287 51 389 3 1 9 1486 0 20 0 5 2 38 273 5 2 103 24 1041 7 18 27 167 664 1141 0 242 516 25 11 9 5 24 14 129 1 5 0 2 0 2 0 28 97 65 93 138 1 3 1 0 10 9 3 71 24 8 0 101 36 0 0 1 1 0 0 1 1 0 0 0 1 4 9 18 2 4 8 13 82 34 207 24 1 0 2 3 1 0 6 0 0 1 3 0 4 2 0 13 18 19 3 8 0 0 0 0 4 15 72 0 2 1 0 0 0 0 0 0 0 0 0 0 0 1 1 10 2 0 0 1 0 0 0 0 4 0 1 4 0 1 6 13 1 0 1 0 0 0 0 0 2 0 1 0 1 1 0 0 0
3 4 1 2 18 3 1 0 2 4 2 1 1 875 2601 2967 45 616 23 11 2 23 13 424 40 6 5754 7798 115 25 64 4 28 151 405 152 437 14 1979 65 144 15 216 0 0 10 308 5 12 0 3 1 21 174 5 1 253 111 429 31 25 29 248 678 2734 0 281 396 207 15 20 5 23 4 363 18 4 0 5 0 7 1 10 37 7 41 51 2 3 0 7 2 3 5 66 79 2 1 89 125 0 0 0 0 0 1 1 1 1 0 0 0 1 17 49 1 1 13 9 201 21 319 9 1 1 0 1 1 0 15 0 1 0 1 0 1 1 0 6 18 38 2 27 0 1 7 1 4 18 190 0 0 0 0 0 2 0 0 0 0 0 0 1 1 0 1 16 5 1 3 0 0 2 1 0 11 0 0 2 0 2 0 8 2 0 1 0 0 0 0 1 0 1 4 0 0 0 0 0 0
9157 983 814 194 1786 422 4868 525 142 583 127 466 0 22 59 58 6 43 3 4 37 94 16 51 113 9 85 115 31538 12224 2731 82 266 170 13 6 137 31 124 45 183 16 154 7 2 5 84 69 26 1 175 139 2020 13629 317 48 2532 113 67 37 74 196 648 94 232 3 7554 187 655 108 50 301 161 68 892 148 221 2 240 18 82 3 951 344 146 58 245 34 34 4 14 281 136 36 286 1339 200 4860 159 671 13 7 28 30 10 48 11 17 24 22 54 102 0 0 3 0 0 0 2 3 5 5 1 20 18 0 3 1 0 1 17 0 33 67 0 27 0 0 12 7 0 5 3 33 36 0 3 1 9 10 4 0 2 7 0 3 8 14 3 1 14 39 3 28 29 3 1 2 0 1 48 8 2 3 0 1 11 2 17 2 119 18 19 8 4 70 1 0 2 1 66 6 2 16 58 4 50 3 2 6
11225 1853 217 296 4259 1381 656 161 82 219 27 1125 0 11 20 22 7 12 2 6 56 96 7 6 9 5 3 25 12224 11717 3743 131 371 87 2 1 61 34 49 9 150 2 26 0 0 2 15 18 26 1 111 89 727 2196 122 65 2174 65 36 21 10 30 110 11 66 0 929 39 142 26 21 197 92 17 424 32 83 1 85 5 45 3 583 208 204 24 9 26 9 1 5 203 77 18 54 1420 141 680 8 178 7 4 12 10 1 30 10 13 24 8 27 54 0 0 1 0 0 0 1 3 2 1 1 1 5 0 2 0 0 0 2 0 8 21 0 8 0 0 3 3 0 0 1 5 11 0 0 0 3 6 0 0 2 2 0 1 2 1 1 2 4 11 2 9 9 0 0 0 0 0 16 3 2 1 1 1 2 0 1 0 32 4 3 3 0 15 0 0 0 2 14 1 0 4 23 3 17 0 0 1
1151 922 110 545 10734 1969 91 31 19 92 14 1490 0 14 45 34 14 27 2 3 65 139 9 8 17 5 24 64 2731 3743 13157 323 493 143 5 2 82 36 64 24 160 4 14 2 3 3 20 18 19 1 49 34 335 1886 44 34 5481 133 35 38 21 38 139 23 91 1 2068 85 168 29 21 174 158 13 1357 34 65 1 88 3 29 1 297 324 252 293 54 11 4 0 2 92 50 14 43 5918 71 104 728 3901 3 0 5 3 0 6 2 3 3 3 4 13 0 0 0 0 1 1 2 2 0 2 0 1 0 0 0 0 0 0 2 0 5 5 0 4 0 0 4 1 1 1 0 8 2 0 1 0 0 6 1 0 1 0 1 1 0 0 0 1 3 4 0 1 5 0 0 0 0 0 3 0 0 0 0 1 0 0 4 0 13 1 0 0 0 8 2 0 0 0 4 2 0 1 10 1 2 0 0 0
93 37 10 26 965 320 20 12 22 91 21 103 0 0 3 6 5 8 3 3 68 121 13 2 9 4 2 4 82 131 323 1459 5426 783 1 1 23 35 6 8 60 0 4 1 0 2 11 4 0 0 3 2 21 73 8 7 17 1175 12 26 3 1 7 2 6 0 15 64 9 3 1 1810 1114 4 1146 1 222 0 429 1 2 5 27 20 64 19 8 5 1 2 2 16 8 3 3 977 188 14 7 18 3 2 5 4 0 12 7 6 5 7 12 21 0 0 0 0 1 0 1 0 1 0 0 0 0 0 0 0 0 0 0 1 3 7 0 4 0 0 9 3 0 1 0 3 2 0 0 0 1 1 3 0 0 0 0 0 0 2 0 0 0 3 0 3 7 0 0 0 0 1 3 2 0 1 0 1 1 0 2 0 5 1 1 0 0 4 0 0 0 0 2 0 0 1 14 1 1 0 0 0
498 318 126 170 1579 484 101 84 142 968 290 771 6 5 39 124 49 322 66 49 418 863 158 18 90 47 14 28 266 371 493 5426 8194 3062 3 0 149 769 53 104 419 4 28 10 4 40 170 7 19 6 39 34 100 384 32 30 97 2570 95 121 39 17 64 26 34 5 144 558 59 14 13 4045 2321 58 3864 17 681 20 713 2 12 4 204 156 518 174 129 10 8 4 12 85 38 4 46 2247 1183 108 80 74 53 16 69 67 5 118 42 73 88 73 144 209 3 1 3 0 10 2 16 8 28 20 12 23 15 2 2 3 1 0 19 0 40 113 3 47 6 0 89 87 1 35 1 26 22 1 3 0 51 18 15 0 0 3 0 1 1 13 0 0 12 37 2 35 32 5 1 4 0 1 49 6 2 10 2 8 6 2 5 0 120 53 33 3 0 62 0 0 0 5 54 3 1 3 134 16 35 0 1 4
24 7 5 2 454 44 9 3 1 9 2 62 0 204 520 531 334 547 103 185 141 316 295 35 37 22 84 151 170 87 143 783 3062 10647 163 137 2429 279 197 60 310 4 45 9 2 28 543 16 6 1 7 15 27 154 8 7 241 4516 1116 3196 60 26 98 50 119 3 160 2498 117 9 17 73 422 45 6082 38 15 17 39 2 11 4 66 37 142 45 116 5 9 4 19 37 8 6 42 1628 8 11 74 296 3 1 4 4 0 5 0 2 6 3 5 6 5 1 6 5 10 1 28 14 49 34 35 25 13 3 18 5 2 3 4 2 2 17 6 31 3 0 106 127 2 60 4 8 12 7 1 0 62 14 28 0 0 2 0 1 3 8 0 2 12 15 1 3 3 11 4 10 0 1 25 7 0 18 2 5 6 2 5 0 14 62 23 10 2 69 2 0 0 4 29 0 0 1 10 4 31 3 2 4
2 2 2 0 1 1 0 0 0 1 1 2 0 2665 1187 12 143 49 13 31 6 115 65 1982 37 697 4981 405 13 2 5 1 3 163 4563 2804 782 13 12 3289 131 26 312 0 0 2 1184 0 5 0 1 0 15 78 0 2 16 33 1021 75 8 3 48 120 33 0 42 217 5 2 1 2 12 8 56 2 1 1 2 0 0 0 9 25 22 26 28 1 0 0 0 1 2 1 73 6 1 0 26 17 0 0 0 0 0 2 0 2 0 0 0 0 7 2 6 6 4 3 35 5 49 84 57 6 4 3 13 5 3 5 0 0 0 1 2 10 9 2 24 52 1 27 1 0 0 9 0 1 42 4 4 1 0 0 0 0 1 0 0 0 0 0 0 0 0 4 0 7 1 0 0 2 0 3 0 1 0 1 2 0 0 7 17 3 0 0 0 0 0 0 1 0 0 1 0 1 5 0 0 0
0 0 0 0 1 0 0 0 0 0 0 1 1 3380 2278 58 816 35 1 27 1 7 2 172 1 16 542 152 6 1 2 1 0 137 2804 1079 1300 3 20 481 21 3 78 1 0 0 265 0 1 0 1 0 2 1 0 2 3 21 1296 121 3 3 33 46 43 0 4 134 7 0 3 0 1 3 34 2 0 0 1 0 1 0 0 1 2 1 0 1 0 0 0 0 0 0 33 5 0 0 2 7 0 0 0 0 0 0 0 0 1 0 0 0 0 0 0 1 3 2 5 1 11 10 2 1 0 0 3 1 0 0 0 0 0 1 0 1 2 0 5 13 1 6 0 0 1 2 0 0 8 0 0 0 0 0 0 0 0 0 0 1 0 0 0 0 0 0 0 2 0 0 0 0 0 1 0 0 1 0 0 0 0 1 3 1 0 0 0 0 0 0 0 0 1 0 0 0 1 0 0 0
7 5 11 8 177 24 6 2 0 4 2 39 3 1215 3177 1596 3554 1615 236 878 123 199 522 77 12 21 218 437 137 61 82 23 149 2429 782 1300 6865 374 444 92 510 9 91 11 3 25 697 19 6 7 7 10 16 95 4 9 196 848 1353 945 80 38 161 92 356 6 111 1095 225 16 17 31 77 73 1758 43 8 23 12 1 5 3 47 18 71 30 50 5 7 2 14 20 7 8 91 522 4 1 56 208 6 1 0 1 3 2 2 13 2 0 3 2 18 7 9 13 52 12 92 23 170 99 131 56 45 2 45 18 7 18 4 1 0 39 7 60 26 10 251 311 7 132 1 14 44 23 1 0 159 20 46 4 0 3 1 6 9 7 0 5 5 14 0 3 0 32 7 16 5 2 29 8 4 30 1 14 4 3 13 0 14 59 48 9 4 87 0 4 2 4 24 6 3 7 9 2 35 3 1 4
8 12 11 5 123 20 5 3 4 10 2 25 339 11 112 917 576 4110 3588 314 190 455 323 57 49 41 11 14 31 34 36 35 769 279 13 3 374 5044 64 101 389 3 80 1370 59 1062 141 13 12 22 17 14 20 89 6 15 29 206 61 20 252 16 34 28 17 55 38 274 37 12 8 27 1684 1063 612 17 21 283 99 38 26 89 66 32 134 63 44 51 25 39 54 39 12 7 42 367 13 4 27 30 8 6 6 10 2 6 4 31 2 3 4 2 87 30 118 57 134 81 324 149 727 907 481 168 109 19 174 48 17 75 13 2 6 133 18 193 116 21 805 936 21 391 15 54 93 54 13 3 608 291 128 5 9 6 5 6 18 22 2 10 29 28 6 11 8 97 42 71 18 20 74 33 15 71 5 41 16 9 76 4 62 249 291 32 15 238 1 9 9 12 82 17 12 23 50 9 112 11 7 22
6 5 7 0 60 7 3 2 0 6 1 11 10 83 326 1584 43 6179 81 38 10 25 34 385 24 5 88 1979 124 49 64 6 53 197 12 20 444 64 15106 11 611 121 1728 6 2 143 62 124 81 1 4 4 20 137 9 1 215 131 98 21 2810 144 349 786 4185 1 184 166 4013 80 59 10 31 3 582 353 1 0 7 0 18 1 20 19 10 16 30 10 41 1 280 56 23 31 508 209 5 2 33 118 0 0 0 2 0 0 1 0 1 0 0 0 0 41 163 2 4 13 6 447 42 470 15 1 0 1 2 17 1 24 0 1 0 3 0 5 2 0 37 35 99 6 78 4 3 9 26 21 49 797 2 1 1 0 0 9 0 2 2 0 0 5 1 1 2 1 71 79 6 12 5 2 2 3 3 80 1 1 64 3 0 8 22 2 13 8 0 2 2 1 4 15 5 7 4 0 4 0 0 1
19 34 37 21 58 39 6 6 5 29 10 89 1 342 202 9 52 58 22 30 859 5757 1581 4958 3578 12118 1541 65 45 9 24 8 104 60 3289 481 92 101 11 5223 823 283 1443 6 0 11 1371 3 94 0 5 8 38 328 6 34 21 20 90 4 10 30 89 121 12 1 212 61 9 38 5 66 210 52 64 4 45 5 49 0 6 1 112 210 1449 341 84 5 8 2 10 37 26 18 516 76 45 2 327 4 1 0 2 1 1 2 0 6 1 0 3 5 9 6 7 7 33 9 63 11 125 96 85 23 14 2 25 10 4 9 2 0 1 24 1 41 30 5 120 201 1 57 0 6 13 4 0 1 69 5 26 1 1 1 2 0 0 5 0 1 5 5 0 0 0 12 1 11 3 1 11 4 3 13 1 4 1 0 3 0 15 22 29 3 1 15 0 0 0 1 5 3 2 3 8 0 16 0 0 4
488 389 388 118 254 207 118 190 82 341 105 384 8 489 1883 1108 766 1995 407 932 1059 1593 6636 2717 269 711 287 144 183 150 160 60 419 310 131 21 510 389 611 823 10333 5149 2567 31 14 455 185 40 3670 5 90 52 40 184 1374 943 77 108 57 10 1180 138 98 43 141 2 135 101 309 190 79 342 521 70 320 374 314 8 278 4 128 8 904 88 682 105 87 181 227 66 688 934 363 330 1319 310 331 54 113 31 7 6 6 14 6 23 10 23 17 15 25 43 3 1 5 7 7 5 24 17 47 53 29 21 24 3 11 1 1 3 19 1 17 49 1 38 5 2 57 73 1 25 2 27 25 4 8 2 36 43 14 0 4 4 0 6 10 10 1 5 11 28 4 14 15 7 6 11 1 3 60 11 1 6 1 7 6 3 35 1 75 48 32 5 6 94 1 9 15 2 55 9 3 7 38 7 18 6 2 8
8 5 9 3 1 3 2 5 0 2 1 2 6 26 80 76 14 313 20 23 13 284 1127 4114 94 80 51 15 16 2 4 0 4 4 26 3 9 3 121 283 5149 6817 5310 1 9 163 122 2 1974 0 1 0 3 43 30 8 8 2 14 0 412 11 11 0 17 0 31 15 67 33 11 0 12 10 16 70 2 0 2 0 8 0 17 20 36 18 24 13 19 3 180 292 46 74 232 5 4 0 33 2 0 1 0 0 0 0 0 2 0 0 0 0 1 0 4 0 0 1 5 3 13 27 11 1 0 0 4 1 0 2 0 0 0 2 0 2 2 0 5 9 0 2 0 0 1 0 1 0 4 11 1 0 0 0 0 1 0 0 0 0 0 0 0 0 0 0 2 2 0 0 0 0 0 0 1 1 0 0 7 2 0 2 7 0 1 1 0 0 2 0 0 2 0 0 0 0 0 0 0 0
14 11 13 2 28 12 10 7 3 11 4 11 18 276 366 285 67 5203 451 80 88 1280 612 1768 631 327 389 216 154 26 14 4 28 45 312 78 91 80 1728 1443 2567 5310 4817 3 41 1881 1581 11 3289 2 11 10 72 665 23 27 114 18 448 4 4306 61 165 5456 695 14 482 315 855 76 26 17 99 14 157 495 14 0 14 1 20 1 97 280 264 297 282 22 34 6 912 331 162 148 3609 64 11 1 326 17 0 0 0 0 0 0 0 2 0 1 0 1 1 3 33 2 9 11 18 72 39 111 40 4 0 0 2 0 1 3 1 2 0 2 0 5 4 2 18 45 8 9 7 1 2 4 18 2 18 178 0 2 4 0 0 4 0 1 0 1 0 2 0 0 1 2 41 8 1 5 3 1 0 1 5 28 1 1 80 4 2 4 14 0 10 9 1 4 5 0 1 8 3 1 5 1 3 1 0 0
2 1 5 0 4 1 0 0 8 20 18 2 4553 0 2 10 62 424 7037 177 9 31 5 1 3 1 3 0 7 0 2 1 10 9 0 1 11 1370 6 6 31 1 3 7815 2159 1309 2 26 5 853 7 40 5 29 5 2 0 2 2 0 64 19 7 2 1 392 6 3 4 16 32 138 3241 3679 8 3 1318 929 3744 148 101 685 37 14 19 7 2 385 312 733 339 11 9 7 20 3 50 0 5 0 4 1 3 3 2 3 1 12 1 0 3 2 19 39 334 18 39 116 118 482 299 1814 199 35 23 5 34 15 4 37 2 5 1 54 4 72 22 1 306 355 37 93 39 14 28 11 79 51 358 820 33 12 22 3 0 63 18 11 18 18 9 16 2 5 2 20 79 49 8 70 29 4 9 13 13 75 12 19 305 36 44 124 431 13 47 118 12 36 42 2 35 100 10 5 33 5 42 5 0 5
4 0 1 0 2 1 3 5 87 49 11 1 3365 0 1 2 1 34 212 4 2 4 2 2 1 1 1 0 2 0 3 0 4 2 0 0 3 59 2 0 14 9 41 2159 9493 4942 1 49 13 3447 5 15 2 3 1 0 0 0 1 0 52 45 31 3 1 1623 2 0 21 31 62 24 177 182 0 26 803 518 431 62 76 316 2 1 5 1 0 576 911 6830 2018 13 12 18 64 1 426 20 3 0 0 0 0 0 1 1 0 4 0 0 0 1 1 1 307 1 3 3 4 65 28 76 5 1 0 0 0 1 0 0 11 5 0 1 0 9 0 0 34 19 12 2 1 2 1 26 463 40 95 1655 0 14 70 4 3 255 4 0 9 16 0 1 0 1 0 1 219 131 42 336 2 4 7 4 119 328 17 58 2210 186 3 17 37 12 267 43 24 236 98 0 0 481 36 8 19 1 1 0 1 1
2 2 2 0 4 3 1 0 14 13 3 1 3156 1 10 9 76 1592 4042 106 6 20 5 210 7 3 9 10 5 2 3 2 40 28 2 0 25 1062 143 11 455 163 1881 1309 4942 8437 14 59 137 67 1 2 3 11 4 0 6 1 11 0 856 137 336 285 97 1514 7 12 155 102 72 12 1158 59 14 113 117 59 157 6 46 12 4 2 8 7 8 102 297 468 2138 47 36 58 1006 9 36 2 2 1 1 3 0 1 2 0 0 8 0 0 1 1 4 28 2376 1 5 14 15 1185 155 1157 35 3 4 1 1 45 0 25 15 9 0 12 4 36 1 1 250 146 101 4 186 1 5 69 668 252 258 7874 2 11 20 0 4 101 0 2 0 10 0 0 1 2 3 2 957 470 55 656 3 13 8 1 49 712 5 14 1475 98 3 31 132 12 194 42 12 17 39 1 1 119 28 15 14 1 2 0 1 2
5 11 12 8 21 17 5 2 8 23 7 17 1 309 239 37 59 54 13 8 116 571 185 2176 2157 379 1486 308 84 15 20 11 170 543 1184 265 697 141 62 1371 185 122 1581 2 1 14 1701 7 55 0 13 9 57 415 6 15 135 179 905 115 34 74 576 414 234 1 380 626 132 52 14 30 252 30 331 16 25 4 26 1 12 0 68 227 206 289 1959 3 4 0 5 23 25 17 680 66 32 3 324 64 2 0 0 2 1 2 0 4 0 0 1 4 8 3 2 4 29 3 57 7 88 38 66 24 16 3 28 5 9 4 3 0 2 22 1 33 23 5 98 169 2 69 3 10 9 6 2 0 54 12 22 1 2 1 1 0 0 1 0 2 2 7 1 2 1 18 4 5 2 0 9 6 2 18 3 7 4 0 6 0 13 29 26 3 1 21 0 1 2 1 17 2 2 3 4 1 15 0 1 5
3 6 2 0 17 1 1 0 2 1 0 3 5 4 14 17 2 256 9 2 2 7 5 1 11 0 0 5 69 18 18 4 7 16 0 0 19 13 124 3 40 2 11 26 49 59 7 35658 27 29 1 5 10 68 0 0 80 11 4 1 559 8429 2996 7 119 10 68 12 5611 1172 5444 2 13 5 43 12040 11 2 6 2 526 5 3 16 5 11 4 2743 7674 272 1338 32 167 100 189 50 2 1 16 15 0 0 0 0 1 1 0 7 0 0 0 0 0 3 14 0 0 2 3 10 6 8 1 2 1 2 3 2 0 0 2 2 0 2 0 2 1 0 12 3 0 2 1 2 1 22 71 10 28 99 1 81 302 5 8 302 0 2 5 65 0 1 0 1 0 1 12 46 42 26 1 5 3 1 70 45 74 184 725 96 6 9 9 3 154 31 115 137 477 1 0 839 77 2 13 1 0 0 0 0
85 50 66 11 21 15 33 18 8 27 2 19 4 31 97 110 14 221 30 31 17 246 136 170 75 67 20 12 26 26 19 0 19 6 5 1 6 12 81 94 3670 1974 3289 5 13 137 55 27 14263 4 29 32 14 72 40 23 15 4 9 0 403 321 79 6 24 3 31 16 102 586 76 30 32 8 19 170 17 0 20 0 99 0 82 41 65 28 19 106 180 54 442 6349 1609 3470 9329 33 15 4 51 6 0 0 0 0 0 0 1 0 0 1 1 1 0 0 2 2 1 1 1 0 10 17 9 1 3 0 0 0 0 0 0 0 0 4 0 3 2 0 7 11 0 1 0 1 2 0 4 3 3 19 2 0 1 0 0 7 1 0 2 4 0 3 0 0 2 1 2 1 0 1 1 0 0 2 4 6 0 9 40 3 4 5 7 0 4 6 4 5 13 1 0 10 3 1 1 0 2 0 0 0
3 0 0 2 1 4 9 4 151 77 15 1 161 0 0 0 4 1 25 1 0 7 4 0 0 1 0 0 1 1 1 0 6 1 0 0 7 22 1 0 5 0 2 853 3447 67 0 29 4 6643 37 285 3 6 3 1 1 2 0 0 14 36 6 0 0 1972 0 2 7 38 57 21 105 589 1 26 1000 566 356 1154 412 5932 7 2 7 1 0 2315 661 3726 426 17 10 15 15 0 641 29 1 1 0 0 1 0 0 0 0 4 0 3 0 2 0 0 16 1 0 0 2 4 1 6 1 0 0 1 2 0 0 0 1 1 1 0 0 2 0 0 10 2 0 2 0 0 0 4 40 5 23 32 1 35 225 1 4 448 40 2 42 87 0 1 1 0 0 0 2 15 15 23 0 2 0 0 42 13 35 122 609 57 1 8 14 0 100 13 154 318 513 0 1 771 36 0 15 0 2 0 0 2
325 142 146 16 53 54 155 89 33 100 21 61 0 1 2 3 0 0 3 0 7 28 5 0 24 5 5 3 175 111 49 3 39 7 1 1 7 17 4 5 90 1 11 7 5 1 13 1 29 37 13423 13586 113 166 653 71 11 6 3 1 3 3 18 3 4 47 26 15 6 21 11 51 80 66 20 1 67 4 73 1392 1001 133 853 25 37 18 12 61 8 5 3 5521 5743 105 57 44 58 29 21 7 0 0 1 3 2 5 0 4 0 4 2 7 0 0 0 0 1 0 2 0 4 0 0 3 4 0 2 0 0 0 0 0 3 17 0 5 1 1 10 8 0 4 0 5 11 0 0 1 6 0 5 0 0 0 0 1 97 7 80 51 0 9 2 4 0 0 0 0 0 0 14 2 0 0 0 0 5 10 1 0 21 11 5 2 0 25 19 1 27 0 3 4 0 1 8 3 9 0 0 2
294 107 128 24 42 38 135 86 37 83 19 53 1 0 2 2 1 3 4 3 7 22 3 8 15 5 2 1 139 89 34 2 34 15 0 0 10 14 4 8 52 0 10 40 15 2 9 5 32 285 13586 16310 124 146 523 56 9 2 4 0 10 19 14 1 4 296 29 19 19 90 45 40 79 198 21 13 140 17 60 12516 2844 1272 645 14 34 20 15 402 35 38 13 1613 6882 41 80 33 142 34 13 7 0 1 1 0 1 1 0 7 0 2 2 4 0 0 1 1 2 0 2 1 1 0 1 2 2 0 2 0 0 0 0 1 1 12 0 2 0 0 11 9 0 6 0 2 1 1 4 0 5 2 4 2 8 3 0 14 2072 119 2510 1083 11 2 0 1 3 2 0 2 0 9 5 2 0 0 0 0 181 85 20 0 9 13 17 0 0 30 553 38 538 0 7 36 11 1 13 1 1 0 0 5
1574 385 439 65 353 157 1592 519 245 376 75 208 0 4 9 8 0 7 1 6 16 45 10 35 114 19 38 21 2020 727 335 21 100 27 15 2 16 20 20 38 40 3 72 5 2 3 57 10 14 3 113 124 11237 9715 8035 9 292 24 8 2 11 35 177 22 47 4 466 75 80 33 18 153 108 55 158 18 141 9 126 21 25 27 2963 236 44 109 145 11 9 5 3 68 59 16 131 235 203 3863 75 135 0 1 5 6 3 13 5 12 13 6 17 35 0 0 0 0 1 0 1 0 1 2 0 5 13 1 2 0 0 1 4 1 8 29 0 16 0 0 24 10 0 4 0 13 26 0 2 0 10 4 5 0 1 0 0 2 1 3 0 1 3 20 2 8 8 3 0 1 0 2 23 3 2 4 0 0 0 0 3 1 52 15 14 3 1 63 0 1 0 1 19 1 0 2 16 3 19 1 1 4
4614 1885 2026 435 1361 658 2590 1115 283 963 230 782 1 31 61 39 20 47 4 5 62 318 41 295 990 141 273 174 13629 2196 1886 73 384 154 78 1 95 89 137 328 184 43 665 29 3 11 415 68 72 6 166 146 9715 25662 415 21 2903 126 56 36 62 274 1335 262 356 3 6151 572 677 191 106 487 525 151 1421 99 527 9 575 13 84 5 1817 6205 178 957 1197 16 31 4 22 182 128 70 949 1129 414 3483 1016 1795 17 13 25 29 13 74 13 50 39 30 52 117 2 1 5 0 5 2 1 5 18 12 5 38 57 4 7 4 0 0 31 2 27 127 2 64 0 3 66 50 0 22 0 57 73 1 2 0 24 11 15 0 2 6 0 8 5 20 1 1 38 81 3 44 41 3 5 4 1 2 147 18 9 10 0 3 3 1 5 0 190 76 58 12 1 204 0 2 2 9 98 2 1 14 81 11 89 9 3 21
335 118 144 28 63 32 366 121 50 93 24 62 0 3 1 3 3 19 1 1 4 22 12 13 17 7 5 5 317 122 44 8 32 8 0 0 4 6 9 6 1374 30 23 5 1 4 6 0 40 3 653 523 8035 415 15156 373 21 2 1 2 13 10 15 5 4 6 37 14 17 14 12 37 62 27 17 10 44 0 55 65 115 12 2345 80 50 21 15 22 14 1 9 857 192 22 48 48 51 1215 18 14 0 0 1 1 2 4 0 4 2 2 3 9 0 0 0 0 1 0 1 0 3 1 1 7 4 0 0 1 0 0 2 0 1 14 0 7 0 0 7 8 0 0 0 5 4 0 0 0 7 0 2 0 0 0 0 0 5 1 6 3 1 8 1 0 3 0 0 0 0 0 11 1 0 1 0 0 0 2 0 0 14 10 8 4 0 9 1 0 3 0 8 2 0 2 7 0 3 0 0 2
209 174 146 40 49 55 76 70 13 68 17 72 0 1 2 2 0 4 1 3 650 292 26 8 48 17 2 1 48 65 34 7 30 7 2 2 9 15 1 34 943 8 27 2 0 0 15 0 23 1 71 56 9 21 373 2436 6 5 2 1 3 5 26 4 5 0 15 13 6 17 8 52 76 25 27 0 40 1 46 3 32 2 1289 12 1589 52 18 11 1 0 0 194 58 23 31 25 46 12 35 6 2 0 1 1 1 4 1 2 6 0 0 4 0 0 0 0 0 0 0 0 9 0 0 2 2 0 1 0 0 0 3 1 1 9 0 4 0 0 7 12 0 4 0 8 8 0 0 0 4 1 2 0 0 1 0 0 0 4 1 1 4 10 0 3 2 0 0 1 0 0 19 1 0 1 0 0 0 1 0 0 16 6 10 1 0 17 1 0 1 1 15 0 0 1 7 0 10 2 0 1
96 161 162 80 748 121 28 21 7 30 12 99 0 61 154 84 22 50 2 9 10 40 14 33 77 1 103 253 2532 2174 5481 17 97 241 16 3 196 29 215 21 77 8 114 0 0 6 135 80 15 1 11 9 292 2903 21 6 6462 218 130 67 76 229 884 149 481 1 7616 449 863 115 78 30 81 9 2444 128 22 1 37 1 34 1 110 357 44 349 458 11 21 3 16 32 30 34 252 1878 30 15 1673 4558 0 0 3 4 0 6 2 4 2 5 0 10 1 2 4 0 2 0 1 5 3 8 2 3 1 0 0 2 0 1 1 0 3 2 0 3 0 0 3 8 0 0 0 2 3 0 3 0 0 13 1 0 0 0 0 3 1 1 0 1 0 4 0 2 0 0 1 0 1 0 3 0 0 0 0 2 0 0 8 1 11 3 3 0 1 4 0 1 1 1 8 5 1 0 6 1 4 0 0 0
12 3 8 1 556 86 4 0 3 18 6 59 0 60 193 157 71 118 6 25 70 161 47 5 27 9 24 111 113 65 133 1175 2570 4516 33 21 848 206 131 20 108 2 18 2 0 1 179 11 4 2 6 2 24 126 2 5 218 7260 1076 6892 32 18 75 23 122 0 150 2773 132 10 15 197 831 5 12613 28 9 2 58 0 4 1 39 46 63 60 121 1 5 0 4 7 9 3 23 3158 16 6 77 1176 0 0 1 0 1 1 0 0 0 4 1 3 1 0 3 0 2 0 4 5 8 1 2 1 1 0 2 0 0 0 1 0 0 2 0 3 0 1 6 18 1 1 0 2 3 0 2 0 5 8 1 0 0 0 0 0 0 1 1 0 0 0 0 1 0 0 0 1 1 0 2 0 0 1 0 2 0 0 3 1 1 13 1 1 1 7 0 0 0 0 3 0 0 0 2 1 1 0 0 0
3 3 7 1 45 12 1 4 3 2 3 8 0 1660 575 51 112 26 5 8 22 72 24 546 17 35 1041 429 67 36 35 12 95 1116 1021 1296 1353 61 98 90 57 14 448 2 1 11 905 4 9 0 3 4 8 56 1 2 130 1076 2901 1605 20 40 410 377 338 0 90 2153 148 26 17 13 60 25 798 16 2 0 10 0 5 1 33 16 42 18 35 0 1 1 2 9 7 9 254 165 5 2 28 141 0 1 1 0 0 1 1 4 0 0 0 1 4 0 1 6 20 3 37 5 52 14 41 19 6 0 11 3 1 3 0 0 0 22 6 21 17 4 93 125 0 43 2 4 8 4 0 0 32 5 14 0 1 1 0 0 3 1 0 0 2 2 0 2 0 9 2 6 1 0 8 3 0 7 0 4 2 4 4 1 6 18 20 5 1 14 1 0 1 1 13 0 4 0 1 1 4 1 0 0
2 1 1 0 71 6 3 1 0 1 1 2 0 139 127 27 28 21 0 7 4 10 3 6 3 2 7 31 37 21 38 26 121 3196 75 121 945 20 21 4 10 0 4 0 0 0 115 1 0 0 1 0 2 36 2 1 67 6892 1605 1790 4 3 26 7 18 0 57 2821 21 0 1 9 47 1 3016 7 1 0 6 0 1 0 5 11 3 8 16 1 0 0 1 0 2 0 2 317 1 1 18 247 1 0 0 0 0 0 0 0 0 0 0 1 0 0 0 0 1 0 1 1 1 2 1 1 1 0 0 0 0 1 0 0 0 1 0 0 0 0 4 3 0 3 0 0 0 0 0 0 4 0 0 0 0 0 0 0 0 0 0 0 1 0 0 0 0 0 0 0 0 0 1 0 0 0 0 0 0 0 0 1 0 3 1 0 0 0 0 0 0 0 0 1 0 0 0 0 0 0 0 0
8 5 2 2 23 2 6 0 0 1 0 5 26 11 25 35 39 2588 135 38 5 42 19 227 14 6 18 25 74 10 21 3 39 60 8 3 80 252 2810 10 1180 412 4306 64 52 856 34 559 403 14 3 10 11 62 13 3 76 32 20 4 8478 611 1733 609 446 184 56 33 2606 387 305 9 259 13 133 4894 6 2 20 0 92 4 12 12 8 9 14 112 453 55 2133 143 125 184 2994 66 2 1 16 24 0 0 0 0 0 0 0 2 0 0 0 0 1 6 692 3 1 4 9 196 76 221 21 2 2 0 2 14 0 8 12 7 0 8 0 16 1 0 115 68 40 5 34 1 2 61 514 97 144 2566 7 10 23 3 3 111 0 0 2 5 1 3 1 3 1 1 361 284 35 171 4 6 3 2 43 395 6 11 984 85 4 18 47 21 158 14 9 26 28 0 1 110 25 11 13 1 1 0 0 4
10 13 7 0 22 2 5 1 3 6 3 14 7 29 70 59 5 229 12 12 7 125 21 12 96 12 27 29 196 30 38 1 17 26 3 3 38 16 144 30 138 11 61 19 45 137 74 8429 321 36 3 19 35 274 10 5 229 18 40 3 611 16873 8658 51 562 5 294 74 3053 10198 5824 10 17 6 108 2302 15 1 6 7 555 14 32 81 57 79 45 659 2829 305 1028 125 518 2256 2680 55 10 0 90 36 0 0 0 0 0 0 0 2 0 0 0 0 0 1 8 4 0 3 1 10 4 10 4 0 0 0 5 0 0 1 4 0 0 0 0 2 1 0 8 6 1 3 0 2 2 20 39 11 24 77 2 87 332 4 15 243 6 5 16 141 0 1 0 1 1 1 8 39 43 16 0 7 0 3 27 35 110 312 485 57 4 3 9 5 113 19 166 137 899 0 0 854 110 1 10 0 0 0 0 0
15 9 10 6 60 6 7 5 3 19 3 21 7 197 330 100 22 478 19 8 41 484 33 27 480 40 167 248 648 110 139 7 64 98 48 33 161 34 349 89 98 11 165 7 31 336 576 2996 79 6 18 14 177 1335 15 26 884 75 410 26 1733 8658 13489 4042 7028 12 1381 522 7349 1146 361 18 71 7 492 2228 17 1 14 0 89 3 152 414 267 381 289 64 542 73 1531 66 95 233 3761 145 25 6 509 115 0 0 0 0 0 0 0 1 0 0 1 4 1 1 20 1 1 0 5 11 9 20 1 1 5 0 4 0 0 1 5 0 1 1 0 2 1 0 15 7 4 8 1 1 2 9 109 7 30 229 1 16 37 1 1 79 3 1 1 6 0 0 0 1 0 0 40 39 15 23 0 1 1 3 39 91 6 18 477 55 3 1 6 4 94 21 7 19 36 0 1 131 17 1 6 0 0 0 0 1
5 3 2 1 7 3 1 0 2 6 1 7 1 168 218 46 15 1490 96 4 8 110 21 225 139 19 664 678 94 11 23 2 26 50 120 46 92 28 786 121 43 0 5456 2 3 285 414 7 6 0 3 1 22 262 5 4 149 23 377 7 609 51 4042 2608 5946 1 260 231 372 30 16 5 30 1 122 58 2 0 6 0 5 0 30 77 63 88 102 1 7 1 6 8 12 10 1951 27 6 0 96 33 0 0 0 0 0 0 0 2 0 0 0 0 1 3 40 0 1 2 3 102 6 91 2 2 0 0 2 2 0 1 0 0 0 1 0 3 0 0 11 12 12 1 7 3 1 3 2 0 7 199 0 0 0 0 0 1 0 0 0 0 0 0 0 0 1 1 26 6 0 1 0 0 0 1 0 15 0 0 4 0 1 2 4 0 3 2 0 0 1 0 1 2 0 1 0 0 0 0 0 0
3 2 1 2 40 4 6 1 1 4 1 10 1 210 556 456 36 413 23 7 7 52 4 227 64 0 1141 2734 232 66 91 6 34 119 33 43 356 17 4185 12 141 17 695 1 1 97 234 119 24 0 4 4 47 356 4 5 481 122 338 18 446 562 7028 5946 7182 0 505 341 6662 235 204 2 32 3 551 257 0 0 3 0 44 0 37 86 28 65 80 5 40 4 30 15 32 40 837 131 7 1 147 139 1 0 0 0 1 2 0 1 1 0 0 1 0 15 133 1 2 5 0 411 18 292 6 3 2 1 5 5 0 11 1 0 0 3 0 7 0 0 24 21 48 5 65 0 3 8 8 7 20 773 1 1 2 0 1 8 0 0 0 3 0 1 0 2 0 1 100 30 6 10 0 0 0 1 0 53 1 1 21 1 4 1 4 0 7 4 3 1 5 0 0 4 1 2 2 0 3 0 0 1
2 0 0 0 1 0 3 4 54 33 8 0 878 0 1 0 4 55 223 7 0 3 0 0 1 0 0 0 3 0 1 0 5 3 0 0 6 55 1 1 2 0 14 392 1623 1514 1 10 3 1972 47 296 4 3 6 0 1 0 0 0 184 5 12 1 0 1097 2 0 18 4 7 5 104 415 1 34 393 561 189 823 148 1999 7 0 3 2 1 165 57 230 1211 5 6 3 12 0 294 15 0 0 0 0 2 0 0 0 0 0 1 0 0 0 0 0 275 0 2 0 1 23 15 69 3 1 0 0 0 1 0 0 1 0 1 3 0 1 0 0 13 10 0 0 0 0 0 2 119 34 23 338 1 2 4 0 1 23 24 0 27 18 1 0 0 0 1 0 29 5 0 137 0 0 1 0 6 13 6 10 139 5 0 2 15 0 9 3 12 6 21 0 0 17 1 1 3 1 2 0 0 0
420 545 466 157 435 232 102 143 47 198 61 293 1 38 92 64 18 35 6 6 22 169 35 179 791 59 242 281 7554 929 2068 15 144 160 42 4 111 38 184 212 135 31 482 6 2 7 380 68 31 0 26 29 466 6151 37 15 7616 150 90 57 56 294 1381 260 505 2 14764 702 807 190 100 135 177 51 2031 140 149 3 173 0 55 1 372 4554 288 1535 1405 10 39 5 17 49 54 44 703 889 154 47 2217 4173 6 3 12 10 5 15 2 14 12 4 15 26 0 0 4 0 2 0 4 4 2 3 4 7 11 1 3 0 0 1 7 2 9 38 0 10 0 0 13 27 0 5 1 29 13 1 0 2 6 10 4 1 2 3 0 1 7 7 0 0 19 23 0 7 13 0 2 1 1 2 32 3 2 1 0 4 1 0 11 5 50 24 17 6 1 47 0 0 6 2 30 5 1 8 18 4 16 0 0 2
17 10 18 4 133 25 6 5 10 57 18 24 0 168 237 127 48 104 10 28 54 231 43 256 473 22 516 396 187 39 85 64 558 2498 217 134 1095 274 166 61 101 15 315 3 0 12 626 12 16 2 15 19 75 572 14 13 449 2773 2153 2821 33 74 522 231 341 0 702 2616 245 43 20 63 529 23 2863 36 74 2 59 1 20 0 115 243 171 343 1904 2 7 1 7 27 32 13 249 456 82 6 584 550 2 0 4 1 0 1 1 2 2 2 4 6 1 1 2 1 8 1 20 5 19 10 22 14 5 0 11 1 1 4 0 0 3 18 1 20 7 3 58 83 1 25 2 5 6 1 0 0 25 8 13 0 0 2 0 0 0 1 0 0 4 4 0 4 1 2 2 3 0 1 7 2 0 5 0 0 1 1 3 0 7 28 8 3 1 11 0 0 0 0 6 3 0 0 4 2 7 1 0 0
13 6 2 1 107 14 6 3 1 6 1 21 11 98 268 200 29 905 16 23 15 68 15 38 80 4 25 207 655 142 168 9 59 117 5 7 225 37 4013 9 309 67 855 4 21 155 132 5611 102 7 6 19 80 677 17 6 863 132 148 21 2606 3053 7349 372 6662 18 807 245 7524 722 1166 18 52 6 752 5959 7 0 10 0 233 1 55 118 67 86 121 155 623 41 882 63 131 124 1280 296 7 3 140 207 0 2 0 0 1 0 1 3 0 0 1 1 1 0 80 1 1 2 10 54 24 50 8 2 3 1 2 4 0 0 17 4 1 3 1 9 2 1 33 22 9 5 7 0 4 44 432 15 74 732 4 13 40 1 4 153 0 2 3 9 0 0 1 2 1 2 104 106 43 62 1 7 11 4 123 269 9 25 1538 154 7 28 14 20 219 32 15 46 55 1 2 241 34 9 26 1 3 0 0 2
52 26 26 4 13 6 18 12 5 17 4 11 4 23 29 54 6 139 14 12 12 135 21 15 63 20 11 15 108 26 29 3 14 9 2 0 16 12 80 38 190 33 76 16 31 102 52 1172 586 38 21 90 33 191 14 17 115 10 26 0 387 10198 1146 30 235 4 190 43 722 4267 2426 11 20 9 62 762 26 2 13 16 711 47 35 66 51 46 36 1356 1359 206 609 379 2577 1504 2450 31 14 4 78 33 0 0 0 0 0 0 0 3 0 1 0 0 0 0 4 0 0 1 1 5 1 5 1 0 1 1 1 0 0 0 0 0 0 5 0 0 0 0 4 4 1 3 0 0 1 18 19 1 10 38 0 39 145 4 2 127 14 3 59 267 0 1 0 1 1 0 9 15 15 5 0 3 0 1 18 11 81 205 199 32 3 2 5 0 45 11 187 62 641 2 0 385 51 0 4 0 0 0 0 0
19 17 12 2 13 1 4 9 7 10 2 9 3 8 23 23 1 141 12 7 2 39 6 3 24 4 9 20 50 21 21 1 13 17 1 3 17 8 59 5 79 11 26 32 62 72 14 5444 76 57 11 45 18 106 12 8 78 15 17 1 305 5824 361 16 204 7 100 20 1166 2426 8547 9 23 7 55 1843 23 3 16 13 5685 51 34 26 29 36 20 2571 3244 320 834 199 518 196 218 38 19 1 42 27 1 0 0 0 0 0 0 1 0 0 0 0 0 3 5 1 0 2 2 3 3 2 0 1 6 0 2 2 0 0 1 0 0 2 0 0 2 0 8 10 1 6 0 0 1 18 21 5 19 23 1 55 204 1 2 180 20 9 68 358 0 0 0 1 0 1 4 13 24 16 2 3 0 2 10 10 117 257 236 31 2 4 5 3 55 18 249 127 976 0 0 547 70 0 5 0 0 0 0 2
300 236 283 68 488 205 139 172 333 2924 1359 1366 9 3 4 7 7 28 19 5 223 471 28 8 65 30 5 5 301 197 174 1810 4045 73 2 0 31 27 10 66 342 0 17 138 24 12 30 2 30 21 51 40 153 487 37 52 30 197 13 9 9 10 18 5 2 5 135 63 18 11 9 6538 664 168 337 6 3003 41 2308 15 29 22 288 177 477 139 51 32 15 25 6 112 36 6 26 338 4353 152 64 8 75 21 125 93 19 212 68 134 164 137 226 383 0 0 1 1 10 0 8 1 13 4 1 14 18 1 2 0 0 0 29 0 65 131 1 44 1 0 52 41 0 15 2 40 28 1 2 0 9 4 7 1 0 7 0 3 7 21 2 2 15 52 7 50 41 1 1 2 0 0 59 5 2 1 1 3 12 1 9 1 147 41 42 2 0 66 1 1 2 2 58 4 2 14 246 31 43 3 0 6
75 53 51 23 545 80 20 17 17 35 19 135 299 12 26 179 44 2208 840 42 469 1228 232 55 189 83 24 23 161 92 158 1114 2321 422 12 1 77 1684 31 210 521 12 99 3241 177 1158 252 13 32 105 80 79 108 525 62 76 81 831 60 47 259 17 71 30 32 104 177 529 52 20 23 664 6535 1288 1563 7 478 555 2276 72 57 209 326 286 777 277 193 97 69 107 133 168 66 16 78 1183 89 9 194 45 10 1 10 14 10 13 5 27 6 4 9 20 33 10 126 21 100 36 172 164 373 440 234 115 88 10 104 26 2 37 13 7 15 160 10 216 41 11 690 701 15 248 13 84 98 19 34 4 433 433 91 3 8 19 3 12 28 42 7 7 43 79 4 30 20 59 46 57 10 21 144 22 13 75 9 38 26 11 126 13 141 335 315 24 16 446 8 15 12 8 150 31 13 13 54 10 123 15 7 22
29 14 22 7 20 17 35 22 405 240 77 19 960 10 40 12 112 63 2953 197 54 163 19 29 35 22 14 4 68 17 13 4 58 45 8 3 73 1063 3 52 70 10 14 3679 182 59 30 5 8 589 66 198 55 151 27 25 9 5 25 1 13 6 7 1 3 415 51 23 6 9 7 168 1288 2139 20 4 2624 1229 1136 514 139 1308 141 97 200 63 13 278 67 152 45 69 34 10 16 10 2231 91 59 0 11 5 7 6 6 16 5 12 6 6 15 25 8 6 94 5 16 19 40 46 154 511 58 44 46 1 28 6 1 13 9 6 20 66 0 49 12 4 227 161 6 53 8 9 30 6 11 31 288 62 13 3 8 3 0 21 31 7 26 14 14 21 4 9 15 12 2 8 0 10 36 12 3 15 1 6 17 13 33 3 80 71 334 17 6 155 14 4 25 7 27 32 5 9 64 3 45 4 2 11
