45755 11284 7294 4101 224 1185 12114 11874 186 3697 432 959 0 1 2 1 0 0 0 0 120 91 1 1 15 0 6 2 9997 7501 36 20 83 9 0 3 3 5 2 0 1015 5 4 0 0 0 1 3 25 8 66 146 1634 799 508 151 36 7 0 0 2 6 6 4 12 0 123 14 7 56 38 79 37 6 21 1 35 0 86 14 146 27 1820 527 677 128 9 41 10 5 5 180 179 37 25 23 46 2235 18 8 4 4 57 97 10 133 4 5 11 30 66 81 0 0 1 0 0 0 0 0 0 0 0 5 0 0 2 0 0 0 2 0 32 57 1 6 0 0 6 0 0 0 1 2 12 0 2 0 0 1 2 0 1 3 0 0 7 0 6 7 4 0 0 1 0 0 0 0 0 0 2 1 0 0 0 1 2 5 0 0 77 14 6 1 1 24 7 3 6 0 8 1 2 0 42 1 6 1 0 0
11284 8506 3573 10785 486 1727 353 717 19 189 48 516 0 1 2 0 0 0 0 0 118 90 1 1 16 0 1 0 529 2817 23 13 92 8 0 0 0 6 0 1 597 1 1 0 0 1 1 0 4 1 14 45 226 167 103 47 27 1 0 1 0 4 2 5 1 1 96 9 6 18 8 90 23 2 17 0 36 0 33 3 44 10 508 263 399 153 2 15 2 0 1 51 54 11 9 11 47 122 18 7 5 5 96 182 14 225 6 0 28 52 127 173 0 0 1 1 2 0 0 0 0 0 0 7 0 0 1 0 0 0 4 0 43 68 1 7 1 0 2 0 0 2 0 8 15 1 0 0 0 2 1 1 0 2 0 1 0 2 0 2 11 1 0 6 1 0 0 0 0 0 5 0 0 0 0 0 2 0 3 0 157 15 4 2 0 33 2 0 2 1 12 0 0 1 80 2 6 1 0 0
7294 3573 13867 7325 83 997 208 8995 56 8766 166 8636 0 0 2 2 1 0 0 0 144 116 1 1 17 0 1 1 443 324 35 34 91 7 0 0 2 5 1 0 708 0 0 1 0 2 1 0 7 5 18 41 300 186 113 67 17 7 0 0 0 3 0 5 1 0 103 4 2 19 11 106 29 0 17 0 55 0 125 2 50 13 571 287 473 144 4 23 3 0 0 67 74 19 11 25 90 103 15 3 18 13 229 338 42 427 16 7 49 137 242 340 0 0 0 0 1 1 0 0 0 1 1 6 1 1 1 0 0 0 6 0 89 106 1 13 0 0 2 0 0 2 0 7 30 0 1 0 1 0 0 0 0 2 0 2 6 4 2 2 4 3 0 3 0 1 0 0 0 0 14 2 1 1 0 0 1 1 3 0 284 24 11 0 0 87 6 2 4 3 16 0 0 1 213 6 7 1 0 0
4101 10785 7325 17059 5323 9789 438 325 59 434 97 6926 0 0 2 3 2 0 0 0 253 282 7 1 51 0 3 0 929 4804 558 73 155 17 0 0 5 6 1 2 609 2 3 0 2 1 1 0 5 0 15 38 274 209 89 64 38 3 1 2 1 4 1 8 2 0 179 15 6 21 9 215 40 5 31 1 85 0 71 2 47 6 581 400 706 239 14 12 7 0 1 49 55 7 20 77 120 193 69 10 14 20 254 415 53 516 19 7 68 173 294 373 0 0 0 0 2 0 0 0 0 0 0 6 4 3 6 0 0 0 7 1 102 134 1 21 0 0 6 4 0 0 0 12 50 0 4 1 0 5 0 0 0 0 0 2 0 5 0 4 9 4 1 5 2 0 1 0 0 0 14 2 1 1 0 0 2 4 2 0 324 31 15 1 0 98 6 0 3 0 17 3 0 2 196 7 12 3 0 2
224 486 83 5323 8989 7200 341 111 35 58 98 1167 1 58 38 16 11 3 0 1 378 431 13 10 54 1 16 63 3343 10982 7184 1136 984 463 13 23 81 74 45 5 603 10 25 1 1 4 15 13 16 4 20 42 580 454 137 74 2323 200 44 23 33 18 35 44 82 0 461 65 143 28 14 397 314 8 621 17 85 2 100 3 42 5 692 514 641 340 19 17 4 0 15 55 53 10 30 698 169 399 116 175 10 6 133 177 23 224 0 5 27 27 114 191 0 0 0 0 3 1 1 4 2 2 3 7 0 0 5 1 0 0 6 0 72 116 0 19 1 0 8 3 0 1 2 9 40 0 6 0 4 11 0 0 2 3 0 1 4 6 3 5 6 3 0 4 3 0 7 3 0 0 14 3 0 1 0 3 2 1 3 0 229 39 6 2 1 69 2 0 2 0 21 0 2 1 88 4 12 0 0 1
1185 1727 997 9789 7200 21765 258 125 83 205 335 18034 2 19 18 5 6 1 1 5 548 591 18 3 62 2 4 4 682 3237 2039 5664 1647 240 0 0 19 27 4 0 835 5 7 2 1 2 3 4 8 2 12 28 270 174 77 52 26 211 3 2 14 7 14 10 28 0 160 11 55 16 7 639 322 3 559 7 85 0 183 4 37 5 517 302 603 312 15 10 6 1 5 47 33 7 15 1516 293 174 67 8 15 16 232 398 49 525 17 8 68 146 247 394 1 1 1 0 0 0 0 1 0 3 0 14 1 1 9 0 0 0 8 1 101 151 1 15 2 0 10 7 0 3 2 10 47 0 6 0 4 10 2 0 0 5 0 2 2 6 2 2 11 7 1 5 1 0 2 0 1 0 19 2 0 0 0 2 3 0 9 1 329 43 18 1 0 107 3 0 2 3 13 0 0 3 234 12 11 0 0 2
12114 353 208 438 341 258 9702 6040 835 2393 788 551 2 0 3 0 1 0 0 0 33 24 1 0 4 0 0 2 2360 2596 59 20 126 12 0 0 2 2 0 0 141 0 2 1 11 6 0 1 12 4 16 64 2005 423 501 46 6 4 1 1 1 0 3 5 4 0 14 4 6 15 6 244 24 8 13 1 159 3 97 5 47 11 930 122 120 22 2 7 4 3 2 50 65 10 4 18 1137 3846 6 3 1 2 9 27 1 27 1 0 4 2 16 19 0 0 0 0 1 0 0 0 0 1 0 1 0 0 0 0 0 0 1 0 2 11 0 3 0 0 2 3 0 0 0 2 6 0 0 0 1 3 0 1 0 0 0 0 3 2 3 2 0 0 0 0 0 0 0 0 0 0 0 0 0 0 0 0 1 1 2 0 28 2 2 1 0 4 3 0 3 0 2 1 1 0 17 0 1 0 0 1
11874 717 8995 325 111 125 6040 28280 4111 30235 3378 5754 0 0 0 1 1 2 0 0 31 35 0 1 7 0 1 2 391 803 18 10 46 4 1 0 0 3 2 0 580 3 1 0 3 2 1 3 30 6 85 143 1291 383 453 131 7 10 1 1 0 2 3 3 3 0 58 9 3 52 29 48 28 4 18 1 394 0 961 14 154 19 1626 355 432 71 4 50 11 4 2 163 191 40 34 12 140 1226 9 4 0 1 26 25 3 51 1 0 1 14 13 26 0 0 0 0 0 0 0 0 0 1 0 4 0 0 0 0 0 0 2 0 4 27 1 4 0 0 2 1 0 0 0 0 8 0 0 0 0 3 1 2 1 0 0 0 5 4 6 6 0 1 0 0 1 0 0 0 0 0 1 1 0 0 0 1 7 4 0 0 21 7 3 2 0 10 7 3 4 0 2 1 2 0 16 2 2 0 0 0
186 19 56 59 35 83 835 4111 3788 5609 1019 555 60 0 1 0 2 2 3 1 32 50 3 2 4 0 2 0 36 101 7 38 187 4 0 0 1 1 1 0 44 3 9 7 206 93 2 6 8 120 14 14 324 33 65 9 0 1 0 2 15 0 6 2 1 22 2 2 5 8 4 753 143 145 10 3 1004 37 406 3 19 78 170 21 30 5 1 41 22 36 84 16 9 1 14 28 3286 826 2 1 0 0 8 8 2 7 0 0 1 3 5 9 0 0 2 0 0 1 1 0 1 2 5 0 1 0 0 0 0 2 0 0 1 6 0 6 0 0 7 5 0 2 0 0 2 2 3 0 4 4 0 1 1 0 0 6 2 0 0 3 0 0 0 0 0 1 0 0 1 2 2 0 1 0 5 1 0 1 14 4 7 9 2 0 3 3 1 0 0 0 0 2 4 2 4 0 1 0 0 0
3697 189 8766 434 58 205 2393 30235 5609 24097 19418 12793 3 3 1 0 1 0 1 0 20 11 2 0 6 0 1 0 206 347 12 30 213 4 0 0 1 3 2 1 331 2 2 0 4 2 0 1 19 4 46 90 915 196 301 84 3 1 0 0 1 2 3 2 1 0 41 6 4 30 21 289 27 11 17 2 1840 3 1258 9 97 11 1019 195 205 38 4 27 4 5 2 95 107 19 11 16 2028 1360 2 3 11 3 125 159 15 245 10 4 48 120 157 168 0 0 0 0 1 0 0 0 0 0 1 5 0 0 4 0 0 0 2 0 32 38 0 0 0 0 3 2 0 1 0 2 11 0 5 0 1 1 2 0 0 1 0 0 5 2 3 5 2 0 2 2 0 0 1 1 1 1 2 0 0 0 0 0 3 3 5 0 121 14 25 0 0 43 7 2 5 2 4 5 0 1 163 6 4 0 0 0
432 48 166 97 98 335 788 3378 1019 19418 10425 10095 1 2 4 0 3 1 1 3 117 120 4 0 9 0 1 0 65 108 33 103 955 6 0 0 0 2 1 1 202 1 0 0 1 2 1 0 4 5 16 25 309 66 111 34 2 8 0 1 2 3 4 1 1 2 8 1 6 15 3 652 39 3 24 0 912 2 242 1 40 10 407 84 144 44 3 11 6 0 2 42 46 7 8 57 2178 447 14 0 21 20 360 574 87 836 29 15 142 264 501 583 1 0 2 0 0 0 0 1 0 1 2 4 0 0 5 0 0 0 8 0 143 159 2 9 0 0 7 2 0 1 0 5 37 0 8 0 2 3 2 0 1 2 0 5 4 2 1 8 12 4 4 4 3 0 0 0 0 0 12 4 1 4 0 0 2 4 8 1 466 41 43 2 0 125 6 2 4 6 20 1 2 8 401 25 17 1 0 2
959 516 8636 6926 1167 18034 551 5754 555 12793 10095 32545 1 2 9 0 7 0 3 4 639 630 14 1 46 0 3 3 384 944 518 565 886 53 0 0 6 19 0 4 876 2 4 3 1 5 2 3 4 0 17 44 334 185 117 77 17 17 2 0 7 2 7 5 14 0 102 15 25 13 7 1380 96 6 67 1 3104 0 4282 4 42 7 650 335 665 277 9 18 2 0 6 62 54 16 7 399 1307 429 78 10 58 43 844 1353 166 1736 65 34 236 621 996 1219 0 0 5 0 2 0 1 0 1 1 0 20 3 4 12 0 0 0 20 1 302 389 2 27 0 0 13 4 0 1 2 11 109 0 24 1 4 15 3 0 1 8 0 6 4 7 3 2 17 12 3 11 8 0 1 1 1 1 39 3 2 2 0 1 6 2 20 0 1013 84 66 6 1 254 5 0 9 4 39 2 1 8 795 33 23 1 0 2
0 0 0 0 1 2 2 0 60 3 1 1 8783 10 19 12 251 1675 4268 356 1 3 8 82 3 0 60 94 4 2 2 1 20 3 7 0 139 925 367 3 36 19 130 6890 1718 4501 6 11 11 130 3 3 11 1 1 0 3 7 3 5 245 10 15 212 77 452 2 7 97 7 6 48 556 1676 2 18 411 379 607 2 5 16 1 0 2 1 0 47 36 126 242 9 1 2 20 2 189 23 3 0 0 3 0 5 4 1 0 4 1 1 1 1 12 101 610 9 12 87 6 1306 56 1589 52 2 1 4 6 15 2 108 4 3 1 3 2 13 8 6 37 74 186 11 114 0 3 12 70 78 133 1432 9 3 9 1 2 10 0 2 0 0 0 0 1 3 1 9 144 34 7 354 1 3 1 5 4 46 3 1 115 13 4 9 353 5 14 7 1 1 6 0 1 6 5 3 6 1 2 1 0 0
1 1 0 0 58 19 0 0 0 3 2 2 10 6257 12592 484 2479 272 125 82 39 40 276 783 46 42 2478 1084 206 96 99 1 20 335 3464 1496 2852 88 206 762 467 37 212 93 1 17 1893 15 25 0 1 1 35 20 3 3 69 530 3123 451 49 11 46 266 204 0 30 1504 338 4 2 2 34 10 403 14 5 3 4 0 1 1 30 33 12 26 19 2 6 0 16 15 3 4 45 114 0 9 14 23 0 0 0 0 0 0 0 0 0 0 0 1 12 40 15 16 22 82 14 69 80 366 165 16 2 3 36 4 6 26 2 1 2 8 4 21 31 7 57 124 14 46 8 1 16 2 1 1 53 37 7 0 0 0 0 0 0 0 0 0 1 1 0 1 0 6 8 7 1 2 3 5 1 3 3 5 0 0 3 3 4 17 7 1 1 5 0 0 0 4 1 1 4 3 0 0 7 2 1 1
2 2 2 2 38 18 3 0 1 1 4 9 19 12592 32743 12702 1838 5446 124 115 62 68 624 344 70 42 689 5265 99 40 48 5 14 79 528 180 409 66 1696 285 1364 167 125 104 7 36 313 40 80 5 7 0 18 12 3 1 35 286 881 102 283 69 111 297 602 1 23 290 1493 34 16 4 38 15 233 97 6 6 5 0 8 0 15 14 13 16 10 21 36 13 74 107 7 29 131 72 3 7 10 7 0 3 1 0 0 0 0 1 0 0 0 0 33 86 46 37 22 150 15 201 145 664 262 30 10 16 57 6 10 88 3 9 4 14 1 44 69 16 78 141 45 93 19 4 22 8 6 5 123 108 24 2 1 0 1 2 0 0 0 0 1 2 1 1 3 16 19 19 3 4 15 17 1 7 5 11 2 2 21 1 6 43 17 9 1 17 0 1 2 8 6 3 3 2 2 1 10 6 1 6
1 0 2 3 16 5 0 1 0 0 0 0 12 484 12702 15129 207 8819 2777 315 14 25 423 257 30 16 628 7907 33 19 16 2 15 49 107 16 418 89 2687 53 738 198 110 8 10 56 37 35 86 6 4 0 4 3 1 0 7 48 42 11 341 81 121 133 261 2 7 35 836 29 20 0 8 15 46 75 1 1 1 0 9 1 4 8 6 9 4 8 52 17 99 106 11 22 147 20 1 3 1 2 0 3 0 0 1 0 0 3 0 0 0 1 63 370 252 60 11 177 10 1327 143 2060 98 18 9 8 43 37 25 409 2 1 0 3 2 10 99 14 26 92 206 96 75 1 8 20 9 17 187 260 17 5 3 1 2 3 0 0 1 0 0 4 2 2 0 9 19 40 2 10 11 9 1 5 4 19 2 2 17 3 1 15 53 6 3 8 1 0 3 8 1 10 6 2 2 2 11 3 6 5
0 0 1 2 11 6 1 1 2 1 3 7 251 2479 1838 207 2467 740 1912 2900 109 159 404 110 149 128 105 124 38 16 17 3 19 86 100 127 2164 1555 307 392 523 21 49 123 20 557 324 18 15 2 1 0 6 8 0 0 12 156 112 87 647 15 20 57 40 2 7 245 153 6 4 6 35 285 160 76 2 16 12 1 4 3 8 10 18 12 28 7 15 6 92 8 1 6 25 53 5 3 6 5 1 14 3 2 9 5 0 0 0 0 1 5 64 89 48 79 91 87 46 141 371 516 440 89 58 34 185 10 24 90 12 13 19 59 14 172 151 21 282 483 25 311 11 2 67 26 6 5 312 82 83 1 3 2 2 2 0 4 0 1 9 15 3 5 6 50 10 19 3 7 65 41 5 40 2 6 5 1 14 1 17 186 79 31 1 72 2 1 0 24 14 3 6 7 6 1 53 20 14 31
0 0 0 0 3 1 0 2 2 0 1 0 1675 272 5446 8819 740 20103 5080 1646 7 32 374 1432 35 23 2457 908 34 4 6 0 84 128 217 12 1131 984 5975 91 888 316 527 108 26 8388 41 76 125 9 4 0 7 5 2 5 4 15 31 3 8904 88 97 213 190 21 11 23 1337 36 27 1 31 329 23 388 6 6 5 0 6 1 8 13 5 16 11 20 52 26 231 153 12 25 205 6 17 1 1 1 2 11 0 0 7 1 1 7 0 0 0 2 144 1841 1667 133 38 546 36 3282 397 7464 199 13 5 30 30 150 56 2300 5 11 4 3 9 38 173 28 79 292 1136 86 533 11 12 92 62 191 638 1292 26 3 6 1 2 3 0 1 0 1 2 5 1 4 4 35 61 131 20 134 14 20 9 19 10 40 4 5 62 6 0 13 411 12 13 17 0 4 6 5 4 4 24 16 11 6 7 2 2 4
0 0 0 0 0 1 0 0 3 1 1 3 4268 125 124 2777 1912 5080 58685 16038 19 40 146 230 40 70 689 165 6 2 0 1 90 18 189 8 1153 5689 68 171 200 41 91 5426 206 6389 39 49 37 10 1 1 4 1 0 1 6 8 22 0 595 34 30 40 12 32 1 17 40 13 28 1 290 3824 5 97 8 200 77 0 5 3 8 4 4 7 8 29 58 50 450 47 6 11 57 3 4 2 4 1 0 6 2 2 3 5 0 13 1 0 1 0 267 1187 1012 264 96 981 77 2912 974 10592 1048 85 35 74 276 105 124 1293 12 13 4 35 10 97 502 74 286 594 305 478 113 11 82 114 35 106 1215 529 71 9 6 3 1 7 0 3 1 1 3 5 7 4 3 75 36 129 15 77 68 50 2 34 7 30 10 3 64 15 8 138 917 18 10 79 5 2 9 28 15 6 26 12 42 8 42 21 12 17
0 0 0 0 1 5 0 0 1 0 3 4 356 82 115 315 2900 1646 16038 8592 35 69 251 158 64 121 104 18 7 0 3 1 10 8 54 7 90 1433 241 267 329 55 37 114 15 380 78 6 33 2 0 1 3 2 1 1 3 10 17 5 378 12 21 22 6 2 6 18 59 9 5 2 20 252 19 16 2 19 4 0 3 0 4 10 4 7 3 4 21 8 68 28 5 6 52 6 2 1 4 3 0 3 1 1 3 3 0 6 0 1 0 4 151 195 72 104 66 102 46 139 469 1089 436 63 42 55 195 33 62 242 6 11 10 24 4 64 283 36 160 320 21 362 32 4 57 39 7 17 339 73 63 2 2 0 1 2 0 3 0 4 4 15 1 4 3 57 4 46 7 9 70 48 3 25 3 10 4 1 10 2 8 92 64 15 3 69 2 1 3 25 10 8 10 1 4 2 46 13 7 23
120 118 144 253 378 548 33 31 32 20 117 639 1 39 62 14 109 7 19 35 11546 9696 4102 31 344 113 15 10 176 360 154 318 776 697 6 4 189 640 12 95 891 11 19 66 1 6 80 9 10 0 2 2 38 23 7 927 32 112 11 37 19 13 33 47 7 0 15 111 36 3 1 236 871 43 364 13 50 14 126 0 1 1 298 28 3607 420 93 3 8 4 9 11 2 3 30 388 63 45 188 42 0 2 18 30 6 25 2 0 5 4 20 29 1 3 1 4 10 1 3 1 16 11 26 23 8 1 26 0 3 0 0 0 18 83 4 63 6 1 97 75 0 16 4 7 43 1 1 0 35 6 14 1 0 3 0 0 3 2 0 1 7 2 0 2 3 5 1 0 1 0 19 4 1 5 0 2 2 0 4 1 83 105 28 16 0 31 1 1 0 5 22 0 1 1 19 1 24 4 1 5
91 90 116 282 431 591 24 35 50 11 120 630 3 40 68 25 159 32 40 69 9696 34536 4772 241 8429 961 94 14 263 335 205 329 1189 1140 16 6 335 1388 22 781 1187 187 334 198 14 18 295 50 237 10 19 32 140 134 42 123 84 170 7 50 73 157 363 243 60 2 165 442 198 138 42 308 1707 71 638 100 61 32 253 3 41 6 875 529 10464 4166 894 39 116 37 187 206 67 84 608 548 127 60 3757 463 2 5 12 25 11 32 0 1 6 4 15 33 2 4 5 8 22 12 9 12 50 31 63 48 18 15 53 1 3 7 9 5 29 172 11 189 16 1 251 206 7 57 3 9 74 4 5 2 91 30 48 6 1 1 1 7 5 5 1 6 11 4 2 0 12 11 7 6 3 6 53 15 3 13 7 8 7 3 22 6 102 223 39 22 13 68 3 0 5 11 22 14 7 11 24 5 46 4 2 7
1 1 1 7 13 18 1 0 3 2 4 14 8 276 624 423 404 374 146 251 4102 4772 14653 5818 1226 5027 692 56 78 19 7 15 222 710 126 27 689 894 100 2476 8211 1850 474 100 9 17 438 18 242 8 10 1 24 25 4 11 18 71 42 36 124 37 59 35 14 5 68 83 64 48 3 30 330 29 76 48 10 14 22 0 10 1 44 79 160 103 117 20 54 17 83 224 16 53 239 57 15 9 40 5 0 0 0 3 2 4 0 0 0 1 2 3 2 3 6 8 12 13 8 21 30 38 42 6 4 4 15 1 3 9 2 0 2 28 1 30 13 2 37 59 3 23 1 0 15 1 3 2 36 24 8 1 3 1 0 3 0 0 0 0 1 1 2 0 1 0 1 3 0 1 11 4 0 8 0 2 2 1 11 2 18 43 7 3 1 6 1 2 3 2 4 10 2 2 0 0 11 2 0 1
1 1 1 1 10 3 0 1 2 0 0 1 82 783 344 257 110 1432 230 158 31 241 5818 11202 747 1082 8827 468 183 15 34 2 30 57 1290 100 159 135 527 3788 1728 5293 2076 66 35 549 1359 27 573 8 10 1 42 55 8 5 81 95 129 26 1445 66 116 375 173 52 112 223 171 50 18 2 63 39 37 69 11 4 4 0 12 2 52 118 36 132 132 19 74 29 448 343 36 54 478 13 7 7 58 14 0 2 0 1 1 1 0 0 0 0 0 0 3 32 114 4 9 32 2 351 12 224 40 0 1 3 6 9 1 55 2 5 1 1 1 4 4 3 22 30 96 2 60 1 2 4 4 9 27 424 2 1 2 1 1 4 0 1 0 0 2 0 2 0 2 6 53 12 2 51 2 1 1 2 7 17 4 1 16 5 0 2 21 1 6 1 1 2 4 1 1 8 1 0 0 0 0 0 0 0
15 16 17 51 54 62 4 7 4 6 9 46 3 46 70 30 149 35 40 64 344 8429 1226 747 8799 1910 221 6 191 46 50 22 279 363 41 8 250 821 10 2376 516 188 549 132 2 11 1559 15 145 6 3 7 124 129 33 31 89 38 12 15 50 68 253 258 38 2 285 386 89 64 14 38 778 41 174 40 7 7 62 1 15 1 409 485 1144 1952 2903 10 60 12 88 86 20 36 466 49 20 10 2762 444 0 1 2 4 0 1 0 0 0 0 3 6 3 3 0 4 16 8 8 5 21 22 44 11 4 2 25 0 0 1 3 0 5 41 2 59 4 1 75 73 1 20 3 2 16 1 0 3 47 14 12 1 2 0 0 4 1 0 0 2 1 4 1 1 2 4 6 3 1 1 11 3 0 6 6 6 2 0 13 4 21 57 18 7 8 20 2 0 3 2 6 12 2 3 3 0 12 3 0 4
0 0 0 0 1 2 0 0 0 0 0 0 0 42 42 16 128 23 70 121 113 961 5027 1082 1910 2370 223 2 13 4 1 0 24 23 511 3 83 225 7 7743 904 125 139 95 3 3 232 5 58 1 1 0 6 4 1 0 4 2 7 0 15 8 29 18 5 0 17 14 12 12 6 0 88 7 0 8 0 2 5 0 2 1 11 16 18 30 46 4 10 3 19 34 8 11 79 3 2 0 8 0 0 0 0 0 0 0 0 0 0 0 0 0 2 6 1 5 5 9 2 3 13 19 22 2 1 1 7 0 2 4 2 0 0 4 0 8 4 2 23 20 1 9 1 0 6 0 2 0 10 3 5 0 0 1 0 0 0 0 0 0 0 0 0 0 0 0 0 0 1 0 3 1 0 0 0 4 1 0 5 1 0 5 3 0 0 1 0 1 0 2 1 2 1 0 0 0 0 0 0 0
6 1 1 3 16 4 0 1 2 1 1 3 60 2478 689 628 105 2457 689 104 15 94 692 8827 221 223 27329 10822 358 47 68 0 25 98 4645 249 287 102 218 2962 380 267 2364 72 9 101 772 14 113 0 1 0 61 66 12 2 163 223 399 95 281 31 104 1444 527 9 177 442 87 28 9 0 34 24 85 19 3 1 4 0 7 1 77 149 43 108 82 13 21 5 58 44 7 27 212 33 2 19 73 15 0 1 0 0 4 0 0 0 0 0 0 0 7 176 178 20 15 183 11 1145 72 1362 139 8 2 5 19 14 3 200 3 1 1 1 0 13 29 15 21 71 264 18 142 4 11 5 3 12 68 410 4 2 3 0 0 1 0 0 0 1 0 2 0 0 1 5 34 41 2 11 5 4 1 3 0 14 0 0 10 3 1 1 34 4 1 1 0 0 0 1 0 1 2 5 0 0 2 1 0 0
2 0 1 0 63 4 2 2 0 0 0 3 94 1084 5265 7907 124 908 165 18 10 14 56 468 6 2 10822 12144 258 79 75 2 3 76 182 107 225 33 4632 61 130 38 331 31 31 150 98 20 5 0 2 2 35 15 1 1 80 237 302 76 239 19 65 1646 2073 10 43 282 804 7 8 0 17 24 187 19 0 1 1 0 1 0 20 30 10 13 17 6 5 3 47 12 2 3 44 83 2 8 22 8 0 11 0 0 8 1 0 0 0 0 0 0 9 878 838 47 41 357 13 4785 113 3651 95 4 0 10 14 80 7 1089 6 15 4 2 5 51 20 10 65 213 1229 33 606 9 7 25 14 72 127 2106 10 4 3 0 2 0 0 0 0 3 3 4 2 1 7 23 151 87 9 55 10 16 6 7 3 56 3 2 22 6 0 5 80 10 2 3 0 1 5 6 1 5 5 17 0 0 5 0 2 0
9997 529 443 929 3343 682 2360 391 36 206 65 384 4 206 99 33 38 34 6 7 176 263 78 183 191 13 358 258 41342 14515 3449 30 165 310 91 65 184 150 158 122 446 53 417 15 13 24 257 108 63 4 21 54 4179 6422 584 61 6631 228 151 49 150 208 612 1077 552 2 8444 1295 642 90 39 93 149 10 2418 66 23 1 31 6 50 11 1236 2397 293 229 623 26 59 12 179 98 67 56 439 1350 32 3672 258 1118 2 2 25 44 8 42 1 0 3 19 21 40 0 6 8 2 6 3 0 30 4 31 9 9 1 3 5 1 0 5 0 0 20 39 1 19 1 1 17 10 12 4 12 8 19 3 15 1 8 89 3 2 6 0 0 2 4 1 3 2 3 2 0 2 3 0 28 16 2 6 6 1 0 1 4 16 1 0 35 1 50 31 5 0 5 17 3 2 4 1 7 12 5 1 20 0 4 0 0 2
7501 2817 324 4804 10982 3237 2596 803 101 347 108 944 2 96 40 19 16 4 2 0 360 335 19 15 46 4 47 79 14515 20784 5234 74 199 178 20 22 88 53 57 11 1026 8 43 9 3 8 25 27 17 4 66 111 1650 994 369 146 3562 56 57 24 41 26 87 131 129 1 711 119 230 71 34 182 95 12 501 11 67 0 65 8 92 27 1517 769 928 310 21 51 14 5 34 148 138 35 57 725 81 1745 69 193 3 8 89 196 14 194 2 3 24 44 106 153 0 0 3 0 1 2 0 11 0 3 0 10 1 2 2 0 0 2 4 1 46 86 1 16 0 0 9 12 1 3 5 4 38 0 3 0 1 29 4 0 1 2 0 4 5 4 7 7 7 2 3 3 2 0 3 5 0 2 8 4 0 0 3 4 2 7 6 1 157 24 4 3 1 30 11 1 5 0 16 1 0 1 61 3 10 0 0 0
36 23 35 558 7184 2039 59 18 7 12 33 518 2 99 48 16 17 6 0 3 154 205 7 34 50 1 68 75 3449 5234 9860 94 151 260 34 33 117 72 50 19 340 9 62 2 2 8 44 9 10 3 12 20 430 391 78 39 9064 164 49 53 34 21 48 172 117 0 1075 589 177 13 5 72 65 4 2152 18 25 0 20 0 25 6 451 570 344 613 290 10 11 3 28 33 25 8 57 1562 32 166 1181 5787 0 4 33 42 7 60 1 1 4 13 33 53 0 1 1 1 1 0 0 3 1 9 0 1 1 0 1 0 0 1 0 0 15 37 0 5 1 1 2 1 2 1 1 1 16 0 1 1 2 22 1 1 0 1 1 0 1 1 1 2 4 1 0 3 0 0 6 3 1 0 6 3 0 0 3 5 2 0 6 1 57 12 3 1 0 10 1 0 2 1 7 0 2 0 28 0 5 0 0 0
20 13 34 73 1136 5664 20 10 38 30 103 565 1 1 5 2 3 0 1 1 318 329 15 2 22 0 0 2 30 74 94 5390 6680 1536 0 0 12 21 2 2 270 3 4 2 1 1 5 5 1 3 1 8 42 22 23 22 6 1850 2 5 8 7 4 5 6 0 23 4 15 3 2 571 478 1 4345 4 53 1 145 1 6 4 151 43 199 73 4 3 0 0 3 14 13 3 5 4547 325 49 16 3 5 8 42 118 7 99 4 1 14 21 63 108 0 0 1 0 0 1 1 1 0 0 0 9 0 0 5 0 0 0 1 0 33 66 1 14 0 0 9 2 0 0 0 2 20 0 0 0 2 4 1 0 0 0 0 0 2 1 0 0 4 2 0 3 1 0 0 0 0 0 6 1 1 1 0 0 2 0 0 0 113 21 4 0 0 36 0 0 0 4 10 0 0 2 53 1 12 1 0 0
83 92 91 155 984 1647 126 46 187 213 955 886 20 20 14 15 19 84 90 10 776 1189 222 30 279 24 25 3 165 199 151 6680 11921 4329 7 14 228 1912 109 107 771 11 29 24 10 96 316 16 9 4 14 36 95 50 69 49 35 2124 37 196 160 7 10 25 15 0 54 279 82 12 11 1964 3662 109 3606 51 242 3 306 4 35 10 419 155 444 180 160 15 6 2 36 39 48 7 27 4471 2074 211 62 28 10 23 187 359 37 414 13 6 45 97 208 336 2 13 9 5 28 6 1 40 44 35 33 74 42 15 59 2 3 16 11 1 141 358 14 211 11 2 186 155 8 94 4 26 137 8 8 2 93 30 66 0 2 9 0 1 2 15 1 7 34 9 6 19 25 23 3 7 0 3 77 22 7 35 1 6 11 2 7 0 493 372 65 77 0 198 5 2 1 23 52 5 2 16 211 12 94 9 5 29
9 8 7 17 463 240 12 4 4 4 6 53 3 335 79 49 86 128 18 8 697 1140 710 57 363 23 98 76 310 178 260 1536 4329 14624 166 275 3132 1296 220 140 839 12 53 15 3 21 923 10 10 0 9 19 80 46 31 30 128 8467 1112 12566 170 14 26 85 40 1 88 1685 196 18 9 162 563 18 6165 42 17 5 62 2 36 3 250 81 273 123 233 8 5 2 19 33 36 9 27 2113 21 21 54 67 2 3 8 20 9 17 0 1 3 1 6 21 1 11 8 5 17 10 2 35 14 34 23 49 25 10 32 1 0 15 8 1 35 172 18 189 5 1 201 125 14 33 5 18 73 3 2 0 51 33 41 0 0 7 0 1 0 7 2 5 18 1 1 4 13 6 4 4 3 4 44 11 10 8 2 2 8 0 6 1 69 239 33 33 3 57 2 2 0 15 33 0 1 13 6 2 43 7 5 15
0 0 0 0 13 0 0 1 0 0 0 0 7 3464 528 107 100 217 189 54 6 16 126 1290 41 511 4645 182 91 20 34 0 7 166 1560 949 572 62 11 1748 75 42 328 37 0 9 1048 2 11 0 1 0 24 16 0 0 50 145 1388 133 17 11 23 158 31 1 30 559 17 4 1 1 15 8 72 4 0 0 4 0 1 0 15 26 9 16 23 0 3 0 6 7 2 3 50 19 0 3 19 9 0 0 0 0 0 0 0 0 0 0 0 0 3 24 7 9 6 46 6 63 27 258 80 2 0 3 11 1 2 13 1 0 0 1 0 2 9 1 7 19 7 9 2 0 2 1 0 0 16 11 3 2 0 0 0 0 0 0 0 0 0 1 0 0 0 1 1 3 0 1 0 5 0 2 2 0 0 0 2 0 0 4 6 0 0 2 0 0 0 0 1 0 2 0 0 0 2 0 1 0
3 0 0 0 23 0 0 0 0 0 0 0 0 1496 180 16 127 12 8 7 4 6 27 100 8 3 249 107 65 22 33 0 14 275 949 2562 1631 42 10 274 28 7 72 4 0 3 1056 0 6 0 1 0 3 6 0 0 18 458 3064 1146 9 7 21 118 41 0 3 1867 23 3 0 0 7 3 136 3 0 0 2 0 0 0 6 5 3 4 14 0 4 0 6 0 0 1 29 31 0 0 1 3 0 0 0 0 0 1 0 0 0 0 0 0 1 3 0 3 2 5 2 5 5 26 16 1 1 0 2 0 0 2 1 0 0 0 0 2 3 0 4 4 0 1 0 0 1 0 0 0 3 6 0 0 0 0 0 1 0 0 0 0 0 0 0 1 0 0 0 1 0 1 2 0 0 0 0 0 0 0 1 1 0 0 1 0 0 0 0 0 0 1 0 0 0 0 0 0 3 0 1 0
3 0 2 5 81 19 2 0 1 1 0 6 139 2852 409 418 2164 1131 1153 90 189 335 689 159 250 83 287 225 184 88 117 12 228 3132 572 1631 5949 1601 715 457 831 37 90 268 11 385 1398 25 16 3 0 2 23 31 9 5 55 1271 1442 1916 866 22 37 179 88 6 42 2222 349 9 7 5 76 138 853 97 4 16 26 0 3 0 35 33 46 41 129 4 10 6 79 23 6 4 58 205 0 9 18 25 0 4 2 4 4 1 0 2 0 0 1 9 32 55 43 33 55 42 21 118 172 292 173 67 39 14 119 9 8 64 10 4 25 93 15 185 76 12 238 328 30 168 20 3 89 10 10 6 188 89 82 0 1 2 2 4 1 1 2 0 6 10 5 3 13 35 15 18 2 10 60 22 5 34 0 10 6 1 12 1 30 231 38 37 3 48 1 0 4 28 14 1 4 21 5 2 59 11 7 27
5 6 5 6 74 27 2 3 1 3 2 19 925 88 66 89 1555 984 5689 1433 640 1388 894 135 821 225 102 33 150 53 72 21 1912 1296 62 42 1601 9197 343 660 740 31 110 1124 97 1954 1276 72 25 26 8 13 61 47 26 14 64 513 114 154 1405 43 54 63 15 16 74 739 255 10 21 28 2593 1503 625 325 61 59 68 3 16 7 156 143 250 194 422 29 45 29 399 32 19 6 62 231 17 12 72 26 3 31 14 11 19 15 5 0 1 2 8 32 77 151 140 102 195 169 81 342 596 1138 690 291 186 70 416 22 31 164 33 17 140 633 67 923 208 32 1197 1139 75 557 39 22 283 34 28 21 764 256 347 1 4 3 1 9 7 14 3 14 54 44 10 13 63 111 40 40 9 32 259 98 30 141 11 25 18 2 57 3 183 1221 441 248 9 279 8 2 4 112 99 3 8 42 15 8 260 54 18 82
2 0 1 1 45 4 0 2 1 2 1 0 367 206 1696 2687 307 5975 68 241 12 22 100 527 10 7 218 4632 158 57 50 2 109 220 11 10 715 343 22416 12 497 296 684 16 77 733 27 85 64 2 1 1 16 12 6 5 43 151 35 38 10878 67 103 2827 3155 18 24 93 8150 17 22 1 25 12 164 889 3 2 4 0 5 0 17 18 11 11 12 12 28 7 616 124 7 15 91 58 3 6 6 9 0 24 1 0 10 3 1 1 0 0 0 3 4 546 946 32 23 115 13 2260 76 1226 37 3 0 7 7 132 13 764 28 36 37 3 27 57 18 34 65 169 1163 17 1085 13 12 75 36 101 119 3979 24 5 4 4 2 7 0 1 0 1 4 10 4 5 16 59 589 286 15 91 22 45 21 34 12 170 6 2 43 5 0 6 52 31 12 3 2 2 6 6 3 12 25 55 2 1 7 2 6 0
0 1 0 2 5 0 0 0 0 1 1 4 3 762 285 53 392 91 171 267 95 781 2476 3788 2376 7743 2962 61 122 11 19 2 107 140 1748 274 457 660 12 3321 757 291 709 220 3 20 1613 10 114 1 3 1 38 33 9 6 59 83 510 59 35 32 61 96 12 1 83 280 28 23 9 2 212 9 33 17 2 5 22 0 6 0 43 83 60 108 87 5 25 8 56 51 15 24 193 10 0 5 33 5 0 0 0 0 0 1 0 0 0 0 0 0 8 14 4 16 12 47 11 18 60 135 134 14 1 5 32 1 3 8 1 0 1 4 2 21 20 2 40 73 4 30 4 0 7 1 1 0 36 6 7 0 1 0 0 2 0 1 0 0 0 0 1 0 0 3 1 1 0 0 3 4 0 4 1 0 0 0 4 1 4 25 12 2 1 4 0 0 0 2 1 3 1 1 0 0 6 1 1 0
1015 597 708 609 603 835 141 580 44 331 202 876 36 467 1364 738 523 888 200 329 891 1187 8211 1728 516 904 380 130 446 1026 340 270 771 839 75 28 831 740 497 757 13211 5894 671 85 119 310 188 186 2567 110 371 230 93 50 2198 1962 110 275 56 63 983 225 270 155 230 25 77 322 770 461 355 487 728 96 852 425 191 14 312 29 605 137 955 126 1049 317 184 707 752 229 1130 3785 841 709 1500 645 127 88 154 94 5 12 59 95 17 88 4 3 10 10 36 98 1 15 46 8 16 11 2 81 16 72 20 40 13 6 22 3 2 18 9 3 67 190 9 129 3 0 84 61 19 20 23 9 86 13 28 6 39 216 23 27 46 7 3 47 23 17 41 102 27 4 3 8 11 7 24 30 14 47 43 10 5 9 15 26 45 46 113 10 239 181 36 22 28 99 88 48 130 9 48 52 21 9 35 1 53 4 2 9
5 1 0 2 10 5 0 3 3 2 1 2 19 37 167 198 21 316 41 55 11 187 1850 5293 188 125 267 38 53 8 9 3 11 12 42 7 37 31 296 291 5894 9560 6392 26 64 383 155 75 3735 12 10 3 18 18 7 6 18 30 7 3 1135 72 138 74 220 21 47 28 633 81 46 0 9 19 42 247 13 3 5 2 30 4 25 40 20 40 40 59 115 47 1067 1255 81 104 414 17 12 4 16 5 0 1 0 0 0 0 0 1 0 0 1 0 0 2 50 4 1 1 2 50 5 35 5 0 0 0 0 4 0 8 0 2 2 2 1 3 1 0 3 6 17 0 29 0 0 8 18 4 7 214 0 3 3 0 0 7 1 2 0 3 0 0 1 0 1 1 34 23 5 48 0 0 1 3 10 20 2 1 52 2 1 0 3 1 4 1 3 1 9 0 0 13 3 1 1 0 0 0 0 0
4 1 0 3 25 7 2 1 9 2 0 4 130 212 125 110 49 527 91 37 19 334 474 2076 549 139 2364 331 417 43 62 4 29 53 328 72 90 110 684 709 671 6392 9392 76 225 1607 785 282 905 23 11 4 115 124 15 9 146 135 71 39 3694 364 1406 5709 1182 112 265 232 2421 138 59 5 54 60 121 977 30 4 18 2 36 5 136 229 109 268 158 62 204 88 4194 401 48 121 3186 59 33 18 101 24 0 3 0 0 4 0 0 1 0 0 0 0 0 26 171 7 9 26 6 336 13 156 23 2 1 3 3 8 2 34 0 3 3 3 1 16 4 4 20 33 121 7 124 4 2 19 95 24 31 1071 3 4 12 0 0 21 0 1 2 5 0 0 0 2 0 2 196 85 9 154 2 6 6 6 20 100 6 6 144 28 1 2 18 5 25 1 3 9 6 0 1 32 8 9 1 0 1 1 0 1
0 0 1 0 1 2 1 0 7 0 0 3 6890 93 104 8 123 108 5426 114 66 198 100 66 132 95 72 31 15 9 2 2 24 15 37 4 268 1124 16 220 85 26 76 14201 2616 2313 109 81 45 544 12 21 2 4 2 2 2 5 21 2 182 44 40 42 7 445 2 62 35 15 48 37 4327 2649 16 109 170 3587 3072 18 20 257 16 12 17 16 38 159 162 324 731 26 4 6 75 4 31 8 7 1 1 8 3 1 3 5 1 4 3 0 3 8 62 92 128 66 104 179 54 339 443 1219 516 91 44 43 195 10 24 100 14 8 20 96 16 214 131 29 454 581 33 308 17 7 87 29 71 14 625 245 93 9 10 6 0 24 3 3 1 6 12 15 5 8 10 54 30 50 11 75 73 35 7 50 13 46 3 5 216 22 28 341 353 44 39 122 8 20 17 33 23 37 19 7 2 7 49 10 9 15
0 0 0 2 1 1 11 3 206 4 1 1 1718 1 7 10 20 26 206 15 1 14 9 35 2 3 9 31 13 3 2 1 10 3 0 0 11 97 77 3 119 64 225 2616 12570 1751 4 80 117 4744 33 52 30 7 3 1 3 5 0 0 78 105 97 111 42 1196 5 2 95 49 85 106 664 940 5 54 1712 844 1450 41 57 616 8 9 8 7 4 700 436 2478 3169 80 12 10 241 4 754 127 3 0 0 10 2 4 6 7 0 6 2 4 4 3 0 8 316 3 3 11 4 133 17 65 10 1 2 0 4 9 2 12 5 7 5 10 0 10 5 5 30 33 47 5 119 10 4 58 800 41 125 2565 9 39 74 4 3 125 6 4 8 26 1 2 1 1 2 9 505 218 42 1319 3 6 2 5 68 382 22 31 1974 315 9 16 42 9 189 36 23 65 73 2 1 202 56 7 22 2 1 0 2 0
0 1 2 1 4 2 6 2 93 2 2 5 4501 17 36 56 557 8388 6389 380 6 18 17 549 11 3 101 150 24 8 8 1 96 21 9 3 385 1954 733 20 310 383 1607 2313 1751 11293 21 17 67 47 0 0 18 8 3 0 10 16 7 2 4609 33 45 1192 148 398 9 15 279 21 20 21 254 946 16 74 327 92 212 0 6 6 7 9 1 7 5 35 34 51 1428 99 5 12 142 8 346 51 2 1 0 27 2 3 11 8 0 2 0 5 4 6 13 335 1790 33 34 141 13 1994 126 2102 77 4 0 4 17 105 12 444 21 27 16 5 18 56 34 17 77 188 693 28 793 14 9 75 296 246 329 5419 22 13 16 5 5 13 0 1 1 3 4 6 2 7 10 37 669 353 27 1074 26 38 13 31 15 258 7 9 314 38 11 17 337 31 16 17 4 7 12 7 5 14 26 49 15 2 7 1 9 3
1 1 1 1 15 3 0 1 2 0 1 2 6 1893 313 37 324 41 39 78 80 295 438 1359 1559 232 772 98 257 25 44 5 316 923 1048 1056 1398 1276 27 1613 188 155 785 109 4 21 3251 13 79 1 1 1 56 75 8 3 95 285 1568 290 49 50 150 379 58 1 155 2286 94 26 8 11 575 22 106 16 4 7 27 0 5 2 83 138 79 246 1321 6 14 7 62 31 9 20 277 40 5 12 139 38 0 1 0 0 2 0 0 0 0 1 0 1 1 8 3 1 9 13 5 18 36 65 65 8 4 5 20 1 2 4 1 0 3 8 2 33 12 1 69 86 2 20 2 2 11 0 2 1 46 22 3 0 2 0 0 1 0 0 1 0 1 0 0 0 1 4 3 1 0 3 9 3 0 2 3 3 0 0 10 1 6 24 8 1 1 14 0 0 1 2 6 4 2 3 0 0 8 0 2 1
3 0 0 0 13 4 1 3 6 1 0 3 11 15 40 35 18 76 49 6 9 50 18 27 15 5 14 20 108 27 9 5 16 10 2 0 25 72 85 10 186 75 282 81 80 17 13 15496 200 267 7 8 21 15 1 1 23 44 4 7 321 8239 2796 466 593 17 36 23 7350 445 2087 4 17 22 77 9458 14 2 12 8 125 31 16 17 6 19 8 2607 8551 257 2244 108 9 49 489 45 12 4 12 3 0 6 0 0 5 0 0 6 0 2 1 1 0 1 25 9 1 8 0 34 1 23 2 1 2 6 2 7 6 16 2 3 3 2 3 6 8 2 10 9 25 9 37 13 4 139 208 10 27 252 10 201 435 10 20 684 3 2 17 63 1 1 1 0 2 11 70 191 222 67 10 14 1 6 594 239 113 114 1308 149 2 10 17 3 551 34 120 201 441 4 3 926 252 8 9 3 1 0 4 1
25 4 7 5 16 8 12 30 8 19 4 4 11 25 80 86 15 125 37 33 10 237 242 573 145 58 113 5 63 17 10 1 9 10 11 6 16 25 64 114 2567 3735 905 45 117 67 79 200 12228 71 74 9 19 25 5 12 11 20 3 3 223 307 288 74 130 16 51 26 686 480 148 6 26 50 19 572 41 2 27 2 111 27 48 53 44 77 40 234 605 250 1264 8145 781 3728 9374 16 18 3 22 4 0 0 0 0 1 0 0 0 0 0 0 0 0 0 13 0 0 4 1 9 0 7 1 0 1 0 1 3 0 1 1 0 2 3 0 4 0 2 4 4 3 4 2 2 4 10 36 4 10 106 3 11 23 1 1 44 0 1 6 19 1 0 0 0 1 1 20 31 12 28 0 1 0 1 43 49 12 18 181 23 2 2 7 1 49 5 24 22 45 0 1 68 19 2 1 0 0 0 0 1
8 1 5 0 4 2 4 6 120 4 5 0 130 0 5 6 2 9 10 2 0 10 8 8 6 1 0 0 4 4 3 3 4 0 0 0 3 26 2 1 110 12 23 544 4744 47 1 267 71 7419 405 853 18 1 24 3 1 4 0 0 10 491 126 6 4 764 3 0 29 165 265 65 242 1700 4 58 1264 263 629 658 272 5484 22 5 3 2 1 3586 745 2105 615 93 71 33 152 0 447 61 1 1 1 1 3 2 0 1 0 1 1 3 1 3 1 1 13 0 1 3 0 3 3 4 5 0 0 1 1 0 1 4 0 0 3 7 0 0 4 2 8 4 5 6 10 10 2 53 111 8 19 174 5 95 196 7 12 338 53 17 54 128 1 0 0 0 0 1 45 62 92 227 0 4 0 0 166 110 79 98 981 98 7 12 14 1 299 12 144 443 424 1 4 664 111 1 9 0 3 1 0 0
66 14 18 15 20 12 16 85 14 46 16 17 3 1 7 4 1 4 1 0 2 19 10 10 3 1 1 2 21 66 12 1 14 9 1 1 0 8 1 3 371 10 11 12 33 0 1 7 74 405 11855 13382 15 1 587 232 3 5 0 1 4 17 9 7 7 43 5 8 10 454 137 7 40 191 35 8 63 18 34 1712 1402 1056 389 31 42 40 5 166 27 9 21 6270 7638 115 79 14 14 12 5 5 0 0 2 2 1 3 0 0 0 1 3 4 0 0 1 0 2 0 0 1 0 0 0 4 1 0 3 0 0 1 0 0 0 3 1 4 1 0 1 3 0 1 0 18 7 2 2 0 0 2 0 7 5 4 0 5 905 265 586 432 46 4 0 0 1 0 1 2 2 9 5 1 2 0 1 0 161 42 7 0 9 10 14 0 4 9 128 26 80 0 9 10 6 2 1 1 1 0 0 0
146 45 41 38 42 28 64 143 14 90 25 44 3 1 0 0 0 0 1 1 2 32 1 1 7 0 0 2 54 111 20 8 36 19 0 0 2 13 1 1 230 3 4 21 52 0 1 8 9 853 13382 16423 25 2 704 141 9 16 0 0 1 16 7 10 4 77 8 17 5 319 430 39 66 297 56 4 98 18 73 11254 3246 2526 483 45 70 48 16 375 57 19 14 870 4747 35 31 56 31 24 4 12 4 5 2 5 0 2 1 4 2 1 1 4 0 0 2 1 1 0 0 1 1 2 2 4 1 1 3 1 0 3 4 0 7 17 0 14 0 0 7 6 0 1 0 55 19 5 4 2 8 1 2 21 19 14 2 20 2833 660 2899 1303 137 4 0 0 1 0 1 1 2 46 8 2 0 0 2 1 518 96 24 1 17 27 77 2 6 41 545 132 295 0 26 35 46 1 13 3 2 1 0 0
1634 226 300 274 580 270 2005 1291 324 915 309 334 11 35 18 4 6 7 4 3 38 140 24 42 124 6 61 35 4179 1650 430 42 95 80 24 3 23 61 16 38 93 18 115 2 30 18 56 21 19 18 15 25 12170 9250 6201 12 317 60 20 7 27 53 130 219 99 3 495 270 85 21 4 181 136 34 368 15 157 5 138 4 13 8 2925 1267 129 158 227 9 16 11 64 20 21 16 143 251 242 8518 99 169 1 2 7 16 1 13 0 1 2 3 7 14 0 2 2 0 3 0 0 4 1 2 3 12 3 1 7 0 0 0 1 1 7 36 3 19 0 1 20 8 0 2 1 5 16 0 2 0 9 13 6 0 0 1 0 1 1 0 0 0 2 3 0 1 0 1 6 2 0 1 1 2 0 1 0 2 0 0 6 4 38 27 4 3 5 24 1 0 0 0 7 0 0 0 15 1 5 0 0 2
799 167 186 209 454 174 423 383 33 196 66 185 1 20 12 3 8 5 1 2 23 134 25 55 129 4 66 15 6422 994 391 22 50 46 16 6 31 47 12 33 50 18 124 4 7 8 75 15 25 1 1 2 9250 8974 203 1 431 52 8 8 39 56 147 302 92 0 1869 365 87 27 7 30 84 3 366 35 12 1 21 0 6 0 661 6351 104 210 256 4 20 7 52 17 8 14 150 221 6 2190 110 205 0 0 1 6 1 8 0 0 1 4 6 10 2 1 1 0 1 1 0 5 1 7 4 1 1 0 1 0 0 1 0 0 7 12 1 9 0 0 11 3 2 1 2 2 5 0 2 0 3 10 1 0 0 0 0 1 1 0 0 0 0 0 0 0 0 0 1 0 0 1 7 0 0 0 1 4 0 0 4 3 17 15 2 1 1 11 0 0 0 0 8 0 0 1 4 0 2 1 0 0
508 103 113 89 137 77 501 453 65 301 111 117 1 3 3 1 0 2 0 1 7 42 4 8 33 1 12 1 584 369 78 23 69 31 0 0 9 26 6 9 2198 7 15 2 3 3 8 1 5 24 587 704 6201 203 14475 823 48 37 2 2 10 4 20 36 19 4 45 63 15 66 37 58 110 18 137 5 32 1 48 80 273 63 5163 75 45 43 41 28 10 4 10 947 366 17 19 86 26 1030 17 36 0 0 3 7 2 10 0 0 1 1 3 11 0 0 0 0 0 0 0 1 0 1 0 5 4 1 2 0 0 0 0 0 9 29 4 16 0 0 16 4 0 1 0 1 13 0 1 0 3 1 8 1 0 0 0 0 49 12 25 24 5 0 0 0 3 1 0 0 0 0 4 0 0 2 0 0 10 1 0 0 40 28 5 1 0 14 8 0 15 3 8 0 0 2 5 0 6 0 0 1
151 47 67 64 74 52 46 131 9 84 34 77 0 3 1 0 0 5 1 1 927 123 11 5 31 0 2 1 61 146 39 22 49 30 0 0 5 14 5 6 1962 6 9 2 1 0 3 1 12 3 232 141 12 1 823 2507 9 27 0 3 4 4 14 13 4 2 14 24 6 46 24 37 66 10 90 1 12 1 33 18 121 26 6453 114 3898 166 30 23 7 2 5 455 183 15 24 53 8 25 36 17 2 1 2 4 2 7 0 0 1 1 3 9 0 0 0 0 1 0 0 1 0 2 1 3 2 1 1 0 0 0 1 0 1 28 0 14 0 0 8 3 0 2 0 1 5 0 0 1 2 2 1 2 2 0 0 0 16 2 8 9 2 0 0 0 1 0 0 0 0 2 4 2 0 0 0 0 5 5 0 1 18 16 3 5 0 15 6 1 8 1 7 0 3 1 3 1 3 0 0 0
36 27 17 38 2323 26 6 7 0 3 2 17 3 69 35 7 12 4 6 3 32 84 18 81 89 4 163 80 6631 3562 9064 6 35 128 50 18 55 64 43 59 110 18 146 2 3 10 95 23 11 1 3 9 317 431 48 9 6905 199 43 23 51 53 173 458 182 0 2082 1003 196 14 6 5 54 4 1989 19 2 0 3 2 11 1 247 618 137 633 403 6 10 3 53 20 9 4 129 726 0 48 3035 1171 0 1 0 0 0 0 0 1 0 0 0 1 0 0 4 1 0 0 0 16 3 9 0 1 0 0 0 0 0 4 0 0 0 2 0 3 1 0 3 2 4 1 5 0 0 1 2 0 1 24 1 1 1 0 0 1 1 0 0 1 0 0 0 0 0 0 11 3 0 0 2 0 0 0 2 3 0 0 7 0 3 2 3 0 0 0 0 0 0 0 0 2 1 0 0 0 0 0 0 0
7 1 7 3 200 211 4 10 1 1 8 17 7 530 286 48 156 15 8 10 112 170 71 95 38 2 223 237 228 56 164 1850 2124 8467 145 458 1271 513 151 83 275 30 135 5 5 16 285 44 20 4 5 16 60 52 37 27 199 7712 966 4568 93 43 122 243 269 0 115 2031 553 21 11 176 779 5 12478 85 6 1 65 2 15 1 200 96 114 141 63 7 9 2 47 38 28 7 71 2520 7 6 130 65 0 0 2 6 2 5 0 0 0 1 3 11 1 7 9 0 5 3 1 27 2 20 9 7 0 1 5 2 0 1 2 0 5 21 1 22 1 1 21 19 13 2 9 1 17 1 3 0 7 46 0 1 0 0 0 0 1 0 0 3 5 0 0 1 1 4 13 2 2 1 10 1 0 3 0 10 0 0 11 2 20 24 4 0 3 11 0 0 1 1 2 1 2 2 2 1 10 3 0 0
0 0 0 1 44 3 1 1 0 0 0 2 3 3123 881 42 112 31 22 17 11 7 42 129 12 7 399 302 151 57 49 2 37 1112 1388 3064 1442 114 35 510 56 7 71 21 0 7 1568 4 3 0 0 0 20 8 2 0 43 966 1953 3558 18 6 31 131 67 0 11 1588 108 2 0 1 24 2 214 6 0 0 4 0 0 0 20 9 8 13 14 0 1 1 8 6 0 0 15 49 1 6 9 12 0 0 0 0 0 0 0 0 0 0 0 0 3 11 0 2 6 19 6 6 20 99 42 3 0 5 5 0 2 6 0 0 0 0 1 10 10 1 14 30 3 13 1 0 1 0 1 0 16 11 2 0 0 0 0 0 0 0 0 0 0 0 0 0 0 2 3 1 0 0 4 2 0 0 0 3 0 0 0 0 1 5 0 0 2 2 0 0 0 1 0 0 1 0 0 1 3 1 0 0
0 1 0 2 23 2 1 1 2 0 1 0 5 451 102 11 87 3 0 5 37 50 36 26 15 0 95 76 49 24 53 5 196 12566 133 1146 1916 154 38 59 63 3 39 2 0 2 290 7 3 0 1 0 7 8 2 3 23 4568 3558 4121 11 5 13 99 67 0 4 1292 104 2 1 2 45 2 1699 12 2 0 4 0 3 0 17 10 16 14 24 1 1 1 4 6 1 1 13 123 0 1 4 5 0 0 2 1 0 0 0 0 0 0 0 1 1 2 1 0 2 2 0 12 0 14 0 1 2 2 0 0 0 1 0 0 1 7 0 4 2 0 3 3 1 1 4 0 3 0 0 2 6 13 1 0 0 0 0 0 1 2 0 1 2 0 0 0 1 0 0 2 0 1 1 0 0 0 0 1 0 0 2 0 6 9 1 0 0 1 0 0 0 1 1 0 1 1 2 0 1 0 0 0
2 0 0 1 33 14 1 0 15 1 2 7 245 49 283 341 647 8904 595 378 19 73 124 1445 50 15 281 239 150 41 34 8 160 170 17 9 866 1405 10878 35 983 1135 3694 182 78 4609 49 321 223 10 4 1 27 39 10 4 51 93 18 11 22817 197 247 2436 300 67 42 75 5660 58 69 6 75 99 214 8201 25 12 19 1 19 5 42 57 22 29 12 47 177 28 3947 372 16 43 504 83 42 13 10 10 0 23 0 0 11 5 0 2 0 1 2 4 11 448 1254 36 37 125 17 1336 91 1143 71 8 4 7 9 128 19 554 26 45 18 11 23 79 35 20 71 178 881 23 994 11 16 118 329 223 272 4770 26 15 23 4 1 26 1 4 1 3 5 10 4 10 15 48 777 536 50 374 26 65 23 38 30 342 12 6 377 39 1 12 122 29 39 11 2 0 17 7 9 37 48 52 5 6 5 3 7 3
6 4 3 4 18 7 0 2 0 2 3 2 10 11 69 81 15 88 34 12 13 157 37 66 68 8 31 19 208 26 21 7 7 14 11 7 22 43 67 32 225 72 364 44 105 33 50 8239 307 491 17 16 53 56 4 4 53 43 6 5 197 18304 13450 821 642 12 97 52 3827 3840 2649 1 14 28 63 1580 21 1 9 11 266 192 64 106 43 103 38 739 1306 233 1236 225 66 398 4753 41 21 13 33 4 0 2 2 0 3 1 0 8 0 0 0 0 0 3 17 6 2 12 0 18 7 13 3 1 1 5 3 11 8 23 2 5 3 2 0 5 13 3 5 17 26 14 30 7 9 176 224 6 39 242 15 422 818 29 27 875 7 9 30 211 4 1 0 0 3 14 79 239 333 65 5 15 3 12 701 285 260 329 1392 174 1 12 14 1 686 32 339 319 1026 3 2 1248 496 3 14 2 0 0 1 0
6 2 0 1 35 14 3 3 6 3 4 7 15 46 111 121 20 97 30 21 33 363 59 116 253 29 104 65 612 87 48 4 10 26 23 21 37 54 103 61 270 138 1406 40 97 45 150 2796 288 126 9 7 130 147 20 14 173 122 31 13 247 13450 19452 7185 3887 19 289 139 6307 2086 300 4 21 26 131 1016 25 3 23 2 63 5 199 300 121 265 85 151 913 183 1348 197 75 397 4133 68 22 18 104 30 0 2 0 0 1 0 0 4 0 0 1 2 1 3 24 3 5 13 0 21 7 14 5 0 0 1 2 2 4 12 5 5 1 0 1 1 3 2 8 12 20 9 24 2 2 76 187 9 20 228 8 48 86 1 2 215 1 5 1 16 0 0 0 1 1 1 72 119 78 56 3 7 1 1 229 173 32 17 698 123 0 10 9 1 215 11 20 37 45 0 0 277 60 7 10 1 1 0 2 1
4 5 5 8 44 10 5 3 2 2 1 5 212 266 297 133 57 213 40 22 47 243 35 375 258 18 1444 1646 1077 131 172 5 25 85 158 118 179 63 2827 96 155 74 5709 42 111 1192 379 466 74 6 7 10 219 302 36 13 458 243 131 99 2436 821 7185 9637 10443 66 568 452 3682 230 80 4 31 21 148 314 16 1 11 3 22 3 292 470 185 413 118 35 139 29 1739 70 26 49 2389 65 24 37 194 55 0 5 1 0 3 1 0 1 1 0 0 0 1 77 227 3 17 23 1 619 23 252 18 0 0 1 3 19 1 82 6 10 6 2 9 19 3 4 29 33 239 13 219 4 4 26 82 15 43 1696 9 4 8 1 0 12 1 1 1 2 1 3 0 2 1 9 332 124 17 117 3 18 3 10 20 131 5 4 122 19 1 3 23 7 26 3 3 3 6 0 1 25 13 17 1 2 1 0 2 0
12 1 1 2 82 28 4 3 1 1 1 14 77 204 602 261 40 190 12 6 7 60 14 173 38 5 527 2073 552 129 117 6 15 40 31 41 88 15 3155 12 230 220 1182 7 42 148 58 593 130 4 7 4 99 92 19 4 182 269 67 67 300 642 3887 10443 11087 7 145 267 5487 95 64 1 13 6 307 338 6 0 5 0 8 0 93 135 45 68 31 25 98 14 327 109 20 27 576 148 3 23 32 20 0 5 0 0 1 2 0 0 0 0 0 0 0 37 108 5 5 16 0 286 5 123 12 0 0 0 1 16 0 55 9 2 3 3 0 7 3 2 14 20 135 3 116 0 1 20 97 14 27 737 2 5 9 1 1 14 0 0 2 0 2 2 1 3 2 0 166 87 14 30 4 3 0 3 17 88 6 2 112 16 0 3 14 2 32 2 1 2 3 0 1 28 10 4 1 0 1 1 0 0
0 1 0 0 0 0 0 0 22 0 2 0 452 0 1 2 2 21 32 2 0 2 5 52 2 0 9 10 2 1 0 0 0 1 1 0 6 16 18 1 25 21 112 445 1196 398 1 17 16 764 43 77 3 0 4 2 0 0 0 0 67 12 19 66 7 1142 0 0 6 12 15 19 100 447 1 7 336 755 409 63 16 469 0 0 0 2 0 102 41 96 247 14 7 3 33 0 70 13 0 0 0 0 0 1 1 0 0 0 0 0 0 0 0 2 76 0 0 1 1 22 5 37 3 1 0 2 0 4 0 1 0 1 1 0 0 1 0 1 5 3 4 0 15 0 1 3 18 13 13 165 0 3 3 2 0 6 6 2 7 13 0 0 0 0 0 0 12 4 1 267 1 1 0 1 6 22 5 7 58 15 0 1 13 0 7 5 7 3 5 0 0 17 1 0 0 0 0 0 0 0
123 96 103 179 461 160 14 58 2 41 8 102 2 30 23 7 7 11 1 6 15 165 68 112 285 17 177 43 8444 711 1075 23 54 88 30 3 42 74 24 83 77 47 265 2 5 9 155 36 51 3 5 8 495 1869 45 14 2082 115 11 4 42 97 289 568 145 0 6137 1068 186 40 15 19 91 5 1025 37 16 1 24 0 12 2 690 8611 470 1708 796 3 29 7 92 33 12 29 268 348 7 21 531 799 0 0 3 4 0 2 0 0 0 1 7 4 0 0 3 1 1 1 0 6 1 8 2 7 1 1 1 0 0 2 1 0 1 12 1 5 0 1 6 7 1 1 2 2 6 1 3 0 7 17 0 2 1 0 0 3 1 1 0 2 1 1 0 0 2 0 9 1 2 2 5 1 0 1 0 8 1 1 9 1 10 18 4 1 5 6 0 1 0 2 4 8 0 1 4 0 6 0 0 0
14 9 4 15 65 11 4 9 2 6 1 15 7 1504 290 35 245 23 17 18 111 442 83 223 386 14 442 282 1295 119 589 4 279 1685 559 1867 2222 739 93 280 322 28 232 62 2 15 2286 23 26 0 8 17 270 365 63 24 1003 2031 1588 1292 75 52 139 452 267 0 1068 4442 335 24 7 12 371 24 4366 22 8 1 27 2 13 5 413 775 353 1694 1210 2 10 6 41 28 22 15 110 140 4 15 1783 813 0 1 0 2 1 1 0 0 0 0 0 0 4 8 8 3 9 8 3 22 19 53 30 2 1 2 11 2 0 10 0 0 0 17 2 23 8 2 51 47 7 9 5 0 5 1 3 1 28 36 6 0 0 0 0 1 1 0 1 2 1 0 0 0 0 1 20 6 0 4 7 1 0 1 1 2 0 1 7 1 4 26 8 1 1 5 1 1 2 0 3 0 0 1 2 0 2 0 0 0
7 6 2 6 143 55 6 3 5 4 6 25 97 338 1493 836 153 1337 40 59 36 198 64 171 89 12 87 804 642 230 177 15 82 196 17 23 349 255 8150 28 770 633 2421 35 95 279 94 7350 686 29 10 5 85 87 15 6 196 553 108 104 5660 3827 6307 3682 5487 6 186 335 13855 361 596 1 38 18 785 6227 11 1 9 1 45 1 98 147 73 108 42 163 660 73 2082 506 23 100 1767 365 11 26 41 23 0 10 0 0 8 1 0 6 0 0 0 2 1 48 232 15 8 22 5 293 31 98 23 3 1 3 4 26 6 71 11 17 9 9 12 22 7 7 46 61 204 24 383 9 10 122 605 31 88 2338 19 31 59 12 4 150 2 2 1 10 3 5 3 8 7 20 690 499 79 124 20 15 5 10 143 539 18 11 1132 160 5 15 32 14 259 22 8 24 39 7 1 179 63 27 14 4 2 3 5 3
56 18 19 21 28 16 15 52 8 30 15 13 7 4 34 29 6 36 13 9 3 138 48 50 64 12 28 7 90 71 13 3 12 18 4 3 9 10 17 23 461 81 138 15 49 21 26 445 480 165 454 319 21 27 66 46 14 21 2 2 58 3840 2086 230 95 12 40 24 361 6877 1696 13 34 26 38 184 24 1 16 57 1164 491 84 58 43 84 31 1191 586 116 376 938 2306 1965 2640 28 12 14 23 9 1 0 0 1 2 0 0 1 0 0 0 0 0 0 6 1 1 4 0 8 0 5 4 3 0 3 1 3 2 2 0 1 3 6 0 5 3 1 6 2 6 9 7 8 7 52 33 5 7 52 7 284 297 25 10 257 55 34 144 723 8 1 0 0 1 6 17 59 82 19 1 6 1 3 119 59 384 494 266 32 5 9 18 2 140 11 583 152 988 2 2 373 304 5 3 1 1 0 1 0
38 8 11 9 14 7 6 29 4 21 3 7 6 2 16 20 4 27 28 5 1 42 3 18 14 6 9 8 39 34 5 2 11 9 1 0 7 21 22 9 355 46 59 48 85 20 8 2087 148 265 137 430 4 7 37 24 6 11 0 1 69 2649 300 80 64 15 15 7 596 1696 16284 8 20 58 33 943 22 6 12 75 12121 618 64 19 9 25 6 2514 2286 259 801 475 886 208 332 11 15 7 8 3 2 4 3 1 3 1 0 3 1 1 1 2 0 4 12 2 3 7 0 16 3 8 6 2 2 1 2 7 3 13 1 4 2 3 0 5 8 4 5 6 11 20 11 13 19 78 57 2 13 119 13 538 571 25 24 478 113 70 255 1161 12 2 0 0 1 6 30 101 141 44 8 5 0 7 254 92 661 897 509 50 3 11 23 3 264 21 1075 287 1846 1 2 697 542 2 5 3 2 1 0 1
79 90 106 215 397 639 244 48 753 289 652 1380 48 2 4 0 6 1 1 2 236 308 30 2 38 0 0 0 93 182 72 571 1964 162 1 0 5 28 1 2 487 0 5 37 106 21 11 4 6 65 7 39 181 30 58 37 5 176 1 2 6 1 4 4 1 19 19 12 1 13 8 6350 3850 396 428 2 3452 139 4626 5 36 42 317 74 229 63 20 27 6 14 27 56 42 15 20 998 5564 728 14 9 12 22 148 310 36 347 15 6 45 83 218 320 0 0 0 1 7 1 0 4 7 5 7 89 9 13 37 1 0 3 10 1 130 358 5 131 0 0 79 32 2 15 0 32 192 0 4 0 22 6 22 0 0 14 0 2 8 16 2 10 34 11 2 7 13 3 2 0 0 3 82 11 5 6 2 2 9 1 9 3 616 238 54 26 3 233 4 1 4 19 72 3 1 2 199 12 66 4 0 9
