24949 3722 12988 2440 7543 6474 8939 7282 386 4495 220 4452 0 126 20 46 25 52 55 28 141 170 15 26 38 1 17 47 3035 4330 2176 810 1579 545 1 4 318 193 46 15 1250 30 65 5 5 114 17 79 72 36 251 663 1797 969 101 260 141 73 41 13 69 71 52 57 55 2 171 89 386 121 30 351 94 47 614 50 22 0 51 65 308 51 3904 825 1607 107 72 63 95 22 112 535 411 146 126 1205 291 1305 60 170 10 4 51 23 7 156 5 47 78 37 246 189 4 1 2 0 1 1 3 2 3 8 2 8 12 0 5 4 1 2 1 0 26 55 6 84 0 1 34 12 2 7 6 4 44 2 5 0 6 13 4 14 12 0 2 9 19 7 7 21 5 10 5 6 23 0 1 7 1 1 27 4 27 2 10 6 5 17 20 1 205 49 10 4 2 169 10 11 34 7 13 14 6 24 127 39 27 2 0 4
3722 7628 4760 8605 2812 5021 129 120 29 299 44 1565 0 4 1 4 0 1 1 0 67 41 4 8 6 1 2 0 305 1548 539 51 62 9 0 0 11 5 0 4 309 7 9 0 0 2 1 2 14 4 46 92 179 130 15 82 7 3 3 0 4 4 5 5 1 1 58 7 4 19 1 21 5 11 17 4 2 0 0 8 31 6 557 217 616 48 10 15 18 6 12 117 58 21 22 37 34 61 18 5 2 0 18 7 0 45 0 13 25 8 51 54 1 0 0 0 1 0 0 0 0 0 1 3 2 0 1 0 0 0 1 0 7 21 1 23 0 0 6 2 0 2 0 5 15 0 0 0 0 0 4 4 3 0 0 1 5 0 0 6 0 1 3 1 6 0 1 0 0 0 8 1 8 4 1 3 0 6 6 1 61 15 3 3 1 50 4 2 8 1 4 3 1 7 39 6 8 2 0 0
12988 4760 18859 1432 574 6282 593 4089 333 11242 210 23945 1 6 1 3 2 4 7 6 291 180 8 13 30 5 3 2 1031 278 115 27 93 23 1 1 26 6 3 10 1765 15 34 1 3 0 8 22 73 12 156 440 853 586 83 369 33 7 1 0 13 29 12 9 4 5 168 14 21 91 16 45 7 36 55 15 31 2 17 36 181 35 2849 871 2417 212 19 65 96 25 67 450 297 97 91 107 286 395 40 12 24 1 169 48 9 307 9 88 152 84 438 315 0 0 2 0 0 0 0 1 1 3 0 31 27 1 2 0 0 0 4 1 41 135 5 105 0 0 26 10 1 8 0 7 51 0 7 1 7 5 7 9 12 1 0 6 15 3 6 12 6 8 6 16 60 0 0 0 4 0 35 2 45 1 6 2 8 8 11 0 379 86 5 15 1 344 8 7 26 11 30 10 7 43 228 63 47 3 0 6
2440 8605 1432 17160 7395 17929 26 23 28 1750 89 4981 0 2 2 0 1 3 2 4 189 133 6 1 0 1 2 0 437 913 168 32 53 9 0 0 9 3 2 3 546 3 10 1 0 1 1 5 18 2 26 74 202 180 11 83 26 5 0 0 6 9 1 4 2 0 107 7 6 16 4 37 10 22 23 5 18 0 3 1 28 2 655 321 1110 151 10 9 14 2 13 82 41 29 13 33 65 32 42 7 8 3 40 26 2 129 1 34 63 20 221 141 1 0 0 0 0 0 3 0 3 0 1 24 17 0 3 0 0 0 6 0 24 84 3 101 0 1 20 6 0 1 0 3 39 1 3 0 1 1 10 4 1 0 0 1 4 1 0 0 1 7 4 16 43 0 0 0 0 1 19 3 31 4 0 0 1 3 2 0 200 49 5 3 0 205 2 1 2 4 13 1 5 28 122 35 30 0 1 2
7543 2812 574 7395 5474 11051 797 30 22 214 204 6034 1 44 10 21 6 20 16 1 169 179 12 6 20 2 8 20 2730 15127 5961 863 1205 177 0 4 105 51 30 3 362 8 14 2 1 38 7 34 24 3 28 78 379 296 20 62 290 52 11 4 24 33 12 19 30 1 242 33 193 25 9 296 19 22 253 18 10 0 17 8 31 1 748 349 984 157 25 8 14 4 17 67 55 15 21 704 149 161 46 165 1 0 9 7 1 34 2 10 18 14 55 46 0 1 1 1 1 0 1 1 4 2 1 10 5 1 1 0 0 1 3 0 6 28 2 24 0 0 12 7 1 0 4 2 9 1 0 0 0 5 6 2 1 0 0 0 2 0 1 2 2 4 0 5 12 2 1 0 0 2 16 0 9 1 2 1 0 4 3 1 78 23 5 2 3 52 3 1 6 2 8 1 3 6 38 5 11 2 0 1
6474 5021 6282 17929 11051 17218 233 89 82 2525 328 11582 2 13 5 7 8 7 9 1 420 480 11 5 26 1 4 6 827 2086 214 2918 2069 129 0 0 58 28 2 15 715 9 11 1 0 23 4 16 16 5 39 89 292 321 12 114 40 54 3 1 10 11 10 8 2 0 242 15 33 19 0 384 18 36 183 4 38 0 39 7 42 5 848 508 1772 240 13 15 11 3 17 90 51 21 26 1517 353 103 98 14 21 4 226 54 10 285 17 101 136 56 433 373 0 1 1 0 0 2 0 2 0 4 1 47 39 0 7 1 0 0 13 1 58 164 5 141 0 0 31 17 1 6 2 10 70 1 4 1 6 7 17 3 1 2 1 2 3 1 2 5 9 18 6 13 84 0 2 5 0 1 52 2 66 8 1 0 4 0 6 1 442 111 20 13 0 397 5 3 8 21 23 4 0 48 226 82 50 6 2 5
8939 129 593 26 797 233 6518 6147 280 1640 64 333 0 77 13 23 16 31 20 6 31 51 5 13 12 1 4 27 1209 383 555 149 420 285 0 6 198 87 36 5 110 3 19 2 1 46 7 30 11 7 58 161 1498 839 33 23 57 16 18 5 40 35 25 43 30 3 49 48 233 31 14 116 39 15 291 13 46 6 32 15 77 14 1381 140 151 26 38 20 12 3 44 90 85 15 36 579 259 3504 14 105 1 0 14 5 1 37 3 9 17 11 48 40 0 0 2 0 0 0 1 2 1 5 1 3 0 0 2 1 0 1 0 0 4 9 2 6 0 0 10 7 1 3 3 0 3 1 2 0 4 10 1 3 4 0 0 3 3 0 2 4 1 1 2 0 6 0 3 1 1 1 5 0 7 1 4 6 2 1 7 2 39 10 2 0 0 20 2 0 4 0 2 5 2 0 38 14 2 0 0 1
7282 120 4089 23 30 89 6147 17184 2005 15898 197 403 0 2 0 1 1 2 1 0 8 8 1 4 4 0 1 3 76 37 22 2 40 2 0 0 5 3 0 3 207 5 13 1 1 2 2 10 22 7 68 229 1035 478 39 52 4 2 1 1 4 11 6 4 0 3 26 5 6 32 5 37 4 9 19 4 24 2 11 16 90 5 1424 170 220 10 11 21 22 9 15 143 120 36 24 31 110 1364 4 6 6 0 25 8 0 66 2 19 31 20 84 70 0 1 0 0 0 0 0 0 0 0 0 4 5 1 0 0 0 0 0 0 12 16 2 12 0 0 5 3 0 1 0 3 8 0 1 0 2 0 1 6 2 0 0 0 6 2 2 4 1 1 2 2 8 0 0 0 0 0 7 0 2 1 3 0 4 6 1 0 61 12 1 0 0 47 3 1 6 2 3 3 2 6 41 18 7 0 0 0
386 29 333 28 22 82 280 2005 946 6551 301 475 45 3 0 1 0 1 0 0 29 114 3 6 53 3 3 1 33 19 10 32 283 12 0 0 3 1 0 18 73 1 6 6 328 10 11 1 3 203 23 112 210 63 16 14 1 8 0 0 0 7 5 2 0 57 11 10 8 10 3 496 35 245 24 4 535 158 304 75 41 210 153 41 78 18 27 93 40 123 133 24 11 7 3 29 2523 889 11 1 1 1 20 9 0 39 2 20 24 13 76 69 1 0 1 0 0 1 0 1 2 1 2 5 5 0 1 1 0 1 2 0 9 20 1 20 0 0 10 8 0 3 0 1 9 1 1 1 4 4 7 3 2 0 0 6 3 2 4 4 0 0 1 2 9 1 0 3 4 4 7 0 5 0 6 6 4 4 20 0 57 12 2 0 1 39 0 4 7 1 6 2 1 5 55 11 11 0 0 2
4495 299 11242 1750 214 2525 1640 15898 6551 41750 10309 23552 2 1 1 3 2 2 2 2 90 77 7 4 18 0 4 1 154 46 32 34 309 16 0 0 6 2 1 9 443 9 13 3 15 2 4 14 23 30 78 246 912 361 61 86 5 5 1 0 7 13 7 11 1 15 32 14 7 43 3 536 9 56 32 7 354 13 161 31 93 24 1399 262 629 47 8 27 24 16 22 201 140 42 40 67 3334 2341 18 2 59 10 337 128 11 814 23 238 406 251 1244 998 1 0 2 1 0 1 0 2 4 1 2 36 48 2 3 0 0 1 22 1 121 219 7 166 1 0 44 16 0 2 0 17 95 2 13 3 3 9 13 4 3 2 1 5 11 10 5 14 22 38 19 35 104 0 1 0 2 2 112 7 72 8 1 3 12 5 7 1 1017 119 22 3 2 763 12 6 19 13 57 3 6 70 702 207 100 8 2 6
220 44 210 89 204 328 64 197 301 10309 5573 4259 0 3 0 0 2 0 2 0 36 58 1 0 3 0 0 0 23 62 8 10 117 7 0 0 3 1 0 2 51 1 0 0 0 3 0 1 1 2 4 12 56 21 5 3 1 3 0 0 0 1 1 0 1 0 10 1 2 2 0 383 2 15 4 0 20 0 18 1 7 0 61 28 100 11 1 2 1 1 0 2 2 1 1 55 1450 285 10 0 17 2 87 32 4 233 4 67 105 60 338 260 0 0 2 0 0 0 0 0 0 1 0 10 18 2 1 0 0 0 8 0 41 76 2 49 0 0 12 1 0 2 0 3 36 1 7 0 2 1 4 1 0 1 0 2 3 1 0 0 3 7 1 11 39 0 0 0 0 2 38 2 20 1 0 0 0 0 4 0 291 35 4 1 0 265 2 1 5 8 13 1 0 30 193 50 34 1 0 4
4452 1565 23945 4981 6034 11582 333 403 475 23552 4259 18182 1 18 8 7 19 7 11 6 534 778 27 5 52 7 4 3 549 965 165 1181 650 80 1 1 74 31 5 9 647 7 17 1 0 26 8 7 14 1 32 84 340 233 23 87 32 29 3 1 9 5 10 8 2 1 178 22 31 19 3 648 21 84 88 5 87 1 77 5 48 4 792 473 1687 247 21 10 13 5 25 77 61 24 20 1868 2772 585 136 21 56 16 663 161 12 876 25 255 422 192 1183 1022 1 1 5 0 0 1 3 5 2 9 4 92 118 2 11 1 0 1 44 3 146 437 10 356 0 0 72 24 0 12 2 21 155 4 10 9 13 9 24 3 7 3 1 0 16 9 5 5 17 39 13 56 221 0 1 1 1 3 140 12 147 16 2 3 7 2 12 1 1245 259 23 18 0 1086 5 9 17 29 84 6 8 103 702 228 199 7 2 8
0 0 1 0 1 2 0 0 45 2 0 1 2251 1 1 10 20 39 2459 70 1 1 1 3 0 1 7 10 1 2 0 0 16 3 0 1 16 495 1 1 3 1 5 5485 1636 2680 0 2 0 25 1 6 2 1 0 0 0 1 0 0 1 0 2 4 1 1108 0 2 1 0 0 98 1052 1750 1 1 288 56 670 6 1 11 0 0 2 0 1 3 4 25 230 0 1 0 0 2 199 24 0 0 1 2 0 0 0 1 0 0 0 0 1 0 7 39 279 2 1 94 5 615 19 793 13 2 2 2 1 46 1 52 0 0 4 1 0 2 3 2 18 18 151 8 128 4 3 20 26 37 65 760 6 0 3 0 0 3 0 0 0 1 0 0 1 0 1 1 61 62 4 160 1 1 9 1 1 71 0 2 72 4 2 1 179 2 2 7 0 2 0 0 0 2 1 6 1 1 0 0 0 0
126 4 6 2 44 13 77 2 3 1 3 18 1 4071 4494 376 736 138 18 112 33 58 188 196 4 34 1030 1498 669 264 114 18 19 56 4333 3139 537 19 233 302 688 6 27 2 0 21 737 112 1 1 8 9 70 82 2 3 191 405 1491 33 99 14 31 84 297 0 105 527 1169 8 9 5 10 39 1074 11 1 0 3 2 6 0 83 25 39 12 9 1 0 1 19 12 8 3 14 94 3 22 19 55 3 2 0 0 8 3 0 2 0 0 3 2 227 59 17 109 23 204 165 94 165 615 382 20 20 13 22 16 33 66 0 1 5 14 2 38 59 8 94 209 7 190 10 4 16 3 0 2 140 39 52 0 2 0 1 0 0 1 0 0 1 4 0 2 3 93 7 11 2 0 11 3 10 14 2 25 0 0 7 5 10 17 32 5 3 16 0 1 1 4 3 2 3 5 4 0 14 3 0 4
20 1 1 2 10 5 13 0 0 1 0 8 1 4494 19741 16560 569 5105 94 1370 16 28 451 270 5 71 915 3606 93 48 22 6 11 6 1538 325 53 6 1860 170 1989 26 86 1 1 171 115 259 24 3 4 4 11 10 2 2 24 24 55 1 651 60 57 195 769 1 11 23 2729 45 28 2 2 30 89 119 0 0 3 0 27 1 20 8 10 1 3 3 23 3 109 40 2 11 34 27 1 4 2 8 1 3 0 1 3 1 0 1 1 0 2 1 167 50 16 82 22 192 102 107 138 584 304 15 5 13 10 16 19 54 4 3 3 2 2 15 50 5 58 126 24 120 23 0 7 9 5 7 119 73 22 4 6 1 0 2 2 2 0 0 0 3 0 2 3 64 22 24 6 2 10 2 6 8 4 26 1 2 38 9 5 13 21 4 5 10 2 2 3 1 0 6 4 5 6 2 3 1 0 2
46 4 3 0 21 7 23 1 1 3 0 7 10 376 16560 12649 809 3556 3371 2897 5 39 168 683 19 61 1212 2071 179 93 38 8 33 111 47 9 671 326 1113 87 791 98 164 17 14 98 72 72 17 3 4 2 27 25 3 3 31 115 24 5 263 33 29 75 155 5 31 94 545 28 11 11 55 26 322 50 1 2 10 0 10 2 40 25 18 9 5 1 13 3 74 59 5 17 59 57 1 11 7 19 2 2 0 1 7 2 0 1 1 1 1 2 298 434 331 70 15 573 26 814 104 2590 56 9 3 34 11 65 48 462 9 7 11 21 8 40 56 1 90 63 311 109 245 18 20 28 20 36 209 208 31 4 3 1 1 5 0 1 0 0 2 5 1 5 9 56 18 49 3 21 14 6 38 19 9 67 1 2 42 5 13 33 51 3 4 16 0 3 1 4 6 8 6 16 4 1 7 2 0 4
25 0 2 1 6 8 16 1 0 2 2 19 20 736 569 809 1101 280 1429 1586 29 77 253 207 8 73 99 4 49 38 15 9 15 13 23 3 414 324 45 78 853 12 68 39 46 126 37 8 21 7 7 1 8 3 0 2 11 33 11 3 46 27 8 11 3 6 10 15 25 30 2 4 38 95 124 8 1 5 1 0 4 6 14 8 13 3 2 4 9 9 82 63 5 23 41 46 2 3 3 7 7 11 3 1 12 14 0 1 1 0 5 6 707 162 18 320 58 109 144 60 322 678 315 52 50 87 67 30 115 174 14 5 28 16 9 44 167 4 135 232 11 565 19 10 19 15 8 11 231 30 110 2 2 0 0 1 1 2 1 1 1 7 2 7 17 152 3 37 4 7 14 6 30 39 12 31 0 0 19 7 15 47 28 7 2 30 0 0 3 13 4 5 13 22 9 4 22 4 1 10
52 1 4 3 20 7 31 2 1 2 0 7 39 138 5105 3556 280 14338 3111 350 10 39 182 3751 13 50 2672 1123 154 87 25 7 45 61 51 7 277 478 4480 85 1172 224 1298 110 18 3852 99 247 24 5 4 3 22 17 3 7 30 87 32 4 3562 79 271 896 746 48 43 62 1379 35 24 6 171 67 242 203 2 2 8 2 54 2 32 24 16 11 3 5 42 15 1087 79 8 18 256 75 3 3 20 17 8 14 0 2 20 10 0 2 0 1 0 5 111 643 1143 57 8 604 21 1442 107 2885 51 9 15 20 11 461 25 989 22 17 17 19 4 40 19 3 149 128 1144 62 1775 30 40 163 169 166 362 2038 34 6 16 0 3 22 1 3 0 4 1 19 2 15 24 23 143 508 19 73 18 20 64 30 22 550 0 5 216 23 7 36 116 11 15 24 5 7 13 11 7 14 15 26 5 1 16 2 2 4
55 1 7 2 16 9 20 1 0 2 2 11 2459 18 94 3371 1429 3111 48754 9754 26 98 93 674 27 101 774 272 92 53 50 9 297 129 39 3 1640 6773 60 188 350 33 220 8335 1288 6090 86 22 32 49 5 6 23 17 1 4 19 58 17 0 41 37 31 123 71 221 28 49 23 26 2 85 2588 4468 172 20 12 90 69 3 8 27 23 21 45 8 24 25 64 132 1530 68 9 37 103 100 17 8 9 7 17 20 5 5 31 29 0 3 0 1 21 15 1632 1334 1852 676 84 2884 341 4623 968 15035 990 64 59 169 79 320 289 1598 50 28 34 39 18 113 361 26 439 520 1250 779 1145 35 76 103 195 301 1518 1824 159 7 10 1 8 24 2 12 1 3 6 19 4 25 34 375 101 330 18 143 54 19 84 71 22 342 4 9 259 29 41 129 1237 23 18 144 0 6 12 16 14 16 36 67 40 6 38 7 1 18
28 0 6 4 1 1 6 0 0 2 0 6 70 112 1370 2897 1586 350 9754 4368 13 39 141 436 14 149 222 9 25 8 11 3 24 36 59 0 336 208 48 154 637 40 169 138 65 155 52 9 53 7 7 4 11 4 1 2 2 31 9 1 86 48 25 15 4 3 10 24 26 57 6 7 80 151 55 18 0 1 0 0 12 7 10 7 10 8 5 6 26 16 122 138 13 43 104 20 3 1 2 2 5 5 0 2 8 11 0 2 0 0 4 6 841 233 47 252 39 213 101 135 287 1383 291 25 22 83 50 60 176 250 6 2 20 7 4 24 201 9 62 130 22 450 19 5 22 25 7 20 250 44 76 4 8 0 4 1 0 7 0 1 0 5 0 7 7 197 3 51 9 14 14 6 12 21 7 25 2 0 30 9 12 25 34 6 4 30 2 1 12 5 3 1 16 9 9 1 11 7 2 3
141 67 291 189 169 420 31 8 29 90 36 534 1 33 16 5 29 10 26 13 9147 4286 3949 66 123 114 27 3 56 49 159 116 446 167 8 1 88 134 2 284 499 13 82 5 2 21 112 19 7 0 7 2 24 14 0 447 9 82 22 0 6 67 82 33 6 2 14 133 44 33 3 188 199 118 380 10 70 0 72 2 6 1 137 18 3188 81 63 0 10 2 19 24 2 11 107 677 124 28 61 25 1 2 11 3 1 13 0 5 4 3 9 9 16 3 0 13 6 8 27 8 41 31 51 26 35 3 12 2 2 10 6 1 5 83 13 156 10 2 167 105 2 47 0 3 22 0 1 0 86 4 31 0 5 0 0 2 2 3 0 2 3 4 1 4 32 9 1 1 1 2 13 4 61 13 1 4 0 0 4 0 50 138 40 17 0 50 0 1 4 11 7 3 1 16 13 6 26 3 0 7
170 41 180 133 179 480 51 8 114 77 58 778 1 58 28 39 77 39 98 39 4286 28501 5775 947 4036 2525 261 28 191 82 171 216 1348 541 30 9 212 491 8 4297 506 91 1339 42 7 54 454 115 85 11 19 34 141 168 3 45 34 179 51 2 51 592 1067 522 34 5 260 387 254 274 22 664 955 429 808 58 255 5 246 2 27 8 671 1337 5392 1663 382 15 70 24 157 180 24 144 1379 1190 411 78 2749 40 3 3 11 6 9 17 2 4 7 6 29 21 69 9 3 43 39 29 85 26 138 104 183 80 83 14 46 4 5 10 9 2 16 195 33 345 11 5 561 464 4 127 4 4 79 5 5 2 279 26 95 2 20 1 2 1 0 4 1 4 5 11 0 10 53 26 1 12 8 4 43 5 114 44 18 22 3 8 45 7 82 381 99 30 9 139 2 3 10 20 9 14 5 40 26 2 62 10 2 7
15 4 8 6 12 11 5 1 3 7 1 27 1 188 451 168 253 182 93 141 3949 5775 8540 7901 1060 4987 669 7 76 11 10 19 158 153 57 9 252 277 17 3648 6735 921 1016 9 5 54 593 16 156 5 23 5 27 35 9 18 7 17 35 1 34 139 190 50 4 1 70 107 28 107 7 60 173 49 90 24 28 1 26 1 15 2 62 97 279 61 35 16 37 13 83 285 16 97 519 62 40 9 86 4 0 0 4 1 2 0 0 1 2 2 4 4 17 5 3 9 2 11 23 15 19 39 29 13 12 1 3 0 3 3 0 0 2 23 8 44 5 2 84 42 3 37 1 2 4 1 1 1 53 6 16 7 5 0 0 3 3 1 1 5 0 3 0 0 5 6 4 6 0 2 8 0 18 8 5 8 1 3 15 2 8 54 19 6 0 14 0 2 9 6 7 4 1 6 3 0 15 1 0 2
26 8 13 1 6 5 13 4 6 4 0 5 3 196 270 683 207 3751 674 436 66 947 7901 12369 333 6289 7586 162 507 26 20 6 54 52 1023 61 47 68 203 3360 4288 3062 2420 7 3 2476 2849 24 180 7 22 12 143 204 23 19 92 11 539 3 1169 50 104 277 73 37 608 588 119 49 9 19 43 21 50 23 19 0 11 1 21 2 203 338 174 219 71 16 42 15 1882 345 29 64 385 29 15 8 287 7 0 0 0 0 1 1 0 1 0 0 1 1 31 26 67 16 4 146 11 282 44 318 58 3 2 3 4 25 1 26 0 2 1 2 3 10 9 0 15 31 86 14 82 6 2 14 24 6 24 478 10 10 8 1 0 2 3 0 0 2 1 3 0 1 1 15 97 65 8 26 2 4 7 2 2 101 0 8 53 3 2 5 12 5 5 10 2 2 12 2 1 8 2 4 2 0 1 1 0 1
38 6 30 0 20 26 12 4 53 18 3 52 0 4 5 19 8 13 27 14 123 4036 1060 333 7640 525 191 31 707 32 216 41 504 181 3 1 40 120 5 2443 260 19 414 7 2 15 550 58 21 6 15 30 417 523 4 12 869 75 4 0 21 230 510 430 44 3 1284 373 269 66 10 256 242 92 605 26 90 1 119 2 8 9 980 3485 1724 2680 2511 8 23 8 72 48 24 27 403 174 179 33 5111 365 3 1 2 0 0 4 0 1 2 0 7 3 4 0 2 1 1 8 11 6 7 16 8 13 13 2 10 0 0 1 2 0 4 46 4 71 1 1 75 37 1 8 0 0 13 0 1 0 33 6 8 4 3 0 0 4 0 1 2 1 0 1 0 1 5 2 1 0 3 1 4 2 24 2 7 6 1 1 16 1 12 78 14 7 1 34 1 1 5 2 2 5 1 5 5 1 4 0 0 0
1 1 5 1 2 1 1 0 3 0 0 7 1 34 71 61 73 50 101 149 114 2525 4987 6289 525 4252 694 2 29 0 2 4 34 19 776 15 19 42 3 6915 1045 62 266 2 1 7 1349 10 30 3 10 2 20 18 3 4 2 4 37 0 10 56 133 41 0 1 24 29 24 31 0 26 45 11 8 4 10 0 13 0 1 1 27 70 73 42 6 3 12 5 34 43 6 25 192 2 14 3 41 0 0 2 0 0 0 0 0 0 0 0 1 1 14 2 1 7 1 18 8 9 12 87 30 0 2 1 2 2 3 1 0 0 1 5 1 6 1 0 15 15 1 11 0 0 5 0 0 0 12 3 3 1 3 0 0 1 0 0 0 1 0 1 0 0 2 3 1 4 2 0 0 0 3 0 1 3 0 0 2 1 0 10 4 1 1 4 0 0 1 2 1 0 1 1 0 0 2 0 0 0
17 2 3 2 8 4 4 1 3 4 0 4 7 1030 915 1212 99 2672 774 222 27 261 669 7586 191 694 26670 3553 761 33 37 5 46 51 4200 197 40 42 97 2312 888 115 577 12 5 797 2345 49 30 4 2 7 145 195 4 6 256 18 798 1 252 39 167 1763 944 18 928 901 623 24 5 23 25 22 45 8 6 0 9 0 9 2 140 289 87 257 63 3 8 4 300 66 13 26 154 14 11 5 349 14 0 1 0 0 0 1 0 1 0 0 0 1 74 147 111 46 7 557 50 1188 72 1596 155 8 2 6 3 41 7 113 7 3 2 1 0 10 25 0 27 43 215 36 150 4 4 16 14 10 83 468 10 0 2 0 0 3 0 1 0 2 0 5 2 2 3 31 71 44 4 25 3 3 8 9 1 94 0 1 38 2 1 7 36 5 0 19 1 1 1 1 0 2 3 5 2 0 3 0 1 0
47 0 2 0 20 6 27 3 1 1 0 3 10 1498 3606 2071 4 1123 272 9 3 28 7 162 31 2 3553 7432 772 89 85 3 15 23 360 50 15 18 2329 45 64 8 49 6 1 699 425 83 1 3 2 7 75 106 0 3 366 113 340 5 372 13 41 946 1652 28 409 706 1404 9 4 9 19 6 226 24 0 0 3 1 8 0 99 61 38 70 44 0 4 4 163 10 3 6 6 19 5 25 126 52 3 1 0 0 0 0 0 0 0 0 1 3 13 75 203 7 3 102 8 858 16 581 30 1 2 3 2 84 2 140 8 3 3 3 1 3 1 0 28 22 383 5 351 16 11 29 29 9 50 986 11 1 3 0 0 2 0 0 1 0 1 7 0 3 3 2 146 98 13 39 5 6 15 7 4 240 0 1 65 4 2 1 37 2 5 3 0 0 2 2 1 2 2 10 0 0 2 1 1 0
3035 305 1031 437 2730 827 1209 76 33 154 23 549 1 669 93 179 49 154 92 25 56 191 76 507 707 29 761 772 19911 9094 7169 257 853 1443 17 24 1311 292 386 130 228 29 642 6 2 145 209 595 29 3 29 97 3027 6272 40 13 6988 256 252 37 330 1009 1457 1608 870 3 4628 1210 4973 349 92 168 162 17 5230 200 31 0 46 6 103 6 1111 656 196 279 2138 14 71 23 239 95 61 87 600 5436 60 3721 588 3627 0 0 5 1 0 17 0 5 6 3 21 16 7 7 13 3 1 14 7 37 6 44 3 5 5 1 3 4 1 6 1 0 2 21 3 40 1 0 33 18 14 6 22 3 4 11 13 1 13 66 20 3 12 0 1 23 0 1 0 3 0 2 0 0 17 1 20 28 6 4 2 0 25 9 40 48 2 10 95 18 25 43 9 4 18 22 5 5 12 3 2 37 10 7 11 3 7 1 1 1
4330 1548 278 913 15127 2086 383 37 19 46 62 965 2 264 48 93 38 87 53 8 49 82 11 26 32 0 33 89 9094 19203 16904 420 874 839 0 15 570 244 99 8 280 9 32 4 1 85 18 100 22 4 51 135 503 449 13 61 7127 83 46 21 113 81 70 73 117 2 340 145 713 44 22 199 86 13 1136 54 4 1 36 10 73 5 775 250 418 58 151 23 21 5 75 103 89 25 46 2736 58 143 26 1301 0 0 7 2 0 17 1 2 9 2 19 21 3 2 9 1 1 5 1 9 3 9 5 4 0 1 1 3 0 3 0 0 1 17 0 23 0 0 9 7 4 6 13 3 7 1 5 1 6 16 3 9 8 0 0 6 6 4 4 5 0 1 0 3 8 0 2 9 3 1 2 1 5 0 5 20 3 6 21 4 33 13 2 2 2 19 3 3 9 1 2 9 5 2 16 6 2 0 0 1
2176 539 115 168 5961 214 555 22 10 32 8 165 0 114 22 38 15 25 50 11 159 171 10 20 216 2 37 85 7169 16904 10635 156 524 430 0 5 224 139 40 9 478 6 26 4 1 45 16 55 23 7 56 132 727 721 24 96 7528 69 30 6 41 26 45 67 85 3 2069 190 429 37 11 151 85 9 1776 24 6 1 35 7 65 8 1268 646 1100 441 602 17 22 10 40 112 108 30 45 4917 14 170 1236 4109 0 0 2 0 0 6 0 2 0 0 10 7 0 0 1 2 1 3 1 3 2 8 6 1 5 1 1 0 0 1 0 0 1 5 0 16 0 0 13 8 3 1 2 0 0 1 1 0 4 7 5 1 4 0 0 2 2 0 1 4 0 0 0 1 2 0 2 3 2 0 2 1 4 1 6 3 1 6 6 4 8 14 3 3 1 9 4 1 7 2 1 4 3 2 1 2 2 0 0 0
810 51 27 32 863 2918 149 2 32 34 10 1181 0 18 6 8 9 7 9 3 116 216 19 6 41 4 5 3 257 420 156 3338 4377 938 0 0 54 62 4 18 109 1 2 2 1 17 15 8 3 0 7 9 66 47 2 9 18 835 2 56 10 3 6 15 6 1 40 69 28 2 0 216 77 10 1346 3 13 0 11 2 4 0 144 93 273 53 46 1 6 0 6 13 10 2 7 5208 165 43 46 34 6 0 17 6 3 40 1 14 20 6 55 47 1 0 1 0 0 0 0 3 4 1 3 13 14 1 1 0 0 0 3 1 11 60 14 85 0 0 29 14 0 7 1 1 16 1 5 1 9 1 9 2 0 0 0 2 0 1 1 0 2 7 0 3 33 0 0 0 0 0 14 3 27 3 0 0 0 1 1 0 80 67 10 4 0 110 1 0 1 4 10 0 0 14 28 9 18 3 0 3
1579 62 93 53 1205 2069 420 40 283 309 117 650 16 19 11 33 15 45 297 24 446 1348 158 54 504 34 46 15 853 874 524 4377 10046 5656 0 2 127 816 9 310 498 4 34 19 8 119 230 19 5 15 26 70 246 201 8 57 149 2166 28 117 17 20 42 70 12 5 221 506 98 19 4 2358 3036 182 4561 11 247 8 234 7 17 7 455 385 924 237 447 5 9 3 64 73 33 16 26 6832 2414 334 250 115 22 8 111 51 22 257 15 84 129 43 342 324 12 2 7 6 8 4 13 15 26 34 34 164 200 17 50 3 1 8 31 5 79 586 52 877 1 1 607 228 3 80 5 22 167 4 17 4 175 29 170 1 1 6 2 4 7 9 0 5 19 35 5 29 262 7 4 6 2 4 155 18 411 68 3 10 6 4 17 5 630 780 94 93 3 663 4 7 4 48 51 0 10 132 197 58 201 13 4 34
545 9 23 9 177 129 285 2 12 16 7 80 3 56 6 111 13 61 129 36 167 541 153 52 181 19 51 23 1443 839 430 938 5656 9731 74 773 1519 558 11 384 263 1 34 7 3 48 1000 9 3 3 10 39 240 211 5 8 275 8286 1705 4730 16 9 16 46 17 1 283 3423 48 6 1 367 630 61 12129 5 11 0 50 6 14 2 408 171 294 90 318 2 3 2 36 24 19 4 21 2215 45 71 118 341 7 2 21 11 11 35 7 12 9 7 27 43 37 8 0 21 20 23 46 14 91 39 76 128 149 15 43 2 5 9 16 0 31 222 45 487 5 5 571 372 2 160 2 11 86 4 3 1 228 21 189 2 2 2 0 0 4 1 0 0 2 19 2 16 89 18 2 7 3 4 71 11 194 72 2 14 1 1 9 4 98 369 48 65 0 107 1 1 2 28 19 0 10 39 21 9 110 13 3 44
1 0 1 0 0 0 0 0 0 0 0 1 0 4333 1538 47 23 51 39 59 8 30 57 1023 3 776 4200 360 17 0 0 0 0 74 2839 2683 161 9 18 903 59 20 225 1 0 27 535 38 2 0 0 0 1 6 0 0 7 6 1063 2 21 9 52 163 87 1 11 279 331 4 3 0 4 15 11 2 0 0 1 0 1 0 7 3 0 8 2 0 0 1 32 3 1 1 38 3 0 0 4 0 1 0 0 1 0 1 0 1 0 0 1 0 158 41 17 54 17 182 71 112 92 612 246 6 1 12 6 11 20 30 0 1 0 2 0 9 30 4 33 69 6 92 0 0 3 0 1 2 74 24 28 0 0 1 0 1 0 2 0 0 1 0 0 1 1 53 1 10 2 0 5 3 2 3 2 7 0 0 14 1 4 5 22 1 0 6 0 0 0 1 0 1 2 2 2 1 3 0 0 2
4 0 1 0 4 0 6 0 0 0 0 1 1 3139 325 9 3 7 3 0 1 9 9 61 1 15 197 50 24 15 5 0 2 773 2683 1352 561 1 13 113 16 0 14 0 0 4 620 5 0 0 0 2 5 4 0 1 11 67 4697 303 4 0 4 17 18 0 10 480 62 0 0 1 0 0 141 0 0 0 0 0 1 0 2 2 7 1 0 0 0 0 1 0 0 0 2 9 0 0 3 10 0 0 0 0 0 0 0 0 0 0 0 0 18 4 0 9 1 14 8 2 14 46 29 1 4 1 3 0 2 4 0 0 0 0 1 5 4 0 9 11 0 13 2 0 0 0 0 0 8 0 7 0 0 0 0 0 0 0 0 0 0 1 0 0 0 6 0 3 0 0 1 1 1 2 0 0 0 0 2 0 1 2 0 3 0 1 0 0 0 0 0 0 0 0 1 1 1 0 0 1
318 11 26 9 105 58 198 5 3 6 3 74 16 537 53 671 414 277 1640 336 88 212 252 47 40 19 40 15 1311 570 224 54 127 1519 161 561 5137 1541 5 142 481 0 25 13 7 192 841 8 3 0 8 20 176 166 3 11 261 1783 1521 770 18 7 11 15 7 3 206 1636 28 4 1 38 73 49 3526 6 4 4 13 3 8 2 232 77 132 45 40 3 4 3 56 14 10 4 12 400 7 64 57 177 12 9 5 5 13 19 1 2 5 0 5 10 358 64 4 168 64 43 138 33 248 227 277 137 154 44 77 16 45 69 16 2 34 76 19 243 91 11 354 405 10 459 9 8 68 13 5 4 286 42 196 2 2 0 1 2 1 0 1 1 6 14 0 6 36 93 6 26 4 5 58 12 102 76 6 33 1 1 17 8 17 174 38 36 3 62 1 2 1 37 13 1 11 43 10 3 85 7 1 25
193 5 6 3 51 28 87 3 1 2 1 31 495 19 6 326 324 478 6773 208 134 491 277 68 120 42 42 18 292 244 139 62 816 558 9 1 1541 4567 3 519 324 5 51 1142 337 1642 645 10 4 22 5 12 62 58 1 6 89 439 104 27 15 9 20 24 7 57 121 484 22 13 1 137 1783 1217 1135 13 12 14 65 1 9 8 83 72 145 55 81 6 22 40 706 18 12 4 26 349 14 16 71 41 18 26 13 13 28 39 2 11 12 0 23 29 662 126 54 313 136 243 410 177 646 1055 850 262 245 85 179 49 82 160 35 7 63 217 68 603 151 26 1080 1199 30 863 39 31 133 18 17 15 994 145 421 0 4 1 3 0 2 7 2 1 5 31 3 17 87 188 26 49 15 25 98 19 184 141 11 86 0 2 96 16 81 463 260 85 13 183 1 4 5 70 21 3 16 68 39 3 172 26 2 52
46 0 3 2 30 2 36 0 0 1 0 5 1 233 1860 1113 45 4480 60 48 2 8 17 203 5 3 97 2329 386 99 40 4 9 11 18 13 5 3 9922 6 175 30 270 1 3 741 24 350 7 1 1 9 57 41 1 2 95 95 24 4 10907 80 47 651 2241 9 70 150 5074 20 44 2 0 8 327 347 0 0 1 0 66 0 65 26 18 5 9 5 27 5 500 31 3 8 20 25 1 15 19 19 0 2 0 0 4 0 0 0 0 0 0 1 10 23 112 5 1 37 10 329 19 225 11 6 2 3 2 57 4 57 6 1 4 6 0 9 2 0 33 14 162 20 219 5 8 45 30 3 29 549 10 0 11 0 0 11 1 0 0 1 0 3 1 3 1 1 97 131 13 21 3 2 4 4 17 214 0 3 129 14 0 2 12 5 13 1 0 2 10 2 2 20 5 4 0 0 2 1 3 2
15 4 10 3 3 15 5 3 18 9 2 9 1 302 170 87 78 85 188 154 284 4297 3648 3360 2443 6915 2312 45 130 8 9 18 310 384 903 113 142 519 6 7330 1063 105 1851 23 4 88 2844 35 46 4 8 12 108 123 1 14 17 20 120 3 75 224 737 558 33 2 197 363 121 87 2 101 414 72 58 20 67 1 68 1 9 6 208 403 304 210 52 8 13 5 184 67 19 66 990 25 59 19 285 5 0 0 0 1 0 3 0 1 0 1 3 1 79 19 6 30 10 85 60 43 85 257 153 20 20 7 18 1 10 15 3 0 6 28 2 59 21 1 122 115 2 87 2 2 8 2 3 0 87 23 37 4 8 0 1 2 2 0 0 4 2 4 0 2 5 24 2 9 3 4 8 0 21 11 6 18 2 2 19 2 8 69 28 3 3 15 0 1 2 3 1 6 1 3 4 1 6 4 0 2
1250 309 1765 546 362 715 110 207 73 443 51 647 3 688 1989 791 853 1172 350 637 499 506 6735 4288 260 1045 888 64 228 280 478 109 498 263 59 16 481 324 175 1063 8041 4792 1931 21 16 386 317 171 1867 69 428 458 48 65 865 1242 51 148 44 4 909 254 160 95 33 25 61 216 226 215 60 156 185 118 732 342 90 5 80 44 230 41 507 72 793 40 76 169 664 197 1496 1470 392 367 835 773 128 47 60 88 1 0 16 6 5 32 1 10 18 7 41 34 15 5 14 5 4 15 15 28 14 37 35 40 46 6 7 8 0 17 6 0 16 111 16 181 5 0 138 86 13 41 21 5 25 16 15 2 73 86 45 36 93 0 0 40 27 3 10 46 2 9 0 0 62 5 18 40 11 11 28 10 101 25 47 64 21 45 138 11 91 183 30 25 19 114 21 36 109 10 12 102 27 33 19 6 50 4 1 11
30 7 15 3 8 9 3 5 1 9 1 7 1 6 26 98 12 224 33 40 13 91 921 3062 19 62 115 8 29 9 6 1 4 1 20 0 0 5 30 105 4792 5882 4955 1 5 139 34 42 1564 24 40 11 5 6 46 29 5 1 8 0 355 77 23 12 3 9 8 7 65 48 9 1 1 4 6 125 2 0 2 1 31 6 33 21 12 6 3 32 157 63 935 1129 48 132 250 8 6 3 6 0 0 1 0 0 0 0 0 1 0 0 0 1 0 1 4 0 0 2 1 7 1 6 1 0 0 0 1 3 0 0 0 0 0 3 1 2 1 0 6 0 7 0 5 1 3 6 12 0 6 48 1 8 15 0 0 7 0 0 1 6 0 1 0 0 0 0 15 22 1 3 0 0 2 0 9 39 1 5 83 9 1 1 0 0 16 0 7 13 19 2 0 16 5 0 0 0 0 0 0 0
65 9 34 10 14 11 19 13 6 13 0 17 5 27 86 164 68 1298 220 169 82 1339 1016 2420 414 266 577 49 642 32 26 2 34 34 225 14 25 51 270 1851 1931 4955 6193 14 28 1965 1257 124 1917 45 80 21 226 292 39 29 112 9 250 1 3709 182 612 4574 179 54 670 402 671 208 26 35 40 22 50 944 15 1 18 5 64 13 293 506 258 271 70 70 222 134 9373 1415 82 336 2881 27 23 8 325 8 1 1 1 0 2 3 0 0 0 0 0 1 12 7 63 2 1 31 3 113 11 80 14 6 0 0 3 28 2 16 5 5 1 5 1 15 2 0 26 10 53 12 39 12 5 101 139 2 23 791 11 18 39 1 1 31 3 1 4 15 2 10 1 3 1 3 178 238 35 70 12 8 9 9 117 530 5 24 815 136 2 7 10 2 106 9 10 23 27 1 5 64 50 3 1 0 5 2 2 2
5 0 1 1 2 1 2 1 6 3 0 1 5485 2 1 17 39 110 8335 138 5 42 9 7 7 2 12 6 6 4 4 2 19 7 1 0 13 1142 1 23 21 1 14 7900 5558 2130 18 19 5 973 33 199 3 3 1 1 3 3 4 0 2 9 8 11 4 762 2 14 6 4 4 86 2994 1761 15 21 447 1373 2993 190 69 631 6 1 8 4 2 191 97 437 1886 12 0 3 12 12 54 4 6 0 4 7 0 3 3 9 1 3 2 0 3 6 121 49 120 55 17 136 57 324 183 824 174 36 41 13 41 20 13 55 11 1 9 19 7 66 24 4 190 177 59 119 42 3 13 14 12 17 267 204 81 8 13 0 1 5 5 0 1 13 0 3 0 2 11 34 18 32 6 48 17 5 23 15 19 53 2 9 113 14 15 83 175 9 19 47 2 15 18 11 2 21 12 14 11 2 16 2 2 2
5 0 3 0 1 0 1 1 328 15 0 0 1636 0 1 14 46 18 1288 65 2 7 5 3 2 1 5 1 2 1 1 1 8 3 0 0 7 337 3 4 16 5 28 5558 9027 2775 3 36 3 2703 14 86 27 4 1 1 0 0 0 0 6 43 17 17 4 2926 1 2 18 6 4 328 1649 788 1 17 2064 1273 2494 70 45 436 4 2 4 2 1 176 83 1698 2566 16 2 5 22 1 1703 162 1 1 0 1 2 0 1 1 0 0 0 0 4 1 2 3 180 1 3 13 2 163 4 123 4 3 2 5 2 47 1 21 8 7 1 4 0 8 1 0 33 10 50 11 49 18 7 177 253 9 47 1138 18 12 85 0 4 53 2 1 1 14 3 12 1 11 4 0 172 292 44 505 15 13 14 7 180 445 4 24 1343 141 1 20 28 4 135 9 3 141 23 4 0 165 61 6 11 1 3 2 0 1
114 2 0 1 38 23 46 2 10 2 3 26 2680 21 171 98 126 3852 6090 155 21 54 54 2476 15 7 797 699 145 85 45 17 119 48 27 4 192 1642 741 88 386 139 1965 2130 2775 10309 105 25 14 11 2 5 18 26 4 10 49 56 11 0 413 39 175 1002 1029 1390 59 76 136 10 3 47 1578 893 169 27 19 4 110 0 7 1 42 20 36 13 10 4 30 25 2376 58 3 16 153 172 31 9 23 13 5 6 0 3 10 6 0 2 1 1 2 9 71 240 1584 28 14 231 26 1466 108 1593 54 25 30 18 16 737 8 516 32 35 32 23 13 51 16 2 198 136 944 114 1744 48 41 441 389 104 325 5045 75 5 17 0 4 26 1 3 2 1 5 19 5 17 19 28 611 1234 59 389 36 40 85 40 12 1472 2 11 376 30 12 41 196 19 28 21 3 16 21 7 5 20 30 37 7 1 14 8 8 11
17 1 8 1 7 4 7 2 11 4 0 8 0 737 115 72 37 99 86 52 112 454 593 2849 550 1349 2345 425 209 18 16 15 230 1000 535 620 841 645 24 2844 317 34 1257 18 3 105 4171 39 19 2 4 4 86 91 2 6 87 43 1801 100 64 61 347 860 178 4 327 2920 522 17 3 74 324 52 130 19 28 0 50 1 3 0 119 337 172 221 233 3 3 4 153 23 5 9 391 19 39 12 228 15 4 1 0 1 1 3 0 1 1 0 7 1 132 33 10 61 31 96 104 62 124 301 259 22 19 8 27 12 12 26 4 0 8 13 2 54 41 8 105 183 7 123 4 2 8 5 4 4 128 44 42 1 2 0 0 1 0 0 0 0 0 3 0 1 4 58 12 17 2 3 6 3 14 17 5 29 0 1 24 4 9 28 16 4 4 17 0 0 0 3 0 2 2 3 4 0 10 1 0 4
79 2 22 5 34 16 30 10 1 14 1 7 2 112 259 72 8 247 22 9 19 115 16 24 58 10 49 83 595 100 55 8 19 9 38 5 8 10 350 35 171 42 124 19 36 25 39 21594 147 302 34 112 82 88 10 9 196 20 17 1 683 12875 2658 268 89 35 240 72 4780 1092 4907 13 15 35 93 12435 27 0 13 24 3358 67 105 79 72 65 17 1923 15212 786 4273 289 89 199 656 23 26 11 112 15 5 1 3 0 3 0 3 8 5 0 1 3 4 3 10 4 2 10 4 32 15 44 13 6 10 2 24 8 4 11 19 13 1 3 0 4 2 1 10 8 12 31 7 18 23 176 197 11 82 155 14 688 2214 8 10 1123 51 10 65 258 6 50 3 9 5 4 17 356 422 46 43 36 7 5 1638 442 84 678 2612 365 6 19 13 10 746 64 150 452 1228 17 13 2134 588 5 70 6 4 7 2 3
72 14 73 18 24 16 11 22 3 23 1 14 0 1 24 17 21 24 32 53 7 85 156 180 21 30 30 1 29 22 23 3 5 3 2 0 3 4 7 46 1867 1564 1917 5 3 14 19 147 9735 64 112 22 13 7 44 27 9 6 2 0 122 218 89 14 0 17 17 8 44 280 35 4 7 21 13 201 13 3 9 3 96 25 42 20 28 8 5 169 682 207 597 7275 129 1860 5834 16 16 4 13 3 0 0 0 0 0 0 0 0 0 0 1 1 0 0 1 0 0 3 1 1 2 3 2 1 1 0 1 0 1 1 0 0 0 1 0 3 0 0 5 3 0 3 0 2 1 7 5 0 6 8 2 25 78 0 0 30 4 0 1 17 0 1 0 1 2 1 2 7 12 7 0 0 3 0 26 17 9 19 100 16 0 5 2 1 27 3 10 33 67 0 1 72 20 0 0 0 0 0 0 1
36 4 12 2 3 5 7 7 203 30 2 1 25 1 3 3 7 5 49 7 0 11 5 7 6 3 4 3 3 4 7 0 15 3 0 0 0 22 1 4 69 24 45 973 2703 11 2 302 64 10345 262 1611 30 3 21 11 0 0 0 0 14 532 97 14 0 1263 1 4 53 99 157 223 344 1328 4 131 2311 504 1426 1763 805 10856 31 5 5 0 2 3774 1690 5745 1294 224 38 40 130 7 1267 148 4 2 1 1 1 0 0 3 0 4 5 0 1 0 3 3 3 2 1 5 0 14 5 17 2 6 4 2 16 7 2 9 4 8 3 2 1 3 1 0 7 8 4 9 5 10 12 122 77 5 27 61 9 243 935 4 12 357 82 8 42 184 4 15 1 2 2 0 8 105 159 78 9 12 7 7 580 114 71 274 1237 142 4 19 10 4 328 30 66 2160 491 2 6 1022 227 2 37 1 6 2 0 0
251 46 156 26 28 39 58 68 23 78 4 32 1 8 4 4 7 4 5 7 7 19 23 22 15 10 2 2 29 51 56 7 26 10 0 0 8 5 1 8 428 40 80 33 14 2 4 34 112 262 9293 14080 20 7 540 166 7 8 1 0 20 46 24 4 2 125 4 12 33 310 35 22 27 319 51 34 164 24 71 1793 1682 503 478 11 21 5 14 370 165 59 95 4873 6423 667 176 55 150 23 5 5 1 0 3 0 0 3 0 1 0 0 3 3 0 0 1 0 1 0 0 0 1 2 0 1 6 0 0 1 0 0 0 0 1 6 1 15 0 0 10 6 0 2 1 10 3 4 3 0 1 1 2 229 67 2 2 16 784 40 506 778 14 1 0 0 1 0 0 3 5 4 2 0 1 0 7 4 340 309 26 4 6 6 3 2 6 8 107 16 314 1 6 67 90 1 8 0 2 1 0 0
663 92 440 74 78 89 161 229 112 246 12 84 6 9 4 2 1 3 6 4 2 34 5 12 30 2 7 7 97 135 132 9 70 39 0 2 20 12 9 12 458 11 21 199 86 5 4 112 22 1611 14080 28730 80 21 1210 278 13 26 0 1 30 116 27 17 9 655 8 38 85 422 217 86 103 1280 148 45 797 142 299 19663 4024 2387 1466 18 77 9 42 1472 618 201 74 1685 3205 244 38 131 571 88 18 35 9 0 5 2 1 4 7 10 9 1 9 5 1 0 0 0 1 0 2 0 1 6 1 8 6 4 4 2 1 0 2 0 3 22 1 41 0 0 26 5 0 5 0 67 10 15 14 1 18 3 8 571 161 8 5 155 5077 301 3400 4453 132 2 0 1 6 0 0 5 15 36 9 0 15 3 26 5 1786 1213 205 8 11 38 31 5 9 78 682 61 1893 3 49 320 343 4 45 9 4 0 0 0
1797 179 853 202 379 292 1498 1035 210 912 56 340 2 70 11 27 8 22 23 11 24 141 27 143 417 20 145 75 3027 503 727 66 246 240 1 5 176 62 57 108 48 5 226 3 27 18 86 82 13 30 20 80 4345 4527 2001 7 262 60 30 9 50 192 304 305 95 4 1152 185 623 63 15 126 47 32 769 29 100 18 77 14 27 17 3268 1019 114 194 383 10 26 16 64 28 35 21 181 814 321 4154 231 301 1 0 9 5 0 15 0 1 13 4 27 25 3 0 1 0 0 2 0 4 5 4 3 10 8 0 2 1 1 0 0 0 6 25 3 32 0 0 29 10 2 6 6 2 7 0 4 0 7 13 10 1 3 0 0 3 3 0 1 3 0 2 0 1 6 1 1 3 1 2 5 0 28 4 2 5 1 0 15 3 28 36 9 6 1 30 0 0 1 1 1 5 0 5 17 7 6 1 0 0
969 130 586 180 296 321 839 478 63 361 21 233 1 82 10 25 3 17 17 4 14 168 35 204 523 18 195 106 6272 449 721 47 201 211 6 4 166 58 41 123 65 6 292 3 4 26 91 88 7 3 7 21 4527 4943 77 0 358 51 23 5 40 216 461 426 106 0 2291 200 580 80 20 65 43 6 755 32 27 1 26 3 18 7 690 3652 32 287 569 2 24 3 53 23 12 20 260 783 67 1762 298 322 0 0 4 0 2 8 2 2 0 1 7 6 1 1 2 2 0 2 2 7 4 9 3 2 4 2 2 0 0 1 0 0 0 13 1 27 0 0 12 8 3 2 2 1 0 2 3 0 0 12 7 0 1 0 0 5 1 0 0 2 1 1 0 0 9 0 3 9 2 0 3 0 9 2 6 9 0 2 18 1 12 12 4 4 6 11 1 0 1 2 0 1 3 3 4 5 5 1 0 0
101 15 83 11 20 12 33 39 16 61 5 23 0 2 2 3 0 3 1 1 0 3 9 23 4 3 4 0 40 13 24 2 8 5 0 0 3 1 1 1 865 46 39 1 1 4 2 10 44 21 540 1210 2001 77 21271 230 3 2 0 0 30 7 6 3 0 12 2 5 11 30 1 10 4 16 20 13 13 4 10 150 151 40 6399 9 14 0 2 21 33 9 57 377 164 23 20 20 32 252 3 3 0 0 1 1 0 0 0 0 2 0 1 1 0 0 2 0 0 0 0 1 0 0 0 2 3 1 0 0 0 1 0 0 1 3 0 3 0 0 3 3 0 0 0 1 1 1 0 0 3 3 0 3 6 0 0 1 45 4 17 15 6 0 0 0 3 0 1 0 0 0 1 0 2 0 1 1 4 4 4 1 2 4 0 0 2 1 7 1 14 0 0 7 1 0 3 0 0 0 0 0
260 82 369 83 62 114 23 52 14 86 3 87 0 3 2 3 2 7 4 2 447 45 18 19 12 4 6 3 13 61 96 9 57 8 0 1 11 6 2 14 1242 29 29 1 1 10 6 9 27 11 166 278 7 0 230 1719 7 24 0 1 15 18 20 6 4 4 5 11 28 25 0 10 13 12 80 15 4 0 4 29 48 12 3050 6 1223 13 14 12 25 6 51 195 70 17 28 105 14 5 14 14 0 0 0 1 1 0 0 3 1 1 8 6 1 1 0 0 1 0 1 0 0 1 2 6 8 0 2 0 0 0 0 0 1 17 3 30 0 0 14 4 0 3 0 2 2 1 0 0 1 4 2 2 3 0 0 2 8 4 5 3 1 1 0 0 3 0 0 3 0 0 2 0 6 1 4 4 4 6 2 1 17 24 1 3 1 8 2 0 6 0 0 4 0 1 0 0 3 1 0 0
141 7 33 26 290 40 57 4 1 5 1 32 0 191 24 31 11 30 19 2 9 34 7 92 869 2 256 366 6988 7127 7528 18 149 275 7 11 261 89 95 17 51 5 112 3 0 49 87 196 9 0 7 13 262 358 3 7 12982 63 87 4 66 146 284 556 328 4 4236 850 1472 38 9 44 29 5 2682 43 0 0 10 1 17 0 231 266 76 488 2342 2 11 1 78 19 15 4 87 1881 14 22 2760 4134 0 0 0 0 0 0 0 0 0 0 3 2 1 3 3 0 1 5 1 15 3 19 5 4 0 1 1 1 0 3 1 0 0 3 0 3 0 0 13 5 7 1 4 0 1 2 1 0 3 19 1 1 3 0 0 1 0 0 0 1 0 0 0 0 1 2 7 9 4 1 1 0 0 2 8 19 1 2 24 0 2 1 2 1 3 2 0 1 0 0 0 5 1 0 0 0 1 0 0 0
73 3 7 5 52 54 16 2 8 5 3 29 1 405 24 115 33 87 58 31 82 179 17 11 75 4 18 113 256 83 69 835 2166 8286 6 67 1783 439 95 20 148 1 9 3 0 56 43 20 6 0 8 26 60 51 2 24 63 5174 552 4531 54 6 8 31 59 2 69 1100 233 4 5 377 268 15 10669 12 4 0 100 3 10 0 163 94 169 47 83 3 7 0 22 24 12 6 7 1029 32 17 46 84 1 3 8 4 1 16 1 1 7 2 20 24 1 1 0 1 4 3 5 5 5 9 1 12 20 2 3 1 0 0 4 0 8 68 12 142 0 0 90 63 1 7 5 1 21 0 2 0 17 12 12 0 1 0 0 1 1 1 0 1 2 4 1 3 24 2 0 1 0 1 18 0 35 11 3 3 0 1 7 0 40 60 8 6 1 46 0 1 1 3 6 3 2 10 14 4 14 0 0 1
41 3 1 0 11 3 18 1 0 1 0 3 0 1491 55 24 11 32 17 9 22 51 35 539 4 37 798 340 252 46 30 2 28 1705 1063 4697 1521 104 24 120 44 8 250 4 0 11 1801 17 2 0 1 0 30 23 0 0 87 552 3603 1369 27 7 76 283 149 1 48 2445 344 2 2 3 29 11 569 5 0 0 1 0 3 0 37 15 19 12 6 1 1 0 38 5 3 2 59 16 1 5 19 19 1 0 0 0 0 0 0 0 0 0 1 1 63 10 8 41 10 27 64 16 57 119 121 10 8 7 6 7 5 12 0 1 4 3 0 9 13 7 36 93 7 55 2 0 2 0 2 0 37 12 23 0 2 0 0 0 0 0 0 0 1 1 0 0 0 41 2 7 1 0 3 1 5 3 0 8 0 0 7 3 3 6 6 1 1 7 0 0 1 1 1 1 2 3 2 0 3 0 0 0
13 0 0 0 4 1 5 1 0 0 0 1 0 33 1 5 3 4 0 1 0 2 1 3 0 0 1 5 37 21 6 56 117 4730 2 303 770 27 4 3 4 0 1 0 0 0 100 1 0 0 0 1 9 5 0 1 4 4531 1369 2906 4 0 0 4 3 0 9 1408 7 0 0 8 24 1 2551 0 0 0 1 0 0 0 11 2 2 1 1 0 0 0 1 1 0 0 0 26 0 1 4 11 0 0 0 0 1 0 0 0 0 0 0 0 0 1 0 0 0 0 1 0 0 1 0 0 1 0 0 0 0 1 0 0 0 0 0 2 0 0 2 2 0 1 1 0 1 1 0 0 0 0 0 0 0 0 0 1 0 0 0 0 0 0 0 0 1 1 1 0 0 0 0 0 1 0 0 0 0 0 1 0 0 2 0 0 0 0 0 0 0 0 0 0 0 0 0 0 0 0 0 0
69 4 13 6 24 10 40 4 0 7 0 9 1 99 651 263 46 3562 41 86 6 51 34 1169 21 10 252 372 330 113 41 10 17 16 21 4 18 15 10907 75 909 355 3709 2 6 413 64 683 122 14 20 30 50 40 30 15 66 54 27 4 5987 223 406 2936 1883 23 69 105 4566 98 166 7 10 7 191 3778 4 0 8 1 307 4 77 37 32 10 8 35 296 38 2078 317 29 57 303 51 5 15 27 17 4 3 1 1 2 3 0 1 2 0 0 2 9 9 134 4 2 15 8 73 15 33 12 7 3 5 9 74 1 21 13 14 6 5 9 15 3 0 45 18 45 27 113 9 8 233 308 7 44 1116 23 11 36 1 1 47 3 0 1 9 1 18 2 8 9 3 260 578 46 61 15 23 20 20 131 871 4 14 660 107 1 9 9 10 143 7 6 15 25 9 4 74 46 8 1 1 3 6 5 4
71 4 29 9 33 11 35 11 7 13 1 5 0 14 60 33 27 79 37 48 67 592 139 50 230 56 39 13 1009 81 26 3 20 9 9 0 7 9 80 224 254 77 182 9 43 39 61 12875 218 532 46 116 192 216 7 18 146 6 7 0 223 22229 12499 414 17 14 465 32 1176 10807 3185 14 12 23 26 786 17 3 12 23 1346 177 245 269 184 177 34 858 1628 594 957 444 131 1422 4228 23 31 9 178 5 11 0 3 1 0 2 3 10 7 1 1 1 4 1 7 5 2 6 6 14 12 28 0 5 10 5 18 8 5 7 4 6 1 3 0 6 4 0 7 2 4 20 5 23 24 98 75 4 31 45 11 1357 2990 15 14 734 69 17 121 384 10 11 0 1 1 3 4 113 366 39 21 21 6 2 998 116 95 937 1339 118 2 11 25 8 354 56 313 348 2431 1 9 2174 545 2 70 7 3 6 1 3
52 5 12 1 12 10 25 6 5 7 1 10 2 31 57 29 8 271 31 25 82 1067 190 104 510 133 167 41 1457 70 45 6 42 16 52 4 11 20 47 737 160 23 612 8 17 175 347 2658 89 97 24 27 304 461 6 20 284 8 76 0 406 12499 23184 4742 594 18 1096 190 4258 940 291 34 31 9 49 976 7 1 12 3 112 6 382 565 302 366 86 32 552 183 2161 186 41 218 2041 26 22 15 514 15 0 1 1 0 1 0 0 1 0 0 1 1 1 1 5 0 1 15 2 30 5 20 5 2 4 1 1 4 2 3 6 4 1 1 0 1 0 0 8 8 13 7 6 5 5 64 68 1 19 138 6 63 231 1 9 142 4 2 2 20 1 10 2 5 0 1 21 122 62 30 7 8 7 1 321 222 15 86 796 117 1 10 5 3 176 11 11 58 93 2 2 284 105 2 14 1 3 3 2 1
57 5 9 4 19 8 43 4 2 11 0 8 4 84 195 75 11 896 123 15 33 522 50 277 430 41 1763 946 1608 73 67 15 70 46 163 17 15 24 651 558 95 12 4574 11 17 1002 860 268 14 14 4 17 305 426 3 6 556 31 283 4 2936 414 4742 5109 8641 53 1763 613 4930 73 23 40 38 12 121 469 10 0 15 3 22 2 336 532 206 471 87 6 47 14 4592 32 21 26 1455 45 28 15 691 40 0 1 0 0 1 2 0 1 0 0 0 0 8 9 47 7 4 17 4 141 6 67 7 3 2 1 3 25 0 20 12 4 3 3 1 14 2 0 16 15 58 10 53 9 6 109 127 1 18 702 14 11 22 0 1 10 0 0 1 3 0 5 0 3 0 4 181 221 15 82 17 6 15 7 59 449 0 1 588 87 3 14 5 1 63 4 0 9 2 2 1 23 20 6 1 1 3 0 2 1
55 1 4 2 30 2 30 0 0 1 1 2 1 297 769 155 3 746 71 4 6 34 4 73 44 0 944 1652 870 117 85 6 12 17 87 18 7 7 2241 33 33 3 179 4 4 1029 178 89 0 0 2 9 95 106 0 4 328 59 149 3 1883 17 594 8641 7884 32 386 422 10489 5 3 8 7 3 192 54 2 0 2 2 9 0 120 64 28 65 29 1 11 4 756 11 2 3 8 22 3 13 105 23 0 0 0 0 0 1 0 0 0 0 0 0 5 16 105 1 0 15 5 258 9 83 13 0 1 3 0 80 3 40 1 3 1 3 0 1 0 0 15 10 143 8 148 6 3 50 47 2 19 889 13 0 2 0 0 0 1 0 0 0 0 2 0 2 2 1 178 150 18 35 3 5 10 1 5 308 0 2 130 15 0 1 8 3 9 2 0 1 2 0 2 4 5 4 0 1 0 0 0 1
2 1 5 0 1 0 3 3 57 15 0 1 1108 0 1 5 6 48 221 3 2 5 1 37 3 1 18 28 3 2 3 1 5 1 1 0 3 57 9 2 25 9 54 762 2926 1390 4 35 17 1263 125 655 4 0 12 4 4 2 1 0 23 14 18 53 32 1383 3 1 20 9 9 84 226 530 4 37 1128 844 870 525 126 680 10 1 1 0 0 220 128 714 2386 47 5 1 22 4 348 44 1 3 0 0 0 1 2 2 0 0 0 0 2 0 5 17 297 0 0 14 6 134 15 164 3 2 0 3 1 75 0 47 5 3 6 2 0 3 0 0 30 20 53 5 94 7 3 118 223 23 56 757 9 12 47 0 2 16 22 2 4 21 4 2 0 1 2 1 49 180 22 1912 5 8 3 4 50 120 8 15 422 44 0 6 52 3 32 2 5 28 24 2 3 37 23 6 1 0 2 1 1 1
171 58 168 107 242 242 49 26 11 32 10 178 0 105 11 31 10 43 28 10 14 260 70 608 1284 24 928 409 4628 340 2069 40 221 283 11 10 206 121 70 197 61 8 670 2 1 59 327 240 17 1 4 8 1152 2291 2 5 4236 69 48 9 69 465 1096 1763 386 3 21270 946 1763 138 22 83 77 19 1906 60 20 0 34 0 16 0 573 11075 192 3037 2856 7 24 9 174 27 5 30 519 1404 37 37 1288 1783 1 0 2 2 0 1 0 3 1 1 5 5 2 2 6 4 1 18 6 15 8 30 5 4 3 0 2 4 0 0 0 0 0 11 0 18 1 0 24 19 8 3 6 3 8 4 6 1 7 31 7 1 8 1 0 2 0 0 0 0 0 0 0 0 6 1 6 10 4 7 4 1 13 2 11 18 0 6 36 11 7 21 9 1 7 12 1 3 5 0 3 9 3 0 1 0 3 0 0 1
89 7 14 7 33 15 48 5 10 14 1 22 2 527 23 94 15 62 49 24 133 387 107 588 373 29 901 706 1210 145 190 69 506 3423 279 480 1636 484 150 363 216 7 402 14 2 76 2920 72 8 4 12 38 185 200 5 11 850 1100 2445 1408 105 32 190 613 422 1 946 4710 1017 8 2 142 391 37 1551 15 28 1 54 1 25 2 272 416 263 427 612 5 8 1 79 32 15 8 156 64 25 19 704 164 2 1 0 1 2 4 0 0 1 0 4 5 37 12 6 22 11 28 50 25 53 87 67 23 16 8 16 3 1 10 4 0 6 47 6 87 9 5 130 167 7 67 3 1 18 4 1 1 97 29 30 1 3 0 0 0 0 0 2 0 0 1 0 3 11 16 9 9 2 1 12 4 25 17 2 17 0 1 7 5 7 65 15 9 4 29 0 1 1 5 2 1 2 3 3 0 24 1 1 6
386 4 21 6 193 33 233 6 8 7 2 31 1 1169 2729 545 25 1379 23 26 44 254 28 119 269 24 623 1404 4973 713 429 28 98 48 331 62 28 22 5074 121 226 65 671 6 18 136 522 4780 44 53 33 85 623 580 11 28 1472 233 344 7 4566 1176 4258 4930 10489 20 1763 1017 7912 316 221 51 33 8 683 4395 9 0 12 3 341 5 698 408 281 319 106 39 268 63 2354 126 55 61 433 146 13 113 581 121 5 4 0 2 10 6 1 3 0 0 1 1 40 9 52 20 3 52 12 122 28 54 26 8 11 6 13 49 4 33 39 24 3 2 1 18 5 1 40 34 61 47 46 25 16 330 509 3 47 1279 24 25 79 1 3 130 4 5 2 10 3 38 2 27 7 9 324 778 97 139 38 54 37 23 468 1535 4 27 2446 526 7 11 5 13 369 16 1 91 21 10 9 199 162 20 14 2 17 7 6 5
121 19 91 16 25 19 31 32 10 43 2 19 0 8 45 28 30 35 26 57 33 274 107 49 66 31 24 9 349 44 37 2 19 6 4 0 4 13 20 87 215 48 208 4 6 10 17 1092 280 99 310 422 63 80 30 25 38 4 2 0 98 10807 940 73 5 9 138 8 316 4905 2189 6 6 24 29 280 13 2 19 125 1534 291 178 98 69 48 18 1057 568 176 367 830 1531 1729 2450 28 23 12 53 4 6 0 3 0 1 0 5 4 7 0 2 3 2 0 2 0 0 6 4 3 2 17 1 2 2 1 7 5 0 4 3 3 0 4 1 8 0 0 5 4 2 5 2 8 4 25 20 1 9 16 7 688 541 8 5 189 360 23 420 1189 13 4 0 1 2 0 2 34 43 12 5 5 3 2 147 26 503 883 269 21 3 9 15 0 58 26 376 63 1633 1 12 405 269 0 20 7 0 3 0 1
30 1 16 4 9 0 14 5 3 3 0 3 0 9 28 11 2 24 2 6 3 22 7 9 10 0 5 4 92 22 11 0 4 1 3 0 1 1 44 2 60 9 26 4 4 3 3 4907 35 157 35 217 15 20 1 0 9 5 2 0 166 3185 291 23 3 9 22 2 221 2189 10004 3 4 33 12 488 28 2 10 50 7775 270 35 16 5 4 3 3730 1822 221 308 170 113 315 240 12 24 5 6 0 3 2 6 0 0 0 1 6 10 1 2 0 2 1 1 0 0 3 0 0 2 4 2 1 5 6 12 1 4 1 1 2 1 1 0 1 0 0 2 1 0 10 1 9 7 28 27 2 17 13 7 1205 1053 13 8 242 200 17 278 1062 11 4 1 1 0 0 2 40 96 13 7 5 1 0 192 30 409 1185 371 18 2 5 17 0 54 20 453 106 2412 2 5 646 357 1 32 2 1 1 1 2
351 21 45 37 296 384 116 37 496 536 383 648 98 5 2 11 4 6 85 7 188 664 60 19 256 26 23 9 168 199 151 216 2358 367 0 1 38 137 2 101 156 1 35 86 328 47 74 13 4 223 22 86 126 65 10 10 44 377 3 8 7 14 34 40 8 84 83 142 51 6 3 2764 1522 951 837 4 3191 382 3392 49 32 142 138 121 290 97 198 51 21 91 108 17 5 3 14 982 6073 522 128 29 24 14 91 50 17 241 9 67 83 44 264 278 12 2 3 6 13 9 48 17 55 35 53 194 205 15 55 0 1 4 32 2 86 718 70 989 4 2 825 314 1 80 2 21 199 4 13 2 280 29 157 5 6 3 0 7 9 12 3 3 20 47 5 32 295 7 3 5 8 5 142 19 423 94 6 11 11 3 14 3 626 1045 166 91 4 684 4 5 16 51 54 4 5 136 145 43 218 20 3 33
