43424 9372 11847 7778 3775 3992 10322 10048 50 630 128 2408 2 32 32 13 2 30 6 10 311 221 26 8 66 7 10 67 6578 10194 603 99 13 11 6 5 25 32 49 6 950 5 21 3 0 1 14 32 20 12 109 257 1048 452 491 360 77 5 6 1 17 42 53 21 33 4 85 22 92 15 32 221 11 14 80 32 9 6 28 21 125 14 957 384 753 269 45 29 16 1 37 304 96 20 38 275 97 2184 128 15 19 3 25 13 8 55 0 7 0 9 6 93 0 0 0 0 1 0 0 2 0 1 0 0 0 0 1 0 0 1 15 0 23 66 1 8 0 0 5 1 1 0 0 1 12 0 4 0 0 3 0 1 0 1 0 1 2 0 2 1 0 1 0 8 0 0 3 0 1 2 1 0 0 0 2 1 0 3 12 1 111 11 2 0 0 23 4 0 8 1 6 3 0 0 38 7 1 1 0 1
9372 20307 3577 15430 2204 1798 33 114 8 14 12 608 0 0 0 0 1 1 0 0 81 24 4 1 18 1 0 4 335 2563 131 4 0 0 0 0 1 5 3 2 472 1 6 1 2 0 4 1 10 1 36 69 110 69 63 117 18 0 0 0 1 3 5 1 4 2 41 3 7 3 7 21 1 3 6 4 2 0 3 6 31 4 215 133 268 86 5 6 4 0 4 112 22 6 10 25 17 68 26 4 3 3 0 3 4 14 0 1 1 2 2 31 0 0 0 0 0 0 0 0 0 0 0 0 0 0 0 0 0 0 1 0 4 15 0 5 0 0 1 1 0 0 0 1 4 0 0 0 0 0 0 0 0 0 0 0 0 0 0 1 0 1 0 1 1 0 0 0 0 1 0 0 0 0 0 0 0 0 3 1 28 1 0 0 0 6 0 1 1 0 2 0 0 1 12 0 0 0 0 0
11847 3577 30964 5897 206 9229 578 10625 40 5891 54 20270 0 3 4 4 0 7 3 0 225 56 7 3 47 2 5 5 926 303 43 3 4 1 2 0 5 4 11 3 1179 10 10 0 7 0 12 5 34 11 144 351 606 327 377 486 45 2 0 0 5 10 8 11 7 7 99 7 14 19 23 20 0 15 14 10 4 1 5 32 171 13 1074 480 948 326 19 35 12 3 40 446 156 32 43 42 58 436 94 11 9 2 381 6 7 41 0 3 107 14 5 66 0 0 0 0 1 0 0 0 0 1 0 2 0 0 0 0 0 0 10 0 13 33 0 5 0 0 3 1 0 0 0 0 5 0 2 0 1 0 0 2 1 0 0 1 4 0 1 2 0 3 0 7 0 0 1 0 0 0 2 1 0 0 0 0 0 0 2 0 72 4 2 1 2 22 3 0 3 0 1 0 0 0 22 4 1 1 0 1
7778 15430 5897 20538 8744 8988 71 231 32 62 275 3725 0 11 12 17 6 19 13 11 232 171 17 4 42 1 7 41 250 2324 581 187 17 6 2 2 20 25 29 2 572 3 27 1 3 2 4 23 11 6 13 32 73 38 42 85 38 3 0 4 6 18 46 2 22 2 25 7 64 5 9 362 22 15 31 14 28 0 36 6 25 0 137 91 305 142 12 9 0 0 13 53 15 5 12 128 118 88 68 1 16 6 8 18 29 80 1 5 3 21 4 122 0 1 0 0 0 0 0 4 2 1 0 1 1 0 0 0 0 0 14 0 28 51 0 11 0 0 8 5 2 0 3 1 17 0 1 0 3 3 0 0 0 0 0 1 2 1 0 0 1 5 0 10 0 0 2 1 0 1 3 1 0 0 2 1 0 0 13 2 125 14 2 0 0 33 2 2 1 1 3 0 0 0 52 12 3 3 0 0
3775 2204 206 8744 9115 3372 350 240 27 75 152 1849 0 41 59 68 12 81 26 13 339 257 32 14 77 2 22 100 2644 8451 8286 171 51 62 13 18 62 84 98 7 675 15 37 2 5 5 22 53 18 2 43 111 352 246 161 197 2086 18 15 13 40 72 84 24 71 1 225 55 198 9 44 323 27 11 250 53 13 0 41 10 66 2 469 265 518 224 83 14 2 3 23 129 39 15 41 1362 95 368 136 179 7 3 5 6 10 36 1 2 1 12 7 67 0 2 5 0 0 0 0 5 1 1 0 4 1 0 0 0 0 3 15 0 13 42 0 6 0 0 6 7 2 0 3 1 9 2 1 0 4 11 0 0 0 0 0 1 0 0 2 2 2 5 0 9 1 0 1 6 1 3 2 1 0 0 3 7 0 0 13 0 82 13 1 0 3 20 3 0 3 0 4 3 0 2 28 5 2 1 1 0
3992 1798 9229 8988 3372 11253 185 341 133 322 1150 15012 4 34 70 190 58 358 166 119 538 650 118 42 139 4 29 119 419 1487 456 4422 768 345 15 14 204 630 215 5 882 35 108 6 9 30 16 155 29 12 15 58 119 59 72 131 114 168 18 19 158 149 173 38 86 7 50 40 408 14 101 2564 445 41 218 135 52 2 272 2 48 3 226 157 493 262 32 10 19 5 118 90 36 5 97 1413 396 227 188 12 54 21 31 50 47 235 4 17 4 69 33 378 0 4 16 3 2 1 2 40 12 15 6 10 0 1 2 1 0 12 64 0 85 173 3 44 0 0 45 17 13 1 10 4 33 3 12 1 13 34 1 1 3 5 0 5 1 0 0 0 6 11 2 40 7 0 7 10 2 3 7 1 0 0 8 13 1 0 59 11 426 51 12 0 7 97 4 4 4 1 18 4 4 1 206 19 9 3 0 1
10322 33 578 71 350 185 12965 7906 1607 1954 144 759 8 6 4 2 1 8 5 2 65 60 13 4 21 1 3 5 3192 694 72 16 23 5 4 2 4 12 4 6 127 7 11 4 57 1 6 4 8 60 67 132 1448 354 549 85 22 0 3 0 2 7 15 5 10 13 24 9 18 7 10 205 30 59 19 6 74 88 76 35 65 49 770 238 221 44 10 54 12 20 14 85 59 5 13 71 752 10347 40 4 3 1 5 1 2 15 0 2 0 2 1 16 0 0 0 0 1 0 0 0 1 2 0 1 0 0 0 0 0 0 6 0 4 10 0 7 0 0 9 8 0 1 1 0 1 0 2 0 1 1 0 0 0 0 0 0 2 0 6 2 1 1 0 3 0 0 0 0 0 0 1 0 0 0 2 2 0 0 5 0 21 9 1 0 0 7 1 0 3 1 0 3 1 0 6 0 2 0 1 0
10048 114 10625 231 240 341 7906 29077 1355 21739 1048 3464 1 2 4 1 1 3 5 0 63 47 7 2 22 0 2 8 377 473 21 8 11 0 1 0 0 6 8 3 286 6 10 0 9 2 7 3 11 19 99 183 639 182 313 184 22 0 1 0 0 6 16 1 8 7 29 5 11 13 16 115 8 17 11 10 24 9 26 12 90 14 735 183 358 75 10 21 16 2 10 184 59 13 13 51 495 1980 37 2 6 2 36 3 3 27 0 5 1 12 7 47 0 0 0 0 0 1 0 0 3 0 0 3 0 0 0 0 0 1 10 0 5 14 0 3 0 0 2 0 0 0 0 1 3 0 1 0 0 1 0 1 1 0 0 0 2 0 1 2 0 1 2 1 0 0 1 0 1 1 0 1 0 0 0 0 0 0 2 0 38 4 1 0 1 8 0 0 5 0 0 2 0 0 31 5 1 0 0 0
50 8 40 32 27 133 1607 1355 1255 1397 270 724 18 1 0 1 0 5 12 3 65 97 13 1 23 0 0 0 17 29 3 28 85 12 0 0 4 27 3 0 58 0 3 4 102 4 0 3 0 95 8 38 78 5 14 9 0 6 0 0 7 4 4 2 1 37 1 0 2 0 8 702 79 121 6 3 172 161 149 34 18 126 19 11 25 13 1 80 23 25 17 4 1 1 11 12 2799 2626 15 0 1 0 7 2 1 10 0 3 2 10 3 45 0 0 2 1 2 2 1 3 7 5 1 0 0 0 0 0 0 0 2 0 7 30 1 17 0 0 27 8 1 0 0 0 7 0 1 0 2 1 0 0 0 0 0 2 2 0 2 0 1 3 0 1 1 0 0 1 2 0 1 1 0 0 0 0 0 0 3 2 35 21 6 0 0 22 0 2 2 1 4 2 3 0 30 2 2 0 2 0
630 14 5891 62 75 322 1954 21739 1397 27087 10557 26361 12 1 1 5 3 15 28 3 62 71 7 1 17 2 1 0 129 57 11 28 62 3 1 0 3 33 4 3 186 2 11 10 23 11 6 6 7 26 35 99 325 80 176 95 9 2 0 2 12 8 15 6 1 12 13 0 8 5 10 2285 91 48 9 6 317 30 373 7 46 25 334 95 161 39 8 22 8 5 25 96 31 7 13 25 5376 1337 23 1 30 13 65 30 12 207 9 25 24 86 38 368 0 1 1 0 1 0 0 2 10 3 6 4 0 0 0 0 0 0 24 0 53 82 0 16 0 0 28 11 3 1 1 2 8 0 1 0 5 4 0 0 1 0 0 1 0 1 1 2 2 5 0 6 0 0 2 1 3 1 6 1 0 0 2 1 1 0 9 3 275 23 11 0 1 47 2 3 4 1 9 4 2 1 186 11 4 0 0 2
128 12 54 275 152 1150 144 1048 270 10557 4069 6837 12 0 0 7 1 23 10 3 43 53 12 5 12 0 0 3 16 46 18 177 36 7 0 0 3 44 2 0 70 1 7 13 15 5 1 15 4 6 6 10 15 11 15 11 1 4 0 0 9 12 11 1 3 5 3 0 15 1 9 1444 55 30 5 9 305 30 228 1 13 10 17 11 31 8 1 7 3 1 22 17 3 0 9 59 1436 235 14 2 22 7 20 19 15 106 3 24 3 47 16 174 0 0 0 1 1 1 1 2 9 4 4 1 2 0 1 0 0 0 13 0 45 53 1 7 0 0 20 5 0 0 1 0 3 0 3 1 6 2 0 0 0 0 0 0 1 0 0 0 2 6 1 11 1 0 2 1 0 4 3 1 0 0 2 4 0 1 5 1 199 21 10 0 1 28 4 0 2 1 5 1 0 1 113 10 3 4 0 1
2408 608 20270 3725 1849 15012 759 3464 724 26361 6837 41524 10 44 129 428 130 718 279 277 510 522 82 55 114 2 29 158 478 813 391 3458 4673 1986 20 40 591 1513 407 11 949 27 103 10 25 51 18 159 18 21 43 102 248 105 165 198 277 1980 31 106 262 183 221 49 143 12 91 90 544 13 122 3733 1537 82 2063 198 269 10 614 8 79 13 369 200 516 259 45 31 22 10 138 142 45 22 100 3182 2787 831 153 42 163 72 153 150 102 828 24 73 34 288 127 1556 0 10 19 0 2 5 5 46 19 15 8 23 5 0 1 2 0 9 141 0 284 475 6 81 1 0 79 33 19 1 18 5 86 5 19 2 22 33 2 3 6 4 0 10 5 3 0 0 13 25 7 89 9 0 27 9 7 10 16 8 0 0 15 17 0 0 57 15 1420 115 22 1 3 293 8 8 7 5 34 14 3 4 750 61 24 14 0 2
2 0 0 0 0 4 8 1 18 12 12 10 7739 0 3 11 3 5682 2016 17 4 6 4 9 0 0 14 16 2 1 0 3 19 0 1 0 4 169 9 0 19 1 24 5837 1665 5823 0 8 7 86 1 5 0 0 0 2 0 1 1 0 89 8 20 6 7 1180 0 0 12 2 8 134 186 1372 2 10 1021 272 774 8 15 30 0 2 0 1 0 34 31 24 309 7 0 1 29 4 204 16 0 0 1 0 0 1 15 4 0 0 0 1 0 3 7 92 1017 11 1 101 3 1586 26 833 21 1 0 8 2 25 1 149 1 0 17 15 1 12 19 1 80 31 228 7 206 0 5 26 108 53 164 1087 0 1 6 0 0 3 0 0 0 2 0 0 0 2 6 0 86 88 18 285 1 1 1 1 15 51 1 3 197 13 11 49 67 1 11 36 0 9 3 0 2 19 15 10 13 1 1 0 0 0
32 0 3 11 41 34 6 2 1 1 0 44 0 10529 7644 335 517 233 6 95 26 6 163 322 32 12 1559 1142 361 69 102 0 11 26 7087 4573 498 31 201 2988 836 49 186 0 1 6 783 10 37 2 6 12 33 59 14 17 287 369 2190 197 17 78 69 105 125 0 136 856 87 13 8 4 3 12 335 16 2 0 0 0 7 2 59 52 43 28 31 5 5 1 16 56 10 45 109 132 3 15 32 85 0 0 0 0 0 1 0 0 0 0 0 0 1 0 5 4 2 5 0 19 15 109 40 0 0 0 0 1 0 0 0 0 0 6 0 2 0 1 20 6 0 1 0 0 1 2 1 0 31 11 0 1 2 0 0 1 0 1 0 2 0 0 0 0 0 0 4 1 1 0 0 0 0 0 2 0 0 0 8 1 2 11 3 0 4 1 1 0 3 0 0 1 1 0 0 0 0 0 0 1
32 0 4 12 59 70 4 4 0 1 0 129 3 7644 21802 5966 1020 4002 29 533 27 48 379 246 26 28 1341 3611 271 66 44 14 60 51 2280 1534 2501 137 657 841 1678 114 240 1 3 5 271 26 87 10 5 7 37 38 14 21 225 236 464 63 52 273 158 125 314 3 91 435 314 88 32 10 9 14 338 62 7 0 5 0 40 3 35 38 36 16 16 10 13 4 56 201 26 104 368 156 5 13 25 44 0 0 0 0 0 0 0 0 0 0 0 1 1 3 2 9 3 6 5 32 50 88 50 3 4 2 1 0 0 3 0 1 3 4 0 11 0 0 74 41 5 3 0 0 1 2 2 0 68 10 1 4 4 1 0 1 0 0 0 3 0 0 0 1 2 0 4 3 6 0 0 3 0 0 3 2 1 2 23 1 3 22 1 1 6 15 1 3 4 0 0 11 5 0 2 0 1 0 1 2
13 0 4 17 68 190 2 1 1 5 7 428 11 335 5966 16009 330 8570 2925 1183 19 30 243 76 16 8 503 4925 83 50 24 75 167 54 75 81 725 251 1141 58 585 96 78 22 6 11 40 9 37 5 7 5 19 8 8 6 68 342 89 51 56 111 40 33 52 2 17 206 111 42 18 67 81 23 627 21 4 1 20 0 16 3 2 8 12 11 12 6 4 0 24 88 8 38 115 435 9 13 14 12 1 0 1 0 3 3 1 1 0 1 1 2 9 31 66 20 10 103 14 295 36 442 40 0 0 0 1 1 0 39 0 0 4 20 5 37 3 0 113 52 38 4 20 0 3 2 1 2 106 35 4 0 0 0 0 2 0 0 0 0 0 0 0 0 1 2 2 8 2 1 4 0 0 0 2 4 1 1 12 1 11 49 22 1 3 28 1 0 7 1 1 6 3 2 4 0 1 1 0 3
2 1 0 6 12 58 1 1 0 3 1 130 3 517 1020 330 1052 53 336 1975 15 39 73 18 24 8 14 30 16 6 4 30 83 44 37 594 2487 1548 12 191 321 12 7 10 1 1 23 0 8 2 0 0 2 0 1 2 9 42 27 8 6 4 5 3 3 0 3 17 6 7 3 35 34 8 68 1 2 0 8 0 2 0 3 3 3 4 0 3 1 0 3 5 2 7 16 77 3 1 5 2 0 0 0 1 2 2 0 0 0 1 0 1 7 1 3 12 18 7 34 10 125 59 68 5 7 2 7 0 0 2 1 0 4 26 1 29 2 0 224 110 0 8 0 0 7 5 0 2 130 3 10 0 0 1 0 0 0 1 0 0 0 1 0 0 0 1 0 0 0 0 7 6 0 2 0 1 0 0 3 1 12 56 18 12 0 25 0 2 0 4 5 1 0 0 1 1 7 4 4 11
30 1 7 19 81 358 8 3 5 15 23 718 5682 233 4002 8570 53 15856 5043 783 31 60 263 881 29 15 2202 892 75 47 30 147 379 96 154 22 465 1147 3672 133 648 167 583 883 21 3672 60 52 64 16 5 4 10 18 5 8 80 362 51 34 4791 109 116 384 162 20 32 177 203 17 32 253 428 205 712 91 45 40 208 3 16 2 15 12 17 20 12 10 16 5 137 99 6 29 134 612 38 24 30 9 3 8 0 1 31 17 0 4 1 13 1 17 48 707 2050 91 19 840 23 3834 192 3528 148 13 4 6 8 57 5 976 10 6 61 103 17 115 177 9 365 186 969 35 777 0 26 51 85 129 745 1291 6 16 22 1 2 4 0 0 0 2 0 1 0 1 35 8 45 236 32 90 7 5 5 5 8 61 2 6 79 6 58 250 82 7 9 162 3 1 7 6 2 13 12 58 27 6 11 1 3 13
6 0 3 13 26 166 5 5 12 28 10 279 2016 6 29 2925 336 5043 41616 9081 46 111 56 30 49 11 110 25 7 5 1 85 369 44 10 2 718 7152 36 175 151 8 50 8865 154 1097 17 14 13 61 3 10 2 2 1 2 4 28 2 3 168 22 33 20 5 64 2 9 18 6 17 376 960 2349 70 11 162 134 616 10 19 41 3 12 19 21 2 51 19 10 226 15 2 4 40 134 83 9 16 1 4 2 1 4 20 21 1 1 1 13 4 31 196 210 784 261 130 926 173 2386 1140 5645 916 46 31 14 57 11 3 212 5 1 27 219 25 233 50 10 1897 776 225 83 90 4 40 25 61 43 1951 408 48 9 18 0 3 7 0 3 0 0 9 7 0 5 18 7 25 62 15 41 36 17 4 3 10 26 2 1 121 26 163 748 441 33 13 352 2 14 7 21 20 25 34 13 48 4 30 13 15 55
10 0 0 11 13 119 2 0 3 3 3 277 17 95 533 1183 1975 783 9081 6809 18 50 98 24 39 16 13 6 7 9 9 75 147 54 13 104 1695 2930 11 310 384 14 30 398 8 39 26 3 7 4 0 0 1 2 1 3 4 72 5 10 19 23 10 5 5 2 3 24 6 12 2 80 128 109 147 2 13 1 46 0 3 0 2 0 9 5 2 1 0 1 21 24 2 10 30 178 13 9 5 2 2 1 0 0 1 6 0 0 1 6 1 9 56 14 30 101 24 28 76 57 431 540 265 19 17 8 24 0 1 9 2 4 10 60 9 69 0 3 550 183 5 38 5 2 14 5 4 4 445 33 13 4 1 0 0 1 1 1 0 0 3 4 1 1 1 3 4 4 1 2 18 10 0 2 0 3 1 1 8 1 26 181 74 20 1 77 0 3 1 6 6 7 2 1 7 2 11 9 0 22
311 81 225 232 339 538 65 63 65 62 43 510 4 26 27 19 15 31 46 18 8737 6342 1766 50 1494 40 38 38 211 289 115 31 58 86 10 4 81 213 18 167 1218 29 86 11 10 2 63 6 26 15 5 22 42 31 38 1254 136 63 7 13 12 57 66 32 21 3 59 39 34 25 15 71 51 75 138 10 91 9 24 4 12 13 424 71 5043 1356 93 23 5 5 27 102 11 33 129 271 256 95 1330 62 9 5 3 4 7 24 1 3 1 7 2 34 0 1 0 2 6 3 6 5 20 4 5 13 3 0 3 0 0 1 10 0 12 83 2 74 0 0 101 43 1 2 0 0 23 0 2 1 25 3 1 0 1 1 0 3 0 2 1 0 3 5 1 6 5 1 2 4 2 0 9 2 0 0 1 2 0 0 5 0 74 78 10 0 1 49 2 0 0 9 8 2 1 1 27 4 13 2 1 1
221 24 56 171 257 650 60 47 97 71 53 522 6 6 48 30 39 60 111 50 6342 22656 3915 279 8748 984 120 9 245 190 44 45 120 134 60 3 110 434 20 2613 986 140 613 20 28 6 328 5 117 35 18 18 48 40 26 148 127 95 4 11 29 257 259 103 14 6 72 51 40 67 25 106 77 135 150 24 167 23 35 9 42 14 155 132 3211 1302 99 30 16 14 97 239 32 129 600 274 375 129 3011 56 8 6 0 2 6 29 0 8 0 11 2 30 0 0 1 5 14 5 16 4 56 17 16 12 9 2 1 0 0 1 20 0 19 99 7 111 0 0 179 109 2 2 1 1 25 1 2 0 44 6 5 3 5 2 2 2 1 0 0 4 6 7 0 10 6 0 3 4 2 1 8 5 0 0 4 1 3 2 19 4 78 100 12 0 11 75 2 5 10 0 6 20 4 4 34 5 5 3 0 3
26 4 7 17 32 118 13 7 13 7 12 82 4 163 379 243 73 263 56 98 1766 3915 10256 3485 807 4435 564 59 89 30 7 15 89 174 143 53 344 419 128 2570 6253 1341 672 10 17 9 270 14 306 24 13 7 28 51 7 37 81 79 36 29 58 158 99 38 10 2 87 60 12 40 23 27 56 27 93 30 55 7 15 2 29 9 63 80 162 135 26 28 22 16 118 440 23 150 495 75 76 12 230 10 1 1 2 1 0 3 0 0 0 0 0 4 0 0 2 1 2 1 2 4 20 3 5 1 2 0 1 0 0 0 2 0 3 22 1 17 0 0 31 25 2 0 0 0 4 2 4 2 19 1 1 4 9 0 0 4 0 0 0 3 0 2 0 1 1 0 1 2 6 0 1 3 0 0 5 2 0 2 13 6 13 22 6 2 2 16 0 5 13 2 1 14 5 0 5 0 3 1 1 1
8 1 3 4 14 42 4 2 1 1 5 55 9 322 246 76 18 881 30 24 50 279 3485 11349 544 5317 6574 843 164 17 17 7 8 8 1207 52 56 7 510 4401 1439 6533 2535 3 18 374 989 3 341 19 6 8 36 88 14 21 195 24 88 7 1233 69 54 282 89 8 237 99 61 29 6 14 7 5 39 44 6 0 4 0 13 4 93 140 95 141 50 18 24 2 221 262 14 85 410 58 10 4 211 22 0 0 0 0 0 1 0 0 0 0 0 0 0 4 26 0 0 5 3 75 6 24 4 0 0 0 1 2 0 5 0 1 2 2 1 4 0 0 15 8 22 0 28 1 0 4 7 0 13 62 0 5 5 0 0 2 0 0 0 1 0 0 0 0 0 0 15 7 5 1 0 0 0 0 2 10 1 5 51 5 0 5 2 0 3 4 1 5 11 1 0 8 1 3 0 0 1 0 0 0
66 18 47 42 77 139 21 22 23 17 12 114 0 32 26 16 24 29 49 39 1494 8748 807 544 6530 219 213 61 267 79 107 9 18 14 85 15 62 99 25 3358 743 109 835 5 12 5 2984 8 62 16 18 31 147 244 56 263 707 17 31 4 15 212 412 343 41 1 644 155 76 55 15 21 22 35 60 31 40 4 17 3 22 4 447 697 2120 2649 2359 11 12 4 88 139 27 87 507 100 78 35 9575 220 2 2 2 2 2 4 0 2 0 0 0 6 0 0 2 1 6 1 7 6 43 23 23 2 2 1 1 0 0 0 0 0 6 24 0 30 0 1 74 41 2 1 0 1 2 1 4 0 35 6 0 1 7 0 0 3 0 0 0 0 0 1 0 1 1 0 0 3 2 5 0 0 0 0 4 2 0 1 11 2 13 33 15 1 9 18 1 4 4 1 3 14 7 0 6 0 0 1 1 3
7 1 2 1 2 4 1 0 0 2 0 2 0 12 28 8 8 15 11 16 40 984 4435 5317 219 3269 188 8 11 0 0 1 0 0 176 2 6 3 14 3551 828 304 365 2 1 9 128 0 81 4 1 0 7 6 1 4 8 1 4 1 7 39 46 22 2 0 19 5 1 13 3 1 0 3 1 5 3 1 0 0 7 1 12 14 21 31 5 5 2 0 24 70 4 26 174 2 4 0 32 2 0 0 0 0 0 0 0 0 0 0 0 0 0 0 0 3 1 0 2 1 7 8 5 0 0 0 0 0 0 0 0 0 0 0 0 0 0 0 8 1 0 0 0 0 0 0 0 1 7 2 0 1 1 0 0 1 0 0 0 0 0 0 0 0 0 0 0 0 2 1 0 0 0 0 3 0 0 1 3 0 1 3 2 0 1 0 0 1 2 0 0 5 3 0 0 0 0 0 0 0
10 0 5 7 22 29 3 2 0 1 0 29 14 1559 1341 503 14 2202 110 13 38 120 564 6574 213 188 21702 9900 643 29 84 0 2 8 3628 156 66 25 918 1136 340 132 1534 3 3 142 1065 9 37 6 11 4 81 186 23 39 577 101 380 35 373 108 247 2709 678 6 559 414 146 10 8 5 4 16 110 15 1 0 2 0 4 0 143 244 85 126 71 1 1 0 60 59 6 22 168 73 1 12 196 79 0 0 0 0 2 1 0 0 0 0 0 2 0 16 84 6 1 36 5 416 26 220 61 1 0 2 0 1 0 24 0 0 6 5 1 7 0 0 32 13 70 0 61 0 1 1 5 6 62 156 0 1 1 0 0 0 0 0 0 0 0 0 0 0 1 2 21 7 0 11 0 0 0 0 2 7 0 2 26 2 1 16 2 0 2 1 0 3 4 0 0 4 1 2 0 1 0 0 0 0
67 4 5 41 100 119 5 8 0 0 3 158 16 1142 3611 4925 30 892 25 6 38 9 59 843 61 8 9900 15224 689 165 166 7 46 24 568 112 134 23 3807 207 173 23 407 6 5 112 445 10 19 2 11 9 103 101 23 34 508 425 573 112 295 54 75 1067 872 7 238 1071 219 12 8 4 4 7 805 29 1 0 2 0 4 2 139 114 87 71 53 1 1 2 28 33 5 6 27 373 1 38 87 121 0 0 0 0 7 4 0 1 0 1 0 2 0 55 171 7 0 35 1 709 11 184 29 0 0 2 0 5 0 51 0 2 4 5 2 6 4 1 19 12 178 0 122 0 1 8 8 2 28 304 0 3 7 0 0 1 0 0 0 0 0 0 0 1 1 0 26 27 5 12 0 0 1 0 1 18 0 3 37 3 3 8 7 0 2 7 0 2 2 0 0 5 2 7 3 0 0 0 0 1
6578 335 926 250 2644 419 3192 377 17 129 16 478 2 361 271 83 16 75 7 7 211 245 89 164 267 11 643 689 50233 14278 2529 8 74 67 285 57 126 66 283 225 540 53 320 2 7 17 734 71 20 12 75 167 3985 7939 898 216 6718 47 166 13 67 283 432 311 352 2 4683 763 467 75 36 18 4 12 2023 78 5 0 4 17 86 5 2214 3243 648 252 1991 19 12 2 73 191 51 65 231 1961 26 5599 573 739 3 2 5 5 2 17 0 1 0 3 0 21 0 1 1 0 1 0 0 13 1 5 1 0 1 0 0 0 0 1 9 0 6 23 2 8 0 0 2 2 2 0 2 0 8 7 0 0 1 12 0 0 2 0 0 2 4 0 2 2 0 1 0 6 1 0 8 7 3 0 2 0 0 0 3 14 0 1 40 3 39 16 1 0 6 13 1 5 10 0 2 8 1 0 18 0 2 1 0 0
10194 2563 303 2324 8451 1487 694 473 29 57 46 813 1 69 66 50 6 47 5 9 289 190 30 17 79 0 29 165 14278 27619 5734 59 38 27 24 18 52 49 123 12 731 18 37 1 3 4 30 35 19 13 129 246 1199 760 470 391 4137 20 28 5 28 65 67 21 73 3 258 93 182 21 31 100 6 12 451 43 10 1 14 25 145 11 1339 616 930 291 142 32 17 5 33 338 115 33 42 1085 46 1107 132 40 5 4 3 5 4 18 0 1 2 5 2 38 0 0 0 0 0 2 0 4 0 0 0 4 0 0 0 0 0 0 6 0 11 24 0 3 0 0 3 1 1 0 0 0 2 1 2 0 0 11 1 3 0 0 0 3 3 0 3 2 0 1 1 2 1 0 3 2 0 1 0 0 0 0 2 2 0 3 13 3 49 7 2 0 2 13 5 1 7 0 4 3 0 0 16 5 1 0 0 0
603 131 43 581 8286 456 72 21 3 11 18 391 0 102 44 24 4 30 1 9 115 44 7 17 107 0 84 166 2529 5734 8751 13 48 30 57 15 53 22 90 32 454 8 51 1 1 1 136 17 3 2 28 70 275 215 110 136 8843 28 46 13 19 48 75 50 90 0 540 351 136 10 16 25 5 3 1331 28 1 0 5 2 42 6 357 247 326 197 1627 6 6 0 10 96 31 8 40 3547 12 169 1386 5524 0 1 0 1 0 6 0 0 0 0 1 5 0 0 0 0 0 1 0 3 0 0 0 0 0 0 0 0 0 0 1 0 3 3 0 0 2 0 1 1 1 0 2 0 1 0 0 0 2 7 0 0 0 0 0 0 0 0 1 1 0 0 0 2 1 0 1 0 1 0 0 0 0 0 1 4 0 3 18 1 10 2 0 0 3 2 0 0 1 0 0 2 1 0 5 0 0 0 0 0
99 4 3 187 171 4422 16 8 28 28 177 3458 3 0 14 75 30 147 85 75 31 45 15 7 9 1 0 7 8 59 13 5731 5001 2505 1 1 78 467 43 1 51 4 21 4 4 19 2 27 3 5 1 1 7 4 0 4 6 3570 4 47 68 31 39 8 12 2 3 29 66 6 22 2061 768 22 560 25 5 1 191 0 1 0 7 5 13 10 0 2 2 0 50 4 0 0 21 2088 71 33 12 1 6 4 7 3 3 22 0 0 0 2 3 36 0 0 3 0 1 0 1 10 7 4 5 3 0 0 1 1 0 1 13 0 7 41 4 39 0 0 25 18 1 0 4 0 11 2 0 1 12 13 0 1 0 0 0 0 0 0 0 0 2 4 0 1 3 0 3 5 1 0 3 2 0 0 4 1 0 0 11 1 43 31 1 0 1 19 1 0 1 1 0 3 1 0 28 1 2 2 1 0
13 0 4 17 51 768 23 11 85 62 36 4673 19 11 60 167 83 379 369 147 58 120 89 8 18 0 2 46 74 38 48 5001 8870 5781 7 21 327 3840 132 3 122 4 16 17 8 57 11 25 4 10 1 6 12 13 4 3 80 3177 25 244 94 22 35 5 38 6 16 226 139 4 18 3230 2919 160 3575 36 39 10 377 3 8 5 12 8 28 23 17 5 2 0 46 8 0 1 14 2210 180 75 17 19 17 10 3 4 17 44 2 9 0 14 4 57 0 2 2 4 8 9 3 22 32 6 10 34 12 2 5 0 0 2 20 0 24 144 23 262 0 0 334 132 9 11 6 1 57 4 4 3 28 9 9 1 4 2 1 0 5 1 1 0 4 4 2 12 17 2 4 9 0 4 22 6 1 0 4 3 1 1 24 5 133 230 47 7 2 127 0 0 0 9 19 0 1 4 58 6 14 8 3 14
11 0 1 6 62 345 5 0 12 3 7 1986 0 26 51 54 44 96 44 54 86 134 174 8 14 0 8 24 67 27 30 2505 5781 6713 142 87 2734 1953 32 13 193 4 9 4 6 10 116 14 2 5 2 3 6 7 0 8 53 5971 388 3026 17 19 17 3 24 1 7 679 52 0 14 480 728 64 2904 21 7 3 45 0 3 3 12 4 29 17 5 0 0 0 11 4 0 0 12 1280 36 16 13 6 5 2 2 0 10 15 0 2 0 5 3 16 0 0 2 1 4 3 0 7 6 1 0 20 10 3 1 1 0 0 7 0 10 89 17 196 0 0 165 80 6 0 2 1 31 0 4 0 4 2 2 1 2 2 0 1 1 0 0 0 2 5 0 7 3 0 4 3 0 0 7 2 0 0 4 0 1 0 4 3 86 139 9 2 0 83 0 0 1 1 5 1 0 0 29 1 5 5 1 2
6 0 2 2 13 15 4 1 0 1 0 20 1 7087 2280 75 37 154 10 13 10 60 143 1207 85 176 3628 568 285 24 57 1 7 142 4935 4932 842 76 110 2823 94 26 335 0 1 3 1222 5 12 1 1 3 27 88 9 12 279 384 2338 431 17 35 85 173 169 1 217 614 73 4 5 2 2 16 150 13 1 0 0 1 2 1 50 91 43 49 42 1 0 0 15 16 5 7 42 39 0 7 78 60 0 0 0 0 0 0 0 0 0 0 0 0 0 1 5 4 0 16 4 15 17 99 47 0 0 0 0 0 0 1 0 0 1 4 0 3 0 0 17 7 2 0 1 0 0 0 1 0 30 5 0 0 0 0 0 0 0 0 0 0 0 0 0 0 0 0 1 1 1 1 0 0 0 0 0 1 1 1 7 1 4 15 3 0 0 2 0 1 1 0 0 0 1 0 0 0 0 0 0 0
5 0 0 2 18 14 2 0 0 0 0 40 0 4573 1534 81 594 22 2 104 4 3 53 52 15 2 156 112 57 18 15 1 21 87 4932 3212 709 54 32 1094 253 4 27 0 0 0 458 0 4 0 0 3 12 6 1 3 57 420 3160 693 4 10 8 16 14 0 18 342 30 0 0 1 1 1 208 4 1 0 0 0 1 0 8 10 7 5 9 1 0 0 5 9 0 1 9 76 1 5 3 9 0 0 0 1 0 0 0 0 0 0 0 0 0 0 1 1 0 0 1 4 3 8 3 0 0 0 0 0 0 0 0 0 1 1 0 0 0 0 4 2 0 0 0 0 0 0 1 0 3 2 0 0 0 0 0 0 0 0 0 0 0 0 0 0 0 0 1 0 0 0 0 0 0 0 1 1 0 0 0 0 0 1 0 2 0 0 0 1 0 0 0 0 0 0 0 1 1 0 0 0
25 1 5 20 62 204 4 0 4 3 3 591 4 498 2501 725 2487 465 718 1695 81 110 344 56 62 6 66 134 126 52 53 78 327 2734 842 709 2877 1974 81 394 768 11 37 7 1 17 479 3 3 1 1 4 9 15 8 15 105 1892 1697 4305 38 10 15 23 39 1 22 1045 36 4 4 36 70 10 1650 8 6 1 13 0 1 1 23 12 27 20 17 0 1 0 5 11 3 1 6 629 8 13 15 22 1 0 0 0 0 1 0 1 0 0 0 1 4 0 4 13 26 3 17 13 106 24 23 26 20 3 6 1 0 0 2 0 2 41 8 55 0 1 271 151 2 11 1 2 17 4 2 0 63 3 18 0 1 0 1 1 1 0 0 0 2 4 0 1 4 0 0 4 1 1 19 11 0 0 0 2 1 0 2 0 17 77 19 20 0 26 1 1 0 9 9 1 1 2 2 0 11 4 3 22
32 5 4 25 84 630 12 6 27 33 44 1513 169 31 137 251 1548 1147 7152 2930 213 434 419 7 99 3 25 23 66 49 22 467 3840 1953 76 54 1974 11786 30 107 571 10 43 1229 28 394 67 16 9 17 5 11 6 12 5 11 56 1315 149 569 209 28 44 4 13 22 15 355 30 4 20 905 6802 461 1273 14 104 27 705 2 8 10 39 20 99 63 8 10 13 9 193 15 5 4 33 1026 104 30 78 7 17 13 3 8 30 57 4 12 4 27 3 88 24 6 33 60 149 51 130 100 680 313 273 115 100 26 62 4 5 10 20 6 87 484 96 909 0 1 2718 1209 21 78 9 13 148 8 23 14 600 45 80 2 10 2 0 13 6 7 1 0 11 22 2 8 32 2 16 29 13 9 100 57 3 2 8 25 2 2 66 11 266 996 391 102 3 373 2 7 5 61 85 9 14 19 84 3 95 67 25 120
49 3 11 29 98 215 4 8 3 4 2 407 9 201 657 1141 12 3672 36 11 18 20 128 510 25 14 918 3807 283 123 90 43 132 32 110 32 81 30 13926 62 616 191 623 11 8 362 115 250 76 16 5 7 42 46 12 27 236 381 181 66 10469 205 283 983 3280 15 91 545 2314 15 148 22 10 3 1030 727 6 0 5 1 42 1 59 38 40 33 27 16 28 3 505 107 8 17 128 566 8 20 31 45 2 2 0 0 8 6 0 4 1 1 0 3 7 124 385 15 3 80 2 955 24 316 15 0 1 3 1 40 1 225 6 1 26 20 3 21 26 1 44 23 316 2 443 1 7 30 84 18 79 927 1 10 13 0 1 9 0 2 1 2 0 0 0 1 14 2 167 176 15 32 0 3 4 0 18 86 1 11 205 12 5 19 6 1 17 21 0 4 10 0 0 17 10 16 7 1 1 0 1 1
6 2 3 2 7 5 6 3 0 3 0 11 0 2988 841 58 191 133 175 310 167 2613 2570 4401 3358 3551 1136 207 225 12 32 1 3 13 2823 1094 394 107 62 11099 944 371 1505 25 2 12 2113 3 95 9 7 11 52 116 16 23 237 79 717 62 55 131 225 301 58 1 324 202 25 26 13 3 6 26 77 12 4 0 7 0 8 2 124 209 144 165 86 4 8 4 75 100 8 58 445 31 6 4 318 35 0 0 0 1 0 0 0 0 0 1 0 2 2 0 7 10 9 6 42 14 151 118 129 0 2 0 2 0 0 0 0 0 2 15 0 10 0 0 223 120 2 0 1 0 1 1 3 0 211 7 0 0 8 0 0 3 0 0 0 1 0 1 0 0 0 0 2 3 3 0 0 2 0 0 4 1 0 3 6 2 7 62 62 0 7 14 0 2 4 0 0 5 6 0 2 0 0 2 0 1
950 472 1179 572 675 882 127 286 58 186 70 949 19 836 1678 585 321 648 151 384 1218 986 6253 1439 743 828 340 173 540 731 454 51 122 193 94 253 768 571 616 944 9832 4200 678 81 128 187 244 72 1607 143 187 234 141 112 375 1906 331 111 130 33 781 143 114 61 123 28 144 163 242 74 176 133 88 77 405 423 158 16 55 26 332 50 605 206 697 367 187 327 351 96 1514 1509 291 298 619 487 248 166 523 111 8 4 9 5 10 25 1 2 0 9 3 33 3 0 10 2 7 6 6 23 26 12 6 6 7 0 2 2 0 3 19 0 19 102 4 100 0 0 103 58 10 2 10 0 31 24 48 1 18 55 2 32 58 2 1 30 4 3 9 48 5 4 1 18 5 0 30 51 29 11 8 5 0 0 29 38 9 39 158 17 99 99 14 3 56 64 20 22 137 4 12 121 45 3 35 6 5 2 1 6
5 1 10 3 15 35 7 6 0 2 1 27 1 49 114 96 12 167 8 14 29 140 1341 6533 109 304 132 23 53 18 8 4 4 4 26 4 11 10 191 371 4200 7604 3240 15 25 145 136 9 1788 32 9 4 12 20 3 28 26 7 16 4 545 52 25 13 65 10 36 17 90 11 18 14 9 3 22 141 8 2 12 0 17 4 27 35 28 36 7 36 37 18 670 545 16 83 332 32 12 5 54 9 0 0 0 0 0 0 0 0 0 0 0 0 0 1 4 0 0 1 1 3 2 3 1 0 0 0 0 0 0 1 2 0 0 1 0 1 0 0 7 0 1 0 4 0 0 12 16 0 1 19 0 5 10 0 0 4 1 0 0 1 0 0 0 0 0 0 11 9 3 2 0 0 0 0 10 24 0 4 67 10 1 2 1 0 7 1 1 9 18 0 0 14 4 0 1 0 0 0 0 0
21 6 10 27 37 108 11 10 3 11 7 103 24 186 240 78 7 583 50 30 86 613 672 2535 835 365 1534 407 320 37 51 21 16 9 335 27 37 43 623 1505 678 3240 8902 70 126 1149 942 35 694 30 9 19 91 185 31 72 291 33 76 8 3925 93 418 3750 624 37 392 142 743 23 27 37 35 5 143 789 21 3 41 2 15 5 197 342 281 336 109 21 9 19 3541 256 23 71 1895 101 21 11 452 43 0 1 0 0 1 1 0 0 0 0 0 3 2 4 38 1 0 4 0 102 9 40 9 0 0 2 1 5 0 14 5 2 2 3 2 6 1 0 28 10 29 0 47 0 1 46 95 8 21 209 2 6 19 1 1 17 1 2 0 1 0 0 0 0 1 1 100 85 45 13 0 0 0 1 59 133 1 7 418 57 8 12 6 0 29 3 0 16 10 0 0 26 25 3 1 0 0 0 0 1
3 1 0 1 2 6 4 0 4 10 13 10 5837 0 1 22 10 883 8865 398 11 20 10 3 5 2 3 6 2 1 1 4 17 4 0 0 7 1229 11 25 81 15 70 9317 1724 1481 0 49 68 336 7 28 1 0 0 2 3 1 1 0 197 41 113 12 6 496 0 1 40 4 55 202 1726 2023 1 23 1358 2008 2763 63 60 140 3 4 8 2 1 182 123 98 950 52 2 10 189 5 139 4 11 0 3 7 1 2 3 8 0 2 0 6 0 13 21 30 218 42 45 111 71 628 418 878 238 21 22 4 19 9 1 42 1 2 19 113 19 113 5 2 929 350 79 27 47 4 23 29 56 18 602 286 28 10 14 0 2 17 2 3 1 5 3 0 0 1 2 3 63 57 38 56 20 13 2 0 68 50 1 13 332 59 60 323 319 16 24 111 2 40 15 14 15 54 28 5 19 1 17 7 6 31
0 2 7 3 5 9 57 9 102 23 15 25 1665 1 3 6 1 21 154 8 10 28 17 18 12 1 3 5 7 3 1 4 8 6 1 0 1 28 8 2 128 25 126 1724 13651 2847 3 87 101 6122 13 62 6 2 3 7 2 4 1 1 49 111 171 14 27 4121 4 6 83 20 200 160 111 358 5 61 2243 625 795 84 384 575 5 5 8 10 1 1409 942 2940 3991 168 15 18 311 4 1084 136 7 1 0 1 0 1 2 2 1 1 0 0 0 9 1 4 88 3 3 7 3 121 12 59 8 0 0 0 4 5 0 12 7 1 10 13 3 17 0 0 60 15 37 0 54 7 3 120 321 14 46 660 4 47 125 2 10 83 7 5 14 40 0 0 0 3 8 3 319 211 130 161 2 1 11 3 232 221 18 44 1814 197 26 53 19 2 143 35 7 201 145 2 0 249 137 6 6 0 2 1 0 0
1 0 0 2 5 30 1 2 4 11 5 51 5823 6 5 11 1 3672 1097 39 2 6 9 374 5 9 142 112 17 4 1 19 57 10 3 0 17 394 362 12 187 145 1149 1481 2847 8738 13 20 27 44 3 1 2 2 0 4 11 13 5 0 1408 45 97 759 484 1124 5 22 157 11 20 120 339 186 14 48 107 24 302 3 18 13 3 6 2 2 0 45 35 11 2387 49 2 8 140 26 28 5 2 0 1 4 0 0 13 10 0 4 0 6 1 5 14 144 1366 22 6 56 8 1461 84 530 44 6 4 21 4 142 3 359 27 14 35 32 18 60 24 2 170 82 557 19 1094 2 13 167 670 114 324 3172 10 13 41 3 7 10 0 0 0 2 1 3 1 2 29 7 603 630 52 234 7 10 13 5 37 320 9 18 1320 47 33 118 38 3 28 120 0 11 9 2 5 30 42 37 47 2 7 4 1 5
14 4 12 4 22 16 6 7 0 6 1 18 0 783 271 40 23 60 17 26 63 328 270 989 2984 128 1065 445 734 30 136 2 11 116 1222 458 479 67 115 2113 244 136 942 0 3 13 6692 15 36 14 5 24 143 362 31 49 1306 267 1258 191 35 156 425 599 294 2 1267 2354 160 37 12 2 4 1 327 28 2 1 1 0 17 1 330 527 246 512 2783 10 3 2 62 50 15 26 355 84 4 12 1411 245 0 0 0 0 0 0 0 0 0 0 0 1 0 1 4 1 0 2 4 1 16 13 7 0 1 0 0 0 0 0 0 0 0 2 0 0 0 0 16 17 2 0 2 0 0 0 1 0 20 11 0 3 3 0 0 2 0 0 0 0 0 0 0 0 0 0 7 5 1 0 0 0 0 0 2 5 0 0 19 0 0 5 7 0 5 1 0 2 2 0 0 8 2 0 0 0 0 0 0 0
32 1 5 23 53 155 4 3 3 6 15 159 8 10 26 9 0 52 14 3 6 5 14 3 8 0 9 10 71 35 17 27 25 14 5 0 3 16 250 3 72 9 35 49 87 20 15 24794 45 685 4 18 5 10 3 4 56 52 20 1 316 7413 848 88 755 16 21 88 7893 181 7754 49 16 8 147 9010 23 1 31 3 522 11 8 13 6 7 9 3104 6996 108 3620 90 5 22 134 157 31 9 10 10 0 1 0 0 4 0 0 4 0 1 0 2 1 4 3 9 0 11 3 24 4 20 4 3 0 8 24 4 0 8 9 6 4 4 2 8 0 0 19 6 15 15 5 11 7 134 75 8 23 31 12 420 990 23 37 392 4 14 14 122 0 3 0 1 4 4 27 216 361 19 4 11 10 4 359 129 117 401 975 260 11 34 11 5 990 52 30 321 1082 2 0 1724 742 10 27 0 0 0 2 2
20 10 34 11 18 29 8 11 0 7 4 18 7 37 87 37 8 64 13 7 26 117 306 341 62 81 37 19 20 19 3 3 4 2 12 4 3 9 76 95 1607 1788 694 68 101 27 36 45 10927 135 55 16 10 14 10 26 15 7 1 1 182 233 202 3 16 13 23 10 86 37 72 26 16 10 21 399 41 4 26 0 74 14 33 33 30 33 6 191 289 69 1513 8062 185 1505 7982 33 24 5 34 5 0 0 0 0 0 0 0 0 0 0 0 1 0 1 3 0 0 2 0 7 1 5 1 0 0 0 1 0 1 0 0 1 0 1 0 1 0 0 4 2 1 3 0 0 1 14 16 3 6 19 1 20 42 3 3 28 2 2 1 7 0 0 0 0 0 0 3 17 28 5 0 0 1 1 42 24 5 17 104 30 0 3 3 1 52 4 5 24 60 0 0 84 39 0 2 0 0 0 0 0
12 1 11 6 2 12 60 19 95 26 6 21 86 2 10 5 2 16 61 4 15 35 24 19 16 4 6 2 12 13 2 5 10 5 1 0 1 17 16 9 143 32 30 336 6122 44 14 685 135 10571 250 1577 11 4 13 13 5 1 2 1 28 558 467 10 28 930 8 4 356 48 289 85 53 652 9 312 1011 279 276 2808 722 7031 18 18 16 20 0 4405 2499 7485 2340 258 18 65 502 14 877 117 14 1 0 1 0 0 1 1 0 0 0 0 0 2 1 0 4 2 2 4 0 14 9 16 8 0 0 1 2 1 1 0 1 3 1 7 0 9 1 1 16 8 3 6 2 1 0 46 27 6 11 17 4 60 158 1 12 98 25 4 27 138 0 0 0 0 0 0 5 40 57 25 0 3 3 0 43 26 22 91 213 45 7 12 9 1 120 11 44 112 398 0 0 320 119 1 8 3 0 2 1 1
109 36 144 13 43 15 67 99 8 35 6 43 1 6 5 7 0 5 3 0 5 18 13 6 18 1 11 11 75 129 28 1 1 2 1 0 1 5 5 7 187 9 9 7 13 3 5 4 55 250 14370 15820 62 6 176 107 29 0 1 0 7 6 15 6 3 115 17 4 5 80 61 5 5 189 17 21 54 17 11 984 2173 200 156 32 34 37 17 162 38 13 64 6073 6483 104 65 24 82 48 25 6 0 0 0 0 0 0 0 0 0 0 0 0 0 0 0 0 0 1 0 0 0 0 0 0 0 0 0 0 0 0 0 0 0 2 0 1 0 0 0 0 0 0 0 0 0 0 0 0 0 0 0 4 7 0 0 5 160 4 149 161 1 0 0 0 0 0 0 0 2 1 0 0 0 0 1 0 6 13 4 0 0 1 0 0 4 1 19 4 84 0 1 7 3 0 1 0 0 0 0 0
257 69 351 32 111 58 132 183 38 99 10 102 5 12 7 5 0 4 10 0 22 18 7 8 31 0 4 9 167 246 70 1 6 3 3 3 4 11 7 11 234 4 19 28 62 1 24 18 16 1577 15820 20492 82 32 349 214 50 3 3 1 5 54 25 9 16 578 30 15 23 92 235 4 10 757 37 20 249 50 37 10790 4921 1274 308 52 67 52 40 798 151 83 82 3652 3747 193 31 67 312 116 88 12 0 1 1 0 0 0 0 0 0 0 0 0 0 0 0 0 0 0 0 0 1 0 0 0 0 0 0 0 0 0 0 0 0 1 1 2 0 0 0 3 0 0 0 0 2 0 3 1 2 0 0 10 5 4 1 39 1469 35 1669 1257 6 0 0 0 0 0 0 4 1 11 0 0 0 0 4 0 30 69 23 1 0 5 20 0 2 14 266 67 813 0 1 45 17 0 11 0 0 0 0 0
1048 110 606 73 352 119 1448 639 78 325 15 248 0 33 37 19 2 10 2 1 42 48 28 36 147 7 81 103 3985 1199 275 7 12 6 27 12 9 6 42 52 141 12 91 1 6 2 143 5 10 11 62 82 14685 7323 5446 73 353 6 19 4 11 56 99 74 53 8 267 94 66 8 4 17 2 10 234 12 8 5 4 7 27 7 1832 867 600 209 231 9 3 3 25 76 22 18 83 241 31 10302 308 91 1 1 3 0 0 5 0 1 0 3 0 5 0 0 0 0 0 0 0 0 2 0 2 1 1 0 0 0 0 0 1 0 0 12 0 7 0 0 6 4 0 0 0 0 1 0 3 0 1 0 0 0 0 0 0 0 1 0 1 2 0 0 0 0 0 0 1 0 1 0 0 0 0 0 0 1 0 1 2 0 10 4 0 0 0 5 0 0 0 0 0 1 0 0 2 0 0 0 0 0
452 69 327 38 246 59 354 182 5 80 11 105 0 59 38 8 0 18 2 2 31 40 51 88 244 6 186 101 7939 760 215 4 13 7 88 6 15 12 46 116 112 20 185 0 2 2 362 10 14 4 6 32 7323 14716 374 29 591 3 39 2 16 150 196 149 86 0 2359 191 77 37 15 4 0 6 219 12 4 0 2 3 14 0 3037 11122 171 161 419 3 4 2 26 66 19 33 153 201 6 1465 473 165 0 0 1 0 1 2 0 1 0 1 0 6 0 0 1 0 0 0 0 0 1 0 0 0 0 0 0 0 0 0 3 0 2 5 3 4 0 0 7 1 1 0 1 0 2 0 0 0 0 3 0 0 0 0 0 2 0 0 0 0 0 0 0 0 1 0 3 0 3 0 0 0 0 0 1 0 0 0 2 1 4 2 1 0 6 3 1 2 0 1 0 2 0 0 4 1 1 0 0 0
491 63 377 42 161 72 549 313 14 176 15 165 0 14 14 8 1 5 1 1 38 26 7 14 56 1 23 23 898 470 110 0 4 0 9 1 8 5 12 16 375 3 31 0 3 0 31 3 10 13 176 349 5446 374 16751 963 92 2 11 0 3 18 26 20 21 7 63 27 19 11 10 6 1 12 55 5 4 0 1 49 77 9 6025 174 422 122 79 11 6 0 17 240 58 10 23 108 11 2488 112 27 0 0 1 1 0 2 0 0 0 0 0 1 0 0 0 0 0 0 0 0 0 0 0 1 0 0 0 0 0 0 0 0 0 7 0 6 0 0 5 1 0 0 0 0 2 0 0 0 1 0 0 1 0 0 0 1 7 0 3 8 0 0 0 0 0 0 0 0 0 0 1 0 0 0 0 0 0 1 3 0 7 2 0 0 0 2 1 1 1 0 0 1 0 0 1 0 0 0 0 0
360 117 486 85 197 131 85 184 9 95 11 198 2 17 21 6 2 8 2 3 1254 148 37 21 263 4 39 34 216 391 136 4 3 8 12 3 15 11 27 23 1906 28 72 2 7 4 49 4 26 13 107 214 73 29 963 1670 142 3 5 3 8 36 44 23 24 3 61 29 36 16 12 8 5 10 91 7 7 0 2 22 81 12 2857 126 1751 501 74 25 17 5 26 398 82 25 48 123 29 70 386 47 1 1 2 1 0 4 0 2 0 2 0 2 0 1 0 0 2 0 0 0 6 0 2 0 0 0 0 0 0 0 2 0 0 10 3 7 0 0 17 5 0 0 0 0 1 0 2 0 3 0 0 0 1 0 0 0 3 0 3 6 0 0 0 0 1 0 2 0 1 1 0 0 0 1 1 2 0 2 6 0 5 4 2 1 1 4 0 0 13 0 0 7 4 0 0 0 0 2 0 0
77 18 45 38 2086 114 22 22 0 9 1 277 0 287 225 68 9 80 4 4 136 127 81 195 707 8 577 508 6718 4137 8843 6 80 53 279 57 105 56 236 237 331 26 291 3 2 11 1306 56 15 5 29 50 353 591 92 142 13689 61 203 25 42 197 387 334 334 1 5531 1181 328 33 25 6 6 4 2926 71 0 1 0 4 37 3 709 1303 694 2170 4622 12 5 1 58 86 23 28 159 3205 3 82 5978 4772 0 0 0 1 0 0 0 0 1 0 0 1 0 0 0 0 0 1 0 8 2 1 0 1 0 0 0 0 0 0 0 0 1 3 0 1 0 0 4 2 4 0 2 0 0 3 1 0 1 13 0 0 4 0 0 1 1 1 1 1 0 0 0 0 0 0 8 2 3 0 0 0 0 0 1 8 0 1 32 3 1 2 1 0 4 0 1 4 2 0 0 6 1 0 1 0 1 0 0 0
5 0 2 3 18 168 0 0 6 2 4 1980 1 369 236 342 42 362 28 72 63 95 79 24 17 1 101 425 47 20 28 3570 3177 5971 384 420 1892 1315 381 79 111 7 33 1 4 13 267 52 7 1 0 3 6 3 2 3 61 8525 2312 4409 52 56 86 19 163 0 9 2690 375 6 32 299 706 35 6438 95 3 0 52 1 8 0 8 9 12 12 13 2 4 0 24 12 0 2 29 1356 13 9 14 13 4 1 0 1 1 3 0 1 1 1 0 6 1 0 4 0 1 3 1 16 6 6 1 5 4 2 1 0 0 0 4 0 7 37 4 84 0 0 55 29 9 0 3 0 14 1 2 0 2 10 0 1 2 2 0 1 0 1 0 0 0 4 0 5 1 0 0 6 2 2 2 0 1 0 4 4 0 0 32 2 22 48 2 0 2 32 0 1 0 0 4 1 1 0 5 3 0 0 0 0
6 0 0 0 15 18 3 1 0 0 0 31 1 2190 464 89 27 51 2 5 7 4 36 88 31 4 380 573 166 28 46 4 25 388 2338 3160 1697 149 181 717 130 16 76 1 1 5 1258 20 1 2 1 3 19 39 11 5 203 2312 4402 3850 19 53 96 92 225 2 114 2756 194 3 16 1 5 0 632 26 0 0 0 0 7 1 23 30 28 21 110 2 1 0 18 7 2 5 32 100 0 8 73 37 0 1 0 0 0 0 0 0 0 0 0 0 0 0 0 0 0 1 0 2 2 1 1 1 0 0 0 0 0 1 0 0 0 2 0 2 0 0 5 2 1 0 1 0 0 0 1 0 1 4 0 2 0 0 0 0 0 0 0 0 0 0 0 0 0 0 6 2 1 0 0 0 0 0 2 5 0 0 18 0 0 2 0 0 1 0 1 2 0 0 0 0 2 0 0 0 0 0 0 1
1 0 0 4 13 19 0 0 0 2 0 106 0 197 63 51 8 34 3 10 13 11 29 7 4 1 35 112 13 5 13 47 244 3026 431 693 4305 569 66 62 33 4 8 0 1 0 191 1 1 1 0 1 4 2 0 3 25 4409 3850 2416 5 2 8 10 20 0 7 1063 39 4 3 14 68 0 884 11 0 0 1 0 1 0 2 7 3 2 1 0 0 0 7 2 1 0 5 114 0 1 3 4 0 0 1 0 0 0 0 0 0 0 0 0 0 0 0 0 1 0 0 3 1 0 0 0 0 0 0 0 0 0 0 0 0 6 0 11 0 0 14 5 0 0 0 0 1 0 1 0 0 1 0 0 0 0 0 0 0 0 0 0 0 0 0 0 0 0 0 0 0 0 0 0 0 0 0 1 0 0 1 0 3 6 1 0 0 2 0 0 0 0 0 0 0 0 0 0 0 0 0 0
17 1 5 6 40 158 2 0 7 12 9 262 89 17 52 56 6 4791 168 19 12 29 58 1233 15 7 373 295 67 28 19 68 94 17 17 4 38 209 10469 55 781 545 3925 197 49 1408 35 316 182 28 7 5 11 16 3 8 42 52 19 5 17446 422 530 2179 1010 135 30 64 3832 91 217 113 179 34 139 4265 49 5 140 1 79 8 17 13 13 13 11 35 61 7 3813 213 9 52 572 154 33 6 16 2 2 14 0 0 12 10 0 1 0 2 0 5 15 133 730 30 8 51 10 607 73 336 24 2 4 9 2 117 2 297 17 6 36 39 15 44 29 0 161 54 390 12 831 1 13 153 473 68 223 1601 9 22 38 1 5 17 0 7 0 7 1 6 1 4 15 3 298 549 39 56 4 11 16 4 49 259 2 14 874 38 31 92 21 7 42 73 4 6 21 5 5 43 44 30 35 3 3 2 0 2
42 3 10 18 72 149 7 6 4 8 12 183 8 78 273 111 4 109 22 23 57 257 158 69 212 39 108 54 283 65 48 31 22 19 35 10 10 28 205 131 143 52 93 41 111 45 156 7413 233 558 6 54 56 150 18 36 197 56 53 2 422 19280 11603 398 1915 17 281 160 7107 9517 3556 36 14 12 201 1364 47 5 34 11 597 42 157 248 140 222 23 854 360 97 2115 320 61 1313 6438 178 30 16 204 16 0 1 0 1 0 0 0 0 0 0 0 1 2 3 2 7 0 7 1 16 3 10 1 0 2 7 18 4 0 2 3 1 5 5 1 4 1 1 10 3 9 11 2 11 3 91 50 6 13 29 4 557 815 21 40 247 26 20 19 275 1 3 0 0 4 1 21 149 240 17 2 6 4 4 196 88 253 587 646 160 8 22 6 4 684 24 57 261 1738 0 0 1618 614 4 9 0 0 1 1 2
53 5 8 46 84 173 15 16 4 15 11 221 20 69 158 40 5 116 33 10 66 259 99 54 412 46 247 75 432 67 75 39 35 17 85 8 15 44 283 225 114 25 418 113 171 97 425 848 202 467 15 25 99 196 26 44 387 86 96 8 530 11603 10898 4402 4388 31 524 271 10061 1300 207 82 47 21 297 1623 91 13 88 1 84 9 223 340 195 281 68 60 369 145 2836 291 35 618 6299 234 60 24 325 66 0 0 0 0 3 0 0 1 0 1 0 1 1 3 15 2 1 3 1 36 5 17 1 2 2 3 6 3 2 10 6 3 1 6 2 7 0 0 6 5 11 3 18 7 0 83 46 8 16 72 4 95 229 9 6 173 1 3 3 17 0 0 1 1 1 2 26 96 145 11 1 5 2 4 170 62 25 108 521 123 9 19 8 3 453 17 6 152 251 0 0 592 209 4 7 0 0 0 1 0
21 1 11 2 24 38 5 1 2 6 1 49 6 105 125 33 3 384 20 5 32 103 38 282 343 22 2709 1067 311 21 50 8 5 3 173 16 23 4 983 301 61 13 3750 12 14 759 599 88 3 10 6 9 74 149 20 23 334 19 92 10 2179 398 4402 4227 6027 15 432 177 2185 32 38 12 5 3 79 156 6 0 6 4 18 1 139 252 120 174 87 4 2 2 341 15 10 7 495 79 4 8 230 42 0 0 0 0 0 0 0 0 0 0 0 1 1 7 56 0 2 2 0 215 5 22 5 0 0 1 0 1 0 20 0 0 3 4 0 2 0 0 15 7 60 0 70 0 3 5 32 4 18 225 0 3 5 0 1 2 0 0 0 3 0 0 0 1 0 0 53 28 2 8 0 1 0 0 2 26 0 0 110 4 2 3 1 0 9 5 0 5 2 1 0 4 6 0 4 0 0 0 0 1
33 4 7 22 71 86 10 8 1 1 3 143 7 125 314 52 3 162 5 5 21 14 10 89 41 2 678 872 352 73 90 12 38 24 169 14 39 13 3280 58 123 65 624 6 27 484 294 755 16 28 3 16 53 86 21 24 334 163 225 20 1010 1915 4388 6027 13657 33 266 474 12058 157 206 7 4 4 521 401 0 0 2 0 68 1 82 79 86 58 52 10 9 6 363 34 5 23 208 239 4 20 63 66 1 1 0 0 2 2 0 0 0 0 0 0 0 13 91 1 0 4 0 260 15 22 6 0 0 1 0 19 1 40 1 0 3 3 1 2 1 0 21 6 104 1 177 0 1 31 83 11 26 493 0 1 26 1 2 5 0 0 0 2 0 0 0 1 1 1 158 81 16 29 0 1 1 1 12 78 1 8 351 13 1 10 0 1 26 6 1 8 10 0 0 34 14 3 4 0 0 0 0 0
4 2 7 2 1 7 13 7 37 12 5 12 1180 0 3 2 0 20 64 2 3 6 2 8 1 0 6 7 2 3 0 2 6 1 1 0 1 22 15 1 28 10 37 496 4121 1124 2 16 13 930 115 578 8 0 7 3 1 0 2 0 135 17 31 15 33 897 0 3 20 2 26 28 31 526 3 17 530 871 163 778 121 1006 6 3 2 1 0 681 113 201 1789 39 2 3 40 2 284 28 2 1 0 1 0 0 2 1 0 1 0 1 0 1 2 8 161 2 1 1 2 61 6 51 0 1 1 3 1 13 0 30 1 0 3 4 1 4 4 0 21 9 17 0 22 1 1 38 111 23 35 303 0 9 11 0 3 11 11 1 9 21 0 0 0 0 2 2 34 75 13 160 0 1 0 0 16 21 2 9 290 11 4 21 14 0 22 21 10 14 25 1 0 23 9 0 12 1 0 1 0 0
85 41 99 25 225 50 24 29 1 13 3 91 0 136 91 17 3 32 2 3 59 72 87 237 644 19 559 238 4683 258 540 3 16 7 217 18 22 15 91 324 144 36 392 0 4 5 1267 21 23 8 17 30 267 2359 63 61 5531 9 114 7 30 281 524 432 266 0 16737 555 208 56 19 1 4 3 667 29 6 2 3 1 20 1 885 6555 711 3147 1948 3 11 6 77 109 15 49 249 457 5 30 2229 913 1 0 1 0 0 0 0 0 0 0 0 0 0 1 2 0 0 0 2 3 1 2 1 0 0 0 0 1 0 1 2 0 0 9 0 3 0 0 5 2 1 0 2 0 0 0 1 2 2 6 0 0 4 0 0 2 0 0 0 1 0 0 0 0 0 0 1 2 4 1 0 0 0 0 3 0 0 0 8 0 2 3 2 0 2 1 1 2 1 0 0 3 2 0 2 0 0 0 0 0
22 3 7 7 55 40 9 5 0 0 0 90 0 856 435 206 17 177 9 24 39 51 60 99 155 5 414 1071 763 93 351 29 226 679 614 342 1045 355 545 202 163 17 142 1 6 22 2354 88 10 4 4 15 94 191 27 29 1181 2690 2756 1063 64 160 271 177 474 3 555 5729 710 12 40 29 98 1 3696 114 2 0 12 1 21 0 142 186 123 143 1624 1 3 1 55 34 5 9 63 284 7 29 597 407 0 0 0 0 0 0 0 0 0 0 0 1 0 0 7 1 0 1 0 13 0 4 0 2 0 0 0 0 0 0 0 0 0 1 3 7 0 0 11 5 10 0 1 0 0 2 3 1 4 22 0 1 2 0 0 1 0 0 0 0 0 0 0 0 0 0 18 10 4 0 0 1 0 0 6 17 0 0 70 5 2 2 1 0 6 2 0 2 0 0 0 2 1 1 0 0 0 0 0 0
92 7 14 64 198 408 18 11 2 8 15 544 12 87 314 111 6 203 18 6 34 40 12 61 76 1 146 219 467 182 136 66 139 52 73 30 36 30 2314 25 242 90 743 40 83 157 160 7893 86 356 5 23 66 77 19 36 328 375 194 39 3832 7107 10061 2185 12058 20 208 710 15530 399 1138 70 20 5 1191 8452 32 5 27 4 217 3 104 131 91 76 50 81 130 51 1848 75 10 78 599 705 38 33 96 72 0 2 0 1 0 3 0 2 0 2 0 4 1 7 34 3 1 7 0 61 5 14 2 0 0 5 4 10 1 8 6 3 6 12 1 9 1 1 24 10 44 5 56 4 1 133 193 11 39 278 4 69 169 7 7 189 0 2 0 14 0 2 0 0 6 1 122 239 202 32 1 4 6 3 376 251 20 58 1099 292 12 38 4 3 300 24 8 141 106 1 0 398 220 10 7 1 0 1 1 2
15 3 19 5 9 14 7 13 0 5 1 13 2 13 88 42 7 17 6 12 25 67 40 29 55 13 10 12 75 21 10 6 4 0 4 0 4 4 15 26 74 11 23 4 20 11 37 181 37 48 80 92 8 37 11 16 33 6 3 4 91 9517 1300 32 157 2 56 12 399 5217 1345 4 4 3 19 210 8 0 2 14 518 78 41 52 49 38 8 416 94 30 364 416 2762 2628 853 28 5 8 46 7 0 0 0 0 1 0 0 0 1 0 0 0 0 0 2 0 0 1 0 3 0 1 0 0 0 0 2 0 0 1 1 1 0 0 0 0 0 0 3 0 0 1 2 3 2 7 11 1 1 7 1 271 205 4 4 62 55 24 51 748 0 0 0 0 0 0 2 20 29 5 0 1 0 0 10 4 269 493 91 10 1 1 4 0 62 2 124 66 1830 0 0 347 158 0 3 1 0 0 0 0
32 7 23 9 44 101 10 16 8 10 9 122 8 8 32 18 3 32 17 2 15 25 23 6 15 3 8 8 36 31 16 22 18 14 5 0 4 20 148 13 176 18 27 55 200 20 12 7754 72 289 61 235 4 15 10 12 25 32 16 3 217 3556 207 38 206 26 19 40 1138 1345 14890 45 23 16 77 2040 66 9 54 17 5431 112 14 14 14 14 6 4128 1067 227 2089 607 135 223 177 119 44 10 17 5 0 0 0 0 0 0 0 0 0 0 0 0 0 1 2 2 0 2 0 6 3 3 1 0 0 3 4 1 0 1 3 0 0 1 1 5 0 1 0 6 2 2 2 4 0 26 19 1 5 12 1 246 287 7 12 125 38 25 50 544 0 0 0 0 1 2 13 43 45 10 0 1 1 0 54 25 186 367 230 49 2 8 6 0 149 22 154 102 1519 1 0 440 242 0 8 0 0 0 0 0
221 21 20 362 323 2564 205 115 702 2285 1444 3733 134 4 10 67 35 253 376 80 71 106 27 14 21 1 5 4 18 100 25 2061 3230 480 2 1 36 905 22 3 133 14 37 202 160 120 2 49 26 85 5 4 17 4 6 8 6 299 1 14 113 36 82 12 7 28 1 29 70 4 45 10982 4686 456 278 28 2741 166 5244 16 17 31 19 10 41 28 2 64 23 23 177 12 4 5 57 809 7318 581 22 1 61 48 37 43 49 282 7 20 4 86 33 426 2 3 11 4 12 10 17 30 81 46 37 28 17 1 3 0 0 1 81 0 120 308 24 263 0 2 356 156 11 5 9 8 80 7 9 4 104 22 2 3 3 4 1 6 3 4 1 2 12 31 9 37 11 1 6 13 8 6 25 6 0 0 14 12 1 1 98 12 571 245 91 8 6 285 5 8 6 4 32 12 6 8 296 29 26 13 2 17
11 1 0 22 27 445 30 8 79 91 55 1537 186 3 9 81 34 428 960 128 51 77 56 7 22 0 4 4 4 6 5 768 2919 728 2 1 70 6802 10 6 88 9 35 1726 111 339 4 16 16 53 5 10 2 0 1 5 6 706 5 68 179 14 47 5 4 31 4 98 20 4 23 4686 12452 669 785 13 289 83 6885 14 16 34 7 5 13 10 0 45 22 16 268 7 1 3 81 586 306 63 21 1 23 10 6 12 22 72 6 19 4 43 9 76 7 3 19 20 51 36 38 59 211 70 60 60 40 9 17 0 0 4 22 1 76 511 96 954 0 1 1568 650 21 15 9 7 100 8 20 11 268 41 11 1 10 1 0 7 8 7 0 0 10 18 8 17 37 2 16 27 10 7 42 26 2 1 18 18 3 1 77 18 320 839 192 17 12 381 2 9 1 22 37 11 13 12 151 8 55 15 5 24
14 3 15 15 11 41 59 17 121 48 30 82 1372 12 14 23 8 205 2349 109 75 135 27 5 35 3 16 7 12 12 3 22 160 64 16 1 10 461 3 26 77 3 5 2023 358 186 1 8 10 652 189 757 10 6 12 10 4 35 0 0 34 12 21 3 4 526 3 1 5 3 16 456 669 2789 18 13 3439 1479 1761 765 183 1553 27 12 45 33 2 1008 181 283 152 40 7 8 19 16 1580 117 40 1 4 6 4 1 10 17 0 4 0 10 1 15 32 9 113 38 8 55 16 136 115 763 102 4 6 2 3 2 0 17 3 2 14 111 2 86 3 1 449 87 9 5 11 3 18 8 25 15 429 57 4 3 13 0 0 4 18 1 16 40 3 6 0 1 8 2 3 10 5 18 4 4 0 1 5 6 2 10 49 2 95 319 906 4 8 182 11 7 42 3 4 21 4 4 58 1 6 1 1 3
