39546 11292 12263 8487 3599 3727 7230 10272 9 97 54 1649 0 14 8 10 1 11 2 0 128 40 10 6 16 1 22 35 5082 5961 787 5 6 34 3 3 18 42 15 7 882 29 9 5 3 20 5 41 36 17 256 356 1112 836 357 126 52 6 2 1 20 36 21 10 44 7 234 8 48 54 42 37 11 13 38 9 28 1 11 51 258 20 1787 486 1111 178 34 127 24 18 17 499 248 60 27 51 107 1518 28 9 10 2 71 86 4 184 2 3 25 6 62 145 0 0 2 0 1 0 2 1 0 0 1 4 8 0 0 0 0 0 2 0 27 24 0 27 0 0 2 1 0 1 0 2 9 1 2 0 2 9 1 16 12 2 1 2 11 4 7 36 3 0 0 0 13 0 1 2 6 0 3 1 26 1 5 4 4 16 7 1 80 16 2 1 5 25 6 0 29 2 3 10 7 6 35 2 3 3 0 3
11292 14300 3758 17294 1753 2477 51 20 16 24 28 815 0 5 2 3 0 2 1 0 101 15 7 3 7 0 3 7 624 1106 110 7 4 8 1 0 4 4 4 1 485 3 5 0 0 1 1 12 9 3 70 100 89 155 23 67 27 0 1 0 5 10 10 3 13 0 124 2 18 17 12 65 6 7 22 2 35 0 15 18 96 6 447 172 671 134 13 40 6 3 11 113 67 13 11 21 177 87 9 5 21 3 148 186 5 396 2 10 62 17 144 302 1 0 0 0 0 0 0 0 0 0 0 5 12 0 0 0 0 0 2 2 43 44 1 44 0 0 2 5 0 2 1 4 13 2 1 0 1 2 0 3 2 7 2 0 2 5 6 5 3 3 0 1 45 0 2 0 1 0 10 2 49 7 2 2 3 0 6 0 166 11 1 6 2 44 2 1 10 0 10 3 4 25 84 6 4 5 0 3
12263 3758 46287 11424 179 753 517 5894 22 4446 16 24144 0 0 1 1 1 2 0 0 119 26 6 1 3 0 4 6 258 106 42 4 1 5 1 0 4 13 1 3 354 2 3 0 0 0 0 4 5 3 37 47 88 103 27 40 14 0 0 0 3 6 2 2 14 0 109 3 10 3 8 18 3 8 10 1 7 1 1 2 44 2 266 118 476 142 15 16 1 2 1 71 41 10 6 12 233 102 21 6 18 2 89 86 2 212 5 3 86 5 71 145 0 0 0 0 0 0 0 0 0 0 2 2 7 0 0 0 0 0 1 1 15 22 1 14 0 0 1 2 0 0 0 4 5 0 0 0 0 0 1 4 1 1 0 0 1 2 1 1 0 2 0 0 24 0 0 0 0 0 5 4 24 3 0 0 0 2 2 0 68 5 1 1 1 23 0 0 3 0 5 3 1 8 54 4 7 1 0 1
8487 17294 11424 15217 8184 8858 32 21 17 52 169 6404 1 4 4 11 0 2 1 1 255 94 6 6 17 0 13 23 585 3115 1350 7 5 29 0 1 13 36 12 4 647 2 10 0 0 8 1 10 15 3 38 52 73 158 16 84 33 3 1 1 6 6 6 2 32 0 288 5 32 13 10 65 13 10 19 8 37 2 14 9 48 5 310 226 1007 279 29 22 3 5 9 65 31 3 6 37 237 72 38 7 24 5 95 114 2 268 2 5 35 10 123 195 0 0 0 0 0 0 3 0 0 0 1 6 11 0 0 0 0 0 5 1 33 51 1 22 0 0 1 3 0 0 1 0 12 0 1 0 1 8 1 4 1 4 2 1 2 3 2 4 3 0 0 3 29 0 1 1 0 0 5 4 39 3 0 0 3 2 5 1 109 11 4 1 0 31 1 1 6 2 12 0 3 23 67 3 7 2 0 2
3599 1753 179 8184 9778 5600 114 22 46 40 138 3657 0 37 20 80 2 30 6 2 233 114 8 16 14 1 26 229 2284 7648 10315 199 282 412 7 7 129 382 86 10 536 17 19 1 1 33 13 12 7 5 40 41 124 276 41 73 2541 83 11 16 49 9 28 21 197 2 651 22 195 10 6 281 101 27 238 27 88 1 156 7 40 3 414 327 951 332 78 24 4 6 21 89 36 11 21 2700 284 189 79 280 19 8 88 103 3 268 4 9 32 6 99 188 1 2 5 2 2 1 2 5 1 1 2 10 21 0 0 0 0 1 5 1 25 65 2 32 0 0 7 6 8 1 3 6 22 1 1 1 4 24 1 1 3 7 0 0 5 7 3 10 5 3 1 2 49 2 9 3 0 0 13 2 56 4 1 4 3 5 16 1 157 21 2 0 2 49 3 2 5 0 13 0 5 28 53 1 12 6 0 5
3727 2477 753 8858 5600 14879 117 39 122 149 527 19270 4 19 19 94 12 53 10 9 621 432 23 33 45 4 44 255 1356 2761 1941 3410 1044 892 7 2 204 723 132 23 997 20 19 2 6 67 11 23 19 9 45 71 142 481 36 102 280 149 4 9 89 22 22 39 313 4 841 21 280 20 8 1772 593 69 143 63 287 8 1133 6 63 12 607 551 1835 754 73 28 8 6 38 105 55 15 35 1712 954 320 192 26 33 8 179 196 7 466 7 10 63 22 191 338 0 4 14 1 4 3 7 30 5 8 7 12 54 0 0 1 0 1 9 0 91 121 2 120 0 0 11 26 10 3 9 13 36 0 5 1 3 47 4 3 2 9 3 4 3 7 3 9 10 5 3 3 69 0 7 6 0 0 24 4 115 12 2 11 4 4 6 3 357 58 5 3 3 131 2 0 6 3 21 5 8 48 135 4 19 4 0 11
7230 51 517 32 114 117 10555 7278 1149 4108 294 486 0 0 0 3 0 0 0 0 21 34 1 0 3 0 1 2 1330 165 73 3 9 6 0 0 0 3 1 1 89 3 0 0 4 2 2 7 11 6 91 101 1070 468 384 16 4 5 0 0 5 9 3 0 8 3 41 2 8 9 12 26 7 17 29 0 63 6 16 13 64 15 805 103 126 25 19 25 9 8 4 153 75 21 5 41 769 3396 15 3 1 0 2 1 0 10 0 0 4 0 5 2 0 1 0 0 1 0 0 2 2 0 1 0 0 0 0 0 0 0 0 0 2 6 0 5 0 0 7 1 1 0 0 0 3 0 0 0 7 0 0 5 3 0 0 1 4 0 0 10 1 0 0 1 2 0 0 0 1 0 0 0 1 0 2 1 1 7 2 0 18 9 1 0 1 9 2 1 9 0 0 2 2 0 6 0 0 0 0 0
10272 20 5894 21 22 39 7278 20144 1389 10038 220 528 0 0 0 2 0 1 1 1 6 11 0 1 2 1 1 2 308 17 5 4 2 1 1 0 0 2 0 2 214 6 2 1 2 3 3 4 14 10 83 123 496 306 173 32 5 0 0 0 7 14 3 0 0 0 34 0 4 18 13 7 1 3 11 0 19 1 3 13 67 8 700 100 159 21 12 29 3 4 10 183 81 10 10 17 204 933 8 6 0 0 2 1 2 7 0 0 1 1 2 6 0 0 0 0 0 0 1 0 0 1 3 2 0 0 0 0 0 0 0 0 1 3 0 5 0 0 3 2 0 0 0 0 1 1 1 0 0 0 0 2 2 1 0 1 1 1 4 8 0 0 0 0 0 0 0 0 1 0 0 0 2 1 3 2 5 5 1 1 6 6 1 0 0 2 2 0 10 0 0 5 3 0 3 0 0 0 0 0
9 16 22 17 46 122 1149 1389 787 1893 161 404 0 1 4 4 0 2 0 0 104 174 9 1 39 3 5 5 51 23 30 26 48 24 1 0 2 15 0 7 95 2 1 1 61 16 17 3 1 48 4 24 25 29 12 5 13 29 1 0 10 5 4 1 5 20 65 24 3 4 5 120 29 143 191 3 280 47 100 22 14 43 37 44 123 68 76 44 8 42 44 6 6 4 9 155 1753 1145 67 8 0 0 2 7 2 14 0 0 0 0 5 11 0 0 0 1 2 2 6 6 10 12 9 1 7 0 0 0 0 0 0 1 6 10 0 14 0 0 32 25 1 1 0 0 2 0 0 0 22 4 1 0 0 2 0 0 4 0 5 3 0 0 0 0 3 0 0 0 0 0 1 0 4 1 0 1 1 3 6 0 24 34 16 0 1 16 1 0 2 1 0 2 1 2 2 0 0 2 0 2
97 24 4446 52 40 149 4108 10038 1893 28448 7958 24168 0 1 1 0 0 1 0 1 34 44 0 0 3 0 0 1 61 14 13 9 10 4 0 0 0 1 0 0 73 0 0 0 10 1 0 3 3 3 19 27 152 87 47 4 2 3 0 0 3 2 2 0 0 2 38 1 0 2 3 130 2 30 30 0 121 6 17 6 23 9 192 46 90 32 13 13 5 9 8 43 23 2 5 57 3939 815 7 1 11 2 49 53 3 183 8 9 55 12 75 119 0 0 0 0 2 0 3 1 3 1 2 2 4 1 0 0 0 0 1 0 16 14 0 12 0 0 7 4 0 1 0 4 4 0 0 0 10 1 0 0 0 1 0 0 1 3 0 4 0 1 1 1 15 1 0 1 0 0 2 0 8 2 1 0 0 1 1 0 30 8 6 0 0 16 0 0 1 1 0 0 0 2 68 2 3 1 0 0
54 28 16 169 138 527 294 220 161 7958 3088 3678 5 6 0 2 0 2 2 1 140 140 7 4 13 2 5 3 49 32 46 73 34 18 0 0 1 25 3 5 135 2 3 11 68 10 6 4 2 48 10 26 22 51 3 18 9 4 1 0 6 4 3 0 3 44 84 13 5 3 1 1085 29 158 59 4 1361 242 172 11 16 61 65 62 253 99 32 48 8 34 33 15 8 2 5 153 4375 226 61 5 28 2 145 157 3 399 11 14 74 20 183 301 0 0 3 0 1 0 0 3 3 5 6 9 12 0 0 0 0 0 4 2 38 43 0 27 0 0 17 17 3 4 0 6 14 0 2 0 12 3 0 2 1 6 2 0 4 2 2 2 4 2 3 0 28 2 0 0 0 0 14 2 23 2 1 1 3 4 2 2 144 33 3 0 0 55 0 0 1 0 9 0 1 18 121 8 8 2 0 0
1649 815 24144 6404 3657 19270 486 528 404 24168 3678 27211 19 6 14 40 2 29 10 9 1053 829 38 15 89 9 26 69 734 896 930 4542 2367 764 5 0 48 563 49 22 1344 11 18 31 132 55 24 25 19 82 59 110 117 511 32 140 122 333 2 1 72 20 21 12 125 79 812 29 138 17 14 4255 1054 340 321 25 2125 275 2285 34 70 70 734 677 2475 947 97 88 19 65 81 131 71 18 27 3815 6236 593 308 40 116 25 570 657 35 1622 19 34 290 74 723 1266 1 2 7 3 5 5 15 10 19 9 17 31 84 0 2 0 0 1 20 2 180 318 6 255 0 0 60 65 10 3 4 25 100 4 3 2 42 41 6 8 4 20 8 4 12 25 2 18 14 6 9 9 155 1 7 1 0 0 35 11 183 23 5 3 12 11 9 2 874 186 18 6 1 292 2 0 5 7 61 7 14 77 521 29 50 13 0 14
0 0 0 1 0 4 0 0 0 0 5 19 5630 2 2 12 12 1734 6162 67 2 0 0 16 2 4 21 34 9 2 2 0 4 2 2 0 3 446 28 3 28 14 20 3425 4630 4453 2 8 10 91 1 7 2 2 0 0 5 2 0 0 147 0 9 26 55 1057 7 2 15 5 2 62 520 378 1 16 146 389 292 12 6 37 1 0 2 3 1 44 16 127 627 4 0 0 21 5 20 4 1 0 1 2 0 0 1 2 0 0 0 0 1 1 11 139 735 18 2 82 25 1192 35 332 44 0 3 9 1 23 0 83 14 2 2 2 0 2 1 1 28 15 358 5 252 12 7 24 83 122 83 2136 3 2 5 3 1 54 0 0 2 3 3 2 0 2 2 0 234 108 5 42 1 2 2 6 7 120 1 3 289 23 9 29 78 2 16 21 2 4 8 1 1 24 8 3 3 0 1 1 1 2
14 5 0 4 37 19 0 0 1 1 6 6 2 8543 8135 2142 731 429 288 350 48 55 261 510 8 133 1750 2873 569 347 59 1 6 309 1797 5871 1693 73 306 470 846 44 52 5 2 58 532 8 9 2 1 5 8 32 8 2 246 144 1300 493 63 11 55 115 847 1 232 830 326 1 1 8 10 18 558 20 10 0 6 0 5 0 26 22 43 29 117 3 0 2 22 16 2 3 41 51 14 8 18 46 0 0 0 1 1 0 0 0 0 0 0 0 6 1 15 8 10 76 31 93 91 171 107 2 6 2 1 0 0 2 0 0 1 5 0 12 0 1 67 63 3 7 3 1 4 0 2 0 115 51 2 0 0 0 0 2 0 0 0 0 0 1 0 1 0 2 12 3 0 1 1 0 0 4 2 9 0 1 6 2 23 52 18 0 0 18 0 0 1 0 0 2 1 0 1 0 1 0 1 5
8 2 1 4 20 19 0 0 4 1 0 14 2 8135 12026 9176 1014 1925 285 630 92 98 389 304 19 120 1650 5039 418 263 43 4 4 114 739 1256 1031 200 606 348 1464 125 83 8 3 87 279 22 48 3 1 2 12 28 4 1 159 107 410 112 95 18 96 93 1090 11 110 427 474 3 2 3 18 21 346 37 8 0 4 2 3 0 20 16 42 32 58 5 8 2 41 54 1 14 81 50 10 11 16 26 0 0 0 0 0 0 0 0 0 0 0 3 26 6 25 21 26 48 64 117 92 131 86 12 22 2 5 2 0 7 3 0 0 10 1 23 4 1 103 103 20 19 18 2 10 2 7 1 117 78 5 1 1 0 0 6 0 1 0 0 0 0 0 2 0 6 17 4 0 0 1 4 0 8 1 17 0 0 17 3 20 102 13 2 6 26 0 3 2 1 2 4 3 0 0 0 1 0 0 3
10 3 1 11 80 94 3 2 4 0 2 40 12 2142 9176 10050 490 4042 1351 2136 35 75 357 706 47 120 2088 4327 236 232 86 9 26 181 618 129 806 1185 1165 273 1469 270 178 51 12 104 163 24 102 7 6 2 14 22 8 3 89 136 91 22 295 27 101 136 573 5 86 190 267 8 1 6 48 20 470 49 3 16 3 0 8 3 21 26 43 54 37 16 16 9 40 213 5 28 163 93 7 6 46 21 0 0 0 1 0 1 0 1 0 0 0 1 106 256 190 45 13 192 57 956 190 768 129 5 10 4 3 4 4 151 4 0 0 14 0 18 12 5 130 92 216 20 94 5 9 7 4 46 304 565 10 1 4 0 0 11 1 0 0 2 0 0 0 1 1 9 21 29 6 1 0 5 1 10 7 23 2 2 33 0 23 186 20 3 3 52 1 0 6 0 0 7 6 2 0 0 3 1 1 3
1 0 1 0 2 12 0 0 0 0 0 2 12 731 1014 490 1397 164 548 1345 51 98 182 127 11 150 132 153 16 8 8 3 0 20 205 146 928 2055 48 420 574 54 64 30 20 37 215 6 28 16 1 3 0 2 1 0 5 11 33 4 36 14 33 28 53 3 14 33 41 1 1 3 22 40 31 5 2 12 1 0 2 3 3 4 14 11 14 5 9 6 20 31 0 7 53 8 6 1 13 2 1 2 1 1 0 2 0 1 1 0 1 1 83 10 13 50 48 25 122 32 165 79 130 25 84 0 14 2 1 13 2 3 2 20 10 54 5 1 238 251 8 79 8 7 12 2 6 1 169 37 22 1 2 0 0 3 0 0 0 1 1 2 0 1 2 21 11 9 2 1 1 1 2 18 3 13 0 0 8 2 27 268 15 3 0 48 0 0 2 2 2 1 3 2 3 0 3 5 2 27
11 2 2 2 30 53 0 1 2 1 2 29 1734 429 1925 4042 164 16747 2428 579 17 77 273 1238 61 64 3939 1692 145 70 32 8 21 144 420 21 343 1587 6479 112 1309 315 547 440 44 5477 175 67 84 12 3 9 5 33 9 4 49 74 47 17 4866 76 248 950 1632 85 128 92 851 9 4 8 257 101 179 255 6 29 5 6 6 2 29 35 46 62 56 14 27 23 147 178 8 23 197 55 9 5 50 18 3 6 0 0 6 4 0 0 0 0 0 8 62 1642 1482 141 24 569 129 2988 205 1880 222 6 12 10 2 79 3 737 53 8 5 11 3 39 6 14 119 77 1647 17 997 44 21 47 53 562 500 3595 5 10 5 2 1 62 1 1 3 4 3 6 0 6 9 5 120 285 22 10 7 25 23 15 16 234 4 7 201 18 34 173 47 15 10 66 4 2 13 2 2 19 15 20 3 1 3 2 0 4
2 1 0 1 6 10 0 1 0 0 2 10 6162 288 285 1351 548 2428 44899 5017 27 99 196 336 46 206 1130 409 37 6 12 1 3 37 358 17 251 5952 123 462 564 97 173 10012 1369 2395 157 20 77 179 0 65 1 6 3 2 16 5 18 2 355 44 68 111 149 348 26 27 65 7 10 12 619 1719 20 24 21 1072 34 40 25 132 12 6 17 24 25 126 41 203 780 110 9 21 188 14 9 0 28 5 2 13 3 0 3 6 0 2 0 1 0 2 624 1394 1824 302 129 1678 562 6432 1797 6700 1378 60 105 19 46 70 22 710 44 6 9 86 21 168 47 25 1241 1101 1029 225 502 29 57 30 58 328 3035 3438 66 9 10 1 1 46 1 2 2 12 2 4 0 7 9 79 106 129 18 25 12 24 18 65 9 220 5 7 200 35 197 1598 606 19 21 535 2 5 10 6 4 33 21 16 14 3 8 11 4 41
0 0 0 1 2 9 0 1 0 1 1 9 67 350 630 2136 1345 579 5017 2533 45 141 320 323 59 310 486 75 22 7 2 1 1 32 485 33 734 1089 88 989 747 103 140 307 111 101 188 16 95 33 8 5 0 9 1 1 8 10 14 1 87 38 83 65 51 20 28 22 53 5 6 4 49 64 22 22 5 81 9 4 4 17 6 10 17 38 22 25 17 34 76 101 6 30 164 13 7 2 22 2 1 3 1 0 0 3 0 1 0 0 0 2 202 31 46 95 65 61 193 107 380 388 257 33 81 8 30 15 9 77 7 1 2 28 5 72 13 10 369 386 23 116 14 6 21 3 5 4 486 111 47 1 4 0 0 7 0 3 0 1 0 0 0 2 0 45 6 14 1 1 8 5 4 33 1 24 0 5 28 7 51 386 46 4 7 87 0 1 3 3 1 4 6 1 5 0 7 4 2 30
128 101 119 255 233 621 21 6 104 34 140 1053 2 48 92 35 51 17 27 45 5660 8605 3649 81 107 158 35 9 58 177 205 27 56 135 6 5 100 562 15 275 1900 49 74 4 5 15 79 13 37 4 4 8 4 6 4 319 12 18 23 1 43 29 40 17 24 1 22 28 29 3 1 131 218 121 42 9 225 0 80 1 4 2 86 7 2039 295 50 4 7 5 27 51 6 25 127 87 336 110 235 13 3 6 27 18 5 42 0 5 5 2 25 64 4 1 5 6 13 2 33 5 25 7 24 32 83 1 5 0 0 2 4 1 38 118 0 139 1 1 101 86 5 19 3 5 31 2 0 0 36 13 17 1 0 6 0 1 1 2 0 1 3 2 0 1 46 2 5 3 1 0 14 6 72 26 0 6 3 0 6 2 288 270 29 6 1 217 0 1 2 10 15 5 2 34 44 5 29 6 1 23
40 15 26 94 114 432 34 11 174 44 140 829 0 55 98 75 98 77 99 141 8605 23810 5145 524 4175 810 212 20 80 61 90 47 152 446 43 1 133 1800 59 2610 1497 232 464 20 16 147 639 60 200 15 12 10 19 72 5 9 16 31 32 2 199 153 305 143 64 12 276 32 149 23 6 265 776 380 53 38 447 6 219 4 10 7 77 156 2513 2728 256 20 47 20 190 239 18 141 862 82 639 202 3995 18 9 6 21 24 7 61 1 7 7 0 29 86 10 5 13 16 26 10 108 23 61 27 79 57 126 2 6 0 2 3 6 0 56 201 9 247 0 5 240 274 12 25 9 13 61 7 6 2 122 72 23 2 8 4 5 6 4 4 1 1 3 2 0 3 59 7 22 4 3 2 20 10 100 28 11 27 3 2 45 6 490 541 82 7 5 386 2 1 10 6 22 15 11 26 66 9 16 13 3 31
10 7 6 6 8 23 1 0 9 0 7 38 0 261 389 357 182 273 196 320 3649 5145 12476 8342 238 3898 542 76 39 12 20 3 16 88 124 20 362 519 48 1814 8197 2117 580 5 4 89 293 19 155 13 1 1 5 33 6 2 15 15 17 2 126 55 102 51 24 4 91 28 40 8 0 14 124 36 41 25 25 1 10 0 12 1 48 45 241 195 52 13 14 8 109 175 3 50 360 10 23 14 269 5 0 0 0 0 0 3 0 0 0 0 2 2 0 3 4 2 4 6 15 17 28 19 35 4 18 0 0 2 0 4 0 0 1 13 0 23 0 0 47 36 3 3 4 3 9 2 5 0 44 42 5 3 6 1 1 4 0 0 1 2 1 0 0 0 2 2 9 8 3 0 2 0 2 6 4 9 0 3 24 2 30 82 16 0 5 38 0 1 2 0 1 7 3 0 2 0 0 2 2 2
6 3 1 6 16 33 0 1 1 0 4 15 16 510 304 706 127 1238 336 323 81 524 8342 15112 297 4564 5910 241 170 43 22 2 7 111 2458 32 203 206 241 4601 1949 4746 1937 8 4 737 2038 42 196 5 8 1 14 69 9 2 53 17 281 41 888 72 263 1055 187 28 197 206 162 15 1 2 39 36 87 27 9 1 4 0 7 1 43 66 88 168 185 16 28 13 246 223 4 56 595 26 6 4 163 11 0 0 0 0 1 0 0 0 0 0 0 1 3 8 58 4 3 18 33 113 38 32 45 2 5 0 1 3 0 6 0 0 1 2 0 5 0 1 55 46 41 2 48 4 2 6 23 6 45 225 4 3 6 0 0 7 0 0 1 2 0 1 0 0 1 0 47 23 5 2 0 1 1 2 8 36 1 2 50 7 8 38 15 0 4 13 1 3 3 0 1 8 7 1 1 0 0 0 0 1
16 7 3 17 14 45 3 2 39 3 13 89 2 8 19 47 11 61 46 59 107 4175 238 297 9704 186 253 15 587 35 25 2 27 75 35 1 29 449 20 2561 175 52 252 8 3 99 1269 25 41 7 14 14 78 489 11 16 253 5 7 1 108 70 205 208 68 9 1950 12 95 9 4 33 272 239 48 14 113 1 26 2 20 0 299 575 572 2494 1443 17 10 12 70 63 18 35 371 21 121 29 4645 560 3 1 1 1 0 9 1 1 1 0 4 12 4 0 4 5 14 4 32 10 21 6 22 14 32 2 0 1 0 2 0 0 2 99 2 87 0 0 85 84 0 6 2 3 28 4 1 0 47 29 4 1 4 1 0 0 3 2 0 2 1 1 1 0 12 1 10 1 1 0 5 2 7 5 4 10 0 1 12 1 142 216 40 1 2 152 2 0 5 0 0 8 6 4 14 1 11 2 0 4
1 0 0 0 1 4 0 1 3 0 2 9 4 133 120 120 150 64 206 310 158 810 3898 4564 186 6213 1379 11 33 2 2 0 0 18 810 2 42 134 12 3925 615 153 187 9 2 31 341 6 19 1 1 1 0 26 1 1 9 1 27 5 31 12 50 38 5 3 94 6 29 3 0 3 21 19 6 5 6 1 0 0 0 0 12 44 55 110 29 3 5 2 28 15 1 8 122 1 4 1 112 0 0 0 0 1 0 1 0 0 0 0 0 0 4 0 2 1 4 3 21 12 29 26 35 0 3 0 0 0 0 2 0 0 1 3 0 3 0 0 44 33 1 1 1 1 0 0 0 0 29 11 2 0 1 0 0 1 0 0 0 0 0 0 0 0 0 1 3 1 1 0 0 0 0 0 2 1 0 0 7 1 5 28 13 1 1 11 0 0 1 0 0 1 2 0 0 0 0 0 0 0
22 3 4 13 26 44 1 1 5 0 5 26 21 1750 1650 2088 132 3939 1130 486 35 212 542 5910 253 1379 26831 8154 996 312 46 2 5 163 7552 145 297 183 305 2007 674 196 615 9 2 590 1357 41 48 4 6 12 40 150 9 4 328 43 417 89 776 83 593 1283 1936 23 728 622 457 10 4 8 25 34 277 34 20 1 2 3 6 3 118 118 138 269 294 10 16 3 133 78 6 18 305 35 18 15 209 38 1 1 0 1 0 1 0 0 0 0 1 2 5 40 82 7 4 80 35 389 78 212 76 0 5 0 1 3 0 14 1 0 0 10 1 15 0 1 44 64 89 6 61 3 2 5 12 13 103 291 2 1 6 0 0 7 1 0 0 3 0 1 0 1 2 0 37 16 1 3 0 1 3 2 5 26 2 0 31 3 23 63 35 0 4 26 2 1 3 0 0 5 2 2 4 0 2 0 0 0
35 7 6 23 229 255 2 2 5 1 3 69 34 2873 5039 4327 153 1692 409 75 9 20 76 241 15 11 8154 12873 1451 1159 337 14 26 179 603 246 537 144 2957 46 328 68 89 11 4 471 356 19 28 1 8 10 41 92 8 8 594 383 484 93 712 15 94 347 2490 18 402 1016 426 1 2 8 17 24 1206 37 15 0 4 1 7 3 79 60 105 81 147 2 2 3 60 56 4 2 41 218 15 26 32 108 0 2 1 1 1 2 0 0 0 0 0 1 3 243 306 26 4 189 38 1881 38 415 45 1 2 5 0 10 0 78 13 1 5 4 1 9 0 3 16 12 383 11 186 5 6 5 12 54 56 1285 1 0 1 1 0 14 0 0 0 2 0 1 0 2 1 2 53 43 6 1 1 4 2 7 3 45 2 0 46 3 15 27 15 2 2 14 0 1 4 0 1 4 2 5 1 0 1 2 1 0
5082 624 258 585 2284 1356 1330 308 51 61 49 734 9 569 418 236 16 145 37 22 58 80 39 170 587 33 996 1451 44722 9345 3093 44 85 373 235 82 122 394 156 288 413 43 187 2 4 302 297 99 72 16 131 135 2207 6171 494 52 5221 117 44 43 348 263 817 449 1466 16 4206 387 1122 47 23 108 137 85 2339 70 132 2 66 23 112 11 1485 586 505 160 2026 77 24 16 193 322 112 88 441 1235 202 4291 317 873 5 5 41 17 2 47 1 1 7 1 20 56 0 4 40 3 2 9 7 45 11 11 3 12 43 0 1 2 0 1 5 1 30 89 2 85 0 0 27 28 28 4 32 7 17 5 29 4 6 144 7 8 14 2 1 12 6 3 4 10 2 1 0 0 37 0 38 17 5 0 17 3 43 12 8 37 2 10 56 12 203 102 7 1 9 105 9 2 19 4 6 13 8 22 30 0 11 8 0 10
5961 1106 106 3115 7648 2761 165 17 23 14 32 896 2 347 263 232 8 70 6 7 177 61 12 43 35 2 312 1159 9345 20331 6753 28 53 392 66 52 176 356 166 25 914 22 52 1 3 105 37 55 24 14 151 150 478 690 110 123 4717 72 36 27 157 77 242 112 884 5 728 120 689 54 30 70 59 15 798 63 54 0 32 24 143 17 1071 473 1305 313 245 78 16 15 48 294 160 44 96 1318 142 540 44 281 8 2 63 74 4 155 3 1 26 5 64 127 0 2 12 0 2 5 0 24 1 3 0 6 11 0 0 1 0 0 1 1 21 48 1 34 0 0 4 8 11 1 12 5 19 2 6 1 3 72 0 10 8 4 3 4 8 6 3 18 2 2 0 1 15 0 15 8 1 0 7 2 32 3 7 12 6 10 21 6 94 19 1 1 4 43 3 4 18 1 10 14 11 10 45 0 2 2 0 3
787 110 42 1350 10315 1941 73 5 30 13 46 930 2 59 43 86 8 32 12 2 205 90 20 22 25 2 46 337 3093 6753 6169 50 70 353 18 9 146 292 90 7 702 15 17 0 0 34 13 24 16 4 59 57 159 360 37 95 7729 114 15 17 79 16 31 29 310 4 1078 77 286 13 9 121 63 18 1560 32 54 0 91 8 72 10 520 369 1101 449 1325 33 8 2 19 119 52 21 22 3608 126 181 234 6042 3 2 41 33 0 104 3 2 5 2 33 61 1 4 10 1 2 3 1 13 2 2 2 0 9 0 0 0 0 0 0 0 16 30 0 15 0 0 3 2 4 1 3 3 5 0 3 0 3 34 1 4 2 2 0 2 3 1 3 8 1 0 0 0 24 0 6 2 1 0 7 0 9 0 2 9 1 2 10 2 60 14 2 0 2 22 4 1 4 0 2 6 3 8 19 3 5 1 0 1
5 7 4 7 199 3410 3 4 26 9 73 4542 0 1 4 9 3 8 1 1 27 47 3 2 2 0 2 14 44 28 50 6125 3132 1191 1 1 9 275 10 0 34 0 1 3 4 9 5 2 0 0 4 4 5 23 4 4 24 2019 6 12 10 2 0 4 17 2 49 29 20 1 0 1298 385 76 746 2 70 4 981 0 1 1 21 19 71 38 4 4 0 1 5 7 3 0 2 5049 165 30 11 13 5 2 5 17 2 52 1 1 3 1 14 50 0 0 0 0 1 1 1 4 2 2 3 12 17 0 0 0 0 0 1 0 8 93 1 98 0 0 5 12 1 1 2 8 21 1 0 0 1 4 1 0 0 4 0 1 4 2 1 3 2 0 0 0 27 0 2 1 0 0 8 1 26 1 1 2 3 1 1 0 186 34 2 0 0 69 0 0 4 1 7 1 2 11 24 1 8 4 0 2
6 4 1 5 282 1044 9 2 48 10 34 2367 4 6 4 26 0 21 3 1 56 152 16 7 27 0 5 26 85 53 70 3132 4259 4073 3 2 13 1538 20 5 91 3 1 10 12 14 44 2 0 2 6 7 9 29 6 1 44 1301 14 12 25 1 2 5 29 2 55 104 21 4 1 2750 2309 116 913 14 98 14 830 1 7 3 29 27 67 50 55 2 3 6 8 15 5 0 2 4805 175 50 49 26 6 0 20 13 4 46 2 1 6 0 22 72 1 0 4 1 2 1 7 7 2 2 6 36 54 0 0 0 1 1 3 1 41 148 1 203 0 0 40 36 1 4 1 10 63 2 1 0 11 11 7 0 2 6 3 2 2 9 0 9 3 3 0 3 60 0 0 0 0 0 22 2 63 6 0 0 6 4 4 1 367 173 14 0 1 197 0 0 1 0 15 0 2 27 46 3 17 5 1 11
34 8 5 29 412 892 6 1 24 4 18 764 2 309 114 181 20 144 37 32 135 446 88 111 75 18 163 179 373 392 353 1191 4073 4439 725 114 342 1897 67 77 200 10 36 3 0 24 789 2 3 1 3 6 16 29 9 7 284 5375 3637 1331 59 6 21 39 130 1 136 3447 85 0 0 275 180 75 5778 17 39 2 173 1 4 1 59 47 127 96 182 2 0 0 4 13 5 2 24 2552 81 41 95 111 7 3 9 8 6 11 1 3 5 0 11 39 2 5 12 4 1 2 12 10 8 4 8 27 52 0 0 1 0 1 2 0 33 150 2 174 1 1 45 36 5 5 2 8 40 1 1 0 7 20 4 0 0 7 2 2 1 6 0 2 5 3 0 1 38 0 2 1 1 1 15 2 42 13 0 3 2 1 5 2 301 195 12 6 0 162 0 0 2 4 12 4 3 11 28 1 25 9 0 12
3 1 1 0 7 7 0 1 1 0 0 5 2 1797 739 618 205 420 358 485 6 43 124 2458 35 810 7552 603 235 66 18 1 3 725 4595 1415 978 92 28 3412 134 31 111 2 1 35 580 6 7 1 2 4 11 38 4 3 135 14 3006 928 37 11 102 213 223 0 201 386 92 2 0 4 13 23 130 1 5 0 2 0 3 0 37 39 30 57 102 2 0 2 14 19 2 6 43 8 9 6 49 20 0 0 0 0 0 0 0 0 0 0 0 1 5 6 11 10 14 66 47 75 82 144 80 5 4 1 2 0 0 4 0 0 0 6 0 7 0 1 59 64 10 3 3 1 1 1 4 0 110 31 3 2 0 0 0 2 0 0 0 0 0 0 0 0 0 1 2 0 1 0 0 0 1 2 1 2 0 0 5 0 10 42 16 0 0 26 0 1 0 1 1 0 0 0 3 1 0 0 0 1
3 0 0 1 7 2 0 0 0 0 0 0 0 5871 1256 129 146 21 17 33 5 1 20 32 1 2 145 246 82 52 9 1 2 114 1415 1702 957 14 30 30 83 2 11 0 0 4 110 0 1 0 0 3 1 1 0 1 34 23 810 259 7 1 8 12 71 1 32 135 29 1 0 0 4 2 84 0 2 0 1 0 1 0 4 2 3 4 21 1 0 1 3 8 0 0 7 6 2 1 2 8 0 0 0 0 0 0 0 0 0 0 0 0 0 0 2 0 0 5 1 9 9 14 13 1 0 0 0 0 0 0 0 0 0 0 0 1 0 1 4 3 1 0 0 0 0 0 0 0 12 3 0 0 1 0 0 0 0 0 0 0 0 0 0 0 1 0 0 0 0 0 0 0 0 0 1 0 0 0 0 0 3 9 4 0 0 3 0 0 0 0 0 0 0 0 0 0 0 0 0 0
18 4 4 13 129 204 0 0 2 0 1 48 3 1693 1031 806 928 343 251 734 100 133 362 203 29 42 297 537 122 176 146 9 13 342 978 957 2401 1834 185 282 829 23 63 6 6 57 851 4 6 2 1 1 4 13 2 2 82 360 1825 158 90 8 32 57 206 1 45 669 87 1 1 2 19 14 590 16 2 1 5 0 2 1 7 13 43 26 60 4 0 1 20 8 1 3 35 121 8 4 20 31 0 0 0 1 1 0 0 0 0 0 0 4 33 8 7 21 40 5 89 26 78 23 61 31 60 2 22 3 2 8 3 1 0 22 3 62 2 3 181 204 12 37 8 3 11 2 0 1 91 19 19 1 2 0 0 0 1 0 0 0 0 1 0 0 2 13 5 5 3 0 3 0 3 14 1 12 0 0 12 1 14 190 6 3 1 27 1 0 0 0 2 1 1 0 1 2 3 8 0 17
42 4 13 36 382 723 3 2 15 1 25 563 446 73 200 1185 2055 1587 5952 1089 562 1800 519 206 449 134 183 144 394 356 292 275 1538 1897 92 14 1834 11383 481 649 1152 54 114 1322 358 1860 2078 23 17 71 8 30 21 57 5 15 274 1755 702 248 1477 21 61 80 200 45 215 2166 205 7 7 399 1169 561 2769 78 52 173 159 17 16 41 60 81 251 237 662 64 28 71 399 44 5 7 88 1156 63 24 352 99 5 10 6 6 4 15 3 7 6 0 4 34 139 59 109 108 191 112 471 328 537 444 508 154 328 16 66 5 5 46 22 2 28 310 22 583 11 15 1160 1198 63 181 39 26 149 8 14 16 772 254 84 3 3 5 1 17 3 10 3 10 6 5 2 0 31 50 58 23 4 5 28 13 60 73 12 114 8 6 100 17 439 1668 220 20 17 499 2 3 7 12 17 8 7 23 57 4 53 46 3 77
15 4 1 12 86 132 1 0 0 0 3 49 28 306 606 1165 48 6479 123 88 15 59 48 241 20 12 305 2957 156 166 90 10 20 67 28 30 185 481 18251 21 345 119 205 18 4 1453 49 116 21 10 1 3 3 15 3 4 55 161 35 12 12306 48 91 254 6431 35 60 127 3428 10 7 3 35 8 395 744 4 1 5 2 6 1 22 12 26 27 33 8 15 5 410 48 2 3 83 138 4 7 25 21 1 5 2 1 1 1 0 2 0 0 0 4 9 208 321 31 4 87 38 932 31 146 43 0 11 3 1 22 0 117 25 3 5 7 1 13 2 5 22 19 410 6 280 13 8 18 50 90 27 1285 4 7 5 0 0 18 1 0 0 1 0 2 1 3 2 0 141 113 14 4 1 8 9 4 16 110 2 0 190 17 14 22 16 2 18 12 0 2 9 0 2 19 14 4 2 0 3 2 4 1
7 1 3 4 10 23 1 2 7 0 5 22 3 470 348 273 420 112 462 989 275 2610 1814 4601 2561 3925 2007 46 288 25 7 0 5 77 3412 30 282 649 21 8836 743 211 342 27 11 66 5447 5 31 7 4 6 21 153 7 7 82 10 216 27 77 28 101 109 40 4 523 220 35 3 2 3 119 117 49 11 21 2 7 0 4 7 93 159 236 392 396 7 12 6 40 45 5 13 203 7 24 5 455 13 1 0 1 0 0 1 0 1 0 0 0 1 12 5 6 22 29 38 98 29 146 109 181 7 19 1 4 0 2 6 0 0 1 20 2 43 2 3 205 197 5 11 5 2 8 0 3 0 179 38 8 0 1 0 0 1 0 0 3 1 1 0 0 0 0 5 7 2 2 0 2 1 2 5 3 10 0 0 7 1 31 187 62 0 2 67 0 2 2 0 1 1 0 2 2 0 1 1 0 3
882 485 354 647 536 997 89 214 95 73 135 1344 28 846 1464 1469 574 1309 564 747 1900 1497 8197 1949 175 615 674 328 413 914 702 34 91 200 134 83 829 1152 345 743 5477 5206 559 38 66 964 226 241 697 91 135 82 32 60 1458 803 59 71 50 13 1243 230 302 144 199 83 176 91 379 122 98 240 320 170 378 238 340 10 138 12 224 46 3055 200 689 173 153 324 236 159 1083 1232 158 165 366 225 377 138 144 38 9 10 31 45 7 100 5 10 16 4 42 115 19 15 100 18 20 20 56 115 63 46 69 69 164 6 7 9 1 24 12 3 67 225 12 225 3 2 172 165 71 27 82 16 58 28 70 12 94 409 40 45 44 9 4 49 15 17 14 65 6 1 1 2 94 6 162 61 19 8 27 12 156 49 52 154 18 38 323 55 471 399 41 7 37 385 13 9 98 12 24 101 67 57 92 4 33 25 4 36
29 3 2 2 17 20 3 6 2 0 2 11 14 44 125 270 54 315 97 103 49 232 2117 4746 52 153 196 68 43 22 15 0 3 10 31 2 23 54 119 211 5206 6965 5309 17 46 544 137 79 1854 37 15 0 5 14 7 4 16 7 18 1 814 103 116 39 71 68 53 25 216 28 16 3 15 16 27 144 11 1 4 0 20 4 27 18 32 76 34 44 76 60 963 1317 19 111 1365 17 7 2 48 4 0 0 1 0 0 0 0 0 0 0 1 0 0 9 60 1 3 5 6 53 6 10 8 0 2 0 0 2 0 11 3 0 1 0 0 8 0 0 6 5 28 1 46 3 2 17 64 0 9 253 1 11 15 0 0 47 1 0 0 7 0 1 0 0 1 0 100 29 12 8 0 5 0 1 37 114 2 7 265 45 10 8 1 0 24 11 0 5 18 0 0 34 15 2 3 0 0 0 1 0
9 5 3 10 19 19 0 2 1 0 3 18 20 52 83 178 64 547 173 140 74 464 580 1937 252 187 615 89 187 52 17 1 1 36 111 11 63 114 205 342 559 5309 4405 24 53 1840 435 111 1030 34 6 5 20 90 4 5 47 7 58 9 2432 311 2304 8135 596 148 270 102 1134 25 3 3 18 25 44 180 22 4 7 2 8 3 55 70 120 225 145 41 87 62 2269 215 10 98 3242 12 15 6 189 11 0 0 0 0 0 0 0 0 0 0 0 0 5 18 162 6 3 7 12 121 25 23 16 4 7 2 1 5 0 5 3 1 1 6 0 7 0 0 17 17 73 6 99 9 3 23 137 6 34 668 4 11 14 0 0 35 2 0 1 5 0 2 0 2 0 3 287 55 12 10 3 2 1 1 26 219 1 5 434 40 8 26 13 1 31 12 1 5 11 0 3 51 23 0 2 0 1 0 2 2
5 0 0 0 1 2 0 1 1 0 11 31 3425 5 8 51 30 440 10012 307 4 20 5 8 8 9 9 11 2 1 0 3 10 3 2 0 6 1322 18 27 38 17 24 8327 3229 1678 20 27 10 476 5 125 1 2 1 1 4 1 2 0 266 42 19 7 22 729 7 10 12 14 12 167 1769 1595 5 16 456 4733 2398 109 36 455 0 5 1 7 12 360 82 385 859 20 6 10 68 6 15 2 4 0 0 5 1 1 3 0 0 0 0 0 0 1 52 124 333 42 52 289 172 1325 383 1139 363 28 53 6 12 7 4 67 9 2 3 35 4 115 8 6 407 358 121 39 51 8 21 5 23 52 727 731 22 6 9 1 0 13 10 1 5 19 1 1 0 0 2 6 61 27 3 8 1 3 2 20 12 101 2 11 142 18 79 590 327 0 19 201 1 5 13 2 8 30 9 6 3 0 5 7 2 18
3 0 0 0 1 6 4 2 61 10 68 132 4630 2 3 12 20 44 1369 111 5 16 4 4 3 2 2 4 4 3 0 4 12 0 1 0 6 358 4 11 66 46 53 3229 12776 2827 7 90 29 3029 10 57 2 2 1 0 0 0 0 0 111 83 57 12 10 1215 5 1 44 38 31 299 952 310 4 85 1864 594 1258 91 66 638 2 2 5 11 1 842 411 4388 5722 48 11 16 179 8 432 50 4 1 0 0 0 0 0 3 0 2 0 0 0 1 2 4 71 0 1 10 5 77 10 42 8 0 0 0 0 5 0 2 5 0 0 3 1 3 0 1 13 10 39 3 43 3 1 33 286 5 30 564 2 19 39 0 0 225 15 1 7 24 1 1 0 0 0 0 310 83 29 52 1 3 0 0 87 428 3 14 1358 194 17 28 14 0 97 21 8 36 32 1 1 211 51 1 7 0 0 0 0 1
20 1 0 8 33 67 2 3 16 1 10 55 4453 58 87 104 37 5477 2395 101 15 147 89 737 99 31 590 471 302 105 34 9 14 24 35 4 57 1860 1453 66 964 544 1840 1678 2827 5510 101 61 46 80 4 21 14 55 11 3 104 30 24 4 1578 62 303 1415 2584 1218 183 77 691 19 7 36 724 169 111 164 170 128 144 8 14 25 53 47 89 121 66 43 52 131 2106 180 3 17 533 83 59 7 92 11 1 5 1 2 2 5 0 5 0 0 1 6 58 319 1561 78 12 87 66 1305 109 309 84 7 19 14 5 88 3 276 49 6 7 20 1 37 2 15 79 81 1133 25 1241 42 21 165 853 304 209 5040 25 8 13 1 1 157 2 0 0 4 3 15 0 6 6 8 1117 492 20 50 16 38 21 22 50 661 6 8 1124 66 31 126 47 13 64 47 5 18 32 5 5 50 26 16 1 1 6 4 6 11
5 1 0 1 13 11 2 3 17 0 6 24 2 532 279 163 215 175 157 188 79 639 293 2038 1269 341 1357 356 297 37 13 5 44 789 580 110 851 2078 49 5447 226 137 435 20 7 101 5263 8 20 7 7 2 22 128 6 6 152 53 833 188 154 32 268 404 300 7 483 1464 178 5 0 28 735 240 284 17 85 1 29 0 7 2 74 122 153 353 624 5 7 3 63 34 6 12 236 21 53 14 326 32 2 1 1 0 0 1 0 0 0 0 1 6 12 4 13 11 31 24 99 19 97 58 126 26 31 0 7 0 1 2 2 0 6 71 6 103 2 1 214 209 15 12 11 7 19 2 8 0 149 43 11 1 1 1 0 3 0 1 1 0 1 0 0 0 2 6 6 1 2 0 2 3 7 9 1 10 1 1 17 3 136 300 68 1 0 154 0 0 5 1 3 3 4 2 11 2 6 2 0 10
41 12 4 10 12 23 7 4 3 3 4 25 8 8 22 24 6 67 20 16 13 60 19 42 25 6 41 19 99 55 24 2 2 2 6 0 4 23 116 5 241 79 111 27 90 61 8 31590 481 857 26 78 2 19 10 5 21 7 4 0 467 16826 2122 131 183 38 68 16 6518 2567 10248 8 16 56 29 11064 89 8 18 21 1217 86 41 21 24 41 15 5551 5499 945 1418 683 133 326 1557 5 31 6 36 5 11 0 3 3 0 3 3 7 7 2 0 1 4 3 21 6 2 2 3 11 8 7 4 1 5 1 1 13 2 4 7 2 2 8 0 8 2 2 7 5 11 19 12 55 13 267 50 1 38 122 6 620 1131 25 24 467 47 18 50 305 5 2 3 2 2 2 98 368 463 21 6 12 4 6 1270 663 129 463 1738 405 9 43 9 1 500 84 170 99 1223 2 4 1852 1118 2 24 7 2 3 1 2
36 9 5 15 7 19 11 14 1 3 2 19 10 9 48 102 28 84 77 95 37 200 155 196 41 19 48 28 72 24 16 0 0 3 7 1 6 17 21 31 697 1854 1030 10 29 46 20 481 7951 242 59 9 6 17 8 4 14 1 0 0 127 517 341 31 29 17 70 5 148 139 65 10 3 35 11 407 40 1 11 0 46 12 46 32 60 86 28 261 538 382 619 8944 128 2012 3936 7 17 9 54 1 1 0 4 0 0 0 0 3 2 0 1 1 0 1 9 2 0 2 3 16 5 8 5 0 1 0 0 1 0 1 2 0 1 5 0 5 0 0 2 5 5 3 4 11 3 44 27 0 10 46 0 85 145 4 2 82 5 4 11 43 0 1 0 0 2 0 54 61 75 6 2 2 2 2 207 159 13 52 397 95 7 14 2 0 84 17 20 20 147 1 0 308 179 1 4 2 1 0 0 0
17 3 3 3 5 9 6 10 48 3 48 82 91 2 3 7 16 12 179 33 4 15 13 5 7 1 4 1 16 14 4 0 2 1 1 0 2 71 10 7 91 37 34 476 3029 80 7 857 242 9801 51 1121 1 3 2 1 3 2 0 0 45 866 138 9 14 949 15 2 142 220 271 115 238 656 4 298 1410 139 432 1193 576 7633 15 6 7 6 4 5871 1471 6736 1534 275 48 142 672 3 330 41 6 0 1 0 1 1 0 1 2 5 3 0 2 1 1 1 11 0 0 1 2 13 3 2 7 0 0 1 1 3 0 1 2 0 0 2 0 3 0 0 3 6 5 5 6 10 4 79 72 1 20 66 1 143 247 5 6 326 85 6 64 223 0 0 0 0 1 0 45 108 115 14 4 3 2 2 344 251 59 124 866 172 5 21 6 0 138 43 87 105 433 1 0 601 247 0 11 2 1 0 0 1
256 70 37 38 40 45 91 83 4 19 10 59 1 1 1 6 1 3 0 8 4 12 1 8 14 1 6 8 131 151 59 4 6 3 2 0 1 8 1 4 135 15 6 5 10 4 7 26 59 51 22022 20776 23 23 114 9 13 2 0 1 7 33 16 9 6 41 50 5 13 172 22 14 7 53 28 4 51 3 16 1114 1866 263 442 51 22 15 34 195 12 8 9 8651 5970 134 64 25 27 38 9 8 0 0 1 0 0 3 1 0 2 0 1 6 0 0 0 1 0 0 2 0 1 0 1 4 5 0 0 0 0 0 0 0 4 20 1 21 0 0 10 5 0 0 1 1 11 0 0 0 1 1 0 13 7 2 1 1 273 30 198 219 1 0 0 0 8 0 1 1 1 0 0 1 8 2 6 1 51 26 8 0 40 27 4 0 2 25 29 7 62 0 1 10 9 5 4 0 2 0 0 1
356 100 47 52 41 71 101 123 24 27 26 110 7 5 2 2 3 9 65 5 8 10 1 1 14 1 12 10 135 150 57 4 7 6 4 3 1 30 3 6 82 0 5 125 57 21 2 78 9 1121 20776 32963 29 16 168 8 11 8 0 0 10 236 16 4 8 750 31 10 10 498 128 83 67 768 78 8 681 50 146 17106 4393 2524 453 57 26 18 34 1191 50 41 14 2195 3468 111 39 37 183 65 14 8 16 3 10 4 1 8 13 11 9 1 7 14 0 1 3 0 0 0 2 3 5 0 1 9 4 0 1 1 1 0 2 0 7 35 1 45 1 0 7 10 1 3 0 19 7 9 8 0 6 13 2 123 43 31 6 41 4018 1043 4176 3516 39 4 2 3 12 0 3 5 6 33 16 0 25 4 15 7 864 402 73 6 80 38 65 3 5 98 749 106 792 3 14 114 211 7 40 11 0 2 0 1
1112 89 88 73 124 142 1070 496 25 152 22 117 2 8 12 14 0 5 1 0 4 19 5 14 78 0 40 41 2207 478 159 5 9 16 11 1 4 21 3 21 32 5 20 1 2 14 22 2 6 1 23 29 7735 9649 1806 4 76 8 1 1 17 15 37 24 28 0 388 25 47 5 1 24 9 32 165 1 36 2 4 6 16 3 2699 492 67 16 177 1 2 1 11 34 5 9 29 65 73 3208 48 30 1 0 5 6 1 3 0 2 1 0 7 15 0 0 1 0 2 0 5 1 2 1 0 8 21 0 0 0 0 0 1 1 11 45 1 56 0 0 10 19 1 1 0 2 18 2 0 0 2 3 5 1 0 1 0 0 1 0 0 0 0 1 0 1 13 1 2 0 0 0 2 2 10 7 0 0 0 0 3 0 99 72 3 1 0 49 0 1 1 2 2 0 0 8 12 0 5 2 0 3
836 155 103 158 276 481 468 306 29 87 51 511 2 32 28 22 2 33 6 9 6 72 33 69 489 26 150 92 6171 690 360 23 29 29 38 1 13 57 15 153 60 14 90 2 2 55 128 19 17 3 23 16 9649 11930 388 6 381 8 7 0 75 67 175 108 150 3 4799 69 139 14 6 60 37 36 309 15 62 1 43 1 11 0 1589 3117 138 102 701 8 7 8 48 73 19 27 174 219 140 921 375 208 0 1 11 16 2 28 1 5 5 0 16 30 0 1 5 1 2 0 10 4 5 1 1 18 21 2 0 1 0 1 3 0 16 47 2 61 0 0 17 19 2 0 4 2 18 2 3 1 7 23 1 1 1 0 1 2 0 4 2 4 1 1 0 0 28 1 8 0 0 0 8 1 37 1 0 4 1 0 8 1 117 83 5 0 1 85 0 0 3 1 1 2 1 11 15 1 9 4 0 6
357 23 27 16 41 36 384 173 12 47 3 32 0 8 4 8 1 9 3 1 4 5 6 9 11 1 9 8 494 110 37 4 6 9 4 0 2 5 3 7 1458 7 4 1 1 11 6 10 8 2 114 168 1806 388 20004 407 12 8 0 0 14 10 8 7 13 4 49 3 15 25 19 12 2 13 59 1 10 0 3 20 83 4 3734 35 20 14 28 31 5 2 11 599 76 14 20 24 16 829 12 5 1 1 3 1 0 8 0 1 0 0 3 4 0 0 2 0 2 0 0 2 2 0 1 1 7 1 0 0 0 0 1 0 8 14 0 23 0 0 6 8 0 0 3 1 6 0 3 0 3 3 1 4 4 1 0 1 5 1 3 11 0 0 0 1 5 1 3 0 1 0 0 0 10 4 1 0 1 7 3 0 40 34 1 0 0 28 2 0 10 0 3 1 2 4 4 0 1 2 1 2
126 67 40 84 73 102 16 32 5 4 18 140 0 2 1 3 0 4 2 1 319 9 2 2 16 1 4 8 52 123 95 4 1 7 3 1 2 15 4 7 803 4 5 1 0 3 6 5 4 1 9 8 4 6 407 1613 10 3 0 0 9 8 18 4 11 1 33 5 18 6 1 13 5 12 19 2 16 0 11 5 10 1 4573 41 408 48 28 13 2 1 3 75 4 6 19 26 16 10 15 4 0 0 1 4 0 4 0 0 1 0 1 5 0 1 1 0 0 0 1 0 1 2 0 5 3 0 0 0 0 0 0 0 3 8 0 9 0 0 6 1 0 1 1 2 4 1 0 0 1 2 0 0 2 1 1 1 1 1 3 3 0 0 0 0 2 0 0 0 0 0 0 0 10 0 2 0 2 2 1 0 22 10 2 0 0 11 0 0 3 0 0 0 0 2 2 0 1 2 0 1
52 27 14 33 2541 280 4 5 13 2 9 122 5 246 159 89 5 49 16 8 12 16 15 53 253 9 328 594 5221 4717 7729 24 44 284 135 34 82 274 55 82 59 16 47 4 0 104 152 21 14 3 13 11 76 381 12 10 19624 135 27 22 126 52 222 163 625 4 7039 437 384 6 3 26 58 7 4331 20 35 0 22 0 12 0 171 364 117 649 3415 10 6 3 49 27 10 14 91 2229 42 29 2433 4646 1 0 3 0 0 4 0 0 0 0 0 4 0 2 8 0 1 2 3 12 3 4 1 4 3 0 0 0 0 0 0 1 4 15 0 14 0 0 4 5 13 0 12 1 3 1 3 1 5 43 0 2 1 1 0 1 0 1 0 0 0 0 0 0 2 0 14 4 0 1 0 0 4 0 1 6 0 0 14 0 29 11 4 0 1 22 1 0 2 0 1 3 1 3 4 0 1 1 0 0
6 0 0 3 83 149 5 0 29 3 4 333 2 144 107 136 11 74 5 10 18 31 15 17 5 1 43 383 117 72 114 2019 1301 5375 14 23 360 1755 161 10 71 7 7 1 0 30 53 7 1 2 2 8 8 8 8 3 135 7514 674 3299 64 4 19 16 287 1 57 1271 233 4 4 208 140 43 5739 39 53 1 194 2 6 0 27 13 23 15 16 2 0 1 6 8 1 3 9 1782 63 20 13 66 3 2 8 1 1 11 0 1 1 0 8 21 0 1 4 0 0 2 0 8 1 1 3 9 14 0 0 0 0 2 2 1 8 59 1 71 0 0 5 6 5 0 5 1 16 1 0 1 0 30 2 3 3 1 0 0 1 6 0 4 1 0 0 0 17 0 3 1 1 0 4 2 16 1 0 4 1 1 6 0 110 43 2 1 0 54 0 1 2 0 5 1 1 9 13 0 9 2 0 2
2 1 0 1 11 4 0 0 1 0 1 2 0 1300 410 91 33 47 18 14 23 32 17 281 7 27 417 484 44 36 15 6 14 3637 3006 810 1825 702 35 216 50 18 58 2 0 24 833 4 0 0 0 0 1 7 0 0 27 674 6332 1640 20 8 51 89 269 0 30 1607 99 0 0 3 45 8 475 4 1 0 2 0 0 0 3 6 7 5 41 1 0 0 15 1 1 0 27 19 4 1 9 5 0 0 0 0 0 0 0 0 0 0 1 0 3 1 5 1 0 1 15 11 5 5 12 3 2 1 0 0 0 1 0 0 0 0 0 5 1 0 17 21 4 1 1 1 0 0 1 0 11 13 1 0 0 0 0 0 0 0 0 0 0 0 0 0 0 0 0 1 0 0 0 0 1 0 2 3 0 0 5 0 7 20 4 0 0 6 0 0 0 1 1 0 1 0 1 0 1 0 0 0
1 0 0 1 16 9 0 0 0 0 0 1 0 493 112 22 4 17 2 1 1 2 2 41 1 5 89 93 43 27 17 12 12 1331 928 259 158 248 12 27 13 1 9 0 0 4 188 0 0 0 1 0 1 0 0 0 22 3299 1640 577 7 1 9 19 30 0 6 1525 14 0 0 0 2 0 828 0 0 0 0 0 0 0 1 1 2 0 4 0 0 0 1 0 0 0 5 28 1 2 1 13 0 1 0 0 0 0 0 0 1 0 0 0 0 0 2 0 0 1 1 3 0 0 3 0 0 0 0 1 0 0 0 0 0 1 0 0 0 0 1 1 1 0 0 0 0 0 0 0 0 1 0 0 0 0 0 0 0 0 0 0 0 0 0 0 0 0 0 0 0 0 0 0 0 0 0 0 0 0 0 0 1 1 0 0 0 0 0 0 0 0 0 0 0 0 0 0 0 0 0 0
20 5 3 6 49 89 5 7 10 3 6 72 147 63 95 295 36 4866 355 87 43 199 126 888 108 31 776 712 348 157 79 10 25 59 37 7 90 1477 12306 77 1243 814 2432 266 111 1578 154 467 127 45 7 10 17 75 14 9 126 64 20 7 10189 214 747 1754 3486 87 264 111 6433 39 24 12 260 45 188 10320 36 15 34 2 19 6 67 68 121 165 70 44 179 66 3176 321 8 65 1403 97 25 9 165 21 2 7 0 0 1 3 0 3 0 0 1 1 18 198 599 64 7 47 67 508 66 89 69 6 11 15 4 30 1 137 28 4 9 23 2 23 1 12 54 49 529 16 619 19 17 87 385 164 117 1968 12 19 23 3 2 168 1 0 0 4 6 5 1 7 9 6 474 284 36 14 9 27 18 13 63 513 3 8 849 105 35 98 23 7 84 58 10 12 27 4 3 102 43 9 7 0 5 2 1 6
36 10 6 6 9 22 9 14 5 2 4 20 0 11 18 27 14 76 44 38 29 153 55 72 70 12 83 15 263 77 16 2 1 6 11 1 8 21 48 28 230 103 311 42 83 62 32 16826 517 866 33 236 15 67 10 8 52 4 8 1 214 22385 7399 369 233 40 205 19 1791 10589 5690 23 13 80 22 904 130 6 32 37 1998 206 70 51 83 133 37 3081 1666 780 575 828 472 1504 5718 13 34 10 104 7 10 0 3 3 1 1 4 7 7 0 0 2 2 1 12 2 1 5 1 16 6 8 3 3 3 0 2 4 6 3 7 1 1 4 0 6 1 0 5 0 8 14 5 49 13 120 30 0 15 70 3 964 1103 29 36 217 89 23 80 591 7 0 1 0 3 0 62 184 326 11 7 11 2 4 732 322 146 647 912 260 9 10 5 1 251 35 278 108 1693 1 6 1361 1042 2 9 5 1 2 2 4
21 10 2 6 28 22 3 3 4 2 3 21 9 55 96 101 33 248 68 83 40 305 102 263 205 50 593 94 817 242 31 0 2 21 102 8 32 61 91 101 302 116 2304 19 57 303 268 2122 341 138 16 16 37 175 8 18 222 19 51 9 747 7399 29513 9591 4468 61 682 148 3867 460 39 5 27 28 74 659 38 5 11 1 53 11 127 131 200 307 144 113 466 310 1491 413 43 442 8986 21 20 16 274 30 0 1 0 0 0 1 2 2 1 0 0 1 2 2 35 6 0 5 8 38 18 15 22 1 4 0 0 1 2 1 7 0 1 11 0 9 0 0 14 20 29 4 35 11 3 61 84 2 35 243 2 60 107 1 4 173 5 1 7 22 1 2 0 3 1 0 216 135 84 19 3 7 1 2 228 557 3 23 976 209 12 38 10 1 145 40 15 27 92 0 1 309 144 0 9 1 1 1 0 3
10 3 2 2 21 39 0 0 1 0 0 12 26 115 93 136 28 950 111 65 17 143 51 1055 208 38 1283 347 449 112 29 4 5 39 213 12 57 80 254 109 144 39 8135 7 12 1415 404 131 31 9 9 4 24 108 7 4 163 16 89 19 1754 369 9591 3832 12210 48 400 223 3135 33 5 4 25 19 77 108 9 1 2 1 12 1 64 85 94 221 162 10 23 18 504 36 10 34 1768 21 11 11 166 33 0 2 0 1 0 1 0 0 0 0 1 1 1 13 132 7 1 12 11 161 14 25 28 3 3 0 0 7 1 17 4 1 3 10 0 7 0 0 14 15 103 3 110 5 10 19 57 8 18 511 3 3 7 0 0 20 0 0 0 2 0 1 0 0 1 0 142 37 6 6 1 6 2 1 11 89 1 3 133 24 11 32 8 0 13 11 3 3 10 0 0 21 10 1 1 0 1 0 0 2
44 13 14 32 197 313 8 0 5 0 3 125 55 847 1090 573 53 1632 149 51 24 64 24 187 68 5 1936 2490 1466 884 310 17 29 130 223 71 206 200 6431 40 199 71 596 22 10 2584 300 183 29 14 6 8 28 150 13 11 625 287 269 30 3486 233 4468 12210 17246 95 611 650 12859 37 9 6 25 15 801 155 15 1 8 7 16 3 89 105 160 147 157 9 19 16 424 51 14 17 432 212 22 26 112 85 0 2 0 0 0 3 0 0 0 0 0 0 12 67 405 15 4 40 27 741 17 83 25 2 8 2 0 27 2 47 13 5 4 14 0 17 0 0 20 16 321 7 387 17 11 49 161 30 44 1736 5 0 10 0 0 35 0 0 0 1 0 2 0 2 3 0 506 138 9 5 5 22 4 3 14 272 0 4 369 28 15 31 13 6 35 19 3 3 10 0 2 25 10 4 6 1 1 3 2 1
7 0 0 0 2 4 3 0 20 2 44 79 1057 1 11 5 3 85 348 20 1 12 4 28 9 3 23 18 16 5 4 2 2 1 0 1 1 45 35 4 83 68 148 729 1215 1218 7 38 17 949 41 750 0 3 4 1 4 1 0 0 87 40 61 48 95 1442 8 3 121 21 18 104 274 844 8 55 1625 674 573 582 121 941 1 2 9 6 4 530 89 439 1286 49 15 18 139 5 172 23 5 2 0 0 0 0 0 0 1 0 0 0 1 0 2 0 75 0 3 6 2 31 12 16 9 0 0 1 0 2 0 11 0 0 3 3 0 2 1 0 9 7 14 3 15 8 0 2 213 12 23 212 0 5 9 1 0 62 45 6 27 49 1 1 0 1 0 0 34 24 2 26 3 2 0 1 8 52 10 9 225 20 6 12 5 0 16 14 8 9 39 0 0 27 15 0 4 0 0 0 0 1
234 124 109 288 651 841 41 34 65 38 84 812 7 232 110 86 14 128 26 28 22 276 91 197 1950 94 728 402 4206 728 1078 49 55 136 201 32 45 215 60 523 176 53 270 7 5 183 483 68 70 15 50 31 388 4799 49 33 7039 57 30 6 264 205 682 400 611 8 11279 359 503 37 9 127 90 74 2375 35 126 0 68 3 50 7 948 5482 706 3584 4394 34 30 8 157 213 48 93 496 730 261 96 1961 2080 1 1 17 22 7 49 4 5 7 1 21 72 3 2 14 4 8 4 10 23 7 8 9 21 47 1 3 0 0 5 3 1 26 78 4 104 0 1 48 50 8 5 18 8 24 5 13 0 19 91 10 7 11 0 0 4 2 3 1 10 3 4 0 3 38 1 23 11 4 1 8 4 62 13 10 19 3 4 37 5 211 130 14 3 6 117 6 1 7 4 11 10 5 17 38 3 20 10 2 10
8 2 3 5 22 21 2 0 24 1 13 29 2 830 427 190 33 92 27 22 28 32 28 206 12 6 622 1016 387 120 77 29 104 3447 386 135 669 2166 127 220 91 25 102 10 1 77 1464 16 5 2 5 10 25 69 3 5 437 1271 1607 1525 111 19 148 223 650 3 359 5049 308 4 1 39 478 124 1934 18 156 0 43 1 5 1 59 55 61 68 635 3 2 1 30 14 6 7 57 66 146 30 98 213 0 1 4 1 1 2 0 1 1 0 2 2 2 1 7 1 8 4 8 26 6 11 10 12 23 1 1 0 0 2 0 1 0 73 1 64 0 0 33 27 12 3 8 2 20 1 4 0 9 39 1 0 2 0 0 0 1 4 0 3 0 1 0 0 9 0 7 1 0 2 3 0 7 4 2 9 4 1 12 0 127 111 17 0 2 88 0 0 1 3 3 0 1 6 11 1 2 2 0 1
48 18 10 32 195 280 8 4 3 0 5 138 15 326 474 267 41 851 65 53 29 149 40 162 95 29 457 426 1122 689 286 20 21 85 92 29 87 205 3428 35 379 216 1134 12 44 691 178 6518 148 142 13 10 47 139 15 18 384 233 99 14 6433 1791 3867 3135 12859 121 503 308 13966 229 152 9 33 21 562 8349 28 1 13 4 72 13 112 94 163 191 100 175 929 314 2848 248 25 105 1654 157 25 25 129 61 0 3 4 0 0 0 0 5 1 0 0 0 17 14 189 20 4 11 10 160 29 43 15 2 6 2 1 14 1 8 15 3 1 11 0 16 0 1 17 18 136 10 221 18 10 156 401 3 79 1431 6 53 148 2 6 418 7 1 3 19 0 3 0 1 3 0 916 359 107 44 6 24 9 8 308 1719 14 29 2793 541 27 68 9 4 407 83 4 35 95 3 3 462 199 4 22 7 1 2 6 2
54 17 3 13 10 20 9 18 4 2 3 17 5 1 3 8 1 9 7 5 3 23 8 15 9 3 10 1 47 54 13 1 4 0 2 1 1 7 10 3 122 28 25 14 38 19 5 2567 139 220 172 498 5 14 25 6 6 4 0 0 39 10589 460 33 37 21 37 4 229 8949 4577 3 10 43 16 163 61 3 15 78 3062 390 84 26 18 8 16 1775 366 174 110 1177 2877 4753 753 8 19 14 18 2 10 0 4 1 0 2 4 2 6 1 2 6 1 1 1 0 1 2 3 2 0 1 3 1 2 0 2 7 1 2 0 0 1 1 1 6 0 0 1 0 3 5 1 15 7 33 6 0 2 17 4 534 400 19 13 75 143 46 221 1069 3 1 1 1 0 1 11 37 93 3 4 6 5 2 218 58 217 574 194 44 9 11 7 0 60 9 253 37 1148 0 2 370 420 2 5 2 0 0 1 0
42 12 8 10 6 8 12 13 5 3 1 14 2 1 2 1 1 4 10 6 1 6 0 1 4 0 4 2 23 30 9 0 1 0 0 0 1 7 7 2 98 16 3 12 31 7 0 10248 65 271 22 128 1 6 19 1 3 4 0 0 24 5690 39 5 9 18 9 1 152 4577 12720 4 11 34 7 376 62 3 17 25 6249 154 69 17 3 5 8 2723 606 239 101 595 300 269 233 6 15 9 4 1 7 0 4 0 2 1 3 2 4 0 0 1 0 0 0 0 0 1 1 0 0 2 0 0 2 0 0 2 0 0 1 1 1 3 0 6 0 0 0 0 1 4 2 17 2 25 3 0 1 8 1 394 309 11 11 47 80 22 71 509 2 0 0 1 1 1 8 21 56 2 8 2 2 1 125 43 124 441 138 28 1 8 4 1 30 8 154 39 816 1 2 280 291 0 4 3 0 1 0 1
37 65 18 65 281 1772 26 7 120 130 1085 4255 62 8 3 6 3 8 12 4 131 265 14 2 33 3 8 8 108 70 121 1298 2750 275 4 0 2 399 3 3 240 3 3 167 299 36 28 8 10 115 14 83 24 60 12 13 26 208 3 0 12 23 5 4 6 104 127 39 9 3 4 4218 4785 427 427 7 1552 463 3497 37 49 138 96 87 270 165 66 110 18 95 76 41 22 4 18 2259 3952 128 87 17 12 4 36 44 7 107 2 8 11 0 56 168 4 2 4 5 3 4 31 9 25 25 26 56 144 2 2 3 0 3 8 2 55 311 7 308 0 0 107 75 1 7 0 15 90 4 1 0 51 13 12 2 3 9 2 4 9 18 3 17 5 4 2 1 98 0 2 2 0 1 32 8 82 24 1 6 12 7 9 2 603 317 33 4 0 382 2 0 5 6 35 0 11 47 80 6 28 14 1 10
