21544 6109 12585 1634 1503 977 8360 7771 131 3053 115 1203 0 0 4 14 2 3 0 3 62 35 5 2 6 1 9 16 4801 11647 653 26 56 21 0 0 22 18 12 2 1501 4 5 1 4 2 1 40 34 20 92 106 468 523 218 96 112 9 3 2 15 51 23 6 16 1 99 10 63 68 53 42 7 15 63 35 17 1 4 27 201 58 617 338 309 37 9 149 107 43 24 176 127 64 86 222 91 928 10 29 60 9 235 158 4 210 28 9 135 64 146 51 0 0 1 1 0 0 0 5 0 0 1 5 14 0 1 0 0 1 33 0 16 21 0 12 0 0 14 10 1 0 2 5 20 1 0 0 2 2 1 3 0 1 0 2 17 8 12 9 2 3 1 7 14 1 0 1 1 0 17 8 7 3 2 2 10 3 8 0 74 25 5 5 4 59 9 2 13 1 6 2 2 17 89 16 7 1 0 2
6109 9045 3538 9624 1542 902 672 248 45 607 455 1391 0 0 0 0 1 2 0 1 89 42 1 1 9 1 1 4 731 4187 598 9 28 2 0 0 2 1 0 2 907 2 3 0 2 3 7 12 22 8 45 49 176 263 54 78 52 3 1 0 1 27 2 0 2 3 151 12 2 41 23 31 2 36 15 5 8 0 3 19 76 28 354 366 399 54 4 68 46 14 12 76 46 34 40 12 71 180 6 5 112 20 397 267 11 360 13 14 204 91 284 120 0 0 0 0 0 1 1 0 0 0 0 11 14 0 0 0 0 0 68 0 66 76 0 6 0 0 8 4 0 2 0 5 23 0 1 0 2 1 2 5 1 5 0 0 13 6 1 4 3 14 1 19 19 0 0 1 1 1 22 4 10 2 0 0 4 2 0 0 205 29 8 4 0 137 0 0 5 2 13 0 4 14 141 22 11 7 0 3
12585 3538 10273 8303 673 3021 1328 3638 118 6214 1718 16531 1 0 1 1 2 1 3 2 185 80 5 2 23 2 5 3 1225 1802 176 25 67 3 0 0 1 1 2 4 1576 11 9 0 10 0 4 39 54 22 85 105 445 556 147 156 54 7 5 0 3 62 12 5 3 5 204 25 8 73 67 75 1 73 36 6 36 2 18 29 196 67 772 593 732 134 14 185 139 35 26 183 139 87 101 61 322 624 27 6 332 37 1036 822 22 960 75 49 605 239 787 273 0 0 0 1 0 0 1 2 1 1 0 17 25 1 6 0 0 0 116 2 152 170 1 41 0 0 24 11 0 7 0 14 42 0 1 0 3 1 4 4 2 6 0 0 22 25 9 17 6 15 0 43 28 0 0 0 0 1 66 22 40 2 0 2 12 4 2 0 598 63 27 12 4 352 8 1 16 8 40 3 13 34 433 75 33 10 0 13
1634 9624 8303 20628 9741 4173 449 118 21 363 291 4365 0 0 1 0 0 0 0 1 150 68 4 1 12 0 4 0 712 3041 1797 17 66 1 1 0 3 2 0 1 805 3 3 0 0 1 4 10 11 5 27 14 117 240 32 89 126 7 0 0 1 19 5 4 1 1 207 5 2 31 11 41 4 43 13 3 12 0 8 6 70 14 288 448 398 95 4 41 26 12 7 47 34 12 27 26 120 145 16 5 128 24 412 317 12 392 18 23 241 87 291 139 0 0 0 1 0 0 0 0 2 1 1 14 14 1 4 0 0 0 56 1 82 98 0 17 1 0 8 5 3 0 0 8 20 1 1 0 2 2 3 0 2 5 0 0 8 8 0 5 3 8 3 30 19 0 0 0 0 1 26 13 10 1 0 0 7 4 3 0 257 37 12 3 2 179 3 0 8 4 19 2 9 20 180 30 11 4 1 5
1503 1542 673 9741 10763 6164 728 105 17 179 79 4397 0 0 6 23 3 22 5 2 160 131 4 7 20 0 13 11 1350 7776 10108 198 364 22 0 6 37 42 20 0 519 3 15 0 0 0 2 38 12 5 25 19 149 289 31 58 1209 17 2 9 34 46 17 5 16 3 354 6 82 32 18 65 17 26 53 76 10 0 20 7 67 12 277 476 383 157 4 34 29 5 29 34 37 18 28 238 46 166 43 17 18 2 56 50 1 54 4 4 34 18 56 21 0 2 1 1 0 1 1 2 0 2 0 10 0 0 1 0 0 0 17 1 14 26 0 5 0 0 5 7 5 1 4 3 9 0 1 1 3 4 1 1 1 0 0 3 3 1 1 3 0 7 0 4 7 0 0 2 0 1 11 3 4 0 2 4 2 1 9 0 63 11 6 0 3 55 2 1 5 2 4 6 3 10 30 4 2 1 0 1
977 902 3021 4173 6164 9980 516 79 56 671 304 16361 1 2 10 37 8 35 21 8 323 333 10 1 27 0 9 26 698 2208 1395 1931 1872 57 1 4 66 78 30 5 688 9 15 0 4 6 3 61 16 7 33 38 167 412 37 97 216 23 1 10 53 74 38 19 41 3 404 18 153 37 31 271 43 75 64 108 53 1 43 5 81 15 353 656 683 335 16 45 32 12 69 47 47 29 41 795 289 220 99 14 113 17 367 288 6 305 19 8 176 62 290 125 2 1 2 0 1 2 4 4 3 1 1 21 24 0 7 0 0 4 55 3 82 100 1 22 0 0 17 12 13 5 5 5 23 4 2 2 6 13 5 1 0 0 2 7 5 15 3 6 4 12 1 32 27 0 3 1 3 3 43 12 25 3 10 7 9 3 13 1 317 52 21 9 5 255 1 1 7 3 25 10 8 28 147 29 14 4 0 11
8360 672 1328 449 728 516 16265 12265 781 5851 340 1043 5 3 4 15 5 8 4 2 16 45 1 1 9 1 6 30 2076 2230 450 39 167 31 0 4 17 25 26 2 335 5 10 0 18 2 5 23 27 13 85 99 510 266 364 37 103 23 4 4 20 35 12 7 19 7 31 14 85 59 36 121 10 63 108 37 141 13 38 35 166 43 566 112 99 30 16 91 57 19 27 148 134 46 54 261 401 5317 7 47 54 7 217 151 7 151 20 16 120 61 124 56 0 1 3 1 1 0 2 1 0 0 0 28 23 3 8 0 0 0 24 0 47 71 1 24 0 0 40 13 1 4 1 5 30 1 2 0 1 3 3 2 1 4 0 7 17 17 5 12 1 7 3 17 22 0 0 1 0 0 37 2 21 5 1 1 4 3 7 1 127 76 12 8 0 124 3 1 13 2 7 3 5 19 66 19 11 6 0 9
7771 248 3638 118 105 79 12265 16471 632 28336 609 1115 1 0 2 1 0 1 1 0 12 9 3 1 3 0 3 2 632 929 47 9 27 2 1 1 1 2 0 0 594 4 1 0 2 0 2 15 33 11 87 105 447 287 253 42 10 6 1 0 6 31 5 2 1 4 15 9 5 55 41 17 2 16 24 5 42 4 3 42 171 48 591 125 109 6 4 127 76 20 17 125 122 58 49 20 122 1186 2 2 33 4 143 97 3 125 13 12 89 56 75 19 0 0 0 0 0 0 1 0 0 0 0 6 4 0 2 0 0 0 7 1 5 27 1 7 0 0 4 4 0 2 0 1 9 2 0 0 1 2 0 2 1 0 0 2 16 4 7 10 0 5 0 1 5 1 0 1 0 0 4 4 3 2 0 0 4 2 3 0 34 22 4 2 1 38 5 1 11 3 5 1 4 5 78 8 4 2 0 1
131 45 118 21 17 56 781 632 929 2048 251 499 59 0 1 0 0 1 5 1 33 51 2 1 10 1 0 0 75 63 4 42 226 2 0 0 0 0 0 0 44 4 2 6 369 33 1 7 5 214 13 31 56 25 35 6 7 8 0 0 3 8 2 1 0 66 13 3 5 9 15 539 12 176 14 5 953 134 209 29 41 130 62 24 35 25 2 67 30 69 78 15 18 7 12 18 2217 790 12 0 4 0 14 9 0 13 2 2 8 4 10 2 0 0 0 0 0 0 0 1 0 2 0 2 0 1 2 0 0 1 4 0 1 9 0 3 0 0 1 3 2 4 0 2 1 2 1 0 0 0 1 1 2 1 0 1 4 2 2 2 0 2 0 2 1 0 2 0 1 2 3 1 2 0 1 1 6 3 11 1 14 13 4 1 4 12 0 2 10 0 1 5 1 0 7 1 0 0 0 2
3053 607 6214 363 179 671 5851 28336 2048 22437 16415 24701 5 0 2 1 0 1 1 1 41 14 3 2 7 0 4 5 544 719 64 29 125 0 0 0 1 2 4 4 612 7 5 0 21 2 1 29 46 24 94 148 441 330 217 46 21 11 1 2 1 45 11 2 3 9 24 10 7 78 40 216 5 84 47 9 484 9 41 30 202 52 531 194 175 20 9 132 84 31 18 173 107 76 56 29 2122 2517 7 4 359 48 1143 771 21 1030 86 80 747 394 771 233 0 0 0 1 0 2 0 0 1 0 1 15 12 0 5 0 0 0 95 1 67 104 0 15 0 0 15 3 2 4 0 8 27 0 1 0 1 4 3 4 5 6 0 5 24 16 5 21 2 14 2 34 16 1 0 0 0 0 36 11 13 2 0 1 19 7 4 1 338 44 28 5 0 181 3 0 19 8 24 5 11 25 595 57 14 9 0 6
115 455 1718 291 79 304 340 609 251 16415 6440 11196 1 0 0 3 0 1 0 1 33 42 0 0 5 0 0 1 117 106 24 35 198 0 0 0 4 4 1 3 135 3 1 0 5 1 0 3 2 5 7 9 64 50 27 11 11 1 0 0 1 10 4 2 0 2 44 3 11 9 4 568 4 116 6 10 251 2 71 3 13 10 82 68 82 40 1 15 10 7 4 17 16 15 13 159 2509 537 12 0 169 23 513 401 13 500 28 23 311 178 374 165 0 0 0 0 0 0 1 0 0 0 0 29 15 0 5 0 0 1 77 1 95 124 0 27 0 0 9 4 1 3 0 10 38 1 3 0 0 2 3 4 1 6 4 1 4 13 1 4 3 19 3 25 16 0 0 0 1 1 47 14 12 2 1 0 10 1 9 0 363 69 10 3 1 269 0 0 5 9 16 0 8 33 289 32 13 5 0 6
1203 1391 16531 4365 4397 16361 1043 1115 499 24701 11196 27480 2 1 5 26 4 15 18 3 578 494 11 6 47 0 5 21 962 2005 882 1163 2252 38 2 2 38 46 21 6 1219 10 19 3 24 4 5 73 25 14 55 66 279 656 116 172 188 46 3 8 27 80 39 13 29 9 546 26 145 50 41 697 63 464 84 80 458 10 164 18 107 25 617 958 1130 545 21 65 64 21 51 115 90 48 53 1688 4220 1150 174 12 471 90 1566 1159 49 1499 110 64 860 353 1237 569 1 2 1 3 0 3 1 5 5 3 0 68 91 2 19 1 0 1 263 6 376 511 1 79 1 0 49 37 10 15 7 44 139 0 11 0 8 16 14 11 5 21 7 6 24 36 13 24 14 61 12 113 94 2 2 7 5 1 221 60 97 8 2 4 30 11 29 6 1528 238 71 24 6 1206 7 4 15 17 80 16 38 155 824 130 80 29 5 34
0 0 1 0 0 1 5 1 59 5 1 2 3240 0 2 13 50 469 4082 117 0 2 1 20 0 0 7 9 2 2 0 0 6 0 0 0 6 550 25 3 11 4 13 6879 2274 1640 0 1 1 60 0 2 0 0 1 0 1 1 0 0 10 2 1 22 21 2277 2 2 4 0 1 216 559 1586 3 3 410 166 963 3 3 17 2 1 0 0 0 8 7 49 55 0 1 1 6 4 177 66 0 0 1 3 2 0 1 2 0 0 0 0 1 1 0 55 157 9 1 81 1 441 5 516 14 3 1 1 1 20 2 39 6 1 1 2 0 3 3 0 8 4 275 3 188 0 6 32 121 29 19 974 4 1 2 0 1 0 0 0 0 1 1 0 1 1 3 2 180 88 17 329 3 6 1 0 6 177 0 1 281 16 2 6 54 1 39 7 0 2 4 1 0 20 2 3 0 0 0 2 0 0
0 0 0 0 0 2 3 0 0 0 0 1 0 5250 6555 334 266 22 5 18 9 2 112 52 8 24 1197 403 27 3 5 0 0 17 3734 4844 240 7 28 257 445 9 19 0 0 5 52 7 4 0 1 2 3 2 0 1 12 124 1179 163 12 10 12 14 31 1 35 114 42 2 1 0 1 102 22 4 0 0 0 0 0 0 2 3 2 1 4 0 3 2 8 7 0 0 16 8 1 1 10 20 0 0 0 0 0 0 0 0 0 0 0 0 128 81 0 129 35 266 91 70 122 471 310 4 1 19 25 7 4 119 2 1 0 0 3 3 113 6 19 93 16 203 2 1 23 5 1 3 68 47 23 3 1 0 3 2 0 0 0 2 0 1 0 0 1 13 2 11 9 0 0 2 0 1 3 9 2 1 14 1 1 7 83 2 3 8 0 0 0 2 0 1 3 0 0 0 1 1 1 2
4 0 1 1 6 10 4 2 1 2 0 5 2 6555 15249 10346 665 2111 77 1061 68 50 960 682 10 171 2710 1897 40 10 17 5 12 32 2965 2929 770 37 316 648 3496 98 121 4 0 35 78 34 74 4 5 1 2 11 3 4 33 235 565 196 54 45 46 74 207 5 53 125 313 5 10 9 11 205 98 28 2 0 3 0 4 0 6 23 11 11 2 21 24 3 50 65 0 28 62 53 1 4 13 43 1 1 0 1 1 0 1 0 0 0 1 1 305 188 5 308 60 433 208 139 285 1035 601 29 17 22 59 10 4 252 5 3 2 3 4 24 281 14 89 210 64 503 27 0 53 14 5 6 174 100 74 8 2 2 2 2 0 1 0 3 2 2 0 1 3 57 14 20 11 4 11 6 2 14 20 34 1 5 23 1 4 26 177 3 6 36 2 0 3 3 0 3 13 3 3 0 4 7 1 3
14 0 1 0 23 37 15 1 0 1 3 26 13 334 10346 17539 532 2971 3813 948 20 50 494 1312 19 195 2716 2495 161 60 49 21 135 128 139 578 1727 975 1242 232 2427 217 266 55 6 31 17 34 122 4 13 2 11 33 3 4 132 671 165 319 101 41 50 118 122 29 107 209 311 9 12 19 179 132 522 62 2 0 5 0 16 3 28 48 19 15 6 35 48 15 67 114 16 51 148 292 0 12 18 111 2 6 0 0 0 3 2 1 1 0 1 1 157 733 233 126 20 557 41 765 76 2075 88 10 12 16 26 79 8 761 11 5 4 11 6 30 106 5 68 63 618 145 378 1 32 25 19 174 168 494 21 11 8 1 1 6 1 4 0 1 1 0 0 0 8 16 20 92 36 32 7 13 14 10 29 104 4 8 54 13 3 25 126 5 6 17 3 1 10 2 2 15 9 3 2 2 5 3 1 5
2 1 2 0 3 8 5 0 0 0 0 4 50 266 665 532 1019 422 1495 1136 38 31 376 115 2 55 302 82 21 16 4 3 18 46 356 1814 977 1156 12 215 1097 22 19 20 45 25 21 1 19 5 1 1 0 4 0 0 9 80 71 87 8 4 4 18 10 5 7 21 5 0 0 10 18 310 80 2 1 9 1 1 3 2 2 7 4 7 2 2 8 9 26 6 1 2 16 64 0 0 4 9 1 0 0 0 1 2 0 0 0 0 0 2 211 66 1 177 56 82 149 17 266 270 243 39 50 26 80 10 6 109 4 6 3 10 8 23 151 6 130 252 26 415 13 0 40 3 0 2 225 26 74 7 2 0 1 2 0 1 1 2 0 0 2 1 8 50 6 24 9 2 6 6 7 14 10 28 2 3 12 6 5 73 101 5 6 51 0 1 1 9 3 7 7 3 1 3 9 11 1 11
3 2 1 0 22 35 8 1 1 1 1 15 469 22 2111 2971 422 14638 8063 285 19 59 253 2634 17 89 3319 412 61 41 24 7 128 83 51 150 1216 1454 2144 167 1632 311 958 783 97 321 29 61 48 6 4 1 4 18 1 2 42 231 21 82 2056 48 149 1329 410 305 41 69 263 10 19 30 255 344 297 384 4 27 30 1 14 2 8 34 11 17 4 19 43 10 231 40 7 10 169 228 8 6 11 27 2 9 2 0 4 6 0 1 1 0 5 2 54 758 592 73 13 540 15 1025 47 1989 61 12 10 15 18 199 3 830 16 7 8 8 1 22 54 7 59 51 1221 69 1465 1 38 127 251 328 143 1900 19 20 6 4 5 11 1 2 0 2 0 5 0 4 16 23 211 560 104 204 15 20 14 21 47 466 1 5 268 27 4 26 126 14 41 13 5 6 6 4 3 36 27 17 5 6 6 7 5 5
0 0 3 0 5 21 4 1 5 1 0 18 4082 5 77 3813 1495 8063 34385 12278 22 39 224 1071 8 130 1502 378 20 18 9 16 119 43 51 12 589 6825 465 213 923 140 426 9295 1102 1139 16 25 62 115 7 9 1 15 3 2 8 23 9 7 117 33 58 495 193 596 25 14 78 4 15 39 382 8503 45 84 15 241 51 8 13 45 12 14 5 6 4 34 49 92 400 59 6 29 115 94 8 4 8 3 8 3 3 5 5 12 0 1 1 0 3 3 546 1673 1229 544 88 2338 282 3917 461 8910 840 40 29 50 92 279 21 1967 33 25 14 19 13 35 432 15 174 341 2272 641 1647 2 131 143 230 704 623 2877 108 18 25 3 4 15 1 5 0 4 0 8 0 3 21 63 162 499 147 463 20 33 19 25 87 453 5 10 311 20 5 67 1151 8 31 69 6 3 14 15 4 59 49 23 3 3 14 8 2 10
3 1 2 1 2 8 2 0 1 1 1 3 117 18 1061 948 1136 285 12278 3465 46 49 597 671 9 281 715 28 10 10 14 3 21 18 127 48 238 244 23 375 1572 64 129 99 90 64 22 13 81 9 10 2 1 8 1 2 15 45 9 17 10 15 15 34 5 7 12 12 10 10 6 8 26 352 65 14 1 9 2 0 5 3 4 10 5 4 5 27 26 20 59 81 14 34 88 50 2 4 2 7 2 0 0 0 1 1 0 0 0 0 3 0 447 281 7 278 46 141 137 78 301 659 277 30 18 19 78 18 13 397 5 5 1 2 7 34 305 7 91 164 27 638 13 2 45 16 7 6 243 53 101 7 10 1 5 5 0 2 2 3 0 1 1 0 11 54 6 35 14 2 4 9 8 17 15 29 1 0 24 2 4 38 142 3 5 47 3 0 4 7 2 7 17 3 1 2 11 7 2 7
62 89 185 150 160 323 16 12 33 41 33 578 0 9 68 20 38 19 22 46 12329 6063 2532 39 210 67 61 27 75 103 122 136 520 176 16 9 113 236 15 140 1417 10 28 26 3 8 71 7 14 2 3 3 6 10 13 3121 50 104 40 15 18 23 50 32 27 3 46 200 32 3 7 268 546 296 512 22 62 1 94 0 7 5 75 85 4036 803 80 11 13 4 50 11 5 15 62 496 101 45 422 92 10 7 12 9 2 14 0 1 6 1 19 17 9 7 2 11 18 7 18 1 51 13 29 56 58 3 33 2 1 8 8 0 33 76 20 94 8 1 220 146 7 48 6 5 44 4 4 0 88 5 28 0 3 2 1 3 2 8 0 2 1 5 0 4 49 7 0 1 7 1 36 9 75 37 4 8 2 3 6 3 118 169 84 32 3 148 0 1 3 3 9 4 5 28 15 5 26 18 3 18
35 42 80 68 131 333 45 9 51 14 42 494 2 2 50 50 31 59 39 49 6063 26404 5063 334 2859 1395 416 31 147 103 84 273 1101 358 51 12 146 397 36 4214 1358 131 635 43 15 20 386 38 264 24 48 36 61 212 13 290 100 201 91 27 74 156 360 199 58 11 723 283 88 74 32 709 1239 779 791 118 161 8 192 10 57 14 499 1053 5233 6423 82 125 204 45 314 250 51 128 748 711 157 76 5075 87 10 3 14 8 5 19 1 1 6 3 16 15 27 14 0 33 52 28 67 8 125 27 77 120 130 23 80 2 2 11 11 4 37 121 15 157 28 4 468 362 24 138 5 7 84 7 1 1 173 22 70 10 11 3 2 7 9 8 5 4 4 8 0 5 66 22 6 6 9 2 56 19 100 83 10 16 8 9 25 5 137 257 201 68 15 235 3 4 29 19 18 25 13 42 16 5 46 38 4 19
5 1 5 4 4 10 1 3 2 3 0 11 1 112 960 494 376 253 224 597 2532 5063 11239 8444 61 7729 1810 76 13 6 4 10 213 126 54 25 559 640 143 3597 8548 1152 652 46 10 27 114 25 309 8 26 3 9 31 0 4 3 33 41 15 67 53 83 49 14 9 46 33 43 22 16 54 405 130 42 59 13 1 25 0 18 2 24 95 113 79 2 43 94 26 157 180 21 74 427 22 9 1 83 4 1 0 0 0 0 1 0 0 0 0 1 1 44 26 3 49 27 63 43 18 58 114 97 24 20 11 23 1 1 30 1 1 5 11 3 20 37 4 69 86 28 94 12 0 18 3 6 2 62 28 30 6 7 0 0 4 1 4 1 1 1 0 0 2 7 10 2 2 6 5 11 4 9 11 0 12 3 4 16 1 12 33 34 8 7 19 2 1 10 2 2 12 7 2 0 0 5 5 3 5
2 1 2 1 7 1 1 1 1 2 0 6 20 52 682 1312 115 2634 1071 671 39 334 8444 13669 137 4649 6864 329 72 13 18 1 7 5 248 45 25 39 1791 3830 3903 4802 2016 6 28 997 300 29 396 7 12 3 33 115 8 10 24 30 40 5 1639 68 81 570 128 175 295 121 113 18 16 3 8 61 29 85 1 1 3 0 26 3 47 176 41 122 15 36 98 29 515 112 20 68 636 45 2 6 90 19 1 2 0 0 1 1 0 0 0 0 0 0 29 47 64 41 15 102 22 184 21 233 94 4 6 5 10 21 3 62 4 3 1 0 2 7 29 0 27 37 261 30 204 0 15 33 80 13 42 586 5 9 7 0 0 6 0 0 0 3 0 2 0 2 1 5 94 94 17 83 0 7 4 3 15 144 0 6 184 11 2 5 30 0 21 6 1 1 5 1 0 20 6 0 1 2 1 0 0 2
6 9 23 12 20 27 9 3 10 7 5 47 0 8 10 19 2 17 8 9 210 2859 61 137 9771 46 392 81 430 14 82 24 155 43 143 4 7 51 8 3790 344 20 287 8 14 14 4430 21 30 10 33 27 160 708 40 98 163 48 147 3 37 80 239 270 49 7 2649 2134 45 31 20 99 234 417 110 41 88 2 29 8 51 18 452 1336 844 3978 2196 51 71 17 132 70 35 43 245 86 15 31 5111 583 4 0 0 1 0 1 0 0 1 0 1 1 6 7 1 11 18 9 25 6 34 19 25 34 28 2 18 1 0 9 2 0 6 28 3 74 7 0 187 116 9 32 4 4 29 1 2 0 67 6 19 4 7 3 1 1 2 3 4 2 0 2 0 0 8 9 2 4 4 2 19 7 23 25 1 6 4 2 16 4 16 82 82 13 5 62 2 2 9 6 5 9 5 5 2 2 11 11 2 8
1 1 2 0 0 0 1 0 1 0 0 0 0 24 171 195 55 89 130 281 67 1395 7729 4649 46 5576 1247 15 5 2 2 0 4 0 37 8 8 24 25 4927 1184 153 284 1 4 10 49 5 79 1 3 2 3 26 0 2 1 4 7 2 18 20 31 34 9 3 51 7 6 5 4 4 15 122 4 15 0 0 0 0 4 0 20 74 24 39 3 8 29 6 50 33 6 22 173 2 0 2 28 1 0 0 1 0 0 0 0 0 0 0 2 0 75 33 2 51 24 82 55 23 79 183 191 16 8 4 27 2 2 47 2 0 0 0 0 11 59 2 36 94 8 118 4 0 14 3 0 1 57 23 14 1 2 1 1 1 0 0 0 2 0 0 0 0 0 10 2 5 5 2 2 0 2 1 5 9 1 1 6 1 0 7 53 2 3 5 0 0 6 2 0 2 3 1 0 1 0 3 0 0
9 1 5 4 13 9 6 3 0 4 0 5 7 1197 2710 2716 302 3319 1502 715 61 416 1810 6864 392 1247 28564 7114 742 9 63 4 8 18 3334 1003 194 39 1175 5054 1179 238 1378 5 10 228 870 17 87 3 19 17 152 500 36 37 164 228 582 53 275 29 105 864 1154 148 1575 813 34 19 8 2 24 189 54 28 3 0 5 7 23 3 173 578 169 344 63 18 41 10 90 72 18 28 217 34 1 31 450 177 4 3 0 1 0 0 0 0 1 0 1 2 140 281 151 192 26 672 87 791 125 1665 347 10 11 12 21 32 4 332 11 4 4 4 2 10 161 1 51 101 524 170 349 0 54 25 52 39 107 865 27 6 5 0 2 4 0 1 2 1 1 0 0 0 6 21 92 107 28 98 5 6 5 10 5 101 1 2 84 4 4 13 107 3 11 13 1 2 6 2 0 3 7 6 0 2 5 5 2 3
16 4 3 0 11 26 30 2 0 5 1 21 9 403 1897 2495 82 412 378 28 27 31 76 329 81 15 7114 9241 931 57 196 2 13 28 359 331 84 10 5018 87 627 61 255 1 5 106 228 28 8 2 14 15 72 249 19 16 388 499 374 45 232 46 97 498 2368 176 932 697 777 12 10 4 5 51 268 62 1 0 0 2 19 4 110 231 94 91 41 18 13 10 61 22 10 6 31 170 2 51 237 530 4 1 0 0 1 5 1 2 0 0 1 1 25 196 229 39 4 282 17 834 13 920 46 6 1 6 7 75 2 275 5 4 4 4 1 7 29 1 17 26 871 42 777 2 19 52 69 60 36 1434 6 8 3 1 5 2 2 1 1 0 1 1 0 0 6 8 149 197 39 110 6 12 3 2 17 233 1 4 171 9 2 8 44 3 16 6 1 1 3 1 1 9 9 3 0 1 1 3 2 1
4801 731 1225 712 1350 698 2076 632 75 544 117 962 2 27 40 161 21 61 20 10 75 147 13 72 430 5 742 931 17800 8984 3107 129 508 177 81 23 210 148 350 63 318 26 200 2 22 21 82 203 26 13 132 106 2819 4641 563 35 3655 206 31 45 222 381 667 378 767 6 3730 438 1251 113 90 236 55 103 2125 297 111 0 67 24 114 33 733 1339 200 239 1163 63 96 22 245 158 93 60 264 2002 161 3481 870 1817 76 19 240 195 9 200 17 3 116 28 196 130 1 2 5 5 4 8 0 14 5 5 2 40 40 2 11 2 0 7 57 3 130 173 1 75 2 0 68 24 12 15 17 14 42 6 14 5 10 32 7 9 5 11 5 22 21 17 9 17 2 23 3 31 53 3 3 10 9 10 76 18 87 7 24 34 17 8 68 7 416 124 23 21 19 393 9 6 17 8 33 26 19 62 108 37 25 6 0 12
11647 4187 1802 3041 7776 2208 2230 929 63 719 106 2005 2 3 10 60 16 41 18 10 103 103 6 13 14 2 9 57 8984 12195 7786 82 177 117 0 8 134 116 87 2 866 16 20 1 5 2 3 94 27 12 41 63 238 387 111 65 5342 40 7 20 65 86 41 25 90 2 629 19 367 52 59 81 54 41 318 156 12 2 19 21 91 26 419 369 317 95 46 74 57 15 71 91 75 36 53 1947 66 510 40 289 52 7 178 144 2 169 9 3 77 42 112 35 0 4 2 0 0 2 1 4 5 2 0 9 5 0 3 1 0 2 46 1 27 47 0 13 0 1 15 3 9 4 10 7 21 6 3 1 4 15 2 3 3 4 0 8 7 5 5 10 0 2 0 13 7 0 2 10 4 4 21 8 10 4 7 7 5 4 23 5 103 31 6 5 4 86 3 5 7 1 6 17 5 15 65 16 4 3 0 1
653 598 176 1797 10108 1395 450 47 4 64 24 882 0 5 17 49 4 24 9 14 122 84 4 18 82 2 63 196 3107 7786 6478 57 141 48 19 11 88 66 85 10 603 10 30 3 9 2 9 57 13 3 27 34 189 492 46 68 7943 56 8 14 61 80 61 36 141 3 2757 99 261 38 21 41 33 19 561 102 6 1 10 6 74 17 329 636 341 376 456 47 35 9 67 43 41 17 54 1728 17 197 533 3380 9 2 54 39 2 53 0 0 24 10 33 11 1 5 4 1 1 0 1 2 1 6 4 4 4 0 0 0 0 2 8 0 9 25 0 9 0 0 19 8 6 1 5 1 10 1 2 0 4 12 2 1 2 2 0 4 6 0 2 5 0 1 1 3 4 2 2 4 2 1 6 1 2 2 3 5 4 1 14 4 31 13 10 1 5 31 1 2 5 1 7 11 6 4 24 4 5 1 0 2
26 9 25 17 198 1931 39 9 42 29 35 1163 0 0 5 21 3 7 16 3 136 273 10 1 24 0 4 2 129 82 57 6019 4886 760 1 1 35 66 6 3 199 2 8 2 2 2 2 27 3 1 12 3 31 83 18 16 17 2717 1 2 18 23 13 5 6 0 79 8 41 8 9 424 111 35 2206 59 66 0 64 2 32 1 109 121 193 147 5 17 15 3 20 17 15 4 18 6734 207 76 77 12 18 7 42 37 3 45 4 3 27 1 67 46 0 0 3 1 4 1 0 1 5 2 2 19 21 1 5 0 0 0 25 1 47 67 1 23 0 0 25 11 6 9 6 6 19 2 2 0 7 6 11 0 0 3 0 4 4 7 0 2 3 9 0 18 20 1 0 0 1 0 23 11 24 3 3 3 7 4 7 3 132 36 10 11 2 156 3 0 3 5 9 2 12 27 28 8 11 9 0 12
56 28 67 66 364 1872 167 27 226 125 198 2252 6 0 12 135 18 128 119 21 520 1101 213 7 155 4 8 13 508 177 141 4886 12281 5142 14 26 485 2322 26 55 654 7 13 15 11 11 65 41 9 12 29 29 109 215 46 70 125 4436 79 636 25 36 17 7 20 4 232 292 60 24 23 3286 2336 514 4211 67 468 14 378 3 66 16 259 332 455 353 34 37 27 19 47 53 24 10 29 4526 1946 435 169 95 72 29 192 129 15 206 7 8 66 15 232 197 3 3 1 4 18 17 15 6 42 12 21 192 184 15 62 2 0 7 100 9 224 470 12 266 6 3 427 168 19 74 8 42 196 2 2 1 81 18 77 12 3 18 1 2 20 39 3 26 5 38 5 72 178 13 2 6 7 4 180 70 216 75 7 7 23 10 10 7 736 579 150 104 2 836 2 2 19 43 64 15 34 147 101 33 92 59 3 76
21 2 3 1 22 57 31 2 2 0 0 38 0 17 32 128 46 83 43 18 176 358 126 5 43 0 18 28 177 117 48 760 5142 5915 64 164 1902 2153 56 21 192 0 4 3 0 1 67 11 3 2 5 5 17 39 5 15 102 7548 756 5549 14 5 7 8 14 0 63 829 66 1 3 243 826 124 3990 27 22 0 42 2 11 2 63 58 69 76 62 5 1 2 17 11 9 4 5 1038 14 17 36 117 9 4 17 6 1 18 1 0 7 2 17 30 4 0 1 5 12 4 15 7 31 7 9 76 70 5 41 1 0 5 24 4 58 125 7 170 8 3 310 130 19 48 8 7 74 1 0 0 75 7 37 3 1 7 1 0 6 7 1 7 2 10 0 10 103 14 5 4 7 1 64 18 98 58 1 5 12 6 6 2 131 211 70 57 4 199 1 0 6 14 11 3 7 48 10 4 33 20 0 30
0 0 0 1 0 1 0 1 0 0 0 2 0 3734 2965 139 356 51 51 127 16 51 54 248 143 37 3334 359 81 0 19 1 14 64 3965 6893 839 61 26 2685 98 18 241 8 0 11 1081 6 6 0 3 0 11 59 9 3 30 295 1985 329 13 9 60 152 46 0 177 527 32 2 1 1 21 187 38 10 2 0 2 0 6 1 27 70 19 45 15 4 3 2 22 3 2 7 75 5 1 7 83 43 0 2 2 0 1 1 0 0 1 1 0 1 137 86 2 132 50 176 135 54 180 412 306 24 19 24 58 7 0 113 0 1 0 3 4 24 158 5 109 203 40 216 9 0 31 8 1 0 145 34 45 5 3 0 0 2 0 0 0 2 0 1 0 1 6 27 2 15 6 0 2 3 6 18 7 28 1 2 15 1 1 24 104 0 1 9 2 1 1 2 0 1 3 4 1 1 4 15 1 7
0 0 0 0 6 4 4 1 0 0 0 2 0 4844 2929 578 1814 150 12 48 9 12 25 45 4 8 1003 331 23 8 11 1 26 164 6893 2619 990 55 113 442 67 5 42 0 0 2 253 3 1 0 0 1 0 9 0 1 19 214 3451 340 17 4 37 82 78 0 36 239 69 2 0 2 1 31 42 11 1 0 0 0 0 0 5 7 5 3 1 0 4 2 9 2 1 1 12 15 0 3 10 24 0 0 0 0 0 1 1 0 0 0 1 0 42 11 2 34 25 27 31 14 67 60 82 8 18 6 30 3 0 20 0 0 1 8 3 14 23 7 66 119 11 115 9 0 8 3 0 0 66 14 24 2 2 0 0 0 1 0 0 1 0 0 0 0 5 16 3 4 2 0 6 5 6 14 4 15 1 0 7 1 3 34 17 3 2 11 0 0 1 4 1 0 5 1 0 0 6 6 1 5
22 2 1 3 37 66 17 1 0 1 4 38 6 240 770 1727 977 1216 589 238 113 146 559 25 7 8 194 84 210 134 88 35 485 1902 839 990 4249 3881 161 135 726 2 16 4 4 2 224 9 4 2 2 0 8 20 3 4 182 3320 2510 3189 40 2 4 18 25 2 84 699 133 3 4 18 166 202 1156 38 1 4 12 1 3 0 18 35 34 15 17 4 3 2 11 3 4 3 5 513 1 22 11 169 6 2 4 0 0 4 2 0 2 1 2 3 82 19 6 91 63 39 83 22 253 69 130 87 121 27 118 4 2 34 4 4 6 41 23 122 63 6 405 430 38 295 14 9 58 5 3 1 257 23 86 4 4 2 1 0 0 3 0 4 1 5 0 1 20 43 7 17 11 0 31 14 45 73 7 26 4 5 9 2 17 184 105 39 10 78 0 1 1 21 11 4 4 3 7 3 30 34 5 32
18 1 1 2 42 78 25 2 0 2 4 46 550 7 37 975 1156 1454 6825 244 236 397 640 39 51 24 39 10 148 116 66 66 2322 2153 61 55 3881 11029 38 111 466 9 35 1277 280 304 159 6 2 40 2 4 3 20 3 4 96 1271 258 1069 32 2 9 17 2 61 68 372 28 0 5 74 1506 2333 1009 34 20 63 26 7 8 27 19 37 47 34 27 13 9 32 140 3 0 3 11 733 4 14 18 80 4 6 5 4 3 8 1 4 1 2 11 6 177 88 15 188 179 165 268 74 541 370 437 217 192 56 176 19 6 97 11 10 14 71 25 235 149 17 1005 991 106 504 31 6 137 12 8 3 604 120 159 9 10 1 2 2 3 6 4 5 3 3 0 1 49 62 8 24 10 25 60 27 90 157 14 62 8 4 31 6 32 399 510 52 13 161 1 3 6 27 18 8 18 18 5 7 58 79 6 57
12 0 2 0 20 30 26 0 0 4 1 21 25 28 316 1242 12 2144 465 23 15 36 143 1791 8 25 1175 5018 350 87 85 6 26 56 26 113 161 38 15636 81 1535 387 741 13 17 313 27 225 39 4 10 5 19 46 4 5 200 430 61 86 4312 128 151 984 4110 194 226 208 7807 26 48 4 10 31 393 3114 2 0 3 0 14 2 27 77 26 16 16 14 65 20 767 32 13 14 158 230 3 10 23 182 2 9 1 0 5 10 0 1 0 0 7 8 9 469 685 35 5 231 7 1048 24 785 18 16 6 9 11 317 7 691 41 28 14 8 3 15 18 1 50 51 2106 36 2917 2 42 246 517 230 71 4163 17 19 14 1 5 23 1 2 3 5 2 11 2 7 18 23 640 1077 121 252 9 45 21 17 61 1143 3 11 793 66 3 21 28 18 85 14 2 7 10 8 3 74 43 27 4 5 6 6 3 6
2 2 4 1 0 5 2 0 0 4 3 6 3 257 648 232 215 167 213 375 140 4214 3597 3830 3790 4927 5054 87 63 2 10 3 55 21 2685 442 135 111 81 6337 941 226 1319 18 12 26 1994 15 158 8 12 8 45 205 6 14 27 56 285 47 66 74 191 309 42 12 515 235 44 24 12 20 168 443 14 48 16 3 14 0 12 4 110 409 90 299 15 24 69 18 173 92 11 55 578 13 4 4 271 15 2 1 4 1 0 4 0 0 0 1 1 4 282 100 6 251 125 200 248 72 340 436 498 69 42 26 81 13 11 183 1 3 2 8 10 50 249 15 223 428 48 516 15 6 60 14 4 4 248 64 99 8 7 0 0 7 0 1 1 5 0 0 0 2 14 61 8 29 17 4 13 12 14 41 19 37 3 5 25 4 7 88 173 12 12 49 0 2 9 5 4 11 16 7 3 3 21 15 4 15
1501 907 1576 805 519 688 335 594 44 612 135 1219 11 445 3496 2427 1097 1632 923 1572 1417 1358 8548 3903 344 1184 1179 627 318 866 603 199 654 192 98 67 726 466 1535 941 14616 4862 1435 47 161 487 163 889 4845 275 343 119 98 123 791 1778 222 272 58 31 1286 1184 465 196 230 131 233 431 517 574 583 291 390 238 1314 650 117 3 98 34 694 228 2012 538 2112 500 358 1785 3153 841 2413 2964 437 1092 3392 785 107 123 464 292 44 9 94 73 4 83 5 1 44 15 95 79 29 55 30 30 16 62 37 109 65 189 66 77 72 10 30 15 2 87 32 1 72 161 8 125 34 3 223 130 107 106 104 11 45 26 67 9 80 281 37 69 89 2 1 59 28 29 17 75 5 17 1 24 107 21 55 62 47 46 75 13 164 68 71 93 55 96 260 33 257 234 84 73 63 319 63 32 214 19 22 171 68 57 53 18 38 15 4 37
4 2 11 3 3 9 5 4 4 7 3 10 4 9 98 217 22 311 140 64 10 131 1152 4802 20 153 238 61 26 16 10 2 7 0 18 5 2 9 387 226 4862 7777 4444 11 95 367 16 101 1750 30 30 11 4 23 1 3 7 12 3 2 876 129 98 64 95 43 49 11 412 51 38 5 4 14 17 516 3 0 3 0 48 9 14 50 16 21 4 75 255 144 2309 250 32 98 753 26 5 5 14 3 0 1 0 0 0 0 0 1 1 0 0 1 1 7 5 3 2 9 1 25 4 22 9 0 1 4 5 2 0 13 7 2 0 1 1 2 2 0 9 9 29 1 28 1 2 14 67 5 3 118 1 16 20 0 4 53 0 1 0 6 0 1 0 1 3 1 21 33 12 28 2 0 0 0 52 62 3 12 171 36 0 3 5 0 55 4 2 9 33 0 1 80 19 1 0 1 0 0 0 0
5 3 9 3 15 15 10 1 2 5 1 19 13 19 121 266 19 958 426 129 28 635 652 2016 287 284 1378 255 200 20 30 8 13 4 241 42 16 35 741 1319 1435 4444 9342 15 236 1294 293 204 2319 49 34 23 53 259 12 12 50 33 62 3 3364 353 771 8362 770 145 581 177 1249 80 43 12 16 69 39 1445 10 1 10 3 41 8 108 395 95 251 22 95 530 224 6020 228 46 160 3056 77 11 20 202 33 0 1 0 1 0 1 0 0 0 0 1 0 18 40 36 24 10 58 13 96 26 135 41 7 3 4 10 13 1 28 8 2 1 4 0 6 15 1 19 27 139 26 125 0 6 62 120 5 20 387 5 20 49 0 3 58 0 1 2 12 1 1 0 1 0 4 96 89 29 86 0 7 3 2 77 169 8 24 521 72 0 9 19 2 110 14 12 20 50 0 0 193 33 2 3 0 1 3 0 0
1 0 0 0 0 0 0 0 6 0 0 3 6879 0 4 55 20 783 9295 99 26 43 46 6 8 1 5 1 2 1 3 2 15 3 8 0 4 1277 13 18 47 11 15 10183 2333 1131 34 7 3 341 9 20 1 1 1 2 0 7 10 1 53 12 13 10 7 323 2 23 8 6 5 291 3316 2957 7 10 390 1896 2968 19 31 113 2 5 3 4 3 25 33 159 425 1 1 2 21 14 14 6 1 1 2 3 2 0 1 2 0 0 4 0 2 3 49 39 50 54 42 121 73 166 191 437 155 68 63 20 75 7 2 53 3 2 1 8 8 71 37 1 313 301 97 170 49 5 44 12 10 17 244 161 58 7 5 0 0 9 4 4 2 4 0 3 2 1 9 21 10 28 6 44 20 6 22 46 17 33 3 6 52 7 7 111 279 15 17 53 2 12 10 17 9 33 14 5 6 1 16 22 2 4
4 2 10 0 0 4 18 2 369 21 5 24 2274 0 0 6 45 97 1102 90 3 15 10 28 14 4 10 5 22 5 9 2 11 0 0 0 4 280 17 12 161 95 236 2333 9879 977 5 54 45 4889 13 49 2 15 4 1 7 5 1 0 79 84 62 85 107 4645 20 14 258 41 57 516 817 393 5 84 2314 458 2335 82 139 267 9 12 10 3 3 290 286 5258 3111 27 5 25 147 8 1431 379 5 4 0 3 8 2 0 3 0 2 5 0 2 1 3 2 13 1 6 8 1 18 5 11 0 2 5 2 2 3 0 10 15 3 1 3 2 3 3 0 13 6 47 9 57 1 4 124 322 13 35 548 8 69 141 3 6 177 23 8 5 42 0 4 0 4 1 0 172 190 69 288 3 16 3 1 176 449 24 78 1680 231 3 20 15 3 317 35 33 141 167 0 1 570 102 5 4 4 3 1 2 0
2 3 0 1 0 6 2 0 33 2 1 4 1640 5 35 31 25 321 1139 64 8 20 27 997 14 10 228 106 21 2 2 2 11 1 11 2 2 304 313 26 487 367 1294 1131 977 3020 5 26 41 17 1 2 6 15 2 1 8 4 2 0 177 40 40 2037 657 1426 41 10 215 12 4 50 147 207 4 38 110 24 156 0 8 1 5 18 8 13 3 14 53 107 1587 23 6 10 191 12 119 32 11 8 0 2 0 0 1 1 0 0 1 0 3 0 5 28 143 10 0 25 5 175 13 143 4 1 2 5 1 61 5 54 21 16 1 1 1 4 2 4 14 25 342 15 448 1 10 258 782 16 52 2327 7 16 20 3 4 27 1 0 0 3 1 4 0 7 5 4 450 453 41 523 5 26 7 4 41 830 1 9 1418 106 1 13 29 4 235 42 1 6 10 4 0 124 34 8 6 2 3 2 4 0
1 7 4 4 2 3 5 2 1 1 0 5 0 52 78 17 21 29 16 22 71 386 114 300 4430 49 870 228 82 3 9 2 65 67 1081 253 224 159 27 1994 163 16 293 34 5 5 7184 5 25 4 9 9 33 157 14 8 26 120 1314 33 19 33 155 239 91 5 564 2324 62 12 7 21 255 402 26 17 22 2 18 3 10 1 93 247 70 373 637 9 14 5 49 24 8 7 122 12 3 14 395 27 5 1 5 1 2 1 0 1 3 0 5 3 58 21 0 78 59 34 130 9 163 61 138 61 51 20 58 3 0 20 4 2 4 11 15 85 54 3 290 359 20 161 10 1 57 1 1 1 179 16 43 3 4 4 0 1 1 3 0 3 0 2 0 1 13 26 6 6 9 1 20 13 15 33 8 13 2 2 8 3 9 119 156 15 10 39 1 0 1 7 6 8 6 10 2 2 21 12 1 13
40 12 39 10 38 61 23 15 7 29 3 73 1 7 34 34 1 61 25 13 7 38 25 29 21 5 17 28 203 94 57 27 41 11 6 3 9 6 225 15 889 101 204 7 54 26 5 19485 298 373 21 61 16 31 4 9 127 45 9 6 174 12114 748 204 318 33 107 31 4414 542 4594 9 8 5 151 15616 3 0 5 11 377 90 47 90 48 27 8 2150 8842 541 4038 127 37 234 821 250 8 16 26 52 1 0 4 1 1 3 1 1 1 2 4 0 0 1 2 0 0 1 2 5 6 10 4 7 5 1 21 5 4 4 8 4 0 1 1 4 5 1 10 9 8 20 4 13 18 71 35 3 20 27 7 787 1435 16 40 1053 44 30 79 283 5 4 0 1 3 0 10 68 339 59 9 16 2 8 488 53 138 659 821 122 2 9 10 2 397 49 622 405 1787 3 10 2034 501 3 19 6 2 6 1 5
34 22 54 11 12 16 27 33 5 46 2 25 1 4 74 122 19 48 62 81 14 264 309 396 30 79 87 8 26 27 13 3 9 3 6 1 4 2 39 158 4845 1750 2319 3 45 41 25 298 12370 69 115 21 18 57 14 39 10 1 1 0 96 434 276 47 27 24 83 7 86 166 95 7 1 12 19 205 10 1 6 2 123 19 112 166 62 41 12 381 1063 268 818 2940 234 1881 11043 19 5 25 35 10 3 0 3 0 0 3 0 1 2 0 4 2 1 2 1 6 2 7 4 6 4 20 8 4 0 2 3 0 0 2 1 1 0 0 0 6 0 1 7 5 5 7 1 1 1 4 6 0 5 7 2 49 76 1 2 29 6 5 6 24 0 1 0 0 3 0 1 8 19 1 3 3 2 0 41 10 14 58 58 14 5 5 7 2 30 10 23 29 91 2 0 118 23 1 2 0 0 2 0 1
20 8 22 5 5 7 13 11 214 24 5 14 60 0 4 4 5 6 115 9 2 24 8 7 10 1 3 2 13 12 3 1 12 2 0 0 2 40 4 8 275 30 49 341 4889 17 4 373 69 14369 248 1009 11 7 18 8 4 5 0 0 6 369 108 9 14 2554 10 6 115 165 216 208 243 777 10 180 1728 210 760 971 1104 6008 47 32 21 10 2 2659 1591 6777 1039 109 34 75 183 11 1052 216 13 6 3 0 0 2 0 4 1 1 1 0 2 1 0 2 0 0 0 2 0 2 1 2 0 0 0 2 9 2 3 0 2 4 2 3 0 4 3 0 5 2 7 5 4 4 9 47 20 2 6 13 1 366 852 5 14 336 167 77 141 321 6 0 1 3 1 1 2 38 145 25 9 7 1 3 281 30 176 451 686 106 3 6 12 3 216 30 297 1485 1395 6 7 1688 260 4 13 8 3 1 2 1
92 45 85 27 25 33 85 87 13 94 7 55 0 1 5 13 1 4 7 10 3 48 26 12 33 3 19 14 132 41 27 12 29 5 3 0 2 2 10 12 343 30 34 9 13 1 9 21 115 248 9533 15414 76 50 752 104 16 17 0 0 16 104 34 13 7 88 47 29 27 377 174 21 11 106 56 30 75 3 17 2376 4594 1277 755 146 50 17 26 639 147 88 66 4244 9261 519 387 35 41 118 28 19 6 1 8 8 0 8 2 4 4 2 7 5 1 0 1 0 1 1 1 0 2 1 0 4 4 2 0 0 0 0 3 0 6 24 0 12 1 1 16 7 0 1 1 6 6 3 0 0 5 1 3 49 20 4 0 5 904 325 579 460 26 3 2 3 8 1 0 4 3 18 10 5 6 5 4 0 291 107 13 3 24 24 30 6 2 40 152 46 323 1 13 45 58 3 19 6 2 3 0 2
106 49 105 14 19 38 99 105 31 148 9 66 2 2 1 2 1 1 9 2 3 36 3 3 27 2 17 15 106 63 34 3 29 5 0 1 0 4 5 8 119 11 23 20 49 2 9 61 21 1009 15414 34403 70 42 586 32 21 23 1 1 12 104 30 22 19 432 31 26 88 466 494 34 24 337 101 79 247 32 72 15456 6676 3099 637 88 52 22 30 1336 325 289 116 767 4205 115 84 40 133 156 26 23 25 1 15 8 3 8 2 20 12 1 10 8 2 0 0 1 0 2 2 2 2 2 0 10 3 1 2 3 1 1 6 1 4 16 1 23 1 0 19 12 1 6 1 32 18 11 13 2 7 2 3 88 47 27 9 37 3491 1783 2966 1517 146 17 2 14 12 0 2 3 8 114 28 8 11 5 12 2 1111 263 50 6 15 33 139 7 3 142 915 315 989 4 73 132 195 7 111 33 1 2 0 7
468 176 445 117 149 167 510 447 56 441 64 279 0 3 2 11 0 4 1 1 6 61 9 33 160 3 152 72 2819 238 189 31 109 17 11 0 8 3 19 45 98 4 53 1 2 6 33 16 18 11 76 70 5138 6583 3096 19 102 51 4 1 21 44 104 84 70 1 444 114 72 13 9 46 14 38 366 30 37 4 19 15 53 22 1485 548 47 46 181 20 21 10 48 111 49 20 75 217 45 2358 196 159 12 6 25 33 4 35 2 4 15 9 28 28 0 2 0 3 5 0 2 0 4 2 1 16 15 0 8 0 0 0 10 1 25 42 1 41 0 0 61 16 2 9 3 4 19 2 2 0 3 2 8 0 0 3 0 1 3 4 5 6 1 4 0 8 31 4 1 4 1 2 19 3 33 9 1 5 2 0 7 1 82 70 6 13 2 91 1 2 1 3 11 1 0 17 23 7 9 5 0 7
523 263 556 240 289 412 266 287 25 330 50 656 0 2 11 33 4 18 15 8 10 212 31 115 708 26 500 249 4641 387 492 83 215 39 59 9 20 20 46 205 123 23 259 1 15 15 157 31 57 7 50 42 6583 4176 427 19 289 107 21 2 69 97 379 294 184 4 5133 276 221 36 16 63 46 68 760 77 43 1 24 10 58 12 2155 6259 102 244 456 30 63 14 173 103 37 33 215 533 41 1338 961 520 18 10 56 35 0 33 4 2 19 1 50 32 1 2 1 3 5 6 0 3 4 5 3 23 28 1 18 1 1 3 15 1 25 58 1 57 1 1 70 41 6 13 4 5 23 1 4 0 8 6 7 2 7 1 0 2 6 5 1 4 3 7 2 8 46 1 3 4 2 3 25 7 62 8 4 9 6 3 20 2 127 91 16 29 6 139 2 6 5 5 6 13 5 18 31 10 13 6 0 9
218 54 147 32 31 37 364 253 35 217 27 116 1 0 3 3 0 1 3 1 13 13 0 8 40 0 36 19 563 111 46 18 46 5 9 0 3 3 4 6 791 1 12 1 4 2 14 4 14 18 752 586 3096 427 17532 753 32 32 1 1 5 24 27 32 23 5 78 47 25 48 30 33 12 24 156 9 27 0 19 157 376 91 3925 64 186 10 47 69 16 13 12 1260 275 52 42 56 32 1319 49 40 5 3 16 12 0 18 0 0 9 4 14 13 0 0 0 1 0 0 0 0 0 0 0 11 5 2 5 0 0 1 3 1 13 23 1 15 0 0 15 6 2 4 1 2 12 0 1 0 4 0 4 1 0 1 0 0 81 17 34 39 2 2 1 7 22 0 1 0 0 2 8 4 23 5 0 1 18 10 3 0 38 23 8 11 2 49 13 2 15 1 4 3 10 11 11 1 5 2 0 3
96 78 156 89 58 97 37 42 6 46 11 172 0 1 4 4 0 2 2 2 3121 290 4 10 98 2 37 16 35 65 68 16 70 15 3 1 4 4 5 14 1778 3 12 2 1 1 8 9 39 8 104 32 19 19 753 5108 24 21 4 2 5 25 24 17 16 1 62 41 23 52 21 21 14 28 127 11 7 2 4 7 97 27 5498 389 2585 283 45 74 48 8 23 387 76 53 60 113 11 42 144 46 4 3 6 6 1 4 1 0 5 1 7 7 0 1 0 2 2 2 1 0 5 0 3 11 10 0 2 0 0 0 3 0 4 19 3 24 1 0 23 7 0 2 0 0 7 0 0 0 4 2 2 1 1 1 0 0 5 5 1 6 0 2 0 1 17 1 0 0 0 1 7 1 16 5 1 1 4 7 4 0 14 20 5 13 1 34 6 3 7 1 1 4 1 10 1 1 5 1 0 4
112 52 54 126 1209 216 103 10 7 21 11 188 1 12 33 132 9 42 8 15 50 100 3 24 163 1 164 388 3655 5342 7943 17 125 102 30 19 182 96 200 27 222 7 50 0 7 8 26 127 10 4 16 21 102 289 32 24 11718 90 23 37 114 160 150 104 304 5 6338 178 651 34 52 39 29 20 1151 152 1 0 7 3 33 6 165 366 125 511 723 20 24 2 110 20 12 17 66 3098 16 132 1264 2616 19 2 53 24 3 34 4 0 18 8 24 14 2 1 5 0 4 4 2 6 4 11 2 9 6 1 1 0 0 1 12 0 16 25 0 8 1 0 20 14 13 2 6 2 6 4 7 0 9 16 4 1 6 1 0 9 1 3 0 2 1 4 0 4 2 1 1 1 2 1 9 2 4 6 16 9 2 6 37 5 44 21 9 5 7 34 1 5 7 0 4 24 3 11 20 2 4 1 0 1
9 3 7 7 17 23 23 6 8 11 1 46 1 124 235 671 80 231 23 45 104 201 33 30 48 4 228 499 206 40 56 2717 4436 7548 295 214 3320 1271 430 56 272 12 33 7 5 4 120 45 1 5 17 23 51 107 32 21 90 8469 989 3723 96 51 36 53 254 2 128 3109 705 12 28 488 544 101 7241 141 36 2 70 5 41 14 160 145 117 89 338 12 10 5 61 31 17 16 34 1160 18 31 67 189 13 3 17 13 0 16 2 1 13 1 27 33 12 11 3 10 14 12 19 21 50 17 15 103 74 11 35 5 0 5 27 0 45 142 14 182 6 4 302 145 25 45 22 11 94 3 0 0 66 43 29 7 4 8 0 4 12 12 0 4 0 13 2 8 68 23 7 6 8 3 60 26 105 54 5 7 11 3 21 1 137 272 63 63 2 177 1 3 9 16 30 14 18 30 6 7 41 28 2 31
3 1 5 0 2 1 4 1 0 1 0 3 0 1179 565 165 71 21 9 9 40 91 41 40 147 7 582 374 31 7 8 1 79 756 1985 3451 2510 258 61 285 58 3 62 10 1 2 1314 9 1 0 0 1 4 21 1 4 23 989 5712 995 15 11 39 85 87 2 58 1741 87 2 0 5 72 190 88 11 6 0 3 0 0 1 11 27 16 15 8 0 1 1 18 1 0 0 23 13 0 0 38 14 2 0 3 5 0 4 1 1 2 0 6 0 51 24 0 67 73 37 100 8 194 67 153 52 58 24 67 2 0 21 5 3 3 21 11 69 50 9 238 400 28 190 9 3 47 5 1 0 202 14 60 1 6 2 0 0 1 3 0 1 1 2 0 1 7 23 4 11 5 2 17 2 14 39 12 22 0 1 6 2 9 78 83 9 0 36 1 0 6 11 0 3 10 7 1 0 14 21 6 16
2 0 0 0 9 10 4 0 0 2 0 8 0 163 196 319 87 82 7 17 15 27 15 5 3 2 53 45 45 20 14 2 636 5549 329 340 3189 1069 86 47 31 2 3 1 0 0 33 6 0 0 0 1 1 2 1 2 37 3723 995 1746 18 3 5 4 22 0 10 517 85 0 0 8 156 7 772 18 2 0 3 0 0 0 6 8 7 4 14 1 0 0 8 2 0 0 3 78 0 3 2 34 2 0 2 0 0 0 0 1 1 0 0 2 4 7 3 12 8 5 15 4 18 10 10 12 11 4 10 1 0 5 3 2 0 4 4 25 2 0 49 51 10 23 5 2 10 0 0 2 18 6 9 0 0 1 0 0 1 0 0 0 0 1 0 0 5 4 0 2 1 0 1 1 12 11 0 8 0 1 2 1 7 29 12 11 1 17 0 2 1 1 1 2 0 3 1 2 6 7 0 4
15 1 3 1 34 53 20 6 3 1 1 27 10 12 54 101 8 2056 117 10 18 74 67 1639 37 18 275 232 222 65 61 18 25 14 13 17 40 32 4312 66 1286 876 3364 53 79 177 19 174 96 6 16 12 21 69 5 5 114 96 15 18 10133 193 339 3974 1920 161 221 68 1711 48 45 15 13 15 174 3206 11 0 18 0 28 3 31 90 39 61 6 52 131 32 1518 58 14 49 741 218 15 15 58 73 0 2 0 0 0 2 0 1 0 0 1 1 5 14 48 3 4 10 1 33 24 30 8 3 6 2 7 20 2 35 14 9 2 3 0 13 6 2 34 31 76 13 209 0 11 203 554 10 48 983 6 10 22 0 3 41 1 1 0 7 2 3 0 1 5 7 209 285 44 143 5 17 5 4 43 536 2 9 1009 111 1 19 26 2 209 29 3 8 15 2 3 102 29 4 5 4 2 3 2 0
51 27 62 19 46 74 35 31 8 45 10 80 2 10 45 41 4 48 33 15 23 156 53 68 80 20 29 46 381 86 80 23 36 5 9 4 2 2 128 74 1184 129 353 12 84 40 33 12114 434 369 104 104 44 97 24 25 160 51 11 3 193 24998 7055 720 841 62 365 56 3528 4813 2231 10 9 18 143 2849 13 0 8 23 792 285 152 262 103 125 17 2624 4585 915 2827 490 238 2727 7581 228 12 38 105 70 8 3 7 1 2 5 0 3 2 2 1 0 5 2 4 3 2 4 4 3 5 13 6 1 3 1 13 4 1 6 5 2 3 0 0 6 2 1 17 10 13 14 14 12 13 58 26 3 8 20 9 1014 1327 14 27 539 93 59 100 728 8 3 1 3 3 4 2 43 194 36 16 12 0 3 300 32 383 1253 472 99 9 10 24 1 222 35 989 368 2808 10 13 1416 536 1 15 12 0 2 3 2
23 2 12 5 17 38 12 5 2 11 4 39 1 12 46 50 4 149 58 15 50 360 83 81 239 31 105 97 667 41 61 13 17 7 60 37 4 9 151 191 465 98 771 13 62 40 155 748 276 108 34 30 104 379 27 24 150 36 39 5 339 7055 17002 8989 5420 48 1059 143 6747 482 149 6 9 28 77 1685 10 0 5 7 74 26 163 438 148 292 21 137 1542 371 2754 164 60 361 2951 171 8 57 300 103 0 0 0 3 0 0 1 0 0 0 2 0 7 12 9 6 3 15 2 49 9 49 11 3 2 0 2 2 0 15 2 1 0 2 0 3 13 0 10 11 35 18 31 2 11 29 24 4 11 77 1 164 310 2 8 292 11 5 8 63 1 0 0 0 0 4 9 37 64 16 1 5 2 3 179 37 31 133 318 44 0 4 13 1 138 11 95 114 319 1 3 542 132 2 5 3 1 3 0 2
6 0 5 4 5 19 7 2 1 2 2 13 22 14 74 118 18 1329 495 34 32 199 49 570 270 34 864 498 378 25 36 5 7 8 152 82 18 17 984 309 196 64 8362 10 85 2037 239 204 47 9 13 22 84 294 32 17 104 53 85 4 3974 720 8989 10773 9890 211 932 241 2897 129 54 3 4 43 27 884 4 0 2 2 22 5 137 365 102 262 33 33 115 36 2057 35 13 81 2320 48 5 38 360 83 0 2 1 0 1 1 0 0 1 0 1 0 10 39 72 10 4 55 5 147 12 136 21 4 0 1 5 23 2 75 11 4 2 3 2 4 7 2 16 26 306 25 353 1 7 59 227 12 32 957 4 15 31 1 2 24 1 2 0 8 2 3 0 1 3 4 246 169 25 159 5 9 4 4 34 358 3 10 598 56 2 10 9 2 85 15 3 8 26 2 2 76 19 8 1 0 3 1 0 4
16 2 3 1 16 41 19 1 0 3 0 29 21 31 207 122 10 410 193 5 27 58 14 128 49 9 1154 2368 767 90 141 6 20 14 46 78 25 2 4110 42 230 95 770 7 107 657 91 318 27 14 7 19 70 184 23 16 304 254 87 22 1920 841 5420 9890 7046 194 726 272 11349 147 81 2 8 24 262 528 5 0 1 3 32 2 83 212 73 100 20 28 108 30 890 28 26 57 700 183 3 54 167 325 1 2 0 0 1 1 1 1 1 1 1 5 5 52 115 9 1 41 2 228 9 128 4 5 0 3 1 32 1 104 10 5 5 1 0 4 4 1 18 21 424 10 558 1 8 99 283 19 24 1312 5 16 31 2 3 45 0 1 0 7 0 4 0 1 2 3 280 243 43 175 5 16 4 6 50 491 3 9 802 67 1 5 14 1 129 15 5 8 35 0 2 120 29 2 4 4 3 2 1 2
1 3 5 1 3 3 7 4 66 9 2 9 2277 1 5 29 5 305 596 7 3 11 9 175 7 3 148 176 6 2 3 0 4 0 0 0 2 61 194 12 131 43 145 323 4645 1426 5 33 24 2554 88 432 1 4 5 1 5 2 2 0 161 62 48 211 194 744 13 3 139 20 34 113 144 819 9 56 1139 625 579 342 261 1143 15 12 6 4 2 208 106 1452 2487 21 3 8 65 11 362 88 8 1 1 1 1 0 1 1 0 0 0 0 2 2 4 17 56 4 0 22 2 94 2 111 4 2 4 1 1 14 0 19 1 2 0 0 0 1 4 0 2 3 65 5 66 0 3 47 95 11 17 340 5 27 39 1 2 50 19 9 16 15 1 1 0 0 0 3 27 71 23 719 2 2 1 1 48 56 10 22 349 28 2 3 15 1 50 14 18 29 71 2 0 144 26 1 0 1 2 0 1 0
99 151 204 207 354 404 31 15 13 24 44 546 2 35 53 107 7 41 25 12 46 723 46 295 2649 51 1575 932 3730 629 2757 79 232 63 177 36 84 68 226 515 233 49 581 2 20 41 564 107 83 10 47 31 444 5133 78 62 6338 128 58 10 221 365 1059 932 726 13 11140 1007 805 93 48 87 69 111 1710 205 23 0 25 9 61 26 678 10881 360 4210 2429 57 129 28 447 128 55 70 593 1052 37 54 7926 2528 11 3 27 18 1 20 0 1 16 2 41 29 9 5 5 8 8 11 16 12 18 19 17 18 20 4 5 1 0 7 10 1 23 43 4 38 2 0 71 55 18 21 13 4 23 0 9 0 23 28 14 10 11 1 0 15 5 3 2 6 2 5 2 4 20 2 7 9 6 6 18 10 30 7 9 19 8 5 53 5 87 71 22 17 13 99 2 2 11 4 7 17 11 22 15 3 16 4 0 7
10 12 25 5 6 18 14 9 3 10 3 26 2 114 125 209 21 69 14 12 200 283 33 121 2134 7 813 697 438 19 99 8 292 829 527 239 699 372 208 235 431 11 177 23 14 10 2324 31 7 6 29 26 114 276 47 41 178 3109 1741 517 68 56 143 241 272 3 1007 3293 363 27 18 46 359 344 693 61 19 5 33 13 60 11 296 405 225 455 2619 29 23 11 44 49 30 21 92 59 1 39 741 323 8 0 5 2 1 6 1 0 3 1 7 7 18 10 1 33 60 20 56 14 82 35 53 111 71 14 68 0 0 20 7 3 23 47 18 200 21 2 511 378 31 69 6 15 81 6 4 1 192 21 84 4 5 5 1 4 8 6 2 5 0 2 0 3 50 24 6 10 6 1 44 14 87 65 4 20 6 6 15 3 49 180 157 45 10 78 4 0 7 15 24 5 9 24 4 3 42 28 3 22
63 2 8 2 82 153 85 5 5 7 11 145 4 42 313 311 5 263 78 10 32 88 43 113 45 6 34 777 1251 367 261 41 60 66 32 69 133 28 7807 44 517 412 1249 8 258 215 62 4414 86 115 27 88 72 221 25 23 651 705 87 85 1711 3528 6747 2897 11349 139 805 363 15483 538 630 11 20 31 914 10655 13 0 8 1 206 11 120 242 120 102 34 78 581 225 2164 60 61 157 1193 831 14 70 101 501 1 2 1 0 0 1 0 2 1 1 2 0 4 15 28 11 10 14 13 53 19 52 10 7 17 3 13 14 0 20 15 7 3 1 1 20 5 4 61 66 99 19 115 1 12 216 431 10 81 631 16 103 171 5 17 431 3 6 7 27 0 1 1 0 14 5 211 226 147 169 6 17 12 11 490 599 13 71 2107 335 7 28 19 8 540 51 32 150 174 4 0 862 140 6 11 8 7 3 4 5
68 41 73 31 32 37 59 55 9 78 9 50 0 2 5 9 0 10 4 10 3 74 22 18 31 5 19 12 113 52 38 8 24 1 2 2 3 0 26 24 574 51 80 6 41 12 12 542 166 165 377 466 13 36 48 52 34 12 2 0 48 4813 482 129 147 20 93 27 538 3098 1939 9 4 38 74 385 28 1 9 66 3732 558 236 150 73 51 27 1845 920 269 536 699 1810 1153 1001 78 18 45 42 31 12 3 3 5 1 4 4 5 2 1 4 4 1 1 0 1 1 0 2 1 2 5 2 8 2 0 4 2 1 1 5 3 8 6 0 9 1 0 10 3 1 8 1 7 5 17 7 0 7 8 3 293 166 7 3 64 220 289 362 1193 25 5 2 1 3 0 1 8 24 11 12 4 6 1 45 9 647 637 115 15 18 5 6 7 39 28 433 125 1613 3 19 223 224 6 4 4 1 4 0 1
53 23 67 11 18 31 36 41 15 40 4 41 1 1 10 12 0 19 15 6 7 32 16 16 20 4 8 10 90 59 21 9 23 3 1 0 4 5 48 12 583 38 43 5 57 4 7 4594 95 216 174 494 9 16 30 21 52 28 0 0 45 2231 149 54 81 34 48 18 630 1939 8241 12 6 48 90 1030 38 4 10 54 11543 571 141 89 49 20 17 4449 2455 473 1118 392 228 492 483 88 41 35 16 42 12 3 4 2 0 1 4 2 3 2 2 6 0 1 0 1 2 2 1 1 0 3 1 1 2 0 9 1 0 1 10 0 4 6 1 4 2 1 8 3 2 7 1 8 12 14 7 1 7 2 1 300 260 15 6 89 151 241 293 815 12 5 0 1 1 1 2 12 28 13 12 3 6 6 45 7 533 590 109 19 7 7 8 3 27 25 513 128 1613 8 22 298 216 4 11 1 0 1 1 2
