37929 4037 7732 2193 3120 6684 12958 14501 947 3250 74 8197 0 10 2 6 4 2 3 3 214 148 2 4 27 1 6 6 8571 4944 357 190 887 47 0 0 11 50 3 15 1648 6 20 5 2 5 33 7 34 6 104 184 1169 1960 795 535 144 22 1 1 7 24 15 5 6 4 769 19 10 73 24 441 159 39 111 4 78 1 254 27 144 14 2832 1334 2620 389 29 66 33 4 23 352 154 55 54 523 306 2945 121 19 28 19 224 113 46 279 10 19 176 94 115 487 2 0 0 1 0 3 7 2 4 5 1 21 29 0 0 0 0 2 61 4 66 124 3 40 0 0 30 23 0 1 1 20 51 2 0 0 2 6 2 5 4 2 0 1 16 6 9 13 20 30 2 60 12 3 0 0 2 0 82 62 5 6 1 1 9 5 6 1 284 35 6 8 1 72 5 5 21 11 69 6 2 15 98 15 49 4 3 5
4037 11663 4899 7322 3895 5880 183 106 37 381 10 2979 0 0 0 0 2 1 2 1 119 100 0 0 8 1 3 1 691 862 188 23 314 10 0 0 1 8 0 2 560 1 0 0 0 0 5 2 6 1 12 34 80 154 74 152 121 8 0 0 1 6 2 0 2 0 316 3 2 13 7 259 70 18 34 2 24 1 78 1 13 2 402 213 877 169 5 13 4 0 2 34 15 6 13 130 124 127 30 6 12 10 161 111 43 223 5 9 98 63 71 317 0 0 0 0 0 1 3 1 4 1 0 13 20 0 0 0 0 0 84 2 76 101 0 29 0 0 11 11 0 0 0 29 45 1 0 0 0 0 1 2 0 3 0 1 8 16 4 3 32 31 6 81 7 1 0 0 0 0 67 63 5 2 1 0 4 2 0 0 228 27 6 2 0 57 1 0 4 6 40 1 1 16 86 8 55 10 1 0
7732 4899 15957 3394 115 1884 203 1455 168 4750 76 22181 0 0 1 1 2 2 2 0 202 121 0 1 12 0 3 2 889 349 62 10 346 9 0 0 1 11 0 3 730 3 4 2 2 3 14 4 8 2 15 49 158 263 115 234 151 3 3 0 1 6 3 3 3 1 386 11 1 19 14 324 91 21 44 2 43 0 282 0 37 4 710 354 1214 225 7 24 14 3 3 80 35 15 17 59 186 160 63 15 33 25 218 130 55 322 14 23 157 106 99 470 1 1 0 0 1 0 1 0 4 3 0 28 18 0 0 0 0 0 77 1 74 129 0 25 0 0 15 14 1 3 0 23 63 0 0 0 0 3 1 3 0 4 0 2 4 9 0 1 25 33 8 74 11 1 0 1 0 0 92 58 1 1 0 0 5 4 1 0 266 29 7 4 1 73 4 1 4 13 58 3 2 19 118 14 54 8 1 4
2193 7322 3394 15511 4300 10750 53 30 23 164 19 9652 0 2 1 0 0 0 0 0 54 52 1 1 4 0 0 0 206 563 127 5 152 1 0 0 1 4 0 5 155 0 2 0 0 1 1 1 0 0 3 9 28 54 30 44 55 4 0 0 0 0 1 1 0 0 97 5 2 3 0 146 37 14 17 0 16 0 37 0 1 0 108 70 288 65 4 0 0 0 2 5 7 3 1 57 70 33 20 9 12 16 109 54 20 157 4 7 93 34 38 241 0 0 0 0 0 1 0 0 0 0 0 16 15 0 0 0 0 0 46 2 48 68 2 14 0 0 6 7 1 1 0 9 21 0 0 0 0 0 0 0 0 4 0 1 2 9 0 1 13 16 2 38 8 0 0 1 1 0 45 32 2 0 0 1 2 0 1 0 138 18 6 0 0 34 1 0 1 8 38 0 0 11 46 8 34 5 1 0
3120 3895 115 4300 8686 13993 198 112 28 111 15 3475 0 5 5 11 4 10 6 4 177 206 3 2 15 0 7 7 978 5676 5426 770 1677 101 0 1 33 54 9 5 292 2 4 2 0 4 8 7 6 1 4 9 62 126 50 74 306 55 5 7 15 6 3 5 12 0 286 12 22 7 3 460 112 12 164 1 18 0 240 0 4 1 207 130 540 144 11 5 4 0 3 23 2 1 2 2836 116 154 58 36 10 11 98 58 25 155 8 10 72 52 59 262 0 0 1 0 0 1 4 2 0 1 0 12 10 0 0 0 0 0 47 2 33 65 1 26 0 0 7 10 3 1 1 13 24 0 0 0 1 1 1 1 0 5 0 1 5 12 3 1 11 19 0 46 2 0 0 1 0 1 28 43 0 3 0 0 2 0 2 0 152 14 8 1 0 33 1 0 2 4 31 1 0 8 59 4 25 5 2 0
6684 5880 1884 10750 13993 11352 606 230 94 339 33 18527 0 5 0 0 2 3 5 1 364 429 1 4 28 1 1 2 1004 5594 6911 1203 2908 58 0 0 8 36 5 15 457 1 8 2 0 1 22 1 3 0 11 19 103 223 74 153 235 30 6 1 2 3 6 2 3 1 339 13 4 14 1 833 171 18 147 0 45 0 513 2 16 3 440 240 1116 313 22 11 3 0 8 40 16 4 10 2052 227 265 149 26 31 26 256 147 51 329 11 17 210 101 102 566 0 1 0 0 0 0 4 0 2 1 3 22 20 0 1 0 0 2 70 0 83 132 1 35 0 0 19 15 2 1 0 15 55 1 1 0 2 4 2 0 1 1 0 0 8 14 2 4 31 34 5 89 10 0 0 0 1 0 73 67 2 4 0 0 2 1 2 0 341 26 6 2 0 93 3 0 2 9 58 1 2 29 122 17 57 6 3 2
12958 183 203 53 198 606 19138 13480 1485 2243 88 697 0 0 1 4 3 1 2 0 35 45 1 0 11 0 1 0 3177 2078 165 77 410 21 0 0 5 26 0 3 179 4 4 1 0 1 8 2 13 2 28 51 929 1345 349 87 29 9 0 1 2 7 7 2 2 2 123 9 3 11 13 176 56 13 41 0 46 1 84 7 36 7 750 313 431 44 9 19 8 6 6 70 51 7 22 232 314 5710 27 7 4 3 51 34 8 65 0 4 35 22 18 108 0 0 0 0 0 1 1 0 1 1 2 10 9 0 0 0 0 1 15 2 15 29 1 3 0 0 7 5 0 0 1 6 16 0 2 0 1 3 2 2 0 0 0 0 10 1 2 6 4 8 0 17 4 0 0 0 0 0 19 9 1 1 0 0 3 1 1 0 53 9 5 1 0 21 3 1 7 2 16 3 1 1 23 2 18 2 0 0
14501 106 1455 30 112 230 13480 26621 3227 11352 323 3650 0 2 2 5 0 1 2 1 35 34 2 0 11 1 1 1 988 756 68 19 208 11 0 0 1 12 0 2 391 0 4 2 2 2 13 8 17 7 43 100 734 1113 345 150 23 3 2 0 2 11 6 3 1 4 213 5 5 42 13 201 32 15 24 1 64 2 271 5 52 13 1183 568 709 55 12 36 20 5 5 123 61 16 23 98 306 2230 24 7 15 6 126 76 14 146 7 16 123 43 48 174 0 1 0 0 0 0 2 0 2 3 1 6 5 1 0 1 0 2 15 0 18 37 0 20 0 0 12 11 0 0 1 6 14 0 0 0 1 3 2 0 1 1 0 2 4 2 2 3 1 5 1 14 5 1 0 0 0 0 15 18 3 0 3 1 1 6 2 0 110 8 5 0 1 30 2 1 14 3 17 3 4 8 57 4 17 1 1 0
947 37 168 23 28 94 1485 3227 2852 4909 357 1032 8 0 0 1 0 3 1 0 33 37 1 2 5 0 0 2 171 162 19 13 435 7 0 0 3 5 0 2 38 0 4 7 19 5 2 6 2 81 8 16 208 139 68 15 16 3 0 0 0 1 5 0 0 37 70 1 3 3 2 784 121 376 10 1 645 35 205 23 28 47 106 65 60 13 2 66 28 44 45 17 5 1 3 28 2117 1933 15 2 4 0 16 4 3 16 1 1 12 5 4 28 3 1 1 4 1 1 24 1 29 13 15 6 5 2 1 0 0 3 5 0 3 24 0 14 1 0 31 26 0 9 1 2 11 2 4 0 15 0 1 1 3 0 0 1 5 1 5 2 2 3 0 5 5 0 2 1 0 1 18 2 0 1 5 3 3 3 5 1 25 19 33 0 0 12 1 1 2 2 4 4 0 0 12 0 13 1 0 3
3250 381 4750 164 111 339 2243 11352 4909 25449 13047 34930 0 3 0 1 0 1 2 1 72 73 1 2 10 0 1 1 533 339 61 17 643 3 0 0 3 13 0 4 236 0 4 0 1 1 9 1 3 4 19 45 292 363 177 83 63 4 1 1 1 3 3 3 0 2 204 6 4 6 2 1304 73 21 33 0 61 1 2087 7 16 3 515 270 378 60 5 19 7 1 3 50 20 7 7 53 1074 1261 13 7 57 33 407 190 71 579 28 50 371 234 223 731 0 3 0 0 0 4 4 2 1 8 2 18 19 0 0 0 0 0 66 3 67 147 2 33 0 0 14 8 0 0 0 15 52 1 0 0 1 2 2 2 0 1 0 0 7 15 1 4 24 32 7 76 7 0 1 3 0 0 80 62 8 2 1 1 5 2 4 0 429 23 7 3 0 83 2 1 8 7 61 2 3 24 212 12 36 7 2 4
74 10 76 19 15 33 88 323 357 13047 1993 2878 0 0 0 0 0 0 0 0 14 11 0 1 1 0 0 0 67 35 4 4 253 0 0 0 0 3 0 1 23 0 0 0 0 0 1 0 0 0 0 2 36 33 21 2 0 0 0 0 0 0 0 1 0 0 36 2 1 0 0 418 32 3 5 0 6 0 354 0 1 2 36 24 35 5 0 0 0 0 0 4 1 1 0 5 1272 187 6 0 15 8 144 74 21 201 5 14 153 81 73 322 0 0 0 0 0 0 0 0 0 1 0 5 10 0 0 0 0 2 26 0 26 33 1 5 0 0 1 3 0 0 0 7 13 0 0 0 0 0 0 0 0 2 0 0 4 7 2 0 6 8 1 21 4 0 0 0 1 0 23 17 0 0 0 0 3 0 0 0 161 7 1 0 0 17 0 0 1 2 21 0 0 1 99 5 22 0 0 1
8197 2979 22181 9652 3475 18527 697 3650 1032 34930 2878 40667 1 2 5 2 8 6 8 1 764 1051 4 2 67 1 3 2 1512 2938 1614 875 5423 54 3 0 16 42 1 21 1104 7 13 7 1 5 45 6 10 1 14 39 276 387 159 265 303 13 3 2 6 9 6 8 1 4 792 28 9 19 7 2331 339 61 124 1 123 0 2547 4 30 3 775 543 2005 584 31 16 8 0 7 56 33 8 8 735 2497 767 278 39 197 105 1360 766 317 2063 91 128 1185 692 736 3083 0 1 0 0 1 2 9 3 7 9 2 87 120 1 5 1 1 4 332 17 394 571 8 121 0 0 50 56 2 4 1 97 194 2 0 0 7 3 15 3 2 15 0 5 29 46 7 13 117 135 26 370 33 0 2 4 0 2 336 283 16 17 0 3 22 5 8 0 1753 80 32 12 3 328 8 2 13 29 267 3 3 88 833 75 235 25 8 11
0 0 0 0 0 0 0 0 8 0 0 1 4932 2 8 542 117 746 9650 277 1 11 0 4 0 1 5 5 0 1 0 0 7 1 3 0 45 951 6 3 20 7 27 4685 1313 1847 3 11 1 113 2 6 0 0 1 0 0 3 1 0 16 4 12 16 3 279 3 0 12 0 3 60 422 1034 6 1 190 182 321 2 6 20 0 0 1 2 1 50 43 323 290 5 0 1 8 1 57 0 3 2 0 0 1 0 3 1 0 1 0 0 1 2 11 21 436 6 3 96 32 278 86 436 22 3 6 1 6 29 1 45 7 3 3 7 0 10 11 3 50 47 117 18 167 4 7 60 119 14 55 1591 9 0 12 0 2 6 1 0 2 1 2 1 0 0 5 4 164 203 17 279 3 6 9 5 18 264 2 3 192 10 7 10 82 5 36 8 1 2 12 4 1 20 11 10 0 0 3 3 3 5
10 0 0 2 5 5 0 2 0 3 0 2 2 18419 5671 1112 1721 105 62 76 155 391 246 941 28 51 4597 1644 116 19 31 4 10 198 6443 7142 1275 82 138 463 1041 71 494 13 0 27 1245 30 45 2 3 2 7 10 10 9 39 372 2200 31 94 89 171 592 388 3 64 733 324 22 8 8 42 53 829 8 1 0 11 2 7 1 22 40 82 39 46 8 6 1 13 66 7 16 96 137 0 4 49 61 0 3 4 0 5 1 0 3 2 0 0 8 151 42 7 107 21 126 496 46 575 402 334 58 115 2 12 10 8 105 2 3 9 76 9 98 135 22 319 494 14 270 18 6 107 6 3 1 108 60 118 6 9 0 1 2 1 2 0 1 3 4 0 0 11 44 8 29 9 10 43 23 15 62 4 24 1 5 9 2 19 95 61 9 4 27 1 2 1 19 12 4 6 6 7 2 55 28 3 44
2 0 1 1 5 0 1 2 0 0 0 5 8 5671 20096 8913 2812 524 278 1457 95 269 194 800 21 80 4558 4496 50 10 9 2 8 30 2287 907 370 118 600 245 1708 201 497 18 6 45 166 55 141 4 1 5 5 3 7 3 16 159 116 4 363 354 410 767 1003 10 24 162 1007 115 50 2 21 55 249 32 1 2 7 2 36 4 5 11 31 17 14 45 47 12 56 191 20 67 290 38 0 0 16 19 0 7 3 1 4 2 0 1 0 1 0 5 214 70 35 148 17 227 355 120 564 592 312 47 99 10 20 35 18 160 3 1 4 37 4 42 132 19 148 265 37 300 36 8 57 23 12 4 127 164 111 4 10 1 0 5 0 2 0 2 2 8 0 1 3 60 13 64 14 9 23 24 8 52 17 43 1 2 24 2 13 73 65 6 10 43 7 1 15 19 5 15 16 2 6 3 30 18 5 33
6 0 1 0 11 0 4 5 1 1 0 2 542 1112 8913 21096 792 3580 3114 2768 26 85 48 1524 20 61 1851 8142 125 24 34 8 13 122 99 23 675 367 3283 124 1857 238 726 26 13 232 68 83 141 7 5 4 4 16 21 5 61 408 107 24 1245 337 339 704 1327 16 61 469 1338 116 84 1 43 191 737 45 6 7 13 3 65 13 21 20 33 17 44 71 69 6 92 320 55 104 332 94 2 2 16 58 0 7 0 0 6 1 0 3 1 0 0 5 159 199 405 85 6 790 96 931 423 2989 148 10 26 14 17 129 31 497 3 8 7 34 2 35 126 5 153 157 345 114 302 5 27 48 27 35 327 1049 36 25 14 2 10 19 3 2 3 18 1 2 0 3 20 24 61 195 28 37 5 16 7 15 27 115 5 17 81 10 6 29 149 10 14 17 8 7 35 6 5 37 38 33 1 1 6 8 0 11
4 2 2 0 4 2 3 0 0 0 0 8 117 1721 2812 792 4982 266 1886 3008 212 603 223 136 51 70 241 221 30 6 17 11 17 90 310 322 2553 1197 84 275 1318 113 171 95 16 101 243 23 52 6 3 4 6 7 5 6 19 211 82 10 86 77 50 84 90 4 54 109 112 26 13 7 52 179 374 17 2 10 15 1 11 4 24 30 78 58 18 21 32 7 133 65 7 28 66 76 1 1 85 24 6 4 10 8 6 5 1 15 0 2 4 17 245 54 22 154 34 90 522 53 684 215 253 97 240 14 54 32 15 142 6 9 8 136 15 144 131 28 530 624 21 509 19 7 142 29 7 3 223 83 263 6 4 2 4 4 3 6 0 0 2 7 2 2 16 121 13 48 15 9 97 75 23 122 9 26 5 2 26 1 58 248 82 31 3 132 0 0 5 61 21 9 12 24 23 4 99 56 20 120
2 1 2 0 10 3 1 1 3 1 0 6 746 105 524 3580 266 18565 3183 437 29 123 40 1884 37 23 768 965 71 36 28 7 27 79 38 12 344 1314 6802 100 1466 470 3407 230 37 1409 111 183 70 6 0 1 5 18 15 3 70 135 50 14 5477 151 354 2962 1611 95 74 124 1916 24 31 16 204 243 284 112 12 22 23 2 29 4 27 39 44 23 53 50 136 16 546 156 13 26 389 89 4 2 41 33 4 7 0 0 23 10 0 4 0 2 3 9 51 287 1773 40 4 356 104 1398 368 1645 90 14 21 28 7 370 24 665 25 11 19 67 3 64 35 5 235 255 1064 69 1285 31 24 210 197 101 277 4339 35 19 30 2 4 28 1 2 1 10 3 6 0 7 45 17 248 1073 78 208 26 45 34 29 54 595 8 12 239 23 21 42 244 25 88 31 2 4 32 9 8 75 28 101 4 1 12 7 6 11
3 2 2 0 6 5 2 2 1 2 0 8 9650 62 278 3114 1886 3183 53651 7900 74 299 78 751 23 81 579 80 22 18 9 4 28 60 92 6 518 4302 69 164 780 106 573 8287 643 1874 106 122 52 114 6 19 7 11 13 9 9 54 25 5 167 68 91 274 62 200 37 45 82 39 27 19 367 6997 94 63 11 1043 32 23 46 74 20 27 61 42 3 148 166 330 1108 102 12 23 165 56 7 2 45 5 3 14 4 1 15 6 1 11 3 1 0 20 638 487 1256 433 38 2795 881 2471 2523 10665 1010 113 254 51 60 271 70 1065 17 8 31 189 11 177 474 61 984 1075 623 778 473 17 158 156 83 88 1321 2686 254 26 35 1 5 40 8 9 4 9 7 7 4 7 38 127 113 346 62 177 84 83 30 98 43 261 10 15 245 21 61 347 1167 36 78 173 8 11 60 68 22 81 74 58 24 3 78 49 25 111
3 1 0 0 4 1 0 1 0 1 0 1 277 76 1457 2768 3008 437 7900 3920 52 182 67 209 18 90 338 52 10 12 7 2 8 52 79 10 584 417 40 125 664 99 175 89 26 119 58 30 67 6 0 4 4 8 11 3 4 46 13 4 78 100 97 39 64 9 14 18 98 49 14 6 49 182 133 12 2 17 9 2 15 10 9 15 26 17 6 21 28 6 65 96 6 46 161 26 0 0 27 4 1 4 4 0 1 2 0 12 0 1 1 9 350 81 54 196 16 255 288 103 583 909 218 77 132 12 34 54 31 259 5 6 5 52 4 31 225 32 217 252 34 453 32 10 80 42 6 8 266 111 147 12 6 2 0 5 2 0 2 2 1 5 0 0 12 83 12 59 17 11 53 44 14 50 8 33 1 5 24 3 24 115 76 15 6 62 2 1 17 40 15 11 14 12 18 2 46 35 12 75
214 119 202 54 177 364 35 35 33 72 14 764 1 155 95 26 212 29 74 52 8243 9285 1274 73 159 92 49 4 85 270 197 172 709 350 33 12 291 597 9 348 2769 67 89 28 0 6 277 4 16 0 2 10 21 25 13 984 33 207 34 18 24 24 28 4 8 0 97 111 19 6 4 244 471 81 370 2 51 3 142 0 5 1 519 55 5621 264 37 4 8 2 20 41 7 9 33 533 118 33 241 22 0 2 13 5 6 7 0 5 3 4 6 26 32 10 2 17 5 19 71 7 101 29 46 14 37 2 5 4 3 13 8 1 12 83 4 59 28 5 120 137 2 38 3 12 47 0 1 0 24 9 30 1 1 1 0 1 2 2 0 1 2 4 1 13 4 5 1 7 2 1 23 17 7 31 3 2 0 2 1 0 54 79 31 5 2 46 1 0 2 7 19 1 1 4 15 1 31 12 1 21
148 100 121 52 206 429 45 34 37 73 11 1051 11 391 269 85 603 123 299 182 9285 25250 3229 552 3182 789 344 14 179 368 286 347 1468 803 263 20 824 1824 15 8338 3039 523 1643 113 6 39 1994 35 268 9 6 21 44 61 50 294 73 447 121 45 84 493 387 40 27 16 234 306 79 252 46 464 1117 315 948 38 122 8 295 1 41 8 386 240 5282 3443 131 62 66 6 125 300 59 133 1012 1287 173 47 4061 38 4 3 9 6 7 12 1 8 6 5 3 41 94 32 10 71 30 43 308 18 449 126 166 79 145 6 21 16 5 60 14 7 31 278 11 275 56 25 532 617 8 198 9 24 136 12 3 3 120 45 126 8 15 1 0 7 6 10 3 3 12 12 2 8 21 47 6 25 16 9 70 48 33 96 20 19 2 10 40 5 108 233 114 20 14 137 4 2 14 32 32 29 13 15 36 6 98 30 5 64
2 0 0 1 3 1 1 2 1 1 0 4 0 246 194 48 223 40 78 67 1274 3229 4953 2151 151 2417 775 4 10 3 3 8 19 77 263 6 147 166 6 954 7691 1512 763 3 2 8 208 11 133 1 1 0 3 3 7 4 4 22 11 5 20 56 59 7 8 3 36 25 15 31 3 5 51 20 33 12 6 0 7 0 9 0 12 30 67 62 7 15 18 3 25 133 13 31 240 13 8 0 82 3 0 0 1 0 1 0 1 0 2 1 0 2 16 3 3 11 0 17 31 5 38 59 26 5 4 1 1 0 2 7 0 1 1 13 0 6 18 1 15 18 9 22 2 0 4 4 2 0 9 19 9 2 2 0 0 4 0 1 0 0 1 0 0 1 3 8 1 4 1 1 3 5 1 3 7 4 1 0 6 1 2 17 7 1 6 5 0 0 4 3 1 8 1 0 0 0 7 1 1 2
4 0 1 1 2 4 0 0 2 2 1 2 4 941 800 1524 136 1884 751 209 73 552 2151 8282 253 2477 15867 971 254 20 41 2 6 37 1735 297 71 38 69 2397 3066 3383 3108 11 0 133 1793 23 129 3 6 3 16 47 14 4 217 76 579 12 156 62 139 1743 67 34 341 629 60 31 9 9 20 98 154 14 2 0 3 0 7 2 24 87 58 86 145 21 30 8 44 166 12 36 209 28 2 6 186 116 0 4 0 0 3 1 0 1 1 0 0 3 33 52 154 25 2 224 67 465 153 698 74 7 10 1 3 36 5 124 2 2 1 5 1 13 37 7 45 62 155 45 174 1 14 22 8 5 52 692 10 6 6 0 0 4 0 1 0 1 1 1 1 1 5 4 24 96 14 36 5 7 5 4 6 54 0 0 27 3 3 6 75 4 11 5 0 0 4 4 3 10 3 12 1 0 4 2 3 4
27 8 12 4 15 28 11 11 5 10 1 67 0 28 21 20 51 37 23 18 159 3182 151 253 9448 797 285 13 121 41 17 17 82 47 168 4 59 185 4 5579 298 81 770 20 1 28 5504 13 45 6 2 9 91 174 64 63 312 22 14 2 46 271 386 63 39 7 995 746 71 91 26 38 139 63 154 14 23 0 48 0 23 1 382 955 1130 1659 3526 4 22 3 46 39 17 36 353 40 34 5 3532 107 0 0 3 1 1 2 0 3 1 2 0 11 9 2 6 10 2 9 47 4 45 18 19 16 17 1 1 4 0 6 3 2 5 62 4 68 10 2 94 92 3 12 3 5 32 4 4 0 22 15 13 1 6 2 2 1 1 7 0 1 3 2 0 2 9 2 3 4 4 6 16 16 5 15 8 7 1 1 18 1 25 62 20 3 8 43 0 3 2 2 17 14 5 2 7 0 30 2 1 4
1 1 0 0 0 1 0 1 0 0 0 1 1 51 80 61 70 23 81 90 92 789 2417 2477 797 1383 1124 2 12 1 1 1 3 8 1466 19 17 29 2 2911 1012 210 207 2 1 3 727 0 32 0 1 1 1 6 2 3 14 2 23 0 4 19 12 6 2 0 45 11 4 10 1 0 6 19 3 2 0 1 1 0 2 0 8 18 27 32 12 2 7 1 5 32 1 9 62 3 1 0 66 2 0 0 1 1 0 0 0 0 0 0 1 1 42 8 1 23 1 47 46 14 90 136 46 5 7 1 2 4 1 19 0 0 1 2 0 5 23 5 17 31 0 40 1 0 3 4 0 1 20 7 5 0 0 0 1 0 0 1 0 1 1 0 0 0 2 9 1 5 0 0 1 3 0 5 0 4 0 0 1 1 1 6 16 2 0 2 0 0 3 0 0 1 1 0 1 1 2 1 0 4
6 3 3 0 7 1 1 1 0 1 0 3 5 4597 4558 1851 241 768 579 338 49 344 775 15867 285 1124 23763 4632 525 40 44 2 12 95 4164 802 110 42 59 2483 1368 397 1941 3 1 52 1895 4 80 2 2 0 16 51 9 5 311 150 1147 46 64 54 135 978 135 12 421 1495 83 35 12 5 14 139 320 8 1 1 8 1 13 2 33 85 54 53 196 17 10 6 28 89 12 33 144 32 0 11 119 216 0 2 0 1 5 0 0 0 1 0 0 4 97 95 111 49 4 490 117 499 292 1346 191 5 21 7 10 48 6 160 1 2 4 14 1 9 73 8 55 111 140 113 147 3 14 26 7 5 80 477 23 3 3 1 1 4 0 1 0 2 0 1 0 0 9 17 20 81 7 17 2 7 3 3 5 48 0 2 21 1 2 12 90 2 9 5 0 1 7 7 2 8 11 8 4 0 5 3 3 2
6 1 2 0 7 2 0 1 2 1 0 2 5 1644 4496 8142 221 965 80 52 4 14 4 971 13 2 4632 11318 443 63 92 2 9 95 110 88 110 23 2765 23 168 20 432 4 2 58 342 9 6 0 0 1 8 15 6 2 216 556 522 50 309 20 36 833 1268 7 199 1542 521 11 4 5 7 48 840 10 0 0 4 0 9 1 8 20 13 9 146 1 8 1 13 15 0 3 12 78 1 9 30 197 1 9 0 0 6 0 0 0 1 0 0 5 5 104 274 11 3 180 18 752 97 737 21 3 6 11 1 102 4 217 3 5 8 10 0 18 8 2 57 67 371 7 387 4 6 26 12 9 49 1064 9 2 8 1 1 4 1 0 2 0 1 2 0 1 19 3 31 208 9 33 3 8 11 6 12 84 0 4 38 0 2 8 48 4 9 3 1 0 7 3 3 10 1 43 0 0 2 3 4 5
8571 691 889 206 978 1004 3177 988 171 533 67 1512 0 116 50 125 30 71 22 10 85 179 10 254 121 12 525 443 40030 10582 5974 242 1494 247 26 6 85 186 86 116 330 31 397 10 3 38 307 124 39 12 26 54 2661 8019 712 98 3831 232 22 25 213 943 1136 508 584 10 7432 181 1255 207 147 1386 785 161 2481 55 401 3 565 4 120 12 1214 1096 673 127 281 51 51 10 85 119 55 60 308 3758 369 4201 116 1584 28 27 148 81 88 225 3 21 87 57 63 367 1 2 16 0 5 8 12 12 12 11 5 83 110 0 2 4 0 4 149 13 127 523 4 146 3 1 67 62 6 6 11 40 149 14 21 1 9 70 14 9 17 5 0 19 21 35 3 12 48 83 8 100 38 1 19 23 11 10 214 156 14 11 17 28 12 10 37 4 426 158 39 9 18 289 4 3 18 33 150 25 7 46 72 14 146 22 5 10
4944 862 349 563 5676 5594 2078 756 162 339 35 2938 1 19 10 24 6 36 18 12 270 368 3 20 41 1 40 63 10582 14713 7244 1037 3310 217 2 0 36 157 14 10 657 3 36 1 2 11 29 20 4 3 35 62 537 900 244 210 2114 137 7 12 36 61 77 68 78 3 720 36 144 44 16 1067 498 59 823 6 134 3 333 7 59 3 936 550 1222 274 23 30 14 3 17 96 44 23 38 4541 219 1261 118 211 23 32 152 96 56 238 10 13 110 67 71 440 1 0 6 3 1 1 5 7 6 4 2 23 44 1 2 1 0 2 85 5 103 238 1 56 0 1 27 26 2 1 5 31 85 2 3 0 3 13 7 4 1 6 0 2 13 31 2 8 30 45 5 78 12 1 1 4 1 2 117 69 6 8 2 3 11 6 10 3 344 47 20 8 5 130 2 1 12 16 76 2 4 29 92 16 82 13 3 2
357 188 62 127 5426 6911 165 68 19 61 4 1614 0 31 9 34 17 28 9 7 197 286 3 41 17 1 44 92 5974 7244 8879 1038 2312 280 4 2 85 115 30 8 321 3 44 3 0 4 41 13 6 0 7 22 148 274 70 99 6847 225 9 27 50 54 100 84 71 1 1525 44 168 14 7 408 237 19 1418 10 21 0 164 1 34 2 341 283 718 219 83 8 13 6 23 44 19 6 31 4809 76 231 89 1025 6 4 46 26 9 74 2 3 33 12 21 126 0 1 6 0 0 1 8 6 5 6 1 8 11 1 1 0 0 0 18 3 22 45 1 21 0 0 19 24 4 4 5 8 17 2 3 0 1 16 2 2 5 3 0 1 2 6 2 3 10 9 1 22 6 0 2 3 1 1 27 20 2 3 1 6 0 3 5 1 82 14 4 2 3 31 0 0 1 2 17 1 0 5 20 6 19 4 0 0
190 23 10 5 770 1203 77 19 13 17 4 875 0 4 2 8 11 7 4 2 172 347 8 2 17 1 2 2 242 1037 1038 2867 3768 888 2 0 42 224 5 19 123 3 5 0 0 0 9 4 0 0 1 6 38 53 15 34 34 2079 3 42 13 2 5 7 4 0 89 26 13 4 0 81 81 6 2004 0 6 0 26 0 1 0 88 77 201 96 6 4 2 0 2 7 6 1 3 7264 35 45 57 11 0 2 17 11 6 27 3 0 10 5 3 37 0 0 2 1 1 1 1 3 3 2 0 4 5 0 0 1 0 0 8 2 5 17 0 10 0 0 4 12 1 0 1 1 10 1 0 0 1 6 3 0 0 0 0 0 0 1 1 2 0 1 0 5 1 1 1 0 0 0 6 6 1 1 0 2 0 0 0 0 44 7 2 2 0 11 0 0 1 3 8 2 0 6 20 2 7 2 0 0
887 314 346 152 1677 2908 410 208 435 643 253 5423 7 10 8 13 17 27 28 8 709 1468 19 6 82 3 12 9 1494 3310 2312 3768 6603 3133 3 2 99 3427 6 50 611 5 25 10 1 6 61 5 7 1 13 26 191 329 132 158 243 607 14 67 22 11 10 11 9 0 658 74 31 16 9 2129 2790 40 2663 4 116 1 410 3 17 6 504 411 966 346 55 16 9 2 23 44 16 4 18 4832 1699 453 311 39 37 54 343 191 111 494 19 35 285 148 165 839 2 0 3 1 3 5 11 4 18 4 3 47 61 3 6 1 0 1 124 5 150 261 5 77 0 1 53 66 1 6 7 24 94 2 6 2 10 18 12 1 0 5 1 6 18 18 1 8 24 52 2 116 20 2 1 4 4 3 111 75 8 15 2 4 9 3 7 0 644 64 24 10 3 196 4 0 2 20 63 3 5 37 276 24 111 16 2 4
47 10 9 1 101 58 21 11 7 3 0 54 1 198 30 122 90 79 60 52 350 803 77 37 47 8 95 95 247 217 280 888 3133 12704 133 198 1467 2823 28 82 359 6 43 9 0 15 750 10 3 2 2 12 68 128 44 32 129 6912 2954 3705 67 13 28 44 57 3 228 3302 111 11 3 35 489 18 7259 7 11 0 34 1 5 2 200 204 267 122 135 12 7 1 27 24 4 3 18 2121 21 19 145 141 1 1 9 5 7 11 1 8 4 3 5 26 2 4 3 7 8 8 52 15 68 12 12 16 31 0 3 3 3 8 10 3 17 102 12 124 6 2 194 204 8 22 7 14 52 1 0 0 24 28 28 1 0 2 0 0 2 6 3 2 6 16 2 5 22 11 1 7 1 2 31 25 14 42 2 4 3 1 10 0 44 81 21 12 3 60 0 0 2 11 27 2 1 10 13 3 39 4 2 13
0 0 0 0 0 0 0 0 0 0 0 3 3 6443 2287 99 310 38 92 79 33 263 263 1735 168 1466 4164 110 26 2 4 2 3 133 6166 4606 222 97 4 6492 211 124 762 5 0 10 1552 12 10 2 0 0 1 8 1 3 36 19 2067 57 22 20 98 113 22 1 63 406 30 3 2 2 12 48 28 1 0 0 8 0 2 0 7 26 19 23 15 1 2 1 7 11 1 3 78 7 0 0 54 13 1 0 0 1 1 0 0 2 1 0 0 1 137 40 6 93 6 158 277 28 373 421 261 28 35 10 9 15 16 99 1 2 0 17 1 13 126 24 68 141 3 221 3 2 38 13 2 1 72 26 50 3 4 0 3 1 0 2 0 0 0 1 0 1 3 28 1 21 4 1 11 15 0 11 0 20 2 1 6 0 4 21 32 3 2 16 1 0 5 9 0 2 8 1 5 0 12 14 1 23
0 0 0 0 1 0 0 0 0 0 0 0 0 7142 907 23 322 12 6 10 12 20 6 297 4 19 802 88 6 0 2 0 2 198 4606 639 191 5 3 216 45 11 127 1 0 1 768 0 6 1 0 0 0 4 0 0 3 30 4727 289 3 4 29 66 22 0 4 460 30 5 0 0 6 4 30 0 1 1 0 0 0 0 1 4 6 4 4 1 1 0 1 0 0 1 13 7 0 0 1 6 0 0 0 0 0 0 0 0 0 0 0 0 26 3 1 12 2 7 34 3 48 20 11 5 7 0 3 3 3 9 0 1 0 4 0 12 7 5 25 32 0 48 1 0 6 3 0 0 13 5 17 0 1 0 0 0 0 0 0 0 0 0 0 1 0 8 1 5 2 1 6 1 0 2 1 2 0 1 2 0 1 7 4 1 0 2 0 0 0 4 2 1 1 0 1 0 7 2 1 5
11 1 1 1 33 8 5 1 3 3 0 16 45 1275 370 675 2553 344 518 584 291 824 147 71 59 17 110 110 85 36 85 42 99 1467 222 191 3729 2243 63 225 488 24 72 26 3 59 763 12 14 5 4 4 26 28 26 13 74 1821 1421 316 129 19 39 47 76 4 106 1831 92 7 3 20 99 57 2142 6 10 3 29 0 9 1 93 107 171 115 78 7 10 4 53 18 9 7 30 356 0 5 116 99 8 2 6 1 8 2 1 3 2 1 1 13 31 9 18 26 19 20 169 26 200 48 63 48 97 0 15 7 2 19 1 4 18 179 9 259 20 11 380 427 20 92 16 15 84 10 8 1 65 56 102 4 1 1 0 2 3 12 0 4 9 3 2 1 22 22 7 21 9 2 80 28 36 101 1 15 6 4 11 1 44 196 24 26 13 99 1 1 1 16 28 8 5 13 16 3 69 25 5 57
50 8 11 4 54 36 26 12 5 13 3 42 951 82 118 367 1197 1314 4302 417 597 1824 166 38 185 29 42 23 186 157 115 224 3427 2823 97 5 2243 6744 33 608 655 32 160 1981 183 740 635 102 18 46 6 33 84 137 69 51 79 2195 205 435 174 40 74 54 46 95 338 478 87 11 14 160 3077 1099 2753 58 30 61 145 11 29 23 321 320 521 301 78 48 131 141 888 42 13 9 86 930 37 17 376 62 10 18 31 21 22 23 0 44 9 6 4 67 120 47 144 124 63 146 781 127 971 379 352 184 343 15 49 41 10 106 35 14 54 668 54 811 93 25 1452 1571 70 375 99 38 262 51 57 11 314 524 294 10 9 6 1 10 13 20 4 7 22 15 6 11 134 114 74 121 27 99 224 90 112 251 23 112 9 6 121 12 278 864 323 82 50 491 7 4 9 76 117 31 20 43 112 23 245 80 12 149
3 0 0 0 9 5 0 0 0 0 0 1 6 138 600 3283 84 6802 69 40 9 15 6 69 4 2 59 2765 86 14 30 5 6 28 4 3 63 33 12848 4 120 40 278 7 4 148 19 49 7 1 0 0 3 9 3 3 35 216 31 6 7558 44 69 956 6198 16 35 205 4722 3 11 1 23 24 439 32 0 0 2 0 7 0 7 6 4 4 29 10 16 1 93 13 0 0 37 90 0 3 8 41 2 5 0 0 11 3 0 1 0 0 0 3 3 75 337 10 1 101 11 561 58 353 7 1 5 8 1 91 5 181 7 3 10 19 0 25 4 0 54 54 360 9 451 1 7 54 39 16 41 1296 12 6 5 0 0 2 0 0 1 3 1 1 0 0 10 5 81 237 16 47 8 13 8 14 11 174 0 3 61 10 5 12 40 1 18 3 1 1 9 1 4 14 9 26 1 0 6 3 2 0
15 2 3 5 5 15 3 2 2 4 1 21 3 463 245 124 275 100 164 125 348 8338 954 2397 5579 2911 2483 23 116 10 8 19 50 82 6492 216 225 608 4 13147 993 274 1900 53 3 41 6035 38 104 10 2 4 35 95 29 27 163 17 223 9 72 545 601 78 35 9 591 147 92 215 21 28 195 140 68 33 12 1 32 1 28 5 130 327 482 557 137 27 48 10 75 109 20 89 869 30 10 7 1343 46 2 0 2 2 2 1 0 4 0 3 0 7 77 15 14 61 13 119 234 28 321 245 190 36 55 9 13 15 4 66 1 0 4 81 4 99 70 13 250 292 7 136 3 7 54 10 7 0 64 39 66 8 7 0 1 9 0 3 0 1 3 2 0 5 10 25 4 21 8 7 20 15 12 26 14 16 0 4 37 5 21 88 64 9 8 32 0 3 6 15 4 31 9 2 3 2 35 8 1 23
1648 560 730 155 292 457 179 391 38 236 23 1104 20 1041 1708 1857 1318 1466 780 664 2769 3039 7691 3066 298 1012 1368 168 330 657 321 123 611 359 211 45 488 655 120 993 9705 7649 2123 84 65 702 441 417 2387 83 158 205 79 98 1600 1617 197 247 78 19 1005 302 164 96 85 166 285 266 329 278 200 326 469 117 545 436 147 13 235 34 377 80 2169 166 1152 251 162 739 1082 190 1549 1961 299 332 1307 569 151 78 363 104 3 7 26 11 22 30 1 6 20 16 9 57 50 26 94 30 5 85 79 120 130 191 46 25 51 5 8 18 4 51 18 5 30 188 13 152 24 5 162 173 62 74 77 12 49 67 116 3 56 482 36 51 86 6 3 79 17 9 25 44 18 15 2 20 23 11 63 105 46 94 64 41 20 41 93 124 26 43 261 28 134 118 50 15 92 126 31 31 171 19 42 152 84 22 42 5 55 7 5 14
6 1 3 0 2 1 4 0 0 0 0 7 7 71 201 238 113 470 106 99 67 523 1512 3383 81 210 397 20 31 3 3 3 5 6 124 11 24 32 40 274 7649 6669 8430 11 5 339 153 27 1641 6 4 1 3 14 38 4 25 15 25 1 336 42 42 46 31 47 67 26 76 35 14 3 11 9 42 26 5 2 3 1 17 4 18 38 28 40 16 53 72 8 250 773 21 46 432 13 2 1 99 11 0 2 0 1 1 0 0 1 0 0 0 0 5 7 56 4 0 19 11 32 22 59 18 1 1 0 0 9 1 18 1 2 1 1 0 3 7 3 11 13 26 8 42 3 2 18 34 2 7 230 3 1 4 0 0 5 1 0 1 0 0 1 0 0 1 1 37 39 8 45 3 3 3 1 19 64 1 1 59 7 0 4 13 0 21 1 2 0 12 0 1 14 2 3 1 0 2 1 0 1
20 0 4 2 4 8 4 4 4 4 0 13 27 494 497 726 171 3407 573 175 89 1643 763 3108 770 207 1941 432 397 36 44 5 25 43 762 127 72 160 278 1900 2123 8430 9330 84 78 2917 2061 234 1913 25 6 8 45 99 53 12 482 67 411 18 3857 469 2076 9898 1072 447 877 524 1531 121 58 13 80 85 207 270 40 10 34 2 54 9 107 312 254 322 289 128 231 55 2737 576 50 124 5383 49 20 6 539 171 0 6 0 0 9 3 0 3 0 0 0 3 27 60 467 19 2 101 43 410 96 423 64 3 5 3 4 60 4 88 12 6 3 29 3 18 22 4 62 69 193 33 301 5 14 131 300 19 64 2055 16 29 43 3 3 40 2 1 2 1 2 6 0 4 13 6 279 398 54 375 8 19 7 18 124 585 3 15 679 66 4 24 59 12 239 20 2 6 34 6 2 135 50 21 2 0 6 5 2 3
5 0 2 0 2 2 1 2 7 0 0 7 4685 13 18 26 95 230 8287 89 28 113 3 11 20 2 3 4 10 1 3 0 10 9 5 1 26 1981 7 53 84 11 84 9832 1985 532 58 115 16 881 17 57 4 8 13 2 5 10 16 0 32 24 79 13 3 300 25 9 38 21 16 90 2063 2387 16 42 173 1022 2039 88 150 416 24 22 34 23 9 494 322 1220 1527 59 11 10 101 7 32 1 35 3 2 6 4 2 3 3 0 15 0 3 0 10 93 44 122 99 17 265 361 159 788 833 315 61 113 7 11 23 16 90 11 5 15 168 6 165 63 19 546 533 46 179 52 11 85 45 57 7 269 494 74 9 28 1 0 34 13 4 7 16 11 4 1 0 26 32 50 60 16 92 49 28 17 58 43 94 4 6 179 22 63 279 344 20 60 136 1 15 31 28 25 88 32 10 25 2 68 27 10 43
2 0 2 0 0 0 0 2 19 1 0 1 1313 0 6 13 16 37 643 26 0 6 2 0 1 1 1 2 3 2 0 0 1 0 0 0 3 183 4 3 65 5 78 1985 4565 1473 6 59 25 2274 15 40 1 2 7 0 1 0 1 1 25 46 73 9 5 390 5 4 44 20 22 106 345 159 3 19 732 662 977 79 167 384 2 0 0 0 2 749 554 5455 4239 76 8 4 94 2 170 10 5 1 0 3 0 0 1 0 0 0 0 0 0 0 3 5 253 2 0 18 7 50 23 46 4 1 4 1 2 6 1 12 13 14 1 6 1 4 1 0 34 23 38 5 73 6 2 200 483 3 36 1548 8 34 75 3 3 75 11 5 4 19 2 5 1 1 6 2 419 379 94 386 5 23 6 7 251 781 5 24 1398 165 3 15 19 6 471 25 6 27 82 1 3 289 85 4 4 0 3 2 3 4
5 0 3 1 4 1 1 2 5 1 0 5 1847 27 45 232 101 1409 1874 119 6 39 8 133 28 3 52 58 38 11 4 0 6 15 10 1 59 740 148 41 702 339 2917 532 1473 8901 64 390 86 44 3 2 6 11 21 2 75 22 13 1 593 165 594 1079 309 1047 57 47 455 49 39 13 180 149 72 203 81 32 75 3 40 8 7 17 12 13 30 202 700 193 5557 151 10 27 680 23 39 1 20 29 0 17 2 0 17 4 1 2 0 0 0 8 7 71 2245 16 4 97 31 715 143 380 29 4 12 14 3 165 11 226 49 28 13 33 2 22 8 4 129 92 585 43 974 26 9 504 1258 107 218 7566 46 37 117 2 8 61 1 6 1 15 4 6 1 6 36 9 1068 1674 186 1338 23 71 25 39 200 2008 11 25 1544 135 7 51 101 36 549 33 3 14 86 13 11 277 125 59 7 6 8 7 13 18
33 5 14 1 8 22 8 13 2 9 1 45 3 1245 166 68 243 111 106 58 277 1994 208 1793 5504 727 1895 342 307 29 41 9 61 750 1552 768 763 635 19 6035 441 153 2061 58 6 64 8591 53 35 5 5 13 85 254 61 57 658 58 2347 474 105 391 886 683 285 8 1584 1338 407 98 32 33 183 98 120 33 14 0 45 2 29 4 322 851 832 886 1082 13 33 4 61 60 21 31 494 43 19 13 1934 219 1 3 2 2 3 5 0 5 1 0 0 11 99 31 16 74 23 32 334 32 330 115 149 53 105 4 18 13 4 48 8 7 7 122 10 169 53 11 338 475 12 206 12 9 105 11 4 0 87 62 136 9 4 1 1 12 2 2 0 2 4 6 1 1 18 36 9 31 15 17 52 33 19 91 16 38 0 3 23 3 30 139 49 21 14 57 1 2 10 30 21 16 14 6 13 1 67 32 2 48
7 2 4 1 7 1 2 8 6 1 0 6 11 30 55 83 23 183 122 30 4 35 11 23 13 0 4 9 124 20 13 4 5 10 12 0 12 102 49 38 417 27 234 115 59 390 53 17591 319 223 10 42 3 5 38 1 56 45 16 3 2466 6866 844 128 192 72 76 62 6150 304 6047 4 47 19 164 12824 44 17 44 13 1548 84 23 13 17 14 23 4099 6753 254 4472 641 34 95 897 36 31 5 26 38 1 4 2 1 1 1 0 3 0 0 0 0 2 2 24 3 0 14 7 13 10 19 13 2 13 4 7 8 7 8 11 3 2 7 2 5 3 0 10 8 7 9 14 6 4 195 98 1 28 132 9 310 725 22 22 569 9 4 35 131 1 5 0 1 3 1 54 129 354 55 8 26 1 9 499 135 33 228 866 94 6 18 15 6 328 24 89 113 796 6 0 1166 379 3 5 0 1 6 3 1
34 6 8 0 6 3 13 17 2 3 0 10 1 45 141 141 52 70 52 67 16 268 133 129 45 32 80 6 39 4 6 0 7 3 10 6 14 18 7 104 2387 1641 1913 16 25 86 35 319 10213 57 24 27 6 17 121 10 13 13 8 0 150 390 265 16 10 39 59 23 69 401 227 9 7 7 17 158 24 5 28 9 274 50 54 31 39 38 12 629 668 98 556 7478 523 2478 9796 4 8 4 55 4 0 1 0 0 0 0 0 1 0 0 0 0 3 0 10 1 0 4 3 6 3 14 3 1 1 1 1 1 0 0 4 0 0 4 0 0 1 0 4 7 0 2 3 3 1 21 18 0 6 43 2 34 48 1 4 42 4 2 11 30 1 0 0 0 2 1 17 24 24 23 5 3 0 2 61 28 9 32 132 15 0 5 0 0 31 1 21 14 96 1 1 93 30 0 1 0 0 0 0 0
6 1 2 0 1 0 2 7 81 4 0 1 113 2 4 7 6 6 114 6 0 9 1 3 6 0 2 0 12 3 0 0 1 2 2 1 5 46 1 10 83 6 25 881 2274 44 5 223 57 6813 174 639 2 3 29 2 3 2 0 0 28 294 169 21 11 1587 10 5 108 103 118 131 282 820 9 48 1650 644 1010 1004 1059 4071 13 4 5 4 0 4750 1334 4065 561 203 72 47 207 3 557 28 10 3 0 2 1 0 0 1 0 0 0 1 0 2 1 0 5 2 0 6 7 2 9 6 10 3 7 2 5 1 3 0 7 1 2 2 1 4 1 0 9 7 2 5 0 0 3 74 26 1 17 24 8 134 301 17 10 262 108 22 79 138 5 0 0 0 0 0 14 37 122 12 4 9 0 3 147 25 60 111 358 13 5 11 7 2 69 16 66 142 525 5 4 503 158 0 0 1 2 3 4 4
104 12 15 3 4 11 28 43 8 19 0 14 2 3 1 5 3 0 6 0 2 6 1 6 2 1 2 0 26 35 7 1 13 2 0 0 4 6 0 2 158 4 6 17 15 3 5 10 24 174 10543 18255 43 39 531 22 4 4 1 0 3 30 4 1 0 74 16 7 1 283 36 16 22 85 15 3 68 13 38 1451 2024 227 301 29 41 6 8 184 22 9 5 5255 3010 75 45 9 35 11 8 7 5 1 3 1 2 7 0 2 2 4 0 2 1 0 1 0 1 0 3 2 5 1 0 2 1 0 0 0 0 1 1 1 0 6 0 6 0 1 6 9 0 0 0 7 6 8 2 0 1 2 1 29 15 3 0 9 1062 183 621 553 26 1 0 2 2 0 2 0 2 13 10 4 1 1 3 1 240 120 11 0 6 6 12 0 1 11 60 21 238 0 17 20 64 1 7 0 2 0 1 1
184 34 49 9 9 19 51 100 16 45 2 39 6 2 5 4 4 1 19 4 10 21 0 3 9 1 0 1 54 62 22 6 26 12 0 0 4 33 0 4 205 1 8 57 40 2 13 42 27 639 18255 41299 114 74 1497 57 11 3 3 0 5 136 8 1 1 289 30 13 13 741 236 27 63 208 29 7 210 59 100 15633 7817 908 778 62 73 16 11 903 117 64 38 2698 5049 97 50 14 103 25 24 10 19 4 11 7 6 3 6 9 5 3 3 12 1 0 2 0 1 1 1 2 5 4 0 1 4 0 0 0 0 1 9 2 3 20 3 27 0 0 20 14 0 0 0 14 5 18 12 0 6 6 1 127 76 24 8 36 5220 1019 2715 1573 244 3 2 9 4 0 2 4 6 46 26 11 4 2 11 1 744 323 45 3 14 30 39 1 7 35 217 83 648 2 97 80 168 5 14 6 1 1 0 2
1169 80 158 28 62 103 929 734 208 292 36 276 0 7 5 4 6 5 7 4 21 44 3 16 91 1 16 8 2661 537 148 38 191 68 1 0 26 84 3 35 79 3 45 4 1 6 85 3 6 2 43 114 11750 13191 8682 10 204 44 4 5 13 35 51 13 14 1 959 93 22 23 5 160 193 48 171 3 68 2 121 11 32 1 1472 1027 112 71 139 4 7 4 15 73 31 13 46 139 161 8764 143 95 4 3 14 5 5 20 0 6 11 4 5 37 0 0 0 0 1 2 5 1 10 3 1 16 16 0 1 0 0 2 16 3 9 111 6 85 2 0 63 49 1 2 1 9 31 2 1 0 3 9 11 1 0 0 0 0 3 8 1 4 6 12 1 12 27 2 2 4 0 1 36 30 15 12 0 1 1 2 1 0 66 73 15 8 3 92 3 0 5 3 23 3 1 9 21 2 36 1 1 2
1960 154 263 54 126 223 1345 1113 139 363 33 387 0 10 3 16 7 18 11 8 25 61 3 47 174 6 51 15 8019 900 274 53 329 128 8 4 28 137 9 95 98 14 99 8 2 11 254 5 17 3 39 74 13191 11674 1444 21 606 80 10 10 23 127 139 36 34 1 4752 162 88 47 16 246 293 59 315 9 103 3 206 3 41 4 2132 2601 205 111 321 20 6 0 16 59 50 14 87 312 142 2360 245 272 4 5 37 26 10 45 2 15 14 14 13 91 0 3 2 0 2 4 11 4 18 5 5 27 32 1 2 0 0 1 26 4 20 191 7 128 0 0 102 85 4 9 2 11 64 2 3 0 6 14 10 1 0 5 0 0 10 15 4 3 21 12 1 22 29 1 3 4 1 3 74 50 20 20 1 5 5 1 7 1 124 116 23 4 5 154 3 2 3 17 47 7 3 12 30 8 57 5 2 10
795 74 115 30 50 74 349 345 68 177 21 159 1 10 7 21 5 15 13 11 13 50 7 14 64 2 9 6 712 244 70 15 132 44 1 0 26 69 3 29 1600 38 53 13 7 21 61 38 121 29 531 1497 8682 1444 6920 496 86 32 4 3 33 48 24 9 2 12 282 77 22 130 40 110 138 40 101 23 44 4 96 131 302 25 3813 459 199 67 122 129 111 17 87 1217 349 60 97 81 67 2110 127 56 2 3 14 11 11 15 0 3 9 5 8 27 0 2 3 0 2 3 3 4 6 7 1 8 16 0 0 0 1 1 3 1 11 91 5 66 0 2 42 40 2 4 3 10 14 5 3 0 4 6 5 6 10 2 0 5 63 15 36 38 6 7 2 2 17 0 0 2 4 4 31 24 13 12 3 3 20 12 13 1 59 49 11 3 4 54 8 7 36 4 19 12 6 7 26 2 30 3 1 5
535 152 234 44 74 153 87 150 15 83 2 265 0 9 3 5 6 3 9 3 984 294 4 4 63 3 5 2 98 210 99 34 158 32 3 0 13 51 3 27 1617 4 12 2 0 2 57 1 10 2 22 57 10 21 496 1638 33 22 4 4 10 9 11 1 3 1 60 48 3 12 6 52 81 17 86 0 19 2 56 2 30 3 3493 58 2187 85 49 12 10 1 4 97 21 7 17 124 29 34 88 13 0 1 9 3 1 10 0 3 7 4 4 16 0 0 0 1 0 0 10 1 9 0 4 6 10 0 0 0 0 1 6 2 3 49 1 44 0 0 28 34 0 2 0 5 8 2 0 0 0 3 8 1 4 0 0 1 5 3 0 4 2 1 0 2 8 2 0 1 2 0 17 7 6 13 1 0 3 0 1 0 16 21 6 0 0 31 0 0 3 4 8 1 0 3 6 1 14 3 1 1
144 121 151 55 306 235 29 23 16 63 0 303 0 39 16 61 19 70 9 4 33 73 4 217 312 14 311 216 3831 2114 6847 34 243 129 36 3 74 79 35 163 197 25 482 5 1 75 658 56 13 3 4 11 204 606 86 33 8222 355 16 17 137 530 744 411 301 10 4998 570 600 114 52 157 164 51 2860 28 48 0 68 2 60 3 278 905 262 565 1043 11 39 4 50 44 15 37 273 1901 77 67 1279 3214 1 3 11 8 4 13 0 6 5 3 3 21 1 2 14 0 2 4 18 9 12 7 4 11 12 0 0 2 1 3 6 1 8 68 2 39 3 1 47 50 7 3 7 8 31 6 14 1 5 44 9 5 9 1 1 3 4 6 2 1 7 2 0 13 4 1 10 9 5 8 22 16 2 6 10 19 6 2 31 4 45 36 12 4 9 33 2 0 7 6 16 19 8 5 6 3 29 2 2 1
22 8 3 4 55 30 9 3 3 4 0 13 3 372 159 408 211 135 54 46 207 447 22 76 22 2 150 556 232 137 225 2079 607 6912 19 30 1821 2195 216 17 247 15 67 10 0 22 58 45 13 2 4 3 44 80 32 22 355 6659 764 5190 289 81 99 195 372 5 348 1780 663 17 13 26 299 8 4677 25 2 0 16 0 14 1 92 128 158 91 336 9 9 1 45 18 6 5 35 1281 7 10 142 860 1 0 4 1 3 4 0 1 2 0 0 8 3 9 13 7 0 16 10 46 16 29 1 6 4 0 0 4 0 12 3 4 4 20 3 32 2 0 33 48 19 6 21 6 6 6 1 0 2 107 3 1 4 0 0 2 0 2 0 2 3 3 0 2 9 1 10 18 2 4 4 3 3 6 5 18 0 0 18 1 8 8 14 3 9 8 0 0 6 2 4 11 5 4 4 0 11 0 0 0
1 0 3 0 5 6 0 2 0 1 0 3 1 2200 116 107 82 50 25 13 34 121 11 579 14 23 1147 522 22 7 9 3 14 2954 2067 4727 1421 205 31 223 78 25 411 16 1 13 2347 16 8 0 1 3 4 10 4 4 16 764 7017 3721 56 77 245 413 274 3 27 4009 319 11 7 2 19 9 268 6 1 2 4 0 8 2 23 21 51 32 33 6 3 1 12 3 0 1 69 21 1 2 30 25 2 0 0 1 0 0 0 0 0 0 0 5 14 9 5 15 7 6 94 14 76 28 29 14 33 4 4 4 0 17 3 3 3 23 2 47 14 4 108 146 7 55 2 2 21 5 2 0 31 26 31 2 2 0 0 3 0 0 0 0 1 1 1 1 3 12 2 10 4 2 23 6 8 36 4 14 0 0 8 0 6 31 11 2 7 16 0 3 3 13 9 4 4 0 5 0 17 5 3 12
1 0 0 0 7 1 1 0 0 1 0 2 0 31 4 24 10 14 5 4 18 45 5 12 2 0 46 50 25 12 27 42 67 3705 57 289 316 435 6 9 19 1 18 0 1 1 474 3 0 0 0 0 5 10 3 4 17 5190 3721 2755 9 4 6 28 22 2 22 2574 33 0 0 2 34 1 2180 0 0 0 4 0 0 0 17 19 16 10 41 2 0 0 1 2 2 1 1 174 0 0 6 36 0 0 0 0 0 0 0 1 0 0 0 1 1 0 0 0 3 0 11 3 11 6 4 0 1 0 0 0 1 0 1 0 0 6 1 9 1 0 14 23 0 2 2 2 6 2 1 0 1 8 4 0 1 1 0 1 1 1 0 0 0 1 0 1 2 1 0 1 0 0 1 2 1 0 0 0 0 0 1 1 1 4 2 0 0 1 0 0 0 0 5 2 0 2 0 0 2 1 1 1
7 1 1 0 15 2 2 2 0 1 0 6 16 94 363 1245 86 5477 167 78 24 84 20 156 46 4 64 309 213 36 50 13 22 67 22 3 129 174 7558 72 1005 336 3857 32 25 593 105 2466 150 28 3 5 13 23 33 10 137 289 56 9 9661 624 1815 1699 2443 57 141 249 8336 77 196 6 73 10 732 5180 10 5 13 3 114 10 34 39 37 27 67 191 644 36 3937 231 14 37 1181 185 3 9 48 82 1 8 0 2 9 2 0 3 0 0 0 3 9 17 417 10 3 48 28 145 60 104 9 5 10 5 6 46 2 56 19 10 4 21 4 34 2 1 80 73 126 19 199 10 11 205 541 11 82 1588 28 18 89 6 3 88 1 2 4 11 2 4 1 2 12 6 335 549 101 145 12 40 13 31 176 753 2 29 846 79 4 36 25 24 403 28 7 9 59 6 8 241 64 16 11 0 11 9 6 6
24 6 6 0 6 3 7 11 1 3 0 9 4 89 354 337 77 151 68 100 24 493 56 62 271 19 54 20 943 61 54 2 11 13 20 4 19 40 44 545 302 42 469 24 46 165 391 6866 390 294 30 136 35 127 48 9 530 81 77 4 624 22836 12451 532 491 62 936 334 3262 9218 7210 8 16 26 269 639 55 7 23 82 3191 538 75 188 130 183 193 2422 1020 192 879 729 392 1864 6341 45 19 34 267 170 3 0 4 0 1 1 0 6 0 3 0 6 2 5 19 5 2 11 12 20 16 28 9 3 12 3 7 8 5 8 5 1 3 8 0 7 4 0 17 17 6 6 8 16 3 177 61 1 26 122 10 574 929 26 32 378 36 14 87 327 5 5 0 0 2 0 35 95 309 28 5 13 2 5 392 96 100 538 649 48 5 12 13 10 177 28 288 160 1798 6 3 1156 552 3 4 0 3 4 4 4
15 2 3 1 3 6 7 6 5 3 0 6 12 171 410 339 50 354 91 97 28 387 59 139 386 12 135 36 1136 77 100 5 10 28 98 29 39 74 69 601 164 42 2076 79 73 594 886 844 265 169 4 8 51 139 24 11 744 99 245 6 1815 12451 21793 6630 5774 197 1162 682 8598 888 391 27 44 27 335 621 57 5 42 5 216 34 75 235 147 212 343 326 733 165 2247 222 73 243 5096 74 19 26 376 288 2 2 0 0 2 1 0 1 0 1 0 2 6 3 50 8 1 21 14 51 24 62 15 2 8 2 2 3 3 13 8 4 2 7 0 9 2 1 31 27 19 20 24 8 5 175 149 3 23 290 12 92 270 10 11 343 4 6 9 44 0 2 0 3 1 1 98 192 204 135 9 16 7 9 410 206 8 89 926 93 7 19 9 3 359 15 27 66 298 5 2 694 191 4 1 1 5 3 3 4
5 0 3 1 5 2 2 3 0 3 1 8 16 592 767 704 84 2962 274 39 4 40 7 1743 63 6 978 833 508 68 84 7 11 44 113 66 47 54 956 78 96 46 9898 13 9 1079 683 128 16 21 1 1 13 36 9 1 411 195 413 28 1699 532 6630 7541 4713 157 390 1017 2797 56 63 6 30 75 454 44 6 1 6 0 37 1 26 51 27 36 197 15 32 8 207 16 0 13 796 63 1 10 81 240 0 3 1 0 6 1 0 0 3 0 0 2 7 64 459 4 2 121 15 619 62 358 13 1 3 3 1 90 1 161 9 2 9 14 0 17 5 1 51 43 374 11 489 4 5 71 97 15 43 1984 12 12 22 2 0 9 1 1 1 5 1 2 0 2 23 1 173 356 38 208 8 10 4 5 37 336 0 7 181 18 3 8 60 8 64 9 1 1 9 1 3 39 12 18 0 1 9 1 3 4
6 2 3 0 12 3 2 1 0 0 0 1 3 388 1003 1327 90 1611 62 64 8 27 8 67 39 2 135 1268 584 78 71 4 9 57 22 22 76 46 6198 35 85 31 1072 3 5 309 285 192 10 11 0 1 14 34 2 3 301 372 274 22 2443 491 5774 4713 4995 51 270 887 10411 59 74 6 17 19 835 66 5 1 5 0 43 3 23 32 26 28 165 13 45 12 162 20 4 6 492 109 1 7 43 208 0 3 0 1 7 2 0 0 0 0 0 3 3 33 234 7 1 34 11 232 30 158 9 1 1 4 1 41 5 83 5 1 8 11 2 13 2 0 30 35 167 5 260 5 5 65 149 10 30 1060 14 13 33 2 1 22 0 0 1 4 2 2 0 1 5 1 175 298 33 80 6 10 7 13 54 307 0 13 251 25 3 12 11 7 92 9 2 3 23 1 1 70 25 17 1 0 5 1 3 3
4 0 1 0 0 1 2 4 37 2 0 4 279 3 10 16 4 95 200 9 0 16 3 34 7 0 12 7 10 3 1 0 0 3 1 0 4 95 16 9 166 47 447 300 390 1047 8 72 39 1587 74 289 1 1 12 1 10 5 3 2 57 62 197 157 51 1270 11 7 191 51 37 30 87 637 8 40 525 479 460 423 474 1192 7 2 1 3 3 749 164 423 954 97 38 21 246 0 185 15 7 7 0 0 0 1 1 0 0 3 0 0 0 1 1 4 228 2 1 5 5 32 14 22 3 0 5 1 0 10 1 15 5 0 3 4 1 8 1 0 12 14 25 3 34 2 2 50 131 8 30 413 5 19 17 1 1 28 53 8 48 48 2 0 1 0 2 0 34 94 30 799 3 6 0 0 28 81 19 21 186 16 1 8 15 5 54 5 6 11 43 3 0 65 25 4 0 0 1 0 4 3
769 316 386 97 286 339 123 213 70 204 36 792 3 64 24 61 54 74 37 14 97 234 36 341 995 45 421 199 7432 720 1525 89 658 228 63 4 106 338 35 591 285 67 877 25 5 57 1584 76 59 10 16 30 959 4752 282 60 4998 348 27 22 141 936 1162 390 270 11 14801 859 607 253 71 613 700 165 1865 50 254 5 451 2 61 7 831 3986 805 2733 1800 28 59 9 89 106 44 62 569 872 270 176 1929 1714 12 14 63 48 26 67 1 17 45 23 14 108 8 0 14 6 3 10 51 8 45 15 10 60 81 3 1 3 0 8 50 6 55 358 16 227 4 1 210 202 5 19 6 42 132 8 14 1 18 64 29 7 14 6 1 11 13 22 0 8 34 42 3 43 48 8 10 9 4 7 138 102 32 44 22 22 11 5 38 5 249 227 55 16 21 255 1 3 25 30 81 23 13 36 57 11 116 17 2 15
19 3 11 5 12 13 9 5 1 6 2 28 0 733 162 469 109 124 45 18 111 306 25 629 746 11 1495 1542 181 36 44 26 74 3302 406 460 1831 478 205 147 266 26 524 9 4 47 1338 62 23 5 7 13 93 162 77 48 570 1780 4009 2574 249 334 682 1017 887 7 859 2430 1268 62 30 16 73 14 844 35 5 2 31 0 39 0 276 424 394 401 1848 18 19 1 54 45 18 16 155 96 10 7 538 500 1 1 7 1 3 3 0 5 1 1 0 14 10 12 28 6 13 18 112 38 121 30 30 27 33 2 6 8 2 19 3 5 9 100 9 180 6 4 188 287 21 41 11 11 71 11 10 2 40 112 57 7 5 2 0 4 2 4 0 1 5 4 0 3 13 14 13 30 7 9 35 22 29 80 6 23 3 7 32 6 33 84 16 12 13 43 2 2 7 9 21 15 8 7 9 2 56 13 3 28
10 2 1 2 22 4 3 5 3 4 1 9 12 324 1007 1338 112 1916 82 98 19 79 15 60 71 4 83 521 1255 144 168 13 31 111 30 30 92 87 4722 92 329 76 1531 38 44 455 407 6150 69 108 1 13 22 88 22 3 600 663 319 33 8336 3262 8598 2797 10411 191 607 1268 13471 271 684 9 63 31 1817 4213 31 6 27 2 412 10 49 91 68 65 313 290 676 103 2096 121 16 42 1015 312 14 28 108 392 0 3 1 0 4 1 0 7 1 0 0 2 1 13 278 5 1 32 24 156 47 105 17 7 8 3 5 26 2 32 30 16 7 19 4 31 4 1 63 47 77 22 108 11 9 313 588 15 68 1440 23 84 234 9 9 333 5 5 10 43 8 5 1 10 6 6 437 585 264 193 20 54 14 23 509 901 11 78 1608 214 11 34 22 18 784 50 13 58 188 8 7 679 202 12 13 1 3 9 6 11
73 13 19 3 7 14 11 42 3 6 0 19 0 22 115 116 26 24 39 49 6 252 31 31 91 10 35 11 207 44 14 4 16 11 3 5 7 11 3 215 278 35 121 21 20 49 98 304 401 103 283 741 23 47 130 12 114 17 11 0 77 9218 888 56 59 51 253 62 271 7755 1710 9 17 37 61 58 37 5 17 249 4030 585 128 79 73 71 31 1193 233 66 157 1811 3580 1486 3113 16 13 21 101 33 5 0 5 1 0 3 1 1 2 0 0 3 2 0 4 2 1 5 5 7 11 4 4 1 2 0 2 2 1 1 4 4 0 13 2 4 1 0 8 4 1 1 1 7 3 28 11 0 4 20 2 283 199 23 14 54 167 52 376 803 6 0 0 1 0 0 5 18 38 14 1 5 0 1 48 11 323 553 98 5 7 11 7 1 24 28 359 66 1223 0 3 197 339 1 4 0 1 1 0 1
24 7 14 0 3 1 13 13 2 2 0 7 3 8 50 84 13 31 27 14 4 46 3 9 26 1 12 4 147 16 7 0 9 3 2 0 3 14 11 21 200 14 58 16 22 39 32 6047 227 118 36 236 5 16 40 6 52 13 7 0 196 7210 391 63 74 37 71 30 684 1710 8294 8 19 15 98 265 27 5 16 108 8713 491 45 25 25 17 20 2914 953 105 351 1012 232 297 595 14 11 8 16 24 1 0 5 1 1 3 0 0 1 1 0 2 0 0 0 0 0 4 2 1 0 7 1 1 1 0 3 1 0 3 2 0 0 3 0 2 0 0 5 3 2 3 1 9 2 38 16 0 5 20 1 280 270 14 11 73 53 17 153 382 2 0 0 0 1 0 7 22 51 15 1 3 1 2 73 20 152 429 153 12 1 8 13 0 34 13 268 74 1025 3 1 252 294 0 4 1 2 0 1 2
