42084 3413 6914 5462 1113 4405 10583 4115 162 685 15 1190 0 0 2 4 1 9 1 1 68 116 8 22 39 4 9 3 14825 2772 411 41 132 53 1 0 13 18 19 13 811 27 35 2 2 13 6 38 201 8 123 256 2986 3480 683 47 89 17 2 1 29 50 18 13 38 1 1246 5 69 71 92 66 59 38 142 12 45 1 46 6 215 9 1806 628 879 139 32 96 87 38 72 874 437 120 172 345 103 4993 46 46 3 0 14 31 0 47 1 1 2 9 12 44 0 0 0 0 0 0 1 0 0 0 0 0 0 0 0 0 0 0 2 0 5 62 0 8 0 0 42 1 0 0 0 1 2 0 1 0 3 2 2 1 3 4 0 0 1 0 0 0 4 0 1 0 0 0 0 0 0 0 3 1 3 1 0 0 1 1 9 1 46 53 6 1 2 24 0 0 19 0 4 1 1 0 13 0 3 0 0 0
3413 6341 224 12606 1225 3290 49 20 15 11 16 300 0 0 0 1 0 6 0 0 23 41 6 6 12 0 3 1 797 1690 177 12 69 5 0 0 6 3 3 1 246 7 5 1 0 8 0 13 65 6 29 42 155 272 38 13 26 1 0 0 5 13 4 1 3 0 308 0 21 12 19 40 5 6 39 8 2 0 14 0 34 0 277 196 399 82 2 21 23 13 28 164 87 33 62 111 44 65 22 7 4 0 20 39 1 58 1 6 1 6 18 48 0 0 0 0 0 0 0 0 0 0 0 2 0 1 0 0 0 0 1 0 4 46 0 9 0 0 6 1 0 0 0 6 3 0 1 0 1 0 1 0 0 1 0 2 0 2 0 0 5 2 0 2 1 0 0 0 0 0 3 0 0 1 0 0 0 2 1 0 48 20 5 1 0 19 1 0 5 0 6 0 0 0 21 1 2 0 0 0
6914 224 10688 6983 62 8437 917 5786 197 4852 40 36360 0 0 0 0 0 2 2 1 28 49 6 11 18 2 4 2 792 75 64 20 65 20 0 0 1 5 5 2 320 17 18 1 1 8 1 16 106 7 64 113 616 892 146 28 21 3 0 0 12 15 3 0 8 1 576 0 6 47 52 49 23 7 50 2 44 0 22 1 100 5 789 282 498 72 18 60 49 21 33 397 163 43 75 94 204 637 22 17 12 2 82 74 1 114 11 8 25 29 45 147 0 0 0 0 0 0 0 0 0 0 0 1 1 0 0 0 0 0 2 0 17 98 1 7 0 0 7 3 0 0 0 7 6 0 0 0 0 0 0 0 1 4 0 0 0 4 0 0 5 1 0 3 0 0 0 0 0 0 3 3 1 3 1 0 1 1 4 0 65 33 5 0 0 26 1 0 5 0 6 2 0 0 42 2 7 1 0 2
5462 12606 6983 14003 2390 8131 117 85 54 54 35 2690 0 0 0 3 1 12 0 0 114 156 12 7 48 2 2 1 1070 6490 190 175 286 70 0 0 1 16 8 5 655 13 31 1 1 18 5 24 119 1 31 64 250 505 61 42 27 15 0 1 31 39 2 10 10 1 790 1 69 22 37 122 44 6 94 7 22 0 26 2 57 3 465 391 966 255 14 35 39 18 41 289 134 55 70 308 197 160 64 20 18 1 115 148 3 215 4 12 106 30 64 241 0 0 0 0 0 0 0 0 6 0 0 2 9 0 0 0 0 0 11 0 22 197 0 10 0 0 31 9 0 2 0 23 9 1 5 1 5 4 0 0 3 4 0 0 0 6 0 0 14 11 1 4 5 1 1 1 0 0 28 6 4 4 0 1 1 1 13 0 136 60 3 0 1 50 4 0 3 1 30 0 1 4 81 7 13 4 0 2
1113 1225 62 2390 12224 4066 425 35 12 21 6 610 0 0 0 6 1 17 1 2 156 280 24 16 67 1 16 26 4880 4267 9280 245 346 164 0 1 35 38 37 14 460 13 51 1 0 44 12 29 71 2 41 61 631 1182 135 36 1017 19 4 11 71 99 29 14 124 1 1161 8 305 41 49 86 68 8 346 27 4 0 29 3 63 2 560 402 893 270 37 30 34 19 73 243 110 45 100 3199 18 453 95 141 0 0 9 12 0 18 0 1 2 2 4 21 0 0 0 0 0 0 0 0 4 1 1 0 1 0 0 0 0 0 2 0 4 19 0 10 0 0 11 1 0 2 1 1 4 0 5 0 2 6 1 0 1 2 0 3 0 1 0 0 1 1 0 0 0 0 4 2 0 1 0 0 0 1 1 1 2 2 29 5 20 17 3 1 1 9 0 0 8 1 5 0 1 0 7 1 0 1 0 0
4405 3290 8437 8131 4066 22104 299 290 179 315 94 14651 0 0 3 8 4 65 7 6 286 526 39 42 122 8 15 5 889 2691 559 5300 3171 595 1 0 15 91 32 10 823 30 138 2 3 131 7 38 136 5 32 77 365 712 95 97 42 169 1 4 159 72 15 37 39 5 1317 8 302 30 58 650 413 24 614 49 38 0 184 1 86 1 734 617 1677 481 30 44 40 37 151 322 141 58 88 1645 459 346 196 32 27 3 187 297 4 376 9 14 53 80 132 436 2 0 0 0 5 0 6 1 11 1 4 3 11 1 4 0 0 0 18 0 42 365 1 29 0 0 62 37 0 8 2 28 30 0 10 0 12 25 7 0 2 18 0 0 1 9 0 0 18 19 10 6 4 1 7 1 1 3 24 7 2 6 7 7 5 0 49 11 263 107 15 3 3 106 2 0 6 0 46 1 1 6 160 12 22 3 1 0
10583 49 917 117 425 299 9247 7445 1491 3327 403 1438 0 0 1 1 1 2 0 0 15 44 5 4 17 1 3 2 2682 364 229 13 36 22 0 0 4 6 9 1 64 2 16 0 0 4 0 1 11 2 12 32 1648 964 409 3 16 1 0 1 12 13 7 7 2 3 152 0 37 7 5 62 12 13 46 2 104 2 18 0 26 5 337 96 90 19 4 10 4 2 8 66 35 10 22 205 434 4787 13 9 1 0 6 7 0 13 0 0 1 4 2 9 0 0 0 0 0 0 1 1 0 0 0 0 0 0 0 0 0 0 0 0 0 11 0 4 0 0 2 1 0 0 0 1 1 0 0 0 0 0 1 0 0 0 0 0 0 0 0 0 0 0 0 1 0 0 1 0 0 0 0 0 1 0 0 1 0 0 4 0 3 14 3 0 1 2 0 1 2 0 2 1 0 0 4 0 1 0 0 0
4115 20 5786 85 35 290 7445 18693 2316 12462 632 4924 0 0 1 1 0 1 0 0 3 4 2 1 5 0 2 0 374 41 30 7 19 5 0 0 1 5 0 2 110 4 3 0 1 2 0 4 31 3 36 45 630 579 126 3 7 2 0 0 2 6 0 1 1 2 212 0 5 14 15 58 7 13 14 0 50 1 7 0 38 2 425 117 113 12 2 19 14 13 11 184 92 15 26 34 246 1470 4 6 2 0 7 16 0 16 0 0 0 2 4 14 0 0 0 0 0 0 0 0 0 0 0 1 0 0 0 0 0 0 0 0 0 14 0 2 0 0 3 3 0 0 0 1 0 0 0 0 0 0 0 0 0 0 0 0 0 0 0 0 0 0 1 0 0 0 0 0 0 0 0 0 0 0 0 0 1 0 1 0 12 8 2 0 1 4 1 0 0 0 0 0 0 1 6 0 1 0 0 0
162 15 197 54 12 179 1491 2316 2186 4147 540 1476 4 0 0 0 0 2 1 1 12 12 1 2 2 0 1 0 27 8 3 14 108 5 0 0 0 3 1 1 11 0 5 2 58 10 0 2 1 198 3 39 248 61 28 0 0 0 0 0 2 1 1 0 0 69 25 0 1 0 2 534 12 519 7 0 2237 60 253 81 20 253 32 10 15 4 0 37 17 90 23 15 2 1 1 5 4804 2751 5 1 2 0 9 13 0 14 0 0 0 4 4 21 0 0 0 0 0 0 0 1 0 3 0 0 0 0 0 0 0 0 1 0 3 31 0 6 0 0 9 3 0 0 0 3 0 0 2 0 4 2 0 0 1 1 0 2 2 2 0 1 1 0 0 1 0 0 0 0 0 0 4 1 0 1 0 1 1 1 13 2 8 32 18 0 1 19 0 1 6 0 3 2 0 0 8 0 2 0 1 1
685 11 4852 54 21 315 3327 12462 4147 15872 8284 27922 0 0 0 0 0 1 0 0 6 6 1 2 2 0 1 0 150 11 16 6 61 2 0 0 1 0 1 1 48 1 3 0 2 1 0 0 13 3 12 18 372 260 62 0 3 2 0 0 1 3 2 1 1 0 98 0 4 3 2 506 3 8 9 0 170 2 20 0 22 7 160 46 44 5 2 4 5 1 3 62 30 6 9 13 2365 2038 4 4 14 1 37 58 1 85 2 3 5 24 27 76 0 0 0 0 0 0 0 0 0 0 0 1 0 0 0 0 0 0 0 0 2 47 0 2 0 0 2 1 0 0 0 4 1 0 0 0 1 0 0 0 0 2 0 1 0 1 0 0 5 2 0 1 2 0 0 0 0 0 2 0 0 1 0 0 2 0 0 0 53 19 3 0 0 11 0 1 2 0 4 0 0 0 29 0 1 0 0 1
15 16 40 35 6 94 403 632 540 8284 2276 3164 0 0 0 0 0 0 1 0 2 0 0 0 1 0 0 0 6 4 1 1 17 0 0 0 0 1 0 0 2 0 0 0 1 4 0 0 0 2 0 2 51 16 6 0 1 0 0 0 0 0 0 0 0 2 6 0 2 0 1 474 5 10 2 0 104 2 5 4 2 1 9 3 5 1 0 0 0 4 1 2 1 0 0 0 1445 323 2 0 7 0 27 62 1 74 6 4 4 21 28 105 0 0 0 0 0 0 0 0 0 0 0 2 1 1 0 0 0 0 3 0 1 60 0 3 0 0 3 1 0 0 0 10 1 0 0 0 1 0 0 0 0 4 0 0 1 0 0 0 6 2 1 1 0 0 0 0 0 0 3 0 0 0 0 0 1 2 0 1 71 14 0 0 0 6 0 0 0 0 3 0 0 0 45 4 1 0 0 0
1190 300 36360 2690 610 14651 1438 4924 1476 27922 3164 23465 1 0 2 6 1 24 10 0 154 261 12 11 53 0 8 5 256 292 29 631 3060 115 1 0 5 53 5 6 370 10 42 7 5 104 2 17 45 10 26 42 401 435 78 37 18 27 0 2 44 25 3 9 13 4 594 6 77 14 21 2619 240 99 235 6 190 3 249 6 40 8 381 232 757 191 17 22 23 14 51 189 54 25 38 750 2773 1037 103 14 64 6 476 607 11 950 27 52 228 171 262 1059 0 1 0 0 4 1 9 0 13 1 8 19 23 0 3 1 0 1 45 0 105 1018 3 93 1 0 156 37 1 10 1 110 62 1 2 0 12 6 4 0 0 38 1 1 8 31 1 0 61 50 11 26 14 1 3 1 0 2 76 19 6 8 1 2 12 0 18 2 715 385 40 3 1 340 2 0 3 4 146 0 1 4 415 24 76 5 0 2
0 0 0 0 0 0 0 0 4 0 0 1 4646 0 0 2 16 542 10910 161 0 1 0 2 0 0 3 9 0 0 1 0 3 0 0 0 1 373 0 0 11 0 1 3524 3261 4258 0 1 3 56 0 1 0 0 0 0 0 0 0 0 1 0 1 1 3 1779 0 1 6 0 2 14 206 421 0 0 59 52 294 7 2 13 2 0 0 0 0 4 6 163 188 1 0 1 2 0 12 1 1 0 0 0 0 0 0 1 0 0 0 0 0 0 2 10 661 0 1 27 3 441 14 742 11 0 0 0 1 4 0 9 5 1 0 1 1 1 1 1 12 9 30 3 69 0 0 8 83 18 35 1454 0 1 2 0 0 3 0 1 0 1 0 1 0 0 1 1 100 23 6 170 0 0 3 3 3 42 0 0 124 9 2 3 132 4 9 1 0 1 4 0 0 11 5 1 1 2 0 0 0 1
0 0 0 0 0 0 0 0 0 0 0 0 0 7533 6890 835 1513 369 16 390 12 11 72 336 3 3 1302 1339 2 1 2 0 2 88 2367 3593 2582 16 340 176 399 17 52 0 0 4 172 11 12 0 1 2 1 2 0 0 1 18 224 75 121 90 46 32 742 0 5 70 652 27 20 0 4 3 40 3 1 0 1 0 4 0 0 1 3 3 3 1 6 5 26 8 8 12 25 1 0 0 0 0 0 0 0 0 0 0 0 0 0 0 0 0 29 12 3 15 1 20 35 1 98 112 162 0 1 0 6 3 3 8 0 1 0 0 0 0 11 0 41 41 0 19 0 0 0 1 2 0 61 22 10 0 1 0 0 1 0 0 0 0 0 1 0 0 0 1 4 1 0 0 0 1 1 2 4 3 0 0 18 2 0 14 27 1 6 2 0 0 0 0 3 3 2 0 0 0 0 0 0 0
2 0 0 0 0 3 1 1 0 0 0 2 0 6890 13251 6870 578 3286 181 623 55 32 221 314 6 21 1928 3305 5 0 3 1 9 28 1599 542 1047 17 746 104 1148 51 104 1 0 29 66 39 26 2 6 1 1 2 1 3 2 4 41 4 338 113 47 35 916 5 8 10 1155 29 24 2 8 4 33 31 0 1 3 0 1 0 2 1 10 5 4 2 26 10 69 43 14 15 61 9 1 1 5 1 0 1 0 0 1 1 0 1 0 0 0 0 38 11 13 23 1 15 28 6 90 90 101 3 3 0 5 2 1 11 12 0 0 2 0 0 7 0 29 42 2 62 5 1 2 9 2 0 54 47 17 0 0 0 0 2 0 0 0 0 2 2 0 1 0 10 6 4 3 0 3 4 3 14 3 7 0 0 25 5 0 11 14 0 3 1 1 0 0 1 0 4 2 0 0 0 3 1 1 5
4 1 0 3 6 8 1 1 0 0 0 6 2 835 6870 9312 42 5006 2479 572 16 17 93 335 4 21 1171 2759 3 3 2 0 24 199 327 2 660 139 160 73 830 101 78 2 0 45 15 9 28 0 7 0 0 3 10 5 0 62 7 58 73 6 4 6 12 0 7 72 59 6 3 6 13 1 152 4 2 0 4 0 0 0 16 2 7 3 5 3 20 12 48 73 5 10 37 17 0 0 0 2 0 0 0 0 0 0 0 0 0 0 0 0 26 17 21 14 1 10 4 19 24 137 3 0 0 1 0 6 0 31 0 1 0 3 0 1 9 0 4 6 11 14 9 0 2 1 2 1 40 51 2 0 0 0 0 0 0 0 0 0 0 0 0 0 0 0 2 1 0 0 0 0 0 1 1 3 0 0 5 0 0 2 6 0 1 3 0 0 1 0 0 2 0 1 0 0 2 0 0 0
1 0 0 1 1 4 1 0 0 0 0 1 16 1513 578 42 1194 126 404 1141 36 46 101 34 17 34 21 10 0 0 0 1 1 11 210 246 1177 368 11 97 379 10 8 15 22 161 47 1 7 6 1 2 1 0 0 0 0 1 26 3 31 2 2 1 10 3 2 0 23 1 0 2 14 29 7 0 0 5 2 0 0 8 1 3 10 4 2 1 2 11 41 7 0 1 2 3 0 0 5 1 4 9 2 1 4 1 0 1 0 0 2 2 374 68 4 197 22 23 84 9 496 193 235 39 71 9 58 37 27 76 91 13 4 15 10 11 110 11 195 244 3 504 17 5 20 43 7 0 275 48 202 1 1 0 1 3 0 2 0 0 15 28 1 4 8 55 7 14 5 2 34 41 19 159 0 6 3 2 12 2 6 162 35 25 2 47 0 0 0 15 5 3 7 13 1 0 23 10 8 41
9 6 2 12 17 65 2 1 2 1 0 24 542 369 3286 5006 126 10806 2722 793 14 48 194 2627 13 41 4174 1395 15 8 7 6 65 281 203 4 914 616 3217 116 1764 213 821 46 48 3122 27 21 57 9 9 2 8 8 85 14 9 88 10 33 3497 31 73 246 176 136 21 58 420 14 7 26 101 36 203 30 2 3 23 2 3 1 97 6 12 12 19 7 38 39 454 95 9 27 199 52 2 7 12 6 1 8 0 1 1 0 0 0 0 0 0 2 23 175 1379 11 14 63 4 1002 52 2033 37 2 2 0 3 49 8 221 24 16 0 2 0 13 9 2 14 25 332 10 566 2 1 47 205 51 122 2559 20 2 2 0 1 7 0 0 0 1 1 5 0 0 6 5 195 191 33 77 2 10 23 22 10 198 0 3 123 6 1 6 77 42 18 5 1 5 4 3 1 8 10 7 0 0 1 3 4 6
1 0 2 0 1 7 0 0 1 0 1 10 10910 16 181 2479 404 2722 43257 8595 7 30 27 402 9 19 933 81 2 1 0 2 38 41 222 0 512 5886 10 131 291 25 103 9977 2769 5294 9 18 9 332 2 17 0 2 8 3 1 4 1 0 43 13 10 25 29 592 9 3 17 2 8 24 800 2183 20 8 11 447 94 47 15 126 12 4 4 7 1 44 49 621 621 10 0 4 38 5 5 0 5 1 2 5 0 1 0 5 0 0 0 0 1 1 1169 757 2401 488 10 973 252 2710 1479 11344 1647 17 27 18 47 231 76 970 47 8 3 14 0 14 364 11 362 419 701 615 549 14 33 87 202 95 1543 3244 147 8 22 1 2 11 0 2 0 8 5 9 2 3 12 67 210 167 39 138 13 18 19 102 21 219 6 6 221 28 3 155 1252 33 24 34 3 13 15 6 9 42 22 17 1 0 11 8 16 20
1 0 1 0 2 6 0 0 1 0 0 0 161 390 623 572 1141 793 8595 6149 38 41 140 89 14 35 173 24 0 0 0 0 9 11 264 29 427 265 23 192 787 28 41 125 190 624 29 10 14 21 3 2 1 0 2 0 0 3 9 0 107 1 4 3 6 11 4 2 33 4 2 7 40 109 6 7 1 36 12 0 4 18 3 1 15 2 3 3 17 53 95 25 6 3 23 4 0 1 4 0 2 3 0 1 0 3 0 0 0 0 1 1 1171 312 30 581 9 79 155 38 1034 1033 613 23 55 23 79 125 64 318 35 5 4 12 4 7 308 23 210 301 11 881 22 5 25 78 5 2 574 127 192 3 1 3 1 4 0 1 0 0 5 13 0 0 2 80 11 30 11 5 14 27 10 98 2 12 5 0 19 5 3 140 100 15 2 22 0 0 3 8 6 7 10 1 0 0 12 13 12 43
68 23 28 114 156 286 15 3 12 6 2 154 0 12 55 16 36 14 7 38 8629 3372 3401 85 88 299 24 2 95 63 72 39 378 615 10 1 140 425 4 194 1847 23 39 6 1 17 19 5 39 1 2 0 14 42 5 1123 18 118 7 12 29 12 7 4 7 0 37 32 30 9 2 102 428 21 995 8 9 0 99 0 4 1 144 17 4186 50 139 3 12 13 25 61 16 17 45 459 27 15 90 91 0 0 0 3 1 2 0 2 0 0 2 4 5 0 1 2 5 3 16 0 32 1 21 6 5 1 2 3 0 2 9 0 2 17 1 5 0 0 88 44 0 18 0 2 3 1 0 0 26 4 13 0 0 1 0 1 0 1 0 0 2 3 0 0 1 4 2 1 0 0 3 5 7 15 0 1 0 0 4 0 10 43 7 2 1 10 0 0 0 0 3 0 0 1 8 0 3 2 1 4
116 41 49 156 280 526 44 4 12 6 0 261 1 11 32 17 46 48 30 41 3372 21813 5502 1133 6533 3977 227 14 217 140 199 55 750 1237 20 5 226 1180 13 1830 1017 263 928 32 0 56 215 85 227 13 20 10 44 113 27 138 53 274 26 25 63 76 66 68 34 4 407 88 79 75 16 185 961 53 2453 106 21 0 236 2 13 7 273 421 3780 1003 534 17 168 76 292 355 76 127 522 1186 37 49 2760 404 0 8 3 2 0 6 0 1 0 1 1 9 14 6 0 7 7 4 48 6 123 14 75 13 24 1 9 0 0 2 28 5 5 59 6 27 3 1 293 165 1 61 2 5 5 4 4 2 100 12 54 1 3 1 0 4 1 0 0 0 5 11 0 4 1 9 1 3 2 0 11 13 15 49 0 2 2 3 15 5 23 127 26 5 0 23 1 1 6 1 12 9 1 11 10 2 23 5 5 13
8 6 6 12 24 39 5 2 1 1 0 12 0 72 221 93 101 194 27 140 3401 5502 9171 9159 386 6929 434 18 21 6 17 4 97 304 41 5 175 302 39 1095 6384 1984 715 0 0 26 40 26 185 4 13 4 4 16 27 25 10 42 6 15 56 21 13 11 14 4 86 17 35 33 6 25 138 6 186 27 1 1 30 0 4 0 47 50 430 126 37 7 82 24 131 208 38 51 189 84 2 7 329 18 0 0 0 1 0 0 0 0 0 0 0 2 3 0 0 0 0 0 3 0 26 8 10 1 3 1 1 1 1 3 2 0 0 5 0 1 0 0 37 14 0 7 1 1 1 1 3 0 10 3 5 0 2 0 0 2 0 0 0 0 2 0 0 0 0 1 1 0 0 0 2 1 0 2 0 0 0 0 10 0 4 6 0 0 3 2 1 1 1 0 1 5 1 2 0 0 2 0 0 4
22 6 11 7 16 42 4 1 2 2 0 11 2 336 314 335 34 2627 402 89 85 1133 9159 13515 1138 5212 5900 500 111 8 79 3 25 97 369 25 187 127 193 3958 2988 8213 1001 8 6 1468 2237 31 207 3 8 4 28 91 73 18 224 36 176 82 1001 39 40 173 133 3 1152 1129 226 36 8 12 64 5 120 40 1 0 11 0 8 0 142 184 199 473 556 11 65 35 1260 190 45 56 254 48 1 6 464 122 0 0 0 0 0 0 0 0 0 0 1 0 10 5 8 5 8 13 47 5 106 50 82 8 7 1 4 2 1 3 7 1 3 4 0 5 6 0 68 69 0 40 5 0 0 6 22 0 61 117 18 1 1 0 0 2 0 0 0 0 0 2 0 3 1 8 30 5 3 3 3 2 3 15 3 21 0 0 58 4 1 29 11 4 5 6 0 2 4 2 1 3 4 4 0 0 4 1 1 2
39 12 18 48 67 122 17 5 2 2 1 53 0 3 6 4 17 13 9 14 88 6533 386 1138 14548 1901 355 37 189 37 127 6 134 192 14 3 102 299 5 3498 199 88 1073 11 4 27 3840 35 91 0 14 17 59 151 18 27 643 39 39 16 69 74 155 214 66 1 3379 807 104 98 9 50 225 20 436 70 3 0 48 0 12 2 318 854 1535 3787 3625 18 89 50 355 97 75 70 633 250 5 20 4896 833 0 3 0 0 0 0 0 0 0 1 0 2 9 4 1 0 7 3 55 1 99 12 72 9 11 1 2 4 0 4 12 1 3 11 0 11 2 1 135 109 0 29 0 3 5 0 2 0 61 9 28 1 1 0 0 3 0 0 0 0 1 3 0 1 0 6 4 1 2 0 3 2 3 20 0 4 0 0 13 5 11 35 15 1 8 12 0 0 7 1 4 5 0 4 0 1 8 2 5 4
4 0 2 2 1 8 1 0 0 0 0 0 0 3 21 21 34 41 19 35 299 3977 6929 5212 1901 11069 1354 7 17 3 5 1 17 35 15 3 73 185 2 7372 1621 173 394 8 0 14 181 9 51 0 4 1 5 12 1 7 16 3 11 0 19 15 11 11 7 0 200 14 8 22 2 1 39 4 41 18 1 0 4 0 0 0 19 44 113 104 25 6 31 17 63 57 17 22 127 27 0 0 126 15 0 1 0 0 0 1 0 0 0 0 0 1 14 5 0 5 0 6 51 0 92 28 78 4 3 1 2 0 3 1 7 0 0 4 0 0 3 2 56 58 0 24 1 0 1 0 0 1 46 9 19 0 2 0 0 0 0 0 0 0 0 1 0 1 0 6 1 1 3 0 1 4 1 15 0 1 0 0 4 0 0 19 9 1 2 1 0 0 0 0 0 1 0 0 0 0 2 0 1 2
9 3 4 2 16 15 3 2 1 1 0 8 3 1302 1928 1171 21 4174 933 173 24 227 434 5900 355 1354 25193 7171 130 7 122 0 17 87 2381 25 225 71 315 3576 614 100 589 2 1 582 973 5 34 0 4 5 22 54 5 4 248 56 211 112 194 58 191 439 1602 4 593 1235 167 29 5 3 24 4 179 5 1 0 2 0 1 0 53 61 81 198 460 1 11 9 146 31 13 20 190 22 0 6 199 139 0 2 0 0 0 1 0 0 0 0 0 0 16 10 63 4 1 28 38 54 145 193 113 4 5 0 0 4 0 9 8 3 1 4 2 1 7 1 51 43 10 22 28 1 2 7 31 1 69 463 12 0 3 0 0 1 0 0 0 0 0 1 0 1 3 3 69 20 3 12 0 2 2 15 2 39 0 0 79 4 1 21 15 2 5 5 2 0 0 0 0 1 4 6 0 0 0 0 1 1
3 1 2 1 26 5 2 0 0 0 0 5 9 1339 3305 2759 10 1395 81 24 2 14 18 500 37 7 7171 9681 87 16 104 2 4 142 625 15 249 28 5573 47 160 26 51 2 0 469 160 4 3 2 3 3 16 31 10 1 123 200 139 89 1496 54 67 132 3077 8 158 857 956 18 8 3 13 1 511 9 0 0 2 0 1 0 13 6 10 27 206 0 3 5 59 21 3 9 38 56 0 6 31 41 0 2 0 0 0 0 0 0 0 0 0 0 5 7 243 4 4 6 10 209 24 140 16 0 0 0 0 10 0 4 11 4 1 0 0 4 1 0 9 11 15 7 127 0 0 16 98 4 25 1953 5 1 1 0 1 0 0 1 0 0 0 0 0 1 5 1 275 60 18 21 1 1 11 6 6 164 2 0 177 6 0 5 8 17 10 2 0 1 0 1 0 6 10 2 0 0 1 1 1 1
14825 797 792 1070 4880 889 2682 374 27 150 6 256 0 2 5 3 0 15 2 0 95 217 21 111 189 17 130 87 47903 12699 6649 59 236 110 5 3 21 31 76 75 175 6 354 1 0 37 81 42 31 3 24 81 4576 16745 714 16 5312 35 5 13 88 263 286 118 390 4 3389 52 518 113 45 139 102 53 1016 60 26 0 113 4 44 2 1068 363 330 83 427 16 57 26 306 207 78 57 398 2236 53 3663 109 933 7 0 7 24 1 35 1 6 1 4 7 33 0 0 0 1 1 1 0 0 6 0 0 3 6 0 2 0 0 0 5 0 6 196 2 62 0 0 111 13 0 4 1 20 6 1 7 0 4 19 0 1 2 5 0 1 0 6 0 0 12 11 2 3 4 1 4 1 1 0 10 1 5 6 2 2 2 0 34 8 113 178 19 4 6 69 1 1 1 1 40 1 0 3 28 4 11 1 0 4
2772 1690 75 6490 4267 2691 364 41 8 11 4 292 0 1 0 3 0 8 1 0 63 140 6 8 37 3 7 16 12699 16462 4019 61 106 75 1 0 10 17 30 10 232 4 42 0 1 15 2 18 50 0 22 51 569 1103 123 22 3799 10 3 1 26 40 26 7 46 1 793 5 153 20 24 39 44 17 129 11 8 0 22 0 58 0 475 200 397 99 17 38 25 14 44 160 86 29 49 898 14 398 40 49 1 0 9 15 0 32 1 1 0 8 6 25 0 0 0 0 0 0 0 0 2 0 1 1 1 0 0 0 0 0 0 0 1 37 1 6 0 0 11 3 0 0 0 4 1 0 0 0 1 5 0 0 1 1 0 1 0 2 0 0 3 1 0 1 1 0 2 0 1 0 2 1 0 0 3 4 0 0 12 2 31 25 3 0 0 13 0 1 9 0 6 0 0 1 7 0 1 0 0 0
411 177 64 190 9280 559 229 30 3 16 1 29 1 2 3 2 0 7 0 0 72 199 17 79 127 5 122 104 6649 4019 12074 26 39 42 6 2 18 13 53 42 338 15 181 0 0 21 48 19 60 2 35 58 560 1227 111 35 7721 9 16 9 71 196 202 79 454 1 2593 31 445 84 40 15 28 10 1921 33 3 0 11 2 55 3 514 327 586 295 531 30 43 17 160 183 79 41 229 5903 6 295 225 5678 0 0 0 1 0 0 0 0 0 1 0 4 0 0 0 0 0 0 2 0 2 1 1 0 0 1 0 0 0 0 0 0 0 13 0 5 0 0 16 1 0 0 0 0 0 0 4 0 1 10 0 0 3 0 0 1 0 0 0 0 1 0 0 0 0 1 5 0 0 0 0 0 0 1 0 3 0 1 47 3 11 18 4 0 5 7 1 2 5 0 1 5 2 0 5 0 0 1 0 0
41 12 20 175 245 5300 13 7 14 6 1 631 0 0 1 0 1 6 2 0 39 55 4 3 6 1 0 2 59 61 26 3597 3550 820 1 0 7 19 1 3 60 1 14 1 0 18 0 3 10 0 3 9 74 79 5 8 3 1380 0 2 10 5 0 3 3 1 99 2 19 4 3 230 92 9 3536 0 2 0 34 0 9 0 80 29 99 18 4 2 3 7 11 47 10 2 5 5137 53 23 17 2 8 1 24 53 0 45 2 3 4 3 9 56 1 0 0 0 0 0 1 0 1 1 0 6 8 0 2 0 0 0 8 0 6 152 0 20 0 0 30 5 0 1 0 16 14 0 1 0 0 1 1 0 1 5 0 2 1 4 1 0 14 9 1 4 2 0 0 0 0 0 14 4 6 2 0 3 5 0 2 0 88 92 10 0 0 64 1 0 3 1 14 0 0 1 41 1 7 1 0 0
132 69 65 286 346 3171 36 19 108 61 17 3060 3 2 9 24 1 65 38 9 378 750 97 25 134 17 17 4 236 106 39 3550 11055 5792 3 2 34 2485 23 12 381 14 38 7 4 276 15 10 32 5 17 47 260 402 72 27 9 1374 11 58 138 17 6 8 16 3 435 77 116 16 8 1852 2052 110 4551 11 41 2 137 2 29 6 437 206 449 147 14 13 18 14 87 166 45 6 34 4064 381 131 172 20 32 11 122 211 8 270 5 28 15 28 55 230 5 0 4 1 5 2 12 5 40 3 17 26 32 0 4 2 0 2 43 4 44 816 8 135 0 0 285 93 1 17 1 90 44 3 4 0 27 21 27 0 0 30 3 8 9 27 0 0 76 44 6 8 13 3 11 2 0 3 89 26 24 28 1 1 22 1 14 1 513 586 42 9 2 334 1 0 2 8 149 0 4 12 191 11 48 6 9 12
53 5 20 70 164 595 22 5 5 2 0 115 0 88 28 199 11 281 41 11 615 1237 304 97 192 35 87 142 110 75 42 820 5792 13464 178 114 438 1430 286 197 671 19 99 1 0 142 556 27 24 2 13 24 132 191 34 26 12 5794 823 4561 350 76 27 31 165 0 207 1987 801 15 28 157 404 28 7894 30 3 0 25 2 16 0 227 141 455 132 101 8 8 7 74 97 33 9 41 1576 18 27 198 14 5 1 6 15 5 25 1 3 0 1 5 22 6 0 4 6 7 1 8 2 59 7 25 19 36 1 8 3 0 0 39 8 4 121 9 33 0 0 221 96 1 30 5 11 7 4 11 1 40 44 33 0 0 6 1 2 3 4 0 3 11 14 0 6 7 5 7 5 1 0 30 19 12 56 1 8 10 0 42 5 86 221 21 10 7 55 0 0 0 3 34 1 2 11 14 3 20 7 6 18
1 0 0 0 0 1 0 0 0 0 0 1 0 2367 1599 327 210 203 222 264 10 20 41 369 14 15 2381 625 5 1 6 1 3 178 2854 1102 1711 24 43 3032 196 10 72 1 0 14 1790 5 2 1 0 1 0 1 2 1 2 77 1462 364 40 85 162 104 446 0 13 321 173 30 4 1 3 9 74 10 0 0 1 0 0 0 1 0 6 5 21 0 1 5 81 4 7 10 120 5 1 0 2 2 1 0 0 0 0 1 0 0 0 0 0 0 107 29 6 54 2 72 70 17 202 401 283 1 5 1 9 11 2 23 7 1 2 3 0 3 39 1 60 69 2 96 0 0 5 5 0 1 118 43 30 0 0 1 0 1 0 0 0 0 1 4 0 0 0 6 7 6 1 1 2 4 3 21 1 4 0 0 14 5 2 13 35 0 2 5 0 0 0 3 1 2 1 2 0 0 4 1 4 6
0 0 0 0 1 0 0 0 0 0 0 0 0 3593 542 2 246 4 0 29 1 5 5 25 3 3 25 15 3 0 2 0 2 114 1102 1633 2129 8 7 173 2 0 5 1 0 0 1006 1 0 0 0 0 0 2 0 0 1 142 3091 893 4 0 6 2 13 0 2 595 8 3 0 1 0 0 91 0 1 0 0 0 1 0 0 0 1 1 5 0 0 0 0 0 0 0 3 7 0 0 1 0 0 3 0 0 0 0 0 0 0 0 0 1 1 0 0 1 2 1 15 0 20 6 20 2 3 1 0 1 0 2 7 0 0 2 1 1 0 0 29 25 0 14 0 0 0 0 1 0 15 3 10 0 0 0 0 0 0 0 0 0 2 1 0 0 1 1 0 1 0 0 0 5 1 14 0 0 0 0 0 1 0 10 2 0 0 1 0 0 0 1 1 0 0 4 0 0 0 1 1 2
13 6 1 1 35 15 4 1 0 1 0 5 1 2582 1047 660 1177 914 512 427 140 226 175 187 102 73 225 249 21 10 18 7 34 438 1711 2129 3113 606 312 759 587 16 69 6 1 466 1857 5 10 1 1 0 6 11 3 3 7 458 2347 593 462 17 21 31 126 0 19 756 480 6 3 5 30 19 758 8 3 0 6 0 3 0 18 32 61 37 26 1 12 4 143 14 2 4 28 78 1 5 48 5 12 28 3 5 6 5 2 0 0 0 0 11 87 25 11 37 28 11 95 8 408 48 186 70 131 11 38 23 6 26 217 15 18 51 21 38 32 10 462 367 3 362 4 4 35 31 12 1 256 83 260 0 2 0 1 2 0 6 0 1 36 63 3 21 5 56 11 7 2 4 72 82 57 340 0 14 4 1 18 6 10 286 45 47 5 37 1 2 0 24 20 4 6 29 2 2 49 19 33 86
18 3 5 16 38 91 6 5 3 0 1 53 373 16 17 139 368 616 5886 265 425 1180 302 127 299 185 71 28 31 17 13 19 2485 1430 24 8 606 7315 31 331 644 14 81 612 359 4720 172 16 18 87 7 19 46 61 22 18 6 189 42 64 495 14 6 23 21 100 153 103 100 8 5 90 4886 899 463 9 19 73 125 23 7 74 136 214 439 201 28 20 26 185 1077 37 11 6 48 140 8 8 287 17 38 112 8 29 47 34 9 12 2 4 5 28 626 142 67 264 137 96 381 67 1633 751 890 272 509 20 153 93 62 153 741 69 82 305 115 270 164 21 2972 1352 14 1150 37 47 113 97 58 8 1145 451 817 7 7 10 1 16 4 17 1 3 128 207 8 67 31 175 80 57 13 22 296 316 280 1063 10 46 24 2 106 11 106 1843 468 150 15 247 8 6 14 112 120 15 22 113 18 8 208 88 110 276
19 3 5 8 37 32 9 0 1 1 0 5 0 340 746 160 11 3217 10 23 4 13 39 193 5 2 315 5573 76 30 53 1 23 286 43 7 312 31 9281 9 336 51 75 1 0 551 13 11 15 0 0 2 6 16 28 3 28 305 46 114 7815 29 12 393 1568 4 42 416 5206 6 5 1 17 1 859 17 1 0 3 0 0 0 29 7 17 12 90 0 16 5 76 16 2 5 27 146 0 2 6 18 0 2 0 1 0 0 0 0 0 0 0 0 0 2 95 0 0 1 1 71 8 58 1 2 0 0 1 5 0 3 7 2 1 3 0 3 0 1 5 1 14 2 70 0 0 7 78 3 9 698 8 2 0 0 0 3 0 0 0 0 0 1 0 2 2 0 104 34 4 11 1 6 3 6 4 62 0 1 120 7 0 3 2 6 9 1 0 0 2 0 0 0 3 1 0 0 2 0 1 1
13 1 2 5 14 10 1 2 1 1 0 6 0 176 104 73 97 116 131 192 194 1830 1095 3958 3498 7372 3576 47 75 10 42 3 12 197 3032 173 759 331 9 6726 1503 107 314 11 0 17 2876 4 41 0 3 3 25 69 4 8 162 92 1006 400 13 13 27 21 22 2 1011 904 15 17 1 6 50 23 142 13 0 0 4 0 2 0 43 103 144 409 333 2 22 8 59 44 12 14 87 26 2 3 413 87 2 5 1 3 2 1 0 0 0 0 0 2 181 60 4 79 13 60 261 12 580 291 601 19 35 6 30 28 14 45 60 1 4 11 5 10 44 9 291 289 2 274 4 4 13 23 3 0 339 52 115 0 0 0 0 0 0 0 0 0 4 17 1 3 1 37 9 12 5 0 13 22 7 79 1 10 3 0 10 4 3 102 67 9 1 37 1 1 1 8 8 2 8 8 0 0 12 9 13 31
811 246 320 655 460 823 64 110 11 48 2 370 11 399 1148 830 379 1764 291 787 1847 1017 6384 2988 199 1621 614 160 175 232 338 60 381 671 196 2 587 644 336 1503 4822 5077 982 19 13 669 61 217 2258 34 62 39 98 71 1186 856 57 115 11 24 925 174 50 27 129 17 314 59 343 180 144 163 425 33 924 150 28 2 157 8 131 13 1955 156 3517 210 166 219 513 341 1528 1141 288 378 680 793 25 36 194 153 5 5 5 22 2 25 1 4 0 3 3 25 12 0 7 2 3 1 11 2 23 12 20 5 12 0 3 0 1 2 12 2 8 105 6 37 1 0 117 34 0 17 1 19 9 6 19 1 10 50 12 2 13 1 0 10 2 2 1 10 12 6 0 2 1 3 7 4 0 2 13 6 10 17 8 18 4 8 128 14 79 106 22 8 15 41 9 3 92 0 23 37 10 2 22 2 8 2 1 4
27 7 17 13 13 30 2 4 0 1 0 10 0 17 51 101 10 213 25 28 23 263 1984 8213 88 173 100 26 6 4 15 1 14 19 10 0 16 14 51 107 5077 8479 5996 0 11 198 44 59 1597 9 24 4 6 19 79 14 14 6 2 1 250 42 14 8 35 5 103 29 135 46 15 1 8 0 35 97 3 0 4 0 11 0 109 47 63 87 15 34 157 128 891 454 63 95 365 25 0 1 61 12 0 0 0 0 0 0 0 0 0 0 0 0 0 0 0 0 0 0 1 0 2 4 2 0 1 0 0 0 0 0 0 1 0 4 0 0 0 0 6 5 0 0 0 0 0 0 9 0 3 14 0 0 6 0 0 3 0 0 0 1 0 0 0 0 0 0 8 1 2 0 0 0 0 0 2 2 1 2 53 4 0 4 1 0 12 0 1 0 5 0 0 12 3 0 1 0 0 0 1 1
35 5 18 31 51 138 16 3 5 3 0 42 1 52 104 78 8 821 103 41 39 928 715 1001 1073 394 589 51 354 42 181 14 38 99 72 5 69 81 75 314 982 5996 8757 16 41 1974 685 206 2604 23 27 10 86 251 50 18 415 46 68 24 2498 470 1603 3163 1153 43 1582 654 1522 213 45 13 41 5 240 1064 6 2 9 1 25 1 244 379 434 686 500 34 517 652 9274 379 152 255 5872 131 10 15 676 199 0 2 0 0 1 0 0 1 0 0 0 0 9 2 4 1 0 2 21 3 38 9 33 2 2 1 1 1 0 4 5 1 1 3 0 5 3 0 25 25 0 10 3 2 1 19 88 0 30 200 12 10 30 0 1 52 1 0 0 1 0 0 0 1 1 1 52 12 20 6 1 3 1 11 26 57 6 10 528 73 2 11 10 1 127 6 5 14 22 0 1 79 40 4 1 1 1 0 0 4
2 1 1 1 1 2 0 0 2 0 0 7 3524 0 1 2 15 46 9977 125 6 32 0 8 11 8 2 2 1 0 0 1 7 1 1 1 6 612 1 11 19 0 16 7899 6226 1869 3 19 3 1461 4 47 2 1 1 0 1 0 0 0 10 10 4 2 0 1305 4 0 2 1 17 54 1703 2068 4 1 346 1164 3647 198 19 702 4 7 11 3 0 124 64 1031 847 6 3 4 34 0 18 1 4 0 2 9 3 1 4 7 0 1 1 2 1 2 188 64 132 96 16 110 100 158 527 959 392 31 77 3 43 24 15 66 78 7 9 46 8 38 69 9 632 359 17 234 17 8 18 19 33 6 437 430 115 5 23 0 1 40 3 4 1 3 12 21 1 9 2 31 42 23 11 41 28 40 23 104 5 25 8 2 241 40 14 356 372 14 32 40 5 15 51 9 12 83 25 24 2 0 23 11 14 33
2 0 1 1 0 3 0 1 58 2 1 5 3261 0 0 0 22 48 2769 190 1 0 0 6 4 0 1 0 0 1 0 0 4 0 0 0 1 359 0 0 13 11 41 6226 10200 5377 0 17 8 5835 0 23 3 1 0 0 2 0 0 0 3 11 10 1 7 2533 4 1 28 6 8 156 525 156 2 4 1428 383 2125 150 18 476 4 1 1 2 1 72 63 2045 3093 5 2 5 45 1 188 21 4 0 1 3 0 1 2 5 0 1 1 0 0 3 0 1 43 0 0 11 1 39 26 105 19 0 0 1 0 1 0 3 10 4 5 7 0 2 1 0 40 7 2 2 6 2 1 29 544 3 51 648 4 16 23 1 1 107 3 1 1 7 0 0 2 0 1 0 115 26 30 98 0 4 7 0 75 139 5 9 2057 234 7 35 36 4 174 25 9 53 59 0 0 142 63 11 15 1 0 1 1 1
13 8 8 18 44 131 4 2 10 1 4 104 4258 4 29 45 161 3122 5294 624 17 56 26 1468 27 14 582 469 37 15 21 18 276 142 14 0 466 4720 551 17 669 198 1974 1869 5377 13081 12 18 56 38 9 0 9 14 70 10 21 43 4 9 1978 26 54 874 472 2997 42 34 140 12 7 221 1875 156 156 35 86 25 475 8 6 11 91 19 30 24 20 10 47 280 3908 65 12 24 272 93 42 10 21 8 1 19 1 0 4 1 0 10 0 3 0 3 36 36 1403 14 10 31 12 521 111 769 62 1 4 0 5 31 0 48 63 30 3 18 3 13 10 1 107 47 55 24 485 1 2 121 2522 53 161 9780 23 12 17 0 3 51 0 3 0 3 0 3 3 3 17 7 1296 392 81 549 10 29 35 35 73 1083 16 10 2418 114 5 64 119 70 155 47 19 18 20 3 0 29 65 21 23 1 5 2 9 8
6 0 1 5 12 7 0 0 0 0 0 2 0 172 66 15 47 27 9 29 19 215 40 2237 3840 181 973 160 81 2 48 0 15 556 1790 1006 1857 172 13 2876 61 44 685 3 0 12 5243 5 20 0 0 3 19 32 6 0 169 286 3268 1418 32 33 134 241 182 0 810 2062 89 18 2 4 9 12 286 20 0 0 7 0 0 0 31 61 60 309 766 1 9 2 93 17 3 18 224 26 1 3 263 91 2 6 0 2 3 1 1 0 0 0 0 1 43 6 3 21 25 10 173 2 323 38 229 20 28 2 24 5 5 8 48 4 2 16 3 14 14 4 310 295 2 122 1 4 10 1 2 0 211 27 83 1 1 2 0 1 1 0 0 1 5 13 0 8 5 17 8 3 1 0 20 23 8 70 1 8 0 0 9 0 3 102 26 12 0 10 0 0 0 3 8 3 4 23 0 0 9 7 2 16
38 13 16 24 29 38 1 4 2 0 0 17 1 11 39 9 1 21 18 10 5 85 26 31 35 9 5 4 42 18 19 3 10 27 5 1 5 16 11 4 217 59 206 19 17 18 5 28799 171 59 4 39 9 24 5 5 30 33 2 5 365 10839 835 25 64 31 117 42 2547 158 6314 3 8 4 141 13017 11 2 16 20 402 27 20 17 30 46 29 1340 5862 690 2500 125 83 157 911 72 6 2 42 11 0 1 0 0 1 0 0 2 0 0 0 0 0 0 0 0 0 0 0 1 3 4 1 0 0 1 4 0 0 0 4 4 0 3 0 0 0 0 4 2 0 9 2 4 0 53 33 0 11 29 10 98 780 6 9 537 15 7 10 43 0 0 0 0 1 0 5 15 117 10 0 4 2 2 56 19 105 124 1253 265 1 17 1 4 671 13 98 237 1310 0 1 1432 236 4 3 0 1 0 0 3
201 65 106 119 71 136 11 31 1 13 0 45 3 12 26 28 7 57 9 14 39 227 185 207 91 51 34 3 31 50 60 10 32 24 2 0 10 18 15 41 2258 1597 2604 3 8 56 20 171 11459 25 122 8 15 22 43 16 27 6 1 1 97 184 23 6 16 8 146 4 40 99 42 16 25 5 69 119 4 0 17 1 24 3 85 57 104 66 35 73 468 310 645 10099 641 4223 5200 81 3 7 48 24 0 1 0 1 0 0 0 2 0 0 0 0 0 0 1 1 0 0 1 0 2 2 2 0 0 0 0 0 0 0 0 0 0 19 0 3 0 0 15 2 0 0 0 1 0 1 9 0 2 6 0 6 19 0 0 18 0 0 0 0 0 0 0 0 0 0 0 0 7 1 0 0 2 1 4 3 1 3 62 13 13 15 2 2 20 11 2 7 38 0 0 41 5 1 1 1 0 0 0 0
8 6 7 1 2 5 2 3 198 3 2 10 56 0 2 0 6 9 332 21 1 13 4 3 0 0 0 2 3 0 2 0 5 2 1 0 1 87 0 0 34 9 23 1461 5835 38 0 59 25 14163 13 613 7 4 2 0 1 0 0 0 11 42 22 3 3 1448 16 1 24 18 36 145 243 688 3 14 2838 448 1866 1959 252 5627 6 2 5 2 3 1990 394 5814 670 26 7 10 61 5 686 54 0 1 0 0 1 3 0 1 0 3 0 4 2 4 0 0 4 0 0 0 1 3 13 8 3 0 2 3 0 0 0 0 5 0 0 5 0 1 0 0 10 1 0 5 2 3 1 34 119 2 30 51 3 40 280 1 12 434 32 4 14 82 1 0 0 1 0 0 5 19 52 6 1 3 1 5 32 27 48 60 1976 287 2 21 6 2 258 9 95 225 1250 0 1 1112 125 7 13 0 0 0 0 2
123 29 64 31 41 32 12 36 3 12 0 26 0 1 6 7 1 9 2 3 2 20 13 8 14 4 4 3 24 22 35 3 17 13 0 0 1 7 0 3 62 24 27 4 0 9 0 4 122 13 18730 12829 16 20 81 1 1 0 0 0 4 15 4 2 3 9 72 2 5 60 21 7 18 13 29 4 11 0 19 406 327 16 355 46 44 20 7 41 17 11 11 7137 6259 181 174 29 7 8 11 3 0 0 0 0 0 0 0 0 0 0 1 1 0 0 0 0 0 0 0 0 1 1 0 0 0 0 0 0 0 0 0 0 1 17 0 5 0 0 20 2 0 0 0 0 0 0 0 0 1 1 0 0 1 0 0 0 117 13 23 17 0 0 0 0 0 0 0 0 1 0 0 0 3 1 0 0 1 0 2 0 8 32 2 2 0 2 3 0 14 0 0 2 0 0 2 0 0 0 0 0
256 42 113 64 61 77 32 45 39 18 2 42 1 2 1 0 2 2 17 2 0 10 4 4 17 1 5 3 81 51 58 9 47 24 1 0 0 19 2 3 39 4 10 47 23 0 3 39 8 613 12829 32206 17 44 227 9 9 14 0 0 16 18 10 5 6 379 117 5 75 64 682 53 62 543 102 23 281 39 184 22448 6558 1509 867 86 94 34 17 1372 121 45 47 1869 1623 19 24 92 121 20 6 14 2 1 0 2 0 1 0 5 0 0 0 0 0 0 0 0 0 0 1 0 0 1 1 0 1 0 2 0 0 0 0 0 1 26 0 13 0 0 49 5 0 0 0 1 0 1 6 0 4 7 1 3 34 5 1 33 5199 483 1982 1120 4 0 0 0 0 0 0 1 4 14 2 1 2 1 1 0 130 28 62 1 14 38 16 1 9 22 871 42 1684 0 22 68 8 0 17 2 0 1 0 0
2986 155 616 250 631 365 1648 630 248 372 51 401 0 1 1 0 1 8 0 1 14 44 4 28 59 5 22 16 4576 569 560 74 260 132 0 0 6 46 6 25 98 6 86 2 3 9 19 9 15 7 16 17 19519 8217 11070 17 138 45 1 4 23 24 45 23 46 2 1160 13 82 14 4 252 206 114 418 8 180 3 254 7 5 12 4040 379 55 53 128 4 11 13 65 74 21 9 105 557 281 9950 40 130 0 2 10 23 6 21 0 11 1 2 6 25 0 0 0 0 6 0 3 0 5 1 2 17 18 0 1 0 0 0 9 0 10 240 5 88 0 0 254 51 0 5 0 17 14 1 2 0 3 1 1 0 0 4 0 0 1 1 0 0 5 8 3 5 5 1 2 0 0 1 23 2 24 12 0 0 0 0 2 1 131 338 27 9 0 87 0 0 0 3 18 0 0 6 39 1 20 2 2 7
3480 272 892 505 1182 712 964 579 61 260 16 435 0 2 2 3 0 8 2 0 42 113 16 91 151 12 54 31 16745 1103 1227 79 402 191 1 2 11 61 16 69 71 19 251 1 1 14 32 24 22 4 20 44 8217 14876 730 3 386 69 6 9 49 65 106 68 130 3 8950 22 136 45 9 336 276 155 736 36 55 1 365 2 16 3 3273 3689 203 237 258 7 42 18 156 74 54 54 244 1034 86 1652 111 315 5 3 16 40 4 60 0 11 4 5 8 53 0 0 1 1 5 1 3 0 8 0 1 11 21 0 1 0 0 3 12 1 20 412 5 150 1 0 302 40 0 8 0 44 30 0 1 0 13 6 6 0 0 10 0 2 1 17 0 0 34 25 1 10 6 3 2 0 0 0 44 15 52 23 1 6 1 0 13 0 209 541 55 21 5 140 0 0 0 5 72 0 0 18 63 5 21 3 1 7
683 38 146 61 135 95 409 126 28 62 6 78 0 0 1 10 0 85 8 2 5 27 27 73 18 1 5 10 714 123 111 5 72 34 2 0 3 22 28 4 1186 79 50 1 0 70 6 5 43 2 81 227 11070 730 22545 678 22 11 0 0 87 6 6 7 19 0 191 5 34 13 7 62 56 25 121 3 13 0 57 4 36 1 4638 122 25 16 27 8 15 8 69 1285 101 16 23 138 17 1484 9 16 0 0 3 4 0 4 0 0 1 2 2 9 0 0 1 0 1 0 0 0 2 0 0 1 4 0 1 0 0 0 4 0 2 71 1 26 0 0 64 12 0 0 0 2 3 0 1 0 3 11 1 0 0 0 0 0 2 0 1 0 0 2 1 2 0 0 0 0 0 0 8 3 6 7 0 1 0 1 9 1 34 87 6 6 1 20 0 0 1 0 4 2 0 1 6 0 2 1 0 1
47 13 28 42 36 97 3 3 0 0 0 37 0 0 3 5 0 14 3 0 1123 138 25 18 27 7 4 1 16 22 35 8 27 26 1 0 3 18 3 8 856 14 18 0 0 10 0 5 16 0 1 9 17 3 678 1402 1 7 0 0 11 2 1 1 4 0 21 2 8 5 9 17 30 6 96 1 3 0 9 0 6 0 3076 34 1956 60 15 4 7 3 15 101 15 6 24 70 3 4 45 15 0 0 0 0 0 3 0 0 0 0 1 0 0 0 0 0 0 0 1 0 1 1 2 0 1 0 1 0 0 0 0 0 0 5 0 1 0 0 9 3 0 1 0 1 2 0 0 0 2 1 0 0 0 0 0 0 0 0 0 0 0 0 0 0 0 0 0 1 1 0 0 0 0 2 0 0 0 0 0 1 6 7 1 0 0 2 0 0 0 0 0 0 0 0 1 0 0 0 0 0
89 26 21 27 1017 42 16 7 0 3 1 18 0 1 2 0 0 9 1 0 18 53 10 224 643 16 248 123 5312 3799 7721 3 9 12 2 1 7 6 28 162 57 14 415 1 2 21 169 30 27 1 1 9 138 386 22 1 11234 4 5 3 78 215 298 189 420 1 8243 116 393 100 19 6 10 3 809 70 0 0 7 0 10 1 118 95 72 489 1735 3 47 20 337 40 27 68 489 999 1 48 1332 4335 0 0 0 1 0 1 0 0 0 0 0 0 1 0 0 0 0 0 2 0 1 2 0 0 1 0 0 0 0 0 0 0 0 5 0 1 0 0 7 0 1 0 0 0 1 2 10 0 0 17 0 0 2 1 0 2 0 0 0 0 0 0 0 1 1 0 10 0 0 0 0 0 0 0 3 7 0 0 32 5 5 9 0 0 7 3 0 0 1 0 1 4 2 0 1 0 0 0 0 0
17 1 3 15 19 169 1 2 0 2 0 27 0 18 4 62 1 88 4 3 118 274 42 36 39 3 56 200 35 10 9 1380 1374 5794 77 142 458 189 305 92 115 6 46 0 0 43 286 33 6 0 0 14 45 69 11 7 4 7237 553 5848 269 101 41 27 326 2 74 1173 945 16 25 48 139 7 8405 50 0 0 6 0 10 0 83 34 124 34 23 2 6 3 45 35 17 6 27 850 3 8 62 4 1 0 0 2 0 4 0 1 0 0 0 4 1 1 1 0 1 0 4 1 3 1 7 1 2 0 0 1 0 1 2 0 0 27 1 11 0 0 20 6 0 4 1 5 2 0 3 0 5 15 1 1 3 0 1 0 1 0 0 0 1 4 0 0 0 0 6 4 0 0 2 0 3 1 3 3 2 1 34 3 23 24 1 0 3 13 0 1 0 1 7 6 1 1 8 0 1 0 0 1
2 0 0 0 4 1 0 0 0 0 0 0 0 224 41 7 26 10 1 9 7 26 6 176 39 11 211 139 5 3 16 0 11 823 1462 3091 2347 42 46 1006 11 2 68 0 0 4 3268 2 1 0 0 0 1 6 0 0 5 553 4721 3589 26 29 76 62 204 0 14 2053 148 12 4 0 9 3 342 5 0 0 1 0 0 0 0 8 8 1 29 0 0 1 22 3 4 5 42 9 1 0 9 3 0 1 1 0 2 2 0 0 0 0 0 0 8 1 5 6 8 3 53 2 104 6 72 8 9 0 6 3 0 6 14 1 1 5 2 1 5 0 91 91 1 48 2 1 2 3 3 0 67 10 16 0 0 1 1 1 0 1 0 0 2 4 1 2 0 6 4 2 0 0 5 7 4 22 0 2 0 0 5 0 0 28 14 3 0 8 0 0 0 2 1 1 1 0 0 0 4 1 3 8
1 0 0 1 11 4 1 0 0 0 0 2 0 75 4 58 3 33 0 0 12 25 15 82 16 0 112 89 13 1 9 2 58 4561 364 893 593 64 114 400 24 1 24 0 0 9 1418 5 1 0 0 0 4 9 0 0 3 5848 3589 5033 77 12 11 17 69 0 8 3431 209 4 1 0 13 0 1816 7 0 0 0 0 1 0 3 0 2 2 42 0 0 0 9 1 1 1 16 37 0 1 2 5 2 0 0 0 0 0 0 0 0 0 0 0 2 0 2 0 0 2 9 1 14 1 10 0 1 0 1 0 0 0 3 0 1 1 0 0 2 0 14 12 0 1 0 0 0 0 1 0 6 8 5 0 0 0 0 1 0 1 0 0 0 1 0 0 0 0 0 0 0 0 0 1 0 4 1 1 0 0 3 2 0 4 1 0 0 0 0 0 0 0 1 1 0 1 0 0 0 0 0 1
29 5 12 31 71 159 12 2 2 1 0 44 1 121 338 73 31 3497 43 107 29 63 56 1001 69 19 194 1496 88 26 71 10 138 350 40 4 462 495 7815 13 925 250 2498 10 3 1978 32 365 97 11 4 16 23 49 87 11 78 269 26 77 7139 372 182 1037 418 14 156 267 9296 58 95 54 211 3 712 10904 1 0 37 0 38 0 126 40 52 70 96 15 89 55 5052 132 28 41 459 206 2 6 61 37 1 7 1 1 1 3 0 2 0 0 0 0 3 2 35 2 2 2 1 6 13 9 3 2 1 2 0 0 0 1 8 4 1 10 2 7 0 0 24 12 3 1 39 1 3 32 410 1 28 703 4 3 12 0 0 34 0 1 0 0 0 1 0 0 5 1 145 40 18 17 0 4 7 4 37 188 6 5 549 62 4 28 7 5 75 8 8 7 9 1 0 16 32 7 12 1 1 0 1 3
50 13 15 39 99 72 13 6 1 3 0 25 0 90 113 6 2 31 13 1 12 76 21 39 74 15 58 54 263 40 196 5 17 76 85 0 17 14 29 13 174 42 470 10 11 26 33 10839 184 42 15 18 24 65 6 2 215 101 29 12 372 18217 10612 595 774 15 315 387 4902 7167 578 6 7 1 620 1426 8 1 16 22 72 43 50 52 57 81 234 224 1215 526 1315 149 340 5460 4627 192 0 11 77 66 0 1 0 0 0 1 0 3 0 0 0 0 0 0 1 1 0 1 0 0 7 3 0 1 1 0 2 2 2 0 2 0 2 1 1 0 0 0 8 2 1 2 4 2 0 27 45 0 11 28 6 86 749 3 15 429 16 3 5 72 0 0 0 0 1 0 9 10 94 3 1 2 1 5 41 28 129 140 1025 143 3 10 4 2 484 16 134 279 1477 0 0 1370 226 6 4 0 0 0 1 5
18 4 3 2 29 15 7 0 1 2 0 3 1 46 47 4 2 73 10 4 7 66 13 40 155 11 191 67 286 26 202 0 6 27 162 6 21 6 12 27 50 14 1603 4 10 54 134 835 23 22 4 10 45 106 6 1 298 41 76 11 182 10612 14093 5739 3943 5 592 557 2856 1043 138 3 4 0 259 302 1 1 11 1 9 1 48 65 71 150 339 19 312 402 896 21 48 813 6095 57 2 11 184 125 0 3 0 0 0 0 0 0 0 0 0 0 0 0 1 0 0 0 12 1 9 4 8 0 1 0 1 0 0 0 2 0 1 0 1 0 0 0 11 4 0 6 3 1 1 16 35 1 16 26 3 28 162 2 1 127 1 2 0 6 0 0 0 0 1 2 4 6 51 4 0 1 2 2 33 17 12 15 691 179 0 10 3 1 319 3 4 37 85 0 0 428 85 2 1 0 0 0 0 0
13 1 0 10 14 37 7 1 0 1 0 9 1 32 35 6 1 246 25 3 4 68 11 173 214 11 439 132 118 7 79 3 8 31 104 2 31 23 393 21 27 8 3163 2 1 874 241 25 6 3 2 5 23 68 7 1 189 27 62 17 1037 595 5739 4859 13478 3 434 420 1517 286 27 5 14 1 134 97 0 0 3 0 4 0 31 42 61 161 293 4 17 19 1360 12 18 128 2207 43 2 6 160 110 0 1 0 0 0 2 0 0 0 0 0 0 3 0 6 0 1 0 3 5 9 9 9 1 2 0 0 0 0 2 2 1 0 0 0 1 0 0 13 7 2 7 5 0 1 5 47 0 14 272 4 2 4 0 2 3 0 1 0 0 1 0 1 0 1 2 104 15 6 6 1 1 1 0 4 49 2 0 188 21 1 5 1 0 25 3 2 1 3 0 0 12 7 2 2 0 1 1 0 0
38 3 8 10 124 39 2 1 0 1 0 13 3 742 916 12 10 176 29 6 7 34 14 133 66 7 1602 3077 390 46 454 3 16 165 446 13 126 21 1568 22 129 35 1153 0 7 472 182 64 16 3 3 6 46 130 19 4 420 326 204 69 418 774 3943 13478 10351 8 372 1500 5164 230 52 1 5 3 1404 42 1 0 3 1 8 0 56 39 56 70 624 3 18 19 509 21 39 98 1221 285 0 22 83 182 0 4 0 0 0 0 0 1 0 1 0 0 1 0 37 0 1 0 2 19 10 13 4 3 1 1 0 2 0 1 12 2 2 2 0 2 0 0 9 5 1 4 40 0 0 20 228 0 10 1088 2 2 7 0 0 20 0 0 0 1 0 2 0 0 2 0 304 57 9 21 2 3 7 15 19 220 8 2 669 56 3 7 2 10 80 8 1 6 5 0 0 12 27 7 6 0 0 0 0 2
1 0 1 1 1 5 3 2 69 0 2 4 1779 0 5 0 3 136 592 11 0 4 4 3 1 0 4 8 4 1 1 1 3 0 0 0 0 100 4 2 17 5 43 1305 2533 2997 0 31 8 1448 9 379 2 3 0 0 1 2 0 0 14 15 5 3 8 2350 5 0 12 6 16 84 118 632 6 5 2321 1677 1099 805 82 1186 4 0 0 1 1 227 66 962 2109 7 1 3 42 0 331 35 2 0 0 0 2 0 0 2 1 1 0 2 0 3 3 0 121 0 0 8 0 27 7 106 4 0 0 0 0 4 0 2 2 1 1 0 0 1 0 0 3 1 3 1 5 1 0 7 126 7 18 350 0 1 16 0 1 24 6 1 5 10 0 0 0 0 0 0 11 7 8 136 0 0 0 1 2 17 4 5 201 31 6 4 31 3 25 2 4 5 53 1 0 60 12 1 3 0 0 0 0 1
1246 308 576 790 1161 1317 152 212 25 98 6 594 0 5 8 7 2 21 9 4 37 407 86 1152 3379 200 593 158 3389 793 2593 99 435 207 13 2 19 153 42 1011 314 103 1582 4 4 42 810 117 146 16 72 117 1160 8950 191 21 8243 74 14 8 156 315 592 434 372 5 13164 361 456 270 55 288 257 106 1161 220 56 2 255 2 83 6 2987 8003 1537 2053 3424 66 236 81 791 442 253 200 1248 1580 56 91 4420 3065 2 2 29 32 2 44 3 11 2 5 9 47 0 0 0 0 5 0 5 3 14 1 6 14 20 3 2 1 0 1 13 1 12 355 2 84 0 1 208 42 0 7 1 32 15 1 10 1 20 16 10 1 4 6 1 8 3 5 1 0 24 20 3 11 3 3 7 3 0 1 32 4 17 20 2 6 1 0 54 11 184 420 35 8 14 109 0 2 7 2 65 8 2 5 56 2 14 5 1 2
5 0 0 1 8 8 0 0 0 0 0 6 1 70 10 72 0 58 3 2 32 88 17 1129 807 14 1235 857 52 5 31 2 77 1987 321 595 756 103 416 904 59 29 654 0 1 34 2062 42 4 1 2 5 13 22 5 2 116 1173 2053 3431 267 387 557 420 1500 0 361 1179 1352 125 45 6 31 3 2638 57 1 0 1 0 9 0 28 44 53 183 823 1 19 5 265 13 30 61 464 20 0 1 164 91 0 1 0 1 0 1 0 0 0 0 0 0 2 0 2 2 1 1 17 1 32 5 19 4 5 1 0 1 0 0 5 1 0 3 1 1 0 0 47 38 1 14 1 1 2 1 13 0 26 30 5 1 0 0 0 2 0 1 0 0 3 1 0 0 0 1 8 3 2 2 0 2 1 5 9 12 0 0 67 13 0 13 5 2 9 3 1 0 1 0 1 7 2 1 0 0 4 1 1 2
69 21 6 69 305 302 37 5 1 4 2 77 6 652 1155 59 23 420 17 33 30 79 35 226 104 8 167 956 518 153 445 19 116 801 173 8 480 100 5206 15 343 135 1522 2 28 140 89 2547 40 24 5 75 82 136 34 8 393 945 148 209 9296 4902 2856 1517 5164 12 456 1352 12915 722 621 31 50 5 3417 8351 2 0 11 0 117 2 98 66 102 112 585 12 319 333 3783 49 169 170 861 840 3 41 71 161 3 7 1 2 7 4 0 8 0 0 0 0 1 0 9 0 3 3 2 1 32 14 4 1 6 0 4 3 0 1 22 7 3 10 5 6 0 0 37 14 2 11 18 0 3 85 544 0 64 788 22 38 144 1 5 254 1 0 0 7 0 1 1 1 6 2 263 76 95 25 4 10 10 17 193 315 20 39 2631 527 4 38 9 13 713 32 9 47 43 1 2 435 176 33 8 1 2 0 5 9
71 12 47 22 41 30 7 14 0 3 0 14 0 27 29 6 1 14 2 4 9 75 33 36 98 22 29 18 113 20 84 4 16 15 30 3 6 8 6 17 180 46 213 1 6 12 18 158 99 18 60 64 14 45 13 5 100 16 12 4 58 7167 1043 286 230 6 270 125 722 2848 817 5 10 5 147 201 4 0 8 23 177 44 63 62 68 87 99 135 177 166 542 375 2294 2149 1209 58 4 5 83 29 0 0 0 0 0 0 0 0 0 0 0 0 0 0 0 1 0 0 0 1 0 1 1 0 1 0 0 0 0 0 0 0 2 1 0 1 0 0 5 0 0 0 1 1 0 9 8 0 3 9 3 17 117 0 1 77 12 1 9 78 0 0 0 0 0 0 0 1 17 0 0 0 0 2 9 2 44 55 197 26 2 10 1 2 93 0 71 39 547 0 0 219 27 0 3 0 0 0 0 1
92 19 52 37 49 58 5 15 2 2 1 21 2 20 24 3 0 7 8 2 2 16 6 8 9 2 5 8 45 24 40 3 8 28 4 0 3 5 5 1 144 15 45 17 8 7 2 6314 42 36 21 682 4 9 7 9 19 25 4 1 95 578 138 27 52 16 55 45 621 817 4856 3 8 6 147 486 17 1 21 139 6631 156 39 19 33 14 36 2477 1830 552 511 335 972 137 179 64 4 2 7 10 0 0 0 0 1 0 0 1 0 1 0 0 0 0 0 0 0 0 0 0 0 0 1 0 0 0 2 0 0 0 0 0 0 3 0 2 0 0 4 2 0 2 0 2 0 8 12 0 4 7 2 41 225 5 4 119 56 7 34 251 0 0 0 0 0 0 5 6 22 3 0 0 0 0 11 11 163 171 259 39 2 4 2 0 93 6 309 83 2033 0 1 356 66 1 1 0 0 0 1 0
66 40 49 122 86 650 62 58 534 506 474 2619 14 0 2 6 2 26 24 7 102 185 25 12 50 1 3 3 139 39 15 230 1852 157 1 1 5 90 1 6 163 1 13 54 156 221 4 3 16 145 7 53 252 336 62 17 6 48 0 0 54 6 3 5 1 84 288 6 31 5 3 4637 1167 967 333 4 1706 238 5685 53 27 128 307 132 179 59 6 24 15 56 105 109 30 12 21 379 1781 324 36 6 55 8 203 329 15 400 16 30 28 47 108 443 8 1 4 5 7 10 46 6 118 32 48 38 60 2 13 1 0 6 57 5 52 1218 4 207 1 0 548 166 1 29 0 104 65 6 4 2 93 21 25 1 4 54 2 2 16 61 1 7 108 62 7 19 14 4 6 3 2 0 112 35 24 30 1 4 32 1 28 3 795 908 142 6 5 574 0 2 3 11 207 5 4 19 376 17 73 8 1 8
59 5 23 44 68 413 12 7 12 3 5 240 206 4 8 13 14 101 800 40 428 961 138 64 225 39 24 13 102 44 28 92 2052 404 3 0 30 4886 17 50 425 8 41 1703 525 1875 9 8 25 243 18 62 206 276 56 30 10 139 9 13 211 7 4 14 5 118 257 31 50 10 8 1167 9994 1793 486 10 86 186 3898 61 26 159 413 317 599 248 21 48 23 177 634 119 42 16 47 357 23 39 287 14 21 42 19 25 15 30 3 22 0 9 11 45 121 31 13 53 56 27 218 25 689 139 315 120 238 10 53 13 7 33 211 21 71 428 40 354 41 6 2936 1012 3 305 16 62 85 20 29 4 649 208 241 2 5 14 1 12 12 29 1 4 83 49 7 27 16 45 31 18 6 25 140 111 122 313 3 25 24 1 72 7 167 1622 469 74 13 232 1 5 18 24 126 11 10 100 39 9 137 38 30 103
38 6 7 6 8 24 13 13 519 8 10 99 421 3 4 1 29 36 2183 109 21 53 6 5 20 4 4 1 53 17 10 9 110 28 9 0 19 899 1 23 33 0 5 2068 156 156 12 4 5 688 13 543 114 155 25 6 3 7 3 0 3 1 0 1 3 632 106 3 5 5 6 967 1793 3100 31 1 8507 1847 6427 955 148 1722 145 71 97 31 2 367 20 142 54 37 11 6 7 15 2946 205 27 6 8 1 20 23 3 28 2 33 3 7 3 28 23 10 45 5 2 4 12 11 75 102 24 21 23 0 3 3 2 6 22 3 8 201 5 59 5 0 289 50 3 34 5 22 13 5 14 4 75 66 33 1 0 9 0 7 23 9 6 22 29 9 4 2 4 3 4 2 3 8 19 14 19 39 2 2 11 0 31 7 152 618 465 8 1 224 5 2 42 5 38 10 6 13 90 8 17 4 3 11
