34234 9524 7162 4277 1166 1717 8433 9830 43 598 81 1332 1 5 10 1 0 8 3 2 294 123 6 8 31 3 41 33 4880 11897 1890 61 121 30 8 0 5 36 35 18 1992 12 49 3 8 9 10 18 32 8 124 156 1357 1545 311 246 413 14 2 0 22 30 74 74 60 1 268 27 85 113 70 132 20 29 159 34 40 5 19 9 219 10 1136 153 1285 194 28 66 92 9 42 217 221 84 74 181 188 731 84 57 39 17 96 51 15 101 40 2 78 72 78 58 1 0 0 0 0 1 3 0 1 2 2 0 1 0 0 0 0 0 4 0 37 130 0 62 0 0 25 12 0 1 1 2 15 0 2 0 7 7 1 1 1 0 0 2 2 5 4 0 8 3 1 4 20 1 0 0 0 2 4 1 4 1 0 1 1 0 2 0 107 26 15 0 0 99 0 2 4 0 3 0 0 9 144 7 4 0 0 0
9524 17622 1834 12729 1117 2318 301 477 3 171 22 616 0 0 0 0 0 2 1 1 207 43 3 1 14 1 1 0 148 3146 322 5 13 2 0 0 0 3 1 5 1025 1 1 0 1 0 1 1 5 0 32 31 154 151 51 111 16 2 0 1 0 2 3 0 1 0 86 7 6 17 17 39 2 15 18 7 5 0 3 1 47 0 234 35 619 118 5 16 14 4 15 41 38 12 7 12 51 39 36 4 4 5 20 13 5 34 9 0 16 15 16 16 0 1 0 0 0 0 0 0 0 1 2 0 0 0 0 0 0 0 1 0 17 53 0 19 0 0 1 4 0 0 0 1 13 0 0 0 0 0 0 0 0 0 0 0 0 0 0 0 1 0 0 1 8 0 0 0 0 0 4 0 1 0 0 0 0 0 0 0 47 11 0 0 0 36 0 0 0 0 0 0 0 3 40 0 2 0 0 0
7162 1834 17881 5810 221 4715 138 6138 8 6010 59 10188 0 0 0 0 0 0 0 1 128 50 2 1 4 0 0 0 32 221 72 7 15 3 0 0 0 4 1 1 717 1 1 0 0 2 1 2 5 1 21 12 74 81 36 61 12 1 0 1 1 2 2 1 0 0 42 8 5 6 3 47 2 25 10 3 19 1 7 4 21 2 155 23 379 55 3 5 11 1 0 21 27 9 4 9 133 62 21 8 24 9 55 44 17 145 22 4 48 56 72 66 0 0 0 0 0 0 1 1 0 0 0 4 0 0 0 0 0 0 7 0 62 122 0 25 0 0 1 2 0 0 0 1 13 0 0 0 0 4 0 0 0 0 0 0 2 1 0 0 2 4 0 0 18 0 0 0 0 0 2 1 0 0 0 0 0 0 1 0 133 5 5 0 1 100 0 1 1 0 3 0 0 12 164 7 0 0 0 0
4277 12729 5810 21805 13674 9913 143 280 13 95 194 2659 0 0 2 2 0 1 1 0 487 148 7 3 13 3 1 1 113 1693 2541 80 154 10 1 0 0 11 4 2 1431 1 1 3 1 1 3 5 3 2 14 22 91 97 34 131 36 0 0 0 2 5 3 2 8 0 89 6 13 15 5 225 9 62 27 6 28 1 12 0 24 2 208 38 818 130 6 5 5 2 3 28 34 10 12 43 260 76 50 6 29 16 54 53 27 185 24 7 46 74 95 92 0 0 0 0 0 0 4 1 0 0 1 2 1 0 1 0 0 0 13 1 89 188 0 72 0 0 6 6 2 0 0 0 32 0 1 0 1 8 0 0 1 1 0 0 0 2 0 0 8 2 2 4 37 0 0 0 0 0 6 2 0 0 0 1 1 0 0 0 281 21 5 0 0 185 0 0 0 4 2 0 0 31 266 4 5 0 0 0
1166 1117 221 13674 11573 8119 305 88 14 43 151 2087 10 39 145 36 18 67 74 44 1064 875 47 17 86 7 49 80 641 4798 7614 858 1461 340 16 8 50 192 165 12 1947 10 44 17 14 50 31 14 21 5 31 45 271 283 76 186 1984 124 8 2 102 28 91 62 155 1 203 56 434 36 30 544 193 194 830 147 104 19 94 4 70 4 366 95 1487 331 43 28 31 2 53 71 63 28 34 2523 198 135 252 189 28 24 50 57 31 139 15 7 35 35 51 73 1 3 9 3 3 11 8 9 10 31 13 10 7 1 1 0 0 3 23 0 91 286 0 265 1 1 105 103 5 4 6 5 47 2 1 0 34 41 6 0 3 2 0 3 7 10 2 0 13 7 1 3 62 0 0 3 2 2 12 9 8 5 0 5 1 0 10 0 224 145 75 2 0 244 1 1 7 5 10 1 3 39 292 2 28 2 3 5
1717 2318 4715 9913 8119 15187 323 736 48 2304 818 21463 16 6 28 8 6 33 40 12 927 622 20 3 56 5 11 23 224 1939 3787 4367 4594 209 3 1 6 138 40 11 1728 5 14 40 25 40 11 7 8 6 25 33 201 158 51 163 217 87 5 2 41 5 22 16 36 8 118 32 113 26 22 1460 347 309 504 54 273 33 212 2 46 9 255 67 1196 209 31 20 24 2 35 39 39 18 18 1104 813 240 160 24 73 72 249 189 97 538 64 19 176 159 352 329 3 1 5 7 3 11 8 12 19 23 16 13 10 2 2 0 0 0 42 3 323 745 1 409 1 0 104 114 2 3 2 11 105 1 0 0 40 28 1 0 0 1 0 2 4 10 3 0 38 12 2 9 150 0 1 0 1 0 18 12 7 4 0 5 2 0 8 0 788 159 78 1 1 692 1 0 0 8 23 1 1 85 931 23 27 1 0 3
8433 301 138 143 305 323 7667 6236 365 3509 626 342 2 1 3 1 0 1 0 2 28 18 6 1 9 0 0 0 1118 2559 585 22 40 7 1 0 1 8 3 3 176 1 4 2 9 1 0 3 10 10 45 93 1197 916 261 29 48 2 0 0 4 8 6 3 6 5 74 3 8 43 20 138 6 16 16 4 169 10 12 11 99 5 461 37 135 15 5 20 26 4 7 70 84 24 12 28 1484 2987 13 11 8 2 15 12 4 20 9 2 11 12 14 13 0 0 0 1 0 0 0 1 0 0 0 0 0 0 0 0 0 0 2 0 12 18 0 14 0 0 2 5 0 1 2 1 7 0 0 0 0 3 0 0 1 0 0 0 0 0 4 1 0 1 0 1 5 0 0 0 0 0 0 0 0 0 0 0 0 1 1 0 15 11 3 0 0 34 0 1 0 0 2 1 0 3 35 0 1 0 0 0
9830 477 6138 280 88 736 6236 14137 514 11244 881 2633 0 0 0 1 0 0 1 0 43 14 1 5 13 1 2 0 127 806 101 8 20 11 0 0 0 3 2 5 569 2 7 1 5 2 0 7 14 4 74 101 964 718 255 71 14 2 0 0 2 12 5 3 2 3 106 4 8 81 40 56 3 13 17 10 59 6 9 3 151 13 648 66 418 60 5 43 50 2 23 143 142 41 31 6 440 923 34 12 46 7 133 65 4 163 67 12 131 110 134 73 0 0 0 0 0 0 0 1 1 0 0 0 0 0 0 0 0 1 2 0 31 66 0 9 0 0 4 1 0 1 0 1 9 0 1 0 0 2 0 1 0 0 0 0 2 2 3 1 3 2 0 5 2 0 0 0 0 0 1 1 0 0 0 0 0 0 1 0 80 1 4 0 1 37 1 2 1 0 4 0 0 3 58 3 2 0 0 0
43 3 8 13 14 48 365 514 294 746 238 125 16 0 0 0 0 0 1 0 1 1 0 0 0 0 2 0 7 9 5 8 24 5 0 0 0 2 0 0 8 0 0 6 63 8 0 1 1 39 2 18 128 41 31 2 2 0 0 0 0 0 0 0 0 13 4 1 0 4 2 140 4 77 0 0 285 45 14 7 19 35 26 2 3 5 0 22 9 8 12 7 10 1 2 8 1527 502 0 0 3 0 2 4 0 5 2 0 0 2 1 3 0 0 0 0 0 0 0 1 0 0 0 0 1 0 0 0 0 0 0 0 4 4 0 3 0 0 2 1 0 0 0 0 1 1 0 0 0 2 0 1 1 0 0 0 2 0 0 1 0 0 0 0 1 0 0 0 0 1 0 0 0 0 1 0 0 0 1 0 2 2 2 0 0 6 0 1 0 0 0 2 0 0 8 0 0 0 0 0
598 171 6010 95 43 2304 3509 11244 746 33162 22898 24475 1 0 1 0 0 0 1 0 27 21 1 0 3 0 0 0 27 69 31 27 70 4 0 0 1 2 1 0 93 2 0 1 8 1 3 2 2 6 22 39 327 212 88 10 0 1 0 0 0 3 1 1 0 2 25 0 3 14 11 433 7 40 11 0 251 5 6 1 28 7 144 21 85 12 1 11 7 2 2 27 36 15 3 12 3041 683 6 3 74 18 187 82 12 292 89 11 140 161 172 122 1 0 0 1 0 1 1 0 0 0 1 1 0 0 0 0 0 0 6 0 60 171 0 38 0 0 1 0 0 0 1 5 25 0 0 0 1 1 0 0 1 0 0 0 2 3 1 0 6 5 2 1 21 0 0 0 0 0 4 1 0 0 0 0 0 1 3 0 191 11 2 0 0 99 0 1 0 1 5 3 0 12 188 7 8 0 0 0
81 22 59 194 151 818 626 881 238 22898 9892 6880 4 0 0 1 0 0 2 1 42 35 1 0 1 0 0 0 20 69 109 34 165 1 0 0 0 1 0 0 81 0 1 0 6 0 0 0 3 8 3 6 96 38 23 7 9 0 0 0 1 1 0 1 3 6 5 0 4 4 3 2547 8 105 4 1 1241 27 22 0 14 4 33 3 54 8 0 4 7 0 1 7 12 0 1 16 5475 557 3 0 68 32 221 111 52 387 73 20 150 183 204 213 0 0 0 1 0 1 0 1 0 3 2 4 0 0 0 0 0 0 21 1 181 320 0 105 0 0 8 6 1 0 1 1 40 1 0 0 1 7 0 0 0 1 0 2 7 7 0 1 13 8 2 8 47 0 1 1 1 0 6 1 4 1 0 0 2 0 1 1 423 32 16 0 1 274 0 0 1 3 13 2 1 26 569 18 10 0 0 0
1332 616 10188 2659 2087 21463 342 2633 125 24475 6880 22369 9 0 9 3 0 4 14 2 411 242 8 3 24 3 2 5 134 680 1240 1069 2497 14 2 1 4 33 5 7 910 2 5 21 13 19 5 3 3 13 19 18 145 100 45 76 83 9 1 0 8 4 10 0 8 3 53 17 38 10 7 1543 101 232 51 6 536 30 134 2 32 9 137 26 516 71 11 10 10 2 10 19 34 12 11 593 2328 408 74 1 120 85 374 251 128 762 93 36 271 311 479 427 2 1 1 1 0 7 5 10 2 4 9 6 6 0 0 2 0 4 58 1 398 947 0 365 0 0 41 35 3 6 1 10 117 0 0 0 11 18 2 0 0 3 0 2 3 14 2 2 22 23 2 16 141 0 0 2 0 0 22 8 7 0 0 3 4 0 0 0 1064 120 36 0 1 745 0 1 3 5 27 0 1 110 1170 16 34 5 0 3
1 0 0 0 10 16 2 0 16 1 4 9 5090 0 3 275 33 984 8795 366 2 4 0 21 1 2 27 17 2 0 0 1 51 7 0 0 13 592 39 4 33 8 55 5476 2845 2617 3 2 7 157 0 12 6 0 0 0 0 2 2 0 30 3 16 78 26 3819 1 6 13 1 5 104 304 1177 8 18 449 398 521 15 9 36 2 0 1 1 0 32 34 52 114 7 0 0 4 30 158 58 1 1 1 1 1 1 2 0 0 0 0 1 0 2 5 175 1215 2 7 329 8 980 17 2323 37 0 0 0 0 24 6 122 1 1 7 5 0 11 0 1 24 27 245 15 277 0 2 14 51 21 121 2750 0 5 5 0 0 2 0 0 1 0 0 0 0 0 8 1 127 92 9 587 0 2 2 1 6 182 1 8 212 13 1 6 117 0 33 16 1 7 1 1 0 15 5 11 2 0 0 0 0 0
5 0 0 0 39 6 1 0 0 0 0 0 0 4197 5053 274 216 38 14 37 40 38 86 38 4 7 1105 1066 25 42 47 1 9 674 5077 3103 1569 105 36 488 313 8 21 0 0 6 361 2 5 0 1 0 3 2 1 1 60 527 1157 502 5 1 26 103 68 0 16 508 30 2 1 0 1 6 541 10 0 0 0 0 0 0 7 0 10 1 1 1 1 1 5 9 2 2 13 40 0 2 7 5 0 0 0 0 1 0 0 0 0 0 0 0 3 3 0 1 1 17 11 6 9 46 30 2 4 0 0 0 1 2 2 3 1 2 0 5 1 0 8 16 0 15 0 0 1 0 0 0 8 3 1 0 0 0 0 0 0 0 0 0 0 0 0 0 0 0 0 1 0 0 0 4 1 2 0 1 0 0 0 0 0 4 4 0 0 1 0 0 0 1 0 0 0 3 0 0 4 0 0 0
10 0 0 2 145 28 3 0 0 1 0 9 3 5053 17113 6360 880 1999 157 887 231 229 641 269 20 103 1296 2045 47 146 143 5 54 1753 3071 1376 3603 429 365 562 1912 66 116 9 5 34 375 16 155 2 1 5 8 8 2 5 161 1601 1211 755 82 14 62 164 167 1 24 856 179 14 12 11 20 27 2277 49 3 1 0 0 16 1 13 9 42 21 10 13 34 3 57 67 12 46 135 329 2 0 30 18 1 2 0 1 6 2 0 1 0 0 0 0 36 33 10 13 2 48 55 17 83 186 104 10 33 1 21 5 5 35 39 8 7 12 0 25 15 0 61 124 6 159 2 1 13 7 3 3 107 41 36 0 0 0 0 4 1 0 0 0 3 2 0 0 6 4 0 5 1 0 24 46 2 18 0 1 0 1 11 1 3 42 31 5 2 32 2 1 5 28 4 4 1 2 10 3 16 12 9 29
1 0 0 2 36 8 1 1 0 0 1 3 275 274 6360 15529 485 3264 6976 1900 64 56 164 283 11 52 907 2300 23 29 22 5 29 391 175 13 768 741 1061 150 1343 53 147 191 22 89 53 16 137 6 3 2 2 5 9 6 39 322 73 72 155 21 42 113 56 15 5 144 299 12 13 6 26 209 480 155 2 14 6 0 8 4 16 3 13 6 3 13 46 6 56 43 16 38 127 103 2 1 11 7 0 3 0 0 1 0 0 1 0 0 0 0 99 167 140 16 3 397 8 237 39 1731 98 2 4 0 3 12 10 216 4 0 2 3 1 8 22 2 19 39 56 65 41 1 7 3 14 9 175 146 5 2 4 1 0 0 1 1 0 1 1 2 0 0 5 6 9 11 2 9 5 6 2 4 2 20 0 2 22 1 4 13 60 1 2 12 1 1 4 0 0 2 3 3 1 1 2 2 0 5
0 0 0 0 18 6 0 0 0 0 0 0 33 216 880 485 1401 317 803 1309 47 74 113 79 9 51 112 17 6 10 11 1 21 219 72 60 2393 1276 6 131 223 15 44 74 10 45 39 0 29 3 1 0 1 2 0 0 11 168 78 56 39 4 11 23 7 0 7 77 14 2 3 0 10 51 287 13 3 14 2 0 5 1 2 4 9 5 3 1 8 2 15 8 5 14 39 56 1 0 7 0 2 4 2 1 3 2 0 1 0 0 0 0 30 47 10 8 3 52 46 14 106 298 121 12 37 0 22 3 7 58 45 4 3 10 0 24 10 1 47 105 3 156 3 2 15 9 5 2 162 47 46 1 0 0 0 4 1 1 0 2 3 5 0 0 7 7 1 9 0 3 26 57 3 24 0 3 2 1 10 0 12 36 37 7 0 47 2 0 5 19 5 1 3 4 9 1 24 8 13 30
8 2 0 1 67 33 1 0 0 0 0 4 984 38 1999 3264 317 9222 4733 1462 62 96 167 894 27 31 1618 480 51 34 19 18 98 312 85 10 1195 2084 4740 125 1584 202 925 441 33 1806 75 27 74 7 3 2 10 17 8 6 63 176 35 37 1884 57 169 1058 228 147 38 78 523 37 42 57 210 478 468 726 13 23 31 0 12 3 14 6 34 19 14 7 72 18 249 49 7 38 134 191 4 1 34 6 5 2 1 1 6 3 0 2 0 1 2 0 68 614 1161 37 4 1029 19 1035 76 4742 90 5 10 2 11 92 32 706 14 3 7 17 4 68 28 3 51 99 522 82 549 1 17 31 57 15 349 1038 8 13 15 1 2 4 0 0 2 2 3 1 0 1 24 14 37 124 20 112 2 14 8 5 19 239 2 8 96 4 8 30 169 4 20 34 1 1 3 5 0 6 6 16 7 0 6 0 2 4
3 1 0 1 74 40 0 1 1 1 2 14 8795 14 157 6976 803 4733 39915 4915 59 124 142 415 19 112 610 168 27 21 12 17 156 121 63 0 583 6208 268 295 570 69 403 9791 911 6067 66 15 81 91 2 10 4 7 3 3 44 62 16 13 377 16 108 437 127 501 28 37 69 13 13 94 563 5771 240 58 38 793 141 14 34 48 14 2 24 12 10 51 72 81 393 44 5 29 117 187 14 3 16 3 12 9 3 7 24 9 0 8 1 1 1 2 444 874 1314 116 38 3111 333 1540 754 11118 1536 45 96 9 95 73 48 1035 120 22 32 47 4 165 106 3 378 758 486 779 417 4 69 34 68 37 1376 1362 96 13 9 4 1 21 3 8 2 0 4 12 0 0 38 42 35 118 22 153 72 159 16 54 18 228 4 12 176 11 39 153 960 41 32 192 3 7 7 70 11 15 9 55 36 3 60 28 29 115
2 1 1 0 44 12 2 0 0 0 1 2 366 37 887 1900 1309 1462 4915 2881 65 110 174 294 17 151 370 66 11 15 14 10 25 160 142 20 714 1044 36 340 409 49 163 1959 161 187 67 19 150 11 5 3 11 0 0 3 25 150 44 23 90 10 40 72 16 26 12 61 41 22 10 9 82 644 290 25 10 136 30 2 7 14 9 5 23 13 5 9 57 16 87 54 11 37 135 88 3 0 15 3 8 11 0 4 10 2 0 4 3 0 1 0 248 234 80 61 2 321 112 57 288 1432 445 21 68 1 61 19 26 295 65 17 16 14 4 40 58 7 115 252 8 474 14 3 29 10 35 7 437 143 71 1 1 0 4 5 2 1 1 0 8 11 0 0 15 17 2 21 1 20 37 71 11 27 2 15 0 2 31 1 12 50 170 33 4 90 1 4 4 52 4 3 13 16 24 1 40 16 18 78
294 207 128 487 1064 927 28 43 1 27 42 411 2 40 231 64 47 62 59 65 9632 9612 2501 189 494 296 65 64 71 404 879 46 216 383 18 7 174 582 47 439 2097 44 125 9 6 19 141 6 106 0 5 3 25 34 13 1562 229 190 16 10 52 27 76 67 37 1 76 193 97 20 17 88 102 64 1472 45 12 2 56 0 4 1 140 29 4342 365 138 10 38 2 54 62 19 31 107 1064 25 10 880 169 1 2 1 5 4 6 1 0 0 0 2 3 0 1 2 2 6 3 10 2 31 12 24 7 7 0 3 0 0 3 7 1 6 29 6 81 0 0 68 110 2 23 0 2 7 1 0 0 29 14 10 0 1 0 0 1 0 0 0 0 2 0 0 0 6 0 4 1 0 0 9 10 2 4 0 2 0 1 2 0 15 58 38 2 1 43 0 0 1 6 5 1 0 8 11 0 10 1 2 5
123 43 50 148 875 622 18 14 1 21 35 242 4 38 229 56 74 96 124 110 9612 29223 4291 926 5076 4041 270 55 128 305 453 48 285 745 26 4 275 1179 55 4628 1535 255 828 28 26 64 919 34 549 2 22 10 70 63 21 450 298 286 35 9 132 120 345 216 70 2 349 433 266 119 53 98 249 127 1897 163 24 3 86 1 43 8 216 112 5572 1704 517 41 190 24 380 238 55 210 790 1159 8 12 4676 200 4 2 0 3 2 3 0 0 0 0 5 1 4 1 3 4 11 17 39 7 80 38 94 16 18 1 4 2 0 2 23 3 15 35 1 116 1 0 209 319 4 46 4 0 24 3 4 1 119 35 16 0 9 0 0 6 4 8 1 2 5 3 0 1 12 2 1 3 0 5 13 21 3 7 0 10 0 3 20 3 20 103 109 7 5 66 1 3 2 13 3 14 2 4 20 0 22 8 8 19
6 3 2 7 47 20 6 1 0 1 1 8 0 86 641 164 113 167 142 174 2501 4291 12069 6847 157 4848 478 237 42 34 16 1 31 231 46 11 271 503 118 2660 10152 1775 733 9 9 42 146 12 403 4 4 4 10 22 11 20 47 62 29 13 120 36 85 73 38 2 124 77 148 43 24 19 50 30 193 83 1 0 10 0 14 4 47 13 147 93 28 16 61 14 160 159 24 81 302 91 1 2 152 6 1 2 0 1 1 1 0 1 0 0 2 0 4 3 5 3 1 8 18 5 28 58 50 3 4 0 3 1 0 3 7 2 2 6 0 16 0 0 43 76 5 33 1 0 7 1 0 1 48 13 2 0 6 0 0 1 0 0 1 1 2 2 0 0 3 0 0 1 0 2 4 9 1 6 0 5 0 0 1 1 2 17 22 1 1 17 2 1 1 7 1 6 2 2 4 0 8 1 2 7
8 1 1 3 17 3 1 5 0 0 0 3 21 38 269 283 79 894 415 294 189 926 6847 12578 241 1184 3871 238 236 103 38 3 8 55 251 12 62 137 287 3223 4514 3756 3481 8 23 660 559 19 368 5 11 5 40 64 18 20 352 36 218 10 1217 44 190 915 110 4 348 272 323 38 21 8 19 27 91 189 0 1 1 0 20 2 80 25 179 178 58 21 62 20 505 122 24 71 316 33 1 5 199 45 0 0 0 0 1 0 0 1 0 0 1 0 9 10 18 4 4 44 20 62 29 188 61 0 3 0 1 1 1 11 6 0 0 1 1 13 2 0 15 45 13 24 14 0 4 3 1 0 19 113 0 0 4 0 0 1 0 0 0 0 0 2 0 0 2 0 9 3 2 4 2 3 0 0 3 12 0 2 23 6 2 5 16 1 8 4 1 3 2 2 0 3 0 1 1 0 3 1 2 2
31 14 4 13 86 56 9 13 0 3 1 24 1 4 20 11 9 27 19 17 494 5076 157 241 7379 485 212 19 191 75 128 4 49 120 18 0 28 191 5 3598 364 56 352 4 2 28 3019 11 71 2 18 13 92 152 33 82 369 29 23 1 92 57 233 183 62 2 985 1129 143 54 19 28 81 40 460 52 6 0 38 0 24 1 232 173 1434 1600 2966 8 33 6 137 57 20 44 223 85 0 1 2846 509 0 0 1 1 2 3 0 0 0 0 1 3 0 1 1 2 3 3 11 2 24 15 26 5 3 0 0 0 1 1 3 0 1 8 2 30 0 0 77 123 2 8 1 0 13 0 0 0 24 16 4 0 3 0 0 1 2 0 0 2 1 0 0 0 4 1 4 1 1 0 3 5 0 1 0 4 1 1 5 0 2 32 33 1 4 15 0 0 1 5 3 6 1 1 5 0 6 1 1 3
3 1 0 3 7 5 0 1 0 0 0 3 2 7 103 52 51 31 112 151 296 4041 4848 1184 485 4691 1198 35 44 24 12 0 9 22 96 4 50 122 16 10813 912 75 251 6 9 12 358 7 95 1 1 2 15 19 3 14 60 4 35 2 30 15 66 60 11 0 130 40 28 16 7 6 14 31 22 33 0 0 2 0 8 1 38 10 124 105 36 4 26 1 58 29 6 24 128 5 0 0 146 8 2 0 0 0 1 0 1 0 0 0 0 0 2 7 1 4 2 23 32 6 48 72 64 0 6 0 4 0 0 2 4 1 4 2 0 8 1 0 29 72 5 33 0 1 12 1 0 0 34 12 6 0 2 0 0 0 0 0 0 0 0 0 0 0 1 1 0 1 0 0 6 5 0 1 0 2 0 0 4 0 2 8 23 0 0 12 0 0 0 2 2 1 1 2 1 0 2 1 2 3
41 1 0 1 49 11 0 2 2 0 0 2 27 1105 1296 907 112 1618 610 370 65 270 478 3871 212 1198 35316 13701 567 492 139 2 14 342 4616 195 318 138 485 3279 614 100 1268 3 3 214 1066 9 62 1 4 5 58 98 16 14 1041 480 1234 224 336 43 293 2461 1199 3 388 1391 210 21 10 1 7 30 702 37 1 0 1 0 10 1 56 19 112 113 62 6 14 4 117 32 12 24 125 50 2 9 153 103 0 1 0 0 2 0 0 0 0 0 0 0 12 51 54 6 2 288 24 225 43 861 80 0 2 1 3 2 2 42 1 1 0 2 0 7 4 0 8 47 47 34 29 0 3 1 1 0 39 131 1 1 1 0 0 0 0 0 0 1 0 0 0 0 1 3 4 15 2 3 0 6 0 1 2 10 0 0 2 3 0 9 36 0 4 4 0 1 0 1 0 3 0 2 3 0 1 2 1 2
33 0 0 1 80 23 0 0 0 0 0 5 17 1066 2045 2300 17 480 168 66 64 55 237 238 19 35 13701 12682 217 349 193 4 13 405 892 119 239 71 2117 161 2197 105 138 4 3 111 232 5 61 1 7 1 14 28 13 10 525 644 591 235 204 7 86 592 2717 14 94 907 410 8 9 1 4 17 924 126 0 0 2 0 9 0 21 9 37 22 14 7 26 5 58 31 5 15 44 105 0 2 26 39 0 6 0 1 4 0 0 0 0 0 0 0 4 181 266 6 1 298 7 595 16 1244 27 0 2 0 0 15 5 109 1 0 2 2 0 7 4 0 7 19 184 11 130 0 2 5 5 2 35 425 2 8 5 0 0 0 0 0 0 0 0 0 0 0 6 0 12 24 4 17 1 3 1 1 9 79 0 10 17 2 2 7 24 2 1 5 0 0 0 1 0 2 0 7 1 1 0 0 2 0
4880 148 32 113 641 224 1118 127 7 27 20 134 2 25 47 23 6 51 27 11 71 128 42 236 191 44 567 217 16083 5013 1191 30 154 189 111 7 34 277 104 292 226 63 449 6 17 68 197 24 74 8 71 91 3477 9727 425 21 2236 111 21 4 139 148 919 867 522 2 4982 401 593 91 54 120 100 46 2059 116 14 0 45 5 90 3 968 2446 382 122 542 36 71 11 209 108 90 75 275 469 47 2277 192 671 4 2 9 6 7 28 0 1 3 4 11 12 0 0 7 0 0 5 5 5 15 14 15 3 4 0 1 0 0 1 8 0 18 60 0 83 1 0 58 79 2 8 3 2 19 0 3 1 29 33 4 0 3 3 0 1 6 1 1 2 2 0 0 0 14 0 3 3 0 1 5 4 2 0 2 10 4 0 13 3 46 56 36 0 5 47 3 2 3 2 6 9 0 5 55 0 7 0 0 3
11897 3146 221 1693 4798 1939 2559 806 9 69 69 680 0 42 146 29 10 34 21 15 404 305 34 103 75 24 492 349 5013 18585 9474 97 250 105 119 5 23 147 224 123 1369 33 285 4 13 44 76 28 51 6 79 102 1035 1325 273 202 5703 99 31 8 159 115 885 695 755 3 475 170 864 113 88 215 57 52 1979 138 47 5 31 1 159 4 884 122 1168 248 184 51 74 10 143 138 126 84 173 1201 95 495 158 389 22 13 44 24 17 82 13 3 19 28 51 52 2 1 5 1 3 3 3 12 12 18 6 3 5 1 2 0 0 2 22 0 65 157 0 142 0 0 58 50 5 5 3 2 27 0 2 1 20 47 1 1 2 2 0 3 4 3 3 1 9 5 0 5 33 0 3 6 1 2 4 5 3 1 2 18 2 0 16 1 134 67 26 1 6 149 1 0 8 8 9 1 2 18 176 7 11 3 0 1
1890 322 72 2541 7614 3787 585 101 5 31 109 1240 0 47 143 22 11 19 12 14 879 453 16 38 128 12 139 193 1191 9474 16686 176 263 65 54 7 35 49 186 61 1882 3 81 4 2 17 34 12 22 3 48 57 424 543 107 224 10257 120 10 2 67 48 179 196 314 2 801 186 491 45 41 197 27 48 5000 107 32 5 22 1 101 4 565 173 1713 683 208 30 42 4 58 100 87 32 64 3362 77 160 1875 6416 7 8 25 6 17 39 9 4 11 16 38 34 0 0 5 0 0 4 1 8 9 14 1 2 2 3 1 0 0 1 8 1 35 91 0 75 0 0 30 43 1 2 3 0 27 0 2 0 11 19 0 0 0 2 0 2 2 3 1 1 3 1 0 2 21 0 1 1 0 1 1 3 2 0 0 2 0 0 3 1 86 45 22 0 5 92 1 1 2 2 6 2 1 8 88 2 5 0 1 2
61 5 7 80 858 4367 22 8 8 27 34 1069 1 1 5 5 1 18 17 10 46 48 1 3 4 0 2 4 30 97 176 2925 5702 567 0 0 10 89 5 2 122 2 2 8 4 15 4 1 0 7 1 7 23 32 7 10 12 505 3 0 14 3 1 1 2 3 13 13 8 4 2 424 275 80 1108 5 50 6 78 1 4 3 21 6 65 13 5 2 3 2 4 6 10 2 0 3684 105 18 10 4 9 10 14 16 20 43 3 0 10 8 20 30 1 0 0 0 0 7 5 2 7 9 4 3 1 0 1 0 0 0 9 0 37 117 0 122 0 0 22 27 0 0 1 4 25 0 0 0 8 8 3 1 0 1 0 0 5 3 1 1 11 5 0 2 29 0 1 1 0 0 4 3 2 0 0 2 1 0 4 0 102 55 39 0 0 106 0 0 0 2 5 0 3 16 102 2 9 1 1 0
121 13 15 154 1461 4594 40 20 24 70 165 2497 51 9 54 29 21 98 156 25 216 285 31 8 49 9 14 13 154 250 263 5702 8048 3619 11 13 165 1092 16 36 416 7 21 165 92 111 61 2 8 27 10 29 76 71 28 33 98 601 36 24 48 7 7 13 3 17 103 190 39 11 10 3500 2246 544 1681 34 627 84 620 4 34 20 104 22 203 79 71 16 22 7 36 21 27 6 14 5191 431 128 94 14 45 22 45 38 54 132 11 5 20 26 59 61 1 7 10 2 7 19 22 12 41 38 38 21 36 0 2 0 0 7 47 2 102 520 2 632 0 1 229 219 3 19 2 11 119 5 4 0 82 57 8 0 1 4 1 6 14 17 1 2 33 11 3 11 134 1 3 2 3 1 24 20 15 3 0 3 11 2 12 2 337 395 240 6 1 502 4 1 2 20 30 4 4 71 434 9 51 4 6 11
30 2 3 10 340 209 7 11 5 4 1 14 7 674 1753 391 219 312 121 160 383 745 231 55 120 22 342 405 189 105 65 567 3619 10499 513 542 1730 1332 284 124 573 17 52 12 14 65 296 8 16 8 10 16 71 70 19 20 159 4661 1683 4070 197 17 108 187 228 4 199 2063 411 19 18 88 154 219 3834 165 107 12 26 3 20 5 95 46 292 140 152 11 16 1 61 26 22 12 20 1424 31 9 180 36 6 7 5 11 8 13 1 4 2 5 4 11 4 9 11 3 5 18 11 22 24 68 17 15 11 2 4 0 0 4 16 4 34 182 1 292 0 0 154 129 10 18 4 5 65 4 11 2 65 41 9 2 1 2 0 0 14 14 0 2 13 8 1 2 44 1 5 2 1 3 29 25 21 7 1 10 5 0 11 1 50 292 136 5 3 245 1 1 2 24 18 4 1 12 95 2 30 12 3 8
8 0 0 1 16 3 1 0 0 0 0 2 0 5077 3071 175 72 85 63 142 18 26 46 251 18 96 4616 892 111 119 54 0 11 513 7028 3168 927 75 41 972 80 10 136 0 0 14 1294 1 8 0 0 0 8 13 2 2 256 403 2687 558 19 8 46 320 110 0 75 807 45 1 1 1 4 14 334 13 0 0 1 0 0 0 9 3 21 12 10 0 6 2 15 4 2 3 12 17 0 0 23 23 0 0 0 0 2 2 0 0 0 0 0 0 12 8 5 5 4 55 31 15 51 156 88 2 4 0 6 1 1 6 3 0 0 1 0 3 2 0 12 48 2 42 0 0 3 1 0 0 38 19 5 0 0 0 0 0 0 0 0 0 0 0 0 0 0 2 0 2 0 0 2 4 0 0 0 1 0 0 3 0 0 9 20 1 0 4 0 0 0 1 3 0 0 1 3 0 1 3 2 2
0 0 0 0 8 1 0 0 0 0 0 1 0 3103 1376 13 60 10 0 20 7 4 11 12 0 4 195 119 7 5 7 0 13 542 3168 2402 2468 62 5 105 33 1 8 0 0 1 170 0 0 0 0 0 0 0 2 0 17 153 4076 977 3 0 12 44 30 0 2 199 9 0 0 1 1 0 139 1 0 0 0 0 1 0 2 0 3 0 1 0 1 0 0 0 0 0 2 10 0 0 1 1 0 0 0 0 0 0 0 0 1 0 0 0 0 0 0 1 0 1 1 1 4 8 4 0 0 0 0 0 0 3 0 0 0 0 0 3 0 0 3 4 0 3 0 0 0 0 0 0 0 0 1 0 0 0 0 0 0 0 0 0 0 0 0 0 0 0 0 0 0 0 0 0 0 0 0 1 0 0 0 0 0 4 2 0 1 1 0 0 0 1 0 0 0 0 0 0 1 0 0 0
5 0 0 0 50 6 1 0 0 1 0 4 13 1569 3603 768 2393 1195 583 714 174 275 271 62 28 50 318 239 34 23 35 10 165 1730 927 2468 4757 2742 69 224 449 11 50 28 10 118 453 0 6 2 1 2 9 13 0 6 56 812 1990 1015 212 3 49 116 82 0 31 880 66 3 4 32 36 44 986 28 5 10 7 0 1 2 8 3 44 32 16 4 5 3 34 2 2 1 20 137 2 0 44 4 6 3 2 7 6 2 0 3 0 1 0 2 8 9 7 6 2 20 44 13 85 75 76 20 35 1 19 4 1 7 59 6 3 26 0 66 5 0 94 137 5 93 5 2 30 3 10 0 144 37 61 0 0 2 1 2 1 1 1 0 7 3 0 1 10 4 1 9 0 1 30 72 10 24 0 2 1 1 6 2 12 119 34 18 2 112 2 0 2 58 8 0 2 2 16 2 40 11 9 49
36 3 4 11 192 138 8 3 2 2 1 33 592 105 429 741 1276 2084 6208 1044 582 1179 503 137 191 122 138 71 277 147 49 89 1092 1332 75 62 2742 5321 84 468 871 39 132 1538 334 1381 691 15 26 45 11 29 64 90 16 40 182 410 341 96 641 22 49 81 35 50 249 879 118 16 9 732 1953 1309 1129 107 100 254 293 7 40 31 101 54 344 209 216 30 59 31 319 24 19 11 69 588 22 8 282 49 27 32 12 11 30 33 1 15 4 5 12 7 78 76 63 30 29 191 246 70 540 657 504 102 214 8 76 21 9 96 283 54 69 192 7 709 17 2 1016 1300 24 522 16 13 211 27 41 7 950 227 213 5 3 11 4 25 10 11 9 2 40 40 1 2 65 23 10 31 2 24 164 366 48 114 2 28 13 2 71 2 122 872 557 81 25 788 9 11 16 206 52 11 13 35 152 6 237 75 43 200
35 1 1 4 165 40 3 2 0 1 0 5 39 36 365 1061 6 4740 268 36 47 55 118 287 5 16 485 2117 104 224 186 5 16 284 41 5 69 84 14185 59 1024 171 455 4 20 438 56 21 43 3 2 1 15 19 7 16 282 535 150 107 8379 40 181 1864 2736 26 40 346 3372 16 41 2 7 7 1024 1867 2 0 2 0 10 0 22 1 39 17 5 7 42 5 343 21 7 17 60 225 1 0 12 29 3 2 0 0 5 3 0 1 0 0 1 0 4 208 638 7 5 192 10 857 11 1122 18 3 2 2 4 77 6 193 7 0 6 5 2 15 2 0 21 52 493 12 649 0 2 23 24 8 70 2385 3 8 12 1 0 4 0 1 0 1 0 0 0 0 16 4 131 191 19 78 3 4 4 1 20 347 1 9 141 10 4 5 19 1 25 12 0 2 0 4 0 6 7 22 4 0 4 1 2 1
18 5 1 2 12 11 3 5 0 0 0 7 4 488 562 150 131 125 295 340 439 4628 2660 3223 3598 10813 3279 161 292 123 61 2 36 124 972 105 224 468 59 3858 1081 205 824 13 4 51 4858 10 132 3 9 8 46 85 14 26 478 71 690 50 131 50 207 434 79 0 490 586 131 36 17 17 39 82 168 68 3 0 16 0 23 0 105 44 300 301 225 13 51 13 149 69 19 52 290 30 1 1 430 75 6 1 0 3 5 0 0 2 1 0 0 0 18 18 17 12 18 80 87 23 165 232 243 12 21 1 11 3 3 17 22 2 5 10 0 41 5 0 108 249 5 151 3 1 22 7 6 4 153 49 40 0 3 0 1 2 1 2 1 0 3 5 0 0 4 4 5 1 0 3 11 46 4 8 1 7 1 2 10 3 8 61 94 6 1 53 0 2 1 20 4 3 0 11 6 2 16 8 8 32
1992 1025 717 1431 1947 1728 176 569 8 93 81 910 33 313 1912 1343 223 1584 570 409 2097 1535 10152 4514 364 912 614 2197 226 1369 1882 122 416 573 80 33 449 871 1024 1081 9154 5736 1737 48 171 696 214 460 2485 82 570 113 187 93 1669 1468 504 302 80 36 1757 432 523 265 376 43 269 234 1309 382 499 215 169 173 1628 1279 93 8 59 11 639 47 1848 123 1303 267 156 656 2271 317 2523 2726 510 713 1672 1154 77 69 352 241 6 9 11 16 11 41 4 4 11 11 13 20 4 14 33 3 8 42 36 49 51 134 54 10 15 3 4 1 1 7 19 4 60 186 0 323 1 0 141 173 20 43 25 5 60 13 14 3 76 169 10 15 59 7 0 21 7 9 10 29 21 9 0 1 46 1 22 29 11 23 22 25 16 4 13 57 9 42 166 15 124 193 115 3 55 194 12 35 85 14 20 115 13 23 134 2 28 9 4 15
12 1 1 1 10 5 1 2 0 2 0 2 8 8 66 53 15 202 69 49 44 255 1775 3756 56 75 100 105 63 33 3 2 7 17 10 1 11 39 171 205 5736 7729 2503 12 70 489 79 42 1846 8 16 3 7 19 14 23 63 14 36 2 1104 61 180 140 179 10 80 54 701 49 43 2 6 8 43 447 2 0 2 0 31 4 39 10 51 40 13 21 144 59 1379 255 35 116 427 18 0 0 45 6 0 0 0 0 0 0 0 0 0 0 0 0 1 1 7 0 0 10 7 12 6 27 9 0 0 0 0 3 1 3 2 0 0 1 0 2 0 1 3 8 7 2 6 0 1 1 3 0 6 84 0 3 8 0 0 2 1 0 1 1 0 0 0 0 0 0 11 14 3 6 0 0 0 0 1 28 0 4 52 7 1 1 5 0 12 1 0 2 4 0 0 14 1 0 0 0 0 1 1 0
49 1 1 1 44 14 4 7 0 0 1 5 55 21 116 147 44 925 403 163 125 828 733 3481 352 251 1268 138 449 285 81 2 21 52 136 8 50 132 455 824 1737 2503 5931 37 239 1500 484 164 2430 37 24 15 77 140 32 36 636 100 240 7 2988 466 2559 11308 974 34 554 430 2152 288 172 2 16 21 214 1369 11 5 10 3 96 14 157 48 251 266 119 65 492 216 3898 546 133 505 7881 53 6 6 326 82 2 0 0 0 0 0 0 0 0 0 0 1 2 7 32 5 3 38 14 70 25 124 31 0 5 0 1 6 0 10 2 0 2 1 0 9 2 0 20 32 22 16 21 0 2 7 11 1 24 258 1 6 33 0 0 10 1 0 4 2 0 0 0 0 1 0 39 37 8 23 0 3 0 1 17 75 6 14 212 28 2 7 13 1 94 8 5 13 24 1 0 72 8 4 1 0 3 2 1 1
3 0 0 3 17 40 2 1 6 1 0 21 5476 0 9 191 74 441 9791 1959 9 28 9 8 4 6 3 4 6 4 4 8 165 12 0 0 28 1538 4 13 48 12 37 11038 4009 1371 8 5 8 1036 6 149 8 2 11 1 6 4 2 0 40 10 16 7 1 736 7 10 5 3 12 333 1484 2543 9 14 2892 2689 2985 124 125 412 4 3 14 4 2 286 186 230 401 11 1 4 22 32 76 26 6 0 5 1 3 4 6 4 2 2 1 0 2 2 41 45 80 8 15 247 103 79 216 828 311 14 43 2 8 8 2 58 36 10 19 25 4 90 14 0 238 406 15 123 13 2 29 7 31 4 306 227 36 5 11 0 1 22 6 6 5 2 8 10 1 0 4 10 18 17 6 42 30 69 7 14 7 33 5 12 133 20 17 141 361 20 34 135 4 11 22 39 7 33 6 8 20 1 36 13 6 26
8 1 0 1 14 25 9 5 63 8 6 13 2845 0 5 22 10 33 911 161 6 26 9 23 2 9 3 3 17 13 2 4 92 14 0 0 10 334 20 4 171 70 239 4009 11680 1533 8 30 71 5826 4 66 29 4 10 1 17 5 2 1 32 62 143 55 19 4642 11 7 91 35 66 227 324 515 13 82 2491 1103 1183 64 114 626 19 3 11 6 2 434 541 2609 3068 56 8 43 172 21 755 205 8 1 5 3 2 3 9 1 1 1 1 0 2 2 1 13 188 3 3 22 1 82 8 156 6 1 0 0 0 11 1 3 13 2 8 7 1 16 0 0 29 15 21 6 46 0 5 63 295 9 56 1768 1 40 173 1 1 161 6 2 7 38 1 0 0 0 8 3 262 212 56 643 3 3 2 1 95 652 15 73 2701 292 5 20 49 1 686 29 21 227 97 1 0 517 52 23 14 0 1 0 0 0
9 0 2 1 50 40 1 2 8 1 0 19 2617 6 34 89 45 1806 6067 187 19 64 42 660 28 12 214 111 68 44 17 15 111 65 14 1 118 1381 438 51 696 489 1500 1371 1533 7125 54 19 83 138 1 2 14 9 14 13 97 37 27 5 691 17 117 1561 280 1794 75 64 210 17 12 83 351 595 156 138 123 74 123 2 20 20 24 9 34 31 14 34 125 174 1619 53 11 33 125 153 87 26 33 10 3 6 1 4 18 3 0 0 0 1 2 0 28 228 2080 5 6 326 22 801 58 1713 80 4 2 1 5 98 11 232 15 3 9 12 5 53 6 0 60 74 501 52 939 2 8 102 204 42 282 6729 5 9 21 2 2 12 0 3 1 4 1 1 1 0 19 2 551 579 28 1071 4 7 9 4 19 841 3 11 1038 60 15 27 205 5 160 37 1 12 12 2 0 50 19 35 15 0 2 1 2 2
10 1 1 3 31 11 0 0 0 3 0 5 3 361 375 53 39 75 66 67 141 919 146 559 3019 358 1066 232 197 76 34 4 61 296 1294 170 453 691 56 4858 214 79 484 8 8 54 4604 9 40 0 1 3 35 59 9 11 338 101 1711 96 111 59 391 724 238 2 332 1001 229 30 13 15 78 57 163 63 4 0 44 0 6 0 58 24 176 160 155 2 22 4 153 17 9 38 183 60 0 2 244 91 2 1 1 0 4 1 0 2 0 0 0 0 9 5 3 2 13 14 55 12 99 88 135 12 25 1 5 0 1 5 22 2 6 8 0 48 2 0 115 232 3 91 2 1 16 4 5 1 95 51 11 1 1 3 1 1 3 2 1 1 5 0 0 0 5 4 2 3 0 2 12 17 1 12 1 12 1 2 6 1 7 44 69 6 2 44 2 1 1 11 3 3 3 6 5 0 11 4 6 16
18 1 2 5 14 7 3 7 1 2 0 3 2 2 16 16 0 27 15 19 6 34 12 19 11 7 9 5 24 28 12 1 2 8 1 0 0 15 21 10 460 42 164 5 30 19 9 13653 250 66 20 7 10 7 22 17 18 12 2 1 90 9690 954 49 47 6 22 18 1684 967 9582 2 3 7 44 6851 5 0 6 4 1011 40 88 5 43 13 2 1770 4685 65 550 198 44 260 390 12 6 4 13 1 0 2 0 0 0 0 0 3 0 0 0 0 0 1 2 1 0 1 2 8 1 4 2 0 2 0 2 3 0 1 8 1 0 0 0 1 0 0 3 6 5 4 1 1 1 33 68 9 7 57 1 177 963 1 2 304 21 4 11 89 1 1 0 0 1 0 9 92 205 34 0 5 2 1 165 98 49 246 855 67 0 9 11 3 521 30 64 209 506 2 0 1122 160 7 17 1 2 3 3 2
32 5 5 3 21 8 10 14 1 2 3 3 7 5 155 137 29 74 81 150 106 549 403 368 71 95 62 61 74 51 22 0 8 16 8 0 6 26 43 132 2485 1846 2430 8 71 83 40 250 13525 30 123 21 30 39 77 50 40 13 13 1 137 182 209 58 43 14 156 31 367 266 217 4 10 10 39 469 6 0 2 4 181 14 223 31 131 89 15 217 1108 147 931 3719 511 2598 7159 18 4 3 83 16 0 0 0 0 0 0 0 0 0 0 0 0 2 4 0 0 0 7 3 5 5 16 12 1 1 0 0 0 0 1 2 0 0 1 0 4 1 0 7 6 4 5 0 0 2 0 1 0 10 25 1 5 26 1 0 5 3 0 6 11 0 0 0 0 1 0 1 3 6 10 0 0 0 0 7 17 1 17 68 6 1 9 3 0 32 2 2 6 28 0 0 49 6 0 2 0 0 0 0 0
8 0 1 2 5 6 10 4 39 6 8 13 157 0 2 6 3 7 91 11 0 2 4 5 2 1 1 1 8 6 3 7 27 8 0 0 2 45 3 3 82 8 37 1036 5826 138 0 66 30 11611 19 1312 28 2 75 5 5 1 0 0 11 44 31 9 4 539 5 0 32 29 129 114 82 615 5 89 2116 468 537 993 846 4714 23 3 3 2 1 2620 1017 2722 681 52 11 19 45 11 610 141 6 2 1 0 3 1 5 6 0 1 1 2 0 3 0 0 5 0 1 7 0 14 2 7 3 0 0 2 0 2 1 0 4 0 2 3 0 10 0 0 9 2 6 2 1 1 2 25 99 6 12 126 0 84 361 2 1 170 35 5 48 99 6 0 0 0 0 0 17 63 77 137 0 1 1 1 120 133 31 147 1476 108 2 8 9 1 485 23 44 546 287 1 1 982 48 3 7 0 1 0 0 1
124 32 21 14 31 25 45 74 2 22 3 19 0 1 1 3 1 3 2 5 5 22 4 11 18 1 4 7 71 79 48 1 10 10 0 0 1 11 2 9 570 16 24 6 4 1 1 20 123 19 10243 16508 539 67 2041 172 25 5 0 0 8 37 38 14 6 4 53 7 27 2197 39 12 13 25 46 30 13 3 10 303 2427 118 796 16 108 23 4 119 66 19 62 7660 12705 615 193 25 18 69 22 16 0 0 0 0 1 2 0 0 0 1 0 0 0 0 0 0 0 1 0 0 0 0 0 1 0 0 0 0 0 0 0 0 2 2 0 21 0 0 13 4 0 0 1 3 1 0 0 1 2 2 0 2 8 0 0 0 84 7 174 21 10 0 0 0 5 0 0 0 0 3 1 0 1 0 0 1 6 12 3 0 6 16 12 0 3 13 9 4 21 0 3 14 0 1 2 0 0 1 0 0
156 31 12 22 45 33 93 101 18 39 6 18 12 0 5 2 0 2 10 3 3 10 4 5 13 2 5 1 91 102 57 7 29 16 0 0 2 29 1 8 113 3 15 149 66 2 3 7 21 1312 16508 49908 1297 95 4032 127 23 7 0 0 5 28 27 9 5 215 59 10 10 900 79 48 29 536 49 10 569 113 110 13693 8731 5620 910 27 101 26 12 1553 289 104 63 2556 5058 120 60 33 188 207 27 14 2 1 1 0 0 0 0 1 0 0 1 0 0 0 0 0 0 0 0 0 0 3 0 1 0 0 0 0 2 0 2 0 1 4 1 24 0 0 14 9 0 1 0 24 8 2 7 3 5 4 0 19 40 1 0 21 1959 269 4717 862 161 5 0 0 1 0 0 2 6 22 2 0 2 0 3 1 187 112 106 4 3 19 30 0 4 43 313 106 631 1 33 202 16 2 11 2 1 1 0 0
1357 154 74 91 271 201 1197 964 128 327 96 145 6 3 8 2 1 10 4 11 25 70 10 40 92 15 58 14 3477 1035 424 23 76 71 8 0 9 64 15 46 187 7 77 8 29 14 35 10 30 28 539 1297 8509 6063 4891 38 243 34 6 0 12 21 102 83 39 15 1351 75 64 82 34 114 40 114 364 31 146 17 35 86 282 97 2445 947 126 108 136 54 29 11 49 435 264 60 64 126 435 4388 232 193 7 1 4 4 5 11 1 2 2 5 5 3 0 0 1 0 0 3 1 4 6 1 3 8 4 1 0 0 0 0 2 0 13 57 1 143 0 0 80 74 1 0 0 2 21 0 2 0 18 5 0 1 2 2 0 2 15 9 38 2 7 1 0 0 17 0 1 0 0 0 2 3 6 1 0 0 0 4 1 0 30 98 45 1 1 71 4 3 4 2 7 2 1 7 34 0 9 4 0 1
1545 151 81 97 283 158 916 718 41 212 38 100 0 2 8 5 2 17 7 0 34 63 22 64 152 19 98 28 9727 1325 543 32 71 70 13 0 13 90 19 85 93 19 140 2 4 9 59 7 39 2 67 95 6063 6425 420 23 466 40 6 2 31 29 172 139 68 4 2273 137 99 42 20 70 38 72 495 40 36 3 12 4 63 5 3124 4122 500 191 200 27 44 10 47 92 71 32 89 137 165 862 254 248 3 2 1 3 5 8 1 2 3 2 4 3 0 0 0 0 2 0 5 2 3 3 8 4 1 0 0 0 0 0 2 0 8 33 0 83 0 0 37 63 0 3 0 1 13 0 1 0 14 9 2 0 0 2 0 0 2 1 3 2 2 0 0 2 12 0 2 0 1 0 2 2 3 1 0 1 0 1 3 0 37 57 34 0 1 38 0 3 2 0 2 3 1 2 28 1 3 0 0 2
311 51 36 34 76 51 261 255 31 88 23 45 0 1 2 9 0 8 3 0 13 21 11 18 33 3 16 13 425 273 107 7 28 19 2 2 0 16 7 14 1669 14 32 11 10 14 9 22 77 75 2041 4032 4891 420 12381 926 47 10 2 0 25 33 44 22 13 17 194 18 35 334 114 28 12 62 93 24 64 8 15 300 960 212 5221 59 150 27 30 160 142 20 56 2165 899 181 118 30 115 785 48 42 0 0 3 1 3 4 1 0 1 2 3 1 0 1 0 0 0 0 0 1 2 1 0 1 2 1 0 0 0 1 0 0 3 18 0 33 0 0 18 16 0 0 0 1 6 0 0 0 9 2 0 1 10 0 0 2 36 21 146 12 17 2 0 0 5 0 0 0 1 1 1 0 3 0 0 0 3 4 9 1 8 32 10 0 1 26 10 10 17 0 4 14 1 0 13 0 1 0 0 0
246 111 61 131 186 163 29 71 2 10 7 76 0 1 5 6 0 6 3 3 1562 450 20 20 82 14 14 10 21 202 224 10 33 20 2 0 6 40 16 26 1468 23 36 1 1 13 11 17 50 5 172 127 38 23 926 2417 79 10 0 1 28 23 38 14 10 0 63 20 25 76 50 14 24 22 117 30 5 2 10 9 137 3 3260 35 2794 155 39 63 68 12 60 317 134 78 62 90 5 18 193 46 1 0 1 1 0 3 0 0 1 0 1 1 0 0 1 0 0 4 2 2 2 0 2 2 1 0 0 0 0 0 4 0 2 13 0 28 0 0 21 18 0 1 0 0 3 0 0 0 4 4 0 1 6 0 0 2 1 0 3 3 2 0 0 1 4 0 0 0 2 0 2 1 2 0 1 0 0 1 3 2 4 13 15 0 1 15 1 1 3 0 0 5 0 1 8 0 1 0 0 1
413 16 12 36 1984 217 48 14 2 0 9 83 0 60 161 39 11 63 44 25 229 298 47 352 369 60 1041 525 2236 5703 10257 12 98 159 256 17 56 182 282 478 504 63 636 6 17 97 338 18 40 5 25 23 243 466 47 79 8597 432 68 8 229 156 1264 1404 1023 2 7848 1140 1061 82 46 47 57 43 11502 191 14 1 30 0 32 0 283 147 566 762 1582 15 52 7 233 73 30 66 311 2207 15 27 2351 4856 3 3 7 2 2 12 0 1 4 5 7 7 1 1 7 0 3 11 7 18 16 26 21 5 3 1 2 0 0 0 5 4 13 45 0 57 1 0 54 60 3 8 7 0 14 0 3 0 26 51 3 1 4 0 0 0 1 1 0 0 1 3 0 0 8 0 9 2 4 2 4 6 0 0 1 13 1 2 24 2 22 40 24 1 10 44 1 0 3 5 2 4 1 4 43 1 4 1 2 3
14 2 1 0 124 87 2 2 0 1 0 9 2 527 1601 322 168 176 62 150 190 286 62 36 29 4 480 644 111 99 120 505 601 4661 403 153 812 410 535 71 302 14 100 4 5 37 101 12 13 1 5 7 34 40 10 10 432 6087 1006 2151 194 32 219 340 488 2 121 2398 888 19 20 40 65 38 10565 277 14 2 12 1 23 4 38 19 101 53 32 3 7 1 50 17 8 10 31 911 4 3 102 236 8 2 2 2 3 7 0 0 1 0 1 1 3 8 13 1 2 19 7 31 12 54 6 5 7 0 1 0 0 6 8 0 9 42 0 66 1 0 43 64 7 4 9 3 15 2 2 0 19 47 5 1 1 1 0 1 3 2 0 1 9 2 0 2 16 0 2 2 0 1 3 8 4 0 1 7 1 1 6 3 28 56 51 1 3 40 0 0 1 3 5 2 1 2 22 0 8 0 2 7
2 0 0 0 8 5 0 0 0 0 0 1 2 1157 1211 73 78 35 16 44 16 35 29 218 23 35 1234 591 21 31 10 3 36 1683 2687 4076 1990 341 150 690 80 36 240 2 2 27 1711 2 13 0 0 0 6 6 2 0 68 1006 3165 4201 63 19 247 696 342 0 22 813 172 14 2 5 8 13 372 24 0 0 4 0 3 0 3 0 12 8 9 0 0 3 27 5 1 7 44 22 0 0 12 8 0 0 0 0 2 0 0 0 0 1 0 0 2 3 5 1 2 19 25 6 30 43 45 2 9 0 1 1 1 4 5 0 0 3 0 7 0 0 18 46 5 42 2 1 2 0 2 1 26 18 7 0 1 0 0 0 0 0 0 1 0 0 0 0 2 1 2 2 0 1 2 8 0 2 1 6 0 0 7 0 2 5 14 5 0 11 0 0 0 6 0 2 0 0 1 0 4 3 1 6
0 1 1 0 2 2 0 0 0 0 0 0 0 502 755 72 56 37 13 23 10 9 13 10 1 2 224 235 4 8 2 0 24 4070 558 977 1015 96 107 50 36 2 7 0 1 5 96 1 1 0 0 0 0 2 0 1 8 2151 4201 2577 12 3 36 89 116 0 5 1366 74 0 0 3 3 1 460 10 0 0 0 0 1 0 0 0 6 4 6 1 1 0 4 0 1 0 4 7 0 0 1 3 0 1 0 0 0 0 0 0 0 0 0 0 0 1 0 0 0 3 1 4 2 6 4 0 1 0 0 0 0 0 0 0 0 2 0 2 0 0 3 2 2 2 0 0 1 0 0 0 1 0 0 0 0 0 0 0 0 0 0 0 0 0 0 0 0 0 0 0 0 0 0 0 0 0 0 0 0 0 1 0 1 5 2 0 0 4 0 0 0 0 0 0 0 0 0 0 0 0 0 0
22 0 1 2 102 41 4 2 0 0 1 8 30 5 82 155 39 1884 377 90 52 132 120 1217 92 30 336 204 139 159 67 14 48 197 19 3 212 641 8379 131 1757 1104 2988 40 32 691 111 90 137 11 8 5 12 31 25 28 229 194 63 12 9777 77 297 2322 197 133 109 188 2172 72 108 21 83 38 602 6174 4 5 19 0 45 3 55 14 75 55 32 24 212 25 2014 113 24 60 342 214 4 3 73 30 0 2 0 1 7 1 0 1 0 0 0 0 3 88 568 5 7 45 2 170 25 272 36 1 1 1 2 30 1 88 7 2 6 12 4 33 1 0 27 33 200 18 400 0 4 73 89 14 80 2026 5 15 12 0 0 10 0 3 0 2 0 0 0 1 10 4 202 316 8 198 4 11 2 3 6 414 0 10 434 39 14 28 40 1 117 22 0 7 6 3 2 27 14 13 7 1 3 2 1 4
30 2 2 5 28 5 8 12 0 3 1 4 3 1 14 21 4 57 16 10 27 120 36 44 57 15 43 7 148 115 48 3 7 17 8 0 3 22 40 50 432 61 466 10 62 17 59 9690 182 44 37 28 21 29 33 23 156 32 19 3 77 23489 10415 516 351 5 121 132 4062 5634 3728 3 2 16 129 1720 11 1 3 3 567 103 83 12 72 50 14 471 1054 69 494 394 125 3330 2587 40 9 2 41 8 2 1 0 0 1 0 0 2 0 0 0 0 1 0 0 0 0 6 1 5 2 16 2 1 1 1 0 1 0 0 4 4 0 1 0 4 0 0 1 7 0 1 1 0 0 27 35 2 9 45 0 161 605 2 3 133 11 1 17 120 0 0 0 0 0 0 12 35 136 18 0 4 1 1 90 57 49 299 528 28 0 3 10 0 257 23 85 143 496 0 0 806 102 3 10 0 0 0 2 2
74 3 2 3 91 22 6 5 0 1 0 10 16 26 62 42 11 169 108 40 76 345 85 190 233 66 293 86 919 885 179 1 7 108 46 12 49 49 181 207 523 180 2559 16 143 117 391 954 209 31 38 27 102 172 44 38 1264 219 247 36 297 10415 26441 9860 5225 16 615 821 5867 1221 831 4 7 17 512 769 8 0 6 1 206 10 154 48 229 190 86 90 605 128 1378 378 138 1557 4082 94 0 14 207 83 0 2 0 0 2 0 0 0 0 0 0 0 2 5 10 1 0 19 5 50 6 82 17 1 0 0 1 3 0 4 4 1 1 1 0 0 0 1 6 12 8 9 13 1 2 21 17 1 9 133 0 33 165 3 0 47 1 0 7 16 0 0 0 0 2 0 21 41 27 14 0 1 0 0 62 112 8 47 402 49 0 1 7 0 231 9 9 35 89 1 0 209 29 2 1 0 3 1 0 0
74 0 1 2 62 16 3 3 0 1 1 0 78 103 164 113 23 1058 437 72 67 216 73 915 183 60 2461 592 867 695 196 1 13 187 320 44 116 81 1864 434 265 140 11308 7 55 1561 724 49 58 9 14 9 83 139 22 14 1404 340 696 89 2322 516 9860 13825 6474 7 549 1063 3150 182 88 6 6 16 579 424 3 0 3 1 33 5 74 36 151 155 89 15 121 38 1052 90 30 168 1484 61 0 9 210 126 3 0 0 0 1 1 0 1 0 0 0 1 7 70 139 5 1 86 10 293 13 448 33 1 0 0 2 18 1 46 3 0 1 6 0 10 1 0 9 39 123 9 173 0 4 15 10 0 21 897 3 3 16 1 0 1 1 0 0 3 0 1 0 0 3 0 82 73 8 29 0 2 3 0 5 147 5 8 123 12 0 7 14 1 35 1 1 2 6 1 0 23 3 5 0 0 1 1 0 4
60 1 0 8 155 36 6 2 0 0 3 8 26 68 167 56 7 228 127 16 37 70 38 110 62 11 1199 2717 522 755 314 2 3 228 110 30 82 35 2736 79 376 179 974 1 19 280 238 47 43 4 6 5 39 68 13 10 1023 488 342 116 197 351 5225 6474 10147 5 202 1039 3242 88 68 3 4 6 913 95 1 0 1 0 18 2 53 18 114 41 47 6 35 3 196 45 12 75 338 139 0 10 66 69 0 0 0 0 0 0 0 1 0 0 0 0 4 50 99 0 0 71 2 234 5 402 4 0 0 0 0 4 0 30 0 0 1 0 0 6 2 0 7 8 76 6 97 0 0 6 8 0 13 456 3 3 13 0 0 2 1 0 1 1 0 0 0 0 0 0 35 40 3 14 0 1 0 0 2 88 2 5 72 9 1 3 6 2 31 3 1 4 6 0 0 17 3 6 0 0 0 0 0 1
1 0 0 0 1 8 5 3 13 2 6 3 3819 0 1 15 0 147 501 26 1 2 2 4 2 0 3 14 2 3 2 3 17 4 0 0 0 50 26 0 43 10 34 736 4642 1794 2 6 14 539 4 215 15 4 17 0 2 2 0 0 133 5 16 7 5 1529 2 0 26 7 12 54 65 1036 11 32 1702 1195 387 157 171 323 7 0 4 2 0 245 158 374 1440 14 7 8 34 6 341 77 1 0 0 1 0 0 0 1 0 0 0 0 1 0 0 10 254 1 1 12 1 82 3 263 10 0 1 0 0 3 0 11 2 0 0 5 0 5 0 0 12 11 22 2 21 0 2 3 31 5 32 440 0 2 16 1 0 20 5 0 8 6 0 0 0 0 1 1 27 21 2 238 0 0 1 0 10 57 6 6 204 19 4 7 32 0 57 5 4 24 15 1 1 50 4 3 3 1 1 0 0 0
268 86 42 89 203 118 74 106 4 25 5 53 1 16 24 5 7 38 28 12 76 349 124 348 985 130 388 94 4982 475 801 13 103 199 75 2 31 249 40 490 269 80 554 7 11 75 332 22 156 5 53 59 1351 2273 194 63 7848 121 22 5 109 121 615 549 202 2 6297 753 274 90 52 45 104 73 2310 122 10 2 48 2 93 5 1402 4885 1780 3050 1579 40 125 14 229 156 86 100 362 215 17 47 4088 2346 3 0 0 1 3 2 0 0 3 0 2 2 1 1 2 0 3 4 6 6 19 12 18 4 5 0 0 0 0 1 3 1 4 24 2 77 0 0 91 126 3 14 0 1 21 3 4 0 44 16 2 1 6 0 0 1 3 1 1 0 7 0 0 0 11 0 5 0 1 1 6 11 2 1 1 9 0 0 7 1 6 68 48 2 6 44 2 4 3 3 3 5 0 2 14 0 8 3 2 4
27 7 8 6 56 32 3 4 1 0 0 17 6 508 856 144 77 78 37 61 193 433 77 272 1129 40 1391 907 401 170 186 13 190 2063 807 199 880 879 346 586 234 54 430 10 7 64 1001 18 31 0 7 10 75 137 18 20 1140 2398 813 1366 188 132 821 1063 1039 0 753 718 995 50 37 54 154 49 712 140 9 1 69 0 21 1 118 78 294 436 1195 5 18 6 141 37 16 25 155 105 1 3 818 575 3 0 0 1 2 4 1 0 0 0 0 1 3 4 3 1 2 14 18 13 41 49 38 5 7 1 4 0 0 0 10 0 3 11 1 71 0 0 71 138 2 26 5 0 19 2 0 1 47 36 5 2 2 0 1 1 0 5 0 0 3 2 0 0 5 1 4 3 1 1 4 11 1 3 0 11 0 3 30 3 6 45 43 2 4 17 2 0 3 2 2 12 0 2 3 0 11 3 2 4
85 6 5 13 434 113 8 8 0 3 4 38 13 30 179 299 14 523 69 41 97 266 148 323 143 28 210 410 593 864 491 8 39 411 45 9 66 118 3372 131 1309 701 2152 5 91 210 229 1684 367 32 27 10 64 99 35 25 1061 888 172 74 2172 4062 5867 3150 3242 26 274 995 7798 842 1832 5 16 16 2204 4275 7 2 1 2 344 16 114 35 176 109 77 109 594 51 1428 259 58 294 1090 586 1 10 132 101 0 3 0 0 8 0 0 1 0 0 1 1 2 22 91 1 3 14 5 85 12 87 10 1 4 1 2 22 3 14 12 5 4 4 0 14 1 0 16 19 71 22 95 0 7 72 114 6 38 957 2 44 212 0 0 119 4 4 3 27 1 0 0 0 10 2 158 208 87 98 1 7 2 1 110 531 12 76 1120 154 4 15 22 4 541 27 19 67 93 1 0 335 62 16 8 0 1 0 2 1
113 17 6 15 36 26 43 81 4 14 4 10 1 2 14 12 2 37 13 22 20 119 43 38 54 16 21 8 91 113 45 4 11 19 1 0 3 16 16 36 382 49 288 3 35 17 30 967 266 29 2197 900 82 42 334 76 82 19 14 0 72 5634 1221 182 88 7 90 50 842 4304 2001 5 2 29 83 399 10 2 6 5 1145 211 403 27 119 51 16 375 563 57 387 1329 2693 2045 1321 35 13 14 59 20 0 0 0 0 0 0 0 1 1 0 1 0 1 0 3 0 0 1 0 5 0 6 2 0 0 0 0 1 0 1 0 2 1 2 0 16 0 0 6 11 0 0 1 1 0 3 9 1 2 24 0 90 158 0 0 34 47 6 42 175 1 0 0 0 0 0 3 8 16 5 0 0 0 0 15 20 96 229 180 14 4 11 14 0 45 17 84 50 444 0 1 327 45 0 6 0 0 0 1 0
70 17 3 5 30 22 20 40 2 11 3 7 5 1 12 13 3 42 13 10 17 53 24 21 19 7 10 9 54 88 41 2 10 18 1 0 4 9 41 17 499 43 172 12 66 12 13 9582 217 129 39 79 34 20 114 50 46 20 2 0 108 3728 831 88 68 12 52 37 1832 2001 12238 6 2 53 68 2215 47 5 8 8 8983 403 249 11 67 44 8 2427 4529 147 547 337 115 453 474 27 24 10 34 11 2 2 0 0 0 0 0 0 0 0 0 0 0 1 2 0 0 0 0 3 1 3 1 2 1 0 3 0 0 0 2 0 0 3 0 6 0 0 3 6 0 3 0 0 2 11 19 2 3 36 1 186 439 2 1 99 72 17 113 435 3 0 0 1 0 0 7 17 56 23 0 1 0 0 23 37 203 553 444 20 1 6 13 0 89 19 223 178 1142 1 1 842 78 1 12 0 0 0 1 2
132 39 47 225 544 1460 138 56 140 433 2547 1543 104 0 11 6 0 57 94 9 88 98 19 8 28 6 1 1 120 215 197 424 3500 88 1 1 32 732 2 17 215 2 2 333 227 83 15 2 4 114 12 48 114 70 28 14 47 40 5 3 21 3 4 6 3 54 45 54 5 5 6 6388 1809 928 203 15 5881 462 1963 25 45 87 76 12 127 50 26 58 36 19 40 14 16 10 4 808 5629 529 42 10 72 57 142 109 94 327 31 16 87 105 194 180 4 3 3 8 3 19 9 17 31 31 23 25 17 1 3 1 0 3 55 5 226 796 2 741 0 0 185 143 3 23 0 6 170 3 10 2 64 51 4 0 2 9 0 5 20 29 1 3 38 18 1 11 166 1 2 2 1 3 42 32 15 7 2 4 18 1 13 0 652 376 263 3 3 820 1 2 4 32 29 4 3 102 941 17 69 6 2 13
