28875 10116 11556 1501 1226 1998 12313 15328 44 747 22 1791 1 0 0 1 0 1 0 0 83 29 1 2 14 0 2 1 8340 5480 299 106 79 3 0 0 1 4 1 1 1142 1 3 0 0 1 1 14 11 6 276 774 1337 2341 922 230 21 0 0 0 2 50 6 1 4 1 181 7 8 102 84 111 57 7 17 9 14 0 57 3 344 5 1017 197 411 71 17 43 18 3 7 507 355 9 2 85 58 1929 25 3 3 1 12 14 2 26 2 0 13 2 24 32 0 0 0 0 0 0 0 0 3 0 1 0 0 0 0 0 0 0 0 0 1 13 0 8 0 0 16 3 0 2 0 2 3 0 0 0 0 1 0 1 0 2 0 0 14 4 11 4 2 1 0 0 1 0 0 0 0 0 0 0 1 1 0 0 2 1 0 0 9 21 7 1 0 12 5 1 5 0 3 1 0 0 7 3 2 0 0 0
10116 16557 7662 5201 1118 1586 1256 1739 30 115 14 1084 1 1 2 0 2 4 1 1 185 63 0 1 13 1 2 0 644 2592 369 20 27 5 0 0 0 8 1 0 1103 2 3 1 1 2 0 13 13 1 169 384 314 597 334 205 21 1 0 0 5 44 7 1 2 0 213 12 7 71 75 69 24 7 17 12 14 1 58 2 220 2 719 156 737 130 5 38 14 2 7 328 222 18 11 31 94 173 57 13 8 1 64 49 1 116 3 5 28 28 117 105 0 0 0 0 0 0 3 0 5 0 0 1 2 0 0 0 0 0 2 0 12 42 0 25 1 0 24 2 1 1 2 10 10 0 0 0 3 0 1 2 1 2 0 0 4 10 5 1 4 2 0 1 3 0 1 0 0 0 4 1 0 0 0 1 0 0 0 0 37 37 5 0 0 16 2 0 2 0 11 1 0 0 31 5 4 0 0 1
11556 7662 25241 2476 198 1727 849 8081 90 11072 77 13066 0 3 4 3 0 3 2 0 414 126 3 2 28 0 0 0 568 180 64 15 55 6 0 0 0 16 0 8 1878 6 2 2 3 1 1 28 18 6 262 668 591 958 692 355 43 4 1 0 8 82 3 0 1 4 313 13 16 140 124 164 63 12 26 9 36 0 92 5 345 4 1188 228 1230 223 20 51 35 3 16 668 370 20 15 61 215 247 101 13 30 1 188 135 6 283 28 30 120 65 304 346 1 3 1 2 1 0 2 3 4 0 2 5 3 0 1 0 0 1 4 1 33 111 0 67 0 0 66 9 1 3 1 21 10 0 1 0 3 1 2 3 0 6 0 1 14 8 9 3 7 4 1 2 7 3 0 0 0 1 3 5 0 1 1 2 1 1 1 1 114 85 10 1 3 65 1 0 6 2 19 1 1 0 98 14 14 1 0 1
1501 5201 2476 12510 5941 14668 557 532 25 135 40 5708 0 1 2 0 0 2 2 1 177 93 1 2 12 0 0 0 388 1114 1382 74 58 1 0 0 0 3 0 1 416 0 1 0 0 4 0 4 5 0 61 138 119 234 128 87 14 2 0 0 2 18 1 1 1 2 107 3 9 28 21 121 32 3 12 6 19 0 62 1 84 0 366 87 492 93 6 13 8 1 2 125 78 6 3 50 111 97 67 6 23 4 76 53 4 121 8 13 55 26 125 131 2 1 0 1 0 0 4 0 6 0 2 1 0 0 0 0 0 1 2 0 12 61 0 20 0 0 16 2 0 1 1 9 7 0 0 0 4 1 3 0 0 3 0 0 3 8 4 0 4 1 3 2 5 0 0 0 1 0 4 2 0 1 0 1 0 1 1 0 51 30 9 1 0 31 1 0 2 1 8 0 0 2 61 8 5 0 0 0
1226 1118 198 5941 10633 10455 533 130 61 53 41 6240 0 5 7 0 1 3 0 0 556 347 8 2 50 1 4 5 1990 6927 4844 2091 1384 26 0 0 10 14 3 6 725 4 17 1 1 10 3 69 7 7 91 201 300 633 260 142 1345 59 1 4 8 99 55 9 45 1 570 21 136 48 37 837 469 10 226 18 54 0 611 1 109 1 592 127 830 202 28 18 17 2 15 162 127 9 22 2384 185 317 152 49 11 3 47 47 3 92 5 7 30 18 94 111 1 0 1 0 0 0 3 2 7 1 1 4 3 0 0 0 0 1 5 0 15 53 0 36 1 0 51 3 1 2 0 16 8 0 0 0 3 1 2 0 0 4 0 0 4 13 5 3 8 0 0 1 9 2 1 0 0 0 6 0 1 0 0 6 4 1 5 0 59 55 20 0 2 41 0 0 1 2 21 1 1 4 29 7 9 2 0 4
1998 1586 1727 14668 10455 13551 692 561 146 614 1672 23089 1 1 4 1 0 3 1 0 542 315 7 1 34 3 4 1 647 1249 1495 2324 700 11 0 0 2 9 4 5 689 6 7 0 0 0 6 13 7 0 62 150 201 355 148 115 62 30 1 0 2 22 8 2 12 0 147 8 28 31 29 519 214 17 75 6 63 1 267 2 72 1 462 84 781 167 16 20 17 2 2 132 88 3 11 505 442 177 152 10 32 6 175 128 7 282 18 35 117 59 294 333 3 0 0 0 0 2 3 1 11 1 3 3 6 0 2 0 0 0 8 0 26 100 0 64 0 0 70 14 2 1 3 16 17 0 0 0 1 1 8 1 0 7 0 1 4 14 3 1 11 5 3 6 9 1 0 0 0 0 6 3 0 1 0 5 3 0 3 0 136 81 15 0 0 74 0 0 2 1 19 4 0 3 111 17 15 2 0 2
12313 1256 849 557 533 692 4892 5302 1695 1354 223 827 7 0 0 0 0 1 6 1 24 10 0 0 3 0 0 0 3127 885 167 54 38 2 1 0 1 2 0 0 105 0 2 0 8 8 0 4 1 7 57 160 896 1106 323 23 9 0 0 0 0 4 0 1 1 2 31 0 2 16 12 108 47 22 5 2 124 6 113 0 53 8 182 45 40 16 4 19 14 6 2 61 75 1 2 50 538 4653 8 2 0 0 8 0 0 9 2 2 7 8 22 15 0 0 0 0 0 1 2 0 1 0 0 0 0 0 0 0 0 0 1 0 1 8 0 2 0 0 6 2 0 0 0 0 1 0 0 0 0 1 0 0 1 0 0 0 6 3 3 0 0 0 0 1 2 0 0 0 0 0 0 0 0 0 0 0 0 0 3 0 9 5 2 0 1 2 0 0 2 0 0 1 0 0 9 2 0 0 0 0
15328 1739 8081 532 130 561 5302 18934 1515 21074 1692 2454 2 1 2 0 1 0 1 0 15 11 0 1 5 0 0 0 1181 114 24 12 12 3 2 0 2 7 0 0 468 1 4 0 1 5 0 5 3 3 222 565 1334 1798 823 84 10 0 0 0 1 21 2 0 1 1 107 2 9 79 55 41 35 11 9 4 40 0 49 5 222 2 679 114 111 31 9 34 13 3 5 261 247 6 6 16 262 1219 9 4 4 0 4 4 1 15 6 6 16 16 42 13 0 0 0 0 0 0 0 0 0 0 1 0 0 0 0 1 0 1 0 0 1 2 0 2 0 0 5 0 0 1 0 1 0 0 0 0 0 0 0 0 0 0 0 0 14 2 15 4 1 0 1 0 0 0 0 0 0 0 0 0 0 0 1 0 1 1 0 0 9 9 2 0 0 8 0 0 0 0 1 1 0 0 7 5 1 0 0 0
44 30 90 25 61 146 1695 1515 2964 3213 1074 1344 41 1 0 0 0 1 14 0 8 12 0 0 3 0 0 0 347 15 12 19 44 2 0 0 0 4 0 0 19 0 0 3 43 43 0 3 1 48 16 39 341 255 85 3 0 3 0 0 1 1 0 0 0 37 9 3 3 4 6 459 126 100 13 0 879 23 384 9 24 39 38 12 4 0 3 99 43 51 14 19 18 2 4 25 4340 1595 5 2 2 1 8 16 0 23 3 2 19 11 42 34 0 0 1 0 0 1 1 0 3 0 0 2 0 0 0 0 0 1 2 0 3 8 0 9 0 0 14 3 0 0 1 3 4 0 0 0 1 3 0 0 1 2 0 1 1 4 1 2 0 0 1 0 1 1 0 0 0 3 2 0 0 0 1 3 3 1 17 1 20 16 4 0 1 8 0 1 5 0 2 3 1 0 10 1 2 0 0 1
747 115 11072 135 53 614 1354 21074 3213 20258 9794 16366 3 0 1 2 1 2 4 0 31 17 1 1 3 1 0 0 579 41 18 17 79 3 0 0 1 0 0 1 181 1 1 0 9 8 1 1 1 7 121 314 851 991 446 49 6 1 1 0 1 18 1 0 3 2 72 6 0 51 29 505 73 19 14 4 175 5 192 1 125 6 333 69 72 20 10 20 9 6 3 142 145 7 5 18 4656 1331 18 3 51 5 106 62 2 171 38 64 174 143 315 199 0 0 0 0 0 1 2 1 3 0 3 1 0 0 1 0 1 2 5 1 8 50 0 24 0 0 28 5 1 0 1 5 6 1 1 0 0 3 2 3 0 1 0 0 12 8 4 1 10 0 8 3 3 0 0 1 0 1 1 0 1 0 0 2 2 0 1 0 80 38 8 1 2 38 0 0 1 0 8 0 0 0 101 38 4 1 0 0
22 14 77 40 41 1672 223 1692 1074 9794 12690 10981 1 0 1 0 0 1 1 0 54 33 3 0 2 0 0 0 59 20 11 17 81 1 0 0 1 2 0 0 40 0 0 1 0 3 0 1 0 2 3 10 81 63 28 3 3 0 0 0 0 2 0 1 2 0 5 0 1 1 0 655 88 3 8 0 64 0 213 0 7 0 17 4 27 5 1 3 2 0 0 4 6 0 1 17 1792 232 14 1 20 0 74 58 3 123 17 14 55 54 173 145 1 0 0 1 0 0 2 0 1 0 1 0 0 0 0 0 0 0 7 0 11 52 0 13 0 0 22 2 0 0 1 5 9 0 0 0 0 0 1 0 0 3 0 0 2 9 0 0 4 1 2 4 2 0 0 0 0 0 2 2 0 0 0 0 5 0 2 0 53 37 4 0 0 22 0 0 0 1 6 0 0 0 60 13 4 2 0 0
1791 1084 13066 5708 6240 23089 827 2454 1344 16366 10981 72327 2 6 2 2 1 5 2 3 1024 700 14 4 61 3 2 1 657 1125 1057 1161 5080 27 0 0 6 24 2 12 992 2 9 1 2 10 8 23 7 5 75 172 265 376 209 162 64 36 0 1 4 42 14 4 21 1 205 14 72 46 33 4054 1110 28 180 22 499 2 1569 0 97 3 555 80 1170 215 23 15 16 1 6 170 97 10 9 617 4274 639 271 19 133 16 691 471 24 1072 72 121 481 266 1224 1312 8 3 1 1 3 1 20 1 34 2 5 17 11 0 3 1 0 6 24 0 109 405 0 212 1 1 198 27 3 6 12 52 59 2 2 0 9 3 10 0 0 26 0 3 22 66 10 1 40 18 17 16 24 2 1 1 0 1 19 4 1 0 0 5 12 1 5 1 441 309 48 4 1 280 0 0 1 6 79 3 1 10 443 74 46 4 1 24
1 1 0 0 0 1 7 2 41 3 1 2 10819 0 1 5 48 148 11294 437 0 0 0 3 2 0 0 7 0 0 0 0 13 1 1 0 9 1724 8 0 4 0 10 6450 2935 5579 0 9 0 179 1 31 3 4 0 0 1 0 0 0 6 8 4 3 5 1943 1 1 11 1 6 56 672 2920 0 12 710 279 746 40 23 177 0 0 0 0 1 217 92 108 128 2 1 0 9 0 308 41 0 0 1 1 2 0 1 2 0 0 2 0 2 3 34 142 337 11 0 137 6 1468 109 1123 30 0 0 0 0 9 3 167 0 1 0 1 1 27 5 0 47 39 419 3 266 0 0 6 170 33 71 1697 0 2 11 1 0 17 2 0 0 2 0 0 0 1 4 2 133 30 8 197 1 0 2 1 12 240 1 6 293 46 3 20 192 0 27 11 1 10 9 0 0 49 2 0 4 0 0 0 1 0
0 1 3 1 5 1 0 1 1 0 0 6 0 12313 6296 693 365 136 21 31 110 186 96 940 34 26 1449 1733 6 15 24 85 139 733 7297 1770 1012 245 148 1372 194 67 741 16 1 20 4059 63 36 1 3 4 14 12 3 1 35 433 954 324 31 120 256 290 842 1 33 819 478 43 17 9 79 34 747 22 6 0 30 1 8 0 11 3 30 8 24 3 15 1 26 90 6 22 215 131 1 0 27 93 1 4 9 4 5 10 0 1 2 0 5 4 37 15 0 33 4 129 80 29 362 183 165 11 10 1 11 4 3 5 4 1 4 24 1 60 20 12 254 96 4 48 1 3 6 3 0 1 111 12 44 2 0 3 0 0 2 2 0 0 4 1 0 0 3 29 1 5 0 0 8 5 3 1 0 5 4 0 3 2 21 137 91 6 1 34 0 1 3 0 6 2 2 6 9 1 10 1 3 13
0 2 4 2 7 4 0 2 0 1 1 2 1 6296 19719 14168 474 3328 93 588 172 374 350 641 72 56 1670 8368 7 11 13 44 78 207 875 47 1140 175 1206 430 684 189 632 14 0 43 529 176 129 8 3 6 10 5 7 3 21 130 133 52 144 278 396 303 3512 3 22 184 2148 111 78 8 79 43 349 59 10 0 39 0 38 1 10 4 42 28 21 43 50 3 70 360 32 144 371 54 2 0 43 46 3 2 7 7 6 8 0 6 6 1 9 19 78 40 8 55 8 136 130 82 578 294 244 9 20 5 10 9 5 21 12 7 11 22 1 68 45 21 294 170 27 124 38 3 11 11 1 0 157 44 108 5 3 2 1 2 3 12 1 0 4 4 2 4 13 50 2 10 2 2 12 11 4 3 2 14 7 0 19 9 24 175 134 12 5 70 1 0 5 10 20 10 11 3 32 3 8 10 0 55
1 0 3 0 0 1 0 0 0 2 0 2 5 693 14168 16213 399 3495 2789 1621 42 64 59 246 10 16 199 6399 5 3 7 10 69 204 20 3 334 558 2139 53 374 179 240 2 9 50 11 132 275 11 5 1 1 2 1 1 4 9 5 6 428 254 34 36 933 11 9 18 1013 275 124 2 55 25 93 85 2 2 7 0 53 2 0 1 5 1 5 60 93 10 86 677 78 444 377 21 2 0 6 15 0 1 1 0 0 1 0 0 0 0 0 5 71 157 33 36 1 270 24 609 305 1494 92 2 0 3 3 7 1 113 0 0 1 3 0 8 54 13 58 52 223 50 141 0 5 2 3 5 144 137 29 5 10 0 0 8 0 0 1 2 0 0 0 1 1 26 7 16 10 3 2 2 2 1 5 28 2 3 16 3 7 45 71 1 3 26 0 2 21 2 2 16 0 0 7 0 4 0 0 2
0 2 0 0 1 0 0 1 0 1 0 1 48 365 474 399 1348 280 276 1710 71 226 82 25 37 16 16 34 4 2 2 4 18 18 6 2 499 676 132 139 107 20 40 13 12 106 62 22 11 2 2 1 0 6 4 4 6 10 8 1 152 20 12 8 68 3 13 12 267 8 5 4 30 118 24 62 2 1 8 0 3 3 6 2 22 12 5 10 25 0 14 41 6 3 23 7 1 0 18 1 3 10 5 5 5 9 1 20 3 3 6 9 108 27 3 85 3 86 120 22 641 165 169 17 25 3 25 9 7 19 9 7 14 20 1 50 73 31 259 177 14 231 13 6 13 13 3 2 187 25 153 4 4 2 0 0 0 11 0 0 8 7 4 3 2 78 0 9 2 3 20 9 7 12 3 8 6 1 8 2 24 163 135 15 1 86 0 0 1 7 18 3 9 2 44 5 17 12 1 74
1 4 3 2 3 3 1 0 1 2 1 5 148 136 3328 3495 280 16033 6162 1102 22 63 52 2248 29 35 679 863 5 6 20 4 161 114 38 2 400 1776 4265 82 710 517 2627 50 21 2440 25 117 196 8 5 8 3 7 2 0 32 10 2 2 2374 267 45 563 724 181 21 46 1388 189 148 6 187 223 39 95 25 3 18 0 76 1 7 8 13 15 18 70 118 7 118 744 57 231 416 16 34 4 19 12 0 5 0 0 3 2 0 5 0 0 1 3 349 1337 959 114 20 719 32 2961 558 5448 157 3 1 3 1 99 32 1965 12 1 4 6 8 136 34 7 146 256 2043 21 3146 1 6 18 78 174 356 2389 8 11 27 2 1 21 1 0 0 0 0 0 0 1 31 9 290 270 60 106 2 0 21 1 30 808 8 5 74 9 16 56 214 5 19 44 1 2 27 0 2 29 12 9 5 4 1 0 1 4
0 1 2 2 0 1 6 1 14 4 1 2 11294 21 93 2789 276 6162 47747 8166 48 104 29 369 18 24 231 114 2 4 1 0 26 19 40 0 112 2334 100 220 164 44 299 5933 1890 5583 26 66 37 318 1 38 1 4 0 0 7 1 0 0 375 51 40 107 55 580 8 13 259 40 45 11 334 7440 12 236 113 515 88 66 49 282 4 0 17 8 5 364 258 220 277 109 10 43 103 3 93 15 7 2 4 12 1 4 7 7 3 29 3 2 7 6 490 1178 557 247 15 2943 207 5003 3327 16792 1008 14 19 23 21 41 28 912 15 13 5 28 7 95 315 117 828 430 1479 382 928 3 13 30 53 190 1810 920 169 12 22 7 2 22 1 4 1 4 3 5 6 0 10 179 57 104 29 78 16 12 15 12 27 287 5 8 373 63 70 473 1957 21 54 297 3 10 28 5 7 66 14 8 69 10 13 8 9 62
0 1 0 1 0 0 1 0 0 0 0 3 437 31 588 1621 1710 1102 8166 5008 59 199 96 63 17 29 54 46 0 1 0 1 12 8 30 0 142 359 309 246 174 60 65 81 58 481 50 41 24 12 2 3 0 4 3 2 4 0 1 0 505 37 14 12 111 40 14 23 654 16 10 1 26 393 10 91 3 19 7 2 11 6 12 5 21 9 5 17 30 6 32 82 10 15 38 2 1 0 17 1 3 3 4 4 8 5 1 25 1 0 8 12 258 81 15 118 14 257 137 115 1102 758 267 24 29 21 35 19 20 58 26 10 10 15 2 45 178 78 278 225 24 355 35 1 16 25 3 4 365 78 204 6 3 0 0 1 2 9 0 0 8 6 0 2 4 146 14 23 5 11 11 26 5 13 2 27 6 2 24 3 27 179 287 20 2 123 1 1 3 7 18 10 21 2 36 5 21 12 5 100
83 185 414 177 556 542 24 15 8 31 54 1024 0 110 172 42 71 22 48 59 6353 11204 1098 143 583 202 65 21 78 198 279 131 838 387 19 3 79 433 9 494 1467 76 141 5 1 16 178 70 55 2 12 6 14 44 12 389 92 81 10 5 30 135 82 7 53 2 96 196 122 58 36 207 824 50 505 46 19 0 196 0 22 0 269 22 3601 179 208 8 42 2 44 190 21 66 137 808 43 23 995 87 0 0 5 1 3 10 0 4 0 0 12 8 1 0 0 4 2 0 16 2 36 5 18 1 2 1 2 0 0 0 3 0 7 16 0 25 0 0 63 21 0 8 1 0 3 1 0 0 16 4 10 1 2 1 0 1 0 2 0 1 0 1 1 0 3 0 0 0 0 0 0 1 0 0 3 3 0 0 1 3 17 38 26 3 2 30 0 0 2 1 3 4 0 2 5 0 2 1 0 7
29 63 126 93 347 315 10 11 12 17 33 700 0 186 374 64 226 63 104 199 11204 35514 3040 789 6299 1795 309 34 136 202 204 167 1376 857 46 8 184 1055 23 3534 1259 584 865 33 7 70 685 319 387 12 12 25 31 68 44 122 180 103 34 7 152 613 363 47 88 20 365 543 368 450 154 256 1641 97 777 240 32 1 353 1 67 0 488 60 3758 1375 646 73 179 17 222 561 82 380 1082 984 48 16 4560 136 3 1 3 9 4 11 0 4 4 3 7 14 5 5 0 11 2 10 44 4 138 17 45 4 8 1 1 1 0 1 5 0 7 26 0 42 4 3 136 54 2 16 3 2 5 3 3 0 48 22 15 1 20 1 0 5 2 5 0 1 2 0 1 1 1 7 2 5 4 3 3 1 0 0 11 22 1 5 54 10 28 92 84 2 16 36 1 7 17 0 2 38 6 2 7 0 3 2 0 12
1 0 3 1 8 7 0 0 0 1 3 14 0 96 350 59 82 52 29 96 1098 3040 5717 3292 195 5079 716 7 8 10 13 10 99 109 55 4 44 171 13 2837 3771 1930 728 3 3 24 135 83 216 3 1 7 1 4 3 2 22 3 11 1 41 194 37 15 15 6 40 89 55 117 103 11 145 1 45 56 5 0 11 0 57 0 13 9 44 28 52 38 75 3 68 636 40 131 321 24 4 1 37 5 0 0 0 0 0 0 0 0 0 0 0 1 0 0 1 1 0 5 5 1 25 3 6 1 0 0 0 0 0 0 1 0 0 1 0 1 0 0 10 7 1 3 0 0 0 0 1 0 4 3 1 1 4 1 0 2 0 0 1 2 0 0 0 0 0 0 0 0 1 1 0 0 0 0 3 3 0 1 13 1 1 3 7 0 1 1 1 2 10 0 1 14 1 0 0 0 0 1 0 0
2 1 2 2 2 1 0 1 0 1 0 4 3 940 641 246 25 2248 369 63 143 789 3292 8112 152 5354 11864 1768 18 12 32 2 23 77 816 11 44 106 183 2918 1160 2947 1635 8 2 424 225 73 179 6 7 6 6 12 4 4 58 50 91 13 211 168 128 393 253 5 72 438 185 102 104 3 37 17 102 59 3 0 9 0 62 0 9 7 34 19 77 44 60 8 62 560 39 97 319 36 2 0 27 41 0 0 0 0 0 0 0 0 1 0 0 1 4 10 11 4 0 13 6 115 26 44 11 0 1 0 0 0 0 10 0 0 2 0 1 4 1 0 27 9 49 7 35 1 0 1 1 0 9 50 1 1 2 0 0 2 0 0 0 2 0 0 0 0 0 1 5 1 2 3 0 0 0 0 1 13 0 1 15 3 1 5 13 0 3 2 0 2 8 0 0 12 1 0 0 1 0 0 0 1
14 13 28 12 50 34 3 5 3 3 2 61 2 34 72 10 37 29 18 17 583 6299 195 152 9491 143 55 9 65 26 113 13 110 54 13 1 22 197 16 1853 418 141 616 11 5 82 1128 235 96 7 16 39 47 153 76 103 403 10 23 3 129 513 463 82 44 13 858 634 199 255 72 25 259 16 104 213 13 0 67 0 38 1 530 282 1834 1816 2464 20 99 9 189 191 47 122 795 118 16 4 3968 260 0 0 1 0 2 1 1 1 1 0 0 1 0 0 0 2 1 4 16 4 43 3 13 2 0 0 0 1 0 0 0 0 1 8 0 9 1 0 34 17 0 3 1 1 1 2 1 0 9 8 4 4 4 1 0 4 2 0 0 2 0 0 0 0 0 2 0 3 3 0 1 1 0 0 8 12 0 2 29 1 4 22 22 1 8 7 0 2 15 2 0 25 3 0 2 0 1 0 0 1
0 1 0 0 1 3 0 0 0 1 0 3 0 26 56 16 16 35 24 29 202 1795 5079 5354 143 3095 529 17 1 3 2 2 12 21 20 0 4 58 6 6235 622 481 581 1 2 17 45 28 79 2 0 3 1 4 2 2 20 1 3 0 20 73 25 7 3 1 25 30 18 39 29 3 32 2 9 29 2 0 5 0 13 0 5 5 20 12 22 9 32 1 33 194 16 60 166 7 1 0 25 3 0 0 0 0 0 0 0 0 0 0 1 0 0 0 0 2 0 1 6 1 11 3 10 2 1 0 0 0 0 0 0 0 1 0 0 1 1 1 9 1 0 1 1 0 0 0 0 1 5 2 0 1 1 0 0 2 0 1 0 1 0 0 0 0 0 1 1 0 2 1 1 0 0 0 2 3 0 3 7 1 1 5 2 0 4 2 0 0 5 0 0 6 0 0 0 0 0 0 0 0
2 2 0 0 4 4 0 0 0 0 0 2 0 1449 1670 199 16 679 231 54 65 309 716 11864 55 529 20325 10128 9 17 39 12 25 97 3972 6 58 84 54 4408 538 398 1837 7 6 92 104 85 132 1 1 3 2 9 2 2 66 84 56 29 58 157 296 1006 644 2 47 277 198 83 52 2 34 6 324 52 1 0 7 0 27 0 15 8 23 23 37 25 40 3 48 273 9 78 325 63 0 0 22 49 0 0 0 2 0 0 0 0 0 0 0 1 12 51 18 2 1 37 9 360 31 180 16 0 0 0 0 1 1 52 0 0 0 1 0 5 1 0 21 26 179 1 95 0 0 2 2 0 9 110 3 1 6 1 0 1 0 0 0 0 0 0 0 0 2 1 5 5 1 0 0 0 0 0 1 26 0 2 7 2 1 5 6 0 3 3 0 0 2 0 0 12 0 1 0 0 0 0 0 1
1 0 0 0 5 1 0 0 0 0 0 1 7 1733 8368 6399 34 863 114 46 21 34 7 1768 9 17 10128 10590 8 9 43 43 82 282 622 4 118 107 2813 174 74 27 882 0 2 292 28 44 24 1 1 4 3 6 0 2 46 96 29 47 176 69 132 2766 2325 3 19 119 920 34 21 9 32 13 473 16 1 0 4 0 12 0 7 1 5 7 17 6 9 2 18 91 12 32 70 95 1 0 11 71 0 1 1 0 0 0 0 0 0 0 0 0 86 291 105 21 3 196 18 1625 98 840 15 0 1 0 0 16 6 345 1 0 1 2 1 38 2 2 48 75 708 1 600 0 0 4 5 16 37 715 1 0 5 1 1 1 0 0 0 0 2 0 0 1 8 4 39 30 5 9 1 1 2 0 5 149 1 2 14 3 1 15 21 0 2 10 0 1 4 0 0 1 3 0 0 0 0 0 0 1
8340 644 568 388 1990 647 3127 1181 347 579 59 657 0 6 7 5 4 5 2 0 78 136 8 18 65 1 9 8 31430 9298 1377 131 207 29 3 0 6 25 3 14 283 12 57 1 5 22 18 168 19 9 128 336 2345 14586 914 71 1007 18 2 0 46 302 231 23 70 2 6427 50 167 119 29 134 159 15 327 58 21 0 133 4 100 3 715 392 156 52 155 22 60 4 62 144 114 35 154 890 215 3669 93 192 6 1 4 5 1 9 0 0 5 1 15 21 0 0 1 0 0 0 1 0 5 2 1 3 1 0 0 1 0 0 0 1 0 16 0 6 0 0 24 7 0 1 1 3 3 0 1 0 1 8 1 0 1 0 0 2 7 3 11 1 0 0 0 0 1 0 0 2 2 0 2 0 0 0 2 2 0 6 8 0 30 25 9 0 4 15 0 0 5 0 1 5 1 2 1 1 0 0 0 0
5480 2592 180 1114 6927 1249 885 114 15 41 20 1125 0 15 11 3 2 6 4 1 198 202 10 12 26 3 17 9 9298 15748 7570 185 370 36 2 0 6 21 5 10 528 8 36 2 3 11 5 93 11 2 153 319 717 1788 500 117 3489 38 0 4 24 174 142 17 103 0 736 32 226 80 45 246 180 3 699 43 22 0 187 4 154 0 678 178 460 102 42 26 37 1 18 236 207 13 67 3516 76 794 103 279 5 1 50 32 4 62 3 4 18 8 67 82 1 1 0 0 1 0 1 2 10 0 2 4 1 1 0 0 0 0 4 0 4 33 0 21 0 0 36 4 0 0 1 10 5 2 0 0 1 3 0 0 1 3 0 1 10 3 5 2 2 3 1 0 6 1 3 0 0 0 0 2 0 0 2 2 2 1 12 4 33 38 6 1 4 32 2 0 3 0 10 2 0 1 18 5 2 0 0 1
299 369 64 1382 4844 1495 167 24 12 18 11 1057 0 24 13 7 2 20 1 0 279 204 13 32 113 2 39 43 1377 7570 7025 223 283 180 6 2 17 21 7 40 392 15 168 2 5 36 78 158 21 1 63 127 202 485 185 96 8508 131 8 26 65 319 425 92 271 7 1837 527 357 91 39 162 141 5 1810 79 19 0 111 0 59 0 437 127 568 270 1853 12 31 2 65 120 73 17 259 3346 67 152 419 3851 5 1 24 18 1 37 0 0 15 3 33 49 0 0 1 0 0 0 2 0 5 0 3 2 0 0 0 0 0 0 0 0 2 26 0 18 0 0 23 2 2 0 1 4 8 1 1 0 0 5 1 0 4 3 0 1 10 3 1 1 4 1 0 1 1 0 2 1 0 2 2 0 0 0 7 8 5 1 12 1 24 26 8 0 1 14 0 0 7 0 2 1 1 0 10 2 1 0 0 0
106 20 15 74 2091 2324 54 12 19 17 17 1161 0 85 44 10 4 4 0 1 131 167 10 2 13 2 12 43 131 185 223 2977 4378 1507 7 2 113 53 22 7 79 2 3 0 1 5 14 43 2 0 9 23 36 54 23 16 33 4249 22 111 9 50 28 10 148 1 32 58 318 13 10 429 334 2 2737 23 12 0 187 0 10 2 43 10 104 15 5 12 7 0 1 24 14 2 13 3876 66 38 29 113 6 1 14 16 2 28 0 2 8 5 39 43 0 0 0 0 0 1 3 1 2 2 0 1 3 0 0 0 0 1 0 0 5 17 0 20 0 0 12 3 1 0 0 0 1 0 0 0 1 1 0 0 0 4 0 1 1 2 0 0 2 0 0 0 2 0 1 1 0 1 0 2 0 0 0 3 3 0 5 1 28 32 8 0 0 14 0 0 2 0 3 0 0 3 16 2 3 0 0 2
79 27 55 58 1384 700 38 12 44 79 81 5080 13 139 78 69 18 161 26 12 838 1376 99 23 110 12 25 82 207 370 283 4378 11441 2997 13 10 145 597 155 38 424 17 45 1 4 90 37 207 20 2 25 102 83 124 82 36 133 2445 18 52 180 230 60 13 369 3 179 164 1319 49 28 3483 2205 119 6142 183 36 0 604 0 55 0 144 41 299 94 75 18 54 0 29 106 46 18 63 4810 241 60 160 199 9 3 62 32 4 88 4 18 18 11 72 89 20 8 7 7 7 8 29 19 91 31 25 19 17 2 8 2 2 13 8 3 19 113 0 103 5 3 236 57 18 15 14 15 25 6 6 1 37 30 23 1 5 17 0 1 6 18 1 2 12 8 2 4 13 4 3 2 3 2 8 4 2 2 5 21 6 0 15 5 106 236 90 5 8 148 0 1 7 1 19 2 4 10 42 3 17 3 1 26
3 5 6 1 26 11 2 3 2 3 1 27 1 733 207 204 18 114 19 8 387 857 109 77 54 21 97 282 29 36 180 1507 2997 4598 273 1189 1384 979 210 50 216 38 88 1 2 15 593 75 13 0 4 15 31 33 33 4 108 3133 1136 3317 99 112 101 45 644 2 88 1474 974 12 21 63 310 44 3344 79 13 0 40 0 14 1 40 16 100 36 37 14 20 1 14 71 13 18 53 299 1 2 73 452 1 2 5 3 5 9 0 4 3 0 5 11 5 10 4 3 2 8 29 10 76 22 20 3 4 0 2 1 0 9 6 1 9 24 0 48 5 4 141 52 10 15 20 4 4 1 0 1 21 21 12 1 0 3 0 0 2 3 1 0 1 1 0 0 7 10 0 4 0 0 3 4 2 1 0 7 2 0 6 3 27 107 41 4 1 36 0 0 3 1 4 3 0 0 7 1 5 1 1 16
0 0 0 0 0 0 1 2 0 0 0 0 1 7297 875 20 6 38 40 30 19 46 55 816 13 20 3972 622 3 2 6 7 13 273 2856 205 299 78 8 534 122 36 372 10 2 8 459 38 11 1 0 1 2 4 0 0 13 58 536 52 20 63 152 227 359 1 13 80 161 9 8 1 27 2 109 18 1 0 8 0 8 0 1 2 4 2 4 0 9 1 18 47 3 13 89 16 0 0 2 13 1 0 0 1 0 1 0 1 1 0 0 1 13 3 0 10 1 72 11 15 140 109 70 1 3 0 0 0 0 2 0 0 1 3 0 6 6 4 49 19 4 17 2 0 3 2 0 0 32 4 14 1 1 0 0 0 0 0 0 1 0 0 1 0 2 11 0 1 1 0 1 0 0 1 2 1 0 0 3 0 4 15 13 0 1 11 0 0 0 3 0 3 0 0 2 4 2 0 0 3
0 0 0 0 0 0 0 0 0 0 0 0 0 1770 47 3 2 2 0 0 3 8 4 11 1 0 6 4 0 0 2 2 10 1189 205 624 685 102 3 9 4 2 13 0 0 1 364 1 1 0 0 1 1 0 0 0 2 131 908 313 3 0 4 2 5 0 0 215 10 0 1 1 1 1 45 0 0 0 2 0 0 0 0 0 3 1 3 0 1 0 1 1 0 0 6 2 0 0 0 9 0 0 0 0 0 1 0 0 0 0 0 0 1 0 0 0 0 0 2 0 4 0 0 0 0 0 0 0 0 1 0 0 0 0 0 2 0 0 3 2 0 0 0 0 0 0 0 0 3 0 0 0 0 0 0 0 0 0 0 0 0 0 0 0 0 0 0 0 0 0 0 0 0 0 0 0 0 0 0 0 0 1 0 0 0 0 0 0 0 0 0 0 0 0 0 0 0 0 0 0
1 0 0 0 10 2 1 2 0 1 1 6 9 1012 1140 334 499 400 112 142 79 184 44 44 22 4 58 118 6 6 17 113 145 1384 299 685 2436 2802 168 58 90 7 62 5 2 160 571 19 9 0 1 3 9 4 8 1 15 526 538 683 337 29 40 32 169 3 22 775 546 9 3 8 54 42 745 58 2 0 20 0 2 0 5 2 20 4 15 5 13 0 17 22 3 11 47 78 1 0 18 80 0 0 3 3 5 6 1 7 2 0 0 6 23 16 2 14 7 24 43 32 160 64 44 8 5 2 3 2 0 15 2 1 10 18 0 20 13 6 140 45 12 28 12 3 7 1 1 1 41 27 29 1 1 2 0 2 1 3 0 0 5 2 0 2 4 12 6 1 0 0 6 4 1 3 2 8 2 0 2 1 16 78 69 4 0 40 0 0 1 2 5 0 2 0 6 0 8 1 3 16
4 8 16 3 14 9 2 7 4 0 2 24 1724 245 175 558 676 1776 2334 359 433 1055 171 106 197 58 84 107 25 21 21 53 597 979 78 102 2802 13501 664 391 359 74 307 969 708 3209 365 425 54 112 9 39 40 35 23 17 37 206 138 152 1401 270 137 45 541 232 93 347 3165 40 68 22 3584 2526 417 1193 40 117 66 15 30 80 57 20 147 67 62 169 463 82 399 128 19 36 252 75 32 4 145 48 15 17 10 18 22 28 3 88 12 2 31 44 236 98 69 149 40 373 436 411 1966 1254 605 64 74 28 52 26 15 79 44 24 48 131 4 310 171 50 1404 610 134 403 135 18 52 43 34 14 772 408 340 9 21 10 1 12 14 27 1 5 23 28 9 7 32 124 47 33 13 47 66 50 21 16 9 152 21 0 222 48 139 969 1135 51 39 442 1 7 20 37 42 48 24 33 148 15 61 28 24 214
1 1 0 0 3 4 0 0 0 0 0 2 8 148 1206 2139 132 4265 100 309 9 23 13 183 16 6 54 2813 3 5 7 22 155 210 8 3 168 664 14804 14 214 203 509 1 6 128 8 40 53 4 1 5 1 1 0 0 25 27 4 6 2635 95 38 493 8933 6 10 26 6417 50 43 8 124 3 128 60 2 0 2 0 28 1 0 2 5 3 7 23 35 5 35 174 7 32 140 32 0 0 4 20 0 3 0 0 0 0 0 1 0 0 0 2 58 244 154 22 3 117 10 794 59 504 12 0 0 1 0 24 8 335 5 0 1 3 3 39 6 0 30 57 398 3 581 0 0 7 14 11 21 751 0 1 3 1 0 2 0 0 0 0 0 0 0 1 6 1 99 67 14 15 0 0 11 0 4 261 0 2 24 4 4 7 15 0 3 5 0 0 6 0 0 7 1 4 2 1 0 0 1 1
1 0 8 1 6 5 0 0 0 1 0 12 0 1372 430 53 139 82 220 246 494 3534 2837 2918 1853 6235 4408 174 14 10 40 7 38 50 534 9 58 391 14 3995 958 400 1020 56 1 23 3446 77 126 4 1 8 8 19 13 9 75 8 138 8 46 132 100 123 66 7 107 1044 91 76 47 7 216 25 59 47 13 0 61 0 30 0 39 12 99 68 290 23 46 4 52 265 26 90 287 29 0 0 102 18 1 1 1 2 4 2 1 2 1 0 0 2 17 2 1 15 3 44 54 9 206 87 139 2 5 1 4 2 0 4 1 0 3 2 1 13 10 1 105 46 7 27 3 1 3 1 1 0 66 6 26 1 5 0 0 0 0 2 0 0 0 1 1 0 0 15 2 2 2 1 4 0 0 1 6 2 2 2 11 1 4 43 41 5 0 19 1 0 6 0 3 6 2 1 3 0 1 0 1 9
1142 1103 1878 416 725 689 105 468 19 181 40 992 4 194 684 374 107 710 164 174 1467 1259 3771 1160 418 622 538 74 283 528 392 79 424 216 122 4 90 359 214 958 4766 2849 1019 15 32 399 170 372 1387 30 803 527 37 97 640 414 150 44 13 6 655 569 130 48 159 57 206 173 714 506 437 224 518 52 343 373 48 1 202 6 588 8 687 135 383 317 221 277 425 24 532 3025 919 333 792 535 61 25 343 128 11 1 31 23 2 39 2 6 17 3 36 66 1 3 5 1 2 7 16 10 25 6 8 9 6 1 3 0 1 8 6 0 19 71 0 55 1 1 107 27 6 8 10 9 8 1 8 1 13 64 7 7 25 4 0 9 10 10 24 15 6 5 5 4 9 1 6 6 4 13 7 3 2 1 14 27 8 11 78 13 70 131 32 4 17 81 5 14 87 1 17 44 8 2 13 2 11 1 1 10
1 2 6 0 4 6 0 1 0 1 0 2 0 67 189 179 20 517 44 60 76 584 1930 2947 141 481 398 27 12 8 15 2 17 38 36 2 7 74 203 400 2849 6722 2717 2 3 433 67 114 1067 10 2 4 4 10 3 6 37 7 12 1 512 232 29 12 87 18 50 101 444 160 155 1 39 10 33 124 4 0 2 0 64 2 16 9 23 26 42 78 123 5 239 744 54 196 654 19 3 0 24 8 0 0 0 0 1 0 0 0 0 0 0 1 0 1 2 0 0 1 2 8 6 3 0 0 0 0 0 0 0 2 1 0 0 0 0 1 0 0 7 3 3 0 3 0 0 0 1 0 2 17 0 1 10 0 0 2 0 0 0 0 0 0 0 0 0 0 3 0 2 4 0 0 1 0 6 5 0 3 26 1 0 1 3 0 5 1 0 3 14 0 0 14 3 0 0 0 0 0 0 0
3 3 2 1 17 7 2 4 0 1 0 9 10 741 632 240 40 2627 299 65 141 865 728 1635 616 581 1837 882 57 36 168 3 45 88 372 13 62 307 509 1020 1019 2717 5108 13 15 2355 394 300 1182 17 6 13 17 65 21 17 268 87 147 14 3251 611 931 5311 1385 66 272 935 2091 280 135 14 92 28 282 359 7 0 12 0 52 0 79 31 137 117 314 68 158 18 1328 623 51 296 2634 97 9 0 149 126 0 0 1 0 0 0 0 0 0 0 0 0 4 7 10 4 1 14 7 78 27 41 9 0 0 0 0 0 0 9 1 0 1 2 0 3 2 0 22 9 31 2 23 0 0 4 9 1 8 137 3 7 15 0 0 10 1 0 0 1 0 0 0 0 1 1 16 6 4 13 1 0 0 0 9 36 0 4 69 11 2 11 10 0 19 3 1 3 25 0 0 35 5 0 1 0 0 0 0 1
0 1 2 0 1 0 0 0 3 0 1 1 6450 16 14 2 13 50 5933 81 5 33 3 8 11 1 7 0 1 2 2 0 1 1 10 0 5 969 1 56 15 2 13 7808 2301 842 16 36 6 616 3 119 1 0 0 0 0 0 0 0 28 19 12 1 3 861 6 2 26 4 9 69 2423 2702 1 54 1356 2890 3481 156 70 643 3 2 4 3 1 850 280 389 182 7 3 2 33 1 47 2 4 0 1 2 2 2 1 3 0 14 1 1 3 4 34 20 16 24 5 152 63 133 472 486 159 6 8 2 2 2 2 15 5 3 2 14 0 15 37 9 199 88 20 47 11 0 11 6 15 2 208 108 39 8 15 1 2 19 9 1 11 11 2 1 1 2 6 19 10 11 9 31 3 5 2 2 14 84 2 6 202 33 23 143 444 2 31 56 6 11 39 4 1 49 5 3 22 2 3 1 0 17
0 1 3 0 1 0 8 1 43 9 0 2 2935 1 0 9 12 21 1890 58 1 7 3 2 5 2 6 2 5 3 5 1 4 2 2 0 2 708 6 1 32 3 15 2301 7561 2049 2 89 19 5061 8 131 5 2 3 0 4 1 0 0 24 78 35 5 12 2869 4 2 30 13 24 66 625 380 4 64 1065 83 841 245 184 1472 1 1 4 0 1 1804 1651 3064 2295 19 7 12 141 4 376 40 0 0 0 3 0 0 1 3 0 2 1 1 0 1 3 7 225 3 1 15 5 84 93 109 13 0 1 3 1 12 0 11 6 0 1 0 3 14 0 0 50 29 20 2 33 0 1 67 476 17 59 3023 3 35 172 1 1 210 16 1 31 42 0 0 0 0 5 3 240 148 44 592 0 4 6 1 120 1135 12 57 3287 593 5 22 25 0 483 30 27 122 413 1 0 696 45 4 14 0 0 0 0 0
1 2 1 4 10 0 8 5 43 8 3 10 5579 20 43 50 106 2440 5583 481 16 70 24 424 82 17 92 292 22 11 36 5 90 15 8 1 160 3209 128 23 399 433 2355 842 2049 6711 28 113 135 57 4 5 14 16 6 5 70 8 11 1 1037 169 102 545 245 3309 59 67 187 100 75 27 812 1034 62 164 385 38 235 2 41 12 31 15 32 18 47 65 147 78 1465 200 20 84 656 45 459 56 25 28 4 16 0 2 15 2 2 10 1 1 10 5 170 648 2337 96 25 224 38 3584 599 2020 109 4 0 2 1 196 23 1460 40 5 13 11 11 184 22 3 196 324 1488 12 3201 0 5 64 1308 176 261 12642 9 16 54 2 2 70 0 1 1 0 0 2 3 4 70 5 1598 430 81 1185 2 1 78 8 32 2461 3 9 1350 212 12 41 414 12 134 60 5 14 62 1 5 170 23 18 30 5 1 1 0 6
1 0 1 0 3 6 0 0 0 1 0 8 0 4059 529 11 62 25 26 50 178 685 135 225 1128 45 104 28 18 5 78 14 37 593 459 364 571 365 8 3446 170 67 394 16 2 28 4145 64 29 4 1 6 16 13 15 6 103 131 973 117 33 128 154 66 52 1 100 1426 86 32 15 7 144 30 295 33 3 0 55 0 5 0 30 20 88 72 543 6 27 2 45 54 8 29 233 60 0 0 109 63 0 1 1 5 2 5 0 3 0 1 2 6 6 2 1 17 5 20 86 3 218 24 97 3 13 2 1 1 0 6 0 1 3 9 0 36 2 0 150 71 4 24 2 0 9 0 0 0 51 7 32 2 1 0 0 0 1 0 0 0 0 1 0 0 2 11 1 1 1 0 4 1 0 0 3 4 0 0 10 1 5 78 46 7 2 12 0 0 2 3 4 7 4 2 10 1 1 1 1 14
14 13 28 4 69 13 4 5 3 1 1 23 9 63 176 132 22 117 66 41 70 319 83 73 235 28 85 44 168 93 158 43 207 75 38 1 19 425 40 77 372 114 300 36 89 113 64 23156 442 823 13 30 18 71 26 12 263 66 11 9 426 11252 2908 383 500 61 319 173 6327 356 543 31 293 16 875 8571 16 1 34 3 163 61 88 46 148 101 190 984 3241 115 742 407 48 309 2103 436 14 1 106 162 4 7 0 2 10 3 0 5 0 0 1 2 5 3 14 8 7 10 8 10 31 26 8 6 0 5 5 15 3 8 18 1 6 3 2 37 6 0 33 12 11 21 17 0 4 106 54 24 37 145 17 294 825 3 4 557 5 3 21 27 0 3 0 1 28 2 19 280 371 74 3 2 35 1 821 757 69 141 1885 224 6 29 25 17 551 42 84 165 1246 1 0 1661 404 7 19 2 1 0 0 10
11 13 18 5 7 7 1 3 1 1 0 7 0 36 129 275 11 196 37 24 55 387 216 179 96 79 132 24 19 11 21 2 20 13 11 1 9 54 53 126 1387 1067 1182 6 19 135 29 442 8807 34 6 6 4 7 3 3 28 1 3 0 250 755 66 14 32 30 73 65 232 678 343 5 25 3 42 375 2 0 1 1 98 8 17 9 41 21 39 194 550 43 407 4202 169 4068 6520 18 7 1 38 13 0 1 1 0 0 0 0 0 0 0 0 0 1 1 1 1 0 0 0 3 4 3 1 0 0 0 0 0 0 1 1 0 0 1 0 3 0 0 4 1 3 1 2 0 0 1 6 0 2 19 0 17 52 0 0 13 0 2 3 10 0 0 0 0 3 0 1 5 10 5 0 0 1 0 28 21 3 18 67 5 2 6 0 1 19 1 7 9 65 0 0 72 11 0 1 0 0 0 0 0
6 1 6 0 7 0 7 3 48 7 2 5 179 1 8 11 2 8 318 12 2 12 3 6 7 2 1 1 9 2 1 0 2 0 1 0 0 112 4 4 30 10 17 616 5061 57 4 823 34 8026 45 1080 7 3 11 0 5 0 0 0 48 1312 183 3 6 1323 11 5 56 211 135 114 165 598 7 367 1630 243 483 1381 582 2625 4 0 4 4 3 4106 3344 5560 1384 43 32 133 393 4 580 31 5 1 0 1 0 1 1 1 0 1 1 0 3 1 2 2 10 1 0 4 0 23 5 17 3 0 0 1 0 3 0 0 4 0 1 0 0 9 2 2 12 3 2 7 8 0 2 32 48 7 15 101 7 183 729 3 1 316 44 5 101 142 3 0 0 0 8 1 12 114 193 76 0 1 15 1 422 508 37 228 1688 173 4 12 7 4 441 27 97 295 1453 0 2 1853 128 0 9 0 1 0 0 3
276 169 262 61 91 62 57 222 16 121 3 75 1 3 3 5 2 5 1 2 12 12 1 7 16 0 1 1 128 153 63 9 25 4 0 0 1 9 1 1 803 2 6 3 8 4 1 13 6 45 12881 12431 46 101 524 52 38 1 1 1 4 23 14 1 6 30 147 15 12 216 19 32 65 43 23 9 32 6 41 233 935 79 95 82 33 77 18 82 21 5 21 4084 6478 12 12 56 13 17 48 34 1 0 1 2 0 6 0 1 1 0 6 3 0 0 0 0 1 1 0 0 4 0 1 1 2 0 0 0 0 1 1 0 1 13 0 10 0 0 20 6 0 1 1 1 1 0 0 0 0 0 3 14 18 2 0 1 461 62 595 266 12 1 0 0 1 1 0 1 1 0 0 0 1 0 2 1 28 58 9 0 15 18 8 0 0 13 35 12 274 0 1 12 8 1 6 0 0 1 0 0
774 384 668 138 201 150 160 565 39 314 10 172 31 4 6 1 1 8 38 3 6 25 7 6 39 3 3 4 336 319 127 23 102 15 1 1 3 39 5 8 527 4 13 119 131 5 6 30 6 1080 12431 10542 137 251 1188 52 78 3 2 0 9 76 19 2 6 565 292 43 18 72 487 102 160 473 59 21 734 160 250 8616 6324 1534 241 146 76 151 68 2941 327 104 70 2837 2642 22 31 103 234 36 82 49 0 0 0 1 1 4 1 5 5 0 17 6 1 1 1 1 1 1 4 1 14 0 1 3 1 1 2 2 0 2 3 1 2 31 0 47 0 0 63 14 0 6 0 3 4 5 7 4 12 3 10 85 114 7 1 33 2494 274 5287 1682 44 2 1 1 6 0 0 9 29 27 0 1 2 0 9 10 255 372 91 3 33 75 66 0 4 78 494 121 2612 0 5 210 43 3 27 2 1 3 2 4
1337 314 591 119 300 201 896 1334 341 851 81 265 3 14 10 1 0 3 1 0 14 31 1 6 47 1 2 3 2345 717 202 36 83 31 2 1 9 40 1 8 37 4 17 1 5 14 16 18 4 7 46 137 9185 7470 7851 11 210 8 4 0 8 53 37 7 25 4 1066 57 46 16 5 98 235 54 80 16 66 2 124 5 30 8 1331 520 37 66 100 9 13 3 7 22 49 7 25 123 182 3784 86 65 3 0 12 15 2 14 1 3 2 6 21 9 1 0 1 0 2 0 8 1 9 1 5 4 1 0 0 0 0 2 1 0 9 29 0 36 0 0 62 18 2 6 2 4 8 0 0 0 7 1 5 0 0 2 0 0 8 2 9 2 1 0 0 3 5 1 0 0 0 0 2 1 1 0 0 0 1 0 0 0 35 77 24 3 0 45 1 0 3 1 4 0 1 0 9 2 0 1 2 2
2341 597 958 234 633 355 1106 1798 255 991 63 376 4 12 5 2 6 7 4 4 44 68 4 12 153 4 9 6 14586 1788 485 54 124 33 4 0 4 35 1 19 97 10 65 0 2 16 13 71 7 3 101 251 7470 17544 1706 25 662 9 4 0 30 178 130 25 48 3 6633 118 100 69 20 85 178 27 214 50 39 1 106 3 53 5 2600 4509 148 280 267 5 36 4 37 72 98 31 123 331 113 1317 298 226 2 0 4 3 0 14 2 2 4 2 6 15 0 0 1 0 1 0 3 0 9 2 3 2 3 0 2 0 0 0 2 0 5 32 0 21 0 0 36 7 0 1 3 3 8 1 1 0 4 3 4 1 1 3 0 2 15 4 13 4 2 1 0 0 3 1 0 0 0 0 2 0 0 0 1 2 1 1 3 0 20 51 8 0 3 19 1 0 4 0 5 0 0 2 0 1 2 1 0 3
922 334 692 128 260 148 323 823 85 446 28 209 0 3 7 1 4 2 0 3 12 44 3 4 76 2 2 0 914 500 185 23 82 33 0 0 8 23 0 13 640 3 21 0 3 6 15 26 3 11 524 1188 7851 1706 13766 986 181 7 3 0 7 69 41 12 13 4 917 57 35 46 14 79 165 42 83 18 57 2 125 29 126 9 3019 757 179 294 101 17 6 1 19 231 272 18 46 121 67 2096 216 98 2 1 7 7 3 19 1 3 4 0 7 22 2 0 0 1 0 0 5 2 13 1 1 4 3 0 1 0 1 0 2 0 4 34 1 18 0 0 72 13 1 1 0 5 7 0 0 0 5 0 2 2 0 1 0 0 64 11 74 14 2 4 0 0 6 1 0 0 0 1 1 0 2 1 0 1 3 4 0 0 24 76 16 0 0 36 4 1 19 1 2 1 1 2 3 2 1 1 1 6
230 205 355 87 142 115 23 84 3 49 3 162 0 1 3 1 4 0 0 2 389 122 2 4 103 2 2 2 71 117 96 16 36 4 0 0 1 17 0 9 414 6 17 0 0 5 6 12 3 0 52 52 11 25 986 2633 38 2 1 0 8 34 34 7 8 0 103 33 11 8 2 40 41 8 53 10 5 0 24 1 5 1 4485 141 1578 275 62 1 8 1 7 48 32 7 25 104 5 3 219 45 0 0 1 1 0 9 0 1 0 1 8 7 2 0 0 0 0 0 0 0 3 0 0 1 1 0 0 0 0 0 0 0 2 10 0 11 0 0 11 4 0 0 0 0 2 0 0 0 1 1 2 0 0 0 0 0 3 2 4 1 3 1 0 0 2 0 0 0 0 0 0 0 0 0 1 1 0 0 1 0 7 11 2 1 0 9 0 0 2 0 2 0 0 0 0 1 0 1 0 0
21 21 43 14 1345 62 9 10 0 6 3 64 1 35 21 4 6 32 7 4 92 180 22 58 403 20 66 46 1007 3489 8508 33 133 108 13 2 15 37 25 75 150 37 268 0 4 70 103 263 28 5 38 78 210 662 181 38 6393 82 8 16 95 552 648 122 295 10 6177 661 511 163 41 45 89 4 2101 130 9 0 42 1 35 0 345 186 239 873 2394 17 66 3 136 63 47 72 449 3311 10 14 1570 3401 0 0 0 0 1 3 0 1 1 0 2 0 0 0 0 0 0 1 3 0 2 0 2 1 0 0 1 0 0 0 0 1 0 3 0 4 0 0 10 3 1 2 1 1 1 1 3 0 2 8 1 2 3 0 0 3 4 0 3 1 0 0 0 0 0 0 0 0 2 3 0 0 0 0 5 8 2 1 20 3 3 9 3 0 8 2 0 1 9 0 0 10 1 0 0 0 0 0 0 0
0 1 4 2 59 30 0 0 3 1 0 36 0 433 130 9 10 10 1 0 81 103 3 50 10 1 84 96 18 38 131 4249 2445 3133 58 131 526 206 27 8 44 7 87 0 1 8 131 66 1 0 1 3 8 9 7 2 82 2832 131 5725 20 94 113 48 260 2 51 603 419 8 8 73 176 5 4685 32 6 0 45 0 2 0 14 3 39 7 17 3 12 0 11 18 1 6 66 636 2 3 27 492 0 0 1 0 0 3 0 0 0 0 0 1 0 0 1 0 0 1 1 2 6 0 1 0 0 0 1 0 0 0 0 0 1 2 0 2 0 0 11 2 0 0 0 0 0 0 0 0 3 3 0 0 0 0 0 0 0 0 0 0 0 1 0 0 0 0 0 0 0 1 0 0 0 0 1 2 0 0 8 2 2 7 2 0 2 3 0 0 1 0 1 3 0 0 1 0 2 0 0 0
0 0 1 0 1 1 0 0 0 1 0 0 0 954 133 5 8 2 0 1 10 34 11 91 23 3 56 29 2 0 8 22 18 1136 536 908 538 138 4 138 13 12 147 0 0 11 973 11 3 0 1 2 4 4 3 1 8 131 713 641 14 33 59 42 40 1 2 233 53 6 1 1 16 5 139 8 1 0 2 0 1 0 2 1 5 3 21 2 5 1 6 4 3 7 67 11 0 0 5 20 0 0 0 1 0 0 0 0 0 0 0 1 0 0 0 1 2 3 5 1 9 2 3 1 0 0 1 0 0 0 0 0 0 1 0 4 1 0 13 4 1 3 0 0 1 0 0 0 2 1 4 0 2 1 0 0 0 1 0 0 0 0 0 0 0 0 0 0 1 1 0 0 0 0 0 0 0 0 2 0 0 9 5 0 1 3 0 0 0 0 0 1 0 0 0 0 0 0 0 4
0 0 0 0 4 0 0 0 0 0 0 1 0 324 52 6 1 2 0 0 5 7 1 13 3 0 29 47 0 4 26 111 52 3317 52 313 683 152 6 8 6 1 14 0 0 1 117 9 0 0 1 0 0 0 0 0 16 5725 641 1730 1 12 33 13 86 2 3 556 57 2 1 3 6 0 1190 2 0 0 2 0 2 0 2 1 4 1 2 0 0 0 3 0 0 2 11 25 0 0 1 178 0 0 0 0 0 0 0 0 0 0 0 0 0 0 0 0 0 0 1 0 2 0 2 0 0 0 0 0 0 0 0 0 0 0 0 2 0 0 2 0 0 0 0 0 0 0 0 0 0 0 0 0 0 0 0 0 0 0 0 0 0 0 0 0 0 0 0 0 0 0 0 0 0 0 0 0 0 0 2 0 0 1 2 0 0 0 0 0 0 0 0 0 0 0 0 0 0 0 0 0
2 5 8 2 8 2 0 1 1 1 0 4 6 31 144 428 152 2374 375 505 30 152 41 211 129 20 58 176 46 24 65 9 180 99 20 3 337 1401 2635 46 655 512 3251 28 24 1037 33 426 250 48 4 9 8 30 7 8 95 20 14 1 5042 533 525 362 935 200 134 103 3371 195 143 8 200 10 126 5107 8 0 7 1 66 4 40 21 81 46 94 148 847 33 2668 292 29 165 1772 49 11 2 51 54 0 6 0 0 6 3 0 1 0 0 1 1 9 30 273 3 5 21 11 130 129 90 15 0 1 2 1 49 1 114 5 2 1 0 3 34 2 0 43 42 73 6 360 0 4 46 615 33 56 2350 5 14 58 1 1 79 0 0 2 2 2 0 0 5 20 0 329 139 31 195 2 2 25 2 32 764 5 13 926 218 2 18 5 3 176 17 1 21 84 0 0 148 27 5 14 0 1 0 2 1
50 44 82 18 99 22 4 21 1 18 2 42 8 120 278 254 20 267 51 37 135 613 194 168 513 73 157 69 302 174 319 50 230 112 63 0 29 270 95 132 569 232 611 19 78 169 128 11252 755 1312 23 76 53 178 69 34 552 94 33 12 533 15599 18139 890 823 51 682 385 4118 10176 1826 36 195 11 1241 2130 33 3 45 12 441 291 191 106 310 208 408 610 1141 149 943 1121 247 3320 6406 637 16 5 254 291 1 6 0 0 7 0 0 6 0 0 0 1 4 0 12 4 3 7 4 10 26 7 6 2 4 7 13 4 1 5 19 1 2 2 2 22 3 0 18 19 3 28 10 1 7 69 55 10 17 125 38 492 1353 3 4 501 25 2 47 112 0 1 1 1 21 1 21 231 588 47 1 6 41 3 789 417 109 396 1200 108 2 20 20 19 343 67 163 224 2406 0 1 2054 544 3 13 0 1 0 1 12
6 7 3 1 55 8 0 2 0 1 0 14 4 256 396 34 12 45 40 14 82 363 37 128 463 25 296 132 231 142 425 28 60 101 152 4 40 137 38 100 130 29 931 12 35 102 154 2908 66 183 14 19 37 130 41 34 648 113 59 33 525 18139 29057 6673 4409 45 616 655 6010 2001 141 11 65 6 983 824 11 1 16 0 39 1 171 70 230 179 354 90 447 56 795 111 33 710 3876 454 7 2 185 387 0 0 0 0 1 0 0 0 0 0 0 0 2 1 5 1 3 6 1 4 18 9 6 0 0 0 2 0 1 3 2 1 2 2 0 12 1 0 14 9 5 2 12 1 1 29 22 1 16 83 5 44 132 1 0 128 2 0 6 8 0 0 0 1 9 0 14 66 61 29 0 0 8 0 179 377 10 24 685 122 2 4 4 1 219 8 8 26 160 1 0 412 48 2 2 0 0 0 0 2
1 1 0 1 9 2 1 0 0 0 1 4 3 290 303 36 8 563 107 12 7 47 15 393 82 7 1006 2766 23 17 92 10 13 45 227 2 32 45 493 123 48 12 5311 1 5 545 66 383 14 3 1 2 7 25 12 7 122 48 42 13 362 890 6673 7846 9492 12 97 261 1747 151 29 0 19 5 219 136 1 0 2 1 6 0 29 10 41 25 56 22 53 3 191 23 9 52 1678 70 2 0 26 84 1 0 0 0 0 0 0 0 0 0 0 0 0 10 11 2 0 8 2 78 10 24 2 0 0 0 0 1 0 15 0 0 0 1 0 5 1 0 2 8 28 0 35 0 1 1 2 2 3 119 0 1 3 0 0 1 0 0 0 0 0 0 0 0 0 0 14 5 3 2 0 0 0 0 6 39 0 1 48 7 0 2 2 0 12 4 0 1 9 0 0 14 2 0 0 0 0 0 0 0
4 2 1 1 45 12 1 1 0 3 2 21 5 842 3512 933 68 724 55 111 53 88 15 253 44 3 644 2325 70 103 271 148 369 644 359 5 169 541 8933 66 159 87 1385 3 12 245 52 500 32 6 6 6 25 48 13 8 295 260 40 86 935 823 4409 9492 11410 7 186 355 15390 123 47 44 216 9 1734 207 4 0 21 0 20 4 52 10 78 40 80 43 54 4 299 68 15 43 963 473 2 0 46 386 0 2 1 2 4 3 0 3 0 0 0 1 6 27 45 3 0 19 22 180 46 78 8 1 2 0 0 14 2 62 0 1 3 4 2 12 4 0 43 27 105 0 186 0 2 9 61 2 17 733 2 3 15 1 0 17 0 0 0 2 0 3 0 0 1 1 134 38 6 14 0 1 2 1 11 243 3 2 211 37 3 13 8 6 35 9 1 1 16 1 0 30 3 1 0 0 0 1 2 3
1 0 4 2 1 0 2 1 37 2 0 1 1943 1 3 11 3 181 580 40 2 20 6 5 13 1 2 3 2 0 7 1 3 2 1 0 3 232 6 7 57 18 66 861 2869 3309 1 61 30 1323 30 565 4 3 4 0 10 2 1 2 200 51 45 12 7 2294 19 9 72 29 27 121 240 1408 2 162 1892 850 801 585 197 578 1 3 7 3 7 726 266 408 2025 33 18 21 276 5 382 28 4 2 0 0 0 1 1 0 0 1 1 1 1 2 2 14 375 0 0 9 1 431 74 205 16 0 0 0 0 4 0 26 0 0 0 1 0 9 1 0 28 28 51 0 74 1 0 19 87 45 43 1170 0 4 20 0 0 41 18 3 17 18 1 0 0 0 1 1 32 21 9 3721 0 0 2 0 22 165 2 9 423 58 5 12 336 1 59 17 3 17 70 0 0 95 5 1 2 0 0 0 0 0
181 213 313 107 570 147 31 107 9 72 5 205 1 33 22 9 13 21 8 14 96 365 40 72 858 25 47 19 6427 736 1837 32 179 88 13 0 22 93 10 107 206 50 272 6 4 59 100 319 73 11 147 292 1066 6633 917 103 6177 51 2 3 134 682 616 97 186 19 7096 541 377 262 59 64 252 35 993 194 19 1 110 2 71 2 1791 5024 784 1171 1605 29 99 6 157 189 148 130 507 1147 23 39 2830 1575 1 1 7 4 1 9 0 0 2 1 6 13 0 1 3 0 0 1 8 1 14 1 7 4 2 0 0 0 0 0 2 0 6 22 0 30 0 0 47 6 0 1 2 6 3 0 1 0 6 13 3 1 2 0 0 5 16 4 16 3 2 1 1 0 1 0 2 3 1 1 3 0 0 0 5 16 2 0 23 5 19 49 11 1 2 24 1 2 13 2 2 18 0 0 2 1 2 0 0 0
7 12 13 3 21 8 0 2 3 6 0 14 1 819 184 18 12 46 13 23 196 543 89 438 634 30 277 119 50 32 527 58 164 1474 80 215 775 347 26 1044 173 101 935 2 2 67 1426 173 65 5 15 43 57 118 57 33 661 603 233 556 103 385 655 261 355 9 541 1490 394 106 42 12 148 16 413 92 5 1 46 0 19 1 171 95 308 299 900 14 56 5 104 59 24 63 614 106 6 1 420 421 0 0 3 2 0 1 1 0 0 0 0 3 3 1 2 4 2 3 23 2 40 10 17 5 2 0 2 2 0 0 1 0 0 1 0 13 1 0 38 17 1 4 0 0 3 1 2 0 13 7 4 0 4 0 0 1 0 1 2 1 0 1 0 0 0 1 0 1 0 1 0 0 0 0 4 10 0 1 35 5 3 17 20 0 4 10 1 2 6 0 1 13 0 0 1 0 1 0 0 5
8 7 16 9 136 28 2 9 3 0 1 72 11 478 2148 1013 267 1388 259 654 122 368 55 185 199 18 198 920 167 226 357 318 1319 974 161 10 546 3165 6417 91 714 444 2091 26 30 187 86 6327 232 56 12 18 46 100 35 11 511 419 53 57 3371 4118 6010 1747 15390 72 377 394 13060 456 274 152 1153 15 3225 5733 9 0 83 1 103 4 114 52 187 111 240 168 531 22 703 306 55 196 2099 1002 10 5 121 486 0 4 3 0 4 2 1 2 1 0 4 4 8 22 131 9 4 16 14 120 150 102 21 1 2 2 2 33 3 122 7 1 4 11 2 29 2 0 97 59 63 9 255 1 1 104 406 18 76 1519 8 35 105 2 4 206 1 0 6 3 0 1 0 0 12 4 235 215 34 152 0 3 22 2 81 1080 11 20 1797 392 9 42 14 3 386 46 10 23 103 0 2 261 52 2 7 0 0 1 0 4
102 71 140 28 48 31 16 79 4 51 1 46 1 43 111 275 8 189 40 16 58 450 117 102 255 39 83 34 119 80 91 13 49 12 9 0 9 40 50 76 506 160 280 4 13 100 32 356 678 211 216 72 16 69 46 8 163 8 6 2 195 10176 2001 151 123 29 262 106 456 6837 3455 16 52 11 191 238 13 1 17 5 519 140 79 38 127 87 158 324 298 41 278 2466 3269 4105 2711 102 6 2 122 68 0 0 0 0 0 0 0 0 0 0 3 0 0 0 1 1 0 0 1 2 4 3 3 0 0 2 0 3 0 2 1 0 2 4 0 10 0 0 8 3 2 6 2 0 1 11 11 1 7 16 3 121 275 2 0 57 17 1 32 91 0 0 0 0 5 0 0 21 95 12 1 1 3 1 72 43 38 148 161 12 5 11 6 2 44 9 74 48 873 0 0 338 92 1 5 1 0 0 0 1
84 75 124 21 37 29 12 55 6 29 0 33 6 17 78 124 5 148 45 10 36 154 103 104 72 29 52 21 29 45 39 10 28 21 8 1 3 68 43 47 437 155 135 9 24 75 15 543 343 135 19 487 5 20 14 2 41 8 1 1 143 1826 141 29 47 27 59 42 274 3455 8537 11 55 13 88 442 16 1 25 19 13861 392 20 10 34 28 39 520 1506 52 277 1238 1551 675 449 56 15 1 27 17 0 1 1 0 0 0 0 2 0 0 0 2 1 2 1 1 0 2 0 1 2 2 1 0 0 2 2 0 1 0 2 0 0 3 1 5 0 0 9 2 1 1 1 0 1 6 26 5 6 18 8 209 340 0 0 95 29 4 72 232 1 0 0 0 2 0 2 16 103 15 0 1 2 1 59 34 106 422 169 14 3 11 17 1 28 30 246 89 2132 0 1 445 104 0 10 0 0 0 0 3
111 69 164 121 837 519 108 41 459 505 655 4054 56 9 8 2 4 6 11 1 207 256 11 3 25 3 2 9 134 246 162 429 3483 63 1 1 8 22 8 7 224 1 14 69 66 27 7 31 5 114 32 102 98 85 79 40 45 73 1 3 8 36 11 0 44 121 64 12 152 16 11 10090 4236 811 489 25 2269 290 6111 31 49 101 101 14 137 27 11 177 55 70 22 74 31 5 6 883 6158 332 54 16 24 10 150 117 14 268 14 19 85 41 260 341 1 4 3 5 1 5 21 0 41 6 10 20 13 0 2 0 1 1 22 1 47 250 1 173 0 0 318 51 1 4 1 43 44 5 1 0 15 7 6 1 3 22 0 3 19 45 6 2 25 12 3 4 17 3 3 3 1 0 25 6 2 0 1 12 35 4 8 6 271 391 122 3 1 250 2 3 6 7 57 9 2 10 108 11 18 6 3 14
57 24 63 32 469 214 47 35 126 73 88 1110 672 79 79 55 30 187 334 26 824 1641 145 37 259 32 34 32 159 180 141 334 2205 310 27 1 54 3584 124 216 518 39 92 2423 625 812 144 293 25 165 65 160 235 178 165 41 89 176 16 6 200 195 65 19 216 240 252 148 1153 52 55 4236 8011 3705 1023 553 373 309 2695 29 102 154 254 84 454 177 167 280 290 138 221 166 92 23 101 905 692 114 301 73 22 25 101 75 47 127 8 53 43 12 128 180 78 27 26 67 28 142 324 58 1032 364 298 105 108 6 40 7 5 29 53 22 84 485 3 597 48 19 1855 557 31 174 30 62 103 28 17 1 432 93 181 7 12 38 1 17 30 65 10 4 62 36 11 19 57 56 10 24 7 16 62 36 18 11 6 75 43 6 152 30 565 1710 1422 49 21 893 7 5 26 33 125 38 12 27 164 22 102 23 12 183
