17.1250922909774 26.6709260687662 21.0739493949185 45.2470205791151 43.6056043071031 53.2827527568386 32.4743151861076 25.8696012741775 82.8064708709717 34.65184148025 79.628510388461 63.7476289260328 134.912124633789 0 0 198.137802124023 0 182.302169799805 0 0 109.147598450442 123.235848788557 106.053886413574 199.519927978516 168.227511814662 0 183.99959564209 232.073486328125 40.228188724312 26.0037263928539 56.0328972283813 54.8885310191028 90.1011297008659 193.027440388997 0 0 168.410079956055 171.837028503418 180.027542114258 160.474884033203 94.5760753317597 145.860702514648 163.610799153646 0 0 168.571441650391 200.607421875 175.346896580287 154.605139992454 182.852111816406 143.102938030077 163.612955995308 109.592549854013 84.0355113052701 119.601581772082 101.525069941645 98.5920575459798 0 0 0 187.029479980469 177.405166015625 194.672340393066 233.720031738281 145.724349975586 172.189743041992 108.356742732433 175.225912911551 183.550825119019 171.832896812289 179.188711075556 91.7986089001905 145.628421582674 158.401605878557 141.115219564999 180.589447021484 117.095452989851 0 117.472164890222 195.583750406901 181.385639235031 181.028033447266 119.048801815967 107.157122307017 110.684027567397 106.046543819804 163.965742223403 187.990404705669 192.749286227756 220.540893554688 208.592764718192 139.580946085251 166.617480081907 167.357891506619 154.933784484863 88.8934311810662 91.190142861728 52.0115400737527 138.106848144531 177.041041056315 184.468577067057 234.219818115234 190.049505869548 191.487021309989 201.777214050293 178.895873436561 188.901168823242 0 166.287665147048 156.397132873535 163.217473347982 179.820447921753 0 0 0 0 0 0 0 0 228.148600260417 0 157.240020751953 0 0 0 0 0 0 0 0 0 151.642105102539 169.109313964844 0 198.895275115967 0 0 191.840006828308 190.425277709961 0 209.715370178223 0 196.091171264648 213.522435506185 0 0 0 0 242.641235351562 0 232.900680541992 0 216.261863708496 0 0 185.300441196987 223.457721710205 205.871170043945 217.792293548584 231.773277282715 188.46321105957 0 0 145.042770385742 0 0 0 0 0 0 0 158.270797729492 195.572418212891 0 0 235.254196166992 208.583801269531 0 0 169.465455796984 176.895322527204 170.667445591518 194.23649597168 0 136.22955195109 224.259939575195 175.541809082031 227.773086547852 0 216.341883341471 239.703216552734 0 0 125.121578761509 176.237851460775 195.571029663086 0 0 0
26.6709260687662 16.8549694690237 25.2150766817778 17.7601641623063 34.2741509646124 40.9342164969234 53.9956876092656 50.6727734324986 91.2501831054688 67.7214152958082 86.6557655334473 63.3055608650855 188.833068847656 163.40168762207 146.960151672363 0 153.928184509277 210.083526611328 213.030715942383 186.653228759766 109.393986428751 122.870272681827 0 231.760925292969 158.33382826585 244.461898803711 194.75691986084 0 79.6327662586425 27.5877149803219 41.005886747262 86.3351505279541 128.950018141005 197.039376831055 0 0 0 168.695149421692 235.145935058594 0 102.301068946652 170.341133117676 191.289525349935 219.919036865234 205.549240112305 211.495132446289 0 190.008961604192 154.136269202599 168.857772827148 157.099436201287 174.923232674599 129.581961953716 106.39317043183 134.497484858165 112.588502539658 131.351056416829 95.8166427612305 0 0 200.278530883789 185.986450195312 209.422945295061 196.945770263672 199.632453918457 0 105.310337335291 174.503494898478 195.556666782924 185.14474766691 189.851788736979 101.840925686601 166.366882960002 145.17225755964 152.354942770565 187.340974171956 103.492633274623 240.62760925293 127.953354802625 146.331420898438 191.823786648837 204.097808837891 131.474174000789 115.864441113594 113.94328680776 102.991595693735 156.965362548828 202.058860377262 202.79907989502 219.288993835449 211.71877179827 149.147638972213 179.373323114069 176.413563198513 179.992222179066 149.065555449455 90.4616819746951 85.2396656764036 141.98791396827 184.31982421875 194.412618637085 193.780364990234 187.425648450851 188.609936772561 223.022994995117 177.104757243189 160.401575724284 129.799346923828 163.601572854178 131.435353415353 153.609215239174 171.543148658389 0 0 0 0 0 0 175.580261230469 0 164.250338745117 0 0 230.933822631836 166.5361328125 0 0 0 0 0 166.988922119141 0 169.477532704671 170.596363975888 0 165.955818481445 158.99382019043 0 170.329338709513 166.080055236816 164.944458007812 173.698608398438 176.805564880371 206.57977142334 193.756323242188 0 0 0 173.606318155924 0 165.828048706055 234.535316467285 239.031265258789 214.948303222656 0 0 202.506591796875 226.581689453125 219.634161376953 239.805969238281 229.533573150635 225.346466064453 0 183.553833007812 157.019490559896 0 191.845413208008 0 0 0 217.279193878174 179.690841674805 0 0 0 245.245513916016 0 0 0 0 160.436734379949 163.527700475744 151.369680786133 0 0 158.124804496765 225.889801025391 0 225.319030761719 0 218.718720869585 242.395767211914 0 0 138.040830796765 157.573616027832 196.535778045654 0 0 172.5185546875
21.0739493949185 25.2150766817778 14.2220417872212 24.703128376088 82.0041244391239 44.00262489606 60.845186640152 22.3561549063086 88.002131652832 18.3171733040686 73.9648413224654 31.1315548605344 0 205.326624552409 214.09143447876 227.968449910482 0 218.081039428711 169.701019287109 0 115.644824907975 128.706798492916 189.498596191406 208.525215148926 165.7516746521 0 0 0 92.0048610324591 87.6432107925415 117.058598220348 103.90940806071 143.044204295765 188.666577657064 0 0 0 189.141125679016 0 183.395025253296 103.050736822386 165.408289591471 189.019081115723 234.724067687988 214.983484903971 175.561309814453 188.254196166992 184.051900046212 158.730815463596 206.271469116211 157.062099806225 174.439405658288 127.025766298452 107.076556713447 132.751550916991 113.491492687816 121.043762916742 165.996517181396 171.868423461914 0 196.410070419312 185.33338016417 210.052541097005 0 192.847274780273 191.274478912354 108.675000833627 182.391538179838 204.115222930908 184.31998160226 189.331746993526 110.324318909064 166.59368702722 130.480544408162 174.801290365366 191.432371351454 118.626587973701 0 129.433582057124 178.628872680664 191.366463702658 206.988410949707 132.418967474992 119.284068458959 117.065007341586 111.825329733536 163.992081451416 195.96444791906 206.022777884347 220.224141438802 194.15131187439 147.74816718644 176.770128858412 176.118994903564 183.472579956055 157.457011988906 88.7396142649096 91.0983767490155 139.653951814859 154.466830326961 184.500269063314 220.635787963867 194.681100885919 194.885002983941 195.308921813965 183.868116938183 182.641865866525 157.012147521973 172.858142089844 139.065131788987 160.720139051739 178.620416189205 168.948440551758 172.000233968099 159.833587646484 166.703895568848 211.051971435547 0 165.903007507324 173.035552978516 166.861301422119 0 165.834053039551 202.904360961914 188.391153971354 0 182.049407958984 0 0 181.86344909668 195.556953430176 198.194427490234 182.775667595141 173.679685438001 0 171.226732396368 0 0 172.68729724306 176.892557779948 163.756332397461 162.641977945964 188.335418701172 206.365097772507 193.547538757324 0 172.044555664062 0 180.114924112956 202.357040405273 194.994361877441 241.156036376953 0 221.603418986003 0 244.714385986328 195.837642124721 238.245092391968 208.717393663194 224.664388020833 227.454138619559 227.920055389404 158.736740112305 184.761611938477 164.40525163923 162.564870198568 0 0 0 220.474411010742 215.332962036133 202.227386474609 0 203.743316650391 243.08415222168 187.966751098633 244.26887512207 212.634536743164 248.075714111328 235.332305908203 163.221776995743 166.069115672392 153.044258117676 190.508560180664 233.844467163086 156.22473027156 197.295822143555 0 235.328305562337 197.563766479492 226.689470793072 222.609024047852 232.798110961914 0 143.157954001913 159.527965545654 200.498409816197 236.680084228516 0 174.321426391602
45.2470205791151 17.7601641623063 24.703128376088 11.0165055976307 22.5577041411757 25.1082562018 56.283084544074 53.4686327088148 90.9279919433594 64.8673169312654 73.3712213516235 41.6958177714558 0 212.346328735352 163.763931274414 0 0 177.429565429688 217.976112365723 164.231506347656 109.289146897483 125.66698373774 193.060256958008 192.041275024414 163.440679550171 0 0 0 74.4569185640394 36.9079838710799 35.6042519871647 45.8593048662753 98.673306366493 210.194046020508 0 0 0 187.27978515625 0 223.909729003906 102.071108029439 0 216.236572265625 0 0 192.279239654541 0 194.03332901001 156.154803466797 0 152.417816662398 174.163009975267 126.648656316164 105.50055916289 132.654917120934 114.932964719575 100.15989957537 117.025857925415 0 0 189.173248291016 192.139453464084 245.12760925293 201.346206665039 156.295257568359 202.549034118652 99.2582288011212 203.886810302734 171.267667982313 185.48140335083 184.039662679036 93.5924740625807 127.863938808441 127.682655334473 152.459981282552 198.839800516764 107.872922395405 0 110.424420079877 197.090316772461 192.47747130621 0 130.826976671896 115.724220188185 112.411973100368 105.005085606729 142.320551554362 205.18858220027 194.404500961304 232.124649047852 214.640716552734 147.809837463379 177.73200186705 179.806129455566 174.762191772461 109.626767959595 83.3727938677814 85.4317729989278 120.812242991889 151.909989674886 186.061908224355 204.987613677979 191.351408105147 191.302744163657 220.652698516846 180.055141102184 181.026893615723 154.968853290264 165.753897094727 136.179079495944 154.955383056641 173.654535424618 171.324775695801 198.986267089844 0 166.376617431641 0 0 159.379131317139 0 171.407475789388 0 151.606178283691 191.840957641602 0 0 0 0 0 215.267501831055 174.524909973145 0 171.909159342448 172.305136258485 0 165.388278198242 0 0 169.133977890015 174.07551574707 0 226.123809814453 173.941940307617 196.157696194119 198.72403390067 0 0 0 181.446193695068 228.773071289062 155.75200398763 0 0 228.278778076172 0 0 216.039906819661 228.656072616577 189.507263183594 0 217.980739593506 214.953735351562 203.243937174479 201.815040588379 178.064987182617 0 0 0 206.561981201172 0 207.318351745605 207.631240844727 0 174.060211181641 0 246.198318481445 0 246.326141357422 241.924774169922 0 162.382731269388 164.574573771159 138.481252882216 164.651840209961 0 158.587921880907 215.699630737305 0 217.822212219238 228.776184082031 215.509813308716 0 0 187.10871887207 139.301494660925 143.911194801331 196.134762573242 0 0 0
43.6056043071031 34.2741509646124 82.0041244391239 22.5577041411757 13.3630501660715 29.2344123467254 53.0191137589388 72.5162678938646 82.9765372979836 115.728758614018 83.7335688893388 49.2940620131982 0 111.077758789062 133.307281494141 0 160.107330322266 142.267728169759 0 0 96.117304177593 94.2929089461005 114.226215362549 101.706829071045 124.426328048706 122.260726928711 150.644002914429 121.63374786377 59.3666881388755 28.9624080313772 23.7602716104537 30.8343344126975 56.2916053857417 105.010614835299 0 0 103.210321426392 144.747535705566 136.380605061849 122.364349365234 86.910066307331 137.247316360474 156.13945276597 116.292198181152 185.381866455078 155.238646697998 161.027320861816 148.168846793797 146.679114205497 200.653660365513 144.432944748428 163.875996565937 116.207671000163 90.896917237678 123.085272363516 99.2676458224444 40.9988308527213 48.9493441500906 81.4422149658203 89.4966640472412 170.170208930969 164.168922886704 145.408896845037 158.516825358073 122.371657816569 167.398040771484 66.522920541596 121.173847380139 137.781779233147 170.693308194478 171.036056106155 64.7863529346607 80.3594087385165 118.245999145508 72.7594415276452 163.349527994792 81.8318215122929 0 75.3204632523407 148.212265014648 180.515976232126 153.708358764648 116.25897026062 96.5424244497705 95.7063709810556 83.7866574655665 119.550967897688 189.482433742947 178.906285005457 180.644638061523 170.245418294271 135.980432675209 163.081514493687 191.346910264757 159.546093333851 33.0157407705216 81.4453329137854 75.1964030581694 98.7053063794186 75.6669357844761 168.00334444913 208.251490275065 181.992546243871 179.759891915829 167.59071858724 165.451396610426 165.599006652832 134.917016165597 164.641362508138 129.921972062853 145.660407127218 165.837915231516 162.623245239258 0 175.722839355469 0 0 0 151.920700073242 172.392356872559 176.823390415737 200.118255615234 232.115005493164 178.12678527832 188.013834635417 0 0 0 0 162.395568847656 161.940640258789 0 155.663523864746 162.623597343013 0 147.546461529202 171.93327331543 0 162.906389124253 151.632736206055 209.388320922852 164.069290161133 0 193.719173431396 180.159826278687 0 0 0 195.56103515625 160.435668945312 170.658912658691 0 0 215.780048370361 0 0 179.908725738525 214.966091449444 197.132824707031 218.48984781901 215.043148040771 0 0 189.190719604492 151.936273362901 163.90682220459 192.685485839844 0 0 0 205.787460327148 0 158.949737548828 0 0 206.920913696289 233.725387573242 213.510192871094 206.10212097168 0 153.274398157152 150.941754982688 130.545934677124 0 203.608879089355 145.783361109292 0 0 200.275421142578 229.05615234375 210.850761776879 188.461624145508 233.453323364258 156.768898010254 128.147653250859 163.777483258929 197.972820705838 198.760536193848 0 172.847671508789
53.2827527568386 40.9342164969234 44.00262489606 25.1082562018 29.2344123467254 15.6689338249682 61.0537878047524 59.7865258793142 72.615345105733 47.2887791841737 22.7902526190977 23.074943984147 190.83203125 80.6225204467773 178.575164794922 158.578567504883 0 222.059529622396 230.983688354492 0 104.839499258907 104.023813847133 150.028210231236 115.075561523438 134.226374009076 148.751350402832 165.391731262207 108.643692016602 77.6437159188932 52.6789481649406 46.4004226786636 18.2240300425769 56.2705544008527 118.04722664573 0 0 106.636505126953 172.875846015082 160.879930496216 175.389234924316 98.7624000582536 153.161905924479 188.259840829032 0 0 0 168.113024393717 166.65621478741 163.021511622838 0 155.795050590269 176.62279490153 131.234767363439 109.599300588688 137.052160159962 113.311578833539 85.83721739246 56.5148520787557 214.47966003418 0 194.402008056641 185.845471468839 179.204792022705 186.457355499268 160.569105148315 0 102.677559314131 136.604449272156 157.325568335397 185.309831188571 191.881432368838 73.2822413619084 87.1853933245222 136.257574193618 88.9399257405599 178.375513712565 79.2175090729244 245.549499511719 80.2961784391368 163.529762268066 194.301930321587 214.152481079102 131.627790806097 112.593558266049 111.378466812505 102.86763199218 158.396102428436 203.772582244873 199.456758386949 206.047004699707 201.422790527344 146.321582909786 178.146533272483 174.100194295247 170.23054226962 48.4114301379364 67.1877283337969 91.8577662106961 113.93503575576 158.897515869141 168.801637172699 212.260116577148 180.543660016741 184.711265683174 187.752746582031 172.799454655208 160.975791083442 144.476751055036 154.100581372905 126.133384575278 149.102400124478 167.132426173121 155.456136067708 0 0 0 0 169.286010742188 181.291015625 163.192230224609 167.34963573109 149.72412109375 181.266494750977 172.947418212891 180.352058410645 0 176.183204650879 0 0 0 171.636581420898 0 164.18868461022 161.726274337769 0 153.348405003548 0 0 156.277476174491 161.759477887835 195.403739929199 155.027435302734 168.147323608398 201.405930519104 181.206842759076 0 0 0 153.059204101562 168.901962280273 177.111005783081 204.538070678711 0 217.321881975446 0 226.001892089844 222.736789703369 231.125263759068 209.836853027344 226.468673706055 221.474177967418 204.184765625 178.808959960938 217.883308410645 170.566173977322 231.276214599609 0 0 0 0 208.727116902669 213.66047668457 0 152.366577148438 0 201.236221313477 237.694051106771 0 215.814249674479 0 147.806049066431 157.648903175637 123.405596415202 0 0 145.041369979446 0 0 232.057586669922 224.919631958008 214.794675325093 223.222534179688 0 163.217737833659 128.513675311664 147.142159405877 199.751033528646 219.735801696777 0 158.678344726562
32.4743151861076 53.9956876092656 60.845186640152 56.283084544074 53.0191137589388 61.0537878047524 14.4713939364485 25.8714843433068 20.7006132684274 36.1532293899725 53.2010370690726 73.9197303605916 106.518235342843 0 0 0 0 138.436676025391 119.817335764567 237.169418334961 119.770526885986 114.651998901367 0 0 136.392916361491 0 0 0 33.6866998206628 41.4918093665171 52.7718993775145 64.3174077493173 86.096583617361 131.445423126221 109.038185119629 0 189.949829101562 163.623542785645 0 0 96.4999197097052 0 201.446884155273 0 127.034364700317 118.448022842407 0 197.290176391602 143.522888183594 150.881731305804 120.351712678608 137.129502248764 83.3809333358492 62.8311488546471 93.2294708110231 85.6477321127187 154.464779324002 0 0 0 0 163.171634674072 0 142.340850830078 150.831298828125 208.455574035645 123.524397327054 0 171.080207824707 167.848294258118 160.91855875651 83.5908782040631 105.391006145071 81.2646815560081 119.192449951172 185.78995513916 72.8797106896677 78.0966790517171 88.63377319606 0 167.11592476323 155.631162643433 96.0063497941573 90.5585458543566 119.045964622498 122.10316991806 170.287605285645 177.026348716334 165.458238874163 151.419151306152 157.262641906738 125.660014668449 143.357756958008 236.235473632812 191.574508666992 77.1181923675537 41.8668769974691 21.2907030445618 139.86890411377 152.914184570312 0 0 185.926313400269 0 0 177.090372721354 119.034252166748 151.293590545654 122.139059884208 97.2619075775146 144.24563182484 188.820508829753 0 0 0 0 0 151.275848388672 154.432136535645 0 195.973007202148 0 0 0 0 0 0 0 0 0 183.453491210938 0 189.610641479492 177.492635726929 0 181.12361907959 0 0 188.917549133301 191.120941162109 0 0 0 0 218.222625732422 0 0 0 0 171.07682800293 0 0 237.3173828125 0 0 0 174.072390238444 152.618443806966 166.366592407227 0 0 0 0 172.395202636719 188.119453430176 0 0 0 0 0 0 0 0 0 0 0 0 0 209.513315836589 0 190.07394917806 171.195333862305 143.590255737305 0 173.092666625977 143.995155334473 0 0 235.725425720215 0 0 236.391754150391 0 0 106.450042300754 108.831798553467 0 0 0 0
25.8696012741775 50.6727734324986 22.3561549063086 53.4686327088148 72.5162678938646 59.7865258793142 25.8714843433068 13.5403717962278 24.682309030621 19.8202027037982 34.1131841206382 50.0589543857901 139.077953338623 155.371520996094 184.310562133789 0 230.797515869141 0 112.106628417969 0 108.591455078125 158.595964605158 0 207.264602661133 155.098828125 0 0 0 58.5845442012041 65.3355665541532 114.241122722626 80.7536134719849 126.097306569417 151.835591634115 188.989761352539 0 176.914001464844 172.545425415039 0 0 88.6586484664526 119.74976348877 198.903861999512 0 161.617553710938 149.453086853027 0 181.516915893555 122.879709879557 155.483311971029 133.20128394462 152.653492034642 101.487821759134 81.3313232587362 110.352467848638 96.9416347685314 134.556935119629 0 0 0 148.066635131836 174.882303873698 204.605049133301 0 207.070175170898 105.552841186523 111.629117448753 182.1396484375 212.061235215929 165.031807042375 168.6532972856 108.012446240681 136.062849644252 97.0435569069602 164.120719061957 186.072071075439 91.8189561843872 0 118.226771763393 183.133334350586 174.079621804727 184.916351318359 109.809205876886 101.484280435663 105.155536067378 125.095755792433 156.577696906196 179.307139228372 188.571895892803 176.070317586263 180.047918701172 130.454051518349 158.996969338853 154.721450805664 207.02490234375 158.830965995789 58.7014849276943 54.2984200228033 151.41822136773 153.36496925354 120.637741088867 0 174.373477935791 176.728050231934 215.262252807617 158.877623494466 138.96727625529 110.967351277669 123.694156169891 103.523233890533 137.303665342785 170.682326096755 0 0 0 0 0 0 0 0 0 0 154.221374511719 0 0 0 0 226.28857421875 0 225.969253540039 0 0 142.223602294922 190.156356811523 0 168.905838012695 0 0 219.448132324219 0 0 219.117401123047 0 241.006088256836 0 0 0 0 0 0 0 0 0 0 0 0 183.342697143555 168.788581848145 193.360469563802 225.002426147461 196.045104980469 0 142.999008178711 0 0 0 0 0 0 0 0 0 0 0 222.657241821289 0 218.289047241211 224.16438293457 0 0 187.111667209201 208.866483900282 152.982437133789 0 0 180.619572639465 0 0 0 0 221.090881347656 210.007232666016 0 0 109.18573978969 129.733145141602 213.122192382812 0 0 0
82.8064708709717 91.2501831054688 88.002131652832 90.9279919433594 82.9765372979836 72.615345105733 20.7006132684274 24.682309030621 9.37564724474623 28.7540959132783 42.9829692361075 66.7113046362286 88.3794334225538 175.065399169922 0 0 0 102.143661499023 107.77954864502 0 145.951124191284 119.141690889994 0 0 147.571667989095 0 0 0 37.8009517295903 86.001148223877 91.9484697977702 70.0747134560033 74.3386483625932 143.207546234131 0 0 0 96.8471145629883 0 0 111.795636628803 0 0 74.3277193705241 107.678057293559 101.850213694018 0 160.912139892578 154.429504394531 129.867630958557 138.747410297394 151.668211716872 84.0123234186704 65.9541443319882 92.6590775433709 142.218149820964 0 80.4921124776204 0 0 145.160598754883 190.422775268555 0 0 0 89.5483338639543 117.978217230903 125.010330200195 158.479690551758 175.333610534668 175.056165059408 62.1049069838846 74.3862694331578 53.0738683128357 85.7543346698468 0 50.3158821989109 60.2809710295304 69.1057767172654 146.3050910102 174.641970316569 131.49153137207 99.5897252936112 97.5387814839681 132.299751281738 0 93.3888346354167 153.626248292249 144.408356954885 138.928902569939 153.572699410575 128.422847948576 160.17951965332 171.081970214844 145.858612060547 82.1609603881836 27.2490480137311 27.8559458983729 153.699450683594 137.25562286377 144.48180770874 200.561004638672 175.482688903809 174.019624710083 0 165.359217104704 137.539838155111 127.522777557373 136.805882905659 106.559862310236 132.492378961472 165.602566438563 0 0 169.36572265625 0 0 116.323753356934 192.840240478516 0 148.445917765299 0 0 189.174530029297 0 0 0 0 0 177.109344482422 165.495468139648 0 159.109497070312 149.375054359436 0 143.859193589952 0 0 167.523464747838 141.603775024414 0 0 199.321350097656 185.653416951497 207.541889190674 0 0 0 104.820739746094 170.571400960286 0 0 236.644241333008 208.215202331543 0 215.813735961914 214.965576171875 229.01741027832 231.976943969727 237.274360656738 0 0 231.409713745117 0 142.672790527344 131.165542602539 0 0 0 141.681706746419 216.369537353516 0 0 0 164.061874389648 164.750040690104 216.155665079753 223.170227050781 177.886749267578 161.542526245117 137.529137420654 146.298562049866 140.922313690186 0 199.815628051758 156.483559608459 0 197.429443359375 206.698687744141 0 193.808074951172 199.279240926107 203.073989868164 0 131.344480133057 181.847290039062 179.081077575684 0 0 138.404022216797
34.65184148025 67.7214152958082 18.3171733040686 64.8673169312654 115.728758614018 47.2887791841737 36.1532293899725 19.8202027037982 28.7540959132783 13.2184995673865 20.8933718796285 33.5100009691361 120.602511088053 0 240.833908081055 215.951499938965 154.276870727539 176.935516357422 179.569450378418 0 113.737333482312 119.010464387781 203.087356567383 194.463455200195 158.614087422689 229.539321899414 0 0 63.0137512819755 95.1141462558653 103.522224638197 69.99028116114 74.9756681707841 142.053934733073 0 0 243.192092895508 0 0 142.113143920898 93.8836818926901 215.015472412109 170.700729370117 0 124.95620557997 132.623386383057 227.640075683594 164.445602416992 127.368881225586 162.016083853585 137.590900326563 156.043632628811 103.239621114227 83.9120462765968 113.608541565626 100.844972571548 146.980252583822 199.815673828125 177.804870605469 0 248.191665649414 176.245994567871 213.534851074219 0 180.118225097656 126.046882629395 108.741114351485 160.422348022461 0 166.769075879864 172.755285854997 54.7002790923166 95.0662305126451 88.715573561819 145.235179356166 176.892784118652 59.7266267286028 90.7502090454102 74.6512758930524 182.761444091797 177.211807373047 158.054433186849 115.406768180229 100.479188117428 110.1046011183 126.181674575806 159.486083221436 179.488362884521 186.648468017578 165.043515523275 209.891672770182 141.793589202451 160.374156925596 156.864161900112 196.426889038086 113.456336551242 19.4904676072581 54.1935742813156 129.535898420546 182.592219034831 122.549860337201 162.134020996094 150.978563128777 151.401102988951 162.742065429688 141.572833100258 128.198968987716 95.9359709024429 118.259699635122 91.0445658010203 114.319438631572 135.534419840904 0 0 0 0 0 98.2547149658203 139.662750244141 121.040351867676 141.214365641276 0 159.230463663737 122.454536437988 0 0 157.573989868164 0 140.67790222168 141.819965362549 141.316886901855 244.412353515625 130.137144088745 144.094249572754 0 158.496578534444 0 0 159.215908050537 116.155076599121 113.90079498291 0 123.958435058594 193.922262573242 195.080960591634 227.578323364258 170.196578979492 0 0 196.316065470378 114.832736968994 230.210464477539 0 243.312683105469 0 0 208.796783447266 205.117589950562 186.77347946167 191.821624755859 193.293055725098 0 140.937940597534 176.935821533203 179.886520385742 0 0 185.577911376953 0 125.273429870605 239.305419921875 0 217.646942138672 0 0 206.347465515137 220.898742675781 0 228.103012084961 0 124.816432571411 132.41003658897 97.3244504928589 248.158660888672 212.813720703125 123.269630532516 0 0 201.875030517578 0 196.37678527832 0 0 0 93.1204858534407 102.935840405916 160.836208343506 209.105010986328 0 0
79.628510388461 86.6557655334473 73.9648413224654 73.3712213516235 83.7335688893388 22.7902526190977 53.2010370690726 34.1131841206382 42.9829692361075 20.8933718796285 9.26948674963251 25.3359518980635 130.205581665039 0 177.742721557617 0 0 179.240310668945 168.616180419922 0 105.041952062536 108.412086255623 97.8905766805013 0 112.472358703613 0 0 0 74.7141118453721 77.2821144104004 84.6393526250666 56.9635388991412 56.2245597368405 188.222396850586 0 0 187.470947265625 186.538444519043 0 0 106.366823768616 0 0 196.736999511719 0 159.7646484375 0 216.351959228516 0 180.955657958984 150.044906616211 174.208796691895 114.939893840272 98.6295939854213 130.514162881034 120.234919230143 76.665589650472 0 0 0 0 209.474639892578 0 149.656509399414 159.298484802246 0 112.977690124512 0 130.434265136719 197.132598876953 0 41.862012560677 70.5195361484181 88.8709437052409 96.7012395858765 0 59.1076510548592 0 61.195765087862 0 194.126061575753 0 131.697917713838 132.708351135254 108.72139287878 105.86565246582 99.9526596069336 183.546142578125 200.022651672363 0 0 157.931484222412 184.767201741536 0 204.064392089844 92.4009659711052 31.5198214196467 71.5360370504445 118.352915627616 133.144088745117 150.79917755127 0 170.012302295582 175.555178148993 186.534220377604 160.582836182137 144.737170948702 118.598789215088 139.201145241477 108.609650647199 131.00024458163 152.388222582587 153.043334960938 0 0 153.722091674805 0 0 125.175880432129 0 151.022171020508 0 144.24885559082 0 0 0 0 0 0 0 185.543938773019 0 155.940055153587 147.178822150597 0 150.662545424241 0 0 145.105780514804 151.039714813232 0 0 151.291641235352 177.143862915039 168.299045138889 0 0 0 0 0 127.725975036621 0 0 193.366770426432 0 0 222.118530273438 217.719687567817 0 0 219.923126220703 192.449768066406 127.833534240723 173.013572692871 146.005790710449 0 0 0 0 0 194.837043762207 222.078559875488 0 0 0 0 234.534805297852 0 187.832809448242 0 143.811783556668 139.109206740921 120.663991928101 0 0 133.690414775502 0 0 0 240.249816894531 191.580988566081 0 0 0 108.843911933899 130.987360440768 183.967861175537 187.454734802246 0 0
63.7476289260328 63.3055608650855 31.1315548605344 41.6958177714558 49.2940620131982 23.074943984147 73.9197303605916 50.0589543857901 66.7113046362286 33.5100009691361 25.3359518980635 17.4626945641728 153.247032165527 136.248252868652 156.545249938965 176.190582275391 197.835662841797 195.000024414062 196.665473937988 222.259475708008 112.600874081254 110.331966443743 107.604412078857 150.942979812622 134.197701876281 169.888437906901 181.851516723633 134.568328857422 88.2736324734158 64.8183977525499 61.2383203208728 19.0980680206539 19.3070699615272 126.227913044117 0 0 145.741806030273 188.423703511556 235.085456848145 162.060914357503 105.291140917809 149.760780334473 186.02424621582 108.551307678223 204.491828918457 133.873027038574 158.022608757019 163.288832291313 151.877620152065 183.14196472168 167.335209147135 184.899721988412 136.92649403698 116.857622106025 146.48649137214 120.973296130145 105.179648637772 58.4867633183797 0 112.996627807617 154.024585723877 183.355359032041 170.06466620309 175.826787948608 143.82458278111 137.257034301758 110.311154398104 164.508774893624 141.46373240153 190.764558211617 195.830288973722 44.6719354522834 56.2155860677496 97.0629963193621 88.2311369154188 166.854640960693 72.3507964568052 101.953811645508 63.2982814489769 0 200.839476123299 194.170282999674 140.44232302829 127.784414863586 118.00503386147 110.255319426781 143.402863875679 206.171353149414 195.290740013123 243.940841674805 187.7644627889 158.2277796577 186.92720535121 189.40910949707 192.150858561198 66.8146286397158 55.5132683576353 95.9531717912319 118.724961509564 119.81784218236 176.480371460879 210.641275405884 184.3324791871 186.193184303883 184.289878209432 174.104511830344 168.087678485447 138.759489642687 161.791359391877 131.761729333634 150.794064172732 169.288367562178 161.099660873413 167.720067342122 197.677108764648 157.668701171875 153.324640909831 150.325912475586 162.849968719482 175.683929443359 157.205848693848 174.1259765625 148.939721679687 170.014217601103 198.316689231179 0 193.539774576823 186.89973449707 0 174.586743672689 179.246152242025 0 167.111450265307 164.003780751169 0 154.210475273852 181.156295776367 149.268402099609 159.406438461458 163.193421540437 175.521855672201 182.732503255208 180.946626027425 197.178225297194 189.413726289394 206.747734069824 183.24772644043 0 134.593343946669 188.899963378906 160.778561401367 0 0 214.915532625639 0 223.980280558268 237.164472406561 231.771764581854 208.12347869873 233.686309814453 220.287752151489 208.194371541341 180.785395902746 193.275066375732 165.20581817627 180.935249328613 157.480056762695 244.989288330078 0 172.876266479492 217.326098793431 172.94441986084 164.390106201172 0 0 235.75231628418 237.752104441325 240.801025390625 212.626278686523 214.32063293457 153.759181016156 152.305855044269 130.406142552694 148.354385375977 207.732452392578 141.607035337176 0 0 203.268341064453 215.273679097493 211.319481572018 225.64616394043 228.570541381836 195.523309326172 129.108963408804 149.646229305783 195.83905394181 198.429035186768 149.164932250977 169.096608479818
134.912124633789 188.833068847656 0 0 0 190.83203125 106.518235342843 139.077953338623 88.3794334225538 120.602511088053 130.205581665039 153.247032165527 16.3111839951798 0 178.635177612305 122.520488739014 51.8664912382762 47.8295991549621 34.6067268543166 32.9031869945046 0 0 0 91.4364903767904 141.345581054688 0 0 103.415704454694 0 0 0 0 70.6547517042894 82.9499969482422 154.046737670898 0 59.9809510972765 62.7802535486332 115.343764781952 0 75.9782638549805 0 86.2798717498779 25.5694586626319 19.4117233914045 29.2743868595341 0 124.798296610514 0 61.6709257477489 133.625854492188 111.600836476972 156.966674804688 141.932819366455 0 0 157.550796508789 0 0 0 147.840212504069 140.887910842896 122.679809570312 116.257634480794 112.007026672363 26.6497209501586 189.029113769531 144.261688232422 128.87178698453 94.3605117797852 104.688526153564 82.0041084970747 71.7714647849401 29.4383503156166 0 136.236032485962 73.5120409952083 24.9880479117021 67.9979930294743 92.1091746330261 127.555762912916 77.5371387503241 0 0 0 0 143.672943115234 95.687135300878 102.668476768162 78.1632664998372 84.3773334473372 138.536518096924 210.204406738281 0 107.130564371745 0 78.7205899969324 111.250812251393 0 0 154.440048217773 171.628265380859 171.926429748535 0 168.562591552734 181.744987487793 0 0 151.95654296875 0 157.72038269043 175.009897867839 112.320953817929 105.154840764865 80.752143973059 112.906972711737 0 111.637073767446 125.358974456787 100.905801518412 134.435400376626 105.221993776697 125.303365325928 0 0 0 0 128.180828518338 111.293683369954 112.416059254172 0 225.369018554688 0 165.634307861328 177.495834350586 148.850655167191 137.734326171875 0 138.891048106741 130.616570105919 98.1237089935521 143.252095540365 105.55400363664 0 0 134.388804117839 77.4154646480785 84.2287169947769 103.401602301799 95.4296362207578 0 156.821853637695 153.659601384943 236.184860229492 0 108.688423605526 147.057624816895 0 0 210.084838867188 0 0 0 179.385543823242 162.800113677979 118.167419433594 90.0188945684218 124.628230794271 117.599702835083 47.9084525713461 224.603607177734 0 148.515251159668 186.255447387695 137.973668416341 107.923598066966 224.09553527832 184.226239522298 109.161149972128 106.300200586734 180.954076131185 125.75345993042 47.3803531229496 0 113.199258592394 135.776774319735 133.201141357422 88.6726016998291 158.525664435493 0 0 133.219275338309 144.502662658691 0 129.932195663452 0 0 0 180.767883300781 0
0 163.40168762207 205.326624552409 212.346328735352 111.077758789062 80.6225204467773 0 155.371520996094 175.065399169922 0 0 136.248252868652 0 12.7449295833885 16.2186669107086 51.8940234191146 16.6481592406965 78.0546119914335 111.457964942569 58.840604043776 88.6645556363192 84.6983693440755 65.7128829161326 66.7663360798613 110.818429498111 90.9813333658072 48.1350512211696 44.1185237270384 102.518079121908 118.80544128418 72.309920946757 55.4351220972398 71.7849174883726 56.8960619857497 21.3772742980242 22.7015562717524 24.3325853357202 63.3557306328598 63.5593745772903 37.677988058624 83.6466996694349 73.210036548216 71.9532887900246 80.9782848358154 187.180114746094 114.731362533569 37.4076900063961 113.856957692949 96.1311354107327 109.462203979492 128.803454081217 182.738353729248 137.794716426304 129.890310287476 146.99733988444 102.275650024414 111.57524457659 50.6311543841285 32.9700956219647 36.6359377996421 113.727556044056 124.825284639994 93.0636675357819 65.3709690883242 76.0119485651229 120.762420654297 116.698974609375 53.4836013221042 91.0160464123203 144.410740874534 163.522992751178 102.024824354384 91.3351080206376 67.2022204679601 74.012236925812 122.912548411976 124.419524510701 0 109.327908579508 169.883865356445 161.395776748657 0 150.105278708718 145.811480204264 121.331324513753 101.772912025452 70.3149633407593 158.911053975423 158.353459676107 180.474365234375 133.506367903489 122.050972408719 139.176643371582 132.432356400923 92.5146451018577 83.9257392592102 212.208129882812 0 105.889891165274 70.1482117765693 233.937194824219 169.842426300049 184.11514960395 169.161903381348 156.282064819336 151.759698486328 0 115.13045501709 178.818809509277 0 147.121420288086 146.154510498047 128.093547305545 125.843960571289 0 118.542243263938 116.72039604187 117.494717206142 128.75013217926 141.945657138167 131.907319632683 131.46231842041 125.881777352998 129.471890536222 138.757367706299 129.079574584961 124.167073336515 158.415546417236 145.986709594727 166.946408081055 183.182506561279 159.134185791016 148.115449905396 140.175166130066 110.518997192383 134.566589355469 129.205782699585 111.193245569865 133.208619065172 128.678685426712 138.257625579834 131.883182525635 140.083770751953 176.958124796549 158.529619852702 183.914947509766 0 127.219650268555 112.150547474354 151.626478830973 126.969719800082 215.550720214844 0 179.406178792318 0 0 234.05778503418 199.126823425293 0 0 198.440273284912 245.399368286133 0 0 175.400868733724 128.98756671774 149.085159301758 170.394338989258 0 0 182.591600418091 168.458361816406 176.95730082194 133.499084472656 0 156.052249145508 211.995063781738 0 156.005315144857 161.710540771484 139.923531668527 125.216265657522 75.1818456544981 139.331768035889 197.074981689453 117.695898392621 0 187.392684936523 202.755793253581 0 202.082865397135 181.780334472656 199.718772888184 164.389300028483 113.397094726562 118.776382446289 179.721664428711 150.879608154297 149.051869710286 129.181505056528
0 146.960151672363 214.09143447876 163.763931274414 133.307281494141 178.575164794922 0 184.310562133789 0 240.833908081055 177.742721557617 156.545249938965 178.635177612305 16.2186669107086 11.791948301772 30.0108021487798 26.1653293959702 41.5985081952352 73.8432863297001 21.9188741340118 83.9076803784038 83.6138000998267 64.7854033606393 77.0678209730318 112.979607370165 89.7576667240688 48.3270490160959 36.6839490070455 163.784396580287 96.5832446705211 122.725810417762 66.7657318982211 90.2744919703557 66.4876882027889 35.1467579495566 28.9511496767085 19.0221623370522 84.1418118722098 55.3829393734782 64.0177823177604 82.4601038157591 77.0273224765031 84.5672702185715 80.4636914389474 0 116.425464718841 49.975008072159 115.39485021071 105.083140883335 141.727561950684 127.623202006022 160.336795806885 139.878799438477 151.569290161133 149.212161472866 125.283088684082 137.125577290853 55.8367270836463 46.1362880764151 42.3053410970248 88.4911776118808 128.253174459334 92.5725691342595 70.9149038988372 71.49336068451 120.859873453776 120.668527776545 64.6572762157606 80.2069835662842 136.752284419429 147.237922179393 121.535943031311 106.55768227879 58.713177437006 82.9448309846457 119.461323301671 94.8298164367676 0 103.720257098858 0 161.966593089857 143.60400390625 156.248928833008 133.845600128174 120.910231817336 124.718056542533 108.839266459147 159.67226019571 145.559643707275 156.41059366862 137.356493813651 116.722314919366 131.508035898209 125.187489668528 105.446146530604 106.837426644784 167.582389831543 0 109.958150819291 79.5756028216818 171.38530476888 194.989585876465 174.903579711914 174.143083844866 162.205764770508 166.886484146118 0 127.594132741292 159.934583028158 148.316314697266 131.191045125326 156.136086714895 126.638740637364 134.548458099365 116.872776985168 120.122207502885 125.43500995636 119.474243500653 127.776682516245 134.241767045928 130.551468898681 131.479602683969 126.496043783719 133.330352783203 150.346158599854 145.845979309082 131.490001678467 145.277128431532 135.461689758301 137.23013705299 159.939505259196 160.043997628348 147.746880271218 147.898203069513 166.916519165039 133.065999984741 124.969020250109 112.227540152414 131.839854649135 129.865254974365 133.403596948694 134.546158021496 138.258108640972 177.954889933268 145.760581276634 157.201626864347 227.714645385742 0 111.578743126742 148.081497712569 129.688239839342 231.328729248047 203.099644978841 191.561256408691 186.152557373047 144.717205047607 231.251424153646 214.438449859619 241.374664306641 0 197.392127990723 188.350196838379 172.484390258789 169.302143096924 141.198072580191 127.638397064209 148.067893981934 169.73542175293 161.428581237793 140.628559112549 177.353282928467 157.647885409268 152.216934204102 130.624880472819 175.682647705078 154.929830278669 234.358625139509 0 183.303055612664 165.261681450738 134.813322703044 124.111139177595 75.6516819569602 147.02072207133 171.331323242187 117.433394186837 215.105010986328 0 214.321731567383 152.736320495605 192.141407012939 204.611512756348 195.686383334073 146.003901163737 113.139382600784 138.561370849609 164.87922668457 132.811627197266 0 130.845995538885
