43414 5443 10069 3448 3693 2131 11493 11007 140 3211 363 1886 1 3 5 3 0 0 0 0 194 68 6 10 29 2 16 16 4967 13010 3024 43 71 8 1 0 1 0 9 10 1561 1 20 1 2 0 20 3 14 3 84 217 45 1148 790 570 177 4 0 0 4 6 9 17 14 4 420 25 21 60 18 47 11 16 111 4 6 2 11 13 182 9 2291 864 1254 281 46 45 28 3 4 339 193 53 41 216 109 1864 33 34 3 4 60 9 4 135 4 15 24 59 111 89 0 0 0 0 0 0 0 0 1 0 0 6 5 0 1 0 0 0 7 0 25 25 0 11 1 0 1 1 0 4 0 5 13 0 0 0 0 0 0 0 0 0 0 0 2 0 0 2 3 3 1 2 1 0 0 1 0 0 2 2 0 0 0 0 0 1 0 0 104 13 8 0 0 54 1 0 0 1 6 0 0 3 87 4 13 2 0 3
5443 13843 952 7554 3756 305 65 98 13 230 113 190 0 2 1 1 0 0 0 0 124 42 5 3 12 1 2 1 198 3578 1658 4 7 2 0 0 0 1 1 4 627 0 6 0 0 0 6 0 2 0 16 47 4 125 65 121 53 2 0 0 1 1 2 2 3 0 111 5 1 13 6 15 3 5 26 1 1 0 1 4 31 2 377 220 509 146 9 12 3 0 3 73 29 14 10 58 25 33 18 7 3 2 34 6 3 51 4 7 14 27 51 40 0 0 0 0 0 0 0 0 2 0 0 2 0 1 0 0 0 0 12 0 11 7 0 1 0 0 3 0 0 2 0 5 7 0 0 0 1 0 0 0 0 0 0 0 0 0 0 0 3 3 0 3 2 0 0 0 0 0 2 0 2 0 0 0 0 0 0 0 48 2 3 0 0 8 0 0 0 0 4 0 0 0 47 1 4 1 0 2
10069 952 6927 13240 216 3762 446 3895 78 5200 604 14756 0 3 2 0 0 1 0 0 258 74 8 2 33 2 5 3 342 565 241 5 13 4 1 0 0 4 2 17 1178 0 7 0 0 1 8 9 14 2 27 112 14 308 236 337 66 8 1 0 0 0 3 9 8 1 286 12 6 33 13 26 9 15 54 0 1 0 6 11 82 3 891 430 1046 234 20 33 7 1 5 189 86 30 29 76 134 153 33 8 20 9 144 34 12 297 26 24 93 136 268 248 0 0 0 0 0 0 0 0 1 0 0 11 4 0 3 0 1 0 21 3 51 30 0 14 0 0 0 2 0 5 0 4 25 1 0 0 0 1 1 0 0 5 0 0 3 1 1 1 3 8 1 4 2 0 0 0 0 0 8 6 0 0 0 0 0 0 0 0 211 18 3 0 0 82 1 0 0 0 10 0 0 5 217 10 19 3 0 3
3448 7554 13240 18049 9349 8391 263 421 38 487 186 1789 0 14 16 0 0 0 1 1 320 158 11 3 50 1 14 24 475 2773 5988 60 76 10 5 0 0 6 12 8 748 0 10 3 0 0 15 0 6 0 17 41 6 182 83 190 293 4 2 0 2 2 7 11 16 0 238 28 18 9 4 28 12 22 100 3 3 0 6 3 25 1 436 276 825 235 38 11 9 0 2 83 27 11 7 129 114 107 50 22 21 20 222 44 16 457 40 39 129 184 415 407 1 1 0 0 0 1 0 0 2 0 0 12 5 0 2 0 1 1 41 3 88 57 1 30 0 0 4 7 0 7 0 17 33 0 0 0 2 1 11 0 0 5 0 0 2 1 0 1 16 11 2 12 6 0 0 0 1 0 21 6 1 0 1 1 1 0 0 0 349 21 9 1 0 155 0 0 0 2 25 1 0 13 289 10 28 3 0 5
3693 3756 216 9349 11136 3565 751 243 34 89 44 1293 0 45 64 8 14 7 5 4 317 323 51 12 80 6 30 107 1629 5765 11699 423 329 35 16 6 15 19 57 29 422 2 25 0 0 7 40 8 3 0 15 27 10 249 135 112 852 28 2 5 8 9 30 21 102 0 421 88 157 12 6 117 35 15 266 2 10 2 34 5 23 2 367 239 515 170 62 7 3 2 3 38 28 8 31 1106 88 253 56 224 7 9 70 7 2 126 8 11 28 67 115 143 0 0 0 0 0 0 0 3 1 0 0 0 3 0 0 0 0 0 10 0 34 40 0 11 0 1 3 3 1 5 1 10 17 1 1 0 0 2 4 0 0 1 0 0 1 2 1 0 4 9 1 3 4 0 0 1 0 0 10 5 1 0 0 2 1 0 0 0 143 14 8 1 0 72 0 0 0 0 13 0 0 4 92 6 13 2 0 3
2131 305 3762 8391 3565 10421 653 1347 163 3118 230 11880 0 30 32 8 3 5 2 2 438 503 66 16 81 6 30 102 868 1868 3324 2250 881 51 10 4 12 21 56 35 753 1 38 0 0 5 33 3 5 3 11 41 11 285 117 170 348 20 3 2 10 8 19 24 89 1 617 115 129 12 5 330 116 52 255 4 22 0 99 8 38 0 505 360 813 284 74 22 9 2 11 61 38 13 37 530 374 291 82 51 40 46 411 78 34 765 74 75 232 382 800 727 1 0 1 0 1 1 1 4 7 1 0 23 11 1 3 1 4 1 96 9 167 141 0 40 0 0 12 13 0 14 0 27 88 1 1 0 4 3 5 0 1 14 0 0 2 6 0 0 21 39 3 23 11 0 0 3 1 1 41 14 10 1 0 0 1 0 1 1 730 57 18 3 0 340 0 0 0 6 49 0 4 21 570 39 71 7 2 7
11493 65 446 263 751 653 13500 9673 843 2224 377 915 2 4 2 0 0 3 1 1 30 24 4 2 9 0 3 6 4648 1202 633 45 47 8 1 0 0 0 3 9 239 0 9 1 7 2 7 4 7 14 42 100 45 740 590 198 64 0 0 0 2 0 4 4 6 5 104 10 7 22 8 162 11 27 25 0 40 4 16 8 60 13 1116 270 238 44 12 29 2 4 6 118 50 16 12 115 896 6867 6 12 2 1 25 2 2 44 5 5 16 16 43 24 0 0 0 0 1 0 0 1 0 0 0 2 2 0 0 0 0 0 3 0 11 5 0 1 0 0 1 0 1 1 0 0 6 0 0 0 0 1 2 1 0 0 0 0 0 1 0 1 0 3 0 1 0 0 0 0 0 0 2 0 0 0 0 0 1 0 0 0 39 5 0 0 0 12 0 0 1 0 1 0 0 0 28 2 5 1 0 1
11007 98 3895 421 243 1347 9673 33804 3705 24893 1318 4157 0 0 1 0 0 1 0 0 43 17 10 1 14 0 2 2 485 350 210 26 16 6 1 0 0 1 3 6 518 0 6 1 5 1 7 4 13 6 41 122 26 506 453 239 42 0 0 1 1 1 2 6 5 3 149 4 5 33 9 108 9 25 33 4 35 3 10 6 86 7 1125 290 346 99 13 26 7 2 4 146 96 28 17 32 797 1600 5 7 12 5 79 15 2 166 8 21 42 65 131 122 0 0 0 0 0 0 0 0 0 0 0 1 2 0 3 0 0 0 9 0 29 18 0 9 0 0 1 4 0 5 0 6 10 0 0 0 3 0 0 0 0 1 0 0 1 1 0 1 2 4 0 2 2 0 0 1 0 0 5 0 0 0 0 0 0 0 0 0 82 9 6 0 0 28 2 0 0 0 4 0 0 4 113 2 8 1 0 0
140 13 78 38 34 163 843 3705 862 3165 554 728 29 0 0 0 0 2 2 0 29 24 7 1 0 0 0 0 28 21 17 81 148 10 0 0 1 1 0 1 41 0 1 6 64 12 0 0 0 90 0 29 21 26 33 14 8 0 0 0 0 0 0 1 0 26 22 0 0 2 3 530 37 141 8 0 239 49 75 16 30 77 51 19 32 5 0 76 25 26 11 6 8 1 1 48 2274 1488 1 1 1 1 10 5 0 38 3 4 9 18 32 23 0 0 0 0 0 0 0 0 2 0 0 0 1 0 0 0 1 0 4 0 2 3 0 5 0 1 0 0 0 1 0 2 4 0 0 0 0 1 0 0 0 0 0 0 1 0 1 3 0 1 0 0 1 0 0 0 0 0 1 0 0 0 0 0 0 1 1 0 16 5 1 0 1 9 0 1 6 0 0 4 0 0 22 2 4 0 0 0
3211 230 5200 487 89 3118 2224 24893 3165 41356 13336 22338 31 0 1 1 1 0 1 1 87 35 10 3 8 0 1 4 259 191 93 94 189 4 0 0 0 2 1 2 686 1 3 11 63 9 4 0 10 87 18 103 43 308 294 183 52 5 0 0 0 1 5 6 6 23 206 3 4 26 8 1689 34 417 23 0 969 104 72 13 73 55 802 258 396 77 12 64 23 21 21 133 66 16 11 42 10570 2419 13 4 23 17 308 55 19 629 48 58 168 309 478 459 1 0 0 1 0 0 0 2 0 1 0 10 11 1 3 0 0 2 59 4 104 96 0 29 0 0 8 6 0 9 2 19 56 0 0 0 5 3 4 0 1 13 0 1 1 9 1 4 17 24 0 9 5 0 0 1 1 0 21 6 4 0 0 3 4 0 0 0 495 50 52 1 0 184 0 0 8 2 23 3 0 13 461 22 55 7 0 3
363 113 604 186 44 230 377 1318 554 13336 4494 8714 2 0 0 0 0 0 0 0 37 11 5 0 8 2 0 3 71 91 44 71 134 3 0 0 0 1 0 0 213 0 1 0 7 1 0 0 0 3 11 26 18 60 63 55 9 3 0 0 0 0 2 1 1 3 45 2 2 9 1 1096 10 66 5 0 372 7 48 4 9 5 193 76 125 23 1 11 3 0 1 28 16 3 5 27 3671 684 5 3 12 12 108 25 11 234 19 25 81 143 231 235 0 0 0 0 0 0 0 0 0 0 0 3 1 1 1 0 0 0 26 4 59 49 0 15 0 0 3 2 0 5 1 6 23 0 1 0 1 0 2 0 1 4 0 0 3 2 0 2 7 10 1 4 0 0 0 1 1 0 8 5 3 0 0 0 1 0 0 0 262 19 15 1 0 109 1 0 0 2 13 0 1 5 213 11 26 3 1 1
1886 190 14756 1789 1293 11880 915 4157 728 22338 8714 21814 2 19 17 2 1 0 4 1 293 225 47 8 41 2 12 22 410 677 942 1399 3251 44 6 1 0 18 10 14 730 0 19 2 1 1 15 2 5 6 11 44 27 247 162 144 164 46 0 0 3 4 6 12 21 1 367 40 46 16 6 1660 167 100 146 1 284 1 225 1 32 4 443 289 539 169 42 14 2 2 5 76 43 11 14 566 2465 965 51 17 70 67 790 152 64 1629 110 159 456 863 1461 1411 1 0 0 1 2 0 2 1 3 2 1 29 18 3 12 0 3 4 168 10 278 214 0 72 2 0 18 12 1 23 2 62 147 3 0 0 6 2 13 0 0 28 1 2 9 11 1 2 35 56 8 50 29 0 1 3 0 0 64 25 6 1 0 3 3 0 3 0 1429 107 49 3 0 629 2 0 1 6 89 0 0 41 1253 55 107 13 2 14
1 0 0 0 0 0 2 0 29 31 2 2 6081 0 0 1 16 483 9715 37 1 3 3 2 1 1 0 3 0 0 0 2 11 3 0 0 14 308 4 1 23 5 33 5845 1609 1914 3 3 3 198 0 7 0 0 1 1 3 0 0 0 37 3 0 19 6 3318 2 0 4 3 4 222 608 1232 1 7 1024 584 735 3 21 31 1 0 1 1 0 174 258 612 1082 9 1 1 17 0 264 22 2 0 0 1 0 0 5 0 0 1 0 0 1 0 2 14 613 1 2 87 2 1422 54 701 42 1 1 1 0 2 1 2 4 3 3 1 2 3 0 1 14 25 223 4 145 1 4 12 72 28 51 1320 0 10 15 0 0 11 0 1 1 3 0 0 0 1 2 1 333 49 14 237 0 4 3 0 14 300 0 7 147 20 2 12 142 0 20 6 4 15 24 0 1 45 12 4 1 0 2 1 1 0
3 2 3 14 45 30 4 0 0 0 0 19 0 12799 7746 858 1031 172 14 142 7 12 316 263 4 2 1002 1702 55 38 69 3 43 228 2648 3987 1539 67 477 245 900 17 231 0 1 1 827 4 17 0 1 3 1 19 2 4 341 489 1042 674 9 3 9 73 177 0 151 1269 149 3 0 2 11 1 1142 5 0 1 1 1 1 0 20 32 29 18 18 3 5 1 2 7 1 3 25 87 0 0 4 57 0 0 0 0 0 0 0 0 0 0 0 0 0 0 3 0 0 1 0 6 4 5 3 0 0 0 0 1 0 0 0 0 0 0 0 0 0 0 2 2 3 1 0 0 0 0 0 0 1 1 2 0 0 0 0 0 0 0 0 0 0 0 0 0 0 0 0 0 0 0 0 0 0 0 0 1 0 0 0 0 0 1 1 0 0 0 0 0 0 0 0 0 0 0 0 0 1 1 0 0
5 1 2 16 64 32 2 1 0 1 0 17 0 7746 21019 10357 678 1944 59 847 16 18 669 178 1 19 379 5015 64 44 81 4 30 203 873 1016 287 51 1775 318 2451 57 436 1 1 8 480 13 79 0 1 3 1 18 11 6 291 574 679 382 43 14 55 86 486 1 107 1263 586 11 5 3 11 4 1359 12 0 0 0 0 5 0 27 34 30 16 25 9 31 1 32 42 1 18 156 115 0 1 0 57 1 0 0 0 1 1 0 0 0 0 1 0 0 1 9 2 4 7 1 47 17 49 12 4 2 1 3 1 5 2 1 0 1 2 1 4 1 0 16 5 10 17 2 0 5 1 0 0 12 8 3 0 1 0 1 0 0 0 0 0 0 0 0 0 0 0 4 3 1 0 2 2 0 0 2 5 0 0 0 1 1 6 5 0 0 3 0 0 0 0 1 1 0 0 0 0 3 1 1 1
3 1 0 0 8 8 0 0 0 1 0 2 1 858 10357 13581 291 3955 1588 1753 1 14 194 163 3 8 271 3587 7 5 5 0 7 46 195 54 88 61 3443 46 1523 77 610 2 3 16 34 32 148 1 0 0 0 3 1 3 26 100 53 73 131 60 162 122 506 4 19 110 1132 32 13 2 10 13 192 54 0 0 0 0 10 0 2 4 7 2 3 17 83 9 127 80 2 63 544 19 0 0 4 7 0 0 0 0 0 0 0 0 0 0 0 1 4 17 94 2 2 42 0 145 33 407 43 1 0 1 2 2 6 29 0 0 0 1 1 1 12 0 8 7 22 5 9 0 0 4 2 13 59 25 2 3 0 1 0 0 0 0 0 0 0 0 0 0 1 0 8 9 4 2 0 1 0 1 0 10 1 0 4 1 1 3 19 0 0 2 1 0 2 1 0 5 2 0 0 0 2 0 1 0
0 0 0 0 14 3 0 0 0 1 0 1 16 1031 678 291 2051 476 1462 3087 7 9 299 69 1 20 84 78 6 6 8 4 47 272 213 321 818 183 107 222 430 18 132 78 4 113 194 5 19 5 1 2 0 3 0 0 15 379 222 385 183 1 21 53 48 7 11 278 105 4 3 7 22 168 479 6 1 0 8 0 0 4 0 4 5 2 3 5 8 2 23 10 1 3 41 51 0 1 2 4 2 1 6 2 4 3 1 2 0 1 2 8 10 10 36 18 55 28 28 41 339 203 266 62 48 10 69 25 80 38 9 6 10 14 6 33 25 4 156 145 11 315 5 3 50 30 1 2 225 26 18 3 0 1 0 1 1 1 0 0 6 20 1 2 4 2 10 40 4 3 31 54 4 1 5 9 1 1 8 1 14 132 73 7 0 61 1 0 0 5 14 3 13 4 2 0 28 19 13 22
0 0 1 0 7 5 3 1 2 0 0 0 483 172 1944 3955 476 15039 3607 1794 11 30 214 504 2 4 502 1021 2 4 3 2 80 69 84 15 346 894 8838 53 2042 203 1485 274 14 4705 60 149 191 2 0 2 0 5 0 2 21 52 19 40 2870 142 236 1278 746 260 28 60 2976 73 83 18 176 238 137 499 21 6 41 1 59 1 2 8 6 9 3 100 305 17 664 208 6 98 543 29 7 0 4 3 0 2 1 0 1 1 0 1 0 0 0 6 6 95 1516 24 16 468 5 2072 144 3577 157 5 0 2 1 14 7 63 3 2 3 7 7 34 3 5 56 55 693 12 377 0 4 22 28 98 265 576 5 4 9 0 0 5 0 0 0 0 1 0 0 0 7 0 133 177 23 121 1 3 7 5 10 146 1 4 57 4 6 41 228 0 5 17 2 4 10 0 1 20 11 4 5 0 2 1 0 3
0 0 0 1 5 2 1 0 2 1 0 4 9715 14 59 1588 1462 3607 53535 9910 5 10 101 139 0 6 167 179 3 1 4 2 37 52 46 5 386 2646 98 55 530 41 359 8542 141 3850 24 20 27 70 2 9 0 3 0 0 6 46 4 15 906 18 62 333 84 637 8 21 135 16 18 38 193 7188 56 55 83 73 101 12 19 22 0 3 3 1 1 59 87 83 1066 48 1 13 148 14 7 0 1 1 2 1 1 0 2 6 0 3 0 0 3 16 82 215 2594 132 157 1925 143 4348 2114 13097 2466 58 52 38 75 82 282 403 20 9 19 33 19 79 141 9 543 586 735 523 289 5 76 125 27 216 1890 803 26 16 9 6 11 2 1 9 1 3 3 25 0 2 14 8 211 260 50 213 36 54 10 6 21 174 6 4 105 16 51 332 1694 7 3 117 1 6 14 13 12 28 81 13 8 2 34 17 13 12
0 0 0 1 4 2 1 0 0 1 0 1 37 142 847 1753 3087 1794 9910 5464 5 13 273 162 6 20 150 74 4 4 5 4 28 139 229 36 171 165 273 355 671 39 318 250 10 180 150 15 35 4 0 0 0 3 0 0 12 226 70 114 411 7 37 115 51 12 9 134 265 6 3 7 12 340 235 21 2 0 4 0 3 5 6 3 6 4 4 7 16 6 70 21 2 13 109 24 0 0 6 5 2 5 7 4 2 1 0 0 0 1 1 4 28 42 105 28 72 120 66 123 615 770 618 59 64 29 86 48 168 100 16 9 7 28 4 36 78 1 266 258 16 420 8 5 51 65 4 2 539 72 21 6 3 5 4 3 0 4 0 0 12 32 0 6 6 2 8 85 18 4 48 49 3 5 3 15 1 2 13 6 33 176 144 6 0 72 1 2 1 6 7 5 31 11 4 0 33 14 7 15
194 124 258 320 317 438 30 43 29 87 37 293 1 7 16 1 7 11 5 5 12074 5907 4437 93 387 255 53 18 103 215 200 149 466 705 14 2 62 297 15 348 1021 24 325 12 1 11 64 5 43 1 1 6 1 32 9 1283 143 255 4 36 24 7 31 60 25 0 76 68 66 4 2 289 648 170 1477 6 28 2 189 1 1 0 302 43 4547 265 69 6 8 2 20 12 3 9 136 902 91 27 413 82 2 4 13 3 4 31 0 2 5 11 29 36 0 0 3 3 28 3 10 3 57 8 19 29 35 2 13 2 5 2 4 1 10 59 5 47 3 3 52 84 0 62 0 7 50 5 1 0 48 2 16 1 0 2 0 0 0 1 0 0 2 5 1 3 6 0 0 4 0 0 19 5 3 1 1 3 0 0 0 0 99 94 48 2 0 88 0 1 0 1 11 1 2 3 29 2 49 7 1 13
68 42 74 158 323 503 24 17 24 35 11 225 3 12 18 14 9 30 10 13 5907 34198 7003 598 8511 3245 242 28 122 155 159 185 698 1195 64 3 77 556 16 4254 592 126 1834 39 2 35 637 32 164 0 5 6 4 117 43 140 274 400 8 40 64 45 215 385 58 2 559 82 175 44 7 421 1084 337 2029 26 34 2 301 0 17 0 354 372 4428 2336 703 28 63 6 128 67 8 54 851 1140 123 15 4964 105 2 3 8 3 1 18 2 4 5 6 21 42 3 1 2 5 96 7 15 15 136 10 57 52 44 7 39 4 11 6 11 0 15 50 7 57 5 3 139 183 1 137 1 6 80 7 1 0 100 18 25 3 1 1 0 1 1 0 0 0 5 16 2 1 4 0 4 3 4 0 24 8 2 2 1 6 0 0 1 0 124 192 82 0 2 109 1 0 2 7 18 8 2 6 31 0 58 19 3 22
6 5 8 11 51 66 4 10 7 10 5 47 3 316 669 194 299 214 101 273 4437 7003 12304 7161 165 6420 628 54 36 19 18 56 550 873 111 55 704 1231 133 5079 10361 1396 4481 38 2 46 172 18 271 2 0 2 0 42 8 16 46 176 23 162 86 15 85 167 38 4 183 70 162 15 4 182 675 102 621 23 26 2 156 0 8 0 63 114 289 177 41 26 61 4 97 106 7 63 532 299 17 7 124 23 2 0 4 1 1 11 2 1 1 5 5 18 0 0 9 3 34 1 7 18 60 24 32 17 24 3 16 2 8 5 8 3 2 23 3 30 6 0 61 77 6 54 3 3 26 5 1 0 52 11 9 0 1 1 0 2 2 1 0 0 2 8 0 0 2 0 7 5 0 0 10 6 4 1 1 2 0 1 3 0 45 68 27 1 3 59 0 0 1 3 4 5 4 3 8 2 19 10 3 7
10 3 2 3 12 16 2 1 1 3 0 8 2 263 178 163 69 504 139 162 93 598 7161 14259 135 3107 5922 668 73 11 59 2 33 45 1853 50 55 84 125 10735 2931 2910 4135 14 1 189 1095 7 134 0 1 3 5 98 16 9 395 26 97 29 392 14 50 299 79 1 934 153 80 6 2 11 96 32 103 15 1 0 22 0 3 0 88 212 189 289 95 12 23 3 34 106 8 17 260 32 1 0 136 43 0 0 1 1 1 0 0 0 0 0 0 1 0 3 14 0 19 6 4 69 34 46 23 5 1 2 4 1 1 1 0 0 0 3 0 4 5 0 22 27 15 21 5 0 3 6 0 0 17 15 1 0 0 0 0 0 0 0 0 0 0 0 0 0 0 0 7 3 0 3 5 2 0 0 1 10 0 0 1 0 3 17 14 0 0 4 0 0 1 0 0 1 1 1 1 0 4 0 0 1
29 12 33 50 80 81 9 14 0 8 8 41 1 4 1 3 1 2 0 6 387 8511 165 135 9915 222 79 17 106 39 90 21 133 162 15 2 12 123 6 2352 149 12 409 6 0 12 2438 11 25 0 0 8 7 289 60 76 808 78 2 11 27 19 60 230 34 0 2886 27 67 6 3 87 322 65 237 7 13 0 68 0 6 0 347 880 1814 4476 4961 5 10 2 26 21 6 17 216 185 11 3 7066 444 0 0 0 1 0 3 0 1 1 0 5 4 0 0 0 4 18 0 4 0 26 2 11 9 3 0 2 1 1 0 1 0 0 5 1 7 0 1 15 27 1 15 0 0 12 1 0 0 10 1 2 0 0 0 0 0 1 0 0 0 0 1 1 0 1 0 1 3 0 0 3 0 0 0 2 0 0 0 1 0 11 23 18 0 2 12 0 0 0 1 0 0 0 1 5 0 7 1 0 1
2 1 2 1 6 6 0 0 0 0 2 2 1 2 19 8 20 4 6 20 255 3245 6420 3107 222 3852 582 0 8 2 2 3 37 36 43 0 4 48 4 5266 588 24 566 15 1 4 36 2 24 0 1 0 0 35 18 20 13 10 0 2 7 3 11 27 1 0 127 2 11 2 0 20 115 38 28 3 2 0 25 0 2 0 49 117 218 211 23 1 6 2 16 7 2 3 89 15 1 0 62 3 0 0 0 0 0 2 0 0 0 0 0 1 0 0 0 2 11 1 8 1 26 7 11 3 2 1 5 0 1 0 0 0 2 6 0 12 0 0 18 30 0 16 1 0 10 0 0 0 10 1 1 0 0 0 0 0 0 0 0 0 0 0 0 0 0 0 0 1 0 0 1 0 0 0 0 1 0 0 1 0 5 20 16 0 1 2 0 0 0 0 0 0 2 1 0 0 3 2 0 0
16 2 5 14 30 30 3 2 0 1 0 12 0 1002 379 271 84 502 167 150 53 242 628 5922 79 582 15987 5696 165 29 102 4 22 43 7395 258 73 54 66 5273 768 83 2056 2 1 19 910 3 34 1 1 1 3 171 25 9 877 59 349 56 40 8 39 895 98 0 1305 410 54 4 0 9 31 15 364 3 0 0 9 0 2 0 108 234 178 259 63 5 10 0 16 27 3 10 58 62 0 3 128 110 0 0 0 0 0 3 0 0 0 1 1 1 0 2 21 0 11 8 4 104 12 61 18 2 0 1 1 2 2 2 0 0 1 1 1 2 0 0 5 18 19 11 6 0 4 1 0 0 3 5 0 0 1 0 0 0 0 0 0 0 1 0 0 0 0 0 8 1 1 2 0 2 0 0 0 1 0 0 2 0 1 6 9 0 0 3 0 0 0 0 0 1 0 0 0 0 3 0 0 0
16 1 3 24 107 102 6 2 0 4 3 22 3 1702 5015 3587 78 1021 179 74 18 28 54 668 17 0 5696 11014 216 103 208 5 34 185 701 532 174 44 5229 84 333 24 420 1 0 36 720 10 13 1 0 9 3 116 13 14 1116 566 975 311 127 7 50 1087 1486 16 749 1938 350 2 1 2 10 11 2159 12 1 0 3 1 5 1 75 99 90 97 60 3 8 0 20 23 4 5 45 268 3 4 60 206 0 0 0 0 1 2 0 1 0 0 1 1 0 10 172 5 2 85 0 894 21 535 11 0 0 0 0 1 0 8 0 0 2 1 1 4 0 0 8 9 171 1 71 1 0 6 2 0 16 89 0 3 1 0 0 1 0 0 0 0 0 0 0 0 2 0 39 24 4 12 0 0 0 0 1 24 0 0 2 2 2 4 10 0 0 0 0 0 0 0 0 1 3 0 0 0 0 0 0 0
4967 198 342 475 1629 868 4648 485 28 259 71 410 0 55 64 7 6 2 3 4 103 122 36 73 106 8 165 216 52431 11070 2840 75 95 34 71 7 12 12 67 119 330 6 209 1 0 10 216 12 20 4 28 106 175 11362 1788 256 4490 43 2 1 30 22 103 185 197 1 8020 320 205 27 13 90 22 25 1208 9 10 0 25 7 71 2 2713 1020 479 166 441 24 14 0 34 148 72 16 113 1344 35 3145 47 583 2 2 22 5 4 47 4 2 13 26 57 46 0 0 1 0 0 0 0 2 3 1 0 4 3 0 2 0 0 0 14 2 19 25 0 10 0 0 2 4 1 3 1 9 16 0 1 0 1 3 2 0 0 3 0 0 0 3 0 0 1 1 1 5 3 0 0 0 0 1 9 1 3 1 0 3 0 0 1 0 98 20 14 0 1 43 0 0 0 0 6 0 0 1 49 0 14 1 0 5
13010 3578 565 2773 5765 1868 1202 350 21 191 91 677 0 38 44 5 6 4 1 4 215 155 19 11 39 2 29 103 11070 27799 13182 52 58 14 23 5 7 9 46 21 688 2 40 1 0 3 34 4 12 5 36 113 35 1144 549 405 5332 14 1 1 7 8 26 30 67 3 1135 93 96 47 13 26 14 18 727 7 5 0 11 14 117 4 1513 734 981 256 68 46 16 1 7 200 129 45 56 2216 39 605 44 349 4 6 51 6 5 103 12 8 24 40 86 95 0 0 1 0 0 0 0 2 1 2 1 5 4 1 0 0 0 1 12 1 31 24 1 7 0 0 3 5 0 4 1 5 11 1 0 0 1 1 2 0 1 1 0 0 2 4 0 1 7 4 1 3 2 0 1 0 0 0 5 2 1 0 0 0 0 0 0 0 95 10 5 0 0 50 2 0 2 0 7 0 0 5 59 4 8 2 0 1
3024 1658 241 5988 11699 3324 633 210 17 93 44 942 0 69 81 5 8 3 4 5 200 159 18 59 90 2 102 208 2840 13182 20514 67 39 12 68 7 7 11 53 52 548 6 72 1 0 12 179 10 10 3 17 65 10 527 224 180 9210 23 10 4 23 10 61 132 159 2 1098 446 243 20 5 34 10 14 2111 4 1 0 7 3 44 1 733 475 792 323 1557 20 8 1 15 83 44 16 63 3344 22 270 332 12830 3 7 24 0 4 47 3 2 15 13 41 45 0 0 1 0 0 1 0 4 1 0 0 1 0 2 0 0 0 0 7 1 13 20 0 5 0 0 0 0 0 2 0 1 7 0 1 0 1 4 2 0 0 2 0 0 0 1 0 0 1 5 0 2 0 0 3 0 0 0 6 2 0 0 0 2 1 0 1 0 47 9 2 0 0 12 2 0 1 0 2 0 0 4 31 3 4 1 0 2
43 4 5 60 423 2250 45 26 81 94 71 1399 2 3 4 0 4 2 2 4 149 185 56 2 21 3 4 5 75 52 67 4005 6326 702 2 3 13 30 6 15 169 0 6 0 2 1 22 0 3 0 3 3 3 48 19 23 54 2312 3 6 1 0 2 5 7 0 143 23 21 0 1 1740 444 83 1386 0 58 0 446 1 5 0 73 61 138 44 6 1 2 0 3 8 3 2 4 5233 355 98 21 2 12 9 85 16 10 171 10 6 41 92 202 184 0 1 0 0 2 0 0 1 4 0 2 10 4 2 1 0 0 0 31 2 31 77 0 23 0 0 8 5 0 6 0 17 25 2 2 1 2 2 5 0 0 8 0 2 6 5 0 1 7 13 1 9 3 0 0 0 2 0 11 5 1 1 1 0 0 0 0 0 306 30 21 1 0 138 0 0 0 2 27 0 0 4 116 9 29 6 0 4
71 7 13 76 329 881 47 16 148 189 134 3251 11 43 30 7 47 80 37 28 466 698 550 33 133 37 22 34 95 58 39 6326 10802 6594 12 38 298 2166 34 182 466 5 71 13 2 54 583 3 4 8 0 18 4 61 31 51 98 2394 249 607 59 2 4 31 31 8 180 625 133 3 6 2874 1115 344 2995 2 200 8 492 3 14 2 129 138 325 115 116 11 7 4 30 26 10 2 17 3843 746 146 58 5 8 16 100 26 13 187 16 15 54 90 193 229 2 0 12 3 13 6 4 26 51 17 32 46 38 6 9 2 6 0 47 4 78 170 1 74 7 0 41 64 6 79 4 28 96 2 1 1 39 18 27 0 0 8 0 1 5 10 0 1 15 29 3 12 14 0 5 4 1 0 35 24 4 0 1 3 4 1 1 1 534 152 84 2 1 295 0 0 0 7 38 0 3 22 172 10 85 7 3 24
8 2 4 10 35 51 8 6 10 4 3 44 3 228 203 46 272 69 52 139 705 1195 873 45 162 36 43 185 34 14 12 702 6594 9179 71 204 2622 2907 195 236 648 14 99 5 1 26 1022 6 11 3 1 11 2 56 13 54 53 3818 1480 4673 57 5 21 59 206 5 151 2630 554 6 4 210 685 199 3838 11 7 2 56 2 7 1 136 139 332 152 127 8 10 0 28 17 6 1 24 1185 35 6 76 8 8 2 25 6 4 48 3 2 17 23 56 78 0 0 10 0 10 5 3 24 46 19 16 26 24 1 11 1 2 4 13 4 33 73 1 57 2 0 47 44 6 55 4 7 56 2 2 1 27 14 22 0 0 6 0 0 1 2 1 2 5 16 2 2 11 0 4 2 1 2 23 3 5 1 0 7 6 0 1 0 219 109 53 5 0 163 1 0 0 3 22 0 2 3 60 2 53 7 2 19
1 0 1 5 16 10 1 1 0 0 0 6 0 2648 873 195 213 84 46 229 14 64 111 1853 15 43 7395 701 71 23 68 2 12 71 6311 3834 421 47 37 3506 346 12 1222 1 0 4 5853 3 10 0 0 0 0 41 12 5 442 69 1510 320 9 2 16 293 61 0 379 623 57 4 3 1 14 4 318 0 0 0 2 0 1 1 33 66 41 60 17 0 6 0 8 5 2 3 30 45 0 1 26 62 0 0 0 0 0 0 0 0 0 0 0 0 0 0 0 0 0 3 0 0 5 1 11 1 1 0 2 0 0 0 0 0 0 1 0 0 0 1 3 3 3 3 0 0 2 0 0 0 3 1 0 0 0 0 0 0 0 0 0 0 0 0 0 0 0 0 0 1 0 0 0 0 0 0 0 1 0 0 0 0 1 4 4 0 0 3 0 0 0 0 0 0 0 0 1 0 0 0 0 0
0 0 0 0 6 4 0 0 0 0 0 1 0 3987 1016 54 321 15 5 36 2 3 55 50 2 0 258 532 7 5 7 3 38 204 3834 3441 2382 88 188 144 96 3 42 0 0 1 1430 0 0 0 0 0 0 1 1 1 49 187 2817 1834 4 0 5 55 117 0 28 533 81 0 0 2 6 1 225 0 0 0 1 0 0 0 1 5 2 5 1 0 0 0 1 2 0 0 7 20 0 0 1 7 0 0 0 0 0 0 0 0 0 0 0 0 0 1 0 0 0 0 1 4 1 2 2 0 0 0 0 0 0 0 0 0 0 0 0 1 0 0 0 3 1 1 0 0 0 1 0 0 5 1 0 0 0 0 0 0 0 0 0 0 0 0 0 0 0 0 1 1 0 0 0 1 0 0 0 0 0 0 0 0 0 1 1 0 0 0 0 0 0 0 0 0 0 0 0 0 0 0 0 0
1 0 0 0 15 12 0 0 1 0 0 0 14 1539 287 88 818 346 386 171 62 77 704 55 12 4 73 174 12 7 7 13 298 2622 421 2382 4229 933 87 182 381 7 82 29 4 77 727 5 3 3 0 1 0 2 0 2 41 926 1261 1734 168 6 13 55 81 9 16 990 168 4 0 31 139 145 909 5 0 1 17 0 0 3 3 3 10 10 14 12 9 4 48 3 1 4 17 93 2 0 0 10 2 2 4 3 2 5 0 5 1 0 2 9 5 5 14 6 61 25 23 39 190 91 93 48 45 10 44 9 27 7 6 4 5 20 4 31 10 1 126 146 6 201 5 3 41 24 3 2 134 25 27 2 1 1 0 2 0 0 0 0 5 14 0 0 5 0 20 19 9 0 29 30 5 3 1 3 1 0 2 1 15 129 54 3 0 65 0 1 1 3 9 4 6 7 5 0 34 15 1 14
0 1 4 6 19 21 0 1 1 2 1 18 308 67 51 61 183 894 2646 165 297 556 1231 84 123 48 54 44 12 9 11 30 2166 2907 47 88 933 10002 112 424 465 35 256 3085 71 1019 931 18 18 70 0 8 0 7 3 6 36 406 297 480 702 22 29 121 107 169 51 533 536 11 9 234 3782 2445 574 41 39 62 128 6 22 31 21 33 105 51 62 71 64 65 913 32 1 13 66 175 14 1 23 5 4 15 14 9 10 15 3 12 5 3 19 29 11 17 141 31 234 93 103 442 753 609 545 158 163 31 104 40 82 44 23 10 25 117 13 152 52 7 516 637 73 609 54 16 181 66 13 7 530 309 107 6 8 2 2 4 2 5 0 3 15 54 1 0 15 2 104 84 17 25 98 63 19 8 1 67 6 2 37 4 169 615 448 9 3 329 3 2 7 19 48 12 20 13 51 10 149 60 10 70
9 1 2 12 57 56 3 3 0 1 0 10 4 477 1775 3443 107 8838 98 273 15 16 133 125 6 4 66 5229 67 46 53 6 34 195 37 188 87 112 15336 23 896 102 581 10 2 69 108 81 66 2 1 2 0 12 3 6 192 582 330 250 2749 62 61 460 5515 17 77 937 8346 37 44 3 33 13 1622 575 1 0 0 0 35 0 21 16 30 14 8 67 201 4 545 100 7 31 199 199 1 2 3 36 0 0 0 1 0 0 0 0 0 0 1 0 2 24 294 9 10 112 1 912 37 620 31 1 3 1 0 3 1 22 0 1 2 2 0 10 1 0 10 18 251 2 133 0 1 3 8 5 24 222 1 1 2 0 0 1 0 0 0 0 0 0 0 0 1 0 47 44 11 29 0 0 1 0 2 50 1 1 20 3 1 5 21 1 2 7 0 1 3 0 0 7 3 1 1 1 0 1 0 1
10 4 17 8 29 35 9 6 1 2 0 14 1 245 318 46 222 53 55 355 348 4254 5079 10735 2352 5266 5273 84 119 21 52 15 182 236 3506 144 182 424 23 12959 1651 93 3963 33 0 26 7182 4 58 1 1 7 6 231 44 42 426 57 358 54 46 17 41 262 58 2 1641 241 74 13 3 80 503 167 204 9 8 0 92 0 7 0 239 569 694 1003 464 5 16 5 27 32 7 17 220 113 3 1 460 59 0 1 1 1 0 2 2 2 1 2 2 9 1 0 3 12 115 14 52 12 222 30 134 30 30 6 28 8 10 4 2 4 5 19 5 39 8 2 114 243 3 139 1 2 37 15 0 0 97 8 9 0 1 0 0 0 1 1 0 0 2 7 0 0 5 0 1 12 4 0 11 11 1 1 1 5 1 0 1 1 31 119 86 0 1 29 0 0 2 1 5 0 2 1 3 0 24 11 1 6
1561 627 1178 748 422 753 239 518 41 686 213 730 23 900 2451 1523 430 2042 530 671 1021 592 10361 2931 149 588 768 333 330 688 548 169 466 648 346 96 381 465 896 1651 13599 3189 3756 90 28 781 183 376 2905 32 231 227 4 75 1748 1705 320 354 45 88 1639 222 448 350 272 32 294 249 1282 506 337 375 412 210 1740 381 47 7 176 30 849 33 725 151 828 182 106 1037 1115 104 1556 3401 704 1329 2737 994 127 73 99 183 7 8 39 15 6 95 6 12 32 45 95 123 0 2 10 4 22 9 8 43 47 50 19 36 38 5 20 2 2 4 23 3 31 105 0 58 4 0 44 59 6 54 9 7 56 6 10 2 28 56 36 13 24 3 0 8 7 4 8 23 8 12 0 2 8 0 10 3 5 2 22 10 12 4 9 14 8 7 39 2 264 133 61 3 6 187 10 15 56 4 23 54 9 7 85 3 55 16 3 25
1 0 0 0 2 1 0 0 0 1 0 0 5 17 57 77 18 203 41 39 24 126 1396 2910 12 24 83 24 6 2 6 0 5 14 12 3 7 35 102 93 3189 3068 7095 22 6 188 28 54 457 3 0 1 0 11 1 1 16 10 5 8 366 41 132 92 45 6 33 14 474 19 18 4 9 2 37 130 3 0 1 0 9 0 7 17 27 17 6 29 84 7 624 116 5 31 522 9 3 0 10 3 0 0 0 0 0 0 0 0 0 0 0 0 0 0 4 0 0 0 0 14 2 4 0 0 0 0 0 0 0 0 1 0 0 0 0 2 1 0 3 3 1 1 1 0 0 0 1 0 1 20 0 0 0 0 0 1 0 0 0 1 0 0 0 0 0 0 2 0 0 0 0 0 0 0 0 5 0 0 12 1 1 1 0 0 4 0 0 2 0 0 0 9 1 0 0 0 0 0 0 0
20 6 7 10 25 38 9 6 1 3 1 19 33 231 436 610 132 1485 359 318 325 1834 4481 4135 409 566 2056 420 209 40 72 6 71 99 1222 42 82 256 581 3963 3756 7095 9241 112 29 2190 1468 222 1200 3 0 6 6 332 50 51 793 70 176 28 4709 238 1360 7616 568 21 2346 234 3305 138 63 25 157 58 309 443 5 0 28 1 46 0 291 641 677 895 174 97 261 27 2349 272 14 122 1787 97 3 2 450 126 0 1 0 0 0 1 0 0 0 0 2 1 0 2 35 6 27 17 12 129 54 54 41 4 5 5 4 3 4 3 1 0 0 5 1 8 3 0 27 64 40 36 22 2 12 2 3 0 25 101 1 5 6 0 0 4 1 0 0 0 0 0 0 0 1 0 33 9 5 6 3 0 0 0 4 34 0 0 25 5 8 38 26 0 6 8 1 4 5 0 2 20 3 0 1 0 9 1 0 2
1 0 0 3 0 0 1 1 6 11 0 2 5845 0 1 2 78 274 8542 250 12 39 38 14 6 15 2 1 1 1 1 0 13 5 1 0 29 3085 10 33 90 22 112 12754 2092 1359 22 11 19 627 6 71 0 0 1 2 3 1 0 0 291 7 18 34 8 522 4 2 73 19 27 276 2654 4035 4 38 1183 2513 2189 64 99 313 2 4 7 6 4 440 444 723 2368 30 0 7 80 1 56 1 1 3 3 2 0 4 2 2 0 2 1 1 4 10 5 13 186 20 130 151 66 452 491 879 400 52 45 9 41 28 38 27 7 3 11 28 7 52 21 2 218 296 67 229 44 9 48 27 17 13 259 358 19 4 19 1 1 22 0 1 2 13 2 16 2 2 11 0 110 39 13 36 35 14 2 1 8 112 7 9 127 16 47 216 401 1 14 85 7 13 38 1 11 54 19 5 10 2 38 11 2 14
2 0 0 0 0 0 7 5 64 63 7 1 1609 1 1 3 4 14 141 10 1 2 2 1 0 1 1 0 0 0 0 2 2 1 0 0 4 71 2 0 28 6 29 2092 9412 1542 0 4 16 4482 23 170 1 1 2 1 1 1 1 0 32 8 8 5 3 3741 3 2 9 9 13 195 370 304 2 8 1931 2180 803 160 196 689 3 3 1 1 0 1554 1300 3953 4679 24 0 9 55 0 825 50 0 0 0 0 1 0 1 0 0 0 0 0 0 2 1 1 63 2 3 5 2 79 19 25 7 2 0 0 2 0 1 1 6 2 5 1 2 5 0 0 8 7 10 2 20 0 1 17 149 13 30 1148 0 35 58 0 1 70 14 7 13 55 0 1 0 0 2 1 118 32 24 90 4 8 4 4 45 278 12 37 809 126 4 6 14 1 113 9 26 277 201 0 0 353 26 2 5 0 1 0 2 0
0 0 1 0 7 5 2 1 12 9 1 1 1914 1 8 16 113 4705 3850 180 11 35 46 189 12 4 19 36 10 3 12 1 54 26 4 1 77 1019 69 26 781 188 2190 1359 1542 8633 26 61 162 38 2 3 1 5 0 1 36 13 7 0 907 49 90 1011 203 1434 68 23 166 28 33 48 370 216 49 100 196 78 211 0 23 3 10 19 18 30 7 73 176 140 2509 190 3 56 564 15 75 7 12 10 0 8 2 1 3 0 0 4 0 0 1 4 7 20 973 14 18 54 7 1369 101 383 49 2 2 2 4 3 1 13 34 14 6 9 8 22 1 2 49 42 254 7 420 0 3 47 212 38 136 3278 2 22 31 1 1 25 0 0 0 1 0 5 0 0 9 1 713 192 53 245 4 16 11 3 14 784 0 17 377 48 6 34 61 3 48 23 1 24 29 3 2 63 35 19 4 2 3 1 3 1
20 6 8 15 40 33 7 7 0 4 0 15 3 827 480 34 194 60 24 150 64 637 172 1095 2438 36 910 720 216 34 179 22 583 1022 5853 1430 727 931 108 7182 183 28 1468 22 0 26 16129 16 17 0 2 6 8 219 47 16 1600 146 1218 490 69 15 109 653 386 1 2294 2739 271 9 3 181 890 73 568 7 8 0 142 0 7 0 157 420 300 796 2166 3 13 1 15 20 2 5 158 193 1 4 616 234 0 1 0 0 0 1 0 0 0 0 4 5 0 0 2 1 33 3 5 11 66 15 33 6 7 0 6 0 4 1 0 0 2 11 1 12 8 0 32 65 4 35 3 1 24 2 0 0 24 13 5 1 0 0 0 0 0 0 0 1 0 2 0 0 3 0 5 3 2 0 3 4 0 0 1 4 1 0 0 0 23 35 27 0 0 12 2 0 0 0 4 0 2 1 1 0 11 0 0 2
3 0 9 0 8 3 4 4 0 0 0 2 3 4 13 32 5 149 20 15 5 32 18 7 11 2 3 10 12 4 10 0 3 6 3 0 5 18 81 4 376 54 222 11 4 61 16 10365 209 13 1 1 0 11 4 4 48 22 4 0 241 14028 4188 342 161 5 67 21 4847 2952 2702 0 2 0 102 4727 0 0 1 0 762 3 11 20 28 15 3 2011 2690 15 597 217 18 1097 1769 19 2 0 9 9 0 0 0 0 0 0 0 1 0 0 0 0 1 0 4 2 1 4 0 8 1 3 3 0 0 0 1 0 0 0 0 2 0 2 0 1 1 0 0 0 0 1 4 1 0 6 38 3 7 54 0 209 432 3 5 139 1 0 3 22 0 0 0 0 0 0 7 3 69 6 0 0 0 0 152 36 8 35 478 18 0 3 5 1 183 3 61 50 321 0 0 635 143 0 3 1 0 0 0 0
14 2 14 6 3 5 7 13 0 10 0 5 3 17 79 148 19 191 27 35 43 164 271 134 25 24 34 13 20 12 10 3 4 11 10 0 3 18 66 58 2905 457 1200 19 16 162 17 209 9170 5 2 2 0 24 8 45 20 12 3 3 302 114 238 37 36 10 69 5 345 137 73 3 7 2 43 134 2 1 6 0 78 3 22 24 50 46 7 314 647 60 561 4354 112 2650 11465 12 1 0 19 1 0 0 0 0 0 0 0 0 0 0 0 1 0 0 2 0 0 2 0 12 4 1 1 0 0 0 2 0 0 0 0 0 0 0 0 1 0 0 2 0 0 1 3 0 0 0 1 0 2 14 0 8 9 0 0 5 1 0 0 2 0 0 0 0 0 0 3 2 0 1 0 0 0 0 1 1 1 2 15 2 4 1 2 0 3 0 3 3 10 0 0 20 2 0 0 0 0 1 0 0
3 0 2 0 0 3 14 6 90 87 3 6 198 0 0 1 5 2 70 4 1 0 2 0 0 0 1 1 4 5 3 0 8 3 0 0 3 70 2 1 32 3 3 627 4482 38 0 13 5 10893 171 2114 2 0 22 5 2 1 0 0 10 9 3 2 2 1701 4 0 15 23 29 107 221 786 3 17 1420 851 364 2113 929 5806 14 2 2 1 2 5226 2441 4397 1419 92 6 11 26 3 1004 58 0 0 0 0 3 0 0 1 0 1 2 5 3 1 0 0 21 0 1 1 0 16 11 5 3 0 0 2 3 0 0 0 1 1 0 1 0 0 1 0 3 1 4 1 3 5 2 10 173 7 12 434 0 105 239 0 0 252 124 21 87 309 1 0 1 0 0 0 20 9 38 59 0 1 1 1 72 78 46 120 1081 103 4 4 13 1 210 20 161 1007 1031 0 2 1080 63 3 4 0 0 1 0 0
84 16 27 17 15 11 42 41 0 18 11 11 0 1 1 0 1 0 2 0 1 5 0 1 0 1 1 0 28 36 17 3 0 1 0 0 0 0 1 1 231 0 0 6 23 2 2 1 2 171 6394 17986 2 11 263 194 16 1 0 0 1 0 0 2 3 63 12 2 4 241 15 8 4 32 8 0 23 15 4 983 2408 218 234 20 29 13 2 158 13 4 5 3672 6577 37 14 11 17 3 0 0 0 1 1 0 0 2 1 0 0 0 2 3 0 0 0 0 0 0 0 0 0 0 0 1 1 0 0 0 0 0 0 0 1 0 0 1 0 0 1 0 0 2 1 1 2 0 2 0 0 1 0 5 2 0 0 2 160 36 60 130 0 0 0 0 0 0 1 0 0 3 1 0 0 0 0 0 33 21 10 0 3 5 5 0 1 9 21 7 106 0 0 7 4 0 4 0 0 0 0 0
217 47 112 41 27 41 100 122 29 103 26 44 7 3 3 0 2 2 9 0 6 6 2 3 8 0 1 9 106 113 65 3 18 11 0 0 1 8 2 7 227 1 6 71 170 3 6 1 2 2114 17986 28706 2 29 561 319 43 4 0 0 2 0 2 4 2 698 37 6 6 585 143 45 30 272 45 1 326 222 60 14383 4813 1478 548 43 59 23 5 633 71 42 28 3028 3327 32 8 36 254 30 2 6 3 1 1 1 0 1 2 8 1 1 10 5 0 0 0 1 0 0 0 0 0 1 0 3 1 1 2 0 1 0 1 0 0 3 0 5 0 0 3 3 0 4 0 4 11 7 16 2 8 8 2 128 42 4 5 28 1629 471 1102 2061 12 5 0 1 0 0 0 0 4 46 0 0 0 0 4 1 492 270 87 3 27 19 48 1 6 78 451 49 1488 1 6 110 105 0 44 2 2 0 0 0
45 4 14 6 10 11 45 26 21 43 18 27 0 1 1 0 0 0 0 0 1 4 0 5 7 0 3 3 175 35 10 3 4 2 0 0 0 0 0 6 4 0 6 0 1 1 8 0 0 2 2 2 7829 3139 1414 0 30 1 0 0 2 1 4 2 2 0 69 5 2 0 0 16 4 3 13 1 6 0 1 1 0 1 458 33 2 5 10 0 0 0 1 0 1 0 0 7 36 6022 1 1 1 0 1 0 0 1 0 0 0 0 0 2 0 0 0 0 0 0 0 0 0 0 0 1 0 0 0 0 0 0 0 0 0 1 0 0 0 0 0 1 0 0 0 0 1 0 0 0 1 0 0 0 0 0 0 0 0 0 0 0 0 0 0 0 0 0 0 0 0 0 0 0 0 0 0 0 0 0 0 0 5 1 1 0 0 2 0 0 0 0 0 0 0 0 1 0 0 0 0 0
1148 125 308 182 249 285 740 506 26 308 60 247 0 19 18 3 3 5 3 3 32 117 42 98 289 35 171 116 11362 1144 527 48 61 56 41 1 2 7 12 231 75 11 332 0 1 5 219 11 24 0 11 29 3139 16430 3436 76 915 34 4 3 25 16 97 205 84 0 3734 128 114 7 8 86 42 57 665 6 13 0 19 4 15 3 2317 6235 150 244 484 3 10 1 23 34 14 14 144 383 39 2374 93 186 0 2 14 3 1 33 0 5 6 14 20 40 0 0 0 0 2 0 0 1 4 0 2 9 3 1 4 0 1 0 11 0 13 29 0 23 0 0 4 5 0 5 0 7 22 0 0 0 6 2 5 0 0 2 0 0 0 1 0 0 3 1 1 2 4 0 1 0 0 1 4 2 0 1 0 0 0 0 1 0 91 23 11 1 1 45 0 0 2 1 2 0 0 1 28 0 11 2 1 7
790 65 236 83 135 117 590 453 33 294 63 162 1 2 11 1 0 0 0 0 9 43 8 16 60 18 25 13 1788 549 224 19 31 13 12 1 0 3 3 44 1748 1 50 1 2 0 47 4 8 22 263 561 1414 3436 13588 748 239 17 0 0 5 2 12 30 25 8 401 25 20 32 10 56 17 21 163 1 11 8 15 70 192 25 3858 267 118 104 65 22 3 0 4 1127 200 17 33 140 45 3833 23 61 0 1 6 0 1 11 1 3 2 4 23 16 0 0 0 0 1 0 0 0 1 0 1 8 3 0 1 0 0 0 4 0 7 13 1 3 0 0 4 4 0 4 0 3 11 1 1 0 3 0 7 0 1 0 0 0 3 1 4 6 0 0 0 0 0 0 0 0 0 0 1 2 0 0 0 0 2 1 1 0 46 15 7 1 0 26 2 0 11 0 2 0 0 0 15 1 6 0 0 7
570 121 337 190 112 170 198 239 14 183 55 144 1 4 6 3 0 2 0 0 1283 140 16 9 76 20 9 14 256 405 180 23 51 54 5 1 2 6 6 42 1705 1 51 2 1 1 16 4 45 5 194 319 0 76 748 2936 165 24 0 1 5 1 14 26 9 3 128 26 30 56 31 52 37 49 219 2 11 2 21 29 195 10 6641 158 2671 177 43 59 14 1 9 1021 277 64 52 163 20 35 47 55 1 3 4 2 3 15 0 1 5 9 23 15 0 0 0 0 2 0 1 0 7 0 1 9 6 1 3 0 0 0 6 0 6 24 1 13 0 0 5 7 0 10 0 2 13 0 0 0 7 0 4 0 1 0 0 0 5 0 2 5 4 3 0 0 1 0 1 0 0 0 5 2 0 1 0 0 3 2 0 0 62 20 9 0 0 32 0 0 3 0 4 1 0 0 19 0 20 1 1 3
177 53 66 293 852 348 64 42 8 52 9 164 3 341 291 26 15 21 6 12 143 274 46 395 808 13 877 1116 4490 5332 9210 54 98 53 442 49 41 36 192 426 320 16 793 3 1 36 1600 48 20 2 16 43 30 915 239 165 17168 111 37 12 98 72 443 959 870 2 7290 2266 861 29 13 159 36 30 5508 28 10 1 43 5 42 0 783 987 702 1252 6802 32 43 4 58 91 41 49 387 2293 26 61 3630 7313 6 3 23 5 2 58 6 7 14 21 53 47 0 0 3 0 0 2 1 7 5 3 3 4 7 0 2 0 0 0 9 1 25 44 0 18 0 0 7 4 3 8 1 6 25 0 0 1 3 12 2 1 2 3 0 0 2 5 1 3 2 3 0 3 1 0 2 1 0 0 6 2 5 0 0 6 1 0 5 2 109 25 15 0 3 59 0 0 1 1 8 3 0 5 36 1 11 1 0 3
4 2 8 4 28 20 0 0 0 5 3 46 0 489 574 100 379 52 46 226 255 400 176 26 78 10 59 566 43 14 23 2312 2394 3818 69 187 926 406 582 57 354 10 70 1 1 13 146 22 12 1 1 4 1 34 17 24 111 7649 277 2416 55 18 63 50 567 0 109 3586 1150 7 10 551 461 70 8053 25 1 0 112 0 7 0 62 87 180 74 41 5 16 1 18 14 8 9 55 707 6 5 33 35 1 3 5 0 0 11 4 1 4 8 15 22 2 0 8 0 3 5 0 14 9 15 4 8 5 0 4 0 1 2 3 0 4 26 1 20 0 0 9 13 5 18 5 8 29 2 0 0 10 7 10 0 0 0 0 0 1 1 0 0 7 2 0 1 1 0 1 2 0 1 5 1 1 0 0 4 0 0 0 0 60 33 13 0 1 31 0 1 1 0 2 2 1 3 13 0 20 2 0 2
0 0 1 2 2 3 0 0 0 0 0 0 0 1042 679 53 222 19 4 70 4 8 23 97 2 0 349 975 2 1 10 3 249 1480 1510 2817 1261 297 330 358 45 5 176 0 1 7 1218 4 3 0 0 0 0 4 0 0 37 277 2208 4268 21 9 56 211 438 1 18 791 302 3 1 8 68 4 218 6 0 0 2 0 1 0 2 5 4 0 4 4 0 1 8 1 0 1 21 10 0 0 3 8 0 0 0 0 0 0 0 0 0 0 0 0 0 0 0 0 1 0 1 3 5 4 0 0 1 0 0 0 0 0 0 0 0 1 0 0 0 0 1 2 2 3 0 0 3 0 0 0 2 3 0 0 0 0 0 0 0 0 0 0 0 0 0 0 0 0 2 0 0 0 1 0 0 0 0 1 0 0 0 0 1 2 0 0 0 1 0 0 0 0 1 0 0 1 0 0 0 0 0 0
0 0 0 0 5 2 0 1 0 0 0 0 0 674 382 73 385 40 15 114 36 40 162 29 11 2 56 311 1 1 4 6 607 4673 320 1834 1734 480 250 54 88 8 28 0 0 0 490 0 3 0 0 0 0 3 0 1 12 2416 4268 2827 11 5 8 35 154 1 9 2471 207 4 1 19 126 6 480 2 0 0 8 0 0 0 5 2 7 1 8 1 4 0 3 6 0 0 6 13 1 0 1 0 0 1 0 0 0 0 0 0 0 1 0 1 0 0 4 0 0 1 2 8 6 9 0 2 3 0 1 1 0 0 0 0 1 3 0 4 0 0 3 7 3 6 1 0 1 0 0 2 0 2 1 0 0 0 0 0 0 0 0 0 1 0 0 0 0 0 4 0 0 0 2 1 0 0 0 0 0 0 0 0 4 6 3 0 0 4 0 0 0 1 0 0 1 0 0 0 0 2 0 0
4 1 0 2 8 10 2 1 0 0 0 3 37 9 43 131 183 2870 906 411 24 64 86 392 27 7 40 127 30 7 23 1 59 57 9 4 168 702 2749 46 1639 366 4709 291 32 907 69 241 302 10 1 2 2 25 5 5 98 55 21 11 9409 196 316 2370 1042 246 174 61 3288 110 114 24 133 36 189 4413 30 16 39 1 106 2 17 51 50 66 17 143 528 25 4007 352 13 146 1443 38 9 0 42 21 0 4 0 1 2 2 0 3 2 0 4 0 8 10 586 15 8 22 3 544 67 194 26 1 3 4 1 4 3 9 15 10 5 5 4 16 2 3 38 40 136 7 242 2 2 25 164 34 93 1629 4 10 20 1 1 25 0 1 0 0 0 1 1 0 4 1 310 176 32 97 4 13 10 8 15 450 1 11 199 26 5 26 23 5 32 17 0 8 19 3 2 51 23 14 4 0 6 4 3 1
6 1 0 2 9 8 0 1 0 1 0 4 3 3 14 60 1 142 18 7 7 45 15 14 19 3 8 7 22 8 10 0 2 5 2 0 6 22 62 17 222 41 238 7 8 49 15 14028 114 9 0 0 1 16 2 1 72 18 9 5 196 12548 12155 436 211 9 123 24 2711 3960 2594 3 9 3 97 363 3 0 0 2 527 12 16 25 35 25 7 1210 701 26 628 140 23 1730 3299 24 0 0 11 8 0 0 0 0 0 0 0 0 0 0 0 0 0 0 5 1 0 1 0 14 3 1 3 0 0 1 2 0 0 1 2 0 0 0 0 0 0 0 0 1 0 1 0 1 0 3 7 1 1 46 0 69 120 0 0 42 2 4 4 23 0 0 0 0 0 0 2 1 12 2 0 0 0 0 63 15 9 21 165 13 0 1 0 0 83 3 36 19 195 0 0 284 42 0 1 0 0 1 0 0
9 2 3 7 30 19 4 2 0 5 2 6 0 9 55 162 21 236 62 37 31 215 85 50 60 11 39 50 103 26 61 2 4 21 16 5 13 29 61 41 448 132 1360 18 8 90 109 4188 238 3 0 2 4 97 12 14 443 63 56 8 316 12155 12355 6940 3402 12 717 117 8208 1486 183 2 14 6 350 389 5 1 4 0 69 2 59 157 123 157 37 312 1231 52 1055 267 32 1115 4802 64 3 1 76 57 0 0 0 0 0 0 0 0 0 0 0 0 0 0 7 0 2 2 0 26 8 15 7 0 0 1 0 0 0 0 0 0 0 0 0 0 0 0 3 5 9 2 3 0 0 4 17 1 7 54 0 51 123 0 0 35 2 0 0 4 0 0 0 0 1 0 10 3 26 3 0 0 1 0 62 23 1 9 183 19 2 1 3 0 87 4 3 15 59 0 0 259 35 0 1 0 1 1 0 0
17 2 9 11 21 24 4 6 1 6 1 12 19 73 86 122 53 1278 333 115 60 385 167 299 230 27 895 1087 185 30 132 5 31 59 293 55 55 121 460 262 350 92 7616 34 5 1011 653 342 37 2 2 4 2 205 30 26 959 50 211 35 2370 436 6940 11287 9327 33 1828 302 3749 150 45 19 66 17 280 153 0 0 13 0 30 0 129 391 244 493 90 57 138 8 414 65 5 100 2427 78 1 2 352 150 0 0 0 0 0 0 0 0 0 1 3 2 1 3 95 2 6 32 3 439 27 137 14 3 2 2 4 0 1 2 3 3 1 2 0 9 3 0 13 14 79 7 68 0 0 2 7 4 21 243 0 3 3 0 0 2 0 0 0 0 1 0 0 0 2 0 75 19 6 5 1 1 1 1 2 72 0 4 31 4 3 12 14 0 5 0 1 0 7 0 0 21 2 0 1 0 3 0 0 2
14 3 8 16 102 89 6 5 0 6 1 21 6 177 486 506 48 746 84 51 25 58 38 79 34 1 98 1486 197 67 159 7 31 206 61 117 81 107 5515 58 272 45 568 8 3 203 386 161 36 2 3 2 2 84 25 9 870 567 438 154 1042 211 3402 9327 10867 52 698 1252 9230 55 29 4 36 11 2053 55 0 0 3 0 12 0 78 155 107 103 49 32 44 5 102 49 2 36 423 314 0 10 72 204 0 0 0 0 0 0 0 0 0 0 0 2 1 11 229 2 3 29 1 789 11 173 14 2 1 1 0 0 0 3 3 1 0 5 1 6 0 1 7 15 167 6 190 0 0 4 21 7 16 546 0 4 6 0 0 2 0 2 0 0 0 0 0 1 5 1 186 49 5 32 1 1 2 0 0 192 0 1 35 4 0 11 10 0 4 10 0 0 5 0 0 9 4 2 0 0 1 1 1 0
4 0 1 0 0 1 5 3 26 23 3 1 3318 0 1 4 7 260 637 12 0 2 4 1 0 0 0 16 1 3 2 0 8 5 0 0 9 169 17 2 32 6 21 522 3741 1434 1 5 10 1701 63 698 0 0 8 3 2 0 1 1 246 9 12 33 52 896 5 1 39 10 16 41 96 555 4 15 483 915 144 486 342 855 5 0 1 2 0 930 459 871 1186 35 1 8 45 4 349 22 1 0 0 1 0 1 0 1 0 0 0 0 2 4 0 2 877 1 0 18 0 399 47 214 20 0 0 0 1 2 0 3 3 1 0 1 0 5 0 1 12 10 29 2 39 1 1 11 157 38 58 1358 0 15 23 0 1 27 45 7 18 69 2 0 0 0 3 0 94 36 10 2162 0 1 1 0 6 84 12 21 186 26 3 16 56 1 24 20 16 24 122 0 0 91 21 2 2 1 1 0 0 0
420 111 286 238 421 617 104 149 22 206 45 367 2 151 107 19 11 28 8 9 76 559 183 934 2886 127 1305 749 8020 1135 1098 143 180 151 379 28 16 51 77 1641 294 33 2346 4 3 68 2294 67 69 4 12 37 69 3734 401 128 7290 109 18 9 174 123 717 1828 698 5 20754 1240 777 66 19 197 144 65 2981 44 14 0 81 4 27 1 1520 8037 1305 6146 6204 24 56 7 139 81 33 52 853 973 50 70 1923 992 2 7 23 6 1 52 1 4 14 15 61 56 0 1 6 1 5 0 0 12 9 5 5 8 12 2 0 0 0 0 13 0 21 53 0 24 0 0 7 16 2 11 2 6 22 1 1 0 9 10 18 2 1 2 0 0 1 1 0 2 4 7 0 1 6 0 0 3 0 1 11 4 1 0 2 10 1 0 1 2 129 39 26 0 2 57 1 0 3 1 7 7 0 4 31 0 15 4 2 6
25 5 12 28 88 115 10 4 0 3 2 40 0 1269 1263 110 278 60 21 134 68 82 70 153 27 2 410 1938 320 93 446 23 625 2630 623 533 990 533 937 241 249 14 234 2 2 23 2739 21 5 0 2 6 5 128 25 26 2266 3586 791 2471 61 24 117 302 1252 1 1240 6102 1560 15 7 52 306 17 5793 27 2 0 28 1 8 0 102 182 138 135 204 11 17 1 22 20 5 9 80 315 1 2 96 417 1 0 1 0 1 6 0 0 0 1 2 1 0 0 4 2 2 3 3 23 3 8 2 1 1 0 1 1 1 1 0 0 2 1 0 6 0 0 5 10 4 2 3 1 3 2 0 0 4 8 0 0 0 1 0 0 0 0 0 0 0 0 0 1 0 0 2 1 0 1 2 1 0 1 1 2 1 0 3 0 10 7 6 0 0 4 0 0 0 0 1 0 1 1 3 0 2 2 0 2
21 1 6 18 157 129 7 5 0 4 2 46 4 149 586 1132 105 2976 135 265 66 175 162 80 67 11 54 350 205 96 243 21 133 554 57 81 168 536 8346 74 1282 474 3305 73 9 166 271 4847 345 15 4 6 2 114 20 30 861 1150 302 207 3288 2711 8208 3749 9230 39 777 1560 11914 761 828 23 106 22 3611 5800 1 1 16 1 360 6 100 164 172 171 69 895 1769 39 2920 385 22 404 3273 550 3 2 99 231 0 1 0 0 0 2 0 1 0 1 0 5 4 5 114 2 11 14 4 198 29 73 15 4 2 0 3 3 4 3 5 5 1 5 0 9 1 0 18 13 58 15 83 1 5 14 96 9 37 662 2 28 54 2 2 38 1 0 0 8 0 3 0 1 1 0 116 60 18 34 2 5 2 1 46 216 1 17 314 49 9 16 15 3 71 20 8 20 45 0 0 181 34 1 0 0 4 4 1 1
60 13 33 9 12 12 22 33 2 26 9 16 3 3 11 32 4 73 16 6 4 44 15 6 6 2 4 2 27 47 20 0 3 6 4 0 4 11 37 13 506 19 138 19 9 28 9 2952 137 23 241 585 0 7 32 56 29 7 3 4 110 3960 1486 150 55 10 66 15 761 2686 1404 8 4 6 65 190 2 1 3 21 3599 167 54 19 22 27 5 1004 340 35 410 996 1246 1698 1451 15 4 5 16 10 0 0 0 0 0 0 0 1 0 0 0 0 0 0 2 0 1 1 0 3 0 2 0 1 1 1 2 0 0 0 0 0 0 1 0 0 0 0 0 2 1 1 2 0 1 5 16 2 3 30 1 136 136 1 1 35 42 24 59 289 0 0 0 0 0 0 5 2 12 2 0 1 0 0 43 8 86 135 148 8 5 3 4 0 45 7 168 11 713 0 0 212 94 0 2 0 0 0 1 0
18 6 13 4 6 5 8 9 3 8 1 6 4 0 5 13 3 83 18 3 2 7 4 2 3 0 0 1 13 13 5 1 6 4 3 0 0 9 44 3 337 18 63 27 13 33 3 2702 73 29 15 143 0 8 10 31 13 10 1 1 114 2594 183 45 29 16 19 7 828 1404 7422 3 11 9 25 310 1 0 3 17 9011 124 16 11 2 2 2 1762 427 35 556 355 786 465 478 8 4 2 5 4 0 0 0 0 0 0 0 0 0 1 0 0 1 0 1 1 0 0 0 5 3 0 0 0 0 0 2 0 0 0 0 2 0 0 0 0 0 0 1 1 2 0 1 2 0 3 9 0 2 41 0 82 92 1 1 41 16 14 42 201 0 0 0 0 0 0 7 0 11 4 0 0 0 0 15 9 44 91 135 12 1 0 1 0 29 5 122 16 584 0 0 178 77 0 0 0 0 0 0 0
47 15 26 28 117 330 162 108 530 1689 1096 1660 222 2 3 2 7 18 38 7 289 421 182 11 87 20 9 2 90 26 34 1740 2874 210 1 2 31 234 3 80 375 4 25 276 195 48 181 0 3 107 8 45 16 86 56 52 159 551 8 19 24 3 2 19 4 41 197 52 23 8 3 5156 1080 1823 1247 3 2899 686 1620 21 44 91 157 122 264 97 43 100 49 77 87 23 14 2 9 2092 6340 634 40 12 40 39 173 54 28 389 32 29 113 239 476 545 0 1 4 0 17 4 6 8 29 14 9 77 51 3 9 4 5 3 125 5 163 393 1 168 0 0 52 51 1 52 3 58 251 3 4 1 22 14 32 2 2 23 1 1 17 13 6 14 33 50 4 37 21 0 4 6 2 2 68 30 11 0 1 5 16 1 10 3 1336 359 258 5 3 691 0 2 6 6 80 9 2 32 414 25 165 19 6 26
11 3 9 12 35 116 11 9 37 34 10 167 608 11 11 10 22 176 193 12 648 1084 675 96 322 115 31 10 22 14 10 444 1115 685 14 6 139 3782 33 503 412 9 157 2654 370 370 890 2 7 221 4 30 4 42 17 37 36 461 68 126 133 9 14 66 36 96 144 306 106 4 11 1080 8208 3894 1000 13 841 721 3317 33 53 146 131 99 340 158 203 131 87 156 359 21 7 6 39 851 274 32 92 7 11 11 47 13 9 83 8 25 21 40 104 147 2 0 34 9 120 19 25 83 229 83 120 143 132 21 72 6 15 7 35 4 55 269 4 201 14 3 240 268 12 283 21 31 241 18 5 1 183 91 99 3 2 12 0 8 8 8 4 4 16 42 1 6 24 2 22 17 7 7 95 43 10 4 2 20 5 0 27 2 642 558 335 3 1 567 3 3 17 13 53 11 12 23 134 8 188 34 5 84
16 5 15 22 15 52 27 25 141 417 66 100 1232 1 4 13 168 238 7188 340 170 337 102 32 65 38 15 11 25 18 14 83 344 199 4 1 145 2445 13 167 210 2 58 4035 304 216 73 0 2 786 32 272 3 57 21 49 30 70 4 6 36 3 6 17 11 555 65 17 22 6 9 1823 3894 4730 216 3 5021 1467 3053 167 190 719 130 68 179 71 22 576 118 189 179 50 14 6 21 173 3088 118 28 6 6 8 11 9 5 26 4 31 5 16 33 51 1 7 219 6 25 55 11 200 174 608 111 59 78 12 41 2 23 23 23 10 29 151 2 112 16 2 120 105 23 160 12 15 116 15 5 32 224 88 77 8 8 1 0 6 36 3 12 49 8 21 0 2 13 1 30 32 13 25 58 22 14 6 5 20 6 4 27 1 387 280 826 13 1 514 7 4 57 8 30 20 8 18 115 7 103 19 5 64
