29782 11168 9286 6898 1650 11316 14888 10669 360 982 90 3375 0 23 28 9 24 10 13 5 185 128 4 1 22 2 12 8 10321 7750 710 188 417 61 6 6 29 129 4 7 1281 1 11 3 0 9 16 5 5 3 121 248 1664 1992 1159 460 64 36 12 5 7 11 14 7 4 3 297 47 20 9 1 182 121 33 113 4 26 0 32 4 50 3 3650 1882 1266 240 44 11 8 2 14 233 68 30 14 1053 193 4690 56 59 20 6 187 132 2 157 11 9 86 31 130 231 1 0 1 0 3 4 4 2 12 5 4 20 18 0 2 1 2 1 12 0 29 131 4 73 0 0 35 30 3 12 0 11 28 1 1 0 4 3 32 0 0 0 0 3 3 1 3 0 3 23 1 7 29 0 2 1 0 0 52 23 30 24 0 0 2 0 5 0 106 49 12 34 2 66 0 0 3 1 25 0 1 15 96 11 8 6 2 12
11168 13430 8132 12130 1289 8916 190 173 56 191 143 2339 0 11 10 4 9 1 7 3 271 121 1 0 15 0 9 6 686 1692 258 102 541 46 4 1 11 45 1 9 728 0 11 0 0 1 8 3 2 3 42 92 228 471 225 287 51 20 5 0 3 4 8 9 1 0 328 20 5 2 1 385 125 32 79 0 47 1 63 2 12 0 1160 1498 1178 363 12 2 5 0 2 73 22 11 11 283 349 237 75 28 42 24 375 263 8 324 11 12 146 32 279 459 3 0 1 1 3 3 8 7 29 7 0 54 52 2 6 1 0 5 24 8 90 379 12 212 4 0 79 72 4 25 2 49 89 1 3 2 7 6 83 0 0 9 0 2 9 30 2 1 36 87 1 26 102 4 2 5 0 1 172 59 77 48 0 0 1 1 1 0 349 85 16 97 1 251 0 0 4 15 107 0 1 41 243 22 73 15 3 37
9286 8132 41527 15438 170 9751 1307 11431 967 6254 598 33801 1 10 9 1 9 1 12 6 383 214 7 3 29 1 8 4 597 203 124 158 1024 65 10 7 19 109 1 9 1005 0 9 1 1 3 21 1 6 2 110 208 581 780 560 413 57 24 12 5 0 4 9 1 5 2 300 61 9 7 0 910 227 52 98 1 95 0 116 3 40 3 2276 1597 1712 405 37 10 7 2 3 154 65 26 12 212 1386 1005 74 35 153 96 1373 795 27 1238 71 31 511 172 1035 1673 2 4 4 6 20 13 35 8 44 11 7 145 112 8 12 3 4 13 59 15 285 957 28 530 6 1 197 167 6 59 2 61 157 7 8 0 12 13 191 0 1 11 1 8 20 33 4 3 79 178 5 69 239 10 5 5 1 2 358 133 233 128 1 0 3 2 9 1 945 195 47 202 0 553 6 1 8 24 220 4 6 132 810 50 118 32 4 58
6898 12130 15438 28511 4779 13744 62 122 28 103 66 3114 0 20 16 3 6 5 2 1 255 125 0 2 8 0 7 6 217 274 376 104 325 34 6 4 17 53 4 7 407 2 3 5 0 1 9 2 3 1 11 30 92 198 97 160 82 19 4 0 1 6 8 6 11 1 254 12 11 3 1 202 82 24 110 3 20 0 33 2 7 0 530 898 778 311 11 0 3 0 4 18 6 2 11 588 325 83 66 28 26 10 301 188 7 294 12 4 130 20 206 343 0 1 0 0 4 2 8 4 12 2 1 48 40 1 2 2 1 0 24 4 64 250 5 112 0 0 43 42 0 11 0 24 69 1 0 1 4 9 50 1 1 10 0 3 3 13 1 1 16 56 3 26 46 1 4 0 0 2 123 37 59 41 1 1 0 0 4 0 219 56 5 61 0 149 0 0 1 11 76 0 1 29 156 16 54 8 3 15
1650 1289 170 4779 8616 6705 339 124 14 48 6 482 0 334 409 117 340 63 61 58 278 362 12 13 24 1 88 130 2409 4187 7046 488 792 660 48 28 234 579 64 26 345 7 29 5 0 25 19 26 7 2 21 40 361 656 181 112 584 170 41 22 53 43 73 49 87 4 503 34 182 9 16 78 333 15 717 13 7 1 27 0 7 0 730 988 690 387 23 4 12 1 53 43 14 5 37 5472 23 572 153 77 3 3 12 6 0 10 0 0 1 2 7 17 2 3 7 1 3 2 9 13 13 9 6 19 18 1 3 2 0 3 6 1 5 23 3 21 1 0 29 14 9 10 6 3 12 6 0 1 11 22 25 0 1 3 0 1 1 0 0 0 1 8 2 1 9 4 6 3 0 2 11 13 9 11 2 7 1 0 9 1 34 26 6 16 2 18 0 0 0 2 6 1 2 5 7 1 6 3 2 10
11316 8916 9751 13744 6705 9652 392 432 58 426 75 10336 1 39 57 20 57 19 20 14 1041 719 15 4 37 2 16 20 924 1617 1443 1412 1705 198 15 7 45 286 16 16 599 4 12 5 1 9 16 6 2 3 25 55 189 369 188 224 149 140 29 2 12 10 20 10 18 0 446 48 25 1 3 528 392 19 247 1 21 2 77 0 12 2 932 1128 1785 641 24 3 4 0 20 47 9 8 14 1346 401 383 232 43 33 24 366 225 10 331 20 10 131 31 230 424 3 2 0 7 9 7 16 10 20 10 3 51 51 7 6 2 0 2 24 7 81 340 10 188 1 0 74 64 3 24 4 14 50 1 3 0 9 14 90 0 0 7 0 2 13 10 3 1 17 54 2 24 95 10 3 4 0 1 131 52 76 50 0 3 4 0 5 0 343 84 19 70 2 198 2 1 4 8 85 2 9 56 247 14 47 8 2 32
14888 190 1307 62 339 392 10516 9774 1013 2673 258 1012 0 8 11 1 6 5 5 2 32 28 0 5 10 0 9 2 2707 702 195 46 92 16 1 1 11 34 4 4 101 0 7 0 0 2 5 1 1 1 38 49 1183 1195 554 57 15 5 3 2 1 7 8 3 5 1 34 18 8 1 2 61 37 4 35 0 38 1 9 1 8 1 906 181 137 37 6 2 1 0 7 36 10 6 10 355 399 6878 13 19 4 1 20 15 0 22 1 0 1 4 16 25 0 0 0 0 0 0 1 1 3 1 0 4 7 0 1 0 0 0 1 0 10 15 0 12 0 0 4 4 0 1 0 1 1 1 0 0 0 1 4 0 0 0 0 0 0 2 0 4 0 2 0 1 5 0 0 0 0 0 7 2 2 4 0 0 1 0 0 1 11 8 3 3 0 8 0 0 0 0 2 0 0 2 14 0 2 0 1 4
10669 173 11431 122 124 432 9774 18751 3889 24726 994 4882 0 4 1 1 4 0 4 1 22 17 0 0 6 0 0 1 388 264 69 21 66 5 2 1 3 20 1 1 241 0 5 0 0 0 4 0 0 1 50 59 680 495 392 103 5 2 4 1 0 1 1 3 0 0 32 16 6 1 0 72 37 6 11 0 18 0 11 0 7 0 980 281 225 32 7 1 0 1 1 58 21 8 4 107 347 2757 5 15 19 9 172 102 1 161 11 2 69 29 132 247 2 0 1 1 0 0 2 1 8 2 1 11 6 0 2 0 0 0 4 1 30 57 1 27 1 0 11 6 0 1 0 6 11 0 0 0 1 1 13 0 2 1 0 0 2 4 2 1 2 10 2 3 10 1 0 0 0 1 21 5 14 3 0 0 0 0 2 0 52 10 9 10 0 35 2 0 0 2 16 0 0 9 91 3 12 4 0 4
360 56 967 28 14 58 1013 3889 4023 5377 380 1102 7 0 2 0 3 2 5 0 31 45 2 0 4 0 1 0 34 30 11 11 89 3 0 0 3 20 0 0 41 4 4 1 14 29 5 1 0 19 3 25 208 103 111 10 1 0 0 0 5 1 0 0 0 14 10 2 3 1 2 529 204 122 3 2 510 22 164 16 17 21 77 43 44 23 8 26 25 59 64 6 1 4 6 13 3943 2310 10 1 2 0 22 8 1 14 0 0 6 5 15 24 2 1 0 4 0 1 11 1 14 3 9 6 5 1 2 2 1 1 1 0 1 18 1 10 0 0 12 5 1 5 0 3 8 2 0 0 6 1 9 0 1 0 1 1 3 1 0 1 0 3 0 0 2 0 1 1 0 0 12 5 2 0 2 1 0 1 9 2 12 15 18 4 0 12 0 0 3 2 6 1 0 0 10 1 3 1 0 6
982 191 6254 103 48 426 2673 24726 5377 27892 15478 31566 0 1 6 1 3 1 3 1 34 29 0 1 9 0 2 0 132 92 21 11 158 3 0 0 2 9 0 2 73 1 1 1 0 4 2 0 0 0 13 16 358 234 207 29 6 4 1 0 0 1 1 0 0 1 9 4 1 2 0 246 31 7 7 0 55 2 20 1 4 0 306 75 75 21 3 5 2 1 4 25 2 1 0 45 1584 2291 11 3 27 21 378 202 6 423 17 12 154 65 384 578 0 0 0 0 2 2 0 0 5 1 1 22 19 0 0 0 0 2 14 1 79 131 3 54 1 0 13 17 1 2 0 12 18 1 1 0 1 1 19 0 0 2 0 3 3 6 0 2 9 24 1 12 25 2 0 1 0 1 63 17 21 6 0 1 2 0 7 0 151 20 12 18 0 92 1 0 1 5 36 1 0 13 302 17 24 3 1 8
90 143 598 66 6 75 258 994 380 15478 6145 7824 0 0 0 0 1 0 1 0 21 17 0 0 0 0 0 0 19 11 3 4 157 1 1 0 0 7 0 1 20 0 0 0 0 1 0 0 0 1 1 1 51 26 35 3 1 0 0 0 0 0 0 0 1 0 8 1 0 0 0 477 25 3 0 0 31 0 13 0 0 0 56 23 26 6 0 0 0 0 1 1 0 0 0 7 1620 329 3 2 12 7 209 94 4 220 11 5 97 28 150 232 0 0 0 1 0 1 1 1 7 0 0 13 19 0 1 0 0 0 9 0 50 103 0 49 0 0 16 18 0 5 0 13 22 0 0 0 1 0 10 1 0 5 0 1 2 8 4 0 7 27 0 9 22 1 0 1 0 1 39 12 13 8 0 0 2 0 3 0 96 16 1 19 0 55 0 0 1 4 33 2 1 16 145 9 18 1 1 13
3375 2339 33801 3114 482 10336 1012 4882 1102 31566 7824 47045 2 25 35 9 32 11 19 4 895 762 9 3 32 1 13 4 252 420 212 990 4065 61 8 3 29 208 4 10 704 0 13 7 1 5 26 3 4 0 27 43 294 249 218 184 64 8 21 5 4 3 7 4 5 1 304 28 15 5 0 3139 511 52 80 3 105 2 129 0 8 0 769 906 1420 547 21 1 3 0 11 38 12 9 11 173 4313 1171 186 18 123 83 1505 915 31 1425 62 32 609 173 1256 1897 7 2 2 4 16 13 22 12 45 7 3 149 130 4 17 2 1 7 68 4 314 917 13 389 5 0 164 125 2 40 2 87 203 1 3 0 17 22 159 1 0 16 1 6 23 40 6 4 84 176 7 81 164 3 2 8 0 7 388 139 161 78 0 2 12 0 10 0 955 163 45 136 3 501 6 1 11 40 240 3 7 118 1007 50 153 53 3 80
0 0 1 0 0 1 0 0 7 0 0 2 8146 2 4 77 22 1381 6612 35 3 1 1 14 3 1 7 8 1 2 1 0 3 0 3 0 2 445 13 2 15 9 34 4998 3182 1850 4 6 6 74 1 11 2 1 1 1 0 0 0 0 37 12 11 22 17 1022 4 1 23 3 0 69 693 1347 1 13 197 555 411 20 14 25 4 1 0 1 0 44 71 379 901 6 1 4 22 3 50 7 0 0 0 1 1 0 0 0 0 1 1 1 0 1 5 62 571 7 2 70 7 409 96 618 18 3 0 1 0 16 0 15 2 0 0 1 0 0 2 0 12 10 184 3 59 1 7 23 49 16 85 1231 6 4 11 0 0 7 0 1 2 2 0 1 0 1 1 3 99 63 5 135 1 2 1 6 4 52 3 2 232 10 0 7 112 3 18 5 0 1 6 0 3 15 5 1 0 0 0 0 0 2
23 11 10 20 334 39 8 4 0 1 0 25 2 7769 5058 1305 3829 175 38 159 27 43 74 398 2 36 4880 1015 202 191 168 2 23 170 3730 4397 3244 127 99 830 291 26 391 16 0 5 183 8 21 2 1 1 32 67 12 5 81 831 799 1236 39 35 73 504 139 1 99 527 127 6 5 4 44 37 2050 15 1 2 18 0 13 0 50 55 18 14 21 6 15 4 26 26 3 7 128 688 1 21 4 33 2 0 1 3 0 1 0 0 0 0 0 1 55 30 17 104 8 106 141 26 420 200 217 73 37 11 35 9 1 36 3 2 1 5 4 3 23 1 44 85 12 58 8 1 49 7 1 2 154 30 38 1 3 0 1 4 0 0 0 1 0 1 0 1 1 19 6 19 5 1 6 7 3 17 4 8 1 2 14 1 11 46 43 10 6 31 0 2 1 5 1 4 5 3 6 3 5 7 2 15
28 10 9 16 409 57 11 1 2 6 0 35 4 5058 11909 10966 1544 1482 209 1838 78 115 300 409 31 48 3846 2477 137 117 173 18 48 172 1357 414 915 176 402 456 1185 102 381 31 10 36 103 65 99 3 5 5 27 38 18 4 56 565 226 347 167 119 107 407 265 8 50 244 487 46 25 7 63 79 2131 88 10 2 21 0 32 2 31 37 32 21 17 26 101 15 108 132 12 83 206 820 4 22 14 16 2 7 2 3 3 6 0 12 1 0 2 6 155 83 63 265 30 221 301 100 920 551 466 185 94 40 68 32 14 116 14 4 3 16 10 15 54 3 143 185 39 155 25 9 81 40 22 6 435 109 95 5 20 1 2 7 1 3 1 2 3 2 0 2 2 38 25 67 15 2 21 18 9 56 11 31 5 9 72 6 31 103 107 23 21 127 5 2 8 6 15 20 25 6 21 6 16 5 7 33
9 4 1 3 117 20 1 1 0 1 0 9 77 1305 10966 13457 1341 5173 1408 1793 40 76 144 501 18 25 2082 4041 31 23 32 8 33 56 235 50 459 551 749 105 954 152 470 35 18 107 41 79 151 17 9 5 4 7 13 3 10 138 50 66 186 125 64 372 213 11 13 59 461 48 41 5 34 108 419 124 7 7 10 3 48 1 23 25 16 23 2 56 162 28 144 248 34 143 215 207 2 4 11 6 1 6 5 3 2 1 1 6 2 0 0 1 102 303 567 147 12 769 91 722 723 2745 280 45 20 14 11 56 7 209 6 4 4 7 12 11 37 3 59 75 246 47 82 7 28 44 19 47 665 355 21 6 16 1 2 9 1 3 3 3 1 4 1 2 2 18 30 83 11 14 10 7 9 28 15 45 4 8 82 11 14 33 123 18 22 74 1 3 26 2 5 25 15 4 14 4 7 1 1 17
24 9 9 6 340 57 6 4 3 3 1 32 22 3829 1544 1341 3401 607 1066 2049 136 247 322 177 69 51 344 107 94 69 109 19 83 300 407 1095 4561 2024 101 605 785 61 178 44 4 132 258 28 53 5 5 4 14 33 12 4 26 580 135 288 154 71 82 110 68 7 50 140 117 23 16 7 94 218 1638 42 9 19 33 3 11 4 30 51 49 41 13 12 40 11 151 60 6 44 119 775 2 14 22 11 2 9 9 7 5 10 1 23 3 0 4 4 140 79 42 194 48 97 299 53 725 225 273 251 191 44 75 33 11 99 39 12 17 38 20 32 58 6 250 232 41 219 26 9 144 48 16 10 494 87 179 9 11 1 3 11 1 3 3 3 10 12 7 6 5 63 26 63 14 9 50 37 27 102 15 42 3 12 39 7 59 162 115 35 14 223 1 1 8 19 22 15 7 10 50 6 52 14 13 65
10 1 1 5 63 19 5 0 2 1 0 11 1381 175 1482 5173 607 15122 5668 908 48 74 110 1403 21 13 1954 2133 21 14 16 9 34 51 27 5 295 1501 4846 53 1131 354 2087 205 41 9100 52 422 120 12 1 19 5 8 13 1 15 80 22 19 5414 386 140 1048 311 103 20 43 1042 129 221 9 74 510 209 428 36 25 31 1 138 4 16 17 15 12 3 60 147 36 730 221 25 101 305 141 20 6 10 3 0 8 7 0 5 2 0 0 2 0 4 7 41 769 2287 74 9 952 72 1986 504 4510 146 29 18 9 6 189 6 356 18 10 5 2 16 14 16 2 55 82 1136 32 481 4 22 120 152 132 614 2179 30 25 39 2 0 14 2 2 2 6 2 7 0 3 0 13 210 442 32 70 13 12 11 32 34 220 8 20 243 15 10 28 244 19 32 47 3 3 32 7 4 61 36 5 8 3 7 1 5 5
13 7 12 2 61 20 5 4 5 3 1 19 6612 38 209 1408 1066 5668 47046 10609 63 142 80 228 44 25 469 44 23 16 12 14 69 45 76 5 207 6417 24 181 260 43 250 8508 656 3853 94 21 41 75 2 22 7 15 14 4 6 58 13 1 266 45 28 99 25 314 17 38 44 7 10 20 377 6870 126 34 45 2021 160 24 36 28 28 27 29 26 2 53 110 235 1836 48 7 26 124 105 15 4 14 0 2 10 5 1 4 3 0 22 1 0 6 6 273 531 2027 452 26 1765 481 1947 2650 7749 1089 197 102 60 73 123 18 357 28 7 7 26 21 44 93 6 287 375 577 209 173 11 134 88 83 152 2004 1460 138 18 37 9 3 22 4 3 2 6 5 14 3 7 4 57 100 203 34 61 33 28 18 62 26 118 10 28 310 18 54 234 1045 42 28 285 6 4 17 14 27 51 45 9 54 18 15 15 7 36
5 3 6 1 58 14 2 1 0 1 0 4 35 159 1838 1793 2049 908 10609 5962 20 35 68 156 14 25 358 20 17 4 21 4 18 46 272 20 61 259 32 249 279 16 143 135 11 159 63 20 49 4 1 4 4 7 3 0 6 57 12 5 126 31 21 41 10 8 11 11 17 13 13 6 43 338 254 35 3 92 26 0 6 2 6 10 9 6 1 16 65 8 118 44 6 44 104 118 3 2 6 1 2 3 1 0 5 5 1 17 0 0 1 3 207 119 79 255 19 172 220 55 1007 634 347 105 63 35 59 50 18 197 4 5 3 10 6 7 71 5 170 180 32 148 11 4 70 41 12 15 688 103 62 6 23 1 3 7 1 1 3 5 2 6 0 2 1 34 26 77 13 10 15 16 7 41 17 32 3 18 75 6 31 96 134 16 9 246 3 0 8 6 6 13 14 6 49 6 13 3 3 31
185 271 383 255 278 1041 32 22 31 34 21 895 3 27 78 40 136 48 63 20 15530 4626 3469 150 97 154 19 4 101 101 137 139 443 365 13 20 408 1100 4 171 1618 47 65 26 1 16 75 2 24 2 4 12 30 36 30 969 19 71 67 22 22 13 7 5 6 1 23 77 12 2 2 120 565 151 212 12 51 2 129 0 3 1 280 51 5617 255 17 3 13 5 30 29 1 12 36 489 109 72 135 8 3 4 8 4 6 10 2 4 4 1 7 12 11 10 2 26 14 10 41 8 84 12 33 91 98 7 23 5 3 13 27 4 5 51 19 55 3 0 111 103 4 56 6 3 62 6 1 0 55 17 97 1 3 1 0 2 2 1 1 1 12 11 0 5 15 23 1 13 3 0 39 25 38 68 4 5 0 2 5 1 52 98 34 42 3 78 0 0 0 16 34 3 9 6 28 1 31 8 9 49
128 121 214 125 362 719 28 17 45 29 17 762 1 43 115 76 247 74 142 35 4626 29714 3667 740 3141 1458 61 13 140 136 147 149 692 709 25 41 878 2666 19 2130 1198 176 577 81 11 35 504 26 190 9 2 7 58 65 35 163 76 113 84 30 48 135 56 15 13 14 287 141 27 59 14 157 1240 378 429 74 78 7 219 3 31 4 365 448 4604 3555 236 33 163 26 147 162 17 162 526 638 164 78 3053 60 3 5 16 9 6 13 1 3 8 2 10 11 18 23 8 49 27 21 129 16 195 36 83 163 141 21 41 5 2 13 48 9 12 75 31 77 18 2 188 164 20 113 7 22 105 9 6 2 121 29 177 6 10 3 1 6 3 8 1 1 6 25 3 9 8 20 10 20 2 2 61 39 45 105 3 12 4 2 41 7 58 176 89 70 10 105 2 0 16 21 37 20 10 15 38 7 52 27 14 69
4 1 7 0 12 15 0 0 2 0 0 9 1 74 300 144 322 110 80 68 3469 3667 8620 5615 223 3819 106 14 28 5 9 4 21 66 12 23 488 696 14 1555 6423 1122 975 26 5 26 86 12 179 9 1 2 5 21 14 10 32 40 9 8 23 40 15 8 5 4 67 34 12 25 10 5 170 48 71 33 8 4 23 1 11 1 16 75 77 103 6 18 67 9 77 143 14 77 192 32 9 1 76 4 0 0 2 0 0 2 1 2 0 0 0 2 8 7 5 18 5 13 38 6 71 10 25 31 26 5 10 5 2 7 7 1 2 6 1 6 5 0 38 34 5 27 4 2 15 5 1 0 32 14 24 3 2 0 0 3 1 2 0 0 0 2 1 1 1 6 2 10 3 1 15 6 4 17 5 3 0 1 16 0 6 23 7 10 7 20 0 0 5 3 6 8 5 4 2 1 7 3 1 7
1 0 3 2 13 4 5 0 0 1 0 3 14 398 409 501 177 1403 228 156 150 740 5615 10050 508 6195 2139 69 94 24 21 1 8 31 310 270 153 296 146 8111 2244 5347 3122 13 13 284 1037 33 487 9 3 4 26 43 11 8 121 40 299 39 836 61 35 145 47 23 211 169 55 28 15 6 127 51 105 84 15 0 15 0 33 3 48 137 64 93 16 21 124 19 467 288 19 155 498 35 4 2 76 7 0 0 0 1 1 1 0 0 0 0 0 2 6 8 25 12 1 17 20 35 47 54 20 11 9 5 7 6 0 7 4 1 1 4 5 7 2 0 16 17 19 15 11 2 13 7 7 2 20 121 13 8 8 1 1 4 0 0 1 1 0 5 0 2 1 0 22 17 5 6 3 1 1 8 5 11 2 5 60 7 2 13 10 5 7 5 2 0 10 3 4 15 5 1 2 0 2 3 1 9
22 15 29 8 24 37 10 6 4 9 0 32 3 2 31 18 69 21 44 14 97 3141 223 508 5599 354 86 2 276 18 72 2 82 127 15 7 158 658 2 3242 157 51 395 30 2 13 2169 14 62 4 7 11 73 225 30 44 741 6 27 10 15 62 31 16 3 4 1515 87 6 24 8 28 395 128 34 46 30 5 72 1 9 1 300 1449 584 2334 654 14 61 8 53 49 5 48 285 59 23 19 5139 765 2 5 10 1 1 2 0 4 3 0 2 2 3 4 1 15 10 7 33 2 47 9 24 51 58 7 17 2 1 6 13 5 2 20 15 38 4 0 67 66 5 47 2 2 38 5 2 0 32 8 51 2 7 1 0 7 3 2 1 1 5 11 0 5 5 9 3 6 4 1 27 19 15 38 3 4 2 2 17 6 10 62 28 34 3 34 0 1 1 5 16 7 2 8 2 5 28 6 5 36
2 0 1 0 1 2 0 0 0 0 0 1 1 36 48 25 51 13 25 25 154 1458 3819 6195 354 2901 862 0 11 2 0 0 3 4 49 23 34 158 2 2478 378 91 381 11 0 4 159 4 50 2 2 0 3 13 1 2 13 1 15 3 10 14 9 5 0 4 48 11 2 11 1 3 52 14 6 10 2 0 9 0 0 0 10 40 40 69 8 4 27 3 20 17 4 21 89 6 1 1 53 0 1 1 1 1 0 1 0 0 0 0 0 0 2 3 0 4 1 4 10 2 27 4 13 6 10 4 5 0 0 1 0 0 1 1 1 1 5 0 9 4 0 3 1 0 6 1 1 0 16 5 5 0 0 0 0 0 0 0 0 0 1 0 1 0 0 1 1 4 0 0 1 0 1 2 0 0 0 1 7 0 4 7 6 0 3 2 0 0 0 0 0 4 0 0 1 0 1 1 1 3
12 9 8 7 88 16 9 0 1 2 0 13 7 4880 3846 2082 344 1954 469 358 19 61 106 2139 86 862 20894 6072 321 149 113 1 14 128 4303 1475 568 205 173 3686 231 52 665 13 1 117 820 9 45 2 1 3 51 115 16 0 261 353 754 318 295 28 39 1899 242 1 333 556 53 12 3 9 56 28 781 10 0 2 14 0 1 1 62 107 26 41 34 5 30 2 82 43 3 22 89 185 3 12 31 26 0 1 0 1 1 0 0 0 0 0 0 2 13 52 84 34 6 143 31 169 149 438 90 22 18 1 6 12 3 26 5 1 3 4 1 2 9 0 21 24 102 9 30 3 14 6 9 1 80 217 11 2 4 1 0 2 2 0 0 3 0 3 0 0 0 4 39 29 2 5 3 5 0 13 2 22 0 3 14 1 2 19 17 5 3 8 0 1 6 1 0 10 6 3 4 1 4 4 1 4
8 6 4 6 130 20 2 1 0 0 0 4 8 1015 2477 4041 107 2133 44 20 4 13 14 69 2 0 6072 8980 118 76 71 1 9 40 314 100 217 34 4067 25 79 23 151 6 5 112 68 60 11 2 1 8 15 35 4 3 68 223 142 165 511 93 123 2888 1425 17 67 213 529 24 22 1 13 21 646 79 4 2 1 2 21 2 26 26 6 3 18 7 34 6 142 18 2 19 77 201 0 10 4 10 0 3 2 0 1 2 0 1 0 0 0 1 16 281 439 47 4 332 32 873 146 1131 72 17 12 5 8 73 1 114 8 5 3 3 9 3 7 0 16 36 608 12 257 2 15 41 53 16 115 1518 12 8 14 1 1 1 0 2 2 3 0 3 0 1 3 10 179 220 13 22 4 5 6 13 15 109 3 13 123 3 1 13 28 12 10 11 0 0 15 1 2 25 15 1 2 0 3 2 1 5
10321 686 597 217 2409 924 2707 388 34 132 19 252 1 202 137 31 94 21 23 17 101 140 28 94 276 11 321 118 50051 16249 3022 123 252 97 175 39 126 452 32 269 161 23 459 19 4 15 228 56 37 8 39 56 2929 11995 632 56 1415 49 75 4 35 411 571 296 208 8 5330 638 264 95 28 60 291 85 1583 125 21 1 51 0 34 0 1368 1808 244 121 904 21 141 21 165 84 26 103 769 2097 48 4929 177 1526 1 1 9 6 1 7 3 1 5 0 7 9 2 2 1 3 2 4 14 4 37 11 7 20 20 2 9 3 0 4 8 2 2 22 5 26 2 1 30 26 2 11 7 1 28 7 4 0 14 37 23 5 7 2 0 3 1 0 0 1 4 6 0 2 6 6 15 9 3 2 18 5 13 20 4 13 1 2 31 4 26 39 19 21 12 24 1 0 6 8 16 18 4 5 12 1 13 5 1 15
7750 1692 203 274 4187 1617 702 264 30 92 11 420 2 191 117 23 69 14 16 4 101 136 5 24 18 2 149 76 16249 21522 3139 153 368 111 88 24 55 191 30 54 373 6 104 3 3 7 54 19 13 5 49 75 1008 1949 366 103 1281 64 31 3 7 102 213 97 123 2 726 123 139 23 7 190 132 28 1137 30 35 1 53 0 20 2 1212 901 485 141 155 5 21 7 37 76 17 23 163 1921 61 1504 74 492 5 2 32 27 0 20 1 1 10 1 21 34 2 0 2 0 4 1 8 5 14 4 1 21 17 2 6 0 1 3 9 4 10 99 5 52 0 1 30 32 2 18 1 6 19 7 1 0 7 20 36 0 2 2 0 0 2 5 1 1 6 16 0 4 34 0 5 5 1 0 46 16 42 21 3 6 1 0 15 0 76 39 4 32 3 69 0 0 2 2 20 4 1 10 43 2 21 2 1 15
710 258 124 376 7046 1443 195 69 11 21 3 212 1 168 173 32 109 16 12 21 137 147 9 21 72 0 113 71 3022 3139 12703 96 237 120 53 19 76 171 28 50 197 5 78 1 2 8 46 18 3 0 22 29 415 969 181 82 8374 56 41 5 18 58 115 71 77 1 2586 157 114 19 4 49 104 9 1923 17 18 0 14 0 16 0 697 1469 489 359 272 1 17 2 26 44 18 16 97 5804 19 361 452 6307 2 2 11 2 0 10 1 0 2 0 6 7 2 0 1 1 1 1 3 3 3 1 0 6 12 3 4 0 0 0 2 1 4 18 0 18 0 0 11 16 5 6 0 8 9 1 2 0 2 16 12 0 1 0 1 3 0 1 0 0 5 8 0 0 9 1 3 1 0 1 16 6 15 8 0 7 1 0 5 1 30 22 1 8 1 17 0 0 0 1 1 2 0 4 8 0 11 1 2 3
188 102 158 104 488 1412 46 21 11 11 4 990 0 2 18 8 19 9 14 4 139 149 4 1 2 0 1 1 123 153 96 1429 2264 678 1 1 26 244 0 5 72 0 2 0 0 3 7 0 0 0 1 10 37 46 30 25 10 504 3 1 2 4 0 1 0 0 33 13 3 0 0 111 260 8 301 1 8 0 15 0 1 0 103 120 183 82 3 1 3 0 7 3 3 1 0 2113 63 60 26 1 0 0 11 7 0 18 2 1 4 0 4 9 2 1 1 2 0 0 1 2 0 2 1 5 11 1 2 0 0 2 0 0 4 24 0 14 0 0 11 10 0 4 0 4 4 0 0 0 1 1 7 0 0 0 0 0 0 1 0 0 2 2 0 5 5 1 0 1 0 0 18 8 4 6 1 0 0 0 1 0 30 13 3 7 0 13 0 0 0 0 7 0 1 4 9 1 6 2 0 1
417 541 1024 325 792 1705 92 66 89 158 157 4065 3 23 48 33 83 34 69 18 443 692 21 8 82 3 14 9 252 368 237 2264 12518 5349 11 3 185 1726 7 21 309 3 9 3 1 17 62 6 2 0 15 28 99 107 99 84 34 1146 163 107 18 1 9 6 3 0 107 288 18 2 1 2672 2872 79 1712 3 125 3 266 0 6 1 384 332 461 271 25 1 1 1 26 33 6 6 12 2538 1357 262 130 12 24 11 134 103 9 129 6 4 61 4 97 163 2 1 2 7 12 3 15 8 37 6 4 88 72 3 14 4 0 5 15 6 48 305 8 151 1 1 93 70 2 34 1 31 87 3 1 2 11 17 116 0 1 5 0 0 10 17 1 1 26 75 3 28 61 5 3 1 1 1 199 59 68 54 1 1 6 0 8 0 295 149 29 109 0 243 1 0 1 19 101 0 6 29 125 11 61 23 7 52
61 46 65 34 660 198 16 5 3 3 1 61 0 170 172 56 300 51 45 46 365 709 66 31 127 4 128 40 97 111 120 678 5349 12754 139 121 2533 1975 31 63 216 2 60 4 4 14 275 8 3 0 10 16 30 61 42 35 31 6150 3060 4592 34 19 29 54 38 1 73 2794 57 6 7 34 947 29 5865 15 9 3 34 0 9 1 165 167 247 216 46 0 3 0 23 8 5 2 41 2558 17 39 78 16 4 4 14 8 2 8 0 0 4 0 5 15 1 2 4 4 9 6 17 6 31 12 5 44 37 2 4 2 0 4 17 3 5 63 22 78 3 0 94 67 7 28 1 15 26 1 1 0 18 18 66 1 2 2 0 0 4 3 1 0 8 23 0 3 13 3 4 6 0 3 58 15 52 57 1 6 0 1 5 0 48 104 14 51 0 39 0 0 2 10 37 1 3 8 8 1 15 5 4 33
6 4 10 6 48 15 1 2 0 0 1 8 3 3730 1357 235 407 27 76 272 13 25 12 310 15 49 4303 314 175 88 53 1 11 139 6502 3496 652 304 14 1194 40 5 291 23 0 8 1246 5 5 1 1 1 25 60 13 2 91 329 2288 744 14 22 46 144 21 1 125 535 33 5 1 3 83 24 633 7 2 1 13 0 2 0 30 48 8 6 23 2 7 2 15 3 1 4 107 123 0 10 5 7 0 0 4 1 1 0 0 2 0 0 2 1 18 18 5 60 1 77 84 14 212 148 123 24 19 9 11 3 3 11 4 1 1 2 2 7 7 2 25 48 6 26 3 0 19 4 2 1 67 16 17 2 2 0 1 0 0 0 0 0 2 2 0 1 0 6 1 10 0 0 6 2 2 5 0 8 0 1 5 1 3 15 28 3 1 14 1 1 1 2 4 2 1 0 1 0 1 3 1 8
6 1 7 4 28 7 1 1 0 0 0 3 0 4397 414 50 1095 5 5 20 20 41 23 270 7 23 1475 100 39 24 19 1 3 121 3496 3574 2204 55 21 687 23 1 231 2 1 3 310 5 2 1 1 1 15 21 2 2 22 219 3479 2172 10 21 60 200 77 0 26 212 64 3 5 1 30 7 374 7 0 0 8 0 1 0 9 10 10 7 10 0 2 0 7 2 0 3 66 100 0 5 3 4 1 2 0 0 0 1 1 1 2 0 5 0 7 1 0 7 5 5 16 2 40 6 9 26 13 1 4 4 0 5 11 1 3 7 4 13 1 1 23 20 4 14 1 0 14 1 0 0 19 10 15 0 1 1 0 0 1 1 0 0 1 2 1 2 0 3 1 4 0 0 5 2 5 10 0 4 0 0 5 0 4 23 11 3 2 8 0 0 1 2 3 1 2 3 2 0 8 3 0 10
29 11 19 17 234 45 11 3 3 2 0 29 2 3244 915 459 4561 295 207 61 408 878 488 153 158 34 568 217 126 55 76 26 185 2533 652 2204 6308 1489 117 334 476 20 211 14 1 53 703 29 14 1 3 10 35 49 32 19 48 1136 3048 3506 112 61 143 285 133 6 95 1193 206 24 20 11 135 68 1710 36 8 7 56 2 17 0 90 87 147 116 39 5 8 5 77 18 4 10 140 636 8 11 78 13 7 10 22 5 5 15 5 6 7 0 8 23 18 29 10 32 32 32 99 29 174 66 67 115 138 11 42 7 6 17 55 8 12 73 31 125 13 2 218 197 33 107 11 22 89 15 5 3 104 62 210 2 4 4 0 2 6 14 0 3 15 23 1 9 27 26 21 26 2 3 88 47 72 160 5 20 9 3 22 2 63 188 58 110 4 104 0 0 4 27 59 3 8 19 17 7 53 33 12 89
129 45 109 53 579 286 34 20 20 9 7 208 445 127 176 551 2024 1501 6417 259 1100 2666 696 296 658 158 205 34 452 191 171 244 1726 1975 304 55 1489 13293 31 874 981 44 334 1786 198 1543 1569 23 38 26 16 50 129 172 127 64 160 1039 690 93 447 52 61 67 33 57 389 1144 71 14 10 117 2640 1498 1698 45 181 210 206 13 34 20 399 461 535 478 134 30 83 100 1214 50 8 31 200 1222 72 63 364 32 17 57 58 56 21 41 8 54 26 4 36 59 138 96 69 229 119 167 525 113 1019 454 442 524 590 64 155 40 23 120 163 42 41 329 111 475 73 8 891 666 59 542 25 67 363 58 26 15 757 211 816 14 22 14 5 17 18 33 3 11 53 112 9 48 86 123 41 94 22 22 295 192 340 585 11 36 10 10 130 11 376 996 383 398 31 594 5 2 9 98 204 24 41 51 133 38 208 82 45 335
4 1 1 4 64 16 4 1 0 0 0 4 13 99 402 749 101 4846 24 32 4 19 14 146 2 2 173 4067 32 30 28 0 7 31 14 21 117 31 12467 24 178 99 667 6 15 209 25 297 18 0 0 6 5 8 2 0 25 100 51 32 9111 301 245 1260 1744 27 19 62 2555 62 147 2 9 7 282 991 1 0 4 0 94 1 7 17 10 4 2 18 59 10 1335 32 8 21 246 143 2 12 1 3 0 1 1 0 2 1 0 0 0 0 0 2 7 179 422 17 5 147 20 563 73 553 45 14 11 3 4 86 3 83 12 4 1 3 3 5 4 0 16 23 384 9 310 6 14 87 156 16 86 1759 21 10 16 1 3 7 1 1 3 4 0 2 0 1 2 4 308 311 16 32 4 9 4 12 18 178 1 12 300 9 2 13 24 15 28 5 2 1 8 3 1 25 28 5 1 0 1 1 0 6
7 9 9 7 26 16 4 1 0 2 1 10 2 830 456 105 605 53 181 249 171 2130 1555 8111 3242 2478 3686 25 269 54 50 5 21 63 1194 687 334 874 24 9042 526 158 2144 67 4 29 1919 22 112 3 1 5 38 115 28 9 240 80 513 116 57 72 41 97 18 11 430 200 25 36 10 3 279 127 193 36 12 3 29 1 11 1 91 285 108 226 34 12 73 12 87 83 8 77 428 57 5 8 197 15 0 3 3 0 0 1 0 1 1 0 0 3 31 10 8 82 9 37 109 12 224 57 118 71 44 12 22 8 2 23 6 2 1 8 7 11 10 1 71 61 12 44 6 4 33 6 3 1 99 33 49 2 8 0 0 0 0 1 0 0 1 5 0 3 1 11 11 20 1 0 14 6 6 25 6 9 1 1 16 2 11 31 39 16 8 27 1 2 7 2 7 14 8 5 5 1 10 4 4 17
1281 728 1005 407 345 599 101 241 41 73 20 704 15 291 1185 954 785 1131 260 279 1618 1198 6423 2244 157 378 231 79 161 373 197 72 309 216 40 23 476 981 178 526 12397 3257 1648 62 78 317 128 108 2344 85 501 491 58 43 1406 699 60 98 56 17 695 143 54 38 39 98 110 242 106 141 76 259 442 132 419 261 119 7 196 14 265 22 732 153 469 210 131 208 638 135 1000 3340 394 655 716 381 103 67 99 70 2 15 20 14 5 14 3 9 9 1 11 20 11 20 42 28 18 30 59 39 109 52 40 82 69 15 7 11 4 16 37 10 10 176 17 151 3 2 142 116 24 60 19 15 48 28 20 4 60 200 153 19 32 2 3 40 14 11 25 32 21 33 0 7 53 14 45 53 14 18 95 53 135 115 23 46 17 34 217 21 179 219 42 99 51 138 8 8 96 15 50 87 30 23 42 2 40 14 12 66
1 0 0 2 7 4 0 0 4 1 0 0 9 26 102 152 61 354 43 16 47 176 1122 5347 51 91 52 23 23 6 5 0 3 2 5 1 20 44 99 158 3257 4290 4661 17 83 221 43 39 735 22 3 5 0 8 7 2 19 7 9 2 493 54 18 15 30 64 38 8 100 25 21 2 18 10 26 178 33 3 21 0 20 4 6 39 15 39 4 33 206 49 784 387 29 122 237 9 10 1 19 1 0 0 0 0 0 0 0 0 0 0 0 1 2 7 19 6 0 2 4 15 11 16 4 1 1 0 0 3 0 3 2 1 0 0 0 0 2 0 5 3 4 1 18 2 0 19 22 0 9 123 1 2 14 1 0 11 0 0 1 5 1 0 0 0 0 0 33 32 4 13 0 1 1 1 8 30 3 8 115 14 0 2 2 1 34 1 3 4 15 0 1 19 10 0 0 1 0 0 0 1
11 11 9 3 29 12 7 5 4 1 0 13 34 391 381 470 178 2087 250 143 65 577 975 3122 395 381 665 151 459 104 78 2 9 60 291 231 211 334 667 2144 1648 4661 8954 80 169 1493 998 112 1886 31 9 14 83 174 34 9 484 100 374 88 4002 305 628 7358 1234 370 755 323 927 88 58 12 137 85 282 1151 88 10 62 2 77 4 121 359 91 208 58 61 333 112 6036 525 53 366 3521 71 31 16 180 44 0 1 1 1 0 0 1 2 0 0 0 1 4 26 120 20 3 31 23 109 72 108 38 15 15 4 9 14 1 11 10 4 1 4 6 4 3 2 18 22 50 16 60 3 14 73 69 2 46 741 11 8 31 2 3 22 2 1 6 2 1 3 0 1 1 9 207 130 16 66 6 8 6 8 25 127 8 13 514 41 1 17 19 13 80 14 2 8 32 3 6 68 42 2 1 0 4 5 0 8
3 0 1 5 5 5 0 0 1 1 0 7 4998 16 31 35 44 205 8508 135 26 81 26 13 30 11 13 6 19 3 1 0 3 4 23 2 14 1786 6 67 62 17 80 9524 2857 1145 37 19 17 434 15 134 3 5 3 1 9 1 12 0 102 53 39 8 10 536 22 13 41 18 12 29 2637 1699 13 29 63 2068 840 323 191 299 12 14 16 9 1 360 415 1338 1856 33 5 15 117 12 10 1 18 0 1 2 3 2 2 4 0 9 1 0 1 7 53 42 93 108 15 119 150 81 521 414 231 99 72 22 36 18 11 41 8 4 2 23 11 14 26 1 164 136 37 99 15 4 64 27 24 11 336 194 79 14 9 0 1 11 34 3 24 15 1 7 0 3 1 23 36 43 12 22 20 14 9 35 13 47 13 6 163 26 18 142 217 18 24 129 2 12 20 13 16 48 24 6 23 9 20 9 1 33
0 0 1 0 0 1 0 0 14 0 0 1 3182 0 10 18 4 41 656 11 1 11 5 13 2 0 1 5 4 3 2 0 1 4 0 1 1 198 15 4 78 83 169 2857 6422 1999 8 49 46 1356 14 152 3 1 6 1 4 2 2 1 57 113 104 9 57 867 8 1 289 31 27 200 1107 166 3 94 692 1343 1318 367 196 291 3 3 5 4 0 398 955 4776 3825 45 8 28 234 3 123 22 2 0 0 1 0 1 0 1 0 0 0 0 0 1 2 4 58 2 0 10 8 40 42 46 7 2 1 2 3 11 2 3 14 5 0 1 1 0 0 0 10 3 17 4 57 5 0 120 67 2 40 836 3 24 33 2 3 50 18 8 17 11 0 2 0 1 1 0 344 189 36 99 3 4 3 5 40 197 12 33 1181 91 2 3 12 18 181 7 3 9 55 1 1 123 65 3 0 0 2 1 0 3
9 1 3 1 25 9 2 0 29 4 1 5 1850 5 36 107 132 9100 3853 159 16 35 26 284 13 4 117 112 15 7 8 3 17 14 8 3 53 1543 209 29 317 221 1493 1145 1999 4326 25 21 38 24 0 5 9 8 3 4 5 15 13 3 1814 43 31 722 171 1470 13 13 157 9 11 37 286 685 40 55 249 129 180 4 16 4 13 19 9 15 3 26 112 119 2579 51 6 16 237 39 156 19 7 1 0 3 2 2 3 1 0 1 2 0 3 5 9 128 1564 36 3 186 29 662 232 1018 58 10 12 7 9 122 2 79 27 6 2 11 5 9 10 1 33 43 340 13 414 4 16 233 516 68 288 4833 16 21 32 1 3 45 3 1 11 4 1 2 0 5 3 12 655 575 23 370 12 9 18 23 35 316 7 24 1308 31 4 25 109 31 113 34 14 7 35 0 2 92 76 5 4 1 2 1 2 9
16 8 21 9 19 16 5 4 5 2 0 26 4 183 103 41 258 52 94 63 75 504 86 1037 2169 159 820 68 228 54 46 7 62 275 1246 310 703 1569 25 1919 128 43 998 37 8 25 6614 13 28 3 3 8 49 138 34 26 288 142 1503 160 55 116 170 200 74 4 537 489 63 31 14 30 676 214 254 37 54 2 152 0 14 2 136 418 141 407 152 6 47 11 87 26 4 44 484 76 23 7 493 47 2 2 6 6 4 10 0 3 1 0 5 8 9 12 4 30 9 13 63 12 131 20 59 93 78 8 29 2 1 11 13 4 6 21 21 48 5 0 115 116 10 71 5 10 75 4 3 1 66 35 99 3 4 0 0 1 3 3 0 1 4 10 1 6 1 14 5 20 3 3 28 15 16 76 0 10 4 3 20 2 26 99 47 52 6 37 0 0 2 9 28 6 6 6 11 2 36 10 3 53
5 3 1 2 26 6 1 0 1 0 0 3 6 8 65 79 28 422 21 20 2 26 12 33 14 4 9 60 56 19 18 0 6 8 5 5 29 23 297 22 108 39 112 19 49 21 13 17723 164 127 5 60 8 14 6 0 25 38 20 6 347 11111 595 88 351 49 71 25 2894 832 5268 4 10 12 86 12125 17 4 13 10 1751 38 16 23 10 13 7 2860 3904 126 1378 154 63 148 450 36 11 3 10 1 0 0 0 0 0 0 0 2 0 0 1 0 7 2 21 13 1 7 10 17 25 19 10 8 1 5 4 9 5 7 5 4 1 2 0 1 5 0 10 9 9 10 25 2 5 133 78 6 45 134 16 114 292 3 15 269 9 4 28 65 0 3 0 0 2 2 101 188 149 26 2 9 1 4 301 381 46 131 1174 217 3 18 10 19 496 28 21 33 367 1 2 1014 272 2 2 0 2 0 1 3
5 2 6 3 7 2 1 0 0 0 0 4 6 21 99 151 53 120 41 49 24 190 179 487 62 50 45 11 37 13 3 0 2 3 5 2 14 38 18 112 2344 735 1886 17 46 38 28 164 11788 84 48 39 10 20 23 6 39 3 8 0 94 330 72 8 12 62 83 10 29 172 117 12 22 15 10 226 29 5 25 1 195 12 19 49 31 47 8 295 771 131 631 7882 438 4299 8958 8 18 2 27 4 0 0 0 0 0 0 0 0 0 0 0 0 0 0 9 3 0 3 4 8 13 6 5 2 2 1 1 1 1 0 1 0 0 2 0 0 0 0 0 3 6 3 2 1 3 13 6 3 4 41 5 17 39 1 1 36 3 0 5 14 0 0 0 0 1 0 18 22 16 7 0 1 1 0 25 34 11 26 182 27 0 5 2 0 42 3 4 9 77 0 0 108 28 1 1 0 0 1 0 2
3 3 2 1 2 3 1 1 19 0 1 0 74 2 3 17 5 12 75 4 2 9 9 9 4 2 2 2 8 5 0 0 0 0 1 1 1 26 0 3 85 22 31 434 1356 24 3 127 84 6032 120 1272 5 4 20 3 8 1 4 0 7 333 115 5 16 1484 10 1 48 154 104 147 324 441 3 107 734 349 727 2412 1112 2979 14 7 4 5 1 2761 3520 12064 554 147 37 140 254 0 140 9 6 0 0 1 0 0 0 1 0 0 0 0 0 1 0 1 12 0 0 2 3 4 7 4 1 0 0 1 1 6 0 0 0 4 0 0 0 0 3 0 4 1 0 6 2 2 1 32 45 4 16 28 3 65 138 6 4 376 192 34 167 125 1 1 0 0 2 0 15 48 44 24 1 1 1 0 75 70 47 81 625 73 4 12 9 4 87 21 34 98 412 0 2 516 102 2 6 0 1 1 1 4
121 42 110 11 21 25 38 50 3 13 1 27 1 1 5 9 5 1 2 1 4 2 1 3 7 2 1 1 39 49 22 1 15 10 1 1 3 16 0 1 501 3 9 15 14 0 3 5 48 120 5998 9463 36 12 714 85 6 2 1 1 2 13 8 4 2 65 1 20 2 114 8 24 31 53 23 7 68 15 45 126 963 67 330 10 14 13 9 85 49 16 13 5866 4602 405 36 22 24 10 5 9 0 0 3 1 0 1 0 0 1 1 0 2 0 0 0 1 0 0 0 0 1 1 0 3 2 0 0 0 0 0 4 0 1 18 0 13 0 0 8 5 1 0 1 0 3 0 1 0 1 4 9 4 6 1 0 3 188 66 139 133 0 4 0 1 3 2 0 2 0 3 5 3 8 7 4 0 51 16 13 0 10 9 5 6 3 9 19 2 96 2 4 17 30 1 2 0 1 0 0 4
248 92 208 30 40 55 49 59 25 16 1 43 11 1 5 5 4 19 22 4 12 7 2 4 11 0 3 8 56 75 29 10 28 16 1 1 10 50 6 5 491 5 14 134 152 5 8 60 39 1272 9463 10464 96 16 940 84 4 3 13 4 5 79 18 1 4 605 15 59 12 413 120 99 184 417 43 49 541 212 415 5220 4514 1196 529 18 34 17 19 1493 463 126 54 1766 3717 363 66 34 147 25 13 17 1 0 7 0 0 0 2 2 3 1 2 6 1 3 3 0 3 1 4 3 2 4 5 10 3 1 3 1 2 1 4 1 0 26 8 28 1 0 8 13 1 11 1 16 6 12 19 3 13 13 20 28 54 51 5 80 2410 1201 2740 1249 16 4 0 0 9 0 4 9 16 7 16 2 13 10 11 8 557 242 147 5 18 24 23 13 15 51 220 73 1168 2 38 152 392 4 14 1 6 3 1 9
1664 228 581 92 361 189 1183 680 208 358 51 294 2 32 27 4 14 5 7 4 30 58 5 26 73 3 51 15 2929 1008 415 37 99 30 25 15 35 129 5 38 58 0 83 3 3 9 49 8 10 5 36 96 6329 4821 3075 10 200 35 38 2 7 55 75 46 27 2 207 235 33 10 3 202 144 43 311 17 111 0 92 4 16 1 2038 138 93 42 198 3 30 16 30 83 13 15 97 388 498 4951 61 273 1 3 5 7 2 5 0 3 7 2 10 10 0 1 1 5 5 2 6 2 12 1 2 14 17 2 2 0 1 0 10 6 4 69 4 61 3 0 55 54 0 19 1 2 20 1 1 0 11 4 39 0 2 1 0 0 0 3 0 1 3 9 1 4 19 6 2 2 0 1 24 9 49 33 1 1 0 0 8 1 65 80 15 39 2 50 0 0 0 5 12 2 1 10 13 2 11 6 2 22
1992 471 780 198 656 369 1195 495 103 234 26 249 1 67 38 7 33 8 15 7 36 65 21 43 225 13 115 35 11995 1949 969 46 107 61 60 21 49 172 8 115 43 8 174 5 1 8 138 14 20 4 12 16 4821 8263 331 9 999 25 39 6 9 160 205 90 77 3 2860 330 85 42 8 77 146 42 627 44 39 0 45 0 12 3 657 3323 66 76 505 9 64 1 59 30 10 35 305 751 145 3605 239 842 1 1 8 4 0 8 0 0 4 1 3 11 1 0 2 2 2 1 15 2 19 2 5 16 13 2 4 0 0 4 2 0 1 38 3 28 2 0 27 32 1 5 0 2 21 2 0 1 7 9 25 0 0 1 0 3 0 1 0 0 2 10 0 2 13 2 4 3 1 2 20 11 23 24 0 2 0 0 14 2 21 43 10 20 5 25 0 1 1 2 10 2 1 4 11 1 11 4 0 6
1159 225 560 97 181 188 554 392 111 207 35 218 1 12 18 13 12 13 14 3 30 35 14 11 30 1 16 4 632 366 181 30 99 42 13 2 32 127 2 28 1406 7 34 3 6 3 34 6 23 20 714 940 3075 331 9992 342 49 34 20 8 6 20 26 8 5 10 57 153 10 34 4 145 130 63 216 8 76 5 73 8 120 5 4735 167 217 109 112 19 34 12 11 1858 179 83 48 179 242 2090 61 101 2 3 5 10 2 7 0 2 2 0 9 6 2 1 0 4 4 4 8 3 12 3 2 25 31 1 1 1 0 1 6 4 7 91 15 81 0 0 69 42 0 23 0 13 25 2 0 0 7 2 46 1 3 2 0 2 6 1 5 4 5 16 1 6 26 2 1 3 0 0 43 19 66 34 1 0 2 1 3 0 93 80 19 50 2 74 1 0 13 4 14 5 2 10 25 3 21 4 2 21
460 287 413 160 112 224 57 103 10 29 3 184 1 5 4 3 4 1 4 0 969 163 10 8 44 2 0 3 56 103 82 25 84 35 2 2 19 64 0 9 699 2 9 1 1 4 26 0 6 3 85 84 10 9 342 1785 14 17 14 4 3 9 4 0 3 1 18 61 3 8 1 54 56 22 90 3 15 1 32 1 12 0 5150 30 1764 284 44 2 6 3 5 316 36 22 16 108 23 29 81 27 0 1 6 7 3 7 1 2 3 0 5 4 2 1 0 3 2 2 2 0 4 0 1 13 10 0 1 3 0 1 3 0 6 33 3 50 0 0 36 17 0 12 0 3 7 3 0 0 4 1 31 0 2 1 0 1 0 2 1 2 1 9 0 1 9 2 1 0 0 0 28 15 33 29 0 0 1 2 3 1 39 40 8 23 1 44 1 0 1 1 9 2 1 2 15 1 8 2 2 16
64 51 57 82 584 149 15 5 1 6 1 64 0 81 56 10 26 15 6 6 19 76 32 121 741 13 261 68 1415 1281 8374 10 34 31 91 22 48 160 25 240 60 19 484 9 4 5 288 25 39 8 6 4 200 999 49 14 9911 67 71 4 26 275 444 246 140 7 6831 1063 102 89 19 4 75 17 3298 80 5 2 13 0 11 0 264 3771 180 960 1872 16 109 15 100 29 16 69 720 2849 5 39 3197 6007 0 1 1 1 0 2 0 0 0 0 0 0 1 1 0 2 1 2 3 3 11 6 5 13 15 0 1 1 0 0 2 0 2 2 2 6 0 0 9 9 0 9 3 0 4 2 0 1 5 20 5 2 1 0 0 4 0 1 1 1 1 0 0 1 0 2 7 8 2 3 4 1 4 9 4 6 0 2 25 4 2 9 8 2 5 5 0 1 1 0 3 6 7 0 0 1 4 3 1 7
36 20 24 19 170 140 5 2 0 4 0 8 0 831 565 138 580 80 58 57 71 113 40 40 6 1 353 223 49 64 56 504 1146 6150 329 219 1136 1039 100 80 98 7 100 1 2 15 142 38 3 1 2 3 35 25 34 17 67 4583 665 3547 60 75 120 169 151 4 65 3396 242 10 16 19 268 7 4326 29 4 0 11 0 9 0 85 65 77 64 72 3 10 5 52 8 3 5 79 838 3 10 25 25 0 0 4 1 1 6 0 0 3 0 1 1 1 5 8 4 3 4 13 14 22 13 7 11 10 1 1 2 0 3 5 0 1 7 3 5 2 0 24 13 9 11 4 0 11 3 0 0 9 32 14 0 2 0 2 0 0 2 1 0 1 0 0 3 2 2 8 7 1 0 8 3 4 11 0 5 0 2 9 0 2 19 5 12 3 7 0 0 1 1 6 3 3 2 1 1 3 2 0 2
12 5 12 4 41 29 3 4 0 1 0 21 0 799 226 50 135 22 13 12 67 84 9 299 27 15 754 142 75 31 41 3 163 3060 2288 3479 3048 690 51 513 56 9 374 12 2 13 1503 20 8 4 1 13 38 39 20 14 71 665 4700 5834 19 98 201 252 171 3 84 801 198 26 9 8 211 77 582 20 2 2 84 0 6 0 82 61 57 24 22 1 14 3 37 9 1 13 204 112 3 3 17 14 3 9 9 8 1 13 2 3 3 0 6 14 10 7 2 12 14 13 35 11 68 17 17 82 62 3 7 3 1 7 40 4 5 45 32 74 5 0 127 119 4 50 6 16 69 6 2 2 38 19 128 1 0 2 0 2 3 6 2 1 2 14 1 10 6 8 9 11 0 0 53 30 55 76 1 6 2 4 8 1 31 100 26 48 3 37 1 0 5 15 38 4 3 12 7 6 45 15 3 52
5 0 5 0 22 2 2 1 0 0 0 5 0 1236 347 66 288 19 1 5 22 30 8 39 10 3 318 165 4 3 5 1 107 4592 744 2172 3506 93 32 116 17 2 88 0 1 3 160 6 0 0 1 4 2 6 8 4 4 3547 5834 4590 6 17 57 119 61 1 6 1979 95 1 2 2 35 7 1233 9 2 1 19 0 3 1 20 11 12 4 4 0 3 0 10 1 1 1 60 113 0 0 3 5 1 4 6 4 5 8 0 0 0 0 2 4 1 4 0 6 4 0 9 2 19 8 1 24 23 4 8 3 0 4 10 3 2 14 11 27 2 0 36 40 2 15 3 8 17 3 1 0 12 7 41 0 2 2 0 0 3 5 0 0 2 4 0 1 10 0 4 9 1 0 19 14 30 24 1 4 2 2 2 0 12 29 4 19 1 19 0 0 0 2 22 1 1 4 1 1 10 4 0 19
7 3 0 1 53 12 1 0 5 0 0 4 37 39 167 186 154 5414 266 126 22 48 23 836 15 10 295 511 35 7 18 2 18 34 14 10 112 447 9111 57 695 493 4002 102 57 1814 55 347 94 7 2 5 7 9 6 3 26 60 19 6 6644 286 115 1345 263 96 46 31 2858 88 183 5 41 65 161 4482 34 9 12 1 90 5 13 18 9 14 2 37 155 24 2428 120 10 57 676 93 21 7 7 6 2 2 1 0 1 0 1 1 1 0 1 1 10 120 797 27 5 127 24 418 130 554 33 8 7 5 7 128 6 73 40 6 1 4 8 4 3 1 25 38 342 29 402 5 10 277 403 38 163 2391 23 16 22 3 5 22 1 2 2 6 4 6 1 7 5 10 451 630 22 63 11 25 9 38 40 359 7 20 666 26 3 14 43 31 116 22 3 2 36 5 0 92 55 5 10 0 1 0 5 8
11 4 4 6 43 10 7 1 1 1 0 3 12 35 119 125 71 386 45 31 13 135 40 61 62 14 28 93 411 102 58 4 1 19 22 21 61 52 301 72 143 54 305 53 113 43 116 11111 330 333 13 79 55 160 20 9 275 75 98 17 286 17028 12534 545 858 158 416 170 2772 3729 3497 23 35 37 218 2429 71 15 51 21 1410 169 78 227 39 72 22 428 1816 318 1517 256 210 1290 4048 92 14 17 73 14 0 2 1 0 0 0 0 2 0 0 0 2 5 8 30 15 1 13 32 20 61 23 27 10 10 2 15 24 7 12 12 4 1 4 4 4 3 0 14 10 15 30 37 7 7 191 96 8 53 159 29 227 578 9 23 356 15 6 57 127 1 0 0 2 0 4 122 307 257 43 6 7 2 10 334 510 117 327 2025 246 7 18 21 19 627 34 40 52 877 4 2 1869 491 1 9 1 1 0 1 11
14 8 9 8 73 20 8 1 0 1 0 7 11 73 107 64 82 140 28 21 7 56 15 35 31 9 39 123 571 213 115 0 9 29 46 60 143 61 245 41 54 18 628 39 104 31 170 595 72 115 8 18 75 205 26 4 444 120 201 57 115 12534 14618 3806 6376 103 533 350 4914 928 285 6 49 31 411 1205 64 17 40 0 192 11 102 232 41 81 52 118 1260 246 1031 59 60 395 3541 117 6 19 66 23 0 0 0 0 0 1 0 0 0 0 0 0 13 5 16 15 4 11 21 18 42 26 28 7 12 5 5 8 0 5 2 4 0 1 2 1 4 0 11 6 13 13 8 2 7 70 43 5 32 102 17 35 79 2 3 71 6 2 5 16 0 2 0 0 0 5 97 113 51 21 2 2 3 9 127 204 10 58 692 115 1 12 14 9 218 9 2 25 89 1 1 315 85 0 4 0 1 1 1 3
7 9 1 6 49 10 3 3 0 0 0 4 22 504 407 372 110 1048 99 41 5 15 8 145 16 5 1899 2888 296 97 71 1 6 54 144 200 285 67 1260 97 38 15 7358 8 9 722 200 88 8 5 4 1 46 90 8 0 246 169 252 119 1345 545 3806 8161 6267 61 305 344 1804 84 32 1 14 16 424 158 5 1 5 0 36 1 45 108 19 26 45 4 54 12 680 16 2 23 3223 81 4 17 26 15 0 0 0 0 0 1 0 1 0 0 0 0 7 49 141 8 3 34 18 230 38 129 20 4 5 2 1 20 4 22 8 0 0 3 1 1 4 0 7 10 165 6 101 1 9 28 25 3 24 809 8 3 12 0 1 3 1 1 0 2 0 4 0 0 0 3 150 86 7 23 1 3 1 7 7 64 1 3 121 3 1 8 8 2 14 7 1 2 11 1 1 21 10 0 0 0 2 0 0 4
4 1 5 11 87 18 5 0 0 0 1 5 17 139 265 213 68 311 25 10 6 13 5 47 3 0 242 1425 208 123 77 0 3 38 21 77 133 33 1744 18 39 30 1234 10 57 171 74 351 12 16 2 4 27 77 5 3 140 151 171 61 263 858 6376 6267 6154 56 140 243 4187 111 93 6 12 17 475 418 4 2 8 0 68 1 32 66 11 10 24 11 82 15 268 12 13 25 1316 135 3 8 13 7 0 0 0 1 0 2 0 0 0 0 0 1 8 36 137 9 5 24 27 192 47 107 21 12 11 3 9 32 0 25 13 5 1 2 6 0 4 0 11 21 126 13 155 4 6 75 61 3 45 872 11 4 18 2 0 15 1 0 2 1 0 2 0 3 0 4 228 172 13 18 1 6 2 5 26 162 5 16 354 40 2 3 10 7 103 8 0 1 19 0 1 62 27 2 2 0 4 4 0 3
3 0 2 1 4 0 1 0 14 1 0 1 1022 1 8 11 7 103 314 8 1 14 4 23 4 4 1 17 8 2 1 0 0 1 1 0 6 57 27 11 98 64 370 536 867 1470 4 49 62 1484 65 605 2 3 10 1 7 4 3 1 96 158 103 61 56 2016 8 2 159 48 37 69 294 760 8 85 507 1239 703 933 496 527 7 5 2 4 2 493 374 1066 1771 59 13 37 285 5 100 13 5 1 0 1 0 1 1 0 0 0 0 0 0 0 1 5 190 2 0 6 2 32 15 61 3 3 3 0 1 13 0 2 4 1 0 2 0 4 1 0 6 8 6 1 15 0 0 40 136 12 35 264 10 8 19 1 1 43 99 20 75 48 1 0 0 1 0 2 46 55 9 337 1 1 1 2 15 32 21 22 337 11 2 7 25 3 38 6 5 3 70 0 0 63 28 1 1 1 0 1 0 0
297 328 300 254 503 446 34 32 10 9 8 304 4 99 50 13 50 20 17 11 23 287 67 211 1515 48 333 67 5330 726 2586 33 107 73 125 26 95 389 19 430 110 38 755 22 8 13 537 71 83 10 1 15 207 2860 57 18 6831 65 84 6 46 416 533 305 140 8 15117 1190 162 142 26 33 231 75 1839 134 22 3 42 0 38 3 413 10242 485 2402 2428 28 237 40 201 70 15 138 1073 1275 29 53 2141 3909 0 2 5 2 0 4 0 0 2 0 4 7 0 2 5 5 4 3 12 3 18 11 14 26 21 3 7 2 1 1 6 1 1 15 4 25 2 1 41 39 3 18 5 2 17 5 8 1 14 18 27 1 6 1 0 6 1 0 2 0 0 4 0 2 4 5 6 13 4 2 13 6 5 23 10 11 1 4 48 11 22 29 13 20 10 17 0 1 6 2 4 10 7 4 5 1 9 5 1 15
47 20 61 12 34 48 18 16 2 4 1 28 1 527 244 59 140 43 38 11 77 141 34 169 87 11 556 213 638 123 157 13 288 2794 535 212 1193 1144 62 200 242 8 323 13 1 13 489 25 10 1 20 59 235 330 153 61 1063 3396 801 1979 31 170 350 344 243 2 1190 3840 244 26 13 26 541 157 2597 39 30 5 124 0 16 2 470 611 165 277 418 3 27 6 49 38 13 22 268 108 17 15 392 373 4 7 20 15 4 10 1 3 7 0 5 12 9 15 4 12 16 9 48 5 71 15 20 73 65 7 21 4 1 6 32 3 4 57 36 94 7 3 154 124 5 43 5 14 96 3 0 0 39 31 127 0 3 7 1 1 2 8 1 3 11 19 0 4 11 9 8 17 2 1 85 27 48 99 1 9 2 1 12 1 44 150 32 69 4 53 0 1 4 14 38 5 2 7 9 3 47 23 4 62
20 5 9 11 182 25 8 6 3 1 0 15 23 127 487 461 117 1042 44 17 12 27 12 55 6 2 53 529 264 139 114 3 18 57 33 64 206 71 2555 25 106 100 927 41 289 157 63 2894 29 48 2 12 33 85 10 3 102 242 198 95 2858 2772 4914 1804 4187 159 162 244 6160 401 707 14 37 27 814 11811 38 6 36 2 420 2 43 68 9 13 30 115 814 67 2018 35 30 55 960 328 18 27 7 18 0 6 2 2 0 1 1 2 0 0 1 4 15 29 166 34 10 41 63 139 127 97 56 31 22 10 23 52 2 25 41 8 3 5 6 7 9 3 35 33 82 36 233 5 15 376 260 7 118 1331 40 60 129 6 5 134 0 4 3 10 0 7 0 4 2 17 707 623 79 55 13 23 10 38 142 767 23 68 2058 229 7 29 24 26 570 29 8 7 66 5 6 248 149 5 6 1 8 2 0 13
9 2 7 3 9 1 1 1 1 2 0 5 3 6 46 48 23 129 7 13 2 59 25 28 24 11 12 24 95 23 19 0 2 6 5 3 24 14 62 36 141 25 88 18 31 9 31 832 172 154 114 413 10 42 34 8 89 10 26 1 88 3729 928 84 111 48 142 26 401 5355 2356 15 15 26 55 391 37 4 16 154 1725 402 40 47 14 45 6 714 586 85 362 323 1181 2634 774 15 12 2 29 3 0 0 1 0 0 0 1 1 0 0 1 0 4 4 6 1 0 7 5 2 11 5 2 3 1 0 3 4 2 4 3 1 0 2 0 1 2 0 11 3 1 7 5 4 2 45 29 5 13 37 4 211 319 6 5 138 99 47 224 321 1 0 0 0 1 0 17 59 71 19 0 3 0 4 66 84 265 430 445 43 2 12 7 10 78 13 110 43 1409 0 0 606 362 0 2 1 0 0 1 0
1 1 0 1 16 3 2 0 2 0 0 0 0 5 25 41 16 221 10 13 2 14 10 15 8 1 3 22 28 7 4 0 1 7 1 5 20 10 147 10 76 21 58 12 27 11 14 5268 117 104 8 120 3 8 4 1 19 16 9 2 183 3497 285 32 93 37 26 13 707 2356 12243 3 13 17 45 1357 22 6 14 42 5348 260 4 14 2 6 1 1589 2132 127 691 116 144 263 222 20 7 1 6 1 0 0 0 0 0 0 0 0 0 0 0 0 1 2 13 1 2 1 4 7 9 6 4 2 4 1 3 4 0 4 0 0 0 0 1 0 3 0 6 2 4 4 6 6 5 44 33 7 21 44 2 187 338 5 10 158 37 12 113 215 0 0 0 0 0 3 24 62 66 10 1 0 1 6 53 79 160 348 476 56 2 13 5 2 92 12 85 51 1175 0 1 719 265 0 4 0 0 1 2 0
