36568 6429 13674 6626 1949 5586 10164 5941 41 306 114 4631 0 0 2 0 0 1 1 1 112 28 1 3 16 0 3 3 6720 7747 1178 230 494 1 0 0 0 1 1 4 400 7 17 0 2 1 3 17 55 12 99 260 772 1230 447 235 73 5 0 0 7 20 8 2 5 0 179 9 13 35 16 107 7 5 34 10 9 1 20 17 82 9 2268 367 1316 109 14 62 29 12 13 406 82 57 34 70 65 574 29 11 5 1 14 5 0 20 5 12 7 4 12 27 0 0 0 0 0 0 1 0 2 1 0 0 1 0 0 0 0 0 1 0 9 14 0 1 0 0 4 1 1 1 0 1 0 0 0 0 1 0 1 2 0 0 0 0 6 0 2 2 0 0 0 3 2 0 0 1 0 0 1 0 2 0 0 1 3 1 2 1 15 7 3 0 1 10 2 1 10 0 1 0 2 6 12 1 3 0 0 0
6429 2272 2600 5184 723 702 74 31 12 23 9 353 0 1 1 0 0 1 0 0 75 16 1 0 6 0 0 0 390 2032 323 12 17 0 0 0 0 1 1 1 161 2 5 1 2 0 0 5 10 0 25 56 76 124 42 78 14 2 0 0 0 7 7 0 2 1 103 0 1 12 5 9 4 3 6 3 4 0 4 4 22 1 335 96 444 55 5 23 11 2 6 85 24 15 12 10 45 46 9 0 5 1 20 2 1 26 5 10 3 23 8 35 0 0 0 0 0 0 0 0 0 0 0 1 0 0 0 0 0 0 1 0 9 8 0 3 0 0 0 2 0 0 0 0 2 0 0 0 0 0 0 0 0 0 0 0 0 0 0 0 1 1 0 1 1 0 0 0 0 0 0 0 0 0 0 0 1 0 0 0 21 1 0 0 0 4 1 0 0 0 1 2 0 7 11 1 0 0 0 0
13674 2600 24238 12243 117 2192 421 12379 96 4014 217 14188 1 0 1 4 0 2 1 0 244 74 3 4 24 2 0 1 535 278 101 22 45 2 2 0 1 3 2 5 447 10 18 0 0 3 3 18 69 4 111 250 268 415 219 300 25 7 1 0 9 24 7 3 14 3 231 4 6 35 18 64 8 3 39 11 24 1 17 20 76 12 1382 332 1554 160 13 71 35 17 23 340 109 71 48 26 270 265 29 5 24 8 151 32 7 197 37 51 112 189 71 252 0 0 0 0 1 0 1 0 5 3 0 2 2 0 0 0 1 1 13 1 41 76 1 9 1 0 11 5 0 4 0 9 7 0 0 1 1 1 5 0 0 4 0 1 9 4 6 2 2 9 0 11 11 0 0 0 0 1 10 0 1 0 1 1 0 0 1 1 120 16 2 2 0 46 6 3 4 1 8 6 0 36 59 9 6 0 0 2
6626 5184 12243 14526 4248 6791 224 94 23 135 47 2352 0 0 1 1 1 0 1 1 120 45 2 1 21 0 2 2 647 3511 1525 29 59 0 0 0 1 3 0 2 224 4 5 0 1 2 1 1 15 5 33 62 114 217 50 81 26 5 0 0 3 5 4 2 1 1 221 2 4 7 5 47 5 1 11 5 3 0 11 4 22 3 388 128 609 78 4 19 11 3 8 111 36 15 12 27 130 68 21 6 16 3 88 20 3 98 18 34 32 98 37 168 0 0 0 0 0 0 1 0 2 3 0 1 1 0 1 0 0 0 14 0 23 41 1 13 0 0 2 4 0 4 0 3 7 0 0 0 1 0 2 0 1 1 0 2 1 2 0 0 3 1 1 4 14 0 0 0 0 0 9 0 1 2 0 1 0 0 2 0 89 8 1 2 0 29 2 3 2 1 4 2 1 15 45 8 4 0 0 2
1949 723 117 4248 12165 6741 419 19 8 26 32 1755 2 6 6 2 1 0 3 3 184 129 6 5 30 2 2 7 2263 4015 7585 1441 1089 26 0 0 2 16 2 4 173 8 8 3 2 2 9 13 15 1 27 57 219 441 92 74 448 92 3 0 15 12 15 3 12 0 384 7 21 11 10 535 90 4 159 4 34 4 135 6 21 2 558 145 509 82 17 16 12 3 16 72 23 18 9 1092 67 158 36 50 3 2 14 3 9 38 5 15 12 28 20 68 0 0 2 0 0 0 0 0 0 4 0 1 5 0 0 0 0 0 10 0 24 49 0 12 0 0 14 9 0 2 0 6 3 0 1 0 3 1 1 0 0 0 0 0 1 2 0 1 2 1 0 4 18 1 0 0 0 0 6 2 13 1 0 0 1 0 3 0 73 9 1 4 1 38 1 0 2 1 8 1 1 27 33 3 4 1 0 1
5586 702 2192 6791 6741 6025 781 75 44 380 100 8865 0 3 6 2 0 3 6 1 299 190 9 2 50 2 1 2 1667 3450 3348 3650 3074 14 1 1 2 12 3 6 290 6 12 2 0 2 7 10 23 1 33 90 226 409 108 94 110 80 0 0 4 18 15 1 5 0 396 5 16 9 11 863 104 8 138 5 58 3 224 6 35 3 608 166 891 120 19 25 14 10 13 143 38 25 13 427 354 215 65 14 37 11 201 45 19 254 33 87 86 223 143 506 5 2 1 0 0 1 1 1 13 12 2 8 5 0 3 0 0 2 32 0 119 190 1 36 2 0 19 5 0 7 0 18 18 1 2 1 7 1 11 0 1 3 0 1 0 2 0 0 7 13 1 25 34 0 1 0 0 1 22 3 18 3 0 1 1 0 3 0 287 43 3 13 0 126 0 1 1 1 16 2 0 99 170 19 13 2 0 4
10164 74 421 224 419 781 13252 7880 1099 2288 712 1185 1 3 3 2 0 0 0 0 14 8 1 1 9 0 0 6 2063 561 319 77 148 0 1 3 1 3 2 3 64 6 3 0 5 5 2 8 14 3 27 79 983 1608 461 32 32 3 2 0 4 10 9 1 7 0 32 3 10 6 9 59 7 4 21 3 42 2 43 5 20 4 1299 63 167 9 4 15 14 5 8 88 26 16 10 125 372 5029 3 16 3 1 10 2 1 7 3 3 1 16 4 19 0 0 0 1 0 0 0 0 1 1 0 0 2 0 0 0 0 0 2 0 6 7 0 6 0 0 1 2 0 2 0 0 1 0 0 0 1 0 2 3 1 0 0 1 1 0 3 0 0 1 0 0 2 0 0 1 0 0 2 1 2 1 0 0 0 0 1 0 15 5 0 1 0 10 0 0 3 0 0 2 0 2 8 1 0 0 0 1
5941 31 12379 94 19 75 7880 27736 1390 31854 3337 1352 0 3 0 0 0 0 0 0 31 4 1 0 6 0 0 2 218 24 8 5 26 4 0 0 0 0 4 0 201 5 9 0 0 2 1 8 21 2 60 144 592 864 376 112 12 3 0 0 4 14 3 2 4 0 43 1 2 19 13 12 1 2 10 4 7 0 6 4 46 4 1537 156 514 26 3 33 10 7 8 222 48 44 17 9 96 752 4 3 5 0 16 2 0 18 5 5 7 23 16 29 0 0 0 0 0 0 0 0 0 0 0 0 1 0 0 0 0 0 0 0 3 12 0 1 1 0 2 0 0 1 0 1 0 0 0 0 0 1 0 0 0 0 0 1 4 1 1 1 2 1 0 0 0 0 0 1 0 0 0 0 2 0 1 0 2 1 0 1 11 0 0 0 0 8 0 2 3 0 0 5 3 9 9 3 0 1 0 0
41 12 96 23 8 44 1099 1390 1055 2924 882 744 13 0 1 0 0 1 3 0 28 45 4 4 32 2 0 0 25 7 4 35 98 7 0 0 0 4 2 21 35 3 4 3 173 12 16 1 5 55 4 17 98 86 39 10 4 10 0 0 0 6 7 1 1 52 32 10 1 2 2 351 41 199 44 3 670 43 226 21 31 40 89 13 46 6 40 60 37 87 42 13 7 2 8 20 3203 2222 7 2 2 1 13 1 2 13 2 6 3 12 11 24 0 0 1 0 1 0 0 0 4 5 1 1 3 0 0 0 0 0 3 0 7 10 0 3 0 0 3 5 0 0 0 5 4 0 1 0 3 4 1 0 2 0 0 2 3 0 4 0 1 1 0 6 5 0 1 3 0 0 1 2 3 0 1 3 3 0 11 3 28 13 4 3 0 34 2 1 4 0 7 10 2 10 10 1 2 0 0 0
306 23 4014 135 26 380 2288 31854 2924 26730 20962 34546 0 0 0 0 1 1 2 0 26 12 0 0 7 0 0 0 87 34 22 33 252 2 0 0 0 2 2 1 95 3 3 0 2 1 2 4 12 2 27 61 286 358 158 54 4 7 0 0 2 8 0 1 1 1 39 3 1 10 5 1641 9 4 11 3 419 1 92 2 20 2 557 66 257 18 3 17 3 3 6 108 22 14 6 21 8055 2048 6 0 76 12 370 87 19 414 73 142 270 475 226 717 1 0 1 1 0 0 0 1 4 4 1 1 2 0 1 0 2 0 45 1 117 221 1 33 3 0 10 7 1 8 0 13 14 0 0 0 4 1 2 0 0 9 0 1 2 8 0 2 10 11 2 29 43 1 1 1 1 0 21 8 9 2 0 0 3 2 1 0 375 37 4 3 0 130 0 0 3 2 19 1 0 91 238 28 19 1 0 2
114 9 217 47 32 100 712 3337 882 20962 11715 9327 1 0 0 0 0 0 0 0 57 21 1 0 6 0 0 0 45 50 33 36 435 1 0 1 1 2 0 1 80 0 1 0 0 1 0 1 4 1 12 27 85 98 46 30 5 5 0 0 0 6 3 0 1 1 48 1 2 6 2 1420 6 2 8 0 140 1 61 1 7 0 189 25 145 15 2 6 3 3 4 47 12 6 6 15 2944 511 6 2 31 4 200 54 16 267 42 65 50 227 105 419 0 0 0 0 0 0 0 1 5 5 1 5 0 0 0 0 0 1 25 2 117 148 0 21 0 0 9 4 0 2 0 7 8 0 2 1 2 0 4 0 0 4 0 0 3 4 4 1 4 8 1 20 23 3 0 0 0 0 20 4 9 0 0 0 1 0 1 0 229 27 2 2 0 76 0 0 1 3 16 0 0 58 135 27 9 0 0 2
4631 353 14188 2352 1755 8865 1185 1352 744 34546 9327 34078 1 3 3 1 1 4 4 1 479 251 8 3 58 2 0 4 1161 1885 1369 646 3042 10 1 0 0 13 5 6 692 8 19 1 1 5 6 14 35 4 42 180 340 569 205 216 84 67 0 0 9 24 12 4 5 0 682 8 11 30 14 2065 74 13 84 5 136 1 195 10 61 4 1012 228 1397 206 20 50 21 15 11 256 80 45 29 202 2417 1037 86 14 148 22 876 217 54 1142 182 347 398 987 535 1735 1 2 0 2 0 0 5 0 17 31 7 16 13 0 3 0 3 2 89 6 402 599 1 103 12 0 49 21 0 21 2 32 45 1 2 2 13 6 17 1 0 17 0 4 7 18 0 2 20 45 6 100 118 1 0 3 0 1 74 17 35 2 0 3 2 1 4 1 976 126 16 17 0 322 3 5 5 4 48 1 0 288 474 89 44 7 0 4
0 0 1 0 2 0 1 0 13 0 1 1 11807 3 12 12 11 2320 7948 59 1 1 6 20 4 0 22 38 16 1 1 5 37 13 2 0 4 615 49 5 36 7 59 5253 4736 932 14 6 7 78 0 3 2 4 0 0 9 11 0 0 38 9 21 40 70 865 13 4 14 1 2 59 1231 677 42 8 185 1328 657 3 7 9 1 2 7 0 2 31 44 251 287 6 2 1 10 7 66 5 1 3 2 1 0 1 1 1 1 0 0 0 1 1 3 175 1232 11 2 104 11 1093 120 2435 50 1 2 0 3 11 4 63 0 0 5 25 3 29 3 1 161 36 422 9 122 0 1 5 167 485 280 1619 5 2 7 1 0 17 1 1 2 1 0 0 0 0 12 5 212 46 3 147 1 1 7 7 4 192 1 0 140 8 13 26 319 1 6 29 0 1 6 2 0 32 2 2 0 1 1 1 0 2
0 1 0 0 6 3 3 3 0 0 0 3 3 4412 3536 589 150 277 139 377 60 63 342 1140 20 269 1988 1369 218 17 56 7 48 319 2680 1992 811 220 324 695 557 81 336 10 3 44 1022 28 24 1 0 0 14 40 5 7 112 278 1040 353 148 35 190 289 539 0 113 554 161 6 6 2 46 20 1015 19 3 1 11 0 4 0 30 11 28 5 31 10 8 7 35 15 5 3 27 52 2 4 10 180 0 1 1 0 1 9 1 4 0 0 5 9 4 2 9 2 11 2 24 9 240 205 167 9 15 4 6 4 4 6 11 2 6 24 4 15 19 0 113 96 2 57 0 0 7 1 3 0 114 19 38 0 1 0 0 0 1 0 0 0 2 4 0 2 6 27 7 5 0 0 11 14 10 10 0 7 0 0 5 0 5 25 16 20 1 20 0 0 4 8 4 0 0 3 0 0 8 5 1 8
2 1 1 1 6 6 3 0 1 0 0 3 12 3536 15827 8183 446 4501 282 874 87 84 605 1054 26 278 2096 4951 158 17 30 3 25 127 1286 437 232 168 1204 601 1130 127 361 13 5 107 538 76 54 2 2 1 13 31 6 2 80 151 277 68 494 80 274 279 1094 1 101 330 452 24 22 2 52 14 617 72 6 0 14 0 12 0 19 9 36 5 22 10 22 13 97 37 3 14 39 30 5 1 14 125 4 0 4 0 0 9 1 2 2 3 2 12 5 9 31 3 23 11 44 45 358 335 291 32 25 2 12 4 7 16 11 1 4 38 5 38 32 4 158 151 14 107 3 2 7 3 4 7 182 44 71 0 1 0 0 2 0 0 0 0 0 4 0 1 10 33 10 7 0 2 21 29 13 21 0 14 0 0 14 2 14 47 29 27 1 32 0 1 1 5 2 1 1 11 2 2 12 6 3 20
0 0 4 1 2 2 2 0 0 0 0 1 12 589 8183 13904 157 5580 2345 686 17 14 455 158 4 23 128 3543 37 1 7 3 33 109 32 38 331 517 2389 31 825 146 87 4 5 148 45 38 33 3 0 1 0 13 0 0 11 31 24 41 515 32 41 28 196 1 20 77 277 10 13 2 48 18 165 60 3 4 6 0 5 0 8 1 8 3 2 20 10 5 84 27 3 7 23 12 4 0 2 32 0 0 1 0 0 1 2 0 0 0 0 2 17 32 168 8 4 78 14 129 97 1029 62 7 3 1 5 7 9 33 1 0 2 6 1 12 25 3 44 37 43 27 6 0 2 5 9 10 155 81 18 1 1 1 0 2 0 0 0 0 0 0 0 0 4 13 9 7 1 1 4 5 7 1 2 12 0 0 19 1 4 15 49 4 3 15 0 0 4 3 0 0 1 5 1 1 3 1 0 2
0 0 0 1 1 0 0 0 0 1 0 1 11 150 446 157 996 191 1498 1157 20 35 127 55 14 33 15 20 16 1 2 2 17 41 39 45 1443 1160 58 74 139 20 24 10 0 72 174 5 7 0 0 1 1 3 0 0 4 48 45 17 87 9 14 6 10 0 8 42 14 1 1 1 26 5 174 8 2 2 3 0 1 0 3 1 12 2 9 2 3 0 11 3 0 1 3 4 0 0 0 13 0 1 4 0 1 4 2 0 0 0 3 4 5 1 3 0 10 0 11 3 112 38 50 13 27 2 12 3 4 2 7 0 4 12 2 19 10 2 68 53 1 47 2 0 8 4 1 1 43 1 50 0 1 0 0 1 0 0 1 0 0 3 0 0 4 10 1 3 0 0 14 20 11 11 0 2 1 0 1 0 6 19 9 20 0 23 0 0 0 6 3 2 0 6 1 1 13 6 2 10
1 1 2 0 0 3 0 0 1 1 0 4 2320 277 4501 5580 191 7601 5118 464 15 21 196 317 13 12 356 481 15 1 1 11 88 111 35 23 571 1598 2437 22 715 168 243 336 65 7501 63 79 68 8 1 3 2 7 1 2 11 32 16 34 6458 64 89 139 211 15 29 27 250 12 26 18 318 259 102 118 20 181 38 3 13 8 5 3 7 2 4 32 52 35 226 65 3 19 47 15 7 0 4 8 0 2 0 1 1 2 0 0 0 0 2 5 23 473 1296 54 13 374 17 984 257 5201 167 5 10 7 4 18 14 170 2 2 8 51 3 37 27 4 203 65 369 34 117 1 5 10 85 242 666 443 17 6 3 0 0 18 1 0 0 0 0 4 0 2 10 17 72 64 7 18 4 10 9 12 4 75 1 0 119 3 15 35 217 5 0 37 0 1 7 3 3 18 2 3 4 0 3 2 0 4
1 0 1 1 3 6 0 0 3 2 0 4 7948 139 282 2345 1498 5118 36991 5270 38 90 256 300 59 132 217 141 12 1 2 7 51 38 100 15 467 3797 135 239 318 139 210 6425 1172 3115 177 38 74 168 2 13 2 5 2 3 5 11 29 5 280 53 67 74 78 203 40 26 32 15 11 30 1597 2125 48 43 57 1818 180 12 23 53 9 6 24 9 10 78 93 198 469 46 4 10 46 14 23 1 11 4 15 7 6 3 2 25 4 6 2 10 4 60 180 315 1630 77 118 468 214 1110 2435 9298 1352 213 260 31 98 65 118 337 72 14 48 256 36 252 394 41 1337 742 318 806 90 6 90 45 131 291 2373 589 521 4 15 2 2 27 3 4 3 6 12 40 2 8 59 247 84 100 9 38 126 151 71 128 8 95 6 4 152 11 88 343 977 129 5 234 0 3 7 51 24 43 15 64 23 5 90 61 23 152
1 0 0 1 3 1 0 0 0 0 0 1 59 377 874 686 1157 464 5270 1174 39 49 254 191 22 81 52 13 10 1 2 2 11 21 62 92 1509 754 73 148 346 75 91 297 26 80 133 17 34 7 1 0 0 2 0 0 3 14 23 5 92 23 33 19 20 4 14 17 12 3 1 2 44 66 44 9 6 56 13 0 1 1 4 3 10 2 3 10 19 12 36 26 0 10 24 11 3 1 4 4 2 1 1 2 1 4 1 2 2 2 2 8 20 7 15 6 16 4 37 7 409 272 170 77 98 9 29 4 23 24 27 3 6 37 10 50 77 4 220 108 2 232 5 4 28 12 5 5 229 8 195 3 2 0 2 1 0 2 0 1 6 18 0 3 19 78 0 17 3 1 47 61 20 53 1 5 1 1 5 1 9 74 40 55 1 49 0 0 3 25 8 3 0 16 0 1 38 24 9 69
112 75 244 120 184 299 14 31 28 26 57 479 1 60 87 17 20 15 38 39 7704 8975 2328 97 907 214 24 14 179 67 144 139 369 185 10 9 41 267 17 289 419 34 111 8 1 18 159 18 16 2 6 18 23 37 5 1584 82 208 11 9 30 36 59 21 39 2 117 147 18 6 5 155 286 56 1320 15 149 10 117 1 7 1 76 23 2766 224 77 12 12 7 20 21 4 7 21 354 115 23 670 167 2 0 1 1 0 3 1 5 2 5 12 22 0 0 1 0 5 0 8 3 41 5 6 10 9 0 1 0 0 0 8 0 8 41 0 31 4 0 69 54 4 8 0 0 8 0 0 0 10 5 17 0 1 2 0 0 0 3 0 0 3 0 0 3 11 6 0 0 0 1 7 13 14 3 1 1 0 0 1 0 25 47 12 14 0 72 0 1 1 0 2 0 1 16 24 1 10 7 4 10
28 16 74 45 129 190 8 4 45 12 21 251 1 63 84 14 35 21 90 49 8975 24224 3298 520 8029 1296 109 31 208 49 110 114 367 242 21 10 65 730 19 2206 653 190 534 42 12 40 437 69 82 2 11 13 35 98 18 104 77 207 17 27 69 147 246 96 59 10 401 218 56 37 14 174 670 165 1639 41 310 28 248 1 14 5 222 163 5539 1061 186 31 73 22 70 66 11 39 105 346 176 31 2553 156 6 0 2 2 3 10 1 2 4 2 17 26 0 4 3 1 25 0 22 4 134 19 34 21 36 1 6 0 1 1 28 0 22 66 6 70 5 1 214 245 2 39 1 5 27 0 2 2 64 12 37 0 2 1 0 8 0 4 2 1 2 10 0 2 22 6 2 3 2 0 33 24 29 8 4 7 1 0 12 0 48 105 37 42 2 182 0 2 2 7 9 9 1 20 27 1 23 10 1 23
1 1 3 2 6 9 1 1 4 0 1 8 6 342 605 455 127 196 256 254 2328 3298 12567 10460 998 4900 569 148 37 4 10 7 69 109 100 45 188 395 88 1603 7173 1721 764 29 5 65 610 39 136 4 1 7 12 44 2 18 17 35 41 21 98 90 148 75 48 1 224 46 33 25 6 20 182 23 163 31 39 5 37 1 14 2 55 60 261 70 37 31 62 16 87 91 4 37 109 13 24 4 92 13 0 0 0 0 0 1 0 1 0 0 4 3 0 1 3 1 8 0 7 5 42 32 22 6 7 0 5 0 1 1 7 0 3 12 0 9 1 0 40 38 2 4 1 1 8 0 1 0 16 5 16 2 1 0 0 3 1 1 0 1 0 4 0 0 3 5 0 1 2 1 10 3 7 5 2 3 0 0 8 1 6 18 6 15 1 25 2 0 7 0 2 10 1 4 2 0 3 1 0 8
3 0 4 1 5 2 1 0 4 0 0 3 20 1140 1054 158 55 317 300 191 97 520 10460 13135 703 3062 4094 981 120 1 7 5 17 61 2264 435 44 133 187 2823 2143 5925 1297 25 9 442 2722 49 209 4 2 5 24 92 7 15 109 25 393 36 363 117 191 516 308 3 780 417 59 25 7 11 97 21 85 43 27 3 25 0 13 3 55 76 134 101 234 41 76 29 277 125 6 29 125 7 13 3 144 27 0 0 0 0 0 1 2 0 0 0 1 7 1 2 29 1 11 4 8 46 86 106 63 6 4 1 2 0 0 1 2 1 0 13 4 11 1 0 49 41 12 10 4 1 0 0 4 5 33 50 12 0 4 0 1 3 0 1 1 1 0 1 0 0 6 3 17 4 1 1 3 7 5 5 2 10 0 0 5 0 8 27 10 5 0 18 0 1 8 0 2 7 3 3 3 0 5 2 0 0
16 6 24 21 30 50 9 6 32 7 6 58 4 20 26 4 14 13 59 22 907 8029 998 703 16487 1108 136 26 210 19 44 37 116 85 27 2 20 270 12 6206 327 126 511 19 4 27 1172 61 68 2 16 23 144 445 46 120 392 63 6 10 38 149 335 152 68 2 4233 118 36 27 13 74 284 108 445 37 256 8 145 0 16 3 789 927 3136 2388 4816 33 67 25 84 70 13 31 100 104 157 26 7775 201 0 0 3 1 0 11 2 3 3 2 13 11 0 0 4 1 11 0 15 3 101 16 26 14 13 0 3 0 1 2 17 1 13 45 5 58 1 3 130 128 3 22 0 6 17 0 2 0 38 16 22 0 2 0 0 2 0 1 1 0 2 7 0 1 17 8 2 3 0 3 34 15 24 5 1 3 1 2 11 3 23 64 29 27 3 121 0 1 4 3 6 4 0 13 21 0 15 1 0 20
0 0 2 0 2 2 0 0 2 0 0 2 0 269 278 23 33 12 132 81 214 1296 4900 3062 1108 3772 1267 13 20 0 1 3 11 17 967 98 18 89 5 5224 571 91 140 10 4 12 1148 12 15 1 1 1 10 32 3 6 17 11 87 5 13 32 41 19 8 0 196 33 9 9 0 8 58 14 39 6 17 3 16 0 3 0 31 33 111 44 36 3 14 8 13 9 2 5 22 6 10 1 49 3 1 0 1 0 0 3 1 0 1 0 0 1 0 0 2 0 5 0 15 1 49 31 45 1 3 0 0 0 0 0 2 0 3 6 0 7 1 0 27 31 0 9 0 2 4 0 0 0 22 1 12 0 0 0 0 2 0 0 0 0 0 2 0 0 1 5 1 1 1 0 3 2 2 1 1 1 0 0 1 0 6 8 5 6 0 16 0 1 2 3 1 2 1 4 2 0 0 1 0 1
3 0 0 2 2 1 0 0 0 0 0 0 22 1988 2096 128 15 356 217 52 24 109 569 4094 136 1267 17274 9965 245 2 18 3 9 94 5801 594 35 71 130 3559 546 146 609 7 7 159 1415 30 22 2 1 3 23 75 5 6 160 41 468 82 81 67 323 1010 794 2 611 653 76 6 12 4 32 13 122 17 18 0 7 1 6 0 42 44 94 39 123 8 20 7 62 31 0 5 24 13 4 2 103 71 0 0 1 0 0 1 1 0 0 0 1 1 1 9 29 0 1 17 6 59 71 228 46 3 3 1 1 0 2 2 1 0 3 11 0 6 1 0 29 27 31 11 3 1 3 1 1 9 25 74 6 0 0 0 0 1 0 0 1 2 0 0 0 2 0 4 9 2 0 1 5 1 3 0 0 10 0 1 6 1 6 11 15 2 1 8 0 0 1 0 1 6 0 2 3 0 1 1 1 2
3 0 1 2 7 2 6 2 0 0 0 4 38 1369 4951 3543 20 481 141 13 14 31 148 981 26 13 9965 12877 482 22 57 2 30 232 397 211 110 109 3235 60 332 63 363 8 8 207 468 40 21 2 6 1 31 75 6 4 271 190 320 196 301 55 224 750 741 3 320 941 242 7 9 5 32 16 980 33 5 1 6 2 4 0 88 33 56 15 98 9 17 13 112 16 6 6 21 57 5 3 38 304 0 0 1 0 0 1 0 1 0 0 0 3 0 57 151 5 1 63 3 324 33 699 21 0 1 0 0 2 0 18 3 0 2 8 1 11 1 1 42 26 128 9 27 0 1 1 17 38 43 225 6 0 4 0 0 1 0 0 0 0 0 1 0 0 6 1 42 9 0 3 4 0 3 4 2 45 0 0 15 1 3 10 23 3 0 5 0 1 0 1 0 5 1 2 1 1 0 0 0 5
6720 390 535 647 2263 1667 2063 218 25 87 45 1161 16 218 158 37 16 15 12 10 179 208 37 120 210 20 245 482 38840 9682 5789 302 422 106 46 80 92 97 218 88 182 25 253 3 11 64 236 251 36 2 28 50 2006 10446 519 46 7155 105 153 24 137 567 1059 245 879 7 4380 562 467 65 96 177 111 30 2136 78 83 4 55 4 34 3 1465 1563 332 77 1536 40 64 19 126 95 26 35 92 1603 107 5253 249 2142 4 0 4 4 4 18 4 12 5 27 19 68 0 3 12 0 3 0 2 14 20 18 8 6 8 0 2 1 0 2 9 0 29 56 2 29 1 0 61 31 9 5 10 2 13 0 8 7 16 39 14 1 1 0 0 4 4 3 2 0 0 8 1 2 9 2 14 3 0 3 20 7 9 2 4 18 0 1 12 1 61 36 15 16 0 70 3 0 8 5 8 9 2 20 34 2 13 4 0 9
7747 2032 278 3511 4015 3450 561 24 7 34 50 1885 1 17 17 1 1 1 1 1 67 49 4 1 19 0 2 22 9682 18410 7333 279 377 5 4 4 15 12 23 7 96 4 9 1 1 6 10 22 10 7 40 77 424 808 195 62 3262 15 5 3 12 32 35 5 43 3 269 22 26 9 11 104 13 2 244 12 11 0 21 5 18 4 902 130 358 27 31 23 12 3 8 97 21 14 19 564 24 307 13 184 3 1 0 0 2 11 1 3 0 4 3 14 0 0 3 0 0 0 0 0 4 2 1 1 0 0 0 0 0 0 2 0 7 17 0 2 1 0 8 3 0 0 0 0 0 0 0 0 2 2 2 0 0 1 0 1 0 0 2 1 1 1 0 1 6 0 1 0 0 0 2 2 4 2 0 0 1 0 1 0 13 7 1 3 1 17 2 0 1 0 0 1 2 8 6 1 0 1 0 2
1178 323 101 1525 7585 3348 319 8 4 22 33 1369 1 56 30 7 2 1 2 2 144 110 10 7 44 1 18 57 5789 7333 14771 200 305 45 6 7 30 41 40 12 214 4 26 1 3 15 32 35 19 1 23 81 378 849 161 100 8986 56 9 9 52 52 60 23 96 0 1736 90 74 11 9 92 50 9 1160 12 14 0 21 4 19 2 855 188 631 109 380 14 17 7 31 108 22 28 18 4986 14 175 1219 4812 1 0 5 1 1 7 1 0 1 1 6 15 0 0 4 1 1 0 1 3 3 3 0 2 2 0 2 1 0 0 1 0 10 17 0 4 1 0 5 10 1 2 0 0 2 0 0 1 3 6 5 0 0 1 0 0 0 1 1 2 0 0 0 0 2 0 1 0 0 1 3 0 1 2 0 0 0 1 7 1 14 13 2 6 2 19 2 0 2 3 1 4 1 7 5 0 3 0 0 2
230 12 22 29 1441 3650 77 5 35 33 36 646 5 7 3 3 2 11 7 2 139 114 7 5 37 3 3 2 302 279 200 8106 7909 367 0 9 15 93 14 9 140 0 8 6 6 23 24 15 3 0 14 28 79 117 60 38 29 2767 13 16 27 9 5 2 9 1 106 43 13 5 7 2072 646 15 1648 9 66 5 663 1 11 3 225 53 255 34 6 6 8 4 23 57 15 12 6 3276 189 70 19 11 21 3 48 10 7 71 12 17 13 59 46 178 0 0 1 0 1 0 0 1 10 7 3 3 6 0 0 0 1 0 23 1 73 112 0 16 0 0 27 17 1 1 0 10 16 0 2 0 6 3 5 0 1 2 0 1 0 9 2 1 2 8 2 12 21 0 1 0 1 0 15 9 16 1 0 2 2 0 2 0 136 33 6 7 0 90 0 0 3 3 17 2 1 45 76 8 14 1 0 3
494 17 45 59 1089 3074 148 26 98 252 435 3042 37 48 25 33 17 88 51 11 369 367 69 17 116 11 9 30 422 377 305 7909 5664 2104 10 18 41 1872 120 61 395 11 32 22 27 244 208 61 14 6 23 63 130 166 113 66 66 2489 87 126 276 34 34 15 54 4 273 271 76 13 15 3256 1495 87 2677 37 193 41 574 3 34 5 424 82 434 65 129 24 19 25 106 112 27 17 18 2790 659 156 52 53 46 6 139 41 15 180 38 55 51 140 116 379 1 1 6 0 5 1 4 9 57 32 11 25 30 2 6 1 6 1 40 5 175 305 4 124 5 1 167 108 7 24 4 33 45 2 3 4 33 22 52 0 0 15 0 3 4 13 3 0 12 38 5 37 79 2 4 4 0 3 65 16 56 16 2 12 6 0 21 1 366 155 38 63 2 381 0 1 3 11 48 0 0 132 183 27 50 5 0 29
1 0 2 0 26 14 0 4 7 2 1 10 13 319 127 109 41 111 38 21 185 242 109 61 85 17 94 232 106 5 45 367 2104 2372 68 436 338 1020 226 118 242 10 77 3 12 105 986 86 10 1 2 6 20 33 15 8 44 2789 2141 4244 295 62 90 61 261 0 84 1983 164 14 32 43 577 29 2489 45 43 3 53 1 11 0 76 25 99 31 107 13 20 12 125 23 9 6 21 143 27 10 22 65 2 5 3 3 6 11 1 10 1 1 13 18 0 1 6 2 5 2 1 12 57 27 16 21 27 0 4 0 0 3 16 6 7 52 2 33 1 1 117 85 10 17 2 4 17 0 1 2 34 28 42 1 1 4 0 2 2 2 4 1 3 12 0 4 20 5 3 4 1 2 34 16 39 8 0 4 1 0 6 1 32 92 20 50 1 133 0 1 2 3 9 2 0 28 23 0 18 4 7 23
0 0 2 0 0 1 1 0 0 0 0 1 2 2680 1286 32 39 35 100 62 10 21 100 2264 27 967 5801 397 46 4 6 0 10 68 7857 1010 155 88 11 4907 96 63 414 5 2 12 865 11 21 0 0 1 4 15 1 0 32 39 482 127 15 19 91 199 134 0 48 199 16 1 1 5 33 4 98 2 3 0 9 0 2 0 6 5 6 5 14 0 6 4 14 4 0 2 14 6 1 1 3 22 0 1 0 0 0 3 0 1 1 1 1 4 1 0 2 1 5 1 8 6 91 60 71 4 7 0 0 0 0 2 5 0 3 6 2 9 3 0 38 52 0 21 1 1 2 1 0 0 31 12 8 0 0 0 0 1 0 0 0 0 1 4 0 1 4 5 3 0 1 0 7 6 5 1 0 1 1 0 2 1 3 14 6 4 0 11 0 0 1 1 0 0 0 1 0 0 4 0 0 5
0 0 0 0 0 1 3 0 0 0 1 0 0 1992 437 38 45 23 15 92 9 10 45 435 2 98 594 211 80 4 7 9 18 436 1010 2188 750 179 62 316 52 24 117 2 0 9 1673 6 3 0 0 0 4 14 2 0 38 216 6155 1383 19 11 58 76 126 1 40 562 21 4 0 1 20 2 480 4 2 1 2 0 1 0 16 5 14 1 9 0 2 1 13 4 0 0 12 13 1 0 5 79 1 0 0 0 0 4 0 0 0 0 0 0 0 0 0 1 4 0 4 1 32 11 18 2 4 0 3 1 0 2 2 1 1 3 0 2 3 1 11 18 1 7 1 0 0 0 0 0 14 2 1 0 0 0 0 0 0 0 0 0 0 0 0 0 2 2 1 0 0 1 4 0 1 1 1 2 0 0 0 0 0 3 1 4 0 2 0 0 0 2 0 0 0 3 0 0 1 0 0 1
0 0 1 1 2 2 1 0 0 0 1 0 4 811 232 331 1443 571 467 1509 41 65 188 44 20 18 35 110 92 15 30 15 41 338 155 750 2890 1389 316 90 195 11 32 7 1 227 953 13 6 0 0 1 9 9 2 3 34 243 647 503 389 12 31 19 91 1 36 375 42 1 2 1 33 5 898 22 2 0 6 0 1 0 13 5 18 8 17 4 1 3 46 3 1 2 6 25 1 1 10 71 1 0 1 0 0 3 1 3 0 0 4 2 0 3 6 0 3 1 7 9 57 23 23 15 6 2 6 0 2 0 5 1 2 7 3 9 5 2 37 50 3 20 2 0 6 3 4 4 21 7 42 1 0 0 0 2 0 1 0 0 2 4 0 1 5 5 2 1 0 1 20 13 8 4 1 2 1 0 3 0 7 22 6 19 1 21 0 0 1 1 1 1 0 1 3 2 7 0 1 16
1 1 3 3 16 12 3 0 4 2 2 13 615 220 168 517 1160 1598 3797 754 267 730 395 133 270 89 71 109 97 12 41 93 1872 1020 88 179 1389 5017 652 396 484 39 147 668 274 3382 1272 78 24 45 4 14 21 39 11 11 50 762 513 250 1920 54 113 75 181 38 154 642 132 12 23 89 4783 525 1365 100 128 342 246 3 14 6 76 31 191 58 135 46 60 112 651 28 7 6 21 81 38 2 60 51 20 9 11 4 3 26 7 53 3 4 53 49 10 21 74 6 65 19 63 71 762 412 195 149 266 17 44 9 15 24 124 13 37 188 21 244 53 9 875 542 35 333 10 20 101 17 31 18 363 111 500 1 8 5 1 13 6 9 4 0 15 77 9 11 83 79 16 19 3 10 231 199 153 124 5 45 3 2 62 8 124 464 224 463 4 696 2 0 6 60 60 20 4 82 122 16 152 77 20 226
1 1 2 0 2 3 2 4 2 2 0 5 49 324 1204 2389 58 2437 135 73 17 19 88 187 12 5 130 3235 218 23 40 14 120 226 11 62 316 652 21282 24 528 105 358 11 25 1046 136 210 75 6 2 3 19 37 9 4 92 184 108 120 11692 126 187 288 6513 9 111 273 4244 37 60 13 155 9 819 708 6 8 16 2 21 2 31 8 25 11 34 41 72 35 1203 66 12 12 50 51 4 3 11 127 0 0 0 0 1 1 0 2 0 0 0 4 1 147 417 6 2 46 9 539 68 648 29 2 5 2 1 9 1 47 1 1 3 16 1 20 2 0 67 31 394 8 126 1 2 8 92 157 72 963 10 1 3 0 0 12 0 0 0 3 0 0 0 1 8 1 234 72 3 14 3 3 12 3 8 202 1 3 83 10 9 18 15 6 3 16 0 2 9 3 2 20 1 2 5 2 0 4 0 3
4 1 5 2 4 6 3 0 21 1 1 6 5 695 601 31 74 22 239 148 289 2206 1603 2823 6206 5224 3559 60 88 7 12 9 61 118 4907 316 90 396 24 9641 498 231 648 42 5 42 4918 65 80 2 2 10 49 160 14 22 90 27 206 20 75 153 281 148 61 3 1111 115 43 30 9 44 306 101 169 47 170 15 95 0 7 0 162 184 381 259 308 22 60 21 84 31 9 27 116 24 73 10 376 25 0 1 5 0 0 6 1 3 1 1 8 16 0 0 0 1 30 2 13 5 187 53 86 23 15 1 3 2 0 1 16 2 12 50 6 56 7 0 194 172 2 29 3 4 16 3 1 1 61 11 43 0 3 0 0 2 1 1 0 0 4 10 0 1 21 19 4 5 1 2 23 15 29 10 3 7 2 1 15 0 21 68 32 21 0 102 1 2 3 8 7 7 0 11 8 2 12 5 2 12
400 161 447 224 173 290 64 201 35 95 80 692 36 557 1130 825 139 715 318 346 419 653 7173 2143 327 571 546 332 182 96 214 140 395 242 96 52 195 484 528 498 6216 4783 1517 48 95 595 407 532 1566 79 145 138 30 52 1111 878 114 194 54 43 1104 549 535 187 393 25 235 184 509 211 204 242 313 73 1011 591 183 14 125 20 290 38 871 30 409 48 103 686 756 439 1513 1601 173 451 619 295 176 26 92 140 2 1 10 2 1 20 7 10 5 10 16 40 1 7 20 0 3 1 7 23 38 61 28 7 10 1 1 1 1 5 9 0 28 68 4 27 4 1 65 51 20 7 10 6 14 7 18 10 27 95 23 17 56 2 2 74 18 10 21 22 3 10 0 2 11 2 18 15 12 10 19 8 17 8 13 42 17 23 115 10 73 61 19 24 15 125 24 14 167 1 7 114 29 24 42 4 10 3 1 10
7 2 10 4 8 6 6 5 3 3 0 8 7 81 127 146 20 168 139 75 34 190 1721 5925 126 91 146 63 25 4 4 0 11 10 63 24 11 39 105 231 4783 10541 6457 6 38 215 248 147 2587 13 1 2 2 29 18 9 13 9 21 8 380 179 134 38 134 6 134 31 166 67 35 4 25 7 37 178 5 1 8 3 39 6 35 18 48 28 32 113 188 130 592 707 13 146 342 3 8 1 34 8 0 0 0 0 0 2 0 0 1 0 3 1 0 1 6 1 1 2 2 5 24 17 28 2 1 0 0 0 1 0 0 0 1 3 0 2 0 0 11 19 6 3 1 0 0 1 4 1 6 39 1 2 13 0 0 10 2 1 1 2 0 0 0 0 1 1 2 5 3 3 2 1 2 0 9 13 2 0 37 5 1 5 2 1 5 2 3 3 27 0 0 27 2 1 1 0 0 0 0 0
17 5 18 5 8 12 3 9 4 3 1 19 59 336 361 87 24 243 210 91 111 534 764 1297 511 140 609 363 253 9 26 8 32 77 414 117 32 147 358 648 1517 6457 7688 36 274 1016 1315 748 2455 53 5 9 38 130 26 16 189 46 172 41 1785 895 2856 3355 2256 37 1010 352 1435 198 133 11 95 31 201 1339 51 8 45 1 89 10 165 113 271 144 231 269 920 850 4230 607 35 210 4327 24 44 3 187 59 0 0 0 0 0 3 0 2 0 1 1 3 0 14 55 3 3 1 6 63 45 93 36 1 0 0 0 1 0 6 3 0 4 9 1 13 0 0 38 34 43 7 14 0 3 16 49 17 33 275 8 6 31 0 1 57 5 1 5 7 0 0 0 1 9 3 47 39 20 17 2 4 4 5 41 135 5 9 273 46 14 12 15 2 23 23 7 6 67 1 0 137 13 5 3 0 3 1 1 4
0 1 0 0 3 2 0 0 3 0 0 1 5253 10 13 4 10 336 6425 297 8 42 29 25 19 10 7 8 3 1 1 6 22 3 5 2 7 668 11 42 48 6 36 11614 2654 1013 39 9 6 722 7 23 1 0 0 0 4 3 4 0 89 15 17 13 9 539 18 1 4 8 6 87 2169 1437 25 15 402 5126 2977 29 69 203 3 2 8 3 7 236 99 308 433 6 6 5 30 3 21 0 5 0 3 3 5 1 0 11 1 4 1 4 4 16 22 16 146 5 40 53 58 142 592 1192 319 42 75 4 22 6 12 32 30 2 12 66 10 65 51 8 396 274 28 121 15 5 16 3 18 16 395 117 158 4 2 5 2 29 7 4 9 4 7 17 0 4 23 41 10 12 6 15 39 52 26 34 10 16 6 3 66 14 25 109 290 64 7 117 3 2 22 17 11 33 4 13 14 1 37 16 8 49
2 2 0 1 2 0 5 0 173 2 0 1 4736 3 5 5 0 65 1172 26 1 12 5 9 4 4 7 8 11 1 3 6 27 12 2 0 1 274 25 5 95 38 274 2654 13253 2322 20 75 61 2387 6 20 8 6 3 1 6 16 2 2 52 96 139 62 111 3778 32 7 70 26 28 160 1284 858 51 43 2035 1779 2086 52 172 333 8 2 17 0 6 969 491 3302 2915 48 11 22 131 10 1005 59 2 3 0 1 0 1 2 2 1 1 0 2 5 5 2 27 737 2 3 25 10 290 41 308 18 4 2 1 1 10 3 7 7 1 7 22 11 25 2 0 57 50 189 1 120 0 5 79 868 126 74 3384 11 13 103 2 5 461 8 3 19 15 0 1 0 1 15 7 403 231 52 481 1 5 49 17 93 826 17 24 2563 232 11 13 52 13 132 42 26 58 278 0 1 715 42 10 8 0 2 1 0 0
1 0 3 2 2 2 5 2 12 1 1 5 932 44 107 148 72 7501 3115 80 18 40 65 442 27 12 159 207 64 6 15 23 244 105 12 9 227 3382 1046 42 595 215 1016 1013 2322 5918 96 95 107 15 1 2 8 25 6 4 36 76 10 15 1503 106 288 504 658 378 139 75 158 21 21 95 2208 133 248 118 94 126 326 0 14 5 27 28 30 11 23 55 93 197 1547 148 7 32 125 36 70 9 18 34 0 1 1 0 1 5 0 0 0 1 1 4 7 455 2506 19 15 86 13 1619 253 2000 80 6 7 1 2 45 11 154 6 0 12 49 7 46 15 2 288 103 970 27 505 1 9 31 664 1116 338 3705 23 4 12 1 2 53 0 0 0 4 0 3 0 3 19 12 670 247 23 252 2 11 26 19 19 664 0 3 369 25 22 46 135 13 11 48 3 2 32 2 0 57 9 17 6 0 7 5 0 7
3 0 3 1 9 7 2 1 16 2 0 6 14 1022 538 45 174 63 177 133 159 437 610 2722 1172 1148 1415 468 236 10 32 24 208 986 865 1673 953 1272 136 4918 407 248 1315 39 20 96 6366 105 82 3 2 6 32 95 14 16 228 414 1368 984 177 286 768 654 590 3 945 6415 173 47 23 44 530 134 614 61 172 29 108 0 20 0 105 123 223 171 2366 41 74 28 150 33 3 29 158 32 92 8 309 161 3 2 2 2 1 10 1 8 1 3 11 19 1 4 7 2 43 1 18 21 300 89 119 41 60 3 9 2 4 3 36 2 17 72 20 97 6 1 295 317 11 65 6 0 40 2 3 0 122 41 104 0 2 2 0 2 0 2 0 1 4 18 1 6 30 25 10 2 1 0 56 52 53 21 2 13 2 0 11 4 38 134 49 77 2 157 0 1 7 13 9 8 1 28 23 3 28 17 5 46
17 5 18 1 13 10 8 8 1 4 1 14 6 28 76 38 5 79 38 17 18 69 39 49 61 12 30 40 251 22 35 15 61 86 11 6 13 78 210 65 532 147 748 9 75 95 105 16623 563 123 9 24 21 36 35 17 99 78 44 16 1025 7512 2236 228 1128 12 215 162 5491 544 5063 9 88 18 449 6265 18 2 12 12 626 50 86 31 75 27 47 2279 3906 347 1108 327 82 176 1448 57 15 4 23 82 0 0 0 0 0 0 0 2 0 0 0 0 0 4 29 3 1 2 3 17 10 17 8 1 1 2 1 2 1 2 2 3 1 3 3 5 0 0 13 12 17 3 13 2 1 59 28 4 8 122 10 53 244 8 13 368 18 6 22 47 1 1 0 0 4 2 20 125 89 15 3 6 13 8 208 130 43 57 743 106 2 10 3 6 128 27 64 77 503 1 0 705 118 1 4 0 1 2 0 3
55 10 69 15 15 23 14 21 5 12 4 35 7 24 54 33 7 68 74 34 16 82 136 209 68 15 22 21 36 10 19 3 14 10 21 3 6 24 75 80 1566 2587 2455 6 61 107 82 563 8607 57 18 15 7 22 72 22 17 6 5 0 258 647 308 97 122 16 103 22 166 425 198 11 16 24 45 252 29 7 15 8 178 27 100 17 40 14 22 635 693 269 509 6334 198 3149 5345 25 20 3 15 11 0 0 0 0 0 2 0 0 0 0 0 0 0 2 9 1 2 2 2 4 10 11 9 1 0 1 0 0 0 0 1 0 1 5 0 4 2 0 11 9 7 1 3 0 2 9 14 3 10 27 0 18 50 1 3 46 2 2 13 19 0 1 0 0 0 1 6 13 13 1 0 1 1 3 23 17 16 11 107 13 3 1 4 2 25 7 19 20 133 0 0 141 35 1 3 0 1 0 0 0
12 0 4 5 1 1 3 2 55 2 1 4 78 1 2 3 0 8 168 7 2 2 4 4 2 1 2 2 2 7 1 0 6 1 0 0 0 45 6 2 79 13 53 722 2387 15 3 123 57 6149 109 560 1 3 5 2 1 1 0 0 19 179 55 6 10 1866 6 2 17 93 67 80 321 1206 9 33 1534 924 1077 925 853 4613 16 2 7 0 3 3803 909 3684 121 157 41 34 105 4 481 17 0 2 0 0 1 0 0 1 1 1 0 1 3 2 0 2 15 4 0 0 1 7 7 21 6 0 5 1 0 0 2 0 6 1 1 3 1 8 1 0 16 3 4 8 7 5 2 46 33 7 15 106 5 33 328 9 6 645 73 55 100 143 0 3 0 0 3 4 4 119 85 20 3 5 10 8 216 92 76 59 1085 89 3 11 19 8 149 26 100 214 956 1 0 1357 104 1 5 1 0 0 1 1
99 25 111 33 27 33 27 60 4 27 12 42 0 0 2 0 0 1 2 1 6 11 1 2 16 1 1 6 28 40 23 14 23 2 0 0 0 4 2 2 145 1 5 7 6 1 2 9 18 109 17524 19674 6 5 112 21 19 2 1 0 7 14 10 4 9 70 20 8 7 172 32 21 16 126 39 5 63 12 21 1132 1194 473 135 1 25 5 15 179 26 23 10 8344 6710 84 23 35 51 12 6 17 5 0 2 1 2 2 2 0 2 0 0 3 0 0 0 0 0 0 0 0 1 0 0 0 1 0 0 0 0 0 1 0 5 9 0 3 0 0 5 1 2 2 0 2 2 1 1 0 1 1 1 8 8 19 1 6 429 181 706 385 1 2 0 0 2 0 1 0 1 4 3 0 1 0 1 2 194 45 8 2 6 1 1 0 1 15 112 17 217 0 1 28 20 7 3 0 1 0 0 0
260 56 250 62 57 90 79 144 17 61 27 180 3 0 1 1 1 3 13 0 18 13 7 5 23 1 3 1 50 77 81 28 63 6 1 0 1 14 3 10 138 2 9 23 20 2 6 24 15 560 19674 38649 15 13 249 37 30 23 3 0 11 50 18 5 17 281 48 25 19 101 109 73 45 409 101 15 195 45 63 13856 6777 1609 290 8 68 6 27 1263 142 92 29 3059 3880 31 27 73 113 13 10 41 4 4 9 3 3 6 1 2 2 6 8 12 1 2 1 1 0 0 0 0 3 0 0 0 2 0 0 0 0 0 4 0 6 21 0 3 0 0 15 10 0 2 0 14 3 5 3 1 4 7 2 26 34 111 7 20 2639 937 3828 1538 12 2 0 0 1 1 0 3 6 15 9 2 5 1 3 4 803 130 36 2 21 21 25 6 3 76 554 120 967 1 21 184 110 16 10 1 5 1 1 2
772 76 268 114 219 226 983 592 98 286 85 340 2 14 13 0 1 2 2 0 23 35 12 24 144 10 23 31 2006 424 378 79 130 20 4 4 9 21 19 49 30 2 38 1 8 8 32 21 7 1 6 15 9772 9024 7232 8 211 41 9 1 9 47 102 25 65 1 1283 57 33 7 10 118 33 16 221 12 100 8 70 2 4 1 2580 611 175 99 180 8 13 5 17 33 6 7 15 188 187 6962 127 133 1 1 5 1 0 11 4 7 0 10 17 30 1 1 2 0 0 0 0 1 6 4 1 1 3 0 2 0 0 0 7 1 19 51 1 13 0 0 19 16 0 3 0 1 8 0 1 0 1 1 5 0 0 1 0 0 0 0 0 0 1 0 0 1 14 1 1 0 1 0 9 2 12 3 0 2 1 0 0 0 52 28 4 8 0 70 0 0 2 1 0 0 0 25 27 0 6 1 0 6
1230 124 415 217 441 409 1608 864 86 358 98 569 4 40 31 13 3 7 5 2 37 98 44 92 445 32 75 75 10446 808 849 117 166 33 15 14 9 39 37 160 52 29 130 0 6 25 95 36 22 3 5 13 9024 14993 985 12 551 39 26 3 40 126 277 78 162 2 6351 98 83 25 12 116 49 21 501 25 86 4 59 2 1 0 1515 7442 137 150 524 9 28 11 30 26 5 12 37 392 192 5175 289 384 2 0 2 3 1 11 1 4 1 8 19 24 0 1 1 0 2 0 1 5 13 8 4 4 1 1 0 0 0 0 6 0 13 40 1 21 0 0 25 12 2 7 0 1 2 0 0 0 3 8 8 0 0 1 0 2 0 2 0 0 2 2 0 3 15 0 2 2 0 2 10 2 13 4 0 2 1 0 5 1 49 32 3 14 0 61 0 0 1 2 6 0 0 6 17 1 4 1 2 6
447 42 219 50 92 108 461 376 39 158 46 205 0 5 6 0 0 1 2 0 5 18 2 7 46 3 5 6 519 195 161 60 113 15 1 2 2 11 9 14 1111 18 26 0 3 6 14 35 72 5 112 249 7232 985 23771 354 58 20 4 2 18 42 38 8 30 4 253 21 11 51 16 119 35 18 162 11 99 3 50 10 126 14 4902 45 201 40 57 106 43 10 21 1005 129 93 63 102 111 1430 30 63 2 0 1 4 0 11 5 5 1 3 19 26 1 0 0 0 0 0 0 1 2 2 1 0 4 0 0 0 0 0 4 0 21 42 0 8 0 0 25 10 1 2 0 2 3 0 1 0 1 1 3 4 4 2 0 1 3 5 6 7 0 4 0 0 11 0 0 0 0 1 11 4 3 2 1 1 5 6 8 0 59 32 3 8 0 65 8 2 20 0 6 14 4 20 25 0 8 2 0 1
235 78 300 81 74 94 32 112 10 54 30 216 0 7 2 0 0 2 3 0 1584 104 18 15 120 6 6 4 46 62 100 38 66 8 0 0 3 11 4 22 878 9 16 0 1 4 16 17 22 2 21 37 8 12 354 3038 31 19 4 0 13 23 18 4 15 1 44 17 15 23 8 56 23 13 135 5 32 0 35 2 19 1 2529 9 1079 60 46 25 17 10 21 136 17 21 27 98 35 7 108 35 1 1 1 0 0 9 3 3 2 3 6 15 0 0 1 0 1 0 0 0 2 1 1 0 2 0 1 0 0 1 5 0 14 26 0 9 0 0 18 9 0 0 0 0 3 1 1 0 4 1 4 1 1 0 0 2 0 1 1 1 1 1 0 0 3 0 1 0 0 0 6 1 5 0 1 0 0 2 2 0 16 15 4 6 0 31 1 1 6 0 1 4 2 2 9 1 1 0 0 0
73 14 25 26 448 110 32 12 4 4 5 84 9 112 80 11 4 11 5 3 82 77 17 109 392 17 160 271 7155 3262 8986 29 66 44 32 38 34 50 92 90 114 13 189 4 6 36 228 99 17 1 19 30 211 551 58 31 9105 46 77 7 84 211 573 207 556 2 6002 595 201 31 28 24 52 12 1788 39 25 0 19 2 23 2 573 275 237 175 3147 21 40 13 95 34 18 18 49 911 23 26 2807 4864 0 0 0 1 0 2 0 2 0 2 3 4 1 1 10 0 2 0 0 1 7 4 1 1 1 0 0 1 0 0 5 0 2 8 1 8 1 0 19 11 10 1 3 1 2 1 6 0 6 27 2 0 0 0 0 0 1 2 0 0 1 2 0 1 1 0 4 0 0 0 4 4 0 1 0 7 1 0 13 1 11 9 5 5 2 24 0 1 5 1 2 7 0 2 1 2 3 1 0 1
5 2 7 5 92 80 3 3 10 7 5 67 11 278 151 31 48 32 11 14 208 207 35 25 63 11 41 190 105 15 56 2767 2489 2789 39 216 243 762 184 27 194 9 46 3 16 76 414 78 6 1 2 23 41 39 20 19 46 3110 1040 1130 239 59 78 31 263 4 93 1471 210 24 27 757 543 29 5060 47 51 4 359 1 13 1 119 21 172 22 65 22 15 12 106 31 14 5 11 876 46 9 29 70 5 2 10 3 3 27 2 7 8 13 19 50 0 3 7 1 3 1 2 6 25 16 8 9 9 0 0 0 0 2 11 1 29 51 2 30 0 0 57 39 9 7 1 7 14 0 1 0 14 31 11 0 1 0 0 0 1 3 1 0 3 11 0 3 13 1 10 2 0 1 9 5 16 6 0 9 5 0 7 1 64 43 9 11 2 92 0 0 3 1 15 2 1 33 25 2 12 7 0 7
0 0 1 0 3 0 2 0 0 0 0 0 0 1040 277 24 45 16 29 23 11 17 41 393 6 87 468 320 153 5 9 13 87 2141 482 6155 647 513 108 206 54 21 172 4 2 10 1368 44 5 0 1 3 9 26 4 4 77 1040 1546 2975 78 36 135 132 316 1 76 1471 117 6 10 8 56 2 788 17 3 0 5 0 2 0 27 6 15 7 30 6 6 2 23 10 2 3 9 13 1 0 6 116 0 0 0 0 0 1 0 0 0 0 0 5 1 0 5 1 8 2 4 10 40 27 32 0 8 1 0 0 2 1 2 0 0 3 0 9 2 0 38 21 3 5 0 1 2 0 1 2 19 16 10 0 1 0 0 1 0 0 0 0 0 1 0 0 0 4 3 1 0 0 3 1 4 2 0 2 1 0 4 0 3 10 4 3 0 9 0 0 0 1 1 0 0 2 2 0 4 2 0 2
0 0 0 0 0 0 0 0 0 0 0 0 0 353 68 41 17 34 5 5 9 27 21 36 10 5 82 196 24 3 9 16 126 4244 127 1383 503 250 120 20 43 8 41 0 2 15 984 16 0 0 0 0 1 3 2 0 7 1130 2975 2180 61 16 43 38 179 0 14 850 83 2 2 2 40 2 531 8 1 0 2 0 2 0 6 2 9 2 18 0 3 1 33 2 0 0 4 5 0 1 1 25 0 1 1 0 1 0 0 1 0 2 0 0 0 1 5 0 0 1 2 1 11 4 3 0 2 1 0 0 0 1 0 0 1 3 0 4 3 0 13 5 3 2 2 0 2 0 0 2 6 5 8 1 0 0 0 0 0 0 0 0 0 2 0 0 0 1 0 0 1 0 7 4 4 1 0 3 0 0 2 0 2 7 2 4 1 9 0 0 0 0 0 0 0 1 1 0 2 0 0 2
7 0 9 3 15 4 4 4 0 2 0 9 38 148 494 515 87 6458 280 92 30 69 98 363 38 13 81 301 137 12 52 27 276 295 15 19 389 1920 11692 75 1104 380 1785 89 52 1503 177 1025 258 19 7 11 9 40 18 13 84 239 78 61 7118 474 1130 691 960 21 176 175 2276 96 213 43 628 19 803 5158 15 7 53 0 72 4 37 19 69 23 30 280 729 116 3966 324 22 86 301 80 14 1 37 90 1 1 2 0 0 2 0 2 1 0 3 7 4 65 533 7 7 12 8 272 86 316 29 5 5 0 0 17 0 27 4 3 4 17 6 22 3 2 74 50 190 22 165 1 6 32 280 204 84 1173 21 3 18 1 0 44 2 0 2 2 1 1 0 1 8 10 221 98 6 30 7 8 23 15 11 352 3 6 291 36 11 31 27 20 26 26 7 5 29 4 1 72 8 10 4 0 5 0 4 5
20 7 24 5 12 18 10 14 6 8 6 24 9 35 80 32 9 64 53 23 36 147 90 117 149 32 67 55 567 32 52 9 34 62 19 11 12 54 126 153 549 179 895 15 96 106 286 7512 647 179 14 50 47 126 42 23 211 59 36 16 474 17786 12385 746 1544 14 613 313 2582 4949 1903 13 48 22 436 590 34 9 27 23 498 228 161 70 133 64 124 1547 1075 501 885 451 233 2041 5695 56 13 9 73 124 0 1 0 0 0 1 0 2 0 0 1 1 0 2 13 4 3 3 1 11 16 13 7 3 1 2 3 1 0 2 2 2 0 2 0 10 0 0 10 10 9 5 9 8 2 49 19 6 17 81 9 86 403 11 18 240 23 19 69 119 0 1 0 0 3 2 8 109 99 17 3 11 11 10 161 74 131 146 387 51 2 9 11 12 81 24 164 105 947 2 0 881 231 2 4 0 0 0 0 1
8 7 7 4 15 15 9 3 7 0 3 12 21 190 274 41 14 89 67 33 59 246 148 191 335 41 323 224 1059 35 60 5 34 90 91 58 31 113 187 281 535 134 2856 17 139 288 768 2236 308 55 10 18 102 277 38 18 573 78 135 43 1130 12385 39615 7402 14367 26 1791 777 4258 911 416 13 76 21 586 1202 39 9 32 3 105 19 264 149 258 137 259 359 1050 527 2350 230 52 492 4737 60 18 15 206 259 0 0 0 0 0 1 0 0 0 0 2 0 0 6 37 1 2 7 3 30 28 61 14 1 3 3 1 2 0 0 2 0 2 6 4 12 1 0 28 14 29 4 16 0 1 19 35 5 18 245 5 5 62 1 1 74 1 3 9 11 0 2 0 0 0 1 32 45 14 11 3 6 10 7 47 121 4 11 280 38 3 7 14 9 39 18 10 16 127 0 0 234 23 2 4 0 2 3 0 1
2 0 3 2 3 1 1 2 1 1 0 4 40 289 279 28 6 139 74 19 21 96 75 516 152 19 1010 750 245 5 23 2 15 61 199 76 19 75 288 148 187 38 3355 13 62 504 654 228 97 6 4 5 25 78 8 4 207 31 132 38 691 746 7402 6984 7283 11 748 444 564 103 55 5 39 13 113 404 24 3 14 2 20 1 74 55 94 73 140 52 184 124 943 50 13 76 1633 14 11 2 119 83 1 0 0 0 0 1 0 0 0 0 3 1 0 9 53 0 1 3 1 99 20 141 5 3 0 0 0 3 0 3 1 0 1 1 0 3 0 1 19 11 48 6 21 0 1 5 13 11 12 234 5 0 7 1 0 8 0 0 1 2 0 0 0 0 0 4 35 14 4 4 2 4 1 0 3 53 2 2 42 6 2 4 5 4 8 6 0 2 18 0 0 25 2 1 0 1 1 1 0 0
5 2 14 1 12 5 7 4 1 1 1 5 70 539 1094 196 10 211 78 20 39 59 48 308 68 8 794 741 879 43 96 9 54 261 134 126 91 181 6513 61 393 134 2256 9 111 658 590 1128 122 10 9 17 65 162 30 15 556 263 316 179 960 1544 14367 7283 12578 7 890 1225 11334 200 284 16 68 6 1274 335 15 4 15 0 57 1 184 82 128 55 180 111 180 85 923 152 29 72 362 99 8 13 104 445 0 0 0 1 0 3 1 2 0 1 0 2 0 31 231 2 0 19 6 200 28 253 21 5 7 1 2 5 2 9 1 1 4 6 4 10 0 0 28 22 180 15 88 0 3 15 87 33 37 849 14 5 11 1 0 15 0 2 0 0 0 2 0 1 5 1 172 46 5 19 10 11 15 6 7 284 1 0 184 33 3 16 9 10 9 11 0 3 16 1 1 42 10 5 1 0 6 0 1 5
0 1 3 1 0 0 0 0 52 1 1 0 865 0 1 1 0 15 203 4 2 10 1 3 2 0 2 3 7 3 0 1 4 0 0 1 1 38 9 3 25 6 37 539 3778 378 3 12 16 1866 70 281 1 2 4 1 2 4 1 0 21 14 26 11 7 2917 1 1 5 14 18 68 338 1929 5 12 1532 1795 1009 354 251 1250 10 0 4 1 3 580 196 641 614 55 20 3 26 2 342 11 1 0 0 0 0 0 0 1 0 0 0 0 2 2 0 8 330 1 1 5 2 141 22 175 6 1 0 2 0 1 0 3 3 0 2 4 1 4 0 0 22 10 75 1 20 0 0 9 113 121 34 688 1 3 14 0 1 38 27 13 44 31 0 1 0 1 5 3 63 24 5 635 0 2 5 1 8 98 18 11 235 23 10 9 447 2 14 14 13 12 69 0 1 98 5 1 4 1 1 0 0 2
179 103 231 221 384 396 32 43 32 39 48 682 13 113 101 20 8 29 40 14 117 401 224 780 4233 196 611 320 4380 269 1736 106 273 84 48 40 36 154 111 1111 235 134 1010 18 32 139 945 215 103 6 20 48 1283 6351 253 44 6002 93 76 14 176 613 1791 748 890 1 15358 891 328 89 60 119 178 58 2047 136 157 13 94 7 32 3 3303 10870 1185 2890 7739 76 160 42 283 114 24 56 267 532 129 29 5938 3722 2 3 5 1 2 7 0 6 3 8 9 20 0 3 12 1 10 2 8 23 41 17 15 18 12 0 2 0 1 2 15 1 10 45 4 41 3 0 82 74 7 15 7 1 10 1 9 2 30 73 25 0 5 0 0 4 0 2 3 1 0 7 0 0 13 6 14 5 1 3 24 9 22 12 4 24 1 3 24 1 49 55 19 41 1 97 2 2 9 6 6 17 0 15 24 2 11 5 2 20
9 0 4 2 7 5 3 1 10 3 1 8 4 554 330 77 42 27 26 17 147 218 46 417 118 33 653 941 562 22 90 43 271 1983 199 562 375 642 273 115 184 31 352 1 7 75 6415 162 22 2 8 25 57 98 21 17 595 1471 1471 850 175 313 777 444 1225 1 891 4971 424 62 59 26 354 41 3287 62 106 3 70 2 12 0 189 74 208 111 925 21 37 10 113 43 23 19 65 30 65 8 355 1013 1 2 3 0 2 9 1 4 2 2 4 9 1 1 12 0 16 3 6 13 59 29 19 19 12 2 1 1 0 0 22 1 7 33 6 53 4 2 126 109 14 21 4 5 24 1 6 2 42 49 34 0 1 3 1 3 2 3 0 0 2 5 0 0 26 4 15 3 0 1 18 20 35 13 3 19 2 0 8 2 17 75 19 37 2 104 0 0 2 4 6 7 0 11 13 1 27 9 2 10
13 1 6 4 21 16 10 2 1 1 2 11 14 161 452 277 14 250 32 12 18 56 33 59 36 9 76 242 467 26 74 13 76 164 16 21 42 132 4244 43 509 166 1435 4 70 158 173 5491 166 17 7 19 33 83 11 15 201 210 117 83 2276 2582 4258 564 11334 5 328 424 7271 373 842 17 107 9 1142 6423 16 1 25 2 234 8 83 35 97 21 65 642 1128 178 1377 214 58 87 483 95 5 4 52 221 0 1 0 1 0 0 0 0 0 0 0 3 1 13 97 2 3 4 2 36 25 78 9 3 2 0 0 3 0 7 4 1 1 10 1 9 1 1 31 29 41 9 43 1 1 38 187 21 20 620 14 8 36 2 1 118 1 2 0 8 0 1 0 0 7 3 119 106 16 13 4 3 18 8 43 359 2 10 680 100 3 13 2 10 53 20 8 5 54 1 1 191 17 7 1 0 1 0 1 8
35 12 35 7 11 9 6 19 2 10 6 30 1 6 24 10 1 12 15 3 6 37 25 25 27 9 6 7 65 9 11 5 13 14 1 4 1 12 37 30 211 67 198 8 26 21 47 544 425 93 172 101 7 25 51 23 31 24 6 2 96 4949 911 103 200 14 89 62 373 4930 2689 16 12 25 103 159 32 6 12 39 1819 383 68 10 27 14 21 1265 302 153 240 776 1928 2316 1909 21 25 3 9 19 3 0 3 2 3 0 0 4 0 0 4 1 0 1 4 0 0 0 1 7 0 5 2 2 0 1 1 1 1 0 1 1 1 1 0 2 0 0 5 3 4 4 4 2 3 21 7 1 3 21 1 100 187 37 17 89 156 167 401 434 2 1 0 0 2 1 2 29 29 10 3 7 3 2 23 17 437 288 117 8 1 4 9 4 15 22 373 94 1222 1 2 370 218 0 4 0 0 1 0 0
16 5 18 5 10 11 9 13 2 5 2 14 2 6 22 13 1 26 11 1 5 14 6 7 13 0 12 9 96 11 9 7 15 32 1 0 2 23 60 9 204 35 133 6 28 21 23 5063 198 67 32 109 10 12 16 8 28 27 10 2 213 1903 416 55 284 18 60 59 842 2689 12071 11 39 32 164 373 28 4 19 47 7170 276 44 6 16 4 19 3090 584 155 332 311 363 245 442 23 18 3 8 29 1 0 1 0 0 0 0 1 0 0 0 0 0 4 8 4 0 2 3 7 3 1 2 1 2 1 0 0 0 0 1 0 0 2 1 2 0 0 2 2 3 1 1 1 4 36 11 1 4 32 0 102 195 32 18 103 127 120 270 322 0 0 0 0 2 0 6 32 30 8 2 2 2 3 37 18 372 263 132 12 2 2 8 3 27 22 296 101 1113 0 0 425 202 1 3 1 0 0 0 1
107 9 64 47 535 863 59 12 351 1641 1420 2065 59 2 2 2 1 18 30 2 155 174 20 11 74 8 4 5 177 104 92 2072 3256 43 5 1 1 89 13 44 242 4 11 87 160 95 44 9 11 80 21 73 118 116 119 56 24 757 8 2 43 13 13 5 16 68 119 26 17 16 11 7896 815 271 560 11 1775 473 2663 11 28 40 398 54 339 45 60 50 23 33 61 102 32 10 15 1315 6098 542 25 4 67 21 227 66 58 448 54 100 86 294 297 828 0 2 2 0 9 5 2 7 73 29 22 39 55 3 8 1 3 2 107 9 348 735 4 192 5 0 199 94 8 27 0 45 87 0 7 2 42 12 49 1 1 28 2 10 15 34 5 2 30 61 4 88 154 3 1 5 1 2 97 53 85 14 0 7 13 0 9 1 896 305 70 50 0 885 3 2 5 10 85 6 4 347 479 56 107 6 2 38
7 4 8 5 90 104 7 1 41 9 6 74 1231 46 52 48 26 318 1597 44 286 670 182 97 284 58 32 32 111 13 50 646 1495 577 33 20 33 4783 155 306 313 25 95 2169 1284 2208 530 88 16 321 16 45 33 49 35 23 52 543 56 40 628 48 76 39 68 338 178 354 107 12 39 815 7880 1771 1126 64 791 2442 3633 35 56 136 164 58 264 64 224 181 113 265 758 40 6 11 44 427 222 25 59 48 29 7 26 5 19 60 4 81 6 32 113 117 32 21 85 6 104 32 67 71 1047 643 312 196 288 12 55 7 26 24 142 14 102 425 38 410 59 10 1320 903 24 355 13 24 137 23 27 28 595 128 495 2 6 10 0 24 8 18 5 7 23 81 5 19 146 105 22 20 3 18 311 201 230 119 8 49 8 2 80 10 357 706 442 438 5 1153 3 5 30 68 88 29 3 150 234 29 159 84 24 277
