13.1430152669187 25.2928857474402 18.9258457829559 37.1198419959675 42.269526851061 48.724281629951 21.9522467629734 14.4379327300421 72.1464347839355 54.9018824895223 65.887053740652 58.8525428594871 0 0 117.017852783203 0 0 204.911636352539 142.476593017578 164.849090576172 119.22181892395 133.6500113351 125.028732299805 191.93586730957 163.082984924316 0 172.482014973958 161.457407633464 29.2611459923997 20.1684874803216 40.7765568699213 56.4383830360744 66.7102051939559 198.270278930664 0 0 0 141.694915771484 165.59651184082 192.718353271484 106.316672668457 138.275441850935 178.63413103889 0 182.73657989502 171.025131225586 137.673596700033 180.91590163287 153.513250038841 182.372624715169 147.852005081947 150.905104270348 115.775426498967 90.9912877648827 122.484518849076 114.666663863811 64.5876358763812 162.630731201172 0 0 179.512459891183 179.929419708252 187.373468399048 214.876838684082 186.994973754883 0 106.558489623682 186.615210639106 185.299377441406 182.020123726981 185.013604164124 86.2942419319509 115.528803144182 209.844906616211 163.300197825712 185.417913818359 175.721313476562 209.473297119141 125.113902282715 164.984614652746 193.072388811809 173.816669040256 120.589885879866 106.407762626211 111.689276570607 99.4922740831288 164.619422912598 191.448589448006 192.906351549872 183.433217366536 197.881696260892 141.107917071563 172.282812909382 175.802397075452 178.295523250804 96.5061939239502 101.392791395921 61.1308707991544 136.841776880725 136.487220070579 202.432278442383 211.784225463867 203.709082467215 209.90061340332 0 198.794986724854 194.817227172852 169.085744222005 126.311164855957 145.336431503296 193.450907389323 199.407435099284 0 0 0 0 0 0 212.465072631836 0 182.073318481445 218.278396606445 0 0 210.48942565918 0 0 0 0 0 201.597702026367 0 178.678292168511 195.73518371582 0 213.941986083984 0 0 225.958892822266 228.449447631836 223.474838256836 246.059921264648 0 227.012924194336 0 0 0 0 237.439392089844 0 185.613510131836 244.445732116699 0 0 0 0 208.744206746419 0 201.254577636719 229.117866516113 0 0 0 215.965947469076 199.904052734375 0 0 205.097351074219 0 0 218.62663269043 0 189.505332946777 0 0 248.184814453125 230.408676147461 231.39518737793 227.436790466309 232.146011352539 180.403365071615 198.551068987165 196.385172526042 0 225.719192504883 199.334739685059 220.294258117676 243.128982543945 232.35733795166 0 243.331741333008 0 237.252098083496 196.69100189209 183.067906061808 179.374084472656 222.92409769694 0 0 0
25.2928857474402 13.2886966965358 13.3595289158821 21.9194940184645 22.934427644537 41.883486011429 69.9025904681232 73.9013785085371 86.3879648844401 64.9827879200811 104.711329142253 58.503431693015 0 216.539352416992 169.041122436523 0 0 206.870223999023 0 0 118.770087178548 115.628956317902 113.29443359375 0 135.859149932861 0 0 0 79.6887110196627 25.1987955213532 29.0003088959968 90.3654944101969 74.62643365299 0 0 0 0 208.656997680664 178.396957397461 163.778457641602 109.976451897473 192.300262451172 186.244616699219 232.155670166016 215.75040435791 0 0 195.078146362305 181.780416870117 0 161.955218505859 169.49711554391 139.826993139167 115.270621822726 138.83750806536 125.49027134822 98.9557140895298 95.3063774108887 0 0 0 189.007825578962 203.734449114118 0 194.33260345459 221.733184814453 103.219947666798 0 200.5810546875 196.803638458252 195.602069091797 124.503111097548 203.409694671631 211.490564982096 168.743804931641 197.031936645508 132.345487594604 0 161.748174667358 170.588806152344 203.778843966397 195.692489624023 138.372772376217 118.48203587532 121.43431864558 106.63339954723 148.457748413086 199.888308981191 201.305363048207 198.831443786621 201.26456451416 152.342772539924 184.126866658529 188.203278605143 188.802728017171 140.678175354004 84.0697822570801 94.8213797859524 124.367573208279 0 163.874969482422 204.10612487793 189.463272094727 183.045341491699 165.713287353516 186.248177161584 181.31584777832 172.035021209717 175.998260498047 157.691858042841 184.05350112915 180.842983136858 0 0 0 0 0 0 0 0 0 0 0 158.367126464844 0 0 0 0 0 0 194.897247314453 0 169.54759894477 181.176982879639 0 182.991592407227 0 0 0 221.694198608398 0 0 0 0 209.38697052002 0 0 0 0 0 0 0 0 0 0 0 0 0 0 0 197.108367919922 215.365798950195 0 179.6259765625 245.771453857422 0 0 0 0 0 0 0 0 0 0 0 246.996780395508 0 0 0 170.583986554827 229.48454284668 0 0 0 190.9866065979 232.834197998047 0 0 0 209.750213623047 235.26188659668 0 167.560618809291 150.204469854181 195.551452636719 0 0 0 0
18.9258457829559 13.3595289158821 8.37761593639128 17.0881939925157 76.8437954829289 26.7512070558367 57.6800596708357 17.8669221110005 68.49525197347 18.7691032618032 54.9148565371465 16.566876973187 247.362670898438 0 172.413864135742 203.866245269775 0 205.382255554199 181.423843383789 0 122.158373973409 116.05743624713 188.507451375326 196.584648132324 146.480574925741 230.537178039551 0 208.148452758789 83.5962674506357 61.3024645537781 74.13251302738 122.343096993186 118.399456787109 166.420318603516 182.197357177734 0 222.57080078125 166.240493774414 182.613182067871 171.360516357422 110.39109172437 155.696127319336 189.903803507487 0 0 211.012893676758 167.733479817708 187.767560323079 159.814375725345 186.73250579834 154.523276045516 162.378729309082 134.013035276043 114.908476349245 135.205091990292 122.911880111694 119.883805084229 177.085601806641 154.196197509766 0 200.383884006076 189.763779322306 197.070615495954 197.930531819661 200.161131722587 229.501149495443 107.829923555448 174.374092102051 196.613316853841 193.061567905971 194.898340861003 116.772963523865 193.173557281494 217.601008097331 177.185876112718 198.023179487749 156.662871360779 239.503463745117 162.773821213666 168.666819000244 201.1669405887 182.082544962565 134.376475697143 116.063571860991 118.798836500642 105.243559217453 185.122326190655 196.667098354286 198.225329589844 196.386300479665 201.022594949474 155.936910023409 180.932099228605 183.124554701254 191.65921497345 151.787439786471 81.8743986765544 91.0178277645471 133.131716498013 168.963229370117 134.414265155792 199.407434463501 175.154137339813 186.429513454437 175.715815952846 178.715910045023 178.857362321905 162.334288578407 86.0204922812326 149.815289330861 170.713318354647 177.802974700928 0 0 0 0 162.593154907227 0 233.502502441406 0 192.197091674805 165.570383707682 0 181.914131164551 202.080741882324 0 0 0 196.850936889648 178.622451782227 192.218599759615 164.695053100586 167.603738924352 174.217913978978 193.841674804688 169.763298882378 144.692031860352 0 191.035967740146 179.221203613281 0 165.385753631592 0 206.841362847222 222.234357561384 0 0 244.405136108398 174.279998779297 239.591659545898 198.410565185547 0 0 215.147132873535 0 247.999694824219 217.687359280056 228.254825592041 231.333422342936 219.594863891602 184.264038085938 218.671978420681 0 208.473729913885 167.342545942827 0 0 0 0 212.341232299805 214.502388000488 0 161.198043823242 0 228.927291870117 238.74089050293 0 0 247.022125244141 217.442260742188 163.386301422119 170.303932189941 177.910026550293 163.858734130859 0 171.707595825195 233.545206705729 207.855779012044 237.10107421875 179.999969482422 217.721836090088 238.508379618327 0 167.878940582275 142.824871515824 203.158904181586 210.548695882161 0 0 166.22314453125
37.1198419959675 21.9194940184645 17.0881939925157 12.3133082865979 24.291728379026 23.2352023934988 60.8108843564987 45.498048295366 88.0449391240659 46.7572568893433 65.6639127528414 31.2033729157886 0 0 209.5302734375 225.614166259766 233.252182006836 0 200.45573425293 237.40055847168 117.129655520121 111.740449523926 120.698978424072 177.53662109375 128.471476236979 0 194.17407989502 151.575637817383 72.5639033663955 33.5970496703539 34.3230397008677 58.2916879982784 74.8713504985227 0 0 0 124.545249938965 172.907251993815 0 161.058692932129 109.72319316864 161.073135375977 165.40041809082 0 169.213348388672 204.287437438965 146.560943603516 179.242462158203 171.850549316406 187.383218383789 157.400789203066 161.974970909857 135.858209911146 115.789335435437 138.667555236816 123.325236944505 80.1684769850511 157.437661743164 0 0 181.02072652181 194.962161254883 191.589534759521 206.017356872559 205.261215209961 222.013305664062 95.970648476441 134.464141845703 186.74577331543 193.880364554269 205.049774169922 101.254471393342 161.329612731934 176.738327026367 163.51902216131 186.068576049805 135.245546976725 0 128.554861588912 173.748085021973 205.142424843528 188.035603841146 135.93315329011 114.363677322865 119.221711507963 104.295655764066 144.250101089478 197.99082304302 205.573622270064 209.116938273112 204.971097946167 154.235280011151 181.043432871501 184.598524983724 191.339495340983 106.682394451565 81.0114266615648 92.5595422632554 116.843295869373 126.9217821757 174.377964019775 185.239003499349 181.855376850475 186.157675170898 179.552215576172 182.691902316346 187.416608174642 163.595485687256 137.084187537432 152.591422334009 175.337479050095 175.729522160121 0 0 0 0 0 0 161.106582641602 0 168.467498779297 167.312596638997 0 172.822509765625 188.348815917969 0 197.525741577148 0 0 0 188.152381896973 0 166.576272052267 169.245143239091 196.048324584961 186.422366802509 0 0 176.113906860352 204.284141540527 0 166.318683624268 0 197.931513468424 193.648515973772 0 0 0 128.773086547852 0 184.39315032959 0 242.468597412109 203.097549438477 0 206.312965393066 230.554336547852 235.271697998047 0 0 223.572743733724 210.222320556641 234.828125 202.518085479736 164.849605015346 0 0 0 0 0 206.096638997396 0 211.741744995117 165.060531616211 0 233.250122070312 0 0 238.337120056152 0 164.713644220588 173.009567260742 197.818084716797 167.367431640625 0 159.081120458143 220.582496643066 217.466537475586 242.352691650391 174.426528930664 220.455104827881 247.111633300781 244.51513671875 166.650397745768 150.296064080132 195.082015991211 230.231227874756 0 0 168.353958129883
42.269526851061 22.934427644537 76.8437954829289 24.291728379026 17.8390458558941 36.6589555251918 61.6636894062197 117.927695023386 89.1525721549988 106.065186133751 70.4724085330963 53.5350571906804 106.525379180908 114.332777659098 111.227718353271 99.4816551208496 88.2938842773438 0 128.334350585938 96.1379623413086 102.557547652203 93.0187613021496 122.813616434733 183.317886352539 123.164353179932 139.401195526123 181.215538024902 124.793554033552 60.6030063620722 33.4575346935434 22.3961621529033 32.8213216608221 52.8821722946657 67.2147894639235 0 0 79.8323936462402 95.5095410346985 127.01155090332 109.731315612793 97.1604839611605 145.236916542053 156.047100067139 124.724334716797 124.266471862793 129.504325866699 127.117302788628 160.784437326285 154.698048400879 148.830108642578 158.483621950503 155.544846919545 126.058320136919 101.238327009067 130.08572031104 116.728876474741 41.897118685501 56.8943581373795 138.586639404297 0 141.567317199707 177.764186859131 174.892607625326 167.952824910482 132.156019846598 0 79.7570549050967 143.515372140067 138.9835114252 193.775515469638 178.712599182129 61.4667452375465 85.7143693288167 148.525560379028 67.5251071618038 181.509429931641 96.8335093329935 108.891603469849 73.7298151934588 176.608563741048 190.958034697033 174.595123291016 126.204283724549 103.3418771678 106.158970830951 93.5078716743283 128.284562952378 182.015015602112 190.501121520996 193.572977701823 164.508850574493 146.872468948364 172.845971812373 178.640088399251 187.174145168728 28.9465017576357 76.1717890269721 80.7290494653243 107.844787173801 58.8213849258423 191.974568684896 201.821929931641 172.88039289202 164.498402913411 158.094043307834 164.208283273797 174.684893798828 166.980347188314 163.880411783854 153.879763466971 153.955153656006 160.504835914163 0 0 129.696434020996 0 0 0 0 0 0 152.949398040771 0 159.678344726562 161.813671875 0 0 0 0 0 192.029344177246 0 155.337572097778 155.248233250209 0 179.296394348145 0 0 172.18849836077 171.972768147786 0 150.825187683105 0 189.306452433268 195.28249613444 0 176.897201538086 0 145.49653116862 238.355422973633 190.648147583008 0 0 0 0 0 236.209533691406 212.539733886719 0 219.417114257812 222.065200805664 197.733047485352 0 203.882320404053 159.919186909993 141.907775878906 0 0 0 0 195.042139689128 157.518020629883 162.810206486629 146.907745361328 0 0 227.362609863281 0 217.133463541667 0 144.497270662491 155.707951863607 71.2923355102539 157.536228179932 232.301177978516 140.257251137181 168.099090576172 0 231.125007629395 180.198944091797 212.391817092896 231.197280883789 224.614852905273 153.159817730939 129.95369049997 204.400594075521 191.719436645508 187.018600463867 0 142.639694213867
48.724281629951 41.883486011429 26.7512070558367 23.2352023934988 36.6589555251918 15.6786951683171 63.7806232808952 73.6495676676432 73.0633912519975 44.5125758622822 54.924481716156 22.0783494314365 0 92.754160563151 145.583123524984 147.624374389648 0 206.082636515299 152.423461914062 137.602523803711 112.747325552746 105.569276046753 129.321083068848 189.672508239746 129.272803497314 91.7775726318359 171.000350952148 162.401966094971 71.1167432536747 46.6313104828544 44.6409848024056 22.4962323606178 29.5224713766505 69.2489583151681 172.103515625 121.288063049316 142.141036987305 127.802523612976 166.740478515625 148.548901875814 105.318988589583 158.034553527832 170.8938331604 154.347953796387 0 170.792465209961 150.573610578265 182.754037475586 159.430681311566 174.442657470703 158.433642531886 167.184146202935 137.192423626385 112.249399180517 140.121853934394 123.046477622174 67.5140614249489 58.6456334352493 0 0 154.244424819946 180.71201578776 176.548699951172 202.214462280273 161.396800231934 0 92.3296929176408 180.37057800293 157.076247215271 195.989415486654 181.12851229581 61.0163523562399 81.6699344928448 165.725565910339 86.6660399506058 172.67400970459 93.1361578579607 106.868988037109 78.9173706429345 168.070307413737 200.435754394531 182.695871988932 136.371414385344 113.571298622223 116.133483929532 101.360507202148 145.970348157381 202.592065429687 199.774893624442 194.907173156738 188.487933819111 155.477413364224 183.778894524825 183.038176879883 198.126520010141 42.986934842773 77.9676984043445 89.6385809610056 109.616926574707 109.374489648002 191.320357863967 189.040772871538 178.623103734866 179.462138875326 163.694800125925 175.334538377176 179.543088970762 160.526177241884 133.463216925776 144.018766770983 161.056982987411 170.213999480598 159.397283935547 174.032653808594 148.55078125 0 0 230.974411010742 146.832321166992 157.03352355957 162.961513812725 158.846102396647 168.071243286133 177.350355148315 183.249743652344 0 195.064071655273 0 0 165.65731048584 180.570343494415 0 158.395824784992 165.887439406546 135.694564819336 174.574048784044 176.444511413574 0 172.544051320929 166.032043457031 0 163.124666486468 0 196.336906433105 188.218385484484 181.685043334961 217.254516601562 144.940979003906 164.139779227121 228.10124206543 158.002155650746 0 243.631317138672 199.323145548503 0 207.259155273438 0 227.642463684082 0 0 222.76284136091 215.735897357647 204.93034362793 207.110432739258 154.752538344439 0 197.901809692383 0 0 218.274887084961 193.757947054776 204.295801798503 180.278948465983 168.112940470378 0 205.149322509766 208.925659179688 0 211.507766723633 0 156.880136975013 148.757101724314 120.337285359701 158.216197087215 0 144.694391765292 0 201.495010375977 239.910339355469 170.662399291992 216.533808708191 246.894828796387 0 157.348237471147 134.839050068575 200.844378822728 181.524202786959 224.316619873047 0 158.185321807861
21.9522467629734 69.9025904681232 57.6800596708357 60.8108843564987 61.6636894062197 63.7806232808952 11.3645289865211 16.8246726427284 11.6778671865142 33.5205887949967 48.26973254761 70.6638053378978 99.9370193481445 105.596448262533 112.516347249349 137.262825012207 0 0 0 0 119.671163831438 122.095991134644 132.5498046875 189.845550537109 152.145332336426 0 0 121.869921366374 19.9062710516787 40.7524412515542 56.8673965011644 69.6671297643092 79.2619974033253 0 88.287239074707 94.819096883138 102.952239990234 157.4675877889 132.400230407715 139.206578572591 94.4955348968506 122.4325243632 157.128763834635 0 134.383769226074 147.33447265625 135.550926208496 144.177248001099 124.351813725063 136.930104573568 123.918829176161 124.849856026565 82.0353088262486 53.0695660043119 88.9872777611987 95.0971839427948 73.8831396102905 112.073204040527 89.501148223877 0 171.230941772461 165.958944702148 161.279283311632 227.307159423828 142.73889378139 0 121.278522610664 121.862640380859 148.501078796387 156.160858154297 169.362545437283 83.0442966525838 121.487403869629 132.164140701294 134.432940528506 149.568506876628 80.6138681684222 152.059452056885 101.592037999353 142.838766479492 167.034958648682 153.363346099854 92.116907549969 85.6034461732895 91.5942235935234 87.5723779466417 105.621145248413 157.422285970052 171.554730006627 154.936108398438 163.929841995239 115.571913285689 144.097971402682 153.70591545105 161.211859130859 74.2451384887695 34.3268844337874 21.456149239359 126.422203063965 87.7786574363708 204.156112670898 246.811676025391 158.500147247314 147.618827819824 175.125839233398 185.205035618373 184.787180582682 175.35146077474 146.333679199219 159.401952266693 171.539905548096 182.340749640214 0 0 0 236.406143188477 0 0 0 0 161.669189453125 201.423889160156 0 0 202.11060333252 0 0 0 0 0 208.225410461426 0 194.124196370443 180.806740897042 0 201.629130045573 0 0 210.763275146484 207.368148803711 0 184.172515869141 0 0 200.64826965332 0 0 0 145.838272094727 0 197.299415588379 215.537307739258 207.95930480957 0 0 171.631256103516 188.359390258789 0 197.967753092448 0 0 174.268981933594 0 0 164.547630310059 0 0 215.200042724609 0 0 225.643341064453 188.82145690918 180.865142822266 188.254028320312 0 0 0 0 198.280181884766 0 179.462032063802 180.90959777832 0 164.218399047852 0 200.12046661377 0 0 207.108978271484 0 0 234.165023803711 0 196.082328796387 160.643779754639 231.944091796875 0 0 0 227.595245361328
14.4379327300421 73.9013785085371 17.8669221110005 45.498048295366 117.927695023386 73.6495676676432 16.8246726427284 10.3439765063923 12.44548207753 17.1415716874934 33.5959819928593 52.8865115698978 0 169.585749308268 0 0 0 0 0 0 114.399130052136 112.915826797485 187.423980712891 0 160.662556966146 0 0 243.502822875977 69.8431488177098 86.9070027669271 149.925765991211 123.143656921387 116.396318582388 196.110157012939 0 0 0 0 212.03003692627 0 100.739579271914 156.794104003906 166.125461154514 0 0 212.042663574219 218.551452636719 179.043472290039 145.686427161807 230.426689147949 143.380183537801 147.484921031528 107.41171842008 80.5644775055073 110.732534794097 109.135823181697 149.477820396423 179.115900675456 0 0 177.109375 180.28664289202 176.188730875651 169.188507080078 197.251407623291 0 122.521117454351 140.518615722656 171.287971496582 181.35675209447 184.564791165865 149.470049540202 146.78581237793 180.461486816406 196.38363494873 200.025871276855 142.672005789621 0 144.414976755778 130.146942138672 192.947059631348 181.179500579834 114.034385338649 103.566824913025 108.513489823397 94.5600961538462 189.77251180013 182.378886829723 178.275183105469 201.816395350865 196.698989868164 131.710317182111 167.543947219849 175.04168215665 184.67646520278 173.746664259169 65.3841706116994 49.49325737801 128.256072998047 141.203104654948 175.965145874023 0 183.775477409363 171.00968170166 0 182.116865370009 173.074975585937 145.606457519531 137.012609073094 146.215052065642 172.586008071899 177.084747314453 0 0 0 0 0 0 0 0 0 0 0 0 189.729904174805 0 0 0 0 0 0 0 158.372637430827 182.861155192057 0 187.075378417969 149.526016235352 0 170.771522521973 0 0 144.873168945312 0 225.009826660156 0 0 0 0 0 184.971694946289 0 0 0 0 0 222.120056152344 209.180477142334 189.750122070312 181.182586669922 237.113616943359 217.066291809082 222.592681884766 0 0 0 0 0 204.906356811523 0 0 0 0 198.47021484375 0 244.39518737793 0 221.214309692383 206.599594116211 0 241.342056274414 161.969006625089 0 0 0 0 180.286080360413 0 216.062080383301 239.414723714193 0 0 232.580520629883 242.496541341146 176.546401977539 146.209134419759 206.967814127604 0 141.58332824707 0 0
72.1464347839355 86.3879648844401 68.49525197347 88.0449391240659 89.1525721549988 73.0633912519975 11.6778671865142 12.44548207753 6.7020873094622 20.8971466413112 45.8176604701278 71.5510440334197 94.7675346961388 0 107.517150878906 0 0 127.076065063477 142.179359436035 0 108.240472521101 96.8454639010959 89.9233951568604 137.340980529785 80.968630194664 156.721984863281 0 0 99.0481771850586 119.52282169887 110.054754257202 72.5673943655831 74.9847373183893 84.6338964189802 0 0 0 103.967359542847 141.22615814209 87.3736786615281 109.634896632603 132.850664774577 145.782230377197 145.951937357585 101.602149786977 110.788783391317 79.3236031532288 210.770935058594 160.485296630859 110.525272854892 149.111728668213 161.724431654986 85.3771785813935 67.1660920963731 102.314077132787 112.247409057617 110.368288040161 64.0198482513428 0 0 0 171.901117960612 153.452031816755 201.734649658203 111.251831054688 85.2300795041598 108.017802000046 81.1762870788574 161.068054199219 153.37858581543 181.00927734375 60.0890874509458 87.630693575231 44.2396848237694 93.0596669803966 169.308603922526 46.2648942249924 64.7990669427916 68.6020206518933 139.225080217634 167.661929715064 133.77570400238 115.538156316521 124.956780066857 119.863066963528 96.8494288126628 82.4040868759155 145.449302800496 142.218155525826 123.475208414012 123.980106172108 154.366631141076 171.562351771763 158.614448547363 154.929626464844 78.5345809936523 21.7449302952475 18.5649631244443 102.182087489537 128.082588195801 185.592247009277 200.427215576172 187.751057551457 181.785659790039 159.762969970703 186.331123938927 204.26244354248 134.853986104329 181.104639689128 144.240012486776 156.26081570712 169.880738576253 0 0 167.798706054688 0 130.436401367188 0 0 0 155.826946258545 163.336227416992 129.61686706543 151.683288574219 194.656951904297 0 0 0 0 0 163.699172973633 0 155.262324741908 168.409703063965 0 137.979359944661 0 0 158.36452738444 132.406410217285 0 0 0 183.766738891602 149.082324981689 0 131.586441040039 0 137.000857035319 178.145854949951 228.965072631836 0 197.550819396973 0 0 190.737022399902 207.694676717122 0 191.359252929688 0 211.738037109375 220.305770874023 0 197.469108581543 146.309753417969 0 191.594146728516 182.425216674805 0 0 165.058990478516 147.098770141602 176.220423380534 0 199.515121459961 172.135411580404 214.926752726237 0 185.213954578746 171.227635701497 154.361098970686 136.187996497521 74.6368455886841 124.433870951335 0 119.64600686466 203.031425476074 122.064788818359 224.536468505859 0 196.199312482561 198.975170898438 207.712463378906 156.59723739624 126.167725372314 221.779602050781 166.886978149414 0 0 0
54.9018824895223 64.9827879200811 18.7691032618032 46.7572568893433 106.065186133751 44.5125758622822 33.5205887949967 17.1415716874934 20.8971466413112 10.3605648363925 16.0608620353241 21.3854877730743 0 0 0 0 154.373931884766 212.415985107422 237.989448547363 0 119.811700380765 116.654863357544 0 0 165.202407836914 0 0 0 89.0956713358561 96.2893579146441 96.658879366788 64.116471377286 48.7721047022986 103.685539245605 0 0 0 234.721206665039 156.983711242676 198.014617919922 104.081821642424 145.770970662435 176.489405314128 0 186.119407653809 199.442077636719 196.671806335449 171.159111022949 152.96448135376 186.943969726562 150.89346991645 152.278941045042 112.009256229534 91.6578753167691 119.320909934708 112.295405776412 115.081790924072 139.582420894078 0 0 151.213073730469 186.499229431152 0 194.052444458008 230.952545166016 94.0930938720703 129.298091790615 186.250310262044 190.704437255859 180.064524841309 195.046264648438 33.740788208138 138.315275404188 68.2941961288452 162.025260231712 185.531809488932 38.474360545666 77.0091705322266 63.4852897395258 179.237434387207 193.363217163086 147.800018310547 122.386627169871 110.634612343528 113.35335430932 110.450371212429 145.220743815104 186.095823400161 192.87489827474 161.989283243815 207.793467203776 138.465765917743 168.944891496138 171.541947501046 187.365102132161 122.120865049816 20.6783383622812 49.4385199039243 114.66162999471 0 156.788262116282 153.831638336182 146.41197004576 150.615627771136 135.239399157072 145.658511028198 150.073604426972 126.164812867071 55.7069752569552 109.763900435598 133.788924664523 141.30685563134 131.565628051758 0 244.382308959961 185.271392822266 0 0 0 201.594940185547 140.737266540527 144.667455673218 139.335723876953 143.172134399414 147.250831604004 0 150.83610534668 0 179.177967071533 0 154.338221910265 140.546905517578 126.947396433252 139.590194529538 162.177581787109 149.860061876702 154.304331461589 0 135.703224182129 156.904787336077 174.33642578125 142.880725860596 0 197.163638775165 193.234094892229 0 0 0 144.245027542114 191.466522216797 161.543663024902 0 0 200.966551038954 0 169.197219848633 202.947212219238 201.715217590332 0 217.577407836914 207.967199707031 200.357381647283 189.716087341309 182.807936043575 133.894427454749 171.84309387207 229.671737670898 218.177032470703 236.007949829102 0 197.238972255162 163.210454940796 138.994260999891 240.125953674316 0 0 210.426264444987 230.664039611816 245.116348266602 0 126.910763875326 129.089492591652 140.192434310913 165.090311686198 0 113.144882642306 0 0 227.015930175781 198.739814758301 210.545744243421 230.808395385742 0 132.759369064163 97.4343491401993 180.146682194301 195.215988962274 181.774551391602 0 178.237014770508
65.887053740652 104.711329142253 54.9148565371465 65.6639127528414 70.4724085330963 54.924481716156 48.26973254761 33.5959819928593 45.8176604701278 16.0608620353241 9.67580623592111 22.8143605612553 185.640518188477 0 0 0 0 0 0 0 107.878801312363 101.506609598796 104.268707275391 0 108.288815816243 0 0 0 82.663318294949 59.4789675140381 66.4252938935251 74.9215868579017 29.7080872743979 203.809875488281 0 218.471374511719 123.652191162109 183.775421142578 0 242.930480957031 103.002008628845 0 153.599044799805 0 0 225.723922729492 0 162.190002441406 145.339023590088 191.209243774414 157.894002278646 167.538887589066 124.794343566895 101.151739159409 129.604135927947 119.226366170247 106.241967010498 101.642622375488 0 0 0 176.924395243327 198.019734700521 0 137.864151000977 167.153259277344 100.37529706955 131.951751708984 160.239700317383 182.650377909342 180.416610717773 28.5154903081101 74.4593067169189 42.3461647033691 135.2433385849 0 40.1363437141691 87.088264465332 68.7630341951964 161.315078735352 203.464021955218 0 129.366113814097 111.738296203613 114.683315513874 100.815487670898 190.694732666016 199.284441630046 195.708684285482 182.72758992513 180.616775512695 143.574887864133 178.181386311849 178.115933736165 182.159083048503 99.4546090443929 27.1099292793028 77.3503553237467 103.015172322591 144.738479614258 174.955778060421 209.504768371582 165.076986999512 166.192509969076 159.023109436035 164.720022194394 172.800804501488 144.100537402813 158.953445587158 130.773729736059 150.704381960914 157.363158615222 0 0 0 0 0 0 0 175.767562866211 175.646969604492 163.769039916992 170.984024047852 178.599417114258 0 0 0 0 0 169.89079284668 176.711096801758 142.946998596191 143.091876103328 153.839721679688 0 156.297381446475 0 0 160.076342264811 164.003879547119 0 199.325073242188 0 205.586308070592 188.181831359863 0 239.328720092773 188.930572509766 133.051265716553 0 151.500270843506 0 0 218.716430664062 0 0 241.501998901367 212.347045898438 218.865970611572 248.436248779297 216.213245391846 209.446311950684 188.992446899414 187.713888549805 141.387581203295 145.661987304688 0 0 0 0 200.175242614746 186.389221191406 158.165757073296 0 0 0 231.724319458008 0 229.495330810547 0 142.089501759891 134.954681113914 199.93180847168 172.303596496582 0 128.384010314941 0 0 219.864715576172 190.266326904297 209.173987388611 0 0 143.86991553471 123.152066492151 176.554289923774 208.148920694987 0 0 140.454742431641
58.8525428594871 58.503431693015 16.566876973187 31.2033729157886 53.5350571906804 22.0783494314365 70.6638053378978 52.8865115698978 71.5510440334197 21.3854877730743 22.8143605612553 15.5061559369498 166.349792480469 138.060094197591 179.622141520182 127.055358886719 135.911407470703 164.086910247803 186.727516174316 233.537719726562 122.232203139144 112.945845129005 123.359654426575 208.052169799805 131.399675040409 136.714851379395 0 182.22477722168 85.7511521437166 58.8485043290439 58.694801403015 37.1819637567266 31.3615038054778 102.600310134888 150.23942565918 0 0 149.426495478703 174.998268127441 148.445515950521 113.874952624988 157.363121032715 171.077479312294 104.970230102539 213.330718994141 172.921217346191 144.833087921143 189.189564296177 165.56478969029 190.200778961182 165.484685262044 171.924731614855 143.957465070837 122.608830336318 146.818928267316 130.919749153985 94.5318891888573 69.8424591519939 0 0 214.128816392687 196.341926574707 193.379378000895 184.535404205322 195.850894165039 0 103.64244703813 160.639455795288 190.934047352184 198.707965087891 206.076315743583 48.8460638082056 98.7644616204339 157.436526371883 126.364706811451 201.671798706055 93.7760045984212 152.303100585938 87.349356842041 180.980680847168 207.328905449539 201.089725494385 145.418556605403 122.716989952221 125.780605701182 109.255564235947 166.503439331055 205.707864379883 207.663871401832 206.659409586589 206.279775446112 156.994450300932 188.625135040283 190.831102498372 197.67437375825 83.4292450800981 67.4031748552681 95.9209031460945 123.01366069705 154.30228969029 191.574061110213 187.589915188876 183.095035012999 184.126800537109 171.798399466055 181.423506063672 184.508478856349 165.398692798889 118.827576386869 150.824058130761 158.162552878121 175.931102768076 177.946960449219 179.662574768066 0 174.088714599609 0 0 161.992520141602 0 176.829936308019 165.420386037519 160.160845075335 184.740650177002 186.393791785607 0 144.521362304688 0 191.652989705404 196.934928894043 192.884874493888 216.434883117676 164.975277117829 171.366727672953 149.367095947266 179.426883882689 181.424524943034 0 181.082935566805 175.693773542132 0 169.73216683524 196.115783691406 204.300642967224 196.863839382595 188.663269042969 235.610321044922 213.875343322754 164.739166259766 227.455080668132 176.233837352079 224.086776733398 0 212.689086016487 0 193.191825866699 235.015088762556 229.678465949164 0 230.250076293945 223.965632629395 217.570846218533 218.107269287109 209.886745758057 166.787738864705 149.277038574219 0 194.418243408203 0 154.077102661133 212.332220541464 194.833580465878 179.272123064314 200.100204467773 0 202.364924112956 226.710830688477 243.775634765625 226.092361450195 232.074325561523 164.105573513469 163.755438183981 144.221189498901 173.518901151769 0 150.425015301438 223.338729858398 221.578707885742 221.325860595703 188.757236480713 221.123460769653 217.068344116211 0 164.369457509783 137.878450948981 204.608828855365 205.518172870983 174.195571899414 0 185.656356811523
0 0 247.362670898438 0 106.525379180908 0 99.9370193481445 0 94.7675346961388 0 185.640518188477 166.349792480469 13.6090399634982 95.3026224772135 124.156772613525 96.3930346171061 47.1323578574441 28.1754097383598 30.2105383287438 54.7057140156374 212.466812133789 127.118843078613 99.525707244873 88.7568960189819 131.843784332275 0 93.6349260156805 79.2119038230494 147.873482227325 176.566268920898 94.4337692260742 98.0790573120117 91.2846838461386 105.520409217248 95.0711441040039 0 90.5597982406616 75.4758232799003 98.1359873401875 133.858081054687 92.2677309248183 70.7020688738142 78.3927930411646 28.0233716641111 21.9147740711231 45.8325614675943 125.642032078334 108.625948588053 128.906263623919 66.2899110500629 0 126.919909159342 194.515571594238 164.887119293213 0 0 129.249599032932 92.962307323109 0 0 147.437133688676 121.94857957628 99.950925554548 79.5116647720337 82.2851558140346 28.9923919760423 147.217611459585 116.527053833008 118.765159334455 158.345764160156 122.907779693604 94.6552223593502 76.0674299120806 37.050581355919 112.362808409191 114.223501682281 86.6714330930968 23.4213725007083 78.9625500195647 140.494397481283 129.095564705985 86.8869700961643 179.720565795898 154.860038757324 185.344715663365 0 173.332977294922 104.926976603846 97.4098997116089 53.1138485456368 70.5910302205368 111.862931569417 135.950569152832 231.579772949219 88.2989639282227 107.669080461775 84.4650729786266 101.849838256836 124.930206298828 129.475468953451 201.917098999023 189.949340820312 0 207.184600830078 173.107376098633 199.008758544922 167.537292480469 0 0 0 211.423080444336 190.738739013672 126.115791320801 104.925121590751 85.9848185978927 104.965040033514 113.343467712402 105.949398187491 129.419110384854 95.2236693889203 136.871149508158 103.949684547252 132.410293884277 153.402725219727 179.203338623047 0 132.071528116862 143.392010081898 139.608985900879 113.273800804501 0 0 169.569854736328 163.439772338867 174.858489990234 158.635327306287 149.739448547363 190.855697631836 130.590846873218 148.002671983507 97.8076478135529 168.95543246799 107.311190245581 0 213.604095458984 170.65192565918 86.9237930617647 75.9463269420506 104.712951237815 97.4680265835437 179.570825195312 194.8251953125 155.755154200963 239.274505615234 0 109.153671264648 152.251480102539 205.919158935547 200.300186157227 209.225296020508 0 0 0 0 159.439519246419 167.20439453125 95.428584836564 118.83054335221 142.841178894043 53.338946037552 234.022766113281 185.404968261719 180.701501028878 163.607602800642 132.04573059082 105.557324608167 194.821701049805 0 118.475259835379 117.902136802673 150.704909104567 139.346107776348 51.6501486548062 180.029174804688 105.697589874268 136.948989341999 0 159.317367553711 139.846789042155 188.830146789551 0 141.126332759857 183.256927490234 185.164695739746 0 205.040893554688 184.676681518555 124.177322387695 0 181.274192810059
0 216.539352416992 0 0 114.332777659098 92.754160563151 105.596448262533 169.585749308268 0 0 0 138.060094197591 95.3026224772135 9.96932337879594 20.3077721471026 49.6964209091886 42.5781448618571 64.0231994050504 90.3499064822849 38.2896101822587 86.6282391230265 85.7316803705125 59.4931378838612 64.9207785756964 95.7133159637451 47.1602401662493 53.5261136492493 48.7757777819414 107.260175442477 108.507453020881 87.225307737078 81.4931869506836 91.1113090515137 64.8523332362638 24.3958414001251 19.1405906130272 15.2807949406592 60.6306416511536 67.5011570541947 46.646127462044 78.4232676521452 74.6838324746968 78.5222157637278 86.5553344726563 124.886057535807 107.508270957253 55.5891983812336 127.987110410418 94.2602462768555 123.991508483887 0 0 167.830310276576 142.282684707642 175.771685791016 154.508754185268 99.4473964146205 62.1770223850827 36.2660647862233 37.5873072680941 86.456480129345 122.817760358538 93.2627038453755 68.6281195379871 70.3459318794435 0 110.411738842989 69.8204616450231 90.7878509189772 141.910148620605 135.244153340658 102.912349700928 102.506771751072 72.7889965057373 76.8535683129221 91.0762425472862 176.078275044759 123.481636047363 149.07389831543 0 185.451030731201 0 162.686428324382 137.041057239879 132.952280044556 141.675045776367 99.5534674121487 166.995751190186 144.689457893372 144.194866725377 111.721743338449 157.434338887533 179.404264831543 138.131457010905 126.254550792553 80.7619276046753 179.330467224121 137.573930740356 110.790362548828 79.7334552341037 0 172.103820800781 167.600860595703 0 152.785903930664 161.852411905924 145.018035888672 155.894908905029 0 0 150.850503540039 158.757871839735 130.768812179565 135.744819641113 134.443170335558 113.251384735107 131.957679748535 118.053974151611 126.299241065979 149.931752522786 133.149658203125 133.572851190334 128.883413623193 136.81352657742 144.129494222005 123.538677215576 131.230964660645 166.045978546143 148.43733215332 138.572382609049 163.031304099343 190.514183044434 154.032348632812 167.104455312093 135.070285797119 151.686543782552 134.273192556281 0 142.19885341678 134.291261990865 172.620132446289 132.681053161621 0 0 158.167069571359 162.791442871094 150.708506266276 0 118.931146588242 163.519771375154 134.495430594996 0 198.982162475586 0 0 0 239.540985107422 0 0 0 202.163749694824 203.943668365479 0 217.682609558105 159.286575317383 131.45011054145 148.622861589704 182.344256591797 0 0 164.875995982777 158.062100001744 151.187791442871 133.460597229004 0 163.107903616769 0 0 186.298391723633 0 146.682266235352 132.875050048828 84.7921142578125 131.588435745239 167.453857421875 125.781978607178 0 0 210.276512145996 158.440830230713 194.28931427002 0 0 148.575342814128 0 0 162.972965240479 129.089002990723 156.068664550781 136.342304229736
117.017852783203 169.041122436523 172.413864135742 209.5302734375 111.227718353271 145.583123524984 112.516347249349 0 107.517150878906 0 0 179.622141520182 124.156772613525 20.3077721471026 12.4445830272726 25.8801680512086 27.5182944974557 37.1491930664341 79.3104355385963 30.878994996815 84.543097967389 82.5920471009754 55.5110277002508 69.0484457106473 98.7407115055965 51.872469003252 51.7843445620236 35.0773784219075 111.550990768626 115.334425533519 99.6535303751628 93.9778645833333 104.515263671875 76.2414976705716 34.4669975313021 30.7054312638342 34.802163402582 78.4887987318493 55.370866895118 50.5699789996155 70.213956765369 71.8013764929584 85.2850706359356 104.849557142991 123.403225708008 92.550747238587 61.8916715175246 109.212223253752 102.978971128111 108.639194488525 119.917526245117 153.985397338867 168.469606839694 142.712554439422 163.434954325358 164.953590393066 105.220614719391 69.5494802108664 53.687623564517 57.1439375316396 69.1499478228179 124.367265319824 92.6460488730103 70.9187161435363 67.1233126764106 89.1649932861328 120.995052602031 75.8781664646033 79.2392465203209 137.990227063497 128.47191065008 139.797645568848 121.399710875291 73.271966116769 80.1983498769603 86.467766655816 123.53351465861 0 158.662452152797 0 170.965624491374 0 165.319055657638 148.752586364746 141.959923850165 137.554228210449 123.24608854814 142.319282531738 137.490051269531 146.826282207782 105.740658789566 111.212017781026 138.477681477865 140.568702697754 119.808472266564 100.241890970866 128.756561279297 154.983047485352 112.550490788051 82.8611707763672 212.862640380859 0 181.546993255615 0 0 170.972912258572 168.322845458984 141.784366607666 143.329437255859 123.871770222982 150.166278839111 167.20170211792 124.677725219727 146.894332885742 118.440464635049 119.994700113932 124.115786676822 159.633902116255 130.101679021662 134.434808688694 132.72985771648 129.477825358377 127.523133136972 137.505764245987 140.690010375977 162.489532470703 133.189799626668 151.696359634399 143.249178205218 143.243483543396 165.047425703569 148.783294677734 159.300079345703 158.737926683928 136.96634979248 145.586412530196 135.625453710556 125.383935928345 138.093128252633 137.091308896905 147.255621773856 130.08104769983 146.875844319661 198.011222839355 121.166271754674 159.833475748698 135.782636642456 126.27451978411 113.679991292429 147.162541649558 128.983771418182 0 180.839813232422 0 0 147.620452880859 0 0 0 0 0 197.903095245361 0 183.4345703125 162.778604888916 127.104485251687 136.694059753418 158.795346941267 0 197.307205200195 175.322472708566 149.183235168457 164.853677602915 131.616075424921 0 174.14262172154 0 0 163.296875 194.685249328613 151.176721300398 135.641064745315 82.4801003028606 133.479600694444 165.895080566406 127.452774047852 0 206.140182495117 244.49089050293 150.090328979492 183.136512756348 166.255813598633 226.204071044922 173.528492320668 138.919494628906 217.022659301758 159.093502680461 124.585851033529 149.562596638997 138.926140975952
