32868 13794 13306 5367 1387 1262 12391 10806 571 2366 137 1701 0 1 2 5 0 3 0 1 82 44 6 8 15 1 16 32 10131 13602 607 21 40 12 0 0 5 11 15 4 499 1 24 1 1 1 8 18 8 0 44 83 1070 1121 510 53 95 22 3 11 5 21 22 12 50 0 728 22 51 13 3 52 25 19 136 5 31 1 51 3 22 1 1747 1097 980 256 29 9 7 2 4 94 31 14 16 127 172 2500 44 50 151 101 142 76 115 340 64 23 102 89 282 602 0 0 0 0 3 1 6 0 1 0 0 19 27 0 1 0 0 0 128 6 204 151 8 21 0 0 23 14 1 3 1 4 31 2 1 0 4 1 6 1 0 1 1 0 7 1 2 2 22 61 11 115 16 1 2 0 0 1 106 20 2 6 0 1 2 0 5 0 164 30 5 10 1 48 2 1 1 3 54 2 3 35 58 35 33 4 0 5
13794 23634 5759 18577 2625 1969 292 432 112 660 276 1241 0 0 2 0 0 1 1 1 165 80 5 4 16 1 4 2 806 3565 443 17 28 2 0 0 3 6 2 7 508 1 6 0 1 1 8 3 2 2 10 30 130 184 99 44 51 10 1 0 2 6 3 6 4 0 546 7 11 7 1 35 11 10 30 1 15 0 20 0 6 0 647 515 951 366 16 0 4 0 1 34 16 8 9 28 187 169 62 9 137 145 143 67 168 441 43 17 78 113 367 865 1 0 0 0 2 0 2 0 0 0 0 11 44 0 1 0 0 0 195 4 334 238 7 19 0 0 12 10 1 1 0 8 37 1 0 0 6 0 2 0 0 0 0 0 3 6 1 1 36 82 12 196 25 1 0 0 0 2 135 32 4 3 0 1 6 0 2 0 259 21 10 7 1 61 1 3 0 1 70 1 5 91 95 34 42 13 2 3
13306 5759 28727 20312 402 6650 828 5208 369 7509 427 12091 1 0 1 0 0 2 0 0 259 137 3 6 33 1 8 8 1852 999 199 30 75 11 0 0 3 10 4 11 1068 4 12 0 1 1 4 4 8 0 39 87 371 574 312 101 95 34 1 3 2 2 8 5 15 2 1147 15 18 7 1 72 25 21 78 3 42 1 33 2 18 1 1567 1290 1893 638 28 7 4 2 6 98 31 28 11 50 218 383 83 29 168 162 439 94 184 524 49 27 113 128 410 948 0 0 0 0 5 0 4 1 0 1 0 31 40 0 1 0 0 0 218 4 358 277 9 22 0 0 21 15 3 3 0 7 54 0 0 1 5 1 6 0 1 1 0 2 4 6 1 1 42 83 11 200 27 0 0 0 0 1 146 26 7 0 1 4 1 1 3 0 368 33 17 6 0 80 6 1 0 5 83 0 1 97 130 58 47 10 2 8
5367 18577 20312 18221 7208 13308 417 389 115 355 186 6714 1 0 0 1 0 3 1 0 224 197 4 4 15 2 8 7 784 1631 2693 44 149 4 0 0 2 8 4 9 485 5 7 0 1 1 8 4 5 0 11 28 118 211 99 43 66 19 0 4 3 10 9 3 11 0 627 5 19 1 2 46 12 9 34 0 30 0 22 3 7 0 590 526 976 480 13 0 4 0 0 32 6 8 7 41 227 214 112 20 100 136 674 74 139 369 20 25 77 105 332 707 1 0 0 0 3 0 1 1 1 0 2 15 40 0 0 0 0 0 178 6 276 231 0 10 0 0 14 10 0 4 0 7 41 1 1 0 5 2 4 0 0 0 1 0 7 3 1 2 14 65 12 159 21 0 0 0 0 0 108 23 5 0 1 3 3 1 3 0 260 22 8 6 0 66 0 3 1 6 51 0 3 63 106 42 47 5 1 7
1387 2625 402 7208 7849 7623 327 146 56 117 187 3318 0 1 7 18 4 22 7 4 257 273 6 9 25 1 21 57 3279 10571 8975 429 372 28 0 1 56 106 63 12 480 8 72 1 1 4 34 62 13 1 9 38 229 299 125 42 3914 52 8 4 32 91 69 15 160 0 1436 30 329 16 14 281 37 23 155 45 127 2 113 3 15 1 678 665 1127 710 43 5 17 3 18 29 17 11 33 1574 319 297 218 76 104 147 78 49 136 308 19 26 46 88 301 705 1 0 1 2 4 3 4 6 1 2 3 47 93 0 3 2 0 1 228 6 357 327 8 38 0 0 25 16 2 2 0 13 78 2 8 1 8 7 11 0 0 2 0 3 9 10 2 3 35 117 8 188 42 1 5 3 0 1 187 45 21 4 3 15 9 2 16 1 444 44 8 20 2 107 2 3 4 6 129 5 6 90 139 34 69 7 1 10
1262 1969 6650 13308 7623 19756 159 291 143 509 383 21527 2 3 9 22 5 54 10 6 660 674 29 11 55 3 11 48 780 966 1445 5771 2404 42 5 0 58 183 52 27 822 18 122 0 3 19 15 91 12 1 10 43 79 207 92 51 313 134 7 13 61 137 119 36 167 9 930 30 519 28 25 768 74 53 153 93 244 0 291 0 19 0 614 642 1689 1023 32 9 26 2 45 40 12 12 51 794 713 178 353 33 138 197 272 106 240 485 25 35 73 153 424 981 1 0 3 0 9 2 9 7 3 2 5 67 137 0 6 0 0 0 289 9 470 439 8 34 0 1 38 30 2 2 2 15 87 4 9 1 13 17 13 0 6 3 3 2 8 21 1 4 65 148 8 280 66 1 19 5 1 4 279 65 16 7 5 16 15 1 24 3 636 56 29 30 10 159 4 2 7 12 180 9 7 137 216 65 123 17 3 17
12391 292 828 417 327 159 13979 8993 1048 1366 49 600 0 0 0 1 0 0 0 0 10 10 0 0 3 0 0 1 2034 892 273 4 8 2 1 0 4 3 0 0 76 0 2 0 1 0 3 2 2 0 12 17 781 479 335 9 8 3 0 1 0 1 1 1 3 0 79 3 8 5 0 17 9 1 12 1 24 2 12 0 1 1 678 248 96 22 3 2 1 1 1 25 7 4 0 9 186 4246 4 4 35 10 25 14 17 59 15 9 30 15 44 91 0 0 0 0 1 0 0 0 0 0 0 2 3 0 1 0 0 0 18 0 22 23 3 4 0 0 0 1 0 0 0 1 3 0 0 0 0 1 0 0 0 0 0 0 2 2 1 0 2 7 1 26 1 0 0 0 0 0 11 7 0 0 0 1 1 0 1 1 14 3 0 0 1 5 0 0 0 1 4 1 0 7 8 10 4 0 0 0
10806 432 5208 389 146 291 8993 18526 3194 23241 128 5317 0 0 1 1 0 0 0 0 36 16 1 2 7 0 4 3 1532 749 75 12 16 1 0 0 0 2 1 5 283 3 6 0 0 0 7 1 4 2 27 61 973 836 495 23 39 14 0 2 1 4 3 2 6 0 369 2 8 8 1 14 13 17 51 4 23 0 18 4 13 1 1502 768 465 89 8 4 1 1 4 53 22 12 8 17 231 1565 14 16 114 49 78 37 46 195 44 18 58 53 148 308 0 1 0 0 0 0 2 0 0 0 0 5 10 0 0 0 0 0 49 0 63 72 4 6 0 1 6 5 0 1 0 0 4 0 0 0 1 1 2 0 0 0 0 0 3 1 4 0 6 21 3 46 10 0 2 0 0 0 25 4 2 1 1 0 0 0 2 0 49 10 1 0 1 14 1 0 1 1 13 0 0 8 24 15 7 1 0 1
571 112 369 115 56 143 1048 3194 1536 4407 482 847 4 0 0 0 0 1 3 0 35 40 1 0 2 0 2 1 148 115 23 27 28 6 0 0 1 1 0 0 50 1 4 5 9 3 4 2 1 26 2 25 100 59 53 1 5 12 0 0 0 1 3 0 2 11 40 4 1 1 1 149 37 94 25 2 839 23 173 15 7 17 170 63 66 22 14 22 4 13 0 6 5 0 2 63 3337 2230 16 1 17 2 7 3 6 20 5 1 11 1 16 33 0 0 0 0 0 2 3 0 1 0 0 0 8 0 0 0 0 0 6 0 9 9 1 5 0 0 12 5 0 0 0 0 8 0 1 0 1 0 3 0 0 0 0 1 1 1 2 2 1 2 0 6 3 0 0 0 0 0 8 1 0 0 0 1 1 0 2 0 10 16 1 3 0 3 2 1 0 0 5 1 1 1 3 3 6 1 1 0
2366 660 7509 355 117 509 1366 23241 4407 31201 14632 23780 0 2 1 0 0 2 0 0 40 35 5 1 3 0 1 10 709 345 60 18 39 4 0 0 1 0 1 3 162 1 2 2 0 1 3 3 9 2 14 31 290 265 153 17 22 14 0 0 0 3 4 2 4 3 250 9 3 3 1 219 10 18 65 3 401 1 110 3 7 1 607 360 317 88 9 0 3 1 2 27 9 4 2 32 4726 1557 11 8 262 155 259 131 171 640 96 41 192 208 565 1015 0 1 0 0 2 2 0 0 0 0 0 17 27 0 1 1 0 0 186 3 225 168 3 20 0 0 9 6 1 1 0 3 15 1 0 0 5 3 5 0 1 1 0 0 1 5 0 1 19 61 5 141 18 0 2 1 1 2 65 10 3 3 1 2 10 0 4 2 195 10 11 5 1 45 0 3 2 1 63 1 3 45 147 37 20 5 0 4
137 276 427 186 187 383 49 128 482 14632 5326 9648 0 0 0 1 1 7 4 1 175 214 6 1 14 0 5 1 48 47 45 54 114 1 0 0 0 5 1 8 133 1 3 2 0 0 9 3 1 0 1 6 9 21 10 4 11 19 2 0 2 3 4 1 4 0 45 5 13 1 0 606 6 12 20 1 212 0 206 0 1 0 78 46 229 98 7 0 1 0 4 8 2 1 1 83 2848 247 52 1 102 103 83 66 125 329 25 32 57 117 292 605 1 0 0 0 1 0 3 0 0 2 0 18 27 0 3 0 0 0 123 2 173 171 1 9 0 0 13 9 0 2 0 3 33 0 0 0 5 0 5 0 0 0 2 1 2 4 1 2 14 58 5 105 22 0 3 1 0 0 85 17 11 4 2 3 3 0 1 0 226 17 14 7 2 57 1 0 2 2 43 0 3 54 128 27 37 5 0 4
1701 1241 12091 6714 3318 21527 600 5317 847 23780 9648 70397 1 2 2 9 5 45 15 2 925 995 39 18 92 5 8 22 990 642 1026 1592 2940 55 2 0 13 66 20 35 1238 6 55 2 0 7 33 33 10 2 17 55 221 347 230 68 108 559 6 7 32 46 60 14 67 3 884 41 181 12 11 1740 129 77 508 27 398 3 574 1 18 1 1106 853 2260 1047 58 5 8 1 13 52 14 11 23 1058 2892 589 375 23 383 454 415 220 540 1299 113 88 238 341 1251 2528 3 0 0 5 12 3 6 3 2 2 10 93 173 3 7 0 1 2 624 13 915 849 26 84 1 0 63 40 3 7 1 29 156 4 3 1 22 10 17 0 4 3 1 1 16 24 3 4 85 261 32 530 105 4 5 5 4 7 413 77 21 15 2 10 21 1 13 1 1033 96 37 37 3 273 8 4 9 13 265 4 4 243 447 127 169 30 3 21
0 0 1 1 0 2 0 0 4 0 0 1 7351 1 4 6 13 698 7313 172 0 1 1 7 1 0 11 25 2 0 0 2 5 1 0 1 4 305 9 0 28 22 104 5505 6020 5211 2 44 12 327 2 64 0 2 1 0 0 2 1 0 30 41 60 21 49 2476 3 1 48 5 7 47 199 1672 4 54 255 706 276 52 63 86 5 2 3 3 1 77 136 406 519 23 3 5 40 2 38 1 3 0 0 1 0 0 6 0 0 1 0 0 0 0 23 47 283 8 4 236 20 1158 24 807 33 3 2 0 0 24 2 114 6 1 5 4 1 6 12 0 14 36 252 5 208 4 7 43 306 211 77 1491 3 9 27 0 2 32 10 5 4 4 2 2 0 4 10 2 528 209 29 298 4 3 6 3 66 677 11 18 954 54 1 5 156 3 57 7 5 11 30 0 1 139 42 4 0 2 0 0 0 0
1 0 0 0 1 3 0 0 0 2 0 2 1 5331 3012 426 380 139 22 95 78 58 357 1248 8 888 2039 1249 18 2 5 0 6 18 1215 3781 1288 17 197 183 1065 28 409 1 0 12 173 6 18 2 1 3 1 2 5 1 12 13 1083 16 34 15 29 273 347 1 32 16 144 3 0 2 6 34 17 5 4 0 2 0 4 1 11 10 17 15 8 4 8 2 11 23 2 8 37 4 1 0 13 1 0 1 0 0 1 0 0 0 0 0 0 1 151 56 12 85 31 258 232 18 112 416 338 45 28 3 27 4 5 28 2 3 1 9 3 20 29 6 53 174 5 48 9 2 11 2 6 3 145 7 22 0 0 1 1 0 0 1 1 0 4 2 0 3 3 14 14 9 7 1 15 9 3 12 2 9 2 2 15 0 2 6 24 3 0 6 1 0 3 1 6 3 3 3 0 0 7 3 3 8
2 2 1 0 7 9 0 1 0 1 0 2 4 3012 13523 13774 541 2463 249 1861 70 45 290 250 1 66 1178 7926 23 10 6 6 3 5 129 573 359 15 1684 26 1402 37 196 4 1 19 35 21 31 0 1 4 2 4 9 1 20 25 96 1 201 50 96 162 1867 3 25 18 1016 6 6 1 16 64 38 38 2 0 1 0 8 0 6 7 8 10 5 3 10 3 13 33 0 11 49 18 1 0 6 1 1 1 0 0 3 0 0 0 0 0 0 0 203 77 33 148 33 406 244 128 126 650 400 43 30 3 22 4 6 39 5 2 1 4 4 10 53 8 37 208 26 50 31 0 16 9 17 26 186 58 25 3 1 0 0 2 0 2 0 0 1 3 1 2 7 17 26 19 4 6 10 5 7 5 6 38 3 1 38 4 1 3 26 1 2 9 0 2 4 1 1 4 8 3 0 0 15 2 4 7
5 0 0 1 18 22 1 1 0 0 1 9 6 426 13774 11099 694 5068 2373 2631 12 15 154 90 2 5 182 5856 104 27 12 19 68 27 12 23 197 386 1457 10 856 52 84 19 0 22 36 11 27 0 1 5 7 8 15 4 34 140 18 19 189 18 30 69 657 6 67 79 336 0 2 10 117 36 146 12 0 1 8 0 2 0 22 23 13 15 3 2 11 1 9 15 3 3 12 74 2 3 10 1 0 2 0 0 2 1 0 0 0 1 0 0 82 110 208 90 16 414 44 805 50 918 83 11 11 1 9 12 5 265 5 1 1 4 10 14 40 1 40 72 266 9 186 4 13 8 17 220 154 113 7 0 0 0 1 2 0 3 0 2 3 2 1 1 10 4 19 32 8 22 5 5 4 12 4 109 0 0 17 1 3 11 61 4 3 5 2 0 4 0 4 1 8 4 2 1 9 0 1 3
0 0 0 0 4 5 0 0 0 0 1 5 13 380 541 694 801 300 453 1572 80 94 213 56 4 3 64 393 3 2 0 4 7 4 3 56 161 1115 209 10 634 29 49 7 2 15 20 6 26 1 0 2 0 2 4 1 0 13 35 1 68 11 20 14 216 5 2 5 168 6 0 7 15 46 15 6 3 3 2 0 3 2 3 4 18 3 5 2 6 4 9 13 3 6 14 22 1 1 7 0 0 0 3 1 2 0 1 0 0 0 0 3 266 52 9 157 57 100 336 37 283 239 459 122 136 15 55 9 16 40 6 5 2 11 13 44 46 9 119 382 5 112 15 4 68 11 4 3 277 14 73 2 1 2 3 1 0 3 0 0 4 3 0 1 3 42 3 20 5 0 35 28 6 22 3 9 1 0 4 0 2 26 31 9 1 30 0 1 2 13 16 3 14 3 1 1 31 14 6 35
3 1 2 3 22 54 0 0 1 2 7 45 698 139 2463 5068 300 17892 4795 1028 15 32 99 872 7 9 297 1966 62 24 12 80 256 29 22 3 182 1958 6107 28 1083 244 1420 882 36 1040 36 38 129 15 8 21 10 11 22 5 35 106 9 13 4202 77 204 818 1349 411 61 41 1143 22 8 87 940 172 120 85 26 31 71 2 26 2 19 28 18 18 3 16 51 27 215 140 10 55 182 145 9 5 19 0 0 8 1 0 10 0 0 2 0 0 1 1 130 373 1755 165 14 842 92 3306 107 2296 147 18 16 4 2 137 11 1073 21 11 17 29 12 72 45 1 134 217 1926 19 1963 12 26 91 480 2244 303 2505 27 7 28 1 2 22 3 11 3 4 2 6 0 6 24 11 459 584 80 353 13 13 16 31 41 1187 11 14 304 23 3 38 293 11 36 39 7 9 14 1 7 53 54 15 10 2 8 2 0 3
0 1 0 1 7 10 0 0 3 0 4 15 7313 22 249 2373 453 4795 47212 14629 42 45 61 192 2 3 272 438 7 2 0 20 137 10 13 1 243 6325 112 10 362 62 375 7687 489 2321 19 41 49 118 2 49 2 4 3 1 2 27 11 1 116 53 98 255 217 479 5 5 92 9 14 52 800 5889 27 52 78 852 122 37 34 51 13 6 11 6 0 65 102 115 399 42 6 14 90 49 18 1 8 1 0 10 2 0 16 0 0 0 1 0 1 3 1293 874 1785 975 131 4072 1258 4513 1015 9917 1808 217 176 36 116 100 50 1445 46 27 12 32 18 101 365 19 373 1213 1340 250 924 13 110 86 95 1458 2303 869 125 13 14 4 3 16 7 11 5 4 6 26 2 7 63 78 143 235 66 234 62 55 29 79 52 493 15 7 230 21 14 65 965 25 27 95 6 10 16 9 20 45 61 15 3 0 47 12 4 51
1 1 0 0 4 6 0 0 0 0 1 2 172 95 1861 2631 1572 1028 14629 6267 51 52 193 83 1 5 55 470 10 2 1 1 10 1 7 7 109 585 466 22 851 45 121 229 31 75 18 17 44 19 0 4 1 1 6 0 4 11 5 1 184 21 35 15 377 15 3 6 305 6 3 6 40 233 16 26 1 55 6 3 7 6 2 1 6 4 0 10 13 15 24 38 3 14 41 8 1 3 1 0 1 6 1 0 3 3 0 0 0 0 1 0 662 218 46 559 43 351 509 71 610 1148 811 166 121 20 88 19 16 88 11 8 5 5 1 40 140 12 144 541 24 155 23 4 63 24 7 21 657 32 71 4 3 1 4 4 1 4 0 1 3 6 1 5 12 58 12 28 28 6 32 28 7 26 6 33 3 4 28 1 3 15 55 16 5 22 1 1 2 9 8 6 26 5 2 1 34 14 7 36
82 165 259 224 257 660 10 36 35 40 175 925 0 78 70 12 80 15 42 51 17587 8536 4111 186 327 140 55 47 83 138 91 142 318 9 32 5 75 130 9 552 1557 53 228 11 0 5 369 8 34 2 5 9 6 21 12 1204 25 52 42 8 17 36 65 48 27 1 64 174 40 9 5 467 313 95 161 11 249 1 338 0 9 1 274 42 4706 304 263 3 6 5 14 34 4 16 69 113 188 33 307 41 3 4 4 2 6 12 0 3 4 6 15 22 39 3 0 24 31 18 149 2 40 26 93 45 67 5 8 0 1 9 10 3 11 61 14 54 11 1 72 137 1 22 1 3 47 2 0 1 89 4 25 1 0 0 0 1 1 0 1 2 15 29 2 11 11 5 2 5 1 1 73 16 10 14 2 6 0 0 5 0 64 60 22 21 1 40 1 2 1 2 38 5 3 11 15 4 44 7 2 23
44 80 137 197 273 674 10 16 40 35 214 995 1 58 45 15 94 32 45 52 8536 36784 6179 1051 4045 2726 275 54 100 128 62 228 426 21 48 8 81 173 19 5638 1466 175 1518 23 6 33 684 25 188 11 9 31 18 33 40 33 52 69 71 8 56 148 323 315 108 3 155 243 105 48 5 635 457 175 162 39 379 6 416 0 20 5 175 119 6626 1215 689 12 57 15 73 119 13 74 445 162 259 32 3692 128 7 13 2 4 6 8 0 1 0 3 9 25 45 13 2 43 83 52 298 7 96 53 244 83 98 6 36 5 2 8 21 1 26 67 27 93 16 1 157 377 0 62 3 12 76 10 5 1 174 21 52 6 8 0 1 3 6 8 1 2 7 32 2 11 15 19 12 16 9 3 103 37 15 38 9 14 7 3 17 3 80 99 47 27 4 59 3 0 13 8 55 13 9 12 19 0 56 13 5 19
6 5 3 4 6 29 0 1 1 5 6 39 1 357 290 154 213 99 61 193 4111 6179 14767 12434 701 5117 608 36 24 6 8 12 66 8 360 52 148 163 18 4452 9144 1278 1394 11 3 18 674 11 291 11 4 13 6 15 39 11 28 14 150 2 26 53 76 115 17 8 116 92 15 25 8 49 170 26 30 17 39 0 60 1 20 1 44 55 201 153 94 14 34 14 38 222 13 70 265 14 16 2 173 21 0 0 0 0 1 0 0 0 0 0 0 2 32 9 1 18 10 39 55 7 31 42 68 19 16 2 3 1 2 6 1 1 0 7 1 12 5 0 16 55 2 24 1 1 16 1 2 1 27 9 8 8 5 0 0 2 1 0 0 1 1 4 0 0 3 5 3 3 8 1 6 3 3 3 2 5 7 1 14 1 4 5 7 3 7 7 0 2 9 1 7 4 8 1 1 1 9 1 1 4
8 4 6 4 9 11 0 2 0 1 1 18 7 1248 250 90 56 872 192 83 186 1051 12434 17683 325 2865 2598 249 88 9 27 9 17 5 2206 404 56 19 67 3065 4232 4527 4794 18 11 359 1557 21 492 14 10 11 13 43 58 9 125 32 750 3 510 58 77 512 74 57 510 141 121 23 10 18 25 23 35 41 12 2 17 1 28 2 112 183 242 440 122 14 61 17 214 352 11 90 326 23 5 4 346 43 0 0 0 0 0 0 0 0 0 0 0 0 16 18 28 9 4 75 24 90 23 115 30 4 3 0 2 3 2 16 1 0 0 0 5 7 3 0 7 27 34 2 22 0 1 6 37 28 24 150 3 4 7 0 0 6 0 2 2 3 1 1 1 0 3 2 58 32 4 19 4 1 3 5 9 75 3 3 93 7 1 4 3 0 7 10 2 2 7 0 2 17 11 1 1 1 3 2 0 4
15 16 33 15 25 55 3 7 2 3 14 92 1 8 1 2 4 7 2 1 327 4045 701 325 6258 753 123 31 41 17 86 19 58 3 18 1 7 11 1 4433 357 30 443 2 2 12 762 17 20 4 8 14 25 58 37 16 354 15 3 0 17 78 165 134 69 2 668 43 56 22 5 82 99 34 38 13 59 3 65 0 7 1 302 397 934 1702 2280 3 8 4 20 26 8 14 136 27 21 9 5024 629 2 1 1 0 0 0 1 1 0 0 2 3 0 0 0 1 9 3 26 0 7 3 11 6 13 2 2 1 0 1 4 1 2 8 8 20 1 1 37 49 1 2 0 1 8 3 4 0 20 4 10 2 4 0 1 2 2 2 2 1 2 4 0 2 2 4 4 3 0 1 13 1 0 4 2 7 2 2 9 1 5 20 5 3 0 6 2 1 0 2 5 6 5 1 1 1 7 0 3 3
1 1 1 2 1 3 0 0 0 0 0 5 0 888 66 5 3 9 3 5 140 2726 5117 2865 753 3524 632 24 5 2 2 0 8 2 3548 650 13 3 0 4123 448 31 286 0 1 6 687 3 13 0 3 2 0 3 0 0 12 2 414 2 6 15 27 62 8 0 46 20 4 4 3 3 9 5 5 3 5 1 4 0 4 0 18 27 75 108 29 0 3 0 4 4 1 10 50 3 2 2 101 10 0 0 0 0 0 0 0 0 0 0 0 0 3 2 1 3 0 14 11 0 2 20 7 3 1 0 1 0 0 2 1 0 1 2 0 2 0 0 7 2 0 1 1 0 2 0 0 0 9 2 0 1 2 0 0 0 0 0 0 0 0 0 0 0 0 2 1 0 1 0 0 1 2 0 1 1 1 0 2 0 0 0 0 0 2 1 0 0 0 0 1 1 0 0 0 0 1 1 0 1
16 4 8 8 21 11 0 4 2 1 5 8 11 2039 1178 182 64 297 272 55 55 275 608 2598 123 632 13346 5829 257 47 64 4 11 20 3876 423 120 11 33 1038 822 86 904 2 0 44 1662 3 33 0 0 7 31 75 28 8 322 113 1504 24 23 19 40 697 144 4 690 484 15 9 0 8 22 17 163 5 12 0 14 0 4 1 140 202 197 324 114 2 12 1 6 31 5 8 27 19 3 24 199 45 1 0 0 0 0 0 0 1 0 0 0 0 17 21 46 7 6 120 10 288 7 210 13 6 3 0 0 3 0 33 1 2 1 1 4 7 12 0 12 22 92 2 53 0 3 4 12 56 21 79 3 2 1 0 0 3 0 0 0 0 2 2 0 0 2 0 13 18 2 11 4 1 1 2 1 53 0 1 13 1 2 6 17 1 1 5 0 0 1 0 3 4 6 1 0 0 1 0 1 1
32 2 8 7 57 48 1 3 1 10 1 22 25 1249 7926 5856 393 1966 438 470 47 54 36 249 31 24 5829 9525 689 163 127 16 36 32 304 37 227 43 1571 101 178 7 211 7 1 167 669 8 5 1 0 9 74 108 35 4 566 435 449 67 310 13 70 1574 1015 35 740 694 193 6 1 13 34 43 500 8 11 0 12 0 2 0 195 227 145 224 95 2 6 5 19 11 4 4 16 148 1 47 115 36 0 2 0 0 2 0 0 0 0 0 0 0 18 111 409 25 20 296 57 1982 26 716 35 17 17 1 6 33 4 325 4 3 8 21 12 41 10 1 58 96 879 8 691 4 12 22 143 525 90 977 15 4 6 0 0 12 3 2 1 2 6 8 0 2 7 4 228 157 30 108 7 9 15 19 12 514 2 3 120 7 4 18 85 6 8 9 1 0 5 1 7 7 10 1 5 0 7 0 0 3
10131 806 1852 784 3279 780 2034 1532 148 709 48 990 2 18 23 104 3 62 7 10 83 100 24 88 41 5 257 689 44428 11343 2946 152 324 97 16 5 99 76 222 26 207 16 254 3 3 23 165 134 11 2 11 50 4032 7601 755 11 3036 298 83 24 76 264 425 181 730 7 4868 195 929 48 22 536 141 79 2112 54 325 3 536 0 22 0 1336 1820 220 151 312 4 20 7 37 32 12 21 106 3070 132 7207 117 861 46 33 33 21 43 61 9 7 13 13 78 154 4 0 2 8 8 6 6 11 4 20 6 74 126 1 5 2 1 1 69 3 90 197 31 104 0 0 91 35 4 4 5 18 104 8 19 3 18 34 29 3 1 1 1 4 7 13 2 2 57 100 8 69 59 2 23 11 3 4 202 48 22 16 8 30 11 3 45 6 206 139 17 39 7 89 5 3 3 6 132 7 13 45 49 15 123 14 2 20
13602 3565 999 1631 10571 966 892 749 115 345 47 642 0 2 10 27 2 24 2 2 138 128 6 9 17 2 47 163 11343 30440 8607 60 85 37 2 1 71 62 85 5 418 10 81 1 1 4 43 76 9 2 16 47 559 645 241 27 2948 50 35 14 41 118 109 33 267 7 1044 67 446 25 19 85 31 20 391 53 35 0 58 3 14 0 942 649 698 317 46 5 17 4 14 35 20 9 41 1142 101 911 95 155 50 56 33 22 55 144 20 12 21 41 130 264 0 1 0 1 6 1 3 5 0 1 2 20 39 1 1 0 0 0 87 4 130 117 9 19 0 0 19 12 2 0 2 2 41 2 7 0 5 8 5 0 2 0 0 1 3 5 2 0 16 45 8 83 20 0 5 1 2 1 84 15 4 1 3 19 2 1 14 1 133 30 9 9 3 36 0 1 1 1 65 7 6 40 44 16 34 6 0 3
607 443 199 2693 8975 1445 273 75 23 60 45 1026 0 5 6 12 0 12 0 1 91 62 8 27 86 2 64 127 2946 8607 11429 48 77 24 4 0 23 18 28 19 277 0 49 2 0 4 69 12 6 2 6 22 192 322 99 26 8220 48 24 0 17 19 48 42 140 1 2186 57 124 7 5 65 21 7 951 15 22 0 31 2 6 1 510 551 625 751 284 1 2 0 5 24 10 9 18 3432 70 208 1488 4460 31 39 26 23 65 132 5 3 20 34 111 234 1 0 1 1 1 3 1 2 1 0 4 25 28 1 2 0 1 0 68 0 116 109 2 7 0 0 16 10 2 0 1 10 47 1 1 0 3 4 3 0 1 1 0 1 4 6 0 1 20 50 6 77 17 0 6 1 1 1 76 20 1 2 2 4 3 0 7 0 151 22 10 5 2 38 1 0 1 5 47 2 1 44 37 14 41 7 0 7
21 17 30 44 429 5771 4 12 27 18 54 1592 2 0 6 19 4 80 20 1 142 228 12 9 19 0 4 16 152 60 48 10291 9017 852 1 0 74 359 46 10 169 11 82 6 0 12 20 75 4 2 0 4 19 33 20 3 66 3016 10 34 73 68 56 17 76 6 138 39 363 17 17 807 225 35 1835 81 149 1 260 0 11 0 134 109 276 152 22 4 13 4 51 13 1 7 44 3965 285 30 77 4 8 25 16 10 29 33 1 4 4 22 59 109 1 1 2 1 4 3 1 8 3 4 4 21 56 0 3 0 0 1 56 0 68 83 16 38 2 0 33 19 1 3 2 2 61 3 4 1 16 10 8 1 3 0 0 1 6 11 0 6 28 45 2 52 19 0 5 5 3 1 121 22 10 5 2 17 10 1 12 5 166 36 9 14 7 46 1 1 6 2 83 8 4 25 35 6 43 6 4 7
40 28 75 149 372 2404 8 16 28 39 114 2940 5 6 3 68 7 256 137 10 318 426 66 17 58 8 11 36 324 85 77 9017 9033 2606 1 0 170 2118 60 34 365 7 63 8 4 50 133 35 8 4 7 28 64 138 70 23 45 6086 107 608 129 30 29 19 41 5 265 333 154 7 10 940 4302 267 3347 34 200 12 540 1 20 1 568 342 537 210 148 1 10 8 37 25 8 8 14 2765 288 36 122 11 27 30 14 9 32 35 2 8 6 14 39 105 10 5 4 10 62 13 89 17 31 9 35 128 179 4 21 0 0 4 57 7 83 190 140 270 2 2 328 292 11 26 4 16 148 3 4 2 163 13 58 2 1 1 0 0 13 14 1 4 92 134 9 68 67 13 10 6 3 4 364 59 31 49 5 21 23 4 18 6 147 285 31 59 3 80 2 0 5 13 223 8 11 42 22 12 157 18 8 36
12 2 11 4 28 42 2 1 6 4 1 55 1 18 5 27 4 29 10 1 9 21 8 5 3 2 20 32 97 37 24 852 2606 3330 23 6 958 1825 20 9 65 0 5 4 0 2 699 1 1 1 1 8 23 35 29 4 31 3706 662 4594 17 0 3 5 21 2 61 959 39 4 1 192 531 46 1027 9 29 0 55 0 1 0 161 103 92 32 20 3 0 1 0 10 2 6 0 257 9 7 10 2 3 5 4 1 3 2 0 0 0 2 3 7 3 0 1 4 42 6 35 4 15 4 17 39 46 1 6 1 0 0 8 1 11 49 54 98 2 0 158 133 0 14 2 8 44 3 0 0 50 3 28 0 3 0 1 0 1 6 0 0 21 37 0 5 16 4 4 3 1 0 80 11 17 15 2 6 5 0 2 0 23 85 5 22 1 35 0 0 0 3 60 2 1 4 4 6 35 8 1 14
0 0 0 0 0 5 1 0 0 0 0 2 0 1215 129 12 3 22 13 7 32 48 360 2206 18 3548 3876 304 16 2 4 1 1 23 4654 765 106 20 3 2061 293 22 475 1 0 7 1237 3 5 0 0 2 2 3 2 1 19 8 1631 18 9 6 21 316 47 1 44 27 13 0 0 3 4 8 14 2 3 0 2 1 1 0 13 21 14 23 17 0 1 1 4 0 0 5 22 3 1 1 18 2 0 1 0 0 0 0 0 0 0 0 0 0 26 3 4 12 7 39 43 11 21 57 46 11 9 0 8 0 2 7 2 0 1 1 1 1 8 0 11 42 3 8 1 1 10 0 0 0 34 5 6 0 0 0 0 0 0 0 0 0 2 2 0 0 1 0 1 2 0 1 7 0 1 4 1 3 1 0 0 0 0 4 4 1 0 1 0 0 1 1 2 0 1 0 0 0 5 1 1 1
0 0 0 0 1 0 0 0 0 0 0 0 1 3781 573 23 56 3 1 7 5 8 52 404 1 650 423 37 5 1 0 0 0 6 765 276 1379 1 3 115 32 2 59 0 0 0 76 0 4 0 0 0 0 2 1 0 2 6 323 5 0 0 1 32 6 0 4 3 2 0 1 0 0 0 2 0 0 0 0 0 0 0 0 2 0 0 2 0 0 0 0 1 0 1 4 1 0 0 1 0 0 0 0 0 0 0 0 0 0 0 0 0 8 1 0 0 2 6 13 2 10 7 11 2 2 0 4 0 0 0 0 0 0 2 0 3 1 1 5 13 0 4 0 0 1 0 0 0 7 2 1 0 0 0 0 0 0 0 0 0 0 0 0 0 0 2 0 1 1 0 0 0 0 0 0 0 0 0 0 1 1 1 0 0 0 2 0 0 1 0 0 0 1 0 0 0 2 0 0 3
5 3 3 2 56 58 4 0 1 1 0 13 4 1288 359 197 161 182 243 109 75 81 148 56 7 13 120 227 99 71 23 74 170 958 106 1379 3177 3209 41 58 305 7 29 6 0 5 1315 3 4 0 0 3 8 5 8 2 51 1029 1243 1167 36 2 7 30 58 1 33 612 26 0 0 10 105 55 706 2 13 2 12 0 0 0 36 29 32 23 20 0 0 2 2 3 0 3 5 297 2 4 14 2 0 1 2 0 2 2 0 0 1 0 2 3 78 8 4 48 107 36 293 13 146 67 219 112 135 7 41 6 5 16 5 3 6 33 57 152 12 9 260 448 11 47 9 5 76 4 1 0 238 8 55 2 2 0 1 1 1 5 0 4 7 19 2 2 21 35 8 11 8 2 66 18 23 69 4 8 6 1 1 1 12 92 26 31 1 65 2 2 1 3 38 2 5 3 4 1 64 12 3 31
11 6 10 8 106 183 3 2 1 0 5 66 305 17 15 386 1115 1958 6325 585 130 173 163 19 11 3 11 43 76 62 18 359 2118 1825 20 1 3209 8706 128 24 342 22 67 1497 74 403 318 19 7 36 3 16 10 29 18 7 39 1900 294 1450 401 25 28 19 47 84 44 445 131 7 8 72 3125 1067 1014 65 64 94 41 10 13 14 125 69 85 41 23 15 34 45 167 13 3 3 37 778 36 10 22 5 5 6 10 2 10 8 3 6 2 0 1 14 309 64 27 200 348 223 1140 93 660 427 993 342 431 23 137 17 19 54 25 15 17 89 186 412 86 17 839 1579 33 217 30 18 236 34 7 16 1037 89 211 9 7 1 1 3 10 19 0 5 50 60 3 11 52 81 36 62 22 7 239 73 63 174 17 80 12 2 81 8 30 350 193 79 14 210 2 0 7 27 133 18 37 7 11 5 170 36 16 110
15 2 4 4 63 52 0 1 0 1 1 20 9 197 1684 1457 209 6107 112 466 9 19 18 67 1 0 33 1571 222 85 28 46 60 20 3 3 41 128 13260 9 130 40 274 8 7 104 24 48 11 2 1 12 10 14 6 1 106 187 9 18 7193 59 135 205 5133 31 112 82 3414 11 8 14 105 22 258 129 0 0 9 0 11 0 36 31 27 19 9 5 26 3 79 19 1 8 64 200 3 8 11 4 2 2 0 0 4 1 0 6 0 0 0 1 17 67 344 26 20 116 25 1152 26 354 23 8 7 1 3 47 4 173 11 4 8 9 8 22 10 0 38 63 562 4 580 0 13 37 260 456 60 1103 17 5 12 1 2 12 2 3 2 2 3 3 1 3 11 5 310 233 25 94 12 2 10 9 30 573 4 6 241 16 3 15 36 9 22 16 3 4 7 0 9 32 19 4 4 2 6 2 1 3
4 7 11 9 12 27 0 5 0 3 8 35 0 183 26 10 10 28 10 22 552 5638 4452 3065 4433 4123 1038 101 26 5 19 10 34 9 2061 115 58 24 9 3541 1286 112 1365 4 3 28 703 16 51 5 5 16 6 23 23 9 106 17 91 6 53 106 315 389 104 9 301 63 94 27 4 33 51 25 28 18 25 1 33 2 12 0 130 154 576 863 193 2 29 3 30 42 9 35 246 20 11 6 1062 92 0 0 0 0 0 0 0 0 0 0 0 0 43 6 0 27 19 21 83 8 33 45 74 26 13 3 14 1 1 3 3 1 0 7 14 23 2 2 44 99 3 11 2 1 21 5 8 3 56 16 12 3 3 0 1 1 0 2 0 1 4 3 2 1 7 4 6 3 2 1 9 5 5 15 6 13 4 2 15 2 4 16 5 6 3 4 0 0 4 0 5 9 7 0 0 0 12 3 1 8
499 508 1068 485 480 822 76 283 50 162 133 1238 28 1065 1402 856 634 1083 362 851 1557 1466 9144 4232 357 448 822 178 207 418 277 169 365 65 293 32 305 342 130 1286 4712 4029 2204 63 102 174 649 299 1901 123 325 654 37 38 2120 1034 118 249 220 22 389 349 232 361 129 102 187 251 248 255 183 488 290 99 668 414 334 8 469 35 433 41 2242 181 1601 330 349 316 817 306 906 2201 390 673 1251 330 159 84 316 128 8 18 11 6 16 17 1 4 5 6 37 59 36 8 8 23 32 48 67 44 37 72 65 74 106 1 14 4 4 11 31 3 48 120 49 110 6 0 141 133 18 26 11 9 77 18 28 10 77 74 37 45 76 0 2 53 55 17 39 33 35 45 2 19 31 9 38 22 23 18 112 32 26 30 102 116 47 36 205 38 127 136 27 39 61 95 56 35 156 8 86 205 70 25 21 4 68 10 2 21
1 1 4 5 8 18 0 3 1 1 1 6 22 28 37 52 29 244 62 45 53 175 1278 4527 30 31 86 7 16 10 0 11 7 0 22 2 7 22 40 112 4029 6114 3631 26 44 190 40 46 1276 16 3 19 2 2 57 15 18 24 16 0 397 52 43 82 64 79 43 6 229 29 14 7 20 7 6 202 11 2 5 0 31 3 27 23 25 41 5 27 110 71 599 427 18 84 238 24 3 0 23 2 0 2 0 0 0 0 0 0 0 0 0 0 4 1 3 3 0 18 6 15 5 23 7 0 1 0 1 1 0 3 1 1 1 0 1 2 0 0 0 8 7 1 6 1 1 9 31 2 8 56 5 3 15 0 0 10 1 1 1 4 1 1 0 0 1 0 36 30 13 13 0 1 0 1 27 80 3 9 109 16 0 1 4 0 20 5 1 3 19 0 0 43 14 2 0 0 0 0 0 0
24 6 12 7 72 122 2 6 4 2 3 55 104 409 196 84 49 1420 375 121 228 1518 1394 4794 443 286 904 211 254 81 49 82 63 5 475 59 29 67 274 1365 2204 3631 5665 134 249 1304 821 222 4210 65 43 92 31 93 80 13 266 77 298 7 2311 511 1744 4955 2127 389 848 166 1772 165 67 52 160 46 109 1178 33 7 61 1 105 9 226 329 503 742 169 109 419 322 3145 1018 74 471 6916 195 17 25 573 54 0 7 0 0 3 0 0 0 0 0 1 0 25 6 68 16 10 66 19 200 14 131 33 6 5 2 0 6 3 25 9 3 3 2 1 11 7 0 16 26 66 7 70 2 5 59 222 46 58 462 3 46 66 1 5 75 4 6 14 11 2 3 0 2 8 0 247 161 50 63 5 4 3 5 160 530 24 42 666 104 2 13 20 2 174 13 19 32 80 1 2 298 105 4 0 1 5 0 0 2
1 0 0 0 1 0 0 0 5 2 2 2 5505 1 4 19 7 882 7687 229 11 23 11 18 2 0 2 7 3 1 2 6 8 4 1 0 6 1497 8 4 63 26 134 12083 1916 1285 5 71 21 1149 29 442 1 0 4 2 4 6 1 1 112 60 111 8 21 641 5 3 90 19 28 140 1499 3681 8 87 1017 5053 4709 462 158 663 6 5 9 4 1 284 210 631 614 32 4 13 74 7 47 6 6 1 1 1 3 1 1 2 1 0 0 0 1 1 158 41 61 84 92 337 624 251 356 665 666 115 100 8 65 6 8 46 9 2 5 14 17 87 44 4 266 630 39 83 30 2 67 23 31 41 496 123 53 21 19 0 2 13 27 9 12 10 5 8 1 2 8 27 81 47 18 29 35 15 7 28 43 138 21 13 193 27 3 73 209 17 32 70 22 14 45 9 16 88 34 4 8 1 45 11 3 38
1 1 1 1 1 3 1 0 9 0 0 0 6020 0 1 0 2 36 489 31 0 6 3 11 2 1 0 1 3 1 0 0 4 0 0 0 0 74 7 3 102 44 249 1916 13826 2065 2 125 56 3191 9 190 0 2 12 3 1 2 0 0 36 175 189 8 42 4287 3 0 226 42 43 51 106 176 2 157 523 248 309 143 219 265 6 3 2 5 3 491 635 4690 3065 54 6 24 216 5 98 9 2 0 0 4 0 0 11 1 0 1 0 0 0 1 5 2 30 3 1 7 6 82 2 38 2 1 1 1 2 5 2 7 8 1 4 3 0 2 1 0 8 7 24 1 54 2 1 97 165 9 37 578 6 46 107 4 8 90 20 2 18 17 3 2 1 4 8 1 379 175 67 121 5 2 3 2 206 794 41 58 1174 199 3 8 9 1 233 11 34 76 141 0 2 509 123 5 4 0 0 0 0 0
1 1 1 1 4 19 0 0 3 1 0 7 5211 12 19 22 15 1040 2321 75 5 33 18 359 12 6 44 167 23 4 4 12 50 2 7 0 5 403 104 28 174 190 1304 1285 2065 4606 14 107 75 236 17 64 3 6 7 0 15 11 4 0 235 205 317 557 592 3052 33 6 273 56 41 40 325 396 15 182 118 130 138 11 63 12 10 14 26 25 2 102 244 466 739 89 10 49 402 24 23 3 17 1 0 8 0 0 14 0 0 2 0 0 1 3 35 79 1002 42 8 149 32 1775 40 795 42 2 1 6 3 96 6 246 27 12 14 21 5 22 12 0 58 69 644 10 788 8 14 207 1138 630 125 3915 10 36 65 2 7 70 16 13 5 10 1 7 1 5 14 4 1105 699 96 680 7 9 9 17 129 1697 20 47 1887 139 1 27 134 6 184 30 13 20 70 0 2 263 93 13 14 1 2 0 1 2
8 8 4 8 34 15 3 7 4 3 9 33 2 173 35 36 20 36 19 18 369 684 674 1557 762 687 1662 669 165 43 69 20 133 699 1237 76 1315 318 24 703 649 40 821 5 2 14 2936 8 19 1 3 15 28 32 28 5 259 433 727 369 37 84 214 582 338 6 379 1832 129 11 3 68 200 60 333 19 58 0 82 0 4 0 160 164 293 399 1337 3 12 2 12 23 2 18 96 75 17 7 525 134 2 2 1 0 2 2 1 0 0 0 2 2 77 11 2 73 80 37 267 11 98 84 207 97 90 12 29 7 9 16 4 1 6 19 41 111 20 1 154 310 11 45 4 4 56 13 5 3 157 16 53 0 2 1 0 3 0 2 1 0 10 14 2 4 20 22 16 14 7 1 44 13 14 49 3 15 6 1 12 0 11 59 25 19 4 24 1 1 3 10 35 6 8 1 3 0 41 11 5 25
18 3 4 4 62 91 2 1 2 3 3 33 44 6 21 11 6 38 41 17 8 25 11 21 17 3 3 8 134 76 12 75 35 1 3 0 3 19 48 16 299 46 222 71 125 107 8 16849 191 245 7 159 6 11 19 5 53 42 0 1 677 7763 993 66 732 103 66 15 8052 1176 3225 14 49 19 63 7188 40 12 26 9 1735 27 26 25 34 43 17 966 6131 413 1767 218 100 415 674 144 11 8 18 5 2 5 1 4 8 1 0 0 0 0 0 2 6 1 8 5 0 6 4 17 5 9 10 1 2 1 2 7 4 2 14 2 16 1 1 5 1 1 10 6 5 13 9 3 12 114 61 7 35 70 12 465 838 17 37 453 84 41 65 139 9 4 0 3 5 0 121 157 240 63 10 6 6 3 1153 387 277 351 1073 157 3 7 15 4 559 38 174 293 1007 1 6 1909 936 4 7 2 1 0 0 2
8 2 8 5 13 12 2 4 1 9 1 10 12 18 31 27 26 129 49 44 34 188 291 492 20 13 33 5 11 9 6 4 8 1 5 4 4 7 11 51 1901 1276 4210 21 56 75 19 191 12903 63 60 141 1 2 119 29 2 8 3 0 122 433 148 38 29 45 28 5 79 214 96 6 14 13 13 182 13 1 15 3 155 12 63 21 36 33 5 214 560 207 412 7181 131 2866 9123 10 7 2 18 2 0 0 0 0 0 0 0 0 0 0 0 0 7 2 1 9 1 27 4 8 3 39 11 1 1 0 0 0 0 4 1 0 1 3 3 2 3 0 5 8 2 2 3 2 3 12 9 0 17 15 0 41 58 2 5 33 22 4 17 33 1 0 0 3 2 1 22 17 20 6 5 1 2 3 82 37 39 43 113 14 2 0 2 0 42 1 29 29 115 0 2 144 80 0 3 0 2 0 0 0
0 2 0 0 1 1 0 2 26 2 0 2 327 2 0 0 1 15 118 19 2 11 11 14 4 0 0 1 2 2 2 2 4 1 0 0 0 36 2 5 123 16 65 1149 3191 236 1 245 63 8712 69 1755 0 3 11 1 0 2 0 0 19 195 184 2 13 1652 6 1 91 72 62 79 74 500 3 135 1205 414 386 1776 652 3729 6 2 4 3 3 2122 744 5463 580 85 15 33 166 2 235 16 2 0 3 0 1 2 5 0 1 1 0 1 0 1 3 2 4 1 1 4 0 9 4 10 4 1 2 0 1 2 0 2 4 0 4 2 0 1 4 0 4 5 2 6 2 2 2 52 22 8 16 22 7 154 300 6 13 344 132 37 105 101 5 2 0 2 3 1 28 30 64 63 6 7 0 0 335 97 121 166 628 51 2 8 5 0 192 11 160 401 731 0 2 936 254 2 1 0 1 0 0 2
44 10 39 11 9 10 12 27 2 14 1 17 2 1 1 1 0 8 2 0 5 9 4 10 8 3 0 0 11 16 6 0 7 1 0 0 0 3 1 5 325 3 43 29 9 17 3 7 60 69 9264 16445 10 7 506 59 4 11 2 1 38 22 10 2 11 59 9 8 20 239 9 13 19 46 32 7 53 16 20 1428 413 126 295 30 17 16 17 72 28 12 44 4625 5666 352 135 7 12 19 6 6 1 0 1 0 2 2 0 2 1 1 0 1 2 0 1 1 2 0 0 1 0 0 1 2 4 0 0 0 0 0 0 0 2 12 3 8 0 0 9 3 1 0 0 1 2 3 10 0 9 4 2 9 3 2 1 12 1032 204 807 177 9 3 0 1 3 0 7 3 0 10 4 2 0 1 2 10 102 23 20 4 4 8 8 1 1 20 154 44 111 0 21 19 14 0 13 1 2 0 0 2
83 30 87 28 38 43 17 61 25 31 6 55 64 3 4 5 2 21 49 4 9 31 13 11 14 2 7 9 50 47 22 4 28 8 2 0 3 16 12 16 654 19 92 442 190 64 15 159 141 1755 16445 24845 27 7 678 52 13 27 2 8 103 276 75 12 34 1186 31 26 156 1408 481 79 69 741 86 88 828 277 240 11737 7847 4479 519 71 80 29 34 2842 616 506 261 2727 7327 525 330 35 253 68 18 14 16 4 3 2 8 7 4 24 8 0 6 7 2 1 2 1 3 1 4 9 2 5 4 3 9 2 4 2 1 2 4 1 13 10 8 14 1 0 28 17 1 7 1 5 15 23 53 9 49 21 8 99 161 21 18 151 4823 1377 4903 1131 61 7 4 8 8 0 19 16 16 75 33 1 3 6 44 39 922 302 114 21 13 54 93 3 28 177 1453 379 1208 2 55 206 185 8 124 11 3 0 0 1
1070 130 371 118 229 79 781 973 100 290 9 221 0 1 2 7 0 10 2 1 6 18 6 13 25 0 31 74 4032 559 192 19 64 23 2 0 8 10 10 6 37 2 31 1 0 3 28 6 1 0 10 27 3886 5441 1693 2 83 79 4 6 8 15 33 26 73 0 174 44 64 5 1 58 39 19 325 9 66 0 86 2 7 2 366 153 57 28 81 4 0 3 0 20 9 1 14 192 49 6278 35 97 8 5 4 5 5 10 3 2 2 3 11 18 1 0 1 0 4 2 2 1 1 1 2 12 18 0 2 0 0 0 6 1 20 37 16 29 0 0 33 13 0 1 0 3 12 2 4 0 6 1 6 0 1 0 0 1 0 1 4 1 14 13 1 10 11 2 0 1 1 0 26 5 4 8 0 3 0 0 1 0 24 37 2 14 1 23 0 0 1 2 21 0 0 6 2 6 21 4 0 5
1121 184 574 211 299 207 479 836 59 265 21 347 2 2 4 8 2 11 4 1 21 33 15 43 58 3 75 108 7601 645 322 33 138 35 3 2 5 29 14 23 38 2 93 0 2 6 32 11 2 3 7 7 5441 5981 318 3 197 160 9 9 12 31 82 59 114 0 854 70 98 8 3 146 102 33 667 9 99 0 147 0 3 0 673 5489 37 67 195 2 1 0 2 8 5 8 35 362 44 3539 80 277 9 9 8 2 7 14 2 3 9 2 18 32 2 2 1 0 7 4 3 2 2 5 2 32 44 0 6 1 1 0 10 1 24 46 34 56 0 0 54 25 1 7 2 10 32 1 5 0 10 5 14 2 0 0 0 1 3 1 1 1 20 31 0 12 20 1 4 2 0 0 66 9 11 7 1 6 0 1 7 0 48 65 6 14 1 23 0 0 1 0 43 1 1 8 4 4 27 7 0 7
510 99 312 99 125 92 335 495 53 153 10 230 1 5 9 15 4 22 3 6 12 40 39 58 37 0 28 35 755 241 99 20 70 29 2 1 8 18 6 23 2120 57 80 4 12 7 28 19 119 11 506 678 1693 318 19524 1292 36 97 3 9 26 37 36 19 32 7 109 66 47 68 22 82 78 39 343 29 75 2 103 32 116 12 4764 167 364 64 121 63 78 26 65 950 172 125 152 136 29 1309 55 70 2 5 3 3 9 8 1 0 1 5 5 13 2 0 0 2 17 3 5 2 2 2 5 20 27 0 3 0 0 0 11 2 7 31 34 45 0 0 57 32 2 2 2 4 19 1 2 1 24 5 5 4 5 0 0 2 28 4 23 8 11 21 0 4 11 2 2 3 2 2 52 9 6 7 10 10 6 5 13 0 35 46 5 16 10 9 8 4 24 5 34 22 8 6 3 1 25 4 0 6
53 44 101 43 42 51 9 23 1 17 4 68 0 1 1 4 1 5 1 0 1204 33 11 9 16 0 8 4 11 27 26 3 23 4 1 0 2 7 1 9 1034 15 13 2 3 0 5 5 29 1 59 52 2 3 1292 2503 6 17 0 1 5 6 5 5 3 1 10 18 7 18 6 26 17 6 40 8 20 1 20 3 22 3 4439 19 3372 27 23 13 23 6 11 166 32 22 25 33 6 5 18 9 0 1 0 1 1 0 0 0 0 0 6 5 2 0 0 0 2 0 2 0 1 0 0 5 10 0 0 0 0 0 4 1 5 5 6 11 0 0 18 6 0 2 0 0 7 1 2 1 4 0 4 0 0 0 0 2 3 0 3 1 2 7 0 5 6 0 1 0 0 1 17 2 0 2 2 0 4 2 2 0 7 10 0 4 1 7 1 2 1 2 5 1 1 1 1 2 3 3 1 1
95 51 95 66 3914 313 8 39 5 22 11 108 0 12 20 34 0 35 2 4 25 52 28 125 354 12 322 566 3036 2948 8220 66 45 31 19 2 51 39 106 106 118 18 266 4 1 15 259 53 2 0 4 13 83 197 36 6 11451 102 62 7 37 95 223 242 541 6 5538 228 408 14 5 93 34 16 2109 18 48 0 66 0 6 0 248 407 248 1812 1174 5 9 2 24 11 4 8 65 3790 25 48 4717 3927 2 7 2 1 10 12 1 2 1 3 17 39 0 0 3 0 3 12 10 2 4 15 4 16 25 0 2 0 0 1 25 2 29 46 7 15 1 0 18 21 2 2 2 4 27 2 11 1 10 26 3 0 1 0 0 1 0 1 0 0 5 19 0 13 11 4 14 2 3 5 49 8 2 1 4 22 3 1 33 3 46 20 5 8 3 16 0 0 0 2 39 6 2 11 9 4 21 2 0 2
22 10 34 19 52 134 3 14 12 14 19 559 2 13 25 140 13 106 27 11 52 69 14 32 15 2 113 435 298 50 48 3016 6086 3706 8 6 1029 1900 187 17 249 24 77 6 2 11 433 42 8 2 11 27 79 160 97 17 102 5123 493 1544 84 61 46 62 344 1 225 1343 510 10 8 1093 933 66 2335 95 102 1 287 4 17 0 587 352 327 74 30 6 25 2 36 28 12 9 31 375 76 33 25 15 4 6 5 4 8 4 0 1 4 1 9 15 8 1 5 7 24 10 19 17 12 23 13 59 68 2 4 2 1 1 15 1 22 73 52 109 2 1 124 98 5 8 6 5 47 4 8 3 55 25 22 1 2 1 0 1 2 5 4 0 27 58 1 11 29 7 10 9 3 0 104 12 10 28 3 30 6 1 31 6 42 84 13 23 6 36 0 1 3 3 77 5 6 8 5 4 46 10 3 10
3 1 1 0 8 7 0 0 0 0 2 6 1 1083 96 18 35 9 11 5 42 71 150 750 3 414 1504 449 83 35 24 10 107 662 1631 323 1243 294 9 91 220 16 298 1 0 4 727 0 3 0 2 2 4 9 3 0 62 493 2438 834 13 5 25 314 89 0 52 2401 11 0 1 9 52 24 282 0 4 0 5 0 0 0 23 32 27 18 12 0 3 1 4 7 2 1 21 62 2 5 18 4 0 1 2 0 1 3 0 0 0 0 0 2 37 11 2 31 52 39 202 9 71 67 146 40 51 4 20 6 5 7 3 2 0 11 24 53 10 5 85 203 6 33 8 1 33 7 3 2 90 4 29 0 1 1 0 1 0 2 0 1 4 12 1 1 8 16 5 8 2 2 25 14 4 28 4 6 3 0 5 0 2 38 13 14 1 13 0 0 0 3 11 0 6 1 0 0 26 6 3 8
11 0 3 4 4 13 1 2 0 0 0 7 0 16 1 19 1 13 1 1 8 8 2 3 0 2 24 67 24 14 0 34 608 4594 18 5 1167 1450 18 6 22 0 7 1 0 0 369 1 0 0 1 8 6 9 9 1 7 1544 834 516 4 1 2 5 12 0 13 2093 15 0 0 17 154 14 206 1 5 0 13 1 0 0 69 35 47 8 6 1 0 0 2 7 1 2 0 37 1 4 4 1 0 1 1 0 1 3 0 0 0 0 0 5 2 1 1 0 25 4 15 0 5 3 8 21 27 1 4 0 0 0 5 1 4 13 27 47 1 1 63 54 2 3 1 2 16 0 0 1 19 1 10 0 0 0 0 0 3 2 0 1 9 12 1 3 12 3 0 2 0 0 27 5 1 7 1 3 2 0 0 0 8 31 5 13 0 17 0 0 1 1 22 0 1 1 0 1 17 2 0 6
5 2 2 3 32 61 0 1 0 0 2 32 30 34 201 189 68 4202 116 184 17 56 26 510 17 6 23 310 76 41 17 73 129 17 9 0 36 401 7193 53 389 397 2311 112 36 235 37 677 122 19 38 103 8 12 26 5 37 84 13 4 5970 648 1078 905 1770 179 84 29 3747 188 125 56 358 30 103 7273 10 3 25 1 201 2 28 33 45 53 13 82 436 63 4488 189 22 113 716 178 5 5 40 3 0 3 0 0 6 0 0 4 0 0 1 1 15 18 304 16 11 48 20 283 13 120 27 4 12 3 1 32 1 52 11 3 4 6 15 21 4 1 45 66 131 5 278 2 12 111 558 156 78 1112 13 20 35 2 6 51 8 10 5 10 1 7 1 2 12 1 453 290 55 124 11 10 8 11 87 775 17 20 827 93 1 17 17 4 142 15 10 12 55 1 6 146 65 6 8 0 5 0 0 3
21 6 2 10 91 137 1 4 1 3 3 46 41 15 50 18 11 77 53 21 36 148 53 58 78 15 19 13 264 118 19 68 30 0 6 0 2 25 59 106 349 52 511 60 175 205 84 7763 433 195 22 276 15 31 37 6 95 61 5 1 648 10080 9999 257 1447 147 230 60 5447 7360 1773 25 52 18 79 1706 50 8 18 20 1159 73 88 90 79 137 76 840 2297 434 1542 366 380 3750 4214 157 7 12 82 5 2 8 2 1 3 1 0 1 0 1 0 2 9 4 6 1 2 9 4 30 6 18 6 4 5 0 15 10 2 12 13 6 8 2 1 2 3 0 15 18 10 9 13 11 9 100 65 7 35 91 13 520 1008 22 34 269 218 121 174 402 7 3 1 1 5 1 125 150 181 41 11 16 4 5 694 332 655 723 650 122 0 14 12 4 305 33 513 349 1622 1 8 1448 981 6 7 1 2 0 0 6
22 3 8 9 69 119 1 3 3 4 4 60 60 29 96 30 20 204 98 35 65 323 76 77 165 27 40 70 425 109 48 56 29 3 21 1 7 28 135 315 232 43 1744 111 189 317 214 993 148 184 10 75 33 82 36 5 223 46 25 2 1078 9999 12626 2949 8758 163 632 103 6275 818 142 32 75 20 102 1308 51 10 37 6 182 8 170 229 258 412 137 192 1925 469 1956 142 89 845 4147 164 14 18 254 22 0 3 0 0 9 0 0 1 0 0 2 1 4 2 17 0 4 10 6 56 7 30 9 1 1 0 3 8 0 10 13 2 6 7 1 4 3 0 23 9 24 5 27 4 11 88 78 16 32 132 7 184 333 11 14 231 27 14 16 48 4 1 0 3 1 2 110 127 150 42 7 4 2 8 670 408 70 116 787 158 6 12 13 2 364 16 55 129 381 0 3 1013 399 7 3 1 1 0 1 2
12 6 5 3 15 36 1 2 0 2 1 14 21 273 162 69 14 818 255 15 48 315 115 512 134 62 697 1574 181 33 42 17 19 5 316 32 30 19 205 389 361 82 4955 8 8 557 582 66 38 2 2 12 26 59 19 5 242 62 314 5 905 257 2949 5183 9045 96 555 158 1108 32 10 18 39 12 97 89 14 4 18 0 11 0 107 201 196 379 108 6 33 3 330 43 13 31 395 51 4 9 243 38 0 1 0 0 2 0 0 0 0 1 0 0 6 17 98 3 2 42 10 368 5 117 9 2 2 3 1 8 0 42 5 2 4 1 3 7 2 0 8 19 117 1 152 0 2 17 175 76 17 525 5 12 6 1 1 6 4 0 1 1 0 0 0 3 5 1 201 90 23 67 5 2 4 4 22 290 4 1 251 15 1 7 19 4 32 10 2 3 11 0 1 34 18 2 2 0 0 1 0 0
50 4 15 11 160 167 3 6 2 4 4 67 49 347 1867 657 216 1349 217 377 27 108 17 74 69 8 144 1015 730 267 140 76 41 21 47 6 58 47 5133 104 129 64 2127 21 42 592 338 732 29 13 11 34 73 114 32 3 541 344 89 12 1770 1447 8758 9045 15786 187 746 389 12059 200 120 24 63 27 520 282 12 4 20 0 89 2 205 235 183 261 87 25 101 38 391 40 24 80 882 353 6 29 142 38 0 4 0 0 10 1 0 3 0 1 1 2 17 38 374 27 20 67 34 908 27 246 32 14 13 1 2 61 0 133 19 10 13 10 10 37 3 0 58 81 389 5 517 2 13 98 788 249 93 2192 22 19 31 2 8 35 6 6 2 6 3 3 2 5 17 3 816 395 59 188 18 6 14 13 90 1279 6 22 1160 90 7 29 45 10 130 41 2 10 33 0 11 119 70 11 9 2 6 0 0 5
0 0 2 0 0 9 0 0 11 3 0 3 2476 1 3 6 5 411 479 15 1 3 8 57 2 0 4 35 7 7 1 6 5 2 1 0 1 84 31 9 102 79 389 641 4287 3052 6 103 45 1652 59 1186 0 0 7 1 6 1 0 0 179 147 163 96 187 1275 12 5 344 41 20 33 63 820 6 213 598 518 191 1136 251 976 4 5 10 7 2 397 324 1331 1682 62 7 26 169 11 123 9 4 0 1 3 0 0 3 1 0 0 0 0 0 1 1 8 224 10 3 6 5 142 6 81 9 0 4 0 1 27 1 17 3 4 1 5 1 0 3 1 6 8 26 3 49 2 1 78 133 74 20 658 1 24 33 6 3 37 57 13 21 13 1 0 1 2 4 1 127 148 21 1022 0 2 1 3 47 191 25 27 403 30 0 6 28 2 64 5 25 32 64 1 1 114 44 4 1 0 0 1 0 0
728 546 1147 627 1436 930 79 369 40 250 45 884 3 32 25 67 2 61 5 3 64 155 116 510 668 46 690 740 4868 1044 2186 138 265 61 44 4 33 44 112 301 187 43 848 5 3 33 379 66 28 6 9 31 174 854 109 10 5538 225 52 13 84 230 632 555 746 12 7923 330 485 38 14 438 149 76 1925 47 347 1 492 1 11 2 741 3942 1120 4424 1889 3 33 9 53 26 9 31 192 2373 102 63 1523 2948 14 21 7 7 17 11 1 4 3 9 27 47 8 3 7 5 11 7 7 16 3 8 7 66 106 1 9 4 0 4 28 8 48 131 26 96 0 0 112 49 7 5 5 7 63 6 28 4 34 41 25 1 6 3 1 3 6 10 1 4 37 63 8 34 53 4 26 13 3 7 129 27 21 18 10 34 10 1 54 5 128 145 8 35 8 67 3 4 4 15 99 8 9 22 15 5 95 11 2 19
22 7 15 5 30 30 3 2 4 9 5 41 1 16 18 79 5 41 5 6 174 243 92 141 43 20 484 694 195 67 57 39 333 959 27 3 612 445 82 63 251 6 166 3 0 6 1832 15 5 1 8 26 44 70 66 18 228 1343 2401 2093 29 60 103 158 389 5 330 2148 184 13 11 179 351 60 1723 6 110 0 119 1 11 2 341 218 281 153 169 3 6 4 8 24 8 16 37 108 22 25 113 105 0 1 2 2 1 2 0 0 1 1 1 2 23 1 3 11 49 14 82 6 32 20 34 44 50 2 8 0 2 3 3 4 5 22 48 81 7 2 110 205 3 13 6 3 37 4 5 1 108 11 28 1 0 0 1 0 2 1 0 3 12 13 0 3 15 7 13 9 5 1 48 13 15 23 1 12 4 0 17 3 10 68 17 11 5 25 2 0 2 5 30 4 3 2 1 2 25 6 2 16
51 11 18 19 329 519 8 8 1 3 13 181 48 144 1016 336 168 1143 92 305 40 105 15 121 56 4 15 193 929 446 124 363 154 39 13 2 26 131 3414 94 248 229 1772 90 226 273 129 8052 79 91 20 156 64 98 47 7 408 510 11 15 3747 5447 6275 1108 12059 344 485 184 13885 622 594 73 224 30 683 9177 31 5 61 0 575 6 165 191 176 155 97 201 1171 306 2489 100 74 207 1001 1033 13 49 90 25 0 8 0 1 9 3 0 1 0 1 2 3 10 9 95 8 23 17 35 182 22 58 14 18 17 1 4 15 1 35 34 9 18 16 18 41 6 0 92 96 67 10 107 6 19 248 665 49 104 992 21 87 136 5 6 214 16 15 8 15 5 11 0 8 14 2 711 438 144 148 13 9 17 18 614 1669 44 76 2069 333 7 40 20 15 592 40 21 78 159 4 14 882 262 18 21 0 11 3 4 3
13 7 7 1 16 28 5 8 1 3 1 12 5 3 6 0 6 22 9 6 9 48 25 23 22 4 9 6 48 25 7 17 7 4 0 0 0 7 11 27 255 29 165 19 42 56 11 1176 214 72 239 1408 5 8 68 18 14 10 0 0 188 7360 818 32 200 41 38 13 622 6770 2293 8 13 10 24 277 16 4 16 80 1769 234 63 28 21 39 12 695 583 124 376 540 2953 1728 1308 38 6 6 27 5 2 3 1 2 0 1 0 3 0 0 1 0 2 2 0 2 1 6 2 4 3 4 3 1 1 1 5 3 0 6 1 0 1 0 1 1 2 0 5 4 3 8 1 6 10 28 33 3 12 38 5 206 271 13 12 63 334 140 351 548 7 1 0 1 2 0 31 39 27 21 5 2 3 2 109 82 625 599 149 23 2 7 12 4 51 15 584 138 1158 0 14 294 373 1 3 1 0 1 1 0
3 1 1 2 14 25 0 1 1 1 0 11 7 0 6 2 0 8 14 3 5 5 8 10 5 3 0 1 22 19 5 17 10 1 0 1 0 8 8 4 183 14 67 28 43 41 3 3225 96 62 9 481 1 3 22 6 5 8 1 0 125 1773 142 10 120 20 14 11 594 2293 6492 7 15 7 17 542 18 5 7 18 6395 121 14 7 3 6 4 1670 1298 195 403 221 167 282 258 40 5 1 2 1 1 0 0 1 0 1 0 1 0 0 1 0 3 2 1 2 0 8 3 8 0 2 1 1 4 1 7 5 2 2 2 1 0 1 0 2 1 0 2 2 0 1 2 4 4 25 14 2 5 19 4 187 237 16 15 66 157 62 148 272 8 1 0 0 2 0 20 25 22 12 4 6 1 4 84 45 388 444 111 22 3 4 4 0 30 13 349 122 852 0 5 251 273 3 5 0 0 0 0 0
52 35 72 46 281 768 17 14 149 219 606 1740 47 2 1 10 7 87 52 6 467 635 49 18 82 3 8 13 536 85 65 807 940 192 3 0 10 72 14 33 488 7 52 140 51 40 68 14 6 79 13 79 58 146 82 26 93 1093 9 17 56 25 32 18 24 33 438 179 73 8 7 3472 2368 775 1140 40 4011 348 7357 35 21 45 508 400 639 238 196 31 20 37 53 33 8 12 18 1188 3028 164 134 21 21 30 13 7 54 46 4 5 13 15 81 146 14 4 2 5 42 12 70 14 34 16 47 107 196 3 19 2 3 4 53 6 110 215 88 219 2 1 269 188 5 15 1 24 142 9 6 5 123 11 68 1 8 0 3 3 12 9 7 3 68 105 9 60 59 3 11 5 2 5 261 51 27 41 7 15 17 1 23 3 178 274 39 63 7 136 6 1 5 12 182 10 10 43 58 16 133 15 4 34
