35175 5428 8816 732 2054 2500 6985 5829 213 1092 100 2342 2 6 3 4 3 11 8 1 63 66 10 15 51 3 22 11 5025 4589 1759 273 462 21 1 1 14 25 8 6 493 20 58 1 26 11 15 19 46 29 141 181 1061 741 494 243 104 18 1 2 12 53 39 38 10 16 218 24 47 128 73 322 273 88 109 35 64 3 330 23 444 42 1611 662 1174 154 28 84 61 17 45 235 239 71 56 454 121 1277 161 68 224 23 489 177 31 346 92 82 272 126 70 329 0 0 1 1 1 6 2 7 6 2 0 23 13 0 1 0 0 0 306 5 57 398 1 111 0 1 48 50 2 5 1 22 27 4 8 3 5 20 4 15 31 8 0 13 8 14 8 41 19 25 13 191 75 1 10 13 11 1 59 21 25 7 2 9 23 23 14 3 348 141 35 3 7 96 27 1 98 5 54 14 26 31 113 83 32 3 0 1
5428 14983 2642 12862 2063 1747 30 26 12 98 24 581 0 0 2 0 0 3 5 2 47 35 5 7 21 1 7 0 383 2387 255 78 217 9 0 0 2 13 1 1 374 4 10 1 6 5 5 4 10 5 40 51 104 135 89 122 35 10 0 2 7 9 7 3 4 0 69 8 2 24 25 395 235 82 21 9 51 1 448 12 130 14 359 219 753 121 10 32 19 9 16 76 68 24 13 60 63 49 79 15 183 20 357 186 18 275 30 41 100 81 49 225 0 2 0 0 0 2 1 5 2 7 2 17 13 0 3 0 1 0 349 6 40 498 1 91 1 1 30 31 4 2 0 24 24 1 5 1 2 4 6 8 10 3 1 3 5 20 3 17 12 19 7 163 75 1 0 2 3 0 60 26 17 4 1 3 9 6 8 0 334 136 35 1 0 111 9 2 18 6 72 11 16 27 77 58 30 1 0 5
8816 2642 15819 9992 1731 11995 485 2646 258 7296 515 21396 2 1 1 4 1 5 10 1 105 90 4 8 55 1 7 6 810 660 337 158 395 15 1 0 4 10 1 6 491 13 18 5 17 9 21 13 23 15 95 77 314 293 203 189 98 15 0 0 4 27 9 6 3 4 148 11 7 62 27 513 276 97 43 4 70 6 633 9 227 25 730 348 1148 203 20 53 25 12 27 157 107 43 24 79 304 355 188 48 512 47 1182 520 53 1044 158 160 579 256 210 1011 3 1 1 0 1 5 3 15 8 3 0 21 15 1 2 0 0 0 481 6 142 790 0 148 0 1 66 57 2 5 0 25 48 1 12 0 3 13 8 10 20 11 0 6 6 22 6 33 35 35 26 289 115 0 9 6 9 1 92 30 36 5 7 5 19 16 9 2 874 189 61 11 7 165 21 2 46 5 94 12 13 58 300 158 50 5 1 2
732 12862 9992 18760 9695 5636 14 17 16 56 25 1061 0 1 2 1 1 3 4 1 76 54 3 5 22 1 0 2 216 1597 1398 81 210 3 0 0 3 6 1 2 374 2 8 2 4 5 4 4 11 7 25 21 60 67 51 140 45 3 0 0 1 8 6 3 1 3 76 2 2 22 15 320 131 41 23 4 40 2 289 2 74 6 239 165 829 185 8 10 20 4 15 49 36 18 12 27 79 23 120 14 149 14 370 197 24 298 32 32 108 61 56 247 0 0 1 0 0 3 0 3 4 5 0 12 6 0 1 0 0 0 212 1 54 309 0 67 0 0 24 27 0 3 0 12 28 1 2 0 3 2 1 2 7 2 0 9 2 6 5 9 12 16 5 134 62 1 3 7 2 2 40 13 14 2 2 2 7 4 2 2 330 65 34 3 2 57 5 1 12 2 39 6 7 27 78 71 14 0 0 0
2054 2063 1731 9695 13855 11116 354 50 20 97 60 2982 2 11 5 4 4 14 12 0 207 200 2 11 59 2 22 10 4371 6480 12547 478 542 28 2 2 8 35 8 3 491 6 38 0 12 27 11 20 14 12 35 33 209 205 92 114 1972 24 2 4 9 40 42 24 18 6 284 14 63 37 15 283 137 44 187 26 41 3 180 4 107 10 374 318 1163 379 15 22 12 3 45 56 47 19 28 930 150 177 554 80 166 16 370 151 22 293 18 33 140 81 45 322 0 0 1 0 0 1 1 2 5 3 0 10 6 1 0 2 0 0 213 2 43 292 1 46 0 0 19 31 6 0 0 6 16 5 14 0 3 14 1 5 5 4 0 3 1 9 1 10 14 16 5 127 59 0 8 4 3 0 33 6 7 3 2 19 9 7 16 0 331 73 26 1 4 44 7 0 16 2 43 8 7 17 83 47 21 5 0 1
2500 1747 11995 5636 11116 11419 191 111 35 548 133 12041 3 0 4 4 3 14 7 1 272 279 7 7 103 2 3 3 931 3342 5736 3750 3188 27 2 1 6 42 1 2 449 7 23 2 10 21 12 13 6 9 18 22 119 170 63 118 151 16 0 1 4 26 16 7 4 0 218 14 12 29 17 601 214 26 31 8 23 2 301 5 57 4 269 289 1036 342 13 8 9 4 45 54 37 15 28 469 217 91 618 45 186 28 602 311 35 560 46 67 251 127 92 561 2 0 2 0 1 0 0 8 8 2 3 6 10 0 0 0 0 1 186 4 95 396 1 64 0 0 31 44 2 4 1 10 17 4 5 0 1 20 5 2 7 2 0 8 3 6 0 6 6 14 5 122 47 1 7 4 3 0 35 9 8 2 1 8 11 6 9 1 516 73 25 5 1 79 2 1 14 3 41 5 7 19 180 68 23 3 0 1
6985 30 485 14 354 191 12631 7107 1325 3746 277 451 4 4 5 3 0 5 3 0 31 52 6 12 18 2 11 12 3928 471 278 79 136 3 0 2 5 15 3 3 61 4 36 0 37 10 7 12 15 24 61 79 1118 420 442 36 36 4 1 1 7 26 37 21 21 13 77 10 46 44 23 146 85 28 93 18 45 3 142 11 132 16 831 232 218 31 11 27 17 21 26 105 85 23 24 383 470 5809 57 30 43 7 102 37 7 91 30 18 86 18 23 75 0 0 0 0 0 0 1 3 3 2 0 5 0 0 0 0 0 0 39 0 11 75 0 21 0 0 19 13 3 0 0 2 10 1 4 0 2 10 2 7 8 3 1 5 5 2 7 10 3 5 2 33 17 0 3 4 3 0 15 2 3 6 0 7 5 5 8 1 59 24 6 4 1 14 7 1 24 0 14 5 11 10 26 11 4 1 0 0
5829 26 2646 17 50 111 7107 16851 1786 16064 894 1878 0 1 2 1 0 1 0 1 8 8 1 7 6 1 2 2 908 103 36 8 30 2 0 0 2 6 0 3 69 5 17 1 7 5 8 4 11 10 71 73 709 303 313 34 14 6 1 0 0 10 13 6 5 1 58 12 8 40 27 42 23 11 22 9 8 0 29 7 186 13 827 248 243 15 5 34 18 11 18 95 87 21 17 34 89 1725 21 26 112 10 232 70 6 155 74 64 228 102 60 216 0 1 0 0 0 0 0 2 2 1 0 7 0 0 0 0 0 0 22 2 15 57 0 13 0 0 10 12 0 0 0 3 1 3 2 0 0 1 2 4 11 4 0 6 5 1 7 10 6 9 10 23 10 0 1 1 5 0 8 1 6 3 3 5 6 9 7 1 96 10 14 2 2 14 9 1 15 0 12 6 8 1 73 38 3 0 0 0
213 12 258 16 20 35 1325 1786 3774 4952 401 402 6 1 2 2 1 2 1 0 41 95 6 14 76 0 4 1 133 32 19 20 87 1 0 0 1 5 1 2 66 11 39 6 129 12 14 14 25 211 21 59 138 45 32 11 31 13 2 0 4 23 13 7 4 111 22 4 7 11 31 257 34 336 25 5 279 68 157 80 99 174 76 35 70 26 9 229 85 117 97 43 22 12 58 28 2600 1532 84 5 10 0 20 3 0 13 8 2 13 7 1 18 1 0 3 0 0 0 0 0 5 4 0 2 1 0 1 0 0 0 6 0 2 14 0 5 0 0 12 6 0 0 0 1 1 2 8 0 2 38 1 3 8 0 0 4 13 1 8 21 1 1 1 3 6 0 14 12 4 1 1 0 4 3 4 19 6 3 44 17 7 8 7 2 11 7 2 1 11 0 2 10 5 2 7 2 2 0 0 0
1092 98 7296 56 97 548 3746 16064 4952 22471 14611 31254 1 1 0 0 0 4 3 1 31 42 4 8 24 0 2 2 561 112 54 33 260 5 1 0 0 4 0 1 75 2 18 4 36 23 9 6 6 10 28 40 520 201 189 24 30 4 0 0 4 12 16 7 3 5 44 9 6 26 20 776 45 17 15 6 11 18 288 4 78 5 401 154 163 32 10 19 13 19 47 55 62 10 12 25 1677 2544 63 11 407 30 978 263 19 856 218 203 866 346 249 1073 1 0 0 0 3 0 2 9 2 2 1 11 8 0 1 0 0 1 78 2 73 248 0 25 0 0 16 26 0 1 0 5 10 3 6 2 1 3 0 5 7 3 0 2 1 4 3 7 17 19 22 78 35 0 4 4 1 3 29 6 6 0 2 5 6 9 10 3 596 41 28 1 5 49 3 1 19 8 23 6 3 11 469 135 17 4 0 3
100 24 515 25 60 133 277 894 401 14611 6174 3774 3 2 1 0 3 7 8 2 41 54 4 4 19 0 2 0 81 44 42 28 228 4 0 1 4 10 0 2 35 2 16 3 51 24 8 5 1 15 7 5 71 19 15 14 15 3 1 0 3 10 7 2 0 6 27 6 3 3 8 1715 79 15 10 6 14 11 399 3 16 3 61 37 91 24 4 6 5 10 53 8 6 2 10 14 1394 438 100 7 151 20 488 190 16 404 63 66 341 126 118 566 2 2 1 0 0 1 1 7 2 1 1 5 7 0 0 0 0 0 80 0 50 205 0 26 2 0 22 16 3 1 0 2 12 2 6 0 2 17 4 3 2 0 0 2 0 10 0 3 4 11 11 63 42 1 8 1 2 1 23 4 1 1 0 8 3 4 9 2 385 33 23 2 2 61 0 1 2 1 20 3 3 10 259 40 18 1 0 3
2342 581 21396 1061 2982 12041 451 1878 402 31254 3774 23515 11 4 4 2 0 14 25 2 389 490 14 8 212 2 6 2 921 2248 2708 339 1697 23 0 0 8 41 3 8 564 9 40 4 29 60 25 9 7 15 27 28 222 210 80 120 229 21 3 0 11 29 16 13 4 8 285 20 6 33 22 1132 216 44 52 10 45 13 542 2 87 9 385 346 1162 346 35 21 18 21 95 63 45 15 24 303 1645 578 1084 68 629 95 1920 844 84 1903 163 230 1135 473 408 2154 0 2 7 0 2 7 2 25 11 12 3 40 23 0 1 1 0 3 473 6 260 1029 2 160 1 0 48 48 4 5 1 19 51 4 20 1 13 46 5 2 14 4 1 13 7 16 5 18 32 33 22 331 169 3 17 14 4 0 84 21 31 3 2 18 13 6 26 8 1775 222 89 3 7 191 9 4 26 21 93 13 11 49 854 196 51 4 2 3
2 0 2 0 2 3 4 0 6 1 3 11 2417 1 17 50 3 1759 2859 1 3 4 1 25 3 5 61 85 11 4 3 4 17 3 2 1 9 241 76 7 13 8 45 2441 1851 1248 2 0 5 64 1 2 3 3 0 1 6 6 0 0 33 5 6 108 85 795 5 4 25 0 1 72 670 384 10 7 91 169 467 6 3 23 9 4 1 1 0 18 9 37 135 4 2 3 10 6 82 7 1 0 0 2 1 0 10 0 0 0 0 1 0 5 8 97 883 2 3 223 5 1461 40 957 17 2 2 0 0 56 0 85 10 2 10 7 1 5 5 1 34 25 348 10 151 1 3 17 106 88 130 1239 7 0 8 0 3 5 3 1 0 1 0 1 0 1 4 1 70 98 5 12 2 1 4 2 7 67 1 1 20 2 10 6 45 2 6 6 1 0 6 1 2 7 3 13 3 0 0 0 0 2
6 0 1 1 11 0 4 1 1 1 2 4 1 9135 9155 2125 242 287 62 42 136 158 699 580 49 323 2785 1529 196 14 30 16 25 261 4080 4026 1839 81 417 2100 1101 61 248 4 5 19 502 11 26 3 1 0 15 13 5 7 76 557 1492 766 58 24 31 332 221 2 22 931 560 5 3 3 12 12 1194 159 4 0 2 0 13 0 15 12 30 8 14 3 5 11 25 63 2 17 55 120 2 4 26 106 2 0 0 0 0 2 0 5 0 0 2 2 86 32 10 43 25 133 108 59 216 511 282 16 2 4 7 8 3 47 2 0 0 7 1 7 39 12 58 91 12 58 8 2 7 9 7 0 64 67 8 3 6 1 0 3 0 0 0 2 1 0 0 1 2 3 15 19 5 1 0 1 1 3 4 51 1 0 8 2 19 18 4 0 3 22 1 2 2 0 0 2 6 1 10 2 2 3 0 0
3 2 1 2 5 4 5 2 2 0 1 4 17 9155 12038 12299 1398 2211 423 1458 223 295 1056 596 63 437 1512 2762 71 5 8 9 25 90 1184 248 1890 145 731 896 1667 137 277 3 11 75 148 33 82 15 1 1 3 9 9 15 34 246 171 96 155 56 48 173 219 4 23 223 830 22 18 7 30 9 742 245 15 0 8 0 26 0 14 11 30 16 15 10 21 6 58 185 13 60 90 73 14 3 22 46 0 4 7 3 3 1 2 8 1 0 0 2 81 29 19 56 18 96 78 87 188 314 185 20 12 4 11 13 3 49 4 1 0 15 1 17 29 9 60 97 21 86 14 1 14 11 4 2 70 65 7 3 6 0 1 9 0 0 0 3 0 0 0 1 2 7 18 24 6 0 0 2 5 1 9 38 2 2 14 3 13 33 9 2 4 29 4 1 2 3 2 9 4 4 9 3 3 2 0 3
4 0 4 1 4 4 3 1 2 0 0 2 50 2125 12299 9294 135 3093 2381 750 85 117 329 995 44 151 1453 1623 75 8 9 17 52 150 109 49 1462 621 732 249 905 155 309 7 31 157 82 16 38 11 3 1 11 8 10 9 31 236 84 71 224 31 37 325 149 6 31 156 154 25 16 6 33 2 822 84 7 3 3 0 19 5 17 15 22 12 11 18 23 15 88 126 10 33 92 67 2 1 24 33 1 2 1 1 1 0 0 1 1 1 1 4 149 131 188 68 6 282 35 545 111 1111 70 4 5 2 9 61 17 200 7 2 2 4 1 16 84 7 53 64 96 74 40 4 10 25 10 19 203 116 10 3 2 0 4 4 1 1 1 5 0 1 0 5 2 1 29 40 9 1 3 5 3 9 2 45 3 2 17 4 13 17 6 2 5 25 1 0 6 0 2 8 11 3 9 0 4 2 0 1
3 0 1 1 4 3 0 0 1 0 3 0 3 242 1398 135 2482 195 1816 2039 86 202 379 131 83 258 37 13 12 3 1 4 15 32 15 7 2603 1216 14 444 291 27 59 6 5 16 135 2 10 1 1 2 2 9 0 1 9 44 8 8 20 4 3 9 6 1 12 18 10 6 1 4 28 20 166 7 3 0 9 0 3 0 6 7 12 11 11 2 3 3 13 19 3 8 30 25 0 0 30 5 6 3 11 1 3 7 3 5 3 1 1 6 125 40 2 64 46 32 132 29 400 140 193 50 31 11 30 25 11 47 20 4 2 39 6 27 46 19 197 311 6 232 16 4 35 13 1 1 164 35 61 2 1 0 0 0 0 0 0 2 1 2 1 8 11 12 7 21 10 3 12 9 8 40 8 50 3 1 2 1 27 113 28 11 1 137 0 1 0 6 7 3 4 8 15 2 16 6 0 7
11 3 5 3 14 14 5 1 2 4 7 14 1759 287 2211 3093 195 12639 3691 496 62 150 252 1866 94 88 2350 261 110 13 12 49 176 133 99 14 771 1695 2714 247 829 232 1017 168 156 9361 109 170 74 21 7 4 24 25 18 21 34 146 34 16 4167 185 168 819 189 93 54 73 592 47 66 28 458 43 454 576 10 6 31 4 52 12 42 41 43 22 15 19 56 26 465 135 11 67 344 125 4 4 52 9 9 9 2 1 8 7 1 8 4 0 1 12 169 489 1429 66 19 1097 48 3186 246 3888 127 14 12 10 16 246 25 612 25 9 12 32 9 40 82 7 133 152 962 84 359 5 19 61 100 251 572 1083 16 5 20 1 0 10 0 1 1 9 2 3 2 11 16 7 106 230 46 7 7 11 26 23 26 201 5 5 57 18 26 50 45 11 13 34 2 2 11 3 2 15 25 23 16 4 8 5 0 4
8 5 10 4 12 7 3 0 1 3 8 25 2859 62 423 2381 1816 3691 38450 6829 54 151 281 624 71 437 861 79 83 12 5 19 221 64 76 9 1066 8434 57 872 272 73 294 5682 1315 2731 91 27 46 69 4 4 15 7 5 3 23 35 8 3 64 43 33 150 44 246 44 21 24 41 23 67 3017 1384 88 39 40 83 268 1 27 7 30 15 32 9 4 33 56 92 608 79 14 42 143 55 31 6 25 1 6 4 4 8 8 10 2 65 5 3 5 19 1573 889 2054 753 160 2054 602 3308 2233 11492 1323 118 54 69 114 458 166 1456 53 22 16 120 14 64 659 84 591 853 377 986 184 21 113 222 174 293 2424 773 90 14 50 5 10 20 3 14 2 25 9 5 7 20 12 64 130 247 104 15 12 19 25 56 61 395 12 33 68 35 176 273 272 24 40 400 6 1 26 13 3 30 66 36 252 14 28 16 7 8
1 2 1 1 0 1 0 1 0 1 2 2 1 42 1458 750 2039 496 6829 3078 28 101 266 337 35 379 67 13 11 3 2 3 33 16 10 5 316 574 7 601 223 54 119 27 4 35 80 5 38 3 0 2 1 7 3 4 7 6 4 7 33 21 8 26 6 2 9 6 14 10 12 6 62 22 43 13 3 3 5 0 15 3 8 6 6 7 2 6 17 8 21 79 7 20 58 7 1 4 9 2 3 2 2 3 2 3 0 10 0 2 1 9 340 129 25 207 39 62 162 53 439 434 251 38 17 23 44 71 26 187 21 5 1 33 12 15 135 21 145 221 25 356 33 5 34 51 12 3 192 34 47 6 13 1 0 3 0 2 0 4 0 3 3 7 6 20 23 29 31 0 9 7 6 27 11 72 3 4 8 3 45 81 27 8 9 120 1 1 5 4 3 6 16 8 34 2 12 2 0 7
63 47 105 76 207 272 31 8 41 31 41 389 3 136 223 85 86 62 54 28 9422 7031 2089 261 735 120 55 22 185 135 188 296 542 377 3 14 330 390 23 98 1988 79 185 5 11 23 72 9 56 16 6 5 24 25 9 1368 59 181 42 12 25 42 22 19 8 2 33 95 28 23 17 138 272 106 468 26 180 5 85 1 22 1 72 39 5576 420 74 10 25 8 35 107 9 54 120 520 129 54 1576 81 9 7 17 8 4 10 2 1 10 4 6 15 6 1 2 5 7 3 20 14 66 14 25 23 12 0 2 6 3 3 42 1 2 74 2 38 1 1 120 174 6 32 3 2 17 7 1 2 44 13 19 4 7 0 0 3 0 0 1 5 5 3 1 10 9 5 4 5 2 0 14 7 14 24 2 1 3 2 9 1 49 73 57 9 9 47 1 1 4 3 15 4 4 5 15 2 14 3 1 4
66 35 90 54 200 279 52 8 95 42 54 490 4 158 295 117 202 150 151 101 7031 20665 4507 1367 6840 1441 164 19 328 138 169 637 1321 961 14 24 994 1421 44 1412 1401 395 1570 11 16 76 222 40 247 42 11 11 46 63 29 124 124 355 61 39 92 253 125 95 18 5 137 164 81 218 88 307 812 369 843 94 406 9 204 1 105 4 158 194 3171 1006 117 50 133 67 166 374 54 269 975 705 267 129 3950 179 20 6 24 12 4 29 3 5 11 6 11 49 6 8 11 21 46 10 72 39 211 56 80 62 40 12 8 10 4 11 59 3 15 135 5 109 10 0 452 590 15 96 2 10 44 11 12 2 140 39 40 8 14 1 0 28 3 2 1 9 7 6 4 26 16 9 18 15 13 1 37 19 24 46 5 43 4 8 39 7 77 199 151 19 19 99 4 4 20 8 27 23 11 17 23 5 27 14 0 15
10 5 4 3 2 7 6 1 6 4 4 14 1 699 1056 329 379 252 281 266 2089 4507 11743 7292 531 4414 565 83 85 10 5 17 119 278 27 63 757 602 89 1615 7406 2120 835 13 14 52 170 25 338 22 15 8 21 34 24 41 17 22 89 32 85 72 23 22 23 6 91 35 67 72 30 15 97 54 79 55 26 0 6 4 62 2 48 62 87 53 13 21 49 33 117 454 27 123 279 12 24 7 187 17 0 0 3 1 0 0 0 1 0 1 1 1 19 4 4 6 12 9 37 22 77 61 52 13 4 2 5 4 1 11 7 2 2 16 0 17 9 1 67 86 5 35 8 4 10 6 6 0 52 28 12 3 10 0 0 6 0 1 2 6 0 0 0 3 0 0 13 10 3 0 5 1 7 3 6 14 2 4 19 5 12 26 24 6 12 22 2 3 14 1 1 8 4 1 9 0 6 0 0 6
15 7 8 5 11 7 12 7 14 8 4 8 25 580 596 995 131 1866 624 337 261 1367 7292 19599 1135 4751 6330 156 658 22 27 20 64 108 577 202 304 285 375 4387 2226 7226 3044 10 141 787 1668 21 243 21 12 4 121 209 41 37 271 47 187 53 1258 58 64 687 178 58 862 157 234 57 27 8 66 35 150 145 31 1 13 2 56 2 151 227 125 175 100 16 40 39 1019 371 20 107 314 52 22 10 276 67 0 0 0 0 2 1 0 5 0 1 0 3 22 25 49 16 9 79 42 161 83 237 97 3 4 2 4 16 4 27 10 1 0 6 1 7 12 1 46 86 79 25 28 2 9 20 21 3 44 349 1 4 4 0 1 9 1 2 0 1 0 1 0 4 1 0 71 73 6 3 2 2 5 5 5 104 0 5 41 9 11 18 19 2 6 14 2 1 8 2 1 15 4 4 9 1 0 1 0 1
51 21 55 22 59 103 18 6 76 24 19 212 3 49 63 44 83 94 71 35 735 6840 531 1135 6317 1311 201 4 456 80 97 188 685 372 19 9 342 864 18 2621 440 182 1264 8 5 51 1765 23 87 25 24 19 151 339 49 58 453 103 31 18 60 233 173 187 13 9 1280 139 42 139 42 143 548 386 366 57 333 5 97 3 87 7 414 853 1469 1678 1636 24 72 30 114 113 29 142 858 288 166 66 5761 1122 20 5 12 8 4 8 2 5 10 7 1 23 8 1 4 12 34 10 36 18 160 35 52 34 31 2 14 3 1 3 49 3 10 111 6 100 7 1 382 493 5 50 1 8 32 9 11 3 85 42 39 3 9 0 1 15 2 6 1 12 2 7 1 16 12 1 12 4 3 2 28 15 23 32 7 18 7 3 29 8 48 138 148 10 8 82 3 2 8 5 16 18 8 5 18 6 31 8 2 13
3 1 1 1 2 2 2 1 0 0 0 2 5 323 437 151 258 88 437 379 120 1441 4414 4751 1311 4563 1238 15 86 0 1 6 32 31 547 93 212 306 13 4205 674 339 311 5 3 24 245 5 29 2 1 0 24 30 5 3 17 3 40 15 21 14 8 44 5 1 136 27 10 18 0 3 35 21 19 10 8 1 5 0 4 0 30 46 35 37 23 0 10 5 20 29 3 24 95 8 3 2 58 10 1 0 1 0 2 1 0 4 0 0 0 2 21 8 1 16 6 41 36 20 77 158 74 7 3 3 2 2 2 6 1 0 1 10 0 3 13 5 43 51 5 34 3 0 6 4 0 0 46 17 4 1 1 0 0 1 0 0 0 0 0 0 0 1 0 4 5 5 3 0 0 1 1 4 0 10 1 5 7 2 11 15 10 1 3 11 0 0 4 0 0 2 3 2 5 2 1 1 0 0
22 7 7 0 22 3 11 2 4 2 2 6 61 2785 1512 1453 37 2350 861 67 55 164 565 6330 201 1238 25458 6750 1404 47 160 8 44 255 6899 706 417 105 748 4143 382 264 1179 1 134 261 1513 12 35 16 7 4 139 199 40 6 932 232 988 265 188 36 80 2565 717 23 943 1406 249 12 12 4 48 20 696 59 7 7 12 1 15 3 103 94 76 62 74 10 16 18 107 69 8 32 152 144 5 30 93 170 1 2 2 0 3 1 0 1 1 0 0 1 73 79 131 42 8 428 62 667 147 1222 209 9 3 5 6 25 9 77 10 2 2 10 1 7 35 6 39 60 142 40 44 0 15 12 7 7 93 276 7 5 1 3 3 4 0 1 0 2 0 0 0 5 1 1 42 52 5 2 1 3 6 5 6 62 1 1 26 6 7 18 13 1 3 10 0 0 5 0 0 11 4 10 12 2 1 0 0 1
11 0 6 2 10 3 12 2 1 2 0 2 85 1529 2762 1623 13 261 79 13 22 19 83 156 4 15 6750 5943 534 18 93 9 24 141 246 172 230 31 2125 67 258 38 87 0 164 146 202 15 10 14 3 1 30 28 11 7 256 549 580 211 64 18 35 972 951 9 99 1186 251 8 4 2 11 2 1603 50 0 2 7 2 15 4 26 16 46 18 20 8 10 10 41 20 4 6 32 213 2 16 19 171 0 5 0 1 1 0 0 0 0 0 1 3 12 81 139 5 2 221 13 820 42 439 27 1 2 0 0 41 2 88 7 3 0 9 0 4 9 2 16 17 310 6 102 1 1 12 17 15 34 534 1 2 5 0 0 2 0 0 1 0 0 0 0 0 6 2 38 66 6 1 0 1 6 0 4 51 0 3 9 0 2 4 3 0 6 4 1 0 3 1 2 3 4 7 2 2 1 0 0 0
5025 383 810 216 4371 931 3928 908 133 561 81 921 11 196 71 75 12 110 83 11 185 328 85 658 456 86 1404 534 45649 14185 7243 584 1142 251 62 42 72 239 132 309 357 75 1749 7 121 146 458 188 67 75 91 83 6328 11085 1312 96 4530 276 80 21 177 852 2065 1869 985 38 5750 829 1561 302 133 819 1976 406 3130 452 542 17 1499 10 264 24 1878 1875 655 233 782 63 227 82 453 208 124 172 1709 5464 262 6445 702 3105 188 40 325 189 41 262 36 77 99 90 49 169 5 4 13 4 15 26 24 64 69 47 23 76 59 6 10 18 0 14 625 13 69 1051 11 577 2 1 427 338 64 50 26 51 111 18 48 6 62 255 68 10 20 18 2 30 8 46 12 56 57 67 8 315 195 7 88 109 18 7 227 73 176 70 13 123 49 24 98 21 447 683 194 61 23 544 8 4 56 15 239 29 29 126 121 70 108 11 3 24
4589 2387 660 1597 6480 3342 471 103 32 112 44 2248 4 14 5 8 3 13 12 3 135 138 10 22 80 0 47 18 14185 22502 8724 499 606 21 3 3 12 35 17 11 517 18 70 1 11 20 25 30 21 17 63 81 666 599 228 169 4439 20 3 1 13 61 102 50 34 5 345 24 123 76 56 361 308 132 353 44 56 2 436 10 233 13 882 410 1108 207 23 31 41 15 47 138 133 38 86 2232 108 346 217 96 146 25 272 185 21 234 28 36 87 78 43 193 2 1 1 1 0 2 1 12 5 14 0 22 8 1 1 1 0 1 342 9 41 500 2 132 2 0 46 52 7 4 0 13 30 3 10 1 9 28 9 8 20 10 0 8 5 18 4 28 17 35 9 162 72 0 10 10 3 2 73 21 30 4 5 22 15 15 21 3 300 163 45 7 3 84 7 1 40 5 85 16 26 41 57 48 24 3 1 4
1759 255 337 1398 12547 5736 278 36 19 54 42 2708 3 30 8 9 1 12 5 2 188 169 5 27 97 1 160 93 7243 8724 19532 551 653 22 7 10 14 29 23 21 768 13 99 1 8 20 77 25 13 16 37 48 363 380 142 228 15210 20 16 3 22 63 125 129 133 8 2576 163 232 72 39 227 177 93 1439 36 54 3 253 8 153 16 616 576 1995 730 174 30 29 12 45 107 76 31 84 4182 86 198 807 4067 120 9 178 110 19 160 13 22 60 54 15 136 1 3 1 0 1 5 4 10 8 2 2 9 5 1 0 0 0 0 254 3 25 335 1 85 0 0 37 36 1 4 0 19 15 3 3 1 5 24 4 11 17 5 0 6 5 8 0 24 12 14 6 130 58 0 7 9 9 0 55 22 18 2 2 16 12 14 9 4 245 95 30 5 3 54 7 0 24 2 44 8 13 24 54 48 13 2 0 1
273 78 158 81 478 3750 79 8 20 33 28 339 4 16 9 17 4 49 19 3 296 637 17 20 188 6 8 9 584 499 551 4359 4064 647 6 2 77 169 14 8 298 11 61 1 20 75 30 55 5 9 9 9 84 131 34 31 320 4119 5 14 41 68 66 14 7 1 135 48 145 8 26 656 823 16 3745 74 13 2 291 1 43 1 135 182 387 178 15 7 15 7 99 24 10 9 59 6374 114 50 494 61 36 5 76 56 8 80 11 11 47 21 23 75 1 1 4 2 1 3 0 15 9 9 3 3 1 0 3 2 0 2 53 1 13 95 0 32 0 0 24 28 9 3 3 1 7 3 6 0 7 41 1 2 1 1 0 0 2 4 1 6 2 6 1 21 19 0 11 12 4 0 14 2 9 4 3 36 1 1 21 7 106 37 17 3 7 26 3 0 4 0 12 3 5 7 50 11 8 0 1 3
462 217 395 210 542 3188 136 30 87 260 228 1697 17 25 25 52 15 176 221 33 542 1321 119 64 685 32 44 24 1142 606 653 4064 8813 2700 15 12 252 3251 14 88 516 21 110 11 78 243 343 33 10 23 30 36 178 240 100 55 562 2317 123 58 61 45 49 37 18 6 342 352 64 34 30 2421 3291 160 3748 36 112 27 749 3 94 11 375 346 638 294 213 18 29 21 206 63 57 20 79 3138 499 168 864 95 137 21 256 119 18 225 21 33 116 66 53 264 10 2 14 2 22 26 12 47 74 31 18 42 50 1 5 5 2 12 204 6 57 388 10 280 3 0 370 392 13 45 3 17 61 14 15 1 55 49 73 5 3 7 0 9 5 8 4 19 20 26 5 90 82 9 25 12 6 1 85 34 77 65 4 24 14 7 30 7 353 268 121 39 4 189 4 2 19 14 49 9 10 30 142 40 57 8 0 14
21 9 15 3 28 27 3 2 1 5 4 23 3 261 90 150 32 133 64 16 377 961 278 108 372 31 255 141 251 21 22 647 2700 7350 429 708 1561 1578 62 300 437 19 89 1 7 46 1527 7 4 4 10 20 55 93 30 16 57 6430 4683 5626 52 14 19 95 66 5 119 2082 160 10 6 123 326 66 5762 51 36 8 33 0 44 5 163 112 204 79 124 2 7 1 20 28 24 7 35 297 4 9 279 83 17 6 22 5 6 13 3 3 9 2 0 17 0 5 7 5 33 8 13 21 83 20 12 45 34 2 8 1 0 4 26 4 5 99 9 179 4 1 304 495 10 33 5 11 31 3 1 0 50 26 44 3 2 1 0 0 0 4 2 12 5 6 0 22 30 2 10 10 1 0 43 12 42 47 2 7 2 4 7 2 26 137 39 21 3 75 1 1 9 7 26 4 6 18 6 7 29 11 2 14
1 0 1 0 2 2 0 0 0 1 0 0 2 4080 1184 109 15 99 76 10 3 14 27 577 19 547 6899 246 62 3 7 6 15 429 4156 5096 616 80 45 1894 26 13 255 1 3 5 869 1 1 1 2 0 3 4 2 0 52 109 1434 857 14 16 26 303 87 1 34 283 116 1 0 0 10 5 132 20 5 0 2 0 3 0 1 5 9 3 7 0 6 1 5 2 1 4 43 16 1 4 4 19 0 0 0 0 0 1 0 2 0 1 0 1 40 28 5 18 4 109 46 31 96 308 125 3 1 0 5 6 0 20 0 1 0 4 0 4 15 1 18 26 3 27 4 0 3 5 2 0 26 26 0 0 1 0 0 0 0 0 0 1 0 0 0 3 0 2 11 6 5 0 0 1 0 2 3 22 0 0 2 0 5 6 3 1 1 4 0 0 0 0 0 2 1 0 6 1 0 0 0 0
1 0 0 0 2 1 2 0 0 0 1 0 1 4026 248 49 7 14 9 5 14 24 63 202 9 93 706 172 42 3 10 2 12 708 5096 2449 940 44 30 1467 110 4 100 0 0 2 822 3 2 0 0 0 2 1 1 1 16 171 1852 1898 3 7 8 120 71 1 12 383 54 0 0 0 2 4 203 15 0 0 1 0 1 0 1 0 2 2 7 0 0 1 4 3 0 3 15 20 0 3 1 26 0 0 1 0 0 1 0 1 1 0 0 0 10 0 1 3 1 5 8 4 31 39 24 1 0 0 0 4 0 5 0 0 0 2 0 0 1 1 8 18 0 9 0 0 2 2 0 0 7 4 1 0 0 0 0 0 0 0 0 0 0 1 0 1 1 0 2 1 1 0 0 0 1 0 0 11 0 1 0 0 2 2 4 0 0 2 0 0 0 0 1 2 0 0 4 0 0 0 0 0
14 2 4 3 8 6 5 2 1 0 4 8 9 1839 1890 1462 2603 771 1066 316 330 994 757 304 342 212 417 230 72 12 14 77 252 1561 616 940 2962 2128 162 947 825 65 180 6 4 143 1439 20 25 2 4 1 9 17 4 9 50 1031 3018 1458 234 31 24 134 78 0 69 832 135 9 4 8 35 27 1590 59 10 1 14 1 7 2 25 42 77 43 46 3 7 7 68 30 4 10 77 122 5 4 133 42 16 3 18 4 11 17 2 4 10 1 1 14 27 17 11 20 42 21 58 56 246 63 69 45 44 6 28 11 4 19 34 11 12 66 8 109 13 6 284 467 12 152 13 6 32 16 8 1 122 53 97 2 4 5 0 1 1 6 0 3 4 6 0 23 19 22 7 34 4 0 30 18 40 123 2 26 4 2 14 0 18 143 47 37 2 165 0 2 4 14 20 4 5 13 5 4 37 18 4 18
25 13 10 6 35 42 15 6 5 4 10 41 241 81 145 621 1216 1695 8434 574 390 1421 602 285 864 306 105 31 239 35 29 169 3251 1578 80 44 2128 9856 30 837 577 48 168 444 273 1842 942 13 24 45 14 23 61 82 34 22 82 577 319 106 419 30 40 58 15 53 147 337 54 12 8 99 2345 780 1372 41 133 241 373 3 43 10 134 133 223 111 133 33 34 46 414 55 18 24 75 319 14 8 403 43 46 28 54 18 43 57 6 22 27 14 11 57 151 70 68 78 167 108 233 232 908 466 322 245 253 25 86 49 15 86 163 37 33 352 38 431 77 15 1624 2133 44 497 25 31 189 60 35 12 699 178 379 11 7 12 2 11 6 14 1 14 19 24 6 63 70 70 65 83 29 6 138 97 147 347 21 101 11 19 37 20 163 803 374 127 13 736 6 1 16 49 84 23 29 68 59 23 165 63 20 86
8 1 1 1 8 1 3 0 1 0 0 3 76 417 731 732 14 2714 57 7 23 44 89 375 18 13 748 2125 132 17 23 14 14 62 45 30 162 30 7032 21 370 115 325 1 292 369 72 209 23 22 5 4 14 14 5 6 72 235 104 70 6974 156 119 1009 2679 14 42 264 2120 19 66 3 12 3 811 995 1 2 4 4 24 2 19 10 16 17 3 13 41 12 616 61 4 20 143 84 4 3 10 51 0 6 0 2 3 0 0 0 1 1 2 0 9 190 319 6 3 248 8 1220 21 379 5 1 2 3 0 82 5 164 12 7 8 4 2 7 1 0 20 30 766 4 249 0 1 31 62 27 47 1202 4 1 5 1 1 8 2 2 0 3 0 0 0 8 10 2 140 258 14 2 1 5 13 4 8 190 2 5 62 17 7 2 0 3 14 6 5 0 6 1 1 8 8 33 1 1 6 2 0 2
6 1 6 2 3 2 3 3 2 1 2 8 7 2100 896 249 444 247 872 601 98 1412 1615 4387 2621 4205 4143 67 309 11 21 8 88 300 1894 1467 947 837 21 9878 444 354 839 13 13 60 3128 7 44 5 3 5 68 115 9 4 134 78 671 304 44 32 41 327 30 3 435 256 47 22 7 6 121 79 124 22 23 1 1 0 13 0 64 118 54 95 138 4 7 2 39 44 6 30 170 19 12 11 152 44 3 1 4 2 0 6 0 7 4 0 1 3 106 40 19 83 31 172 169 52 391 645 407 29 7 7 15 6 5 40 3 1 0 31 1 17 55 6 133 227 16 114 7 2 27 9 2 1 128 56 8 2 3 1 1 2 2 0 1 2 0 0 0 1 3 8 9 10 9 0 2 2 1 13 6 57 3 1 14 1 33 47 38 2 3 29 0 0 2 3 1 8 4 7 30 1 4 0 0 1
493 374 491 374 491 449 61 69 66 75 35 564 13 1101 1667 905 291 829 272 223 1988 1401 7406 2226 440 674 382 258 357 517 768 298 516 437 26 110 825 577 370 444 6298 4615 1147 11 175 389 119 179 1160 197 67 40 42 56 709 1170 220 210 175 46 772 284 132 152 228 44 119 176 422 234 179 152 368 130 635 423 295 13 135 7 323 35 650 177 1870 179 70 216 472 228 1427 1520 135 482 437 615 220 80 339 124 26 3 26 8 7 17 5 5 13 7 3 33 14 17 27 7 18 20 22 81 74 48 35 24 30 1 8 7 5 22 50 4 15 111 3 79 6 1 166 152 52 48 23 6 17 37 59 2 54 292 32 47 120 5 6 127 5 3 21 49 8 6 1 29 20 7 89 98 73 3 29 12 31 38 40 125 24 57 201 40 57 107 42 20 65 106 55 25 183 6 25 116 88 20 26 12 17 9 4 9
20 4 13 2 6 7 4 5 11 2 2 9 8 61 137 155 27 232 73 54 79 395 2120 7226 182 339 264 38 75 18 13 11 21 19 13 4 65 48 115 354 4615 8479 3974 4 84 177 197 43 2188 42 49 8 9 35 48 59 32 7 13 2 424 53 41 54 58 25 105 20 207 42 37 8 20 10 60 206 18 1 15 2 68 8 76 52 52 33 17 29 64 59 991 1165 40 125 213 38 16 8 52 14 3 0 1 0 0 0 0 1 0 1 1 2 1 0 11 1 2 5 4 25 9 22 5 0 0 1 0 3 0 0 6 1 1 6 0 5 3 0 18 19 24 7 10 1 2 18 41 0 12 161 1 3 16 1 1 13 0 0 4 6 0 1 0 1 2 1 37 61 10 2 0 2 2 1 7 97 5 9 86 23 7 12 1 3 13 5 4 2 13 0 1 14 11 4 1 0 0 1 1 1
58 10 18 8 38 23 36 17 39 18 16 40 45 248 277 309 59 1017 294 119 185 1570 835 3044 1264 311 1179 87 1749 70 99 61 110 89 255 100 180 168 325 839 1147 3974 9417 14 587 1074 1040 335 2152 422 57 27 328 486 71 47 693 88 182 42 2174 594 1560 5861 732 153 1806 223 1364 325 176 63 133 46 384 1354 128 3 82 5 208 14 327 406 255 355 95 110 474 506 5727 1128 86 769 7865 175 139 55 663 150 3 8 4 2 6 5 1 7 1 6 3 5 9 26 99 9 5 57 11 236 69 121 48 7 7 2 3 33 1 34 43 11 0 36 2 13 6 0 84 50 189 17 81 7 6 62 216 5 73 1159 8 29 51 1 5 185 4 3 10 22 1 5 1 15 4 0 307 349 87 3 6 21 12 10 37 505 10 23 664 163 22 40 22 5 129 30 18 17 103 3 2 150 80 15 17 3 3 1 1 0
1 1 5 2 0 2 0 1 6 4 3 4 2441 4 3 7 6 168 5682 27 5 11 13 10 8 5 1 0 7 1 1 1 11 1 1 0 6 444 1 13 11 4 14 3096 2197 722 8 20 12 248 5 18 3 1 0 3 7 0 1 0 23 23 16 10 3 313 1 0 8 12 14 43 1554 1102 3 9 259 3062 1067 28 42 101 4 1 0 2 3 122 61 151 406 8 5 6 27 4 85 7 3 1 1 1 4 2 1 3 0 6 2 1 5 8 45 28 267 31 19 178 54 380 206 1049 89 18 12 7 10 17 2 38 10 2 2 30 0 10 27 7 137 144 27 86 10 3 17 8 20 29 259 87 23 1 8 2 1 14 9 4 4 8 1 0 1 3 1 6 24 25 9 0 6 9 6 8 5 40 3 6 45 9 28 71 114 5 11 122 1 0 4 4 2 17 4 4 30 1 10 0 3 4
26 6 17 4 12 10 37 7 129 36 51 29 1851 5 11 31 5 156 1315 4 11 16 14 141 5 3 134 164 121 11 8 20 78 7 3 0 4 273 292 13 175 84 587 2197 6099 1784 16 100 89 2618 34 104 32 19 18 14 63 15 8 2 231 174 136 682 536 2144 26 20 396 82 103 350 1598 119 74 204 1262 673 2067 135 256 517 37 16 10 4 3 716 434 1562 2655 177 27 69 365 51 987 138 12 8 10 14 9 2 7 11 1 9 13 9 9 21 12 66 504 10 2 67 2 719 54 169 18 3 2 1 2 63 2 77 61 18 11 38 2 19 1 1 112 41 516 5 228 10 3 124 665 29 182 4987 7 38 74 2 5 171 22 8 14 49 1 4 0 20 10 2 869 731 155 21 14 27 26 5 49 1048 16 30 956 171 69 62 19 11 96 39 23 12 126 4 2 193 88 35 37 7 5 2 0 2
11 5 9 5 27 21 10 5 12 23 24 60 1248 19 75 157 16 9361 2731 35 23 76 52 787 51 24 261 146 146 20 20 75 243 46 5 2 143 1842 369 60 389 177 1074 722 1784 3826 42 44 77 60 4 6 18 19 20 16 63 69 8 1 754 89 109 843 428 493 34 22 156 56 41 148 1418 58 201 108 40 4 245 3 52 8 39 28 25 18 14 30 67 72 1399 158 11 90 387 150 72 15 29 9 10 13 4 3 21 12 0 9 3 3 1 13 71 428 1510 58 17 459 38 2187 162 1192 90 16 5 8 7 220 14 404 45 13 21 43 4 42 28 7 144 140 1499 59 730 7 9 130 563 124 281 4358 25 10 25 6 2 23 3 1 5 10 1 3 2 13 20 8 574 917 60 20 15 9 43 11 12 756 5 5 149 22 30 66 37 13 17 38 7 4 39 5 6 31 29 68 30 2 13 4 2 5
15 5 21 4 11 12 7 8 14 9 8 25 2 502 148 82 135 109 91 80 72 222 170 1668 1765 245 1513 202 458 25 77 30 343 1527 869 822 1439 942 72 3128 119 197 1040 8 16 42 4133 16 18 5 14 7 82 237 24 8 592 167 1637 632 56 77 229 915 283 5 1277 1335 248 40 14 24 288 157 273 51 128 2 30 4 23 4 165 290 171 392 1129 2 26 5 99 44 11 66 338 56 48 15 682 572 6 3 10 8 6 5 0 4 6 1 0 7 22 8 3 23 29 26 60 20 157 117 105 24 12 4 11 1 2 16 11 5 1 41 2 42 15 2 198 251 12 38 7 3 16 3 3 0 66 58 18 1 5 2 0 5 0 3 1 5 2 2 0 7 1 2 20 8 5 2 10 1 11 16 1 28 4 1 11 4 32 72 75 3 1 33 2 1 10 7 6 6 3 7 5 3 10 1 0 2
19 4 13 4 20 13 12 4 14 6 5 9 0 11 33 16 2 170 27 5 9 40 25 21 23 5 12 15 188 30 25 55 33 7 1 3 20 13 209 7 179 43 335 20 100 44 16 13733 279 804 24 41 16 16 25 23 55 102 13 8 379 7126 1405 168 84 22 46 41 2436 354 3506 26 30 11 510 13141 76 3 38 10 599 30 57 28 31 10 6 952 7246 491 2977 326 24 174 813 206 54 13 30 19 2 4 2 1 10 3 0 10 2 0 2 6 1 0 13 2 1 9 1 49 22 20 5 3 6 1 1 7 0 3 33 9 5 21 1 8 2 1 41 20 18 21 7 13 4 166 173 5 54 435 17 134 569 15 14 648 18 16 26 155 4 7 1 20 4 0 178 271 322 3 16 26 9 10 303 312 34 161 1412 372 19 31 10 10 657 23 64 105 531 5 5 1091 339 13 26 2 3 7 2 4
46 10 23 11 14 6 15 11 25 6 1 7 5 26 82 38 10 74 46 38 56 247 338 243 87 29 35 10 67 21 13 5 10 4 1 2 25 24 23 44 1160 2188 2152 12 89 77 18 279 8637 298 53 31 10 22 55 81 20 6 6 3 118 401 42 22 31 27 47 12 112 389 251 10 30 18 35 257 97 9 29 8 393 15 145 76 53 26 11 346 554 293 661 8657 399 5105 3058 28 66 18 65 7 1 0 1 0 0 1 0 1 1 0 0 2 0 0 5 0 0 4 0 11 5 4 3 2 4 0 0 2 0 2 9 4 0 5 0 3 1 0 16 14 10 1 2 1 1 27 45 0 15 109 1 36 124 1 3 132 7 5 16 33 0 2 0 5 0 0 37 45 63 1 5 6 2 1 41 63 17 27 255 67 3 7 2 2 76 7 37 20 140 2 3 176 55 1 6 1 1 1 0 0
29 5 15 7 12 9 24 10 211 10 15 15 64 3 15 11 1 21 69 3 16 42 22 21 25 2 16 14 75 17 16 9 23 4 1 0 2 45 22 5 197 42 422 248 2618 60 5 804 298 11125 255 1203 29 23 24 25 23 10 0 0 55 1547 319 44 16 933 41 7 232 593 433 97 302 367 34 412 1885 228 668 2132 1480 5882 68 32 30 19 3 3505 1301 5307 1754 371 126 299 941 30 940 153 26 4 5 3 9 5 3 7 1 21 3 1 1 12 0 1 10 2 1 12 2 27 16 25 2 1 3 3 4 5 1 2 31 5 2 19 0 8 1 1 22 13 27 10 6 14 8 145 320 8 58 521 6 101 430 13 9 1374 267 54 212 431 3 9 2 11 4 2 132 225 251 12 23 20 10 8 164 262 118 148 1531 347 32 24 16 4 511 43 173 248 800 4 7 942 286 5 48 4 6 2 0 0
141 40 95 25 35 18 61 71 21 28 7 27 1 1 1 3 1 7 4 0 6 11 15 12 24 1 7 3 91 63 37 9 30 10 2 0 4 14 5 3 67 49 57 5 34 4 14 24 53 255 14809 18714 27 45 435 51 22 9 2 0 19 40 3 9 8 94 15 10 19 275 34 15 61 96 33 34 139 10 41 2050 3317 350 563 173 61 50 13 341 125 72 102 6726 6283 66 19 39 76 33 41 26 3 2 2 1 0 3 0 4 1 1 0 8 0 0 1 0 0 2 0 5 2 1 0 2 2 2 0 0 0 0 10 0 2 23 1 22 0 0 28 16 1 1 0 6 7 4 11 0 5 25 2 28 36 11 2 21 1203 201 780 890 27 4 1 5 4 0 2 4 5 6 8 2 9 1 7 9 311 57 52 6 4 22 30 1 5 28 80 23 293 1 26 54 50 0 21 4 3 2 0 1
181 51 77 21 33 22 79 73 59 40 5 28 2 0 1 1 2 4 4 2 5 11 8 4 19 0 4 1 83 81 48 9 36 20 0 0 1 23 4 5 40 8 27 18 104 6 7 41 31 1203 18714 22990 27 34 337 42 22 7 2 1 3 54 22 4 1 518 30 11 9 445 157 17 71 392 39 37 478 59 106 16765 8542 2062 460 141 52 31 19 1492 526 272 175 1617 2242 76 51 27 206 65 36 31 8 0 6 0 1 1 2 19 3 1 0 3 0 0 3 2 1 1 1 1 2 2 0 4 3 1 2 0 0 0 10 0 0 25 0 22 0 0 24 24 1 7 1 6 3 20 32 1 9 17 7 127 140 14 9 54 2701 481 2096 1663 41 2 3 7 4 1 5 13 36 13 22 8 8 4 7 7 493 136 86 16 14 34 77 7 15 78 248 38 719 1 48 142 165 2 37 7 2 1 0 0
1061 104 314 60 209 119 1118 709 138 520 71 222 3 15 3 11 2 24 15 1 24 46 21 121 151 24 139 30 6328 666 363 84 178 55 3 2 9 61 14 68 42 9 328 3 32 18 82 16 10 29 27 27 9992 5252 3955 8 270 55 10 3 20 97 242 247 71 15 331 148 125 58 19 123 260 94 347 37 135 11 179 10 49 21 2567 884 245 92 154 15 48 30 73 49 17 33 284 354 251 7334 184 446 20 1 33 15 1 28 6 8 12 7 5 23 0 1 3 0 1 2 0 7 16 6 3 7 7 1 0 1 0 1 57 1 9 134 1 92 0 0 93 75 7 9 3 7 15 0 4 0 11 28 20 0 3 1 0 4 2 2 3 0 4 7 1 25 34 0 13 11 0 1 21 6 43 19 0 10 2 1 13 3 56 97 30 12 0 73 2 0 9 3 30 8 1 9 12 6 17 2 0 6
741 135 293 67 205 170 420 303 45 201 19 210 3 13 9 8 9 25 7 7 25 63 34 209 339 30 199 28 11085 599 380 131 240 93 4 1 17 82 14 115 56 35 486 1 19 19 237 16 22 23 45 34 5252 9838 475 5 443 102 16 7 31 134 255 265 77 5 3866 266 121 66 40 97 346 123 498 56 177 6 146 2 105 5 1343 7950 162 173 375 19 52 24 77 67 51 57 439 400 74 792 403 774 18 1 24 17 0 20 3 8 13 4 5 9 1 0 5 1 1 0 4 10 19 5 2 17 10 0 3 1 0 1 55 3 6 116 1 99 1 0 132 134 3 14 1 9 16 3 4 2 20 16 21 3 8 2 1 4 0 5 5 5 1 11 2 27 33 4 7 12 5 0 38 10 43 22 1 17 3 2 26 2 51 131 53 13 8 84 7 2 21 3 25 8 2 17 12 10 26 2 2 9
494 89 203 51 92 63 442 313 32 189 15 80 0 5 9 10 0 18 5 3 9 29 24 41 49 5 40 11 1312 228 142 34 100 30 2 1 4 34 5 9 709 48 71 0 18 20 24 25 55 24 435 337 3955 475 14560 437 87 34 3 0 20 55 57 44 25 12 71 29 40 78 53 39 129 54 90 30 65 4 66 42 309 27 5202 230 222 95 40 71 54 21 76 934 213 85 99 136 64 1829 76 114 8 1 15 8 2 7 4 1 5 2 2 5 0 1 0 0 2 2 0 7 5 1 0 5 2 0 1 0 0 3 25 1 2 50 2 61 0 0 55 60 4 6 0 3 5 1 3 0 5 18 12 14 27 3 0 13 13 2 18 34 2 4 1 6 14 1 4 6 15 1 17 4 15 11 3 4 12 15 12 6 14 41 23 6 3 43 21 1 70 0 11 20 12 11 8 3 9 2 1 1
243 122 189 140 114 118 36 34 11 24 14 120 1 7 15 9 1 21 3 4 1368 124 41 37 58 3 6 7 96 169 228 31 55 16 0 1 9 22 6 4 1170 59 47 3 14 16 8 23 81 25 51 42 8 5 437 3676 55 16 2 3 27 51 18 11 9 5 15 14 16 68 49 20 57 24 105 33 40 5 29 3 147 12 3435 83 2099 107 17 73 66 25 64 318 75 84 52 142 24 9 125 36 2 0 7 1 0 5 0 2 6 2 2 7 1 0 2 3 0 2 0 3 2 2 1 2 5 0 1 0 0 0 11 1 2 20 0 20 0 0 25 20 2 1 2 3 2 3 4 0 7 17 4 18 35 0 1 19 3 2 9 14 3 0 0 4 5 0 4 3 15 0 14 1 6 9 6 9 11 18 27 4 4 24 8 4 6 17 19 3 67 0 5 36 18 5 2 0 5 0 0 1
104 35 98 45 1972 151 36 14 31 30 15 229 6 76 34 31 9 34 23 7 59 124 17 271 453 17 932 256 4530 4439 15210 320 562 57 52 16 50 82 72 134 220 32 693 7 63 63 592 55 20 23 22 22 270 443 87 55 13915 56 87 9 73 247 701 1033 537 9 6534 1324 817 83 37 705 1081 200 2841 149 131 9 1207 4 75 5 367 743 679 1292 1224 23 73 31 201 50 34 60 594 3497 66 84 3090 9144 123 21 181 104 13 158 13 30 46 46 25 108 1 1 11 2 5 14 9 22 25 11 15 29 22 6 2 1 0 6 386 9 33 542 2 214 6 1 118 112 22 17 6 25 56 6 28 2 13 103 12 5 11 12 1 6 9 29 2 34 22 32 4 222 120 1 28 46 12 3 112 40 45 4 9 42 31 19 36 7 272 240 76 14 6 193 3 1 17 12 104 16 20 55 51 49 49 6 1 5
18 10 15 3 24 16 4 6 13 4 3 21 6 557 246 236 44 146 35 6 181 355 22 47 103 3 232 549 276 20 20 4119 2317 6430 109 171 1031 577 235 78 210 7 88 0 15 69 167 102 6 10 9 7 55 102 34 16 56 6235 793 3109 128 135 158 96 211 3 102 1254 757 22 30 227 431 6 8748 321 23 0 85 0 20 0 102 101 152 71 30 7 13 6 98 20 15 10 89 1092 33 15 169 116 16 0 20 6 3 17 1 4 8 3 2 20 0 5 5 1 3 9 4 46 15 18 5 6 3 1 0 4 1 7 24 3 3 58 3 36 1 1 41 85 18 4 5 0 9 4 15 2 10 88 3 1 3 2 0 1 0 2 0 8 2 2 0 12 6 0 30 24 10 1 7 1 4 3 2 33 3 1 42 5 42 30 9 5 7 14 0 0 5 1 6 4 8 6 6 2 7 2 0 1
1 0 0 0 2 0 1 1 2 0 1 3 0 1492 171 84 8 34 8 4 42 61 89 187 31 40 988 580 80 3 16 5 123 4683 1434 1852 3018 319 104 671 175 13 182 1 8 8 1637 13 6 0 2 2 10 16 3 2 87 793 2196 4936 27 39 119 442 388 4 133 862 413 3 3 2 36 15 435 72 10 0 3 0 6 0 11 18 20 19 13 2 6 2 32 3 1 7 81 21 4 4 32 69 1 1 1 1 1 1 1 0 0 1 0 2 4 2 1 3 7 8 10 10 26 13 16 5 5 0 0 0 0 2 2 1 0 3 0 7 5 0 38 71 5 3 1 2 8 2 1 0 12 28 2 0 1 0 1 1 0 0 0 1 0 1 0 1 0 0 8 9 2 0 6 0 2 0 0 7 0 0 5 1 3 9 13 1 2 6 1 0 0 1 1 3 2 1 2 0 3 1 0 1
2 2 0 0 4 1 1 0 0 0 0 0 0 766 96 71 8 16 3 7 12 39 32 53 18 15 265 211 21 1 3 14 58 5626 857 1898 1458 106 70 304 46 2 42 0 2 1 632 8 3 0 0 1 3 7 0 3 9 3109 4936 2813 11 8 22 85 68 0 10 1619 137 1 1 1 9 3 1071 32 3 0 2 1 5 1 7 9 14 4 10 0 1 1 4 1 1 1 15 7 1 2 16 14 0 0 2 1 0 0 0 0 0 1 0 1 2 0 1 2 6 0 3 2 0 5 3 4 1 0 0 0 1 0 1 0 0 7 0 8 0 0 10 27 3 4 0 2 1 0 1 0 7 4 7 0 0 0 0 0 0 1 0 0 1 0 0 2 0 1 2 1 0 0 1 1 2 3 0 2 1 0 1 0 1 7 3 1 0 4 0 0 1 1 2 0 0 2 1 0 0 0 0 0
12 7 4 1 9 4 7 0 4 4 3 11 33 58 155 224 20 4167 64 33 25 92 85 1258 60 21 188 64 177 13 22 41 61 52 14 3 234 419 6974 44 772 424 2174 23 231 754 56 379 118 55 19 3 20 31 20 27 73 128 27 11 8498 429 554 1136 413 58 107 72 1375 143 143 24 86 11 451 5876 11 3 19 1 100 7 52 26 29 22 18 34 169 58 1913 417 28 194 1025 105 5 5 45 25 3 8 2 1 9 1 1 4 2 4 0 6 21 181 388 15 5 159 11 625 38 275 11 5 2 0 0 123 4 163 27 15 11 16 0 24 6 1 65 51 757 20 405 4 5 86 261 33 82 1828 6 9 20 0 2 28 0 1 0 12 3 3 0 14 18 6 359 691 55 5 9 14 14 13 20 669 3 21 148 37 21 26 8 7 30 21 5 3 30 1 1 26 37 43 6 0 5 4 1 0
53 9 27 8 40 26 26 10 23 12 10 29 5 24 56 31 4 185 43 21 42 253 72 58 233 14 36 18 852 61 63 68 45 14 16 7 31 30 156 32 284 53 594 23 174 89 77 7126 401 1547 40 54 97 134 55 51 247 135 39 8 429 23679 13553 1167 420 56 380 114 2763 16947 3850 42 47 29 747 3576 147 4 75 40 1314 236 154 117 90 75 30 521 2383 739 2482 661 205 3224 6698 306 102 45 143 48 6 3 6 3 9 4 1 15 1 3 2 10 2 2 18 1 1 17 1 35 15 26 5 2 10 4 7 7 1 4 47 19 2 15 2 10 3 0 49 21 41 35 12 21 1 196 177 7 71 515 14 491 1330 17 31 769 37 24 73 318 5 6 1 5 4 4 184 321 605 9 13 38 11 11 438 302 112 390 1561 371 28 36 14 14 767 50 174 138 1194 9 3 1413 788 17 24 0 5 8 4 5
39 7 9 6 42 16 37 13 13 16 7 16 6 31 48 37 3 168 33 8 22 125 23 64 173 8 80 35 2065 102 125 66 49 19 26 8 24 40 119 41 132 41 1560 16 136 109 229 1405 42 319 3 22 242 255 57 18 701 158 119 22 554 13553 23117 8575 3997 38 812 437 9037 1757 618 38 64 11 1063 2380 67 4 51 2 309 9 143 109 111 93 31 84 1133 478 3598 95 28 204 5880 467 53 70 124 137 0 3 2 2 4 4 1 4 3 1 0 4 0 3 12 3 1 8 2 38 12 23 12 4 6 0 1 2 0 4 25 2 1 17 2 8 0 0 32 15 17 6 13 4 1 42 129 2 43 370 7 26 69 5 1 160 2 0 5 20 1 1 0 5 3 0 122 176 86 4 3 9 11 3 41 294 9 34 585 153 19 18 4 3 140 19 9 13 70 2 3 201 83 5 13 0 1 3 0 1
38 3 6 3 24 7 21 6 7 7 2 13 108 332 173 325 9 819 150 26 19 95 22 687 187 44 2565 972 1869 50 129 14 37 95 303 120 134 58 1009 327 152 54 5861 10 682 843 915 168 22 44 9 4 247 265 44 11 1033 96 442 85 1136 1167 8575 12129 8628 73 1299 622 3236 204 134 9 39 25 408 562 21 3 19 3 97 5 155 149 104 69 50 30 235 87 1546 72 20 71 3684 135 14 61 106 151 4 4 5 0 13 3 0 2 1 2 0 3 7 68 160 6 7 106 12 642 39 183 24 5 1 3 1 61 0 75 16 4 7 20 2 11 3 1 33 23 537 8 234 0 5 41 105 7 48 1603 3 8 16 1 2 21 3 0 1 1 0 1 1 8 4 1 328 406 33 3 3 2 20 3 9 432 0 6 93 31 17 20 9 4 17 10 2 5 23 1 1 32 19 17 5 2 0 0 0 0
10 4 3 1 18 4 21 5 4 3 0 4 85 221 219 149 6 189 44 6 8 18 23 178 13 5 717 951 985 34 133 7 18 66 87 71 78 15 2679 30 228 58 732 3 536 428 283 84 31 16 8 1 71 77 25 9 537 211 388 68 413 420 3997 8628 4265 65 290 771 7602 67 48 2 17 2 921 189 5 1 8 2 32 2 51 34 62 27 26 14 62 35 373 64 9 34 732 184 8 34 35 131 10 3 2 1 5 2 1 0 1 1 1 4 6 86 188 10 2 87 6 718 22 93 12 1 3 2 0 64 0 124 18 4 8 10 4 6 2 1 24 22 706 6 276 2 3 38 90 6 33 1902 2 3 5 2 2 13 0 3 2 4 1 0 2 7 10 1 325 449 31 1 4 5 23 2 9 417 2 6 68 19 8 6 4 3 16 7 2 1 6 0 1 28 18 27 3 0 3 0 0 0
16 0 4 3 6 0 13 1 111 5 6 8 795 2 4 6 1 93 246 2 2 5 6 58 9 1 23 9 38 5 8 1 6 5 1 1 0 53 14 3 44 25 153 313 2144 493 5 22 27 933 94 518 15 5 12 5 9 3 4 0 58 56 38 73 65 2022 8 8 73 53 48 94 273 888 14 55 1948 931 750 626 402 1193 22 12 6 9 1 668 126 230 1020 84 50 29 122 8 563 74 7 5 0 0 4 1 2 2 1 1 1 3 2 4 1 2 208 2 2 9 2 105 30 52 3 1 2 1 0 5 0 4 7 2 2 13 0 8 3 0 37 12 42 3 15 2 2 38 508 45 81 918 2 12 14 0 1 47 111 20 62 126 5 3 1 5 0 1 95 90 30 84 1 6 3 0 13 81 33 21 195 20 20 24 6 1 11 16 15 4 76 0 3 43 20 2 13 3 3 1 1 0
218 69 148 76 284 218 77 58 22 44 27 285 5 22 23 31 12 54 44 9 33 137 91 862 1280 136 943 99 5750 345 2576 135 342 119 34 12 69 147 42 435 119 105 1806 1 26 34 1277 46 47 41 15 30 331 3866 71 15 6534 102 133 10 107 380 812 1299 290 8 18004 2164 349 165 56 97 359 168 1635 124 225 9 154 0 98 4 505 4465 233 2993 2536 22 110 46 254 102 48 158 1483 1015 77 55 2050 7623 13 4 20 21 5 16 2 12 8 6 2 22 4 4 2 1 3 12 4 15 42 13 12 25 20 2 3 4 0 2 81 3 11 125 2 108 3 0 156 180 11 21 9 8 28 13 14 2 34 64 26 6 10 3 0 17 3 6 2 12 3 10 1 34 35 3 16 19 8 1 32 16 38 25 4 40 6 4 34 9 46 148 63 17 12 108 6 2 16 4 25 16 15 21 21 7 32 3 2 10
24 8 11 2 14 14 10 12 4 9 6 20 4 931 223 156 18 73 21 6 95 164 35 157 139 27 1406 1186 829 24 163 48 352 2082 283 383 832 337 264 256 176 20 223 0 20 22 1335 41 12 7 10 11 148 266 29 14 1324 1254 862 1619 72 114 437 622 771 8 2164 3780 1081 35 15 26 185 135 2157 199 72 0 16 1 51 2 214 296 168 286 2218 4 18 9 100 27 18 15 173 57 20 17 618 3078 3 2 11 1 1 6 0 0 5 2 1 6 0 4 9 3 23 7 16 23 67 25 24 18 10 2 3 4 0 2 12 1 2 40 9 56 1 0 163 293 23 16 10 3 22 8 7 0 48 72 7 2 2 0 1 3 1 2 1 3 1 2 0 7 6 1 19 25 3 0 14 3 6 7 1 44 2 3 25 7 20 68 54 3 4 17 1 1 6 3 10 4 2 5 5 2 9 5 0 4
47 2 7 2 63 12 46 8 7 6 3 6 25 560 830 154 10 592 24 14 28 81 67 234 42 10 249 251 1561 123 232 145 64 160 116 54 135 54 2120 47 422 207 1364 8 396 156 248 2436 112 232 19 9 125 121 40 16 817 757 413 137 1375 2763 9037 3236 7602 73 349 1081 10197 258 340 24 35 10 3474 6387 18 3 25 2 162 3 84 68 119 55 59 30 229 119 1721 252 28 88 1634 653 37 60 75 301 5 7 4 2 4 2 0 9 1 5 6 8 4 28 76 7 0 37 3 215 48 63 12 2 2 1 1 52 3 41 68 23 5 25 4 18 3 2 85 44 308 10 155 7 0 161 402 4 111 1691 4 28 53 2 3 152 2 6 2 20 2 8 0 21 8 5 547 841 133 7 15 37 20 4 77 1253 14 35 776 181 47 43 8 12 130 29 7 3 73 3 6 118 85 30 23 6 6 2 3 0
