26723 6013 7093 4212 2200 3574 8286 10452 3 604 16 966 0 10 8 4 1 4 0 2 145 45 3 5 26 1 5 1 6772 7102 306 54 95 5 2 0 4 16 3 8 1065 15 18 0 6 1 23 19 109 3 146 92 1427 1452 284 216 72 20 2 0 6 25 17 5 9 1 378 10 5 27 22 38 9 10 151 12 8 0 4 7 95 3 2684 899 806 103 14 25 45 5 14 270 112 85 112 738 81 697 17 31 20 4 59 17 6 53 2 2 5 14 17 46 0 0 0 0 0 0 0 0 0 1 0 2 3 0 0 0 0 0 9 0 7 4 0 0 0 0 2 0 0 0 0 0 11 0 0 0 1 1 0 0 0 0 0 0 1 2 0 1 0 0 3 0 1 0 0 0 0 0 1 0 0 0 0 0 0 2 3 0 19 7 1 0 0 8 0 0 3 0 3 0 0 3 27 3 4 1 0 0
6013 1799 5334 4923 2262 1743 77 96 4 10 2 238 0 1 0 0 0 0 0 0 51 7 2 1 7 0 1 1 253 447 30 12 19 0 0 0 1 3 0 0 152 2 2 0 0 0 4 2 13 2 24 11 78 126 20 27 28 1 0 0 0 1 3 0 0 0 82 2 1 4 2 5 0 1 22 3 1 0 0 2 6 0 295 112 156 20 0 5 6 0 1 29 5 15 8 132 42 28 7 3 12 2 41 10 2 33 2 1 7 2 8 28 0 0 0 0 0 0 0 0 0 0 0 2 2 1 0 0 0 0 6 0 4 2 0 0 0 0 0 0 0 0 0 0 4 0 0 0 0 0 0 0 0 0 0 0 0 0 0 0 0 0 0 0 1 0 0 0 0 0 1 0 3 0 0 1 0 0 0 0 7 1 1 0 0 5 1 0 0 0 0 0 0 4 7 3 2 0 0 0
7093 5334 12356 7151 177 2324 237 9456 42 4539 35 17397 0 5 4 2 1 3 2 1 271 41 6 5 27 0 6 2 727 245 82 18 69 1 0 1 0 8 1 3 792 13 14 0 3 0 15 16 72 1 96 65 484 578 133 161 90 8 1 0 2 10 18 3 4 1 310 5 10 18 14 32 3 18 81 8 9 0 2 4 68 0 1609 610 940 121 12 15 33 3 5 164 63 55 60 177 275 148 31 29 87 12 321 95 19 305 14 12 35 45 90 198 0 0 0 0 0 0 0 2 0 0 0 6 6 0 0 0 0 0 35 0 29 30 0 2 0 0 2 1 0 0 0 1 22 0 0 0 0 0 0 0 2 3 0 1 0 1 0 1 4 4 2 2 1 0 0 1 0 0 3 0 0 0 0 1 0 1 2 0 94 2 2 0 0 23 0 0 0 1 5 0 0 12 75 7 18 1 0 0
4212 4923 7151 13638 6943 4565 105 203 30 40 14 3312 0 7 5 2 2 0 0 1 262 51 5 1 21 0 6 4 447 792 155 19 42 1 0 1 2 13 1 7 678 6 8 1 1 0 12 7 18 3 27 22 144 316 33 83 99 7 0 0 3 10 6 2 12 0 233 4 8 5 4 22 6 18 105 3 6 0 2 0 23 1 829 415 736 128 5 2 7 3 6 47 32 25 22 247 291 70 30 44 79 17 262 81 13 219 22 9 37 47 94 160 0 0 0 0 1 0 0 0 0 0 0 6 5 0 0 0 0 0 32 0 26 28 0 1 0 0 1 1 0 0 0 1 19 0 0 0 3 0 0 0 0 1 0 0 0 3 0 0 4 3 1 3 5 0 0 0 0 0 2 1 2 0 1 0 0 0 0 0 77 7 0 1 0 22 0 0 0 0 1 1 0 14 71 6 5 0 0 1
2200 2262 177 6943 15522 7712 271 109 8 30 15 666 1 36 72 3 19 3 2 6 175 100 5 7 14 3 19 24 2474 3007 6994 529 571 73 11 7 45 167 20 17 433 4 13 1 0 1 27 6 13 3 20 12 265 312 46 40 1007 234 4 8 9 7 40 8 81 1 323 13 24 6 4 144 87 11 799 6 7 1 24 0 15 0 653 300 458 115 12 3 9 2 4 32 20 10 25 3784 51 139 46 272 4 1 27 10 1 30 0 4 4 7 9 23 0 0 0 0 0 0 0 1 0 0 1 1 5 1 0 0 0 0 8 1 4 5 0 1 0 0 9 2 0 1 0 1 16 0 0 0 5 3 0 0 0 0 0 0 0 0 0 0 1 0 0 0 0 0 0 0 0 0 1 3 2 0 0 0 0 0 0 0 12 18 3 0 0 13 0 0 0 1 0 0 0 1 5 0 5 0 0 0
3574 1743 2324 4565 7712 16079 534 374 40 467 256 13371 0 37 54 5 14 1 7 10 528 227 17 4 40 2 14 21 1503 2097 1968 1739 1491 102 13 8 36 164 13 17 843 5 23 6 1 2 39 12 37 1 32 20 273 397 60 99 528 276 10 10 10 11 48 5 55 0 288 21 28 5 8 215 86 28 1188 2 31 0 28 2 27 3 1124 603 1288 254 17 8 18 4 9 70 28 33 36 10528 428 261 106 176 82 26 284 92 14 244 18 13 42 45 95 191 0 0 0 0 0 0 2 3 2 0 0 7 14 2 5 0 0 0 29 0 25 29 0 1 0 0 8 1 1 0 1 3 33 0 0 0 2 1 0 0 0 2 0 1 0 1 0 1 1 2 5 5 2 0 0 0 0 0 4 3 2 0 0 0 1 1 0 0 110 14 6 0 0 30 0 0 0 3 9 0 0 15 78 14 19 0 0 1
8286 77 237 105 271 534 6800 6038 575 1960 800 794 6 1 1 1 2 0 1 1 33 24 0 2 11 1 6 5 3601 1465 107 48 246 5 1 0 2 14 1 4 148 9 3 0 19 1 4 8 32 14 50 26 1627 615 343 43 17 19 0 1 0 10 8 4 13 2 22 4 2 7 4 254 6 16 166 7 231 3 19 10 25 8 923 120 99 20 6 15 22 9 7 90 31 36 36 448 1989 4108 9 15 7 3 14 4 1 24 0 0 2 6 5 13 0 0 0 0 0 0 0 0 0 0 0 0 1 0 0 0 0 0 4 0 0 4 0 0 0 0 2 0 0 0 0 1 5 0 0 0 0 0 0 0 0 0 0 0 1 0 0 0 0 0 0 0 0 0 0 0 0 0 0 0 0 0 0 0 1 0 3 0 7 3 2 0 0 2 0 0 0 0 2 1 1 0 0 1 1 0 0 0
10452 96 9456 203 109 374 6038 26511 285 26815 3676 5746 0 0 3 6 1 7 1 1 100 18 4 5 23 1 4 1 1675 948 65 20 204 1 1 1 1 9 1 10 1174 37 21 1 6 1 30 23 146 4 188 109 3167 1550 669 228 18 12 1 0 8 19 10 4 6 0 147 14 16 38 37 66 5 6 94 18 426 1 5 3 130 5 3438 672 560 66 7 32 46 8 12 371 160 125 134 307 307 2163 26 8 40 4 158 46 2 122 12 5 159 25 48 73 0 0 1 0 0 0 0 0 0 0 0 0 2 0 1 0 0 0 10 0 1 12 0 0 0 0 4 0 0 0 0 0 5 0 0 0 1 1 0 3 3 0 0 1 4 1 1 1 2 0 3 0 1 0 0 0 1 0 0 0 0 0 0 0 0 1 1 0 35 1 4 0 0 6 2 0 6 0 2 5 0 2 29 8 1 1 0 0
3 4 42 30 8 40 575 285 452 968 280 281 11 0 0 0 1 3 0 0 46 46 3 0 5 0 0 1 34 8 4 22 108 1 0 0 0 0 0 2 51 1 2 1 128 13 1 2 3 167 19 47 27 8 1 3 6 18 0 0 3 2 1 1 0 29 15 0 0 2 2 346 6 60 137 2 583 14 89 64 19 76 21 5 53 10 0 88 84 79 61 1 0 1 5 98 2736 1241 11 4 1 0 3 3 0 7 0 1 0 1 3 3 0 0 0 0 0 0 0 0 3 2 0 1 3 0 1 0 0 1 2 0 0 1 0 0 0 0 1 1 0 0 0 0 7 0 0 0 3 0 0 0 0 0 0 2 2 0 2 2 0 0 0 0 0 0 0 0 0 0 3 1 0 0 0 0 1 1 2 1 6 6 11 0 0 8 1 1 5 0 0 5 0 0 1 0 3 0 0 0
604 10 4539 40 30 467 1960 26815 968 15940 8620 30280 0 0 0 3 3 2 0 0 35 24 0 0 6 0 3 0 185 62 13 71 770 2 0 0 0 8 0 1 193 2 2 0 0 0 4 3 29 4 27 30 566 272 145 45 6 30 0 0 1 1 1 0 1 1 17 1 3 6 4 350 6 5 309 4 953 0 3 1 30 2 648 85 87 20 0 11 15 3 5 83 33 25 21 623 2137 879 13 4 46 5 194 40 7 142 13 8 200 31 61 93 0 0 0 0 0 0 1 0 0 0 0 5 1 0 1 0 0 0 12 0 3 9 0 0 0 0 0 0 0 0 0 0 7 0 0 0 0 0 0 0 0 0 0 1 0 1 0 0 0 3 5 2 0 0 0 1 0 0 1 1 0 0 0 0 0 0 0 0 43 2 1 0 0 9 0 0 1 0 1 1 0 2 40 8 4 0 0 0
16 2 35 14 15 256 800 3676 280 8620 7562 9832 0 0 3 0 0 0 0 0 34 20 1 0 2 0 0 0 48 17 9 190 1181 1 1 0 0 8 2 0 58 1 0 0 0 0 1 2 6 1 3 3 94 38 19 11 5 41 0 1 0 2 2 0 1 0 14 1 0 0 1 789 6 21 437 0 1126 0 5 0 2 2 115 25 60 8 0 3 6 2 1 7 6 1 2 646 1455 469 11 5 45 13 150 53 9 148 10 8 16 29 47 98 0 0 0 0 0 0 0 0 0 0 0 4 7 0 1 0 0 0 19 0 7 10 0 0 0 0 1 0 0 0 1 2 13 0 0 0 1 0 0 0 1 1 0 0 0 0 0 1 1 2 1 2 0 0 0 0 0 0 3 0 2 0 0 0 1 0 0 0 38 1 2 0 0 9 0 0 0 1 5 0 1 5 38 6 9 0 0 0
966 238 17397 3312 666 13371 794 5746 281 30280 9832 38012 1 14 33 3 12 1 6 5 522 331 17 10 47 1 13 7 476 351 329 252 3796 63 5 3 19 131 3 15 862 2 8 3 15 1 31 4 22 11 40 31 306 234 55 79 97 202 6 2 9 12 24 2 44 1 162 30 10 12 7 825 203 57 1207 10 808 18 67 9 19 2 932 416 1014 194 7 7 18 12 6 54 27 9 29 4557 1548 689 126 134 140 38 641 176 34 519 20 27 69 106 181 358 0 0 0 0 1 0 1 0 0 1 1 27 26 2 5 0 0 0 63 1 58 58 0 4 0 0 24 6 0 1 0 4 56 0 0 0 4 1 3 0 0 2 0 0 1 4 0 1 9 7 5 5 9 0 0 0 0 0 10 9 6 0 0 0 2 0 0 0 191 24 18 0 0 67 0 0 0 0 14 1 0 28 148 15 30 2 1 1
0 0 0 0 1 0 6 0 11 0 0 1 5849 3 38 43 134 1508 7600 138 0 5 2 33 2 3 21 21 2 0 0 0 12 3 1 1 27 267 40 10 26 3 43 4315 4657 3770 4 5 4 144 12 33 0 2 1 0 0 1 2 1 50 5 12 71 50 255 1 1 14 0 4 85 346 150 7 7 230 526 431 68 18 157 0 0 1 0 0 109 75 193 721 6 0 5 17 1 110 15 0 0 0 1 0 0 7 0 0 0 0 0 0 0 2 83 1132 3 0 78 9 685 73 761 23 0 2 1 2 12 2 112 1 0 0 6 0 5 10 1 36 72 194 9 187 2 5 8 171 50 71 2682 2 3 4 0 0 9 0 0 0 1 0 0 0 0 1 0 139 54 15 1387 0 0 5 3 11 116 2 5 593 63 3 5 155 2 11 3 2 4 11 0 1 27 9 2 0 0 1 0 0 1
10 1 5 7 36 37 1 0 0 0 0 14 3 7459 4326 1544 1813 205 125 627 41 31 249 185 12 25 3422 2127 358 30 125 18 39 308 10739 5406 1297 346 772 1757 598 55 180 4 4 24 805 8 30 1 6 1 26 46 5 1 94 802 2103 2004 70 16 240 125 656 1 366 2190 157 2 3 8 28 4 1649 8 1 0 4 0 3 0 29 45 14 10 7 1 8 3 15 21 3 5 98 119 1 0 0 88 0 0 0 0 0 2 0 4 0 0 0 1 1 1 9 2 2 2 14 7 22 7 18 14 11 1 6 0 0 3 4 0 0 10 2 11 0 1 28 39 5 4 3 1 26 1 1 1 31 16 3 0 0 0 0 0 0 0 0 0 0 1 0 0 0 0 3 0 0 2 6 3 0 0 0 2 1 0 2 1 9 41 9 1 0 28 0 0 1 0 3 1 1 0 1 1 4 0 1 0
8 0 4 5 72 54 1 3 0 0 3 33 38 4326 15423 9899 1571 1401 791 1902 59 59 620 556 23 103 5388 5518 372 45 232 30 48 241 4961 1029 435 353 2827 1805 1561 203 676 15 16 110 618 41 124 1 13 5 30 58 9 5 87 835 805 1014 296 52 677 340 1768 2 330 1913 542 11 8 18 36 14 1883 53 2 1 8 1 14 1 47 44 18 20 6 6 40 7 84 81 18 41 336 180 0 2 14 122 1 5 1 2 6 3 0 8 1 2 0 1 6 10 37 3 5 7 68 48 86 61 87 37 36 6 14 2 2 11 9 0 2 16 4 34 4 1 151 157 23 28 21 4 46 4 10 4 157 92 17 2 1 0 1 4 0 0 0 0 1 2 1 0 0 7 7 7 3 12 8 6 5 3 0 8 3 0 10 5 32 92 29 7 0 94 2 1 1 1 2 4 1 1 8 0 14 1 3 11
4 0 2 2 3 5 1 6 0 3 0 3 43 1544 9899 9561 535 2201 1573 2389 3 9 110 307 4 26 1483 9618 45 3 16 0 3 18 304 28 65 107 2324 110 709 181 665 12 19 108 47 135 221 4 59 13 4 7 11 10 7 53 41 36 374 120 830 315 1533 2 37 159 678 24 19 2 3 3 129 86 2 10 3 1 36 2 8 8 2 5 0 8 82 26 86 287 45 85 477 10 1 1 2 8 0 0 0 0 0 0 0 1 0 0 0 0 22 22 140 8 1 24 12 114 65 362 30 0 1 2 3 11 0 33 1 0 1 2 1 4 15 2 25 45 56 21 39 0 1 0 3 9 147 122 6 0 2 0 0 5 0 0 0 0 0 0 0 0 0 5 9 5 1 11 0 2 1 7 3 7 1 1 13 5 3 10 8 1 2 6 1 1 6 0 0 12 2 0 0 0 2 0 0 0
1 0 1 2 19 14 2 1 1 3 0 12 134 1813 1571 535 1589 691 2953 1711 50 55 96 76 16 24 283 91 56 6 46 15 23 83 613 313 643 842 116 760 178 15 81 315 96 116 322 4 15 11 1 6 7 22 0 0 15 190 301 610 66 8 96 66 147 8 41 330 82 1 1 10 25 38 513 10 4 17 26 4 2 8 19 27 18 9 5 10 11 15 126 8 2 5 48 63 4 1 12 40 0 4 0 0 1 2 0 24 1 0 4 4 11 6 57 6 5 10 118 60 205 148 165 58 51 4 17 8 2 19 8 5 4 22 6 49 9 4 226 284 20 83 18 3 58 2 9 4 345 145 44 0 0 1 0 5 0 0 1 0 0 4 1 0 1 15 14 5 1 35 11 8 11 15 2 11 1 0 15 5 38 158 83 11 1 194 2 2 4 0 8 1 0 3 16 8 34 3 1 16
4 0 3 0 3 1 0 7 3 2 0 1 1508 205 1401 2201 691 12022 4077 1249 6 20 98 815 11 24 1228 1502 23 2 11 1 8 10 76 5 125 405 10467 124 1041 158 1095 347 218 1733 41 86 161 6 36 8 4 10 8 9 6 27 31 27 4686 81 356 1767 3019 38 26 83 1410 12 12 15 45 21 92 185 20 161 26 1 18 1 11 9 6 6 1 13 63 28 412 167 22 45 302 10 6 0 5 4 0 2 0 0 2 2 0 1 0 0 0 2 38 484 1831 37 2 217 49 876 217 1487 125 0 4 1 1 89 3 629 5 0 6 10 6 34 32 2 110 202 1044 31 818 5 9 10 73 128 326 1468 11 3 4 1 3 6 1 3 1 0 0 2 0 0 4 16 79 162 10 154 0 1 11 24 8 154 2 0 159 14 7 15 64 7 5 10 1 2 2 0 0 15 9 6 0 0 1 0 0 0
0 0 2 0 2 7 1 1 0 0 0 6 7600 125 791 1573 2953 4077 35274 5877 36 49 72 154 21 26 401 149 18 4 10 13 14 10 137 6 293 3084 130 304 314 44 206 3716 1166 2103 86 22 38 140 17 9 2 8 1 2 4 25 34 21 199 21 128 229 275 60 22 57 94 4 8 19 89 549 97 57 30 1250 101 15 9 49 11 15 18 11 2 40 105 206 1113 44 3 16 107 28 6 3 12 9 1 13 0 1 10 2 0 47 0 5 3 2 309 455 2411 100 17 604 481 1770 1657 7616 883 92 109 23 44 84 15 393 21 5 3 79 22 183 264 40 816 1433 849 656 325 29 132 26 64 226 3180 1627 230 3 3 3 1 19 2 0 0 0 2 3 9 0 3 144 103 82 10 390 27 26 35 86 11 88 4 2 137 23 97 394 774 43 9 490 3 5 10 9 15 19 8 16 49 14 48 12 0 40
2 0 1 1 6 10 1 1 0 0 0 5 138 627 1902 2389 1711 1249 5877 5439 15 13 103 91 2 18 504 69 13 6 11 6 5 18 425 22 48 97 108 403 228 21 77 68 40 93 51 10 21 15 1 2 3 7 0 1 4 55 41 47 71 5 77 93 141 2 17 84 80 1 1 9 8 26 167 6 1 10 6 3 8 4 5 7 4 5 1 6 9 14 64 13 2 4 41 21 1 0 3 15 0 2 0 1 2 2 1 14 1 1 1 0 46 14 66 9 12 27 101 44 264 376 209 45 42 9 24 15 4 23 7 2 0 19 9 58 29 7 222 330 17 119 15 4 47 4 11 3 469 116 78 0 0 0 0 3 0 0 2 0 0 2 3 0 2 29 12 4 1 34 11 12 6 22 1 9 1 0 8 2 33 116 56 12 0 142 1 0 4 3 5 2 3 3 22 1 22 5 0 7
145 51 271 262 175 528 33 100 46 35 34 522 0 41 59 3 50 6 36 15 12310 9027 3746 114 543 138 82 8 240 125 255 150 651 84 12 5 129 472 5 848 1534 24 112 20 9 3 560 6 14 6 6 6 30 63 7 991 85 88 36 28 11 6 51 24 19 4 121 160 12 1 2 1018 328 126 348 4 159 3 268 6 0 6 358 101 3232 681 24 4 7 7 18 8 0 5 33 475 257 110 669 49 13 10 39 12 8 27 2 3 2 2 13 35 0 0 1 2 2 0 18 3 25 5 11 56 78 9 12 1 0 0 44 3 9 45 3 22 0 0 131 48 0 4 1 16 137 0 2 0 45 5 9 0 0 2 0 0 0 5 0 1 4 18 1 0 1 2 1 0 0 0 30 22 14 6 0 1 1 0 1 0 84 180 69 3 0 198 0 1 0 11 34 1 1 21 14 0 63 3 2 14
45 7 41 51 100 227 24 18 46 24 20 331 5 31 59 9 55 20 49 13 9027 24073 5293 453 5590 936 196 9 180 44 129 131 817 122 29 9 145 667 15 3694 1159 154 458 39 17 11 1222 16 70 13 9 11 89 191 20 57 67 89 45 25 34 15 132 78 36 12 293 213 23 7 3 1312 517 205 343 14 154 6 396 5 16 10 942 605 7615 2546 122 10 32 4 29 36 6 19 208 416 229 109 3886 34 10 12 21 9 7 25 4 7 2 2 12 23 1 1 3 1 1 2 42 6 48 10 48 79 121 7 25 0 0 1 46 2 8 56 4 30 0 0 255 87 0 7 0 27 159 2 3 0 104 7 9 0 0 2 2 1 1 5 2 0 10 20 1 3 2 2 6 1 3 2 37 39 23 3 0 9 3 0 4 0 97 295 106 16 0 252 3 0 1 7 32 2 1 12 13 0 67 10 2 17
3 2 6 5 5 17 0 4 3 0 1 17 2 249 620 110 96 98 72 103 3746 5293 13062 8164 659 5962 713 29 60 7 12 10 57 34 57 42 84 279 34 3543 9161 1640 1044 19 5 26 276 26 128 2 11 3 19 75 5 22 13 20 36 23 52 21 90 97 43 1 108 84 30 5 10 73 90 17 67 17 20 3 34 0 9 1 110 121 299 109 6 3 25 6 23 56 7 23 305 31 10 5 104 8 0 2 0 1 1 2 0 2 0 0 0 2 0 0 2 1 0 0 9 3 10 5 12 17 21 1 3 1 0 0 7 1 0 11 1 2 0 0 41 19 1 3 3 2 22 2 0 0 21 8 4 0 1 2 0 4 0 0 0 0 3 1 0 0 0 0 0 0 0 2 5 7 2 3 0 2 0 0 2 1 12 45 13 5 0 60 0 0 3 3 2 1 0 1 4 2 13 2 0 7
5 1 5 1 7 4 2 5 0 0 0 10 33 185 556 307 76 815 154 91 114 453 8164 19796 253 6924 6576 241 151 7 11 0 16 8 486 28 41 113 174 5569 4001 8101 3838 16 11 461 439 56 280 0 18 4 41 114 16 16 46 23 94 21 753 54 241 668 610 1 241 175 237 9 8 8 34 6 54 101 5 1 15 0 15 0 130 207 134 103 8 7 54 15 228 134 13 52 682 8 1 5 83 13 0 0 0 0 0 0 0 0 0 0 0 0 0 4 56 0 0 2 2 45 5 15 2 1 4 0 1 0 0 4 1 0 0 1 0 3 1 0 15 5 22 1 19 0 2 1 4 0 6 175 0 0 1 0 0 1 0 0 0 1 0 0 0 0 0 0 14 7 1 16 0 0 0 0 1 9 0 2 40 3 1 8 7 0 1 3 1 0 2 0 0 6 1 0 0 0 2 0 0 0
26 7 27 21 14 40 11 23 5 6 2 47 2 12 23 4 16 11 21 2 543 5590 659 253 10785 583 149 9 268 20 25 18 86 14 19 4 26 111 4 4990 500 98 316 9 3 8 3634 13 36 2 13 6 210 823 18 28 678 9 20 4 32 16 107 50 22 4 1985 237 17 6 6 83 92 42 321 7 13 0 44 1 10 1 1743 2795 2098 3915 2274 3 13 1 15 48 14 16 123 53 18 14 3364 1920 1 0 0 2 1 2 0 0 1 2 0 3 0 0 0 0 0 0 2 1 3 0 4 17 13 7 5 0 0 0 5 0 0 12 0 1 0 0 49 7 0 0 2 2 34 0 0 0 12 4 3 0 0 0 0 2 0 0 0 0 3 4 0 0 0 0 1 0 0 0 6 9 2 2 0 0 0 0 3 0 16 67 32 1 0 26 0 1 0 2 4 2 0 0 3 1 12 2 0 1
1 0 0 0 3 2 1 1 0 0 0 1 3 25 103 26 24 24 26 18 138 936 5962 6924 583 8454 1462 11 28 0 0 1 3 1 30 3 8 35 9 6982 985 343 573 0 1 15 52 10 22 1 1 0 6 21 4 4 3 0 10 1 28 4 41 54 30 0 40 12 8 6 3 8 25 3 8 2 2 0 4 0 3 0 56 79 75 41 1 1 8 1 7 14 4 7 132 2 1 0 34 2 0 0 0 0 0 1 0 0 0 0 0 0 0 0 1 0 0 0 2 0 1 0 2 1 0 0 0 0 0 0 1 0 0 0 0 1 1 0 6 6 1 0 1 1 4 2 0 0 1 3 2 0 0 0 0 0 0 1 0 1 0 0 0 0 1 0 0 1 0 0 0 1 0 0 0 0 0 0 2 0 3 5 9 0 0 3 0 0 0 0 0 1 1 0 0 0 2 0 0 2
5 1 6 6 19 14 6 4 0 3 0 13 21 3422 5388 1483 283 1228 401 504 82 196 713 6576 149 1462 32906 4128 708 29 111 2 12 56 5923 245 157 198 439 5558 1361 317 2218 17 1 139 1398 22 109 0 16 1 92 261 12 14 159 134 616 189 206 32 434 1674 2350 1 939 1483 151 5 4 13 71 14 505 20 3 0 14 0 12 0 201 316 126 121 18 2 27 10 64 83 11 20 278 45 4 4 63 86 0 0 1 0 0 1 0 0 0 0 0 0 1 9 66 0 0 9 3 116 9 44 7 2 3 1 0 3 0 15 1 0 0 2 0 4 0 0 15 11 28 1 27 1 8 0 5 3 9 203 0 1 0 0 1 1 0 0 0 0 0 1 0 0 0 1 10 3 0 17 1 1 0 2 0 4 0 0 10 1 4 19 9 2 0 14 0 0 1 0 1 4 0 0 0 0 1 1 0 0
1 1 2 4 24 21 5 1 1 0 0 7 21 2127 5518 9618 91 1502 149 69 8 9 29 241 9 11 4128 14036 322 18 97 6 11 113 685 86 132 120 5088 211 145 12 158 10 4 107 358 3 10 0 3 0 18 40 1 0 71 290 380 289 346 9 124 493 1535 2 325 1346 329 3 0 8 11 4 863 14 2 2 3 1 3 0 28 26 8 5 3 2 3 2 19 11 0 2 27 43 1 1 8 65 0 0 0 1 0 0 0 1 0 0 0 0 4 60 317 5 0 48 7 459 28 285 15 2 1 0 0 7 0 78 1 0 1 2 0 7 5 0 14 30 168 2 140 0 4 2 10 14 14 582 2 1 0 0 0 0 0 0 0 0 0 0 0 0 0 0 28 13 0 37 1 1 2 2 2 30 0 0 9 0 0 4 18 2 0 2 0 0 0 0 0 0 0 1 0 0 0 0 0 0
6772 253 727 447 2474 1503 3601 1675 34 185 48 476 2 358 372 45 56 23 18 13 240 180 60 151 268 28 708 322 31312 6940 5047 207 401 57 214 44 99 252 73 296 511 42 227 14 3 10 1027 32 87 3 87 43 5152 16252 563 75 2560 122 103 37 51 56 451 206 360 2 2372 1224 189 15 20 320 125 44 4656 35 50 0 70 2 55 3 2169 2668 514 145 1633 12 29 9 21 162 67 56 183 1904 154 2942 247 1868 72 31 218 90 26 216 10 9 24 40 75 169 1 0 1 0 0 0 1 4 0 1 0 34 43 1 7 0 0 0 81 1 45 46 0 6 0 0 27 2 0 1 0 6 94 0 2 0 10 7 2 0 2 4 0 0 0 8 0 0 9 7 3 1 6 0 0 2 0 1 18 6 7 1 0 0 1 0 5 2 100 53 23 2 0 89 0 2 5 4 19 3 0 36 40 3 54 3 0 7
7102 447 245 792 3007 2097 1465 948 8 62 17 351 0 30 45 3 6 2 4 6 125 44 7 7 20 0 29 18 6940 12414 4957 92 149 28 12 8 8 50 10 12 590 9 23 1 0 1 18 12 42 1 41 37 783 807 131 77 4375 57 1 4 6 8 41 8 57 0 925 10 28 8 9 66 37 10 613 7 3 0 9 2 29 0 1242 493 458 78 57 11 13 4 7 111 44 35 49 1455 20 333 29 361 1 0 17 5 3 22 0 1 3 1 6 10 0 0 0 0 0 0 1 1 0 1 0 4 6 0 1 0 0 0 5 0 2 5 0 1 0 0 3 2 0 0 0 0 16 0 0 0 2 0 0 0 0 0 0 0 0 0 1 0 2 1 0 0 0 0 1 0 0 0 0 0 0 0 0 0 0 0 3 0 11 8 2 0 0 7 0 0 2 0 2 0 0 1 5 0 4 1 0 1
306 30 82 155 6994 1968 107 65 4 13 9 329 0 125 232 16 46 11 10 11 255 129 12 11 25 0 111 97 5047 4957 9849 353 584 120 47 23 60 285 64 35 686 10 36 3 1 3 64 20 43 2 29 22 406 802 67 87 5081 241 21 21 25 28 164 30 253 0 2299 75 101 9 6 188 130 27 2615 16 7 2 39 5 20 0 1333 904 787 196 278 5 17 3 9 64 39 21 69 3596 38 94 110 4285 5 2 27 6 3 28 0 0 4 4 3 12 0 0 1 0 0 0 1 1 1 0 0 11 10 0 3 0 0 0 8 0 3 7 0 1 0 0 26 3 0 0 2 1 23 0 0 0 3 2 1 0 2 0 0 0 1 0 0 0 2 0 0 0 0 0 1 1 1 0 4 4 0 0 0 0 1 0 0 0 15 28 5 1 0 21 0 0 2 0 1 1 0 3 5 0 10 2 0 0
54 12 18 19 529 1739 48 20 22 71 190 252 0 18 30 0 15 1 13 6 150 131 10 0 18 1 2 6 207 92 353 8128 5327 1653 5 3 95 778 6 8 135 3 3 2 0 3 12 2 1 2 3 1 17 39 4 11 38 5660 5 70 5 3 9 4 34 0 41 65 18 1 0 537 329 7 4975 1 6 0 40 0 2 0 94 32 221 49 3 0 3 1 1 4 5 2 5 10326 142 63 53 231 10 3 37 9 5 29 2 0 5 12 16 31 0 0 0 0 0 0 1 1 0 0 1 2 6 1 2 0 0 0 7 0 4 8 0 0 0 0 5 4 0 0 0 1 11 0 0 0 0 1 0 0 0 0 0 0 0 0 0 1 2 0 0 0 1 0 0 0 0 0 2 2 2 0 0 0 0 0 0 0 12 11 7 1 0 8 0 0 0 1 0 0 0 2 7 0 8 0 0 2
95 19 69 42 571 1491 246 204 108 770 1181 3796 12 39 48 3 23 8 14 5 651 817 57 16 86 3 12 11 401 149 584 5327 8937 1630 14 1 69 1882 21 85 496 4 12 49 65 6 106 4 7 22 12 6 69 65 7 31 87 3497 34 38 7 3 30 7 50 2 137 288 22 2 3 4022 1318 112 9253 2 54 52 395 9 8 19 263 129 636 161 10 14 11 12 11 17 8 8 13 4854 759 280 182 387 58 19 207 49 19 165 7 7 21 29 63 134 0 0 0 0 0 1 5 1 8 8 6 74 81 4 12 1 1 0 62 1 16 56 2 17 0 1 76 17 0 6 1 11 161 1 2 0 37 2 10 0 0 6 0 1 2 5 1 0 11 18 2 4 5 0 1 1 0 2 33 36 15 1 0 3 2 1 0 1 107 189 54 12 0 163 0 0 2 17 32 0 2 15 40 3 98 5 2 5
5 0 1 1 73 102 5 1 1 2 1 63 3 308 241 18 83 10 10 18 84 122 34 8 14 1 56 113 57 28 120 1653 1630 3598 148 105 687 1096 47 64 143 3 17 6 5 5 133 4 2 1 0 1 7 11 7 1 32 2872 501 1042 20 3 41 16 129 0 56 1383 37 0 1 60 42 23 3662 3 0 2 14 0 0 1 20 24 59 13 2 2 3 2 5 2 0 1 6 491 2 0 8 90 2 2 0 2 2 2 0 0 0 0 0 0 0 1 4 1 0 2 3 1 7 5 6 33 32 7 5 0 0 0 7 1 0 26 0 7 1 1 44 11 0 0 3 8 46 1 1 0 13 8 2 0 0 2 1 0 1 0 0 0 1 6 0 1 0 0 1 0 0 2 8 8 3 0 0 0 1 0 2 0 18 72 22 2 0 41 1 0 1 4 3 0 0 4 2 0 27 0 0 3
2 0 0 0 11 13 1 1 0 0 1 5 1 10739 4961 304 613 76 137 425 12 29 57 486 19 30 5923 685 214 12 47 5 14 148 9309 7083 724 287 143 3022 182 38 294 8 1 33 655 8 15 2 2 0 23 63 3 2 58 338 1985 1541 59 14 212 292 337 0 271 1082 76 0 0 8 42 4 357 7 0 0 5 2 0 0 40 49 18 16 5 3 10 1 11 7 2 6 78 20 0 1 12 29 0 0 0 0 0 0 0 0 0 0 0 0 0 0 6 0 0 0 3 1 2 1 1 0 3 0 2 0 0 0 1 0 0 2 0 1 0 0 9 4 1 0 3 0 8 0 0 0 3 16 0 0 0 0 0 0 0 0 0 0 0 1 0 0 0 0 2 0 0 2 0 0 2 0 0 1 0 0 1 1 2 8 5 0 0 0 0 0 1 1 0 0 0 0 2 0 0 0 0 0
0 0 1 1 7 8 0 1 0 0 0 3 1 5406 1029 28 313 5 6 22 5 9 42 28 4 3 245 86 44 8 23 3 1 105 7083 4451 888 66 29 702 108 9 33 1 0 7 251 0 7 0 0 0 2 6 0 0 17 279 2307 1220 12 1 19 29 68 0 43 548 20 0 0 3 7 1 289 1 1 0 1 0 0 0 4 5 2 2 1 0 0 1 4 1 2 0 6 12 0 1 2 10 0 0 0 0 0 0 0 0 0 0 0 0 0 0 1 0 0 0 0 2 1 0 0 0 1 0 0 0 0 0 1 0 0 1 0 0 0 0 4 3 0 0 0 0 1 0 0 0 1 1 0 0 0 0 0 0 0 0 0 0 0 0 0 0 0 0 0 0 0 0 0 0 0 0 0 0 0 0 0 0 0 2 2 0 0 0 0 0 0 0 0 0 0 0 0 0 0 1 0 0
4 1 0 2 45 36 2 1 0 0 0 19 27 1297 435 65 643 125 293 48 129 145 84 41 26 8 157 132 99 8 60 95 69 687 724 888 2562 1778 121 616 161 5 51 343 34 41 594 9 8 7 2 2 11 27 2 0 40 599 862 1357 49 10 68 39 175 3 104 834 99 0 2 9 33 28 1028 12 2 13 23 0 1 5 42 31 38 16 8 4 7 12 45 8 3 3 27 156 2 1 22 51 0 0 0 2 2 0 0 6 0 0 0 1 4 2 13 1 2 1 37 12 70 39 47 36 28 4 4 0 1 4 8 2 0 15 3 22 2 0 98 100 2 19 14 2 45 1 5 0 91 43 10 0 0 1 0 1 0 0 0 0 2 4 0 0 1 2 6 0 0 8 7 13 4 2 0 2 0 1 7 2 21 113 57 1 0 76 0 0 0 1 6 1 1 0 3 3 18 3 0 9
16 3 8 13 167 164 14 9 0 8 8 131 267 346 353 107 842 405 3084 97 472 667 279 113 111 35 198 120 252 50 285 778 1882 1096 287 66 1778 3356 186 895 522 22 127 2118 416 232 883 6 18 113 14 27 36 103 5 15 95 1085 408 189 149 17 103 94 356 30 211 1057 159 2 5 196 162 197 3375 30 13 191 116 35 9 70 171 132 236 97 15 50 47 66 362 14 7 6 59 848 10 15 96 155 3 9 6 3 5 11 1 28 1 2 4 2 13 14 90 10 18 19 198 68 335 298 264 187 192 33 53 6 1 14 59 2 10 116 6 103 13 2 633 514 25 76 24 21 279 7 19 5 518 199 62 0 0 2 0 10 4 3 0 1 11 27 4 4 2 7 12 9 2 46 69 57 37 31 2 21 4 0 32 2 178 626 399 34 3 508 1 1 6 25 42 7 2 11 28 8 146 16 2 31
3 0 1 1 20 13 1 1 0 0 2 3 40 772 2827 2324 116 10467 130 108 5 15 34 174 4 9 439 5088 73 10 64 6 21 47 143 29 121 186 25410 110 328 77 343 18 6 772 79 30 35 0 3 2 6 12 3 2 27 143 108 171 9273 24 180 619 7350 2 81 453 4447 4 4 9 25 7 508 146 0 0 5 0 1 0 9 9 3 9 0 4 21 3 287 28 7 8 121 50 2 1 2 28 0 1 0 0 4 1 0 0 0 0 1 0 1 79 312 9 0 33 10 384 22 197 23 2 3 1 0 22 0 98 0 1 1 3 1 6 1 0 17 22 160 2 176 2 5 2 25 11 30 765 0 1 2 0 1 1 0 0 0 0 0 0 0 0 1 2 46 41 5 70 0 1 2 5 0 41 1 0 74 7 1 9 7 1 0 4 0 0 1 0 0 4 5 2 1 0 0 0 0 0
8 0 3 7 17 17 4 10 2 1 0 15 10 1757 1805 110 760 124 304 403 848 3694 3543 5569 4990 6982 5558 211 296 12 35 8 85 64 3022 702 616 895 110 13604 2000 571 2337 62 7 96 3306 35 97 3 14 7 104 365 9 25 110 70 452 172 169 55 607 755 323 4 594 391 150 14 7 54 278 45 190 38 10 5 62 0 12 4 556 781 619 445 35 3 41 12 90 51 18 40 697 50 6 3 356 32 1 0 2 0 0 1 1 3 0 0 1 0 0 0 8 1 0 0 19 11 17 4 16 13 21 7 2 0 0 3 5 0 1 10 1 8 0 0 95 32 2 5 4 4 36 1 1 0 43 39 0 0 2 1 0 1 0 0 0 0 2 1 0 0 0 0 1 4 1 2 5 4 2 4 2 3 1 0 10 1 11 61 56 2 0 46 0 1 3 3 3 6 1 1 0 1 17 1 1 4
1065 152 792 678 433 843 148 1174 51 193 58 862 26 598 1561 709 178 1041 314 228 1534 1159 9161 4001 500 985 1361 145 511 590 686 135 496 143 182 108 161 522 328 2000 5789 6115 2081 44 59 348 619 477 2194 50 451 200 115 142 1262 1713 266 143 89 60 750 389 404 268 312 10 233 349 520 164 194 660 241 101 605 500 152 6 191 16 396 10 1207 200 900 129 49 208 731 181 640 1337 381 522 1509 702 236 166 107 92 27 25 68 31 19 61 3 11 6 8 27 58 1 6 39 2 2 6 20 34 20 15 23 75 93 7 20 1 0 17 80 0 18 53 1 16 1 0 120 49 12 10 16 14 130 2 10 0 56 131 11 11 15 7 3 39 8 11 7 6 20 13 1 3 5 0 13 14 12 14 34 38 36 7 15 20 9 17 86 19 116 226 69 17 7 269 10 15 61 6 45 69 17 18 20 1 127 10 1 24
15 2 13 6 4 5 9 37 1 2 1 2 3 55 203 181 15 158 44 21 24 154 1640 8101 98 343 317 12 42 9 10 3 4 3 38 9 5 22 77 571 6115 9020 4250 6 28 179 89 112 1828 7 29 1 10 26 68 42 8 3 7 3 447 91 117 42 140 0 31 37 280 26 28 1 3 2 35 262 0 1 4 0 35 5 65 44 38 27 4 25 160 44 436 545 47 132 1116 6 3 7 24 3 0 0 0 0 1 2 0 0 0 0 0 0 0 1 10 0 0 1 0 3 0 1 1 1 0 0 1 0 0 0 0 0 1 1 0 0 0 0 6 0 1 0 2 0 3 1 11 1 1 37 0 1 5 0 0 8 1 0 1 1 0 0 0 0 0 1 5 3 1 4 0 1 0 0 3 7 0 0 47 9 0 4 2 1 5 1 1 1 16 0 0 17 2 1 0 0 0 0 0 0
18 2 14 8 13 23 3 21 2 2 0 8 43 180 676 665 81 1095 206 77 112 458 1044 3838 316 573 2218 158 227 23 36 3 12 17 294 33 51 127 343 2337 2081 4250 11451 26 135 1088 539 406 1283 11 65 7 69 161 39 42 73 21 108 32 2950 293 1735 6940 1444 2 386 320 2171 44 50 23 43 11 177 1399 7 2 10 2 63 3 233 285 196 164 13 39 302 188 2203 402 85 202 7400 21 3 9 101 37 0 0 0 0 1 0 0 0 0 0 0 0 0 2 63 0 1 4 1 39 7 13 3 3 6 0 0 1 0 7 0 0 1 4 0 2 1 0 12 5 9 0 25 0 4 7 38 2 4 242 1 5 14 0 0 28 0 0 2 0 0 0 0 0 0 0 30 14 6 27 0 0 0 5 8 27 1 4 212 46 5 14 14 2 13 7 2 3 20 1 1 58 7 3 0 0 4 0 0 1
0 0 0 1 1 6 0 1 1 0 0 3 4315 4 15 12 315 347 3716 68 20 39 19 16 9 0 17 10 14 1 3 2 49 6 8 1 343 2118 18 62 44 6 26 12042 2846 1095 33 16 7 872 74 204 2 4 0 0 2 6 12 1 66 11 21 26 36 208 11 22 30 5 20 93 2052 515 23 24 102 2634 1684 298 103 722 7 7 10 9 2 592 270 429 1075 7 1 3 32 10 13 1 4 5 2 4 0 0 1 0 1 28 0 1 4 2 40 41 343 18 7 142 224 356 518 1807 353 58 52 24 18 12 2 39 13 2 1 44 7 68 47 10 464 498 53 164 35 12 102 2 26 29 906 307 69 7 1 2 2 14 8 3 7 11 1 4 1 1 1 27 20 10 1 105 13 15 10 28 5 29 7 4 67 18 52 241 600 10 4 285 5 6 29 4 8 19 4 5 34 1 36 8 2 12
6 0 3 1 0 1 19 6 128 0 0 15 4657 4 16 19 96 218 1166 40 9 17 5 11 3 1 1 4 3 0 1 0 65 5 1 0 34 416 6 7 59 28 135 2846 9744 1309 7 52 61 5216 49 171 7 3 4 2 3 3 2 0 78 60 106 42 38 1123 2 13 35 17 61 469 998 192 9 38 1552 456 1871 265 143 704 7 2 8 2 1 584 971 4194 2673 28 6 21 226 4 815 145 4 1 0 2 0 0 3 1 0 0 0 0 1 0 1 9 240 1 0 7 5 66 23 61 8 0 4 1 2 5 0 11 2 0 3 6 1 4 1 1 33 23 12 4 48 0 8 63 767 18 59 1383 5 30 68 2 4 412 6 1 5 15 0 0 0 0 2 2 234 146 71 975 2 1 12 9 86 247 16 25 2747 561 7 22 35 6 146 42 14 114 176 1 0 681 65 5 11 1 2 0 0 2
1 0 0 0 1 2 1 1 13 0 0 1 3770 24 110 108 116 1733 2103 93 3 11 26 461 8 15 139 107 10 1 3 3 6 5 33 7 41 232 772 96 348 179 1088 1095 1309 2430 36 35 43 25 1 1 5 8 6 4 9 11 21 10 640 35 245 1785 1073 160 19 27 175 5 10 51 101 22 38 58 109 102 151 3 10 5 13 10 3 2 0 15 86 153 1966 20 3 21 284 6 55 15 5 8 1 9 0 0 22 5 0 0 0 0 0 5 13 131 1961 9 1 42 19 540 99 288 34 1 2 2 1 64 1 378 6 2 13 5 1 16 15 0 65 86 304 4 830 1 3 41 382 72 129 4664 10 6 12 1 1 22 0 0 1 0 0 1 0 1 5 4 403 322 32 780 4 2 36 21 32 446 3 2 1064 116 6 8 30 14 23 13 5 3 12 0 1 58 36 26 1 1 0 1 0 1
23 4 15 12 27 39 4 30 1 4 1 31 4 805 618 47 322 41 86 51 560 1222 276 439 3634 52 1398 358 1027 18 64 12 106 133 655 251 594 883 79 3306 619 89 539 33 7 36 11586 37 50 3 27 17 401 1475 35 58 1171 114 972 313 74 51 567 405 373 4 3425 2161 152 9 9 108 359 82 301 34 26 4 86 5 20 3 1366 2731 1028 1954 445 12 31 8 37 70 30 34 288 76 6 5 1055 550 1 0 1 0 0 0 0 2 0 0 0 0 0 0 5 0 0 2 12 1 3 3 4 25 20 4 4 0 1 1 10 0 0 39 1 5 0 0 101 16 0 2 3 2 63 0 1 0 33 19 5 0 1 1 0 2 0 0 0 0 0 2 0 0 0 0 1 0 0 1 8 8 6 2 0 2 2 1 4 1 22 109 64 3 0 70 0 1 3 6 5 3 0 2 2 0 30 2 1 8
19 2 16 7 6 12 8 23 2 3 2 4 5 8 41 135 4 86 22 10 6 16 26 56 13 10 22 3 32 12 20 2 4 4 8 0 9 6 30 35 477 112 406 16 52 35 37 14234 530 59 17 19 7 7 65 33 10 9 20 1 577 9072 5809 146 878 3 39 82 3146 1462 3337 1 5 10 91 4538 16 2 11 6 880 45 46 18 10 8 1 994 6113 266 1205 231 87 679 2994 14 12 18 7 10 0 1 0 0 3 2 0 0 0 0 0 0 0 0 6 2 1 2 0 1 1 2 0 0 0 2 0 4 0 0 3 0 0 0 0 0 1 0 0 3 0 2 5 0 2 23 99 3 6 33 3 129 316 2 2 266 2 1 7 29 0 0 0 0 1 0 11 41 76 15 0 2 2 2 143 45 66 106 320 71 3 5 5 1 71 4 41 95 507 0 0 593 160 3 2 0 1 0 0 2
109 13 72 18 13 37 32 146 3 29 6 22 4 30 124 221 15 161 38 21 14 70 128 280 36 22 109 10 87 42 43 1 7 2 15 7 8 18 35 97 2194 1828 1283 7 61 43 50 530 8420 47 546 66 33 26 244 145 12 8 6 3 193 468 236 32 85 1 37 38 257 194 228 9 4 3 39 373 2 0 8 4 410 10 203 32 32 17 8 186 798 198 364 7211 768 2636 7951 12 7 47 17 11 0 1 2 1 1 0 0 0 1 0 0 1 0 0 2 0 0 3 0 1 0 1 0 3 0 0 0 0 0 0 1 0 0 2 0 0 0 0 0 0 0 2 2 0 4 3 18 0 2 20 1 18 32 0 1 26 1 0 3 9 0 0 0 0 0 0 1 4 4 5 0 1 1 0 15 6 12 16 55 15 2 4 1 0 7 2 5 6 78 0 0 81 14 1 1 0 1 0 0 1
3 2 1 3 3 1 14 4 167 4 1 11 144 1 1 4 11 6 140 15 6 13 2 0 2 1 0 0 3 1 2 2 22 1 2 0 7 113 0 3 50 7 11 872 5216 25 3 59 47 9076 573 2328 3 2 4 2 0 1 1 1 5 45 28 7 6 707 6 18 8 31 86 362 465 733 15 20 1960 818 1453 2697 593 5896 10 7 9 4 0 4193 2612 5730 531 34 14 45 151 8 1147 155 3 2 0 1 0 0 3 0 0 2 0 0 1 1 4 2 22 3 0 9 3 9 10 62 4 0 1 1 1 4 0 2 3 0 0 2 0 1 4 0 17 4 6 6 5 1 7 28 276 9 41 82 3 71 271 2 6 873 50 5 45 77 0 0 0 0 0 1 19 42 66 140 1 0 1 3 163 42 55 65 1066 159 1 13 13 5 92 18 89 319 741 0 1 1178 146 3 5 0 1 0 0 2
146 24 96 27 20 32 50 188 19 27 3 40 12 6 13 59 1 36 17 1 6 9 11 18 13 1 16 3 87 41 29 3 12 0 2 0 2 14 3 14 451 29 65 74 49 1 27 17 546 573 9624 16277 51 9 253 89 16 4 1 1 11 22 17 4 8 168 13 15 14 349 38 46 40 222 23 11 224 94 125 1196 2290 379 159 15 15 8 8 188 34 4 14 8894 9710 845 306 14 153 53 7 4 1 1 0 1 0 1 0 2 0 0 0 1 0 1 1 0 0 0 0 3 0 1 3 0 3 2 0 0 0 0 3 1 0 2 0 0 0 0 5 0 0 0 0 1 4 0 3 0 1 0 0 8 15 1 0 7 418 27 327 273 0 0 0 0 0 0 0 0 1 5 0 0 0 0 5 1 69 50 2 1 3 7 7 0 0 11 52 19 180 0 0 19 8 0 6 0 2 1 0 0
92 11 65 22 12 20 26 109 47 30 3 31 33 1 5 13 6 8 9 2 6 11 3 4 6 0 1 0 43 37 22 1 6 1 0 0 2 27 2 7 200 1 7 204 171 1 17 19 66 2328 16277 16659 18 3 79 22 9 0 0 0 2 57 15 0 3 488 8 5 8 359 150 107 118 534 11 7 555 275 400 13814 3405 2669 58 8 7 8 8 620 71 12 11 1964 4229 310 125 11 352 79 3 1 1 1 2 1 1 1 1 25 0 1 4 0 0 1 4 0 0 3 0 4 4 24 1 4 4 0 0 0 0 1 1 0 0 1 0 2 1 0 11 2 1 2 0 11 9 6 60 3 48 2 0 42 25 10 1 114 3734 353 4444 2493 8 0 0 0 0 0 0 5 3 139 3 0 0 0 4 2 642 417 17 3 13 31 139 0 0 232 996 516 2053 0 5 84 57 2 119 7 1 0 0 1
1427 78 484 144 265 273 1627 3167 27 566 94 306 0 26 30 4 7 4 2 3 30 89 19 41 210 6 92 18 5152 783 406 17 69 7 23 2 11 36 6 104 115 10 69 2 7 5 401 7 33 3 51 18 10000 6074 12583 31 190 16 14 3 7 15 51 31 33 2 469 238 26 11 3 61 23 17 376 1 39 0 17 3 27 4 5709 835 105 121 258 10 12 3 6 95 40 22 69 199 72 8292 114 141 5 2 9 7 1 8 0 0 2 3 4 8 0 0 0 0 0 0 0 0 0 0 1 11 13 1 2 0 0 0 10 1 3 10 0 2 0 0 23 4 1 1 0 1 17 2 0 0 5 0 0 0 1 1 0 0 0 0 0 1 1 1 0 0 0 0 0 0 0 0 4 4 1 0 0 0 1 1 2 0 14 28 13 0 0 17 0 1 1 0 2 0 0 3 1 1 11 2 0 1
1452 126 578 316 312 397 615 1550 8 272 38 234 2 46 58 7 22 10 8 7 63 191 75 114 823 21 261 40 16252 807 802 39 65 11 63 6 27 103 12 365 142 26 161 4 3 8 1475 7 26 2 9 3 6074 9388 361 10 628 32 47 8 14 12 167 119 70 0 2318 885 33 1 0 72 74 37 927 11 21 0 30 0 4 2 1829 8133 128 246 974 2 13 2 11 16 3 14 86 289 30 2449 382 463 9 5 17 1 1 16 1 3 1 4 11 13 0 0 0 0 1 0 1 0 0 0 3 9 17 3 1 0 0 0 11 0 2 4 0 2 0 0 19 2 0 0 0 1 32 0 0 0 8 2 0 0 1 0 0 0 0 0 0 0 1 2 0 1 0 0 0 1 1 0 4 6 2 0 0 1 0 0 1 0 28 47 26 2 0 32 0 0 0 1 2 0 0 5 2 0 12 4 0 1
284 20 133 33 46 60 343 669 1 145 19 55 1 5 9 11 0 8 1 0 7 20 5 16 18 4 12 1 563 131 67 4 7 7 3 0 2 5 3 9 1262 68 39 0 4 6 35 65 244 4 253 79 12583 361 20229 375 22 2 2 3 16 49 20 6 14 0 42 27 17 38 54 15 2 9 40 32 10 2 7 8 139 5 6662 44 19 7 17 43 98 17 38 697 158 148 203 43 7 1902 8 11 0 0 3 0 0 2 1 0 0 1 1 1 0 0 0 0 0 0 0 0 0 0 0 6 7 0 0 0 0 0 1 0 0 0 0 0 0 0 8 2 0 0 0 1 10 0 0 0 0 0 0 3 2 0 0 6 1 0 2 3 0 1 0 0 0 0 0 1 1 0 1 1 0 0 1 1 2 4 9 0 2 11 2 0 0 4 1 2 13 0 1 3 1 1 1 0 2 0 0 0
216 27 161 83 40 99 43 228 3 45 11 79 0 1 5 10 0 9 2 1 991 57 22 16 28 4 14 0 75 77 87 11 31 1 2 0 0 15 2 25 1713 42 42 0 2 4 58 33 145 2 89 22 31 10 375 1491 31 11 2 1 8 28 25 4 8 0 16 19 16 18 22 30 7 11 34 27 3 0 5 4 45 1 3032 8 1763 18 9 24 66 11 26 289 53 69 98 63 12 41 17 10 1 0 2 1 1 4 0 0 0 1 1 6 0 0 2 0 0 0 0 1 2 0 0 4 4 0 0 0 0 0 4 0 0 4 0 3 0 0 6 1 0 0 1 0 8 0 2 0 1 2 1 1 3 0 0 1 0 0 0 1 0 3 0 0 0 0 0 1 2 0 0 2 0 0 1 0 0 3 3 0 7 13 5 1 1 9 1 1 7 1 1 7 0 1 2 0 10 2 0 0
72 28 90 99 1007 528 17 18 6 6 5 97 0 94 87 7 15 6 4 4 85 67 13 46 678 3 159 71 2560 4375 5081 38 87 32 58 17 40 95 27 110 266 8 73 2 3 9 1171 10 12 0 16 9 190 628 22 31 6433 45 39 14 18 20 135 69 119 0 7725 1239 49 3 7 57 39 14 3190 7 3 0 17 0 9 0 485 968 345 1473 2290 1 8 1 16 38 12 14 61 795 18 21 2538 2830 5 1 17 4 0 14 0 1 2 2 9 16 0 0 1 0 0 0 0 3 0 0 1 9 2 0 1 0 0 0 6 0 2 7 0 2 0 0 12 0 0 0 0 1 12 0 0 0 4 4 0 0 0 0 0 0 0 1 1 0 1 0 0 1 1 0 0 0 0 1 2 2 0 0 0 1 0 0 0 0 10 18 7 0 0 16 0 0 0 0 2 1 0 1 5 0 4 0 0 0
20 1 8 7 234 276 19 12 18 30 41 202 1 802 835 53 190 27 25 55 88 89 20 23 9 0 134 290 122 57 241 5660 3497 2872 338 279 599 1085 143 70 143 3 21 6 3 11 114 9 8 1 4 0 16 32 2 11 45 11086 1019 3322 43 17 149 41 521 0 83 3875 160 2 1 584 428 16 11912 19 5 2 67 0 1 1 67 38 111 25 9 0 7 2 9 6 3 3 36 4233 99 20 26 163 5 4 20 8 2 21 2 0 1 4 8 20 0 1 6 0 0 0 0 1 1 1 2 15 6 4 0 0 0 0 8 0 2 6 0 1 0 0 14 6 3 0 2 0 21 0 1 0 5 9 0 1 0 1 0 1 0 0 0 0 2 0 0 0 0 0 0 0 0 1 5 0 2 0 0 1 1 0 0 0 13 23 2 0 0 8 0 0 1 2 3 0 0 0 8 0 6 0 0 0
2 0 1 0 4 10 0 1 0 0 0 6 2 2103 805 41 301 31 34 41 36 45 36 94 20 10 616 380 103 1 21 5 34 501 1985 2307 862 408 108 452 89 7 108 12 2 21 972 20 6 1 1 0 14 47 2 2 39 1019 2043 4378 52 28 337 174 442 0 171 1201 123 3 4 17 80 19 460 12 1 0 15 0 0 1 32 45 26 25 4 2 15 4 8 4 1 9 73 19 2 3 3 33 0 0 0 0 0 0 0 0 0 0 0 0 0 0 4 0 0 0 0 2 1 1 0 4 8 3 1 0 0 1 5 0 0 6 0 1 0 0 24 1 0 1 1 0 6 0 1 1 6 8 0 0 0 0 0 0 0 0 0 0 0 1 0 0 0 0 3 1 0 1 2 3 3 2 0 1 1 0 2 1 3 17 9 0 0 9 0 0 0 1 0 3 0 0 1 0 4 0 0 0
0 0 0 0 8 10 1 0 0 0 1 2 1 2004 1014 36 610 27 21 47 28 25 23 21 4 1 189 289 37 4 21 70 38 1042 1541 1220 1357 189 171 172 60 3 32 1 0 10 313 1 3 1 1 0 3 8 3 1 14 3322 4378 1940 46 8 72 29 322 1 54 1917 88 1 0 8 13 8 1727 7 2 0 4 0 0 0 5 12 19 3 2 0 2 1 4 4 1 0 22 40 0 0 6 18 1 0 0 0 0 0 0 0 0 0 0 1 0 0 5 1 0 0 3 4 1 0 0 4 2 0 2 0 0 0 1 0 0 6 0 3 0 0 10 5 1 0 0 0 11 0 0 0 2 11 1 0 0 2 0 0 0 0 0 0 0 1 0 0 0 0 1 0 0 1 2 3 0 0 0 0 0 0 0 0 3 15 9 0 0 7 0 0 0 0 2 0 0 0 0 0 10 1 0 0
6 0 2 3 9 10 0 8 3 1 0 9 50 70 296 374 66 4686 199 71 11 34 52 753 32 28 206 346 51 6 25 5 7 20 59 12 49 149 9273 169 750 447 2950 66 78 640 74 577 193 5 11 2 7 14 16 8 18 43 52 46 5978 360 1310 2714 2303 14 58 136 1614 51 74 1 23 2 140 4012 6 5 9 0 37 0 21 40 15 19 2 46 365 85 2682 91 27 110 1296 16 4 3 16 25 1 11 1 0 12 6 0 2 0 0 0 2 4 47 708 6 1 23 8 176 47 74 7 1 2 2 1 43 0 152 10 2 8 2 1 4 4 0 34 30 116 5 391 2 1 49 248 30 79 1644 8 11 16 1 2 46 2 1 2 3 0 0 0 0 3 6 191 246 37 98 1 4 24 17 24 268 5 2 770 124 3 12 12 14 32 25 5 8 25 0 0 94 37 12 2 0 1 0 0 0
25 1 10 10 7 11 10 19 2 1 2 12 5 16 52 120 8 81 21 5 6 15 21 54 16 4 32 9 56 8 28 3 3 3 14 1 10 17 24 55 389 91 293 11 60 35 51 9072 468 45 22 57 15 12 49 28 20 17 28 8 360 17809 10622 227 685 4 66 122 1768 5219 3430 2 9 6 96 1390 10 5 5 5 841 41 44 22 16 10 4 368 2022 308 755 189 166 1980 6124 17 5 9 4 9 0 3 0 0 0 0 0 1 0 0 0 0 0 0 1 1 0 1 0 2 0 1 1 0 2 0 1 4 0 1 1 0 0 0 0 0 1 0 2 0 0 1 2 2 3 13 54 1 4 34 4 139 249 0 3 176 12 3 11 56 0 0 0 0 0 1 7 24 53 18 0 2 0 1 94 24 86 123 219 50 1 2 4 1 36 9 74 74 685 2 1 493 134 5 1 0 0 0 0 0
17 3 18 6 40 48 8 10 1 1 2 24 12 240 677 830 96 356 128 77 51 132 90 241 107 41 434 124 451 41 164 9 30 41 212 19 68 103 180 607 404 117 1735 21 106 245 567 5809 236 28 17 15 51 167 20 25 135 149 337 72 1310 10622 16561 12322 7611 3 570 1171 7064 476 292 11 29 7 883 2794 6 2 10 4 158 11 182 191 104 97 32 113 1262 334 1970 125 118 850 8884 83 5 10 48 102 0 0 0 0 0 0 0 1 0 0 0 0 0 2 26 0 0 1 2 15 4 11 3 2 2 0 0 1 0 2 1 0 0 6 0 0 0 0 13 4 5 0 8 0 3 7 50 0 8 179 1 30 47 0 4 68 1 5 3 10 0 0 0 0 0 2 43 28 19 18 0 0 1 0 33 43 9 20 335 79 4 10 5 2 21 9 16 7 101 0 1 196 35 1 0 0 1 0 0 0
5 0 3 2 8 5 4 4 1 0 0 2 71 125 340 315 66 1767 229 93 24 78 97 668 50 54 1674 493 206 8 30 4 7 16 292 29 39 94 619 755 268 42 6940 26 42 1785 405 146 32 7 4 0 31 119 6 4 69 41 174 29 2714 227 12322 8190 11529 2 314 314 1730 26 11 4 21 8 132 310 0 3 5 1 15 1 83 120 46 46 7 10 73 20 911 26 16 73 1346 7 1 2 27 31 0 0 0 0 3 1 0 0 0 0 0 0 1 13 244 2 0 5 0 160 10 40 2 2 2 0 0 5 0 24 1 0 1 2 0 3 2 0 14 9 53 1 104 2 3 7 29 2 10 925 0 3 6 0 0 2 0 1 0 2 0 0 0 0 0 1 85 47 3 67 0 0 2 0 2 48 4 0 173 26 3 8 4 1 4 4 2 2 2 0 0 13 4 0 1 0 1 0 0 0
9 0 4 12 81 55 13 6 0 1 1 44 50 656 1768 1533 147 3019 275 141 19 36 43 610 22 30 2350 1535 360 57 253 34 50 129 337 68 175 356 7350 323 312 140 1444 36 38 1073 373 878 85 6 8 3 33 70 14 8 119 521 442 322 2303 685 7611 11529 10781 3 354 1516 10656 53 46 16 68 6 1885 711 3 4 8 1 18 3 72 72 40 20 15 21 201 45 453 73 14 81 989 212 3 4 20 158 0 4 0 0 3 1 0 1 0 0 0 2 1 47 398 4 0 13 7 290 25 93 13 2 0 1 0 15 0 79 0 0 2 6 0 1 2 0 28 32 106 5 215 2 11 11 54 6 28 1278 3 4 5 0 0 12 0 1 0 1 0 0 0 0 0 1 114 69 14 78 1 0 13 4 10 122 2 3 318 50 5 20 11 5 14 12 0 3 13 0 0 35 12 4 1 0 2 1 0 2
1 0 1 0 1 0 2 0 29 1 0 1 255 1 2 2 8 38 60 2 4 12 1 1 4 0 1 2 2 0 0 0 2 0 0 0 3 30 2 4 10 0 2 208 1123 160 4 3 1 707 168 488 2 0 0 0 0 0 0 1 14 4 3 2 3 1164 2 8 2 3 4 93 100 383 4 5 552 569 372 559 96 1067 7 4 3 2 0 585 125 195 290 5 1 8 11 1 167 12 2 0 0 0 0 0 0 0 0 0 0 0 0 0 0 8 39 1 0 4 1 10 11 110 1 1 0 0 0 0 0 8 0 0 0 1 0 0 1 0 6 7 9 5 2 0 0 2 47 11 51 41 0 2 7 0 0 19 10 2 16 21 0 0 0 0 0 0 6 6 1 170 0 1 0 0 2 10 8 5 88 13 1 3 8 1 1 8 10 7 25 0 1 22 3 0 1 0 1 0 0 0
378 82 310 233 323 288 22 147 15 17 14 162 1 366 330 37 41 26 22 17 121 293 108 241 1985 40 939 325 2372 925 2299 41 137 56 271 43 104 211 81 594 233 31 386 11 2 19 3425 39 37 6 13 8 469 2318 42 16 7725 83 171 54 58 66 570 314 354 2 5913 3112 155 10 3 152 105 42 6309 28 28 1 37 0 12 0 483 2850 262 2849 4818 4 28 8 43 36 10 21 201 370 60 72 2136 3796 32 13 85 43 11 83 8 1 6 12 31 82 0 0 3 0 0 0 3 2 3 0 3 12 25 0 7 0 0 0 39 1 16 33 0 3 0 0 39 6 0 0 5 4 45 1 0 0 7 8 1 0 0 5 2 0 1 5 0 0 5 5 0 1 1 0 1 1 0 1 7 8 6 0 0 1 0 0 4 0 45 50 11 0 1 58 1 1 0 1 11 2 0 12 35 3 28 2 0 6
10 2 5 4 13 21 4 14 0 1 1 30 1 2190 1913 159 330 83 57 84 160 213 84 175 237 12 1483 1346 1224 10 75 65 288 1383 1082 548 834 1057 453 391 349 37 320 22 13 27 2161 82 38 18 15 5 238 885 27 19 1239 3875 1201 1917 136 122 1171 314 1516 8 3112 9315 589 5 8 156 495 145 4676 74 17 0 103 2 19 5 441 1045 257 706 943 14 46 19 60 48 12 29 257 45 10 8 471 977 0 2 1 0 0 1 0 0 0 0 0 1 0 0 8 0 1 0 4 3 7 7 3 37 36 5 10 0 0 3 12 0 0 34 1 13 0 0 126 13 4 2 3 6 85 0 2 1 35 31 6 2 0 1 0 1 0 0 1 0 1 3 0 1 2 0 1 0 0 4 18 16 4 1 0 5 1 0 9 2 35 219 77 5 0 73 0 1 3 6 11 2 1 0 1 0 44 3 1 6
5 1 10 8 24 28 2 16 0 3 0 10 14 157 542 678 82 1410 94 80 12 23 30 237 17 8 151 329 189 28 101 18 22 37 76 20 99 159 4447 150 520 280 2171 30 35 175 152 3146 257 8 14 8 26 33 17 16 49 160 123 88 1614 1768 7064 1730 10656 2 155 589 3294 129 168 9 19 3 676 4548 0 1 2 0 75 3 47 45 16 22 7 76 811 78 936 140 40 201 2338 73 4 3 12 45 0 0 0 0 2 1 0 0 0 0 0 0 2 11 84 0 0 2 4 31 3 18 3 1 2 0 0 8 0 18 2 1 4 1 1 0 0 0 15 6 8 0 60 1 3 22 96 6 23 445 4 7 19 1 0 48 1 0 1 1 0 1 0 0 0 1 62 45 16 24 1 1 6 1 22 78 4 6 388 85 2 7 4 1 36 9 5 4 34 0 1 111 18 7 3 0 1 0 0 0
27 4 18 5 6 5 7 38 2 6 0 12 0 2 11 24 1 12 4 1 1 7 5 9 6 6 5 3 15 8 9 1 2 0 0 0 0 2 4 14 164 26 44 5 17 5 9 1462 194 31 349 359 11 1 38 18 3 2 3 1 51 5219 476 26 53 3 10 5 129 12764 5946 3 2 5 12 161 10 4 6 60 4522 192 24 4 5 2 1 592 582 71 129 512 2352 3236 1664 4 5 11 1 2 0 0 0 0 0 0 0 0 0 0 0 0 0 0 1 0 0 1 0 1 1 0 0 0 0 1 0 2 0 0 0 0 0 0 0 0 0 0 0 0 0 2 1 1 2 1 23 0 3 3 2 206 132 3 1 85 100 12 196 447 1 0 0 0 0 0 1 14 16 6 0 1 1 0 29 6 216 333 57 4 1 0 4 0 7 10 258 59 1470 0 1 222 138 1 5 1 0 0 0 0
22 2 14 4 4 8 4 37 2 4 1 7 4 3 8 19 1 12 8 1 2 3 10 8 6 3 4 0 20 9 6 0 3 1 0 0 2 5 4 7 194 28 50 20 61 10 9 3337 228 86 38 150 3 0 54 22 7 1 4 0 74 3430 292 11 46 4 3 8 168 5946 11187 8 5 12 4 530 29 8 13 32 10324 139 30 5 3 2 1 2008 3471 202 339 247 332 1465 1298 2 21 6 4 1 1 0 0 0 0 0 0 5 0 0 0 0 0 0 2 2 0 2 0 0 0 1 0 0 0 0 0 2 0 0 3 0 0 0 0 0 0 0 1 1 0 2 1 1 2 6 29 1 5 13 1 246 292 3 6 185 48 8 96 255 0 0 0 0 0 0 3 21 33 8 0 2 2 0 61 6 177 290 105 25 0 1 1 2 16 9 243 104 1420 0 0 360 187 0 0 0 0 1 0 0
38 5 32 22 144 215 254 66 346 350 789 825 85 8 18 2 10 15 19 9 1018 1312 73 8 83 8 13 8 320 66 188 537 4022 60 8 3 9 196 9 54 660 1 23 93 469 51 108 1 9 362 46 107 61 72 15 30 57 584 17 8 1 2 11 4 16 93 152 156 9 3 8 6394 2391 1405 2548 3 3397 1121 2620 97 46 270 265 91 714 188 13 224 136 176 92 18 9 8 15 1072 4009 771 222 139 88 58 289 109 50 288 19 16 29 55 92 236 0 0 5 0 0 2 18 1 18 13 22 278 301 29 44 1 2 1 253 4 60 170 1 50 0 1 269 58 1 21 0 35 601 4 6 0 100 11 18 2 2 22 2 4 12 20 5 1 41 40 5 15 17 1 1 1 1 3 117 93 34 9 1 5 14 2 7 0 338 623 370 20 0 646 5 1 10 35 123 10 4 52 96 10 356 21 5 29
9 0 3 6 87 86 6 5 6 6 6 203 346 28 36 3 25 45 89 8 328 517 90 34 92 25 71 11 125 37 130 329 1318 42 42 7 33 162 25 278 241 3 43 2052 998 101 359 5 4 465 40 118 23 74 2 7 39 428 80 13 23 9 29 21 68 100 105 495 19 2 5 2391 1998 375 1503 13 76 1553 4755 121 42 305 134 105 229 118 14 258 143 183 188 11 1 1 30 528 18 4 98 92 8 11 15 9 10 14 0 21 0 2 5 9 9 1 10 4 4 1 71 12 123 80 65 150 196 18 33 4 0 3 71 7 10 130 4 65 2 0 431 177 2 30 3 17 279 6 8 0 336 17 48 2 2 12 3 6 7 9 7 4 16 37 4 3 3 6 4 9 1 11 81 70 58 15 1 4 8 4 15 3 183 727 322 43 1 587 1 1 18 24 73 8 2 12 34 4 170 23 4 49
10 1 18 18 11 28 16 6 60 5 21 57 150 4 14 3 38 21 549 26 126 205 17 6 42 3 14 4 44 10 27 7 112 23 4 1 28 197 7 45 101 2 11 515 192 22 82 10 3 733 222 534 17 37 9 11 14 16 19 8 2 6 7 8 6 383 42 145 3 5 12 1405 375 1482 134 9 4508 1031 1792 480 141 747 101 48 130 57 4 654 294 180 47 13 9 6 21 33 1043 75 59 8 1 4 4 3 4 6 0 0 1 1 3 2 1 0 6 0 0 0 2 4 1 8 1 23 29 0 6 0 0 2 16 1 2 26 0 11 1 0 53 3 1 3 0 4 53 1 2 1 26 16 1 7 4 0 0 4 25 1 23 27 1 7 0 1 0 0 0 1 0 7 11 7 17 2 0 0 7 6 11 3 34 173 138 7 3 136 5 5 37 6 8 11 3 2 0 0 38 1 1 9
