14.8414449900544 15.4261964223517 24.0808308085887 44.2416091680753 39.4182096858458 51.3806297529591 26.8101278542321 28.0170292882138 120.150456746419 32.4336441309247 85.6719524860382 60.8739046448259 0 153.262015533447 175.376667022705 205.465576171875 113.377723693848 218.298904418945 0 110.704349517822 121.981837936928 132.478824530707 141.106999715169 185.596853637695 161.85425890409 197.763732910156 182.87746887207 162.098388671875 40.338457904162 23.1457401585559 67.8474505368401 77.7378128193043 107.478574772885 97.560856628418 161.727767944336 0 121.828096389771 129.785715103149 152.706115722656 173.665090560913 95.7804009594268 141.013470967611 167.92251417372 0 175.982762654622 187.025787353516 179.00725091022 177.551487169768 144.995512586121 158.776428222656 148.097019718118 164.293592784716 110.682302040576 93.4649198731772 109.529830798297 105.286435692399 84.7807141939799 102.403040313721 165.786018371582 0 177.992884318034 172.386356811523 173.553767484777 166.579806518555 143.437942504883 147.830642700195 81.2341787449267 195.922319030762 194.477249145508 184.047059235749 179.287320223722 132.679196006373 129.988928053114 148.998782348633 102.111613115728 178.577412923177 159.090298652649 0 141.756469726562 163.432121276855 187.545937789114 177.424962361654 119.559566210706 100.408069487541 111.984500203476 121.248741298046 155.354321616037 182.992117919922 187.934767659505 184.217486572266 191.12680380685 142.995779588487 167.777091707502 169.771233592314 172.793756076268 65.4062645506407 94.6285188462999 57.2262244970248 142.431556252872 108.227633322439 191.237693023682 196.336650848389 189.818855156333 195.112352259019 174.575289408366 190.397713715175 180.18815612793 170.72306060791 177.125579833984 157.968786512102 175.092967313879 180.921518740447 0 0 0 0 0 0 0 0 0 241.816940307617 0 184.291603088379 202.110824584961 0 0 0 0 0 182.537229749891 0 175.309698922294 170.410133361816 0 0 0 0 189.859718322754 0 0 0 0 0 192.885047219016 0 0 0 207.419067382812 209.985290527344 0 0 0 0 0 0 206.63850402832 209.815948486328 0 239.371856689453 0 0 162.055608113607 0 173.092315673828 0 0 0 0 0 226.111526489258 0 0 0 0 0 0 239.551864624023 204.384256998698 0 155.923706054688 205.796441214425 173.572631835938 0 0 159.688362121582 0 0 229.859466552734 0 230.540013631185 0 0 174.078521728516 128.587763468424 183.020441691081 200.847461700439 161.465057373047 0 0
15.4261964223517 16.6927584019418 19.7437195127092 32.5108184404739 26.8341076749284 46.1788374276525 57.5340647759376 70.2692919969559 118.152345657349 95.9041362762451 77.134729385376 61.0943752817747 0 171.242111206055 0 0 0 0 0 0 128.074734407313 115.267725263323 198.799407958984 180.890426635742 142.178934369768 0 198.062301635742 166.326919555664 75.75622823964 33.5815137792754 87.0399332682292 111.490572929382 109.001325707687 0 0 0 95.5927276611328 145.912989298503 0 0 105.795142575314 197.436233520508 165.863998413086 0 0 0 195.111324310303 182.677688598633 158.807702871469 188.254913330078 156.615089098612 173.770151311701 129.384032029372 110.86644417899 115.092958068848 113.677076834219 74.3264909471784 67.2862243652344 0 0 0 188.43586730957 190.156244913737 0 0 0 85.7374028461735 182.511344909668 203.921630859375 184.600299835205 173.073486328125 159.756843566895 0 91.0603561401367 116.232388929887 180.522115071615 242.458557128906 0 0 165.317932128906 193.466868082682 0 133.962160582462 111.125514643533 118.567728384947 123.788973617554 0 192.616720581055 195.328224182129 0 205.894195556641 156.018891696272 177.283871459961 179.778342692057 193.440662384033 58.930515202609 87.9075758797782 100.367669378008 142.15506199428 118.803248087565 194.855703989665 211.401985168457 196.533257833341 181.094563293457 174.68090057373 189.030284534801 173.751441955566 162.303253173828 180.228003365653 153.36799621582 192.404407501221 181.813868931362 0 0 0 0 0 0 0 0 0 0 0 212.646575927734 179.699165344238 184.842376708984 0 0 0 0 170.683649698893 0 172.051895141602 177.298149108887 0 0 0 0 0 0 0 0 0 0 180.668262481689 0 0 0 0 0 0 0 0 0 0 0 0 0 0 0 0 0 0 0 181.584396362305 0 0 0 0 0 192.293991088867 0 167.719940185547 0 0 247.393737792969 0 0 0 0 176.618377685547 176.872634887695 167.157211303711 0 0 194.381997680664 229.127166748047 0 0 0 0 0 0 168.181270599365 131.53719329834 196.311533610026 204.917053222656 0 0 0
24.0808308085887 19.7437195127092 16.1871336653187 25.3934116873636 71.8746177651788 34.6614947557039 67.4192805229863 20.539996490185 83.3480166480655 15.691555328636 79.6651278904506 22.8138566650165 0 145.553729248047 144.136215209961 214.055130004883 233.013687133789 216.295689900716 233.143287658691 182.352615356445 126.239606287207 142.600884414301 155.437021891276 196.903799438477 169.271452162001 0 168.385444641113 136.281211853027 85.9644945399141 71.7200750234176 107.771934555798 98.7981340620253 99.6102124642635 107.455101013184 0 149.196914672852 0 143.592572212219 143.358001708984 179.772654215495 104.981136890373 158.225651080792 171.321625845773 0 195.208017985026 0 184.935255432129 191.688313484192 159.629063500298 196.504333496094 158.052045981089 175.696780160757 128.407081005002 110.480381539949 128.316149604052 119.00548240709 84.787904018826 112.256525039673 123.32935333252 0 197.823944091797 183.089950561523 194.744738260905 188.481781005859 188.908466339111 145.135482788086 87.2129890564949 153.999128723145 191.416842651367 192.548183017307 189.057645525251 134.789584040642 139.606244405111 115.981627570258 112.662722458074 196.517560958862 109.497373369005 0 183.023056030273 181.994842529297 194.525689742144 0 132.662040525523 110.462393738794 120.58969496869 125.63569414123 163.43340365092 206.616946411133 197.496981996478 198.281102498372 195.600521850586 156.394787811651 182.790089198521 180.549914550781 185.297961425781 87.800177978257 81.1245616011186 95.0263864929612 146.118952597341 107.272485930344 185.293035397584 179.867778778076 190.656135535314 190.811141646536 178.828733745374 185.61937060747 181.559488568987 172.866569519043 184.083509172712 149.275031704373 175.810076395671 181.582047048241 0 0 0 0 0 0 0 218.125015258789 0 0 0 190.129730224609 186.222857157389 0 0 0 0 0 175.499213518415 0 164.805525154903 179.044213358561 0 210.008636474609 0 0 183.611953735352 233.739303588867 0 0 0 211.250900268555 186.924248435281 0 0 0 0 0 0 0 238.559677124023 228.356938680013 0 237.411254882812 0 242.350723266602 0 225.11882019043 222.112644195557 214.413536071777 198.599174499512 197.015319824219 168.307250976562 0 0 230.72444152832 0 0 227.582661946615 0 0 0 0 211.887710571289 0 224.184478759766 229.014175415039 0 157.752939021334 189.819358825684 201.486297607422 0 0 151.829549374788 0 0 0 192.082382202148 237.310116577148 0 0 174.60734685262 135.044754638672 170.066068376814 202.086145189073 242.150848388672 0 0
44.2416091680753 32.5108184404739 25.3934116873636 17.7706375121721 24.5086741659323 28.4158265702957 83.7543885367257 68.5638171980534 80.7885697682699 99.4421744346619 96.4411065237863 24.0885778099011 0 125.343930925642 124.371308898926 236.43342590332 113.823150634766 0 0 163.33479309082 122.65550665819 127.583983028636 178.071987915039 181.933975219727 149.519260951451 0 180.575335184733 146.544225692749 86.8251149905075 49.0263750432718 73.6685269386538 88.5540518509714 103.076316561018 118.004791259766 0 86.3287124633789 124.137222290039 115.018650935246 136.069793701172 152.824107578823 102.224868268038 153.090639750163 176.392322540283 117.644943237305 213.440185546875 0 191.872598012288 191.681132725307 161.612561543783 166.871271769206 163.873985007957 186.166390158913 138.437893390656 112.288732939129 132.081164504542 120.359482454966 78.0913166855321 119.906083788191 0 0 170.226796468099 177.893283081055 184.573623657227 194.695915222168 150.885693868001 0 90.2864804411139 173.820394515991 176.948852539062 182.338650512695 186.76587677002 119.964557647705 124.767852783203 105.234789106581 102.768247622535 210.080154418945 172.79487991333 0 183.721092224121 0 203.005181354025 184.127502441406 136.2097101062 111.032628548863 117.922398007434 113.877838850021 120.536112976074 201.15087890625 189.586212158203 188.977559407552 187.39938100179 157.548065023219 184.187005519867 180.405541992187 185.4199849909 65.3322456529749 78.7987880510153 106.124387795585 140.517180887858 87.5906505584717 178.406406837174 182.341998829561 188.013557201123 188.153757165979 175.750936654898 182.332756425692 180.746530706232 169.972029791938 180.576504681561 149.116533157673 173.36987402084 180.934863948822 0 0 0 0 236.272125244141 0 0 0 0 0 0 205.451276143392 180.151489257812 0 0 0 0 0 176.40934753418 0 163.98661334698 178.068886893136 0 221.195007324219 0 0 206.434463500977 234.789337158203 0 0 0 212.549041748047 196.872722424959 0 0 0 191.911382039388 0 0 0 0 213.44140625 0 0 0 234.428375244141 0 0 226.674388885498 195.719390869141 182.247512817383 184.129323323568 181.871899414063 0 0 0 0 0 203.177658081055 186.819702148438 171.951583862305 0 237.197509765625 0 0 0 0 0 157.239926920309 193.986757550921 0 210.728286743164 0 158.887803511186 0 0 0 0 210.090911865234 230.746566772461 0 168.512252807617 128.894597228144 174.362022399902 217.079769897461 0 0 224.703063964844
39.4182096858458 26.8341076749284 71.8746177651788 24.5086741659323 16.9848552120667 36.4889227484828 52.1824335048999 78.5754760952171 94.2461204528809 94.5052539825439 85.6023630777995 63.7031382970266 128.517730712891 105.668413374159 106.336800999112 126.125267028809 98.9648228695518 193.337488810221 128.884765625 118.461858113607 109.859587751116 101.719728889465 118.344018554687 181.103280203683 117.560046604701 114.066691080729 112.849876805356 127.866713523865 51.5225179517279 31.0026448937718 25.4635363183159 51.0752551686336 80.1319984997217 79.7272989978529 114.611287897283 81.2859050205776 95.4820052252875 95.5621780121398 134.442209625244 135.272527806899 91.4566210951596 149.53787612915 145.483694810134 93.3455505371094 0 145.8857421875 138.902590998897 163.301877339681 145.160708500789 147.531107584635 150.666670227051 185.005179087321 117.177396320847 94.360550403595 122.514680613642 106.895704078674 36.3802322692644 65.9087552046165 117.883417129517 72.0414695739746 146.859352111816 172.951102120536 142.168189620972 157.101826667786 128.732416506167 122.155181884766 65.3459540387794 143.942621671236 148.611782709757 171.24348449707 193.792858123779 88.0173442893558 99.7697866154813 96.5922435413707 68.8932652288444 147.595453898112 97.824286869594 102.593910217285 98.3254105250041 0 186.356729125977 0 121.890112615471 96.2877024714152 105.920451035146 102.141939843219 111.802638689677 178.943008422852 184.655698988173 147.222091674805 191.391635894775 137.845171689987 171.40965423584 162.640463256836 170.10797668457 43.8014473721038 88.8932798797009 75.6914826811646 102.284221234529 53.8277111684575 187.631675720215 160.562866210938 196.599718447085 186.71555480957 163.44450378418 190.248871866862 0 191.322841644287 185.570774078369 157.803438459124 173.177725897895 180.540162459664 0 0 0 0 0 0 0 186.589233398438 0 0 127.90892791748 206.55842590332 178.724349975586 143.186462402344 0 0 0 0 182.260503768921 167.444763183594 168.222534179688 175.785675048828 0 148.534622192383 0 0 150.124538845486 140.060050964355 0 172.864471435547 0 219.170623779297 170.4340467453 0 0 0 126.59055480957 188.981282552083 0 0 0 0 0 0 0 0 0 0 227.389999389648 0 0 0 0 0 0 0 0 0 171.313751220703 219.520650227865 184.230018615723 0 0 0 0 0 0 0 160.464559555054 145.676554361979 99.3467203776042 0 0 139.810006361741 0 0 0 165.353942871094 0 0 0 154.326812744141 134.339938354492 0 185.91540222168 0 0 0
51.3806297529591 46.1788374276525 34.6614947557039 28.4158265702957 36.4889227484828 17.6024537050751 66.6756084742171 80.411978079036 73.485710811615 45.6213492019784 46.6252117827535 27.9031632321907 0 121.569288511534 113.607341342502 128.100025939941 102.714745112828 169.430740356445 107.629228864397 128.629418945312 115.590652263526 109.442630902261 128.290925867417 178.946849822998 139.303193092346 112.403781890869 146.301849910191 135.468013581775 73.0293666055341 50.5437931648367 43.956159046995 24.2864592090429 50.1411986824332 87.2492374345368 131.441175020658 96.5120453834534 101.223242547777 101.628841493188 128.270563565768 149.074117772719 98.6804994965505 157.008529663086 182.727732119353 123.860633850098 185.45751953125 171.103866577148 152.647593180339 185.044971466064 160.777877395217 134.821701049805 154.908408641815 181.29506072998 133.94173339173 110.79664623347 128.111823018392 113.205802300964 52.5489428693598 65.3228091433428 132.233917999268 86.5994007110596 150.689965820312 185.795354669744 155.203773339589 137.524533081055 133.52495505593 0 87.2605415715112 138.11275264195 142.052398409162 190.082086181641 191.324771881104 90.9963979144429 98.9809746853141 109.891504560198 70.3243386223661 187.55632019043 61.7253760060956 0 111.774419784546 184.614418029785 196.224653455946 176.28358968099 132.023796271599 110.567384103044 113.720575350412 105.898801187831 105.564468383789 191.898336410522 191.025988260905 181.660507202148 187.198633829753 153.213561575753 180.845718383789 182.506028608842 178.327025095622 28.9614011656187 70.1412465371818 88.5263307359483 113.12702761956 76.9135754975406 177.227858008408 178.920626713679 181.997427282199 179.421057327934 161.584211077009 175.813134553003 175.473569234212 160.042144188514 172.398162841797 143.001967536079 171.208548134252 172.457678709979 0 0 0 0 0 0 190.639434814453 183.867284138997 163.904731750488 0 0 179.951278686523 190.312308175223 136.280082702637 136.814596557617 0 0 0 167.571695261988 0 169.189798583984 173.487275222252 0 239.391967773438 0 0 157.217844963074 227.261032104492 190.230239868164 0 204.874694824219 197.87673441569 176.899851943507 0 0 0 202.382934570312 195.117446899414 0 0 0 211.492950439453 0 225.989959716797 0 210.293167114258 0 240.070373535156 240.398178100586 221.719970703125 207.381185913086 198.489474487305 173.737777709961 0 0 0 0 0 220.117153167725 221.940973917643 181.223777770996 0 0 0 226.831497192383 245.996551513672 0 0 150.904402299361 170.444711412702 122.538589477539 0 0 161.634563954671 0 0 0 195.387120564779 217.845177544488 0 0 163.656731160482 122.316233121432 156.9105355399 195.468554848119 0 0 223.685638427734
26.8101278542321 57.5340647759376 67.4192805229863 83.7543885367257 52.1824335048999 66.6756084742171 9.64849266802563 24.7151903777219 10.3272528507399 30.5473495592876 44.2871446657181 65.7455276566128 117.419352213542 115.957214355469 193.064041137695 166.650817871094 125.778125762939 0 147.645919799805 192.683837890625 119.832692695386 108.029823621114 0 183.784172058105 140.458379572088 217.926315307617 140.091616312663 164.911117553711 31.3478353577698 37.9997183210614 69.9860078508609 73.4174269040426 68.0305182914424 87.1694702148438 135.837020874023 0 124.382961273193 138.494618007115 192.544342041016 183.317790985107 91.7995442313117 147.56957244873 159.768061319987 0 104.612696998998 242.180908203125 143.391897201538 159.051006317139 119.636098861694 113.041754041399 124.546788635254 141.963715186486 81.642295771753 66.585091282294 84.6926540452607 91.558416499648 82.7222628873937 89.1102764731959 0 207.60466003418 0 169.712567901611 168.201215744019 180.887199401855 148.674756563627 95.4918937683105 92.2801378423517 163.851486206055 216.95866394043 162.901055472238 142.283348083496 55.1259186511903 122.347265879313 64.2159745693207 80.6994557667928 165.879828316825 48.252687726702 50.1037279764811 79.3942680358887 145.09122467041 166.732083740234 135.430937767029 95.3459103296018 89.478800201416 117.935984062426 111.280481338501 144.78923034668 151.326221720378 158.952834389426 146.191281636556 143.832390921456 118.365841844347 146.798714422411 144.670097351074 163.517818450928 65.270714368139 24.7812746953221 21.7232213580388 120.798662821452 85.4836430867513 162.629847935268 176.806030273438 171.273769378662 197.770320892334 168.599243164062 165.530402501424 0 0 141.158916473389 122.671733856201 137.540365600586 150.303288386418 0 0 0 0 0 0 0 0 0 0 0 0 216.639907836914 0 0 0 0 0 205.37130355835 0 0 162.617979049683 0 0 0 0 168.385688781738 0 0 0 0 227.614822387695 191.428686523438 0 0 0 0 0 0 0 0 0 0 0 227.639114379883 0 0 0 0 0 0 0 0 0 0 0 0 0 0 0 0 0 0 0 230.106369018555 0 173.594518025716 0 153.863995143345 152.922543843587 56.5224189758301 0 0 182.682998657227 0 0 0 0 196.484535217285 178.26008605957 209.039779663086 0 0 79.6188201904297 149.533599853516 0 0 0
28.0170292882138 70.2692919969559 20.539996490185 68.5638171980534 78.5754760952171 80.411978079036 24.7151903777219 15.8073762437668 30.6781395510623 17.7186843834727 38.3512765139309 46.179573242315 0 0 208.800516764323 223.795776367188 110.66446685791 203.273217337472 221.06950378418 232.81721496582 118.129566879272 137.568439907498 193.214431762695 181.285125732422 163.434999880583 186.600509643555 233.687503814697 176.413726806641 67.5005933186545 47.5146946605248 131.687872842642 80.4987115859985 68.7756860209446 141.818222045898 206.860824584961 184.40754699707 245.148178100586 147.539900037977 248.295806884766 203.677378845215 93.2622310274504 136.530381280023 171.084138416109 212.073989868164 148.279304504395 192.949371337891 187.734931437174 175.034272567086 137.952788575055 167.392501831055 144.89569030924 162.218723892072 104.340949430427 89.8228936373803 106.716029214218 103.131636134365 118.152388890584 126.047683080037 180.742065429688 0 185.659879684448 179.202165302477 181.115211486816 214.567333221436 198.682426452637 0 87.5209346952892 174.93323298863 181.04711151123 171.593243649131 175.218789590372 86.1781866478198 167.807342529297 199.53675587972 94.3058206679973 188.569797092014 42.9206842771718 243.062789916992 174.79790802002 164.837107340495 181.245980248084 166.88056640625 113.997839314637 99.2713591655095 109.86599149704 126.439406308261 199.846906389509 183.603929519653 181.083549167799 173.732332229614 181.301591237386 134.047327375798 166.485903978348 164.787687133789 165.14679820502 75.8884630482826 48.1145146320231 50.8711900860967 161.203948681171 135.586333274841 162.141404342651 192.280712127686 168.571416444416 173.47843170166 216.347763061523 164.692946262047 150.918923695882 164.206196594238 30.4223909258093 136.644496459961 157.338216781616 161.676648074633 0 0 199.735229492188 0 0 0 0 0 0 0 0 0 205.584846496582 0 205.324966430664 0 0 0 174.031379699707 0 228.503280639648 176.164957682292 0 0 0 0 208.292133331299 0 0 0 0 0 172.412347412109 0 0 0 201.769592285156 204.713424682617 0 222.846425374349 218.648274739583 0 0 188.603057861328 191.316799163818 230.46403503418 240.644241333008 198.283111572266 198.414085388184 0 131.241541544596 0 152.12043762207 0 0 0 208.606094360352 0 0 0 0 0 0 0 0 239.737335205078 227.491287231445 0 155.916482979911 234.115753173828 133.978637695312 0 0 147.256629943848 224.031723022461 0 217.159006754557 0 212.404502868652 226.420443725586 0 166.106941223145 125.146610391551 113.077048301697 212.477966308594 187.069839477539 0 0
120.150456746419 118.152345657349 83.3480166480655 80.7885697682699 94.2461204528809 73.485710811615 10.3272528507399 30.6781395510623 4.65787878975404 21.9794454022873 43.7833058289119 66.7816594215474 94.4498492154208 0 0 0 160.018417358398 120.571940104167 0 0 99.761797365935 91.6319676274839 93.7840270996094 0 105.477079772949 0 0 166.334808349609 86.1965044806985 93.2989826202393 92.2737197875977 58.2287238727916 59.8916959762573 81.4900283813477 0 0 0 0 0 146.58910369873 92.8020356122185 159.162719726562 176.872604370117 73.6562652587891 99.8036037683487 105.576262253981 137.873397827148 144.338302612305 181.722590128581 105.909854089429 156.981053402549 148.144575078437 71.725067279957 104.728191375732 69.596794128418 103.848696390788 97.289929707845 67.4825617472331 0 0 145.355237325033 141.61841583252 201.974914550781 246.338088989258 0 83.3883384178425 92.265744527181 0 0 181.30973815918 158.278861999512 46.6330624398469 141.845383961995 38.9858335653941 67.3845769506301 147.075744628906 38.3558263860477 75.6951642717634 59.5300781592894 139.123589754105 154.838525872481 125.86530213607 124.697417122977 121.879971313477 112.458680638727 100.284907531738 0 140.578238660639 138.810412815639 119.855983492694 119.484313214412 135.661956787109 0 168.075744628906 171.912301635742 69.5890585840965 14.3191321745776 14.2340882433508 114.705454046076 72.1377544403076 144.675338745117 0 129.044687906901 149.477811177572 0 141.311174665179 0 179.744552612305 0 139.789489746094 138.887245178223 143.665158589681 0 0 0 0 0 0 0 0 114.278432210286 105.5622215271 0 199.090454101562 151.733622233073 0 148.670501708984 0 0 208.271942138672 145.326690673828 0 0 101.84455871582 0 0 0 0 108.822891235352 125.840293884277 0 0 0 0 131.318643842425 0 0 0 106.570192972819 0 0 0 0 0 0 216.694381713867 194.219512939453 0 189.856155395508 224.798324584961 0 0 0 0 0 0 0 0 0 0 151.803232828776 196.328689575195 0 0 0 0 202.188552856445 242.564315795898 194.81778717041 248.028198242188 100.922157287598 95.211799621582 57.0049285888672 0 0 99.2155017852783 158.916625976562 147.608413696289 215.860131835937 0 0 209.167211914063 0 0 39.2054824829102 0 140.723892211914 0 0 0
32.4336441309247 95.9041362762451 15.691555328636 99.4421744346619 94.5052539825439 45.6213492019784 30.5473495592876 17.7186843834727 21.9794454022873 11.728311036013 21.8210889489634 19.7271466073618 0 0 0 209.850173950195 126.085690816243 224.825622558594 0 0 117.774599129813 109.521062374115 0 0 132.392854054769 0 193.39170328776 0 77.2949031108135 86.729544977988 122.945679297814 44.7835861528423 45.67342487682 101.182647705078 0 0 0 114.773499488831 0 219.707550048828 97.3534896139036 125.902004241943 162.591171264648 0 0 0 196.968872070312 175.977442423503 146.153002771838 146.762367248535 148.377770600496 167.487953186035 113.027624244825 96.8767915613511 112.747244315312 104.445370992025 133.107415517171 50.887407430013 0 0 240.000061035156 181.106994628906 173.07861328125 0 206.005920410156 111.181823730469 102.792452195111 156.029922485352 185.718958536784 176.928998311361 178.186725616455 38.6878344290597 139.873154958089 63.5044494628906 53.9725310933629 178.412334442139 24.142372376521 0 93.0357081095378 164.211959838867 182.516211446126 161.830383300781 119.670429253284 101.92606829475 117.408814528893 132.126189804077 0 183.989658702504 182.938566080729 150.773549397786 186.823574829102 141.827087034662 167.201841412169 170.244190673828 173.523353939965 47.2928668951338 23.2194089644079 54.6019356524714 129.875121483436 91.4390068054199 148.751496688179 161.053804016113 159.249957566409 160.242230987549 150.950317382812 154.790144960645 149.050452599159 119.050322532654 20.3719196045399 109.576126344742 148.974629761743 151.813903234338 0 0 0 0 0 0 239.904754638672 0 0 0 0 156.581051635742 227.265060424805 0 148.044815063477 0 0 0 158.637608210246 0 149.535792032878 158.639066908095 0 0 0 0 0 0 0 0 0 0 181.147242954799 0 0 0 0 0 0 0 0 0 0 247.518661499023 0 214.607650756836 0 0 0 189.281336466471 153.600975036621 168.246994018555 0 0 0 247.372222900391 0 0 193.47868347168 231.885192871094 0 0 0 0 0 0 0 0 129.55655350796 204.148178100586 154.68571472168 0 0 135.371898227268 0 0 221.063049316406 0 237.227935791016 223.432189941406 0 139.956398010254 86.5768033981323 118.66446018219 203.100414276123 0 0 0
85.6719524860382 77.134729385376 79.6651278904506 96.4411065237863 85.6023630777995 46.6252117827535 44.2871446657181 38.3512765139309 43.7833058289119 21.8210889489634 11.9894264657105 25.1476576476198 0 0 158.324935913086 0 0 0 0 0 115.751451155719 97.5170799255371 123.547462463379 0 112.970943450928 0 0 0 97.1573096911113 95.3175555958467 104.997048695882 24.7734895405016 33.7877318182807 93.1139678955078 187.024215698242 0 0 108.855991363525 138.478317260742 0 97.05463120033 158.418060302734 0 0 0 0 202.077102661133 168.225692749023 164.497708638509 118.247367858887 164.184585571289 153.823745727539 124.918879975664 106.58997927214 122.539893702457 115.933588201349 80.5662673950195 53.3912100908233 0 78.6756286621094 0 167.666923522949 209.685806274414 0 176.218795776367 0 92.9155011858259 105.874084472656 0 0 156.281219482422 22.7065807452522 87.7986768086751 53.7194379170736 42.1756227982126 0 18.061415206899 0 53.542650604248 0 200.983306884766 147.818458557129 129.704831662385 108.373254394531 114.392576090495 112.582030296326 0 188.613484700521 176.731414794922 186.053070068359 220.689849853516 151.173727852958 176.319961547852 171.911285400391 204.167358398438 41.8708912684083 32.236640171169 63.4380610777117 98.7768284190785 115.152206420898 159.082732984755 154.019364577073 165.833777974447 161.586771263267 157.996953328451 158.224887126201 146.807181549072 139.536313056946 156.78130531311 123.491049930967 147.207626505101 152.304741528569 0 0 0 0 0 0 0 0 0 0 0 145.020683288574 159.044891357422 0 137.613952636719 0 0 0 141.153101469341 0 158.044104439872 165.554278564453 0 0 0 0 163.344100952148 0 0 0 233.953323364258 163.731376647949 160.505973229041 0 0 0 136.807220458984 0 0 0 237.594253540039 195.836853027344 0 0 0 0 0 223.54524230957 180.551391601562 190.641967773438 136.421600341797 211.259895324707 0 0 0 0 0 0 181.493001302083 0 149.763710021973 0 0 0 237.054138183594 0 0 0 127.331932469418 228.81657409668 112.367816925049 0 0 124.423870510525 0 0 0 168.484970092773 192.027871704102 0 225.804458618164 140.629753112793 98.9480917077315 144.117514292399 169.730160183377 0 0 0
60.8739046448259 61.0943752817747 22.8138566650165 24.0885778099011 63.7031382970266 27.9031632321907 65.7455276566128 46.179573242315 66.7816594215474 19.7271466073618 25.1476576476198 18.0291470012062 175.050201416016 123.115952083043 126.027855150627 175.07937113444 113.342405319214 124.627571105957 123.199684143066 137.430351257324 118.818120086787 103.277996754718 111.534759521484 188.129808044434 123.945448692809 179.633270263672 140.188530555138 156.704204014369 93.988853126013 71.0459369213832 72.8987311505257 66.1781607052637 29.1880809812953 94.8009038652692 121.194096374512 98.6060180664062 121.138108102899 109.655305644028 138.216913859049 142.413287353516 103.475863295199 184.018203735352 183.47589302063 87.2616170247396 137.367263285319 150.058746337891 144.505758716214 192.943096160889 162.096409190785 147.937241294167 169.93243522644 190.529374645602 135.648369458766 118.226210243682 134.697919256037 122.216440514673 80.432917486761 72.9430113405284 141.134351094564 95.518669128418 170.795500013563 187.757826487223 163.432284673055 151.656402587891 147.750058781017 121.05835723877 99.9154553354522 110.775591023763 167.590742492676 202.957908630371 192.214817592076 28.5738702343449 66.7803404014099 74.07169756973 68.6915508410905 180.13401184082 39.0964383406214 64.3114691840278 75.4582716529049 184.594234890408 204.04704284668 155.675765991211 139.506658595007 115.544052417462 121.860497634557 111.315744419688 157.385071890695 184.144324166434 191.460477193197 170.913832346598 169.955552419027 160.986096417462 191.577654803241 184.507514105903 196.92332037564 37.4064537278126 63.7946682235067 81.6188675668658 111.940451727973 89.403204846738 176.651212746756 171.916909870348 182.250452859911 179.650879253041 170.261580523323 177.159518438497 167.899221801758 170.405176798503 173.51204029028 141.994193814835 170.391614882327 173.728849783956 0 0 0 0 244.682006835938 0 234.705871582031 0 0 197.665817260742 138.913909912109 174.481688605414 179.240012535682 115.163623809814 161.749125671387 0 0 0 166.095975361173 180.662490844727 163.642570627147 166.484120993779 0 199.97380065918 0 0 148.554570674896 158.815402984619 0 117.397941589355 0 183.779922485352 173.510030882699 0 0 0 134.620231628418 243.007858276367 175.671936035156 0 0 204.88956451416 0 0 206.146499633789 231.338054656982 0 241.262969970703 212.005410088433 222.761461530413 174.401779174805 190.93657989502 185.806120130751 0 0 0 0 0 200.207885742188 207.24523586697 171.736882527669 0 0 0 240.124328613281 0 0 0 151.803606003367 144.62077554067 97.5354304843479 0 0 133.781023395595 0 0 0 0 209.316676548549 239.25178527832 0 167.164392471313 126.020432498004 170.501009114583 181.75888671875 163.315361022949 161.08073425293 161.867416381836
0 0 0 0 128.517730712891 0 117.419352213542 0 94.4498492154208 0 0 175.050201416016 15.1639593361708 107.081736246745 63.4191651595266 59.8526447650998 66.5677378640246 34.3036565736371 37.6963280607838 57.7183529397716 0 119.00768737793 103.977725982666 98.1634336529356 89.3803405761719 119.002225240072 95.5366570608956 104.229283832368 133.48152923584 0 0 0 95.1278800964355 85.2072168986003 104.142852783203 77.5063247680664 68.0750941523799 82.7947613719697 76.2134407997131 117.672156524658 84.9397583007812 78.5113054911296 91.0403818529706 31.9214540084848 21.4728339788917 21.2033820760029 112.324909210205 98.1782791137695 81.971752166748 51.894684460428 112.90412012736 94.6769134059097 0 161.472366333008 101.475288391113 0 0 96.6842575073242 110.345024108887 77.7929000854492 86.1030948257446 103.583590698242 98.148736000061 80.1808689815897 68.3505504608154 34.982002437816 136.923568725586 203.017730712891 94.2994068690709 0 81.1293239593506 96.0299000459559 87.6962175644891 43.8977126820882 146.695242745536 96.0277186802455 82.7066329126773 37.3106219745861 84.6457548827417 77.7609975478228 110.703679402669 69.3270232571158 0 0 146.617721557617 0 0 88.0420122059113 84.8313770039876 51.1160660284171 52.7580303014895 109.586054484049 0 126.785810852051 104.876901963178 125.81078338623 85.0346907875755 113.355652364095 0 0 0 218.735961914062 0 0 195.499335152762 0 0 0 0 0 0 0 123.704063415527 103.742170770484 82.8095705719803 104.583424886068 0 107.345160362048 133.712193806966 96.1157220436709 126.20765633779 100.403425229207 125.664337158203 0 206.435554504395 138.38623046875 134.033866882324 114.654249191284 121.216625213623 107.668023109436 224.679260253906 0 0 163.775988260905 0 145.975756835937 116.071349334717 110.315078735352 127.67080646091 131.61522854699 98.36528597173 128.985912746853 99.3811047803909 179.354621887207 175.285879516602 114.947786331177 76.2041588498835 84.0195681762695 107.567928153025 88.2451652808477 190.575424194336 127.749265034993 150.929168701172 0 0 111.406787448459 0 0 0 154.317962646484 0 0 0 0 142.012237548828 0 88.7725833920266 116.524647606744 129.87251739502 39.8892393339084 0 0 146.969247436523 166.693593343099 110.467841408469 97.9409047488509 204.764656066895 142.127191162109 88.5220362709907 92.7923385377914 172.752655029297 137.917765808105 50.7344776276619 137.530311584473 106.227673617276 128.503156026204 160.766616821289 69.4979429244995 164.493236194957 0 132.308609008789 121.208475748698 133.037584940592 169.425987243652 0 0 213.976211547852 0 0 138.282165527344
153.262015533447 171.242111206055 145.553729248047 125.343930925642 105.668413374159 121.569288511534 115.957214355469 0 0 0 0 123.115952083043 107.081736246745 13.7371121461981 30.0276048612771 46.7521719253125 18.5164545860596 65.3102303109518 66.0318934326172 39.6655567631577 100.964747452154 99.1604984652612 59.12304466891 94.1521264565958 103.816621780396 81.9057304382324 35.042644677491 49.739992820998 110.752545468634 110.879378509521 90.1265116577148 103.032868067424 127.024658692189 73.9589215935051 37.6917559880764 18.1128337023834 34.9709965531975 81.1466914601409 57.0433092660855 66.9527705816227 75.4384378541672 85.4351862127131 100.194771491157 119.642475128174 104.59591293335 129.826061884562 71.2635408910905 141.814963340759 93.8071983337402 192.119384765625 147.105127970378 172.983032226562 158.056624779334 137.686717821204 157.310429382324 202.27978515625 106.316486115151 68.2896883006108 43.7266381880923 42.9236132037378 96.2745320456369 146.713669776917 108.591247304281 90.305540802002 77.6460254948314 199.658203125 111.506327290353 78.3210584823399 97.3346097423772 145.111358642578 167.678405761719 142.135481834412 139.208889961243 129.796180725098 81.362752524631 147.436618804932 143.429641723633 0 151.297370910645 0 160.500676472982 0 164.862053180563 135.095379808214 137.523671286447 137.683143615723 127.822266714914 139.594055175781 167.762773513794 168.99626159668 127.747246805827 127.709946042015 133.172671000163 132.055236816406 117.063836701062 99.519948430422 164.717666625977 0 0 94.0755567550659 0 0 0 0 0 171.035415649414 0 108.12481880188 0 0 0 139.459411621094 122.071487426758 130.125900268555 123.985076904297 130.881927490234 135.354625701904 114.285095214844 115.480484553746 125.15092250279 121.362172213468 126.68072618757 116.771037631565 147.350783211844 146.074615478516 117.808738708496 126.243429819743 0 0 185.479258219401 151.348899841309 0 0 137.414071655273 153.424617767334 121.729293129661 0 104.94482421875 126.145189285278 118.395947383 142.786109924316 124.65313911438 153.531585693359 164.291793823242 151.131951552171 166.711227416992 121.477890014648 142.286605834961 113.854227865896 152.911484718323 140.560801188151 0 0 0 0 0 0 0 0 0 0 219.129730224609 0 0 0 0 181.688023885091 0 0 94.8973922729492 178.961942036947 192.136835734049 0 0 0 145.915817260742 229.166122436523 0 158.370460510254 146.650604248047 149.308801439073 128.697368156619 92.0711258782281 212.914016723633 0 117.310297557286 0 0 215.682388305664 0 206.822580973307 179.083770751953 232.977432250977 0 98.1577835083008 122.338760375977 158.510898590088 0 198.434906005859 0
175.376667022705 0 144.136215209961 124.371308898926 106.336800999112 113.607341342502 193.064041137695 208.800516764323 0 0 158.324935913086 126.027855150627 63.4191651595266 30.0276048612771 12.4165656550079 33.5575874161029 20.1323069451646 52.0923308631848 50.4185808099778 22.6749264568435 90.6313384751142 93.4344179832329 61.0709669328505 93.3997114373626 94.117130279541 85.6281813464118 42.9543191891471 39.5785432659487 115.35585670061 107.942212422689 94.9015103537461 99.3455991109212 123.725791772207 76.4851687419464 53.0501559702914 34.5256824141225 65.5691028792283 86.1651919745859 53.5778645784306 74.6440410677416 75.2349316134505 76.6069457143398 92.4757772479537 121.240814208984 118.089033603668 91.357295851274 78.0850444719629 135.741210379252 93.8404203230335 95.323974609375 121.57358785776 157.169390869141 168.516477966309 151.375641395306 126.685574001736 143.651348876953 108.864351645283 71.6007918443509 75.4001926398425 59.9494247850347 88.677509720261 139.730378811176 90.524747603401 84.3121171165915 72.3136118019328 89.5708694458008 116.607827643192 82.4472044362987 86.3663233936493 138.766909512607 156.122585296631 142.036844889323 116.521602100796 94.4424860818045 84.6600836066572 129.06070622858 165.312152862549 118.852256774902 139.94820690155 137.715209960938 153.701865059989 123.236793518066 165.375572691572 145.837508114901 158.641011132134 136.265641021729 99.906379699707 172.93376159668 145.295091247559 132.77025604248 114.366713205973 114.733144406919 133.91811243693 132.918552677806 108.493178140549 99.6844220903185 0 149.359741210938 106.672920227051 95.8117974078069 232.422012329102 186.68388671875 182.318832397461 205.396430969238 196.656407674154 221.904703776042 0 106.742371559143 165.424057006836 177.77156829834 0 231.90788269043 125.907548268636 138.155381011963 121.268463340965 118.431983947754 112.18031463623 127.125766209194 114.136040519266 128.863812287649 119.526270134504 129.446769339139 120.363776634479 134.13332861823 148.283096525404 114.430962880452 125.79921231951 149.657123565674 153.699768066406 149.809692382812 150.884123060438 0 144.421173095703 137.271299362183 108.616853713989 127.569510740392 117.185165405273 112.412223815918 121.939282802557 118.768311178608 126.532844211744 123.135598863874 137.463398161389 167.593070983887 145.022988195005 191.575927734375 137.275846862793 122.677112579346 102.707723824082 148.293530256852 133.64792767693 197.963134765625 179.376831054688 0 176.690841674805 165.989948272705 0 0 0 0 151.651000976562 175.287750244141 124.781639099121 0 0 130.933779035296 142.713365827288 179.713843209403 214.523406982422 92.0275656382243 167.052717208862 178.732348124186 132.929179382324 156.879903157552 0 156.935812950134 216.970443725586 0 159.641430664063 187.429669189453 140.28660941124 126.70549309772 93.4968177532328 131.507935660226 0 105.671185026778 187.966285705566 160.593048095703 207.250213623047 159.598678588867 178.052673339844 185.293476104736 181.695709228516 218.404998779297 111.588984489441 0 162.806748526437 123.850524902344 201.332946777344 137.820398504084
205.465576171875 0 214.055130004883 236.43342590332 126.125267028809 128.100025939941 166.650817871094 223.795776367188 0 209.850173950195 0 175.07937113444 59.8526447650998 46.7521719253125 33.5575874161029 11.6225111059858 42.2382378943613 32.4717922572492 24.5683395515486 26.6165261138878 119.352378845215 153.12845102946 72.4534546592019 89.0726104139893 108.066858291626 102.253443791316 65.3481792467957 20.4796621763277 146.689426676432 148.525815327962 112.122071266174 0 104.020151774089 109.310929616292 70.3980761327242 65.0941173689706 61.7775716928335 75.6002131310579 42.5447041817048 102.504095875133 78.5923547031849 81.5656651449467 88.0130043431332 89.115291595459 109.533746217426 87.0712688940543 105.058976031364 118.517710141782 90.9761600753301 152.45951461792 118.336556515451 145.733530484713 199.624904632568 161.098133632115 123.747762506658 112.507331085205 126.303297860282 99.1424538954249 96.9250622260861 79.1547722286648 72.8364390306932 122.81019821167 85.3018780306161 79.0254370916457 67.5492288996329 75.0749320983887 138.808198052484 108.977849324544 79.5958677646333 133.240233103434 141.973191913806 170.727500915527 139.779352823893 56.6813087463379 107.116512564726 115.829019058582 166.772438049316 52.1998630523682 176.369875590007 198.387924194336 150.888124254015 141.414283752441 163.308522224426 169.963377952576 132.757511138916 181.344525146484 0 146.825898170471 133.305023565525 121.181289379413 126.065014506495 108.261472801714 131.366587999132 128.570260171329 107.461485872729 161.305034637451 180.325958251953 123.405616760254 175.884704589844 99.4720497131348 0 0 0 0 0 0 0 172.898971557617 0 0 0 0 114.208865425803 118.918313806707 108.102428327288 120.989200592041 151.534423828125 115.220637003581 127.216491699219 120.942477443762 125.950843224159 115.967706480079 127.345121510824 0 146.988128662109 162.781494140625 115.803802490234 149.058133212003 0 120.267942717581 203.127593994141 0 158.822082519531 154.971725463867 126.230804443359 125.716432571411 112.847323608398 104.392120361328 137.547340393066 134.039882405599 111.788760730198 125.437480018252 124.266814403045 0 158.242385864258 0 150.553227742513 97.6623704698351 101.657320917869 131.627766781166 125.565577189128 0 181.487754821777 0 0 178.429440307617 0 0 0 0 0 0 0 0 0 122.36540222168 147.706030103895 132.470210266113 229.061508178711 104.242290843617 0 139.375198364258 231.591400146484 147.889661516462 204.570821126302 125.671744210379 227.195388793945 193.846313476562 147.576511089618 161.556579589844 177.294372558594 134.049655914307 97.7652397155762 213.753860473633 188.91650390625 108.62381362915 170.985870361328 124.374946594238 196.570945739746 0 0 180.409063975016 167.719367980957 0 0 0 157.767913818359 0 0 0
