29979 2938 17309 2267 2089 1707 13189 5931 353 2586 74 5480 0 2 2 9 6 5 0 2 131 65 2 1 9 2 6 16 11378 11968 819 71 275 26 0 1 7 22 13 5 921 0 6 0 2 2 9 12 22 5 85 230 464 1156 267 527 437 52 1 0 3 33 48 3 36 3 210 14 84 21 24 240 58 34 226 9 55 5 123 6 72 5 1671 1093 934 125 46 23 10 4 6 183 64 27 31 1751 151 2480 35 147 21 22 26 7 24 59 9 13 62 53 107 112 0 1 0 1 1 2 3 1 0 3 1 12 2 2 2 0 0 0 23 10 39 70 3 28 1 0 8 8 0 4 0 7 20 1 0 0 1 1 8 0 0 2 0 1 1 0 2 1 10 8 6 33 8 0 0 0 0 0 16 6 8 4 0 0 1 1 4 0 32 18 7 7 0 22 1 1 1 1 19 1 0 14 19 16 11 2 0 3
2938 1903 2150 4076 3280 2493 143 26 6 162 6 1547 0 0 0 1 1 0 0 0 41 26 1 0 1 0 0 0 177 694 63 12 10 4 0 0 1 1 1 1 131 0 0 0 0 0 2 2 0 0 3 18 18 88 16 74 81 7 0 0 0 2 2 1 1 0 48 0 2 0 1 13 6 2 8 0 3 0 7 1 5 0 166 135 198 33 0 1 2 0 0 13 3 5 5 1194 5 45 8 5 1 4 6 1 7 15 2 2 4 8 15 24 0 0 0 0 0 0 0 0 0 0 0 1 2 0 0 0 0 1 5 4 3 19 0 0 0 0 1 1 0 0 0 0 1 0 0 0 0 0 0 0 0 1 0 0 0 1 0 0 3 0 2 6 1 0 0 0 0 0 4 1 1 1 0 0 0 0 0 0 8 3 1 1 0 5 0 0 0 0 2 0 0 3 3 3 1 2 0 2
17309 2150 4186 663 366 481 620 2000 87 5123 19 6851 0 1 1 0 5 1 0 0 99 44 2 2 8 1 2 0 500 758 57 20 99 4 0 0 2 6 1 3 489 1 2 1 0 1 2 1 19 3 48 75 122 363 77 226 121 11 0 0 0 8 12 4 0 1 117 3 5 6 7 192 16 5 45 4 21 0 256 4 21 1 759 490 564 89 4 8 5 0 3 76 28 15 10 251 45 257 11 31 10 22 23 1 15 44 7 11 42 40 53 99 0 0 0 0 2 0 0 0 1 0 0 6 0 0 0 0 0 0 7 2 16 26 0 13 0 0 4 4 0 1 0 1 12 0 0 0 0 0 3 0 1 0 0 0 0 0 0 0 2 5 4 18 1 0 0 0 0 0 13 0 5 2 0 0 1 1 0 0 21 4 4 1 0 7 0 0 1 2 9 0 1 6 5 12 6 0 0 1
2267 4076 663 7656 8067 11731 168 43 6 227 2 2612 0 0 1 0 0 3 0 0 134 82 2 0 8 2 2 1 332 765 121 36 57 3 1 0 1 3 2 3 208 1 2 0 0 0 2 2 3 1 27 26 39 163 39 153 138 23 1 0 1 2 0 0 1 0 104 2 3 4 2 39 12 9 46 1 8 0 10 0 13 0 350 277 480 82 6 8 0 0 1 34 10 7 8 1011 15 86 43 16 12 27 25 6 18 40 3 7 52 29 78 113 0 0 0 0 0 0 0 0 0 1 0 6 3 0 0 0 0 0 30 6 25 61 0 16 0 1 4 3 0 1 0 3 16 0 1 0 0 0 3 0 0 0 0 0 1 0 0 0 8 8 4 17 3 0 0 0 0 0 12 6 10 3 0 2 5 0 0 0 30 11 2 4 1 15 0 0 0 3 20 0 0 10 13 11 5 3 0 3
2089 3280 366 8067 14480 5489 1045 114 41 225 74 1991 0 2 2 2 10 2 0 1 122 85 2 2 16 0 0 1 1125 8842 9334 297 598 17 0 0 6 30 9 1 169 0 4 0 1 0 9 2 3 0 12 16 77 175 38 74 3902 165 0 0 3 9 9 0 9 1 110 5 29 2 3 165 44 8 714 8 16 1 65 3 12 0 235 238 253 47 9 1 7 0 1 19 6 3 5 8354 44 392 36 96 11 38 26 9 28 53 4 4 49 32 75 140 0 0 0 1 0 0 0 1 0 1 0 7 4 0 3 0 0 0 26 10 32 58 0 12 0 0 3 4 1 1 0 5 16 0 0 0 0 0 4 0 0 0 0 0 1 0 0 0 5 9 4 36 6 1 1 0 0 0 25 1 5 4 0 0 0 0 0 1 35 7 5 6 1 22 0 0 1 1 20 0 1 17 11 12 5 4 0 1
1707 2493 481 11731 5489 8966 327 92 20 700 522 12177 0 2 0 1 4 2 0 0 257 176 0 3 21 0 0 0 575 2653 838 653 1307 9 0 0 1 12 4 3 387 0 3 0 0 1 8 3 4 0 21 33 49 201 42 132 572 56 1 0 2 6 6 2 3 1 155 2 22 1 4 348 14 12 512 3 14 0 115 1 14 2 372 371 666 121 9 4 1 1 0 28 18 5 6 3727 45 154 84 63 33 63 60 23 47 109 6 10 98 81 158 253 0 0 0 0 1 0 0 0 0 0 2 20 6 1 1 0 0 0 40 21 39 90 1 22 0 0 2 2 1 3 1 11 34 1 0 0 0 1 13 0 0 1 0 1 1 7 0 2 21 11 6 60 11 2 0 0 0 0 32 4 7 2 0 0 0 0 0 0 59 11 1 11 0 41 0 0 0 4 31 0 0 27 31 23 11 2 1 3
13189 143 620 168 1045 327 15637 9984 974 2785 66 1025 3 1 0 3 3 5 1 0 47 43 1 1 9 0 1 3 2760 3793 682 111 302 15 0 0 6 9 5 4 290 0 3 2 6 0 6 10 21 10 58 110 555 970 257 151 359 48 1 0 8 15 10 2 9 1 52 7 42 9 10 363 46 20 182 8 133 6 187 5 32 8 857 468 214 37 23 16 7 10 6 83 45 15 13 1086 466 5787 24 143 13 20 28 7 13 57 6 4 43 45 61 100 0 0 1 0 1 0 0 1 0 0 0 6 2 0 2 0 0 0 15 3 20 39 0 10 0 0 5 7 0 2 0 3 12 0 0 0 1 2 2 0 1 0 0 1 2 2 0 0 9 10 5 19 5 0 0 1 1 0 13 3 2 2 1 0 1 0 3 2 15 18 2 0 0 17 1 0 1 0 14 1 0 6 5 12 6 1 1 1
5931 26 2000 43 114 92 9984 20276 1867 23064 124 1611 1 4 2 1 2 2 0 0 56 29 0 4 7 0 1 5 667 413 129 74 241 4 0 0 1 16 2 3 603 0 7 0 2 2 7 9 20 2 81 145 390 842 244 322 108 29 0 1 4 17 13 1 12 0 98 6 21 19 19 712 29 17 89 6 133 4 576 7 71 3 1277 687 437 64 10 22 17 5 8 118 60 23 25 169 649 1478 18 56 38 19 41 13 17 65 18 34 96 95 118 122 0 1 0 0 0 1 1 1 0 0 1 1 3 1 0 0 0 0 13 4 10 26 3 17 0 0 6 7 1 3 0 5 3 0 0 0 0 0 7 0 0 0 0 0 1 1 1 3 3 2 4 20 3 1 0 0 0 0 6 1 2 1 0 1 0 1 0 0 22 10 7 6 0 16 0 1 1 0 9 1 0 2 19 26 5 0 0 0
353 6 87 6 41 20 974 1867 2319 4247 166 232 31 1 0 1 2 1 4 0 30 71 4 1 27 0 1 0 108 82 30 159 343 7 0 0 1 5 2 9 44 0 8 8 95 9 29 3 2 145 4 70 216 87 116 30 23 33 2 0 0 4 5 0 3 35 22 9 5 2 1 1563 54 192 74 1 958 91 322 78 49 178 95 57 59 14 19 172 42 96 49 9 6 1 3 55 3435 1087 8 9 10 3 11 6 2 13 4 5 26 32 28 39 0 0 0 0 0 0 0 1 1 2 0 2 0 1 0 1 0 0 2 1 3 16 0 8 1 0 4 7 0 0 0 0 2 0 2 0 1 5 2 1 0 0 0 3 4 0 6 5 0 3 2 5 1 0 3 1 1 4 6 0 1 2 0 2 2 6 11 3 1 6 1 3 2 3 0 2 12 0 4 6 1 2 4 0 3 0 0 1
2586 162 5123 227 225 700 2785 23064 4247 24958 8137 26089 3 3 0 4 7 2 2 1 116 93 2 2 16 2 2 2 716 529 213 350 2309 10 0 1 4 18 2 5 481 1 6 0 5 3 8 8 19 8 99 122 316 557 196 336 171 56 0 0 1 11 17 0 8 4 187 5 30 11 16 6496 29 17 505 7 2592 5 8080 5 48 11 972 558 583 88 19 17 9 2 4 111 46 21 18 357 1653 1177 27 70 155 109 180 55 59 308 59 80 482 407 576 734 0 0 0 1 1 0 1 0 1 1 1 13 6 2 2 0 0 0 61 22 96 130 0 47 1 1 6 12 1 3 0 12 41 0 0 0 0 2 12 0 0 2 0 0 4 6 3 1 32 35 25 111 10 0 0 0 0 0 50 6 14 8 0 0 1 1 1 0 95 14 7 10 0 95 0 0 4 1 57 1 0 23 101 93 14 2 0 4
74 6 19 2 74 522 66 124 166 8137 2293 2443 0 0 0 1 1 0 0 0 29 14 1 0 2 0 1 0 37 108 76 196 1185 2 0 0 0 5 2 2 34 0 0 0 0 0 0 0 0 0 1 3 30 28 16 10 83 15 0 0 0 1 0 0 0 0 11 1 5 1 3 1924 2 0 237 1 1394 0 597 0 4 0 35 28 43 4 0 0 0 0 0 0 3 1 3 263 513 112 0 6 37 52 50 17 32 111 20 19 130 133 188 248 0 0 0 0 0 0 0 0 0 0 0 7 3 0 2 0 0 0 22 7 39 48 1 8 0 0 1 2 0 1 0 4 13 1 0 0 0 0 3 0 0 2 0 0 3 1 2 1 9 5 16 41 2 0 0 0 0 0 16 6 4 2 1 0 2 0 0 0 28 3 2 6 0 34 1 0 0 2 21 0 0 4 43 14 1 2 0 4
5480 1547 6851 2612 1991 12177 1025 1611 232 26089 2443 42395 0 4 4 1 12 5 1 2 749 643 14 6 76 3 2 2 1199 2965 1031 640 2742 21 0 1 11 31 14 24 959 0 19 2 0 4 28 20 14 4 53 91 166 555 132 447 835 107 2 1 9 13 25 3 12 0 415 8 55 11 27 2116 59 31 647 12 560 1 2418 0 46 1 971 929 1726 334 32 7 6 0 3 81 32 10 18 6241 397 475 211 141 199 397 334 123 218 737 74 86 750 565 1093 1723 0 0 0 1 3 1 1 3 1 2 6 50 41 5 9 0 0 2 208 100 308 489 9 109 0 0 6 19 0 15 3 46 136 1 0 0 3 4 30 0 3 6 1 1 8 11 6 1 70 77 68 352 55 3 1 1 0 1 120 30 52 9 0 3 10 0 1 0 315 61 19 43 2 291 1 0 4 13 145 3 1 108 244 122 49 6 3 20
0 0 0 0 0 0 3 1 31 3 0 0 5287 0 4 26 21 1322 5478 32 1 5 2 23 2 0 10 22 1 1 0 0 27 0 1 0 3 149 91 1 46 18 100 5121 1571 5093 4 5 5 153 0 7 2 5 4 1 2 0 0 0 31 5 8 57 58 1450 4 2 12 2 16 15 474 1011 0 11 209 57 396 7 22 48 0 4 3 3 0 63 45 182 360 9 1 1 34 0 144 22 2 0 0 0 0 0 3 1 0 1 0 0 2 6 2 41 495 2 2 121 1 613 23 817 8 3 0 4 2 7 1 15 19 7 0 6 2 5 1 3 22 25 304 1 43 1 2 24 81 17 40 1454 3 5 1 1 1 19 1 1 2 5 2 3 3 7 5 0 144 86 6 259 4 7 24 2 7 207 3 6 128 9 1 7 119 2 14 9 2 8 14 2 1 18 7 14 4 1 0 1 0 0
2 0 1 0 2 2 1 4 1 3 0 4 0 8429 5257 2456 471 389 59 108 182 220 613 763 60 72 3394 1602 106 14 27 3 30 307 8584 5647 619 106 389 882 1050 42 374 3 1 17 2279 10 58 0 5 5 7 26 4 8 63 196 3763 495 33 28 145 275 397 0 109 2327 411 11 6 2 25 40 330 12 0 0 2 1 6 0 17 43 45 20 477 3 10 4 20 36 8 12 108 8 0 12 67 85 1 4 3 0 0 3 0 1 1 0 1 6 61 25 8 86 34 255 70 102 92 360 119 15 16 4 7 6 3 21 3 2 2 18 32 38 7 16 88 192 26 35 6 2 21 5 0 0 51 36 20 2 0 0 1 0 0 0 0 2 2 1 0 0 10 19 3 10 2 1 8 2 11 13 1 5 0 2 3 0 4 34 35 0 0 13 1 1 1 0 10 1 3 2 3 1 11 1 2 3
2 0 1 1 2 0 0 2 0 0 0 4 4 5257 19665 18795 992 2342 202 933 231 266 874 904 36 178 2847 2981 96 9 11 0 26 32 2736 920 174 57 1087 629 2533 115 424 9 5 38 539 24 246 2 2 3 1 17 2 3 41 44 643 39 98 103 156 225 436 1 61 372 644 37 28 2 21 39 147 54 2 0 4 0 10 0 19 24 45 17 131 13 19 7 54 104 13 68 287 10 1 1 28 58 2 0 1 0 2 0 0 1 0 2 0 12 105 52 20 122 62 299 97 139 158 433 154 18 12 5 6 9 4 33 3 1 4 25 41 74 32 22 119 219 29 80 22 0 14 13 2 2 79 66 28 2 0 1 1 2 1 0 0 0 1 5 1 4 8 32 9 27 8 1 13 5 19 40 0 22 1 0 8 1 3 74 48 4 0 16 0 0 0 1 8 2 6 6 2 0 17 0 0 7
9 1 0 0 2 1 3 1 1 4 1 1 26 2456 18795 17134 1707 3984 1891 3206 70 124 222 2844 54 104 3233 5231 259 20 26 1 60 11 440 98 145 212 1039 190 2362 269 2019 37 14 132 335 66 540 9 17 13 17 54 9 13 104 60 236 16 133 382 364 421 418 8 259 513 232 158 66 0 33 40 291 109 1 1 3 1 49 1 34 55 30 37 287 41 58 13 147 289 54 200 1044 21 2 13 77 96 1 8 1 0 11 1 0 1 1 0 0 4 154 860 343 111 22 1226 52 1171 156 1859 77 6 5 10 5 124 7 543 46 23 5 16 19 35 30 21 65 91 1009 46 702 3 10 90 28 17 156 522 22 4 5 3 6 9 0 0 0 1 1 8 4 13 33 17 89 473 19 21 14 20 85 32 2 185 0 6 43 2 2 34 115 13 6 26 1 4 9 4 6 11 13 29 5 2 2 1 0 3
6 1 5 0 10 4 3 2 2 7 1 12 21 471 992 1707 2437 2069 1739 1075 445 842 889 380 83 371 293 246 129 25 37 10 109 371 260 106 2223 813 317 913 1252 40 265 68 19 392 1058 54 101 5 5 12 10 23 9 24 118 290 928 78 292 63 82 55 61 10 89 1602 282 18 67 7 55 308 784 217 2 20 15 0 40 3 49 68 185 62 421 25 41 9 127 48 6 17 180 53 5 8 66 172 2 6 8 2 11 8 2 6 4 1 6 31 315 55 28 338 255 145 286 69 288 300 223 136 103 36 58 25 16 71 23 10 24 132 291 444 86 118 527 841 38 312 20 17 131 50 9 3 226 101 175 6 1 5 3 12 4 4 4 4 17 26 0 7 51 185 11 48 12 7 87 32 97 205 5 34 5 3 27 7 31 471 145 27 5 133 3 3 5 24 58 4 16 11 3 4 93 20 9 44
5 0 1 3 2 2 5 2 1 2 0 5 1322 389 2342 3984 2069 12624 8791 1163 38 157 140 3212 34 52 1939 858 103 6 10 2 491 12 124 18 455 2029 6417 107 2058 573 5645 907 27 2873 167 95 335 6 9 16 4 21 7 8 30 39 65 4 3251 236 316 1502 501 203 91 176 814 64 56 3 385 229 204 953 4 8 8 0 48 2 34 59 58 46 107 46 71 24 329 186 35 126 1212 18 4 2 39 58 1 23 0 1 13 4 0 6 1 0 0 14 120 1384 1644 136 53 1610 61 2106 263 3798 101 11 10 22 7 236 12 710 125 59 27 42 47 80 28 38 145 181 2615 74 1503 9 22 314 211 98 311 2408 63 13 11 9 7 17 1 2 6 2 15 38 6 44 59 27 392 1301 49 230 53 89 248 86 13 753 4 19 205 6 11 64 329 45 22 35 6 14 22 5 14 23 35 81 6 5 11 5 8 16
0 0 0 0 0 0 1 0 4 2 0 1 5478 59 202 1891 1739 8791 37250 5172 71 150 171 1234 22 163 1427 226 26 1 2 4 289 8 195 11 321 2128 171 341 1013 96 882 6621 447 4074 171 97 242 101 5 32 0 7 3 3 3 9 64 2 208 196 227 312 97 456 19 17 129 84 134 1 351 7385 35 147 14 1225 30 7 111 40 13 10 26 13 8 114 149 149 705 120 27 108 551 8 6 3 8 9 5 22 1 0 13 5 2 20 5 2 4 23 1395 2369 1396 1198 226 5158 648 3989 1665 9692 1087 113 60 62 55 318 63 1735 98 54 41 152 130 193 302 163 727 1154 2182 468 1472 7 123 280 107 82 1311 1802 161 17 9 9 14 39 5 6 2 4 18 20 7 32 60 201 192 1184 51 166 51 57 194 173 27 426 11 27 274 30 48 476 1758 40 26 252 11 27 32 11 23 53 49 85 38 9 39 8 4 36
2 0 0 0 1 0 0 0 0 1 0 2 32 108 933 3206 1075 1163 5172 5462 105 160 392 1115 16 260 1067 116 13 0 2 1 20 5 300 36 26 89 150 545 1425 81 400 151 13 146 209 27 283 4 8 3 3 7 3 4 7 5 69 3 94 141 161 59 34 4 10 21 132 52 32 0 9 276 19 64 4 36 4 0 22 2 7 11 24 12 8 21 20 13 105 129 27 90 397 0 3 1 4 5 0 1 3 1 3 0 0 5 1 1 4 12 626 181 44 515 88 286 310 113 390 715 260 58 42 26 29 34 21 219 4 1 5 55 79 68 125 69 191 429 32 287 36 1 64 56 7 2 304 113 81 7 7 3 7 5 0 1 1 1 4 9 2 3 8 121 6 69 12 2 18 7 19 65 3 12 6 1 26 0 20 159 104 9 4 95 1 3 7 8 10 6 19 6 11 4 32 4 2 12
131 41 99 134 122 257 47 56 30 116 29 749 1 182 231 70 445 38 71 105 9690 7771 2882 263 114 348 38 13 124 109 195 256 1039 457 14 29 183 723 44 419 1826 44 177 42 2 17 149 16 73 1 4 6 17 37 9 1001 162 502 58 3 46 75 153 24 18 1 32 86 124 23 14 196 685 171 1213 45 121 2 138 0 10 2 428 51 4899 118 67 13 7 1 29 26 8 22 180 494 132 57 59 239 10 8 4 3 10 16 3 0 9 5 14 32 27 5 5 48 32 22 46 7 28 29 35 34 27 4 7 3 1 11 25 8 14 127 28 139 12 12 124 139 8 45 1 9 42 4 0 0 42 14 30 0 0 2 0 0 2 6 1 1 15 10 1 15 41 25 2 7 1 2 42 15 45 36 1 2 1 1 5 0 50 120 38 27 0 40 1 1 3 10 31 1 2 15 7 3 32 6 5 16
65 26 44 82 85 176 43 29 71 93 14 643 5 220 266 124 842 157 150 160 7771 32173 3215 1612 4112 4230 392 63 276 103 183 359 1517 776 48 26 408 1454 219 6100 1885 240 1772 86 14 125 2133 54 645 2 19 15 27 155 19 283 170 734 93 23 194 569 1586 377 135 5 210 180 508 153 65 193 1245 272 1596 145 181 5 131 1 36 3 585 673 11271 2415 550 21 38 13 248 166 40 177 1831 498 202 81 2192 290 3 18 10 5 10 14 1 2 12 7 18 43 61 13 8 72 60 30 70 17 70 54 71 46 29 7 16 5 6 12 20 13 24 162 60 169 16 32 179 245 10 73 1 14 49 6 4 0 59 41 52 2 1 3 2 2 4 6 0 1 20 21 6 17 27 32 7 10 3 3 50 13 51 63 1 9 4 2 8 1 52 145 93 22 5 51 2 1 1 7 45 7 2 23 6 4 46 11 2 11
2 1 2 2 2 0 1 0 4 2 1 14 2 613 874 222 889 140 171 392 2882 3215 6181 6613 28 4608 191 25 22 1 4 12 123 70 58 106 240 400 42 1139 4494 622 708 17 3 21 100 6 271 1 3 1 3 10 0 12 6 13 42 2 36 71 102 27 19 0 8 22 78 15 16 9 146 53 39 41 35 0 5 0 10 0 19 30 176 29 16 5 8 5 48 50 5 33 301 7 13 3 10 8 1 2 0 0 0 1 0 1 0 0 0 2 39 5 0 42 15 17 23 8 25 36 27 11 4 4 4 2 1 7 1 0 1 8 22 20 8 13 35 69 2 25 1 2 3 7 1 1 17 7 7 0 0 0 0 0 0 0 0 1 5 3 1 1 3 18 1 3 1 0 4 3 4 16 2 4 2 1 4 1 5 38 16 0 1 12 1 0 0 0 7 1 2 1 1 0 4 1 0 2
1 0 2 0 2 3 1 4 1 2 0 6 23 763 904 2844 380 3212 1234 1115 263 1612 6613 14376 212 3616 5215 546 161 0 5 7 41 9 1389 174 41 107 713 2849 4450 3627 2135 25 4 426 1917 13 563 0 6 9 7 83 4 27 21 15 662 24 166 82 204 357 191 6 165 153 114 25 14 4 54 26 45 23 5 0 3 0 19 0 67 221 292 181 82 6 13 7 73 89 21 38 488 9 13 6 129 19 0 0 0 0 0 0 0 0 0 0 0 4 21 26 24 19 7 139 16 153 43 261 56 3 0 2 1 4 2 16 2 3 0 6 1 6 6 1 17 44 90 9 25 2 3 9 4 0 16 135 2 0 1 0 1 0 0 0 0 0 2 0 0 3 2 2 26 23 2 4 2 1 7 4 0 42 1 1 12 2 1 5 12 1 2 3 0 0 1 0 1 1 3 6 0 0 3 1 0 1
9 1 8 8 16 21 9 7 27 16 2 76 2 60 36 54 83 34 22 16 114 4112 28 212 11549 178 159 239 509 10 29 132 445 208 33 7 86 364 134 3491 76 13 293 3 1 26 5289 13 32 0 0 5 53 262 11 27 77 147 75 8 34 89 487 191 231 0 731 429 307 15 16 30 386 54 197 23 21 1 24 0 2 0 194 905 1066 1853 2716 0 5 3 20 10 3 4 171 39 64 19 3177 125 0 2 0 0 4 3 0 0 0 0 3 14 3 0 4 2 5 5 2 7 11 10 3 6 2 3 2 0 0 2 2 1 3 16 2 9 1 4 14 28 4 4 1 1 9 1 0 0 3 17 3 0 0 0 0 3 0 0 0 0 0 1 1 1 0 1 3 0 0 0 4 1 2 3 0 3 0 0 3 0 12 10 11 1 0 15 0 0 2 0 3 0 0 2 0 0 2 2 1 0
2 0 1 2 0 0 0 0 0 2 0 3 0 72 178 104 371 52 163 260 348 4230 4608 3616 178 5179 1227 12 36 2 0 0 106 35 698 21 108 281 22 7084 946 116 696 33 4 20 1522 5 181 1 4 2 2 20 2 17 3 10 107 0 28 88 242 63 16 2 35 16 53 18 7 2 136 49 12 16 8 0 2 0 6 0 41 87 310 104 15 2 5 2 43 31 7 26 410 6 6 1 28 6 0 0 0 0 1 0 0 0 0 1 0 0 11 3 2 16 5 35 24 11 19 48 29 2 2 1 3 1 0 5 0 0 1 2 1 6 3 2 28 43 3 7 0 0 5 0 0 0 18 11 2 0 0 0 0 1 0 0 0 0 0 1 0 0 0 5 0 1 1 0 1 0 1 4 0 2 0 0 4 1 1 8 20 0 0 7 0 0 1 0 4 1 0 0 2 0 2 1 0 0
6 0 2 2 0 0 1 1 1 2 1 2 10 3394 2847 3233 293 1939 1427 1067 38 392 191 5215 159 1227 25010 7419 222 1 3 3 23 15 4528 482 51 56 312 2872 307 40 1129 11 1 134 1669 4 55 0 1 3 26 97 5 7 23 8 915 43 33 39 173 1142 681 1 349 268 215 7 2 3 23 30 23 10 3 0 1 0 7 0 55 202 113 178 142 1 3 1 12 8 4 10 83 1 3 4 173 18 0 3 0 0 0 0 0 0 0 0 0 1 80 160 61 86 19 722 67 615 142 1076 167 3 1 2 2 15 3 55 8 6 4 8 3 12 16 11 46 99 265 26 100 4 10 14 3 4 54 203 6 2 1 1 0 1 0 0 0 0 3 5 0 8 4 5 24 73 6 8 4 5 26 8 0 75 0 2 16 2 3 23 46 5 0 18 1 1 1 1 0 0 3 4 1 3 3 0 0 1
16 0 0 1 1 0 3 5 0 2 0 2 22 1602 2981 5231 246 858 226 116 13 63 25 546 239 12 7419 12466 667 15 29 3 25 25 472 292 43 32 2231 49 315 87 844 7 3 291 813 4 31 0 1 2 41 135 14 9 179 36 752 53 32 28 122 2206 2321 8 730 1022 269 8 7 2 14 14 150 5 1 0 1 1 8 0 43 196 41 191 777 7 3 4 14 14 2 7 73 11 2 23 313 124 0 2 0 0 4 0 0 0 1 0 1 2 18 334 277 18 10 497 14 1094 38 1163 31 2 4 4 0 27 2 92 38 26 5 9 12 23 2 7 33 55 865 9 310 5 3 69 18 16 47 857 10 5 2 2 1 1 2 0 0 2 6 6 3 20 13 6 170 286 9 22 9 23 63 17 2 295 1 1 34 1 1 10 37 12 4 2 1 2 3 3 5 4 6 27 0 0 2 0 3 4
11378 177 500 332 1125 575 2760 667 108 716 37 1199 1 106 96 259 129 103 26 13 124 276 22 161 509 36 222 667 35890 5531 2744 261 874 271 38 6 113 164 821 188 366 12 394 8 12 88 305 267 185 9 95 152 4031 10881 978 169 4501 307 42 12 153 1735 2591 253 1109 3 9421 460 3167 388 493 485 433 132 3142 183 235 7 444 6 222 8 2063 2958 317 467 2392 43 40 8 135 187 69 160 650 1481 215 2847 1716 3946 31 98 32 22 63 84 3 9 81 35 114 285 13 9 5 9 5 8 10 17 13 29 10 67 37 5 5 1 1 4 69 38 108 422 13 194 7 1 45 37 11 27 7 21 107 4 6 1 9 40 41 6 2 8 2 19 16 12 10 4 44 39 19 94 86 4 7 6 5 3 107 36 77 32 5 12 6 7 45 9 159 136 49 56 19 127 3 5 15 12 112 18 4 60 31 21 52 5 5 26
11968 694 758 765 8842 2653 3793 413 82 529 108 2965 1 14 9 20 25 6 1 0 109 103 1 0 10 2 1 15 5531 9472 4673 110 470 69 2 0 28 55 40 5 292 0 9 0 0 4 8 32 16 2 35 51 227 480 100 163 2597 77 1 0 25 64 42 3 37 0 358 14 217 7 41 243 59 6 711 31 30 2 119 3 41 1 526 382 355 54 108 10 18 1 10 59 20 14 23 4248 64 1064 55 1463 15 36 28 15 30 55 5 6 39 38 77 139 0 0 0 0 1 0 1 3 1 3 4 14 7 1 3 0 0 0 26 11 32 80 1 18 0 0 4 8 0 3 1 3 17 0 1 0 1 4 6 1 1 1 0 0 1 2 0 1 16 5 8 41 8 0 1 3 1 0 22 4 7 1 0 1 3 1 4 1 42 13 6 9 0 27 1 1 1 0 21 2 0 15 26 10 7 1 1 1
819 63 57 121 9334 838 682 129 30 213 76 1031 0 27 11 26 37 10 2 2 195 183 4 5 29 0 3 29 2744 4673 8756 685 976 116 0 1 39 115 50 4 256 2 6 0 0 1 10 38 9 0 15 40 149 422 66 111 12933 449 5 2 23 51 42 11 56 1 1730 31 274 11 33 220 135 16 2562 56 20 0 77 1 33 1 349 428 445 157 299 13 12 2 11 37 8 8 16 6725 43 401 419 8043 9 42 28 5 37 56 3 5 48 32 73 132 0 1 1 1 1 0 0 0 0 1 0 19 4 1 4 0 1 1 20 9 42 78 1 25 0 0 2 3 0 1 0 9 20 0 0 0 1 6 7 0 0 2 0 1 4 2 0 0 11 12 6 40 4 1 0 1 1 0 27 5 8 4 1 0 1 0 5 0 32 14 5 9 4 36 2 1 1 3 22 2 0 15 16 9 18 2 1 2
71 12 20 36 297 653 111 74 159 350 196 640 0 3 0 1 10 2 4 1 256 359 12 7 132 0 3 3 261 110 685 1987 7041 834 0 0 11 94 15 11 214 1 13 3 2 6 64 8 7 0 11 13 56 104 32 65 276 676 3 3 9 10 17 1 7 0 85 84 35 2 6 800 1883 19 3322 13 37 0 360 0 10 0 181 161 327 84 154 3 1 0 4 11 3 6 22 2753 759 230 96 251 61 136 81 28 115 224 14 24 241 189 382 599 1 0 0 0 3 0 0 1 2 1 0 27 16 5 4 0 0 0 67 43 115 244 3 34 0 0 2 6 0 9 0 12 58 1 0 0 1 3 19 0 0 3 0 0 4 3 3 1 42 22 19 99 26 0 0 0 3 0 61 13 37 10 1 0 8 1 2 0 154 24 15 18 1 142 0 1 0 2 60 1 0 49 99 44 29 7 1 4
275 10 99 57 598 1307 302 241 343 2309 1185 2742 27 30 26 60 109 491 289 20 1039 1517 123 41 445 106 23 25 874 470 976 7041 8930 1759 11 5 54 682 36 385 865 7 83 22 14 370 769 73 39 17 35 60 148 348 111 215 765 3095 110 63 158 69 51 25 32 15 251 1021 129 28 99 1988 2472 274 6402 167 231 24 827 6 59 10 615 543 1144 290 680 43 52 9 105 71 15 17 67 3677 1092 416 268 480 127 287 232 91 224 461 58 69 541 375 777 1292 39 5 13 41 63 29 39 26 52 51 37 130 83 11 21 3 7 9 227 96 302 757 101 409 21 18 235 247 12 108 7 51 202 13 3 2 75 36 121 3 3 13 1 9 22 19 8 8 126 80 60 293 132 54 7 14 4 3 211 59 191 114 3 13 15 7 26 6 378 409 101 84 14 387 7 6 5 27 198 5 6 124 223 93 113 21 13 41
26 4 4 3 17 9 15 4 7 10 2 21 0 307 32 11 371 12 8 5 457 776 70 9 208 35 15 25 271 69 116 834 1759 7996 8 27 2146 1216 21 140 349 0 19 3 0 8 759 4 5 1 9 15 27 121 23 61 207 8020 1155 5487 6 6 20 8 26 0 146 7258 45 1 6 37 460 47 9976 11 14 4 31 0 5 0 208 204 353 115 1558 3 4 1 4 21 7 2 14 316 12 14 155 609 3 9 4 4 7 8 0 0 10 0 3 27 0 1 0 0 12 4 5 1 3 4 7 26 10 1 2 0 2 0 7 1 18 68 14 117 3 4 62 80 2 7 0 10 27 1 1 0 8 0 15 0 0 1 0 0 2 1 0 0 11 6 3 15 27 6 2 2 0 1 20 12 28 15 0 1 1 1 2 0 28 74 16 10 0 18 1 0 1 8 32 1 0 11 1 2 14 4 0 6
0 0 0 1 0 0 0 0 0 0 0 0 1 8584 2736 440 260 124 195 300 14 48 58 1389 33 698 4528 472 38 2 0 0 11 8 4914 3493 55 30 71 1615 84 9 477 9 0 12 612 1 22 0 0 0 1 10 1 1 4 2 1099 57 9 10 91 155 134 0 53 154 92 6 1 0 8 44 4 2 1 0 0 0 1 0 4 20 14 16 30 0 1 0 5 3 1 4 120 1 2 2 33 2 1 1 0 0 0 0 0 0 0 0 0 0 60 21 3 94 13 202 59 82 104 296 116 4 1 0 0 2 2 20 0 1 0 5 5 3 9 12 46 76 14 20 4 0 9 6 2 0 31 32 5 0 0 0 1 0 0 1 0 1 0 2 0 0 1 6 1 7 0 2 2 0 0 6 0 0 0 0 7 0 4 16 23 0 0 6 0 0 0 0 0 1 0 1 0 0 2 1 0 0
1 0 0 0 0 0 0 0 0 1 0 1 0 5647 920 98 106 18 11 36 29 26 106 174 7 21 482 292 6 0 1 0 5 27 3493 3680 76 10 53 257 169 3 91 1 1 1 716 0 9 0 0 0 0 2 0 0 1 22 2088 283 3 11 34 63 103 0 8 447 83 1 0 0 2 4 20 1 0 0 0 0 1 0 0 4 7 4 54 0 1 1 1 1 0 1 16 1 0 0 7 9 0 0 0 0 0 1 0 0 0 0 0 1 7 0 2 4 4 11 6 4 10 14 10 1 0 0 0 0 0 3 0 0 0 2 1 3 0 2 8 19 5 3 2 0 1 0 0 0 4 4 0 0 0 0 0 0 0 0 0 0 0 0 0 1 0 2 0 2 0 0 0 1 0 1 0 1 0 0 1 1 2 6 3 0 0 2 0 0 0 0 0 0 0 0 0 0 0 1 1 0
7 1 2 1 6 1 6 1 1 4 0 11 3 619 174 145 2223 455 321 26 183 408 240 41 86 108 51 43 113 28 39 11 54 2146 55 76 4101 1140 54 372 276 7 51 5 1 152 874 22 11 5 3 14 5 35 7 25 95 742 1450 742 105 19 35 15 28 3 89 3656 93 5 32 5 29 63 1127 104 4 6 11 1 16 3 47 33 86 54 709 8 18 2 41 4 4 6 29 51 1 9 70 189 2 1 5 2 3 5 1 2 2 0 0 6 26 7 8 33 70 15 41 9 47 35 37 41 37 4 8 0 3 10 10 7 10 63 72 198 13 24 145 211 12 68 4 10 38 7 6 1 45 27 59 1 0 0 0 4 3 1 1 0 13 13 0 6 29 38 3 6 1 0 32 17 54 65 3 7 0 3 14 1 12 159 20 11 5 31 4 1 2 7 23 2 7 6 2 1 25 6 3 23
22 1 6 3 30 12 9 16 5 18 5 31 149 106 57 212 813 2029 2128 89 723 1454 400 107 364 281 56 32 164 55 115 94 682 1216 30 10 1140 4690 53 1071 742 24 163 664 87 1376 1799 112 66 26 15 31 21 100 18 57 215 1202 494 170 387 79 76 33 41 40 105 1969 136 32 146 24 912 859 2993 304 62 123 65 5 103 23 183 158 418 140 709 73 103 46 319 32 11 17 103 264 21 23 157 288 9 18 14 7 9 21 3 4 5 7 16 68 195 53 41 197 207 201 168 123 226 390 232 124 135 23 39 13 15 54 48 27 36 357 253 801 77 95 702 951 41 222 16 29 136 33 16 5 266 134 211 3 6 5 3 22 11 12 2 7 39 29 12 28 141 128 24 39 13 16 144 53 197 213 12 43 11 5 79 9 93 709 228 71 18 220 2 10 12 35 107 20 22 20 11 6 117 31 10 56
13 1 1 2 9 4 5 2 2 2 2 14 91 389 1087 1039 317 6417 171 150 44 219 42 713 134 22 312 2231 821 40 50 15 36 21 71 53 54 53 13516 53 1086 581 3651 15 33 1060 446 37 129 3 6 8 52 174 24 19 251 79 334 26 4387 115 1212 2128 6164 39 722 776 6381 35 26 4 24 23 496 584 1 2 1 0 23 1 75 216 82 126 457 14 27 7 209 39 17 23 946 40 2 27 199 216 1 4 0 0 2 0 0 3 1 1 1 5 12 147 612 18 12 154 6 890 39 969 8 6 2 6 1 17 3 51 49 32 4 18 17 28 3 5 58 59 911 15 243 2 3 131 202 31 72 3124 17 15 9 5 4 22 3 2 0 2 12 19 4 18 13 4 527 355 27 78 31 50 64 27 12 833 4 11 276 11 5 17 22 14 28 15 1 7 10 7 7 21 27 21 3 2 7 3 3 9
5 1 3 3 1 3 4 3 9 5 2 24 1 882 629 190 913 107 341 545 419 6100 1139 2849 3491 7084 2872 49 188 5 4 11 385 140 1615 257 372 1071 53 4349 554 105 1047 92 4 41 4350 14 159 1 1 3 21 128 4 37 11 26 240 12 50 116 307 131 41 1 176 47 85 21 12 10 590 190 45 46 31 0 19 0 11 1 141 433 819 498 137 4 6 7 52 29 9 29 519 13 40 11 268 17 0 2 1 0 2 2 0 0 0 1 2 3 68 13 3 54 37 86 77 37 89 145 97 17 4 3 9 6 4 9 3 1 1 17 20 26 10 10 88 155 6 43 4 3 14 8 2 0 45 25 9 1 2 1 0 0 1 2 0 1 2 1 1 2 5 13 0 5 2 0 6 1 3 13 2 2 1 1 7 0 10 50 62 1 3 12 0 1 0 3 9 1 1 1 3 0 10 0 0 5
921 131 489 208 169 387 290 603 44 481 34 959 46 1050 2533 2362 1252 2058 1013 1425 1826 1885 4494 4450 76 946 307 315 366 292 256 214 865 349 84 169 276 742 1086 554 7037 3208 2531 110 105 1376 228 519 2592 62 578 550 45 110 401 839 214 341 122 14 1132 693 608 104 406 45 117 136 1382 234 351 239 717 206 878 669 176 6 281 13 495 25 568 198 548 122 94 286 447 109 1528 2416 429 590 1599 501 149 127 76 263 21 32 15 12 20 31 3 6 19 19 31 85 73 31 20 60 48 48 60 66 43 116 44 48 40 6 17 7 4 19 41 21 40 279 52 247 17 16 149 172 62 75 25 12 63 12 15 3 46 159 60 7 9 3 1 21 7 9 14 15 25 24 7 31 92 27 29 30 8 18 75 27 86 52 3 42 7 18 50 11 72 193 53 42 12 95 17 9 49 17 66 28 2 18 11 8 46 7 6 23
0 0 1 1 0 0 0 0 0 1 0 0 18 42 115 269 40 573 96 81 44 240 622 3627 13 116 40 87 12 0 2 1 7 0 9 3 7 24 581 105 3208 3273 4484 16 21 676 69 16 690 1 3 3 3 10 0 2 4 1 11 1 575 31 77 13 105 8 9 6 269 8 12 0 14 5 13 63 1 0 0 0 12 1 6 17 39 18 5 3 11 13 229 37 3 24 241 1 1 2 6 3 0 0 0 0 0 0 0 1 0 0 0 0 0 3 9 0 0 4 0 17 0 26 1 1 0 1 0 0 1 1 2 0 0 0 0 2 0 0 1 2 8 1 1 0 0 0 4 1 1 67 0 0 0 0 0 0 0 0 0 0 0 0 0 0 0 0 6 4 1 1 1 2 1 0 1 14 0 2 8 1 0 3 1 0 0 0 0 0 1 0 0 1 1 1 0 0 1 0 0 0
6 0 2 2 4 3 3 7 8 6 0 19 100 374 424 2019 265 5645 882 400 177 1772 708 2135 293 696 1129 844 394 9 6 13 83 19 477 91 51 163 3651 1047 2531 4484 5544 61 86 3697 1261 48 961 6 8 14 27 199 8 30 44 26 430 11 3302 299 1410 5370 1181 29 373 148 1188 60 35 7 102 23 130 206 7 0 9 0 35 0 129 531 497 351 118 27 28 27 1182 91 12 49 892 18 10 3 225 48 0 0 0 0 0 0 0 0 1 0 0 1 17 33 85 16 6 77 9 241 19 306 28 1 0 0 1 7 0 5 8 3 1 3 1 16 1 0 16 30 170 12 31 0 5 11 17 2 16 555 4 0 2 0 0 5 0 0 0 1 1 3 0 8 6 2 89 51 5 14 6 9 8 5 2 118 2 2 65 4 1 15 14 4 10 9 0 3 1 0 3 9 2 6 1 0 2 1 0 0
0 0 1 0 0 0 2 0 8 0 0 2 5121 3 9 37 68 907 6621 151 42 86 17 25 3 33 11 7 8 0 0 3 22 3 9 1 5 664 15 92 110 16 61 8165 2261 2958 69 81 43 1008 4 103 5 4 4 7 1 1 29 0 196 57 43 11 12 446 4 10 44 22 140 7 3203 4078 2 131 212 1639 948 117 246 573 27 10 30 3 5 628 388 746 1198 23 3 13 80 3 43 2 2 0 4 5 7 1 9 7 1 3 3 1 2 19 160 71 129 178 145 436 145 422 287 1032 224 84 50 18 31 12 9 78 18 8 7 122 141 281 44 47 477 619 123 147 47 10 79 28 32 9 284 378 94 5 19 1 2 47 7 6 20 15 15 13 1 7 26 75 40 63 20 76 53 17 57 81 40 80 11 23 222 46 27 354 505 13 49 120 16 49 44 9 39 66 24 17 7 3 58 16 5 37
2 0 0 0 1 0 6 2 95 5 0 0 1571 1 5 14 19 27 447 13 2 14 3 4 1 4 1 3 12 0 0 2 14 0 0 1 1 87 33 4 105 21 86 2261 12802 3048 1 25 60 4301 2 56 12 5 6 2 1 1 1 0 29 26 64 25 41 3474 11 1 67 16 72 22 447 130 2 47 696 576 699 37 225 578 1 5 4 1 1 780 640 2769 2725 14 1 8 183 1 397 53 0 1 2 3 0 1 6 0 0 1 1 0 0 8 0 6 203 6 2 13 0 175 17 151 2 2 0 0 2 1 0 0 22 3 6 18 3 4 1 0 19 20 62 4 4 0 2 51 280 14 57 2368 4 12 37 11 6 142 3 5 20 20 6 6 2 11 2 1 277 59 20 394 4 11 16 6 67 518 8 50 1719 287 8 26 11 2 190 21 19 156 97 2 1 165 52 12 7 2 1 0 0 2
2 0 1 0 0 1 0 2 9 3 0 4 5093 17 38 132 392 2873 4074 146 17 125 21 426 26 20 134 291 88 4 1 6 370 8 12 1 152 1376 1060 41 1376 676 3697 2958 3048 4763 43 61 346 121 11 23 11 50 1 5 6 11 28 2 1058 221 772 1195 1092 4257 105 22 424 64 71 1 815 542 30 354 53 50 95 7 89 25 28 78 37 52 12 92 142 140 1376 62 16 66 1902 4 32 5 39 12 4 13 0 0 14 1 0 17 0 1 0 14 30 162 1904 22 14 186 18 1431 145 1965 33 5 5 10 5 33 5 78 86 37 14 38 16 37 9 7 76 75 1007 23 267 6 7 278 1238 109 263 9072 30 34 57 22 7 94 2 3 5 7 17 23 9 40 22 6 963 537 52 1154 37 79 100 42 49 1490 9 59 1665 138 19 111 230 20 112 86 7 65 48 6 8 71 109 48 31 10 5 2 7 9
9 2 2 2 9 8 6 7 29 8 0 28 4 2279 539 335 1058 167 171 209 149 2133 100 1917 5289 1522 1669 813 305 8 10 64 769 759 612 716 874 1799 446 4350 228 69 1261 69 1 43 7473 16 89 0 5 9 33 225 17 23 37 106 1569 123 85 103 541 390 508 1 462 1085 672 24 18 50 1023 284 102 56 61 0 35 1 5 0 149 689 628 808 1556 3 7 2 38 20 4 19 428 19 124 39 973 52 1 4 3 0 5 4 0 3 3 2 1 14 78 17 6 81 57 94 110 30 119 148 134 25 11 13 11 4 2 15 4 1 4 46 32 56 25 39 131 276 13 47 7 6 31 7 3 0 86 49 19 1 2 1 0 3 1 1 2 1 3 5 1 4 7 27 4 6 1 4 21 7 8 23 0 12 0 1 6 1 15 68 80 6 0 24 1 0 3 1 19 3 1 5 1 2 16 3 0 1
12 2 1 2 2 3 10 9 3 8 0 20 5 10 24 66 54 95 97 27 16 54 6 13 13 5 4 4 267 32 38 8 73 4 1 0 22 112 37 14 519 16 48 81 25 61 16 11384 414 236 24 47 18 47 24 32 120 14 8 0 191 6393 701 34 289 22 148 50 3879 411 3005 3 86 14 185 7577 8 1 1 6 1094 87 34 53 34 22 29 985 6583 92 1872 346 47 177 345 37 6 24 31 83 1 0 0 0 2 0 1 4 0 0 0 0 1 0 8 1 1 3 0 10 3 6 1 0 2 0 2 1 0 2 10 0 0 2 0 4 1 0 6 10 3 7 2 1 2 21 54 7 26 73 9 172 307 31 13 496 15 3 37 103 1 2 2 5 3 0 8 20 89 13 7 9 0 4 100 61 72 397 945 87 4 11 13 4 219 29 273 162 905 0 1 821 115 3 9 3 3 0 0 2
22 0 19 3 3 4 21 20 2 19 0 14 5 58 246 540 101 335 242 283 73 645 271 563 32 181 55 31 185 16 9 7 39 5 22 9 11 66 129 159 2592 690 961 43 60 346 89 414 10607 28 162 73 15 54 55 102 33 9 13 1 336 869 1325 26 197 13 103 15 963 481 264 4 38 11 49 552 8 4 15 1 245 7 51 80 146 59 19 193 337 107 1375 4796 357 2193 10372 15 7 12 18 25 0 2 0 0 0 1 0 0 0 0 0 0 1 1 6 4 1 4 2 3 0 9 3 2 0 0 0 0 0 0 0 0 1 3 0 4 0 0 3 3 3 0 2 0 1 3 2 0 2 27 1 1 6 3 1 13 1 0 5 6 0 0 0 1 1 0 4 0 1 6 0 1 1 0 2 8 2 9 53 9 2 0 2 1 7 1 10 5 42 0 1 27 4 0 0 0 2 0 0 0
5 0 3 1 0 0 10 2 145 8 0 4 153 0 2 9 5 6 101 4 1 2 1 0 0 1 0 0 9 2 0 0 17 1 0 0 5 26 3 1 62 1 6 1008 4301 121 0 236 28 9876 20 1021 32 5 25 7 2 1 0 0 19 129 23 0 8 2579 2 3 42 54 161 29 347 544 6 152 1316 682 707 2163 1036 6989 11 0 1 1 0 4685 2888 9945 2843 30 16 26 46 0 924 98 0 1 1 3 2 1 3 3 0 3 1 1 2 4 1 2 6 3 1 4 0 4 4 15 1 1 1 1 3 0 0 1 17 1 4 10 0 6 0 1 12 11 5 2 0 4 3 33 67 4 22 202 3 135 240 20 3 552 101 10 193 233 3 4 5 3 0 0 32 15 46 56 3 6 5 2 116 107 63 337 1328 154 5 15 9 0 289 33 280 475 850 2 1 795 64 3 9 1 3 0 0 0
85 3 48 27 12 21 58 81 4 99 1 53 0 5 2 17 5 9 5 8 4 19 3 6 0 4 1 1 95 35 15 11 35 9 0 0 3 15 6 1 578 3 8 4 2 11 5 24 162 20 5067 8775 13 79 615 483 17 8 1 1 10 34 22 4 5 11 13 5 38 79 25 14 61 18 29 18 12 2 27 108 311 36 387 44 13 12 11 45 17 4 35 6755 3011 175 155 24 18 25 4 19 0 1 1 0 2 2 0 1 3 1 2 7 0 0 0 1 1 0 0 0 0 0 2 4 1 0 0 0 0 0 1 1 7 29 0 19 0 0 11 9 0 0 0 1 10 0 0 0 0 0 4 1 1 1 0 2 18 2 31 11 1 1 0 4 9 1 1 1 0 0 5 0 5 4 0 0 8 6 3 0 7 16 8 1 0 7 8 0 16 0 0 2 1 2 0 2 2 2 0 2
230 18 75 26 16 33 110 145 70 122 3 91 7 5 3 13 12 16 32 3 6 15 1 9 5 2 3 2 152 51 40 13 60 15 0 0 14 31 8 3 550 3 14 103 56 23 9 47 73 1021 8775 14861 37 149 1075 566 38 16 0 0 13 104 58 4 13 490 18 5 84 350 378 38 133 288 47 65 339 82 135 10980 8782 3035 683 49 25 12 10 1892 190 67 146 2702 4411 182 131 45 402 95 5 32 2 1 4 1 4 8 0 19 1 3 5 19 0 0 5 1 2 2 2 2 3 6 0 4 5 0 2 0 1 0 3 1 5 38 7 46 1 1 16 17 2 6 0 11 13 4 16 1 20 10 4 52 81 33 4 134 1340 133 2387 1269 17 3 3 4 10 1 1 1 6 35 9 0 10 4 8 6 370 509 130 16 18 35 54 6 10 75 742 118 1522 1 6 204 38 4 41 5 6 0 0 8
464 18 122 39 77 49 555 390 216 316 30 166 2 7 1 17 10 4 0 3 17 27 3 7 53 2 26 41 4031 227 149 56 148 27 1 0 5 21 52 21 45 3 27 5 12 11 33 18 15 32 13 37 15863 7206 12089 20 200 42 1 0 15 104 165 22 74 10 313 39 193 26 27 248 96 50 214 10 177 21 112 10 22 37 1008 618 40 40 113 34 8 13 19 20 11 10 52 111 328 6551 110 211 3 7 3 0 4 9 1 1 9 3 11 34 2 0 1 0 0 0 2 2 3 2 0 9 4 3 2 0 0 0 6 5 10 63 3 37 0 0 8 13 2 5 0 7 8 0 0 0 2 5 4 0 1 1 0 3 0 0 0 0 7 9 3 13 15 0 0 1 0 0 19 2 12 6 0 1 0 0 1 1 25 27 9 7 0 14 0 1 1 2 12 1 0 9 2 4 9 1 0 6
1156 88 363 163 175 201 970 842 87 557 28 555 5 26 17 54 23 21 7 7 37 155 10 83 262 20 97 135 10881 480 422 104 348 121 10 2 35 100 174 128 110 10 199 4 5 50 225 47 54 5 79 149 7206 8766 1989 170 562 111 18 3 55 391 736 120 249 2 2117 146 667 82 81 208 240 133 776 39 110 4 207 8 63 7 6515 7492 333 698 566 6 13 5 40 99 41 61 254 347 149 2081 708 713 9 24 14 3 17 17 2 3 35 10 32 91 7 1 5 4 6 3 2 8 7 3 2 26 27 6 5 0 0 0 25 11 31 194 12 152 2 0 39 40 4 17 1 3 51 1 1 1 5 10 32 0 1 1 1 3 3 2 1 1 19 13 4 28 47 5 2 2 1 0 39 15 50 26 1 5 0 1 8 1 64 126 41 23 1 49 1 2 2 6 38 4 1 15 12 6 29 6 3 13
267 16 77 39 38 42 257 244 116 196 16 132 4 4 2 9 9 7 3 3 9 19 0 4 11 2 5 14 978 100 66 32 111 23 1 0 7 18 24 4 401 0 8 4 6 1 17 24 55 25 615 1075 12089 1989 18538 842 74 20 6 0 3 53 64 5 21 7 94 13 53 33 38 125 103 49 103 16 102 15 96 37 174 22 8273 234 51 24 53 39 13 14 12 1157 216 57 55 71 202 2553 36 73 3 13 3 0 7 5 1 0 9 5 7 11 0 0 0 0 2 2 0 1 0 2 1 2 8 1 2 0 0 0 6 4 13 52 6 50 2 0 14 24 0 3 2 3 18 0 0 0 1 3 14 0 0 0 0 4 3 0 4 3 3 4 1 11 17 3 0 0 0 0 8 4 9 11 0 0 1 2 2 0 18 40 8 8 1 13 2 0 10 2 14 2 0 8 4 3 3 0 0 2
527 74 226 153 74 132 151 322 30 336 10 447 1 8 3 13 24 8 3 4 1001 283 12 27 27 17 7 9 169 163 111 65 215 61 1 0 25 57 19 37 839 2 30 7 2 5 23 32 102 7 483 566 20 170 842 3003 87 94 8 2 11 50 80 5 19 2 24 13 64 43 59 70 147 50 272 15 37 4 97 17 150 14 6279 146 2079 117 37 49 29 8 21 850 254 100 141 236 27 70 53 126 2 12 6 1 12 14 0 2 8 7 16 30 1 0 0 0 8 0 4 2 2 4 6 14 8 3 4 2 1 3 15 5 15 106 10 76 1 0 24 27 0 4 0 7 27 1 1 0 8 0 17 4 1 5 1 1 2 2 7 2 9 5 3 10 35 5 1 0 1 0 27 6 30 10 0 2 1 3 2 0 30 54 17 9 0 32 2 1 9 2 21 4 1 11 3 3 15 0 4 6
437 81 121 138 3902 572 359 108 23 171 83 835 2 63 41 104 118 30 3 7 162 170 6 21 77 3 23 179 4501 2597 12933 276 765 207 4 1 95 215 251 11 214 4 44 1 1 6 37 120 33 2 17 38 200 562 74 87 6183 238 11 4 61 270 281 39 316 0 3636 162 1099 59 145 259 166 19 2730 127 52 0 105 0 87 4 301 620 333 296 1175 16 22 2 20 39 13 20 82 3656 75 352 1733 6918 17 52 22 12 34 63 7 2 38 33 68 166 0 3 1 2 1 0 3 4 3 4 3 21 11 4 3 0 0 0 36 22 63 119 1 26 0 1 3 5 4 5 0 12 39 1 6 0 2 16 12 2 1 2 0 5 1 8 4 1 18 12 5 64 20 4 0 4 3 0 40 11 13 12 4 4 4 2 11 4 65 32 9 12 4 62 1 1 4 3 31 6 0 19 18 14 18 4 1 9
52 7 11 23 165 56 48 29 33 56 15 107 0 196 44 60 290 39 9 5 502 734 13 15 147 10 8 36 307 77 449 676 3095 8020 2 22 742 1202 79 26 341 1 26 1 1 11 106 14 9 1 8 16 42 111 20 94 238 6105 494 4616 47 10 36 5 37 0 151 3243 201 6 20 220 1034 12 9742 61 18 1 130 1 17 0 214 226 520 132 538 6 8 0 18 16 6 4 30 1882 89 66 170 472 25 67 29 16 38 85 2 6 74 54 123 251 1 2 2 4 2 2 1 6 2 7 2 18 12 0 4 0 0 1 44 32 69 119 2 36 0 1 9 9 1 4 0 8 25 0 0 0 1 8 15 1 0 2 0 1 6 8 1 3 18 13 6 39 24 1 1 3 1 0 42 16 28 12 0 2 2 1 3 1 62 21 8 11 0 55 0 1 2 4 31 2 0 23 26 8 19 4 2 3
1 0 0 1 0 1 1 0 2 0 0 2 0 3763 643 236 928 65 64 69 58 93 42 662 75 107 915 752 42 1 5 3 110 1155 1099 2088 1450 494 334 240 122 11 430 29 1 28 1569 8 13 0 1 0 1 18 6 8 11 494 3615 1913 26 36 264 234 420 0 63 3580 460 6 5 4 129 133 230 14 6 0 2 0 5 0 20 31 30 37 477 0 0 0 6 9 2 4 133 8 6 3 53 24 0 0 2 0 2 2 0 0 2 0 1 2 42 12 4 51 42 63 61 22 73 79 93 17 8 5 7 2 0 5 4 1 0 14 17 29 7 14 119 198 10 36 2 1 18 3 1 0 61 26 12 0 1 0 0 1 0 0 0 0 1 0 0 0 2 18 2 6 0 1 7 2 2 10 1 6 0 1 5 1 6 30 31 3 1 6 0 0 1 3 2 1 1 4 0 0 12 2 0 4
0 0 0 0 0 0 0 1 0 0 0 1 0 495 39 16 78 4 2 3 3 23 2 24 8 0 43 53 12 0 2 3 63 5487 57 283 742 170 26 12 14 1 11 0 0 2 123 0 1 0 1 0 0 3 0 2 4 4616 1913 2543 2 2 12 11 25 0 12 5763 28 0 0 0 11 3 1840 2 0 0 0 0 0 0 8 7 10 6 271 0 0 0 0 2 0 0 4 12 0 1 10 31 0 1 0 0 1 0 0 0 0 0 0 0 0 0 0 0 0 1 0 2 1 1 2 0 1 0 2 0 0 0 0 0 0 0 1 1 0 0 3 0 1 0 0 0 0 0 0 0 1 1 0 0 0 0 0 0 0 0 0 0 0 0 0 0 0 0 0 0 0 0 1 0 1 1 0 1 0 0 0 0 0 1 1 0 0 0 0 0 0 1 0 0 0 0 0 0 0 0 0 0
3 0 0 1 3 2 8 4 0 1 0 9 31 33 98 133 292 3251 208 94 46 194 36 166 34 28 33 32 153 25 23 9 158 6 9 3 105 387 4387 50 1132 575 3302 196 29 1058 85 191 336 19 10 13 15 55 3 11 61 47 26 2 9486 378 1164 629 390 246 122 113 1780 107 170 4 190 28 344 3404 10 4 7 4 142 13 47 105 87 51 65 78 181 32 1466 87 15 87 2545 29 2 6 52 105 3 2 0 1 2 2 0 6 0 0 1 2 5 19 338 5 5 24 3 198 23 214 5 3 4 3 2 5 1 14 33 7 7 19 4 24 5 5 29 26 121 15 27 0 9 73 495 25 80 2513 9 15 16 16 6 69 1 0 3 5 4 11 1 13 6 1 288 127 24 212 13 14 23 13 35 536 4 18 708 77 7 40 16 5 84 31 5 30 25 4 7 48 57 9 7 3 1 1 3 3
33 2 8 2 9 6 15 17 4 11 1 13 5 28 103 382 63 236 196 141 75 569 71 82 89 88 39 28 1735 64 51 10 69 6 10 11 19 79 115 116 693 31 299 57 26 221 103 6393 869 129 34 104 104 391 53 50 270 10 36 2 378 15719 13161 472 690 22 1190 57 5543 6262 3360 2 53 7 209 988 7 2 5 7 1018 87 169 434 271 187 86 256 260 67 1142 507 165 3289 4601 43 7 72 144 129 0 0 0 1 1 0 0 5 0 0 0 1 2 3 5 3 1 9 1 9 3 9 4 0 2 3 1 0 1 0 3 1 0 6 3 1 0 0 3 4 3 1 3 1 4 16 19 0 8 47 1 102 143 16 1 170 5 4 27 64 0 1 0 0 1 0 9 5 24 9 2 0 2 0 36 29 49 231 351 29 0 7 4 2 61 20 174 75 491 0 0 352 55 2 6 0 0 0 0 1
48 2 12 0 9 6 10 13 5 17 0 25 8 145 156 364 82 316 227 161 153 1586 102 204 487 242 173 122 2591 42 42 17 51 20 91 34 35 76 1212 307 608 77 1410 43 64 772 541 701 1325 23 22 58 165 736 64 80 281 36 264 12 1164 13161 26225 5736 4139 16 2499 189 4226 1347 642 15 61 14 117 715 5 1 13 0 231 11 358 1217 759 791 253 71 121 71 1690 336 146 1057 7705 27 13 63 715 136 1 0 0 0 1 0 0 0 1 0 2 1 1 4 11 5 1 13 9 20 8 45 10 0 1 0 1 0 0 4 5 1 2 7 2 2 2 1 11 7 6 2 4 2 4 8 17 0 5 112 1 19 14 0 0 23 0 0 6 4 2 0 0 3 2 1 20 8 7 12 1 3 3 1 17 41 4 30 140 18 0 6 3 2 29 5 12 7 40 0 0 60 4 2 1 0 0 0 0 1
3 1 4 0 0 2 2 1 0 0 0 3 57 275 225 421 55 1502 312 59 24 377 27 357 191 63 1142 2206 253 3 11 1 25 8 155 63 15 33 2128 131 104 13 5370 11 25 1195 390 34 26 0 4 4 22 120 5 5 39 5 234 11 629 472 5736 4741 5259 4 336 117 965 66 51 3 24 8 31 38 1 1 2 0 13 0 50 232 141 185 130 3 8 7 138 13 7 30 1156 5 6 6 175 21 0 4 0 0 2 1 0 0 0 0 0 1 7 54 106 4 7 116 4 429 10 468 13 2 0 1 0 5 0 11 17 6 2 4 3 7 0 7 7 10 310 4 60 0 1 20 14 2 11 611 9 1 0 0 1 2 0 1 0 0 2 4 1 9 4 1 116 61 2 13 10 13 22 6 5 216 1 1 39 3 1 10 14 2 2 3 3 1 3 1 0 4 6 14 0 1 2 0 0 0
36 1 0 1 9 3 9 12 3 8 0 12 58 397 436 418 61 501 97 34 18 135 19 191 231 16 681 2321 1109 37 56 7 32 26 134 103 28 41 6164 41 406 105 1181 12 41 1092 508 289 197 8 5 13 74 249 21 19 316 37 420 25 390 690 4139 5259 5844 6 1172 726 10239 110 271 4 26 9 185 708 7 0 2 0 116 7 98 340 77 275 550 53 62 8 158 57 13 59 1004 25 6 49 516 192 0 1 1 0 1 0 0 1 0 0 0 1 4 52 120 6 2 59 7 312 17 315 5 1 1 2 1 4 0 9 20 8 0 7 4 6 0 2 8 17 220 6 46 0 1 30 78 7 25 977 10 6 4 3 3 28 2 2 1 6 1 6 1 9 3 1 145 64 5 33 6 12 15 9 8 274 1 1 204 23 4 5 11 4 24 10 1 5 17 0 1 15 15 10 1 0 1 0 0 0
3 0 1 0 1 1 1 0 35 4 0 0 1450 0 1 8 10 203 456 4 1 5 0 6 0 2 1 8 3 0 1 0 15 0 0 0 3 40 39 1 45 8 29 446 3474 4257 1 22 13 2579 11 490 10 2 7 2 0 0 0 0 246 22 16 4 6 2195 1 2 45 19 69 8 129 1250 2 38 670 764 162 901 343 1796 4 3 2 3 0 922 239 782 2357 15 2 6 26 0 400 34 1 1 0 3 1 0 1 0 1 3 3 1 4 3 0 1 380 0 0 8 0 113 23 260 3 1 0 0 1 3 0 4 5 2 1 2 1 10 0 0 27 14 33 2 7 1 3 11 181 38 57 1131 3 8 10 6 2 56 58 6 74 50 3 3 2 7 0 1 59 26 5 2119 2 4 6 3 19 99 13 30 440 51 9 12 181 1 59 16 24 32 73 0 2 58 11 4 6 3 2 0 0 1
210 48 117 104 110 155 52 98 22 187 11 415 4 109 61 259 89 91 19 10 32 210 8 165 731 35 349 730 9421 358 1730 85 251 146 53 8 89 105 722 176 117 9 373 4 11 105 462 148 103 2 13 18 313 2117 94 24 3636 151 63 12 122 1190 2499 336 1172 1 13568 653 2666 227 226 115 161 49 2961 111 35 1 133 0 106 2 323 6746 221 4191 3418 14 21 3 92 41 14 129 554 322 39 72 4685 5014 5 11 6 2 8 18 2 2 17 3 31 48 2 4 5 5 3 10 6 17 4 13 3 19 7 1 8 0 0 6 11 8 24 126 4 43 0 0 13 25 6 9 1 8 21 3 3 0 9 52 17 0 6 0 1 14 1 2 0 1 10 11 2 23 12 2 2 7 0 2 35 8 25 8 2 16 2 2 26 4 38 61 21 13 7 39 0 1 6 1 21 12 0 14 9 4 15 0 4 5
14 0 3 2 5 2 7 6 9 5 1 8 2 2327 372 513 1602 176 17 21 86 180 22 153 429 16 268 1022 460 14 31 84 1021 7258 154 447 3656 1969 776 47 136 6 148 10 1 22 1085 50 15 3 5 5 39 146 13 13 162 3243 3580 5763 113 57 189 117 726 2 653 8878 1404 4 27 30 508 57 1593 119 8 0 10 0 18 0 92 277 97 503 5169 4 9 0 19 10 4 6 62 31 29 19 1189 247 0 1 1 0 3 0 0 0 0 1 3 6 7 5 4 13 22 11 26 20 20 45 20 14 5 1 3 1 0 3 3 1 3 16 12 29 3 8 44 97 15 14 3 0 20 2 2 1 15 23 9 3 1 0 0 2 0 1 0 0 0 1 0 3 1 4 6 4 0 2 5 2 1 2 1 6 0 0 8 1 6 19 28 1 1 6 0 0 0 1 6 1 1 1 1 0 6 3 0 0
84 2 5 3 29 22 42 21 5 30 5 55 12 411 644 232 282 814 129 132 124 508 78 114 307 53 215 269 3167 217 274 35 129 45 92 83 93 136 6381 85 1382 269 1188 44 67 424 672 3879 963 42 38 84 193 667 53 64 1099 201 460 28 1780 5543 4226 965 10239 45 2666 1404 9765 801 2216 16 76 27 1608 5284 8 2 20 2 977 25 289 758 288 475 1086 275 470 39 702 324 72 293 2734 183 15 140 701 774 3 3 1 0 4 0 0 7 1 0 3 3 2 8 54 3 8 29 12 67 23 69 8 6 2 4 0 2 1 13 26 4 3 18 13 34 0 2 33 75 40 9 18 4 6 60 286 8 42 1112 11 26 73 13 8 195 6 5 12 17 7 8 3 16 5 6 173 62 36 75 15 11 23 15 92 385 14 59 967 164 10 41 18 4 221 30 40 53 118 2 9 194 48 12 9 4 7 1 1 3
21 0 6 4 2 1 9 19 2 11 1 11 2 11 37 158 18 64 84 52 23 153 15 25 15 18 7 8 388 7 11 2 28 1 6 1 5 32 35 21 234 8 60 22 16 64 24 411 481 54 79 350 26 82 33 43 59 6 6 0 107 6262 1347 66 110 19 227 4 801 5518 1837 0 19 5 55 412 12 1 7 15 1626 133 50 85 61 44 13 373 152 51 508 468 1021 2255 2051 12 5 21 20 34 0 3 0 0 1 1 0 0 0 0 0 0 1 0 5 1 1 3 1 2 2 3 1 1 0 1 0 0 0 0 0 1 1 3 0 3 0 0 2 2 0 2 0 1 2 9 8 1 6 19 2 45 65 9 3 64 19 5 82 187 1 0 0 0 2 1 5 0 9 6 1 0 1 0 7 7 105 226 132 6 0 3 2 0 18 8 212 20 593 0 1 163 33 0 2 1 1 0 0 0
24 1 7 2 3 4 10 19 1 16 3 27 16 6 28 66 67 56 134 32 14 65 16 14 16 7 2 7 493 41 33 6 99 6 1 0 32 146 26 12 351 12 35 140 72 71 18 3005 264 161 25 378 27 81 38 59 145 20 5 0 170 3360 642 51 271 69 226 27 2216 1837 13656 6 138 10 240 2067 24 6 23 28 11093 251 48 50 32 26 52 1688 1566 175 1758 326 84 240 406 48 21 21 31 106 1 0 0 0 1 1 0 3 0 0 1 1 0 1 8 3 0 4 0 4 7 9 2 0 1 1 4 1 1 0 2 1 1 6 0 3 0 1 6 7 0 1 0 5 4 10 18 3 16 65 3 133 198 41 3 233 41 7 156 401 1 1 0 1 1 0 5 4 34 4 2 1 2 1 35 27 175 706 424 26 4 6 4 0 44 25 709 122 1526 0 1 524 80 2 10 0 0 0 0 2
