30735 9777 11071 4826 2890 13362 9449 8585 161 1072 113 1748 0 4 8 3 8 4 2 8 67 87 6 3 25 0 8 21 9714 11411 323 125 50 13 1 0 15 10 18 6 742 4 22 4 3 4 9 18 12 10 206 264 1015 1554 963 124 88 24 2 1 12 7 24 6 33 2 163 16 46 11 10 70 3 53 76 19 29 2 15 11 47 2 972 536 279 145 20 11 7 4 10 176 69 7 20 129 189 3381 65 6 17 1 210 88 4 168 11 19 65 120 77 177 0 0 1 0 0 0 2 2 4 0 1 7 2 0 0 0 0 0 11 0 81 93 0 28 0 0 20 4 2 5 0 8 24 0 2 0 5 6 1 1 1 3 0 2 2 1 4 0 29 8 2 19 3 0 2 0 0 1 23 2 2 1 5 6 2 1 14 1 179 62 6 2 3 41 2 0 0 1 27 2 4 4 139 14 5 5 0 0
9777 11396 4254 10191 1814 5736 47 64 29 258 51 484 0 1 1 2 3 0 0 0 26 22 1 1 7 1 0 1 301 2173 314 31 6 8 0 0 3 4 2 1 440 1 7 1 0 1 1 3 4 1 26 65 81 197 107 57 88 4 0 0 2 3 5 1 2 0 68 3 2 1 0 16 1 19 10 2 6 0 2 5 10 1 229 179 106 72 8 3 2 2 1 40 9 1 5 10 31 65 19 3 6 1 67 33 2 58 0 10 24 38 19 63 0 0 0 0 0 0 1 0 0 0 0 4 0 0 0 0 0 0 2 0 41 36 0 7 0 0 4 2 1 0 0 6 16 0 0 0 1 0 0 0 1 1 0 0 3 2 0 0 6 3 3 7 0 0 0 0 1 0 8 0 0 0 2 2 0 1 2 0 70 31 1 0 2 11 0 0 1 0 8 1 0 0 44 3 1 1 0 0
11071 4254 49398 3120 217 4385 1513 12824 266 9441 605 25143 0 1 1 3 4 2 1 1 59 49 3 5 30 0 2 1 1657 541 53 43 20 2 0 0 2 5 4 5 1108 6 13 4 5 2 15 4 17 12 317 425 644 1158 892 169 85 10 4 1 6 3 16 2 11 2 238 8 10 11 10 48 9 56 36 11 37 1 9 15 57 9 1279 755 403 184 22 30 8 2 10 254 97 19 15 22 234 841 46 6 42 6 1886 149 6 287 16 51 552 223 159 348 1 0 0 1 0 0 1 0 3 1 0 9 4 3 1 0 0 0 15 0 125 143 1 29 0 0 23 4 1 2 1 10 22 0 1 0 2 0 1 0 0 0 0 0 3 9 2 3 29 10 9 33 2 0 0 0 0 0 26 3 0 1 1 2 0 1 3 2 264 108 9 0 0 51 1 1 4 1 37 2 2 2 180 18 10 5 0 0
4826 10191 3120 19421 5399 18743 61 79 35 540 187 3409 1 1 0 1 1 2 3 2 54 57 0 2 15 0 2 3 426 3324 655 59 24 4 0 0 3 7 4 2 582 1 14 0 0 2 5 5 5 3 48 63 78 178 138 77 149 13 2 0 3 3 7 1 3 1 141 6 8 2 4 27 5 29 28 1 10 0 5 3 6 3 312 229 228 117 8 7 2 1 4 57 19 1 5 21 82 112 33 2 20 2 245 102 9 164 11 23 76 118 88 184 0 0 1 0 0 0 0 0 2 0 2 5 0 3 1 0 0 0 8 1 104 93 1 28 0 0 17 2 0 2 0 5 13 0 0 0 2 3 0 0 0 3 0 0 1 2 1 0 19 10 3 18 2 0 0 2 1 0 12 0 1 0 2 3 1 1 3 0 170 51 4 0 1 32 0 0 0 0 27 1 0 1 130 17 4 2 1 0
2890 1814 217 5399 11852 9516 181 65 15 153 78 2089 1 17 56 28 107 40 44 28 178 233 33 15 56 2 36 95 2004 11938 8743 4035 968 320 6 6 181 149 93 14 630 23 110 13 3 50 40 71 32 16 81 90 188 446 181 96 3349 1298 12 14 63 46 114 42 114 24 438 91 221 10 22 723 106 53 1674 140 12 6 144 6 43 2 472 319 403 228 66 18 20 7 37 88 24 8 61 4055 69 319 116 72 9 1 59 29 2 59 5 7 27 35 30 57 1 2 8 2 1 2 6 14 13 10 5 9 3 5 6 0 0 5 5 0 39 46 0 22 2 1 28 13 9 7 9 4 18 8 4 0 13 33 8 5 7 2 1 4 3 2 2 1 14 8 3 8 2 0 0 14 26 9 9 2 1 4 21 31 0 2 61 11 56 30 13 2 26 26 0 5 8 0 17 16 16 2 46 3 3 6 0 2
13362 5736 4385 18743 9516 24802 324 281 73 965 320 20806 3 2 8 6 38 16 15 8 197 266 24 10 53 0 5 16 1063 5276 1049 4489 1139 119 0 1 38 54 21 10 1030 15 55 4 0 29 20 24 17 10 115 150 176 432 240 163 210 643 3 5 17 11 33 7 31 7 248 25 60 11 11 365 41 80 640 44 22 4 56 4 33 2 695 512 586 286 35 7 4 4 16 102 46 11 30 1165 285 277 142 8 62 10 480 205 9 492 19 44 216 331 243 444 0 0 0 1 3 0 3 1 7 0 3 27 7 2 5 0 0 0 24 1 182 194 2 44 0 0 49 9 4 6 3 13 43 1 3 2 7 13 6 3 9 5 0 0 12 5 2 0 49 27 9 64 4 1 2 5 6 9 39 1 0 0 10 14 1 2 35 3 420 127 21 1 7 89 1 2 4 3 59 7 5 6 294 30 15 4 0 1
9449 47 1513 61 181 324 8119 9781 1754 3611 90 380 1 2 1 1 4 0 0 1 24 32 1 0 10 0 2 3 5026 447 81 44 18 6 0 0 5 6 5 1 134 2 8 1 11 4 4 4 0 12 75 113 744 933 590 34 14 7 1 0 5 3 10 1 7 6 31 0 10 1 4 113 2 24 20 4 134 3 21 6 12 17 404 124 60 30 1 13 6 8 8 48 16 5 9 21 595 7833 18 1 14 1 81 22 0 72 13 20 35 77 36 53 0 0 0 0 1 0 0 1 0 0 0 0 0 0 0 0 0 0 1 0 22 22 0 5 0 0 8 0 0 0 0 4 9 0 0 0 1 4 0 0 0 0 0 0 3 2 3 0 4 3 1 5 3 0 1 0 0 1 7 1 0 0 2 2 0 0 6 1 39 12 3 0 1 10 0 1 2 0 5 1 0 1 39 4 1 2 0 0
8585 64 12824 79 65 281 9781 28042 2504 15328 376 3129 0 0 0 1 0 0 1 2 23 24 3 2 10 0 2 2 1644 204 25 29 7 3 0 0 1 2 3 4 480 2 8 5 11 1 6 5 11 8 210 307 979 1293 1076 93 10 3 0 0 2 3 9 3 5 6 92 1 6 4 7 65 2 19 15 7 69 4 14 18 53 6 1060 459 141 54 14 17 2 3 8 227 57 15 10 14 305 2705 14 3 18 2 300 31 1 81 16 35 75 124 34 85 0 0 0 0 0 0 0 0 1 0 1 5 2 0 1 0 0 0 2 0 25 16 0 5 0 0 11 0 0 0 0 2 7 0 0 0 1 1 0 0 0 0 0 0 4 3 4 4 7 2 1 3 0 0 0 0 1 0 2 0 0 0 3 1 0 1 2 2 65 10 5 0 1 6 0 1 4 0 5 3 1 0 63 12 3 0 0 0
161 29 266 35 15 73 1754 2504 2402 6188 198 309 9 0 2 0 1 1 0 1 62 116 5 1 40 0 0 0 73 32 2 29 19 1 1 0 1 2 4 5 78 0 7 32 145 2 5 3 2 157 18 56 245 112 95 13 5 2 0 0 3 3 5 3 3 45 20 5 2 0 0 375 14 81 3 4 677 44 96 45 18 101 82 41 57 29 11 113 44 85 55 16 9 4 6 3 2330 1774 30 2 34 0 101 42 3 89 16 36 78 148 54 85 0 0 0 0 1 0 0 0 0 0 0 1 0 2 1 0 0 0 0 0 14 18 0 1 0 0 3 0 0 0 0 1 2 0 1 0 1 4 0 2 4 1 0 1 10 1 4 19 7 2 7 2 1 0 1 0 3 2 4 1 0 0 1 6 3 1 5 1 41 7 2 0 1 7 4 0 4 0 3 5 2 1 67 18 2 2 0 0
1072 258 9441 540 153 965 3611 15328 6188 43678 18762 38469 2 1 3 1 4 1 4 0 107 135 4 1 19 0 3 0 389 224 30 244 93 7 0 0 2 11 3 3 546 4 15 15 34 5 9 6 8 37 193 224 597 684 593 68 27 7 0 1 8 3 13 2 5 6 105 6 4 9 4 1804 9 98 19 9 1062 6 129 20 39 24 768 383 253 90 7 24 19 16 12 153 69 12 9 20 6954 2691 66 6 355 30 2169 864 43 2130 217 467 1123 2108 1044 2099 1 0 0 0 1 1 1 1 6 0 3 39 10 3 2 0 0 0 66 0 565 535 0 122 0 0 79 9 1 4 0 49 137 1 3 1 12 5 2 1 1 7 0 2 19 13 10 8 139 51 44 115 10 2 0 0 1 4 97 5 1 2 4 2 4 1 9 2 1257 266 23 3 1 182 5 1 11 9 132 3 0 11 1392 161 57 12 0 2
113 51 605 187 78 320 90 376 198 18762 5813 8012 3 0 6 8 12 3 8 4 130 224 13 3 42 1 6 10 97 105 17 467 344 11 1 0 10 14 6 7 174 3 16 13 7 15 11 5 10 5 19 19 33 64 65 48 6 12 6 0 11 2 12 9 15 6 28 45 24 3 5 1003 33 80 31 19 102 1 69 2 8 2 120 62 129 42 13 3 7 5 11 21 8 2 14 15 2402 213 42 0 62 5 409 202 9 440 30 80 191 340 212 404 0 0 0 3 2 0 4 3 3 1 3 12 4 3 3 0 0 0 17 1 111 117 1 28 0 3 34 8 0 7 3 18 28 2 1 0 8 12 1 0 0 1 0 0 14 4 2 3 40 19 11 27 3 1 1 0 4 4 32 1 0 2 8 4 1 0 13 4 326 106 19 0 7 69 0 0 3 4 42 6 3 1 287 31 11 7 0 0
1748 484 25143 3409 2089 20806 380 3129 309 38469 8012 57292 6 6 19 14 25 21 25 8 447 667 22 10 101 1 10 36 571 1291 588 3909 2305 45 0 0 39 54 32 14 1135 10 66 26 10 40 40 44 25 17 86 129 209 380 321 187 103 159 5 1 33 12 63 18 53 10 223 98 87 9 12 1169 96 187 202 52 114 9 132 6 37 4 675 453 686 315 50 19 16 13 35 103 24 12 37 195 2595 459 194 10 144 17 1218 531 25 1102 82 163 1565 873 593 1120 2 0 5 2 4 2 3 6 19 6 7 40 13 8 8 1 1 0 47 1 422 451 2 115 2 0 124 22 5 22 4 59 120 6 2 1 22 26 6 4 3 6 0 6 17 23 4 2 121 77 39 104 9 5 0 7 16 12 84 3 4 8 17 16 6 0 48 6 910 312 40 0 11 181 1 1 8 3 132 11 9 11 767 70 55 14 0 5
0 0 0 1 1 3 1 0 9 2 3 6 4740 0 0 2 34 328 7679 47 2 5 4 4 2 2 13 15 7 3 2 3 44 2 0 0 23 173 89 3 14 8 38 2244 2686 2444 3 3 7 277 1 14 4 0 1 0 10 1 1 0 34 5 11 67 39 1226 4 2 12 2 4 120 82 1252 2 10 256 52 96 26 10 76 1 0 0 1 0 66 60 155 157 3 1 0 14 4 22 13 5 0 2 2 0 0 0 1 0 1 1 1 0 1 5 10 56 8 1 27 3 230 9 120 12 1 2 1 4 10 1 37 3 0 0 0 1 4 7 1 1 10 104 4 78 2 2 19 4 5 12 471 4 6 10 0 1 6 3 0 4 4 0 1 0 2 3 3 22 45 12 181 2 2 7 2 24 89 3 6 86 8 0 4 40 5 11 3 0 7 15 0 3 28 9 2 0 2 1 3 0 3
4 1 1 1 17 2 2 0 0 1 0 6 0 9638 10066 473 1951 143 24 145 21 37 401 57 9 23 1159 661 46 25 35 21 14 65 7499 5123 437 36 154 588 426 10 84 1 1 11 174 12 5 0 0 1 4 7 7 2 21 176 421 765 17 5 11 44 147 0 9 109 167 0 2 7 6 33 169 19 5 2 1 1 3 0 9 3 1 8 8 1 4 0 4 19 1 2 16 88 0 8 4 6 1 0 0 0 0 0 0 0 0 0 0 0 4 4 0 7 0 15 12 8 11 25 12 0 0 1 2 0 1 5 0 0 0 0 0 2 4 6 1 4 3 7 2 0 1 2 1 0 1 4 1 0 0 0 0 0 0 0 1 0 1 0 0 0 0 0 0 4 1 0 0 0 0 0 2 3 0 0 2 0 0 0 8 0 1 1 0 0 1 0 0 3 5 0 0 0 0 0 0 0
8 1 1 0 56 8 1 0 2 3 6 19 0 10066 16433 8993 3056 2301 346 1474 117 117 1000 285 36 97 1403 1763 79 48 56 35 23 133 5281 3857 185 64 826 915 1278 99 290 7 0 28 244 32 78 5 3 2 5 17 27 10 48 313 504 642 93 15 38 60 251 1 16 167 449 13 11 15 12 44 316 95 9 2 4 1 18 1 14 7 10 10 29 21 21 6 19 62 10 23 45 164 3 10 24 6 0 0 0 0 0 0 0 0 0 0 0 1 12 16 18 24 4 14 14 38 23 58 22 2 2 3 3 4 0 21 1 0 0 1 0 2 11 7 4 7 24 22 19 0 2 7 1 0 5 37 3 5 2 0 0 0 0 0 0 1 0 2 1 0 0 9 0 11 2 4 1 1 0 0 6 21 0 3 11 2 0 4 8 0 4 2 0 0 8 0 3 5 6 0 1 0 4 0 2 0
3 2 3 1 28 6 1 1 0 1 8 14 2 473 8993 13420 399 4955 3939 764 38 62 289 482 20 159 1168 6610 48 26 30 18 45 62 181 43 528 142 1927 275 738 126 370 20 2 103 61 30 72 6 3 3 3 10 30 12 21 120 61 254 183 9 20 76 132 10 10 73 381 11 5 8 21 97 111 83 8 4 7 1 21 2 9 2 6 6 14 19 18 3 30 85 17 28 42 80 0 13 3 4 1 0 0 1 0 1 0 1 0 0 0 0 108 151 112 74 7 84 10 191 55 584 36 2 2 5 5 29 9 170 1 1 1 1 1 5 33 15 7 11 115 38 96 3 2 30 3 6 52 146 3 3 5 0 1 1 1 0 0 2 1 0 0 1 5 7 4 37 9 18 3 3 6 3 5 31 0 4 27 5 1 2 49 3 7 2 0 2 10 0 2 8 8 5 1 1 2 1 0 0
8 3 4 1 107 38 4 0 1 4 12 25 34 1951 3056 399 3746 404 2374 3006 78 218 727 157 46 66 260 178 53 72 73 43 60 123 535 1635 1175 1428 166 519 588 40 133 76 4 65 485 15 17 6 2 0 4 14 18 2 40 227 518 527 58 6 28 52 51 15 19 131 78 1 2 13 39 188 256 19 2 56 3 0 10 2 17 13 14 25 15 5 3 11 26 18 3 3 27 187 4 10 10 9 0 2 1 0 1 1 0 1 1 0 1 0 96 23 9 174 44 26 132 29 239 67 144 25 18 18 53 4 11 39 1 2 2 2 2 11 42 35 27 75 14 280 21 6 15 19 1 2 67 38 40 2 2 0 2 0 0 0 0 0 5 1 1 3 3 64 2 15 6 8 9 8 2 12 10 13 0 1 12 4 6 5 60 13 2 18 0 0 2 4 3 5 8 4 1 2 12 3 2 8
4 0 2 2 40 16 0 0 1 1 3 21 328 143 2301 4955 404 13801 3044 795 52 92 247 1662 45 130 2663 1466 33 29 24 33 105 65 84 23 440 466 3794 167 1011 322 2597 272 28 2394 96 168 183 20 4 5 3 10 64 15 25 81 72 130 5385 49 101 1078 264 197 21 61 439 20 31 51 104 633 94 475 16 9 26 2 53 2 13 19 9 21 13 55 57 26 144 136 24 41 197 60 5 2 28 4 3 13 2 2 0 2 1 4 0 0 1 8 43 539 1444 73 18 373 23 1146 272 2371 82 8 7 5 10 121 11 920 19 10 11 8 15 27 36 15 39 100 1369 38 1182 9 11 156 30 208 285 1861 19 27 39 1 6 15 1 3 1 10 3 7 3 14 37 12 92 459 79 209 9 13 29 18 51 437 7 20 128 30 7 17 180 19 37 31 6 8 64 3 6 60 57 39 2 6 7 4 0 3
2 0 1 3 44 15 0 1 0 4 8 25 7679 24 346 3939 2374 3044 70828 7949 57 191 242 371 54 109 1028 360 20 21 12 41 251 40 37 10 705 4381 200 404 321 69 493 16022 576 4584 133 31 88 262 3 15 7 8 11 3 10 30 34 29 129 32 84 261 117 1622 17 25 43 17 22 170 467 10711 40 95 71 701 88 2 52 20 11 15 26 18 2 105 299 412 653 35 9 13 100 52 12 8 22 2 3 11 2 0 4 3 0 0 2 0 1 4 618 1075 1030 716 94 1222 310 2573 731 5661 703 53 24 64 135 192 82 1751 29 14 13 8 19 38 363 158 99 233 1314 547 867 15 100 240 30 107 427 2202 76 41 58 2 11 19 0 1 4 16 16 13 5 20 39 152 106 393 108 409 23 16 26 39 107 396 10 29 344 59 7 14 1152 38 95 35 2 26 76 9 8 107 91 32 2 8 19 18 0 29
8 0 1 2 28 8 1 2 1 0 4 8 47 145 1474 764 3006 795 7949 3885 57 190 494 257 90 184 367 54 29 29 27 15 80 35 109 52 388 579 195 925 483 44 180 433 21 145 207 12 28 29 1 2 5 16 6 5 19 65 88 73 152 9 25 32 14 26 13 38 39 5 6 22 53 476 74 27 6 49 8 1 12 1 14 10 19 26 16 19 21 27 57 20 6 7 31 57 1 2 26 3 0 0 0 0 0 1 0 0 1 0 0 0 383 189 33 452 53 91 184 54 358 501 253 31 13 30 88 25 54 161 2 1 4 3 4 7 194 102 22 106 15 471 15 5 29 41 2 2 147 51 40 4 3 1 9 3 0 0 0 3 2 0 1 3 4 115 5 22 22 11 11 3 2 8 2 16 2 2 31 3 1 10 134 8 6 5 0 2 4 2 3 7 21 2 2 0 11 11 1 10
67 26 59 54 178 197 24 23 62 107 130 447 2 21 117 38 78 52 57 57 12462 9071 2025 124 311 68 26 7 93 170 90 268 334 296 3 2 151 323 13 179 1530 40 105 57 9 25 72 9 70 7 5 8 18 15 14 2082 33 111 10 44 20 15 31 12 3 6 11 21 13 7 4 194 234 491 143 13 359 57 72 1 7 1 797 26 3807 104 20 10 2 2 15 32 12 16 47 90 261 98 492 6 7 2 38 20 0 28 2 3 8 21 12 38 4 1 0 14 11 2 24 2 39 4 15 30 18 13 19 1 1 4 8 0 32 84 2 36 6 3 108 37 1 47 0 12 21 1 0 0 30 10 38 1 1 1 0 1 3 3 1 1 30 12 2 15 0 7 0 5 4 0 29 7 5 14 5 0 1 2 4 1 105 121 73 7 1 68 0 0 1 12 27 6 0 6 26 7 25 9 0 8
87 22 49 57 233 266 32 24 116 135 224 667 5 37 117 62 218 92 191 190 9071 32267 3964 1139 6701 2121 137 17 188 230 124 493 694 704 11 8 416 842 58 3230 1501 383 1459 165 8 92 811 65 545 26 53 64 52 116 103 748 79 321 54 92 121 159 481 107 58 20 122 152 78 113 37 416 547 1134 310 94 644 147 144 8 95 11 1437 378 7558 1308 136 69 66 21 145 249 77 199 855 165 366 187 3920 17 15 11 67 41 4 50 6 8 26 33 40 60 25 5 5 53 22 6 79 10 143 28 67 83 34 19 38 4 5 7 9 1 52 111 3 48 8 19 163 86 13 148 10 16 58 12 3 2 92 29 68 15 12 3 2 4 3 6 5 7 37 20 4 17 8 24 1 10 17 12 45 6 5 21 21 17 4 17 46 9 158 187 181 12 14 118 4 7 27 12 33 42 22 5 47 9 45 12 0 12
6 1 3 0 33 24 1 3 5 4 13 22 4 401 1000 289 727 247 242 494 2025 3964 6922 8936 599 5916 379 51 18 23 18 31 156 155 34 39 755 418 145 3366 6311 2211 824 44 4 68 354 36 429 12 10 7 3 21 63 32 17 56 66 122 115 31 60 27 19 4 49 68 66 44 12 51 130 177 62 58 63 38 21 1 40 1 48 54 97 64 18 48 37 14 66 249 52 89 248 32 11 7 82 5 0 0 3 3 0 2 0 1 0 1 0 2 14 3 4 20 3 11 23 5 42 13 24 10 4 0 8 0 1 5 2 0 4 5 0 3 12 4 12 14 4 42 5 1 10 5 3 1 20 19 15 7 9 0 0 5 2 0 0 3 2 2 2 0 1 10 0 6 3 4 4 5 2 2 9 10 0 8 10 5 7 15 27 6 9 11 1 3 13 3 3 12 8 0 3 0 9 3 0 6
3 1 5 2 15 10 0 2 1 1 3 10 4 57 285 482 157 1662 371 257 124 1139 8936 20503 481 4034 4414 136 58 20 23 6 28 30 353 68 117 57 558 5906 2912 6141 4442 29 4 731 1406 27 659 10 13 9 25 72 91 32 49 66 447 83 722 40 87 196 62 15 109 158 51 28 21 12 31 131 76 65 11 3 6 0 34 5 67 89 61 141 46 46 38 12 126 229 27 84 231 44 4 5 147 34 0 0 0 0 1 0 0 0 0 0 0 0 10 12 25 10 4 11 11 69 10 74 25 2 2 2 7 2 3 18 3 1 3 1 2 3 3 4 5 4 28 13 37 0 4 12 3 1 10 92 3 13 5 0 0 2 0 0 1 4 0 0 0 3 2 8 12 18 7 13 1 1 3 1 17 36 1 6 24 5 1 1 31 1 9 0 1 4 12 0 1 10 5 0 0 1 1 0 0 1
25 7 30 15 56 53 10 10 40 19 42 101 2 9 36 20 46 45 54 90 311 6701 599 481 14828 900 147 33 271 57 122 77 103 81 8 2 74 115 25 3784 448 155 1034 58 2 71 4734 21 114 9 57 66 135 501 155 134 523 159 161 29 90 123 604 261 117 4 959 1566 89 79 29 74 106 705 323 32 217 37 26 7 37 0 743 1033 1313 3217 4685 23 16 9 83 95 49 56 543 88 93 78 6752 1227 2 1 14 3 0 8 0 0 0 3 7 8 5 5 1 9 15 8 19 1 30 6 23 21 9 10 15 0 0 4 3 0 9 25 2 10 3 3 64 41 1 35 0 5 19 1 2 0 28 17 14 4 9 0 0 1 2 2 1 4 4 3 1 5 2 3 0 2 2 0 10 2 3 7 21 11 1 7 33 2 23 41 96 5 10 15 1 3 11 5 15 18 14 0 6 2 11 9 0 4
0 1 0 0 2 0 0 0 0 0 1 1 2 23 97 159 66 130 109 184 68 2121 5916 4034 900 4237 1408 9 6 2 3 3 5 7 148 17 51 26 14 6262 504 241 354 12 0 20 312 8 91 2 2 3 5 18 8 10 9 5 86 10 20 11 35 10 2 0 25 18 7 9 3 5 4 62 9 21 1 2 3 0 4 1 27 26 22 41 14 8 5 0 11 39 2 12 115 1 0 1 44 3 0 0 0 0 0 0 0 0 0 0 0 0 4 3 1 6 1 5 7 3 7 9 9 2 0 0 4 0 0 1 0 0 0 0 1 1 3 1 1 4 1 6 2 0 3 0 0 0 2 1 1 1 1 0 0 0 0 0 0 0 1 0 0 1 0 3 0 0 2 1 0 0 0 2 1 1 0 1 7 2 0 0 5 0 3 1 0 3 3 0 0 3 4 0 0 0 0 0 0 0
8 0 2 2 36 5 2 2 0 3 6 10 13 1159 1403 1168 260 2663 1028 367 26 137 379 4414 147 1408 26176 9591 139 20 79 22 21 94 4873 517 214 66 399 3581 266 216 2346 23 1 316 1221 14 77 5 5 3 30 68 33 9 158 260 1175 410 149 32 163 1745 503 28 163 507 86 5 12 20 9 241 314 19 9 1 3 1 7 0 41 53 21 70 70 15 13 2 42 28 9 13 115 117 4 9 83 61 1 5 0 0 0 0 0 1 0 0 0 1 12 125 149 15 5 157 13 554 40 717 24 2 0 2 3 33 3 219 8 3 1 0 3 7 7 3 11 14 312 18 181 0 3 31 1 11 19 314 4 6 6 1 1 2 0 0 0 3 0 0 0 5 7 2 22 60 14 32 2 2 9 1 10 68 2 7 27 3 0 2 113 3 9 0 1 1 9 0 0 8 14 8 2 0 3 2 1 1
21 1 1 3 95 16 3 2 0 0 10 36 15 661 1763 6610 178 1466 360 54 7 17 51 136 33 9 9591 12729 274 90 185 75 28 204 532 320 190 82 2776 91 192 51 428 7 5 428 234 16 25 6 5 8 30 56 20 3 221 509 385 879 109 17 106 2224 1550 61 94 539 287 4 7 20 16 192 573 29 5 0 1 0 6 0 27 21 13 29 74 8 13 2 21 24 5 3 36 339 1 31 29 62 4 5 0 1 3 1 0 0 0 0 1 0 6 105 251 18 9 85 6 902 43 566 11 1 0 3 3 48 1 199 13 3 3 0 7 11 3 4 16 29 545 6 474 6 0 65 6 24 50 987 4 10 14 0 0 1 0 0 1 6 3 2 1 8 9 2 55 213 26 118 3 2 9 3 13 227 12 17 43 13 0 2 63 10 13 1 2 5 12 1 2 16 15 18 0 2 1 1 0 2
9714 301 1657 426 2004 1063 5026 1644 73 389 97 571 7 46 79 48 53 33 20 29 93 188 18 58 271 6 139 274 47977 11943 2605 266 119 52 19 5 70 45 186 78 327 36 350 9 4 46 141 134 63 21 103 159 2714 16536 1198 66 2639 136 20 8 123 171 709 205 669 11 10769 253 685 47 66 149 41 173 1198 133 76 12 39 8 63 5 843 3436 225 281 1076 21 26 10 74 122 40 32 306 1618 193 7510 397 640 21 6 146 76 5 110 9 7 40 63 70 145 0 2 5 2 4 3 11 10 9 2 5 27 10 3 7 3 0 3 16 0 76 133 1 48 0 2 85 23 8 4 8 13 50 9 15 0 24 61 7 14 20 3 4 11 9 7 1 2 56 23 8 29 5 0 4 9 27 12 40 6 4 4 32 55 4 6 92 22 242 159 30 5 38 90 0 8 15 2 47 28 26 4 97 14 18 6 0 0
11411 2173 541 3324 11938 5276 447 204 32 224 105 1291 3 25 48 26 72 29 21 29 170 230 23 20 57 2 20 90 11943 22479 5539 671 253 94 4 5 88 79 78 18 885 15 89 10 2 23 17 77 41 17 143 202 546 1248 550 150 3530 227 13 7 66 41 131 34 140 13 1053 54 282 11 34 241 45 67 461 115 16 4 70 10 60 2 831 603 441 233 86 14 18 11 34 144 51 17 64 963 142 916 147 84 25 6 154 85 5 138 8 19 67 111 87 158 0 0 6 2 4 0 3 7 10 3 1 14 2 2 2 0 0 2 7 0 67 97 1 21 1 1 41 9 7 7 9 17 31 5 5 0 14 43 2 8 11 0 1 3 0 4 3 2 37 16 2 32 2 2 1 7 18 13 21 2 1 4 22 34 2 4 55 8 190 83 19 3 26 47 3 7 8 2 26 19 14 4 117 10 20 9 0 1
323 314 53 655 8743 1049 81 25 2 30 17 588 2 35 56 30 73 24 12 27 90 124 18 23 122 3 79 185 2605 5539 11368 939 305 112 8 5 77 63 127 17 316 18 136 3 5 39 38 53 30 9 58 58 246 622 179 61 9602 379 18 8 70 44 213 98 363 7 1309 159 346 11 28 201 47 44 1391 92 10 2 40 3 30 1 382 398 251 290 555 12 11 6 30 52 30 10 75 2215 17 238 519 4852 1 0 12 3 0 10 0 1 3 8 6 14 0 0 4 1 1 0 3 7 4 3 0 4 3 0 3 1 0 0 4 1 3 7 1 4 1 0 12 6 9 5 8 2 4 6 3 0 10 32 4 5 9 0 1 5 1 1 0 1 4 0 1 3 0 0 0 11 23 10 3 0 1 2 35 16 1 1 40 6 13 10 15 0 18 5 1 2 10 0 0 17 12 0 7 1 2 2 0 0
125 31 43 59 4035 4489 44 29 29 244 467 3909 3 21 35 18 43 33 41 15 268 493 31 6 77 3 22 75 266 671 939 11076 5894 622 5 7 58 155 69 19 276 13 70 22 2 49 63 31 13 14 13 22 45 79 74 46 104 6306 43 20 55 31 71 33 93 16 58 264 121 10 8 2246 165 159 3444 57 89 7 434 1 16 1 192 99 226 100 102 7 13 9 32 30 11 4 35 4928 434 125 77 6 28 4 147 76 6 121 6 17 44 77 60 127 1 1 2 3 1 3 7 7 20 6 3 40 1 2 7 0 0 0 18 0 93 169 1 52 5 2 103 26 6 11 6 20 97 3 3 1 13 28 9 5 1 4 1 5 14 12 5 4 68 18 11 29 2 1 1 3 10 3 32 2 0 0 22 15 6 4 50 5 249 182 27 4 19 88 1 2 5 4 77 15 10 4 109 16 27 7 0 4
50 6 20 24 968 1139 18 7 19 93 344 2305 44 14 23 45 60 105 251 80 334 694 156 28 103 5 21 28 119 253 305 5894 4075 2238 5 6 112 4475 35 74 301 11 68 55 14 122 222 14 23 15 11 33 36 57 68 35 70 990 109 108 81 14 31 17 40 33 55 298 49 3 7 2494 3415 282 951 32 91 40 229 2 10 3 126 81 157 78 45 11 11 14 29 20 1 6 24 1149 190 63 98 8 8 4 43 23 1 28 3 10 19 33 26 45 5 3 5 17 12 6 33 10 69 22 30 47 24 7 23 2 3 7 13 1 43 76 1 46 6 7 123 54 9 52 8 17 46 3 6 0 53 37 40 4 4 0 1 0 9 5 1 4 46 13 5 17 3 9 3 8 7 14 33 5 5 14 5 14 3 2 42 2 119 160 87 13 10 84 0 0 6 3 49 7 10 1 28 11 28 10 1 11
13 8 2 4 320 119 6 3 1 7 11 45 2 65 133 62 123 65 40 35 296 704 155 30 81 7 94 204 52 94 112 622 2238 9116 41 80 550 3814 88 47 228 9 96 8 1 34 414 14 16 3 11 9 9 27 33 16 45 2550 827 4294 67 8 69 70 135 4 24 1226 107 3 3 145 314 54 1764 27 5 6 24 1 13 0 59 46 110 40 78 4 6 2 13 13 1 1 32 887 3 10 50 6 1 0 4 3 1 3 0 1 2 2 2 7 2 1 5 6 3 0 6 3 17 3 1 10 5 3 5 0 3 3 2 0 7 23 2 11 0 1 53 8 7 7 3 6 10 3 1 0 14 15 6 3 1 1 1 0 2 5 0 1 19 4 0 2 1 4 0 1 3 3 8 2 2 5 8 5 2 2 17 0 27 60 17 2 2 21 0 0 7 1 15 3 1 1 5 5 7 6 0 1
1 0 0 0 6 0 0 0 1 0 1 0 0 7499 5281 181 535 84 37 109 3 11 34 353 8 148 4873 532 19 4 8 5 5 41 8345 2446 250 27 66 4668 43 65 462 1 0 8 1144 5 27 0 0 1 3 14 1 0 18 105 1616 277 22 3 56 126 122 1 8 90 94 5 2 1 1 57 50 7 2 0 0 0 2 0 2 5 0 5 6 0 1 1 4 4 0 5 28 22 1 2 7 3 0 0 0 0 0 0 0 0 0 0 0 1 5 12 2 20 2 31 17 12 12 67 22 1 1 0 3 2 3 18 0 0 0 0 0 1 18 11 2 8 3 25 3 0 1 3 0 0 2 4 1 0 0 0 0 0 0 0 0 0 0 0 1 0 0 7 1 5 1 2 0 0 1 1 1 0 0 0 3 1 0 0 17 2 2 0 0 0 2 0 0 0 1 0 0 0 1 1 0 1
0 0 0 0 6 1 0 0 0 0 0 0 0 5123 3857 43 1635 23 10 52 2 8 39 68 2 17 517 320 5 5 5 7 6 80 2446 2859 3274 53 61 218 32 10 125 0 0 7 210 3 6 0 0 0 1 0 4 0 5 129 4975 1371 8 6 42 113 138 0 3 106 41 1 1 2 1 4 70 4 0 0 1 0 1 1 1 1 2 0 3 0 2 0 2 0 0 1 14 23 0 1 1 2 0 0 0 0 0 0 0 0 0 0 0 0 0 1 2 0 0 2 0 1 1 1 6 0 0 0 0 0 0 3 1 0 0 0 0 0 0 0 0 0 2 1 1 0 0 0 0 0 1 6 0 0 0 0 1 0 0 0 0 0 0 0 0 0 0 0 0 0 0 0 0 0 0 0 0 2 1 0 2 1 0 0 4 1 0 1 0 1 1 0 0 4 2 0 0 0 0 0 0 0
15 3 2 3 181 38 5 1 1 2 10 39 23 437 185 528 1175 440 705 388 151 416 755 117 74 51 214 190 70 88 77 58 112 550 250 3274 4364 2390 179 329 388 40 153 48 7 185 882 17 21 8 3 1 7 14 12 5 31 481 1193 4043 164 12 47 85 80 27 31 404 78 6 2 27 35 103 444 36 8 71 10 0 4 2 24 19 36 39 36 4 9 9 29 12 3 5 32 297 5 10 27 6 1 1 3 0 0 1 0 0 0 0 2 3 34 12 10 46 26 7 56 18 134 30 56 35 23 11 21 2 8 14 8 1 4 5 4 17 17 11 34 56 13 133 14 3 17 4 3 1 57 39 47 4 3 1 2 1 2 1 0 1 9 4 0 3 3 17 3 10 7 17 17 6 5 25 7 23 1 2 20 1 13 12 50 11 6 34 0 2 2 5 7 4 8 4 1 1 15 13 2 17
10 4 5 7 149 54 6 2 2 11 14 54 173 36 64 142 1428 466 4381 579 323 842 418 57 115 26 66 82 45 79 63 155 4475 3814 27 53 2390 9738 81 278 303 41 145 955 44 446 586 24 36 37 7 14 11 31 20 16 28 420 476 492 192 20 73 50 60 139 38 458 67 10 6 295 1473 822 415 55 41 107 57 2 17 3 68 40 98 52 59 21 48 46 128 19 6 8 65 263 8 12 76 7 2 3 3 0 2 4 0 0 2 1 4 5 55 22 17 121 51 34 135 43 257 122 169 71 37 21 66 7 9 32 8 2 9 10 4 33 39 30 372 150 28 259 35 11 48 20 7 1 120 159 104 9 13 1 1 6 2 1 1 2 19 13 4 6 7 58 2 37 29 50 37 16 11 45 20 64 4 3 109 17 20 82 181 24 24 51 0 3 12 13 30 14 22 8 6 1 45 25 0 33
18 2 4 4 93 21 5 3 4 3 6 32 89 154 826 1927 166 3794 200 195 13 58 145 558 25 14 399 2776 186 78 127 69 35 88 66 61 179 81 21096 50 775 333 1487 39 34 1598 89 385 173 43 11 21 15 37 77 13 136 293 106 429 7096 138 326 2043 4152 148 69 186 4012 32 84 43 13 81 361 2125 32 4 16 0 115 5 26 18 8 21 34 80 89 19 290 143 17 34 238 257 13 28 23 30 3 8 1 0 1 0 0 1 0 1 0 4 7 71 460 19 12 79 15 673 111 347 23 7 5 4 8 63 0 155 59 18 13 4 13 19 4 13 50 79 809 22 1259 8 6 254 72 40 164 3034 33 61 63 4 17 16 4 2 3 35 9 17 2 21 26 15 299 811 113 347 24 21 43 39 108 1420 23 77 527 102 4 5 36 49 147 33 15 15 103 7 8 104 137 22 1 6 9 12 3 8
6 1 5 2 14 10 1 4 5 3 7 14 3 588 915 275 519 167 404 925 179 3230 3366 5906 3784 6262 3581 91 78 18 17 19 74 47 4668 218 329 278 50 13255 657 581 1530 86 5 48 6435 11 196 5 6 21 36 113 49 23 82 58 510 104 63 45 185 122 44 2 213 165 35 25 8 36 114 795 61 28 22 18 18 0 9 1 97 176 132 259 79 8 16 12 52 67 21 40 296 40 7 6 273 17 0 0 1 0 0 0 0 0 0 0 1 1 61 30 6 101 22 114 65 22 104 139 172 19 4 16 30 3 6 54 0 0 2 4 3 7 46 38 24 40 3 149 6 2 22 20 1 1 27 21 30 4 6 0 1 1 0 0 0 0 1 1 0 2 1 19 1 4 5 3 4 4 2 6 8 9 0 6 14 2 2 4 125 7 4 6 0 1 9 1 2 9 15 1 1 0 5 5 0 6
742 440 1108 582 630 1030 134 480 78 546 174 1135 14 426 1278 738 588 1011 321 483 1530 1501 6311 2912 448 504 266 192 327 885 316 276 301 228 43 32 388 303 775 657 11199 3982 1891 77 28 649 231 446 3628 106 901 549 51 106 1402 1262 166 195 49 112 991 176 176 129 288 36 120 90 452 265 214 225 210 437 387 723 289 58 94 31 577 69 1060 140 665 176 86 634 547 108 847 3088 869 730 925 346 209 155 277 62 21 5 85 39 1 63 3 10 21 41 40 63 9 14 22 22 10 11 16 38 61 37 33 61 22 13 16 3 0 18 14 1 55 141 4 52 7 5 166 49 30 58 36 20 53 18 13 5 87 112 34 38 47 1 9 19 14 16 21 46 51 16 5 29 12 5 8 34 42 18 50 5 7 22 44 76 32 75 113 19 203 239 92 17 37 149 23 14 188 13 53 94 57 1 52 9 42 13 3 10
4 1 6 1 23 15 2 2 0 4 3 10 8 10 99 126 40 322 69 44 40 383 2211 6141 155 241 216 51 36 15 18 13 11 9 65 10 40 41 333 581 3982 6611 4958 26 13 437 313 61 2702 21 9 17 6 28 110 32 36 15 93 23 686 32 58 74 173 10 43 50 228 38 30 10 19 33 26 182 15 2 6 0 49 6 33 41 20 49 13 66 83 19 494 325 37 96 256 24 3 4 39 10 0 0 0 0 0 2 0 0 0 0 0 1 1 2 2 6 2 5 2 9 6 8 4 1 1 1 2 0 0 0 4 0 0 0 0 2 3 1 6 5 12 7 12 0 2 3 10 0 2 49 4 11 9 0 4 2 0 0 1 3 1 0 0 0 1 0 3 7 15 7 2 2 2 1 23 43 3 6 67 13 0 2 3 3 12 1 3 5 14 0 0 20 8 1 0 1 0 1 0 1
22 7 13 14 110 55 8 8 7 15 16 66 38 84 290 370 133 2597 493 180 105 1459 824 4442 1034 354 2346 428 350 89 136 70 68 96 462 125 153 145 1487 1530 1891 4958 14912 114 47 3256 2206 192 4652 140 40 44 102 352 156 45 375 195 909 201 4405 214 1298 6542 1061 95 546 646 1424 238 102 60 83 194 346 873 57 7 28 4 144 16 256 381 202 506 182 168 220 149 2892 753 162 613 6583 187 30 31 441 145 1 5 1 0 0 0 1 1 1 3 0 0 3 21 51 13 4 41 15 152 37 92 18 3 2 6 10 10 4 22 17 7 3 2 1 6 5 7 14 22 81 23 99 3 5 61 42 4 55 553 6 72 114 0 18 35 1 1 7 23 0 6 3 12 6 8 26 109 183 99 9 16 12 6 246 336 14 54 512 89 2 4 37 15 219 9 5 42 130 4 0 260 167 7 4 0 3 5 2 1
4 1 4 0 13 4 1 5 32 15 13 26 2244 1 7 20 76 272 16022 433 57 165 44 29 58 12 23 7 9 10 3 22 55 8 1 0 48 955 39 86 77 26 114 7729 2026 1017 125 31 44 932 8 49 14 20 19 5 12 0 18 5 51 41 90 39 31 513 17 20 42 17 12 1113 1578 2845 11 69 4149 2625 6589 91 68 224 28 20 34 27 19 258 379 741 833 20 8 11 76 4 99 40 29 1 1 1 3 1 1 7 1 4 1 1 2 3 47 32 25 98 49 69 136 158 267 250 140 91 46 28 70 15 12 78 7 2 3 10 4 26 37 26 161 177 58 232 47 6 37 19 26 2 138 252 108 25 39 2 2 26 13 5 15 15 11 4 4 7 7 51 10 39 52 116 31 17 11 36 87 108 3 14 251 40 13 58 303 13 67 36 3 26 46 10 20 70 43 4 8 4 26 27 1 16
3 0 5 0 3 0 11 11 145 34 7 10 2686 1 0 2 4 28 576 21 9 8 4 4 2 0 1 5 4 2 5 2 14 1 0 0 7 44 34 5 28 13 47 2026 14043 1912 13 29 20 6842 5 79 36 10 12 0 6 1 0 3 37 29 83 24 23 2315 4 5 79 13 18 479 72 358 3 68 2364 647 330 115 96 502 0 4 7 3 2 487 579 3545 2061 10 4 15 75 3 387 184 3 2 0 2 5 3 0 4 0 2 4 6 4 4 0 4 13 1 3 7 0 33 9 12 3 2 0 0 1 2 1 2 5 1 1 1 0 0 0 2 6 12 20 4 14 4 4 15 35 5 35 334 3 30 71 0 4 23 7 1 14 28 3 4 1 6 2 1 6 38 77 216 1 2 2 4 141 160 9 29 534 79 4 1 3 4 149 1 10 65 89 1 1 193 76 7 4 3 1 3 0 1
4 1 2 2 50 29 4 1 2 5 15 40 2444 11 28 103 65 2394 4584 145 25 92 68 731 71 20 316 428 46 23 39 49 122 34 8 7 185 446 1598 48 649 437 3256 1017 1912 9065 55 82 295 256 8 19 9 47 61 14 50 35 25 19 624 83 235 1987 649 5076 47 60 196 56 44 213 267 339 63 227 123 20 96 3 50 33 23 43 24 32 19 121 184 388 1598 156 14 72 388 62 35 12 36 18 9 8 0 2 6 3 0 3 1 2 0 1 3 56 837 38 20 91 24 902 213 385 38 9 11 3 10 89 2 114 79 36 19 12 30 43 9 17 80 135 990 45 1607 18 16 397 171 74 314 5937 42 62 75 4 23 25 4 7 5 24 15 40 10 28 30 17 522 1116 162 2005 50 53 82 46 111 2281 17 69 1039 205 14 22 40 86 238 48 8 22 138 6 17 152 188 34 4 11 12 15 6 16
9 1 15 5 40 20 4 6 5 9 11 40 3 174 244 61 485 96 133 207 72 811 354 1406 4734 312 1221 234 141 17 38 63 222 414 1144 210 882 586 89 6435 231 313 2206 125 13 55 17607 23 175 10 26 30 54 248 67 43 115 444 2830 673 87 90 527 628 324 12 383 4430 197 43 25 99 202 928 344 40 115 62 40 1 28 7 196 370 215 702 3034 13 12 10 86 45 30 30 483 104 14 15 747 76 0 0 1 1 0 2 0 1 0 0 0 1 35 13 5 83 46 35 111 13 139 49 145 43 15 21 55 2 5 26 2 2 1 7 1 12 36 30 70 93 8 143 10 0 28 11 2 1 52 39 54 7 5 0 4 3 1 4 0 3 6 3 1 1 2 21 3 11 13 11 11 8 8 5 17 24 1 8 36 4 5 24 157 8 10 16 1 1 12 1 6 18 6 1 1 0 19 8 0 12
18 3 4 5 71 24 4 5 3 6 5 44 3 12 32 30 15 168 31 12 9 65 36 27 21 8 14 16 134 77 53 31 14 14 5 3 17 24 385 11 446 61 192 31 29 82 23 29388 437 452 24 133 8 42 32 8 85 34 12 21 584 9913 3234 98 357 18 54 45 7390 775 6199 19 11 12 89 6487 12 4 11 22 2550 139 19 28 13 30 3 4003 3101 178 1073 333 225 244 620 76 2 18 19 15 0 2 1 0 0 0 0 1 0 0 0 1 3 2 10 1 2 8 2 15 8 9 1 0 3 2 11 0 4 5 11 4 2 0 2 1 2 3 7 2 12 17 11 17 1 79 62 7 38 112 5 563 707 17 88 217 16 18 47 252 2 3 2 5 3 2 4 31 455 29 10 8 6 4 679 181 134 505 762 73 3 4 16 6 510 10 82 194 1497 1 0 1724 654 6 4 1 0 8 0 2
12 4 17 5 32 17 0 11 2 8 10 25 7 5 78 72 17 183 88 28 70 545 429 659 114 91 77 25 63 41 30 13 23 16 27 6 21 36 173 196 3628 2702 4652 44 20 295 175 437 13410 116 32 50 13 49 123 34 46 30 50 14 615 148 126 58 198 21 80 40 511 346 144 16 24 20 52 975 23 2 18 5 252 16 47 68 50 76 6 386 504 134 1319 4088 439 3390 5032 27 8 11 59 12 0 0 0 0 0 0 0 0 0 0 0 1 2 1 4 1 0 2 1 6 1 7 2 1 0 1 2 1 0 1 4 0 0 3 0 2 1 0 6 0 10 2 3 1 0 12 22 1 12 45 0 72 79 0 10 31 3 0 3 29 0 0 0 0 1 1 4 19 77 18 1 4 0 0 140 54 15 59 187 19 2 4 4 0 84 4 10 20 129 1 0 154 57 0 0 0 1 2 0 1
10 1 12 3 16 10 12 8 157 37 5 17 277 0 5 6 6 20 262 29 7 26 12 10 9 2 5 6 21 17 9 14 15 3 0 0 8 37 43 5 106 21 140 932 6842 256 10 452 116 15341 37 723 24 9 21 2 13 6 5 2 98 306 392 15 49 2155 10 2 363 63 111 309 70 992 9 653 2032 912 198 1320 466 6201 9 7 11 3 0 3895 3144 11029 2803 54 19 48 351 25 446 190 8 2 1 2 7 3 0 7 0 2 3 10 1 6 0 1 5 3 1 6 1 10 4 3 2 2 2 0 0 0 0 1 2 2 2 3 0 0 0 0 8 3 4 8 14 5 0 16 47 2 18 93 2 163 199 6 14 87 92 19 151 197 2 0 0 1 0 0 3 17 103 48 2 2 3 2 163 83 61 172 418 38 6 3 6 2 168 5 40 212 476 1 1 513 131 1 6 2 0 0 0 1
206 26 317 48 81 115 75 210 18 193 19 86 1 0 3 3 2 4 3 1 5 53 10 13 57 2 5 5 103 143 58 13 11 11 0 0 3 7 11 6 901 9 40 8 5 8 26 24 32 37 8066 4594 33 42 606 57 26 6 3 1 20 11 29 7 14 14 42 13 16 62 35 19 16 105 39 26 50 3 7 166 611 47 249 136 53 91 25 101 36 7 34 6509 3793 100 45 39 33 39 42 11 2 0 9 1 0 0 1 5 0 5 7 5 1 0 0 3 0 0 2 2 2 2 1 11 4 2 2 0 0 0 0 0 7 13 1 5 0 0 30 5 0 4 0 14 11 2 6 2 10 3 8 7 4 7 0 14 266 92 399 560 9 2 0 3 0 2 0 0 2 3 6 0 0 4 0 3 203 77 6 0 18 54 31 1 4 29 88 17 140 0 3 10 18 0 9 2 5 1 0 0
264 65 425 63 90 150 113 307 56 224 19 129 14 1 2 3 0 5 15 2 8 64 7 9 66 3 3 8 159 202 58 22 33 9 1 0 1 14 21 21 549 17 44 49 79 19 30 133 50 723 4594 12104 53 59 909 56 47 14 5 2 27 71 73 15 36 237 71 15 115 278 135 66 25 508 72 138 396 170 29 7234 4960 1507 397 187 74 83 43 1567 218 119 101 1939 3222 167 81 57 125 84 58 18 11 0 19 11 1 9 3 29 5 8 8 6 0 0 4 4 1 0 1 0 2 0 4 12 4 3 6 0 0 0 3 1 11 23 1 18 1 0 50 17 2 6 0 29 25 9 34 13 34 11 5 40 29 31 1 171 1467 532 3487 1872 81 2 4 6 3 1 1 0 10 77 9 0 0 4 12 1 757 223 39 4 25 71 160 1 13 157 992 178 810 0 14 77 55 1 47 5 10 1 1 3
1015 81 644 78 188 176 744 979 245 597 33 209 4 4 5 3 4 3 7 5 18 52 3 25 135 5 30 30 2714 546 246 45 36 9 3 1 7 11 15 36 51 6 102 14 36 9 54 8 13 24 33 53 10832 5525 10358 6 199 25 3 1 22 39 132 40 95 7 600 64 87 8 6 105 18 157 195 9 155 9 26 13 7 20 2815 446 73 136 207 29 12 19 22 18 9 12 64 160 315 4224 172 103 2 2 34 4 0 13 2 7 9 14 13 18 1 0 1 1 1 0 1 0 8 1 1 11 3 4 4 0 0 2 4 0 18 34 1 22 0 0 71 17 2 6 0 5 22 2 0 0 18 7 7 1 2 0 0 0 2 1 2 0 8 3 0 7 2 2 0 3 3 1 4 1 0 4 4 7 0 1 15 3 35 63 36 3 3 34 0 2 1 1 10 2 1 0 22 5 10 2 0 4
1554 197 1158 178 446 432 933 1293 112 684 64 380 0 7 17 10 14 10 8 16 15 116 21 72 501 18 68 56 16536 1248 622 79 57 27 14 0 14 31 37 113 106 28 352 20 10 47 248 42 49 9 42 59 5525 16453 1925 18 758 59 24 2 58 110 439 149 243 4 6231 213 179 41 26 85 37 270 449 42 101 20 22 5 28 4 1468 8722 89 828 747 11 15 7 38 39 21 34 258 386 120 2261 756 345 5 0 46 24 2 28 0 5 10 19 23 32 1 2 2 1 3 2 2 3 9 4 9 26 3 3 8 0 0 3 7 0 18 60 3 25 1 2 93 15 3 6 6 8 18 5 3 0 30 22 17 2 3 2 1 1 0 4 0 2 18 5 3 9 2 4 2 9 10 3 10 1 2 8 11 25 0 4 37 6 73 93 56 4 10 60 0 3 6 2 17 10 12 0 28 4 16 3 0 5
963 107 892 138 181 240 590 1076 95 593 65 321 1 7 27 30 18 64 11 6 14 103 63 91 155 8 33 20 1198 550 179 74 68 33 1 4 12 20 77 49 1402 110 156 19 12 61 67 32 123 21 606 909 10358 1925 13191 472 134 44 5 4 90 41 124 39 79 3 296 53 79 27 24 70 58 335 216 76 131 13 41 38 82 19 4100 646 197 219 148 61 38 15 80 698 114 52 118 165 92 1185 172 61 4 0 50 18 2 16 1 6 15 17 13 32 0 1 3 3 2 0 3 4 22 2 4 37 16 4 8 1 1 1 11 0 30 72 1 38 0 0 140 39 5 17 2 14 38 1 2 0 52 10 22 4 0 1 0 1 7 4 6 4 17 9 1 8 6 2 0 5 4 2 24 4 3 17 3 2 2 3 17 2 98 177 90 4 3 113 2 5 14 4 32 9 4 3 25 7 27 9 1 7
124 57 169 77 96 163 34 93 13 68 48 187 0 2 10 12 2 15 3 5 2082 748 32 32 134 10 9 3 66 150 61 46 35 16 0 0 5 16 13 23 1262 32 45 5 0 14 43 8 34 2 57 56 6 18 472 3447 26 17 3 3 21 6 30 8 13 1 33 18 16 11 8 23 20 91 34 18 45 4 8 4 15 0 5786 100 2072 129 19 6 3 2 14 97 17 23 26 52 48 29 221 12 2 1 4 4 1 5 1 3 2 5 6 9 0 0 0 2 1 0 3 1 7 2 3 6 2 2 2 0 0 0 2 0 8 11 1 7 0 0 28 9 0 3 0 2 8 1 0 0 4 5 5 1 0 0 0 2 1 2 1 1 4 1 1 3 0 0 0 0 3 0 7 0 0 4 3 2 0 0 5 1 22 41 17 1 0 16 1 1 2 0 9 1 2 0 4 2 2 1 0 2
88 88 85 149 3349 210 14 10 5 27 6 103 10 21 48 21 40 25 10 19 33 79 17 49 523 9 158 221 2639 3530 9602 104 70 45 18 5 31 28 136 82 166 36 375 12 6 50 115 85 46 13 26 47 199 758 134 26 5398 113 18 18 88 120 722 304 656 3 2348 365 519 32 47 47 18 67 1555 84 20 4 15 3 45 1 194 304 93 376 2339 13 23 11 71 41 30 35 247 1851 22 123 2302 3740 1 0 9 4 0 5 0 1 4 0 2 7 0 0 0 1 1 3 6 3 6 3 2 3 1 0 5 0 0 0 2 0 5 12 0 4 2 1 10 5 3 3 6 1 4 5 6 1 7 66 7 5 7 1 0 6 1 0 2 4 2 0 0 1 0 1 0 3 21 13 1 3 4 6 29 37 2 5 83 11 14 11 9 0 19 9 0 1 9 1 4 19 17 0 4 2 1 1 0 0
24 4 10 13 1298 643 7 3 2 7 12 159 1 176 313 120 227 81 30 65 111 321 56 66 159 5 260 509 136 227 379 6306 990 2550 105 129 481 420 293 58 195 15 195 0 1 35 444 34 30 6 6 14 25 59 44 17 113 13459 3069 5950 101 32 193 181 437 2 64 4943 400 5 18 318 60 41 9749 90 5 1 57 0 13 2 69 51 69 47 263 5 9 2 25 29 10 9 81 2799 13 29 73 27 0 2 11 8 2 14 1 1 3 2 11 18 0 0 6 1 2 4 3 10 3 4 3 4 4 4 5 1 0 2 2 0 14 18 1 23 1 1 17 8 12 6 12 8 15 4 2 2 3 28 3 2 4 1 0 2 7 0 0 0 14 2 1 5 4 0 6 6 7 6 13 1 2 0 15 12 0 4 36 4 42 44 7 3 12 22 0 2 7 1 20 12 5 3 10 4 7 3 0 0
2 0 4 2 12 3 1 0 0 0 6 5 1 421 504 61 518 72 34 88 10 54 66 447 161 86 1175 385 20 13 18 43 109 827 1616 4975 1193 476 106 510 49 93 909 18 0 25 2830 12 50 5 3 5 3 24 5 3 18 3069 6525 9812 59 30 235 467 305 2 35 1678 130 8 6 21 35 82 453 26 4 11 3 1 2 0 13 24 10 46 73 4 4 3 23 7 4 11 164 62 1 3 67 8 0 0 0 0 0 0 0 0 0 0 0 0 6 4 4 16 7 6 22 14 30 12 22 8 3 2 7 0 0 7 2 0 1 2 1 6 9 11 9 11 5 43 7 0 4 1 1 0 12 19 7 1 3 0 0 1 0 0 0 0 0 1 0 1 0 5 2 4 0 1 4 0 1 3 10 8 0 3 11 2 1 5 26 2 5 2 0 1 0 1 2 7 5 1 0 0 3 1 0 3
1 0 1 0 14 5 0 0 0 1 0 1 0 765 642 254 527 130 29 73 44 92 122 83 29 10 410 879 8 7 8 20 108 4294 277 1371 4043 492 429 104 112 23 201 5 3 19 673 21 14 2 1 2 1 2 4 3 18 5950 9812 6480 70 18 150 224 484 1 8 1803 323 5 3 10 13 10 679 64 0 1 1 0 7 0 6 8 9 10 39 3 2 0 19 10 1 3 46 61 0 0 7 3 0 0 0 0 0 0 0 0 0 0 0 0 2 3 7 3 0 4 1 7 4 13 3 0 0 0 3 2 0 7 1 0 0 1 0 0 0 2 2 4 10 3 10 0 1 5 0 1 2 35 1 1 2 1 1 2 0 0 0 0 0 0 0 0 1 1 1 8 6 1 1 1 1 2 4 14 0 3 14 3 0 1 3 0 6 0 0 1 5 0 0 8 5 0 0 0 0 0 0 0
12 2 6 3 63 17 5 2 3 8 11 33 34 17 93 183 58 5385 129 152 20 121 115 722 90 20 149 109 123 66 70 55 81 67 22 8 164 192 7096 63 991 686 4405 51 37 624 87 584 615 98 20 27 22 58 90 21 88 101 59 70 11646 315 1142 1152 327 306 96 72 3099 125 151 54 59 37 127 8740 28 1 27 3 212 18 36 52 29 59 24 192 223 49 4152 280 66 195 1055 111 12 10 57 29 2 17 1 0 3 2 0 5 1 1 1 1 5 14 136 13 14 51 8 151 87 88 14 6 8 2 9 17 2 28 68 23 9 5 11 24 3 7 69 72 260 23 450 11 10 184 176 11 170 2003 32 89 100 1 24 53 4 4 4 25 12 20 6 33 23 5 138 440 235 442 32 40 46 42 221 1274 18 49 1296 245 8 15 20 52 248 24 3 26 115 12 11 185 258 13 0 4 9 5 6 15
7 3 3 3 46 11 3 3 3 3 2 12 5 5 15 9 6 49 32 9 15 159 31 40 123 11 32 17 171 41 44 31 14 8 3 6 12 20 138 45 176 32 214 41 29 83 90 9913 148 306 11 71 39 110 41 6 120 32 30 18 315 10805 7069 331 643 17 162 64 2784 5773 2157 16 9 18 80 1078 21 5 9 45 745 258 47 89 44 107 20 603 509 184 730 125 144 584 1182 58 5 27 105 31 0 1 0 0 0 1 0 3 1 0 0 1 0 2 2 2 4 17 0 13 4 6 1 1 5 2 12 2 0 4 2 4 1 0 1 3 1 1 11 8 5 14 6 17 8 72 51 6 15 84 8 648 657 21 66 149 47 19 84 471 0 2 0 3 4 1 5 33 355 24 2 5 5 5 447 119 276 930 522 59 0 6 2 11 373 7 155 135 2122 4 1 1377 600 6 1 0 3 8 2 5
24 5 16 7 114 33 10 9 5 13 12 63 11 11 38 20 28 101 84 25 31 481 60 87 604 35 163 106 709 131 213 71 31 69 56 42 47 73 326 185 176 58 1298 90 83 235 527 3234 126 392 29 73 132 439 124 30 722 193 235 150 1142 7069 21879 6388 7119 54 664 455 5362 632 689 24 41 41 355 1369 55 4 18 11 431 23 191 342 169 447 156 160 486 289 2093 103 94 107 4306 245 11 78 434 209 1 3 0 0 2 0 0 1 1 1 0 1 6 6 13 5 4 16 5 25 15 23 5 1 8 2 8 2 2 4 11 1 2 2 0 5 1 4 10 21 16 18 14 11 12 114 73 11 59 179 6 295 491 5 94 179 6 3 14 71 1 4 0 3 2 2 7 57 576 58 5 10 7 6 948 304 47 156 1173 121 3 3 7 14 721 12 21 127 525 2 2 1287 587 3 3 4 0 7 1 4
6 1 2 1 42 7 1 3 3 2 9 18 67 44 60 76 52 1078 261 32 12 107 27 196 261 10 1745 2224 205 34 98 33 17 70 126 113 85 50 2043 122 129 74 6542 39 24 1987 628 98 58 15 7 15 40 149 39 8 304 181 467 224 1152 331 6388 12433 8332 119 258 522 687 62 60 35 20 94 337 98 36 3 12 2 49 5 76 115 36 151 119 35 44 18 463 38 29 34 1023 139 10 27 189 140 0 4 0 1 0 1 0 1 0 0 0 0 5 20 103 13 6 26 6 313 21 112 8 2 2 0 2 15 0 39 20 7 1 1 2 10 1 4 18 23 228 6 319 5 4 78 22 4 45 1226 5 34 41 3 9 5 1 1 1 12 9 5 4 7 11 7 95 232 50 176 16 16 18 5 48 465 12 41 342 69 1 2 20 18 95 6 3 8 63 3 2 68 96 7 2 0 0 1 1 2
33 2 11 3 114 31 7 5 3 5 15 53 39 147 251 132 51 264 117 14 3 58 19 62 117 2 503 1550 669 140 363 93 40 135 122 138 80 60 4152 44 288 173 1061 31 23 649 324 357 198 49 14 36 95 243 79 13 656 437 305 484 327 643 7119 8332 12068 70 422 652 5229 101 207 35 12 56 808 215 31 1 14 2 118 7 82 114 31 87 146 40 59 49 314 89 38 48 733 435 16 88 128 220 0 5 0 0 1 0 0 0 1 0 1 0 1 8 86 6 6 30 2 194 26 63 6 1 1 4 4 10 0 24 15 3 1 1 2 8 2 7 12 21 198 5 314 4 1 86 56 7 52 967 5 52 58 2 12 20 3 1 1 14 7 9 3 10 5 5 87 219 107 121 11 16 16 14 150 506 14 40 584 111 1 6 9 13 164 4 4 20 86 3 7 130 150 13 4 2 1 3 3 4
2 0 2 1 24 7 6 6 45 6 6 10 1226 0 1 10 15 197 1622 26 6 20 4 15 4 0 28 61 11 13 7 16 33 4 1 0 27 139 148 2 36 10 95 513 2315 5076 12 18 21 2155 14 237 7 4 3 1 3 2 2 1 306 17 54 119 70 1478 10 0 54 9 12 106 87 1368 8 70 833 980 109 362 53 594 6 4 5 3 4 353 243 671 3319 17 6 9 52 8 124 31 7 1 1 3 4 1 1 3 1 1 3 4 3 0 0 22 211 3 1 12 3 240 29 135 10 1 1 0 4 8 0 19 6 1 5 1 1 5 3 2 11 23 117 5 111 4 4 34 44 17 54 925 1 19 19 2 5 15 47 1 62 47 3 1 3 3 6 3 29 62 33 1314 3 2 4 5 52 123 11 15 233 33 1 9 37 4 53 7 4 32 43 0 3 82 42 5 1 1 4 2 1 3
163 68 238 141 438 248 31 92 20 105 28 223 4 9 16 10 19 21 17 13 11 122 49 109 959 25 163 94 10769 1053 1309 58 55 24 8 3 31 38 69 213 120 43 546 17 4 47 383 54 80 10 42 71 600 6231 296 33 2348 64 35 8 96 162 664 258 422 10 10698 461 274 66 32 52 35 240 739 57 79 17 19 7 46 1 467 3998 144 3429 1816 21 19 7 88 73 39 59 399 540 76 160 1718 966 2 0 10 3 0 9 0 0 3 6 8 6 2 1 1 3 2 2 3 4 14 1 2 14 2 1 5 0 0 0 2 2 3 16 0 16 3 1 46 11 3 5 3 8 11 9 3 1 18 33 7 5 10 0 0 4 2 2 2 0 6 1 1 1 2 3 3 7 9 5 4 0 2 1 24 46 1 5 67 5 35 42 35 3 16 20 2 2 17 0 6 14 9 1 12 3 6 1 0 2
16 3 8 6 91 25 0 1 5 6 45 98 2 109 167 73 131 61 25 38 21 152 68 158 1566 18 507 539 253 54 159 264 298 1226 90 106 404 458 186 165 90 50 646 20 5 60 4430 45 40 2 13 15 64 213 53 18 365 4943 1678 1803 72 64 455 522 652 0 461 9015 414 18 19 106 83 197 3753 66 44 16 30 2 19 1 139 225 104 413 2297 4 9 2 45 22 13 20 215 338 12 27 702 244 0 0 0 1 0 2 0 1 3 1 0 0 7 1 2 6 7 4 18 5 16 7 8 12 4 6 9 1 0 2 1 0 0 5 1 3 0 1 13 17 4 11 4 3 7 2 2 0 9 29 10 6 4 0 0 0 1 0 0 1 3 0 0 1 2 1 0 8 4 3 4 2 1 5 15 14 1 3 39 9 5 13 40 2 13 4 0 2 8 1 4 6 14 1 2 0 3 4 0 1
46 2 10 8 221 60 10 6 2 4 24 87 12 167 449 381 78 439 43 39 13 78 66 51 89 7 86 287 685 282 346 121 49 107 94 41 78 67 4012 35 452 228 1424 42 79 196 197 7390 511 363 16 115 87 179 79 16 519 400 130 323 3099 2784 5362 687 5229 54 274 414 11715 274 947 35 22 20 778 9416 29 6 9 3 817 14 80 88 40 74 109 183 300 167 1294 153 135 101 963 528 12 99 70 120 2 8 1 0 2 2 0 3 1 1 1 3 2 5 40 8 6 32 4 41 43 21 8 2 5 4 9 3 2 8 33 13 6 0 5 8 3 5 24 40 56 16 66 13 5 137 202 15 134 765 10 260 431 13 75 228 7 7 13 44 8 13 2 14 17 6 26 168 664 167 9 20 7 16 1229 827 41 136 2186 317 5 10 8 23 873 25 12 148 346 3 2 1079 624 11 3 3 5 7 5 6
11 1 11 2 10 11 1 4 0 9 3 9 2 0 13 11 1 20 17 5 7 113 44 28 79 9 5 4 47 11 11 10 3 3 5 1 6 10 32 25 265 38 238 17 13 56 43 775 346 63 62 278 8 41 27 11 32 5 8 5 125 5773 632 62 101 9 66 18 274 4347 1137 9 6 9 25 284 13 2 3 50 1067 183 35 36 28 59 11 660 246 61 265 456 1345 2625 1743 19 4 7 46 8 0 0 0 0 0 0 0 0 1 0 0 0 0 0 3 1 1 3 2 0 0 2 0 1 3 0 4 4 0 1 1 0 1 1 0 1 0 0 4 1 3 1 0 3 5 12 26 1 7 19 1 203 153 18 27 52 40 29 112 480 2 0 0 0 1 0 0 9 69 6 3 0 0 1 99 16 227 431 157 21 1 2 6 1 84 4 150 58 985 0 0 344 169 1 3 0 0 0 0 1
10 0 10 4 22 11 4 7 0 4 5 12 4 2 11 5 2 31 22 6 4 37 12 21 29 3 12 7 66 34 28 8 7 3 2 1 2 6 84 8 214 30 102 12 18 44 25 6199 144 111 35 135 6 26 24 8 47 18 6 3 151 2157 689 60 207 12 32 19 947 1137 7584 5 19 10 35 1377 24 1 4 57 3663 310 14 31 12 29 14 2120 531 76 498 260 504 353 302 27 6 10 35 10 0 1 0 1 1 0 0 2 0 0 0 0 0 1 1 0 1 3 1 4 3 5 0 1 0 1 6 1 0 1 1 0 0 1 0 0 1 0 5 0 1 4 0 7 4 28 23 4 7 22 1 256 227 20 23 65 57 33 124 661 2 0 0 0 2 0 0 5 70 12 3 1 0 5 103 29 303 693 142 17 0 1 9 2 72 6 206 62 1522 1 1 376 207 1 2 0 0 0 0 1
