28595 13136 10734 3452 1436 4508 11113 16423 340 1621 185 1443 1 0 1 3 0 5 6 5 127 35 4 5 16 1 5 7 7288 6075 397 18 42 8 1 0 5 4 6 4 1972 4 2 6 2 1 8 35 77 1 55 311 1708 1603 702 541 41 6 1 4 9 145 7 3 11 2 149 17 9 179 176 69 5 15 27 29 44 2 18 4 266 2 3237 618 674 28 24 43 72 6 25 377 205 242 137 39 175 4403 18 6 86 18 216 372 18 648 26 26 109 188 344 256 0 0 0 0 0 0 2 3 2 0 2 9 1 0 1 0 0 0 24 1 142 130 3 56 0 0 31 5 0 0 0 27 56 1 1 0 5 1 2 3 1 12 0 2 15 5 3 7 8 2 2 13 24 0 2 2 1 1 36 1 13 2 2 1 6 11 4 0 196 79 8 8 1 85 3 3 10 0 54 3 5 45 229 33 21 3 0 0
13136 13663 11834 15546 6030 8908 589 1076 85 431 429 2250 1 2 4 4 4 2 2 1 158 48 2 2 10 0 3 3 1491 8974 1560 19 52 5 2 1 9 3 3 2 1312 4 5 3 2 1 13 16 34 1 16 76 526 749 225 319 64 8 0 5 5 40 4 4 15 0 133 12 11 90 64 81 7 13 26 14 63 1 16 0 91 1 1493 533 719 51 17 17 33 3 14 122 79 81 49 54 140 789 33 5 82 23 305 472 16 775 27 29 117 153 426 351 0 0 1 1 1 2 2 2 5 1 0 17 8 0 0 0 0 0 32 1 132 156 3 67 1 0 22 10 1 4 0 38 58 1 1 0 3 4 1 2 1 10 0 2 5 4 3 7 18 4 3 15 30 0 0 0 0 1 31 2 20 1 0 1 3 5 3 1 265 82 11 3 0 88 2 0 1 2 65 1 3 48 303 23 26 2 0 2
10734 11834 18600 8859 202 5732 1103 2834 541 6255 1977 35321 1 0 4 7 6 5 5 3 239 106 6 4 31 2 3 2 873 763 69 20 36 5 1 1 15 9 5 0 1415 6 3 6 2 2 20 21 53 1 31 124 651 812 333 451 28 6 4 1 10 92 5 7 14 1 140 31 9 138 126 74 9 23 31 13 124 5 20 3 168 2 1818 626 1058 54 27 41 59 1 18 192 141 156 118 29 283 939 48 5 255 58 783 1177 47 1830 108 82 356 466 1103 697 0 1 0 0 3 1 1 6 1 0 3 16 13 2 3 2 0 0 84 0 308 248 5 106 0 0 41 12 1 2 1 51 106 0 1 0 5 3 3 13 2 14 1 5 9 9 5 7 28 6 17 30 62 1 3 0 0 8 60 7 38 5 1 0 13 17 3 1 597 153 24 17 1 184 4 1 11 3 111 5 10 72 600 79 43 3 0 2
3452 15546 8859 25994 13494 18832 53 44 26 207 451 4936 2 2 2 2 4 2 8 4 244 94 3 4 24 1 1 3 380 1542 1020 5 26 1 1 0 8 5 1 5 898 2 1 5 0 1 11 5 9 0 3 17 115 272 89 155 34 3 0 1 4 13 0 0 5 2 65 8 2 17 17 75 10 10 11 3 80 1 18 0 27 0 706 467 809 61 13 5 8 0 2 28 20 17 13 14 162 150 39 5 124 43 384 642 22 982 42 34 171 175 527 392 0 1 0 0 2 1 4 1 2 2 0 6 7 0 0 2 0 0 35 1 208 162 3 65 0 0 23 6 0 3 0 22 68 1 2 0 6 3 1 3 2 11 3 3 4 5 0 2 8 5 4 20 40 0 4 0 0 5 39 2 26 3 1 0 9 7 1 0 304 103 11 9 0 104 3 0 7 2 59 0 6 39 316 49 35 1 0 0
1436 6030 202 13494 9307 9607 158 25 3 33 121 1591 0 7 17 61 19 28 17 29 310 330 15 2 57 3 11 42 2088 6365 7535 328 333 161 3 6 74 74 71 5 742 10 10 9 2 5 14 94 21 0 11 18 259 573 115 175 1151 69 3 21 12 68 18 12 81 1 268 16 117 39 40 173 37 15 215 55 53 1 69 0 42 0 963 708 916 139 27 8 9 0 9 43 28 19 20 1717 59 444 136 172 22 7 69 118 4 185 3 6 31 16 94 111 0 2 0 0 4 0 2 11 5 2 2 7 1 1 1 1 0 0 10 0 65 69 4 40 0 0 23 18 4 1 3 14 27 3 4 0 6 23 3 1 3 3 1 0 4 2 0 5 4 2 3 7 10 1 7 3 0 2 7 0 7 0 2 3 1 2 8 2 113 53 7 3 0 42 0 1 2 2 17 4 0 11 103 10 12 1 0 0
4508 8908 5732 18832 9607 9459 282 142 62 514 873 14311 2 5 15 34 13 31 28 22 795 835 30 7 131 0 14 16 1063 5326 3739 3067 2625 198 2 2 53 65 47 12 1415 5 13 16 2 6 37 94 24 0 12 29 263 513 143 320 187 134 6 19 14 68 16 8 57 0 163 26 102 41 33 594 91 38 990 33 156 3 162 1 55 2 1255 836 1718 248 42 9 18 2 11 59 32 44 40 935 381 507 314 22 133 51 369 660 33 985 34 41 161 191 591 454 0 0 3 1 3 4 5 10 11 1 4 22 5 1 1 1 0 0 36 0 209 214 4 111 1 0 42 24 4 16 6 50 94 0 5 0 23 16 4 2 4 12 2 3 8 7 3 4 24 7 9 23 40 0 8 4 1 6 55 7 28 2 0 5 9 12 4 0 418 173 20 7 1 168 2 1 9 3 76 2 13 40 402 44 36 3 0 3
11113 589 1103 53 158 282 8291 7087 643 3499 363 562 2 0 1 2 0 1 0 0 12 10 0 1 3 0 2 3 2181 982 135 2 13 5 0 0 4 3 5 1 122 0 0 1 1 0 0 5 7 0 14 55 717 286 199 60 17 0 0 0 1 21 6 1 5 0 2 4 7 36 24 21 5 6 16 4 38 2 6 0 38 2 556 31 22 2 3 7 8 0 4 47 49 31 19 25 356 4968 3 1 4 2 28 32 1 33 4 2 10 10 20 18 1 0 0 0 0 0 0 0 2 0 0 1 2 0 0 0 0 0 1 0 14 11 0 7 0 0 8 4 0 0 0 2 5 0 0 0 1 1 0 1 0 2 0 0 3 0 1 2 1 0 0 0 1 0 0 0 0 1 1 0 0 0 0 1 1 2 0 0 17 19 6 1 1 11 0 0 3 1 4 0 0 4 21 3 0 0 0 0
16423 1076 2834 44 25 142 7087 29430 2329 18642 429 1148 1 0 1 2 1 2 1 0 13 6 0 0 3 0 3 1 419 251 36 2 5 5 1 0 1 2 3 1 480 0 1 2 0 0 1 11 36 1 32 137 948 545 361 228 5 1 1 1 2 56 3 0 5 0 33 4 3 89 78 8 3 4 18 14 11 2 3 1 137 1 1325 163 97 2 4 14 23 4 7 171 120 102 57 7 69 2040 4 3 28 5 61 108 2 161 15 9 38 63 98 49 0 0 0 1 0 0 0 0 0 0 0 3 1 0 1 0 1 0 3 0 22 16 0 11 0 0 5 4 0 0 0 4 11 0 0 0 1 0 0 0 1 3 0 0 5 0 3 1 1 0 1 1 6 0 1 0 0 0 4 0 1 2 1 0 1 1 2 2 25 14 2 1 0 14 1 1 1 0 8 2 2 6 40 10 6 0 0 1
340 85 541 26 3 62 643 2329 848 4708 731 431 85 0 0 1 0 0 2 0 6 13 2 0 6 0 0 0 38 48 9 3 21 1 0 0 0 1 0 1 32 0 1 30 102 0 1 2 3 37 3 29 164 40 71 15 3 0 0 0 0 6 0 0 3 4 4 1 0 10 4 139 4 77 4 0 500 88 62 2 21 47 86 6 10 0 0 6 3 14 9 11 10 7 7 7 2463 937 3 1 2 1 8 16 0 10 1 2 6 6 20 6 0 1 0 0 1 3 4 2 4 10 6 0 0 1 0 0 0 0 1 0 3 3 0 4 0 0 1 3 0 2 0 0 4 0 0 0 11 4 0 0 0 0 0 0 4 0 0 1 0 0 0 1 3 0 4 0 0 3 0 0 0 0 0 1 0 0 1 1 10 6 2 1 1 3 1 1 1 0 1 1 0 0 12 1 0 2 0 0
1621 431 6255 207 33 514 3499 18642 4708 26792 16899 21456 13 1 1 2 1 1 1 0 23 13 0 0 3 1 1 0 254 125 26 9 22 2 0 0 0 3 2 0 217 2 1 6 2 1 3 8 19 5 16 72 763 287 319 84 5 3 3 0 3 26 1 4 3 0 16 4 1 44 52 164 2 3 9 4 859 6 25 0 89 5 615 53 76 4 4 13 18 1 9 90 68 67 34 15 3002 3103 8 1 192 36 410 569 22 949 109 65 318 402 641 271 0 0 0 0 1 1 2 4 3 1 0 5 2 1 0 0 0 0 25 0 72 65 2 28 0 0 18 7 1 2 2 15 23 0 1 0 1 3 1 1 1 8 0 3 4 7 2 6 6 5 7 13 13 0 1 0 0 9 20 3 7 1 0 0 2 4 1 0 153 44 10 3 0 94 1 3 8 0 37 2 0 9 212 42 10 5 0 0
185 429 1977 451 121 873 363 429 731 16899 6069 5570 8 1 0 0 2 3 10 4 93 104 16 1 19 0 1 2 112 189 64 24 89 7 0 0 2 6 2 1 174 1 0 35 4 2 8 7 2 1 1 7 178 78 81 41 18 10 2 0 0 9 0 1 7 0 20 8 3 8 8 703 25 49 14 6 524 8 160 1 15 3 204 63 149 19 6 3 2 2 8 17 8 10 2 56 4084 754 34 1 211 42 554 784 25 1487 88 79 289 492 861 460 0 0 0 0 4 1 5 2 1 1 6 16 6 0 1 0 1 0 42 0 174 123 2 67 1 0 21 9 1 6 1 24 68 0 3 0 12 2 0 2 1 10 1 5 4 4 0 5 11 3 11 14 21 0 2 0 0 8 23 2 14 0 0 1 5 7 3 1 273 113 26 4 0 138 2 1 9 2 71 4 5 38 565 61 21 0 0 1
1443 2250 35321 4936 1591 14311 562 1148 431 21456 5570 26023 9 4 13 33 15 16 56 49 911 1025 64 5 137 6 12 14 641 1530 771 1868 5767 249 2 4 38 71 31 17 1294 4 14 101 10 15 45 56 17 5 11 47 358 490 197 254 106 295 10 22 9 50 6 12 44 2 123 62 60 46 35 4375 739 153 854 29 982 20 839 1 58 2 1089 635 1443 215 36 13 17 7 29 79 43 42 30 1247 2676 706 253 22 352 91 945 1540 55 2472 101 141 468 624 1430 1004 1 3 4 3 6 7 16 14 32 9 8 49 19 2 6 1 0 1 100 2 471 469 16 263 1 0 142 96 8 26 3 114 195 5 4 0 55 18 13 13 0 28 1 6 17 14 3 14 42 8 20 52 111 1 5 3 1 14 94 0 65 9 1 6 18 15 14 3 932 498 99 21 2 438 7 3 11 6 186 11 16 96 1018 96 104 8 0 6
1 1 1 2 0 2 2 1 85 13 8 9 9573 2 5 23 9 519 4259 43 2 7 4 21 4 2 142 130 9 1 7 3 4 2 0 1 10 62 153 3 42 10 15 9049 4667 4593 2 79 13 512 1 10 22 9 3 2 12 2 1 2 29 15 17 100 140 411 5 5 39 4 60 46 100 1066 3 11 2191 507 152 25 32 90 3 13 5 0 0 112 144 958 721 4 2 3 13 6 803 78 0 1 1 1 3 5 0 8 0 0 1 5 7 2 10 114 1838 20 5 133 15 2545 71 1832 43 7 4 3 4 24 0 45 11 6 4 4 5 11 1 9 43 65 517 14 210 3 12 8 752 87 232 3867 1 9 28 1 0 34 7 2 3 8 3 4 0 2 2 2 1080 156 25 1162 9 8 1 0 30 363 3 4 308 34 2 30 404 1 51 15 17 28 80 2 3 95 17 6 5 0 5 3 0 3
0 2 0 2 7 5 0 0 0 1 1 4 2 2838 7409 179 150 48 21 13 11 22 623 254 3 61 3453 1234 184 6 71 1 1 14 3050 4940 924 15 79 1789 636 9 83 4 0 9 253 9 6 0 0 5 33 92 3 4 294 17 373 177 19 16 69 443 173 0 172 249 93 8 4 0 0 2 71 7 0 0 2 0 2 0 39 54 12 6 8 0 2 0 14 2 1 7 19 53 1 7 20 66 0 0 0 0 0 0 0 0 0 0 0 1 14 71 29 27 3 189 31 106 63 539 134 3 1 2 5 3 4 35 3 0 0 2 4 0 26 17 8 25 6 34 5 1 5 4 2 2 38 18 0 1 2 0 0 0 0 0 0 0 0 0 0 0 0 5 8 7 4 0 1 0 0 0 4 16 1 0 9 1 1 10 12 0 3 14 0 0 1 1 0 1 4 0 1 0 1 2 0 0
1 4 4 2 17 15 1 1 0 1 0 13 5 7409 20320 9231 348 521 145 517 38 40 2257 261 6 74 1973 5615 165 7 58 15 3 23 541 817 915 70 532 550 3059 55 133 8 3 28 78 49 107 0 3 4 28 70 2 5 256 34 126 63 32 155 103 222 505 0 131 104 338 60 10 0 3 6 116 61 2 0 2 0 7 0 48 46 11 4 6 3 20 6 24 70 11 72 279 139 1 8 13 70 0 0 0 0 0 3 0 0 1 0 2 1 19 111 38 56 3 362 81 208 82 998 254 7 1 13 6 3 5 57 1 1 2 2 1 6 46 37 14 56 22 83 13 1 10 15 5 0 84 46 4 6 7 0 0 3 0 0 0 1 1 0 0 0 2 9 27 17 14 2 3 2 4 0 10 27 2 1 20 3 2 18 22 0 5 19 1 0 6 0 2 8 10 0 1 0 2 0 0 1
3 4 7 2 61 34 2 2 1 2 0 33 23 179 9231 15321 710 3544 3155 1945 18 61 765 375 20 80 603 2198 209 32 125 99 46 34 22 26 608 291 1656 152 2108 282 169 53 3 68 43 122 243 1 4 6 16 51 16 6 275 115 41 20 67 176 81 89 688 5 74 75 258 110 22 12 69 15 252 150 2 1 9 1 8 2 64 50 24 8 5 4 47 2 54 175 22 150 487 506 0 15 6 149 0 0 2 2 0 2 0 0 2 0 5 3 79 284 398 40 7 106 31 558 52 1261 60 15 3 14 4 42 7 465 1 1 7 21 15 52 56 44 58 57 215 58 74 9 15 9 64 20 117 315 7 8 7 4 0 7 2 4 0 3 4 2 1 2 7 6 53 37 13 11 3 5 14 2 7 44 5 4 32 4 19 85 59 5 7 34 3 1 14 0 13 13 10 3 5 1 5 1 0 1
0 4 6 4 19 13 0 1 0 1 2 15 9 150 348 710 845 173 2922 602 104 209 748 94 18 38 150 104 58 8 49 26 50 31 228 800 2471 1760 32 109 636 21 34 88 14 29 124 17 17 3 0 3 5 16 3 2 92 34 175 111 15 23 16 47 55 0 28 99 26 7 3 4 90 62 98 16 2 21 4 3 5 8 17 19 24 3 7 3 2 5 43 18 3 10 48 110 1 5 17 54 1 2 2 0 1 0 0 2 0 0 2 2 32 65 26 38 21 121 175 61 262 395 303 74 20 36 49 23 23 54 5 3 7 10 11 26 121 53 84 195 18 312 24 3 27 29 10 8 318 41 16 16 9 1 1 1 0 3 0 1 1 0 3 1 2 20 15 18 25 3 5 1 8 7 12 36 8 2 12 8 15 129 88 5 6 157 1 0 1 1 7 12 21 3 10 0 21 5 0 6
5 2 5 2 28 31 1 2 0 1 3 16 519 48 521 3544 173 15990 5464 195 21 140 405 1248 35 79 3193 1398 146 18 53 49 46 7 35 24 178 410 4677 131 2754 738 636 472 44 3492 62 1060 150 4 4 3 16 64 29 6 154 60 19 7 5266 313 179 1450 1687 10 107 38 1103 80 142 19 141 86 78 1265 16 13 25 2 22 6 54 96 38 22 7 16 88 23 612 82 7 62 233 242 6 7 31 61 0 2 3 1 0 2 0 0 0 1 5 4 88 621 2156 60 7 175 31 3295 124 2416 84 17 8 13 11 92 5 453 28 13 11 19 17 33 40 26 84 131 1310 45 859 12 34 37 1141 132 385 5185 12 11 8 2 1 56 6 3 1 2 4 7 0 5 11 9 1612 465 39 353 23 38 11 7 18 838 5 4 358 37 15 68 145 2 55 32 23 9 36 7 13 38 24 6 3 2 14 12 1 9
6 2 5 8 17 28 0 1 2 1 10 56 4259 21 145 3155 2922 5464 46919 7844 147 400 759 829 66 277 1028 333 21 6 8 58 297 21 43 5 627 5671 220 399 1139 213 344 9222 603 4674 117 139 169 157 5 39 9 17 9 11 18 16 15 3 187 162 157 266 133 39 20 46 67 69 55 122 1224 3706 21 148 479 441 404 17 20 202 48 45 79 21 9 41 101 165 688 118 10 120 419 57 24 5 35 7 2 7 6 12 0 12 0 8 0 0 15 9 489 1828 4063 367 116 2041 647 5464 1176 14675 1719 170 50 137 129 188 84 1963 20 14 19 39 65 103 587 364 386 832 1208 868 364 20 137 118 692 265 1923 2768 54 82 43 22 8 34 8 9 4 7 8 2 1 6 37 88 396 204 104 278 21 19 31 26 56 262 42 16 174 30 48 495 2099 7 39 517 13 11 35 10 20 32 99 10 40 7 48 11 0 24
5 1 3 4 29 22 0 0 0 0 4 49 43 13 517 1945 602 195 7844 4716 95 192 1197 409 15 147 181 25 35 15 45 109 157 60 18 15 2827 1909 22 187 1478 88 155 287 22 51 86 38 113 13 3 8 6 24 5 4 42 57 7 4 37 114 81 56 15 0 6 22 17 60 15 22 184 72 85 38 3 31 15 1 10 10 30 29 25 7 8 5 38 13 48 99 10 99 313 268 4 4 7 38 0 1 0 4 0 9 0 4 1 0 13 5 103 308 190 85 26 181 179 258 354 1584 380 46 16 57 54 38 33 350 9 4 16 33 19 74 202 129 104 222 82 391 44 7 52 36 26 5 486 100 23 26 18 9 5 7 3 5 1 2 2 0 2 8 15 38 22 51 53 7 8 6 15 6 34 54 17 7 19 12 27 201 115 6 18 173 2 1 10 3 24 19 47 9 11 4 17 8 1 13
127 158 239 244 310 795 12 13 6 23 93 911 2 11 38 18 104 21 147 95 9446 4515 3434 250 366 236 78 6 146 210 231 185 283 78 7 15 545 295 9 240 1148 32 89 99 5 19 283 9 14 1 0 0 19 42 11 663 78 27 71 25 26 41 80 84 25 0 23 222 24 9 1 237 231 61 72 9 128 23 110 0 8 1 165 62 3049 205 81 1 6 0 21 10 2 11 59 564 45 29 538 29 4 1 13 18 2 37 0 1 2 2 33 21 0 5 2 7 9 20 46 4 44 16 45 13 8 3 3 2 0 4 11 0 30 47 10 58 10 2 62 84 2 41 4 2 14 3 2 1 52 7 5 1 1 4 0 0 2 1 0 2 4 1 1 3 15 4 4 6 2 0 6 1 7 1 1 9 2 1 12 1 75 157 36 2 3 72 0 0 0 0 12 3 1 7 30 1 14 1 0 5
35 48 106 94 330 835 10 6 13 13 104 1025 7 22 40 61 209 140 400 192 4515 26905 5945 1990 5654 3529 719 28 183 172 188 384 816 185 49 47 1385 876 31 2983 745 227 770 264 25 82 1437 63 85 2 3 13 45 122 46 150 108 68 141 60 285 342 725 740 121 4 83 430 185 69 9 613 707 148 113 69 322 70 350 0 12 0 576 649 5307 1257 249 3 23 5 181 35 8 74 536 780 142 50 2446 65 8 3 10 22 2 43 0 2 2 2 49 40 1 11 4 23 26 43 92 20 89 70 87 48 11 6 17 3 1 7 10 0 34 81 17 105 14 3 131 164 7 73 21 15 41 6 10 0 125 34 13 3 7 1 0 4 4 4 1 6 10 3 1 6 28 2 23 16 12 1 15 4 18 7 11 49 4 3 60 10 137 292 98 9 18 131 1 0 9 4 25 14 7 11 47 7 30 6 1 6
4 2 6 3 15 30 0 0 2 0 16 64 4 623 2257 765 748 405 759 1197 3434 5945 14416 9531 277 4008 341 101 41 9 10 35 177 88 58 162 1854 574 84 1244 4855 1201 670 53 2 45 400 21 271 0 0 0 15 41 14 9 28 11 74 17 109 112 127 237 51 2 30 115 48 44 8 66 224 32 16 52 53 1 40 0 12 0 40 53 103 21 35 6 24 4 68 79 8 89 426 49 17 7 65 10 0 1 4 4 1 3 0 2 1 0 8 4 2 8 2 9 1 37 24 25 31 89 61 13 0 5 4 3 0 6 1 1 11 21 1 20 10 3 22 25 9 26 4 1 6 1 4 1 35 9 5 1 1 3 0 0 0 0 0 1 0 1 0 0 5 3 13 1 4 0 2 0 6 3 2 25 1 2 26 4 24 68 19 1 5 36 0 1 3 1 5 6 3 1 9 1 8 0 0 0
5 2 4 4 2 7 1 0 0 0 1 5 21 254 261 375 94 1248 829 409 250 1990 9531 8065 345 5265 3486 73 53 5 5 2 15 2 511 165 78 24 200 2495 3007 6079 4102 10 34 373 1410 32 411 1 3 6 25 148 20 18 29 2 190 37 619 172 152 253 69 2 103 50 75 74 17 3 22 7 10 83 1 3 5 0 8 1 169 233 156 85 19 9 43 10 326 87 8 91 622 20 0 0 115 10 0 1 0 0 0 2 0 0 0 0 1 1 6 39 43 12 2 87 22 174 9 295 35 8 3 5 1 5 0 26 3 3 1 2 2 4 6 3 4 15 32 14 24 2 1 7 12 0 15 89 0 2 7 1 0 5 0 0 0 0 1 2 0 1 1 0 50 32 9 4 4 3 2 3 10 68 1 1 66 6 1 7 18 0 18 10 3 0 10 0 1 14 2 0 0 0 1 2 0 1
16 10 31 24 57 131 3 3 6 3 19 137 4 3 6 20 18 35 66 15 366 5654 277 345 15951 566 246 19 186 37 160 57 116 39 25 2 147 128 6 2295 447 33 175 119 5 29 3259 30 16 1 6 31 171 932 123 142 243 13 39 31 94 92 230 294 56 1 1111 201 104 33 23 79 202 67 84 18 66 25 68 0 33 0 1299 2881 2184 3317 4198 5 15 1 50 47 20 44 121 135 18 10 7174 1994 0 1 1 3 0 7 1 1 0 1 6 5 0 0 1 7 8 10 30 4 31 9 18 16 8 2 4 0 0 4 4 2 12 24 9 56 2 0 83 76 4 21 5 5 15 1 4 0 54 12 5 1 1 1 0 0 3 0 0 3 1 2 1 3 12 4 12 7 1 0 6 2 11 2 2 18 2 1 14 7 31 127 28 4 7 58 0 1 1 0 8 6 1 5 6 0 8 3 0 4
1 0 2 1 3 0 0 0 0 1 0 6 2 61 74 80 38 79 277 147 236 3529 4008 5265 566 4063 404 13 9 1 1 2 1 1 177 26 33 11 13 4549 587 125 155 7 1 18 599 4 18 0 0 1 13 52 4 10 6 1 62 9 26 31 39 59 3 0 26 5 3 11 3 2 8 0 2 2 1 0 0 0 1 0 66 115 134 36 7 0 6 0 18 7 1 16 85 4 0 0 71 2 0 0 0 0 0 0 0 0 0 0 0 0 4 20 5 2 1 38 11 58 11 144 22 1 0 0 2 1 0 7 0 0 0 0 0 0 3 2 3 10 3 4 0 0 0 0 3 0 16 9 0 2 0 0 0 0 0 0 0 2 0 0 0 0 0 1 3 3 0 0 1 0 0 0 0 6 0 1 5 0 0 7 6 0 1 6 0 0 1 0 0 2 2 0 0 0 0 0 0 0
5 3 3 1 11 14 2 3 0 1 1 12 142 3453 1973 603 150 3193 1028 181 78 719 341 3486 246 404 25186 8437 442 19 32 8 17 22 7882 1211 488 42 950 4371 635 156 538 19 29 951 1286 159 46 0 3 6 137 528 32 35 312 13 571 259 469 469 663 2070 2204 4 566 198 506 60 21 2 12 10 32 30 10 1 0 0 20 0 357 649 197 146 50 5 26 4 153 26 4 37 184 41 8 12 195 47 0 1 0 0 0 3 0 0 0 0 1 0 38 177 184 38 6 281 27 1030 26 1179 79 4 2 1 5 17 3 187 4 2 4 1 7 11 17 27 17 30 306 30 127 3 3 12 84 5 50 612 1 2 10 0 1 3 1 1 0 0 2 3 0 1 5 3 303 75 12 14 8 5 0 0 16 198 0 2 100 8 3 21 23 2 20 9 1 3 10 1 4 18 13 1 1 0 2 10 0 0
7 3 2 3 42 16 3 1 0 0 2 14 130 1234 5615 2198 104 1398 333 25 6 28 101 73 19 13 8437 10358 673 34 207 17 2 18 200 341 292 22 4186 78 334 51 50 15 12 609 182 118 10 1 0 4 96 257 17 18 860 43 408 152 122 203 148 356 3475 2 468 297 627 30 8 3 7 6 148 38 1 2 1 0 6 0 167 217 33 49 23 1 6 6 52 23 10 11 43 232 1 38 60 211 1 0 0 0 0 1 0 0 0 0 2 1 14 115 143 14 1 75 0 742 9 385 18 4 0 4 4 8 1 60 5 4 2 4 4 2 10 5 13 13 395 13 163 1 4 2 153 4 24 773 0 2 2 0 0 3 0 0 0 0 0 1 1 0 2 2 383 64 12 17 2 7 4 0 5 188 0 1 54 7 2 3 3 3 15 4 3 1 8 0 1 8 7 1 2 0 1 4 0 0
7288 1491 873 380 2088 1063 2181 419 38 254 112 641 9 184 165 209 58 146 21 35 146 183 41 53 186 9 442 673 21614 11045 3869 130 244 158 90 64 282 87 367 119 404 30 101 16 12 97 176 646 19 0 13 34 2753 6698 269 90 5578 61 35 114 106 1067 684 193 1059 1 3834 205 1364 237 79 345 47 74 1361 157 169 3 113 0 41 0 1297 1374 304 72 1170 6 19 3 78 58 50 56 218 1192 77 2242 194 1013 49 20 133 228 12 293 6 11 39 28 230 246 0 8 9 3 1 2 5 40 7 8 3 25 7 3 3 5 1 4 28 0 195 201 11 131 0 1 57 38 19 12 28 38 79 6 18 1 17 96 4 10 15 13 1 9 4 7 0 17 18 3 5 13 58 1 64 35 13 4 28 6 41 2 22 76 6 12 91 16 341 235 30 10 31 169 3 3 16 2 67 32 17 50 197 33 35 2 0 3
6075 8974 763 1542 6365 5326 982 251 48 125 189 1530 1 6 7 32 8 18 6 15 210 172 9 5 37 1 19 34 11045 17691 10830 94 167 56 1 5 40 26 52 2 1122 2 8 12 4 4 6 84 37 0 29 103 835 1222 302 301 6257 26 3 9 7 103 24 5 68 1 503 9 120 86 86 157 32 25 125 49 54 2 40 3 149 2 1665 607 662 77 19 24 24 1 21 173 95 97 72 489 77 1820 81 48 36 9 83 160 9 241 15 11 28 32 131 145 0 0 0 1 2 0 4 6 6 0 0 6 3 0 2 0 0 1 11 0 73 59 2 40 0 0 20 5 4 4 3 15 41 3 1 0 8 11 0 0 2 4 0 0 5 2 4 4 6 0 0 12 15 0 12 2 0 0 9 1 12 1 4 5 2 5 11 1 142 57 14 2 3 44 2 1 5 0 26 4 1 17 140 11 18 1 0 1
397 1560 69 1020 7535 3739 135 36 9 26 64 771 7 71 58 125 49 53 8 45 231 188 10 5 160 1 32 207 3869 10830 11135 109 119 260 15 52 244 101 175 14 762 13 15 4 0 14 10 126 13 0 6 30 331 864 147 185 6166 60 12 83 23 99 46 21 250 1 759 36 281 37 32 87 20 14 1066 69 27 0 18 0 48 1 1248 1096 875 174 532 8 9 0 12 48 34 39 31 4634 37 498 283 6757 13 1 25 38 4 79 2 2 9 6 39 47 0 2 3 0 0 1 2 13 1 14 1 3 0 0 0 0 0 0 3 2 24 37 0 31 1 1 13 12 5 1 10 1 13 1 3 0 8 25 1 1 0 3 0 1 2 4 0 3 1 1 2 1 14 0 14 5 3 2 8 2 4 0 1 10 1 3 12 2 47 42 4 1 3 25 1 2 4 0 14 10 2 7 32 2 4 0 0 0
18 19 20 5 328 3067 2 2 3 9 24 1868 3 1 15 99 26 49 58 109 185 384 35 2 57 2 8 17 130 94 109 8759 4100 2034 1 1 164 303 55 1 189 7 4 5 0 5 12 58 3 1 3 8 50 102 25 32 50 3495 4 184 14 26 6 6 70 0 46 29 80 14 11 319 255 37 2531 36 61 1 86 0 14 1 185 109 205 55 8 0 7 0 18 24 11 11 9 5566 66 41 79 80 37 14 49 132 11 174 2 16 23 5 147 136 0 4 1 2 0 0 6 26 10 5 6 21 5 2 3 0 0 0 17 1 138 132 10 136 1 0 74 25 9 7 5 25 50 1 4 0 12 23 3 6 1 7 2 1 4 6 0 5 11 2 2 14 39 1 8 6 0 1 26 0 30 1 5 2 9 10 5 1 258 206 20 6 4 138 0 0 8 0 49 4 9 30 125 12 15 3 0 4
42 52 36 26 333 2625 13 5 21 22 89 5767 4 1 3 46 50 46 297 157 283 816 177 15 116 1 17 2 244 167 119 4100 8566 2927 2 0 94 1393 25 18 355 0 14 33 7 35 205 29 6 1 4 23 78 146 42 58 40 918 11 60 28 16 11 16 21 0 49 86 35 15 23 1612 2971 128 1589 21 278 22 560 1 23 0 254 129 237 48 56 3 11 2 55 37 14 20 10 2232 175 76 95 61 55 25 104 228 28 281 12 23 34 21 242 216 2 11 2 1 14 11 34 39 50 14 17 137 50 7 23 2 2 4 43 4 300 452 70 590 4 1 391 206 12 91 7 81 196 4 12 1 118 24 46 17 10 25 2 3 12 16 1 14 25 6 8 33 228 14 13 2 10 3 97 12 154 26 2 8 30 39 15 5 633 1111 200 58 3 510 3 1 13 6 151 7 11 81 298 48 133 9 0 13
8 5 5 1 161 198 5 5 1 2 7 249 2 14 23 34 31 7 21 60 78 185 88 2 39 1 22 18 158 56 260 2034 2927 3207 19 29 1065 509 19 3 151 0 2 30 2 1 78 3 6 0 2 14 38 80 16 25 246 7050 125 2735 6 8 6 4 19 0 79 294 20 10 10 149 111 40 2476 6 23 15 55 0 9 0 135 69 68 19 15 2 1 1 3 25 5 9 5 3066 8 22 28 510 13 5 8 20 4 30 0 10 4 2 51 41 2 2 0 9 10 4 16 11 31 6 7 70 20 7 23 0 2 1 31 1 86 177 42 289 2 0 257 162 12 53 3 32 86 2 3 1 88 16 23 6 2 11 1 0 2 6 1 6 12 4 6 13 127 11 5 3 1 0 40 6 83 19 1 2 3 16 4 0 205 601 67 32 1 208 0 0 8 6 54 1 12 30 45 8 53 5 0 9
1 2 1 1 3 2 0 1 0 0 0 2 0 3050 541 22 228 35 43 18 7 49 58 511 25 177 7882 200 90 1 15 1 2 19 3315 3958 844 33 13 3600 60 21 150 3 2 11 1122 6 6 0 0 2 13 82 4 7 63 10 715 325 24 6 31 383 61 0 83 94 43 3 2 0 0 2 16 4 0 3 0 0 2 0 48 81 24 24 9 2 0 0 21 5 2 4 33 4 0 3 25 15 0 0 0 0 0 1 0 1 0 0 1 0 15 46 30 30 6 156 37 165 43 387 90 6 1 4 1 4 2 38 1 0 0 0 3 1 16 14 13 22 14 35 5 0 5 2 3 0 39 16 2 2 2 2 0 0 0 0 0 0 0 0 0 1 0 4 9 4 5 0 2 1 1 0 2 7 1 1 5 0 0 8 7 0 0 8 0 1 0 0 2 1 3 0 3 0 4 1 0 0
0 1 1 0 6 2 0 0 0 0 0 4 1 4940 817 26 800 24 5 15 15 47 162 165 2 26 1211 341 64 5 52 1 0 29 3958 4099 3230 62 53 695 131 5 64 1 4 7 456 8 3 0 0 0 5 33 3 2 132 21 2212 664 11 20 49 272 191 0 64 247 103 3 0 0 2 2 66 3 1 0 3 0 1 0 11 18 6 7 4 0 1 0 6 2 0 2 9 46 1 5 23 56 0 1 0 0 0 1 0 0 0 0 2 0 0 8 3 4 2 16 14 11 27 48 30 9 2 2 8 0 3 2 0 0 1 0 0 4 10 2 7 19 2 31 2 1 2 0 2 0 18 8 3 0 0 0 0 1 0 0 0 0 0 0 1 0 0 2 3 4 2 0 1 0 1 0 0 5 1 0 6 1 0 9 4 0 2 11 0 0 2 0 0 1 1 1 0 0 1 0 0 1
5 9 15 8 74 53 4 1 0 0 2 38 10 924 915 608 2471 178 627 2827 545 1385 1854 78 147 33 488 292 282 40 244 164 94 1065 844 3230 6110 2748 140 240 909 10 37 106 10 27 623 19 14 1 2 10 50 106 19 43 533 546 927 1029 38 16 36 154 207 0 203 659 92 10 11 15 56 34 824 22 15 137 36 0 13 2 144 132 197 56 23 2 3 4 25 16 14 20 22 717 4 8 90 420 4 4 2 3 0 15 0 3 0 1 12 2 4 27 10 32 33 51 180 46 216 84 179 144 45 18 67 13 16 17 20 1 23 82 44 108 70 21 254 313 19 417 19 18 57 15 24 4 357 41 78 9 6 3 2 7 3 4 2 5 14 6 1 5 50 31 26 27 11 5 24 9 50 36 8 29 4 4 11 8 54 518 132 14 8 317 0 0 5 6 33 8 7 10 10 11 74 14 0 33
4 3 9 5 74 65 3 2 1 3 6 71 62 15 70 291 1760 410 5671 1909 295 876 574 24 128 11 42 22 87 26 101 303 1393 509 33 62 2748 11404 23 55 410 16 53 479 112 362 220 83 8 9 3 15 26 65 25 20 122 486 69 84 139 37 14 44 29 12 49 187 27 7 35 63 2696 286 494 78 36 131 41 0 13 11 115 86 185 44 32 15 16 24 430 22 7 13 29 659 9 9 90 139 6 4 6 8 4 16 1 3 0 1 37 16 9 49 17 77 69 156 291 89 345 366 365 200 62 36 70 21 14 26 48 4 42 114 56 212 60 27 451 555 37 486 24 22 68 16 35 6 597 65 98 8 8 9 2 3 6 1 0 2 14 6 6 7 104 31 41 30 21 3 33 13 83 53 12 47 12 12 36 7 111 834 321 35 15 518 1 2 8 10 52 13 25 14 23 6 85 18 1 26
6 3 5 1 71 47 5 3 0 2 2 31 153 79 532 1656 32 4677 220 22 9 31 84 200 6 13 950 4186 367 52 175 55 25 19 13 53 140 23 9863 15 735 220 129 12 19 518 45 1273 62 0 2 2 46 97 11 5 505 55 101 26 6623 268 49 282 7698 4 149 90 6427 56 124 7 6 6 203 2908 4 1 2 0 15 1 69 69 12 8 3 14 54 11 191 35 5 16 41 432 1 33 20 154 0 3 1 1 0 1 0 2 1 0 1 1 17 229 288 15 3 19 8 1327 16 259 3 3 3 3 2 21 1 28 17 9 4 7 8 14 2 1 22 30 827 16 437 3 16 24 395 9 52 1897 2 1 11 0 0 20 1 0 0 1 4 7 1 6 8 0 894 214 15 26 11 15 8 3 29 473 3 2 200 31 6 32 4 2 36 7 2 2 26 0 3 21 13 3 3 2 2 3 0 0
4 2 0 5 5 12 1 1 1 0 1 17 3 1789 550 152 109 131 399 187 240 2983 1244 2495 2295 4549 4371 78 119 2 14 1 18 3 3600 695 240 55 15 5350 495 92 232 27 1 33 4149 7 15 0 0 7 55 246 25 23 62 3 335 92 47 30 69 193 24 1 192 75 25 13 6 5 25 11 5 11 5 4 6 0 6 0 326 514 269 187 35 2 0 2 23 10 1 10 63 10 2 6 191 10 1 1 0 0 0 0 0 0 0 0 0 0 13 61 42 27 13 200 59 186 75 494 172 6 4 4 8 6 8 61 0 2 2 3 0 5 37 26 14 62 23 53 10 0 6 2 9 1 53 19 2 6 7 2 1 2 1 0 0 1 0 0 0 0 0 9 5 10 1 1 1 1 1 1 7 13 0 1 7 3 4 16 13 0 6 11 0 0 1 0 0 4 3 1 0 0 1 1 0 1
1972 1312 1415 898 742 1415 122 480 32 217 174 1294 42 636 3059 2108 636 2754 1139 1478 1148 745 4855 3007 447 587 635 334 404 1122 762 189 355 151 60 131 909 410 735 495 9003 3727 926 191 52 466 557 745 3092 26 82 144 62 133 2695 2027 387 137 153 65 1472 1573 269 291 367 27 111 668 500 774 885 338 305 102 738 1641 220 84 182 5 478 16 1190 141 1225 52 387 365 1769 237 2153 964 305 1127 2888 723 68 133 130 193 41 13 78 146 11 188 8 15 29 22 158 130 2 21 19 11 14 43 45 77 58 103 57 54 23 7 22 10 1 5 36 2 136 189 24 177 11 4 202 143 28 67 23 39 65 21 35 2 111 115 16 18 60 11 1 32 11 11 10 24 18 5 5 18 92 13 58 36 40 10 35 10 72 16 40 86 13 35 237 47 306 469 88 13 72 242 21 17 164 4 61 105 32 47 174 18 54 6 0 11
4 4 6 2 10 5 0 0 0 2 1 4 10 9 55 282 21 738 213 88 32 227 1201 6079 33 125 156 51 30 2 13 7 0 0 21 5 10 16 220 92 3727 4612 4519 22 35 192 95 57 1439 0 2 2 8 17 12 4 28 6 4 2 1005 72 35 130 118 6 13 5 199 42 18 2 15 0 1 419 2 0 1 1 1 0 28 30 21 10 1 7 61 26 1061 84 3 83 981 12 3 1 10 4 0 0 0 0 0 0 0 0 0 0 1 0 0 3 4 1 0 15 1 29 1 32 6 1 1 0 1 0 0 4 0 1 0 1 1 0 0 2 5 3 4 2 16 0 2 11 13 0 4 46 1 5 4 2 0 7 0 0 0 1 0 0 0 3 0 1 20 13 7 6 2 3 0 0 25 67 0 2 176 28 0 3 2 1 31 1 2 1 10 0 0 19 10 2 1 0 0 0 0 1
2 5 3 1 10 13 0 1 1 1 0 14 15 83 133 169 34 636 344 155 89 770 670 4102 175 155 538 50 101 8 15 4 14 2 150 64 37 53 129 232 926 4519 5310 117 151 574 609 274 1167 7 0 2 34 112 12 17 63 1 91 17 3007 459 2787 6261 341 45 85 24 1094 105 59 8 34 7 3 2201 6 4 12 1 16 3 128 182 107 57 18 24 201 133 4852 119 13 188 1106 30 3 4 83 8 0 1 1 2 0 1 0 0 0 0 1 0 5 27 16 5 1 49 15 124 9 177 24 4 0 1 2 1 1 11 4 2 0 3 1 3 2 3 10 19 28 12 36 1 13 39 84 0 8 188 0 13 31 1 0 74 0 0 0 6 7 2 0 4 4 0 111 64 41 19 3 16 1 1 146 281 6 8 897 192 3 8 11 1 204 4 11 10 67 1 3 151 51 2 0 0 3 5 0 1
6 3 6 5 9 16 1 2 30 6 35 101 9049 4 8 53 88 472 9222 287 99 264 53 10 119 7 19 15 16 12 4 5 33 30 3 1 106 479 12 27 191 22 117 6646 2282 2065 127 342 23 252 5 56 26 30 18 20 8 23 43 21 149 59 32 50 22 97 11 183 31 19 120 751 1623 2126 29 96 4547 1434 3768 25 40 238 78 57 125 39 30 91 208 617 1945 16 4 16 52 22 290 40 85 6 7 2 10 13 3 18 0 6 6 2 25 16 9 43 138 39 59 210 272 252 449 770 391 147 46 31 65 15 12 30 34 5 24 72 36 141 51 20 476 553 49 356 36 13 74 18 66 8 754 275 73 15 32 2 2 39 4 3 4 12 9 5 0 9 61 26 120 32 23 40 18 14 43 27 36 100 4 7 214 30 91 868 766 18 47 604 5 20 44 5 27 62 24 10 35 6 73 9 0 27
2 2 2 0 2 2 1 0 102 2 4 10 4667 0 3 3 14 44 603 22 5 25 2 34 5 1 29 12 12 4 0 0 7 2 2 4 10 112 19 1 52 35 151 2282 10677 973 10 66 12 5591 5 113 30 13 15 4 11 3 3 4 27 31 65 145 131 6455 9 8 173 5 59 42 124 1320 3 69 2805 1300 174 148 49 828 12 11 5 3 0 277 206 2231 1625 4 0 4 40 6 1061 110 7 1 1 2 6 3 0 13 3 0 1 10 9 7 2 21 204 12 4 42 12 263 18 226 28 1 4 2 2 5 1 6 19 13 3 4 7 3 4 3 21 24 103 6 173 6 7 48 433 0 51 2031 1 32 119 1 4 170 17 6 16 33 4 3 2 13 3 6 840 195 88 445 19 31 8 2 220 963 3 39 3104 417 5 20 42 4 400 7 42 178 264 5 13 458 58 4 10 0 6 11 2 1
1 1 2 1 5 6 0 0 0 1 2 15 4593 9 28 68 29 3492 4674 51 19 82 45 373 29 18 951 609 97 4 14 5 35 1 11 7 27 362 518 33 466 192 574 2065 973 6530 32 103 24 32 0 4 20 48 8 4 84 4 9 5 929 43 98 1185 811 352 64 10 236 10 28 38 363 263 6 117 73 37 80 0 6 29 52 62 32 14 3 14 34 39 1496 8 2 9 63 28 22 3 27 9 0 4 0 2 1 3 0 1 0 1 4 2 29 270 1978 42 11 215 44 3444 142 1742 116 11 17 8 18 58 5 132 43 28 5 7 7 7 28 25 47 109 1077 57 1002 2 21 86 1215 82 307 7697 9 4 19 1 1 45 4 2 1 3 11 7 5 13 18 10 2906 794 73 1078 51 82 9 8 18 1747 11 4 1090 74 10 31 147 24 105 8 11 15 50 10 16 57 36 13 3 2 18 27 9 9
8 13 20 11 14 37 0 1 1 3 8 45 2 253 78 43 124 62 117 86 283 1437 400 1410 3259 599 1286 182 176 6 10 12 205 78 1122 456 623 220 45 4149 557 95 609 127 10 32 4715 29 24 0 6 22 148 703 81 79 101 8 478 327 88 84 207 852 228 1 670 97 170 21 19 89 267 43 23 13 71 52 63 0 28 0 687 1419 463 603 159 4 6 1 50 30 20 26 142 23 27 5 619 38 1 0 3 4 1 7 0 3 1 0 9 3 6 29 7 40 43 96 173 36 178 196 206 45 16 19 34 7 2 11 8 3 9 30 17 66 39 12 111 226 17 162 9 7 27 10 6 2 172 25 15 9 1 2 1 6 3 1 1 3 3 0 1 2 13 11 13 16 17 1 7 4 9 5 11 28 8 0 23 11 26 175 49 8 8 86 0 2 2 1 6 9 6 1 9 1 13 11 1 4
35 16 21 5 94 94 5 11 2 8 7 56 79 9 49 122 17 1060 139 38 9 63 21 32 30 4 159 118 646 84 126 58 29 3 6 8 19 83 1273 7 745 57 274 342 66 103 29 14703 306 102 2 29 76 179 42 18 491 15 16 5 1060 4799 1447 353 756 73 217 26 7219 292 1328 19 63 13 59 16284 30 3 23 6 144 43 108 134 46 24 11 819 5745 317 3120 43 7 64 1033 349 11 46 35 50 2 3 1 0 0 2 0 1 0 1 4 2 3 8 41 8 3 21 6 68 6 73 4 5 6 3 13 1 0 3 25 19 7 8 1 10 2 0 16 21 37 22 37 20 25 195 50 2 34 109 2 714 2199 14 26 859 6 19 25 234 9 11 5 13 4 0 82 52 1144 46 23 41 6 2 1061 242 145 568 2327 365 7 26 9 6 1132 6 346 331 3357 6 2 3859 1036 4 5 1 8 20 1 2
77 34 53 9 21 24 7 36 3 19 2 17 13 6 107 243 17 150 169 113 14 85 271 411 16 18 46 10 19 37 13 3 6 6 6 3 14 8 62 15 3092 1439 1167 23 12 24 24 306 6775 6 16 25 5 15 99 14 23 4 8 2 190 653 113 75 32 4 4 17 64 421 183 8 9 9 31 917 5 1 6 0 90 3 37 12 8 4 5 104 848 91 876 3224 107 3454 8735 18 3 11 12 9 1 1 2 3 0 2 0 1 1 0 4 4 1 3 11 3 0 9 0 28 1 49 5 3 0 0 0 0 0 2 1 0 4 4 2 12 0 0 9 9 1 2 4 1 1 3 5 0 1 9 0 8 39 1 0 17 3 0 1 8 0 0 0 0 3 0 8 6 22 3 1 3 7 1 26 13 4 12 76 12 11 10 5 0 33 3 10 9 66 0 0 87 17 0 4 1 4 1 0 0
1 1 1 0 0 0 0 1 37 5 1 5 512 0 0 1 3 4 157 13 1 2 0 1 1 0 0 1 0 0 0 1 1 0 0 0 1 9 0 0 26 0 7 252 5591 32 0 102 6 7080 29 724 15 2 8 0 0 0 0 0 4 61 22 1 3 1161 2 2 14 8 67 10 15 972 0 74 954 237 40 895 199 5238 2 1 0 1 0 1486 553 3543 357 7 2 3 35 0 502 47 0 0 0 0 1 3 0 17 2 1 0 3 4 6 0 3 12 2 1 1 2 15 5 7 1 0 1 0 1 0 0 0 1 2 0 0 0 2 0 0 1 4 10 2 4 2 4 9 28 0 6 64 0 40 227 0 0 167 120 19 106 154 0 1 1 0 1 0 27 6 55 28 3 6 1 0 131 63 19 90 811 133 2 1 5 0 144 0 151 521 680 0 0 712 42 0 6 1 0 0 0 0
55 16 31 3 11 12 14 32 3 16 1 11 1 0 3 4 0 4 5 3 0 3 0 3 6 0 3 0 13 29 6 3 4 2 0 0 2 3 2 0 82 2 0 5 5 0 6 2 16 29 7703 21470 17 7 178 11 3 0 1 0 0 6 6 0 1 5 1 12 3 422 11 3 5 44 13 1 25 1 2 296 1015 117 101 2 0 1 12 96 9 7 4 7206 5394 521 75 4 14 14 1 1 1 0 2 0 0 6 0 2 0 1 1 2 0 0 0 0 0 1 0 0 0 2 2 0 0 0 0 0 0 0 0 0 3 0 1 2 0 0 5 7 0 0 0 8 2 0 2 0 9 0 0 2 3 7 0 5 1074 632 788 333 22 0 0 1 4 2 0 1 0 6 3 0 1 0 0 0 57 68 5 0 6 20 11 2 0 25 113 31 141 0 4 9 2 1 6 1 0 0 0 0
311 76 124 17 18 29 55 137 29 72 7 47 10 5 4 6 3 3 39 8 0 13 0 6 31 1 6 4 34 103 30 8 23 14 2 0 10 15 2 7 144 2 2 56 113 4 22 29 25 724 21470 23351 54 16 816 25 15 15 8 13 3 46 10 3 13 184 10 56 13 942 82 21 19 356 106 9 153 24 14 11336 8174 2482 354 9 5 6 51 1466 104 182 26 4112 3466 295 44 23 95 97 15 11 13 0 7 12 0 18 3 8 5 1 17 5 0 0 0 1 1 0 3 1 11 5 1 6 1 0 1 0 0 0 3 1 20 30 4 25 0 0 23 12 2 10 1 40 9 4 3 0 47 4 2 41 54 28 1 48 7123 3487 8188 2983 100 4 2 3 5 0 3 0 8 12 10 2 11 3 9 1 539 539 48 4 36 75 32 8 9 91 677 115 1430 0 13 103 69 5 22 6 2 1 0 0
1708 526 651 115 259 263 717 948 164 763 178 358 22 33 28 16 5 16 9 6 19 45 15 25 171 13 137 96 2753 835 331 50 78 38 13 5 50 26 46 55 62 8 34 26 30 20 148 76 5 15 17 54 5882 3863 3242 15 392 31 11 33 26 151 127 81 194 6 402 136 194 47 33 126 27 50 360 30 189 25 48 2 40 12 888 117 47 49 386 6 9 2 18 35 46 28 60 186 656 8542 125 173 8 7 28 54 5 68 1 7 8 2 68 52 0 1 2 1 3 2 5 6 4 8 4 14 9 2 4 0 0 2 10 0 55 70 6 63 0 2 35 32 3 16 6 11 30 3 3 0 19 19 5 0 2 5 0 2 2 2 2 2 6 3 0 8 32 1 12 5 3 0 7 3 20 3 4 18 1 2 13 3 133 149 19 2 3 73 1 2 1 0 29 6 1 17 60 5 15 2 0 0
1603 749 812 272 573 513 286 545 40 287 78 490 9 92 70 51 16 64 17 24 42 122 41 148 932 52 528 257 6698 1222 864 102 146 80 82 33 106 65 97 246 133 17 112 30 13 48 703 179 15 2 7 16 3863 8097 132 25 1525 67 38 77 87 445 570 355 484 3 2470 396 588 81 27 141 43 56 938 50 92 13 50 1 26 1 761 5728 141 466 1911 3 10 4 48 18 19 29 136 599 72 2376 1263 830 17 5 49 82 11 114 1 5 20 10 126 99 1 4 6 2 3 3 12 18 9 7 6 19 10 0 2 1 2 2 16 2 92 126 10 121 0 1 97 49 9 14 16 16 40 5 17 0 30 61 13 1 3 8 2 5 2 4 0 2 9 4 6 13 55 2 31 25 8 0 15 5 24 5 6 38 0 5 50 6 231 249 31 10 13 135 1 0 5 1 30 10 6 28 104 11 25 4 0 3
702 225 333 89 115 143 199 361 71 319 81 197 3 3 2 16 3 29 9 5 11 46 14 20 123 4 32 17 269 302 147 25 42 16 4 3 19 25 11 25 2695 12 12 18 15 8 81 42 99 8 178 816 3242 132 15732 913 80 25 18 4 19 117 43 27 51 3 57 104 54 188 94 61 25 33 217 28 75 20 35 9 389 5 2063 61 138 62 116 23 41 10 28 705 412 204 96 75 270 1581 75 65 6 1 7 34 3 44 2 6 4 4 43 17 0 1 0 6 1 0 3 4 5 1 3 15 3 0 0 0 0 0 9 2 45 41 6 46 0 0 38 19 1 11 1 7 26 0 1 0 13 5 7 0 0 1 0 1 24 11 10 15 5 0 1 9 12 1 5 0 1 0 6 0 17 5 1 4 4 1 10 2 56 98 19 2 3 43 2 2 13 0 8 3 1 5 32 8 10 0 0 2
541 319 451 155 175 320 60 228 15 84 41 254 2 4 5 6 2 6 11 4 663 150 9 18 142 10 35 18 90 301 185 32 58 25 7 2 43 20 5 23 2027 4 17 20 4 4 79 18 14 0 11 25 15 25 913 2911 63 30 20 12 5 47 31 25 28 1 25 122 43 23 16 47 33 25 234 6 32 17 31 0 27 0 3152 31 1334 37 115 6 9 1 9 49 22 20 32 137 15 51 100 50 6 0 20 32 5 46 0 3 3 4 32 33 0 0 0 2 6 1 8 3 4 5 3 11 7 2 3 1 0 1 11 1 28 38 9 46 1 1 57 31 5 9 1 7 20 2 2 0 25 4 4 2 1 1 0 0 2 2 0 1 3 1 2 2 17 1 2 1 1 0 4 2 6 5 2 5 0 0 4 1 73 98 11 4 3 54 0 0 3 1 15 0 2 5 55 4 9 1 0 3
41 64 28 34 1151 187 17 5 3 5 18 106 12 294 256 275 92 154 18 42 78 108 28 29 243 6 312 860 5578 6257 6166 50 40 246 63 132 533 122 505 62 387 28 63 8 11 84 101 491 23 0 3 15 392 1525 80 63 8929 40 62 277 86 711 425 139 1355 3 6881 201 1343 126 42 64 13 23 2875 176 37 3 26 0 26 0 785 1865 321 664 1964 4 14 5 41 27 12 34 147 2451 10 192 1809 4244 16 2 12 34 6 45 1 3 6 1 30 42 1 8 5 1 0 6 6 30 8 18 1 2 1 2 2 2 0 4 4 3 32 37 3 24 2 0 15 13 17 6 32 4 15 10 9 1 7 79 2 8 11 3 0 8 0 0 0 7 4 0 0 3 8 0 70 32 16 7 5 3 6 0 16 94 2 2 91 16 51 50 8 6 30 26 1 4 9 0 11 22 5 9 31 1 7 2 1 1
6 8 6 3 69 134 0 1 0 3 10 295 2 17 34 115 34 60 16 57 27 68 11 2 13 1 13 43 61 26 60 3495 918 7050 10 21 546 486 55 3 137 6 1 23 3 4 8 15 4 0 0 15 31 67 25 30 40 2069 633 2536 10 4 0 3 68 0 34 1065 53 8 11 207 87 31 3683 23 31 9 89 0 19 0 160 44 66 5 4 5 2 0 2 24 12 17 5 1909 18 8 15 257 10 6 12 7 5 35 1 2 2 2 28 22 0 1 3 1 5 2 9 8 20 2 3 32 5 2 10 0 0 0 15 0 57 106 31 197 1 0 175 88 5 17 3 22 56 0 1 0 65 12 9 1 2 4 0 1 3 1 2 5 9 1 0 7 70 4 4 1 1 0 22 5 45 9 4 2 5 5 3 0 108 318 37 14 3 111 0 0 3 1 23 4 7 16 31 7 26 4 1 4
1 0 4 0 3 6 0 1 0 3 2 10 1 373 126 41 175 19 15 7 71 141 74 190 39 62 571 408 35 3 12 4 11 125 715 2212 927 69 101 335 153 4 91 43 3 9 478 16 8 0 1 8 11 38 18 20 62 633 2985 2403 13 16 55 178 272 0 66 646 133 9 9 2 30 10 135 16 7 25 16 0 7 0 69 75 56 30 8 1 0 0 11 11 6 9 19 11 1 1 37 17 0 0 0 2 1 1 0 0 0 0 4 2 1 7 1 11 28 17 76 12 64 39 61 30 3 7 17 2 0 4 5 1 3 7 30 40 8 0 87 138 4 60 3 2 20 2 0 0 81 9 10 3 3 0 1 3 1 1 0 1 1 3 0 6 14 8 9 4 1 0 6 5 10 8 2 8 0 0 7 1 7 110 18 6 5 42 0 0 0 0 9 1 3 3 1 0 12 4 0 0
4 5 1 1 21 19 0 1 0 0 0 22 2 177 63 20 111 7 3 4 25 60 17 37 31 9 259 152 114 9 83 184 60 2735 325 664 1029 84 26 92 65 2 17 21 4 5 327 5 2 0 0 13 33 77 4 12 277 2536 2403 397 3 15 28 77 118 0 131 1226 65 3 3 14 19 10 937 3 12 8 16 0 10 0 54 63 43 17 11 0 2 0 4 12 1 5 1 320 0 12 45 209 0 1 0 4 0 2 0 0 0 0 9 4 1 4 0 2 11 2 21 8 22 14 15 36 7 2 6 1 1 0 9 3 9 35 15 92 0 2 86 69 1 34 0 8 15 0 4 0 54 7 8 1 1 1 0 0 6 2 0 3 3 2 1 3 21 5 3 7 4 2 8 5 29 4 2 1 2 1 9 0 29 153 16 4 4 55 0 0 3 3 17 0 1 3 3 3 18 3 0 2
9 5 10 4 12 14 1 2 0 3 0 9 29 19 32 67 15 5266 187 37 26 285 109 619 94 26 469 122 106 7 23 14 28 6 24 11 38 139 6623 47 1472 1005 3007 149 27 929 88 1060 190 4 0 3 26 87 19 5 86 10 13 3 17787 286 422 2488 1093 193 93 11 4842 54 140 16 79 10 24 11073 12 3 19 0 30 3 83 140 67 51 7 27 132 26 3702 48 4 51 428 55 8 4 49 12 0 4 1 2 0 0 0 0 0 0 3 0 10 67 229 18 6 51 7 412 30 206 15 5 8 5 13 30 3 26 31 29 6 14 7 21 6 10 31 38 190 35 453 12 13 100 467 3 52 2019 2 8 25 1 3 67 0 4 1 5 8 8 5 11 6 3 890 543 70 99 35 52 10 6 89 1088 5 9 1306 156 10 28 10 19 216 6 5 21 71 13 14 110 44 5 3 1 18 19 5 7
145 40 92 13 68 68 21 56 6 26 9 50 15 16 155 176 23 313 162 114 41 342 112 172 92 31 469 203 1067 103 99 26 16 8 6 20 16 37 268 30 1573 72 459 59 31 43 84 4799 653 61 6 46 151 445 117 47 711 4 16 15 286 28486 13635 1398 693 15 550 48 2254 15094 1704 8 28 12 75 1036 20 2 9 7 573 62 330 354 115 73 44 258 742 192 814 499 121 2436 7654 191 4 80 94 52 1 0 3 8 0 9 2 0 1 1 4 4 5 14 25 10 1 46 2 146 9 185 9 4 6 2 15 3 2 16 3 6 9 17 7 24 4 1 12 17 32 32 12 9 15 83 11 0 18 38 3 624 1567 21 14 344 8 18 30 307 1 0 1 2 10 2 29 23 711 22 9 12 1 1 286 75 194 814 748 115 15 36 12 5 339 13 385 188 3965 3 1 1899 644 6 7 1 5 9 0 5
7 4 5 0 18 16 6 3 0 1 0 6 17 69 103 81 16 179 157 81 80 725 127 152 230 39 663 148 684 24 46 6 11 6 31 49 36 14 49 69 269 35 2787 32 65 98 207 1447 113 22 6 10 127 570 43 31 425 0 55 28 422 13635 28819 6288 2366 36 567 33 4133 441 73 4 17 6 22 1628 4 1 2 2 35 6 415 573 274 144 23 35 428 158 1819 53 25 488 3940 44 2 27 192 41 1 0 0 0 1 0 0 0 0 1 4 1 4 16 16 11 1 53 8 131 13 198 22 3 2 2 3 3 0 12 13 0 1 2 1 6 3 3 8 10 27 7 33 2 7 92 61 1 24 117 3 81 249 2 5 181 1 4 3 24 3 2 0 4 1 2 67 59 204 28 6 18 2 0 363 265 11 42 1229 265 4 7 5 2 438 5 28 34 316 1 1 581 203 1 2 0 5 7 0 0
3 4 7 0 12 8 1 0 0 4 1 12 100 443 222 89 47 1450 266 56 84 740 237 253 294 59 2070 356 193 5 21 6 16 4 383 272 154 44 282 193 291 130 6261 50 145 1185 852 353 75 1 0 3 81 355 27 25 139 3 178 77 2488 1398 6288 8199 4651 28 322 86 2761 144 18 5 29 13 8 412 10 0 6 0 17 1 274 507 225 184 32 11 73 22 1423 20 7 96 1038 27 6 9 160 23 0 0 0 0 1 0 0 0 0 0 0 0 6 30 33 12 0 58 9 173 23 177 32 7 10 8 8 7 0 12 12 16 2 2 0 8 10 7 13 23 69 21 153 3 2 30 72 0 23 462 3 14 22 1 0 23 0 1 1 0 3 2 2 6 4 7 340 190 44 12 15 25 1 3 64 542 0 4 584 110 3 11 9 12 127 8 5 5 32 4 10 65 26 6 2 1 4 14 3 3
11 15 14 5 81 57 5 5 3 3 7 44 140 173 505 688 55 1687 133 15 25 121 51 69 56 3 2204 3475 1059 68 250 70 21 19 61 191 207 29 7698 24 367 118 341 22 131 811 228 756 32 3 1 13 194 484 51 28 1355 68 272 118 1093 693 2366 4651 14592 19 745 241 16248 102 48 6 14 3 164 222 19 1 2 0 19 0 318 517 101 100 30 4 15 18 296 23 13 21 100 446 8 55 111 232 1 2 2 1 0 3 0 1 0 0 6 1 3 51 90 18 6 21 8 292 7 70 13 1 9 3 14 23 2 17 23 27 5 3 7 16 5 4 12 18 204 31 450 5 11 70 166 1 28 1320 4 6 14 2 1 31 0 1 1 4 12 7 3 15 7 7 931 491 74 29 41 74 8 7 65 1124 3 1 729 102 10 17 4 20 155 7 1 9 29 13 18 73 42 8 1 2 14 27 1 3
2 0 1 2 1 0 0 0 4 0 0 2 411 0 0 5 0 10 39 0 0 4 2 2 1 0 4 2 1 1 1 0 0 0 0 0 0 12 4 1 27 6 45 97 6455 352 1 73 4 1161 5 184 6 3 3 1 3 0 0 0 193 15 36 28 19 956 2 1 101 0 89 1 13 684 1 148 327 250 15 146 49 834 1 1 0 2 0 119 168 929 1722 2 1 0 21 1 119 7 0 0 0 0 0 0 0 0 1 0 1 0 1 1 1 0 28 2 0 2 1 26 4 19 2 0 0 0 0 0 0 1 0 0 2 1 0 0 2 0 3 3 2 0 11 1 0 3 43 6 13 167 1 11 36 0 0 37 8 2 8 5 2 0 0 0 0 0 33 3 12 111 0 2 0 0 28 31 1 7 193 17 0 2 2 0 40 0 13 30 72 0 0 95 12 0 2 0 1 0 0 0
149 133 140 65 268 163 2 33 4 16 20 123 5 172 131 74 28 107 20 6 23 83 30 103 1111 26 566 468 3834 503 759 46 49 79 83 64 203 49 149 192 111 13 85 11 9 64 670 217 4 2 1 10 402 2470 57 25 6881 34 66 131 93 550 567 322 745 2 9707 482 778 93 19 80 18 31 1433 60 66 2 36 0 14 1 723 5207 411 4876 3106 0 12 1 62 19 4 30 128 508 19 32 5342 1715 8 2 17 28 1 50 1 4 10 2 45 46 1 4 8 0 0 4 8 25 9 5 5 8 6 2 3 2 0 3 6 1 34 55 2 58 3 0 42 13 10 6 22 8 30 2 10 0 13 67 3 2 2 4 0 4 0 2 0 4 7 2 0 4 26 2 36 19 6 3 10 4 16 0 16 55 0 2 62 11 102 104 21 4 11 65 1 0 8 1 20 15 8 9 45 10 10 3 0 4
17 12 31 8 16 26 4 4 1 4 8 62 5 249 104 75 99 38 46 22 222 430 115 50 201 5 198 297 205 9 36 29 86 294 94 247 659 187 90 75 668 5 24 183 8 10 97 26 17 2 12 56 136 396 104 122 201 1065 646 1226 11 48 33 86 241 1 482 1579 132 48 34 46 167 78 778 17 58 98 114 0 78 1 578 576 306 198 1010 7 19 1 3 89 40 38 20 24 14 17 367 105 7 3 5 5 2 19 1 1 3 2 23 8 1 4 3 28 52 24 89 10 131 23 64 129 28 6 33 5 2 6 32 4 35 102 101 285 10 7 427 412 19 119 5 20 74 5 5 2 237 16 29 7 2 8 1 4 8 7 2 4 9 3 5 7 74 13 11 8 7 0 25 7 62 25 2 8 7 7 13 5 84 597 78 26 2 144 1 2 10 5 47 8 6 13 9 6 61 9 1 18
9 11 9 2 117 102 7 3 0 1 3 60 39 93 338 258 26 1103 67 17 24 185 48 75 104 3 506 627 1364 120 281 80 35 20 43 103 92 27 6427 25 500 199 1094 31 173 236 170 7219 64 14 3 13 194 588 54 43 1343 53 133 65 4842 2254 4133 2761 16248 101 778 132 12924 206 169 6 14 8 161 4528 10 1 3 1 33 7 362 513 152 107 40 17 106 143 1069 35 15 45 552 597 7 86 121 200 1 3 2 2 2 3 0 0 0 0 2 1 3 46 63 23 2 38 12 107 24 73 11 7 11 3 13 12 4 16 43 28 5 6 5 8 10 9 20 41 98 30 306 14 22 284 410 1 52 1094 7 96 221 5 5 465 0 6 5 9 8 10 2 10 7 8 622 426 317 124 38 90 13 2 1055 1594 20 29 4320 912 9 25 9 10 1314 13 14 89 339 13 15 1128 373 7 4 2 10 27 4 10
179 90 138 17 39 41 36 89 10 44 8 46 4 8 60 110 7 80 69 60 9 69 44 74 33 11 60 30 237 86 37 14 15 10 3 3 10 7 56 13 774 42 105 19 5 10 21 292 421 8 422 942 47 81 188 23 126 8 9 3 54 15094 441 144 102 0 93 48 206 10447 2852 17 18 11 56 133 16 7 7 10 2878 137 170 51 20 11 29 277 126 24 162 1935 3729 2710 2212 53 2 41 27 17 2 1 8 6 0 16 0 1 2 0 16 8 1 5 9 2 1 22 1 68 5 68 0 4 2 0 2 0 0 5 6 2 6 17 1 25 3 0 22 11 4 9 1 0 8 7 5 1 7 9 2 82 157 10 1 28 129 41 141 539 3 0 0 1 11 2 3 1 57 3 1 2 6 2 28 7 124 369 91 9 21 51 2 3 25 15 437 28 1599 0 2 206 79 2 15 1 3 1 0 1
176 64 126 17 40 33 24 78 4 52 8 35 60 4 10 22 3 142 55 15 1 9 8 17 23 3 21 8 79 86 32 11 23 10 2 0 11 35 124 6 885 18 59 120 59 28 19 1328 183 67 11 82 33 27 94 16 42 11 9 3 140 1704 73 18 48 89 19 34 169 2852 2672 15 36 11 62 606 35 8 15 13 3768 252 101 19 9 4 30 1522 1663 308 690 662 45 198 307 59 17 36 9 12 4 3 6 5 1 12 0 0 3 0 8 7 0 2 17 2 0 7 1 30 6 25 0 5 3 3 6 0 1 1 3 2 7 26 5 31 0 2 20 7 6 7 1 5 11 15 10 1 15 33 4 278 476 9 3 120 59 48 179 978 3 0 0 0 7 0 14 5 117 11 1 6 5 5 66 30 319 1020 304 23 38 43 13 1 64 24 1077 133 4791 0 0 678 180 2 11 2 2 2 0 4
