13.4077699587299 22.2747293320665 26.4686154747267 30.9473521368943 35.2607908265504 47.3183510804874 27.6470431803498 21.7038859614775 48.9719842742471 36.1346805397189 63.0238214647448 59.2971606819645 112.528823852539 0 132.729965209961 132.332059224447 0 175.035260009766 181.934037526449 174.762294006348 106.39308484896 121.831895882743 166.3577003479 164.088122558594 144.315817832947 153.039306640625 192.583901977539 168.331250871931 28.9523505234496 24.5091865247562 57.9601281427917 105.164117177327 110.001763661702 148.558139801025 139.287078857422 0 160.739483642578 150.245178222656 128.245025634766 161.459344863892 82.1523040709583 132.88250541687 231.276466369629 128.346239725749 148.514427185059 215.283889770508 173.788270950317 165.004100690569 132.866750048353 183.070861816406 137.258337263627 150.906037529948 101.649571166385 89.6630163543758 111.558559819844 93.1275747373232 96.7369052607839 123.581175486247 107.917106628418 138.976613998413 168.623936971029 160.438892127728 185.924819946289 165.089859008789 161.624404213645 158.242565155029 76.3889494262286 148.661167817957 178.111411200629 160.619050009957 163.872664191506 95.864756266276 163.338314819336 106.93326288859 119.230699044687 168.260213917699 88.2921332446012 112.524261474609 123.482949150933 182.592140197754 165.346152398819 148.83179473877 104.716566175968 93.83155103023 101.735953786607 102.070387704032 145.62469959259 172.826260234034 172.104241053263 195.895571390788 182.546527099609 130.45701283422 153.637812470227 158.509053190878 158.480426871864 121.522847395677 68.8401109095982 51.9376116195322 116.660096062554 134.247395833333 147.906159600546 145.480977376302 150.971465993811 149.290034591511 151.953683641222 146.123866928948 149.697485703688 124.611350719745 142.871903445743 108.796574572299 133.607854222142 146.384152829647 0 0 0 0 0 0 180.84952545166 198.036275227865 171.310791015625 0 164.851974487305 158.734681871202 192.126937866211 0 112.43238067627 0 0 0 148.376029968262 192.822906494141 128.702978644573 145.759485860971 144.916562398275 140.232463700431 0 0 148.795399081322 152.438807678223 0 0 0 171.168892189308 161.875708307539 202.980438232422 158.526458740234 0 171.179629516602 193.879516601562 162.692291259766 231.30143737793 228.069351196289 188.213611602783 0 152.265380859375 201.301347859701 183.434439086914 195.263519287109 223.225666591099 188.709348678589 195.270721435547 149.178932189941 173.250725379357 144.055370012919 0 219.830253601074 226.102485656738 189.3134765625 139.539428710938 180.565862443712 242.216812133789 137.414079519419 189.914581298828 217.759559631348 236.510162353516 229.359436035156 225.686558116566 210.369346618652 0 141.744675616829 152.361944271039 133.392786979675 144.946016311646 230.303298950195 132.019862679874 187.141143798828 225.091191609701 230.082084655762 0 187.080788788972 237.429819742839 223.244897460937 137.46780971951 106.326481548459 152.219609347257 184.18838936942 171.246892293294 0 0
22.2747293320665 17.2448346394096 20.353728635621 21.6677781820267 25.9851398910456 46.0415427472273 55.4161732775651 32.4945738288993 55.3926317102769 52.0831655913882 56.2971144900733 57.5501901486715 151.939315795898 167.012222290039 202.737102508545 203.85290145874 140.537595748901 213.17106628418 217.104637145996 180.463088989258 108.950001583824 126.28906583786 198.008155822754 153.188003540039 144.250566101074 0 203.126754760742 195.680384318034 65.5891754846298 26.7939234303557 38.741961877774 89.8044784947446 105.935805614178 134.445959472656 150.779251098633 148.708587646484 143.173557705349 168.892028808594 140.861529032389 187.604835510254 89.9562492312455 142.930793762207 175.477429199219 145.064506530762 201.945388793945 231.510375976562 157.115189185509 172.847043037415 152.183243919821 184.892593383789 142.289457321167 168.272214186819 117.749840377401 105.093915473317 124.135023362901 109.213799025198 82.9110586643219 123.087924957275 0 139.572749328613 207.343411254883 171.586059188843 219.628036499023 201.125675201416 162.417690022786 0 86.7093934941113 161.402942657471 171.626079212536 171.563877360026 174.98956823349 105.13368780819 189.132561819894 135.786397493803 145.661910130427 177.60933140346 78.0498242453923 146.170013427734 115.124432086945 0 174.886392614344 224.927963256836 117.193254055629 103.55704727316 110.458240938784 104.602329777736 167.428977068733 179.773168227252 184.42438807632 181.366973876953 184.33657182966 143.277578197542 164.994750203966 169.525686005015 168.659176262058 106.988272207755 84.2874225888933 75.1178861214332 123.07811089718 139.310108947754 156.06044564596 160.356605198072 156.064553182633 155.057073140548 165.415816307068 153.590071982107 154.82652508771 156.249248110015 154.37946019621 117.539960375019 141.530548525528 153.500971541445 0 0 162.923477172852 173.406356811523 181.290512084961 152.795654296875 221.979690551758 170.370719909668 168.186856079102 150.84228515625 0 174.149052339442 182.944690704346 0 0 0 0 0 150.909627914429 142.699020385742 139.46727885622 150.66490980295 121.174626668294 142.913555771557 148.540588378906 0 157.656271501021 182.902062988281 158.349060058594 174.740791320801 0 185.802189475612 162.880921725569 245.501342773438 153.018188476562 0 193.288182576497 201.555469512939 134.611343383789 242.250030517578 245.111724853516 197.581387329102 0 188.110626220703 209.003500366211 226.429454803467 226.438496907552 236.233343941825 192.299385070801 198.869369506836 174.921274820964 172.260308837891 143.38609568278 0 0 0 0 142.936996459961 183.486993605091 169.537818908691 152.500997161865 133.464233398438 0 208.107696533203 236.301569620768 232.69114074707 224.818318684896 227.520584106445 145.078533273373 156.383245142495 119.177581787109 132.135058085124 0 138.546490062367 204.703895568848 0 243.45393371582 190.565895080566 193.485959801307 209.102630615234 233.079905192057 149.263728777568 115.519021415081 166.826267076575 181.687912574181 202.306343078613 0 160.094017028809
26.4686154747267 20.353728635621 9.83418747121288 14.1580001143923 77.6447083312686 32.0219537877404 50.7191603998649 27.9240468848147 49.0756247197855 24.4564947184708 45.5655154226763 19.2229367374331 184.997634887695 0 177.313766479492 197.426609584263 173.934010823568 223.597955322266 153.655053710937 144.549728393555 107.013520117085 116.856443801016 163.068351745605 195.425800323486 129.09511147776 152.277908325195 220.772171020508 165.582099914551 76.3356547929167 61.3879871643386 111.513321475706 168.721855545044 162.484914567735 182.451998901367 223.953002929688 199.012283325195 152.770032755534 180.777169121636 130.945065307617 0 92.0054924038189 162.220759073893 152.867380777995 164.792095184326 195.062187194824 162.096809387207 168.805902862549 176.988958449591 147.610267927062 159.887329101562 145.474785343293 162.13275201859 116.11783753379 105.038216623767 124.357556271481 111.033452729692 101.757623808725 179.588132222493 161.549192428589 129.729888916016 186.441758728027 171.390799480936 184.486450195312 200.704914637974 174.753354753767 203.020904541016 86.8986058371408 157.263955639255 192.720592922635 172.150411412336 174.28618524945 106.378942541174 171.456807454427 132.260177612305 147.547611482682 182.749954223633 79.7033018450583 112.58540802002 149.056801223755 187.904825846354 175.232734316871 192.997184753418 117.000772427936 103.376326734646 110.734214515902 104.235348030373 159.216869778103 183.091631261314 183.796437667588 155.255905151367 185.944686889648 142.95324699084 164.634874925546 167.536237961207 164.70307392185 161.6901308257 68.5047432188432 77.036225778988 114.509868303935 152.867712402344 152.225228522806 156.225102128654 154.62394823486 152.739960779856 157.198359712641 151.772416032468 150.724377526177 135.956006957263 149.3410944135 114.459731155199 138.64763624065 150.918689350145 0 136.728485107422 0 0 176.668370564779 166.722869873047 178.737030029297 182.104169209798 152.494277954102 0 176.962097167969 181.306258201599 182.97301189716 219.433807373047 177.993301391602 194.125297546387 0 0 153.845456077939 0 138.851904633757 147.963577885782 167.971731567383 143.887835664569 0 0 156.818892502203 163.440631866455 174.987503051758 147.297878265381 192.450347900391 185.951521331189 173.617919921875 0 179.906326293945 0 171.421055603027 174.960072835286 136.144292195638 233.887925368089 243.53003692627 202.794532775879 234.715805053711 164.747344970703 226.659042358398 223.793209499783 214.164443969727 231.672875540597 195.92635181972 190.767913818359 174.74982362635 171.196004740397 137.228154336253 133.551025390625 186.7041015625 0 0 150.319080352783 186.782374827067 187.847821916853 143.169001127544 135.708346557617 218.908874511719 0 232.796220045823 235.581307803883 210.244654337565 208.2197265625 140.623253827119 146.717412711748 133.537316322327 147.371260250316 204.015289306641 135.764980855195 182.010917663574 179.66081237793 233.826703158292 201.078633626302 194.289053977073 239.676541137695 228.961354064941 146.20145755344 115.741531295776 161.172896952569 188.833185949991 172.113093058268 0 167.184761047363
30.9473521368943 21.6677781820267 14.1580001143923 9.63585112574028 16.5673333411219 22.242056979539 69.533320660861 82.2463304346258 66.5493450164795 62.9851886270127 52.6787836366641 24.9819979018002 167.700660705566 172.671119689941 192.968002319336 224.094276428223 150.186637878418 199.947982788086 140.052674293518 156.615436553955 98.1815815440944 109.569812693494 207.700063069661 150.664558410645 123.039130528768 121.506126403809 207.153930664062 135.283940633138 75.13895968387 44.2101612981655 31.0677495904997 152.214329528809 130.457319993239 205.536361694336 148.880142211914 0 156.218064308167 154.071122741699 195.11360168457 166.262997436523 86.3887133439028 159.225601196289 158.042221069336 206.866635131836 0 174.49299621582 152.759842612527 167.69567565918 148.082205878364 0 158.843098958333 170.980082343606 126.37327250605 109.636645485373 127.309158496642 114.268190297773 85.3783857682172 158.671564737956 0 145.08317565918 182.634031295776 179.502152663011 0 0 186.774667358398 168.747207641602 86.41151269766 162.101293563843 198.044097900391 172.156509399414 178.624973072725 86.9156619771322 165.081091308594 123.567567825317 154.539411024614 200.450495402018 96.6478651046753 147.919525146484 131.74177424113 0 178.078757392036 0 116.876647430506 101.611004586393 104.838434235864 93.7288374353628 142.778087322529 187.445419311523 175.450355529785 0 185.436767578125 146.20913369315 167.764022064209 167.445371740005 176.291802039513 158.351101466588 69.3827288356828 87.2314727274577 101.288451561561 112.6869140625 148.884826967793 148.541338898415 152.208187997341 150.579696096735 155.584025989879 150.200319985508 153.846231188093 150.524796429802 147.591221368801 110.912067260742 135.229280692576 148.213444690315 0 215.600173950195 0 0 180.959243774414 154.311279296875 174.61828994751 175.094818115234 177.917831420898 183.276084899902 0 172.302139282227 178.025828770229 0 0 171.264503479004 0 0 155.20566646031 151.534759521484 134.082164581005 146.095379770538 145.125338236491 134.131561983549 0 0 157.768623683764 149.894299825033 0 139.666483561198 0 180.654180353338 164.086226519416 221.395645141602 148.980049133301 0 156.685877482096 183.541727701823 220.948196411133 233.612091064453 224.375213623047 189.947513927113 207.000366210938 167.709075927734 213.243839263916 223.574935913086 0 230.486892700195 190.535154342651 196.677734375 181.104415893555 164.235724258423 131.557126808167 0 192.35164642334 0 0 141.766163635254 180.17089452499 162.251190185547 139.644378368671 134.776540120443 222.572540283203 0 228.305777655707 236.105656215123 228.67448425293 0 138.170443258787 145.834715167296 139.128536571156 136.920934041341 0 134.905322661767 179.636093139648 0 244.729777744838 183.031669616699 190.505225488695 0 232.703402201335 142.962943639511 111.78002516831 163.702254314812 183.272008405413 142.319030761719 0 0
35.2607908265504 25.9851398910456 77.6447083312686 16.5673333411219 13.1789217433804 34.7461308267321 57.678505269787 81.591102142334 113.147665659587 88.7860179091945 56.1137308010385 50.0543941891021 0 97.1273716517857 85.7005314546473 93.5660773105309 78.7196067006964 115.704345430647 112.041220272289 85.2579949477623 87.2340857967254 85.6232495857008 82.2325223286947 157.885513305664 87.781942668714 123.266334533691 151.612770774148 89.7657541547503 55.5136298886661 31.9054889887595 17.2176721137806 39.9220887771467 57.2291902650942 67.2048122334925 141.988461812337 89.6831188201904 81.5689784900562 74.0912574046367 89.3253371547645 153.677322387695 79.3660923631365 124.546216583252 152.189331817627 112.981931898329 119.72484588623 121.034931945801 111.29430934361 135.257477780606 140.540848141625 0 136.578729109331 159.157363043891 109.884772400138 95.3071988689962 113.768635890795 99.8527740478516 43.0414671802604 58.1248265142026 108.377614339193 63.2234738667806 142.047793070475 149.509198918062 141.566198560927 140.550507863363 108.405539147648 155.67741394043 65.9397221750288 106.085299253464 115.295787517841 164.287875835712 165.67781791687 59.8263132613518 82.5418658900905 85.6158022562663 65.6763869352119 123.988633589311 80.0133850529509 94.5290451049805 82.0144818623861 0 170.973329816546 0 106.322525056104 88.6593488272974 94.2698748059668 77.9420929503955 119.483344466598 173.881128311157 179.63591003418 0 156.711366441515 130.86395973383 158.715009961809 165.472625732422 160.376713180542 19.5724990086008 74.0366792840473 70.0272859882664 84.0703998453477 51.2038436157759 148.033433047208 152.555417742048 148.285908353501 143.670601279049 150.62825012207 143.334337554107 150.047393798828 152.843943277995 148.972106441375 115.35894203186 131.899338417865 144.419402663772 0 160.351898193359 0 0 131.625185012817 0 141.669540405273 160.501432939009 170.379193115234 176.76570892334 171.11873626709 150.06729561942 160.250518798828 196.809127807617 128.783111572266 170.014099121094 0 0 143.526286315918 0 127.740952829214 137.128013500269 133.582056045532 125.894476318359 0 0 154.170998283055 156.297344631619 142.025047302246 114.642379760742 162.356252034505 181.652079990932 147.755861918132 195.792902628581 140.723188400269 0 155.705838521322 165.606748498004 165.404698689779 224.20036315918 222.440287272135 168.970077514648 194.091461181641 0 224.119983673096 211.519378662109 0 235.327093505859 178.511936187744 196.010841369629 195.078704833984 171.976998465402 116.556813049316 190.689300537109 155.243325369699 196.523371378581 0 160.51806640625 167.626630510603 0 120.700286865234 0 206.217880249023 178.636749267578 194.133544921875 226.439231872559 176.501993179321 182.136344909668 128.402141402253 129.217464662948 97.7450408935547 133.320655822754 0 114.717354819888 0 165.32585144043 204.361526489258 147.06086730957 180.805656881893 200.555912017822 0 129.617132013494 108.312405114035 155.114227294922 179.978104909261 232.44075012207 0 0
47.3183510804874 46.0415427472273 32.0219537877404 22.242056979539 34.7461308267321 18.1496496974118 68.2404258132826 70.1450574633101 71.1920630547308 49.4297737221774 34.9838251472202 24.9393210419901 102.48685836792 82.6271697998047 101.779297383626 107.235440422507 100.008127652682 109.36752294725 120.536479404994 93.4513487382369 91.3796767084853 94.6612806263084 80.3712875366211 147.855398995536 96.9429657040662 0 152.024285997663 103.066453933716 72.7185660045548 48.2413597944935 36.7815283387381 23.4402643439433 36.6581093777248 76.2114149729411 108.126049041748 92.0525245666504 100.857950966313 88.4514131986178 99.4878780283827 150.306382497152 87.575379614948 134.141239929199 143.751049922063 125.54179930687 174.191886901855 157.775034586589 123.829452102249 142.78432837953 147.289492289225 0 152.667171478271 174.678352092874 124.32355162762 108.957140203108 129.430717254852 116.005840849876 66.103602251267 63.7353755395804 132.224325815837 63.4607214676706 124.624725886754 161.675952238195 147.459294319153 167.066505432129 116.69641702217 0 90.5790326171126 122.351816764245 123.721964892219 180.71065837581 181.175909331351 59.5354559028189 88.426756974105 92.1737316533139 33.9740837713685 134.269739786784 76.7386341584034 114.428143819173 71.931276085936 247.954498291016 186.404514382102 198.117584228516 120.278442486159 101.246046668605 103.761405482975 90.8420296176787 136.111040932792 184.795657687717 181.208908081055 164.610118865967 161.480316162109 146.665691699012 170.118735790253 177.822104020552 177.350412368774 41.6691357355067 61.4805580449542 82.8254287162946 91.4787555014252 98.5356667258523 149.034260111644 147.052339142444 151.022321478784 148.202448249586 159.232344887473 147.518528708831 153.323641159955 135.501484196361 149.194457533937 111.90862266181 133.75312011254 145.924762288904 0 0 149.422022501628 151.974273681641 144.595102945964 162.932130813599 137.570959472656 168.410467529297 150.214382518422 164.09326171875 176.110160827637 176.72248285467 166.10361328125 138.326705932617 191.858688354492 181.588958740234 0 0 144.040477116903 0 133.535470150304 143.313399341619 132.995067596436 136.578886564787 197.063339233398 0 147.128696078346 140.509287198385 169.107936859131 149.653800487518 171.658693949382 181.857090759277 163.035408993985 0 156.541870117188 0 149.119730410369 173.654470443726 139.140911102295 229.174819946289 236.668228149414 181.484991709391 201.374687194824 160.80278523763 228.474031448364 216.702270507812 214.879211425781 230.746597290039 190.630676905314 186.042495727539 176.887537638346 172.490590634553 139.514587593079 0 169.80694770813 163.846870422363 207.496444702148 143.565050760905 185.470476462624 166.747360229492 141.07509122576 142.397422790527 0 183.739236450195 225.956973605686 229.934015909831 189.182498931885 0 133.367897435238 142.19232548179 99.8906419754028 135.684680393764 188.669174194336 126.54842547008 192.279502868652 148.574844360352 231.126319037543 195.609120686849 186.393840589021 218.081214904785 223.521563016451 141.452679824829 109.0366150206 160.218458175659 184.751305474175 153.110509236654 0 182.350682576497
27.6470431803498 55.4161732775651 50.7191603998649 69.533320660861 57.678505269787 68.2404258132826 11.1049715455803 24.4031053626253 18.7761736857947 31.1447017793146 50.9161438219475 66.3539124146051 114.345821380615 0 121.084976196289 158.57230758667 0 110.985626220703 0 0 116.920399983724 139.968160247803 0 144.841262817383 135.509292602539 0 190.068565368652 111.004117329915 21.7539443959888 43.2533769219082 60.8446632667824 62.9652290344238 94.6584915748009 98.0739288330078 0 0 98.7102298736572 94.7330856323242 123.852825927734 195.380447387695 87.4897624469194 0 0 60.870418548584 81.0405960083008 0 0 155.928204345703 115.498564583915 0 99.8556840079171 133.361262650923 77.4155002631237 67.5937935155588 86.5308197059823 77.0961500167847 59.9415628769818 0 0 0 128.185531616211 147.8833371117 153.501335144043 224.717742919922 136.376341247559 0 131.762149810791 178.222311019897 136.316481454032 142.341745164659 146.831834793091 79.4661432902018 135.796784973145 76.4983215332031 81.9992709159851 164.101146697998 57.1638744755795 52.8119831085205 78.9373226165771 0 147.976956216913 127.899337768555 83.8139825450431 115.754455566406 106.475476351651 92.8836517333984 76.6509844462077 139.521357945033 169.392072677612 0 156.336154937744 110.069180265386 132.54010118757 140.450603362053 142.415919655248 88.1959823608398 28.7080946557977 23.0476384625055 106.462265014648 127.041015625 150.242504119873 158.361167907715 167.202467782157 163.385448455811 144.723937988281 164.108980583422 158.84192276001 159.555061340332 160.801086425781 122.330514526367 155.541141891479 164.159953223334 244.517395019531 0 0 0 0 0 0 0 200.070388793945 0 0 151.957717895508 163.881492614746 0 0 0 0 0 164.314086914062 0 153.007203783308 151.865536776456 0 166.794507707868 0 0 152.524210929871 142.369550704956 0 0 0 168.314140319824 167.346585083008 0 0 0 232.894775390625 131.623138427734 0 197.61393737793 0 198.953727722168 0 0 162.517562866211 0 133.337768554688 237.884429931641 194.401931762695 0 0 0 120.973403930664 0 0 0 0 93.4056243896484 172.462890625 0 0 0 0 140.254501342773 241.459060668945 187.92308807373 0 0 149.699098474839 154.609014410722 96.0721384684245 119.729560852051 224.444442749023 132.191942388361 0 0 226.847808837891 152.736938476562 196.921894073486 0 0 146.126510620117 129.124680655343 153.189646402995 0 0 0 0
21.7038859614775 32.4945738288993 27.9240468848147 82.2463304346258 81.591102142334 70.1450574633101 24.4031053626253 13.0915714295754 18.1761773955213 18.8630710741875 50.2990585451637 54.5637752137533 121.375686645508 0 211.559310913086 175.936340332031 239.334671020508 176.877914428711 141.276565551758 0 118.916333125188 135.419929504395 0 0 151.360544840495 0 226.48361714681 151.336730957031 68.1665319110442 58.2471305269644 92.2059155570136 136.835021972656 146.213957214355 154.917892456055 221.091613769531 0 156.586654663086 123.60848236084 165.641662597656 145.082809448242 86.6783164024353 0 177.344436645508 158.248260498047 0 0 137.135787963867 157.084827769886 134.636408699883 219.824081420898 129.638681173325 148.036919865295 97.8743899864486 89.7098994823771 105.27340759531 90.3204541122704 99.3842788696289 111.456405639648 167.195541381836 101.938484191895 176.351524353027 160.80287524632 208.760462443034 0 172.827160644531 0 81.4682210286458 173.405166625977 191.68977355957 159.62700310182 159.486568157489 109.214897155762 128.475649515788 105.991937637329 136.185868157281 154.527620043073 70.3759887001731 102.592613220215 96.2613525390625 102.399345397949 162.365444879462 205.097579956055 101.590138201444 96.545750296189 105.442542085943 131.616546630859 145.318683624268 167.027434212821 169.873957758364 175.728023529053 181.955193655831 124.004290396707 147.700183995565 155.144166834214 158.34803865667 132.614044189453 70.7803980233013 51.4214794827443 146.223226547241 127.066963195801 143.467962537493 152.779652404785 148.220418586106 157.786828994751 135.247261047363 153.010318495472 136.148180643717 104.533710903592 141.213939064427 114.841049194336 139.946627947749 151.364146797024 0 0 0 226.180297851562 0 0 0 0 0 0 0 184.615305582682 195.679962158203 0 204.98583984375 0 173.405227661133 0 179.541208902995 0 143.763262662021 158.877374649048 0 162.432277332653 0 0 172.196478271484 146.4753074646 0 0 0 184.527046203613 168.92624872381 0 0 0 144.352691650391 0 0 0 226.906936645508 191.100758870443 0 0 174.901351928711 0 178.069193522135 238.772659301758 228.168106079102 0 127.518753051758 196.202560424805 141.683743794759 0 214.553436279297 0 0 0 193.865684509277 0 153.134140014648 166.650566101074 221.40950012207 0 233.145462036133 231.205505371094 232.592437744141 228.583587646484 155.474535522461 172.973977225167 119.233825683594 158.519760131836 0 154.860185895647 245.199554443359 189.150344848633 238.46598815918 0 212.474275588989 220.362991333008 224.894798278809 155.945460001628 118.205589103699 157.310227203369 193.817288716634 0 0 222.878646850586
48.9719842742471 55.3926317102769 49.0756247197855 66.5493450164795 113.147665659587 71.1920630547308 18.7761736857947 18.1761773955213 7.90692191388247 18.0153966048762 40.8153113901371 61.4712432454191 69.5967178344727 0 0 134.207901000977 0 0 78.9401416778564 0 102.042727152507 75.0360500629132 76.2378082275391 0 78.3872598012288 0 0 0 63.6903108797575 63.9495730002721 81.9888504876031 57.4861106872559 64.5878455752418 80.155403137207 0 0 0 149.932342529297 0 174.8408203125 89.2205832004547 0 127.990814208984 52.3919532775879 82.7028805975821 0 77.9550094604492 150.846252441406 141.483088175456 104.766730231208 115.227867126465 144.712790127458 75.8307797269123 83.2824542999268 85.9786955067809 97.999821472168 79.6540171305339 0 0 0 0 153.289863586426 0 0 120.157096862793 78.5189094543457 94.2767734527588 68.5668334960938 0 150.10119934082 144.297035217285 49.8045728120872 74.8806133270264 45.1532649993896 74.3197708129883 0 39.5824080543518 48.8308474800803 57.2522767589938 129.825901031494 155.907589140392 117.248077717233 92.6044719607331 132.823043823242 116.368745422363 0 0 154.129169464111 139.876820882161 123.937488010951 132.509531656901 107.734980496493 144.244429016113 139.971069335938 153.182860238212 61.6882743835449 16.8881733257791 27.0987500065546 89.4987157185872 67.0898971557617 143.113162994385 110.109176635742 154.424556732178 171.305774688721 0 152.045085144043 157.139083862305 118.036380767822 148.752721150716 128.715688069661 146.870336151123 175.655764261882 0 95.6921615600586 0 0 97.4641494750977 101.429242451986 115.275501251221 122.804271697998 113.523002624512 109.876387023926 114.918955485026 0 0 122.311172485352 0 0 0 0 175.83381652832 0 149.720947265625 138.90256245931 0 120.35394859314 0 0 179.460571289062 119.424697875977 0 116.117691040039 0 0 153.870265960693 0 0 0 94.1247295032848 131.597784042358 0 0 0 0 0 0 204.613674163818 0 0 201.776794433594 0 0 0 129.530776977539 132.651405334473 0 122.481773376465 0 0 119.946818033854 0 0 0 0 0 140.743865966797 0 0 163.447021484375 154.378890991211 143.05154800415 112.882708231608 71.1170482635498 120.956092834473 180.629196166992 141.94709777832 153.804901123047 157.589645385742 245.827667236328 0 220.625854492188 200.703948974609 0 0 121.33829053243 151.886337280273 0 192.208763122559 0 0
36.1346805397189 52.0831655913882 24.4564947184708 62.9851886270127 88.7860179091945 49.4297737221774 31.1447017793146 18.8630710741875 18.0153966048762 11.8170214411251 20.8016001060239 25.3233871993336 97.8309760460487 199.595153808594 207.461929321289 164.234199523926 136.671264648438 235.871368408203 155.827438354492 0 109.709270311439 103.760967548077 0 0 118.390258789062 148.757247924805 160.785095214844 0 66.9747085646381 74.7052778167725 101.276448176457 72.3926764594184 94.3164357272061 89.5995254516602 0 0 0 168.986200968424 187.225379943848 0 90.7825478408743 138.974586486816 175.162048339844 66.819507598877 133.287048339844 77.9297866821289 106.816769917806 155.725618362427 133.744025782535 138.896020507812 133.499955654144 149.263677173191 92.1316418629018 85.7421344531122 101.474519496427 93.0309013639178 133.368577575684 102.351203918457 180.510052998861 0 179.819986979167 158.244315514198 167.42008972168 195.440948486328 175.731964111328 0 92.9700214862823 128.164758682251 172.441497802734 157.060864188454 159.560671879695 43.2962101145488 151.171936035156 101.275596618652 112.587187025282 150.265754699707 27.4395649552484 46.8767185211182 64.3106227111816 0 158.221797471636 127.833801269531 102.527319013394 102.771338912676 108.1160561411 98.1929588317871 138.506143569946 178.818257258489 173.415172153049 165.64241027832 169.435319688585 131.212875874837 149.314534916597 150.431327136595 152.145202412325 96.7598752339681 18.7011246967125 49.0500663922673 104.947875976562 131.091003417969 122.276483138402 136.969517601861 126.465487205691 127.836038425224 135.079345703125 125.134050029598 124.151468049496 96.2424501859225 117.821872927108 88.5095011962587 110.368334979981 127.992973918844 0 0 0 0 154.330474853516 128.012283325195 154.693389892578 174.799976348877 136.054303487142 100.614059448242 0 152.698345947266 178.684204101562 97.5357208251953 0 0 0 0 140.271043701172 0 120.047759691874 137.375231111967 107.708862304688 129.871424811227 0 0 133.540749867757 152.179930550712 129.29833984375 146.175636291504 135.043689727783 166.664717610677 168.341724229896 0 118.376594543457 0 173.535980224609 166.089248657227 122.601493835449 202.072692871094 219.593627929688 201.296503067017 0 158.619115193685 197.835845947266 212.757452828544 166.536361694336 225.535265604655 161.038688659668 184.427920532227 149.872826712472 141.605752798227 123.584136376014 0 139.612014770508 0 0 114.57059902615 179.763335037231 179.78667195638 128.034308297294 107.91544342041 0 0 214.91862487793 223.402420043945 158.904846191406 0 121.857892653521 137.161890550093 81.741947555542 128.559275309245 0 110.261589537276 168.147888183594 171.750493367513 233.136032104492 0 190.258697509766 210.188896179199 0 130.356810675727 96.0323023886051 114.677548363095 189.475849914551 168.993577575684 0 0
63.0238214647448 56.2971144900733 45.5655154226763 52.6787836366641 56.1137308010385 34.9838251472202 50.9161438219475 50.2990585451637 40.8153113901371 20.8016001060239 7.77556136739099 19.3930609511302 73.5550174713135 94.4739379882812 0 0 135.304229736328 133.626106262207 84.5228729248047 108.470983505249 85.6776568915254 88.2185990260198 68.4653835296631 111.816482543945 77.6947330675627 0 129.393157958984 82.2887229919434 81.5176197120121 60.0721031471535 46.7046298980713 55.0901480913162 63.241999101103 87.4401223318917 0 0 106.684520721436 120.843456904093 82.0595092773438 108.31941986084 87.8550567188482 146.312927246094 0 44.5952023097447 95.9081916809082 91.4915618896484 110.006234169006 140.974424089704 131.483837127686 123.355377197266 129.891662597656 167.090853009905 103.185348639327 111.165909204728 121.556405809191 111.148420566466 78.3370448218452 61.5392234802246 97.7035827636719 0 0 171.993732028537 0 166.377838134766 141.376574925014 0 87.4254051208496 74.1451086997986 128.687339782715 172.614545822144 180.362070083618 29.3911548244156 86.9899716186523 44.3064419104128 82.8275030681065 144.817632039388 32.0040856850056 65.3873195648193 52.2569347143173 160.062042236328 182.299279785156 116.353747049967 120.995785058713 103.283411177378 101.756548324687 88.4254455566406 74.448070526123 198.939737955729 164.02165222168 172.506927490234 115.919282913208 143.572363460765 176.421112060547 180.056326293945 151.157249450684 70.7262699604034 24.8397516618746 66.3079461469574 87.9004226011388 69.6767883300781 124.665191433441 125.643681480771 128.104226356809 128.753388657862 133.624308166504 125.904954039337 126.239198077809 108.561241439626 122.595061252686 90.9228980211708 110.966231378252 125.34827650319 0 0 0 0 117.144426345825 138.017807006836 129.41291809082 168.34806060791 109.474655151367 159.412536621094 125.280619303385 143.01225566864 136.039030710856 0 173.673919677734 0 145.027969360352 0 130.563376653762 0 113.046311345594 120.982855199798 104.581485748291 110.418261172167 151.597946166992 0 128.443747020903 118.565862019857 126.359649658203 114.946042378743 149.96794128418 159.853761672974 140.424946953269 0 122.21782430013 0 116.102820078532 121.838829040527 0 222.56037902832 203.673141479492 182.594532775879 193.50505065918 147.351577758789 217.368064880371 181.500339508057 0 216.158917236328 183.254049127752 147.398289998372 164.921530983665 145.995038713728 114.781200953892 0 185.426322937012 0 0 121.066508293152 159.108533112899 161.924545288086 114.607842581613 0 0 164.805114746094 209.844708251953 213.036030360631 197.828425089518 214.028625488281 114.727798713433 118.958478404357 68.7100491156945 114.713258743286 0 107.454988590185 157.50365447998 138.573944091797 216.174682617188 149.588722229004 171.924820591027 226.823684692383 218.981024169922 120.645994487562 85.4160473443766 138.140404873207 161.596138727097 0 0 130.521987915039
59.2971606819645 57.5501901486715 19.2229367374331 24.9819979018002 50.0543941891021 24.9393210419901 66.3539124146051 54.5637752137533 61.4712432454191 25.3233871993336 19.3930609511302 12.1440556754259 129.036046346029 99.480842590332 120.275770920974 101.076976429332 106.763271840413 110.396933078766 102.569683074951 90.2139326601612 92.0471232735626 92.9456740923626 79.5695062875748 155.058039855957 94.6621574346166 136.670106252035 133.508062998454 108.5136920384 85.6931485966104 62.1913807513667 52.0906560949778 26.9226822493163 21.7994147477333 67.9893572474101 118.845241546631 100.993268966675 102.57962497912 88.7928028912611 113.043464414535 143.071375678567 91.9498686547257 155.682376861572 160.651303972517 62.5826389388283 106.083531188965 118.426258341471 102.020889621311 150.297498566764 149.792675691492 120.492579650879 160.933697787198 179.81058258706 127.70632118353 117.603289187684 134.96494695983 119.011623082198 81.2960351907982 56.6231339664782 136.758317565918 54.0486507415771 123.447656419542 171.080741271973 163.610018412272 162.556551615397 118.845837853172 117.889717102051 94.4655377147644 105.195602109355 126.357759475708 181.756211654 184.979097638811 29.5137126118796 38.3341399439294 67.0751160515679 37.3817223335597 135.653328204977 42.6684798349431 87.2756889343262 44.3899136964982 205.685256958008 186.481644202923 155.062591552734 125.526209828611 108.432326669768 108.491634794514 96.0440626987191 113.37825817532 183.170565091647 194.050366569968 137.61496080671 144.916876431169 148.919556533234 174.779715249705 181.665177481515 174.817260233561 50.3004420616193 45.78547658122 86.0234954607048 97.0361715022754 98.9405458623713 143.708354841579 141.961331461812 145.876458062066 143.895420109142 148.349138710716 142.131057912092 146.113201330204 133.147884937043 140.729411459377 107.498694114196 128.815378389158 140.631798048893 118.127410888672 185.751220703125 168.504833221436 124.460812886556 115.303717295329 133.417734418597 130.762432575226 170.310514177595 132.164834022522 157.700157165527 135.237480163574 159.882186266841 167.287508512798 157.527046203613 132.678197224935 207.55339050293 0 204.782257080078 147.700078353882 133.371147155762 127.227642553374 133.181006588153 121.024568557739 124.290036973844 136.036071777344 0 131.347976523386 125.69527165095 143.182435035706 136.884295243483 173.639470418294 168.788348147744 152.689815971179 189.158764648438 148.06551361084 0 114.485196616433 169.098104688856 128.606395427997 225.667424128606 0 182.199660709926 221.34538269043 160.51342010498 217.708507762236 209.938056945801 220.764038085938 229.030515398298 187.110943022228 180.850889205933 178.494981384277 164.874805597159 121.355894277762 127.067939758301 161.863284301758 202.205769856771 219.017517089844 130.326024736677 175.044302920078 0 127.643618539663 134.162528991699 175.275512695312 173.960039774577 221.869627210829 222.720643107096 201.736720493862 210.678532918294 126.802638680127 123.381985966939 80.2196399033672 132.669207981655 209.954650878906 115.653463250426 183.198992047991 175.278010050456 227.784086747603 179.40552520752 179.539822322066 213.426927046342 215.379476547241 136.067397038142 102.081218277307 148.888133207957 172.238388795119 152.534575462341 0 143.341340382894
112.528823852539 151.939315795898 184.997634887695 167.700660705566 0 102.48685836792 114.345821380615 121.375686645508 69.5967178344727 97.8309760460487 73.5550174713135 129.036046346029 9.44965357702254 134.019496917725 90.6794952392578 79.9282581495202 55.7936193678114 36.2727128591152 26.0236389905137 69.092150621636 164.99231338501 101.590116228376 90.2739391326904 62.0854533967518 104.008325576782 82.0748443603516 62.8918731581997 59.8942739339975 135.672086079915 110.203353881836 114.044603620257 97.4154993693034 70.9536037445068 206.107597351074 0 91.9479293823242 95.0481567382812 67.4197435686665 54.5032210007213 101.335159301758 86.0448288690476 58.7252662658691 88.0821467081706 24.1090037397738 16.7148203380312 18.9220864122894 86.4603691101074 76.7875598472885 94.1467091487004 45.3550839349627 122.809265136719 109.356651306152 129.228828083385 134.081270853678 136.529154459635 146.360908508301 122.086726506551 98.0395317077637 81.2301177978516 57.3636207580566 104.68191699324 114.354505411784 107.228847054874 57.8030153274536 58.8733684812273 25.8195295299057 115.051644897461 75.476953125 81.1092442243527 115.445074081421 84.403428141276 69.3091832036557 62.2025832748413 33.0535238715095 113.326639811198 98.8014172640714 50.6263469998992 22.698351575543 54.3176899332749 93.1532794189453 96.3442778587341 77.2477785322401 142.993718465169 148.130561828613 137.514178466797 0 0 85.7349776540484 69.2062983777788 43.4703986221664 50.377295505984 110.209085464478 183.568229675293 178.132924397786 92.1165888859675 139.098793029785 61.1151400336887 96.72082617344 0 126.613021850586 132.514770507812 136.850677490234 136.879653930664 144.107434082031 0 146.867219924927 0 0 136.415008544922 103.332582092285 142.230551583426 145.69408416748 87.9516777038574 83.4662047938297 61.5915345512614 94.1519680023193 109.921237182617 92.4785216482062 117.279954528809 75.0104560342425 111.750084568077 84.0650531610547 101.72320929239 142.265729631696 144.499240875244 107.166379292806 101.176658630371 95.7614603042603 0 92.40496029324 157.969307639382 139.583019256592 128.404909133911 134.226982116699 90.0624221801758 120.254051208496 90.6695022583008 100.933289421929 120.666045787723 113.884899784968 71.3767661753199 122.549939836775 77.0970697857085 154.979461669922 131.223128000895 118.215405464172 50.1931743596462 62.0874419376768 89.6712633001393 73.7739461825311 114.779655456543 134.059533860948 126.974689483643 141.118865966797 0 95.4918886072495 154.683278764997 162.962799072266 147.943438212077 151.807083129883 204.808400472005 190.362865447998 0 170.096199035645 110.119125366211 103.730953216553 68.9797736167908 85.2431480212089 117.801526031494 30.7715566408614 172.955849541558 147.146528244019 122.41268157959 0 110.998076121012 80.6082586598462 145.249806722005 136.072948455811 90.1386173917102 103.549184013815 162.343490600586 116.882213338216 38.6414064416791 114.114265441895 96.3218919342639 100.996474202474 120.491584329044 72.7053980146136 129.245329666138 140.840797424316 185.260228474935 120.700384762413 131.166066338034 155.689142862956 104.546600341797 0 153.010914611816 143.504608154297 0 123.772478739421
