45681 13022 9844 4643 4907 3830 11100 9915 97 2026 290 5429 1 13 22 7 0 18 4 1 142 89 13 15 3 1 7 6 5160 8694 3626 98 41 11 1 7 20 8 26 4 488 16 27 3 0 14 2 48 87 9 108 262 1127 654 561 267 148 11 8 2 47 65 46 4 25 0 168 6 197 193 112 255 29 6 87 17 57 1 161 13 585 17 1392 151 354 63 8 188 95 14 51 661 377 163 159 390 186 2765 21 53 47 2 128 33 1 276 27 16 55 35 91 181 1 1 0 0 1 1 1 0 6 2 2 0 0 0 0 0 0 0 4 0 36 111 1 34 0 0 20 13 0 0 2 5 5 0 1 0 5 8 0 0 0 2 0 2 2 3 3 4 3 7 5 8 27 0 2 0 0 0 7 2 2 0 1 2 0 4 8 0 308 39 2 1 1 60 3 2 10 1 6 4 0 4 59 17 6 1 0 0
13022 11140 3818 11190 1653 3577 515 467 21 464 283 2171 0 0 1 4 0 5 2 2 119 26 8 7 3 0 0 1 374 1241 533 17 11 0 0 0 1 0 0 2 562 9 23 0 1 6 4 18 50 5 47 84 188 154 105 244 22 1 0 0 7 20 9 1 2 1 221 0 11 98 44 39 5 2 23 4 14 1 24 10 315 6 503 93 374 67 6 132 36 9 30 304 149 98 71 45 78 211 28 14 28 0 86 20 0 211 14 10 29 29 67 127 0 0 1 0 0 0 0 0 0 0 1 0 0 0 0 0 0 0 3 1 14 63 0 14 0 0 7 2 1 0 0 5 2 0 0 0 1 1 0 0 1 2 0 2 1 2 2 2 7 0 1 8 20 0 0 0 0 0 5 1 1 0 1 0 0 0 1 0 209 23 2 0 1 22 2 0 5 0 7 0 0 8 42 11 4 1 0 0
9844 3818 10495 2501 151 1212 617 10024 102 4035 542 26809 1 0 3 3 0 23 3 2 176 22 5 18 5 0 6 3 575 289 63 9 28 4 2 0 0 3 4 1 889 27 38 1 0 10 1 35 103 10 75 222 396 291 262 421 41 6 2 0 19 53 23 3 9 0 340 0 23 216 114 52 13 2 49 12 11 1 24 13 614 14 1042 184 672 128 12 253 85 15 49 628 359 198 188 88 340 387 34 18 161 5 305 63 4 595 77 26 82 83 173 343 0 0 0 0 0 1 0 1 1 0 0 0 0 1 0 0 0 0 9 0 49 132 0 52 0 0 9 3 0 0 0 10 10 0 1 0 0 4 1 2 2 5 0 4 4 4 3 4 7 7 3 12 36 0 0 0 0 0 13 1 5 0 0 0 0 1 1 0 541 40 3 0 0 71 9 0 4 0 16 2 0 9 131 23 4 2 0 0
4643 11190 2501 19106 7105 8761 271 257 33 388 242 6567 1 2 3 3 0 8 0 1 182 48 3 7 4 1 1 0 176 1773 2840 89 12 4 0 1 0 4 5 0 418 3 9 1 0 3 0 10 13 3 18 41 87 64 66 174 29 4 2 0 8 10 5 1 2 1 139 0 19 43 17 227 12 2 12 1 51 0 141 2 123 5 280 55 378 81 6 40 19 5 15 146 71 40 31 51 206 145 17 3 48 6 156 37 4 394 36 32 60 45 96 254 0 0 0 0 0 2 0 1 1 0 0 0 0 0 0 0 0 0 13 0 23 116 0 33 0 0 10 9 0 0 0 7 1 0 3 1 2 0 0 0 1 4 0 5 0 1 0 0 7 6 4 12 29 0 0 0 0 0 7 2 0 0 0 0 0 0 5 0 451 34 1 0 0 61 1 0 3 0 11 0 0 7 91 16 6 1 0 0
4907 1653 151 7105 11974 4964 964 106 37 76 85 3281 1 37 25 19 1 18 7 4 454 254 23 7 14 2 5 11 1559 8764 12366 394 83 26 0 21 35 32 36 8 690 6 15 19 5 33 4 31 35 6 30 94 473 326 188 323 2174 8 23 1 56 38 32 6 37 2 373 9 283 79 41 514 79 22 126 24 66 1 340 4 212 6 738 146 756 223 16 80 37 10 65 306 130 55 68 1193 180 783 80 88 23 4 49 14 0 101 8 6 14 9 33 122 0 1 2 1 1 3 0 2 15 5 5 2 1 0 0 0 0 1 9 0 18 139 0 79 0 0 34 20 0 0 0 3 5 1 4 1 9 7 1 2 3 5 0 2 1 5 0 0 4 7 0 8 46 0 0 1 0 1 9 4 7 0 2 1 0 0 10 0 246 71 6 1 3 112 0 1 9 2 7 5 0 7 23 3 4 1 0 0
3830 3577 1212 8761 4964 15844 548 467 121 488 145 14093 2 18 12 10 1 20 3 3 431 251 22 13 9 4 2 6 300 1855 1423 4458 475 28 1 8 24 41 26 8 596 8 16 73 14 41 2 36 25 10 19 103 233 143 133 219 50 41 4 1 60 25 17 1 30 11 206 3 214 77 43 2204 282 90 61 22 98 4 1476 8 204 8 445 101 474 125 11 75 31 12 98 238 154 73 57 2340 726 392 45 13 92 11 288 79 3 659 40 36 119 85 178 485 0 1 6 0 4 3 1 4 48 21 22 3 0 1 0 0 0 0 21 0 135 473 1 203 0 0 105 80 2 1 1 24 26 1 6 2 22 20 0 0 0 17 0 10 2 11 1 2 21 14 8 34 158 0 5 0 0 1 25 4 16 0 1 2 3 1 16 3 1082 239 27 2 2 280 2 1 4 2 27 2 1 28 178 24 12 4 0 0
11100 515 617 271 964 548 12469 5277 872 1362 150 987 0 7 10 1 0 3 0 1 30 31 4 4 0 1 1 5 1335 687 777 19 9 0 0 1 8 1 12 2 57 1 5 1 0 3 1 8 11 1 18 69 885 346 313 47 52 2 2 0 8 21 21 3 22 0 34 1 75 28 10 114 5 6 37 0 31 0 84 3 96 4 461 23 44 11 3 32 9 1 11 135 89 32 22 145 434 5573 9 20 17 0 41 12 0 96 9 7 17 12 29 50 0 0 0 0 1 0 0 0 2 0 0 0 0 0 0 0 0 0 0 1 8 33 0 16 0 0 9 1 0 0 0 1 4 1 0 1 1 2 0 0 0 0 0 0 0 1 1 2 2 0 0 6 8 0 0 1 0 1 0 0 3 0 1 0 0 0 5 1 110 12 0 0 1 18 1 1 4 1 2 0 0 5 22 1 1 1 0 0
9915 467 10024 257 106 467 5277 21168 3211 21392 932 4533 0 0 2 4 0 6 0 1 14 4 1 0 0 0 1 1 93 96 61 6 1 2 0 0 3 0 3 1 141 9 2 0 0 2 0 7 6 1 25 93 414 187 179 58 8 1 0 0 9 9 5 0 2 0 39 0 15 57 19 41 3 0 5 0 10 0 13 5 188 1 398 27 65 3 0 57 17 0 7 216 94 35 32 31 335 922 3 4 184 1 152 31 2 257 84 21 46 31 84 156 0 0 0 0 0 0 0 0 0 0 0 0 0 0 0 0 0 0 3 0 9 30 0 9 0 0 5 2 0 0 0 5 3 0 1 0 1 1 0 0 0 2 0 0 0 6 2 3 3 4 1 10 5 0 0 0 0 1 3 2 1 0 2 0 3 0 2 0 174 11 4 0 0 22 3 1 3 1 11 1 0 2 48 20 2 1 0 0
97 21 102 33 37 121 872 3211 1109 1607 179 441 2 0 0 1 0 0 0 0 5 2 1 0 0 0 0 0 10 26 7 60 41 1 0 0 1 0 0 0 9 0 1 10 101 1 0 1 1 92 2 23 124 19 27 5 0 7 0 0 0 1 0 0 0 39 3 0 0 7 0 720 34 153 2 0 447 14 319 37 21 52 33 2 8 1 1 60 6 30 11 25 15 5 3 62 2845 1653 0 0 11 1 26 11 1 65 7 6 11 7 27 34 0 0 0 0 0 0 0 1 16 12 10 0 0 0 0 0 0 0 1 0 3 15 0 13 0 0 14 7 0 0 0 0 0 0 1 0 18 3 0 0 0 1 0 1 2 2 0 3 0 1 0 0 3 0 0 0 0 0 1 0 1 0 1 0 0 0 2 0 48 23 11 0 0 15 0 1 3 0 1 3 0 0 11 8 2 0 0 0
2026 464 4035 388 76 488 1362 21392 1607 38634 16559 27639 0 0 0 1 0 3 0 0 21 3 1 3 2 0 0 1 75 84 38 23 17 4 0 0 0 0 1 0 165 7 7 4 22 1 0 13 24 16 20 108 323 117 175 82 8 3 0 0 5 11 4 1 2 10 36 0 7 70 17 710 14 39 5 4 581 12 173 8 275 10 415 29 70 7 4 66 16 12 24 246 135 50 49 34 3886 1072 4 2 78 4 272 81 3 626 81 35 183 70 307 356 0 0 0 0 0 0 0 0 3 0 2 0 0 0 0 0 0 0 12 0 27 77 1 25 0 0 7 6 0 0 0 5 4 0 0 0 2 2 0 0 0 5 0 2 1 2 0 4 5 5 10 19 9 0 0 0 0 0 8 1 3 0 1 1 2 0 2 0 456 17 3 0 1 41 0 1 2 0 14 2 0 3 134 32 4 3 0 0
290 283 542 242 85 145 150 932 179 16559 8446 8202 0 0 0 0 0 0 0 0 11 6 1 1 0 0 1 0 14 51 33 5 6 1 0 0 0 0 0 0 87 1 4 0 0 0 0 6 7 0 8 49 85 27 45 27 5 0 0 0 2 3 2 0 1 0 16 0 4 26 10 1140 4 1 0 0 821 0 722 0 109 2 141 12 28 4 0 27 6 1 4 101 60 29 13 13 1012 253 3 1 56 4 201 56 1 399 41 37 64 78 132 218 0 0 0 0 0 0 0 0 0 3 0 0 0 0 0 0 0 0 8 0 17 59 1 12 0 0 4 2 0 0 0 4 6 0 0 0 0 4 0 0 0 5 0 1 0 0 0 1 5 4 9 17 17 0 1 0 0 0 2 2 3 0 1 0 2 0 1 1 368 10 3 2 0 49 0 0 0 0 7 0 0 8 91 28 1 0 0 0
5429 2171 26809 6567 3281 14093 987 4533 441 27639 8202 28845 0 35 28 20 3 59 17 5 673 456 73 18 18 7 12 7 384 1506 1033 2032 1573 129 1 34 109 128 49 8 876 14 24 54 18 130 5 58 42 14 68 202 427 252 259 372 104 447 21 11 127 50 32 2 42 8 305 13 393 167 53 3334 675 72 404 52 757 3 2129 8 491 11 798 106 632 169 19 195 61 15 202 521 295 134 112 3542 2544 822 72 30 320 32 1230 309 10 2447 202 139 363 351 734 1647 0 1 3 0 4 4 2 3 38 25 18 5 1 0 1 0 0 0 79 3 303 1144 0 436 0 1 203 107 8 2 3 60 66 1 13 1 18 40 1 0 1 46 0 17 5 22 7 1 45 39 16 102 296 0 6 3 1 1 55 19 38 2 2 9 4 0 29 5 3213 384 52 2 6 618 6 6 3 6 77 12 3 65 579 130 45 8 0 0
1 0 1 1 1 2 0 0 2 0 0 0 6576 0 4 6 8 90 5827 36 0 1 0 11 0 0 17 23 4 1 0 5 6 3 3 0 12 139 46 0 14 0 27 3408 4153 1768 3 2 4 160 0 2 1 1 1 0 3 2 1 0 12 1 8 18 37 1885 1 2 9 1 3 16 21 502 4 2 194 504 91 8 7 31 3 0 0 1 0 30 18 169 1324 4 0 0 16 4 57 1 2 2 1 2 1 0 1 2 0 2 0 0 0 8 1 27 495 2 1 7 0 228 30 730 18 0 0 0 0 0 0 7 5 2 6 16 0 3 0 0 16 7 84 1 53 1 1 7 91 56 141 2800 1 2 2 0 0 30 1 0 0 3 0 1 0 4 4 1 74 17 0 372 0 1 12 0 5 120 0 1 302 16 16 28 39 3 13 6 5 3 18 0 0 22 1 8 2 0 0 0 0 1
13 0 0 2 37 18 7 0 0 0 0 35 0 8445 7703 286 200 71 23 192 56 42 175 104 5 10 1823 1797 61 48 65 2 26 105 2828 3161 368 42 203 679 732 26 74 1 0 15 521 25 29 2 2 2 8 1 3 6 64 439 1714 279 83 45 133 76 377 0 15 586 855 6 5 3 2 0 817 27 1 0 2 0 13 0 14 6 21 5 92 5 10 2 17 41 3 11 65 202 1 16 8 12 1 0 0 0 0 0 0 0 0 0 0 2 4 1 4 4 15 9 5 7 96 115 63 0 1 0 1 0 0 4 2 1 2 1 0 2 1 1 22 49 2 7 2 0 1 0 1 1 49 31 7 0 2 0 0 0 0 0 0 0 0 0 0 0 0 1 1 1 0 1 1 2 0 0 0 5 0 0 5 4 1 19 3 2 0 10 0 1 0 1 0 4 2 0 1 0 2 2 0 3
22 1 3 3 25 12 10 2 0 0 0 28 4 7703 14417 10288 799 1804 254 1290 52 38 205 112 2 20 1833 3543 34 47 50 2 33 40 623 471 244 43 1193 187 1071 63 105 4 2 101 109 54 69 4 3 4 5 5 4 9 38 284 269 91 481 74 173 65 475 3 17 232 2110 19 16 2 6 2 624 121 0 0 3 0 19 3 9 3 25 6 48 11 37 7 67 99 13 25 133 185 0 11 4 10 2 0 1 0 1 1 0 0 0 0 0 2 18 11 7 6 33 13 17 13 194 239 136 2 3 3 1 1 0 16 2 3 0 7 0 7 11 4 73 75 11 33 11 0 2 0 1 2 113 135 10 1 1 0 0 0 0 1 0 0 1 1 1 3 2 3 5 8 0 1 7 10 2 4 3 4 0 1 26 4 9 56 10 8 5 22 0 0 4 10 3 15 4 0 4 2 4 4 2 2
7 4 3 3 19 10 1 4 1 1 0 20 6 286 10288 11714 212 3514 3780 1633 18 20 108 109 5 7 288 6512 21 23 20 2 26 51 34 17 753 209 1379 36 1009 134 45 8 1 80 30 16 14 0 0 0 5 1 2 11 22 125 13 17 312 18 29 19 143 4 15 46 1004 5 10 1 6 2 309 74 0 0 4 0 5 0 4 3 11 5 18 1 8 1 30 90 3 12 50 82 1 5 3 5 3 0 0 0 0 0 0 2 0 0 0 3 19 57 50 3 6 48 0 284 69 922 56 1 2 2 0 3 0 29 3 2 0 3 0 8 10 2 34 44 42 15 23 0 1 4 6 8 170 349 1 0 0 0 0 4 0 0 0 1 0 0 0 0 1 0 5 3 0 11 0 1 3 0 1 9 0 0 18 3 4 27 18 0 2 19 0 0 1 1 0 2 1 0 5 0 0 1 0 1
0 0 0 0 1 1 0 0 0 0 0 3 8 200 799 212 975 235 953 1318 6 5 21 15 1 9 7 8 2 4 1 1 7 4 1 86 223 702 8 11 81 8 34 21 15 56 3 3 20 10 0 1 0 1 0 3 0 20 1 1 13 10 8 0 2 2 0 3 8 10 1 3 3 14 52 1 1 2 0 4 5 6 1 0 3 0 3 12 5 22 69 21 4 6 32 21 1 1 0 0 2 3 0 1 1 1 0 1 0 0 1 3 38 24 2 15 33 11 41 14 399 321 262 10 11 5 3 1 1 30 17 10 4 16 0 7 40 9 136 143 3 100 11 1 10 3 1 2 209 33 27 0 2 0 0 0 0 0 0 0 1 7 0 3 2 5 1 15 7 1 11 23 2 4 1 4 0 1 9 1 12 138 22 15 1 45 0 0 1 8 5 2 0 3 3 1 10 12 5 17
18 5 23 8 18 20 3 6 0 3 0 59 90 71 1804 3514 235 17688 4135 1221 15 42 111 651 8 11 520 1267 27 22 20 23 101 65 33 6 741 858 6477 53 1704 215 856 175 43 2878 28 43 73 8 3 1 6 6 13 28 36 136 5 6 4155 35 130 263 333 72 29 24 1322 19 15 17 39 17 341 172 0 6 15 1 17 0 24 2 13 11 27 16 39 13 356 369 17 23 288 149 1 4 15 10 0 3 0 0 0 6 1 3 1 0 0 36 14 338 905 16 18 122 3 694 203 2809 140 1 0 1 0 24 1 113 7 7 17 40 0 13 5 2 125 91 388 9 422 1 2 15 73 110 501 3935 3 4 3 1 0 33 0 1 1 0 0 0 1 3 25 0 51 136 5 155 2 4 26 5 2 63 0 3 125 16 41 123 59 4 8 53 4 3 16 2 1 16 5 18 20 1 2 0 0 2
4 2 3 0 7 3 0 0 0 0 0 17 5827 23 254 3780 953 4135 50367 10446 4 8 24 154 4 1 427 361 4 5 2 9 37 64 24 4 1164 3764 129 21 334 33 161 4524 2071 2662 21 12 18 336 1 50 0 1 3 5 5 26 2 0 54 20 37 140 140 1096 6 4 47 13 8 25 59 1735 51 8 43 321 67 74 37 108 1 0 3 2 13 170 58 292 2017 51 1 10 75 19 9 1 7 1 12 11 1 1 2 12 1 35 0 1 6 43 212 558 1546 80 82 638 115 2859 1447 14499 1582 38 35 13 9 22 7 407 28 28 23 100 1 37 114 26 593 360 523 242 455 6 21 30 117 283 3662 7630 64 3 4 2 2 66 6 2 2 6 4 13 7 11 35 11 75 165 20 632 40 57 33 8 6 133 3 4 368 29 137 692 1120 44 16 566 6 8 36 48 7 39 16 25 121 15 31 13 14 45
1 2 2 1 4 3 1 1 0 0 0 5 36 192 1290 1633 1318 1221 10446 2937 7 6 19 19 0 6 16 27 2 4 2 1 7 4 2 87 281 742 26 12 115 20 43 124 117 184 7 9 40 49 4 14 0 0 0 0 2 20 3 1 75 15 17 3 5 14 1 3 20 18 8 1 10 74 64 2 2 35 7 10 25 19 3 0 1 1 3 46 26 34 159 42 5 31 72 16 0 0 0 1 3 8 0 2 1 7 0 5 0 0 0 5 131 56 14 27 34 48 56 60 579 1026 475 31 37 5 18 5 3 62 22 20 6 15 0 8 83 13 224 174 4 201 32 4 10 11 4 2 481 132 39 3 2 0 0 3 4 2 0 3 1 4 4 12 1 12 2 30 6 4 29 36 8 4 5 10 1 3 21 0 28 220 76 29 0 133 2 0 10 35 6 8 11 4 14 0 37 27 22 36
142 119 176 182 454 431 30 14 5 21 11 673 0 56 52 18 6 15 4 7 10149 12573 1742 255 298 143 54 45 97 135 311 56 233 114 4 20 77 105 26 155 958 32 98 9 1 13 40 11 20 3 5 4 24 19 7 983 120 171 17 12 33 54 140 34 76 0 88 70 213 20 2 59 93 5 2068 13 6 0 55 1 19 1 91 25 7397 798 625 14 16 2 37 43 10 13 161 1471 26 34 602 311 4 0 1 0 0 9 0 1 1 0 2 9 0 0 1 0 1 0 0 1 13 2 1 0 0 1 0 0 0 0 1 0 4 30 0 32 0 0 28 26 1 1 2 0 0 0 0 0 1 13 0 0 0 1 0 1 0 0 0 0 2 0 0 1 6 0 1 0 0 0 1 1 3 0 2 2 0 0 5 1 35 37 8 0 0 28 1 0 2 0 3 2 0 1 6 0 0 0 0 0
89 26 22 48 254 251 31 4 2 3 6 456 1 42 38 20 5 42 8 6 12573 31757 6060 1015 8397 3417 387 77 132 126 153 48 345 211 16 15 72 251 44 1973 1003 163 782 31 2 49 228 49 108 2 6 10 45 82 15 449 204 218 15 29 78 191 722 163 169 0 566 84 338 85 22 41 128 6 2775 20 5 0 34 1 45 2 456 176 3742 3573 2487 39 58 7 115 134 26 65 1046 1322 29 20 5615 1119 2 0 4 3 0 4 1 0 0 2 0 6 0 2 1 0 8 0 0 0 30 10 9 0 0 0 1 0 0 0 0 0 1 19 0 31 0 0 56 71 1 1 2 0 2 1 2 0 11 31 0 1 5 0 0 3 1 0 1 0 1 0 0 0 8 0 3 0 0 0 0 0 4 0 9 9 0 3 21 2 29 35 3 0 0 30 1 0 15 0 2 8 1 3 5 0 1 0 0 0
13 8 5 3 23 22 4 1 1 1 1 73 0 175 205 108 21 111 24 19 1742 6060 12263 9848 525 3312 1082 76 63 29 36 15 70 84 31 45 126 102 19 1543 10809 1677 456 2 2 33 183 13 154 0 2 1 10 11 10 50 70 74 37 9 31 43 124 33 31 0 72 199 59 41 13 6 18 0 1015 10 0 0 2 0 22 4 41 6 90 74 960 26 29 8 72 209 16 51 415 174 2 4 92 73 0 0 0 0 0 2 0 0 0 0 0 1 0 0 0 0 0 0 1 3 3 7 3 0 0 0 0 0 0 0 1 0 0 2 0 0 0 0 4 7 0 1 1 0 0 2 2 0 7 12 0 1 1 0 0 0 1 0 0 2 0 0 0 0 2 0 0 0 3 2 1 0 1 0 3 2 0 0 4 0 4 6 1 0 2 4 2 1 2 0 0 7 0 0 0 0 1 0 0 0
15 7 18 7 7 13 4 0 0 3 1 18 11 104 112 109 15 651 154 19 255 1015 9848 20593 213 2187 7619 140 112 9 22 2 6 17 383 24 42 24 88 2619 4141 6844 2650 2 5 428 1016 29 293 4 5 4 26 42 19 40 127 14 41 2 174 82 140 185 127 1 222 90 90 47 15 2 3 1 100 12 1 0 3 0 32 3 75 26 112 94 781 35 45 4 163 431 17 73 600 36 0 3 239 116 0 0 0 0 0 0 0 0 0 0 0 0 0 2 8 0 1 4 0 28 13 44 10 0 0 0 0 0 0 1 1 0 0 0 0 1 0 0 1 4 5 0 4 0 0 0 0 0 7 119 0 1 2 0 0 0 0 0 0 2 0 0 0 0 1 0 8 1 1 6 0 0 0 0 1 8 0 1 24 1 1 4 0 0 2 1 1 0 3 0 0 5 1 1 0 0 0 0 1 0
3 3 5 4 14 9 0 0 0 2 0 18 0 5 2 5 1 8 4 0 298 8397 525 213 5538 1213 173 25 205 14 39 5 25 22 8 1 10 12 5 1619 183 35 143 1 0 10 453 10 6 0 4 10 49 88 19 89 299 8 1 1 9 38 234 100 66 0 602 6 87 11 3 3 5 1 108 1 0 0 1 0 27 1 199 80 529 541 1331 8 12 3 27 39 11 11 188 45 2 4 7000 1337 0 0 0 0 0 1 0 0 0 0 0 0 0 0 0 0 1 2 3 3 11 15 17 0 0 0 0 0 0 0 0 0 0 2 0 0 1 0 4 8 0 1 1 0 1 0 0 0 3 12 1 0 1 0 0 0 0 0 0 1 0 0 0 0 0 0 0 0 0 0 0 0 0 0 0 1 0 0 5 0 2 2 1 0 0 2 0 0 0 0 0 0 0 0 0 0 0 0 0 0
1 0 0 1 2 4 1 0 0 0 0 7 0 10 20 7 9 11 1 6 143 3417 3312 2187 1213 4613 829 5 44 3 3 2 4 4 4 4 11 8 5 6262 907 71 120 1 0 5 148 2 17 0 0 4 7 19 6 17 51 4 5 0 3 11 42 11 3 0 141 7 11 11 2 0 0 0 36 1 0 0 1 0 5 0 33 15 57 57 414 6 8 0 15 31 2 6 99 17 0 5 157 56 0 0 0 0 0 0 0 0 0 1 0 0 0 0 1 2 0 0 1 2 4 5 5 0 0 0 0 0 0 0 0 0 0 0 0 0 0 0 1 1 1 0 0 0 0 0 0 0 2 0 0 0 1 0 0 1 0 0 0 0 0 0 0 0 0 0 0 0 0 1 0 0 0 0 0 0 0 0 0 1 0 1 0 0 1 0 0 0 0 0 0 1 0 0 0 0 0 0 0 0
7 0 6 1 5 2 1 1 0 0 1 12 17 1823 1833 288 7 520 427 16 54 387 1082 7619 173 829 26559 15277 117 17 25 3 3 10 3584 45 37 21 301 7515 1192 375 1727 4 4 50 1182 14 49 0 1 3 23 21 11 24 145 42 99 16 32 73 512 1345 2709 3 154 202 997 19 9 0 2 1 142 4 0 0 0 0 12 0 46 20 44 55 751 6 6 3 53 61 8 17 288 23 0 10 144 97 1 0 0 0 0 1 0 0 0 0 1 1 1 11 23 3 1 20 1 229 15 360 19 0 0 0 0 1 0 2 1 1 0 0 0 2 0 1 6 3 32 1 10 0 0 0 1 4 37 335 0 1 2 1 0 1 0 0 0 0 0 0 0 0 1 0 10 3 0 3 0 0 3 0 1 7 0 1 10 3 3 5 3 1 1 1 0 0 4 0 0 3 2 0 0 0 1 0 0 0
6 1 3 0 11 6 5 1 0 1 0 7 23 1797 3543 6512 8 1267 361 27 45 77 76 140 25 5 15277 11268 236 77 126 3 3 67 872 175 52 31 3648 93 391 29 162 11 13 120 529 47 12 0 1 2 30 38 4 15 389 256 305 152 263 52 161 961 3006 5 99 972 2279 9 6 3 1 0 638 61 0 0 2 0 10 2 45 15 43 33 644 4 2 1 31 49 8 5 32 74 2 22 115 155 0 4 0 0 1 0 0 2 0 0 0 14 1 72 146 2 3 36 0 598 36 820 27 0 0 1 0 3 0 23 2 2 4 5 0 2 1 1 13 10 196 1 75 1 1 2 6 11 74 2155 1 1 1 0 0 5 0 0 0 0 0 0 0 1 9 0 28 30 2 13 1 1 19 0 1 35 0 1 51 7 2 20 4 1 4 3 0 0 5 1 0 3 4 9 0 0 0 0 0 0
5160 374 575 176 1559 300 1335 93 10 75 14 384 4 61 34 21 2 27 4 2 97 132 63 112 205 44 117 236 40709 9077 2550 49 81 14 9 16 33 20 144 193 149 18 244 7 13 42 145 142 28 9 17 51 2935 11655 582 50 7370 27 15 5 111 546 1380 152 656 1 6462 17 1532 109 47 60 38 7 1015 41 6 0 52 1 128 7 1284 916 87 54 710 47 101 11 131 136 66 55 559 1568 31 5922 174 1757 7 1 6 5 0 47 2 6 4 2 6 47 0 1 8 0 0 1 1 2 6 9 6 0 2 1 0 0 0 0 4 1 25 74 0 40 0 0 31 20 2 1 2 4 2 2 3 2 5 62 1 3 4 3 0 15 2 1 1 2 3 3 0 3 28 0 9 2 4 3 1 0 9 0 12 20 1 1 38 10 87 49 1 0 7 46 1 2 8 0 4 19 0 5 8 4 2 0 0 0
8694 1241 289 1773 8764 1855 687 96 26 84 51 1506 1 48 47 23 4 22 5 4 135 126 29 9 14 3 17 77 9077 30792 10479 56 28 22 2 15 43 23 96 10 204 11 13 5 3 18 5 48 27 3 27 51 754 529 220 96 4073 8 37 3 75 115 191 12 182 0 429 20 775 58 31 155 14 3 469 37 22 0 131 4 149 4 524 74 153 45 38 55 35 4 55 168 106 48 89 1737 64 1327 27 612 15 2 23 8 2 65 2 1 10 13 10 59 0 0 3 0 1 1 0 0 10 7 3 1 0 1 0 0 0 1 4 1 14 57 0 30 0 0 19 14 0 0 0 4 3 0 3 0 3 13 1 1 4 2 0 4 1 0 1 2 3 7 0 3 22 0 1 1 1 0 5 2 6 0 1 8 2 1 27 2 144 27 3 0 4 29 1 1 7 1 3 6 2 6 22 4 3 1 0 0
3626 533 63 2840 12366 1423 777 61 7 38 33 1033 0 65 50 20 1 20 2 2 311 153 36 22 39 3 25 126 2550 10479 21589 21 25 19 2 20 29 4 83 13 546 3 32 6 1 11 7 35 30 0 23 70 463 365 160 292 10929 14 31 1 53 65 177 29 219 2 682 16 666 59 31 71 7 2 1758 19 8 0 51 2 168 8 670 147 643 290 175 76 26 6 32 229 93 48 101 6751 29 711 1407 11547 7 0 16 3 0 31 3 1 2 4 15 25 0 0 4 0 0 1 1 0 5 2 3 0 0 0 0 0 0 0 3 0 4 22 0 15 0 0 13 8 0 0 0 1 2 0 1 0 1 18 0 1 2 1 0 1 0 0 0 1 0 0 0 2 14 0 4 0 0 0 1 2 0 0 2 4 0 1 13 2 44 16 2 1 0 10 1 1 3 0 0 4 0 0 6 2 0 0 0 0
98 17 9 89 394 4458 19 6 60 23 5 2032 5 2 2 2 1 23 9 1 56 48 15 2 5 2 3 3 49 56 21 3280 4128 487 1 8 61 169 5 1 48 0 1 51 13 80 1 4 4 8 6 18 30 18 17 19 10 1874 5 22 39 5 2 0 2 8 24 6 50 9 4 2916 1122 60 375 14 37 2 871 3 41 2 79 9 34 19 3 16 8 4 146 43 18 10 11 3680 316 80 15 2 37 3 36 10 3 113 7 5 8 16 40 120 0 0 1 1 7 0 5 5 37 12 15 0 1 0 1 0 0 0 5 2 38 249 1 166 1 0 124 80 1 2 0 11 7 0 6 0 12 15 1 0 1 15 1 1 0 13 2 1 6 4 3 15 82 0 0 0 1 3 14 1 23 0 2 2 7 2 11 1 389 158 16 5 3 171 1 0 3 1 24 1 3 15 28 11 9 1 1 0
41 11 28 12 83 475 9 1 41 17 6 1573 6 26 33 26 7 101 37 7 233 345 70 6 25 4 3 3 81 28 25 4128 5928 3324 1 48 285 2330 43 6 188 8 13 458 12 226 6 28 5 3 13 45 49 55 55 45 40 4759 62 200 186 25 12 1 18 4 129 59 280 23 19 2752 4900 169 2423 48 49 2 787 0 119 12 151 33 156 86 6 42 15 7 351 77 36 21 31 2377 206 42 61 12 19 5 34 28 4 122 6 13 10 13 22 168 2 1 2 0 32 14 5 11 243 40 28 3 4 2 0 0 0 2 18 1 76 639 3 584 0 1 694 630 6 2 1 32 43 2 7 5 71 78 19 3 4 27 1 8 3 19 0 6 25 16 2 11 197 0 3 2 2 2 29 12 72 5 4 14 6 4 45 4 638 850 114 36 1 534 2 1 8 7 49 10 7 20 58 10 29 9 0 1
11 0 4 4 26 28 0 2 1 4 1 129 3 105 40 51 4 65 64 4 114 211 84 17 22 4 10 67 14 22 19 487 3324 7470 135 445 1332 609 16 27 155 4 5 31 5 28 278 1 2 4 0 8 7 10 1 19 22 5212 1094 3584 19 4 5 5 23 2 48 1231 40 5 11 92 711 39 2519 2 6 2 87 1 26 7 40 14 77 38 26 19 5 1 40 7 4 3 13 296 4 4 48 5 4 1 7 2 0 10 1 7 0 0 0 25 5 0 4 2 47 6 6 10 407 52 48 7 7 3 0 1 0 2 8 6 12 183 4 281 1 0 607 660 3 18 0 16 26 2 1 2 130 24 34 0 6 6 1 0 0 1 0 2 5 8 3 2 41 3 1 5 4 0 22 10 41 5 0 1 4 2 23 0 162 550 47 31 1 221 7 0 5 11 14 5 4 6 13 5 24 11 0 2
1 0 2 0 0 1 0 0 0 0 0 1 3 2828 623 34 1 33 24 2 4 16 31 383 8 4 3584 872 9 2 2 1 1 135 5943 1594 194 17 60 3787 109 20 193 0 2 9 3477 11 6 0 0 0 1 2 1 1 2 29 1266 72 8 25 153 154 398 0 8 360 407 1 2 0 1 0 59 1 0 0 0 0 2 0 1 0 1 0 93 0 1 0 7 12 0 0 57 3 0 0 10 2 0 0 0 0 0 0 0 0 0 0 0 1 3 2 3 2 3 10 0 15 48 138 58 0 0 0 0 0 0 1 1 0 0 0 0 0 2 0 10 4 3 2 2 0 0 1 0 0 43 36 2 2 0 0 1 0 0 0 0 0 0 0 1 0 1 0 3 0 0 0 0 3 0 0 1 4 0 1 4 1 3 6 1 0 0 2 0 0 0 0 0 1 0 0 0 1 0 0 0 2
7 0 0 1 21 8 1 0 0 0 0 34 0 3161 471 17 86 6 4 87 20 15 45 24 1 4 45 175 16 15 20 8 48 445 1594 1658 412 52 4 83 111 4 13 4 0 4 220 1 6 0 1 0 4 2 0 5 16 393 3968 321 5 0 6 8 22 0 6 716 27 5 0 2 12 2 483 0 0 0 2 0 4 0 10 1 14 4 9 6 2 1 5 10 2 4 13 135 1 3 6 2 0 0 0 0 0 0 0 0 0 0 0 1 0 0 0 0 12 0 3 0 90 22 28 1 0 0 0 0 0 1 2 0 0 8 0 4 1 0 46 60 0 10 0 0 3 0 0 1 25 4 8 1 0 0 0 0 0 0 0 1 1 2 0 2 1 4 0 1 0 0 3 3 1 2 0 1 0 0 3 0 2 32 3 4 2 6 0 0 0 1 0 0 0 1 0 0 2 0 1 2
20 1 0 0 35 24 8 3 1 0 0 109 12 368 244 753 223 741 1164 281 77 72 126 42 10 11 37 52 33 43 29 61 285 1332 194 412 4157 1216 41 43 238 15 37 42 32 210 352 2 14 16 0 4 6 7 5 13 32 1671 1339 995 102 12 7 4 15 14 21 795 50 7 6 18 78 33 1826 2 5 4 23 4 24 11 20 5 39 20 27 34 6 13 172 24 10 9 36 315 2 8 18 3 5 6 1 2 3 6 0 2 0 1 1 7 32 28 8 12 77 18 51 14 1112 360 406 33 25 5 4 0 3 28 16 10 3 48 0 50 24 12 594 620 3 119 13 2 20 4 8 3 522 56 85 2 2 1 0 6 1 0 0 4 0 6 1 7 7 11 3 13 3 5 27 35 17 12 1 7 0 0 27 4 43 463 46 57 3 163 4 1 8 23 7 6 5 7 11 6 34 15 11 21
8 0 3 4 32 41 1 0 0 0 0 128 139 42 43 209 702 858 3764 742 105 251 102 24 12 8 21 31 20 23 4 169 2330 609 17 52 1216 8698 18 23 183 10 17 457 352 898 59 13 9 150 2 39 7 6 4 16 9 1073 96 225 138 13 11 1 11 96 48 97 37 23 21 82 1876 459 861 7 16 53 91 40 74 51 31 10 66 62 21 133 39 122 1260 25 9 3 38 181 5 3 39 11 13 11 4 3 1 16 3 12 2 0 5 35 105 65 49 47 233 74 131 146 2698 1500 1123 55 51 13 21 5 0 70 43 24 17 242 7 346 70 22 2119 1965 14 252 26 14 56 12 25 17 1496 340 160 10 15 5 3 22 4 6 3 12 9 21 5 17 48 14 8 28 16 35 85 69 80 21 4 21 1 12 144 12 264 1788 349 110 4 763 18 3 22 81 34 38 17 9 67 9 89 51 20 59
26 0 4 5 36 26 12 3 0 1 0 49 46 203 1193 1379 8 6477 129 26 26 44 19 88 5 5 301 3648 144 96 83 5 43 16 60 4 41 18 10388 6 285 32 148 16 43 886 81 46 9 1 1 1 21 21 10 10 210 222 31 35 10189 30 129 148 1967 4 54 241 6997 7 12 3 6 1 683 429 3 5 4 0 11 1 29 12 27 18 115 7 15 3 175 59 6 10 90 210 0 33 45 54 1 5 0 0 0 0 0 1 0 0 2 21 3 47 240 6 7 6 2 180 57 212 21 1 1 0 0 2 0 23 6 3 15 20 0 7 1 0 40 41 162 1 105 2 1 5 28 13 68 2482 1 0 1 0 0 10 0 0 0 1 0 0 0 4 15 0 99 47 1 30 1 1 20 1 0 156 0 0 187 17 17 33 4 6 19 5 1 1 10 1 0 14 3 9 0 2 4 3 0 1
4 2 1 0 8 8 2 1 0 0 0 8 0 679 187 36 11 53 21 12 155 1973 1543 2619 1619 6262 7515 93 193 10 13 1 6 27 3787 83 43 23 6 4811 968 190 492 1 1 14 4631 2 39 2 1 7 32 63 10 21 183 24 202 7 16 22 187 104 58 1 355 154 40 12 2 2 4 3 73 4 0 0 1 0 20 1 125 35 112 107 1515 10 12 1 26 57 11 17 264 13 0 6 366 112 0 0 0 0 0 1 0 0 0 0 0 0 5 2 0 5 10 9 9 8 52 91 80 0 1 0 0 1 0 2 0 0 1 2 0 1 7 0 19 26 0 6 1 0 0 0 0 0 52 18 1 1 0 0 0 0 0 0 0 0 0 0 0 0 0 1 0 1 0 1 0 2 1 0 0 1 0 1 6 1 1 14 0 2 0 7 1 0 0 1 0 0 1 0 1 0 2 1 1 1
488 562 889 418 690 596 57 141 9 165 87 876 14 732 1071 1009 81 1704 334 115 958 1003 10809 4141 183 907 1192 391 149 204 546 48 188 155 109 111 238 183 285 968 17888 6499 1344 18 26 647 188 242 1547 51 60 27 47 40 1377 1367 166 141 135 16 829 416 463 88 162 14 248 166 734 308 231 103 75 17 1279 236 15 1 62 3 378 36 715 79 203 113 564 513 636 152 1266 1452 230 531 1419 1029 36 46 200 250 8 2 15 7 0 52 3 2 3 5 12 43 0 1 11 0 0 1 0 16 15 23 7 0 0 0 0 1 0 1 4 1 20 82 0 50 0 0 41 24 8 0 2 6 4 3 2 0 2 103 0 3 32 0 0 16 4 3 6 20 5 0 0 3 34 0 7 2 10 7 3 1 5 0 24 42 1 20 109 15 121 62 7 0 23 49 27 13 103 0 6 72 7 10 16 4 5 0 0 0
16 9 27 3 6 8 1 9 0 7 1 14 0 26 63 134 8 215 33 20 32 163 1677 6844 35 71 375 29 18 11 3 0 8 4 20 4 15 10 32 190 6499 7313 7149 1 12 217 69 45 3342 5 4 3 3 11 7 16 15 9 4 1 229 101 109 7 32 3 47 4 167 101 33 0 0 0 27 37 0 0 0 1 44 2 20 4 18 14 73 53 79 30 383 845 59 169 1640 14 1 2 40 14 1 1 0 0 0 0 0 0 1 0 0 0 0 1 2 0 0 0 0 5 4 3 0 0 0 0 1 0 0 0 0 0 0 0 0 0 0 0 2 1 1 0 0 0 1 0 0 0 1 22 0 1 4 0 0 2 0 0 1 2 0 0 0 0 2 0 3 4 4 0 0 0 1 0 4 10 0 1 25 4 0 0 1 1 5 1 2 0 11 0 0 14 1 0 0 0 1 0 0 0
27 23 38 9 15 16 5 2 1 7 4 24 27 74 105 45 34 856 161 43 98 782 456 2650 143 120 1727 162 244 13 32 1 13 5 193 13 37 17 148 492 1344 7149 7870 11 45 1198 636 128 4571 21 11 8 47 73 19 57 235 15 26 5 1034 290 897 1050 369 16 374 68 625 198 74 5 6 1 85 98 1 0 5 0 117 6 133 48 155 143 536 116 221 64 1353 732 137 483 7022 45 0 9 340 138 0 1 0 0 0 0 0 0 0 0 0 4 0 2 19 0 0 0 0 30 5 29 10 1 0 0 0 2 0 0 1 0 2 2 0 2 1 0 5 7 23 1 8 0 0 3 6 0 4 343 4 6 29 0 0 22 2 0 1 1 0 0 0 1 3 0 23 5 3 6 0 2 7 1 31 62 0 6 172 21 2 4 2 4 28 0 6 4 44 0 1 75 5 3 0 0 1 0 0 0
3 0 1 1 19 73 1 0 10 4 0 54 3408 1 4 8 21 175 4524 124 9 31 2 2 1 1 4 11 7 5 6 51 458 31 0 4 42 457 16 1 18 1 11 6941 5916 975 2 11 7 1242 7 169 0 4 3 4 2 17 2 1 73 11 6 8 9 1853 11 8 24 12 14 401 2152 3843 24 9 1801 2275 4601 314 66 487 5 2 10 14 2 581 133 696 2899 14 2 2 29 60 66 1 9 0 3 6 6 2 1 14 0 12 3 0 1 31 58 44 275 20 143 139 81 556 1913 3288 895 30 39 3 5 6 0 45 21 16 10 151 4 159 56 14 1555 1153 56 121 28 3 39 14 51 65 1958 1385 76 9 19 4 2 35 15 6 20 35 3 14 2 6 31 8 37 31 7 180 30 37 30 14 16 74 4 18 305 16 210 1439 984 60 14 866 17 10 49 37 13 57 11 14 60 10 47 20 8 15
0 1 0 0 5 14 0 0 101 22 0 18 4153 0 2 1 15 43 2071 117 1 2 2 5 0 0 4 13 13 3 1 13 12 5 2 0 32 352 43 1 26 12 45 5916 13418 995 0 33 13 5685 2 24 6 1 1 2 8 3 0 0 119 21 39 26 63 3829 4 1 200 13 30 232 153 624 4 27 2938 507 745 77 38 203 1 0 2 2 2 268 174 3510 2084 21 5 4 88 29 858 64 2 3 2 15 3 0 2 10 1 0 2 0 2 21 0 11 132 3 6 3 0 45 19 90 6 1 1 0 0 0 1 1 15 16 13 27 1 15 1 0 41 21 56 5 33 5 3 18 267 9 82 1743 1 19 55 1 0 194 0 0 1 16 0 1 0 9 18 0 254 53 27 266 3 8 32 1 85 700 5 32 2582 269 45 41 19 6 187 27 23 44 145 3 2 296 40 25 3 0 4 0 1 1
14 6 10 3 33 41 3 2 1 1 0 130 1768 15 101 80 56 2878 2662 184 13 49 33 428 10 5 50 120 42 18 11 80 226 28 9 4 210 898 886 14 647 217 1198 975 995 6200 9 39 84 43 2 2 6 13 8 16 43 167 3 5 472 82 237 224 292 1277 47 11 216 32 14 57 123 23 324 23 44 21 64 1 16 9 25 10 23 18 22 39 51 84 1863 244 19 41 468 186 12 7 47 23 7 11 0 0 1 11 0 1 0 0 2 48 4 73 1420 9 12 13 1 244 179 527 83 4 0 3 0 6 0 12 11 13 22 80 2 22 1 3 142 107 252 6 181 2 8 27 396 64 285 7755 4 7 6 1 0 72 0 0 0 2 0 6 2 5 52 1 335 114 6 703 6 5 47 3 6 538 0 2 1129 81 60 158 22 12 54 37 8 4 47 1 1 50 10 45 6 0 8 1 2 2
2 4 1 0 4 2 1 0 0 0 0 5 3 521 109 30 3 28 21 7 40 228 183 1016 453 148 1182 529 145 5 7 1 6 278 3477 220 352 59 81 4631 188 69 636 2 0 9 6050 9 15 0 1 5 23 36 5 14 131 299 800 115 22 35 360 267 456 0 128 1658 406 12 3 0 2 2 141 6 0 0 0 0 7 0 31 12 38 35 1098 9 6 1 15 26 2 6 225 9 0 3 155 63 1 0 0 0 0 1 0 0 0 0 0 0 7 4 1 7 27 4 23 9 204 85 157 1 4 0 1 1 0 3 1 1 0 2 0 2 3 3 70 114 2 14 1 0 1 1 1 0 96 31 3 0 1 0 0 0 0 0 0 0 2 0 0 0 0 1 3 2 0 0 2 6 1 0 1 7 0 0 7 0 1 38 0 5 0 10 2 0 2 2 0 1 1 0 0 0 0 3 0 2
48 18 35 10 31 36 8 7 1 13 6 58 2 25 54 16 3 43 12 9 11 49 13 29 10 2 14 47 142 48 35 4 28 1 11 1 2 13 46 2 242 45 128 11 33 39 9 20297 207 342 3 16 14 18 8 12 105 25 3 1 355 6644 596 31 150 13 65 23 3349 436 4610 4 9 1 155 6222 5 0 1 11 1223 167 38 10 23 10 17 2543 7198 222 2254 196 17 88 545 135 3 15 35 17 1 14 1 1 1 2 0 6 0 0 0 7 0 4 8 5 1 3 0 2 6 10 1 3 4 8 7 0 1 5 22 23 1 8 0 4 5 1 12 6 16 21 26 3 4 51 36 2 36 112 16 214 875 5 12 581 11 4 22 119 1 1 0 9 11 0 28 77 245 26 9 21 22 1 763 528 27 403 1775 307 5 15 10 33 712 15 268 213 1967 7 4 2178 263 20 10 1 4 6 3 9
87 50 103 13 35 25 11 6 1 24 7 42 4 29 69 14 20 73 18 40 20 108 154 293 6 17 49 12 28 27 30 4 5 2 6 6 14 9 9 39 1547 3342 4571 7 13 84 15 207 12266 33 35 12 8 17 14 37 29 4 3 0 212 393 224 15 28 12 84 0 256 471 171 5 4 1 28 135 6 0 6 4 242 18 34 10 15 33 26 417 693 130 730 4244 442 3881 6665 41 3 5 25 8 1 0 1 2 0 1 0 0 0 0 1 1 0 0 2 0 0 0 0 4 0 0 0 2 0 0 0 0 0 0 0 0 0 4 0 3 0 0 1 6 1 0 3 0 0 0 3 0 0 18 1 3 27 0 0 15 4 0 0 16 0 0 0 0 2 0 3 5 7 2 0 0 0 0 17 28 0 23 80 12 12 3 0 0 19 4 13 16 89 0 0 80 8 2 1 0 0 0 0 0
9 5 10 3 6 10 1 1 92 16 0 14 160 2 4 0 10 8 336 49 3 2 0 4 0 0 0 0 9 3 0 8 3 4 0 0 16 150 1 2 51 5 21 1242 5685 43 0 342 33 13143 18 531 7 1 1 1 5 2 0 0 17 179 35 2 7 1691 7 0 166 84 180 147 78 996 12 110 2599 200 357 1682 244 3139 6 3 2 0 3 4104 1978 7325 1280 58 4 14 95 11 829 66 1 2 3 6 2 2 2 1 0 5 2 0 1 3 0 5 8 3 1 1 0 7 2 18 1 2 0 1 2 0 0 0 13 6 6 9 0 9 0 0 8 2 11 4 7 0 3 31 45 3 16 113 2 84 401 4 2 404 56 10 54 129 1 0 1 3 7 0 19 42 55 36 4 3 13 0 285 349 11 180 1420 185 12 17 4 9 301 15 141 314 1046 0 0 1319 77 10 6 1 1 2 1 5
108 47 75 18 30 19 18 25 2 20 8 68 0 2 3 0 0 3 1 4 5 6 2 5 4 0 1 1 17 27 23 6 13 0 0 1 0 2 1 1 60 4 11 7 2 2 1 3 35 18 17173 14618 10 9 80 26 20 1 0 0 9 12 11 4 0 18 66 1 10 113 5 4 3 10 13 4 19 6 12 567 1668 30 154 17 9 15 6 62 6 2 16 4838 5768 204 67 30 9 17 11 9 0 0 0 0 0 3 0 1 0 0 1 3 0 0 0 0 0 0 0 0 0 0 0 0 0 0 0 0 0 0 0 0 1 2 0 5 0 0 1 2 0 0 0 0 0 0 0 0 0 2 0 1 1 2 0 0 112 29 112 102 2 0 0 0 6 0 0 0 0 1 0 0 0 0 1 2 8 15 1 1 14 3 6 0 1 5 30 12 44 0 2 3 0 1 2 0 0 0 0 0
262 84 222 41 94 103 69 93 23 108 49 202 2 2 4 0 1 1 50 14 4 10 1 4 10 4 3 2 51 51 70 18 45 8 0 0 4 39 1 7 27 3 8 169 24 2 5 16 12 531 14618 18877 52 25 320 40 44 11 0 0 1 19 23 1 2 453 99 0 14 79 32 55 30 229 44 6 404 29 64 11146 3594 1274 409 30 16 21 19 1032 35 10 37 1758 2778 71 45 99 130 46 24 24 5 1 3 0 1 4 1 7 0 0 2 4 0 0 2 0 0 0 0 0 3 1 1 0 0 1 0 1 0 0 3 0 4 7 0 17 0 0 6 10 0 0 0 9 1 4 4 0 5 3 0 5 12 25 4 44 1285 351 1881 1146 17 3 0 0 7 0 1 0 1 33 5 0 1 0 2 4 128 186 14 2 24 31 56 0 6 44 556 154 613 0 11 41 17 0 28 0 1 1 0 0
1127 188 396 87 473 233 885 414 124 323 85 427 1 8 5 5 0 6 0 0 24 45 10 26 49 7 23 30 2935 754 463 30 49 7 1 4 6 7 21 32 47 3 47 0 6 6 23 14 8 7 10 52 21496 7490 11364 14 352 17 3 1 10 88 183 17 70 0 504 1 198 23 5 115 29 12 134 10 35 2 71 4 37 3 3120 421 18 27 105 5 15 3 15 51 24 6 75 298 234 8105 60 182 5 0 8 4 0 18 1 2 1 3 7 22 0 1 0 0 0 0 0 0 5 1 0 0 0 0 0 0 0 0 2 1 17 53 0 28 0 0 20 12 0 0 1 1 2 0 0 0 1 8 0 0 0 1 0 0 0 0 1 2 1 1 0 1 15 0 1 0 0 0 0 0 5 0 0 1 0 0 4 0 87 26 4 2 1 28 0 0 0 1 2 1 0 7 5 0 0 0 0 2
654 154 291 64 326 143 346 187 19 117 27 252 1 1 5 1 1 6 1 0 19 82 11 42 88 19 21 38 11655 529 365 18 55 10 2 2 7 6 21 63 40 11 73 4 1 13 36 18 17 1 9 25 7490 17838 895 34 695 21 4 2 18 111 272 45 91 0 6527 2 257 30 9 37 27 1 167 13 2 0 29 0 46 0 4837 7992 87 73 185 19 12 3 28 79 33 13 213 279 28 1982 198 271 2 1 2 1 0 13 0 0 2 0 2 9 0 0 1 0 1 0 1 1 1 2 1 0 0 0 0 0 0 0 2 0 7 24 0 28 0 0 16 8 1 0 1 1 3 0 0 0 1 8 0 1 0 2 0 3 0 0 1 0 2 1 0 0 7 0 1 0 0 0 1 0 3 0 1 3 0 0 6 1 38 21 2 0 2 16 1 0 1 1 0 0 0 2 1 2 2 0 0 0
561 105 262 66 188 133 313 179 27 175 45 259 1 3 4 2 0 13 3 0 7 15 10 19 19 6 11 4 582 220 160 17 55 1 1 0 5 4 10 10 1377 7 19 3 1 8 5 8 14 1 80 320 11364 895 26817 321 135 16 0 0 8 26 69 10 21 2 198 2 72 39 7 47 17 2 73 6 6 0 40 24 271 5 8328 221 18 15 37 36 10 1 16 1023 204 38 63 163 31 1500 34 67 0 0 3 3 0 12 1 1 2 0 1 8 0 0 0 1 0 0 0 0 3 1 0 0 0 0 0 0 0 0 0 1 5 34 0 34 0 0 20 6 0 0 0 1 3 0 0 0 1 0 0 0 0 0 0 0 11 1 4 5 2 0 1 0 11 0 1 0 0 0 0 0 3 0 0 1 1 3 0 0 47 24 2 1 0 24 5 0 4 0 1 2 0 2 3 0 4 0 0 0
267 244 421 174 323 219 47 58 5 82 27 372 0 6 9 11 3 28 5 0 983 449 50 40 89 17 24 15 50 96 292 19 45 19 1 5 13 16 10 21 1367 16 57 4 2 16 14 12 37 1 26 40 14 34 321 1497 121 27 4 1 26 44 87 21 34 0 508 2 120 68 20 27 18 0 252 5 11 0 27 0 119 1 5291 204 1989 347 98 47 31 5 28 421 102 53 122 373 12 17 323 141 0 0 8 0 0 15 0 0 1 3 3 13 0 0 1 0 2 0 0 0 4 0 0 0 0 0 0 0 0 0 1 0 8 20 1 26 0 0 10 16 0 0 1 1 1 0 1 0 1 8 0 2 4 0 0 0 1 0 3 3 0 0 0 0 9 0 0 0 0 0 2 0 5 0 1 1 1 3 3 0 33 18 2 0 0 13 3 0 8 0 4 7 0 1 3 1 1 1 0 0
148 22 41 29 2174 50 52 8 0 8 5 104 3 64 38 22 0 36 5 2 120 204 70 127 299 51 145 389 7370 4073 10929 10 40 22 2 16 32 9 210 183 166 15 235 2 8 43 131 105 29 5 20 44 352 695 135 121 15065 17 15 3 82 437 1214 195 873 2 6407 17 1789 109 43 7 13 2 1980 38 2 1 9 3 140 6 713 320 319 509 1136 58 66 11 101 146 59 46 461 3020 7 204 2330 7280 1 0 1 0 0 2 0 0 1 0 0 5 0 1 5 0 3 1 0 2 10 9 1 1 0 1 0 0 0 0 0 0 1 10 0 12 0 0 8 21 8 0 0 2 0 0 2 1 5 64 0 2 6 1 0 8 2 0 0 3 0 0 0 0 8 0 3 2 4 1 2 0 2 0 5 25 0 0 45 6 14 10 1 0 8 6 1 1 10 0 0 21 0 1 0 0 1 0 0 0
11 1 6 4 8 41 2 1 7 3 0 447 2 439 284 125 20 136 26 20 171 218 74 14 8 4 42 256 27 8 14 1874 4759 5212 29 393 1671 1073 222 24 141 9 15 17 3 167 299 25 4 2 1 11 17 21 16 27 17 5932 1033 3407 222 23 33 18 136 1 54 2549 702 13 14 471 1119 24 3717 58 4 0 133 0 39 2 48 17 95 61 82 16 9 4 203 35 16 8 20 428 31 6 38 6 10 1 7 8 0 27 4 2 4 1 2 24 1 1 4 0 13 3 3 5 115 26 14 6 1 1 0 0 0 0 3 1 21 152 2 170 0 0 256 267 8 1 1 5 13 1 2 3 36 66 6 0 3 5 0 3 2 3 1 2 11 9 3 2 53 1 5 1 0 2 11 4 29 2 1 11 4 2 26 5 138 219 7 14 2 107 1 0 6 3 13 6 2 7 8 4 9 2 0 1
8 0 2 2 23 4 2 0 0 0 0 21 1 1714 269 13 1 5 2 3 17 15 37 41 1 5 99 305 15 37 31 5 62 1094 1266 3968 1339 96 31 202 135 4 26 2 0 3 800 3 3 0 0 0 3 4 0 4 15 1033 1893 1510 3 5 24 18 60 0 7 2234 86 2 1 0 7 0 798 1 0 0 0 0 3 0 6 0 3 7 29 2 0 1 0 5 2 0 11 137 0 5 1 6 0 0 0 0 0 0 0 0 0 1 0 0 1 0 0 0 8 1 0 0 50 17 40 0 2 0 0 0 0 0 1 0 0 5 0 7 1 1 22 47 0 2 0 1 0 0 0 0 21 0 1 0 1 0 0 0 0 0 0 1 0 0 0 0 0 0 0 0 0 0 3 1 0 0 0 0 0 0 3 1 1 17 2 5 1 4 0 0 0 0 0 0 1 0 0 0 0 1 0 2
2 0 0 0 1 1 0 0 0 0 0 11 0 279 91 17 1 6 0 1 12 29 9 2 1 0 16 152 5 3 1 22 200 3584 72 321 995 225 35 7 16 1 5 1 0 5 115 1 0 0 0 0 1 2 0 1 3 3407 1510 930 6 0 6 3 26 0 7 1485 67 0 0 7 39 0 671 0 0 0 6 0 8 1 1 1 7 3 11 3 0 0 3 1 0 0 2 27 0 0 3 0 0 0 0 0 0 2 0 0 0 0 0 1 0 0 1 0 4 1 0 1 31 3 6 0 0 0 0 0 0 0 1 0 1 8 0 22 0 0 23 45 0 0 0 2 0 0 1 0 3 2 0 0 0 0 0 0 0 0 0 0 0 1 0 0 2 0 0 0 0 0 1 0 1 1 0 0 0 0 1 0 8 28 3 2 0 10 1 0 1 0 2 1 0 1 0 0 2 2 0 0
47 7 19 8 56 60 8 9 0 5 2 127 12 83 481 312 13 4155 54 75 33 78 31 174 9 3 32 263 111 75 53 39 186 19 8 5 102 138 10189 16 829 229 1034 73 119 472 22 355 212 17 9 1 10 18 8 26 82 222 3 6 6156 243 588 139 338 38 87 63 5235 113 96 15 44 3 617 2875 1 0 31 2 91 5 40 15 34 28 26 74 275 36 4607 365 26 100 1086 307 1 17 46 22 4 6 0 1 1 2 1 0 0 0 1 14 2 8 157 3 14 3 6 19 75 53 26 3 1 0 0 3 0 1 9 12 4 17 0 12 0 0 50 73 43 7 32 2 2 18 207 7 76 1368 8 7 22 0 1 66 0 0 1 6 0 1 0 2 15 0 138 53 6 78 2 6 15 1 38 367 2 10 977 80 21 66 7 8 57 14 5 19 55 0 3 88 24 10 1 2 3 0 2 4
65 20 53 10 38 25 21 9 1 11 3 50 1 45 74 18 10 35 20 15 54 191 43 82 38 11 73 52 546 115 65 5 25 4 25 0 12 13 30 22 416 101 290 11 21 82 35 6644 393 179 12 19 88 111 26 44 437 23 5 0 243 21107 12938 239 335 11 336 34 2989 6506 3365 6 6 2 145 471 10 0 6 6 917 121 151 42 101 100 58 561 930 159 939 387 136 1528 4040 116 2 55 196 80 1 2 0 0 1 1 0 0 0 0 0 2 0 4 4 1 1 0 0 0 2 11 0 2 4 6 5 3 1 2 10 9 4 3 0 1 1 0 4 9 10 9 15 3 2 36 20 0 12 58 5 158 546 5 12 264 6 3 15 60 2 1 0 4 1 0 16 28 140 16 2 5 14 1 381 282 15 250 905 126 7 12 8 14 372 8 162 98 1159 4 0 1095 159 17 6 0 3 5 8 5
46 9 23 5 32 17 21 5 0 4 2 32 8 133 173 29 8 130 37 17 140 722 124 140 234 42 512 161 1380 191 177 2 12 5 153 6 7 11 129 187 463 109 897 6 39 237 360 596 224 35 11 23 183 272 69 87 1214 33 24 6 588 12938 33493 6129 5026 4 995 164 3767 1050 301 2 7 0 266 197 0 0 6 2 178 13 393 144 320 298 633 145 373 102 1301 344 82 373 8042 108 1 93 888 460 1 3 0 0 0 0 0 0 0 0 0 3 0 4 9 3 1 1 1 11 3 15 2 0 0 1 1 0 0 1 4 6 2 3 0 5 0 0 5 6 16 4 5 1 4 12 14 0 13 194 3 29 69 0 0 88 0 0 3 12 0 0 0 0 4 0 19 17 41 10 2 1 6 1 100 143 2 46 413 74 2 10 1 4 112 5 20 27 136 0 0 256 43 7 0 1 0 0 2 3
4 1 3 1 6 1 3 0 0 1 0 2 18 76 65 19 0 263 140 3 34 163 33 185 100 11 1345 961 152 12 29 0 1 5 154 8 4 1 148 104 88 7 1050 8 26 224 267 31 15 2 4 1 17 45 10 21 195 18 18 3 139 239 6129 4279 3799 1 160 84 686 26 10 1 0 0 52 9 0 0 0 0 17 0 66 21 62 72 345 6 19 8 111 37 6 8 951 16 0 8 230 135 0 3 0 0 0 0 0 0 0 0 0 2 0 2 27 0 0 0 1 29 2 22 2 0 0 0 0 0 0 0 0 0 2 0 0 0 0 0 3 2 17 0 4 0 0 1 3 2 6 340 0 0 1 0 0 1 0 0 1 0 0 0 0 0 4 1 17 5 0 2 1 0 4 0 1 24 0 1 39 12 0 4 0 0 8 0 0 0 2 0 0 8 1 2 0 0 0 0 0 0
25 2 9 2 37 30 22 2 0 2 1 42 37 377 475 143 2 333 140 5 76 169 31 127 66 3 2709 3006 656 182 219 2 18 23 398 22 15 11 1967 58 162 32 369 9 63 292 456 150 28 7 0 2 70 91 21 34 873 136 60 26 338 335 5026 3799 6815 4 338 541 8253 43 46 2 2 1 573 290 2 2 6 0 38 2 117 47 114 106 770 13 38 8 153 70 13 18 459 204 3 71 356 376 0 2 0 0 0 2 0 0 0 0 0 8 0 8 73 0 4 0 0 55 24 47 6 0 0 1 0 1 0 2 4 4 10 14 0 4 0 0 11 10 51 1 27 1 1 4 25 1 22 1106 4 3 16 1 0 13 0 1 0 1 0 0 0 1 9 0 85 26 3 17 2 3 5 1 17 140 0 4 256 43 9 12 3 0 21 4 4 3 17 0 1 20 5 9 1 0 2 0 0 1
0 1 0 1 2 11 0 0 39 10 0 8 1885 0 3 4 2 72 1096 14 0 0 0 1 0 0 3 5 1 0 2 8 4 2 0 0 14 96 4 1 14 3 16 1853 3829 1277 0 13 12 1691 18 453 0 0 2 0 2 1 0 0 38 11 4 1 4 2562 1 0 19 6 11 69 37 850 2 7 2205 1042 293 1038 97 876 2 0 0 1 1 640 113 809 1878 8 0 5 17 10 345 19 0 1 1 1 0 2 0 3 0 0 0 2 0 4 1 6 374 0 0 4 1 30 12 196 12 1 0 1 0 0 0 0 2 0 2 7 0 6 1 0 24 5 9 1 4 0 0 4 206 24 98 922 1 2 22 0 0 134 53 7 37 63 0 0 0 0 3 0 17 7 6 745 1 2 0 0 16 72 2 20 554 32 14 33 10 2 29 21 24 11 71 1 0 82 6 0 1 1 1 0 0 0
168 221 340 139 373 206 34 39 3 36 16 305 1 15 17 15 0 29 6 1 88 566 72 222 602 141 154 99 6462 429 682 24 129 48 8 6 21 48 54 355 248 47 374 11 4 47 128 65 84 7 66 99 504 6527 198 508 6407 54 7 7 87 336 995 160 338 1 13535 10 665 176 71 51 44 7 591 36 8 0 30 6 291 11 4757 6381 2206 4763 897 141 109 20 137 467 223 132 784 592 17 32 3525 1466 2 0 1 1 0 8 0 0 1 2 5 12 1 0 3 1 6 1 1 5 14 5 5 0 0 0 0 0 0 0 1 0 4 26 0 23 1 0 31 21 1 1 3 0 2 0 1 0 7 41 0 0 8 0 0 10 0 0 0 4 2 1 1 0 11 0 1 1 1 0 0 0 5 0 10 15 0 2 35 6 35 33 1 1 0 22 4 1 12 0 0 13 0 2 1 2 2 0 0 0
6 0 0 0 9 3 1 0 0 0 0 13 2 586 232 46 3 24 4 3 70 84 199 90 6 7 202 972 17 20 16 6 59 1231 360 716 795 97 241 154 166 4 68 8 1 11 1658 23 0 0 1 0 1 2 2 2 17 2549 2234 1485 63 34 164 84 541 0 10 6052 1115 5 6 2 18 1 5053 23 0 0 2 0 3 0 8 0 19 13 776 5 2 2 12 5 0 0 36 55 0 2 13 14 1 1 0 0 0 1 0 0 0 0 0 0 2 2 0 1 8 2 2 3 74 10 31 0 1 0 0 0 0 0 0 1 0 5 0 3 0 0 47 62 1 3 1 0 3 0 0 0 19 24 4 0 1 0 0 2 0 0 0 1 0 0 0 0 3 1 0 1 0 0 2 1 0 0 1 2 0 2 4 1 10 25 2 2 2 12 0 0 2 2 0 6 1 0 0 0 1 0 3 2
197 11 23 19 283 214 75 15 0 7 4 393 9 855 2110 1004 8 1322 47 20 213 338 59 90 87 11 997 2279 1532 775 666 50 280 40 407 27 50 37 6997 40 734 167 625 24 200 216 406 3349 256 166 10 14 198 257 72 120 1789 702 86 67 5235 2989 3767 686 8253 19 665 1115 14112 312 739 28 24 2 2840 4448 6 1 25 5 488 35 309 86 317 198 800 342 910 92 1664 409 43 100 1592 1544 5 269 516 538 5 34 1 1 4 8 1 1 0 0 3 34 3 21 129 5 5 4 4 29 56 63 20 3 2 3 9 0 1 4 36 24 24 23 0 13 1 0 47 52 73 13 63 2 5 70 182 2 93 1656 8 45 146 6 4 358 3 1 5 32 0 3 1 9 26 2 241 111 81 54 10 12 43 3 197 986 8 88 2416 303 34 58 8 19 352 28 55 59 276 7 2 497 120 46 8 3 7 7 5 7
193 98 216 43 79 77 28 57 7 70 26 167 1 6 19 5 10 19 13 18 20 85 41 47 11 11 19 9 109 58 59 9 23 5 1 5 7 23 7 12 308 101 198 12 13 32 12 436 471 84 113 79 23 30 39 68 109 13 2 0 113 6506 1050 26 43 6 176 5 312 9024 1825 22 14 0 66 115 3 0 23 11 1668 211 136 43 32 40 32 640 407 68 393 934 783 2418 2459 86 4 20 65 30 2 1 1 0 0 1 2 1 0 0 0 1 0 0 6 2 0 0 0 2 4 2 0 0 1 0 3 0 0 2 1 1 1 3 1 6 0 0 14 7 1 1 1 1 0 14 4 0 9 16 2 62 240 6 1 71 35 4 39 236 0 0 0 0 2 0 5 6 27 5 0 1 4 0 82 49 31 272 164 21 8 13 7 3 70 20 291 45 1019 0 0 320 43 2 5 0 1 0 2 0
112 44 114 17 41 43 10 19 0 17 10 53 3 5 16 10 1 15 8 8 2 22 13 15 3 2 9 6 47 31 31 4 19 11 2 0 6 21 12 2 231 33 74 14 30 14 3 4610 171 180 5 32 5 9 7 20 43 14 1 0 96 3365 301 10 46 11 71 6 739 1825 19678 11 14 2 61 586 6 0 18 22 7817 374 28 11 2 12 18 3047 1891 178 672 292 38 69 324 76 10 13 28 15 0 2 0 0 0 2 0 1 0 0 0 4 0 2 4 1 0 0 0 1 0 5 0 2 0 0 3 0 0 1 3 3 1 6 0 6 0 0 14 9 3 6 3 3 2 16 9 1 9 34 2 150 565 2 7 146 58 9 57 363 2 0 0 1 2 0 9 17 40 10 3 3 2 0 156 71 60 493 309 47 14 26 14 6 140 24 489 133 2174 1 2 836 94 1 3 0 0 2 0 1
255 39 52 227 514 2204 114 41 720 710 1140 3334 16 3 2 1 3 17 25 1 59 41 6 2 3 0 0 3 60 155 71 2916 2752 92 0 2 18 82 3 2 103 0 5 401 232 57 0 4 5 147 4 55 115 37 47 27 7 471 0 7 15 6 2 1 2 69 51 2 28 22 11 10130 4541 619 147 5 3079 338 8537 42 98 54 112 11 40 18 0 80 16 41 136 73 48 28 17 1764 8195 851 7 2 142 13 291 70 12 781 46 46 95 105 218 730 1 1 9 1 18 8 12 10 156 62 78 5 2 0 0 0 0 0 54 5 246 1263 9 759 1 0 481 269 4 3 0 51 49 1 18 3 98 47 4 0 1 45 0 15 8 31 2 9 42 27 18 54 385 0 3 0 0 11 56 19 85 1 2 6 17 7 39 4 2177 811 136 6 2 1090 6 4 7 7 81 5 6 83 231 62 46 6 2 0
29 5 13 12 79 282 5 3 34 14 4 675 21 2 6 6 3 39 59 10 93 128 18 3 5 0 2 1 38 14 7 1122 4900 711 1 12 78 1876 6 4 75 0 6 2152 153 123 2 9 4 78 3 30 29 27 17 18 13 1119 7 39 44 6 7 0 2 37 44 18 24 14 14 4541 8482 1050 796 5 155 54 5292 12 65 39 72 23 86 45 8 59 21 46 336 41 18 8 7 603 156 31 34 4 18 3 32 14 0 73 4 22 8 5 16 125 4 1 11 3 91 15 16 38 697 165 154 14 11 4 2 1 1 3 11 10 82 655 6 793 7 1 1398 1242 5 21 2 30 53 3 8 10 325 136 35 4 7 23 0 7 2 11 1 12 20 16 8 5 179 4 3 7 0 12 46 23 121 12 0 7 10 6 58 5 702 1554 300 39 4 943 7 4 14 19 42 15 2 27 89 20 32 11 3 2
6 2 2 2 22 90 6 0 153 39 1 72 502 0 2 2 14 17 1735 74 5 6 0 1 1 0 1 0 7 3 2 60 169 39 0 2 33 459 1 3 17 0 1 3843 624 23 2 1 1 996 10 229 12 1 2 0 2 24 0 0 3 2 0 0 1 850 7 1 2 0 2 619 1050 7479 12 1 9242 2949 3666 499 67 596 9 1 5 0 1 613 90 232 104 3 3 0 2 74 2221 90 2 1 6 1 18 4 0 27 1 22 0 3 9 31 3 3 55 0 10 6 6 34 337 419 136 2 1 0 1 0 0 0 2 1 14 149 4 118 1 0 482 166 2 4 0 1 4 1 13 19 664 68 0 0 9 2 1 15 24 4 31 29 1 1 4 1 22 0 1 0 1 26 3 1 9 0 4 5 3 8 36 3 294 660 1712 3 2 749 11 1 26 3 3 16 1 4 61 4 4 1 0 1
