29897 8525 14590 4398 493 5398 7794 12170 26 263 23 2868 1 6 2 0 16 3 0 3 108 30 11 9 8 4 8 3 5490 8344 129 269 114 37 0 1 6 40 7 6 1787 2 4 3 3 1 9 8 4 1 46 95 1055 1791 148 365 202 16 0 1 4 5 15 6 12 0 930 5 22 13 4 70 44 136 78 2 16 0 33 7 21 2 1937 1379 1730 596 12 6 6 0 4 103 53 22 18 636 30 3589 11 27 15 7 24 10 0 82 0 3 7 4 26 103 0 0 1 0 0 0 1 2 21 0 1 4 4 0 0 0 0 0 51 1 34 121 0 17 0 0 65 16 0 0 0 4 35 0 1 0 6 1 3 0 0 0 0 0 2 1 0 0 5 16 2 12 1 0 0 0 0 1 22 15 1 0 0 0 0 1 1 0 87 51 24 0 0 14 0 0 0 4 13 0 0 3 32 15 15 6 0 0
8525 12295 2981 9911 1727 5164 31 87 10 14 1 2338 0 1 0 1 4 0 1 2 81 17 3 5 3 1 3 3 485 1414 123 64 24 14 0 0 6 15 1 4 873 1 2 0 0 0 5 0 0 1 3 13 79 140 8 107 270 5 0 0 0 1 4 2 5 0 296 3 1 2 3 19 11 76 9 0 4 0 17 0 3 0 295 298 630 420 1 0 1 0 0 15 6 2 7 264 26 154 1 12 7 8 15 6 1 82 2 5 4 11 25 101 0 0 0 0 0 0 0 1 5 0 0 8 3 0 1 0 0 0 43 0 22 118 0 17 0 0 35 6 0 0 0 3 31 0 0 0 2 0 0 0 0 0 0 0 1 2 0 0 8 10 2 14 1 0 0 0 0 0 32 10 0 0 0 1 0 0 2 0 85 43 19 0 0 4 0 0 0 2 10 0 0 1 17 19 13 2 0 0
14590 2981 14464 6514 70 2101 1306 7604 192 3138 28 22570 0 5 4 0 12 1 4 1 182 47 0 6 11 3 12 4 1469 714 89 62 90 28 1 0 5 55 5 1 2950 2 6 8 1 1 9 5 3 3 84 77 701 1060 157 444 176 7 1 1 9 9 20 14 15 2 966 7 23 10 3 131 46 251 43 3 73 3 78 9 30 2 1898 1573 2397 966 10 3 2 3 5 97 55 14 13 150 100 1071 29 35 86 40 192 63 8 494 16 42 42 44 150 800 2 1 1 0 0 0 2 1 37 2 5 27 15 1 2 1 0 0 212 1 162 604 0 77 0 0 157 41 1 1 0 7 105 1 2 2 11 1 3 0 0 1 0 0 5 2 1 0 35 75 13 52 11 1 1 3 0 6 126 52 6 0 1 1 1 2 6 1 512 200 86 0 0 110 0 1 5 11 66 1 1 12 145 69 59 12 1 3
4398 9911 6514 17420 4230 8939 63 53 27 20 8 3309 0 3 2 0 4 0 2 1 179 50 7 3 3 0 1 3 583 2445 787 50 58 20 0 0 9 23 2 2 848 0 0 4 0 1 6 1 0 0 8 6 65 117 14 82 835 6 0 1 1 2 2 4 3 0 308 4 7 1 1 71 10 146 26 1 26 1 53 0 1 0 220 355 756 456 6 0 0 0 1 9 8 0 2 159 49 193 13 19 48 19 89 46 3 245 5 20 16 26 64 366 0 0 0 0 0 3 1 1 8 1 0 13 10 1 1 0 0 0 105 2 91 337 0 47 0 0 91 23 0 1 0 6 61 1 3 0 2 1 1 1 0 2 1 1 1 1 0 0 32 47 4 42 3 0 0 2 0 3 72 32 2 1 0 1 0 0 1 0 279 123 33 0 0 37 0 0 0 6 37 4 0 4 68 51 37 7 1 1
493 1727 70 4230 11325 9974 79 21 2 3 2 401 0 4 3 1 15 2 3 1 90 42 8 2 2 0 4 8 2227 7940 7768 989 449 127 1 0 12 83 7 5 354 0 2 1 0 3 2 2 1 1 2 3 125 247 10 52 5136 200 1 6 1 0 2 3 6 3 439 4 15 1 0 50 34 25 257 2 0 0 11 1 2 0 194 253 397 284 8 0 1 0 3 6 5 1 3 1323 6 530 7 22 4 2 2 2 0 9 0 1 2 0 3 11 0 0 0 0 0 0 0 1 6 1 3 2 0 0 1 0 0 0 3 0 3 26 0 2 0 0 7 3 1 2 0 1 3 0 0 0 1 1 0 0 0 0 0 0 0 0 0 0 3 1 0 1 1 0 0 0 0 0 9 4 0 0 0 0 0 0 1 0 10 14 4 1 0 3 0 0 0 0 4 1 0 0 5 2 2 0 0 2
5398 5164 2101 8939 9974 11297 424 126 84 207 59 8306 0 9 3 0 29 5 4 4 393 183 30 3 4 0 5 6 1949 10060 1992 2976 797 127 0 1 23 128 13 5 911 2 2 2 2 3 8 4 4 1 11 9 159 282 25 101 1795 124 1 1 7 3 6 6 3 1 536 5 15 3 2 144 64 195 173 2 43 1 58 1 4 1 328 551 998 588 6 0 0 1 5 12 4 2 8 3555 102 752 32 25 83 31 136 62 12 473 5 30 15 40 143 614 1 0 1 1 0 0 1 3 15 0 1 23 7 3 2 0 0 0 181 0 142 520 1 37 0 0 101 25 0 2 0 9 86 1 2 1 4 6 0 0 0 2 0 1 2 3 1 1 37 56 13 58 5 0 3 2 0 4 79 38 0 0 1 0 2 0 5 1 408 140 56 1 1 57 2 0 2 9 40 8 0 1 114 61 38 7 1 2
7794 31 1306 63 79 424 8354 8554 156 5855 2009 1480 0 1 1 0 5 1 0 1 20 6 1 1 3 1 3 0 3102 1028 33 82 45 14 0 1 0 17 2 0 202 1 2 2 0 1 2 1 0 0 13 32 699 919 99 67 11 9 0 0 1 0 3 3 7 1 122 3 8 4 3 36 11 38 36 1 49 0 23 1 7 0 608 232 235 45 4 1 2 0 2 23 19 2 4 113 551 5236 3 8 1 1 5 1 2 18 1 6 4 5 10 28 0 0 0 0 0 0 0 1 3 1 1 6 0 0 0 0 0 0 12 0 10 24 0 4 0 0 10 5 0 0 0 0 9 0 0 0 0 2 0 0 0 0 0 0 0 0 1 1 2 1 0 2 0 0 0 0 0 0 5 0 0 0 1 0 0 1 1 0 15 18 6 0 0 2 0 0 2 1 1 0 0 1 7 1 3 2 0 0
12170 87 7604 53 21 126 8554 8043 699 9690 1251 1997 0 0 2 0 1 0 0 0 6 5 1 3 5 0 3 1 673 332 17 21 17 7 1 0 2 6 0 3 595 0 3 1 1 0 4 0 1 2 18 29 535 793 69 145 14 3 1 0 1 5 7 2 4 0 268 1 7 3 3 19 9 26 18 0 37 3 7 2 9 1 850 473 503 153 2 3 3 1 1 33 27 6 2 47 41 1564 5 9 2 0 3 1 2 22 4 2 0 2 8 18 0 0 0 0 0 0 0 0 1 0 0 1 0 0 0 0 0 0 3 0 4 13 0 1 0 0 10 10 0 0 0 0 4 0 0 0 4 0 0 0 0 0 0 0 0 0 0 0 0 1 0 4 0 0 0 0 0 0 3 2 0 1 0 0 0 1 0 0 15 12 10 0 0 1 0 0 0 0 2 0 0 0 3 1 0 0 0 0
26 10 192 27 2 84 156 699 1612 5680 920 1120 46 0 1 0 0 0 5 0 9 5 0 0 0 0 0 0 24 20 1 18 42 0 0 0 0 6 3 0 23 1 6 115 357 29 0 5 5 175 0 11 211 8 15 2 12 1 0 0 5 11 11 0 2 43 11 1 5 5 7 494 19 244 1 5 2146 168 370 24 18 79 15 4 12 4 0 89 78 77 156 4 0 4 17 29 2249 976 1 1 3 1 5 1 0 33 10 13 5 15 9 46 0 0 0 0 0 0 0 0 2 0 0 1 0 0 0 0 0 0 6 0 7 18 0 1 0 0 4 0 0 0 1 0 4 1 1 2 2 2 0 1 1 0 0 3 1 0 0 3 2 2 0 0 0 0 2 0 0 3 5 3 0 0 1 1 1 1 4 1 22 7 5 0 4 4 0 1 1 0 0 3 0 0 12 3 0 0 0 0
263 14 3138 20 3 207 5855 9690 5680 13902 6032 18153 3 0 1 0 0 0 1 0 3 4 1 0 0 1 0 0 50 17 3 9 26 4 0 0 1 1 0 1 59 0 1 10 10 1 0 0 0 9 1 3 119 126 11 6 3 0 0 1 0 1 0 1 1 3 25 0 0 2 0 97 2 21 1 0 310 13 44 1 0 0 77 30 48 18 0 1 1 2 7 2 3 0 0 76 1750 1855 0 1 31 4 36 22 5 158 22 81 24 87 94 320 0 0 0 0 0 0 0 0 2 0 0 1 1 0 0 0 0 0 21 2 47 112 0 5 0 0 11 4 0 0 0 1 14 0 0 0 0 0 0 0 0 1 0 0 0 0 0 0 3 8 5 4 5 0 0 2 0 0 16 1 0 0 0 0 1 1 2 0 151 13 10 0 2 34 0 1 1 1 9 2 0 2 100 34 2 0 0 0
23 1 28 8 2 59 2009 1251 920 6032 5099 7171 0 1 0 0 2 2 1 0 24 11 2 0 1 0 0 0 17 13 2 19 60 2 0 0 0 2 0 0 19 0 0 4 5 0 2 0 0 0 2 1 44 34 7 0 1 0 0 0 3 0 1 0 1 2 25 0 3 0 0 392 9 17 3 0 196 1 88 0 0 0 22 20 39 14 0 0 1 0 2 1 0 0 0 34 1053 895 1 0 60 15 66 35 6 299 17 39 22 73 150 466 0 0 0 0 1 2 0 0 2 0 0 8 3 0 0 0 0 0 51 0 83 194 0 8 0 0 22 8 0 0 0 1 15 1 0 3 1 1 0 0 0 0 0 2 0 0 1 3 10 17 3 11 2 0 0 0 0 0 37 7 0 0 0 1 2 0 2 0 270 19 19 0 1 36 2 1 1 4 15 2 0 2 124 50 12 2 1 0
2868 2338 22570 3309 401 8306 1480 1997 1120 18153 7171 37596 1 11 4 2 21 5 12 7 675 501 95 10 16 3 1 1 758 1818 200 1996 1795 122 0 0 22 188 17 7 906 4 4 15 13 33 15 4 2 7 10 5 202 268 32 77 212 31 0 1 13 5 11 2 13 7 613 5 30 6 4 1343 166 394 100 5 399 14 298 4 3 3 329 550 1143 589 7 1 7 1 14 12 9 1 9 1121 1734 1731 84 16 434 170 912 319 45 2369 51 221 270 345 834 3807 1 0 0 0 2 3 3 6 58 9 6 63 32 4 5 0 0 0 653 3 764 2231 0 149 0 0 348 85 0 2 0 28 314 2 10 1 15 11 5 0 0 3 0 8 4 12 0 4 136 223 33 211 36 0 0 4 2 9 414 155 4 0 0 3 8 0 26 0 2026 414 234 3 3 344 1 3 9 30 165 19 3 25 774 318 122 33 2 2
1 0 0 0 0 0 0 0 46 3 0 1 8129 0 2 8 91 386 4277 96 2 7 7 10 1 1 13 17 1 0 1 0 7 2 0 0 0 329 9 3 22 15 13 5611 6001 2319 3 16 16 314 0 6 8 1 1 1 2 1 0 0 18 34 25 8 11 3846 8 0 12 16 17 61 140 2459 0 19 179 171 180 13 29 76 1 2 0 5 1 112 212 285 795 5 5 6 33 0 155 93 1 1 0 2 0 0 2 1 0 1 0 1 1 1 4 32 118 3 3 27 2 888 47 204 9 4 2 1 2 7 0 18 25 1 2 0 1 3 1 1 5 12 135 1 101 1 4 8 17 49 16 1033 2 3 6 0 0 2 1 0 3 5 0 2 0 2 5 2 164 16 7 559 7 16 18 2 7 33 0 1 49 7 2 1 170 7 12 3 0 9 6 1 1 26 2 4 4 1 0 0 0 1
6 1 5 3 4 9 1 0 0 0 1 11 0 5793 7844 569 328 332 19 9 47 131 980 396 33 239 3590 2840 228 13 165 13 33 304 5212 3964 970 61 585 1120 823 102 249 2 2 14 1257 28 50 1 3 1 34 64 3 5 368 840 1119 637 27 38 78 130 353 16 272 1453 338 15 7 4 3 353 1308 16 1 0 3 0 3 0 32 44 59 52 271 3 25 8 30 11 4 15 129 32 1 66 22 75 0 1 0 0 0 1 0 1 1 0 0 0 82 73 11 28 18 190 53 295 179 518 170 13 9 12 6 9 2 33 2 0 2 12 0 5 24 9 27 37 9 96 6 2 17 3 2 1 65 41 25 4 3 1 0 0 0 1 0 0 1 4 1 1 0 11 10 14 10 10 4 4 1 9 1 7 0 0 12 0 7 20 241 4 3 12 0 1 1 2 3 6 3 4 0 0 5 2 1 2
2 0 4 2 3 3 1 2 1 1 0 4 2 7844 21544 7726 605 2662 234 1547 64 155 1192 567 23 130 1837 2628 99 2 61 14 13 83 824 437 21 48 1421 497 1706 418 551 11 13 72 140 69 132 11 0 3 16 35 3 3 180 192 338 49 166 119 180 89 537 30 130 277 660 48 10 1 7 364 468 61 0 2 4 1 8 3 12 41 53 36 106 20 99 24 83 34 5 49 383 17 1 17 20 30 0 2 0 1 0 0 0 1 0 0 0 1 84 75 12 38 17 162 47 226 227 530 151 26 16 22 12 16 4 41 2 0 2 7 1 4 19 12 28 56 16 143 7 0 13 4 5 5 49 76 44 1 5 0 0 2 0 0 0 1 3 0 0 0 1 32 17 15 4 26 12 7 0 9 1 14 2 0 14 2 4 26 250 10 10 6 0 3 5 3 2 5 2 2 2 0 9 4 0 7
0 1 0 0 1 0 0 0 0 0 0 2 8 569 7726 21742 492 3715 3881 851 19 60 294 402 17 62 882 4058 14 3 7 0 7 29 79 17 29 208 1643 214 1131 523 568 18 19 147 53 128 184 14 2 2 0 2 0 2 23 32 12 26 169 198 317 144 515 54 41 37 830 91 21 7 16 196 58 106 0 9 3 0 12 6 10 8 9 9 9 56 159 59 136 71 19 85 536 3 4 1 10 8 0 2 0 0 0 0 0 0 0 0 0 1 143 208 81 40 3 92 17 648 157 769 72 5 6 12 11 21 2 112 5 0 0 2 4 2 24 11 12 23 145 80 73 0 7 7 6 50 42 368 31 5 5 0 0 3 0 0 0 0 0 1 0 1 2 20 26 16 5 64 3 9 9 6 7 20 2 5 30 3 0 8 207 5 9 6 1 2 4 2 1 16 6 7 4 1 4 5 1 3
16 4 12 4 15 29 5 1 0 0 2 21 91 328 605 492 2059 887 1486 3882 105 317 832 175 62 62 71 30 198 29 145 34 61 486 13 78 1059 625 675 304 601 76 128 203 134 581 182 29 24 26 3 1 21 47 3 10 242 589 73 345 283 34 58 32 39 71 147 310 145 6 10 14 39 737 1196 63 1 18 6 2 2 8 38 82 114 101 96 16 51 28 153 4 3 9 70 91 3 39 66 38 0 4 3 1 0 3 0 2 1 0 0 3 36 10 11 28 45 41 108 70 447 112 189 72 43 16 21 5 1 11 6 0 0 32 1 8 23 5 177 197 11 134 11 1 35 3 7 7 238 99 65 0 4 0 0 2 1 1 0 1 14 14 0 0 2 6 17 6 2 19 21 16 4 22 3 25 1 0 19 0 27 97 254 8 4 50 1 1 1 7 12 8 1 5 4 1 28 12 7 13
3 0 1 0 2 5 1 0 0 0 2 5 386 332 2662 3715 887 11962 5100 1260 13 56 123 954 26 55 2431 1032 20 5 19 4 23 78 82 24 55 857 4750 108 1254 635 1188 114 95 4155 50 314 247 47 2 2 2 7 5 2 16 22 8 30 4026 392 525 632 509 251 63 23 1662 123 78 30 75 954 43 596 4 12 12 4 32 12 9 22 20 25 9 77 267 96 235 136 24 142 819 19 10 11 23 8 0 13 0 1 0 1 0 8 0 2 0 4 94 892 596 43 17 304 5 2420 409 2699 130 17 4 15 15 49 1 557 50 11 1 3 6 9 28 4 27 114 998 54 565 3 9 11 40 413 92 1808 21 10 11 1 2 5 0 1 0 4 1 4 0 2 12 11 127 56 28 312 17 21 41 51 16 50 3 13 78 7 4 15 902 18 27 10 3 5 20 6 2 38 8 26 8 5 8 2 7 1
0 1 4 2 3 4 0 0 5 1 1 12 4277 19 234 3881 1486 5100 37961 11583 60 143 162 143 34 72 353 119 17 3 8 14 60 35 73 9 17 2597 47 308 234 79 120 10531 1436 5932 97 44 38 256 1 10 7 8 1 2 9 8 2 2 264 65 108 66 51 1019 67 5 46 17 22 60 195 10180 27 57 9 751 50 26 20 84 14 30 57 45 4 84 212 133 871 7 3 12 128 15 19 14 26 4 2 4 2 0 0 1 0 2 1 0 1 5 248 496 218 115 49 538 113 2390 610 3293 435 45 19 45 36 34 3 288 10 6 4 10 5 10 72 13 86 157 283 242 94 3 33 21 22 75 202 676 72 5 8 0 2 3 3 0 0 2 3 4 0 3 10 48 86 40 9 173 18 13 12 13 9 58 3 5 78 14 21 54 2092 10 12 24 1 6 8 13 8 19 18 5 9 3 10 8 3 12
3 2 1 1 1 4 1 0 0 0 0 7 96 9 1547 851 3882 1260 11583 6337 33 137 222 79 38 69 45 13 21 4 16 4 16 52 29 11 16 659 299 332 200 39 79 285 108 642 101 16 14 22 0 1 2 6 0 1 33 63 4 15 206 22 39 21 17 56 32 23 58 5 6 12 27 881 125 27 1 39 4 3 1 11 8 19 42 37 11 11 28 14 96 4 2 3 59 14 2 4 25 9 0 3 1 0 0 1 0 0 0 0 0 0 103 47 7 61 22 62 59 103 354 270 171 23 24 25 18 11 3 43 5 1 1 2 2 5 37 5 55 103 9 144 7 0 25 9 3 12 100 60 67 3 1 0 1 1 0 0 0 0 1 3 0 0 1 27 14 19 10 16 18 9 2 14 4 18 1 1 19 2 6 31 266 1 2 23 0 0 1 5 2 1 4 4 3 0 21 9 2 13
108 81 182 179 90 393 20 6 9 3 24 675 2 47 64 19 105 13 60 33 7134 5338 2695 96 153 34 45 10 99 142 117 505 482 464 6 9 52 477 23 77 1321 53 101 32 5 20 53 10 23 3 1 0 10 13 2 1653 57 91 6 44 19 50 69 28 19 3 38 23 49 10 7 293 285 379 330 12 16 0 113 0 1 1 157 24 4883 161 82 3 21 8 25 6 2 13 117 262 15 60 248 84 1 3 5 2 0 17 0 2 0 0 3 15 12 6 4 12 12 14 42 19 158 34 81 21 15 4 10 2 0 6 18 0 3 46 0 13 4 3 99 87 5 38 2 3 30 2 1 1 85 9 24 0 0 2 0 0 0 1 0 0 8 7 0 1 1 4 5 3 2 3 37 9 0 3 0 4 3 0 4 0 30 53 110 3 2 26 1 0 0 4 16 3 0 5 6 4 18 6 4 5
30 17 47 50 42 183 6 5 5 4 11 501 7 131 155 60 317 56 143 137 5338 25234 3967 1252 5134 1489 629 21 125 77 115 529 734 1472 67 32 259 1206 90 4751 948 357 1159 64 37 48 604 85 167 19 5 1 20 48 2 102 120 187 34 237 134 466 998 464 125 40 353 97 188 124 22 376 498 630 640 81 20 8 167 1 12 4 91 273 4146 1923 303 41 164 89 230 37 9 93 1367 219 18 43 3217 86 3 1 1 1 0 6 0 2 1 3 6 15 44 16 3 27 27 40 51 43 295 97 126 42 26 14 15 9 0 9 12 1 7 47 1 12 16 4 128 116 8 99 5 2 32 3 7 7 138 49 46 0 3 0 0 3 1 0 0 0 10 15 0 5 1 11 19 9 4 17 36 15 1 7 5 10 1 6 26 2 32 90 197 7 15 28 1 3 6 9 12 13 2 2 2 6 25 19 1 18
11 3 0 7 8 30 1 1 0 1 2 95 7 980 1192 294 832 123 162 222 2695 3967 11368 7878 561 5260 857 57 48 15 47 88 203 1009 129 57 406 873 254 4543 4345 1502 1580 54 25 41 459 57 235 15 0 0 7 22 3 11 50 62 84 149 98 195 346 132 79 32 145 210 227 70 20 93 213 236 171 68 14 3 66 0 7 4 15 77 268 153 25 41 111 33 165 64 14 77 881 62 7 11 113 18 0 1 2 3 0 8 0 1 0 0 1 1 54 31 5 37 12 20 23 48 152 108 92 18 13 8 12 6 1 17 5 2 0 20 0 6 13 2 76 58 11 70 10 2 28 0 10 7 53 46 32 6 0 1 0 2 0 0 0 1 3 8 0 1 2 8 12 8 4 14 16 8 2 10 3 9 0 3 19 2 22 38 84 3 7 14 1 5 4 4 7 13 5 1 2 1 8 7 3 5
9 5 6 3 2 3 1 3 0 0 0 10 10 396 567 402 175 954 143 79 96 1252 7878 7739 353 2104 5769 245 70 1 18 3 10 19 633 426 39 72 199 2115 2390 2245 1598 9 11 351 695 23 136 11 0 0 21 41 6 7 96 18 37 12 457 85 160 343 290 75 594 96 97 24 3 6 15 92 74 27 1 1 4 0 4 3 44 194 195 321 72 17 56 29 140 39 5 32 410 5 1 9 271 61 0 0 0 0 0 0 0 1 0 0 0 1 7 15 7 0 4 33 7 173 14 125 18 2 1 1 1 2 0 8 8 0 0 0 1 2 2 0 5 8 20 4 19 1 3 2 2 5 12 142 2 1 5 0 0 1 0 0 0 1 0 1 0 0 0 0 41 4 0 36 3 4 1 3 2 11 2 0 22 0 1 3 61 1 3 2 0 1 1 0 0 6 2 1 1 0 1 2 0 0
8 3 11 3 2 4 3 5 0 0 1 16 1 33 23 17 62 26 34 38 153 5134 561 353 5575 518 485 71 38 10 13 12 36 52 54 141 21 215 26 3171 124 63 361 31 8 20 1935 63 14 11 1 2 20 64 3 22 281 20 76 16 92 196 550 464 246 27 878 566 234 40 9 48 86 245 181 22 0 1 20 0 4 0 67 389 803 1427 1245 10 50 19 118 4 2 7 395 13 3 6 3468 964 0 0 0 0 0 0 0 0 0 0 0 0 7 4 0 1 11 7 19 22 69 35 30 5 2 5 3 0 0 3 2 0 1 5 0 3 3 0 15 32 3 10 6 1 12 1 1 1 24 27 6 1 3 0 0 0 0 0 0 0 2 3 0 1 0 1 22 3 1 10 6 1 1 1 1 13 0 1 13 2 2 12 68 1 4 2 0 0 3 3 0 8 1 1 0 0 3 3 0 1
4 1 3 0 0 0 1 0 0 1 0 3 1 239 130 62 62 55 72 69 34 1489 5260 2104 518 1001 799 26 6 1 3 0 0 7 668 118 4 33 1 6010 243 78 156 5 4 7 397 4 22 1 1 0 2 8 0 5 16 2 27 1 11 20 52 39 15 1 119 9 8 4 0 8 6 68 10 5 0 0 0 0 0 0 9 50 54 79 21 1 6 4 18 8 2 4 74 1 0 1 77 6 0 0 0 0 0 0 0 0 0 0 0 0 5 17 3 3 0 22 4 46 13 73 12 0 0 3 1 3 1 6 0 0 0 0 0 0 1 2 2 2 2 14 1 0 0 1 0 0 5 7 1 0 0 0 0 0 0 0 0 0 0 0 0 0 0 2 2 2 0 3 0 2 0 0 1 0 0 0 0 1 0 1 36 0 1 1 0 0 1 0 0 2 1 0 0 0 2 0 0 2
8 3 12 1 4 5 3 3 0 0 0 1 13 3590 1837 882 71 2431 353 45 45 629 857 5769 485 799 23838 7715 132 5 41 3 6 21 4161 1676 17 60 242 1689 381 181 815 7 15 402 1110 26 32 3 1 0 15 71 2 8 255 52 229 34 188 69 199 1364 1072 140 1183 272 97 21 5 9 22 348 217 14 1 1 2 0 4 0 67 281 159 374 272 9 26 8 58 12 1 12 196 6 4 5 470 220 0 3 1 0 0 0 0 1 0 0 0 1 38 159 99 10 9 163 7 1274 94 979 53 6 2 7 3 11 2 97 25 4 0 3 0 3 13 6 11 37 178 24 72 3 2 6 12 34 20 639 7 2 3 0 0 1 1 0 0 1 1 1 0 2 4 5 99 16 4 130 4 18 11 5 1 21 1 2 26 0 1 12 360 4 2 3 0 0 1 0 0 6 4 6 1 2 4 1 3 1
3 3 4 3 8 6 0 1 0 0 0 1 17 2840 2628 4058 30 1032 119 13 10 21 57 245 71 26 7715 13326 84 4 78 5 9 49 423 840 16 24 4919 139 303 183 232 9 20 357 553 98 50 7 1 1 13 31 4 4 230 287 388 98 175 80 163 580 2949 335 323 678 1079 22 11 2 7 250 664 28 1 0 0 1 5 2 24 46 32 58 409 24 39 14 70 29 2 25 121 26 2 13 69 166 1 16 0 0 0 2 2 3 0 0 0 1 24 193 309 7 21 104 7 2592 103 673 40 5 4 6 5 18 3 129 72 9 3 1 4 9 6 3 23 43 559 19 368 4 8 15 18 162 33 2376 12 4 7 0 2 0 1 0 0 0 2 7 3 3 13 11 273 36 7 436 14 32 56 30 11 69 0 5 37 3 1 2 205 20 9 6 2 6 3 7 3 19 10 32 2 4 6 8 5 0
5490 485 1469 583 2227 1949 3102 673 24 50 17 758 1 228 99 14 198 20 17 21 99 125 48 70 38 6 132 84 29270 6693 2527 746 775 507 31 36 175 342 182 36 354 36 97 12 6 13 116 174 23 4 26 39 3170 9332 247 77 1345 340 68 59 67 138 234 76 418 11 6881 135 764 35 31 381 303 623 1478 94 35 2 190 4 19 1 2144 2107 530 138 124 7 29 7 35 47 37 24 84 2746 56 5273 45 645 23 24 34 27 3 109 1 5 3 3 22 139 0 0 3 2 3 3 3 22 74 11 5 40 25 3 5 0 0 3 119 2 43 403 0 100 1 0 304 82 7 3 6 12 156 3 16 5 33 33 3 3 2 2 0 1 4 3 2 1 46 72 6 26 10 0 7 3 2 11 155 70 3 1 7 9 2 2 24 3 291 309 149 2 9 77 2 1 2 20 62 16 1 17 16 32 69 17 0 4
8344 1414 714 2445 7940 10060 1028 332 20 17 13 1818 0 13 2 3 29 5 3 4 142 77 15 1 10 1 5 4 6693 10432 4381 1374 413 161 2 2 27 113 9 1 372 1 6 1 2 6 6 3 1 0 21 22 405 729 50 96 3776 95 6 4 9 4 7 1 6 2 404 6 28 5 0 93 53 104 208 10 10 0 54 1 5 1 542 443 512 170 5 1 1 0 1 16 18 3 12 1737 16 1482 24 18 20 15 16 16 5 97 4 4 1 5 23 124 0 0 1 0 0 0 3 3 11 2 1 7 3 1 0 0 0 1 45 0 25 148 0 19 0 0 58 13 0 2 1 5 33 0 1 1 6 3 0 0 1 1 0 0 1 1 0 2 10 18 2 8 4 0 0 0 0 0 45 15 0 0 0 1 3 0 0 0 106 59 29 0 0 20 0 0 1 2 16 2 1 4 13 16 14 5 0 0
129 123 89 787 7768 1992 33 17 1 3 2 200 1 165 61 7 145 19 8 16 117 115 47 18 13 3 41 78 2527 4381 13500 586 588 544 21 43 150 213 128 3 324 24 24 3 2 13 59 81 6 0 6 5 161 375 18 47 14447 446 47 53 27 51 68 28 252 3 1501 131 368 10 9 73 65 73 1637 28 5 1 16 1 4 0 230 294 472 387 137 4 13 2 9 11 12 3 29 7225 6 435 139 7523 1 0 1 1 0 3 0 2 1 0 0 9 0 1 3 0 1 0 1 7 9 6 1 5 2 0 0 0 1 1 6 0 0 15 0 8 0 0 16 13 4 0 1 3 9 2 2 1 4 15 0 0 1 0 0 2 0 0 1 0 1 3 0 4 2 0 5 0 0 5 7 3 0 1 1 2 0 0 5 0 8 16 11 0 3 4 2 0 0 0 4 7 0 1 0 3 1 0 0 1
269 64 62 50 989 2976 82 21 18 9 19 1996 0 13 14 0 34 4 14 4 505 529 88 3 12 0 3 5 746 1374 586 3922 5330 683 1 3 21 426 25 4 340 2 6 1 2 9 12 17 1 0 3 4 71 144 8 53 548 2744 10 4 8 14 3 4 31 2 396 9 49 1 2 252 125 75 3159 6 8 1 46 0 1 0 158 370 730 529 10 0 4 1 4 6 1 2 4 9101 42 296 83 20 28 10 27 28 2 128 2 10 8 7 27 168 0 0 0 0 1 1 0 1 15 2 0 8 2 1 0 1 0 0 50 1 50 165 0 8 0 0 56 20 1 1 1 3 30 0 0 0 7 2 0 0 0 0 0 1 4 0 1 0 13 20 2 11 3 0 1 0 0 2 48 11 1 0 0 0 1 0 2 0 135 45 28 0 0 22 0 0 0 5 10 1 0 4 43 20 12 7 1 0
114 24 90 58 449 797 45 17 42 26 60 1795 7 33 13 7 61 23 60 16 482 734 203 10 36 0 6 9 775 413 588 5330 12099 2927 0 9 195 2549 37 32 341 9 10 31 17 87 44 16 6 5 4 10 107 234 20 46 394 1042 12 61 47 12 15 3 41 11 754 39 102 2 4 1480 4213 530 2404 9 50 9 102 1 1 2 213 410 693 452 30 3 9 2 30 11 5 3 18 3735 191 382 129 54 23 18 42 23 8 172 3 11 13 9 43 252 2 0 2 2 4 4 6 16 72 8 15 43 10 4 5 1 0 1 121 0 55 388 0 87 0 0 257 95 3 4 3 13 160 2 1 1 29 11 4 2 0 1 0 0 9 3 0 0 45 74 10 44 9 0 6 4 0 4 144 58 2 2 1 6 6 0 10 3 253 265 149 1 2 54 1 0 5 13 69 3 1 7 52 50 60 16 1 3
37 14 28 20 127 127 14 7 0 4 2 122 2 304 83 29 486 78 35 52 464 1472 1009 19 52 7 21 49 507 161 544 683 2927 8388 15 133 3288 5564 250 41 404 12 36 2 0 30 81 35 1 3 3 9 87 156 16 34 505 1693 235 3628 60 14 19 12 120 5 717 463 229 2 7 79 58 254 3560 29 4 4 18 0 1 0 185 285 594 422 239 5 11 5 5 7 2 2 22 1242 6 136 153 257 1 3 5 5 1 7 1 0 0 1 1 9 2 4 3 1 10 3 9 24 74 11 14 18 10 1 6 0 0 3 20 0 3 67 0 36 2 0 125 54 3 3 5 3 42 0 1 1 21 19 1 0 3 1 0 1 3 1 0 1 17 21 2 13 5 2 8 3 0 5 59 26 2 2 2 5 1 0 8 0 38 83 65 2 3 12 0 0 0 11 18 2 1 4 2 9 17 9 1 0
0 0 1 0 1 0 0 1 0 0 0 0 0 5212 824 79 13 82 73 29 6 67 129 633 54 668 4161 423 31 2 21 1 0 15 6120 5512 50 16 13 3489 42 44 231 3 1 10 2459 8 8 0 0 0 3 8 0 1 47 94 837 154 15 8 28 77 41 3 143 540 13 0 0 3 2 260 145 3 0 1 0 0 1 4 5 22 23 29 50 1 5 2 10 5 0 5 60 4 0 4 32 21 0 1 0 0 0 0 0 0 0 0 0 0 45 48 5 9 5 106 24 248 79 396 80 5 2 6 2 7 1 31 1 0 0 0 0 0 13 2 4 10 7 46 1 2 4 3 0 4 15 33 4 0 1 0 0 0 0 0 0 1 1 0 0 0 0 13 0 6 4 5 0 2 1 1 0 5 0 0 1 0 6 5 154 0 0 0 0 0 1 0 0 0 1 1 0 0 0 0 1 0
1 0 0 0 0 1 1 0 0 0 0 0 0 3964 437 17 78 24 9 11 9 32 57 426 141 118 1676 840 36 2 43 3 9 133 5512 2127 263 24 180 650 56 36 279 0 1 7 4816 49 8 1 2 0 0 18 0 3 95 640 5323 925 21 47 255 340 653 12 120 2823 303 12 4 1 6 87 504 7 0 0 3 0 1 0 5 21 14 25 211 1 8 3 17 1 3 6 109 8 0 11 18 63 0 0 0 0 0 1 0 0 0 0 0 0 16 12 5 8 3 21 13 35 35 44 45 4 1 4 1 1 0 5 0 0 0 1 0 2 3 1 3 13 3 29 2 0 0 3 1 2 9 20 6 0 0 0 0 1 0 0 0 0 0 0 0 0 0 6 8 4 0 2 1 2 0 0 1 3 1 1 3 0 0 2 38 0 3 1 0 0 1 0 0 2 2 0 0 0 1 1 1 3
6 6 5 9 12 23 0 2 0 1 0 22 0 970 21 29 1059 55 17 16 52 259 406 39 21 4 17 16 175 27 150 21 195 3288 50 263 1040 1512 123 65 147 14 16 1 3 19 172 8 3 0 0 0 22 40 3 5 156 571 195 1981 27 5 6 5 25 1 133 539 68 2 0 7 18 49 889 10 0 2 1 0 0 0 29 42 80 73 93 1 2 2 10 5 1 0 10 137 0 44 30 58 0 0 0 1 0 3 0 0 0 0 0 1 5 1 1 1 11 2 16 7 79 8 36 16 11 3 3 2 0 0 1 0 1 8 0 4 0 0 55 44 5 10 2 0 10 0 1 0 43 10 12 0 1 0 0 0 0 1 0 0 0 3 0 1 0 1 1 4 0 2 7 2 3 2 0 3 0 0 2 0 8 24 44 0 0 13 0 0 0 0 5 2 0 4 0 0 11 6 1 2
40 15 55 23 83 128 17 6 6 1 2 188 329 61 48 208 625 857 2597 659 477 1206 873 72 215 33 60 24 342 113 213 426 2549 5564 16 24 1512 14405 239 380 563 63 132 2681 542 2575 401 66 26 38 7 9 77 146 16 41 331 272 36 353 656 57 63 45 54 209 755 168 181 22 32 251 1011 2116 1233 151 33 58 101 3 14 14 184 380 610 398 123 28 104 39 483 19 7 14 114 492 13 92 268 62 1 9 6 4 3 19 1 5 2 1 3 21 42 20 24 27 43 48 97 112 562 130 196 127 53 22 23 6 1 16 25 6 14 124 2 70 14 1 462 318 30 123 17 15 121 4 22 16 390 165 51 3 3 1 0 2 3 7 1 1 36 41 4 10 5 14 76 18 7 53 108 38 4 14 14 61 8 2 93 4 95 321 545 5 21 83 0 3 7 14 59 20 6 12 7 13 78 34 6 15
7 1 5 2 7 13 2 0 3 0 0 17 9 585 1421 1643 675 4750 47 299 23 90 254 199 26 1 242 4919 182 9 128 25 37 250 13 180 123 239 18343 23 351 172 456 15 36 447 117 181 64 12 0 2 17 42 8 6 238 349 77 241 11668 118 121 395 4555 655 237 348 5843 59 60 18 38 62 699 1393 2 1 6 4 14 4 35 50 52 51 145 43 124 22 202 29 6 33 230 49 3 51 44 66 0 7 0 0 2 4 1 5 0 0 0 3 10 58 222 9 11 20 18 1215 198 128 34 12 6 15 6 35 0 77 86 17 1 9 3 8 4 5 41 67 357 21 494 4 15 40 110 153 117 2454 26 23 31 2 1 1 3 1 0 6 7 15 1 6 18 11 682 76 30 642 21 80 35 46 22 260 6 7 194 8 6 17 83 30 25 18 8 2 23 7 7 31 21 33 13 6 9 9 13 7
6 4 1 2 5 5 0 3 0 1 0 7 3 1120 497 214 304 108 308 332 77 4751 4543 2115 3171 6010 1689 139 36 1 3 4 32 41 3489 650 65 380 23 8301 389 179 785 59 14 39 3009 65 47 4 0 2 7 39 1 9 95 14 131 27 70 163 437 407 183 29 537 93 193 41 5 31 117 938 53 21 6 3 22 0 3 0 37 215 250 455 87 16 50 14 111 8 6 24 470 7 1 4 464 69 0 1 0 0 0 1 0 0 0 0 0 1 77 60 7 32 22 168 60 212 174 482 178 20 9 18 6 17 2 31 2 1 0 5 0 0 30 7 22 48 5 104 7 2 19 0 1 1 58 47 29 5 1 0 0 0 0 0 0 0 2 2 0 1 0 28 15 8 9 15 2 5 3 4 3 18 0 1 11 0 5 18 283 4 2 6 0 0 1 0 3 6 3 1 3 0 3 9 0 1
1787 873 2950 848 354 911 202 595 23 59 19 906 22 823 1706 1131 601 1254 234 200 1321 948 4345 2390 124 243 381 303 354 372 324 340 341 404 42 56 147 563 351 389 10598 2240 1165 119 184 389 163 482 3075 219 590 394 105 97 921 1813 224 152 34 41 913 704 392 88 294 242 291 130 537 565 314 272 434 554 503 393 50 16 194 32 480 106 2410 311 3527 309 113 791 1266 457 1132 3203 827 1101 1414 411 32 129 108 135 6 6 18 8 3 26 1 2 4 4 6 46 19 24 13 17 23 21 36 100 247 101 76 59 38 15 6 4 0 10 48 1 14 145 0 67 4 2 373 198 15 40 25 14 128 15 38 15 157 157 32 34 49 5 1 13 23 7 16 44 55 63 7 10 13 4 73 19 6 59 122 27 10 12 26 72 38 57 131 17 123 242 202 5 44 41 43 25 88 15 61 100 19 17 16 15 69 20 1 9
2 1 2 0 0 2 1 0 1 0 0 4 15 102 418 523 76 635 79 39 53 357 1502 2245 63 78 181 183 36 1 24 2 9 12 44 36 14 63 172 179 2240 3202 2970 72 56 209 102 132 1422 38 0 5 8 13 4 9 49 27 10 10 826 245 256 49 254 238 147 38 492 125 44 7 20 35 75 302 18 9 10 0 24 5 20 43 52 78 22 114 342 154 1117 200 40 217 745 6 19 18 60 13 0 0 0 0 0 0 0 1 0 0 0 0 2 7 8 1 4 6 4 39 18 9 10 1 0 0 0 1 0 1 8 0 0 0 1 0 1 0 4 5 7 2 22 0 1 12 27 10 9 117 4 5 8 0 0 3 1 0 2 2 0 0 0 1 2 1 62 13 3 37 1 5 2 2 22 64 3 12 106 22 1 4 10 1 33 7 3 5 12 0 0 21 5 0 3 1 2 0 2 0
4 2 6 0 2 2 2 3 6 1 0 4 13 249 551 568 128 1188 120 79 101 1159 1580 1598 361 156 815 232 97 6 24 6 10 36 231 279 16 132 456 785 1165 2970 5189 66 47 901 515 144 449 29 2 4 15 53 5 11 158 36 33 7 2785 253 673 2798 940 315 685 81 789 96 33 17 34 74 117 365 5 1 7 1 18 10 53 233 258 341 117 56 181 73 1544 107 11 119 2538 8 8 18 319 66 0 0 0 0 0 0 0 2 0 0 0 1 5 14 12 4 9 25 7 131 43 74 21 1 2 1 2 0 0 12 4 1 0 1 1 0 0 1 10 11 22 5 32 0 5 14 41 7 19 296 2 6 6 1 0 0 2 0 1 1 0 1 0 0 1 2 123 14 3 102 3 5 5 2 7 77 2 7 117 10 1 5 44 3 23 2 2 1 11 0 1 27 12 2 5 1 0 0 0 0
3 0 8 4 1 2 2 1 115 10 4 15 5611 2 11 18 203 114 10531 285 32 64 54 9 31 5 7 9 12 1 3 1 31 2 3 0 1 2681 15 59 119 72 66 14388 4706 1782 66 120 59 982 4 33 17 12 4 9 13 0 5 0 230 113 153 20 18 1382 93 6 79 56 106 1095 3444 3304 7 222 1718 3870 4780 65 64 269 46 38 54 28 11 334 805 658 3171 19 4 14 206 5 404 188 30 6 1 2 1 0 0 3 0 1 1 2 1 14 8 9 14 6 14 21 23 103 137 82 43 16 4 6 4 3 0 3 7 0 1 18 0 4 3 1 70 78 23 18 19 5 10 20 49 9 91 179 6 5 21 2 1 4 2 1 6 11 7 4 0 0 0 2 60 22 5 89 14 6 5 3 26 91 3 10 166 21 19 57 219 3 60 20 8 20 15 5 8 82 5 1 14 4 11 13 0 3
3 0 1 0 0 2 0 1 357 10 5 13 6001 2 13 19 134 95 1436 108 5 37 25 11 8 4 15 20 6 2 2 2 17 0 1 1 3 542 36 14 184 56 47 4706 13942 2756 10 117 124 6536 0 35 36 5 6 4 6 2 0 0 165 246 219 20 51 4306 32 0 104 118 150 190 287 1107 4 87 1155 1168 697 96 204 394 5 9 12 11 3 1798 1933 2698 4537 30 12 60 315 1 1317 541 12 0 3 4 1 1 1 5 1 17 3 9 3 11 6 16 52 0 1 8 2 258 40 46 6 2 0 3 0 12 1 9 24 4 2 3 1 3 1 0 12 17 61 6 76 2 9 49 172 42 53 644 2 36 97 5 0 22 16 2 12 31 5 4 0 0 2 3 293 59 20 497 5 22 16 7 187 315 12 63 734 125 10 14 49 7 360 36 17 115 99 0 0 520 36 4 19 8 2 4 2 2
1 0 1 1 3 3 1 0 29 1 0 33 2319 14 72 147 581 4155 5932 642 20 48 41 351 20 7 402 357 13 6 13 9 87 30 10 7 19 2575 447 39 389 209 901 1782 2756 12023 23 70 113 60 0 3 8 7 3 6 12 3 1 2 327 102 161 582 326 3355 48 8 149 52 26 143 475 1325 12 88 56 36 105 10 18 21 12 17 32 26 9 68 151 135 1159 59 7 57 383 11 104 43 17 3 0 11 1 1 0 2 0 3 1 0 0 6 25 228 417 9 14 87 7 1825 284 649 58 9 6 6 6 33 2 150 74 18 3 5 8 12 5 5 36 74 495 24 481 5 18 42 145 369 100 2832 31 11 26 1 1 7 3 0 2 1 2 15 4 8 14 14 487 70 20 1240 18 55 74 65 23 226 4 10 190 10 9 14 292 36 23 19 11 7 17 3 2 32 22 27 12 9 10 5 7 2
9 5 9 6 2 8 2 4 0 0 2 15 3 1257 140 53 182 50 97 101 53 604 459 695 1935 397 1110 553 116 6 59 12 44 81 2459 4816 172 401 117 3009 163 102 515 66 10 23 6726 257 29 14 1 0 24 72 4 12 605 140 2354 369 86 240 613 484 1022 46 1253 1584 941 42 32 62 166 733 576 29 5 2 48 0 3 1 57 299 268 833 1296 9 39 15 121 9 8 18 360 17 0 14 2268 1437 0 2 0 0 0 0 0 1 0 0 1 2 44 33 5 24 22 76 62 80 159 181 116 7 6 11 15 11 3 15 3 1 0 2 2 5 14 1 25 60 3 93 7 0 11 5 7 1 57 56 24 0 8 0 0 1 0 0 0 0 0 3 0 0 2 16 26 10 7 21 6 3 1 5 8 20 0 3 24 3 3 20 175 3 7 2 0 0 4 2 1 11 3 1 4 0 4 6 1 5
8 0 5 1 2 4 1 0 5 0 0 4 16 28 69 128 29 314 44 16 10 85 57 23 63 4 26 98 174 3 81 17 16 35 8 49 8 66 181 65 482 132 144 120 117 70 257 23457 266 515 3 43 30 52 15 10 267 65 39 19 652 7976 2008 202 453 154 455 145 7756 1464 8410 14 49 61 226 6926 20 9 16 18 725 130 41 61 44 68 116 1563 7401 331 1119 86 19 145 769 12 23 54 68 56 0 5 0 0 0 0 0 9 0 1 0 2 3 3 4 2 4 12 1 44 26 8 6 1 2 4 11 5 0 3 17 2 0 5 1 3 1 2 9 21 23 12 29 13 21 55 136 14 42 191 9 239 464 6 5 199 21 1 58 139 1 4 3 5 1 0 110 54 112 90 9 20 8 13 345 249 98 334 571 107 4 20 28 9 505 54 151 245 678 3 1 1258 151 5 19 3 1 4 5 7
4 0 3 0 1 4 0 1 5 0 0 2 16 50 132 184 24 247 38 14 23 167 235 136 14 22 32 50 23 1 6 1 6 1 8 8 3 26 64 47 3075 1422 449 59 124 113 29 266 8006 141 8 16 8 14 47 40 18 7 4 4 393 754 341 23 93 113 87 11 240 569 131 5 16 27 25 217 12 7 10 3 104 29 54 34 54 51 8 367 964 308 704 3565 337 3585 7941 1 12 7 19 1 0 0 0 0 0 0 0 2 0 1 0 0 0 2 3 1 0 2 1 19 4 8 2 1 1 1 0 1 0 2 1 0 0 0 0 0 0 0 1 2 5 0 4 2 4 5 24 2 3 43 0 16 28 0 1 13 5 1 4 24 0 0 0 0 0 0 31 5 4 23 1 3 1 0 17 35 17 39 68 8 1 1 6 2 43 2 15 16 51 0 0 74 4 1 1 0 0 0 0 0
1 1 3 0 1 1 0 2 175 9 0 7 314 1 11 14 26 47 256 22 3 19 15 11 11 1 3 7 4 0 0 0 5 3 0 1 0 38 12 4 219 38 29 982 6536 60 14 515 141 14342 37 776 22 1 22 8 7 2 1 0 100 640 184 6 21 2546 21 1 177 397 507 78 89 1318 9 383 963 1182 365 2054 1214 7813 30 9 11 5 2 8828 4324 4846 953 100 59 96 329 0 732 277 5 3 0 3 1 0 0 2 3 6 2 4 2 4 0 0 4 1 0 8 0 26 7 7 2 1 1 1 4 2 0 2 13 0 1 2 2 0 0 0 12 3 16 2 9 11 12 20 98 12 33 75 3 114 221 6 1 137 99 4 108 180 3 2 2 1 1 0 43 28 43 101 3 12 3 3 138 122 58 184 462 75 5 12 27 0 363 56 98 287 446 2 1 846 62 6 33 8 1 4 3 1
46 3 84 8 2 11 13 18 0 1 2 10 0 3 0 2 3 2 1 0 1 5 0 0 1 1 1 1 26 21 6 3 4 3 0 2 0 7 0 0 590 0 2 4 0 0 1 3 8 37 6406 8463 62 21 912 283 5 1 1 0 2 2 3 0 3 13 35 0 1 99 17 8 15 26 7 1 3 4 5 598 487 98 1208 63 134 14 1 38 6 3 1 5431 5270 141 4 6 3 3 0 3 0 0 1 0 0 1 0 0 0 0 0 0 0 0 0 1 0 2 0 0 3 2 0 1 0 0 0 0 0 0 0 0 0 6 0 1 0 0 10 6 0 0 0 1 6 0 1 0 4 0 0 7 4 1 0 3 139 6 119 106 1 0 0 0 0 0 1 0 2 2 4 0 0 0 2 0 46 39 4 1 2 7 10 0 3 4 27 15 94 0 0 9 7 0 2 0 3 0 0 0
95 13 77 6 3 9 32 29 11 3 1 5 6 1 3 2 1 2 10 1 0 1 0 0 2 0 0 1 39 22 5 4 10 9 0 0 0 9 2 2 394 5 4 33 35 3 0 43 16 776 8463 20095 100 10 1207 188 5 0 0 0 3 79 6 1 3 167 30 4 21 458 261 14 7 148 10 15 50 71 22 9245 4369 1917 1538 91 143 15 2 1394 244 97 24 1773 4257 114 41 6 41 19 1 3 1 0 2 0 0 0 0 3 0 1 1 1 0 0 1 0 1 1 1 5 10 1 1 7 4 0 2 0 1 2 3 1 0 6 0 5 0 0 23 8 1 2 2 31 17 15 33 4 14 10 1 157 105 19 2 79 1697 103 2172 1281 10 0 1 0 0 1 5 1 5 86 8 1 0 0 7 4 629 582 73 4 9 30 85 1 15 113 564 224 1379 1 7 151 200 0 18 5 2 2 1 2
1055 79 701 65 125 159 699 535 211 119 44 202 8 34 16 0 21 2 7 2 10 20 7 21 20 2 15 13 3170 405 161 71 107 87 3 0 22 77 17 7 105 8 15 17 36 8 24 30 8 22 62 100 7157 8080 5675 26 119 35 5 7 8 31 44 26 44 4 1011 25 94 12 6 138 116 254 177 8 161 22 91 10 15 12 1711 1267 311 46 41 11 10 11 39 46 36 13 29 242 172 8942 18 112 2 1 6 3 3 22 0 2 1 4 4 26 0 2 1 1 3 0 8 10 50 3 7 20 14 1 4 0 1 0 21 0 9 74 0 24 1 0 128 72 5 7 0 5 41 2 1 1 41 5 8 0 0 0 0 0 1 1 2 3 9 18 0 5 1 0 0 0 0 1 46 15 0 0 1 0 0 0 1 0 50 109 67 0 0 20 0 0 0 3 20 2 0 2 5 8 20 7 0 1
1791 140 1060 117 247 282 919 793 8 126 34 268 1 64 35 2 47 7 8 6 13 48 22 41 64 8 71 31 9332 729 375 144 234 156 8 18 40 146 42 39 97 13 53 12 5 7 72 52 14 1 21 10 8080 7389 561 33 204 106 19 17 23 79 114 51 146 9 4427 53 250 14 8 139 143 269 409 22 22 2 97 1 7 0 2420 2875 166 53 76 3 14 7 22 21 8 9 60 574 19 2534 31 193 9 3 8 7 0 37 0 3 1 0 3 29 1 1 1 0 2 3 2 7 64 6 5 15 9 2 1 0 0 1 27 1 15 136 0 43 0 1 154 59 1 6 2 6 52 0 3 0 27 5 3 0 1 0 0 1 0 1 0 0 19 27 2 9 2 0 5 0 0 8 58 16 1 0 1 1 1 0 3 1 77 132 72 2 4 30 1 0 0 6 34 4 1 6 7 9 27 8 1 1
148 8 157 14 10 25 99 69 15 11 7 32 1 3 3 0 3 5 1 0 2 2 3 6 3 0 2 4 247 50 18 8 20 16 0 0 3 16 8 1 921 4 5 4 6 3 4 15 47 22 912 1207 5675 561 15156 511 5 8 0 0 7 28 9 1 5 2 69 0 8 94 26 24 36 64 36 5 21 2 22 109 150 25 7046 83 93 14 2 57 44 18 15 1150 387 106 46 29 14 1124 0 12 1 1 2 0 0 2 0 0 0 0 1 1 0 0 0 0 0 1 1 3 18 0 1 14 3 2 1 0 0 1 3 0 1 11 0 2 0 0 38 12 0 1 0 2 4 1 1 0 15 2 3 4 3 0 0 2 9 0 16 11 2 2 0 0 0 0 0 0 1 0 11 4 0 0 0 1 5 5 1 0 17 36 11 1 2 8 5 4 16 5 4 8 3 0 0 0 5 2 0 0
365 107 444 82 52 101 67 145 2 6 0 77 1 5 3 2 10 2 2 1 1653 102 11 7 22 5 8 4 77 96 47 53 46 34 1 3 5 41 6 9 1813 9 11 9 4 6 12 10 40 8 283 188 26 33 511 6605 25 28 1 3 11 36 17 8 14 5 70 8 24 105 30 35 58 85 65 9 3 0 24 19 81 19 8744 102 5176 98 12 79 55 11 21 802 249 94 83 73 2 19 35 14 0 1 3 0 0 6 0 1 0 0 0 4 0 0 0 2 4 1 2 3 23 1 4 9 4 3 1 0 0 0 11 0 0 25 1 9 0 0 68 29 3 3 0 2 33 1 2 0 27 2 6 2 5 1 0 0 3 0 5 6 7 11 0 2 2 0 0 0 0 0 21 5 0 0 1 2 1 8 3 0 11 58 35 0 4 8 4 1 10 3 9 5 1 1 3 1 19 1 0 1
202 270 176 835 5136 1795 11 14 12 3 1 212 2 368 180 23 242 16 9 33 57 120 50 96 281 16 255 230 1345 3776 14447 548 394 505 47 95 156 331 238 95 224 49 158 13 6 12 605 267 18 7 5 5 119 204 5 25 8876 282 118 80 75 188 356 193 833 20 5665 527 1192 32 44 119 192 277 1925 89 25 1 61 0 7 1 119 245 276 1629 547 12 37 9 54 10 7 14 138 2917 20 116 1873 3874 5 5 7 1 0 12 0 1 1 1 4 19 1 2 3 1 1 1 4 14 34 7 7 12 9 1 0 0 0 1 20 2 11 64 0 14 0 0 85 25 6 6 9 1 27 1 9 3 16 40 0 0 0 1 0 0 3 0 1 0 6 12 0 2 3 0 12 2 0 12 46 12 1 0 5 15 0 3 29 2 33 62 46 0 12 13 1 2 1 6 14 10 6 2 10 2 14 5 0 1
16 5 7 6 200 124 9 3 1 0 0 31 1 840 192 32 589 22 8 63 91 187 62 18 20 2 52 287 340 95 446 2744 1042 1693 94 640 571 272 349 14 152 27 36 0 2 3 140 65 7 2 1 0 35 106 8 28 282 8351 1546 4268 35 23 31 19 402 4 344 1588 556 9 14 50 52 87 20466 26 2 0 15 0 3 0 80 122 184 146 293 0 7 2 5 4 2 2 22 3965 1 102 48 243 2 2 2 1 0 4 0 0 1 1 0 6 0 3 6 0 0 1 0 22 13 5 7 4 3 1 0 0 0 1 10 0 2 25 0 20 0 0 35 11 4 1 8 2 26 0 1 1 4 25 0 0 2 0 0 0 3 0 0 1 9 16 1 0 0 0 5 2 0 10 22 8 0 0 2 4 0 1 5 1 17 30 13 0 1 0 0 0 1 3 9 2 1 0 0 3 13 2 0 0
0 0 1 0 1 1 0 1 0 0 0 0 0 1119 338 12 73 8 2 4 6 34 84 37 76 27 229 388 68 6 47 10 12 235 837 5323 195 36 77 131 34 10 33 5 0 1 2354 39 4 1 1 0 5 19 0 1 118 1546 2694 4078 11 25 68 36 353 2 109 2485 290 7 3 3 3 18 521 10 0 0 3 0 0 0 7 19 19 46 122 1 1 3 3 1 1 0 26 13 0 21 83 68 0 0 0 0 0 0 0 1 0 0 0 0 1 2 1 2 1 2 4 9 14 13 15 0 0 3 1 1 0 2 0 0 0 1 0 0 2 0 5 7 2 9 2 1 1 0 1 1 2 8 1 0 0 0 0 0 0 0 0 0 0 2 0 0 0 2 3 0 1 3 1 1 0 0 0 3 0 0 8 0 1 0 6 1 0 1 0 2 0 0 0 2 0 0 0 0 0 1 0 0
1 0 1 1 6 1 0 0 0 1 0 1 0 637 49 26 345 30 2 15 44 237 149 12 16 1 34 98 59 4 53 4 61 3628 154 925 1981 353 241 27 41 10 7 0 0 2 369 19 4 0 0 0 7 17 0 3 80 4268 4078 2118 19 6 9 12 87 3 71 3594 160 4 0 4 5 11 1479 14 0 1 1 0 0 0 10 23 64 46 116 0 5 1 6 3 2 0 8 44 1 15 19 53 0 0 1 0 0 0 1 0 0 0 0 1 0 0 0 0 1 1 1 9 3 3 1 4 1 0 0 0 0 3 1 0 0 0 1 0 1 0 2 3 5 1 2 0 1 0 0 3 2 8 2 0 0 0 0 0 0 0 0 0 1 0 0 1 2 1 2 1 0 2 2 0 0 1 0 2 0 0 2 0 1 1 2 0 0 0 0 0 0 0 2 0 0 0 0 0 1 1 0 0
4 0 9 1 1 7 1 1 5 0 3 13 18 27 166 169 283 4026 264 206 19 134 98 457 92 11 188 175 67 9 27 8 47 60 15 21 27 656 11668 70 913 826 2785 230 165 327 86 652 393 100 2 3 8 23 7 11 75 35 11 19 8010 746 1106 1247 527 816 164 31 3973 220 289 69 139 114 91 5319 24 9 41 6 92 24 26 55 46 75 28 196 1122 149 7607 153 32 177 2218 15 26 39 89 15 0 7 0 1 2 2 2 16 0 0 0 2 12 44 198 7 4 26 9 373 209 118 29 5 1 3 4 33 0 31 60 11 1 6 3 4 2 2 38 65 168 18 317 8 12 91 557 109 121 1669 24 21 50 5 1 14 3 2 4 13 6 11 3 1 9 6 495 160 36 544 16 39 46 47 74 510 9 27 646 59 7 18 106 27 112 50 16 19 44 14 3 144 44 32 38 10 4 7 18 6
5 1 9 2 0 3 0 5 11 1 0 5 34 38 119 198 34 392 65 22 50 466 195 85 196 20 69 80 138 4 51 14 12 14 8 47 5 57 118 163 704 245 253 113 246 102 240 7976 754 640 2 79 31 79 28 36 188 23 25 6 746 19823 13458 633 859 199 806 74 3051 7730 2608 22 32 75 127 1019 35 20 17 74 495 463 70 183 149 231 76 2012 2895 689 1386 202 145 939 5701 7 56 35 196 51 0 1 0 0 0 0 0 3 0 0 0 0 0 2 5 8 2 17 1 53 26 26 8 1 2 2 6 1 0 6 13 2 1 1 1 2 2 2 4 9 20 6 19 21 27 52 84 4 24 95 1 464 785 12 7 195 85 10 107 304 1 4 2 2 2 2 71 33 126 49 4 9 6 4 204 114 241 764 349 49 3 13 26 2 317 43 360 265 1169 4 0 1008 191 1 7 3 2 4 3 8
15 4 20 2 2 6 3 7 11 0 1 11 25 78 180 317 58 525 108 39 69 998 346 160 550 52 199 163 234 7 68 3 15 19 28 255 6 63 121 437 392 256 673 153 219 161 613 2008 341 184 3 6 44 114 9 17 356 31 68 9 1106 13458 31757 7905 6934 281 1741 205 5444 1444 298 24 59 93 233 876 18 11 24 3 66 20 88 449 262 517 247 166 1228 596 2107 65 42 284 5595 16 24 41 544 162 0 1 0 0 0 0 0 3 0 0 0 0 7 7 10 1 1 17 4 78 11 58 7 4 1 2 0 1 1 6 5 2 0 1 0 1 0 1 8 11 30 6 19 3 5 11 53 15 19 149 2 30 79 0 1 23 7 0 5 26 0 4 1 0 2 1 74 20 19 47 3 11 4 5 88 111 9 48 260 39 6 5 33 0 144 10 13 42 71 1 0 265 20 4 9 1 0 2 2 0
6 2 14 4 3 6 3 2 0 1 0 2 8 130 89 144 32 632 66 21 28 464 132 343 464 39 1364 580 76 1 28 4 3 12 77 340 5 45 395 407 88 49 2798 20 20 582 484 202 23 6 0 1 26 51 1 8 193 19 36 12 1247 633 7905 5543 6043 410 771 117 1392 71 23 8 22 47 105 121 2 2 5 1 10 2 35 194 133 290 175 24 84 31 622 8 1 13 2484 9 7 4 508 140 0 4 0 0 0 1 0 0 0 0 0 0 4 10 28 1 4 21 4 365 27 76 10 0 0 0 1 3 0 14 25 6 0 1 1 1 3 2 6 16 64 5 83 0 2 7 32 9 22 652 3 4 12 0 0 0 0 0 0 1 0 1 1 3 2 0 194 15 9 204 5 18 19 4 13 92 0 7 69 4 1 4 37 7 13 0 1 1 5 2 2 19 3 7 3 0 2 1 1 0
12 5 15 3 6 3 7 4 2 1 1 13 11 353 537 515 39 509 51 17 19 125 79 290 246 15 1072 2949 418 6 252 31 41 120 41 653 25 54 4555 183 294 254 940 18 51 326 1022 453 93 21 3 3 44 146 5 14 833 402 353 87 527 859 6934 6043 9102 825 1445 984 5840 148 92 21 24 71 1254 134 4 1 6 4 16 17 86 213 135 225 855 73 176 50 463 38 3 49 918 41 2 86 281 369 0 11 2 0 0 1 0 4 0 0 0 1 10 31 126 10 6 10 19 721 142 80 36 4 7 3 6 21 0 40 59 9 1 3 4 4 1 2 27 51 181 25 280 6 7 44 198 54 78 1819 14 9 34 1 1 3 0 0 2 5 6 6 3 2 12 10 767 74 30 571 15 54 33 29 27 354 4 12 389 19 3 8 69 14 49 22 3 6 15 4 5 49 8 27 10 6 7 10 10 1
0 0 2 0 3 1 1 0 43 3 2 7 3846 16 30 54 71 251 1019 56 3 40 32 75 27 1 140 335 11 2 3 2 11 5 3 12 1 209 655 29 242 238 315 1382 4306 3355 46 154 113 2546 13 167 4 9 2 5 20 4 2 3 816 199 281 410 825 1660 66 26 766 81 113 58 114 847 28 543 412 1568 258 493 176 1048 12 22 14 21 16 585 813 914 5015 36 12 39 437 1 204 86 40 8 1 4 0 0 0 2 0 11 0 1 1 0 3 15 165 3 2 9 2 297 104 86 18 0 2 2 0 12 1 13 20 3 1 4 0 0 1 1 12 24 78 4 88 2 6 19 154 155 46 1002 9 6 20 0 0 4 17 1 30 27 2 3 2 1 3 0 174 40 9 2415 0 18 13 7 41 100 17 17 246 26 5 9 52 3 72 21 7 21 32 2 0 112 9 5 11 3 3 3 2 0
930 296 966 308 439 536 122 268 11 25 25 613 8 272 130 41 147 63 67 32 38 353 145 594 878 119 1183 323 6881 404 1501 396 754 717 143 120 133 755 237 537 291 147 685 93 32 48 1253 455 87 21 35 30 1011 4427 69 70 5665 344 109 71 164 806 1741 771 1445 66 20967 825 1464 136 57 474 876 1115 1936 132 45 6 323 1 16 7 1247 7847 693 2798 1483 41 183 61 226 66 28 54 830 1396 44 227 1128 3210 13 16 18 9 3 38 2 10 6 3 5 61 11 4 9 3 10 13 24 40 262 35 62 85 53 6 9 4 0 10 67 0 26 290 1 107 2 0 568 262 8 25 10 16 157 0 15 4 150 78 31 4 4 3 1 1 8 8 0 3 51 83 1 23 8 1 35 9 0 35 178 55 3 6 9 24 6 6 56 2 192 418 277 4 25 74 2 5 11 29 88 36 5 22 17 19 66 26 4 11
5 3 7 4 4 5 3 1 1 0 0 5 0 1453 277 37 310 23 5 23 23 97 210 96 566 9 272 678 135 6 131 9 39 463 540 2823 539 168 348 93 130 38 81 6 0 8 1584 145 11 1 0 4 25 53 0 8 527 1588 2485 3594 31 74 205 117 984 26 825 2889 1033 12 22 21 51 65 1964 38 3 0 16 0 2 0 31 146 121 366 965 3 13 4 18 7 2 5 62 34 1 25 1099 1063 0 0 0 0 0 0 0 0 0 0 0 1 2 0 4 1 6 4 7 23 20 6 12 5 2 2 1 0 0 2 2 0 1 2 0 3 1 0 9 14 4 5 5 0 5 1 0 3 10 27 3 0 2 0 0 0 0 0 0 0 0 1 0 0 0 0 15 1 1 8 3 1 1 0 3 4 0 0 9 1 2 6 22 2 6 2 0 1 3 2 1 13 0 1 0 1 0 0 0 1
22 1 23 7 15 15 8 7 5 0 3 30 12 338 660 830 145 1662 46 58 49 188 227 97 234 8 97 1079 764 28 368 49 102 229 13 303 68 181 5843 193 537 492 789 79 104 149 941 7756 240 177 1 21 94 250 8 24 1192 556 290 160 3973 3051 5444 1392 5840 766 1464 1033 10656 589 1030 44 95 117 1863 9117 12 1 26 2 159 28 126 220 201 230 761 206 1525 158 1036 86 21 88 1581 73 15 213 251 294 0 2 1 0 1 1 0 17 0 1 0 3 10 10 102 10 22 22 36 217 245 61 68 13 18 7 8 12 0 9 42 12 2 11 4 5 8 2 54 74 79 45 188 7 18 129 519 43 155 1419 27 37 114 1 8 43 6 0 6 15 0 5 1 6 6 8 722 163 48 442 23 31 27 22 212 844 22 48 1292 168 19 36 83 25 352 95 19 45 87 10 3 519 61 17 52 19 7 7 7 5
13 2 10 1 1 3 4 3 5 2 0 6 16 15 48 91 6 123 17 5 10 124 70 24 40 4 21 22 35 5 10 1 2 2 0 12 2 22 59 41 565 125 96 56 118 52 42 1464 569 397 99 458 12 14 94 105 32 9 7 4 220 7730 1444 71 148 81 136 12 589 5982 2934 10 19 47 30 422 25 20 12 215 2627 1135 172 54 55 54 33 3107 1337 276 478 815 2568 1122 2672 2 24 15 51 3 1 2 1 0 0 0 0 0 0 0 0 0 1 1 2 1 1 7 0 15 11 5 3 2 1 2 4 2 0 2 3 0 0 6 0 3 0 0 3 4 10 2 4 36 17 25 50 3 5 33 3 478 465 19 5 129 329 30 376 911 2 0 1 0 1 1 27 22 54 23 4 5 3 2 81 39 622 1169 157 23 3 9 24 3 121 36 557 190 1593 1 2 541 283 3 6 1 1 3 2 5
4 3 3 1 0 2 3 3 7 0 0 4 17 7 10 21 10 78 22 6 7 22 20 3 9 0 5 11 31 0 9 2 4 7 0 4 0 32 60 5 314 44 33 106 150 26 32 8410 131 507 17 261 6 8 26 30 44 14 3 0 289 2608 298 23 92 113 57 22 1030 2934 13855 7 33 56 35 1379 26 17 16 150 3786 1077 49 18 19 14 20 5770 2909 368 729 321 420 382 305 4 27 20 6 4 0 1 0 0 1 0 0 7 0 0 0 0 2 0 1 7 0 9 1 21 9 2 0 3 1 3 4 4 0 0 6 0 0 0 0 1 1 1 4 3 8 7 10 21 29 19 41 4 14 51 4 367 393 11 4 81 274 20 294 820 3 1 0 0 0 0 30 26 69 20 2 5 3 1 101 71 512 1049 198 33 3 4 23 0 170 37 453 181 1451 1 8 605 217 1 7 5 1 2 0 1
70 19 131 71 50 144 36 19 494 97 392 1343 61 4 1 7 14 30 60 12 293 376 93 6 48 8 9 2 381 93 73 252 1480 79 3 1 7 251 18 31 272 7 17 1095 190 143 62 14 5 78 8 14 138 139 24 35 119 50 3 4 69 22 24 8 21 58 474 21 44 10 7 2981 1121 2850 163 24 3013 406 5280 6 10 29 215 233 358 213 32 23 46 33 182 5 5 3 22 401 2744 965 89 7 99 44 104 64 10 472 10 38 21 49 133 664 2 2 0 2 11 3 13 9 131 9 23 65 36 11 5 1 0 1 236 2 172 815 0 136 0 0 461 140 2 6 5 15 233 1 12 6 81 18 6 1 1 0 1 5 9 7 1 4 84 115 13 59 18 0 8 10 2 9 239 92 7 3 2 9 5 2 19 1 679 475 382 3 9 132 4 2 6 17 95 11 5 20 137 89 89 33 0 4
