17.7904299279856 16.5998289543163 24.0362133808051 33.5756379956275 47.7750550825262 46.9192366644205 28.3009253134628 20.8816315344542 73.3623764331524 35.9077860157753 72.646590191385 55.8422368553726 214.137664794922 167.093269348145 136.145496368408 0 155.650309085846 224.292348225911 0 138.094439188639 110.651199270178 130.42316309611 153.600647666238 189.691060384115 149.385985374451 147.815195083618 193.711660385132 180.936548868815 50.1696368989614 27.4317915484752 76.0382505904796 69.8942742471801 113.851006189982 135.726497134647 0 112.528388977051 129.055151621501 158.179548835754 139.785191127232 164.54136912028 91.341371782812 164.685325622559 210.915466308594 201.807642618815 192.282073974609 180.079162597656 156.934441460503 206.442684173584 157.754211425781 231.713180541992 140.664173126221 159.590107405813 112.81844211958 87.245988908658 117.493125554678 102.887000744963 62.5694682810566 110.815581083298 0 162.030227661133 147.525005340576 207.224597167969 207.697159830729 174.937594095866 196.866650263468 0 95.5067389908657 140.868774414062 191.567389748313 179.130321796124 193.38387298584 137.385988289969 164.171173442494 126.467501976911 134.880372463129 189.673278808594 117.757716178894 0 142.315600308505 154.791601998465 180.486418951125 182.773887634277 118.359374499776 102.406560506399 105.785330235476 91.0719288371553 141.286003112793 175.940910339355 193.809226989746 0 185.567279815674 144.722665805261 163.630141636111 170.115149064498 175.226003011068 65.7165631168293 94.0446029663086 58.8121249628585 137.491440512917 122.065271165636 180.173844401042 162.026864188058 162.517527103424 176.702104187012 0 167.34793667677 0 141.876976013184 182.212901524135 145.081380844116 149.450062971849 162.87872225567 0 0 210.883148193359 0 0 0 191.00634765625 233.585708618164 205.923074631464 0 208.910415649414 194.938812255859 209.221305847168 0 0 0 0 0 168.4431328867 144.016510009766 152.574673820944 151.975652962677 0 174.488483204561 0 0 183.138007178673 212.478759765625 0 0 0 194.788543701172 187.514775739397 0 188.55094909668 0 212.664166768392 193.437133789062 221.386693318685 0 0 0 0 0 231.027900695801 235.435455322266 0 0 222.949136352539 204.445492744446 210.998100280762 180.831705729167 239.458053588867 0 0 0 0 159.111938476562 199.295041864569 189.988840738932 141.00846862793 0 0 0 0 215.329086303711 226.852005004883 0 149.757500747154 161.968685224944 137.072619756063 0 0 152.184923444475 0 0 0 178.292030334473 224.103543795072 0 0 147.278564453125 131.165579080582 179.906887817383 203.076583862305 180.083399454753 0 0
16.5998289543163 11.1956391944397 23.2885717789785 22.0325550982984 13.1986501386694 37.3221268879176 83.3151539218041 35.1829662542234 96.3492797851563 65.3517868859427 156.638656616211 50.2053759055223 0 220.043960571289 0 193.788650512695 135.751796722412 0 129.141677856445 102.859973907471 101.758558391053 127.110345279469 108.358690897624 209.254357910156 162.689036051432 184.848968505859 177.637552897135 159.6882909139 77.4742384055226 26.7069024935133 46.8642197585687 60.1674329340458 101.646861553192 138.293319157192 0 0 108.697597503662 152.026615397135 202.273971557617 172.02518081665 98.0266711922173 134.341552734375 221.2470703125 0 0 0 160.195193481445 0 0 207.180450439453 161.838755289714 170.341161874624 137.41825799097 104.60126914978 131.52587223053 114.825111531766 53.0404766789189 99.6223937988281 0 0 0 242.328536987305 200.342872619629 191.501739501953 177.828213500977 0 94.8605870040687 167.588027954102 165.712768554688 184.911529541016 206.512018839518 109.275458486457 177.228357488459 99.4277705142373 146.137113783095 0 109.510196685791 0 135.70290554271 0 190.072311401367 0 134.428760179423 112.769767582016 115.548845418294 94.1604782467797 94.6484680175781 0 183.095077514648 0 0 161.730727640788 181.685541788737 193.011901855469 204.174233572824 57.2356231862848 93.5977524977464 91.9844581554462 136.008819580078 131.849885304769 171.865295410156 196.152030944824 129.128804016113 170.589795430501 213.955184936523 166.652959311881 148.914222717285 126.908378601074 170.175308227539 125.537951382724 148.578634338379 162.684613671633 0 0 0 0 0 0 0 171.51887512207 199.692926025391 0 0 167.709495544434 183.875249226888 0 194.032608032227 0 0 0 165.254252943882 0 159.721739335494 148.582811258607 0 156.529429716222 0 0 151.968536812919 161.308598836263 0 0 0 193.513412475586 175.702111521075 0 0 0 155.463108062744 0 0 0 0 0 0 0 238.571441650391 223.242546081543 0 0 224.646604537964 209.693583679199 211.154586791992 188.177527291434 142.863052368164 0 0 0 0 0 197.142381668091 180.064367675781 0 0 0 217.352478027344 0 0 215.196891784668 0 144.599719328039 147.492175612339 112.176590367367 0 0 128.031658172607 0 0 0 173.371925354004 220.349879455566 0 0 178.184844970703 117.187974817613 184.798532586349 190.302645169772 187.93431854248 0 0
24.0362133808051 23.2885717789785 13.9946626603307 18.1525468523604 101.038598333086 37.728139523266 56.1148131372005 16.8485880919283 69.9808782339096 15.1550235507441 111.653464862279 22.6660357028972 0 190.697723388672 179.047454833984 0 147.31011835734 168.194519042969 213.970218658447 226.109649658203 107.358701810732 122.799652099609 0 189.018653869629 146.043224681507 189.012171427409 190.309111277262 147.448398590088 86.1638443611202 66.5251046963433 96.2579051242786 133.761556379257 132.58745481703 151.081360680716 154.194259643555 0 201.183926391602 176.786656466397 206.842333984375 176.575271606445 97.5757710214389 188.280197143555 221.202974955241 177.956506729126 184.979370117188 213.424499511719 183.011293199327 223.844326782227 186.282989501953 211.14089457194 155.377845673334 169.378303428749 132.487533253712 105.241905471514 133.02597021601 114.034942730053 76.949695262042 183.721455165318 170.163055419922 179.519378662109 222.211786905924 210.319707234701 201.142021942139 195.232304164342 198.817919921875 218.225929260254 102.575139020047 145.725492204939 201.049553912619 183.736029052734 179.432245890299 121.924935843198 172.598068569017 108.880614322495 166.911645933639 205.249816894531 106.740193301684 128.999295552572 119.62859080388 172.413402981228 191.930168660482 172.539619445801 131.808107711744 112.766712525811 114.686067675868 94.6127084293721 151.656177520752 196.729644775391 213.981460571289 213.314798990885 201.543688964844 160.425775036369 176.221446644176 176.109175545829 203.243324866662 84.0837125905355 83.9195821762085 83.8256311211822 130.729306977371 135.012253243583 167.052020050759 159.003055381775 105.197946275274 165.779224940709 170.759828567505 160.121967763553 166.199903488159 119.193354107085 138.331549462818 118.858830365268 139.017011871338 155.425246419907 214.525390625 234.656616210938 210.247573852539 0 0 0 203.95979309082 183.433746337891 196.15793753959 212.473533630371 232.678512573242 171.162168714735 189.142960611979 176.440582275391 179.167549133301 234.076293945312 0 0 167.663410042817 149.015350341797 147.395391723256 144.921274917805 0 149.726969533152 0 0 153.701696893971 165.268195175543 148.83479309082 219.607650756836 0 195.317234584263 177.026508585612 222.52619934082 187.170036315918 175.335578918457 194.450894442472 195.231292724609 219.046229044596 0 0 205.308578491211 0 0 229.858435058594 228.952865600586 241.478912353516 0 215.335641915458 203.367352701823 202.185290996845 180.277807088999 147.737337285822 227.214752197266 211.857086181641 223.309631347656 0 168.867902119954 192.93494802808 174.352850987361 157.510167439779 0 186.419860839844 198.640701293945 246.777694702148 231.513046264648 182.947537740072 236.216079711914 138.715512603521 147.166435470581 116.000297102817 0 0 128.997231708873 0 187.811477661133 211.137707519531 189.981181751598 214.020561680649 230.847747802734 203.567291259766 154.012793223063 117.311123341527 168.152988267981 196.821288028006 179.537481943766 213.19319152832 185.169392903646
33.5756379956275 22.0325550982984 18.1525468523604 11.144608504764 14.8187539659775 18.2895028236955 79.3774888780382 74.1929464880026 89.2155253092448 57.5644226074219 120.416118621826 27.6915780712593 0 144.709688822428 150.129898071289 0 109.835092544556 0 117.996067047119 120.210876464844 93.6695923618764 112.536444396973 107.774227687291 187.662114461263 128.489522298177 0 117.648643493652 94.4508743286133 64.3663618666844 33.599986897412 36.9439287209905 76.6951370239258 93.2002819982068 111.604739952087 0 0 110.345064798991 122.216867198115 157.179576873779 189.977333068848 91.3174004194871 0 0 135.881235122681 0 132.618408203125 138.087388356527 203.011306762695 0 0 160.625371932983 172.609436035156 131.685142634465 102.063358013447 138.77481678554 111.998773342226 45.4177336527202 94.9423554738363 0 148.049087524414 135.53759765625 173.835014343262 198.883010864258 180.500762939453 135.338704427083 0 90.4032410460633 85.0284461975098 159.402033124651 175.740570068359 176.770294189453 107.25948656109 144.240923309326 89.8282146192577 117.527210969191 244.691757202148 79.9360731565035 108.881721496582 100.309721604833 0 184.771301269531 0 132.775605184382 109.859896807603 109.942761900564 86.9510950874864 120.540166219076 0 0 0 228.513854980469 157.031924777561 191.100301742554 0 194.624740600586 49.500799574942 84.5137392939353 86.9119558581417 122.721116872934 81.4698301616468 166.433761914571 156.673441836708 140.871030689625 158.986848914105 148.307362874349 157.501106106505 170.854544067383 124.965129470825 167.086691856384 124.235861264742 143.352503061295 151.765832160991 0 0 0 0 0 158.964182535807 145.903045654297 169.601791381836 147.055500030518 200.809631347656 0 165.560017512395 177.249389648438 157.269332885742 209.219833374023 0 0 0 158.391335187639 136.38695526123 144.944394457471 140.436330619835 0 147.808435642973 0 0 140.241770901523 156.97460705301 0 179.119995117188 0 186.928469340007 174.736124257572 193.236373901367 178.220082600911 0 124.566474914551 197.790023803711 209.393783569336 246.564208984375 0 221.933547973633 209.772735595703 183.414962768555 243.440307617188 242.220504760742 0 0 214.460243225098 203.912256443754 217.297088623047 178.910559517997 130.827529907227 0 0 232.810585021973 0 172.79296875 190.543870925903 175.574280738831 187.343681335449 158.460205078125 0 233.028213500977 0 0 189.762588500977 0 135.024365606274 136.800276097243 103.814555775036 0 0 123.258684519175 0 0 0 173.232088724772 214.771891825908 197.043766021729 0 145.242874145508 117.921145944034 166.602062599332 189.085398081187 169.156930106027 224.4541015625 204.932907104492
47.7750550825262 13.1986501386694 101.038598333086 14.8187539659775 11.0619953202464 21.4509381212881 64.4979841980753 103.360893249512 79.6972961425781 72.6524658203125 85.6532707214355 55.2652712938494 0 97.2736835479736 81.0597635904948 95.3374710083008 85.2256815592448 93.869026184082 89.3106918334961 92.3163986206055 83.216595670912 98.3880996704102 80.128345489502 169.410385131836 115.138721466064 0 160.138622283936 109.138375282288 49.3999462735776 25.2479527699857 16.4285750230419 30.9680704197821 57.1301519653048 62.0524830555353 91.629997253418 0 92.0149161020915 80.419654984072 94.2698516845703 110.792211914063 76.3137251536051 0 158.029922485352 151.908569335938 0 104.575899759928 68.1107006072998 145.232055664062 150.27587890625 165.996307373047 128.064712524414 150.611740112305 111.865051452637 83.9920013057075 123.870543670654 98.1620263319749 31.4389001096706 42.4965466117859 58.4951133728027 101.971113840739 98.1715316772461 0 171.952461242676 159.41633605957 131.911420186361 159.389203389486 65.428061413602 98.7177410125732 140.212102254232 174.619216918945 0 66.1637490844727 77.7689801384421 97.2616543579102 58.9335285513318 121.947463989258 0 0 92.9081008217552 199.043914794922 163.72875213623 0 117.230430485047 94.2552919048566 96.7434137474079 74.0581306403791 68.337384223938 0 142.911117553711 0 158.141789754232 136.192633310954 174.380856323242 154.50048828125 170.599604288737 19.6564572039465 61.3093992869059 69.2827773544024 100.990758623396 67.9330362840132 143.320064544678 173.1923828125 186.61164855957 154.128067016602 0 145.346752590603 0 113.356010437012 173.506141662598 0 123.508366902669 149.008859114213 0 0 0 0 0 0 0 189.353805541992 169.511843363444 243.111602783203 160.418401082357 158.513832092285 0 0 123.710655212402 0 0 0 153.897776285807 0 134.321202596029 141.662084726187 0 137.64582824707 0 0 149.688165937151 184.095372517904 210.47119140625 188.108062744141 0 222.642044067383 185.830368041992 0 0 0 177.590393066406 188.347061157227 0 0 0 0 0 0 0 0 0 0 213.123733520508 185.563720703125 0 209.228897094727 118.35359954834 0 0 0 0 0 198.479658338759 169.476490020752 0 0 0 0 0 0 214.033264160156 0 139.181546020508 150.782978602818 123.563583374023 230.31982421875 0 157.430119832357 0 0 0 0 222.549346923828 184.320755004883 0 0 142.774633789063 159.318801879883 171.80891418457 0 0 190.197944641113
46.9192366644205 37.3221268879176 37.728139523266 18.2895028236955 21.4509381212881 9.46686263017721 68.0570215998955 73.8585654213315 70.485973176502 39.357512432596 55.178938073627 16.5555976909986 0 118.154641045464 140.957817077637 0 81.3019651215652 141.133561706543 112.100049972534 77.8539505004883 84.4179724676312 95.3181293675157 93.4921076456706 167.205001831055 120.178148269653 0 145.375219726563 136.659829457601 64.0241180858348 40.399733405464 31.2075654349653 14.7821481706154 44.4587593961091 65.6151495505506 0 88.8075790405273 78.6702409827191 93.4242323338985 92.5032577514648 136.984429931641 86.5173577560944 133.772369384766 171.558876037598 126.185195922852 180.950248718262 107.258725484212 148.46803188324 192.878955841064 209.017349243164 145.800384521484 150.968171553178 179.056812710232 129.199288278256 100.872533216544 130.711219482422 109.176347864736 42.4997946130864 46.3314196986537 238.290161132812 72.1128463745117 123.414079938616 201.274826049805 181.30362701416 158.205504099528 128.531181335449 133.846267700195 89.6626954505693 118.184568786621 156.926860555013 181.416107177734 185.348991394043 83.3730651537577 86.5179127454758 82.082019727658 62.8067439746305 113.719802856445 89.6741070414698 77.1886672973633 84.7243421488795 206.098876953125 200.505676269531 163.882919311523 130.003060364142 104.401067577992 104.218472031649 81.8223936379361 96.6482073465983 0 0 176.822006225586 169.886196899414 160.18905766805 182.75203704834 186.16024017334 189.894311904907 16.9556524495368 70.9834595661537 80.0509283136814 102.85555768013 83.3817337036133 157.409434307052 152.719854047222 116.907889043584 155.465280717419 149.372135798136 147.668781707957 148.480543518066 115.335366312663 141.431288909912 113.568245506287 130.041942996579 144.230791781547 223.254684448242 0 172.174346923828 242.770034790039 0 0 141.388824462891 164.929697672526 178.215840148926 0 177.385543823242 174.688733971637 167.282108851842 167.061309814453 155.79874420166 0 0 0 154.84348979971 0 137.852511607425 133.44576326517 117.845527648926 138.646237347577 0 0 137.999937227457 143.470709533691 0 170.363189697266 0 179.45726691352 171.286639191384 197.26904296875 173.590682983398 148.560623168945 134.479726791382 172.550758361816 0 0 0 191.611587524414 0 189.692794799805 241.812797546387 228.337895711263 233.204391479492 240.439804077148 210.679312628669 197.654529026576 207.033814650315 165.674487936086 135.050592041016 0 188.911834716797 192.669387817383 0 179.2122631073 184.355395353293 168.368971172132 0 0 215.123718261719 0 238.366821289062 0 185.411660766602 219.502670288086 127.664862501855 130.912363488334 98.7852118355887 205.483963012695 217.638320922852 114.427680433842 185.155700683594 0 194.826187133789 169.638178507487 200.928241729736 199.945690155029 0 161.310531616211 105.830593443753 160.48723977511 183.544346056486 182.527382986886 175.45280456543 165.15251159668
28.3009253134628 83.3151539218041 56.1148131372005 79.3774888780382 64.4979841980753 68.0570215998955 14.9843708519619 25.695504205233 27.5504318001943 30.086568548209 41.3566085241991 58.2764917863382 0 106.079895019531 216.004547119141 0 116.443338012695 191.10319519043 0 127.810852050781 122.72850189209 145.261096954346 152.019165039062 195.749786376953 113.273124694824 160.675827026367 164.686513264974 0 32.037039802737 37.947259823172 80.6315635912346 65.8581655083633 104.384848107232 122.428383418492 0 135.108734130859 0 140.381170385024 155.497650146484 0 84.9483493011777 147.515106201172 168.736793518066 118.691787719727 0 156.580795288086 192.740814208984 188.739898681641 0 0 114.262824425331 138.43145275116 91.5658784246922 64.6352054193308 98.6514217492306 89.5068579147111 112.994192643599 87.2395638359918 0 0 169.318832397461 0 207.211359659831 173.89626566569 171.441776820592 111.284881591797 102.828294597688 141.72146097819 174.186613082886 161.910430908203 149.123255411784 86.1002719667223 147.820029518821 122.293047754388 111.935885853238 146.484558105469 65.033412076989 0 114.772437220034 161.928771972656 166.522761753627 0 99.7064102825366 93.0099619174826 95.7194699875852 100.309505123562 129.303825378418 166.493011474609 168.900192260742 0 146.685913085938 132.774175892706 145.157130994295 160.678718566895 185.7643699646 73.1611336564596 27.4150719045511 32.6021044814833 135.637125651042 99.569007396698 168.216720581055 179.452575683594 146.840582275391 186.194107055664 167.756530761719 168.985404968262 112.375045776367 133.578249613444 160.597322463989 131.903779602051 128.173236846924 166.274500983102 0 0 0 0 0 0 0 212.810882568359 186.155181884766 194.583160400391 247.333068847656 185.557024637858 0 0 0 0 0 0 170.255163192749 0 160.960336303711 161.772001266479 0 161.826190948486 0 0 178.388475036621 201.878164672852 0 0 0 0 198.314205593533 0 0 0 0 224.060615539551 0 0 0 0 0 0 0 0 244.661087036133 238.273101806641 228.376373291016 209.191116333008 0 221.623497009277 0 0 0 0 0 0 193.992922973633 0 0 0 204.493194580078 0 0 244.136474609375 219.709991455078 0 159.384618123372 171.328359815809 153.93515141805 0 0 102.569911956787 0 0 199.200668334961 206.094177246094 235.446563720703 0 0 160.196838378906 138.873541695731 63.6492042541504 202.276158650716 203.346000671387 0 0
20.8816315344542 35.1829662542234 16.8485880919283 74.1929464880026 103.360893249512 73.8585654213315 25.695504205233 11.2690380449009 16.3234319615262 15.2649828290054 30.9577729509508 40.9877660127658 0 0 207.267608642578 0 243.152618408203 0 0 0 139.804355621338 138.189625549316 213.208847045898 216.09482828776 148.817788696289 0 183.196818033854 211.515167236328 75.6913375401036 58.2750618256718 142.338842055377 124.24031430199 151.939514833338 158.036784580776 178.977142333984 0 148.806419372559 159.085503896077 0 170.798848470052 92.8944510580111 0 227.799845377604 97.8212738037109 182.1669921875 0 170.03169631958 0 181.245712280273 191.864524841309 146.413887023926 159.675040409483 116.075654145713 89.78098420267 120.302192245705 104.287240758435 97.0225140707833 150.867846171061 210.341217041016 0 221.993316650391 228.601388549805 211.965203421456 209.856239318848 200.859642028809 0 102.772395005867 158.679992675781 204.462729317801 171.182881673177 208.767349243164 147.07691192627 195.509289211697 141.193198717557 163.756487528483 0 80.8904316876386 89.3861516316732 100.997679574149 150.514717102051 184.811297946506 151.766311645508 120.750966832778 106.648082483142 106.422586975704 91.4067420710146 138.481399536133 172.513905843099 204.529576619466 156.680404663086 140.929672241211 145.394151861017 170.714245266385 178.631334940592 206.106239318848 91.0299926108502 62.1276917341279 57.256174391188 131.477418518066 158.083841111925 197.921455383301 0 182.150883992513 156.638900756836 171.155899047852 163.217269897461 126.211051940918 130.545948028564 0 127.054775238037 130.503082275391 157.617476569282 0 0 0 0 0 0 0 0 215.507690429688 0 0 214.617797851562 0 0 0 0 0 0 188.602666219076 0 156.190746307373 175.559109027569 0 239.191299438477 0 0 194.577612304688 216.03405456543 0 0 0 0 200.444988250732 0 0 0 214.335426330566 0 0 0 0 0 0 0 0 0 0 0 0 199.420639038086 0 191.248733520508 0 0 0 0 0 0 226.242858886719 187.682914733887 0 234.928665161133 0 0 0 219.831207275391 0 0 161.486155700684 193.604445139567 179.93656539917 0 0 145.798095703125 0 0 0 0 237.257858276367 0 0 0 141.913505554199 109.85620880127 0 0 0 0
73.3623764331524 96.3492797851563 69.9808782339096 89.2155253092448 79.6972961425781 70.485973176502 27.5504318001943 16.3234319615262 6.0196361414552 19.744800914803 40.9620473965355 62.2815693514688 78.1194555033808 0 212.736389160156 0 0 0 119.303456115723 0 98.5974460177951 117.191473388672 0 0 0 0 0 0 101.653541405996 85.456925201416 68.7970886230469 52.0629206763373 63.215542112078 0 0 0 0 112.841815948486 148.966013590495 0 139.685950237772 111.036849975586 141.450283050537 65.7673460255498 90.6194613160205 104.109500753468 0 138.43274230957 130.052993774414 105.801246817453 0 159.678572221236 52.9600759931085 99.0861792564392 78.3051289876302 135.017246246338 92.0536683400472 230.607696533203 0 0 99.8267211914062 153.562637329102 137.151509371671 0 132.684211730957 90.308095000511 121.147419322621 213.335571289062 128.795855712891 162.281918334961 160.653178623744 51.1859643990212 80.5086447063245 49.07100133036 169.007766723633 125.706224060059 40.1277682503472 51.0820476895287 60.7677150210819 134.900345802307 156.923868815104 121.915716436845 147.371436055501 120.610858917236 155.00431060791 104.755458831787 0 136.889767593212 131.340403336745 114.537322106299 111.084030933869 158.379356384277 0 164.320808410645 137.04019613827 76.8124176551556 24.8070509933058 27.8896470402108 88.1938934326172 121.731483459473 128.477747599284 102.424545288086 151.555892944336 165.066223144531 0 128.583978132768 83.6696670532227 49.700566805326 89.8538757324219 77.0624682108561 89.2179879082574 127.029233683711 0 0 0 0 0 0 0 0 160.963451385498 0 0 145.579818725586 0 0 0 0 0 0 179.556653340658 0 127.302375793457 125.137461768256 0 170.603622436523 0 0 136.822414398193 0 0 0 137.38313293457 0 180.542079925537 229.034439086914 148.661834716797 180.908760070801 181.412239074707 132.789680480957 0 181.981002807617 181.381317138672 0 0 172.696812947591 175.234069824219 0 0 230.747701009115 187.728004455566 215.278915405273 0 0 0 0 138.544136047363 0 0 118.999821980794 174.939385986328 132.982004801432 0 0 156.541198730469 205.499542236328 235.762573242188 189.616851806641 169.835975646973 168.384826660156 106.933646635576 142.549604143415 115.024412536621 0 163.381351470947 118.936347961426 0 104.432739257812 231.001892089844 0 0 165.459630330404 0 0 91.0244557062785 46.8803342183431 0 0 0 0
35.9077860157753 65.3517868859427 15.1550235507441 57.5644226074219 72.6524658203125 39.357512432596 30.086568548209 15.2649828290054 19.744800914803 9.02170840192572 14.1088831526294 17.4466067651924 105.629783630371 0 189.995513916016 0 0 0 212.284454345703 0 144.238474527995 109.95149230957 82.522590637207 0 0 193.913421630859 0 0 86.2799787902832 71.8776083553539 58.4852231343587 75.3494398328993 77.2345487154447 146.623828887939 0 0 83.4143524169922 136.488128662109 0 162.048446655273 96.0244294506008 0 198.588989257812 88.236067199707 118.817693328857 133.063919067383 0 0 0 140.676198323568 135.1318359375 151.388407389323 103.91927927482 87.6093887450203 118.776984474876 102.28700764974 99.661610921224 0 0 120.594276428223 0 245.630752563477 0 188.303909301758 195.060104370117 154.570238749186 111.777370300293 0 0 205.882484436035 0 62.53001429371 161.211090087891 76.9297528948103 168.945404052734 0 63.2350435810704 76.4597035921537 90.2839938944036 172.012542724609 0 0 121.359678095037 108.723304748535 111.590799490611 95.1290609571669 0 194.093078613281 175.972183227539 125.203498840332 136.586847577776 159.244575500488 163.97694905599 0 0 43.8558276327033 13.95388645104 49.2320242529609 0 193.219818115234 133.183060430711 145.245738983154 126.215342150794 134.715487046675 137.03991394043 128.975364829921 109.703581376509 78.9986119211456 125.41747379303 83.1603019977438 108.179601141747 124.909780859947 0 0 0 0 0 0 0 0 185.609535217285 0 0 181.198944091797 134.328094482422 0 0 0 0 0 152.747775123233 200.92561340332 116.824994188674 120.667863982064 0 148.849569702148 0 0 131.414168617942 131.119161605835 0 0 0 182.515640258789 170.184439522879 0 0 0 0 0 0 0 0 192.81413269043 0 0 0 0 0 0 204.207555135091 183.962711334229 129.683929443359 166.506191253662 131.392497253418 0 0 194.651672363281 0 0 177.965213775635 163.600570678711 0 0 0 0 247.312316894531 202.475082397461 173.672798156738 0 111.525044624379 126.654528691218 98.069157409668 0 214.089050292969 102.215820200303 0 157.959503173828 170.808959960938 173.923141479492 187.913930257161 191.044281005859 0 170.877380371094 78.8612951660156 90.0946428635541 207.202438354492 0 0 0
72.646590191385 156.638656616211 111.653464862279 120.416118621826 85.6532707214355 55.178938073627 41.3566085241991 30.9577729509508 40.9620473965355 14.1088831526294 6.92351277764345 15.8845119755266 0 106.669120788574 0 0 89.5478668212891 125.61096572876 73.0141677856445 0 86.9842367172241 86.0288398049095 72.59641456604 0 74.126594543457 0 0 0 93.0388226228602 88.964058802678 93.5967464447021 30.4310965538025 37.7546339352926 73.3146095275879 0 0 0 225.517295837402 0 0 91.9422958775571 0 0 87.9164257049561 134.065609741211 0 104.178211212158 0 0 0 159.586776733398 206.356872558594 108.256245006214 92.9474895701689 123.870173863002 0 60.1211853027344 0 0 0 102.368565877279 0 192.060882568359 0 194.373107910156 140.151298522949 88.4021476745606 0 209.952799479167 0 0 26.721730905528 107.223124186198 67.0489326925839 127.66835530599 0 52.4416650995916 80.3193283081055 49.7207761894573 0 0 0 121.040823849765 100.630771636963 101.440129793607 77.7490795680455 0 0 186.934600830078 0 202.918144226074 149.137466430664 0 0 0 35.9901339587043 22.2674331583528 59.5549348586098 93.5156326293945 0 138.545141474406 133.817554219564 135.691925973603 133.638575744629 130.009988149007 126.629195707698 114.296450446634 92.6315665611854 130.846662347967 87.4193823827456 108.431699066162 123.209159458144 0 0 0 0 204.97184753418 190.460556030273 0 0 127.969123840332 0 0 150.521216392517 148.553670247396 0 0 0 0 0 136.038379743987 0 119.977674369352 114.074960649628 0 127.510425567627 0 0 116.487768346613 145.281050682068 0 0 0 173.45930480957 153.728536478678 150.960876464844 0 160.488077799479 106.860244750977 206.951156616211 0 0 0 0 0 142.440567016602 0 0 211.106140136719 225.799631754557 189.718566894531 176.040519265568 183.595174153646 149.054749922319 125.270259857178 0 0 0 0 0 167.289968542151 141.138695853097 0 0 0 165.925445556641 224.192192077637 0 167.414772033691 0 106.382810917607 113.16854778089 82.0364883824399 0 196.222015380859 85.1659744050768 171.077117919922 175.090026855469 207.945007324219 171.634845733643 182.869356282552 175.951919555664 0 125.652374267578 81.5487491853775 122.882188568115 160.429663340251 177.51969909668 224.851486206055 0
55.8422368553726 50.2053759055223 22.6660357028972 27.6915780712593 55.2652712938494 16.5555976909986 58.2764917863382 40.9877660127658 62.2815693514688 17.4466067651924 15.8845119755266 12.3964433127394 107.367660522461 108.35691278631 113.047662734985 104.759407043457 92.5875676472982 82.7787887573242 100.938323338826 92.855275290353 91.1571766493056 94.8230996046238 81.7527916356137 202.757444763184 117.65479516983 147.193405151367 199.200439453125 186.313873291016 89.8265120674878 57.974311704814 57.4102357196808 23.6400703793776 30.8018071599657 75.7513117399372 0 0 99.0256378867409 74.2016334127873 101.882282481474 113.267830984933 100.569898011669 139.552209854126 181.315210342407 55.3260293324788 149.37442955604 112.03536270604 134.657734171549 189.822578430176 196.721298217773 185.630017961775 169.188200378418 199.36032409668 132.12574473466 115.655442935317 140.207186698914 125.230489656523 74.2295964798837 61.7364290298954 0 213.217864990234 110.024820767916 193.015798950195 190.562351573597 188.655868530273 141.341272207407 152.455073765346 101.298470140865 95.0822341918945 136.425470987956 178.653175354004 189.782787322998 43.5804842837427 73.3564753819661 78.4661778967998 80.7149409484863 155.294818115234 77.1123404562623 104.548063550677 65.060102635582 193.101432800293 204.238901774089 160.761749267578 142.15290936873 112.972775532116 113.447163659444 89.9956652280228 122.695240565709 187.437484741211 195.32124546596 228.437942504883 167.837412697928 174.165410359701 187.133744981554 163.949890136719 193.864666408963 37.6311064612961 42.9548363295118 82.9445616172821 98.762596039545 128.122004985809 153.620518047139 150.414136460248 95.7013317032864 154.301422932305 151.581079949273 145.293910753178 146.644712560317 111.46429968096 72.2774061317797 106.674630781533 127.087029720096 141.654045527834 159.706359863281 0 0 0 147.425399780273 144.920593261719 161.72319539388 190.320973714193 146.472211114291 177.295281304253 181.656374613444 164.667587764679 169.953663825989 152.652019500732 166.96408996582 0 0 0 155.24768626051 187.512288411458 132.146641326824 130.116975173027 0 142.232691668824 0 0 132.074570447549 145.942807096594 0 178.623970031738 0 182.704614366804 163.394709738956 215.87459564209 150.628324127197 135.739074707031 134.857375590007 173.515246304599 178.986444091797 0 0 195.616022745768 0 173.105501174927 231.130214691162 221.81350962321 0 238.887325286865 208.720601474538 191.187360207596 197.332784941702 167.45228497112 133.755916171604 0 0 206.008441925049 217.756149291992 161.045537312826 181.6619525117 161.293182274603 138.148458480835 0 0 188.846145629883 235.26083946228 0 187.545439500075 0 124.444236311013 129.299783328881 94.5780268938114 194.036860148112 186.011403401693 108.533128161763 223.529922485352 161.91530863444 202.292611016168 175.977713521322 203.308426920573 195.359431216591 217.498352050781 149.670668945313 102.364876902381 151.169800116581 183.400489807129 165.248560125178 227.294136047363 185.734519958496
214.137664794922 0 0 0 0 0 0 0 78.1194555033808 105.629783630371 0 107.367660522461 13.2896013430585 0 141.565837860107 118.47226691246 54.7774984338781 24.4662877068001 30.4472784698915 48.5490710139275 160.83992767334 156.379180908203 119.728651864188 77.3546569824219 120.581031799316 95.1475143432617 68.1851340073806 63.8912375955021 125.108520507812 0 154.00798034668 0 74.4995269775391 62.3032169342041 0 0 0 61.9810266233867 62.0790312025282 163.939811706543 83.2809554013339 74.1665832519531 81.8417901259202 21.0845472255592 19.0963838290342 24.7675548817074 151.933832804362 84.6239511966705 83.5463373661041 51.6701115347018 0 116.443572998047 132.701415061951 150.890411376953 123.852684020996 147.094085693359 129.773780822754 119.828239440918 0 0 64.6033613416884 95.997813056497 95.1593791198731 67.7561659812927 97.8226134560325 31.3348673007418 144.647559165955 0 119.007477442424 112.769917488098 109.408118304084 75.0203461568864 71.9301274708339 35.7737345848688 0 72.4500840839587 60.6443988331203 34.2149417065738 57.1155629581875 96.4051701472356 109.209712324471 75.7087165932906 195.492218017578 138.609664916992 0 147.653260803223 179.79719543457 86.9175416742052 75.0689045528196 45.917474345157 50.8168119514513 122.076148986816 133.437481689453 110.432048797607 90.0965148463394 0 64.5444380729429 95.0423428115024 156.571243286133 91.6445388793945 0 138.758148193359 0 0 161.240814208984 140.838317871094 0 132.063323974609 0 100.79207611084 132.779525756836 211.289352416992 116.145330429077 95.1196253299713 83.8538980322369 140.25447845459 115.850557963053 107.270902563024 116.623382568359 91.7589887842402 138.551924035904 105.873639013253 116.906189812554 157.495433807373 174.345405578613 144.156005859375 149.04670715332 129.359122140067 0 108.331171247694 160.862988891602 152.809463500977 152.092002868652 0 107.51139831543 156.420720418294 121.859748840332 109.192710876465 130.402043151855 126.353439966838 89.8456960042318 111.336311340332 95.5688233328338 109.857681274414 176.635803222656 120.439978599548 88.9073432473575 73.9481236983319 117.108038425446 94.8238887509903 163.691184997559 185.501373291016 137.762474060059 0 0 116.470863342285 161.737121582031 0 168.94829305013 160.510494995117 0 201.396987915039 0 205.809051513672 134.788354492187 107.655773162842 91.0184507602599 121.875110149384 115.235216413225 46.3864314193589 202.94907270159 160.337822914124 149.042603386773 135.525947570801 101.08457837786 101.656904278379 0 174.823348999023 114.749992059202 117.960852486747 123.174465179443 94.6485214233398 56.0540539685418 139.523195539202 122.847034454346 143.269584655762 0 91.751352098253 166.965665181478 207.548751831055 221.116241455078 122.492379702055 139.173000335693 148.531185150146 119.866416931152 177.794967651367 0 0 0 162.918563842773
167.093269348145 220.043960571289 190.697723388672 144.709688822428 97.2736835479736 118.154641045464 106.079895019531 0 0 0 106.669120788574 108.35691278631 0 18.3392465914261 16.7705018991174 41.9524192675974 22.4122789836511 54.2226448288883 94.5644045378032 92.0710966322157 80.5330399858191 89.1062327960065 54.5592987566578 76.669116848647 52.0111800685073 48.4617551141204 34.5292551998308 27.9179427865525 101.464392277232 125.189463688777 66.2240138660778 72.8963969304011 85.6273560957475 59.3205871456548 23.0702473585274 19.3354263268975 15.575467269691 84.2804627027668 42.3161241123819 41.1468393836703 74.63289725766 74.6125285204719 82.4789979161029 128.932235717773 115.392040252686 117.964759281703 43.1362637987949 108.53117452349 96.6340582275391 129.090225219727 158.593393961589 173.095458984375 154.487675835105 126.869747400284 146.578951517741 131.008068847656 83.4257344681284 51.7737521080744 22.6443903885109 31.7053229647865 111.723606533474 115.955794685765 91.2763863098927 67.9155865302453 67.3316824807661 125.697642803192 101.049086121952 35.0458112737678 74.126810909023 135.407158915202 139.016213553292 142.898727416992 133.713350931803 56.1993087465972 65.0437402871041 96.5426430702209 167.856887817383 0 133.930725097656 0 172.325897216797 0 151.656742334366 128.893114610152 122.744994470629 100.068243320172 66.0209277107267 138.601079305013 132.4623046875 126.567920684814 122.078444925944 120.048158125444 128.289554595947 124.776336669922 95.1829977109451 79.4649072885513 72.1522369384766 107.210259524259 92.0971967523748 68.2233649190267 0 146.311386108398 0 0 0 143.084106445312 0 190.479110717773 197.238433837891 0 0 0 119.7569278624 105.254644838098 129.992525967685 113.318645749773 112.657964494493 113.227726464523 111.473132295429 118.420301172289 123.869254170849 122.97190699338 118.023626170439 117.820236792931 132.31408352322 112.387319564819 110.094135284424 146.739059448242 127.199703216553 118.694209936893 177.839447021484 0 156.955780029297 129.520473480225 0 135.068130493164 123.289323488871 110.348275926378 119.571071200901 119.518662117623 128.841013590495 118.582428693771 136.07767868042 186.958694458008 150.152527304257 148.598200480143 150.833488464355 135.788375854492 104.213931743915 145.459877386326 129.42734954834 194.450729370117 198.048746744792 221.178421020508 0 0 0 222.426879882812 0 0 171.29524230957 187.256065368652 171.392272949219 184.482284545898 0 115.978916515004 140.522370910645 153.351007734026 153.495292663574 119.625776672363 148.937576293945 154.771854400635 151.83576965332 135.006890190972 142.743392944336 156.598327636719 0 0 184.715717315674 0 127.870526994978 118.672359466553 69.3691278354756 153.036931991577 170.484944661458 98.2392648061116 0 209.713928222656 207.995574951172 139.92552947998 191.356379191081 177.399940490723 162.443155924479 158.529125213623 0 0 165.361074829102 132.344787597656 161.36100769043 122.535118103027
136.145496368408 0 179.047454833984 150.129898071289 81.0597635904948 140.957817077637 216.004547119141 207.267608642578 212.736389160156 189.995513916016 0 113.047662734985 141.565837860107 16.7705018991174 8.11399769049305 21.1061972486457 17.4958188265808 38.8853740950082 42.845784456302 10.8388311002974 78.5996881723404 87.0493353566816 56.2674951585347 78.9749749266071 93.9662503781526 57.2083526904766 37.2521308265306 26.05011495027 105.267139473347 88.8252296447754 75.2398867997967 83.8869740622384 85.8108796339769 70.4826312697077 36.8436569418143 29.7412256507088 85.4717278253464 90.4588059385618 33.0353803772225 56.282352485887 72.5073330623184 68.3273478786341 83.4665346578332 109.138896942139 120.115879058838 80.0741279390123 60.6022164617266 100.118580196215 91.1333512970895 120.58471402255 0 170.192504882812 156.679882526398 138.066321018764 146.898618062337 108.357866923014 85.7251026153564 56.4794821341833 24.1546175973655 41.8339403502795 70.7912359467472 113.87839040035 93.3947142283122 71.1246971816159 57.9910131202286 101.226569747925 113.501360027607 62.4119350832722 61.5105360117826 130.738590876261 128.208076477051 91.3659973144531 103.690126691546 56.6428680105524 66.1511091493134 91.5793844129218 0 119.212978363037 194.546794891357 188.044708251953 180.118061065674 155.328514099121 158.462457021077 130.46523675686 115.036728193175 105.999777264065 68.8635593270356 137.783818817139 128.06348126344 118.808224042257 121.705063325813 116.608350192799 120.857096862793 126.364570306272 96.2512899154783 76.1937662012437 201.051818847656 113.296645669376 98.7650856018066 75.3598044077555 0 179.907737731934 0 227.10432434082 0 0 0 184.082702636719 0 0 0 161.618057250977 115.115426563081 104.457052510579 130.723141352336 108.397255947715 104.852857253131 114.524670259452 110.297629660748 117.998393877418 120.579568232734 122.072437703834 116.552091434302 121.729969611535 132.88161277771 116.508501226252 103.298140843709 139.666580200195 131.252235412598 113.398878330138 230.667541503906 0 196.725471496582 127.030924115862 156.851135253906 142.256546020508 118.676174364592 113.12705485026 125.907435280936 121.02065713065 139.144673347473 115.211806770805 135.012069702148 0 143.317303584172 169.660875320435 134.033154296875 116.858642578125 102.002285548619 125.421600944118 119.090958855369 164.820602416992 194.672958374023 0 0 154.457214355469 0 0 0 248.728485107422 174.805440266927 0 0 0 129.716461181641 118.040489912033 146.033247555003 151.54931233724 143.548585891724 110.142095419077 167.137111028035 174.084921700614 0 135.963904486762 167.194320678711 166.160937173026 215.00855255127 0 165.945969172886 153.249443054199 127.147911071777 119.407447228065 73.2356970214844 136.285326385498 168.365350341797 95.3704783121745 0 147.505429585775 196.583840942383 155.034535725911 170.572357177734 192.977847290039 173.899742126465 196.945861816406 116.579574584961 0 159.045279608832 134.944978713989 0 131.884314400809
