31242 10074 16143 1479 816 1600 10700 20309 531 5734 100 1700 1 3 0 0 2 0 0 2 151 102 6 7 13 2 9 13 6793 7228 323 59 133 46 2 0 4 6 1 3 1678 14 10 0 2 3 6 11 42 7 36 112 743 784 547 133 79 17 1 0 7 34 13 3 12 0 158 4 38 39 20 63 17 10 74 5 15 2 24 2 65 2 1336 610 1056 131 20 40 37 5 16 228 62 50 40 72 142 2847 35 9 2 2 62 41 0 93 7 4 32 25 74 28 0 0 0 0 1 0 0 0 1 0 1 1 0 1 1 0 0 0 1 0 10 19 0 15 0 0 13 5 0 2 0 0 11 0 1 0 2 1 1 0 0 1 0 0 4 0 1 2 0 0 0 0 1 0 0 0 0 0 2 0 1 0 0 0 3 0 2 0 30 17 4 0 0 19 1 0 4 0 2 0 1 5 54 0 1 0 0 0
10074 16468 10124 13431 2194 4455 1032 912 139 1262 613 3382 0 1 2 1 0 0 0 0 416 362 14 9 33 2 3 4 873 2313 357 46 76 35 0 0 2 10 5 2 2167 3 11 0 0 1 11 5 31 0 20 69 446 594 306 91 103 14 1 0 4 22 16 4 4 0 442 17 15 22 7 44 20 10 42 2 8 0 11 3 43 3 1042 740 1507 281 18 28 27 4 7 138 45 27 30 39 72 428 88 12 12 2 160 135 10 320 16 18 53 91 269 141 0 0 0 0 0 0 1 0 6 0 0 4 2 1 1 0 0 0 3 0 37 67 0 48 0 0 32 19 0 1 1 2 13 0 0 0 1 0 0 0 0 3 0 1 2 2 0 0 3 2 0 0 8 0 0 0 0 0 5 1 1 0 0 2 1 0 2 0 135 53 9 0 1 60 2 1 2 1 4 0 0 26 243 11 7 2 0 0
16143 10124 17720 6941 337 12417 680 5587 338 7710 1102 23271 0 0 2 3 0 4 1 0 399 312 7 5 28 7 7 1 512 669 121 20 62 46 0 0 2 11 2 4 2602 10 15 1 2 2 10 4 32 2 40 82 424 606 358 122 48 17 0 1 3 15 16 3 0 0 351 17 18 29 16 45 15 21 47 7 5 0 17 0 66 2 1255 806 1599 273 21 31 39 3 26 184 44 39 35 37 119 308 73 14 16 3 244 166 10 391 15 21 60 98 287 132 0 0 0 0 0 0 1 0 5 0 0 5 1 0 1 0 0 0 6 1 42 65 1 38 0 0 18 16 0 1 1 1 11 1 1 1 0 0 2 0 1 1 0 2 2 2 2 1 4 3 0 4 9 0 0 0 0 0 1 0 2 0 0 0 1 0 4 0 136 61 19 0 0 55 2 1 3 0 3 0 1 18 173 13 4 0 0 0
1479 13431 6941 20747 10487 13988 140 172 31 506 270 5642 0 0 1 0 0 1 1 2 231 261 5 4 24 1 2 2 298 1578 1791 119 96 30 0 0 1 8 1 0 812 0 3 1 1 0 8 2 9 0 4 18 170 276 105 37 85 5 0 0 2 8 9 0 4 0 264 2 8 12 3 31 8 7 29 0 1 0 14 1 9 0 403 348 637 196 5 6 9 1 6 30 3 15 13 17 48 100 51 6 11 2 111 95 6 220 7 14 29 43 201 99 0 0 0 0 0 0 0 1 4 0 0 3 3 1 1 0 0 0 5 0 29 46 0 27 0 0 12 11 0 2 0 1 6 0 1 0 1 0 0 0 0 0 0 0 1 2 0 0 4 1 1 5 3 0 0 0 0 0 8 0 1 0 0 0 0 0 1 0 74 38 2 0 0 38 0 0 2 1 4 1 0 15 140 5 3 2 0 0
816 2194 337 10487 11066 9760 256 211 33 263 143 6841 0 2 0 3 3 0 0 0 256 404 36 6 39 6 4 15 1467 6540 8470 1373 1341 331 0 0 2 50 1 1 491 3 7 1 0 0 5 6 10 2 5 22 240 364 136 21 1317 66 1 0 6 7 10 2 12 0 459 11 40 12 6 253 135 8 227 2 3 0 47 0 13 0 345 298 524 224 4 6 7 0 3 51 7 10 18 1811 35 275 105 16 4 4 33 51 4 135 3 7 10 21 117 56 0 0 1 0 1 1 0 1 8 1 0 6 4 1 0 0 0 0 3 0 28 44 0 21 0 0 15 8 0 0 1 1 4 0 0 0 4 0 1 0 0 0 1 0 2 0 1 0 2 0 0 0 9 0 2 1 0 0 2 1 4 1 0 1 0 0 3 0 65 32 4 0 0 34 0 0 0 1 2 1 0 17 65 3 8 0 0 0
1600 4455 12417 13988 9760 10984 513 370 79 874 284 12988 0 2 2 2 1 0 1 0 421 629 51 7 28 4 4 7 729 4079 4359 6242 4806 555 0 0 6 95 6 1 990 5 8 1 2 1 2 5 14 0 8 16 284 316 170 51 193 96 0 0 3 19 12 5 8 1 369 5 23 8 3 715 270 29 154 5 5 0 123 1 23 3 522 410 781 287 12 9 10 2 5 60 15 16 25 312 106 285 124 5 23 6 393 180 18 363 16 16 50 67 336 158 0 0 0 0 0 0 1 0 9 0 0 8 15 1 4 0 0 0 8 1 72 119 2 62 0 1 29 14 0 1 1 4 23 1 2 0 8 1 0 0 0 5 0 0 0 0 0 0 5 6 1 3 10 0 0 0 2 0 11 1 4 1 1 3 1 0 0 0 213 80 11 1 0 74 2 2 5 0 5 1 0 39 217 17 6 1 0 0
10700 1032 680 140 256 513 9831 16199 2999 2658 36 781 0 2 2 2 0 0 1 0 23 41 7 4 6 0 9 7 1663 2092 159 93 152 31 0 0 1 6 4 2 302 1 5 1 1 2 9 6 13 7 22 68 878 719 500 60 33 12 0 0 3 16 11 1 13 2 50 3 33 24 7 62 13 7 47 5 23 1 19 2 39 5 666 208 169 31 3 12 22 5 7 143 37 18 11 53 175 6479 11 8 0 0 8 10 2 28 2 4 6 8 20 13 0 0 0 0 0 0 0 0 2 0 1 2 0 0 1 0 0 0 0 0 3 10 0 7 0 0 3 7 1 0 0 0 2 0 0 0 0 0 0 0 2 0 0 0 1 1 0 1 2 0 0 0 0 0 0 0 0 0 0 0 0 0 0 1 1 2 0 0 11 6 0 0 0 8 0 1 1 0 0 0 0 1 19 0 0 0 0 1
20309 912 5587 172 211 370 16199 28102 8807 32137 150 1131 3 0 4 1 0 2 1 2 64 53 10 5 9 1 2 2 488 1197 127 57 91 24 0 0 3 11 2 3 1372 10 9 2 1 1 6 7 33 4 38 76 645 519 473 108 22 10 1 0 6 24 8 3 4 1 75 7 15 34 15 144 16 6 33 6 44 1 44 2 62 5 1095 454 657 66 12 35 37 6 13 236 51 36 30 24 378 2749 14 11 2 0 41 37 1 66 6 3 108 29 64 28 0 0 0 0 0 0 0 0 0 0 0 3 0 0 0 0 0 0 0 0 8 9 0 13 0 0 6 2 0 1 0 0 3 1 1 0 1 2 1 1 1 0 0 0 5 1 1 3 1 1 1 0 2 0 0 0 0 0 0 0 0 0 0 0 4 1 4 0 22 17 7 0 1 20 1 0 4 2 0 0 0 3 46 2 2 0 0 0
531 139 338 31 33 79 2999 8807 3239 3714 194 276 32 0 0 0 0 0 1 0 13 25 4 0 0 0 0 0 62 149 29 44 240 48 0 0 0 22 0 0 64 0 1 15 86 13 0 0 2 121 9 44 160 45 38 15 5 2 0 0 3 3 1 0 1 29 7 0 4 2 7 666 127 73 7 4 560 71 354 20 21 74 69 22 31 5 1 99 45 76 35 17 7 3 3 12 3288 934 2 0 1 0 16 8 1 21 0 2 7 12 21 11 0 1 1 0 0 0 0 0 1 1 1 1 0 2 2 0 0 0 0 0 3 3 0 6 0 0 8 4 0 0 1 1 2 0 0 0 2 12 1 1 0 0 0 0 1 0 1 1 0 0 0 0 2 0 2 3 3 2 1 0 0 0 1 3 1 2 16 2 11 12 4 0 3 5 0 0 3 0 0 4 0 1 19 1 2 1 0 0
5734 1262 7710 506 263 874 2658 32137 3714 41975 14614 25150 2 1 0 0 2 2 0 1 98 96 8 1 17 2 1 0 222 587 122 73 446 37 1 0 1 7 1 4 1150 2 3 5 17 3 2 4 19 19 23 79 365 304 252 75 29 9 1 1 4 22 6 3 5 8 112 2 9 20 7 1348 56 55 30 8 629 19 359 5 37 5 725 310 569 74 8 29 40 12 11 160 36 24 21 19 5409 1074 19 3 22 3 407 342 12 670 42 52 150 268 622 248 0 1 0 0 0 0 0 1 5 0 0 7 5 2 5 0 0 0 10 0 57 98 0 45 0 0 22 15 0 2 1 3 16 2 2 0 2 0 0 0 0 1 0 5 2 2 2 4 6 2 2 9 13 0 2 0 1 2 2 3 4 2 0 1 1 0 4 0 183 57 40 0 1 120 4 2 3 0 14 6 1 25 501 35 6 0 0 0
100 613 1102 270 143 284 36 150 194 14614 4986 6408 0 0 0 0 0 1 0 1 38 48 1 1 2 1 0 1 28 123 80 29 438 8 0 0 0 8 0 1 273 1 0 0 1 0 0 1 5 3 5 10 47 49 28 10 4 3 0 0 0 4 2 0 1 1 26 0 5 1 3 556 9 11 6 0 138 4 127 0 5 1 101 47 117 10 1 6 3 0 3 15 6 3 1 8 1005 68 7 0 23 7 296 290 11 532 24 28 80 153 482 224 0 0 0 0 0 0 1 0 1 0 0 7 2 0 2 0 1 0 6 1 81 90 1 30 1 0 15 10 1 0 0 3 10 0 2 0 0 0 1 0 0 1 0 2 2 1 0 1 6 2 3 4 13 0 0 0 0 1 12 1 5 0 0 0 2 0 6 0 187 42 18 1 0 89 1 1 5 0 7 3 2 29 325 19 8 1 0 0
1700 3382 23271 5642 6841 12988 781 1131 276 25150 6408 35098 0 0 3 0 0 2 0 2 522 685 38 6 51 3 2 4 579 4074 3802 1431 3427 98 0 0 2 34 0 3 990 3 5 1 1 1 11 1 11 2 18 33 212 301 176 41 109 26 0 1 3 11 9 1 6 0 275 7 14 22 6 607 61 44 58 0 25 1 112 0 15 2 531 416 687 271 12 11 9 3 4 76 19 24 13 147 889 429 136 13 79 22 1232 900 57 1864 61 65 247 403 1569 782 0 0 0 0 1 1 0 2 6 1 1 30 20 8 5 1 0 0 23 1 292 418 2 193 0 0 76 43 1 3 1 12 63 2 3 1 4 0 3 1 1 11 0 3 3 11 0 4 13 4 2 19 61 0 0 0 1 1 27 4 18 0 1 1 3 0 4 0 762 236 41 1 1 362 10 3 3 2 31 4 3 129 1090 55 33 9 0 2
1 0 0 0 0 0 0 3 32 2 0 0 4582 0 3 2 12 275 3408 116 0 1 0 23 0 0 13 21 2 0 0 0 13 5 0 0 3 238 8 0 25 11 98 5839 1250 4213 1 9 1 138 0 2 3 0 1 0 0 1 0 0 37 11 10 95 62 3568 3 1 17 4 4 93 536 661 0 12 285 90 620 2 6 7 0 0 1 1 0 29 156 315 248 13 0 2 25 0 185 1 3 0 0 0 2 0 1 4 0 0 1 0 2 0 0 25 365 11 6 64 4 742 43 159 7 2 1 1 0 37 0 56 0 1 0 1 0 7 0 2 23 16 371 2 175 2 2 31 131 16 34 1691 1 5 14 1 4 20 1 1 0 3 1 0 0 0 3 0 253 251 93 349 1 0 6 0 31 237 5 7 750 91 1 5 58 2 56 9 0 13 18 0 1 59 6 1 3 1 0 0 0 0
3 1 0 0 2 2 2 0 0 1 0 0 0 5290 7925 83 133 72 8 1 1 11 183 253 0 10 1563 656 27 7 5 1 2 212 5213 5038 1765 61 50 992 553 13 114 0 0 3 125 7 7 0 0 0 5 11 1 0 25 338 537 226 5 22 64 106 135 0 26 149 109 6 1 0 1 8 124 5 0 0 0 0 0 0 3 4 1 1 0 0 3 1 8 6 1 5 36 6 0 9 0 7 0 0 0 0 0 0 0 0 0 0 0 0 37 29 2 14 3 48 16 22 28 98 83 1 0 5 7 5 9 13 0 0 0 2 0 4 21 4 9 5 6 17 0 0 0 5 0 0 7 4 0 0 0 0 0 0 0 0 0 0 0 0 0 0 2 2 0 1 2 0 0 0 1 0 1 3 1 1 0 0 0 2 8 0 0 0 0 0 0 0 0 0 2 0 0 0 0 0 0 0
0 2 2 1 0 2 2 4 0 0 0 3 3 7925 29163 8798 490 4764 178 256 21 44 1037 1038 8 66 2591 3658 49 12 14 1 9 288 2639 854 301 88 782 940 2624 252 434 2 4 25 68 94 110 1 12 2 17 19 13 0 43 445 146 161 216 107 84 144 911 2 33 216 967 45 20 1 2 30 187 51 0 0 1 1 20 0 12 10 8 15 1 8 58 8 88 154 7 59 164 28 0 5 3 11 0 0 0 0 0 1 0 0 0 0 0 1 133 125 16 69 14 149 45 125 139 392 185 4 3 8 18 25 37 143 2 2 1 5 3 7 82 12 49 36 61 136 33 0 5 27 3 1 57 29 7 1 4 0 1 0 0 2 0 3 0 0 0 1 4 20 13 24 5 5 2 1 4 1 5 24 0 5 20 2 1 24 47 0 3 2 0 0 2 1 0 4 9 0 1 0 1 3 1 3
0 1 3 0 3 2 2 1 0 0 0 0 2 83 8798 21010 274 8279 1827 1816 8 19 382 962 10 17 1234 2241 26 5 5 0 7 131 77 4 446 333 1546 75 1127 267 335 6 4 36 17 28 59 0 7 0 10 6 7 0 11 85 12 33 303 50 15 45 340 3 22 52 298 23 12 3 3 48 54 39 0 0 1 0 9 0 5 8 5 7 1 8 30 3 70 77 3 44 103 6 0 2 7 2 0 0 0 0 2 0 0 3 0 0 0 0 79 189 61 50 12 171 17 440 82 502 47 1 4 19 4 62 33 336 0 1 0 1 3 5 54 3 24 20 220 43 84 2 7 43 4 3 78 85 1 5 4 0 0 1 0 2 0 3 0 0 0 1 4 3 9 42 14 10 1 0 6 0 7 33 0 2 13 1 3 19 72 0 4 8 0 0 3 1 0 3 9 2 6 2 0 0 1 0
2 0 0 0 3 1 0 0 0 2 0 0 12 133 490 274 2692 740 1986 1570 13 37 306 282 6 73 104 59 5 4 0 3 5 194 62 18 519 2850 70 99 493 58 141 29 8 195 38 8 21 6 1 1 1 2 4 0 14 194 92 128 614 23 8 15 65 9 14 71 102 17 6 2 9 136 92 21 1 0 4 2 2 0 7 3 1 3 2 4 19 6 52 22 1 14 45 7 0 3 2 6 0 0 0 0 1 1 0 0 0 0 1 0 420 204 13 209 49 57 115 38 477 372 343 19 26 32 119 58 128 205 3 1 1 17 2 26 299 68 180 72 14 521 8 3 18 97 2 4 174 18 41 6 4 3 6 0 0 4 0 2 0 5 0 3 9 106 2 53 12 2 16 11 9 10 1 20 3 6 30 4 6 90 111 1 3 19 0 3 0 9 2 9 24 10 0 2 6 9 3 15
0 0 4 1 0 0 0 2 0 2 1 2 275 72 4764 8279 740 14182 4677 1693 3 39 328 3441 9 10 3773 971 11 10 0 0 53 192 126 4 798 1428 1812 48 1378 392 1380 52 33 6453 49 100 103 6 5 1 5 8 8 3 8 52 23 13 2646 128 103 292 560 224 19 21 545 41 21 4 42 172 25 125 1 0 6 0 15 0 15 6 7 14 2 21 101 22 166 123 5 72 228 8 3 1 7 0 0 4 0 0 2 1 1 6 0 0 1 0 20 737 969 103 28 528 16 2411 220 1576 65 5 8 4 8 487 15 1211 4 3 4 10 16 44 24 5 72 72 1724 15 1207 15 27 221 103 66 199 1277 2 26 20 3 4 5 1 1 0 4 0 0 0 0 27 8 78 625 174 161 5 1 38 5 104 446 3 14 83 15 3 28 300 2 30 21 1 4 5 1 0 26 40 11 10 1 2 0 1 0
0 0 1 1 0 1 1 1 1 0 0 0 3408 8 178 1827 1986 4677 44435 6403 0 41 124 460 5 44 596 104 0 2 2 1 18 53 18 1 368 4284 81 63 413 111 309 4541 563 4259 20 38 50 104 2 14 1 2 4 1 1 7 5 2 1438 44 26 83 54 1265 4 7 47 16 24 10 85 5182 5 56 20 6 40 12 28 28 4 5 6 6 2 66 309 366 771 38 5 30 138 2 23 1 3 0 0 3 0 0 4 1 0 6 0 0 0 1 723 1300 579 407 95 1723 211 3759 1201 5135 1043 25 20 64 128 431 272 1954 9 5 3 21 9 69 514 78 346 216 1516 588 530 18 38 311 77 45 639 1044 32 32 26 8 12 27 2 17 0 8 0 2 1 2 29 109 117 322 96 253 11 10 37 14 75 309 10 18 473 110 14 171 1586 2 66 70 0 15 17 1 1 93 57 17 33 0 3 12 5 17
2 0 0 2 0 0 0 2 0 1 1 2 116 1 256 1816 1570 1693 6403 3413 6 25 218 681 1 89 173 42 2 1 0 0 4 52 7 1 74 378 158 289 546 123 306 413 57 424 25 9 71 16 3 6 1 3 5 0 9 42 8 10 699 31 18 22 83 37 5 28 89 19 13 0 7 523 15 26 2 1 3 4 9 6 7 5 4 4 4 10 46 32 118 63 5 51 123 2 2 0 2 2 0 0 0 0 2 0 0 1 0 0 1 0 707 590 23 313 47 245 138 139 615 1171 434 13 14 56 122 168 214 600 2 0 3 11 8 23 488 53 143 70 58 643 25 7 19 127 8 3 269 46 21 8 1 8 8 1 1 12 0 1 2 2 0 7 11 106 5 69 19 15 4 9 9 7 10 31 6 2 41 10 5 41 192 1 5 10 1 3 7 6 0 16 34 2 3 1 5 5 2 11
151 416 399 231 256 421 23 64 13 98 38 522 0 1 21 8 13 3 0 6 9169 9721 1071 46 207 63 8 10 68 237 195 138 394 744 0 0 27 262 6 13 459 11 38 0 1 4 27 10 3 0 1 1 13 34 15 552 51 232 3 10 10 44 34 9 19 0 34 105 54 15 3 110 207 55 609 0 3 0 41 0 5 1 95 36 3147 96 42 2 3 2 8 20 2 17 49 403 30 31 434 12 0 1 5 6 4 15 0 0 2 1 21 20 3 0 0 0 2 0 3 0 21 4 8 7 14 3 6 1 0 0 5 2 17 36 0 34 1 0 54 34 2 7 0 2 15 3 0 0 9 0 4 0 0 0 0 0 0 1 0 0 4 2 0 1 13 3 0 0 0 0 4 2 4 4 0 3 0 0 1 0 60 68 21 0 1 31 0 0 1 3 3 0 0 9 23 0 6 3 0 0
102 362 312 261 404 629 41 53 25 96 48 685 1 11 44 19 37 39 41 25 9721 42462 6982 1762 6112 3317 120 36 299 410 266 302 961 3098 7 0 108 1480 38 748 1161 355 1052 41 3 17 466 21 234 3 15 13 115 186 68 114 200 1171 13 68 63 372 303 51 59 5 486 518 155 301 50 260 850 237 2446 42 6 0 123 0 62 0 867 589 4719 2206 279 12 79 17 118 227 40 238 1167 1102 57 68 6351 50 1 2 7 1 6 18 0 0 3 5 31 13 8 2 2 3 26 6 29 4 192 7 56 41 33 19 41 7 3 4 10 2 22 81 7 118 19 14 234 186 4 49 4 3 38 12 0 0 142 11 39 2 3 3 1 0 1 5 1 2 4 8 0 10 40 9 6 8 1 0 33 16 9 18 4 6 1 0 23 7 67 283 82 5 4 66 0 1 4 11 14 6 7 20 34 0 20 16 1 6
6 14 7 5 36 51 7 10 4 8 1 38 0 183 1037 382 306 328 124 218 1071 6982 12419 7522 170 4768 157 195 144 79 37 44 247 1881 19 5 664 1539 235 473 5942 1428 931 15 3 33 240 15 174 2 8 4 35 61 20 5 142 667 47 175 114 61 33 14 61 2 190 891 98 45 16 66 268 44 861 19 3 0 34 0 12 0 56 79 193 132 71 9 31 7 51 114 10 81 238 236 17 12 88 20 1 0 2 3 1 2 0 0 0 0 8 3 12 4 3 7 4 11 9 15 52 27 37 9 13 4 9 5 2 13 2 0 7 12 1 26 8 4 80 23 14 25 13 2 11 5 1 2 35 13 14 1 4 1 1 0 0 0 0 0 1 0 0 0 7 7 1 4 3 2 11 5 3 6 2 4 1 0 6 0 26 56 21 1 0 19 0 2 0 1 2 2 0 5 5 0 7 5 0 4
7 9 5 4 6 7 4 5 0 1 1 6 23 253 1038 962 282 3441 460 681 46 1762 7522 12959 406 5358 5570 1525 142 14 13 2 16 227 391 53 440 330 896 6243 2040 4001 4237 21 4 927 2450 9 317 0 9 2 80 150 41 7 160 434 759 131 1007 78 69 590 278 9 643 513 83 77 12 3 23 45 130 17 0 0 7 0 29 0 60 179 93 337 87 8 33 11 244 126 12 136 489 16 3 8 208 70 0 0 0 0 1 0 0 1 0 0 1 0 51 59 44 17 14 130 21 304 88 260 116 3 1 1 10 16 11 52 0 0 0 1 2 11 24 4 37 21 117 51 46 1 5 11 5 1 40 209 3 4 1 0 0 1 0 2 0 2 0 1 0 0 1 10 27 41 20 4 0 0 2 1 4 45 1 2 50 7 2 13 41 0 7 5 0 1 4 0 0 9 3 1 0 0 0 2 0 0
13 33 28 24 39 28 6 9 0 17 2 51 0 0 8 10 6 9 5 1 207 6112 170 406 11846 2006 78 3 160 33 40 7 32 96 2 0 7 76 7 5066 123 65 413 1 1 5 3112 16 45 0 5 4 200 440 76 18 376 70 11 0 18 246 289 47 11 0 1798 270 67 142 22 9 34 17 915 5 1 0 4 0 25 0 347 797 843 3890 3309 6 15 5 45 48 10 74 658 72 2 3 6201 860 0 0 1 0 0 2 0 0 0 0 1 1 1 0 0 5 2 4 5 0 27 1 14 1 2 3 4 0 0 0 0 0 1 5 0 8 3 5 31 13 0 8 0 0 0 1 0 0 11 2 4 1 2 1 0 0 1 1 0 2 0 0 0 0 3 3 0 3 2 0 3 2 0 1 0 2 0 1 12 1 4 31 6 1 3 6 0 1 6 0 1 7 1 1 6 0 0 2 0 1
2 2 7 1 6 4 0 1 0 2 1 3 0 10 66 17 73 10 44 89 63 3317 4768 5358 2006 4539 360 3 33 2 2 1 8 14 19 3 36 94 6 3086 771 183 332 7 1 5 926 0 48 0 2 0 29 89 12 2 32 9 12 1 9 33 30 6 3 0 346 23 6 17 3 3 17 9 12 3 1 0 2 0 5 0 36 134 72 283 138 3 7 4 16 34 3 31 152 6 1 1 152 10 0 0 0 0 0 0 0 0 0 0 0 0 13 9 0 11 5 30 10 6 35 43 63 0 2 1 4 3 3 9 0 0 1 3 0 3 15 4 22 19 1 21 0 0 2 3 0 0 15 1 2 1 2 0 0 0 0 0 0 0 0 0 0 0 0 4 1 6 0 0 0 1 2 0 0 3 0 0 1 1 0 7 7 0 1 0 0 0 0 0 0 0 0 1 1 0 0 0 0 0
9 3 7 2 4 4 9 2 0 1 0 2 13 1563 2591 1234 104 3773 596 173 8 120 157 5570 78 360 27473 10578 209 37 29 1 4 640 8591 481 1010 238 373 3331 139 57 778 8 1 282 1163 17 21 2 1 2 76 120 27 3 301 1242 1208 569 271 55 93 913 989 7 401 806 149 16 6 2 1 120 354 5 0 0 2 0 4 1 55 81 49 135 25 2 8 0 75 10 3 18 112 27 2 17 93 122 0 3 0 0 1 0 0 1 0 0 0 0 82 255 83 69 19 407 24 1224 136 851 169 1 1 11 10 85 34 356 4 0 0 6 2 11 56 6 42 36 472 50 130 2 4 43 12 4 84 213 1 5 3 1 2 4 1 3 0 0 1 0 0 0 12 7 26 76 24 11 0 0 15 1 16 94 1 1 36 5 3 14 189 1 6 8 1 0 2 0 0 1 7 2 3 1 0 0 0 0
13 4 1 2 15 7 7 2 0 0 1 4 21 656 3658 2241 59 971 104 42 10 36 195 1525 3 3 10578 10204 240 72 53 2 14 459 568 41 562 188 5457 74 493 116 217 9 1 463 87 33 9 0 0 0 46 84 22 2 222 969 240 275 315 36 75 1566 3528 16 218 536 528 4 5 2 8 47 476 22 0 0 1 0 2 0 40 43 26 47 4 2 6 2 58 17 3 2 40 83 0 24 32 83 0 0 0 0 3 0 0 0 0 0 0 0 14 121 308 29 10 155 8 1401 83 303 42 2 0 5 1 104 5 198 1 0 0 6 0 11 12 1 39 33 875 15 446 3 4 66 52 18 50 1114 0 2 5 0 1 0 0 0 0 1 0 1 0 0 5 4 146 365 108 42 1 0 9 0 25 217 2 3 102 10 1 19 48 1 11 2 0 1 1 0 0 5 7 4 2 0 0 1 1 0
6793 873 512 298 1467 729 1663 488 62 222 28 579 2 27 49 26 5 11 0 2 68 299 144 142 160 33 209 240 29473 11101 2918 182 345 390 22 3 51 74 35 34 261 20 143 3 1 9 146 198 34 2 22 54 3984 9824 788 40 5558 386 16 4 44 906 626 163 377 1 5921 351 1295 252 67 75 59 21 2440 31 7 0 23 2 71 0 733 581 201 99 473 19 42 5 51 123 29 70 438 1041 36 3649 156 676 2 3 22 21 5 52 1 2 6 9 63 29 0 0 0 0 0 0 1 0 13 4 2 8 5 4 1 0 0 0 1 1 24 36 1 19 1 0 19 14 3 3 1 0 4 0 4 0 7 6 0 1 2 2 0 0 2 0 2 3 1 1 0 0 3 0 3 2 1 2 12 3 2 2 0 1 1 0 8 4 72 34 4 0 1 25 1 0 2 0 6 3 0 9 41 5 3 2 0 0
7228 2313 669 1578 6540 4079 2092 1197 149 587 123 4074 0 7 12 5 4 10 2 1 237 410 79 14 33 2 37 72 11101 16607 9000 944 1191 436 7 0 22 71 10 8 899 8 21 1 1 6 11 40 36 0 49 67 917 1210 432 77 4937 107 2 1 12 119 52 14 69 2 1035 16 244 33 11 273 103 13 570 15 13 1 73 5 58 4 1037 564 839 202 31 28 46 6 25 186 40 41 52 1209 76 1775 80 51 9 3 76 65 2 150 3 2 19 22 141 72 0 0 1 0 3 2 0 0 3 2 1 7 3 3 3 0 0 0 6 1 35 49 0 38 1 0 14 17 0 5 0 3 18 1 0 0 4 5 1 1 1 1 0 1 2 2 0 4 1 4 0 4 11 0 1 1 0 0 8 3 3 1 0 2 2 1 6 0 103 53 6 0 0 54 2 0 4 3 2 2 0 15 97 7 10 4 0 1
323 357 121 1791 8470 4359 159 127 29 122 80 3802 0 5 14 5 0 0 2 0 195 266 37 13 40 2 29 53 2918 9000 8260 695 646 166 1 0 21 33 5 6 448 4 7 0 0 2 14 28 12 1 10 24 373 635 198 32 7629 94 3 2 6 52 43 13 51 0 1542 23 135 16 9 105 30 9 1555 4 2 0 27 1 16 1 421 385 466 239 41 6 13 3 5 49 10 7 26 871 19 325 198 3771 0 0 17 17 4 40 1 0 2 7 40 23 0 0 1 0 2 0 1 1 4 1 0 4 0 1 0 0 0 0 0 0 6 14 1 11 0 0 9 3 1 0 0 2 3 0 1 0 0 0 0 1 0 1 0 0 1 0 0 0 1 1 0 0 6 0 2 0 0 0 1 0 1 0 0 1 1 1 0 0 23 16 2 0 0 18 1 0 0 0 2 0 0 4 23 1 2 0 0 0
59 46 20 119 1373 6242 93 57 44 73 29 1431 0 1 1 0 3 0 1 0 138 302 44 2 7 1 1 2 182 944 695 7472 8029 1924 0 0 3 55 2 0 243 5 2 0 0 0 2 4 0 0 4 13 63 72 52 12 55 1814 0 3 2 4 2 1 5 0 58 3 8 4 0 626 272 10 1238 1 6 1 88 1 7 0 123 94 173 65 3 6 0 1 3 26 5 3 5 4686 103 95 39 2 10 4 92 101 17 200 4 1 12 21 204 114 0 0 1 1 0 1 0 3 2 0 1 7 7 2 5 2 1 0 7 0 68 112 1 53 0 0 23 14 0 3 1 2 16 1 1 0 2 1 0 0 0 0 0 2 3 2 0 1 5 2 0 5 13 0 0 1 0 1 7 2 4 0 0 0 1 0 0 0 189 80 9 0 0 106 0 0 0 0 9 1 0 42 121 6 7 2 0 0
133 76 62 96 1341 4806 152 91 240 446 438 3427 13 2 9 7 5 53 18 4 394 961 247 16 32 8 4 14 345 1191 646 8029 10269 7809 0 0 23 427 10 5 640 8 19 22 12 57 9 9 6 10 8 26 163 181 126 24 101 1822 3 11 135 11 11 5 23 6 167 17 42 19 4 4770 3961 246 2310 7 201 11 569 1 13 5 324 222 380 198 5 12 20 11 35 58 14 11 19 4150 1357 169 109 12 28 17 305 298 49 661 13 24 64 70 739 387 10 8 0 8 6 6 18 3 71 6 22 85 69 12 41 2 10 9 38 2 238 555 8 323 9 4 281 152 4 51 2 11 111 13 3 4 48 14 32 2 0 7 2 5 8 9 0 3 19 21 3 24 90 11 9 13 2 6 70 26 27 17 3 10 5 1 14 7 810 510 91 4 4 438 2 2 2 8 59 5 5 141 503 27 88 19 2 6
46 35 46 30 331 555 31 24 48 37 8 98 5 212 288 131 194 192 53 52 744 3098 1881 227 96 14 640 459 390 436 166 1924 7809 13999 398 146 2187 1871 144 166 1180 48 103 7 3 60 182 98 17 3 17 22 131 224 101 28 287 13816 1818 5188 260 160 212 148 530 2 389 1825 925 38 17 1024 1091 239 6030 62 78 0 204 2 18 0 327 251 492 329 27 18 17 6 51 65 16 13 105 2630 180 67 241 59 6 15 44 43 41 93 5 6 7 7 138 83 23 16 6 13 13 10 24 27 148 31 34 150 156 29 78 19 11 23 29 8 120 359 12 268 29 14 441 241 26 101 6 13 122 20 6 1 103 34 87 2 2 4 0 1 5 16 0 4 22 32 1 14 113 24 14 24 7 1 123 40 48 46 0 21 8 4 25 2 471 617 134 12 4 346 1 1 5 23 43 11 8 79 91 7 95 39 6 35
2 0 0 0 0 0 0 0 0 1 0 0 0 5213 2639 77 62 126 18 7 0 7 19 391 2 19 8591 568 22 7 1 0 0 398 4321 2379 2038 147 13 2084 42 11 188 2 1 2 364 5 2 0 0 0 5 7 1 0 20 325 2133 381 3 8 43 62 33 0 17 248 30 1 0 0 2 30 55 3 0 0 1 0 0 0 4 0 4 3 2 0 0 1 5 3 1 1 35 4 0 3 2 17 0 0 0 0 0 0 0 0 0 0 0 0 64 57 3 31 8 108 16 82 63 269 98 2 0 4 6 6 17 64 0 0 0 2 0 9 38 8 15 10 14 46 3 0 2 7 0 0 32 4 2 2 0 0 0 0 0 0 0 0 0 0 0 1 2 5 0 3 0 0 0 1 3 1 0 1 2 0 2 1 1 3 28 0 0 1 0 0 0 0 0 2 0 0 0 0 0 3 1 0
0 0 0 0 0 0 0 0 0 0 0 0 0 5038 854 4 18 4 1 1 0 0 5 53 0 3 481 41 3 0 0 0 0 146 2379 744 1274 43 3 376 18 0 21 0 0 0 31 1 1 0 0 0 1 0 0 0 0 38 745 635 1 2 6 16 5 0 4 64 9 0 0 1 0 1 3 0 0 0 0 0 0 0 1 0 0 0 0 0 0 0 0 1 0 1 4 0 0 0 0 0 0 0 0 0 0 0 0 0 0 0 0 0 5 4 0 2 0 2 1 2 5 9 6 0 0 1 0 1 1 1 1 0 0 0 0 0 0 3 0 0 1 1 0 0 0 0 0 0 1 1 0 1 0 0 0 0 0 0 0 0 0 0 0 0 0 3 0 0 0 0 0 0 0 0 1 0 0 0 0 0 0 0 0 0 0 0 0 0 0 0 0 0 0 1 0 0 0 0 0 0
4 2 2 1 2 6 1 3 0 1 0 2 3 1765 301 446 519 798 368 74 27 108 664 440 7 36 1010 562 51 22 21 3 23 2187 2038 1274 2158 2760 167 585 886 71 184 1 0 76 294 32 21 0 3 2 11 20 6 2 63 1693 2241 3069 408 61 92 130 297 3 46 1089 380 15 5 1 21 26 430 32 0 0 2 0 7 1 8 16 18 17 4 4 17 2 38 27 4 20 66 46 1 10 10 15 0 0 0 0 2 0 0 0 0 0 3 0 79 46 10 44 13 15 39 33 142 69 88 31 31 15 61 20 24 55 5 4 1 10 5 21 64 31 166 50 15 149 8 3 17 34 4 2 88 32 52 4 0 1 0 0 2 3 0 1 3 8 0 4 6 33 7 30 2 0 14 19 8 24 6 12 3 0 16 5 7 114 41 3 3 20 0 1 1 7 5 6 9 10 1 0 7 15 4 13
6 10 11 8 50 95 6 11 22 7 8 34 238 61 88 333 2850 1428 4284 378 262 1480 1539 330 76 94 238 188 74 71 33 55 427 1871 147 43 2760 11369 320 113 1088 185 393 1550 153 1801 211 84 49 58 9 14 60 64 27 9 60 1078 411 778 2776 91 74 160 328 239 120 378 479 21 23 219 2095 1540 658 135 92 26 116 6 19 29 98 117 218 158 16 34 180 134 601 53 6 19 150 287 117 9 146 10 7 20 15 24 40 36 5 5 5 4 58 36 421 242 62 245 105 170 339 221 1155 532 703 295 360 116 417 118 149 243 48 30 59 334 14 355 356 127 1494 638 112 937 69 26 178 185 46 8 662 252 314 15 12 8 6 22 6 14 0 4 16 51 3 30 115 164 58 135 44 43 206 125 123 146 32 143 15 5 330 74 246 1329 732 36 47 376 5 5 12 59 65 51 34 56 32 6 162 86 13 89
1 5 2 1 1 6 4 2 0 1 0 0 8 50 782 1546 70 1812 81 158 6 38 235 896 7 6 373 5457 35 10 5 2 10 144 13 3 167 320 10124 9 1386 618 1040 15 6 270 22 483 75 4 3 0 12 15 16 1 28 159 21 39 9001 250 69 291 9222 39 34 88 6878 27 81 4 16 14 89 1286 0 0 4 0 31 0 17 12 9 11 2 48 305 19 618 60 4 28 163 17 0 3 10 5 0 1 0 0 1 1 0 0 0 0 0 1 3 99 457 15 6 76 7 964 71 155 18 0 4 4 2 132 2 203 2 2 0 11 2 11 0 0 36 30 754 3 622 2 6 136 143 30 54 1402 3 23 22 1 3 18 0 2 1 3 0 1 0 1 3 0 193 660 196 81 0 3 13 5 39 351 3 6 239 30 5 17 20 1 31 13 1 7 8 1 1 46 20 1 2 1 0 0 0 2
3 2 4 0 1 1 2 3 0 4 1 3 0 992 940 75 99 48 63 289 13 748 473 6243 5066 3086 3331 74 34 8 6 0 5 166 2084 376 585 113 9 9598 153 133 974 4 1 7 6388 7 16 0 2 3 40 66 11 3 74 354 862 171 12 44 50 62 19 0 364 384 58 30 1 4 16 30 37 1 0 0 2 0 5 0 33 89 34 294 263 1 6 1 11 15 2 15 168 2 0 2 146 27 0 0 0 0 0 1 0 0 0 0 0 0 111 81 2 64 26 103 61 24 204 242 270 5 2 10 27 16 40 62 0 2 0 6 1 17 95 16 77 45 4 137 2 0 5 27 0 0 78 5 5 1 0 1 0 0 0 2 0 0 0 1 0 0 1 26 0 11 2 1 4 4 2 1 2 8 0 2 7 1 1 23 24 0 0 2 0 0 2 1 1 2 4 2 1 0 1 0 2 1
1678 2167 2602 812 491 990 302 1372 64 1150 273 990 25 553 2624 1127 493 1378 413 546 459 1161 5942 2040 123 771 139 493 261 899 448 243 640 1180 42 18 886 1088 1386 153 7721 5691 1162 118 46 529 128 233 3098 46 387 381 292 79 3640 636 155 406 29 65 1330 374 93 43 134 38 157 211 346 484 254 209 360 105 761 638 37 3 118 12 480 66 1022 113 1080 120 73 674 2053 356 2297 3550 404 1263 1118 493 130 116 86 46 2 8 50 38 18 82 2 7 9 14 106 61 6 17 9 6 2 13 4 45 54 44 20 40 35 7 17 9 1 31 11 3 56 144 5 105 6 3 107 75 26 16 11 8 31 14 11 3 33 74 7 22 13 3 0 16 15 8 11 66 8 7 0 6 30 4 16 26 3 13 19 6 13 8 15 32 15 30 97 22 185 177 55 2 22 128 27 16 105 4 8 82 14 31 74 1 29 10 0 4
14 3 10 0 3 5 1 10 0 2 1 3 11 13 252 267 58 392 111 123 11 355 1428 4001 65 183 57 116 20 8 4 5 8 48 11 0 71 185 618 133 5691 7735 7621 33 38 461 177 22 1658 6 14 3 5 19 38 3 17 45 8 5 970 31 6 10 28 12 76 27 80 47 12 3 35 3 29 186 0 0 6 0 20 0 33 28 28 69 16 21 117 87 1291 405 6 133 232 4 3 2 25 5 0 0 0 0 0 0 0 0 0 0 0 0 2 4 5 1 0 2 2 12 10 13 7 1 0 1 2 2 0 7 0 2 0 1 1 3 2 0 5 3 6 6 3 0 2 8 14 0 6 46 1 4 1 1 1 7 0 0 0 1 0 0 0 1 0 0 20 23 4 4 0 1 1 0 9 42 0 2 93 23 1 5 1 0 19 0 0 3 1 0 0 13 5 1 0 1 0 0 0 0
10 11 15 3 7 8 5 9 1 3 0 5 98 114 434 335 141 1380 309 306 38 1052 931 4237 413 332 778 217 143 21 7 2 19 103 188 21 184 393 1040 974 1162 7621 5512 131 156 2770 1750 68 2646 26 18 6 78 154 40 8 191 279 459 59 3630 149 325 5863 158 77 663 359 536 78 24 9 93 20 69 721 1 0 13 0 33 1 96 184 106 401 99 31 250 345 5509 329 16 188 1473 10 9 3 241 59 0 3 0 0 1 0 0 1 0 0 0 0 20 23 60 8 6 42 12 105 55 74 56 1 0 4 8 9 10 25 3 4 0 8 1 13 16 3 29 17 68 12 45 0 1 67 74 5 31 500 3 7 12 0 1 50 0 1 0 6 1 2 0 2 5 7 144 151 42 41 2 2 10 3 70 266 1 8 701 191 4 13 19 2 126 8 1 10 7 1 0 98 24 3 3 0 1 0 0 0
0 0 1 1 1 1 1 2 15 5 0 1 5839 0 2 6 29 52 4541 413 0 41 15 21 1 7 8 9 3 1 0 0 22 7 2 0 1 1550 15 4 118 33 131 6656 2777 1112 8 58 27 753 7 133 1 2 1 2 1 2 0 0 186 43 19 48 24 677 6 1 41 20 32 155 4700 3403 5 81 341 1009 5105 99 75 363 4 3 3 6 2 391 599 901 907 15 2 10 90 3 67 1 1 1 0 2 0 0 2 0 0 0 0 0 3 1 157 82 86 65 39 185 94 470 376 552 310 21 14 17 54 37 45 120 7 2 0 22 8 25 102 23 198 97 143 203 53 4 8 57 30 4 198 307 19 30 34 3 8 43 4 1 4 24 0 4 0 1 11 34 48 85 24 83 12 8 12 7 48 76 6 14 428 81 9 125 420 3 70 35 7 24 45 5 1 114 27 1 4 0 6 3 3 5
2 0 2 1 0 2 1 1 86 17 1 1 1250 0 4 4 8 33 563 57 1 3 3 4 1 1 1 1 1 1 0 0 12 3 1 0 0 153 6 1 46 38 156 2777 6232 2132 3 25 17 4194 11 108 13 0 0 0 3 2 0 0 14 37 20 102 32 3280 3 0 67 20 25 120 513 317 0 26 1226 1528 1683 76 77 429 2 1 0 2 0 499 567 2930 2014 27 4 8 56 2 774 19 0 3 0 2 1 6 0 4 1 2 0 0 7 4 1 1 59 1 0 1 2 25 29 15 4 0 3 1 2 3 0 1 1 2 0 3 0 1 0 0 7 2 29 5 10 1 8 89 131 7 35 569 2 47 116 3 7 143 6 5 5 42 0 1 1 1 7 0 100 86 44 218 2 2 13 0 154 224 16 52 1331 286 8 14 9 3 251 14 23 122 160 0 0 477 61 3 15 1 0 1 1 0
3 1 2 0 0 1 2 1 13 3 0 1 4213 3 25 36 195 6453 4259 424 4 17 33 927 5 5 282 463 9 6 2 0 57 60 2 0 76 1801 270 7 529 461 2770 1112 2132 5792 22 70 66 109 8 2 4 4 19 1 17 15 6 2 2173 59 133 1798 1155 3750 16 21 278 20 19 27 354 146 12 223 74 2 148 0 12 6 7 4 13 11 1 44 214 252 1056 50 3 34 266 4 97 3 9 6 0 2 0 0 2 3 0 5 0 0 2 3 2 83 1573 24 6 56 7 1525 162 258 32 1 3 5 3 227 3 229 6 1 2 12 8 23 1 2 100 53 1040 4 948 7 3 372 666 122 135 4818 1 28 29 4 4 71 1 1 2 6 0 1 0 3 13 6 758 1643 448 863 7 5 22 7 56 1049 3 17 1710 231 7 22 34 3 141 34 2 30 18 0 0 119 45 11 22 2 2 0 3 2
6 11 10 8 5 2 9 6 0 2 0 11 1 125 68 17 38 49 20 25 27 466 240 2450 3112 926 1163 87 146 11 14 2 9 182 364 31 294 211 22 6388 128 177 1750 8 3 22 4225 42 71 1 4 4 119 258 43 2 327 157 1155 47 53 442 716 327 85 2 1031 467 358 221 43 5 28 13 137 28 0 0 3 0 56 0 92 242 121 987 181 8 25 9 99 64 18 140 1143 4 0 2 913 142 0 1 0 0 1 1 0 0 0 0 2 1 37 22 1 17 20 17 55 6 138 48 121 6 2 5 20 11 22 8 0 1 0 11 0 15 25 8 98 58 4 76 1 0 3 14 1 1 65 8 13 2 6 0 1 0 0 0 0 1 0 4 0 0 2 19 3 10 4 1 7 4 2 0 6 9 0 2 24 11 0 38 17 0 5 6 0 0 2 1 0 8 7 2 0 0 2 7 1 2
11 5 4 2 6 5 6 7 0 4 1 1 9 7 94 28 8 100 38 9 10 21 15 9 16 0 17 33 198 40 28 4 9 98 5 1 32 84 483 7 233 22 68 58 25 70 42 24936 90 53 17 9 54 90 53 6 181 189 31 16 365 8499 1304 35 94 26 207 227 5496 477 2344 2 27 4 145 7455 8 1 4 5 392 19 35 44 27 40 14 2221 7811 256 1095 128 19 51 244 27 10 22 28 50 0 1 0 1 1 0 0 5 0 0 0 2 1 1 5 5 0 8 1 10 19 7 4 0 0 2 7 1 2 1 2 1 1 2 0 2 3 0 6 2 7 9 2 1 5 110 35 6 16 42 7 178 241 0 22 201 3 8 8 82 0 2 0 1 2 1 6 68 72 24 5 5 9 2 255 101 35 142 499 113 1 11 5 3 245 28 82 123 392 3 0 693 146 6 7 1 0 2 2 2
42 31 32 9 10 14 13 33 2 19 5 11 1 7 110 59 21 103 50 71 3 234 174 317 45 48 21 9 34 36 12 0 6 17 2 1 21 49 75 16 3098 1658 2646 27 17 66 71 90 12163 10 116 17 20 29 190 27 11 10 6 3 105 114 14 3 3 6 86 42 68 263 72 4 15 7 16 227 2 0 2 4 100 6 125 31 36 63 24 163 741 205 699 8203 112 4860 4194 8 5 4 24 4 0 0 1 0 0 1 0 1 0 0 2 0 2 0 2 1 0 3 0 1 2 3 3 0 0 0 0 1 2 1 0 0 0 2 0 3 0 2 1 2 3 3 1 0 1 6 3 0 0 9 0 5 14 2 0 9 2 2 3 13 0 0 0 0 0 0 1 7 3 3 0 1 0 0 13 12 3 11 42 11 2 6 1 1 17 2 3 3 25 0 0 35 7 0 3 0 1 1 0 1
7 0 2 0 2 0 7 4 121 19 3 2 138 0 1 0 6 6 104 16 0 3 2 0 0 0 2 0 2 0 1 0 10 3 0 0 0 58 4 0 46 6 26 753 4194 109 1 53 10 11961 137 2143 9 1 21 0 0 2 0 0 33 84 15 2 6 850 0 0 100 72 73 77 222 807 2 79 1234 391 886 1435 543 5219 10 0 0 3 0 4219 1826 5451 1026 78 12 24 42 2 901 10 0 0 0 1 4 2 1 1 0 1 0 1 4 2 0 1 3 7 0 3 2 4 9 4 3 2 2 1 3 1 0 2 1 2 0 1 1 2 0 0 12 1 7 7 0 4 10 67 46 1 31 43 2 185 331 8 15 271 96 23 31 215 2 1 0 1 1 2 8 30 77 71 2 1 8 1 167 48 62 193 675 88 3 13 14 4 207 24 108 558 694 2 0 1272 105 2 14 2 0 1 1 0
36 20 40 4 5 8 22 38 9 23 5 18 0 0 12 7 1 5 2 3 1 15 8 9 5 2 1 0 22 49 10 4 8 17 0 0 3 9 3 2 387 14 18 7 11 8 4 17 116 137 11541 16518 24 11 304 19 6 3 0 0 9 48 5 0 2 85 10 2 6 375 80 5 11 87 8 17 39 21 20 1364 1734 263 113 20 15 7 2 419 181 46 71 7621 6257 566 165 7 32 8 0 1 1 1 1 1 0 1 4 1 0 0 2 1 0 0 0 0 0 0 0 0 0 0 0 0 1 1 1 0 0 0 0 0 2 5 0 4 0 1 4 2 0 0 0 1 1 2 1 1 1 0 0 7 6 1 1 4 956 176 460 750 2 0 0 0 1 0 0 0 1 9 0 1 0 1 0 0 231 41 9 1 6 2 6 0 0 6 48 7 111 0 6 24 10 2 7 1 1 0 0 0
112 69 82 18 22 16 68 76 44 79 10 33 2 0 2 0 1 1 14 6 1 13 4 2 4 0 2 0 54 67 24 13 26 22 0 0 2 14 0 3 381 3 6 133 108 2 4 9 17 2143 16518 28115 82 25 552 19 10 3 0 0 3 71 13 3 3 936 12 9 11 256 65 27 46 736 24 3 431 214 193 14340 4916 2326 248 26 30 18 8 1288 317 76 29 2083 2500 116 43 16 334 17 6 3 3 3 1 3 1 4 4 1 2 1 5 2 0 0 1 0 0 0 0 1 1 0 0 1 2 0 2 0 0 0 1 0 1 7 0 10 0 0 5 2 0 0 0 6 5 2 7 0 2 3 0 20 5 11 1 12 4829 1031 1676 1821 24 0 0 3 1 0 0 1 2 29 2 0 3 0 3 0 681 86 22 2 7 9 39 0 0 45 255 39 411 0 15 74 50 1 16 2 1 0 0 0
743 446 424 170 240 284 878 645 160 365 47 212 3 5 17 10 1 5 1 1 13 115 35 80 200 29 76 46 3984 917 373 63 163 131 5 1 11 60 12 40 292 5 78 1 13 4 119 54 20 9 24 82 8176 6466 4915 45 514 102 7 2 20 323 217 45 81 6 771 181 354 92 28 95 62 33 600 12 64 5 46 4 49 7 1203 589 45 107 255 20 26 4 29 244 45 42 226 181 337 3893 107 184 0 2 5 7 3 14 2 0 1 2 29 13 0 1 0 0 1 1 1 1 8 2 0 7 7 1 5 0 1 0 1 0 11 33 1 25 0 0 14 13 1 1 0 0 5 1 0 0 1 1 1 0 0 1 0 0 1 1 2 2 0 1 0 0 6 1 1 2 0 1 5 1 1 0 1 1 1 0 2 0 51 40 5 0 2 29 0 0 1 2 0 1 1 10 19 1 6 2 1 2
784 594 606 276 364 316 719 519 45 304 49 301 0 11 19 6 2 8 2 3 34 186 61 150 440 89 120 84 9824 1210 635 72 181 224 7 0 20 64 15 66 79 19 154 2 0 4 258 90 29 1 11 25 6466 8065 694 7 1004 166 7 2 34 579 450 83 117 0 3512 308 585 155 50 44 70 25 1024 16 6 2 15 1 55 0 1706 5277 159 377 523 17 28 4 27 55 29 72 429 338 31 1612 280 327 3 1 8 9 1 21 1 0 3 4 42 24 0 0 1 0 2 1 1 1 7 1 6 15 6 3 6 0 0 0 3 1 17 36 2 29 0 0 29 16 1 5 0 1 11 0 0 0 6 1 5 0 1 0 0 2 1 1 0 0 1 1 0 0 6 0 1 0 1 1 8 0 1 3 1 4 0 1 5 8 43 40 12 0 5 26 1 0 1 0 2 2 0 5 26 2 8 3 0 1
547 306 358 105 136 170 500 473 38 252 28 176 1 1 13 7 4 8 4 5 15 68 20 41 76 12 27 22 788 432 198 52 126 101 1 0 6 27 16 11 3640 38 40 1 0 19 43 53 190 21 304 552 4915 694 14310 2156 164 39 2 0 28 162 93 12 37 4 201 59 132 155 56 55 59 34 234 25 10 1 27 20 282 20 5454 655 110 143 86 152 147 21 83 1909 308 211 202 91 44 432 60 59 0 2 6 4 6 22 1 0 3 4 19 15 0 0 0 0 1 0 0 1 6 0 0 10 4 1 1 0 0 0 1 1 9 41 1 28 3 0 21 13 0 5 0 1 5 0 0 0 3 1 1 7 1 0 0 1 21 7 6 19 0 3 0 0 6 0 0 0 0 1 2 2 2 1 2 3 6 7 1 0 47 52 11 0 0 29 5 4 14 1 2 6 2 7 21 0 5 0 0 1
133 91 122 37 21 51 60 108 15 75 10 41 0 0 0 0 0 3 1 0 552 114 5 7 18 2 3 2 40 77 32 12 24 28 0 0 2 9 1 3 636 3 8 2 0 1 2 6 27 0 19 19 45 7 2156 2233 15 12 0 1 4 18 16 0 2 0 9 5 15 23 5 9 14 6 38 3 1 0 6 0 18 1 4916 25 2005 37 6 18 21 4 11 112 15 24 24 24 8 14 38 1 0 1 7 0 1 7 0 0 0 1 7 6 0 0 0 0 0 0 0 0 4 0 0 1 1 0 1 0 0 0 0 0 1 8 0 13 0 0 10 2 0 1 0 0 0 0 0 0 2 0 0 0 0 0 0 0 1 0 2 3 0 0 0 2 0 0 0 0 0 0 2 2 2 0 0 0 0 0 0 0 7 10 0 0 1 6 0 1 2 0 1 1 0 1 3 0 2 0 0 0
79 103 48 85 1317 193 33 22 5 29 4 109 0 25 43 11 14 8 1 9 51 200 142 160 376 32 301 222 5558 4937 7629 55 101 287 20 0 63 60 28 74 155 17 191 1 3 17 327 181 11 0 6 10 514 1004 164 15 9396 746 41 4 29 662 752 205 338 1 6621 602 1136 175 53 31 22 4 4730 18 0 0 5 0 48 1 218 268 107 920 1050 7 22 3 39 45 12 42 479 1945 1 169 2460 4988 0 1 2 2 0 8 0 0 0 0 9 5 0 1 2 0 1 1 1 3 3 1 3 3 1 0 0 0 0 0 0 0 0 5 0 10 0 1 8 1 0 0 0 1 1 0 1 0 1 10 0 2 1 0 1 1 1 1 0 0 0 0 0 1 3 1 1 2 1 3 1 1 2 0 2 2 0 2 17 4 9 9 0 0 7 6 0 2 1 0 1 4 0 0 1 0 1 0 0 0
17 14 17 5 66 96 12 10 2 9 3 26 1 338 445 85 194 52 7 42 232 1171 667 434 70 9 1242 969 386 107 94 1814 1822 13816 325 38 1693 1078 159 354 406 45 279 2 2 15 157 189 10 2 3 3 102 166 39 12 746 7548 2533 1821 133 407 456 320 897 0 558 4111 1852 88 37 73 131 17 7484 60 2 0 18 0 22 0 127 139 191 204 56 11 16 3 49 23 5 17 248 1546 8 31 269 486 1 0 5 4 2 14 1 0 0 0 18 11 5 5 5 5 3 12 5 11 28 8 13 11 12 8 11 2 2 2 4 0 4 23 2 25 4 2 44 20 8 7 3 2 7 4 3 1 18 28 3 1 5 0 0 2 0 0 0 3 2 1 0 1 5 2 0 12 0 1 7 3 6 5 1 10 0 1 15 5 36 51 10 0 1 21 0 0 1 2 5 8 1 5 9 1 8 0 0 2
1 1 0 0 1 0 0 1 0 1 0 0 0 537 146 12 92 23 5 8 3 13 47 759 11 12 1208 240 16 2 3 0 3 1818 2133 745 2241 411 21 862 29 8 459 0 0 6 1155 31 6 0 0 0 7 7 2 0 41 2533 3206 3554 20 121 296 264 208 0 49 640 390 26 16 0 1 3 68 8 0 0 0 0 3 0 5 7 1 21 2 1 2 2 11 8 0 6 178 1 1 0 33 19 0 0 0 0 0 0 0 0 0 0 0 0 10 7 1 7 9 5 4 4 27 11 31 0 0 3 2 2 5 4 2 0 0 0 0 1 9 3 7 7 2 25 1 0 2 6 1 0 7 4 2 0 0 0 0 0 0 0 0 0 0 0 0 1 0 3 1 2 0 0 0 0 0 0 2 5 0 0 3 1 0 3 6 0 1 2 0 0 1 0 0 3 0 0 0 0 0 0 0 1
0 0 1 0 0 0 0 0 0 1 0 1 0 226 161 33 128 13 2 10 10 68 175 131 0 1 569 275 4 1 2 3 11 5188 381 635 3069 778 39 171 65 5 59 0 0 2 47 16 3 0 0 0 2 2 0 1 4 1821 3554 1551 18 57 69 128 205 0 8 732 298 9 1 0 3 6 95 12 0 0 0 0 0 0 1 2 5 2 3 0 4 0 6 4 0 1 24 10 0 0 4 2 0 1 0 0 1 0 0 0 0 0 0 0 3 1 0 1 1 0 2 3 8 4 6 1 2 2 2 1 0 2 1 0 0 3 1 4 1 0 13 5 4 5 0 0 1 1 0 0 1 5 1 0 0 0 0 0 0 0 0 0 0 1 0 1 2 1 0 3 4 1 2 1 1 2 1 0 0 0 4 0 2 5 2 0 0 3 0 0 1 1 1 1 1 0 0 1 2 1 0 2
7 4 3 2 6 3 3 6 3 4 0 3 37 5 216 303 614 2646 1438 699 10 63 114 1007 18 9 271 315 44 12 6 2 135 260 3 1 408 2776 9001 12 1330 970 3630 186 14 2173 53 365 105 33 9 3 20 34 28 4 29 133 20 18 11307 165 187 1319 2730 260 83 67 2315 64 66 21 260 40 106 2050 7 0 16 0 25 0 21 21 18 45 7 63 596 59 2080 126 15 83 780 25 8 6 20 11 0 1 2 1 1 2 0 1 1 0 2 2 3 68 472 20 4 55 5 555 97 172 27 7 3 3 0 106 6 146 7 7 1 13 3 16 5 2 60 35 456 9 456 4 3 269 375 53 111 1527 1 29 27 2 2 146 0 5 0 11 2 3 0 1 13 4 254 815 196 202 6 3 25 5 119 738 4 17 1215 237 8 29 36 6 239 26 4 30 22 1 3 221 43 2 18 1 2 3 2 3
34 22 15 8 7 19 16 24 3 22 4 11 11 22 107 50 23 128 44 31 44 372 61 78 246 33 55 36 906 119 52 4 11 160 8 2 61 91 250 44 374 31 149 43 37 59 442 8499 114 84 48 71 323 579 162 18 662 407 121 57 165 10977 5389 404 87 31 1566 866 4878 3959 2689 4 22 8 307 1231 7 1 15 9 1189 71 246 324 249 506 119 1085 3753 318 942 330 199 461 3568 58 15 55 292 214 1 1 1 0 1 0 0 3 1 0 0 0 1 2 5 5 1 6 2 12 13 10 8 1 0 1 8 0 4 1 2 3 0 2 0 2 1 0 8 8 5 10 3 4 7 59 23 2 18 36 0 256 258 6 19 169 24 20 19 244 0 1 0 3 4 1 12 45 75 22 2 5 6 3 170 79 105 260 426 73 4 12 9 1 154 30 208 135 784 0 0 806 145 1 9 2 0 3 0 2
13 16 16 9 10 12 11 8 1 6 2 9 10 64 84 15 8 103 26 18 34 303 33 69 289 30 93 75 626 52 43 2 11 212 43 6 92 74 69 50 93 6 325 19 20 133 716 1304 14 15 5 13 217 450 93 16 752 456 296 69 187 5389 11758 1906 1205 8 1428 773 2757 645 87 2 9 1 291 340 0 2 5 1 55 5 184 263 198 577 113 68 570 104 745 50 16 135 4188 27 5 32 415 315 0 0 0 0 0 0 0 0 0 0 0 0 4 4 10 6 3 6 4 15 16 24 8 1 1 2 1 2 1 5 0 1 0 0 0 2 3 0 8 6 14 3 6 0 2 35 38 1 18 73 2 30 48 0 8 54 2 0 2 14 1 0 1 1 4 0 22 49 35 12 1 3 7 2 83 125 5 21 344 120 0 4 6 1 112 7 5 19 40 0 1 157 42 1 3 0 2 0 0 0
3 4 3 0 2 5 1 3 0 3 0 1 95 106 144 45 15 292 83 22 9 51 14 590 47 6 913 1566 163 14 13 1 5 148 62 16 130 160 291 62 43 10 5863 48 102 1798 327 35 3 2 0 3 45 83 12 0 205 320 264 128 1319 404 1906 3738 4033 57 310 299 889 95 19 2 20 5 114 113 0 0 0 0 12 0 35 49 34 101 20 2 36 12 1834 14 4 37 4104 11 3 10 95 109 0 0 0 0 0 0 0 0 0 0 0 0 7 15 128 6 1 13 4 126 32 32 17 1 2 1 1 21 4 29 3 4 0 2 2 9 1 3 13 4 101 9 102 1 1 73 81 7 27 874 2 8 7 0 1 24 0 1 1 2 0 0 0 1 7 3 242 238 86 59 2 3 7 4 25 319 3 4 798 160 3 7 9 1 96 9 1 5 10 1 0 39 12 0 5 0 1 0 0 1
12 4 0 4 12 8 13 4 1 5 1 6 62 135 911 340 65 560 54 83 19 59 61 278 11 3 989 3528 377 69 51 5 23 530 33 5 297 328 9222 19 134 28 158 24 32 1155 85 94 3 6 2 3 81 117 37 2 338 897 208 205 2730 87 1205 4033 7457 63 343 654 16146 9 5 4 26 9 561 217 1 0 0 0 3 0 55 68 55 51 12 5 28 9 847 11 2 2 90 106 3 43 34 118 0 5 1 0 1 0 0 3 0 1 0 0 4 18 211 7 5 15 6 203 52 65 9 3 3 1 2 32 3 48 1 0 1 4 4 5 2 0 24 16 182 13 210 1 1 122 225 13 40 1456 0 8 3 0 1 33 0 0 0 1 1 2 0 0 5 4 417 528 151 92 3 2 10 5 44 604 2 1 1090 185 6 13 12 3 119 9 1 9 3 1 2 74 17 3 8 1 3 2 3 0
0 0 0 0 0 1 2 1 29 8 1 0 3568 0 2 3 9 224 1265 37 0 5 2 9 0 0 7 16 1 2 0 0 6 2 0 0 3 239 39 0 38 12 77 677 3280 3750 2 26 6 850 85 936 6 0 4 0 1 0 0 0 260 31 8 57 63 1634 3 0 42 10 16 20 117 597 2 30 586 530 256 454 286 799 1 0 1 1 0 553 339 857 1499 20 3 8 37 0 340 3 1 0 1 0 2 1 1 1 0 0 0 0 2 2 1 4 252 1 1 7 0 217 11 62 1 1 0 1 0 16 1 22 1 0 0 2 0 3 0 0 11 3 50 2 42 1 0 17 134 12 23 640 1 14 21 0 2 45 22 5 12 18 0 1 0 2 0 0 57 47 19 644 2 0 1 0 22 60 12 11 344 40 2 9 13 1 28 9 7 16 36 0 2 102 11 0 10 0 0 1 0 1
158 442 351 264 459 369 50 75 7 112 26 275 3 26 33 22 14 19 4 5 34 486 190 643 1798 346 401 218 5921 1035 1542 58 167 389 17 4 46 120 34 364 157 76 663 6 3 16 1031 207 86 0 10 12 771 3512 201 9 6621 558 49 8 83 1566 1428 310 343 3 8011 1307 1366 479 98 34 70 25 3771 57 4 0 15 1 120 1 250 3483 157 2850 2395 21 72 20 102 120 22 150 1489 838 15 50 1822 1900 0 0 6 9 1 16 0 0 2 2 12 6 1 0 1 1 2 0 5 2 8 7 3 5 4 4 8 0 2 0 3 0 6 23 2 14 4 0 39 27 4 8 0 2 5 1 3 0 15 15 6 2 2 1 0 1 0 0 0 1 2 1 0 3 5 2 5 6 3 3 2 3 3 3 7 11 0 5 30 5 21 38 10 0 7 10 1 3 7 0 3 7 2 2 10 0 7 4 0 1
4 17 17 2 11 5 3 7 0 2 0 7 1 149 216 52 71 21 7 28 105 518 891 513 270 23 806 536 351 16 23 3 17 1825 248 64 1089 378 88 384 211 27 359 1 0 21 467 227 42 0 2 9 181 308 59 5 602 4111 640 732 67 866 773 299 654 0 1307 2097 1626 295 86 2 5 2 1670 33 0 0 1 1 83 2 107 150 94 573 531 16 37 5 86 49 23 102 684 17 1 11 891 376 0 0 0 0 0 0 0 0 0 0 1 0 5 2 1 3 2 4 4 7 15 7 11 2 3 1 2 1 1 3 0 0 1 0 0 4 2 1 8 8 7 7 0 0 0 2 3 0 5 10 1 1 2 0 1 3 1 0 1 2 0 0 0 1 0 1 3 6 1 0 0 0 0 0 4 2 0 2 20 2 1 15 1 1 2 2 0 1 3 0 0 6 3 1 0 0 1 0 0 0
38 15 18 8 40 23 33 15 4 9 5 14 17 109 967 298 102 545 47 89 54 155 98 83 67 6 149 528 1295 244 135 8 42 925 30 9 380 479 6878 58 346 80 536 41 67 278 358 5496 68 100 6 11 354 585 132 15 1136 1852 390 298 2315 4878 2757 889 16146 42 1366 1626 8406 308 521 3 42 16 1280 5424 2 0 7 1 132 2 238 271 200 266 38 244 1441 200 2193 72 11 78 1223 269 2 148 182 428 2 0 0 0 2 4 0 4 0 1 1 0 8 17 34 9 5 16 4 52 73 54 10 2 6 7 10 4 1 13 9 10 3 7 5 10 9 7 62 12 53 32 16 2 4 328 204 19 86 347 12 144 194 4 18 356 2 9 1 40 0 1 0 4 15 11 126 335 102 71 12 11 43 8 558 735 25 80 2107 610 3 35 17 12 809 48 7 99 122 3 4 831 203 7 17 0 5 5 2 6
39 22 29 12 12 8 24 34 2 20 1 22 4 6 45 23 17 41 16 19 15 301 45 77 142 17 16 4 252 33 16 4 19 38 1 0 15 21 27 30 484 47 78 20 20 20 221 477 263 72 375 256 92 155 155 23 175 88 26 9 64 3959 645 95 9 10 479 295 308 10364 3069 5 15 11 44 193 12 5 10 83 2361 217 151 137 86 231 62 1162 895 147 309 1182 1465 1604 1302 27 10 16 112 42 1 1 1 0 0 1 0 1 1 1 0 0 1 1 0 3 1 0 1 6 5 7 2 0 0 1 3 0 2 0 1 1 2 3 0 2 1 0 3 2 1 6 0 3 5 17 16 3 5 9 3 202 84 9 6 63 145 125 155 954 2 0 0 0 2 1 5 10 35 25 0 2 4 1 39 15 470 419 114 17 2 7 16 2 34 28 466 94 1147 0 1 323 132 1 21 0 1 0 2 0
20 7 16 3 6 3 7 15 7 7 3 6 4 1 20 12 6 21 24 13 3 50 16 12 22 3 6 5 67 11 9 0 4 17 0 0 5 23 81 1 254 12 24 32 25 19 43 2344 72 73 80 65 28 50 56 5 53 37 16 1 66 2689 87 19 5 16 98 86 521 3069 15293 3 9 10 39 441 17 4 23 40 7293 184 51 36 23 48 10 1953 1904 123 278 493 123 263 203 16 15 7 26 11 0 0 0 0 0 0 1 3 0 1 1 0 0 1 1 5 0 2 1 1 3 6 1 2 1 5 4 1 0 0 1 0 1 3 0 1 0 0 3 1 4 5 0 4 6 11 10 2 6 8 1 220 120 10 11 63 74 70 83 676 0 0 0 1 2 0 5 8 17 15 1 1 2 2 34 22 280 401 136 22 0 5 18 1 14 19 455 90 1105 0 4 408 104 1 6 0 0 0 0 1
63 44 45 31 253 715 62 144 666 1348 556 607 93 0 1 3 2 4 10 0 110 260 66 3 9 3 2 2 75 273 105 626 4770 1024 0 1 1 219 4 4 209 3 9 155 120 27 5 2 4 77 5 27 95 44 55 9 31 73 0 0 21 4 2 2 4 20 34 2 3 5 3 3619 4230 651 154 4 5414 178 3516 9 19 49 111 73 113 44 3 64 40 60 49 21 1 3 15 665 6356 177 30 0 26 23 334 320 63 635 18 14 82 51 747 396 7 2 2 1 5 2 19 4 94 3 23 91 75 22 29 6 3 4 30 2 264 562 5 324 11 7 237 139 5 41 2 21 114 8 7 2 59 15 41 2 1 14 1 1 11 4 1 4 19 14 1 18 83 5 5 2 3 0 67 18 37 14 0 6 7 0 23 4 986 537 141 2 3 549 3 1 9 11 39 5 2 111 556 19 76 15 2 8
17 20 15 8 135 270 13 16 127 56 9 61 536 1 2 3 9 42 85 7 207 850 268 23 34 17 1 8 59 103 30 272 3961 1091 2 0 21 2095 16 16 360 35 93 4700 513 354 28 27 15 222 11 46 62 70 59 14 22 131 1 3 260 22 9 20 26 117 70 5 42 15 9 4230 6438 3218 338 38 783 448 4435 39 43 121 140 133 181 133 3 143 204 269 365 39 7 9 59 613 721 21 91 2 2 19 47 42 39 97 6 10 13 4 148 83 97 32 21 59 59 47 143 92 692 137 289 245 257 79 203 37 43 44 40 19 113 511 17 554 85 43 1310 614 39 344 13 14 200 59 21 4 509 92 171 11 10 11 3 18 14 12 0 14 20 56 2 34 144 64 27 40 11 17 164 92 81 94 13 50 9 10 168 29 524 1503 739 15 17 523 5 4 13 52 76 40 19 110 99 5 209 101 10 63
