30661 5410 11903 1021 1394 3508 8273 10814 281 2076 180 2520 0 0 6 9 34 8 0 2 183 93 11 10 38 2 12 13 5766 2781 1057 153 172 21 0 0 20 22 20 5 1201 6 51 1 0 8 5 10 38 8 193 328 1332 2703 507 87 122 7 2 1 20 22 28 29 32 3 257 12 98 31 16 166 16 9 63 24 40 1 3 12 174 15 2259 933 1015 132 46 38 41 3 26 489 219 65 118 452 60 2595 90 343 40 48 184 182 11 246 23 15 89 42 118 290 0 0 2 0 1 0 1 4 0 5 0 3 3 0 0 0 0 0 6 2 41 54 0 20 0 0 3 6 1 0 1 13 15 0 0 0 1 10 0 4 8 0 0 3 5 2 6 4 13 12 2 3 6 1 1 3 0 1 23 4 0 0 0 7 4 2 4 0 150 15 1 2 1 65 1 2 14 2 25 3 3 2 70 7 4 3 0 3
5410 10481 3696 17467 4388 13557 173 447 76 455 248 1556 0 1 0 1 3 2 2 1 115 36 0 10 13 1 4 2 689 1010 199 88 207 2 0 0 3 10 2 6 762 2 13 2 1 2 4 4 15 10 74 115 236 613 108 62 37 8 1 0 4 4 8 7 11 2 104 10 21 8 7 195 11 5 34 4 80 0 1 6 48 8 875 463 709 75 19 9 19 0 8 199 74 27 64 132 65 164 46 42 65 68 251 278 26 420 25 20 129 51 208 386 0 0 0 0 0 0 1 0 1 1 1 4 7 0 0 0 0 0 19 0 73 57 0 16 0 0 3 3 0 1 0 10 24 0 0 0 0 3 0 1 2 10 0 1 4 1 3 0 15 6 4 5 6 0 2 0 0 1 32 2 2 1 0 2 0 0 0 1 196 11 9 6 0 92 0 1 12 2 21 5 1 1 80 19 10 3 0 7
11903 3696 7668 2242 232 4440 768 10488 416 5925 745 35211 0 0 0 1 5 2 3 0 130 45 2 2 19 3 5 3 653 216 162 82 225 6 0 0 5 3 2 5 699 3 11 3 0 3 4 7 36 6 152 221 553 943 252 71 41 13 1 0 4 8 13 9 8 9 169 11 16 13 7 191 12 12 58 3 186 1 4 12 94 16 1300 576 820 114 30 31 24 3 12 402 145 31 92 181 135 610 48 65 88 79 377 340 26 570 50 44 187 89 269 491 1 0 0 0 0 2 2 1 1 0 1 12 7 0 0 0 0 0 13 1 80 71 0 18 0 0 1 5 1 1 0 15 28 0 1 0 0 2 1 7 2 2 0 1 2 6 3 1 16 6 3 11 7 0 0 0 0 1 34 4 1 0 0 0 1 4 0 0 270 20 9 6 0 132 5 3 12 4 45 2 0 4 164 20 11 9 1 7
1021 17467 2242 11848 2992 18288 62 132 59 418 247 3737 0 0 0 0 4 0 0 1 62 27 1 0 1 0 1 1 179 1428 99 36 74 4 0 0 0 1 0 4 281 1 7 0 0 0 1 2 11 0 24 22 65 143 29 20 13 2 0 0 1 1 5 2 2 1 56 1 4 1 2 103 3 1 8 0 82 0 0 1 13 1 321 228 348 42 8 5 8 2 4 60 26 4 16 49 56 96 24 10 32 48 197 158 21 292 21 14 105 58 138 231 0 0 0 0 0 0 0 0 0 0 0 4 4 0 0 0 0 0 16 1 46 28 0 9 0 0 1 2 0 2 0 5 19 0 1 1 0 2 0 0 0 2 0 0 0 2 1 0 10 6 2 3 4 0 0 0 0 0 22 1 0 1 1 0 0 0 3 0 149 3 5 3 2 59 0 1 4 1 19 0 0 0 84 14 6 3 0 4
1394 4388 232 2992 8638 12414 98 42 14 58 205 5463 1 2 5 4 18 11 7 2 145 57 4 7 20 0 4 5 629 6946 7418 1059 165 16 1 0 19 19 6 6 230 2 47 0 2 15 3 15 9 1 10 25 74 181 34 24 256 2 0 0 10 10 4 16 14 1 106 4 57 8 1 78 10 6 37 29 15 0 3 2 24 1 266 282 375 87 16 4 4 0 37 39 12 4 23 893 33 128 60 795 28 35 138 114 13 211 13 15 73 23 115 203 0 2 3 0 3 2 2 5 7 7 2 5 8 0 1 1 0 1 3 0 30 19 0 8 1 0 11 10 4 5 5 8 7 3 3 2 0 15 0 1 1 2 0 0 0 0 0 0 3 3 2 3 4 0 1 1 1 0 14 0 0 0 0 6 0 0 8 0 110 19 6 1 3 49 0 0 3 3 18 1 0 1 62 10 3 3 0 0
3508 13557 4440 18288 12414 21326 265 271 146 782 648 17350 2 0 10 11 26 14 26 7 485 170 7 23 57 1 14 12 932 3248 4468 2591 493 17 0 0 21 40 9 11 927 4 61 0 7 37 10 14 17 1 51 78 195 572 84 91 173 23 5 1 25 20 23 23 26 3 284 16 124 13 10 210 59 28 107 40 160 1 11 6 54 4 1013 981 1359 277 53 13 22 2 88 138 49 14 75 1378 182 308 172 908 106 141 481 456 35 802 51 49 282 90 364 649 2 6 4 1 2 5 5 2 14 13 6 20 28 0 2 0 0 1 17 1 111 78 1 27 3 0 22 34 5 5 2 15 29 3 2 2 3 31 5 0 2 8 1 1 0 11 1 3 24 17 3 11 5 2 7 4 0 2 33 5 2 1 0 9 2 2 15 0 371 71 20 5 2 172 2 0 2 5 47 2 0 0 224 34 14 2 2 5
8273 173 768 62 98 265 7456 5689 1388 2697 561 864 0 0 1 7 11 3 1 2 58 24 1 5 18 1 3 3 2242 756 358 33 16 6 0 0 12 7 7 1 114 0 13 0 2 2 1 0 10 6 41 74 1390 1830 337 15 81 4 1 0 11 14 13 15 15 1 64 5 54 5 3 28 1 2 16 12 44 0 0 1 37 3 520 145 101 30 11 4 5 5 7 112 41 7 28 248 253 4430 33 119 3 3 17 22 0 28 0 0 6 4 13 27 0 0 1 0 0 0 0 1 1 0 0 0 0 0 0 0 0 0 0 0 4 7 0 5 0 0 1 1 1 1 0 2 1 0 1 0 0 8 0 1 0 0 1 2 1 0 2 1 2 1 1 0 0 0 0 1 0 0 2 0 0 1 0 2 0 0 9 0 20 6 1 0 0 8 1 1 3 0 3 1 0 0 5 2 2 1 0 1
10814 447 10488 132 42 271 5689 22115 3885 18249 715 2213 0 0 1 1 2 2 1 0 15 6 0 4 8 0 4 3 489 134 63 15 23 3 0 0 3 2 1 6 266 0 8 0 0 2 3 3 11 4 74 140 832 1225 276 33 16 2 0 0 1 4 9 3 3 3 57 6 8 16 2 23 3 2 23 3 106 0 4 4 70 6 911 269 197 25 17 15 19 1 3 212 73 13 44 45 68 1344 14 22 6 9 45 28 4 69 3 2 28 9 43 45 0 0 0 0 0 0 1 0 0 1 0 0 0 0 0 0 0 0 3 0 10 2 0 4 0 0 0 2 0 0 0 2 4 0 0 0 0 2 0 0 1 0 0 1 2 3 3 3 3 1 0 0 0 0 0 0 0 0 0 2 0 0 0 0 0 2 4 0 35 1 1 1 0 10 2 1 6 0 1 1 0 1 26 4 2 0 0 0
281 76 416 59 14 146 1388 3885 2624 2829 1054 1191 3 0 0 1 1 1 3 1 35 18 3 3 8 0 0 0 38 30 13 20 198 4 0 0 0 16 0 2 52 1 6 3 38 3 0 1 2 51 5 47 266 140 75 3 0 0 0 0 0 1 0 1 1 31 8 4 3 4 8 1085 18 61 9 2 693 5 42 46 27 66 87 24 27 7 3 79 55 90 110 20 7 2 20 10 2529 1343 18 6 2 1 17 6 1 9 1 2 4 0 6 17 0 0 1 0 0 0 0 0 3 0 0 0 1 0 1 0 0 1 0 0 2 6 0 2 0 0 1 2 0 0 0 2 1 1 6 0 0 9 1 2 1 0 0 1 5 1 6 8 2 0 0 0 0 0 1 0 2 2 0 0 0 0 0 12 0 2 18 3 12 4 2 0 3 9 0 1 3 0 3 0 1 0 6 1 1 0 0 0
2076 455 5925 418 58 782 2697 18249 2829 26260 15052 25481 1 0 1 0 0 0 1 0 29 8 2 3 6 0 4 1 289 121 49 23 58 5 0 0 4 5 1 3 166 1 6 0 0 1 1 2 13 2 69 132 1077 1104 325 22 21 6 0 0 0 1 12 3 12 5 52 2 14 8 2 92 7 3 18 6 3603 1 2 9 54 9 679 207 143 34 9 9 9 3 14 177 71 15 43 62 373 3003 22 24 43 60 203 184 19 329 25 26 132 49 171 240 0 0 0 0 0 0 0 1 0 0 0 3 2 0 1 0 1 0 8 2 44 29 0 8 0 0 1 2 0 0 0 7 14 0 0 0 0 4 0 1 2 1 0 1 4 3 1 3 10 5 4 5 2 0 1 0 2 0 14 3 1 0 0 0 0 2 5 0 137 6 7 3 0 65 0 2 6 0 12 3 1 1 87 24 4 4 1 2
180 248 745 247 205 648 561 715 1054 15052 2526 5986 17 1 0 1 1 0 2 1 33 15 4 0 7 0 0 0 69 165 168 30 39 0 0 0 2 4 0 1 69 1 4 12 67 7 1 1 1 37 11 62 291 148 55 9 6 3 0 0 1 1 0 2 2 16 18 4 4 1 5 335 6 118 9 7 1055 90 3 59 23 75 131 36 79 11 5 83 35 62 35 24 9 5 10 32 1836 1194 11 48 89 128 363 384 45 638 41 48 198 116 368 600 1 0 1 0 1 0 2 2 2 6 0 10 28 0 0 0 1 0 23 0 108 61 0 19 2 0 9 1 2 8 0 14 41 1 2 1 1 10 3 1 3 6 0 1 9 9 6 11 23 17 6 8 8 1 1 2 0 1 37 8 0 0 0 5 9 0 9 0 362 33 12 9 1 222 3 0 8 7 33 3 4 3 227 32 26 9 1 15
2520 1556 35211 3737 5463 17350 864 2213 1191 25481 5986 22370 4 0 8 5 13 5 12 4 674 282 13 15 76 8 7 8 874 2430 4096 1073 792 29 1 0 14 28 11 14 1004 7 39 3 9 14 18 12 13 12 77 133 531 781 200 97 71 30 2 0 11 13 17 31 20 4 295 22 72 11 6 702 66 52 112 17 2043 7 7 6 54 12 1141 860 1269 303 52 21 15 18 56 203 77 17 92 647 2093 1519 231 997 341 423 1388 1355 138 2470 163 164 741 344 1252 2121 9 3 4 3 0 3 7 4 11 16 11 57 83 0 5 1 1 0 76 6 360 235 0 80 3 0 24 31 1 22 0 66 113 2 7 1 3 31 9 1 3 27 0 2 7 22 5 4 71 52 18 35 24 2 2 2 0 2 135 23 1 0 1 5 6 1 22 4 1274 106 44 26 6 669 2 1 7 17 134 1 5 11 720 101 73 20 3 29
0 0 0 0 1 2 0 0 3 1 17 4 4308 1 2 4 1 701 5331 3 1 1 2 1 1 0 1 8 0 0 4 3 8 3 1 0 2 67 14 3 1 1 15 4808 3304 1854 0 5 2 127 0 3 0 0 1 0 0 0 0 0 13 5 5 16 12 1766 2 1 29 2 2 265 476 874 4 8 339 149 778 7 16 23 0 2 0 0 0 38 60 316 293 4 1 3 10 10 14 2 0 1 0 11 0 1 19 8 1 3 1 0 3 15 2 62 967 9 4 63 2 745 70 1507 9 3 5 0 2 13 2 19 15 19 16 23 1 7 3 0 126 40 168 6 170 1 7 51 94 262 103 3901 2 9 9 1 0 14 1 3 0 2 4 9 1 5 6 0 177 111 18 605 12 16 9 4 5 373 0 15 155 16 4 120 149 8 43 19 0 2 11 5 1 18 11 11 5 1 4 0 1 4
0 1 0 0 2 0 0 0 0 0 1 0 1 6917 5778 468 1523 52 19 33 20 20 73 71 6 5 1040 585 7 0 2 0 1 15 3344 2155 186 9 175 490 189 11 64 5 0 14 36 3 6 0 0 1 1 5 0 1 6 11 242 4 72 21 53 75 256 1 10 17 517 12 3 5 8 3 21 13 3 7 6 0 6 0 2 7 3 1 1 1 4 2 9 13 1 6 43 5 0 0 3 1 0 1 0 0 0 1 0 0 0 0 2 1 52 14 2 31 12 39 45 19 120 199 82 5 8 1 3 9 10 12 2 0 2 6 1 3 15 2 52 77 3 34 3 1 3 7 0 0 34 16 6 1 0 0 1 2 1 0 0 0 0 0 0 0 0 12 2 5 0 1 1 0 1 2 0 11 0 1 5 1 6 50 1 0 2 6 0 0 3 0 0 0 1 0 0 0 2 1 0 4
6 0 0 0 5 10 1 1 0 1 0 8 2 5778 18358 16294 2961 1615 229 857 124 104 456 329 32 27 1332 2852 48 18 15 11 26 104 2660 533 119 72 1026 522 1089 77 356 40 2 83 51 23 94 8 8 3 3 13 0 1 38 93 134 6 361 112 280 215 1118 7 54 78 2325 59 22 10 26 8 237 119 11 20 13 0 41 1 17 23 18 21 24 4 19 4 141 131 9 67 470 79 7 3 16 3 0 5 0 1 6 2 0 2 1 1 1 10 175 44 12 99 40 79 111 65 250 418 160 29 43 2 23 11 13 54 3 2 14 26 1 25 43 13 177 169 21 95 17 1 22 11 9 3 45 98 24 3 8 0 1 3 1 1 1 3 1 0 0 1 3 39 18 23 5 7 7 1 1 8 4 35 2 3 41 5 14 168 9 3 5 30 1 2 4 3 1 5 10 7 3 1 10 3 1 5
9 1 1 0 4 11 7 1 1 0 1 5 4 468 16294 5278 1121 2744 627 3731 32 27 150 289 11 2 522 3927 78 27 38 8 42 386 43 10 681 659 1087 19 671 105 294 29 5 97 29 20 118 13 2 5 4 16 2 1 41 241 11 12 324 49 123 131 357 5 58 184 942 26 12 4 16 6 679 113 8 4 6 0 30 0 11 27 11 14 23 7 47 9 214 136 8 43 400 134 1 7 8 15 1 8 0 0 8 4 0 1 0 0 1 8 87 270 93 97 13 255 36 312 130 1396 41 6 5 4 7 32 23 209 13 3 8 6 3 11 52 6 113 50 121 41 154 0 6 13 8 2 114 111 11 4 5 0 1 4 0 1 1 2 0 2 0 0 6 9 7 52 6 7 2 10 5 3 5 45 2 1 32 4 5 96 21 1 6 28 0 2 5 3 2 3 8 10 1 0 1 2 0 4
34 3 5 4 18 26 11 2 1 0 1 13 1 1523 2961 1121 2586 305 837 1892 317 313 807 405 105 58 1140 360 140 86 70 42 111 455 2079 445 2107 1434 125 916 1029 35 341 80 2 29 243 9 61 4 3 4 17 39 5 6 80 472 620 33 120 15 58 146 190 3 70 273 250 15 5 20 69 30 1200 41 9 41 29 0 13 0 38 40 92 39 42 4 10 6 73 64 6 20 229 375 4 15 62 21 5 14 2 4 25 15 1 13 0 0 9 39 300 63 8 192 118 51 251 39 344 228 204 76 146 9 63 21 36 66 6 2 34 73 20 127 93 23 443 536 6 265 18 9 77 16 5 3 82 44 83 3 4 1 3 3 0 1 0 1 6 0 1 1 5 99 7 26 6 1 23 6 4 8 0 13 2 0 14 3 61 539 26 14 1 137 2 1 4 8 15 4 12 6 15 5 43 22 2 43
8 2 2 0 11 14 3 2 1 0 0 5 701 52 1615 2744 305 7324 2862 2444 27 42 102 766 24 8 830 432 31 18 7 18 41 209 19 0 453 926 4860 16 858 129 1553 217 41 6766 24 116 136 11 10 5 3 13 4 3 16 92 8 6 2673 89 158 680 245 50 41 61 984 40 42 7 77 93 313 652 6 2 15 0 67 4 11 21 21 21 18 8 88 10 727 196 9 33 511 142 4 3 15 9 2 46 0 6 37 21 2 5 1 0 10 17 106 941 982 124 29 607 51 1618 305 4547 68 10 15 5 13 129 22 472 102 59 37 37 8 50 63 3 329 137 974 62 1299 3 16 89 42 223 396 1569 14 13 13 1 1 20 0 1 1 1 10 33 3 12 25 15 67 351 37 67 27 23 28 12 16 457 1 5 108 16 15 286 109 25 32 50 3 3 6 8 7 23 17 37 5 6 7 4 5 13
0 2 3 0 7 26 1 1 3 1 2 12 5331 19 229 627 837 2862 46380 8012 84 148 144 290 51 29 258 178 14 14 14 31 76 115 24 1 562 5341 140 239 471 57 427 8767 829 1414 78 65 102 81 1 11 4 7 0 1 9 46 19 2 137 41 71 268 120 534 11 21 220 20 19 80 949 2575 250 191 133 361 370 4 45 13 10 18 34 17 5 48 181 229 3073 89 5 35 324 275 10 3 36 7 13 94 6 13 137 59 1 48 3 1 55 144 1329 1712 2438 1088 232 1929 778 4823 2653 16952 1007 145 218 36 147 289 227 1191 189 77 122 245 42 186 492 68 2023 1221 1357 812 1506 19 164 170 79 483 2005 4557 120 29 23 8 2 33 1 8 1 8 24 47 9 30 32 193 142 558 86 347 67 59 53 40 18 765 4 19 417 44 194 2568 1142 49 55 543 0 5 28 22 31 56 61 71 40 29 58 27 12 69
2 1 0 1 2 7 2 0 1 0 1 4 3 33 857 3731 1892 2444 8012 5331 53 72 229 302 24 31 148 63 21 6 5 7 8 32 40 7 63 253 102 127 530 48 293 110 10 98 34 14 101 3 2 2 1 3 1 1 8 24 11 1 214 48 143 79 66 8 8 15 260 40 7 15 37 23 71 69 5 40 25 1 20 0 7 15 13 10 6 1 30 2 195 106 10 43 453 37 2 3 11 1 0 5 2 0 10 14 1 10 0 1 10 26 590 204 26 460 75 101 337 90 485 817 238 40 98 16 64 72 91 268 5 2 31 51 12 32 210 23 323 311 18 382 48 3 40 38 12 6 153 66 50 6 7 0 2 6 1 2 1 1 2 1 2 0 9 82 8 60 8 4 15 5 4 11 1 37 1 1 28 3 32 475 33 8 3 108 3 2 6 5 2 2 21 9 14 5 25 10 0 15
183 115 130 62 145 485 58 15 35 29 33 674 1 20 124 32 317 27 84 53 10378 9554 1934 346 895 233 64 15 230 269 241 235 458 573 27 3 301 851 32 382 1208 30 303 37 2 21 203 6 56 3 3 5 28 78 12 1058 86 184 63 13 53 26 79 78 31 1 70 315 106 21 5 63 234 135 1373 24 57 6 34 2 16 1 1163 107 3309 362 242 2 11 2 44 60 10 27 317 1542 58 60 1292 118 5 5 16 10 6 21 0 5 7 3 27 87 20 5 2 9 18 5 28 9 46 26 24 22 30 0 9 1 1 6 4 0 8 83 3 81 12 2 134 159 4 32 1 11 34 3 2 0 12 10 9 0 1 3 0 0 0 4 0 0 8 1 0 0 6 7 0 2 0 0 17 5 2 0 0 4 2 1 4 0 101 203 39 6 2 116 0 0 1 2 18 2 3 3 13 3 16 5 0 13
93 36 45 27 57 170 24 6 18 8 15 282 1 20 104 27 313 42 148 72 9554 18007 3502 1011 3570 1212 224 27 163 130 97 117 310 337 28 3 215 708 33 2238 1201 101 1230 60 1 39 280 4 259 9 11 5 18 73 5 139 57 119 50 8 47 74 318 253 72 13 67 178 167 63 5 59 223 127 984 44 52 11 48 0 26 2 683 223 3023 727 233 8 22 5 143 180 34 123 1423 907 56 31 2343 118 2 4 9 9 7 10 1 6 4 4 22 43 39 4 6 17 30 5 39 11 87 32 35 21 21 1 11 1 1 3 3 0 13 57 3 65 11 3 174 222 1 42 2 3 29 3 4 0 17 25 13 2 4 1 0 3 0 1 0 1 4 0 0 0 3 15 3 4 0 1 4 3 1 2 3 8 1 2 19 2 53 240 27 2 3 98 0 0 2 3 12 0 5 1 7 3 18 4 0 6
11 0 2 1 4 7 1 0 3 2 4 13 2 73 456 150 807 102 144 229 1934 3502 7627 8672 604 3972 290 41 41 29 14 13 126 412 62 7 433 542 71 2842 6759 551 1014 30 6 63 374 4 233 7 8 3 7 19 3 9 19 86 68 17 71 13 44 55 22 9 59 143 92 21 5 16 68 15 214 31 13 1 19 0 17 2 35 75 117 80 51 6 20 1 77 157 13 43 430 88 10 3 158 14 0 3 1 0 0 3 0 0 0 0 3 6 13 6 3 17 12 3 20 7 29 35 16 9 8 0 2 3 1 0 1 0 2 13 0 5 5 2 43 37 1 23 8 0 6 1 3 0 5 20 6 2 3 0 0 3 0 0 0 0 1 0 0 0 0 6 2 4 1 4 5 0 1 0 2 4 0 1 15 3 12 43 5 1 1 10 0 2 3 0 1 5 0 1 1 0 5 3 0 2
10 10 2 0 7 23 5 4 3 3 0 15 1 71 329 289 405 766 290 302 346 1011 8672 14305 742 2308 1893 182 128 19 25 9 29 264 434 23 386 157 224 5396 5075 4338 3235 37 3 1660 1326 8 507 7 14 9 25 130 13 9 73 182 327 52 399 23 58 360 125 16 281 683 325 24 3 11 38 10 246 58 22 7 12 0 27 4 167 417 354 513 210 14 42 7 350 312 18 61 838 94 9 0 416 29 0 3 1 0 1 0 0 0 0 0 1 4 28 14 11 22 13 34 21 41 92 152 48 8 6 2 3 8 3 4 2 0 1 17 1 9 15 2 57 78 12 28 17 0 6 4 3 4 11 104 6 5 4 0 0 2 0 1 0 1 0 1 1 0 0 6 5 23 5 9 4 1 0 1 2 26 0 2 23 4 8 59 2 0 9 7 0 1 5 0 1 5 0 2 1 0 1 1 0 0
38 13 19 1 20 57 18 8 8 6 7 76 1 6 32 11 105 24 51 24 895 3570 604 742 9429 468 425 46 121 66 53 31 199 236 35 3 108 593 17 4609 514 29 1154 26 2 28 3960 6 73 2 13 26 21 117 24 28 120 91 18 4 31 44 290 450 123 4 270 564 136 32 3 66 188 89 415 22 54 4 46 1 22 3 324 599 1020 1317 1932 3 16 1 83 82 15 52 775 312 40 19 2973 252 0 2 5 2 5 4 0 1 0 1 17 31 8 2 2 2 21 5 26 3 42 20 31 13 10 1 4 2 0 4 0 0 5 42 4 44 4 2 117 150 1 17 0 3 14 1 5 1 13 21 11 1 0 1 0 2 1 0 0 0 3 0 0 1 0 3 0 5 2 0 4 4 0 2 0 5 0 4 13 1 39 131 21 1 4 37 0 0 4 3 9 2 0 2 7 0 5 1 0 4
2 1 3 0 0 1 1 0 0 0 0 8 0 5 27 2 58 8 29 31 233 1212 3972 2308 468 3118 679 6 13 1 5 1 1 26 57 0 50 47 2 9351 849 39 178 20 0 7 388 2 29 1 0 2 3 20 0 2 3 14 63 6 4 9 11 12 4 0 30 101 6 1 1 6 27 6 23 0 3 1 6 0 3 0 34 80 79 88 40 0 2 0 7 23 5 7 83 15 1 1 109 4 1 0 0 0 0 0 0 0 0 0 0 2 6 3 0 5 7 6 9 5 23 27 15 2 3 0 1 0 4 2 1 0 0 5 0 5 4 0 23 39 1 8 3 0 2 1 0 0 7 3 3 0 1 0 0 1 0 0 0 0 0 0 0 0 0 2 0 3 1 0 1 0 0 1 0 1 0 0 4 1 5 23 3 1 0 2 0 0 0 0 1 0 1 0 0 0 1 0 1 0
12 4 5 1 4 14 3 4 0 4 0 7 1 1040 1332 522 1140 830 258 148 64 224 290 1893 425 679 17961 8588 279 15 47 5 31 368 4169 152 733 121 232 4895 407 39 355 11 2 136 709 7 39 3 7 2 40 258 8 2 220 461 386 69 39 27 113 1495 1600 1 692 1217 362 15 2 9 21 6 631 11 3 11 8 1 11 0 118 425 172 566 331 5 5 0 28 48 3 21 124 71 0 7 238 65 0 7 0 0 9 9 0 0 0 0 3 9 58 137 40 67 12 274 62 434 206 1054 120 12 10 2 6 17 8 79 11 3 10 12 2 11 49 7 127 97 96 58 74 1 6 8 2 6 52 174 9 0 3 0 1 1 0 0 1 0 0 2 1 1 4 9 14 31 3 2 5 4 3 2 1 35 0 1 5 0 6 107 4 1 2 11 0 0 1 0 1 2 3 7 0 0 2 1 0 3
13 2 3 1 5 12 3 3 0 1 0 8 8 585 2852 3927 360 432 178 63 15 27 41 182 46 6 8588 9113 374 29 125 8 35 211 602 18 147 91 7087 70 193 29 122 8 1 248 106 18 17 2 1 1 39 160 7 0 317 512 31 22 337 37 133 2148 5457 3 683 857 1666 12 6 3 11 3 975 21 3 3 3 0 18 1 53 171 37 197 239 1 4 1 38 21 4 13 61 107 3 5 61 40 0 13 0 2 18 8 0 0 0 0 2 5 23 267 185 30 8 164 13 891 63 1052 29 4 5 2 7 30 4 103 60 23 11 12 0 20 17 2 53 61 426 15 490 3 6 23 2 37 48 964 5 0 1 0 1 2 0 1 0 0 6 17 2 4 5 3 50 140 19 8 11 10 11 4 1 207 1 3 20 3 2 43 6 12 2 6 0 0 2 2 2 2 7 17 0 2 2 1 2 1
5766 689 653 179 629 932 2242 489 38 289 69 874 0 7 48 78 140 31 14 21 230 163 41 128 121 13 279 374 32898 13507 4155 187 160 67 18 0 134 59 208 107 364 23 489 4 4 60 29 28 43 2 78 108 3053 15996 561 27 5589 39 33 2 163 145 699 363 756 1 5226 166 1115 61 22 73 26 24 1269 80 23 0 8 6 66 5 1117 2884 388 257 1112 7 25 1 131 188 38 59 506 3345 35 3134 330 1830 13 12 41 45 4 40 8 4 18 8 32 89 3 5 11 3 1 4 1 9 7 27 1 7 7 1 0 1 1 7 2 1 19 32 0 21 2 0 15 10 4 4 10 8 11 7 4 2 4 57 0 3 4 0 0 6 1 1 0 1 6 1 0 0 6 0 8 8 3 4 8 6 0 0 1 37 1 3 31 5 84 29 4 2 5 45 0 3 8 0 13 3 0 2 10 4 8 1 0 3
2781 1010 216 1428 6946 3248 756 134 30 121 165 2430 0 0 18 27 86 18 14 6 269 130 29 19 66 1 15 29 13507 11373 12565 409 212 47 0 0 83 86 36 16 489 6 90 3 1 27 9 34 13 8 74 124 715 1913 176 53 4363 12 5 3 66 36 34 42 65 1 951 13 332 19 21 110 17 17 109 75 22 1 0 3 65 6 864 526 648 120 56 12 23 0 81 184 71 19 91 1928 35 1103 141 2549 22 28 132 102 8 143 14 16 46 31 100 188 4 8 7 1 3 4 3 12 8 19 2 5 6 0 0 0 0 0 10 0 39 34 0 14 0 1 29 19 7 5 6 11 9 6 6 1 3 42 5 3 6 4 0 1 1 0 1 1 5 1 3 1 2 1 5 3 3 1 17 6 2 1 0 24 1 2 22 3 123 45 4 3 6 58 2 1 11 3 14 6 2 1 39 11 5 0 0 4
1057 199 162 99 7418 4468 358 63 13 49 168 4096 4 2 15 38 70 7 14 5 241 97 14 25 53 5 47 125 4155 12565 17191 439 139 36 10 0 52 56 122 14 589 3 75 2 0 21 11 19 17 2 43 74 357 1266 114 49 10781 8 18 5 71 40 85 78 258 2 2034 63 527 18 4 34 13 11 1477 60 10 0 4 2 58 5 966 1396 1122 556 647 15 6 0 51 119 49 16 83 8971 17 471 275 6922 15 15 63 63 3 81 2 3 23 8 42 91 3 4 5 1 2 2 3 12 3 18 1 4 4 0 0 0 0 0 2 0 18 25 1 11 1 0 17 21 6 2 3 9 8 2 3 2 2 39 1 0 1 1 0 2 1 2 0 1 3 2 1 0 4 0 7 2 0 2 7 0 1 0 1 13 0 1 30 1 55 29 4 0 4 33 0 1 7 1 5 3 1 3 17 1 1 3 0 0
153 88 82 36 1059 2591 33 15 20 23 30 1073 3 0 11 8 42 18 31 7 235 117 13 9 31 1 5 8 187 409 439 6297 7168 515 0 0 22 297 5 7 240 1 39 5 3 45 11 11 9 4 34 49 47 92 33 17 17 1724 3 2 14 10 10 11 11 1 44 12 73 7 9 624 579 40 2096 27 39 0 40 0 33 5 230 139 218 46 22 4 10 3 118 50 30 8 41 3266 66 53 89 146 25 45 119 137 9 159 5 11 38 23 100 230 5 4 6 1 9 3 6 11 22 19 6 13 26 0 4 1 2 6 9 1 48 93 2 42 0 0 31 51 4 8 3 17 36 2 6 0 7 22 2 1 3 5 0 2 3 12 0 2 16 3 1 4 8 2 1 3 1 2 24 4 1 0 2 5 1 0 11 2 140 111 25 6 4 125 1 0 6 6 36 2 2 3 45 11 17 4 0 8
172 207 225 74 165 493 16 23 198 58 39 792 8 1 26 42 111 41 76 8 458 310 126 29 199 1 31 35 160 212 139 7168 5470 3865 8 0 113 2023 38 29 531 7 74 10 18 60 82 22 14 8 46 102 93 188 84 28 14 1725 47 282 64 26 15 35 34 4 75 228 223 19 22 4578 1748 129 2874 78 228 3 148 3 62 14 540 188 324 80 89 17 18 9 129 115 49 13 64 2590 703 153 162 55 91 94 315 329 41 411 28 32 91 49 362 863 12 6 5 5 15 7 8 23 19 33 13 58 96 0 8 0 1 2 33 5 184 347 5 184 2 0 78 103 4 19 5 70 152 0 5 3 10 62 11 1 4 24 0 6 5 43 3 10 64 20 7 7 30 7 5 8 1 4 121 23 6 0 1 27 14 0 32 3 686 301 73 21 4 544 2 2 8 29 138 2 8 13 130 18 79 27 1 34
21 2 6 4 16 17 6 3 4 5 0 29 3 15 104 386 455 209 115 32 573 337 412 264 236 26 368 211 67 47 36 515 3865 5240 250 18 1222 3252 216 234 391 13 238 11 6 67 1097 24 22 3 8 21 12 55 11 5 35 5437 3736 4963 307 27 23 127 194 1 61 4686 817 21 12 244 359 15 3268 118 8 0 33 2 21 1 128 81 173 63 116 5 5 2 111 36 8 3 64 477 2 6 92 26 1 5 8 9 6 13 0 5 3 3 18 53 14 17 15 11 13 8 15 29 18 48 10 35 42 2 8 4 2 6 4 2 17 96 3 89 3 0 86 120 12 23 26 10 42 6 4 4 9 52 9 2 2 1 0 5 0 9 0 1 10 2 0 0 6 3 5 18 1 3 23 4 5 3 2 22 1 3 32 4 75 173 20 2 11 116 0 1 4 4 23 2 1 4 4 0 20 6 1 3
0 0 0 0 1 0 0 0 0 0 0 1 1 3344 2660 43 2079 19 24 40 27 28 62 434 35 57 4169 602 18 0 10 0 8 250 3051 1142 1261 53 62 2643 80 8 106 10 1 10 280 6 6 1 0 0 2 7 1 0 10 100 1231 91 23 12 44 58 242 0 42 259 204 3 1 8 26 3 138 8 5 3 10 0 3 0 7 13 4 18 28 0 2 1 7 9 1 1 18 14 0 0 14 3 0 1 1 1 1 0 0 1 0 0 2 0 59 22 3 42 10 75 38 37 119 314 80 5 12 1 10 2 9 23 1 2 1 10 1 7 29 5 77 72 2 37 2 2 5 5 0 0 18 15 5 0 0 0 0 1 0 0 0 0 0 0 0 1 1 10 0 7 0 1 0 0 1 1 0 2 0 0 5 0 6 60 1 1 0 6 0 0 3 0 1 0 3 0 0 0 3 1 0 6
0 0 0 0 0 0 0 0 0 0 0 0 0 2155 533 10 445 0 1 7 3 3 7 23 3 0 152 18 0 0 0 0 0 18 1142 510 258 4 2 194 7 0 17 1 0 0 35 0 0 0 0 0 0 1 0 0 0 2 912 17 1 0 3 14 11 0 2 38 7 1 0 1 0 0 5 0 1 0 0 0 0 0 0 1 0 1 0 0 1 0 1 1 0 0 4 0 0 0 0 0 0 0 0 0 0 0 0 0 0 0 1 0 1 3 0 2 2 2 0 1 12 7 3 1 0 0 0 0 0 1 0 0 0 0 0 0 1 0 2 5 1 1 0 0 1 0 0 0 1 1 1 0 0 0 0 0 0 0 0 0 0 0 0 0 0 0 0 0 0 0 0 0 0 0 0 0 0 0 0 0 1 3 0 0 0 0 0 0 0 0 0 0 0 0 0 0 0 0 0 0
20 3 5 0 19 21 12 3 0 4 2 14 2 186 119 681 2107 453 562 63 301 215 433 386 108 50 733 147 134 83 52 22 113 1222 1261 258 4495 2937 145 708 359 9 221 40 0 79 700 3 13 0 1 4 14 32 3 6 82 807 3001 512 181 5 22 117 90 1 55 1250 162 2 2 6 35 11 1463 35 10 1 13 0 9 0 44 50 71 32 43 1 1 0 37 12 1 3 54 372 1 19 56 25 2 5 2 0 7 9 0 4 1 0 16 20 37 7 3 33 43 19 48 23 65 63 38 40 83 1 18 6 0 8 4 2 10 95 5 74 21 6 268 249 16 66 15 3 42 3 3 1 15 22 27 0 2 2 0 2 1 3 0 0 3 1 1 1 5 19 1 5 0 2 15 1 2 7 0 12 1 0 4 0 41 323 23 3 1 119 0 0 1 5 5 0 1 5 9 2 34 11 1 26
22 10 3 1 19 40 7 2 16 5 4 28 67 9 72 659 1434 926 5341 253 851 708 542 157 593 47 121 91 59 86 56 297 2023 3252 53 4 2937 6236 119 254 636 22 213 1471 53 865 612 48 15 6 9 18 13 58 12 21 28 1990 414 923 224 25 35 70 76 14 37 1291 339 17 21 663 1447 302 2855 147 139 21 185 1 38 7 181 124 280 100 202 7 44 22 1192 62 11 14 125 819 25 18 206 28 15 35 26 30 34 45 4 39 5 7 122 265 170 73 69 124 161 57 200 176 395 397 178 187 352 15 71 36 24 55 35 10 74 473 15 415 78 14 911 909 44 248 60 58 236 21 20 18 108 274 103 3 8 12 1 17 9 26 2 5 39 2 4 4 27 91 15 35 9 20 133 17 21 25 5 78 5 2 90 14 415 1546 174 19 20 922 3 3 12 26 111 12 22 27 49 6 141 52 5 72
20 2 2 0 6 9 7 1 0 1 0 11 14 175 1026 1087 125 4860 140 102 32 33 71 224 17 2 232 7087 208 36 122 5 38 216 62 2 145 119 6364 16 427 76 438 15 6 1193 23 31 43 2 0 5 17 86 4 1 193 379 10 16 7789 40 106 351 1813 10 275 373 2599 16 18 2 15 0 889 279 2 0 1 0 21 0 34 79 26 45 74 3 17 3 235 62 5 10 138 163 1 13 13 34 4 21 0 3 18 8 0 0 0 0 2 4 3 305 378 20 10 102 9 832 27 693 10 4 4 1 5 51 5 117 78 37 10 8 5 25 5 1 56 61 635 14 788 2 10 54 18 120 75 1533 8 4 8 2 0 2 0 0 1 3 9 16 2 9 12 3 98 240 33 26 13 24 31 7 3 435 0 4 44 6 5 53 6 15 14 5 0 1 8 5 8 8 12 12 0 2 3 4 4 5
5 6 5 4 6 11 1 6 2 3 1 14 3 490 522 19 916 16 239 127 382 2238 2842 5396 4609 9351 4895 70 107 16 14 7 29 234 2643 194 708 254 16 5116 817 21 378 81 2 20 3018 1 39 3 3 6 21 140 6 6 52 123 501 58 10 6 49 94 33 3 300 474 44 11 1 47 125 26 147 8 17 45 62 2 7 2 133 468 315 641 290 3 1 1 17 27 3 11 178 49 0 2 445 44 0 2 1 2 12 6 0 1 0 0 9 17 120 34 4 103 27 60 126 25 300 272 212 26 30 6 14 10 16 37 3 2 9 30 3 41 56 8 251 309 2 109 6 5 21 10 1 0 63 26 27 1 0 1 0 0 0 0 0 0 1 1 0 0 5 33 0 11 2 1 5 0 1 6 0 5 0 1 6 3 22 222 4 2 0 24 0 0 0 0 0 1 6 3 3 0 7 3 1 13
1201 762 699 281 230 927 114 266 52 166 69 1004 1 189 1089 671 1029 858 471 530 1208 1201 6759 5075 514 849 407 193 364 489 589 240 531 391 80 7 359 636 427 817 7008 3622 2095 72 21 1394 222 148 2974 187 602 339 118 152 1492 1370 171 180 44 10 439 180 233 110 183 153 234 232 538 164 101 190 212 85 904 326 205 10 84 20 544 84 2708 372 750 221 263 363 735 65 1341 4591 502 393 2927 1285 89 83 292 209 11 15 53 56 9 52 5 15 14 10 64 188 12 14 26 10 12 9 9 43 30 77 11 20 30 1 3 2 3 10 13 4 31 105 1 78 4 1 94 71 22 17 20 20 46 21 50 7 17 228 6 54 102 10 3 68 19 10 12 57 15 12 0 0 14 7 17 30 13 55 34 8 5 0 22 93 18 50 257 20 195 156 31 2 40 165 27 37 221 6 38 79 50 6 25 5 34 13 1 13
6 2 3 1 2 4 0 0 1 1 1 7 1 11 77 105 35 129 57 48 30 101 551 4338 29 39 39 29 23 6 3 1 7 13 8 0 9 22 76 21 3622 3710 3503 10 10 394 14 14 958 13 8 5 4 15 0 0 5 7 0 1 220 18 25 12 52 49 33 12 212 12 4 2 18 6 46 103 17 3 7 0 18 3 9 19 27 14 2 13 46 4 525 387 12 42 413 38 10 1 24 1 0 0 0 0 0 0 0 0 0 0 0 0 2 0 5 0 1 3 2 8 1 6 1 0 0 0 0 0 0 0 2 0 0 0 0 2 0 0 4 3 2 4 4 0 0 7 15 2 3 106 0 0 8 1 0 6 0 0 0 1 0 0 0 0 0 0 7 4 4 16 1 1 0 1 3 39 2 2 41 7 1 6 1 0 15 1 0 2 6 0 0 11 2 0 0 0 0 1 0 0
51 13 11 7 47 61 13 8 6 6 4 39 15 64 356 294 341 1553 427 293 303 1230 1014 3235 1154 178 355 122 489 90 75 39 74 238 106 17 221 213 438 378 2095 3503 9075 69 112 5670 787 57 1375 46 31 17 83 345 27 21 174 244 136 33 2228 160 2046 8901 879 335 835 737 2387 74 24 41 120 27 636 800 83 7 31 0 61 2 365 933 599 997 299 23 100 32 4612 704 43 149 2887 353 45 12 726 75 0 3 1 1 3 2 0 1 0 0 0 3 13 30 68 20 8 33 19 108 64 166 32 4 9 0 1 5 2 13 11 12 7 9 0 9 4 4 67 51 49 19 50 2 5 48 105 9 27 957 4 15 26 1 0 28 0 2 0 4 0 1 0 0 3 4 102 75 23 99 5 9 7 1 13 360 5 16 419 50 7 53 12 3 80 11 2 2 24 0 2 20 14 6 4 1 1 0 1 0
1 2 3 0 0 0 0 0 3 0 12 3 4808 5 40 29 80 217 8767 110 37 60 30 37 26 20 11 8 4 3 2 5 10 11 10 1 40 1471 15 81 72 10 69 8982 2198 1107 50 47 22 435 6 75 2 3 0 0 0 3 8 0 13 19 13 9 9 424 3 12 68 11 20 192 2155 1976 9 105 229 1765 1682 133 64 299 12 5 21 10 5 398 264 755 3041 26 3 6 55 18 9 1 17 3 6 13 3 7 23 16 0 19 0 0 20 46 132 97 244 90 49 177 121 569 436 1956 199 58 98 4 30 20 13 58 19 10 39 81 10 76 46 6 496 379 99 94 91 6 44 35 59 28 276 1052 34 15 31 0 1 29 10 5 10 16 9 4 5 1 8 34 50 62 15 138 15 6 9 13 13 218 5 11 358 27 87 747 281 10 51 226 3 9 50 5 5 36 11 9 20 7 30 16 2 18
0 1 0 0 2 7 2 0 38 0 67 9 3304 0 2 5 2 41 829 10 2 1 6 3 2 0 2 1 4 1 0 3 18 6 1 0 0 53 6 2 21 10 112 2198 7174 1702 1 19 25 1059 3 78 5 5 1 0 1 3 0 0 21 54 95 12 21 559 2 2 188 26 20 575 613 144 16 47 1741 347 1580 226 80 670 3 5 3 4 0 611 239 2101 1649 25 8 27 231 18 162 7 4 1 1 4 0 2 9 9 0 2 3 0 6 10 2 11 149 4 2 9 2 87 36 169 3 2 3 0 2 0 0 4 17 5 15 11 1 10 0 0 54 17 8 1 8 10 3 106 447 11 45 1924 4 58 67 3 0 152 10 8 16 38 0 3 0 3 2 0 139 120 69 456 6 12 5 5 60 744 8 37 1729 172 4 67 24 4 200 17 7 20 71 0 1 87 60 4 0 0 0 1 1 0
8 2 3 0 15 37 2 2 3 1 7 14 1854 14 83 97 29 6766 1414 98 21 39 63 1660 28 7 136 248 60 27 21 45 60 67 10 0 79 865 1193 20 1394 394 5670 1107 1702 5748 18 83 188 59 14 4 8 45 3 5 26 42 1 3 3740 69 316 2330 515 1223 75 20 452 32 27 43 705 49 259 233 57 8 62 2 76 9 15 55 30 45 13 33 147 189 2696 340 13 48 722 352 17 5 32 15 4 42 3 6 45 32 1 42 0 0 9 31 48 189 3678 104 21 127 62 952 198 1486 54 11 21 4 14 94 11 106 97 104 60 62 11 53 17 3 488 99 849 66 1160 25 37 591 514 1683 447 11960 40 34 66 4 7 87 0 4 1 18 10 26 3 8 37 23 896 1109 143 1229 92 118 103 34 28 2975 8 31 789 79 23 362 65 89 277 112 10 10 49 61 19 92 67 64 25 12 9 11 24 24
5 4 4 1 3 10 1 3 0 1 1 18 0 36 51 29 243 24 78 34 203 280 374 1326 3960 388 709 106 29 9 11 11 82 1097 280 35 700 612 23 3018 222 14 787 50 1 18 4466 0 18 0 3 2 3 29 5 5 31 541 355 454 27 9 38 213 72 3 72 2022 70 4 1 46 172 33 273 8 22 12 44 0 3 0 77 139 147 281 757 1 1 1 14 15 3 3 156 59 8 1 278 33 0 2 0 3 7 3 1 0 0 0 0 15 32 6 3 34 40 12 42 6 115 54 75 18 25 2 5 3 3 9 1 0 4 33 1 62 17 6 195 231 1 31 5 2 22 1 0 0 24 5 10 0 0 0 1 0 0 1 0 0 2 1 0 0 2 15 0 2 0 0 9 0 0 1 1 2 0 0 5 1 20 142 13 1 0 21 0 0 2 3 4 0 1 2 3 0 8 3 0 2
10 4 7 2 15 14 0 3 1 2 1 12 5 3 23 20 9 116 65 14 6 4 4 8 6 2 7 18 28 34 19 11 22 24 6 0 3 48 31 1 148 14 57 47 19 83 0 24027 36 420 4 87 3 12 5 2 17 18 0 2 341 4700 232 26 73 10 19 11 5693 773 6341 14 52 5 103 8175 40 1 11 19 2967 137 10 15 6 7 3 2896 4681 141 1959 121 75 334 269 80 20 4 4 6 2 1 2 1 6 4 3 17 1 1 5 5 2 4 28 8 1 13 2 24 17 34 5 3 19 4 11 5 5 1 10 16 5 11 0 6 0 0 37 7 13 15 9 18 13 101 182 15 83 234 10 1464 3044 14 15 993 30 37 36 387 3 1 1 3 1 4 25 182 348 69 19 15 12 1 761 541 200 1130 2351 236 5 94 36 11 964 175 304 265 2530 6 5 2190 783 2 28 6 1 1 3 13
38 15 36 11 9 17 10 11 2 13 1 13 2 6 94 118 61 136 102 101 56 259 233 507 73 29 39 17 43 13 17 9 14 22 6 0 13 15 43 39 2974 958 1375 22 25 188 18 36 11519 58 102 24 6 34 23 18 19 7 1 0 59 52 158 21 28 60 56 12 106 95 12 9 21 15 47 117 45 0 8 0 111 9 122 68 65 60 16 74 260 35 507 6678 126 805 11663 47 15 3 73 15 0 0 4 0 0 0 0 1 0 0 1 0 0 0 2 0 1 1 0 5 3 9 2 0 0 0 0 1 0 0 0 0 1 4 0 1 1 0 7 0 1 0 0 0 2 12 14 0 1 59 0 12 25 0 0 14 1 0 0 9 0 1 0 0 1 0 4 8 4 23 1 0 0 0 6 36 4 7 119 9 3 3 1 1 15 7 8 7 45 1 0 29 7 0 1 0 2 0 0 0
8 10 6 0 1 1 6 4 51 2 37 12 127 0 8 13 4 11 81 3 3 9 7 7 2 1 3 2 2 8 2 4 8 3 1 0 0 6 2 3 187 13 46 435 1059 59 0 420 58 5042 50 1351 4 6 31 2 2 0 0 0 12 289 130 5 5 1781 5 1 123 68 118 287 173 260 4 92 1618 195 674 2016 439 5180 34 9 2 3 2 3791 1340 4712 864 153 22 64 190 10 303 9 5 1 0 0 1 1 0 1 0 9 0 0 0 2 3 1 11 6 0 7 2 10 7 19 5 1 6 1 5 0 0 0 5 6 2 1 0 5 0 0 10 2 3 8 4 16 7 32 107 9 35 172 1 416 980 8 3 473 108 24 101 230 6 2 0 0 0 0 16 64 152 125 4 6 4 1 313 243 94 410 1655 132 5 39 14 1 393 59 72 417 811 3 2 1118 264 4 5 1 0 1 0 3
193 74 152 24 10 51 41 74 5 69 11 77 0 0 8 2 3 10 1 2 3 11 8 14 13 0 7 1 78 74 43 34 46 8 0 0 1 9 0 3 602 8 31 6 3 14 3 4 102 50 12813 12600 69 124 604 111 16 5 0 0 4 15 18 6 11 101 19 8 23 60 8 29 16 38 46 9 114 2 13 470 1269 111 786 66 18 27 15 107 50 9 29 8744 6564 235 247 76 26 11 16 20 7 2 7 5 0 3 0 6 4 0 10 22 0 0 1 0 1 0 0 0 0 0 1 1 2 0 0 0 0 0 0 0 2 5 0 5 0 0 0 4 1 2 0 4 1 1 2 0 1 2 0 18 10 1 0 8 376 50 528 289 13 0 0 0 2 0 0 0 1 9 1 1 0 0 2 1 44 17 17 2 21 24 25 0 0 35 55 40 197 1 2 16 4 0 8 0 0 0 0 2
328 115 221 22 25 78 74 140 47 132 62 133 3 1 3 5 4 5 11 2 5 5 3 9 26 2 2 1 108 124 74 49 102 21 0 0 4 18 5 6 339 5 17 75 78 4 2 87 24 1351 12600 24105 127 209 1931 177 31 7 0 1 8 88 32 11 21 1379 33 10 49 93 93 194 58 699 104 89 1566 139 250 10959 8739 1984 1631 95 34 36 32 2140 517 140 177 3392 5887 132 108 148 329 35 26 23 3 4 3 6 0 12 3 46 1 1 26 46 0 0 1 1 1 2 0 0 2 3 0 1 1 0 1 0 0 0 1 0 8 24 1 11 0 0 14 5 0 1 1 15 11 11 40 2 10 17 3 113 110 3 1 130 3765 1051 6048 3268 82 3 0 0 2 0 1 2 7 153 10 2 1 0 15 8 572 166 173 12 48 73 370 1 11 437 642 741 2309 2 14 177 79 2 71 7 1 0 0 0
1332 236 553 65 74 195 1390 832 266 1077 291 531 0 1 3 4 17 3 4 1 28 18 7 25 21 3 40 39 3053 715 357 47 93 12 2 0 14 13 17 21 118 4 83 2 5 8 3 3 6 4 69 127 10367 8927 6594 13 297 11 4 0 15 18 106 60 104 6 505 27 133 21 3 180 15 13 171 17 86 1 8 7 32 5 2233 457 57 67 145 13 7 4 26 115 38 11 89 379 404 7014 65 147 1 5 9 16 3 21 1 1 7 3 10 32 0 0 2 0 1 0 0 1 0 0 3 4 4 0 0 0 0 0 1 0 4 15 1 6 0 0 1 6 0 0 0 2 1 0 3 0 0 9 1 0 0 1 0 1 1 1 2 3 14 2 0 0 3 0 1 0 0 1 5 0 0 0 0 4 0 0 8 0 31 12 1 0 3 16 0 1 5 1 5 2 0 0 7 0 2 1 0 0
2703 613 943 143 181 572 1830 1225 140 1104 148 781 0 5 13 16 39 13 7 3 78 73 19 130 117 20 258 160 15996 1913 1266 92 188 55 7 1 32 58 86 140 152 15 345 3 5 45 29 12 34 6 124 209 8927 13014 1344 20 1081 53 13 2 62 86 513 343 484 4 4736 126 568 64 9 113 37 23 864 26 56 1 12 13 70 13 3279 6697 241 501 729 11 20 0 77 185 111 45 433 1483 108 2974 354 777 6 3 25 26 1 25 3 3 12 3 32 79 2 3 3 1 4 2 0 4 3 12 0 5 4 0 1 0 0 0 1 1 11 39 0 16 1 0 8 12 2 1 2 5 18 1 5 1 1 32 1 1 1 2 0 1 3 1 8 3 10 2 0 0 3 0 1 4 1 2 16 3 0 0 0 14 1 4 6 0 68 27 14 1 2 46 1 1 3 1 13 0 1 2 7 1 8 2 0 4
507 108 252 29 34 84 337 276 75 325 55 200 1 0 0 2 5 4 0 1 12 5 3 13 24 0 8 7 561 176 114 33 84 11 1 0 3 12 4 6 1492 0 27 0 1 3 5 5 23 31 604 1931 6594 1344 11778 522 58 12 0 0 5 10 24 17 33 28 123 16 30 13 5 62 16 16 93 3 65 8 8 102 196 29 3389 136 52 33 63 34 10 3 8 1344 359 30 64 155 94 1087 24 59 4 3 8 5 0 9 2 0 2 1 22 38 0 0 1 1 2 0 0 0 0 0 0 3 6 0 0 0 0 1 2 0 4 17 0 15 0 0 4 2 0 1 0 6 7 0 0 0 1 2 0 2 0 1 0 1 24 4 35 14 25 3 0 0 2 0 0 1 1 0 3 0 0 0 0 1 2 6 2 0 27 20 3 2 0 22 1 1 15 1 5 3 2 2 5 3 4 1 0 2
87 62 71 20 24 91 15 33 3 22 9 97 0 1 1 1 6 3 1 1 1058 139 9 9 28 2 2 0 27 53 49 17 28 5 0 0 6 21 1 6 1370 0 21 0 0 5 5 2 18 2 111 177 13 20 522 3412 12 0 0 0 1 5 8 8 4 4 9 7 2 3 2 10 8 7 64 1 8 0 1 12 34 4 6074 26 2315 41 15 7 6 1 3 344 65 11 31 93 7 5 74 20 1 1 0 5 1 4 0 0 2 0 7 15 0 0 0 0 1 0 1 0 1 0 0 1 0 0 0 0 0 0 2 0 3 9 0 5 1 0 1 7 0 1 0 2 4 0 0 1 2 0 0 2 1 1 0 0 2 0 3 6 3 0 0 0 0 1 0 1 0 0 4 1 0 1 0 0 1 1 1 0 13 10 2 0 0 8 1 2 4 0 1 0 2 0 0 0 2 0 0 0
122 37 41 13 256 173 81 16 0 21 6 71 0 6 38 41 80 16 9 8 86 57 19 73 120 3 220 317 5589 4363 10781 17 14 35 10 0 82 28 193 52 171 5 174 0 1 26 31 17 19 2 16 31 297 1081 58 12 6784 22 18 2 90 65 249 230 556 3 3723 183 769 29 8 13 7 4 2592 47 6 0 2 1 30 1 320 700 295 1055 2738 7 7 1 44 57 16 23 180 4097 4 149 1721 6755 0 1 2 4 0 3 0 0 2 1 2 4 0 3 3 1 1 9 3 11 5 21 0 0 0 0 1 0 0 2 0 0 1 2 0 7 1 0 3 6 3 3 6 1 2 2 2 0 3 27 0 1 3 1 0 0 1 0 0 0 1 1 0 0 0 0 0 6 1 2 1 1 0 1 0 11 0 3 14 3 7 8 0 0 2 4 0 0 1 0 1 2 0 1 1 0 0 1 0 0
7 8 13 2 2 23 4 2 0 6 3 30 0 11 93 241 472 92 46 24 184 119 86 182 91 14 461 512 39 12 8 1724 1725 5437 100 2 807 1990 379 123 180 7 244 3 3 42 541 18 7 0 5 7 11 53 12 0 22 4941 806 2692 268 31 43 234 475 2 71 6418 993 13 13 297 354 19 2475 82 5 0 20 0 24 1 93 80 107 59 584 2 6 0 72 23 8 9 78 791 6 2 83 15 2 5 13 15 4 18 2 3 1 1 15 33 4 8 3 1 1 5 12 24 18 38 9 2 5 0 0 2 2 2 0 1 10 32 0 21 0 0 44 62 6 6 17 2 14 3 4 2 9 39 1 0 2 0 0 0 0 1 0 3 1 1 0 0 1 0 3 3 1 2 2 0 0 0 0 14 0 0 25 2 36 57 6 1 7 31 0 0 2 3 12 1 2 1 3 3 5 0 1 2
2 1 1 0 0 5 1 0 0 0 0 2 0 242 134 11 620 8 19 11 63 50 68 327 18 63 386 31 33 5 18 3 47 3736 1231 912 3001 414 10 501 44 0 136 8 0 1 355 0 1 0 0 0 4 13 0 0 18 806 2837 4887 7 2 3 34 22 0 29 1637 34 0 0 8 18 1 478 1 1 4 14 0 0 0 7 14 15 15 36 0 0 0 5 2 0 1 9 33 0 0 10 8 0 0 0 2 3 1 0 0 0 0 4 5 17 4 0 13 15 3 26 3 41 28 38 8 7 1 4 3 4 4 0 0 1 9 2 9 5 2 55 66 2 17 0 1 7 2 0 0 8 4 7 0 0 0 0 0 0 1 0 0 0 1 0 0 0 4 0 1 0 0 3 0 0 0 0 1 0 0 1 0 2 26 0 0 0 8 0 0 0 1 0 0 1 1 0 0 0 1 0 1
1 0 0 0 0 1 0 0 0 0 0 0 0 4 6 12 33 6 2 1 13 8 17 52 4 6 69 22 2 3 5 2 282 4963 91 17 512 923 16 58 10 1 33 0 0 3 454 2 0 0 0 1 0 2 0 0 2 2692 4887 1925 18 3 0 6 19 1 3 2869 43 0 0 0 2 0 396 4 0 0 1 0 0 0 1 3 1 0 6 0 0 0 3 1 0 1 5 16 0 0 0 2 0 0 0 0 0 0 0 0 0 0 1 1 2 1 1 2 1 2 0 0 0 1 2 0 0 1 0 1 0 0 1 0 0 4 0 3 0 1 3 5 0 0 0 0 0 0 0 0 0 5 0 0 0 0 0 0 0 0 0 0 1 0 0 0 0 0 1 0 0 0 0 0 0 0 0 2 0 0 1 0 1 5 1 0 0 5 0 0 0 0 1 0 0 0 0 0 2 0 0 0
20 4 4 1 10 25 11 1 0 0 1 11 13 72 361 324 120 2673 137 214 53 47 71 399 31 4 39 337 163 66 71 14 64 307 23 1 181 224 7789 10 439 220 2228 13 21 3740 27 341 59 12 4 8 15 62 5 1 90 268 7 18 4498 146 137 832 700 9 147 177 1750 51 97 5 28 4 853 5528 4 0 6 0 185 0 34 52 41 53 32 18 157 6 4776 104 4 33 465 301 1 12 44 22 2 9 1 2 19 8 0 6 0 0 1 7 11 64 483 24 8 38 12 308 36 233 5 4 7 1 3 22 2 20 36 26 11 22 7 16 4 1 102 53 271 15 373 12 4 175 151 196 65 2716 15 16 35 2 1 28 0 3 3 6 4 8 2 2 6 6 306 307 49 48 27 40 28 18 19 1108 2 23 250 43 8 81 10 38 108 28 4 1 16 14 7 20 26 19 5 4 3 2 6 7
22 4 8 1 10 20 14 4 1 1 1 13 5 21 112 49 15 89 41 48 26 74 13 23 44 9 27 37 145 36 40 10 26 27 12 0 5 25 40 6 180 18 160 19 54 69 9 4700 52 289 15 88 18 86 10 5 65 31 2 3 146 17544 10619 400 739 12 176 26 6642 10179 2556 12 19 7 166 726 24 3 10 28 3104 310 63 117 65 109 22 580 941 134 493 242 409 2942 2320 101 8 7 56 23 1 2 2 1 1 4 2 8 0 0 4 4 2 2 7 4 4 8 2 20 20 20 7 4 7 3 14 2 2 0 6 4 1 3 1 5 0 0 19 8 10 10 2 22 10 82 108 10 31 207 2 995 1597 10 10 400 42 38 58 473 1 0 1 0 2 1 31 83 163 44 6 9 3 1 278 270 238 871 1169 116 3 52 22 5 347 72 283 126 2275 5 3 1130 482 5 6 2 0 4 1 9
28 8 13 5 4 23 13 9 0 12 0 17 5 53 280 123 58 158 71 143 79 318 44 58 290 11 113 133 699 34 85 10 15 23 44 3 22 35 106 49 233 25 2046 13 95 316 38 232 158 130 18 32 106 513 24 8 249 43 3 0 137 10619 20589 7758 7632 23 1098 112 4244 999 124 3 16 5 173 210 14 2 8 2 369 21 224 720 328 681 112 73 239 77 508 245 134 893 6177 115 4 13 400 78 0 1 0 0 1 0 0 2 0 0 1 6 6 4 13 2 1 9 1 33 8 51 6 1 1 0 2 2 0 4 2 4 6 4 0 3 2 0 16 7 14 3 15 8 1 58 93 7 17 331 5 170 352 2 2 154 4 6 7 42 1 0 0 0 1 0 37 70 90 33 2 8 3 2 144 279 19 112 567 67 7 43 11 1 243 20 22 16 194 3 0 279 132 1 4 1 0 0 0 3
29 7 9 2 16 23 15 3 1 3 2 31 16 75 215 131 146 680 268 79 78 253 55 360 450 12 1495 2148 363 42 78 11 35 127 58 14 117 70 351 94 110 12 8901 9 12 2330 213 26 21 5 6 11 60 343 17 8 230 234 34 6 832 400 7758 6295 6898 4 772 522 3011 133 22 8 29 6 457 170 3 3 3 0 62 2 160 574 260 763 270 5 11 2 630 37 29 115 2587 199 5 11 407 103 0 6 0 0 9 4 0 1 1 0 0 2 13 74 89 20 2 39 14 340 43 285 26 7 4 2 3 14 2 36 30 9 1 4 2 4 7 0 31 38 180 14 191 3 6 40 17 24 23 888 3 5 11 1 0 5 0 0 1 1 1 6 0 2 4 4 60 90 15 10 4 11 3 3 3 259 1 7 67 9 3 37 3 5 18 5 5 0 9 1 2 11 5 3 0 0 0 0 1 1
32 11 8 2 14 26 15 3 1 12 2 20 12 256 1118 357 190 245 120 66 31 72 22 125 123 4 1600 5457 756 65 258 11 34 194 242 11 90 76 1813 33 183 52 879 9 21 515 72 73 28 5 11 21 104 484 33 4 556 475 22 19 700 739 7632 6898 13570 4 1381 900 16158 263 45 5 11 1 1205 121 7 0 2 1 171 3 147 517 121 468 283 7 14 2 126 67 23 116 744 267 3 15 170 110 1 11 0 1 4 8 0 1 0 0 0 3 7 84 205 14 6 44 6 350 25 261 14 1 4 1 2 5 2 28 34 19 7 4 3 15 7 0 37 21 259 11 261 1 4 61 35 61 35 1368 3 9 18 3 0 12 0 2 0 4 1 9 0 1 6 2 172 160 18 24 12 22 22 9 12 503 3 10 145 25 5 25 4 14 42 6 1 0 11 4 2 14 15 16 0 1 1 3 4 1
3 2 9 1 1 3 1 3 31 5 16 4 1766 1 7 5 3 50 534 8 1 13 9 16 4 0 1 3 1 1 2 1 4 1 0 0 1 14 10 3 153 49 335 424 559 1223 3 10 60 1781 101 1379 6 4 28 4 3 2 0 1 9 12 23 4 4 1121 4 0 33 19 19 100 121 636 9 26 1322 443 520 1337 164 1145 31 6 6 7 0 545 95 171 836 100 7 14 243 14 176 10 2 1 0 1 0 0 2 3 0 5 0 0 2 1 2 1 278 2 0 3 0 41 8 148 3 0 0 0 0 3 1 1 1 1 4 6 0 1 0 0 30 8 7 1 5 1 0 14 107 99 41 688 1 12 13 0 0 16 113 11 114 80 4 1 0 0 1 0 18 24 5 465 2 1 1 1 4 28 5 8 119 6 3 19 14 0 12 12 10 17 60 1 0 18 4 1 3 0 0 0 0 1
257 104 169 56 106 284 64 57 8 52 18 295 2 10 54 58 70 41 11 8 70 67 59 281 270 30 692 683 5226 951 2034 44 75 61 42 2 55 37 275 300 234 33 835 3 2 75 72 19 56 5 19 33 505 4736 123 9 3723 71 29 3 147 176 1098 772 1381 4 11310 405 1385 102 19 33 14 3 2861 67 9 0 5 0 51 1 445 8109 263 2505 3913 3 16 2 129 100 38 68 814 2704 6 101 1527 3661 4 3 12 9 2 11 3 2 1 1 13 28 2 4 9 1 1 14 1 17 7 41 6 3 4 0 0 0 1 5 2 0 8 11 0 11 3 0 13 7 2 2 6 1 10 8 6 3 3 73 2 1 4 1 0 2 0 3 2 0 4 0 0 2 0 0 5 10 1 1 6 4 2 0 0 31 1 2 18 2 29 23 4 0 6 23 1 2 6 1 6 0 2 1 6 0 0 2 1 0
12 10 11 1 4 16 5 6 4 2 4 22 1 17 78 184 273 61 21 15 315 178 143 683 564 101 1217 857 166 13 63 12 228 4686 259 38 1250 1291 373 474 232 12 737 12 2 20 2022 11 12 1 8 10 27 126 16 7 183 6418 1637 2869 177 26 112 522 900 0 405 4894 992 8 4 16 75 16 3217 39 11 2 19 0 11 0 121 260 195 527 2765 1 2 0 18 20 5 9 147 91 3 7 492 147 0 0 1 2 6 3 0 0 0 0 12 16 9 9 7 2 8 10 14 17 38 35 21 12 13 0 3 0 0 7 1 1 4 39 0 57 9 4 121 150 6 10 5 1 19 0 2 0 10 34 10 2 1 0 0 1 0 1 0 0 2 0 0 0 1 4 3 2 1 2 5 1 2 1 2 12 0 1 9 1 15 130 10 0 1 29 0 0 0 3 4 3 0 0 0 1 4 0 0 6
98 21 16 4 57 124 54 8 3 14 4 72 29 517 2325 942 250 984 220 260 106 167 92 325 136 6 362 1666 1115 332 527 73 223 817 204 7 162 339 2599 44 538 212 2387 68 188 452 70 5693 106 123 23 49 133 568 30 2 769 993 34 43 1750 6642 4244 3011 16158 33 1385 992 12159 1253 1493 30 99 8 3404 6010 23 3 31 2 1933 21 203 520 225 435 263 106 817 106 4246 192 116 420 1368 1123 8 54 170 162 3 31 1 2 20 13 0 10 0 0 12 14 7 63 351 29 26 41 11 309 60 256 14 7 21 5 7 16 7 20 45 55 21 43 6 35 5 2 135 76 208 26 243 18 17 353 628 110 112 3117 18 222 404 7 5 332 7 12 3 60 2 12 0 7 15 9 346 451 189 152 23 44 39 16 293 2143 41 173 2562 318 13 162 17 33 676 67 30 21 211 17 3 370 198 33 12 1 7 9 8 12
31 8 13 1 8 13 5 16 4 8 1 11 2 12 59 26 15 40 20 40 21 63 21 24 32 1 15 12 61 19 18 7 19 21 3 1 2 17 16 11 164 12 74 11 26 32 4 773 95 68 60 93 21 64 13 3 29 13 0 0 51 10179 999 133 263 19 102 8 1253 4026 886 3 15 8 67 187 36 0 5 22 2004 212 44 51 37 44 15 476 352 47 200 300 959 2596 1315 42 5 3 42 13 2 1 1 3 0 1 0 3 0 0 1 4 0 0 2 4 0 3 0 1 3 7 2 0 1 0 3 1 2 0 0 0 1 0 0 0 0 0 5 1 3 3 2 8 2 30 35 6 8 83 2 293 239 5 3 88 70 56 69 617 2 0 0 0 0 0 12 16 21 14 2 1 0 0 32 74 255 428 302 28 3 11 10 1 40 26 175 38 1537 2 0 223 143 2 2 2 1 1 0 2
16 7 7 2 1 10 3 2 8 2 5 6 2 3 22 12 5 42 19 7 5 5 5 3 3 1 2 6 22 21 4 9 22 12 1 0 2 21 18 1 101 4 24 20 20 27 1 6341 12 118 8 93 3 9 5 2 8 13 0 0 97 2556 124 22 45 19 19 4 1493 886 6800 28 18 19 54 2288 108 10 25 32 5784 308 14 9 2 7 5 1856 3531 72 508 122 61 263 82 43 29 2 6 3 1 1 3 4 1 1 0 1 0 0 1 0 0 0 5 2 1 5 0 2 1 3 3 1 4 0 5 1 1 1 4 1 1 2 0 1 0 0 4 0 1 7 3 5 2 25 26 4 7 47 4 421 455 2 5 137 46 36 37 364 1 2 0 0 1 1 3 20 36 13 4 1 0 0 48 64 172 436 312 41 4 9 6 1 69 26 160 68 1432 0 2 396 188 1 4 0 0 0 0 2
166 195 191 103 78 210 28 23 1085 92 335 702 265 5 10 4 20 7 80 15 63 59 16 11 66 6 9 3 73 110 34 624 4578 244 8 1 6 663 2 47 190 2 41 192 575 43 46 14 9 287 29 194 180 113 62 10 13 297 8 0 5 12 3 8 5 100 33 16 30 3 28 4418 2905 1157 800 31 3264 777 816 247 100 358 260 61 103 25 26 433 141 417 428 73 28 8 60 631 4923 763 12 8 126 126 399 447 72 643 30 76 162 77 579 1346 29 5 7 29 19 21 59 17 165 128 72 123 194 4 30 4 4 13 56 8 260 535 1 227 12 8 305 242 4 74 7 98 256 7 18 6 74 77 21 7 8 39 0 9 33 70 13 43 91 29 5 8 52 8 9 15 4 14 236 40 11 3 3 24 27 7 71 10 1217 704 226 30 9 1026 3 5 29 39 245 15 20 9 262 33 131 50 3 79
