32465 10082 7120 2837 1894 1454 4953 12579 117 193 10 900 1 1 2 2 0 2 2 0 72 52 5 13 23 0 6 1 7566 5131 1123 233 235 8 1 0 2 5 1 4 726 5 13 0 10 1 9 27 66 1 140 297 527 1692 443 258 161 9 0 1 1 40 9 3 1 0 183 24 4 178 90 52 17 8 90 9 6 0 36 4 254 22 1688 340 613 243 37 89 31 7 15 728 318 187 130 565 59 1729 49 33 18 0 51 7 4 47 16 10 48 27 29 63 0 0 0 0 1 0 0 1 0 1 0 0 0 0 0 0 0 0 3 0 13 11 1 9 0 0 2 1 0 1 0 0 0 0 0 0 0 0 2 1 0 0 0 1 2 3 4 3 1 0 0 2 2 0 0 0 0 0 1 0 9 2 0 0 1 1 0 0 51 5 3 2 0 29 5 1 5 0 2 0 1 6 55 4 1 0 0 2
10082 9284 2907 12581 2608 3750 286 4235 16 76 4 1840 2 0 2 1 0 0 0 0 96 44 2 8 11 0 2 1 427 891 807 115 75 5 0 0 0 1 1 0 563 1 6 0 0 1 9 12 36 1 38 81 54 207 73 171 111 3 0 0 2 13 3 2 0 0 97 10 0 59 33 15 5 1 45 3 3 0 25 3 94 7 601 133 527 242 10 44 19 2 4 228 104 63 34 143 20 92 19 12 10 2 45 4 1 68 7 3 21 18 38 77 0 0 0 0 0 0 1 0 0 0 0 0 0 0 0 0 0 0 5 0 7 14 0 5 0 0 0 5 0 0 0 4 2 0 1 0 2 0 0 0 0 1 0 0 0 0 0 1 1 0 0 2 1 0 0 0 0 0 1 2 3 3 0 0 0 0 0 0 47 2 3 1 0 22 1 0 0 0 1 0 0 8 41 1 0 1 0 0
7120 2907 16905 4909 505 5407 48 6533 31 4434 38 15922 0 0 3 0 0 1 0 0 111 49 3 4 18 1 2 3 170 59 83 7 16 1 0 0 1 1 1 3 537 2 8 1 1 0 3 16 40 1 43 77 40 163 69 167 53 0 0 0 0 14 2 1 0 0 90 2 1 62 43 12 3 3 14 4 15 0 27 0 102 4 614 131 511 166 9 45 12 3 7 213 103 66 48 39 62 54 21 10 32 6 160 32 11 204 19 14 88 45 97 196 0 0 0 0 0 0 0 0 0 0 0 1 1 1 0 0 0 0 8 0 20 27 1 15 0 0 3 0 0 1 0 6 4 0 1 0 0 0 2 0 0 4 0 0 0 0 1 0 2 5 1 4 11 0 0 0 0 0 0 1 8 0 0 0 2 0 0 0 108 7 4 0 0 43 3 0 0 1 2 0 0 14 112 4 1 0 1 1
2837 12581 4909 8905 3344 8896 33 1098 9 22 0 1665 0 0 1 2 0 0 1 0 109 45 1 4 10 0 0 1 189 90 221 20 16 0 0 0 0 0 0 1 430 1 3 0 1 0 5 2 12 0 26 52 25 111 38 119 152 0 0 0 0 6 1 0 2 0 71 6 0 40 19 5 2 0 18 2 1 0 6 0 35 3 411 104 439 199 8 15 1 3 1 97 53 31 19 35 20 25 20 6 5 2 52 9 4 89 4 7 47 18 49 94 0 0 0 0 0 0 0 0 2 0 0 0 1 0 0 0 0 0 5 1 9 10 0 7 0 0 2 1 0 0 0 3 3 0 0 0 0 0 0 0 0 0 0 0 0 0 0 0 3 1 0 2 1 0 0 0 0 0 1 1 3 0 0 0 0 0 0 0 49 3 0 0 0 18 2 0 0 0 3 0 0 4 52 2 1 1 0 0
1894 2608 505 3344 10435 9779 477 1393 17 36 13 2960 0 5 3 4 4 4 0 1 176 187 14 10 18 2 9 7 1141 2223 7807 678 629 37 0 1 13 19 0 6 324 3 14 3 2 0 4 12 19 1 24 53 97 368 96 109 1098 52 0 4 3 20 30 12 13 0 150 15 17 46 34 83 36 5 402 7 2 0 67 1 49 4 552 184 394 155 17 13 3 0 4 179 78 45 39 2070 27 189 45 125 2 1 42 11 5 107 7 4 21 14 22 115 0 0 1 0 1 0 0 0 0 1 0 10 4 0 0 0 0 0 5 2 17 35 4 21 0 0 1 3 0 4 0 1 4 0 0 0 1 0 2 0 0 0 0 0 0 0 1 0 6 4 0 3 17 2 0 0 0 0 2 1 16 6 0 1 0 0 1 0 108 5 6 1 0 49 0 0 0 0 1 0 0 15 59 7 0 1 1 0
1454 3750 5407 8896 9779 17695 370 2384 33 376 42 16798 0 0 3 0 1 2 1 0 214 140 8 8 27 0 3 2 422 420 3676 2124 955 14 0 0 5 9 1 3 465 3 4 1 1 2 5 8 25 0 21 54 60 231 62 127 279 11 0 0 3 7 3 0 1 0 134 7 3 33 19 72 50 6 251 8 10 0 89 2 48 1 551 193 588 255 20 18 7 1 6 155 79 35 32 2038 115 133 60 14 32 8 224 60 18 465 30 30 184 106 210 492 0 1 0 0 0 0 1 0 0 0 0 11 4 0 1 0 0 0 22 1 69 72 4 32 0 0 6 5 0 1 0 11 14 1 0 0 1 2 3 0 0 6 0 0 0 3 0 0 17 12 1 23 28 0 0 0 0 0 7 4 26 2 0 1 1 0 0 0 332 10 9 2 0 147 2 1 1 0 9 0 0 42 287 11 7 0 0 2
4953 286 48 33 477 370 9313 10677 3124 1236 86 483 4 0 1 0 0 1 0 0 31 31 4 4 10 2 4 2 1859 606 447 153 190 2 0 0 1 1 0 2 117 0 5 0 24 1 4 6 14 8 54 117 596 1114 314 44 41 5 1 1 1 10 5 4 0 0 54 9 2 49 17 286 5 12 70 4 108 2 42 1 53 12 537 83 81 32 12 21 8 1 7 270 109 46 39 426 901 6356 6 13 12 1 43 14 1 56 11 9 23 18 19 61 0 0 0 1 0 1 0 0 0 0 0 2 0 0 1 0 0 0 1 0 9 6 3 6 0 0 5 2 0 0 0 2 6 0 0 0 0 1 1 0 0 0 0 1 1 0 2 3 1 0 0 0 5 0 0 0 0 0 0 0 5 0 0 0 1 1 1 0 42 16 3 3 0 26 4 0 2 0 1 2 0 5 37 1 0 1 0 0
12579 4235 6533 1098 1393 2384 10677 27502 2942 15046 525 3583 5 0 1 2 1 9 0 0 57 53 7 5 17 1 2 4 352 265 542 385 457 7 0 0 0 14 2 5 583 9 12 0 16 0 5 41 61 2 104 298 283 548 330 175 44 9 1 0 5 17 8 5 1 0 119 10 2 163 70 147 25 12 84 10 305 1 225 6 220 9 1081 177 344 120 23 87 20 10 19 650 276 147 98 534 515 1633 17 28 82 6 190 46 1 156 67 26 168 98 138 193 0 0 0 0 1 0 0 0 2 0 1 0 1 1 2 0 0 0 3 0 16 21 1 15 0 0 2 4 0 0 0 2 4 0 0 0 0 0 0 0 0 2 0 0 0 1 2 4 3 1 1 6 9 0 0 0 0 1 5 1 11 5 0 0 3 2 0 0 74 5 10 0 0 48 3 1 8 0 1 0 0 5 155 5 1 2 0 1
117 16 31 9 17 33 3124 2942 3436 3429 220 500 39 0 0 0 0 1 0 0 24 24 0 1 4 0 1 0 38 9 12 13 110 2 0 0 2 2 0 0 29 0 6 9 331 6 1 5 2 147 2 34 220 72 61 5 8 7 0 0 3 2 0 0 0 0 7 1 3 7 8 973 6 104 54 1 394 11 126 32 34 74 37 9 14 4 2 57 17 32 43 21 11 1 3 66 3041 3265 1 2 9 0 15 3 0 21 4 0 16 14 11 21 0 0 0 0 3 0 1 0 2 2 0 5 3 0 1 0 0 0 0 0 2 19 0 11 1 0 11 6 0 3 0 1 1 1 0 0 5 5 0 0 2 0 0 1 5 0 4 4 0 0 0 0 2 0 1 1 0 2 0 1 2 1 2 1 0 1 8 0 30 6 18 0 0 19 0 5 5 0 1 12 1 4 17 0 1 0 0 0
193 76 4434 22 36 376 1236 15046 3429 25349 4361 15207 3 0 0 0 0 0 1 0 7 7 1 1 5 0 1 0 21 12 11 13 158 3 0 0 2 1 1 0 84 1 1 0 12 0 1 0 6 4 14 26 92 59 44 14 5 0 0 0 0 1 1 0 0 0 9 1 0 19 7 978 9 3 10 0 3243 0 1903 2 24 1 91 25 42 13 2 5 1 0 2 49 24 21 8 22 2542 853 4 1 71 2 271 72 4 262 76 48 189 139 198 273 0 0 0 0 1 0 0 0 0 0 0 3 3 0 0 0 0 0 14 0 14 17 0 11 0 0 1 0 0 0 0 8 1 0 0 0 0 1 1 0 0 2 0 0 0 2 0 1 3 2 2 9 3 0 0 0 0 0 3 1 7 2 0 0 1 2 0 0 96 4 4 0 0 42 2 0 1 0 5 0 1 14 211 7 1 0 0 1
10 4 38 0 13 42 86 525 220 4361 5417 8216 0 0 1 0 1 0 0 0 9 6 3 0 0 0 0 0 4 1 6 10 121 0 0 0 0 1 0 0 5 0 0 0 2 0 1 0 0 2 1 1 12 7 8 2 2 0 0 0 0 0 0 0 0 0 2 1 1 0 0 412 8 13 5 0 2696 0 1124 0 0 0 8 3 5 3 0 0 0 0 0 1 1 1 1 11 1207 86 2 0 8 0 93 24 1 130 14 7 55 48 47 126 0 0 0 0 0 0 0 0 0 0 0 3 2 0 0 0 0 0 4 0 16 12 0 4 0 0 2 2 0 0 0 2 6 0 0 0 1 0 0 0 0 2 0 0 0 0 1 0 0 4 0 4 6 0 0 0 0 0 3 2 7 0 0 0 1 0 0 0 55 0 1 1 0 27 0 0 0 0 4 0 0 8 92 1 2 0 0 0
900 1840 15922 1665 2960 16798 483 3583 500 15207 8216 44657 0 1 3 6 4 5 1 3 382 344 33 12 32 2 3 5 381 270 1417 583 4437 64 2 0 12 53 9 11 648 2 12 3 5 3 9 13 18 1 23 61 76 314 90 151 204 57 1 3 4 22 8 6 4 0 193 29 10 44 23 2179 220 57 397 7 2264 0 2546 0 35 1 604 289 621 271 16 19 4 1 7 162 75 47 28 457 2081 394 62 24 145 37 1141 252 56 1941 138 108 719 423 812 2059 0 0 0 2 6 0 1 1 5 4 0 31 15 1 1 0 0 1 112 6 272 280 9 124 1 0 15 20 1 3 1 45 79 1 2 0 9 2 6 0 1 17 0 4 1 4 2 2 40 62 6 85 102 1 0 0 1 0 30 23 92 8 0 2 2 0 3 0 1325 54 36 9 0 612 2 1 1 0 53 2 1 203 1186 42 31 5 1 5
1 2 0 0 0 0 4 5 39 3 0 0 6871 0 3 6 24 693 6136 22 3 6 1 9 2 0 1 5 1 0 0 0 4 2 0 0 4 215 1 1 18 1 48 5584 4173 1937 4 53 7 225 0 16 1 2 3 0 2 0 0 0 3 17 7 2 1 0 3 3 12 12 90 119 120 228 1 59 1215 485 550 21 61 48 2 2 1 3 0 115 118 211 255 4 2 1 27 1 374 31 2 0 1 1 0 1 2 3 0 0 0 0 2 3 2 23 1690 6 9 39 21 966 214 1679 36 2 0 2 1 16 0 18 3 6 4 24 1 34 1 0 91 60 209 6 202 0 1 17 136 47 336 1299 5 12 31 0 2 34 1 2 3 6 0 1 0 0 10 1 164 77 19 656 0 5 13 3 45 152 2 10 205 9 17 34 340 7 24 10 6 41 36 0 3 101 26 5 0 0 1 2 0 1
1 0 0 0 5 0 0 0 0 0 0 1 0 17247 7328 76 1914 71 9 52 15 13 81 1294 13 95 6853 1299 22 0 2 6 18 304 7012 6634 2342 70 51 3211 386 29 222 1 3 12 773 18 14 0 1 1 2 8 1 1 48 298 1184 1094 24 40 235 304 511 0 22 874 73 29 5 5 10 3 1011 7 0 0 9 0 7 1 6 5 1 2 71 1 4 1 26 13 8 14 79 45 0 0 2 74 0 0 0 0 0 0 0 0 0 0 0 0 0 0 1 1 2 1 2 1 10 20 7 0 0 0 0 1 0 0 0 0 0 0 0 5 0 0 3 8 0 2 0 0 0 0 0 0 3 7 0 0 0 0 0 0 0 0 0 0 0 0 0 0 0 0 0 1 0 0 0 0 1 1 1 1 0 0 0 0 0 1 3 0 0 0 0 0 1 0 0 0 0 0 0 0 0 0 0 0
2 2 3 1 3 3 1 1 0 0 1 3 3 7328 22620 5768 5493 1710 43 475 57 37 403 886 17 85 4966 3408 23 1 6 7 28 171 1188 342 1540 74 509 892 1931 293 255 12 6 36 154 170 172 2 12 16 0 9 2 11 31 161 92 275 82 176 489 391 887 0 31 271 682 115 51 14 27 2 890 121 4 0 8 1 28 1 13 6 21 11 61 26 33 9 85 193 62 90 375 66 3 1 5 40 0 0 1 0 0 1 0 0 0 0 0 1 2 0 13 3 5 0 8 9 15 21 3 1 0 2 0 0 0 0 0 0 0 5 0 5 1 0 7 17 0 1 1 0 2 3 0 0 12 13 2 1 1 0 0 1 0 0 0 2 0 0 0 0 0 2 2 0 1 2 0 0 2 0 4 2 1 1 2 0 6 6 2 0 1 2 4 2 6 0 0 6 0 0 2 0 0 0 0 0
2 1 0 2 4 0 0 2 0 0 0 6 6 76 5768 17481 1136 6527 2670 3537 10 16 150 559 2 17 1479 4041 3 1 0 4 34 64 51 10 340 348 500 22 811 215 104 13 7 33 10 149 100 2 8 13 0 2 0 3 13 32 11 40 60 109 131 85 187 0 10 54 361 66 37 10 90 1 197 134 0 1 12 2 17 3 0 5 5 3 5 16 34 8 89 146 44 79 249 22 1 0 3 11 0 0 0 0 0 0 0 0 0 0 0 1 0 10 147 1 1 9 2 129 33 223 7 1 0 0 0 2 0 9 0 0 0 9 0 7 0 0 17 7 28 2 29 0 1 1 7 7 94 25 1 0 2 0 0 2 0 0 0 1 0 1 0 0 1 0 2 2 1 3 0 0 1 0 2 4 1 1 6 0 6 11 5 0 0 4 0 1 4 0 0 3 0 0 0 0 0 0 0 1
0 0 0 0 4 1 0 1 0 0 1 4 24 1914 5493 1136 2890 967 998 2848 51 54 278 314 44 258 355 211 9 4 2 3 24 52 233 175 1979 854 351 1411 946 90 119 95 19 137 353 70 39 6 4 3 0 5 0 4 11 51 61 70 131 67 69 89 91 0 11 84 145 26 30 7 30 34 310 33 2 0 16 4 8 4 9 4 17 9 21 9 12 7 84 57 18 20 82 36 2 0 5 8 0 1 1 0 2 3 0 23 0 0 0 5 69 10 68 57 30 6 73 14 487 348 85 21 9 16 42 27 45 25 0 1 3 39 2 42 65 10 130 224 10 268 12 3 17 16 6 5 404 41 76 3 1 0 0 4 1 1 0 1 1 0 0 1 6 26 4 10 1 3 1 0 6 28 2 10 0 0 7 1 24 66 31 5 3 38 0 2 2 0 3 6 7 6 68 13 6 4 1 13
2 0 1 0 4 2 1 9 1 0 0 5 693 71 1710 6527 967 9740 1965 1559 4 26 67 1506 8 14 1839 931 13 1 5 4 53 48 36 8 266 783 2332 16 832 190 782 97 277 3475 22 379 122 9 7 35 1 6 4 2 21 14 11 8 5777 408 362 621 413 0 23 71 515 163 131 19 206 11 88 214 1 1 35 29 55 16 5 6 8 8 16 31 60 28 890 213 51 100 382 16 4 1 6 11 0 2 0 0 2 2 0 1 0 0 1 6 1 127 1718 9 12 74 16 820 263 1594 34 3 2 2 2 39 3 93 15 7 6 46 2 49 2 3 137 98 657 11 754 3 5 33 83 90 410 676 5 9 13 1 0 10 1 0 0 5 2 1 0 1 19 2 131 160 41 49 7 9 20 14 19 181 3 2 100 4 24 44 37 9 18 23 1 2 8 0 5 24 22 12 4 0 1 2 2 2
2 0 0 1 0 1 0 0 0 1 0 1 6136 9 43 2670 998 1965 68128 10059 1 9 27 164 4 36 89 94 1 0 0 0 9 5 9 1 53 4638 97 100 219 31 249 5258 1219 3988 15 171 31 63 1 47 1 1 0 0 9 4 1 0 112 87 42 92 32 0 8 3 31 37 107 13 104 1446 16 152 20 17 43 43 49 40 0 1 2 2 4 60 88 100 553 43 10 12 78 5 18 2 3 1 1 4 0 1 5 4 0 16 1 0 0 16 158 176 3553 173 73 312 308 2003 1920 7661 577 8 5 15 39 104 55 166 2 5 7 132 7 103 97 15 479 687 687 258 623 0 13 36 88 247 3175 680 56 14 24 1 1 23 2 0 1 5 0 2 0 1 22 20 118 153 17 196 6 7 34 20 36 163 5 7 134 10 79 176 643 4 26 71 5 17 23 0 2 58 36 4 50 4 4 1 2 8
0 0 0 0 1 0 0 0 0 0 0 3 22 52 475 3537 2848 1559 10059 5213 9 14 76 112 9 46 138 88 0 0 0 1 7 5 45 4 300 332 511 279 373 50 57 54 7 83 40 65 32 1 1 7 0 0 0 2 3 4 3 3 97 67 35 37 28 0 7 9 101 23 18 4 10 18 35 39 0 0 5 0 9 1 0 0 6 2 6 5 17 4 45 32 13 22 65 10 0 0 2 3 0 0 0 0 0 0 0 0 0 0 0 2 30 6 85 28 4 7 21 16 162 367 36 0 0 3 7 13 14 15 1 0 0 3 0 3 7 0 28 40 5 56 6 1 3 7 1 2 222 15 4 1 2 0 0 0 0 0 0 1 0 1 0 0 0 4 3 7 0 3 0 0 0 0 1 7 0 0 5 0 5 11 6 0 2 4 0 1 2 0 0 9 0 1 3 0 2 1 0 1
72 96 111 109 176 214 31 57 24 7 9 382 3 15 57 10 51 4 1 9 6142 5737 1536 82 435 90 21 11 125 77 134 86 448 257 1 0 151 233 7 102 1112 37 69 18 11 1 51 27 46 5 2 5 8 39 8 646 129 50 4 10 2 15 27 13 8 0 83 73 20 19 9 471 297 98 708 21 75 7 379 0 11 2 298 50 3336 651 200 5 5 2 25 31 20 20 94 691 70 26 636 88 6 5 6 2 7 65 2 6 7 6 14 110 0 0 0 2 17 1 15 0 23 8 0 30 7 0 11 0 1 3 6 4 32 124 9 125 6 1 63 57 1 35 0 8 31 1 1 0 42 0 43 0 1 2 0 1 0 0 2 0 2 3 0 3 31 6 0 2 0 0 3 5 79 37 3 3 0 0 1 0 220 126 34 20 1 171 1 1 1 0 11 0 2 44 47 5 18 5 1 8
52 44 49 45 187 140 31 53 24 7 6 344 6 13 37 16 54 26 9 14 5737 24235 3900 548 6054 1657 52 29 190 59 108 118 721 381 2 1 186 465 20 2095 1121 236 375 60 31 12 241 203 350 6 11 21 19 113 25 163 177 105 7 12 23 83 87 37 19 0 186 167 31 88 46 786 575 174 1184 137 100 5 703 0 33 3 394 223 4271 1482 440 29 31 14 120 183 85 148 615 917 129 42 2766 157 6 10 12 4 12 57 3 7 14 6 18 149 1 1 1 4 49 1 42 1 82 10 9 42 21 11 23 5 3 2 9 2 52 183 28 168 9 0 143 156 0 65 0 10 39 4 0 0 77 2 84 0 1 2 0 0 0 2 1 0 5 8 0 5 43 9 1 2 2 2 7 15 104 67 3 6 1 0 2 0 326 180 72 36 1 252 6 2 3 1 17 4 1 43 74 3 18 11 1 19
5 2 3 1 14 8 4 7 0 1 3 33 1 81 403 150 278 67 27 76 1536 3900 8235 6799 227 5287 136 99 57 8 13 25 197 621 15 13 836 531 24 983 6034 2022 216 41 7 13 86 71 198 1 8 8 7 42 2 19 47 61 9 41 29 33 16 5 12 1 102 117 24 28 21 133 234 27 190 37 20 3 168 0 11 1 54 35 142 100 47 10 20 3 58 149 35 52 208 81 10 4 120 21 1 1 0 0 2 6 0 3 1 0 4 11 1 0 1 0 9 1 8 0 20 7 6 7 5 1 3 3 1 1 1 0 8 22 2 28 1 0 23 18 0 15 0 2 6 0 1 0 18 2 10 2 0 0 0 0 0 0 0 2 1 2 0 0 6 2 0 1 0 2 2 3 23 9 0 2 1 0 5 0 36 21 11 7 1 36 1 1 3 0 0 3 1 13 6 1 1 1 1 4
13 8 4 4 10 8 4 5 1 1 0 12 9 1294 886 559 314 1506 164 112 82 548 6799 17283 887 7027 5163 590 119 10 31 8 59 85 772 285 236 298 519 4492 3291 11644 1918 158 118 1640 3060 127 570 1 12 6 14 150 13 16 402 163 801 129 1347 51 40 235 215 0 710 2430 172 54 44 37 239 49 645 151 5 0 94 0 23 2 127 206 159 366 489 22 39 19 1878 531 58 116 388 65 3 4 188 193 0 0 0 0 1 0 0 1 0 0 0 1 0 0 19 6 36 1 46 10 83 32 16 2 2 0 3 0 3 0 0 1 1 11 1 21 6 2 50 78 2 25 7 1 3 2 10 1 38 63 14 2 3 1 0 2 0 0 1 3 0 1 0 1 1 1 4 1 0 6 0 0 2 10 2 13 0 2 26 0 15 12 27 1 4 17 1 2 9 0 1 3 0 0 2 1 0 1 0 2
23 11 18 10 18 27 10 17 4 5 0 32 2 13 17 2 44 8 4 9 435 6054 227 887 5664 121 162 17 63 11 17 6 80 33 9 6 28 100 2 3632 242 134 249 13 8 5 2288 56 101 1 8 12 15 177 27 77 143 11 12 6 9 39 31 27 5 0 623 149 11 43 13 85 148 55 94 51 15 1 131 2 10 4 365 484 1350 1824 2520 4 11 2 45 88 45 54 267 76 10 7 3469 208 2 1 0 0 0 8 0 0 1 1 1 12 1 0 0 3 26 0 26 1 48 9 10 12 4 3 9 4 0 1 2 2 5 33 2 38 1 0 45 75 1 37 1 1 12 1 1 0 41 0 28 0 0 0 1 0 0 1 0 1 0 2 0 1 7 2 1 1 0 0 2 1 21 20 0 1 0 0 0 0 37 54 24 5 2 39 1 0 2 1 1 1 1 8 2 0 5 1 0 10
0 0 1 0 2 0 2 1 0 0 0 2 0 95 85 17 258 14 36 46 90 1657 5287 7027 121 5281 1514 14 2 1 0 2 12 23 50 34 89 189 5 2848 954 451 120 33 4 7 160 27 70 0 1 2 0 8 1 2 8 2 39 5 7 11 5 1 2 0 34 60 6 10 5 8 94 23 20 16 2 0 33 0 2 0 10 15 18 55 15 3 2 5 14 39 9 26 78 10 1 1 26 3 0 0 0 0 0 0 0 1 0 0 0 1 2 0 2 0 8 0 28 0 35 34 17 0 0 1 2 2 1 0 0 0 0 4 1 11 1 0 15 47 0 12 0 0 3 0 0 0 14 0 7 0 0 0 0 0 0 0 0 1 0 0 0 0 0 0 0 0 0 0 0 0 4 1 0 0 0 0 1 0 4 8 14 0 0 4 0 0 2 0 0 1 0 0 4 0 1 1 0 2
6 2 2 0 9 3 4 2 1 1 0 3 1 6853 4966 1479 355 1839 89 138 21 52 136 5163 162 1514 31328 9857 172 9 48 8 29 214 6517 682 543 132 467 3322 287 83 170 26 3 195 1379 12 29 1 2 7 7 99 11 7 472 340 888 425 173 19 163 219 1016 0 358 2182 54 14 4 15 72 13 1357 8 0 0 29 0 10 0 70 82 52 89 462 1 2 2 63 41 10 16 68 58 0 2 53 353 0 0 0 0 0 0 0 0 0 0 0 0 1 0 7 2 8 0 11 8 23 34 8 2 2 0 1 1 2 1 0 1 0 4 1 7 1 0 13 24 1 7 0 0 1 1 0 0 6 13 5 0 0 0 0 0 0 0 0 0 0 0 0 0 0 1 3 0 0 1 0 0 0 2 1 0 0 0 2 0 4 3 2 1 0 5 0 0 0 0 0 0 0 0 0 0 1 0 0 0
1 1 3 1 7 2 2 4 0 0 0 5 5 1299 3408 4041 211 931 94 88 11 29 99 590 17 14 9857 15811 154 16 40 7 45 195 298 99 392 130 4023 22 793 232 428 25 8 364 77 101 108 0 8 8 9 61 9 6 408 245 198 275 536 218 797 1452 6191 0 200 852 787 114 45 11 64 2 1717 72 0 0 24 0 29 0 36 37 24 36 309 13 36 6 146 166 31 80 264 108 3 2 9 318 0 0 0 0 1 1 0 0 0 0 0 0 0 0 163 1 2 2 2 132 20 108 1 0 0 0 1 1 0 0 0 2 1 6 0 5 0 0 12 11 35 2 32 0 0 5 8 3 16 307 1 2 4 0 0 2 0 0 2 4 0 0 0 0 5 0 60 15 4 8 0 2 4 2 2 52 1 1 16 1 3 1 0 2 1 1 1 2 5 0 0 7 1 0 0 0 1 0 0 2
7566 427 170 189 1141 422 1859 352 38 21 4 381 1 22 23 3 9 13 1 0 125 190 57 119 63 2 172 154 48593 8603 2209 81 180 21 13 3 7 35 22 40 327 21 236 6 9 5 60 83 80 2 74 166 2165 16726 743 114 4486 21 8 0 25 141 423 195 107 0 9025 289 103 157 59 104 68 30 1453 97 4 0 101 4 102 8 1723 1203 270 175 398 29 13 6 80 473 171 148 417 2181 27 3823 165 1270 8 2 15 4 8 108 4 3 16 17 31 171 0 0 4 1 3 1 1 1 5 0 0 11 9 1 2 0 0 0 5 2 42 86 4 54 0 0 15 11 1 4 0 7 22 0 0 0 3 5 6 1 0 0 0 3 3 0 4 3 5 12 0 5 38 1 0 0 0 0 5 6 45 11 0 0 1 1 4 0 198 26 12 9 0 118 2 0 5 1 7 2 0 43 42 1 12 2 0 5
5131 891 59 90 2223 420 606 265 9 12 1 270 0 0 1 1 4 1 0 0 77 59 8 10 11 1 9 16 8603 13335 4582 116 139 8 1 0 5 3 2 3 311 7 22 1 0 2 5 18 28 1 38 127 315 1531 237 89 3951 13 1 0 1 31 33 17 18 0 220 22 17 89 46 19 16 6 365 13 4 0 19 1 96 6 908 238 229 115 26 39 10 3 12 372 145 72 48 1203 10 506 26 130 2 0 10 2 2 21 1 1 10 10 11 33 0 0 0 0 1 0 1 0 0 0 0 2 0 0 1 0 0 0 3 0 6 9 1 6 0 0 2 0 0 0 0 2 1 0 0 0 1 0 1 1 1 0 0 0 0 1 0 5 0 0 1 1 4 0 0 0 0 0 1 0 9 0 0 0 0 0 0 0 30 2 3 1 0 18 0 0 1 0 0 0 0 5 17 2 0 2 0 2
1123 807 83 221 7807 3676 447 542 12 11 6 1417 0 2 6 0 2 5 0 0 134 108 13 31 17 0 48 40 2209 4582 16482 506 298 9 3 2 4 12 4 12 364 6 52 0 0 1 7 13 20 0 27 82 132 656 131 104 8388 15 3 0 6 21 94 52 33 0 725 99 37 63 27 29 32 6 866 15 2 0 44 3 58 6 688 234 386 222 121 23 11 4 16 210 95 55 81 3568 18 213 136 3157 1 1 11 8 3 34 2 4 10 4 15 43 0 0 2 0 0 0 1 0 0 0 0 3 1 0 0 0 0 0 3 0 5 14 1 9 0 0 3 1 0 0 0 1 2 0 0 0 1 0 0 0 0 1 0 0 0 0 0 1 0 1 0 2 1 0 0 0 0 1 1 0 5 0 0 0 1 0 0 0 43 4 2 0 0 20 1 0 0 0 4 0 0 9 16 1 2 1 0 3
233 115 7 20 678 2124 153 385 13 13 10 583 0 6 7 4 3 4 0 1 86 118 25 8 6 2 8 7 81 116 506 2735 3394 1436 1 1 59 175 21 4 88 0 12 1 0 1 4 11 7 0 1 8 12 54 12 13 29 4871 1 359 6 25 19 4 7 0 18 74 55 20 13 121 141 3 4490 2 2 1 50 0 7 0 63 16 48 24 16 1 2 0 2 24 11 13 9 2925 27 34 24 6 3 0 26 8 5 73 2 3 28 8 26 87 0 0 1 0 3 0 1 1 2 0 0 4 3 0 1 0 0 0 4 1 7 18 3 17 0 1 5 8 1 2 0 3 6 0 0 0 2 1 0 0 0 1 0 0 0 1 0 0 3 0 1 4 10 1 0 0 0 1 3 2 11 1 0 1 0 0 3 0 69 10 5 0 0 33 0 0 0 0 4 0 0 10 42 5 5 0 0 1
235 75 16 16 629 955 190 457 110 158 121 4437 4 18 28 34 24 53 9 7 448 721 197 59 80 12 29 45 180 139 298 3394 13060 5043 10 4 276 2812 106 63 490 12 53 14 11 15 63 44 12 1 5 26 41 138 55 52 71 2477 9 119 26 61 56 36 30 0 72 322 126 42 26 1344 2459 72 8459 19 22 2 508 0 24 2 200 92 243 103 112 2 3 3 14 68 29 16 41 2577 372 125 54 33 18 10 126 23 18 388 11 29 97 64 135 443 2 0 16 6 19 0 20 6 56 28 8 33 22 3 11 2 2 3 31 6 83 179 23 164 6 4 93 75 4 52 9 13 68 2 3 0 50 10 61 0 1 3 0 6 1 3 0 2 13 14 3 21 42 9 3 2 1 0 16 9 83 41 2 8 2 0 10 1 450 150 37 38 3 305 1 0 1 0 25 5 1 86 260 10 21 10 0 24
8 5 1 0 37 14 2 7 2 3 0 64 2 304 171 64 52 48 5 5 257 381 621 85 33 23 214 195 21 8 9 1436 5043 17184 106 216 5281 3166 105 170 538 10 69 3 2 8 105 43 4 0 0 3 4 16 3 6 22 6156 423 4589 22 59 106 90 122 0 28 2393 149 31 9 167 636 27 8357 16 1 1 132 0 10 0 32 9 39 27 156 1 5 1 16 20 11 10 38 597 9 4 15 60 0 1 3 1 3 10 0 4 1 1 2 21 2 0 1 3 47 2 24 6 72 12 5 43 18 6 22 5 7 2 0 4 13 72 20 107 4 1 98 119 0 108 5 5 35 4 1 1 71 8 94 0 0 2 0 1 0 0 0 2 0 3 0 0 13 3 3 6 0 1 2 4 43 40 0 5 2 0 6 0 78 68 18 28 0 54 0 1 0 0 5 6 1 8 18 4 12 5 1 27
1 0 0 0 0 0 0 0 0 0 0 2 0 7012 1188 51 233 36 9 45 1 2 15 772 9 50 6517 298 13 1 3 1 10 106 6814 2957 351 44 7 1618 25 7 38 0 0 3 990 3 0 0 0 1 1 4 0 0 22 102 1372 387 3 6 42 54 93 0 14 847 11 6 1 2 10 4 296 0 0 0 4 0 0 0 2 5 6 2 29 0 0 1 3 2 2 0 15 16 0 0 0 33 0 0 0 0 0 0 0 0 0 0 0 0 0 0 4 0 6 0 4 1 10 12 4 0 0 0 0 0 0 0 0 0 0 2 1 2 2 0 5 10 0 2 0 0 0 0 0 0 6 1 0 0 0 0 0 0 0 0 0 0 0 0 0 0 0 0 0 0 0 0 0 0 1 1 0 0 0 0 0 0 1 1 2 0 0 0 0 0 0 0 0 0 0 0 1 0 0 0 0 0
0 0 0 0 1 0 0 0 0 0 0 0 0 6634 342 10 175 8 1 4 0 1 13 285 6 34 682 99 3 0 2 1 4 216 2957 2153 1891 43 12 907 37 3 36 0 0 2 328 0 1 0 0 0 0 3 0 0 9 134 2706 906 2 4 25 32 31 0 6 465 15 0 0 1 3 0 228 1 0 0 0 0 0 0 2 0 1 2 17 0 0 0 1 2 1 1 17 12 0 0 1 9 0 0 0 0 0 0 0 0 0 0 0 0 0 0 0 0 1 0 0 0 0 1 0 0 1 0 0 0 0 0 0 0 0 0 0 4 0 0 0 2 0 0 0 0 0 0 0 0 0 1 0 0 0 0 0 0 0 0 0 1 0 0 0 0 0 0 0 0 0 0 0 0 0 0 0 0 0 0 0 0 1 0 0 0 0 0 0 0 0 0 0 0 0 0 0 0 1 0 0 0
2 0 1 0 13 5 1 0 2 2 0 12 4 2342 1540 340 1979 266 53 300 151 186 836 236 28 89 543 392 7 5 4 59 276 5281 351 1891 8124 4174 250 1025 1117 59 103 16 8 34 306 41 24 5 2 2 0 9 0 10 9 505 475 2907 57 57 132 107 141 0 8 956 227 40 12 47 186 33 1259 24 1 0 56 1 6 2 8 1 21 12 41 6 5 2 26 20 12 18 70 97 1 0 11 19 1 3 3 0 3 3 0 14 1 1 0 12 17 2 11 12 40 3 37 7 250 43 20 52 25 12 52 12 16 11 0 4 6 84 13 88 34 3 167 242 7 235 7 2 27 23 3 0 165 16 133 4 1 2 3 4 0 1 0 0 0 0 1 0 5 23 3 6 1 2 6 2 15 86 2 7 1 1 9 1 38 78 21 20 2 48 0 0 3 0 11 6 3 4 34 5 12 4 2 36
5 1 1 0 19 9 1 14 2 1 1 53 215 70 74 348 854 783 4638 332 233 465 531 298 100 189 132 130 35 3 12 175 2812 3166 44 43 4174 20442 553 620 718 61 280 2011 184 406 195 202 27 39 4 16 5 21 5 11 31 699 62 226 358 189 138 154 72 0 46 452 205 84 72 152 3706 690 1714 136 13 10 159 3 36 18 37 18 61 38 80 23 24 19 333 53 16 25 105 185 2 4 33 16 3 8 3 5 6 16 5 42 1 2 0 34 119 21 318 92 225 40 348 177 1282 990 302 141 70 35 120 50 80 58 8 8 20 268 35 347 94 21 875 932 51 644 94 4 100 60 24 13 958 179 410 8 14 3 1 7 0 2 2 0 1 7 4 2 31 53 42 47 10 23 22 5 120 249 20 52 8 5 86 9 216 346 211 93 11 183 1 7 4 2 25 33 25 17 129 11 45 24 4 121
1 1 1 0 0 1 0 2 0 1 0 9 1 51 509 500 351 2332 97 511 7 20 24 519 2 5 467 4023 22 2 4 21 106 105 7 12 250 553 11376 11 264 57 571 29 14 322 13 494 47 2 1 9 0 13 2 1 39 84 6 22 8654 877 1713 1586 5832 0 35 87 6759 310 133 31 244 3 478 212 1 0 69 1 70 1 3 8 6 13 42 12 13 6 549 80 46 89 396 65 1 1 4 28 0 1 0 0 0 3 0 0 0 0 0 5 0 2 247 2 3 2 2 152 22 133 1 2 1 2 2 4 1 5 4 1 3 9 0 15 1 1 19 26 34 3 51 1 3 12 69 7 42 677 6 7 9 0 1 7 0 0 0 2 0 1 0 1 5 2 104 41 13 27 3 1 13 9 18 135 0 2 97 3 8 6 4 5 13 5 4 1 12 1 2 27 12 7 2 0 1 0 0 2
4 0 3 1 6 3 2 5 0 0 0 11 1 3211 892 22 1411 16 100 279 102 2095 983 4492 3632 2848 3322 22 40 3 12 4 63 170 1618 907 1025 620 11 8899 613 144 105 114 5 4 2161 20 44 2 2 2 6 69 7 10 107 113 570 221 4 14 15 12 8 0 272 654 17 9 4 63 312 133 222 14 3 0 127 0 5 1 52 104 99 231 161 3 4 3 13 53 17 9 92 20 0 1 148 39 0 0 0 0 0 1 0 8 0 0 0 3 13 0 10 28 94 9 204 4 423 239 153 10 8 6 10 5 14 5 0 1 0 33 4 66 23 3 158 321 1 79 1 2 10 5 0 0 156 1 43 0 0 0 0 1 0 0 0 0 0 0 0 0 2 2 0 1 2 1 1 0 3 15 0 3 0 0 3 0 24 36 89 4 1 16 0 0 0 1 3 1 0 2 18 3 6 2 0 9
726 563 537 430 324 465 117 583 29 84 5 648 18 386 1931 811 946 832 219 373 1112 1121 6034 3291 242 954 287 793 327 311 364 88 490 538 25 37 1117 718 264 613 7301 6872 856 126 92 452 128 424 2192 14 116 103 33 153 351 1436 263 132 24 50 383 196 84 41 53 0 364 249 125 252 276 439 406 60 941 318 67 8 374 3 233 25 707 202 640 306 222 214 189 92 809 1667 350 578 941 691 83 78 237 191 4 10 13 7 13 84 2 6 14 5 14 169 0 2 13 1 18 1 7 3 37 11 4 17 10 4 15 5 1 1 6 3 41 144 16 161 6 1 73 64 0 48 1 4 33 3 11 1 46 14 53 13 10 3 0 8 4 1 2 25 3 5 0 6 58 7 4 8 2 0 9 7 119 61 11 10 7 12 24 1 292 150 24 41 6 234 26 2 59 0 12 24 6 58 66 3 12 7 1 22
5 1 2 1 3 3 0 9 0 1 0 2 1 29 293 215 90 190 31 50 37 236 2022 11644 134 451 83 232 21 7 6 0 12 10 7 3 59 61 57 144 6872 8703 4468 28 38 134 144 99 1613 1 4 4 1 35 2 4 33 5 19 5 121 36 15 7 11 0 102 108 29 29 39 9 52 4 69 104 2 1 23 0 9 1 27 34 55 91 35 26 32 18 333 731 40 109 320 17 1 0 48 17 0 0 0 0 0 2 0 0 0 0 1 0 0 0 3 0 6 0 2 1 4 1 3 0 0 1 1 0 0 0 0 0 0 2 0 3 0 0 5 10 0 3 0 0 1 0 3 0 2 9 2 1 5 0 0 0 0 0 0 1 0 0 0 0 1 0 2 1 0 3 0 0 0 0 2 1 0 0 10 0 3 1 4 0 2 3 2 0 5 0 1 6 0 0 0 0 1 0 0 0
13 6 8 3 14 4 5 12 6 1 0 12 48 222 255 104 119 782 249 57 69 375 216 1918 249 120 170 428 236 22 52 12 53 69 38 36 103 280 571 105 856 4468 9963 366 469 1774 481 364 2624 14 13 22 23 218 16 20 568 119 193 49 2033 253 577 1328 618 0 862 980 869 135 105 44 247 11 963 1093 8 2 110 1 27 1 183 236 187 343 393 56 146 210 6118 449 133 224 2706 137 8 6 194 278 0 0 0 0 0 1 0 1 0 0 0 1 1 1 22 1 7 0 8 14 17 18 4 0 2 1 1 2 0 0 1 0 0 6 0 13 0 0 14 20 3 9 1 1 1 5 32 0 17 88 4 13 24 0 1 11 1 0 2 5 0 0 0 0 0 0 7 9 6 14 1 0 3 3 36 34 1 11 82 6 5 4 8 2 21 2 4 11 24 1 0 73 19 4 1 0 0 1 0 3
0 0 1 0 3 1 0 0 9 0 0 3 5584 1 12 13 95 97 5258 54 18 60 41 158 13 33 26 25 6 1 0 1 14 3 0 0 16 2011 29 114 126 28 366 12217 2517 314 55 310 26 241 1 34 2 3 1 4 7 2 1 1 57 160 60 65 16 3 16 37 55 46 215 256 5076 3645 16 263 1101 1507 5653 33 93 100 6 7 15 12 15 150 198 259 738 45 7 22 92 2 76 14 12 0 2 0 6 2 3 14 0 26 0 2 2 18 69 22 795 67 164 115 330 408 1227 2422 393 60 22 28 64 33 67 34 1 6 6 160 11 220 83 11 476 800 97 343 114 4 50 35 72 32 1151 297 199 38 58 2 4 33 1 2 6 13 1 3 1 0 19 25 47 62 15 125 8 8 43 121 75 83 6 11 231 15 142 273 688 33 51 134 6 49 49 2 10 160 37 7 73 14 26 14 5 52
10 0 1 1 2 1 24 16 331 12 2 5 4173 3 6 7 19 277 1219 7 11 31 7 118 8 4 3 8 9 0 0 0 11 2 0 0 8 184 14 5 92 38 469 2517 14242 3986 10 264 56 6569 4 185 14 11 9 1 4 1 5 0 36 109 77 36 15 8 22 9 81 70 385 351 339 631 13 233 3506 607 1404 259 498 496 8 8 6 10 10 1302 863 5268 4088 77 15 18 130 2 1922 224 9 2 2 3 0 2 4 4 0 3 6 1 8 8 2 3 438 5 3 6 7 184 46 216 9 0 3 7 12 11 5 2 8 7 1 24 0 30 0 0 36 27 26 11 42 4 2 127 702 41 133 1770 16 199 388 4 15 355 30 2 30 86 0 2 0 0 20 3 133 219 106 1277 4 9 25 23 526 519 29 70 2366 132 24 31 15 18 355 20 63 617 506 3 2 1157 270 12 9 0 2 4 3 8
1 1 0 0 0 2 1 0 6 0 0 3 1937 12 36 33 137 3475 3988 83 1 12 13 1640 5 7 195 364 5 2 1 1 15 8 3 2 34 406 322 4 452 134 1774 314 3986 8554 11 420 98 62 6 11 1 8 0 2 27 1 4 3 1721 307 391 864 392 0 33 34 172 106 160 19 169 5 54 450 20 2 92 3 65 4 5 5 5 9 15 58 104 79 3124 168 39 44 468 4 31 6 4 15 0 7 1 0 4 2 0 0 0 1 0 4 2 12 1584 8 5 12 5 571 153 802 19 3 1 1 1 32 1 11 13 9 6 27 1 32 0 3 80 65 190 6 311 3 4 84 447 75 187 2639 6 30 59 0 1 74 2 1 0 9 0 4 0 4 24 4 339 227 46 272 5 15 42 25 154 650 6 16 754 49 19 35 12 20 123 16 9 25 51 0 3 174 56 24 3 0 4 3 2 2
9 9 3 5 4 5 4 5 1 1 1 9 4 773 154 10 353 22 15 40 51 241 86 3060 2288 160 1379 77 60 5 7 4 63 105 990 328 306 195 13 2161 128 144 481 55 10 11 6571 19 66 6 1 7 11 115 7 12 149 50 1385 93 9 32 104 147 54 0 453 1565 24 27 3 103 251 148 197 36 7 1 210 3 10 1 119 210 176 480 1559 2 4 0 47 42 16 23 227 17 1 3 336 58 1 1 0 0 0 3 0 3 0 0 0 10 6 0 1 10 91 2 110 0 208 42 63 15 4 4 5 4 7 0 1 0 1 48 6 72 10 2 106 234 1 53 0 1 14 3 0 0 103 4 33 1 2 0 0 0 0 2 0 0 0 0 0 0 4 5 0 3 0 1 3 0 14 18 1 3 0 0 1 0 40 52 66 6 2 35 0 0 3 1 5 0 2 5 9 0 8 1 1 9
27 12 16 2 12 8 6 41 5 0 0 13 53 18 170 149 70 379 171 65 27 203 71 127 56 27 12 101 83 18 13 11 44 43 3 0 41 202 494 20 424 99 364 310 264 420 19 17783 455 48 9 34 8 92 15 12 109 24 6 7 2164 7616 823 25 156 0 261 78 4593 698 4513 45 212 13 327 7938 22 4 87 12 338 23 64 93 67 105 53 929 1791 303 3725 430 54 168 349 73 18 8 76 38 0 1 0 1 1 1 0 2 0 1 0 1 1 2 10 0 3 5 2 7 8 12 5 1 6 4 7 7 2 0 2 4 0 8 0 2 2 2 9 1 4 12 3 6 4 71 72 4 23 82 18 253 658 8 23 374 5 4 15 78 0 0 0 0 2 0 7 60 84 28 2 4 7 7 252 57 38 84 457 13 4 14 13 11 111 23 143 108 744 0 0 758 379 3 7 1 1 4 2 5
66 36 40 12 19 25 14 61 2 6 0 18 7 14 172 100 39 122 31 32 46 350 198 570 101 70 29 108 80 28 20 7 12 4 0 1 24 27 47 44 2192 1613 2624 26 56 98 66 455 12896 4 62 55 15 74 14 35 65 11 10 1 104 155 33 13 11 0 261 89 36 230 179 11 18 1 67 299 6 0 15 1 93 4 140 108 98 152 60 70 182 72 426 5870 797 3255 9120 29 5 14 84 32 0 0 0 0 0 1 0 0 0 0 0 2 0 0 1 0 5 0 3 1 2 5 0 0 0 3 0 1 0 0 0 0 2 2 1 8 0 0 2 7 0 2 0 2 1 2 4 0 1 5 4 2 12 0 0 9 0 0 1 7 0 0 0 0 1 1 0 3 3 1 0 0 4 1 7 0 2 4 21 1 5 6 1 0 3 4 4 2 23 0 0 23 6 2 2 0 0 0 0 0
1 1 1 0 1 0 8 2 147 4 2 1 225 0 2 2 6 9 63 1 5 6 1 1 1 0 1 0 2 1 0 0 1 0 0 0 5 39 2 2 14 1 14 241 6569 62 6 48 4 6565 14 973 4 1 1 0 0 0 0 0 3 27 2 1 0 3 3 1 15 26 85 76 50 1285 4 40 1423 130 258 1650 895 6574 4 1 3 4 3 2148 271 2008 317 9 6 5 12 1 1292 95 0 0 0 1 1 2 2 5 0 1 1 0 2 4 0 1 18 2 0 4 1 12 3 27 2 1 1 5 3 4 2 1 1 2 1 0 0 4 0 0 4 5 5 16 5 8 5 57 68 1 11 92 4 168 528 6 12 242 110 26 105 248 1 2 0 0 0 1 7 58 63 86 1 4 5 3 297 53 41 77 709 29 5 3 11 8 114 17 129 1103 994 0 1 1085 235 3 3 0 2 2 1 3
140 38 43 26 24 21 54 104 2 14 1 23 0 1 12 8 4 7 1 1 2 11 8 12 8 1 2 8 74 38 27 1 5 0 0 0 2 4 1 2 116 4 13 1 4 6 1 9 62 14 18873 17022 23 67 166 33 29 0 0 0 4 6 4 1 2 0 47 9 3 467 21 8 5 17 21 0 7 0 2 296 239 45 171 41 9 25 7 25 5 4 12 8356 7059 147 55 27 7 28 7 13 0 0 0 0 0 6 0 1 0 0 0 2 0 0 0 0 1 1 0 0 0 0 0 1 0 0 0 0 0 0 0 1 1 9 3 5 0 0 5 1 0 2 0 0 0 0 0 0 0 0 1 1 3 0 0 2 99 14 65 71 0 0 0 0 1 1 0 0 0 1 0 0 8 2 1 0 9 8 0 0 14 8 1 3 0 8 12 3 25 0 0 6 2 1 0 0 0 0 0 0
297 81 77 52 53 54 117 298 34 26 1 61 16 1 16 13 3 35 47 7 5 21 8 6 12 2 7 8 166 127 82 8 26 3 1 0 2 16 9 2 103 4 22 34 185 11 7 34 55 973 17022 27863 59 135 399 61 50 2 2 0 22 88 22 9 7 4 99 24 26 662 545 26 20 900 69 16 286 54 45 14111 6681 2299 352 71 39 49 26 1099 109 117 67 2861 3983 129 90 90 249 100 24 40 1 0 2 0 1 6 0 6 1 0 3 4 0 0 22 0 2 4 2 23 8 53 0 1 0 0 1 3 0 0 2 0 5 6 2 14 0 0 7 9 4 2 3 3 1 10 13 2 22 7 3 50 79 19 2 76 2815 856 3710 1647 22 1 0 3 1 1 0 5 6 36 3 1 17 1 16 3 433 94 66 0 20 19 50 0 3 69 819 156 961 0 17 139 55 6 29 3 1 0 0 1
527 54 40 25 97 60 596 283 220 92 12 76 1 2 0 0 0 1 1 0 8 19 7 14 15 0 7 9 2165 315 132 12 41 4 1 0 0 5 0 6 33 1 23 2 14 1 11 8 15 4 23 59 11224 10436 6143 11 141 3 0 0 2 12 26 11 4 1 370 24 4 15 10 92 7 12 103 11 23 0 21 3 25 4 963 141 22 28 71 3 3 2 13 94 34 13 47 118 173 6811 21 90 1 0 1 0 2 12 1 1 5 5 2 24 0 0 0 0 0 0 1 0 1 0 0 1 1 1 0 0 0 0 2 1 3 25 4 15 0 0 8 4 0 2 0 0 1 0 0 0 7 0 2 0 0 1 0 0 0 0 2 3 0 0 0 1 15 0 0 0 0 0 0 0 19 2 0 0 0 0 1 0 43 23 4 7 0 16 2 1 1 0 0 0 0 9 12 1 0 0 0 1
1692 207 163 111 368 231 1114 548 72 59 7 314 2 8 9 2 5 6 1 0 39 113 42 150 177 8 99 61 16726 1531 656 54 138 16 4 3 9 21 13 69 153 35 218 3 11 8 115 92 74 1 67 135 10436 25496 1215 49 1114 14 3 2 12 74 215 104 63 0 5604 333 51 108 30 119 46 25 591 83 20 1 73 1 53 3 3588 6359 138 426 656 20 14 12 75 282 113 87 377 725 63 3248 415 721 0 3 6 5 5 53 0 2 9 7 20 77 0 0 1 0 4 0 1 0 7 0 1 5 3 2 1 0 1 0 8 2 25 80 10 64 0 0 26 14 0 9 0 3 14 0 1 0 17 1 12 2 1 1 0 1 3 1 0 3 3 1 2 5 32 0 0 1 0 0 4 3 49 11 0 0 2 0 2 0 129 46 5 9 2 82 3 1 0 0 2 0 1 26 32 0 6 2 0 7
443 73 69 38 96 62 314 330 61 44 8 90 3 1 2 0 0 4 0 0 8 25 2 13 27 1 11 9 743 237 131 12 55 3 0 0 0 5 2 7 351 2 16 1 9 0 7 15 14 1 166 399 6143 1215 23600 782 96 4 0 0 1 4 24 12 11 1 173 18 5 67 12 49 10 8 79 9 15 0 18 4 85 5 6198 194 119 66 46 17 5 2 3 931 197 48 40 133 60 1748 39 67 2 1 3 0 1 12 1 0 3 2 1 26 0 0 0 0 2 0 1 1 3 0 0 3 2 2 1 0 0 0 0 0 16 27 6 28 0 0 14 5 0 3 0 1 6 0 0 0 4 0 13 0 0 1 0 1 1 0 3 3 0 0 0 0 16 1 0 0 0 0 0 2 30 9 0 0 0 0 0 0 63 25 3 4 0 39 2 0 3 0 0 0 0 17 4 0 4 0 0 2
258 171 167 119 109 127 44 175 5 14 2 151 0 1 11 3 4 2 0 2 646 163 19 16 77 2 7 6 114 89 104 13 52 6 0 0 10 11 1 10 1436 4 20 4 1 2 12 12 35 0 33 61 11 49 782 2359 76 6 0 0 1 19 18 7 9 0 73 29 3 33 17 39 19 6 123 13 10 0 27 3 44 0 3191 88 1978 198 43 22 2 0 10 463 94 53 54 173 7 14 96 54 0 0 0 0 0 8 1 2 1 1 3 27 0 0 0 0 3 0 0 0 2 0 0 2 1 0 0 0 0 0 0 0 3 15 1 17 0 0 3 12 0 2 0 2 2 0 0 0 5 0 3 0 1 0 0 1 1 2 0 3 1 1 0 0 4 0 0 0 1 0 0 1 15 7 0 0 1 4 1 0 39 19 4 4 0 22 3 0 2 0 0 0 1 7 6 0 2 1 0 1
161 111 53 152 1098 279 41 44 8 5 2 204 2 48 31 13 11 21 9 3 129 177 47 402 143 8 472 408 4486 3951 8388 29 71 22 22 9 9 31 39 107 263 33 568 7 4 27 149 109 65 0 29 50 141 1114 96 76 10209 21 15 6 48 265 979 491 341 0 2808 1642 180 218 42 51 41 9 4197 124 6 1 56 1 39 2 578 491 300 376 2424 28 19 11 145 141 93 119 722 4176 4 29 4653 8924 1 2 4 2 4 19 0 0 2 2 5 37 0 0 0 0 4 0 2 0 4 1 1 8 0 0 0 0 0 1 3 0 6 20 5 9 1 1 4 4 0 3 0 0 2 0 0 0 5 7 1 0 1 1 0 0 1 0 0 3 0 1 0 2 10 1 0 0 0 0 4 2 9 2 1 3 0 2 2 0 54 8 5 1 2 41 1 1 2 0 1 4 0 12 15 0 2 0 0 0
9 3 0 0 52 11 5 9 7 0 0 57 0 298 161 32 51 14 4 4 50 105 61 163 11 2 340 245 21 13 15 4871 2477 6156 102 134 505 699 84 113 132 5 119 2 1 1 50 24 11 0 0 2 3 14 4 6 21 8824 924 4548 28 95 197 120 177 0 23 2812 215 59 20 172 362 4 16086 12 0 0 135 1 6 1 21 11 30 20 102 1 0 0 18 12 14 20 61 1369 9 4 5 38 0 2 3 1 1 28 0 0 1 2 5 24 0 0 3 0 5 0 4 2 6 1 1 6 2 0 0 0 0 0 0 0 5 10 3 6 0 0 5 14 0 6 0 0 12 1 1 0 5 9 2 0 0 0 0 2 0 0 0 0 1 4 0 3 6 1 2 3 0 2 2 1 6 4 1 4 1 0 1 0 21 8 6 3 0 17 0 0 0 0 0 2 1 5 6 1 4 1 2 0
0 0 0 0 0 0 1 1 0 0 0 1 0 1184 92 11 61 11 1 3 4 7 9 801 12 39 888 198 8 1 3 1 9 423 1372 2706 475 62 6 570 24 19 193 1 5 4 1385 6 10 0 0 2 0 3 0 0 15 924 1443 2042 5 30 124 111 93 0 13 2058 26 16 2 4 26 6 326 5 0 0 22 0 2 0 3 1 5 10 30 0 1 3 16 4 5 4 86 7 1 0 6 15 0 0 0 0 0 0 0 1 0 0 0 0 0 0 1 0 5 0 6 0 5 3 3 2 3 0 1 0 0 0 0 0 0 2 1 4 0 0 5 14 0 1 1 0 0 0 0 0 10 0 4 0 1 0 0 0 0 0 0 0 0 0 0 0 0 0 1 0 0 0 0 1 0 1 1 1 0 0 2 0 2 2 3 0 0 0 0 0 1 0 0 0 0 0 0 0 0 0 0 0
1 0 0 0 4 0 1 0 0 0 0 3 0 1094 275 40 70 8 0 3 10 12 41 129 6 5 425 275 0 0 0 359 119 4589 387 906 2907 226 22 221 50 5 49 1 0 3 93 7 1 0 0 0 0 2 0 0 6 4548 2042 1243 4 16 77 65 112 0 5 2033 61 5 3 6 37 1 1481 3 0 0 6 0 1 0 0 0 2 0 16 0 0 1 9 4 2 2 27 44 0 0 0 5 0 0 0 0 0 1 0 0 0 0 0 1 0 0 1 0 4 0 2 0 2 0 0 0 0 1 1 0 0 0 0 0 1 1 0 5 0 0 3 6 0 1 0 0 2 0 0 0 3 0 4 0 1 0 0 0 0 0 0 0 0 0 0 0 0 0 0 1 0 0 1 0 0 2 0 1 0 0 1 0 2 2 0 1 0 1 0 0 1 0 0 0 0 0 1 0 1 0 0 0
1 2 0 0 3 3 1 5 3 0 0 4 3 24 82 60 131 5777 112 97 2 23 29 1347 9 7 173 536 25 1 6 6 26 22 3 2 57 358 8654 4 383 121 2033 57 36 1721 9 2164 104 3 4 22 2 12 1 1 48 28 5 4 15958 1921 1274 1294 1132 0 59 62 10236 517 417 9 116 3 162 10029 0 0 32 0 164 3 5 22 15 22 33 20 70 10 5765 153 72 102 650 27 1 1 7 20 0 1 0 0 2 0 0 2 0 0 0 4 0 1 213 2 0 4 0 86 24 106 2 2 3 0 0 9 1 2 3 3 6 5 1 9 0 0 19 17 23 4 32 1 0 26 187 22 53 634 5 22 53 0 1 46 1 1 0 10 0 1 0 0 2 0 84 97 20 35 0 4 25 8 100 264 7 15 347 23 9 14 3 9 71 5 6 20 33 0 1 110 55 5 1 0 2 1 1 0
40 13 14 6 20 7 10 17 2 1 0 22 17 40 176 109 67 408 87 67 15 83 33 51 39 11 19 218 141 31 21 25 61 59 6 4 57 189 877 14 196 36 253 160 109 307 32 7616 155 27 6 88 12 74 4 19 265 95 30 16 1921 14235 9000 178 647 0 283 286 3949 3620 3747 34 169 6 1049 984 16 2 81 13 702 49 73 57 44 100 153 221 221 113 2191 220 225 950 1695 179 14 11 35 141 0 0 0 0 1 1 0 2 0 0 0 0 1 0 8 0 3 1 2 4 5 11 0 1 2 4 2 4 2 1 1 2 0 3 0 2 1 0 5 2 1 10 4 3 5 37 32 2 16 33 6 272 476 2 8 212 18 8 34 199 0 0 0 0 3 0 2 27 34 16 2 0 7 6 130 27 46 107 235 7 4 5 9 10 60 13 230 69 931 2 0 507 244 3 5 2 1 0 1 5
9 3 2 1 30 3 5 8 0 1 0 8 7 235 489 131 69 362 42 35 27 87 16 40 31 5 163 797 423 33 94 19 56 106 42 25 132 138 1713 15 84 15 577 60 77 391 104 823 33 2 4 22 26 215 24 18 979 197 124 77 1274 9000 14134 3093 3834 0 850 971 5008 1019 101 30 104 5 2299 291 2 0 41 2 56 2 160 177 127 171 524 17 29 50 1369 58 91 486 3654 307 5 2 94 499 0 0 0 0 1 1 0 1 0 0 0 0 1 0 4 0 0 0 1 11 6 4 2 0 0 1 0 0 1 0 0 0 0 2 1 3 0 0 3 8 4 6 1 1 1 10 14 2 1 47 0 38 96 1 1 23 2 0 3 20 0 0 0 1 0 0 6 13 10 9 1 0 5 3 53 14 9 11 105 11 2 2 2 1 26 5 5 17 60 0 0 149 30 0 4 0 0 0 0 1
3 2 1 0 12 0 4 5 0 0 0 6 2 304 391 85 89 621 92 37 13 37 5 235 27 1 219 1452 195 17 52 4 36 90 54 32 107 154 1586 12 41 7 1328 65 36 864 147 25 13 1 1 9 11 104 12 7 491 120 111 65 1294 178 3093 6039 4749 0 384 745 1359 83 17 15 101 3 1116 135 1 0 36 0 11 0 82 72 62 92 348 2 3 1 1013 23 12 22 512 127 1 2 66 304 0 0 0 0 0 0 0 0 0 0 0 1 0 0 21 0 2 0 1 11 10 11 1 0 0 0 1 0 0 0 0 0 0 1 1 3 0 0 2 6 3 3 5 0 0 2 6 0 3 49 4 2 1 0 1 1 0 0 0 2 0 0 0 0 0 1 11 1 1 5 0 0 2 0 4 10 0 0 14 1 2 2 2 0 1 2 1 1 3 0 0 7 3 0 0 0 0 0 0 0
1 0 0 2 13 1 0 1 0 0 0 4 1 511 887 187 91 413 32 28 8 19 12 215 5 2 1016 6191 107 18 33 7 30 122 93 31 141 72 5832 8 53 11 618 16 15 392 54 156 11 0 2 7 4 63 11 9 341 177 93 112 1132 647 3834 4749 8276 0 172 640 9138 307 54 17 57 0 1446 132 1 0 11 1 40 1 33 20 28 26 242 4 1 3 282 19 26 67 272 127 0 1 17 233 0 0 0 0 1 0 0 0 0 0 0 0 0 1 40 0 1 1 0 32 2 15 3 0 0 0 0 0 0 0 0 0 0 2 0 3 0 0 1 2 5 1 13 0 3 5 10 0 1 118 1 3 5 0 0 3 0 0 0 2 0 0 0 0 0 0 20 4 2 5 0 0 2 1 17 27 2 3 55 5 3 2 1 2 7 0 3 1 5 0 0 15 3 1 0 0 1 2 0 0
0 0 0 0 0 0 0 0 0 0 0 0 0 0 0 0 0 0 0 0 0 0 1 0 0 0 0 0 0 0 0 0 0 0 0 0 0 0 0 0 0 0 0 3 8 0 0 0 0 3 0 4 1 0 1 0 0 0 0 0 0 0 0 0 0 0 0 0 0 0 0 3 0 20 0 0 118 81 7 3 2 6 0 0 0 0 0 0 0 0 0 0 0 0 0 0 21 2 0 0 0 0 0 0 0 0 0 0 0 0 0 0 0 0 0 0 0 0 0 0 0 0 0 0 0 0 0 0 0 0 0 0 0 0 0 0 0 0 0 0 0 0 0 0 0 0 0 0 0 0 0 0 0 0 0 0 0 0 0 0 0 0 0 0 0 0 0 0 0 0 0 0 0 0 0 0 0 0 0 0 0 0 0 0 0 0 0 0 0 0 0 0 0 0 0 0 0 0 0 0
183 97 90 71 150 134 54 119 7 9 2 193 3 22 31 10 11 23 8 7 83 186 102 710 623 34 358 200 9025 220 725 18 72 28 14 6 8 46 35 272 364 102 862 16 22 33 453 261 261 3 47 99 370 5604 173 73 2808 23 13 5 59 283 850 384 172 0 21965 2334 143 221 69 92 106 64 1407 311 11 1 125 2 83 4 1434 6282 761 3471 3717 34 62 22 238 326 185 265 1395 512 15 37 2665 4788 3 1 3 1 1 30 2 1 2 4 4 43 1 0 1 0 10 0 6 0 4 0 1 7 4 1 4 0 0 0 4 0 15 39 6 39 0 0 23 27 0 9 1 1 14 1 0 0 0 2 12 2 2 0 0 2 1 2 0 2 2 0 0 1 10 3 0 1 0 1 0 1 33 4 2 0 0 2 6 1 70 31 16 6 0 50 4 0 5 0 3 5 2 13 13 0 2 2 0 5
24 10 2 6 15 7 9 10 1 1 1 29 3 874 271 54 84 71 3 9 73 167 117 2430 149 60 2182 852 289 22 99 74 322 2393 847 465 956 452 87 654 249 108 980 37 9 34 1565 78 89 1 9 24 24 333 18 29 1642 2812 2058 2033 62 286 971 745 640 0 2334 8543 288 191 20 153 414 113 5746 97 15 1 295 2 37 2 286 500 262 1079 3216 9 14 7 136 83 48 92 746 89 4 5 985 1505 0 0 1 0 0 3 0 0 0 1 0 2 1 0 1 0 38 0 38 3 51 10 8 9 5 3 2 1 1 2 0 0 3 28 6 33 4 1 45 96 2 12 0 0 10 2 0 0 28 9 15 0 4 0 0 1 0 0 1 0 0 1 0 0 2 0 0 2 1 1 1 0 6 7 3 3 1 2 5 0 30 22 26 1 0 20 2 1 9 0 1 1 1 2 2 0 1 1 0 5
4 0 1 0 17 3 2 2 3 0 1 10 12 73 682 361 145 515 31 101 20 31 24 172 11 6 54 787 103 17 37 55 126 149 11 15 227 205 6759 17 125 29 869 55 81 172 24 4593 36 15 3 26 4 51 5 3 180 215 26 61 10236 3949 5008 1359 9138 0 143 288 18122 987 343 54 184 1 2032 4924 5 0 70 3 139 1 29 17 27 32 196 19 31 46 1647 60 64 240 711 316 7 5 7 118 0 1 0 1 4 0 0 1 0 0 0 6 0 1 106 3 3 4 5 47 21 47 3 2 0 0 5 3 2 0 4 4 0 9 1 17 1 0 20 13 8 11 10 2 3 47 149 13 32 420 10 85 148 1 6 119 0 1 0 20 0 0 0 0 2 1 43 111 46 37 2 4 22 9 265 201 7 40 683 66 4 13 4 8 145 13 14 63 93 0 0 475 110 9 6 0 2 2 5 5
178 59 62 40 46 33 49 163 7 19 0 44 12 29 115 66 26 163 37 23 19 88 28 54 43 10 14 114 157 89 63 20 42 31 6 0 40 84 310 9 252 29 135 46 70 106 27 698 230 26 467 662 15 108 67 33 218 59 16 5 517 3620 1019 83 307 0 221 191 987 7898 1677 20 55 6 713 203 7 0 33 56 1488 150 133 95 71 91 139 393 116 63 529 664 2713 4915 1990 162 8 25 58 97 0 0 2 0 0 0 2 1 0 3 2 0 0 0 4 2 2 2 0 3 1 3 0 1 0 3 0 0 0 0 0 2 0 0 2 5 0 0 5 4 0 4 1 1 1 13 14 0 5 8 2 135 127 5 5 72 84 55 186 757 1 0 0 2 1 0 4 11 11 4 2 0 3 1 33 16 231 157 77 5 9 10 5 2 13 10 482 50 964 0 0 146 104 2 2 1 1 1 0 0
90 33 43 19 34 19 17 70 8 7 0 23 90 5 51 37 30 131 107 18 9 46 21 44 13 5 4 45 59 46 27 13 26 9 1 0 12 72 133 4 276 39 105 215 385 160 3 4513 179 85 21 545 10 30 12 17 42 20 2 3 417 3747 101 17 54 0 69 20 343 1677 10998 19 77 28 162 762 49 3 67 48 7246 136 49 32 32 39 26 1147 1433 402 1682 347 826 165 151 54 55 17 27 19 0 1 0 0 1 0 1 0 0 0 0 1 0 0 17 2 1 1 0 6 6 3 0 0 1 4 7 0 1 1 3 2 0 0 2 5 0 0 1 2 2 3 0 7 1 27 25 2 11 38 2 190 310 7 8 151 72 30 102 498 1 0 0 1 0 0 1 23 38 40 2 2 2 2 79 20 131 134 177 10 1 10 2 4 35 12 470 85 1064 0 1 342 175 0 2 0 0 0 3 0
52 15 12 5 83 72 286 147 973 978 412 2179 119 5 14 10 7 19 13 4 471 786 133 37 85 8 15 11 104 19 29 121 1344 167 2 1 47 152 31 63 439 9 44 256 351 19 103 45 11 76 8 26 92 119 49 39 51 172 4 6 9 34 30 15 17 3 92 153 54 20 19 6761 714 1057 893 16 1635 250 6292 9 26 33 148 65 219 109 100 21 14 22 51 45 19 18 25 350 7205 888 66 12 47 17 318 82 45 729 47 51 223 155 313 855 3 2 13 3 50 2 21 5 84 21 11 133 65 12 30 3 2 2 57 8 196 574 76 458 6 1 263 206 11 66 8 31 192 6 7 1 135 18 70 6 6 18 1 5 2 8 1 4 36 39 4 40 149 10 1 5 3 5 24 19 216 87 7 10 14 6 23 1 1170 425 319 46 7 958 6 10 6 4 56 7 7 207 561 25 79 17 4 42
17 5 3 2 36 50 5 25 6 9 8 220 120 10 27 90 30 206 104 10 297 575 234 239 148 94 72 64 68 16 32 141 2459 636 10 3 186 3706 244 312 406 52 247 5076 339 169 251 212 18 50 5 20 7 46 10 19 41 362 26 37 116 169 104 101 57 0 106 414 184 55 77 714 12369 558 1154 102 20 92 3048 11 36 20 54 47 108 64 115 30 33 36 213 43 10 18 85 180 19 1 60 16 5 7 12 4 11 46 2 32 8 5 13 80 19 7 141 31 136 11 146 66 479 314 75 128 73 31 85 18 22 15 7 9 33 309 53 452 58 11 565 530 33 417 48 21 138 36 13 13 509 103 403 6 9 4 1 10 1 0 1 3 5 2 3 1 48 36 9 35 4 17 16 13 205 287 23 41 6 4 68 9 321 498 150 141 19 268 2 4 12 2 27 38 7 41 90 13 53 25 7 126
8 1 3 0 5 6 12 12 104 3 13 57 228 3 2 1 34 11 1446 18 98 174 27 49 55 23 13 2 30 6 6 3 72 27 4 0 33 690 3 133 60 4 11 3645 631 5 148 13 1 1285 17 900 12 25 8 6 9 4 6 1 3 6 5 3 0 20 64 113 1 6 28 1057 558 1556 62 6 2959 439 2077 1093 390 1708 43 31 79 45 51 311 56 133 53 13 3 3 13 47 1972 87 38 9 7 2 9 6 2 27 2 19 8 8 20 82 1 0 23 2 5 3 3 16 63 59 5 26 11 2 8 1 1 2 3 3 18 68 9 53 5 0 102 38 5 55 7 8 22 4 4 2 123 12 55 11 16 5 0 6 81 13 53 77 7 6 1 2 16 3 1 1 2 9 7 2 41 37 5 6 13 8 14 1 144 172 223 22 3 196 20 11 54 0 11 26 14 17 96 8 15 7 0 23
