40669 18153 4851 9725 1169 1784 9997 11491 146 635 98 1448 1 3 7 9 5 11 6 4 246 124 8 7 23 4 21 29 5783 9361 713 231 163 11 3 2 8 9 27 15 510 6 18 6 5 7 15 6 14 9 205 224 1200 1173 187 136 62 17 4 2 17 5 12 5 29 3 422 14 47 12 2 95 8 7 183 13 51 2 37 30 63 10 1917 1048 1901 94 43 9 17 6 24 212 95 5 20 207 65 1606 27 85 13 6 15 6 4 89 8 21 32 44 50 87 1 1 0 0 2 0 0 0 0 2 1 4 2 0 1 1 0 1 14 0 31 126 0 33 1 0 8 20 1 5 1 1 7 0 1 0 1 3 2 1 0 1 0 2 11 3 11 9 1 2 0 6 29 3 2 1 0 0 5 4 1 3 1 1 4 1 2 2 97 10 3 0 1 47 3 1 4 1 11 0 1 14 32 7 7 1 1 2
18153 15731 4814 13716 2923 2387 481 623 13 88 17 900 0 5 8 3 9 3 9 7 252 125 5 5 25 3 15 7 1623 5501 2291 212 123 8 1 0 16 7 17 12 434 3 8 10 3 5 11 1 10 2 73 103 432 526 49 68 96 11 10 1 5 2 3 6 16 3 479 13 25 3 2 72 8 8 126 10 28 3 44 8 30 8 504 582 1087 99 22 5 8 4 9 112 30 5 15 155 45 210 24 68 14 4 14 4 3 90 6 10 18 31 54 97 0 3 0 3 0 0 0 2 1 1 1 2 3 1 1 0 0 1 13 1 41 118 0 29 0 0 3 9 0 0 0 1 6 1 1 0 1 3 2 0 0 2 0 0 1 3 0 2 3 4 1 6 20 0 1 1 0 0 10 4 0 3 0 0 0 0 2 0 56 12 3 0 1 21 0 0 2 2 10 1 0 8 24 5 1 0 0 1
4851 4814 41173 14357 161 3590 363 8496 76 7697 881 14527 1 6 16 5 9 2 19 6 365 165 5 6 22 5 12 7 976 298 110 104 122 7 4 2 5 10 2 13 568 5 10 11 5 3 20 3 15 13 111 147 420 521 74 108 39 19 11 5 5 1 1 5 3 1 533 22 10 10 3 187 11 3 80 5 191 12 75 15 40 9 726 699 1650 158 34 10 8 4 11 159 54 5 23 96 124 174 32 14 50 4 51 32 14 340 27 58 130 174 200 371 0 1 0 4 1 1 2 1 3 4 4 4 3 1 1 1 1 0 33 2 114 324 0 56 1 1 11 14 1 2 0 6 35 1 0 0 3 1 3 0 2 0 0 1 3 4 2 4 4 22 2 9 49 0 4 0 0 1 33 20 3 2 0 0 1 0 1 0 243 31 9 2 0 68 1 1 1 1 26 1 1 27 102 21 8 1 2 0
9725 13716 14357 20739 5999 12360 327 785 29 130 47 5614 1 8 11 7 5 0 8 6 261 171 3 3 27 5 14 8 834 1454 1910 250 232 11 7 0 3 13 8 17 251 2 8 9 2 1 17 5 1 1 50 45 258 313 36 35 38 12 6 6 4 5 1 12 9 1 363 14 8 3 1 121 14 9 81 7 54 10 46 4 16 2 322 372 810 118 16 2 5 0 5 77 21 4 12 166 67 136 33 44 32 3 22 16 8 173 11 33 57 77 119 183 1 0 0 1 7 1 0 0 1 1 4 3 0 2 2 0 0 0 28 1 74 236 1 40 0 0 4 15 0 3 1 10 17 0 1 0 3 2 3 0 0 0 0 0 0 3 0 0 6 12 1 7 35 0 1 0 0 1 23 10 1 4 0 0 1 0 0 0 119 18 3 0 0 20 0 0 1 2 19 3 1 17 73 18 7 2 1 0
1169 2923 161 5999 9803 9591 273 68 4 56 19 2613 3 5 30 25 42 19 5 21 277 222 15 7 57 4 30 57 1063 3107 5191 2020 746 87 6 2 72 51 88 23 192 2 16 11 2 16 21 13 3 4 31 31 169 189 37 16 370 122 15 5 53 8 18 30 58 7 250 28 157 5 0 271 43 26 813 46 64 3 127 3 4 2 214 178 412 99 70 0 6 2 52 36 10 4 18 1290 57 123 88 412 12 1 17 9 5 104 5 14 37 42 39 112 0 2 3 3 4 0 0 2 2 4 2 10 5 0 3 0 1 2 21 0 48 190 1 81 0 1 31 41 10 6 3 10 21 2 1 0 2 11 6 0 3 4 0 0 1 1 0 0 3 11 0 9 27 1 4 10 0 1 18 20 3 5 1 3 0 0 15 5 88 39 9 1 4 57 0 0 2 1 19 0 1 25 42 8 8 0 1 3
1784 2387 3590 12360 9591 15139 416 769 160 2007 1757 15161 3 11 9 9 31 20 11 13 387 253 17 5 54 5 18 14 676 1131 1632 2707 1383 68 4 3 56 55 39 24 283 2 16 24 4 21 25 5 6 1 26 42 207 216 18 39 63 157 16 9 41 5 12 12 15 3 266 30 63 7 3 706 46 38 330 34 190 11 206 0 16 2 279 257 681 149 37 1 6 1 38 53 18 7 18 2417 429 245 69 88 104 10 89 63 21 587 35 102 209 292 394 671 0 1 0 2 4 2 3 3 5 6 1 16 15 1 0 0 0 2 74 6 222 751 1 119 1 1 26 58 6 6 1 14 64 1 3 1 4 9 6 0 1 4 1 0 1 4 0 0 13 39 6 31 88 2 6 6 1 4 71 43 2 3 0 2 0 1 6 2 479 47 18 3 3 164 1 3 2 9 59 2 1 60 252 43 29 2 4 3
9997 481 363 327 273 416 7257 4763 1173 1886 324 801 1 1 5 3 2 3 0 3 50 35 0 5 10 0 2 17 2022 1071 182 56 82 2 3 0 6 1 15 5 90 0 2 2 1 0 3 0 6 4 52 64 740 452 112 43 15 5 0 4 7 3 3 3 11 1 46 9 26 1 2 138 1 0 69 4 93 1 22 9 19 2 807 260 338 15 10 6 3 3 3 48 19 1 1 65 556 4656 9 33 8 0 3 6 2 60 0 8 10 20 38 56 0 0 1 0 0 0 0 1 0 1 1 6 1 0 0 0 1 0 3 0 23 61 0 14 0 0 4 5 2 0 0 0 8 0 0 0 0 5 0 0 0 1 0 0 0 1 3 1 1 3 1 2 16 0 0 0 0 0 8 6 1 1 1 0 2 1 1 2 41 10 1 1 1 15 1 0 2 2 3 2 0 3 22 7 3 0 0 1
11491 623 8496 785 68 769 4763 17641 3128 14116 1942 4325 0 1 0 0 1 0 0 5 82 22 0 1 6 1 2 2 375 124 34 22 37 4 1 0 2 1 2 5 236 3 5 2 0 0 5 3 5 4 83 122 466 370 85 69 13 2 1 0 0 2 3 1 2 0 110 2 4 1 2 207 3 5 33 3 159 0 17 9 32 4 904 479 837 20 6 0 9 0 3 97 56 6 5 25 71 790 7 9 14 1 6 7 4 86 1 17 20 41 47 86 0 1 0 1 2 1 0 0 1 2 0 2 2 0 2 0 0 0 10 0 30 87 0 13 1 0 2 8 0 0 0 1 9 2 0 0 0 0 1 1 0 0 0 0 4 3 5 2 1 9 0 5 12 1 0 0 1 0 8 4 0 1 0 0 1 0 1 0 44 10 0 0 0 12 0 1 1 0 7 0 0 6 27 3 3 1 0 0
146 13 76 29 4 160 1173 3128 1113 2777 298 672 7 0 0 0 0 2 0 0 7 2 0 0 0 0 2 0 35 8 13 26 126 2 0 0 0 4 1 0 19 0 1 3 31 1 1 0 1 16 2 12 117 34 6 5 1 9 0 0 3 1 0 0 3 6 2 0 3 1 1 447 4 32 13 0 685 16 136 4 7 14 72 27 53 2 1 8 3 5 12 2 4 1 2 14 2765 610 0 1 2 0 1 4 2 16 0 3 9 10 7 21 1 0 0 0 1 0 0 1 0 3 1 2 1 0 1 1 0 0 6 0 11 29 0 7 1 0 3 4 1 1 0 0 1 0 0 0 2 5 1 0 0 0 0 0 1 1 0 0 1 5 0 3 2 1 0 2 0 0 1 2 0 0 1 1 1 0 5 0 13 7 3 0 0 3 0 0 1 0 6 1 0 3 13 1 0 0 0 0
635 88 7697 130 56 2007 1886 14116 2777 24983 9295 13413 3 3 1 1 1 0 1 2 44 16 0 1 4 0 0 2 124 56 31 112 416 2 1 0 1 2 2 4 93 1 1 3 7 5 3 0 1 4 20 34 338 157 37 22 3 7 1 0 2 0 1 3 0 3 35 2 3 1 0 3283 12 15 22 0 1802 2 415 5 18 4 291 120 282 9 1 1 2 0 1 33 12 2 3 33 5868 1418 2 6 99 7 64 44 22 511 29 82 189 307 383 508 0 0 0 0 1 0 0 0 2 3 1 10 3 1 0 0 0 2 37 0 145 486 0 43 0 0 6 11 0 1 0 8 34 0 1 0 4 0 0 0 1 3 0 0 2 3 2 2 5 27 3 29 54 0 0 1 0 1 32 20 0 4 2 1 0 0 3 0 398 22 8 1 0 96 1 1 0 4 42 0 0 35 211 45 14 4 1 0
98 17 881 47 19 1757 324 1942 298 9295 6354 4397 2 0 1 0 1 1 0 0 19 6 0 0 2 0 0 2 21 9 10 30 105 0 0 0 1 0 0 0 16 0 0 1 0 1 1 0 0 2 5 10 72 42 12 9 1 2 0 0 0 0 0 0 1 2 6 0 0 0 0 3299 0 4 3 0 1734 2 120 0 3 1 59 34 49 6 1 2 1 0 0 12 4 0 1 6 1965 276 4 1 25 2 21 20 3 138 9 31 52 82 99 193 0 0 0 0 0 0 0 0 0 0 0 4 1 0 2 0 0 0 20 1 58 165 0 18 0 0 6 3 0 1 1 5 14 0 0 0 0 0 2 0 0 1 0 0 1 0 1 0 1 5 0 7 12 0 1 0 0 0 17 7 2 0 0 0 0 0 1 0 106 8 3 0 0 32 0 0 0 2 23 0 0 14 69 11 7 0 0 1
1448 900 14527 5614 2613 15161 801 4325 672 13413 4397 38954 5 6 14 4 16 11 17 13 350 245 13 5 47 8 15 11 590 805 981 827 3426 30 4 4 19 44 17 23 343 3 12 47 3 16 34 2 11 5 46 68 287 277 39 51 43 69 8 6 31 2 10 13 15 2 298 30 19 2 1 4529 115 81 230 11 1229 19 691 8 24 6 408 309 842 147 31 3 8 3 14 79 22 0 7 374 2569 594 62 84 224 21 186 119 68 1224 70 251 598 641 841 1467 2 0 1 3 4 1 4 1 7 10 5 35 22 2 9 1 1 5 171 19 576 1697 0 253 2 0 52 66 2 11 2 54 102 2 4 0 10 6 9 0 1 4 0 2 7 12 4 0 35 88 6 69 232 1 3 2 0 0 147 79 15 10 0 2 3 0 5 2 1182 124 53 5 4 384 1 2 1 6 158 0 1 128 581 85 47 5 6 4
1 0 1 1 3 3 1 0 7 3 2 5 6028 6 7 32 59 241 3263 266 2 6 2 15 3 3 37 62 3 1 1 3 12 4 0 0 8 339 60 10 24 3 48 8093 4835 4174 2 14 4 75 1 8 1 2 3 1 3 1 0 1 32 11 18 55 68 1941 1 0 33 4 1 51 77 720 7 24 563 783 267 1 13 13 3 0 1 0 0 22 23 90 629 9 1 3 34 4 136 6 2 0 1 1 0 4 7 1 0 0 0 1 1 4 2 185 490 13 16 217 5 1153 28 757 19 1 2 0 2 52 9 154 23 10 3 8 0 14 5 7 28 39 907 3 374 2 7 49 142 174 68 1662 0 2 4 4 0 5 1 1 0 1 1 1 0 1 29 3 228 420 21 165 1 5 2 3 25 117 4 2 207 35 5 10 73 3 40 5 0 6 5 3 0 19 18 13 5 0 3 1 1 0
3 5 6 8 5 11 1 1 0 3 0 6 6 6594 7146 197 624 51 122 260 24 15 55 73 9 110 1710 601 34 16 16 4 21 77 5119 4383 761 35 60 858 131 1 31 64 2 5 108 0 4 0 1 0 7 14 1 0 24 139 351 520 3 2 6 136 62 5 19 261 22 0 0 3 14 83 236 7 10 68 12 0 1 0 6 3 5 3 7 0 4 3 5 3 0 3 10 13 2 3 4 8 0 0 0 0 0 0 0 0 0 0 0 1 45 38 7 95 23 53 46 18 136 312 163 10 4 8 20 17 50 97 1 1 1 7 0 6 62 25 34 81 2 117 4 0 7 11 4 0 37 9 12 1 1 1 0 2 0 2 0 0 0 1 0 0 1 15 1 33 2 2 0 5 1 6 3 3 0 0 8 3 2 5 25 0 4 7 0 0 2 1 0 2 6 1 1 0 1 0 1 1
7 8 16 11 30 9 5 0 0 1 1 14 7 7146 21142 7068 1071 3403 389 864 81 44 344 195 9 150 1933 2291 55 39 55 17 35 127 2614 1253 529 42 639 834 921 36 141 145 5 31 111 7 20 3 1 2 8 10 1 2 18 215 298 422 49 12 19 208 203 10 24 234 168 9 2 19 33 249 474 33 35 146 40 0 1 1 18 13 18 11 18 1 9 3 31 34 2 12 67 71 9 0 14 25 1 1 1 1 2 2 0 5 0 2 0 2 105 135 18 261 71 146 82 99 415 774 394 30 8 35 87 57 124 227 7 3 2 29 3 27 146 69 136 248 23 341 23 2 23 32 9 4 130 31 63 7 3 2 2 5 1 1 0 1 0 2 0 0 8 64 9 83 11 5 2 20 0 40 8 12 2 3 21 4 2 44 77 11 7 36 0 1 9 3 2 10 21 2 24 0 12 5 7 14
9 3 5 7 25 9 3 0 0 1 0 4 32 197 7068 9056 699 11039 2008 896 21 16 110 182 6 24 420 4926 79 46 46 10 64 93 67 70 98 51 2565 54 778 44 178 33 7 109 29 18 35 6 4 3 11 12 12 9 21 193 77 190 314 16 44 98 107 13 33 150 324 6 0 13 46 49 413 93 3 15 13 0 1 2 8 8 12 10 13 0 29 6 80 62 2 24 102 71 1 3 4 19 1 1 0 0 0 1 0 0 0 1 0 2 37 243 131 104 13 444 11 980 57 1051 44 8 0 7 17 59 30 298 4 5 5 11 0 14 30 18 21 43 362 51 170 1 12 30 13 59 72 160 10 1 6 2 1 2 0 0 0 1 0 1 0 2 5 9 21 176 12 12 3 6 3 2 14 33 3 3 18 5 1 6 31 2 7 10 1 2 3 1 1 12 14 7 7 0 1 0 1 3
5 9 9 5 42 31 2 1 0 1 1 16 59 624 1071 699 1815 400 559 1815 86 94 360 156 12 96 320 151 42 45 53 22 82 224 508 936 1204 293 160 399 603 20 106 205 16 113 211 1 11 6 1 1 10 8 5 0 15 308 355 522 138 9 24 78 55 7 22 252 54 5 0 26 52 360 550 28 23 158 46 0 1 2 11 2 25 19 12 4 12 2 56 25 0 1 63 125 5 5 5 27 1 1 0 1 0 3 2 2 1 1 0 4 71 48 11 174 172 56 108 43 489 218 309 79 31 35 165 48 98 117 16 9 6 59 13 76 142 91 275 433 26 443 20 4 40 45 6 8 213 15 165 2 5 3 2 1 1 3 3 2 0 4 1 2 17 135 6 50 4 10 14 54 4 124 6 9 1 1 17 3 20 96 85 30 3 96 0 2 7 8 7 5 17 3 33 1 27 13 26 35
11 3 2 0 19 20 3 0 2 0 1 11 241 51 3403 11039 400 6784 4812 1466 11 13 82 902 11 17 1259 708 27 26 28 13 154 129 40 21 280 345 2570 87 1162 93 852 165 16 1190 35 63 87 17 12 6 1 6 20 6 13 86 37 123 4516 78 189 750 405 125 17 61 1360 21 6 32 149 105 220 233 14 25 42 0 5 2 19 5 7 6 7 10 86 33 226 177 5 40 352 67 7 3 9 13 0 5 1 0 12 2 0 1 1 0 1 4 25 656 658 108 37 1059 15 1291 64 1678 27 13 4 2 10 124 22 628 25 15 7 18 2 17 21 18 35 71 1500 24 733 2 13 66 121 491 206 1025 9 7 10 5 3 12 2 1 2 2 1 0 0 3 28 7 126 605 22 50 1 19 8 7 21 134 1 5 57 12 3 17 48 3 20 14 0 1 12 1 3 26 20 5 0 2 2 3 5 6
6 9 19 8 5 11 0 0 0 1 0 17 3263 122 389 2008 559 4812 34487 5663 29 36 90 504 14 99 1475 964 14 7 8 6 95 43 89 19 200 1476 458 248 400 37 474 8164 147 4520 78 41 69 38 4 10 3 5 7 2 14 12 46 14 818 59 134 481 243 197 12 18 259 15 6 25 80 4091 49 91 88 1286 89 5 6 17 9 5 11 8 9 11 52 23 452 93 1 22 307 19 29 1 7 4 3 4 1 1 4 6 0 5 1 2 0 5 391 1411 1132 993 134 2378 170 3031 851 7390 635 52 15 48 157 333 307 1843 43 13 13 75 5 68 290 111 284 417 1701 525 967 7 65 234 134 584 1041 1041 92 16 26 12 10 8 0 5 1 2 0 5 1 6 40 103 136 1020 64 113 9 38 11 73 46 177 10 9 117 25 16 86 642 15 38 74 4 10 17 9 3 42 92 13 54 3 14 3 17 30
4 7 6 6 21 13 3 5 0 2 0 13 266 260 864 896 1815 1466 5663 3255 58 52 278 289 14 129 333 141 26 32 32 7 38 102 263 219 120 81 389 397 624 46 202 724 25 438 74 16 36 3 3 6 2 2 0 0 9 144 106 199 491 18 39 89 53 22 10 74 178 9 0 6 24 608 304 55 29 275 26 3 3 5 5 3 14 8 6 3 20 9 150 44 5 7 102 38 7 5 5 9 0 0 0 0 0 3 0 6 0 1 0 0 143 130 33 368 71 112 114 128 371 544 265 35 13 40 127 77 132 269 7 0 3 22 2 28 202 71 122 168 50 368 45 3 30 62 14 15 180 36 65 7 3 10 4 9 0 5 0 3 0 3 0 2 4 86 10 75 16 8 6 18 1 47 13 12 5 3 25 4 6 39 78 7 12 67 1 3 8 1 3 18 23 2 44 2 4 2 14 11
246 252 365 261 277 387 50 82 7 44 19 350 2 24 81 21 86 11 29 58 10026 6977 4421 107 420 511 103 31 182 237 392 112 241 205 26 17 139 119 34 677 1116 16 97 74 4 17 185 5 16 4 10 19 25 24 4 1491 58 286 61 63 22 10 27 36 36 6 71 152 87 4 2 103 131 43 2279 14 75 59 150 0 6 3 261 54 2572 966 167 3 4 4 21 21 8 6 65 459 27 16 156 220 3 0 3 1 1 6 1 5 5 4 5 6 3 4 0 10 21 2 9 3 32 13 22 12 6 4 15 6 7 9 4 2 14 53 0 68 12 5 45 73 2 37 3 0 11 3 0 1 11 7 15 0 0 0 0 1 1 1 0 0 1 3 0 3 15 11 3 5 1 2 2 6 1 15 2 2 1 0 4 1 18 27 11 3 1 23 0 0 1 5 2 3 5 4 4 0 1 4 3 7
124 125 165 171 222 253 35 22 2 16 6 245 6 15 44 16 94 13 36 52 6977 23046 6306 576 7814 2917 398 40 169 159 372 117 298 193 35 29 180 245 34 3926 538 57 600 177 5 20 758 34 49 7 11 15 30 64 15 28 131 244 110 85 72 37 136 237 69 6 404 233 114 12 1 94 228 72 1764 33 77 61 171 2 6 2 118 244 3976 8060 473 7 21 7 66 54 6 25 362 382 12 13 2464 461 1 1 0 1 1 5 0 1 2 2 3 5 4 2 4 8 44 0 6 2 75 16 46 26 11 7 25 3 7 7 2 1 5 74 3 62 17 12 94 160 2 54 3 1 13 3 1 1 16 19 38 2 2 1 0 1 1 0 0 2 0 3 0 1 8 16 7 11 3 3 5 22 1 24 3 7 0 0 18 3 11 46 27 6 7 28 0 0 4 4 6 10 7 1 8 0 12 4 6 5
8 5 5 3 15 17 0 0 0 0 0 13 2 55 344 110 360 82 90 278 4421 6306 14167 9963 607 4747 745 22 21 19 31 17 132 174 41 16 333 155 36 3966 6195 619 583 100 1 13 167 11 48 5 5 5 8 11 8 5 15 77 52 49 22 15 29 58 8 7 50 54 32 13 1 21 79 68 382 17 12 41 59 1 3 0 10 27 248 182 31 2 8 9 34 74 2 16 197 50 2 3 27 19 1 0 1 0 0 1 0 0 0 0 0 0 4 4 0 18 14 1 12 4 44 23 41 10 4 4 12 2 10 14 1 1 1 12 1 7 22 7 29 67 0 43 2 0 1 6 2 0 20 5 21 1 3 0 0 1 0 0 0 0 1 0 0 0 2 6 1 8 1 2 0 3 0 12 5 0 1 2 3 2 1 12 10 1 2 2 1 0 4 1 0 3 6 0 2 2 3 1 2 0
7 5 6 3 7 5 5 1 0 1 0 5 15 73 195 182 156 902 504 289 107 576 9963 15759 389 3762 5468 33 128 12 39 2 36 26 532 41 69 92 151 5598 4810 2400 2823 91 14 552 813 16 154 8 7 5 29 56 42 13 96 17 190 17 475 22 67 909 44 57 331 126 133 12 2 9 36 68 93 47 13 55 32 0 5 5 32 69 123 183 103 2 32 7 174 151 4 23 259 22 2 3 109 32 0 0 0 0 1 0 0 1 0 0 0 0 8 23 16 27 20 27 12 80 60 144 43 9 0 5 12 11 5 36 2 1 1 9 1 15 16 12 17 53 52 40 27 1 5 9 21 7 20 90 13 1 3 0 0 0 0 0 0 1 1 2 0 0 2 9 31 45 2 11 0 4 1 5 2 24 0 0 31 4 2 4 17 3 11 7 1 1 6 1 0 4 7 0 2 0 3 1 0 2
23 25 22 27 57 54 10 6 0 4 2 47 3 9 9 6 12 11 14 14 420 7814 607 389 11331 878 460 45 261 71 714 44 104 75 41 6 39 73 17 4340 241 22 343 46 7 37 3670 18 12 0 8 7 57 143 10 15 412 91 25 24 68 21 152 333 124 6 962 107 146 10 1 44 103 27 741 27 28 13 74 0 8 2 99 292 1168 2197 3315 3 16 6 76 25 2 14 247 112 13 3 3850 2112 2 0 0 0 0 0 0 1 1 2 2 0 1 1 0 1 12 1 5 2 15 7 13 4 2 5 7 1 1 0 1 0 1 27 5 31 8 2 35 47 11 14 2 0 4 6 6 0 6 31 10 0 4 0 0 0 2 0 0 0 0 1 0 1 3 4 11 10 3 5 4 6 2 12 6 15 0 0 16 2 2 18 14 0 4 4 0 2 0 1 4 10 3 1 2 0 1 2 3 1
4 3 5 5 4 5 0 1 0 0 0 8 3 110 150 24 96 17 99 129 511 2917 4747 3762 878 4356 1800 19 32 6 12 3 37 18 305 31 70 126 5 9630 1245 71 283 107 8 8 233 4 27 2 3 4 10 28 6 7 33 6 71 27 7 4 18 39 4 1 159 56 12 7 0 14 63 66 45 6 18 52 40 0 1 3 14 66 190 184 48 3 9 1 17 21 1 5 111 1 3 1 67 7 2 0 0 0 0 2 0 0 0 0 0 0 9 8 0 19 26 10 15 1 66 60 66 10 5 8 20 4 13 24 4 1 1 10 2 16 21 13 29 95 1 54 0 0 6 7 4 1 16 1 22 1 1 0 0 1 0 1 0 0 0 0 0 0 2 11 0 11 3 1 2 5 0 7 3 2 1 2 7 2 0 6 12 4 5 4 0 0 1 0 0 5 1 1 2 1 3 0 4 0
21 15 12 14 30 18 2 2 2 0 0 15 37 1710 1933 420 320 1259 1475 333 103 398 745 5468 460 1800 25123 11896 673 132 262 18 63 63 4477 397 238 135 239 4170 793 95 716 118 12 209 1005 6 26 3 13 4 111 221 22 18 559 109 789 137 124 17 70 983 1280 32 908 418 96 8 1 19 56 190 487 28 31 119 41 5 4 2 114 206 239 401 222 3 13 8 54 46 7 7 94 68 8 17 345 210 0 0 2 1 0 1 0 1 1 0 1 1 61 187 91 155 25 292 32 606 172 1119 178 10 5 10 40 58 69 256 8 1 2 26 3 28 80 24 57 112 233 108 95 2 16 30 23 34 96 139 19 2 3 0 1 1 0 2 1 1 0 4 0 0 8 20 36 124 11 18 1 11 1 13 7 19 3 3 24 4 0 13 50 1 7 7 0 0 5 1 5 8 21 3 7 0 5 0 2 3
29 7 7 8 57 14 17 2 0 2 2 11 62 601 2291 4926 151 708 964 141 31 40 22 33 45 19 11896 7845 575 231 219 10 33 90 192 209 189 48 2355 79 113 6 30 62 7 371 90 9 3 2 2 4 95 103 4 4 266 234 312 238 138 8 23 934 2494 42 314 384 208 2 0 3 16 88 909 19 7 37 22 2 1 0 51 61 78 53 67 0 7 2 41 9 1 2 13 140 3 24 85 204 1 3 0 0 4 1 0 1 0 0 0 2 17 262 173 70 11 507 23 1442 59 1135 75 7 2 10 8 65 23 273 10 3 1 7 2 15 21 17 27 54 690 51 274 0 11 25 42 82 54 465 6 1 5 3 0 0 0 1 0 0 0 2 0 0 10 12 80 211 8 37 0 5 2 7 4 55 1 1 35 1 3 7 43 4 4 6 0 2 3 2 1 4 4 7 2 2 4 1 2 0
5783 1623 976 834 1063 676 2022 375 35 124 21 590 3 34 55 79 42 27 14 26 182 169 21 128 261 32 673 575 46497 11462 2948 196 187 50 67 6 43 25 206 284 129 7 174 12 6 50 258 36 6 2 51 76 4439 11321 322 37 5014 166 28 9 99 68 295 435 590 14 7486 186 710 23 4 160 30 11 2513 83 113 7 108 7 10 1 1449 3119 423 171 1230 2 12 5 87 39 18 15 162 887 86 3922 239 1816 13 4 9 2 11 56 5 14 21 33 35 76 0 3 5 1 4 0 1 4 7 9 1 3 5 0 3 5 0 3 16 2 41 166 0 55 1 2 13 26 9 6 13 1 9 1 29 0 6 70 3 0 1 1 0 1 0 1 5 0 1 7 1 4 28 1 15 23 5 8 14 12 11 3 4 19 0 0 48 10 85 44 12 1 11 62 3 1 3 2 12 2 2 8 29 7 13 0 1 1
9361 5501 298 1454 3107 1131 1071 124 8 56 9 805 1 16 39 46 45 26 7 32 237 159 19 12 71 6 132 231 11462 27971 11121 302 186 32 16 8 42 19 151 30 180 3 34 7 0 15 37 29 1 2 42 45 735 852 85 33 5914 87 5 2 50 26 51 79 224 9 1231 68 364 2 2 109 10 11 1750 60 48 1 55 11 9 3 620 447 493 100 290 4 6 2 37 42 16 2 36 1186 49 1006 93 2345 3 3 9 9 2 60 3 14 16 23 37 65 1 1 3 1 1 3 0 8 3 2 0 2 2 0 5 0 1 1 13 0 41 124 0 47 0 0 10 21 11 1 6 4 12 5 10 3 1 24 2 0 1 2 0 0 1 2 1 2 2 5 1 1 22 1 11 13 1 4 12 6 4 2 5 8 1 0 23 3 52 24 8 1 6 35 1 0 4 0 8 1 2 12 18 4 3 2 2 0
713 2291 110 1910 5191 1632 182 34 13 31 10 981 1 16 55 46 53 28 8 32 392 372 31 39 714 12 262 219 2948 11121 11607 474 339 76 35 5 92 40 166 87 260 4 54 10 6 22 160 15 7 4 29 33 332 491 37 22 6134 195 10 19 78 10 80 142 275 7 1478 123 370 6 2 147 37 13 3257 77 36 4 70 5 13 1 319 427 579 498 2758 2 4 2 40 43 17 5 46 1657 40 142 1845 13944 10 2 8 6 3 44 4 6 14 24 23 47 1 2 1 1 5 3 1 5 4 7 3 9 3 1 2 2 1 3 13 2 29 111 0 60 1 1 19 33 10 7 8 3 10 2 8 2 2 30 3 0 1 2 0 1 2 0 2 0 3 3 2 2 21 2 11 10 3 6 15 3 0 2 4 3 1 1 19 3 39 24 7 0 12 31 0 0 1 1 9 2 1 5 19 3 4 3 1 2
231 212 104 250 2020 2707 56 22 26 112 30 827 3 4 17 10 22 13 6 7 112 117 17 2 44 3 18 10 196 302 474 4963 8108 1621 3 0 88 70 59 15 103 2 15 16 4 32 19 9 0 4 17 41 83 102 20 17 32 6057 8 7 35 5 8 8 10 1 75 11 38 2 2 719 103 56 5577 31 213 5 246 5 9 2 246 108 290 43 30 3 0 3 50 39 13 1 16 5375 286 67 49 57 32 10 29 23 20 214 9 29 76 91 112 219 0 1 1 4 4 1 1 6 5 5 5 34 16 1 4 1 0 1 82 5 120 665 2 244 0 1 42 74 5 7 5 20 48 1 4 0 8 9 5 0 1 4 0 0 3 2 0 3 17 43 3 28 129 3 10 7 1 3 61 58 8 6 0 10 5 0 10 6 352 194 49 5 3 242 0 1 1 13 54 2 0 46 99 18 49 2 9 10
163 123 122 232 746 1383 82 37 126 416 105 3426 12 21 35 64 82 154 95 38 241 298 132 36 104 37 63 33 187 186 339 8108 16535 6647 22 23 953 3282 171 167 244 4 47 260 10 240 221 17 9 7 26 47 141 115 16 38 33 2139 224 605 334 11 21 31 26 7 112 337 119 6 1 6066 3258 352 3368 76 411 25 1084 7 10 4 329 145 417 106 119 4 9 1 151 35 23 5 42 2393 849 138 60 59 65 12 57 36 33 300 8 72 92 133 222 370 14 5 6 19 100 19 7 29 85 56 32 102 62 15 44 7 11 22 127 3 275 1229 10 810 15 11 436 643 16 95 13 35 127 7 14 6 55 38 75 3 1 10 1 4 19 17 1 1 24 99 5 39 237 21 22 23 4 7 102 117 27 73 5 14 7 2 17 8 560 507 194 30 8 513 3 2 2 21 126 3 6 93 218 38 89 25 25 36
11 8 7 11 87 68 2 4 2 2 0 30 4 77 127 93 224 129 43 102 205 193 174 26 75 18 63 90 50 32 76 1621 6647 6251 36 133 1718 2001 261 106 183 4 32 48 2 66 195 21 1 2 11 12 25 21 8 13 12 2135 976 4260 160 21 27 43 66 11 40 885 234 3 4 313 580 122 1191 108 92 22 215 2 9 3 66 31 189 73 99 0 2 1 56 13 9 3 20 344 17 0 23 22 6 3 6 1 2 8 0 10 2 6 6 15 6 8 7 11 55 10 5 18 47 25 22 41 38 2 32 4 6 15 18 2 20 239 8 377 10 9 266 360 24 56 15 10 42 6 11 2 36 28 70 2 3 4 0 2 6 2 3 3 9 19 2 3 53 30 22 21 4 5 32 36 13 61 5 14 1 0 21 6 28 206 76 19 5 135 1 0 1 11 27 6 4 5 22 7 42 7 11 30
3 1 4 7 6 4 3 1 0 1 0 4 0 5119 2614 67 508 40 89 263 26 35 41 532 41 305 4477 192 67 16 35 3 22 36 5552 1399 505 48 36 2992 56 9 213 65 2 3 2427 1 1 2 0 2 19 13 5 2 50 35 1615 196 11 5 20 358 39 2 78 210 18 2 0 6 21 75 111 3 8 57 12 1 1 3 10 25 24 38 33 0 0 0 4 6 1 1 32 11 1 1 34 21 1 0 0 0 0 0 0 1 0 0 0 1 32 29 6 75 28 26 29 8 123 137 107 12 9 9 42 16 33 59 5 0 0 7 0 18 43 24 36 93 4 117 5 0 7 11 3 2 43 6 31 1 1 2 1 0 1 1 1 1 0 1 0 0 6 30 2 24 2 1 1 9 0 17 1 3 3 1 4 0 3 11 15 1 2 9 1 1 5 1 1 3 4 0 7 0 1 0 2 5
2 0 2 0 2 3 0 0 0 0 0 4 0 4383 1253 70 936 21 19 219 17 29 16 41 6 31 397 209 6 8 5 0 23 133 1399 1502 1452 36 43 185 18 0 26 22 2 2 59 0 1 0 0 0 3 4 1 1 1 42 1601 1260 2 2 4 86 49 1 3 141 30 1 0 5 9 17 98 4 9 17 11 1 1 0 1 0 6 6 3 2 1 0 2 0 0 0 9 5 1 0 2 3 0 1 0 0 0 2 0 0 0 0 0 1 5 7 0 23 40 7 25 2 84 33 44 16 19 3 36 10 16 22 6 2 1 10 1 17 34 14 53 94 2 84 1 1 7 7 0 1 29 5 48 2 0 0 1 3 0 0 0 0 0 0 0 0 5 41 1 6 1 1 2 14 1 26 4 0 0 1 7 1 2 14 12 7 1 8 0 1 1 3 1 1 3 0 6 0 10 3 7 7
8 16 5 3 72 56 6 2 0 1 1 19 8 761 529 98 1204 280 200 120 139 180 333 69 39 70 238 189 43 42 92 88 953 1718 505 1452 1566 868 116 410 303 6 52 76 4 86 446 3 6 2 5 4 7 7 3 3 18 529 1472 2250 130 7 16 93 49 3 18 910 74 3 0 79 212 154 803 15 29 87 137 0 1 1 19 19 48 26 60 0 1 0 35 9 4 2 22 250 7 2 11 40 2 0 2 1 6 6 0 1 0 1 1 4 22 28 9 57 219 32 68 42 366 112 129 99 71 28 126 19 30 63 20 6 14 118 25 212 97 49 396 531 18 333 13 0 63 16 6 5 156 17 268 2 1 2 0 1 2 2 1 2 2 8 0 4 18 133 14 33 5 5 29 66 12 179 3 7 0 0 10 1 21 138 88 39 5 81 1 1 4 15 9 5 16 7 27 0 41 11 34 52
9 7 10 13 51 55 1 1 4 2 0 44 339 35 42 51 293 345 1476 81 119 245 155 92 73 126 135 48 25 19 40 70 3282 2001 48 36 868 11441 59 342 154 8 76 1199 35 791 346 12 9 9 5 4 11 7 4 3 7 142 393 491 417 9 22 60 29 27 26 408 99 8 1 155 3190 907 254 50 100 263 243 3 8 4 23 25 84 49 96 2 7 8 241 13 4 8 61 140 11 0 23 11 1 2 2 1 2 14 1 9 2 2 7 4 35 72 46 144 249 91 73 96 393 285 165 163 87 34 137 28 50 110 17 11 14 269 25 434 112 47 669 793 55 369 53 8 89 31 21 29 247 79 308 1 5 2 0 4 0 3 1 4 9 16 0 4 32 151 23 68 6 13 44 79 16 203 7 25 2 0 35 14 35 301 255 44 18 194 1 2 4 21 24 12 19 8 43 2 72 16 49 63
27 17 2 8 88 39 15 2 1 2 0 17 60 60 639 2565 160 2570 458 389 34 34 36 151 17 5 239 2355 206 151 166 59 171 261 36 43 116 59 10197 32 339 31 222 38 21 621 35 46 19 1 3 8 28 40 14 10 65 310 106 240 4855 33 45 257 4300 53 76 185 7898 15 4 73 118 31 961 2023 12 13 80 1 8 0 22 23 43 18 30 1 17 3 431 33 7 13 93 261 6 10 30 105 3 6 1 2 11 4 0 1 1 0 0 5 3 268 286 27 15 379 10 1109 36 580 30 7 2 3 21 71 10 186 23 8 14 14 1 26 10 11 34 68 1004 26 540 0 8 47 216 174 54 1004 6 1 5 2 2 2 0 0 1 0 1 4 0 5 32 3 183 485 22 71 1 13 4 10 10 133 0 1 117 17 4 20 18 5 20 8 1 2 6 3 1 13 12 10 1 1 4 3 8 1
15 12 13 17 23 24 5 5 0 4 0 23 10 858 834 54 399 87 248 397 677 3926 3966 5598 4340 9630 4170 79 284 30 87 15 167 106 2992 185 410 342 32 5694 1107 137 904 324 12 23 3750 13 38 4 13 7 72 163 14 13 247 43 593 84 42 16 62 475 24 6 836 237 40 8 0 42 196 224 235 10 45 233 164 1 5 4 78 247 491 735 437 3 10 3 35 33 10 12 235 36 11 5 421 73 0 1 0 1 1 2 1 0 1 0 0 2 39 40 6 143 79 44 76 14 296 215 285 37 17 30 94 39 65 72 6 2 3 45 6 59 92 42 145 308 5 263 4 4 22 25 6 2 80 9 65 2 4 2 2 4 2 1 0 4 2 5 0 1 4 51 7 41 4 3 8 21 3 33 4 7 1 1 6 4 4 46 48 7 7 18 0 2 2 0 5 8 5 1 6 1 16 2 5 23
510 434 568 251 192 283 90 236 19 93 16 343 24 131 921 778 603 1162 400 624 1116 538 6195 4810 241 1245 793 113 129 180 260 103 244 183 56 18 303 154 339 1107 8817 4736 2711 95 88 338 143 109 1415 104 571 320 22 40 881 867 49 166 55 51 602 122 213 250 157 93 86 85 407 66 26 118 116 77 1138 275 114 37 133 30 189 53 426 54 625 108 91 71 330 137 828 2768 187 139 812 308 48 16 55 146 4 0 5 4 2 28 1 2 10 17 15 33 7 9 12 10 15 17 8 52 45 67 30 13 2 3 11 5 13 25 19 3 30 111 0 58 13 3 35 59 36 35 31 4 16 17 55 3 19 109 15 12 23 2 2 13 10 3 18 13 1 14 1 1 29 8 20 57 20 28 9 9 2 14 36 33 14 11 125 28 47 37 24 6 45 43 13 12 67 3 13 57 24 4 15 1 7 2 2 4
6 3 5 2 2 2 0 3 0 1 0 3 3 1 36 44 20 93 37 46 16 57 619 2400 22 71 95 6 7 3 4 2 4 4 9 0 6 8 31 137 4736 5729 6539 20 19 68 39 31 2311 13 24 2 0 4 91 31 9 2 10 0 114 36 45 21 21 33 18 3 73 18 4 5 2 6 15 81 2 8 6 0 10 2 17 2 10 11 10 12 57 33 230 595 8 64 369 5 2 0 10 3 0 0 0 0 0 0 0 0 0 1 0 0 1 3 4 0 1 3 0 4 3 7 5 1 0 1 0 0 1 2 0 0 0 1 0 0 1 1 3 3 5 1 2 1 1 6 17 1 3 36 0 1 8 2 0 8 0 0 1 3 0 0 0 0 1 1 6 15 14 8 0 2 1 0 14 8 1 2 27 6 0 1 0 0 30 1 1 2 8 0 0 18 9 1 0 0 0 0 0 0
18 8 10 8 16 16 2 5 1 1 0 12 48 31 141 178 106 852 474 202 97 600 583 2823 343 283 716 30 174 34 54 15 47 32 213 26 52 76 222 904 2711 6539 8065 129 143 1207 509 147 3695 41 36 10 45 80 84 39 136 17 123 12 1586 193 1051 4967 322 341 427 89 942 63 10 19 45 88 123 656 36 38 42 0 32 7 60 124 200 264 102 30 190 88 2516 948 12 224 2797 33 15 4 159 51 1 0 0 0 2 0 0 0 0 0 0 0 3 22 35 15 20 25 10 98 43 128 52 7 1 2 6 16 12 29 8 6 0 9 1 13 13 8 22 35 81 38 87 2 4 58 184 9 39 447 12 10 27 4 2 19 0 3 2 2 0 0 0 2 7 12 78 198 42 99 1 8 2 2 77 149 9 6 390 92 2 6 13 0 144 9 1 4 31 2 0 77 43 4 8 0 3 0 3 1
6 10 11 9 11 24 2 2 3 3 1 47 8093 64 145 33 205 165 8164 724 74 177 100 91 46 107 118 62 12 7 10 16 260 48 65 22 76 1199 38 324 95 20 129 8585 1780 2455 200 28 6 220 6 38 5 5 3 4 2 20 131 75 209 31 46 75 18 356 12 152 66 14 12 343 3907 2682 71 89 1010 2796 3170 28 40 80 18 13 52 45 56 69 42 127 919 28 8 12 141 22 57 2 8 7 3 3 4 0 6 7 0 6 2 3 1 8 71 105 73 229 220 180 123 302 665 947 377 125 57 29 159 64 83 234 18 10 12 180 15 242 184 71 598 761 111 363 70 3 64 64 58 21 331 198 247 9 11 3 2 8 4 5 2 4 4 10 1 2 21 153 53 161 26 39 22 69 9 168 23 64 9 1 140 39 25 213 303 48 37 163 2 10 11 17 15 22 25 5 66 4 55 11 37 54
5 3 5 2 2 4 1 0 31 7 0 3 4835 2 5 7 16 16 147 25 4 5 1 14 7 8 12 7 6 0 6 4 10 2 2 2 4 35 21 12 88 19 143 1780 20642 958 7 104 39 5757 19 167 9 3 5 1 4 2 2 0 64 182 82 70 101 5779 6 3 152 119 70 64 29 519 15 226 2456 706 319 162 401 691 4 4 4 4 1 854 592 3305 6415 172 39 83 286 2 623 21 3 2 4 5 0 2 5 1 0 1 1 1 2 2 0 14 100 3 10 30 1 151 34 83 14 6 2 3 9 23 5 22 41 9 4 20 2 13 1 3 31 36 272 11 236 10 18 183 565 24 79 1673 10 46 145 15 5 106 14 19 20 41 1 3 0 4 31 3 418 624 225 481 6 22 2 3 338 617 47 33 1843 424 5 19 16 2 529 25 10 90 170 0 2 531 160 14 8 0 2 0 5 3
7 5 3 1 16 21 0 0 1 5 1 16 4174 5 31 109 113 1190 4520 438 17 20 13 552 37 8 209 371 50 15 22 32 240 66 3 2 86 791 621 23 338 68 1207 2455 958 8336 12 46 30 27 6 0 6 12 18 5 23 21 13 8 941 58 106 1242 1127 1800 36 18 386 17 14 116 487 326 63 254 122 63 209 0 8 2 11 12 15 23 7 6 43 44 2204 59 6 15 283 46 66 7 27 21 5 21 1 5 16 9 0 0 0 1 2 7 2 419 1258 29 26 424 11 1666 78 1060 25 13 10 2 3 192 11 377 69 38 42 70 3 57 8 14 81 94 2780 8 1599 3 22 229 1080 502 217 4582 10 9 19 7 2 10 0 6 0 1 1 4 0 7 93 13 649 1817 55 384 2 38 15 10 31 486 1 3 508 53 12 27 71 8 56 19 1 5 14 2 2 30 24 30 5 8 4 2 7 4
15 11 20 17 21 25 3 5 1 3 1 34 2 108 111 29 211 35 78 74 185 758 167 813 3670 233 1005 90 258 37 160 19 221 195 2427 59 446 346 35 3750 143 39 509 200 7 12 6451 9 11 2 9 12 56 104 9 7 297 52 815 88 22 12 66 442 56 5 598 1841 59 2 1 33 231 101 500 13 43 108 159 1 3 1 71 150 302 534 2721 2 4 1 22 19 1 6 146 49 5 1 446 139 3 3 3 0 0 6 0 0 0 0 0 3 10 12 1 32 102 12 27 8 156 49 83 42 16 22 65 6 24 29 5 3 3 55 9 80 52 25 131 276 5 153 4 1 24 9 6 2 52 14 70 3 1 2 0 2 1 4 0 1 1 4 0 0 5 49 6 23 2 2 3 24 3 46 3 4 3 2 12 3 7 41 18 6 2 29 0 2 3 5 6 8 3 1 6 0 17 2 9 9
6 1 3 5 13 5 0 3 0 0 0 2 14 0 7 18 1 63 41 16 5 34 11 16 18 4 6 9 36 29 15 9 17 21 1 0 3 12 46 13 109 31 147 28 104 46 9 12414 93 330 11 78 7 8 8 0 14 10 4 6 163 13968 3477 204 105 75 37 4 3608 1831 5280 6 10 14 84 8147 22 5 16 11 1065 123 2 7 25 13 7 1182 3803 330 1656 277 193 816 1155 21 15 0 6 12 3 5 1 0 7 0 0 0 0 0 2 3 0 4 12 0 3 5 0 25 22 33 3 0 2 4 8 5 5 12 13 6 3 9 0 5 3 1 18 9 13 12 12 13 11 216 222 9 70 130 7 270 767 36 22 507 33 47 35 99 1 2 0 1 9 0 47 566 580 116 0 12 3 2 744 122 189 213 1079 335 1 16 16 2 884 31 65 214 1088 0 1 1742 780 5 23 2 2 2 3 1
14 10 15 1 3 6 6 5 1 1 0 11 4 4 20 35 11 87 69 36 16 49 48 154 12 27 26 3 6 1 7 0 9 1 1 1 6 9 19 38 1415 2311 3695 6 39 30 11 93 9255 78 79 6 0 0 37 22 3 2 2 0 58 121 118 24 12 27 7 3 75 96 15 4 8 10 19 148 18 10 3 2 52 21 19 7 13 11 2 53 341 117 308 7056 46 1757 3964 5 8 2 8 2 0 0 0 0 0 2 0 0 0 0 0 0 0 2 0 0 0 2 0 2 4 9 5 0 0 0 2 0 0 1 0 1 0 3 0 2 1 0 2 3 4 2 4 0 3 10 17 0 4 23 0 14 59 5 1 28 1 2 3 8 0 0 0 0 1 1 7 25 25 11 0 2 0 0 49 15 10 14 84 21 0 2 1 0 40 0 3 15 74 0 0 111 46 0 0 0 0 0 0 0
9 2 13 1 4 1 4 4 16 4 2 5 75 0 3 6 6 17 38 3 4 7 5 8 0 2 3 2 2 2 4 4 7 2 2 0 2 9 1 4 104 13 41 220 5757 27 2 330 78 8808 149 959 6 1 11 4 0 1 1 1 15 487 81 13 3 2728 0 4 59 265 242 19 6 999 8 296 1520 526 105 1220 1168 4920 2 0 2 0 0 3464 2135 5716 968 391 95 208 401 0 451 12 0 1 1 0 1 0 0 0 0 1 0 0 0 0 1 2 5 1 2 3 1 15 4 11 6 0 1 0 5 2 0 1 3 1 4 5 0 0 0 2 10 14 3 6 11 12 4 53 84 2 20 52 3 95 290 22 6 227 65 55 110 123 0 0 0 0 4 1 16 102 146 52 1 3 3 1 242 23 124 86 567 118 3 2 7 1 251 5 71 670 726 2 1 936 275 1 3 0 1 2 1 1
205 73 111 50 31 26 52 83 2 20 5 46 1 1 1 4 1 12 4 3 10 11 5 7 8 3 13 2 51 42 29 17 26 11 0 0 5 5 3 13 571 24 36 6 19 6 9 11 79 149 14291 15251 62 13 404 306 4 15 1 0 2 28 11 2 3 34 12 6 11 174 23 30 13 34 106 20 56 9 28 1791 1832 556 569 14 78 10 10 224 102 62 44 10858 5965 94 170 40 23 19 3 11 3 0 0 0 2 2 1 0 0 3 2 1 1 1 0 0 2 0 0 1 0 1 0 0 0 1 1 0 0 0 2 0 3 20 0 17 1 0 3 10 0 1 0 3 5 1 4 0 1 2 0 6 12 7 2 6 557 230 523 400 10 0 0 0 5 0 2 1 1 8 1 2 0 3 4 0 161 48 28 3 7 9 7 1 8 14 81 9 530 0 8 44 47 3 9 1 1 1 0 0
224 103 147 45 31 42 64 122 12 34 10 68 8 0 2 3 1 6 10 6 19 15 5 5 7 4 4 4 76 45 33 41 47 12 2 0 4 4 8 7 320 2 10 38 167 0 12 78 6 959 15251 24154 123 38 659 289 3 20 1 5 10 73 15 7 2 286 11 12 47 249 172 40 17 397 133 104 540 88 47 10504 7062 4539 962 15 92 10 19 1859 346 350 107 2434 8605 91 48 43 219 25 4 15 21 3 2 3 4 8 0 2 6 4 7 6 0 1 3 0 2 0 2 1 3 2 0 2 4 0 1 0 1 0 6 2 5 28 0 21 2 0 4 16 0 0 0 41 18 15 14 0 13 6 1 38 65 58 5 68 2439 1448 3585 1215 65 9 1 3 9 2 2 15 23 35 16 7 0 1 14 5 743 112 112 14 5 17 15 1 15 47 528 92 2367 2 76 173 227 5 17 6 1 2 1 0
1200 432 420 258 169 207 740 466 117 338 72 287 1 7 8 11 10 1 3 2 25 30 8 29 57 10 111 95 4439 735 332 83 141 25 19 3 7 11 28 72 22 0 45 5 9 6 56 7 0 6 62 123 10209 4245 3785 19 321 72 8 4 18 11 54 69 71 8 336 38 93 3 0 202 33 20 510 9 274 4 136 10 13 7 1856 372 201 72 209 5 2 1 26 36 16 3 31 157 417 2797 48 164 6 1 6 2 1 22 0 4 13 14 15 35 0 1 0 1 3 0 1 0 2 1 0 3 6 0 2 0 0 0 8 0 20 130 2 65 0 0 8 20 2 2 1 5 7 1 4 1 1 7 2 0 0 0 0 0 2 3 7 0 0 2 0 3 19 0 3 1 0 2 6 12 4 5 0 2 1 0 7 1 50 40 17 1 0 66 0 0 1 1 1 0 0 8 16 2 2 1 1 1
1173 526 521 313 189 216 452 370 34 157 42 277 2 14 10 12 8 6 5 2 24 64 11 56 143 28 221 103 11321 852 491 102 115 21 13 4 7 7 40 163 40 4 80 5 3 12 104 8 0 1 13 38 4245 13312 122 10 662 41 4 2 27 20 87 142 125 6 2706 54 145 5 1 94 23 11 587 24 98 4 77 3 5 0 1402 6946 394 347 365 0 2 2 36 12 4 5 60 173 99 1351 99 284 5 1 6 3 2 20 1 3 6 15 11 34 0 0 1 0 2 4 1 0 1 0 0 2 2 0 2 0 1 1 6 1 18 88 1 45 0 0 18 19 5 2 2 3 6 3 8 0 2 15 3 0 2 2 0 0 2 2 0 1 0 6 0 2 20 0 8 1 0 3 6 7 3 4 0 8 0 0 10 2 45 28 13 0 4 31 0 0 2 0 3 0 0 6 18 0 4 1 0 1
187 49 74 36 37 18 112 85 6 37 12 39 3 1 1 12 5 20 7 0 4 15 8 42 10 6 22 4 322 85 37 20 16 8 5 1 3 4 14 14 881 91 84 3 5 18 9 8 37 11 404 659 3785 122 11858 240 29 16 1 2 19 4 14 14 12 2 60 4 32 6 3 26 11 4 106 23 39 0 29 65 66 10 6053 131 126 16 24 11 20 3 56 530 85 6 33 37 30 166 5 18 0 0 0 1 0 6 0 3 1 3 2 4 0 0 1 0 1 1 0 0 0 2 0 0 1 0 0 0 0 0 1 0 5 24 0 19 0 0 6 6 1 2 0 1 6 1 2 0 2 7 1 3 0 1 0 2 23 10 29 10 0 1 0 1 8 0 2 5 1 2 5 0 0 1 2 2 3 0 12 4 10 14 3 0 3 8 4 0 16 0 0 4 3 1 4 1 1 0 1 0
136 68 108 35 16 39 43 69 5 22 9 51 1 0 2 9 0 6 2 0 1491 28 5 13 15 7 18 4 37 33 22 17 38 13 2 1 3 3 10 13 867 31 39 4 1 5 7 0 22 4 306 289 19 10 240 2601 3 16 3 6 14 2 7 7 6 3 9 10 15 5 3 26 9 5 100 10 33 1 24 38 29 4 5252 13 1715 15 17 6 11 6 26 209 43 6 23 39 5 10 7 9 0 1 1 0 0 5 0 1 1 2 3 10 0 0 0 0 0 0 0 1 1 0 0 1 0 1 0 0 0 0 2 0 7 16 0 19 1 1 2 7 3 0 0 1 2 0 3 0 1 2 2 0 4 0 0 2 13 7 17 5 0 0 0 0 7 0 0 2 0 1 3 4 0 0 1 2 3 3 5 1 6 12 2 1 3 10 0 3 12 0 3 3 1 2 1 0 0 1 0 0
62 96 39 38 370 63 15 13 1 3 1 43 3 24 18 21 15 13 14 9 58 131 15 96 412 33 559 266 5014 5914 6134 32 33 12 50 1 18 7 65 247 49 9 136 2 4 23 297 14 3 0 4 3 321 662 29 3 15828 101 13 5 42 23 118 365 297 10 8287 144 300 6 1 22 12 6 1931 32 6 4 15 2 1 0 177 407 185 1128 1776 0 3 1 44 6 4 5 105 604 8 44 2665 3629 1 1 0 0 0 0 0 0 0 1 1 3 1 0 3 0 3 0 0 6 2 6 3 0 1 1 0 1 0 5 0 0 1 8 0 8 0 0 1 9 8 3 7 1 1 1 16 0 0 45 0 0 3 0 0 0 0 0 0 0 1 0 0 0 1 0 9 10 4 6 2 0 0 0 3 9 0 0 18 1 5 4 2 0 8 4 0 0 2 0 1 5 0 0 2 0 0 0 0 0
17 11 19 12 122 157 5 2 9 7 2 69 1 139 215 193 308 86 12 144 286 244 77 17 91 6 109 234 166 87 195 6057 2139 2135 35 42 529 142 310 43 166 2 17 20 2 21 52 10 2 1 15 20 72 41 16 16 101 3813 758 2356 86 12 31 36 147 11 106 3675 315 8 1 296 142 40 10385 105 67 17 167 0 13 0 164 75 240 76 330 1 4 1 42 32 10 4 24 1425 36 6 62 127 7 2 6 4 4 32 2 6 13 15 13 47 3 0 2 3 33 5 3 15 8 14 7 13 19 4 9 2 2 5 19 1 28 207 3 187 3 0 83 147 18 26 10 9 36 4 5 1 11 32 18 0 2 1 0 1 4 4 1 0 4 17 1 8 54 9 9 14 3 2 32 20 12 15 3 7 2 2 21 4 70 106 36 5 6 102 1 0 0 4 29 8 3 17 24 8 18 3 6 6
4 10 11 6 15 16 0 1 0 1 0 8 0 351 298 77 355 37 46 106 61 110 52 190 25 71 789 312 28 5 10 8 224 976 1615 1601 1472 393 106 593 55 10 123 131 2 13 815 4 2 1 1 1 8 4 1 3 13 758 2771 5096 18 3 28 327 131 2 29 906 71 0 0 10 78 58 368 19 21 55 66 0 0 2 10 13 31 15 45 0 0 1 13 5 3 0 29 21 0 0 8 10 1 1 0 2 0 2 0 0 1 1 0 1 14 7 0 29 82 10 34 8 186 33 84 48 20 11 68 9 19 25 6 1 2 35 7 59 38 36 121 320 4 181 6 3 23 9 3 1 37 12 81 1 1 1 0 1 0 0 0 0 2 3 1 1 9 51 7 7 2 0 12 30 3 57 3 5 0 2 9 0 6 27 37 14 2 14 0 0 2 2 6 2 2 0 6 0 17 6 10 23
2 1 5 6 5 9 4 0 0 0 0 6 1 520 422 190 522 123 14 199 63 85 49 17 24 27 137 238 9 2 19 7 605 4260 196 1260 2250 491 240 84 51 0 12 75 0 8 88 6 0 1 0 5 4 2 2 6 5 2356 5096 4542 31 1 8 28 90 1 13 2455 115 1 0 23 98 35 480 22 14 36 66 0 2 0 2 8 30 21 25 0 2 1 10 4 2 0 7 38 2 1 5 4 1 0 3 0 0 5 0 0 0 2 4 2 2 3 0 8 73 5 9 7 66 16 23 44 24 4 52 6 5 9 10 2 3 56 9 114 26 13 145 297 11 95 5 4 25 7 3 0 34 16 96 2 1 0 0 2 0 2 0 1 2 4 0 2 15 49 7 3 1 1 9 30 6 70 0 5 0 3 4 1 7 58 31 17 3 35 0 0 2 3 10 4 2 3 6 0 23 9 10 20
17 5 5 4 53 41 7 0 3 2 0 31 32 3 49 314 138 4516 818 491 22 72 22 475 68 7 124 138 99 50 78 35 334 160 11 2 130 417 4855 42 602 114 1586 209 64 941 22 163 58 15 2 10 18 27 19 14 42 86 18 31 9621 156 304 1326 1044 240 91 24 2862 60 24 109 418 18 274 7037 32 7 157 1 21 2 30 28 53 50 31 8 68 18 3118 119 13 52 549 135 14 4 46 38 0 10 0 3 3 4 0 1 1 0 1 6 6 66 143 8 21 47 4 160 48 116 12 10 5 0 4 31 6 59 29 7 7 25 0 24 2 0 65 52 511 12 400 3 7 104 680 88 48 1478 14 10 18 5 3 17 0 2 2 2 0 5 1 1 20 5 269 587 42 199 2 23 5 14 55 352 4 5 592 75 16 19 18 3 125 18 2 5 13 2 1 44 20 14 4 1 9 3 12 5
5 2 1 5 8 5 3 2 1 0 0 2 11 2 12 16 9 78 59 18 10 37 15 22 21 4 17 8 68 26 10 5 11 21 5 2 7 9 33 16 122 36 193 31 182 58 12 13968 121 487 28 73 11 20 4 2 23 12 3 1 156 26184 5945 258 136 108 69 9 1933 9154 2842 7 9 29 76 2857 36 7 12 17 367 230 15 15 23 19 11 442 1961 500 1055 330 150 2918 3242 25 18 3 20 8 0 2 1 0 1 1 0 1 0 0 0 0 0 1 9 1 3 9 0 11 4 27 8 1 1 4 5 3 2 4 9 1 3 6 0 4 0 1 14 7 8 12 12 14 15 193 151 2 44 109 8 322 937 43 28 588 41 47 39 151 0 1 0 1 3 4 37 409 517 73 0 9 5 0 591 87 256 263 1006 231 2 8 13 4 597 21 105 249 1410 1 2 1944 1037 1 13 1 1 0 1 3
12 3 1 1 18 12 3 3 0 1 0 10 18 6 19 44 24 189 134 39 27 136 29 67 152 18 70 23 295 51 80 8 21 27 20 4 16 22 45 62 213 45 1051 46 82 106 66 3477 118 81 11 15 54 87 14 7 118 31 28 8 304 5945 24560 7225 4617 132 311 22 6094 769 40 7 22 32 121 988 30 15 19 1 31 20 48 95 86 105 44 41 526 182 1824 252 36 509 5528 37 9 7 95 41 0 1 0 0 0 1 0 1 1 1 0 0 2 8 9 6 6 8 1 37 23 69 13 0 0 2 6 5 6 10 14 3 1 5 1 6 6 5 15 18 17 20 23 1 3 116 216 12 54 177 4 53 139 6 5 141 4 10 1 20 0 0 0 0 5 5 58 367 260 135 0 8 0 2 344 209 47 48 723 267 1 9 11 0 431 17 9 38 139 0 1 434 205 2 22 0 3 0 1 3
5 6 5 12 30 12 3 1 0 3 0 13 55 136 208 98 78 750 481 89 36 237 58 909 333 39 983 934 435 79 142 8 31 43 358 86 93 60 257 475 250 21 4967 75 70 1242 442 204 24 13 2 7 69 142 14 7 365 36 327 28 1326 258 7225 8888 8564 220 642 190 3241 40 6 10 46 67 202 368 27 33 42 0 9 4 71 179 169 269 131 4 34 16 966 33 6 33 2040 31 9 11 282 138 0 4 0 0 4 1 0 1 0 0 1 4 5 68 73 34 12 78 10 304 47 256 48 4 5 7 11 32 13 67 13 9 3 11 0 15 20 5 26 40 319 38 224 1 4 63 222 26 41 744 7 7 11 4 1 8 1 1 0 1 0 3 0 3 15 9 160 275 32 77 2 9 4 8 36 198 1 4 315 39 8 9 18 1 65 7 0 3 10 0 1 34 12 1 2 1 2 0 9 3
29 16 3 9 58 15 11 2 3 0 1 15 68 62 203 107 55 405 243 53 36 69 8 44 124 4 1280 2494 590 224 275 10 26 66 39 49 49 29 4300 24 157 21 322 18 101 1127 56 105 12 3 3 2 71 125 12 6 297 147 131 90 1044 136 4617 8564 8249 168 339 159 7137 29 2 8 18 36 650 231 10 7 16 0 4 0 75 82 115 75 82 5 15 8 437 27 6 15 409 152 9 20 139 245 2 4 0 3 2 2 0 2 0 0 1 2 3 68 105 13 10 107 3 436 29 234 18 5 2 1 10 40 5 73 24 5 9 14 0 21 10 8 23 30 556 13 347 1 5 97 369 36 37 1426 4 0 5 0 0 6 1 2 0 2 0 1 0 3 29 6 311 476 13 130 2 13 4 4 27 317 5 3 449 46 4 5 10 2 60 1 0 4 3 2 2 19 15 13 5 1 4 2 3 6
3 3 1 1 7 3 1 0 6 3 2 2 1941 5 10 13 7 125 197 22 6 6 7 57 6 1 32 42 14 9 7 1 7 11 2 1 3 27 53 6 93 33 341 356 5779 1800 5 75 27 2728 34 286 8 6 2 3 10 11 2 1 240 108 132 220 168 2781 14 2 293 36 39 20 14 1825 25 280 1342 1199 75 219 117 821 6 2 10 4 1 203 199 749 3496 75 22 47 274 10 241 8 11 4 0 2 0 1 1 0 1 1 0 0 0 1 0 38 343 4 5 42 1 310 20 225 12 3 1 0 3 35 4 43 16 13 3 19 0 10 1 1 24 30 269 5 152 2 10 114 444 65 90 1296 4 17 47 5 1 38 5 11 6 8 1 1 0 3 12 2 154 344 68 1405 1 19 2 4 89 206 17 3 726 145 4 12 27 2 158 19 5 17 49 0 1 132 52 5 9 0 2 0 4 0
422 479 533 363 250 266 46 110 2 35 6 298 1 19 24 33 22 17 12 10 71 404 50 331 962 159 908 314 7486 1231 1478 75 112 40 78 3 18 26 76 836 86 18 427 12 6 36 598 37 7 0 12 11 336 2706 60 9 8287 106 29 13 91 69 311 642 339 14 13160 152 344 19 2 76 39 15 1396 43 45 8 83 3 3 0 590 8103 1656 3325 1680 1 25 5 106 15 2 19 297 284 24 22 993 1278 2 1 5 0 2 10 1 2 5 4 10 12 0 1 8 1 8 1 3 8 8 7 3 1 1 0 4 0 1 4 4 1 16 50 2 37 2 2 13 25 11 11 6 4 4 3 18 1 2 52 5 2 1 0 0 1 0 0 1 0 1 1 0 4 11 3 14 21 2 4 4 2 2 4 8 14 0 0 37 6 15 14 8 1 5 20 0 1 2 0 5 7 1 2 10 0 3 2 0 0
14 13 22 14 28 30 9 2 0 2 0 30 0 261 234 150 252 61 18 74 152 233 54 126 107 56 418 384 186 68 123 11 337 885 210 141 910 408 185 237 85 3 89 152 3 18 1841 4 3 4 6 12 38 54 4 10 144 3675 906 2455 24 9 22 190 159 2 152 6879 132 2 0 30 195 59 5412 26 49 62 150 1 9 0 61 48 123 109 1124 0 2 0 9 12 7 1 38 76 3 7 91 93 1 0 2 1 1 1 0 3 1 0 2 4 4 13 1 12 85 5 10 12 100 23 37 55 20 6 46 9 8 19 10 5 6 78 17 171 18 16 201 417 10 104 9 2 38 6 0 0 43 14 81 0 6 0 0 1 2 0 1 0 0 4 0 0 13 47 7 13 0 3 13 36 8 68 1 9 0 1 7 2 11 57 30 20 5 27 0 0 4 5 9 4 4 2 7 0 19 7 11 26
47 25 10 8 157 63 26 4 3 3 0 19 33 22 168 324 54 1360 259 178 87 114 32 133 146 12 96 208 710 364 370 38 119 234 18 30 74 99 7898 40 407 73 942 66 152 386 59 3608 75 59 11 47 93 145 32 15 300 315 71 115 2862 1933 6094 3241 7137 293 344 132 8819 307 123 32 95 38 1432 8053 34 13 37 1 77 6 103 115 158 119 80 15 213 91 2039 139 64 178 1460 358 26 33 157 325 4 3 1 3 10 3 0 4 0 0 0 6 4 50 102 16 23 50 4 147 56 157 28 9 6 5 9 26 6 52 34 24 17 34 2 19 12 8 68 63 309 28 231 6 13 251 977 30 133 1335 11 54 113 9 5 111 2 10 3 14 0 3 0 4 29 10 288 903 288 372 2 33 4 7 414 689 32 34 1720 478 10 25 20 10 729 42 11 37 78 1 4 334 173 23 28 3 4 3 10 3
12 3 10 3 5 7 1 1 1 1 0 2 4 0 9 6 5 21 15 9 4 12 13 12 10 7 8 2 23 2 6 2 6 3 2 1 3 8 15 8 66 18 63 14 119 17 2 1831 96 265 174 249 3 5 6 5 6 8 0 1 60 9154 769 40 29 36 19 2 307 4787 3536 3 5 16 23 760 49 6 6 58 3326 534 13 6 11 6 3 1207 1676 341 522 1601 1174 3024 2089 10 16 1 10 6 0 0 0 0 0 0 0 1 0 0 0 1 1 0 1 3 5 2 0 6 2 10 2 1 1 0 0 3 1 0 2 0 0 3 0 0 0 1 5 1 2 2 3 8 8 33 50 1 14 34 0 102 265 25 9 185 95 137 155 279 7 0 0 0 1 0 5 81 101 31 0 2 1 0 143 24 244 246 272 52 0 2 7 0 161 9 183 84 1375 0 2 518 404 1 9 0 0 0 1 0
2 2 3 1 0 3 2 2 1 0 0 1 1 0 2 0 0 6 6 0 2 1 1 2 1 0 1 0 4 2 2 2 1 4 0 0 0 1 4 0 26 4 10 12 70 14 1 5280 15 242 23 172 0 1 3 3 1 1 0 0 24 2842 40 6 2 39 2 0 123 3536 8918 1 1 20 9 916 37 4 4 37 8482 500 1 0 2 1 0 2553 3028 279 364 258 764 550 230 4 22 0 1 0 0 0 1 0 0 0 0 1 0 0 0 1 0 0 2 1 1 0 0 5 1 3 0 0 0 1 5 0 1 1 0 0 1 2 1 1 0 0 1 2 2 3 1 14 7 28 21 0 8 20 1 226 298 31 6 144 78 123 105 262 0 0 0 0 0 0 5 46 109 18 1 3 0 0 95 11 293 267 211 32 0 0 9 1 90 6 195 97 1756 0 1 517 402 0 4 0 0 0 2 0
95 72 187 121 271 706 138 207 447 3283 3299 4529 51 3 19 13 26 32 25 6 103 94 21 9 44 14 19 3 160 109 147 719 6066 313 6 5 79 155 73 42 118 5 19 343 64 116 33 6 4 19 30 40 202 94 26 26 22 296 10 23 109 7 7 10 8 20 76 30 32 3 1 7411 4238 488 699 34 5036 68 9101 4 22 10 264 110 279 51 41 5 10 6 103 35 18 4 17 751 6288 426 31 25 82 19 77 39 45 439 22 86 135 185 286 530 4 11 4 8 20 3 11 11 43 26 13 82 58 6 28 1 5 8 150 13 374 1673 2 678 13 2 227 274 7 39 4 53 166 4 10 2 30 29 31 0 2 15 3 0 12 16 4 4 52 105 10 67 266 10 17 15 2 3 162 135 24 21 0 11 6 0 20 3 906 503 220 13 7 631 3 1 3 23 171 4 6 118 352 38 83 19 16 12
