41640 8060 10244 6461 582 5088 12543 11072 1042 1452 47 1944 0 4 2 9 6 6 6 1 101 30 4 15 48 3 10 5 4400 6813 328 32 111 31 0 0 20 11 20 8 491 19 37 1 6 1 5 35 84 4 33 81 491 1457 205 123 79 11 3 2 48 60 24 15 15 1 663 6 47 85 74 196 21 30 73 35 88 0 20 3 176 8 1163 1010 1369 142 25 123 155 22 43 400 235 112 99 145 226 2606 114 35 32 3 171 256 13 298 20 42 89 92 309 333 1 0 1 4 1 0 2 3 3 4 1 8 9 0 0 0 1 0 4 0 58 76 0 20 0 0 6 9 0 1 0 19 38 1 3 0 3 11 3 0 4 3 1 5 2 3 1 2 8 10 0 4 10 1 0 2 1 2 17 10 2 0 2 1 2 6 4 0 140 6 11 1 0 60 12 1 8 4 15 3 2 7 132 19 33 5 0 2
8060 11168 4135 17851 1054 5078 463 483 377 1986 60 2191 0 0 0 0 1 3 1 0 78 15 1 4 23 2 7 0 609 1454 56 31 116 6 0 0 2 2 3 3 340 5 11 0 3 2 1 16 42 2 16 28 103 312 42 83 36 5 2 2 16 17 6 6 4 0 323 3 8 25 33 243 5 30 30 9 134 0 16 2 53 2 397 364 869 144 19 42 64 9 15 137 83 30 39 24 394 267 51 13 45 10 238 423 27 567 33 69 137 147 479 641 1 2 0 3 1 1 4 2 0 3 0 21 15 0 1 0 0 0 7 3 97 119 0 23 0 0 3 4 1 1 0 21 64 0 0 1 7 4 3 2 0 8 2 1 3 8 0 0 9 9 4 7 18 0 0 1 1 0 42 11 6 1 0 0 1 2 1 1 271 7 6 2 1 70 3 0 6 10 54 1 1 15 202 31 70 18 3 3
10244 4135 20762 6216 66 1329 1174 9991 1081 5183 34 13292 0 1 1 1 1 0 2 0 58 14 0 8 24 0 3 1 350 103 33 14 41 5 0 0 0 3 1 4 336 3 11 0 3 1 2 7 29 8 14 30 111 297 41 52 24 3 0 0 9 19 7 5 4 0 299 3 8 26 22 112 4 26 20 8 67 0 6 1 68 1 440 397 636 97 5 42 53 6 25 135 82 53 29 12 421 521 52 9 42 6 214 339 11 413 27 64 149 154 403 436 2 1 0 4 1 1 6 0 2 9 3 9 6 1 0 0 0 2 3 0 53 74 0 22 1 0 7 4 0 1 0 11 36 0 1 1 5 4 1 0 1 1 0 1 0 4 1 0 4 10 1 5 11 1 0 1 0 0 27 5 2 0 0 0 2 1 2 0 176 4 8 0 3 59 3 0 1 5 34 2 1 8 171 23 36 6 0 2
6461 17851 6216 16271 6333 11076 173 101 76 1000 43 3886 0 1 0 0 1 0 0 0 82 15 0 5 16 0 5 1 269 1798 695 30 68 6 1 0 0 3 1 3 251 1 7 0 0 2 0 5 19 0 2 13 33 140 13 38 39 2 1 0 7 6 3 0 3 0 215 0 2 11 9 158 4 45 17 8 109 0 9 1 12 2 187 203 548 135 6 15 22 2 7 57 24 11 13 34 337 102 53 40 37 2 192 393 22 428 31 57 126 126 416 498 1 1 1 1 0 1 4 2 0 4 2 16 9 0 1 0 0 1 4 1 91 93 0 19 0 0 3 4 0 4 0 16 27 1 1 0 5 4 1 0 0 15 0 1 1 5 0 0 8 9 5 6 9 0 0 0 1 0 34 6 7 0 0 1 1 0 5 0 187 5 9 1 0 74 1 0 3 10 44 0 1 9 164 27 70 13 2 4
582 1054 66 6333 8202 8096 189 29 44 77 38 2776 0 6 3 29 10 25 42 4 172 71 14 11 70 1 9 5 1285 4933 10222 1025 374 94 2 0 37 31 37 12 382 10 53 1 4 14 8 29 12 0 5 6 71 271 32 43 846 35 3 5 132 24 19 11 16 0 344 8 63 15 24 254 77 28 106 37 64 0 80 2 34 0 242 287 939 301 25 33 30 1 45 73 40 17 23 784 167 210 215 387 17 1 87 129 15 178 10 27 46 52 154 271 0 2 10 1 0 5 0 7 1 5 1 7 8 1 1 1 0 2 2 1 51 91 2 39 0 1 15 5 7 3 8 12 42 1 6 2 2 17 1 2 0 6 0 2 0 6 2 0 6 7 0 2 10 0 8 4 0 0 21 6 1 0 2 3 3 0 15 1 156 11 7 1 0 44 2 2 3 5 26 2 2 9 69 14 40 11 0 0
5088 5078 1329 11076 8096 18800 419 236 122 728 252 15091 1 7 5 10 3 17 50 4 315 141 15 21 135 7 14 4 838 3178 2866 4172 635 66 1 1 23 21 25 8 561 8 54 4 4 18 10 19 22 3 9 20 90 264 44 114 196 45 6 5 107 31 18 18 21 1 630 10 67 28 31 490 122 48 124 26 130 1 126 1 62 4 341 490 1511 524 23 33 48 4 35 106 77 32 46 411 544 283 413 88 36 6 229 380 24 472 19 71 142 154 473 596 1 1 8 1 2 2 5 9 5 11 2 14 17 0 0 0 0 0 5 1 101 145 2 38 0 1 17 14 5 7 1 17 49 4 4 3 6 22 3 1 1 5 2 1 0 4 0 0 4 12 2 6 22 2 5 1 1 0 40 14 5 1 3 5 2 2 16 1 308 17 17 4 4 76 5 0 2 12 44 0 1 17 179 33 82 11 1 8
12543 463 1174 173 189 419 11510 15896 2314 1908 19 1146 0 2 0 4 3 1 5 0 18 11 4 7 18 0 6 5 2637 1719 94 11 22 13 1 0 2 3 11 4 122 3 17 1 2 0 2 20 43 1 40 59 739 1488 221 21 24 2 1 2 26 29 16 4 7 0 216 9 11 37 34 36 3 9 25 9 8 0 5 1 100 0 793 604 316 38 9 67 77 8 18 249 119 68 42 68 163 7464 48 12 5 2 30 54 2 62 2 6 20 22 54 48 0 0 0 1 1 0 1 5 0 2 1 0 0 0 1 0 0 0 0 0 8 19 0 4 0 0 3 4 1 2 0 1 4 0 1 1 2 5 0 3 0 2 1 1 5 0 0 2 2 3 2 2 2 1 0 0 0 0 2 1 0 1 0 1 1 5 5 0 24 3 0 1 1 9 5 2 11 1 4 5 3 0 32 4 3 2 0 0
11072 483 9991 101 29 236 15896 30021 5261 19317 15 7160 0 0 0 2 1 2 0 0 9 3 3 3 5 0 4 0 237 221 17 5 7 2 0 0 1 1 3 0 96 3 5 0 0 0 0 7 18 1 11 23 147 237 39 18 7 1 0 1 4 8 5 1 3 0 118 0 5 14 15 21 1 6 9 4 4 0 0 2 37 0 308 220 173 10 3 27 26 4 12 92 53 20 13 9 135 1641 8 1 4 3 42 46 2 74 4 5 36 32 61 55 0 1 2 1 0 0 2 2 3 2 0 1 1 0 0 0 0 0 1 1 11 5 0 1 0 0 1 3 0 0 1 3 3 1 0 0 0 1 0 0 2 0 0 0 1 0 0 0 0 1 0 1 0 0 0 0 0 0 2 1 0 0 1 0 0 1 0 0 24 1 1 2 0 4 1 0 4 2 4 0 1 2 38 1 3 2 0 0
1042 377 1081 76 44 122 2314 5261 5230 6687 57 1167 0 0 0 0 0 1 0 0 24 14 1 3 11 0 0 0 130 117 12 8 32 4 0 0 2 1 1 0 35 1 5 0 18 1 0 2 2 24 1 12 175 103 30 1 9 0 0 0 4 4 0 0 1 25 39 1 5 3 1 122 10 138 7 0 289 6 29 16 16 25 110 71 68 19 0 22 11 9 17 38 11 0 1 14 1907 4443 21 4 2 0 5 17 1 21 1 2 4 10 7 32 0 1 1 0 0 1 0 0 0 1 0 2 2 1 2 0 0 0 0 1 5 33 1 18 0 0 3 1 1 0 0 0 3 0 2 0 3 4 0 0 1 1 0 0 3 2 0 2 2 1 0 0 0 0 1 0 0 0 4 0 1 0 0 1 1 1 5 0 53 11 12 0 0 27 1 0 1 3 2 2 0 2 7 0 10 0 0 0
1452 1986 5183 1000 77 728 1908 19317 6687 25894 8286 30352 4 1 0 1 0 2 2 0 78 83 6 3 47 1 1 1 154 132 19 29 147 5 2 0 1 6 2 0 158 4 7 1 23 1 1 5 4 32 8 24 173 120 25 17 21 3 0 1 6 10 2 1 2 46 156 0 8 10 9 2788 15 214 12 2 1366 66 50 27 32 46 160 145 272 75 1 40 15 15 14 54 32 8 9 15 4556 2757 102 4 64 14 333 453 27 625 48 101 272 223 662 558 4 4 0 2 1 4 3 2 3 12 4 11 11 0 0 1 0 0 9 0 62 114 0 23 0 0 7 5 1 1 0 14 46 0 7 1 12 7 2 1 1 10 2 0 5 9 2 2 7 11 3 6 16 0 0 0 0 3 31 7 2 0 0 0 3 3 6 0 233 13 10 0 0 73 1 2 1 10 40 3 0 14 357 46 41 12 1 7
47 60 34 43 38 252 19 15 57 8286 1196 1798 1 0 0 0 0 0 1 0 42 31 5 1 20 0 0 0 53 28 14 5 38 3 0 0 2 2 1 0 45 0 1 3 16 3 0 0 0 29 1 4 12 19 4 3 21 2 0 0 2 3 2 1 0 36 47 0 5 2 4 1046 16 124 3 1 739 55 108 13 9 30 24 40 95 38 1 21 10 9 9 10 9 2 1 9 1137 127 62 3 10 1 56 84 8 108 9 13 35 38 101 102 0 0 0 0 0 1 1 0 0 3 0 1 3 1 2 0 0 0 1 0 12 34 0 15 0 0 4 1 0 0 0 5 11 1 1 1 1 1 1 1 0 3 0 0 0 4 1 1 0 1 1 1 1 0 1 0 0 1 7 1 1 0 1 0 2 0 2 0 85 10 7 0 0 29 1 0 1 3 9 0 1 7 62 7 10 0 0 5
1944 2191 13292 3886 2776 15091 1146 7160 1167 30352 1798 35401 1 1 2 7 1 16 29 2 456 231 25 9 206 8 17 5 834 1084 620 686 1466 50 2 0 13 16 18 14 741 13 51 6 4 18 16 27 37 3 14 25 202 405 56 102 216 112 5 8 76 34 24 14 23 2 911 7 46 42 37 2284 166 128 320 11 354 5 245 3 67 7 500 706 1797 581 32 54 68 9 40 177 112 39 45 715 3952 1013 667 34 106 18 714 1129 80 1349 85 200 486 483 1376 1617 10 1 2 4 6 3 7 7 4 21 6 39 22 4 3 0 2 3 21 5 221 334 2 64 1 0 23 16 6 8 0 40 135 2 4 3 17 13 13 2 0 13 3 3 4 18 2 0 14 25 4 21 40 2 2 2 0 0 99 26 8 0 1 0 8 0 7 1 701 30 35 3 2 223 10 0 2 18 102 2 2 43 665 91 154 33 7 11
0 0 0 0 0 1 0 0 0 4 1 1 8830 0 4 15 11 3942 6289 107 0 0 1 9 2 1 17 24 1 1 0 1 7 16 1 0 7 513 23 1 10 8 16 2921 3160 2486 0 1 1 57 0 0 0 0 0 0 1 1 0 0 66 2 4 19 16 352 3 1 10 1 3 14 390 347 2 2 31 168 97 5 2 33 1 0 0 0 3 6 6 10 159 1 0 0 2 2 7 2 0 1 0 3 0 0 2 1 0 3 0 0 0 1 10 110 2171 11 3 407 47 1932 78 1899 132 3 0 3 3 25 5 149 7 8 4 31 5 40 0 2 85 45 454 10 352 2 16 27 410 1610 628 1627 4 6 2 0 2 0 2 1 1 1 0 1 0 2 9 6 225 96 15 148 2 20 18 14 10 44 6 3 90 2 25 51 87 15 5 21 0 3 6 2 0 3 7 17 4 0 5 2 2 2
4 0 1 1 6 7 2 0 0 1 0 1 0 12099 7440 1210 381 162 36 68 42 46 465 252 24 228 1886 1438 31 23 17 1 19 345 3458 3286 1102 21 649 987 579 34 130 9 0 5 303 19 11 0 0 1 2 3 0 1 42 202 674 68 47 22 55 361 345 0 23 418 283 7 10 0 8 2 140 11 1 5 5 1 4 0 5 7 12 5 51 2 9 1 9 13 2 8 18 27 0 1 15 23 0 0 0 1 0 0 0 0 0 0 1 2 34 13 30 21 20 39 106 24 69 165 67 4 3 2 8 1 2 2 0 0 4 81 1 34 2 1 107 108 5 9 8 2 6 2 1 9 198 23 5 0 1 0 0 0 0 0 0 0 0 1 0 0 4 5 3 2 0 0 1 1 0 2 0 4 2 1 5 1 37 92 1 0 0 31 0 0 1 0 0 2 1 7 0 0 4 5 0 3
2 0 1 0 3 5 0 0 0 0 0 2 4 7440 19393 11784 1475 2644 96 828 92 80 913 450 43 462 2267 4345 26 18 7 2 19 151 918 634 707 52 1981 1094 1532 124 273 8 4 23 112 54 58 3 0 1 1 2 0 2 20 87 70 41 281 48 54 273 488 0 15 90 887 24 36 6 10 2 144 53 3 3 9 0 8 0 1 3 25 7 20 10 34 1 21 37 13 16 77 21 1 3 20 16 0 0 0 0 2 0 0 1 0 0 1 5 43 17 43 39 20 48 130 70 90 201 80 7 8 3 14 2 2 7 1 0 6 102 8 53 8 4 112 125 30 32 9 0 13 6 13 14 201 49 19 0 0 2 0 1 1 0 0 0 0 1 0 0 4 6 9 4 3 0 1 3 4 6 5 9 0 1 18 2 39 106 7 6 3 39 1 1 3 4 0 0 3 9 0 0 5 3 3 4
9 0 1 0 29 10 4 2 0 1 0 7 15 1210 11784 14327 441 8065 1187 1524 17 18 97 364 16 124 1000 6584 31 11 9 9 85 333 161 12 807 485 3470 94 1233 160 185 21 3 62 18 39 46 2 1 3 0 11 1 1 20 76 14 36 359 44 45 87 76 1 22 84 389 18 17 8 56 2 141 66 1 2 6 1 5 0 4 4 12 7 11 13 44 2 27 41 11 17 62 61 0 3 10 8 0 0 0 0 0 1 0 0 0 0 0 1 50 48 173 30 7 114 52 210 64 522 83 1 1 1 8 2 2 37 1 3 0 33 1 13 0 0 32 23 56 6 31 1 3 2 11 85 238 93 1 0 4 0 1 2 0 0 0 0 0 0 0 0 2 2 8 10 3 17 0 0 0 2 4 5 0 3 14 0 15 35 6 1 5 21 1 0 4 2 0 4 4 2 0 0 0 0 1 2
6 1 1 1 10 3 3 1 0 0 0 1 11 381 1475 441 2189 410 957 2466 75 146 1064 134 53 512 76 84 23 23 3 2 23 147 15 12 2796 867 120 955 435 38 60 26 10 75 49 5 7 1 0 0 0 2 1 3 21 71 16 13 149 9 7 16 21 5 8 45 76 10 3 3 12 18 150 19 3 12 12 0 1 3 3 4 32 9 4 3 4 0 29 4 3 5 16 54 0 2 28 12 0 2 0 1 8 3 0 2 0 1 7 10 84 18 28 69 57 23 144 22 107 126 47 38 29 11 42 2 0 11 1 2 26 256 21 142 10 23 224 299 22 83 9 0 26 1 3 20 268 15 65 1 1 0 0 0 0 0 0 1 0 3 0 0 10 30 3 6 2 1 7 8 7 18 0 11 0 0 8 0 120 230 22 14 2 90 2 1 1 6 1 2 1 23 3 0 18 8 1 17
6 3 0 0 25 17 1 2 1 2 0 16 3942 162 2644 8065 410 7818 7000 1949 19 52 89 1532 42 122 3908 986 15 15 5 27 165 580 247 14 1336 1725 5619 118 1634 220 502 155 348 5504 27 72 59 2 1 7 0 3 0 0 18 52 11 26 8790 106 117 390 165 23 29 33 467 28 29 35 218 21 147 126 2 25 38 2 7 1 4 6 20 13 21 17 88 1 84 53 27 27 129 105 1 1 18 10 0 0 0 0 5 2 0 2 0 0 3 4 73 422 2294 56 16 756 99 1808 133 3034 265 2 6 6 9 57 10 641 10 4 7 76 13 66 3 3 114 103 697 10 530 3 20 28 160 1826 902 992 15 4 7 3 3 4 0 2 0 2 0 2 0 0 5 8 68 90 22 72 2 9 13 17 15 46 3 6 40 5 28 74 41 11 12 18 3 1 3 1 1 6 10 20 1 0 8 3 2 4
6 1 2 0 42 50 5 0 0 2 1 29 6289 36 96 1187 957 7000 42453 9942 25 47 203 191 26 260 374 196 13 17 4 46 85 132 49 4 607 6025 55 280 284 49 92 6289 1047 3190 21 7 23 36 0 4 1 4 0 0 5 8 5 2 310 16 12 38 18 78 3 3 13 3 3 63 750 798 27 7 8 579 87 10 10 25 2 14 23 3 4 20 32 34 413 12 8 8 36 86 2 1 20 2 1 0 1 2 11 4 0 2 0 0 1 12 437 348 2698 361 101 1424 796 2041 866 6412 1029 34 36 25 88 35 20 321 4 4 36 533 21 240 41 42 776 665 340 149 194 7 40 33 137 1970 3286 831 50 6 10 1 2 5 1 4 1 0 0 1 0 1 17 41 60 75 20 230 6 8 17 30 8 36 3 1 72 1 269 698 141 24 8 394 5 4 4 6 2 6 8 31 6 0 23 11 4 11
1 0 0 0 4 4 0 0 0 0 0 2 107 68 828 1524 2466 1949 9942 6183 45 95 508 240 31 563 150 104 9 3 2 4 12 54 19 3 972 769 103 648 436 64 66 121 79 196 25 14 15 8 0 0 1 2 0 1 4 19 7 5 279 18 20 16 4 5 7 12 28 5 1 4 38 34 26 16 2 30 17 4 2 5 1 1 15 5 1 6 15 4 53 10 5 12 31 10 0 0 12 3 0 0 0 2 6 0 0 0 2 0 2 12 257 66 129 196 75 75 291 55 247 438 105 43 44 13 64 16 1 45 2 0 26 247 23 111 23 37 298 328 22 109 12 6 19 10 8 86 647 47 56 1 3 0 2 7 0 0 0 0 0 2 0 0 10 40 12 19 1 23 10 9 8 15 5 5 0 0 8 0 111 319 30 7 1 214 2 0 1 4 2 1 3 25 1 0 18 14 2 22
101 78 58 82 172 315 18 9 24 78 42 456 0 42 92 17 75 19 25 45 7675 4351 1645 44 438 93 19 6 101 142 129 139 409 695 15 3 185 197 17 47 959 10 40 9 0 5 58 8 6 0 0 0 3 19 5 631 118 154 34 78 30 22 16 10 7 1 52 148 28 2 2 182 225 28 1210 8 117 2 133 0 2 0 25 19 6238 734 51 0 3 0 8 5 2 3 18 195 109 31 705 81 1 0 6 7 5 11 0 5 4 1 14 13 1 0 2 1 2 1 3 0 4 3 2 11 7 0 0 0 0 0 1 0 7 77 2 48 0 0 31 9 1 5 1 2 17 0 1 1 11 2 8 0 0 4 0 0 1 1 0 0 0 3 2 0 1 5 2 0 0 0 2 3 2 2 0 2 0 0 4 2 87 50 15 7 0 48 1 0 0 5 5 0 2 6 7 0 13 5 1 4
30 15 14 15 71 141 11 3 14 83 31 231 0 46 80 18 146 52 47 95 4351 15367 4657 739 5623 2122 299 17 114 93 32 122 716 1261 17 4 382 616 48 1740 498 122 683 76 4 20 116 71 88 1 1 3 7 43 1 15 101 248 70 121 105 189 186 38 20 4 178 296 74 90 17 279 520 52 1896 68 146 8 241 0 7 2 48 126 2867 775 116 20 135 11 52 40 36 53 284 222 125 25 3115 56 2 0 3 8 11 12 0 2 1 4 7 23 9 2 5 3 12 7 19 5 22 10 7 18 12 0 14 1 0 3 1 1 20 208 9 124 1 5 126 96 5 10 3 6 22 3 10 2 68 7 17 4 3 2 0 5 1 1 0 1 1 0 0 1 6 2 3 2 4 0 9 3 3 4 4 8 2 2 14 2 166 123 35 6 9 73 2 1 6 1 7 7 9 18 5 1 22 5 1 13
4 1 0 0 14 15 4 3 1 6 5 25 1 465 913 97 1064 89 203 508 1645 4657 8483 4306 660 7065 522 31 53 16 7 24 204 1175 23 7 1182 721 78 637 6854 2005 339 44 3 34 61 38 100 0 0 3 3 21 0 7 57 84 79 159 126 70 45 6 11 1 119 179 54 30 10 37 195 12 183 33 11 6 61 0 9 1 10 33 783 155 30 7 65 2 26 37 14 29 122 45 8 2 641 6 1 1 1 0 1 1 0 1 0 0 0 2 4 2 4 2 2 5 25 8 13 18 10 3 1 0 4 0 0 2 0 0 6 47 0 24 1 0 33 35 0 4 1 2 2 0 1 3 36 8 2 2 1 0 1 3 1 0 0 0 0 0 0 0 1 2 0 2 0 1 4 1 0 3 3 2 0 0 14 0 37 19 5 3 1 11 0 0 4 1 0 5 1 2 1 0 2 1 0 3
15 4 8 5 11 21 7 3 3 3 1 9 9 252 450 364 134 1532 191 240 44 739 4306 13858 999 7205 7955 68 85 23 15 8 48 154 395 165 132 98 742 3128 1767 8357 1789 6 10 1285 1098 95 219 2 0 6 17 76 6 2 280 57 233 34 3926 185 146 979 283 0 802 285 971 75 20 17 38 2 127 279 6 2 13 0 18 1 49 195 165 159 371 23 112 7 710 101 30 62 223 36 2 7 520 19 0 0 0 0 1 0 0 0 0 0 0 2 2 1 36 6 2 15 22 45 10 47 13 1 0 1 4 0 0 8 0 0 1 17 0 16 0 0 19 13 21 2 10 1 1 8 19 6 25 96 3 2 6 1 0 3 0 0 1 3 0 0 0 0 0 1 24 10 5 0 0 0 0 1 9 15 5 2 52 7 14 25 2 0 5 5 1 0 7 0 0 9 5 4 0 0 0 1 0 0
48 23 24 16 70 135 18 5 11 47 20 206 2 24 43 16 53 42 26 31 438 5623 660 999 7587 1308 472 22 152 82 64 93 956 1112 37 5 198 386 42 5286 266 178 970 27 0 37 1315 81 66 2 3 10 33 161 9 23 1090 248 25 58 147 230 372 274 56 0 1954 194 137 85 25 223 618 66 1165 65 105 7 212 2 17 5 147 502 1655 1530 1307 18 111 5 42 47 36 62 319 153 68 22 9872 339 0 0 1 3 7 4 0 1 0 0 4 7 4 0 7 1 6 1 18 2 11 12 3 10 8 0 4 0 0 4 0 3 17 191 4 139 1 3 86 65 5 7 0 2 17 0 4 0 22 5 10 0 1 2 0 1 1 1 0 1 0 1 0 0 4 3 3 4 5 0 6 2 6 0 5 8 0 1 18 2 156 110 38 5 2 51 1 1 4 3 9 3 1 13 5 0 17 6 0 5
3 2 0 0 1 7 0 0 0 1 0 8 1 228 462 124 512 122 260 563 93 2122 7065 7205 1308 3783 982 14 9 6 2 4 30 183 541 153 373 360 12 3598 581 798 195 26 0 24 246 14 23 0 2 1 1 33 1 0 28 25 110 18 32 30 20 20 7 0 170 113 19 14 2 11 105 6 31 8 0 1 19 0 3 0 21 67 95 66 60 6 24 2 7 13 4 9 65 16 2 0 256 4 0 0 1 0 0 2 0 1 0 0 1 3 5 1 11 7 8 14 31 6 18 43 24 0 1 0 1 0 2 0 0 0 4 37 0 13 1 0 46 52 6 5 0 0 1 0 2 7 58 2 4 0 1 0 0 0 0 0 1 0 0 1 0 0 1 0 0 0 0 0 1 0 0 0 1 0 0 0 2 0 18 45 2 2 1 9 0 0 2 0 0 1 0 1 0 0 1 2 0 2
10 7 3 5 9 14 6 4 0 1 0 17 17 1886 2267 1000 76 3908 374 150 19 299 522 7955 472 982 25456 6617 213 14 80 9 30 167 9179 1167 88 57 378 3930 706 228 481 7 3 459 1629 19 17 0 0 1 15 119 5 3 905 194 848 80 513 53 96 1408 194 1 1478 879 107 17 6 8 14 1 210 15 2 3 5 0 6 0 52 218 106 112 942 8 19 1 21 27 5 6 50 33 2 6 410 51 0 0 0 0 1 0 0 0 0 0 0 1 9 27 197 11 1 93 27 462 22 232 39 0 1 0 1 1 0 23 0 0 0 12 0 13 2 1 33 33 123 2 45 0 4 3 15 57 78 163 2 1 1 0 0 0 0 0 0 0 0 0 0 1 0 1 21 6 4 1 0 1 3 1 1 0 0 0 7 0 14 23 0 1 5 4 2 1 1 0 0 0 3 3 0 0 0 0 0 1
5 0 1 1 5 4 5 0 0 1 0 5 24 1438 4345 6584 84 986 196 104 6 17 31 68 22 14 6617 11993 125 35 80 3 31 192 455 121 70 28 3504 94 231 27 135 4 7 241 330 56 6 0 0 1 0 23 2 2 317 308 133 79 237 63 112 1461 1922 2 254 538 771 13 38 7 9 3 312 31 2 1 3 0 8 0 13 21 26 10 387 6 9 0 22 8 7 5 22 22 2 2 14 81 0 1 0 0 1 0 0 2 0 0 0 1 5 50 416 3 3 116 5 1031 5 325 20 1 2 2 3 7 2 42 2 2 2 15 1 33 1 0 15 32 341 4 185 1 6 10 40 102 46 516 3 3 2 1 0 1 1 1 0 1 0 2 0 1 5 0 72 19 11 4 0 1 11 4 3 14 1 0 23 1 6 15 1 4 5 6 0 1 3 2 0 1 5 14 0 0 2 2 0 1
4400 609 350 269 1285 838 2637 237 130 154 53 834 1 31 26 31 23 15 13 9 101 114 53 85 152 9 213 125 43787 10910 2323 130 303 167 29 8 96 38 267 29 189 11 417 0 3 35 33 146 29 3 22 38 1490 11485 471 33 6256 50 31 42 214 384 478 256 455 2 8620 107 697 139 90 364 58 42 1263 79 185 1 68 4 90 0 998 1985 426 161 891 63 128 9 44 163 107 70 160 1369 173 7498 417 1051 6 4 29 74 6 93 1 12 23 18 83 134 0 3 18 0 2 2 11 32 0 4 1 17 13 1 4 0 1 3 1 2 44 109 1 48 0 0 18 10 7 2 5 12 35 2 13 5 8 36 2 3 5 6 2 8 3 8 3 2 5 8 0 2 14 2 9 3 10 2 23 4 3 0 16 8 1 4 43 4 163 14 8 3 6 74 3 2 5 5 21 12 4 14 21 6 55 12 0 7
6813 1454 103 1798 4933 3178 1719 221 117 132 28 1084 1 23 18 11 23 15 17 3 142 93 16 23 82 6 14 35 10910 15306 4283 104 195 133 9 0 86 36 111 9 308 13 80 1 4 8 20 49 32 2 23 29 293 1139 118 49 3119 23 20 27 147 69 47 21 61 1 557 34 205 35 64 168 36 23 498 35 70 0 24 0 76 4 573 539 885 228 113 58 87 15 33 175 91 52 59 1625 114 849 237 395 18 1 73 91 9 123 9 23 36 41 98 170 0 4 13 1 0 2 1 18 0 8 0 4 11 0 0 0 0 0 4 2 30 58 0 20 1 0 7 5 10 2 7 7 13 1 9 5 5 31 3 2 1 1 0 2 2 3 3 1 2 7 0 1 6 0 9 5 3 1 12 8 4 0 3 5 2 5 31 2 122 10 9 2 8 38 4 1 6 1 23 3 8 11 37 8 20 8 0 2
328 56 33 695 10222 2866 94 17 12 19 14 620 0 17 7 9 3 5 4 2 129 32 7 15 64 2 80 80 2323 4283 9306 37 68 35 18 0 19 13 189 14 432 10 96 1 1 18 31 45 19 2 7 15 78 362 27 66 7618 12 25 18 55 51 81 79 248 0 826 98 244 24 37 59 12 11 1288 17 30 1 18 1 41 0 298 355 1141 330 1159 21 44 3 20 81 55 21 40 1374 67 142 427 7698 2 1 14 40 5 57 4 4 11 10 42 70 0 0 4 0 0 1 0 8 0 3 0 2 4 0 0 0 0 1 1 1 14 25 0 13 0 0 6 2 3 1 0 1 16 0 4 0 1 11 1 0 0 0 0 2 0 2 2 2 1 2 1 0 6 0 2 0 6 0 6 3 2 0 2 4 0 2 11 3 42 4 1 1 1 9 2 0 5 3 8 1 2 5 16 1 11 2 0 0
32 31 14 30 1025 4172 11 5 8 29 5 686 1 1 2 9 2 27 46 4 139 122 24 8 93 4 9 3 130 104 37 7344 6965 140 0 0 11 20 11 6 152 1 30 3 3 22 11 5 3 0 1 1 14 54 1 18 60 2931 2 6 92 6 7 5 4 0 204 39 24 3 7 873 214 17 2492 14 27 0 276 1 8 2 75 104 341 124 21 9 11 2 30 21 20 7 10 5347 101 21 251 9 1 0 15 22 2 22 1 3 2 5 20 30 0 1 2 0 2 1 5 6 4 4 1 5 5 0 1 1 0 0 0 1 11 28 0 17 0 0 15 5 4 2 2 2 5 3 2 1 7 12 0 0 1 0 0 1 1 2 0 0 1 5 0 0 0 1 3 1 0 1 6 1 0 1 0 1 2 0 6 0 52 13 4 0 1 24 0 0 0 2 6 0 3 4 11 4 7 2 2 6
111 116 41 68 374 635 22 7 32 147 38 1466 7 19 19 85 23 165 85 12 409 716 204 48 956 30 30 31 303 195 68 6965 8890 3530 12 3 150 387 56 129 526 10 76 16 27 149 245 21 14 13 3 11 32 139 19 31 144 2715 61 169 289 24 26 28 35 12 385 559 84 12 24 4333 1365 113 5829 23 176 17 743 7 31 10 184 221 702 291 418 24 21 13 65 47 29 25 20 4401 413 35 713 47 4 1 25 49 17 61 3 38 9 11 50 87 5 2 15 6 6 6 21 16 9 17 4 43 38 2 11 0 1 5 8 8 69 409 5 284 1 5 70 73 7 19 5 14 76 5 15 6 55 25 31 1 5 10 1 2 0 4 0 2 7 7 3 1 24 8 8 4 2 2 35 16 19 9 1 9 6 3 15 3 467 182 56 28 3 342 4 0 2 14 50 3 5 34 74 10 85 23 5 37
31 6 5 6 94 66 13 2 4 5 3 50 16 345 151 333 147 580 132 54 695 1261 1175 154 1112 183 167 192 167 133 35 140 3530 8934 273 75 1562 856 451 838 916 36 172 25 18 275 1343 38 15 2 3 3 7 62 5 13 111 3927 1113 6136 707 51 45 85 139 9 196 2806 424 14 42 79 243 106 2647 55 70 10 65 3 19 5 49 115 562 172 404 14 19 1 87 22 6 6 34 511 20 15 665 86 1 4 11 15 19 16 2 22 1 6 6 49 18 11 26 8 23 11 49 78 29 37 17 45 44 1 27 0 0 9 13 11 61 525 17 381 2 10 240 185 24 37 18 9 60 1 21 12 97 67 56 2 4 2 1 2 0 2 0 2 1 1 2 0 25 18 18 14 8 2 24 17 19 13 6 12 2 4 45 2 434 303 78 34 6 285 2 0 6 14 26 4 5 50 39 5 90 22 3 48
0 0 0 1 2 1 1 0 0 2 0 2 1 3458 918 161 15 247 49 19 15 17 23 395 37 541 9179 455 29 9 18 0 12 273 6152 4062 112 23 46 3118 32 7 127 5 0 10 1816 3 1 0 1 0 1 11 0 1 134 286 2675 315 16 5 26 443 63 0 149 1005 23 0 0 1 8 2 91 0 2 4 2 0 0 0 3 17 10 6 220 0 1 0 2 1 2 1 9 5 0 0 23 10 0 0 0 0 1 1 0 0 0 0 0 0 3 3 16 7 4 24 53 21 32 121 44 1 3 0 7 1 0 3 0 0 4 34 1 24 0 1 43 41 2 2 2 0 1 1 0 3 93 4 3 0 0 0 0 0 0 0 0 1 0 1 0 0 2 0 0 0 0 1 2 1 0 0 0 0 0 0 1 0 15 28 2 0 0 7 1 0 0 1 0 0 0 0 0 0 1 1 1 1
0 0 0 0 0 1 0 0 0 0 0 0 0 3286 634 12 12 14 4 3 3 4 7 165 5 153 1167 121 8 0 0 0 3 75 4062 930 14 0 28 1006 21 4 58 1 0 1 805 4 1 0 0 0 0 0 0 0 10 379 1666 470 3 4 26 234 47 0 11 994 21 1 1 1 1 0 22 2 0 1 0 0 0 0 0 1 3 0 24 0 0 0 2 1 0 0 10 2 0 0 1 4 0 0 0 0 0 0 0 0 0 0 0 0 5 0 3 2 2 1 17 0 19 13 8 2 0 0 3 1 0 0 0 0 0 7 2 2 0 3 11 14 0 3 0 0 0 1 0 1 23 3 0 0 0 0 0 0 0 0 0 0 0 0 0 0 0 1 0 0 0 0 0 0 0 1 1 1 0 0 0 0 1 13 0 1 1 2 0 0 0 1 0 0 1 0 0 0 1 0 1 0
20 2 0 0 37 23 2 1 2 1 2 13 7 1102 707 807 2796 1336 607 972 185 382 1182 132 198 373 88 70 96 86 19 11 150 1562 112 14 2720 1889 186 1065 570 24 76 43 8 282 387 13 5 1 0 1 5 17 0 1 59 561 217 577 670 10 20 22 24 3 31 427 96 2 8 8 47 11 685 20 8 16 25 0 6 1 10 20 122 35 26 1 7 1 37 5 6 4 14 201 0 6 95 38 1 1 0 1 12 2 0 0 0 1 3 22 25 6 17 16 28 11 51 13 49 44 17 34 42 3 39 4 2 9 1 0 28 257 10 174 4 14 180 211 9 47 3 2 20 2 13 8 112 18 58 0 1 0 0 2 0 0 0 0 0 4 0 0 7 27 5 6 4 2 9 9 11 19 0 6 0 0 4 0 135 198 22 31 1 73 0 0 3 7 6 0 1 26 4 2 22 10 4 27
11 2 3 3 31 21 3 1 1 6 2 16 513 21 52 485 867 1725 6025 769 197 616 721 98 386 360 57 28 38 36 13 20 387 856 23 0 1889 7701 76 665 384 35 107 759 435 2135 252 10 8 40 2 7 3 20 1 4 34 100 32 127 1607 15 15 32 11 73 52 86 34 7 8 29 635 330 258 28 38 100 51 22 9 41 12 23 167 59 62 17 13 13 528 7 7 3 27 190 10 3 189 14 2 4 6 8 37 15 0 15 1 0 8 63 126 54 235 103 119 125 364 140 264 577 139 115 107 22 107 4 4 34 21 8 112 865 45 539 18 48 672 668 39 180 22 8 93 18 76 148 880 224 162 3 8 2 2 3 1 3 4 4 1 17 1 3 20 81 57 28 13 34 33 35 34 41 10 38 1 6 97 10 591 889 156 66 4 455 2 3 7 20 10 6 12 91 34 5 76 36 9 79
20 3 1 1 37 25 11 3 1 2 1 18 23 649 1981 3470 120 5619 55 103 17 48 78 742 42 12 378 3504 267 111 189 11 56 451 46 28 186 76 17395 54 673 216 756 8 9 325 283 159 48 0 2 5 12 65 9 1 512 424 56 107 9371 133 190 957 4726 3 389 683 10156 32 100 8 20 5 746 516 1 0 3 0 17 0 37 37 72 20 450 22 50 3 60 59 19 26 91 150 2 13 73 201 1 1 0 0 1 1 0 2 0 0 0 2 2 35 315 2 5 60 6 558 7 147 8 3 1 2 0 10 0 62 3 5 6 17 3 33 0 2 30 30 253 4 204 0 6 31 116 85 33 521 5 3 7 2 2 6 0 0 2 4 1 2 0 0 6 2 126 38 17 10 2 7 14 8 13 52 4 4 109 3 14 20 7 14 17 13 2 4 11 1 0 8 21 13 3 1 4 2 0 4
8 3 4 3 12 8 4 0 0 0 0 14 1 987 1094 94 955 118 280 648 47 1740 637 3128 5286 3598 3930 94 29 9 14 6 129 838 3118 1006 1065 665 54 12248 208 572 527 36 1 17 2543 12 31 2 0 1 7 29 4 0 161 96 1100 198 70 48 67 316 38 2 437 731 68 16 5 25 192 10 85 15 10 8 44 0 5 1 32 88 106 110 353 0 20 0 10 10 6 12 88 23 1 0 349 13 1 0 1 0 2 1 0 0 0 0 1 6 29 4 22 24 10 33 120 14 64 141 54 13 7 3 9 0 0 2 1 0 9 74 7 71 2 7 139 129 1 17 3 0 12 0 1 8 190 8 10 0 1 0 1 1 0 0 0 0 0 0 0 0 0 11 3 2 0 0 1 0 1 6 1 2 1 1 7 1 61 106 2 2 5 19 0 0 0 1 2 0 0 5 0 0 2 0 0 2
491 340 336 251 382 561 122 96 35 158 45 741 10 579 1532 1233 435 1634 284 436 959 498 6854 1767 266 581 706 231 189 308 432 152 526 916 32 21 570 384 673 208 13116 5265 494 44 38 478 83 406 2945 20 49 106 22 72 554 1090 292 230 70 127 1666 269 118 48 157 17 228 212 591 259 250 307 235 54 1254 832 171 4 154 9 291 12 1885 351 1258 158 94 504 1471 157 1507 1372 476 517 728 316 148 68 274 202 2 2 10 32 5 28 1 10 10 5 38 52 1 0 15 0 3 7 7 21 7 14 3 16 7 2 7 1 0 2 3 1 26 123 2 69 0 0 33 24 8 5 6 10 32 11 52 8 26 82 7 18 31 2 10 41 10 7 5 28 4 4 1 1 11 0 27 21 19 5 18 7 9 7 28 47 21 30 164 24 143 49 16 8 40 111 37 11 84 4 12 72 44 15 29 4 35 9 1 6
19 5 3 1 10 8 3 3 1 4 0 13 8 34 124 160 38 220 49 64 10 122 2005 8357 178 798 228 27 11 13 10 1 10 36 7 4 24 35 216 572 5265 5917 4256 8 13 271 152 74 1123 2 1 6 2 8 2 3 35 9 14 4 1109 74 45 24 95 2 72 30 387 48 25 3 9 0 35 268 2 0 5 2 18 1 9 31 31 17 51 50 203 17 619 340 60 58 230 12 2 4 59 4 0 0 0 0 0 0 0 1 0 0 0 1 0 0 5 3 0 2 2 5 1 3 0 0 0 0 2 0 0 2 0 0 0 7 0 6 0 0 5 3 2 1 3 0 0 4 16 3 3 42 1 5 10 0 2 4 3 2 0 1 0 1 0 0 0 0 18 10 12 1 1 0 0 1 17 15 5 6 65 2 2 5 2 1 8 2 3 1 19 0 2 9 11 0 2 1 0 0 0 1
37 11 11 7 53 54 17 5 5 7 1 51 16 130 273 185 60 502 92 66 40 683 339 1789 970 195 481 135 417 80 96 30 76 172 127 58 76 107 756 527 494 4256 10108 18 109 978 661 391 1682 26 2 8 40 177 15 3 834 115 112 28 5607 707 1194 4447 2023 11 1934 377 3297 219 78 23 66 3 409 2592 6 0 15 3 29 7 121 318 242 255 592 81 466 58 6201 129 75 186 4774 118 9 12 838 121 0 0 0 1 1 1 0 3 0 0 0 0 2 4 21 0 1 6 12 28 5 25 4 0 2 1 3 1 1 3 0 3 1 12 0 18 0 0 16 18 20 4 8 7 2 52 225 3 29 445 1 49 50 7 13 74 12 8 13 22 1 1 0 2 3 2 101 75 58 12 2 2 2 0 101 153 31 39 636 76 20 21 2 3 138 17 31 14 88 0 1 95 94 2 4 0 0 0 0 0
1 0 0 0 1 4 1 0 0 1 3 6 2921 9 8 21 26 155 6289 121 9 76 44 6 27 26 7 4 0 1 1 3 16 25 5 1 43 759 8 36 44 8 18 9417 4750 1248 31 5 3 1421 14 82 2 2 0 2 2 1 12 6 201 2 7 1 0 1450 6 17 10 1 11 201 1825 1609 2 11 473 2818 2688 435 148 1100 1 4 14 8 6 299 129 395 1114 11 3 2 10 6 8 1 21 1 1 1 1 2 9 5 0 1 0 1 5 19 98 34 639 72 45 245 258 400 241 1324 208 45 40 7 58 9 4 28 2 3 57 438 18 230 5 19 446 349 59 85 15 6 36 20 110 495 1079 346 43 8 20 3 3 24 17 8 9 9 0 3 0 0 16 31 59 24 8 76 5 5 8 19 6 30 8 12 154 7 302 576 211 15 19 260 14 5 24 11 4 37 16 24 10 2 27 8 3 23
6 3 3 0 4 4 2 0 18 23 16 4 3160 0 4 3 10 348 1047 79 0 4 3 10 0 0 3 7 3 4 1 3 27 18 0 0 8 435 9 1 38 13 109 4750 12607 2566 1 22 35 3988 2 21 1 3 2 2 1 1 0 0 105 20 23 2 12 2726 5 2 59 6 49 155 833 207 5 36 800 442 946 133 165 602 4 3 3 2 0 638 384 2594 5054 23 4 6 58 3 224 18 1 0 0 1 0 0 0 3 0 6 0 2 1 1 3 13 266 6 4 20 9 263 13 95 9 1 0 4 1 7 0 17 6 3 2 23 0 30 1 0 24 15 100 2 99 7 5 89 1222 106 89 2074 6 80 126 12 31 268 27 18 17 40 2 5 0 3 5 2 410 124 103 169 7 19 6 7 141 249 35 74 1674 157 34 44 20 5 281 59 62 84 177 1 0 226 183 9 18 0 0 2 1 2
1 2 1 2 14 18 0 0 1 1 3 18 2486 5 23 62 75 5504 3190 196 5 20 34 1285 37 24 459 241 35 8 18 22 149 275 10 1 282 2135 325 17 478 271 978 1248 2566 8580 25 18 71 21 1 7 5 14 0 0 84 12 3 2 2332 33 49 786 203 465 92 37 98 26 16 71 823 59 85 58 40 23 123 2 19 10 7 17 24 14 78 35 82 36 1219 70 23 20 85 42 19 5 37 18 0 6 0 1 13 1 0 13 1 0 2 5 24 319 2935 43 17 319 46 2521 89 960 86 5 4 18 9 122 13 430 47 58 16 69 33 193 6 1 175 153 1381 22 1871 21 40 212 2214 1943 418 4976 27 29 43 11 13 29 7 9 19 16 2 15 1 7 31 25 857 469 127 265 18 90 96 58 47 344 24 19 542 15 39 79 36 64 39 53 20 9 42 7 7 37 59 78 29 2 13 7 5 2
5 1 2 0 8 10 2 0 0 1 0 16 0 303 112 18 49 27 21 25 58 116 61 1098 1315 246 1629 330 33 20 31 11 245 1343 1816 805 387 252 283 2543 83 152 661 31 1 25 6909 31 21 0 1 0 4 17 1 2 123 2552 1906 1435 89 68 302 923 610 1 146 3677 338 21 21 25 135 7 598 23 6 9 43 0 4 1 6 26 61 38 3041 5 13 0 15 4 11 11 116 27 5 2 98 33 0 0 0 0 6 3 0 0 1 0 0 4 3 4 6 3 19 6 45 4 26 21 8 17 13 2 12 0 0 2 1 1 12 116 4 98 1 0 123 138 0 7 4 1 14 0 3 1 63 5 14 1 3 1 0 0 1 0 0 0 0 1 0 0 3 9 3 5 1 0 0 3 2 5 0 5 0 0 15 2 72 86 11 5 8 23 1 0 1 4 1 1 2 9 0 0 7 5 1 4
35 16 7 5 29 19 20 7 2 5 0 27 1 19 54 39 5 72 7 14 8 71 38 95 81 14 19 56 146 49 45 5 21 38 3 4 13 10 159 12 406 74 391 5 22 18 31 23935 411 50 4 8 9 58 3 8 189 42 2 4 1391 6216 1232 246 2015 3 471 91 11334 506 3956 5 5 1 151 7684 5 0 2 7 307 11 35 81 70 56 82 2094 4031 70 728 311 69 97 931 56 3 6 107 54 4 1 0 1 2 0 0 11 0 1 0 1 0 0 5 2 2 4 4 3 0 1 0 1 1 3 3 4 2 1 2 4 5 15 1 7 0 0 3 1 9 10 10 10 9 77 296 5 27 196 7 250 410 31 96 625 32 30 22 105 0 2 0 3 4 2 46 107 272 30 4 12 3 2 320 190 149 241 1356 170 17 22 15 3 585 44 200 101 449 1 3 691 550 3 20 2 1 1 0 0
84 42 29 19 12 22 43 18 2 4 0 37 1 11 58 46 7 59 23 15 6 88 100 219 66 23 17 6 29 32 19 3 14 15 1 1 5 8 48 31 2945 1123 1682 3 35 71 21 411 10945 25 14 46 3 16 8 17 23 7 3 1 332 526 135 22 45 5 90 8 245 459 223 11 9 5 32 792 5 2 4 4 152 13 90 116 93 24 11 479 1619 160 1046 7478 1586 4073 10559 11 6 10 58 6 0 0 1 1 0 1 0 2 0 1 1 0 0 0 3 0 0 0 1 3 0 0 0 0 0 0 2 0 0 0 1 4 0 4 0 1 0 1 4 1 2 0 2 7 0 24 72 0 6 82 2 22 39 6 14 55 5 3 5 23 0 0 0 0 1 0 15 36 43 10 0 1 2 0 71 66 16 32 274 53 5 4 2 1 129 18 28 14 68 0 0 80 63 0 9 0 0 0 0 1
4 2 8 0 0 3 1 1 24 32 29 3 57 0 3 2 1 2 36 8 0 1 0 2 2 0 0 0 3 2 2 0 13 2 0 0 1 40 0 2 20 2 26 1421 3988 21 0 50 25 8259 53 433 1 0 2 1 1 1 1 0 15 37 41 2 4 980 10 1 61 9 40 128 271 531 1 58 1000 380 836 1508 594 5912 5 3 4 1 0 1978 660 3107 1142 39 19 10 76 2 314 22 2 0 3 1 2 1 0 1 0 2 2 0 1 1 0 0 5 3 0 5 3 3 1 3 0 0 0 1 5 0 0 0 0 0 1 7 0 3 0 0 8 3 8 1 1 9 3 29 299 5 18 209 0 67 158 23 29 525 72 14 45 53 1 0 1 1 0 0 26 31 82 44 1 4 0 0 96 47 54 101 933 83 14 16 13 4 182 28 107 147 262 0 1 460 166 3 10 1 1 1 1 1
33 16 14 2 5 9 40 11 1 8 1 14 0 0 0 1 0 1 0 0 0 1 0 0 3 2 0 0 22 23 7 1 3 3 1 0 0 2 2 0 49 1 2 14 2 1 1 4 14 53 8589 9751 8 10 30 8 8 0 0 0 8 6 1 2 2 22 24 1 6 3 9 5 6 22 10 5 30 5 15 1053 343 80 163 73 24 8 1 43 26 6 9 4646 3951 4 5 6 10 10 7 2 0 0 0 0 0 0 0 0 0 0 0 1 0 0 0 0 0 0 0 0 0 2 0 0 0 0 0 0 0 0 0 0 1 0 0 1 0 0 0 0 0 0 0 1 1 0 1 0 0 0 0 2 4 1 2 4 189 44 123 70 2 1 0 0 0 0 0 0 1 2 0 0 0 0 2 0 13 8 5 0 1 0 1 0 0 1 25 5 68 0 0 12 4 0 3 0 0 0 0 0
81 28 30 13 6 20 59 23 12 24 4 25 0 1 1 3 0 7 4 0 0 3 3 6 10 1 1 1 38 29 15 1 11 3 0 0 1 7 5 1 106 6 8 82 21 7 0 8 46 433 9751 21774 13 11 55 6 14 2 0 0 25 7 3 4 7 111 45 4 10 19 37 30 35 146 16 16 153 17 86 11464 7116 1013 231 137 61 16 2 1310 395 107 81 1839 5695 14 21 7 68 32 15 8 1 0 0 2 1 0 0 2 1 1 1 2 0 0 0 0 0 1 1 1 0 3 1 0 0 0 0 0 0 0 1 0 0 1 0 1 0 0 0 0 1 0 0 3 0 1 4 0 1 3 0 28 32 8 1 23 1854 805 1871 603 13 4 0 0 0 0 0 2 4 15 4 0 0 0 3 0 162 71 59 2 3 2 16 0 5 13 336 41 731 0 6 82 26 0 4 1 1 0 0 0
491 103 111 33 71 90 739 147 175 173 12 202 0 2 1 0 0 0 1 1 3 7 3 17 33 1 15 0 1490 293 78 14 32 7 1 0 5 3 12 7 22 2 40 2 1 5 4 9 3 1 8 13 12319 10512 3841 2 105 8 2 4 8 30 30 23 13 4 466 8 30 13 7 64 6 15 79 7 38 1 13 2 12 1 3419 1199 76 18 35 8 12 7 6 35 16 6 15 60 137 7210 54 30 1 0 4 8 0 4 0 1 1 2 8 10 0 0 0 0 0 0 2 0 0 0 1 4 1 0 0 0 0 0 1 0 0 8 0 4 0 0 0 0 0 0 0 0 5 0 0 1 0 1 2 0 0 0 0 1 0 0 0 0 0 0 0 0 2 0 0 0 0 0 1 0 1 0 0 0 0 0 0 1 18 3 2 0 0 9 1 0 0 0 0 0 0 3 5 1 5 1 0 1
1457 312 297 140 271 264 1488 237 103 120 19 405 0 3 2 11 2 3 4 2 19 43 21 76 161 33 119 23 11485 1139 362 54 139 62 11 0 17 20 65 29 72 8 177 2 3 14 17 58 16 0 10 11 10512 20115 2271 5 544 25 6 5 68 144 175 108 90 0 3520 35 149 39 18 120 45 21 384 32 81 0 44 1 16 0 2488 11010 144 84 190 15 58 0 23 62 40 25 67 234 89 3930 239 180 2 0 12 23 2 19 1 4 2 7 31 40 0 0 3 0 0 1 1 6 3 0 1 4 1 0 0 0 0 0 0 0 8 51 0 14 0 0 3 6 2 0 0 3 23 1 5 3 3 4 4 0 0 2 0 2 0 0 0 0 1 1 0 0 2 0 0 1 0 0 6 4 4 0 2 1 0 0 9 0 78 9 11 0 7 39 0 0 2 0 8 3 4 4 9 2 15 6 0 3
205 42 41 13 32 44 221 39 30 25 4 56 0 0 0 1 1 0 0 0 5 1 0 6 9 1 5 2 471 118 27 1 19 5 0 0 0 1 9 4 554 2 15 0 2 0 1 3 8 2 30 55 3841 2271 18487 360 38 5 1 0 6 7 10 6 5 0 116 3 11 16 11 17 8 4 28 5 3 1 7 4 67 0 5903 179 68 15 6 24 13 3 4 333 99 16 13 28 21 1410 19 18 0 0 0 2 0 2 0 0 0 1 1 4 0 0 1 0 0 0 0 0 0 0 0 1 0 0 0 0 0 0 0 0 2 9 0 3 0 0 0 0 0 0 0 2 3 0 0 0 0 0 0 1 1 0 0 0 1 1 1 1 0 0 0 0 0 0 0 0 0 0 0 1 1 0 1 0 1 0 0 0 10 2 0 0 0 7 4 0 1 1 0 1 1 1 4 0 1 0 0 0
123 83 52 38 43 114 21 18 1 17 3 102 0 1 2 1 3 0 0 1 631 15 7 2 23 0 3 2 33 49 66 18 31 13 1 0 1 4 1 0 1090 3 3 2 2 0 2 8 17 1 8 6 2 5 360 1900 44 6 0 5 10 8 2 0 3 2 15 7 6 11 12 30 10 7 63 7 13 0 14 0 27 0 2348 31 1241 79 6 23 27 8 14 172 33 22 19 31 24 13 39 26 1 0 3 3 0 3 0 2 0 2 2 4 0 0 0 0 0 0 0 0 0 1 0 0 1 0 0 0 0 0 0 0 1 15 0 2 0 0 1 1 0 0 0 0 7 0 1 0 0 0 1 0 1 0 0 4 2 0 1 3 0 0 0 0 0 0 1 0 0 0 1 0 0 0 0 0 1 2 3 0 11 3 2 0 1 10 3 0 5 2 1 1 2 0 1 0 2 1 0 0
79 36 24 39 846 196 24 7 9 21 21 216 1 42 20 20 21 18 5 4 118 101 57 280 1090 28 905 317 6256 3119 7618 60 144 111 134 10 59 34 512 161 292 35 834 2 1 84 123 189 23 1 8 14 105 544 38 44 7723 33 44 29 324 599 990 1015 1058 3 4267 311 1042 173 108 162 42 24 3234 74 70 0 24 1 45 0 245 499 840 442 5641 39 146 6 64 80 58 66 261 1331 57 81 3692 9297 1 1 14 24 7 28 1 6 2 8 37 44 0 2 6 0 1 3 0 14 1 8 0 7 7 1 3 0 0 1 1 1 10 49 1 34 0 0 15 7 6 2 4 2 14 5 14 5 5 30 3 3 7 4 0 7 1 3 1 1 5 1 0 0 4 0 12 7 10 0 15 3 1 2 6 6 2 3 40 7 66 13 8 3 16 43 7 2 6 1 15 10 6 3 13 4 25 12 1 3
11 5 3 2 35 45 2 1 0 3 2 112 1 202 87 76 71 52 8 19 154 248 84 57 248 25 194 308 50 23 12 2931 2715 3927 286 379 561 100 424 96 230 9 115 1 1 12 2552 42 7 1 0 2 8 25 5 6 33 4697 1694 4045 129 45 43 97 326 0 96 4800 439 17 35 370 93 5 5277 20 7 2 97 0 14 1 44 75 217 90 271 7 9 1 19 9 6 2 18 1098 8 7 181 9 0 2 2 3 1 3 0 3 0 1 4 6 1 1 11 1 1 1 3 33 2 6 3 3 2 0 1 0 0 2 2 0 5 56 0 40 0 0 16 12 15 3 7 0 10 2 6 5 8 20 1 2 1 0 0 1 1 0 0 1 0 0 0 0 3 0 2 2 0 1 2 2 4 0 2 2 1 3 19 2 50 21 7 1 6 13 0 1 4 1 9 2 3 4 2 1 12 6 0 1
3 2 0 1 3 6 1 0 0 0 0 5 0 674 70 14 16 11 5 7 34 70 79 233 25 110 848 133 31 20 25 2 61 1113 2675 1666 217 32 56 1100 70 14 112 12 0 3 1906 2 3 1 0 0 2 6 1 0 44 1694 2824 4036 9 13 28 264 91 0 26 3935 38 3 2 1 12 2 312 2 0 4 11 0 0 0 1 4 25 10 85 0 4 0 1 2 1 1 13 14 2 2 22 35 1 0 1 0 2 0 0 1 0 0 0 2 5 1 2 3 6 5 27 5 12 16 13 4 1 3 11 0 0 0 1 0 6 58 1 56 0 4 89 73 1 12 2 0 5 0 1 1 59 4 18 0 0 0 0 0 0 0 0 0 0 0 0 0 3 10 1 2 0 0 4 1 2 1 0 4 0 0 2 0 25 53 3 2 0 13 0 0 0 0 0 0 1 4 0 0 4 1 2 3
2 2 0 0 5 5 2 1 0 1 0 8 0 68 41 36 13 26 2 5 78 121 159 34 58 18 80 79 42 27 18 6 169 6136 315 470 577 127 107 198 127 4 28 6 0 2 1435 4 1 0 0 0 4 5 0 5 29 4045 4036 3018 32 6 6 30 62 0 17 3283 106 1 10 2 26 4 359 3 1 1 5 0 1 0 2 6 57 13 33 1 4 0 3 1 2 0 10 33 1 2 24 25 0 0 0 0 0 2 0 0 0 0 1 2 3 0 4 0 5 0 11 15 4 6 0 3 4 1 4 0 0 0 0 0 2 41 2 39 1 4 28 33 1 5 3 0 4 1 1 1 20 9 6 0 0 1 0 0 0 2 0 0 1 1 0 0 0 2 3 2 1 0 1 0 0 1 1 1 0 0 3 0 24 22 3 3 0 9 0 0 0 0 0 2 1 4 1 0 4 4 0 1
48 16 9 7 132 107 26 4 4 6 2 76 66 47 281 359 149 8790 310 279 30 105 126 3926 147 32 513 237 214 147 55 92 289 707 16 3 670 1607 9371 70 1666 1109 5607 201 105 2332 89 1391 332 15 8 25 8 68 6 10 324 129 9 32 18508 705 592 1909 262 106 531 143 4985 222 618 86 352 11 555 8207 29 6 72 12 211 22 65 87 91 51 170 336 703 41 2173 372 111 114 660 390 7 11 200 61 1 5 1 2 1 2 0 15 2 0 1 4 17 102 707 12 6 49 15 497 25 161 26 2 4 9 2 55 4 86 25 27 7 55 12 105 0 3 92 56 392 14 608 21 14 222 1946 257 140 3297 15 98 102 19 31 104 47 42 60 79 4 12 1 4 20 11 685 399 152 98 12 63 45 37 153 579 116 93 1201 97 40 55 28 29 170 89 81 32 266 7 4 183 231 37 34 3 6 5 7 6
60 17 19 6 24 31 29 8 4 10 3 34 2 22 48 44 9 106 16 18 22 189 70 185 230 30 53 63 384 69 51 6 24 51 5 4 10 15 133 48 269 74 707 2 20 33 68 6216 526 37 6 7 30 144 7 8 599 45 13 6 705 18460 10031 778 1096 6 1510 148 3788 9102 3908 7 8 2 205 591 8 3 3 13 292 58 76 189 116 106 183 235 471 87 716 251 344 1731 2617 60 4 11 299 72 2 1 2 5 2 0 0 2 1 3 0 0 2 1 1 1 0 1 7 4 0 0 4 1 0 2 0 1 1 0 0 2 1 6 0 2 0 0 1 2 7 4 4 18 3 35 98 2 11 82 5 277 319 26 91 433 77 34 60 217 2 6 0 2 0 1 42 54 168 16 6 5 1 0 142 71 273 356 735 93 13 10 10 5 255 31 334 73 904 1 3 654 396 3 9 2 1 1 1 2
24 6 7 3 19 18 16 5 0 2 2 24 4 55 54 45 7 117 12 20 16 186 45 146 372 20 96 112 478 47 81 7 26 45 26 26 20 15 190 67 118 45 1194 7 23 49 302 1232 135 41 1 3 30 175 10 2 990 43 28 6 592 10031 18636 6037 3661 10 2328 210 6486 1337 417 7 13 2 216 967 9 0 7 2 89 6 72 257 127 137 462 84 457 53 1065 54 107 583 5581 41 8 9 481 82 1 0 1 3 0 2 0 2 0 0 0 0 2 1 8 1 0 7 7 8 6 5 0 0 1 2 1 0 0 1 0 0 1 8 0 5 0 0 10 6 17 2 5 8 1 52 221 1 22 264 5 84 146 13 27 213 10 9 6 37 3 1 1 0 0 0 64 84 137 22 0 12 0 1 204 155 65 77 866 118 10 15 8 2 327 27 65 31 146 0 1 258 215 3 7 1 1 0 0 0
15 6 5 0 11 18 4 1 0 1 1 14 19 361 273 87 16 390 38 16 10 38 6 979 274 20 1408 1461 256 21 79 5 28 85 443 234 22 32 957 316 48 24 4447 1 2 786 923 246 22 2 2 4 23 108 6 0 1015 97 264 30 1909 778 6037 3973 13330 2 1453 482 3081 188 112 5 13 2 149 178 2 1 7 1 23 2 48 153 62 127 825 19 79 10 148 24 19 52 812 20 4 2 320 64 0 0 0 0 0 0 0 0 0 0 1 0 1 5 43 1 2 11 7 88 6 34 6 0 1 1 0 1 1 5 2 3 0 12 0 7 2 2 5 8 32 1 28 0 2 11 35 14 13 93 1 4 7 0 2 16 1 0 1 2 0 0 0 0 2 0 32 4 12 2 0 1 0 1 9 25 3 6 71 11 5 8 0 0 28 8 4 1 13 0 0 20 12 1 1 0 0 1 2 0
15 4 4 3 16 21 7 3 1 2 0 23 16 345 488 76 21 165 18 4 7 20 11 283 56 7 194 1922 455 61 248 4 35 139 63 47 24 11 4726 38 157 95 2023 0 12 203 610 2015 45 4 2 7 13 90 5 3 1058 326 91 62 262 1096 3661 13330 10676 8 885 882 10609 214 552 8 2 1 577 222 3 0 0 0 107 5 49 72 58 35 1109 85 94 16 105 43 39 32 456 44 4 8 97 262 0 0 0 0 2 1 1 3 0 0 0 4 0 12 88 2 1 17 5 205 4 41 4 3 2 5 2 7 0 11 6 4 1 7 0 13 2 0 11 13 104 3 82 4 1 38 143 27 18 407 4 32 43 1 17 56 9 9 11 24 0 0 1 0 3 1 71 40 56 6 2 11 6 2 82 120 24 37 332 45 9 14 4 5 128 16 31 7 74 1 3 81 76 3 4 1 0 0 0 0
1 0 0 0 0 1 0 0 25 46 36 2 352 0 0 1 5 23 78 5 1 4 1 0 0 0 1 2 2 1 0 0 12 9 0 0 3 73 3 2 17 2 11 1450 2726 465 1 3 5 980 22 111 4 0 0 2 3 0 0 0 106 6 10 2 8 1790 1 0 26 1 9 118 227 1522 2 19 1253 1446 979 481 131 784 1 2 3 1 0 194 54 174 1538 7 8 0 11 4 328 22 4 1 0 1 0 0 1 0 0 3 0 0 1 0 0 6 141 1 1 6 2 78 5 27 2 0 1 0 0 6 0 9 0 0 1 7 0 7 0 0 14 8 31 0 35 2 2 5 268 84 27 315 1 7 3 1 1 13 20 4 11 6 0 0 0 0 1 2 46 16 13 33 1 3 2 2 8 16 6 5 96 10 16 11 8 3 16 9 5 4 18 0 0 21 9 2 2 1 0 0 0 1
663 323 299 215 344 630 216 118 39 156 47 911 3 23 15 22 8 29 3 7 52 178 119 802 1954 170 1478 254 8620 557 826 204 385 196 149 11 31 52 389 437 228 72 1934 6 5 92 146 471 90 10 24 45 466 3520 116 15 4267 96 26 17 531 1510 2328 1453 885 1 17680 188 1362 409 167 322 150 34 2410 275 196 3 173 2 139 6 862 5340 1205 2802 3698 102 447 22 143 229 136 240 802 474 193 103 4006 2146 3 0 18 30 12 35 4 11 4 8 33 66 2 1 5 0 1 0 0 9 2 6 2 8 7 1 2 0 0 0 4 2 23 97 1 60 0 1 22 19 2 5 4 9 38 5 14 0 9 23 3 3 19 4 8 23 0 7 2 6 6 1 2 0 6 2 10 4 15 1 29 5 5 3 17 25 7 8 56 13 192 31 26 8 29 88 7 2 9 5 11 31 15 15 25 5 49 10 2 10
6 3 3 0 8 10 9 0 1 0 0 7 1 418 90 84 45 33 3 12 148 296 179 285 194 113 879 538 107 34 98 39 559 2806 1005 994 427 86 683 731 212 30 377 17 2 37 3677 91 8 1 1 4 8 35 3 7 311 4800 3935 3283 143 148 210 482 882 0 188 3969 750 31 58 28 59 7 3033 20 4 3 21 0 17 2 9 24 159 54 2630 7 16 2 10 7 8 7 55 44 3 5 163 151 1 0 0 0 2 1 0 1 1 0 2 6 7 2 13 1 8 6 34 24 17 20 8 7 3 2 7 0 0 1 1 0 11 99 2 52 0 3 54 71 12 7 5 2 6 1 12 6 45 51 15 0 4 0 0 4 0 0 0 1 0 2 0 0 1 7 13 3 6 1 3 4 1 5 5 4 3 5 28 6 86 71 8 3 2 23 2 1 2 1 1 3 3 9 5 2 6 2 1 7
47 8 8 2 63 67 11 5 5 8 5 46 10 283 887 389 76 467 13 28 28 74 54 971 137 19 107 771 697 205 244 24 84 424 23 21 96 34 10156 68 591 387 3297 10 59 98 338 11334 245 61 6 10 30 149 11 6 1042 439 38 106 4985 3788 6486 3081 10609 26 1362 750 15448 545 1932 10 15 5 1075 9115 7 4 16 3 412 10 60 159 160 93 652 451 648 39 1436 166 98 111 762 196 7 28 195 292 1 0 1 1 3 3 0 8 0 0 0 3 2 4 35 1 5 5 10 23 7 10 0 3 2 2 1 3 0 1 11 7 3 30 3 29 0 1 45 23 43 4 26 20 2 172 768 14 36 1140 6 117 219 15 50 255 33 37 29 76 0 4 1 2 3 2 291 275 249 43 7 15 9 5 460 575 102 127 2379 297 32 52 9 12 683 80 97 48 275 1 2 378 417 17 31 4 1 2 1 5
85 25 26 11 15 28 37 14 3 10 2 42 1 7 24 18 10 28 3 5 2 90 30 75 85 14 17 13 139 35 24 3 12 14 0 1 2 7 32 16 259 48 219 1 6 26 21 506 459 9 3 19 13 39 16 11 173 17 3 1 222 9102 1337 188 214 1 409 31 545 3883 3440 17 4 3 88 116 11 1 10 28 1096 136 117 135 92 50 47 419 331 30 302 339 514 622 1516 15 7 13 145 24 2 0 1 1 0 0 1 1 0 0 0 0 0 0 1 2 0 0 0 3 1 1 0 0 0 0 1 1 0 1 0 0 0 2 0 2 0 0 1 3 3 2 2 5 3 10 17 0 4 23 2 125 136 15 34 137 151 66 117 252 4 0 1 0 1 0 10 5 63 7 5 5 0 1 29 15 197 234 217 15 10 2 6 1 74 13 361 50 794 0 5 275 162 0 3 1 0 0 1 3
74 33 22 9 24 31 34 15 1 9 4 37 3 10 36 17 3 29 3 1 2 17 10 20 25 2 6 38 90 64 37 7 24 42 0 1 8 8 100 5 250 25 78 11 49 16 21 3956 223 40 9 37 7 18 11 12 108 35 2 10 618 3908 417 112 552 9 167 58 1932 3440 5495 5 5 5 143 700 16 2 11 33 9790 122 97 92 64 28 44 1465 2060 153 854 441 1271 235 288 42 4 8 34 30 6 3 4 4 0 0 1 4 0 1 1 1 0 0 2 0 0 3 1 5 2 1 0 0 0 2 1 0 1 1 0 1 1 3 0 2 0 0 1 3 3 1 2 5 4 19 62 1 3 48 0 171 231 26 45 245 166 84 150 311 7 4 0 2 1 0 15 17 73 17 4 1 2 1 35 17 242 308 394 23 6 9 10 4 71 28 464 66 1100 0 8 413 265 2 3 3 3 0 1 1
196 243 112 158 254 490 36 21 122 2788 1046 2284 14 0 6 8 3 35 63 4 182 279 37 17 223 11 8 7 364 168 59 873 4333 79 1 1 8 29 8 25 307 3 23 201 155 71 25 5 11 128 5 30 64 120 17 30 162 370 1 2 86 7 7 5 8 118 322 28 10 17 5 6172 1382 472 1263 7 4809 323 2239 74 26 147 172 199 492 152 56 64 35 57 80 62 26 15 12 1248 2382 237 303 16 21 9 89 149 22 214 14 52 62 57 159 274 3 3 8 5 8 5 30 12 21 33 12 56 40 5 19 0 1 2 7 4 79 538 8 335 0 0 126 91 3 15 3 21 108 2 10 11 98 27 23 1 5 6 0 3 10 18 1 5 4 19 2 7 29 5 6 4 1 0 61 14 19 3 1 6 18 2 22 4 681 233 107 17 2 351 3 2 9 15 68 4 6 39 120 20 117 40 2 25
21 5 4 4 77 122 3 1 10 15 16 166 390 8 10 56 12 218 750 38 225 520 195 38 618 105 14 9 58 36 12 214 1365 243 8 1 47 635 20 192 235 9 66 1825 833 823 135 5 9 271 6 35 6 45 8 10 42 93 12 26 352 8 13 13 2 227 150 59 15 4 5 1382 6754 1190 451 13 495 445 3865 136 59 268 60 93 319 153 151 108 58 107 541 22 9 5 14 391 89 11 427 10 12 11 9 23 45 40 1 47 1 1 22 95 70 18 142 48 69 67 197 77 152 379 67 141 113 12 76 7 1 9 25 23 160 1420 32 906 17 17 740 560 23 114 23 24 180 15 70 125 753 145 182 3 13 9 2 11 7 8 9 3 9 15 13 5 53 47 36 15 8 22 65 42 67 40 6 30 13 5 85 5 1222 1172 406 90 18 833 16 1 12 36 52 16 16 139 111 13 186 53 13 107
