12.6671792393058 23.7900233359846 23.1292235301789 32.6246338089153 53.8462849679272 44.9758228877056 20.9533384282329 19.3099763413644 59.4056267381401 49.6025239797335 89.2788407346036 64.6924226431199 0 102.074663162231 88.287914276123 142.625253465441 102.212326049805 168.483392079671 158.977111816406 99.4181289672852 122.50636336827 135.634188842773 155.34354019165 193.133845011393 138.317740599314 193.481775919596 175.441481018066 102.756912231445 31.021090214415 18.4480992236642 53.2369330976068 107.638295292854 115.011214488261 117.833515290291 0 0 108.801900863647 142.58159568093 137.740897369385 177.505355834961 104.751242736692 154.088402999075 178.456332851101 228.646987915039 193.285418192546 182.46662902832 118.422116088867 176.698985944475 159.603460584368 199.413181304932 144.52566204649 175.658229686596 103.545132856505 82.152520264185 116.773772746761 115.318519778368 93.0502311609968 126.940231323242 132.854225158691 125.70032119751 163.089873631795 182.930891927083 201.502856572469 183.151504007975 152.913766479492 195.387069702148 95.8671824942887 108.402337392171 164.640455530045 182.181109439625 186.525256388896 96.6926547848448 144.100044613793 100.740840148926 135.378369161527 172.942089189802 94.6079001426697 0 169.931533050537 163.381251017253 188.066362987865 188.187700271606 122.658681566102 107.299581569256 117.931687281896 113.182941114399 132.064027709961 191.413189399533 193.61331363801 197.049561240456 194.575636397961 147.736816234589 171.173672160696 173.545081002372 182.572405574298 75.3231752329859 86.6843649602569 47.027839037792 117.073560078939 101.969532775879 178.529921531677 190.892913818359 179.982498258178 176.94426125288 162.038879394531 175.114290685462 185.640242767334 162.54466847011 161.388258516119 143.0429175833 161.460838836374 169.159769373255 157.404067993164 0 127.789291381836 155.648494720459 153.524856567383 0 142.269813537598 170.077692667643 173.235768636068 153.863647460938 139.388977050781 203.700117111206 182.190841674805 0 0 0 175.448135375977 0 191.610416412354 0 164.696813386062 161.692471955952 0 167.666576385498 0 0 162.22234471639 159.608074612088 0 145.714385986328 0 196.649718435187 182.322767157304 210.116607666016 214.638946533203 0 157.420405069987 206.75637401234 204.903467814128 0 214.907562255859 230.376546223958 220.860122680664 217.402157592773 216.862800598145 240.81965637207 217.868591308594 241.182647705078 217.459386825562 201.040365600586 0 202.222385406494 173.53324432373 156.422515869141 0 199.843650817871 201.367691040039 215.490776062012 202.849615658031 177.043037414551 189.170120239258 0 224.525772094727 198.724700927734 241.73974609375 237.968602498372 228.964778900146 0 153.318940625872 141.14523824056 130.083559903232 156.190505981445 0 135.469219843547 213.721247355143 204.885192871094 232.211463928223 208.920066833496 217.951891072591 232.19411722819 218.321060180664 170.507167271205 125.893626473167 168.450392070569 196.436217336944 164.162103271484 0 190.311645507812
23.7900233359846 16.5583078293156 23.8007633538459 20.4661903028882 30.1808720661974 42.5739808974655 54.9137347202837 64.1332234447787 75.2381836666036 47.0642537504044 94.9231701533 63.4779415496241 0 0 0 0 116.480979919434 218.529561360677 125.172790527344 0 129.324004148826 140.43443552653 220.609451293945 186.751499176025 152.473308729089 189.727714538574 186.829023088728 0 77.9803807457484 24.7918494292106 97.0363087313516 106.862283522083 112.622032954775 203.632794698079 0 0 140.720336914062 180.71231842041 223.621459960938 209.802505493164 111.972389019237 174.428695678711 194.84060530229 0 208.96484375 197.964904785156 193.436294555664 192.263638496399 169.652654557001 207.215797424316 161.940578460693 195.423571995326 129.152085387591 111.557988313528 142.800446101597 127.183660208461 114.276398658752 167.320306396484 127.164318084717 114.948352813721 203.273434638977 205.768678552964 202.134552001953 189.572174072266 207.739067077637 0 107.208232052924 157.024724324544 186.319160461426 195.845668945312 196.826954697118 97.4205939210491 177.091479492187 100.26841913859 184.722782643636 180.623279147678 92.0447819837883 0 158.977036952972 229.411811828613 201.427914889354 185.957244873047 139.665058664471 122.584044089684 126.118313182484 113.802851888869 163.858783119603 204.449711754209 204.326675653458 208.397944132487 211.476637776693 162.806422268387 184.964666527438 187.56211344401 198.15398817796 129.068451245626 84.5499331091866 86.7993296648233 125.070728975184 133.67018362192 187.459891764323 192.870825195313 185.000841349113 182.620405733726 174.579953794126 178.135474687741 184.912573612098 171.068200373995 167.810315765604 148.979429024417 166.385599729661 172.132826592361 175.689605712891 159.135734558105 0 168.039067586263 176.649154663086 239.225463867188 159.639961242676 169.49031829834 0 166.20090230306 0 176.383456275577 188.810151163737 0 172.000106811523 0 0 0 188.473506382533 173.900238037109 162.746242090599 164.894537276581 0 174.05275560462 0 0 168.997497558594 164.92635345459 186.441116333008 195.128997802734 0 202.214979625884 184.54744887352 0 0 155.946975708008 150.033798217773 221.96745300293 187.486668904622 244.17423248291 0 216.806402206421 235.357406616211 237.014068603516 227.612274169922 238.66365814209 0 0 218.323240492079 208.394322713216 223.530254364014 210.646615164621 164.043223063151 0 0 203.157363891602 228.699768066406 0 203.071346101307 190.896939364347 158.292503356934 162.91780090332 0 0 240.735366821289 237.768295288086 225.909561157227 212.861572265625 151.368730552082 180.313509259905 133.288791656494 203.590293884277 239.520278930664 135.388594273158 221.287322998047 0 235.722318013509 198.629525756836 218.023069593641 242.828964233398 237.053161621094 169.50891418457 126.147354768054 181.985213002851 193.999936785017 182.645237392849 187.542704264323 184.632146199544
23.1292235301789 23.8007633538459 11.0096996646892 17.3892748634327 90.6827038273667 38.3856997543748 47.4495848553347 26.3451619849836 68.4472736813865 31.4517832956511 100.35377704396 26.9228379937528 0 220.893905639648 242.903442382812 198.881088256836 111.807495117188 0 138.97868347168 0 129.560043334961 144.446657453265 0 205.053363800049 149.483771006266 0 199.61875406901 216.356430053711 90.626181640625 95.8281120374365 93.8435163786917 118.902168818883 122.257022578542 165.660920715332 0 0 0 161.277959187826 197.959457397461 180.581516265869 112.82818994068 155.448135375977 210.79084777832 0 211.682957967122 214.45378112793 189.00170135498 192.19331577846 167.07994605755 205.124011993408 154.836340767997 194.602091471354 128.922090066446 115.820511455086 146.286882167909 128.621938998883 141.157198905945 169.169881184896 0 0 196.05763414171 201.158711483604 208.960104806083 199.111120605469 192.839382171631 0 109.514547137512 139.57926940918 208.279232025146 200.131088843712 201.285655628551 104.905250344958 207.60164642334 95.5638058002178 159.570177841187 200.355205535889 95.3768264428893 0 179.284425099691 226.70719909668 200.263219272389 208.328720092773 142.182050150091 121.031479842717 128.243455526964 110.096921075251 168.856362915039 204.494268871489 205.556564331055 213.991836547852 213.672927856445 159.719483382614 185.395621136921 191.196123519034 195.382202148438 151.112936019897 84.857348245 84.4869445244319 123.475687907292 147.016019185384 179.606883821033 181.153345743815 184.186631817684 182.256646485455 164.625520185991 177.658596121947 181.005944711191 179.022093653679 163.835648607088 146.080143222561 164.252750519783 171.323230988389 170.718948364258 152.790161132812 0 170.193363189697 140.096481323242 159.387954711914 160.153895060221 0 179.793739318848 164.953870985243 157.44553120931 192.244786580404 179.176628112793 225.645034790039 0 0 0 181.234733581543 201.613896687826 0 164.214421974038 167.317050005939 0 170.574773615057 174.658081054688 0 181.818620954241 178.999313354492 0 176.882949829102 0 200.629794034091 186.698233710395 0 225.117492675781 211.101348876953 155.32614440918 208.213405609131 160.877090454102 0 245.439361572266 219.768981933594 0 210.132049560547 0 240.334701538086 236.192443847656 0 220.848045349121 205.34210357666 219.61149597168 200.657971191406 173.229937466708 164.110015869141 0 225.09684753418 0 0 198.354858963578 217.398480224609 172.995193481445 0 0 0 235.978004455566 247.93522644043 223.240074157715 0 152.525741013614 159.56812286377 120.011061668396 0 236.205073038737 133.468211804406 225.647425333659 0 238.814086914062 193.256381225586 218.726363238166 237.148101806641 225.814254760742 173.177185058594 124.431207578782 181.278268565302 193.834945678711 186.385564168294 0 187.513023376465
32.6246338089153 20.4661903028882 17.3892748634327 13.8748281823637 21.5795776350472 25.57110160445 66.1822439756008 72.2020857404954 82.9723695955778 42.3747362174988 93.8434789790664 39.9441448707158 0 191.267669677734 0 0 191.811752319336 0 0 0 127.694453913991 135.905933125814 0 204.302587890625 147.875847816467 0 189.51315612793 215.287384033203 79.7345818870573 29.3962636808134 36.8023726881837 96.8470203399658 106.985040047589 153.933064778646 220.801773071289 0 0 178.327748616536 143.881011962891 204.559560139974 110.146176159619 208.108428955078 212.211839948382 0 0 188.676773071289 0 202.384506225586 163.831934075606 0 192.610107421875 196.106021587665 129.500823049834 120.64198450361 140.994333120493 123.671728636089 89.6691986475235 151.122734069824 112.326698303223 0 195.730981009347 206.671300252279 218.995432535807 0 151.171625773112 0 107.365354564578 0 195.872543334961 199.991333007812 211.278374565972 95.6883834645718 165.124782562256 85.6684148152669 173.785327686983 183.081981658936 86.170392237672 0 161.082393222385 187.686492919922 202.546037038167 208.562240600586 142.824827224813 123.775240893434 126.154049824624 103.807061061153 150.582801818848 203.421536254883 210.438087463379 196.968330383301 218.142830984933 161.586199844093 185.437948226929 190.837151267312 198.856570904072 117.577704710119 79.3746559641128 96.3240687426399 121.165977765929 69.8120164871216 181.221976615287 188.594161987305 181.665091117223 180.867046171776 164.197583978826 174.807999584162 183.623586347026 169.836472762258 164.817633977012 143.389958820646 160.796978180225 168.404470819067 168.580917358398 162.510482788086 156.457656860352 162.093276977539 0 163.440338134766 178.097217559814 185.144912719727 0 159.406368255615 162.337135314941 188.488224029541 196.596355862088 0 181.085235595703 0 0 182.904037475586 202.087341308594 121.996040344238 159.130234435364 161.890604901057 0 170.925711380808 0 0 164.05940246582 167.005825042725 0 174.385948181152 0 196.8647108078 184.912085073966 225.056060791016 199.162994384766 0 151.503860473633 207.331302642822 169.88395690918 0 0 217.124372355143 0 246.472549438477 244.230224609375 232.57741394043 0 0 219.326971054077 196.804672241211 166.971170043945 212.04286702474 172.884724934896 0 0 0 198.374145507812 0 203.045982809628 182.695035298665 186.47963823591 0 0 244.077453613281 244.56315612793 0 213.291012573242 0 147.381279073297 182.926708984375 127.041103786892 169.354019165039 0 128.354344548406 215.377044677734 0 242.326176961263 190.579580688477 213.417208931663 0 244.165435791016 170.987138536241 122.378559624277 185.84440725821 191.155749511719 167.625753549429 214.832412719727 163.257598876953
53.8462849679272 30.1808720661974 90.6827038273667 21.5795776350472 18.4192524263551 38.6337191599454 60.7636831071642 88.4786324336611 77.831375989047 66.2436061710506 67.9213279924895 54.6952880356429 0 105.504039764404 82.8358103434245 106.193838711443 94.3726974487305 109.701770019531 109.429508572533 146.880611419678 106.544804639595 111.684443729025 118.177747453962 175.349839643999 109.921876198905 139.709075927734 151.291105482313 116.566679382324 53.3584395887323 26.3228845587131 20.9307174027444 35.4538575288726 73.1731280260545 87.6875009739653 140.954322814941 0 84.0915251035948 91.4132695351878 112.788290693953 124.136846542358 93.680112409342 129.65080871582 162.471915622927 133.068939208984 127.121082305908 129.844673156738 131.290057182312 169.715520924535 146.287350972493 0 172.168594360352 207.450678507487 123.223442937287 96.7301932331381 130.637965679169 113.864485274914 37.207889110484 68.1877676827567 82.1985524495443 109.956996154785 124.749094124996 179.343255996704 159.956458643863 166.97969193892 122.92764043808 0 91.4030656592791 125.837178230286 131.416634816972 186.637520345052 183.959268569946 76.2971750094196 91.0661217330338 77.6836344855172 75.3437621368552 136.623530207454 73.7595645189285 0 89.7318007469177 200.662841796875 195.111015319824 0 128.248204349486 108.446211838141 108.314470187544 86.4726984397914 132.094326782227 190.17887878418 186.995644632975 189.248428344727 160.891023254395 151.048567471439 179.533824539185 181.012823665843 186.91576617697 30.430155721246 70.8596851097609 73.6527813684373 96.4061301652775 36.6850217971999 177.154272640453 226.855880737305 170.281841058841 167.258960930876 156.350736490885 163.447535225515 175.88946685791 167.262887460214 157.444049005923 134.20780313932 150.474891167182 156.111260839934 0 167.829780578613 166.571241760254 163.364242553711 0 177.156903076172 0 171.073856898717 140.625366210938 176.541110229492 174.27099609375 171.804480416434 162.980888366699 178.9130859375 190.942260742188 170.942169189453 0 182.553894042969 162.038116455078 209.228652954102 150.609477323644 149.438413179838 155.009010314941 159.226037049905 0 150.295486450195 170.462337239583 168.461715698242 157.901702880859 150.80734761556 178.256511688232 191.866603851318 167.52920241583 224.412673950195 171.911074320475 141.47437286377 158.69563293457 180.248768525965 136.879119873047 223.515602111816 0 200.896657307943 0 225.237648010254 0 219.249249776204 216.872291564941 0 202.209798177083 195.903802054269 0 200.870895385742 147.294879150391 0 171.947330474854 194.735462188721 0 0 182.979999360584 189.624979654948 146.592468261719 0 187.468841552734 190.067036946615 219.319524129232 0 198.660642496745 233.425750732422 138.699593666272 156.071397954767 121.78982761928 169.443023681641 0 123.617138429122 218.366485595703 218.751937866211 215.393325805664 172.558013916016 208.384256216196 218.719062805176 236.627777099609 163.87811448839 110.75317084271 168.598238263811 178.468452072144 174.131075772372 0 0
44.9758228877056 42.5739808974655 38.3856997543748 25.57110160445 38.6337191599454 21.5727071578832 68.2940250842839 68.1475961814492 89.0895133722024 55.7549730644121 39.854937152257 30.5506590708027 242.269454956055 104.645161220006 154.990586853027 142.471003723145 138.873832702637 113.113114749684 115.894849395752 134.457300186157 115.971197606647 113.63411014638 113.865578715007 188.35648890904 115.499404003002 151.350981576102 167.81910106114 173.672040939331 75.7531613825614 47.4038307923352 42.3079016027297 21.9916071288881 69.6614585711261 106.573935884418 110.040588378906 85.6771469116211 113.070327427076 111.622230166481 125.276924743652 136.306385040283 107.437036374886 156.771074295044 168.151195949978 163.888565063477 181.929782867432 148.89979341295 127.886980438232 179.808848330849 172.968099420721 155.159716288249 164.58356391059 204.538763427734 138.823654344347 119.413125038147 144.732359279286 126.652030810975 78.9264965835883 66.1104271782769 127.303174336751 117.662957763672 130.577499532254 190.971222908266 186.070944892036 177.794424268934 142.290175301688 142.055267333984 105.10288286966 131.252938842773 142.167555737851 203.158058166504 196.421921268586 79.89249902842 83.6836829263656 82.4796852270762 109.491223981304 156.782015873836 95.2239118722769 133.450576782227 91.2158282143729 167.345367431641 203.777964684271 207.445449829102 145.277054369974 120.350059073312 122.002314655296 95.2753403641795 138.391267527705 205.56935674494 203.997899691264 203.768852233887 170.188337925502 170.945419599425 196.169848157214 197.879855632782 199.008784750234 57.4467936536691 74.8279260957942 90.2201498321425 98.7621375908286 68.6957920681347 179.614041222466 198.030949910482 181.014256506508 178.275499765497 160.00013923645 173.951772625163 184.37468920256 169.439122482085 165.574157714844 145.777453633098 159.613953249651 166.044554652784 148.186187744141 173.068298339844 166.661134719849 128.675109863281 174.966911315918 155.581520080566 168.155667114258 180.915298461914 174.319219970703 172.791883988814 174.159286499023 174.722297668457 182.68095667222 0 0 0 0 0 217.989306640625 188.859008789062 156.869582374497 162.721385192871 206.641662597656 157.131462900262 0 150.431396484375 161.488800048828 159.568517412458 164.127282714844 164.806507655552 177.730407714844 185.485231287339 181.695029745297 203.847038269043 185.940765380859 156.05658976237 147.080795288086 193.779028459029 195.797302246094 233.888458251953 245.869583129883 212.396286010742 241.444290161133 167.579406738281 0 237.219181060791 0 0 222.955699920654 198.357285817464 202.61368560791 233.045092264811 167.518127441406 161.593124389648 186.656997680664 186.549682617188 226.038223266602 0 196.39574432373 202.55128805978 170.104211425781 207.839111328125 186.030278523763 207.983056640625 234.873374938965 232.469139099121 207.881375312805 191.300659179688 147.338352847409 158.116662418141 126.818031759823 153.873180389404 198.120140075684 135.98937406038 235.417196655273 0 235.984092712402 189.870274861654 212.08359596946 0 205.949325561523 165.31760002585 123.582901341955 179.985895792643 190.556092983339 171.395473133434 187.470565795898 172.351984024048
20.9533384282329 54.9137347202837 47.4495848553347 66.1822439756008 60.7636831071642 68.2940250842839 10.5143650110031 13.1681975107818 17.3072506795181 31.9362771755994 93.0369393198114 67.8152442020063 0 117.800743103027 0 132.767858505249 148.636266072591 117.411804199219 139.201045227051 0 116.43047120836 132.577586087314 154.264881134033 172.596540178571 118.924120161268 0 156.405592600505 152.342733764648 17.1007330635528 34.8956575044163 60.8337198622683 114.448500199751 117.730528051203 143.288563068096 154.483413696289 0 118.625091552734 149.806312561035 132.597187389027 142.6301612854 101.359719073186 168.005073547363 180.649129530963 161.587982177734 159.756538391113 0 131.545032501221 156.573851013184 123.728368182515 204.835464477539 114.250941848755 142.066961126812 70.8309228920324 53.004699930068 86.0664421185109 97.9711314610073 79.9294470151265 130.300552368164 110.278541564941 99.2003173828125 167.251052856445 163.789214561725 182.960124969482 164.242835998535 150.008205958775 0 82.6948116002259 121.487588670519 163.241004250266 154.75312557736 152.736612207749 107.127275890774 152.025685628255 94.8744718763563 124.80335067749 162.684883965386 94.9400506019592 0 148.244714355469 182.165054321289 158.407585830688 0 89.2149125251914 76.1077157456354 101.995658898655 106.253224523444 135.473473442925 159.966096564905 164.847801109413 154.403991699219 179.115522596571 118.685536028391 140.397895492425 145.668932409847 148.320367540632 80.4080491907456 43.5801563613985 19.2037626862334 109.782348791758 107.786291440328 155.9728515625 223.566421508789 161.459091186523 158.828583046242 151.219749450684 166.368343845491 203.959602355957 142.108959197998 147.240195083618 122.746521689675 147.040943004467 163.689465999603 0 0 0 123.273796081543 105.951698303223 0 119.092803955078 185.035780334473 0 156.795692443848 130.546585083008 0 0 0 91.8142929077148 0 0 0 0 0 186.158590316772 177.33992486251 0 141.535520553589 0 0 137.278559366862 133.495519638062 177.665191650391 191.204895019531 0 158.774215698242 162.260810852051 0 221.528884887695 166.848770141602 126.011157989502 209.54831237793 0 207.308497111003 0 230.724456787109 236.070388793945 189.63752746582 209.528955078125 0 0 219.420791625977 239.285957336426 203.660146077474 114.008666992188 195.912742614746 166.534019470215 195.482131958008 0 0 0 0 200.557434082031 210.654510498047 0 159.831314086914 0 213.058090209961 210.978134155273 217.441241455078 195.51555480957 0 156.654461860657 149.685203552246 0 120.44157409668 185.293350219727 130.412023756239 180.027944946289 209.383445739746 213.860125454989 189.017639160156 212.431213378906 202.266528320312 221.058578491211 0 117.715290546417 146.468204498291 200.455144246419 159.154312133789 0 0
19.3099763413644 64.1332234447787 26.3451619849836 72.2020857404954 88.4786324336611 68.1475961814492 13.1681975107818 10.4328784057522 20.1319177167947 19.8815753082252 84.6502586364746 49.9967029989765 0 0 0 169.716995239258 154.062698364258 204.568557739258 0 0 127.000546773275 154.890930175781 132.483548482259 175.595611572266 144.027882385254 0 190.04358291626 0 66.0837535214324 60.886607459228 112.687009026023 91.2319595336914 144.552206856864 158.251708984375 0 0 112.284812927246 205.557846069336 169.879511515299 0 104.584487318993 143.060592651367 203.780187988281 0 0 0 0 180.310564313616 148.816198560927 146.532470703125 134.236359336159 172.032623954441 92.9706787835984 86.2378441854871 109.536984370305 112.869539048937 130.80150277274 157.08464050293 0 112.358749389648 169.409606933594 160.734601974487 199.93913269043 200.007247924805 159.436915079753 0 90.4325578333968 0 166.766763305664 182.7203238351 174.73219909668 99.3083234514509 209.805191040039 107.266757965088 133.150932312012 167.448238372803 102.91464805603 0 0 162.93563079834 176.623078217378 0 114.159380380209 98.8025691119107 117.712402079147 110.951128387451 145.803296407064 189.724941112377 181.678168663612 175.053508758545 188.536834716797 132.255755383035 165.062249525538 174.898458862305 168.996713491587 99.9074334038629 69.9134786535192 37.8400814555027 140.617308616638 138.020751953125 159.1047706604 201.432957967122 182.029202234177 180.468192390774 187.73193359375 176.682851018132 181.128982543945 164.603648376465 162.312317742242 141.682736873627 169.319310923092 180.688334933194 0 160.237579345703 147.07935333252 135.424209594727 0 0 152.748802185059 178.993782043457 173.217483520508 150.988441467285 0 172.413482666016 162.634780883789 0 0 0 0 0 194.52082824707 217.386764526367 175.639694213867 190.658410644531 0 161.426467895508 0 0 146.31689453125 136.992327372233 0 0 215.908493041992 197.032979329427 186.878189086914 238.093963623047 0 0 0 205.308715820312 0 0 231.470069885254 0 0 0 239.760070800781 0 0 0 0 240.918548583984 0 242.057098388672 0 0 0 0 0 0 202.854927062988 178.061431884766 0 0 243.706954956055 0 0 242.433013916016 0 0 154.281067848206 123.131820678711 82.5047760009766 161.256965637207 0 133.681560516357 223.412948608398 0 218.278049468994 195.425361633301 207.567691802979 0 233.591674804688 217.047584533691 130.777148798892 187.991317749023 204.828521728516 187.565849304199 0 0
59.4056267381401 75.2381836666036 68.4472736813865 82.9723695955778 77.831375989047 89.0895133722024 17.3072506795181 20.1319177167947 7.64214751159712 20.9821377222681 51.8455795154237 78.2905228327969 0 0 0 0 0 109.917854309082 0 0 108.341077168783 107.65625 133.232879638672 193.550130208333 121.951362609863 0 0 0 58.4577737954947 66.6113913772453 77.6232903798421 84.6164050102234 83.3443138599396 151.524621963501 0 0 159.382213592529 90.0598678588867 150.333404541016 0 101.260328238351 91.5800399780273 205.563259887695 0 115.249888526069 103.877044677734 0 195.229454040527 156.092330932617 113.859606742859 160.954711914062 157.385099411011 63.1467799813407 84.7622819919031 107.116490427653 98.204475402832 77.4600656297472 0 0 0 153.924493789673 185.419906616211 0 0 185.541366577148 85.3608654785156 98.3381479703463 161.076431274414 163.957723999023 167.880884806315 169.407958984375 55.018407071223 87.4079414367676 49.4019085289775 107.119197300502 0 26.0982960895684 53.423656463623 98.715354656351 146.071576118469 163.523361206055 135.202837524414 108.471659018777 101.810108990736 120.732308331658 111.765324241237 0 165.366128401323 173.602299083363 148.263092888726 139.903194203096 129.847617299933 163.415908119895 0 171.448867797852 102.123797825405 13.1646800012443 16.5919531078025 97.6410079229446 96.4508609771729 215.151504516602 0 159.603233337402 180.494784186868 196.355743408203 195.470883324033 169.915145874023 202.851684570312 182.269706726074 161.009246826172 155.447994777134 180.402142286301 0 157.741806030273 109.137565612793 0 0 137.756195068359 0 0 0 111.230026245117 0 126.848823547363 130.713363647461 135.219573974609 177.78694152832 0 0 0 0 111.081253051758 154.278170776367 127.185715415261 108.919067382812 123.722834693061 0 0 136.425610860189 116.981101989746 206.505569458008 0 0 0 137.875467936198 0 132.825832366943 0 109.710535685221 177.011859893799 0 0 215.32356262207 163.393173217773 0 0 216.687795003255 224.111572265625 0 224.903144836426 184.112884521484 244.514038085938 0 0 0 0 142.557006835938 0 0 0 183.978912353516 0 130.773040771484 0 0 159.862899780273 231.30615234375 215.638366699219 168.848428344727 0 121.517426256864 116.289312882857 63.8294324874878 0 0 104.274648030599 174.507186889648 0 208.943099975586 151.616887410482 181.713386535645 193.195579528809 0 145.400978088379 141.77345929827 0 161.044232177734 0 0 0
49.6025239797335 47.0642537504044 31.4517832956511 42.3747362174988 66.2436061710506 55.7549730644121 31.9362771755994 19.8815753082252 20.9821377222681 9.81773149577717 18.5418613917466 28.3997364838263 84.2341709136963 148.554748535156 0 187.538452148438 0 180.226402282715 184.341262817383 0 103.062841170873 96.8448500116187 137.425244649251 195.082661946615 104.992333675953 173.830474853516 206.611450195312 156.531875610352 79.8051597050258 64.6392843940041 82.3030119946128 47.628677565476 55.3487686883836 155.577377319336 171.954795837402 0 110.78630065918 128.381181081136 176.990234375 0 101.419719213172 169.899223327637 191.89907182966 242.186767578125 121.707699983016 195.332885742188 238.946807861328 207.660220336914 157.678318023682 118.329283714294 153.858280181885 182.639670689901 84.0207923933261 110.569143486023 119.612267456055 126.098210054285 84.2996086847214 97.6231587727865 0 150.871398925781 173.926973978678 197.770349121094 226.122093200684 171.180526733398 140.149230957031 78.1549500175144 97.7320307707175 0 193.130683898926 187.545497131348 179.494004991319 33.4946497574427 94.3887446085612 51.1921381816686 136.116224924723 194.699234008789 21.2236995524229 50.4139497352369 85.7345531463623 147.282387627496 192.230293273926 131.595917909042 132.958522605896 112.813052762788 114.472098967608 85.7881089274089 146.594619750977 179.920854949951 188.120607503255 154.092533365885 161.896941593715 151.830775790744 186.945093154907 187.723255157471 190.699746025933 105.861571756999 19.4794458273841 37.9006696171115 90.7139573938706 158.163703918457 147.134644150734 177.729920523507 143.493371637018 143.292739783954 140.57341116446 141.447667114258 148.376777013143 129.293599950205 126.067727481618 108.411272468054 126.815872157809 136.124174740152 139.187711715698 148.032901763916 0 105.774002075195 126.418899536133 120.195421218872 137.474637349447 121.40824508667 116.988103230794 128.252156575521 125.103029251099 142.160925431685 147.384496515447 0 0 131.183563232422 0 0 159.27192264133 0 132.013400047056 130.113880358244 0 140.672049149223 0 0 123.387569972447 173.434664916992 121.105987548828 236.068572998047 0 177.680713108608 156.537796352221 0 156.545812334333 98.4703140258789 118.957176844279 175.643901279994 144.586753845215 227.939117431641 215.628936767578 188.648199462891 195.783401489258 0 197.824002075195 206.136864556207 191.766914367676 230.056640625 210.688295636858 184.632367220792 139.98363494873 193.65188852946 138.374271392822 0 0 0 0 157.200007120768 180.029175543016 171.209012712751 142.704883575439 0 0 0 216.687830607096 241.048573811849 183.630597432454 0 115.60139488253 132.276744549091 74.3783447265625 0 0 93.868856560694 213.443389892578 199.990646362305 222.716766357422 165.339665222168 186.487111663818 202.915634155273 0 162.974462781634 85.4280947890936 150.871056100597 161.369986557379 137.184847513835 181.085556030273 157.349921090262
89.2788407346036 94.9231701533 100.35377704396 93.8434789790664 67.9213279924895 39.854937152257 93.0369393198114 84.6502586364746 51.8455795154237 18.5418613917466 9.81699747345519 23.5087762723643 78.2969512939453 0 0 0 0 0 100.517295837402 0 93.442676907494 90.4048432380922 99.2522979736328 150.001312255859 94.1754173278809 0 0 0 82.3519923372089 74.6681010382516 62.0437622070312 69.3183174133301 66.3353449168958 154.830327351888 0 0 96.792423248291 190.774261474609 78.2880325317383 0 91.9530668470595 0 210.562377929688 61.4564412434896 101.994580745697 137.005605061849 0 0 0 124.893542585702 152.070404052734 171.013862609863 108.730218887329 104.24942096911 136.46813583374 109.482106526693 74.0568313598633 123.21834564209 0 0 151.413093566895 171.666620890299 164.613391876221 153.326110839844 0 82.6864621904161 95.3026077595163 0 161.238479614258 194.19312286377 195.356357574463 19.2881201282286 80.1066477298737 52.8197874561433 130.143011728923 226.685363769531 24.595887350294 55.4004202409224 48.8223416716964 148.583428016076 170.610675387912 137.692385101318 132.896898905436 109.600285148621 103.918575086092 85.0651966898065 79.9320373535156 155.964245024182 186.158180236816 148.050588819716 132.334372626411 172.10308380127 180.402855767144 176.844123840332 194.542266845703 106.415212843153 31.0593844206583 65.5675859526386 89.0468567878969 125.64133199056 153.327195739746 156.982681274414 156.562571253095 151.290912991478 136.97057723999 147.862712294967 164.611819797092 135.97675382174 135.266832842146 116.640323237369 133.864781068103 140.030943477855 0 0 0 0 0 148.754379272461 146.694442749023 0 0 125.423721313477 0 158.013229370117 162.206804911296 149.217102050781 145.640197753906 0 0 0 245.715148925781 0 123.396786371867 126.241871104521 0 141.307411702474 0 0 140.15079498291 145.244262695312 0 0 0 155.426052856445 146.460852883079 217.966461181641 131.878189086914 102.025726318359 105.20938873291 149.702743530273 130.50993347168 244.536087036133 0 191.810541788737 0 0 0 207.692394256592 222.475555419922 189.798828125 0 154.840209960938 129.047653198242 163.482345581055 134.247314453125 0 212.443084716797 0 0 140.493499755859 191.081926618304 190.746643066406 131.90739440918 0 167.587890625 0 239.360275268555 0 219.98511505127 0 115.235404609231 113.85139541626 72.5567354474749 0 0 89.4587625963935 176.637359619141 0 230.101257324219 153.6865234375 182.702967325846 0 230.869827270508 151.501929146903 86.8459054270098 170.718576703753 174.249772644043 0 0 146.15442199707
64.6924226431199 63.4779415496241 26.9228379937528 39.9441448707158 54.6952880356429 30.5506590708027 67.8152442020063 49.9967029989765 78.2905228327969 28.3997364838263 23.5087762723643 16.1706824093625 108.127243041992 112.780197143555 147.707622528076 108.251219613211 173.412796020508 103.604983329773 115.242064377357 146.115814208984 116.764554776643 111.819281606963 112.812336730957 194.650967068142 117.353625473467 145.971625328064 180.588268055635 108.261726379395 92.9855406004176 67.3078305642103 63.7668465337446 40.0213808443386 32.085262289314 126.640070419312 143.125133514404 0 139.282231844389 147.309210300446 131.276948716905 140.768294743129 109.025613988138 155.606355520395 178.160541609222 121.66369565328 154.292600631714 120.976554022895 136.881503105164 186.322337962963 175.249799161344 221.690333048503 173.590505327497 206.816724243164 131.185916560711 127.242012532552 152.599387032645 129.543249616436 89.4108152389526 53.2498130968639 154.19598236084 132.013933181763 145.833465074238 199.523403392119 191.209209442139 193.410434177944 151.299565190854 150.312816619873 104.123778417527 134.933118547712 155.057970129925 212.48410143171 202.589767456055 35.4098872416074 74.7492119318031 82.7309004664421 83.7745286822319 154.74809958718 64.397173725279 115.144958496094 76.3343486318783 180.499323527018 214.323525727685 172.467943464007 151.866762664795 125.042906709839 123.960050138156 99.2278485454093 153.756278991699 214.622955887406 211.213147107293 208.268118964301 178.820058441162 171.963952447061 198.081120627267 201.206103985126 206.95773824056 63.8782028891824 55.3122789546063 90.0559979897261 95.5265789804073 128.847442178165 174.984169510176 168.869118584527 175.389930254939 172.959374778349 162.577391147614 168.272428016295 178.297393260283 156.279005088806 157.489836469109 140.926224418308 154.38828108477 161.300856180374 154.54635925293 134.299499511719 179.920455932617 155.602573394775 159.736695607503 154.851282755534 154.196465628488 177.327865600586 161.363834381104 156.283978416806 154.589777628581 176.23972868308 175.763762734153 169.193428039551 160.020220438639 0 158.313125610352 180.639775594076 196.08648390997 189.442111206055 152.138867960796 154.464087160761 146.387504577637 159.771932601929 143.402114868164 0 161.483942446501 160.77233505249 173.550303141276 161.078294754028 0 190.054950714111 171.638540140788 219.714340209961 184.331943511963 188.003067016602 147.593841103946 194.960895244892 167.799201378456 247.010948181152 0 198.125965998723 203.393102010091 187.153030395508 222.61336517334 227.091833326552 191.524337768555 0 216.657396589007 203.29208190918 144.958507537842 207.459718976702 155.158797073364 140.223434448242 172.722465515137 230.196815490723 0 0 195.702347572404 189.944690997784 161.060718536377 0 217.057968139648 0 227.890907287598 0 193.326714651925 224.617691040039 139.486193397076 157.889506022135 106.971623883929 203.712224324544 211.008987426758 121.519093363809 220.728846740723 0 244.759101867676 178.174489339193 206.120351006003 245.133346557617 227.343231201172 167.38069791572 113.592504922967 180.328377273057 184.96003089013 158.117776119348 178.506934029715 167.640998146751
0 0 0 0 0 242.269454956055 0 0 0 84.2341709136963 78.2969512939453 108.127243041992 8.9802582554207 0 135.72123336792 64.0099793752035 63.2461280822754 26.7242336890106 28.6338264323092 57.1093580655963 0 0 92.1586074829102 78.1841973198785 108.661041259766 91.9940948486328 96.9152908325195 117.289250532786 132.260101318359 122.525184631348 0 84.9966430664062 96.8496502467564 91.1322937011719 68.3643951416016 0 47.7016040257045 64.8854612421106 109.579943117888 145.914031982422 94.7295021057129 91.680103302002 104.413740873337 32.2779782466471 14.7215567475633 25.971005506316 0 162.44856262207 68.4098434448242 50.9156563742119 0 0 0 0 0 0 122.07088470459 87.6598510742188 0 0 123.906881014506 178.103729248047 164.771347045898 69.1606168245014 82.7753932476044 28.2779948332093 130.397778828939 136.805465698242 139.554884338379 109.667778015137 109.245694478353 93.2864973885672 71.3171752734062 32.8389936441647 109.297794342041 157.831901550293 73.8457989846506 20.1397240587643 80.8099245680976 102.321704101563 100.292583465576 69.5083983450225 188.413635253906 0 0 0 110.021545410156 121.90549214681 112.868082682292 88.1525978088379 86.5524635075023 115.353561401367 0 0 165.780860900879 106.166500091553 81.2911333356585 109.796211242676 0 182.05485534668 0 170.713531494141 0 0 191.727096557617 157.774795532227 0 123.332410176595 0 0 0 165.839538574219 122.245188140869 97.0157497059215 80.9036056346357 108.89940365878 137.758282979329 97.6236312266357 104.690692820448 88.4732911680549 119.53402533898 94.201359008098 100.886270754265 167.352167765299 0 102.605054219564 143.772003173828 113.470514831543 116.970547485352 100.289872956756 169.836515154157 165.766560554504 179.538135528564 134.629210933562 121.18404083252 137.276888465881 0 137.771026611328 121.718267552993 124.683123948839 87.4611936308739 142.879986572266 94.4198371280323 142.603099822998 125.142848491669 111.987965053982 69.0883717606707 65.6349294318916 85.0193785345478 91.9429193765163 157.470973968506 145.480084737142 148.282333374023 0 103.611072540283 0 156.59162902832 187.070648193359 121.144561767578 121.514183044434 0 176.749404907227 0 188.632034301758 138.5957192315 129.44283803304 86.5379071214464 112.468817631404 107.984981282552 54.2768211235871 182.551376342773 159.980930328369 151.706554836697 139.587426321847 143.594511413574 103.404301036488 159.546235402425 140.111122131348 98.1042739868164 116.786838531494 130.001542663574 112.262464186725 51.3807683703543 147.094398498535 123.470349121094 116.117302667527 0 90.7025883992513 129.81878789266 203.261184692383 0 113.254290262858 132.157031467983 148.972842945772 141.165069580078 0 208.131524658203 192.079086303711 153.398506164551 144.747947692871
102.074663162231 0 220.893905639648 191.267669677734 105.504039764404 104.645161220006 117.800743103027 0 0 148.554748535156 0 112.780197143555 0 10.1168174027352 16.6842533489068 45.1192719120625 26.0125324732362 63.229038450453 87.2239272859361 50.8929797901827 83.1025893801735 83.920035901277 56.4658011938936 83.2513240178426 78.7890567779541 62.9769819661191 49.5463287645787 39.4686881862529 107.444285485052 86.9405975341797 75.2416983211742 100.708862304688 82.8301301253469 44.9784933421923 22.6876390207152 16.6633268839981 15.2562933065498 76.2538124266125 58.4329486370821 54.9713350429361 73.3008074126301 83.4442170087029 91.154112126277 69.9328753153483 0 110.335789489746 56.4712771928743 118.537349500154 97.0263879949396 0 0 131.944885253906 154.356819152832 129.529955546061 0 117.216773986816 97.2518119812012 53.8678487834364 18.8793637006148 40.9221431788276 87.5197514473124 125.670484022661 96.3049836592241 65.7056747077244 61.2401207191357 0 114.710263459579 30.3513173503739 78.3421520057921 133.696875435965 148.571681976318 0 125.186138153076 78.6706733703613 77.8451627731323 100.20481040261 84.4162292480469 59.8515899658203 120.679382324219 152.812515258789 165.797554016113 0 162.78291015625 158.287900652204 112.858832677205 94.129508972168 71.8961453905293 212.563095092773 146.669977823893 156.163375854492 136.9042807685 113.074861966647 132.969676971436 126.01109790802 112.714917076959 88.4999940660265 0 116.410018920898 108.739707946777 81.2128315801206 0 0 0 156.088180541992 0 0 0 0 0 0 147.928024291992 154.237762451172 130.539255703197 118.665883577787 121.205449676514 125.313033694313 122.967241287231 121.961763822115 116.630408089116 133.909879684448 128.953298264656 126.469366038929 119.767715795716 127.096134185791 139.463017781576 141.438648223877 113.509170532227 140.863525390625 146.583274841309 133.051586151123 0 0 167.042667388916 137.426876962921 124.640907287598 133.368423013126 132.242218017578 105.102989196777 131.09589428768 124.836985340825 137.144996643066 125.090973748101 143.000156402588 151.53995513916 137.84361521403 144.955108642578 147.678802490234 95.1633021036784 113.914262482614 148.030785602072 128.853904724121 0 183.758087158203 0 0 0 0 0 0 0 0 178.34196472168 0 0 159.238395690918 132.673983764648 158.100646972656 172.662284851074 0 0 172.516235351562 150.290786743164 0 134.445533752441 0 157.980403900146 181.361129760742 224.527236938477 187.585693359375 181.143585205078 137.285876918483 121.150859418123 67.5469665527344 0 0 106.977671715521 0 0 222.447540283203 0 0 174.36270904541 204.071166992188 163.541220528739 0 0 165.465656280518 129.226931762695 0 133.903450012207
