40229 9456 7704 3548 697 3586 7180 9656 106 798 111 2398 0 6 7 2 4 2 0 2 118 44 9 4 22 0 0 1 13450 7027 157 87 120 17 1 0 7 11 2 9 403 8 10 0 0 4 7 18 22 4 197 230 1932 2629 346 163 23 5 0 0 5 9 14 4 2 2 143 9 25 54 21 35 7 4 37 5 28 0 20 25 171 17 1536 881 845 105 17 73 23 3 9 303 210 37 10 23 95 3039 51 11 24 12 18 15 6 53 15 24 22 29 36 84 0 0 2 0 1 0 0 0 0 2 0 1 2 1 0 1 1 0 3 1 12 42 0 11 0 0 6 0 1 0 0 0 3 0 0 0 0 6 1 2 0 0 0 0 4 0 3 5 3 5 4 10 6 1 0 0 0 0 4 0 0 0 0 1 0 0 1 1 35 5 2 0 0 8 2 0 7 1 0 2 0 4 32 14 0 0 0 0
9456 13036 3419 20297 896 7024 429 302 16 74 40 4393 0 3 1 1 0 0 0 2 173 66 4 6 13 1 2 3 578 1477 344 36 83 13 0 0 2 3 2 3 391 6 10 0 4 0 6 13 30 4 155 142 461 858 155 143 11 3 0 1 7 9 5 2 0 3 179 11 10 65 22 6 6 5 19 8 4 0 1 8 141 6 842 631 982 113 17 59 32 9 18 259 173 39 10 20 36 205 41 3 17 8 25 18 5 32 4 8 15 17 29 73 0 0 0 0 1 0 0 1 0 1 0 1 0 0 0 0 1 0 2 0 19 27 0 9 0 0 0 2 1 1 0 0 1 0 0 0 0 0 0 1 2 0 0 1 2 1 1 6 0 3 1 2 3 1 0 0 0 0 2 0 1 0 1 0 3 1 0 0 54 5 0 0 0 3 2 0 4 2 2 0 0 9 20 3 1 0 0 0
7704 3419 18863 8357 53 2544 554 9392 51 4713 83 29097 0 1 2 0 0 1 1 0 95 30 2 3 16 3 2 0 295 91 19 20 28 6 0 0 2 7 0 2 237 6 9 0 1 0 4 9 15 4 109 111 440 728 128 78 9 2 0 0 3 6 1 0 1 1 85 6 6 37 15 14 5 3 9 4 10 0 8 6 108 11 668 446 557 59 12 50 16 3 10 211 130 21 7 10 59 223 18 3 19 8 226 15 7 60 13 13 124 34 60 71 0 0 0 0 1 0 0 0 0 0 0 1 0 1 0 0 0 0 1 0 14 33 0 11 0 0 1 0 0 0 0 0 1 0 0 0 0 0 0 0 0 0 0 0 2 1 1 2 4 3 1 9 6 0 0 1 0 1 1 0 2 0 1 0 0 0 1 0 37 1 0 0 0 13 2 1 4 0 2 0 0 6 30 8 0 0 0 0
3548 20297 8357 12798 5850 11687 148 97 10 36 79 5744 0 6 13 0 7 0 1 1 199 102 11 8 9 1 1 3 452 1811 1414 515 515 28 1 1 18 17 1 10 276 6 11 0 0 1 5 8 13 1 44 41 148 285 45 59 24 6 0 1 1 7 7 4 2 1 139 3 56 18 9 20 16 9 12 4 5 0 5 5 42 0 270 219 480 63 10 19 11 3 5 86 45 10 8 42 44 91 35 1 20 23 43 41 13 99 9 14 24 30 69 108 0 0 0 0 0 0 0 1 1 2 0 0 1 0 0 0 0 0 3 2 36 89 0 30 1 0 5 2 0 0 0 0 5 0 0 0 0 3 0 1 0 0 0 1 0 0 0 0 2 8 3 23 14 2 1 2 0 0 4 0 0 0 0 1 0 1 6 0 86 8 0 0 0 15 1 0 4 1 0 0 0 17 30 7 4 0 0 0
697 896 53 5850 11421 6099 194 79 22 24 95 2558 1 179 196 20 87 21 8 21 489 368 46 36 43 7 24 44 3222 5769 7459 2777 1883 601 28 16 276 302 25 16 508 25 67 2 3 14 56 68 25 7 128 98 576 1395 118 158 1313 202 10 10 21 116 100 24 69 2 636 45 507 47 54 98 132 10 258 65 7 1 19 12 109 12 756 672 1208 211 37 59 42 2 33 191 102 32 48 711 62 347 107 162 19 12 10 31 5 41 3 7 9 14 30 84 2 7 12 3 2 3 3 17 4 25 4 3 1 0 0 2 0 7 0 1 15 65 1 26 0 0 9 9 12 2 16 2 4 3 1 4 1 22 5 2 2 1 0 5 2 0 3 4 1 5 0 10 16 1 0 5 3 0 4 0 2 1 5 10 1 1 23 5 69 18 3 0 8 16 2 0 4 3 2 6 2 14 26 3 5 0 0 0
3586 7024 2544 11687 6099 21737 209 148 35 60 133 13960 0 36 49 2 32 7 3 8 476 241 29 9 23 4 13 6 735 2208 1298 4911 2489 307 3 2 83 137 13 11 382 13 25 1 1 5 4 21 7 4 59 48 231 482 59 100 75 99 1 1 6 41 40 3 16 1 224 10 185 25 20 124 93 18 50 20 10 0 20 5 61 3 384 325 837 133 16 32 17 2 15 144 62 24 26 823 197 156 54 8 68 70 86 105 33 255 25 45 55 71 215 370 1 3 3 4 0 2 4 15 3 10 1 8 4 0 2 2 0 4 23 2 82 214 1 83 0 0 12 5 13 3 6 2 8 1 3 1 4 8 0 1 2 0 0 3 0 1 0 3 8 14 4 34 30 0 6 2 1 0 9 2 3 2 1 1 0 1 10 2 229 19 5 0 5 34 1 0 4 2 7 1 1 47 105 19 6 1 0 0
7180 429 554 148 194 209 10199 10149 487 2446 839 967 0 7 2 0 3 0 1 0 16 7 4 3 8 0 0 1 2278 722 39 24 41 4 0 0 3 1 0 1 29 0 2 0 2 0 1 0 3 2 20 20 1097 664 190 10 2 1 0 0 0 0 2 0 0 2 18 3 10 3 3 81 2 3 4 1 80 2 54 2 12 3 275 100 79 5 5 6 3 1 0 19 19 2 1 7 711 5787 4 0 17 6 8 13 2 30 10 19 40 18 28 33 0 0 0 0 0 1 0 0 0 0 0 0 0 0 0 1 0 0 1 0 9 14 0 3 0 1 1 1 1 0 0 0 0 0 0 0 0 0 0 0 0 1 0 0 1 2 0 1 3 1 4 2 7 0 0 0 0 0 1 0 0 0 0 0 0 0 0 0 17 2 2 0 0 4 0 0 2 0 1 0 0 2 17 11 0 0 0 0
9656 302 9392 97 79 148 10149 17304 2780 16563 2607 5001 0 2 2 0 0 0 0 0 29 15 3 3 5 1 3 0 484 255 23 12 38 4 0 0 1 0 0 1 171 2 3 1 0 0 2 3 7 2 86 88 898 978 154 61 9 2 0 0 1 3 0 1 1 1 28 9 0 36 10 53 1 6 16 2 134 0 188 6 87 5 754 389 305 24 8 25 13 2 4 137 115 15 8 7 386 1969 14 5 61 14 21 32 11 101 40 53 271 66 91 116 0 0 0 0 0 0 0 0 0 1 0 1 0 0 0 0 0 0 2 0 13 19 0 10 1 0 2 0 0 0 0 0 1 0 0 0 0 1 0 1 1 0 0 0 2 1 2 4 3 8 3 13 3 0 0 0 0 0 4 1 0 0 0 0 2 0 0 0 34 2 1 1 1 10 3 0 3 0 1 0 0 1 36 26 4 0 0 0
106 16 51 10 22 35 487 2780 1426 3256 688 572 1 1 0 0 0 0 2 0 29 22 4 0 1 0 0 0 25 23 1 6 131 11 0 0 1 1 0 0 20 1 5 4 58 1 1 0 0 58 8 22 372 48 61 3 0 0 0 0 1 1 0 0 0 23 14 0 0 3 3 635 26 75 1 1 814 14 217 16 12 51 25 23 31 9 0 41 19 25 18 7 5 2 5 6 3347 2140 5 0 44 11 10 16 5 59 28 40 37 41 77 66 2 0 0 0 1 2 2 0 5 4 2 3 2 0 0 0 0 0 1 0 10 23 0 12 1 0 3 2 0 1 0 0 2 2 2 0 2 2 0 1 1 0 0 0 0 0 0 3 5 4 5 6 5 0 1 0 0 1 3 0 0 0 1 1 1 0 9 2 27 3 2 0 2 10 0 0 0 0 3 3 2 4 40 17 0 0 0 0
798 74 4713 36 24 60 2446 16563 3256 25170 11398 25977 0 0 1 0 0 0 0 0 5 5 0 0 2 0 0 1 36 50 8 2 79 3 0 0 0 0 0 0 33 1 2 2 2 1 0 0 1 1 9 18 398 142 58 4 1 1 0 0 0 0 1 0 0 1 6 5 5 9 4 131 18 11 5 0 858 2 1156 0 13 1 107 62 55 4 0 5 1 2 0 28 11 2 1 2 2419 1511 2 1 259 66 115 138 27 428 143 210 496 274 485 579 0 0 0 1 0 1 0 0 1 0 0 5 3 1 0 0 0 0 16 1 71 131 0 29 0 0 1 1 0 0 0 2 8 0 0 0 0 3 0 0 0 1 0 0 0 0 0 4 22 26 27 45 14 1 0 1 1 1 15 5 2 0 0 0 1 0 0 0 202 2 3 0 0 34 0 0 0 0 9 1 0 21 254 89 8 0 0 0
111 40 83 79 95 133 839 2607 688 11398 5253 5737 0 0 0 1 1 0 1 0 33 19 2 0 1 0 0 0 34 52 16 22 256 17 0 0 3 9 1 1 17 0 1 1 0 0 0 1 0 0 3 3 183 85 24 7 1 1 0 0 0 1 1 0 1 0 17 1 10 2 2 329 40 19 1 1 330 1 298 0 7 0 46 32 47 5 2 2 2 0 2 10 6 3 0 10 1800 634 5 1 144 91 82 167 42 381 79 108 151 224 374 547 0 0 1 0 1 3 3 2 0 1 0 11 4 2 1 0 0 0 26 2 112 203 0 48 0 0 2 1 0 1 0 4 12 0 0 0 0 2 0 0 0 2 0 0 1 0 0 0 5 19 13 41 28 0 3 1 1 0 19 0 5 1 0 0 0 0 2 0 281 9 3 1 1 43 0 0 0 1 14 0 0 37 210 53 10 1 0 0
2398 4393 29097 5744 2558 13960 967 5001 572 25977 5737 46967 0 18 28 4 16 10 3 6 693 531 39 14 51 7 6 7 488 1249 559 867 2701 294 2 0 31 93 6 11 459 12 20 2 3 10 6 21 13 3 65 55 376 516 68 111 33 62 3 0 3 31 19 3 7 3 350 8 102 31 19 1305 265 80 40 16 360 12 632 3 61 8 444 328 1012 141 26 32 16 2 8 128 62 13 12 539 2218 785 101 5 386 332 991 680 204 1527 155 237 844 582 1283 2156 3 5 2 5 6 3 11 11 11 4 4 40 19 2 4 0 0 2 127 11 487 1065 1 369 2 1 28 22 6 5 4 7 53 1 4 1 5 12 1 0 0 3 0 2 1 7 1 1 40 84 41 206 185 3 12 4 0 1 57 19 38 6 1 8 0 1 7 1 1362 90 9 3 0 224 2 0 0 13 34 1 1 191 712 110 62 5 0 1
0 0 0 0 1 0 0 0 1 0 0 0 4705 0 5 30 43 721 5317 25 1 1 3 8 0 0 4 13 1 0 1 1 18 1 1 0 5 223 16 0 7 4 14 4214 2285 3143 0 1 3 18 0 2 0 1 0 0 0 0 0 0 17 5 3 10 8 210 2 1 28 2 2 33 263 1003 1 4 139 245 289 1 1 5 1 1 1 0 0 9 20 60 129 4 0 2 6 1 20 2 1 1 1 4 0 0 4 1 0 1 0 0 0 1 10 63 337 13 3 251 15 733 46 1144 23 0 1 1 0 15 0 48 1 1 2 2 1 5 2 2 19 28 188 5 180 3 3 6 22 96 64 1001 5 1 2 1 0 3 0 0 0 0 0 2 2 0 3 0 100 69 5 144 0 0 6 3 3 92 1 1 44 2 1 7 249 1 6 7 2 2 5 0 2 5 2 9 4 1 0 0 0 0
6 3 1 6 179 36 7 2 1 0 0 18 0 12673 6057 1547 2741 258 34 125 99 69 372 312 21 9 1369 1598 858 215 181 60 87 649 3398 3883 3198 323 374 115 725 22 160 2 8 36 1696 21 15 0 5 6 106 356 22 7 251 795 487 529 51 79 319 399 532 0 280 598 1013 19 6 7 19 3 1560 16 0 0 2 0 5 0 50 82 72 31 73 3 18 1 34 31 12 12 59 496 0 36 27 118 0 1 0 0 1 0 0 0 0 0 0 0 18 9 19 10 1 19 9 40 26 85 12 3 1 1 3 3 2 12 3 0 1 1 1 7 6 0 7 21 19 14 12 1 1 2 4 4 14 75 6 1 1 0 0 0 0 0 0 0 0 1 0 3 3 3 13 13 3 1 1 1 2 6 2 9 1 0 9 0 1 10 8 1 0 6 0 0 0 0 0 3 3 2 2 0 2 0 0 0
7 1 2 13 196 49 2 2 0 1 0 28 5 6057 20930 11018 2329 1232 100 1792 143 94 509 278 26 26 1285 3661 514 181 151 51 66 232 1208 196 1032 136 960 212 1167 67 228 4 11 70 482 48 58 5 15 3 88 225 11 8 157 442 76 103 84 115 295 262 1047 3 132 297 2336 31 20 4 14 14 953 83 1 0 3 0 14 1 52 42 77 22 46 11 36 6 64 123 18 40 123 467 2 33 18 82 1 1 0 0 4 0 0 2 0 1 0 1 123 57 42 81 17 60 87 116 198 272 80 8 22 10 14 12 10 44 14 4 2 4 3 14 55 18 60 125 71 127 76 2 13 8 14 20 79 185 33 5 6 0 0 6 0 1 0 0 2 8 1 4 1 21 24 37 7 5 17 20 12 18 9 35 1 1 28 3 8 37 37 13 8 59 3 1 2 9 2 6 4 3 2 2 9 3 0 9
2 1 0 0 20 2 0 0 0 0 1 4 30 1547 11018 12118 662 4316 1791 1603 15 23 210 258 8 11 776 3844 50 13 15 5 52 31 202 20 177 134 1542 104 605 93 196 10 14 186 44 102 62 3 9 2 1 19 5 0 15 38 6 9 184 147 115 102 715 5 22 29 2604 31 58 6 22 12 74 278 2 1 2 0 16 1 7 12 8 5 9 16 65 8 68 149 16 43 113 35 0 0 10 8 0 0 0 2 3 2 0 0 0 0 1 3 249 270 246 102 11 487 25 652 163 1485 67 5 5 6 2 27 11 298 4 0 5 7 4 13 54 11 24 83 366 30 181 1 3 14 25 103 157 350 5 4 3 0 0 8 0 2 0 2 0 3 0 5 6 10 28 58 10 24 5 4 9 8 7 54 2 2 37 5 1 11 38 3 11 17 1 0 4 3 0 11 9 7 1 0 4 1 0 0
4 0 0 7 87 32 3 0 0 0 1 16 43 2741 2329 662 1697 949 1800 1790 107 148 186 125 39 27 111 51 86 42 41 30 47 73 197 337 1385 231 54 136 374 19 81 65 62 244 271 17 31 6 2 3 13 34 2 4 36 138 32 44 70 29 31 31 21 9 41 77 136 10 6 7 21 166 280 36 7 24 7 0 4 2 21 27 54 17 33 8 15 13 74 38 3 18 51 183 0 11 26 12 1 6 0 2 6 4 2 5 0 0 5 7 605 130 18 309 96 131 329 76 905 625 292 71 93 45 61 56 61 200 39 7 8 33 32 77 204 72 328 543 63 546 90 8 53 61 15 7 388 77 226 6 1 1 2 1 0 2 4 1 14 27 1 19 13 117 19 104 18 13 75 88 41 103 10 52 6 3 14 2 31 182 199 40 3 360 8 5 1 30 13 9 9 12 22 4 61 14 1 26
2 0 1 0 21 7 0 0 0 0 0 10 721 258 1232 4316 949 10872 3753 1306 11 27 164 792 12 5 856 1020 36 9 5 8 175 32 119 4 92 680 7131 89 646 183 596 203 120 3466 37 325 37 8 5 1 8 30 8 3 19 22 9 2 1892 287 248 645 510 106 39 31 2464 69 209 41 369 142 51 1040 8 8 28 0 66 0 4 11 14 6 15 48 258 28 629 100 16 42 192 42 2 3 13 7 8 21 1 3 32 23 0 0 0 0 3 11 264 996 1709 180 41 1520 84 2793 271 5162 115 6 8 7 3 141 17 921 20 9 39 27 10 95 101 27 114 224 1998 48 1274 2 25 38 154 786 412 2236 27 21 18 1 1 41 0 3 1 1 0 5 0 10 25 19 226 470 50 178 5 12 57 21 20 321 7 6 149 29 19 42 282 21 46 31 2 6 12 4 1 33 24 51 16 4 5 1 0 7
0 0 1 1 8 3 1 0 2 0 1 3 5317 34 100 1791 1800 3753 55243 7232 15 32 71 124 25 14 164 97 6 3 1 0 149 5 55 2 30 3752 55 86 148 36 141 6516 1448 2503 31 27 26 63 8 5 3 6 2 2 3 3 0 2 109 41 44 73 21 120 12 8 82 16 20 32 623 2826 7 72 15 121 25 4 6 31 4 7 14 7 13 44 102 166 521 68 8 25 105 10 1 0 8 0 2 12 0 1 9 8 1 6 0 2 3 8 1659 1247 1148 902 121 3048 699 2542 2258 10462 1099 43 94 38 73 168 92 1576 34 10 16 48 25 123 631 116 388 877 1094 625 451 8 49 85 81 464 1407 919 154 18 18 2 4 21 2 3 2 3 5 27 1 15 22 98 83 293 53 134 52 66 38 76 15 144 8 4 147 30 32 155 1506 29 32 344 9 3 18 42 6 28 40 17 34 4 35 4 3 22
2 2 0 1 21 8 0 0 0 0 0 6 25 125 1792 1603 1790 1306 7232 4140 32 42 81 84 21 21 96 22 19 8 9 6 11 7 129 10 86 82 41 105 164 16 110 48 25 186 64 15 20 6 2 1 2 7 2 1 5 22 4 6 59 16 15 14 16 3 13 13 100 12 6 1 12 60 57 44 1 6 1 0 4 2 5 3 12 6 14 14 22 9 69 75 9 25 29 33 0 1 4 5 1 2 0 2 0 5 0 3 0 0 0 2 418 103 29 179 31 98 167 51 454 537 175 20 35 19 30 40 30 173 17 4 3 8 6 19 119 38 86 184 44 214 62 3 11 22 6 8 191 58 61 4 1 2 0 4 0 0 0 2 1 6 3 2 3 52 10 54 4 8 17 27 14 18 7 32 0 0 9 2 11 55 101 11 2 130 2 3 1 18 6 4 5 7 11 3 18 4 3 11
118 173 95 199 489 476 16 29 29 5 33 693 1 99 143 15 107 11 15 32 12732 10643 3814 201 448 257 34 5 130 180 182 257 873 711 35 4 255 359 10 412 1428 51 201 18 3 15 128 12 41 0 18 7 38 57 19 1731 32 196 11 11 22 58 88 21 17 0 52 81 70 34 5 243 259 62 173 8 37 0 69 0 11 1 254 47 3294 287 212 8 26 12 36 105 26 37 117 258 89 39 374 28 6 4 5 7 4 15 0 5 2 3 10 38 22 5 2 34 13 11 49 5 53 29 21 17 7 5 4 1 0 7 9 0 13 127 8 79 7 5 96 91 1 31 6 0 15 4 2 0 31 8 16 1 0 0 0 0 0 0 1 1 1 4 0 5 15 12 0 6 0 0 8 11 19 21 3 4 0 1 7 1 98 88 17 8 0 37 0 2 1 2 1 5 2 18 16 4 7 1 0 1
44 66 30 102 368 241 7 15 22 5 19 531 1 69 94 23 148 27 32 42 10643 31287 5613 625 7296 1845 144 29 117 125 107 284 1070 1081 56 8 349 540 8 2368 862 139 967 44 4 32 446 32 111 4 29 21 85 204 16 223 66 284 17 26 61 186 311 81 13 2 371 315 162 111 13 286 435 70 234 54 50 0 106 1 14 6 369 317 7825 1359 1269 11 99 27 164 205 44 172 561 283 94 25 2597 30 5 1 1 2 4 7 0 7 4 4 13 27 24 6 5 37 17 16 102 10 94 46 54 17 20 3 9 3 3 14 10 4 7 98 4 76 28 6 139 180 10 70 10 1 16 8 4 0 63 21 25 5 6 0 0 3 0 2 0 0 2 7 0 8 13 9 6 13 3 1 11 12 10 22 3 12 1 0 23 2 89 91 30 9 7 45 3 1 8 4 1 13 4 8 10 2 14 2 0 2
9 4 2 11 46 29 4 3 4 0 2 39 3 372 509 210 186 164 71 81 3814 5613 15804 10141 932 4949 508 69 51 20 15 34 218 497 203 22 663 438 38 5796 7536 1738 778 18 7 55 294 27 196 3 14 5 25 126 18 63 28 83 11 30 75 63 62 57 23 2 199 62 95 46 11 32 94 7 80 36 11 0 17 2 14 3 86 89 629 155 289 15 65 17 83 211 38 78 218 43 11 5 225 8 0 1 1 1 1 2 1 0 0 1 0 3 20 3 13 7 7 9 21 17 23 37 9 3 7 1 3 2 1 2 3 0 2 11 0 12 6 2 26 30 15 12 19 0 2 1 4 6 18 32 6 2 2 0 0 3 0 0 0 0 0 1 0 0 5 3 6 10 2 2 2 2 3 2 3 18 2 2 16 6 11 13 13 2 4 12 0 0 5 0 0 9 2 0 1 0 0 0 0 1
4 6 3 8 36 9 3 3 0 0 0 14 8 312 278 258 125 792 124 84 201 625 10141 13684 617 2406 4267 496 151 13 20 11 46 83 1179 13 110 95 197 9022 2674 4658 2866 15 70 906 1164 47 273 7 13 8 28 274 22 15 115 47 42 11 1064 66 148 552 144 45 435 202 411 40 20 4 21 8 156 125 4 5 4 0 19 1 69 141 188 153 508 19 99 32 525 290 30 77 182 35 6 3 228 28 0 0 0 0 2 0 0 0 0 0 0 0 2 7 72 6 5 11 15 91 9 62 5 2 0 1 0 8 0 9 4 0 2 5 2 6 2 0 4 13 41 1 62 0 0 6 37 17 12 410 2 3 7 1 0 3 0 1 0 5 0 0 0 3 2 1 49 45 3 44 2 0 4 1 9 71 3 3 66 5 1 3 9 3 6 2 3 4 9 0 1 9 3 2 3 0 0 0 0 0
22 13 16 9 43 23 8 5 1 2 1 51 0 21 26 8 39 12 25 21 448 7296 932 617 10294 931 168 10 316 26 43 15 119 102 54 0 99 141 5 1830 308 49 413 13 0 19 1215 13 18 0 21 14 115 800 19 53 324 33 10 3 31 98 178 79 9 2 1752 1408 64 54 2 30 68 8 475 25 7 1 17 2 22 2 357 836 1567 1624 4260 13 41 6 65 69 24 60 233 25 14 5 2481 200 0 0 1 3 0 0 0 0 0 0 1 2 6 1 1 6 4 14 18 4 19 24 17 0 0 1 1 1 1 5 0 0 1 11 1 6 5 2 25 32 3 12 3 0 1 0 1 0 12 13 1 1 1 0 0 1 0 1 1 0 0 0 0 0 4 1 2 2 1 0 1 0 0 3 0 3 1 2 8 1 6 9 11 2 0 6 0 1 3 1 0 0 4 2 3 0 6 0 0 1
0 1 3 1 7 4 0 1 0 0 0 7 0 9 26 11 27 5 14 21 257 1845 4949 2406 931 4418 300 2 17 6 2 3 17 16 86 0 15 28 0 8409 344 28 75 4 0 6 126 4 7 0 3 2 20 106 2 15 11 6 0 0 1 15 8 3 0 0 160 12 5 8 2 2 12 1 7 2 0 0 3 0 1 1 33 87 218 89 139 3 6 1 9 14 2 8 31 4 1 0 128 1 0 0 0 0 0 0 0 0 0 0 0 0 1 0 0 4 1 10 6 2 7 10 7 0 0 0 0 1 0 2 0 0 0 1 0 1 3 0 3 5 0 2 1 0 0 0 0 0 2 1 0 0 0 0 0 0 0 0 0 0 0 0 0 0 1 1 0 0 0 0 0 1 0 0 0 1 0 0 2 0 1 1 1 0 1 1 0 0 0 0 0 1 0 0 0 0 0 0 0 0
0 2 2 1 24 13 0 3 0 0 0 6 4 1369 1285 776 111 856 164 96 34 144 508 4267 168 300 20228 6753 211 26 41 5 25 145 4435 29 222 30 307 3118 619 164 631 9 9 211 869 9 32 3 5 1 33 177 6 8 102 120 76 51 172 53 269 1688 330 10 284 299 240 18 2 1 6 6 265 17 1 1 4 0 1 0 39 58 70 77 212 6 15 1 65 40 14 14 104 52 0 11 93 33 1 1 0 0 1 1 0 0 0 0 1 0 2 19 86 6 3 39 7 244 5 219 1 0 0 0 0 7 1 14 2 0 1 2 0 5 1 0 8 10 101 4 70 0 0 2 7 16 9 311 3 0 0 0 0 3 0 0 0 0 0 1 0 2 3 0 30 27 3 32 2 0 5 1 0 41 0 0 19 1 1 3 18 0 0 3 0 0 0 0 0 1 1 2 0 0 0 0 0 0
1 3 0 3 44 6 1 0 0 1 0 7 13 1598 3661 3844 51 1020 97 22 5 29 69 496 10 2 6753 12471 302 61 69 11 17 102 862 32 166 27 2567 88 176 25 233 12 28 322 180 13 2 2 5 1 43 110 8 3 113 133 42 50 129 74 379 2917 2050 20 120 205 1018 23 4 2 10 16 331 22 4 7 1 0 3 0 28 34 29 8 28 2 8 5 66 7 4 6 52 125 1 15 24 55 4 6 1 2 11 5 0 1 0 0 2 8 5 127 447 31 11 185 7 1270 10 796 10 1 1 0 0 41 0 76 15 5 12 2 4 19 6 7 12 44 649 1 620 1 5 9 28 134 33 1737 4 0 1 0 0 6 0 0 0 2 1 3 0 9 11 6 154 228 7 60 0 4 16 8 4 212 1 1 40 1 2 6 30 4 1 7 1 2 4 1 0 4 2 25 0 0 1 0 0 0
13450 578 295 452 3222 735 2278 484 25 36 34 488 1 858 514 50 86 36 6 19 130 117 51 151 316 17 211 302 40680 13961 3087 247 362 147 224 74 243 78 131 151 182 38 420 6 18 34 777 69 32 3 45 42 2848 10760 346 50 3145 257 53 20 77 518 1153 294 340 4 5006 884 1370 146 50 101 46 24 3400 109 55 0 26 1 41 2 754 581 289 135 1320 21 58 13 130 93 48 109 466 1303 96 6967 188 1169 31 56 23 85 33 137 4 18 17 32 97 186 3 3 12 4 6 7 8 11 12 13 3 12 6 3 1 3 0 3 26 3 76 308 4 151 0 0 52 40 18 4 12 3 9 5 18 5 4 96 2 4 3 2 0 6 1 0 1 2 8 9 2 30 72 3 25 19 2 5 13 9 32 9 7 38 3 2 49 2 330 53 9 5 11 88 2 0 4 6 9 8 0 63 46 5 15 1 0 0
7027 1477 91 1811 5769 2208 722 255 23 50 52 1249 0 215 181 13 42 9 3 8 180 125 20 13 26 6 26 61 13961 14039 3774 358 387 111 30 14 112 61 28 12 322 14 41 1 3 5 71 31 14 4 129 100 1084 2629 167 105 2220 48 9 4 12 98 127 38 80 3 659 42 452 49 24 32 29 4 578 36 9 0 5 16 104 5 1017 765 700 78 59 38 24 5 14 196 117 28 43 974 56 796 55 228 14 25 12 32 7 59 4 13 13 18 41 83 0 2 5 2 3 1 0 5 1 7 2 1 1 0 0 1 0 0 3 1 21 70 1 24 0 2 5 3 5 2 3 1 6 1 7 3 2 13 0 1 1 0 0 1 1 0 3 3 3 5 3 10 17 0 4 9 3 1 10 1 5 1 5 5 1 2 13 3 88 16 0 0 3 19 1 2 5 1 4 1 2 15 23 8 5 0 0 2
157 344 19 1414 7459 1298 39 23 1 8 16 559 1 181 151 15 41 5 1 9 182 107 15 20 43 2 41 69 3087 3774 6648 270 339 155 36 20 124 69 16 8 351 16 47 1 1 8 96 23 26 2 90 74 389 1296 84 91 4000 104 20 6 13 79 129 49 67 1 1572 109 370 35 25 14 21 3 1567 16 1 0 2 5 68 6 599 570 798 160 233 40 17 4 24 147 105 25 46 2294 11 135 191 3370 4 1 2 3 4 16 0 2 2 4 9 18 1 3 1 1 0 1 0 10 0 7 1 3 1 0 1 1 0 2 1 1 7 15 0 5 0 0 4 5 5 1 4 1 2 0 0 1 3 17 0 0 5 0 0 1 0 0 1 3 0 1 0 4 5 0 5 2 1 0 1 0 2 0 2 5 2 1 9 4 26 7 1 0 1 2 0 0 4 0 0 3 0 3 5 2 1 0 0 0
87 36 20 515 2777 4911 24 12 6 2 22 867 1 60 51 5 30 8 0 6 257 284 34 11 15 3 5 11 247 358 270 14495 5670 1339 11 14 99 144 4 13 195 4 23 0 0 4 49 14 6 0 10 17 70 174 22 32 37 5055 49 39 5 19 31 8 19 0 105 96 135 6 9 209 191 15 1207 18 5 0 35 2 11 1 98 84 261 52 12 6 7 0 5 28 11 8 15 10570 55 49 35 15 13 11 15 30 9 50 2 4 8 16 57 86 1 2 2 1 1 4 1 4 5 6 0 7 3 0 0 0 0 0 10 0 21 113 2 60 0 0 16 11 6 0 1 1 16 0 0 0 2 11 1 1 1 0 0 0 0 4 1 2 2 5 1 12 14 1 1 0 1 0 6 2 6 5 2 2 0 0 3 0 124 38 4 2 2 30 0 1 1 0 8 1 0 20 26 10 4 1 0 0
120 83 28 515 1883 2489 41 38 131 79 256 2701 18 87 66 52 47 175 149 11 873 1070 218 46 119 17 25 17 362 387 339 5670 13252 3410 31 25 259 2669 11 61 488 13 53 39 27 117 157 12 9 5 33 19 162 369 27 60 48 1097 113 29 35 22 41 20 17 8 278 205 123 19 11 3519 3167 394 956 23 309 57 571 3 40 2 258 234 767 212 82 17 17 12 42 77 36 10 26 4597 770 199 203 21 78 123 75 205 68 308 20 49 64 127 243 608 74 25 18 57 101 21 87 33 161 106 47 120 103 23 25 12 4 29 122 21 209 1389 87 851 30 10 629 436 24 106 25 20 133 16 5 10 116 53 120 3 2 9 1 2 6 22 2 4 54 98 10 165 219 83 14 22 7 7 163 77 287 227 4 27 6 0 10 1 1253 989 130 114 5 489 0 1 1 36 69 4 6 163 172 45 126 20 5 11
17 13 6 28 601 307 4 4 11 3 17 294 1 649 232 31 73 32 5 7 711 1081 497 83 102 16 145 102 147 111 155 1339 3410 6616 292 463 2250 262 27 63 500 12 81 4 2 10 1815 12 8 0 18 15 48 151 20 32 95 5367 2952 4126 15 32 111 155 80 0 167 2332 217 8 3 142 236 41 3644 10 23 2 36 1 17 2 110 128 389 120 108 7 7 0 14 34 13 10 52 3158 24 22 136 55 7 16 11 18 9 37 2 6 2 1 21 67 5 2 2 5 30 5 12 15 22 17 5 43 31 4 6 3 1 9 23 3 30 398 28 317 6 6 240 140 6 24 12 2 43 2 2 1 25 24 23 1 0 3 1 0 2 5 0 0 16 22 3 22 61 41 4 16 2 0 40 21 104 73 0 8 4 1 6 0 338 315 35 41 1 113 1 0 0 10 25 1 2 40 19 6 33 2 1 2
1 0 0 1 28 3 0 0 0 0 0 2 1 3398 1208 202 197 119 55 129 35 56 203 1179 54 86 4435 862 224 30 36 11 31 292 3199 1761 595 72 58 510 291 54 373 0 2 38 2760 7 10 1 7 2 34 152 5 5 83 207 260 290 44 31 201 558 87 4 198 274 161 13 1 1 6 1 323 6 0 0 0 0 4 0 32 39 42 34 92 1 6 3 23 12 4 9 84 64 0 5 38 30 0 0 0 0 0 0 0 1 0 0 1 0 3 2 12 6 1 27 6 42 10 61 9 0 0 0 0 1 1 7 0 0 0 2 0 1 0 0 2 2 9 2 11 0 0 1 2 1 6 43 0 0 1 0 0 1 0 0 0 0 0 0 0 0 2 0 5 6 1 2 0 0 0 0 1 8 0 1 8 1 1 3 5 0 1 0 0 1 1 0 0 0 0 1 0 0 0 0 0 0
0 0 0 1 16 2 0 0 0 0 0 0 0 3883 196 20 337 4 2 10 4 8 22 13 0 0 29 32 74 14 20 14 25 463 1761 2404 1425 59 9 10 24 0 9 0 0 1 1547 0 0 0 0 0 13 31 0 2 24 192 853 1297 1 5 18 23 13 0 25 145 28 4 1 1 5 0 228 1 0 0 0 0 0 0 3 9 4 1 13 0 0 0 2 2 1 0 4 48 0 6 1 10 0 0 0 0 0 0 0 0 0 0 0 0 0 0 1 0 0 2 0 2 4 2 0 1 1 0 0 1 0 0 0 0 1 0 0 0 0 0 0 1 1 0 0 0 0 0 0 0 0 2 0 0 0 0 0 0 0 0 0 0 0 0 0 0 0 0 0 0 0 0 0 0 0 0 0 0 0 0 0 0 2 0 0 0 0 0 0 0 0 2 0 0 0 0 0 0 0 0 0 0
7 2 2 18 276 83 3 1 1 0 3 31 5 3198 1032 177 1385 92 30 86 255 349 663 110 99 15 222 166 243 112 124 99 259 2250 595 1425 4720 1015 83 173 722 20 112 5 5 35 2294 8 6 3 4 2 37 108 6 8 77 829 1633 1616 31 38 142 180 127 2 104 767 336 13 10 15 71 25 1136 20 4 1 9 0 7 0 39 41 120 39 192 5 6 1 35 18 6 6 46 655 7 19 40 41 3 9 1 3 7 7 1 3 1 0 6 13 104 24 13 95 75 29 190 40 307 103 96 51 46 9 23 16 17 42 52 9 7 96 43 126 62 21 319 391 26 253 37 2 29 16 1 6 155 63 147 3 1 2 1 2 1 2 0 0 6 21 0 13 9 91 9 30 5 3 48 50 80 111 4 30 2 3 7 2 43 185 53 81 1 135 0 0 1 33 7 2 7 13 12 2 44 9 2 12
11 3 7 17 302 137 1 0 1 0 9 93 223 323 136 134 231 680 3752 82 359 540 438 95 141 28 30 27 78 61 69 144 2669 262 72 59 1015 9345 30 128 519 15 104 1485 297 667 386 18 15 33 6 15 30 93 6 26 43 273 133 35 90 44 46 32 19 32 150 170 80 19 15 139 1634 937 396 51 46 105 85 3 15 9 64 69 241 98 118 18 48 42 285 33 10 15 63 614 21 10 113 12 17 33 7 14 22 18 1 10 1 5 23 44 491 128 78 409 364 230 766 197 1356 870 514 173 217 48 84 68 77 168 135 12 31 408 128 537 232 78 1514 1817 118 852 123 14 128 61 15 33 860 165 450 15 3 6 2 5 3 13 3 0 40 76 3 45 50 269 50 136 24 22 216 197 295 386 8 113 4 0 74 8 265 891 464 217 12 630 4 0 4 88 47 9 15 46 35 10 169 25 8 43
2 2 0 1 25 13 0 0 0 0 1 6 16 374 960 1542 54 7131 55 41 10 8 38 197 5 0 307 2567 131 28 16 4 11 27 58 9 83 30 8480 9 184 46 162 9 44 1091 24 112 7 6 2 2 16 46 3 4 44 54 12 19 3991 134 82 557 2173 36 41 66 3412 28 69 2 11 8 166 900 2 7 2 0 26 1 9 10 16 6 6 16 98 7 263 30 3 13 47 71 0 5 5 10 2 11 2 2 11 12 0 0 0 0 3 3 14 146 518 32 10 149 19 1110 20 674 18 0 0 0 2 85 4 91 20 12 12 6 3 46 5 0 17 47 863 6 1087 1 13 32 54 192 56 2265 16 9 8 0 0 6 0 0 1 3 0 4 0 9 11 9 330 427 17 63 5 12 39 10 15 446 2 2 63 11 1 11 22 11 21 10 1 6 3 1 1 9 9 38 8 1 1 0 0 1
9 3 2 10 16 11 1 1 0 0 1 11 0 115 212 104 136 89 86 105 412 2368 5796 9022 1830 8409 3118 88 151 12 8 13 61 63 510 10 173 128 9 6452 916 301 663 7 2 31 2935 8 63 1 11 4 50 355 8 33 88 23 17 5 32 33 70 148 19 1 519 103 40 17 2 8 38 4 89 9 2 0 4 0 3 5 103 216 400 299 484 12 28 8 45 49 7 30 123 21 4 2 359 20 1 0 0 0 0 0 0 0 0 0 1 0 19 3 4 9 1 26 14 12 26 86 23 0 1 0 1 4 3 13 1 0 1 4 0 4 13 1 9 21 6 7 4 0 0 2 2 3 19 19 0 2 1 0 0 3 0 0 0 0 1 1 0 1 1 1 1 2 0 0 0 1 2 1 0 5 1 0 6 2 4 1 10 0 2 5 0 0 0 0 0 0 0 2 1 0 0 1 0 0
403 391 237 276 508 382 29 171 20 33 17 459 7 725 1167 605 374 646 148 164 1428 862 7536 2674 308 344 619 176 182 322 351 195 488 500 291 24 722 519 184 916 6539 4708 1588 49 117 527 260 388 2191 49 346 138 67 157 961 1750 97 184 17 33 941 272 266 251 95 44 162 99 834 169 107 120 151 31 252 500 43 7 54 12 220 25 1296 117 1072 285 213 391 887 236 1243 1814 308 237 396 221 75 20 168 44 6 14 5 14 5 16 0 6 1 7 18 39 25 8 49 24 14 14 21 49 42 71 16 9 6 0 5 2 1 16 9 4 12 107 6 89 7 3 54 58 36 30 47 1 11 12 59 12 35 261 5 30 40 4 0 30 7 2 10 15 3 9 1 5 18 14 43 60 20 32 18 8 25 21 40 75 19 18 174 27 101 68 13 16 53 37 13 10 48 7 5 98 19 16 7 4 15 0 0 1
8 6 6 6 25 13 0 2 1 1 0 12 4 22 67 93 19 183 36 16 51 139 1738 4658 49 28 164 25 38 14 16 4 13 12 54 0 20 15 46 301 4708 6877 3390 28 60 202 89 156 2444 25 29 6 10 49 31 17 15 8 1 1 548 117 112 90 23 30 68 22 465 46 19 3 12 2 26 322 6 3 5 0 20 0 18 37 53 21 45 59 311 121 904 711 67 106 233 12 5 3 30 1 0 0 0 0 0 0 0 0 0 0 0 0 1 2 38 5 2 2 1 23 2 15 1 0 0 0 0 1 0 2 1 0 0 1 0 2 0 1 3 1 11 2 9 0 0 5 31 7 3 122 2 5 13 0 0 17 1 1 1 2 0 0 0 0 1 0 21 28 14 14 0 2 3 0 23 43 2 5 92 24 0 1 1 0 9 2 6 5 18 0 0 31 14 1 1 0 0 0 0 0
10 10 9 11 67 25 2 3 5 2 1 20 14 160 228 196 81 596 141 110 201 967 778 2866 413 75 631 233 420 41 47 23 53 81 373 9 112 104 162 663 1588 3390 10045 113 294 812 620 858 3554 161 89 28 117 566 40 37 244 61 31 26 2408 1147 1732 3841 303 125 842 234 2632 512 145 12 57 29 201 1522 35 17 33 7 105 21 181 328 405 330 330 315 2008 617 4160 3440 567 2136 8925 62 17 12 405 40 0 1 0 1 3 1 0 2 0 0 0 1 2 5 89 5 2 14 3 60 13 43 11 1 0 1 5 9 1 3 6 3 1 3 1 9 2 3 8 9 44 2 61 3 4 36 138 29 21 641 6 101 208 1 2 122 3 10 2 23 0 0 0 3 1 1 103 106 73 78 1 3 5 9 171 215 27 53 557 87 4 9 12 3 199 16 25 36 136 0 0 313 111 5 7 0 1 1 0 1
0 0 0 0 2 1 0 1 4 2 1 2 4214 2 4 10 65 203 6516 48 18 44 18 15 13 4 9 12 6 1 1 0 39 4 0 0 5 1485 9 7 49 28 113 9600 4062 1259 1 20 9 406 5 38 4 10 0 1 3 1 0 0 48 49 25 14 11 360 17 1 42 14 16 112 1299 2575 1 27 502 2085 1777 44 22 205 6 10 15 7 4 178 164 486 729 26 3 13 67 0 35 4 6 1 4 6 1 6 10 6 0 3 0 1 0 9 211 93 149 181 85 427 278 402 683 1532 322 59 59 13 29 19 28 146 34 6 6 102 17 101 105 32 498 658 109 246 78 6 33 20 46 40 468 234 110 17 13 2 0 30 2 7 2 10 8 17 1 7 13 59 40 61 20 53 58 39 47 85 31 93 8 8 193 26 51 289 666 54 47 244 1 3 25 25 7 38 14 15 23 3 35 6 1 13
0 4 1 0 3 1 2 0 58 2 0 3 2285 8 11 14 62 120 1448 25 3 4 7 70 0 0 9 28 18 3 1 0 27 2 2 0 5 297 44 2 117 60 294 4062 7704 1798 10 51 39 3233 11 81 17 16 9 2 5 0 0 1 174 107 105 238 174 2194 17 4 573 48 42 158 430 300 6 160 1787 1677 1453 89 87 460 10 6 4 3 4 674 707 2933 2786 53 15 39 148 4 435 39 1 1 1 9 0 0 8 6 0 4 1 0 1 2 2 5 503 2 3 16 11 210 34 79 5 1 2 0 1 22 2 3 20 11 3 5 3 11 4 1 21 40 121 7 185 2 5 78 767 87 60 3237 11 72 90 3 0 96 4 3 7 36 1 6 1 15 5 1 501 242 91 666 6 9 20 5 168 675 20 57 1854 193 3 18 25 10 247 25 16 100 117 0 1 292 84 23 7 1 2 0 0 1
4 0 0 1 14 5 0 0 1 1 0 10 3143 36 70 186 244 3466 2503 186 15 32 55 906 19 6 211 322 34 5 8 4 117 10 38 1 35 667 1091 31 527 202 812 1259 1798 6536 36 59 52 8 4 1 8 39 7 1 23 6 1 5 572 49 132 1216 462 866 42 32 661 9 17 54 491 183 27 124 38 13 124 0 7 2 6 17 18 8 14 22 66 56 1525 75 11 22 87 18 9 0 17 10 9 23 0 1 18 12 0 13 1 0 0 11 22 152 1522 67 28 201 32 1336 69 1062 24 6 10 3 4 126 6 119 60 36 12 15 10 81 11 8 73 107 1156 20 1618 3 23 79 362 501 145 6672 35 20 15 1 4 8 2 2 0 4 3 15 2 16 28 19 747 750 43 615 16 43 112 36 18 1173 5 8 353 14 22 52 135 45 18 73 3 4 12 10 2 25 16 54 42 3 4 1 3 10
7 6 4 5 56 4 1 2 1 0 0 6 0 1696 482 44 271 37 31 64 128 446 294 1164 1215 126 869 180 777 71 96 49 157 1815 2760 1547 2294 386 24 2935 260 89 620 1 10 36 7409 11 29 0 9 22 132 756 23 12 413 921 670 1268 73 73 405 552 79 3 1406 4096 250 33 3 4 36 3 1602 16 1 0 0 1 10 3 141 319 303 386 1337 11 23 5 78 36 17 23 278 212 2 16 434 140 0 0 0 0 0 0 0 0 0 0 1 1 6 4 5 10 0 14 15 7 9 46 15 0 0 0 1 0 1 6 0 0 0 2 0 3 6 0 7 12 8 6 7 0 0 0 3 0 10 39 2 0 1 0 0 0 0 0 0 0 0 0 0 0 0 0 4 7 1 1 1 0 1 1 1 12 1 0 2 0 7 5 3 1 4 4 0 0 3 0 0 4 3 1 0 0 1 0 0 0
18 13 9 8 68 21 0 3 0 0 1 21 1 21 48 102 17 325 27 15 12 32 27 47 13 4 9 13 69 31 23 14 12 12 7 0 8 18 112 8 388 156 858 20 51 59 11 19322 296 124 34 14 15 51 25 14 20 6 1 0 208 12468 842 72 23 20 39 16 3583 1090 7726 3 10 8 24 9175 9 3 5 7 823 90 28 22 21 19 13 1877 6387 235 1503 570 80 601 1375 68 7 6 18 2 2 2 0 0 1 1 0 0 0 0 0 0 2 0 41 0 0 5 6 8 6 9 5 1 11 4 9 14 3 3 10 1 2 0 2 4 1 1 6 9 8 13 20 8 4 221 175 21 14 178 17 432 1049 14 21 789 10 19 9 61 1 3 1 2 0 5 75 364 386 24 7 10 10 8 888 376 120 184 1561 375 5 7 5 2 1050 25 177 168 724 6 1 1608 530 4 17 0 1 0 0 7
22 30 15 13 25 7 3 7 0 1 0 13 3 15 58 62 31 37 26 20 41 111 196 273 18 7 32 2 32 14 26 6 9 8 10 0 6 15 7 63 2191 2444 3554 9 39 52 29 296 5209 37 86 6 10 41 32 11 11 4 2 1 142 163 58 34 13 14 53 9 214 69 46 2 7 5 12 207 6 2 4 1 52 7 34 20 41 26 8 129 711 189 564 5970 288 1069 1466 11 5 1 31 4 0 0 0 0 0 0 0 1 0 1 0 0 1 1 3 2 1 1 2 3 2 1 1 0 0 0 0 0 1 1 2 0 0 2 0 2 0 0 6 1 1 0 0 0 0 7 18 3 1 33 1 8 35 0 2 36 1 0 0 4 0 1 0 0 0 1 12 15 16 7 1 0 0 0 40 16 6 6 108 16 0 2 1 0 40 1 7 6 38 0 0 59 17 0 0 0 0 0 0 0
4 4 4 1 7 4 2 2 58 1 0 3 18 0 5 3 6 8 63 6 0 4 3 7 0 0 3 2 3 4 2 0 5 0 1 0 3 33 6 1 49 25 161 406 3233 8 0 124 37 7297 127 1438 21 9 10 0 6 1 0 0 12 247 112 7 0 1377 4 1 64 118 81 54 58 899 3 93 1505 636 389 1661 332 5454 17 9 3 2 1 2849 977 3260 451 71 25 68 167 3 543 38 2 1 0 0 0 1 1 1 0 1 0 1 1 2 0 1 8 1 0 2 0 3 4 4 2 0 4 1 4 7 2 1 0 0 0 1 0 2 1 1 6 4 3 6 3 7 5 50 85 10 11 99 9 138 264 11 5 195 84 18 87 145 1 1 0 0 1 0 35 136 125 46 2 6 2 0 279 112 61 99 959 166 4 7 6 0 366 5 76 241 507 0 1 730 174 3 2 0 1 1 0 0
197 155 109 44 128 59 20 86 8 9 3 65 0 5 15 9 2 5 8 2 18 29 14 13 21 3 5 5 45 129 90 10 33 18 7 0 4 6 2 11 346 29 89 5 11 4 9 34 86 127 14281 13635 80 38 303 48 20 7 0 0 18 40 21 4 7 60 16 10 43 575 97 12 10 62 31 13 31 14 8 643 3446 339 455 59 97 69 17 454 110 33 39 4540 11862 132 41 16 14 10 33 5 0 1 2 0 0 0 1 0 1 3 1 5 1 0 1 1 3 0 1 1 0 0 1 1 1 0 2 0 0 0 0 0 2 15 0 9 0 0 10 5 0 1 0 3 3 1 1 0 2 5 1 12 11 0 1 3 202 61 192 187 2 1 0 2 2 0 0 1 6 2 1 1 2 3 4 2 45 33 18 2 14 13 9 0 3 2 29 9 120 0 1 25 11 5 2 0 0 0 0 0
230 142 111 41 98 48 20 88 22 18 3 55 2 6 3 2 3 1 5 1 7 21 5 8 14 2 1 1 42 100 74 17 19 15 2 0 2 15 2 4 138 6 28 38 81 1 22 14 6 1438 13635 27915 94 30 320 73 15 12 0 2 2 28 14 6 0 547 12 13 11 240 47 15 17 443 33 5 289 123 63 10710 7775 2227 551 49 110 51 25 1225 83 37 23 1199 4978 50 20 17 118 14 25 4 15 1 4 3 0 2 0 2 0 0 1 1 1 0 5 0 0 1 2 1 3 1 0 2 0 0 0 0 0 0 3 0 2 5 4 11 1 1 15 12 1 0 1 26 4 10 11 2 5 7 1 49 39 10 0 28 2404 737 2736 1437 41 18 0 1 5 1 0 6 1 33 13 0 6 2 3 6 307 215 59 0 11 10 42 3 7 24 274 51 796 1 43 90 51 2 12 6 3 0 0 0
1932 461 440 148 576 231 1097 898 372 398 183 376 0 106 88 1 13 8 3 2 38 85 25 28 115 20 33 43 2848 1084 389 70 162 48 34 13 37 30 16 50 67 10 117 4 17 8 132 15 10 21 80 94 16640 8602 6263 34 256 51 8 2 13 77 194 60 45 4 265 164 182 47 9 222 50 34 421 18 209 0 73 8 47 9 4246 853 726 310 282 17 22 6 36 76 56 38 106 167 529 6153 248 139 14 17 8 16 6 41 7 9 7 7 34 57 1 0 0 4 11 0 5 2 12 4 1 4 0 0 0 0 0 0 5 0 18 93 6 65 2 0 47 38 2 5 5 0 6 0 2 1 8 12 0 0 1 0 0 0 5 1 0 0 0 0 2 7 36 2 6 0 0 3 2 2 18 9 0 4 1 1 4 0 101 40 3 7 0 26 0 0 3 0 1 3 0 16 17 2 3 0 0 0
2629 858 728 285 1395 482 664 978 48 142 85 516 1 356 225 19 34 30 6 7 57 204 126 274 800 106 177 110 10760 2629 1296 174 369 151 152 31 108 93 46 355 157 49 566 10 16 39 756 51 41 9 38 30 8602 16684 228 16 1967 194 49 13 87 403 983 250 173 4 4677 1175 641 151 22 103 104 46 2003 73 51 4 40 3 25 4 1390 5360 371 1104 1669 21 68 18 141 127 54 136 578 491 114 2119 1187 669 16 24 15 37 13 57 5 10 11 21 33 95 8 1 8 9 14 0 16 8 26 10 6 16 7 3 4 2 0 2 13 2 39 230 8 136 0 2 91 73 7 12 10 1 17 2 12 1 16 49 8 0 3 0 0 4 0 1 0 0 0 6 3 14 46 10 15 7 2 3 16 10 41 25 1 34 1 1 24 4 193 113 14 11 11 76 2 3 2 5 1 4 0 44 22 2 13 0 0 0
346 155 128 45 118 59 190 154 61 58 24 68 0 22 11 5 2 8 2 2 19 16 18 22 19 2 6 8 346 167 84 22 27 20 5 0 6 6 3 8 961 31 40 0 9 7 23 25 32 10 303 320 6263 228 20286 291 23 12 1 2 23 22 29 9 12 8 33 13 52 45 10 30 10 8 59 21 23 0 11 26 165 11 7000 74 204 48 30 41 45 15 40 284 195 26 31 16 66 983 36 7 3 1 1 2 0 5 3 4 0 2 6 6 1 0 0 0 2 0 1 2 3 0 0 0 1 0 0 0 0 0 3 0 3 25 5 23 0 1 15 6 1 2 1 0 2 0 2 0 4 3 0 0 1 0 0 0 6 1 3 6 0 0 0 4 2 1 1 1 2 0 3 1 4 2 2 5 3 6 10 0 27 14 2 0 0 10 3 0 8 0 0 2 2 7 2 1 1 0 0 0
163 143 78 59 158 100 10 61 3 4 7 111 0 7 8 0 4 3 2 1 1731 223 63 15 53 15 8 3 50 105 91 32 60 32 5 2 8 26 4 33 1750 17 37 1 2 1 12 14 11 0 48 73 34 16 291 4002 20 25 0 1 8 16 19 14 4 0 20 28 36 22 4 21 22 8 45 4 5 1 7 3 40 6 3811 39 1184 102 40 22 15 1 19 117 66 10 17 43 9 8 61 5 1 0 0 1 2 4 1 2 0 2 1 3 0 1 0 1 1 1 3 0 7 5 2 0 0 1 2 1 1 1 1 0 1 23 0 21 1 0 18 14 1 4 1 0 1 0 0 0 3 2 0 0 0 0 1 0 1 0 1 2 0 1 0 0 1 1 0 1 0 0 1 1 6 2 0 1 2 0 0 1 18 15 3 0 1 6 1 0 2 0 0 1 2 0 1 1 0 0 0 0
23 11 9 24 1313 75 2 9 0 1 1 33 0 251 157 15 36 19 3 5 32 66 28 115 324 11 102 113 3145 2220 4000 37 48 95 83 24 77 43 44 88 97 15 244 3 5 23 413 20 11 6 20 15 256 1967 23 20 10076 203 38 12 45 152 419 210 135 4 8286 1138 508 48 4 8 11 4 3996 40 1 0 1 0 20 1 215 500 173 966 1972 8 22 1 67 31 18 36 209 1420 8 31 3034 2690 0 1 0 0 1 3 0 0 1 0 0 1 0 1 6 1 0 1 1 2 1 4 1 0 0 0 1 0 0 2 0 1 1 7 0 2 0 0 3 6 4 1 4 0 1 0 7 0 3 44 0 0 1 0 0 0 0 0 0 2 0 2 0 1 0 0 8 4 2 0 0 0 0 0 2 14 0 0 20 1 4 2 2 0 1 4 0 0 3 0 0 3 0 0 1 0 0 0 0 0
5 3 2 6 202 99 1 2 0 1 1 62 0 795 442 38 138 22 3 22 196 284 83 47 33 6 120 133 257 48 104 5055 1097 5367 207 192 829 273 54 23 184 8 61 1 0 6 921 6 4 1 7 12 51 194 12 25 203 9134 1209 2689 26 38 146 119 126 1 237 4720 371 10 5 40 116 2 6385 20 0 0 8 2 9 1 92 76 172 69 97 4 2 2 15 15 10 6 46 4871 2 10 91 130 0 2 1 1 1 3 0 0 1 1 1 6 1 0 6 0 1 5 2 13 0 15 0 4 0 0 0 1 0 0 2 1 2 34 0 22 0 0 15 5 5 1 11 0 0 0 2 2 1 24 0 0 1 0 0 0 1 1 2 0 1 0 0 3 3 0 3 3 0 2 7 1 3 2 0 6 0 0 5 1 22 23 2 0 1 6 0 0 1 1 1 2 1 2 1 0 2 0 0 0
0 0 0 0 10 1 0 0 0 0 0 3 0 487 76 6 32 9 0 4 11 17 11 42 10 0 76 42 53 9 20 49 113 2952 260 853 1633 133 12 17 17 1 31 0 0 1 670 1 2 0 0 0 8 49 1 0 38 1209 1350 4248 10 9 50 64 24 1 55 1077 77 3 0 2 9 0 563 3 0 0 0 0 1 0 4 10 12 10 26 0 2 2 4 1 0 3 19 76 1 2 16 12 0 0 0 0 0 0 0 0 0 0 0 1 0 0 2 0 0 0 0 4 0 3 0 0 0 0 0 0 0 1 0 0 1 1 0 0 0 0 1 1 1 0 1 0 0 0 0 1 0 7 0 0 1 0 0 0 0 0 0 0 0 0 0 0 0 0 0 1 0 1 0 0 0 0 0 3 0 0 0 0 2 2 0 0 0 0 0 0 0 0 1 0 0 0 0 1 0 0 0 0
0 1 0 1 10 1 0 0 0 0 0 0 0 529 103 9 44 2 2 6 11 26 30 11 3 0 51 50 20 4 6 39 29 4126 290 1297 1616 35 19 5 33 1 26 0 1 5 1268 0 1 0 0 2 2 13 2 1 12 2689 4248 4062 5 9 41 49 29 0 15 1743 68 1 1 0 1 0 754 1 0 0 0 0 0 0 3 3 16 4 24 0 1 0 5 1 1 1 11 50 0 1 5 3 0 0 0 0 0 0 0 0 0 0 0 0 1 0 0 0 0 0 1 2 0 3 0 0 0 0 0 0 0 0 0 0 0 1 0 0 0 0 0 0 0 0 1 1 0 0 1 0 0 11 0 0 0 0 0 0 0 0 0 0 0 0 0 0 0 0 3 0 0 1 1 0 0 1 0 3 0 0 1 0 2 0 0 0 0 0 0 0 0 0 0 0 0 0 1 0 0 0 0 0
5 7 3 1 21 6 0 1 1 0 0 3 17 51 84 184 70 1892 109 59 22 61 75 1064 31 1 172 129 77 12 13 5 35 15 44 1 31 90 3991 32 941 548 2408 48 174 572 73 208 142 12 18 2 13 87 23 8 45 26 10 5 6985 311 656 2028 347 90 121 47 5819 104 90 7 58 8 60 5600 9 8 12 1 40 3 32 36 33 43 22 56 282 47 1008 248 18 111 609 25 9 3 43 13 2 18 0 2 8 6 0 1 0 0 1 2 7 19 429 13 5 29 12 214 44 120 6 2 5 4 1 42 1 18 41 20 14 7 1 42 3 4 37 48 297 8 501 2 5 69 497 128 71 2610 34 26 21 2 4 33 4 2 1 7 2 7 1 9 17 14 433 371 48 169 12 23 62 23 33 777 12 13 699 49 4 22 19 25 45 19 6 5 29 1 1 46 33 29 15 1 5 1 1 6
9 9 6 7 116 41 0 3 1 0 1 31 5 79 115 147 29 287 41 16 58 186 63 66 98 15 53 74 518 98 79 19 22 32 31 5 38 44 134 33 272 117 1147 49 107 49 73 12468 163 247 40 28 77 403 22 16 152 38 9 9 311 18489 11939 977 276 23 487 107 4504 3902 2526 4 27 13 148 1929 27 6 17 15 488 245 86 140 144 137 50 1742 4182 598 1662 302 60 1529 3579 145 7 25 173 32 3 3 0 0 4 0 0 2 0 0 0 0 3 1 28 3 1 8 3 27 5 12 8 2 13 6 14 14 2 2 8 0 1 1 1 4 5 0 6 12 7 12 26 5 8 266 127 15 19 176 22 898 2004 20 38 682 25 35 35 210 1 3 0 3 3 5 68 343 438 19 10 10 7 5 707 228 308 580 1386 219 1 6 20 5 896 22 359 243 1840 4 2 2189 831 5 10 0 2 2 0 5
14 5 1 7 100 40 2 0 0 1 1 19 3 319 295 115 31 248 44 15 88 311 62 148 178 8 269 379 1153 127 129 31 41 111 201 18 142 46 82 70 266 112 1732 25 105 132 405 842 58 112 21 14 194 983 29 19 419 146 50 41 656 11939 33009 9790 2377 20 1196 392 10427 1088 318 4 26 7 423 933 15 3 10 1 88 8 206 303 254 251 143 149 1047 299 1967 122 49 616 6365 174 2 58 272 120 1 2 0 0 0 0 0 1 0 0 0 0 2 0 41 0 0 7 4 22 7 21 5 0 0 1 2 5 0 3 6 2 2 0 1 6 2 1 10 13 14 11 18 1 4 61 115 23 22 261 6 80 165 8 3 228 3 3 0 22 0 0 0 4 0 2 77 146 124 39 2 5 6 3 295 244 18 37 858 170 1 2 15 2 345 13 7 58 109 0 0 395 120 5 8 1 1 0 0 0
4 2 0 4 24 3 0 1 0 0 0 3 10 399 262 102 31 645 73 14 21 81 57 552 79 3 1688 2917 294 38 49 8 20 155 558 23 180 32 557 148 251 90 3841 14 238 1216 552 72 34 7 4 6 60 250 9 14 210 119 64 49 2028 977 9790 6325 8900 65 388 376 6509 190 35 2 10 7 311 210 9 6 0 0 15 4 52 88 77 71 119 13 80 22 939 38 6 106 1674 58 2 7 95 64 0 1 0 0 3 1 0 0 0 0 0 1 2 11 162 3 3 19 5 202 8 88 3 1 1 0 1 16 1 8 7 3 2 1 0 6 0 2 7 16 134 4 195 0 1 11 135 37 13 1286 4 2 15 1 0 7 0 0 0 5 0 1 0 5 1 4 204 115 17 58 1 7 7 5 8 245 3 7 222 9 1 5 12 3 16 2 1 5 12 2 0 18 10 13 4 2 1 0 0 1
2 0 1 2 69 16 0 1 0 0 1 7 8 532 1047 715 21 510 21 16 17 13 23 144 9 0 330 2050 340 80 67 19 17 80 87 13 127 19 2173 19 95 23 303 11 174 462 79 23 13 0 7 0 45 173 12 4 135 126 24 29 347 276 2377 8900 8590 37 165 182 7800 43 17 1 6 5 348 46 4 20 4 0 7 1 42 38 31 18 26 8 21 4 292 20 5 19 241 134 0 19 23 45 1 2 0 1 4 2 0 0 0 0 0 1 0 22 245 11 4 20 9 343 11 124 2 1 0 2 3 33 1 16 27 8 4 1 4 17 0 2 13 21 299 9 468 2 4 27 89 45 21 2118 11 10 5 2 0 2 0 1 0 2 1 7 0 7 7 1 314 254 9 63 3 8 25 8 11 449 1 2 140 4 0 5 10 8 9 4 2 2 7 3 1 3 11 17 3 0 2 0 0 1
2 3 1 1 2 1 2 1 23 1 0 3 210 0 3 5 9 106 120 3 0 2 2 45 2 0 10 20 4 3 1 0 8 0 4 0 2 32 36 1 44 30 125 360 2194 866 3 20 14 1377 60 547 4 4 8 0 4 1 1 0 90 23 20 65 37 2454 8 0 105 12 12 27 46 869 3 32 935 1793 230 456 112 1202 5 0 4 0 1 510 162 603 1002 19 6 19 51 0 201 20 3 0 0 0 0 0 0 1 0 0 0 0 0 0 0 1 162 1 0 6 2 23 6 31 2 1 1 0 0 1 1 3 2 0 0 2 1 4 1 0 5 6 10 0 25 1 1 6 176 33 20 410 2 11 16 0 0 19 35 6 23 44 2 0 0 3 1 0 35 32 15 372 1 1 2 0 21 41 9 18 259 21 4 8 21 1 20 1 8 9 52 1 1 50 14 1 4 0 0 0 0 1
143 179 85 139 636 224 18 28 14 6 17 350 2 280 132 22 41 39 12 13 52 371 199 435 1752 160 284 120 5006 659 1572 105 278 167 198 25 104 150 41 519 162 68 842 17 17 42 1406 39 53 4 16 12 265 4677 33 20 8286 237 55 15 121 487 1196 388 165 8 13269 2502 617 219 19 70 145 42 3486 73 26 2 37 0 16 0 205 4393 542 3284 3986 16 87 20 210 120 18 187 822 646 59 28 2488 1984 1 3 3 3 2 7 2 2 3 5 8 17 1 1 7 13 7 3 23 9 21 15 9 6 7 1 0 2 2 2 4 1 9 82 3 44 5 1 87 64 10 18 17 0 6 0 6 3 11 59 5 2 5 0 0 11 0 2 0 0 2 4 0 5 11 4 16 13 4 5 15 5 22 12 6 31 2 1 39 9 92 70 18 11 6 33 1 2 1 5 2 10 1 14 7 1 12 1 0 1
9 11 6 3 45 10 3 9 0 5 1 8 1 598 297 29 77 31 8 13 81 315 62 202 1408 12 299 205 884 42 109 96 205 2332 274 145 767 170 66 103 99 22 234 1 4 32 4096 16 9 1 10 13 164 1175 13 28 1138 4720 1077 1743 47 107 392 376 182 0 2502 4895 499 27 6 4 29 3 3747 27 2 1 4 2 16 3 220 586 426 1106 3219 3 13 4 50 28 19 20 190 179 3 11 1633 411 1 0 0 0 0 0 0 0 0 0 1 0 0 0 5 2 1 5 4 15 5 9 2 0 0 0 0 0 0 0 0 1 0 5 0 4 0 0 8 8 11 0 3 0 0 0 2 1 5 55 0 4 0 1 0 2 1 0 0 0 0 0 0 1 0 2 4 3 0 2 0 0 0 1 2 10 0 0 6 0 2 7 0 1 1 0 0 1 0 0 0 3 1 0 0 0 0 0 0 0
25 10 6 56 507 185 10 0 0 5 10 102 28 1013 2336 2604 136 2464 82 100 70 162 95 411 64 5 240 1018 1370 452 370 135 123 217 161 28 336 80 3412 40 834 465 2632 42 573 661 250 3583 214 64 43 11 182 641 52 36 508 371 77 68 5819 4504 10427 6509 7800 105 617 499 13035 475 701 16 28 8 1101 6069 19 14 8 5 248 7 158 171 182 106 63 148 668 132 1721 301 55 227 1971 857 9 95 114 190 2 9 2 1 23 4 0 6 0 1 1 3 8 27 338 18 8 31 10 240 50 106 5 1 5 2 7 38 3 15 62 21 8 9 0 37 1 5 51 76 265 30 458 4 6 90 694 113 87 3015 49 128 102 6 6 178 1 8 6 25 2 11 0 28 12 12 732 548 151 118 14 40 82 37 253 1357 34 49 1809 231 6 25 26 29 364 49 23 42 84 4 0 220 107 51 12 4 3 2 0 4
54 65 37 18 47 25 3 36 3 9 2 31 2 19 31 31 10 69 16 12 34 111 46 40 54 8 18 23 146 49 35 6 19 8 13 4 13 19 28 17 169 46 512 14 48 9 33 1090 69 118 575 240 47 151 45 22 48 10 3 1 104 3902 1088 190 43 12 219 27 475 5004 2521 6 8 8 43 351 11 4 9 59 2151 493 106 83 112 64 17 2166 1078 183 511 910 2183 2251 1238 32 10 6 70 13 1 0 0 0 1 0 0 3 0 0 0 1 0 0 2 3 0 6 3 10 0 7 3 1 3 0 5 8 1 1 3 0 0 4 0 3 1 0 2 6 4 2 5 5 7 59 20 0 3 52 4 326 393 11 10 119 127 55 211 631 1 2 0 0 0 1 11 74 52 9 3 5 2 2 88 38 418 582 252 46 9 3 16 0 121 8 438 65 1507 1 1 449 269 1 3 0 1 1 1 0
21 22 15 9 54 20 3 10 3 4 2 19 2 6 20 58 6 209 20 6 5 13 11 20 2 2 2 4 50 24 25 9 11 3 1 1 10 15 69 2 107 19 145 16 42 17 3 7726 46 81 97 47 9 22 10 4 4 5 0 1 90 2526 318 35 17 12 19 6 701 2521 10632 4 11 11 10 1047 18 4 8 45 3690 362 17 7 6 5 5 3540 1806 203 671 350 143 536 226 38 9 5 10 3 0 0 0 0 0 0 0 1 0 0 0 0 0 1 4 0 1 2 1 4 3 1 0 0 2 2 5 4 0 1 2 0 1 0 0 1 0 0 2 3 2 4 3 6 5 55 21 4 6 46 4 312 359 9 7 132 72 36 170 425 0 0 0 1 2 1 21 73 50 5 0 3 1 0 96 51 309 519 258 48 2 4 9 0 86 6 367 55 1374 1 0 404 237 0 6 0 0 0 0 1
35 6 14 20 98 124 81 53 635 131 329 1305 33 7 4 6 7 41 32 1 243 286 32 4 30 2 1 2 101 32 14 209 3519 142 1 1 15 139 2 8 120 3 12 112 158 54 4 3 2 54 12 15 222 103 30 21 8 40 2 0 7 4 4 2 1 27 70 4 16 6 4 7560 869 1025 46 6 3631 374 3705 7 19 33 84 77 222 58 9 28 19 64 41 23 7 3 3 275 5915 889 50 0 142 133 117 281 117 529 40 72 106 155 488 964 14 6 7 16 33 12 47 18 86 41 29 113 56 11 14 4 1 8 89 11 297 1845 29 777 10 3 554 275 5 35 12 21 145 3 7 3 75 17 21 2 3 11 0 2 5 15 1 8 64 89 17 166 226 22 11 9 3 2 149 54 121 79 2 10 6 2 14 1 1839 875 187 33 4 554 2 0 2 35 83 3 1 228 277 48 103 9 0 6
