23877 9667 13459 6963 1319 3609 7229 7733 130 813 91 1079 0 5 5 4 2 0 3 3 332 114 4 5 16 1 5 8 6051 9739 377 77 109 14 3 0 4 11 12 5 1062 0 11 4 2 3 11 21 43 6 130 213 482 449 145 252 105 13 2 2 7 29 31 5 9 2 330 11 30 87 72 109 25 42 55 6 28 3 44 29 315 38 1374 368 881 182 26 142 60 10 30 627 297 78 90 179 92 1502 68 28 74 23 305 266 29 510 31 37 124 130 177 631 0 0 0 0 0 0 0 1 2 1 0 6 1 0 0 0 0 1 15 1 63 152 0 31 1 0 5 3 1 0 0 11 25 1 0 1 0 4 4 6 3 7 0 0 19 12 11 25 8 18 4 26 31 1 1 0 1 1 12 4 2 4 0 1 10 5 6 0 222 50 19 2 1 68 4 2 34 1 35 5 8 33 87 28 9 2 0 0
9667 13263 5965 9245 1831 2245 227 104 15 88 75 751 0 0 1 0 1 2 1 0 189 47 2 3 4 1 0 1 250 4224 331 13 48 6 0 0 3 1 2 1 390 0 3 1 1 0 2 7 10 0 22 33 53 62 19 76 28 2 0 0 4 2 3 1 0 1 146 5 1 11 19 81 4 32 9 3 11 0 21 8 74 9 286 98 436 94 12 38 10 3 5 130 52 13 21 35 85 95 33 5 73 13 250 205 20 499 16 25 113 97 170 614 0 0 1 0 1 0 0 0 1 2 0 9 2 0 0 0 0 0 28 0 56 123 0 31 0 0 2 2 2 2 0 18 25 0 0 0 1 1 0 1 2 2 0 0 2 13 6 4 7 15 5 16 23 1 0 0 0 0 11 6 2 0 0 0 2 0 1 0 220 34 6 1 0 48 1 1 9 5 29 0 0 28 81 17 11 1 0 0
13459 5965 16723 10858 195 7070 529 5087 212 3740 292 33526 0 0 2 0 2 3 4 1 337 87 2 7 17 1 3 0 335 313 104 20 62 5 1 0 1 11 3 4 784 0 6 1 6 2 6 12 34 4 83 117 232 222 83 163 42 10 0 0 0 21 4 2 1 0 284 11 5 44 40 105 16 40 32 6 20 2 42 13 210 32 734 246 794 159 16 96 47 7 11 396 177 69 68 53 348 448 61 11 274 63 1262 692 90 1733 98 143 764 414 541 1756 0 0 0 0 0 0 2 0 0 1 0 13 3 0 1 2 0 2 53 1 135 268 0 56 0 1 6 5 1 3 1 31 42 0 1 0 1 0 5 3 2 10 0 5 7 17 13 9 30 31 21 43 32 0 3 0 0 1 27 6 10 1 0 0 7 3 6 0 429 76 20 1 0 116 4 1 19 6 72 1 5 73 297 70 22 0 0 0
6963 9245 10858 19650 3743 20270 160 135 16 154 73 3755 0 2 0 0 2 0 1 0 257 66 2 1 6 0 0 0 152 1489 799 27 31 0 0 0 1 3 0 3 286 0 2 0 0 0 7 3 9 1 12 20 61 41 24 65 44 3 1 0 4 2 1 1 0 0 123 4 4 12 10 47 6 30 11 0 6 0 20 0 41 4 182 80 434 95 13 28 7 0 4 66 36 13 14 42 109 73 49 12 89 19 309 247 35 570 23 26 130 144 192 623 0 0 0 1 0 0 0 0 0 0 1 9 1 1 1 0 1 0 17 1 52 118 0 24 0 1 3 1 2 3 0 12 20 1 0 0 0 2 0 0 0 6 0 0 2 13 2 2 8 14 6 25 24 1 0 1 0 0 11 5 3 2 0 0 3 1 3 0 214 34 13 1 0 51 1 0 2 4 30 0 0 34 99 15 8 0 0 0
1319 1831 195 3743 10714 13342 440 107 16 45 38 2661 0 29 60 8 35 5 3 12 674 478 8 14 51 3 31 49 1795 4589 9991 744 621 129 8 4 18 19 71 15 756 4 31 2 2 5 34 49 17 2 37 52 190 264 58 135 2079 53 3 4 15 203 153 27 32 0 710 37 341 61 67 77 96 51 356 32 15 1 59 8 118 10 525 319 1083 451 43 46 30 6 18 177 77 46 133 2844 51 415 351 522 24 16 74 59 10 141 4 6 30 20 52 258 1 7 0 2 0 0 0 6 2 4 0 4 2 0 1 0 0 4 12 0 27 75 0 23 1 0 10 8 9 4 6 6 5 5 1 0 5 13 1 5 4 1 0 1 4 6 4 7 4 13 1 9 8 0 2 9 1 1 8 2 0 0 8 15 7 1 32 2 125 26 8 2 6 36 4 2 13 1 20 12 10 18 24 11 3 0 0 2
3609 2245 7070 20270 13342 21184 449 400 68 1241 204 16932 0 2 8 5 8 3 3 3 1064 609 10 11 48 2 6 2 573 2047 3708 1808 553 73 0 0 11 16 12 11 930 2 13 1 3 0 10 27 13 1 41 45 165 209 51 145 138 16 1 0 6 44 15 7 5 0 554 12 107 24 23 144 95 82 123 15 18 1 85 7 105 11 576 296 1307 465 25 47 20 4 8 164 92 30 69 1781 389 244 324 69 160 45 760 602 69 1398 56 82 395 324 463 1589 1 1 2 0 0 0 0 5 0 5 1 13 3 2 0 0 0 0 36 1 137 274 0 43 0 0 11 7 8 4 7 30 53 1 0 0 3 4 6 4 1 13 0 0 10 13 3 2 29 39 12 36 50 2 2 1 1 1 29 3 1 0 1 6 10 1 12 1 537 74 25 3 1 122 3 0 12 5 74 1 7 70 253 52 17 1 0 0
7229 227 529 160 440 449 7793 4527 680 2948 97 786 0 4 6 0 2 0 2 0 83 50 0 3 5 1 1 4 1904 1925 220 46 53 3 0 0 1 2 3 3 141 0 4 0 1 1 1 5 3 0 29 47 614 417 134 38 74 4 1 0 1 36 29 2 7 0 81 2 26 18 16 48 14 18 29 1 11 1 23 6 88 13 591 98 188 47 9 25 13 1 3 124 60 22 36 121 30 5606 28 17 10 1 40 31 8 61 1 10 18 9 24 114 0 0 0 0 0 0 0 0 0 0 0 0 0 0 0 0 0 2 5 0 12 45 0 13 0 0 1 0 1 0 0 4 10 1 0 0 0 0 1 1 0 0 0 1 3 3 11 7 2 6 0 3 1 1 1 1 0 0 4 1 0 0 0 3 0 1 7 0 57 13 9 1 1 17 1 0 9 0 4 3 2 8 18 5 1 0 0 1
7733 104 5087 135 107 400 4527 12496 1206 16519 315 2287 0 0 0 0 1 0 1 0 28 18 0 1 6 0 2 0 238 530 31 8 16 4 0 0 0 2 2 0 237 0 2 0 1 0 6 5 9 1 33 87 322 233 62 67 13 1 1 0 1 6 1 0 0 0 87 6 6 25 14 6 6 6 10 1 7 0 9 10 101 12 474 86 161 31 7 53 16 3 8 177 97 27 19 12 59 1467 15 11 31 4 96 83 7 148 7 28 40 48 64 130 0 0 0 0 0 0 0 0 0 0 0 0 1 0 0 0 0 0 3 0 6 20 0 15 0 0 0 0 0 0 0 1 3 0 0 0 0 0 4 2 0 0 0 1 2 4 7 5 4 2 1 4 6 0 0 0 0 1 2 5 2 0 0 1 3 2 1 0 29 8 1 0 0 7 4 0 7 1 2 0 5 2 22 9 1 0 0 0
130 15 212 16 16 68 680 1206 1495 4555 316 352 1 0 1 0 0 0 0 0 4 11 0 0 0 0 0 0 16 39 4 6 34 1 0 0 0 2 1 0 16 0 0 11 74 2 2 4 0 81 7 20 121 13 18 2 2 1 0 0 0 1 1 1 1 23 6 0 7 0 0 278 26 107 2 2 228 80 162 9 34 55 17 4 10 1 1 88 31 21 24 9 5 1 4 2 2306 1368 2 1 5 0 11 14 2 21 0 2 4 8 9 17 0 0 0 0 0 0 0 0 0 1 0 0 0 0 0 0 0 0 0 0 0 10 0 5 1 0 3 0 0 0 0 0 0 0 1 0 1 2 1 0 1 0 0 0 1 2 1 2 0 1 0 2 0 1 0 2 4 1 0 2 0 0 2 5 0 2 21 3 9 8 1 0 2 7 4 1 5 0 0 5 1 2 4 2 0 0 0 0
813 88 3740 154 45 1241 2948 16519 4555 19063 9167 26685 0 0 0 0 0 1 0 0 30 30 0 0 0 0 0 0 108 216 22 12 20 2 2 0 0 0 2 0 58 0 2 1 1 0 2 1 4 3 10 15 294 85 55 17 11 1 0 0 0 3 1 0 1 0 46 1 4 5 1 61 2 13 8 1 126 1 18 4 27 4 162 38 49 23 4 8 3 4 1 38 23 6 5 11 1337 2332 11 2 144 27 509 340 32 843 58 140 249 343 330 733 0 0 0 0 0 0 0 0 0 0 0 3 0 0 2 0 0 0 13 0 37 56 0 14 0 0 4 0 1 0 0 8 15 0 2 0 0 1 1 0 0 3 0 0 4 3 3 0 5 12 8 12 10 0 0 1 0 0 11 6 2 1 3 1 3 0 2 0 130 20 6 3 0 35 5 0 6 1 17 1 2 20 118 41 8 0 1 0
91 75 292 73 38 204 97 315 316 9167 6151 8382 0 0 0 0 0 1 0 1 73 66 0 1 7 1 0 0 28 44 16 10 97 2 0 0 1 4 2 1 36 1 3 1 0 0 4 3 1 1 4 2 86 25 11 4 4 1 0 0 2 3 1 0 0 0 18 0 4 1 0 360 30 58 2 4 772 0 92 0 3 1 33 8 43 24 3 4 1 0 3 10 6 2 5 31 2448 517 25 4 112 23 415 293 29 757 50 87 183 319 305 706 1 0 0 0 0 0 0 0 1 1 0 3 0 0 0 0 0 0 16 0 42 81 0 16 1 0 10 4 3 2 0 9 17 0 0 0 2 1 3 1 0 2 0 1 5 6 2 7 7 7 7 9 10 0 0 2 1 1 6 2 3 2 0 3 5 0 2 0 190 27 18 2 1 43 2 0 3 0 21 1 1 24 164 37 12 0 0 0
1079 751 33526 3755 2661 16932 786 2287 352 26685 8382 49995 8 1 6 8 5 18 10 6 1095 1317 42 30 92 14 7 2 460 895 1099 4364 4978 136 2 1 14 42 87 24 832 11 60 7 3 7 43 50 12 3 30 65 257 192 54 110 66 179 2 0 85 38 23 15 3 4 377 23 92 29 40 1503 320 484 318 63 197 7 571 14 97 9 556 216 1004 384 24 41 30 6 61 159 61 33 78 2026 1466 814 349 44 247 74 929 776 92 1709 72 131 769 498 671 2065 1 1 3 0 2 4 2 10 23 11 5 23 17 5 11 3 1 8 77 2 185 704 0 196 2 3 103 48 13 24 11 55 104 5 5 1 19 25 31 4 1 24 0 2 21 58 6 12 46 76 23 59 97 5 11 6 7 7 39 24 16 9 4 24 20 3 23 2 924 281 104 9 4 298 4 1 8 13 148 5 9 106 375 61 28 7 1 5
0 0 0 0 0 0 0 0 1 0 0 8 5483 1 2 46 118 394 3310 58 0 1 0 22 1 1 11 23 2 1 2 0 3 2 1 2 2 363 92 0 23 3 54 5280 3549 3228 0 7 9 149 7 18 0 2 0 1 2 1 1 2 52 17 12 64 27 3974 3 1 67 3 4 36 158 2649 4 6 236 275 165 18 41 81 1 0 0 1 0 226 117 129 990 10 4 0 21 0 35 3 2 3 0 0 0 0 2 0 0 0 0 0 0 2 0 28 282 3 0 18 1 431 14 366 5 1 0 1 3 20 0 32 7 2 0 10 0 5 0 2 33 10 135 1 276 0 1 13 47 23 40 1598 3 13 21 0 1 12 2 0 3 8 0 0 0 0 3 2 214 100 11 502 0 12 5 0 19 307 5 4 184 7 4 5 103 2 14 3 4 8 22 0 1 55 16 4 0 1 0 0 0 0
5 0 0 2 29 2 4 0 0 0 0 1 1 5213 5534 264 2834 63 17 15 12 19 83 162 8 21 2242 1257 60 25 24 0 32 238 4113 5260 657 14 163 1491 324 17 102 2 0 7 213 4 29 0 0 2 6 5 1 0 58 259 456 645 16 53 92 269 109 0 11 225 144 5 6 0 8 29 278 1 0 0 2 0 3 0 5 1 3 3 7 6 6 1 11 25 4 8 80 144 0 12 9 16 0 0 0 0 0 0 0 0 0 0 0 5 52 54 1 8 1 117 11 80 85 249 76 1 1 2 11 10 3 99 2 0 1 11 0 7 31 1 65 62 14 69 27 1 5 5 0 0 29 11 7 4 3 0 0 0 0 1 0 0 0 1 0 0 3 7 6 15 10 1 0 0 0 0 6 16 1 1 7 0 7 12 26 0 1 5 0 0 0 1 1 2 13 0 0 0 0 0 0 2
5 1 2 0 60 8 6 0 1 0 0 6 2 5534 24387 5797 3347 1184 51 486 84 108 370 314 11 77 1671 2758 67 47 67 2 32 225 1051 959 625 37 1786 467 1686 77 144 3 1 16 111 25 170 0 5 0 4 3 5 2 54 380 252 542 134 101 164 248 255 1 18 203 782 19 11 4 24 35 531 27 3 0 4 0 10 0 8 5 7 6 8 10 17 10 22 196 7 45 194 287 0 20 8 11 0 0 0 0 0 1 0 0 0 0 1 7 53 37 17 10 7 94 4 119 89 234 92 7 5 3 11 16 12 110 1 0 2 19 0 21 39 4 71 59 24 83 62 1 3 10 1 1 33 45 4 4 3 0 2 1 0 3 0 0 1 1 2 2 2 11 10 37 14 5 2 2 2 0 3 38 0 1 11 0 10 16 33 0 1 19 2 0 3 2 0 6 21 4 1 1 2 0 1 0
4 0 0 0 8 5 0 0 0 0 0 8 46 264 5797 18116 437 6277 1706 3254 37 32 192 289 10 52 518 6170 8 3 3 1 53 38 35 21 273 206 2386 73 1328 74 139 11 4 110 12 24 121 0 3 2 1 1 4 1 12 42 14 45 664 41 47 35 103 3 5 15 558 11 10 6 35 88 71 26 1 1 2 0 13 0 2 0 2 1 2 20 12 6 34 221 10 27 101 34 0 1 1 3 0 1 0 1 1 1 0 0 0 0 0 6 183 250 50 23 10 119 2 530 79 844 32 2 2 11 18 111 20 627 4 0 6 10 0 9 88 9 52 47 274 49 296 0 7 15 1 4 64 98 1 2 7 1 1 0 1 5 0 0 1 1 0 2 5 5 30 130 16 3 0 1 4 3 4 49 0 3 17 0 7 10 45 3 1 34 0 0 3 1 0 1 19 1 1 1 1 1 0 1
2 1 2 2 35 8 2 1 0 0 0 5 118 2834 3347 437 3683 633 3513 1721 154 418 614 248 61 177 407 418 42 30 34 2 22 181 587 1158 3286 1983 585 627 1377 46 144 83 13 333 398 50 76 2 2 3 6 7 2 0 49 242 407 449 1061 58 95 137 77 11 30 171 409 19 25 7 38 208 277 37 2 9 16 0 15 2 9 10 30 25 14 14 28 8 153 76 3 18 126 171 0 16 37 16 2 1 0 0 3 0 0 1 0 0 4 22 89 48 20 13 6 61 23 95 199 226 86 30 29 14 70 35 16 128 20 6 13 101 1 71 58 12 256 145 37 268 84 5 24 30 5 7 102 56 82 10 1 1 5 3 1 5 1 0 7 11 0 9 4 38 15 61 14 6 10 29 2 17 4 49 6 2 32 2 60 128 91 9 6 85 2 0 3 18 14 6 31 11 6 1 14 4 5 10
0 2 3 0 5 3 0 0 0 1 1 18 394 63 1184 6277 633 15368 3339 2078 27 36 142 1257 17 55 1412 1078 10 5 2 4 77 22 119 14 257 661 6161 110 1338 86 780 56 22 4770 21 152 135 2 2 0 1 1 5 0 10 10 7 18 6267 149 88 467 169 189 15 14 1134 19 48 11 121 241 14 377 2 2 11 0 45 0 1 6 4 7 3 20 56 8 102 261 7 30 200 21 0 1 6 6 1 3 0 0 7 2 0 0 1 0 1 14 160 735 969 39 10 246 9 1248 92 2361 47 5 5 8 12 337 34 1369 24 7 19 26 1 40 78 20 92 82 1265 35 1965 3 9 115 55 76 184 1527 11 9 6 0 1 4 1 4 0 1 1 3 0 11 8 14 171 940 39 183 3 2 15 9 8 497 2 2 51 4 11 12 232 5 10 20 1 4 5 1 4 9 37 43 0 2 1 0 0 1
3 1 4 1 3 3 2 1 0 0 0 10 3310 17 51 1706 3513 3339 69534 8128 88 339 287 361 54 187 440 206 10 4 4 2 14 12 91 3 113 2028 106 377 563 24 240 6512 565 2330 119 60 53 33 2 8 2 2 3 2 15 4 18 5 507 57 48 116 27 664 24 11 69 15 34 32 267 7722 13 54 34 420 142 5 21 19 5 8 17 19 6 76 194 110 2163 62 7 10 178 9 2 1 23 5 4 8 1 1 9 1 0 3 0 1 8 61 853 1148 870 114 31 1051 69 3382 815 7165 471 56 28 54 190 512 109 2904 29 11 19 185 5 162 513 56 862 513 1452 647 1546 9 58 159 53 70 701 1648 89 44 22 19 12 9 1 27 0 5 5 10 1 12 18 91 238 666 91 195 15 28 13 13 39 482 4 9 268 12 113 308 1074 22 30 287 3 8 26 24 9 54 144 49 14 3 20 9 4 14
3 0 1 0 12 3 0 0 0 0 1 6 58 15 486 3254 1721 2078 8128 4046 68 177 323 279 24 174 100 96 7 4 8 4 14 36 42 10 150 164 1017 285 839 53 144 121 10 96 59 35 63 5 4 2 1 0 4 0 9 43 21 32 1107 33 24 36 7 7 19 22 298 5 10 3 29 305 58 79 1 11 9 0 10 0 10 3 9 11 4 14 21 7 94 116 5 22 103 52 1 0 13 10 1 1 0 0 2 0 0 1 0 0 0 13 312 146 17 37 13 133 27 90 325 591 154 17 13 31 89 77 37 430 14 2 5 57 1 46 217 27 328 184 37 296 82 5 37 43 4 3 196 48 30 13 6 6 6 1 1 14 0 1 2 5 1 2 3 35 8 139 29 2 3 17 5 4 5 81 1 5 24 5 37 111 127 5 6 171 1 1 5 5 3 7 50 10 6 0 6 4 1 2
332 189 337 257 674 1064 83 28 4 30 73 1095 0 12 84 37 154 27 88 68 15985 5535 2528 174 229 128 39 8 98 432 452 183 811 560 7 4 261 482 56 98 2884 26 44 33 0 6 91 15 42 1 3 3 20 13 8 4573 63 122 17 20 22 47 28 15 5 1 56 51 66 23 10 245 501 107 545 13 29 3 215 1 14 1 600 44 6223 213 77 10 12 5 11 73 19 33 104 691 36 42 360 43 2 2 3 3 0 10 0 2 7 3 7 33 8 3 1 1 3 13 3 8 21 14 21 8 4 1 6 4 1 12 15 2 3 77 0 68 10 0 111 45 9 69 6 6 21 1 0 0 11 4 38 4 0 0 0 2 3 4 0 1 2 14 0 3 4 5 4 9 2 0 6 8 6 6 1 5 3 0 9 1 40 72 32 8 0 37 0 1 0 4 14 1 6 5 13 2 7 2 0 1
114 47 87 66 478 609 50 18 11 30 66 1317 1 19 108 32 418 36 339 177 5535 27122 4927 947 5260 1697 277 30 111 252 296 221 1465 1532 41 10 743 1484 83 2575 1421 170 602 129 6 11 644 47 617 5 14 11 30 50 14 78 125 285 49 52 70 198 138 36 15 4 210 162 149 163 71 387 1067 291 1459 48 22 4 414 5 68 3 251 189 3434 1087 291 84 93 23 136 655 101 435 1666 832 48 25 3502 118 3 0 5 10 0 6 0 1 6 0 6 59 33 23 5 3 9 50 20 25 125 79 72 44 19 8 37 12 6 35 29 3 21 144 3 181 43 1 318 145 18 172 20 6 24 19 2 0 46 17 74 3 11 3 1 2 3 9 2 4 11 31 1 10 12 18 2 36 4 2 17 22 15 18 13 52 9 2 26 5 88 196 68 10 8 76 1 3 27 13 18 16 48 10 10 6 13 2 1 7
4 2 2 2 8 10 0 0 0 0 0 42 0 83 370 192 614 142 287 323 2528 4927 8170 7954 285 5876 987 30 19 6 2 10 238 549 22 12 719 587 38 821 6131 605 609 18 2 12 185 6 428 0 3 3 5 12 5 6 19 53 33 37 80 36 27 17 4 3 97 21 30 27 15 28 165 38 103 8 1 1 47 0 15 1 25 18 56 45 24 23 30 3 47 314 21 106 415 45 3 3 110 8 1 0 0 0 0 0 0 0 0 0 0 6 22 16 1 7 1 26 4 24 35 66 32 4 0 3 14 3 2 31 5 0 1 10 0 19 10 0 63 29 3 42 11 0 4 6 2 0 19 5 7 1 3 0 0 0 1 0 0 2 0 5 0 0 2 3 2 7 2 0 3 7 0 2 5 19 1 2 10 1 5 20 14 2 1 7 2 1 4 1 1 5 10 3 1 0 2 3 0 0
5 3 7 1 14 11 3 1 0 0 1 30 22 162 314 289 248 1257 361 279 174 947 7954 10337 393 4405 6890 704 98 5 32 8 95 105 686 79 227 247 299 3267 4596 5069 2615 29 17 403 731 20 776 0 7 3 20 29 1 5 164 81 271 54 1910 72 82 1149 161 12 250 118 146 31 13 18 102 55 126 69 3 1 32 1 18 1 45 49 68 89 47 31 49 12 257 588 20 105 604 66 2 2 147 78 0 0 0 0 0 0 0 0 0 0 1 3 39 86 73 3 3 90 9 371 49 365 50 3 1 0 11 36 4 158 3 2 5 16 0 17 26 10 59 55 224 28 407 1 5 16 3 1 27 417 6 8 6 3 0 0 1 3 0 1 0 5 0 1 2 4 67 139 11 10 2 4 3 1 3 133 0 3 34 1 7 27 34 3 2 6 2 1 4 0 2 6 11 9 0 0 0 0 1 0
16 4 17 6 51 48 5 6 0 0 7 92 1 8 11 10 61 17 54 24 229 5260 285 393 6289 1185 154 11 133 22 43 16 209 107 47 3 103 267 12 4549 241 40 411 32 2 9 3495 6 132 0 9 21 74 136 12 54 393 16 68 2 31 231 162 61 8 1 925 275 22 112 43 64 306 118 90 8 7 0 104 1 43 3 329 379 846 1671 1451 33 31 11 59 160 69 177 1075 109 8 4 5813 845 0 0 0 1 0 2 0 0 1 0 1 12 11 3 1 1 1 10 8 12 30 22 20 5 2 5 7 3 2 19 9 0 1 42 0 63 9 0 94 50 3 29 5 1 8 7 0 1 13 9 21 3 1 1 0 2 1 0 2 5 4 5 0 4 4 2 4 5 2 1 1 6 3 2 5 15 1 7 17 1 18 66 44 1 1 14 3 0 3 1 10 8 9 1 2 0 4 1 0 1
1 1 1 0 3 2 1 0 0 0 1 14 1 21 77 52 177 55 187 174 128 1697 5876 4405 1185 3858 825 11 28 4 1 2 37 38 131 1 138 169 11 13051 1265 126 506 19 1 5 402 4 172 0 2 2 6 12 0 4 21 2 35 1 38 21 30 20 4 0 110 17 8 24 7 9 55 45 13 3 4 2 13 2 4 0 28 39 45 76 23 12 12 6 22 106 13 52 403 12 2 4 108 25 0 0 0 0 0 1 0 0 0 0 0 5 32 21 1 6 2 59 12 23 77 120 63 8 2 1 14 7 2 70 2 1 0 16 0 19 33 1 89 60 7 67 9 0 5 9 0 1 25 5 8 7 3 1 2 0 0 0 0 0 0 2 0 0 0 7 0 18 5 0 2 4 0 0 2 14 3 0 7 0 5 31 19 0 2 16 0 1 5 1 1 6 10 0 4 0 0 1 0 1
5 0 3 0 31 6 1 2 0 0 0 7 11 2242 1671 518 407 1412 440 100 39 277 987 6890 154 825 28270 9699 277 20 91 1 46 313 5078 787 353 59 227 3574 580 132 1113 9 4 57 531 4 78 2 2 4 28 34 2 5 375 375 605 436 188 42 98 3476 194 4 306 442 46 10 10 2 38 138 424 8 0 1 11 0 7 2 26 57 46 81 47 10 8 1 22 60 3 17 227 115 0 25 105 184 0 1 0 0 2 1 0 0 1 0 0 10 131 440 132 34 15 315 10 1464 89 1757 82 5 3 3 16 141 21 898 10 3 3 24 5 28 96 16 94 81 765 60 832 1 8 36 2 12 73 388 11 14 3 1 0 1 0 3 0 1 1 2 1 3 5 19 70 218 28 10 1 1 2 3 7 121 0 2 16 1 17 24 93 5 0 19 0 0 3 1 0 3 25 18 0 0 4 3 0 0
8 1 0 0 49 2 4 0 0 0 0 2 23 1257 2758 6170 418 1078 206 96 8 30 30 704 11 11 9699 11931 124 45 72 1 42 284 373 394 359 35 5203 86 169 13 395 5 5 254 72 15 14 0 0 1 12 9 4 2 133 408 179 447 295 82 172 1777 1113 19 54 318 374 10 9 2 8 107 442 6 0 0 0 1 2 1 13 8 10 8 22 5 7 2 16 17 4 6 130 168 1 18 12 62 0 2 0 1 10 1 0 0 2 0 1 11 60 533 359 33 11 276 5 2086 46 1749 55 2 0 5 9 239 14 756 16 3 16 21 3 38 51 13 68 82 1492 35 2295 3 11 55 9 23 58 1508 15 10 1 0 0 1 0 2 0 0 3 0 3 6 5 7 259 666 30 34 0 2 7 4 6 431 0 0 34 4 12 6 107 3 3 7 0 1 1 1 0 3 31 19 1 0 2 0 0 0
6051 250 335 152 1795 573 1904 238 16 108 28 460 2 60 67 8 42 10 10 7 98 111 19 98 133 28 277 124 34612 11731 2390 73 229 74 40 13 38 96 74 117 241 11 223 15 7 43 258 48 82 5 90 151 7751 11911 819 93 6483 89 34 3 69 834 789 187 153 1 5724 324 292 244 117 180 175 137 1125 20 55 3 130 24 234 22 2787 1127 284 100 833 73 46 13 79 348 187 230 1077 1470 47 4563 99 976 10 5 29 30 3 58 1 5 9 0 24 149 2 5 5 1 0 7 1 3 9 7 6 11 4 0 8 2 1 5 23 3 28 185 1 84 4 0 40 32 8 23 8 11 24 4 7 0 5 42 22 6 7 2 2 3 10 15 11 15 14 15 0 10 20 5 8 13 0 6 11 20 10 4 12 26 5 4 33 1 130 118 38 2 3 81 9 1 20 4 28 13 16 15 11 1 7 1 1 1
9739 4224 313 1489 4589 2047 1925 530 39 216 44 895 1 25 47 3 30 5 4 4 432 252 6 5 22 4 20 45 11731 17401 4016 173 187 28 8 4 19 11 41 6 830 4 18 3 4 2 16 30 38 4 100 153 527 588 111 163 3352 19 3 1 6 154 111 20 30 1 555 13 186 78 77 183 49 55 123 9 30 3 68 19 229 26 1162 407 996 344 32 101 41 5 24 372 194 72 146 1013 70 1553 178 116 22 9 100 82 13 184 9 12 45 36 66 309 0 0 2 0 0 2 0 7 3 2 3 8 0 0 4 1 0 1 17 0 42 125 0 51 0 1 14 9 1 4 3 6 19 0 0 0 2 10 5 7 5 5 0 1 11 9 19 12 11 10 3 12 14 1 4 3 0 1 12 5 5 2 3 10 14 10 13 1 171 37 16 5 6 42 6 1 14 1 24 7 10 27 33 8 2 0 0 0
377 331 104 799 9991 3708 220 31 4 22 16 1099 2 24 67 3 34 2 4 8 452 296 2 32 43 1 91 72 2390 4016 16715 335 176 58 19 7 23 17 78 24 574 1 63 6 3 13 51 39 26 1 19 41 173 243 48 111 9842 61 12 5 28 230 249 107 108 1 1425 132 249 65 49 55 40 22 712 8 8 0 16 6 75 8 434 275 817 384 263 44 28 7 28 135 60 49 298 3418 38 385 281 5866 13 3 25 26 3 59 2 2 10 13 25 88 0 1 1 0 0 1 0 6 3 4 2 3 0 0 1 1 0 1 1 1 7 46 0 23 1 0 10 8 3 1 9 4 10 2 2 1 3 20 3 2 4 0 0 1 5 7 0 7 4 5 3 2 8 0 2 6 1 2 5 1 1 1 4 14 2 3 19 3 65 15 8 3 4 24 5 3 8 2 10 6 5 9 16 3 7 0 0 0
77 13 20 27 744 1808 46 8 6 12 10 4364 0 0 2 1 2 4 2 4 183 221 10 8 16 2 1 1 73 173 335 5700 4657 193 0 0 2 2 21 1 92 1 9 1 0 1 5 13 4 0 2 6 16 19 5 18 5 1214 0 1 9 14 4 6 0 0 46 1 42 9 11 186 145 19 1469 19 13 0 100 0 10 2 47 19 119 60 3 2 2 0 0 19 4 5 17 6594 23 20 67 1 1 5 11 10 1 35 1 0 1 2 17 43 0 1 0 0 0 0 0 3 2 1 1 0 1 0 1 0 0 1 1 0 13 26 0 14 0 0 10 2 3 0 5 1 4 0 0 0 1 8 5 0 1 3 0 1 2 5 1 1 4 4 1 4 0 1 1 2 2 0 0 3 4 0 0 6 1 0 4 2 56 15 5 1 0 26 0 0 1 1 6 2 1 2 12 0 2 0 0 0
109 48 62 31 621 553 53 16 34 20 97 4978 3 32 32 53 22 77 14 14 811 1465 238 95 209 37 46 42 229 187 176 4657 10032 1112 59 50 1505 3035 411 101 655 21 116 9 4 4 239 43 22 2 19 49 87 87 15 41 47 1179 163 93 214 45 30 39 15 3 145 233 245 20 21 1337 1826 354 3671 84 124 4 308 6 68 5 212 76 301 131 100 22 20 3 58 89 42 18 86 5341 378 86 189 18 13 8 42 48 14 114 4 14 27 24 50 321 5 12 12 0 4 7 2 11 14 18 10 25 21 1 14 3 0 14 50 6 67 475 0 210 7 1 109 41 14 37 30 28 66 7 3 0 9 45 77 6 3 16 1 0 13 27 5 12 34 53 6 23 58 12 12 24 6 4 29 27 57 23 3 17 17 3 19 1 396 295 97 29 2 308 2 0 6 16 76 2 16 45 68 6 26 4 2 4
14 6 5 0 129 73 3 4 1 2 2 136 2 238 225 38 181 22 12 36 560 1532 549 105 107 38 313 284 74 28 58 193 1112 5580 276 644 1070 114 411 189 698 14 107 5 4 16 461 50 29 0 11 18 28 41 10 18 50 2446 2276 8060 72 206 247 220 176 0 94 2406 679 37 38 33 67 38 5508 36 6 1 18 4 34 5 110 29 131 60 61 12 15 4 24 51 17 13 202 1621 10 9 99 20 1 0 3 5 0 9 0 0 1 2 7 26 2 4 15 0 0 4 0 26 6 24 7 3 6 4 3 1 3 8 11 2 5 89 0 59 3 0 34 20 23 21 28 5 27 7 1 0 2 47 15 3 3 1 1 0 6 4 2 6 10 14 1 5 14 6 7 13 0 2 10 12 8 12 3 27 0 0 16 2 45 73 12 7 3 51 1 0 1 5 20 4 6 6 7 2 5 0 0 3
3 0 1 0 8 0 0 0 0 2 0 2 1 4113 1051 35 587 119 91 42 7 41 22 686 47 131 5078 373 40 8 19 0 59 276 5665 2261 626 59 23 3964 54 11 327 10 0 8 995 1 8 0 0 1 5 8 0 2 73 157 2028 291 14 18 68 379 36 1 71 231 18 5 4 2 32 56 149 1 1 2 4 0 1 0 7 9 5 23 29 0 1 2 10 10 3 7 128 31 0 3 25 48 0 1 0 0 1 0 0 0 0 0 0 4 74 113 11 7 5 145 9 303 80 554 63 6 2 4 17 31 8 282 1 0 2 21 0 18 54 2 61 52 72 68 58 1 7 14 1 0 43 26 6 4 1 0 0 0 0 4 0 1 1 2 0 0 1 4 5 32 9 2 0 0 1 2 2 27 0 3 4 0 10 29 33 0 1 12 0 0 0 2 0 3 16 0 0 1 3 0 1 0
0 0 0 0 4 0 0 0 0 0 0 1 2 5260 959 21 1158 14 3 10 4 10 12 79 3 1 787 394 13 4 7 0 50 644 2261 2906 4357 14 69 568 32 2 97 1 0 4 101 3 3 0 0 0 0 0 0 1 8 109 2400 1496 9 38 132 245 80 0 3 204 67 11 4 1 1 5 102 1 0 0 0 0 0 1 1 0 2 1 1 2 1 0 3 3 0 3 98 32 0 5 1 1 0 0 0 0 0 1 0 0 0 0 0 0 5 2 2 0 0 11 2 10 6 28 9 0 0 1 0 0 0 9 0 0 0 1 0 2 1 0 4 5 3 4 6 0 0 0 0 0 5 11 0 0 0 0 0 0 0 0 0 0 0 0 0 0 0 0 3 4 1 0 0 0 0 0 1 6 0 0 2 0 0 1 3 0 0 1 0 0 0 0 0 0 1 0 0 0 0 0 0 0
4 3 1 1 18 11 1 0 0 0 1 14 2 657 625 273 3286 257 113 150 261 743 719 227 103 138 353 359 38 19 23 2 1505 1070 626 4357 3944 2507 903 545 1173 46 158 7 2 10 804 25 62 0 3 1 7 18 1 4 43 274 1461 1410 322 81 170 196 108 4 62 666 544 17 9 8 261 30 330 52 0 1 11 1 18 0 14 20 48 42 35 10 16 3 20 51 6 20 179 150 1 8 74 14 0 3 0 1 2 1 2 1 0 0 0 8 21 10 9 5 4 16 6 26 47 41 24 17 22 3 17 9 3 35 31 8 5 71 0 79 17 4 123 48 16 86 49 5 11 13 1 0 27 34 102 1 1 2 0 0 0 9 1 0 5 22 1 8 3 20 12 38 1 1 24 34 8 25 4 21 1 1 6 1 31 109 27 14 1 33 1 1 3 7 24 1 14 7 3 1 7 1 3 6
11 1 11 3 19 16 2 2 2 0 4 42 363 14 37 206 1983 661 2028 164 482 1484 587 247 267 169 59 35 96 11 17 2 3035 114 59 14 2507 10634 646 439 913 92 529 824 76 1016 641 224 71 5 5 10 35 39 7 10 81 74 88 31 3214 154 82 151 12 50 180 243 438 47 113 23 3451 1281 102 303 15 24 58 4 76 2 90 69 160 126 126 45 155 41 1380 111 20 28 342 86 8 9 226 20 4 10 1 6 5 3 2 2 1 0 6 67 63 48 55 11 11 89 36 195 270 361 139 96 84 18 95 34 12 165 139 8 33 404 1 436 84 7 830 397 84 475 121 16 77 65 13 2 220 406 396 17 11 11 7 5 18 27 4 7 22 80 9 40 25 65 67 136 31 32 58 131 47 119 15 181 13 8 191 11 152 653 278 45 22 221 7 6 2 63 79 20 76 24 11 10 61 17 11 36
12 2 3 0 71 12 3 2 1 2 2 87 92 163 1786 2386 585 6161 106 1017 56 83 38 299 12 11 227 5203 74 41 78 21 411 411 23 69 903 646 17054 18 498 83 575 21 38 535 30 146 66 0 3 1 3 11 5 3 82 404 47 351 11324 197 328 1075 2722 21 31 209 4781 48 60 40 282 37 647 1964 4 0 39 0 30 1 24 3 23 12 2 21 39 3 108 116 7 22 271 436 7 22 15 25 0 7 2 2 6 0 0 1 0 0 1 19 10 160 389 11 9 52 5 879 36 600 22 0 1 3 1 141 6 234 20 5 10 32 4 34 6 6 77 54 712 18 1780 1 6 82 79 25 81 2195 13 6 4 2 0 3 2 1 0 1 3 5 0 8 4 9 369 805 11 63 3 9 16 5 7 915 3 3 124 7 11 22 50 10 6 12 2 0 5 0 1 12 23 25 3 3 2 0 1 3
5 1 4 3 15 11 3 0 0 0 1 24 0 1491 467 73 627 110 377 285 98 2575 821 3267 4549 13051 3574 86 117 6 24 1 101 189 3964 568 545 439 18 9329 473 86 789 68 3 10 4873 6 110 1 0 7 24 54 4 12 180 113 743 128 41 74 100 178 12 0 356 168 21 36 10 32 173 141 132 5 4 6 53 0 11 1 81 81 110 187 113 19 18 5 29 114 29 88 622 42 1 7 278 98 0 2 1 0 1 1 0 0 0 0 1 11 101 80 0 31 4 235 33 121 238 458 196 17 7 16 70 37 22 248 8 2 6 66 1 66 99 9 260 188 25 277 43 1 20 21 0 1 92 25 25 11 5 2 2 2 0 8 0 1 0 5 1 6 2 26 10 50 21 0 3 7 1 4 9 70 2 3 7 1 33 86 87 5 3 35 0 1 3 1 8 3 33 6 2 0 6 2 2 7
1062 390 784 286 756 930 141 237 16 58 36 832 23 324 1686 1328 1377 1338 563 839 2884 1421 6131 4596 241 1265 580 169 241 830 574 92 655 698 54 32 1173 913 498 473 11673 3162 1496 110 49 220 202 258 1692 32 421 354 32 33 1546 1251 193 202 35 76 1592 201 130 59 123 31 237 105 470 173 315 187 469 117 823 297 64 10 191 54 489 95 842 163 840 398 117 834 864 182 1397 3284 473 655 1153 872 59 71 250 76 1 1 14 10 1 19 1 2 7 4 15 67 18 18 19 3 4 30 7 60 36 95 20 13 9 3 12 13 1 50 34 0 25 163 0 83 18 3 81 53 36 49 61 8 17 14 20 2 26 137 50 34 31 6 5 6 36 25 52 42 12 24 3 8 20 6 17 44 22 6 12 13 14 7 22 89 28 28 127 6 105 100 50 9 24 94 21 15 164 5 24 64 74 12 23 5 13 2 2 4
0 0 0 0 4 2 0 0 0 0 1 11 3 17 77 74 46 86 24 53 26 170 605 5069 40 126 132 13 11 4 1 1 21 14 11 2 46 92 83 86 3162 2805 2244 20 10 95 52 17 378 1 1 0 3 6 2 1 15 3 10 4 537 24 24 10 60 2 29 12 143 4 9 7 33 3 12 82 2 1 6 0 5 2 4 7 7 10 6 10 29 3 309 236 2 20 113 17 0 1 19 6 0 0 0 0 0 0 0 0 0 0 0 0 2 2 7 0 0 8 0 12 3 11 6 3 0 0 0 1 0 2 1 1 0 4 0 4 0 0 3 3 3 1 8 0 1 3 3 1 1 32 0 5 2 0 1 0 0 1 0 0 0 0 0 0 0 0 8 6 1 1 0 0 0 0 2 20 0 1 11 0 0 0 0 0 2 1 0 0 3 0 1 1 0 0 0 0 0 0 0 0
11 3 6 2 31 13 4 2 0 2 3 60 54 102 144 139 144 780 240 144 44 602 609 2615 411 506 1113 395 223 18 63 9 116 107 327 97 158 529 575 789 1496 2244 7079 147 90 1228 675 86 1494 4 7 9 33 49 7 4 342 160 301 70 5533 253 1062 4660 1123 39 378 230 1580 50 38 49 291 30 248 704 15 0 70 0 34 4 73 57 84 149 69 58 131 52 4493 396 36 118 1379 132 8 21 202 189 0 1 0 0 1 1 0 2 0 0 1 4 21 43 73 3 2 35 2 241 36 224 23 0 1 3 7 29 3 77 6 0 5 21 2 20 16 3 60 28 139 40 305 2 0 47 50 4 30 769 5 19 21 0 1 4 0 2 1 3 1 2 0 4 3 10 129 169 22 32 1 9 6 6 31 342 4 8 324 21 7 27 19 2 32 15 3 3 18 4 0 30 47 7 1 1 1 0 2 0
4 1 1 0 2 1 0 0 11 1 1 7 5280 2 3 11 83 56 6512 121 33 129 18 29 32 19 9 5 15 3 6 1 9 5 10 1 7 824 21 68 110 20 147 10451 2623 503 62 97 50 305 17 34 4 6 6 2 13 6 10 1 294 84 70 29 8 464 17 32 64 19 54 255 1694 3907 19 45 1669 4131 3693 49 124 155 13 4 19 17 15 448 478 405 2549 60 5 14 185 6 133 6 21 6 3 4 0 1 2 1 0 3 1 0 1 22 57 65 53 10 10 77 8 218 154 492 108 19 29 5 25 16 11 103 30 3 7 100 1 129 34 5 326 158 59 171 66 7 28 37 17 5 161 367 87 43 57 3 2 24 7 8 9 11 7 19 2 12 0 19 68 74 47 47 12 32 13 22 89 273 10 21 537 37 49 224 244 23 66 111 13 40 55 16 20 166 93 12 6 2 19 7 4 7
2 1 6 0 2 3 1 1 74 1 0 3 3549 0 1 4 13 22 565 10 0 6 2 17 2 1 4 5 7 4 3 0 4 4 0 0 2 76 38 3 49 10 90 2623 5551 1206 3 46 38 4583 51 133 11 1 7 0 9 5 0 2 44 99 78 42 22 7843 4 3 158 18 36 115 113 418 10 38 1725 1210 419 264 330 717 8 2 0 3 0 2106 781 1985 2952 55 9 13 132 7 664 37 2 3 1 2 2 0 2 1 0 1 0 1 3 6 1 4 126 4 0 8 0 50 34 39 12 1 2 0 0 5 0 2 32 8 3 15 0 9 1 3 85 18 32 3 40 3 3 94 299 12 74 2164 6 93 170 7 1 80 14 11 27 27 5 7 0 6 2 1 273 196 94 588 2 14 14 1 215 876 19 41 2957 148 4 12 20 9 191 34 30 221 236 2 3 488 219 11 10 3 0 0 0 1
3 0 2 0 5 0 1 0 2 0 0 7 3228 7 16 110 333 4770 2330 96 6 11 12 403 9 5 57 254 43 2 13 1 4 16 8 4 10 1016 535 10 220 95 1228 503 1206 3997 13 34 44 4 1 0 3 2 2 3 64 17 9 11 3348 42 63 765 261 2229 26 31 286 6 8 24 169 149 43 40 46 5 47 0 13 1 8 6 2 11 9 17 47 31 1243 85 2 12 233 19 12 9 12 23 1 4 0 0 1 0 0 0 0 1 0 7 4 41 1055 8 3 26 2 567 105 410 28 3 0 0 3 57 1 56 45 32 4 63 0 38 4 6 277 95 282 12 1035 2 4 147 415 115 275 5963 13 9 7 5 4 8 2 7 0 2 1 12 0 9 6 11 639 663 15 1135 2 29 27 16 8 1380 1 4 616 20 16 28 121 15 13 19 2 3 8 7 6 21 29 27 3 1 2 2 4 1
11 2 6 7 34 10 1 6 2 2 4 43 0 213 111 12 398 21 119 59 91 644 185 731 3495 402 531 72 258 16 51 5 239 461 995 101 804 641 30 4873 202 52 675 62 3 13 8139 8 59 1 9 13 78 122 8 14 600 89 380 104 43 127 214 195 31 1 928 867 44 42 19 62 486 205 220 6 4 8 122 3 29 2 204 227 280 643 2580 15 14 7 35 94 27 95 640 57 4 9 1058 478 3 5 0 1 2 0 0 1 0 0 2 26 39 19 2 7 4 40 19 14 126 78 83 26 13 4 38 9 6 46 22 4 7 96 1 165 30 3 292 146 11 178 12 5 28 7 0 0 49 11 54 6 1 2 1 1 3 7 3 0 10 16 2 10 8 22 7 24 7 1 5 16 7 5 2 33 3 2 15 1 34 144 67 2 2 36 2 0 11 10 10 5 16 5 5 0 10 3 1 3
21 7 12 3 49 27 5 5 4 1 3 50 7 4 25 24 50 152 60 35 15 47 6 20 6 4 4 15 48 30 39 13 43 50 1 3 25 224 146 6 258 17 86 97 46 34 8 19013 194 25 24 16 3 7 17 3 42 91 1 20 946 9172 306 38 36 10 30 33 2524 792 2075 26 138 10 187 12028 20 0 40 8 477 19 26 11 10 12 4 1859 10402 248 3222 261 56 243 1066 250 11 10 9 20 0 4 0 1 0 1 1 10 0 0 1 5 0 1 7 5 3 6 0 9 14 9 1 3 1 0 11 2 0 4 19 11 4 15 0 13 0 3 27 14 16 27 11 4 5 104 29 10 65 140 19 455 858 7 24 235 21 22 29 121 2 4 0 3 3 7 50 201 288 17 0 10 15 5 611 660 141 223 1611 120 2 13 2 10 420 74 238 92 1159 9 3 1314 918 9 12 2 2 0 3 0
43 10 34 9 17 13 3 9 0 4 1 12 9 29 170 121 76 135 53 63 42 617 428 776 132 172 78 14 82 38 26 4 22 29 8 3 62 71 66 110 1692 378 1494 50 38 44 59 194 9872 5 46 15 14 19 73 24 50 12 12 10 287 122 72 12 21 18 162 16 145 128 118 9 40 16 44 208 26 1 31 2 97 6 50 40 47 61 19 293 802 168 955 4950 202 2289 8033 52 8 8 94 13 0 0 0 0 0 0 0 0 0 1 0 0 1 2 1 0 0 5 0 7 4 16 1 0 0 0 0 0 2 6 2 0 0 6 0 8 1 0 6 4 6 5 9 0 1 5 4 0 2 27 1 22 19 0 2 10 4 4 3 12 1 0 0 0 0 1 6 10 12 4 0 2 2 0 27 56 14 15 102 4 4 3 2 0 22 4 9 7 58 0 0 64 44 0 1 0 0 0 0 0
6 0 4 1 2 1 0 1 81 3 1 3 149 0 0 0 2 2 33 5 1 5 0 0 0 0 2 0 5 4 1 0 2 0 0 0 0 5 0 1 32 1 4 305 4583 4 1 25 5 4384 240 759 9 2 16 2 4 1 0 0 3 35 8 3 1 657 2 0 10 18 23 35 14 305 4 18 1078 595 124 1084 763 3791 32 2 3 3 0 4701 860 2460 372 103 31 9 28 3 681 27 0 0 0 2 2 2 1 3 1 1 1 2 0 4 0 0 0 1 0 1 0 4 2 6 1 1 0 0 2 0 0 1 2 1 0 2 0 4 0 0 6 4 0 3 0 0 0 11 3 5 18 8 2 68 190 4 2 62 56 43 82 104 2 3 0 1 1 1 3 26 62 10 1 3 0 1 177 107 46 62 813 57 3 7 3 1 106 21 45 206 309 0 1 567 118 2 1 0 0 0 2 0
130 22 83 12 37 41 29 33 7 10 4 30 7 0 5 3 2 2 2 4 3 14 3 7 9 2 2 0 90 100 19 2 19 11 0 0 3 5 3 0 421 1 7 17 51 1 9 24 46 240 8185 12916 10 27 574 151 25 11 1 2 7 26 10 4 2 20 75 6 13 447 56 17 19 54 37 8 76 27 18 1204 3164 1007 696 56 38 47 10 459 101 56 53 4924 10379 213 107 33 64 9 17 12 4 2 1 0 0 1 0 2 0 0 0 5 0 0 1 0 0 0 0 0 0 0 0 1 0 0 1 0 0 0 3 0 1 26 0 8 1 0 2 1 2 1 0 8 2 1 3 0 3 1 5 20 16 3 0 21 624 356 1125 807 42 6 0 0 1 0 1 1 3 1 6 1 3 0 3 4 222 70 37 2 7 12 5 2 0 19 186 15 494 4 21 49 52 1 3 1 1 0 0 0
213 33 117 20 52 45 47 87 20 15 2 65 18 2 0 2 3 0 8 2 3 11 3 3 21 2 4 1 151 153 41 6 49 18 1 0 1 10 1 7 354 0 9 34 133 0 13 16 15 759 12916 33566 15 64 908 208 39 23 0 0 2 25 10 5 0 140 83 14 9 158 50 24 39 167 74 5 259 82 42 14908 7998 5283 1329 92 70 75 29 1433 155 162 14 1377 5772 55 46 76 231 26 22 16 5 1 5 0 3 2 0 7 3 5 3 12 1 1 0 0 0 1 1 0 1 0 0 0 1 1 1 0 0 0 13 1 3 40 0 20 0 0 11 3 0 2 0 32 1 3 4 0 3 1 13 42 30 9 0 55 1449 1043 3784 1405 148 19 6 5 4 1 1 1 6 6 12 5 5 1 3 3 391 129 92 0 22 16 14 6 0 64 434 77 1341 3 38 105 110 2 12 4 0 0 0 1
482 53 232 61 190 165 614 322 121 294 86 257 0 6 4 1 6 1 2 1 20 30 5 20 74 6 28 12 7751 527 173 16 87 28 5 0 7 35 3 24 32 3 33 4 11 3 78 3 14 9 10 15 13123 8602 9540 5 434 46 8 1 6 80 72 21 15 3 1098 84 23 12 11 112 98 79 303 7 35 13 103 3 25 10 3330 551 137 66 174 17 6 5 10 43 24 38 138 244 371 4184 90 113 4 2 4 9 0 20 0 4 6 6 7 28 0 1 0 0 0 1 0 1 7 2 1 6 6 0 3 1 1 3 17 1 7 111 2 70 2 0 33 15 3 21 3 8 11 2 0 0 1 3 24 0 0 1 0 0 1 1 4 1 5 14 1 6 17 1 0 3 0 1 2 8 10 6 0 3 0 2 4 0 58 67 22 15 1 47 1 2 3 4 15 1 2 9 10 2 3 2 0 0
449 62 222 41 264 209 417 233 13 85 25 192 2 5 3 1 7 1 2 0 13 50 12 29 136 12 34 9 11911 588 243 19 87 41 8 0 18 39 11 54 33 6 49 6 1 2 122 7 19 2 27 64 8602 12598 1005 25 559 63 11 0 9 114 88 24 14 2 2843 114 28 45 19 57 119 81 368 4 21 3 77 10 67 5 6956 4914 269 398 283 12 4 2 11 51 42 45 205 292 21 959 177 236 3 0 5 3 4 7 0 4 0 4 7 39 1 0 0 0 0 1 0 2 4 1 3 7 5 0 1 0 2 5 10 0 2 121 0 79 0 0 35 14 3 12 1 5 14 1 0 0 4 6 21 1 0 1 0 1 5 4 8 4 13 11 2 7 15 2 3 6 1 0 6 6 14 6 1 4 4 0 2 0 60 75 19 9 1 51 3 0 4 6 18 5 4 7 7 2 4 2 1 3
145 19 83 24 58 51 134 62 18 55 11 54 0 1 5 4 2 5 3 4 8 14 5 1 12 0 2 4 819 111 48 5 15 10 0 0 1 7 5 4 1546 2 7 6 7 2 8 17 73 16 574 908 9540 1005 15174 262 78 12 3 1 9 15 10 6 7 1 103 11 10 33 27 28 17 34 60 11 14 2 14 135 337 92 5183 70 66 30 23 111 61 12 47 616 247 52 91 50 62 1211 10 15 1 0 1 1 1 1 0 0 1 0 1 7 1 0 0 0 0 0 2 0 0 1 0 1 0 0 1 0 0 0 3 0 2 24 0 15 0 0 10 4 0 6 0 2 1 0 0 2 1 2 5 4 4 0 0 1 59 28 135 45 5 3 0 1 3 1 0 1 0 1 2 0 4 2 0 2 16 8 4 1 9 17 10 6 0 16 13 3 35 0 6 8 10 1 2 0 1 0 0 0
252 76 163 65 135 145 38 67 2 17 4 110 1 0 2 1 0 0 2 0 4573 78 6 5 54 4 5 2 93 163 111 18 41 18 2 1 4 10 3 12 1251 1 4 2 0 3 14 3 24 2 151 208 5 25 262 4702 43 13 0 1 1 15 13 3 3 0 108 22 11 23 16 15 30 16 72 3 7 4 15 29 109 15 5141 189 2520 262 45 43 24 3 12 283 108 22 51 112 10 22 87 42 0 1 3 1 0 5 0 0 2 1 2 13 1 0 0 0 0 0 0 1 0 1 2 3 3 1 0 0 1 2 1 2 3 40 2 20 1 0 7 2 1 5 0 2 3 1 0 0 1 1 4 2 2 0 0 1 8 6 19 13 1 3 0 2 4 0 1 1 1 0 0 2 2 1 1 0 2 1 2 0 11 22 3 5 0 11 4 0 11 0 4 2 0 1 7 1 3 0 0 0
105 28 42 44 2079 138 74 13 2 11 4 66 2 58 54 12 49 10 15 9 63 125 19 164 393 21 375 133 6483 3352 9842 5 47 50 73 8 43 81 82 180 193 15 342 13 9 64 600 42 50 4 25 39 434 559 78 43 15831 113 72 6 90 936 995 406 231 5 2969 870 376 276 109 31 85 53 2664 29 7 0 57 5 148 5 538 456 215 962 2541 44 47 7 92 188 91 208 1355 2238 9 358 2301 6718 1 0 4 1 2 7 0 0 0 0 4 23 3 1 4 2 0 4 2 6 20 14 5 4 1 0 6 0 0 6 11 1 5 42 0 38 2 2 44 31 7 16 8 2 5 7 2 0 4 51 6 6 8 0 0 4 5 3 2 2 3 5 0 3 5 2 10 8 4 0 1 1 2 2 6 30 4 2 29 3 25 38 12 2 4 14 6 0 16 3 6 9 9 5 1 2 2 1 0 0
13 2 10 3 53 16 4 1 1 1 1 179 1 259 380 42 242 10 4 43 122 285 53 81 16 2 375 408 89 19 61 1214 1179 2446 157 109 274 74 404 113 202 3 160 6 5 17 89 91 12 1 11 23 46 63 12 13 113 3741 1574 947 56 456 531 256 250 2 121 5030 1054 90 77 84 93 26 8108 28 7 2 42 0 65 4 175 26 75 40 95 15 16 3 44 60 34 27 379 1626 5 6 52 97 1 0 1 1 1 7 0 0 0 0 0 15 1 5 5 0 0 2 1 23 3 17 4 4 0 0 1 2 0 6 3 0 7 39 0 30 4 0 24 13 17 6 25 1 9 4 3 0 2 49 5 6 6 2 1 3 3 4 0 3 1 2 0 2 2 2 8 11 9 4 5 2 1 0 15 36 0 2 47 6 21 25 2 1 7 15 1 3 7 2 8 13 9 1 2 2 1 0 0 1
2 0 0 1 3 1 1 1 0 0 0 2 1 456 252 14 407 7 18 21 17 49 33 271 68 35 605 179 34 3 12 0 163 2276 2028 2400 1461 88 47 743 35 10 301 10 0 9 380 1 12 0 1 0 8 11 3 0 72 1574 4240 6255 27 92 233 287 80 0 58 602 84 21 10 12 26 28 234 1 0 2 15 0 5 0 13 11 14 38 71 0 3 0 14 14 10 15 302 31 0 3 48 66 0 0 0 0 0 0 0 0 0 0 2 3 8 8 1 1 1 18 4 22 39 22 24 6 2 1 7 4 1 20 3 0 3 20 1 23 11 0 62 38 0 43 13 0 3 5 1 0 11 15 14 4 1 0 0 0 0 1 0 2 1 2 0 2 2 3 2 4 3 0 1 3 0 1 2 14 1 0 8 0 8 23 14 0 1 8 0 0 1 1 6 0 7 0 0 0 1 3 1 0
2 0 0 0 4 0 0 0 0 0 0 0 2 645 542 45 449 18 5 32 20 52 37 54 2 1 436 447 3 1 5 1 93 8060 291 1496 1410 31 351 128 76 4 70 1 2 11 104 20 10 0 2 0 1 0 1 1 6 947 6255 1553 17 131 277 181 167 0 4 1628 484 20 14 0 9 3 514 15 1 0 1 0 5 0 4 1 4 3 7 4 5 1 17 10 3 6 120 41 0 1 5 3 0 0 0 0 0 0 0 0 0 0 0 0 2 1 7 1 0 6 2 11 3 22 6 0 0 0 2 1 0 3 0 0 0 0 0 4 0 0 3 3 9 1 9 0 0 2 0 1 0 14 1 1 0 0 0 0 0 1 0 0 0 0 0 0 0 0 5 10 2 1 0 1 0 0 4 13 0 0 13 2 1 2 1 0 2 2 1 0 1 0 0 4 2 0 0 0 0 1 0 0
7 4 0 4 15 6 1 1 0 0 2 85 52 16 134 664 1061 6267 507 1107 22 70 80 1910 31 38 188 295 69 6 28 9 214 72 14 9 322 3214 11324 41 1592 537 5533 294 44 3348 43 946 287 3 7 2 6 9 9 1 90 56 27 17 14532 273 373 1695 207 129 64 36 4329 71 197 64 710 27 109 6005 9 2 70 0 106 2 10 15 13 18 11 115 289 20 4281 460 16 58 1291 124 6 9 21 48 0 3 1 0 4 3 0 2 0 0 2 14 22 43 651 8 7 20 4 279 74 353 22 3 1 5 5 94 3 119 23 24 6 39 1 32 9 8 204 71 319 13 1076 3 1 148 305 50 179 2787 14 22 20 4 2 22 1 7 0 5 4 10 3 4 5 13 292 794 26 207 3 24 22 8 40 1181 7 8 375 20 8 16 59 15 35 17 3 7 22 2 2 43 73 14 2 2 2 1 4 1
29 2 21 2 203 44 36 6 1 3 3 38 17 53 101 41 58 149 57 33 47 198 36 72 231 21 42 82 834 154 230 14 45 206 18 38 81 154 197 74 201 24 253 84 99 42 127 9172 122 35 26 25 80 114 15 15 936 456 92 131 273 29757 5586 1031 673 19 592 393 3032 3587 6002 19 86 14 918 666 26 1 40 13 1117 42 98 80 124 155 70 1727 1863 320 1478 196 197 563 7007 692 18 141 184 276 0 0 0 0 2 1 0 6 0 0 1 7 6 7 12 6 2 21 3 27 22 39 8 1 6 1 6 5 0 15 30 26 5 9 1 14 4 3 44 15 31 26 24 13 4 122 35 11 58 178 22 680 1125 11 19 224 58 45 53 231 8 5 1 8 2 7 50 228 332 28 4 18 15 12 781 691 231 406 1857 122 7 10 6 15 402 68 338 117 1731 7 4 1699 1251 19 10 3 2 1 3 2
31 3 4 1 153 15 29 1 1 1 1 23 12 92 164 47 95 88 48 24 28 138 27 82 162 30 98 172 789 111 249 4 30 247 68 132 170 82 328 100 130 24 1062 70 78 63 214 306 72 8 10 10 72 88 10 13 995 531 233 277 373 5586 19031 6742 7251 42 629 565 4552 220 119 16 49 12 888 227 42 1 32 5 69 2 115 90 104 134 93 56 261 148 1783 93 59 188 4972 433 16 136 177 362 0 2 0 1 1 0 0 2 0 0 1 2 12 14 15 5 2 25 2 49 29 70 11 1 2 1 6 9 3 40 21 7 1 12 1 15 4 2 47 20 35 13 46 3 1 83 28 4 51 187 6 148 185 4 10 87 5 11 6 15 2 4 0 3 2 3 53 183 164 17 1 12 4 3 280 791 31 45 1141 86 5 13 7 6 276 56 45 29 167 2 1 352 385 10 5 1 0 1 3 1
5 1 2 1 27 7 2 0 1 0 0 15 64 269 248 35 137 467 116 36 15 36 17 1149 61 20 3476 1777 187 20 107 6 39 220 379 245 196 151 1075 178 59 10 4660 29 42 765 195 38 12 3 4 5 21 24 6 3 406 256 287 181 1695 1031 6742 7985 5700 20 219 341 1263 166 51 11 67 27 375 102 7 0 14 0 34 1 36 31 27 61 37 11 10 2 281 29 13 59 3057 92 4 23 63 206 0 1 0 0 3 0 0 0 0 0 0 4 18 80 137 4 1 58 5 485 29 355 24 1 0 2 4 77 2 118 4 0 1 11 0 13 17 4 33 33 369 16 807 2 3 43 22 8 30 1005 8 6 6 0 1 1 1 1 2 1 3 1 0 0 1 3 185 244 9 29 1 3 6 1 4 377 1 0 80 3 9 15 24 5 8 10 0 0 5 0 1 9 19 11 0 1 0 0 0 1
9 0 1 0 32 5 7 0 1 1 0 3 27 109 255 103 77 169 27 7 5 15 4 161 8 4 194 1113 153 30 108 0 15 176 36 80 108 12 2722 12 123 60 1123 8 22 261 31 36 21 1 2 0 15 14 7 3 231 250 80 167 207 673 7251 5700 7178 5 75 269 3890 73 22 1 7 8 381 10 1 1 3 0 15 0 19 13 18 11 15 13 13 2 163 47 9 30 1398 146 1 33 16 88 0 0 0 0 1 0 0 0 0 0 0 2 5 32 72 1 0 15 0 192 13 148 7 1 0 0 0 39 1 34 7 1 3 4 0 6 0 1 20 5 150 10 411 3 0 21 11 6 11 559 2 15 8 1 0 1 0 1 0 0 0 0 0 0 3 2 117 172 12 12 3 4 6 1 9 245 2 5 97 8 3 2 8 2 12 2 0 1 9 0 0 14 10 3 1 0 0 0 0 0
2 1 0 0 0 0 0 0 23 0 0 4 3974 0 1 3 11 189 664 7 1 4 3 12 1 0 4 19 1 1 1 0 3 0 1 0 4 50 21 0 31 2 39 464 7843 2229 1 10 18 657 20 140 3 2 1 0 5 2 0 0 129 19 42 20 5 1019 1 1 49 5 18 11 35 332 4 21 393 762 69 84 114 368 2 1 1 2 0 262 144 174 2760 31 3 3 58 1 203 7 0 1 0 1 0 0 1 0 0 0 0 2 0 0 0 1 293 1 0 4 0 88 22 76 1 0 0 0 1 5 0 6 1 0 1 11 0 7 1 0 42 11 16 0 51 0 1 7 143 27 45 945 0 17 26 0 0 12 4 4 9 18 2 0 0 1 0 0 33 51 13 1945 1 1 0 0 32 128 4 12 302 18 3 3 20 1 31 4 6 17 22 0 0 96 37 0 1 1 0 0 0 0
330 146 284 123 710 554 81 87 6 46 18 377 3 11 18 5 30 15 24 19 56 210 97 250 925 110 306 54 5724 555 1425 46 145 94 71 3 62 180 31 356 237 29 378 17 4 26 928 30 162 2 75 83 1098 2843 103 108 2969 121 58 4 64 592 629 219 75 1 11166 721 121 217 84 80 206 94 1757 18 18 1 85 16 139 17 2059 13550 606 4402 2763 58 51 13 81 360 159 288 1539 983 19 103 1887 2885 7 1 2 2 1 10 0 2 0 2 7 35 3 2 3 0 2 7 1 9 13 18 6 6 5 1 4 1 1 10 14 1 10 96 0 68 5 0 56 29 7 24 9 8 8 1 2 0 12 25 32 5 11 2 0 2 6 6 12 6 9 18 2 7 15 7 6 10 5 2 6 7 8 13 4 24 2 10 34 3 50 75 33 12 7 44 6 4 24 3 12 6 11 3 8 2 4 1 0 2
11 5 11 4 37 12 2 6 0 1 0 23 1 225 203 15 171 14 11 22 51 162 21 118 275 17 442 318 324 13 132 1 233 2406 231 204 666 243 209 168 105 12 230 32 3 31 867 33 16 0 6 14 84 114 11 22 870 5030 602 1628 36 393 565 341 269 1 721 5123 508 112 44 37 216 137 4168 11 4 2 75 0 44 0 169 128 110 290 2574 15 10 6 33 45 17 29 485 113 2 13 416 1217 0 0 1 0 0 2 0 0 1 0 1 10 2 7 4 1 2 12 4 16 21 18 19 9 4 4 6 2 2 10 16 0 4 72 1 118 9 1 153 87 7 47 12 5 17 3 2 0 9 40 17 6 4 0 2 1 2 2 1 1 6 9 1 8 0 9 5 15 7 1 5 4 4 4 6 24 2 1 26 1 26 78 40 6 4 13 2 0 8 1 10 5 11 4 0 0 8 3 0 1
30 1 5 4 341 107 26 6 7 4 4 92 67 144 782 558 409 1134 69 298 66 149 30 146 22 8 46 374 292 186 249 42 245 679 18 67 544 438 4781 21 470 143 1580 64 158 286 44 2524 145 10 13 9 23 28 10 11 376 1054 84 484 4329 3032 4552 1263 3890 49 121 508 8856 341 642 40 213 27 1848 9850 47 4 44 3 294 10 53 21 75 38 39 180 473 83 2496 189 47 107 2097 1464 46 60 48 115 3 5 2 3 2 1 0 4 1 2 0 14 6 11 129 12 4 19 2 89 57 79 15 2 0 2 4 11 1 15 41 20 9 55 3 37 6 8 155 42 72 4 220 7 2 234 269 17 109 1855 13 206 150 5 8 89 8 11 7 15 5 12 0 4 8 9 314 513 190 72 5 23 19 3 248 1864 27 49 2357 147 18 38 17 18 313 54 33 33 149 7 8 229 401 26 7 1 5 1 6 5
87 11 44 12 61 24 18 25 0 5 1 29 3 5 19 11 19 19 15 5 23 163 27 31 112 24 10 10 244 78 65 9 20 37 5 11 17 47 48 36 173 4 50 19 18 6 42 792 128 18 447 158 12 45 33 23 276 90 21 20 71 3587 220 166 73 5 217 112 341 4823 2430 9 22 12 234 142 15 2 9 32 1107 162 94 38 54 98 32 1438 368 62 384 681 2438 1283 1116 145 9 23 80 79 1 0 0 0 0 0 0 1 0 0 0 4 0 0 2 1 1 1 0 3 2 3 1 2 1 0 0 1 1 3 5 1 2 7 0 5 0 0 7 2 3 4 7 0 2 12 4 0 9 20 3 142 130 8 4 27 119 95 137 281 8 3 0 3 3 0 4 18 22 5 3 3 5 0 45 59 138 187 151 7 6 3 9 7 34 13 187 19 817 2 5 208 211 2 9 1 2 1 1 0
72 19 40 10 67 23 16 14 0 1 0 40 4 6 11 10 25 48 34 10 10 71 15 13 43 7 10 9 117 77 49 11 21 38 4 4 9 113 60 10 315 9 38 54 36 8 19 2075 118 23 56 50 11 19 27 16 109 77 10 14 197 6002 119 51 22 18 84 44 642 2430 14596 17 49 10 170 513 26 2 25 25 6283 154 59 25 21 43 12 4274 1109 180 815 343 840 500 643 190 12 23 26 28 0 0 0 0 0 2 1 0 0 0 0 2 0 1 0 0 1 1 0 2 2 5 0 1 1 0 1 2 0 2 4 2 1 6 1 3 1 0 3 1 2 3 5 6 1 20 4 2 10 29 5 163 194 7 5 39 127 90 180 323 4 1 0 0 1 0 7 18 26 5 2 4 0 0 78 69 183 183 262 17 11 15 6 3 48 16 181 37 969 0 1 299 281 3 6 0 1 1 0 0
109 81 105 47 77 144 48 6 278 61 360 1503 36 0 4 6 7 11 32 3 245 387 28 18 64 9 2 2 180 183 55 186 1337 33 2 1 8 23 40 32 187 7 49 255 115 24 62 26 9 35 17 24 112 57 28 15 31 84 12 0 64 19 16 11 1 11 80 37 40 9 17 5005 6285 1589 82 15 4820 272 4671 7 41 17 137 34 95 44 42 67 42 21 144 51 20 5 39 376 8624 323 80 11 38 12 111 119 20 258 15 30 49 52 113 579 6 2 1 5 2 5 3 10 28 11 14 39 28 3 15 1 1 10 70 4 118 709 3 257 4 2 169 75 5 49 7 36 100 13 2 2 29 33 97 8 9 10 0 1 24 37 4 15 46 74 12 35 80 10 7 16 9 2 54 33 39 25 3 24 21 5 45 11 639 418 189 28 7 429 3 1 7 14 113 17 29 83 129 26 33 7 4 1
