22.5087368140025 21.1603393969028 26.2901891843996 34.4251509973514 43.3014419843429 51.3276922474875 30.3510257748585 26.9455818608586 64.8664193080022 44.563215545476 82.2542032095102 76.4537373384576 0 117.265272521973 130.34429473877 187.651912689209 160.688720703125 0 169.7097752889 234.947794596354 118.107341168875 124.380086798417 218.096363067627 161.283280944824 148.450883388519 201.71516418457 136.265168762207 116.812887191772 25.45689727578 25.273498106326 54.2822355123667 62.8562666162268 103.972531904868 141.236986432757 115.065742492676 0 140.692785263062 169.66079157049 137.916081110636 185.757043457031 97.7527916040798 0 187.801667646928 229.462337493896 203.947715759277 168.217432657878 159.227185336026 181.635213942755 160.423120365586 193.042371114095 155.431249471811 167.025931523999 115.40737846976 103.11635847028 120.843068931843 107.859734913659 70.2810119901385 150.597323197585 92.6534652709961 99.2751731872559 184.946960449219 181.116482701795 168.507845478673 130.406929016113 147.024917602539 198.448600769043 104.618821404197 144.447879444469 148.792723083496 180.619342672414 183.084929784139 95.6294749198704 170.302111816406 120.089945293608 137.336543551358 159.22718556722 90.4957809448242 238.933639526367 128.088131471114 167.71283432533 182.402051362537 180.323391563014 122.202211976919 110.168649839318 118.22129742972 109.274738521366 151.473358154297 188.225302360427 192.803146362305 196.231658935547 199.87335357666 151.300164936072 172.039941961115 173.616471706293 180.621003299289 86.9930732556562 81.81974352961 56.2391036144109 108.336346289691 105.718556676592 176.077729302484 170.271713256836 177.396230278641 174.788461211929 174.81916809082 167.476379633885 162.695547042354 134.889645550702 170.664349986661 132.704015526405 156.617333277471 164.298444623992 0 0 0 0 0 0 0 191.664611816406 179.943267822266 155.34001159668 0 193.031105041504 206.373489379883 0 0 0 0 214.526809692383 174.939264933268 231.526840209961 158.045824565585 165.07421905116 0 181.195673296528 169.431625366211 0 174.150384521484 182.23969523112 215.471176147461 0 0 195.849033702504 189.314140014648 193.858474731445 0 183.981491088867 0 192.174942016602 192.814682006836 235.440630594889 230.18620300293 219.426938738142 0 0 206.916065416838 230.271252950033 198.387101606889 220.357554931641 208.886409759521 204.475017971463 189.381080627441 187.71258192796 148.466681695754 215.898971557617 188.615112304688 0 233.548568725586 235.626098632812 197.849814097087 221.713062286377 160.438133239746 177.555683135986 0 238.3291015625 221.936042785645 227.101248168945 213.555084228516 0 151.257035779523 156.689797058105 161.140862715872 220.363830566406 218.664840698242 148.92693901062 197.372611999512 212.875885009766 223.870167900534 228.970748901367 210.455553327288 228.081466674805 232.048044204712 158.485822735411 126.360431013436 171.444539478847 201.149497138129 208.856986999512 0 0
21.1603393969028 12.4882549258601 25.3280620160067 22.5721106444906 21.4439599217124 46.5240110095731 54.7853671590662 73.1627907752991 70.7149154663086 84.1941206671975 76.3339544169108 65.8109460848467 0 0 157.349990844727 0 106.511962890625 199.640251159668 154.260772705078 0 116.697601076156 123.801960721929 170.584762573242 189.069778442383 147.318412780762 143.271392822266 0 121.79638671875 70.4605123214722 23.6952978203242 36.5410885421891 81.3392424950233 110.433347860972 167.602129618327 0 0 149.75653330485 153.572067260742 165.377769470215 246.604232788086 96.7564186096191 0 185.430999755859 237.688125610352 226.946533203125 0 206.482452392578 188.840979439872 157.943482971191 0 166.565510142933 165.659685539477 128.307443726738 118.684880779636 137.905563354492 114.865822641473 99.0934619222369 179.352828979492 0 0 174.702850341797 185.231620788574 228.052393595378 230.163497924805 0 208.554473876953 102.961674729439 155.573890686035 134.001907348633 185.483022516424 187.84479803788 93.5132275334111 182.214511871338 100.183518886566 172.999749077691 182.216013590495 77.5428331548517 0 104.779024759928 172.832311630249 188.181265547469 169.980302598741 129.502714970729 113.234855262601 118.209123681445 110.758591753371 154.942113876343 189.705380088405 194.674554443359 198.636571248372 193.709976196289 154.720353874793 180.4223682697 183.066900400015 191.497057233538 119.046722194127 86.8728925368365 75.8194842288369 122.314733331854 104.041812133789 177.693413930397 174.918278620793 177.541808532715 173.888984196361 167.062012481689 167.883754875474 167.07555770874 139.709094543457 167.761136350379 132.154196749028 152.812472579058 160.970676583654 0 0 194.974655151367 0 167.376922607422 0 0 0 153.405319213867 196.827919006348 0 186.634472317166 193.483383178711 0 0 0 0 0 177.197728838239 0 149.324463026864 158.393352229421 0 163.249738877819 0 0 201.717491149902 186.210884094238 183.307525634766 219.999061584473 0 203.21703253852 184.742338256836 0 0 0 182.884323120117 202.756790161133 0 238.897094726562 230.132484436035 212.85432434082 0 0 242.660606384277 231.815483680138 210.937370300293 229.496192932129 209.059197562081 204.686252848307 181.876419067383 173.640128135681 149.689632581628 161.801803588867 0 0 0 0 198.145546653054 222.667808532715 148.065475463867 0 0 0 226.958251953125 0 244.553466796875 0 149.440081787109 152.094411513385 163.357681274414 141.05110168457 0 144.707058906555 202.784225463867 192.429153442383 224.85240512424 221.264505004883 213.107221406082 0 0 156.528330121722 124.984500272774 179.138406192555 211.410512750799 189.773406982422 0 0
26.2901891843996 25.3280620160067 17.4681343514619 22.9456660228883 91.8817971449632 34.8150955853064 62.8965174200855 18.9633361025458 61.2483640706764 29.0208849984057 69.0234555740879 24.2844347557902 0 0 145.973167419434 0 189.082695007324 207.128809611003 185.831024169922 158.674545288086 122.027020349701 122.543860512218 195.62523651123 188.39389692034 158.680244445801 134.219970703125 194.748357137044 0 100.003341048511 87.4004481135847 102.573144032405 80.6529596328735 123.86920485958 162.743360900879 163.437194824219 0 149.017517089844 178.278239857067 182.932189941406 169.928592681885 103.646357263838 0 175.274185180664 247.169357299805 205.580718994141 208.771110534668 157.576766967773 198.26234181722 164.537934695973 200.935367584229 163.176075487252 174.685831053644 127.731906397589 120.095037374411 134.881879967379 118.025598865345 122.13062050229 165.488442993164 0 0 0 202.992528279622 223.199901580811 199.919799804688 178.075408935547 0 111.782775153576 165.903648376465 177.489245605469 186.517880179665 189.507234573364 101.036090196882 181.159461021423 110.647541236877 156.60697889328 183.099917093913 103.272359848022 187.535224914551 137.977163042341 179.066204364483 190.21888885498 180.073032855988 132.076471843252 120.45432802526 123.538158791492 116.883484270588 172.634658813477 194.365643024445 201.46696407237 199.134366716657 197.243427623402 159.259839433612 179.7724521443 184.926005487857 190.93705255845 142.647646490133 77.2091505993372 78.2235877939633 122.958706464924 113.177201704545 174.658737022511 174.327958364335 134.069168249136 174.237999712112 169.018340386285 162.042936021306 149.638847156447 130.767516076148 99.9837243204341 128.937536377838 151.11702964134 162.586747501869 0 0 0 0 0 0 205.021835327148 0 0 198.628219604492 0 210.774759145883 210.291371663411 0 169.692489624023 200.430068969727 0 225.899276733398 172.805762236973 240.404342651367 153.807073579011 165.539064834367 0 166.977927889143 0 177.905487060547 186.437004089355 188.070263671875 197.98713684082 203.566375732422 218.176010131836 205.734324793662 195.451529729934 0 161.527740478516 0 153.102264404297 0 189.270208740234 235.261042277018 225.370559692383 212.891606140137 0 190.157965087891 234.941244942801 233.725531185375 212.463862492488 233.38404168023 216.76342010498 203.517395019531 179.94012378511 185.370661535928 153.57702922821 0 219.860916137695 0 0 176.890075683594 209.379770914714 216.628168741862 175.572650146484 203.426742553711 0 0 236.713354928153 238.198308308919 231.963040669759 0 150.748191299972 159.687767631129 141.630154800415 149.448684692383 0 148.772159181792 215.787780761719 204.39518737793 234.999620939556 204.496798197428 213.130386352539 232.254089355469 239.921466064453 162.857841805236 120.759284253875 174.252208491734 209.822471618652 0 0 0
34.4251509973514 22.5721106444906 22.9456660228883 11.0954013518462 14.5843474136901 18.7851774877554 59.6467877864838 53.1819668240017 75.2981126308441 65.2010336789218 74.1089861099034 25.605410124681 0 133.015995025635 0 0 228.786598205566 0 161.873168945312 0 111.088014803044 110.710632555413 132.76245880127 178.259536743164 150.576817830404 0 0 0 86.3562510891965 37.5552418409697 29.4365694466162 47.8860606440791 103.717799032888 0 0 0 240.102981567383 179.777211507161 0 155.438552856445 95.7672666803107 0 181.109619140625 0 0 0 146.427280970982 173.651748657227 172.009048461914 213.731002807617 177.407814025879 176.423188018799 131.259502973713 120.187138627215 135.863151868184 108.900252474271 80.9605288939043 121.95090230306 179.768508911133 0 192.346630096436 196.051681518555 152.652038574219 202.246109008789 0 0 98.6669005107104 160.715808868408 174.757583618164 189.420475006104 190.39386138916 95.0516884174753 141.349597930908 87.0861979166667 155.03740345348 0 95.1249243418376 0 124.439292144775 0 191.119190123023 170.790622711182 128.363103216821 108.800759410858 114.082726087438 103.817342577483 136.434555053711 189.258999960763 182.321149553571 0 186.61771774292 155.041228901256 177.140017191569 183.476549588717 190.156226021903 111.790042604719 74.296751914768 88.4005063723211 101.624026785091 94.5982735951741 174.911335805829 169.747765792044 171.324333431651 170.586563048575 162.155575125558 162.407075406794 160.975218399711 133.146761967586 150.522236068432 123.639449013604 147.363181908925 158.739419707517 0 0 0 222.456176757812 0 0 0 0 0 0 162.949600219727 197.60578918457 206.958038330078 180.7470703125 184.908432006836 0 231.132171630859 0 169.873407700483 157.161285400391 153.354121574989 158.060174974345 0 160.496578216553 0 240.739791870117 183.520619710286 230.384689331055 190.226119995117 204.082448323568 0 186.01821009318 203.811729431152 189.016067504883 0 0 0 206.500801086426 0 0 0 201.997248331706 0 0 216.910285949707 231.820966280424 237.089790344238 241.915367126465 206.326602935791 196.828618730818 186.983261108398 176.180693969727 138.959211667379 204.892150878906 0 234.367904663086 0 0 206.391616821289 189.811669921875 177.32514444987 179.444290161133 0 0 239.166030883789 214.211059570312 229.714996337891 0 144.007787437082 151.966048072366 158.43567774846 193.024978637695 0 132.643560970531 204.72087097168 0 225.092193603516 204.197250366211 208.724756876628 0 0 152.50480966007 122.766796690045 174.975250244141 204.503866195679 0 0 0
43.3014419843429 21.4439599217124 91.8817971449632 14.5843474136901 10.7751789385644 24.5315172323275 53.4697613889521 76.1542858943761 75.5691270828247 84.1368708292643 55.6593580245972 47.7147076408561 0 91.4935234332907 85.3643135070801 110.28031539917 85.7513994489397 151.965800476074 141.357159932454 125.67190806071 91.1688599176152 85.8749221418692 123.839839935303 139.163413456508 91.8102322746726 146.517781575521 105.077703168315 92.4941456074617 60.7588582732219 30.2758571551396 19.3792775426585 29.1575220528469 59.9927895771708 64.2976424934328 116.082860946655 88.6173610687256 97.1005249023438 136.565344358745 99.3048146207568 118.198108927409 80.3691082959453 141.643440246582 136.589528729839 145.05842590332 185.187141418457 149.608773803711 102.51318134981 142.369794573103 144.102058410645 175.098487854004 156.821915497651 159.746253380409 116.179279206928 102.151654937051 118.935330226504 94.097917288321 50.598333233076 62.8783151878501 75.7511736551921 120.684271812439 122.072536214193 145.946110880434 129.555131052055 124.391764040347 116.27543592453 0 77.3342513447077 84.7584661535315 112.589642969394 166.447103781778 167.602410159894 75.9158510480608 86.3186803658803 77.2079016741584 61.0286490890417 120.460736989975 106.159252421061 170.723815917969 91.2692346734516 160.65521812439 173.570316508665 172.760054016113 115.072653721401 95.4859781534321 95.548583625096 81.137203115053 98.0824632866438 173.869182752526 172.355258687337 178.865219116211 162.903327518039 144.221642790541 167.593453741693 164.488953631857 150.288814171813 19.9494759464733 76.0465191859825 67.7169497110757 75.1954699459239 42.8422464008989 164.953388849894 165.570855140686 168.084175934663 164.484363879188 169.014027404785 157.645290834684 191.353733062744 130.034826914469 149.156154251099 125.80139503479 142.409903159508 149.079021483429 170.339630126953 157.132359095982 0 185.161987304688 0 0 0 164.0390625 140.336242675781 177.627365112305 0 194.178771972656 211.134437561035 0 184.789428710938 0 0 165.459419250488 164.235576629639 0 144.604313038014 151.464784037272 0 169.772279822308 197.353179931641 0 173.774941253662 164.388737678528 164.171627468533 177.038555145264 172.663703918457 178.230623881022 157.712979125977 229.460638427734 168.884002685547 0 162.40255279541 176.02446101262 151.837005615234 214.444366455078 196.177947998047 189.658248901367 0 164.546676635742 183.606155395508 208.002494812012 214.268325805664 220.743388584682 190.242805480957 207.344765296349 188.012176513672 183.812115139431 136.901987075806 0 176.415634155273 191.683595445421 248.658905029297 179.811828613281 209.857841491699 155.466987609863 0 0 197.000259399414 179.776043701172 217.96002633231 203.650756835938 194.520245552063 188.9892578125 137.305250061035 153.032522348257 100.959139823914 132.277744293213 199.126050313314 138.11559899648 212.498062133789 171.835678100586 223.035649226262 215.653564453125 204.957381439209 211.088062286377 219.876211547852 149.977365705702 111.438196818034 157.782642017711 172.245630900065 0 0 210.230850219727
51.3276922474875 46.5240110095731 34.8150955853064 18.7851774877554 24.5315172323275 10.6658826211518 64.2737023708284 59.0498027801514 67.886812210083 35.2522402931662 59.6911192267549 22.1473294172111 0 94.2177581787109 116.010459899902 148.834094238281 114.127240180969 142.694231669108 163.731587727865 87.2890981038411 105.388399568715 93.8641479066244 111.609961700439 149.975184353915 114.960467179616 169.048763275146 171.307339986165 183.812911987305 85.5382124017046 52.0005931770388 38.2543299198151 20.5259400951651 59.7216306538953 84.8470859788869 0 0 113.872232610529 143.969529151917 107.446537017822 176.46877635609 93.7372051115959 132.063751220703 182.604694073017 240.365570068359 191.502822875977 0 133.960121917725 157.696762932671 160.702655498798 207.195251464844 160.942995210973 178.183766004774 128.019777656324 119.72539326791 131.456253201354 113.127358061692 83.4427391273388 102.492061138153 226.380447387695 0 147.638345082601 171.47149848938 164.770784505208 185.255320957729 167.746122741699 0 98.0778945206735 133.747533798218 124.786949015109 188.411400477091 182.960619719132 80.928520626492 99.891279842979 78.9073912922929 90.4819248478587 139.35008799235 85.2407042185466 166.131469726562 109.747918656293 181.375738961356 192.112688482375 179.481084650213 130.663002808889 111.010063867311 110.761492010465 97.832489103912 140.50244354248 190.336940359562 189.339152526855 181.162788391113 185.231061935425 153.172935625402 182.40866005939 177.736143493652 182.719559600388 23.7987277361866 63.736843660742 83.1487018241257 90.7819254957599 89.6944785740065 169.87714881897 168.303167894151 167.786319843091 165.553186993266 161.898785798446 156.824593086952 161.243523461478 132.226078033447 105.533288888086 121.30871224109 141.505564102601 151.707591840049 145.923477172852 178.341232299805 156.051795959473 0 0 0 0 179.133612060547 0 167.775555419922 196.326232910156 200.070408747746 210.169423421224 235.044715881348 0 0 0 0 165.96135881212 220.279006958008 142.993283905252 152.911545718673 0 159.02713917577 0 0 183.730631048029 172.787785121373 184.904607772827 192.034931182861 183.534524100167 192.604918924967 184.450208268076 244.896636962891 0 0 162.806213378906 181.589309692383 215.725947062174 237.104698181152 197.508361816406 211.861795278696 0 0 226.399987792969 224.989345843975 196.682607014974 228.921813964844 206.844173036773 196.724340976813 171.092492421468 174.71928829617 143.509889221191 177.298286437988 178.322593688965 178.29833984375 224.915832519531 121.958183288574 195.243764416925 228.005452473958 144.00212097168 0 211.661697387695 191.837875366211 236.75424041748 224.991027832031 196.606362660726 195.645889282227 137.053257450267 140.964688172212 136.186905822754 158.326479593913 187.705612182617 136.076041299789 192.02560933431 0 226.752388000488 211.069485473633 200.939720566208 232.046279907227 225.25590297154 144.328834860665 109.109965554339 156.375516011165 193.501642563764 220.251815795898 0 0
30.3510257748585 54.7853671590662 62.8965174200855 59.6467877864838 53.4697613889521 64.2737023708284 17.3520308886415 29.7772624801794 21.033565650968 32.0877631517731 62.0406048961521 71.2656097072378 0 106.984828948975 154.302936553955 0 102.59387588501 0 174.490135192871 0 116.480221851763 112.846519165039 0 168.495463053385 120.49460144043 179.267211914062 85.2283630371094 123.106817245483 30.5953975358681 43.71850300182 53.5744625958529 59.4879348589026 95.6391839081386 81.1325505574544 0 0 98.4722290039062 132.950855255127 129.432614644368 154.716646830241 96.864205083103 0 164.875064849854 0 142.567855834961 150.863037109375 176.728225708008 162.418041992188 152.300407409668 0 138.205132583092 145.892480403819 80.3924254439165 75.2997845757208 91.6876414854135 87.9339762235943 68.5043381871404 91.5509309768677 71.1759796142578 0 230.193420410156 165.285519070095 147.972505503687 164.572681427002 120.780215672084 0 103.813834578903 109.50940322876 143.253206106333 172.049644470215 171.082429885864 96.3096067905426 125.910598209926 100.17769156562 105.741951909559 183.887557983398 74.3312690041282 95.7000732421875 102.917433033819 150.409729003906 166.583358591253 164.424446105957 101.823870366802 96.5685724141646 110.086117074845 101.779396706439 122.412465413411 176.820375976563 178.230962900015 181.260330200195 220.238291422526 138.261129748437 155.339452997843 163.947623512962 171.195046318902 76.0011152472378 69.3328328450521 25.7946409673466 105.981345040458 104.507311652688 177.995875549316 145.644561767578 171.889779281616 170.058072490077 168.240009307861 160.689384585521 218.170272827148 141.928461456299 143.324526045057 136.002450731066 159.831635475159 164.832367010284 0 0 0 0 0 0 0 0 0 0 0 0 0 0 0 0 0 192.286117553711 167.86061706543 0 145.872449874878 162.141759575738 0 168.315351046049 0 0 165.887771606445 0 160.837432861328 0 0 191.500869750977 196.301782226562 236.123764038086 0 0 0 0 217.67741394043 210.766555786133 0 0 0 210.692428588867 234.789825439453 215.283777872721 174.845292524858 195.400848388672 211.836418151855 198.655916849772 0 170.508728027344 137.144271850586 155.643356323242 189.50129699707 216.757446289062 0 0 218.31534576416 247.227981567383 0 0 0 216.483973185221 0 223.578659057617 219.326093401228 0 149.174553452877 157.013743473933 127.788250393338 205.556030273438 246.720352172852 148.03930349911 207.076782226562 0 220.301691691081 0 200.942310333252 226.780176798503 224.788436889648 171.300374984741 136.558001624213 146.642491149902 145.132522583008 0 0 213.29182434082
26.9455818608586 73.1627907752991 18.9633361025458 53.1819668240017 76.1542858943761 59.0498027801514 29.7772624801794 15.7380366454547 18.214613099201 17.6612755135031 44.2848283979628 50.5644907815831 0 0 0 0 225.445846557617 0 243.702880859375 0 131.586868558611 136.435094197591 0 242.32243347168 151.925323486328 0 222.120643615723 0 85.6532209059771 59.0886324648587 91.8105898211079 80.5536923408508 147.114012718201 171.302612304688 0 0 0 159.937133789062 154.476539611816 0 96.9032280515518 0 181.466827392578 0 130.938125610352 0 165.715993245443 168.776202392578 149.509009467231 197.560745239258 142.929117376154 162.4809683438 97.5251530712436 91.6873342325759 111.064773436516 103.797702846242 126.814995692326 136.177154541016 133.519958496094 0 192.125518798828 190.799242655436 183.18586730957 0 0 0 106.145363336322 150.380093892415 184.54411315918 177.897211303711 178.628193446568 137.939572652181 155.465389251709 115.743680318197 167.073631286621 180.640899658203 93.8864201136998 0 125.380488077799 158.891088867188 177.54399093779 164.126077016195 116.334084973557 106.775238480679 115.351713997977 119.230109922348 148.077747889927 185.554587598117 203.463282585144 215.359690348307 200.761972427368 147.424839817198 166.391921053228 173.595843279803 172.286821064196 135.104501724243 83.3907562514483 48.031628335668 124.495199076335 154.398055336692 179.204172934255 174.394817352295 172.820490519206 171.860881024096 166.242601667132 163.016125756341 143.683332170759 121.005949837821 144.619340133667 123.251127243042 148.333539366722 160.382164177528 0 0 0 0 0 0 0 0 0 0 0 0 242.217239379883 0 0 0 0 0 168.151575724284 0 141.854480743408 165.193051528931 0 184.538745117187 0 0 0 0 0 0 0 199.917633056641 211.603205362956 0 0 0 0 0 173.378080368042 223.198150634766 0 0 0 236.600234985352 204.991226196289 203.886779785156 200.906287057059 208.938070678711 219.887393951416 211.051399230957 179.217071533203 184.985694885254 135.202218373617 0 0 0 0 234.867004394531 201.053108215332 202.975231933594 140.615051269531 0 0 212.217514038086 213.89577738444 234.99560546875 215.48193359375 0 166.536573475805 169.437997817993 97.9487457275391 0 0 155.334760393415 186.097827911377 0 222.593795776367 224.085891723633 209.836624145508 0 228.953128051758 161.996742248535 120.885609713468 141.184548272027 205.730926513672 0 0 0
64.8664193080022 70.7149154663086 61.2483640706764 75.2981126308441 75.5691270828247 67.886812210083 21.033565650968 18.214613099201 7.18125772539987 16.3198171906623 38.3327338122114 65.2796557599848 64.4962997436523 0 137.269104003906 0 0 0 0 0 124.598100662231 105.833358071067 0 0 0 0 0 0 84.6847379207611 67.940369337033 84.4731636047363 89.3416678110759 68.5486444585464 61.4531784057617 0 0 0 122.065052032471 99.8504791259766 0 116.878479003906 0 0 71.5600266890092 90.6115885554133 102.543807983398 122.063568115234 137.927822113037 0 99.6225138534734 152.576183864049 162.338220977783 57.8268483059465 74.7203744741587 83.0112417009142 103.840660095215 71.4361152648926 189.70719909668 0 0 0 205.439743041992 116.096229553223 176.955596923828 118.110931396484 73.4381173175314 112.921986897786 0 126.546484810965 0 0 55.7707777091925 73.5299515357384 47.8285786459379 201.879241943359 138.636981964111 33.6905703879239 45.7563903808594 63.2561434757562 134.61592441135 165.287597207462 118.358034446023 127.094695596134 97.8623600006104 147.794441223145 81.5468521118164 85.3167724609375 145.871680779891 145.519101050592 129.373978387742 122.185771306356 159.448857625326 179.945477294922 185.916076660156 131.754833221436 67.6792182922363 16.3512797897418 23.4408203100252 158.600517272949 118.218132019043 163.755374145508 0 154.029672102495 174.423187800816 171.998504638672 131.212040129162 0 164.092555999756 127.731721878052 115.021983146667 143.883051554362 154.456853978774 0 0 0 0 0 0 0 0 0 123.053833007812 0 0 0 0 0 0 0 0 0 0 0 156.224730682373 0 121.639944458008 177.290893554688 0 155.737401326497 0 0 0 0 0 0 0 142.437530517578 0 218.280471801758 193.751808166504 151.908706665039 0 163.182968139648 0 0 0 216.887115478516 201.51375579834 178.67724609375 208.453575134277 0 191.743209838867 0 156.423675537109 0 209.21257019043 0 183.397773742676 172.403045654297 109.645881652832 0 184.355827331543 0 0 157.947998046875 180.361599731445 0 199.200752258301 163.814127604167 149.748947143555 130.259543524848 118.259287834167 56.1876792907715 0 157.492622375488 152.144760131836 198.290031433105 203.312194824219 221.503784179688 0 0 191.114105224609 210.983276367188 177.575859069824 107.805068969727 103.100528717041 0 0 0 0
44.563215545476 84.1941206671975 29.0208849984057 65.2010336789218 84.1368708292643 35.2522402931662 32.0877631517731 17.6612755135031 16.3198171906623 13.6243931070765 19.8514421096711 27.4663426267089 0 0 0 0 0 194.399932861328 0 0 113.496327209473 107.174479166667 0 0 0 0 0 0 76.1605762905545 62.5560443401337 90.7182972647927 65.6978526115417 121.774871063232 186.27613067627 190.004425048828 0 0 0 158.097190856934 0 104.17540760698 0 172.976951599121 224.418594360352 102.441261291504 0 198.175033569336 188.418380737305 158.619846343994 144.54370880127 148.34421005249 153.428502400716 82.3080392305543 92.1817712671617 104.421711176092 107.558683507583 99.5068324695934 113.195358276367 0 0 0 211.248016357422 229.611679077148 0 212.837173461914 0 109.636204263438 177.867065429688 211.542407989502 166.651651000977 153.325408935547 50.9377460010716 74.7724151611328 77.4378577012282 140.217812538147 184.021530151367 38.6413022752792 53.2857513427734 93.59792137146 168.170303344727 167.838299221463 151.099960327148 117.772819377758 102.020861173931 122.866826115822 120.746317656144 140.415386199951 181.572154998779 157.243057250977 165.480358123779 202.963989257812 142.725127571507 157.923015096913 176.236862182617 189.824349975586 127.120706384832 20.2555778611482 43.3056546300394 105.705932617188 145.016548156738 145.764346493615 148.989430462873 148.395479573248 145.436609066234 145.100631713867 138.777031695998 123.474257107439 96.499611554827 123.088092788635 98.108196102843 123.837550654556 141.069225951399 0 0 0 0 0 0 0 0 0 0 0 214.822931925456 0 0 155.983001708984 0 0 0 150.893522996169 0 138.414437989931 145.271021161761 0 142.211382729667 0 0 173.413505554199 0 200.140640258789 0 0 187.349830627441 171.998447672526 0 134.668674468994 0 0 201.586471557617 125.323524475098 0 0 203.838872273763 0 0 216.115093231201 235.610661824544 228.090143839518 0 177.116612243652 184.078111012777 113.474791526794 150.170698165894 133.003716278076 0 0 163.79997253418 0 0 174.434528697621 178.509363810221 129.849796295166 114.885025024414 179.999445597331 231.968505859375 215.375147501628 0 241.007331848145 0 125.804634094238 144.687190628052 82.0026340484619 123.879180908203 0 120.891571153913 186.127850341797 0 220.533849080404 248.639389038086 196.399585499483 208.732788085938 230.331169128418 147.98878364563 97.780851202496 135.674789614794 187.423398971558 0 232.724349975586 0
82.2542032095102 76.3339544169108 69.0234555740879 74.1089861099034 55.6593580245972 59.6911192267549 62.0406048961521 44.2848283979628 38.3327338122114 19.8514421096711 8.75848518300107 18.1709718783014 0 0 0 0 0 226.101135253906 0 122.139228820801 91.9931564853616 84.9229128866485 0 143.991485595703 104.058426993234 95.7769622802734 0 0 82.9419016156878 80.6862879666415 74.19300365448 39.5887002944946 46.696181562758 118.360914230347 0 0 98.4629898071289 151.971294403076 68.7464485168457 163.709671020508 88.5780215793186 118.367767333984 133.420664469401 33.7243843078613 0 0 117.901218414307 123.501391092936 163.945999145508 234.865280151367 149.109260559082 175.723442077637 89.7098720018254 114.215300598145 116.044120788574 110.178970336914 68.5323657989502 40.4003944396973 0 0 83.5776481628418 157.269780476888 233.011367797852 0 0 0 92.4721972147624 0 125.658500671387 163.468490600586 0 22.4892302625709 68.4511828104655 46.7283165372651 94.870626449585 104.711715698242 10.5628856689201 0 58.9890473407248 0 171.138849894206 152.470596313477 122.19132232666 101.208148956299 106.059139340423 88.7029002507528 137.845209757487 187.226955413818 177.125106811523 0 103.736567179362 142.371373748779 170.910387674967 157.657958984375 182.571926879883 59.6631682611281 22.3283434587172 56.221972751433 89.2831674194336 104.029685974121 143.330360616956 133.014173756475 142.789713737764 141.402468788746 139.560285634008 131.485044270242 126.550811767578 97.2681681315104 132.216684560307 94.6719100138984 118.065414954014 129.217198488057 168.33757019043 0 0 0 0 0 0 0 135.994445800781 167.497863769531 0 146.318400065104 0 0 0 0 0 0 140.017105102539 0 119.631395794096 125.907513936361 0 139.908940792084 161.325317382812 0 129.759504699707 126.205551147461 153.099161783854 150.081008911133 0 161.881342569987 174.274941388298 0 0 0 111.415161132812 164.385208129883 206.230295817057 222.286163330078 0 211.495834350586 0 153.633682250977 227.899176025391 208.039611816406 195.442070007324 226.908214024135 175.691506522042 187.148293631417 161.005934579032 152.671166314019 114.189112091064 0 0 201.732612609863 188.861968994141 127.522003173828 172.786254882812 189.678092956543 155.920356750488 128.074592590332 0 200.30132039388 228.760171508789 0 204.814468383789 0 114.392528614245 118.679407755534 88.6159884134928 119.28991317749 218.092864990234 105.862223780432 179.598617553711 0 224.26914469401 0 187.248210362026 193.757232666016 228.33137512207 127.15020720164 83.8271321319952 136.202173593882 178.566580454508 0 0 0
76.4537373384576 65.8109460848467 24.2844347557902 25.605410124681 47.7147076408561 22.1473294172111 71.2656097072378 50.5644907815831 65.2796557599848 27.4663426267089 18.1709718783014 14.2830620920483 99.6141653060913 105.032981872559 149.164929707845 128.307252883911 165.309880065918 109.938892788357 149.171475219727 164.843585968018 103.121744161109 93.1289424794863 93.9951000213623 144.625616709391 108.101632242617 112.5159437997 146.252197265625 155.476367950439 96.416142513441 73.004061348345 58.8249031358464 26.223680952511 23.7262449500167 53.6755915529588 111.984256744385 189.708984375 126.612163543701 140.827308200655 91.8517595049979 124.863772710164 97.0102211236954 125.911041259766 145.249632644653 138.466853550502 144.624529520671 121.984771728516 113.722895600075 144.714435272217 178.167802174886 142.765268961589 169.571297200521 180.59393357497 126.264713391256 124.260719895363 134.783028214066 118.455663022128 96.8424972187389 44.840661054217 111.425060272217 0 103.59870596493 165.16265547903 181.441283847975 137.009626261393 216.46245320638 113.812376022339 103.809033340737 118.506229234778 120.388106802235 188.766446869949 178.242115783691 36.1189626502102 69.9704121768475 60.8287521236199 56.6940298980137 116.045657808819 53.3241901748677 82.4162096296038 58.5240587795678 181.564893450056 190.455443864016 184.840393066406 135.392072046403 117.86178917355 114.835750032706 101.237870415052 126.25955581665 194.20790323397 181.61987508138 177.106019337972 122.384093487849 159.422597681201 185.877087202228 186.732978589607 181.874226301144 56.5803265886975 51.3689941885039 82.2987391450774 99.9436464063759 113.055830001831 168.328348136624 164.094743573988 165.323409475731 162.619469770451 161.726504201474 155.688297787349 158.69201321072 129.337780435577 85.550572965173 119.085925856747 139.590231962247 148.705009231383 157.949188232422 222.815292358398 156.335505167643 0 125.075698852539 171.079109191895 167.28507232666 160.128712463379 146.734889154849 162.723570390181 143.830809020996 169.199208466903 181.703887041877 152.667434692383 147.881085482511 181.658335367839 214.577484130859 165.579271316528 163.291251244483 166.915786743164 137.751830436088 141.67212211002 0 143.108723076022 167.920822143555 182.452977498372 146.663289931214 142.015381654104 171.273911696214 158.852586746216 166.961536754261 183.328292569247 172.274210783151 205.20198059082 156.173156738281 149.541702270508 131.681280838816 171.865391235352 145.702890949865 232.026721954346 197.95133972168 207.453833262126 0 160.549041748047 234.004241943359 222.448507637813 227.281260172526 233.750250498454 198.603438335916 189.069071920295 172.627939638884 169.219239832991 131.917214462438 142.604870605469 171.513219659979 171.15375773112 191.463023594448 147.880590166364 189.970703125 196.071281433105 142.798429012299 148.869605170356 214.942905426025 185.162661870321 234.897161865234 233.754786173503 199.659793356191 208.674667358398 132.264520034129 131.41459289225 102.209874776693 128.009120517307 206.689540863037 124.037561250213 199.245887756348 180.19157409668 230.800708770752 199.464795626127 194.826510558257 217.756567382813 236.810170491536 144.293055480381 108.206774546305 164.822905743708 187.073576245989 197.375645228795 221.775833129883 176.69235534668
0 0 0 0 0 0 0 0 64.4962997436523 0 0 99.6141653060913 8.90751626846805 86.0249786376953 114.554039001465 41.3519156082817 42.3497247534283 25.7920685806855 29.6446590626708 43.151929986888 0 118.866630554199 0 73.7995721643621 83.7997436523438 124.713371276855 84.0818717262962 67.3493927665379 126.121505737305 217.772796630859 111.394020080566 0 70.9025065104167 112.053894042969 99.5622177124023 83.5732498168945 165.037010192871 60.3818917182523 49.0843701155289 0 94.0824863599694 57.5831642150879 70.3841027860288 22.9956716441295 15.7180541662741 14.3304139928895 0 98.099112374442 86.1087154812283 41.1530153799377 123.010270254953 95.6134190029568 0 157.549530029297 0 115.821784973145 113.614158630371 108.903373718262 130.613235473633 86.6110153198242 51.7697723095234 129.289347929113 74.6892614364624 57.5442371368408 55.2368542706525 21.5375900636922 130.279642740885 98.7418670654297 62.7411188154078 135.261100769043 100.629259109497 71.0367963578966 64.750669696663 23.9389651436408 108.270780563354 83.004830678304 57.5366099810196 21.7602039155093 61.3324852914521 83.4068919287787 96.854644403225 61.4369972134814 181.423645019531 0 0 108.68635559082 0 85.1122471463364 82.1141469906538 57.2136822338252 46.6844055907895 91.4646911621094 163.581649780273 0 83.6006800333659 0 66.3565741402762 95.628168741862 120.596549987793 127.186264038086 0 0 0 0 158.146308898926 0 0 0 0 0 0 143.913566589355 0 87.4627238682338 73.9442964242705 88.4082056681315 0 105.357420179579 97.8640060424805 83.1988954123654 125.591275351388 92.903027894067 125.823837280273 160.662353515625 0 77.9519500732422 143.140436808268 109.849448013306 0 102.726375102997 181.037769862584 169.695083618164 0 138.091618347168 0 130.569006347656 0 103.70919418335 127.380798571038 126.115629577637 81.0655920240614 130.456832885742 90.6158440078514 0 94.5655899047852 116.659701420711 62.2573305495242 79.2828387384829 104.501884078979 81.2256662800852 126.693061828613 139.479974013108 125.30233001709 0 111.034393310547 92.3425146738688 133.588226318359 0 130.124588012695 166.334583282471 0 0 0 0 132.734926859538 129.366268157959 78.1951016934119 98.768896408081 103.204252069647 33.8431819178669 0 171.69674428304 149.135726928711 0 112.498711435418 90.2658328326595 166.122564697266 151.428363800049 98.9211967717046 116.91049848284 154.805107116699 138.365766906738 45.1526512590427 118.883213043213 111.296908242362 133.156756083171 154.415906906128 60.3788728713989 142.453117717396 0 227.149887084961 125.589720569957 135.568729877472 153.860864639282 0 165.197479248047 0 0 0 0
117.265272521973 0 0 133.015995025635 91.4935234332907 94.2177581787109 106.984828948975 0 0 0 0 105.032981872559 86.0249786376953 18.6779307490824 18.3134739208532 35.3080119183569 21.1435425773673 75.7216738140772 111.034776126637 81.5820035298665 91.9284585316976 98.9589498419511 62.1494134650173 69.8942671175356 87.3727655410767 75.3814924330938 30.7589651273894 33.1776407502811 108.199678675334 101.096021118164 81.1134664217631 0 71.6410820484161 67.7210695282752 30.1006296229368 24.9663036611144 38.0875425541963 88.9039707183838 57.7223817088121 37.164897893756 74.7041175630358 75.2018116221708 76.4801974951052 59.453369140625 0 107.503873552595 58.5193343901298 95.2410469055176 88.0843316439925 0 0 158.9739112854 158.138646443685 153.51240234375 230.360931396484 0 98.466959328487 61.2057422799954 53.9646112960682 43.3262724292371 110.692965507507 105.685996001621 87.2612739231275 61.8835744325999 64.7484372690183 0 119.301482460716 64.4727887471517 75.4248141182794 140.183857727051 155.383514404297 0 136.151009559631 64.7022724809318 76.4090360051436 129.715026855469 0 0 149.331192016602 0 169.311884562174 0 152.16520690918 136.041580200195 143.41658782959 122.98594156901 76.7116503034319 172.973620096842 146.086912790934 232.526931762695 136.326127485795 108.801150512695 155.741580963135 126.774973869324 104.026832866669 82.0500858359867 0 110.807030359904 121.676879882812 90.5940392017365 0 0 0 0 0 0 0 0 0 0 0 150.760549926758 128.403798029973 111.810250317609 173.866439819336 121.495927810669 119.845947265625 115.907371455788 128.666177923029 120.503255081177 130.483575798483 128.66999026379 121.365833884791 194.994064331055 141.652404785156 181.38988494873 109.825992931019 145.995310974121 142.99946085612 127.834881638036 162.027854919434 0 145.952941894531 155.318149913441 0 152.752267020089 130.646753126575 120.048957824707 129.105425555889 130.868500248078 138.898627689907 129.698419432709 143.513313576027 164.279968261719 130.783197021484 161.862902832031 0 0 107.204921590871 158.992356733842 132.117936270578 204.648777008057 186.554494222005 0 0 0 0 178.494613647461 0 0 0 235.109603881836 0 0 162.656440734863 142.644790649414 142.955262502035 148.270587666829 169.600635528564 129.489959716797 0 0 0 0 176.7273534139 157.299842834473 202.714859008789 178.455810546875 169.388916015625 0 142.355434962681 134.582934697469 73.6841501089243 0 181.158767700195 104.536480712891 0 0 0 161.789566040039 225.54231262207 186.504814147949 194.749494112455 0 0 0 0 0 0 175.590782165527
