17.73303501241 26.0286153493865 21.6255727061675 37.2131513710953 47.8673996708497 50.9173981850332 25.322571465269 26.3338585465376 56.3187758411206 42.7072179375686 78.2256765577528 64.9336556209647 0 140.27137298584 137.115521430969 124.959129333496 119.434518814087 166.603546142578 207.451232910156 109.076210021973 128.331033199648 133.941929465846 148.150530497233 175.855986022949 155.728602669456 163.20915222168 149.210442437066 134.308587482997 37.2396426829726 27.8746718536464 58.5627653404051 71.5510847091675 96.5365530560274 123.519903182983 0 0 135.934170116078 138.910483769008 143.114741189139 152.621279907227 101.865576018593 165.978515625 195.404675359311 0 223.292175292969 179.922821044922 159.087268829346 187.220973544651 159.044954042177 182.465540568034 143.476729967108 158.984589744428 104.933497980274 96.4275768280029 115.497168464661 109.360435938175 95.2463594880823 149.193607966105 177.424074808757 0 164.823280334473 193.752848815918 172.357742630808 163.451929626465 149.63629828559 188.733245849609 104.308140534336 161.94506695396 165.013263458901 185.571820772611 192.122443062919 127.486878338982 125.496599251883 124.061872411657 123.326135692678 170.150512695312 150.169608222114 228.338943481445 155.888352027306 161.088133147269 184.862014102936 177.466247558594 124.647398655945 110.068022542496 115.33270934363 117.662443630937 140.745032513728 204.479766845703 211.715642293294 205.299722290039 200.038394165039 139.690998879346 173.778783421058 178.714724310513 188.932488074669 86.8821081652866 82.5538487985315 58.0476884417849 143.207685470581 99.8998985290527 189.82903227935 217.722127278646 190.928023302514 191.105132607853 185.398971557617 185.605731392828 179.819382019043 159.969052314758 181.566690703969 156.594078826904 168.974457820257 187.793277757585 0 0 0 0 0 0 209.311882019043 0 199.686538696289 196.081893920898 234.15852355957 0 0 0 0 0 0 0 214.433670043945 0 194.511192908654 182.726202901204 0 182.857202035409 195.885696411133 0 187.686370849609 212.480462646484 222.465118408203 0 0 214.250311279297 198.768500694862 0 190.249908447266 0 194.600101470947 211.384687635634 202.497222900391 0 0 245.543640136719 0 0 0 224.051300048828 0 230.363919067383 213.362174987793 219.690795898438 167.809620448521 0 181.108784484863 199.078826904297 211.204261779785 236.402206420898 0 0 206.7564052235 227.088587443034 189.601821899414 197.24520111084 0 202.483749389648 229.107849121094 231.284637451172 0 222.45654296875 172.646813590572 189.302727439187 160.343408584595 0 243.194778442383 168.773878097534 0 0 225.600921630859 186.617050170898 220.546685028076 0 0 176.473180135091 132.032490917088 174.708372116089 204.048386891683 0 0 225.955581665039
26.0286153493865 11.602318540634 20.6785684061533 27.3449438810555 28.2283849336376 43.7586646545172 67.3044217427572 59.4744771266806 68.215470185151 58.1314829239934 71.5788412655101 63.5596858594932 244.903533935547 0 0 0 0 0 0 190.761337280273 133.074533144633 167.972384643555 160.436431884766 207.760818481445 207.721160888672 162.376647949219 141.971008300781 153.016235351562 78.505964581757 24.1062860655091 40.7029636714305 72.4684427261353 85.7849990443179 124.767196655273 0 0 97.9383163452148 129.246200561523 0 0 104.572186665363 165.005818684896 191.559173583984 0 0 204.491142272949 159.83321925572 187.40087890625 181.666427612305 205.364318847656 157.398763020833 175.363440140434 135.582664847374 123.445095729828 134.801548748482 115.453336874644 98.9714115894202 137.033217748006 204.149200439453 0 0 199.734401702881 189.889292907715 202.474934895833 152.032000950405 217.638595581055 105.988063731436 194.95881652832 169.49684753418 185.142659505208 200.460708618164 107.83497386076 185.073196411133 104.483840942383 167.707639932632 148.74787902832 152.973323822021 0 139.789137268066 179.589691162109 201.085770501031 211.939796447754 141.432215653067 124.416045181395 123.547014477609 107.836303710938 146.86247698466 223.138442993164 208.005215962728 0 197.427383422852 153.756781387329 179.810632456904 197.528187343052 213.150611877441 98.601455025051 91.1278481156859 93.7077230585032 144.329220363072 124.320173997145 197.421978290264 198.797096252441 193.794469609991 191.296919928657 191.667872111003 187.036082578509 181.532002258301 182.994710286458 185.438137308757 149.063357035319 174.077031577506 184.679808147883 0 0 0 0 0 0 0 0 0 0 0 0 0 0 0 0 0 0 211.476219177246 0 166.562749226888 176.203506469727 0 186.872015816825 0 0 181.45263671875 202.0797996521 0 159.217437744141 0 216.607325236003 182.496878729926 0 0 0 163.015060424805 0 0 0 0 0 0 0 0 232.95743560791 224.010360717773 0 218.240626743862 0 178.589782714844 238.267242431641 168.589679718018 0 0 0 0 0 205.613272530692 0 0 220.053741455078 0 0 0 0 0 0 168.573027999313 189.851016998291 145.562561035156 247.065856933594 0 142.060543662623 0 0 0 219.797706604004 219.843260628837 0 0 0 132.601371983119 171.495979309082 211.659201049805 0 0 0
21.6255727061675 20.6785684061533 12.8231080573386 16.033091840849 87.0720459694086 31.1794019454478 68.5128996779279 24.6839634307047 68.8834684734885 27.4080013747149 54.9586951044986 27.4096734228863 0 187.879470825195 196.663024902344 234.943817138672 172.88697052002 223.148941040039 0 0 124.966909144475 134.459280534224 196.588897705078 195.588292439779 162.696025424533 149.460983276367 190.221586608887 239.936126708984 97.836242622161 84.5018206846367 142.125950919257 119.386828467959 145.131744384766 188.764196183946 194.272537231445 0 0 207.432046508789 0 188.264010620117 106.356306272459 189.839828491211 208.724045889718 248.69367980957 157.744598388672 207.204360961914 168.780460704457 183.938418070475 172.339410597278 189.872861589704 158.160278457779 170.814085006714 131.529589539641 124.315863609314 133.388737709657 118.595549404361 98.4520281741494 196.837802886963 0 0 197.927658081055 196.320821126302 192.31437960538 196.877606201172 162.827484130859 0 107.675331964642 154.622978687286 206.799835205078 202.90066019694 200.548042297363 116.007212006644 194.101474761963 84.1096539497375 170.840520821366 190.966049194336 125.405195756392 0 143.397782244001 172.929019927979 196.934847368513 203.895374298096 138.022912675494 123.15144484759 122.32741521664 121.770725212475 167.404907798767 214.732052394322 217.712895202637 221.449066162109 0 153.434017119537 180.733352493454 184.540949282439 209.924734115601 159.025362708352 80.4685900925071 94.7013295366259 135.062951405843 152.138491197066 76.7584216419968 167.518561257256 78.7006345225705 137.687442398071 185.478881835938 127.818137828612 168.618207298299 170.340903226067 45.0693049529092 141.348407332962 156.558128146306 176.777232027602 0 0 203.93278503418 0 0 199.050659179688 0 204.267649332682 188.860488891602 156.537857055664 184.416320800781 0 180.798970540365 171.118927001953 0 230.200225830078 0 176.106750488281 150.018167622884 178.771759033203 174.715612093608 177.632137900905 155.617614746094 172.073499770392 0 0 187.929849243164 186.858189900716 0 0 0 177.604185994466 166.112757179954 0 0 0 183.794204711914 188.879020690918 216.159820556641 0 0 185.510580444336 0 0 203.656661987305 208.584689331055 219.596710205078 244.27165222168 205.572796020508 164.62996673584 151.430245535714 197.765785217285 174.019021034241 0 234.892150878906 0 0 0 174.648445621614 166.870456695557 178.12993367513 171.006698608398 0 201.564498901367 184.963653564453 208.875549316406 216.073623657227 0 165.422981629005 168.417203960997 102.062890052795 195.775115966797 0 146.357979086942 0 0 239.583572387695 150.433429718018 196.047104116587 0 203.441604614258 178.609891255697 121.838904332772 169.843857683454 175.114044967963 0 171.404006958008 152.860961914062
37.2131513710953 27.3449438810555 16.033091840849 10.9697395475233 21.4524957865639 25.1989039725385 74.0807083638509 64.4202629067742 81.6749192214594 67.3010496011617 64.9827588453131 54.1560803631583 0 110.609527587891 152.81568145752 178.093505859375 0 0 0 0 118.896733127745 114.295068483095 127.125328063965 176.414520263672 159.167088099888 0 175.183155604771 195.767730712891 88.3395387421614 43.1886168940333 36.6496832958857 97.2647590637207 108.532036251492 189.065167744954 0 0 234.636016845703 171.185587565104 198.949768066406 163.085433959961 100.900634079571 0 189.437388102214 240.217163085938 0 164.985702514648 197.291898939345 194.612162272135 175.97265625 204.089014689128 157.978578948975 174.478300011676 137.387132024191 125.732612845824 135.086144979021 113.22541818219 85.3704423958915 93.1118049621582 0 0 0 210.969563802083 208.216727362739 172.105341593424 155.404340108236 0 106.555392559797 180.272842407227 190.854331970215 198.624935150146 0 105.291748234483 171.471782684326 92.8735500682484 140.837334010912 201.183586120605 129.723157610212 0 146.140361951745 183.788661956787 196.114976428804 182.174911499023 136.878431448296 119.203694958157 117.227388747827 108.335868835449 158.812423282199 196.98201751709 209.698143005371 0 0 150.877945481685 180.969088236491 188.251172383626 197.634606933594 121.651896862274 82.2310365395468 95.5600356226382 127.465944290161 103.966145106724 193.043880615234 199.207313537598 186.227725088419 182.26817886702 184.651395525251 179.073885736095 178.380176138371 179.378694707697 180.25427606756 156.447238674412 166.195481670146 177.09072200672 165.037521362305 0 234.718688964844 152.112503051758 161.721984863281 160.596298217773 177.044479370117 0 0 0 170.005752563477 0 167.606541951497 0 0 0 0 0 228.19408416748 0 174.040059706744 174.514846801758 159.42236328125 166.210885336233 0 0 169.370613791726 220.692164829799 220.862609863281 0 185.556182861328 199.920307159424 181.890470232282 0 0 0 149.517013549805 212.356719970703 159.414566040039 0 0 214.773284912109 0 0 0 220.908748626709 217.474502563477 236.584457397461 219.18962498715 200.633129119873 178.895523071289 227.633062744141 162.940383911133 0 0 232.72297668457 0 0 199.870477676392 206.879241943359 152.998992919922 0 0 0 0 0 228.300407409668 0 160.60363640104 177.883916681463 138.325293223063 165.698883056641 229.640701293945 136.909810589206 0 208.215606689453 0 184.490676879883 215.63506959614 0 0 159.951141357422 126.053903244084 189.702680836553 203.303176879883 0 189.455612182617 0
47.8673996708497 28.2283849336376 87.0720459694086 21.4524957865639 17.2340140399021 29.2527829310691 59.6844959796314 68.1687718446034 75.4161695207868 74.1456181352789 79.6385859473277 53.1346069786577 186.43773651123 119.047503220408 126.359624226888 104.693388621012 91.7769908905029 124.072031293597 144.227691650391 148.041778564453 108.779835958616 115.157407370947 108.74094551488 189.316589355469 138.238071017795 157.777954101562 135.825971330915 112.723492037865 68.2307873074971 36.8177704071803 26.9625165467169 42.8389068377588 62.7751319713162 76.039451128816 81.0531845092773 96.599479675293 95.1718057168497 88.4389869689941 109.49470766129 139.385135650635 94.1687252378382 152.802929878235 172.715928988987 102.830741882324 219.988098144531 149.396209716797 152.952194213867 164.057065523588 160.121022676167 152.60221862793 151.434568456701 162.753324508667 119.870114390873 111.214332260004 129.021683223073 103.653137583791 56.357934088995 74.9983882904053 182.750398254395 0 137.948188781738 173.42452509263 151.197805157145 150.694412965041 123.211528242127 204.413589477539 95.4760111020959 164.628877162933 134.120464834749 193.03528213501 183.748174814078 83.315685307214 86.7388459055047 94.0726272583008 64.1922225244343 138.405015425249 93.9049048790565 93.7694931030273 124.331928599964 170.443823678153 185.087980382583 180.990356445312 129.393060828037 112.023969039176 107.413692943553 91.3594096334357 125.438379096985 201.413562011719 187.411010742188 201.588104248047 171.803237915039 144.524529818831 178.779749755859 197.2175716824 172.485455830892 29.5655802698586 81.9595899127779 86.8189419047038 125.713757601651 32.7424687740636 178.896012739702 176.640274047852 180.646710259574 180.859044799805 235.122329711914 174.400685507154 186.83147834329 173.133919455788 177.381432851156 154.467565436112 159.813592330269 175.505598536078 169.059097290039 221.353256225586 178.640112304688 0 218.107406616211 167.134780883789 181.912124633789 195.128461201986 189.899124145508 186.52713230678 0 160.765075683594 0 0 187.420150756836 0 0 180.307601928711 175.405296325684 0 179.740476335798 170.154774983724 0 165.301228058644 0 0 184.170267441693 178.536750206581 0 175.441796439035 200.434860229492 183.359915161133 178.279669443766 209.176200866699 0 0 158.081659952799 190.137969970703 172.99649810791 0 213.13801574707 0 0 197.736633300781 188.914878845215 0 194.071212768555 0 215.829358782087 192.078877766927 194.286682128906 226.26016998291 146.560150146484 189.491744995117 215.962982177734 181.526237487793 0 0 195.347128868103 168.012924194336 163.951726277669 171.073384602865 222.643539428711 181.3369140625 237.850936889648 236.613204956055 202.960314069475 205.073959350586 154.255945506849 160.744054521833 105.906299591064 0 207.932683308919 159.626588674692 0 0 0 197.624069213867 211.307605396618 215.757652282715 241.461441040039 156.58927154541 126.899643207419 161.907421112061 192.205172947475 0 0 0
50.9173981850332 43.7586646545172 31.1794019454478 25.1989039725385 29.2527829310691 15.1614795299485 68.4459969563918 63.5835734468127 77.6162156085579 45.8971092976422 63.1089758010621 33.2196709395238 188.357131958008 123.766243934631 143.02071762085 127.54884992327 112.172888755798 219.0107421875 227.772521972656 208.025726318359 114.060120285198 107.637588453293 117.437452316284 170.331782817841 147.844033518145 131.024563598633 170.008876164754 110.958891099499 85.9613195298773 54.4631238371066 46.9718038123331 28.393545004609 43.1952726897879 91.2181465454101 176.531093597412 0 107.362382616316 97.6024412461269 122.944274648031 178.984784444173 99.4665275680518 147.059023930476 168.339384048704 158.582710266113 219.781608581543 155.829737345378 162.512014770508 154.669713846842 192.721533881293 194.751327514648 157.516189906908 174.139580154419 135.883000651682 125.213094403667 140.117415262858 116.045909107982 89.1559241726655 89.0372258354636 145.502993774414 0 148.989721444937 176.10571586795 150.662584000739 152.296809456565 134.236461338244 193.360145568848 108.143967940456 157.913932337905 133.749520928343 191.222571818034 174.650540582065 94.1996132820211 85.6361736918605 93.6121776326497 107.609583839774 149.212357305711 97.1042948636142 0 109.391875906552 181.416711425781 200.892680921053 182.427831013997 141.261587382395 121.698788981792 116.301813463688 103.998721070723 155.584255341561 196.849136352539 218.128659566243 171.807815551758 193.211256239149 157.826325092841 184.388532597968 196.105286916097 188.801737617044 44.5270557303761 77.4778623374404 96.0308262938431 122.494756267917 74.2493677139282 186.133822047068 188.106183878581 185.752801892184 182.644591042078 177.640461848332 178.163841550531 178.146665340096 169.145167685844 178.250999904814 150.967371393019 164.198863170337 175.904111331949 174.388553619385 182.842636108398 171.862266540527 0 159.587463378906 185.556625366211 189.780255635579 199.506997680664 182.654011445887 180.752475992839 195.436088562012 192.166217041016 208.27815246582 0 0 0 212.964988708496 0 192.928486633301 0 174.672615966797 167.656277211507 173.397262573242 165.912420654297 164.357752482096 0 172.288127776115 185.761300791865 239.21321105957 171.138801574707 0 201.310759694953 183.132078573737 0 197.658374023437 230.063293457031 162.322006225586 196.500596364339 176.404447555542 0 0 203.321894327799 0 0 204.804931640625 225.681533813477 234.770614624023 237.316596984863 215.590524631076 196.966796875 183.307727813721 209.939320373535 157.746308220757 175.392852783203 220.752563476562 209.048324584961 0 243.283554077148 195.972629015959 182.079004560198 171.398801167806 174.725692749023 0 209.146021525065 0 236.404937744141 221.014178466797 221.439987182617 158.418513701993 162.822401587643 111.325821770562 225.506411743164 200.854614257812 136.369673200128 217.52946472168 0 241.856704711914 211.290444946289 213.52426173998 225.800659179688 241.263168334961 162.045430501302 123.748488856126 191.875398000081 198.484566450119 0 0 0
25.322571465269 67.3044217427572 68.5128996779279 74.0807083638509 59.6844959796314 68.4459969563918 11.0884273684817 20.1498940456464 13.2941545016515 40.1377660800089 61.488510021265 74.3189509237643 0 113.529472351074 215.317176818848 119.34268951416 0 209.57942199707 233.660552978516 0 131.742963663737 125.526732126872 165.790176391602 173.228065490723 155.766006469727 0 159.53332901001 126.819732666016 25.7697169060223 46.6565398822228 61.1766861965782 71.2930325728196 95.0724036693573 116.973908857866 0 0 113.845464070638 95.7894643147786 132.388408660889 0 101.018746534983 0 185.964401245117 134.796768188477 117.95689646403 228.465881347656 165.699813842773 185.344213867188 123.277900695801 128.013259887695 129.692334261808 142.493141884028 78.9583396296347 71.2751046155954 92.7710517540609 94.9491019930158 98.6363102140881 88.7863349914551 0 0 187.619354248047 183.054912567139 165.432400173611 160.199830191476 144.907897186279 87.9195861816406 104.905822871282 151.873573303223 151.819974626814 153.489196777344 147.711143493652 67.7214753539474 105.324993133545 87.2075449625651 111.867653544356 198.655654907227 61.6337710670803 50.6232261657715 92.7793108996223 142.634099687849 165.27641805013 207.65739440918 100.335590578162 95.2187423706055 111.153072472775 128.899496459961 133.80649693807 184.373001098633 181.176086425781 0 167.824368794759 120.990401404245 146.615400526259 153.487815856934 162.718044281006 79.1404493888923 30.9731763267044 27.6664243924372 144.902389526367 95.5497713590923 172.85744367327 193.129928588867 183.922396609658 178.117993164063 0 173.037732354526 179.140543619792 157.750150044759 173.418895721436 170.922651290894 149.348718469793 168.187048887595 0 0 0 0 0 0 0 0 0 204.948913574219 0 0 239.825942993164 0 0 0 0 0 0 0 172.094177246094 169.668716430664 0 171.119546890259 0 0 131.984268188477 0 0 0 0 204.26872253418 207.430679321289 0 0 0 0 0 0 0 0 217.807052612305 0 0 0 195.488204956055 233.388748168945 0 213.110885620117 0 0 0 130.709457397461 0 206.417343139648 0 0 0 0 159.442733764648 0 0 0 218.238655090332 0 232.572891235352 0 0 153.61045720027 155.01436191135 103.572251001994 0 0 120.660939216614 0 175.42041015625 0 0 218.687629699707 198.503646850586 0 0 124.326750183105 0 219.381871541341 0 0 0
26.3338585465376 59.4744771266806 24.6839634307047 64.4202629067742 68.1687718446034 63.5835734468127 20.1498940456464 12.7856460088352 14.2871064468505 23.6723060197655 50.1789205886898 54.8215306229888 0 238.043502807617 0 0 0 0 0 0 127.147297252308 127.807540893555 112.737487792969 183.768305460612 178.417353312174 0 190.199426651001 0 73.8736516789186 53.9265428131036 87.7910848700482 94.7948788960775 130.705089344698 179.831407674154 0 0 207.623100280762 174.899180094401 0 195.653762817383 97.8107780188172 0 195.372641669379 0 0 212.452270507812 160.061306762695 210.185821533203 147.515595436096 178.889343261719 136.351162144395 153.870807110822 98.7212013120988 93.2935719781992 110.94699285007 105.32078576362 106.993118413289 145.229175567627 161.58032989502 0 141.732147216797 217.516944885254 196.078925637638 159.582462855748 182.419456481934 182.062122344971 103.369020218817 156.034521484375 176.729111989339 177.471965789795 176.500798543294 118.726221513748 177.080418395996 144.188607025146 163.46062435574 185.948612213135 90.2750566482544 150.294078826904 126.00863087972 164.744610256619 185.287714341108 0 117.117612495868 104.798337874874 112.745826358638 130.906536931577 154.691207567851 198.560577392578 198.461338043213 226.370193481445 201.040369669596 128.073158009847 166.051236343384 177.944471571181 184.895113627116 156.760445502497 54.718895432706 48.4153707962532 135.141407012939 134.473307800293 177.172849178314 179.479278564453 180.455850671839 180.989130655924 191.791381835938 177.325654654667 171.419333295124 159.775975545247 168.68699091131 141.55548731486 150.411138428582 173.28229466191 0 0 225.030334472656 0 0 0 0 220.704513549805 0 0 0 0 243.281021118164 0 0 0 0 0 0 0 196.772869110107 176.366021474202 178.325103759766 190.159433364868 0 0 237.10823059082 219.30490620931 0 0 0 195.393432617188 181.842577253069 0 0 0 0 0 0 0 0 0 0 0 0 225.259414672852 178.501342773438 0 224.416040039062 182.613204956055 175.744583129883 187.313064575195 135.510231018066 0 0 0 0 0 193.607378641764 187.215789794922 0 222.351821899414 0 0 0 227.050430297852 0 0 163.094570159912 223.029200236003 110.896711349487 0 0 168.491017150879 0 226.884918212891 0 222.283203125 204.787898254395 0 0 0 122.94636572561 161.821343739827 196.906429290771 0 0 0
56.3187758411206 68.215470185151 68.8834684734885 81.6749192214594 75.4161695207868 77.6162156085579 13.2941545016515 14.2871064468505 5.4791744596462 24.2235780329125 52.6531460653875 72.1208729716522 88.2564910362507 0 0 0 128.083969116211 129.323524475098 180.883832295736 212.922073364258 98.9825646536691 99.2550397600446 74.5883076985677 191.260818481445 74.723388671875 0 0 0 84.3131161225148 60.4546811421712 89.7710582733154 64.4487198916349 77.6413777316058 73.2954508463542 0 0 179.247253417969 117.707066853841 120.939414978027 115.252883911133 95.1451421949598 0 144.84814453125 103.754346847534 91.5486789673798 105.527859718569 98.5261001586914 0 128.191253662109 110.524352836609 167.225393676758 153.456853866577 74.8804535638718 81.6822079878587 103.802732166491 110.736532944899 124.838709513346 59.6025199890137 0 151.612106323242 122.890846252441 166.983439127604 135.934677124023 131.006252288818 238.943466186523 86.9680113541452 118.601457722982 152.508316040039 150.71589050293 192.639701843262 188.896850585938 57.9847927249481 86.3581360816956 40.3302460572658 87.6495408278245 0 44.0756608387691 60.4361561045927 70.9419050095957 148.342623519897 167.168818155924 137.106990814209 120.947201897116 119.487012227376 113.76181677616 116.448384602865 106.930477142334 149.663713131311 143.585862901476 132.510689368615 123.657500213047 134.636505635579 166.63835144043 216.809860229492 157.428914388021 80.270019011064 16.637197527154 20.1025375650768 123.762474060059 0 177.798266601562 0 169.715401000977 189.185692469279 200.731796264648 163.763853708903 166.715927124023 86.1421422958374 187.448678588867 142.407165527344 140.480633544922 155.673363722764 0 0 126.898024422782 0 152.017822265625 131.375778198242 181.420761108398 169.210388183594 0 139.8790918986 187.533065795898 141.08743540446 160.41047668457 0 161.657089233398 0 0 0 219.205718994141 0 131.059951782227 121.904943084717 0 118.53099194695 0 0 116.032107283429 143.110270690918 199.98991394043 176.713394165039 0 178.417307535807 135.765341814827 156.669494628906 133.818335215251 0 127.080373764038 140.399903730913 142.594078063965 167.266983032227 179.772364298503 186.069564819336 0 177.012390136719 231.078247070312 180.899042765299 194.417653401693 222.349064418248 166.869344075521 168.719177246094 119.84423828125 184.087493896484 119.373030853271 0 164.041152954102 190.408393859863 0 140.632883707682 166.970548357282 0 127.297940063477 0 0 165.940353393555 191.831436157227 209.960678100586 177.532829284668 178.444067382813 115.188289880753 109.754501342773 53.34691107763 0 159.564168294271 89.7833295501439 200.256355285645 0 210.95325088501 203.345550537109 185.520300971137 200.004760742188 217.487716674805 0 98.2760607881366 143.254062228733 167.863487243652 0 0 0
42.7072179375686 58.1314829239934 27.4080013747149 67.3010496011617 74.1456181352789 45.8971092976422 40.1377660800089 23.6723060197655 24.2235780329125 12.4544120004318 19.4678271696219 27.8482441181132 0 130.293533325195 160.137557983398 190.655075073242 0 239.353912353516 244.831268310547 0 119.555967421759 143.471719360352 201.262201944987 181.865493774414 163.250323486328 0 170.074275970459 144.609588623047 90.2228816453801 54.3732893601903 123.849161348845 87.6711960960837 78.8690796459422 142.929267459446 0 0 209.575149536133 128.516924540202 224.165252685547 0 94.9004529341212 0 198.604629516602 69.9714279174805 115.368804931641 130.671312967936 161.168508911133 207.707382202148 175.825744628906 138.618521118164 145.331350354181 158.874373928813 108.757832645155 106.920207527706 123.048430661318 107.277597654433 102.428890285207 126.236875534058 195.323715209961 0 0 0 187.219056871202 194.456609090169 130.102630615234 233.974227905273 96.6612130723348 137.814781188965 173.846213707557 190.070220947266 177.879690551758 44.6141778235313 158.383075169155 65.1985810802829 142.395997619629 204.679697672526 36.9507033208911 58.7424163818359 64.5387492442694 155.062152608236 186.662908217486 164.386108398438 125.607970924489 112.961185048421 115.1005067519 116.435833715623 162.48697052002 191.530807495117 188.585742950439 141.639617919922 120.635078430176 132.908701939369 170.623481974882 176.188373565674 183.515558242798 120.442603771503 17.9727393187059 53.1384119763187 139.775730895996 156.906855265299 164.970387961648 172.273635864258 162.796100402324 163.296497186965 157.238536071777 154.069972542541 152.40034711284 135.107517367504 152.751105351235 121.389036439306 108.099750404264 156.287388426222 0 0 180.455360412598 0 0 0 154.796508789062 0 0 0 0 139.471939086914 169.751235961914 0 192.022064208984 0 0 0 190.954472859701 0 151.51282081604 147.701383590698 0 151.502682209015 0 0 164.729097254136 177.736486816406 233.619232177734 0 0 185.217342376709 176.697358564897 0 0 0 0 0 144.291969299316 0 0 190.34342956543 0 0 235.364700317383 225.239044189453 0 238.099655151367 201.773880807977 207.537443372938 168.663979666574 212.133631388346 145.559876251221 0 201.797515869141 0 0 0 197.334260849726 180.084423065186 177.484527587891 0 0 236.614738464355 227.5380859375 0 209.253987630208 220.915542602539 146.939981907974 142.967155965169 83.4386170127175 0 0 125.586283122792 0 0 230.074356079102 180.360356648763 201.478333117915 0 0 180.409823099772 95.0473403930664 177.866918654669 189.846509580259 0 0 0
78.2256765577528 71.5788412655101 54.9586951044986 64.9827588453131 79.6385859473277 63.1089758010621 61.488510021265 50.1789205886898 52.6531460653875 19.4678271696219 9.9333071005149 24.1239828163243 0 0 0 0 0 0 0 0 119.901128668534 94.8531049092611 0 195.53401184082 125.717437744141 0 0 91.2211608886719 98.9504063415527 77.7468692729999 109.640222337511 58.3596377739539 67.4971768414533 174.896148681641 0 0 0 236.173370361328 0 198.687469482422 99.0099307821809 0 173.916996002197 0 120.975044250488 146.990371704102 162.614405314128 146.185012817383 0 201.892425537109 148.309111651252 169.875193509189 123.757789611816 131.125218550364 136.011534633407 110.846304321289 98.8898525238037 0 0 0 0 226.421813964844 140.7548828125 196.572479248047 122.229476928711 180.339904785156 101.870554109899 125.725845336914 147.699524773492 172.274742126465 214.442179361979 23.2762112053855 113.09247080485 65.1089916229248 134.259268624442 136.280466079712 34.6212359210278 0 84.0571165084839 197.57731628418 192.126585218641 189.041000366211 135.863582330908 118.80528916253 118.246517646603 111.061071014404 147.044727325439 0 0 0 154.110851287842 146.073214495624 181.150232168344 213.180442810059 207.048385620117 141.091325613169 34.28730912166 74.6652468101128 115.802520751953 169.681818644206 169.875728646505 188.139942169189 167.685745839176 164.362312820722 156.692674255371 158.966402784843 159.537205899699 154.500713195801 161.464233021677 126.920704688555 118.409565860469 156.313318646143 0 0 0 0 0 0 0 0 0 225.218017578125 0 198.513832092285 154.825004577637 0 0 0 0 0 221.639675140381 180.241287231445 150.378711276584 142.801649870696 0 144.084395599365 0 0 151.909612019857 181.337417602539 0 0 0 176.468673706055 166.447263929579 0 0 0 217.124069213867 237.371185302734 152.360641479492 0 0 205.314384460449 0 0 242.58576965332 213.636611938477 229.712982177734 0 199.898858070374 192.465496063232 159.795344882541 205.115614149306 153.592079925537 0 198.736221313477 0 0 0 189.04274650242 162.032567342122 132.302810668945 0 0 244.515014648438 0 0 0 0 137.149693467882 147.616774338942 85.2003407478333 0 203.748611450195 102.308017576063 0 0 0 159.41943359375 192.793002154376 0 0 139.198689778646 98.5896503741925 164.790516100432 177.746578216553 0 0 154.187530517578
64.9336556209647 63.5596858594932 27.4096734228863 54.1560803631583 53.1346069786577 33.2196709395238 74.3189509237643 54.8215306229888 72.1208729716522 27.8482441181132 24.1239828163243 16.9799635149134 123.109647115072 131.10015810453 142.139592064752 120.712347984314 123.671429634094 173.362791061401 246.662857055664 228.142074584961 118.861058249125 119.26206211737 130.172605099885 185.088946387881 139.248877986785 130.862292289734 176.500655492147 121.137692928314 106.168463828835 70.3985378724963 68.7179228403922 33.8378571438028 30.2469485747149 83.9883651265337 127.126834869385 135.186950683594 120.276758940324 99.9561610448928 125.866391045707 148.714336395264 109.654119570544 157.719529628754 170.376188350629 137.387063598633 137.708092825753 145.701960395364 155.337457472278 164.466693775074 169.820263817197 206.352867126465 163.044498150165 181.592825535366 138.415771598673 132.676362029414 144.157989199799 124.429269349536 110.941999689112 58.3425691455018 132.88343963623 0 165.268523443313 179.379924043696 161.055108388265 160.484799702962 132.199402623897 174.234958648682 116.862324934374 172.430327860514 139.911582765843 196.24830754598 179.664443969727 50.3044473030265 77.7422432412907 80.0500825617435 113.461802795752 150.422988455636 81.7436845286793 77.5690269470215 100.801323737505 181.449318380917 206.824360009396 200.85592956543 148.495637038658 129.857829197888 125.590886846516 114.28368923276 155.055700978925 199.455883449978 181.180816650391 154.266799926758 172.810811360677 158.325787275265 190.957665125529 202.545734752308 186.551979064941 62.2529075361539 63.488771090378 94.7788389779155 129.807268861864 98.7297939973719 187.022107006255 189.586636262781 183.516708278586 179.367292586846 181.404219528724 175.293253770515 176.675144978486 164.452197199282 177.857220424207 151.101366893105 150.149255734777 171.004325416098 158.795280456543 189.734375 183.025988260905 156.342071533203 150.236602783203 191.005469185965 158.373616536458 198.892011642456 174.378061365198 181.16354115804 158.239734649658 189.525269317627 201.363454182943 189.632385253906 0 195.667953491211 188.443786621094 199.66943359375 201.474614682405 0 167.169366983267 158.62380237997 160.564315795898 159.795386387752 151.819061279297 0 166.928367064171 171.909114201864 203.866653442383 161.141500299627 189.916198730469 192.456102536048 178.658743164756 209.489818572998 178.707172938756 160.506103515625 165.246905607336 191.925449371338 171.413580152724 245.876968383789 216.522911071777 217.908634858973 0 227.952702840169 229.866241455078 226.582322801862 215.809173583984 231.350708007812 209.52163772583 201.060452005138 198.397227478027 209.972293995045 158.748516194961 156.422955322266 199.759335327148 218.00168762207 212.21159362793 198.814826965332 195.392822346789 194.395090543307 166.883667916963 161.067771911621 217.42652130127 215.457389831543 228.029479980469 0 213.587884267171 216.693862915039 151.398118986824 150.915164269341 97.2239462096116 165.32509358724 211.772171020508 131.152527349503 0 0 227.378768920898 196.405508744089 206.276048359118 230.257904052734 232.596684773763 159.668530273438 120.907618209393 189.92433336869 195.305512923229 168.332845052083 237.988357543945 191.265079498291
0 244.903533935547 0 0 186.43773651123 188.357131958008 0 0 88.2564910362507 0 0 123.109647115072 11.2735426156388 136.991966247559 128.029612731934 27.8172946978016 48.8606738310594 28.1100827071772 28.6994733588586 47.8505393544181 192.74144744873 154.885037740072 60.4055862426758 72.7416991156501 110.949592590332 0 64.6178275517055 95.4039688110352 159.844131469727 138.539703369141 156.559783935547 85.1395034790039 120.458368937174 126.056518554688 0 0 159.879844665527 64.3601492444674 59.5044768484015 163.384262084961 69.3155320690524 60.2343056720236 73.5959513511883 26.7789718734707 15.3697987517911 27.9979635767894 201.236015319824 91.1912355422974 100.215854644775 52.8907300147457 212.600845336914 102.032642364502 173.748687744141 166.202224731445 109.829175313314 172.037139892578 128.07657623291 101.378303527832 0 0 76.8775126492536 116.795468417081 83.6632912579705 63.4416422797638 70.7680979997684 26.2371784849377 158.318864822388 121.140560150146 87.4262348810832 115.020603179932 107.094491004944 90.7829227561722 81.4762540870989 25.180675953693 139.585420227051 111.935761965238 80.3973698599059 23.1960824876384 75.6954433320423 92.2414751052856 115.953107131155 73.4692604064941 0 245.351852416992 172.560394287109 160.313911437988 0 91.5855885381284 82.6323486825694 62.743246406979 70.0873345858313 112.168395996094 123.898718516032 139.698952992757 95.4468357816656 165.797885894775 82.0898782171384 105.90056292216 122.840690612793 0 0 0 0 0 190.037643432617 167.84477015904 0 186.410011291504 0 0 146.519633483887 159.705427137472 141.764266967773 98.2930658029955 76.8315338583554 118.15707244873 168.21199798584 100.514044310916 127.671095848083 91.6273589323972 124.058754403251 93.0698451366131 117.645308453104 224.977523803711 183.323913574219 136.362503051758 0 110.290348501766 176.632934570312 102.913817527077 171.138680352105 165.88304901123 156.33980255127 144.257442072818 0 140.563206370284 110.022789001465 0 129.908098165271 131.861457927807 94.8489439612941 168.053230285645 98.8533510248712 195.968877156576 173.858968098958 118.534695386887 74.1456600303081 63.937497335767 94.5355690576697 90.3227025170556 200.217651367188 138.145877838135 133.18250875762 0 183.576400756836 87.1342970275879 176.003692626953 0 151.043045043945 166.714635995718 217.990447998047 0 231.879455566406 183.675640869141 147.859741210938 0 93.6690655377955 109.840669604315 125.988248304887 50.0038005828857 214.120829264323 164.178588867188 150.094007703993 129.412322998047 120.723172142392 103.234928008049 173.043727874756 159.480182393392 106.287732765891 109.56792678833 156.943923363319 134.709399684783 41.1884376138881 167.152731759208 114.298787848894 118.544869118548 115.189691162109 73.6595757802327 147.515763600667 175.619445800781 195.995803833008 129.893113645789 143.7380956014 155.783989646218 159.124143981934 194.870262145996 203.778335571289 0 0 0
140.27137298584 0 187.879470825195 110.609527587891 119.047503220408 123.766243934631 113.529472351074 238.043502807617 0 130.293533325195 0 131.10015810453 136.991966247559 16.8980170419245 19.6936357812729 53.7913158083922 17.8543927229088 83.2573401008556 119.47102994697 104.278542769583 93.4200767668167 104.849738257272 66.7074372788106 70.2157902162592 106.763673328218 51.2793809240179 53.1905576187093 46.8982360300182 117.279450994898 112.00864750406 89.6886254244072 116.069055175781 142.085773044162 70.8927057625411 30.0831496750185 19.7664209419015 37.4848235926113 53.2417554458852 68.365375613222 48.8849881414053 83.1495856136449 71.0794563871441 82.8219661700792 93.6168645222982 0 137.279800013492 66.337997862872 122.434433908174 108.108232459243 195.326965332031 171.700782775879 170.892364501953 169.053121230182 140.205864937075 164.677358415392 169.229153442383 109.42628712972 66.5051063491913 45.4137926058275 44.2944638281082 123.327512359619 129.845349525919 95.9831994219524 72.5367251646709 73.3253461825137 0 140.669539005385 73.9694943950601 91.0302291974629 134.058862958636 138.356817245483 144.427938842773 139.003273010254 88.8756023406982 84.019463656147 125.45456804548 185.802047729492 0 170.630147298177 197.269027709961 166.873126983643 0 173.256042972688 154.890687942505 143.029838294314 131.019937515259 121.893469810486 159.330670166016 143.035471598307 0 150.704632029814 144.579259725717 145.696472803752 143.743343898228 105.433242627362 100.365777399122 200.397262573242 137.371064129998 135.100892459645 101.883327386318 0 0 0 0 0 0 0 0 0 0 0 175.072669474284 133.174327468872 128.5965675354 124.569664403012 132.640653822157 126.068787711007 131.451842398014 132.386372084028 162.488048104679 139.588182914548 135.426339405157 131.106267464593 147.890274047852 155.078609466553 104.946853637695 120.786397298177 149.119028727214 128.2833293568 140.23820403128 179.503303527832 155.124755859375 168.241154988607 166.968274797712 129.935024261475 152.859931497013 133.226973748976 115.139762878418 141.697697850278 142.498742455835 135.317320251465 133.97475024632 141.924873352051 0 170.299641927083 156.659271240234 113.069492340088 0 119.850376847861 151.146026611328 140.592953152127 211.512634277344 182.493865966797 0 0 0 0 0 207.361267089844 221.765319824219 225.620239257812 168.483657836914 224.453674316406 212.643402099609 173.93189239502 134.128775024414 157.596466064453 177.5250113351 0 151.173904418945 169.825826009115 159.535992940267 154.292902628581 151.580679321289 0 153.340896606445 0 160.780639648438 183.067977905273 0 144.245484670003 137.838381522042 80.4642362594604 144.685635884603 184.430297851562 120.303006744385 0 0 215.931971232096 162.439842224121 213.032867431641 0 192.473770141602 165.860626220703 0 0 178.051734924316 131.299453735352 0 141.257453918457
