41539 8350 10781 4385 2040 1836 10092 9525 89 1274 94 1055 0 1 0 0 1 0 0 0 79 65 2 1 24 2 4 1 5497 5030 906 279 285 35 0 0 4 9 0 1 839 0 4 0 1 0 4 4 11 4 94 197 890 1006 524 91 456 10 1 0 1 2 13 1 1 2 444 8 20 19 7 55 37 39 102 0 13 0 20 31 127 5 2590 793 772 310 28 11 2 1 3 185 104 21 19 167 73 1839 58 63 12 2 54 50 14 190 4 5 16 43 142 131 0 0 0 1 0 0 0 0 2 0 0 4 1 1 0 0 0 0 9 5 104 78 6 53 0 0 10 10 0 0 0 4 19 0 0 0 4 2 0 1 0 0 0 0 2 1 7 2 8 1 1 4 16 0 4 0 0 1 8 12 4 2 0 0 0 0 1 0 146 28 5 0 0 73 1 1 5 0 12 0 0 25 131 5 14 5 0 0
8350 25523 6353 23316 3487 1897 514 156 35 275 145 777 0 1 1 0 2 0 1 0 140 95 1 0 4 2 1 2 1192 1751 1725 124 181 12 0 0 0 10 0 2 745 0 6 0 0 0 2 3 6 3 55 70 247 320 163 64 561 7 0 0 0 5 9 3 4 0 278 6 8 13 3 37 14 18 70 0 13 0 13 15 56 7 1032 518 832 334 20 7 2 0 1 98 52 9 13 108 87 327 73 48 36 9 135 154 17 427 11 9 67 113 346 336 0 0 0 0 2 0 0 1 1 0 0 7 0 0 0 0 0 0 20 10 209 116 3 76 0 0 2 7 1 0 0 2 21 0 3 0 3 1 1 0 0 0 0 0 1 5 1 2 11 2 1 10 43 0 0 1 0 0 16 15 3 0 1 0 3 2 1 0 308 12 5 1 0 137 0 0 4 1 24 0 0 51 268 13 32 4 0 0
10781 6353 30395 13522 179 3908 1109 6467 147 7476 1331 10542 0 0 2 1 1 0 1 0 160 94 2 4 16 5 0 0 1090 177 78 107 172 16 0 0 3 11 0 2 1025 0 7 4 1 1 8 1 10 0 116 165 537 552 406 120 266 6 0 2 1 6 18 2 1 0 479 13 8 24 8 90 22 34 96 1 18 1 21 33 116 10 2063 860 1142 382 33 11 9 2 6 162 134 16 26 129 225 568 83 55 80 15 360 410 51 1177 30 35 188 339 1105 919 1 0 0 1 0 0 1 1 2 1 3 13 4 0 1 0 0 0 36 22 689 309 0 125 0 0 4 7 1 0 0 14 62 0 7 0 3 0 0 3 1 2 0 2 3 4 2 2 17 0 11 15 91 0 0 1 1 2 29 37 25 2 1 1 0 6 1 1 732 25 16 0 1 313 6 2 7 5 31 4 2 102 831 54 35 7 0 1
4385 23316 13522 22690 8625 12026 512 221 62 376 382 3887 0 3 2 0 0 3 1 0 250 189 4 1 32 2 6 2 887 1472 2659 359 440 19 0 0 5 11 0 3 586 3 9 0 1 3 8 4 6 0 30 34 137 238 102 67 617 7 2 1 2 14 20 3 12 1 287 11 35 15 6 74 30 23 172 1 19 1 17 7 31 1 730 487 855 377 29 5 3 0 3 49 28 6 13 279 173 321 168 162 56 9 247 256 32 722 18 20 121 201 636 555 0 2 0 0 1 0 1 1 7 0 3 8 3 0 1 0 0 0 19 19 393 191 3 104 0 0 9 1 3 1 0 13 25 0 4 0 4 3 0 1 0 1 0 2 3 5 0 2 9 3 5 14 64 0 3 0 2 0 23 31 9 0 0 2 0 1 1 0 517 24 15 3 0 228 0 1 6 1 27 1 1 62 507 29 38 7 0 1
2040 3487 179 8625 14683 3862 859 82 22 59 94 1229 2 15 15 2 2 3 2 1 292 404 31 9 74 3 13 14 3319 6116 16637 2114 1019 254 2 0 14 50 5 8 422 0 18 10 1 19 18 31 4 2 37 60 324 542 160 39 3712 86 2 1 6 22 75 23 48 4 454 31 240 26 22 283 157 25 437 7 11 5 89 13 48 1 819 471 632 344 58 6 4 1 13 57 48 10 19 3108 110 836 169 731 8 4 35 40 11 124 2 3 9 14 73 87 0 1 2 0 3 0 8 10 18 2 9 14 8 1 1 0 0 0 7 6 112 85 3 73 0 0 33 38 6 3 2 7 23 0 2 0 20 21 3 2 2 1 0 1 0 3 1 0 4 2 0 3 31 1 3 1 2 1 17 12 8 3 3 7 1 2 4 0 139 41 9 1 2 80 1 0 2 2 23 1 0 34 81 5 14 1 0 2
1836 1897 3908 12026 3862 16506 628 868 106 1587 520 20844 0 5 2 2 0 4 1 0 369 343 14 6 63 4 6 5 1017 981 1114 5740 3545 341 0 1 6 63 4 5 686 2 13 1 0 11 9 16 1 1 30 49 210 277 108 50 634 163 1 2 3 23 43 7 31 3 377 15 144 12 14 453 222 39 350 2 29 2 132 5 29 6 764 470 786 426 42 8 4 3 3 50 25 4 19 896 541 460 223 183 50 14 270 254 38 814 23 27 117 227 654 664 0 0 1 2 3 0 5 3 16 4 4 11 8 1 2 0 0 0 27 33 492 257 2 135 0 0 26 28 8 1 1 15 59 0 5 1 15 18 0 0 3 0 0 1 1 8 1 0 19 7 6 7 87 1 2 3 1 1 39 30 15 1 0 6 2 3 9 1 613 40 13 2 2 305 4 0 10 2 36 5 2 94 553 35 41 2 1 0
10092 514 1109 512 859 628 7553 6767 771 2190 299 783 0 1 2 0 0 0 0 0 34 37 2 0 2 0 1 3 854 644 364 140 154 17 0 0 0 3 0 0 89 0 2 4 1 1 4 2 1 1 27 40 476 345 224 6 104 6 1 0 0 0 3 0 1 0 41 2 7 2 2 94 13 16 43 0 172 4 33 9 29 3 673 130 120 38 9 1 2 1 1 22 24 5 2 94 621 3492 21 17 0 1 17 15 1 36 0 2 5 14 30 33 0 0 0 0 0 0 0 0 0 0 1 3 1 0 0 0 0 0 1 4 32 36 1 17 0 0 1 6 0 0 0 3 8 2 0 0 0 0 0 0 1 0 0 0 0 0 0 0 2 0 0 4 6 0 0 1 0 1 2 2 0 0 0 0 1 1 0 0 57 13 2 0 0 32 0 0 0 3 3 0 0 5 38 0 4 2 0 0
9525 156 6467 221 82 868 6767 16488 2531 19619 483 3623 0 0 0 0 0 0 0 0 18 12 0 0 4 0 1 0 472 92 26 29 47 18 0 0 3 10 1 0 328 0 4 0 0 2 1 0 4 2 66 114 590 469 349 40 70 12 1 0 0 0 1 2 3 0 168 6 3 22 9 16 13 16 45 0 12 0 13 20 67 4 1379 348 305 101 11 5 1 1 1 91 69 12 10 44 63 1788 7 18 6 0 45 50 7 147 3 4 24 58 132 99 0 0 0 0 0 0 0 0 2 0 0 2 0 0 0 0 0 0 8 0 62 36 0 18 0 0 1 2 0 0 0 1 7 0 0 0 2 1 0 1 2 0 0 0 0 1 3 1 1 1 4 0 9 0 0 0 0 0 4 6 1 0 0 1 3 0 0 0 84 14 3 0 0 39 0 2 2 0 7 2 0 10 91 5 4 0 0 1
89 35 147 62 22 106 771 2531 876 1687 266 302 7 0 0 0 0 1 3 1 4 10 0 0 2 0 1 0 20 7 4 60 191 12 0 0 0 5 0 0 14 3 4 7 52 5 2 8 1 30 1 20 180 31 63 1 7 1 0 0 3 2 3 1 0 3 10 1 5 3 7 517 25 80 11 5 1116 19 221 22 20 63 43 10 12 4 0 51 61 24 10 4 2 4 10 19 2511 1267 1 2 2 0 7 6 1 16 0 0 1 4 10 18 0 0 0 0 2 0 0 0 2 0 2 4 0 0 0 0 0 0 1 1 9 8 0 4 0 0 4 3 0 1 1 0 3 0 0 0 5 2 0 1 1 0 0 1 0 0 1 3 0 1 0 0 3 0 1 1 3 0 1 0 2 0 1 2 0 0 4 1 28 7 9 1 6 19 2 1 3 1 1 2 2 2 14 0 1 0 0 0
1274 275 7476 376 59 1587 2190 19619 1687 36434 18082 23031 0 0 0 0 0 0 0 0 31 16 1 0 5 0 0 0 267 64 20 126 351 10 0 0 2 2 0 0 192 0 2 1 0 2 0 0 2 0 44 49 457 228 233 24 51 4 0 0 1 2 3 2 0 1 114 3 2 6 7 93 7 34 29 0 28 2 12 9 39 2 710 188 154 75 9 8 2 0 2 39 48 8 9 60 837 1611 11 6 37 8 229 220 16 744 29 31 112 283 750 577 0 0 0 0 0 0 0 0 1 0 0 5 4 0 0 0 0 0 20 10 334 118 1 61 0 0 2 3 0 0 0 11 30 1 2 0 0 0 0 1 2 1 0 5 0 3 2 1 10 5 5 10 37 0 1 0 0 1 14 13 11 0 1 0 0 1 2 0 402 15 4 1 1 152 2 1 6 5 18 2 0 55 520 22 16 1 0 0
94 145 1331 382 94 520 299 483 266 18082 9327 9384 0 0 1 0 0 0 0 0 24 25 2 0 2 0 0 0 47 24 5 234 1392 12 0 0 0 0 0 0 55 1 0 0 0 0 0 0 0 0 3 4 81 34 33 4 17 3 0 0 0 1 1 1 0 0 27 2 4 0 0 287 9 24 18 0 66 1 18 0 4 0 86 40 55 22 2 0 0 0 0 6 3 0 2 62 1935 303 18 2 40 6 191 178 22 541 14 14 97 233 511 484 0 0 0 0 0 1 0 1 0 0 0 9 0 0 0 0 1 0 13 6 296 157 3 65 0 0 3 2 0 1 1 13 36 0 4 1 0 1 0 1 1 0 0 2 1 5 1 2 16 4 0 6 42 0 0 1 0 0 21 22 9 0 0 0 1 0 2 0 411 21 10 0 0 204 2 0 4 2 30 0 1 52 464 26 31 5 0 1
1055 777 10542 3887 1229 20844 783 3623 302 23031 9384 32438 1 0 0 0 0 1 0 0 213 211 2 0 30 0 1 1 350 269 195 1074 3829 38 0 0 3 12 0 0 401 0 7 3 0 3 5 5 2 0 17 32 185 176 113 26 166 21 0 1 1 5 12 0 2 0 247 12 23 7 2 882 30 65 135 0 75 2 45 2 29 2 530 295 478 230 19 2 3 3 2 31 25 5 14 291 1914 458 104 50 85 17 370 377 47 1250 30 29 172 367 1011 908 0 0 1 0 1 0 1 2 2 1 2 12 1 0 1 0 0 0 41 23 637 295 4 178 0 0 10 9 0 2 0 23 84 0 9 2 4 1 0 1 2 0 0 6 2 4 1 0 33 2 6 26 139 1 0 0 1 1 45 33 24 0 1 2 3 1 7 0 888 42 19 1 1 438 6 0 6 2 41 5 4 138 894 43 63 10 0 0
0 0 0 0 2 0 0 0 7 0 0 1 4577 1 5 5 94 972 5101 164 1 6 2 11 3 1 8 9 4 1 0 0 8 2 1 0 6 443 7 3 27 11 68 5059 1527 3261 4 29 11 223 0 13 0 0 1 0 6 2 1 1 21 14 21 19 44 1959 3 13 83 9 19 80 128 670 5 53 336 251 179 10 24 86 1 3 2 3 2 134 276 423 305 11 0 7 47 2 42 7 2 1 0 0 0 0 1 0 0 0 0 0 0 1 0 45 236 8 4 87 9 888 29 246 25 1 1 0 1 17 1 27 7 12 1 6 4 19 0 2 16 23 669 2 270 0 1 18 65 1 66 1711 4 10 13 0 0 3 1 0 1 1 0 1 0 2 25 8 178 142 28 251 1 7 6 12 23 627 2 6 203 15 4 13 54 7 115 4 3 8 17 2 0 26 10 4 2 0 1 1 3 0
1 1 0 3 15 5 1 0 0 0 0 0 1 11112 7185 486 355 180 89 79 20 37 162 343 56 84 2347 1490 6 8 21 4 26 97 3304 4446 3877 84 175 198 335 54 172 6 3 89 1080 14 41 2 0 0 1 2 0 0 42 477 891 2619 31 45 256 486 475 10 17 1464 593 16 7 3 18 172 267 5 2 1 3 0 2 0 6 9 4 21 36 3 8 2 30 11 0 10 63 46 0 2 7 31 1 0 0 1 0 3 1 0 0 2 2 0 3 10 5 37 39 159 120 79 337 606 539 37 23 17 41 2 3 10 1 3 1 16 4 23 6 2 82 225 31 24 11 2 26 6 4 0 371 45 14 2 3 0 0 0 0 1 0 0 3 1 0 0 5 6 2 7 3 6 8 2 3 4 1 24 0 0 4 1 17 83 45 0 3 61 0 1 1 3 3 3 7 3 0 0 8 5 2 0
0 1 2 2 15 2 2 0 0 0 1 0 5 7185 24906 11285 1379 4800 217 607 118 89 666 440 85 171 2693 7353 9 4 22 1 59 86 629 434 3185 109 1158 353 1392 237 308 28 10 147 469 45 208 13 3 0 1 4 2 0 32 287 287 547 166 103 401 477 1955 22 22 715 2469 39 21 6 27 238 211 33 3 2 5 0 9 2 10 11 5 22 42 17 33 11 86 68 0 34 203 38 1 0 24 15 1 1 1 1 2 1 0 0 1 0 2 1 10 34 26 49 35 232 174 251 660 985 799 84 27 19 68 6 5 43 0 2 3 42 1 36 19 2 169 361 83 76 31 3 56 5 8 0 665 101 26 4 0 1 1 4 0 3 0 1 2 1 0 0 8 10 13 25 7 7 10 13 3 7 10 54 2 1 29 1 21 146 90 3 6 148 0 2 6 11 5 9 5 6 1 0 11 10 6 6
0 0 1 0 2 2 0 0 0 0 0 0 5 486 11285 14215 242 4564 2346 2036 8 14 79 89 5 12 315 5934 5 1 6 2 32 46 35 18 278 98 2498 20 472 171 66 12 5 41 22 13 58 2 0 1 1 1 0 0 4 103 35 117 88 14 14 35 365 5 3 213 439 4 2 2 19 70 75 7 1 0 4 0 4 0 3 2 2 1 8 6 15 3 18 30 1 19 67 9 0 0 3 3 0 0 0 0 0 1 0 0 0 0 0 0 13 163 101 24 5 541 20 1583 113 1277 118 5 1 2 4 2 0 162 0 1 4 10 5 8 6 2 22 47 251 10 107 1 6 4 2 1 206 129 6 2 3 0 0 0 0 0 0 0 1 0 0 0 4 1 3 18 3 4 0 4 2 3 2 56 0 2 9 1 7 24 62 2 1 29 0 3 0 1 0 0 5 2 0 1 1 2 0 0
1 2 1 0 2 0 0 0 0 0 0 0 94 355 1379 242 1993 373 1412 2795 49 94 296 120 88 158 105 40 1 1 4 1 24 9 39 10 655 1535 64 275 291 31 109 84 19 236 178 9 22 9 0 5 2 2 2 0 5 26 34 24 103 10 34 43 106 9 8 51 332 4 6 1 18 348 9 26 13 91 6 3 4 4 2 11 12 13 13 10 12 9 16 10 1 6 57 7 1 0 17 2 0 1 1 0 5 0 2 0 0 0 3 0 4 18 16 25 34 61 145 140 601 347 366 69 32 15 65 10 3 27 2 2 4 57 7 44 16 0 169 307 42 89 15 2 42 15 5 0 597 48 40 5 3 0 1 0 1 0 1 2 1 0 0 0 8 19 11 12 4 1 12 10 3 8 7 17 0 4 12 1 17 181 104 7 4 157 0 0 4 17 6 4 6 2 0 1 27 4 3 9
0 0 0 3 3 4 0 0 1 0 0 1 972 180 4800 4564 373 21616 6982 1264 4 20 103 901 43 65 2163 902 4 1 9 3 114 29 130 9 221 677 2356 64 576 237 732 963 38 3048 117 33 118 17 1 2 1 1 0 0 14 20 34 21 1457 46 109 1145 533 283 19 86 939 26 18 28 410 1061 30 43 16 138 33 1 16 2 2 8 3 19 12 17 55 14 95 77 6 38 183 12 3 1 18 6 1 0 2 0 2 3 0 0 0 0 2 0 25 665 1539 61 36 1626 29 5391 400 4731 300 6 2 13 7 33 3 733 2 0 8 46 18 75 9 11 143 208 1978 7 924 1 10 23 53 33 726 1271 12 0 13 1 0 8 0 0 0 0 0 1 0 1 30 25 26 156 29 111 1 12 10 15 19 488 1 8 105 6 24 74 531 18 20 55 0 4 9 3 1 28 13 7 2 1 3 3 4 0
0 1 1 1 2 1 0 0 3 0 0 0 5101 89 217 2346 1412 6982 50173 14660 21 41 81 128 36 47 510 218 2 1 6 2 66 6 63 3 51 1830 89 105 148 56 159 5526 221 2558 80 44 38 69 1 13 4 4 1 0 11 9 8 4 63 21 60 137 76 230 5 20 127 18 21 18 147 8702 14 50 152 1530 34 15 7 29 7 5 7 11 6 64 149 127 164 16 3 17 68 4 7 1 14 6 1 0 2 1 1 0 0 2 0 2 3 3 67 424 960 131 70 2055 255 4703 1436 8924 1846 89 39 23 91 21 7 529 11 3 5 100 21 68 54 14 369 551 656 82 312 3 70 26 50 24 2276 590 45 10 15 4 0 4 0 2 1 4 5 2 0 0 19 14 28 82 28 75 15 14 13 19 25 170 0 2 134 11 72 420 1299 16 51 489 2 13 18 6 8 45 29 7 4 1 18 22 9 11
0 0 0 0 1 0 0 0 1 0 0 0 164 79 607 2036 2795 1264 14660 6333 19 34 174 129 41 110 123 32 2 2 2 0 7 2 50 5 109 156 82 240 287 46 111 98 5 188 106 12 58 13 0 0 0 2 0 0 2 7 14 7 149 14 30 38 67 8 6 30 284 3 2 2 17 387 9 13 9 51 1 1 4 2 2 4 7 7 5 7 22 7 27 21 0 15 68 1 1 1 6 1 1 2 0 2 2 2 0 0 0 0 0 1 14 47 22 43 18 117 130 205 741 811 453 50 40 19 80 8 7 77 2 3 0 40 0 23 20 2 116 287 41 95 24 4 32 10 4 2 756 40 36 6 2 1 0 2 0 0 2 0 6 0 0 0 1 13 5 23 3 4 7 15 5 4 1 17 1 1 13 3 23 147 98 6 4 194 4 1 6 15 3 4 7 0 2 0 15 16 10 7
79 140 160 250 292 369 34 18 4 31 24 213 1 20 118 8 49 4 21 19 10080 9132 2445 66 438 319 12 3 92 79 194 140 255 266 5 2 232 193 1 123 1057 21 70 22 2 17 142 2 18 2 2 1 15 29 11 811 191 169 30 29 3 17 32 16 3 1 68 414 21 8 0 99 182 55 932 6 11 2 60 0 1 1 134 47 3273 228 330 2 7 3 21 7 2 9 50 704 25 21 503 204 1 0 4 6 1 7 0 0 0 0 7 6 0 1 0 3 11 0 11 2 41 14 38 17 1 1 11 1 0 0 0 3 15 30 7 31 0 0 47 78 3 2 2 3 13 2 0 0 63 4 1 0 2 0 0 0 0 1 2 1 7 0 0 2 7 0 1 0 1 1 6 4 5 3 1 1 1 1 4 1 35 46 30 3 1 45 2 0 4 1 3 1 1 11 10 0 9 1 0 0
65 95 94 189 404 343 37 12 10 16 25 211 6 37 89 14 94 20 41 34 9132 25951 5725 385 7886 1430 120 7 136 115 249 169 433 445 29 3 426 431 13 574 947 177 554 94 15 64 499 28 238 11 10 10 40 89 25 172 374 315 47 45 19 78 127 63 20 10 238 891 67 42 17 183 384 173 1686 38 18 1 116 1 11 3 732 403 6018 1593 1154 15 55 19 146 70 12 77 429 1104 22 20 4627 440 2 0 4 3 3 8 0 0 1 2 4 7 0 0 2 7 23 6 38 9 166 22 75 45 13 5 17 0 0 1 2 2 4 73 9 62 0 0 122 206 4 9 2 5 35 4 1 1 183 17 6 5 4 1 0 1 0 3 0 1 10 1 1 0 15 4 1 3 6 1 10 2 5 7 13 14 1 3 22 4 40 127 48 6 12 70 1 2 8 9 10 7 3 11 6 1 13 6 0 5
2 1 2 4 31 14 2 0 0 1 2 2 2 162 666 79 296 103 81 174 2445 5725 11892 7636 799 6630 453 26 24 16 27 15 105 185 75 5 556 336 45 1693 6581 1927 819 43 8 92 339 12 200 4 4 1 7 13 4 1 56 146 37 51 22 30 49 57 18 3 77 192 29 22 6 17 109 42 215 8 5 3 14 0 4 0 31 66 67 134 87 8 28 9 61 83 2 48 224 108 2 2 112 27 0 0 0 1 0 0 0 1 0 0 1 1 0 0 2 5 7 3 22 5 62 38 55 13 2 3 9 0 0 2 0 0 1 14 1 8 1 0 34 47 4 8 1 0 8 3 1 0 79 6 3 1 6 0 0 2 0 0 0 0 0 0 0 0 1 0 0 0 2 4 3 1 0 1 5 7 1 0 13 0 6 20 15 0 6 16 0 0 1 1 0 4 1 1 0 0 5 3 0 2
1 0 4 1 9 6 0 0 0 0 0 0 11 343 440 89 120 901 128 129 66 385 7636 15710 582 7019 4359 98 19 4 12 5 30 21 733 11 120 78 224 2478 2489 6883 3819 36 14 1567 843 30 491 19 3 0 14 12 2 0 54 27 108 26 460 95 234 690 188 40 103 196 152 63 18 4 42 44 33 31 10 1 4 1 12 4 44 81 41 154 107 15 46 18 319 128 10 108 569 18 2 0 123 50 0 0 0 0 0 1 0 0 0 0 0 0 0 9 17 9 4 25 10 92 33 59 45 12 1 1 3 2 0 9 0 0 0 4 2 6 1 0 19 41 77 3 38 0 8 3 11 0 53 131 2 6 8 1 0 1 0 1 0 0 1 0 1 0 1 1 11 21 3 11 0 0 1 1 9 62 2 2 32 6 3 8 7 3 15 7 1 4 4 1 0 12 3 0 0 0 2 1 1 0
24 4 16 32 74 63 2 4 2 5 2 30 3 56 85 5 88 43 36 41 438 7886 799 582 13452 2375 322 21 110 23 53 27 139 92 95 2 148 172 7 3260 405 133 757 76 16 117 4054 30 152 11 7 10 51 119 36 33 315 63 35 21 45 118 251 213 32 9 659 471 53 52 13 42 231 111 205 42 6 3 44 1 10 2 457 629 1314 2410 3858 9 51 15 170 53 12 61 415 159 10 5 5362 828 0 0 2 0 0 1 0 0 0 0 1 0 0 0 0 1 20 4 26 5 101 35 54 20 4 2 10 2 0 0 0 1 1 32 8 45 0 0 98 160 9 6 0 1 19 0 3 0 124 16 1 3 4 0 0 1 1 0 0 2 7 1 1 1 6 1 1 6 0 2 3 3 3 1 11 16 0 3 23 1 20 74 32 3 3 35 0 1 2 1 7 11 4 4 4 0 6 4 0 3
2 2 5 2 3 4 0 0 0 0 0 0 1 84 171 12 158 65 47 110 319 1430 6630 7019 2375 7017 1176 27 10 5 5 1 34 22 204 1 115 95 13 6314 1181 477 498 30 5 61 849 6 105 3 1 2 3 15 1 1 32 18 16 3 15 15 42 93 9 3 34 52 19 16 5 6 51 53 36 5 2 0 1 0 1 0 27 46 47 131 87 7 26 3 46 24 2 26 157 16 0 0 104 12 1 0 1 0 1 0 0 1 0 0 0 0 0 1 2 5 6 5 16 13 62 30 70 8 3 6 13 2 1 1 0 1 0 6 1 8 2 0 31 56 3 6 1 0 2 3 1 0 59 6 1 0 0 0 0 2 0 0 0 1 0 0 0 0 2 3 1 1 2 1 2 4 3 1 2 4 0 2 4 1 8 27 11 0 2 19 0 2 2 1 0 4 4 1 0 0 1 0 0 2
4 1 0 6 13 6 1 1 1 0 0 1 8 2347 2693 315 105 2163 510 123 12 120 453 4359 322 1176 30207 7167 32 25 46 2 35 19 6816 211 197 60 781 4882 668 338 984 20 10 528 1293 24 105 4 0 0 15 23 4 1 141 101 526 295 152 94 474 3459 503 21 113 1027 283 24 10 0 23 151 115 14 0 1 3 1 3 1 28 53 17 95 135 6 21 3 98 41 3 28 228 9 1 0 95 95 0 0 0 0 1 0 0 0 0 0 0 1 0 98 59 20 12 408 38 1341 101 640 171 6 5 7 10 0 2 73 0 2 0 13 9 11 1 2 39 65 398 8 115 0 8 7 4 1 145 244 3 4 4 0 0 1 0 0 0 0 0 0 0 0 11 1 17 24 2 6 3 3 1 2 6 97 0 1 20 2 8 16 53 3 11 17 1 2 2 1 0 3 3 3 1 0 0 2 0 0
1 2 0 2 14 5 3 0 0 0 0 1 9 1490 7353 5934 40 902 218 32 3 7 26 98 21 27 7167 10782 9 12 32 2 23 95 198 158 473 60 3815 38 106 55 120 10 4 291 160 11 13 1 1 0 4 5 1 1 38 384 315 517 111 63 432 1364 3069 20 11 1156 559 14 12 2 8 109 295 7 0 0 1 0 0 1 2 11 1 8 40 3 6 5 31 7 2 9 44 48 0 0 2 18 1 0 0 0 1 2 1 0 0 0 2 0 2 354 274 29 18 801 20 3345 83 854 93 4 0 8 5 11 0 247 0 2 2 18 13 26 4 4 41 99 1580 2 476 1 7 10 17 4 123 725 2 2 6 0 0 1 0 0 0 0 0 0 1 0 27 9 30 93 19 18 2 4 4 5 11 307 0 2 49 2 2 17 70 13 11 6 0 2 5 2 3 6 3 4 0 0 3 1 3 1
5497 1192 1090 887 3319 1017 854 472 20 267 47 350 4 6 9 5 1 4 2 2 92 136 24 19 110 10 32 9 31582 11570 1779 230 244 71 9 0 12 33 2 24 100 13 86 6 5 28 74 15 24 2 17 32 2183 6166 573 17 6282 36 6 1 6 53 139 38 17 4 4897 111 91 15 11 68 56 34 322 13 23 1 52 2 11 2 1375 2052 153 182 416 3 17 4 37 29 11 15 94 722 38 3528 214 510 5 2 16 19 4 65 1 1 7 6 38 60 0 0 1 0 2 0 3 4 6 1 4 6 1 1 1 0 0 0 5 5 60 99 6 78 0 0 21 24 0 0 4 12 28 1 5 0 11 8 3 2 3 0 0 0 2 2 1 2 11 1 0 3 28 0 0 2 2 0 22 12 14 0 4 2 1 0 10 1 146 58 12 1 1 105 2 1 3 3 13 2 5 26 38 2 24 0 0 0
5030 1751 177 1472 6116 981 644 92 7 64 24 269 1 8 4 1 1 1 1 2 79 115 16 4 23 5 25 12 11570 15291 4173 187 169 18 4 4 4 11 2 6 164 2 28 5 1 12 14 13 9 1 24 49 467 930 220 13 2474 13 4 0 4 46 120 27 20 2 541 46 77 15 9 32 24 10 252 5 9 0 16 8 21 1 706 239 214 112 124 3 6 4 16 35 27 14 47 567 24 1259 70 437 3 1 15 5 0 26 1 0 5 2 23 22 0 0 0 0 0 0 1 3 3 0 2 3 2 1 1 0 0 0 1 2 32 21 1 24 1 0 8 6 1 0 0 1 5 0 3 0 5 5 0 2 0 0 0 0 1 2 0 1 4 0 0 0 4 0 0 1 0 0 6 0 6 1 0 4 0 1 3 0 43 12 0 1 2 19 1 1 2 0 8 2 2 10 19 1 2 1 0 0
906 1725 78 2659 16637 1114 364 26 4 20 5 195 0 21 22 6 4 9 6 2 194 249 27 12 53 5 46 32 1779 4173 16474 147 126 40 16 2 9 12 6 21 307 6 62 7 5 45 63 34 11 1 17 29 197 310 90 19 9890 7 6 3 13 119 258 83 103 6 601 269 321 40 10 39 40 14 2066 9 3 0 9 3 33 0 507 402 443 357 669 2 6 3 42 37 30 17 83 5679 8 320 580 13044 1 2 4 8 1 19 0 0 3 5 9 17 0 1 0 0 4 2 5 5 12 2 2 5 0 2 3 0 0 1 3 1 15 21 2 21 0 0 23 21 12 2 3 1 7 1 5 0 16 14 2 0 2 0 0 1 0 1 0 1 5 0 0 0 5 2 2 3 5 1 5 1 1 1 3 14 0 1 9 2 29 26 4 1 2 15 0 1 1 1 2 4 2 5 15 1 3 0 0 1
279 124 107 359 2114 5740 140 29 60 126 234 1074 0 4 1 2 1 3 2 0 140 169 15 5 27 1 2 2 230 187 147 9402 5668 1880 1 0 4 162 1 2 198 1 4 4 0 12 3 5 2 0 5 12 86 88 41 8 94 2355 1 1 0 3 9 4 17 1 101 8 63 10 3 779 568 30 1687 3 18 1 232 2 8 0 244 149 194 99 10 3 4 0 1 9 6 1 5 5579 395 107 59 28 25 13 108 106 38 343 3 6 29 46 166 269 0 0 0 0 1 1 0 3 4 0 1 20 6 0 2 0 0 0 36 26 273 204 6 169 0 0 8 13 1 1 2 14 56 0 4 0 9 8 0 3 3 2 0 1 1 11 1 7 35 7 4 14 85 0 2 3 2 2 37 34 19 0 0 9 5 1 4 0 457 45 14 2 1 229 0 0 3 4 38 0 4 102 198 20 44 5 0 0
285 181 172 440 1019 3545 154 47 191 351 1392 3829 8 26 59 32 24 114 66 7 255 433 105 30 139 34 35 23 244 169 126 5668 5748 2629 13 1 329 2307 23 43 305 19 34 29 5 161 99 16 9 2 10 29 153 105 80 13 105 1083 31 31 51 8 13 23 98 11 158 144 421 7 18 3002 1808 291 1177 25 205 41 440 6 22 6 366 190 212 142 70 16 8 1 19 31 17 4 17 2206 1540 197 119 28 51 18 224 235 75 657 9 11 76 111 426 451 0 3 8 4 18 14 18 48 85 54 38 59 37 6 30 2 1 2 64 48 589 660 45 447 2 0 129 133 22 22 15 43 196 5 9 3 144 43 12 6 7 4 0 4 3 28 4 7 106 16 8 22 217 4 7 9 5 2 113 100 77 10 0 21 11 7 17 1 1221 363 69 32 6 842 4 3 7 24 160 12 13 255 518 26 120 22 3 9
35 12 16 19 254 341 17 18 12 10 12 38 2 97 86 46 9 29 6 2 266 445 185 21 92 22 19 95 71 18 40 1880 2629 5129 10 13 2320 3238 71 40 248 8 24 13 1 35 109 28 4 1 13 21 108 80 74 16 36 3312 158 985 34 20 20 16 244 11 68 801 770 13 14 1262 1230 137 1707 27 57 5 381 4 21 3 345 132 107 68 61 6 4 1 9 17 10 1 9 2107 64 15 60 18 19 8 22 27 17 68 1 2 4 7 36 68 1 2 3 3 6 5 8 14 43 20 22 37 18 3 6 0 0 2 18 19 148 336 28 236 1 0 93 92 8 8 10 28 68 2 3 1 52 44 9 4 13 3 0 3 5 12 2 5 63 10 3 7 86 2 6 5 0 1 62 45 29 4 3 23 6 2 14 3 390 223 41 16 3 373 4 2 10 13 78 7 5 90 57 7 56 8 3 4
0 0 0 0 2 0 0 0 0 0 0 0 1 3304 629 35 39 130 63 50 5 29 75 733 95 204 6816 198 9 4 16 1 13 10 3411 2525 165 29 26 611 113 71 231 4 0 54 3021 5 25 2 0 0 2 6 2 0 35 89 1316 561 23 19 99 418 50 5 27 620 66 7 5 0 7 63 43 3 0 0 0 0 1 0 4 16 14 21 44 1 4 1 29 5 1 7 59 7 0 0 27 27 0 0 0 0 0 1 0 0 1 0 2 0 0 5 2 8 9 44 34 45 74 166 155 6 4 4 10 2 0 4 0 1 0 8 0 3 2 0 24 47 13 8 7 0 5 0 2 0 111 16 4 0 0 0 0 0 0 1 0 0 0 0 0 0 0 1 0 2 0 2 2 0 0 0 2 3 0 0 3 1 3 20 13 0 1 18 0 0 2 1 4 0 0 0 0 0 2 3 1 1
0 0 0 0 0 1 0 0 0 0 0 0 0 4446 434 18 10 9 3 5 2 3 5 11 2 1 211 158 0 4 2 0 1 13 2525 3102 383 8 27 44 14 3 23 1 1 14 778 3 0 0 0 0 0 0 0 0 3 162 1590 2070 8 14 103 95 116 1 4 456 125 3 4 0 2 9 28 0 1 0 0 0 0 0 0 0 1 1 5 1 1 0 6 0 0 1 13 1 0 0 0 2 0 0 0 1 0 0 0 0 0 0 0 1 0 1 0 3 1 6 3 9 18 28 25 2 0 1 1 1 0 1 0 0 0 2 0 1 0 0 9 12 9 3 4 1 2 1 0 0 16 8 1 2 0 0 0 0 0 0 0 0 0 0 0 0 0 0 2 5 0 0 2 0 0 1 0 4 0 0 1 0 2 2 2 0 0 0 0 1 0 1 0 1 0 0 0 0 0 0 0 0
4 0 3 5 14 6 0 3 0 2 0 3 6 3877 3185 278 655 221 51 109 232 426 556 120 148 115 197 473 12 4 9 4 329 2320 165 383 3469 2060 259 243 436 36 123 16 7 174 594 63 28 5 7 3 8 8 8 0 28 1370 575 5100 122 40 120 109 783 15 29 1251 1969 17 40 11 78 123 130 68 8 33 10 1 8 4 46 33 44 43 47 10 13 1 39 8 4 11 40 21 2 0 63 18 1 4 3 3 3 2 2 0 2 0 1 3 0 6 17 10 30 31 67 85 245 103 138 68 35 9 36 5 0 10 9 6 6 100 19 92 4 0 199 273 56 45 22 9 42 7 12 2 330 107 35 4 4 2 0 0 1 4 0 6 13 1 1 1 24 12 19 19 3 5 29 12 24 24 5 59 4 2 29 5 39 263 56 24 9 128 3 0 5 13 16 9 5 11 1 1 31 11 2 6
9 10 11 11 50 63 3 10 5 2 0 12 443 84 109 98 1535 677 1830 156 193 431 336 78 172 95 60 60 33 11 12 162 2307 3238 29 8 2060 9941 68 181 269 38 143 969 53 1194 246 55 15 34 6 16 35 20 26 4 34 465 109 456 112 26 40 54 261 48 56 531 1185 15 32 160 1814 2094 326 76 92 399 70 9 26 21 126 75 88 86 74 39 62 22 80 18 1 15 37 316 26 5 85 19 8 3 2 7 10 17 1 1 4 1 10 22 3 21 28 44 85 143 220 363 691 601 704 156 61 27 80 12 4 26 15 15 40 320 49 229 10 1 563 774 93 82 39 25 139 13 13 6 995 200 42 7 6 5 1 4 1 6 3 6 57 3 2 9 69 22 24 26 15 6 49 38 35 21 15 98 3 5 59 3 189 551 325 37 27 439 2 5 9 15 62 18 9 27 15 5 81 21 7 13
0 0 0 0 5 4 0 1 0 0 0 0 7 175 1158 2498 64 2356 89 82 1 13 45 224 7 13 781 3815 2 2 6 1 23 71 26 27 259 68 7223 19 175 87 201 11 12 1019 30 113 35 4 2 0 0 0 0 0 18 112 48 121 7364 32 37 451 3494 34 7 290 4089 12 63 2 19 72 103 474 1 0 4 0 36 0 4 2 2 9 12 31 56 3 161 31 1 17 61 23 0 1 8 7 1 0 0 0 1 4 0 0 0 0 0 2 4 487 675 33 27 826 14 3375 142 904 42 4 1 7 0 25 1 408 5 3 3 36 22 45 11 11 99 138 2307 4 878 0 7 11 51 11 171 1116 6 4 19 1 0 2 0 0 0 1 4 0 0 0 23 13 55 196 34 45 0 5 14 27 18 580 2 3 79 8 9 9 73 25 29 1 0 2 5 2 3 22 10 7 0 1 1 0 4 0
1 2 2 3 8 5 0 0 0 0 0 0 3 198 353 20 275 64 105 240 123 574 1693 2478 3260 6314 4882 38 24 6 21 2 43 40 611 44 243 181 19 6524 675 206 535 33 2 87 6733 6 74 1 1 0 9 20 1 3 94 45 368 45 26 32 129 196 27 4 131 318 49 18 3 7 55 108 41 10 1 0 5 1 2 1 34 89 59 169 184 7 10 4 62 29 1 25 150 22 0 1 183 57 1 0 0 0 0 1 0 0 0 0 0 0 0 1 2 10 11 27 50 22 130 97 142 21 6 6 12 0 0 0 0 0 1 13 3 15 1 0 45 124 6 9 7 0 16 1 2 0 147 10 2 2 2 0 0 0 0 1 0 0 2 0 0 0 3 2 3 3 5 0 2 2 2 0 2 6 0 2 6 3 11 37 19 0 0 33 0 0 1 1 1 5 2 1 0 0 4 2 0 2
839 745 1025 586 422 686 89 328 14 192 55 401 27 335 1392 472 291 576 148 287 1057 947 6581 2489 405 1181 668 106 100 164 307 198 305 248 113 14 436 269 175 675 8549 2891 1154 116 65 724 300 117 1549 84 552 294 31 48 830 955 294 145 51 48 231 162 171 108 101 71 112 345 146 220 137 115 191 85 693 146 60 17 87 40 557 48 1329 124 1269 174 274 190 290 67 818 2123 497 411 1232 718 39 35 155 242 1 0 8 9 6 25 1 1 3 4 21 38 1 2 11 3 13 8 19 34 53 41 38 21 7 2 7 1 0 2 6 10 48 83 6 74 1 0 44 57 42 5 31 5 21 11 33 1 49 122 3 24 36 2 0 9 0 5 6 30 10 1 0 9 37 3 38 17 12 15 7 13 6 4 39 110 17 27 158 11 122 91 20 10 51 89 17 22 61 4 17 59 27 28 30 1 14 1 2 3
0 0 0 3 0 2 0 0 3 0 1 0 11 54 237 171 31 237 56 46 21 177 1927 6883 133 477 338 55 13 2 6 1 19 8 71 3 36 38 87 206 2891 7069 5662 59 80 419 153 58 1082 39 1 2 8 8 0 0 23 8 20 4 131 136 137 39 39 87 32 44 72 95 32 2 18 12 17 95 27 3 7 0 14 3 14 23 24 59 22 44 123 73 656 179 14 154 841 5 7 1 39 9 0 0 0 0 1 0 0 0 0 0 0 0 0 0 3 0 2 5 11 13 14 16 12 1 0 1 2 0 0 2 0 3 0 1 1 2 0 0 3 4 16 0 9 0 2 6 21 0 10 62 0 8 19 1 2 6 0 1 1 1 0 0 0 0 1 0 21 15 13 12 0 0 1 2 25 63 1 4 140 14 1 1 1 4 35 4 0 20 7 0 1 36 7 1 0 0 0 0 1 0
4 6 7 9 18 13 2 4 4 2 0 7 68 172 308 66 109 732 159 111 70 554 819 3819 757 498 984 120 86 28 62 4 34 24 231 23 123 143 201 535 1154 5662 7699 219 243 3458 1072 154 1125 73 9 7 32 54 10 6 281 43 200 40 1462 641 3718 6490 431 413 344 586 978 272 72 24 64 54 88 493 74 20 48 0 41 10 112 251 166 380 233 69 227 177 4406 138 31 284 3517 29 18 5 364 125 0 0 0 1 3 1 0 1 0 0 0 0 1 8 31 8 7 22 11 110 33 63 49 4 2 2 8 4 0 10 3 9 1 10 3 7 1 2 24 34 129 7 80 1 6 28 124 0 74 513 1 17 56 0 2 19 0 0 1 1 1 0 0 0 12 6 118 93 61 59 3 8 10 9 93 443 4 14 575 74 3 18 11 10 165 18 2 53 38 6 1 96 49 4 1 0 1 3 2 0
0 0 4 0 10 1 4 0 7 1 0 3 5059 6 28 12 84 963 5526 98 22 94 43 36 76 30 20 10 6 5 7 4 29 13 4 1 16 969 11 33 116 59 219 12332 1838 2374 70 112 44 506 6 108 5 5 2 0 17 4 9 2 27 42 65 43 28 363 15 42 185 29 58 532 2253 5067 24 146 1608 3711 3402 106 103 507 18 21 22 29 20 475 577 623 488 21 4 22 131 5 38 4 37 9 6 1 5 4 3 6 1 0 1 1 3 2 0 28 50 24 50 213 118 459 474 887 454 95 49 14 60 1 1 24 3 6 8 167 35 124 4 1 367 448 65 39 16 10 57 22 42 2 765 179 25 18 41 1 1 3 2 4 3 11 17 1 1 0 23 11 35 32 23 16 28 17 22 18 46 121 9 21 161 24 101 437 367 15 73 262 10 17 34 18 16 69 20 15 2 0 35 16 8 8
1 0 1 1 1 0 1 0 52 0 0 0 1527 3 10 5 19 38 221 5 2 15 8 14 16 5 10 4 5 1 5 0 5 1 0 1 7 53 12 2 65 80 243 1838 6497 570 13 132 57 2316 11 304 7 5 3 0 11 4 6 0 38 57 134 28 29 2140 14 20 276 33 84 164 89 609 6 165 1872 878 419 248 251 1322 3 8 6 21 8 750 845 3700 1625 42 10 29 184 2 297 36 14 2 1 0 1 0 4 5 1 0 1 1 2 3 1 0 52 4 4 8 5 55 5 16 13 3 3 0 1 6 2 0 9 17 0 14 6 13 3 0 11 5 77 5 70 2 5 67 309 0 39 1184 12 57 110 0 1 47 5 3 13 33 4 0 0 4 24 6 357 231 117 228 1 19 13 19 272 1073 23 40 2034 297 9 19 4 26 551 24 8 169 93 4 5 299 93 12 10 1 2 3 13 0
0 0 1 3 19 11 1 2 5 2 0 3 3261 89 147 41 236 3048 2558 188 17 64 92 1567 117 61 528 291 28 12 45 12 161 35 54 14 174 1194 1019 87 724 419 3458 2374 570 7454 220 405 309 68 4 2 5 5 2 0 96 26 130 35 2959 164 418 1883 942 3156 70 319 1764 95 191 81 854 482 66 812 56 64 91 1 79 18 29 36 35 91 78 114 363 100 2320 162 11 120 780 41 5 2 91 62 0 0 0 1 10 3 0 0 0 1 1 1 1 249 1899 32 31 345 27 3831 300 693 77 2 5 4 5 64 3 284 17 42 8 48 35 111 8 17 172 227 3261 7 1756 2 11 70 457 50 346 5702 19 21 54 0 1 13 0 1 0 3 3 1 1 3 95 41 590 735 125 770 7 31 49 53 99 2750 5 19 1075 94 12 41 98 67 377 15 3 28 24 10 5 108 41 31 3 0 4 8 23 0
4 2 8 8 18 9 4 1 2 0 0 5 4 1080 469 22 178 117 80 106 142 499 339 843 4054 849 1293 160 74 14 63 3 99 109 3021 778 594 246 30 6733 300 153 1072 70 13 220 7961 73 85 4 3 2 34 51 11 2 266 169 2110 340 111 241 789 795 163 20 371 2665 416 82 38 23 165 178 161 37 6 5 23 0 14 1 112 213 173 553 1401 4 37 9 159 24 6 66 412 64 3 1 690 192 1 0 0 2 1 4 1 0 0 1 1 0 1 4 7 15 28 26 76 35 244 125 175 54 20 6 21 3 2 4 2 2 4 58 7 39 2 1 155 258 35 26 13 3 23 3 2 0 276 52 12 2 6 0 0 0 1 4 0 2 7 2 0 0 9 3 9 13 7 3 4 10 5 6 6 44 1 7 30 2 24 81 52 7 5 61 0 3 4 3 11 7 5 5 2 0 17 8 0 2
4 3 1 4 31 16 2 0 8 0 0 5 29 14 45 13 9 33 44 12 2 28 12 30 30 6 24 11 15 13 34 5 16 28 5 3 63 55 113 6 117 58 154 112 132 405 73 24700 146 606 4 9 5 8 6 1 57 62 63 16 669 8242 502 84 155 86 24 334 6227 950 6065 13 46 34 125 9795 89 24 35 8 562 41 16 17 7 23 38 1314 2518 252 2235 104 46 398 520 61 22 2 14 24 0 3 0 0 1 3 0 2 0 0 1 1 0 0 7 15 3 7 6 16 7 12 19 0 2 2 8 6 5 6 2 9 0 3 1 7 2 0 9 10 8 8 16 2 3 208 83 4 25 112 11 625 1469 5 13 306 0 8 9 80 2 0 0 0 14 8 36 161 579 60 2 16 12 16 1160 345 137 481 1074 77 4 7 7 14 557 37 85 311 1035 8 2 2129 689 6 10 0 6 8 7 0
11 6 10 6 4 1 1 4 1 2 0 2 11 41 208 58 22 118 38 58 18 238 200 491 152 105 105 13 24 9 11 2 9 4 25 0 28 15 35 74 1549 1082 1125 44 57 309 85 146 10161 71 60 6 8 8 11 2 40 3 14 5 96 253 146 50 31 38 72 33 53 265 91 5 14 22 10 113 43 6 14 5 49 19 38 47 53 118 28 169 364 75 541 3793 55 2276 11432 6 8 0 90 15 0 0 0 0 0 0 0 0 0 0 0 1 0 0 4 2 0 4 2 11 6 6 5 1 0 0 0 0 0 1 0 0 0 2 1 0 0 0 1 3 9 2 5 1 0 12 15 1 6 40 1 29 73 0 0 16 0 0 1 6 0 0 0 0 1 2 15 12 29 10 0 1 0 0 57 41 8 21 109 11 3 2 1 3 37 4 4 19 49 0 0 91 29 0 0 0 0 0 1 0
4 3 0 0 2 1 1 2 30 0 0 0 223 2 13 2 9 17 69 13 2 11 4 19 11 3 4 1 2 1 1 0 2 1 2 0 5 34 4 1 84 39 73 506 2316 68 4 606 71 6412 46 861 1 4 6 0 8 0 0 0 27 408 103 11 10 529 6 10 211 239 545 76 35 540 4 473 1045 239 149 862 951 4988 6 3 5 11 5 5004 4094 7541 1990 102 35 144 214 1 222 17 7 0 0 0 0 0 1 1 0 1 0 0 1 0 1 1 1 7 0 10 3 10 3 11 10 0 2 1 5 3 2 3 0 5 1 4 4 10 1 0 7 7 10 4 6 1 6 106 58 0 20 56 4 179 499 1 6 252 12 10 28 103 3 0 0 0 15 7 11 126 203 83 3 5 7 6 597 227 57 180 944 44 5 9 4 9 383 36 87 521 620 6 2 963 214 4 5 3 3 2 5 0
94 55 116 30 37 30 27 66 1 44 3 17 0 0 3 0 0 1 1 0 2 10 4 3 7 1 0 1 17 24 17 5 10 13 0 0 7 6 2 1 552 1 9 6 11 4 3 4 60 46 10896 13317 13 9 397 153 14 3 0 0 1 6 1 1 3 11 5 7 7 203 24 8 7 32 27 0 21 7 12 2347 2504 290 414 16 28 27 10 97 30 4 11 7219 6523 431 390 21 6 6 4 7 1 0 2 1 1 5 0 0 1 0 0 1 0 0 0 0 0 0 0 0 2 0 0 0 0 0 0 0 0 0 2 1 1 11 1 7 0 0 2 5 0 0 0 7 2 0 1 0 3 0 0 10 13 0 0 6 144 114 301 343 15 0 0 0 2 0 0 0 0 5 0 3 0 0 0 1 55 39 2 0 9 5 4 1 1 10 131 7 110 1 7 10 17 3 7 1 2 0 1 0
197 70 165 34 60 49 40 114 20 49 4 32 13 0 0 1 5 2 13 0 1 10 1 0 10 2 0 0 32 49 29 12 29 21 0 0 3 16 0 0 294 2 7 108 304 2 2 9 6 861 13317 17702 33 11 676 178 23 10 0 0 3 8 3 1 1 160 5 8 4 148 43 24 38 359 57 4 499 66 58 14738 4659 2169 635 20 51 29 12 382 97 27 15 1848 3003 86 21 44 155 20 3 15 6 1 4 4 3 4 6 2 3 2 8 8 0 0 0 0 1 0 1 1 2 1 0 4 0 0 1 0 0 1 4 2 9 24 3 12 0 0 8 11 1 0 0 32 6 5 5 0 6 2 0 26 17 4 0 21 729 685 1860 1151 109 0 0 2 9 0 0 1 3 13 5 4 4 0 4 1 195 93 12 0 20 11 13 3 1 60 518 32 357 1 23 34 42 8 20 2 6 0 1 0
890 247 537 137 324 210 476 590 180 457 81 185 0 1 1 1 2 1 4 0 15 40 7 14 51 3 15 4 2183 467 197 86 153 108 2 0 8 35 0 9 31 8 32 5 7 5 34 5 8 1 13 33 10443 6705 8735 3 445 38 0 1 4 8 27 9 7 1 361 52 14 3 1 167 89 63 245 3 201 10 85 9 15 4 2484 1073 26 114 144 7 4 2 10 18 8 7 15 274 431 3522 73 119 1 2 8 8 9 21 0 1 0 5 16 20 0 0 0 0 3 0 0 0 8 1 1 6 1 1 0 0 0 0 5 5 39 82 15 73 0 0 24 25 1 1 0 5 23 0 1 0 16 2 1 2 4 0 0 1 1 1 1 0 8 0 0 2 29 1 0 0 0 0 18 8 9 3 2 0 0 0 6 0 128 79 15 3 0 101 0 1 6 2 23 5 3 19 16 0 24 1 0 1
1006 320 552 238 542 277 345 469 31 228 34 176 0 2 4 1 2 1 4 2 29 89 13 12 119 15 23 5 6166 930 310 88 105 80 6 0 8 20 0 20 48 8 54 5 5 5 51 8 8 4 9 11 6705 8117 1089 4 848 36 2 1 10 25 75 15 5 2 1224 74 30 7 5 81 71 47 201 7 35 2 56 1 5 0 1854 3268 56 289 286 1 6 1 22 9 9 6 65 245 53 2140 177 242 1 0 9 5 6 19 0 1 0 3 12 18 0 0 0 0 3 0 1 1 7 2 1 5 1 0 1 0 0 0 6 5 46 79 11 56 0 0 18 19 1 1 0 4 18 0 1 0 10 2 0 2 2 1 0 1 0 5 0 1 12 1 1 2 29 1 1 1 4 0 14 8 5 0 2 6 2 0 2 0 105 43 9 4 1 67 2 0 2 2 20 3 1 22 28 2 12 1 0 0
524 163 406 102 160 108 224 349 63 233 33 113 1 0 2 0 2 0 1 0 11 25 4 2 36 1 4 1 573 220 90 41 80 74 2 0 8 26 0 1 830 0 10 2 3 2 11 6 11 6 397 676 8735 1089 21175 445 136 23 0 1 0 7 12 1 0 0 87 30 11 27 9 80 84 47 161 2 55 4 61 107 273 19 6885 135 40 55 50 8 6 0 3 506 281 25 33 138 138 873 25 50 1 0 3 6 8 16 0 1 3 0 10 8 0 0 0 0 1 0 0 0 5 0 0 4 0 1 1 0 0 0 5 3 30 61 4 49 0 0 18 22 0 0 0 9 17 0 1 0 6 1 0 0 5 0 0 0 2 0 15 8 13 0 1 0 10 0 0 0 3 0 7 6 10 1 2 0 5 4 3 0 91 46 8 2 1 55 5 0 5 3 8 3 1 16 5 1 9 1 0 0
91 64 120 67 39 50 6 40 1 24 4 26 0 0 0 0 0 0 0 0 811 172 1 0 33 1 1 1 17 13 19 8 13 16 0 0 0 4 0 3 955 0 6 0 0 0 2 1 2 0 153 178 3 4 445 3636 20 5 0 0 0 2 4 0 1 1 8 7 3 19 2 4 6 7 46 0 1 0 4 23 102 5 5855 12 3322 44 8 3 1 0 2 220 113 13 13 35 2 7 58 20 0 0 1 0 1 0 0 0 0 1 1 2 0 0 0 0 0 0 0 0 1 0 2 1 0 0 0 0 0 0 0 0 6 10 0 2 0 0 1 6 0 0 0 0 1 0 0 0 1 0 0 1 0 0 0 1 0 1 1 2 0 0 0 0 1 0 0 0 0 0 0 2 1 0 0 0 1 1 0 0 7 5 0 1 0 5 1 0 0 0 3 0 1 2 4 0 0 0 0 0
456 561 266 617 3712 634 104 70 7 51 17 166 6 42 32 4 5 14 11 2 191 374 56 54 315 32 141 38 6282 2474 9890 94 105 36 35 3 28 34 18 94 294 23 281 17 11 96 266 57 40 8 14 23 445 848 136 20 6457 22 33 3 41 239 683 207 99 6 5894 614 359 85 31 30 53 37 1082 41 10 3 19 1 26 1 645 812 365 868 1989 7 31 15 120 31 19 52 338 1798 13 264 1744 6432 4 2 2 13 6 26 1 0 3 5 21 28 0 2 3 1 7 1 8 15 15 6 6 11 5 0 3 0 0 1 4 0 26 45 2 27 0 0 39 41 13 2 10 3 20 4 11 0 34 34 2 3 6 0 0 0 1 2 1 0 5 2 0 2 13 6 7 5 4 2 3 7 6 4 6 30 1 5 21 2 61 38 14 6 9 49 0 1 5 2 6 7 2 15 13 0 7 2 0 1
10 7 6 7 86 163 6 12 1 4 3 21 2 477 287 103 26 20 9 7 169 315 146 27 63 18 101 384 36 13 7 2355 1083 3312 89 162 1370 465 112 45 145 8 43 4 4 26 169 62 3 0 3 10 38 36 23 5 22 3236 813 2169 21 38 73 51 649 18 37 4274 1464 16 32 441 419 42 3954 37 12 3 128 0 24 1 126 56 60 48 33 8 8 4 18 10 9 3 16 1637 11 7 37 8 2 5 15 17 6 23 1 1 5 1 16 28 0 2 7 2 6 9 8 19 34 11 16 20 7 2 4 0 0 4 13 10 44 116 7 89 0 0 48 55 25 6 11 13 31 1 3 0 42 59 5 6 10 0 0 0 0 5 0 1 21 2 0 3 27 0 14 9 4 5 30 14 20 9 7 38 3 1 27 2 131 85 15 8 10 119 0 1 3 2 20 6 4 25 22 4 19 3 0 1
1 0 0 2 2 1 1 1 0 0 0 0 1 891 287 35 34 34 8 14 30 47 37 108 35 16 526 315 6 4 6 1 31 158 1316 1590 575 109 48 368 51 20 200 9 6 130 2110 63 14 0 0 0 0 2 0 0 33 813 4167 3922 50 168 631 409 463 14 19 2078 1003 36 22 6 24 59 47 17 0 1 7 0 6 0 13 16 9 23 46 4 4 0 76 5 1 19 120 8 1 1 29 22 0 0 0 0 1 2 0 0 0 0 0 0 1 4 5 5 7 15 33 34 66 35 73 18 2 6 12 1 0 6 2 6 0 13 2 12 0 0 31 56 32 2 16 1 5 4 7 0 86 87 5 1 3 0 0 1 0 0 0 0 0 0 0 0 1 3 12 3 4 4 2 1 0 2 5 40 0 2 18 3 4 25 13 1 6 14 0 3 0 1 2 7 3 5 0 0 1 3 1 0
0 0 2 1 1 2 0 0 0 0 0 1 1 2619 547 117 24 21 4 7 29 45 51 26 21 3 295 517 1 0 3 1 31 985 561 2070 5100 456 121 45 48 4 40 2 0 35 340 16 5 0 0 0 1 1 1 0 3 2169 3922 3138 18 30 161 166 451 12 7 2310 643 7 6 2 12 15 58 9 0 1 2 0 1 0 8 5 4 8 10 1 4 1 11 0 0 2 15 7 0 0 8 2 0 0 0 0 0 1 0 0 0 0 0 0 1 0 2 0 4 9 3 12 20 19 25 2 1 1 0 0 0 3 0 1 0 11 2 7 0 0 14 20 16 1 11 1 6 1 0 0 18 28 1 0 0 0 0 1 0 2 0 1 2 0 0 1 2 1 3 4 0 2 2 1 2 3 1 32 0 1 12 2 7 20 7 2 2 5 0 1 0 1 1 1 0 1 1 0 5 0 0 0
1 0 1 2 6 3 0 0 3 1 0 1 21 31 166 88 103 1457 63 149 3 19 22 460 45 15 152 111 6 4 13 0 51 34 23 8 122 112 7364 26 231 131 1462 27 38 2959 111 669 96 27 1 3 4 10 0 0 41 21 50 18 10418 157 223 762 1115 266 31 116 7225 71 298 5 72 9 37 8442 7 1 8 1 117 2 11 27 13 33 23 103 253 22 4226 49 6 72 338 11 3 2 36 19 0 2 0 0 4 4 0 0 0 0 0 0 0 121 381 12 10 130 10 1034 64 156 18 1 0 4 2 17 0 106 7 10 5 13 11 44 3 5 30 71 1350 5 653 0 2 33 150 13 86 1676 8 17 24 0 1 6 0 1 0 3 2 0 0 3 29 16 180 243 52 127 1 9 14 22 52 940 3 13 351 41 3 10 12 35 152 3 1 21 11 5 0 51 24 9 0 0 4 4 7 0
2 5 6 14 22 23 0 0 2 2 1 5 14 45 103 14 10 46 21 14 17 78 30 95 118 15 94 63 53 46 119 3 8 20 19 14 40 26 32 32 162 136 641 42 57 164 241 8242 253 408 6 8 8 25 7 2 239 38 168 30 157 14199 6862 640 227 56 137 647 2442 6503 1312 14 19 22 147 375 55 8 13 6 287 140 62 55 41 121 142 376 442 96 507 115 64 2123 2767 56 16 0 96 83 0 0 1 0 2 2 0 0 0 1 3 1 0 1 4 10 1 15 3 21 8 14 12 2 1 3 4 7 6 2 2 6 0 5 3 4 3 0 1 8 5 5 8 0 8 119 57 1 26 91 11 720 1235 5 10 147 2 12 16 127 1 0 1 0 16 4 26 95 382 35 0 8 6 6 588 162 210 593 552 37 5 7 4 9 315 19 128 174 1241 5 2 1475 661 1 6 2 1 2 7 1
13 9 18 20 75 43 3 1 3 3 1 12 21 256 401 14 34 109 60 30 32 127 49 234 251 42 474 432 139 120 258 9 13 20 99 103 120 40 37 129 171 137 3718 65 134 418 789 502 146 103 1 3 27 75 12 4 683 73 631 161 223 6862 23611 9741 5778 222 383 2031 5173 1427 214 9 22 29 277 130 34 10 16 1 73 2 113 155 95 268 347 38 101 101 1116 51 35 666 5432 61 5 4 215 292 0 0 0 0 2 1 0 0 0 0 0 1 1 4 9 11 5 14 10 35 33 36 39 4 3 3 6 6 0 2 8 5 1 4 1 4 2 1 13 32 29 4 23 0 6 54 117 3 53 236 7 82 207 1 2 65 0 1 0 9 8 0 2 0 13 7 59 106 138 55 2 4 10 10 320 389 15 47 818 85 4 9 4 15 314 10 6 81 118 5 1 382 103 2 1 0 4 1 5 0
1 3 2 3 23 7 0 2 1 2 1 0 19 486 477 35 43 1145 137 38 16 63 57 690 213 93 3459 1364 38 27 83 4 23 16 418 95 109 54 451 196 108 39 6490 43 28 1883 795 84 50 11 1 1 9 15 1 0 207 51 409 166 762 640 9741 10240 6783 94 145 945 2830 172 46 3 43 36 102 85 5 3 12 1 21 0 52 60 24 142 136 9 41 16 807 24 12 104 1466 28 4 2 147 127 1 0 0 0 0 0 0 0 0 0 0 1 0 49 71 5 8 100 19 507 57 135 56 5 0 1 5 9 0 33 1 2 0 4 5 11 2 0 22 44 434 1 156 0 3 9 40 3 67 522 3 7 12 0 0 2 1 0 0 2 2 0 0 0 12 2 49 73 13 32 0 4 7 2 34 283 0 3 135 12 3 14 12 14 58 9 0 7 8 0 1 28 5 2 0 0 4 1 4 0
1 4 1 12 48 31 1 3 0 0 0 2 44 475 1955 365 106 533 76 67 3 20 18 188 32 9 503 3069 17 20 103 17 98 244 50 116 783 261 3494 27 101 39 431 28 29 942 163 155 31 10 3 1 7 5 0 1 99 649 463 451 1115 227 5778 6783 10334 172 45 1792 8849 71 82 15 68 43 579 495 5 0 6 1 36 3 12 23 10 24 117 26 38 7 182 17 6 24 169 154 0 2 23 56 0 1 0 0 2 6 0 0 0 1 0 0 0 203 420 16 12 345 16 2036 88 270 36 4 3 5 6 25 4 154 4 21 3 32 16 43 6 11 52 95 2131 6 932 1 5 27 105 6 115 2135 6 7 11 0 0 1 0 0 1 2 2 0 0 0 46 18 199 318 51 81 2 15 21 26 16 1125 2 7 226 10 6 16 24 28 102 10 1 7 13 5 0 21 11 9 0 0 6 1 8 1
2 0 0 1 4 3 0 0 3 1 0 0 1959 10 22 5 9 283 230 8 1 10 3 40 9 3 21 20 4 2 6 1 11 11 5 1 15 48 34 4 71 87 413 363 2140 3156 20 86 38 529 11 160 1 2 0 1 6 18 14 12 266 56 222 94 172 1264 13 61 893 22 38 22 25 1009 15 365 358 337 54 157 111 524 2 5 2 11 5 215 142 167 1288 34 4 18 166 13 73 8 7 2 0 0 0 0 0 2 0 0 0 1 1 2 0 6 250 0 2 14 1 283 24 80 3 0 0 0 0 3 0 11 1 2 2 2 0 5 0 1 11 17 75 1 31 0 1 7 54 3 40 343 1 9 19 0 0 4 0 0 4 13 1 0 0 0 5 0 24 29 13 1699 0 0 2 2 25 98 4 9 234 26 4 2 148 3 38 4 5 18 22 0 0 37 11 1 3 0 0 0 0 0
444 278 479 287 454 377 41 168 10 114 27 247 3 17 22 3 8 19 5 6 68 238 77 103 659 34 113 11 4897 541 601 101 158 68 27 4 29 56 7 131 112 32 344 15 14 70 371 24 72 6 5 5 361 1224 87 8 5894 37 19 7 31 137 383 145 45 13 10670 541 126 40 10 63 100 67 349 34 16 5 34 1 12 1 635 4602 204 4306 2119 5 36 8 127 16 6 43 333 534 19 55 1624 1869 3 1 13 17 9 45 0 1 3 3 21 30 0 2 1 0 5 1 6 11 18 8 7 11 6 0 2 0 0 0 11 4 64 77 7 47 0 0 44 42 9 2 6 11 33 2 4 0 25 18 4 1 2 0 0 2 1 3 0 0 9 4 0 3 36 0 4 3 2 0 11 5 5 1 4 10 0 1 15 3 123 57 12 4 9 111 2 3 6 3 20 15 2 23 27 2 7 7 0 1
8 6 13 11 31 15 2 6 1 3 2 12 13 1464 715 213 51 86 20 30 414 891 192 196 471 52 1027 1156 111 46 269 8 144 801 620 456 1251 531 290 318 345 44 586 42 20 319 2665 334 33 10 7 8 52 74 30 7 614 4274 2078 2310 116 647 2031 945 1792 61 541 4578 4018 176 172 40 145 125 4242 80 6 3 38 1 80 2 201 269 204 535 3014 15 29 12 205 19 7 61 466 64 2 2 759 607 0 3 1 1 5 6 2 0 2 1 0 1 0 2 27 5 16 22 32 77 144 52 72 33 20 10 17 1 0 6 1 6 13 81 21 64 2 1 142 179 103 14 70 9 31 8 23 2 164 260 12 7 22 0 0 3 1 1 0 3 16 1 0 1 19 6 36 34 15 19 17 11 15 9 17 154 1 4 97 15 30 121 35 19 38 60 1 8 7 7 8 32 6 9 2 2 16 11 2 2
20 8 8 35 240 144 7 3 5 2 4 23 83 593 2469 439 332 939 127 284 21 67 29 152 53 19 283 559 91 77 321 63 421 770 66 125 1969 1185 4089 49 146 72 978 185 276 1764 416 6227 53 211 7 4 14 30 11 3 359 1464 1003 643 7225 2442 5173 2830 8849 893 126 4018 19175 516 1227 59 333 29 1757 7879 49 18 58 1 388 14 55 64 51 73 346 218 608 195 4852 35 20 124 513 679 12 10 60 212 0 1 2 1 3 2 0 1 1 0 1 2 2 35 278 22 14 66 17 573 63 95 50 8 4 5 6 15 0 66 18 28 2 30 14 43 2 11 36 55 859 13 542 6 10 164 584 9 107 2812 17 96 244 1 4 86 0 1 2 12 7 1 1 3 60 29 549 550 260 260 11 46 46 54 499 2340 16 61 2632 302 22 50 16 55 826 48 11 175 113 15 3 576 167 28 1 1 11 7 20 0
19 13 24 15 26 12 2 22 3 6 0 7 9 16 39 4 4 26 18 3 8 42 22 63 52 16 24 14 15 15 40 10 7 13 7 3 17 15 12 18 220 95 272 29 33 95 82 950 265 239 203 148 3 7 27 19 85 16 36 7 71 6503 1427 172 71 22 40 176 516 4203 3095 2 11 16 51 86 49 8 8 36 1708 414 64 33 26 48 37 787 355 57 247 573 1145 1491 1575 26 14 1 46 26 1 0 0 0 0 2 2 0 0 1 3 1 0 0 4 0 0 5 4 5 4 5 11 0 1 2 3 4 3 0 3 2 0 3 1 2 1 0 5 2 3 2 1 0 6 60 26 2 12 36 1 547 668 3 5 102 14 54 43 351 2 1 0 0 7 3 7 36 165 16 1 5 0 2 189 37 258 665 223 7 3 7 9 4 84 8 276 101 1305 1 5 692 390 3 6 0 1 3 0 0
7 3 8 6 22 14 2 9 7 7 0 2 19 7 21 2 6 18 21 2 0 17 6 18 13 5 10 12 11 9 10 3 18 14 5 4 40 32 63 3 137 32 72 58 84 191 38 6065 91 545 24 43 1 5 9 2 31 32 22 6 298 1312 214 46 82 38 10 172 1227 3095 12551 7 23 50 77 729 119 23 28 26 5675 426 19 9 7 5 15 1733 1382 143 579 293 231 1021 512 35 38 3 11 10 0 0 2 0 0 4 1 0 0 0 3 1 0 1 3 2 1 6 6 6 3 5 7 2 0 5 5 2 1 1 0 1 0 6 1 3 1 1 0 5 7 5 4 3 2 66 35 0 5 25 4 593 710 2 9 126 11 39 30 318 3 0 0 0 3 4 12 46 132 11 3 8 4 1 205 63 282 687 256 24 2 5 5 7 115 17 325 141 1468 0 2 694 430 2 4 0 0 2 3 0
55 37 90 74 283 453 94 16 517 93 287 882 80 3 6 2 1 28 18 2 99 183 17 4 42 6 0 2 68 32 39 779 3002 1262 0 0 11 160 2 7 115 2 24 532 164 81 23 13 5 76 8 24 167 81 80 4 30 441 6 2 5 14 9 3 15 22 63 40 59 2 7 5389 1922 1930 630 11 4624 344 5120 12 42 75 310 131 92 43 30 83 90 43 34 19 12 6 10 1170 4447 412 34 8 99 38 305 330 167 875 11 23 79 108 558 755 0 2 1 2 21 8 16 9 63 13 22 141 50 11 18 0 0 3 117 105 1120 1520 105 1102 0 0 319 252 9 11 0 125 369 4 15 3 149 16 9 5 9 4 0 8 21 41 3 32 241 39 19 55 497 4 4 9 6 8 242 191 113 5 7 11 26 10 25 6 2676 799 210 29 6 1982 10 3 13 30 311 21 10 450 754 52 249 31 2 1
