40389 10732 16782 2319 1064 1895 15959 11690 506 1857 98 1544 1 1 4 4 1 6 5 3 397 140 3 12 57 5 16 9 13578 6817 239 55 161 10 1 0 0 19 3 10 1218 13 32 13 8 5 23 26 111 10 137 365 616 1271 451 269 106 6 0 1 8 20 8 6 5 2 848 10 30 45 51 51 80 22 64 5 42 5 24 5 160 7 2376 1982 1404 542 16 80 90 9 23 528 285 81 145 61 224 2753 115 32 8 3 50 39 13 110 8 18 33 39 40 140 0 0 0 0 1 1 2 0 9 0 1 5 5 0 0 0 0 0 18 0 43 116 0 48 0 1 36 14 0 2 0 1 8 0 0 0 9 2 7 0 1 2 0 0 4 2 2 3 4 1 4 8 14 1 0 0 0 0 6 2 0 1 0 0 2 3 2 1 107 39 7 2 0 61 4 1 4 1 5 2 0 11 84 9 7 1 0 1
10732 15425 8860 7668 1666 2710 387 252 60 520 105 1065 0 0 0 1 0 5 0 0 366 155 3 6 58 4 2 5 1185 3048 140 20 73 5 0 0 1 3 3 4 523 7 12 7 2 0 13 6 30 5 26 74 80 323 86 130 122 2 0 1 1 5 6 2 4 0 439 6 13 9 14 21 31 10 30 2 11 2 14 0 24 1 755 724 863 393 10 22 12 2 8 116 65 24 29 40 75 218 119 12 11 4 56 31 3 122 5 15 45 38 43 146 0 0 0 0 0 0 1 0 3 0 2 2 4 1 0 0 0 1 16 0 61 134 1 51 0 0 9 8 1 1 0 2 6 0 0 0 2 1 1 0 0 0 0 0 1 0 2 1 8 1 1 8 8 2 0 0 0 2 16 8 0 0 0 0 1 1 1 0 109 43 13 4 0 42 1 0 0 0 11 2 0 11 61 10 4 0 0 0
16782 8860 5649 4440 349 6029 967 6245 292 3669 374 16954 0 0 6 1 0 3 6 2 808 264 7 19 97 4 12 2 1724 479 87 16 69 24 1 0 1 16 3 22 1383 20 34 13 8 3 24 24 81 9 100 272 281 821 303 394 137 10 2 2 6 26 11 7 12 1 974 12 19 43 44 42 67 24 73 4 28 1 24 6 158 3 2159 1746 2047 753 31 52 88 8 24 451 214 72 111 64 204 548 239 46 20 9 168 104 22 252 15 26 101 105 98 384 0 0 0 0 2 2 2 0 14 0 0 7 8 0 1 0 0 0 50 2 124 318 1 97 1 0 30 21 0 0 0 11 16 1 4 1 7 0 6 2 1 7 0 0 7 3 7 1 11 6 2 24 34 1 0 0 0 0 25 11 1 1 0 0 9 2 9 0 278 101 17 3 1 111 4 2 5 2 14 0 1 35 169 35 20 0 2 1
2319 7668 4440 15681 7421 11038 237 153 32 736 196 3528 0 0 3 0 3 0 0 2 417 193 6 8 50 3 4 3 678 2328 959 67 110 3 3 0 2 9 3 6 438 3 5 8 1 0 8 4 9 1 24 32 52 250 53 132 69 6 0 1 2 2 5 4 4 0 432 6 13 6 8 29 20 13 25 2 6 0 17 0 17 0 568 618 696 465 19 4 14 2 4 50 33 11 21 59 108 162 169 18 16 8 91 59 9 213 5 28 59 55 59 249 1 0 1 1 0 0 1 0 3 0 2 2 5 0 0 0 0 0 42 0 90 194 0 66 1 0 31 7 0 0 0 8 9 1 0 0 1 2 2 0 0 3 0 4 3 5 2 1 19 0 2 15 21 1 0 0 0 1 21 9 0 0 0 0 2 1 3 0 205 72 9 1 0 77 4 0 2 0 21 1 0 23 81 20 12 1 2 0
1064 1666 349 7421 10063 10528 336 63 27 99 70 4312 1 8 35 14 15 2 1 1 425 381 12 24 76 6 38 64 2048 8248 8622 379 758 64 19 2 8 13 55 13 408 9 34 10 3 10 18 14 23 2 25 57 97 396 88 89 1541 53 5 4 6 46 61 36 69 0 1059 17 241 34 23 103 97 15 117 16 7 4 39 1 33 1 599 743 614 586 15 18 20 1 12 89 56 22 42 827 57 275 222 167 3 3 21 19 5 56 4 8 12 12 13 54 0 1 1 1 1 0 0 0 6 0 1 1 3 0 0 0 0 1 9 0 26 56 0 36 0 0 28 12 1 0 1 2 2 1 2 0 4 11 3 0 0 2 0 1 1 1 1 1 0 1 0 5 11 0 2 4 1 3 10 3 0 2 3 2 2 0 13 1 45 34 9 3 2 30 2 0 3 1 4 2 1 13 26 1 3 3 0 0
1895 2710 6029 11038 10528 15263 430 270 82 603 177 15640 0 5 24 8 23 10 7 9 973 1028 29 42 183 8 14 23 1426 3787 1803 2576 3173 126 5 0 9 26 25 16 780 10 37 16 1 4 34 20 25 4 30 66 88 368 106 152 283 210 3 2 5 45 37 21 44 1 653 16 194 28 27 448 319 36 268 22 19 2 150 1 39 0 793 900 1121 808 26 14 27 5 16 124 68 22 40 1418 225 326 462 48 27 11 142 90 26 254 11 35 87 91 107 333 2 2 5 1 2 0 3 2 14 7 4 9 7 0 2 0 0 3 60 0 143 301 1 138 1 0 56 29 5 3 2 8 12 2 7 1 9 24 2 3 1 7 0 2 5 4 0 1 15 4 5 15 51 1 5 3 1 1 35 13 0 1 1 8 2 1 9 0 322 151 20 6 3 134 4 0 4 1 41 8 3 32 105 28 11 4 1 0
15959 387 967 237 336 430 13496 8384 688 1688 93 579 0 0 1 0 1 0 1 1 58 29 1 3 9 2 1 2 2683 993 138 20 58 9 0 0 0 4 4 1 177 4 19 5 14 2 3 10 53 7 86 245 695 581 348 41 14 3 0 0 2 5 3 2 1 1 73 5 8 27 34 37 32 9 20 3 54 3 26 4 89 6 848 535 149 61 11 27 36 5 11 287 150 34 55 22 451 4289 14 14 3 3 16 11 3 41 1 8 13 8 16 37 0 0 0 0 0 0 0 0 5 1 0 1 0 0 0 0 0 0 8 0 18 28 1 19 0 0 11 9 0 1 0 2 5 0 0 0 2 1 3 1 0 0 1 0 2 2 6 0 1 0 0 4 6 0 0 0 0 1 5 0 0 0 0 1 1 0 0 0 30 21 4 0 0 22 0 0 2 0 2 1 0 6 28 4 0 1 0 0
11690 252 6245 153 63 270 8384 25942 2912 16378 392 1773 2 0 1 1 4 4 5 2 100 28 0 7 13 1 3 2 1070 463 22 6 26 6 0 0 1 6 0 6 476 20 28 12 9 4 13 19 71 7 152 399 682 911 498 127 20 10 0 0 3 20 9 4 3 2 178 3 10 44 42 27 34 22 26 11 49 8 29 6 161 5 1769 1152 483 165 14 45 78 10 7 463 245 79 110 15 312 1548 13 16 9 1 58 38 13 118 5 18 38 56 56 161 1 0 0 0 0 1 1 0 8 0 0 3 3 0 0 0 0 0 15 0 43 93 0 24 0 0 14 8 0 0 0 0 4 0 1 0 1 3 1 1 1 1 0 0 0 1 5 1 3 1 1 7 10 0 1 0 0 1 11 3 2 0 0 1 2 0 1 0 97 35 5 1 0 41 3 0 2 0 4 2 0 4 88 14 2 0 0 1
506 60 292 32 27 82 688 2912 2159 1950 183 521 44 0 0 0 0 1 1 0 49 61 2 0 15 2 0 1 148 140 7 5 104 2 0 0 1 5 0 1 119 2 9 26 154 7 6 2 6 57 20 95 176 109 82 15 3 2 0 1 0 4 1 2 0 16 32 1 0 13 8 365 59 310 6 1 851 131 391 26 41 56 252 157 95 29 3 39 21 33 18 64 32 8 11 17 2297 2393 13 4 5 2 15 13 2 38 1 8 12 26 12 52 0 0 0 0 1 1 0 0 10 11 7 0 0 0 0 0 0 0 4 0 22 39 0 7 0 0 10 7 0 4 0 1 2 0 0 1 3 3 3 2 2 2 0 1 1 0 1 1 1 0 1 1 2 0 1 3 1 2 2 3 0 0 1 0 1 0 10 0 32 16 5 0 4 14 0 0 0 1 2 2 0 1 38 0 2 0 0 0
1857 520 3669 736 99 603 1688 16378 1950 34595 12526 27242 10 0 1 2 0 5 4 3 177 68 2 7 16 4 3 3 603 250 31 24 98 7 0 1 0 10 3 2 495 5 14 12 27 4 8 11 52 15 69 213 311 439 207 118 22 6 2 1 3 8 5 4 2 7 203 2 9 32 36 215 29 61 25 4 409 36 109 11 99 8 945 596 494 158 12 37 51 9 15 226 147 25 70 22 2506 1561 52 18 41 24 246 172 31 501 23 83 168 217 203 726 0 0 1 0 0 0 1 0 4 1 0 8 4 0 0 0 0 1 56 1 231 529 2 124 0 0 43 9 0 2 0 5 24 1 6 2 4 2 2 0 0 6 2 6 6 7 4 2 29 3 9 30 30 1 1 1 0 3 38 5 0 1 0 2 8 4 8 1 540 142 33 1 1 200 9 1 2 5 39 3 3 56 380 48 11 3 1 0
98 105 374 196 70 177 93 392 183 12526 3815 5181 0 0 0 1 0 0 2 0 70 83 3 4 8 0 0 1 60 54 19 14 61 4 0 0 0 5 1 1 96 0 4 0 3 0 0 0 5 0 7 17 35 43 16 20 5 6 1 0 0 2 1 1 0 0 30 1 1 1 3 294 14 20 10 0 115 5 19 0 7 0 96 91 100 40 1 4 2 0 3 23 12 3 4 15 995 255 24 5 21 15 159 85 14 279 12 36 110 125 88 403 1 0 0 0 0 0 0 0 1 0 0 8 5 0 0 0 0 0 50 0 164 307 1 92 0 0 24 1 0 1 0 15 9 1 6 1 1 3 0 0 0 2 0 3 5 6 1 0 14 4 5 13 23 0 0 1 0 3 39 12 2 0 0 1 3 0 0 0 331 130 15 0 0 142 5 3 5 1 15 0 0 27 196 33 11 2 0 1
1544 1065 16954 3528 4312 15640 579 1773 521 27242 5181 25996 1 3 6 2 3 3 5 3 1139 1169 30 40 214 13 7 5 991 2096 704 1005 1090 52 1 0 6 37 4 28 978 7 18 21 5 2 34 13 41 5 41 113 140 453 139 210 120 70 0 3 2 6 12 6 6 2 533 15 33 25 25 1207 215 122 178 5 122 8 340 1 66 2 1000 983 1253 735 21 18 34 4 9 163 98 27 68 493 2755 876 465 26 87 66 562 366 120 1116 53 141 342 357 413 1525 1 0 3 1 1 1 1 1 13 3 1 22 22 3 1 0 2 0 234 4 601 1335 2 494 3 0 188 32 1 8 0 39 52 4 13 0 6 11 12 1 2 26 1 8 9 23 7 7 74 33 14 86 161 2 3 0 2 6 127 34 4 1 1 3 21 4 21 2 1368 641 101 6 3 603 8 3 9 6 95 3 4 172 562 108 42 8 6 4
1 0 0 0 1 0 0 2 44 10 0 1 4000 0 4 2 15 135 6851 50 4 3 1 5 0 0 5 14 1 1 0 2 9 1 0 0 1 466 6 0 12 14 30 5408 7251 2863 3 8 2 158 0 6 2 1 0 0 1 0 0 0 3 10 14 9 6 110 1 0 9 6 11 63 194 1783 2 0 747 235 370 11 41 31 4 2 0 1 0 86 100 139 419 2 2 1 34 0 318 42 0 0 0 1 1 0 0 1 0 3 0 1 0 0 4 17 409 2 1 26 3 335 45 326 17 3 0 0 2 11 0 28 3 5 1 3 0 10 2 1 9 24 77 6 97 1 3 6 150 23 27 1888 4 5 31 0 0 28 1 0 0 4 1 1 0 0 11 4 260 78 15 1496 4 1 5 3 29 199 0 7 335 29 1 5 89 7 49 16 3 10 33 2 0 102 11 14 5 2 0 0 2 0
1 0 0 0 8 5 0 0 0 0 0 3 0 3192 3695 200 66 55 18 16 24 12 210 225 5 132 2424 1462 6 12 19 3 29 587 2665 4448 394 179 112 1177 1078 31 126 10 1 16 231 5 15 0 0 1 0 2 0 0 38 265 521 1534 8 20 58 219 207 0 17 265 202 4 2 2 7 7 168 6 0 0 1 0 4 0 3 9 7 7 1 4 7 4 20 21 4 6 48 67 0 1 7 5 0 0 0 0 0 0 0 0 0 0 0 0 15 13 3 8 1 23 6 27 34 106 32 2 1 2 1 2 0 10 0 0 0 0 1 0 7 0 2 14 1 18 1 0 2 1 0 0 15 22 6 1 3 0 1 0 0 0 0 0 0 0 0 0 1 6 6 9 0 1 3 0 1 2 2 7 1 0 15 0 0 1 9 5 4 0 0 1 1 0 0 1 0 1 0 0 0 0 0 0
4 0 6 3 35 24 1 1 0 1 0 6 4 3695 10375 6139 427 709 66 146 75 58 576 680 17 226 3793 3695 12 17 31 11 76 857 2265 1124 469 258 505 1124 2871 190 520 9 6 58 205 19 103 0 1 1 3 6 5 1 46 476 239 1189 35 72 178 285 434 2 38 406 781 32 13 4 23 14 428 46 0 0 4 0 8 0 13 7 9 17 2 10 73 33 103 123 39 62 263 171 3 0 14 1 0 0 0 0 0 0 0 0 0 0 1 0 30 22 21 26 1 25 7 78 44 212 41 2 5 4 1 10 3 44 0 2 0 1 0 3 19 2 5 20 18 40 13 0 0 6 5 1 23 94 16 3 6 0 0 5 0 0 0 0 0 1 0 0 1 14 17 19 3 8 0 1 1 4 6 33 0 3 44 5 0 3 10 2 8 4 2 0 6 3 0 9 2 2 0 0 3 2 3 0
4 1 1 0 14 8 0 1 0 2 1 2 2 200 6139 15965 729 3983 1236 1706 11 45 274 958 10 46 3431 3167 4 13 12 1 102 152 571 63 886 545 1331 285 1689 255 432 11 8 151 48 46 85 2 0 1 1 7 1 4 21 69 19 133 344 91 131 279 307 1 26 84 1437 44 20 2 40 29 117 113 2 1 3 0 22 2 7 10 9 17 7 15 96 23 108 119 21 38 229 48 2 1 10 3 0 0 0 0 0 0 0 1 0 0 0 0 50 176 327 32 2 99 5 661 76 1423 45 3 3 3 5 61 12 485 5 4 1 0 1 5 25 2 7 29 278 21 267 0 6 18 22 35 87 837 7 9 8 1 0 5 0 0 1 1 1 1 0 1 8 7 207 246 23 38 5 4 6 5 15 198 1 4 80 3 0 4 58 13 12 6 1 2 11 0 0 16 15 11 0 1 1 2 1 0
1 0 0 3 15 23 1 4 0 0 0 3 15 66 427 729 1231 695 621 817 82 151 270 307 31 173 288 45 4 2 4 13 68 371 202 101 334 2044 39 638 757 80 233 15 12 292 115 11 47 4 0 4 1 10 0 4 6 146 49 325 145 18 56 48 18 0 14 77 82 8 6 2 28 76 234 33 1 29 5 1 6 4 11 8 13 19 3 6 28 13 88 49 17 14 124 104 1 1 19 1 1 0 0 1 0 0 0 0 0 0 0 1 214 96 9 210 13 22 67 14 255 371 155 26 47 20 33 51 28 117 3 6 2 0 0 11 133 21 20 101 8 239 11 5 17 52 2 2 160 50 112 5 3 2 2 2 0 2 0 0 3 7 0 1 3 97 7 35 11 9 16 10 2 11 5 16 2 0 21 1 1 25 14 35 5 13 0 0 1 8 1 6 13 4 2 0 19 14 8 12
6 5 3 0 2 10 0 4 1 5 0 3 135 55 709 3983 695 8227 3353 1404 25 76 159 2053 36 30 3395 1450 15 11 9 4 228 109 175 21 821 1682 6246 110 1135 254 941 129 41 1837 49 337 106 4 0 6 3 15 0 2 36 42 23 36 5614 266 313 961 300 2 54 58 2835 128 279 3 181 248 70 876 2 4 6 0 129 1 29 31 17 47 8 20 191 45 455 97 34 55 272 34 2 1 40 9 1 3 0 0 5 0 0 14 0 0 1 0 38 382 2198 60 14 259 14 2334 160 3450 61 4 9 3 2 349 14 1061 22 44 5 0 21 53 19 8 30 100 1273 17 1612 5 4 92 319 252 179 3751 15 27 40 0 0 30 1 0 1 4 1 3 3 0 49 35 721 1414 122 535 13 18 38 25 50 1023 4 7 264 11 6 29 333 76 49 72 2 3 21 5 2 73 32 67 33 1 1 3 11 0
5 0 6 0 1 7 1 5 1 4 2 5 6851 18 66 1236 621 3353 47877 7894 110 198 129 335 72 193 637 259 4 4 4 2 41 18 61 3 43 1218 52 769 419 90 410 7802 1390 4510 139 54 48 167 1 74 4 8 4 2 11 4 20 7 232 55 91 144 50 80 36 25 89 19 72 5 110 8661 16 75 47 1481 35 33 73 102 11 13 18 34 5 98 175 136 798 42 16 21 171 10 22 4 33 3 0 4 1 1 2 3 1 10 0 0 2 1 925 1203 2229 765 47 1313 180 5031 1520 13293 1134 72 96 35 85 411 130 2745 24 29 8 1 11 39 554 63 79 396 982 746 844 15 75 189 126 256 998 3114 175 39 43 5 3 21 2 6 3 1 9 14 3 4 38 210 624 875 100 1147 41 41 20 25 83 594 7 16 456 45 8 47 1472 64 94 82 2 19 31 17 14 122 55 34 22 3 40 23 16 11
3 0 2 2 1 9 1 2 0 3 0 3 50 16 146 1706 817 1404 7894 4510 22 30 101 318 15 149 408 38 2 3 2 1 15 70 63 4 31 90 15 381 410 74 251 42 12 231 22 9 68 4 0 3 0 3 0 2 7 35 6 21 123 44 80 68 17 2 7 17 44 12 7 1 11 113 54 33 0 37 0 1 3 4 5 3 2 9 0 3 38 19 70 80 22 34 177 19 0 0 10 1 1 1 1 1 0 0 0 0 0 0 0 0 213 182 47 200 8 50 42 41 195 799 145 6 8 3 19 37 42 247 5 4 1 1 2 2 118 11 13 27 7 171 8 3 12 24 2 3 173 25 27 4 6 1 0 2 1 1 0 2 1 2 1 1 1 42 11 50 7 12 12 9 0 5 5 7 1 1 17 1 2 8 25 11 3 4 2 0 2 3 3 16 9 2 0 0 6 4 7 2
397 366 808 417 425 973 58 100 49 177 70 1139 4 24 75 11 82 25 110 22 6014 11032 2808 792 1037 730 167 17 178 433 274 106 998 782 20 5 201 765 25 521 1606 37 143 163 5 15 338 8 18 0 6 5 14 42 37 1745 116 172 33 98 13 19 53 47 14 2 116 212 42 7 6 460 871 120 513 10 112 22 302 0 4 1 486 100 3223 362 152 2 15 8 17 22 10 9 58 495 195 88 1088 175 3 5 13 15 11 34 4 4 11 6 19 44 16 4 3 10 5 4 15 0 131 28 26 10 34 3 6 1 3 3 12 2 24 64 0 87 9 1 107 116 1 28 2 6 17 3 2 2 42 13 70 2 1 4 0 1 0 4 0 1 8 3 0 4 28 23 0 2 2 1 28 9 1 10 1 4 2 0 6 2 75 127 36 34 2 76 0 0 2 9 20 2 3 23 16 5 19 4 2 3
140 155 264 193 381 1028 29 28 61 68 83 1169 3 12 58 45 151 76 198 30 11032 26280 3278 1587 7373 3812 690 47 187 365 200 166 1570 986 48 2 206 1208 52 2929 934 144 654 375 10 50 987 12 60 0 3 4 12 73 22 254 144 188 54 113 62 76 258 226 50 1 234 316 108 24 6 699 1230 165 453 37 105 22 454 0 4 1 471 232 2591 902 322 1 57 17 104 43 22 39 241 649 270 83 3388 158 2 1 13 4 5 30 3 3 11 5 6 30 39 10 4 21 14 9 25 5 209 54 106 27 47 6 13 11 5 8 16 3 15 65 5 86 33 7 121 187 5 61 6 4 26 7 1 3 82 24 100 3 5 3 0 2 1 6 3 0 8 3 1 1 30 39 5 13 4 3 27 16 3 10 3 9 0 0 7 1 59 93 46 42 6 63 1 0 3 7 13 13 4 18 17 2 24 14 4 8
3 3 7 6 12 29 1 0 2 2 3 30 1 210 576 274 270 159 129 101 2808 3278 7615 8579 249 6266 1319 193 7 14 9 8 188 657 34 34 378 659 38 1805 7031 1231 591 43 4 25 130 12 92 0 0 1 2 21 1 8 9 46 16 124 33 20 55 50 10 0 54 46 48 13 4 24 151 12 96 22 3 1 23 1 1 0 28 56 68 79 15 6 50 26 51 52 17 30 148 39 10 1 100 5 0 0 0 0 0 1 0 0 0 0 0 0 12 2 3 6 1 4 3 10 18 38 21 3 2 0 1 5 0 5 1 1 0 2 1 4 5 1 5 14 0 11 2 0 2 1 0 1 6 15 3 1 5 0 0 1 0 0 0 0 0 0 0 0 1 2 3 9 1 2 1 0 0 0 1 3 0 2 3 0 1 3 6 2 0 2 0 1 3 0 1 4 0 0 0 0 2 1 0 0
12 6 19 8 24 42 3 7 0 7 4 40 5 225 680 958 307 2053 335 318 792 1587 8579 8862 400 2367 8751 811 53 19 20 6 67 109 490 43 73 218 467 3484 4659 4971 2215 68 22 1029 750 46 339 4 3 9 18 112 9 18 153 99 129 58 966 79 173 576 177 1 460 151 310 40 14 27 84 22 125 90 6 0 17 0 9 0 90 242 160 408 32 31 184 56 643 157 53 77 489 84 4 4 354 19 0 0 1 0 0 0 0 1 1 0 1 1 13 10 13 12 1 18 5 57 47 144 48 5 3 0 0 3 1 20 3 2 2 0 0 4 6 1 5 26 14 14 10 0 2 0 2 5 13 137 4 4 9 0 0 4 1 0 2 1 0 0 0 0 5 3 21 21 5 12 2 5 0 1 7 30 0 1 67 7 0 4 9 3 11 6 1 4 16 1 1 21 4 2 0 0 2 3 0 0
57 58 97 50 76 183 9 13 15 16 8 214 0 5 17 10 31 36 72 15 1037 7373 249 400 11515 1255 422 32 101 81 63 16 212 122 18 0 61 408 30 3127 283 31 323 189 2 35 3232 1 12 1 2 11 32 336 28 104 406 29 13 18 25 56 214 222 53 0 1433 314 54 7 3 62 398 63 139 17 15 7 71 0 8 0 592 1005 1765 3694 2140 5 40 16 52 37 17 18 123 127 31 14 8993 519 0 1 0 0 1 5 0 1 1 0 2 3 8 0 1 9 7 3 19 1 93 29 32 8 19 0 3 1 0 2 2 1 1 7 2 10 8 3 28 91 1 18 0 1 11 1 2 1 25 11 38 2 1 0 0 0 0 0 0 0 0 0 0 0 6 28 0 5 2 0 10 3 1 6 3 4 1 0 9 2 8 15 15 11 2 15 0 1 3 1 0 4 1 3 2 0 5 4 3 0
5 4 4 3 6 8 2 1 2 4 0 13 0 132 226 46 173 30 193 149 730 3812 6266 2367 1255 5125 1369 23 10 6 5 5 47 19 211 28 45 230 9 5760 1583 102 262 63 2 13 213 4 19 0 0 4 1 41 5 4 27 4 15 10 7 25 40 26 8 0 149 25 14 6 2 6 71 26 9 9 2 0 3 0 3 0 63 142 127 301 12 6 18 4 17 20 5 6 70 12 2 6 231 6 0 0 0 0 0 1 0 0 0 0 0 0 8 10 0 10 1 8 4 4 37 84 54 2 2 1 3 2 0 7 1 0 0 1 0 3 9 4 5 19 0 15 2 0 1 1 0 0 13 4 5 1 3 0 0 0 0 0 0 0 0 0 0 0 1 5 1 0 3 1 2 0 0 2 0 1 0 0 1 0 0 1 6 1 0 1 0 1 3 0 0 6 0 0 0 0 3 0 0 0
16 2 12 4 38 14 1 3 0 3 0 7 5 2424 3793 3431 288 3395 637 408 167 690 1319 8751 422 1369 27718 14328 106 29 94 8 57 231 7672 387 120 209 361 3821 1256 170 1037 48 6 410 1306 9 44 4 2 10 24 185 15 14 555 313 599 379 332 84 305 1516 624 0 998 636 199 33 8 2 58 25 196 39 1 1 6 1 5 1 169 375 166 660 53 7 53 13 97 42 16 29 182 98 1 2 437 55 0 0 0 0 0 1 0 1 0 0 0 0 33 59 207 26 5 139 10 966 92 953 95 0 4 1 3 28 6 128 4 4 2 1 2 6 16 0 5 54 217 24 170 1 9 7 28 6 39 734 15 5 10 0 0 2 0 0 0 0 2 3 0 1 7 5 176 116 5 36 3 6 3 1 4 164 0 1 63 7 1 4 38 9 12 6 0 0 1 1 1 11 2 14 3 0 2 1 0 0
9 5 2 3 64 23 2 2 1 3 1 5 14 1462 3695 3167 45 1450 259 38 17 47 193 811 32 23 14328 11817 50 72 107 4 32 489 904 269 139 145 3369 220 1178 274 698 20 13 664 413 50 93 2 0 3 3 46 2 2 306 594 511 723 208 222 691 3537 3014 0 283 814 2220 75 41 4 28 16 324 64 2 0 2 0 14 1 30 77 19 91 10 9 95 23 183 73 19 44 205 204 0 2 63 16 0 1 0 0 3 0 0 2 0 0 0 0 11 82 617 17 11 68 11 1201 84 614 44 7 6 0 1 91 1 156 18 28 1 0 7 43 3 0 19 60 545 11 601 3 4 27 185 34 44 3730 22 16 13 2 1 14 0 0 1 1 1 2 0 0 30 15 774 520 46 137 7 12 17 12 24 870 2 3 449 24 2 8 25 38 103 18 2 8 13 1 0 58 12 47 7 1 2 2 7 1
13578 1185 1724 678 2048 1426 2683 1070 148 603 60 991 1 6 12 4 4 15 4 2 178 187 7 53 101 10 106 50 32676 10911 2256 81 302 33 21 0 1 42 36 43 236 13 87 24 11 25 106 16 49 9 117 288 2379 12925 819 50 1376 40 6 3 16 78 124 104 94 2 5004 88 149 53 26 99 159 68 342 20 36 5 75 2 117 0 2247 2756 264 179 190 33 50 7 19 323 173 50 95 605 130 2871 147 506 9 6 46 30 11 93 1 14 24 31 32 126 0 1 1 2 0 0 3 2 36 3 3 9 6 2 0 1 0 0 31 3 58 126 4 136 1 2 105 38 0 5 2 14 14 0 1 0 18 13 13 3 2 6 0 1 6 5 4 4 6 2 1 7 37 0 4 3 3 0 22 13 1 5 1 9 2 5 18 4 124 141 39 11 3 79 1 1 5 4 21 5 1 34 27 5 11 6 1 2
6817 3048 479 2328 8248 3787 993 463 140 250 54 2096 1 12 17 13 2 11 4 3 433 365 14 19 81 6 29 72 10911 16813 11120 212 601 28 8 1 0 29 55 9 460 7 57 19 3 13 23 16 31 6 54 149 370 1004 218 94 5342 28 3 2 9 56 98 39 81 0 3241 14 237 45 39 151 77 44 95 12 46 0 71 3 63 0 1114 1049 750 493 25 25 42 7 25 197 100 34 76 1081 132 894 190 244 12 8 57 52 11 127 4 15 40 35 59 150 0 0 0 0 2 0 1 1 8 0 0 4 2 0 1 0 0 0 26 1 72 136 1 110 0 0 58 20 2 3 1 6 14 1 2 0 4 13 6 1 1 6 0 1 2 4 1 4 15 4 2 4 38 2 4 2 2 1 20 9 3 0 2 5 3 0 19 1 148 102 22 3 5 93 3 0 2 1 23 3 3 27 36 16 13 0 0 0
239 140 87 959 8622 1803 138 22 7 31 19 704 0 19 31 12 4 9 4 2 274 200 9 20 63 5 94 107 2256 11120 17099 93 208 31 23 3 6 18 69 22 369 6 56 12 1 17 32 14 15 1 16 39 98 593 65 79 10675 24 4 8 5 69 110 58 131 1 3030 39 281 31 19 27 38 8 314 12 4 1 18 2 41 1 588 871 572 704 48 8 18 3 22 92 49 18 52 3040 17 172 552 4312 3 0 3 3 1 11 1 2 5 3 4 18 0 0 0 0 0 1 0 1 6 2 0 2 1 0 0 1 0 0 6 0 5 13 1 16 0 0 12 13 1 2 0 2 2 0 4 0 7 31 2 1 0 1 0 1 0 0 2 0 0 0 0 0 3 0 6 2 1 1 1 2 2 1 3 8 1 0 17 2 15 10 5 0 4 10 0 0 0 0 0 5 1 5 2 1 3 0 1 0
55 20 16 67 379 2576 20 6 5 24 14 1005 2 3 11 1 13 4 2 1 106 166 8 6 16 5 8 4 81 212 93 7527 8084 337 2 2 0 23 5 3 87 0 6 4 0 2 7 3 5 0 2 7 7 26 9 17 11 3464 0 3 3 4 2 0 1 0 46 14 46 2 1 1146 897 28 5254 8 19 1 282 0 5 0 38 48 54 29 0 0 3 1 6 8 6 0 2 4830 34 23 35 5 0 3 13 10 3 15 2 3 5 7 8 28 0 0 2 0 0 0 0 2 6 0 1 0 0 0 0 1 0 0 6 0 17 34 0 32 0 1 41 16 3 0 2 1 2 0 2 0 4 8 3 0 1 3 0 2 0 3 2 0 1 0 1 2 10 0 0 0 0 0 5 2 0 0 1 2 1 0 1 0 26 41 10 2 0 20 0 0 1 0 7 1 0 12 10 0 5 3 0 0
161 73 69 110 758 3173 58 26 104 98 61 1090 9 29 76 102 68 228 41 15 998 1570 188 67 212 47 57 32 302 601 208 8084 11463 1397 60 8 37 1820 63 165 785 14 49 38 8 119 273 16 20 7 14 50 35 88 22 53 51 2222 87 80 106 9 22 18 17 1 175 167 156 15 19 5308 2695 213 4186 28 158 17 661 0 23 0 283 258 416 221 37 13 18 2 79 52 33 14 24 4179 845 197 236 16 26 17 119 84 25 223 16 27 47 32 87 273 21 6 11 16 12 0 17 17 142 39 29 50 80 2 16 11 4 12 90 9 157 360 11 326 16 4 386 170 8 61 12 29 69 4 7 4 91 54 177 4 2 21 0 4 5 13 3 8 36 20 6 25 92 37 8 13 7 4 105 44 6 31 3 24 21 1 32 4 289 514 92 118 5 260 4 1 9 22 71 4 9 102 67 18 65 25 12 17
10 5 24 3 64 126 9 6 2 7 4 52 1 587 857 152 371 109 18 70 782 986 657 109 122 19 231 489 33 28 31 337 1397 9100 977 389 1191 924 396 195 968 27 92 30 1 32 825 36 13 2 5 19 8 61 23 19 39 2015 1118 4478 57 65 91 90 263 2 104 1357 1257 29 44 130 188 56 4089 57 34 9 75 0 33 0 160 141 139 90 23 7 19 6 35 44 17 11 38 744 8 10 86 46 1 2 9 8 3 10 0 1 2 2 3 18 5 2 18 2 4 2 6 23 84 17 14 16 42 1 10 6 0 8 17 7 9 20 1 61 4 4 143 120 23 20 16 7 26 2 10 1 37 152 78 7 3 5 1 3 2 3 2 0 10 5 0 5 12 14 36 20 2 6 31 15 9 16 6 44 3 1 83 3 25 129 21 62 12 51 2 1 5 10 21 12 3 17 5 1 32 10 8 5
1 0 1 3 19 5 0 0 0 0 0 1 0 2665 2265 571 202 175 61 63 20 48 34 490 18 211 7672 904 21 8 23 2 60 977 4182 3603 798 416 34 2350 76 4 181 28 2 9 728 2 2 1 0 0 0 16 1 2 77 276 1683 2616 11 4 46 238 98 0 88 387 68 4 1 0 30 24 98 4 0 0 0 0 1 0 8 24 14 43 3 0 0 1 5 0 2 0 19 44 0 0 18 6 0 0 0 0 0 0 0 0 1 0 0 0 36 36 20 34 3 80 22 132 124 482 113 5 6 2 7 8 6 62 0 1 0 0 0 1 31 7 11 63 10 43 15 0 6 6 3 2 49 26 23 5 2 0 0 0 0 0 0 0 0 0 0 0 1 18 4 8 2 2 3 4 1 4 3 10 0 0 7 2 0 1 8 4 4 2 0 0 1 3 0 2 0 0 0 0 4 1 0 1
0 0 0 0 2 0 0 0 0 1 0 0 0 4448 1124 63 101 21 3 4 5 2 34 43 0 28 387 269 0 1 3 2 8 389 3603 2800 216 89 38 397 93 3 29 1 0 1 255 1 0 0 0 0 0 2 0 1 2 116 1340 1511 1 4 12 60 41 0 2 72 29 1 0 0 3 2 33 1 0 0 0 0 0 0 2 0 2 0 0 0 4 0 2 0 0 0 5 15 0 0 2 1 0 0 0 0 0 0 0 0 0 0 0 0 2 0 1 2 0 3 2 3 5 10 1 1 2 0 0 0 0 3 0 0 0 0 0 1 0 0 1 5 0 4 0 1 0 0 0 0 0 7 2 0 0 0 0 0 0 0 0 0 0 0 0 0 0 2 0 0 0 0 1 0 0 0 0 3 0 0 2 0 0 1 0 3 0 0 0 0 0 0 0 0 1 0 0 0 0 0 0 0
0 1 1 2 8 9 0 1 1 0 0 6 1 394 469 886 334 821 43 31 201 206 378 73 61 45 120 139 1 0 6 0 37 1191 798 216 4496 2000 341 305 605 12 44 11 0 78 648 9 5 1 0 3 2 5 4 0 11 120 744 1556 139 9 22 46 34 0 16 151 305 6 3 3 20 26 100 41 0 12 12 0 3 0 4 17 15 29 7 0 6 2 41 6 5 2 10 23 3 2 38 4 1 0 0 3 0 2 1 0 0 0 2 2 36 15 17 41 2 3 29 31 114 58 47 25 43 6 17 11 5 17 6 6 0 1 0 7 29 9 46 73 15 78 18 3 20 12 3 2 55 97 126 2 1 2 1 0 2 0 2 1 3 5 0 1 3 58 12 24 4 5 26 16 3 16 1 23 0 1 11 1 1 16 8 39 8 5 0 0 1 11 8 4 5 14 0 1 16 9 9 9
19 3 16 9 13 26 4 6 5 10 5 37 466 179 258 545 2044 1682 1218 90 765 1208 659 218 408 230 209 145 42 29 18 23 1820 924 416 89 2000 6366 262 1156 1139 65 388 870 255 1783 1339 79 29 39 7 39 16 77 17 33 85 161 473 445 691 68 136 151 47 22 153 323 392 25 74 16 1530 1534 250 237 35 378 62 12 50 34 137 186 205 201 94 22 108 54 1098 49 22 20 101 89 7 5 256 38 4 8 6 1 5 7 0 5 3 2 4 7 370 147 68 318 61 66 195 99 1126 860 573 174 329 26 115 76 40 163 53 28 5 11 20 83 229 43 385 707 35 630 68 21 116 72 43 12 542 529 732 19 16 5 5 17 9 9 2 8 30 24 0 12 31 371 80 117 37 150 179 109 32 109 29 129 15 6 341 18 34 255 214 303 50 105 0 8 14 68 46 73 25 48 7 3 168 72 44 62
3 3 3 3 55 25 4 0 0 3 1 4 6 112 505 1331 39 6246 52 15 25 52 38 467 30 9 361 3369 36 55 69 5 63 396 34 38 341 262 14599 31 368 143 986 14 21 699 129 271 44 5 1 2 2 37 1 1 184 331 133 277 6113 404 1034 2819 5032 3 162 433 7161 138 146 0 35 8 347 1112 1 0 2 0 73 1 18 62 23 63 21 16 165 42 508 47 18 45 269 198 1 1 35 14 0 1 0 0 0 1 0 0 0 0 0 0 1 19 227 7 5 16 1 212 56 100 20 1 4 1 3 36 0 27 10 11 0 0 10 13 2 1 12 30 119 8 188 1 2 21 221 14 35 2034 8 12 34 1 0 43 1 0 0 1 0 0 0 1 13 10 383 249 45 123 1 4 13 10 48 515 1 6 1089 78 1 0 6 13 186 11 2 9 16 0 1 79 21 22 3 0 2 1 3 0
10 4 22 6 13 16 1 6 1 2 1 28 0 1177 1124 285 638 110 769 381 521 2929 1805 3484 3127 5760 3821 220 43 9 22 3 165 195 2350 397 305 1156 31 10021 926 116 714 255 3 19 1213 4 24 0 8 11 10 163 17 14 128 53 231 132 25 36 117 215 34 0 571 143 46 6 3 6 301 86 39 7 2 1 12 0 5 1 166 374 230 728 49 0 26 14 53 27 21 14 120 26 6 2 579 20 0 1 0 0 1 0 0 0 1 0 1 0 113 65 5 86 20 92 68 42 365 694 320 11 19 3 11 17 10 86 3 0 0 0 1 3 75 12 21 158 4 104 6 1 6 12 1 0 88 20 31 5 1 0 0 2 0 0 1 0 1 1 0 1 2 39 9 21 9 0 2 4 1 1 1 6 2 1 7 0 1 7 34 7 2 4 2 1 2 1 2 5 4 0 1 0 4 1 3 1
1218 523 1383 438 408 780 177 476 119 495 96 978 12 1078 2871 1689 757 1135 419 410 1606 934 7031 4659 283 1583 1256 1178 236 460 369 87 785 968 76 93 605 1139 368 926 7531 4992 2452 229 125 386 250 350 3378 25 118 156 13 71 1448 887 159 295 60 176 536 319 160 133 183 4 197 258 623 168 224 310 772 122 1251 359 98 29 296 6 204 9 1493 233 530 217 117 317 1378 327 1272 2129 468 606 2400 669 146 122 178 341 11 11 25 20 10 67 2 3 19 10 13 74 18 11 24 18 11 10 11 44 110 79 35 25 43 2 10 4 3 14 20 6 53 100 10 133 14 6 195 141 19 28 23 11 32 8 11 2 53 102 97 17 23 5 0 16 10 5 9 13 21 9 0 7 37 21 23 17 13 12 44 29 8 16 14 25 14 17 94 5 102 239 43 65 14 115 9 12 70 16 23 69 15 34 19 2 29 13 12 4
13 7 20 3 9 10 4 20 2 5 0 7 14 31 190 255 80 254 90 74 37 144 1231 4971 31 102 170 274 13 7 6 0 14 27 4 3 12 65 143 116 4992 7146 4806 57 86 194 42 92 3923 4 0 3 0 12 4 2 23 26 10 14 331 63 67 35 106 1 39 32 441 48 33 4 30 5 35 177 6 1 6 0 12 0 17 34 11 39 6 40 533 280 1008 402 88 152 1012 23 3 3 19 4 0 1 0 0 1 0 0 0 0 0 0 0 1 2 3 1 0 4 2 4 9 10 2 0 0 0 1 0 0 1 1 1 0 1 0 1 0 1 1 2 1 2 3 0 1 1 1 0 1 31 1 8 16 0 0 7 0 0 1 3 0 0 0 0 1 0 4 8 2 12 0 1 0 2 8 6 1 4 46 4 0 2 3 0 6 0 2 4 27 0 0 40 3 1 1 0 0 0 0 0
32 12 34 5 34 37 19 28 9 14 4 18 30 126 520 432 233 941 410 251 143 654 591 2215 323 262 1037 698 87 57 56 6 49 92 181 29 44 388 986 714 2452 4806 6172 300 238 1488 543 267 2429 24 3 18 12 117 11 13 269 113 131 48 2300 576 1755 4880 1639 5 517 256 2740 256 76 9 139 28 139 790 20 2 19 1 46 8 118 287 143 456 54 80 1197 793 5615 719 221 675 6085 90 20 10 327 40 0 0 0 0 0 0 0 0 0 0 0 0 4 6 19 4 3 4 5 28 31 86 23 1 0 0 0 3 0 14 3 1 0 0 1 5 6 0 2 15 8 5 8 1 1 8 10 1 15 133 4 64 106 1 0 35 1 0 12 6 0 0 1 0 7 8 16 22 28 33 0 0 4 1 56 39 2 29 327 31 1 1 3 1 58 3 14 23 161 0 0 255 37 3 1 0 0 0 2 0
13 7 13 8 10 16 5 12 26 12 0 21 5408 10 9 11 15 129 7802 42 163 375 43 68 189 63 48 20 24 19 12 4 38 30 28 1 11 870 14 255 229 57 300 8247 2646 757 470 80 17 385 14 172 13 36 25 25 62 8 47 3 97 72 112 60 16 619 94 122 91 29 136 166 1220 3637 24 110 1432 1493 1594 104 146 230 109 117 132 138 69 245 236 265 999 42 23 20 103 14 187 26 130 11 1 8 8 6 3 11 0 3 0 1 3 5 159 60 91 139 33 41 91 119 797 507 261 101 215 13 57 33 22 80 40 23 5 6 8 74 84 27 311 516 23 295 27 15 81 33 49 13 399 487 422 23 55 4 1 38 6 7 9 11 13 16 1 9 30 181 66 67 23 306 81 63 18 65 73 89 7 14 548 37 26 181 242 184 89 85 6 23 53 44 48 206 25 26 7 0 91 52 30 49
8 2 8 1 3 1 14 9 154 27 3 5 7251 1 6 8 12 41 1390 12 5 10 4 22 2 2 6 13 11 3 1 0 8 1 2 0 0 255 21 3 125 86 238 2646 13592 1086 7 41 31 5168 15 459 8 4 8 2 7 5 3 1 26 113 126 31 17 1015 17 9 64 47 225 109 223 730 4 18 2243 291 699 376 621 1180 19 10 2 9 3 1974 1327 4401 3838 49 25 29 205 4 1127 154 6 1 1 1 1 1 3 2 0 4 1 0 1 5 4 0 79 4 3 2 1 27 75 33 9 5 1 3 3 2 0 5 13 8 2 5 6 29 1 0 16 28 8 6 19 6 4 40 230 12 37 1767 8 163 355 1 6 242 21 3 49 66 1 0 1 1 39 5 201 135 132 1984 1 5 17 6 435 360 26 82 3723 233 6 6 11 31 514 22 61 397 507 4 1 1589 168 28 9 0 2 2 2 0
5 0 3 0 10 4 2 4 7 4 0 2 2863 16 58 151 292 1837 4510 231 15 50 25 1029 35 13 410 664 25 13 17 2 119 32 9 1 78 1783 699 19 386 194 1488 757 1086 7045 50 113 75 21 3 6 4 18 2 2 90 33 30 7 378 86 281 1075 235 22 122 62 521 36 58 8 242 178 38 299 80 12 31 1 31 0 18 58 32 84 7 36 202 91 1706 75 21 36 298 10 59 6 42 9 0 1 0 0 2 2 0 3 0 0 2 0 5 40 1129 14 14 21 10 452 189 308 44 3 3 3 1 76 0 80 24 47 4 2 14 42 1 1 24 81 238 11 454 2 6 67 1139 86 146 6411 21 30 31 1 2 82 0 2 3 4 2 2 0 0 44 20 830 698 102 1533 8 27 32 18 72 1164 4 11 2186 149 3 15 49 53 338 29 3 26 27 3 1 142 36 66 8 2 5 5 6 0
23 13 24 8 18 34 3 13 6 8 0 34 3 231 205 48 115 49 139 22 338 987 130 750 3232 213 1306 413 106 23 32 7 273 825 728 255 648 1339 129 1213 250 42 543 470 7 50 5383 15 14 3 8 18 30 352 20 33 635 340 654 518 44 118 385 548 353 0 1809 830 314 36 11 20 746 148 125 25 6 10 50 0 17 0 237 834 378 2329 630 3 56 14 81 40 27 10 162 36 7 8 2048 107 2 0 0 2 0 4 0 1 1 0 1 2 34 8 5 35 21 14 54 12 334 92 144 26 29 4 13 10 1 21 7 1 0 4 5 10 22 16 50 218 5 66 1 2 19 5 7 0 112 40 69 0 1 1 0 2 0 1 0 0 2 0 0 0 2 43 14 8 5 4 17 8 2 10 4 16 1 2 41 6 6 18 54 13 11 6 1 0 4 5 3 13 2 7 0 0 11 7 6 5
26 6 24 4 14 20 10 19 2 11 0 13 8 5 19 46 11 337 54 9 8 12 12 46 1 4 9 50 16 16 14 3 16 36 2 1 9 79 271 4 350 92 267 80 41 113 15 14697 75 92 0 13 1 9 3 3 17 39 18 5 253 6838 469 60 143 1 27 55 3656 868 2265 2 40 7 64 9114 4 1 3 6 274 33 9 23 2 14 1 670 4171 261 1184 138 38 464 1439 45 4 5 5 7 1 0 1 1 0 0 0 0 0 1 1 0 0 0 2 0 0 10 1 2 1 2 2 2 2 3 6 3 0 1 2 2 1 1 1 1 2 0 3 3 4 5 4 1 0 46 10 2 2 26 5 879 869 5 7 366 30 4 90 88 3 0 0 0 3 2 4 85 209 9 1 5 5 3 162 23 65 275 399 9 0 1 5 5 166 8 326 190 2048 1 1 1726 757 4 1 0 0 0 2 0
111 30 81 9 23 25 53 71 6 52 5 41 2 15 103 85 47 106 48 68 18 60 92 339 12 19 44 93 49 31 15 5 20 13 2 0 5 29 44 24 3378 3923 2429 17 31 75 14 75 7603 14 10 12 4 14 23 17 16 13 4 5 86 72 46 17 35 0 36 13 112 62 26 4 27 7 44 115 3 4 10 1 12 2 61 66 10 33 12 33 424 104 313 2809 255 1298 4936 14 5 32 14 8 0 1 0 0 1 0 0 0 1 0 0 1 0 1 3 0 0 0 0 1 15 3 5 1 2 1 0 1 0 1 1 0 1 1 0 3 0 0 9 9 1 1 0 0 0 2 0 0 2 9 4 35 46 0 0 5 3 0 3 10 0 0 0 1 1 1 0 2 1 3 0 1 0 2 5 4 3 6 18 1 2 7 4 0 6 3 8 5 82 0 0 70 16 0 0 0 1 0 0 0
10 5 9 1 2 4 7 7 57 15 0 5 158 0 0 2 4 4 167 4 0 0 0 4 1 0 4 2 9 6 1 0 7 2 1 0 1 39 5 0 25 4 24 385 5168 21 3 92 14 9926 52 2125 10 1 49 1 2 1 1 1 7 100 67 3 9 725 7 2 48 42 83 22 56 900 4 36 910 90 161 2113 971 7163 36 4 3 3 0 2822 1250 3866 358 50 28 19 76 4 580 75 2 1 1 1 0 2 1 2 0 2 0 0 0 2 0 0 3 0 0 0 2 9 5 4 1 0 0 1 3 2 0 1 2 2 1 3 0 5 0 2 8 3 3 4 3 3 1 26 8 1 4 22 4 212 503 0 0 290 60 6 143 129 1 0 0 0 5 2 3 37 87 102 0 0 4 2 221 23 19 103 920 30 2 6 9 4 186 8 102 548 1034 0 0 1649 142 3 2 1 2 3 1 0
137 26 100 24 25 30 86 152 20 69 7 41 0 0 1 0 0 0 1 0 6 3 0 3 2 0 2 0 117 54 16 2 14 5 0 0 0 7 1 8 118 0 3 14 15 3 8 0 10 52 5357 6827 43 22 945 18 6 6 0 0 1 3 2 4 1 3 41 6 2 43 3 8 49 42 52 2 21 4 16 52 655 31 674 82 11 11 5 16 13 3 6 3216 1806 14 22 17 19 98 6 19 1 0 0 1 1 1 0 0 0 1 1 3 0 0 1 0 0 0 0 0 3 1 1 1 0 0 0 0 0 0 2 0 1 1 2 3 0 0 12 11 0 3 0 2 2 0 0 1 6 0 5 1 3 0 0 0 66 7 79 39 1 0 0 0 2 1 0 0 0 0 1 1 1 0 0 0 7 7 1 0 1 7 6 6 0 4 16 2 14 0 2 4 0 1 0 0 2 0 0 1
365 74 272 32 57 66 245 399 95 213 17 113 6 1 1 1 4 6 74 3 5 4 1 9 11 4 10 3 288 149 39 7 50 19 0 0 3 39 2 11 156 3 18 172 459 6 18 13 12 2125 6827 16224 112 63 2084 27 15 22 0 0 5 16 10 5 6 152 51 13 7 204 35 23 135 831 196 7 517 59 127 7617 5410 3167 1458 160 34 35 18 667 209 292 17 2200 4541 14 38 70 409 408 5 90 12 3 8 9 1 13 1 12 2 3 7 8 0 1 1 2 0 2 3 1 18 1 1 4 5 0 2 0 1 0 6 2 12 7 2 29 1 1 48 38 0 3 1 6 6 4 14 5 11 3 14 32 19 6 0 30 2025 837 3809 1049 51 1 0 2 9 2 2 4 3 38 11 2 5 2 5 1 258 89 39 0 12 40 43 14 1 75 645 86 450 0 45 72 43 2 29 2 6 1 4 0
616 80 281 52 97 88 695 682 176 311 35 140 2 0 3 1 1 3 4 0 14 12 2 18 32 1 24 3 2379 370 98 7 35 8 0 0 2 16 2 10 13 0 12 13 8 4 30 1 4 10 43 112 10173 7736 5737 5 60 11 0 1 3 5 13 10 7 1 254 21 9 6 1 22 71 31 132 0 38 9 31 2 29 7 478 127 22 27 38 5 9 1 4 46 43 4 8 57 146 8356 35 72 1 0 5 1 2 13 1 1 6 4 9 14 1 0 0 0 0 0 1 1 11 1 2 3 5 0 1 0 0 0 3 2 3 11 0 16 0 0 28 15 0 1 0 0 3 0 1 0 4 0 6 0 0 0 0 0 1 0 1 1 2 0 1 2 5 0 0 0 1 2 6 2 1 1 0 0 0 0 0 0 14 25 9 12 1 8 0 0 0 1 4 0 0 1 10 2 1 0 0 0
1271 323 821 250 396 368 581 911 109 439 43 453 1 2 6 7 10 15 8 3 42 73 21 112 336 41 185 46 12925 1004 593 26 88 61 16 2 5 77 37 163 71 12 117 36 4 18 352 9 14 1 22 63 7736 14870 500 7 610 52 11 6 12 48 167 140 84 0 2315 228 75 19 7 43 221 59 595 11 19 10 69 3 19 1 1736 6653 69 329 522 6 20 6 30 53 34 17 69 336 38 1868 317 575 3 3 9 6 0 32 0 5 4 8 6 37 2 3 1 0 4 0 2 1 28 3 3 5 17 0 1 0 0 1 9 2 13 36 2 75 0 1 81 74 1 7 0 5 17 1 3 0 24 11 28 0 1 2 0 2 0 0 0 0 5 1 0 1 14 6 0 0 4 2 15 5 3 6 2 2 0 0 19 0 36 97 16 20 2 42 0 0 1 1 17 2 2 12 12 1 16 7 2 4
451 86 303 53 88 106 348 498 82 207 16 139 0 0 5 1 0 0 4 0 37 22 1 9 28 5 15 2 819 218 65 9 22 23 1 0 4 17 1 17 1448 4 11 25 8 2 20 3 23 49 945 2084 5737 500 12674 668 40 16 1 2 4 7 12 7 4 9 109 18 9 57 31 14 79 46 93 0 18 6 30 28 338 22 3349 153 137 70 22 26 23 1 4 1731 483 44 46 55 30 1643 25 40 1 0 1 1 0 2 0 0 1 0 1 6 0 0 0 0 1 0 0 0 15 0 2 6 2 1 1 0 0 0 1 0 2 12 0 17 0 0 36 25 0 2 1 0 2 0 0 0 10 2 7 0 0 0 0 1 20 0 20 10 2 0 0 1 1 2 0 0 0 0 8 1 0 1 0 1 4 3 1 0 10 31 8 3 1 9 2 0 3 2 1 2 0 3 3 0 3 0 0 0
269 130 394 132 89 152 41 127 15 118 20 210 0 0 1 4 4 2 2 2 1745 254 8 18 104 4 14 2 50 94 79 17 53 19 2 1 0 33 1 14 887 2 13 25 2 2 33 3 17 1 18 27 5 7 668 1826 26 32 2 1 4 4 9 15 4 1 22 23 2 7 8 31 85 25 145 1 9 3 42 0 25 1 2522 46 1164 83 23 8 13 4 3 148 44 12 23 87 15 19 159 51 1 3 4 2 3 10 0 2 0 1 5 10 3 0 1 0 1 0 3 0 19 1 1 1 6 0 1 0 0 0 5 1 7 8 3 25 1 1 22 23 0 5 0 1 4 0 0 0 7 2 12 0 0 0 0 0 0 1 0 0 2 0 0 1 7 3 0 1 0 0 7 1 3 3 0 0 1 0 0 0 11 23 7 9 1 18 0 0 0 1 5 1 0 5 8 0 6 2 0 3
106 122 137 69 1541 283 14 20 3 22 5 120 1 38 46 21 6 36 11 7 116 144 9 153 406 27 555 306 1376 5342 10675 11 51 39 77 2 11 85 184 128 159 23 269 62 7 90 635 17 16 2 6 15 60 610 40 26 13133 59 35 9 51 243 571 517 478 0 11707 717 498 52 14 12 122 35 1456 34 3 0 21 0 24 1 302 774 231 672 1270 3 61 14 116 42 24 39 179 2337 15 17 1833 6859 0 0 4 2 0 7 0 1 1 1 2 7 0 0 2 3 1 3 5 0 33 2 11 5 9 3 1 0 0 1 4 1 7 8 1 11 0 0 11 41 0 3 0 0 2 1 10 1 14 77 8 1 10 0 0 1 0 1 0 0 2 0 0 2 5 5 10 14 4 7 1 0 2 0 9 18 0 0 85 13 12 14 11 4 21 9 2 2 2 0 3 10 2 8 1 0 2 0 0 0
6 2 10 6 53 210 3 10 2 6 6 70 0 265 476 69 146 42 4 35 172 188 46 99 29 4 313 594 40 28 24 3464 2222 2015 276 116 120 161 331 53 295 26 113 8 5 33 340 39 13 1 6 22 11 52 16 32 59 4621 2385 2383 27 91 190 136 393 0 132 2850 1319 54 38 687 663 37 12422 65 12 2 263 0 29 2 142 129 97 67 42 6 25 5 41 30 15 14 63 961 19 6 51 105 0 0 5 5 1 4 0 0 1 2 2 17 0 2 18 1 0 0 0 19 17 14 6 3 1 1 2 1 0 1 4 1 6 16 0 25 0 0 40 26 10 1 11 0 6 1 13 1 10 112 9 1 3 1 0 6 0 1 1 1 2 1 0 1 5 2 24 10 3 9 4 3 1 3 8 37 1 1 64 4 13 27 6 4 18 14 1 0 5 1 9 17 1 6 0 1 8 1 1 0
0 0 2 0 5 3 0 0 0 2 1 0 0 521 239 19 49 23 20 6 33 54 16 129 13 15 599 511 6 3 4 0 87 1118 1683 1340 744 473 133 231 60 10 131 47 3 30 654 18 4 1 0 0 0 11 1 2 35 2385 2187 3170 13 51 191 269 355 0 65 1258 443 20 9 1 63 29 87 12 0 3 6 0 4 0 11 14 11 36 3 1 17 2 31 3 0 5 40 14 1 0 44 2 0 0 1 1 0 0 0 0 0 0 0 0 12 3 5 12 3 3 17 5 65 31 42 6 7 2 0 1 1 6 2 0 0 0 1 1 16 8 7 58 2 17 3 0 3 4 4 1 22 45 15 1 1 0 0 0 1 0 0 0 0 0 0 0 0 18 12 6 0 4 5 4 0 2 5 14 1 2 53 5 1 5 9 2 10 3 0 0 3 1 1 5 1 2 0 0 3 2 1 0
1 1 2 1 4 2 0 0 1 1 0 3 0 1534 1189 133 325 36 7 21 98 113 124 58 18 10 379 723 3 2 8 3 80 4478 2616 1511 1556 445 277 132 176 14 48 3 1 7 518 5 5 1 0 0 1 6 2 1 9 2383 3170 2615 14 33 61 73 179 0 13 875 491 9 5 2 15 0 194 13 0 0 3 0 2 0 6 6 8 8 6 0 8 1 8 1 1 4 19 24 0 0 7 1 0 0 0 0 0 0 0 0 0 0 0 0 4 2 6 2 0 3 0 20 8 5 3 0 2 0 1 2 0 1 0 1 1 0 1 2 2 0 4 10 6 1 12 0 0 1 2 1 4 50 5 1 1 0 1 0 0 1 0 0 1 0 1 0 1 2 6 8 2 0 2 0 0 2 1 17 0 0 20 1 0 3 0 3 8 1 0 0 1 0 1 4 2 1 0 0 3 1 0 1
8 1 6 2 6 5 2 3 0 3 0 2 3 8 35 344 145 5614 232 123 13 62 33 966 25 7 332 208 16 9 5 3 106 57 11 1 139 691 6113 25 536 331 2300 97 26 378 44 253 86 7 1 5 3 12 4 4 51 27 13 14 12917 205 549 1296 148 2 114 52 5417 76 150 1 104 8 37 4152 5 1 5 0 59 1 18 32 18 76 11 21 301 74 2529 92 24 66 431 21 3 2 35 5 0 1 0 0 2 1 0 2 0 0 0 0 4 10 178 7 4 8 0 101 63 108 10 2 3 1 3 22 1 19 9 9 0 0 4 16 1 0 8 18 63 2 80 0 2 35 243 9 42 1024 5 17 22 0 0 60 2 1 1 1 1 1 0 1 15 6 146 205 43 127 4 6 14 7 73 271 2 8 1051 56 2 5 8 21 139 9 3 8 26 1 1 138 25 19 2 0 1 1 2 0
20 5 26 2 46 45 5 20 4 8 2 6 10 20 72 91 18 266 55 44 19 76 20 79 56 25 84 222 78 56 69 4 9 65 4 4 9 68 404 36 319 63 576 72 113 86 118 6838 72 100 3 16 5 48 7 4 243 91 51 33 205 14885 11020 597 1143 4 264 281 4629 12469 2737 2 29 5 197 1079 11 0 7 10 620 70 34 95 34 126 24 540 1961 608 1082 169 88 5704 3353 140 6 11 78 15 0 0 0 0 0 0 0 0 0 1 0 0 1 2 1 2 0 15 0 12 6 19 7 1 0 1 1 6 1 4 0 3 0 1 1 1 0 1 3 3 5 7 2 2 0 56 4 1 4 26 4 998 860 2 9 354 62 13 123 137 0 1 0 0 5 2 2 86 193 17 1 3 0 1 188 29 89 418 411 15 0 6 7 8 137 11 435 202 2586 0 0 1817 890 2 3 0 0 1 0 0
8 6 11 5 61 37 3 9 1 5 1 12 14 58 178 131 56 313 91 80 53 258 55 173 214 40 305 691 124 98 110 2 22 91 46 12 22 136 1034 117 160 67 1755 112 126 281 385 469 46 67 2 10 13 167 12 9 571 190 191 61 549 11020 21456 6692 8206 5 879 563 8678 1236 230 4 49 12 256 748 11 1 6 1 95 3 95 284 107 408 72 53 1395 692 2331 75 41 303 3281 153 9 5 249 43 0 0 0 0 0 0 0 0 0 1 0 0 0 5 8 1 3 9 2 13 12 43 16 0 0 0 1 2 0 8 1 1 0 0 0 1 2 1 3 9 4 3 8 0 0 13 3 1 8 50 1 110 311 0 0 122 4 1 7 11 0 0 0 0 1 6 8 35 57 16 1 1 2 1 124 29 7 34 262 9 1 0 5 0 107 0 28 39 255 0 0 601 74 2 0 0 0 1 1 0
6 2 7 4 36 21 2 4 2 4 1 6 9 219 285 279 48 961 144 68 47 226 50 576 222 26 1516 3537 104 39 58 0 18 90 238 60 46 151 2819 215 133 35 4880 60 31 1075 548 60 17 3 4 5 10 140 7 15 517 136 269 73 1296 597 6692 6989 6543 0 852 422 2418 121 40 2 71 10 118 106 0 0 5 2 13 0 109 300 89 495 61 8 126 39 1213 39 11 45 919 78 2 3 325 39 0 1 0 0 0 0 0 0 0 0 0 0 10 5 35 3 3 14 2 61 23 72 14 1 2 1 2 6 1 13 0 2 1 0 1 5 1 2 6 15 28 4 25 0 2 5 28 3 12 403 4 8 19 0 0 9 1 0 1 1 0 0 0 0 5 7 68 50 10 14 0 3 3 3 25 99 2 3 302 20 1 0 3 0 54 2 0 4 17 0 0 60 5 6 1 0 1 0 0 0
5 4 12 4 69 44 1 3 0 2 0 6 6 207 434 307 18 300 50 17 14 50 10 177 53 8 624 3014 94 81 131 1 17 263 98 41 34 47 5032 34 183 106 1639 16 17 235 353 143 35 9 1 6 7 84 4 4 478 393 355 179 148 1143 8206 6543 10628 1 501 695 8076 289 94 2 15 2 309 72 0 0 5 0 38 0 58 124 48 178 43 15 150 60 281 50 17 66 754 217 1 4 93 37 0 0 0 0 1 0 0 0 0 0 0 0 2 8 37 3 0 8 0 54 11 36 8 2 0 1 0 5 0 8 2 3 0 0 1 8 2 1 3 13 38 5 27 2 3 7 25 2 10 419 2 19 34 0 0 29 1 0 0 1 0 0 0 0 7 2 73 43 17 26 0 0 1 2 34 98 1 7 311 16 0 2 0 5 64 2 1 9 38 1 0 130 20 9 0 0 0 0 0 1
2 0 1 0 0 1 1 2 16 7 0 2 110 0 2 1 0 2 80 2 2 1 0 1 0 0 0 0 2 0 1 0 1 2 0 0 0 22 3 0 4 1 5 619 1015 22 0 1 0 725 3 152 1 0 9 1 0 0 0 0 2 4 5 0 1 157 1 1 5 1 8 27 73 268 1 3 693 1000 362 139 24 155 6 1 6 3 1 53 49 236 227 4 1 0 5 1 161 25 1 0 0 0 1 0 0 0 0 0 0 0 0 0 0 0 1 0 0 0 0 5 1 1 1 0 0 0 0 1 0 0 0 0 0 1 0 4 0 0 4 3 0 0 0 1 1 0 7 0 2 17 1 4 3 0 0 19 3 0 9 3 0 0 0 0 3 1 0 2 1 243 0 1 1 3 2 2 0 2 109 4 2 1 15 0 11 1 2 2 9 0 1 26 2 0 1 0 0 0 0 0
848 439 974 432 1059 653 73 178 32 203 30 533 1 17 38 26 14 54 36 7 116 234 54 460 1433 149 998 283 5004 3241 3030 46 175 104 88 2 16 153 162 571 197 39 517 94 17 122 1809 27 36 7 41 51 254 2315 109 22 11707 132 65 13 114 264 879 852 501 1 10860 1321 385 77 21 53 362 76 1849 55 25 8 100 0 43 4 691 4937 150 2996 3183 13 111 39 170 116 42 63 317 1081 50 90 2457 4290 6 2 14 16 5 45 1 1 3 10 15 28 4 1 6 2 5 3 5 0 76 11 15 8 18 1 2 3 0 7 8 3 20 46 4 82 4 2 121 95 3 10 2 4 18 4 15 1 28 54 28 2 9 7 0 7 3 0 2 4 6 2 1 3 18 18 10 7 5 6 18 6 6 13 7 19 2 0 79 10 55 111 23 42 16 64 7 2 9 3 16 19 3 21 16 0 14 6 4 3
10 6 12 6 17 16 5 3 1 2 1 15 0 265 406 84 77 58 25 17 212 316 46 151 314 25 636 814 88 14 39 14 167 1357 387 72 151 323 433 143 258 32 256 122 9 62 830 55 13 2 6 13 21 228 18 23 717 2850 1258 875 52 281 563 422 695 1 1321 4945 1401 101 51 15 241 41 1795 45 4 0 31 0 20 0 170 431 154 1026 1502 6 57 19 97 36 25 36 154 52 3 4 1012 507 0 1 1 1 2 1 0 1 0 0 0 3 5 3 12 3 7 2 10 15 88 20 21 6 14 1 3 1 0 3 4 0 0 0 0 5 2 0 25 75 3 10 3 2 9 1 14 0 32 102 18 1 9 1 0 4 0 0 0 1 2 0 0 1 2 9 17 11 4 8 0 1 1 4 16 23 0 1 143 9 0 5 11 12 24 1 0 1 3 1 3 20 2 3 1 0 4 0 2 0
30 13 19 13 241 194 8 10 0 9 1 33 9 202 781 1437 82 2835 89 44 42 108 48 310 54 14 199 2220 149 237 281 46 156 1257 68 29 305 392 7161 46 623 441 2740 91 64 521 314 3656 112 48 2 7 9 75 9 2 498 1319 443 491 5417 4629 8678 2418 8076 5 385 1401 8740 1289 1721 6 84 10 1408 9142 2 1 6 1 679 6 64 111 47 110 41 66 1366 266 3824 112 56 253 1407 1005 1 7 106 49 1 2 0 0 0 1 0 3 0 0 0 1 4 6 39 6 6 6 4 52 78 48 10 1 3 2 2 7 2 7 19 10 2 0 5 28 4 0 13 22 18 17 30 4 3 39 142 13 59 794 11 146 428 1 5 295 6 0 26 32 0 0 1 2 32 9 97 188 155 138 4 6 29 8 479 317 16 73 2587 167 3 4 5 36 513 19 37 89 297 0 0 1133 165 36 6 0 1 2 0 1
45 9 43 6 34 28 27 44 13 32 1 25 6 4 32 44 8 128 19 12 7 24 13 40 7 6 33 75 53 45 31 2 15 29 4 1 6 25 138 6 168 48 256 29 47 36 36 868 62 42 43 204 6 19 57 7 52 54 20 9 76 12469 1236 121 289 1 77 101 1289 2595 5538 1 17 9 97 193 5 0 7 48 2104 218 110 68 19 39 12 808 706 175 315 350 2011 1707 1031 72 7 29 20 16 2 2 6 0 0 0 0 1 0 0 1 1 0 2 2 1 0 4 1 6 4 5 4 1 5 0 1 0 0 0 1 0 3 3 1 4 0 0 8 4 2 1 3 1 2 10 1 1 2 10 5 287 220 6 0 94 114 51 281 441 3 0 0 1 0 1 2 24 35 3 0 0 2 1 41 7 201 515 133 6 1 2 3 1 34 4 535 54 1392 0 1 387 286 2 1 0 1 0 0 1
51 14 44 8 23 27 34 42 8 36 3 25 11 2 13 20 6 279 72 7 6 6 4 14 3 2 8 41 26 39 19 1 19 44 1 0 3 74 146 3 224 33 76 136 225 58 11 2265 26 83 3 35 1 7 31 8 14 38 9 5 150 2737 230 40 94 8 21 51 1721 5538 9758 6 40 9 70 1483 29 2 17 39 5328 131 51 37 1 15 5 766 2687 390 1093 145 135 526 183 52 25 26 6 9 1 0 2 0 0 0 0 0 0 0 1 0 1 0 2 0 1 5 0 3 5 3 0 1 1 2 3 1 0 2 0 1 0 0 0 4 0 0 7 6 0 1 0 2 1 24 8 1 4 38 2 282 132 4 4 80 92 42 215 314 0 0 0 0 0 1 5 33 34 25 0 1 2 0 34 12 156 494 177 6 1 7 6 3 31 8 577 54 1415 0 2 241 373 1 0 0 2 0 0 0
51 21 42 29 103 448 37 27 365 215 294 1207 63 2 4 2 2 3 5 1 460 699 24 27 62 6 2 4 99 151 27 1146 5308 130 0 0 3 16 0 6 310 4 9 166 109 8 20 2 4 22 8 23 22 43 14 31 12 687 1 2 1 2 4 2 2 27 53 15 6 1 6 3603 5688 632 1035 2 1475 215 7584 10 17 15 136 92 141 68 14 19 8 18 20 21 9 6 7 1180 3378 496 92 6 24 14 122 96 42 290 10 41 75 80 94 359 4 3 0 3 4 0 5 0 65 15 16 29 20 2 2 1 0 2 107 4 199 494 5 469 3 0 351 121 2 7 2 28 49 2 3 0 37 13 22 1 1 11 0 4 9 18 4 10 41 21 9 30 115 4 1 3 1 5 96 39 5 4 2 4 24 4 12 2 486 596 148 16 2 366 2 2 6 4 85 7 6 104 90 31 47 7 7 0
