38274 10258 11817 3393 1243 1571 8464 6650 86 463 72 1105 0 2 4 12 3 6 2 0 169 42 6 11 36 2 17 28 7064 5227 184 14 13 9 1 0 1 18 9 7 1306 3 29 2 4 9 22 4 44 10 155 269 420 539 287 485 54 7 4 2 15 21 17 10 37 7 352 25 50 114 40 138 11 15 74 1 48 0 31 32 390 35 2732 472 1339 199 80 108 62 16 32 769 195 53 59 280 102 1859 43 36 61 11 116 130 4 165 13 18 19 27 85 128 0 0 0 0 0 0 1 0 1 0 0 4 1 0 1 0 0 0 8 0 24 20 3 11 0 0 7 10 0 1 1 14 15 0 0 0 0 6 2 0 2 6 0 1 5 11 6 6 12 5 0 7 19 0 1 0 0 0 12 6 15 3 1 2 3 3 2 0 49 15 1 3 0 25 6 1 5 2 33 3 3 48 29 7 7 1 1 5
10258 8089 1166 16194 940 571 76 24 40 46 37 500 0 2 0 5 1 0 1 0 281 34 2 8 32 3 14 10 613 3428 33 26 10 1 0 0 2 5 3 6 962 3 9 1 2 0 12 3 28 4 55 51 49 88 82 307 23 2 5 2 3 9 7 7 12 0 250 20 12 23 11 216 10 11 39 1 60 1 34 7 114 17 698 340 1284 387 42 38 24 4 14 188 59 14 28 55 206 97 47 21 110 44 231 248 15 392 12 23 32 53 185 325 0 0 0 0 1 2 0 0 1 0 1 8 7 0 0 0 0 1 13 2 69 72 1 17 0 0 8 3 1 3 1 35 49 4 0 0 0 0 5 0 0 21 1 0 7 12 0 2 18 17 2 28 33 0 0 0 1 0 29 15 18 1 1 0 0 0 0 0 134 26 6 3 0 67 2 0 2 3 61 0 2 128 93 15 13 1 0 5
11817 1166 16174 6975 601 647 1584 7487 167 5877 598 16515 0 2 5 4 1 5 3 0 242 31 5 12 39 0 12 22 1242 802 35 11 15 9 3 1 2 10 6 7 909 6 23 0 8 5 18 1 44 9 108 167 230 286 159 382 31 7 3 3 12 20 11 11 19 5 233 21 35 92 42 195 9 29 61 1 62 3 31 14 237 30 1585 400 1190 242 53 92 56 9 24 507 135 27 43 57 683 738 80 24 200 52 391 427 14 529 16 32 56 87 256 442 0 0 0 0 1 1 0 0 1 0 0 15 2 0 0 0 0 0 17 3 78 80 3 11 0 0 10 6 1 2 1 49 55 1 0 0 0 0 5 0 2 18 0 1 11 21 6 5 26 11 7 25 31 0 0 0 0 0 33 13 15 3 0 4 4 1 0 0 133 10 9 4 0 73 5 1 3 7 75 0 0 172 134 26 15 1 2 0
3393 16194 6975 23088 8146 4644 46 19 97 95 57 3352 0 5 2 5 5 1 0 1 412 103 9 6 28 3 8 8 655 11330 167 19 26 12 0 0 2 4 2 5 927 5 8 1 7 4 16 0 10 6 17 28 28 24 34 276 22 1 4 1 8 1 1 15 6 2 271 26 26 9 6 303 12 14 78 2 54 0 45 1 35 7 419 355 1408 665 34 12 4 3 7 91 20 9 3 90 594 119 146 42 172 47 345 387 13 562 25 35 41 74 269 462 1 1 0 0 0 0 3 0 4 0 1 14 2 0 0 0 0 0 20 2 96 82 4 15 0 0 20 8 2 2 0 48 60 5 1 0 1 3 11 0 0 21 0 0 19 27 4 6 29 18 1 30 46 0 0 0 0 1 32 23 19 6 1 1 7 1 2 0 165 25 3 8 0 73 4 0 4 5 81 0 5 164 137 33 12 5 0 4
1243 940 601 8146 10899 8048 166 28 32 19 18 1970 3 48 22 82 9 22 7 4 584 275 42 13 57 1 29 53 3507 13649 10142 242 482 208 2 3 100 101 82 14 864 8 26 3 2 23 19 22 17 5 19 30 29 66 31 306 672 65 23 61 107 13 25 25 73 2 528 19 256 22 20 234 74 18 1395 40 35 1 48 0 46 3 518 526 1902 986 55 31 16 0 16 110 23 13 21 2748 116 149 272 794 20 5 46 43 2 87 1 1 8 16 34 70 0 3 1 3 1 2 4 4 3 1 1 8 2 2 1 0 0 0 8 0 26 26 6 7 0 0 14 13 2 1 6 10 13 3 1 0 1 34 10 0 1 4 0 1 4 8 0 7 7 5 0 7 17 0 5 6 1 0 6 8 15 3 8 16 3 0 9 1 51 25 6 5 3 26 2 1 1 0 24 1 1 41 26 7 3 1 1 8
1571 571 647 4644 8048 9407 116 70 90 141 1035 9907 5 13 4 10 7 14 7 1 528 257 34 17 59 4 15 6 1390 6285 707 1023 330 64 2 0 22 40 13 17 604 2 20 0 11 20 21 7 11 2 14 26 24 45 27 165 26 22 6 14 35 6 14 9 22 2 183 22 64 14 11 669 77 36 92 9 102 3 190 1 30 4 295 199 1036 472 21 10 9 5 16 67 10 7 11 1300 612 136 198 79 103 28 214 246 22 450 6 10 38 58 189 342 1 0 1 0 1 2 0 2 4 5 1 13 11 1 1 0 1 0 12 1 72 93 3 17 1 0 23 13 2 8 2 26 53 2 1 0 3 20 11 0 1 22 0 0 15 21 4 4 22 9 5 28 59 1 4 3 0 1 20 20 25 5 1 10 7 1 2 0 143 27 7 4 0 78 0 2 2 7 56 1 2 159 116 16 23 11 1 7
8464 76 1584 46 166 116 13068 9764 1087 4866 823 488 3 11 3 17 2 6 1 2 34 15 5 1 9 0 4 23 2537 166 119 8 10 13 2 0 13 15 20 1 116 4 3 0 22 11 3 3 8 16 54 84 593 339 275 68 29 3 1 5 15 7 19 9 23 5 31 6 46 38 10 155 6 18 73 7 92 3 29 11 91 22 1478 73 138 19 23 19 14 2 14 193 43 11 9 171 603 6252 11 39 15 4 35 37 2 51 2 1 4 6 23 41 0 0 0 1 0 0 0 0 0 0 0 5 1 1 0 0 0 0 3 0 9 26 3 5 0 0 8 0 3 1 1 7 11 0 2 0 1 6 1 0 0 4 0 0 4 0 5 10 5 1 0 3 15 0 1 2 3 0 6 7 2 1 3 3 0 0 1 1 24 10 3 1 1 20 2 1 2 1 13 0 0 31 12 1 4 0 0 2
6650 24 7487 19 28 70 9764 24358 1214 22091 2007 787 0 1 2 0 0 0 2 1 12 2 3 1 12 0 2 9 916 87 11 1 7 2 2 0 1 0 5 0 268 0 9 2 3 4 3 2 19 6 87 108 326 266 166 145 14 1 1 1 2 6 6 3 6 1 76 6 3 55 24 51 5 8 22 1 21 0 12 21 155 13 1532 154 280 18 13 35 14 4 8 309 88 20 21 20 200 1493 9 10 13 8 28 40 2 27 3 11 8 3 19 18 0 0 0 0 1 0 0 0 0 0 0 1 1 0 0 0 0 0 0 0 4 4 0 1 0 0 2 4 1 0 0 2 0 0 0 0 1 1 1 0 2 0 0 0 1 0 4 8 1 0 1 2 0 0 2 0 0 0 0 2 0 2 0 2 2 3 0 0 4 2 2 0 0 8 1 0 6 0 0 2 0 6 8 5 0 0 0 2
86 40 167 97 32 90 1087 1214 1061 2351 530 707 27 0 0 1 0 0 4 0 53 43 9 2 7 0 5 2 148 37 1 18 14 2 0 0 3 15 0 1 73 2 8 8 382 59 7 0 7 296 15 72 52 20 22 21 5 7 0 0 1 3 4 0 4 74 47 9 6 12 5 238 26 283 13 2 706 27 56 25 40 127 112 28 63 23 3 116 56 148 142 40 14 0 9 54 1771 1691 11 1 6 5 17 17 3 43 4 6 3 6 13 26 0 0 0 1 0 1 0 0 1 2 1 24 7 2 0 1 0 0 5 2 21 58 3 35 0 0 27 17 2 6 2 8 16 2 0 0 1 19 5 2 11 1 0 1 4 5 5 6 6 2 2 2 19 1 3 5 1 5 16 25 8 2 4 5 10 9 27 3 51 57 33 3 10 49 4 1 10 5 19 19 5 30 22 4 11 7 1 11
463 46 5877 95 19 141 4866 22091 2351 22931 14893 18880 1 1 1 0 0 0 1 0 28 7 1 1 7 0 4 1 415 33 6 13 21 3 0 0 1 2 1 0 124 3 1 1 12 7 3 0 10 13 31 58 199 134 82 60 3 1 1 0 0 3 0 3 4 5 32 3 5 23 5 346 4 17 8 0 92 1 47 5 66 13 782 85 145 19 9 24 11 11 12 138 39 8 9 23 2854 1773 4 6 39 9 122 113 4 127 3 15 17 21 53 71 0 0 0 0 0 0 0 0 1 0 0 0 2 0 0 0 0 0 1 0 11 7 1 3 1 0 6 2 0 2 0 4 7 0 0 0 0 1 2 0 1 6 0 0 3 4 2 4 4 3 2 5 9 0 0 0 0 0 7 5 6 1 2 0 4 3 2 0 35 9 0 1 1 20 0 0 2 0 12 2 2 31 40 4 1 1 0 1
72 37 598 57 18 1035 823 2007 530 14893 4204 6274 2 0 0 4 0 2 0 0 32 27 8 0 3 0 0 0 122 41 4 21 17 6 1 0 1 5 1 0 64 0 1 1 15 3 4 0 1 10 6 12 43 23 18 24 4 3 0 1 7 0 0 3 0 2 22 5 3 6 2 576 18 20 7 1 86 0 87 0 19 4 136 18 77 30 4 5 6 3 11 24 6 1 3 42 2120 565 25 1 60 17 131 148 7 217 3 10 28 42 113 188 0 1 0 0 2 0 0 0 1 1 1 11 0 0 0 0 0 0 8 1 38 42 1 6 0 0 5 2 0 0 0 20 24 1 0 0 0 2 1 0 0 11 0 0 1 10 2 4 8 6 1 11 12 0 2 0 0 0 8 7 13 1 1 0 4 2 3 0 61 13 4 5 0 23 2 1 3 4 31 1 2 58 81 6 4 0 0 4
1105 500 16515 3352 1970 9907 488 787 707 18880 6274 26709 39 18 15 48 20 32 32 5 1284 718 163 27 109 14 23 28 1411 2813 195 2290 3513 333 3 0 55 428 22 27 1280 4 48 37 54 121 54 20 11 26 36 68 80 113 71 311 56 310 11 22 111 21 28 43 22 8 450 86 115 35 18 4049 1212 213 721 37 467 28 938 9 76 17 687 331 1914 886 52 32 22 14 67 176 38 11 38 3818 4637 838 361 69 398 115 887 924 48 1569 41 82 140 217 691 1313 0 6 3 1 17 4 26 7 33 21 10 67 20 9 7 0 1 1 63 9 233 309 18 131 2 1 145 147 7 24 6 139 164 13 1 2 13 39 54 3 4 55 4 2 46 90 5 19 84 48 11 86 188 5 4 6 4 3 108 73 83 24 5 18 18 2 15 1 541 179 55 35 3 317 3 2 1 20 256 7 13 506 522 73 65 18 5 43
0 0 0 0 3 5 3 0 27 1 2 39 2924 0 2 6 5 32 3265 6 3 7 1 0 0 0 6 23 9 1 0 3 27 1 1 0 2 234 1 1 14 1 13 4702 1730 2784 1 9 5 188 1 3 1 1 0 1 3 1 0 0 3 7 8 4 8 1918 4 2 16 12 6 247 931 795 3 3 543 376 1601 3 16 30 6 1 5 0 1 39 31 107 190 11 2 2 22 7 63 9 1 0 1 3 0 0 0 4 0 1 0 0 0 2 1 68 253 3 2 81 7 415 19 1668 16 3 0 0 1 2 0 15 11 3 2 5 3 6 2 1 30 27 123 1 50 2 2 11 6 55 68 1474 5 17 25 0 0 6 1 1 0 4 0 0 1 2 2 2 29 47 15 212 2 4 2 3 30 131 3 5 103 14 6 36 132 0 32 24 4 22 23 0 2 49 16 10 5 0 0 0 0 0
2 2 2 5 48 13 11 1 0 1 0 18 0 9760 5916 889 78 152 201 62 65 65 538 177 27 61 2241 1458 383 114 87 8 25 33 3309 4538 303 56 168 921 1078 33 86 0 0 10 389 5 13 0 1 2 9 25 2 5 255 198 1309 569 50 9 8 126 261 3 254 582 254 2 2 17 14 53 620 12 5 2 14 0 5 1 56 30 29 45 54 3 2 1 9 19 1 2 17 107 2 19 34 76 3 7 3 0 3 10 0 0 0 0 2 1 100 56 5 58 35 118 152 43 283 715 222 41 32 15 23 27 19 48 13 5 4 13 7 21 65 17 206 336 4 260 17 1 24 25 1 0 102 30 118 4 2 3 3 0 0 0 0 1 3 3 0 4 9 43 3 53 23 3 12 22 8 37 5 17 1 1 5 0 24 134 76 13 0 29 1 0 1 7 5 5 8 6 2 2 8 2 5 27
4 0 5 2 22 4 3 2 0 1 0 15 2 5916 12949 12304 483 627 164 321 74 43 840 265 17 79 1784 3894 287 65 90 15 27 54 1460 1641 500 168 890 441 1822 112 260 5 0 46 192 14 69 0 1 0 2 21 6 5 225 147 395 125 221 32 59 127 617 1 225 444 934 20 17 12 14 56 437 69 5 0 10 0 7 1 38 18 22 28 39 6 13 4 31 60 2 10 47 72 0 16 19 51 1 3 0 0 1 4 0 0 0 0 1 5 149 86 8 96 8 149 92 53 322 887 251 45 28 13 28 34 31 80 8 2 6 6 6 14 93 24 101 184 7 307 40 1 21 40 2 2 137 104 88 2 4 0 2 1 0 1 0 1 1 0 0 3 7 65 12 72 23 4 1 11 11 33 11 35 4 2 21 4 18 91 86 6 9 32 1 1 2 2 5 10 17 7 1 0 8 4 3 28
12 5 4 5 82 10 17 0 1 0 4 48 6 889 12304 13106 814 4693 700 1988 33 47 385 516 19 63 1338 5044 465 208 125 37 73 89 420 101 276 624 1439 134 2120 412 760 9 0 147 83 30 243 2 10 10 9 33 14 3 355 178 126 41 467 78 171 202 301 4 181 193 493 38 28 20 36 39 902 60 12 4 21 0 29 5 51 20 25 16 41 21 82 17 127 320 10 65 277 216 6 30 27 52 1 8 0 1 1 3 0 2 0 0 0 5 75 307 95 25 8 251 45 385 87 1914 63 9 8 5 4 17 7 118 10 4 3 10 3 34 27 6 75 103 184 73 131 3 9 20 4 14 92 267 35 1 7 0 2 3 0 0 1 2 0 1 1 1 8 31 17 73 13 17 4 10 12 24 14 125 1 4 39 2 6 56 52 9 17 28 2 1 4 1 9 18 12 8 1 1 2 2 2 17
3 1 1 5 9 7 2 0 0 0 0 20 5 78 483 814 2876 318 837 903 65 64 321 283 30 142 138 26 20 21 8 30 53 82 51 75 2743 2539 12 280 816 48 314 5 1 26 79 2 39 2 1 0 1 2 1 3 11 30 13 20 44 21 36 56 17 1 4 19 23 10 1 16 27 56 138 2 8 2 15 0 4 0 9 4 12 6 6 5 15 6 20 30 4 19 86 41 2 3 13 6 1 7 0 0 4 13 0 0 0 2 3 6 171 73 5 93 34 58 184 21 404 192 145 82 49 33 52 29 43 79 20 13 8 25 14 41 97 51 234 365 4 540 33 1 32 55 0 2 116 30 245 7 5 1 3 1 1 4 0 0 0 1 0 5 11 107 10 90 32 2 10 37 15 62 14 17 5 0 6 1 46 161 46 27 1 84 0 1 1 12 10 13 36 8 3 2 14 10 13 55
6 0 5 1 22 14 6 0 0 0 2 32 32 152 627 4693 318 13290 7144 1216 20 31 123 776 17 37 1960 1348 109 35 24 15 67 49 194 17 223 507 3921 75 1183 261 1427 16 2 3388 29 48 199 6 10 3 0 8 10 6 53 81 16 11 4657 129 269 766 402 43 47 34 604 84 37 31 68 64 277 159 4 4 22 0 43 4 21 7 20 24 11 33 119 19 348 289 9 77 385 67 2 7 19 16 3 7 0 1 2 8 0 2 0 1 2 2 63 754 406 31 6 373 45 710 78 3210 57 10 9 5 7 34 7 256 27 13 8 13 6 28 18 4 86 110 670 46 449 1 10 45 8 62 165 1200 34 6 11 1 0 6 0 2 2 1 3 4 0 3 26 27 85 236 26 53 3 12 18 32 29 503 1 1 82 7 16 97 104 15 19 55 2 6 14 2 5 23 19 23 7 0 2 0 4 12
2 1 3 0 7 7 1 2 4 1 0 32 3265 201 164 700 837 7144 34684 4662 58 74 175 838 33 174 2645 1393 40 6 6 2 50 22 333 23 331 11832 192 422 770 138 1000 4229 70 3170 107 37 122 51 7 5 5 11 6 4 9 14 24 4 622 113 311 585 269 649 59 33 139 64 28 51 973 4595 21 46 40 29 166 4 25 10 16 9 28 21 7 39 104 53 508 157 5 64 325 20 14 0 32 3 2 15 2 0 8 27 0 13 1 8 4 13 811 1926 1456 449 32 2090 331 2747 1553 20720 981 101 54 91 108 170 86 1166 39 21 16 34 19 56 398 107 635 743 899 961 567 9 80 198 31 305 1354 2332 210 34 38 6 6 13 0 16 1 7 2 2 3 4 45 286 42 570 142 313 10 22 38 84 87 554 15 7 221 22 80 449 1748 46 49 293 6 16 18 18 6 69 116 65 24 14 14 14 9 64
0 0 0 1 4 1 2 1 0 0 0 5 6 62 321 1988 903 1216 4662 2168 25 36 199 316 13 99 276 36 21 10 11 6 27 37 87 23 507 482 18 187 571 59 307 11 0 22 27 6 47 1 1 1 1 4 0 2 9 14 5 14 68 21 47 60 23 3 12 8 33 9 2 9 44 57 79 7 3 2 8 0 2 0 2 3 7 10 3 4 8 2 22 39 2 19 74 18 0 1 9 2 0 3 0 0 1 2 0 1 0 1 0 5 155 75 13 73 11 65 62 28 248 521 111 24 11 11 19 22 17 101 3 3 2 4 5 13 88 26 89 138 5 230 21 1 21 37 2 2 99 24 67 3 1 0 1 1 1 4 0 0 2 2 1 2 4 56 2 56 23 1 3 6 6 21 12 11 2 0 13 4 17 72 51 6 3 39 0 0 2 2 4 7 25 5 1 0 7 3 3 19
169 281 242 412 584 528 34 12 53 28 32 1284 3 65 74 33 65 20 58 25 9438 6509 2231 311 598 335 183 23 219 346 219 162 587 252 22 4 91 327 2 415 1709 55 418 11 7 26 307 2 25 3 3 3 6 8 3 1173 43 148 91 30 67 23 93 164 49 1 50 225 50 17 1 605 253 120 530 8 206 15 325 0 2 3 180 27 5884 409 74 6 7 3 29 29 3 12 139 1076 138 50 579 14 8 6 10 8 0 33 1 7 0 1 7 26 6 6 0 3 20 6 40 5 56 20 25 57 29 9 7 0 2 5 34 6 12 66 26 128 6 2 175 234 5 52 0 8 33 14 0 0 21 17 102 2 3 5 0 0 6 5 0 2 16 9 0 8 32 10 3 17 7 1 25 37 44 57 7 5 1 1 6 2 80 198 38 34 4 109 0 1 4 18 33 1 3 33 21 8 19 17 6 47
42 34 31 103 275 257 15 2 43 7 27 718 7 65 43 47 64 31 74 36 6509 23983 5217 1256 7593 2254 797 64 209 162 87 158 708 351 66 3 101 477 8 3665 883 125 1651 12 5 79 928 6 70 3 8 6 13 20 7 162 20 127 104 47 114 65 366 750 142 7 212 258 141 52 5 487 341 155 511 19 173 40 292 1 11 0 172 150 5569 2249 288 12 30 6 116 73 4 33 450 879 90 22 3680 26 4 5 4 2 1 19 0 4 0 4 6 22 12 6 4 3 33 11 92 6 90 54 44 44 30 7 14 3 7 8 31 6 13 52 31 124 8 4 274 324 4 95 8 6 32 11 0 2 37 34 106 2 5 2 0 1 2 7 0 1 11 3 3 12 44 20 9 12 9 2 17 31 25 46 8 10 3 2 28 1 62 207 51 15 12 89 0 1 1 24 26 8 12 34 16 4 16 10 14 48
6 2 5 9 42 34 5 3 9 1 8 163 1 538 840 385 321 123 175 199 2231 5217 10424 7974 436 6190 949 24 78 26 17 64 485 570 43 34 276 851 18 2177 6603 1249 1684 9 7 38 377 5 155 4 2 4 3 5 8 29 13 44 122 57 94 33 82 150 13 2 59 89 43 24 6 232 245 75 191 11 115 11 145 2 12 1 24 31 250 140 15 8 33 4 37 140 2 42 214 138 34 12 133 5 3 5 1 4 1 15 0 2 0 0 0 6 20 9 5 4 17 7 57 5 77 45 39 23 17 7 6 2 11 8 21 3 7 26 12 39 13 4 95 137 4 73 4 2 17 12 3 0 23 20 89 7 2 4 0 0 1 0 0 3 3 3 0 4 24 10 5 11 7 0 11 23 25 24 7 7 4 0 8 0 29 96 23 20 3 43 2 1 4 17 10 7 8 10 11 3 9 6 2 35
11 8 12 6 13 17 1 1 2 1 0 27 0 177 265 516 283 776 838 316 311 1256 7974 9270 465 6763 4142 78 316 22 6 4 24 23 501 39 48 198 33 2167 3651 4322 3277 9 4 691 1436 10 406 1 11 19 3 68 12 41 24 8 92 17 310 26 70 197 25 4 522 259 28 31 11 19 22 40 48 21 8 1 22 2 28 4 152 164 370 469 58 29 71 9 143 301 9 66 227 17 2 11 405 17 1 3 0 0 0 0 0 0 0 1 0 0 38 25 9 19 4 50 33 22 113 354 114 10 6 6 6 3 5 17 9 3 2 5 4 13 35 6 60 84 13 83 21 0 11 16 1 0 48 99 19 2 8 0 0 0 0 0 0 1 0 0 0 2 2 13 10 24 6 3 0 6 2 7 6 40 1 1 14 1 10 32 36 4 5 17 0 0 6 3 1 6 10 0 2 1 2 1 3 2
36 32 39 28 57 59 9 12 7 7 3 109 0 27 17 19 30 17 33 13 598 7593 436 465 16552 425 526 174 1267 46 36 14 75 49 81 3 22 143 6 3383 475 20 538 7 4 29 4872 4 18 5 48 100 67 180 100 190 120 15 20 15 54 27 194 536 188 1 1687 1296 142 44 16 98 79 63 134 7 68 6 73 8 144 11 1054 534 1556 2217 5210 28 23 5 74 257 41 26 172 105 15 44 4234 609 0 4 0 0 0 5 0 7 0 3 1 2 6 1 1 5 10 6 29 4 46 25 25 23 15 8 4 0 2 4 8 1 4 24 10 50 7 2 115 141 1 38 2 4 9 7 1 1 14 22 41 0 3 3 1 0 3 2 2 3 1 3 0 1 10 6 1 7 1 1 3 22 8 15 5 11 1 1 6 0 18 76 20 3 4 30 1 0 1 4 7 9 3 10 6 1 5 1 2 15
2 3 0 3 1 4 0 0 0 0 0 14 0 61 79 63 142 37 174 99 335 2254 6190 6763 425 3419 966 8 54 4 5 3 18 11 451 3 19 166 1 6479 1416 188 583 4 0 4 477 3 34 0 3 1 0 12 1 24 7 2 25 7 13 9 37 67 3 1 134 30 5 3 1 11 24 29 7 4 4 0 11 0 4 1 51 62 215 238 9 3 7 1 11 34 2 5 68 7 2 1 271 2 0 1 0 0 0 0 0 0 0 0 0 0 23 11 0 10 6 24 29 7 78 148 73 4 2 3 6 3 3 12 1 2 2 3 2 5 20 6 46 59 0 63 1 1 4 5 0 0 25 6 23 0 1 1 0 0 0 0 0 0 0 0 0 0 1 8 0 14 4 0 1 3 0 8 1 1 1 2 2 0 6 20 10 0 1 10 0 1 0 0 0 1 5 3 0 0 2 1 0 2
17 14 12 8 29 15 4 2 5 4 0 23 6 2241 1784 1338 138 1960 2645 276 183 797 949 4142 526 966 23158 5619 1245 48 46 10 20 31 4563 352 42 115 130 2324 607 158 871 10 1 799 1138 5 36 3 8 16 10 209 23 60 242 41 373 62 129 19 67 1651 275 4 1598 692 105 15 7 15 31 76 134 7 22 3 28 1 19 3 360 372 405 729 131 15 11 0 49 74 17 10 65 24 9 37 715 82 1 0 0 0 2 1 0 1 0 0 1 1 73 110 26 54 8 212 54 213 197 1361 228 15 3 8 14 18 11 51 9 2 4 8 3 18 60 14 103 110 65 127 43 1 15 19 1 0 107 319 44 1 3 1 2 1 0 2 0 0 0 0 0 2 6 29 22 57 11 9 1 6 5 11 8 75 6 3 22 2 8 62 101 5 4 21 0 0 1 4 1 5 9 11 1 1 3 3 4 6
28 10 22 8 53 6 23 9 2 1 0 28 23 1458 3894 5044 26 1348 1393 36 23 64 24 78 174 8 5619 11552 2298 336 210 8 23 56 571 239 24 59 4846 60 130 19 78 4 1 1843 307 30 12 6 8 17 37 296 23 27 1153 160 357 85 699 46 59 354 918 22 2063 925 919 22 28 33 17 32 477 46 21 4 22 1 30 6 348 203 192 391 169 17 27 4 80 57 16 9 29 112 11 83 304 241 1 12 2 0 2 13 0 2 0 0 0 5 40 290 198 23 5 252 25 868 57 1868 62 5 4 2 4 15 2 83 34 8 4 16 7 19 13 2 57 80 472 36 318 2 11 22 1 17 60 2345 23 7 5 1 0 2 1 1 0 1 0 2 0 7 12 10 155 167 19 35 8 13 21 15 20 551 4 2 69 4 12 41 39 19 15 19 3 1 5 1 3 7 14 23 6 1 2 3 1 5
7064 613 1242 655 3507 1390 2537 916 148 415 122 1411 9 383 287 465 20 109 40 21 219 209 78 316 1267 54 1245 2298 30297 9526 3502 118 287 286 158 45 231 139 641 258 575 24 468 7 10 115 301 77 65 13 143 251 2377 9567 758 224 5641 94 123 147 325 149 792 629 1630 5 3636 615 2113 118 76 1705 129 112 2067 122 659 5 351 17 242 33 6551 4044 967 310 2349 59 85 17 171 558 150 66 268 2362 410 8974 1069 2663 101 29 137 158 25 396 10 23 18 45 184 390 2 4 12 3 8 5 6 16 11 36 10 70 33 10 5 1 1 2 42 7 158 331 21 105 2 2 82 36 25 14 26 55 99 14 11 0 5 178 40 7 10 29 1 7 40 55 7 25 75 40 4 45 176 3 29 23 14 2 84 70 131 23 25 109 25 1 57 10 476 191 55 31 25 308 0 4 15 5 204 20 24 355 113 23 49 21 5 47
5227 3428 802 11330 13649 6285 166 87 37 33 41 2813 1 114 65 208 21 35 6 10 346 162 26 22 46 4 48 336 9526 18585 6018 80 136 203 5 9 143 96 189 25 840 12 50 2 1 29 35 26 46 7 68 95 98 329 61 349 1956 32 49 89 121 43 95 50 252 2 1143 55 550 60 33 363 45 14 1090 50 89 1 78 8 112 15 968 541 1599 642 91 44 33 2 30 310 62 26 52 2926 158 343 160 736 35 12 66 80 8 169 4 16 13 19 78 153 0 8 5 0 2 1 2 12 1 7 0 7 6 0 1 0 0 1 16 0 38 45 3 6 0 0 15 20 14 5 16 17 26 2 0 3 1 55 9 2 6 11 1 1 12 20 7 9 16 5 1 15 39 0 7 12 2 2 12 12 22 5 7 33 7 1 25 3 90 26 10 3 5 44 7 3 4 3 53 3 1 127 42 9 8 3 3 5
184 33 35 167 10142 707 119 11 1 6 4 195 0 87 90 125 8 24 6 11 219 87 17 6 36 5 46 210 3502 6018 15683 31 70 170 10 9 126 72 135 15 522 1 26 0 1 10 23 21 4 0 10 20 35 86 28 177 10859 38 57 124 95 20 35 27 109 0 2024 143 325 24 12 53 12 8 3829 27 14 0 14 4 40 5 423 520 1200 944 290 5 4 6 17 60 21 4 14 5643 6 132 296 5411 1 1 5 7 1 12 0 1 0 1 9 11 1 2 2 0 3 1 1 0 2 3 2 6 1 0 1 0 1 1 4 0 4 4 1 5 0 0 9 10 2 0 6 5 5 0 0 0 0 34 1 1 1 1 0 0 3 3 0 3 4 0 0 0 5 0 5 0 0 0 4 7 2 2 5 14 2 0 6 3 13 3 6 1 3 11 0 1 1 1 1 3 2 9 7 1 2 1 0 1
14 26 11 19 242 1023 8 1 18 13 21 2290 3 8 15 37 30 15 2 6 162 158 64 4 14 3 10 8 118 80 31 3370 2977 1207 0 1 100 243 13 7 117 4 8 2 3 29 12 5 4 2 2 5 4 13 2 24 18 3054 9 213 111 8 14 13 15 0 45 30 78 10 5 774 205 36 2819 19 31 2 175 0 9 2 66 27 168 84 22 0 4 1 5 18 4 1 9 4882 88 16 41 28 2 3 10 11 2 27 1 4 1 2 11 26 1 1 3 0 3 0 3 2 5 6 3 7 4 2 1 1 1 1 2 1 8 30 3 13 1 1 33 23 5 1 3 5 6 2 0 0 2 25 9 1 2 2 0 0 2 1 1 2 4 5 1 2 13 2 3 1 2 1 7 12 11 1 1 6 2 1 1 1 28 31 10 1 1 28 1 0 0 3 15 1 2 21 9 1 5 1 0 2
13 10 15 26 482 330 10 7 14 21 17 3513 27 25 27 73 53 67 50 27 587 708 485 24 75 18 20 23 287 136 70 2977 8059 3150 3 4 175 2107 24 37 475 9 62 28 39 174 53 14 5 11 31 25 26 30 48 81 32 2165 33 206 241 18 34 37 29 2 141 138 154 19 23 3352 3053 248 4516 57 143 23 744 4 58 5 274 108 453 204 53 11 14 4 43 73 24 4 34 3906 109 25 142 37 9 9 7 7 2 41 2 21 1 12 4 25 5 5 6 3 27 4 27 13 38 16 20 59 30 7 5 2 3 4 50 6 16 107 46 268 2 1 244 280 13 42 8 22 57 9 2 1 20 73 122 2 1 12 0 1 14 12 1 6 23 19 4 17 81 2 5 21 8 2 36 65 92 61 6 16 12 3 12 1 100 313 56 41 2 169 0 2 0 15 75 0 8 41 43 11 23 22 10 73
9 1 9 12 208 64 13 2 2 3 6 333 1 33 54 89 82 49 22 37 252 351 570 23 49 11 31 56 286 203 170 1207 3150 7904 162 248 1342 1669 22 35 360 5 26 1 5 39 304 3 3 2 7 5 18 15 19 23 210 3595 1240 3092 92 3 4 14 19 1 80 847 56 11 5 376 323 110 6114 10 110 22 101 1 17 1 146 33 153 85 112 5 6 0 12 34 15 2 8 838 19 17 49 96 8 27 3 8 6 20 2 35 0 7 5 23 4 3 1 2 33 2 51 5 51 14 19 86 66 10 15 4 6 6 82 8 15 142 73 381 6 0 343 399 6 62 7 15 76 8 1 4 26 17 236 0 0 10 1 3 13 24 1 7 20 20 3 18 106 22 4 19 19 0 44 97 142 177 6 12 9 2 4 2 139 435 56 109 2 208 0 0 1 34 83 4 11 45 60 20 55 23 16 130
1 0 3 0 2 2 2 2 0 0 1 3 1 3309 1460 420 51 194 333 87 22 66 43 501 81 451 4563 571 158 5 10 0 3 162 6285 3186 248 86 25 3528 65 13 203 2 0 8 1213 1 4 0 4 2 4 21 0 4 57 49 3098 352 4 1 3 181 93 0 218 427 53 1 0 6 4 30 74 2 3 0 14 1 4 1 53 38 49 75 27 0 1 0 3 5 1 2 5 3 4 7 81 25 0 2 1 0 0 3 0 1 0 0 0 4 69 44 4 51 14 88 78 21 174 484 137 32 12 13 16 16 8 43 8 1 1 9 4 25 43 17 102 185 0 176 11 0 17 21 1 3 72 18 63 2 3 0 0 0 1 0 0 0 1 1 0 1 2 34 3 45 6 0 2 12 4 23 2 5 1 1 4 0 13 68 46 6 0 21 0 2 0 3 4 1 3 5 4 0 3 6 3 12
0 0 1 0 3 0 0 0 0 0 0 0 0 4538 1641 101 75 17 23 23 4 3 34 39 3 3 352 239 45 9 9 1 4 248 3186 1973 321 45 13 596 35 2 18 0 0 0 181 3 1 0 2 0 1 2 0 0 29 49 2652 278 2 0 3 26 26 0 29 197 20 0 1 0 2 5 69 1 1 2 1 0 0 0 11 2 1 5 5 0 0 0 2 3 2 0 0 2 0 2 6 6 0 0 1 0 0 0 0 0 0 0 0 0 10 9 1 0 1 10 5 2 31 64 33 5 4 2 3 1 2 3 1 0 0 0 1 4 6 2 15 18 1 26 0 1 3 5 0 0 8 3 10 1 0 0 0 0 0 1 0 0 0 0 0 2 3 10 0 5 0 0 0 2 1 6 1 1 1 0 0 0 0 18 5 3 1 4 0 0 0 0 0 0 1 0 0 0 0 2 0 2
1 2 2 2 100 22 13 1 3 1 1 55 2 303 500 276 2743 223 331 507 91 101 276 48 22 19 42 24 231 143 126 100 175 1342 248 321 4487 3232 2 97 458 12 40 4 0 41 275 3 2 5 1 5 9 6 2 4 182 905 1334 963 85 2 7 19 15 2 50 516 16 4 0 41 35 38 1969 4 17 27 43 0 0 1 30 8 44 22 58 4 0 0 6 5 1 1 5 338 5 11 13 57 4 6 3 4 6 14 0 2 1 3 5 11 13 9 3 11 37 19 99 9 132 36 51 60 51 18 23 6 12 14 37 7 9 27 31 117 6 9 223 406 5 136 5 4 21 26 2 2 29 22 233 6 0 4 1 0 3 11 2 2 4 6 0 6 17 30 4 25 5 5 17 40 36 118 3 16 2 1 5 1 61 226 37 39 3 80 1 0 1 20 16 3 10 11 6 3 28 15 23 64
18 5 10 4 101 40 15 0 15 2 5 428 234 56 168 624 2539 507 11832 482 327 477 851 198 143 166 115 59 139 96 72 243 2107 1669 86 45 3232 13787 14 540 993 31 316 860 72 2012 441 47 35 39 7 16 17 11 22 24 101 661 267 403 470 31 67 95 40 104 48 420 88 21 40 488 2677 1558 1810 92 183 179 289 4 25 7 85 31 184 90 65 22 53 25 394 70 8 16 112 459 43 22 70 36 27 89 8 10 24 82 2 58 5 33 16 65 255 145 71 156 160 200 720 187 1214 1074 571 405 304 109 154 84 103 132 268 67 67 252 148 763 184 80 1896 2280 73 1333 79 34 222 159 13 23 416 497 1435 23 22 13 6 10 15 53 0 10 35 46 7 66 200 300 40 260 89 53 125 274 352 736 54 124 21 9 118 17 473 1859 453 309 37 803 3 13 21 144 147 40 66 115 150 50 152 122 112 504
9 3 6 2 82 13 20 5 0 1 1 22 1 168 890 1439 12 3921 192 18 2 8 18 33 6 1 130 4846 641 189 135 13 24 22 25 13 2 14 8097 7 101 29 83 2 0 500 33 137 14 3 3 4 22 53 10 3 421 84 42 17 8519 101 64 65 2008 13 266 170 5418 58 59 12 10 5 496 559 4 3 1 0 49 0 68 24 19 26 43 11 31 3 110 27 7 13 45 155 3 35 12 66 2 5 0 0 1 4 0 2 0 0 0 3 3 149 102 5 2 83 10 378 9 591 8 4 2 3 2 7 1 28 25 5 6 4 0 10 3 0 26 42 279 12 169 0 3 10 8 9 15 1326 12 4 11 0 2 2 1 0 0 0 1 1 0 2 3 8 72 87 20 16 2 4 7 7 32 355 1 3 68 12 5 13 11 5 23 7 2 1 3 1 3 13 13 17 2 1 2 2 0 2
7 6 7 5 14 17 1 0 1 0 0 27 1 921 441 134 280 75 422 187 415 3665 2177 2167 3383 6479 2324 60 258 25 15 7 37 35 3528 596 97 540 7 6455 651 52 639 23 1 32 3730 3 15 2 7 11 5 47 6 51 39 16 657 110 21 5 37 256 31 2 587 307 23 11 3 22 115 102 66 1 17 2 35 0 10 2 175 215 523 684 68 5 5 0 20 38 4 4 56 30 1 12 795 26 1 1 0 0 1 5 0 2 0 0 0 3 141 95 1 99 22 84 186 32 442 709 354 35 31 25 38 27 22 91 6 3 4 15 8 19 134 42 205 338 5 374 25 3 36 47 0 1 134 34 109 10 2 1 0 0 2 1 0 1 3 1 0 1 9 83 4 103 27 4 3 21 2 24 12 22 2 0 15 1 17 147 72 15 3 45 2 0 0 6 6 7 19 9 3 1 6 2 5 17
1306 962 909 927 864 604 116 268 73 124 64 1280 14 1078 1822 2120 816 1183 770 571 1709 883 6603 3651 475 1416 607 130 575 840 522 117 475 360 65 35 458 993 101 651 7991 4077 3187 34 32 793 312 121 2771 57 193 118 16 43 226 1413 152 135 171 102 903 250 196 211 98 33 241 201 228 269 263 977 262 150 789 129 474 17 403 14 317 75 413 109 645 176 425 555 1221 171 1272 4090 170 759 1279 919 205 95 229 176 18 11 22 26 14 90 0 15 2 10 42 107 15 8 14 2 16 16 34 19 42 77 36 57 36 8 12 6 7 10 40 9 52 203 26 152 6 6 141 127 11 65 9 28 56 21 12 3 12 121 98 29 50 18 1 11 4 43 9 26 28 23 1 25 139 17 24 22 25 4 35 56 103 47 52 65 36 33 98 10 278 193 48 36 50 211 29 10 81 17 85 77 42 109 41 9 31 15 11 62
3 3 6 5 8 2 4 0 2 3 0 4 1 33 112 412 48 261 138 59 55 125 1249 4322 20 188 158 19 24 12 1 4 9 5 13 2 12 31 29 52 4077 5276 4845 3 1 225 42 12 1038 4 8 6 1 0 15 12 9 1 6 0 265 16 29 28 20 1 38 10 35 26 13 7 5 4 21 27 4 0 2 0 25 2 14 10 34 31 3 29 66 14 261 326 13 52 114 12 0 1 29 1 0 1 0 0 0 0 0 0 0 0 0 1 2 1 1 1 0 3 2 1 7 20 4 1 1 1 0 0 0 0 0 1 0 0 0 2 1 0 3 9 4 1 4 0 1 1 0 0 3 31 1 5 2 0 0 0 0 0 0 6 0 0 0 0 0 0 4 3 1 0 0 1 0 1 4 13 0 2 11 2 1 3 4 0 11 1 0 2 4 0 1 0 4 2 0 0 0 0 0 1
29 9 23 8 26 20 3 9 8 1 1 48 13 86 260 760 314 1427 1000 307 418 1651 1684 3277 538 583 871 78 468 50 26 8 62 26 203 18 40 316 83 639 3187 4845 6611 28 26 3517 702 144 2674 34 36 27 6 89 44 52 40 28 53 4 2582 215 700 4786 332 59 655 192 630 162 76 40 87 30 110 438 40 5 65 4 85 13 216 210 570 612 67 104 311 87 3713 1187 30 342 1822 80 13 18 649 23 2 4 1 0 1 8 0 0 0 0 0 2 38 29 42 17 3 42 34 43 82 280 82 11 4 4 5 6 4 17 23 7 4 5 5 22 21 6 45 75 38 67 61 0 9 30 17 3 45 731 34 36 62 0 4 19 1 2 3 7 0 3 0 5 7 22 113 75 61 41 4 14 7 16 170 288 7 13 348 65 8 47 35 10 198 19 5 10 23 0 0 113 63 13 2 0 1 3 2 7
2 1 0 1 3 0 0 2 8 1 1 37 4702 0 5 9 5 16 4229 11 11 12 9 9 7 4 10 4 7 2 0 2 28 1 2 0 4 860 2 23 34 3 28 7631 1684 1744 15 13 10 373 10 32 0 0 0 2 0 1 3 2 15 19 22 4 4 328 6 6 16 14 10 153 1856 2243 2 12 365 2822 2499 20 37 75 6 1 8 1 2 66 71 171 462 10 2 2 54 12 23 6 2 0 0 5 0 0 0 2 0 1 0 0 0 2 42 34 32 19 6 114 61 82 197 809 146 21 11 11 13 15 8 23 2 1 2 7 4 3 31 11 162 183 22 81 18 1 10 16 8 3 114 311 38 18 36 0 1 7 2 4 2 10 4 0 0 2 1 15 8 30 18 43 2 6 2 11 43 42 6 11 114 20 31 120 218 6 49 50 6 22 26 4 4 64 28 4 3 0 2 6 3 13
4 2 8 7 2 11 22 3 382 12 15 54 1730 0 0 0 1 2 70 0 7 5 7 4 4 0 1 1 10 1 1 3 39 5 0 0 0 72 0 1 32 1 26 1684 4984 830 1 16 11 3788 18 85 8 1 3 1 0 1 0 0 11 18 19 7 5 2188 5 7 27 28 17 488 450 535 4 10 4415 901 2635 84 97 552 6 3 6 4 1 538 204 1782 2208 32 5 11 54 14 964 154 2 0 1 2 1 0 2 2 0 2 0 0 0 2 0 4 75 0 0 3 1 9 6 27 3 2 1 1 2 0 0 1 12 3 1 0 1 4 0 0 18 11 10 1 13 1 4 20 25 7 18 726 1 52 107 2 4 16 11 8 19 54 0 4 0 4 3 2 69 31 38 344 2 6 4 2 104 135 34 39 491 37 2 13 7 2 128 17 35 55 130 0 2 251 61 6 2 0 0 1 0 2
9 0 5 4 23 20 11 4 59 7 3 121 2784 10 46 147 26 3388 3170 22 26 79 38 691 29 4 799 1843 115 29 10 29 174 39 8 0 41 2012 500 32 793 225 3517 1744 830 7152 20 177 228 387 16 17 5 11 20 11 29 25 7 3 2570 316 530 2386 1361 3550 82 15 470 173 101 294 2063 202 85 300 514 155 1288 9 98 64 40 18 46 56 14 216 382 352 4145 354 25 129 838 96 200 43 34 7 12 65 2 0 7 38 0 22 1 3 3 10 21 848 1983 38 9 208 41 1016 97 3163 67 10 11 15 12 45 7 150 262 112 24 27 12 53 12 6 132 152 1752 36 1671 5 19 179 193 165 268 11107 45 78 141 3 10 45 4 4 6 21 8 13 2 26 37 27 841 956 184 1170 27 82 63 53 246 3260 15 38 1182 95 36 129 113 108 279 234 25 83 95 5 18 263 168 65 40 20 8 5 8 32
22 12 18 16 19 21 3 3 7 3 4 54 1 389 192 83 79 29 107 27 307 928 377 1436 4872 477 1138 307 301 35 23 12 53 304 1213 181 275 441 33 3730 312 42 702 15 1 20 7439 2 9 7 8 12 15 77 20 44 118 174 1026 215 27 4 56 422 84 2 870 3191 47 7 2 59 130 151 212 6 91 57 138 1 15 2 221 280 531 968 821 3 9 2 12 44 8 6 50 40 15 6 1125 97 8 15 1 1 5 27 0 6 0 1 0 20 61 35 0 48 104 37 280 17 432 183 277 101 74 44 37 18 14 35 54 9 16 58 51 170 62 21 564 1009 12 370 13 4 64 33 0 2 115 35 327 2 2 6 2 2 1 5 0 0 10 10 1 11 27 83 5 63 17 0 25 75 36 122 8 25 4 1 3 0 97 395 87 43 4 115 1 1 4 32 34 2 21 15 10 2 30 34 16 98
4 3 1 0 22 7 3 2 0 0 0 20 9 5 14 30 2 48 37 6 2 6 5 10 4 3 5 30 77 26 21 5 14 3 1 3 3 47 137 3 121 12 144 13 16 177 2 14436 55 156 18 8 1 2 0 1 28 13 2 3 716 8647 597 70 116 24 25 3 2476 998 7580 16 31 3 84 8160 8 2 22 7 772 27 7 4 2 1 7 1043 4804 99 2344 160 21 63 278 42 5 8 12 6 6 13 2 1 4 16 0 9 0 1 0 9 2 2 61 7 3 7 5 30 26 56 12 9 9 5 18 5 11 0 58 14 9 3 1 4 0 2 21 19 7 25 12 11 14 210 111 32 61 399 22 956 1786 23 28 297 4 49 19 49 1 1 0 7 11 4 83 78 560 96 3 36 10 6 1086 173 232 313 1672 270 6 31 24 20 1036 90 126 192 889 9 2 2226 1283 25 17 5 3 5 10 17
44 28 44 10 17 11 8 19 7 10 1 11 5 13 69 243 39 199 122 47 25 70 155 406 18 34 36 12 65 46 4 4 5 3 4 1 2 35 14 15 2771 1038 2674 10 11 228 9 55 9723 19 64 24 1 2 8 16 8 5 2 1 254 150 120 30 35 18 41 12 124 150 105 25 10 13 32 91 25 3 24 6 118 28 22 13 26 26 27 161 565 84 881 6839 55 2641 5214 8 8 8 16 2 0 1 0 0 0 1 0 0 0 0 0 2 0 1 2 0 0 2 4 5 2 18 0 0 0 1 0 0 0 0 2 0 0 2 0 3 0 0 8 3 3 1 4 0 1 5 3 0 1 61 0 20 29 1 0 9 3 0 2 13 1 0 0 0 6 0 3 2 14 8 1 2 5 1 56 25 5 8 78 13 7 2 4 0 49 4 4 4 36 1 1 44 24 4 3 0 1 0 1 3
10 4 9 6 5 2 16 6 296 13 10 26 188 0 0 2 2 6 51 1 3 3 4 1 5 0 3 6 13 7 0 2 11 2 0 0 5 39 3 2 57 4 34 373 3788 387 7 156 19 9195 228 1882 5 2 16 1 1 0 1 1 27 141 53 10 7 1564 5 10 52 134 83 159 151 1424 7 93 3146 325 692 1321 601 5853 16 2 5 1 6 4171 1228 5899 3016 116 31 27 67 11 939 140 2 2 5 2 0 0 1 2 1 0 0 0 0 3 1 2 25 2 0 1 1 9 3 14 1 2 0 1 0 1 1 2 12 6 1 4 1 3 0 0 4 6 4 4 5 6 4 22 20 5 8 207 5 168 367 2 5 39 70 42 90 286 4 0 0 1 1 1 28 14 86 90 2 2 4 2 156 42 120 153 527 67 3 7 5 3 186 20 126 269 536 0 1 708 162 4 3 1 0 4 1 4
155 55 108 17 19 14 54 87 15 31 6 36 1 1 1 10 1 10 7 1 3 8 2 11 48 3 8 8 143 68 10 2 31 7 4 2 1 7 3 7 193 8 36 10 18 16 8 18 64 228 10143 16775 7 19 848 72 10 6 2 1 17 43 18 9 14 114 75 14 28 703 80 84 12 100 96 9 135 4 47 847 3956 801 421 33 25 26 105 554 82 56 116 5398 7173 104 73 15 34 29 33 37 1 0 0 1 0 1 1 2 0 0 3 10 0 0 1 0 0 2 0 0 2 1 0 5 1 0 0 0 0 0 5 0 8 22 2 13 0 0 5 7 0 3 0 4 7 5 3 0 0 9 2 6 17 0 0 5 246 160 411 356 19 2 2 1 14 0 0 1 4 4 2 6 10 1 7 2 47 23 19 5 27 15 11 1 17 23 121 20 156 4 18 22 10 18 8 1 1 1 1 6
269 51 167 28 30 26 84 108 72 58 12 68 3 2 0 10 0 3 5 1 3 6 4 19 100 1 16 17 251 95 20 5 25 5 2 0 5 16 4 11 118 6 27 32 85 17 12 8 24 1882 16775 31486 10 20 568 74 19 14 1 2 19 22 13 10 19 860 80 19 27 441 74 132 34 638 174 11 667 53 116 8783 10308 4017 588 50 37 32 207 2108 177 183 145 2392 4630 24 23 29 219 66 54 54 13 3 6 4 3 13 2 6 0 1 5 14 0 1 1 0 0 1 1 0 1 0 0 10 8 3 0 0 1 1 4 2 8 35 5 24 0 0 17 7 2 0 0 24 7 2 5 5 4 16 7 12 25 3 0 17 1610 937 2340 1327 131 0 2 3 29 1 1 2 6 19 8 10 26 3 17 7 144 46 35 3 48 44 29 13 11 59 446 89 487 3 60 63 15 30 14 8 2 0 0 8
420 49 230 28 29 24 593 326 52 199 43 80 1 9 2 9 1 0 5 1 6 13 3 3 67 0 10 37 2377 98 35 4 26 18 4 1 9 17 22 5 16 1 6 0 8 5 15 1 1 5 7 10 6387 3404 5828 5 54 6 7 7 13 2 9 9 33 1 50 48 38 4 2 101 20 31 170 4 80 1 39 2 6 2 605 83 9 5 143 2 3 1 6 18 3 0 8 55 59 4979 45 45 3 1 0 5 1 5 2 2 0 4 5 12 1 1 0 0 3 0 0 1 1 0 0 9 6 0 0 0 0 0 11 0 12 34 6 33 0 0 19 12 3 2 1 4 4 1 0 1 1 3 8 0 0 1 0 0 1 2 0 0 2 2 0 2 20 1 1 2 0 1 10 4 16 9 1 1 0 1 0 0 37 42 11 7 0 39 0 0 0 4 8 1 2 31 8 2 10 1 1 19
539 88 286 24 66 45 339 266 20 134 23 113 1 25 21 33 2 8 11 4 8 20 5 68 180 12 209 296 9567 329 86 13 30 15 21 2 6 11 53 47 43 0 89 0 1 11 77 2 2 2 19 20 3404 8946 244 13 305 9 7 7 27 20 124 117 229 1 1647 92 197 7 3 208 21 28 163 10 134 3 85 2 11 1 5320 3368 91 30 373 3 3 0 26 41 12 4 41 80 46 980 204 280 9 2 4 9 1 21 0 1 2 4 5 22 0 2 0 0 0 1 2 4 1 3 1 17 2 1 1 0 0 0 5 2 14 41 4 34 1 0 10 11 2 0 1 2 14 1 0 2 1 21 8 2 0 1 1 0 1 5 0 1 11 5 0 6 35 0 3 0 0 1 12 11 23 3 1 10 0 0 6 0 74 31 17 9 1 49 0 0 0 3 26 3 1 35 8 2 6 6 4 12
287 82 159 34 31 27 275 166 22 82 18 71 0 2 6 14 1 10 6 0 3 7 8 12 100 1 23 23 758 61 28 2 48 19 0 0 2 22 10 6 226 15 44 0 3 20 20 0 8 16 848 568 5828 244 17673 317 35 18 3 5 22 3 9 15 21 10 74 39 32 48 8 124 24 39 217 2 84 1 56 55 389 42 5403 148 16 15 159 44 5 7 22 1106 149 2 5 27 46 1681 42 50 4 2 4 2 1 11 1 4 2 3 4 16 0 0 1 0 2 1 1 0 4 0 2 6 5 1 1 0 0 0 10 0 15 42 2 37 0 0 20 11 0 7 1 3 15 1 0 0 1 5 12 1 1 4 0 0 12 6 18 9 8 3 1 4 24 2 0 0 0 0 7 9 11 7 2 3 3 0 3 0 51 48 10 6 2 26 6 0 8 5 16 1 0 19 7 1 5 3 2 15
485 307 382 276 306 165 68 145 21 60 24 311 1 5 5 3 3 6 4 2 1173 162 29 41 190 24 60 27 224 349 177 24 81 23 4 0 4 24 3 51 1413 12 52 2 1 11 44 1 16 1 72 74 5 13 317 2890 42 13 7 5 10 8 24 41 26 2 182 39 30 22 9 248 42 37 219 4 163 1 96 5 79 10 2542 96 1465 162 239 15 6 0 15 440 55 9 25 203 52 35 141 73 6 3 2 6 1 23 1 6 3 3 8 28 1 2 0 0 5 1 2 0 2 1 3 27 8 2 1 0 0 0 5 0 25 60 11 34 1 0 38 31 1 8 0 7 15 2 1 1 0 5 22 1 1 1 1 0 5 3 3 2 13 5 0 7 36 2 2 1 2 0 17 17 25 8 1 2 0 1 4 1 79 48 14 10 1 57 1 1 4 7 23 3 4 48 12 1 9 7 2 15
54 23 31 22 672 26 29 14 5 3 4 56 3 255 225 355 11 53 9 9 43 20 13 24 120 7 242 1153 5641 1956 10859 18 32 210 57 29 182 101 421 39 152 9 40 0 0 29 118 28 8 1 10 19 54 305 35 42 6996 62 124 190 144 33 127 81 609 0 4386 549 948 21 25 62 8 12 2882 50 28 0 20 2 27 3 361 183 223 650 1547 9 10 0 22 49 12 9 47 1204 17 146 949 4609 1 2 2 2 1 15 0 1 0 1 0 11 2 0 4 2 2 2 3 2 5 12 4 6 1 0 0 1 0 1 2 1 4 11 3 19 0 0 9 13 12 0 12 1 3 1 0 0 3 72 6 1 4 1 0 1 1 1 1 1 5 0 0 3 13 1 13 8 4 1 2 5 6 1 11 27 0 0 25 5 20 14 2 6 13 14 1 1 2 1 7 3 2 10 4 4 0 0 0 2
7 2 7 1 65 22 3 1 7 1 3 310 1 198 147 178 30 81 14 14 148 127 44 8 15 2 41 160 94 32 38 3054 2165 3595 49 49 905 661 84 16 135 1 28 1 1 25 174 13 5 0 6 14 6 9 18 13 62 5312 729 4236 213 12 19 27 57 0 39 1397 158 12 8 191 150 35 7289 43 29 8 43 0 22 2 78 23 110 69 81 5 9 0 17 22 9 0 20 951 16 10 36 45 3 4 3 0 0 14 0 5 1 2 1 13 3 2 2 1 11 6 12 5 12 11 3 45 20 6 4 1 4 5 33 9 6 61 40 143 1 1 123 115 8 21 4 8 31 3 0 0 6 40 61 1 2 8 0 2 4 5 2 4 14 2 1 8 47 6 1 10 3 1 12 41 58 50 2 12 7 3 5 2 55 134 16 28 3 51 1 1 3 18 33 1 3 25 8 9 19 7 5 39
4 5 3 4 23 6 1 1 0 1 0 11 0 1309 395 126 13 16 24 5 91 104 122 92 20 25 373 357 123 49 57 9 33 1240 3098 2652 1334 267 42 657 171 6 53 3 0 7 1026 2 2 1 2 1 7 7 3 7 124 729 5681 1413 17 2 3 61 58 0 53 1720 48 1 0 12 32 42 622 5 12 41 31 0 1 2 15 7 44 37 37 0 0 0 3 4 0 0 8 62 3 6 30 35 1 10 0 1 3 16 1 1 0 0 1 6 39 11 0 19 64 16 190 3 220 55 109 74 54 20 30 9 10 22 36 7 6 29 23 73 24 10 348 525 5 219 7 1 30 22 1 3 53 23 265 0 2 5 1 1 3 2 0 4 4 4 0 6 12 47 3 28 10 1 13 45 15 92 8 17 3 0 5 0 45 200 28 21 2 47 0 0 1 22 16 1 11 15 1 1 20 18 12 49
2 2 3 1 61 14 5 1 0 0 1 22 0 569 125 41 20 11 4 14 30 47 57 17 15 7 62 85 147 89 124 213 206 3092 352 278 963 403 17 110 102 0 4 2 0 3 215 3 1 1 1 2 7 7 5 5 190 4236 1413 1113 13 0 1 13 9 1 47 879 27 1 1 24 21 12 3657 3 7 6 15 0 3 1 28 5 29 13 101 0 0 0 2 4 2 0 3 182 0 7 11 76 5 5 3 0 3 4 1 5 0 3 1 2 6 4 1 0 11 4 26 1 38 10 14 24 12 7 4 0 4 6 26 7 5 33 16 94 5 4 80 105 3 41 2 4 11 6 0 0 9 4 77 0 1 2 1 0 3 4 0 3 3 3 0 2 23 15 3 9 5 1 11 19 34 57 1 4 1 0 0 0 28 91 7 28 0 37 0 1 0 4 10 2 4 7 8 5 8 5 7 30
15 3 12 8 107 35 15 2 1 0 7 111 3 50 221 467 44 4657 622 68 67 114 94 310 54 13 129 699 325 121 95 111 241 92 4 2 85 470 8519 21 903 265 2582 15 11 2570 27 716 254 27 17 19 13 27 22 10 144 213 17 13 13254 578 847 1383 1348 36 154 48 9437 312 361 80 125 15 959 10183 17 18 51 5 183 5 72 37 73 72 48 80 412 40 1487 360 26 118 979 343 11 27 75 38 6 37 1 0 7 14 0 2 0 5 1 9 10 78 301 10 10 23 38 115 58 217 21 16 23 7 5 7 3 32 128 59 17 26 17 78 6 1 111 150 261 35 328 3 20 66 111 21 46 1853 69 45 70 0 1 29 1 5 4 10 10 11 2 12 29 22 287 259 111 130 18 48 47 67 208 1192 11 19 636 78 22 115 21 61 257 68 9 27 39 11 19 123 85 26 18 5 13 6 7 34
21 9 20 1 13 6 7 6 3 3 0 21 7 9 32 78 21 129 113 21 23 65 33 26 27 9 19 46 149 43 20 8 18 3 1 0 2 31 101 5 250 16 215 19 18 316 4 8647 150 141 43 22 2 20 3 8 33 12 2 0 578 15884 9132 312 308 30 84 8 3551 8821 3453 12 24 10 87 1007 18 5 25 10 524 54 32 29 54 48 12 548 2085 151 1775 1270 164 2129 2351 48 7 9 50 5 4 10 3 1 3 3 1 6 0 2 3 2 1 1 41 4 2 11 4 14 11 52 10 3 4 1 12 1 3 1 28 11 5 5 0 3 1 2 8 12 7 18 10 10 14 123 70 20 21 281 7 976 1529 17 26 183 18 71 31 194 1 1 0 1 2 4 46 48 348 39 4 17 10 8 628 124 333 447 1000 120 6 19 23 17 474 44 297 156 1433 1 1 2206 1144 12 12 2 0 6 7 9
17 7 11 1 25 14 19 6 4 0 0 28 8 8 59 171 36 269 311 47 93 366 82 70 194 37 67 59 792 95 35 14 34 4 3 3 7 67 64 37 196 29 700 22 19 530 56 597 120 53 18 13 9 124 9 24 127 19 3 1 847 9132 13770 6850 7745 60 665 30 4298 2163 222 28 59 9 137 475 39 5 75 3 110 13 202 162 260 278 34 80 1096 120 2792 456 40 794 2638 93 7 37 253 26 1 9 0 0 0 5 0 0 0 0 1 2 18 14 37 8 1 21 2 31 24 118 22 1 10 4 3 3 1 4 30 8 3 2 1 5 5 4 19 23 11 24 20 3 5 108 52 11 28 351 12 276 548 6 9 108 2 5 3 15 1 1 0 1 0 8 81 59 245 60 1 9 6 2 645 185 46 96 813 155 1 24 16 9 636 32 29 58 161 2 1 724 410 14 7 1 1 4 0 11
10 7 11 15 25 9 9 3 0 3 3 43 4 126 127 202 56 766 585 60 164 750 150 197 536 67 1651 354 629 50 27 13 37 14 181 26 19 95 65 256 211 28 4786 4 7 2386 422 70 30 10 9 10 9 117 15 41 81 27 61 13 1383 312 6850 7725 5233 23 842 234 1784 165 44 28 34 26 114 79 21 0 20 2 37 5 273 271 431 635 88 21 89 7 794 107 14 48 1410 74 4 17 593 44 3 13 1 0 3 9 0 1 0 2 1 1 27 45 60 15 2 47 21 67 82 282 52 9 2 3 4 9 2 11 43 12 5 3 4 19 22 4 46 56 108 47 90 2 6 24 12 6 40 1210 17 20 23 0 0 2 2 1 2 2 0 1 1 8 7 25 154 98 35 48 3 17 17 4 52 462 4 12 157 15 8 32 21 15 60 20 2 6 3 2 2 39 35 10 2 1 3 2 5 7
37 12 19 6 73 22 23 6 4 4 0 22 8 261 617 301 17 402 269 23 49 142 13 25 188 3 275 918 1630 252 109 15 29 19 93 26 15 40 2008 31 98 20 332 4 5 1361 84 116 35 7 14 19 33 229 21 26 609 57 58 9 1348 308 7745 5233 6270 17 1330 220 5418 155 57 35 21 8 311 78 19 0 20 1 51 11 335 192 219 321 118 39 79 18 548 96 10 45 580 146 8 74 253 146 3 34 0 0 4 7 0 2 0 1 1 4 9 63 149 7 4 26 6 168 27 188 17 4 1 2 4 6 1 12 117 48 2 7 5 11 5 2 27 36 271 18 257 2 7 53 62 16 34 2970 6 20 27 1 0 17 0 1 0 1 3 3 1 13 12 12 372 201 55 69 10 27 28 17 103 1065 2 8 338 36 7 28 10 26 135 28 0 3 10 3 5 71 40 23 3 1 2 1 1 5
7 0 5 2 2 2 5 1 74 5 2 8 1918 3 1 4 1 43 649 3 1 7 2 4 1 1 4 22 5 2 0 0 2 1 0 0 2 104 13 2 33 1 59 328 2188 3550 2 24 18 1564 114 860 1 1 10 2 0 0 0 1 36 30 60 23 17 1686 7 5 38 25 28 64 124 1301 4 18 1395 630 267 327 170 548 7 2 4 1 3 371 119 406 1110 34 12 7 93 3 250 37 0 2 0 5 0 0 0 1 0 2 0 0 0 0 2 9 267 2 0 9 1 50 5 288 5 1 0 0 1 0 1 0 6 2 2 1 3 1 2 0 9 7 35 1 34 0 0 17 30 32 32 1059 1 25 58 0 0 13 14 12 33 61 2 1 0 1 2 1 28 48 30 764 0 7 0 0 57 95 19 13 224 29 8 18 22 4 76 22 18 28 62 0 0 95 44 2 8 2 0 0 1 2
352 250 233 271 528 183 31 76 47 32 22 450 4 254 225 181 4 47 59 12 50 212 59 522 1687 134 1598 2063 3636 1143 2024 45 141 80 218 29 50 48 266 587 241 38 655 6 5 82 870 25 41 5 75 80 50 1647 74 182 4386 39 53 47 154 84 665 842 1330 7 11321 1477 1036 84 25 473 66 82 1414 33 334 2 181 9 123 13 2361 8617 2029 4248 4236 40 51 4 110 315 76 32 235 492 114 84 3570 4366 10 6 11 9 3 35 2 6 3 5 18 48 4 5 11 2 3 3 11 10 7 24 3 48 14 4 4 2 0 3 20 3 29 108 10 81 3 0 67 62 4 12 6 20 38 4 6 0 7 85 22 5 3 11 0 2 12 16 3 7 18 17 3 16 67 4 15 14 2 2 29 32 40 20 10 52 2 0 32 2 147 97 36 18 19 118 3 0 4 11 52 5 7 87 44 5 17 10 3 29
25 20 21 26 19 22 6 6 9 3 5 86 2 582 444 193 19 34 33 8 225 258 89 259 1296 30 692 925 615 55 143 30 138 847 427 197 516 420 170 307 201 10 192 6 7 15 3191 3 12 10 14 19 48 92 39 39 549 1397 1720 879 48 8 30 234 220 5 1477 4843 154 8 5 153 145 200 1548 13 234 55 263 4 21 3 362 248 330 798 1227 6 7 6 12 67 12 6 28 58 40 21 835 447 11 23 3 3 7 18 0 14 0 7 4 12 8 7 0 10 70 14 112 11 113 33 57 92 62 16 15 5 9 9 81 8 18 132 68 316 4 1 494 649 7 86 5 22 59 19 1 0 44 16 210 3 2 6 1 2 8 10 2 2 16 9 3 27 76 25 1 23 5 2 37 96 94 155 7 12 8 0 3 1 131 411 77 51 3 120 0 0 2 30 58 0 3 30 25 7 35 26 18 79
50 12 35 26 256 64 46 3 6 5 3 115 16 254 934 493 23 604 139 33 50 141 43 28 142 5 105 919 2113 550 325 78 154 56 53 20 16 88 5418 23 228 35 630 16 27 470 47 2476 124 52 28 27 38 197 32 30 948 158 48 27 9437 3551 4298 1784 5418 38 1036 154 8842 878 804 86 69 19 1230 3230 22 7 55 1 273 16 316 160 208 246 112 136 528 87 2541 246 48 164 975 663 11 127 217 189 7 65 0 1 14 26 0 13 0 1 2 15 10 32 228 29 3 26 16 109 58 179 25 16 13 10 14 5 5 12 177 87 25 21 4 30 5 1 68 79 112 19 162 15 15 215 331 32 103 2248 37 247 511 6 17 224 3 8 9 11 5 7 0 21 35 18 446 349 486 164 12 49 63 33 1319 1668 39 89 2369 435 19 66 23 69 1590 90 17 82 117 9 7 865 495 55 17 6 7 11 7 16
114 23 92 9 22 14 38 55 12 23 6 35 12 2 20 38 10 84 64 9 17 52 24 31 44 3 15 22 118 60 24 10 19 11 1 0 4 21 58 11 269 26 162 14 28 173 7 998 150 134 703 441 4 7 48 22 21 12 1 1 312 8821 2163 165 155 25 84 8 878 4948 2616 72 23 27 115 291 82 5 42 43 2964 327 101 24 27 25 67 1070 1168 140 962 3211 2312 2858 1240 37 17 32 57 17 11 2 7 1 0 4 1 3 1 2 2 3 0 1 20 2 0 3 1 4 6 12 2 3 1 7 1 0 1 1 2 7 1 12 1 7 1 1 6 6 4 9 4 7 12 41 25 6 13 102 6 303 411 21 5 86 132 249 312 851 8 1 0 1 5 2 19 20 80 25 3 5 10 2 151 49 467 464 362 54 20 15 33 5 149 43 583 132 1504 0 7 686 410 13 4 1 0 4 1 7
40 11 42 6 20 11 10 24 5 5 2 18 6 2 17 28 1 37 28 2 1 5 6 11 16 1 7 28 76 33 12 5 23 5 0 1 0 40 59 3 263 13 76 10 17 101 2 7580 105 83 80 74 2 3 8 9 25 8 0 1 361 3453 222 44 57 28 25 5 804 2616 16194 32 25 14 74 904 38 3 27 34 12365 279 29 7 4 16 27 2787 4494 140 1503 924 171 257 175 38 12 10 13 7 11 2 7 1 1 2 0 3 1 1 0 1 0 2 13 1 1 3 1 4 2 20 5 2 2 0 3 1 1 2 6 3 0 4 2 7 0 0 3 0 4 4 6 10 6 48 29 10 10 124 3 277 393 19 8 100 96 181 140 696 10 1 0 2 2 1 23 12 75 30 1 10 6 3 132 39 569 617 378 42 4 14 18 6 144 55 617 117 1774 1 8 634 510 12 7 0 0 4 1 5
