34784 6529 12147 5868 712 2212 9765 7284 34 2085 228 1994 0 3 10 11 2 12 2 3 33 50 15 14 68 4 18 10 5234 9417 339 64 77 24 2 0 0 10 4 29 1836 15 37 1 1 4 17 31 114 8 811 815 1080 2216 557 166 113 15 0 0 31 93 61 24 15 10 176 27 59 619 97 87 18 45 81 30 80 2 12 19 495 14 2457 980 2027 554 141 153 85 19 32 1086 1033 367 171 63 196 1121 112 15 29 6 164 108 8 134 39 14 50 26 110 222 0 0 1 0 1 0 4 0 6 5 8 5 25 0 0 0 0 0 18 0 17 121 0 15 0 0 38 15 0 0 0 10 40 1 1 1 7 0 0 2 6 6 0 7 6 5 0 25 12 12 1 11 3 0 0 0 1 0 15 2 0 0 0 3 3 13 0 0 139 50 15 0 1 44 8 0 40 3 17 13 1 2 78 6 31 7 0 2
6529 9266 7498 7482 1435 1640 96 56 3 43 7 173 0 1 0 1 0 0 0 1 12 5 1 2 13 0 0 1 145 5312 592 8 20 1 0 0 1 1 1 2 173 1 3 0 0 0 1 4 10 2 46 39 46 96 25 32 56 1 0 0 4 7 2 3 3 2 30 1 3 33 5 24 0 6 12 2 20 0 0 1 26 0 220 90 267 83 8 16 8 1 1 79 60 19 10 7 25 19 13 3 8 1 48 31 2 36 10 3 10 3 23 62 0 0 0 0 1 0 0 0 0 0 0 0 6 0 0 0 0 0 5 0 2 33 0 4 0 0 8 2 0 0 0 5 13 0 0 0 0 0 0 0 0 0 0 0 0 3 0 2 4 4 1 5 0 0 0 0 0 0 2 0 0 0 0 0 0 2 0 0 26 9 5 0 0 7 3 0 2 2 4 0 1 1 16 1 13 2 0 1
12147 7498 8061 5914 147 8316 257 8915 33 3410 415 19352 0 3 3 2 1 4 0 3 38 44 6 5 18 0 1 4 245 450 155 56 98 10 0 0 1 5 2 13 723 2 7 0 2 0 6 10 22 5 181 169 159 286 109 81 95 4 1 0 5 21 10 2 14 0 84 6 17 126 23 88 10 13 36 4 122 2 12 3 120 3 721 359 919 285 49 34 21 4 12 271 240 99 41 49 270 71 48 26 61 10 480 244 22 367 97 27 102 66 243 468 0 0 1 1 2 0 0 0 6 0 2 9 33 0 1 0 0 0 21 0 40 193 0 18 0 0 45 11 0 2 0 21 61 1 3 1 4 3 2 1 1 8 0 2 4 15 0 4 28 18 3 25 4 0 0 0 0 0 35 3 2 1 0 0 8 5 3 0 268 56 19 1 0 92 6 0 9 10 29 1 1 0 140 20 42 9 0 10
5868 7482 5914 17231 5476 4672 153 69 16 161 146 1097 0 3 1 2 5 2 2 1 67 52 3 3 23 0 1 5 255 7102 2939 100 95 12 0 0 1 6 3 6 459 2 7 0 1 0 1 4 13 1 70 62 71 147 37 73 148 4 1 0 8 11 5 3 9 0 64 3 24 46 9 100 13 11 32 4 113 0 9 0 38 3 386 209 730 203 19 11 7 0 4 107 97 36 26 67 217 41 42 51 51 8 264 201 17 229 57 15 82 40 178 389 0 0 0 0 0 1 1 0 1 1 1 8 29 0 0 0 0 0 28 0 33 182 0 23 0 0 35 6 0 1 0 10 51 0 2 0 0 1 1 1 0 9 0 3 1 15 2 0 14 13 4 19 4 0 0 0 0 1 13 6 0 1 0 0 0 0 0 0 228 63 21 0 0 66 1 0 8 5 19 0 0 0 98 14 36 15 0 2
712 1435 147 5476 7870 8135 404 75 9 99 60 2382 0 33 68 14 35 1 2 14 130 169 12 4 32 0 19 44 1565 5880 14619 1627 1359 367 5 1 26 98 34 2 489 10 30 2 2 0 12 42 16 1 118 116 305 594 107 49 693 110 6 5 57 67 45 22 201 1 182 14 329 105 33 551 215 12 613 37 47 0 49 2 62 3 500 381 799 269 53 22 25 2 25 161 125 61 69 1772 87 168 109 140 11 2 60 59 5 58 18 2 7 6 36 103 0 0 0 0 0 0 2 0 10 0 9 5 12 0 0 0 0 0 6 1 5 45 0 11 1 0 40 25 1 1 0 5 20 0 7 0 2 7 1 0 1 3 0 2 2 2 0 4 6 4 0 6 2 0 0 1 0 0 8 1 0 0 2 3 1 3 5 3 59 45 8 0 1 26 2 0 8 2 6 3 0 3 38 4 17 6 0 1
2212 1640 8316 4672 8135 15957 478 302 94 1028 457 10193 0 9 37 11 27 4 4 10 284 354 9 2 58 2 5 12 997 4730 4045 4816 2228 336 0 0 7 73 9 9 1231 2 22 1 4 1 8 25 34 4 145 148 246 509 127 145 386 88 1 1 26 40 36 9 80 5 197 7 153 129 36 1301 234 16 492 25 298 1 95 2 75 5 780 584 1903 526 61 42 20 4 13 192 196 67 50 498 1067 273 213 157 108 12 487 377 27 485 108 40 142 86 363 757 0 0 0 0 4 2 2 0 12 4 2 24 71 0 6 0 0 0 34 1 55 340 0 57 0 0 81 29 0 2 0 12 91 0 3 0 5 2 1 0 0 15 0 4 2 19 1 2 37 34 5 28 4 0 1 0 0 0 50 5 1 0 0 1 3 6 6 2 423 111 29 3 0 158 1 5 7 16 38 2 1 2 231 38 54 14 0 10
9765 96 257 153 404 478 7443 4389 277 1559 284 1313 1 4 2 2 0 4 2 1 22 25 0 3 12 1 1 4 1517 2984 133 43 28 10 0 0 0 3 3 6 197 1 7 3 6 0 1 10 26 8 264 331 1064 1441 641 21 15 6 0 0 7 23 10 7 11 1 15 3 24 149 36 76 8 14 15 8 82 6 20 6 142 7 504 139 229 37 23 53 23 3 10 325 292 99 52 30 310 3897 23 6 7 1 28 18 1 26 13 1 9 5 22 49 0 0 0 0 0 0 0 0 0 2 2 1 1 0 0 0 0 0 2 0 2 17 0 3 0 0 10 1 0 1 0 1 5 0 1 0 0 0 0 0 2 0 0 0 4 2 4 6 3 1 0 1 0 0 0 0 0 1 1 0 0 0 0 0 0 7 2 0 20 12 2 1 2 7 4 3 17 4 3 2 0 0 10 3 4 2 0 1
7284 56 8915 69 75 302 4389 14093 2627 23677 1969 8087 1 0 3 4 1 3 2 2 19 36 5 4 41 0 7 0 186 378 54 41 56 8 0 0 1 8 3 8 799 7 21 1 13 1 7 20 52 13 412 525 698 854 460 62 22 5 0 1 11 47 21 6 5 3 78 10 19 336 57 102 8 18 29 17 162 11 33 12 286 10 1109 390 785 149 66 75 37 11 21 508 539 203 76 17 617 1404 54 6 32 3 130 106 6 121 30 13 43 31 86 215 0 0 0 0 0 0 1 0 5 0 1 4 8 0 0 0 0 0 12 0 11 60 0 17 0 0 17 8 0 1 0 10 13 0 0 0 1 0 1 1 1 0 0 3 2 4 0 10 5 13 4 8 4 0 0 0 0 0 10 2 0 0 0 0 1 6 1 0 98 29 16 0 0 45 7 1 18 2 9 9 3 1 58 7 16 3 0 1
34 3 33 16 9 94 277 2627 932 938 126 310 94 0 0 0 0 1 7 0 54 108 3 0 8 2 0 0 18 19 14 21 63 2 0 0 0 10 0 1 63 0 0 30 381 11 0 0 1 209 18 62 83 35 46 6 1 2 1 0 6 2 3 0 1 115 5 0 0 10 7 491 36 393 3 2 1056 219 284 58 151 172 33 12 113 16 4 201 43 61 24 9 15 6 7 6 1591 453 36 0 4 0 6 5 0 14 1 2 1 1 12 6 0 0 2 0 0 1 5 1 32 3 9 1 5 0 2 0 0 0 2 1 1 7 0 6 0 0 50 45 0 0 0 0 6 0 0 0 7 11 1 1 0 0 0 3 2 0 4 4 3 1 0 2 0 0 2 0 0 1 1 0 0 0 1 2 0 2 14 6 11 17 29 0 3 4 2 7 10 1 3 9 0 0 7 2 3 1 0 0
2085 43 3410 161 99 1028 1559 23677 938 25172 13461 25409 5 2 2 1 5 5 0 3 22 47 4 2 15 2 0 0 72 168 55 57 99 2 0 0 0 4 2 4 464 1 9 5 19 1 1 2 21 9 181 254 419 364 249 43 17 2 0 0 4 16 10 3 5 4 25 3 25 153 34 385 14 21 12 7 343 11 70 3 148 14 519 162 413 92 31 41 17 4 13 238 236 107 31 17 2374 743 26 5 71 9 372 253 10 368 123 37 120 121 341 601 0 0 0 1 0 0 0 0 2 0 1 6 24 0 0 0 0 0 15 0 28 117 0 8 0 0 24 5 0 1 0 13 45 0 1 0 3 0 1 0 1 1 0 0 3 7 3 6 20 17 12 17 0 0 0 0 0 0 18 3 0 0 0 0 7 3 0 0 168 28 15 0 0 51 2 3 8 1 22 4 0 2 172 55 35 4 0 2
228 7 415 146 60 457 284 1969 126 13461 6471 10327 1 0 0 1 5 0 2 0 10 13 0 1 5 0 0 1 24 46 22 29 89 2 0 0 0 4 0 0 67 0 0 1 6 1 0 1 1 0 28 38 75 66 45 7 2 0 0 0 1 0 2 0 2 2 7 1 0 19 2 680 5 6 0 0 190 9 25 4 13 3 77 28 82 18 4 4 4 0 0 24 35 11 2 8 1412 208 10 1 48 7 285 233 11 291 98 35 78 87 259 512 0 0 0 0 0 0 0 0 0 0 0 5 19 0 0 0 0 0 16 0 24 102 0 12 0 0 17 4 0 0 0 5 29 0 0 0 0 0 1 0 0 3 0 3 3 11 0 1 17 16 7 15 1 0 0 0 0 0 11 3 0 0 0 0 4 0 0 0 134 44 18 0 0 57 0 1 5 2 10 0 0 0 156 24 27 5 0 1
1994 173 19352 1097 2382 10193 1313 8087 310 25409 10327 26712 3 2 9 7 9 4 11 8 216 286 5 6 44 2 1 5 496 1235 1184 1719 1476 131 0 0 2 82 10 6 947 4 9 4 5 0 4 6 16 2 132 188 330 412 210 107 183 100 0 1 17 14 14 5 35 2 143 9 51 110 25 2329 125 73 335 11 528 7 109 6 89 4 657 381 1372 323 44 19 18 3 7 175 199 80 47 1084 3231 674 148 81 255 27 1299 940 56 1260 290 123 392 288 1005 2069 1 0 1 0 0 1 1 0 12 2 1 38 134 0 6 0 0 0 90 1 115 773 0 117 0 0 232 44 0 1 2 68 231 1 4 2 1 1 1 1 1 33 0 7 14 51 2 9 96 96 17 102 11 0 1 2 0 2 128 16 4 0 0 1 23 4 3 1 972 309 72 3 0 315 6 2 8 19 104 0 4 5 580 96 161 43 0 9
0 0 0 0 0 0 1 1 94 5 1 3 4563 0 3 1 174 1314 8753 61 0 5 0 0 0 0 0 0 2 0 0 0 14 5 0 0 1 372 2 1 7 2 1 5914 1211 1665 1 3 0 10 0 1 5 1 4 0 0 1 0 0 31 3 2 2 3 1129 0 1 5 1 2 104 361 1464 0 2 838 58 1146 0 4 1 0 1 1 1 0 8 9 15 148 0 1 0 1 0 229 41 1 0 0 0 0 1 1 0 0 0 0 1 0 1 1 11 381 2 2 24 3 1189 25 1192 8 2 0 0 0 2 0 8 1 0 2 5 1 3 0 0 42 13 58 3 24 0 3 2 5 8 27 896 1 0 0 0 0 1 0 0 0 0 0 3 0 0 1 0 267 19 3 120 0 3 1 2 0 89 1 0 10 3 3 14 256 0 1 1 2 1 1 0 1 6 0 1 2 0 0 0 0 0
3 1 3 3 33 9 4 0 0 2 0 2 0 7616 4054 2346 257 260 6 27 79 171 361 568 8 20 1188 2347 141 81 88 1 15 943 4697 1759 256 93 312 553 1401 52 360 0 1 6 4543 8 84 0 2 2 3 6 1 2 81 636 6212 1039 65 18 72 243 633 0 39 991 233 12 2 1 17 6 205 5 1 0 0 0 1 0 10 11 20 12 11 4 5 2 14 33 10 19 65 47 1 1 6 4 0 0 0 0 0 0 0 0 0 0 0 1 5 0 4 2 0 11 8 32 31 184 87 2 9 1 4 0 0 2 0 0 0 1 1 0 1 4 9 30 0 16 0 1 2 0 2 0 12 10 16 0 0 0 0 0 0 0 0 0 0 3 0 1 0 2 2 0 0 2 7 4 2 4 0 1 0 0 2 1 0 4 11 7 0 4 0 0 1 1 3 1 0 0 1 0 0 0 0 3
10 0 3 1 68 37 2 3 0 2 0 9 3 4054 13684 9863 793 2039 32 596 167 330 575 445 25 31 868 5828 134 100 138 2 27 1216 2788 199 56 216 1277 519 2732 141 306 2 4 12 2475 13 140 1 5 2 5 19 1 3 54 579 1659 744 157 17 69 149 1109 1 41 888 417 26 10 5 23 19 273 16 0 0 1 0 7 3 6 12 34 15 23 17 13 3 13 109 24 57 103 93 3 2 17 5 1 1 1 0 1 0 0 12 1 0 0 0 11 0 8 9 8 12 19 36 127 214 119 6 58 2 12 2 2 2 3 4 0 10 0 11 9 9 77 95 2 87 1 4 15 3 3 3 45 13 177 2 0 1 0 0 1 4 0 0 12 19 1 0 0 5 5 1 0 3 72 39 11 26 1 3 4 2 1 1 9 27 23 38 0 17 1 0 3 17 21 0 2 2 11 0 15 14 4 49
11 1 2 2 14 11 2 4 0 1 1 7 1 2346 9863 11665 409 3636 1645 1414 32 45 201 414 10 15 820 6378 67 21 33 1 13 201 467 9 23 82 2251 200 2502 155 291 1 2 22 265 23 355 1 7 4 4 9 2 2 45 73 116 72 588 45 56 69 812 2 22 140 339 73 26 5 21 9 61 23 0 0 1 1 12 1 4 23 7 14 15 40 62 7 24 287 63 190 224 15 1 0 4 5 0 1 0 1 1 1 0 6 0 0 0 0 26 7 42 17 5 13 17 109 96 534 80 4 24 1 6 4 1 4 3 1 0 2 2 4 17 24 30 39 15 95 6 3 3 4 3 5 83 11 122 2 0 2 0 0 1 3 0 1 3 13 2 2 1 13 6 2 1 5 45 15 9 19 1 4 1 0 1 1 1 7 28 35 0 14 5 1 9 14 12 3 1 3 8 0 13 7 1 45
2 0 1 5 35 27 0 1 0 5 5 9 174 257 793 409 1526 1669 1823 968 101 273 197 73 60 31 76 51 56 46 78 1 100 1202 102 160 1092 1316 202 323 437 16 57 317 118 410 870 6 24 55 2 14 2 7 1 3 27 332 866 777 513 5 8 20 38 18 23 472 81 6 7 21 143 382 237 19 10 11 29 18 37 40 11 12 39 23 35 39 36 24 62 19 4 16 19 94 5 0 25 0 2 3 8 5 11 7 3 49 2 0 4 2 35 2 33 13 29 28 123 88 788 545 474 41 296 5 89 8 3 4 11 25 5 61 7 52 15 32 590 662 3 364 3 13 73 7 15 3 281 36 743 5 0 4 0 13 7 23 2 2 40 106 9 10 8 24 4 11 1 29 311 167 50 139 4 7 7 2 11 5 72 209 160 253 2 106 10 11 13 115 79 8 8 15 122 23 119 95 21 329
12 0 4 2 1 4 4 3 1 5 0 4 1314 260 2039 3636 1669 15063 6768 2600 19 57 110 817 20 6 1545 500 31 12 7 0 197 370 312 3 99 1555 3672 204 1834 98 599 110 84 1206 232 29 323 4 7 3 4 14 2 4 44 18 31 44 2521 62 97 247 241 62 40 70 262 76 29 55 886 342 20 76 10 0 58 1 23 0 10 26 17 23 28 52 80 12 127 241 74 194 307 4 4 2 13 12 0 4 1 2 10 4 0 2 0 0 0 0 19 224 1598 12 16 192 24 2871 158 6851 70 2 16 5 3 34 4 189 2 1 4 9 6 39 14 30 274 138 494 59 371 2 9 19 11 61 419 756 54 2 3 0 0 2 1 2 1 3 5 4 1 4 13 16 118 140 4 91 15 11 26 9 7 125 2 3 9 8 7 36 336 12 4 8 4 6 9 1 8 5 1 21 8 1 1 6 0 6
2 0 0 2 2 4 2 2 7 0 2 11 8753 6 32 1645 1823 6768 59864 9525 24 79 65 96 20 30 86 21 8 7 2 1 57 48 17 0 17 1371 43 196 470 27 95 8327 1535 3046 48 21 88 110 4 11 1 6 0 1 2 9 13 5 491 27 29 16 19 207 11 11 57 33 23 26 291 7748 8 59 32 14 121 21 90 62 5 13 23 20 15 171 148 146 585 54 17 57 100 4 12 6 12 0 3 8 5 3 13 6 1 53 1 0 4 5 193 220 2127 86 70 743 359 6025 1785 18684 1654 55 232 15 77 31 17 133 10 36 6 34 15 68 87 209 665 1030 511 677 168 15 87 20 46 90 1727 747 777 5 4 7 3 25 6 20 4 7 23 94 13 7 17 94 109 78 6 84 256 162 56 96 12 84 18 6 59 25 70 242 2133 213 15 117 13 16 17 82 62 31 6 16 142 15 96 72 23 250
3 1 3 1 14 10 1 2 0 3 0 8 61 27 596 1414 968 2600 9525 5717 56 225 155 77 77 68 39 34 19 14 22 0 29 397 22 7 27 230 200 442 491 17 57 76 38 166 204 2 44 13 2 6 5 5 0 1 16 81 139 160 497 6 8 5 19 6 14 105 30 8 1 10 36 226 87 2 2 1 11 6 10 23 5 10 40 25 35 30 17 10 21 33 7 28 47 51 1 1 32 1 3 5 5 3 7 7 0 42 0 0 1 3 77 4 38 35 28 49 130 109 844 1214 567 46 288 8 85 9 5 10 4 51 5 31 7 28 37 66 341 434 2 559 0 18 75 15 19 11 325 29 892 2 0 15 1 11 7 17 3 3 31 111 10 8 9 33 1 10 1 17 355 209 59 160 0 1 22 4 5 1 40 111 205 275 2 89 11 9 11 114 91 3 7 19 103 14 130 91 20 327
33 12 38 67 130 284 22 19 54 22 10 216 0 79 167 32 101 19 24 56 4835 5073 2042 68 331 179 23 8 56 64 99 78 162 266 4 0 31 315 18 583 862 32 74 14 3 9 94 6 69 0 4 2 27 35 13 355 12 17 3 10 28 14 16 10 17 2 17 38 30 15 2 115 300 123 71 14 40 1 29 2 8 2 44 16 2362 194 102 5 6 4 12 26 5 35 88 147 106 71 368 1 4 1 17 13 1 21 6 5 3 2 11 41 1 0 0 2 1 1 12 3 38 20 43 6 19 1 2 0 0 1 3 2 2 91 0 28 0 0 125 72 1 9 1 3 29 0 2 1 9 1 24 0 0 3 0 4 1 2 0 0 10 7 0 1 5 0 1 0 0 2 23 8 1 1 0 0 0 0 1 0 85 106 24 4 1 33 0 1 1 4 8 1 0 0 12 2 19 8 0 3
50 5 44 52 169 354 25 36 108 47 13 286 5 171 330 45 273 57 79 225 5073 21874 6865 461 5677 2217 116 40 98 104 165 115 403 609 16 2 69 905 51 4394 1554 251 726 34 9 22 424 68 568 3 23 14 64 106 35 83 36 48 11 14 124 118 207 57 61 4 98 161 147 182 41 323 807 293 160 94 103 7 96 1 27 2 193 210 3418 1241 867 53 147 21 102 246 87 230 840 317 209 132 4070 14 9 3 48 34 2 50 7 11 12 9 34 66 5 0 3 5 15 5 69 7 167 103 193 17 71 0 20 0 1 0 8 10 15 214 1 73 0 3 344 295 0 58 0 17 59 1 4 2 32 16 133 2 1 8 0 2 3 8 0 2 15 29 1 9 7 1 2 0 0 4 74 36 9 16 2 1 0 0 4 1 190 239 89 37 1 109 3 1 2 20 31 4 0 6 51 4 52 24 5 59
15 1 6 3 12 9 0 5 3 4 0 5 0 361 575 201 197 110 65 155 2042 6865 6220 7465 644 4151 695 104 31 10 7 4 25 96 88 6 57 233 125 6735 5666 978 1212 6 1 15 401 14 411 0 8 8 14 44 7 9 21 8 18 11 96 27 58 31 63 1 54 28 80 39 17 10 67 18 27 30 4 1 3 1 16 2 60 122 217 179 253 19 34 3 31 128 36 102 306 17 5 3 233 1 1 0 0 0 0 0 0 1 0 0 0 3 2 0 0 3 5 5 10 1 30 47 54 1 12 1 1 0 0 2 2 0 1 11 0 4 0 1 22 45 0 7 0 0 4 0 4 0 3 0 24 0 1 0 0 0 1 2 1 0 2 4 0 0 0 0 0 1 0 0 5 6 1 1 0 1 0 1 3 1 3 16 15 6 0 1 2 0 10 2 3 1 0 0 4 1 4 2 1 9
14 2 5 3 4 2 3 4 0 2 1 6 0 568 445 414 73 817 96 77 68 461 7465 7397 323 1527 12033 448 284 32 20 0 3 43 1650 24 25 42 331 6223 3533 3451 1605 1 3 217 3116 21 377 0 17 8 38 130 13 6 288 33 269 24 1305 35 167 524 122 0 432 442 238 55 12 1 7 10 24 46 1 0 0 0 19 0 67 230 113 212 548 14 20 14 100 98 34 89 323 2 1 0 145 48 0 0 0 0 0 0 0 0 0 0 0 1 3 0 4 3 3 9 15 11 51 158 67 0 4 0 2 0 0 0 1 5 0 1 0 2 0 3 12 48 1 16 0 0 0 0 0 0 11 11 12 0 0 0 1 1 0 0 0 0 0 1 0 1 1 2 6 0 1 1 6 3 1 2 1 4 1 0 1 1 2 2 14 5 2 1 0 0 3 2 2 2 0 0 0 1 1 1 0 11
68 13 18 23 32 58 12 41 8 15 5 44 0 8 25 10 60 20 20 77 331 5677 644 323 13746 425 92 6 227 43 31 10 36 46 8 0 7 87 7 4629 487 81 511 8 2 9 1862 40 159 1 58 51 166 534 58 52 352 4 7 4 56 68 185 81 16 2 790 40 94 111 24 21 68 182 27 60 13 4 20 2 44 3 637 1395 2002 3162 3616 32 73 16 60 153 96 98 606 28 19 13 6004 711 0 1 1 5 0 2 0 2 0 1 2 7 4 0 4 3 29 5 78 10 149 128 192 4 27 0 7 0 0 1 1 0 1 18 0 24 0 1 140 311 0 26 0 4 12 0 1 0 26 6 33 3 0 0 0 3 1 2 2 4 5 7 1 0 0 0 2 0 1 0 16 19 2 10 0 0 2 2 4 1 24 59 56 12 4 14 1 0 6 6 7 8 0 2 7 1 12 11 1 13
4 0 0 0 0 2 1 0 2 2 0 2 0 20 31 15 31 6 30 68 179 2217 4151 1527 425 2672 616 5 9 0 0 0 4 9 61 1 2 14 5 7294 506 38 144 0 0 1 227 0 43 0 1 2 2 26 6 0 6 0 4 1 7 7 14 6 1 0 19 12 13 11 0 2 4 13 1 4 0 0 0 0 3 1 26 65 149 101 99 2 10 1 8 11 12 5 64 2 2 0 89 0 0 0 0 0 0 1 0 1 0 0 0 0 1 0 2 2 3 4 10 8 18 54 41 0 0 0 0 0 0 0 0 0 0 2 1 0 0 3 6 22 0 6 0 0 3 0 0 1 2 2 5 0 0 0 0 0 0 0 0 0 0 0 0 0 0 0 1 0 0 0 3 0 0 4 0 0 0 0 0 0 1 3 10 0 0 1 0 0 0 0 1 0 0 0 1 0 1 0 2 0
18 0 1 1 19 5 1 7 0 0 0 1 0 1188 868 820 76 1545 86 39 23 116 695 12033 92 616 24040 11786 851 145 70 1 10 153 5811 23 31 31 876 4927 1124 159 2010 1 0 101 3147 20 80 0 16 6 53 167 10 1 843 157 489 98 644 37 321 1504 346 2 878 1079 286 32 6 0 8 10 102 29 2 0 0 0 4 0 62 242 49 165 282 6 11 6 59 35 22 33 270 11 0 1 86 73 0 0 0 0 0 1 0 0 0 0 0 0 2 2 23 0 0 12 11 163 21 268 44 1 0 0 0 0 0 1 0 0 0 0 1 1 0 1 11 19 17 11 7 0 1 1 2 0 7 73 10 0 0 0 0 1 0 0 0 0 0 0 1 0 0 0 18 6 1 2 1 3 2 0 0 11 1 0 4 0 0 2 5 1 0 0 0 0 0 0 0 0 0 0 0 0 2 1 0 2
10 1 4 5 44 12 4 0 0 0 1 5 0 2347 5828 6378 51 500 21 34 8 40 104 448 6 5 11786 12749 870 272 183 1 9 489 4049 10 22 90 8044 393 860 64 224 1 2 40 1132 6 61 1 6 2 23 57 2 0 637 385 439 249 1285 16 62 579 1617 1 449 1115 720 9 3 3 29 5 257 22 0 0 0 0 4 1 19 87 23 53 81 7 7 1 16 38 18 36 40 72 0 0 14 44 0 0 0 0 0 0 0 0 0 0 0 0 0 5 67 1 1 7 6 397 14 309 11 0 1 0 1 0 0 5 1 2 0 1 0 1 0 0 16 24 26 2 23 0 0 1 1 3 7 199 1 0 0 0 0 0 0 0 0 1 0 1 0 0 0 0 46 5 1 7 0 3 2 0 0 26 0 0 1 1 0 0 6 1 0 0 1 0 4 0 0 1 0 1 1 0 1 0 0 2
5234 145 245 255 1565 997 1517 186 18 72 24 496 2 141 134 67 56 31 8 19 56 98 31 284 227 9 851 870 28812 8262 3255 188 319 680 91 6 43 157 104 116 242 60 583 2 6 29 144 191 72 2 140 164 1509 5929 347 23 2785 423 31 40 314 338 955 960 1304 1 2428 715 1420 169 62 111 137 43 3311 132 69 2 18 4 87 1 343 430 236 104 1645 37 63 14 114 180 134 91 517 2022 89 1788 160 1655 15 4 54 48 9 54 6 6 18 14 28 100 0 0 4 0 1 0 5 8 25 12 24 10 40 0 2 1 0 1 9 1 19 172 1 42 0 0 143 38 1 5 2 9 34 2 14 0 8 42 10 0 1 6 0 6 1 7 2 6 9 6 1 6 5 0 17 1 0 3 29 8 0 1 2 17 6 2 23 13 178 120 20 2 5 67 4 0 8 6 19 1 0 3 35 3 30 11 1 8
9417 5312 450 7102 5880 4730 2984 378 19 168 46 1235 0 81 100 21 46 12 7 14 64 104 10 32 43 0 145 272 8262 16223 7892 201 355 277 24 1 25 84 73 6 487 22 74 1 0 3 27 62 47 0 280 203 738 1677 309 50 4915 160 13 11 103 109 200 155 613 2 351 86 649 170 38 209 97 14 1186 41 96 1 23 2 144 7 726 466 625 226 105 49 36 1 37 388 342 102 135 1357 158 666 82 300 33 8 118 82 6 94 32 12 35 16 48 172 0 0 2 0 2 0 1 1 6 7 2 11 23 0 1 0 0 0 15 0 21 157 0 34 0 0 82 24 0 1 0 9 35 0 6 1 3 11 2 0 0 6 0 5 5 5 2 9 15 11 1 13 4 0 2 1 1 2 16 3 1 0 1 8 3 7 9 1 144 100 12 0 1 54 4 5 20 9 13 2 0 1 63 5 29 11 0 0
339 592 155 2939 14619 4045 133 54 14 55 22 1184 0 88 138 33 78 7 2 22 99 165 7 20 31 0 70 183 3255 7892 16941 371 546 364 23 3 51 107 80 8 837 11 61 0 4 2 24 50 34 3 133 137 251 629 99 92 4964 180 10 18 90 75 110 64 488 0 738 113 542 98 33 278 147 22 3096 51 30 0 17 2 78 2 687 611 1097 499 221 27 32 4 23 187 154 55 79 5494 34 94 97 4085 5 3 17 16 1 14 4 2 7 4 15 40 0 0 1 0 1 0 1 2 9 0 6 3 6 0 0 0 0 0 2 0 2 29 0 10 0 0 31 20 0 1 0 3 9 0 5 0 3 10 5 1 0 3 0 0 3 2 2 4 4 5 0 4 2 0 0 1 1 1 11 0 0 1 1 5 0 2 12 6 28 28 9 1 1 6 3 0 7 2 5 3 1 0 13 2 9 7 0 0
64 8 56 100 1627 4816 43 41 21 57 29 1719 0 1 2 1 1 0 1 0 78 115 4 0 10 0 1 1 188 201 371 3737 5599 1103 0 0 0 178 1 2 98 1 4 0 0 0 0 1 2 0 23 18 32 48 19 17 9 155 0 0 1 1 0 1 5 0 26 2 14 9 3 864 265 19 1416 2 109 0 57 1 8 1 56 38 236 53 4 3 0 0 2 25 13 2 3 4072 254 44 35 1 22 4 93 79 5 116 20 10 17 9 58 162 0 0 0 0 0 0 1 0 2 1 2 7 26 0 3 0 0 0 10 1 16 144 0 29 0 0 47 11 0 0 0 9 49 0 2 1 1 0 0 1 0 11 0 1 8 7 1 1 18 16 0 19 2 0 0 0 0 0 17 1 0 0 0 1 5 4 0 0 158 74 23 0 0 63 1 0 1 5 22 0 0 0 41 6 30 9 0 2
77 20 98 95 1359 2228 28 56 63 99 89 1476 14 15 27 13 100 197 57 29 162 403 25 3 36 4 10 9 319 355 546 5599 5626 1859 4 6 103 3229 53 11 348 2 22 88 27 81 77 22 4 5 40 42 46 89 32 22 128 983 33 52 236 23 10 7 37 2 87 125 133 33 15 1065 5195 138 3517 57 120 3 54 2 28 4 104 55 252 72 54 18 35 1 74 36 45 14 26 5560 430 104 67 21 39 5 160 152 25 193 35 23 50 21 100 292 1 0 5 1 7 3 13 5 65 14 28 41 87 0 5 0 0 0 37 0 26 543 0 141 1 0 514 164 3 12 0 47 144 0 7 3 28 15 9 2 0 28 0 2 22 31 5 6 53 40 1 20 7 0 3 1 0 2 63 11 2 5 0 4 19 6 13 2 449 427 84 10 0 149 5 4 3 22 65 3 1 3 90 22 81 36 1 14
24 1 10 12 367 336 10 8 2 2 2 131 5 943 1216 201 1202 370 48 397 266 609 96 43 46 9 153 489 680 277 364 1103 1859 5444 78 132 1327 3577 546 57 678 28 110 5 6 64 534 129 15 1 67 98 76 112 40 19 717 3923 1390 2322 731 179 114 105 955 1 374 3413 1568 79 80 134 166 101 6530 171 4 0 5 3 85 1 152 124 283 100 160 42 116 3 66 78 76 36 99 2635 4 5 87 226 5 1 19 17 2 18 7 5 5 0 6 28 1 0 5 0 11 3 26 20 74 28 46 11 30 0 6 1 0 1 8 2 7 170 1 76 0 0 412 216 2 11 2 13 63 3 12 1 23 39 20 0 0 11 0 6 8 10 1 2 31 17 0 9 3 0 6 4 1 2 28 4 4 8 0 19 5 3 21 12 90 220 46 7 7 55 1 4 4 9 26 6 1 3 13 1 25 16 1 22
2 0 0 0 5 0 0 0 0 0 0 0 0 4697 2788 467 102 312 17 22 4 16 88 1650 8 61 5811 4049 91 24 23 0 4 78 3071 769 60 41 645 1093 268 32 643 1 0 15 2202 17 18 0 1 1 7 10 0 0 54 55 926 46 165 41 243 699 617 1 73 217 377 15 1 0 3 3 31 15 0 0 0 0 3 0 7 25 4 18 32 0 11 2 26 3 3 9 116 6 0 0 6 3 0 0 0 1 0 0 0 1 0 0 0 0 1 1 34 3 1 35 8 174 41 462 47 1 4 0 0 0 0 4 0 1 0 0 1 3 4 4 9 24 12 19 4 1 2 0 2 3 25 73 16 0 0 0 1 0 0 0 0 0 0 5 0 0 0 4 14 1 0 5 8 3 4 3 0 11 0 0 3 1 0 2 15 5 0 1 0 0 1 1 0 0 0 1 0 0 1 1 0 7
0 0 0 0 1 0 0 0 0 0 0 0 0 1759 199 9 160 3 0 7 0 2 6 24 0 1 23 10 6 1 3 0 6 132 769 1452 724 197 2 38 19 1 8 0 0 0 1036 0 0 0 0 0 0 1 0 0 2 83 4704 479 1 0 1 6 3 0 1 134 4 0 0 0 2 1 12 0 0 0 0 0 0 0 0 1 0 0 1 1 0 0 0 1 0 1 2 1 0 0 0 0 0 0 0 0 0 0 0 0 0 0 0 0 0 0 2 0 0 0 1 0 1 12 3 0 0 0 0 0 0 0 0 0 0 0 0 1 0 0 1 1 0 0 0 0 0 0 0 0 0 0 0 0 0 0 0 0 0 0 0 0 0 0 0 0 1 0 0 0 0 0 0 0 0 0 0 0 0 0 0 0 0 0 0 0 0 0 0 0 0 0 0 0 0 0 0 0 0 0 0 0
0 1 1 1 26 7 0 1 0 0 0 2 1 256 56 23 1092 99 17 27 31 69 57 25 7 2 31 22 43 25 51 0 103 1327 60 724 3228 3802 69 66 139 1 25 3 9 15 639 11 1 0 3 0 2 8 2 1 24 325 945 981 138 3 6 24 28 0 10 487 50 1 3 8 71 28 153 22 0 0 1 0 5 0 6 8 12 3 12 3 13 1 10 1 0 1 4 27 0 0 2 2 0 0 0 0 0 3 0 1 0 0 1 0 0 0 3 3 4 2 15 3 51 13 31 7 18 0 2 0 0 2 0 2 1 12 0 14 0 0 53 83 0 11 0 0 8 0 1 0 13 7 13 0 0 0 0 1 0 1 0 0 2 1 0 0 1 0 1 0 0 0 15 9 1 8 1 1 1 0 2 1 4 23 11 8 1 6 0 0 1 6 5 1 0 3 6 0 5 2 1 18
10 1 5 6 98 73 3 8 10 4 4 82 372 93 216 82 1316 1555 1371 230 315 905 233 42 87 14 31 90 157 84 107 178 3229 3577 41 197 3802 15174 349 101 802 41 140 1295 734 838 650 157 27 55 20 56 31 54 7 24 100 493 631 742 1285 129 69 38 178 51 87 842 643 60 137 102 2284 1502 818 381 21 33 105 21 141 61 93 77 253 83 142 181 322 92 971 46 28 21 118 440 8 2 107 34 12 5 30 21 16 29 3 49 2 5 11 23 13 1 46 13 96 30 247 122 865 511 666 44 198 3 31 1 0 2 7 14 9 267 5 159 4 6 1455 1494 6 162 4 23 156 5 50 4 250 150 303 2 6 10 0 21 9 25 1 4 48 61 12 7 11 9 30 8 2 18 170 90 32 45 11 43 20 8 94 47 192 532 398 91 21 140 6 12 14 60 52 36 3 12 132 19 131 58 3 143
4 1 2 3 34 9 3 3 0 2 0 10 2 312 1277 2251 202 3672 43 200 18 51 125 331 7 5 876 8044 104 73 80 1 53 546 645 2 69 349 13275 69 1721 97 437 3 0 23 140 19 78 2 4 2 4 9 3 1 41 146 68 162 8293 24 36 145 8441 4 33 227 6051 36 13 30 137 5 132 117 1 0 7 0 12 0 8 19 16 11 17 13 28 3 29 63 15 41 78 68 1 1 10 1 0 0 1 0 0 2 0 1 0 0 0 0 0 5 80 2 1 7 8 269 23 246 14 1 3 0 1 6 0 7 0 1 0 3 1 4 0 1 32 26 32 4 37 0 1 1 0 0 15 179 8 1 1 0 0 0 1 0 0 1 0 1 0 0 2 0 45 11 2 12 6 2 3 0 0 33 0 0 5 1 0 5 5 2 0 1 1 0 2 0 0 0 0 1 0 1 2 3 0 2
29 2 13 6 2 9 6 8 1 4 0 6 1 553 519 200 323 204 196 442 583 4394 6735 6223 4629 7294 4927 393 116 6 8 2 11 57 1093 38 66 101 69 9045 2217 307 2081 3 2 23 11652 25 223 1 22 15 43 141 7 23 102 30 543 35 122 52 202 302 112 3 228 718 157 64 18 6 20 158 18 35 1 0 8 0 17 1 152 303 548 572 1759 24 38 11 58 120 37 94 519 6 2 1 577 10 0 2 2 0 2 2 0 8 1 0 0 1 11 0 13 19 37 73 206 104 455 1051 741 15 67 2 26 5 2 1 2 16 2 10 1 17 3 26 144 444 0 179 2 7 43 4 6 1 72 27 281 2 1 0 1 1 0 7 1 0 10 23 2 2 4 7 2 7 1 5 80 60 6 38 2 2 6 2 2 2 16 51 152 77 1 24 1 2 5 32 25 5 0 1 23 2 42 33 7 91
1836 173 723 459 489 1231 197 799 63 464 67 947 7 1401 2732 2502 437 1834 470 491 862 1554 5666 3533 487 506 1124 860 242 487 837 98 348 678 268 19 139 802 1721 2217 5065 5285 2067 56 60 404 598 385 3115 41 517 130 94 201 2672 705 122 221 86 49 3021 567 512 268 463 35 158 326 1820 922 320 190 605 161 739 1017 98 12 81 15 504 27 2423 382 1104 320 394 662 964 213 1365 3357 997 1481 1856 644 143 111 280 12 14 1 64 49 10 57 11 11 15 7 46 82 3 0 19 2 7 2 35 25 93 78 65 19 72 1 12 0 1 0 6 6 26 365 1 106 1 5 415 175 2 32 1 10 58 3 25 3 35 74 70 14 20 11 0 24 17 9 15 35 13 24 4 14 10 1 22 3 5 11 63 22 6 14 6 26 12 34 66 19 290 337 67 34 13 108 35 19 119 19 35 65 4 4 62 3 59 15 3 39
15 1 2 2 10 2 1 7 0 1 0 4 2 52 141 155 16 98 27 17 32 251 978 3451 81 38 159 64 60 22 11 1 2 28 32 1 1 41 97 307 5285 5074 5112 13 28 66 182 93 985 1 10 0 10 27 3 1 39 10 15 3 821 88 228 76 245 1 53 72 1151 50 27 3 33 4 24 459 1 0 9 1 19 0 22 49 39 49 83 30 83 23 907 160 53 128 200 15 0 1 44 3 0 0 0 1 0 0 0 0 0 0 0 0 1 0 4 0 0 1 2 1 8 10 10 0 0 0 1 0 0 0 1 0 0 0 0 0 0 0 4 7 0 2 0 0 0 1 21 0 1 39 1 0 1 0 0 1 0 0 0 0 0 1 0 0 0 1 9 4 0 3 1 0 0 0 2 18 1 1 30 11 1 3 0 0 0 1 1 0 2 0 0 6 1 0 0 0 1 1 0 0
37 3 7 7 30 22 7 21 0 9 0 9 1 360 306 291 57 599 95 57 74 726 1212 1605 511 144 2010 224 583 74 61 4 22 110 643 8 25 140 437 2081 2067 5112 8569 39 94 975 2204 247 877 6 36 27 137 331 33 10 533 45 184 22 6979 271 1543 6085 1523 17 869 562 4540 142 54 13 120 17 54 1559 6 0 16 0 41 1 201 574 283 557 845 56 210 115 3540 185 70 193 1827 28 4 1 425 71 0 0 1 1 0 1 0 0 0 0 0 0 1 0 20 1 0 9 18 19 32 100 58 0 4 0 0 1 0 0 1 0 0 4 0 3 1 4 19 53 0 12 0 1 1 2 38 1 10 188 19 1 2 0 0 3 1 0 1 1 1 0 0 0 2 1 65 3 2 10 5 5 2 2 8 58 0 1 102 34 4 4 12 3 13 1 1 1 5 1 1 9 0 0 0 0 1 2 1 6
1 0 0 0 2 1 3 1 30 5 1 4 5914 0 2 1 317 110 8327 76 14 34 6 1 8 0 1 1 2 1 0 0 88 5 1 0 3 1295 3 3 56 13 39 9457 4480 639 2 21 16 751 6 49 8 4 2 1 2 0 0 1 151 30 36 7 4 850 6 5 36 22 36 198 1919 2174 2 75 2285 1400 3002 117 298 436 2 3 15 13 13 553 258 300 1236 10 2 8 58 1 104 31 8 0 1 2 1 3 6 3 0 7 0 1 1 4 2 1 80 1 19 29 62 285 204 587 150 10 32 0 3 0 0 0 0 0 5 43 1 28 0 2 350 412 9 16 6 2 23 3 53 2 102 210 24 2 11 4 1 27 9 4 6 9 8 7 2 2 0 1 51 6 2 32 18 5 6 4 15 38 3 11 157 57 34 128 243 0 46 35 7 47 27 7 5 64 3 1 20 2 22 8 2 9
1 0 2 1 2 4 6 13 381 19 6 5 1211 1 4 2 118 84 1535 38 3 9 1 3 2 0 0 2 6 0 4 0 27 6 0 0 9 734 0 2 60 28 94 4480 5726 3460 8 4 12 6558 2 34 43 8 20 1 1 3 0 1 79 12 42 15 9 5936 4 6 23 14 23 161 798 586 2 19 2507 211 1665 112 275 599 3 1 5 3 9 804 214 1421 2493 7 6 12 61 14 1043 188 1 0 1 3 3 3 5 10 0 2 1 0 2 6 3 3 945 1 1 5 8 659 58 213 12 2 3 0 0 11 0 3 2 6 1 6 0 7 1 0 91 43 8 2 20 0 6 31 1268 9 61 5000 7 15 18 0 0 133 4 0 7 22 4 4 0 5 8 1 1192 75 15 1106 6 11 19 4 73 772 4 12 1991 504 10 34 48 4 147 14 5 152 42 0 2 237 3 5 4 0 0 3 0 2
4 0 0 0 0 1 0 1 11 1 1 0 1665 6 12 22 410 1206 3046 166 9 22 15 217 9 1 101 40 29 3 2 0 81 64 15 0 15 838 23 23 404 66 975 639 3460 3698 34 21 34 4 0 2 7 6 3 0 17 5 4 6 293 21 75 393 101 1371 30 15 128 16 12 44 560 608 2 52 133 17 352 0 9 0 8 16 9 11 16 20 46 33 1206 32 12 32 145 0 39 8 9 3 0 2 2 3 11 2 0 4 0 0 1 0 6 29 1594 11 8 19 7 3895 119 2531 35 2 7 1 0 48 0 52 7 6 1 7 2 32 2 2 288 111 144 3 329 0 9 55 44 86 121 5053 11 3 4 1 1 4 0 1 0 0 5 3 0 1 6 1 1446 397 25 500 6 9 50 21 5 844 2 1 106 10 3 33 472 25 8 5 1 3 7 3 2 4 2 13 2 1 3 1 3 0
17 1 6 1 12 8 1 7 0 1 0 4 1 4543 2475 265 870 232 48 204 94 424 401 3116 1862 227 3147 1132 144 27 24 0 77 534 2202 1036 639 650 140 11652 598 182 2204 2 8 34 12481 74 120 0 13 18 27 90 7 7 129 163 2526 245 254 100 418 939 764 0 165 1529 789 53 20 10 126 264 101 83 5 1 20 1 19 1 71 133 147 203 1614 14 55 7 125 35 25 60 531 29 0 0 190 16 1 0 5 5 2 3 0 7 1 0 1 3 8 3 10 7 31 29 141 49 281 492 392 18 35 2 13 1 0 2 5 6 1 22 1 22 2 7 221 449 0 71 2 5 26 2 6 2 52 30 112 0 2 1 0 2 2 5 0 3 11 15 3 3 1 7 13 2 0 2 41 25 7 17 1 7 5 1 17 3 16 68 90 27 7 17 1 0 5 15 13 6 0 1 14 2 18 9 2 33
31 4 10 4 42 25 10 20 0 2 1 6 3 8 13 23 6 29 21 2 6 68 14 21 40 0 20 6 191 62 50 1 22 129 17 0 11 157 19 25 385 93 247 21 4 21 74 18380 198 7 10 6 15 36 9 1 60 48 7 16 225 11912 4800 217 348 5 112 109 7811 1293 8739 5 46 6 93 2440 3 0 8 4 909 11 31 75 43 61 65 1263 2401 41 351 139 50 168 948 53 2 1 36 6 0 1 0 0 6 1 0 2 0 0 0 1 0 2 6 1 2 0 6 3 17 3 4 1 1 1 0 0 0 0 4 3 4 3 0 3 1 0 19 17 2 2 0 0 2 32 38 1 20 64 4 63 127 1 1 278 5 1 15 43 2 2 3 1 2 0 9 51 46 10 1 3 13 6 95 46 11 50 305 146 5 20 4 1 140 21 62 115 279 0 0 379 31 5 9 3 1 3 2 1
114 10 22 13 16 34 26 52 1 21 1 16 0 84 140 355 24 323 88 44 69 568 411 377 159 43 80 61 72 47 34 2 4 15 18 0 1 27 78 223 3115 985 877 16 12 34 120 198 13609 11 37 8 31 63 19 13 42 6 10 5 280 362 439 32 57 14 100 30 405 885 132 3 17 7 21 441 7 0 5 3 111 1 132 161 212 184 92 244 516 147 507 4941 700 6465 9250 14 5 2 196 8 0 0 0 0 0 1 0 0 0 0 0 0 1 0 4 1 0 1 3 6 1 16 8 0 1 0 0 0 0 0 1 0 1 2 0 2 0 0 9 10 0 3 0 0 0 4 8 0 2 16 1 0 5 0 0 3 4 0 3 9 0 0 0 0 0 0 6 0 1 4 1 0 1 1 3 2 1 7 13 9 2 5 3 0 6 5 9 1 36 0 1 21 1 0 2 1 1 2 0 1
8 2 5 1 1 4 8 13 209 9 0 2 10 0 1 1 55 4 110 13 0 3 0 0 1 0 0 1 2 0 3 0 5 1 0 0 0 55 2 1 41 1 6 751 6558 4 0 7 11 7973 26 1026 9 3 13 1 0 0 0 0 7 34 16 0 2 1374 0 2 9 77 66 53 57 727 2 69 1253 194 480 1900 2413 8698 7 2 1 4 4 7122 2062 3256 360 12 6 14 16 2 645 92 3 0 0 2 0 2 10 3 0 4 0 0 1 6 1 2 41 1 2 3 1 24 28 27 5 1 2 2 1 0 1 3 4 1 3 4 0 5 0 0 41 11 2 1 1 1 1 40 406 1 59 395 0 35 97 0 1 467 61 2 87 128 2 2 0 2 3 1 37 48 38 239 1 11 13 5 135 88 13 96 1416 669 5 31 13 1 361 34 116 1047 536 2 2 1248 25 2 21 0 1 2 1 1
811 46 181 70 118 145 264 412 18 181 28 132 0 2 5 7 2 7 4 2 4 23 8 17 58 1 16 6 140 280 133 23 40 67 1 0 3 20 4 22 517 10 36 6 2 0 13 10 37 26 8351 5178 177 325 1785 46 27 57 0 2 22 21 27 12 8 26 77 22 30 54 9 23 27 49 207 17 16 0 6 193 37 28 1011 310 94 120 139 25 36 7 29 9081 2109 26 83 82 21 61 54 7 0 0 2 3 0 2 1 1 1 2 3 8 0 0 0 1 2 0 5 0 17 2 4 2 3 0 0 0 0 0 0 0 1 37 0 14 0 0 74 35 0 1 0 0 5 0 1 0 4 4 5 2 2 0 0 2 57 0 39 30 0 0 0 0 1 0 0 0 0 0 2 0 1 0 0 0 1 15 1 0 31 64 7 3 1 11 12 1 18 0 0 5 0 1 5 0 2 1 0 1
815 39 169 62 116 148 331 525 62 254 38 188 1 2 2 4 14 3 11 6 2 14 8 8 51 2 6 2 164 203 137 18 42 98 1 0 0 56 2 15 130 0 27 49 34 2 18 6 8 1026 5178 12440 201 257 2321 19 16 88 0 5 10 15 17 9 11 351 29 61 22 442 111 28 40 597 319 13 202 29 56 8511 3289 949 720 180 36 51 101 536 92 55 16 709 2716 46 32 102 115 93 47 7 0 1 3 3 0 5 1 47 2 1 1 6 1 0 0 0 1 0 1 2 15 10 10 3 3 3 1 5 0 0 1 0 3 72 0 20 0 0 110 57 0 6 0 3 11 15 10 1 32 10 4 18 27 6 2 39 4091 54 4891 1471 29 3 3 3 6 0 1 6 2 128 3 0 0 2 9 2 125 212 53 17 55 104 196 3 9 171 732 317 1057 1 21 173 32 1 101 10 3 6 0 4
1080 46 159 71 305 246 1064 698 83 419 75 330 5 3 5 4 2 4 1 5 27 64 14 38 166 2 53 23 1509 738 251 32 46 76 7 0 2 31 4 43 94 10 137 8 43 7 27 15 31 9 177 201 8669 9886 8640 5 92 29 0 2 53 39 105 80 37 10 94 66 82 61 14 153 52 75 227 17 178 22 64 4 51 13 1871 917 120 57 445 20 21 4 23 185 177 31 150 106 267 3216 169 60 2 0 11 14 1 9 3 6 6 3 11 17 1 0 1 0 5 0 5 0 16 5 9 3 9 0 1 0 0 0 4 0 2 44 0 19 0 0 83 52 0 2 0 0 6 0 1 0 8 4 0 1 1 1 0 0 1 0 0 0 2 4 2 2 1 0 1 0 0 0 7 4 2 1 1 1 0 1 6 1 39 60 14 2 1 9 2 0 2 3 4 0 0 0 13 1 11 2 0 3
2216 96 286 147 594 509 1441 854 35 364 66 412 1 6 19 9 7 14 6 5 35 106 44 130 534 26 167 57 5929 1677 629 48 89 112 10 1 8 54 9 141 201 27 331 4 8 6 90 36 63 3 325 257 9886 9335 1709 18 363 56 2 2 80 97 264 206 108 1 627 224 233 146 25 47 62 87 434 56 25 5 19 9 76 0 1338 5393 199 227 1357 28 56 14 57 327 261 86 401 201 33 1333 457 161 2 1 4 12 4 9 3 3 2 1 7 16 0 0 1 1 4 0 12 3 34 11 13 5 11 0 1 0 0 0 4 1 2 71 0 21 0 0 146 68 0 3 0 4 17 0 1 0 8 15 10 1 0 1 0 2 1 1 3 6 5 0 0 1 2 0 3 0 2 1 16 3 0 2 1 3 2 2 6 3 43 77 28 5 1 21 1 0 7 5 3 4 0 0 8 2 12 6 0 4
557 25 109 37 107 127 641 460 46 249 45 210 4 1 1 2 1 2 0 0 13 35 7 13 58 6 10 2 347 309 99 19 32 40 0 0 2 7 3 7 2672 3 33 2 20 3 7 9 19 13 1785 2321 8640 1709 13057 276 26 33 0 2 6 15 27 16 7 6 38 13 25 215 24 82 21 36 110 9 100 23 43 42 247 23 3584 251 67 58 126 30 15 4 11 2446 819 80 50 49 173 2279 47 14 1 0 10 9 0 5 0 1 3 2 3 7 1 0 0 0 0 0 1 2 9 3 5 2 6 0 0 0 0 0 1 0 0 33 0 7 0 0 49 26 0 1 0 0 9 0 2 0 2 2 1 1 0 1 0 0 4 0 2 15 0 0 0 0 1 0 0 0 1 0 2 1 0 0 0 1 1 7 1 0 28 34 8 1 0 8 10 2 13 0 0 1 0 0 4 1 2 2 0 1
166 32 81 73 49 145 21 62 6 43 7 107 0 2 3 2 3 4 1 1 355 83 9 6 52 0 1 0 23 50 92 17 22 19 0 0 1 24 1 23 705 1 10 1 1 0 7 1 13 1 46 19 5 18 276 1178 4 13 0 1 2 14 16 1 3 0 7 8 6 29 6 14 30 18 36 5 2 1 3 1 16 3 3244 55 2305 74 19 8 8 1 1 118 34 29 32 58 27 14 81 1 2 0 7 4 1 5 0 0 1 0 2 3 1 1 0 0 0 0 2 1 7 3 7 2 2 0 1 0 0 0 2 0 0 26 0 6 0 0 26 8 0 1 0 0 7 0 0 0 2 0 2 0 2 0 0 0 0 0 0 0 1 2 0 0 1 0 0 0 0 0 6 0 0 0 0 0 1 2 1 1 18 16 4 1 0 12 1 0 1 1 3 0 0 0 4 0 2 2 0 0
113 56 95 148 693 386 15 22 1 17 2 183 0 81 54 45 27 44 2 16 12 36 21 288 352 6 843 637 2785 4915 4964 9 128 717 54 2 24 100 41 102 122 39 533 2 1 17 129 60 42 0 27 16 92 363 26 4 7521 434 27 41 209 150 630 837 815 0 4249 1811 845 57 14 33 81 11 6774 72 5 0 5 0 24 0 133 651 100 1677 5310 17 35 12 84 44 24 33 442 2321 2 9 1533 4918 0 0 2 1 0 3 1 1 0 1 2 1 0 0 7 0 1 1 7 8 4 15 7 1 5 0 0 0 0 0 0 0 0 6 0 5 0 1 15 13 0 2 0 0 6 1 8 0 2 24 2 0 1 0 0 0 0 1 0 0 0 0 0 0 0 1 10 0 0 4 0 0 0 1 0 12 0 0 22 4 7 12 3 1 2 5 0 0 1 0 0 1 0 1 0 0 3 2 0 3
15 1 4 4 110 88 6 5 2 2 0 100 1 636 579 73 332 18 9 81 17 48 8 33 4 0 157 385 423 160 180 155 983 3923 55 83 325 493 146 30 221 10 45 0 3 5 163 48 6 0 57 88 29 56 33 13 434 5792 1995 1210 126 59 77 90 604 0 255 3114 754 45 23 277 301 34 9648 54 1 0 20 3 48 1 105 64 105 40 87 12 21 1 20 63 66 27 51 1491 2 5 14 173 1 0 7 10 1 14 0 1 1 0 5 14 0 0 2 0 1 0 1 5 21 11 8 6 10 0 1 0 0 0 3 0 1 43 0 14 0 0 107 47 0 4 1 5 21 0 1 0 2 5 1 0 0 6 0 3 1 7 0 2 6 6 0 5 2 0 1 0 1 0 8 0 0 1 0 4 3 2 6 3 31 58 12 0 1 8 0 1 4 1 15 1 0 0 3 1 7 3 0 0
0 0 1 1 6 1 0 0 1 0 0 0 0 6212 1659 116 866 31 13 139 3 11 18 269 7 4 489 439 31 13 10 0 33 1390 926 4704 945 631 68 543 86 15 184 0 0 4 2526 7 10 0 0 0 0 2 0 0 27 1995 2301 3251 60 21 70 160 404 0 21 1075 252 7 4 0 12 4 97 13 0 0 1 0 0 0 2 6 6 4 10 2 4 0 6 3 2 3 57 5 0 0 2 2 0 0 0 0 0 1 0 0 0 0 0 0 0 0 1 1 0 1 2 8 16 44 17 1 3 0 0 0 0 0 0 0 0 0 1 0 1 2 2 12 0 5 1 1 1 0 0 0 8 3 3 0 0 0 0 0 0 0 0 0 0 1 1 0 0 0 0 1 0 0 3 3 0 0 0 3 0 0 2 2 1 3 3 1 0 0 0 0 0 1 2 0 0 0 0 0 2 2 0 2
0 0 0 0 5 1 0 1 0 0 0 1 0 1039 744 72 777 44 5 160 10 14 11 24 4 1 98 249 40 11 18 0 52 2322 46 479 981 742 162 35 49 3 22 1 1 6 245 16 5 0 2 5 2 2 2 1 41 1210 3251 2652 87 24 32 46 377 0 16 1463 412 7 12 2 18 1 119 25 0 0 0 0 4 0 3 1 11 2 20 3 12 0 3 3 1 1 10 6 0 0 3 16 0 0 0 1 0 0 0 0 0 1 0 0 0 0 0 0 2 0 4 1 9 1 4 2 2 0 1 0 0 0 0 0 0 3 0 2 0 0 6 12 0 1 0 0 2 0 2 0 1 8 3 0 0 0 0 1 0 0 0 0 1 0 0 0 0 0 1 0 0 0 2 0 0 0 1 0 0 0 1 0 1 2 0 1 0 1 0 0 0 0 0 0 0 0 0 0 1 0 0 1
31 4 5 8 57 26 7 11 6 4 1 17 31 65 157 588 513 2521 491 497 28 124 96 1305 56 7 644 1285 314 103 90 1 236 731 165 1 138 1285 8293 122 3021 821 6979 151 79 293 254 225 280 7 22 10 53 80 6 2 209 126 60 87 12462 179 658 2075 3383 219 224 239 3242 178 133 104 1145 103 169 4382 16 3 101 0 85 1 44 99 51 84 141 158 526 32 2755 221 66 222 1255 74 10 3 54 25 0 4 1 1 10 4 0 4 0 0 1 1 12 30 1192 9 7 5 20 1136 126 1088 37 2 9 1 0 36 0 57 3 6 0 9 11 39 2 7 259 126 102 15 275 0 14 74 440 44 96 3802 18 6 9 0 0 32 4 3 1 6 0 3 1 1 12 3 948 451 23 310 9 10 58 27 26 1078 3 6 523 99 9 31 115 25 59 3 6 6 16 8 4 19 2 11 8 3 4 3 0 6
93 7 21 11 67 40 23 47 2 16 0 14 3 18 17 45 5 62 27 6 14 118 27 35 68 7 37 16 338 109 75 1 23 179 41 0 3 129 24 52 567 88 271 30 12 21 100 11912 362 34 21 15 39 97 15 14 150 59 21 24 179 11118 7067 380 588 13 190 201 5854 6847 4550 2 47 23 108 1646 10 1 20 22 1188 25 80 156 97 121 108 2252 1881 103 573 264 105 3124 2592 80 7 2 99 7 0 1 0 0 2 1 0 5 0 0 0 0 2 0 3 1 1 4 4 9 14 5 4 1 2 1 2 1 2 1 2 0 0 3 0 2 0 1 21 13 2 5 1 0 0 22 24 0 7 52 5 87 164 1 1 187 12 1 24 122 0 1 0 1 1 0 9 40 62 7 4 4 11 4 94 37 22 93 225 123 6 9 3 4 120 14 121 73 521 1 0 543 46 1 7 0 0 2 0 2
61 2 10 5 45 36 10 21 3 10 2 14 2 72 69 56 8 97 29 8 16 207 58 167 185 14 321 62 955 200 110 0 10 114 243 1 6 69 36 202 512 228 1543 36 42 75 418 4800 439 16 27 17 105 264 27 16 630 77 70 32 658 7067 17659 7759 7766 22 825 470 17281 2700 423 3 42 13 93 1519 8 3 18 1 191 3 147 392 150 330 276 305 1100 219 1252 193 84 2115 7644 42 9 2 182 56 0 0 0 0 2 0 0 1 0 0 0 1 0 0 18 0 1 2 2 11 8 10 6 0 0 0 2 0 0 0 1 0 0 0 0 3 1 1 8 9 0 3 1 0 0 16 33 0 6 106 4 8 22 0 0 48 4 0 3 10 0 1 0 0 0 0 30 8 9 7 0 2 1 1 29 49 4 10 128 67 2 0 3 1 50 3 11 15 70 0 0 109 4 3 2 0 0 1 0 1
24 3 2 3 22 9 7 6 0 3 0 5 2 243 149 69 20 247 16 5 10 57 31 524 81 6 1504 579 960 155 64 1 7 105 699 6 24 38 145 302 268 76 6085 7 15 393 939 217 32 0 12 9 80 206 16 1 837 90 160 46 2075 380 7759 8112 4583 2 1004 653 3110 133 44 6 30 3 90 320 1 0 7 0 22 1 64 328 50 227 262 32 91 12 572 37 22 63 3050 11 1 2 109 130 0 0 0 1 0 0 0 0 0 0 0 1 0 0 19 0 0 2 3 69 8 32 6 0 0 0 0 1 0 1 0 0 0 1 0 1 0 0 5 11 5 2 3 0 0 0 13 0 2 165 1 1 2 0 0 0 0 0 0 0 0 0 0 0 0 0 77 4 1 6 2 2 1 0 3 55 0 0 45 11 1 2 2 0 9 1 1 1 1 0 0 4 0 0 0 0 0 0 0 1
15 3 14 9 201 80 11 5 1 5 2 35 3 633 1109 812 38 241 19 19 17 61 63 122 16 1 346 1617 1304 613 488 5 37 955 617 3 28 178 8441 112 463 245 1523 4 9 101 764 348 57 2 8 11 37 108 7 3 815 604 404 377 3383 588 7766 4583 11753 6 563 1776 16727 147 53 10 67 5 554 207 1 0 6 0 23 1 48 102 72 97 104 25 68 17 284 34 17 39 1159 240 0 0 24 72 0 0 0 0 1 1 0 1 0 0 0 0 1 0 106 2 4 2 3 263 13 74 18 1 0 0 1 3 0 2 1 2 1 3 1 4 0 1 22 28 8 4 20 0 4 5 47 5 8 754 10 0 1 0 0 2 0 0 0 0 0 4 0 0 3 0 327 34 12 21 5 2 11 4 3 241 1 1 140 27 1 5 3 6 21 0 0 3 3 4 1 7 0 1 2 0 1 0 0 6
10 2 0 0 1 5 1 3 115 4 2 2 1129 0 1 2 18 62 207 6 2 4 1 0 2 0 2 1 1 2 0 0 2 1 1 0 0 51 4 3 35 1 17 850 5936 1371 0 5 14 1374 26 351 10 1 6 0 0 0 0 0 219 13 22 2 6 2341 2 0 19 25 32 28 79 931 1 30 1128 1012 290 560 859 1177 5 5 1 1 0 917 205 310 1331 15 3 11 31 1 460 50 5 0 1 0 0 2 0 1 0 0 0 0 0 1 0 3 374 1 0 0 2 246 12 222 5 0 0 0 1 5 0 0 3 0 0 2 0 1 1 0 35 19 3 0 8 0 3 10 187 9 27 854 1 2 28 0 0 40 16 0 20 32 1 0 1 0 0 0 120 19 3 1565 1 3 3 0 19 40 2 10 188 101 1 8 864 1 61 2 16 72 72 0 0 139 2 1 2 0 0 0 0 0
176 30 84 64 182 197 15 78 5 25 7 143 0 39 41 22 23 40 11 14 17 98 54 432 790 19 878 449 2428 351 738 26 87 374 73 1 10 87 33 228 158 53 869 6 4 30 165 112 100 0 77 29 94 627 38 7 4249 255 21 16 224 190 825 1004 563 2 7590 1461 790 170 37 16 68 46 2803 99 9 0 7 0 54 2 616 3060 425 2535 5291 32 90 15 139 161 93 84 767 668 17 5 1457 2004 1 0 16 7 0 13 4 3 5 3 3 14 0 0 6 1 3 2 9 5 29 21 20 4 13 0 0 0 0 0 0 0 6 64 0 19 0 0 65 49 0 5 1 3 22 0 6 0 5 37 11 0 1 1 0 0 1 6 0 0 3 9 0 3 0 0 11 4 1 2 16 4 4 2 2 15 0 2 18 7 41 54 12 6 3 29 1 2 7 3 14 4 1 1 7 1 9 1 1 4
27 1 6 3 14 7 3 10 0 3 1 9 1 991 888 140 472 70 11 105 38 161 28 442 40 12 1079 1115 715 86 113 2 125 3413 217 134 487 842 227 718 326 72 562 5 6 15 1529 109 30 2 22 61 66 224 13 8 1811 3114 1075 1463 239 201 470 653 1776 0 1461 4601 2001 63 40 12 128 46 3992 71 4 0 10 0 33 0 111 312 134 333 444 13 27 3 62 34 28 25 280 40 0 1 208 1344 1 0 1 0 0 1 0 0 0 0 2 2 2 0 2 2 4 1 14 13 32 24 26 2 1 0 1 0 0 0 0 1 0 9 0 6 0 1 43 61 0 10 0 0 6 0 5 0 2 16 5 0 0 0 0 1 0 1 0 0 3 0 0 0 0 0 10 1 0 2 4 4 0 1 3 4 0 0 21 4 6 23 8 1 5 1 0 0 1 2 0 7 0 0 2 0 4 3 3 6
59 3 17 24 329 153 24 19 0 25 0 51 5 233 417 339 81 262 57 30 30 147 80 238 94 13 286 720 1420 649 542 14 133 1568 377 4 50 643 6051 157 1820 1151 4540 36 23 128 789 7811 405 9 30 22 82 233 25 6 845 754 252 412 3242 5854 17281 3110 16727 19 790 2001 11092 1071 856 21 172 20 812 5475 6 2 33 1 353 3 129 249 163 209 243 292 1337 82 1331 206 69 456 3586 473 2 5 111 92 0 0 2 1 10 2 0 5 0 0 0 0 5 2 188 4 5 0 9 118 82 54 37 1 9 0 1 5 0 5 4 4 1 9 1 10 1 1 97 83 3 16 11 0 6 43 424 4 52 1398 24 5 19 2 1 135 2 1 2 7 2 10 0 1 2 2 292 105 5 67 20 5 22 12 54 495 3 10 830 297 7 37 10 19 120 9 9 36 38 4 2 118 6 4 10 4 3 1 1 8
619 33 126 46 105 129 149 336 10 153 19 110 1 12 26 73 6 76 33 8 15 182 39 55 111 11 32 9 169 170 98 9 33 79 15 0 1 60 36 64 922 50 142 22 14 16 53 1293 885 77 54 442 61 146 215 29 57 45 7 7 178 6847 2700 133 147 25 170 63 1071 6664 1840 8 41 68 176 435 37 2 19 84 2821 259 380 273 122 174 103 2389 893 120 379 525 2060 2744 4059 67 30 24 111 7 0 0 0 0 2 1 0 1 0 0 2 2 1 0 10 1 1 4 2 5 7 7 6 3 1 0 1 4 1 1 0 1 1 26 0 11 1 0 55 21 2 6 1 1 1 21 34 0 7 31 8 122 212 5 5 148 192 2 219 624 0 0 0 0 1 0 5 21 65 5 2 0 8 1 44 24 91 409 146 69 28 52 9 7 59 29 449 58 1449 1 1 531 53 1 11 0 0 2 0 4
97 5 23 9 33 36 36 57 7 34 2 25 2 2 10 26 7 29 23 1 2 41 17 12 24 0 6 3 62 38 33 3 15 80 1 0 3 137 13 18 320 27 54 36 23 12 20 8739 132 66 9 111 14 25 24 6 14 23 4 12 133 4550 423 44 53 32 37 40 856 1840 13427 4 57 37 76 663 23 2 29 82 10683 324 71 60 35 44 27 5057 1499 177 419 127 63 265 481 40 21 15 40 3 2 2 0 0 1 2 0 4 0 0 0 1 0 2 2 3 0 2 2 12 10 6 5 0 1 1 3 2 0 5 2 0 2 5 0 3 0 0 21 8 0 10 1 0 4 24 26 1 13 35 3 147 267 4 4 170 236 3 217 763 2 1 0 0 0 1 10 35 84 14 2 3 4 3 54 20 122 589 159 74 5 10 15 11 76 12 567 69 1897 2 2 688 58 0 10 3 1 1 0 1
87 24 88 100 551 1301 76 102 491 385 680 2329 104 1 5 5 21 55 26 10 115 323 10 1 21 2 0 3 111 209 278 864 1065 134 0 0 8 102 30 6 190 3 13 198 161 44 10 5 3 53 23 28 153 47 82 14 33 277 0 2 104 2 3 6 10 28 16 12 21 8 4 3221 915 928 665 18 2247 182 2226 9 34 32 59 37 230 55 21 46 23 13 64 19 16 14 14 1388 2284 625 64 5 98 16 481 377 33 454 89 55 113 62 285 671 0 0 2 1 8 0 9 9 40 13 21 82 235 1 12 0 0 0 69 0 75 1419 0 291 0 0 954 198 2 2 0 97 431 0 10 3 16 20 6 2 3 75 0 11 65 60 4 14 140 90 2 69 30 0 5 1 0 5 174 20 9 2 3 6 56 12 9 5 1197 1083 212 9 2 474 7 1 14 30 170 5 10 13 251 30 270 76 0 20
