37747 12996 12897 1488 691 1861 11070 16048 269 1568 117 993 1 21 3 6 0 0 0 0 266 84 2 2 13 1 15 29 11862 10276 236 124 112 23 8 3 12 11 13 3 2391 7 9 0 3 6 23 19 36 8 87 157 617 1341 90 493 219 35 12 3 3 39 12 8 21 2 940 46 21 64 48 84 8 31 137 10 49 1 8 5 257 13 1663 1275 1278 258 33 74 71 5 18 274 88 43 39 250 212 2736 32 72 114 18 536 669 47 534 72 16 222 240 297 397 0 0 0 0 0 0 0 0 1 0 0 11 13 0 3 0 1 0 124 7 78 106 0 80 0 0 7 15 0 2 0 31 67 0 0 1 1 3 2 5 4 0 0 3 3 11 6 3 26 41 3 18 30 0 0 0 0 0 30 46 7 2 1 2 9 8 7 2 112 18 14 1 1 57 0 1 6 4 45 9 5 58 166 17 21 2 1 2
12996 9452 1767 13651 1884 6467 141 461 39 238 110 1846 0 7 2 5 0 2 1 0 409 183 6 3 21 2 8 10 685 2357 251 84 64 17 3 5 11 7 2 3 1275 0 1 0 0 4 19 5 6 4 20 47 72 174 13 182 174 16 10 0 4 15 3 1 5 1 388 15 3 12 11 52 5 20 38 2 23 0 10 2 67 4 383 363 830 296 16 21 31 3 7 63 26 10 11 107 178 106 65 22 206 29 949 1269 72 1081 132 26 319 351 496 866 0 0 0 0 0 0 1 0 3 1 2 13 10 0 2 0 0 0 179 4 117 150 0 84 0 0 4 12 0 1 0 38 75 0 1 1 1 0 1 1 1 8 0 4 2 18 3 4 22 47 7 20 50 0 0 0 1 1 71 49 5 6 0 6 8 1 3 0 185 11 10 2 1 77 0 0 7 2 61 1 3 91 312 35 32 3 1 0
12897 1767 9812 4839 240 3670 531 10874 261 6836 466 15846 0 5 1 2 3 1 0 0 233 197 8 1 25 0 5 8 409 371 115 35 78 15 5 2 13 6 5 0 624 0 9 0 1 2 22 7 2 1 18 44 105 175 21 133 73 16 11 1 2 18 3 2 10 1 279 14 8 16 16 111 11 34 44 3 51 1 6 2 72 3 339 304 493 140 12 28 26 6 6 68 20 10 11 68 443 376 56 23 237 36 1031 1384 70 1196 175 39 481 532 666 851 0 0 0 0 0 0 0 0 4 1 1 8 8 0 3 0 0 0 150 4 132 150 0 77 0 1 7 18 0 3 1 21 51 0 1 0 1 3 1 3 2 4 0 1 2 12 6 2 22 40 4 22 36 0 1 3 1 1 52 36 10 6 1 4 2 3 5 1 190 12 18 2 1 87 2 2 7 3 28 4 4 55 403 42 14 5 1 1
1488 13651 4839 20830 3394 11781 28 61 33 131 44 3555 0 3 2 2 1 0 1 0 308 182 4 2 17 1 5 2 136 564 323 35 42 16 3 2 6 13 1 3 591 0 1 0 0 1 29 4 3 1 7 9 28 68 1 61 149 7 9 0 1 4 4 1 2 1 261 13 0 3 3 38 4 12 32 1 16 0 10 0 19 1 135 214 475 236 8 8 7 1 2 18 4 2 11 46 150 62 70 17 156 32 620 847 48 714 87 21 222 308 366 502 0 0 0 0 0 0 0 0 1 1 1 7 5 0 2 0 0 0 94 5 72 84 0 51 0 0 7 13 0 2 0 20 45 0 2 0 1 1 2 1 1 2 0 3 2 7 0 1 21 23 1 14 23 0 0 0 1 0 26 31 4 5 0 2 0 1 0 0 102 6 10 2 1 41 0 0 1 2 42 1 0 43 234 22 16 4 0 1
691 1884 240 3394 13987 10812 72 72 15 59 63 1419 0 9 3 5 2 3 0 0 380 344 4 2 35 0 5 7 1000 7328 7948 1345 550 131 6 2 24 19 10 2 669 2 6 0 0 2 9 3 3 2 9 17 69 133 3 116 665 246 16 6 3 4 4 1 6 0 400 21 12 9 6 255 21 22 247 4 56 0 36 1 27 0 260 315 532 226 10 13 11 0 2 25 20 9 10 1546 136 63 73 48 18 4 82 106 8 101 9 2 27 24 43 93 0 0 0 0 0 0 0 0 2 1 0 11 5 0 0 0 0 0 37 2 20 52 1 45 0 0 8 7 0 2 0 6 17 0 0 0 3 0 1 0 0 2 0 1 0 9 0 1 5 11 0 4 16 0 0 0 0 0 15 10 2 1 0 0 5 0 0 0 50 12 9 0 0 42 0 0 1 0 15 0 0 14 31 5 5 0 1 0
1861 6467 3670 11781 10812 14866 110 167 48 549 137 16594 0 13 8 6 5 3 1 0 734 745 13 6 63 0 8 6 644 3732 3225 2810 2308 47 5 1 19 23 8 7 1137 1 9 3 0 1 28 4 4 1 14 20 79 177 10 107 272 110 11 2 2 8 5 8 7 1 571 26 9 10 7 316 20 23 110 4 99 0 41 2 40 3 306 490 881 533 25 19 12 1 0 32 13 9 9 693 424 136 176 27 84 12 404 556 41 495 55 24 141 165 252 378 0 0 0 0 0 0 1 0 1 2 1 13 10 1 1 0 0 0 67 11 95 102 0 88 0 0 14 15 0 3 0 17 45 0 1 0 3 3 1 2 1 5 0 1 3 10 0 3 21 34 3 14 40 0 0 0 0 1 29 31 10 4 0 1 2 1 3 0 121 11 20 3 2 68 2 0 1 3 31 4 0 46 208 15 13 2 0 7
11070 141 531 28 72 110 6406 6580 644 1764 247 418 0 3 0 0 0 0 0 0 16 14 0 1 3 0 3 4 3577 471 37 28 31 7 0 2 6 2 0 0 270 1 5 0 5 2 14 6 6 2 36 75 637 1266 107 107 31 13 5 2 1 7 6 0 7 2 182 11 5 21 24 50 0 22 39 4 30 2 2 1 104 3 1036 580 211 35 9 37 32 1 9 109 55 16 14 41 237 6204 3 16 16 3 43 54 1 46 13 4 24 29 33 22 0 0 0 0 0 0 0 0 0 1 0 3 1 0 0 0 0 0 10 0 8 19 0 15 0 0 1 7 0 0 0 3 2 0 0 0 1 0 0 1 3 0 0 0 0 0 1 2 1 7 0 1 8 0 0 1 1 0 6 2 2 1 0 1 1 1 1 0 11 8 5 0 0 13 0 0 2 0 4 4 3 3 10 4 2 0 0 0
16048 461 10874 61 72 167 6580 18978 3273 23618 1284 4254 0 1 0 2 0 2 0 0 90 25 1 2 5 0 7 7 1569 505 56 35 41 11 2 0 4 3 1 3 995 2 2 1 1 5 15 7 13 6 38 84 503 962 59 233 59 10 6 1 2 23 4 3 6 4 453 19 10 38 28 51 2 29 45 4 44 1 4 4 152 3 1141 779 542 75 16 42 46 6 15 177 77 27 24 54 199 3144 16 25 103 6 313 412 14 281 70 11 170 195 169 206 0 0 0 0 0 0 0 0 1 0 0 3 4 0 2 0 0 0 55 2 30 40 0 35 0 0 6 8 0 1 0 12 26 0 1 1 2 2 0 2 1 3 0 2 4 6 0 1 12 13 2 7 10 2 0 1 0 0 12 14 2 1 0 3 2 2 2 0 47 13 5 0 2 28 0 0 7 1 16 3 0 19 77 14 7 1 0 2
269 39 261 33 15 48 644 3273 2457 4954 676 595 12 2 2 0 0 3 2 0 32 89 9 2 11 0 3 4 117 25 6 45 58 8 2 0 1 1 0 3 58 0 3 2 43 17 10 4 3 29 1 38 134 128 33 10 11 34 2 0 0 3 1 2 2 29 22 13 1 0 3 172 6 104 33 1 255 22 27 16 9 39 91 62 30 15 8 33 44 37 27 7 8 2 1 48 4158 1854 12 2 1 1 13 10 0 8 1 0 3 7 12 10 0 0 0 0 0 0 0 0 1 0 0 0 2 0 2 0 0 0 2 0 5 8 0 19 0 0 3 7 0 0 0 0 4 0 1 0 0 0 0 0 0 0 0 0 0 1 1 2 0 2 0 1 6 0 1 0 0 0 3 0 3 0 0 0 1 3 2 1 4 10 11 0 1 7 0 0 7 0 2 0 1 3 3 1 1 0 0 1
1568 238 6836 131 59 549 1764 23618 4954 27537 20000 24709 1 3 1 0 0 1 0 0 48 58 4 1 7 0 6 2 553 159 30 77 114 14 0 0 4 4 3 0 199 1 2 0 6 3 10 5 7 6 17 37 271 346 63 62 29 36 5 0 1 1 2 1 3 2 143 4 6 12 14 189 3 51 41 1 134 4 13 4 48 4 352 223 163 34 8 18 28 8 5 76 16 15 9 59 1930 3597 12 11 121 11 519 566 17 497 125 33 306 393 346 350 0 0 0 0 0 0 1 0 0 0 0 5 3 0 1 0 0 0 34 1 36 31 1 36 0 0 3 6 0 0 0 5 14 0 5 0 2 1 1 0 0 0 0 2 1 2 2 3 5 9 2 3 13 0 1 0 0 0 21 9 0 1 0 1 0 0 3 0 69 8 13 2 1 36 0 2 1 0 18 2 1 25 170 21 9 1 0 1
117 110 466 44 63 137 247 1284 676 20000 10710 6136 0 2 1 0 3 0 0 0 79 91 8 1 7 2 3 1 91 90 27 110 459 19 0 0 3 5 1 1 173 0 0 0 2 2 7 1 1 2 7 14 78 106 14 19 26 18 2 1 0 3 2 0 0 2 90 6 2 7 2 1143 16 15 26 4 264 1 33 1 25 3 129 100 105 30 4 5 8 1 4 20 7 1 5 81 2128 975 7 7 100 14 350 423 31 390 62 20 165 198 241 354 0 0 0 0 0 0 1 1 0 2 0 11 4 0 0 0 0 0 61 9 81 94 0 50 0 0 14 15 0 0 0 17 35 0 1 0 0 0 1 0 1 3 0 0 4 10 2 9 12 25 4 9 26 1 0 0 0 0 35 16 2 3 1 3 3 2 0 0 112 8 9 1 0 68 0 0 0 3 31 0 1 50 180 23 14 2 0 1
993 1846 15846 3555 1419 16594 418 4254 595 24709 6136 48897 1 13 5 10 4 3 2 0 951 960 27 8 82 2 16 12 600 1485 670 1342 7131 464 8 0 31 72 6 18 1508 3 14 3 5 2 46 7 8 7 26 47 214 393 39 161 203 271 29 10 7 22 10 6 10 3 750 48 20 11 14 1945 275 111 398 3 467 2 392 2 81 6 577 759 882 512 29 27 31 5 8 90 33 12 25 765 4019 981 176 50 292 69 1459 1650 107 1530 198 70 523 631 906 1450 2 1 0 1 0 0 2 1 11 5 3 45 37 2 4 0 0 0 311 23 270 434 3 319 1 1 31 87 1 6 0 81 135 1 1 1 9 2 6 1 3 13 0 0 12 35 3 9 65 80 9 47 112 4 1 3 2 0 108 85 18 10 1 3 12 6 8 1 466 67 44 1 0 255 2 1 6 5 129 6 4 173 730 66 54 14 2 7
1 0 0 0 0 0 0 0 12 1 0 1 4380 2 0 8 63 566 5298 33 2 2 0 1 0 0 3 10 0 0 0 0 12 2 0 0 6 157 11 0 3 0 6 5420 1347 2505 0 0 0 34 0 4 3 0 0 0 0 0 1 0 5 3 0 8 8 2204 0 0 4 0 1 75 274 1370 0 0 669 219 460 5 4 6 0 1 1 0 0 10 39 106 147 0 0 1 4 0 91 6 0 0 0 1 0 1 0 0 0 0 0 0 0 0 4 19 517 11 0 60 8 477 28 688 26 3 1 0 0 8 0 10 4 1 0 1 4 8 4 3 7 7 128 5 24 0 3 7 55 34 27 1269 0 1 2 0 1 0 2 0 0 1 0 0 0 0 5 3 108 29 9 185 1 0 0 2 4 69 0 1 103 6 0 3 289 0 12 7 0 0 6 0 1 8 1 0 2 0 1 0 0 0
21 7 5 3 9 13 3 1 2 3 2 13 2 10850 8612 1404 753 267 38 24 69 73 331 151 8 90 3100 2368 145 50 24 8 18 1575 5166 9591 2902 45 324 236 1471 110 133 9 0 73 539 8 21 1 2 5 16 38 0 10 149 302 3536 1467 67 22 33 327 596 0 76 151 304 3 6 7 9 58 268 12 5 0 4 1 4 1 34 40 36 23 17 6 6 0 17 30 2 20 75 90 4 5 7 18 2 3 2 5 0 4 1 1 1 0 3 2 99 44 15 211 11 136 242 88 677 640 620 51 57 14 83 24 26 59 19 7 2 53 7 138 73 63 286 430 32 340 4 2 40 58 2 1 281 103 59 24 7 0 2 2 2 2 0 0 4 4 1 1 21 67 36 39 33 2 23 20 11 57 11 32 2 2 13 0 25 60 152 2 7 48 0 1 1 7 6 11 17 5 6 2 15 15 3 12
3 2 1 2 3 8 0 0 2 1 1 5 0 8612 23295 18886 1618 1911 166 656 56 43 461 305 16 53 2112 4480 26 12 8 0 5 65 581 1800 769 65 777 148 1935 314 242 6 1 161 36 21 68 1 1 0 3 10 1 4 22 45 78 12 445 58 83 184 688 0 27 27 732 21 4 7 11 59 34 66 2 0 10 0 7 0 2 11 3 8 2 13 24 2 53 81 2 50 175 14 4 2 7 4 1 1 1 2 2 2 0 0 0 0 1 0 221 82 29 385 18 162 330 173 710 896 646 48 32 14 90 45 101 86 11 2 2 33 5 59 113 85 230 379 52 514 10 3 31 75 1 1 282 167 42 32 6 0 4 1 0 1 0 1 1 5 0 0 14 79 41 64 42 2 11 13 4 52 17 40 7 6 23 1 11 49 149 2 7 42 0 0 3 11 2 18 17 1 7 5 4 10 5 10
6 5 2 2 5 6 0 2 0 0 0 10 8 1404 18886 16801 575 4005 3087 3250 25 35 298 520 12 48 1660 6041 103 50 17 2 13 324 92 364 1561 819 2028 67 1106 403 562 59 3 263 28 60 206 7 5 3 6 17 0 6 100 104 41 36 473 139 148 486 763 14 78 37 1174 42 23 8 33 67 187 175 7 0 10 1 9 0 18 28 24 18 10 44 62 2 108 295 5 231 506 47 3 2 9 5 0 2 1 3 3 1 0 0 0 0 1 1 258 350 531 566 2 696 147 1116 349 3419 235 24 17 4 17 51 41 461 14 3 4 25 5 69 99 28 94 126 242 144 46 6 31 61 20 24 211 1126 11 20 15 1 0 3 1 0 1 5 4 4 1 0 7 18 68 69 17 21 4 12 4 10 6 47 5 7 48 10 7 19 282 2 13 8 0 2 5 3 6 24 14 1 2 0 8 4 1 1
0 0 3 1 2 5 0 0 0 0 3 4 63 753 1618 575 4235 545 3653 1234 38 54 145 89 12 22 39 40 1 0 3 2 11 13 21 213 1181 819 60 101 603 37 106 264 5 700 18 5 18 4 2 2 2 2 0 0 6 6 5 4 324 19 10 32 35 14 4 4 58 6 1 7 22 307 15 114 0 0 7 0 4 2 1 4 4 6 2 6 13 2 109 17 0 18 76 5 2 0 2 1 5 9 2 4 4 3 1 4 1 0 0 2 203 72 15 327 37 102 432 82 823 477 538 78 129 27 188 50 74 101 22 4 4 98 13 112 136 87 491 560 52 712 19 0 59 112 2 0 450 135 101 44 9 1 5 0 1 4 0 1 2 7 2 1 29 91 37 82 31 4 23 27 14 105 21 64 11 2 29 2 35 115 246 3 13 124 0 1 3 13 6 13 33 11 11 5 28 27 6 21
0 2 1 0 3 3 0 2 3 1 0 3 566 267 1911 4005 545 21080 7916 715 23 43 145 1175 25 36 1770 1465 24 12 9 2 47 101 62 73 811 1464 3389 53 1036 371 2311 578 5 5374 49 86 170 21 1 1 4 8 0 5 49 31 22 6 9004 169 146 2256 1409 395 30 15 976 33 29 5 246 172 55 588 11 1 21 1 13 2 5 21 7 25 8 47 94 13 347 273 7 171 686 16 3 2 15 13 0 3 1 0 0 0 1 2 2 0 0 3 82 543 1996 169 3 859 46 1995 242 3587 150 7 5 3 2 86 9 564 8 8 3 11 22 57 42 4 46 79 946 20 188 0 15 55 56 167 119 3203 3 6 22 1 0 7 1 1 2 1 2 5 0 0 10 10 173 156 14 149 5 8 6 17 11 130 4 4 93 7 6 8 285 2 21 10 0 4 9 1 2 27 6 9 4 0 3 3 2 0
0 1 0 1 0 1 0 0 2 0 0 2 5298 38 166 3087 3653 7916 60714 12176 10 10 21 205 8 11 679 537 2 1 0 0 30 8 28 12 892 5421 155 52 176 54 410 8402 84 5736 20 24 10 22 0 48 0 0 0 0 10 5 7 0 177 40 32 633 371 869 8 4 91 3 7 10 558 4479 1 28 31 1 60 10 7 31 0 6 3 2 2 27 53 54 275 41 1 19 118 0 9 0 0 1 0 1 1 3 1 5 0 0 0 0 0 2 742 564 2617 1330 12 1476 470 3329 1529 11619 1322 36 26 25 73 137 141 682 14 6 0 40 16 82 247 119 294 401 449 533 113 5 49 164 66 229 814 4076 33 47 5 2 4 2 5 3 2 3 4 6 0 1 15 70 206 188 43 180 14 14 6 25 15 98 9 7 148 13 17 44 2577 2 16 38 2 1 17 6 5 31 20 4 5 1 11 14 2 11
0 0 0 0 0 0 0 0 0 0 0 0 33 24 656 3250 1234 715 12176 3690 12 12 65 95 9 15 68 63 1 2 0 2 3 10 23 7 210 476 30 56 260 51 71 100 4 406 11 9 25 3 0 1 1 0 0 0 0 1 1 0 248 22 8 30 31 10 0 1 41 6 3 2 15 185 1 30 3 0 3 0 5 2 0 2 1 2 0 1 13 1 54 23 0 21 77 2 0 0 2 1 1 2 0 2 0 1 0 1 0 0 1 3 438 129 38 771 21 171 521 138 894 1165 598 53 51 33 127 77 114 198 7 4 0 35 13 61 236 114 291 317 33 771 27 2 39 130 3 1 402 169 64 58 3 1 4 0 1 4 1 1 1 8 2 1 7 118 45 95 29 4 16 11 4 42 16 53 8 6 24 2 15 42 210 3 11 70 0 2 5 7 4 20 37 4 4 3 8 14 1 8
266 409 233 308 380 734 16 90 32 48 79 951 2 69 56 25 38 23 10 12 8509 9779 2851 1842 519 336 271 18 52 344 475 141 312 147 62 26 145 188 14 336 1098 39 101 4 0 9 235 8 8 1 2 1 17 21 6 892 58 182 50 6 13 28 46 38 22 0 89 67 42 11 1 242 79 149 383 3 167 1 137 2 4 0 39 59 2917 451 136 4 10 1 6 14 2 9 110 862 192 31 415 51 4 3 18 16 5 11 0 0 4 6 13 15 2 2 0 1 1 1 3 1 14 12 6 20 29 0 7 0 1 1 12 4 9 110 5 171 2 0 70 86 2 13 0 3 23 1 0 1 15 13 6 0 1 1 0 1 1 2 0 2 8 6 0 1 31 3 0 1 5 0 21 14 10 17 0 3 2 2 2 0 109 63 61 3 3 84 0 0 2 5 9 1 0 13 20 4 17 9 0 10
84 183 197 182 344 745 14 25 89 58 91 960 2 73 43 35 54 43 10 12 9779 40490 3834 1199 7854 757 223 53 94 325 465 225 565 315 77 35 280 455 17 1699 1169 159 1314 11 5 60 775 21 127 6 0 13 26 60 10 162 90 359 130 13 56 415 407 161 75 2 299 179 106 141 10 504 207 491 659 30 373 2 273 1 16 7 157 239 5395 2101 828 29 56 7 73 112 14 246 1810 1539 483 74 3648 219 5 6 13 21 11 16 1 2 4 4 14 26 8 4 5 8 1 5 18 10 87 13 43 60 95 2 35 3 1 3 52 12 14 288 7 434 1 8 227 254 3 65 2 7 97 2 5 1 51 15 32 6 10 4 0 4 5 6 0 3 21 20 1 2 58 15 3 7 8 2 42 41 34 50 15 9 5 5 34 7 189 198 197 8 11 186 1 0 9 12 33 29 7 28 36 4 44 19 3 28
2 6 8 4 4 13 0 1 9 4 8 27 0 331 461 298 145 145 21 65 2851 3834 8154 7184 456 2671 506 42 14 8 16 20 187 287 59 111 556 434 26 2027 6783 838 1281 8 1 36 254 10 249 2 0 2 2 17 4 4 38 30 30 15 41 102 90 45 12 0 85 35 24 32 5 90 91 60 43 26 82 1 79 1 3 1 26 41 106 95 49 17 27 1 57 156 1 139 849 58 70 8 50 12 0 1 2 1 2 4 0 2 1 1 1 3 12 6 0 19 1 13 30 10 92 65 97 16 7 0 14 0 6 5 3 2 6 45 0 53 16 10 49 59 5 37 2 0 13 8 0 0 33 10 8 4 5 0 0 1 2 0 0 2 4 3 1 0 14 3 6 7 8 1 8 2 2 10 5 10 1 0 10 0 30 27 26 1 6 33 0 0 1 1 3 12 6 3 10 1 7 5 1 4
2 3 1 2 2 6 1 2 2 1 1 8 1 151 305 520 89 1175 205 95 1842 1199 7184 17904 743 3870 2931 34 31 8 24 3 6 22 723 56 101 48 44 4951 3306 4178 3576 6 0 700 1337 7 356 5 0 1 5 27 1 20 85 5 68 3 432 94 90 225 41 5 275 46 66 34 6 5 6 11 9 25 8 0 6 0 8 0 51 103 79 262 106 16 28 3 167 241 4 140 734 9 2 2 163 36 0 0 0 0 1 0 0 0 0 0 0 1 22 19 18 34 1 51 35 77 119 294 153 6 5 3 6 6 5 13 2 1 0 9 2 16 17 15 37 56 21 46 7 0 7 10 3 1 36 68 3 8 2 0 0 0 1 0 0 0 1 2 0 0 2 5 10 18 8 1 0 1 2 5 7 13 1 3 14 3 4 10 35 0 6 5 1 1 7 2 1 8 5 2 1 0 2 0 0 0
13 21 25 17 35 63 3 5 11 7 7 82 0 8 16 12 12 25 8 9 519 7854 456 743 9104 157 383 20 25 26 112 5 21 16 90 3 27 46 5 2531 369 60 909 5 1 69 1478 8 34 5 7 5 34 57 2 90 151 14 22 3 62 257 405 258 57 2 795 57 79 79 12 25 6 76 21 11 29 0 15 0 17 2 224 532 1329 3204 994 10 21 2 38 30 4 94 1078 73 30 3 7387 1528 0 1 1 4 2 1 0 0 0 0 2 0 5 5 2 13 0 13 16 3 70 14 37 17 15 0 13 4 2 5 7 1 3 41 3 72 6 6 85 85 6 33 2 0 23 5 2 0 30 11 12 4 5 0 0 1 0 2 0 2 3 2 0 0 7 8 0 4 2 1 7 8 5 12 3 7 4 3 18 2 17 43 35 2 6 25 0 0 1 2 3 15 2 4 1 0 7 1 1 4
1 2 0 1 0 0 0 0 0 0 2 2 0 90 53 48 22 36 11 15 336 757 2671 3870 157 1479 842 12 4 0 2 2 0 10 745 91 27 14 5 3347 666 67 207 2 0 10 264 0 12 0 0 0 3 1 0 1 11 2 40 1 10 10 14 31 1 0 44 16 0 2 0 0 3 7 4 1 2 0 2 0 1 0 6 20 25 53 16 0 2 0 6 12 0 9 70 5 1 2 30 6 0 1 0 1 0 0 0 0 0 0 0 1 21 5 4 32 3 34 28 15 97 133 125 3 4 0 9 8 3 9 2 0 0 6 0 10 9 11 20 30 5 41 3 0 7 8 0 0 37 17 3 5 0 0 0 0 0 0 0 0 0 0 0 0 1 2 5 3 3 1 1 1 2 4 5 6 0 2 3 0 1 4 16 0 1 2 0 0 1 0 0 2 0 1 1 0 2 1 0 0
15 8 5 5 5 8 3 7 3 6 3 16 3 3100 2112 1660 39 1770 679 68 271 223 506 2931 383 842 22370 3439 219 37 138 3 14 133 6536 1740 365 33 78 2418 532 130 691 7 2 170 2000 5 58 0 5 7 56 110 0 32 453 170 1068 58 39 66 77 1494 329 6 627 364 89 9 1 18 11 57 220 12 17 0 7 0 10 1 107 210 151 361 116 8 12 0 19 58 6 34 134 38 19 9 264 185 2 1 2 3 0 2 0 0 0 0 5 1 126 75 117 199 2 320 74 533 198 2065 248 9 4 2 12 20 20 84 2 0 2 30 1 47 38 26 36 68 38 72 3 1 11 23 3 5 89 346 8 10 3 0 2 0 1 1 0 0 2 4 0 0 8 9 26 13 11 3 5 3 0 6 3 13 1 1 10 0 13 17 133 0 0 5 0 2 1 1 10 3 3 5 2 2 4 4 0 0
29 10 8 2 7 6 4 7 4 2 1 12 10 2368 4480 6041 40 1465 537 63 18 53 42 34 20 12 3439 13781 417 116 118 7 20 217 268 580 462 57 3205 20 231 36 109 8 0 575 214 23 16 3 1 6 55 142 0 26 590 288 441 73 130 34 18 1191 1914 23 427 319 369 23 19 12 14 15 320 25 6 0 8 0 13 1 120 136 102 75 22 17 18 1 38 37 7 19 35 79 12 11 59 71 1 1 1 6 2 2 2 0 0 1 4 6 26 88 300 33 1 221 12 884 75 876 71 17 27 0 10 12 5 73 17 6 2 30 4 71 10 6 82 76 234 31 33 2 17 12 3 15 42 837 6 2 4 1 0 0 1 1 0 3 5 4 0 0 15 6 50 35 7 14 8 7 2 16 2 29 0 1 12 2 10 24 46 2 1 10 1 1 4 6 4 4 2 9 3 2 8 6 1 2
11862 685 409 136 1000 644 3577 1569 117 553 91 600 0 145 26 103 1 24 2 1 52 94 14 31 25 4 219 417 32554 11418 1516 154 170 258 52 20 183 24 144 26 306 21 99 1 0 31 156 18 13 3 28 63 1493 8888 98 86 2715 107 234 75 40 144 141 107 322 0 4286 294 426 57 8 201 20 56 1377 9 57 0 23 2 97 5 1322 2723 168 67 182 40 38 5 20 94 35 55 127 1499 132 4990 17 1227 18 11 88 131 14 105 13 3 31 19 55 108 1 1 4 3 0 2 0 4 4 6 1 18 16 0 4 1 0 1 55 4 37 130 1 146 1 1 11 38 8 5 2 16 39 3 1 0 7 22 4 0 5 3 0 1 3 7 1 1 17 27 0 6 44 6 6 3 0 1 31 32 6 7 3 5 9 1 5 0 113 43 18 2 1 92 0 0 2 1 34 3 4 54 53 7 19 6 1 7
10276 2357 371 564 7328 3732 471 505 25 159 90 1485 0 50 12 50 0 12 1 2 344 325 8 8 26 0 37 116 11418 25035 5759 483 340 210 13 12 120 23 49 4 1354 4 16 0 1 10 46 11 17 2 46 69 214 639 18 322 7369 98 91 44 12 36 15 16 56 2 1278 63 89 38 38 189 14 23 724 9 53 0 21 1 112 0 895 790 1114 311 41 46 42 3 17 169 51 34 24 2631 158 380 65 276 56 11 232 297 15 235 30 3 50 65 111 205 0 1 1 0 0 0 1 1 4 0 0 7 8 0 0 1 0 0 61 3 52 80 0 77 0 0 14 26 1 3 2 15 35 1 0 0 4 8 2 1 1 4 0 0 7 10 1 6 19 18 3 12 28 0 0 0 0 1 30 19 8 7 0 2 3 2 3 1 87 21 10 4 3 53 0 1 11 3 42 6 3 40 89 7 12 1 1 0
236 251 115 323 7948 3225 37 56 6 30 27 670 0 24 8 17 3 9 0 0 475 465 16 24 112 2 138 118 1516 5759 13383 228 136 117 30 11 50 16 17 16 924 4 53 0 0 34 209 10 3 2 12 22 86 308 2 149 6972 72 106 26 18 38 46 107 137 1 1636 508 106 15 12 72 15 16 1093 4 27 0 16 0 41 3 343 689 785 1020 646 15 17 1 10 51 18 10 56 2800 48 49 1581 7351 11 0 38 56 4 36 6 0 9 8 21 46 0 0 0 0 0 0 2 3 11 3 2 3 3 0 0 0 0 0 27 2 9 18 0 37 0 1 14 16 4 2 1 4 8 1 0 0 8 7 3 0 3 1 0 0 3 1 0 1 5 9 0 2 13 0 2 2 1 1 8 8 1 3 2 1 0 1 3 0 27 13 10 1 1 18 0 1 2 1 12 2 0 13 18 3 4 1 0 1
124 84 35 35 1345 2810 28 35 45 77 110 1342 0 8 0 2 2 2 0 2 141 225 20 3 5 2 3 7 154 483 228 3741 4542 2483 2 0 32 55 3 2 210 0 1 2 0 0 18 0 0 1 3 13 50 79 11 18 28 3474 26 19 3 4 4 1 8 0 114 33 7 2 3 719 55 28 1757 0 194 0 87 0 19 1 131 131 103 43 5 9 2 2 2 21 14 6 5 5396 680 70 19 4 25 8 87 96 13 106 7 5 21 17 80 108 0 0 0 0 0 1 0 0 4 0 1 17 18 1 2 0 0 0 36 5 56 112 1 124 0 0 17 32 1 1 0 12 41 1 0 1 2 1 2 2 0 1 0 0 3 7 0 5 13 18 0 4 37 0 0 0 0 0 21 18 10 4 1 0 4 3 4 0 131 17 11 0 0 68 0 0 2 4 22 4 0 39 72 10 9 1 0 1
112 64 78 42 550 2308 31 41 58 114 459 7131 12 18 5 13 11 47 30 3 312 565 187 6 21 0 14 20 170 340 136 4542 20784 8247 11 4 109 2149 13 7 483 2 10 46 11 121 39 5 2 7 8 18 100 143 11 35 66 2795 120 96 47 6 4 10 11 6 160 138 28 8 7 4510 4342 701 3078 14 260 24 1090 2 33 10 205 201 181 88 16 12 19 8 25 28 8 4 9 2100 849 95 26 14 20 17 99 111 27 172 10 6 26 21 106 166 6 5 5 13 0 7 20 8 119 30 53 136 162 6 47 1 3 5 140 33 65 512 13 953 2 11 542 548 1 70 1 39 194 7 3 0 115 13 45 4 1 14 0 1 13 17 0 16 66 76 4 16 142 27 1 5 8 1 129 69 42 99 3 11 16 8 2 1 306 380 309 11 3 214 0 0 6 25 93 3 10 82 117 17 93 54 5 37
23 17 15 16 131 47 7 11 8 14 19 464 2 1575 65 324 13 101 8 10 147 315 287 22 16 10 133 217 258 210 117 2483 8247 16858 474 142 4366 2752 76 20 488 14 22 11 1 53 479 7 1 2 1 7 56 87 3 15 214 7431 2832 5855 93 13 6 37 83 1 128 623 84 3 3 566 395 156 3994 10 58 3 212 3 21 3 118 87 82 50 35 9 7 1 10 20 6 6 22 1318 83 10 10 24 15 13 20 24 15 20 8 1 7 2 19 32 12 8 1 14 2 6 33 16 93 28 38 96 137 3 35 6 1 8 84 23 17 368 21 747 8 10 367 432 8 94 2 22 145 8 1 5 84 17 48 4 7 8 0 2 10 15 2 10 38 43 3 4 122 32 1 16 4 0 84 67 46 93 2 11 9 5 7 0 157 261 127 11 3 139 0 1 12 24 63 4 8 34 24 5 78 47 5 45
8 3 5 3 6 5 0 2 2 0 0 8 0 5166 581 92 21 62 28 23 62 77 59 723 90 745 6536 268 52 13 30 2 11 474 6160 2761 661 17 14 3321 93 19 481 4 0 26 919 4 11 2 1 1 11 14 2 8 86 73 1949 317 24 26 40 487 168 2 85 75 60 9 0 5 7 23 79 1 4 0 3 1 2 0 25 32 32 69 29 1 4 1 10 2 0 8 131 17 5 0 54 30 0 1 1 2 2 3 0 0 0 0 0 0 62 29 8 126 7 91 122 67 365 425 312 42 37 16 61 16 23 19 12 0 0 37 8 63 45 38 154 231 14 249 9 1 19 35 1 1 169 48 34 9 4 0 1 0 0 0 0 1 1 3 1 0 9 35 18 31 12 1 5 10 5 48 8 32 2 0 3 0 17 35 70 1 4 44 0 0 0 4 6 7 13 2 4 0 12 6 1 4
3 5 2 2 2 1 2 0 0 0 0 0 0 9591 1800 364 213 73 12 7 26 35 111 56 3 91 1740 580 20 12 11 0 4 142 2761 1001 473 12 68 276 240 24 48 2 0 24 81 4 7 1 0 2 4 5 0 2 59 72 1054 55 42 5 10 169 204 0 22 45 77 1 1 3 2 14 109 4 2 0 2 0 1 1 9 4 11 4 10 1 2 0 9 7 1 6 18 17 1 0 3 5 0 0 0 0 0 2 0 0 0 0 1 2 25 20 3 46 5 30 73 24 146 104 90 32 43 5 39 16 18 24 13 4 3 28 1 43 20 13 106 142 13 151 4 0 16 21 1 0 61 22 45 9 1 0 3 0 0 0 0 2 1 4 0 2 15 22 7 18 5 0 12 11 4 38 5 13 1 2 2 0 16 38 26 3 1 27 0 0 0 8 3 4 7 5 2 0 9 6 1 4
12 11 13 6 24 19 6 4 1 4 3 31 6 2902 769 1561 1181 811 892 210 145 280 556 101 27 27 365 462 183 120 50 32 109 4366 661 473 6288 1149 183 66 1231 54 95 32 1 367 501 11 18 1 2 16 22 43 2 9 192 931 2191 1351 586 23 19 67 153 4 74 249 131 4 5 34 33 170 1012 55 11 0 19 1 15 3 46 50 51 24 25 9 16 2 66 28 3 13 47 203 5 3 17 12 3 25 7 5 15 8 0 3 1 1 3 13 74 41 10 134 16 64 188 52 512 208 255 135 188 18 128 21 42 42 106 30 21 234 16 461 50 58 646 624 35 384 12 4 74 56 2 0 314 78 124 22 10 0 2 0 3 8 2 6 15 36 2 4 84 76 17 53 25 10 60 69 43 199 11 43 2 7 17 7 89 234 184 12 11 134 1 0 6 24 26 6 17 36 15 3 76 33 7 53
11 7 6 13 19 23 2 3 1 4 5 72 157 45 65 819 819 1464 5421 476 188 455 434 48 46 14 33 57 24 23 16 55 2149 2752 17 12 1149 14521 65 58 766 28 113 1227 20 2023 76 7 9 5 1 17 19 20 0 2 16 553 82 52 786 21 15 54 46 56 20 64 37 9 11 166 2709 1241 596 133 30 23 155 0 13 9 26 18 37 31 14 16 22 12 229 20 1 8 53 157 16 3 11 4 5 27 17 21 26 27 3 7 1 1 10 22 153 57 39 286 18 109 301 115 948 583 499 236 389 38 217 37 63 71 172 32 27 607 39 998 97 79 1324 1159 64 572 19 12 217 72 10 3 632 218 195 26 7 4 1 0 11 14 3 8 39 67 7 9 161 120 43 82 40 15 132 121 87 326 18 66 11 7 32 3 216 557 636 21 13 327 1 0 10 56 72 23 22 66 45 10 128 81 10 81
13 2 5 1 10 8 0 1 0 3 1 6 11 324 777 2028 60 3389 155 30 14 17 26 44 5 5 78 3205 144 49 17 3 13 76 14 68 183 65 12007 3 233 69 176 11 1 918 27 56 20 4 3 0 6 31 1 11 158 86 70 15 8955 63 39 138 3698 23 81 65 5668 22 20 4 8 10 164 1252 1 0 3 1 11 1 24 36 36 23 11 10 27 3 275 42 0 14 90 24 0 1 14 8 0 4 1 0 0 2 0 0 1 1 0 2 5 102 260 10 0 133 7 685 26 311 13 12 13 2 7 20 1 46 13 1 5 10 11 53 4 6 36 49 436 10 77 2 12 19 12 19 26 1167 9 2 7 0 0 0 1 0 0 4 2 5 0 0 12 3 118 59 7 31 7 10 7 19 3 89 1 5 32 3 3 12 14 2 13 8 0 3 8 2 2 14 3 2 4 1 10 2 0 4
3 3 0 3 2 7 0 3 3 0 1 18 0 236 148 67 101 53 52 56 336 1699 2027 4951 2531 3347 2418 20 26 4 16 2 7 20 3321 276 66 58 3 9013 925 68 779 11 1 21 1626 4 14 2 0 2 7 26 1 16 69 18 160 8 24 32 53 170 30 1 298 42 21 5 2 4 8 30 12 5 5 0 0 0 3 0 33 151 117 294 117 5 2 0 8 11 1 17 230 9 4 1 197 21 1 2 0 1 0 0 0 1 0 0 0 2 124 31 7 227 4 140 274 63 769 578 734 34 27 10 77 20 33 51 6 4 1 28 5 48 95 87 172 365 29 408 6 2 42 49 0 0 217 46 54 30 3 0 7 1 0 1 0 0 3 7 0 0 8 58 15 57 32 1 7 11 5 44 10 38 3 4 9 2 10 36 97 3 12 28 0 0 2 2 1 9 20 4 4 0 8 8 1 9
2391 1275 624 591 669 1137 270 995 58 199 173 1508 3 1471 1935 1106 603 1036 176 260 1098 1169 6783 3306 369 666 532 231 306 1354 924 210 483 488 93 240 1231 766 233 925 8909 3869 2227 24 11 663 380 431 1646 101 347 210 42 87 2410 1099 187 275 144 44 1008 691 210 165 226 16 180 217 680 288 390 527 114 125 868 780 312 3 155 12 550 37 1017 139 525 196 184 807 1509 131 1769 2661 299 621 1353 1075 305 91 163 229 50 22 77 144 22 126 7 6 30 18 70 108 5 12 28 10 0 12 13 47 48 55 29 31 67 1 17 3 5 5 83 12 56 308 5 342 10 4 89 135 38 36 11 10 52 13 49 3 31 169 17 38 97 5 0 34 7 12 5 18 19 29 4 8 112 9 36 46 60 10 63 33 31 39 40 94 10 36 195 25 288 105 54 13 74 203 6 13 145 10 40 168 20 62 90 9 30 16 4 16
7 0 0 0 2 1 1 2 0 1 0 3 0 110 314 403 37 371 54 51 39 159 838 4178 60 67 130 36 21 4 4 0 2 14 19 24 54 28 69 68 3869 5448 5333 3 3 386 62 16 1362 2 0 0 2 6 0 3 22 9 14 1 472 83 26 25 38 2 47 11 123 24 11 0 1 3 11 95 3 0 1 0 8 1 11 18 20 34 8 24 59 5 423 437 4 195 963 0 0 0 12 2 0 0 0 1 0 0 0 0 0 0 0 0 0 1 8 0 0 7 3 11 11 20 4 2 1 0 0 0 2 2 3 0 1 5 0 5 0 1 7 9 9 1 4 0 1 1 3 1 6 75 1 7 8 0 0 0 2 0 0 2 0 1 0 0 1 1 9 2 7 0 0 0 1 2 7 22 2 0 24 2 1 2 4 1 4 2 0 3 2 2 1 16 0 0 0 0 0 0 0 0
9 1 9 1 6 9 5 2 3 2 0 14 6 133 242 562 106 2311 410 71 101 1314 1281 3576 909 207 691 109 99 16 53 1 10 22 481 48 95 113 176 779 2227 5333 6387 18 6 2938 1128 67 3461 28 4 5 22 76 2 31 190 13 103 5 2957 283 747 4464 1091 25 585 74 1385 75 17 7 22 19 23 542 6 0 6 2 25 1 87 240 214 541 146 43 102 15 2786 444 11 203 2454 12 4 2 291 69 2 2 0 0 2 0 0 0 0 0 0 0 12 16 82 14 1 41 25 138 59 158 71 3 3 2 8 8 3 12 5 1 1 13 4 20 10 5 19 48 94 26 15 1 3 11 31 5 27 431 6 8 22 0 0 2 5 0 0 5 0 0 0 0 5 10 85 40 19 32 2 6 1 5 18 119 7 9 131 28 6 9 28 3 37 7 1 5 13 1 2 35 13 1 4 1 1 1 0 1
0 0 0 0 0 3 0 1 2 0 0 3 5420 9 6 59 264 578 8402 100 4 11 8 6 5 2 7 8 1 0 0 2 46 11 4 2 32 1227 11 11 24 3 18 8120 1779 3628 7 4 6 237 1 78 2 0 1 3 2 3 2 0 68 8 8 7 8 698 1 2 15 1 5 206 3503 3249 1 30 942 2354 5606 35 11 139 1 1 1 0 0 87 254 373 526 5 2 4 14 8 24 2 1 1 0 2 0 3 1 1 1 1 0 0 0 2 104 40 157 218 3 140 152 247 646 1335 408 27 33 8 54 17 29 43 11 1 1 59 5 54 50 45 266 258 50 203 14 3 25 35 15 19 332 498 36 16 11 1 1 4 4 0 7 8 0 8 2 1 14 27 58 42 24 42 14 9 10 34 19 47 7 5 75 8 23 64 685 1 18 59 1 8 19 7 3 22 14 2 2 2 10 5 2 10
3 0 1 0 0 0 5 1 43 6 2 5 1347 0 1 3 5 5 84 4 0 5 1 0 1 0 2 0 0 1 0 0 11 1 0 0 1 20 1 1 11 3 6 1779 10666 1269 0 41 6 2761 2 39 5 1 1 0 0 1 0 0 7 28 22 1 1 3185 1 0 24 9 20 133 137 222 1 24 2399 1636 1078 33 35 210 1 0 0 1 2 160 986 3642 4096 11 1 12 32 1 333 16 0 0 2 0 5 0 0 1 0 2 1 1 0 0 3 8 91 5 0 4 2 20 10 14 4 0 0 1 3 2 0 2 6 4 0 2 2 7 0 0 12 8 40 3 36 1 4 49 232 22 29 919 1 25 57 2 1 22 4 1 9 19 0 1 0 0 10 3 176 106 58 255 1 7 4 9 65 326 6 16 822 94 3 7 24 0 195 29 6 77 40 1 0 165 16 1 18 4 1 0 1 0
6 4 2 1 2 1 2 5 17 3 2 2 2505 73 161 263 700 5374 5736 406 9 60 36 700 69 10 170 575 31 10 34 0 121 53 26 24 367 2023 918 21 663 386 2938 3628 1269 10389 89 97 107 102 2 24 8 23 2 7 102 14 22 5 1515 241 141 1869 2288 5252 112 27 552 57 39 74 934 462 22 367 669 62 456 2 42 10 37 50 41 80 24 59 163 394 2194 237 5 70 872 7 130 10 71 26 2 8 1 3 5 5 1 7 1 1 3 2 27 448 2977 65 5 372 32 2533 89 1078 87 6 6 4 4 129 4 162 50 21 2 16 45 130 7 9 52 108 2265 29 671 7 20 127 343 245 231 10505 11 23 64 5 0 16 14 6 4 26 3 10 1 1 42 26 1200 679 92 1379 13 26 25 49 46 1064 8 20 805 71 18 25 230 16 165 93 2 12 47 2 2 97 34 21 34 6 5 2 9 4
23 19 22 29 9 28 14 15 10 10 7 46 0 539 36 28 18 49 20 11 235 775 254 1337 1478 264 2000 214 156 46 209 18 39 479 919 81 501 76 27 1626 380 62 1128 7 0 89 11173 13 18 2 4 9 77 133 2 31 459 111 575 510 54 142 297 714 403 0 700 2053 197 33 10 43 34 137 166 9 49 0 45 0 13 0 169 270 301 781 865 5 21 0 46 24 4 40 565 43 39 7 848 428 5 14 3 5 6 4 1 2 1 0 1 5 28 13 5 45 9 22 75 21 230 41 136 58 76 4 66 13 5 7 48 8 14 126 8 198 19 31 272 318 18 140 1 3 39 19 1 0 105 28 57 5 6 1 0 2 1 3 0 3 10 13 2 0 42 45 14 25 12 1 45 28 17 82 10 16 4 3 12 2 44 102 105 3 4 47 0 0 2 8 20 15 11 9 6 4 32 16 2 11
19 5 7 4 3 4 6 7 4 5 1 7 0 8 21 60 5 86 24 9 8 21 10 7 8 0 5 23 18 11 10 0 5 7 4 4 11 7 56 4 431 16 67 4 41 97 13 23895 254 383 2 8 7 7 6 11 18 6 8 0 111 6421 615 72 136 23 40 6 7382 503 4218 4 2 7 13 18627 17 7 6 7 572 54 25 16 16 30 2 2298 8900 230 3940 292 13 268 651 4 5 2 7 2 2 1 0 0 0 0 0 6 0 0 1 2 2 6 11 4 0 16 4 22 5 15 4 3 1 1 6 3 4 6 13 2 0 2 1 13 0 3 7 6 25 24 14 6 18 111 335 11 12 310 8 458 1230 5 9 418 12 9 10 58 1 2 1 0 14 10 42 257 669 57 13 19 3 13 875 423 71 303 2180 316 2 1 10 5 878 25 34 191 649 2 1 2440 328 5 14 2 0 3 4 4
36 6 2 3 3 4 6 13 3 7 1 8 0 21 68 206 18 170 10 25 8 127 249 356 34 12 58 16 13 17 3 0 2 1 11 7 18 9 20 14 1646 1362 3461 6 6 107 18 254 7239 59 9 3 1 8 11 16 13 1 1 1 142 501 79 30 25 9 35 5 220 124 77 3 4 1 6 507 7 2 3 0 49 3 40 21 33 27 8 201 853 103 1083 5286 31 3162 5288 5 6 2 12 9 0 0 1 2 0 0 0 0 0 0 1 1 0 2 3 1 0 5 0 8 4 7 8 1 3 0 0 0 2 0 3 0 0 2 0 9 0 0 1 3 5 3 4 0 0 14 34 2 1 59 0 13 48 0 2 23 2 1 0 5 2 0 0 0 1 0 8 33 45 4 0 0 0 3 72 70 2 15 221 43 2 1 3 0 113 3 3 25 28 0 0 136 15 1 4 0 1 0 2 0
8 4 1 1 2 1 2 6 29 6 2 7 34 1 1 7 4 21 22 3 1 6 2 5 5 0 0 3 3 2 2 1 7 2 2 1 1 5 4 2 101 2 28 237 2761 102 2 383 59 4502 41 1288 4 1 4 2 1 1 1 0 18 266 194 8 10 1690 5 1 255 43 96 56 52 354 1 192 1193 418 221 1039 186 4613 12 5 5 3 0 2222 5761 9004 2902 89 9 40 241 3 288 14 2 0 1 0 3 2 0 0 0 0 0 0 1 0 0 1 4 1 0 3 2 9 1 6 2 0 0 1 1 1 0 1 3 0 0 1 1 0 0 0 4 3 7 2 1 2 2 20 149 1 3 97 1 75 221 5 3 176 87 10 125 113 1 1 0 0 1 1 14 37 110 17 1 3 1 5 130 81 27 116 588 67 3 2 6 1 128 10 38 147 356 0 0 622 47 1 5 2 0 0 0 0
87 20 18 7 9 14 36 38 1 17 7 26 0 2 1 5 2 1 0 0 2 0 0 0 7 0 5 1 28 46 12 3 8 1 1 0 2 1 3 0 347 0 4 1 2 2 4 2 9 41 12896 11970 15 29 237 74 7 6 0 1 2 5 7 1 2 11 10 7 9 241 42 15 1 16 26 7 29 5 3 124 2184 68 426 28 40 17 5 186 38 2 16 8465 4990 210 19 19 11 8 2 9 0 0 4 3 1 4 0 1 1 0 3 5 0 0 0 0 0 0 0 0 0 1 0 1 1 0 0 0 0 0 4 0 1 10 0 18 0 0 1 4 0 0 0 0 2 0 2 0 0 1 0 4 12 0 0 2 176 32 226 72 2 1 0 0 3 0 1 1 0 7 6 2 0 1 3 0 11 17 5 0 10 3 3 0 1 14 19 13 78 0 2 12 8 3 2 2 0 1 0 0
157 47 44 9 17 20 75 84 38 37 14 47 4 5 0 3 2 1 48 1 1 13 2 1 5 0 7 6 63 69 22 13 18 7 1 2 16 17 0 2 210 0 5 78 39 24 9 8 3 1288 11970 21618 22 58 305 45 10 10 6 1 8 18 22 4 8 525 25 13 57 274 66 55 30 384 76 29 798 168 82 7637 7858 2692 597 52 45 34 6 2489 357 87 102 2642 3289 162 24 35 315 35 8 18 1 0 2 4 3 4 2 4 1 6 3 9 1 4 1 0 0 5 2 12 1 7 1 1 3 0 0 0 0 2 2 0 7 14 0 25 0 0 3 10 7 1 4 2 4 4 17 2 4 8 1 62 94 4 0 48 2553 283 3481 1025 18 0 0 1 10 0 3 6 35 40 7 0 2 5 19 14 156 176 46 7 25 9 22 1 17 48 309 66 1394 0 12 147 57 7 13 3 1 0 2 0
617 72 105 28 69 79 637 503 134 271 78 214 3 16 3 6 2 4 0 1 17 26 2 5 34 3 56 55 1493 214 86 50 100 56 11 4 22 19 6 7 42 2 22 2 5 8 77 7 1 4 15 22 15449 7620 14013 13 86 91 41 7 3 24 27 18 28 2 491 107 38 7 7 174 12 40 392 3 100 2 40 1 30 6 4833 564 59 56 58 11 16 4 6 37 22 8 18 160 275 4790 15 109 15 3 24 45 6 34 2 1 8 6 20 30 1 0 0 2 2 1 1 1 5 0 2 16 31 0 3 1 0 1 26 9 26 140 1 165 1 0 28 66 1 8 0 6 31 0 2 2 7 5 7 2 0 0 0 0 3 4 0 1 16 17 1 3 58 5 2 2 1 0 29 14 19 22 0 1 0 0 2 0 129 41 24 3 2 75 0 0 2 7 23 1 0 28 31 2 17 3 0 10
1341 174 175 68 133 177 1266 962 128 346 106 393 0 38 10 17 2 8 0 0 21 60 17 27 57 1 110 142 8888 639 308 79 143 87 14 5 43 20 31 26 87 6 76 0 1 23 133 7 8 1 29 58 7620 13083 1394 24 461 128 69 12 16 80 69 60 107 1 3348 209 123 36 10 259 25 72 626 4 164 0 57 0 78 3 2755 5950 71 152 148 18 19 4 11 90 41 20 83 416 225 3612 35 447 22 6 62 82 14 70 5 4 17 18 42 83 0 0 2 0 0 1 2 0 9 2 1 20 29 1 6 0 0 1 63 5 38 197 4 252 1 1 29 58 2 5 0 21 59 1 6 1 5 13 3 2 1 7 0 1 5 9 3 3 28 34 0 9 64 3 3 1 2 1 36 25 15 8 3 1 2 4 4 0 205 66 45 4 3 145 0 2 7 3 45 6 0 51 41 3 31 6 3 7
90 13 21 1 3 10 107 59 33 63 14 39 0 0 1 0 0 0 0 0 6 10 4 1 2 0 0 0 98 18 2 11 11 3 2 0 2 0 1 1 2410 0 2 1 1 2 2 6 11 4 237 305 14013 1394 14089 300 4 11 3 1 2 11 1 2 3 3 17 8 3 63 32 18 3 10 15 1 15 2 4 3 338 4 2427 33 14 3 5 52 34 2 4 757 171 41 12 16 126 1975 4 2 2 0 3 4 0 1 1 0 0 1 2 6 0 0 0 0 0 1 0 0 0 0 0 1 3 0 0 0 0 0 1 0 4 10 0 7 0 0 2 6 1 0 0 1 1 0 0 0 0 2 1 0 3 0 0 0 5 1 7 2 0 1 0 1 3 0 0 0 0 0 2 0 1 1 0 0 3 3 1 0 7 3 4 1 1 6 2 0 8 0 3 3 1 2 5 0 0 0 0 1
493 182 133 61 116 107 107 233 10 62 19 161 0 10 4 6 0 5 0 0 892 162 4 20 90 1 32 26 86 322 149 18 35 15 8 2 9 2 11 16 1099 3 31 3 0 7 31 11 16 2 74 45 13 24 300 3424 37 31 20 1 7 35 27 16 24 2 45 56 39 41 37 76 1 32 144 6 38 0 13 0 95 0 3653 95 3006 195 62 47 35 0 10 280 62 35 67 141 29 37 95 94 8 0 15 36 5 18 2 3 3 0 9 21 0 1 0 0 0 0 1 1 0 0 1 4 8 0 2 0 0 0 17 2 10 52 0 64 0 0 5 28 1 1 0 7 15 0 0 0 1 4 1 0 3 0 0 0 1 1 0 1 9 10 0 4 17 0 0 0 1 0 10 4 4 3 0 1 0 3 2 0 43 23 11 0 3 35 1 1 9 5 5 2 2 9 19 2 4 1 0 4
219 174 73 149 665 272 31 59 11 29 26 203 0 149 22 100 6 49 10 0 58 90 38 85 151 11 453 590 2715 7369 6972 28 66 214 86 59 192 16 158 69 187 22 190 2 0 102 459 18 13 1 7 10 86 461 4 37 7812 107 338 77 70 191 266 272 529 1 2117 967 482 56 6 50 18 28 3256 16 34 0 31 0 16 0 217 474 125 282 944 12 21 1 26 27 16 63 273 3137 27 30 1275 5386 5 3 14 19 1 19 2 0 5 2 14 23 0 2 2 1 0 7 0 16 11 5 3 11 11 0 2 0 0 3 11 2 15 41 2 60 0 0 23 27 11 3 0 3 17 2 1 0 5 42 1 4 3 1 0 1 0 1 1 0 3 8 0 2 12 1 5 2 7 1 10 6 4 8 1 9 0 0 10 1 39 16 15 1 4 22 0 0 2 2 8 4 0 10 15 4 5 1 1 0
35 16 16 7 246 110 13 10 34 36 18 271 0 302 45 104 6 31 5 1 182 359 30 5 14 2 170 288 107 98 72 3474 2795 7431 73 72 931 553 86 18 275 9 13 3 1 14 111 6 1 1 6 10 91 128 11 31 107 8929 2145 3072 22 12 13 43 126 0 123 2041 117 1 3 478 177 73 7490 8 180 0 144 1 19 1 207 184 82 33 33 3 5 0 6 29 8 4 20 3186 387 43 11 22 14 1 32 47 5 39 3 0 9 5 32 58 0 0 2 2 0 2 0 7 8 6 2 29 25 2 11 0 0 0 42 8 41 162 1 258 0 0 43 93 7 8 1 16 62 0 1 0 16 11 8 2 1 2 0 0 4 14 0 13 21 34 2 6 66 4 3 4 0 0 32 30 10 20 1 1 6 5 3 0 169 62 43 4 1 104 0 1 5 3 40 2 3 34 71 1 28 5 1 13
12 10 11 9 16 11 5 6 2 5 2 29 1 3536 78 41 5 22 7 1 50 130 30 68 22 40 1068 441 234 91 106 26 120 2832 1949 1054 2191 82 70 160 144 14 103 2 0 22 575 8 1 1 0 6 41 69 3 20 338 2145 2944 4288 21 20 57 254 305 0 192 1766 143 4 2 47 43 52 829 0 32 0 57 2 12 0 88 88 66 81 61 10 5 3 7 8 6 4 56 124 36 12 63 146 0 3 4 3 6 6 1 0 1 0 2 5 8 8 3 13 5 10 43 9 143 22 78 44 55 3 32 9 5 8 32 10 4 87 7 178 7 8 198 239 3 70 0 5 41 8 0 1 78 16 22 3 2 2 1 0 2 4 1 4 9 15 0 2 26 19 3 4 8 1 21 25 7 43 4 8 0 0 4 0 37 66 64 3 5 41 0 1 1 6 17 3 4 9 5 0 11 21 2 13
3 0 1 0 6 2 2 1 0 0 1 10 0 1467 12 36 4 6 0 0 6 13 15 3 3 1 58 73 75 44 26 19 96 5855 317 55 1351 52 15 8 44 1 5 0 0 5 510 0 1 0 1 1 7 12 1 1 77 3072 4288 2767 8 1 0 7 21 0 25 429 12 1 0 13 11 9 670 0 3 0 7 0 1 0 11 21 11 8 9 1 1 0 1 2 1 0 2 104 2 3 3 8 0 0 0 1 0 0 0 1 0 0 0 0 1 0 0 1 1 1 4 2 14 7 12 9 8 1 4 1 0 2 7 0 1 15 1 34 0 0 26 32 0 7 0 0 4 1 0 0 9 5 2 0 0 0 0 0 1 1 0 1 3 2 0 0 5 3 0 0 0 0 8 1 2 5 0 0 0 0 0 0 11 11 6 1 1 5 0 0 0 1 3 0 0 4 1 0 8 0 0 0
3 4 2 1 3 2 1 2 0 1 0 7 5 67 445 473 324 9004 177 248 13 56 41 432 62 10 39 130 40 12 18 3 47 93 24 42 586 786 8955 24 1008 472 2957 68 7 1515 54 111 142 18 2 8 3 16 2 7 70 22 21 8 12742 314 445 1013 1183 82 70 24 3762 63 31 4 64 10 40 3056 2 1 7 9 50 3 13 30 31 48 19 52 135 23 2948 282 11 82 1599 20 3 0 63 20 0 4 0 0 0 2 0 2 0 0 0 0 3 71 321 13 1 46 13 272 19 109 13 5 4 3 5 21 2 27 10 3 3 13 11 44 5 3 29 33 426 14 160 0 3 56 136 45 57 1642 12 28 67 1 2 11 8 1 8 17 2 3 0 4 24 13 318 212 79 117 9 14 11 26 35 536 6 22 335 35 11 14 24 6 146 38 2 5 46 2 2 75 24 11 19 3 3 4 7 1
39 15 18 4 4 8 7 23 3 1 3 22 3 22 58 139 19 169 40 22 28 415 102 94 257 10 66 34 144 36 38 4 6 13 26 5 23 21 63 32 691 83 283 8 28 241 142 6421 501 266 5 18 24 80 11 35 191 12 20 1 314 26902 7051 704 297 16 532 35 4492 7187 2800 7 1 10 24 1325 21 1 5 6 381 83 116 204 153 312 74 453 1216 132 1680 649 54 3639 5202 21 11 7 171 29 1 0 0 1 1 1 0 3 1 1 2 2 2 11 18 7 0 22 5 52 19 31 15 2 7 4 21 3 4 6 8 4 0 7 1 18 4 5 5 16 35 30 16 7 10 88 272 6 7 272 14 648 1678 13 12 429 26 8 15 109 1 2 0 0 20 14 50 246 782 46 5 13 6 19 927 261 133 638 1810 273 5 6 12 8 645 28 42 164 1236 3 2 2582 452 2 6 0 1 4 2 4
12 3 3 4 4 5 6 4 1 2 2 10 0 33 83 148 10 146 32 8 46 407 90 90 405 14 77 18 141 15 46 4 4 6 40 10 19 15 39 53 210 26 747 8 22 141 297 615 79 194 7 22 27 69 1 27 266 13 57 0 445 7051 19420 3093 3588 15 594 51 7718 874 153 4 5 11 32 1313 12 1 3 4 83 3 106 214 158 347 68 91 649 121 2892 79 17 504 3325 16 3 1 229 63 0 1 1 0 0 0 0 3 2 0 0 0 1 4 8 6 1 12 8 34 26 39 16 2 5 1 5 1 0 5 6 0 0 3 2 14 1 2 10 23 27 14 16 5 4 65 199 7 20 385 4 56 189 1 0 101 3 2 5 19 0 3 0 0 4 6 64 170 250 33 3 9 1 12 363 422 12 28 1113 202 4 7 17 2 478 13 3 64 54 2 0 517 92 1 11 1 2 2 1 0
8 1 2 1 1 8 0 3 2 1 0 6 8 327 184 486 32 2256 633 30 38 161 45 225 258 31 1494 1191 107 16 107 1 10 37 487 169 67 54 138 170 165 25 4464 7 1 1869 714 72 30 8 1 4 18 60 2 16 272 43 254 7 1013 704 3093 7117 5673 30 430 127 2668 193 22 6 9 16 75 109 7 0 10 0 11 0 81 151 111 269 56 10 43 6 377 35 6 91 1611 15 7 6 214 111 1 0 0 1 0 2 0 0 0 0 2 0 13 41 113 30 1 74 10 296 32 305 35 2 2 0 5 4 3 15 1 0 2 10 3 19 4 6 14 18 131 11 20 2 4 7 4 4 21 480 3 1 9 0 0 6 2 1 0 1 1 1 0 0 0 3 43 32 10 13 5 2 4 6 13 43 1 5 49 3 4 7 23 2 15 7 0 0 6 0 1 25 2 1 3 0 1 0 0 1
21 5 10 2 6 7 7 6 2 3 0 10 8 596 688 763 35 1409 371 31 22 75 12 41 57 1 329 1914 322 56 137 8 11 83 168 204 153 46 3698 30 226 38 1091 8 1 2288 403 136 25 10 2 8 28 107 3 24 529 126 305 21 1183 297 3588 5673 9196 52 482 239 14426 69 24 9 8 18 204 81 8 0 3 0 23 0 103 174 113 162 31 17 59 2 333 48 8 46 974 38 4 6 162 119 3 0 2 2 0 2 0 0 1 0 1 3 11 114 302 11 0 133 10 694 41 290 31 2 9 0 5 19 2 45 11 11 4 27 12 68 5 7 28 62 641 12 125 2 12 17 30 17 32 1828 8 6 12 1 0 2 4 0 2 5 4 1 0 1 16 5 241 111 18 66 11 10 3 19 19 202 4 8 86 15 13 13 28 0 33 18 2 4 13 1 2 18 10 6 1 1 7 5 2 2
2 1 1 1 0 1 2 4 29 2 2 3 2204 0 0 14 14 395 869 10 0 2 0 5 2 0 6 23 0 2 1 0 6 1 2 0 4 56 23 1 16 2 25 698 3185 5252 0 23 9 1690 11 525 2 1 3 2 1 0 0 0 82 16 15 30 52 1592 4 2 62 4 10 51 77 513 4 25 1055 531 271 316 46 1105 5 0 0 0 0 497 467 1138 3376 10 5 4 31 0 235 13 0 1 1 0 4 1 0 0 1 3 3 1 0 2 0 10 435 3 0 12 2 135 8 105 6 0 2 0 1 2 0 4 1 1 0 7 3 6 1 1 10 6 68 2 24 2 1 14 131 35 33 1145 1 4 21 0 0 1 20 5 54 41 0 0 0 0 6 2 87 50 20 916 1 3 2 4 18 105 7 21 213 17 2 7 44 3 41 19 8 9 66 0 0 67 10 0 20 3 2 1 0 0
940 388 279 261 400 571 182 453 22 143 90 750 0 76 27 78 4 30 8 0 89 299 85 275 795 44 627 427 4286 1278 1636 114 160 128 85 22 74 20 81 298 180 47 585 1 1 112 700 40 35 5 10 25 491 3348 17 45 2117 123 192 25 70 532 594 430 482 4 8087 815 629 114 20 297 25 69 1116 22 137 2 43 2 41 0 766 5523 210 3486 1451 25 67 2 65 79 21 162 724 796 94 95 671 2852 20 9 52 97 16 77 6 3 17 21 54 101 1 3 14 1 2 6 2 10 17 9 14 36 33 1 11 1 1 2 58 5 63 190 0 247 2 0 38 77 12 17 2 22 51 2 4 1 11 33 8 3 7 3 0 4 4 12 1 3 20 29 2 5 64 4 2 4 8 2 33 27 20 16 9 11 3 1 16 5 198 53 31 6 9 132 2 2 5 7 42 14 3 57 65 6 21 3 0 7
46 15 14 13 21 26 11 19 13 4 6 48 0 151 27 37 4 15 4 1 67 179 35 46 57 16 364 319 294 63 508 33 138 623 75 45 249 64 65 42 217 11 74 2 0 27 2053 6 5 1 7 13 107 209 8 56 967 2041 1766 429 24 35 51 127 239 2 815 4685 182 12 1 111 75 119 5867 3 85 1 109 1 19 0 238 283 219 535 725 15 9 0 9 14 7 15 63 81 73 20 688 1378 3 2 6 7 3 9 2 0 1 1 1 8 0 5 0 2 1 4 4 6 28 9 10 24 27 1 10 2 0 1 36 2 5 92 8 198 2 5 90 130 2 18 0 6 50 2 0 0 16 18 8 4 1 2 0 0 3 1 1 2 11 13 2 2 36 13 2 1 0 0 24 17 10 18 3 3 2 0 3 0 48 64 65 0 0 50 0 1 0 9 19 4 2 14 5 1 17 6 1 6
21 3 8 0 12 9 5 10 1 6 2 20 4 304 732 1174 58 976 91 41 42 106 24 66 79 0 89 369 426 89 106 7 28 84 60 77 131 37 5668 21 680 123 1385 15 24 552 197 7382 220 255 9 57 38 123 3 39 482 117 143 12 3762 4492 7718 2668 14426 62 629 182 21512 839 541 10 13 15 222 6547 21 1 6 16 349 26 133 232 149 188 39 282 1019 161 3003 272 47 481 2793 51 5 11 119 79 0 4 2 3 2 4 0 8 1 0 3 1 3 48 238 9 3 44 15 184 37 68 25 10 11 4 16 12 2 13 30 9 0 13 14 64 1 5 56 80 300 24 147 15 18 209 495 43 90 2412 15 116 277 3 2 80 31 13 15 67 3 8 2 2 40 40 623 476 400 140 13 26 14 56 423 1620 39 97 2060 382 9 20 36 8 965 102 11 88 187 4 5 582 125 16 43 4 10 7 10 3
64 12 16 3 9 10 21 38 0 12 7 11 0 3 21 42 6 33 3 6 11 141 32 34 79 2 9 23 57 38 15 2 8 3 9 1 4 9 22 5 288 24 75 1 9 57 33 503 124 43 241 274 7 36 63 41 56 1 4 1 63 7187 874 193 69 4 114 12 839 1341 496 18 3 5 17 211 6 1 3 6 1549 143 159 57 73 87 23 400 230 36 402 859 1570 896 901 21 5 5 62 19 0 2 0 1 0 0 0 1 0 0 3 1 1 3 7 2 0 6 0 11 6 7 3 1 0 1 3 2 1 3 1 1 2 5 1 8 0 0 2 6 16 9 8 7 3 18 48 2 6 57 2 210 383 1 6 92 36 15 73 258 1 1 0 0 5 4 22 29 179 13 3 4 3 8 163 45 167 520 299 39 6 6 9 1 95 14 141 22 1256 1 3 591 158 3 7 1 2 1 1 0
48 11 16 3 6 7 24 28 3 14 2 14 1 6 4 23 1 29 7 3 1 10 5 6 12 0 1 19 8 38 12 3 7 3 0 1 5 11 20 2 390 11 17 5 20 39 10 4218 77 96 42 66 7 10 32 37 6 3 2 0 31 2800 153 22 24 10 20 1 541 496 8943 12 2 9 18 339 15 7 5 11 5859 155 126 14 25 14 5 3551 1529 91 474 795 212 669 210 17 13 11 2 9 0 1 0 0 1 0 0 0 0 0 2 1 0 3 3 1 0 6 2 20 1 11 1 1 0 2 9 4 1 3 2 1 5 4 0 10 0 0 1 6 22 13 8 2 7 31 49 3 5 50 2 294 606 10 9 123 44 15 58 248 0 2 1 1 6 0 10 41 230 12 3 5 2 6 244 50 192 729 406 56 7 3 8 2 137 11 126 61 1612 2 0 1003 181 2 9 0 1 2 1 0
84 52 111 38 255 316 50 51 172 189 1143 1945 75 7 7 8 7 5 10 2 242 504 90 5 25 0 18 12 201 189 72 719 4510 566 5 3 34 166 4 4 527 0 7 206 133 74 43 4 3 56 15 55 174 259 18 76 50 478 47 13 4 7 4 6 9 51 297 111 10 18 12 12093 2593 886 532 1 4549 175 6635 19 54 51 440 382 193 86 9 49 61 94 47 67 24 10 9 898 6738 227 28 21 58 21 111 160 33 158 18 10 31 22 128 226 3 2 2 3 1 0 10 1 43 11 21 108 102 3 22 2 1 0 171 19 116 667 10 931 2 3 249 334 0 32 1 83 228 3 2 2 50 14 13 5 5 13 0 4 35 40 2 25 121 110 9 31 189 6 1 2 2 5 151 92 46 37 2 6 19 15 8 1 577 290 219 6 4 430 0 1 29 32 179 9 13 113 168 14 113 26 3 35
