38552 4737 5468 6001 3380 1961 11971 9156 316 1107 33 1217 2 4 3 1 1 1 0 2 98 54 3 8 16 7 1 2 7987 16712 572 82 89 20 2 0 2 13 0 7 1063 3 23 1 1 2 9 10 17 19 214 701 1967 1692 440 321 99 15 0 2 2 26 6 5 6 6 241 17 13 70 49 73 10 21 84 4 23 0 25 74 182 14 2842 771 903 60 24 42 16 5 13 141 259 59 17 125 105 4069 12 14 22 2 91 29 5 90 8 11 31 68 84 72 2 0 0 1 3 0 1 0 6 0 0 4 3 0 0 0 0 0 2 0 18 26 0 13 0 0 7 10 0 1 0 3 7 0 1 0 6 0 2 2 0 0 0 0 3 3 9 1 5 0 0 2 3 0 0 0 1 0 3 0 1 1 1 0 0 0 4 0 74 35 5 0 2 42 1 0 5 0 5 1 0 1 70 2 3 0 0 1
4737 8621 3583 8920 865 629 44 43 8 100 33 231 0 1 1 0 0 0 0 0 85 46 1 2 7 0 0 0 223 2423 220 9 19 3 0 0 1 1 0 3 273 2 3 0 1 0 3 2 1 5 24 77 118 140 49 63 36 1 1 0 2 7 2 1 2 1 97 7 1 10 7 19 3 4 18 4 18 0 9 11 19 2 331 125 349 22 6 2 2 1 2 21 40 10 3 23 113 103 5 6 35 1 187 56 6 152 21 10 63 88 155 149 2 0 0 1 0 0 0 1 2 1 1 10 0 0 1 1 0 0 5 0 48 14 0 4 0 0 1 3 0 1 0 4 17 1 0 0 3 0 0 0 0 0 0 2 1 0 1 0 1 0 2 0 3 0 0 0 0 0 9 2 0 2 0 0 0 0 1 0 183 21 7 0 0 72 0 0 1 2 1 0 0 3 151 7 7 0 0 0
5468 3583 33139 7828 367 2585 408 3777 141 6360 156 9903 0 4 2 0 0 0 0 0 213 82 9 6 14 3 1 1 573 755 85 24 37 19 0 0 2 5 2 8 1049 4 17 2 4 1 13 14 14 15 112 487 635 643 236 240 89 16 2 0 3 24 5 3 10 4 310 27 3 56 39 104 6 18 68 2 30 0 24 45 122 10 1661 540 1091 53 20 30 12 3 16 103 206 48 7 62 542 475 13 13 176 7 804 192 21 539 63 35 201 306 539 488 8 0 1 3 3 0 2 1 2 1 0 18 13 0 1 0 0 1 9 1 121 75 0 11 1 0 9 7 0 1 0 11 39 1 4 0 4 0 3 0 0 1 0 0 1 2 9 2 14 10 5 1 14 0 0 0 0 1 27 1 3 6 1 0 1 0 2 0 527 45 9 0 1 204 1 1 2 0 16 1 0 10 455 17 18 2 0 1
6001 8920 7828 20369 7908 12043 124 117 16 128 63 3446 0 4 7 0 2 2 0 0 181 102 3 3 18 1 2 1 432 2470 892 289 138 24 0 1 2 3 3 4 401 2 8 0 1 0 5 5 2 3 26 102 166 180 55 67 144 14 1 1 0 4 4 2 6 0 235 7 10 16 6 88 4 14 59 3 21 0 17 3 21 2 450 190 587 42 9 11 2 0 3 24 44 9 3 160 247 154 19 15 56 3 267 64 8 205 20 14 58 110 163 165 3 0 1 1 2 0 0 0 3 2 0 6 4 0 1 0 0 0 7 0 65 28 0 3 0 0 3 4 0 2 0 2 19 0 1 0 1 0 0 0 0 0 0 3 1 0 0 0 5 3 1 4 5 1 0 0 0 0 11 2 1 0 0 2 0 0 1 0 231 21 5 0 1 109 0 0 0 0 8 0 0 5 180 3 15 0 0 2
3380 865 367 7908 8953 5462 423 202 11 48 73 2588 0 16 6 1 6 1 2 3 113 111 4 3 15 2 5 5 714 7282 8598 486 307 61 0 1 1 4 4 3 196 1 10 0 0 0 13 4 1 0 31 94 233 276 64 45 235 41 3 1 1 11 17 9 24 1 155 12 45 5 12 101 5 5 103 5 10 0 27 3 22 0 443 187 334 36 5 9 3 0 7 27 45 5 6 1132 38 349 11 28 2 0 7 1 2 6 1 1 1 4 7 11 0 0 1 0 0 0 1 2 3 1 0 2 0 0 0 1 0 0 0 0 9 10 0 2 2 0 2 1 0 0 0 1 0 0 0 0 1 0 1 0 0 0 0 1 0 0 2 0 1 0 0 0 0 0 0 2 0 0 1 0 2 0 1 1 0 0 0 0 29 8 4 0 1 19 0 0 1 1 3 0 0 1 14 0 1 0 0 1
1961 629 2585 12043 5462 9778 166 179 23 380 902 10690 0 30 19 1 8 0 0 3 465 410 36 9 48 7 6 5 711 1493 1042 5087 1386 234 0 2 15 9 16 9 822 5 12 0 2 0 21 9 5 2 29 140 291 364 63 94 374 244 4 3 6 11 28 12 42 1 511 18 110 14 9 771 20 24 444 17 64 1 143 14 37 1 673 351 948 124 13 10 3 2 6 27 37 10 12 1806 344 232 42 50 49 5 186 55 7 160 18 14 56 66 143 163 1 0 0 3 1 1 2 0 1 2 2 11 9 0 1 0 0 0 4 0 53 30 1 9 0 0 6 8 0 3 0 4 26 0 4 0 10 3 0 0 1 0 0 2 2 1 2 0 7 5 2 1 9 0 2 0 0 0 13 1 5 4 0 2 2 0 3 1 233 34 11 1 0 106 2 1 0 1 9 1 0 4 170 4 13 0 0 1
11971 44 408 124 423 166 11381 11145 1299 3038 58 684 0 1 3 0 0 0 0 0 6 8 0 0 2 0 1 0 1505 2215 208 20 15 3 0 0 2 2 0 1 75 0 1 0 2 0 2 1 2 1 46 154 1079 587 186 38 22 10 0 0 2 4 2 1 1 0 28 3 1 11 5 34 3 13 32 0 12 0 13 16 29 1 697 70 73 8 6 3 1 3 0 22 37 8 2 40 138 4758 2 3 5 1 31 13 1 20 3 3 9 24 20 19 2 0 0 0 1 1 0 0 2 1 1 1 0 0 0 0 0 0 2 0 4 9 0 6 1 0 3 5 1 1 0 1 3 0 0 0 2 0 3 0 0 0 0 0 0 0 1 1 3 1 0 0 3 0 0 0 0 0 1 0 0 0 0 0 0 0 0 0 20 18 1 1 0 15 2 0 0 0 4 1 1 0 9 0 0 0 0 0
9156 43 3777 117 202 179 11145 13121 3750 24587 177 3501 0 0 0 0 0 0 0 2 30 11 1 1 3 0 1 0 423 621 73 12 19 9 0 0 1 0 0 0 349 1 5 0 1 1 2 4 5 5 97 310 875 609 194 93 24 8 0 0 1 5 2 3 0 2 57 5 4 18 20 34 2 10 24 0 13 0 9 25 46 9 1240 222 250 7 10 18 6 3 7 62 96 16 7 22 112 1912 3 0 18 2 95 28 1 76 10 15 39 58 66 60 0 0 0 0 0 0 0 0 0 1 1 3 0 0 1 0 0 0 3 0 9 7 1 4 0 0 2 1 0 0 0 3 6 0 0 0 0 0 2 1 1 0 0 1 2 1 2 0 2 2 0 1 0 1 0 0 0 0 2 0 0 1 0 0 0 0 0 0 54 17 8 0 0 19 1 0 0 0 1 0 0 0 39 3 4 0 0 0
316 8 141 16 11 23 1299 3750 2482 4130 89 264 0 0 0 0 0 0 0 0 14 14 2 1 0 0 0 0 48 71 6 3 15 5 0 0 0 0 0 0 25 0 1 1 5 2 0 0 0 3 6 45 289 111 36 12 2 0 0 0 0 0 2 0 0 7 6 1 0 2 0 94 3 35 5 1 153 20 41 9 6 6 140 14 23 1 1 14 8 9 10 3 10 0 0 12 2017 2602 2 1 3 0 10 1 0 10 3 4 7 9 11 9 0 0 0 0 0 0 0 0 0 0 0 1 0 0 0 0 0 0 0 0 2 2 0 1 0 0 0 1 0 1 0 0 2 0 2 0 1 3 0 0 0 0 0 1 0 0 0 0 1 0 0 1 0 1 2 0 0 1 0 0 0 0 0 1 1 0 1 3 9 4 0 0 1 4 0 0 0 0 0 3 1 0 5 0 1 0 0 0
1107 100 6360 128 48 380 3038 24587 4130 16213 5479 13405 4 0 1 0 1 0 0 0 34 32 4 1 2 0 0 1 178 189 20 54 130 13 0 0 0 2 0 0 169 1 5 1 6 0 1 2 2 7 51 125 529 303 143 47 21 7 0 0 1 4 3 2 0 8 31 6 3 14 6 1288 8 95 26 2 1865 55 84 21 35 11 568 78 126 12 6 14 10 11 12 29 51 7 2 85 3750 3053 2 6 136 6 474 133 8 387 62 51 171 305 387 339 2 1 1 1 0 0 2 1 4 1 2 23 8 0 1 0 0 0 5 1 73 46 0 10 0 0 5 4 0 1 0 10 33 2 1 1 5 3 2 0 0 0 0 5 5 2 3 6 6 4 2 4 7 0 0 1 0 2 21 2 2 2 0 1 2 0 6 2 302 31 12 0 0 124 3 1 1 1 8 3 0 4 328 17 15 1 0 0
33 33 156 63 73 902 58 177 89 5479 5671 6691 2 0 2 0 1 1 0 1 80 80 9 1 5 0 0 1 77 33 18 175 661 45 0 0 1 3 0 0 129 0 6 0 8 2 2 1 2 4 8 21 45 28 8 11 19 10 0 0 0 3 1 0 3 10 48 1 7 3 0 3816 6 79 67 0 854 30 192 8 9 3 97 30 97 7 0 4 5 9 10 7 7 1 2 289 3268 355 6 3 54 9 233 72 18 220 24 18 65 103 205 195 0 0 1 1 1 0 1 1 0 0 0 19 9 0 1 0 0 0 7 1 75 40 0 17 0 0 5 0 0 0 0 14 27 0 2 0 0 4 1 0 0 0 0 2 7 0 2 0 9 4 2 1 13 1 0 0 0 0 17 4 2 2 0 1 3 0 2 0 267 46 14 0 2 132 0 0 1 1 10 2 0 9 229 7 21 4 0 0
1217 231 9903 3446 2588 10690 684 3501 264 13405 6691 37927 9 25 11 0 11 3 6 2 721 662 90 15 66 10 5 2 616 792 520 2359 5495 893 0 2 9 149 12 18 1062 0 31 30 5 7 35 7 16 7 47 173 386 364 107 135 289 255 9 4 28 13 28 6 45 6 481 32 89 18 15 3659 355 244 1010 27 216 38 579 16 53 6 810 370 1088 128 16 13 7 12 82 45 70 14 5 2875 2384 720 85 76 211 13 874 263 44 782 96 75 249 424 778 756 11 0 2 12 7 0 4 5 36 19 21 54 24 0 4 2 1 0 22 4 288 204 1 64 3 1 49 67 1 10 1 32 127 4 8 2 42 3 19 0 1 2 0 6 15 10 4 0 35 30 4 9 38 13 1 1 0 3 89 14 6 17 0 4 5 0 3 1 1048 359 71 2 1 634 3 1 2 2 73 3 2 33 894 24 48 3 1 12
2 0 0 0 0 0 0 0 0 4 2 9 8042 7 6 7 3 1182 3769 72 2 2 1 22 1 1 61 72 2 1 1 0 6 0 2 0 4 151 38 1 31 7 65 7019 4515 3411 3 18 7 117 1 18 0 0 0 0 0 5 1 3 249 16 27 37 23 2046 3 0 25 1 4 60 480 1550 1 22 504 429 660 29 22 49 2 0 0 0 0 80 71 372 1257 4 0 5 15 1 74 5 0 0 1 0 0 0 0 1 0 0 0 0 1 0 15 85 1742 30 10 167 11 1653 165 1024 48 0 0 2 1 33 3 132 3 3 0 7 2 7 8 1 58 90 541 3 171 2 5 20 271 401 151 2409 1 2 13 1 0 43 1 2 0 3 2 1 0 2 0 5 423 60 11 167 0 7 0 5 23 210 2 1 302 52 3 18 142 1 55 22 2 15 10 0 1 72 8 4 5 0 1 0 0 1
4 1 4 4 16 30 1 0 0 0 0 25 7 12475 5078 317 523 239 48 28 61 111 465 2931 25 279 3780 1153 187 79 170 2 38 947 6533 3704 941 125 483 2500 1036 90 577 5 1 24 502 9 30 2 1 5 35 61 9 2 378 2509 2637 1634 67 19 188 711 758 0 140 737 541 6 5 6 23 8 991 20 1 1 5 2 2 2 46 45 34 27 15 6 11 3 23 18 6 12 21 286 0 12 6 119 0 0 0 0 1 0 0 0 0 0 0 1 83 6 12 56 17 20 36 41 126 77 65 10 2 8 6 5 10 5 3 1 0 6 0 8 12 3 34 63 5 54 3 0 3 11 3 2 81 20 46 1 0 0 1 0 0 0 0 0 1 0 0 0 0 55 4 4 4 2 3 3 1 49 3 14 1 0 7 0 3 28 18 1 1 23 2 2 1 1 0 1 1 2 0 0 4 3 0 4
3 1 2 7 6 19 3 0 0 1 2 11 6 5078 24851 7337 894 2518 157 1056 88 151 866 779 12 82 1770 2477 125 61 79 4 30 313 630 288 1402 189 1780 409 2678 187 509 5 7 32 98 35 105 3 1 0 18 19 9 4 204 762 248 248 169 47 128 479 1152 4 51 210 1778 20 5 8 21 29 430 64 1 1 4 1 5 3 27 21 19 8 2 8 13 10 34 60 3 39 37 198 1 5 5 54 0 0 0 0 0 0 0 0 0 0 0 0 146 27 36 108 10 29 46 65 182 149 116 4 4 8 3 2 13 8 1 1 0 11 2 4 28 5 36 67 22 81 7 0 6 12 4 5 127 40 55 1 5 2 0 4 1 2 0 0 0 3 0 1 0 89 21 14 1 0 3 3 1 56 3 16 2 0 13 4 2 27 28 0 4 26 2 1 7 3 0 5 6 1 2 0 6 0 0 3
1 0 0 0 1 1 0 0 0 0 0 0 7 317 7337 20594 57 8490 4241 338 11 37 250 754 7 36 854 3556 13 4 7 0 8 46 87 7 368 131 1294 65 1274 127 497 5 4 33 19 31 67 8 0 0 2 1 5 2 12 38 17 31 235 40 48 63 414 2 18 15 1483 20 11 2 13 10 24 90 1 1 3 0 5 0 3 2 13 8 0 8 24 8 37 47 8 56 52 12 1 1 3 6 0 0 0 0 0 0 0 0 0 0 0 0 62 28 72 40 3 33 6 124 39 168 19 1 0 2 0 3 1 15 0 0 0 2 0 1 14 4 6 14 28 19 2 0 0 4 2 20 41 63 8 1 2 0 0 3 0 0 0 2 0 0 0 0 1 19 4 7 0 1 1 0 1 7 3 9 0 2 13 2 0 2 10 0 5 8 2 2 4 1 0 4 1 0 0 0 0 0 0 0
1 0 0 2 6 8 0 0 0 1 1 11 3 523 894 57 1604 114 230 1479 36 49 189 45 9 24 10 12 1 4 10 1 36 162 8 35 1924 1163 57 52 215 6 27 13 1 2 64 1 3 0 0 0 1 3 0 1 7 212 39 93 49 2 8 8 7 0 6 18 140 0 1 6 11 81 111 26 1 3 2 1 0 0 3 2 9 6 1 0 1 1 18 2 0 1 3 46 0 2 4 2 1 0 0 0 1 0 0 0 0 0 0 0 195 21 16 112 18 28 65 17 213 114 130 8 11 8 11 6 14 9 3 2 0 12 2 2 20 8 54 105 3 122 4 1 14 20 3 7 206 11 84 3 2 1 1 1 0 0 0 1 2 1 0 0 0 119 5 14 5 2 5 4 0 88 3 22 0 1 3 0 4 45 32 1 0 45 0 1 0 3 0 0 4 4 1 1 4 2 1 7
1 0 0 2 1 0 0 0 0 0 1 3 1182 239 2518 8490 114 21102 4103 1027 4 23 131 1684 14 40 2034 801 24 0 4 1 16 41 156 14 502 773 6891 66 966 142 800 466 31 2921 59 21 62 9 1 3 6 14 5 2 38 29 34 14 3996 40 121 408 167 220 36 21 1371 29 13 14 180 389 16 693 4 19 19 3 10 3 9 11 7 10 2 17 32 10 864 60 5 40 68 6 0 0 5 2 0 0 0 0 0 1 0 0 0 0 0 1 145 239 1591 89 23 405 21 1644 397 2144 78 1 0 5 2 40 6 310 0 1 0 11 4 12 58 16 83 190 558 38 151 0 2 16 74 483 467 1209 10 4 5 0 0 35 0 0 1 1 0 2 0 1 0 40 113 61 2 39 2 4 3 15 3 80 0 1 90 7 5 19 203 0 4 11 2 4 5 2 0 13 8 1 1 0 0 0 1 1
0 0 0 0 2 0 0 0 0 0 0 6 3769 48 157 4241 230 4103 37311 4763 31 90 220 409 30 140 276 80 4 0 0 0 12 13 31 1 385 1578 102 301 433 67 375 6375 226 2453 117 16 26 33 1 12 0 1 3 2 4 13 12 4 884 18 53 65 34 134 9 7 99 11 7 15 255 4620 6 67 15 474 56 13 18 14 6 6 11 7 2 27 33 75 1332 24 5 24 47 6 3 0 6 0 0 1 0 0 1 1 0 1 0 0 0 0 1841 524 1233 1060 87 1407 223 2908 1785 6995 966 14 13 40 45 84 67 293 10 6 0 21 22 30 369 154 229 493 312 608 57 3 26 91 92 258 2015 721 342 10 9 4 2 35 1 0 4 0 0 5 1 0 3 673 72 110 15 56 7 18 18 296 20 154 2 4 112 12 12 128 736 6 8 286 2 5 8 5 0 23 23 17 4 0 6 3 0 16
2 0 0 0 3 3 0 2 0 0 1 2 72 28 1056 338 1479 1027 4763 3122 47 98 321 213 24 113 51 10 2 2 2 4 14 60 8 1 287 337 102 184 508 62 182 433 14 37 61 3 28 1 0 0 0 1 0 1 6 53 12 12 200 17 21 16 6 6 11 7 96 6 8 8 22 308 60 29 3 6 4 0 2 0 4 4 11 4 1 2 7 7 63 15 4 13 18 25 1 0 6 2 0 1 0 0 0 0 0 0 0 0 0 0 1034 130 54 525 32 127 101 79 669 699 305 15 14 29 51 24 46 21 4 4 1 5 6 10 131 51 65 188 21 370 2 6 10 71 13 7 640 24 212 8 3 0 2 7 0 1 0 2 0 3 1 0 0 466 12 42 15 1 11 7 4 199 14 34 1 4 12 4 8 66 153 1 5 150 4 1 5 6 2 8 19 5 3 1 12 0 4 8
98 85 213 181 113 465 6 30 14 34 80 721 2 61 88 11 36 4 31 47 6019 8011 2233 192 429 240 8 5 67 86 121 83 346 380 4 1 51 295 8 158 741 24 172 22 1 2 152 5 9 0 3 8 27 34 9 1372 38 317 12 9 7 14 43 16 22 0 45 176 35 5 2 495 213 116 731 6 133 4 327 1 2 0 100 22 2825 54 66 0 10 2 16 5 5 7 27 396 227 73 123 34 2 3 6 1 3 14 1 2 4 2 13 11 15 2 1 12 4 1 15 1 38 9 14 16 12 2 0 0 2 1 0 0 18 52 2 24 2 1 48 45 2 16 0 8 22 4 0 0 48 1 16 0 1 2 0 2 2 0 0 0 5 10 1 1 4 13 2 1 1 0 22 4 6 14 0 3 0 0 6 1 100 104 17 2 0 99 1 1 0 1 12 1 0 3 32 2 5 2 1 2
54 46 82 102 111 410 8 11 14 32 80 662 2 111 151 37 49 23 90 98 8011 31578 8469 1378 8201 2658 88 25 70 90 112 88 615 571 22 3 104 601 28 1509 1021 228 1492 47 3 25 873 20 71 9 3 19 67 79 15 105 103 482 46 13 62 84 331 133 33 3 433 463 84 50 14 646 426 180 999 39 158 6 411 0 14 0 569 277 8113 927 805 14 44 25 101 45 9 58 228 464 256 86 4939 350 1 2 9 2 5 7 1 2 1 3 9 11 28 4 2 36 17 11 28 3 97 35 42 21 13 1 8 1 13 1 3 1 12 64 2 31 1 1 92 89 5 32 0 5 23 6 4 2 91 5 35 0 2 1 1 4 5 1 2 2 14 8 0 2 4 34 2 5 3 1 24 9 6 39 3 11 1 0 11 3 105 126 41 1 6 112 1 7 6 6 16 6 3 13 34 1 9 2 2 3
3 1 9 3 4 36 0 1 2 4 9 90 1 465 866 250 189 131 220 321 2233 8469 17372 8921 638 6512 122 56 31 19 24 14 245 401 42 14 252 614 130 1308 8082 1149 829 42 0 18 332 11 71 8 2 7 18 38 8 22 49 240 61 27 75 41 45 19 17 5 195 155 135 16 13 141 252 79 371 23 52 5 109 0 8 2 90 65 305 124 38 12 16 5 44 64 6 37 51 75 48 5 101 9 2 0 1 1 0 1 1 0 0 0 1 3 25 5 3 28 4 11 13 14 50 47 29 3 4 1 2 2 2 2 4 0 2 21 1 9 3 0 17 23 0 14 1 2 4 2 1 0 33 4 15 0 4 0 0 1 3 1 1 1 2 0 0 1 0 29 0 3 1 3 8 1 1 15 3 8 0 1 7 0 24 53 14 0 7 26 3 3 2 0 6 7 3 0 10 0 5 0 1 2
8 2 6 3 3 9 0 1 1 1 1 15 22 2931 779 754 45 1684 409 213 192 1378 8921 18342 767 5166 6476 774 181 22 36 4 20 75 1911 154 127 255 743 6827 4429 6186 2514 69 26 533 2099 34 261 14 6 22 103 191 14 23 373 320 690 80 1484 95 188 756 281 32 825 359 688 52 14 20 83 41 112 192 14 2 14 1 11 3 227 290 348 395 53 17 37 23 936 141 16 91 146 29 13 5 234 43 0 0 0 0 0 0 0 0 0 0 0 0 28 3 32 22 2 26 12 65 47 101 42 2 0 1 0 0 1 2 2 1 0 5 0 3 3 3 24 20 19 14 8 0 0 6 28 5 32 97 10 0 7 0 0 6 1 0 0 0 0 1 0 0 0 20 21 2 2 4 0 3 0 8 5 23 0 0 47 5 2 17 12 0 6 10 3 3 9 0 0 16 2 0 4 0 1 0 0 1
16 7 14 18 15 48 2 3 0 2 5 66 1 25 12 7 9 14 30 24 429 8201 638 767 9837 2145 88 12 84 12 31 5 71 68 11 1 29 212 15 5421 336 77 870 19 3 13 1774 9 11 1 9 16 86 164 14 34 183 52 12 8 30 44 195 114 27 2 1257 339 46 16 9 63 134 95 131 10 21 1 43 2 7 2 387 371 1563 1786 1983 6 23 6 38 12 4 25 122 60 13 9 3534 1995 0 0 1 0 0 1 0 0 1 0 0 0 12 2 1 10 3 2 15 2 39 17 25 1 3 1 1 0 0 1 0 0 3 17 1 13 2 0 34 31 5 5 0 4 6 1 0 0 29 1 4 1 3 0 0 1 1 0 0 1 2 2 0 0 2 8 1 3 0 0 1 1 0 12 1 8 0 1 3 1 7 38 22 0 1 12 3 4 2 0 1 5 2 0 4 0 4 1 0 0
7 0 3 1 2 7 0 0 0 0 0 10 1 279 82 36 24 40 140 113 240 2658 6512 5166 2145 5708 360 13 29 0 4 1 21 25 279 15 30 106 15 9376 820 81 202 51 0 4 464 2 10 0 4 6 26 56 1 9 24 13 43 4 11 11 24 14 2 0 255 32 15 8 2 15 61 36 22 6 3 1 9 0 2 0 91 101 195 171 30 1 5 2 11 5 2 7 17 7 1 0 153 9 0 0 0 0 0 0 0 0 0 0 0 0 18 1 0 21 6 13 19 5 51 50 46 3 1 0 0 0 1 2 0 1 0 5 0 1 2 0 10 19 0 14 0 0 2 0 0 1 20 0 9 1 0 0 0 1 0 0 0 0 0 1 0 0 1 14 2 0 0 0 1 1 1 4 1 3 0 0 3 0 1 7 2 0 1 7 0 0 1 0 0 2 0 0 0 0 0 0 0 0
1 0 1 2 5 6 1 1 0 0 0 5 61 3780 1770 854 10 2034 276 51 8 88 122 6476 88 360 20470 11653 153 22 38 1 16 92 4041 129 126 184 915 2999 226 45 644 32 4 207 507 10 13 1 1 8 45 86 4 7 385 358 648 149 572 17 168 1362 440 11 296 303 214 2 2 7 56 13 127 12 3 0 8 1 3 0 80 59 40 77 14 2 5 3 70 9 1 6 23 16 0 4 53 23 0 0 0 0 0 0 0 0 0 0 0 0 13 18 84 7 0 51 4 270 34 121 7 0 0 0 1 3 1 10 0 0 0 7 0 4 1 1 6 16 83 7 9 0 1 1 3 19 12 136 1 0 0 0 0 1 0 0 0 0 0 0 0 0 0 7 20 2 0 4 0 0 0 1 0 6 0 0 10 2 1 2 5 0 0 2 0 1 0 1 0 3 0 0 0 0 0 0 0 0
2 0 1 1 5 5 0 0 0 1 1 2 72 1153 2477 3556 12 801 80 10 5 25 56 774 12 13 11653 10212 83 19 41 2 7 75 277 44 90 70 5712 53 401 65 322 24 3 312 87 42 24 6 3 3 17 29 2 1 211 218 255 106 544 41 158 1204 1812 13 84 143 1664 9 2 2 17 13 95 41 1 1 1 0 1 0 25 25 9 16 6 2 10 2 84 19 2 7 20 61 1 1 9 17 0 0 0 0 0 0 0 0 0 0 0 0 4 32 261 12 3 62 9 606 41 264 8 0 0 0 1 4 1 33 0 0 0 1 0 2 5 0 14 28 195 1 33 0 0 3 16 39 25 454 2 0 1 0 0 4 0 0 0 0 0 0 0 0 1 2 71 3 0 8 0 0 1 0 2 21 0 1 13 0 1 5 8 0 3 0 0 2 1 0 0 4 1 0 0 0 0 0 0 1
7987 223 573 432 714 711 1505 423 48 178 77 616 2 187 125 13 1 24 4 2 67 70 31 181 84 29 153 83 40833 10277 3961 89 108 103 51 14 28 23 117 142 146 24 408 1 3 10 208 30 11 7 54 148 5763 22700 557 35 6126 162 57 14 39 92 490 301 559 3 7416 335 455 15 11 149 19 42 803 37 55 0 54 20 32 6 1627 2377 169 53 399 10 20 9 89 29 38 13 59 1498 90 6886 52 571 4 1 16 6 1 18 0 3 3 7 15 15 4 0 9 1 1 1 0 6 5 2 3 10 5 0 0 0 0 1 2 2 10 29 0 15 0 0 20 9 3 0 1 4 7 0 6 2 8 21 6 0 2 1 0 2 1 2 0 0 8 1 0 1 4 2 3 0 2 1 9 1 1 6 3 10 1 0 15 3 67 53 6 0 7 38 2 1 1 2 4 4 1 2 26 1 10 0 0 0
16712 2423 755 2470 7282 1493 2215 621 71 189 33 792 1 79 61 4 4 0 0 2 86 90 19 22 12 0 22 19 10277 23819 13206 146 136 69 13 5 13 6 49 15 316 2 51 0 3 4 15 20 4 6 66 245 1292 1431 238 85 3592 62 16 5 14 33 83 45 191 4 227 40 210 19 17 85 13 16 311 15 10 1 23 25 68 5 1256 338 332 47 32 8 6 2 12 40 71 19 13 1473 38 2532 23 467 2 1 8 1 0 11 2 0 2 8 4 9 1 1 2 0 1 0 1 4 2 0 1 2 2 1 1 0 0 0 2 1 6 11 1 9 0 0 8 11 1 2 0 0 5 0 1 0 5 2 0 0 1 0 0 0 1 2 1 0 3 3 0 0 2 0 2 1 1 0 1 1 0 0 1 0 1 0 4 2 22 18 4 0 2 16 1 1 2 0 5 0 0 0 18 0 1 0 0 0
572 220 85 892 8598 1042 208 73 6 20 18 520 1 170 79 7 10 4 0 2 121 112 24 36 31 4 38 41 3961 13206 19979 118 143 129 7 4 26 13 64 23 378 6 63 1 1 4 51 11 0 5 52 107 671 790 114 83 9142 175 41 7 7 32 105 54 234 1 744 214 293 10 6 81 11 7 965 14 6 0 24 15 40 2 832 427 489 156 349 9 8 1 26 31 36 5 12 4176 13 557 1212 8081 0 0 4 2 0 1 0 1 0 0 3 6 1 1 6 0 0 1 1 2 1 4 3 1 2 0 0 0 0 0 0 0 2 3 2 2 0 0 12 3 2 1 1 0 4 1 2 2 2 8 0 0 0 0 0 2 0 0 1 0 0 1 0 0 0 2 2 0 1 1 0 1 0 2 1 7 0 0 10 2 11 15 3 0 2 8 0 0 0 2 0 4 1 0 2 0 2 0 0 0
82 9 24 289 486 5087 20 12 3 54 175 2359 0 2 4 0 1 1 0 4 83 88 14 4 5 1 1 2 89 146 118 11542 6984 1174 1 0 8 9 0 5 151 0 3 2 1 0 4 3 1 0 3 28 38 39 12 12 38 2636 2 0 0 3 2 1 3 0 65 6 15 1 1 339 21 6 2763 3 24 0 67 2 4 0 115 51 115 16 1 0 1 1 2 3 9 0 2 8126 89 27 5 4 5 1 17 3 1 13 1 2 3 10 20 26 1 0 0 0 0 0 2 0 1 0 1 6 2 0 0 0 0 1 1 1 5 22 1 2 0 0 2 4 0 1 1 3 10 1 0 0 1 2 0 0 0 0 0 0 1 4 1 0 3 0 0 0 1 0 0 0 0 1 3 0 1 0 0 0 0 0 1 1 62 22 0 0 1 43 0 0 0 0 6 0 0 4 24 0 7 0 0 1
89 19 37 138 307 1386 15 19 15 130 661 5495 6 38 30 8 36 16 12 14 346 615 245 20 71 21 16 7 108 136 143 6984 10726 7121 7 3 149 2942 34 38 317 5 39 21 4 13 147 16 3 1 17 44 80 69 36 22 42 868 24 124 106 8 14 13 8 6 97 51 194 5 2 4204 1508 305 3171 77 104 29 625 5 14 3 190 60 245 34 21 12 8 8 162 14 25 7 4 4382 212 45 24 24 14 3 41 11 9 43 7 7 12 17 35 56 16 8 9 24 17 4 14 12 63 19 42 38 26 2 12 1 2 2 8 1 62 293 8 142 4 0 159 129 2 35 3 33 92 1 4 4 77 5 36 0 1 5 0 3 35 14 2 4 54 32 2 4 12 20 4 0 1 1 79 13 17 28 2 9 14 0 10 3 364 549 94 5 6 370 0 2 1 7 85 5 2 25 111 5 44 6 2 14
20 3 19 24 61 234 3 9 5 13 45 893 0 947 313 46 162 41 13 60 380 571 401 75 68 25 92 75 103 69 129 1174 7121 6473 109 106 2127 1462 167 89 407 9 89 3 0 10 249 45 8 4 23 54 68 50 30 26 234 4576 911 3580 126 30 62 75 172 1 116 297 706 8 8 364 187 117 3219 162 43 6 50 3 16 2 168 55 166 30 83 7 5 4 97 14 11 6 10 1948 62 23 38 104 5 1 16 9 6 17 1 9 2 7 20 18 24 2 11 14 23 1 19 7 70 9 33 34 25 5 9 2 1 4 12 3 22 202 8 96 3 2 118 113 5 30 1 25 48 4 9 3 65 25 50 0 2 5 0 3 20 12 1 4 43 32 0 1 9 16 4 7 0 1 74 20 11 53 2 10 10 1 19 3 253 413 53 4 6 220 1 0 2 5 57 4 0 11 52 3 33 6 0 13
2 0 0 0 0 0 0 0 0 0 0 0 2 6533 630 87 8 156 31 8 4 22 42 1911 11 279 4041 277 51 13 7 1 7 109 2172 1856 155 49 50 2065 54 14 292 3 0 15 597 0 2 0 0 1 7 22 3 1 110 348 1895 262 26 5 35 236 91 0 69 260 52 1 0 3 6 8 84 3 0 0 1 0 1 0 19 22 8 13 3 1 0 1 8 1 0 3 7 12 0 1 11 8 0 0 0 0 0 0 0 0 0 0 0 0 14 1 5 8 1 4 4 15 11 21 7 0 0 2 0 1 0 0 0 0 0 0 0 1 2 1 5 4 1 4 0 0 0 0 1 0 10 5 3 0 0 0 0 0 0 0 0 0 0 0 0 0 0 6 1 1 1 0 0 0 0 3 1 2 0 0 1 0 0 2 2 0 0 0 0 1 0 0 0 0 1 0 0 0 0 0 0 0
0 0 0 1 1 2 0 0 0 0 0 2 0 3704 288 7 35 14 1 1 1 3 14 154 1 15 129 44 14 5 4 0 3 106 1856 1255 114 16 26 473 27 2 46 1 0 1 111 1 0 2 0 0 2 5 0 1 13 324 2728 588 6 1 13 71 29 0 16 111 26 0 0 1 1 3 80 2 0 0 0 0 0 0 7 4 2 2 0 0 0 0 1 0 0 0 4 11 0 0 1 4 0 0 0 0 0 1 0 0 0 0 0 0 9 1 1 6 0 0 3 2 12 6 7 0 0 1 1 0 1 1 0 0 0 1 0 1 1 0 3 3 0 4 1 0 0 2 0 0 10 2 8 0 1 0 0 1 1 0 0 0 0 0 0 0 0 5 0 0 0 0 1 0 0 7 0 1 0 0 0 0 1 3 3 1 0 4 0 0 0 0 1 0 1 0 0 0 0 0 0 0
2 1 2 2 1 15 2 1 0 0 1 9 4 941 1402 368 1924 502 385 287 51 104 252 127 29 30 126 90 28 13 26 8 149 2127 155 114 3147 961 472 123 353 16 119 4 2 27 243 8 9 0 1 3 6 11 3 1 39 2213 498 2443 403 7 25 55 57 3 17 216 774 5 3 9 37 68 760 91 0 7 1 0 2 0 14 13 22 12 5 2 4 2 112 8 0 5 6 170 1 3 5 15 1 2 0 0 1 2 1 1 0 0 0 0 80 14 34 75 14 14 44 32 188 64 78 16 20 6 15 8 6 5 1 0 1 26 6 19 4 5 85 111 21 66 3 4 11 10 5 8 168 20 90 2 0 1 0 6 0 1 1 4 3 2 0 0 2 68 7 10 1 1 17 7 5 69 2 17 2 0 6 1 9 85 47 3 0 47 0 1 1 12 4 2 3 7 4 2 10 0 2 16
13 1 5 3 4 9 2 0 0 2 3 149 151 125 189 131 1163 773 1578 337 295 601 614 255 212 106 184 70 23 6 13 9 2942 1462 49 16 961 9170 365 254 517 35 191 697 50 263 658 11 16 12 1 28 30 26 3 12 33 557 158 377 1192 16 30 66 28 25 71 129 838 5 8 778 5226 786 235 319 48 193 227 5 9 10 69 36 133 61 46 9 11 30 1086 8 7 6 22 83 19 4 43 12 6 0 3 0 3 5 3 3 1 2 4 8 394 62 110 256 83 84 198 169 747 330 327 108 120 17 55 15 23 39 24 6 10 245 21 150 34 21 432 519 70 363 18 21 78 46 28 24 654 128 354 8 4 3 0 16 12 3 2 0 36 28 3 6 8 259 38 32 5 12 127 58 47 332 11 79 6 1 31 3 130 730 269 22 4 268 9 1 4 44 45 8 16 30 23 6 86 23 14 63
0 0 2 3 4 16 0 0 0 0 0 12 38 483 1780 1294 57 6891 102 102 8 28 130 743 15 15 915 5712 117 49 64 0 34 167 50 26 472 365 17166 23 952 186 652 19 9 219 45 91 82 14 1 5 14 22 6 6 220 267 137 113 5380 77 168 1304 3885 18 61 144 11406 14 12 13 35 6 144 488 2 1 7 1 5 0 22 18 15 17 3 12 20 13 322 65 4 35 38 89 0 7 4 23 0 0 0 0 0 0 0 0 0 0 0 0 5 36 372 9 4 42 9 403 53 129 17 1 0 0 1 13 0 58 1 0 0 4 2 3 2 2 16 41 194 4 59 0 1 4 43 76 41 564 8 1 3 0 0 9 1 0 2 3 0 0 0 0 1 4 96 22 5 12 0 0 0 2 3 39 1 0 35 9 1 9 13 0 9 0 0 2 1 0 1 14 0 0 0 0 0 1 0 0
7 3 8 4 3 9 1 0 0 0 0 18 1 2500 409 65 52 66 301 184 158 1509 1308 6827 5421 9376 2999 53 142 15 23 5 38 89 2065 473 123 254 23 6680 393 87 613 39 1 6 4415 0 13 2 3 11 79 154 12 23 257 226 1019 127 27 21 87 107 45 1 820 278 59 9 3 33 102 87 80 15 4 1 21 2 3 1 216 237 346 421 79 3 8 2 33 16 3 13 55 21 4 2 338 36 0 0 0 0 0 0 0 0 0 0 0 0 61 13 6 60 6 37 24 44 87 159 83 2 1 2 3 2 3 1 2 0 0 4 3 5 9 3 13 30 0 26 1 0 5 6 0 0 59 3 20 1 0 1 0 2 0 0 0 0 1 1 0 0 0 34 4 4 5 1 1 2 0 16 0 7 0 0 5 0 3 21 21 0 1 10 0 0 2 0 0 1 0 0 0 0 0 0 0 0
1063 273 1049 401 196 822 75 349 25 169 129 1062 31 1036 2678 1274 215 966 433 508 741 1021 8082 4429 336 820 226 401 146 316 378 151 317 407 54 27 353 517 952 393 6769 3209 2239 80 97 360 217 496 1936 214 340 631 68 65 1479 584 141 314 85 41 1041 894 251 111 230 109 160 179 1005 820 787 413 233 149 678 470 207 26 221 25 892 62 681 79 1045 117 124 866 688 330 1468 2825 1147 1539 655 614 259 81 103 79 5 0 13 5 3 21 1 6 5 3 17 20 24 3 35 20 11 7 16 24 51 49 22 19 15 0 6 1 3 6 6 3 24 97 3 44 1 2 50 48 16 25 3 10 28 15 74 8 56 81 18 9 59 0 0 106 10 6 33 55 20 12 1 2 10 24 22 23 11 17 21 11 5 19 62 104 12 17 252 46 188 215 27 3 102 198 43 61 123 1 24 228 30 8 66 4 14 1 1 3
3 2 4 2 1 5 0 1 0 1 0 0 7 90 187 127 6 142 67 62 24 228 1149 6186 77 81 45 65 24 2 6 0 5 9 14 2 16 35 186 87 3209 7161 3032 14 23 172 97 48 1072 32 3 7 7 25 15 2 28 22 16 4 357 59 90 40 106 32 80 10 389 35 15 0 13 10 12 153 14 0 7 0 17 2 31 23 51 35 4 21 54 51 723 242 18 122 93 7 4 4 15 1 0 0 0 0 0 0 0 1 0 0 0 0 1 0 7 2 1 2 3 8 5 10 5 0 0 0 0 1 0 0 0 0 0 0 0 0 0 0 0 3 2 2 2 0 0 5 25 3 7 31 1 1 7 0 1 25 2 0 0 1 0 0 0 0 0 2 10 4 5 5 0 0 0 1 16 33 0 2 102 20 0 2 1 0 21 1 1 8 11 0 0 36 2 0 3 0 0 0 0 0
23 3 17 8 10 12 1 5 1 5 6 31 65 577 509 497 27 800 375 182 172 1492 829 2514 870 202 644 322 408 51 63 3 39 89 292 46 119 191 652 613 2239 3032 14210 111 357 1036 1146 648 2705 451 8 44 177 337 41 40 697 231 411 47 2297 1003 4308 5025 1279 397 1259 326 2712 554 160 40 88 130 149 1747 142 30 78 9 82 33 425 441 672 670 83 180 793 696 5885 812 73 1707 3599 44 102 8 412 59 0 0 0 0 1 0 0 3 0 1 0 0 40 5 59 13 8 15 6 57 43 83 33 1 3 4 1 4 2 5 3 4 1 10 1 9 4 1 20 24 29 12 13 2 2 64 292 18 81 286 6 18 159 3 1 399 2 0 13 26 0 1 0 0 4 17 90 69 50 71 4 2 1 8 225 417 5 15 1283 259 5 28 13 1 435 68 58 180 137 1 1 655 49 4 20 0 1 0 1 2
1 0 2 0 0 0 0 0 1 1 0 30 7019 5 5 5 13 466 6375 433 22 47 42 69 19 51 32 24 1 0 1 2 21 3 3 1 4 697 19 39 80 14 111 11502 1134 1201 32 17 7 115 2 22 1 0 2 1 5 4 3 2 599 15 29 22 7 264 8 7 26 5 4 164 2383 2735 1 38 502 2748 2407 21 26 55 5 0 14 6 2 85 93 379 2277 11 3 5 26 0 24 4 2 0 0 1 0 0 0 0 0 2 0 0 1 0 180 35 228 133 28 184 97 589 442 988 246 20 18 2 13 17 9 21 2 2 2 56 3 15 27 8 125 196 64 112 18 2 10 27 100 41 379 371 103 4 7 1 2 33 1 0 3 5 4 4 0 1 1 113 80 32 10 20 15 6 6 97 14 70 3 3 159 27 12 137 200 3 37 92 7 6 11 4 6 45 15 5 6 0 5 4 0 9
1 1 4 1 0 2 2 1 5 6 8 5 4515 1 7 4 1 31 226 14 1 3 0 26 3 0 4 3 3 3 1 1 4 0 0 0 2 50 9 1 97 23 357 1134 11872 1845 0 130 39 2335 5 113 1 2 2 3 8 9 1 0 38 112 159 14 17 1937 3 2 74 26 41 42 234 177 1 147 976 405 674 189 221 628 3 4 3 0 0 914 867 5855 5006 27 6 24 150 2 276 15 0 0 0 0 0 0 0 1 1 7 0 0 0 2 3 11 496 8 6 14 8 298 74 126 8 0 1 2 2 19 1 21 5 2 3 9 1 7 2 1 51 37 106 5 68 4 0 63 1307 94 189 2154 2 23 129 2 3 425 18 2 21 41 1 1 0 2 6 5 679 160 51 318 3 13 11 10 166 898 5 29 2863 552 6 47 41 4 497 143 27 117 111 1 3 629 41 7 88 4 2 1 1 1
2 0 1 0 0 0 0 1 2 0 2 7 3411 24 32 33 2 2921 2453 37 2 25 18 533 13 4 207 312 10 4 4 0 13 10 15 1 27 263 219 6 360 172 1036 1201 1845 3379 15 23 27 27 2 12 4 16 6 5 38 14 26 2 1116 33 115 644 304 1361 47 8 127 16 13 40 375 414 11 60 98 34 119 19 20 13 22 17 11 10 1 21 35 49 1115 46 5 17 59 4 28 1 9 6 0 1 0 0 1 0 0 1 0 0 0 0 15 92 2477 24 6 107 17 1389 208 755 46 0 0 1 0 69 2 193 8 2 1 11 2 8 2 4 58 96 534 4 375 1 5 26 645 425 152 3777 4 0 6 0 1 31 0 1 3 5 0 2 1 2 0 10 674 165 6 206 4 20 6 18 9 274 1 4 227 21 4 16 95 2 13 22 6 7 4 2 0 24 5 1 17 0 1 1 3 0
9 3 13 5 13 21 2 2 0 1 2 35 3 502 98 19 64 59 117 61 152 873 332 2099 1774 464 507 87 208 15 51 4 147 249 597 111 243 658 45 4415 217 97 1146 32 0 15 5176 8 15 5 8 23 90 240 28 16 709 249 937 73 60 46 289 370 121 3 1253 726 150 8 3 69 283 168 297 27 22 1 53 4 6 0 265 281 392 985 598 2 9 9 43 14 14 8 104 35 10 3 1065 307 0 0 0 0 0 1 0 0 0 0 0 0 40 5 7 41 19 21 44 12 107 80 60 13 8 4 6 0 1 2 1 1 0 36 1 29 5 3 86 101 5 37 1 2 8 4 0 2 98 3 37 0 1 0 1 3 0 1 2 0 4 5 0 1 0 19 6 2 1 2 5 3 2 36 3 17 0 1 3 0 15 77 29 3 0 22 0 1 3 1 1 5 6 6 3 0 4 0 0 4
10 2 14 5 4 9 1 4 0 2 1 7 18 9 35 31 1 21 16 3 5 20 11 34 9 2 10 42 30 20 11 3 16 45 0 1 8 11 91 0 496 48 648 17 130 23 8 13265 160 444 5 44 9 18 11 4 58 69 10 8 74 8240 1522 83 139 48 24 21 1971 221 2455 4 11 23 65 15255 48 8 14 21 277 171 31 10 15 1 4 1402 7613 640 3500 173 44 140 626 53 26 0 9 13 0 0 0 0 1 0 0 2 0 0 0 0 1 4 7 5 0 4 1 9 12 9 3 1 1 2 1 1 1 0 3 2 1 2 1 0 0 0 12 7 5 3 6 2 1 72 108 3 38 36 1 87 466 5 3 429 27 16 73 200 0 0 1 0 1 0 15 67 71 28 2 6 2 6 392 274 33 98 1099 164 1 6 10 0 468 43 247 219 859 1 0 1265 110 2 13 1 0 0 0 0
17 1 14 2 1 5 2 5 0 2 2 16 7 30 105 67 3 62 26 28 9 71 71 261 11 10 13 24 11 4 0 1 3 8 2 0 9 16 82 13 1936 1072 2705 7 39 27 15 160 6417 81 2 4 7 8 47 19 8 6 1 1 138 303 37 12 36 31 30 3 137 334 114 5 6 18 4 149 38 7 6 1 32 15 27 7 15 7 4 95 213 125 378 2592 100 3676 1922 6 14 3 5 2 0 0 0 0 0 0 0 0 0 0 0 0 0 1 2 0 0 2 0 7 1 2 1 0 0 0 0 0 0 0 0 0 0 1 0 0 0 0 0 1 0 1 1 0 0 4 15 2 6 8 0 3 20 0 0 36 1 0 3 7 0 0 0 0 0 1 1 4 5 2 0 0 1 1 25 28 1 4 88 10 1 3 0 0 27 2 22 31 46 0 0 81 4 0 2 0 0 0 0 0
19 5 15 3 0 2 1 5 3 7 4 7 117 2 3 8 0 9 33 1 0 9 8 14 1 0 1 6 7 6 5 0 1 4 0 2 0 12 14 2 214 32 451 115 2335 27 5 444 81 7234 55 1284 4 4 20 5 3 5 2 1 23 373 228 7 15 2358 5 4 76 82 116 17 72 537 5 392 841 408 197 1981 951 4503 27 6 3 3 1 3808 2243 8504 1088 91 20 52 378 7 312 18 1 0 0 0 2 0 1 1 0 1 0 1 1 0 0 2 12 1 0 4 1 5 12 9 0 0 1 0 1 2 2 1 2 1 0 1 0 1 0 2 6 3 3 3 1 11 1 59 98 11 38 30 2 66 523 6 0 521 119 7 140 263 0 3 0 0 0 3 17 69 62 63 1 6 0 2 377 220 37 108 1300 132 1 8 11 0 485 27 279 639 942 1 1 1541 86 2 16 1 0 0 0 0
214 24 112 26 31 29 46 97 6 51 8 47 1 1 1 0 0 1 1 0 3 3 2 6 9 4 1 3 54 66 52 3 17 23 0 0 1 1 1 3 340 3 8 2 5 2 8 5 2 55 10661 9490 45 21 390 81 27 17 1 0 3 10 10 7 4 21 10 18 11 239 15 18 9 21 68 3 26 6 10 325 556 80 497 13 35 6 14 79 19 9 13 6894 5515 96 7 35 18 45 3 6 0 0 0 0 0 0 0 0 0 1 1 3 2 0 0 2 2 0 0 0 2 1 0 1 2 0 0 0 0 0 1 0 1 18 0 7 0 0 5 7 0 0 0 0 1 0 2 0 6 0 0 0 3 1 0 2 35 5 51 26 0 0 0 1 0 0 1 0 0 0 2 1 0 0 1 1 9 4 6 1 19 30 4 1 1 21 6 5 24 0 0 7 1 0 6 0 1 0 0 0
701 77 487 102 94 140 154 310 45 125 21 173 18 5 0 0 0 3 12 0 8 19 7 22 16 6 8 3 148 245 107 28 44 54 1 0 3 28 5 11 631 7 44 22 113 12 23 44 4 1284 9490 32517 164 83 1035 205 102 52 0 1 3 44 26 19 13 631 57 65 24 393 125 102 47 316 280 42 303 97 94 12041 10268 2546 1457 63 98 22 87 1784 331 264 92 2334 5365 58 21 166 198 171 10 25 2 1 2 1 1 3 0 1 0 4 1 2 2 1 2 2 3 1 1 2 4 1 3 5 2 2 2 1 3 0 0 0 9 42 5 29 2 0 30 30 2 7 0 17 13 31 16 1 25 4 5 98 210 33 6 71 1520 221 2220 1211 8 4 0 1 2 1 1 11 15 32 15 2 1 6 42 9 304 215 127 4 72 129 26 1 26 122 498 182 1313 1 6 358 180 1 34 2 2 2 0 1
1967 118 635 166 233 291 1079 875 289 529 45 386 0 35 18 2 1 6 0 0 27 67 18 103 86 26 45 17 5763 1292 671 38 80 68 7 2 6 30 14 79 68 7 177 1 1 4 90 9 7 4 45 164 20834 11136 9432 24 1047 77 21 2 17 28 155 94 88 2 576 157 86 12 4 141 37 64 475 6 83 4 46 22 23 5 6062 635 168 107 207 7 7 6 28 33 39 4 31 356 444 8374 31 88 0 2 13 3 0 11 0 2 3 8 8 8 3 3 1 0 8 1 3 0 8 1 1 5 5 0 1 0 0 1 4 0 9 78 1 42 0 0 38 30 0 7 0 8 19 0 0 0 21 1 6 0 0 0 0 0 0 0 2 0 1 9 0 0 4 5 3 0 0 0 15 2 7 5 1 2 0 0 1 1 82 143 24 2 1 71 0 2 3 0 7 0 1 6 32 0 7 0 0 5
1692 140 643 180 276 364 587 609 111 303 28 364 0 61 19 1 3 14 1 1 34 79 38 191 164 56 86 29 22700 1431 790 39 69 50 22 5 11 26 22 154 65 25 337 0 2 16 240 18 8 4 21 83 11136 12230 684 12 1968 95 14 2 24 48 246 183 171 6 2866 297 122 11 4 91 23 46 445 16 46 0 46 11 14 2 4062 3642 148 218 330 4 11 3 50 13 17 13 45 426 106 4946 59 134 3 0 4 1 3 4 0 0 1 3 4 6 3 0 1 2 6 2 4 1 6 0 6 4 5 0 1 0 0 0 2 0 7 45 0 25 1 0 33 26 1 1 1 5 7 1 1 1 10 11 8 0 0 0 0 2 0 0 0 0 5 3 0 1 2 3 3 0 0 0 11 0 4 7 0 1 0 0 3 0 47 83 11 1 1 46 0 2 0 1 4 0 0 4 17 1 5 0 0 0
440 49 236 55 64 63 186 194 36 143 8 107 0 9 9 5 0 5 3 0 9 15 8 14 14 1 4 2 557 238 114 12 36 30 3 0 3 3 6 12 1479 15 41 2 2 6 28 11 47 20 390 1035 9432 684 12180 704 131 39 2 0 15 45 23 16 19 6 78 36 28 122 83 50 13 26 165 12 23 0 41 70 248 28 2203 69 53 12 45 73 45 13 42 548 459 105 28 100 83 1099 6 20 0 0 0 0 0 2 1 0 1 3 3 3 2 1 0 0 4 1 0 1 4 1 3 3 1 0 0 0 0 0 0 0 9 40 1 20 0 0 11 12 0 0 0 3 6 0 0 0 4 4 3 1 2 0 0 1 7 0 9 10 0 2 0 0 2 2 1 0 1 1 5 1 2 3 0 3 0 5 8 5 33 67 8 0 1 31 5 2 10 1 2 6 1 4 12 0 2 0 0 1
321 63 240 67 45 94 38 93 12 47 11 135 0 2 4 2 1 2 2 1 1372 105 22 23 34 9 7 1 35 85 83 12 22 26 1 1 1 12 6 23 584 2 40 1 3 5 16 4 19 5 81 205 24 12 704 3684 53 16 0 0 2 27 20 10 9 1 19 27 13 49 27 53 17 25 88 6 12 0 27 7 77 3 3726 15 1461 25 27 16 10 5 16 141 154 47 11 78 15 35 14 13 0 0 3 0 1 3 1 0 1 0 1 2 1 0 0 1 1 2 1 1 1 0 1 3 3 0 0 0 0 0 0 0 2 9 0 11 0 0 7 11 0 1 0 3 7 0 0 0 7 0 4 0 2 0 0 0 1 3 4 1 1 2 0 0 1 0 0 0 0 0 8 0 3 1 0 1 0 2 1 1 26 48 5 0 0 28 1 1 2 0 1 3 1 0 9 0 5 0 0 0
99 36 89 144 235 374 22 24 2 21 19 289 0 378 204 12 7 38 4 6 38 103 49 373 183 24 385 211 6126 3592 9142 38 42 234 110 13 39 33 220 257 141 28 697 5 8 38 709 58 8 3 27 102 1047 1968 131 53 12020 1019 135 19 74 129 750 672 1120 0 6448 2107 804 21 12 45 18 27 4473 58 14 1 12 10 26 4 932 914 219 556 2812 12 17 11 144 31 40 16 108 1937 11 170 3120 5901 0 0 0 0 0 1 0 0 0 0 1 4 3 2 10 3 0 0 0 12 7 1 2 5 7 0 0 0 0 0 0 0 4 6 1 2 0 0 9 12 12 4 3 0 0 0 5 1 15 25 6 0 2 0 0 5 1 0 1 0 0 0 0 0 0 3 10 1 2 1 3 0 0 3 2 13 1 0 18 2 7 13 2 0 4 7 0 2 2 0 1 5 0 0 6 0 4 1 0 0
15 1 16 14 41 244 10 8 0 7 10 255 5 2509 762 38 212 29 13 53 317 482 240 320 52 13 358 218 162 62 175 2636 868 4576 348 324 2213 557 267 226 314 22 231 4 9 14 249 69 6 5 17 52 77 95 39 16 1019 4678 2734 2672 75 69 196 283 618 4 255 2813 1199 4 12 118 74 46 7100 158 7 1 38 3 16 3 147 78 135 89 434 4 13 4 76 17 16 6 25 2511 13 17 130 373 1 1 1 3 2 3 0 1 0 1 4 5 5 4 19 9 6 6 7 15 33 12 10 8 14 1 2 2 0 2 6 1 6 85 7 57 1 0 59 60 7 8 5 2 18 2 16 6 31 37 26 0 0 1 0 9 8 1 1 2 13 10 0 0 3 8 9 1 0 2 19 6 4 20 4 24 3 0 28 6 56 132 19 4 11 44 0 0 4 5 23 10 3 4 12 1 12 1 0 4
0 1 2 1 3 4 0 0 0 0 0 9 1 2637 248 17 39 34 12 12 12 46 61 690 12 43 648 255 57 16 41 2 24 911 1895 2728 498 158 137 1019 85 16 411 3 1 26 937 10 1 2 1 0 21 14 2 0 135 2734 5096 4968 34 25 180 475 463 0 60 905 258 4 0 11 39 17 431 8 1 1 4 0 0 0 22 16 14 19 8 0 8 2 19 2 0 4 28 50 2 3 15 38 0 0 0 0 0 0 0 0 0 0 0 0 3 0 2 16 3 4 13 8 20 12 14 0 0 1 0 1 0 0 0 0 0 2 0 1 1 0 16 21 3 12 3 1 0 0 0 0 14 5 8 0 0 0 0 0 0 0 0 1 0 0 0 0 0 6 1 2 1 0 0 1 0 11 0 3 0 0 1 0 1 9 7 1 1 4 0 1 0 0 0 0 0 0 1 0 1 1 0 1
2 0 0 1 1 3 0 0 0 0 0 4 3 1634 248 31 93 14 4 12 9 13 27 80 8 4 149 106 14 5 7 0 124 3580 262 588 2443 377 113 127 41 4 47 2 0 2 73 8 1 1 0 1 2 2 0 0 19 2672 4968 2380 16 2 37 83 149 1 10 239 259 1 0 4 19 1 250 19 0 0 1 1 0 0 4 3 3 1 0 0 0 0 8 1 0 2 2 14 0 0 3 3 0 0 0 0 0 0 0 0 0 0 1 1 2 0 1 2 2 0 2 8 8 2 3 1 2 0 0 0 1 0 0 0 0 6 1 3 0 0 8 6 3 5 0 0 4 0 0 0 6 6 6 0 0 0 0 2 0 0 0 0 0 0 0 0 0 3 1 1 0 1 3 0 2 3 2 3 0 0 4 0 2 18 1 1 1 4 1 0 0 2 0 0 0 0 1 0 0 0 0 0
2 2 3 0 1 6 2 1 0 1 0 28 249 67 169 235 49 3996 884 200 7 62 75 1484 30 11 572 544 39 14 7 0 106 126 26 6 403 1192 5380 27 1041 357 2297 599 38 1116 60 74 138 23 3 3 17 24 15 2 74 75 34 16 11023 112 282 1301 360 216 73 30 2183 50 22 73 431 62 36 2576 10 9 36 2 14 5 33 34 29 33 5 32 63 30 2242 127 9 54 128 23 6 2 25 6 0 0 0 0 0 0 1 0 0 0 0 0 21 66 1535 21 10 64 9 743 146 325 43 1 2 1 1 54 4 152 4 4 2 6 3 9 9 1 41 69 382 8 289 2 4 24 418 331 120 2130 4 6 20 2 0 33 1 0 0 4 0 1 1 2 3 7 409 134 6 81 1 12 1 10 10 174 2 2 236 26 2 19 41 0 26 26 3 9 14 1 0 32 8 6 15 1 0 0 1 0
26 7 24 4 11 11 4 5 0 4 3 13 16 19 47 40 2 40 18 17 14 84 41 95 44 11 17 41 92 33 32 3 8 30 5 1 7 16 77 21 894 59 1003 15 112 33 46 8240 303 373 10 44 28 48 45 27 129 69 25 2 112 26574 11721 313 270 68 137 44 1547 7223 2456 7 11 32 55 2988 48 9 22 13 319 145 59 33 55 49 5 329 919 467 1715 384 69 896 6322 48 20 10 29 9 0 0 0 0 0 0 0 0 0 0 0 0 4 0 7 1 0 6 1 3 7 6 3 1 1 0 2 2 0 0 3 0 0 3 0 1 0 0 3 5 2 3 2 5 3 51 62 5 29 35 1 52 293 4 4 285 22 2 56 138 0 1 0 0 1 3 11 40 43 17 2 1 1 1 256 180 22 78 674 84 1 5 6 0 312 13 184 169 526 1 0 796 70 1 13 3 0 1 0 0
6 2 5 4 17 28 2 2 2 3 1 28 27 188 128 48 8 121 53 21 43 331 45 188 195 24 168 158 490 83 105 2 14 62 35 13 25 30 168 87 251 90 4308 29 159 115 289 1522 37 228 10 26 155 246 23 20 750 196 180 37 282 11721 26770 7492 4728 132 802 231 7767 429 213 15 21 30 111 1349 51 13 21 4 56 16 270 261 229 271 40 113 794 429 2459 51 19 116 3423 119 36 21 130 67 0 0 0 0 1 0 0 2 0 0 0 0 10 3 14 2 5 2 2 17 29 26 5 0 0 2 1 1 0 3 3 1 0 4 0 1 1 0 5 17 7 8 5 1 0 45 133 11 38 62 3 23 131 1 1 260 4 2 7 22 0 1 0 0 0 2 41 41 38 20 0 3 4 4 212 280 4 27 821 185 2 14 4 0 336 37 36 79 115 1 0 581 35 4 13 0 0 0 2 0
5 1 3 2 9 12 1 3 0 2 0 6 37 711 479 63 8 408 65 16 16 133 19 756 114 14 1362 1204 301 45 54 1 13 75 236 71 55 66 1304 107 111 40 5025 22 14 644 370 83 12 7 7 19 94 183 16 10 672 283 475 83 1301 313 7492 6329 7684 22 563 271 2691 19 15 7 19 7 109 162 8 1 6 0 2 0 173 189 109 217 38 10 50 26 750 7 7 12 303 23 1 4 106 53 0 0 0 0 0 0 0 0 0 0 0 0 12 5 82 5 3 12 0 112 19 56 6 0 0 0 0 3 0 7 1 0 0 1 0 2 1 0 8 8 58 2 17 0 1 4 18 5 17 209 5 0 2 0 0 6 0 0 1 1 0 0 1 0 1 3 54 6 1 2 0 0 0 5 6 13 0 1 44 11 1 8 4 0 7 5 1 3 4 0 1 18 1 1 3 0 0 0 1 0
6 2 10 6 24 42 1 0 0 0 3 45 23 758 1152 414 7 167 34 6 22 33 17 281 27 2 440 1812 559 191 234 3 8 172 91 29 57 28 3885 45 230 106 1279 7 17 304 121 139 36 15 4 13 88 171 19 9 1120 618 463 149 360 270 4728 7684 7172 18 436 497 5499 31 23 3 3 3 302 129 3 2 4 2 13 0 147 123 68 74 28 7 43 25 268 40 8 24 217 234 2 18 34 113 0 0 0 0 0 0 0 1 0 1 1 0 8 0 74 7 3 6 2 99 8 35 5 0 0 0 1 3 1 8 0 0 0 4 0 2 1 0 8 11 56 2 19 0 0 6 82 15 14 287 5 1 10 0 0 23 0 0 3 1 0 0 0 0 0 1 90 15 4 3 0 0 1 0 6 54 0 4 145 16 4 5 11 0 19 11 4 2 9 1 0 39 0 0 6 0 0 0 0 0
6 1 4 0 1 1 0 2 7 8 10 6 2046 0 4 2 0 220 134 6 0 3 5 32 2 0 11 13 3 4 1 0 6 1 0 0 3 25 18 1 109 32 397 264 1937 1361 3 48 31 2358 21 631 2 6 6 1 0 4 0 1 216 68 132 22 18 3554 7 1 48 20 15 25 87 1626 5 129 1243 1547 298 937 423 869 17 2 1 1 1 912 337 690 2285 26 10 22 84 3 423 15 1 0 1 0 0 0 0 0 0 4 0 1 0 0 2 8 876 5 1 14 2 232 54 190 9 1 0 2 0 14 2 25 1 0 0 2 1 2 2 2 19 13 37 3 33 2 1 9 459 238 75 1035 2 6 15 0 1 64 37 4 38 34 1 0 0 0 0 1 107 46 8 1101 3 4 2 3 20 101 9 12 353 56 1 19 183 1 56 30 18 23 55 1 0 80 8 3 14 0 0 0 1 0
241 97 310 235 155 511 28 57 6 31 48 481 3 140 51 18 6 36 9 11 45 433 195 825 1257 255 296 84 7416 227 744 65 97 116 69 16 17 71 61 820 160 80 1259 8 3 47 1253 24 30 5 10 57 576 2866 78 19 6448 255 60 10 73 137 802 563 436 7 12060 1605 319 26 16 102 55 46 1499 46 31 0 61 4 14 1 1026 5830 459 4282 2492 7 34 20 128 21 19 21 201 538 49 59 1015 969 2 1 3 2 1 6 0 1 0 2 5 4 4 1 7 3 4 2 4 4 12 3 5 4 5 1 0 0 0 1 2 1 5 22 1 13 0 1 28 25 4 8 1 3 5 2 5 3 29 13 9 0 1 0 0 5 0 0 0 2 2 1 0 0 7 5 3 3 1 0 5 3 1 11 3 6 1 0 12 3 23 48 13 0 4 26 1 3 4 1 1 11 1 0 11 0 5 1 0 3
17 7 27 7 12 18 3 5 1 6 1 32 0 737 210 15 18 21 7 7 176 463 155 359 339 32 303 143 335 40 214 6 51 297 260 111 216 129 144 278 179 10 326 7 2 8 726 21 3 4 18 65 157 297 36 27 2107 2813 905 239 30 44 231 271 497 1 1605 3083 466 11 6 33 73 85 2487 16 9 2 28 4 19 2 337 328 250 1270 2457 5 6 3 36 18 10 13 36 57 9 14 1568 1557 0 0 2 0 2 0 0 0 0 0 0 1 12 2 9 11 16 2 20 9 47 4 19 12 7 1 4 1 2 0 2 0 2 51 2 30 1 1 70 68 2 23 2 3 12 1 8 0 64 16 24 0 0 1 1 2 3 0 0 1 2 5 0 0 1 6 8 5 1 1 10 3 4 24 1 6 0 0 15 2 12 104 29 1 2 20 0 1 1 0 7 3 1 3 1 0 8 0 2 4
13 1 3 10 45 110 1 4 0 3 7 89 25 541 1778 1483 140 1371 99 96 35 84 135 688 46 15 214 1664 455 210 293 15 194 706 52 26 774 838 11406 59 1005 389 2712 26 74 127 150 1971 137 76 11 24 86 122 28 13 804 1199 258 259 2183 1547 7767 2691 5499 48 319 466 6591 132 76 64 127 25 813 5151 18 5 36 5 41 9 137 129 87 67 22 72 259 94 1287 172 29 127 637 543 7 12 47 107 0 0 0 0 0 2 0 6 0 0 0 1 31 20 259 30 11 14 15 132 80 92 31 5 4 3 4 19 2 26 4 4 0 17 2 15 5 1 38 33 81 24 108 3 11 46 520 42 112 1033 24 12 46 0 2 188 0 0 0 4 2 2 2 1 0 21 238 114 34 52 7 12 6 20 73 420 1 4 955 186 13 45 33 2 226 74 17 44 41 2 1 234 22 10 44 1 4 3 0 3
70 10 56 16 5 14 11 18 2 14 3 18 1 6 20 20 0 29 11 6 5 50 16 52 16 8 2 9 15 19 10 1 5 8 1 0 5 5 14 9 820 35 554 5 26 16 8 221 334 82 239 393 12 11 122 49 21 4 4 1 50 7223 429 19 31 20 26 11 132 5726 1682 9 4 11 20 186 20 8 6 39 1121 81 109 13 30 15 2 252 176 96 295 1365 4697 1714 2143 20 13 4 10 3 0 0 0 0 0 0 0 0 0 0 0 0 1 0 1 0 0 2 1 1 0 0 1 1 0 0 1 0 0 0 0 0 0 3 0 0 0 0 2 1 0 0 0 3 1 9 9 1 2 6 0 24 63 3 1 36 45 15 92 110 2 0 0 0 0 0 3 10 4 2 0 0 0 1 27 17 23 46 106 8 3 6 4 0 47 8 54 32 233 0 0 145 25 1 0 0 0 0 0 0
49 7 39 6 12 9 5 20 0 6 0 15 4 5 5 11 1 13 7 8 2 14 13 14 9 2 2 2 11 17 6 1 2 8 0 0 3 8 12 3 787 15 160 4 41 13 3 2455 114 116 15 125 4 4 83 27 12 12 0 0 22 2456 213 15 23 15 16 6 76 1682 7133 6 4 10 16 1053 18 5 5 22 7272 175 42 3 13 2 4 1003 421 148 410 383 205 316 376 12 12 2 5 3 0 0 0 0 0 1 0 1 0 0 0 0 0 0 1 0 0 3 0 3 0 1 1 0 0 0 0 2 0 0 0 0 0 0 0 2 0 0 1 2 0 1 0 8 2 25 19 4 4 4 0 73 249 11 3 114 69 13 94 250 0 0 0 0 2 1 2 18 28 5 1 1 1 0 81 26 63 115 179 19 0 2 5 0 66 15 178 67 608 0 0 379 96 0 3 0 0 0 0 0
73 19 104 88 101 771 34 34 94 1288 3816 3659 60 6 8 2 6 14 15 8 495 646 141 20 63 15 7 2 149 85 81 339 4204 364 3 1 9 778 13 33 413 0 40 164 42 40 69 4 5 17 18 102 141 91 50 53 45 118 11 4 73 7 15 7 3 25 102 33 64 9 6 4379 2532 1126 833 37 1621 248 4365 17 25 12 308 90 382 62 27 25 13 37 233 26 32 8 4 1537 5384 465 45 25 54 14 216 70 27 246 26 23 53 106 239 265 30 3 11 23 19 7 44 12 81 28 39 120 80 3 13 1 2 5 36 9 186 497 9 175 1 2 183 159 4 30 3 81 236 5 16 4 136 20 34 1 1 15 2 10 69 31 4 5 112 81 6 8 49 25 4 7 2 8 175 23 15 43 3 13 23 3 17 3 1211 873 208 2 3 966 5 5 4 13 132 6 9 39 537 19 117 7 2 11
10 3 6 4 5 20 3 2 3 8 6 355 480 23 21 13 11 180 255 22 213 426 252 83 134 61 56 17 19 13 11 21 1508 187 6 1 37 5226 35 102 233 13 88 2383 234 375 283 11 6 72 9 47 37 23 13 17 18 74 39 19 431 11 21 19 3 87 55 73 127 4 4 2532 14844 2410 110 81 397 971 6540 16 17 32 96 23 130 46 31 35 47 121 1156 9 16 8 14 88 81 9 34 10 11 3 13 4 7 6 0 2 1 8 4 8 137 27 96 117 80 55 176 159 549 210 257 107 112 12 29 6 10 17 31 12 12 384 21 204 14 6 502 548 26 179 12 25 91 14 39 23 587 121 229 5 4 6 3 28 28 11 4 5 48 59 3 9 10 132 27 14 4 10 129 43 38 200 13 50 14 2 40 12 210 989 336 10 13 439 4 4 7 25 73 17 12 20 35 4 73 18 8 42
