26413 4801 10533 2030 2823 5082 8185 13390 232 2937 46 2710 0 7 10 7 8 4 1 1 125 29 1 12 19 6 6 9 8744 5838 1002 127 272 5 3 2 5 5 1 8 631 25 38 0 2 3 9 23 135 1 169 337 1782 1312 407 40 30 9 3 1 7 35 24 10 7 3 259 9 19 58 38 91 39 28 124 5 35 1 24 30 114 9 875 645 294 122 31 50 28 8 16 556 140 70 64 731 135 1601 50 45 45 4 48 42 5 82 17 55 82 132 86 229 0 0 1 0 0 0 0 0 1 0 1 3 0 0 1 0 0 0 27 1 46 95 0 12 0 0 16 13 0 0 0 1 9 0 0 0 0 0 0 0 0 2 0 3 0 3 1 1 8 7 8 19 1 0 0 0 0 0 6 2 0 2 0 0 0 0 1 0 64 14 2 2 0 50 0 1 7 2 15 2 0 7 65 16 5 1 1 1
4801 14149 4525 14586 2006 7475 154 545 49 808 77 1759 0 5 3 4 2 1 1 0 141 26 0 6 9 1 3 0 653 3699 194 24 70 2 2 1 1 3 3 3 362 17 10 0 0 3 6 10 60 2 50 97 367 381 95 24 14 4 1 0 4 18 8 3 3 0 211 2 3 21 13 35 14 23 35 3 43 0 3 1 44 2 311 247 273 63 16 9 16 4 8 187 49 35 29 102 100 115 20 14 31 13 47 64 5 120 14 57 76 132 93 296 0 0 0 0 0 0 0 0 0 0 1 1 3 0 0 0 0 0 36 1 61 152 0 10 0 0 5 4 0 0 0 3 16 0 0 0 0 0 0 0 0 6 0 1 0 1 0 1 10 20 5 43 8 0 0 0 0 0 10 5 0 0 0 0 0 0 0 0 79 11 0 0 0 62 0 0 1 4 30 0 0 10 77 18 8 4 0 0
10533 4525 20773 12479 91 6255 108 14540 184 9189 426 28218 0 6 8 6 2 4 2 2 187 48 6 12 16 2 1 1 818 120 54 25 86 4 1 0 1 9 1 7 655 30 28 1 3 6 9 9 130 2 100 212 647 590 167 53 19 5 1 0 8 28 7 4 6 0 243 4 17 40 25 47 24 35 50 4 146 0 14 20 100 2 563 423 387 98 25 30 33 10 12 359 80 48 57 98 175 263 28 23 372 19 360 160 17 351 128 133 309 357 243 672 0 0 0 0 0 0 0 0 1 0 0 8 6 0 0 0 0 0 74 0 159 251 0 21 0 0 10 10 0 0 0 7 53 0 0 1 0 0 0 0 0 5 1 1 6 5 2 3 25 25 14 79 8 0 0 0 0 1 31 17 2 0 0 0 1 3 1 0 145 16 2 2 0 97 2 0 1 9 67 1 0 22 195 42 16 3 2 0
2030 14586 12479 14954 7561 14573 122 116 24 446 58 3526 0 0 2 0 1 1 0 0 72 13 0 0 2 0 0 0 219 1109 964 34 64 0 0 0 1 2 0 4 181 2 3 0 0 0 0 1 12 0 8 28 110 70 23 5 3 2 0 0 0 5 0 0 0 0 63 2 0 5 1 28 8 15 8 1 19 0 5 1 13 2 106 76 80 17 2 3 2 2 1 32 6 8 5 87 72 62 7 2 29 4 29 35 5 67 16 37 39 75 65 183 0 0 0 0 0 0 0 0 0 0 0 2 2 0 1 0 0 0 22 0 41 103 0 11 0 0 2 1 0 0 0 4 13 0 0 0 0 0 0 0 0 3 0 0 0 0 0 0 2 10 7 17 2 0 0 0 0 0 7 8 0 0 0 0 0 0 0 0 38 10 0 1 0 31 1 0 0 1 15 0 0 7 58 10 4 0 0 0
2823 2006 91 7561 19295 6644 841 214 28 58 6 2758 0 2 7 2 8 1 0 3 118 35 0 5 9 0 2 2 2157 8913 19881 461 684 2 3 1 8 13 0 5 122 3 10 1 0 0 2 4 30 0 34 59 676 460 104 8 287 12 0 0 2 7 11 4 7 0 224 5 4 9 7 128 56 10 88 0 25 0 24 2 8 1 210 170 106 47 13 8 3 0 0 78 19 16 8 2861 105 625 23 221 6 3 4 8 2 7 3 9 4 10 10 36 0 0 0 0 0 0 0 0 0 0 0 1 0 1 0 0 0 0 4 0 16 38 0 5 0 0 4 3 0 0 0 0 6 0 0 0 0 0 0 0 0 0 0 0 0 0 0 0 0 4 2 5 3 0 0 0 0 0 2 3 0 0 1 0 1 0 0 0 17 6 1 0 0 21 0 0 0 0 6 0 0 2 10 4 1 0 0 0
5082 7475 6255 14573 6644 12590 795 655 119 889 99 13890 0 5 8 8 2 3 1 3 413 131 3 5 26 3 3 2 947 1720 1648 1773 1232 6 0 1 3 15 0 8 532 15 18 0 1 1 15 10 71 3 70 124 737 589 161 43 39 13 1 0 3 12 11 4 4 0 240 5 11 23 13 261 90 60 103 1 95 0 57 8 49 1 492 427 481 147 30 17 14 4 6 219 55 39 39 1451 419 475 60 23 121 36 141 171 18 275 44 137 193 344 258 735 0 0 1 0 0 0 0 0 2 0 0 15 7 0 1 0 0 0 91 1 154 421 0 37 0 0 28 20 1 0 0 10 56 0 0 0 1 0 2 1 0 3 0 1 1 9 1 0 27 39 13 80 16 1 0 0 0 1 35 22 2 1 0 0 1 0 0 0 213 37 3 2 0 155 0 1 0 7 59 1 1 30 220 52 19 4 0 1
8185 154 108 122 841 795 10814 5700 506 556 32 854 0 2 5 1 6 0 0 1 16 6 0 3 4 2 2 2 1013 348 185 65 139 1 1 0 2 2 0 2 42 1 3 0 0 1 3 3 10 1 21 66 1442 619 232 1 5 4 1 0 1 2 3 0 2 0 9 4 2 4 6 105 20 4 35 1 25 0 7 2 23 0 173 97 36 19 5 4 0 1 1 56 12 11 1 317 198 4563 11 7 6 1 8 9 4 14 3 9 8 29 18 47 0 0 0 0 0 0 0 0 0 0 0 1 0 0 0 0 0 0 5 0 8 29 0 4 0 0 8 5 0 0 0 0 2 0 0 0 1 1 0 0 0 0 0 0 1 1 0 0 0 3 1 2 1 1 0 0 0 0 1 1 0 0 0 0 2 0 0 0 12 4 1 0 0 5 0 0 2 0 3 0 0 5 12 3 1 0 0 0
13390 545 14540 116 214 655 5700 16854 3011 21120 328 4488 0 1 5 3 1 2 1 1 28 7 0 6 6 1 2 3 427 134 39 22 70 2 1 1 1 5 0 6 211 11 19 0 1 0 4 4 77 1 102 195 1296 758 312 14 9 4 0 0 6 12 5 3 0 2 47 3 14 37 10 91 18 13 33 3 99 0 11 15 55 5 520 313 117 43 21 17 24 5 7 268 65 39 32 94 213 2342 14 15 52 2 60 40 1 102 18 50 89 142 73 199 0 0 0 0 1 0 0 0 2 0 0 4 0 0 0 0 0 0 17 0 28 49 0 11 0 0 8 9 0 0 0 1 7 0 0 0 0 0 0 1 0 1 1 0 2 0 0 1 6 8 6 16 1 0 0 0 0 0 8 6 0 1 0 1 1 0 0 0 27 5 0 0 0 27 1 0 4 1 9 0 0 2 55 31 2 0 0 0
232 49 184 24 28 119 506 3011 1684 3284 154 1329 3 0 1 1 0 0 2 1 29 21 1 0 7 1 0 0 24 20 11 34 328 0 0 0 2 5 0 1 29 1 4 3 58 1 1 0 3 71 7 48 231 60 54 3 3 4 0 0 0 2 3 0 0 24 10 0 0 2 0 611 54 167 13 0 487 23 187 23 18 69 40 21 20 11 8 29 14 27 12 16 6 1 4 53 3368 981 7 4 26 1 20 21 3 49 12 20 33 71 38 93 0 0 0 0 1 1 1 0 4 4 2 4 0 0 0 0 0 0 5 0 11 52 0 8 0 0 19 10 1 0 0 0 5 0 0 0 3 0 0 1 0 3 0 2 1 0 2 1 2 2 2 4 1 0 0 0 2 0 5 3 0 0 0 0 0 0 4 0 24 22 7 1 1 28 0 0 10 0 3 0 0 0 36 9 3 0 0 0
2937 808 9189 446 58 889 556 21120 3284 45753 11569 29222 0 3 1 3 3 2 0 1 51 22 3 2 8 1 2 2 167 55 32 48 491 2 1 0 2 4 0 3 205 8 15 1 1 1 6 6 66 1 42 110 636 283 170 16 7 4 0 0 1 7 7 0 4 0 44 1 4 19 15 3938 60 66 41 3 3393 0 47 14 49 3 313 213 127 46 14 20 15 7 8 187 38 32 19 79 5912 1763 16 11 251 43 300 370 31 608 117 316 636 853 743 1519 0 0 0 0 0 0 1 0 3 0 0 9 6 1 0 0 0 0 154 2 224 474 0 44 0 0 27 27 1 0 0 25 96 4 0 1 0 0 1 0 0 12 1 0 6 12 0 3 42 78 33 140 22 1 0 0 0 1 49 29 1 3 0 0 10 1 1 0 251 37 10 3 0 167 0 0 3 16 128 1 1 47 388 115 18 0 0 2
46 77 426 58 6 99 32 328 154 11569 4188 9396 0 0 0 0 0 0 0 0 6 5 0 0 0 0 1 0 11 2 0 1 21 1 0 0 0 0 0 0 11 0 0 0 0 0 0 0 1 0 3 9 34 18 10 1 0 1 0 0 0 0 1 0 0 0 2 1 0 2 0 4374 3 5 2 0 966 0 2 0 3 0 20 15 7 3 0 1 0 0 0 10 3 1 1 5 421 144 2 1 33 3 38 39 1 84 19 44 71 101 71 189 0 0 0 0 0 0 0 0 0 0 0 3 1 0 0 0 0 0 15 0 30 42 0 1 0 0 0 2 0 0 0 1 10 1 0 0 0 0 0 0 0 0 1 0 0 0 0 0 3 4 7 10 0 0 0 0 0 0 6 3 0 0 0 0 1 0 0 0 34 2 0 0 0 26 0 0 0 1 12 0 0 3 50 12 3 0 0 0
2710 1759 28218 3526 2758 13890 854 4488 1329 29222 9396 26646 0 4 10 3 5 2 1 5 642 214 10 2 41 3 7 1 829 844 496 329 1364 7 1 1 3 24 0 27 824 21 22 1 2 2 15 6 86 5 86 180 1009 700 250 34 54 15 1 0 3 15 13 9 2 1 300 9 10 37 13 1164 146 137 93 1 1237 1 119 12 73 9 693 638 594 265 41 18 14 6 4 288 68 38 39 983 3821 1423 99 41 415 82 525 605 51 987 174 504 723 1386 988 2770 0 0 0 1 1 0 1 0 1 0 0 35 14 1 0 0 0 0 281 8 525 1065 2 75 0 0 37 34 0 1 0 34 165 2 0 0 0 1 2 0 0 20 1 1 1 23 1 3 71 98 51 260 31 1 0 1 0 0 105 47 0 1 0 0 3 0 1 0 591 83 13 7 0 491 0 1 0 22 198 0 2 84 835 156 52 2 1 3
0 0 0 0 0 0 0 0 3 0 0 0 5337 1 3 14 36 139 8964 114 1 1 1 6 2 2 11 11 0 0 0 0 2 1 1 0 2 847 11 0 10 7 29 5580 2682 6223 2 23 2 206 0 5 0 0 0 0 0 0 0 0 35 16 8 2 3 864 1 0 11 1 0 23 568 794 1 3 239 293 811 9 10 28 0 0 1 0 0 67 153 518 213 6 0 5 31 0 67 3 1 1 0 0 0 1 1 0 0 0 0 0 0 0 7 64 359 11 5 166 7 548 172 1047 32 0 0 1 0 11 1 50 9 4 2 2 0 10 1 0 47 45 285 2 105 1 0 11 157 76 98 1164 1 8 6 0 1 22 0 0 0 2 0 1 0 7 6 1 145 117 3 762 3 7 2 3 22 62 3 0 479 27 0 4 186 2 31 2 3 15 25 2 2 42 11 3 1 0 1 2 0 2
7 5 6 0 2 5 2 1 0 3 0 4 1 4057 5969 1924 861 130 97 205 84 55 471 577 62 60 1579 1828 535 120 23 12 92 448 3560 3199 680 137 121 1013 820 93 586 1 4 27 3005 293 66 1 5 4 100 148 16 2 100 420 2662 774 112 162 940 628 1098 0 322 617 1231 31 12 1 56 2 1245 42 0 0 6 0 5 0 68 74 38 36 45 9 46 17 67 59 7 26 264 45 0 15 31 58 0 0 0 0 0 0 0 0 0 0 0 1 2 1 6 2 0 10 5 14 35 59 16 0 1 1 0 0 0 5 0 0 0 2 0 1 1 0 13 17 18 1 5 0 2 1 6 0 3 24 2 0 3 0 0 4 0 0 0 0 0 0 0 0 0 0 11 6 1 3 0 0 0 1 1 4 0 1 18 0 0 1 0 0 3 1 0 0 5 0 0 7 0 0 0 0 0 0 0 0
10 3 8 2 7 8 5 5 1 1 0 10 3 5969 17789 7058 2108 356 179 893 168 109 916 713 177 142 2220 5943 305 145 40 7 96 304 1263 261 378 237 473 670 1428 179 793 15 9 37 737 518 99 5 13 3 84 105 10 1 77 304 862 214 320 287 1261 697 2174 1 189 275 2601 76 17 4 61 8 771 94 0 1 4 1 12 1 33 60 48 38 67 15 108 47 126 120 23 67 440 164 4 24 28 40 0 1 0 0 0 0 0 0 0 1 0 0 8 17 13 4 4 12 22 39 163 112 44 15 3 5 2 2 1 17 6 1 0 10 0 7 4 2 96 88 48 7 15 0 3 1 6 5 39 66 0 1 2 0 0 6 0 0 0 0 0 2 1 1 2 2 19 21 2 7 3 3 3 10 10 8 0 0 52 2 1 18 5 5 9 3 1 0 4 3 1 10 9 0 0 0 5 1 1 4
7 4 6 0 2 8 1 3 1 3 0 3 14 1924 7058 16793 866 3936 2618 1579 57 51 247 1696 196 138 2600 8904 71 24 8 1 11 40 1420 17 62 185 1448 777 1165 374 1231 11 17 104 229 419 144 5 20 3 25 29 5 0 30 28 66 8 495 302 744 336 1307 2 70 41 1621 84 26 3 22 9 102 202 2 0 3 0 19 0 30 45 20 31 54 41 208 58 200 206 44 138 638 32 0 2 45 32 1 1 0 0 0 0 0 0 0 0 1 2 46 174 164 24 7 159 17 239 239 712 31 2 0 5 0 19 1 116 4 1 0 4 1 10 5 3 39 35 302 2 205 0 3 8 52 26 111 140 2 1 5 0 0 12 0 0 1 0 1 5 0 2 3 4 22 149 5 19 2 2 8 5 16 18 1 0 63 8 0 7 9 2 11 2 0 6 15 1 0 25 5 6 1 0 1 0 0 0
8 2 2 1 8 2 6 1 0 3 0 5 36 861 2108 866 1812 585 695 1807 221 137 1040 362 282 306 179 225 160 73 24 11 71 290 397 703 1102 822 311 599 814 102 488 10 12 86 664 72 49 1 0 4 38 52 4 2 41 244 551 384 341 56 179 109 200 3 81 232 430 20 2 2 77 44 548 81 2 2 5 0 4 1 26 40 24 21 90 13 35 22 76 55 12 36 219 97 2 11 24 20 0 0 1 0 0 1 0 2 2 0 0 0 75 18 26 42 10 25 74 29 676 276 157 46 20 6 21 9 0 25 12 1 1 33 0 33 20 13 378 349 40 34 22 7 20 6 15 8 167 73 14 0 4 1 0 6 0 1 0 0 3 2 2 4 4 4 13 28 3 8 5 8 7 17 4 9 3 1 42 2 4 101 45 11 6 12 0 0 3 2 11 6 2 1 5 1 15 2 4 6
4 1 4 1 1 3 0 2 0 2 0 2 139 130 356 3936 585 10784 10147 1027 14 9 27 1170 74 16 1541 323 33 3 1 1 5 18 620 5 46 1070 1170 221 527 272 1741 69 117 831 99 130 66 2 6 3 5 18 4 1 15 6 21 3 2738 123 158 598 216 39 41 11 551 26 11 3 68 20 31 345 2 2 11 0 6 2 11 18 9 18 32 32 118 42 383 105 6 47 243 10 2 0 18 15 1 6 0 0 1 0 0 2 0 0 0 1 23 367 795 35 26 372 30 700 307 1497 46 2 0 12 0 86 5 331 42 20 2 4 3 32 10 3 47 60 1356 13 678 6 8 35 250 161 212 1154 15 6 6 1 3 16 0 3 0 1 1 10 3 8 23 9 206 595 16 350 21 32 16 20 17 115 7 2 335 20 0 9 38 2 27 9 4 4 17 14 4 15 22 20 5 0 5 4 3 0
1 1 2 0 0 1 0 1 2 0 0 1 8964 97 179 2618 695 10147 63948 6559 47 32 273 718 118 181 780 225 27 2 0 0 2 13 293 4 23 3746 394 279 561 209 766 2187 1255 5756 77 102 53 155 9 39 6 5 1 1 17 10 11 2 715 90 127 252 75 255 23 14 152 22 12 4 236 3256 19 95 28 189 96 19 40 84 3 12 10 8 16 109 265 477 725 77 7 41 283 6 7 1 19 8 0 13 0 0 2 0 0 0 0 0 0 2 513 1044 2422 303 60 2063 252 3302 4855 15192 1087 42 14 27 18 133 12 715 47 19 7 43 2 82 54 41 1160 1010 2075 90 1170 7 51 69 475 336 2275 1883 20 9 13 1 2 34 4 1 3 3 2 10 0 16 45 12 229 978 58 535 23 49 56 38 49 192 10 6 553 34 5 171 1371 15 54 37 4 19 36 18 8 51 39 33 6 1 6 4 7 16
1 0 2 0 3 3 1 1 1 1 0 5 114 205 893 1579 1807 1027 6559 2921 111 43 539 348 200 256 85 130 49 37 19 3 25 41 50 12 26 196 354 374 558 89 377 12 11 149 180 37 42 2 1 5 12 15 3 1 20 39 46 9 333 39 119 69 117 3 27 48 283 16 4 2 14 26 138 54 0 4 4 1 2 6 5 17 8 9 52 5 45 26 72 44 4 28 189 76 0 4 11 10 1 0 0 0 0 0 0 0 0 0 0 0 136 47 36 69 7 49 43 42 660 554 132 26 11 6 17 5 0 31 3 1 0 10 1 16 12 17 243 200 46 29 21 2 11 7 10 8 185 51 9 0 1 0 0 3 0 0 0 0 0 2 0 1 1 4 15 24 2 3 1 5 3 11 9 5 3 0 18 2 0 36 59 9 1 7 0 2 4 4 2 3 5 1 0 0 9 1 2 2
125 141 187 72 118 413 16 28 29 51 6 642 1 84 168 57 221 14 47 111 3616 6520 3239 232 1452 888 43 23 107 90 128 116 767 344 34 12 296 932 7 605 1072 47 276 13 3 5 207 23 39 2 9 12 48 37 133 710 60 144 28 14 14 33 177 51 46 1 55 128 86 12 2 327 1032 137 1488 19 165 0 233 1 5 1 1646 103 2074 534 456 5 33 13 27 46 10 29 199 895 136 34 1057 188 3 1 2 3 1 10 1 7 2 9 2 20 0 1 0 0 3 0 3 2 20 0 7 16 6 0 4 0 0 1 8 2 20 188 0 58 2 0 113 93 4 1 1 1 8 0 1 0 9 1 1 0 0 0 0 1 0 0 0 0 2 4 0 8 6 2 0 2 0 1 6 7 2 3 2 0 0 0 1 1 57 103 18 4 0 63 0 0 3 3 7 3 0 4 21 1 10 2 0 0
29 26 48 13 35 131 6 7 21 22 5 214 1 55 109 51 137 9 32 43 6520 22432 4275 477 11138 4523 52 15 84 40 44 86 630 290 23 5 234 1116 8 2259 713 134 705 28 3 14 402 36 87 5 5 5 37 37 42 32 57 95 19 8 22 107 278 63 29 0 54 117 103 40 3 306 1308 106 976 36 102 0 233 1 4 1 538 123 1440 640 1412 8 74 26 77 93 22 84 608 460 108 12 3383 107 0 0 0 3 0 1 1 2 1 3 1 10 0 1 2 0 3 0 12 0 63 1 10 8 2 2 1 0 0 0 7 1 13 115 0 49 1 0 150 145 0 0 1 0 5 1 1 1 13 2 0 1 0 0 0 2 0 0 0 0 1 0 0 2 4 0 0 1 2 1 4 5 1 2 4 1 2 0 4 0 43 63 16 2 1 38 0 1 4 1 3 6 0 3 5 1 7 0 0 0
1 0 6 0 0 3 0 0 1 3 0 10 1 471 916 247 1040 27 273 539 3239 4275 11249 6038 2361 5550 93 38 29 2 2 11 148 296 56 11 675 1579 16 2629 5387 883 483 48 1 12 346 25 82 2 2 2 11 20 7 7 12 43 92 34 21 30 54 15 35 1 38 36 100 13 6 19 466 21 132 29 15 1 46 0 5 0 36 41 68 57 164 5 23 11 28 63 6 24 132 21 11 3 123 6 0 0 0 0 0 0 0 0 0 1 0 2 0 0 0 0 0 1 1 2 21 6 8 1 0 1 1 0 0 0 2 0 1 24 0 4 0 0 22 34 4 0 3 0 0 0 1 0 8 4 0 0 1 0 0 2 0 0 0 0 0 1 0 0 1 0 1 3 0 1 0 2 0 0 1 0 0 0 7 0 9 14 4 0 2 5 0 0 2 0 1 4 0 1 0 0 0 0 0 0
12 6 12 0 5 5 3 6 0 2 0 2 6 577 713 1696 362 1170 718 348 232 477 6038 10375 1991 1376 5073 291 194 17 6 2 20 53 1570 45 139 482 385 10317 3752 4293 3690 25 11 478 1734 51 460 2 10 4 62 118 18 2 93 24 96 20 1061 90 224 938 288 2 241 119 349 43 15 11 95 6 121 57 4 0 13 0 12 1 52 155 92 129 383 23 130 42 302 288 28 160 830 27 2 4 228 82 0 0 0 0 0 0 0 0 0 0 0 0 0 3 3 1 2 8 0 22 8 20 3 1 0 1 0 1 0 2 0 0 1 3 0 1 0 1 8 5 20 0 3 0 1 1 5 1 1 70 1 2 4 0 0 2 1 1 0 0 1 0 0 0 2 0 9 9 2 5 1 3 0 1 4 9 1 0 15 1 2 2 1 1 6 0 1 1 7 0 1 11 2 0 0 0 0 0 0 0
19 9 16 2 9 26 4 6 7 8 0 41 2 62 177 196 282 74 118 200 1452 11138 2361 1991 15152 1343 132 31 199 13 19 38 337 207 33 5 210 1065 22 6558 773 371 1642 37 6 37 2562 41 144 1 13 8 104 243 28 16 411 51 20 10 71 93 327 94 63 0 494 91 126 48 3 225 1111 56 336 43 42 0 181 4 13 0 319 535 697 1090 5456 10 60 34 98 140 21 103 812 109 46 8 7523 830 1 0 0 0 0 0 0 1 0 2 0 5 0 0 1 0 1 0 10 5 33 6 8 3 1 0 0 0 0 0 1 0 3 25 0 18 0 0 52 77 4 0 0 0 2 0 1 0 9 6 0 2 6 0 0 2 0 0 0 1 0 0 0 1 1 0 1 2 1 5 0 0 0 2 5 1 1 0 9 0 12 26 4 0 1 13 0 2 4 1 0 12 2 0 0 0 1 0 0 1
6 1 2 0 0 3 2 1 1 1 0 3 2 60 142 138 306 16 181 256 888 4523 5550 1376 1343 2271 645 6 14 2 0 3 25 29 25 4 75 533 3 3524 1023 184 163 38 1 8 169 2 40 0 3 4 4 13 4 0 5 9 4 4 7 9 24 7 7 0 20 7 15 5 0 12 158 7 38 7 3 0 12 0 1 0 24 21 51 40 102 2 16 9 17 30 4 14 98 8 2 0 120 8 0 0 0 0 0 0 0 0 0 1 1 0 0 0 0 0 0 0 2 0 6 3 2 1 0 1 1 0 0 0 0 0 0 1 0 5 0 0 12 14 1 1 0 0 1 0 0 0 4 0 0 0 1 0 0 0 0 0 0 0 1 0 0 1 0 0 0 1 0 0 0 0 0 0 0 0 0 0 3 0 1 2 3 0 0 0 0 0 3 0 0 0 0 0 0 0 0 0 0 0
6 3 1 0 2 3 2 2 0 2 1 7 11 1579 2220 2600 179 1541 780 85 43 52 93 5073 132 645 24178 9127 423 38 8 2 9 83 6514 64 138 140 332 5590 219 104 1716 7 4 228 612 50 35 0 6 4 107 171 13 3 127 49 260 41 510 42 359 3991 578 1 451 147 357 8 0 5 40 4 259 13 1 0 3 1 3 1 54 127 63 93 83 6 21 8 49 45 7 27 220 22 1 5 80 108 1 1 0 0 0 0 0 0 0 0 0 0 1 27 32 4 1 27 6 142 15 138 6 1 0 0 0 2 0 18 3 1 0 1 0 4 0 1 6 12 151 0 56 0 0 1 14 4 8 194 0 2 0 0 0 0 0 0 0 0 1 4 0 1 2 1 21 39 0 14 2 3 5 1 1 11 1 0 26 1 0 0 1 1 3 0 0 0 2 0 0 3 4 3 0 0 0 0 0 0
9 0 1 0 2 2 2 3 0 2 0 1 11 1828 5943 8904 225 323 225 130 23 15 38 291 31 6 9127 14650 201 28 5 2 19 61 1792 22 174 95 6640 86 347 140 364 4 5 70 177 125 33 1 2 3 37 71 3 2 51 43 163 26 369 77 355 1558 2713 1 150 95 1001 13 12 3 23 2 185 27 0 0 3 0 8 0 20 45 12 34 22 16 43 20 68 50 2 23 146 37 0 5 33 45 0 1 0 0 1 0 0 0 0 0 0 0 4 134 188 2 6 116 11 495 58 340 10 3 1 6 1 26 0 104 12 11 1 4 1 11 4 0 16 29 765 1 312 0 1 7 54 37 19 721 3 4 1 0 0 2 1 0 0 0 1 3 0 7 16 3 152 220 6 59 2 23 10 4 6 57 1 0 87 6 0 4 7 2 9 1 0 0 3 3 8 7 5 14 2 0 1 1 1 1
8744 653 818 219 2157 947 1013 427 24 167 11 829 0 535 305 71 160 33 27 49 107 84 29 194 199 14 423 201 23899 7662 4709 106 401 72 419 79 157 84 22 490 173 31 614 2 4 31 734 140 43 0 23 43 5234 15068 280 8 2046 85 150 22 72 140 1058 456 284 1 6451 608 536 26 8 125 147 39 5761 42 27 0 39 5 16 0 237 635 70 122 1600 7 27 16 82 77 13 24 321 4302 76 3118 332 4222 1 5 7 8 2 12 3 7 9 13 15 52 1 0 1 1 1 3 1 7 11 0 3 9 0 0 2 0 0 1 9 0 17 98 0 23 0 0 41 47 8 2 0 0 12 0 1 0 6 14 0 0 1 0 0 2 1 0 0 1 1 2 0 8 4 0 10 6 1 5 2 4 2 4 2 5 0 0 21 0 33 27 5 2 1 38 0 1 2 1 4 0 0 1 12 0 6 0 1 2
5838 3699 120 1109 8913 1720 348 134 20 55 2 844 0 120 145 24 73 3 2 37 90 40 2 17 13 2 38 28 7662 11875 12068 115 363 27 38 12 57 25 2 29 71 10 35 0 0 5 42 22 14 0 19 33 541 422 67 4 3520 24 34 5 10 20 94 24 45 0 1599 29 104 4 4 126 91 10 1442 10 10 1 40 2 9 1 98 108 61 48 68 2 8 1 9 59 10 7 10 4765 51 406 26 1082 4 1 4 12 1 9 0 4 10 5 4 25 0 0 1 0 2 0 1 2 10 1 3 2 0 0 0 1 0 0 6 0 10 49 0 4 0 0 21 18 2 0 0 1 3 0 0 0 5 5 0 0 0 1 0 1 0 0 0 0 3 1 0 5 0 1 1 2 0 0 3 2 0 0 1 0 0 0 3 1 11 9 1 2 1 12 0 0 0 1 6 0 0 7 5 2 0 0 0 0
1002 194 54 964 19881 1648 185 39 11 32 0 496 0 23 40 8 24 1 0 19 128 44 2 6 19 0 8 5 4709 12068 15879 76 163 15 9 0 15 16 0 12 231 3 22 0 0 2 20 6 24 0 23 47 714 648 96 15 4345 13 10 0 1 11 25 13 17 1 1521 18 32 6 1 72 47 11 1321 1 10 0 16 4 11 1 225 209 189 72 82 3 10 0 3 61 14 7 15 7319 42 373 59 7816 3 1 2 3 0 8 3 2 7 13 8 30 0 0 0 0 0 0 0 1 1 1 0 0 0 0 0 0 0 0 1 0 11 36 0 3 1 0 4 9 0 0 0 0 1 0 1 0 2 1 0 1 0 0 0 0 0 0 0 0 2 2 2 6 0 0 1 0 0 0 2 5 0 0 0 0 0 0 1 0 11 6 0 1 0 9 0 0 1 1 6 0 0 0 3 0 2 0 0 0
127 24 25 34 461 1773 65 22 34 48 1 329 0 12 7 1 11 1 0 3 116 86 11 2 38 3 2 2 106 115 76 3573 5506 373 1 0 18 47 0 2 97 0 6 0 0 0 6 3 8 0 9 22 116 87 25 5 17 2280 3 2 2 2 4 0 6 1 67 16 13 4 2 206 295 43 2795 0 82 0 55 3 7 1 75 84 73 43 29 3 0 2 1 21 5 5 3 6567 263 77 32 5 8 8 17 13 4 18 4 17 15 30 22 90 0 0 1 0 1 0 0 0 0 0 0 10 5 0 2 0 0 0 21 0 40 198 0 34 0 0 38 33 0 0 0 0 14 0 0 0 1 1 0 0 0 7 0 0 0 3 0 0 4 10 0 15 9 1 0 0 0 0 6 12 2 3 0 0 2 1 1 0 75 52 9 1 0 66 1 0 0 2 24 0 1 13 26 4 12 4 1 2
272 70 86 64 684 1232 139 70 328 491 21 1364 2 92 96 11 71 5 2 25 767 630 148 20 337 25 9 19 401 363 163 5506 10926 2518 31 9 246 2349 8 71 446 7 49 1 2 2 143 21 36 4 29 64 404 340 103 25 68 2613 156 342 7 19 46 22 34 0 253 347 84 7 4 2496 2679 301 6229 15 588 3 338 4 32 2 298 357 299 235 266 4 10 1 9 105 25 12 30 7207 2495 350 205 47 62 44 64 76 31 151 18 84 91 164 135 528 1 0 0 1 3 1 3 1 25 2 6 88 38 2 6 1 0 0 104 4 256 1358 0 312 0 0 285 230 0 5 1 9 94 2 2 3 15 3 12 0 0 7 0 2 5 11 1 3 33 74 22 100 74 1 0 2 1 3 63 38 9 8 0 1 9 0 4 0 491 398 46 29 0 478 1 0 2 14 113 1 4 66 200 27 55 15 6 14
5 2 4 0 2 6 1 2 0 2 1 7 1 448 304 40 290 18 13 41 344 290 296 53 207 29 83 61 72 27 15 373 2518 2441 172 143 883 2590 20 144 212 15 87 1 1 2 494 38 5 0 3 6 25 29 9 3 16 1148 1172 2770 29 31 79 46 98 0 40 1424 187 5 0 20 1671 46 1815 22 9 0 10 0 6 0 37 46 28 38 147 1 8 3 16 19 3 1 36 108 4 6 58 12 3 0 4 0 0 3 1 9 3 4 3 14 2 0 0 1 5 1 12 3 72 6 11 17 14 3 7 0 0 1 10 2 9 193 0 82 0 1 243 201 3 7 1 1 17 0 0 1 17 6 10 0 0 3 0 4 1 4 0 0 4 9 1 11 5 1 0 5 0 0 9 9 4 24 1 2 0 1 8 0 24 132 21 16 0 37 0 0 1 4 14 0 1 10 20 1 22 5 5 8
3 2 1 0 3 0 1 1 0 1 0 1 1 3560 1263 1420 397 620 293 50 34 23 56 1570 33 25 6514 1792 419 38 9 1 31 172 2734 2167 420 75 44 1314 119 22 843 0 0 23 3375 40 9 0 1 3 91 128 7 1 121 110 1146 253 53 25 276 971 512 1 347 540 364 2 3 0 25 3 549 6 1 0 1 1 5 0 46 81 45 74 56 0 20 3 26 26 2 7 102 15 0 10 49 156 0 0 0 0 0 0 0 0 0 0 0 0 2 8 8 0 3 14 1 28 14 53 11 1 0 0 0 0 0 3 0 0 0 0 0 0 0 0 4 16 19 1 7 0 1 1 0 0 3 30 0 0 0 0 0 0 0 0 0 0 0 0 0 2 0 0 5 6 0 2 0 0 2 0 0 3 0 0 9 0 0 1 1 0 1 0 0 0 0 0 0 1 0 1 0 0 0 0 0 0
2 1 0 0 1 1 0 1 0 0 0 1 0 3199 261 17 703 5 4 12 12 5 11 45 5 4 64 22 79 12 0 0 9 143 2167 3165 926 37 0 501 19 2 41 0 0 1 2309 4 2 0 1 0 11 28 2 0 19 51 2471 1029 4 4 36 36 30 0 25 253 31 1 1 0 7 0 170 0 0 0 0 0 0 0 6 8 7 4 15 0 2 0 0 4 1 0 7 3 0 2 3 7 0 0 0 0 0 0 0 0 0 0 0 0 0 0 0 0 0 0 1 2 5 3 1 0 0 0 0 0 0 0 0 0 0 0 0 0 0 0 1 3 0 0 0 0 0 0 0 0 0 0 0 0 0 0 0 0 0 0 0 0 0 0 0 0 0 0 0 0 0 0 0 0 0 0 0 0 0 0 0 0 0 0 1 0 0 0 0 0 0 0 0 0 0 0 0 0 0 0 0 0
5 1 1 1 8 3 2 1 2 2 0 3 2 680 378 62 1102 46 23 26 296 234 675 139 210 75 138 174 157 57 15 18 246 883 420 926 1189 737 120 335 416 27 184 6 2 7 894 32 8 4 1 4 37 44 6 3 27 484 1109 1239 79 28 133 105 135 1 77 794 313 7 3 6 261 12 894 31 1 0 10 1 3 0 22 23 21 22 113 1 13 4 30 23 4 11 68 80 0 3 31 22 0 4 1 2 2 3 1 3 1 0 0 5 11 1 11 9 12 4 23 8 242 27 38 51 21 2 16 3 0 8 13 11 6 79 1 62 1 3 297 246 21 17 7 5 28 4 2 3 66 17 17 0 0 0 0 1 0 0 0 0 5 3 1 2 7 6 3 10 2 2 9 4 12 37 1 4 1 0 6 1 5 118 22 15 1 26 0 1 2 5 13 2 0 3 13 1 13 4 3 14
5 3 9 2 13 15 2 5 5 4 0 24 847 137 237 185 822 1070 3746 196 932 1116 1579 482 1065 533 140 95 84 25 16 47 2349 2590 75 37 737 13465 313 592 1034 149 833 495 415 1303 593 106 75 66 8 19 50 69 15 3 38 426 371 700 662 103 203 178 152 97 77 549 526 35 14 61 8385 989 738 211 36 34 142 8 19 48 71 86 110 112 377 36 176 167 627 91 16 34 339 211 25 12 202 29 9 12 7 4 10 3 7 35 2 3 8 32 261 81 191 126 90 95 316 172 3357 1405 682 361 177 46 108 30 2 90 108 28 26 819 4 509 35 33 3187 2429 206 139 95 10 189 27 75 28 982 534 98 4 5 5 0 23 1 12 5 3 19 34 9 39 67 34 107 108 32 166 74 73 64 205 37 87 5 0 352 29 113 1444 543 134 35 311 1 7 14 62 69 38 15 50 139 7 131 35 23 74
1 3 1 0 0 0 0 0 0 0 0 0 11 121 473 1448 311 1170 394 354 7 8 16 385 22 3 332 6640 22 2 0 0 8 20 44 0 120 313 4168 34 254 104 512 1 4 52 29 74 23 0 2 1 4 1 0 0 5 6 5 3 1571 54 66 177 2882 1 14 8 5299 7 6 0 37 1 35 194 1 0 3 0 5 0 3 4 4 2 10 5 36 14 99 31 0 16 67 13 1 0 5 4 2 4 0 0 0 0 0 1 0 0 0 0 4 51 128 1 5 34 12 164 35 162 4 2 0 4 0 20 0 41 6 5 0 1 2 2 2 0 13 18 409 0 177 0 1 7 25 24 17 306 1 3 0 0 0 4 0 1 0 0 3 0 0 3 9 5 65 136 5 26 3 10 4 6 5 35 1 2 72 3 0 1 3 2 3 4 0 2 3 3 2 6 3 4 1 0 0 0 0 0
8 3 7 4 5 8 2 6 1 3 0 27 0 1013 670 777 599 221 279 374 605 2259 2629 10317 6558 3524 5590 86 490 29 12 2 71 144 1314 501 335 592 34 13713 755 291 2043 29 3 31 4114 15 87 1 7 11 156 298 25 18 232 68 520 130 72 32 121 214 63 0 789 450 87 15 5 22 213 10 377 10 7 0 23 1 6 2 146 363 259 447 582 4 29 9 46 83 15 36 327 34 5 4 685 286 0 0 0 0 0 0 0 0 0 0 0 0 0 0 1 0 1 1 5 4 14 14 9 1 0 0 0 0 0 0 0 0 0 3 0 3 0 1 19 26 2 2 0 1 1 0 2 0 2 7 0 0 0 0 0 0 0 0 0 0 0 0 0 0 0 0 3 0 0 3 0 0 0 0 0 2 0 0 4 0 0 3 1 0 0 0 0 0 1 0 0 2 0 0 1 0 0 0 0 0
631 362 655 181 122 532 42 211 29 205 11 824 10 820 1428 1165 814 527 561 558 1072 713 5387 3752 773 1023 219 347 173 71 231 97 446 212 119 19 416 1034 254 755 5612 5170 1710 45 29 301 343 152 2042 8 339 211 101 91 861 806 68 104 205 28 506 288 274 133 335 8 124 131 490 186 111 158 481 87 919 147 106 3 106 13 179 10 1540 176 686 179 295 151 487 181 453 3101 211 554 799 615 112 33 241 167 6 4 10 14 2 21 4 17 16 26 17 72 0 0 3 1 4 1 4 12 14 12 4 17 7 0 0 2 0 1 7 0 31 190 0 41 1 1 65 45 15 0 3 2 13 6 5 1 6 43 0 8 8 0 0 9 2 1 3 5 3 12 4 13 7 1 5 6 3 7 8 0 0 1 9 6 1 2 56 2 65 71 13 5 8 59 3 8 51 5 6 17 9 18 29 4 8 1 0 3
25 17 30 2 3 15 1 11 1 8 0 21 7 93 179 374 102 272 209 89 47 134 883 4293 371 184 104 140 31 10 3 0 7 15 22 2 27 149 104 291 5170 5964 5106 16 27 212 171 65 2163 0 18 3 12 20 8 1 6 12 18 0 388 65 108 46 178 4 26 20 518 31 13 5 42 5 52 192 3 0 8 0 9 1 25 21 21 36 89 23 190 64 687 860 34 247 533 15 1 0 43 4 0 0 0 0 0 1 0 0 0 0 0 0 0 2 4 1 0 0 0 3 5 5 1 1 0 0 0 0 0 1 1 0 1 2 0 2 1 0 1 3 13 0 0 0 0 2 4 0 0 34 0 1 1 0 1 3 0 0 0 1 0 0 0 1 0 1 10 4 4 6 0 0 0 0 4 7 1 0 34 0 1 2 1 0 1 2 0 0 10 1 0 14 3 0 0 0 0 0 0 0
38 10 28 3 10 18 3 19 4 15 0 22 29 586 793 1231 488 1741 766 377 276 705 483 3690 1642 163 1716 364 614 35 22 6 49 87 843 41 184 833 512 2043 1710 5106 10402 92 172 1691 1578 449 1876 27 35 19 181 453 30 17 314 44 133 29 3314 385 2366 8607 1635 12 979 232 4095 98 43 14 259 7 289 1364 14 1 27 2 31 2 160 460 224 436 517 106 1146 635 4371 776 111 611 5493 55 7 3 646 224 0 0 0 0 0 0 0 0 0 0 1 0 0 2 13 1 2 9 2 28 17 14 5 1 1 0 0 2 0 1 0 1 0 5 0 5 0 0 20 13 49 2 14 1 1 18 27 2 4 179 1 11 18 1 0 33 0 0 1 3 1 1 0 0 5 0 65 28 12 28 0 4 2 2 55 42 5 2 254 24 2 6 1 1 43 5 7 11 38 1 0 73 24 0 0 0 1 0 0 0
0 0 1 0 1 0 0 0 3 1 0 1 5580 1 15 11 10 69 2187 12 13 28 48 25 37 38 7 4 2 0 0 0 1 1 0 0 6 495 1 29 45 16 92 7639 3916 1624 22 55 10 778 3 97 0 1 1 0 2 1 1 0 18 70 44 12 7 272 0 4 18 8 9 31 1886 2630 3 22 409 1233 2854 57 69 274 5 4 2 0 7 304 404 1096 690 17 4 9 136 2 24 0 3 2 0 1 0 0 0 0 1 3 0 0 1 1 50 28 211 29 7 177 77 362 1345 1847 289 40 17 10 15 5 1 23 13 4 1 56 0 40 7 9 654 492 89 32 37 3 27 10 50 26 465 296 15 12 15 0 0 49 9 6 4 10 2 3 0 6 6 3 42 70 13 146 6 10 5 22 49 59 12 5 378 22 5 215 619 10 38 40 10 33 76 2 4 87 17 1 15 0 15 4 2 7
2 0 3 0 0 1 0 1 58 1 0 2 2682 4 9 17 12 117 1255 11 3 3 1 11 6 1 4 5 4 0 0 0 2 1 0 0 2 415 4 3 29 27 172 3916 7984 4290 3 68 13 3414 10 89 11 2 1 1 1 0 0 0 60 43 101 12 17 2490 4 1 66 12 10 139 947 258 5 22 1982 1561 3006 83 110 405 0 3 1 4 2 638 468 3891 2592 21 7 15 183 1 628 25 1 3 0 1 0 0 0 3 0 1 0 1 0 2 1 2 116 3 1 18 4 57 81 103 11 3 3 1 0 11 0 2 7 3 3 19 0 9 3 1 49 30 54 4 16 3 3 107 444 28 44 1259 5 30 63 1 2 327 10 5 9 24 0 2 0 1 8 1 263 199 58 1347 6 8 4 4 243 314 23 17 3833 263 7 13 10 1 281 11 23 284 201 4 1 441 92 5 5 1 2 1 1 1
3 3 6 0 0 1 1 0 1 1 0 2 6223 27 37 104 86 831 5756 149 5 14 12 478 37 8 228 70 31 5 2 0 2 2 23 1 7 1303 52 31 301 212 1691 1624 4290 3389 38 70 48 30 6 4 12 26 2 1 20 6 8 2 2149 70 83 562 127 772 58 9 289 16 13 8 411 179 11 325 50 66 227 3 6 5 7 22 16 14 12 35 170 186 1770 76 4 23 237 4 21 0 16 9 0 2 0 0 3 0 0 0 1 0 0 0 8 165 1196 25 31 207 35 915 266 988 56 4 2 3 2 71 4 178 37 26 3 11 2 34 7 3 67 78 1456 16 386 6 8 88 969 227 140 4783 12 21 12 4 1 67 1 6 0 0 8 19 2 19 33 10 898 549 48 1952 35 93 22 30 88 472 13 3 2045 129 5 18 80 6 147 22 3 23 19 20 19 98 53 14 7 0 2 6 3 0
9 6 9 0 2 15 3 4 1 6 0 15 2 3005 737 229 664 99 77 180 207 402 346 1734 2562 169 612 177 734 42 20 6 143 494 3375 2309 894 593 29 4114 343 171 1578 22 3 38 8669 58 65 0 12 12 179 384 32 8 407 202 2437 504 72 62 372 354 223 0 1056 5133 230 10 4 44 335 14 1224 24 7 0 45 1 6 0 146 355 174 453 1727 7 25 16 66 67 8 31 365 32 5 5 715 544 0 0 0 0 0 0 0 0 0 0 0 1 2 0 4 0 5 1 9 4 53 17 22 6 1 0 2 0 0 0 2 0 0 11 0 12 0 0 74 123 2 1 0 1 4 0 0 0 8 12 0 0 0 0 0 1 0 0 0 0 0 0 0 1 0 0 2 1 0 3 2 1 0 0 0 0 0 0 8 3 2 16 9 0 3 2 0 1 0 0 0 6 0 0 1 0 2 0 0 0
23 10 9 1 4 10 3 4 0 6 0 6 23 293 518 419 72 130 102 37 23 36 25 51 41 2 50 125 140 22 6 3 21 38 40 4 32 106 74 15 152 65 449 55 68 70 58 13576 67 76 14 18 27 67 10 1 38 37 56 12 218 6976 2146 395 271 19 130 56 9730 950 1818 4 55 4 164 12121 12 6 19 21 1029 24 24 48 28 43 13 1697 12978 1106 1557 112 86 135 1605 53 9 3 39 22 0 0 0 0 0 0 0 6 0 0 0 1 1 1 9 8 1 12 1 20 20 7 4 0 1 0 1 3 2 2 4 4 0 7 2 4 2 2 15 7 5 8 6 5 8 108 52 12 31 56 6 174 332 6 10 439 8 11 10 28 0 0 1 1 1 4 16 133 157 37 2 6 3 8 545 69 109 45 1156 30 3 28 15 4 212 34 99 208 1220 0 1 1135 385 1 23 0 1 5 1 7
135 60 130 12 30 71 10 77 3 66 1 86 2 66 99 144 49 66 53 42 39 87 82 460 144 40 35 33 43 14 24 8 36 5 9 2 8 75 23 87 2042 2163 1876 10 13 48 65 67 9426 3 68 58 26 20 37 8 12 4 9 3 75 141 46 17 46 0 34 17 109 86 46 11 21 17 66 68 7 1 7 2 59 2 82 60 25 44 50 77 299 102 218 4154 167 2338 4357 70 6 5 35 15 0 0 0 0 0 0 0 0 0 1 0 5 0 1 0 0 0 0 0 0 2 4 1 0 1 0 0 0 0 0 1 0 1 17 0 3 0 0 5 5 2 1 2 0 0 2 2 0 1 8 0 1 7 0 0 5 2 0 0 5 0 0 0 3 0 0 2 5 2 2 0 1 0 0 9 1 2 4 23 2 5 3 1 0 3 6 3 1 16 1 0 15 7 0 0 0 0 0 0 0
1 2 2 0 0 3 1 1 71 1 0 5 206 1 5 5 1 2 155 2 2 5 2 2 1 0 0 1 0 0 0 0 4 0 0 0 4 66 0 1 8 0 27 778 3414 30 0 76 3 6102 52 1072 9 1 5 0 0 0 0 1 2 59 39 1 2 846 0 0 17 24 13 70 329 498 3 11 1726 794 1261 1070 483 3751 7 1 0 1 2 1687 355 1973 159 23 15 13 102 1 726 12 3 0 0 0 0 1 0 2 0 3 1 0 2 2 0 0 17 3 1 16 2 10 9 10 2 2 2 0 2 3 1 1 2 3 1 9 0 3 1 1 14 13 8 9 0 3 5 107 27 1 13 76 5 80 162 5 1 409 90 17 65 115 1 2 1 0 3 1 15 129 73 113 0 3 1 0 234 32 79 39 1623 36 3 10 9 1 122 21 70 1349 960 1 6 910 187 1 7 1 2 1 0 2
169 50 100 8 34 70 21 102 7 42 3 86 0 5 13 20 0 6 9 1 9 5 2 10 13 3 6 2 23 19 23 9 29 3 1 1 1 8 2 7 339 18 35 3 10 6 12 14 68 52 7091 12975 185 29 564 88 6 3 0 0 8 20 20 6 8 18 5 5 14 949 30 16 14 48 72 5 40 3 25 1370 2428 233 554 170 41 42 27 248 61 31 10 5231 7851 253 133 47 33 15 24 16 0 0 1 0 0 0 1 3 0 3 0 5 0 0 0 0 0 0 0 0 1 0 0 1 1 0 0 0 0 0 0 0 1 23 0 8 0 0 8 6 0 0 0 0 0 0 0 0 0 0 1 3 5 0 0 6 243 18 177 206 0 0 0 2 0 0 0 0 3 0 0 0 0 0 2 0 50 15 6 0 9 7 2 0 0 5 45 8 238 1 3 14 8 1 3 0 0 1 0 0
337 97 212 28 59 124 66 195 48 110 9 180 5 4 3 3 4 3 39 5 12 5 2 4 8 4 4 3 43 33 47 22 64 6 3 0 4 19 1 11 211 3 19 97 89 4 12 18 58 1072 12975 27344 280 45 688 79 12 15 0 0 3 33 28 10 7 396 17 16 16 1661 55 46 125 544 138 5 616 190 266 15343 7138 3392 679 198 52 47 34 823 92 91 11 2197 9865 86 44 114 413 45 18 32 2 0 0 1 1 1 1 9 5 12 7 10 0 0 1 1 2 0 0 3 0 3 1 1 0 0 0 1 0 0 2 0 9 48 0 7 0 0 23 6 0 0 0 13 5 2 2 2 10 0 1 21 21 6 1 30 3187 468 2797 1244 16 4 0 1 5 0 1 5 2 17 1 1 0 0 4 0 313 77 54 0 18 30 15 2 3 41 530 120 1555 0 30 47 20 4 26 1 1 1 0 0
1782 367 647 110 676 737 1442 1296 231 636 34 1009 0 100 84 25 38 5 6 12 48 37 11 62 104 4 107 37 5234 541 714 116 404 25 91 11 37 50 4 156 101 12 181 0 11 12 179 27 26 9 185 280 7550 5670 2504 7 200 77 35 8 20 46 293 117 62 1 337 108 130 16 6 183 131 94 1365 12 168 1 99 32 45 10 2608 1287 107 293 464 7 12 10 29 218 57 24 113 1191 373 5366 200 553 17 5 9 17 0 21 9 21 8 31 32 77 0 0 2 0 1 0 2 1 10 0 1 12 6 0 5 0 0 0 18 0 35 246 0 85 0 0 80 66 1 0 0 1 13 1 1 0 8 5 2 0 0 0 0 2 3 0 2 3 0 1 2 8 10 3 1 2 0 2 12 6 2 1 0 1 1 0 4 0 83 120 22 2 1 85 0 0 5 4 8 0 0 5 36 7 9 5 0 1
1312 381 590 70 460 589 619 758 60 283 18 700 0 148 105 29 52 18 5 15 37 37 20 118 243 13 171 71 15068 422 648 87 340 29 128 28 44 69 1 298 91 20 453 1 2 26 384 67 20 1 29 45 5670 9286 165 5 489 57 41 7 46 77 512 212 145 0 1313 189 237 23 4 123 100 80 1891 29 61 0 46 2 15 1 550 4585 51 417 976 9 42 5 62 73 27 21 250 1267 102 1094 384 1044 5 6 5 10 1 7 2 9 1 18 7 45 0 0 2 0 1 2 0 2 4 2 0 9 1 0 2 0 0 0 9 0 13 145 0 47 0 0 54 33 4 0 0 1 11 0 1 0 3 10 5 0 0 1 0 1 0 0 0 2 4 6 1 5 6 0 2 2 0 0 4 3 1 5 0 3 0 0 6 2 53 68 10 4 0 48 0 2 1 6 4 1 2 9 20 3 8 0 0 0
407 95 167 23 104 161 232 312 54 170 10 250 0 16 10 5 4 4 1 3 133 42 7 18 28 4 13 3 280 67 96 25 103 9 7 2 6 15 0 25 861 8 30 1 1 2 32 10 37 5 564 688 2504 165 13356 1317 31 16 2 0 4 10 38 19 6 2 30 24 23 43 8 40 36 35 292 2 36 1 20 37 112 15 1881 192 271 97 85 10 11 4 6 934 99 27 27 221 90 583 71 58 3 2 2 4 0 2 2 5 4 6 5 23 0 0 0 0 0 0 0 0 2 0 0 5 4 0 1 0 0 0 3 0 9 82 0 21 0 0 29 17 0 0 0 0 5 0 0 0 0 1 1 0 0 0 0 0 7 1 5 6 0 3 0 5 3 2 0 0 0 0 2 0 0 1 0 0 1 0 3 0 34 29 5 2 1 21 2 0 6 1 0 2 0 3 9 0 8 1 0 0
40 24 53 5 8 43 1 14 3 16 1 34 0 2 1 0 2 1 1 1 710 32 7 2 16 0 3 2 8 4 15 5 25 3 1 0 3 3 0 18 806 1 17 0 1 1 8 1 8 0 88 79 7 5 1317 2692 4 1 0 0 0 3 11 8 3 0 0 11 2 9 1 7 16 0 55 2 1 0 6 11 19 2 3260 19 1160 24 22 5 2 4 0 323 31 5 12 43 10 2 37 11 0 0 1 0 0 0 0 0 1 2 0 0 0 0 0 0 0 0 0 0 1 0 0 0 1 0 0 0 0 0 0 0 1 8 0 2 0 0 3 5 0 0 0 0 0 0 0 0 0 1 0 0 0 0 0 0 0 0 1 0 0 0 0 0 0 0 0 0 0 0 0 0 0 0 0 0 0 1 0 0 3 2 0 0 0 1 0 0 2 0 0 0 0 0 2 0 0 0 0 0
30 14 19 3 287 39 5 9 3 7 0 54 0 100 77 30 41 15 17 20 60 57 12 93 411 5 127 51 2046 3520 4345 17 68 16 121 19 27 38 5 232 68 6 314 2 1 20 407 38 12 0 6 12 200 489 31 4 7162 20 34 5 32 65 390 146 117 1 6031 347 184 9 2 38 51 4 3691 15 4 0 14 0 8 0 116 676 184 940 2251 3 21 6 54 24 7 10 178 1749 7 6 1146 7094 2 0 0 0 0 1 0 0 0 0 0 4 0 0 0 0 0 0 0 0 3 0 1 2 0 0 2 0 0 0 1 0 0 15 0 1 0 0 8 10 1 0 0 0 0 0 2 0 0 8 0 0 0 0 0 0 0 0 0 0 0 0 0 0 2 0 1 3 0 1 0 0 0 0 2 2 0 0 5 1 2 3 2 0 0 2 0 0 1 0 0 2 0 1 0 0 0 0 0 0
9 4 5 2 12 13 4 4 4 4 1 15 0 420 304 28 244 6 10 39 144 95 43 24 51 9 49 43 85 24 13 2280 2613 1148 110 51 484 426 6 68 104 12 44 1 0 6 202 37 4 0 3 15 77 57 16 1 20 2759 575 1111 12 21 103 58 113 0 75 1625 200 2 1 197 827 51 4142 15 12 0 30 2 3 0 50 69 33 31 55 1 9 1 8 16 0 4 29 359 20 5 37 24 6 0 0 3 1 10 2 5 6 11 5 17 0 0 1 0 2 0 3 1 24 1 4 13 7 1 1 1 0 0 8 1 16 157 2 58 0 1 78 93 1 2 0 1 9 0 0 0 9 4 2 0 0 0 0 1 0 1 0 1 2 5 0 11 8 0 2 2 0 0 10 3 0 4 0 0 0 0 3 0 33 50 3 1 0 25 0 0 1 4 11 0 2 7 8 4 6 4 1 1
3 1 1 0 0 1 1 0 0 0 0 1 0 2662 862 66 551 21 11 46 28 19 92 96 20 4 260 163 150 34 10 3 156 1172 1146 2471 1109 371 5 520 205 18 133 1 0 8 2437 56 9 0 0 0 35 41 2 0 34 575 3137 4260 20 33 192 143 210 1 92 1363 253 1 2 2 91 1 581 7 0 0 0 0 0 0 11 21 21 13 31 1 8 2 18 18 1 10 66 7 0 5 17 24 0 0 0 0 0 0 0 0 0 0 0 0 0 0 0 0 2 0 3 0 9 7 4 1 1 0 0 0 0 0 0 0 0 2 0 7 0 0 11 3 2 0 0 0 1 0 0 0 3 5 1 0 0 0 0 1 0 0 0 0 1 0 0 0 0 0 0 3 0 0 0 0 1 0 1 2 0 0 3 0 0 0 0 0 0 1 0 0 0 1 1 0 0 0 1 0 0 0 0 1
1 0 0 0 0 0 0 0 0 0 0 0 0 774 214 8 384 3 2 9 14 8 34 20 10 4 41 26 22 5 0 2 342 2770 253 1029 1239 700 3 130 28 0 29 0 0 2 504 12 3 1 0 0 8 7 0 0 5 1111 4260 2529 3 7 25 34 39 0 13 1593 53 1 0 1 127 3 715 1 0 0 0 0 0 0 0 3 3 2 7 1 2 0 1 2 2 1 6 4 1 0 1 3 0 0 0 0 0 0 0 0 0 0 0 0 0 0 0 0 1 0 1 0 5 1 1 1 1 0 0 0 0 0 0 0 0 2 0 2 0 0 11 15 1 0 0 0 0 0 0 0 1 4 0 0 0 0 0 0 0 0 0 0 0 0 0 0 0 0 0 0 0 0 1 0 0 0 1 0 0 0 0 0 0 4 0 0 0 0 0 0 0 0 1 0 0 0 0 0 0 0 1 0
7 4 8 0 2 3 1 6 0 1 0 3 35 112 320 495 341 2738 715 333 14 22 21 1061 71 7 510 369 72 10 1 2 7 29 53 4 79 662 1571 72 506 388 3314 18 60 2149 72 218 75 2 8 3 20 46 4 0 32 12 20 3 8737 203 203 951 1088 24 94 19 6850 40 27 3 60 4 56 6832 1 0 8 0 16 0 15 45 15 39 21 38 303 67 1899 145 15 26 401 16 3 2 29 29 2 1 0 0 1 0 0 1 0 0 0 0 6 58 329 13 24 59 8 159 102 193 14 0 3 2 0 38 0 81 22 13 0 8 2 15 5 4 28 49 703 8 182 4 7 48 309 64 40 1211 5 8 9 0 1 43 0 4 1 1 1 7 1 7 13 8 302 307 26 270 13 46 11 18 50 211 4 3 665 40 0 10 6 8 60 10 1 19 16 17 6 47 45 10 1 1 3 2 1 0
35 18 28 5 7 12 2 12 2 7 0 15 16 162 287 302 56 123 90 39 33 107 30 90 93 9 42 77 140 20 11 2 19 31 25 4 28 103 54 32 288 65 385 70 43 70 62 6976 141 59 20 33 46 77 10 3 65 21 33 7 203 16897 13247 447 212 12 195 43 2609 16657 3232 3 54 5 92 2909 11 8 15 26 844 61 41 97 57 67 31 785 3421 702 920 409 1295 3581 5982 37 7 2 97 58 0 1 0 0 0 0 0 4 0 0 0 0 0 0 6 1 2 8 6 17 8 11 3 1 0 0 1 3 1 4 0 1 0 4 0 2 2 1 13 7 13 14 5 6 8 101 30 8 27 43 13 248 427 5 5 463 10 8 14 48 1 2 0 0 2 6 15 110 154 23 4 7 3 10 356 38 154 66 705 22 2 23 8 3 149 41 153 239 1549 5 2 1019 475 1 16 0 0 0 1 3
24 8 7 0 11 11 3 5 3 7 1 13 8 940 1261 744 179 158 127 119 177 278 54 224 327 24 359 355 1058 94 25 4 46 79 276 36 133 203 66 121 274 108 2366 44 101 83 372 2146 46 39 20 28 293 512 38 11 390 103 192 25 203 13247 23387 9483 4409 15 1252 235 11462 3457 225 4 96 7 466 976 9 2 18 2 63 12 208 439 236 369 132 150 1971 681 1524 114 148 376 5170 60 5 10 376 292 0 0 0 0 0 0 0 0 0 0 0 0 0 1 0 2 1 2 4 10 19 16 1 1 0 0 1 0 1 0 0 1 0 1 0 0 0 3 6 5 15 4 2 1 1 23 18 2 4 50 2 28 46 1 1 87 1 0 1 3 0 0 0 0 0 2 24 40 35 19 0 2 0 0 100 51 10 5 383 20 1 5 1 0 58 5 9 31 122 0 0 178 36 0 5 0 0 0 0 1
10 3 4 0 4 4 0 3 0 0 0 9 2 628 697 336 109 598 252 69 51 63 15 938 94 7 3991 1558 456 24 13 0 22 46 971 36 105 178 177 214 133 46 8607 12 12 562 354 395 17 1 6 10 117 212 19 8 146 58 143 34 951 447 9483 10453 5609 4 574 129 3248 31 13 1 55 1 213 104 0 0 3 3 11 0 72 161 71 143 76 22 109 41 502 40 13 33 1871 15 0 5 170 160 0 0 0 0 0 0 0 0 0 0 0 0 2 16 40 5 3 15 5 107 13 40 7 1 0 1 0 13 0 10 5 3 0 0 0 1 1 2 7 13 154 1 49 0 0 8 25 4 3 387 2 1 1 0 0 4 0 0 0 0 0 8 0 2 4 1 96 51 6 26 3 11 1 1 11 33 4 0 119 5 0 0 1 2 10 0 0 2 7 3 1 10 5 4 0 0 2 1 0 0
7 3 6 0 7 4 2 0 0 4 0 2 3 1098 2174 1307 200 216 75 117 46 29 35 288 63 7 578 2713 284 45 17 6 34 98 512 30 135 152 2882 63 335 178 1635 7 17 127 223 271 46 2 8 7 62 145 6 3 117 113 210 39 1088 212 4409 5609 4802 5 297 159 9630 34 13 5 43 1 400 189 1 1 1 2 6 1 31 100 58 55 33 34 95 44 234 89 14 36 494 45 1 3 56 105 0 1 0 0 0 0 0 0 0 0 0 0 3 7 83 4 7 21 5 79 21 32 8 0 0 0 2 15 0 17 11 7 0 2 1 8 1 5 11 24 234 3 53 0 2 25 116 13 14 680 4 6 5 1 0 13 0 2 1 0 1 7 0 4 3 1 213 109 22 40 5 33 7 6 24 160 2 1 334 38 2 1 2 1 43 2 0 5 10 7 3 31 18 0 2 0 2 0 2 1
3 0 0 0 0 0 0 2 24 0 0 1 864 0 1 2 3 39 255 3 1 0 1 2 0 0 1 1 1 0 1 1 0 0 1 0 1 97 1 0 8 4 12 272 2490 772 0 19 0 846 18 396 1 0 2 0 1 0 1 0 24 12 15 4 5 1807 1 0 6 1 3 11 83 453 2 5 573 972 325 317 60 636 3 2 0 2 1 173 127 415 208 1 3 1 27 0 217 8 1 0 0 0 2 1 0 0 0 1 0 1 2 1 0 0 122 0 1 2 0 21 22 87 0 1 0 0 0 0 0 7 1 0 0 5 0 3 0 0 7 1 8 0 2 0 3 2 30 22 18 110 0 3 5 1 0 21 24 2 9 17 1 0 0 1 0 0 6 8 8 291 0 0 1 0 17 9 6 0 159 5 1 3 7 0 11 2 4 16 57 0 0 33 11 0 0 0 0 0 0 0
259 211 243 63 224 240 9 47 10 44 2 300 1 322 189 70 81 41 23 27 55 54 38 241 494 20 451 150 6451 1599 1521 67 253 40 347 25 77 77 14 789 124 26 979 0 4 58 1056 130 34 0 5 17 337 1313 30 0 6031 75 92 13 94 195 1252 574 297 1 14964 719 523 42 8 126 150 47 5532 42 24 0 48 1 7 1 139 2560 153 2949 3763 5 58 17 148 52 18 29 568 1734 55 19 1301 6607 1 0 1 2 1 2 0 2 3 5 4 8 0 1 3 1 2 0 2 2 8 6 1 2 2 0 1 0 0 0 6 0 9 61 0 28 0 0 31 21 7 0 2 1 1 0 4 0 1 23 2 0 2 1 0 3 0 0 0 1 1 1 0 0 4 1 9 4 0 0 1 2 1 1 2 2 0 0 11 1 25 16 5 1 1 17 0 0 4 2 2 7 1 4 4 0 2 2 0 0
9 2 4 2 5 5 4 3 0 1 1 9 0 617 275 41 232 11 14 48 128 117 36 119 91 7 147 95 608 29 18 16 347 1424 540 253 794 549 8 450 131 20 232 4 1 9 5133 56 17 0 5 16 108 189 24 11 347 1625 1363 1593 19 43 235 129 159 0 719 5471 279 7 4 9 227 9 3861 5 4 0 9 1 3 0 95 170 91 147 1288 4 11 3 29 34 8 14 102 21 1 7 242 662 2 1 0 1 0 0 0 0 0 1 0 1 1 1 0 0 3 1 8 0 40 2 16 6 5 0 2 0 0 1 3 2 2 26 0 24 0 0 104 138 1 0 0 0 7 0 0 0 11 7 1 0 0 0 0 0 0 0 0 0 0 1 0 1 1 0 2 1 1 1 1 1 2 6 1 1 0 0 6 1 0 26 3 1 1 1 0 0 1 0 1 1 0 1 1 0 0 0 0 1
19 3 17 0 4 11 2 14 0 4 0 10 11 1231 2601 1621 430 551 152 283 86 103 100 349 126 15 357 1001 536 104 32 13 84 187 364 31 313 526 5299 87 490 518 4095 18 66 289 230 9730 109 17 14 16 130 237 23 2 184 200 253 53 6850 2609 11462 3248 9630 6 523 279 13011 474 184 10 193 5 701 6473 2 1 21 4 60 5 87 176 97 156 74 125 1305 243 2097 183 36 129 1987 161 2 18 133 143 1 2 0 0 0 0 0 0 0 0 0 0 2 9 87 6 9 17 4 71 71 56 12 5 1 2 1 25 0 12 9 9 0 7 2 15 3 5 31 36 222 11 39 6 3 84 209 15 31 822 7 31 39 0 1 183 1 5 0 2 1 6 0 8 9 8 264 189 74 71 7 32 12 20 224 340 20 2 1269 123 1 13 5 4 178 14 4 37 82 4 0 224 68 5 2 0 3 3 0 4
58 21 40 5 9 23 4 37 2 19 2 37 1 31 76 84 20 26 22 16 12 40 13 43 48 5 8 13 26 4 6 4 7 5 2 1 7 35 7 15 186 31 98 8 12 16 10 950 86 24 949 1661 16 23 43 9 9 2 1 1 40 16657 3457 31 34 1 42 7 474 7556 2825 4 18 6 60 435 4 2 11 113 2123 78 66 38 21 30 16 460 600 162 181 895 4373 2317 2109 24 11 2 25 20 0 0 0 0 0 0 1 2 0 0 0 0 0 0 0 0 0 3 1 2 3 1 2 0 0 0 2 1 0 0 0 1 0 4 0 2 1 2 3 5 2 1 1 4 2 20 6 4 2 6 5 79 139 1 3 102 80 13 100 164 0 0 0 0 1 0 2 18 37 9 1 2 1 3 70 8 114 57 150 4 0 9 6 1 31 13 108 82 978 1 1 272 142 0 6 1 0 0 0 2
38 13 25 1 7 13 6 10 0 15 0 13 0 12 17 26 2 11 12 4 2 3 6 15 3 0 0 12 8 4 1 2 4 0 3 1 3 14 6 5 111 13 43 9 10 13 4 1818 46 13 30 55 6 4 8 1 2 1 2 0 27 3232 225 13 13 3 8 4 184 2825 8059 2 7 2 17 280 3 2 3 23 4555 64 20 13 2 7 8 752 349 84 84 114 251 146 209 15 3 3 2 1 1 0 0 0 0 0 0 0 0 0 0 0 0 0 0 0 1 4 0 6 2 1 0 1 1 0 0 2 0 0 0 0 1 2 0 0 0 1 1 2 1 5 1 2 4 13 5 1 9 2 1 114 101 1 1 63 18 7 42 140 0 0 0 0 0 0 2 14 36 8 0 0 1 2 44 4 152 86 109 2 2 4 6 2 8 12 145 77 1204 1 0 207 131 0 1 0 0 0 0 1
91 35 47 28 128 261 105 91 611 3938 4374 1164 23 1 4 3 2 3 4 2 327 306 19 11 225 12 5 3 125 126 72 206 2496 20 0 0 6 61 0 22 158 5 14 31 139 8 44 4 11 70 16 46 183 123 40 7 38 197 2 1 3 3 4 1 5 11 126 9 10 4 2 3685 209 787 594 2 1950 109 2935 19 17 60 127 151 149 169 200 29 14 26 9 47 9 6 12 1629 6505 463 151 22 70 38 91 103 28 198 30 95 119 216 163 611 0 0 0 0 1 1 2 0 13 7 2 97 31 6 6 0 0 0 116 3 276 1744 1 370 0 0 332 203 2 6 1 11 124 3 0 1 14 2 10 1 1 20 1 7 6 9 2 4 29 56 17 86 76 2 0 1 1 4 85 34 11 8 3 1 13 2 6 0 689 606 110 31 0 598 5 1 7 34 122 2 5 58 236 30 79 18 5 12
39 14 24 8 56 90 20 18 54 60 3 146 568 56 61 22 77 68 236 14 1032 1308 466 95 1111 158 40 23 147 91 47 295 2679 1671 25 7 261 8385 37 213 481 42 259 1886 947 411 335 55 21 329 14 125 131 100 36 16 51 827 91 127 60 54 96 55 43 83 150 227 193 18 7 209 9727 3597 2611 85 607 417 3209 64 51 198 168 239 283 287 762 126 189 336 386 71 8 17 153 1640 310 40 364 50 33 22 17 28 15 38 12 65 23 37 19 131 43 20 72 21 48 56 209 97 1598 575 322 320 178 23 68 11 3 19 108 25 126 2152 4 1061 15 11 3557 2543 60 75 17 19 244 16 27 12 612 136 90 5 5 14 0 14 10 17 7 2 25 53 12 46 116 22 29 43 12 68 117 77 41 150 18 32 8 0 148 10 431 2254 723 135 10 820 5 10 46 69 140 29 11 104 269 21 195 56 22 42
