25657 6476 15257 2379 428 1338 13328 6339 455 1293 12 403 0 0 0 2 0 2 0 0 147 10 2 3 5 0 2 8 10180 14922 168 13 14 9 0 0 2 4 2 1 1298 3 13 1 0 4 2 2 30 1 24 70 639 716 118 287 116 14 2 0 1 11 5 8 7 0 591 2 11 23 22 72 12 38 37 2 31 0 12 2 76 1 1082 630 954 393 4 11 12 0 6 134 60 56 17 23 46 1981 13 32 15 35 40 49 48 31 2 10 20 12 32 57 0 0 0 0 1 0 0 0 0 0 0 6 7 0 1 0 0 0 105 12 30 13 0 9 0 0 3 0 0 2 0 12 18 1 0 0 0 1 2 0 2 3 0 0 0 4 1 3 9 6 3 18 7 1 1 0 1 0 43 48 20 6 0 2 4 3 0 0 26 5 2 10 0 6 0 0 5 4 31 2 0 44 16 4 13 3 0 4
6476 9662 2448 10639 867 2300 126 38 22 115 5 202 0 0 0 0 0 0 0 0 155 24 1 2 4 0 2 0 438 2364 41 2 15 2 0 0 2 1 1 0 669 1 2 0 0 1 0 0 3 0 3 9 86 72 21 94 43 2 1 0 0 4 1 1 0 0 210 4 3 8 3 52 4 4 8 0 14 0 6 0 13 0 204 160 506 305 2 2 1 0 2 21 7 10 4 13 16 80 13 12 24 68 47 60 82 62 1 9 17 29 46 63 0 0 0 0 0 0 0 0 0 0 0 6 3 0 1 0 0 0 70 9 27 19 0 2 0 0 0 0 0 0 0 8 12 0 0 0 0 0 0 0 0 2 0 0 3 3 0 0 5 2 0 18 6 0 0 0 0 0 34 29 11 2 0 0 5 1 0 0 26 3 0 8 0 3 0 0 1 0 18 2 2 44 11 8 9 1 0 1
15257 2448 11471 8794 801 7085 2653 10909 838 2632 31 15884 0 1 0 0 1 2 1 0 533 125 3 3 23 1 3 6 1831 3429 224 8 39 5 2 0 0 14 3 6 2283 3 8 0 1 2 3 4 23 2 17 69 495 381 100 384 185 8 3 0 2 5 11 7 7 0 779 7 7 23 27 137 12 39 32 5 38 1 16 3 66 1 1106 716 1818 909 8 14 8 3 12 126 76 37 18 78 166 844 77 66 94 270 228 300 329 261 9 69 91 115 226 414 1 0 0 0 1 1 0 1 0 0 1 16 9 1 1 0 0 0 296 24 117 82 3 16 0 0 3 2 1 4 1 22 34 3 0 1 0 3 5 4 1 3 1 1 9 6 1 5 13 23 4 77 28 2 2 0 1 1 90 97 24 9 0 0 8 1 5 0 183 14 6 12 0 16 2 0 5 4 64 3 1 120 96 21 39 6 0 9
2379 10639 8794 14623 3164 8121 99 43 13 68 7 671 0 0 0 0 1 0 0 0 291 76 4 1 10 0 6 1 408 2576 176 4 15 0 0 0 0 3 1 1 813 2 1 0 0 1 2 1 3 0 1 8 73 44 17 109 141 4 0 0 2 2 5 3 1 0 218 3 5 3 2 43 4 5 15 0 21 0 2 0 8 0 200 161 742 500 0 2 0 0 1 13 4 5 2 12 38 51 31 35 41 136 105 166 169 124 1 28 36 40 114 171 0 0 0 0 1 0 0 0 0 0 0 5 2 0 1 0 0 0 130 16 56 32 1 10 0 1 0 1 0 0 0 10 17 1 0 0 0 0 2 0 0 4 0 2 4 5 0 1 9 8 0 35 11 0 0 1 0 0 41 38 11 5 0 0 5 2 0 0 89 5 1 1 0 6 0 0 1 4 31 0 3 48 32 19 18 5 0 4
428 867 801 3164 5333 8641 262 66 38 74 72 1923 0 3 0 7 8 0 0 0 128 46 1 1 26 0 7 7 781 5152 4006 163 151 20 1 0 19 27 16 0 284 1 1 0 0 2 3 32 4 0 2 8 66 63 10 29 591 10 4 2 4 12 12 7 12 0 145 5 52 2 8 94 18 8 16 22 28 0 7 0 6 1 112 106 308 150 7 5 5 0 13 9 2 2 5 290 100 156 41 1111 97 265 163 253 280 236 2 31 72 63 202 343 1 4 0 0 0 1 0 1 0 0 0 9 5 0 0 0 0 3 292 25 130 73 1 14 0 0 2 5 5 1 1 24 29 2 3 0 0 1 2 0 2 5 0 1 6 4 2 4 10 15 2 69 22 1 0 3 0 0 81 71 13 3 1 6 14 0 2 1 160 10 4 5 1 15 1 0 2 14 45 3 4 135 73 31 25 11 0 0
1338 2300 7085 8121 8641 13348 662 236 112 306 223 17757 1 4 3 4 13 5 2 1 610 241 6 4 72 0 8 14 1117 6207 4483 1385 1396 50 0 0 14 130 25 1 1120 1 1 0 0 5 10 44 7 1 3 12 121 112 30 127 1369 74 4 0 2 15 13 9 12 0 417 17 75 4 21 170 137 30 66 26 66 0 19 0 12 0 316 382 1058 759 20 4 7 0 10 29 10 11 4 1247 154 288 164 1728 75 226 187 248 322 307 12 47 62 97 210 388 0 0 1 0 3 0 1 3 1 0 0 7 18 3 1 2 0 0 238 31 127 96 4 18 0 0 5 14 7 9 0 15 44 1 3 0 1 12 3 0 2 6 0 0 5 6 0 4 5 17 1 51 26 3 3 1 0 2 74 79 32 3 2 4 12 0 3 1 205 11 6 20 2 16 0 0 2 3 40 1 4 119 85 32 34 16 0 4
13328 126 2653 99 262 662 15426 9827 2610 5305 70 573 0 0 1 5 1 2 2 0 28 13 3 2 7 0 4 8 6438 4736 299 7 16 13 0 0 3 10 8 1 347 3 10 0 0 5 2 7 39 0 22 107 1231 1477 209 154 260 11 2 0 4 7 7 0 7 0 342 12 15 33 34 33 7 46 66 4 26 0 14 4 93 4 1130 487 387 70 7 16 11 3 11 140 71 60 16 50 169 6935 10 64 12 29 25 33 36 26 1 10 7 17 14 40 0 0 0 1 5 0 0 1 0 0 0 10 6 0 0 0 0 0 41 8 13 18 1 8 0 0 3 5 1 7 0 5 19 3 1 0 0 0 6 4 2 2 0 0 9 4 6 4 5 8 0 12 9 3 1 0 1 0 41 32 20 10 1 4 2 3 1 0 21 9 4 18 1 10 1 0 5 3 21 2 3 30 12 8 18 7 1 3
6339 38 10909 43 66 236 9827 23927 4534 16840 16 822 0 0 0 0 1 1 0 0 24 9 0 1 2 0 6 1 710 757 66 6 9 1 0 0 0 1 2 0 361 7 4 0 1 0 0 2 20 0 20 56 480 336 81 120 48 2 0 0 1 6 4 0 2 1 228 1 5 27 15 10 0 12 11 1 9 1 5 3 58 1 681 297 339 70 5 6 4 3 9 90 55 35 15 16 80 1576 7 15 4 13 15 22 27 12 2 5 9 9 22 20 0 0 0 0 0 0 0 0 0 0 0 0 2 0 0 0 0 0 17 4 9 4 0 2 0 0 1 0 1 1 0 6 1 0 0 0 1 0 3 0 2 0 0 0 1 0 2 3 3 0 0 3 1 1 0 0 0 0 6 8 6 4 2 1 0 1 0 0 10 2 1 2 0 1 2 0 0 1 5 1 0 12 7 4 2 0 0 0
455 22 838 13 38 112 2610 4534 3557 6540 403 736 3 0 2 2 2 0 1 0 47 77 7 1 53 0 4 8 253 224 40 11 37 9 1 0 2 8 0 2 109 1 6 6 127 4 35 5 6 95 7 35 272 135 60 33 55 7 0 0 0 5 7 5 6 11 166 25 9 15 11 111 21 149 21 1 589 71 61 18 56 116 215 139 126 61 39 96 48 59 33 32 13 14 7 37 1694 2764 39 13 3 5 9 12 10 5 0 2 2 6 7 10 0 0 0 0 0 0 0 0 0 0 0 3 0 0 1 0 0 0 8 0 1 5 0 4 0 0 1 1 1 0 0 2 6 0 0 0 0 1 4 0 6 0 0 0 3 1 6 7 1 2 0 1 0 0 0 1 0 1 9 9 8 3 2 2 1 1 5 1 9 2 5 4 3 6 1 0 4 0 7 6 1 12 3 0 5 0 0 4
1293 115 2632 68 74 306 5305 16840 6540 20726 9925 29756 1 0 0 1 0 0 1 1 70 27 1 3 9 0 1 4 616 589 91 5 11 5 0 0 1 0 4 2 324 4 4 0 0 1 0 2 10 0 18 58 501 326 99 105 56 5 2 0 0 8 5 1 2 0 215 3 10 22 10 207 6 17 20 2 54 0 24 2 45 1 579 294 360 97 5 9 3 1 4 78 34 36 12 25 1947 2839 23 8 81 153 167 230 257 254 10 112 114 180 296 344 0 0 0 0 1 0 0 1 0 0 0 4 5 1 1 0 0 0 124 11 78 50 1 8 0 0 1 1 0 1 1 7 16 0 2 0 0 3 4 2 3 1 0 1 1 2 5 1 5 16 0 33 16 1 0 0 0 1 48 38 13 6 0 2 1 2 3 0 145 8 9 1 1 13 2 0 4 1 36 0 3 66 128 18 19 7 0 2
12 5 31 7 72 223 70 16 403 9925 3027 3923 0 0 0 1 0 0 0 0 119 73 2 0 36 0 0 3 52 25 21 15 85 4 0 0 2 4 2 1 140 0 0 0 0 2 1 4 0 1 1 1 67 21 11 9 70 2 0 0 0 4 4 3 6 0 100 2 9 1 3 933 13 6 6 3 108 0 29 0 1 0 38 88 145 74 12 1 1 0 3 2 0 1 1 122 1727 633 69 19 47 140 115 169 214 206 8 70 58 97 194 305 0 1 0 0 0 0 0 2 0 0 1 13 7 0 0 0 0 0 101 20 98 65 1 4 0 0 0 0 1 0 0 8 17 2 0 0 0 0 0 0 0 3 0 1 0 0 0 0 4 7 2 39 20 1 0 0 0 2 30 35 5 2 0 0 4 0 1 0 195 9 7 4 0 21 2 0 1 1 21 1 0 110 117 15 20 5 0 2
403 202 15884 671 1923 17757 573 822 736 29756 3923 21093 0 2 6 18 16 7 12 1 1222 649 29 5 310 1 13 33 780 1130 634 842 2256 113 7 0 23 478 52 16 1720 1 8 1 3 17 53 97 9 1 5 21 238 142 34 165 724 147 14 2 14 68 46 24 48 6 934 36 201 15 45 1488 567 81 171 43 225 0 89 1 22 2 473 765 1686 1169 95 14 24 1 38 32 14 12 12 2874 2018 1111 509 339 161 563 413 582 706 638 18 178 191 361 643 1024 0 3 1 2 13 4 4 5 1 2 1 40 23 5 6 0 1 0 500 67 309 259 4 35 0 1 13 31 9 8 5 37 73 2 2 0 4 7 25 0 3 15 0 1 12 9 1 6 25 41 4 117 73 8 6 4 0 4 163 138 61 21 1 8 23 4 12 1 624 37 17 35 1 84 2 0 2 15 104 4 7 348 331 44 73 24 0 22
0 0 0 0 0 1 0 0 3 1 0 0 6169 3 1 3 46 253 5791 387 0 2 3 17 2 0 37 7 0 2 0 0 2 0 0 0 1 146 7 0 40 4 42 6068 4208 2640 2 19 7 77 0 0 0 0 3 0 2 1 0 0 5 10 36 13 11 1620 2 0 24 6 4 8 230 1044 3 14 116 267 336 0 7 14 2 3 1 2 0 71 159 298 584 0 1 3 28 0 16 4 1 0 0 0 0 0 1 0 0 0 0 1 1 1 5 224 82 15 6 287 3 674 13 297 19 1 3 3 1 13 2 103 8 2 4 4 1 2 0 0 13 22 276 4 86 5 4 6 3 1 41 396 1 2 4 0 0 1 1 0 1 2 1 0 0 1 6 2 30 36 5 231 0 3 14 6 4 29 3 5 39 14 1 6 84 2 17 2 0 1 1 1 2 21 6 9 0 0 0 1 0 0
0 0 1 0 3 4 0 0 0 0 0 2 3 9962 7150 2492 51 258 66 60 59 55 563 175 9 17 1911 3920 47 3 18 0 7 55 2744 7517 1117 62 820 547 1810 44 77 1 1 14 434 16 17 1 0 0 7 6 1 4 170 216 2242 848 16 19 71 97 260 6 135 392 310 7 4 4 12 154 162 21 4 0 2 0 1 0 12 21 16 39 13 4 15 2 25 6 3 9 53 32 4 1 23 63 0 0 0 0 1 0 0 0 0 0 0 2 173 61 6 364 160 690 303 124 213 386 777 32 25 47 46 27 27 143 1 3 0 24 7 50 143 59 186 400 56 207 11 7 61 27 3 2 226 70 51 10 5 1 0 0 0 0 0 2 0 0 1 0 1 55 8 30 9 3 3 4 10 39 1 10 3 1 6 8 12 63 186 21 7 24 0 0 2 4 0 5 10 5 3 0 8 8 0 6
0 0 0 0 0 3 1 0 2 0 0 6 1 7150 21162 21711 568 4324 135 206 46 50 613 382 16 35 1419 4221 27 1 16 1 3 17 597 712 622 73 2105 625 2276 93 199 3 3 34 227 34 34 0 0 0 2 2 3 3 63 91 278 163 47 60 196 127 345 13 63 152 659 44 17 2 15 141 70 61 3 0 5 0 2 0 7 3 12 20 3 5 56 5 66 25 5 18 128 36 4 1 14 17 1 1 2 0 2 1 0 0 0 0 0 1 181 109 9 301 95 591 252 162 190 423 628 14 9 32 52 37 35 177 2 5 0 15 5 34 166 34 145 257 73 199 29 7 49 29 4 1 219 94 35 5 7 1 1 3 0 1 1 3 0 0 1 1 1 33 13 37 7 9 2 3 8 31 5 27 4 4 15 3 11 65 149 9 3 28 0 1 8 2 2 13 16 2 3 0 6 7 0 5
2 0 0 0 7 4 5 0 2 1 1 18 3 2492 21711 21061 695 6358 2615 1650 41 28 372 592 16 20 2301 2311 132 19 108 9 15 90 273 54 976 340 1827 289 2909 553 357 7 10 168 118 66 117 5 0 4 15 7 15 10 266 442 159 117 165 96 246 141 109 57 118 353 354 62 44 4 29 152 467 174 4 0 2 2 13 0 22 13 19 36 9 32 134 11 162 67 11 70 226 261 1 4 14 27 1 2 0 0 1 0 0 2 0 0 1 2 87 779 186 125 62 1245 52 1729 110 1348 149 15 13 35 18 43 15 476 16 17 4 16 6 25 72 12 70 143 586 72 181 14 29 32 17 2 164 418 26 5 14 0 0 6 0 0 1 4 1 1 0 2 11 21 23 115 14 102 7 12 29 36 15 40 5 7 31 8 5 22 122 12 9 10 0 2 6 2 6 27 14 7 3 1 1 5 0 5
0 0 1 1 8 13 1 1 2 0 0 16 46 51 568 695 2621 954 2491 1391 72 148 338 242 43 43 247 25 47 12 49 17 59 307 185 11 2719 2158 71 676 533 27 98 18 27 397 690 33 11 0 0 0 4 2 1 2 93 419 304 151 93 39 142 95 52 27 52 206 110 11 3 15 68 215 390 65 7 4 9 0 1 0 5 12 19 20 12 10 40 14 150 7 1 10 79 261 2 4 11 20 3 2 1 0 3 4 0 3 0 1 0 3 163 74 11 142 314 133 292 125 147 91 296 135 143 91 121 32 43 123 7 8 5 78 49 259 188 92 410 643 82 483 29 5 103 45 2 1 196 97 191 13 14 0 0 3 1 2 0 1 4 0 0 2 8 215 24 65 19 12 20 12 27 227 4 26 6 3 22 7 42 239 165 46 6 48 2 1 3 20 17 19 23 11 1 1 57 35 0 74
2 0 2 0 0 5 2 1 0 0 0 7 253 258 4324 6358 954 10449 3870 1295 40 36 121 655 24 10 5041 420 25 5 20 10 38 49 222 7 598 810 6024 189 2342 502 417 72 98 5706 94 375 162 6 0 1 1 3 23 8 46 70 41 17 5241 100 353 584 326 288 59 57 1457 118 63 13 94 269 118 1181 3 5 7 0 24 3 20 17 13 42 14 49 333 31 1144 121 17 76 315 73 2 1 23 16 0 6 2 1 4 2 0 3 0 0 0 3 59 1773 537 76 36 1203 32 2204 127 2038 92 11 4 30 9 95 18 1086 43 31 14 10 3 28 35 11 60 133 1352 31 552 23 20 69 49 6 203 1306 21 9 34 1 1 13 0 1 0 5 1 1 0 6 43 23 130 272 26 304 21 33 104 57 18 137 8 13 91 13 5 16 141 49 16 11 1 3 15 5 9 43 26 32 4 2 3 7 2 6
0 0 1 0 0 2 2 0 1 1 0 12 5791 66 135 2615 2491 3870 52603 9727 59 80 134 487 39 44 2122 187 6 2 1 2 20 13 183 8 332 3059 69 406 896 154 356 6808 2157 4008 350 198 50 123 0 7 1 1 7 2 14 10 77 3 175 101 300 244 66 1256 20 36 158 78 55 11 695 7230 19 135 24 661 140 3 26 31 5 12 9 28 2 133 410 549 1814 37 5 51 236 11 12 2 13 2 0 1 1 1 6 1 0 7 0 0 4 3 691 1439 476 679 448 3808 629 3892 812 5096 1403 131 113 210 151 195 137 1523 19 28 4 138 57 322 537 146 756 1164 1035 608 341 26 169 177 53 18 991 1026 230 42 49 5 4 18 3 2 1 11 2 2 4 3 21 202 113 264 33 518 36 28 89 261 35 163 13 20 146 42 68 398 1287 67 47 140 1 5 14 20 9 68 63 27 17 3 66 34 2 61
0 0 0 0 0 1 0 0 0 1 0 1 387 60 206 1650 1391 1295 9727 4891 34 42 163 490 28 76 617 43 2 0 1 1 1 1 237 13 356 144 85 815 567 58 233 1411 268 712 210 52 29 14 0 1 0 1 4 1 2 3 71 1 115 103 425 175 49 71 11 13 163 49 20 4 18 1117 3 86 4 93 11 0 13 5 4 10 5 21 3 40 84 94 388 22 0 22 168 5 0 0 6 1 0 0 0 0 0 0 0 3 0 0 2 1 564 256 39 428 148 469 494 251 374 424 767 36 24 112 105 93 112 429 2 5 2 45 4 56 434 75 315 443 149 491 82 11 88 109 14 11 378 193 72 34 29 2 6 7 2 0 0 3 0 1 1 0 3 66 32 100 31 33 8 6 14 45 15 59 11 9 49 13 38 185 267 24 12 57 1 5 6 6 2 26 36 1 4 3 8 4 3 11
147 155 533 291 128 610 28 24 47 70 119 1222 0 59 46 41 72 40 59 34 7088 6045 1932 1908 667 192 618 36 141 149 206 104 319 125 54 5 108 502 17 714 1167 160 170 4 9 35 205 12 28 3 0 3 20 9 3 1190 198 19 38 3 28 59 284 112 31 1 111 55 68 31 17 345 334 284 464 24 355 9 165 0 6 2 306 42 5970 935 81 9 20 6 53 16 1 9 121 485 234 82 1724 385 9 30 12 21 28 13 0 3 2 5 11 31 13 7 3 6 109 18 19 10 6 7 20 85 71 19 40 2 0 6 69 18 38 67 35 207 11 16 107 164 12 79 5 11 70 4 1 0 17 14 96 1 6 5 0 2 4 7 0 2 13 15 0 19 22 90 5 5 2 3 83 64 82 130 3 9 9 4 8 3 91 114 38 89 3 55 0 0 3 40 41 6 7 66 23 10 62 44 0 99
10 24 125 76 46 241 13 9 77 27 73 649 2 55 50 28 148 36 80 42 6045 17920 2643 949 3688 1086 835 26 84 40 62 97 416 310 29 0 134 1017 10 3797 661 66 473 18 18 102 419 46 34 7 1 2 24 5 4 85 87 35 20 1 88 251 1181 680 99 6 136 52 291 105 35 425 652 592 325 66 522 24 284 0 14 8 102 175 3761 1981 148 15 73 10 249 8 1 18 405 277 307 76 4620 126 6 15 5 13 12 14 0 3 7 4 10 17 26 15 4 11 153 9 32 40 9 4 22 136 117 30 52 3 3 8 60 13 23 90 62 318 15 22 192 285 30 124 10 21 100 6 5 0 30 29 151 4 18 4 1 3 8 7 0 4 7 15 0 12 21 138 15 13 7 5 87 67 83 228 7 30 8 1 29 6 60 165 89 130 5 68 4 0 5 39 47 17 5 39 15 4 93 60 2 124
2 1 3 4 1 6 3 0 7 1 2 29 3 563 613 372 338 121 134 163 1932 2643 9111 5587 180 2584 1057 25 6 3 2 3 69 113 33 9 395 656 34 3890 6348 965 740 20 6 59 297 31 104 3 0 1 5 5 5 8 14 12 82 6 35 79 424 173 23 7 17 96 52 55 30 39 132 121 22 44 108 6 57 0 7 1 10 26 64 68 11 20 52 7 131 43 6 54 368 21 47 10 70 5 2 4 1 0 5 1 1 0 1 0 0 2 15 6 2 20 69 18 39 24 11 15 35 47 51 14 24 4 2 12 6 3 8 30 28 75 26 12 85 115 18 79 11 3 35 9 1 0 20 26 77 0 13 2 0 1 0 1 2 5 4 3 0 1 4 40 8 14 3 5 22 10 24 85 8 15 3 6 16 2 20 52 13 31 8 21 0 0 1 12 22 10 8 15 8 0 14 27 0 44
3 2 3 1 1 4 2 1 1 3 0 5 17 175 382 592 242 655 487 490 1908 949 5587 20197 374 2204 8444 51 10 5 3 2 9 19 450 29 114 206 73 7974 5456 8093 3022 22 30 653 1012 62 637 10 2 4 18 3 25 24 35 8 145 13 424 110 350 415 71 95 185 74 94 101 63 7 61 135 20 101 13 3 16 0 26 1 38 153 125 344 63 52 162 31 1020 174 23 188 677 6 9 3 166 11 0 2 0 0 0 1 0 0 0 0 0 1 22 87 22 37 30 126 35 176 26 95 90 8 7 12 5 8 5 40 5 7 2 7 2 19 17 11 33 73 155 26 65 4 7 20 22 1 29 270 7 8 27 0 0 3 0 0 1 6 0 0 0 1 5 11 93 38 19 43 4 10 18 11 23 92 1 16 67 15 0 13 35 10 15 5 2 3 6 4 1 32 16 0 0 0 4 7 1 2
5 4 23 10 26 72 7 2 53 9 36 310 2 9 16 16 43 24 39 28 667 3688 180 374 5209 96 575 39 59 20 11 70 354 181 45 0 34 499 15 3494 168 24 128 4 10 45 5197 17 11 5 0 4 40 27 9 28 157 15 11 4 47 88 364 461 79 5 793 57 152 38 17 338 486 554 125 18 568 18 256 2 5 4 159 620 1104 4229 2995 5 15 6 110 6 1 8 121 122 291 83 5258 151 7 12 6 7 8 9 2 5 5 2 7 12 7 6 2 19 97 9 10 12 3 2 15 99 80 17 28 4 0 4 40 16 16 76 35 264 13 13 111 180 15 64 3 11 88 6 2 0 16 18 121 2 2 6 1 2 7 9 0 6 14 13 0 11 18 67 7 5 2 2 111 68 112 178 2 10 14 6 10 3 62 144 46 140 1 70 0 0 2 30 53 6 6 48 17 1 54 37 3 116
0 0 1 0 0 0 0 0 0 0 0 1 0 17 35 20 43 10 44 76 192 1086 2584 2204 96 906 738 0 0 0 0 0 2 2 15 1 14 42 2 3765 379 22 74 2 0 2 53 2 5 0 0 0 1 1 0 3 1 0 7 0 1 3 21 28 0 0 21 3 2 6 1 1 12 35 3 3 2 0 4 0 0 0 8 32 44 114 3 2 3 1 9 1 0 2 23 0 1 0 36 0 0 0 0 0 1 0 0 0 0 0 0 0 1 0 1 5 4 8 6 2 3 3 9 2 2 0 0 1 2 3 0 0 0 1 0 5 5 1 9 19 2 7 1 0 0 1 0 0 4 2 3 0 0 0 1 0 0 0 0 0 0 0 0 0 0 4 0 1 0 1 0 0 1 2 0 0 0 0 0 0 0 4 10 2 0 3 0 0 0 0 0 0 1 0 0 0 1 1 1 1
2 2 3 6 7 8 4 6 4 1 0 13 37 1911 1419 2301 247 5041 2122 617 618 835 1057 8444 575 738 34267 7050 107 10 20 2 38 67 4849 692 214 340 124 5264 1491 396 1104 6 13 852 2175 43 68 5 1 1 57 43 12 21 651 127 1017 162 350 122 584 4409 398 239 1451 519 371 53 36 38 109 397 159 38 55 0 19 0 12 0 112 501 239 1327 162 13 44 8 303 35 10 37 450 33 32 7 878 256 0 2 1 1 2 1 0 4 0 0 0 2 108 335 77 196 46 1198 105 1085 148 896 424 10 10 26 12 25 19 209 12 2 5 17 4 48 65 16 89 151 360 47 97 3 29 35 9 2 151 319 27 5 14 0 0 4 2 1 0 2 1 0 0 1 12 21 22 54 10 121 12 16 34 28 8 42 1 4 25 4 5 45 171 24 7 20 1 1 7 1 5 19 9 7 4 1 12 12 1 16
8 0 6 1 7 14 8 1 8 4 3 33 7 3920 4221 2311 25 420 187 43 36 26 25 51 39 0 7050 9492 452 43 128 17 23 85 466 305 113 60 2079 76 205 26 35 6 5 259 725 46 11 0 0 3 67 62 6 15 1478 668 867 289 86 86 116 1926 1631 372 1405 1141 747 22 37 25 36 154 904 11 20 0 8 0 12 0 94 175 115 506 73 12 17 6 88 7 0 6 31 184 14 16 454 545 0 3 1 2 3 0 0 0 0 3 2 2 35 809 132 63 27 722 36 1563 70 547 123 17 6 14 6 52 6 301 24 6 4 4 3 26 23 7 32 82 824 20 328 16 14 26 11 0 74 634 24 5 13 1 2 2 1 0 1 1 0 0 0 2 23 12 60 104 7 177 15 25 56 42 3 47 1 6 32 2 6 14 94 20 9 9 0 0 1 7 2 16 7 26 0 0 4 5 2 12
10180 438 1831 408 781 1117 6438 710 253 616 52 780 0 47 27 132 47 25 6 2 141 84 6 10 59 0 107 452 49720 9193 2047 187 492 265 22 2 131 197 255 11 288 10 13 2 2 29 35 201 28 1 28 100 5016 10674 334 90 5676 211 112 10 26 238 171 75 307 4 8911 221 810 61 109 1581 126 283 1419 72 509 3 468 5 99 4 1738 3657 403 198 179 20 53 3 75 156 79 51 28 1446 251 5064 89 767 71 279 142 223 242 166 9 19 48 35 96 235 4 9 3 7 13 4 2 26 1 5 1 98 73 8 9 2 1 11 682 82 176 131 14 114 3 1 29 28 28 32 10 94 173 12 8 0 1 49 57 7 12 28 0 1 23 35 1 17 61 86 2 139 114 23 22 11 3 0 500 520 259 72 8 23 60 11 30 5 222 54 26 179 5 99 2 2 11 63 314 5 12 323 74 50 166 63 4 76
14922 2364 3429 2576 5152 6207 4736 757 224 589 25 1130 2 3 1 19 12 5 2 0 149 40 3 5 20 0 10 43 9193 12894 5123 25 92 22 1 0 31 25 32 1 697 4 2 0 0 2 6 31 15 0 11 33 408 548 71 131 5703 19 11 0 4 24 25 11 36 3 930 21 114 23 29 272 23 61 132 14 98 0 58 1 29 1 499 327 593 330 13 13 12 4 16 53 18 23 10 357 140 1457 42 587 41 182 122 191 161 140 10 19 45 53 88 223 0 3 1 0 4 2 0 4 0 0 0 23 13 4 4 0 0 2 278 29 72 46 2 12 1 1 5 8 7 4 5 26 61 1 0 0 0 6 6 3 2 6 0 0 3 9 3 4 22 30 1 79 36 4 5 0 2 1 107 168 32 15 1 6 19 2 7 0 94 14 6 29 2 16 0 2 5 5 72 1 4 120 34 20 56 4 0 13
168 41 224 176 4006 4483 299 66 40 91 21 634 0 18 16 108 49 20 1 1 206 62 2 3 11 0 20 128 2047 5123 5294 55 161 153 8 0 164 135 187 6 422 1 6 0 2 5 12 144 4 0 3 8 117 161 15 51 8599 75 97 13 13 92 70 24 111 2 442 84 407 13 49 364 19 21 1873 76 83 1 38 0 15 2 192 195 436 346 24 13 31 2 32 18 9 5 15 3876 89 210 108 8731 65 192 142 181 160 144 7 26 38 40 123 191 1 6 1 0 5 3 0 7 1 0 2 9 9 2 2 1 0 1 260 22 96 54 4 17 0 0 10 13 11 5 14 23 36 4 5 1 0 17 9 2 2 10 1 1 5 9 1 3 16 19 1 49 20 3 7 5 3 1 89 110 35 16 4 11 21 2 15 5 109 8 4 12 1 19 0 0 2 13 60 3 5 120 26 17 34 17 0 7
13 2 8 4 163 1385 7 6 11 5 15 842 0 0 1 9 17 10 2 1 104 97 3 2 70 0 2 17 187 25 55 4414 4314 1361 1 0 33 257 20 4 136 0 3 2 2 7 13 83 1 0 0 5 32 29 5 19 115 3350 4 1 11 35 22 7 19 2 402 10 109 0 25 421 229 32 968 55 52 1 23 0 6 0 82 168 159 132 25 5 24 1 32 9 6 1 1 5287 77 21 84 28 15 65 29 46 41 37 2 2 8 8 30 55 0 8 0 0 3 2 2 6 0 3 0 14 13 0 3 2 0 2 97 9 23 19 3 18 1 3 6 13 8 3 5 11 23 4 2 0 0 17 13 1 0 8 1 0 1 4 0 6 10 8 0 18 18 1 5 3 1 1 61 77 34 14 1 8 10 4 5 0 50 5 10 29 0 19 0 0 1 5 30 1 3 36 17 12 28 5 0 12
14 15 39 15 151 1396 16 9 37 11 85 2256 2 7 3 15 59 38 20 1 319 416 69 9 354 2 38 23 492 92 161 4314 12276 4072 21 3 146 4950 23 46 398 2 9 12 8 37 324 50 1 1 3 4 89 62 10 40 388 1856 70 95 16 13 15 20 20 7 1005 233 110 7 12 2451 2689 289 1205 29 141 3 82 1 11 3 192 405 366 356 234 2 17 1 40 19 6 7 6 3761 246 70 213 70 17 71 31 53 56 47 0 5 14 8 39 74 6 11 4 4 38 4 15 10 2 1 9 80 60 15 14 2 0 3 144 30 49 85 20 155 4 7 55 64 18 36 9 40 108 5 0 0 9 18 96 4 2 19 1 0 9 11 0 10 22 32 0 30 28 16 8 2 3 1 226 190 114 95 3 7 31 5 10 0 105 79 34 139 0 66 0 0 2 19 106 2 8 91 29 5 94 38 2 74
9 2 5 0 20 50 13 1 9 5 4 113 0 55 17 90 307 49 13 1 125 310 113 19 181 2 67 85 265 22 153 1361 4072 3390 151 38 1475 1548 94 85 256 3 12 2 1 24 840 26 2 0 1 11 86 42 11 42 278 6107 831 3072 9 10 17 23 35 2 506 1624 170 8 5 181 335 374 2592 35 50 1 19 1 10 2 147 204 147 125 112 9 8 2 20 33 12 7 10 1593 27 17 62 46 16 11 23 13 13 18 0 8 10 1 3 20 7 11 2 11 102 14 17 12 4 2 20 151 137 39 47 3 1 9 104 16 19 129 64 386 11 12 100 182 16 127 18 59 193 12 2 0 12 15 224 4 11 26 1 1 23 21 2 22 38 53 1 27 21 81 7 13 4 2 307 222 241 306 0 10 37 10 8 0 86 213 41 304 0 142 0 3 5 62 193 4 12 72 18 8 128 72 7 164
0 0 2 0 1 0 0 0 1 0 0 7 0 2744 597 273 185 222 183 237 54 29 33 450 45 15 4849 466 22 1 8 1 21 151 6788 4290 465 236 26 2651 87 16 60 2 3 27 721 3 3 0 0 2 12 4 2 1 180 129 4035 559 9 10 42 281 53 2 243 638 50 2 5 10 35 92 68 3 3 0 12 0 2 1 19 48 31 125 26 0 8 1 15 2 2 5 28 8 2 0 127 80 0 0 1 1 0 0 0 1 0 0 0 1 83 26 1 146 56 250 121 75 108 175 310 18 11 26 33 12 10 61 2 2 2 11 5 31 75 27 89 176 25 109 8 3 22 22 1 0 78 27 24 6 3 0 0 0 0 0 0 1 0 0 1 2 1 28 3 12 4 1 8 3 7 26 0 4 1 2 9 0 7 27 62 8 1 7 0 0 0 1 4 2 12 3 0 1 7 6 0 6
0 0 0 0 0 0 0 0 0 0 0 0 0 7517 712 54 11 7 8 13 5 0 9 29 0 1 692 305 2 0 0 0 3 38 4290 1932 70 17 23 237 45 1 2 0 0 3 107 0 0 0 0 0 1 0 0 0 16 125 1483 331 1 2 4 30 32 0 21 144 22 0 0 2 1 6 19 0 0 0 0 0 0 0 0 3 0 8 3 1 1 0 0 0 0 0 3 1 0 0 3 7 0 0 0 0 0 0 0 0 0 0 0 0 6 3 1 11 7 30 23 2 9 20 40 0 2 3 5 1 3 9 0 0 0 1 0 3 7 2 5 19 6 10 1 0 0 0 0 0 4 3 1 0 1 0 1 0 0 0 0 0 0 0 0 0 0 3 0 0 0 0 0 0 0 0 0 1 0 0 0 0 0 5 4 0 0 2 0 0 1 0 0 0 1 0 0 0 0 1 0 1
2 2 0 0 19 14 3 0 2 1 2 23 1 1117 622 976 2719 598 332 356 108 134 395 114 34 14 214 113 131 31 164 33 146 1475 465 70 1424 1814 139 458 562 18 44 2 6 71 759 18 4 0 0 0 8 14 2 2 306 1360 897 790 32 21 66 42 39 7 108 935 134 1 3 5 25 80 1119 30 3 1 8 0 3 0 14 26 34 35 10 5 21 2 31 6 3 2 38 611 3 5 21 40 2 1 2 1 0 0 1 1 2 0 0 3 77 32 9 62 295 73 154 57 45 27 125 148 101 67 106 17 13 52 7 11 5 72 50 245 107 64 283 518 39 325 22 8 88 33 1 1 89 46 167 6 4 0 0 1 1 2 0 2 1 2 0 4 5 211 6 31 15 5 31 14 26 225 3 5 2 2 8 4 30 128 62 43 4 31 0 0 3 19 15 9 14 4 2 1 54 19 0 46
4 1 14 3 27 130 10 1 8 0 4 478 146 62 73 340 2158 810 3059 144 502 1017 656 206 499 42 340 60 197 25 135 257 4950 1548 236 17 1814 11612 82 1000 931 31 98 533 203 1028 2897 197 13 22 3 2 30 26 6 19 272 1383 724 346 187 36 135 163 59 48 350 1027 224 12 28 558 7430 1708 1223 210 187 111 271 0 16 15 62 166 226 262 239 46 152 55 633 9 3 11 87 1090 63 18 185 58 9 19 16 12 21 12 4 15 7 5 10 23 182 125 29 151 785 179 282 210 130 101 279 533 458 174 283 56 30 115 76 50 25 401 215 1234 201 150 974 1530 137 681 42 72 390 65 18 3 285 223 635 22 19 21 6 5 14 12 4 16 29 39 4 28 34 533 35 93 21 30 308 184 310 904 10 67 39 12 54 19 211 737 420 379 10 299 2 1 6 119 167 14 26 78 42 9 274 163 7 373
2 1 3 1 16 25 8 2 0 4 2 52 7 820 2105 1827 71 6024 69 85 17 10 34 73 15 2 124 2079 255 32 187 20 23 94 26 23 139 82 6373 24 508 90 55 4 18 819 135 356 21 1 0 0 22 21 6 5 572 700 163 121 7794 24 48 95 3356 233 262 563 5515 5 31 11 20 42 836 1971 2 1 9 0 8 0 29 45 31 47 13 36 211 6 1298 15 3 15 43 476 1 13 27 83 1 7 5 0 9 1 0 1 0 1 0 6 14 1035 250 41 59 321 24 1339 41 259 31 21 12 16 15 64 4 295 53 24 20 14 8 52 16 13 65 171 1382 36 703 17 15 64 91 0 56 1511 35 10 25 3 1 5 0 2 0 2 0 4 0 9 59 34 201 281 16 172 16 45 123 58 11 151 3 8 87 12 6 12 47 46 8 1 2 2 5 5 13 21 18 42 1 0 9 11 2 9
1 0 6 1 0 1 1 0 2 2 1 16 0 547 625 289 676 189 406 815 714 3797 3890 7974 3494 3765 5264 76 11 1 6 4 46 85 2651 237 458 1000 24 7664 1141 226 787 51 7 53 1118 17 43 1 0 2 18 8 4 5 74 19 737 47 43 42 319 719 36 11 344 179 55 26 9 20 256 311 25 19 48 1 36 0 7 1 42 265 240 671 110 7 36 10 88 16 3 32 270 9 15 4 341 26 0 0 1 0 0 0 0 1 0 0 2 4 91 45 3 172 150 224 183 55 108 116 335 54 40 43 57 16 26 73 1 1 4 48 21 127 105 50 217 410 22 198 12 6 54 21 1 2 97 43 68 11 8 0 1 1 0 0 0 1 1 1 0 0 1 81 10 35 11 5 17 10 11 95 6 17 1 3 11 6 26 91 99 37 6 13 1 1 1 6 7 14 9 5 1 0 15 14 4 23
1298 669 2283 813 284 1120 347 361 109 324 140 1720 40 1810 2276 2909 533 2342 896 567 1167 661 6348 5456 168 379 1491 205 288 697 422 136 398 256 87 45 562 931 508 1141 5684 3540 2711 65 111 1208 342 284 2462 44 80 274 128 36 1279 1464 365 194 147 18 771 369 443 268 173 200 221 302 309 764 663 584 365 472 1026 351 416 11 272 16 810 28 1017 114 507 190 96 547 1027 213 2048 2959 611 1817 1658 601 226 173 149 512 29 90 59 66 49 50 0 15 13 8 27 51 39 173 55 40 140 210 49 396 44 194 98 131 86 38 52 27 7 81 228 46 68 135 52 286 36 24 162 248 305 144 114 53 119 62 33 1 56 405 163 45 112 14 7 17 31 21 35 58 28 39 1 48 56 103 136 99 69 86 224 218 162 198 93 215 42 50 237 43 144 162 85 131 79 96 33 15 116 43 142 154 74 124 34 13 122 50 3 132
3 1 3 2 1 1 3 7 1 4 0 1 4 44 93 553 27 502 154 58 160 66 965 8093 24 22 396 26 10 4 1 0 2 3 16 1 18 31 90 226 3540 5364 5161 8 27 286 40 40 1543 4 1 2 6 2 69 36 6 9 6 1 174 52 54 41 40 61 14 9 42 88 46 5 6 24 10 100 6 1 9 1 19 4 47 9 13 26 4 63 202 60 670 204 36 220 457 8 3 1 7 1 0 0 0 0 1 0 0 0 0 0 0 0 3 27 16 5 2 32 3 70 6 36 7 0 0 2 0 1 1 12 1 2 0 0 0 3 1 0 4 13 85 5 29 0 1 7 11 0 5 121 4 7 35 0 0 3 1 0 0 1 0 0 0 0 4 1 33 19 14 16 4 9 3 5 11 63 0 6 62 15 0 3 3 4 24 1 1 2 12 0 2 39 12 0 0 0 0 2 0 2
13 2 8 1 1 1 10 4 6 4 0 8 42 77 199 357 98 417 356 233 170 473 740 3022 128 74 1104 35 13 2 6 3 9 12 60 2 44 98 55 787 2711 5161 5281 69 194 719 234 355 2978 46 1 5 30 4 119 56 29 14 26 2 617 518 2547 1106 129 113 105 27 242 538 291 7 44 65 18 776 45 10 33 2 130 14 102 91 61 184 23 322 1055 284 4005 687 121 1629 6409 24 12 3 71 12 0 3 0 0 0 1 0 0 0 1 0 1 11 75 63 14 14 71 17 138 17 46 42 4 6 2 4 14 2 27 17 11 3 5 3 13 6 3 10 48 311 11 112 6 8 79 83 5 28 569 9 62 247 2 2 23 3 3 6 31 1 5 0 1 7 2 281 134 110 66 20 31 24 13 198 475 12 60 506 161 0 6 24 14 168 4 20 16 98 5 1 272 89 8 2 0 10 7 6 3
1 0 0 0 0 0 0 0 6 0 0 1 6068 1 3 7 18 72 6808 1411 4 18 20 22 4 2 6 6 2 0 0 2 12 2 2 0 2 533 4 51 65 8 69 6749 3705 773 64 61 6 439 0 8 1 0 1 3 2 3 20 0 24 45 66 22 9 320 10 15 89 12 29 52 4049 2961 3 46 397 3312 2699 21 91 231 5 0 6 7 4 381 528 885 1020 3 1 3 52 4 12 2 3 1 0 0 0 0 0 1 1 1 0 0 1 0 87 59 26 129 131 359 148 237 128 346 318 44 54 32 34 13 9 84 4 7 3 34 15 93 73 24 217 365 65 147 38 5 62 25 4 2 173 109 53 16 36 0 0 3 11 1 6 8 0 0 0 1 4 47 26 37 11 41 14 11 20 96 28 60 5 10 81 20 19 131 357 18 30 18 1 5 11 3 7 58 15 7 3 0 22 20 2 14
0 0 1 0 0 0 0 1 127 0 0 3 4208 1 3 10 27 98 2157 268 9 18 6 30 10 0 13 5 2 0 2 2 8 1 3 0 6 203 18 7 111 27 194 3705 8260 2974 13 109 20 3165 1 16 12 2 6 6 9 1 1 0 25 77 194 42 36 2183 4 3 200 32 55 61 695 676 5 65 1784 1215 1797 36 193 724 4 4 12 6 6 1480 1475 4474 3527 10 1 9 124 7 344 80 3 2 1 0 0 2 1 1 0 0 1 2 1 4 5 92 72 14 8 73 8 253 29 74 18 3 1 4 3 9 1 13 16 15 4 5 2 5 3 3 7 43 308 18 115 9 4 74 86 3 16 908 7 21 119 3 2 21 10 1 12 30 1 1 0 1 11 4 405 159 58 219 11 19 21 10 105 606 1 31 876 203 4 6 24 12 168 3 6 36 45 5 2 232 71 13 2 0 4 11 2 3
4 1 2 1 2 5 5 0 4 1 2 17 2640 14 34 168 397 5706 4008 712 35 102 59 653 45 2 852 259 29 2 5 7 37 24 27 3 71 1028 819 53 1208 286 719 773 2974 3522 38 146 94 20 0 2 5 8 25 14 59 12 11 0 1247 129 653 1446 508 2322 120 17 514 92 50 31 281 386 42 401 29 41 46 2 19 7 34 46 39 122 10 61 223 169 3438 58 7 49 434 39 18 3 81 24 1 2 0 1 11 2 1 2 0 1 2 5 39 1081 540 60 22 487 34 1472 100 578 83 8 3 15 6 95 12 361 54 36 31 18 2 16 38 10 53 165 1421 26 689 25 8 111 220 20 149 2244 22 12 41 5 0 14 0 2 0 5 1 5 0 4 64 18 294 339 30 444 23 58 114 54 26 251 9 9 176 22 3 17 100 27 26 10 2 4 17 7 13 47 33 34 0 2 8 17 3 4
2 0 3 2 3 10 2 0 35 0 1 53 2 434 227 118 690 94 350 210 205 419 297 1012 5197 53 2175 725 35 6 12 13 324 840 721 107 759 2897 135 1118 342 40 234 64 13 38 9588 14 9 7 0 2 29 19 2 8 229 534 1321 205 38 31 197 625 216 6 471 2894 314 13 13 224 1127 959 199 45 507 26 331 1 6 3 59 179 87 691 541 11 21 9 42 4 1 3 126 42 131 32 611 174 2 2 1 1 6 3 0 4 1 0 5 5 37 24 4 99 259 73 143 44 50 27 120 118 87 53 80 15 10 25 19 8 7 88 44 354 66 51 280 501 37 202 12 11 92 15 3 0 80 46 138 3 7 7 1 0 5 5 0 2 6 10 1 3 8 125 6 23 4 5 59 36 69 189 2 15 6 5 5 4 54 160 128 112 3 62 0 2 2 16 32 14 6 16 9 2 60 45 2 69
2 0 4 1 32 44 7 2 5 2 4 97 19 16 34 66 33 375 198 52 12 46 31 62 17 2 43 46 201 31 144 83 50 26 3 0 18 197 356 17 284 40 355 61 109 146 14 28937 105 193 1 9 14 21 27 14 381 133 6 4 275 6795 1509 264 430 34 228 95 12944 278 3539 57 178 49 262 9265 74 15 70 6 167 31 25 51 34 69 8 1287 8151 502 2110 59 10 81 1059 762 20 11 40 57 1 0 0 0 1 0 0 2 0 0 0 1 0 17 10 17 4 30 9 63 27 25 19 6 8 12 42 14 10 11 12 26 7 3 2 9 4 4 17 39 74 52 52 8 16 313 104 5 28 185 34 424 1417 9 18 182 11 5 21 120 1 1 1 0 5 5 126 226 722 50 47 30 11 21 1490 1160 63 313 1946 666 3 8 8 32 1329 23 120 136 593 18 6 2047 689 5 3 0 10 32 4 7
30 3 23 3 4 7 39 20 6 10 0 9 7 17 34 117 11 162 50 29 28 34 104 637 11 5 68 11 28 15 4 1 1 2 3 0 4 13 21 43 2462 1543 2978 6 20 94 9 105 6297 8 7 15 33 6 251 107 5 7 3 0 55 181 73 19 9 15 17 1 14 365 234 7 5 22 14 88 10 4 4 1 144 12 169 20 12 12 2 250 407 70 343 3818 363 3713 3198 10 1 17 3 1 0 0 0 1 0 1 0 1 0 1 1 1 2 9 3 3 1 7 0 21 2 10 2 2 2 1 1 1 0 1 3 4 0 2 1 2 0 0 2 3 15 5 10 2 3 9 3 0 1 26 1 18 58 1 1 4 4 0 1 9 0 0 0 0 1 3 14 11 22 11 11 7 2 3 33 50 3 19 69 18 1 2 4 5 28 3 8 5 33 0 0 62 19 2 1 0 4 1 1 0
1 0 2 0 0 1 0 0 95 0 1 1 77 1 0 5 0 6 123 14 3 7 3 10 5 0 5 0 1 0 0 0 1 0 0 0 0 22 1 1 44 4 46 439 3165 20 7 193 8 5753 69 406 2 1 5 3 1 4 0 0 7 142 109 8 3 795 2 2 104 49 86 14 167 1052 1 50 1336 577 529 675 613 5519 6 5 1 4 4 2413 878 2951 218 21 3 8 103 1 308 67 3 1 1 0 0 0 0 0 0 2 1 2 0 1 1 4 2 6 2 2 4 20 4 3 6 0 1 3 5 4 1 2 4 4 0 2 0 1 0 0 5 11 16 14 5 2 2 59 21 2 8 44 4 44 239 5 0 66 211 11 159 125 0 1 0 1 1 2 47 56 94 34 8 12 5 7 291 282 11 61 958 301 3 1 3 9 343 5 30 196 136 1 3 794 145 2 2 0 0 8 0 1
24 3 17 1 2 3 22 20 7 18 1 5 0 0 0 0 0 0 0 0 0 1 0 2 0 0 1 0 28 11 3 0 3 1 0 0 0 3 0 0 80 1 1 0 1 0 0 1 7 69 6153 10828 66 13 184 4 3 4 0 0 0 3 3 2 0 14 8 1 1 288 13 2 1 39 14 0 30 3 2 1024 843 199 130 16 2 8 3 41 3 1 0 5387 4209 126 17 1 8 21 0 1 2 0 1 0 1 1 0 1 0 1 0 0 0 0 0 0 0 0 0 0 0 1 0 3 3 0 0 0 0 0 8 0 1 3 1 0 0 0 0 0 0 0 0 0 2 0 0 0 1 0 0 1 4 0 1 2 658 127 632 212 7 1 0 0 1 0 0 0 2 3 6 5 4 1 1 0 30 10 2 1 4 1 5 1 4 5 39 17 76 2 5 11 1 3 3 0 0 1 0 2
70 9 69 8 8 12 107 56 35 58 1 21 0 0 0 4 0 1 7 1 3 2 1 4 4 0 1 3 100 33 8 5 4 11 2 0 0 2 0 2 274 2 5 8 16 2 2 9 15 406 10828 15294 189 31 414 17 14 11 2 0 1 40 16 3 7 104 32 17 11 422 286 24 9 209 72 0 120 22 21 10294 5024 1563 304 40 13 16 6 483 31 6 9 3264 2335 109 34 9 40 66 1 4 3 2 2 6 2 4 1 11 2 0 0 4 0 1 1 0 1 2 0 4 0 8 3 2 2 2 1 1 1 0 21 2 6 7 3 14 0 0 6 5 3 8 0 1 7 7 4 0 16 2 7 22 67 7 0 15 3673 821 5357 1436 24 1 1 6 1 1 1 1 10 41 14 19 12 5 5 2 244 89 26 3 5 19 20 15 2 53 300 119 600 3 25 75 30 5 28 3 7 4 0 6
639 86 495 73 66 121 1231 480 272 501 67 238 0 7 2 15 4 1 1 0 20 24 5 18 40 1 57 67 5016 408 117 32 89 86 12 1 8 30 22 18 128 6 30 1 12 5 29 14 33 2 66 189 5892 7190 6396 19 222 93 8 4 7 43 54 24 54 3 937 106 118 67 43 184 29 106 472 8 143 7 64 9 105 13 697 1649 173 112 99 19 27 8 28 261 116 68 57 106 260 6796 48 72 8 27 17 18 20 17 1 3 4 6 9 23 3 0 2 3 12 2 1 5 0 2 1 29 35 3 7 1 0 4 101 7 21 52 12 93 1 1 22 18 3 12 4 13 40 1 0 0 0 9 31 0 7 11 0 0 9 4 9 9 15 29 1 14 24 9 2 4 1 0 121 108 61 65 1 8 0 3 6 0 44 46 10 75 4 53 1 1 6 25 47 4 0 52 11 7 48 19 1 65
716 72 381 44 63 112 1477 336 135 326 21 142 0 6 2 7 2 3 1 1 9 5 5 3 27 1 43 62 10674 548 161 29 62 42 4 0 14 26 21 8 36 2 4 0 2 8 19 21 6 1 13 31 7190 5914 338 11 263 34 9 2 6 16 36 24 35 2 1418 43 75 12 20 176 25 75 235 5 71 3 72 2 32 1 529 7087 47 60 45 8 6 0 11 42 23 9 9 116 93 4575 23 55 9 30 13 22 20 19 1 2 4 4 12 23 0 2 0 0 4 1 1 2 0 0 3 24 12 1 3 0 0 2 81 6 21 32 4 37 0 0 8 7 2 14 1 15 31 2 1 0 0 10 10 1 3 2 0 1 2 7 2 1 11 21 0 9 16 3 1 0 1 0 75 74 46 21 0 5 4 2 5 3 31 21 6 42 1 22 1 0 0 16 45 0 2 36 7 3 34 15 1 18
118 21 100 17 10 30 209 81 60 99 11 34 3 1 3 15 1 23 7 4 3 4 5 25 9 0 12 6 334 71 15 5 10 11 2 0 2 6 6 4 1279 69 119 1 6 25 2 27 251 5 184 414 6396 338 13583 229 32 17 2 0 18 35 17 7 9 6 73 15 18 130 98 33 4 45 97 27 25 5 14 18 266 8 3284 100 23 32 14 76 81 23 103 1460 263 256 139 11 57 1354 4 9 1 3 4 1 4 3 1 1 0 1 0 4 0 5 0 0 2 2 0 6 0 0 0 7 13 0 2 0 0 2 23 4 1 6 3 12 0 0 2 8 7 2 2 8 14 5 0 0 0 17 6 7 14 0 0 4 27 3 16 13 2 1 0 6 3 4 8 0 2 1 31 19 18 13 3 13 4 3 20 2 11 8 1 17 1 17 1 0 12 2 11 12 5 9 4 1 7 7 0 16
287 94 384 109 29 127 154 120 33 105 9 165 0 4 3 10 2 8 2 1 1190 85 8 24 28 3 21 15 90 131 51 19 40 42 1 0 2 19 5 5 1464 36 56 3 6 14 8 14 107 3 4 17 19 11 229 2241 58 25 4 0 8 29 25 10 6 5 60 32 36 37 37 77 21 33 236 10 36 0 25 0 38 0 2435 26 1201 108 28 34 40 3 62 283 24 104 83 66 13 60 95 86 3 19 10 6 17 5 0 2 0 0 4 7 0 1 0 0 8 0 0 1 0 0 0 10 11 2 2 0 0 0 35 5 15 18 5 23 1 0 8 5 4 5 2 11 19 2 1 0 1 11 7 0 7 1 0 1 4 3 1 1 8 8 0 14 10 6 4 0 0 3 55 44 40 19 1 3 4 0 5 2 28 20 2 19 3 19 3 1 5 7 16 4 2 25 7 4 24 4 2 17
116 43 185 141 591 1369 260 48 55 56 70 724 2 170 63 266 93 46 14 2 198 87 14 35 157 1 651 1478 5676 5703 8599 115 388 278 180 16 306 272 572 74 365 6 29 2 9 59 229 381 5 1 3 14 222 263 32 58 4760 138 310 27 52 441 455 299 822 9 2271 1016 1785 62 158 1473 100 134 6340 113 408 1 334 1 45 0 272 531 456 894 1771 29 76 7 110 18 9 7 41 3098 282 250 1772 3673 74 350 207 302 286 196 13 23 51 42 164 316 5 29 12 2 20 7 3 29 2 8 7 41 43 4 6 3 0 6 600 74 203 118 14 63 2 0 25 30 46 17 25 62 122 13 14 2 1 87 25 4 12 14 1 1 14 22 5 22 34 85 3 116 93 10 28 18 9 12 292 317 98 51 6 45 40 8 35 11 196 42 11 73 7 50 5 0 9 33 195 12 16 278 61 43 96 33 2 57
14 2 8 4 10 74 11 2 7 5 2 147 1 216 91 442 419 70 10 3 19 35 12 8 15 0 127 668 211 19 75 3350 1856 6107 129 125 1360 1383 700 19 194 9 14 3 1 12 534 133 7 4 4 11 93 34 17 25 138 5142 2685 3857 18 60 38 27 290 6 443 1902 871 11 39 209 240 149 4693 130 29 2 21 0 20 1 145 201 107 60 12 13 35 3 49 19 3 4 13 804 28 16 16 44 6 13 14 12 10 6 3 4 0 2 4 17 9 18 6 3 52 11 10 28 1 9 11 114 94 19 23 1 1 12 53 20 10 94 35 217 4 10 80 94 32 54 17 35 94 12 7 0 7 52 119 3 5 8 0 0 7 12 1 9 17 25 0 13 12 58 20 19 6 7 166 108 140 183 4 36 21 5 20 5 53 124 27 157 1 82 0 0 5 33 85 4 5 45 17 6 93 49 4 135
2 1 3 0 4 4 2 0 0 2 0 14 0 2242 278 159 304 41 77 71 38 20 82 145 11 7 1017 867 112 11 97 4 70 831 4035 1483 897 724 163 737 147 6 26 20 1 11 1321 6 3 0 0 2 8 9 2 4 310 2685 5768 5474 8 5 21 141 142 1 144 4941 172 0 4 20 150 121 865 12 32 2 25 0 2 0 13 22 29 41 17 0 4 1 14 4 1 1 10 100 3 6 26 73 1 0 0 0 1 1 0 0 0 1 1 0 44 13 3 97 258 69 183 49 56 32 166 63 38 57 72 11 15 28 1 2 2 23 20 138 80 53 177 487 19 196 9 12 63 20 0 1 96 27 87 0 2 1 1 0 0 0 0 0 2 1 0 0 4 107 8 16 3 1 10 4 19 89 0 4 1 1 8 3 22 73 77 22 5 14 0 0 2 12 4 5 9 3 1 0 22 20 1 21
0 0 0 0 2 0 0 0 0 0 0 2 0 848 163 117 151 17 3 1 3 1 6 13 4 0 162 289 10 0 13 1 95 3072 559 331 790 346 121 47 18 1 2 0 0 0 205 4 0 0 0 0 4 2 0 0 27 3857 5474 1279 2 1 6 12 41 0 13 1319 96 0 1 2 3 7 382 7 2 0 0 0 0 0 4 0 5 5 2 0 3 1 2 0 0 0 0 22 0 0 6 10 0 0 0 0 0 0 0 0 0 0 1 1 3 1 0 4 3 6 8 6 5 7 4 3 3 0 6 0 3 4 0 0 1 3 0 15 2 4 8 20 4 8 1 0 2 1 0 0 8 7 3 0 0 1 0 0 0 0 0 0 0 0 0 0 1 4 1 1 0 0 2 1 4 4 1 1 0 0 2 1 6 5 3 5 0 2 0 0 0 1 4 0 1 1 0 0 2 0 0 2
1 0 2 2 4 2 4 1 0 0 0 14 5 16 47 165 93 5241 175 115 28 88 35 424 47 1 350 86 26 4 13 11 16 9 9 1 32 187 7794 43 771 174 617 24 25 1247 38 275 55 7 0 1 7 6 18 8 52 18 8 2 10417 97 591 1227 210 90 123 10 3789 59 41 13 48 24 50 4918 7 2 10 0 12 0 25 59 30 111 10 56 337 27 3942 35 2 29 347 74 0 1 61 19 0 1 0 0 4 2 0 0 0 1 2 5 5 223 117 15 9 64 7 278 25 65 16 4 1 2 3 25 0 58 10 22 8 5 1 3 5 2 23 64 474 6 226 6 5 44 81 2 36 819 11 8 26 1 1 9 0 0 1 7 2 2 0 1 23 3 218 147 19 68 18 19 31 21 8 215 1 7 165 16 2 1 15 8 21 3 0 1 11 3 2 18 17 14 3 0 8 4 2 2
11 4 5 2 12 15 7 6 5 8 4 68 10 19 60 96 39 100 101 103 59 251 79 110 88 3 122 86 238 24 92 35 13 10 10 2 21 36 24 42 369 52 518 45 77 129 31 6795 181 142 3 40 43 16 35 29 441 60 5 1 97 12492 12578 790 497 29 445 101 3991 4510 2172 18 29 33 160 331 56 9 19 9 466 108 72 196 111 306 20 780 1817 406 660 121 47 396 3133 246 22 7 110 47 0 0 1 0 1 0 0 1 0 0 2 1 7 20 15 10 4 55 12 55 12 29 25 1 4 14 25 13 4 15 11 18 1 4 0 6 5 2 18 27 72 48 43 7 17 219 53 3 23 152 23 552 1683 3 16 202 25 5 40 268 0 0 0 1 2 3 84 111 795 36 10 29 16 17 1003 638 117 407 1105 331 1 8 12 24 849 18 214 85 901 14 4 1767 658 11 4 3 11 29 6 9
5 1 11 5 12 13 7 4 7 5 4 46 36 71 196 246 142 353 300 425 284 1181 424 350 364 21 584 116 171 25 70 22 15 17 42 4 66 135 48 319 443 54 2547 66 194 653 197 1509 73 109 3 16 54 36 17 25 455 38 21 6 591 12578 24622 6819 1027 89 1066 90 3187 3012 834 14 61 79 110 833 83 14 51 3 135 12 109 606 312 1073 46 466 2306 528 3952 51 32 358 4474 141 23 12 406 77 0 3 0 0 1 0 0 2 0 0 0 2 14 84 49 45 21 103 38 177 33 64 74 5 11 8 14 14 4 19 19 28 7 6 2 13 15 2 38 56 284 36 112 11 13 226 133 5 54 571 19 164 636 3 6 90 4 4 10 78 1 5 1 1 9 8 350 231 356 68 17 38 19 28 702 1077 32 149 1336 394 4 8 30 31 696 11 56 33 232 13 4 869 344 11 4 0 5 14 8 4
8 1 7 3 7 9 0 0 5 1 3 24 13 97 127 141 95 584 244 175 112 680 173 415 461 28 4409 1926 75 11 24 7 20 23 281 30 42 163 95 719 268 41 1106 22 42 1446 625 264 19 8 2 3 24 24 7 10 299 27 141 12 1227 790 6819 6130 6028 214 829 160 4522 208 178 22 53 109 84 234 31 5 12 0 22 0 77 393 196 935 72 37 165 31 2253 12 8 23 790 55 14 4 513 87 0 2 2 0 2 1 0 0 0 0 2 1 13 192 59 27 17 151 29 386 27 69 58 5 9 10 9 17 1 44 11 7 4 8 3 14 16 2 21 65 380 22 155 3 6 25 43 5 32 561 13 10 20 1 0 1 0 0 0 7 0 2 0 0 9 12 161 100 14 96 17 15 34 16 34 155 2 11 132 34 5 13 31 15 28 4 1 3 10 3 1 35 23 13 1 0 5 5 1 5
7 0 7 1 12 12 7 2 6 2 6 48 11 260 345 109 52 326 66 49 31 99 23 71 79 0 398 1631 307 36 111 19 20 35 53 32 39 59 3356 36 173 40 129 9 36 508 216 430 9 3 0 7 54 35 9 6 822 290 142 41 210 497 1027 6028 11127 232 995 385 14031 23 184 16 22 44 542 109 19 0 16 0 25 1 75 221 139 545 42 36 73 15 551 12 1 10 97 306 14 15 434 288 0 6 4 1 7 2 0 0 0 1 0 4 5 495 143 21 29 138 15 674 35 91 21 9 6 8 9 43 0 98 28 27 22 9 3 23 8 3 30 95 1031 21 426 13 10 65 82 3 34 1428 20 14 37 3 1 7 0 2 0 3 0 0 0 4 30 11 342 262 22 153 19 36 69 29 18 253 4 10 187 15 6 9 22 24 18 1 7 0 16 10 3 37 21 30 2 1 6 10 2 4
0 0 0 0 0 0 0 1 11 0 0 6 1620 6 13 57 27 288 1256 71 1 6 7 95 5 0 239 372 4 3 2 2 7 2 2 0 7 48 233 11 200 61 113 320 2183 2322 6 34 15 795 14 104 3 2 6 5 9 6 1 0 90 29 89 214 232 805 25 3 77 11 21 5 55 1213 9 17 402 568 178 170 132 764 5 6 3 19 0 258 211 329 654 16 1 13 68 11 51 7 6 3 0 1 0 0 0 0 0 0 0 0 0 1 4 111 94 4 2 81 3 265 16 108 17 2 1 0 1 10 1 61 4 2 1 0 0 3 1 0 5 12 124 1 32 3 3 9 12 1 16 202 3 2 18 0 0 5 50 3 43 42 0 2 0 1 1 2 20 29 8 1713 2 4 3 3 10 35 5 6 39 10 1 1 97 6 6 0 7 2 16 1 1 17 4 2 0 0 1 1 0 1
591 210 779 218 145 417 342 228 166 215 100 934 2 135 63 118 52 59 20 11 111 136 17 185 793 21 1451 1405 8911 930 442 402 1005 506 243 21 108 350 262 344 221 14 105 10 4 120 471 228 17 2 8 32 937 1418 73 60 2271 443 144 13 123 445 1066 829 995 25 19766 858 1726 109 137 2160 310 627 4121 72 1082 8 1006 3 65 4 1068 9208 1213 4329 2304 23 57 11 221 63 31 29 149 1029 450 289 1541 961 90 233 94 137 150 108 9 23 29 17 61 145 4 30 9 8 36 17 7 23 7 13 10 208 161 11 30 2 3 20 734 89 167 220 54 271 2 8 67 80 68 95 28 136 302 14 15 0 5 93 156 12 25 55 4 3 65 64 3 34 99 171 8 153 168 57 30 17 13 7 778 809 454 195 11 48 97 25 31 5 327 190 48 351 12 240 3 1 17 115 469 21 32 431 90 51 304 126 9 199
2 4 7 3 5 17 12 1 25 3 2 36 0 392 152 353 206 57 36 13 55 52 96 74 57 3 519 1141 221 21 84 10 233 1624 638 144 935 1027 563 179 302 9 27 15 3 17 2894 95 1 2 1 17 106 43 15 32 1016 1902 4941 1319 10 101 90 160 385 3 858 6113 719 12 36 155 507 507 2372 38 364 18 211 1 22 6 163 216 112 358 283 16 17 2 38 22 8 7 24 168 85 27 584 1185 5 3 4 4 7 5 1 1 3 0 5 6 16 15 3 27 156 27 44 39 22 9 56 139 102 38 62 5 1 17 14 7 3 103 51 347 28 10 183 286 38 136 11 19 118 7 5 0 31 44 170 4 6 3 1 0 6 7 1 10 6 21 0 5 13 116 13 14 5 3 114 40 118 263 2 16 11 4 18 2 42 129 64 186 0 55 0 0 3 20 56 6 7 26 9 2 72 62 3 99
11 3 7 5 52 75 15 5 9 10 9 201 24 310 659 354 110 1457 158 163 68 291 52 94 152 2 371 747 810 114 407 109 110 170 50 22 134 224 5515 55 309 42 242 89 200 514 314 12944 14 104 1 11 118 75 18 36 1785 871 172 96 3789 3991 3187 4522 14031 77 1726 719 13921 219 1233 50 119 105 1508 8531 52 9 56 1 124 11 137 399 235 874 74 394 1870 356 4691 24 11 22 268 1569 24 30 561 456 1 6 0 2 3 4 0 3 0 0 4 2 16 216 189 36 67 133 25 386 65 99 54 30 24 16 30 52 1 70 67 74 15 29 16 69 6 16 93 194 1177 76 400 30 27 316 397 19 90 2135 68 114 347 2 11 74 8 0 5 43 5 5 1 9 28 41 1136 584 243 175 59 117 72 102 358 2225 31 86 2121 491 12 36 23 66 520 22 38 28 129 31 24 533 248 42 3 3 31 39 7 23
23 8 23 3 2 4 33 27 15 22 1 15 6 7 44 62 11 118 78 49 31 105 55 101 38 6 53 22 61 23 13 0 7 8 2 0 1 12 5 26 764 88 538 12 32 92 13 278 365 49 288 422 67 12 130 37 62 11 0 0 59 4510 3012 208 23 11 109 12 219 2044 351 7 6 24 31 104 13 7 10 44 570 184 124 81 34 91 8 334 488 128 391 1015 1849 966 3847 11 4 24 27 10 0 2 1 0 1 0 0 2 0 1 2 1 5 5 2 4 2 20 7 19 7 12 16 4 3 5 7 1 3 6 7 2 1 1 0 8 2 1 3 14 21 12 16 8 3 54 15 0 10 56 5 185 496 7 6 53 56 12 124 425 1 0 0 1 3 0 25 32 166 7 5 8 6 4 189 155 108 332 284 77 3 11 11 9 182 14 176 29 702 2 1 410 185 2 2 1 1 3 0 5
