40971 4385 3715 11816 1287 3592 7469 12566 445 227 88 5737 0 0 0 0 0 1 1 0 90 21 3 2 7 2 1 1 6002 7363 320 41 196 8 0 0 0 2 1 2 847 3 11 0 0 1 1 3 43 1 103 240 1942 1030 257 133 11 4 0 0 1 14 4 2 0 1 72 0 6 54 15 45 21 3 8 4 6 1 34 4 85 5 2589 136 557 25 8 11 8 2 5 390 212 84 21 18 70 1245 12 7 2 0 13 1 0 15 1 2 5 2 15 10 0 0 0 0 0 0 0 0 0 0 0 1 0 0 0 0 0 0 2 0 7 19 0 3 0 0 8 2 0 0 0 0 1 0 0 0 1 1 0 1 2 0 0 0 5 0 3 3 0 0 1 0 1 0 0 0 0 0 0 1 0 0 0 0 3 2 1 0 16 14 1 0 0 12 0 0 8 1 1 2 0 5 8 0 0 0 0 0
4385 3488 2432 13732 1056 3698 123 114 11 90 27 3408 0 1 1 0 0 0 0 0 82 49 0 4 2 2 0 0 374 828 255 22 58 2 0 0 1 0 1 2 352 1 2 0 0 0 0 2 19 0 24 48 257 123 38 57 11 2 0 0 0 8 2 1 0 1 51 1 2 16 6 9 7 5 3 0 0 0 12 3 19 4 636 73 334 11 3 5 0 0 0 99 43 32 12 9 14 67 10 4 0 0 11 0 0 11 0 1 0 0 20 13 0 0 0 0 0 0 0 0 0 0 0 1 0 0 0 0 0 0 0 0 13 28 0 5 0 0 5 2 0 0 0 0 0 0 0 0 0 0 0 0 0 0 0 0 0 0 2 3 0 2 0 1 1 0 0 0 0 0 0 0 0 1 0 0 0 0 0 0 7 11 1 0 0 0 0 0 0 0 0 0 0 2 3 0 0 0 0 0
3715 2432 19414 1952 136 2335 698 8590 201 8125 83 21703 0 1 0 0 0 3 0 3 494 236 18 11 34 12 7 9 1197 1104 159 22 49 13 0 0 0 4 3 6 2405 6 23 1 1 0 5 4 81 3 137 372 1824 831 316 414 42 3 1 0 2 20 15 2 2 1 190 4 7 123 31 63 19 12 23 6 13 3 37 2 152 8 4613 350 2014 81 22 27 19 2 4 705 324 200 64 37 154 421 51 19 11 2 123 18 7 74 13 15 16 9 127 118 0 0 0 0 0 0 0 0 4 1 3 4 2 1 0 0 0 1 10 0 50 139 0 28 0 0 46 14 0 0 0 1 3 0 0 0 0 0 1 2 3 2 0 1 10 0 3 7 0 5 3 4 3 0 0 0 0 1 4 2 1 0 0 0 3 1 0 0 85 68 8 0 0 49 2 2 12 1 3 0 0 10 41 9 2 2 0 0
11816 13732 1952 13476 3888 6981 236 471 33 330 40 6957 0 0 1 1 0 0 0 0 157 71 6 3 7 6 2 2 540 1800 361 16 87 4 1 0 0 4 1 1 418 1 6 1 0 1 2 5 9 0 15 30 196 102 34 61 23 2 0 0 1 2 1 1 0 0 74 2 2 12 4 25 8 3 7 0 4 0 18 0 12 0 559 70 412 16 0 4 1 1 1 82 40 14 6 16 26 76 9 6 6 0 12 6 0 30 2 4 6 7 40 27 0 0 1 0 0 1 0 0 0 1 0 2 0 0 1 0 0 0 3 0 26 40 0 7 0 0 12 8 0 0 0 0 2 0 0 0 1 0 0 0 1 1 0 0 1 0 2 1 1 2 0 0 1 0 0 0 0 0 0 1 1 0 0 0 0 1 0 0 34 20 1 0 0 18 0 0 3 0 1 0 0 5 12 1 0 0 0 0
1287 1056 136 3888 12118 11311 596 415 43 51 190 7375 2 16 18 11 5 16 3 4 283 348 23 16 29 38 28 48 2011 9049 4333 2199 3166 375 1 1 45 126 70 3 352 7 25 2 0 3 9 108 9 2 17 43 457 333 52 83 682 94 6 15 34 142 160 11 82 0 267 24 252 84 21 843 527 25 251 34 23 2 628 1 16 1 744 106 403 27 21 6 5 2 8 91 43 23 64 791 182 264 27 38 11 3 10 9 8 57 6 7 13 7 78 95 0 1 2 0 2 0 0 1 8 2 5 3 2 1 3 0 0 0 7 0 85 224 0 68 0 0 93 43 2 0 1 2 14 0 2 0 5 5 0 2 4 1 0 0 1 0 0 5 4 6 4 4 7 0 0 1 0 0 6 1 2 0 0 3 0 0 8 1 139 179 13 1 2 124 2 0 1 2 6 4 0 32 64 5 8 1 0 0
3592 3698 2335 6981 11311 5529 484 647 54 203 74 8799 0 5 2 3 1 1 2 0 253 220 14 7 12 16 8 12 998 3443 2316 2832 4018 82 0 0 3 41 8 4 432 1 7 4 1 3 1 13 21 2 20 50 349 236 53 81 75 42 0 3 6 29 32 6 4 2 95 7 33 25 8 554 276 16 64 8 21 0 402 0 12 1 700 101 532 21 13 1 3 0 4 75 36 23 20 342 139 264 23 7 14 5 35 22 8 97 8 18 26 9 155 146 1 1 0 1 3 1 0 1 2 1 4 5 4 0 1 0 0 0 7 0 90 200 0 37 0 0 87 34 0 1 1 1 10 0 3 0 6 2 1 0 1 1 0 1 1 1 0 1 1 7 3 3 10 0 0 0 0 1 10 5 5 0 0 0 1 0 4 0 136 141 8 0 0 71 1 0 6 1 5 1 0 26 62 6 5 1 0 0
7469 123 698 236 596 484 7238 6998 2183 408 54 1062 1 1 0 0 0 1 0 0 14 19 0 1 3 1 2 0 2146 680 327 60 158 6 0 0 0 1 0 1 83 0 3 0 0 1 0 1 8 3 38 57 1201 691 177 14 14 2 0 0 0 4 1 0 3 1 7 2 2 6 1 108 12 3 2 0 24 0 42 0 16 3 770 16 51 4 0 5 0 0 4 104 58 22 11 10 300 3556 2 2 0 0 1 0 0 6 2 0 1 2 16 3 0 0 0 0 0 0 0 0 1 1 1 0 0 0 0 0 0 1 0 0 6 14 0 5 0 0 4 4 0 0 0 0 1 0 0 0 0 1 0 0 1 0 0 0 3 1 0 1 1 1 0 0 1 0 0 0 0 0 1 0 0 0 0 0 1 3 0 0 7 11 0 0 0 6 2 0 2 1 0 1 0 3 4 0 0 0 0 0
12566 114 8590 471 415 647 6998 16688 4396 29047 1425 3897 1 1 0 1 0 0 0 1 88 30 2 6 26 2 3 2 379 326 145 29 93 6 1 0 2 3 0 3 1181 4 16 3 0 1 2 2 71 6 149 352 2252 928 425 218 14 1 1 0 1 15 3 2 2 4 29 5 1 97 22 177 19 14 17 2 46 3 102 5 117 8 3377 126 726 19 14 22 8 4 8 593 302 162 29 19 754 1832 10 5 1 0 17 5 0 19 3 6 2 4 24 25 0 0 0 0 0 0 0 0 6 3 2 0 1 0 0 0 0 0 1 0 18 27 0 3 0 0 15 9 0 0 0 0 0 0 0 0 2 0 0 3 1 0 0 1 5 1 6 11 0 1 2 0 0 0 0 0 0 1 2 0 0 0 0 0 2 7 3 0 25 20 5 0 0 13 6 0 10 0 0 1 1 7 12 1 0 0 0 0
445 11 201 33 43 54 2183 4396 2535 3412 269 358 5 0 0 0 0 0 1 1 5 7 0 1 0 1 0 0 21 43 18 15 78 4 0 0 0 1 0 0 31 0 0 0 29 0 2 0 0 38 3 15 222 88 28 4 0 1 0 0 0 0 0 0 0 14 4 1 2 6 4 688 41 52 7 2 251 10 252 21 15 25 75 2 10 1 2 19 25 24 16 11 5 2 0 17 2581 948 1 1 1 0 2 1 0 3 0 2 0 1 9 6 0 0 2 0 2 0 1 0 9 3 12 1 1 0 2 0 0 0 0 0 12 18 0 2 0 0 13 9 0 0 0 0 1 0 3 0 4 0 0 1 1 0 0 1 2 0 3 2 0 0 1 0 1 0 1 0 0 0 0 0 0 0 0 1 1 0 5 0 9 10 3 0 0 5 0 0 1 0 0 3 0 2 7 0 1 0 0 0
227 90 8125 330 51 203 408 29047 3412 30683 16852 32250 10 1 1 1 2 1 1 0 150 114 4 4 14 6 0 0 64 64 30 15 106 6 0 0 2 5 0 1 595 2 10 4 33 1 1 1 27 61 38 104 490 111 129 110 5 1 0 0 0 12 4 1 1 21 21 1 4 32 9 561 35 88 9 3 629 65 267 25 49 35 852 47 448 14 4 51 35 25 20 172 97 51 20 23 4528 1067 13 6 22 3 49 40 8 186 23 30 43 31 253 251 0 0 2 3 1 2 1 1 11 11 5 7 2 0 1 1 0 1 9 0 108 276 0 29 0 0 62 28 1 1 0 2 6 0 0 0 9 3 1 0 0 1 0 2 4 1 1 3 2 9 8 6 15 0 0 1 0 0 10 5 2 0 0 1 1 2 5 1 180 107 14 0 0 101 3 0 4 1 4 3 0 20 98 7 6 1 0 0
88 27 83 40 190 74 54 1425 269 16852 8458 8981 1 1 1 0 0 0 1 4 79 38 4 0 2 4 0 2 77 148 78 20 463 3 0 0 3 6 2 1 186 0 1 0 1 0 1 2 2 1 5 6 84 17 20 12 4 7 0 1 0 1 6 2 2 0 6 2 4 3 1 1440 56 10 10 0 20 1 325 0 2 0 106 7 98 3 1 3 1 2 2 26 4 3 3 40 1360 253 9 2 35 7 32 53 12 217 19 32 61 34 349 342 0 0 1 0 0 1 1 1 2 5 2 5 3 0 0 0 0 0 18 1 149 387 0 48 0 0 62 17 0 0 0 3 9 0 0 0 1 0 1 0 1 5 1 0 1 1 0 0 7 14 10 6 20 0 0 1 0 0 9 4 7 0 0 0 0 0 0 0 245 151 6 0 0 112 0 0 1 6 4 0 1 42 132 15 12 1 0 1
5737 3408 21703 6957 7375 8799 1062 3897 358 32250 8981 25669 0 3 1 2 3 6 4 5 771 573 23 8 43 51 8 14 1847 5239 2325 141 2786 50 1 0 9 32 10 5 1319 6 23 5 1 1 3 18 34 0 42 87 797 407 113 216 131 16 1 3 7 23 53 4 16 2 228 11 50 46 9 1600 182 66 59 11 67 0 552 2 31 0 1573 235 1277 65 10 5 6 1 3 159 73 58 22 143 1286 722 63 19 78 11 329 137 52 671 65 131 196 123 1133 1063 0 1 3 0 7 3 1 2 10 12 9 24 21 0 6 2 0 4 51 2 566 1335 1 189 1 0 309 74 2 0 2 7 48 0 1 0 12 7 2 0 1 14 0 3 0 2 2 0 21 43 22 31 54 0 1 1 0 1 35 15 7 1 0 1 2 1 2 0 782 561 28 1 0 429 1 0 2 7 23 1 1 178 458 31 38 10 1 2
0 0 0 0 2 0 1 1 5 10 1 0 6277 1 12 14 15 365 2681 142 1 3 1 30 5 1 7 22 1 0 1 1 5 0 2 0 2 395 25 1 10 20 62 5621 7711 2261 1 39 10 546 1 49 1 3 1 0 1 0 0 1 45 20 24 30 17 3112 2 1 34 9 75 122 627 603 3 34 418 159 633 95 77 343 4 2 1 0 3 267 236 789 1065 5 1 8 35 3 142 6 0 0 0 0 0 0 0 0 0 1 0 0 0 0 0 55 1209 4 8 171 1 1128 42 1229 71 0 0 3 0 14 0 29 0 1 2 6 1 11 1 0 27 39 239 0 110 3 7 10 385 19 148 1520 1 8 44 0 1 67 5 2 1 7 0 1 0 0 4 1 312 52 30 363 0 0 5 1 38 194 6 16 714 72 2 13 521 1 36 5 9 18 46 0 0 123 3 5 1 0 1 1 0 0
0 1 1 0 16 5 1 1 0 1 1 3 1 11929 4580 1170 1554 399 30 134 70 62 506 568 38 34 2966 1579 95 18 42 2 17 855 2713 3808 5610 105 424 407 862 30 290 3 0 3 205 32 34 1 1 3 43 31 1 8 91 237 1855 743 61 42 98 156 147 0 81 688 277 30 6 5 14 5 551 33 0 0 5 0 2 0 45 23 23 8 123 2 14 3 20 11 1 18 123 54 2 0 7 63 0 0 0 0 0 0 0 1 0 0 0 0 2 3 9 2 33 7 8 2 79 53 91 5 4 0 7 1 1 6 0 0 1 6 0 25 1 0 63 167 0 3 0 0 13 1 1 0 85 7 0 0 3 0 0 0 0 0 0 1 0 0 0 0 2 0 0 3 0 0 0 0 2 0 0 1 0 0 8 1 1 58 11 0 2 4 1 0 1 1 0 3 1 3 2 0 1 0 0 0
0 1 0 1 18 2 0 0 0 1 1 1 12 4580 21020 17009 330 4820 280 1545 61 68 608 364 23 66 1067 7557 38 11 25 3 12 120 477 61 623 93 2209 140 1164 58 255 9 5 43 36 116 67 6 0 4 7 10 1 8 23 94 112 74 293 101 279 115 413 2 32 152 1279 61 21 7 17 16 256 163 1 0 9 0 7 2 25 7 18 2 50 9 25 12 41 36 8 44 192 35 4 0 4 27 0 0 0 0 0 0 0 0 0 0 0 0 4 10 20 3 33 14 13 31 149 117 154 18 9 0 14 8 1 19 0 0 2 11 2 20 2 0 85 194 7 1 4 0 12 4 2 0 152 35 3 0 3 0 0 4 0 0 1 1 0 0 0 0 2 0 9 5 3 1 2 0 4 1 2 4 1 0 26 2 3 56 22 1 0 8 2 0 6 0 2 5 3 3 4 0 8 0 0 1
0 0 0 1 11 3 0 1 0 1 0 2 14 1170 17009 15453 261 4037 1007 6910 16 28 229 584 22 63 1039 3704 20 6 32 3 69 149 58 3 799 1011 880 68 812 92 330 71 8 18 35 45 151 5 1 11 10 10 0 2 18 91 19 25 140 48 72 59 55 4 33 52 298 47 9 3 28 19 263 119 0 11 5 0 3 2 23 11 6 3 22 10 49 24 45 97 9 63 118 44 2 0 3 19 0 0 0 0 0 0 1 3 1 0 1 1 27 281 552 29 16 226 15 436 193 1473 145 7 2 2 2 53 3 283 1 3 2 8 0 21 7 1 39 81 230 7 112 0 5 2 20 29 284 170 1 5 4 0 0 5 0 0 0 1 1 1 0 0 1 2 19 41 10 16 1 1 3 2 4 59 1 5 17 1 2 33 44 5 6 9 4 3 8 1 0 15 4 11 8 1 2 0 0 0
0 0 0 0 5 1 0 0 0 2 0 3 15 1554 330 261 1518 252 855 2952 57 75 190 53 2 17 32 36 1 2 3 0 5 23 15 1 772 1446 72 15 308 15 45 16 12 20 5 22 7 4 1 0 2 0 0 0 1 14 9 4 27 19 18 9 8 1 3 8 37 16 8 5 17 46 33 33 2 0 7 0 3 2 4 0 6 1 1 4 16 9 15 6 0 4 36 10 3 0 5 2 0 0 0 0 0 0 0 0 0 0 0 1 1 11 3 4 85 10 19 5 258 71 222 47 34 4 36 8 0 14 0 1 9 20 2 56 6 1 179 425 2 9 1 2 28 2 3 1 210 19 5 1 2 0 0 4 1 0 0 1 2 0 0 0 1 2 3 1 1 1 2 1 8 2 3 1 0 1 7 0 4 170 38 0 0 14 0 0 0 0 4 4 2 8 6 1 12 1 0 2
1 0 3 0 16 1 1 0 0 1 0 6 365 399 4820 4037 252 12850 7130 1268 20 96 310 3516 71 52 1349 1228 32 14 24 11 102 93 50 0 437 2641 4475 96 1916 543 2359 1213 42 913 63 315 185 21 1 10 18 14 1 4 31 38 25 6 1447 153 368 1023 432 320 87 50 977 104 67 29 320 142 124 542 12 16 61 1 11 5 59 34 60 13 34 12 87 34 267 103 12 74 675 44 10 2 27 17 0 1 1 0 1 0 0 1 0 0 1 2 25 659 4201 42 43 484 14 2592 241 3279 183 3 7 1 5 140 1 489 5 20 9 27 4 61 10 6 99 200 1529 5 959 4 28 34 392 118 572 3163 7 9 27 2 2 31 0 0 2 3 1 5 1 2 13 4 511 365 125 315 1 1 35 5 48 813 1 8 297 24 4 55 239 15 19 18 4 3 28 0 0 46 8 31 2 0 5 0 0 0
1 0 0 0 3 2 0 0 1 1 1 4 2681 30 280 1007 855 7130 36622 12224 16 32 126 808 28 86 608 249 7 4 3 3 50 12 31 0 242 4322 225 90 372 99 410 5500 538 959 20 73 56 171 0 51 4 4 0 4 5 5 9 3 118 60 83 227 75 462 13 10 99 49 36 34 322 2270 12 103 24 403 77 41 40 63 9 12 11 6 13 84 97 170 285 33 3 24 154 14 13 1 8 2 0 1 1 1 0 1 0 13 0 0 1 2 136 1009 3251 122 176 1368 139 3611 1871 9853 2036 50 39 16 51 321 8 1429 9 22 16 45 9 143 61 17 437 869 1096 35 510 6 52 22 159 140 2134 1607 17 8 23 0 1 26 4 0 3 6 2 2 6 1 21 18 235 221 49 276 2 7 21 4 47 361 4 7 196 35 7 282 1363 15 12 69 6 3 18 1 1 24 14 47 59 4 9 1 0 1
0 0 3 0 4 0 0 1 1 0 4 5 142 134 1545 6910 2952 1268 12224 5394 58 63 290 263 17 94 87 44 5 3 4 2 13 14 15 1 153 570 214 101 501 72 230 363 120 97 13 32 56 43 1 10 1 5 1 0 2 7 3 2 80 46 55 24 29 27 7 6 140 37 18 20 52 208 13 87 11 9 22 20 8 23 9 2 12 1 2 33 64 60 102 35 6 36 147 2 3 0 8 1 0 1 0 0 0 0 1 4 0 0 1 2 43 107 72 31 160 66 101 56 986 757 835 101 89 20 83 66 4 241 1 2 21 52 5 107 23 4 362 738 15 33 16 6 68 8 19 1 716 55 4 4 7 2 2 14 4 0 1 3 1 3 2 1 17 6 15 24 7 4 7 5 14 2 5 11 1 2 44 6 14 335 184 3 4 42 1 0 7 1 2 15 7 21 19 1 28 1 0 6
90 82 494 157 283 253 14 88 5 150 79 771 1 70 61 16 57 20 16 58 7853 12453 3419 283 662 1120 73 18 142 165 401 87 495 398 11 0 119 364 22 240 1180 56 147 34 1 8 150 13 27 3 2 4 53 31 9 2415 100 92 18 4 19 36 95 31 17 1 77 87 56 35 3 329 526 36 410 25 38 0 249 1 2 1 477 42 3643 409 128 0 8 2 22 16 3 18 111 380 89 16 826 181 2 1 3 2 0 1 0 3 1 3 5 10 0 0 1 1 9 0 1 0 28 4 5 10 7 0 2 0 0 0 0 1 11 43 0 40 0 0 121 106 1 1 1 1 5 0 1 0 25 5 0 0 0 1 0 2 0 0 0 0 0 2 1 3 1 0 2 1 0 1 4 0 1 0 0 0 0 1 7 1 15 132 13 0 0 43 0 0 1 0 2 1 0 9 11 2 4 0 0 1
21 49 236 71 348 220 19 30 7 114 38 573 3 62 68 28 75 96 32 63 12453 34774 5732 1271 9010 4162 247 50 228 178 414 120 818 660 27 1 233 760 34 2873 1287 236 1100 50 6 33 491 32 112 10 6 25 142 58 28 383 252 125 38 5 70 119 330 109 44 3 264 154 122 117 13 417 918 82 625 72 53 1 382 1 6 1 1453 290 7903 2054 278 9 54 15 92 82 41 121 648 525 110 15 5704 390 0 0 3 1 3 5 1 4 1 0 6 9 1 0 0 0 36 4 6 1 60 9 26 31 15 1 17 0 0 1 2 1 25 60 0 107 0 1 260 316 2 0 1 2 13 0 4 0 66 3 0 4 6 2 0 8 3 0 1 2 3 2 1 1 5 0 5 7 0 1 4 0 4 0 1 1 1 3 7 2 33 239 24 0 0 58 1 0 4 0 4 16 2 17 21 1 7 2 0 0
3 0 18 6 23 14 0 2 0 4 4 23 1 506 608 229 190 310 126 290 3419 5732 17808 9087 746 6860 853 48 63 16 30 15 152 251 51 0 381 388 57 3693 9717 2137 1202 28 1 47 408 10 278 6 2 10 58 43 6 63 31 24 22 2 76 48 117 43 11 3 132 62 44 70 13 55 193 7 85 51 10 0 71 2 8 0 210 73 323 64 59 8 45 13 79 103 15 87 469 66 19 1 114 30 0 0 0 0 0 1 0 0 0 1 0 2 0 0 1 1 9 1 1 4 10 3 15 1 3 0 1 0 0 0 0 0 5 6 0 13 0 0 29 56 0 1 0 0 3 1 1 0 21 2 0 3 5 0 0 9 0 0 1 3 1 1 0 0 1 0 0 0 0 1 0 0 0 0 4 1 0 5 13 1 3 31 2 0 0 6 4 2 14 0 0 8 1 4 3 0 0 0 0 0
2 4 11 3 16 7 1 6 1 4 0 8 30 568 364 584 53 3516 808 263 283 1271 9087 19543 1466 3441 10317 1700 299 23 23 4 42 196 1033 55 345 145 445 4597 3999 7799 4923 53 32 931 2122 25 452 9 6 26 288 206 16 30 272 37 523 80 1597 122 314 1291 534 12 743 319 313 159 16 15 60 4 112 200 2 0 16 0 10 0 599 320 430 204 323 7 84 31 468 150 15 140 1001 29 6 0 279 93 0 0 0 0 0 0 0 0 0 0 0 0 0 0 18 1 7 5 0 27 18 16 13 1 0 0 1 0 0 1 0 0 0 4 0 9 0 0 17 47 10 0 11 1 1 2 16 0 19 111 0 2 8 0 0 12 0 0 0 1 0 0 0 0 0 0 49 4 6 6 0 0 2 0 5 11 1 3 79 7 2 14 4 0 4 3 3 1 12 0 0 16 0 1 2 0 0 0 0 0
7 2 34 7 29 12 3 26 0 14 2 43 5 38 23 22 2 71 28 17 662 9010 746 1466 8121 639 566 140 194 25 82 6 106 271 87 2 40 128 37 4054 536 162 1152 10 0 34 3938 17 46 1 9 26 372 163 31 99 999 27 48 23 48 131 571 292 122 0 1803 352 133 112 9 62 149 18 102 31 23 1 42 1 14 0 1794 1077 2229 1777 895 7 37 7 49 81 33 60 664 35 26 2 5412 2282 1 0 0 0 0 0 0 0 0 0 1 0 0 0 2 0 6 1 1 1 11 0 12 5 1 0 0 0 0 0 0 0 6 17 0 18 0 0 56 54 0 0 0 0 4 0 2 0 11 5 0 5 3 0 0 1 0 0 0 2 0 0 0 1 0 0 3 0 0 0 1 0 0 0 0 0 0 3 7 1 7 44 4 0 0 11 5 0 4 0 0 10 0 2 2 0 0 0 0 0
2 2 12 6 38 16 1 2 1 6 4 51 1 34 66 63 17 52 86 94 1120 4162 6860 3441 639 4386 1135 12 41 24 38 10 82 67 23 1 40 73 5 6460 840 235 396 8 0 13 243 2 43 0 0 4 51 21 3 27 29 17 10 1 23 15 50 14 5 0 61 24 13 16 0 40 99 4 60 8 3 0 42 0 2 1 105 48 194 31 25 1 7 1 21 26 5 16 151 46 6 3 65 15 0 0 0 0 0 1 0 1 0 1 0 1 0 0 1 0 1 1 1 0 4 1 7 0 3 2 0 0 0 0 0 0 4 3 0 12 0 0 17 21 0 0 0 0 1 0 1 0 8 1 0 0 1 0 0 2 0 0 0 1 0 0 0 0 0 0 0 1 0 0 1 0 1 0 1 0 2 1 1 0 3 19 0 0 0 3 0 0 0 0 1 5 0 1 0 0 0 0 0 0
1 0 7 2 28 8 2 3 0 0 0 8 7 2966 1067 1039 32 1349 608 87 73 247 853 10317 566 1135 27995 9565 386 56 60 4 18 442 6947 218 1142 70 123 8088 977 227 1433 10 1 75 1613 21 89 2 3 8 181 164 5 11 322 120 1091 261 91 58 375 1948 1593 0 665 626 176 64 9 5 14 3 336 20 6 0 7 0 4 0 335 207 165 103 372 1 18 6 38 46 13 53 350 70 4 1 118 93 0 0 0 0 0 0 0 0 0 0 0 0 0 1 12 1 1 9 3 40 19 42 16 0 2 0 0 1 0 0 0 0 1 1 0 6 0 0 15 30 13 0 1 0 1 0 3 0 13 35 0 0 2 0 0 3 0 0 1 0 0 0 0 0 0 0 6 3 0 0 0 0 1 0 1 5 1 2 15 2 0 18 3 0 2 3 3 1 3 0 0 5 0 0 0 0 0 0 0 0
1 0 9 2 48 12 0 2 0 0 2 14 22 1579 7557 3704 36 1228 249 44 18 50 48 1700 140 12 9565 7418 378 81 118 10 37 310 340 31 536 114 2860 49 311 56 503 19 0 212 223 48 18 1 0 10 124 107 4 7 331 335 234 164 428 82 317 2695 946 7 427 740 741 60 6 9 23 4 1038 50 0 0 3 0 3 0 227 104 63 43 323 0 4 4 19 25 5 13 88 130 2 0 32 149 0 1 0 0 0 0 0 0 0 0 0 0 0 61 407 3 6 61 0 770 25 361 10 3 2 0 2 15 0 26 0 1 0 4 0 11 0 0 29 45 311 0 106 1 3 1 32 3 40 590 0 1 3 0 0 5 0 0 0 0 0 0 0 1 1 0 99 40 17 21 1 0 3 0 2 103 0 1 42 0 1 21 8 2 3 4 1 1 2 0 0 2 0 4 1 0 1 0 0 0
6002 374 1197 540 2011 998 2146 379 21 64 77 1847 1 95 38 20 1 32 7 5 142 228 63 299 194 41 386 378 31697 11114 5455 223 530 383 33 7 56 72 124 79 233 27 487 7 4 25 96 124 28 5 33 86 4770 9405 174 52 1964 91 26 55 74 373 878 297 386 0 4202 548 576 236 26 278 181 24 1896 91 27 2 228 4 32 1 2075 588 202 42 760 7 60 21 58 142 55 66 494 775 107 2978 106 1300 1 2 4 4 7 24 2 7 9 4 41 46 0 1 3 0 2 0 1 1 1 5 3 7 6 0 4 0 0 1 9 1 50 147 0 61 0 0 86 52 1 0 1 0 16 0 4 0 5 13 0 0 5 0 0 7 0 0 1 1 2 2 3 3 10 0 5 2 0 2 5 3 5 1 1 3 4 2 20 4 101 178 13 0 4 150 4 0 5 1 4 9 2 13 48 0 8 0 0 1
7363 828 1104 1800 9049 3443 680 326 43 64 148 5239 0 18 11 6 2 14 4 3 165 178 16 23 25 24 56 81 11114 18620 13766 512 1245 140 8 1 22 46 42 6 353 4 44 2 0 5 12 56 24 0 45 86 1133 886 113 82 4861 50 8 11 16 88 141 37 75 1 1206 135 196 87 18 362 146 24 1038 29 13 0 252 1 29 0 1388 169 435 34 109 12 8 2 7 162 97 55 71 893 95 578 36 1100 4 2 8 8 8 40 3 5 9 2 64 48 0 0 0 0 2 0 0 0 4 2 0 5 3 0 1 1 0 0 8 0 50 136 0 31 0 0 58 31 1 0 0 2 5 0 0 0 3 1 0 2 1 2 0 1 1 0 0 3 2 2 1 0 12 0 2 0 0 1 5 4 0 0 0 2 0 1 4 0 73 95 9 0 0 74 3 0 3 0 2 3 0 23 44 3 5 1 0 0
320 255 159 361 4333 2316 327 145 18 30 78 2325 1 42 25 32 3 24 3 4 401 414 30 23 82 38 60 118 5455 13766 13906 532 1212 536 5 0 87 121 107 18 702 5 50 2 0 10 16 132 24 3 44 65 953 697 88 157 12438 151 16 30 42 185 268 37 147 2 1823 302 425 128 27 318 266 16 2087 52 10 0 266 1 43 2 1731 404 898 172 885 9 15 2 13 161 88 45 109 488 65 194 141 7093 1 1 3 3 2 17 1 7 4 2 33 36 0 0 1 0 2 0 0 0 3 2 2 4 4 0 2 0 0 0 1 0 54 82 0 23 0 0 43 19 1 0 0 2 4 0 1 1 5 2 0 0 2 1 0 4 3 0 0 4 2 1 0 0 9 0 1 0 0 1 3 2 0 0 1 3 1 5 7 1 58 103 7 0 1 58 1 0 3 0 1 4 0 9 48 2 4 0 0 1
41 22 22 16 2199 2832 60 29 15 15 20 141 1 2 3 3 0 11 3 2 87 120 15 4 6 10 4 10 223 512 532 5298 5277 1203 0 0 12 62 9 5 110 0 7 1 1 3 2 17 3 0 5 6 75 62 8 9 25 5679 1 23 4 12 12 0 11 0 21 25 48 10 3 829 938 16 2635 8 8 0 667 0 3 0 130 15 67 6 16 1 1 0 1 18 8 3 10 5538 99 54 9 18 4 0 10 6 1 24 3 8 8 5 49 52 0 0 0 0 2 0 1 0 3 3 3 2 4 1 1 0 0 0 5 0 49 106 0 46 0 0 68 32 0 1 0 4 7 0 0 0 8 4 0 0 1 1 0 0 1 2 0 0 1 6 2 4 6 0 1 0 0 0 4 4 2 0 0 1 0 0 0 1 73 91 10 0 0 40 0 0 0 1 6 0 0 12 31 0 2 0 1 0
196 58 49 87 3166 4018 158 93 78 106 463 2786 5 17 12 69 5 102 50 13 495 818 152 42 106 82 18 37 530 1245 1212 5277 11642 2262 8 0 82 4029 76 21 519 11 17 16 4 25 90 47 10 0 7 26 215 134 27 57 110 2465 53 80 30 39 44 12 15 1 132 380 129 21 9 1755 3725 63 2507 45 49 0 1161 2 10 1 368 63 303 32 169 3 4 3 7 41 24 18 21 3679 501 189 59 90 15 4 30 42 25 149 5 29 32 31 216 245 0 2 7 2 20 0 2 9 41 14 14 32 17 2 9 0 1 1 20 2 209 568 0 209 0 0 393 289 2 1 1 10 41 0 3 2 37 14 1 0 2 7 1 8 1 1 2 0 8 24 9 9 21 0 3 3 1 2 16 13 9 2 3 2 1 0 5 1 335 603 42 2 1 380 0 1 2 4 20 4 2 70 186 15 23 3 0 1
8 2 13 4 375 82 6 6 4 6 3 50 0 855 120 149 23 93 12 14 398 660 251 196 271 67 442 310 383 140 536 1203 2262 9818 299 499 2044 803 205 219 435 17 137 2 0 5 1538 41 4 0 3 5 116 98 7 27 278 9970 2518 4861 41 44 95 91 82 0 339 6126 235 31 11 137 259 59 8085 51 12 0 104 0 6 0 261 88 210 38 651 1 4 0 9 27 9 10 59 1840 51 7 58 361 1 0 0 3 4 12 2 5 3 0 15 11 0 2 4 1 27 0 2 4 59 11 15 27 32 1 12 1 0 1 2 2 33 138 0 219 0 0 531 474 3 0 1 4 41 0 2 0 76 7 1 1 2 1 0 2 1 0 0 0 3 7 3 1 8 0 2 2 0 0 7 4 3 0 1 1 0 1 6 0 71 439 22 0 0 164 0 0 1 1 15 3 0 22 45 8 13 1 1 1
0 0 0 1 1 0 0 1 0 0 0 1 2 2713 477 58 15 50 31 15 11 27 51 1033 87 23 6947 340 33 8 5 0 8 299 4599 696 760 32 7 2163 118 19 399 0 0 9 1171 5 4 1 0 0 30 18 3 5 39 38 883 223 16 11 39 171 77 1 77 208 44 6 1 3 4 0 50 2 0 0 0 0 1 0 39 26 9 14 74 1 0 1 7 3 1 4 97 6 1 0 12 9 0 0 0 0 0 0 0 0 0 0 0 0 0 0 0 1 5 0 2 2 8 2 14 2 1 1 4 0 0 3 0 0 1 1 0 2 0 0 8 12 0 0 0 0 1 0 0 0 14 0 0 0 0 0 0 0 0 0 0 0 0 0 0 0 0 0 1 0 0 0 0 0 0 0 0 0 0 0 2 1 1 10 2 0 0 0 0 0 0 0 0 0 0 0 0 0 0 0 0 0
0 0 0 0 1 0 0 0 0 0 0 0 0 3808 61 3 1 0 0 1 0 1 0 55 2 1 218 31 7 1 0 0 0 499 696 1692 2199 19 3 94 4 1 16 0 0 0 22 1 0 0 0 0 1 0 0 0 1 6 1608 400 2 1 6 12 4 0 2 107 5 1 0 0 1 0 20 0 0 0 0 0 0 0 0 0 0 0 4 0 0 0 0 0 0 0 6 1 0 0 0 4 0 0 0 0 0 0 0 0 0 0 0 0 0 0 0 0 2 0 0 0 2 0 1 0 1 0 0 0 0 0 0 0 0 0 0 0 0 0 1 7 0 0 0 0 0 0 0 0 2 0 0 0 0 0 0 0 0 0 0 0 0 0 0 0 0 0 0 0 0 0 0 0 0 0 0 0 0 0 0 0 0 2 0 0 0 0 0 0 0 0 0 0 0 0 0 0 1 0 0 0
0 1 0 0 45 3 0 2 0 2 3 9 2 5610 623 799 772 437 242 153 119 233 381 345 40 40 1142 536 56 22 87 12 82 2044 760 2199 4558 1782 298 428 629 20 177 1 3 15 491 41 12 1 0 2 15 7 2 9 62 413 1349 443 73 40 101 110 105 0 67 893 255 18 11 15 20 20 805 58 4 0 12 0 3 0 44 10 57 7 91 0 5 3 16 8 4 10 84 141 8 2 11 73 0 0 0 0 2 1 1 8 0 1 0 1 1 5 8 3 62 6 14 12 141 40 105 44 47 4 22 5 1 11 2 1 15 64 2 150 2 2 371 630 4 10 1 1 37 1 4 1 154 16 3 0 1 1 1 5 2 0 0 1 3 2 4 0 11 0 7 2 0 2 5 0 7 5 0 6 0 0 8 0 16 395 18 0 1 67 1 1 1 2 6 0 1 15 21 3 12 2 0 2
2 0 4 4 126 41 1 3 1 5 6 32 395 105 93 1011 1446 2641 4322 570 364 760 388 145 128 73 70 114 72 46 121 62 4029 803 32 19 1782 10471 381 67 596 37 172 1752 186 640 154 337 18 51 3 23 35 27 1 19 53 487 132 81 277 180 116 50 27 79 82 364 407 52 89 117 1624 557 888 271 69 28 122 10 29 15 121 33 174 32 93 32 75 52 166 19 8 18 121 329 79 3 62 61 5 0 6 6 2 6 6 33 1 1 10 18 11 38 130 23 321 47 69 167 811 348 631 211 166 11 102 17 2 60 7 2 92 329 10 604 7 1 1497 2353 55 26 30 15 146 7 46 5 816 240 6 3 17 2 2 28 4 1 5 3 7 4 8 2 28 1 52 11 11 24 22 5 38 5 10 43 1 5 128 33 145 1725 220 2 9 457 5 5 12 5 28 28 4 33 131 12 81 9 0 12
1 1 3 1 70 8 0 0 0 0 2 10 25 424 2209 880 72 4475 225 214 22 34 57 445 37 5 123 2860 124 42 107 9 76 205 7 3 298 381 10840 13 444 151 428 35 7 279 31 237 39 7 1 3 42 30 3 1 101 290 36 33 5124 127 396 337 1123 6 89 293 3745 62 24 15 97 5 790 555 1 1 18 0 4 0 58 19 28 9 82 4 25 6 74 20 6 22 194 174 2 1 8 85 0 1 2 0 1 0 0 1 0 0 1 0 0 55 458 3 7 23 0 362 15 189 12 4 1 0 0 13 0 37 2 2 2 8 1 22 0 0 43 51 197 1 116 1 6 11 102 6 39 802 2 1 9 0 1 9 0 0 0 1 0 2 0 0 2 0 231 47 19 20 0 0 5 0 13 144 1 3 184 13 4 57 18 2 6 5 1 1 8 2 1 14 0 8 5 0 2 0 1 0
2 2 6 1 3 4 1 3 0 1 1 5 1 407 140 68 15 96 90 101 240 2873 3693 4597 4054 6460 8088 49 79 6 18 5 21 219 2163 94 428 67 13 4833 1238 305 1136 5 1 26 6216 3 62 2 3 7 134 92 6 21 95 20 536 84 52 29 141 106 38 1 365 183 22 35 7 6 17 6 40 16 5 0 8 0 0 0 343 216 276 140 142 3 13 2 29 31 6 30 328 9 4 0 209 53 0 0 0 0 0 0 0 0 0 0 0 0 0 0 1 3 20 1 3 2 25 14 46 1 0 0 1 0 0 1 0 0 1 2 0 9 1 0 25 42 0 0 0 0 5 0 3 0 21 5 0 0 1 0 0 3 0 0 0 0 0 0 0 0 0 0 3 3 0 1 0 0 0 0 0 2 0 1 4 1 4 8 2 0 2 2 2 0 2 0 0 3 0 0 2 0 1 0 0 0
847 352 2405 418 352 432 83 1181 31 595 186 1319 10 862 1164 812 308 1916 372 501 1180 1287 9717 3999 536 840 977 311 233 353 702 110 519 435 118 4 629 596 444 1238 11210 7147 1817 83 36 317 356 119 5589 66 241 140 142 57 2841 925 199 93 36 15 1032 395 211 149 194 20 177 113 355 607 208 280 456 61 409 399 59 5 208 8 203 35 2412 94 833 90 135 177 355 135 621 2720 427 1161 988 391 133 34 176 154 2 1 8 3 4 7 3 6 3 1 18 31 0 1 8 0 10 1 1 17 20 11 5 14 7 2 2 0 0 1 3 1 38 102 0 75 0 0 133 119 4 0 1 5 10 2 13 0 27 38 0 20 71 2 3 61 13 0 14 50 3 0 2 2 2 0 14 5 3 4 2 1 1 0 12 8 16 68 90 14 61 184 19 0 12 105 45 11 114 1 4 128 15 10 38 4 5 0 0 0
3 1 6 1 7 1 0 4 0 2 0 6 20 30 58 92 15 543 99 72 56 236 2137 7799 162 235 227 56 27 4 5 0 11 17 19 1 20 37 151 305 7147 9378 5947 30 25 386 159 27 1883 10 1 12 30 16 1 2 16 6 10 3 973 66 31 30 71 5 46 14 311 101 21 1 20 1 31 242 2 0 8 0 9 1 61 23 50 20 17 14 56 31 567 275 19 201 426 13 2 0 26 8 0 0 0 0 0 0 0 0 0 0 0 0 0 0 2 0 0 0 0 10 6 1 0 0 0 0 1 0 0 0 1 0 0 1 0 0 0 0 4 2 0 0 0 1 0 0 16 0 2 26 0 1 10 0 0 10 0 0 0 3 0 0 0 0 0 0 14 2 3 2 0 0 2 0 4 11 2 4 55 15 1 2 1 0 7 1 5 3 11 0 0 16 0 2 0 0 0 0 0 0
11 2 23 6 25 7 3 16 0 10 1 23 62 290 255 330 45 2359 410 230 147 1100 1202 4923 1152 396 1433 503 487 44 50 7 17 137 399 16 177 172 428 1136 1817 5947 10151 95 123 1488 1209 80 4212 36 15 56 357 289 27 46 302 41 259 48 3083 543 1376 5265 1082 27 896 319 1388 500 85 14 107 8 176 935 16 2 34 4 37 5 775 418 532 216 377 60 271 116 2320 654 71 1264 5498 57 17 0 273 81 0 0 0 0 0 0 0 2 0 0 0 0 0 0 26 1 2 1 2 28 10 16 22 1 0 1 0 0 0 0 1 3 1 5 0 5 0 0 20 20 4 0 1 1 1 10 93 0 16 166 0 11 74 1 0 61 3 0 3 13 0 0 0 0 0 0 110 16 20 10 0 0 1 0 40 71 9 32 423 111 1 19 3 1 47 4 4 8 61 0 0 145 8 7 1 0 0 0 0 0
0 0 1 1 2 4 0 3 0 4 0 5 5621 3 9 71 16 1213 5500 363 34 50 28 53 10 8 10 19 7 2 2 1 16 2 0 0 1 1752 35 5 83 30 95 10172 3887 962 5 210 14 1172 8 137 2 4 0 2 4 3 2 1 118 145 61 25 7 1019 7 9 111 71 161 279 1715 1794 9 134 1187 921 5414 341 245 749 8 2 16 0 6 671 472 784 900 11 8 8 132 8 75 1 7 1 1 0 0 3 1 0 0 4 0 0 0 1 15 49 437 10 130 173 58 446 498 1209 615 51 50 7 41 16 0 87 0 4 22 56 1 122 4 0 422 764 74 12 54 2 37 9 186 6 527 754 3 15 40 0 1 73 25 2 5 20 0 2 2 0 11 3 220 24 17 111 6 2 7 3 42 97 11 18 469 88 12 439 506 1 32 79 8 15 46 2 6 103 7 21 19 2 19 4 0 5
0 0 1 0 0 1 0 0 29 33 1 1 7711 0 5 8 12 42 538 120 1 6 1 32 0 0 1 0 4 0 0 1 4 0 0 0 3 186 7 1 36 25 123 3887 14072 1443 0 74 3 2882 4 46 4 4 2 0 1 0 0 0 34 36 62 2 6 2651 1 4 46 37 138 290 543 259 0 142 1522 183 1040 176 167 586 11 1 3 0 2 602 848 3294 2763 14 3 16 98 2 907 34 3 0 0 0 0 0 1 0 0 0 1 0 0 0 1 2 129 0 0 1 2 60 15 36 5 0 0 0 1 0 0 0 1 1 0 2 0 3 0 0 15 16 9 0 8 1 3 18 942 2 47 689 0 28 105 0 0 338 19 0 8 23 0 1 0 0 2 1 366 40 50 254 0 1 3 0 150 240 13 27 2512 450 2 10 15 1 122 5 10 53 91 0 0 350 21 12 1 0 2 0 0 0
1 0 0 1 3 3 1 1 0 1 0 1 2261 3 43 18 20 913 959 97 8 33 47 931 34 13 75 212 25 5 10 3 25 5 9 0 15 640 279 26 317 386 1488 962 1443 3343 27 122 60 89 0 11 18 10 0 1 18 7 7 1 267 97 235 382 261 1869 39 26 179 65 74 17 291 28 25 127 47 9 118 7 16 11 37 11 21 6 25 40 91 840 1147 37 12 50 533 10 19 0 14 6 0 2 0 0 0 0 0 1 0 0 0 0 2 24 1820 3 10 22 4 685 95 255 33 2 2 0 1 32 0 28 2 5 4 12 0 23 0 1 53 78 195 1 209 5 8 42 1291 10 181 3421 1 8 49 1 1 133 2 0 0 9 0 2 0 0 9 0 937 159 58 459 4 2 14 2 44 423 1 15 1739 141 2 12 71 6 66 2 8 12 85 0 0 106 20 19 2 0 0 3 2 0
1 0 5 2 9 1 0 2 2 1 1 3 1 205 36 35 5 63 20 13 150 491 408 2122 3938 243 1613 223 96 12 16 2 90 1538 1171 22 491 154 31 6216 356 159 1209 5 0 27 3634 17 26 0 1 6 114 72 6 16 208 150 443 234 58 75 367 259 145 1 489 1014 112 58 2 21 54 9 153 9 8 0 17 1 0 0 257 232 209 203 1064 2 12 5 23 24 4 30 460 23 13 1 226 88 0 0 1 0 0 0 0 0 0 0 1 0 0 0 1 1 14 2 5 2 32 7 21 7 5 1 4 0 0 1 1 0 2 12 0 19 0 0 79 98 1 2 0 0 3 1 1 0 37 3 0 1 3 0 0 3 0 0 0 2 0 1 0 0 0 0 4 0 2 0 1 1 2 0 0 0 0 0 3 2 4 47 6 0 0 9 0 0 5 0 0 3 0 0 3 0 1 1 0 0
3 2 4 5 108 13 1 2 0 1 2 18 39 32 116 45 22 315 73 32 13 32 10 25 17 2 21 48 124 56 132 17 47 41 5 1 41 337 237 3 119 27 80 210 74 122 17 12673 53 294 3 26 30 25 5 3 43 149 3 2 836 4979 1089 71 285 42 51 108 5730 861 4307 39 303 36 542 10117 27 4 68 9 192 28 52 21 45 10 54 1120 4273 382 3355 41 47 70 231 234 40 5 6 80 2 0 3 0 0 0 0 2 0 0 0 1 0 1 7 6 2 4 1 4 8 8 4 2 1 0 2 1 1 0 0 2 0 6 0 4 1 1 20 12 2 4 1 21 7 35 92 1 67 35 5 395 1300 9 14 1078 28 4 22 185 0 1 0 0 3 0 41 83 75 21 6 2 1 1 328 75 78 556 1204 188 4 29 2 2 220 15 245 115 1142 2 4 2129 102 5 9 0 1 1 1 0
43 19 81 9 9 21 8 71 0 27 2 34 10 34 67 151 7 185 56 56 27 112 278 452 46 43 89 18 28 24 24 3 10 4 4 0 12 18 39 62 5589 1883 4212 14 3 60 26 53 13442 35 19 59 20 14 27 12 24 1 1 1 149 406 59 12 22 9 31 11 50 477 105 4 17 4 24 180 7 2 8 4 47 10 60 20 35 5 10 106 248 77 334 8663 187 5728 4277 11 8 2 15 8 0 0 0 0 0 0 0 0 0 0 2 1 0 0 2 0 0 0 0 1 0 1 0 0 0 0 1 0 0 0 0 0 0 0 0 1 0 0 8 2 0 0 0 0 1 2 10 0 1 6 0 19 63 0 1 35 4 0 0 13 0 0 1 0 0 0 5 2 8 1 0 0 0 0 13 7 12 31 41 9 0 4 2 0 7 3 20 6 87 1 0 78 8 1 0 0 0 0 0 0
1 0 3 0 2 2 3 6 38 61 1 0 546 1 6 5 4 21 171 43 3 10 6 9 1 0 2 1 5 0 3 0 0 0 1 0 1 51 7 2 66 10 36 1172 2882 89 0 294 35 11254 54 1006 7 1 6 0 6 0 0 0 21 454 37 6 1 2118 4 0 50 258 375 208 169 754 4 210 1665 360 638 2705 1178 4968 11 2 2 2 1 3559 4023 6766 1590 44 29 63 149 1 1456 35 1 3 2 1 1 0 0 0 0 1 0 0 1 1 0 0 44 5 0 2 3 17 11 25 7 0 1 1 3 3 1 0 0 0 4 2 0 3 0 0 20 13 3 1 2 13 2 31 225 4 49 72 1 195 651 1 4 1306 92 9 53 213 0 1 0 0 2 0 35 44 30 49 0 6 0 0 199 44 105 314 1334 142 6 17 26 1 138 9 209 434 829 1 2 1394 72 9 8 1 1 3 0 1
103 24 137 15 17 20 38 149 3 38 5 42 1 1 0 1 1 1 0 1 2 6 2 6 9 0 3 0 33 45 44 5 7 3 0 0 0 3 1 3 241 1 15 8 4 0 1 3 19 54 9459 12356 75 0 334 21 7 1 1 0 1 11 5 4 1 48 7 3 4 86 11 8 3 33 11 1 26 10 12 780 299 74 499 0 10 2 12 20 2 2 3 8589 7041 163 25 7 26 4 14 5 0 0 0 0 0 0 0 0 0 0 0 0 0 0 0 0 0 0 0 0 5 0 0 1 0 0 0 0 0 0 0 1 0 1 0 1 0 0 7 3 0 0 0 0 1 0 2 0 0 0 0 5 3 2 0 1 689 128 223 214 2 0 1 0 0 0 0 0 0 9 0 0 0 0 0 0 155 59 1 0 3 9 3 0 0 16 21 22 104 0 0 19 14 0 5 4 0 0 0 0
240 48 372 30 43 50 57 352 15 104 6 87 49 3 4 11 0 10 51 10 4 25 10 26 26 4 8 10 86 86 65 6 26 5 0 0 2 23 3 7 140 12 56 137 46 11 6 26 59 1006 12356 28068 186 7 807 55 16 5 0 0 11 57 19 5 1 687 16 12 14 866 164 40 35 368 33 40 307 71 116 14610 10078 1739 1177 5 32 13 20 1917 279 102 72 2979 5430 117 72 22 389 27 23 18 1 1 1 0 0 1 1 9 0 0 1 2 0 0 2 0 0 1 0 1 2 2 2 0 1 0 1 0 0 0 1 1 3 10 0 6 0 0 14 13 0 0 0 12 4 3 15 0 29 1 0 111 124 42 7 52 3659 1598 1930 2884 8 0 1 0 1 0 2 2 3 33 1 0 0 0 5 2 1823 859 53 7 8 29 17 0 3 66 408 96 1831 0 5 478 316 3 64 2 0 0 0 1
1942 257 1824 196 457 349 1201 2252 222 490 84 797 1 43 7 10 2 18 4 1 53 142 58 288 372 51 181 124 4770 1133 953 75 215 116 30 1 15 35 42 134 142 30 357 2 4 18 114 30 20 7 75 186 18648 13127 9561 14 658 38 6 17 32 133 388 188 128 2 1511 260 210 91 14 192 93 36 663 30 52 3 117 2 18 3 1781 1317 187 276 570 11 25 10 39 127 87 34 281 190 337 13051 274 414 0 0 4 3 0 9 1 3 2 2 18 14 0 0 1 0 2 0 0 0 2 2 3 2 4 0 2 2 0 1 3 0 19 70 1 43 0 0 56 32 0 0 0 2 7 0 1 0 5 10 0 0 3 1 0 4 4 0 3 1 1 2 1 0 6 0 1 0 0 0 1 1 0 0 0 1 0 1 5 2 47 98 9 0 1 61 0 0 2 0 1 2 0 3 26 2 4 0 0 0
1030 123 831 102 333 236 691 928 88 111 17 407 3 31 10 10 0 14 4 5 31 58 43 206 163 21 164 107 9405 886 697 62 134 98 18 0 7 27 30 92 57 16 289 4 4 10 72 25 14 1 0 7 13127 10662 412 5 492 39 11 14 17 110 349 151 126 0 1665 242 154 75 7 89 50 8 549 19 14 1 66 0 1 1 432 5718 35 29 460 1 15 6 28 12 3 22 214 124 82 4779 101 306 0 0 0 2 1 10 0 3 1 2 14 17 1 0 2 0 2 0 0 0 2 1 4 4 4 0 0 0 0 0 2 0 12 50 0 17 0 0 24 19 1 1 1 1 2 0 2 0 1 3 0 0 2 0 0 5 0 0 1 0 1 1 0 0 4 0 3 1 0 0 4 3 1 0 1 0 0 1 7 0 35 63 4 0 2 37 0 0 2 0 0 2 0 4 20 2 2 0 0 0
257 38 316 34 52 53 177 425 28 129 20 113 1 1 1 0 0 1 0 1 9 28 6 16 31 3 5 4 174 113 88 8 27 7 3 0 2 1 3 6 2841 1 27 0 2 0 6 5 27 6 334 807 9561 412 26135 370 30 2 1 0 1 10 26 3 9 3 37 15 12 40 11 29 11 5 35 2 11 1 19 11 82 3 5046 6 67 24 26 16 3 2 6 1484 311 53 24 26 41 2036 20 20 1 0 0 0 0 0 0 1 1 1 0 1 0 0 0 0 0 0 1 0 2 0 1 0 0 0 0 0 0 0 0 0 4 13 0 6 0 0 8 9 0 0 0 0 0 0 0 0 1 1 0 0 2 0 0 0 28 3 3 2 0 0 0 0 0 0 0 0 0 0 0 3 0 0 0 0 4 2 2 0 4 13 2 0 0 8 1 0 5 0 0 0 1 2 7 0 0 0 0 0
133 57 414 61 83 81 14 218 4 110 12 216 0 8 8 2 0 4 4 0 2415 383 63 30 99 27 11 7 52 82 157 9 57 27 5 0 9 19 1 21 925 2 46 2 0 1 16 3 12 0 21 55 14 5 370 3160 35 2 1 0 4 19 24 6 18 1 19 11 12 17 4 43 42 4 68 5 6 1 22 1 9 0 5515 5 4315 41 33 3 4 2 2 158 30 18 25 52 11 9 108 37 1 0 3 0 0 1 0 1 0 1 1 1 0 0 0 0 2 0 0 0 1 1 1 2 1 0 0 0 0 0 0 0 1 16 0 9 0 0 18 21 0 0 0 0 3 0 1 0 2 1 0 0 0 0 0 2 2 0 0 3 0 0 1 0 0 0 0 0 0 0 0 0 0 0 0 0 0 4 1 0 6 22 1 0 0 7 2 0 2 0 1 2 0 4 4 2 0 0 0 0
11 11 42 23 682 75 14 14 0 5 4 131 1 91 23 18 1 31 5 2 100 252 31 272 999 29 322 331 1964 4861 12438 25 110 278 39 1 62 53 101 95 199 16 302 4 1 18 208 43 24 6 7 16 658 492 30 35 14491 201 48 29 49 153 480 261 267 0 5761 1670 364 125 14 44 68 11 5346 19 11 0 35 0 5 0 1221 1335 726 3165 4343 1 14 3 18 43 17 29 251 525 13 4 3915 7969 1 0 0 1 2 0 0 0 1 0 5 2 0 0 0 0 0 0 0 0 3 1 2 1 3 1 0 0 0 0 0 0 1 15 0 17 0 0 30 18 0 0 0 0 3 0 1 0 4 8 0 2 2 0 0 1 1 0 0 3 0 0 1 0 0 0 2 0 0 2 1 1 0 0 1 3 0 0 5 1 14 28 2 0 0 10 0 0 3 0 1 8 1 0 9 0 2 0 0 0
4 2 3 2 94 42 2 1 1 1 7 16 0 237 94 91 14 38 5 7 92 125 24 37 27 17 120 335 91 50 151 5679 2465 9970 38 6 413 487 290 20 93 6 41 3 0 7 150 149 1 0 1 5 38 39 2 2 201 5872 382 4389 77 152 192 48 144 1 140 3258 514 52 16 367 698 21 4758 71 5 0 337 0 2 0 79 32 48 14 261 4 4 3 7 6 4 6 66 613 27 2 14 67 0 0 0 1 0 1 0 1 0 1 13 4 0 0 6 0 1 1 0 5 7 1 2 2 6 1 1 0 0 4 0 0 16 28 0 24 0 0 61 48 1 0 0 0 4 0 0 0 13 9 0 2 3 0 0 4 2 0 1 0 2 1 0 0 2 0 3 1 1 0 2 1 0 0 0 2 0 2 4 2 14 62 4 0 1 21 0 0 4 1 2 3 0 2 6 1 3 0 0 0
0 0 1 0 6 0 0 1 0 0 0 1 0 1855 112 19 9 25 9 3 18 38 22 523 48 10 1091 234 26 8 16 1 53 2518 883 1608 1349 132 36 536 36 10 259 2 0 7 443 3 1 0 1 0 6 11 1 1 48 382 3584 3083 15 13 73 134 89 0 49 2022 55 3 2 2 5 2 304 4 1 0 2 0 0 0 22 20 15 7 105 0 1 3 4 2 0 2 82 16 0 0 6 18 0 0 1 0 0 0 0 0 0 0 0 1 0 0 0 1 17 1 4 0 25 2 11 8 3 0 3 1 0 0 0 0 2 5 1 25 0 0 86 134 1 0 1 0 4 0 1 0 30 2 0 0 1 0 0 0 0 0 0 0 0 0 1 0 0 0 2 0 0 0 0 1 1 0 0 0 0 0 2 0 0 52 2 0 0 5 0 0 0 0 0 0 0 0 1 0 3 0 0 0
0 0 0 0 15 3 0 0 0 0 1 3 1 743 74 25 4 6 3 2 4 5 2 80 23 1 261 164 55 11 30 23 80 4861 223 400 443 81 33 84 15 3 48 1 0 1 234 2 1 0 0 0 17 14 0 0 29 4389 3083 1888 5 2 23 41 28 0 39 4244 42 1 0 1 6 4 1456 3 1 0 1 0 2 0 14 7 6 7 110 1 0 0 1 2 0 2 21 43 0 0 4 41 0 0 0 0 0 0 0 0 0 0 0 0 0 0 0 0 1 0 0 0 2 1 2 1 0 0 1 0 0 1 0 0 0 1 0 10 0 0 16 26 0 0 0 1 2 0 0 0 6 2 0 0 0 0 0 0 0 0 0 0 0 0 0 0 0 0 1 0 0 0 0 0 1 0 0 0 0 0 1 0 1 10 0 0 0 5 0 0 0 1 0 0 0 1 2 0 0 0 0 0
1 0 2 1 34 6 0 1 0 0 0 7 45 61 293 140 27 1447 118 80 19 70 76 1597 48 23 91 428 74 16 42 4 30 41 16 2 73 277 5124 52 1032 973 3083 118 34 267 58 836 149 21 1 11 32 17 1 4 49 77 15 5 4797 534 872 545 214 195 79 64 1643 232 249 14 107 7 262 4086 8 0 20 2 41 7 70 32 51 18 44 41 158 38 1954 73 18 95 1353 65 6 2 27 28 0 0 1 0 1 0 0 0 0 0 0 0 0 4 532 2 0 3 2 130 35 30 4 2 2 1 1 11 0 9 0 4 2 8 1 16 0 0 42 43 36 2 75 0 0 56 848 2 115 1213 4 8 47 0 0 91 0 0 0 0 0 0 0 1 5 1 485 110 32 114 1 1 8 1 59 254 0 12 1236 142 4 11 7 3 59 6 6 6 59 0 2 101 14 10 3 0 0 1 0 0
14 8 20 2 142 29 4 15 0 12 1 23 20 42 101 48 19 153 60 46 36 119 48 122 131 15 58 82 373 88 185 12 39 44 11 1 40 180 127 29 395 66 543 145 36 97 75 4979 406 454 11 57 133 110 10 19 153 152 13 2 534 11123 12093 294 438 60 278 216 2723 5433 1700 17 168 50 674 1855 38 6 37 11 232 160 235 92 117 41 215 425 1307 179 1233 319 102 1389 4388 283 55 1 60 88 0 0 4 1 0 0 0 3 2 0 2 1 1 0 7 5 0 4 0 5 5 1 3 0 0 0 3 2 0 1 0 0 0 2 0 4 0 0 11 8 0 2 1 23 5 19 39 1 50 20 3 420 1149 6 8 525 49 3 79 399 1 0 2 0 1 0 13 17 36 11 2 3 0 1 74 18 173 831 485 70 1 16 4 0 82 23 400 79 1720 0 1 1777 125 0 6 2 5 0 0 0
4 2 15 1 160 32 1 3 0 4 6 53 24 98 279 72 18 368 83 55 95 330 117 314 571 50 375 317 878 141 268 12 44 95 39 6 101 116 396 141 211 31 1376 61 62 235 367 1089 59 37 5 19 388 349 26 24 480 192 73 23 872 12093 23198 4665 4991 16 975 512 5885 3257 294 19 90 5 1019 902 2 1 29 1 34 9 647 308 358 139 565 42 186 86 1509 89 70 1088 8645 315 8 5 201 199 0 1 0 0 0 0 0 0 0 0 0 1 1 0 7 2 1 1 2 9 9 4 2 1 0 1 0 0 0 0 1 2 1 1 0 5 0 0 10 16 1 1 2 0 3 20 70 0 21 73 1 32 132 0 1 115 4 0 3 16 0 0 0 0 0 0 56 27 27 6 0 1 0 0 113 82 3 35 622 193 2 10 2 0 86 1 12 9 93 0 0 242 20 5 0 0 0 0 0 1
2 1 2 1 11 6 0 2 0 1 2 4 30 156 115 59 9 1023 227 24 31 109 43 1291 292 14 1948 2695 297 37 37 0 12 91 171 12 110 50 337 106 149 30 5265 25 2 382 259 71 12 6 4 5 188 151 3 6 261 48 134 41 545 294 4665 7691 5786 7 519 239 2312 195 13 4 30 1 155 54 0 0 3 0 1 0 297 132 97 80 251 1 19 3 87 20 11 47 659 31 1 0 108 44 0 0 0 0 0 0 0 0 0 0 0 0 0 3 31 0 3 0 0 44 8 19 2 0 1 0 0 1 0 1 0 1 0 1 0 3 0 0 4 4 16 0 8 0 2 1 19 1 8 134 0 0 3 0 0 6 0 0 1 0 0 0 0 0 0 0 42 3 4 3 0 0 0 0 2 22 0 1 35 0 0 3 0 0 4 4 0 0 3 0 0 2 0 0 0 0 0 0 0 0
0 0 2 0 82 4 3 2 0 1 2 16 17 147 413 55 8 432 75 29 17 44 11 534 122 5 1593 946 386 75 147 11 15 82 77 4 105 27 1123 38 194 71 1082 7 6 261 145 285 22 1 1 1 128 126 9 18 267 144 89 28 214 438 4991 5786 6118 5 406 355 6884 200 35 13 30 3 614 89 1 0 8 0 7 0 213 110 92 28 255 2 5 4 88 22 7 42 572 159 2 2 39 96 0 0 0 0 0 0 0 0 0 0 0 0 0 2 47 1 1 0 0 34 3 19 2 0 0 0 1 2 0 2 1 0 1 1 0 2 0 0 9 9 18 0 4 2 0 1 51 0 6 178 0 0 5 0 0 7 0 0 1 0 0 0 0 0 2 0 83 8 1 7 0 1 1 0 11 60 0 1 178 39 0 8 1 0 8 4 1 0 7 0 0 19 1 4 0 0 0 0 0 0
1 1 1 0 0 2 1 4 14 21 0 2 3112 0 2 4 1 320 462 27 1 3 3 12 0 0 0 7 0 1 2 0 1 0 1 0 0 79 6 1 20 5 27 1019 2651 1869 1 42 9 2118 48 687 2 0 3 1 0 1 0 0 195 60 16 7 5 3087 0 0 36 39 94 52 148 1452 2 29 906 1036 286 1291 610 1186 2 0 1 0 1 979 414 607 984 14 10 9 19 2 835 11 1 0 0 0 0 0 0 0 1 0 0 0 0 1 0 9 1032 1 2 21 3 142 34 200 30 1 0 1 0 13 0 11 0 0 3 0 0 6 0 0 24 24 34 0 29 2 1 8 644 15 99 566 0 10 33 0 3 99 70 10 21 70 0 0 0 0 2 0 45 25 7 1243 2 0 0 0 17 41 34 39 321 34 3 9 131 0 18 7 6 9 79 0 0 85 14 1 3 0 0 0 0 0
72 51 190 74 267 95 7 29 4 21 6 228 2 81 32 33 3 87 13 7 77 264 132 743 1803 61 665 427 4202 1206 1823 21 132 339 77 2 67 82 89 365 177 46 896 7 1 39 489 51 31 4 7 16 1511 1665 37 19 5761 140 49 39 79 278 975 519 406 0 14731 1755 478 175 17 88 114 30 3119 42 17 1 82 0 7 0 2245 5950 704 4975 4525 7 34 7 69 47 14 55 634 275 40 15 2160 3110 2 1 0 1 1 2 1 1 1 2 6 9 0 0 5 0 1 0 2 3 7 1 3 3 5 0 2 0 0 1 1 0 6 47 0 21 0 0 70 49 2 0 0 1 8 0 1 1 6 12 0 0 7 1 0 9 0 0 1 1 0 2 0 1 4 0 2 0 1 1 0 0 0 0 3 3 0 0 11 3 29 64 6 0 1 39 2 2 4 1 1 6 1 4 18 2 2 0 0 1
0 1 4 2 24 7 2 5 1 1 2 11 1 688 152 52 8 50 10 6 87 154 62 319 352 24 626 740 548 135 302 25 380 6126 208 107 893 364 293 183 113 14 319 9 4 26 1014 108 11 0 3 12 260 242 15 11 1670 3258 2022 4244 64 216 512 239 355 0 1755 6191 608 112 27 128 184 37 2326 51 27 1 67 0 6 0 483 411 207 258 3438 7 22 7 21 33 17 34 257 106 38 7 174 513 0 0 0 0 1 2 1 1 2 0 3 5 1 0 4 0 21 1 3 1 26 2 8 12 11 0 5 1 0 0 3 0 7 26 0 41 0 0 156 158 0 0 0 3 9 0 4 0 47 11 0 0 4 0 1 4 1 1 0 2 0 0 0 0 0 0 2 0 0 1 4 1 0 0 0 1 1 0 9 1 17 112 9 0 0 22 2 0 2 1 1 6 1 4 6 0 6 0 0 0
6 2 7 2 252 33 2 1 2 4 4 50 34 277 1279 298 37 977 99 140 56 122 44 313 133 13 176 741 576 196 425 48 129 235 44 5 255 407 3745 22 355 311 1388 111 46 179 112 5730 50 50 4 14 210 154 12 12 364 514 55 42 1643 2723 5885 2312 6884 36 478 608 6626 1021 555 41 211 9 2014 8948 3 0 39 2 69 8 323 125 150 27 372 71 450 86 1540 53 44 140 1542 636 2 4 63 275 0 0 1 0 0 1 0 2 0 0 0 0 0 0 116 0 4 1 1 48 20 6 6 6 2 0 2 3 0 2 1 2 5 18 0 31 2 0 59 73 14 3 26 2 2 63 479 2 75 619 4 34 189 1 3 326 3 0 4 9 0 0 0 0 3 0 361 96 65 33 1 4 4 0 305 318 1 29 1893 539 6 67 9 3 226 15 10 9 80 1 2 408 53 10 9 1 1 2 0 0
54 16 123 12 84 25 6 97 6 32 3 46 9 30 61 47 16 104 49 37 35 117 70 159 112 16 64 60 236 87 128 10 21 31 6 1 18 52 62 35 607 101 500 71 37 65 58 861 477 258 86 866 91 75 40 17 125 52 3 1 232 5433 3257 195 200 39 175 112 1021 5256 2191 22 59 40 360 616 38 7 24 144 2544 259 268 66 104 37 150 656 822 135 527 542 3119 1321 2543 132 32 9 35 66 1 0 2 0 1 0 1 2 0 0 0 0 0 0 5 3 0 1 1 2 2 4 1 0 1 1 0 0 0 0 0 0 1 3 0 2 0 0 5 9 0 0 0 13 7 8 28 0 19 11 2 209 553 10 2 223 237 163 408 836 0 1 0 0 0 0 11 9 17 5 1 0 0 0 43 13 349 641 218 22 2 16 0 0 27 7 490 32 1804 0 1 884 132 1 8 0 0 0 0 0
15 6 31 4 21 8 1 22 4 9 1 9 75 6 21 9 8 67 36 18 3 13 13 16 9 0 9 6 26 18 27 3 9 11 1 0 11 89 24 7 208 21 85 161 138 74 2 4307 105 375 11 164 14 7 11 4 14 16 2 0 249 1700 294 13 35 94 17 27 555 2191 3916 15 131 68 103 1755 100 13 49 33 8965 192 46 3 13 3 27 1075 1748 431 1564 137 804 218 195 52 93 4 4 12 1 0 0 2 1 0 1 1 0 0 0 0 0 0 6 0 0 2 2 2 4 5 2 1 2 1 5 0 0 0 0 0 0 0 0 1 0 0 11 3 0 0 1 21 3 8 38 0 22 18 4 300 795 11 8 379 151 92 257 818 1 1 0 0 0 0 10 15 15 17 1 1 1 0 25 8 338 811 275 35 2 19 3 1 40 18 626 91 2300 0 0 1252 170 2 11 0 1 0 1 0
45 9 63 25 843 554 108 177 688 561 1440 1600 122 5 7 3 5 29 34 20 329 417 55 15 62 40 5 9 278 362 318 829 1755 137 3 0 15 117 15 6 280 1 14 279 290 17 21 39 4 208 8 40 192 89 29 43 44 367 2 1 14 17 19 4 13 52 88 128 41 22 15 4431 3866 674 469 19 4603 339 9648 80 49 146 250 50 229 22 180 114 75 119 71 41 16 10 13 1417 8719 713 45 16 55 10 58 62 43 298 22 71 78 73 505 542 1 1 15 1 28 2 4 9 48 20 30 63 54 4 15 1 1 5 57 7 557 1418 0 445 0 0 817 440 5 2 1 25 101 2 21 0 82 24 1 3 2 12 0 19 6 0 3 5 29 51 13 29 91 0 12 2 4 2 59 37 17 1 3 5 5 3 34 11 1083 1548 143 2 5 1076 7 3 13 12 41 15 4 186 540 30 73 7 4 4
21 7 19 8 527 276 12 19 41 35 56 182 627 14 17 28 17 320 322 52 526 918 193 60 149 99 14 23 181 146 266 938 3725 259 4 1 20 1624 97 17 456 20 107 1715 543 291 54 303 17 169 3 35 93 50 11 42 68 698 5 6 107 168 90 30 30 148 114 184 211 59 131 3866 9225 890 908 145 468 205 3382 29 55 59 258 56 365 43 207 66 95 132 250 32 15 12 103 1547 604 56 92 40 14 8 7 7 13 40 9 42 11 15 79 91 6 15 93 11 124 15 22 83 303 123 128 143 108 13 55 7 1 20 20 4 207 667 1 656 4 1 1441 1495 28 11 29 19 122 6 83 3 375 256 6 6 20 4 0 41 9 2 3 6 12 27 17 6 45 0 77 11 7 28 31 19 25 5 34 38 3 9 187 47 466 1971 233 5 23 832 2 2 17 7 29 47 5 75 282 23 80 3 3 9
3 5 12 3 25 16 3 14 52 88 10 66 603 5 16 19 46 142 2270 208 36 82 7 4 18 4 3 4 24 24 16 16 63 59 0 0 20 557 5 6 61 1 8 1794 259 28 9 36 4 754 33 368 36 8 5 4 11 21 2 4 7 50 5 1 3 1452 30 37 9 40 68 674 890 3378 64 12 3027 645 1938 477 270 573 66 18 63 12 66 627 373 428 136 20 11 9 22 52 3018 50 19 7 3 2 2 1 1 4 0 25 1 3 11 11 5 17 22 3 33 12 3 14 194 105 61 39 43 3 13 11 2 30 6 0 32 103 0 92 3 0 352 304 3 8 3 3 32 1 10 1 225 13 0 6 10 0 0 13 47 6 10 43 2 1 7 3 7 1 8 2 2 3 2 3 3 0 2 4 21 28 46 12 110 728 432 0 4 403 3 6 35 0 9 34 7 12 118 4 15 2 0 1
