29764 11057 7427 2990 1534 1881 9642 12885 106 2363 230 1882 2 2 15 7 0 3 1 1 163 69 9 23 81 1 20 9 10168 8585 258 9 15 15 6 0 4 9 6 7 1315 12 36 4 5 1 43 31 142 9 279 103 795 337 270 268 161 7 2 2 22 32 28 40 29 1 358 6 24 50 125 58 9 19 54 15 71 1 18 22 199 22 2131 593 1665 303 64 94 74 32 41 806 313 44 106 57 113 1127 64 13 41 21 98 84 23 278 26 35 77 56 120 256 0 0 0 0 0 0 1 1 2 0 2 3 3 0 0 0 0 0 24 0 70 99 1 18 2 0 31 15 0 2 0 6 10 0 1 0 6 0 1 1 7 6 0 4 2 3 7 10 2 1 2 6 7 0 0 0 0 3 8 5 1 0 0 1 9 5 7 0 100 31 2 0 0 42 11 3 24 1 4 17 1 5 83 17 1 2 0 4
11057 13561 2770 13725 1875 814 272 267 39 1094 506 1215 1 8 11 3 1 0 0 2 251 154 7 10 32 1 8 15 728 2224 86 18 18 6 6 2 2 4 3 4 1018 4 16 0 4 2 18 24 81 4 84 21 102 65 68 177 34 4 1 5 5 26 25 20 36 1 199 9 11 15 37 110 7 20 48 2 133 0 27 10 60 7 809 245 1183 208 24 32 24 11 23 237 101 15 51 49 166 122 50 22 88 52 190 198 51 542 38 40 133 94 273 564 0 0 0 0 0 0 0 1 3 1 1 9 6 0 1 0 0 0 34 1 161 121 0 27 1 0 21 12 2 1 0 11 9 0 1 0 1 0 2 2 0 12 0 1 1 2 2 2 7 3 5 21 6 0 0 0 0 2 16 5 1 1 1 0 3 4 3 1 235 33 5 1 1 94 6 1 9 3 27 0 2 7 195 32 13 2 0 0
7427 2770 15515 8882 285 2278 423 5156 141 6369 709 22842 0 8 12 4 0 0 1 0 133 96 3 4 25 0 5 16 435 403 40 15 7 7 1 0 0 2 10 11 517 5 14 1 3 3 16 22 53 3 75 29 134 74 84 113 26 7 2 2 4 20 19 13 21 1 162 3 23 12 24 96 2 19 43 3 118 0 28 12 49 7 610 175 587 121 21 30 24 6 6 245 103 17 34 34 250 242 34 14 102 59 382 280 61 768 64 105 204 159 386 851 0 0 0 1 0 0 4 2 2 4 3 11 6 1 0 0 0 0 60 2 198 137 0 17 1 0 19 11 0 4 0 10 17 0 0 0 2 1 2 0 2 5 0 1 0 2 3 0 6 5 7 36 10 0 1 0 1 0 17 1 4 0 0 0 4 4 7 0 277 32 11 2 1 108 6 0 14 3 23 3 2 11 281 44 11 4 0 0
2990 13725 8882 17862 7117 6874 295 213 36 342 202 3988 0 15 34 3 2 0 3 1 217 196 7 6 40 2 18 38 633 3000 529 19 13 7 5 4 4 3 16 4 646 1 11 2 2 5 12 21 21 1 32 16 60 50 40 132 47 4 1 2 3 29 44 35 72 0 96 1 51 21 16 147 4 23 78 2 162 1 20 6 22 6 385 157 928 216 14 13 15 7 9 100 35 9 40 75 157 93 57 43 84 60 207 266 52 657 47 49 151 125 317 702 0 0 1 1 0 0 2 1 1 0 3 5 1 0 1 0 0 0 43 0 159 127 1 17 0 0 19 13 0 2 0 11 16 0 0 0 1 2 2 0 1 7 0 1 1 0 1 0 7 8 2 35 10 0 2 0 2 0 19 4 3 0 0 1 3 1 4 0 269 32 8 1 1 111 2 1 5 5 18 2 0 9 194 32 4 1 0 3
1534 1875 285 7117 12606 7316 767 96 14 59 20 1120 2 323 635 177 39 37 4 67 413 534 24 32 94 6 103 332 3270 7656 11664 431 278 161 31 81 34 25 346 15 899 11 74 3 15 23 37 155 66 5 84 19 192 107 70 197 4018 74 11 24 29 200 360 167 851 0 277 9 709 85 51 90 69 15 666 34 40 1 18 10 50 16 762 315 1577 407 40 28 45 8 35 216 89 42 188 3362 57 247 158 233 8 8 40 44 12 97 9 5 26 18 55 131 0 0 2 2 0 1 2 8 8 9 10 5 4 0 1 0 0 0 13 1 42 40 1 6 1 0 20 18 6 0 0 3 2 5 9 0 8 11 1 1 5 2 0 3 1 2 3 4 1 2 0 12 7 0 1 4 0 0 6 2 1 0 2 4 6 2 21 1 73 20 2 0 5 39 5 0 10 1 8 10 6 0 27 10 1 0 0 1
1881 814 2278 6874 7316 13611 1010 295 128 412 81 11655 1 125 404 105 37 23 8 60 791 1025 49 31 126 3 48 193 2359 5398 1902 1929 517 206 9 42 32 27 213 13 1413 11 50 4 4 17 27 137 72 4 72 27 190 116 65 236 347 96 9 14 27 171 255 90 613 0 308 10 669 56 43 288 69 66 365 43 235 0 63 11 59 6 867 418 1843 527 26 25 37 16 29 194 80 34 196 1299 574 389 196 107 114 99 368 396 92 955 81 71 221 161 486 1064 1 0 3 3 1 1 9 5 18 11 19 18 9 0 4 2 0 0 98 3 283 240 1 34 1 0 49 31 1 3 1 12 26 4 3 0 13 14 6 5 6 15 0 6 2 9 1 3 17 10 4 55 11 0 4 3 1 3 30 5 1 2 7 3 4 5 34 4 472 90 29 3 4 229 9 2 16 9 49 15 6 18 330 54 29 6 1 5
9642 272 423 295 767 1010 14461 9462 1285 2724 255 913 0 3 6 1 1 3 0 0 11 26 3 9 23 0 5 7 5196 1505 212 12 23 30 3 0 0 5 3 6 199 0 16 1 6 2 22 5 34 2 93 33 1332 487 271 31 83 19 1 1 2 14 16 12 12 0 83 1 13 17 22 70 14 22 59 3 57 2 22 12 56 8 1136 221 252 38 30 30 9 7 5 289 98 11 29 42 982 7227 15 9 25 6 34 40 11 94 25 20 51 31 61 117 0 0 0 1 0 1 4 1 3 1 1 7 4 0 0 0 0 1 8 0 23 53 1 17 0 0 31 20 0 1 0 3 3 0 1 0 6 0 0 1 1 1 0 0 1 2 1 5 2 0 2 4 3 0 1 0 0 0 5 3 1 0 0 0 0 4 0 0 71 39 3 1 0 38 3 1 13 1 7 3 3 2 49 12 7 0 0 1
12885 267 5156 213 96 295 9462 29712 1568 23152 800 3516 0 0 4 1 0 1 0 2 25 12 0 13 33 0 6 0 738 594 21 6 4 8 1 0 2 3 2 5 263 2 16 1 0 2 17 15 56 8 131 53 391 158 150 52 18 4 2 2 6 23 18 11 3 1 98 4 11 27 39 18 1 9 36 7 20 1 4 10 89 18 1075 278 478 61 27 36 30 9 9 418 160 20 37 14 288 1136 17 5 44 16 84 69 11 200 47 38 82 62 82 193 0 0 0 0 0 0 0 1 3 0 1 0 2 0 0 0 0 0 5 0 35 21 0 6 0 0 13 5 0 0 0 4 4 0 1 0 0 1 1 2 2 2 0 1 1 1 3 6 8 1 0 9 2 0 1 0 0 1 8 1 0 1 0 0 8 2 2 0 59 13 6 0 1 25 2 1 16 1 7 4 0 5 93 12 2 0 0 0
106 39 141 36 14 128 1285 1568 1298 1817 118 571 3 0 0 0 0 2 2 0 23 27 4 1 1 0 1 0 64 32 6 35 54 20 0 0 1 3 1 0 44 1 1 6 26 1 1 0 3 35 7 10 71 16 24 1 2 3 0 1 0 1 3 1 3 3 6 0 1 3 6 269 39 101 7 1 263 3 129 11 12 77 52 13 19 5 0 57 15 29 13 20 5 0 7 7 2278 1478 4 0 10 2 14 17 2 41 11 11 19 27 33 44 0 0 1 0 1 0 2 2 2 1 0 0 0 0 0 0 0 1 2 1 17 11 0 4 0 0 11 5 0 1 0 1 2 0 3 0 2 2 0 2 1 1 0 1 0 1 0 0 0 0 0 2 1 0 0 0 0 1 2 0 0 0 1 0 1 1 12 0 15 11 0 1 2 10 0 2 1 0 2 11 2 0 23 1 1 0 0 1
2363 1094 6369 342 59 412 2724 23152 1817 24919 11295 22826 0 1 1 1 0 0 0 1 29 26 2 6 16 0 2 0 352 142 17 22 8 4 1 0 2 1 1 5 236 1 7 1 2 0 14 7 37 3 87 25 271 110 112 36 16 3 3 0 1 11 5 5 2 0 84 4 7 10 39 244 3 15 15 2 211 1 61 10 53 8 629 162 216 48 12 31 21 4 5 223 85 14 17 15 1162 1214 17 8 134 52 306 253 47 828 144 125 360 232 457 905 0 0 1 0 1 0 0 0 2 3 0 5 1 0 0 0 0 0 39 3 151 90 0 8 0 0 15 8 1 1 0 13 15 0 2 0 5 1 1 1 2 9 0 2 0 6 2 1 14 5 5 21 1 0 0 0 1 0 15 6 1 0 0 0 5 3 7 0 261 29 17 0 0 88 11 4 12 3 33 4 5 4 387 88 9 5 0 0
230 506 709 202 20 81 255 800 118 11295 4541 6972 0 1 2 0 0 0 0 2 17 18 1 0 7 1 1 0 39 20 2 7 5 4 0 0 0 2 1 0 50 0 0 0 0 0 1 1 2 1 10 5 25 13 13 3 2 1 0 0 1 5 2 0 0 0 13 0 4 1 5 139 1 16 4 0 32 0 46 2 6 3 99 23 38 6 2 2 2 0 1 44 7 3 7 6 727 180 0 0 29 28 105 90 32 283 25 30 99 66 140 296 0 0 0 0 0 0 0 0 2 0 2 5 2 0 1 0 0 0 21 1 75 30 0 6 0 0 5 5 0 0 0 2 4 0 0 0 0 0 0 1 1 2 0 2 0 2 0 2 4 6 5 22 5 0 0 0 0 4 7 2 3 0 0 0 1 0 2 0 131 18 6 1 0 45 0 0 6 0 14 1 2 3 129 15 4 1 0 1
1882 1215 22842 3988 1120 11655 913 3516 571 22826 6972 30407 10 38 132 61 22 28 8 58 714 939 89 15 106 1 17 46 672 1447 225 1878 2158 327 4 10 29 37 93 15 1096 10 32 13 13 31 20 85 40 10 31 21 182 78 77 115 59 196 7 10 18 63 115 47 198 1 206 4 367 31 28 1478 389 184 336 42 541 8 223 5 35 23 543 242 842 264 26 33 35 11 32 183 66 18 109 1382 3956 960 139 16 313 235 927 953 229 2650 195 193 667 468 1253 2818 2 2 3 1 1 6 19 20 31 22 41 48 33 3 6 0 0 2 204 10 733 648 7 103 1 0 123 99 1 19 2 40 72 5 17 1 47 20 14 3 3 39 1 6 1 15 4 5 36 31 19 156 39 2 6 3 3 7 76 30 11 11 0 5 18 3 42 2 1224 240 74 8 4 561 18 1 22 15 121 24 7 49 982 143 47 8 0 10
2 1 0 0 2 1 0 0 3 0 0 10 6125 1 6 187 45 795 5835 274 0 1 2 5 0 1 7 12 0 0 0 0 39 7 0 0 1 161 12 2 24 3 16 5890 2606 5282 1 20 7 154 1 3 1 0 1 0 0 0 0 0 6 10 20 49 29 1079 0 1 9 8 16 233 336 269 1 12 257 150 767 15 12 72 1 0 2 0 1 33 66 113 156 16 0 7 36 1 25 0 1 0 0 3 0 0 0 0 0 0 0 0 1 1 1 6 664 3 0 45 5 1441 62 1128 29 2 4 1 2 8 0 12 4 0 6 7 0 1 0 0 32 18 92 6 12 3 11 21 292 59 178 944 0 6 9 2 2 13 0 2 0 5 0 0 0 0 0 1 52 39 14 737 0 2 1 2 8 40 6 3 665 24 4 6 220 0 17 4 2 29 9 0 2 79 34 3 0 0 0 0 1 0
2 8 8 15 323 125 3 0 0 1 1 38 1 4722 10399 661 13 39 2 13 9 13 45 80 2 6 721 1218 164 8 466 9 12 91 1590 5796 89 12 42 655 224 15 53 5 1 5 109 6 14 0 0 0 10 5 0 4 509 432 1214 759 3 6 14 77 102 0 157 105 10 2 1 1 0 1 785 4 0 1 1 0 1 0 15 14 30 17 24 2 0 1 6 16 3 6 37 711 0 9 7 15 1 0 0 0 0 1 0 0 0 0 0 0 0 1 0 1 0 9 2 5 1 23 17 0 1 0 2 0 0 1 0 0 0 1 0 1 0 0 2 0 1 2 0 0 1 1 0 0 6 0 0 0 0 0 0 1 0 0 0 0 0 0 0 0 0 1 0 1 0 1 0 0 0 0 0 0 0 0 3 0 0 1 1 0 0 0 0 0 0 0 0 2 1 1 1 0 0 0 0 0
15 11 12 34 635 404 6 4 0 1 2 132 6 10399 24627 9329 1838 751 21 1086 29 47 441 491 17 78 1041 2226 209 20 695 87 70 159 763 4468 819 51 572 608 1430 221 373 22 7 52 167 20 170 3 23 2 9 8 3 2 563 817 983 1151 24 50 82 207 403 1 156 109 159 18 13 24 14 4 1032 18 5 17 16 0 8 1 31 23 61 21 27 13 26 7 29 169 14 27 290 1650 4 2 7 16 0 1 1 1 0 1 0 0 1 1 1 3 23 5 11 31 0 43 25 38 59 179 145 7 3 3 6 8 4 4 0 0 1 9 0 0 12 0 19 19 7 41 2 0 4 3 2 0 56 9 4 2 7 0 0 1 0 0 2 2 0 1 0 1 1 3 5 5 4 2 0 3 0 3 3 5 0 0 7 0 6 11 7 1 2 7 0 1 2 0 1 11 3 1 2 0 1 1 0 2
7 3 4 3 177 105 1 1 0 1 0 61 187 661 9329 23069 286 4407 1919 3675 10 23 274 446 7 14 1013 1661 35 8 83 45 109 124 182 145 807 274 1696 128 988 250 407 37 9 86 16 41 243 2 22 3 1 0 0 0 48 234 114 278 37 55 88 164 283 0 37 6 178 13 8 19 31 3 231 22 8 2 3 2 7 3 9 12 21 8 1 11 33 15 44 228 27 46 355 484 4 1 1 4 0 0 0 0 0 1 0 0 0 0 1 4 12 17 84 11 2 34 7 265 38 495 57 3 0 1 2 3 1 17 1 1 2 7 1 4 3 1 14 11 20 8 0 0 3 2 6 6 68 43 3 1 2 0 1 2 0 0 0 0 1 0 0 0 1 3 2 4 1 9 2 2 0 3 0 1 0 2 24 0 7 15 22 0 1 5 1 1 5 1 1 8 3 0 0 0 0 1 0 0
0 1 0 2 39 37 1 0 0 0 0 22 45 13 1838 286 797 449 311 2326 11 47 104 96 23 53 43 9 6 1 2 23 39 68 29 538 1392 392 27 263 248 10 57 177 11 119 79 3 8 0 0 0 0 0 0 4 7 107 21 284 7 10 17 19 11 1 17 5 4 1 4 25 11 67 131 8 2 19 16 1 0 0 2 3 14 9 6 1 6 3 31 12 3 3 44 201 1 0 1 0 0 6 2 1 1 2 0 0 0 1 4 3 42 13 24 60 3 104 108 22 248 296 444 31 31 10 31 4 7 12 9 4 9 31 0 4 20 3 70 86 10 113 3 3 12 7 11 2 202 21 35 1 1 2 3 3 1 1 0 0 1 0 0 2 3 12 10 14 9 7 16 14 1 13 2 21 1 4 24 3 23 68 36 6 2 26 3 1 3 9 7 8 7 4 2 0 10 11 0 2
3 0 0 0 37 23 3 1 2 0 0 28 795 39 751 4407 449 9174 6890 1787 4 23 117 899 14 6 741 302 17 4 17 21 573 290 29 28 1154 1482 3752 47 697 149 944 376 11 3578 24 132 143 3 11 1 4 4 2 0 31 57 20 61 3482 89 260 762 717 6 60 6 430 26 23 123 204 19 61 150 8 0 56 0 15 2 7 4 13 6 4 8 58 10 214 137 14 22 601 110 2 4 7 0 0 5 0 2 4 1 0 1 0 0 2 4 3 30 786 11 3 59 19 1462 113 1007 33 6 7 6 4 32 1 43 15 6 12 21 3 13 2 1 53 43 405 15 73 2 23 11 180 74 241 1037 5 3 2 4 2 5 0 3 0 2 2 2 1 1 3 7 50 166 17 114 6 11 1 9 8 27 1 1 201 8 15 15 60 16 3 10 0 2 5 2 3 19 25 5 2 0 3 2 1 2
1 0 1 3 4 8 0 0 2 0 0 8 5835 2 21 1919 311 6890 42786 8434 7 36 76 300 23 48 221 46 17 0 8 9 122 67 42 5 155 1303 81 93 341 57 278 5116 230 6554 46 75 91 12 9 0 1 1 0 1 3 2 10 5 76 49 83 178 60 47 20 4 65 25 40 31 86 2186 6 71 11 6 48 1 19 7 11 2 10 12 1 11 109 68 383 102 11 26 316 30 1 0 6 0 1 8 3 1 3 2 0 2 0 0 3 9 176 153 1324 234 13 802 218 3911 684 7759 1512 61 57 21 40 42 14 155 27 1 39 47 6 6 64 9 162 193 289 207 40 6 44 45 236 112 1104 927 62 9 17 6 3 14 1 7 0 0 3 8 1 5 6 38 67 127 34 360 30 35 1 47 14 74 5 5 567 28 40 139 594 28 18 73 5 6 7 15 10 91 68 8 5 1 29 13 2 17
1 2 0 1 67 60 0 2 0 1 2 58 274 13 1086 3675 2326 1787 8434 3399 13 33 209 454 23 163 216 62 8 4 14 61 54 54 82 196 940 768 70 396 532 84 284 1358 35 339 73 20 99 4 10 0 0 1 0 1 17 106 13 137 34 34 67 117 33 5 23 8 46 11 8 43 19 325 136 9 12 27 28 1 4 3 4 5 10 8 5 6 31 15 62 73 7 13 242 341 2 0 3 1 1 2 1 1 1 3 0 0 0 1 7 5 186 81 148 191 13 347 135 186 573 1659 1138 47 33 22 49 33 22 96 8 1 13 36 4 7 112 10 94 128 37 291 18 2 30 40 38 2 495 67 41 9 10 2 4 13 0 6 0 0 3 3 0 2 2 47 28 55 15 48 13 8 0 24 8 47 3 0 92 8 30 83 135 7 10 43 3 5 3 7 8 25 33 6 2 0 10 1 1 7
163 251 133 217 413 791 11 25 23 29 17 714 0 9 29 10 11 4 7 13 9061 7092 2897 116 265 38 12 6 79 68 151 153 158 345 6 5 113 117 6 34 571 14 63 8 1 3 54 6 21 3 4 0 4 3 9 1648 142 166 52 104 1 9 20 30 20 0 24 44 15 6 0 254 73 24 305 1 155 0 61 1 2 1 276 38 2935 356 29 5 2 1 5 12 5 6 77 483 214 33 357 18 6 9 14 12 5 40 2 3 9 3 22 42 0 1 1 4 1 6 9 1 15 8 29 1 5 0 4 0 0 0 12 1 16 41 3 10 0 0 33 18 0 1 0 1 4 0 0 0 23 0 2 0 0 2 0 1 0 2 0 0 1 2 1 4 3 1 1 1 1 0 2 3 1 1 0 1 0 1 1 0 55 35 7 2 0 46 0 0 3 0 6 2 0 2 9 3 0 2 0 4
69 154 96 196 534 1025 26 12 27 26 18 939 1 13 47 23 47 23 36 33 7092 22716 3502 900 4922 1233 262 21 128 51 156 198 233 479 38 7 222 254 25 2405 884 142 777 26 8 15 344 18 167 4 11 5 22 13 15 286 140 205 175 173 28 139 316 178 43 1 211 75 81 67 8 393 141 31 256 13 249 1 81 1 8 4 341 183 4464 1712 105 11 17 14 52 121 28 61 1101 647 246 44 3305 23 9 5 18 14 5 28 2 2 9 4 30 33 1 0 3 10 2 23 88 0 68 38 133 17 7 2 10 0 0 0 6 3 25 47 0 13 5 0 66 71 6 12 2 1 7 0 2 0 66 1 8 1 2 0 0 2 1 1 1 0 2 1 2 6 3 0 3 4 2 1 7 1 0 2 1 2 2 0 8 0 61 52 11 2 2 39 0 2 4 0 1 11 4 7 8 1 5 2 0 1
9 7 3 7 24 49 3 0 4 2 1 89 2 45 441 274 104 117 76 209 2897 3502 8705 5707 295 2825 676 79 35 1 10 25 101 622 21 26 414 342 97 1294 5453 1443 1044 18 2 27 163 17 324 3 7 0 4 5 1 13 20 199 94 312 19 53 85 50 32 1 91 35 44 19 10 75 102 7 118 14 65 1 20 2 3 1 43 57 207 101 15 10 38 11 48 226 20 30 799 41 31 6 98 1 1 1 2 0 1 4 0 0 0 0 2 8 2 0 0 4 0 14 11 4 20 23 34 2 1 0 0 0 0 0 3 0 2 13 0 4 0 0 11 12 1 6 0 1 2 1 1 0 12 0 1 0 1 1 1 4 0 1 1 2 3 0 0 1 0 0 1 3 1 0 2 2 1 2 4 1 1 1 11 1 18 10 3 3 2 6 2 0 4 1 3 3 6 0 4 2 2 0 0 0
23 10 4 6 32 31 9 13 1 6 0 15 5 80 491 446 96 899 300 454 116 900 5707 13352 788 4451 4644 364 400 7 44 4 18 30 338 86 104 79 459 5202 958 5355 1868 31 22 560 907 16 196 1 13 3 74 51 13 11 406 22 128 61 271 42 59 203 135 0 1549 23 86 14 14 12 26 3 43 18 7 5 7 3 9 2 146 340 288 384 20 14 25 7 91 173 20 23 364 40 0 2 172 12 0 0 0 0 0 2 0 0 0 0 1 0 1 0 5 3 1 10 8 40 9 22 34 0 0 0 0 0 1 0 0 1 1 3 0 1 1 0 19 12 1 3 0 0 0 0 3 0 10 33 1 0 3 0 2 3 0 0 0 1 0 0 0 0 0 0 3 0 0 1 0 0 0 1 0 3 2 0 15 0 4 6 2 1 1 2 1 0 2 0 0 2 1 0 0 0 1 0 0 1
81 32 25 40 94 126 23 33 1 16 7 106 0 2 17 7 23 14 23 23 265 4922 295 788 8827 907 251 15 335 38 48 22 25 25 94 4 58 65 17 2944 162 84 694 22 6 27 4704 17 138 4 27 5 93 93 26 63 601 17 34 25 35 205 371 279 35 1 2713 33 112 100 16 30 39 10 56 19 16 1 7 1 12 1 543 978 1944 3698 1751 10 30 13 72 140 76 79 1454 78 16 9 6966 1520 0 1 0 0 1 0 0 0 0 1 3 2 0 0 0 9 3 11 47 0 46 21 99 7 2 2 6 1 0 3 1 0 8 11 0 3 0 0 44 39 1 1 1 0 3 0 1 0 34 2 0 4 3 0 0 5 0 1 0 0 0 0 0 0 0 3 2 1 3 0 2 0 1 0 1 2 2 6 8 1 13 25 2 3 10 3 2 3 4 0 1 9 6 1 0 0 2 0 0 1
1 1 0 2 6 3 0 0 0 0 1 1 1 6 78 14 53 6 48 163 38 1233 2825 4451 907 4087 742 5 35 1 1 3 2 8 13 13 55 45 8 3807 266 97 236 8 0 3 117 2 14 0 1 2 12 4 2 2 14 1 15 13 4 6 11 18 9 0 151 2 10 4 1 5 6 0 2 5 2 1 1 0 2 0 31 60 63 74 4 1 4 0 6 14 3 2 100 5 1 0 30 1 0 0 0 0 0 0 0 0 0 0 0 0 0 1 1 4 0 15 10 1 11 20 54 1 1 0 0 0 0 1 0 0 2 0 0 2 0 0 4 9 0 3 0 0 0 0 0 0 9 0 0 0 0 0 0 0 0 0 0 0 0 0 0 0 0 1 0 0 0 2 0 0 0 0 0 0 0 0 1 0 0 0 1 0 1 2 0 0 0 0 0 0 0 0 0 0 1 0 0 0
20 8 5 18 103 48 5 6 1 2 1 17 7 721 1041 1013 43 741 221 216 12 262 676 4644 251 742 12123 2956 655 19 247 6 15 49 6533 520 113 41 254 2301 235 110 2664 12 0 85 582 7 32 0 8 2 68 40 7 3 953 36 366 118 10 17 40 1533 228 0 1470 59 26 8 7 7 7 1 136 3 2 0 2 1 3 2 123 237 164 229 26 4 4 4 9 30 11 3 131 87 2 10 118 24 0 0 0 0 0 0 0 0 0 0 0 2 0 0 9 2 0 10 3 47 8 29 26 1 1 0 0 1 0 0 0 1 2 1 0 1 0 1 3 7 13 0 0 0 0 0 3 0 7 37 0 0 2 0 0 0 0 0 0 0 0 0 0 0 1 0 5 1 0 0 1 0 0 0 0 0 1 0 9 0 3 3 0 0 0 3 0 0 0 0 0 3 2 0 0 0 0 0 0 0
9 15 16 38 332 193 7 0 0 0 0 46 12 1218 2226 1661 9 302 46 62 6 21 79 364 15 5 2956 5107 317 12 650 8 15 38 578 951 49 6 3688 84 227 51 428 7 1 101 121 13 19 0 3 1 18 15 2 7 835 133 559 148 19 21 24 598 485 0 393 119 83 5 3 1 2 0 416 6 0 0 1 1 5 2 42 34 60 44 20 4 7 2 9 25 7 3 35 494 1 7 13 22 1 1 0 0 0 0 0 0 0 0 1 0 0 0 27 3 0 9 3 124 9 53 9 0 0 0 0 2 0 0 2 0 2 1 0 1 0 0 4 3 20 3 4 0 0 3 17 1 10 115 1 0 0 2 1 1 0 0 0 0 0 0 0 0 0 1 7 7 2 5 0 1 0 0 0 3 0 0 40 0 1 0 2 0 0 1 0 0 0 0 0 1 2 2 0 0 0 0 0 0
10168 728 435 633 3270 2359 5196 738 64 352 39 672 0 164 209 35 6 17 17 8 79 128 35 400 335 35 655 317 52450 12247 3478 23 58 69 219 29 11 26 87 285 465 28 569 5 14 64 754 92 156 6 129 46 5444 8178 493 68 4866 62 45 9 89 515 1068 1112 657 1 6187 94 416 228 49 96 23 25 1741 29 48 1 16 10 98 6 2888 2038 657 163 766 26 49 16 119 479 198 158 953 859 157 5013 145 1009 8 10 18 16 4 48 5 4 9 5 47 65 0 0 1 1 1 3 9 2 12 3 13 10 6 1 1 0 0 0 7 1 34 88 2 36 2 0 68 49 1 4 0 3 14 0 10 0 19 6 6 1 5 5 1 2 3 2 2 9 1 1 1 9 6 0 1 0 1 1 7 3 4 3 0 0 3 7 15 1 86 85 4 4 1 50 8 1 15 1 9 12 3 5 20 4 5 4 0 2
8585 2224 403 3000 7656 5398 1505 594 32 142 20 1447 0 8 20 8 1 4 0 4 68 51 1 7 38 1 19 12 12247 13496 1615 6 6 9 5 3 4 2 9 8 372 3 23 1 7 2 12 15 63 4 91 33 330 170 96 78 1057 2 1 3 8 20 21 24 26 0 136 1 30 24 27 14 0 11 58 7 17 1 5 7 64 5 735 198 509 113 20 20 23 6 11 253 106 15 46 67 35 416 35 18 10 6 26 26 3 65 8 9 13 10 34 54 0 0 0 0 0 0 0 0 1 0 1 3 0 0 0 0 0 0 4 0 25 32 1 7 0 0 9 5 2 1 0 2 1 0 0 0 1 1 0 1 2 0 0 2 0 0 2 7 1 1 1 2 2 0 0 0 0 0 2 0 1 1 1 0 2 5 8 0 40 10 1 0 2 13 4 0 15 0 4 5 1 1 22 7 1 1 0 1
258 86 40 529 11664 1902 212 21 6 17 2 225 0 466 695 83 2 17 8 14 151 156 10 44 48 1 247 650 3478 1615 12417 8 25 22 83 125 9 11 359 19 337 2 82 5 12 14 56 91 67 1 47 28 166 86 72 84 12789 33 30 19 28 128 254 338 1048 1 688 5 463 58 27 7 5 2 1769 12 10 1 2 9 49 5 574 243 830 253 66 30 28 11 41 178 82 35 134 3407 5 136 178 3611 0 0 3 2 0 5 0 0 2 1 8 8 0 0 1 0 0 1 0 1 2 1 4 2 1 0 1 0 0 2 0 0 2 8 1 2 0 0 6 3 1 2 0 0 0 1 2 0 0 7 0 6 2 1 1 6 2 1 0 5 2 0 0 0 0 0 0 0 0 0 0 0 0 1 2 2 5 4 5 0 7 3 0 0 2 2 1 2 11 0 0 9 3 1 5 0 1 0 0 0
9 18 15 19 431 1929 12 6 35 22 7 1878 0 9 87 45 23 21 9 61 153 198 25 4 22 3 6 8 23 6 8 4785 5831 806 1 1 16 23 56 3 206 2 23 7 6 13 4 71 9 3 0 1 12 9 2 15 12 2351 2 3 6 27 51 12 90 0 30 4 237 13 11 737 513 19 1596 31 46 0 100 0 8 1 43 19 94 28 6 1 8 0 13 15 4 5 52 5779 160 40 24 2 23 23 42 50 21 142 9 5 28 13 75 159 0 1 6 0 2 0 4 6 22 7 11 19 5 1 7 0 0 0 26 1 63 113 0 22 1 0 48 35 3 8 0 7 9 0 12 0 14 15 4 1 0 4 0 4 0 3 1 1 6 2 2 14 12 0 4 4 4 0 12 7 2 4 0 4 2 1 18 2 128 66 8 2 0 62 0 0 1 1 17 7 1 4 36 6 9 3 0 2
15 18 7 13 278 517 23 4 54 8 5 2158 39 12 70 109 39 573 122 54 158 233 101 18 25 2 15 15 58 6 25 5831 8743 3791 5 5 51 2673 93 19 242 6 43 130 17 320 24 46 21 9 4 4 24 7 2 4 24 2255 17 9 30 18 23 31 53 3 52 77 126 15 13 3089 1587 130 2709 32 250 18 386 5 9 20 60 36 69 21 41 4 16 5 52 30 13 5 55 3887 288 70 12 5 34 58 65 82 48 194 6 19 29 19 125 267 8 2 37 10 6 41 45 68 127 95 109 69 74 7 19 0 2 4 98 9 194 622 10 225 3 1 348 211 14 87 3 26 80 7 25 4 149 51 84 3 1 34 1 8 2 19 2 2 35 21 4 39 48 5 14 10 7 11 75 48 30 45 0 8 16 2 48 4 597 565 41 60 3 398 3 2 7 31 110 8 18 34 77 27 56 18 1 49
15 6 7 7 161 206 30 8 20 4 4 327 7 91 159 124 68 290 67 54 345 479 622 30 25 8 49 38 69 9 22 806 3791 11646 125 43 2007 1083 118 67 630 1 34 34 4 93 391 9 11 1 13 4 36 20 12 15 35 3447 1864 843 14 8 11 36 69 0 67 1619 46 4 5 319 133 74 2024 10 113 1 76 0 7 3 104 78 74 22 327 4 8 1 17 43 12 2 27 2019 158 25 34 2 17 34 38 59 34 73 7 14 21 7 87 128 2 0 17 15 17 19 57 39 210 60 104 118 108 9 30 2 0 7 102 12 141 569 13 237 4 2 596 371 16 112 1 33 81 5 11 3 193 21 133 2 3 23 2 9 1 16 0 4 37 38 4 26 50 15 10 17 4 3 112 88 40 84 3 6 9 1 28 0 508 741 26 110 2 368 9 2 8 31 88 6 16 23 47 13 61 22 4 60
6 6 1 5 31 9 3 1 0 1 0 4 0 1590 763 182 29 29 42 82 6 38 21 338 94 13 6533 578 219 5 83 1 5 125 7415 2395 275 47 38 5167 35 10 236 9 1 10 2211 8 6 1 5 0 12 11 3 4 476 83 2647 386 9 14 50 251 152 0 646 65 26 8 1 1 2 0 137 0 2 3 1 0 2 1 20 73 41 75 9 3 1 1 11 8 3 6 127 28 0 4 32 21 0 0 0 0 0 1 0 0 0 0 0 1 0 0 0 1 0 19 14 7 15 29 62 2 0 0 0 0 0 0 0 0 1 3 0 0 2 1 7 2 2 1 0 0 0 0 0 0 10 4 1 0 0 0 0 0 0 0 0 0 0 0 0 0 0 0 2 0 0 0 0 0 0 1 0 0 0 1 0 0 2 2 3 0 0 0 0 0 0 0 0 1 0 0 1 0 1 1 0 0
0 2 0 4 81 42 0 0 0 0 0 10 0 5796 4468 145 538 28 5 196 5 7 26 86 4 13 520 951 29 3 125 1 5 43 2395 2212 157 6 125 278 104 6 66 0 1 3 111 1 2 0 0 0 0 1 0 0 96 191 1824 477 5 2 23 211 248 0 36 34 31 2 0 0 0 1 257 2 0 0 1 0 0 0 4 3 5 5 7 0 0 1 3 7 0 1 20 220 1 1 3 2 0 0 0 0 0 0 0 0 0 0 0 0 1 0 0 2 0 1 3 1 14 11 18 2 0 0 0 0 0 1 0 0 0 0 0 1 0 0 1 4 0 3 0 0 0 1 0 0 7 3 1 0 0 0 0 0 0 0 0 0 0 0 0 0 0 0 0 0 0 0 1 0 0 0 0 0 0 0 1 0 0 0 0 0 1 0 0 0 0 0 0 1 0 0 0 0 2 0 0 0
4 2 0 4 34 32 0 2 1 2 0 29 1 89 819 807 1392 1154 155 940 113 222 414 104 58 55 113 49 11 4 9 16 51 2007 275 157 6367 1407 439 316 743 16 106 25 7 96 470 14 11 4 3 0 1 1 5 4 16 1278 2767 2696 28 12 33 91 49 2 26 906 45 6 4 21 22 23 268 23 6 17 15 0 0 2 20 13 44 26 13 4 8 2 43 28 5 5 74 195 7 0 20 1 2 9 5 7 9 7 1 2 1 0 9 12 18 4 24 58 18 60 136 39 387 165 365 145 132 23 54 12 2 22 61 8 35 74 11 29 17 7 242 206 19 173 3 13 52 16 21 2 319 29 171 3 6 2 1 3 0 4 0 1 9 18 1 9 11 36 21 24 15 6 78 74 8 101 5 15 7 2 41 4 66 240 24 79 1 121 3 0 4 31 35 10 19 23 5 1 56 31 12 44
9 4 2 3 25 27 5 3 3 1 2 37 161 12 51 274 392 1482 1303 768 117 254 342 79 65 45 41 6 26 2 11 23 2673 1083 47 6 1407 8398 223 144 505 14 91 489 38 589 189 74 39 4 10 1 13 4 1 8 13 141 270 117 53 41 49 53 23 1 34 214 58 15 16 47 329 324 99 67 29 27 34 4 10 6 47 43 67 54 25 11 47 19 166 38 11 9 163 127 12 10 37 0 8 22 13 10 28 8 2 7 3 3 37 34 37 14 62 97 38 183 342 145 888 617 971 290 282 33 127 23 11 24 114 16 104 300 23 85 52 4 1006 632 51 368 7 22 132 36 58 9 835 93 374 10 17 4 6 21 1 13 2 2 29 49 2 38 31 72 53 60 21 25 192 169 28 255 10 43 13 4 190 15 269 839 109 187 6 320 12 9 13 102 87 42 60 59 17 8 128 62 9 99
6 3 10 16 346 213 3 2 1 1 1 93 12 42 572 1696 27 3752 81 70 6 25 97 459 17 8 254 3688 87 9 359 56 93 118 38 125 439 223 9997 65 646 171 627 26 12 163 29 281 153 4 12 2 7 4 1 2 243 220 180 221 1512 162 410 611 13663 0 69 25 5351 62 24 70 44 2 431 477 7 3 22 0 14 2 20 17 32 20 12 13 64 17 104 180 20 41 664 892 11 6 15 8 0 2 2 1 2 2 0 0 0 0 3 3 7 5 156 5 1 35 16 360 38 151 45 5 5 2 4 11 2 15 12 3 5 15 1 5 2 1 38 27 114 18 27 0 8 8 121 13 72 435 2 1 6 2 0 8 0 1 0 2 1 1 0 1 2 5 53 72 13 23 1 5 1 7 4 38 2 2 172 11 12 20 10 5 6 8 0 6 4 1 3 17 17 4 0 0 3 1 0 3
7 4 11 4 15 13 6 5 0 5 0 15 2 655 608 128 263 47 93 396 34 2405 1294 5202 2944 3807 2301 84 285 8 19 3 19 67 5167 278 316 144 65 11972 193 119 885 32 0 16 2578 6 37 0 2 3 41 43 6 8 291 45 413 203 6 20 45 194 65 0 1192 22 50 6 3 7 24 2 53 7 1 9 5 1 2 1 138 265 193 347 31 0 6 3 6 25 10 8 245 29 1 3 131 17 0 0 0 0 1 0 0 0 0 0 0 0 5 2 2 9 1 51 38 7 34 61 118 3 0 0 1 0 0 1 0 0 1 2 0 0 0 0 18 19 4 9 0 0 1 0 1 0 27 3 1 0 0 0 0 2 0 0 0 0 0 0 0 1 0 2 3 0 3 0 0 0 0 2 0 2 0 0 0 0 8 10 4 0 0 1 0 0 1 0 0 3 0 0 0 0 0 0 0 1
1315 1018 517 646 899 1413 199 263 44 236 50 1096 24 224 1430 988 248 697 341 532 571 884 5453 958 162 266 235 227 465 372 337 206 242 630 35 104 743 505 646 193 6787 5112 1102 120 113 402 183 287 3699 122 178 30 37 35 340 869 396 259 107 613 527 248 218 150 338 5 166 109 726 117 218 317 157 38 551 241 274 10 110 26 116 45 1326 186 775 160 92 291 660 321 835 2345 226 235 1068 780 246 62 122 26 11 8 25 38 11 70 2 2 12 7 41 69 2 0 5 3 1 9 10 15 24 14 24 9 11 1 7 2 0 1 16 1 30 91 1 29 2 0 58 24 2 11 1 7 9 5 17 1 26 25 18 27 63 5 1 43 4 4 15 28 6 0 1 6 8 0 6 2 16 8 7 6 3 11 13 7 29 37 132 7 95 63 5 8 31 69 29 29 130 2 9 111 28 4 26 5 4 3 0 4
12 4 5 1 11 11 0 2 1 1 0 10 3 15 221 250 10 149 57 84 14 142 1443 5355 84 97 110 51 28 3 2 2 6 1 10 6 16 14 171 119 5112 6230 6891 19 36 193 32 35 1603 15 15 1 9 3 2 3 18 2 3 11 241 39 33 30 88 1 70 1 201 12 16 12 9 2 10 56 5 1 7 0 6 0 20 29 36 38 3 20 62 24 257 457 16 42 1364 17 1 1 22 3 0 0 0 0 0 1 0 0 0 0 0 0 0 1 1 0 0 1 0 6 1 2 3 0 0 0 0 0 0 0 0 0 1 1 0 0 0 0 0 4 0 0 0 0 0 3 4 0 1 4 0 1 4 0 1 2 0 0 0 2 0 0 0 0 0 0 1 0 2 1 0 0 0 0 1 2 2 1 25 0 0 2 0 0 0 0 3 1 7 0 0 14 4 0 0 0 0 0 0 0
36 16 14 11 74 50 16 16 1 7 0 32 16 53 373 407 57 944 278 284 63 777 1044 1868 694 236 2664 428 569 23 82 23 43 34 236 66 106 91 627 885 1102 6891 5992 81 176 1311 542 117 3418 31 40 6 69 75 21 13 388 21 90 54 1241 253 491 1189 466 6 1487 14 876 75 39 49 36 9 56 250 21 5 27 5 14 7 221 400 324 388 35 41 120 79 1369 671 193 188 6128 98 10 9 229 24 0 0 0 0 0 0 0 1 0 0 1 1 1 0 10 3 0 6 8 36 11 17 29 2 1 0 1 1 0 1 1 0 1 7 0 0 1 0 13 10 6 0 0 0 1 8 18 0 8 69 0 6 15 0 0 19 0 0 2 4 0 0 0 1 0 0 10 2 4 9 0 1 0 2 12 8 6 11 116 12 4 5 1 0 19 6 2 9 31 0 0 57 22 1 0 0 1 0 0 0
4 0 1 2 3 4 1 1 6 1 0 13 5890 5 22 37 177 376 5116 1358 8 26 18 31 22 8 12 7 5 1 5 7 130 34 9 0 25 489 26 32 120 19 81 6757 2739 1929 29 158 68 1085 17 44 1 0 0 1 9 4 6 8 33 70 83 30 9 260 12 10 47 45 65 304 2901 2232 7 110 177 958 1790 127 84 915 6 6 17 7 1 285 296 371 534 70 15 35 280 9 29 1 8 0 5 10 0 8 11 2 1 3 3 1 5 15 38 30 273 80 16 279 181 749 574 1730 808 132 140 19 54 15 5 21 49 6 39 83 6 18 27 6 329 223 53 189 18 12 56 37 221 29 635 219 178 16 35 4 7 68 3 5 5 12 10 12 1 23 11 30 50 55 36 110 81 95 8 94 32 78 9 14 671 60 97 356 351 74 48 147 7 40 45 35 40 168 90 15 5 3 58 28 6 37
5 4 3 2 15 4 6 0 26 2 0 13 2606 1 7 9 11 11 230 35 1 8 2 22 6 0 0 1 14 7 12 6 17 4 1 1 7 38 12 0 113 36 176 2739 9988 615 4 81 69 5928 8 25 1 4 0 0 12 1 1 1 24 91 80 136 50 622 18 1 58 34 92 301 316 188 4 19 1054 1926 1688 85 75 1072 3 2 9 7 1 502 422 1772 1964 92 21 40 322 10 235 20 1 1 1 4 0 2 1 0 0 1 0 0 3 5 0 2 154 1 0 13 6 203 84 50 14 2 5 5 4 6 0 2 13 7 12 27 3 4 4 0 64 32 39 12 35 8 4 153 1939 15 154 2010 7 71 100 10 21 261 1 16 3 20 1 1 1 3 2 5 258 175 170 1345 4 21 3 6 83 351 32 28 3962 153 19 37 15 28 102 25 8 259 128 0 0 674 415 7 2 1 1 1 1 6
1 2 3 5 23 17 2 2 1 0 0 31 5282 5 52 86 119 3578 6554 339 3 15 27 560 27 3 85 101 64 2 14 13 320 93 10 3 96 589 163 16 402 193 1311 1929 615 18037 21 56 169 13 20 1 5 6 1 0 41 3 8 7 1169 80 346 1423 434 763 87 3 128 34 15 179 378 69 4 52 52 19 218 0 7 3 18 9 12 25 1 8 68 29 1149 196 20 34 818 24 16 2 15 1 0 12 0 2 11 2 0 0 2 0 3 3 5 23 1489 15 1 48 25 2652 274 845 55 5 3 10 6 43 2 31 42 15 34 31 10 9 5 0 113 78 514 23 130 9 42 93 1543 114 529 4930 4 8 12 3 3 21 0 5 0 3 0 0 0 7 7 8 268 407 113 1663 9 31 13 17 5 141 3 3 1552 20 14 23 125 37 13 12 1 35 21 2 1 87 99 18 4 0 3 1 0 9
43 18 16 12 37 27 22 17 1 14 1 20 1 109 167 16 79 24 46 73 54 344 163 907 4704 117 582 121 754 12 56 4 24 391 2211 111 470 189 29 2578 183 32 542 29 4 21 9485 14 47 0 22 7 111 119 25 16 1446 700 496 420 17 75 127 265 110 0 4243 535 42 29 8 14 31 5 412 5 8 9 5 0 12 1 322 668 482 1140 2424 4 11 3 21 77 31 30 435 34 2 18 766 135 1 3 0 0 0 0 0 0 0 0 0 2 4 1 1 28 8 58 76 3 87 79 151 3 2 1 6 1 0 1 0 0 4 14 0 3 2 1 86 78 2 9 1 1 3 1 0 0 50 2 4 0 3 2 0 0 0 0 0 1 0 1 0 0 0 1 4 2 0 0 5 5 0 2 0 3 1 1 6 1 23 43 4 0 1 8 1 0 4 0 2 2 0 3 1 0 4 1 0 0
31 24 22 21 155 137 5 15 0 7 1 85 20 6 20 41 3 132 75 20 6 18 17 16 17 2 7 13 92 15 91 71 46 9 8 1 14 74 281 6 287 35 117 158 81 56 14 28375 208 64 33 25 8 10 1 1 125 11 10 8 1922 10090 1943 354 422 6 98 5 8062 1166 10139 60 42 12 47 10355 28 5 44 25 650 74 25 14 20 15 3 1544 6241 533 2601 274 151 412 742 277 12 3 11 6 2 0 2 1 1 3 0 7 0 0 2 2 0 0 10 3 0 3 1 18 10 14 5 1 1 3 6 1 1 2 10 4 4 5 2 2 2 0 13 9 9 14 5 2 5 88 65 8 67 30 4 313 823 14 27 383 4 14 33 116 1 0 1 5 2 2 17 12 169 26 9 14 1 5 180 68 176 402 825 92 12 25 7 10 413 33 242 112 1284 1 0 1440 469 2 8 2 0 1 1 2
142 81 53 21 66 72 34 56 3 37 2 40 7 14 170 243 8 143 91 99 21 167 324 196 138 14 32 19 156 63 67 9 21 11 6 2 11 39 153 37 3699 1603 3418 68 69 169 47 208 7048 54 115 4 19 17 4 7 87 10 7 6 357 597 180 44 106 4 158 8 471 179 90 32 20 16 17 208 34 3 27 6 44 13 40 67 112 75 11 115 345 181 822 7303 660 1350 5843 51 20 9 53 5 1 2 0 0 0 3 0 0 1 0 2 5 0 1 6 3 0 1 3 7 8 3 5 0 0 0 1 0 0 0 2 0 1 6 0 1 1 0 7 5 2 3 1 0 0 10 16 0 8 10 1 10 49 0 1 36 0 2 1 10 0 0 0 0 0 0 6 1 10 7 0 1 0 1 20 5 17 14 126 15 8 11 0 1 30 4 9 19 73 0 0 124 29 0 2 0 0 1 0 0
9 4 3 1 5 4 2 8 35 3 1 10 154 0 3 2 0 3 12 4 3 4 3 1 4 0 0 0 6 4 1 3 9 1 1 0 4 4 4 0 122 15 31 1085 5928 13 0 64 54 11316 17 190 1 0 0 0 4 0 0 0 10 87 26 3 7 612 5 0 27 72 301 232 162 571 3 24 1658 1487 1269 795 352 8865 2 1 1 5 0 3261 1060 7609 238 76 37 44 99 1 378 37 0 0 1 0 1 1 0 0 0 0 0 0 1 3 0 0 7 4 0 3 2 14 11 7 9 0 0 2 4 1 1 0 9 1 4 4 0 1 0 1 12 3 5 3 0 1 1 60 65 5 45 29 1 126 345 5 30 290 9 19 28 48 0 0 0 0 0 2 17 11 92 45 4 9 1 0 94 22 70 121 909 59 15 16 9 2 231 22 77 320 451 1 2 1033 253 4 5 1 3 1 0 5
279 84 75 32 84 72 93 131 7 87 10 31 1 0 23 22 0 11 9 10 4 11 7 13 27 1 8 3 129 91 47 0 4 13 5 0 3 10 12 2 178 15 40 17 8 20 22 33 115 17 15916 8813 21 7 36 4 69 14 3 2 56 21 21 27 23 6 31 3 59 56 36 9 5 30 38 33 34 12 13 1323 1156 121 124 67 52 16 16 187 75 36 143 5941 3800 55 94 36 18 17 18 5 2 3 0 0 0 1 1 1 1 0 2 1 0 0 0 0 1 0 2 0 1 0 1 4 5 0 0 0 0 0 0 0 2 10 1 0 0 0 12 8 0 0 0 0 1 1 3 0 1 2 1 3 8 2 0 3 351 214 375 264 0 0 0 0 0 0 1 0 0 5 2 1 0 2 2 0 169 11 13 3 6 8 1 1 2 7 32 4 67 0 3 15 7 0 2 0 1 1 0 0
103 21 29 16 19 27 33 53 10 25 5 21 3 0 2 3 0 1 0 0 0 5 0 3 5 2 2 1 46 33 28 1 4 4 0 0 0 1 2 3 30 1 6 44 25 1 7 25 4 190 8813 30465 2 9 10 0 22 4 0 0 5 21 8 4 2 82 4 2 5 39 65 31 13 601 20 12 387 100 92 12325 9122 880 42 20 22 11 4 1319 211 138 33 388 3945 13 13 7 125 13 4 1 4 1 3 1 0 1 2 4 1 0 2 3 0 0 0 0 0 0 1 0 0 0 2 0 0 0 1 0 0 0 3 0 0 5 0 1 0 0 6 3 0 1 0 1 0 1 8 0 4 0 1 16 23 4 2 10 3356 2530 1881 1152 6 4 0 0 0 0 1 0 2 77 8 0 0 0 0 0 807 74 21 1 8 9 53 3 2 41 255 79 338 1 5 41 21 1 14 3 0 1 0 0
795 102 134 60 192 190 1332 391 71 271 25 182 1 10 9 1 0 4 1 0 4 22 4 74 93 12 68 18 5444 330 166 12 24 36 12 0 1 13 7 41 37 9 69 1 1 5 111 8 19 1 21 2 11559 8029 5845 4 202 32 7 1 8 42 99 119 51 0 564 18 29 12 5 56 21 11 223 1 29 1 13 2 8 0 2370 985 87 40 145 3 1 1 13 63 21 15 146 76 169 6135 68 52 0 5 10 7 3 17 0 4 3 2 13 19 0 0 0 0 1 1 1 1 6 2 1 4 7 0 2 1 0 0 7 0 16 36 4 11 0 1 37 20 0 6 0 1 2 0 0 0 8 1 7 0 0 1 0 1 0 0 0 0 2 1 0 3 2 0 0 0 0 0 3 0 3 4 0 0 1 0 0 0 41 44 2 0 0 14 0 0 2 1 4 0 1 1 5 2 1 1 0 2
337 65 74 50 107 116 487 158 16 110 13 78 0 5 8 0 0 4 1 1 3 13 5 51 93 4 40 15 8178 170 86 9 7 20 11 1 1 4 4 43 35 3 75 0 4 6 119 10 17 0 7 9 8029 9890 144 2 140 19 6 2 13 47 79 119 37 0 1780 15 26 14 1 20 10 9 99 3 12 0 6 1 10 1 814 3085 49 22 115 3 3 1 11 65 17 12 168 56 31 923 31 33 2 3 4 3 0 7 0 2 0 0 2 9 0 0 0 0 1 0 4 0 6 2 1 3 2 0 3 0 0 0 2 1 9 30 1 12 0 0 35 12 0 1 0 2 3 0 1 0 3 0 1 0 0 1 0 3 0 0 1 0 4 0 0 0 3 1 1 0 1 0 0 0 0 2 0 1 0 1 1 0 26 28 2 1 0 14 0 0 0 0 2 1 0 1 1 1 0 1 0 2
270 68 84 40 70 65 271 150 24 112 13 77 1 0 3 0 0 2 0 0 9 15 1 13 26 2 7 2 493 96 72 2 2 12 3 0 5 1 1 6 340 2 21 0 0 1 25 1 4 0 36 10 5845 144 17122 391 77 9 3 0 1 8 11 19 9 0 60 1 7 2 6 13 8 4 51 1 13 0 10 0 13 3 4642 118 141 30 29 4 2 0 6 137 37 2 23 21 50 2127 16 11 1 2 2 2 1 10 0 1 3 0 5 7 0 0 0 0 0 2 2 0 4 1 2 3 1 0 0 0 0 0 3 0 2 11 0 0 0 0 10 7 0 2 0 0 2 0 0 0 4 0 0 0 0 0 0 0 0 0 0 1 0 0 0 1 1 1 0 0 0 0 1 1 1 0 0 0 1 1 0 0 5 15 1 1 0 7 0 0 0 0 1 0 0 1 1 0 0 0 0 1
268 177 113 132 197 236 31 52 1 36 3 115 0 4 2 0 4 0 1 1 1648 286 13 11 63 2 3 7 68 78 84 15 4 15 4 0 4 8 2 8 869 3 13 1 0 0 16 1 7 0 4 0 4 2 391 2266 112 5 1 1 1 4 16 15 14 0 22 6 9 5 1 12 6 1 42 0 1 0 3 0 1 0 2364 31 2520 174 17 1 1 0 0 16 2 1 26 72 16 5 87 8 0 1 2 1 0 2 0 0 0 2 0 2 0 0 0 0 0 0 2 0 8 0 7 1 1 0 1 0 0 0 0 0 2 5 0 6 0 0 10 7 0 2 0 0 1 0 0 0 3 0 1 0 0 0 0 0 0 0 0 0 0 0 0 0 0 0 0 0 0 0 1 0 0 0 0 0 0 0 1 1 10 6 0 0 0 2 0 0 0 0 0 0 0 0 1 0 0 0 0 0
161 34 26 47 4018 347 83 18 2 16 2 59 0 509 563 48 7 31 3 17 142 140 20 406 601 14 953 835 4866 1057 12789 12 24 35 476 96 16 13 243 291 396 18 388 9 12 41 1446 125 87 4 69 22 202 140 77 112 5444 83 177 24 56 453 839 1262 1291 0 4519 266 563 149 49 16 12 2 8589 22 4 2 4 14 27 6 585 397 892 1353 2239 24 36 14 81 212 88 107 497 3026 3 135 1146 6779 0 0 2 0 1 4 0 2 0 2 1 5 0 0 2 1 0 3 0 2 4 4 11 1 1 1 0 0 0 0 1 0 3 9 0 2 0 0 7 6 1 0 0 0 1 0 2 0 5 6 1 1 4 1 0 3 0 0 2 4 0 0 0 0 2 0 0 0 1 0 0 0 0 1 0 1 3 5 16 3 4 6 0 1 2 2 3 1 10 0 0 6 4 0 0 0 1 0 0 0
7 4 7 4 74 96 19 4 3 3 1 196 0 432 817 234 107 57 2 106 166 205 199 22 17 1 36 133 62 2 33 2351 2255 3447 83 191 1278 141 220 45 259 2 21 4 1 3 700 11 10 0 14 4 32 19 9 5 83 5165 3170 702 6 13 14 35 278 0 93 8533 128 2 10 182 165 15 4752 8 22 2 28 3 6 2 99 73 57 22 819 2 0 3 1 38 14 3 20 1370 26 5 18 26 7 21 17 21 18 60 3 6 4 4 39 56 0 0 2 5 7 7 31 7 91 9 40 34 22 8 11 0 0 1 29 3 71 237 2 102 0 1 310 172 8 31 0 14 22 2 4 2 77 11 29 0 1 15 2 3 0 9 2 1 12 6 0 12 15 4 1 4 1 0 34 18 11 19 0 2 4 2 8 0 186 288 12 21 0 115 1 0 1 10 27 3 4 15 20 4 30 6 2 11
2 1 2 1 11 9 1 2 0 3 0 7 0 1214 983 114 21 20 10 13 52 175 94 128 34 15 366 559 45 1 30 2 17 1864 2647 1824 2767 270 180 413 107 3 90 6 1 8 496 10 7 0 3 0 7 6 3 1 177 3170 9360 4050 8 26 47 219 439 0 254 927 79 14 0 4 10 0 540 0 2 0 3 0 2 0 25 31 47 48 5 1 2 0 11 7 4 12 88 27 2 0 27 10 0 1 0 0 1 0 0 0 0 0 2 2 3 2 1 15 4 38 85 4 101 38 165 14 15 2 8 1 0 2 3 3 3 11 1 4 2 1 45 49 5 22 0 2 8 1 3 1 62 3 10 0 0 0 0 0 0 0 0 0 0 0 0 1 0 5 3 1 1 0 5 5 1 4 1 3 0 0 4 0 15 28 7 9 1 10 0 0 2 3 0 2 1 2 0 0 7 0 0 4
2 5 2 2 24 14 1 2 1 0 0 10 0 759 1151 278 284 61 5 137 104 173 312 61 25 13 118 148 9 3 19 3 9 843 386 477 2696 117 221 203 613 11 54 8 1 7 420 8 6 0 2 0 1 2 0 1 24 702 4050 314 2 5 16 92 207 1 13 1484 69 1 3 6 11 5 119 1 3 3 2 0 1 0 9 10 27 15 26 0 5 1 2 8 2 3 20 51 1 0 15 0 0 3 3 1 2 1 0 4 0 0 1 0 6 1 6 10 2 18 21 4 81 32 82 33 25 10 10 3 1 6 12 1 8 23 1 7 6 0 39 35 8 37 0 3 12 3 0 0 81 3 32 2 0 0 0 0 0 2 1 0 1 3 0 2 2 7 3 9 1 0 16 14 1 21 0 3 2 0 4 0 17 51 3 13 0 24 0 0 0 6 8 2 3 3 4 1 7 6 4 9
22 5 4 3 29 27 2 6 0 1 1 18 6 3 24 37 7 3482 76 34 1 28 19 271 35 4 10 19 89 8 28 6 30 14 9 5 28 53 1512 6 527 241 1241 33 24 1169 17 1922 357 10 56 5 8 13 1 1 56 6 8 2 10546 709 856 600 984 1 109 2 3809 219 259 19 25 2 16 6138 9 2 10 6 127 6 20 23 30 22 1 57 664 59 5328 407 103 171 1928 57 3 3 16 4 0 4 0 1 1 0 0 0 0 0 0 1 0 2 48 1 1 2 6 63 47 14 4 0 1 1 2 4 0 2 10 3 10 8 1 0 0 1 13 10 33 7 36 4 1 50 674 5 48 758 4 22 25 2 5 62 2 3 0 1 1 1 0 1 1 2 96 115 75 74 5 11 1 4 25 212 5 10 1111 34 0 4 2 10 42 6 6 13 33 1 1 126 132 2 1 0 0 0 1 3
32 26 20 29 200 171 14 23 1 11 5 63 10 6 50 55 10 89 49 34 9 139 53 42 205 6 17 21 515 20 128 27 18 8 14 2 12 41 162 20 248 39 253 70 91 80 75 10090 597 87 21 21 42 47 8 4 453 13 26 5 709 27540 11175 1060 568 3 584 9 2700 5636 3741 41 30 7 33 640 37 7 30 44 481 221 89 109 122 121 12 573 1259 344 1225 298 527 2909 3876 187 16 11 103 11 0 2 0 1 1 0 0 4 0 0 0 1 0 0 4 1 0 3 1 11 2 6 1 1 1 3 2 4 0 0 3 2 1 2 0 1 0 0 2 3 2 5 2 1 0 24 29 6 12 19 1 198 564 6 13 127 4 27 52 138 2 1 0 0 0 0 10 11 66 19 3 3 0 2 50 27 244 375 338 35 3 10 10 1 157 16 234 68 1018 2 0 807 282 1 1 0 0 1 0 0
28 25 19 44 360 255 16 18 3 5 2 115 20 14 82 88 17 260 83 67 20 316 85 59 371 11 40 24 1068 21 254 51 23 11 50 23 33 49 410 45 218 33 491 83 80 346 127 1943 180 26 21 8 99 79 11 16 839 14 47 16 856 11175 33352 13229 4694 5 1700 17 11424 1439 189 36 32 6 64 398 21 2 27 2 82 6 206 318 243 303 32 50 255 130 1224 164 141 597 5770 293 8 26 141 22 0 1 0 0 1 0 0 0 0 0 0 0 1 1 6 1 0 4 3 12 4 9 6 0 1 0 3 0 0 0 2 0 2 3 0 1 0 0 8 3 0 0 2 1 1 18 23 0 18 27 0 41 122 1 5 81 1 2 0 11 0 0 0 1 0 1 11 7 31 10 1 2 0 0 58 18 19 34 243 13 6 9 1 0 93 10 15 18 107 1 1 311 76 0 0 0 0 0 0 0
40 20 13 35 167 90 12 11 1 5 0 47 49 77 207 164 19 762 178 117 30 178 50 203 279 18 1533 598 1112 24 338 12 31 36 251 211 91 53 611 194 150 30 1189 30 136 1423 265 354 44 3 27 4 119 119 19 15 1262 35 219 92 600 1060 13229 9306 3535 2 2529 64 2670 249 47 17 13 0 158 43 5 1 7 2 22 0 252 352 271 350 46 15 42 17 412 90 54 98 2315 135 4 32 161 49 1 0 0 1 0 0 0 0 0 1 0 1 2 0 22 3 1 9 5 85 12 20 11 2 1 0 1 0 0 0 4 0 2 3 0 0 0 0 4 4 18 2 7 0 4 2 35 0 15 221 0 3 7 0 1 2 0 0 0 1 0 0 0 0 2 0 34 9 7 11 0 2 0 0 2 13 2 5 139 0 2 5 2 0 2 2 2 0 8 1 0 19 2 0 1 0 1 0 0 0
29 36 21 72 851 613 12 3 3 2 0 198 29 102 403 283 11 717 60 33 20 43 32 135 35 9 228 485 657 26 1048 90 53 69 152 248 49 23 13663 65 338 88 466 9 50 434 110 422 106 7 23 2 51 37 9 14 1291 278 439 207 984 568 4694 3535 7232 0 608 83 12690 125 40 29 8 1 609 79 4 1 10 2 21 0 106 82 173 73 20 11 44 13 144 130 25 82 1058 1424 3 21 34 53 0 0 0 0 2 2 0 0 2 0 0 6 3 2 47 6 0 10 3 133 23 44 15 0 1 3 1 5 0 1 6 2 1 3 1 1 0 0 20 7 39 3 6 0 0 9 104 3 16 413 4 2 13 0 0 9 0 1 1 5 0 0 1 4 0 0 41 40 18 19 1 2 0 2 4 31 1 4 251 3 6 8 2 3 9 8 1 2 10 1 0 17 13 1 1 0 1 0 0 0
1 1 1 0 0 0 0 1 3 0 0 1 1079 0 1 0 1 6 47 5 0 1 1 0 1 0 0 0 1 0 1 0 3 0 0 0 2 1 0 0 5 1 6 260 622 763 0 6 4 612 6 82 0 0 0 0 0 0 0 1 1 3 5 2 0 496 1 0 1 4 10 28 24 337 0 1 267 1290 219 183 46 497 0 1 0 0 0 85 29 38 22 9 3 3 16 0 36 2 0 0 0 0 0 0 0 0 0 0 0 0 0 0 0 0 57 0 0 0 0 35 5 18 3 0 0 0 0 0 0 0 0 0 0 0 0 0 0 0 1 2 4 0 1 0 0 3 23 11 20 62 0 1 2 0 0 5 4 3 9 4 0 0 0 0 0 0 1 3 2 170 1 0 0 0 4 4 3 3 62 3 3 0 8 1 0 2 2 3 4 0 0 13 5 0 0 0 0 0 0 0
358 199 162 96 277 308 83 98 6 84 13 206 0 157 156 37 17 60 20 23 24 211 91 1549 2713 151 1470 393 6187 136 688 30 52 67 646 36 26 34 69 1192 166 70 1487 12 18 87 4243 98 158 5 31 4 564 1780 60 22 4519 93 254 13 109 584 1700 2529 608 1 17897 541 456 226 17 51 40 13 4895 29 35 4 14 5 22 3 1036 4405 813 2701 5096 18 44 20 138 194 87 164 1989 813 31 60 2687 3223 4 9 8 10 7 16 0 3 6 3 18 27 0 0 1 1 0 7 16 4 16 4 20 6 5 1 4 0 0 0 5 0 25 55 2 16 0 0 64 34 0 7 2 2 8 0 5 2 9 5 10 1 7 5 0 2 1 2 1 1 1 1 0 1 3 0 2 1 3 2 6 1 2 4 3 1 3 2 21 1 62 51 3 2 4 24 1 0 11 2 4 12 2 3 9 1 3 1 0 1
6 9 3 1 9 10 1 4 0 4 0 4 1 105 109 6 5 6 4 8 44 75 35 23 33 2 59 119 94 1 5 4 77 1619 65 34 906 214 25 22 109 1 14 10 1 3 535 5 8 0 3 2 18 15 1 6 266 8533 927 1484 2 9 17 64 83 0 541 5281 21 5 3 5 31 2 5078 3 0 0 5 1 5 0 43 76 76 125 380 2 0 1 1 29 11 3 24 25 2 2 110 34 0 1 2 0 1 1 0 0 0 0 5 3 1 0 0 10 6 10 44 2 97 13 73 15 5 1 11 0 0 1 8 1 11 28 4 10 1 0 170 99 4 12 0 3 6 0 1 0 64 0 3 0 2 2 0 0 0 2 0 1 2 0 0 2 1 3 5 2 0 0 4 8 0 8 2 1 0 1 3 0 31 76 1 1 0 19 0 0 1 2 7 3 1 4 0 0 3 3 0 0
24 11 23 51 709 669 13 11 1 7 4 367 9 10 159 178 4 430 65 46 15 81 44 86 112 10 26 83 416 30 463 237 126 46 26 31 45 58 5351 50 726 201 876 47 58 128 42 8062 471 27 59 5 29 26 7 9 563 128 79 69 3809 2700 11424 2670 12690 1 456 21 25713 488 355 118 27 1 284 6441 18 2 35 3 145 14 96 90 111 103 9 72 472 65 961 538 151 269 3468 1331 15 11 49 24 0 4 1 2 2 3 0 2 0 0 3 3 3 4 18 7 1 13 1 41 31 34 20 0 0 0 2 0 0 4 12 2 8 13 1 5 1 1 22 16 16 8 18 5 3 61 336 11 49 192 1 56 131 9 13 198 0 11 2 15 0 3 0 6 1 4 57 33 105 15 8 10 2 7 117 187 25 29 1247 85 16 15 4 7 129 10 17 27 101 2 0 448 221 4 3 0 1 0 0 5
50 15 12 21 85 56 17 27 3 10 1 31 8 2 18 13 1 26 25 11 6 67 19 14 100 4 8 5 228 24 58 13 15 4 8 2 6 15 62 6 117 12 75 45 34 34 29 1166 179 72 56 39 12 14 2 5 149 2 14 1 219 5636 1439 249 125 4 226 5 488 5259 2901 19 13 22 14 192 43 3 20 193 668 481 44 57 61 47 13 726 691 187 405 384 2056 1992 1184 58 7 12 48 5 1 0 0 0 0 0 2 1 1 0 1 1 0 0 3 3 0 0 0 2 0 1 1 1 0 0 0 0 0 1 0 1 0 2 0 0 0 0 1 0 4 0 0 2 3 3 7 0 12 5 1 90 162 7 4 63 50 105 190 342 0 0 0 1 0 1 3 1 23 9 2 4 0 1 15 4 489 353 141 11 7 4 4 1 45 14 275 27 902 0 3 290 128 0 2 0 2 1 0 0
125 37 24 16 51 43 22 39 6 39 5 28 16 1 13 8 4 23 40 8 0 8 10 14 16 1 7 3 49 27 27 11 13 5 1 0 4 16 24 3 218 16 39 65 92 15 8 10139 90 301 36 65 5 1 6 1 49 10 0 3 259 3741 189 47 40 10 17 3 355 2901 10233 29 20 50 21 439 74 20 57 249 4454 697 15 20 26 8 5 1967 2841 753 758 459 642 667 357 27 44 10 5 2 2 0 4 1 0 1 0 2 0 0 1 1 0 0 3 1 0 1 1 8 5 6 3 0 2 1 4 0 0 0 2 1 3 3 1 0 0 0 5 4 2 3 0 2 3 12 15 0 18 17 2 173 297 9 14 82 57 189 367 636 6 1 0 0 0 0 7 2 31 22 3 1 0 2 13 8 862 740 195 10 3 13 8 1 71 29 554 35 2024 0 7 477 297 0 11 1 0 1 0 3
58 110 96 147 90 288 70 18 269 244 139 1478 233 1 24 19 25 123 31 43 254 393 75 12 30 5 7 1 96 14 7 737 3089 319 1 0 21 47 70 7 317 12 49 304 301 179 14 60 32 232 9 31 56 20 13 12 16 182 4 6 19 41 36 17 29 28 51 5 118 19 29 5787 4125 1036 258 46 3371 515 3233 93 25 388 95 50 116 22 6 121 61 101 79 43 11 11 105 650 3453 328 29 2 63 79 142 176 78 370 25 28 59 43 289 519 11 3 19 28 3 52 97 59 232 146 193 132 89 12 29 5 2 7 137 12 356 1034 16 300 3 0 750 462 9 80 2 55 113 11 35 2 250 41 98 8 12 51 0 20 9 25 4 10 40 33 8 56 67 16 20 9 7 20 99 56 29 33 7 13 20 5 117 4 991 1046 123 54 6 661 7 6 17 43 124 33 22 46 169 32 73 24 6 38
9 7 2 4 69 69 14 1 39 3 1 389 336 0 14 31 11 204 86 19 73 141 102 26 39 6 7 2 23 0 5 513 1587 133 2 0 22 329 44 24 157 9 36 2901 316 378 31 42 20 162 5 13 21 10 8 6 12 165 10 11 25 30 32 13 8 24 40 31 27 13 20 4125 7626 1180 212 45 470 332 3951 32 25 176 56 51 61 24 21 58 57 58 123 42 13 10 70 452 219 33 29 1 12 46 28 24 41 66 0 20 9 1 74 93 25 5 32 55 31 129 237 104 684 287 473 229 250 18 104 12 1 6 142 28 160 591 32 220 14 4 1265 664 28 277 5 33 129 10 63 4 676 67 345 14 6 21 0 27 2 23 3 5 41 53 4 48 40 49 42 45 13 18 261 175 45 228 11 29 14 3 167 23 574 1362 119 190 7 492 8 13 8 71 129 45 45 51 70 14 110 53 14 118
