35008 5160 17111 4181 1839 3101 8878 9480 11 206 73 535 1 5 10 9 5 9 5 1 79 91 9 7 6 0 6 15 6226 6451 583 16 27 38 2 0 13 22 32 2 692 14 13 2 0 4 4 34 31 2 282 175 764 1504 420 252 67 5 2 3 12 40 9 7 29 2 406 4 58 59 38 94 19 81 125 14 40 0 46 33 93 15 680 882 448 196 14 38 16 2 20 220 127 12 14 524 88 2218 26 24 20 13 117 161 3 233 4 4 9 36 40 197 0 0 4 0 0 2 1 6 4 5 0 12 1 0 1 0 0 0 55 0 59 181 0 70 0 0 18 12 3 0 1 11 23 1 4 0 4 4 2 0 0 7 0 3 2 17 4 1 31 35 2 27 33 0 0 0 0 3 16 8 2 0 0 2 0 0 2 3 270 67 22 2 0 150 3 4 0 1 35 1 0 14 29 2 6 1 0 1
5160 12732 8403 13226 5044 5615 420 73 9 7 71 653 0 1 4 4 3 2 2 3 47 60 2 0 3 0 2 4 524 3691 502 8 10 19 0 0 10 16 6 2 336 4 6 1 0 2 2 17 6 2 106 69 197 383 139 130 68 0 0 1 6 19 1 3 19 1 225 2 35 19 21 24 9 26 27 6 20 1 12 13 46 10 226 379 352 126 8 11 6 3 10 109 51 10 3 175 62 233 22 8 8 3 55 124 4 152 5 3 6 37 29 158 0 0 0 1 0 1 0 5 2 3 0 6 2 1 0 0 0 0 34 1 36 85 0 33 0 0 14 8 1 0 0 8 9 0 0 0 1 5 0 0 0 3 0 3 0 6 1 0 15 16 1 8 15 0 0 0 1 0 10 4 0 0 0 2 0 0 3 0 133 16 7 0 1 74 1 1 1 0 22 0 0 4 23 2 2 0 0 0
17111 8403 38936 10237 181 4557 673 6077 115 4279 161 17989 0 2 0 3 3 2 2 4 166 122 7 5 11 1 0 2 330 283 223 6 15 2 0 0 1 5 2 2 1087 8 4 1 2 3 2 12 31 6 269 209 396 788 297 337 147 1 1 0 6 14 4 2 5 3 588 4 10 56 39 73 24 122 26 7 44 0 38 29 115 13 678 1177 921 387 8 27 20 4 25 283 126 13 14 49 304 283 34 9 74 29 475 531 20 984 15 47 54 323 178 920 0 0 2 2 4 2 2 0 11 3 1 32 15 0 4 0 0 0 124 6 155 329 2 93 0 0 53 20 0 0 0 24 96 0 8 4 12 3 4 0 2 14 0 10 3 24 8 0 52 73 1 42 52 1 0 1 1 2 54 15 2 1 0 1 0 0 12 0 720 60 52 1 0 313 7 1 4 1 61 3 0 16 216 21 21 4 0 1
4181 13226 10237 20285 12198 14614 94 18 15 16 39 2205 0 0 1 0 1 6 2 0 95 89 1 6 6 1 0 2 139 796 1041 2 2 9 0 0 2 10 8 1 292 5 4 2 2 0 7 10 3 2 57 45 92 183 81 112 107 1 0 1 3 7 0 2 9 0 208 0 19 11 9 24 6 38 29 4 10 0 7 8 29 2 198 330 392 145 7 5 6 0 5 59 45 1 6 65 78 85 13 17 17 7 105 148 3 236 4 15 9 82 56 196 0 1 1 0 0 0 1 6 2 4 0 7 1 0 0 0 0 0 28 2 31 62 0 22 0 0 16 4 1 2 0 9 21 0 3 0 2 1 0 0 0 2 0 3 6 10 1 0 7 18 1 12 12 0 0 0 0 0 9 6 0 0 0 0 0 0 5 0 164 26 18 1 1 73 1 0 1 1 11 1 0 4 47 8 6 2 0 0
1839 5044 181 12198 24577 6445 361 30 11 20 89 1220 0 15 47 51 38 60 33 9 259 393 23 19 8 2 26 96 1330 9135 12794 218 245 330 4 2 214 293 131 4 702 20 41 2 7 32 19 125 9 8 64 64 230 548 168 239 462 37 0 18 41 216 23 30 130 16 683 19 356 37 72 131 80 47 337 16 41 2 74 3 55 4 406 602 893 416 27 6 12 8 47 96 36 10 18 3958 106 451 87 103 20 6 88 82 3 140 5 7 14 31 22 116 0 0 19 0 1 15 1 101 7 50 3 7 5 0 1 1 0 0 33 3 27 95 1 49 0 0 20 10 11 1 6 6 24 2 7 2 5 41 2 0 1 2 0 4 1 9 2 1 14 20 0 10 11 2 7 8 0 11 17 5 4 2 2 14 1 2 32 8 167 33 18 1 7 90 1 3 0 1 13 16 0 6 30 4 6 0 0 0
3101 5615 4557 14614 6445 16195 179 16 57 129 463 18859 5 12 33 65 117 121 137 11 616 907 96 28 28 4 27 74 424 1278 1633 4149 1194 553 8 0 375 841 139 13 826 24 62 11 15 79 7 176 13 21 106 84 263 501 161 303 231 134 4 8 72 252 22 39 112 24 818 17 419 68 91 876 426 217 597 36 125 6 436 9 63 10 426 662 1253 633 23 20 21 8 154 107 49 15 25 3853 602 233 242 41 78 38 407 543 20 790 17 41 42 192 141 833 0 6 38 1 12 15 10 136 29 87 3 27 11 1 5 1 0 3 113 5 145 378 0 128 0 0 80 29 21 2 5 39 89 3 14 1 16 66 6 0 4 14 0 12 6 41 2 2 51 108 5 56 47 2 6 10 0 26 55 29 2 7 7 20 7 0 50 11 765 98 80 1 11 407 6 15 10 4 66 23 2 25 159 19 28 2 1 1
8878 420 673 94 361 179 7613 4808 848 2204 692 705 1 2 2 4 0 3 2 0 13 20 2 1 0 0 1 17 2589 840 191 4 8 15 1 0 6 8 13 3 107 2 4 1 3 2 4 12 6 4 79 65 532 826 225 67 19 4 0 0 3 9 2 0 11 5 87 1 34 17 5 41 8 43 54 0 54 3 17 8 25 7 260 167 66 21 3 10 1 2 4 65 37 2 3 222 678 4857 8 11 5 2 34 44 1 64 0 1 2 9 11 50 0 0 0 0 0 1 1 5 1 5 0 5 2 0 1 0 0 0 22 0 10 75 0 30 0 0 7 6 0 1 0 3 9 0 0 0 0 1 0 0 0 5 0 2 0 7 0 1 12 14 1 7 11 1 0 2 0 0 4 1 2 1 0 1 0 0 1 0 75 32 12 0 1 36 0 0 1 0 7 2 0 2 6 1 1 1 0 0
9480 73 6077 18 30 16 4808 18132 1374 7677 1302 2558 0 0 1 0 0 0 0 0 3 4 0 0 0 0 0 1 119 85 9 2 1 0 0 0 0 0 0 0 45 1 0 0 0 0 0 3 1 1 18 16 135 150 47 18 2 1 0 0 0 4 0 0 1 0 17 2 4 1 5 2 2 11 1 2 6 0 0 1 9 1 75 56 23 7 1 2 2 1 0 10 12 0 1 5 73 838 0 0 1 0 21 8 2 11 1 0 3 11 3 19 0 0 0 0 0 0 0 0 0 0 0 2 0 0 0 0 0 0 2 0 4 16 0 2 0 0 2 1 0 0 0 0 6 0 0 0 1 0 0 0 0 1 0 0 0 0 1 0 0 3 0 3 0 0 0 0 0 0 1 0 0 1 0 0 0 0 1 1 23 2 2 0 0 4 0 0 0 0 2 0 0 0 5 2 0 0 0 0
11 9 115 15 11 57 848 1374 1245 2993 1120 751 3 1 1 0 1 0 0 0 24 39 9 0 1 0 1 0 27 23 1 1 0 0 0 0 0 2 0 0 24 0 6 10 50 3 0 0 0 95 7 9 223 42 31 7 6 0 0 0 1 2 0 0 0 21 31 0 4 1 7 36 11 235 4 2 336 34 81 8 8 38 16 13 10 10 0 19 9 33 31 4 4 0 3 5 1463 2342 7 1 1 1 7 5 1 17 0 2 0 5 9 14 1 0 1 0 1 2 0 0 2 14 3 3 1 2 1 0 0 1 1 1 6 7 0 2 0 0 3 2 0 1 0 0 3 0 0 0 2 3 0 0 0 0 0 1 0 1 1 2 2 2 0 1 0 0 0 0 0 3 3 1 1 0 0 0 0 0 2 0 16 5 8 0 1 14 0 2 2 0 1 1 0 1 6 0 1 0 0 0
206 7 4279 16 20 129 2204 7677 2993 19828 9097 25978 0 1 0 0 1 2 1 1 21 38 11 0 1 1 1 2 71 42 7 6 11 2 0 0 1 3 0 1 37 1 3 9 13 0 1 0 1 15 10 5 169 116 43 14 2 2 0 0 1 3 1 0 1 9 42 1 8 2 3 688 11 72 11 1 186 12 156 1 8 7 37 29 27 10 0 1 1 5 13 12 5 0 2 15 1896 1913 7 0 20 6 108 122 5 345 13 35 33 287 103 352 0 0 1 1 2 2 2 0 5 2 0 6 3 0 1 0 0 0 18 2 21 41 0 11 1 0 16 6 0 0 0 3 12 0 5 1 5 3 0 0 0 1 0 4 0 3 0 1 3 18 8 5 2 1 0 0 0 2 10 7 0 0 0 2 0 0 4 1 174 6 42 1 0 100 5 4 3 1 11 1 1 2 111 27 3 1 0 0
73 71 161 39 89 463 692 1302 1120 9097 6403 6947 5 4 1 5 3 6 19 1 155 281 35 7 12 0 2 4 93 122 18 51 81 34 0 0 15 41 8 1 148 1 1 50 28 8 3 8 0 33 10 22 138 126 57 51 23 20 1 1 12 14 3 5 11 12 199 0 23 6 8 1930 63 236 112 3 241 21 458 4 13 10 88 80 171 76 5 13 6 8 34 23 6 2 1 170 4283 945 63 5 46 7 236 299 8 518 19 53 37 249 127 532 0 4 1 0 3 3 4 4 16 9 3 19 6 0 3 0 0 0 65 2 93 160 0 42 0 1 50 32 1 3 1 21 49 0 9 3 30 6 6 1 0 4 0 12 4 22 2 4 22 38 1 24 25 2 0 1 0 4 28 10 3 2 4 1 9 1 12 2 435 55 72 1 3 275 10 6 7 2 32 3 2 6 122 16 11 3 0 1
535 653 17989 2205 1220 18859 705 2558 751 25978 6947 29349 6 11 25 28 29 55 76 6 668 1021 120 26 24 2 23 28 312 510 172 2092 1470 253 0 1 147 324 67 6 768 22 29 67 31 44 8 87 17 39 78 80 331 478 188 280 121 203 3 3 34 133 17 18 58 18 758 9 237 30 49 1941 341 407 746 7 236 24 609 7 46 11 359 399 797 422 22 22 15 24 122 104 31 7 14 2223 2886 786 207 24 109 49 642 884 28 1459 26 77 130 545 448 1425 1 3 20 1 11 15 9 71 44 51 4 52 20 2 2 1 0 3 152 10 219 435 1 141 0 0 93 62 5 4 1 58 135 0 16 11 25 34 10 1 3 24 1 28 4 48 2 0 70 145 12 65 57 2 4 4 1 10 86 24 9 3 5 11 10 1 48 5 1218 139 108 6 4 626 12 12 5 5 69 15 3 25 345 34 38 3 1 4
1 0 0 0 0 5 1 0 3 0 5 6 3595 2 2 0 9 22 2485 4 2 3 4 10 0 0 24 98 3 7 2 4 3 3 1 0 15 133 113 1 8 7 25 2888 6478 1064 2 9 2 383 1 7 1 1 0 0 4 2 2 0 24 4 16 7 54 4904 5 2 35 2 15 30 74 760 11 6 85 944 95 10 31 68 0 1 1 1 1 80 54 149 349 11 1 0 13 3 21 4 2 2 1 2 0 0 3 0 0 0 0 0 0 1 1 10 254 2 1 88 4 759 13 470 10 1 1 0 0 6 0 12 7 2 0 0 0 4 0 1 3 8 149 3 46 1 2 4 30 8 13 625 2 4 7 0 0 2 0 0 4 3 0 2 0 2 3 0 8 9 2 253 1 1 6 3 8 27 1 2 66 8 0 2 70 6 14 0 0 8 7 0 1 28 1 4 1 0 0 0 0 0
5 1 2 0 15 12 2 0 1 1 4 11 2 4882 8351 216 1347 303 467 73 17 55 210 277 16 89 2031 1167 11 43 30 5 4 79 4036 5538 869 8 59 2162 264 15 105 4 4 42 412 28 6 8 1 2 2 3 4 3 8 236 691 976 44 93 105 265 495 15 5 385 176 20 16 3 8 290 331 5 0 7 2 0 4 0 1 1 3 1 11 8 5 1 48 7 3 15 30 50 3 0 2 10 1 0 0 0 0 0 0 0 0 0 0 0 52 38 12 49 11 170 72 39 130 471 276 2 1 3 9 2 6 30 1 0 0 1 0 0 31 7 17 29 4 58 4 1 4 7 2 1 82 16 14 1 3 0 0 2 0 0 1 1 0 3 0 0 0 5 5 7 2 5 0 0 0 1 4 10 0 0 9 1 2 5 66 1 4 5 1 2 1 0 0 13 1 0 1 0 0 0 0 1
10 4 0 1 47 33 2 1 1 0 1 25 2 8351 18687 4605 2163 1679 278 347 56 92 631 200 33 47 1330 2153 13 64 61 15 24 111 688 1515 757 28 401 881 910 102 99 5 8 64 240 107 29 13 2 5 3 5 14 8 16 496 265 520 117 194 116 195 800 19 23 512 544 44 50 14 10 236 965 22 4 10 13 2 24 2 4 1 8 7 34 28 21 7 73 41 4 14 46 165 2 4 5 21 0 1 0 0 0 0 0 0 0 0 0 1 38 38 11 31 4 122 36 89 98 325 167 2 1 3 7 1 1 19 0 1 0 3 0 1 22 3 13 37 10 39 2 0 3 10 7 3 33 49 10 1 4 1 0 1 0 0 0 2 0 0 0 1 1 7 5 5 1 13 1 0 0 0 8 12 0 0 20 9 0 6 50 2 4 5 1 2 4 0 0 16 2 0 1 0 0 0 0 0
9 4 3 0 51 65 4 0 0 0 5 28 0 216 4605 12660 326 5827 3394 480 8 37 506 242 20 49 505 1832 17 38 47 14 18 49 185 72 363 112 834 278 479 235 64 6 5 81 18 131 49 10 3 3 4 4 13 6 7 253 11 91 105 151 23 24 138 35 21 99 417 18 61 6 21 189 457 28 4 7 3 0 30 0 4 5 7 9 9 25 23 4 31 62 3 6 21 216 1 3 13 11 0 1 0 2 0 0 0 0 0 0 0 0 15 35 118 16 4 242 10 785 16 1046 10 2 0 1 3 2 2 42 1 0 0 1 0 3 9 2 10 15 72 6 17 1 2 0 10 14 34 83 3 4 1 0 1 6 1 1 0 1 0 1 0 0 0 4 6 11 1 35 0 2 2 0 7 19 0 2 28 12 0 8 79 1 5 7 1 2 3 0 0 23 3 1 1 0 0 0 0 0
5 3 3 1 38 117 0 0 1 1 3 29 9 1347 2163 326 1571 267 1284 3085 73 229 534 103 173 151 203 165 10 22 27 25 28 60 191 862 1956 1497 92 1228 460 12 27 67 27 73 464 10 9 13 2 3 2 6 8 3 11 170 123 173 46 21 31 55 101 12 25 104 48 6 6 23 50 411 298 5 12 117 18 3 10 12 6 4 25 9 19 8 11 2 41 19 0 6 17 196 7 2 33 10 1 0 1 3 1 2 0 5 2 3 3 1 177 52 14 107 24 38 107 30 388 163 234 29 8 10 40 15 11 40 0 0 0 9 0 4 97 12 121 145 7 361 9 0 12 19 5 4 238 16 100 8 6 1 2 2 1 4 0 1 1 2 0 2 1 68 2 14 9 5 4 5 1 19 0 7 0 3 10 0 9 79 107 10 2 56 0 4 1 6 1 8 6 1 14 3 5 1 1 4
9 2 2 6 60 121 3 0 0 2 6 55 22 303 1679 5827 267 13659 2878 495 14 82 491 1294 44 82 3936 1446 24 61 37 30 29 60 790 74 403 179 4017 862 520 326 385 24 16 3866 127 422 82 19 1 2 10 9 15 13 34 202 35 44 4074 370 63 168 266 150 52 73 991 50 185 20 32 267 409 145 1 27 11 1 50 4 5 10 14 26 17 42 72 16 182 117 17 34 83 330 4 4 55 24 0 2 0 1 1 2 0 1 0 0 0 1 5 91 590 17 8 398 18 1507 75 2068 32 3 3 4 7 9 3 125 8 3 2 0 1 11 6 2 30 35 309 15 108 3 7 17 57 54 134 438 8 5 18 3 0 7 1 3 1 8 2 3 0 1 12 8 20 28 5 177 4 4 8 4 27 86 3 7 164 41 0 10 167 11 34 5 5 20 22 3 0 58 3 3 2 0 0 1 0 2
5 2 2 2 33 137 2 0 0 1 19 76 2485 467 278 3394 1284 2878 41003 9928 17 106 272 477 92 208 1617 563 8 27 11 57 103 110 542 26 1438 4928 91 1014 153 62 91 8794 1121 1712 160 30 20 226 5 13 11 6 6 4 32 66 16 4 77 20 34 41 61 1246 45 28 54 7 23 67 375 7832 127 29 31 2746 90 12 25 95 2 2 13 22 17 76 106 124 932 28 1 15 36 257 19 3 30 14 3 1 0 0 3 0 1 9 0 2 1 2 397 516 958 297 64 1839 294 3138 947 9219 1082 29 14 20 52 30 27 446 7 1 1 9 2 14 224 29 153 248 183 367 64 4 21 43 98 122 1042 418 75 15 15 4 3 8 1 6 2 8 0 5 1 2 10 62 10 32 17 258 11 5 10 4 15 49 3 7 112 22 7 113 1392 4 24 113 5 19 15 3 1 48 14 1 28 4 5 1 2 9
1 3 4 0 9 11 0 0 0 1 1 6 4 73 347 480 3085 495 9928 3548 31 123 284 75 91 182 51 18 5 5 2 6 20 17 36 8 695 474 80 885 170 12 27 121 58 64 155 14 6 24 1 2 0 5 5 4 8 18 8 5 49 6 7 12 7 17 13 12 27 2 5 5 24 205 29 9 7 154 10 3 1 10 2 1 6 8 11 8 7 10 43 14 1 4 6 32 5 0 11 2 0 0 0 0 0 3 1 2 2 0 2 0 228 140 27 173 12 52 78 28 249 373 221 12 11 4 40 23 12 80 0 0 0 2 0 2 155 16 40 65 5 274 10 0 8 35 2 4 183 16 35 7 4 0 0 2 0 6 0 1 0 3 0 0 0 36 4 11 7 6 0 5 1 3 1 4 1 3 13 2 1 37 95 2 3 38 1 4 2 3 4 6 11 2 3 1 3 2 0 3
79 47 166 95 259 616 13 3 24 21 155 668 2 17 56 8 73 14 17 31 9492 11642 2122 420 125 43 7 5 41 109 166 75 133 57 1 4 99 92 11 42 1137 8 13 10 11 12 37 10 8 7 5 4 8 14 13 368 19 18 2 1 19 23 26 3 9 9 28 8 17 41 10 303 337 300 111 14 265 8 256 1 6 1 126 17 1985 109 50 11 10 5 24 37 13 18 14 163 318 45 300 53 6 2 12 14 1 14 2 1 1 7 2 14 5 0 0 3 17 7 29 7 51 9 11 27 8 2 1 1 0 0 9 1 5 63 2 37 2 1 122 63 3 15 1 6 16 2 0 2 35 4 39 1 0 2 0 3 3 3 0 0 13 26 0 7 14 11 0 3 1 1 12 3 13 13 0 7 0 0 2 1 65 131 36 6 0 70 1 1 2 1 12 5 1 4 12 2 3 1 0 3
91 60 122 89 393 907 20 4 39 38 281 1021 3 55 92 37 229 82 106 123 11642 25058 5104 673 5152 894 115 14 82 167 204 227 526 313 10 4 269 427 33 1024 1083 182 267 53 42 74 688 89 156 42 12 17 45 118 33 484 143 91 8 15 211 216 158 73 54 36 480 21 95 326 75 826 1194 1237 275 115 583 33 714 2 72 6 326 189 3220 1148 393 111 121 28 264 475 66 363 387 361 543 80 4640 209 6 4 16 15 4 29 0 7 1 10 6 29 23 17 4 21 70 30 115 24 275 76 138 54 27 2 12 4 1 11 16 3 6 107 1 85 24 8 335 315 10 76 4 12 47 5 7 3 207 31 106 9 13 6 0 4 0 8 1 2 16 25 1 14 16 49 11 9 4 6 26 12 17 37 13 15 1 8 43 7 98 304 146 23 17 127 5 18 20 9 25 42 4 1 17 4 18 8 1 5
9 2 7 1 23 96 2 0 9 11 35 120 4 210 631 506 534 491 272 284 2122 5104 13446 7100 900 6178 919 38 27 42 9 64 370 233 48 22 674 665 89 1886 6277 1192 582 40 26 117 249 76 334 35 8 13 19 28 55 71 39 39 14 17 162 83 36 20 18 18 132 9 71 128 97 209 635 448 101 166 120 31 155 3 91 13 17 14 135 87 64 153 129 25 230 576 47 177 222 93 87 12 206 20 2 3 7 5 0 3 1 3 0 4 2 5 22 11 5 20 14 57 36 29 113 104 102 26 10 0 8 3 1 11 8 0 1 31 2 28 15 5 113 95 9 37 8 6 14 4 5 1 101 21 62 5 8 0 0 6 1 8 2 6 5 7 1 3 3 24 7 4 3 5 6 6 6 22 9 10 1 6 34 6 20 104 75 11 11 36 2 14 19 5 7 27 1 1 8 1 0 1 0 1
7 0 5 6 19 28 1 0 0 0 7 26 10 277 200 242 103 1294 477 75 420 673 7100 5719 300 4250 5106 165 57 62 47 3 6 10 534 123 48 31 102 3857 1221 5031 2298 14 40 1012 1043 95 541 19 9 10 12 39 19 14 133 22 131 41 1090 67 117 222 88 140 240 163 133 131 89 20 23 185 71 205 6 6 17 1 94 8 15 27 43 82 137 115 170 33 732 502 56 171 405 46 9 4 152 112 0 1 0 0 0 0 0 0 0 0 0 1 7 15 26 8 7 53 10 125 50 161 61 2 1 1 2 5 1 8 2 1 0 1 0 5 8 0 20 20 38 10 14 1 1 5 21 2 28 136 3 6 13 1 0 3 1 0 3 3 1 2 0 2 0 1 18 11 2 43 0 1 6 1 18 39 2 1 66 16 0 7 25 4 17 3 1 9 13 0 0 28 3 3 0 0 0 1 0 0
6 3 11 6 8 28 0 0 1 1 12 24 0 16 33 20 173 44 92 91 125 5152 900 300 5955 822 128 8 287 82 49 9 21 13 12 1 55 38 6 2198 151 49 155 6 7 63 2145 18 22 18 6 7 50 265 11 34 880 3 9 3 96 68 93 76 40 20 1616 9 34 90 15 42 64 525 21 30 16 35 40 1 20 0 52 173 252 1132 1239 18 40 10 115 65 16 73 128 11 19 2 4293 1110 0 0 0 1 0 0 0 1 0 0 0 0 19 10 2 23 21 29 85 10 160 78 148 4 1 0 4 1 1 7 0 0 0 7 0 1 22 1 39 80 4 27 2 0 4 3 3 0 92 15 12 3 4 0 0 2 0 0 0 1 0 1 0 0 0 15 1 5 3 3 2 0 1 1 1 9 0 0 14 2 6 16 71 1 1 11 0 1 1 0 0 13 2 0 2 0 1 0 0 1
0 0 1 1 2 4 0 0 0 1 0 2 0 89 47 49 151 82 208 182 43 894 6178 4250 822 4030 764 1 15 2 2 2 2 6 55 22 27 16 4 4624 569 253 202 4 14 26 69 14 91 12 2 7 4 19 6 6 25 2 11 3 48 18 22 12 4 12 62 4 11 28 12 6 11 291 8 40 5 14 4 2 17 5 6 12 21 46 11 27 32 8 78 102 10 42 89 0 2 2 57 7 0 0 0 1 0 0 0 0 0 1 0 0 34 17 1 21 7 81 33 10 80 183 179 2 0 1 5 0 3 9 0 0 0 0 0 1 18 6 4 16 3 25 0 0 0 2 1 2 45 6 0 1 1 0 0 1 0 0 2 2 0 0 0 1 0 5 2 1 0 2 1 0 0 0 4 7 0 3 11 3 1 6 69 0 9 1 1 5 3 0 1 7 1 0 1 0 0 0 0 0
6 2 0 0 26 27 1 0 1 1 2 23 24 2031 1330 505 203 3936 1617 51 7 115 919 5106 128 764 15635 8048 78 190 133 8 10 22 3785 582 115 47 202 5592 230 161 408 24 24 1170 968 42 58 8 4 4 7 30 6 6 227 99 476 173 429 253 325 515 597 348 289 699 119 168 48 7 6 363 372 64 5 7 4 0 25 2 13 35 29 80 118 38 52 16 260 104 14 103 168 74 4 2 86 165 2 2 0 1 0 0 0 0 0 0 0 1 7 50 256 8 2 264 7 1375 21 1090 26 1 0 3 3 3 0 24 6 1 1 1 0 2 5 0 11 16 137 7 41 3 3 2 21 9 26 343 4 1 6 0 0 4 0 0 0 3 0 2 0 2 8 5 7 5 1 152 0 3 9 2 10 24 0 2 42 12 1 7 94 7 9 1 3 3 4 1 0 14 1 2 1 1 0 0 1 0
15 4 2 2 96 74 17 1 0 2 4 28 98 1167 2153 1832 165 1446 563 18 5 14 38 165 8 1 8048 11653 92 403 297 7 22 73 994 252 152 16 3732 322 54 24 68 16 14 2389 272 71 7 12 1 1 9 38 5 7 183 491 279 162 598 466 418 965 2594 694 106 1297 873 177 66 11 13 374 1659 17 2 11 3 0 14 1 10 27 17 19 90 5 13 5 147 18 2 40 64 211 1 8 18 160 2 7 0 3 2 1 0 0 0 0 0 3 6 50 574 14 2 499 10 3152 35 2007 19 2 1 3 1 16 0 42 20 11 3 0 0 10 2 0 11 11 539 5 105 1 9 6 42 21 39 1290 2 1 4 0 0 3 0 2 0 2 0 3 0 9 21 4 27 17 3 358 1 9 21 2 8 81 1 3 80 7 0 1 149 16 5 2 0 6 6 0 1 20 1 9 2 0 1 0 0 0
6226 524 330 139 1330 424 2589 119 27 71 93 312 3 11 13 17 10 24 8 5 41 82 27 57 287 15 78 92 32352 12768 1722 49 50 35 10 2 18 18 61 119 195 17 94 9 9 53 261 90 31 6 125 94 3565 14299 651 154 1055 22 6 2 108 465 311 87 260 19 4712 92 321 255 77 184 80 206 666 34 146 0 173 16 63 6 665 711 154 127 672 38 48 9 92 203 85 185 128 963 191 4244 85 691 5 10 60 59 0 94 1 5 4 8 5 86 0 2 5 1 7 4 5 19 18 9 6 14 11 1 4 1 1 0 33 1 42 204 4 96 1 1 66 34 8 4 4 24 29 0 7 0 18 39 6 0 3 4 0 7 3 19 0 1 37 45 1 21 34 4 7 3 1 5 22 6 10 4 3 12 1 0 24 10 147 129 29 5 5 139 4 6 3 4 32 11 0 8 21 6 2 0 0 0
6451 3691 283 796 9135 1278 840 85 23 42 122 510 7 43 64 38 22 61 27 5 109 167 42 62 82 2 190 403 12768 12394 12726 39 76 123 21 6 61 64 272 61 395 37 157 11 9 94 300 350 30 16 236 176 1196 2504 452 191 6439 54 19 7 167 1499 613 204 899 37 2506 394 1508 542 326 384 69 275 2423 52 281 2 245 23 152 11 633 932 413 250 773 49 61 13 108 277 145 180 185 4387 257 1340 98 1586 54 38 229 235 12 291 10 16 15 25 42 298 0 1 21 1 2 5 3 51 12 24 5 29 12 1 6 3 1 3 127 17 120 694 2 383 0 0 176 42 26 0 14 69 99 6 25 7 17 87 17 1 6 35 0 13 16 86 8 1 135 164 6 87 135 3 17 15 2 16 86 35 38 4 14 50 6 4 90 12 575 422 63 13 23 500 7 15 7 7 108 19 2 40 50 15 32 6 2 2
583 502 223 1041 12794 1633 191 9 1 7 18 172 2 30 61 47 27 37 11 2 166 204 9 47 49 2 133 297 1722 12726 18683 12 40 113 20 3 87 54 169 35 761 20 91 0 4 47 205 133 21 6 117 94 274 882 194 230 9845 22 11 11 93 467 238 126 585 20 3236 330 706 149 121 32 22 42 1441 16 24 0 16 15 68 5 524 1166 998 719 679 24 24 6 57 141 61 46 73 6984 33 292 132 7741 1 2 11 8 2 16 0 2 3 7 1 10 0 2 20 2 2 10 1 45 7 36 3 1 2 0 1 0 0 3 6 0 12 33 0 14 0 0 6 11 15 1 4 4 11 2 6 1 9 57 3 1 5 2 0 6 1 3 1 1 3 5 0 3 6 0 6 6 1 14 8 0 2 4 1 25 1 2 42 7 28 25 7 2 8 16 1 9 7 1 1 19 1 2 3 1 0 1 1 0
16 8 6 2 218 4149 4 2 1 6 51 2092 4 5 15 14 25 30 57 6 75 227 64 3 9 2 8 7 49 39 12 6956 5410 1838 0 1 164 479 27 4 92 6 12 16 4 31 2 18 4 2 5 7 44 65 32 32 20 2871 4 437 13 36 1 5 13 5 140 20 48 6 7 3515 729 51 1063 6 11 0 1015 1 6 1 35 56 82 65 2 2 5 0 49 20 2 4 3 5749 63 9 48 8 1 0 3 9 1 3 0 1 1 3 2 14 1 0 6 1 6 4 1 42 14 28 1 3 1 0 0 0 0 0 0 0 2 9 0 4 1 0 11 16 4 0 2 0 2 1 0 1 10 9 4 0 0 1 0 0 0 2 0 0 1 2 0 2 3 3 2 1 1 5 2 1 0 1 1 10 1 0 13 2 15 13 6 0 5 8 0 3 3 0 2 3 0 0 1 0 0 0 0 0
27 10 15 2 245 1194 8 1 0 11 81 1470 3 4 24 18 28 29 103 20 133 526 370 6 21 2 10 22 50 76 40 5410 7584 6588 0 2 304 2337 21 1 125 10 15 12 6 52 5 18 2 5 12 10 40 68 27 34 18 2472 6 263 15 15 4 12 18 6 133 81 41 4 12 3250 3303 65 2295 5 11 6 508 2 9 3 41 57 95 78 8 2 3 0 55 14 3 1 4 4117 65 18 73 6 2 0 1 2 0 3 0 0 0 1 0 8 1 0 3 0 8 5 21 17 41 19 9 5 2 0 0 1 0 1 3 0 1 4 0 3 0 2 41 58 3 2 1 0 3 1 1 0 26 4 14 0 0 0 0 0 1 0 0 0 2 2 0 1 5 8 1 1 0 4 0 0 0 3 0 2 0 0 7 4 4 13 15 1 3 7 0 0 0 0 3 1 0 0 1 0 2 1 0 1
38 19 2 9 330 553 15 0 0 2 34 253 3 79 111 49 60 60 110 17 57 313 233 10 13 6 22 73 35 123 113 1838 6588 6307 19 382 2338 1489 70 18 97 8 18 8 7 36 58 18 2 1 5 4 12 40 9 15 25 8661 1923 8090 27 21 6 8 60 8 87 2943 66 9 13 656 963 56 5089 5 1 2 146 0 1 0 29 27 42 57 24 0 2 1 34 9 1 1 7 2747 17 10 43 12 0 0 0 0 0 1 0 0 0 0 0 1 0 2 7 3 14 10 20 46 41 17 15 1 3 0 0 0 1 2 0 0 1 2 0 2 1 1 41 60 9 9 5 0 3 1 1 0 32 11 15 1 1 0 0 1 0 0 0 1 0 1 0 0 0 7 1 0 1 5 0 1 1 5 1 5 0 1 9 5 2 14 9 0 1 1 0 1 0 0 0 5 0 1 0 0 3 1 0 0
2 0 0 0 4 8 1 0 0 0 0 0 1 4036 688 185 191 790 542 36 1 10 48 534 12 55 3785 994 10 21 20 0 0 19 4027 2350 111 8 13 3290 19 13 109 3 3 67 1121 2 6 3 0 0 1 2 0 0 35 46 776 296 41 17 41 102 66 34 22 312 17 9 4 1 3 99 112 3 0 3 1 0 0 0 2 4 1 2 7 1 6 3 39 11 0 8 22 7 0 0 4 29 1 0 0 0 0 0 0 0 0 0 0 0 12 8 21 6 0 44 12 181 18 183 31 0 0 0 2 2 0 3 0 0 0 0 0 0 3 0 3 3 12 6 2 0 0 1 3 1 12 36 1 1 1 0 0 0 0 0 0 0 0 0 0 0 0 1 2 0 0 14 0 0 0 0 0 5 0 0 7 0 0 1 23 1 1 1 0 0 0 0 0 5 0 0 1 0 0 0 0 0
0 0 0 0 2 0 0 0 0 0 0 1 0 5538 1515 72 862 74 26 8 4 4 22 123 1 22 582 252 2 6 3 1 2 382 2350 1986 2305 5 30 548 22 3 65 0 1 13 905 3 1 2 0 0 0 0 0 0 1 34 2086 698 24 41 57 115 188 1 2 293 50 13 6 1 1 12 44 4 0 0 1 0 2 0 0 0 0 1 0 2 2 1 22 6 1 8 27 4 0 0 0 4 0 0 0 0 0 0 0 0 0 0 0 0 2 2 6 3 0 9 8 10 11 9 11 1 0 2 1 0 1 1 1 0 0 1 0 0 2 0 3 4 1 2 0 0 0 0 2 0 10 7 4 0 1 0 0 0 0 0 0 1 0 0 0 0 0 2 1 1 1 0 0 0 0 0 2 3 0 0 4 0 0 1 2 1 0 0 0 0 0 0 0 2 1 0 1 0 0 0 0 0
13 10 1 2 214 375 6 0 0 1 15 147 15 869 757 363 1956 403 1438 695 99 269 674 48 55 27 115 152 18 61 87 164 304 2338 111 2305 5544 1439 103 320 384 7 35 30 27 182 483 12 7 6 0 4 6 19 6 8 16 1367 816 450 56 33 18 36 76 9 37 1134 66 7 13 62 106 259 1762 5 10 33 43 1 3 4 9 10 25 12 41 3 4 4 56 6 2 4 13 1131 14 7 31 22 2 1 0 1 2 2 1 3 2 2 0 2 26 17 12 24 40 13 101 42 259 63 110 15 13 4 17 6 5 16 2 0 1 10 0 10 33 10 159 178 12 110 2 3 9 8 2 3 189 22 129 4 2 1 0 1 1 3 1 0 2 6 1 0 1 65 1 3 5 4 1 4 5 14 0 5 0 1 6 1 14 77 101 8 3 31 1 0 1 2 2 4 4 0 11 1 9 3 0 7
22 16 5 10 293 841 8 0 2 3 41 324 133 8 28 112 1497 179 4928 474 92 427 665 31 38 16 47 16 18 64 54 479 2337 1489 8 5 1439 10505 24 86 170 15 33 841 152 862 129 20 7 49 2 7 13 24 21 10 15 1292 51 132 143 9 9 14 15 81 41 159 34 6 7 380 1416 1320 1382 14 26 313 100 2 9 14 27 20 39 32 18 12 19 14 708 18 2 5 11 1993 28 12 47 10 0 0 2 0 0 3 0 7 1 3 1 6 43 29 22 50 83 67 209 73 495 167 235 34 16 4 22 4 3 14 4 0 2 15 2 13 36 6 295 354 7 98 8 0 17 4 12 0 369 39 134 5 4 0 0 0 2 1 0 0 2 9 1 2 7 68 7 11 2 12 8 5 5 40 8 14 0 1 35 8 15 139 233 7 6 66 1 3 0 5 6 12 7 2 13 2 9 5 1 4
32 6 2 8 131 139 13 0 0 0 8 67 113 59 401 834 92 4017 91 80 11 33 89 102 6 4 202 3732 61 272 169 27 21 70 13 30 103 24 13463 23 104 84 120 14 31 1428 52 479 19 14 2 0 10 10 6 5 48 393 28 57 7693 378 121 377 2976 447 50 307 5566 41 152 19 10 80 1137 181 2 4 7 0 31 1 7 13 8 11 30 21 37 10 121 36 4 20 56 433 8 14 14 42 5 3 0 1 2 3 0 0 0 0 0 0 3 28 458 14 2 213 15 1858 24 752 12 0 1 2 3 19 0 58 27 10 0 1 0 13 1 1 15 25 577 10 208 1 7 9 76 22 38 1376 10 6 15 1 2 18 2 1 0 6 3 11 0 8 20 6 43 36 9 266 3 15 22 4 19 138 2 7 193 32 2 6 50 31 29 4 6 11 17 1 0 71 4 11 0 1 1 3 2 2
2 2 2 1 4 13 3 0 0 1 1 6 1 2162 881 278 1228 862 1014 885 42 1024 1886 3857 2198 4624 5592 322 119 61 35 4 1 18 3290 548 320 86 23 9921 356 192 599 14 38 115 1913 27 74 40 3 7 19 78 5 9 219 48 257 131 155 71 80 155 76 39 464 263 44 72 22 9 8 988 96 59 4 56 5 2 20 9 8 49 45 165 290 22 44 12 176 130 17 67 181 30 4 2 267 111 0 0 0 0 0 1 0 2 0 0 1 0 87 69 17 65 20 176 125 72 298 574 463 5 1 4 10 7 3 31 0 1 0 1 0 2 36 5 42 98 6 66 5 0 5 12 6 2 160 32 12 3 2 0 0 1 2 0 1 0 0 4 0 0 1 20 2 4 3 15 1 2 1 0 6 9 0 1 27 5 1 19 150 0 5 7 0 5 8 0 1 22 4 0 3 0 0 1 2 1
692 336 1087 292 702 826 107 45 24 37 148 768 8 264 910 479 460 520 153 170 1137 1083 6277 1221 151 569 230 54 195 395 761 92 125 97 19 22 384 170 104 356 13216 3341 654 43 60 293 85 602 1459 59 564 375 144 98 1180 1428 77 50 5 9 698 244 57 26 84 54 183 19 167 347 519 349 297 335 274 527 291 6 359 34 695 28 457 122 865 212 67 685 702 103 655 2545 430 240 455 373 227 80 155 112 6 11 49 57 7 59 1 12 2 12 8 73 6 8 14 5 16 24 24 37 51 46 16 38 23 4 6 2 2 5 53 7 42 235 1 189 5 2 220 104 14 19 11 19 70 6 10 1 53 53 47 14 22 12 0 12 6 23 21 28 46 67 0 21 48 7 12 15 5 15 58 17 36 31 13 34 5 21 78 19 174 366 59 28 23 187 13 17 73 6 38 51 4 27 21 7 20 5 2 4
14 4 8 5 20 24 2 1 0 1 1 22 7 15 102 235 12 326 62 12 8 182 1192 5031 49 253 161 24 17 37 20 6 10 8 13 3 7 15 84 192 3341 6376 5558 19 65 265 86 244 2549 51 24 29 10 8 26 25 21 12 4 1 991 104 29 21 115 96 64 15 271 121 179 11 10 32 63 410 9 6 8 6 248 5 7 13 9 30 12 295 363 67 983 946 73 119 374 60 1 1 33 12 0 0 0 0 0 0 0 0 0 0 0 0 1 0 9 3 0 6 1 30 8 14 10 0 0 1 0 4 0 4 3 3 0 3 0 1 0 1 6 2 11 0 10 0 0 10 26 0 13 79 3 11 10 0 0 7 0 0 4 8 1 1 0 1 0 4 20 16 8 13 0 2 0 0 19 44 2 14 107 21 1 4 8 4 38 3 11 20 21 0 0 42 2 0 1 1 0 0 0 0
13 6 4 4 41 62 4 0 6 3 1 29 25 105 99 64 27 385 91 27 13 267 582 2298 155 202 408 68 94 157 91 12 15 18 109 65 35 33 120 599 654 5558 6042 76 190 945 603 239 2202 207 14 13 14 39 17 13 173 37 83 26 2891 223 712 5476 358 372 300 142 914 346 158 14 28 59 174 1119 23 10 18 4 184 12 13 29 37 101 83 244 415 155 3727 1024 120 562 1998 97 23 5 126 97 0 2 0 0 0 1 0 0 0 0 0 0 3 7 16 7 0 16 10 85 19 40 17 2 2 1 2 11 3 6 7 1 0 0 0 0 2 0 13 16 30 6 34 4 3 45 82 2 25 288 6 27 41 2 0 37 3 0 4 18 2 3 0 1 2 0 80 90 25 85 2 5 3 3 90 189 3 20 509 123 0 3 7 7 186 6 12 96 57 1 0 280 6 3 1 0 0 1 1 0
2 1 1 2 2 11 1 0 10 9 50 67 2888 4 5 6 67 24 8794 121 10 53 40 14 6 4 24 16 9 11 0 16 12 8 3 0 30 841 14 14 43 19 76 10969 3124 1233 18 36 15 762 11 44 18 22 11 5 6 7 2 0 77 14 34 28 12 776 22 3 41 8 63 594 1881 3032 16 60 1061 2725 4019 59 69 236 11 6 13 11 1 231 155 322 2751 25 3 9 48 14 137 17 10 3 1 1 1 2 2 2 0 4 0 2 1 4 17 19 36 14 58 80 95 81 264 289 102 20 23 5 6 1 4 9 4 2 0 18 2 34 14 8 266 263 20 47 7 5 16 8 20 1 262 90 73 5 16 0 0 7 7 1 10 19 1 5 0 3 5 32 17 13 5 47 4 4 4 26 29 44 3 4 96 23 18 139 238 6 28 72 4 38 12 4 10 51 6 1 13 1 6 1 2 5
0 0 2 2 7 15 3 0 50 13 28 31 6478 4 8 5 27 16 1121 58 11 42 26 40 7 14 24 14 9 9 4 4 6 7 3 1 27 152 31 38 60 65 190 3124 10519 2918 15 58 52 7386 14 57 5 8 2 4 14 2 3 0 193 72 179 77 53 2108 25 5 208 36 152 190 252 389 16 79 833 472 659 116 381 729 3 6 7 14 12 1116 502 2300 3724 77 10 34 154 16 284 67 12 9 0 1 0 0 2 2 0 1 1 3 0 3 2 1 20 0 4 10 2 85 12 50 6 3 1 1 1 8 1 8 9 3 0 0 0 0 0 0 2 3 12 2 24 1 2 61 63 0 14 220 2 36 99 3 1 58 13 2 20 50 2 5 0 2 2 2 84 109 19 171 4 9 2 0 170 221 8 39 813 261 0 4 18 8 256 2 26 365 159 0 0 591 29 0 2 0 0 1 0 0
4 2 3 0 32 79 2 0 3 0 8 44 1064 42 64 81 73 3866 1712 64 12 74 117 1012 63 26 1170 2389 53 94 47 31 52 36 67 13 182 862 1428 115 293 265 945 1233 2918 6221 148 84 75 186 6 10 8 24 8 8 156 48 34 3 419 48 112 669 949 4565 217 105 429 29 47 43 217 289 122 62 28 124 40 6 62 13 9 33 27 57 37 70 114 87 1298 114 23 23 84 120 21 2 87 78 7 14 0 1 2 4 0 1 0 0 0 1 20 85 1353 46 15 158 39 2134 122 845 83 9 11 7 7 129 1 224 73 25 2 4 0 30 10 4 51 58 1574 32 683 4 4 62 331 37 150 3164 34 10 28 1 3 62 2 4 0 17 4 13 0 19 31 8 164 102 22 836 21 63 83 22 45 319 5 20 613 81 3 23 167 110 59 13 6 55 28 7 4 105 13 20 1 3 10 2 16 2
4 2 2 7 19 7 4 0 0 1 3 8 2 412 240 18 464 127 160 155 37 688 249 1043 2145 69 968 272 261 300 205 2 5 58 1121 905 483 129 52 1913 85 86 603 18 15 148 4377 30 35 21 3 6 47 155 9 12 855 40 1565 282 265 216 411 499 478 41 1120 1370 143 135 48 6 10 840 178 46 7 47 4 0 15 4 32 100 104 378 2682 17 25 11 229 43 13 94 193 19 2 6 648 706 0 0 0 2 0 2 0 0 0 0 0 0 27 14 4 19 86 40 166 30 378 114 254 19 5 2 10 5 1 6 1 0 0 6 0 3 16 11 143 210 13 41 5 0 10 4 6 1 256 51 37 1 6 1 1 3 0 1 0 1 1 1 0 0 3 33 12 11 2 11 2 1 0 11 8 14 1 0 31 7 1 48 136 0 6 9 0 12 7 2 1 17 5 0 0 0 1 0 1 0
34 17 12 10 125 176 12 3 0 0 8 87 9 28 107 131 10 422 30 14 10 89 76 95 18 14 42 71 90 350 133 18 18 18 2 3 12 20 479 27 602 244 239 36 58 84 30 26729 789 177 13 46 7 39 21 12 126 92 13 13 1495 8101 568 157 613 27 169 85 6991 418 8273 25 10 23 460 7321 7 4 12 28 832 27 10 25 26 40 16 2672 2043 187 866 986 51 324 980 291 8 13 48 54 1 2 0 0 0 1 0 0 0 0 0 0 1 0 5 2 1 11 3 38 8 13 2 3 2 3 6 8 1 5 15 1 0 0 0 1 0 3 7 8 11 4 18 4 7 71 49 3 11 70 8 196 366 5 3 159 28 28 25 154 2 3 0 4 0 2 33 117 76 29 1 13 13 0 389 180 38 142 852 230 0 5 8 16 467 10 120 291 672 1 1 1352 110 2 4 0 2 3 4 1
31 6 31 3 9 13 6 1 0 1 0 17 2 6 29 49 9 82 20 6 8 156 334 541 22 91 58 7 31 30 21 4 2 2 6 1 7 7 19 74 1459 2549 2202 15 52 75 35 789 8483 70 23 33 4 12 25 15 28 3 0 1 397 207 67 33 38 31 70 7 210 190 309 7 9 18 17 1007 12 4 12 5 331 12 2 11 13 47 3 564 810 110 878 7365 113 2381 4815 21 7 2 26 11 1 0 0 0 0 0 0 0 0 0 0 0 0 2 2 0 0 3 6 8 3 7 10 0 0 1 1 3 1 1 1 1 0 0 0 1 1 1 4 4 6 3 4 0 0 3 8 0 2 18 2 11 32 1 0 16 6 1 4 21 0 0 0 0 2 1 7 13 11 10 1 1 0 0 24 38 7 9 76 22 1 0 4 1 44 1 10 31 57 0 1 107 4 0 1 0 0 0 0 0
2 2 6 2 8 21 4 1 95 15 33 39 383 8 13 10 13 19 226 24 7 42 35 19 18 12 8 12 6 16 6 2 5 1 3 2 6 49 14 40 59 51 207 762 7386 186 21 177 70 11340 83 648 22 7 14 1 13 2 9 1 116 202 587 75 53 1483 21 9 514 47 131 172 131 904 33 254 1431 535 675 1258 813 7823 3 7 9 10 4 4464 759 3549 1244 83 16 66 270 12 443 120 10 7 0 0 2 3 0 4 0 0 1 4 3 4 1 1 6 1 0 4 0 7 1 4 1 0 0 2 3 4 0 5 4 3 0 2 0 1 2 0 1 3 2 3 9 2 4 32 23 1 5 56 2 79 198 11 3 116 87 13 122 161 3 4 2 2 1 2 16 62 40 41 1 9 5 1 109 63 32 91 565 109 3 3 6 9 225 7 76 712 438 1 0 713 33 2 5 0 0 0 2 0
282 106 269 57 64 106 79 18 7 10 10 78 1 1 2 3 2 1 5 1 5 12 8 9 6 2 4 1 125 236 117 5 12 5 0 0 0 2 2 3 564 24 14 11 14 6 3 13 23 83 18178 11014 118 78 601 51 15 1 0 1 30 6 5 4 4 50 54 0 14 468 22 51 42 147 38 18 60 6 90 1193 1518 422 153 38 35 71 9 114 38 8 36 6545 8578 29 10 50 56 30 4 8 2 0 4 4 1 2 0 0 0 1 1 7 0 1 0 0 2 0 2 0 0 0 1 15 2 1 0 0 0 0 5 0 6 55 0 45 0 0 52 28 0 0 1 3 13 1 1 0 7 1 7 5 15 3 1 4 297 107 452 173 13 6 0 3 12 2 1 2 4 0 4 0 14 5 3 2 19 16 7 3 31 90 16 5 3 23 38 9 123 0 2 25 5 6 7 0 2 1 0 2
175 69 209 45 64 84 65 16 9 5 22 80 7 2 5 3 3 2 13 2 4 17 13 10 7 7 4 1 94 176 94 7 10 4 0 0 4 7 0 7 375 29 13 44 57 10 6 46 33 648 11014 25577 77 62 347 29 7 3 0 0 28 46 9 6 4 249 42 1 10 411 204 52 56 277 40 27 157 61 108 13773 5734 2626 107 37 37 44 3 978 210 124 87 2571 4921 64 51 40 68 32 6 6 7 1 3 7 1 4 0 4 1 1 0 5 0 0 0 0 3 0 0 2 7 1 1 8 0 3 1 0 0 0 2 3 3 26 0 27 0 0 33 13 0 1 0 8 8 11 1 2 8 6 4 59 79 17 3 50 2402 768 4962 1327 65 10 2 2 5 1 0 8 6 5 4 2 5 10 10 2 200 155 90 26 18 66 21 7 7 28 409 102 1412 1 6 154 53 2 11 1 1 1 0 1
764 197 396 92 230 263 532 135 223 169 138 331 1 2 3 4 2 10 11 0 8 45 19 12 50 4 7 9 3565 1196 274 44 40 12 1 0 6 13 10 19 144 10 14 18 5 8 47 7 4 22 118 77 20261 13435 15096 95 89 12 1 0 25 32 29 15 25 7 890 7 28 40 7 194 205 375 165 8 248 8 270 18 15 13 2789 866 139 218 100 10 3 9 35 81 26 26 20 185 370 4420 43 92 4 11 18 19 2 37 4 3 4 8 1 23 0 3 0 1 7 4 15 1 31 10 4 44 15 1 6 1 0 1 29 1 18 144 3 133 1 0 188 106 1 7 0 12 41 0 4 1 20 3 32 1 1 3 0 0 0 2 0 1 10 21 0 15 38 7 0 1 0 1 15 9 36 19 0 1 1 0 3 0 70 294 43 24 1 107 1 0 0 1 10 0 0 13 12 4 7 3 0 1
1504 383 788 183 548 501 826 150 42 116 126 478 1 3 5 4 6 9 6 5 14 118 28 39 265 19 30 38 14299 2504 882 65 68 40 2 0 19 24 10 78 98 8 39 22 8 24 155 39 12 7 78 62 13435 16549 1869 110 324 16 3 1 53 138 120 41 78 12 4375 19 103 126 31 275 217 386 387 16 221 6 326 16 38 7 3412 9935 531 1777 310 15 23 10 71 119 32 79 82 486 320 2477 221 358 7 8 29 33 3 44 2 12 5 6 6 60 1 2 4 0 15 2 11 13 40 14 11 41 16 1 7 0 0 0 38 4 23 189 4 191 1 1 214 103 6 6 2 18 37 1 4 2 30 10 38 0 0 4 0 2 0 9 1 1 20 48 0 18 56 10 0 1 1 5 27 15 48 34 3 3 0 1 6 2 128 315 52 21 1 157 1 0 2 4 27 7 0 12 22 6 10 3 1 4
420 139 297 81 168 161 225 47 31 43 57 188 0 4 14 13 8 15 6 5 13 33 55 19 11 6 6 5 651 452 194 32 27 9 0 0 6 21 6 5 1180 26 17 11 2 8 9 21 25 14 601 347 15096 1869 24661 1157 31 5 0 1 18 18 10 5 10 6 188 3 20 52 22 129 172 211 121 11 124 4 215 60 108 14 7989 716 322 222 25 29 21 1 29 379 123 13 16 110 112 660 18 26 4 3 17 17 2 18 0 4 1 2 0 24 0 1 1 1 7 3 4 2 29 5 4 37 12 2 6 0 0 0 23 1 15 148 3 137 0 0 165 60 2 5 0 6 40 0 0 1 21 0 24 0 0 0 0 3 7 4 12 1 5 29 0 11 38 8 0 1 0 0 14 4 23 17 0 1 0 1 2 1 54 262 33 30 0 98 0 2 7 3 7 3 2 5 9 4 7 1 0 4
252 130 337 112 239 303 67 18 7 14 51 280 0 3 8 6 3 13 4 4 368 484 71 14 34 6 6 7 154 191 230 32 34 15 0 0 8 10 5 9 1428 25 13 5 4 8 12 12 15 1 51 29 95 110 1157 2035 35 4 0 1 12 18 9 10 10 2 98 2 10 23 21 107 83 130 90 8 103 1 136 2 26 3 3455 136 1510 287 34 11 6 3 11 101 23 7 8 134 75 34 88 33 1 5 11 7 3 12 0 6 2 3 0 20 1 1 0 3 1 3 5 5 11 3 2 24 13 1 0 0 0 0 16 1 13 86 2 85 0 0 77 36 1 6 0 10 27 0 1 0 12 4 14 0 1 0 0 2 1 9 1 0 12 26 0 16 24 4 0 0 0 1 15 6 17 10 1 0 1 0 3 0 55 161 18 16 1 68 0 1 1 0 19 1 2 11 12 1 8 2 0 3
67 68 147 107 462 231 19 2 6 2 23 121 4 8 16 7 11 34 32 8 19 143 39 133 880 25 227 183 1055 6439 9845 20 18 25 35 1 16 15 48 219 77 21 173 6 14 156 855 126 28 13 15 7 89 324 31 35 12835 17 26 1 305 742 636 275 678 46 6609 404 534 448 111 50 40 87 876 53 53 7 39 4 51 3 93 510 196 1088 3294 38 71 4 217 118 52 228 254 915 37 18 874 7600 0 2 2 4 0 5 0 1 0 1 1 5 1 0 7 0 7 8 9 28 14 11 14 1 5 0 1 2 0 4 4 1 2 14 2 15 3 0 20 27 16 8 18 4 1 6 18 0 19 86 3 0 5 0 0 4 0 0 2 2 1 3 1 2 4 3 17 14 2 18 3 1 2 1 8 22 0 2 53 7 14 23 13 4 10 15 1 10 5 0 7 30 1 1 2 1 1 0 0 0
5 0 1 1 37 134 4 1 0 2 20 203 2 236 496 253 170 202 66 18 18 91 39 22 3 2 99 491 22 54 22 2871 2472 8661 46 34 1367 1292 393 48 50 12 37 7 2 48 40 92 3 2 1 3 12 16 5 4 17 7065 311 3731 63 152 38 47 347 20 28 2591 476 17 40 1068 625 37 5672 13 1 0 323 1 12 0 12 8 17 13 16 2 6 4 32 17 1 5 21 1101 19 2 17 23 0 0 0 1 0 0 0 0 0 0 0 1 0 4 16 0 3 15 5 107 15 61 5 4 1 0 0 0 1 1 3 0 0 2 0 2 0 0 18 16 19 2 4 1 3 1 4 0 12 44 5 0 3 0 0 2 0 0 0 1 0 0 0 0 0 7 4 2 1 22 2 0 1 0 4 12 0 0 25 8 1 3 10 0 6 0 0 3 0 0 0 8 0 0 0 0 1 0 0 0
2 0 1 0 0 4 0 0 0 0 1 3 2 691 265 11 123 35 16 8 2 8 14 131 9 11 476 279 6 19 11 4 6 1923 776 2086 816 51 28 257 5 4 83 2 3 34 1565 13 0 9 0 0 1 3 0 0 26 311 4189 4789 71 92 148 199 474 12 20 1047 101 25 12 3 2 284 117 5 2 7 2 0 5 1 1 1 1 4 11 3 3 4 54 3 1 18 45 17 0 1 4 13 0 0 0 1 0 0 0 1 0 0 0 1 19 11 2 18 57 12 151 11 328 36 120 16 4 3 7 0 0 4 1 0 1 4 0 2 17 8 107 194 4 47 7 2 4 5 2 0 189 18 49 3 0 0 1 0 0 2 0 0 1 1 0 1 1 37 1 1 4 4 2 6 1 6 4 12 0 1 10 3 5 30 95 3 3 17 0 1 1 0 1 4 0 0 4 0 2 2 0 2
3 1 0 1 18 8 0 0 0 0 1 3 0 976 520 91 173 44 4 5 1 15 17 41 3 3 173 162 2 7 11 437 263 8090 296 698 450 132 57 131 9 1 26 0 0 3 282 13 1 1 1 0 0 1 1 1 1 3731 4789 1161 14 27 31 39 123 1 2 2260 58 4 3 20 39 19 696 0 0 2 2 0 0 0 1 1 4 1 4 1 1 1 9 0 0 4 5 102 0 0 3 4 0 0 0 1 0 0 0 1 0 0 1 0 4 0 2 4 4 2 21 10 38 14 16 1 3 0 3 1 2 2 0 0 0 0 0 1 7 2 14 19 3 19 0 0 0 2 0 1 23 8 11 0 1 0 0 0 0 0 0 0 0 0 0 0 2 9 0 2 0 1 2 1 0 6 0 0 0 0 6 2 0 8 13 1 1 2 0 0 0 2 0 0 1 0 1 0 0 0 0 0
12 6 6 3 41 72 3 0 1 1 12 34 24 44 117 105 46 4074 77 49 19 211 162 1090 96 48 429 598 108 167 93 13 15 27 41 24 56 143 7693 155 698 991 2891 77 193 419 265 1495 397 116 30 28 25 53 18 12 305 63 71 14 10650 729 416 1799 1158 377 397 179 11489 167 610 14 41 71 243 8072 11 11 19 5 220 10 21 60 44 156 66 226 725 47 3505 459 59 106 544 144 7 6 180 143 0 5 0 0 0 2 0 1 0 1 0 0 5 20 248 5 10 26 15 311 54 110 11 2 5 6 1 64 1 60 32 15 1 0 3 9 4 6 23 22 376 10 273 6 8 89 329 5 91 1128 23 29 60 0 1 77 3 8 3 25 1 14 1 8 13 10 191 218 37 232 15 31 18 9 122 481 8 27 1114 249 0 7 39 51 231 2 20 118 85 10 2 349 22 4 1 0 4 2 5 4
40 19 14 7 216 252 9 4 2 3 14 133 4 93 194 151 21 370 20 6 23 216 83 67 68 18 253 466 465 1499 467 36 15 21 17 41 33 9 378 71 244 104 223 14 72 48 216 8101 207 202 6 46 32 138 18 18 742 152 92 27 729 31019 12159 1093 3434 25 931 378 4611 12529 3188 28 12 44 1057 808 9 1 17 26 508 144 39 102 85 186 74 687 749 249 528 537 224 7489 3816 416 14 33 224 259 0 1 0 0 0 1 0 0 0 0 0 0 1 1 1 1 0 6 4 25 5 19 2 1 1 2 0 5 0 9 11 4 0 0 0 0 0 1 4 7 13 10 12 10 2 61 22 3 6 60 5 403 579 7 1 131 40 25 54 283 5 4 0 1 3 0 31 98 103 20 1 9 2 0 213 137 92 271 584 163 1 4 3 13 275 6 167 246 1160 0 1 1114 110 4 2 1 3 0 0 0
9 1 4 0 23 22 2 0 0 1 3 17 16 105 116 23 31 63 34 7 26 158 36 117 93 22 325 418 311 613 238 1 4 6 41 57 18 9 121 80 57 29 712 34 179 112 411 568 67 587 5 9 29 120 10 9 636 38 148 31 416 12159 22607 5512 7105 122 866 413 3492 1936 277 6 9 32 298 916 15 3 10 3 112 15 19 84 57 184 85 184 564 272 1912 256 93 1995 2935 64 7 6 215 239 0 2 0 1 1 1 0 0 0 0 0 0 1 1 4 2 3 5 3 41 8 17 7 2 1 0 5 14 1 9 16 1 0 0 0 3 2 2 6 6 18 3 25 5 6 82 46 1 11 120 2 63 157 10 3 100 7 11 10 66 1 6 0 7 5 4 75 166 56 64 3 9 5 3 452 418 10 46 1219 510 0 1 9 15 710 9 27 491 186 2 1 1149 53 4 0 0 1 0 3 1
7 3 2 2 30 39 0 0 0 0 5 18 7 265 195 24 55 168 41 12 3 73 20 222 76 12 515 965 87 204 126 5 12 8 102 115 36 14 377 155 26 21 5476 28 77 669 499 157 33 75 4 6 15 41 5 10 275 47 199 39 1799 1093 5512 7252 4125 192 352 346 913 744 102 10 18 31 253 258 12 2 6 0 56 1 12 37 33 108 99 47 163 42 1520 132 49 546 1971 90 8 2 123 219 0 0 0 0 0 0 0 0 0 0 0 0 2 3 21 1 3 4 3 71 14 20 7 2 0 0 2 14 0 5 5 2 0 0 0 2 0 1 13 10 45 2 19 0 2 15 61 1 15 250 6 10 25 0 0 21 2 1 1 8 0 2 0 0 0 5 48 37 8 62 4 4 0 2 29 102 2 9 265 58 3 5 11 9 39 2 9 27 26 0 0 97 6 1 0 0 0 0 3 0
29 19 5 9 130 112 11 1 0 1 11 58 54 495 800 138 101 266 61 7 9 54 18 88 40 4 597 2594 260 899 585 13 18 60 66 188 76 15 2976 76 84 115 358 12 53 949 478 613 38 53 4 4 25 78 10 10 678 347 474 123 1158 3434 7105 4125 13172 375 471 1832 14957 611 375 8 9 42 1865 80 5 2 4 0 96 7 34 78 52 99 146 27 77 19 480 48 20 185 388 319 8 10 119 437 0 3 1 0 1 1 0 0 0 0 0 0 0 10 121 5 6 40 3 430 10 162 11 1 0 2 2 24 0 23 18 8 0 0 1 5 0 1 10 8 254 3 133 1 8 24 156 5 26 1110 7 15 32 0 1 33 3 2 0 7 2 5 0 7 6 3 137 90 8 136 9 14 11 6 52 285 2 17 517 99 0 3 19 24 79 5 9 41 35 1 1 118 12 6 2 0 3 1 0 0
2 1 3 0 16 24 5 0 21 9 12 18 4904 15 19 35 12 150 1246 17 9 36 18 140 20 12 348 694 19 37 20 5 6 8 34 1 9 81 447 39 54 96 372 776 2108 4565 41 27 31 1483 50 249 7 12 6 2 46 20 12 1 377 25 122 192 375 1837 59 40 454 15 36 88 88 702 82 54 769 865 392 233 77 945 5 12 11 18 7 155 101 202 2223 39 7 11 53 42 183 63 26 19 1 1 1 1 1 0 0 0 0 1 1 1 2 1 537 5 0 16 2 286 21 182 6 1 0 3 1 28 0 27 14 2 0 2 0 7 1 0 7 8 129 1 107 0 1 16 152 19 42 898 7 10 10 2 1 13 30 6 40 25 1 4 0 1 2 1 39 33 4 1749 7 12 13 2 16 66 6 7 202 32 4 6 149 22 33 4 3 30 53 1 0 57 7 5 5 0 1 1 3 0
406 225 588 208 683 818 87 17 31 42 199 758 5 5 23 21 25 52 45 13 28 480 132 240 1616 62 289 106 4712 2506 3236 140 133 87 22 2 37 41 50 464 183 64 300 22 25 217 1120 169 70 21 54 42 890 4375 188 98 6609 28 20 2 397 931 866 352 471 59 15147 236 445 751 192 443 269 425 1132 119 281 8 318 11 99 9 347 4119 983 7414 2947 83 147 31 375 409 126 551 459 914 299 125 1007 2709 5 3 17 30 0 31 2 3 2 4 9 38 2 9 16 5 20 8 20 32 74 31 32 35 14 2 2 5 0 6 24 2 15 92 1 73 4 3 129 93 13 12 16 6 37 3 24 2 59 97 30 5 7 3 0 7 2 14 1 1 14 35 2 12 21 12 17 11 4 22 19 6 18 11 17 36 2 9 78 19 90 172 51 8 10 107 3 19 17 1 21 39 2 5 15 4 3 2 1 4
4 2 4 0 19 17 1 2 0 1 0 9 2 385 512 99 104 73 28 12 8 21 9 163 9 4 699 1297 92 394 330 20 81 2943 312 293 1134 159 307 263 19 15 142 3 5 105 1370 85 7 9 0 1 7 19 3 2 404 2591 1047 2260 179 378 413 346 1832 40 236 5651 746 144 49 20 20 325 3933 19 12 3 10 0 9 0 8 34 31 45 839 4 15 3 132 12 8 52 96 141 6 3 67 694 0 0 0 2 0 0 0 3 0 0 0 1 15 9 23 10 66 15 133 72 219 63 82 18 4 2 5 1 0 3 0 0 0 4 0 9 9 3 141 218 18 28 10 0 5 6 7 0 155 87 40 4 0 0 0 0 0 1 0 0 1 1 0 0 3 40 12 10 6 8 5 0 1 13 5 23 0 0 48 10 3 49 85 0 6 15 1 3 5 1 2 20 1 1 2 0 3 0 0 2
58 35 10 19 356 419 34 4 4 8 23 237 35 176 544 417 48 991 54 27 17 95 71 133 34 11 119 873 321 1508 706 48 41 66 17 50 66 34 5566 44 167 271 914 41 208 429 143 6991 210 514 14 10 28 103 20 10 534 476 101 58 11489 4611 3492 913 14957 454 445 746 23259 426 1018 36 24 44 2305 7084 13 4 20 3 197 9 27 69 56 108 94 149 559 141 1781 172 25 197 902 884 23 39 77 246 1 5 2 1 2 1 0 2 0 0 0 0 4 12 130 9 9 37 9 367 37 111 9 4 7 11 8 61 1 65 47 25 0 1 0 8 4 5 14 19 251 14 259 12 14 261 465 10 71 1734 23 112 315 11 6 262 16 18 18 107 4 32 1 25 15 11 438 625 182 371 13 63 40 12 980 1411 24 107 3368 1134 3 8 41 90 1694 17 54 675 287 6 4 2162 118 12 3 1 8 4 9 7
59 19 56 11 37 68 17 1 1 2 6 30 2 20 44 18 6 50 7 2 41 326 128 131 90 28 168 177 255 542 149 6 4 9 9 13 7 6 41 72 347 121 346 8 36 29 135 418 190 47 468 411 40 126 52 23 448 17 25 4 167 12529 1936 744 611 15 751 144 426 3069 739 23 9 31 159 252 9 1 25 37 569 163 37 93 73 248 52 363 299 74 253 2860 1895 2274 2212 58 18 4 261 154 0 0 0 0 0 0 0 0 0 0 0 0 0 0 3 2 0 3 0 10 2 2 3 0 1 0 3 3 0 0 0 1 0 3 0 3 0 0 5 5 3 6 4 4 0 12 12 1 5 19 1 175 155 4 0 48 77 21 111 310 4 0 0 0 0 1 10 24 29 2 1 1 1 1 30 18 103 230 132 38 3 10 2 2 51 10 128 76 771 0 0 202 56 0 0 0 0 1 0 0
38 21 39 9 72 91 5 5 7 3 8 49 15 16 50 61 6 185 23 5 10 75 97 89 15 12 48 66 77 326 121 7 12 13 4 6 13 7 152 22 519 179 158 63 152 47 48 8273 309 131 22 204 7 31 22 21 111 40 12 3 610 3188 277 102 375 36 192 49 1018 739 10202 22 15 34 350 1171 35 9 32 80 6438 318 12 22 22 57 24 1933 1607 259 724 1276 177 459 447 135 12 7 38 44 0 0 0 2 0 0 0 0 0 0 0 0 1 0 4 1 1 4 0 12 1 10 1 0 1 2 0 3 0 5 1 2 0 1 0 1 0 0 1 4 8 2 11 5 3 35 9 1 5 16 1 331 304 5 1 90 112 36 136 494 6 1 0 0 0 2 6 25 42 17 2 1 1 0 50 26 194 496 226 45 1 6 8 6 63 6 300 137 1507 0 0 377 109 1 2 0 0 1 0 0
94 24 73 24 131 876 41 2 36 688 1930 1941 30 3 14 6 23 20 67 5 303 826 209 20 42 6 7 11 184 384 32 3515 3250 656 1 1 62 380 19 9 349 11 14 594 190 43 6 25 7 172 51 52 194 275 129 107 50 1068 3 20 14 28 6 10 8 88 443 20 36 23 22 4787 2619 1024 1326 5 3349 418 10529 18 29 86 192 160 240 175 7 47 16 44 181 64 22 3 9 2685 4657 118 188 15 7 3 20 29 3 21 1 4 1 8 10 43 3 2 5 4 14 12 31 23 58 23 6 15 9 3 2 0 0 0 20 3 8 68 0 55 2 0 128 98 4 4 4 8 24 0 3 2 59 11 20 2 1 7 0 3 6 10 2 4 17 22 1 8 11 12 3 4 0 4 21 4 7 7 2 5 5 1 8 5 51 131 57 3 2 70 3 6 4 4 22 3 0 4 19 2 7 2 0 3
