19.6034001004176 31.9293776313002 25.9428031865624 38.5249785179443 57.2467059985395 51.7847678637512 35.1880503117327 20.3884550230664 100.396781921387 33.8676235166568 86.9133270995258 76.1675848524147 206.714233398438 144.478427124023 145.292923736572 143.523278130425 183.216230773926 158.737189398872 162.475959777832 189.62727355957 131.366521618034 136.965650453672 168.606347825792 147.823508126395 158.323265075684 0 150.870002746582 143.551413472493 34.7587497842454 20.5628066344181 61.8245311789406 120.18564414978 120.255504184299 129.976049122057 162.535446166992 0 118.764377887432 128.409018429843 140.664642095566 145.094390869141 106.415849928222 161.058359418597 192.990864680364 162.179039001465 0 182.228401184082 195.43713760376 197.46845739028 171.236342645461 213.09049987793 152.731056321597 175.072842320033 125.615726685649 107.304431736469 134.16529288519 114.458112716675 96.0381949125831 128.555706787109 175.919761657715 131.558776855469 199.553165435791 194.58761138916 181.234749688043 165.168642316546 158.561643403152 180.213455200195 96.7721632548741 95.0663604736328 165.160703724828 193.080284506588 199.39606074283 93.2853594435022 168.452556409334 130.259871494623 93.5403315734863 201.36177607945 123.161831474304 0 124.091614432957 168.396071925308 203.971918249643 182.69301961263 128.235595557269 107.863021815986 124.243138756071 109.207653824164 139.040531703404 205.12726392244 206.02196598053 210.093978881836 211.368685913086 151.313105115024 181.301757932648 190.155200958252 210.607808794294 79.597679909859 103.603455153379 57.3823450439357 141.872226128211 122.249999046326 188.763612365723 164.123643141526 172.816630379766 175.921271282694 195.605127970378 175.697136678409 177.464645385742 167.658983230591 173.691897922092 143.065368864271 167.094356155396 168.050128607581 0 0 204.111713409424 0 0 216.811904907227 226.534576416016 200.909828186035 221.217609405518 213.035342407227 0 191.456292470296 170.526077270508 0 200.067657470703 0 0 0 176.857550881126 0 156.488584227481 160.977553857624 0 166.994568743025 0 0 177.59075334337 218.446636199951 189.840108235677 0 212.784774780273 204.566733620384 190.54966868525 242.326263427734 217.545021057129 0 198.978248596191 207.441551208496 235.117279052734 0 0 221.150240216936 0 221.948623657227 231.206260681152 227.461525412167 215.461357116699 247.405914306641 222.422129969443 202.763849748884 229.56706237793 191.595377604167 164.878161343661 0 0 0 0 162.34760538737 207.115547180176 191.740242004395 158.630271911621 0 0 202.994911193848 0 0 221.049072265625 221.529556274414 158.417312396014 170.069594767556 138.827580885454 216.847267150879 0 144.547878519694 231.331166585286 214.644947052002 0 170.404663085938 220.677735682896 233.318359375 0 155.856796264648 139.701121889312 187.217887878418 199.535972595215 188.066375732422 0 240.612289428711
31.9293776313002 12.2965498587039 19.9540867448548 25.9821547776366 31.4364418415774 41.4385092296244 60.2602248918443 61.948704131662 97.095216539171 116.360073634556 73.5157953181737 66.8561489373947 0 108.568244934082 152.480058670044 130.113733291626 135.068794250488 198.337226867676 165.812080383301 149.501241048177 124.615976698855 136.32361869812 116.697277069092 0 161.556081136068 0 157.099075317383 118.129566192627 70.3880665793674 23.008530048651 51.5442583950392 124.875237464905 114.445432281494 121.408615112305 0 0 127.220821380615 125.018912792206 149.456481933594 198.212821960449 108.695319902329 166.2978515625 191.625114440918 104.341232299805 0 170.253517150879 137.866020202637 187.108263801126 179.44495900472 212.60277557373 165.637725974029 181.494349493497 141.174448042352 121.144108505847 149.604397286614 124.821429795485 98.338269850787 0 0 93.2272033691406 194.768053690592 192.113232261256 198.849533081055 180.071863810221 166.046167474044 229.408203125 101.118656989204 99.8389358520508 164.417705862863 203.123070967825 206.197240920294 98.2618627548218 173.725301106771 156.714349013108 101.131460401747 207.45413462321 124.606038475037 115.596977233887 161.589141845703 187.559789804312 208.794070036515 203.45699005127 140.018791367522 113.907703912982 126.87026515874 109.947070439657 157.509652137756 216.70224276456 212.758824666341 213.876963297526 199.515281677246 159.037313198825 191.007541132908 196.765934753418 193.830947875977 84.347466583252 92.9839221585181 80.1716767339747 131.019488941539 148.029159545898 188.500820159912 180.150273640951 182.910140436346 178.771373994889 197.025798797607 176.835990203054 187.119021606445 196.881022135417 184.485562642415 143.786605628761 163.923293541218 168.710100198094 0 0 0 200.177124023438 0 219.467620849609 0 200.023999023438 209.825088500977 209.78689066569 0 198.303766886393 206.710372924805 167.148513793945 0 0 0 0 180.307420169606 194.622985839844 148.647920396593 163.468346449908 0 170.561540545839 0 0 171.811914716448 193.62193107605 186.319427490234 0 0 198.283226013184 188.833068847656 0 0 0 173.491806030273 213.539401245117 0 0 0 225.685348510742 0 186.275156656901 0 225.270225524902 174.49382019043 0 229.26220296224 205.275325775146 196.886108398438 195.473247528076 165.562199910482 0 0 0 211.160140991211 0 205.070472717285 187.392147064209 0 0 0 221.011276245117 0 0 219.145868937174 0 158.176045640071 170.850617408752 151.848606654576 0 213.549987792969 137.778014415019 224.811981201172 170.681228637695 220.415954589844 0 228.441781477495 0 0 178.973556518555 143.263320922852 193.000946044922 198.451263427734 0 0 0
25.9428031865624 19.9540867448548 11.8126286406683 21.9381430455806 81.2486323572654 34.577614761011 64.6907225066096 16.8030097052634 69.1807972783628 17.1840052029663 73.710104758695 30.0067171944315 0 178.710319519043 0 209.176681518555 210.81650797526 217.233016967773 232.883125305176 209.025890350342 122.904563811888 128.672906656734 163.973722185407 186.97903137207 156.889556191184 171.103164672852 0 141.056632995605 107.044568310362 94.3954100457181 81.9029406218251 140.129060109456 126.542322794596 126.822143554688 0 0 177.579437255859 198.775500488281 183.958106994629 174.486618041992 108.096381881419 159.026718139648 194.647365570068 235.97135925293 211.900978088379 199.262619018555 162.388122558594 203.163556416829 177.010901666457 176.07004292806 166.268951359291 187.684809415534 148.303329660435 129.203402611205 150.673469235199 127.000956028788 89.8726921860053 122.693496704102 206.698608398438 0 212.134066263835 202.854242597307 207.627380371094 221.21053314209 183.734164428711 198.403116861979 101.4041405308 168.120674133301 181.396192932129 203.057026726859 207.705208802835 107.359087695814 187.551541010539 114.030126352779 136.714865464431 218.343830653599 117.251672224565 0 162.890712135716 187.315061898067 214.781917936906 200.096428504357 143.6687808079 116.231051429612 126.56985636824 106.785652219787 164.123074531555 219.442795930085 213.056114959717 199.64185333252 216.900103759766 165.921168350921 193.809244670565 211.0906055157 211.025745936802 138.469942365374 77.8650427492041 90.9592089433973 134.290771035587 163.652019924588 189.361383180361 173.015505560513 178.134133854916 175.09431333955 182.443541717529 172.907383290733 186.960623168945 148.361505386677 175.24600982666 133.908049592293 161.639884863007 165.22725056358 0 0 212.608726501465 212.231666564941 182.081008911133 198.956855773926 217.109283447266 0 205.117358121005 197.7685546875 213.061187744141 189.647334098816 202.214459228516 0 192.961559295654 0 0 0 178.360201804869 194.883155822754 150.884132385254 160.922415782615 170.92839050293 169.443104733703 0 0 177.745527447395 192.004030609131 0 0 0 205.429964065552 189.3350537618 0 185.457763671875 157.344024658203 196.534291585286 203.309814453125 227.481189727783 0 241.131553649902 223.887907845633 0 197.3673828125 229.465972900391 227.918675104777 209.310941696167 0 228.326806581937 210.449469997458 203.411041259766 194.248592195057 162.711315155029 235.754165649414 0 232.559020996094 211.123626708984 177.438407897949 208.757026954933 191.692438761393 171.761169433594 217.604232788086 0 247.63493347168 0 0 209.795197804769 0 158.028989007738 173.54733022054 137.756801458505 242.567581176758 0 141.061334311391 217.317794799805 166.219497680664 229.867744445801 199.527954101562 223.457761420578 230.041351318359 0 167.045594215393 134.778018068384 180.339230492001 208.228535243443 205.748264312744 0 177.836502075195
38.5249785179443 25.9821547776366 21.9381430455806 11.9274093599604 20.0555075463124 20.4455602414732 70.8531524982858 75.6356479856703 88.6661656697591 63.0196075439453 80.6261467566857 24.6809977354106 0 0 161.447998046875 0 161.656188964844 170.539705912272 173.113628387451 0 112.363916015625 115.489838332273 120.039588928223 163.167776743571 148.746256510417 182.087020874023 0 98.8134078979492 83.8141109274446 38.9110157861182 42.6284667114932 201.637351989746 142.365329742432 111.484726799859 0 0 148.660934448242 120.884369659424 137.494794845581 216.494598388672 102.742122702403 162.763577270508 185.674186706543 172.649143218994 213.511642456055 0 162.810937064035 203.486306762695 174.659815470378 174.592056274414 159.372951708342 170.645167371962 142.493098466293 120.531679288937 150.371221754286 118.972213676998 77.2533644916855 106.860778808594 0 88.8868560791016 184.331787109375 210.950633457729 0 156.796424865723 144.56745062934 0 91.5852583738474 0 152.843999360737 194.827771273526 188.68755086263 120.948534170787 198.221132914225 114.973661121569 104.15633392334 189.215728759766 103.738997650146 0 164.170457022531 171.944078445435 207.177115604795 204.70027923584 133.629827441591 108.662185784542 116.581928837056 99.9197606316928 134.827996390206 209.583303833008 207.349939982096 0 181.611779785156 161.990803346796 188.160365464952 177.75373840332 185.409072875977 91.7786588228666 68.037790445181 89.4709835276884 109.733061570388 101.489331413718 172.651566449334 166.6490347726 173.830097162156 167.317585506955 191.603912353516 165.177921877069 154.623664855957 149.550837198893 173.039974636502 126.266710886141 154.029913629804 160.025352750506 0 212.800689697266 175.270645141602 0 0 0 152.870407104492 181.32975769043 193.865791320801 179.903259277344 0 184.199608939035 193.23193359375 0 0 0 0 0 166.235597337995 158.703079223633 141.860977665071 160.078367787023 0 156.134805852717 0 0 182.097108840942 173.50076675415 182.48454284668 224.848014831543 0 195.647513495551 177.901118687221 0 181.62678527832 0 207.827033996582 186.41764831543 0 0 0 211.186996459961 0 182.838877360026 234.022722880046 226.974926757813 196.961151123047 0 223.756321498326 195.777471754286 208.917495727539 184.91296005249 146.108757019043 0 0 0 0 0 207.139797634549 193.09437306722 0 0 0 0 0 0 218.637240600586 0 151.356559055608 181.237664442796 133.332850986057 235.836776733398 213.606048583984 133.490629326807 223.25798034668 0 228.26155090332 194.278793334961 212.031341552734 240.008148193359 0 174.358955383301 125.346223871759 155.739574432373 199.424700419108 203.232788085938 0 0
57.2467059985395 31.4364418415774 81.2486323572654 20.0555075463124 15.2601889910998 35.473574035939 68.0533420319702 87.0278361002604 84.2262673811479 89.0159418106079 68.3316270206751 54.6713128214977 0 101.173578898112 103.127342386449 107.549770280427 95.003388254266 122.250532277425 111.412553498239 97.6967247856988 100.2306079349 106.149492608379 113.460974320121 157.377906397769 140.490341186523 153.651802062988 130.115250220666 103.693583488464 66.6507971785122 36.0456899141835 25.3484293495806 49.7289276910484 86.6728692969497 89.108995738174 113.836477279663 82.3459892272949 85.7947809272837 89.4503976867467 110.177850796066 140.438467025757 90.3090517201655 147.315842819214 165.308627989234 78.048412322998 171.012503487723 144.557422637939 140.826611167506 158.458512145996 156.657825893826 165.041181564331 151.11279463768 170.302645087242 137.071715578826 114.354380927817 139.760376521519 112.242804650981 59.9006613033674 105.95881632212 0 72.7203284369575 133.439291419052 173.772532286467 149.724312823752 152.273208109538 125.498098402757 142.968052864075 77.9586073678549 99.480643021433 136.494703142831 187.342545792863 190.476000679864 83.2291226860221 87.1767028808594 111.583772375229 76.0844093911372 166.540306091309 94.7236745880871 113.373371124268 88.3419130170667 178.637563069661 201.066675636985 183.391296386719 124.666710294526 99.7092436666901 104.365477041862 91.2683880329132 99.8843005145038 216.398679097493 191.233074188232 184.418348312378 155.254002834888 149.792501211166 174.352029164632 195.46731262207 178.675829569499 28.7094508202284 70.4659967962301 79.0740556399732 98.6271418428969 74.8297465796609 174.460107421875 154.047197977702 164.157618782737 160.880995215439 179.330240885417 161.461282566616 162.441015625 154.622087751116 173.717450823103 124.843263687626 150.621410023082 152.323586759896 0 0 169.069364045796 0 154.865234375 183.379651896159 179.972885131836 174.955573657952 211.538615635463 180.15657409668 179.218175252279 182.145052228655 204.566860961914 0 175.617126464844 199.337646484375 0 0 163.322270711263 167.265055338542 146.544706273962 145.808671730443 233.882019042969 155.18830949433 0 0 177.652946472168 185.66692199707 178.830921519886 178.852996826172 212.372337341309 183.550862630208 177.162684758504 217.694602966309 174.027583530971 145.029724121094 185.26379699707 185.479173241592 224.634971618652 0 216.096145629883 208.175598144531 0 180.695503234863 217.514053344727 214.227591620551 226.167785644531 244.329940795898 211.946851457868 196.196173095703 0 169.75842590332 153.846077658913 227.206199645996 201.208138602121 204.821674346924 0 144.640683954412 195.744378482594 174.55696105957 158.281730651855 234.86434173584 209.995109558105 206.848078046526 243.698959350586 243.6162109375 203.657880306244 205.863109588623 139.431805502155 162.760007453687 117.464497884115 190.841827392578 205.031879970006 126.9437628852 246.209533691406 198.81938680013 0 215.363143920898 209.806289672852 212.529952049255 0 151.998054504395 116.759031931559 152.679809570312 180.636548360189 0 0 0
51.7847678637512 41.4385092296244 34.577614761011 20.4455602414732 35.473574035939 15.9542893151804 89.4836956429082 95.7815115451813 76.1445983083625 47.0175903231599 42.4593344991202 26.3873156167852 141.240037536621 113.337971369425 115.326926953865 116.175651315542 96.3207469842373 119.734673429127 113.511907814193 131.314215920188 106.804657192973 108.367468227231 101.362298409144 163.150693620954 122.892580577305 136.154844284058 143.315860607006 116.570769541972 97.9423619936097 62.2612253615927 55.2223173376248 25.0382039032088 65.478241544273 92.3693632777733 149.52997303009 0 89.6276301778158 91.0444098845674 115.111592409422 152.401751004733 99.8761913308797 150.405299822489 169.256379158266 100.735464963046 157.360084533691 133.439170451104 139.382157461984 164.237526763569 186.108561589168 171.39935593378 163.097017108269 184.860803331648 146.478105871396 129.910203396917 152.724078824061 120.153335948982 85.8600189737427 80.8237898954705 144.251628875732 92.5206894874573 135.623771137661 177.861163548061 169.921354814009 155.762384659205 136.941163608006 142.490199406942 99.3020625732347 115.599502114689 140.36309930988 197.48760470222 194.266606760549 68.8659543882222 82.9466483514634 96.3167363707371 81.0683994325162 176.265327453613 77.6674468688965 94.1844342549642 74.7883603682212 181.902455647786 209.376529269748 187.16598815918 139.54513340265 113.043429982626 117.706101176269 103.172833242311 138.477036849312 211.217882537842 205.785488310314 199.459001541138 148.198940574349 166.605360298513 190.128235486089 193.790971883138 179.179385375977 39.1398026435183 61.2854957200364 95.9505381768354 110.036437893702 92.405028831668 180.348485115247 157.814586840178 167.684862610163 162.717628226096 175.60030670166 161.271920177605 167.830163394704 133.361343942037 165.648312159947 129.202796856562 149.184545909259 152.423406126977 0 189.598971048991 167.150841562372 174.066970825195 190.850048700968 180.076958211263 210.773030090332 173.592807545381 186.017391336375 180.150710533405 174.693689982096 176.219677960431 196.144052678888 215.767822265625 183.982525634766 184.478439331055 0 181.471959431966 161.956763275957 198.541036987305 139.165202278926 145.161338644684 0 153.538152456284 0 0 166.237114238739 181.065771168676 177.542477562314 200.548805236816 206.202105712891 189.33972246219 173.704717571816 199.396494547526 181.44764818464 145.222229003906 172.323322296143 187.002844376998 214.193087259928 0 229.102924346924 203.750873020717 0 194.412204742432 224.292460123698 220.956524732636 227.219757080078 242.348739624023 211.496684055702 192.147254661277 179.45719909668 178.754841668265 149.917788241772 179.340469360352 206.181490580241 210.028805541992 0 144.174456376296 189.224098344283 179.449866985453 197.195220947266 209.928194318499 211.24711390904 201.42795791626 240.829751150949 0 210.272511291504 206.335536609996 143.029294990091 147.847341187146 122.903089952469 229.076629638672 205.696479103782 122.797748771874 210.09499613444 175.876184082031 233.606372070312 210.476585388184 208.267805850867 222.304639733356 241.048309326172 168.194000244141 122.333774998503 158.2444706967 205.75465120588 227.689819335938 231.482376098633 238.065704345703
35.1880503117327 60.2602248918443 64.6907225066096 70.8531524982858 68.0533420319702 89.4836956429082 18.2559000687892 31.1301375026017 13.6670400581832 30.6270956789733 51.7734745802907 70.481208308876 154.616577148438 118.759735107422 136.125038146973 142.901054382324 0 121.370686848958 194.299980163574 0 136.282662024865 130.557917785645 98.7936401367188 171.797409057617 0 0 113.728446960449 130.714138704188 30.7587059833406 49.1299450828916 63.6490298965214 93.1137313842773 144.511573791504 130.540580240885 195.652923583984 0 127.681529998779 129.149477958679 131.945102398212 158.277587890625 99.1252515204599 173.392509460449 190.774593353271 235.128707885742 101.987027486165 169.505111694336 193.62047958374 185.07037226359 149.90956624349 132.358085632324 127.7431766172 150.787375816932 100.898058195759 82.2837933962917 114.573604465061 93.8496870923398 93.6604329159385 131.329586029053 0 0 179.897725423177 195.527742173937 185.100761413574 0 161.991301103072 129.430714416504 113.785704821006 93.3691787719727 162.677165760713 178.042850269991 181.323672485352 98.1561059719179 146.120679855347 104.354857866154 93.1611821209943 0 66.20425302011 59.269479115804 99.7050316754509 168.158467292786 184.218073120117 161.425054277693 106.973780720051 92.964901244569 123.331447023334 113.103316715785 123.779042561849 185.750527954102 209.165267944336 183.93384552002 200.707702636719 145.559206214318 159.117711041425 227.307388305664 184.984385172526 78.0300260664107 30.3769971698435 30.4746114852278 139.477076530457 107.637703635476 178.97099609375 163.989654541016 191.130301082835 180.956289291382 182.434326171875 176.447667837143 0 172.185836791992 179.140327453613 130.791014777289 170.199645996094 171.659787750244 0 0 0 0 0 137.997192382812 213.123565673828 206.965414428711 207.578475952148 194.976663208008 0 197.760931396484 201.666351318359 0 140.274612426758 0 0 0 180.365871776234 0 162.60463104248 163.884963175456 0 170.861962890625 0 0 195.822261265346 183.184832255046 0 173.532485961914 0 207.048868815104 191.944642808702 0 0 0 0 225.402099609375 0 0 0 218.305081176758 0 195.303756713867 0 215.183057512556 0 244.088745117188 223.553953806559 204.430722917829 132.884140014648 187.572522844587 168.825339577415 191.187072753906 0 235.332916259766 0 0 210.323459625244 212.192398071289 170.115211486816 238.686920166016 0 207.80207824707 0 0 236.84049987793 0 156.569047139486 173.058091163635 124.438102404277 0 240.985168457031 143.0690029992 0 0 211.477401733398 0 212.87648664202 204.838729858398 0 158.542793273926 130.976407368978 186.731384277344 203.832672119141 234.361999511719 0 0
20.3884550230664 61.948704131662 16.8030097052634 75.6356479856703 87.0278361002604 95.7815115451813 31.1301375026017 14.8502484578947 20.7011669919307 16.8135572970185 41.2558314481639 46.3458397502168 0 0 158.357147216797 0 0 0 0 0 121.057746887207 139.496702194214 0 0 0 0 0 111.931190490723 71.5771444625213 71.8508193072151 87.9575814141168 138.177314758301 145.555603027344 0 0 0 0 0 0 0 105.171810743544 165.507797241211 0 0 0 0 0 166.553853352865 133.774505615234 155.00080871582 138.434515211317 155.416655063629 114.158473601165 100.437321141561 118.556643871551 105.298004998101 97.4949722290039 116.938056945801 0 0 0 219.623188018799 0 0 159.29475402832 0 120.399573830997 136.351497650146 186.096759796143 166.475357055664 189.453750610352 158.865985870361 183.578468322754 108.163060968572 188.970733642578 195.371627807617 113.893606821696 0 0 187.094467163086 202.145901150174 178.080551147461 113.710960388184 105.884610993522 129.774991574495 102.191996983119 190.983169555664 192.047485351562 187.392395019531 163.890258789062 0 127.60315322876 168.317836761475 0 159.246398925781 83.845426940918 61.2729641640023 49.4647016593551 0 0 170.909545898438 0 65.3527009600685 170.179788589478 153.240440368652 171.700793179599 161.995742797852 0 158.482991536458 121.907987421209 175.49435933431 158.388687936883 0 0 0 0 0 0 0 0 0 0 0 185.755416870117 0 0 0 0 0 0 171.812339782715 0 144.112453460693 162.133046150208 0 162.296287536621 0 0 175.946556091309 234.737701416016 0 0 0 0 189.320309956868 0 0 0 248.490219116211 0 0 0 0 243.527847290039 0 0 0 0 191.488052368164 0 0 217.763931274414 0 191.61518351237 0 0 0 0 0 0 216.604064941406 0 0 233.927810668945 0 0 0 0 190.917098999023 233.406173706055 157.829811096191 193.566825866699 111.739692687988 0 0 146.253810882568 0 0 0 0 222.784339904785 0 0 0 136.784675598145 165.360466003418 0 0 0 0
100.396781921387 97.095216539171 69.1807972783628 88.6661656697591 84.2262673811479 76.1445983083625 13.6670400581832 20.7011669919307 6.80359082030484 21.5756251200999 48.81428818873 64.228405699749 106.909515380859 138.626815795898 147.970642089844 0 99.2336654663086 0 0 0 105.858454386393 105.496458395933 86.0986667209201 0 108.894477844238 0 177.339599609375 0 69.3305508648908 87.8546852443529 101.426277160645 78.9005432128906 0 0 0 0 0 115.983535766602 0 0 108.882905960083 0 156.178967793783 70.5229316711426 111.73991897583 137.18332417806 0 0 0 117.795384135999 150.274302891323 189.504845513238 62.1220100471257 91.1719797225226 109.973595649965 127.260216849191 97.870901743571 0 0 0 115.10570526123 181.869499206543 0 0 0 95.6688508533296 107.355697385726 0 152.920478820801 210.743316650391 185.530212402344 66.0716217888726 85.655985398726 55.2618285889321 156.871234893799 170.700317382812 36.3831572021757 53.8072296591366 65.1135795970022 156.37614440918 187.232933044434 139.486034393311 142.29296541214 123.851447472206 125.91167678833 102.869683837891 0 167.006643194901 162.839307996962 140.5316733158 139.850332936933 149.68465423584 194.191638946533 0 149.97016398112 132.991310119629 17.384749301883 23.2637275598886 105.494280133929 125.193855285645 125.157417297363 160.724502563477 169.097702026367 156.785694885254 215.975128173828 139.884672725902 0 141.249362945557 0 90.5284439086914 132.58411916097 126.98658479963 134.073287963867 0 179.814987182617 0 145.752517700195 113.805404663086 0 0 122.167861938477 139.830604008266 131.553680419922 155.64316813151 213.818130493164 141.881763458252 110.375564575195 0 0 139.177780151367 187.269607543945 115.602722167969 86.8842379252116 120.908824375698 0 95.5777168273926 0 0 110.304247538249 104.881084442139 0 138.425384521484 0 0 110.479008992513 0 0 0 142.150333404541 182.102121988932 0 0 0 0 0 171.84098815918 0 244.255432128906 231.287414550781 240.131561279297 175.004829406738 157.798377990723 0 183.040618896484 0 0 0 0 0 131.475697835286 158.427469889323 138.47200012207 125.567535400391 0 0 0 0 0 177.88508605957 0 126.076491355896 165.392817687988 75.1331405639648 0 201.314102172852 93.6868354252407 0 144.488857269287 226.53311920166 0 212.164916992188 214.026641845703 0 155.91569519043 106.655146280924 0 168.748291015625 0 0 0
33.8676235166568 116.360073634556 17.1840052029663 63.0196075439453 89.0159418106079 47.0175903231599 30.6270956789733 16.8135572970185 21.5756251200999 9.84234878986575 21.6924043320241 25.1551559673041 0 149.821365356445 0 0 142.9501953125 132.178840637207 220.661392211914 190.087066650391 100.238304138184 103.642773778815 95.9751871282404 0 85.6497573852539 117.384857177734 174.303894042969 157.759521484375 78.6614423402598 93.1909779139927 85.024904523577 70.9933795928955 31.0854268507524 127.507011413574 0 0 99.529182434082 64.398930867513 0 152.627365112305 113.664560060243 145.474380493164 168.061787923177 78.935494740804 126.370479290302 0 162.086807250977 0 155.768585205078 134.559706115723 162.063564300537 187.366369628906 102.980674811369 100.22229230815 132.873585900595 114.094276428223 74.5227584838867 64.871072769165 0 0 128.308227539062 158.954615275065 201.50407409668 0 195.663360595703 108.215225219727 102.343200320289 94.3416366577148 143.102597236633 211.849807739258 190.519292195638 31.2776112140611 97.3499811345881 65.2363174491458 71.8919240778143 203.381729125977 36.3047540469836 61.6566689809163 44.698539574941 182.521026611328 196.251577377319 149.305816650391 126.769387116303 114.106586850923 118.874864083749 93.6293319702148 0 192.394989013672 183.910385131836 147.69306640625 146.238875755897 141.581922531128 179.914300537109 0 182.798194885254 93.1266993204753 24.2907552603428 43.0401878207377 94.4623358590262 0 144.525361251831 153.054213205973 136.875725710834 133.040810194172 146.383868408203 126.895119244119 120.899310772236 91.6314808436803 118.221430460612 86.5732281382491 114.262389988575 124.794287508184 0 0 131.117172241211 152.25651550293 177.850357055664 126.925106048584 146.324836730957 0 138.499224853516 168.112571716309 0 149.152327219645 147.283777872721 0 172.69189453125 0 0 0 131.172519683838 147.926013946533 112.600475492932 127.959363053485 0 137.952541004528 191.400817871094 0 135.792610168457 158.610209147135 0 0 0 177.293029785156 161.346090952555 0 144.036947631836 116.558731079102 121.749014282227 192.556833902995 0 0 0 214.994064331055 0 149.546401977539 0 202.115239461263 0 245.111541748047 183.421534220378 173.134769015842 132.268365859985 147.086074829102 113.80880355835 127.626670837402 0 0 0 136.405067443848 193.844438171387 186.212199619838 0 0 0 198.199127197266 0 0 164.50813293457 191.378311157227 119.669066900494 134.653638203939 88.0567633310954 196.258392333984 0 96.5988042831421 163.829583740234 145.417840957642 209.676874796549 178.504806518555 202.061336170543 161.172607421875 244.975036621094 181.813705444336 81.9884005709811 94.170942235876 175.503499348958 198.133331298828 0 0
86.9133270995258 73.5157953181737 73.710104758695 80.6261467566857 68.3316270206751 42.4593344991202 51.7734745802907 41.2558314481639 48.81428818873 21.6924043320241 9.39100988362146 16.8029578106514 87.9980743408203 127.582302093506 186.756378173828 121.13596496582 88.8848876953125 135.660327911377 114.829204559326 145.474212646484 97.5608802057082 96.3310563301277 80.4366257803781 132.94911302839 102.035352706909 0 169.131271362305 116.433555603027 103.099534803821 90.2171800644671 110.802469041612 37.6842392940147 47.4504412780573 80.1904478634105 0 0 97.2053937276204 97.3586882614508 104.171387672424 165.463592529297 93.9297421945108 160.116500854492 150.742462158203 55.6091046905518 124.229527882167 128.659782409668 146.61003112793 169.299533843994 0 128.819508176861 152.992673492432 178.871045199308 125.483708036119 116.530059208946 138.368614330626 109.647246117685 89.9195533420729 51.0826412200928 175.238861083984 81.8985443115234 133.635772705078 177.473199026925 138.382469177246 159.76296081543 147.6347025091 120.192609786987 91.7611968457399 0 137.842899156653 198.100074768066 178.78980255127 27.171590095604 69.0622070554703 63.3561327659478 64.7065846579415 177.07145690918 43.4019831582224 63.490485781715 41.5339452668569 163.964385986328 201.294426551232 159.6891746521 129.61720830744 105.275577545166 111.206005966454 95.060153358861 154.053935241699 193.85920715332 184.355916341146 157.576102256775 136.882626701804 160.21058754299 182.01895904541 211.885551452637 152.470733642578 63.0962586346795 27.6849266818102 64.2710716530129 92.7803019569034 102.844757080078 157.734276481297 145.72779083252 146.910126475965 141.194963844325 139.222484588623 140.182391457576 149.024285165887 112.537999998848 144.28881093618 105.236022949219 133.129656994437 134.161237272105 0 177.327239990234 154.835632324219 0 152.359079996745 165.736526489258 123.219970703125 158.628841400146 152.595856666565 164.392993503147 140.767496744792 152.909457959627 181.08615620931 0 176.46218363444 0 0 0 148.406512099046 179.695823669434 121.590950094244 124.756765127182 0 132.792544410342 0 126.108093261719 143.990232696533 147.265454292297 167.208297729492 224.43852742513 208.343551635742 172.294503348214 156.330961110641 0 163.387457953559 121.738235473633 129.216719818115 182.130215962728 134.494778951009 210.347518920898 0 189.417705535889 0 160.761234283447 234.237670898438 204.810479597612 218.042938232422 231.701923370361 195.87505756725 178.505732084575 128.119766235352 175.520463307699 129.934981384277 134.938095092773 0 215.297058105469 0 141.339635848999 179.384657723563 165.970204162598 134.193778991699 151.727493286133 213.200630187988 195.645385742188 230.622148301866 247.12077331543 190.381409962972 203.463356018066 123.62683010759 129.611295526678 91.020079029931 238.870315551758 189.28379313151 103.324609957608 191.15701751709 184.785697937012 212.688703264509 164.373199462891 195.052920341492 200.527669270833 236.790466308594 146.153146107992 96.4793148666132 112.641966342926 170.355851606889 143.542012532552 0 233.148513793945
76.1675848524147 66.8561489373947 30.0067171944315 24.6809977354106 54.6713128214977 26.3873156167852 70.481208308876 46.3458397502168 64.228405699749 25.1551559673041 16.8029578106514 12.5498361826926 123.726572672526 127.600912614302 119.122590332031 116.506817681449 101.865716868433 126.742776211825 119.350851159347 105.709504445394 107.330321957251 105.867038024394 93.5472297986348 153.367918748122 115.132996559143 142.067588806152 146.559506623641 128.615607942854 115.630233422304 92.4113892947926 93.435055777084 25.5620472483608 29.6782076300407 88.891202904019 0 144.710723876953 94.9051784852735 91.3366913972078 120.80569981817 166.808186848958 105.22969486316 156.057033192028 170.85798381937 65.8359743943855 143.667358398438 127.143615549261 151.661911964417 169.715315720131 164.177960564108 154.118694403233 163.530322832939 190.535933876038 144.722940727303 131.913610163094 149.430686626029 124.153774588449 98.3404132433174 54.640019130237 171.587010701497 145.40517171224 142.823156693402 179.265946696575 186.346050486845 151.514651828342 135.415937884101 128.041934543186 102.72310408942 131.03823767768 147.09831991075 197.857651265462 194.865551695532 32.3017312876039 67.9826286209643 82.1905752552229 69.9652986654328 205.764805385045 66.5744929960218 87.7622946103414 54.3272836102641 176.311296735491 213.986689691958 181.220606023615 143.088363498698 119.252688204734 122.738754540495 105.954708551344 152.904053774747 205.727837302468 188.059747314453 168.852296829224 143.212052142034 163.150893064646 189.847872334142 214.103057861328 184.800102233887 56.1101674474793 51.9363009247281 86.6425315672508 107.194217995169 102.171348889669 174.06796446634 165.297848759865 168.028319551937 162.755912004013 167.172797611782 160.420932400137 171.898046053373 135.960746467888 108.805120409452 126.958840200442 121.322636444654 154.575560254549 206.916458129883 147.569081624349 169.851692962646 130.674102783203 133.296589244496 177.010039265951 168.251219855414 177.402140227842 157.141335400668 185.945227529488 175.068477630615 172.171275212215 182.655860137939 215.771286010742 163.584716796875 201.226150512695 0 218.539006551107 162.032912254333 192.769934844971 138.312103968233 144.161444126875 212.804306030273 148.635521313823 0 0 165.802052651682 166.740133839269 188.91794128418 212.944721221924 228.215682983398 188.432435660527 170.251843826859 0 182.890134811401 152.970348704945 148.85058013916 190.799499062931 173.710845947266 237.300430297852 238.923380533854 208.809798558553 238.311676025391 186.326695578439 219.175350189209 220.149683316549 210.228370666504 0 211.095612444196 195.696113533809 176.610776265462 176.885372924805 142.742113481488 157.394638061523 208.716262817383 222.304782867432 234.007385253906 164.634233856201 198.78339173073 169.843821207682 158.108850267198 158.025858561198 224.101071166992 202.486901023171 238.851058959961 238.432403564453 203.044238090515 201.914987182617 143.587291041031 149.48928997671 113.061817946257 200.858388264974 216.384750366211 123.040492152254 200.373086293538 188.182217915853 228.547268676758 204.411303710937 208.908408565798 211.559554036458 240.734827677409 172.343356323242 124.01367214037 154.659459731158 188.219033893786 164.1142578125 233.597305297852 179.787887573242
206.714233398438 0 0 0 0 141.240037536621 154.616577148438 0 106.909515380859 0 87.9980743408203 123.726572672526 11.5511295498993 111.187892913818 97.1981620788574 0 74.6276630825467 53.1484234549782 31.2922367430789 92.169415473938 138.676063537598 95.3785247802734 124.998552322388 81.7259460449219 0 0 68.4915035565694 64.9925114767892 139.0400390625 151.927203587123 195.619857788086 98.4003677368164 95.3235168457031 82.9294637044271 66.8541488647461 0 68.8191685994466 70.1742357239687 50.8384201252355 91.6126708984375 88.9995765686035 67.7905638558524 78.9860180664062 27.4660371694704 20.0398470837601 21.350413906395 99.4686241149902 122.327292548286 119.060333251953 41.6189001646117 104.191337585449 129.785979134696 138.589706420898 143.705032348633 0 0 133.611928939819 93.1162033081055 103.026374816895 0 63.1659692128499 119.409469604492 85.7450580596924 61.9688017708915 57.576815004702 28.503231680753 137.687399291992 101.990840911865 72.1078181675502 146.886703491211 109.68712310791 88.3022071838379 75.8983507414122 34.6124737739563 117.04154066606 82.6312065124512 75.8102000517004 19.1165459676314 69.9776390075684 102.335696411133 120.110941979193 72.6543755250819 0 185.321884155273 172.818710327148 160.907730102539 112.017303466797 96.5366126060486 92.5991154423466 61.8531776786651 56.6820948608967 116.998851429332 105.100250244141 0 115.691617525541 121.226219177246 90.4353434244792 108.19214630127 136.605186462402 105.838066101074 177.552001953125 183.015571594238 0 0 157.790791829427 0 0 0 0 0 0 176.351623535156 142.424591064453 109.887464904785 79.8075553263266 119.006759643555 110.631881713867 99.9345834038474 136.655841827393 88.6065853757192 130.94278893104 99.3770506676207 126.025228118896 152.19075012207 212.123306274414 0 0 104.891447703044 0 107.608117421468 171.943895612444 157.298309326172 0 0 0 155.524463653564 0 172.381225585938 165.558970133464 138.030655860901 85.8960633245891 135.70219930013 99.3847288048786 175.487045288086 189.576515197754 139.806221008301 81.4686865488688 69.9262456893921 118.032363891602 92.0170982421875 128.435146331787 162.491268157959 136.831753322056 0 0 85.995677947998 0 0 160.865535736084 173.211456298828 0 208.179008483887 0 192.179901123047 142.655570983887 0 91.8500995635986 127.192381964789 151.675350189209 45.3904460635581 230.102340698242 174.374206542969 166.477386474609 154.492513020833 127.542163848877 100.474961739999 221.872344970703 227.615798950195 106.946083646832 123.947487831116 0 138.61302947998 53.9875922066825 146.546363830566 118.611214773996 0 0 77.9893074035645 174.802786690848 0 222.697875976562 125.822393689837 139.719268798828 163.954807281494 243.5595703125 0 0 0 0 0
144.478427124023 108.568244934082 178.710319519043 0 101.173578898112 113.337971369425 118.759735107422 0 138.626815795898 149.821365356445 127.582302093506 127.600912614302 111.187892913818 15.9466177876588 18.641874751621 60.0801648210596 25.4050639281029 82.4031248061177 83.226033711076 64.8666986961887 79.0041696885053 88.5609949978915 60.8140251704625 69.0800218823154 76.5755808353424 50.5500220395206 42.2194342171835 33.2262639378316 141.193069458008 116.53602493641 84.5391751607259 75.6576202392578 112.428155899048 56.4640901058535 26.9927312263885 23.8895902797262 18.640946052154 123.930027008057 61.6852049100197 44.0595721752968 77.3786864136205 85.2011749267578 83.2670113699777 89.342963218689 102.430906295776 113.282123020717 55.2115072509617 107.970373153687 113.437427520752 101.967140197754 135.728576660156 189.035034179688 174.273391723633 160.544245402018 102.510057449341 115.588907877604 107.936411857605 58.9924248032651 38.5245738243401 36.7491958121784 108.318016919223 124.014085749144 95.1208406357538 71.4644029437371 69.8444543703638 108.06639251709 142.791424560547 65.9712381040895 88.5067786303433 141.450512695313 144.71142578125 115.595881144206 143.113784790039 60.1747438891181 76.3607766419379 98.8747177124023 0 62.4492519923619 136.551368713379 0 167.147033691406 0 170.185653686523 177.017761230469 110.231936136882 104.938323974609 75.7203396883878 178.189504623413 160.832116699219 98.0050888061523 115.312734444936 135.505390712193 141.69325764974 136.248774210612 107.771731567383 85.6546578979492 198.022425333659 0 186.390068054199 91.425212097168 225.390975952148 0 0 0 0 0 0 0 0 0 0 0 133.530402990488 121.690970772191 137.168694178263 123.936840290926 122.966146295721 114.28931350708 125.652670754327 148.037472064678 127.266962080735 128.372284858849 121.095633244169 154.588470458984 137.11067199707 147.509780883789 131.582703484429 160.779373168945 124.538542429606 131.676837158203 203.783599853516 0 0 136.350204467773 0 0 122.040168023879 123.030621119908 128.80361848719 127.950179527546 153.448970794678 131.492142512881 153.948787689209 156.906036376953 134.203332901001 168.926230294364 147.306030273438 126.675659179688 109.597980778392 148.381111621857 142.067081451416 199.569000244141 200.435201009115 0 0 185.516471862793 0 0 223.140579223633 238.83332824707 0 174.447845458984 0 0 0 129.323728942871 144.921908569336 163.467514038086 207.578758239746 100.707745361328 0 0 0 129.099304199219 177.72437286377 159.343678283691 0 0 153.20432027181 153.429565429688 153.989368438721 141.46291809082 75.206237561775 158.556671142578 179.440715789795 136.070048522949 210.241165161133 127.894763946533 184.014312744141 0 0 166.353273831881 232.906890869141 0 133.669357299805 0 0 0 0 141.254959106445
