38283 9981 20361 5623 1919 7939 10685 11571 102 2769 121 2483 0 1 2 0 0 0 0 1 116 68 4 6 25 0 4 7 6077 9399 420 72 82 4 0 1 2 2 8 7 845 1 6 0 2 0 24 10 23 8 117 237 1082 529 999 406 70 2 5 1 1 6 17 1 10 2 473 25 36 58 11 60 10 25 20 7 25 1 33 40 163 10 2834 382 1098 91 42 56 23 2 13 360 140 29 28 317 144 1984 63 22 17 1 87 24 3 121 24 29 31 48 65 263 0 0 0 0 1 0 0 0 0 1 1 7 5 0 0 0 0 0 21 0 17 60 1 10 0 0 15 16 0 1 0 8 17 0 1 0 2 2 1 1 0 2 0 1 1 6 1 3 16 18 2 17 3 0 0 0 0 1 21 4 0 0 2 0 0 2 2 0 117 40 16 0 0 84 1 0 4 2 17 0 0 1 67 15 7 3 0 0
9981 32698 3774 19733 2488 4389 155 85 9 343 39 333 0 2 0 1 1 0 0 0 153 43 1 1 12 0 2 1 485 2070 72 26 87 5 0 0 0 3 0 3 487 1 4 0 1 0 6 3 13 1 35 44 157 57 115 173 39 2 2 1 1 1 7 0 1 0 272 10 9 18 3 95 4 38 20 0 21 0 55 3 47 4 686 156 780 86 14 19 11 0 5 93 35 11 10 60 41 90 55 5 28 4 94 29 3 124 20 7 41 42 41 161 0 0 0 0 0 0 1 0 0 0 0 14 1 0 0 0 0 0 25 0 8 43 0 17 0 0 11 11 0 3 0 15 42 0 1 0 0 1 2 0 0 6 0 1 0 10 1 0 12 33 2 13 0 0 0 0 0 1 13 10 0 1 0 1 0 0 0 1 99 42 23 0 0 116 0 0 0 0 25 0 0 1 44 15 10 1 0 0
20361 3774 27370 9872 133 6089 1391 4029 69 5832 326 18632 0 3 3 1 1 0 2 2 191 99 9 3 30 5 0 2 786 309 68 23 109 7 4 1 2 5 1 6 893 5 8 1 1 2 25 4 18 4 88 134 402 185 415 329 60 5 3 1 3 8 20 1 8 1 461 15 23 28 7 157 10 80 26 4 46 1 76 24 91 5 1747 339 1271 115 35 42 25 4 10 259 105 17 19 84 192 423 85 20 94 12 382 94 26 485 72 68 151 94 167 760 1 0 0 0 0 0 0 0 0 3 1 33 16 1 1 0 0 0 74 1 37 158 1 44 0 1 19 31 1 2 1 40 72 2 4 0 1 4 1 0 0 8 0 2 10 26 2 2 45 54 9 39 2 2 0 0 0 0 53 19 1 3 0 0 5 2 3 0 343 81 54 1 0 341 0 0 0 14 69 0 1 1 257 64 31 2 0 1
5623 19733 9872 30276 9137 14521 187 60 6 313 26 2500 1 1 2 2 0 0 0 1 188 71 5 2 23 1 1 2 469 3176 219 45 98 3 0 0 4 4 2 3 414 1 12 2 0 1 19 6 9 2 21 26 134 63 91 123 44 0 2 2 2 6 10 0 4 2 255 13 16 8 1 115 6 41 12 3 41 0 64 6 35 1 475 134 721 106 24 13 7 2 4 61 24 5 12 187 77 103 71 7 55 9 173 51 10 243 40 19 59 70 95 304 0 0 1 0 0 0 0 1 2 0 1 22 9 0 1 0 0 0 25 0 18 71 1 27 0 0 12 13 0 1 0 21 37 0 2 0 0 3 1 0 0 8 1 0 1 21 0 1 24 34 3 26 2 1 0 0 0 1 40 10 0 0 0 0 0 0 3 0 166 50 19 0 0 204 0 0 0 3 42 0 0 3 92 23 8 1 1 0
1919 2488 133 9137 19126 16462 749 62 11 93 52 1552 1 79 80 30 5 19 11 4 318 475 30 23 60 7 27 109 2573 7821 10579 484 719 102 13 13 33 29 103 32 456 3 62 1 4 26 42 142 15 4 27 55 336 241 215 139 836 33 20 1 66 107 158 16 175 2 563 63 766 75 36 263 119 27 280 215 16 0 175 9 54 0 735 217 757 148 231 17 36 3 360 79 43 17 94 3884 75 467 245 500 16 4 46 8 2 58 8 9 12 17 27 102 0 4 4 0 1 0 2 8 0 1 5 17 3 0 2 0 0 0 8 0 11 29 0 12 0 1 14 17 7 8 9 10 15 3 2 0 5 28 2 2 2 1 0 0 3 3 0 1 8 9 1 3 0 1 5 6 3 1 10 2 1 0 12 24 1 3 57 16 62 26 16 1 7 80 0 2 9 5 10 12 2 3 41 11 5 1 0 0
7939 4389 6089 14521 16462 18063 1453 268 69 910 204 19065 1 20 28 16 0 4 12 6 802 698 41 12 147 11 10 41 2044 7710 2632 2408 1652 41 6 6 13 43 35 29 1110 5 36 4 2 15 51 65 21 4 38 63 302 179 298 343 142 25 12 3 16 60 80 8 65 2 722 37 277 47 12 578 92 118 137 59 114 2 306 17 85 8 1272 386 1939 384 124 21 21 2 222 135 61 23 65 1361 523 599 271 92 153 35 616 145 38 805 129 136 249 191 359 1369 0 2 1 1 0 2 3 3 9 4 10 69 30 0 1 2 1 1 136 3 95 326 5 64 2 0 42 38 2 11 5 45 130 4 6 2 8 12 2 0 0 14 1 11 7 44 4 2 72 101 15 76 5 5 1 5 0 3 72 39 0 2 9 9 2 0 25 3 713 139 106 0 2 673 1 1 4 13 109 3 3 5 438 89 62 5 0 1
10685 155 1391 187 749 1453 9005 6716 639 2986 164 691 7 3 4 0 0 0 0 0 36 44 1 2 10 0 1 8 3259 887 364 46 39 5 1 3 1 1 10 1 93 1 4 3 14 5 7 8 3 18 31 57 746 430 594 77 42 0 2 0 4 4 6 2 9 3 46 7 34 16 2 67 9 17 11 12 52 9 27 21 35 6 776 36 105 14 12 14 11 4 17 63 33 4 8 248 1001 5100 15 10 10 4 36 9 5 42 7 7 24 18 28 105 0 0 0 0 1 0 0 0 0 2 1 4 2 0 0 0 0 1 7 0 4 20 0 6 0 0 12 11 0 1 0 5 10 0 0 0 0 1 0 0 0 4 0 1 3 0 1 2 4 9 0 4 0 0 0 0 0 0 11 3 0 0 0 1 0 2 2 0 37 12 8 1 0 52 1 0 2 1 11 0 1 2 26 6 2 0 0 0
11571 85 4029 60 62 268 6716 20546 1202 16810 398 781 0 0 0 0 0 0 0 0 8 13 0 0 4 0 0 0 243 215 30 6 8 0 3 0 0 2 2 3 158 1 3 0 1 0 6 2 2 4 37 70 427 132 388 88 5 0 2 0 0 2 2 1 0 0 76 7 8 13 1 20 4 19 7 0 17 2 7 7 52 6 830 62 157 12 6 6 6 1 2 100 42 4 7 28 279 1078 9 2 13 2 43 16 10 89 12 18 30 23 39 204 0 0 1 0 0 0 0 0 0 0 0 7 2 0 0 0 0 0 11 0 3 32 0 3 0 0 5 3 0 0 0 7 8 0 0 0 0 0 1 0 0 1 0 0 1 10 1 0 10 14 1 19 0 0 0 0 0 0 9 4 0 0 0 0 0 0 0 0 71 12 8 0 0 40 0 0 0 0 14 0 0 0 86 13 3 3 0 0
102 9 69 6 11 69 639 1202 362 1082 134 221 27 0 0 0 0 1 1 0 9 16 0 0 2 0 0 0 49 20 3 11 24 1 0 0 0 1 1 1 22 0 0 5 73 11 0 1 0 84 6 30 174 37 81 13 3 0 0 0 0 1 1 0 0 25 12 1 1 1 0 160 5 93 3 0 202 39 51 16 13 36 113 2 15 0 0 36 20 37 30 12 4 0 2 11 1453 1012 2 3 3 0 13 1 4 48 11 10 16 15 29 127 0 0 0 0 0 0 0 0 1 6 0 3 4 0 0 0 0 0 7 1 4 19 0 4 0 0 8 8 0 0 0 1 3 0 0 0 0 1 0 0 1 0 0 0 0 3 0 0 1 4 3 4 0 0 0 0 0 1 2 1 0 0 1 1 2 0 1 0 31 16 11 0 0 22 1 0 0 2 1 0 1 0 60 6 2 1 0 1
2769 343 5832 313 93 910 2986 16810 1082 33472 12607 22439 9 3 1 0 0 0 3 0 45 44 4 1 7 0 2 3 353 264 41 33 117 3 0 0 2 2 1 0 332 0 4 1 15 1 9 3 11 16 61 98 547 142 483 178 18 2 1 0 0 2 7 2 5 7 152 11 8 32 2 339 8 133 15 2 310 15 90 18 62 12 1202 87 327 30 8 33 11 6 4 151 69 10 15 52 2289 1272 26 9 129 23 339 126 33 575 123 123 192 194 281 1284 0 2 1 0 2 0 1 1 0 2 2 54 15 0 0 0 0 1 70 2 75 240 2 63 0 1 42 34 0 7 0 61 106 1 6 1 3 1 2 1 0 11 0 6 13 40 5 8 58 77 13 46 4 2 1 0 0 0 51 23 0 1 1 1 8 0 2 0 474 112 62 1 1 365 1 1 4 8 89 2 8 9 474 72 35 2 2 1
121 39 326 26 52 204 164 398 134 12607 5559 6107 31 0 1 0 0 1 1 1 51 70 5 0 3 0 0 0 67 61 17 20 57 2 0 0 1 4 0 1 86 0 0 15 40 8 4 0 2 49 11 25 93 21 60 21 8 0 2 0 2 2 0 1 1 17 44 1 7 7 0 1193 14 162 7 2 1125 91 90 8 9 26 167 20 79 15 4 18 21 9 11 15 10 0 6 39 4252 337 9 0 61 12 118 43 19 240 46 80 102 64 141 688 0 0 1 0 0 0 0 1 4 3 2 41 15 0 1 0 0 1 38 1 45 135 1 28 1 0 21 17 0 2 0 11 49 2 2 1 1 4 1 0 0 13 0 0 4 12 1 5 28 29 4 25 3 0 1 0 0 0 26 11 1 0 1 0 4 0 10 0 304 43 58 1 0 295 1 0 1 10 28 1 3 3 269 38 21 4 0 1
2483 333 18632 2500 1552 19065 691 781 221 22439 6107 34540 10 9 9 10 0 7 15 10 603 693 49 8 105 10 4 22 581 1507 491 2160 2462 38 4 3 6 62 20 22 725 6 24 11 17 40 42 26 9 9 28 63 267 84 154 176 59 88 12 0 16 40 54 6 41 2 310 48 143 27 6 2383 138 225 308 44 458 26 794 9 31 6 557 154 923 193 63 13 11 9 160 62 30 18 50 1575 4102 613 171 31 279 56 1123 170 73 1248 216 266 382 317 616 2801 0 0 0 2 0 2 4 1 9 6 15 133 49 3 3 1 1 2 182 5 185 585 2 71 0 0 52 68 3 20 1 70 204 3 12 0 10 7 5 0 1 25 0 13 11 55 2 3 90 144 15 161 2 4 3 2 2 6 129 70 0 3 3 3 3 2 17 3 1271 141 176 2 4 1047 8 0 9 30 117 1 2 13 1034 175 89 21 0 3
0 0 0 1 1 1 7 0 27 9 31 10 2971 0 1 5 5 18 1644 39 1 4 1 3 0 0 2 2 2 1 1 0 5 1 2 0 17 181 5 3 10 3 18 6050 3072 3788 0 6 0 299 1 19 5 0 1 0 1 0 0 0 3 7 7 12 21 2480 2 0 6 5 4 276 457 902 3 6 1023 415 1157 8 9 32 5 0 1 3 2 39 98 362 386 4 2 1 17 6 234 41 3 1 0 0 1 2 0 3 0 0 0 0 0 1 0 98 293 3 1 57 1 1399 9 785 12 3 1 0 1 14 0 23 4 2 1 7 2 3 0 0 17 18 392 6 169 2 4 7 8 61 23 765 1 5 5 0 0 2 2 1 0 1 1 2 0 0 3 6 206 36 10 297 1 1 1 1 22 64 0 4 101 24 2 5 203 5 34 8 1 6 21 1 0 36 3 5 1 0 1 0 0 0
1 2 3 1 79 20 3 0 0 3 0 9 0 6838 6220 676 237 139 31 80 65 81 272 100 7 8 566 673 97 21 140 1 58 608 5779 5236 2034 40 394 1964 773 21 81 3 0 17 564 16 20 0 0 4 22 14 13 9 74 144 1762 932 32 0 95 74 301 0 86 724 338 2 1 9 26 8 592 18 2 0 11 0 4 0 29 13 25 8 99 1 10 3 22 14 4 6 43 160 2 5 28 62 0 0 1 0 0 0 0 0 0 0 2 0 4 4 3 2 0 7 7 12 35 125 42 5 1 0 3 0 0 7 1 0 0 4 1 5 3 0 13 24 3 23 8 0 2 1 0 2 22 9 0 0 0 0 0 0 0 1 0 0 1 0 0 0 0 4 2 4 2 0 1 1 0 3 3 6 1 1 4 2 7 2 15 0 4 5 0 0 0 0 0 1 0 0 0 0 0 0 0 0
2 0 3 2 80 28 4 0 0 1 1 9 1 6220 16555 10059 561 2447 131 1405 152 111 500 169 8 30 970 2006 143 36 155 2 30 287 1749 1144 1418 50 774 1041 1698 72 102 10 1 111 246 19 48 0 2 5 22 16 32 17 87 69 577 205 349 7 60 68 313 2 72 462 396 12 9 16 14 10 366 51 1 0 13 0 10 0 34 16 37 11 107 8 30 3 128 42 6 22 63 159 0 10 21 70 0 0 0 0 0 0 0 0 0 0 0 0 2 15 7 19 1 20 17 42 56 239 90 3 3 2 4 7 0 18 1 0 0 2 0 3 9 2 22 33 19 26 15 0 5 2 1 4 47 22 1 1 0 0 0 0 0 0 0 1 0 0 0 1 0 4 13 7 5 1 2 1 0 1 5 15 1 3 4 4 3 17 22 1 6 15 0 0 2 1 1 3 5 1 0 0 2 0 0 1
0 1 1 2 30 16 0 0 0 0 0 10 5 676 10059 10210 266 5089 2408 2135 12 35 148 188 6 13 717 1205 35 10 44 6 85 371 149 123 1075 256 1170 121 680 76 134 12 3 307 73 29 80 0 0 1 7 2 22 5 17 104 207 172 282 16 41 65 159 4 15 252 216 6 5 43 49 17 310 54 1 6 44 1 8 3 17 0 9 2 50 18 57 6 91 80 11 32 81 137 0 2 7 19 1 2 1 0 2 2 0 1 0 1 1 1 15 386 319 33 5 152 9 589 43 1201 28 4 0 1 1 46 1 198 11 4 3 3 2 13 11 2 32 39 571 14 238 2 4 3 1 124 89 195 2 4 1 2 0 1 0 0 0 1 2 5 0 0 10 3 67 51 11 15 3 4 7 5 5 94 0 0 20 3 13 17 80 11 6 7 0 1 5 1 1 2 7 2 1 0 4 0 0 1
0 1 1 0 5 0 0 0 0 0 0 0 5 237 561 266 981 145 413 1396 47 63 124 25 9 49 12 3 1 0 3 1 13 31 14 368 4194 798 25 141 338 11 19 52 10 77 18 2 4 3 0 0 0 1 3 3 1 16 10 11 40 0 3 0 14 3 6 19 23 1 1 12 48 30 47 8 2 8 20 0 0 3 6 0 11 6 7 2 5 2 53 8 2 4 10 10 0 1 3 3 0 0 0 0 2 1 0 0 1 0 1 2 33 28 10 68 1 20 57 11 182 138 163 15 14 2 11 7 3 44 8 0 2 4 1 5 37 1 61 116 12 146 10 2 12 11 1 1 112 16 15 8 1 0 0 0 0 0 0 2 0 0 0 0 1 22 8 24 14 3 3 5 0 4 5 34 3 1 2 2 17 42 43 0 3 24 0 0 1 8 1 5 16 10 0 0 8 4 2 2
0 0 0 0 19 4 0 0 1 0 1 7 18 139 2447 5089 145 10077 1051 389 15 39 157 580 6 18 926 242 8 2 19 11 52 235 62 23 554 217 2656 99 1162 173 533 115 16 5038 55 50 144 4 2 4 2 0 47 11 10 72 53 60 2124 22 85 283 304 18 12 92 452 25 13 26 72 13 160 174 3 6 56 0 9 0 11 2 6 1 18 19 72 8 683 102 9 42 147 56 0 0 8 2 0 5 0 0 7 2 0 0 0 0 1 2 9 1063 595 19 9 316 21 1303 60 1285 39 5 5 7 4 132 3 357 25 12 12 16 2 48 13 13 37 82 1865 26 952 4 6 11 15 199 63 694 9 6 4 1 1 4 0 2 1 1 0 6 0 3 18 17 270 235 32 43 2 13 27 14 9 245 1 5 69 13 15 19 78 19 21 8 0 5 7 1 5 14 9 35 0 2 0 4 0 0
0 0 2 0 11 12 0 0 1 3 1 15 1644 31 131 2408 413 1051 42220 3752 23 55 74 96 17 60 219 77 8 0 2 12 65 36 40 7 1326 3100 64 209 238 24 123 8373 706 2976 30 13 45 207 5 29 0 3 9 0 2 10 10 1 51 10 37 65 37 246 7 14 25 10 9 249 1030 2150 39 15 90 805 659 26 21 64 9 4 14 7 7 79 141 227 1295 50 7 22 71 42 16 2 15 3 0 4 2 2 13 2 0 1 0 1 4 5 176 1138 1398 406 20 938 129 3165 865 11049 780 25 20 23 11 194 21 1161 28 9 2 33 5 42 166 27 261 339 1264 273 505 10 27 42 12 856 1259 780 29 37 12 3 3 6 1 4 1 10 2 9 0 1 14 61 147 244 74 94 10 23 16 15 34 314 6 6 95 20 25 121 1972 18 33 120 0 7 21 8 4 27 39 45 2 0 5 3 2 1
1 0 2 1 4 6 0 0 0 0 1 10 39 80 1405 2135 1396 389 3752 1804 79 102 278 136 29 135 71 19 4 0 1 3 37 68 34 30 1518 674 53 404 596 52 123 271 42 273 48 17 60 23 2 5 2 0 11 5 6 13 18 5 235 15 33 6 19 5 12 14 28 11 2 54 164 97 42 20 8 68 84 3 8 5 8 6 24 12 5 26 63 27 164 65 11 33 91 17 2 1 20 1 0 4 0 0 5 2 0 2 0 1 0 1 151 195 69 284 10 92 84 84 569 996 345 42 26 28 16 63 18 335 7 2 4 15 0 21 164 16 146 245 48 371 44 7 29 25 1 16 454 67 42 25 9 1 3 1 2 11 0 2 1 10 0 1 2 68 11 79 64 3 22 12 5 17 31 130 9 4 17 9 19 117 156 6 10 102 1 1 10 12 3 15 51 16 0 0 9 6 1 8
116 153 191 188 318 802 36 8 9 45 51 603 1 65 152 12 47 15 23 79 7721 8124 4319 164 485 168 14 8 102 113 206 125 395 187 12 12 79 206 7 276 1368 40 134 14 2 14 209 9 41 2 1 4 24 8 14 838 46 48 49 4 9 27 35 6 8 2 43 142 40 21 5 408 292 34 266 12 86 1 351 1 8 0 63 22 4550 1223 125 13 37 4 59 38 15 26 130 410 131 41 665 38 3 2 10 4 2 23 4 3 1 4 12 22 1 4 1 4 0 0 8 0 28 6 28 20 6 3 1 0 1 1 4 3 1 23 0 28 3 0 63 85 1 30 0 6 10 1 1 0 24 1 9 1 1 0 0 0 0 0 0 0 6 6 0 3 0 7 2 0 2 0 10 5 0 1 4 4 0 0 4 0 45 58 21 0 0 53 0 0 0 1 5 1 1 2 13 0 8 1 1 1
68 43 99 71 475 698 44 13 16 44 70 693 4 81 111 35 63 39 55 102 8124 31567 4878 624 6830 3123 72 10 179 150 287 313 933 495 41 18 204 616 14 3778 1397 221 1008 54 9 60 902 102 135 16 7 14 48 21 51 323 117 93 124 10 28 154 342 35 14 3 403 358 84 114 18 871 797 81 664 57 225 8 817 1 43 4 503 247 6400 2714 361 39 245 20 256 206 74 166 1121 867 206 53 5022 85 5 2 12 2 4 23 4 14 11 6 12 50 7 3 3 11 9 5 39 6 124 23 105 40 32 3 7 9 1 9 10 0 9 50 2 69 16 1 201 295 7 127 3 3 22 9 1 0 89 16 31 7 5 0 0 4 0 3 1 2 5 9 0 3 1 26 5 18 12 3 19 14 2 8 4 12 2 2 23 3 74 123 77 0 8 141 0 3 13 10 15 18 9 11 26 7 8 5 0 11
4 1 9 5 30 41 1 0 0 4 5 49 1 272 500 148 124 157 74 278 4319 4878 14875 5887 292 7694 456 15 38 5 23 29 177 345 52 43 283 360 28 4929 8616 2000 1301 25 0 42 312 27 251 5 4 7 12 5 63 44 29 15 59 15 48 49 118 28 12 1 151 42 41 76 9 111 260 28 59 21 9 0 136 0 12 0 67 40 380 108 40 22 101 9 117 149 34 103 670 64 17 5 254 9 0 2 0 0 1 2 0 0 1 0 2 5 1 6 2 7 3 9 19 6 61 33 67 9 12 1 3 4 0 11 6 1 2 9 0 10 6 0 53 88 4 58 3 1 3 2 0 0 48 9 4 4 5 0 0 1 0 1 0 0 3 1 0 2 1 14 4 7 5 1 3 2 0 4 5 13 1 1 13 1 6 38 26 0 3 28 1 0 6 4 4 11 6 1 1 2 3 0 1 0
6 1 3 2 23 12 2 0 0 1 0 8 3 100 169 188 25 580 96 136 164 624 5887 15433 218 3684 5441 238 64 9 22 3 32 63 545 37 95 99 69 7973 3058 5386 3801 18 17 1246 992 31 266 2 2 2 18 7 91 24 54 11 207 22 516 39 263 650 193 2 169 87 106 33 11 32 45 11 44 45 2 0 29 0 9 1 72 35 82 69 52 9 83 8 647 113 17 68 494 50 4 1 152 14 0 0 0 0 0 0 1 0 1 0 1 1 3 5 7 2 2 9 12 64 31 28 29 1 1 1 0 5 0 4 2 2 0 3 0 3 5 0 25 30 33 16 30 2 1 0 1 0 27 58 5 2 3 0 0 0 0 0 2 0 0 0 0 0 0 7 25 8 4 3 0 0 0 1 2 16 0 1 12 6 2 14 12 1 9 9 0 0 5 0 1 5 0 2 1 0 2 0 0 0
25 12 30 23 60 147 10 4 2 7 3 105 0 7 8 6 9 6 17 29 485 6830 292 218 14260 289 84 9 173 29 98 25 104 67 30 3 32 94 4 4499 196 47 609 9 5 56 7102 44 23 6 7 16 103 31 59 112 245 7 118 3 31 150 440 89 30 0 1251 737 127 92 10 131 135 30 70 26 31 1 115 3 27 0 629 481 1800 1606 2535 12 103 9 144 58 35 59 573 100 27 12 7351 237 0 1 0 0 5 3 1 0 0 2 4 8 0 2 1 2 2 1 8 3 28 8 23 8 2 2 0 0 0 2 0 0 0 9 0 17 1 2 56 81 3 12 2 0 9 1 1 0 24 10 3 1 4 0 0 0 0 2 0 2 1 2 0 1 2 7 3 4 2 2 4 1 0 1 4 5 0 0 8 3 17 35 15 0 3 24 0 1 5 2 3 9 1 3 2 3 1 0 0 1
0 0 5 1 7 11 0 0 0 0 0 10 0 8 30 13 49 18 60 135 168 3123 7694 3684 289 7344 894 1 39 6 8 1 34 79 35 2 107 242 7 7897 1067 206 501 29 0 22 108 16 32 1 0 2 15 4 14 13 16 1 17 1 10 27 76 19 5 0 139 9 10 29 2 37 171 20 9 7 3 0 71 1 5 0 71 56 146 69 14 8 32 1 42 28 10 23 265 16 1 0 142 2 0 0 1 0 1 1 0 1 0 0 1 1 4 4 3 9 2 6 28 5 79 46 106 11 5 2 3 4 1 11 3 0 0 4 0 5 9 0 75 104 2 59 2 0 11 4 0 1 48 2 7 2 0 0 0 0 2 0 0 1 1 1 0 0 0 13 4 2 2 0 3 3 2 5 4 6 0 0 2 3 10 26 34 0 4 16 0 1 2 1 2 5 3 2 1 1 2 1 0 3
4 2 0 1 27 10 1 0 0 2 0 4 2 566 970 717 12 926 219 71 14 72 456 5441 84 894 21631 6016 151 13 77 0 16 127 2158 240 142 45 91 3594 547 218 2403 15 6 423 777 18 45 0 1 3 29 23 30 13 130 9 604 106 139 10 244 2701 1269 3 225 291 220 9 2 6 21 8 60 5 1 0 4 0 4 0 81 36 33 39 72 2 16 0 89 22 5 19 146 31 2 7 175 64 0 0 0 0 1 0 0 0 0 0 0 0 2 50 21 5 1 15 4 209 25 110 36 0 0 0 0 5 0 13 2 1 0 2 1 6 1 0 14 27 112 12 63 1 0 0 0 4 16 100 0 1 1 0 0 0 2 1 0 0 0 1 0 0 1 1 50 15 1 1 0 1 0 0 1 19 0 1 5 3 5 12 7 0 5 4 0 0 2 1 1 1 1 0 1 0 1 0 0 0
7 1 2 2 109 41 8 0 0 3 0 22 2 673 2006 1205 3 242 77 19 8 10 15 238 9 1 6016 7959 195 50 287 4 22 302 486 441 235 22 2605 123 96 7 178 7 1 283 264 3 6 2 1 4 42 28 23 2 195 54 913 287 63 3 50 1861 542 3 135 832 231 5 0 7 16 3 468 10 1 0 10 0 3 0 61 26 19 13 179 0 1 0 31 12 2 2 14 211 0 19 60 142 0 0 0 0 0 0 0 0 0 1 0 1 0 140 64 5 2 31 0 486 9 174 8 0 0 2 1 20 0 35 7 4 0 1 0 5 1 4 8 24 416 10 255 0 1 1 4 6 3 272 1 0 0 0 0 1 0 0 0 0 0 0 0 2 0 2 153 59 9 6 0 2 3 1 1 46 0 0 14 7 0 4 3 5 18 5 0 0 1 0 0 1 0 4 0 0 0 0 0 0
6077 485 786 469 2573 2044 3259 243 49 353 67 581 2 97 143 35 1 8 8 4 102 179 38 64 173 39 151 195 37273 11547 3790 132 202 33 51 17 12 18 125 204 142 14 222 3 6 22 469 257 24 10 45 83 3791 5364 1476 71 4287 18 50 5 55 385 813 62 271 3 6614 252 1280 238 35 250 57 142 391 153 104 1 182 7 81 5 2221 989 296 109 991 13 113 13 185 101 76 103 472 1132 130 7164 493 748 30 4 92 38 8 121 18 21 53 57 55 156 1 0 2 0 1 0 3 2 4 0 9 20 8 0 0 2 0 0 21 1 13 117 3 77 0 0 61 78 0 3 5 28 50 0 4 2 6 16 2 1 1 10 0 6 5 29 1 0 25 22 0 13 1 2 3 7 3 5 39 16 0 0 18 20 2 1 27 9 154 149 53 1 4 175 0 2 6 9 45 11 5 2 44 15 22 4 1 2
9399 2070 309 3176 7821 7710 887 215 20 264 61 1507 1 21 36 10 0 2 0 0 113 150 5 9 29 6 13 50 11547 23088 8682 143 135 10 6 5 5 7 40 24 299 6 21 1 2 2 23 56 13 3 61 101 780 642 578 118 4829 6 8 1 14 74 78 5 54 0 695 28 253 42 12 68 12 32 87 45 20 0 30 15 67 1 1278 173 481 68 84 26 27 5 58 126 69 17 55 1378 67 1166 69 101 9 3 39 12 5 67 13 15 20 16 29 161 0 0 1 0 0 0 1 3 3 1 0 2 2 0 0 0 1 1 11 0 7 26 0 13 0 0 10 7 3 1 1 6 11 0 4 0 1 5 2 0 1 2 0 0 2 2 2 1 8 4 0 15 0 0 1 4 1 0 7 4 0 0 3 2 0 1 15 2 70 20 11 0 3 64 0 0 1 0 13 2 2 0 43 9 6 0 0 0
420 72 68 219 10579 2632 364 30 3 41 17 491 1 140 155 44 3 19 2 1 206 287 23 22 98 8 77 287 3790 8682 12970 120 157 39 36 25 32 16 218 59 503 13 90 0 2 14 216 173 10 3 37 71 494 385 348 127 5736 25 52 4 50 171 377 39 343 0 1398 213 1306 102 25 61 39 18 876 231 13 1 45 5 76 3 1057 336 865 229 1343 18 51 7 147 83 49 32 147 4169 37 488 1371 7523 6 1 28 5 1 22 2 0 12 6 14 47 0 0 6 0 0 1 0 8 2 5 1 4 1 0 1 0 0 1 2 1 2 15 0 16 0 0 16 29 2 5 10 7 7 2 6 0 2 18 2 3 2 0 0 1 0 1 1 0 5 5 1 1 1 0 2 6 1 2 6 3 1 0 6 18 1 1 32 14 23 18 8 0 11 37 0 0 5 2 5 16 1 0 16 3 4 1 0 0
72 26 23 45 484 2408 46 6 11 33 20 2160 0 1 2 6 1 11 12 3 125 313 29 3 25 1 0 4 132 143 120 6205 5906 489 1 2 6 23 5 9 161 5 14 1 2 17 11 13 3 2 5 10 27 15 34 22 17 2551 8 5 15 14 16 4 7 1 57 67 50 8 2 759 202 31 2758 21 13 0 396 0 11 0 106 20 153 34 12 2 9 2 212 14 10 2 19 6278 103 40 41 3 16 0 20 12 0 44 7 9 9 10 16 89 0 0 0 0 2 1 1 5 2 4 7 6 1 1 0 1 1 0 8 1 8 22 0 11 1 0 16 11 3 5 2 3 8 1 0 0 7 8 2 0 0 1 0 3 0 6 0 1 3 7 0 4 1 0 1 2 1 2 7 4 0 0 5 2 1 1 18 2 55 17 18 0 0 55 1 1 0 0 5 1 0 0 21 5 3 1 0 0
82 87 109 98 719 1652 39 8 24 117 57 2462 5 58 30 85 13 52 65 37 395 933 177 32 104 34 16 22 202 135 157 5906 7364 7252 26 30 231 1211 57 130 541 9 59 9 6 108 149 23 4 2 13 21 85 29 75 73 57 2996 714 444 63 17 37 12 50 1 157 1943 156 11 6 2321 3576 138 6090 36 94 17 773 5 17 2 287 64 406 100 209 5 20 8 309 45 12 6 38 5478 439 97 125 24 31 5 99 26 11 144 19 44 46 35 68 263 2 1 4 2 6 2 9 11 29 15 20 47 21 4 3 4 1 4 35 3 23 129 0 157 3 0 183 236 10 33 6 24 67 1 4 2 27 26 14 3 0 7 0 2 6 33 2 3 44 38 3 21 2 12 5 2 3 4 41 13 2 5 4 9 5 2 22 3 215 280 69 3 1 267 0 0 2 9 50 3 10 6 84 25 34 4 0 3
4 5 7 3 102 41 5 0 1 3 2 38 1 608 287 371 31 235 36 68 187 495 345 63 67 79 127 302 33 10 39 489 7252 8187 362 457 2245 483 313 482 403 14 134 4 2 101 644 20 6 3 5 7 14 7 19 23 14 5002 3615 3467 170 27 128 53 240 1 51 4445 502 6 4 490 1790 63 4415 66 12 14 233 1 8 3 88 27 133 38 202 9 8 1 246 11 5 11 51 548 13 3 65 18 11 2 20 10 6 36 6 3 13 23 22 50 3 7 4 1 7 6 16 18 65 17 34 61 68 2 7 1 2 5 16 4 11 159 13 301 9 0 329 368 12 110 22 30 58 6 3 0 55 21 49 2 2 7 0 2 10 20 0 2 20 31 2 1 4 41 7 13 6 2 39 26 5 20 5 17 5 0 13 2 132 488 45 5 5 218 0 0 10 12 59 2 8 7 16 0 29 13 1 3
0 0 4 0 13 6 1 3 0 0 0 4 2 5779 1749 149 14 62 40 34 12 41 52 545 30 35 2158 486 51 6 36 1 26 362 4173 4919 789 40 56 3053 101 27 421 2 2 26 914 8 5 0 0 0 13 3 4 1 46 17 1727 393 25 13 257 335 237 0 71 230 289 5 2 6 17 7 56 5 2 0 5 0 1 0 26 10 25 10 38 2 5 3 33 8 3 8 97 28 0 1 69 33 0 0 0 0 0 0 0 1 0 0 0 0 7 6 3 2 0 3 10 23 30 73 43 3 1 1 1 1 1 9 1 0 0 2 0 2 6 2 21 43 9 22 4 0 2 0 0 1 21 14 3 0 2 0 1 0 0 0 0 0 0 1 0 0 1 6 4 6 2 0 2 2 0 0 4 10 0 0 7 4 2 13 11 0 3 12 0 1 1 1 0 0 6 0 0 1 0 1 0 1
1 0 1 0 13 6 3 0 0 0 0 3 0 5236 1144 123 368 23 7 30 12 18 43 37 3 2 240 441 17 5 25 2 30 457 4919 3514 1430 26 205 1048 120 1 44 0 0 12 312 6 2 0 1 0 6 2 5 1 10 57 3468 932 11 4 71 41 233 0 17 259 239 2 2 2 10 5 169 4 0 0 1 0 0 0 4 1 3 2 28 0 1 0 12 2 1 2 11 43 0 0 10 11 0 0 0 0 0 0 0 0 0 0 0 2 2 2 0 1 0 2 2 6 19 15 14 3 4 2 0 2 0 3 1 0 1 1 0 3 3 0 8 21 2 19 2 1 0 1 0 0 8 7 5 0 0 0 0 0 1 0 0 0 1 1 0 0 0 5 1 2 0 0 1 1 0 1 0 5 0 0 4 0 3 5 4 0 2 2 0 1 1 1 0 1 2 0 1 1 1 1 0 0
2 0 2 4 33 13 1 0 0 2 1 6 17 2034 1418 1075 4194 554 1326 1518 79 204 283 95 32 107 142 235 12 5 32 6 231 2245 789 1430 3604 1059 322 594 415 28 132 76 6 729 699 8 15 2 1 3 3 3 10 8 11 190 913 1218 458 10 117 43 222 2 21 443 414 9 2 46 110 56 436 27 4 7 30 0 4 0 16 13 47 18 39 3 6 3 420 14 1 10 55 104 3 3 35 11 3 3 4 1 9 6 0 1 2 4 5 9 18 29 15 33 10 13 48 34 263 78 131 78 71 13 26 12 4 26 16 4 10 63 7 81 28 2 248 314 27 353 31 11 41 16 4 7 127 43 64 7 7 2 0 0 6 11 1 2 11 16 0 4 3 78 18 38 22 6 45 25 3 26 8 33 8 3 13 7 69 260 47 10 7 145 0 1 3 41 21 9 40 10 0 1 24 12 2 17
2 3 5 4 29 43 1 2 1 2 4 62 181 40 50 256 798 217 3100 674 206 616 360 99 94 242 45 22 18 7 16 23 1211 483 40 26 1059 5584 35 474 410 28 107 1039 155 1230 369 11 15 30 3 10 7 1 11 21 9 31 93 32 207 7 52 24 40 11 43 111 62 6 2 461 2986 497 115 15 39 142 591 2 10 10 69 24 175 52 19 14 36 51 1333 16 5 6 68 126 17 6 89 10 7 7 11 8 22 13 0 2 7 9 14 24 40 85 47 108 19 70 135 94 621 456 447 178 192 19 42 49 19 111 48 6 21 242 12 289 71 15 758 798 72 765 47 16 105 39 8 13 494 124 177 23 6 6 3 4 8 19 2 9 34 44 2 8 11 211 38 83 47 17 91 82 8 56 22 83 22 6 29 11 234 948 307 11 13 519 0 2 9 83 45 16 51 30 6 3 67 28 2 47
8 0 1 2 103 35 10 2 1 1 0 20 5 394 774 1170 25 2656 64 53 7 14 28 69 4 7 91 2605 125 40 218 5 57 313 56 205 322 35 10212 23 250 60 140 4 3 483 104 56 35 2 1 4 22 15 21 10 83 157 436 217 3820 21 46 77 3768 11 67 584 4776 12 16 15 22 3 681 349 0 0 10 0 14 1 36 10 24 8 145 4 32 7 809 29 4 10 56 278 0 9 25 81 0 1 0 0 2 2 0 0 1 0 1 0 2 245 167 4 2 53 1 978 18 210 13 1 1 1 0 40 1 80 14 7 1 7 2 16 4 2 17 36 947 6 649 3 0 15 9 16 14 1009 4 6 6 0 0 1 0 1 1 0 0 4 0 0 5 4 449 248 26 63 2 6 8 7 12 196 0 2 142 64 5 12 4 13 63 10 0 2 6 1 0 14 4 17 0 0 1 1 0 0
7 3 6 3 32 29 1 3 1 0 1 22 3 1964 1041 121 141 99 209 404 276 3778 4929 7973 4499 7897 3594 123 204 24 59 9 130 482 3053 1048 594 474 23 7321 1464 555 1952 66 2 100 4294 18 62 3 5 6 59 25 64 39 181 13 728 126 63 45 454 288 80 1 671 190 154 30 3 89 327 63 68 35 6 1 158 0 14 0 208 132 308 314 202 8 53 1 124 54 17 45 547 36 8 1 741 61 0 0 0 1 6 1 0 0 0 0 2 0 17 23 5 47 5 39 79 21 266 275 353 33 19 7 12 12 2 53 9 3 2 17 0 37 41 1 193 281 11 239 11 1 14 15 0 0 184 17 24 12 1 0 2 0 0 1 0 2 1 9 0 0 1 33 16 19 17 5 12 7 1 8 13 29 1 0 13 10 28 101 98 3 13 55 0 0 1 5 7 6 19 10 0 0 10 2 1 5
845 487 893 414 456 1110 93 158 22 332 86 725 10 773 1698 680 338 1162 238 596 1368 1397 8616 3058 196 1067 547 96 142 299 503 161 541 403 101 120 415 410 250 1464 7368 4562 2199 32 15 879 449 193 3827 37 400 231 38 17 718 1094 122 54 120 29 696 165 239 85 70 7 168 316 300 257 126 425 371 76 410 331 135 6 424 28 557 19 622 64 592 142 262 557 780 72 1972 2809 482 652 1340 509 142 55 214 79 18 3 63 14 7 75 18 13 17 39 53 102 5 9 7 6 1 8 12 19 50 30 39 19 12 3 2 2 1 7 14 2 9 66 4 78 4 1 105 114 24 44 11 9 29 4 5 0 39 33 4 9 16 4 1 5 6 10 13 11 14 26 0 8 3 9 14 21 10 6 22 9 2 5 35 21 4 9 70 18 106 142 52 3 16 144 7 8 56 10 17 59 8 0 28 6 12 0 0 4
1 1 5 1 3 5 1 1 0 0 0 6 3 21 72 76 11 173 24 52 40 221 2000 5386 47 206 218 7 14 6 13 5 9 14 27 1 28 28 60 555 4562 9727 6244 9 16 570 92 56 1743 6 5 6 2 2 86 24 12 5 12 1 364 36 91 27 18 3 58 9 122 48 21 11 12 6 33 160 2 1 20 1 12 1 36 20 32 20 11 38 160 19 1663 272 40 130 614 25 0 0 49 3 0 1 1 0 0 0 0 1 0 0 1 0 0 0 0 2 0 1 2 7 4 8 3 0 1 0 1 0 0 0 1 0 0 5 0 2 1 0 3 5 1 2 6 0 0 0 1 1 4 29 0 5 7 0 0 1 0 1 1 1 0 0 0 0 1 0 5 8 2 3 2 0 0 0 16 10 0 3 42 9 1 3 0 1 10 1 1 2 21 0 0 19 3 0 0 0 0 0 0 0
6 4 8 12 62 36 4 3 0 4 0 24 18 81 102 134 19 533 123 123 134 1008 1301 3801 609 501 2403 178 222 21 90 14 59 134 421 44 132 107 140 1952 2199 6244 8213 34 69 2221 1195 314 3703 51 14 14 66 40 128 41 232 33 295 31 1367 287 3052 6769 338 11 615 150 1004 180 60 59 71 20 162 909 11 0 57 2 69 5 226 143 280 291 141 79 575 111 7357 640 114 495 6045 171 3 4 649 88 0 0 0 0 3 1 0 1 0 0 1 3 0 12 5 2 0 4 7 79 19 32 27 3 1 0 0 2 0 10 4 2 1 4 2 7 2 0 27 40 63 20 71 2 3 5 15 6 26 196 3 20 31 1 0 20 1 4 6 5 0 2 0 0 1 3 66 47 21 29 1 6 4 1 96 88 3 17 233 69 7 13 14 3 64 8 1 22 65 3 0 113 9 2 1 0 1 0 1 2
0 0 1 2 1 4 3 0 5 1 15 11 6050 3 10 12 52 115 8373 271 14 54 25 18 9 29 15 7 3 1 0 1 9 4 2 0 76 1039 4 66 32 9 34 7541 2899 1985 32 15 5 503 11 55 1 0 1 2 1 0 4 1 9 4 18 11 13 237 3 5 10 4 7 276 1627 1754 3 13 866 2636 4620 66 60 122 5 1 7 1 2 133 242 729 2804 7 3 8 51 4 70 13 15 1 2 1 2 0 7 2 0 0 1 2 2 2 33 71 95 59 4 89 47 296 264 1003 279 23 24 6 15 17 7 83 11 0 7 25 1 18 42 4 206 264 113 176 59 0 18 16 2 54 267 224 22 19 9 0 1 10 7 3 2 6 4 4 0 1 7 30 44 37 13 64 11 10 4 8 27 67 2 6 89 24 39 159 434 4 27 123 2 10 29 10 1 48 17 6 0 1 4 10 0 4
2 1 1 0 4 2 14 1 73 15 40 17 3072 0 1 3 10 16 706 42 2 9 0 17 5 0 6 1 6 2 2 2 6 2 2 0 6 155 3 2 15 16 69 2899 6169 1275 7 15 5 3322 50 262 16 2 16 3 1 0 4 0 7 6 31 44 34 3823 9 3 64 4 6 264 361 580 3 26 1996 866 1040 320 84 465 7 4 5 5 1 407 320 2132 1430 14 2 8 27 14 626 129 6 1 1 4 3 1 1 2 0 0 0 0 1 8 0 26 124 1 4 9 1 241 18 155 6 1 0 0 1 4 0 9 6 3 1 5 0 6 0 1 37 25 136 3 177 3 6 26 91 15 42 1935 3 16 13 0 1 24 7 4 16 16 0 3 0 2 2 4 214 138 44 993 0 2 4 4 116 240 6 22 1264 320 9 27 69 11 199 22 1 26 69 3 0 120 10 5 6 1 0 0 3 0
0 0 2 1 26 15 5 0 11 1 8 40 3788 17 111 307 77 5038 2976 273 14 60 42 1246 56 22 423 283 22 2 14 17 108 101 26 12 729 1230 483 100 879 570 2221 1985 1275 7565 69 33 133 35 1 7 7 3 62 16 27 22 28 5 2322 29 223 1064 1434 946 56 47 230 30 18 367 985 264 94 59 191 92 893 0 12 5 34 10 25 26 23 24 103 108 4558 85 15 55 402 93 49 16 64 14 2 3 1 0 19 3 0 1 2 1 1 3 19 584 1052 42 10 177 28 3172 129 1317 79 3 5 5 2 113 6 248 36 22 8 21 13 37 23 19 92 147 2468 54 1742 4 9 35 107 177 150 4192 17 8 10 1 1 16 1 0 2 8 1 17 1 6 16 21 1280 662 76 827 5 34 31 19 36 621 2 8 505 158 22 62 209 46 207 71 0 11 25 5 4 64 22 38 3 3 11 0 7 1
24 6 25 19 42 51 7 6 0 9 4 42 0 564 246 73 18 55 30 48 209 902 312 992 7102 108 777 264 469 23 216 11 149 644 914 312 699 369 104 4294 449 92 1195 32 7 69 12452 51 15 4 16 34 172 54 185 77 643 24 1628 211 55 93 1011 343 282 0 1700 947 727 65 16 94 302 46 102 48 6 2 141 5 32 2 670 382 701 973 3673 10 50 6 210 89 42 53 588 80 7 11 3250 319 3 3 7 4 3 5 0 0 1 5 11 7 5 10 5 21 6 11 26 11 149 51 122 28 30 5 5 6 3 18 11 4 5 48 2 106 25 0 230 342 12 143 7 10 35 5 1 0 104 29 25 5 4 1 0 0 2 6 0 1 11 7 0 3 2 26 12 15 12 4 20 14 0 6 5 23 4 1 19 8 33 140 40 1 6 64 0 0 3 13 12 4 12 5 3 3 11 8 0 3
10 3 4 6 142 65 8 2 1 3 0 26 6 16 19 29 2 50 13 17 9 102 27 31 44 16 18 3 257 56 173 13 23 20 8 6 8 11 56 18 193 56 314 15 15 33 51 16072 173 108 20 78 34 30 24 12 174 40 39 10 358 15274 4343 148 35 17 181 77 2676 2889 4194 11 11 8 257 10801 13 2 14 5 462 12 91 42 67 63 56 489 7564 150 1821 209 174 1058 2443 277 5 16 121 82 0 1 1 0 2 0 1 3 0 0 0 0 0 1 3 0 0 0 0 6 2 4 4 1 3 1 4 2 0 1 12 0 0 0 0 1 1 0 6 9 0 5 6 1 0 18 36 2 7 96 2 191 375 0 1 156 16 4 69 99 0 1 0 1 0 2 1 87 103 46 0 8 1 2 536 178 31 177 1001 164 4 6 2 3 235 24 25 117 1077 0 1 1048 121 6 0 1 0 0 0 2
23 13 18 9 15 21 3 2 0 11 2 9 0 20 48 80 4 144 45 60 41 135 251 266 23 32 45 6 24 13 10 3 4 6 5 2 15 15 35 62 3827 1743 3703 5 5 133 15 173 8947 39 28 21 1 1 45 10 7 4 7 2 116 127 72 12 5 6 42 12 65 195 71 9 4 5 11 205 10 1 8 1 69 2 13 12 28 19 9 117 593 78 747 4179 219 2535 4207 16 2 1 32 2 0 0 1 0 1 1 0 0 0 1 0 1 0 0 1 0 0 2 0 4 0 2 5 0 0 0 0 0 0 1 4 0 0 1 0 5 0 1 5 1 1 1 1 0 0 0 1 0 0 9 0 6 14 1 0 7 0 0 4 5 0 0 0 0 0 0 2 6 2 3 0 0 0 0 28 12 2 13 51 10 1 1 3 0 10 2 1 9 50 0 0 58 5 0 0 1 0 0 0 0
8 1 4 2 4 4 18 4 84 16 49 9 299 0 0 0 3 4 207 23 2 16 5 2 6 1 0 2 10 3 3 2 2 3 0 0 2 30 2 3 37 6 51 503 3322 35 4 108 39 7233 222 1615 24 3 49 4 6 1 1 0 6 89 50 3 1 1511 11 4 31 78 53 145 109 728 3 183 1522 360 386 1858 620 4291 26 3 8 3 2 3248 3569 9079 1909 111 41 47 197 7 627 144 7 0 0 0 0 1 4 4 0 3 2 0 2 3 0 1 10 2 0 3 0 31 3 12 1 3 1 1 1 0 0 0 4 2 1 3 0 3 0 0 6 7 11 3 8 0 1 6 56 5 15 193 0 69 165 1 0 140 46 3 91 100 1 2 0 2 2 0 14 18 34 127 0 2 0 0 274 91 18 73 1034 132 2 12 13 1 151 22 40 679 833 3 0 661 48 1 7 0 0 0 0 0
117 35 88 21 27 38 31 37 6 61 11 28 1 0 2 0 0 2 5 2 1 7 4 2 7 0 1 1 45 61 37 5 13 5 0 1 1 3 1 5 400 5 14 11 50 1 16 20 28 222 16834 16378 14 3 636 127 10 3 1 1 3 19 13 1 2 60 27 12 10 870 21 11 5 73 17 12 64 28 24 2135 2161 316 348 11 21 15 9 316 128 25 16 8063 7526 170 79 13 33 26 9 7 3 0 6 1 0 7 2 0 0 3 3 14 0 0 0 0 0 0 0 0 1 0 1 3 0 1 0 0 0 0 1 0 2 7 0 5 1 0 15 12 0 0 0 2 7 1 1 0 2 1 0 7 4 0 0 9 334 59 459 192 2 3 0 0 0 0 0 0 0 1 3 0 0 1 2 2 34 28 13 0 2 8 4 0 1 9 22 6 158 0 5 7 8 2 3 0 0 0 0 0
237 44 134 26 55 63 57 70 30 98 25 63 19 4 5 1 0 4 29 5 4 14 7 2 16 2 3 4 83 101 71 10 21 7 0 0 3 10 4 6 231 6 14 55 262 7 34 78 21 1615 16378 35351 40 5 1514 148 17 8 7 0 31 34 27 5 4 497 58 40 52 612 66 74 23 445 42 60 417 183 92 19105 5640 2419 762 18 23 18 25 1571 574 113 108 2613 2680 68 47 49 185 89 33 8 4 1 5 3 0 8 1 5 2 4 9 10 0 0 0 0 1 0 1 0 1 2 0 0 0 0 0 0 0 0 2 0 0 8 1 16 0 0 19 20 1 2 0 7 3 0 11 0 6 4 0 19 30 4 0 48 1848 404 3103 506 13 3 0 0 0 1 2 3 0 14 5 3 1 1 11 3 138 87 67 5 18 25 8 1 8 34 219 99 805 0 11 82 32 0 6 2 0 0 0 1
1082 157 402 134 336 302 746 427 174 547 93 267 5 22 22 7 0 2 0 2 24 48 12 18 103 15 29 42 3791 780 494 27 85 14 13 6 3 7 22 59 38 2 66 1 16 7 172 34 1 24 14 40 7796 9641 4397 17 354 7 13 0 9 80 169 13 47 3 941 121 241 48 9 126 25 71 116 21 117 8 87 7 28 15 1413 734 107 45 295 12 39 14 55 40 27 16 115 193 507 4324 195 133 11 1 39 8 1 60 9 10 30 25 36 92 0 0 0 0 0 0 2 0 1 2 4 14 8 1 0 1 0 0 6 0 7 39 1 44 0 0 36 41 2 2 2 13 18 0 0 0 2 1 2 0 0 3 0 1 0 2 0 1 15 11 1 3 0 1 0 0 0 0 12 7 1 0 2 1 0 0 4 3 57 93 18 0 1 109 0 0 1 1 14 0 0 1 24 6 3 0 0 0
529 57 185 63 241 179 430 132 37 142 21 84 0 14 16 2 1 0 3 0 8 21 5 7 31 4 23 28 5364 642 385 15 29 7 3 2 3 1 15 25 17 2 40 0 2 3 54 30 1 3 3 5 9641 5604 1425 6 278 1 6 0 11 52 95 3 36 1 703 42 146 28 8 36 7 19 44 16 15 2 23 6 13 0 968 1893 56 20 133 3 13 0 21 4 8 8 51 109 56 1801 69 80 3 2 17 5 1 25 2 3 14 15 16 22 0 0 0 0 0 0 0 0 0 1 1 3 1 0 0 0 0 0 2 1 1 15 1 18 0 0 10 13 1 0 0 1 11 0 0 0 0 0 0 0 0 3 0 1 0 1 0 1 7 4 0 2 0 0 0 0 1 0 5 4 1 0 0 1 1 0 1 0 28 27 6 0 1 37 0 0 0 2 10 4 0 0 13 1 5 0 0 2
999 115 415 91 215 298 594 388 81 483 60 154 1 13 32 22 3 47 9 11 14 51 63 91 59 14 30 23 1476 578 348 34 75 19 4 5 10 11 21 64 718 86 128 1 16 62 185 24 45 49 636 1514 4397 1425 18647 447 192 14 30 0 52 35 80 12 39 9 258 156 111 104 5 102 33 71 146 38 55 11 88 249 280 60 3534 114 168 68 226 55 31 3 131 1451 321 23 93 162 120 1710 124 57 10 0 42 17 1 68 12 6 28 26 31 72 1 0 2 0 2 1 3 4 5 2 3 6 2 0 0 1 0 1 10 0 6 52 0 64 0 0 50 48 1 4 0 10 21 1 0 0 8 1 4 0 2 3 0 1 19 3 25 9 7 9 1 2 1 1 2 1 0 0 16 6 0 1 2 1 3 3 5 3 70 100 21 0 1 100 5 0 18 6 21 6 1 0 24 8 6 1 0 0
406 173 329 123 139 343 77 88 13 178 21 176 0 9 17 5 3 11 0 5 838 323 44 24 112 13 13 2 71 118 127 22 73 23 1 1 8 21 10 39 1094 24 41 2 3 16 77 12 10 4 127 148 17 6 447 1829 50 17 11 0 14 27 37 5 11 0 119 78 46 32 3 64 41 21 70 12 37 0 85 26 57 1 4512 67 1781 237 108 18 17 2 44 373 72 14 61 127 36 42 252 21 5 3 22 9 1 38 4 2 13 12 17 46 0 0 0 0 1 0 0 0 6 2 3 3 5 0 0 0 0 0 3 0 3 18 0 34 0 0 35 32 0 3 0 0 8 0 2 0 8 0 0 2 0 1 0 0 3 5 4 1 3 8 2 1 1 1 2 0 0 1 11 7 0 1 0 0 0 0 2 1 32 47 12 0 0 40 1 0 1 0 12 1 0 0 8 1 5 1 0 1
70 39 60 44 836 142 42 5 3 18 8 59 1 74 87 17 1 10 2 6 46 117 29 54 245 16 130 195 4287 4829 5736 17 57 14 46 10 11 9 83 181 122 12 232 1 1 27 643 174 7 6 10 17 354 278 192 50 11701 11 81 5 29 260 757 72 249 0 5782 392 1131 127 18 73 12 44 495 115 24 0 65 1 51 2 562 345 250 896 1707 7 72 3 127 37 32 74 424 759 29 136 4142 2396 7 1 33 8 1 25 7 3 16 21 20 34 0 0 1 0 1 1 1 1 3 3 2 4 4 1 1 1 0 0 1 0 1 14 0 18 0 0 21 21 4 3 6 5 11 2 0 1 5 12 1 3 0 4 0 3 5 6 2 0 5 9 2 5 1 2 6 1 2 1 6 4 0 0 7 11 2 3 24 9 35 38 14 1 5 51 1 1 4 1 9 4 0 1 10 3 2 0 0 1
2 2 5 0 33 25 0 0 0 2 0 88 0 144 69 104 16 72 10 13 48 93 15 11 7 1 9 54 18 6 25 2551 2996 5002 17 57 190 31 157 13 54 5 33 0 0 22 24 40 4 1 3 8 7 1 14 17 11 3768 668 3018 78 22 28 9 99 1 25 2397 346 9 9 435 269 10 4338 99 2 0 243 1 9 0 39 12 43 4 160 2 17 2 241 6 4 2 24 473 1 1 13 9 5 0 4 0 0 6 0 0 1 4 1 9 0 2 1 0 1 0 0 14 3 1 3 2 0 0 0 2 0 2 0 0 0 11 0 19 0 0 30 31 7 2 5 0 8 0 1 2 2 31 2 1 1 0 0 0 2 4 0 1 1 3 0 1 0 3 10 5 1 1 2 1 0 1 3 13 0 0 18 7 13 22 6 0 5 19 0 0 1 1 9 5 1 1 2 0 1 0 0 0
5 2 3 2 20 12 2 2 0 1 2 12 0 1762 577 207 10 53 10 18 49 124 59 207 118 17 604 913 50 8 52 8 714 3615 1727 3468 913 93 436 728 120 12 295 4 4 28 1628 39 7 1 1 7 13 6 30 11 81 668 5648 4047 58 32 498 238 732 0 108 1650 1346 14 4 40 149 32 540 64 3 1 45 1 4 0 68 28 57 74 126 3 9 2 108 12 7 9 131 50 1 2 171 38 2 1 6 1 3 11 3 0 1 6 6 14 2 3 3 5 3 6 16 8 44 16 54 17 10 2 2 3 0 7 5 1 4 60 3 95 2 0 234 333 15 44 6 1 23 4 1 1 41 23 10 1 0 3 0 0 2 4 0 2 9 13 0 0 2 19 7 9 1 3 15 6 2 6 10 9 1 2 14 8 32 118 24 0 4 57 0 1 3 5 12 3 4 8 1 0 8 4 0 0
1 1 1 2 1 3 0 0 0 0 0 0 0 932 205 172 11 60 1 5 4 10 15 22 3 1 106 287 5 1 4 5 444 3467 393 932 1218 32 217 126 29 1 31 1 0 5 211 10 2 0 1 0 0 0 0 0 5 3018 4047 2138 46 4 67 25 241 2 5 2301 381 1 1 24 32 3 1261 38 0 0 9 0 1 0 8 2 6 2 23 0 5 0 46 3 2 1 10 19 0 0 8 3 0 1 2 0 0 1 0 0 0 1 0 4 0 2 2 0 2 0 0 7 11 3 4 4 2 0 0 2 0 0 1 0 2 11 0 24 1 0 43 61 9 17 4 2 3 0 0 1 10 6 2 0 0 0 0 0 0 3 0 1 3 4 0 1 0 2 7 3 0 0 7 1 0 2 2 4 1 0 3 0 3 32 1 1 2 15 0 1 1 2 2 1 1 1 0 1 3 0 0 0
1 1 3 2 66 16 4 0 0 0 2 16 3 32 349 282 40 2124 51 235 9 28 48 516 31 10 139 63 55 14 50 15 63 170 25 11 458 207 3820 63 696 364 1367 9 7 2322 55 358 116 6 3 31 9 11 52 14 29 78 58 46 6092 149 364 350 1504 15 37 123 2587 78 69 45 63 2 313 4426 5 1 44 1 58 0 20 12 14 15 48 24 177 13 5023 79 28 51 515 188 1 6 36 22 0 2 1 1 2 0 0 0 1 2 1 2 3 85 102 7 5 23 7 205 31 89 10 4 0 3 0 19 1 38 11 5 2 13 2 12 3 1 16 27 346 12 370 1 2 27 58 12 28 790 7 7 16 0 0 26 1 0 3 7 1 1 1 1 4 13 183 237 41 100 4 5 8 13 37 248 1 7 398 125 11 19 7 8 109 18 1 15 23 3 3 52 17 12 1 0 1 2 2 1
6 1 8 6 107 60 4 2 1 2 2 40 7 0 7 16 0 22 10 15 27 154 49 39 150 27 10 3 385 74 171 14 17 27 13 4 10 7 21 45 165 36 287 4 6 29 93 15274 127 89 19 34 80 52 35 27 260 22 32 4 149 12476 5986 263 28 24 482 64 735 8592 4611 21 10 5 204 3232 10 1 13 5 420 102 209 92 179 112 73 283 2228 132 966 307 302 3549 4875 230 4 17 261 67 0 0 0 0 0 0 0 1 0 1 1 0 0 0 0 0 0 0 0 1 3 2 4 1 0 1 3 0 0 3 4 0 1 2 0 1 0 0 5 5 4 4 1 2 1 5 9 0 6 34 0 135 229 0 0 83 22 3 102 82 1 0 0 0 0 1 1 21 26 18 1 3 2 0 168 50 26 204 338 31 1 3 3 3 61 11 49 95 1163 1 0 476 71 2 1 0 0 1 0 0
17 7 20 10 158 80 6 2 1 7 0 54 7 95 60 41 3 85 37 33 35 342 118 263 440 76 244 50 813 78 377 16 37 128 257 71 117 52 46 454 239 91 3052 18 31 223 1011 4343 72 50 13 27 169 95 80 37 757 28 498 67 364 5986 27287 9386 584 20 1156 401 5247 739 188 34 47 11 234 1267 10 1 28 0 93 12 385 238 283 318 237 62 978 158 2842 249 152 638 6609 244 6 31 835 275 0 1 1 1 3 0 0 0 0 0 1 1 2 3 3 0 1 5 5 13 17 23 25 1 1 1 2 0 0 1 4 2 0 2 0 5 3 0 30 37 12 8 9 1 7 11 27 1 26 102 2 48 60 1 1 34 2 0 6 12 0 1 0 0 1 7 10 62 45 22 2 6 0 3 234 164 11 54 501 142 5 18 8 0 107 18 2 25 148 1 0 245 44 2 1 0 2 4 0 0
1 0 1 0 16 8 2 1 0 2 1 6 12 74 68 65 0 283 65 6 6 35 28 650 89 19 2701 1861 62 5 39 4 12 53 335 41 43 24 77 288 85 27 6769 11 44 1064 343 148 12 3 1 5 13 3 12 5 72 9 238 25 350 263 9386 5925 7216 4 134 94 2837 81 13 14 16 5 45 62 0 0 15 1 11 0 36 16 27 35 46 4 69 11 905 20 9 61 1171 32 0 0 112 38 1 0 0 0 0 0 0 0 0 0 0 0 0 28 18 3 0 8 7 154 14 26 8 2 1 1 0 11 0 8 9 3 1 3 0 1 1 1 10 20 152 8 154 0 0 8 3 5 11 352 3 3 5 0 0 2 0 0 0 0 0 1 0 0 1 3 127 91 13 21 0 7 5 5 7 69 0 4 89 41 3 4 3 2 61 3 0 3 6 0 0 19 5 5 0 0 0 0 1 1
10 1 8 4 175 65 9 0 0 5 1 41 21 301 313 159 14 304 37 19 8 14 12 193 30 5 1269 542 271 54 343 7 50 240 237 233 222 40 3768 80 70 18 338 13 34 1434 282 35 5 1 2 4 47 36 39 11 249 99 732 241 1504 28 584 7216 5904 8 201 687 5772 7 4 22 31 4 602 63 0 0 20 0 2 0 85 33 33 41 198 2 21 11 850 10 3 7 64 291 0 13 100 172 0 1 0 0 4 1 0 1 0 1 1 1 2 80 79 8 7 22 4 441 15 69 21 4 1 1 1 20 2 17 19 10 3 2 5 17 3 3 28 28 562 7 599 1 4 13 21 4 24 1272 7 5 5 1 0 2 0 0 1 2 1 2 0 2 4 13 502 285 38 87 0 10 9 8 11 260 2 11 219 147 3 11 7 16 116 14 1 3 7 3 0 30 9 19 0 0 1 1 3 0
2 0 1 2 2 2 3 0 25 7 17 2 2480 0 2 4 3 18 246 5 2 3 1 2 0 0 3 3 3 0 0 1 1 1 0 0 2 11 11 1 7 3 11 237 3823 946 0 17 6 1511 60 497 3 1 9 0 0 1 0 2 15 24 20 4 8 1239 2 1 30 7 6 47 42 446 9 25 487 536 156 473 120 580 8 1 1 0 0 480 285 1016 1664 20 7 4 47 5 167 28 3 1 0 0 0 1 1 1 1 1 0 0 1 1 0 9 82 1 1 7 0 83 5 101 2 0 0 0 0 0 0 3 0 1 0 0 0 2 0 0 2 6 23 2 6 0 0 4 19 41 8 138 0 10 15 0 0 13 12 1 15 14 0 1 1 0 0 0 18 8 12 269 1 3 0 0 52 24 3 13 188 30 4 0 45 1 18 4 5 20 45 0 1 75 4 0 0 0 0 0 0 0
473 272 461 255 563 722 46 76 12 152 44 310 2 86 72 15 6 12 7 12 43 403 151 169 1251 139 225 135 6614 695 1398 57 157 51 71 17 21 43 67 671 168 58 615 3 9 56 1700 181 42 11 27 58 941 703 258 119 5782 25 108 5 37 482 1156 134 201 2 16475 711 935 263 37 189 94 65 370 121 68 3 201 7 74 2 2831 7152 2624 5830 1879 27 191 15 243 148 72 156 898 492 56 46 4278 1171 12 1 67 24 6 64 17 14 27 42 42 108 0 3 1 0 2 1 2 2 14 4 11 20 11 0 2 0 0 3 15 0 9 64 2 56 2 0 73 86 2 10 9 16 22 1 5 0 15 24 4 6 5 7 0 6 3 22 3 2 17 15 1 7 0 4 3 9 1 5 19 7 0 1 14 10 3 5 22 3 83 141 41 1 13 119 0 2 8 3 20 10 1 4 24 6 14 0 0 1
25 10 15 13 63 37 7 7 1 11 1 48 0 724 462 252 19 92 14 14 142 358 42 87 737 9 291 832 252 28 213 67 1943 4445 230 259 443 111 584 190 316 9 150 5 3 47 947 77 12 4 12 40 121 42 156 78 392 2397 1650 2301 123 64 401 94 687 1 711 8456 1575 36 18 271 364 47 3608 150 8 2 177 10 33 3 507 148 344 425 3800 6 29 3 245 83 39 22 98 147 10 12 1882 371 11 5 25 16 4 40 6 2 10 26 21 38 3 5 4 3 8 4 8 24 40 8 13 33 31 1 3 4 2 5 16 2 6 119 8 256 4 1 322 423 16 54 16 35 63 2 2 0 48 37 20 1 2 11 1 4 2 28 3 5 36 36 0 4 4 24 18 12 0 3 43 25 2 6 11 14 8 5 36 12 91 312 18 2 7 119 2 1 6 7 58 6 8 4 4 4 23 3 1 5
36 9 23 16 766 277 34 8 1 8 7 143 6 338 396 216 23 452 25 28 40 84 41 106 127 10 220 231 1280 253 1306 50 156 502 289 239 414 62 4776 154 300 122 1004 10 64 230 727 2676 65 31 10 52 241 146 111 46 1131 346 1346 381 2587 735 5247 2837 5772 30 935 1575 9397 249 151 46 49 3 2164 9556 3 0 21 3 139 1 400 159 190 146 571 24 328 71 2846 68 50 126 908 1398 7 61 446 606 0 1 2 0 2 1 0 0 0 1 1 5 2 24 36 16 7 5 13 86 33 54 30 4 6 0 4 16 0 15 19 5 3 12 1 17 4 1 38 53 130 24 234 5 4 58 119 3 37 1207 10 59 46 1 0 68 0 1 7 16 1 2 0 2 1 24 169 411 120 130 2 12 13 11 325 641 9 48 1500 402 11 33 12 12 321 35 0 21 57 1 1 187 61 8 3 0 4 1 4 1
58 18 28 8 75 47 16 13 1 32 7 27 5 2 12 6 1 25 10 11 21 114 76 33 92 29 9 5 238 42 102 8 11 6 5 2 9 6 12 30 257 48 180 4 4 30 65 2889 195 78 870 612 48 28 104 32 127 9 14 1 78 8592 739 81 7 7 263 36 249 5759 5410 22 12 8 108 878 12 2 15 53 2306 257 181 65 139 103 47 1235 2050 109 517 1673 2894 1881 1918 110 11 12 183 30 0 0 2 1 0 1 0 0 0 2 2 0 1 0 1 0 0 0 0 1 1 1 1 0 2 0 1 2 0 0 0 1 0 5 0 6 1 0 7 3 1 0 1 0 3 5 12 1 2 15 0 87 148 0 1 73 71 24 232 184 2 0 0 0 0 1 1 4 5 6 0 0 1 0 52 17 52 152 158 18 7 8 4 0 35 10 86 48 1137 1 0 254 67 0 2 0 0 1 0 0
11 3 7 1 36 12 2 1 0 2 0 6 4 1 9 5 1 13 9 2 5 18 9 11 10 2 2 0 35 12 25 2 6 4 2 2 2 2 16 3 126 21 60 7 6 18 16 4194 71 53 21 66 9 8 5 3 18 9 4 1 69 4611 188 13 4 6 37 18 151 5410 6598 6 4 4 44 1133 6 0 8 4 3618 77 18 11 22 8 5 756 3560 79 411 261 249 581 346 50 2 6 18 4 0 0 0 0 0 0 0 0 0 0 1 0 0 0 1 0 0 0 0 0 0 2 0 0 0 0 1 1 0 2 0 0 0 1 0 0 0 1 5 0 1 2 0 1 0 3 6 1 0 13 0 56 96 0 0 43 24 4 72 65 0 0 0 0 0 0 1 7 10 2 0 1 0 0 54 12 21 82 130 10 0 1 0 0 38 7 38 31 594 0 1 203 37 0 0 0 0 0 0 0
60 95 157 115 263 578 67 20 160 339 1193 2383 276 9 16 43 12 26 249 54 408 871 111 32 131 37 6 7 250 68 61 759 2321 490 6 2 46 461 15 89 425 11 59 276 264 367 94 11 9 145 11 74 126 36 102 64 73 435 40 24 45 21 34 14 22 47 189 271 46 22 6 5625 2009 1151 1402 16 6468 684 8760 37 27 56 335 105 432 107 76 62 63 105 892 49 19 7 43 1938 5223 369 155 16 86 17 232 85 26 356 50 78 89 100 161 574 9 12 12 13 3 12 21 32 97 89 91 125 50 5 4 5 5 10 88 3 49 293 6 243 12 0 325 287 20 77 17 58 143 5 16 2 95 54 17 4 8 27 0 10 13 40 3 11 71 81 7 60 6 24 18 13 6 14 93 37 2 10 6 17 13 3 28 7 533 590 337 2 11 787 1 1 17 30 93 10 10 12 235 48 55 8 0 4
