34179 18193 11014 4078 902 1734 12169 8772 577 2030 231 1534 1 1 7 7 7 6 8 5 433 67 7 11 55 3 22 5 14881 7039 139 202 463 72 1 0 14 44 4 12 966 15 41 2 4 7 15 21 112 8 126 356 1214 1672 894 340 44 19 2 0 10 32 17 7 2 4 400 5 15 55 21 269 93 50 205 8 110 6 68 49 483 16 3231 1723 2191 274 35 62 23 3 18 933 295 97 77 122 521 2942 70 19 183 91 635 322 37 625 31 36 214 103 176 516 0 2 2 1 0 5 4 2 2 6 4 17 15 2 2 0 0 0 566 1 244 510 0 229 0 0 90 21 4 4 1 14 41 1 0 1 6 6 1 0 1 11 0 1 11 7 8 7 32 49 4 104 100 0 4 5 0 0 62 24 12 2 0 0 2 4 19 1 349 280 32 2 0 95 2 3 25 8 50 3 3 113 227 27 50 4 1 0
18193 22736 4895 10872 3217 3004 284 157 73 282 191 1423 0 3 3 0 1 1 4 1 342 69 8 7 25 1 7 7 727 6119 155 270 518 45 1 0 6 21 6 3 388 4 16 1 4 1 3 17 18 2 25 44 143 310 105 150 24 11 0 1 4 24 14 2 3 2 204 1 14 26 13 190 35 19 114 6 62 0 40 8 85 1 626 620 997 169 18 15 3 2 6 159 51 15 20 154 463 215 48 11 172 56 642 351 28 593 20 14 223 104 166 476 0 1 2 2 0 6 2 2 2 0 3 7 12 0 1 0 0 3 458 2 205 388 0 161 0 0 39 13 0 0 1 6 31 0 2 1 3 9 2 2 0 12 0 2 0 3 1 1 17 38 4 79 68 0 2 4 0 0 45 16 9 1 0 4 0 0 16 2 263 166 14 2 2 68 0 0 6 4 38 1 4 105 195 32 26 4 0 2
11014 4895 19558 7883 77 2365 258 5418 206 3070 477 9815 0 3 3 1 1 0 1 0 198 24 5 2 7 1 1 0 209 174 15 58 184 22 0 0 4 13 2 4 307 3 7 2 0 1 4 2 31 2 28 61 127 169 91 128 9 3 1 0 1 4 4 2 1 1 141 0 1 15 2 93 17 18 23 2 33 0 19 0 91 3 649 375 669 98 9 10 8 0 4 166 62 25 19 37 334 269 26 9 162 56 643 357 34 617 31 34 239 98 188 453 0 0 0 0 1 4 1 0 4 2 0 5 4 0 1 0 0 0 335 0 159 334 0 104 0 0 33 13 0 0 0 13 21 1 1 0 3 1 2 0 0 3 0 1 1 1 2 0 8 32 2 68 61 0 1 0 0 0 27 13 4 0 0 1 1 1 4 0 215 107 12 0 0 32 1 0 8 5 14 2 0 52 159 24 22 2 0 0
4078 10872 7883 14214 4681 14744 191 130 48 288 154 5661 0 1 2 3 2 3 3 2 244 63 6 4 17 1 6 5 522 2091 236 476 616 67 1 0 2 15 7 5 222 2 14 1 1 4 4 39 9 2 9 19 100 182 63 105 28 10 0 1 7 46 21 2 6 1 143 1 17 25 15 106 42 13 198 12 39 0 21 2 54 0 349 324 574 123 10 10 7 2 14 79 29 9 16 243 373 178 41 5 109 22 449 259 32 439 22 24 163 75 116 316 0 2 1 1 0 2 1 2 0 2 0 6 2 0 0 0 0 1 264 2 126 209 0 92 0 0 29 9 4 1 3 4 22 1 2 0 0 7 2 0 2 1 0 1 1 3 3 1 8 21 1 43 39 0 0 3 0 1 22 8 4 1 2 4 1 3 33 2 167 102 12 0 6 28 0 0 5 3 15 4 0 50 131 15 22 2 0 0
902 3217 77 4681 9718 4501 296 107 30 84 37 920 4 45 31 52 3 42 3 1 381 132 10 29 51 3 58 259 2495 5680 7525 1706 2091 604 21 5 18 35 183 15 327 30 59 2 7 12 19 470 17 12 15 42 245 551 172 120 895 799 1 5 38 743 220 47 142 7 597 49 441 263 281 353 248 25 3283 188 49 2 96 9 233 3 604 742 868 251 58 35 39 11 126 147 107 28 124 1066 204 236 105 44 35 30 82 56 10 88 2 2 33 15 25 82 3 24 11 0 1 10 3 40 8 12 3 3 2 1 0 1 0 26 122 0 51 156 1 59 0 0 29 19 18 2 28 3 9 5 9 2 2 140 0 8 17 0 1 9 1 2 0 4 6 19 0 31 37 0 15 32 15 6 29 13 8 3 15 56 1 2 203 25 99 92 17 0 29 37 3 3 15 2 10 26 6 34 46 5 13 1 0 1
1734 3004 2365 14744 4501 13109 142 349 60 410 82 10106 1 3 6 12 2 15 3 4 398 144 12 25 28 1 11 25 460 1283 334 4887 3502 619 3 1 4 33 59 5 349 11 42 2 2 7 9 151 12 5 9 23 84 298 76 94 55 456 1 1 21 146 61 15 30 2 188 5 77 63 94 351 326 17 3129 81 47 0 112 1 108 1 406 444 720 158 19 18 13 2 38 80 54 14 62 2137 464 158 75 12 98 50 371 217 16 395 22 20 131 67 121 306 0 6 6 0 0 4 3 17 1 6 4 7 3 1 1 2 0 8 249 0 125 247 1 95 0 0 24 15 10 2 6 6 4 4 8 1 5 61 1 2 2 2 0 2 0 2 0 0 11 17 0 40 41 0 8 10 10 2 20 6 2 1 7 27 0 3 84 11 161 96 12 0 15 43 0 1 2 1 7 13 4 54 126 15 14 3 0 0
12169 284 258 191 296 142 7419 8055 1004 3686 195 979 0 1 5 1 2 2 1 1 26 11 2 4 5 0 0 3 2188 1036 39 18 66 21 0 0 0 8 3 1 84 1 2 0 1 1 1 6 8 1 30 64 801 787 434 24 6 4 0 0 2 12 1 1 0 0 33 0 7 16 5 34 12 12 50 3 20 0 20 8 110 1 830 277 161 17 6 3 3 1 7 151 54 7 9 20 56 5320 9 4 10 9 37 19 2 29 2 1 10 8 8 33 0 1 0 0 0 0 0 0 2 0 1 1 1 0 0 0 0 0 35 0 15 35 0 18 0 0 15 4 0 0 1 2 3 0 0 0 0 2 0 0 0 1 0 0 1 1 4 0 3 8 0 3 7 0 0 0 1 0 3 3 3 0 0 0 2 0 2 1 27 23 5 0 0 8 0 0 1 1 4 2 1 6 14 0 1 0 0 0
8772 157 5418 130 107 349 8055 20344 4510 18154 292 4921 0 3 2 0 1 1 3 2 111 17 2 5 16 0 4 2 301 240 16 27 67 18 0 0 3 12 1 3 321 2 7 2 4 1 3 3 27 3 61 139 522 494 309 110 10 4 0 0 1 7 5 1 3 0 116 2 2 23 7 36 19 11 30 6 20 0 19 6 210 9 1193 525 626 57 11 12 6 0 3 322 133 31 24 16 184 1953 22 12 48 21 172 105 6 165 13 4 54 41 35 126 0 0 0 0 0 1 2 0 1 1 3 4 0 0 0 0 0 0 87 0 40 92 0 42 0 0 14 10 0 0 0 2 7 0 0 0 2 1 1 1 1 2 0 0 2 1 5 1 2 11 2 25 14 0 0 0 0 0 9 3 1 0 1 0 1 0 2 0 72 51 6 1 0 13 1 0 7 1 10 1 0 22 55 6 6 1 0 0
577 73 206 48 30 60 1004 4510 4227 5068 420 545 8 1 1 0 1 1 0 0 29 32 3 0 17 0 0 0 118 86 6 15 108 6 0 0 2 5 0 0 27 1 7 1 77 19 2 7 8 93 12 31 273 86 77 13 3 2 0 0 0 11 10 0 0 51 49 0 5 6 3 185 30 377 11 2 356 33 89 27 53 100 130 72 58 14 5 119 44 56 28 32 8 6 6 19 2048 2645 8 5 5 8 13 5 0 13 1 1 10 1 6 8 1 1 2 0 0 4 0 0 1 20 1 0 2 0 0 0 0 1 16 0 3 19 0 21 0 0 19 8 0 1 0 4 3 0 1 0 3 1 0 0 2 1 1 2 2 0 1 3 3 3 0 10 5 1 1 1 1 3 5 2 0 1 1 3 1 2 20 7 8 30 12 0 5 7 0 1 0 0 4 6 1 3 4 1 9 1 0 0
2030 282 3070 288 84 410 3686 18154 5068 30905 14207 23661 1 0 0 0 0 0 0 3 33 19 2 2 9 0 2 3 220 311 27 74 1060 15 0 0 0 6 1 1 133 2 10 1 0 0 5 1 13 1 35 85 565 372 236 53 3 2 0 0 1 8 3 1 1 2 43 2 2 16 8 827 32 17 25 0 112 2 46 12 111 4 678 303 230 31 6 8 4 0 3 189 56 21 11 167 2501 3876 11 3 102 22 492 262 10 435 34 28 175 98 156 307 0 0 0 0 0 1 2 0 0 0 0 2 4 0 0 0 0 0 141 0 92 135 0 51 0 0 20 3 0 3 0 3 12 0 0 0 1 0 0 0 0 1 0 1 2 1 2 4 6 12 1 23 20 0 0 1 1 0 13 2 0 0 0 1 1 1 2 0 85 53 8 0 0 30 0 1 3 1 10 2 1 30 119 13 12 1 0 0
231 191 477 154 37 82 195 292 420 14207 5159 3922 1 0 0 0 1 3 0 0 26 8 0 0 2 1 1 0 61 146 8 70 1036 11 0 0 2 9 0 0 31 0 3 0 4 3 0 1 2 5 0 12 80 47 26 9 2 1 0 0 4 3 2 0 0 6 17 0 2 3 0 674 40 35 8 1 204 15 39 4 14 5 77 51 65 13 2 11 2 3 3 21 12 0 3 137 1294 548 8 0 69 30 339 186 7 343 25 24 159 73 121 220 0 0 0 0 0 0 1 0 0 0 0 1 2 0 0 0 0 0 113 0 77 138 0 55 1 0 13 3 0 0 0 3 12 0 0 0 0 2 0 0 0 4 0 0 2 0 0 0 3 6 3 15 23 0 1 0 0 0 8 10 3 0 0 2 0 0 9 1 97 45 8 0 1 13 0 1 2 1 4 1 0 22 110 18 8 0 0 1
1534 1423 9815 5661 920 10106 979 4921 545 23661 3922 42302 1 6 9 3 3 10 2 2 413 188 21 6 33 3 8 3 396 874 81 719 2023 98 4 0 9 39 13 3 305 9 21 2 1 4 9 33 7 0 12 42 219 267 140 84 37 10 0 1 9 41 10 10 1 4 156 3 18 20 19 1104 184 63 194 19 181 5 101 9 61 3 529 418 823 153 23 13 5 3 19 116 36 9 36 343 2546 894 94 10 300 123 1340 685 56 1207 80 76 495 223 400 1014 1 0 1 0 0 1 3 5 3 3 0 8 11 2 3 1 0 4 592 2 329 599 0 205 0 0 77 29 4 4 5 14 33 1 3 1 2 10 3 2 0 5 0 3 2 1 0 0 25 47 4 90 98 0 5 7 0 1 60 20 7 1 1 6 0 1 31 0 444 217 36 0 9 93 1 0 1 4 36 4 4 105 423 54 41 3 0 2
1 0 0 0 4 1 0 0 8 1 1 1 4608 1 4 12 6 218 3961 27 2 2 0 10 1 0 22 44 2 0 0 0 8 1 2 0 1 213 10 2 8 3 20 3208 3953 3183 0 10 2 199 3 8 1 0 0 0 0 0 0 0 8 14 19 9 14 2574 3 1 26 11 6 82 443 868 4 7 576 546 1016 13 24 82 1 2 4 1 1 115 97 90 67 2 4 1 26 1 48 6 2 0 1 2 1 0 3 2 0 0 0 0 0 1 6 166 395 6 1 170 8 754 40 585 21 0 0 1 2 24 1 148 2 1 0 2 0 11 1 0 22 53 149 5 105 2 2 10 82 74 46 1507 3 3 9 0 0 8 3 2 0 0 1 1 0 0 1 0 44 59 11 110 1 1 13 3 20 70 0 6 308 14 1 6 61 0 27 5 0 6 16 0 0 41 9 3 0 0 2 0 0 0
1 3 3 1 45 3 1 3 1 0 0 6 1 8891 5890 2294 1141 619 56 62 122 152 661 126 15 38 1370 1834 42 34 127 3 6 650 5205 3360 2304 25 320 276 747 23 117 4 4 11 793 64 18 2 0 0 3 4 9 2 55 190 710 544 21 89 77 69 292 4 35 466 294 23 18 0 11 21 864 29 4 15 3 0 17 0 17 15 45 16 41 2 6 3 19 22 9 6 64 79 2 0 13 32 0 3 6 1 0 2 0 0 0 1 0 0 120 31 24 54 13 143 217 36 370 773 612 52 41 9 25 17 6 52 12 1 1 10 1 22 40 2 158 232 5 152 7 4 35 8 2 1 230 49 41 1 12 3 1 0 0 0 0 0 4 9 0 0 2 14 4 18 7 1 46 29 7 28 34 13 0 2 55 0 4 63 34 5 8 32 0 0 3 17 9 6 4 1 4 1 21 12 4 13
7 3 3 2 31 6 5 2 1 0 0 9 4 5890 12685 10607 1825 2932 141 1576 203 226 565 181 17 76 969 2453 30 19 52 0 14 183 1070 240 1166 320 585 339 1177 81 132 12 5 21 224 101 57 7 2 0 2 6 19 2 19 59 65 162 203 116 48 25 355 0 26 89 296 44 22 2 20 53 289 67 4 17 7 0 20 1 7 13 23 18 20 9 12 8 38 75 8 25 82 49 3 0 14 11 2 0 3 3 1 1 0 2 0 2 0 1 138 63 27 83 19 144 302 49 433 824 639 62 56 7 29 14 5 67 15 7 1 15 3 39 51 3 229 320 12 213 15 7 38 11 2 3 282 69 61 4 15 2 1 1 0 1 0 1 6 13 0 8 7 22 7 26 18 4 44 39 24 35 33 35 0 7 63 4 13 123 53 12 7 37 0 0 2 21 9 8 3 0 2 0 41 22 6 16
7 0 1 3 52 12 1 0 0 0 0 3 12 2294 10607 10691 43 3087 1510 1235 51 53 217 277 8 40 1534 4356 26 23 55 5 85 670 130 23 1284 411 1052 90 829 100 239 11 10 98 40 60 101 12 2 1 4 9 25 5 15 48 3 43 217 82 58 31 352 5 18 29 153 32 18 9 48 31 246 45 4 2 9 1 20 0 16 8 13 6 15 16 37 9 64 157 11 28 169 81 1 1 7 14 0 2 1 0 2 1 1 0 0 1 1 2 337 378 270 97 9 710 36 600 134 2087 147 10 13 6 9 55 16 641 6 3 3 4 6 23 89 3 43 57 155 93 76 5 16 12 15 49 169 371 22 5 13 0 2 5 2 0 1 1 1 3 0 5 5 10 15 54 12 9 14 13 16 15 10 28 4 7 118 6 1 22 67 5 10 15 1 6 10 3 6 28 11 3 0 0 6 3 2 4
7 1 1 2 3 2 2 1 1 0 1 3 6 1141 1825 43 3879 210 1231 2530 93 243 205 70 51 76 36 8 4 1 1 0 24 52 31 37 2471 1075 5 306 223 9 39 27 6 108 122 5 4 1 0 1 2 3 2 6 2 2 4 2 78 1 4 6 3 5 6 21 5 2 0 8 34 103 7 3 5 19 6 0 0 2 16 10 45 29 15 3 2 1 10 4 2 3 24 3 1 1 22 2 8 4 6 0 1 1 0 2 0 1 0 0 57 19 7 57 27 20 219 10 287 140 295 76 84 2 56 8 2 25 21 7 4 19 4 47 26 1 324 418 2 212 2 4 46 8 2 1 270 21 70 1 14 2 1 1 0 4 0 0 6 24 1 4 5 18 3 18 10 0 60 55 28 37 18 21 0 2 23 1 14 145 71 18 11 55 0 1 4 27 16 4 11 3 8 0 73 27 7 27
6 1 0 3 42 15 2 1 1 0 3 10 218 619 2932 3087 210 14178 718 676 32 27 163 944 18 18 1717 1309 25 21 31 9 128 545 44 6 998 1351 5675 44 1048 283 527 65 47 1641 24 340 76 18 3 1 5 12 42 2 12 23 5 28 2902 304 143 277 554 173 37 37 407 89 119 14 190 60 158 310 4 16 16 1 73 1 19 13 18 18 25 38 57 32 172 97 22 26 265 84 2 1 10 19 0 22 2 2 18 10 1 0 0 2 1 7 234 2357 1352 116 16 1538 45 2328 239 2225 91 13 9 9 4 229 20 2583 38 3 9 10 13 82 33 1 95 214 1338 34 1116 19 14 52 73 414 247 2683 4 26 25 1 2 20 11 6 8 14 0 5 1 3 19 9 80 311 66 67 5 9 82 19 66 176 7 36 287 15 6 19 111 4 40 11 9 10 70 5 4 68 47 19 0 1 6 3 1 3
8 4 1 3 3 3 1 3 0 0 0 2 3961 56 141 1510 1231 718 30033 6554 44 89 84 237 19 63 499 127 3 6 5 1 110 49 56 0 415 5294 38 216 233 48 213 5452 286 1436 83 63 55 164 14 32 1 8 7 0 6 1 4 1 91 50 91 44 27 430 13 23 75 38 17 16 980 3902 20 56 12 324 28 29 82 156 12 6 23 12 10 228 168 177 343 74 11 39 188 5 3 0 8 8 6 11 4 2 3 5 0 6 0 1 2 2 1030 1255 1558 418 62 2825 573 2038 1439 10334 2063 93 82 27 114 197 45 1831 31 12 5 22 14 88 303 13 594 775 462 451 268 17 98 77 92 428 1282 1787 121 29 62 1 3 32 5 6 10 13 6 17 1 7 12 46 66 222 63 119 67 68 50 76 147 157 9 25 830 60 17 259 932 21 123 132 3 27 73 38 14 122 56 13 7 0 64 32 16 32
5 1 0 2 1 4 1 2 0 3 0 2 27 62 1576 1235 2530 676 6554 3561 91 153 183 252 44 126 296 17 8 6 0 0 62 71 74 2 442 402 5 366 321 35 149 53 9 186 149 6 44 13 4 1 3 7 5 4 6 2 6 4 469 7 16 9 2 8 12 26 17 15 2 9 55 185 12 15 3 30 9 1 5 12 7 10 21 14 11 17 18 14 34 48 3 16 65 2 2 0 23 2 1 5 3 1 2 3 0 2 0 0 2 3 376 100 84 181 35 120 311 41 603 964 555 105 136 17 91 46 14 166 34 15 1 25 7 49 126 13 276 391 7 481 11 8 63 23 8 9 412 77 132 4 13 2 3 3 0 2 0 2 6 43 0 5 7 38 8 51 21 3 123 87 52 74 60 39 3 15 70 6 10 211 94 24 16 85 0 1 10 59 21 17 20 6 5 1 80 31 12 35
433 342 198 244 381 398 26 111 29 33 26 413 2 122 203 51 93 32 44 91 11221 8269 2545 257 388 152 103 17 76 351 140 217 611 953 17 1 284 611 15 232 1293 70 162 19 7 6 69 13 28 7 2 3 15 33 12 1178 74 158 6 6 11 18 21 9 8 5 59 56 18 18 4 200 415 89 1312 13 162 8 172 0 14 2 259 53 4464 324 68 10 15 12 13 46 11 19 100 216 152 39 824 36 8 1 11 6 4 11 0 0 5 5 6 16 4 2 0 4 7 7 35 3 50 17 43 10 11 3 3 1 0 2 26 0 12 56 0 66 1 0 161 151 3 24 1 6 20 0 2 0 31 11 8 0 7 1 0 2 0 0 0 1 2 10 0 10 12 1 0 0 0 0 25 11 7 4 3 2 0 0 11 1 38 104 52 2 3 38 0 1 3 8 11 6 1 10 9 1 17 2 3 1
67 69 24 63 132 144 11 17 32 19 8 188 2 152 226 53 243 27 89 153 8269 23669 4204 1129 3382 1570 318 18 74 111 92 117 690 1588 22 8 580 1259 21 2006 588 216 1114 54 15 12 254 24 155 34 8 11 24 88 24 62 185 257 12 15 27 62 62 17 14 7 190 118 36 110 4 223 571 110 1726 41 203 17 198 3 46 7 250 339 4391 1365 232 20 81 33 88 202 54 130 646 151 143 35 2572 77 6 6 5 6 3 3 1 2 2 0 3 6 11 1 1 17 10 6 78 9 99 44 102 18 19 1 9 5 0 5 44 1 6 43 0 87 7 1 284 292 2 48 3 6 25 2 3 1 120 17 14 6 14 3 1 2 0 2 2 3 4 13 0 16 10 2 3 12 6 1 25 15 9 18 9 11 1 4 50 8 41 99 59 4 17 38 0 9 15 9 14 24 10 8 7 1 33 5 1 3
7 8 5 6 10 12 2 2 3 2 0 21 0 661 565 217 205 163 84 183 2545 4204 12724 12406 398 6176 462 23 18 6 21 9 83 481 24 12 802 419 16 2776 6816 2153 1758 9 2 51 182 6 281 9 3 1 18 45 77 20 31 19 14 6 74 19 22 6 3 2 122 49 7 42 1 25 99 21 165 10 20 5 22 1 14 2 63 121 183 138 163 6 26 14 55 177 16 79 311 21 14 4 95 22 0 0 0 1 0 1 0 0 0 0 0 0 9 2 2 5 2 1 29 8 35 44 44 3 2 1 1 0 0 8 5 0 1 3 0 11 3 0 41 46 0 12 1 1 5 1 1 0 33 10 2 1 6 0 0 1 0 0 1 0 1 1 0 2 0 1 2 1 1 0 3 4 0 7 11 3 1 0 28 4 6 20 16 3 12 4 0 5 9 4 4 13 3 0 0 0 4 0 0 2
11 7 2 4 29 25 4 5 0 2 0 6 10 126 181 277 70 944 237 252 257 1129 12406 13190 611 6321 4521 111 137 22 96 10 57 233 123 27 274 179 79 4864 2544 5485 2050 15 5 1286 1764 11 275 16 7 3 61 227 113 24 203 35 176 55 1270 23 65 366 79 22 582 1118 47 41 4 17 49 24 409 25 10 16 11 1 19 1 161 399 232 367 1133 7 28 14 360 184 28 88 340 31 6 1 259 223 0 2 0 0 1 2 0 0 0 0 0 1 25 47 61 20 2 80 54 155 96 271 158 8 6 0 11 12 2 53 2 0 1 2 0 14 8 1 49 85 53 26 70 1 7 8 28 9 82 451 11 6 7 0 0 2 0 0 1 2 1 1 0 2 4 2 37 40 9 12 5 5 8 5 12 51 3 3 115 4 1 24 20 3 9 9 0 7 8 2 1 12 4 5 1 0 3 3 0 1
55 25 7 17 51 28 5 16 17 9 2 33 1 15 17 8 51 18 19 44 388 3382 398 611 11916 1101 252 7 265 41 252 17 231 728 9 0 194 515 5 3650 182 78 644 15 2 11 1230 6 46 15 5 13 92 519 82 24 721 57 3 3 15 46 94 15 4 4 1556 29 17 73 8 84 298 61 649 14 124 11 91 3 46 2 364 1013 1141 2163 2157 4 51 15 63 68 32 60 492 58 65 19 4216 1063 2 4 5 0 1 3 0 0 2 0 0 0 3 1 0 4 2 4 28 2 31 13 27 7 4 0 1 1 1 1 10 1 1 14 0 43 5 0 130 112 0 12 2 5 11 0 1 0 36 11 4 2 2 3 0 1 1 0 0 1 1 2 0 2 3 1 1 2 2 0 12 2 1 5 3 9 1 2 17 3 7 41 21 1 10 9 1 1 8 4 5 5 3 1 2 0 7 2 0 1
3 1 1 1 3 1 0 0 0 0 1 3 0 38 76 40 76 18 63 126 152 1570 6176 6321 1101 5712 515 1 15 3 6 1 25 114 9 4 148 265 1 8608 390 94 351 12 1 12 399 1 35 3 0 1 5 34 4 3 18 1 5 1 13 5 5 0 0 1 67 48 1 20 0 6 57 15 24 10 2 8 6 0 1 1 32 90 61 94 149 0 14 8 10 32 6 20 112 2 2 3 63 7 0 0 0 0 0 0 0 0 0 0 0 1 9 0 0 9 3 6 39 1 49 52 80 1 7 3 3 1 0 3 2 1 0 1 1 6 5 0 43 43 0 14 0 1 7 3 0 0 46 4 2 0 5 0 0 0 0 0 0 1 0 1 0 0 2 2 0 3 2 0 2 3 3 4 2 3 1 2 7 1 0 12 6 1 3 4 0 0 2 1 0 4 0 1 0 0 4 1 1 1
22 7 1 6 58 11 0 4 0 2 1 8 22 1370 969 1534 36 1717 499 296 103 318 462 4521 252 515 22606 5203 459 108 431 4 27 483 2281 113 473 93 111 2994 540 132 962 12 3 541 1799 15 25 5 0 11 80 314 61 8 606 187 365 298 461 74 309 883 1022 17 1004 1461 124 58 14 6 26 49 1368 26 13 6 7 2 28 2 142 417 159 391 735 5 18 5 89 49 13 23 391 127 3 3 194 493 1 4 5 0 1 0 0 1 0 1 0 4 190 323 204 69 14 674 101 816 221 1869 393 9 14 7 9 53 12 424 5 3 1 3 4 18 37 6 76 110 169 77 160 6 17 9 19 20 175 850 17 4 14 2 2 2 1 1 2 3 2 1 0 0 4 5 45 71 22 13 4 12 19 12 22 49 1 8 144 3 2 30 54 2 4 10 2 0 7 5 1 16 12 9 3 0 9 6 4 6
5 7 0 5 259 25 3 2 0 3 0 3 44 1834 2453 4356 8 1309 127 17 17 18 23 111 7 1 5203 9997 359 275 651 2 6 857 202 87 599 16 2553 19 87 16 45 7 5 384 68 43 7 4 1 4 23 50 8 4 476 512 69 598 113 97 162 613 929 49 276 452 313 30 7 5 2 27 2599 26 0 2 4 0 11 1 37 69 32 27 218 8 11 8 36 10 12 9 64 514 0 1 14 254 1 10 0 3 7 2 0 1 0 0 0 4 69 665 372 36 7 620 25 1641 97 1241 81 2 3 3 5 72 10 761 13 0 6 3 3 42 18 1 23 89 546 21 450 4 11 9 15 50 71 1980 4 18 13 0 2 7 4 1 3 6 1 0 0 1 10 5 68 136 31 28 6 8 24 4 13 91 2 21 138 5 3 10 36 3 9 4 3 2 39 0 2 20 17 8 1 1 3 1 0 2
14881 727 209 522 2495 460 2188 301 118 220 61 396 2 42 30 26 4 25 3 8 76 74 18 137 265 15 459 359 46536 18668 2558 242 947 322 46 1 14 118 48 49 147 13 227 6 14 19 71 218 21 23 54 138 6134 12457 2071 33 2132 188 2 2 31 789 765 171 109 15 5879 25 432 354 144 777 478 210 1729 77 410 14 486 23 227 11 1717 2179 282 129 467 23 58 22 110 194 140 54 516 689 395 5241 322 817 83 42 127 75 30 127 4 10 38 19 47 132 1 8 5 3 1 7 3 21 8 12 5 19 18 0 5 1 0 5 480 0 102 510 0 359 0 1 310 59 10 6 7 27 69 4 14 1 7 56 4 0 5 22 2 7 4 7 7 3 47 81 4 113 125 2 7 11 5 2 117 48 13 1 10 18 3 3 112 11 335 528 131 2 20 191 1 5 5 6 86 17 3 87 115 13 68 4 1 5
7039 6119 174 2091 5680 1283 1036 240 86 311 146 874 0 34 19 23 1 21 6 6 351 111 6 22 41 3 108 275 18668 23049 5225 482 1359 116 22 2 9 49 47 14 344 9 46 3 5 13 16 269 28 14 47 118 696 1153 424 147 4544 90 2 1 20 655 320 41 124 3 1944 10 312 267 145 891 151 132 592 76 282 4 236 21 266 3 1181 775 985 198 65 27 28 7 71 261 153 39 129 904 538 873 80 136 229 132 445 294 68 533 20 28 148 74 156 496 1 3 5 0 1 11 5 22 3 14 6 42 34 0 5 0 0 2 970 2 329 988 1 469 1 0 196 46 7 7 6 24 108 5 7 2 8 32 5 1 7 21 3 9 4 15 2 3 50 109 2 184 248 1 13 16 2 2 133 64 28 4 9 25 5 4 106 13 690 588 82 4 27 230 3 5 10 17 90 23 10 225 273 37 102 7 3 1
139 155 15 236 7525 334 39 16 6 27 8 81 0 127 52 55 1 31 5 0 140 92 21 96 252 6 431 651 2558 5225 8547 91 216 178 96 12 23 16 129 28 146 15 186 3 6 27 73 361 16 9 7 20 201 661 103 41 11483 492 4 16 44 920 667 191 213 10 2829 68 703 374 193 82 30 11 2270 99 19 0 23 7 165 2 461 941 503 862 730 27 21 14 102 61 105 35 408 998 43 65 987 6248 12 5 21 11 1 18 1 1 7 3 7 16 0 7 7 2 1 2 4 23 2 9 4 0 3 1 0 4 0 12 50 0 19 45 3 25 1 0 24 14 12 1 7 0 6 5 13 3 3 72 0 4 3 0 0 6 1 3 1 2 4 4 0 9 15 0 10 14 9 2 11 2 1 0 13 34 0 4 121 13 33 35 6 0 23 10 0 3 11 1 3 16 4 12 18 1 6 0 0 0
202 270 58 476 1706 4887 18 27 15 74 70 719 0 3 0 5 0 9 1 0 217 117 9 10 17 1 4 2 242 482 91 4233 6055 481 0 0 1 29 13 4 118 11 22 1 0 6 4 25 3 0 3 4 43 118 34 34 22 93 1 0 12 25 17 4 5 2 101 1 20 13 26 415 437 12 2082 17 30 0 137 0 30 0 144 182 350 110 8 10 5 3 20 27 8 1 31 2369 301 44 46 4 23 14 60 33 4 53 2 4 14 13 28 44 0 1 2 0 0 3 2 12 3 1 0 1 3 0 0 0 0 3 69 0 34 87 0 37 0 0 13 14 2 0 1 2 8 0 2 0 0 20 1 0 1 1 1 1 0 2 1 0 3 7 0 14 21 0 3 5 0 0 11 5 4 0 2 6 1 0 30 3 52 61 5 0 7 24 0 1 4 0 9 4 0 13 29 3 11 0 0 0
463 518 184 616 2091 3502 66 67 108 1060 1036 2023 8 6 14 85 24 128 110 62 611 690 83 57 231 25 27 6 947 1359 216 6055 9410 2605 1 0 142 2070 39 143 457 17 62 4 6 135 159 49 17 4 10 42 205 347 113 68 100 277 1 0 515 38 27 47 10 13 455 20 40 17 24 2129 2094 176 1936 41 240 16 594 5 85 7 548 505 859 297 146 26 12 4 38 132 41 18 57 2739 1985 211 196 23 115 40 264 151 32 253 15 23 92 29 73 213 1 10 7 3 1 13 22 15 25 9 17 29 26 6 11 0 0 6 459 3 120 474 0 418 0 0 519 233 6 20 12 42 90 5 10 2 37 45 14 1 3 17 2 3 4 16 1 7 59 78 2 114 107 3 9 4 3 1 120 56 29 11 6 22 7 2 76 5 360 515 159 4 9 177 0 3 9 14 82 4 14 82 145 23 89 9 1 4
72 45 22 67 604 619 21 18 6 15 11 98 1 650 183 670 52 545 49 71 953 1588 481 233 728 114 483 857 322 116 178 481 2605 8658 551 745 2033 598 622 818 639 42 253 15 14 66 1750 251 24 11 28 40 108 237 101 43 112 1184 838 2491 533 300 216 177 318 8 303 5468 586 69 72 82 181 97 6610 140 138 45 86 5 105 4 410 294 525 216 1730 22 30 11 75 121 46 20 183 1412 30 11 183 96 20 11 9 7 2 12 0 3 1 4 5 14 5 35 26 7 3 32 51 65 77 49 30 14 27 4 10 11 0 37 127 4 13 131 2 420 4 1 763 445 28 44 26 32 69 10 8 5 71 123 21 2 7 19 0 6 3 29 2 14 42 58 2 41 21 7 8 25 4 1 103 39 27 21 9 22 14 3 104 7 63 391 65 3 20 100 1 3 14 12 77 14 14 20 17 4 92 11 1 5
1 1 0 1 21 3 0 0 0 0 0 4 2 5205 1070 130 31 44 56 74 17 22 24 123 9 9 2281 202 46 22 96 0 1 551 4633 1551 850 12 7 258 51 4 67 6 1 10 598 6 1 3 0 0 7 23 6 0 94 126 686 372 11 7 35 32 17 0 99 569 21 9 6 2 3 22 663 4 1 11 4 0 6 1 10 26 7 19 115 1 1 0 11 4 2 1 40 41 2 0 12 65 0 1 3 0 0 0 0 2 0 0 0 1 120 32 41 50 11 167 149 32 224 909 483 13 25 7 23 17 8 68 3 3 0 3 3 11 45 5 84 142 1 104 5 1 14 7 2 1 157 35 20 3 9 1 0 1 0 0 0 0 1 4 0 0 2 6 2 20 8 0 19 9 9 10 26 15 1 3 45 1 2 54 33 5 5 21 0 2 1 9 1 1 4 1 1 0 8 6 2 8
0 0 0 0 5 1 0 0 0 0 0 0 0 3360 240 23 37 6 0 2 1 8 12 27 0 4 113 87 1 2 12 0 0 745 1551 2107 2640 1 7 42 14 1 18 1 0 3 432 2 1 0 0 0 0 1 0 1 1 28 1411 389 3 6 18 20 11 1 5 129 26 0 1 0 0 0 85 2 0 0 0 0 0 0 0 0 4 3 5 0 0 0 1 0 1 0 10 11 0 0 4 3 0 0 0 0 0 0 0 0 0 0 0 0 1 1 0 3 1 1 7 2 5 11 15 2 2 0 2 1 0 2 1 0 0 1 0 1 0 0 2 8 0 4 0 0 1 0 0 0 1 6 0 0 0 0 0 0 0 0 0 0 2 1 0 0 0 0 0 0 1 0 1 2 1 2 0 3 0 1 1 0 0 5 1 0 0 0 0 0 0 0 0 0 0 0 0 0 1 0 0 0
14 6 4 2 18 4 0 3 2 0 2 9 1 2304 1166 1284 2471 998 415 442 284 580 802 274 194 148 473 599 14 9 23 1 142 2033 850 2640 3503 956 430 858 531 48 207 16 4 200 1341 108 5 3 4 3 5 15 10 6 13 55 1029 972 1033 127 117 95 182 10 35 1549 275 39 27 8 59 16 223 83 5 9 14 0 29 1 43 53 117 76 209 12 13 1 57 22 10 6 111 17 2 1 71 15 3 2 3 0 2 0 1 4 1 1 2 1 22 24 12 16 18 26 88 60 171 80 104 51 53 5 24 16 1 35 38 3 1 25 3 108 11 0 359 390 15 83 11 9 42 5 2 7 130 81 54 2 7 6 2 0 0 0 0 0 7 26 1 4 5 4 7 20 5 1 70 40 33 42 14 26 5 1 49 3 19 128 13 14 7 30 0 4 11 23 18 18 7 3 7 1 54 22 5 10
44 21 13 15 35 33 8 12 5 6 9 39 213 25 320 411 1075 1351 5294 402 611 1259 419 179 515 265 93 16 118 49 16 29 2070 598 12 1 956 10754 165 1081 612 91 296 348 74 2254 726 75 19 36 14 27 55 126 69 40 31 11 7 5 2552 47 89 170 38 259 153 204 178 37 36 46 1773 962 126 97 272 120 125 7 91 25 282 230 457 243 381 67 59 44 210 82 34 24 208 30 30 8 156 18 19 26 12 10 7 18 0 11 0 2 4 16 90 53 63 86 83 76 591 148 926 409 610 175 221 26 80 33 7 82 180 20 12 168 8 943 41 5 3464 2625 27 429 42 61 249 22 64 18 1001 462 215 7 40 44 0 12 3 32 7 18 92 117 2 67 49 40 56 93 30 36 384 182 115 161 66 160 19 27 548 38 133 1237 490 39 56 282 4 7 34 95 164 29 45 25 44 13 316 66 17 56
4 6 2 7 183 59 3 1 0 1 0 13 10 320 585 1052 5 5675 38 5 15 21 16 79 5 1 111 2553 48 47 129 13 39 622 7 7 430 165 12975 4 112 52 98 2 5 347 8 374 7 1 1 1 4 17 8 2 38 108 3 57 4942 304 77 203 2153 56 26 62 2100 50 106 12 50 3 523 658 1 0 7 0 53 1 10 19 18 11 21 26 28 10 239 10 20 9 34 292 5 2 4 24 3 3 0 0 7 4 0 0 0 0 1 4 12 387 279 18 6 217 10 923 61 354 24 0 1 6 0 87 3 450 12 0 3 4 0 36 4 0 27 55 345 6 424 13 6 38 131 57 27 2245 6 15 18 0 0 4 1 1 2 10 1 1 0 4 7 3 147 276 46 23 1 2 32 4 23 259 3 9 371 13 2 12 8 2 26 4 2 7 38 0 1 31 27 4 1 1 1 1 0 1
12 3 4 5 15 5 1 3 0 1 0 3 2 276 339 90 306 44 216 366 232 2006 2776 4864 3650 8608 2994 19 49 14 28 4 143 818 258 42 858 1081 4 6414 543 137 859 36 8 13 4394 5 38 12 3 5 27 99 22 4 81 31 74 31 32 15 28 8 4 6 254 428 13 39 0 21 266 76 293 7 28 32 46 1 6 5 81 231 177 299 1001 1 23 13 23 41 11 30 227 19 8 5 225 61 1 4 0 1 0 2 1 2 0 0 0 1 78 5 5 61 14 28 223 11 299 235 423 35 41 7 32 9 1 33 9 3 1 9 1 38 25 2 197 270 2 147 2 5 28 7 0 0 183 18 39 3 15 1 0 1 0 0 0 1 3 10 1 4 2 14 1 24 5 2 24 32 12 19 17 10 0 4 25 0 9 64 51 7 7 31 1 2 3 13 7 5 6 4 7 0 37 11 1 6
966 388 307 222 327 349 84 321 27 133 31 305 8 747 1177 829 223 1048 233 321 1293 588 6816 2544 182 390 540 87 147 344 146 118 457 639 51 14 531 612 112 543 7710 3880 1705 35 53 479 110 64 2980 110 69 39 33 62 2012 1493 74 113 7 4 1066 92 58 41 36 49 113 56 110 265 55 196 376 108 893 242 206 17 179 12 390 18 1718 171 794 123 125 294 297 126 1307 2999 235 688 1231 218 140 55 89 73 2 1 10 9 4 18 0 7 2 3 6 13 19 15 12 8 3 40 16 44 44 108 56 13 13 3 4 5 0 26 65 2 15 92 2 109 2 0 186 111 14 22 21 9 23 14 47 1 39 120 9 18 29 4 2 22 7 7 4 26 9 16 0 16 26 5 16 45 13 14 30 19 14 2 29 74 9 22 227 26 68 153 64 0 55 63 8 28 156 5 13 80 36 14 25 1 29 3 1 4
15 4 3 2 30 11 1 2 1 2 0 9 3 23 81 100 9 283 48 35 70 216 2153 5485 78 94 132 16 13 9 15 11 17 42 4 1 48 91 52 137 3880 7467 3812 7 21 398 73 11 1479 22 5 0 9 23 157 24 19 4 3 5 675 8 20 35 17 31 52 55 65 39 1 3 25 6 42 103 7 1 3 1 17 0 69 47 49 58 98 14 31 20 817 362 17 83 198 20 4 1 26 20 1 1 0 0 0 0 0 0 0 0 0 1 2 5 8 1 0 7 1 22 10 22 19 1 1 0 0 2 0 12 4 0 0 0 1 5 2 0 6 7 5 3 7 0 0 12 31 0 11 105 1 4 7 0 0 3 0 1 0 0 1 2 0 1 1 0 17 19 7 3 0 2 6 2 16 63 1 3 163 8 1 8 3 0 13 1 2 1 19 1 0 12 4 1 0 0 1 0 0 0
41 16 7 14 59 42 2 7 7 10 3 21 20 117 132 239 39 527 213 149 162 1114 1758 2050 644 351 962 45 227 46 186 22 62 253 67 18 207 296 98 859 1705 3812 6702 106 153 2173 809 88 3015 162 31 7 76 344 144 21 361 57 119 55 2361 102 288 4052 86 242 838 1090 436 155 24 22 138 34 572 683 44 13 49 2 69 6 217 617 348 653 1064 69 265 186 4612 982 81 371 3433 65 30 5 418 350 2 10 1 1 9 3 0 2 2 1 0 2 14 23 60 10 1 45 26 127 68 183 93 10 5 2 4 33 0 49 21 3 8 3 6 29 1 1 57 58 51 22 61 4 9 92 246 11 69 756 11 47 61 0 4 85 5 6 16 20 4 1 1 3 17 5 124 237 84 70 4 9 42 12 115 461 17 38 1300 126 7 44 18 6 273 37 9 44 138 4 1 203 56 5 14 3 6 3 0 4
2 1 2 1 2 2 0 2 1 1 0 2 3208 4 12 11 27 65 5452 53 19 54 9 15 15 12 12 7 6 3 3 1 4 15 6 1 16 348 2 36 35 7 106 6683 959 1136 21 47 15 416 13 49 1 3 3 1 4 0 1 0 55 52 64 13 6 442 15 7 87 29 16 106 1190 2106 6 38 1006 2127 2430 52 77 239 12 13 27 18 11 319 278 295 275 15 3 20 108 2 11 1 8 1 2 2 1 1 1 1 0 2 0 3 0 1 74 39 86 44 14 127 125 117 309 761 341 38 38 5 23 9 5 41 16 1 0 17 6 39 31 1 431 323 19 90 9 4 24 25 53 25 355 265 33 10 35 0 1 33 5 3 6 9 2 7 0 2 7 6 35 60 26 31 27 19 21 23 46 160 6 15 654 66 18 206 292 4 103 87 3 17 57 15 10 94 25 2 10 1 24 7 3 8
4 4 0 1 7 2 1 4 77 0 4 1 3953 4 5 10 6 47 286 9 7 15 2 5 2 1 3 5 14 5 6 0 6 14 1 0 4 74 5 8 53 21 153 959 6590 2821 3 104 20 3739 10 38 7 12 5 1 10 1 0 1 22 147 125 14 9 1995 21 3 190 96 24 101 192 294 11 99 1188 1366 977 55 233 689 9 10 5 6 5 1153 1294 2441 2726 39 13 32 212 4 313 28 3 3 2 7 4 1 6 3 0 5 3 1 0 3 1 4 33 3 1 18 4 42 21 25 14 3 1 0 1 6 1 6 30 2 10 2 6 32 0 1 39 32 22 10 13 4 5 79 382 9 67 598 4 45 105 0 3 128 5 7 5 31 3 0 0 1 11 3 132 220 103 129 2 2 46 10 147 557 16 44 2404 263 3 34 22 1 332 45 7 108 187 1 0 378 75 10 13 2 1 0 1 1
7 1 1 4 12 7 1 1 19 0 3 4 3183 11 21 98 108 1641 1436 186 6 12 51 1286 11 12 541 384 19 13 27 6 135 66 10 3 200 2254 347 13 479 398 2173 1136 2821 6562 27 70 54 137 1 8 10 23 39 8 48 7 4 12 551 59 183 1986 817 4110 60 51 595 37 25 42 749 172 90 159 161 157 280 5 34 43 17 35 16 20 42 73 91 82 421 36 8 33 454 27 69 8 9 41 3 19 0 3 22 10 1 3 0 0 2 9 42 782 2042 36 18 312 37 1668 212 654 76 7 3 10 4 351 7 1037 37 2 17 10 11 85 7 1 92 202 852 35 1096 15 13 203 1286 482 174 8697 16 30 25 1 8 20 2 2 4 9 1 3 0 6 27 15 430 1133 94 425 10 5 115 37 72 996 13 17 1702 45 6 27 52 9 60 27 4 8 53 2 3 62 57 32 7 3 2 0 0 1
15 3 4 4 19 9 1 3 2 5 0 9 0 793 224 40 122 24 83 149 69 254 182 1764 1230 399 1799 68 71 16 73 4 159 1750 598 432 1341 726 8 4394 110 73 809 21 3 27 7179 1 13 2 0 3 23 102 10 3 120 87 2546 333 15 26 95 49 17 3 286 3014 35 15 1 25 222 54 686 11 41 22 44 0 9 3 72 211 121 336 2259 2 7 4 24 21 9 18 246 42 20 4 259 100 1 0 2 1 0 2 0 1 0 2 0 1 41 10 2 31 10 19 143 11 173 145 228 25 24 3 12 2 1 23 10 2 2 5 1 34 18 2 173 224 2 99 2 8 34 2 2 0 128 19 18 3 4 0 0 1 0 2 0 0 5 6 0 2 3 10 4 15 7 0 18 22 4 9 24 13 2 0 7 0 8 46 22 10 5 19 0 3 1 11 8 1 6 1 3 1 22 6 4 7
21 17 2 39 470 151 6 3 7 1 1 33 10 64 101 60 5 340 63 6 13 24 6 11 6 1 15 43 218 269 361 25 49 251 6 2 108 75 374 5 64 11 88 47 104 70 1 18569 22 684 5 13 22 45 13 3 211 127 2 44 626 8850 1287 35 191 50 143 42 6625 987 4460 12 46 27 691 15944 34 7 32 11 653 148 20 36 25 22 35 1700 6643 565 3621 37 160 78 280 508 20 5 13 75 1 11 0 0 4 0 0 1 0 0 1 1 3 4 26 6 6 13 4 19 9 10 3 2 4 0 4 6 1 7 23 3 1 3 6 17 2 0 17 9 8 19 1 8 3 126 80 26 58 56 12 401 697 1 17 363 32 22 51 124 0 0 1 1 3 6 38 287 288 31 6 6 53 13 437 315 100 323 1945 314 4 51 17 7 1093 72 59 327 1415 2 1 2034 473 6 12 2 0 1 2 1
112 18 31 9 17 12 8 27 8 13 2 7 2 18 57 101 4 76 55 44 28 155 281 275 46 35 25 7 21 28 16 3 17 24 1 1 5 19 7 38 2980 1479 3015 15 20 54 13 22 10715 97 73 6 8 20 61 16 19 5 0 0 118 50 27 9 2 16 35 5 25 233 8 10 24 20 33 112 21 5 21 1 122 9 52 51 39 50 20 79 179 83 548 9283 179 2320 4261 9 10 3 23 8 0 1 1 0 0 0 0 1 0 0 0 0 0 1 4 1 1 1 1 2 4 13 6 0 0 0 1 0 0 1 4 0 0 7 0 4 0 0 12 6 1 5 0 1 3 6 11 0 4 24 1 12 30 0 1 18 2 3 6 10 1 1 0 1 2 0 8 20 11 4 3 3 4 0 26 28 8 17 153 26 2 11 4 0 58 5 4 21 69 0 0 81 22 0 3 0 1 0 0 0
8 2 2 2 12 5 1 3 93 1 5 0 199 2 7 12 1 18 164 13 7 34 9 16 15 3 5 4 23 14 9 0 4 11 3 0 3 36 1 12 110 22 162 416 3739 137 2 684 97 6844 159 579 8 22 13 2 21 7 0 0 19 702 394 13 5 1611 26 3 71 353 98 92 148 811 16 243 1269 562 603 783 639 3422 23 18 17 17 5 3240 2836 7331 980 116 66 170 638 12 456 42 14 8 0 1 3 1 2 1 1 3 0 0 4 4 1 0 12 2 0 1 4 6 10 6 5 2 0 2 1 0 0 1 13 1 1 5 1 12 2 1 14 14 4 3 0 1 1 37 73 13 25 28 4 84 174 2 6 228 27 10 50 63 1 2 0 1 3 1 19 107 70 63 1 5 12 3 134 125 31 114 986 141 1 25 11 0 306 35 18 272 516 1 2 600 115 0 3 3 1 1 0 0
126 25 28 9 15 9 30 61 12 35 0 12 3 0 2 2 0 3 14 4 2 8 3 7 5 0 0 1 54 47 7 3 10 28 0 0 4 14 1 3 69 5 31 13 10 1 0 5 73 159 10259 13304 10 20 323 13 5 2 0 0 3 13 6 1 0 92 12 0 4 31 4 15 24 136 39 2 76 16 31 2761 2229 508 455 48 51 13 5 260 17 7 25 5243 3994 166 80 6 47 21 6 2 2 0 2 0 0 0 0 0 0 0 0 0 1 0 0 0 0 1 1 1 1 1 1 0 0 0 1 0 0 0 3 0 1 5 0 14 0 0 8 11 0 1 0 3 2 3 3 0 3 0 1 10 1 1 0 13 579 203 821 432 23 1 1 2 2 0 1 0 1 10 3 2 0 0 1 2 58 42 16 2 3 15 5 0 0 8 96 19 335 0 21 17 26 1 1 2 0 0 0 0
356 44 61 19 42 23 64 139 31 85 12 42 8 0 0 1 1 1 32 1 3 11 1 3 13 1 11 4 138 118 20 4 42 40 0 0 3 27 1 5 39 0 7 49 38 8 3 13 6 579 13304 16195 29 24 634 19 21 20 0 0 4 24 3 2 1 335 33 2 4 35 16 45 77 401 134 8 274 83 98 11117 3252 1167 811 60 76 12 32 292 24 11 7 2995 3160 32 12 33 115 42 14 18 7 0 2 1 0 1 1 3 0 1 1 0 1 0 4 0 1 0 2 1 2 1 2 1 1 0 0 1 0 0 4 0 1 19 0 16 0 0 49 10 0 2 0 11 5 7 10 0 5 2 3 22 10 10 2 41 1170 546 2278 877 82 1 0 4 3 0 0 2 3 17 10 2 3 0 0 0 162 100 27 2 7 39 17 0 3 32 380 77 843 0 35 43 90 0 7 1 3 0 0 0
1214 143 127 100 245 84 801 522 273 565 80 219 1 3 2 4 2 5 1 3 15 24 18 61 92 5 80 23 6134 696 201 43 205 108 7 0 5 55 4 27 33 9 76 1 7 10 23 22 8 8 10 29 15741 10679 6723 5 114 33 1 0 8 66 82 14 8 3 338 5 33 38 8 145 174 81 481 9 150 10 108 4 17 11 1412 564 43 22 130 13 19 8 17 39 28 16 142 93 321 5853 106 169 7 8 11 10 1 12 0 2 5 1 3 10 0 0 1 0 1 1 1 2 3 1 4 3 2 0 0 1 0 0 58 0 8 78 0 81 0 0 116 34 1 2 0 5 16 0 0 0 2 6 1 0 0 1 0 0 0 0 0 0 2 11 1 17 13 0 0 2 0 0 11 6 1 0 2 1 0 0 6 1 33 111 32 1 0 53 0 1 0 1 6 1 0 6 20 1 18 2 0 0
1672 310 169 182 551 298 787 494 86 372 47 267 0 4 6 9 3 12 8 7 33 88 45 227 519 34 314 50 12457 1153 661 118 347 237 23 1 15 126 17 99 62 23 344 3 12 23 102 45 20 22 20 24 10679 12483 1626 7 540 112 3 1 28 192 272 74 27 12 3185 10 116 155 26 209 319 124 1354 46 203 7 213 5 56 4 3017 9254 128 114 432 8 39 23 76 53 53 69 545 304 146 1589 556 738 18 12 17 8 3 24 0 3 5 2 10 22 1 1 0 0 2 6 5 7 4 5 6 6 3 0 5 0 0 3 106 0 20 131 1 149 1 0 202 57 4 1 2 15 48 3 2 0 9 17 2 1 2 3 0 2 1 1 1 0 9 31 0 30 27 0 3 5 4 1 43 22 9 1 2 4 3 0 42 7 68 186 60 3 9 65 0 0 9 1 30 10 2 19 36 8 35 2 0 1
894 105 91 63 172 76 434 309 77 236 26 140 0 9 19 25 2 42 7 5 12 24 77 113 82 4 61 8 2071 424 103 34 113 101 6 0 10 69 8 22 2012 157 144 3 5 39 10 13 61 13 323 634 6723 1626 16009 473 74 39 0 1 99 39 43 12 11 8 184 6 19 24 2 93 121 50 356 47 84 10 82 109 239 42 3545 315 64 21 85 20 20 12 148 1616 182 18 94 76 80 1387 76 87 5 2 3 4 2 5 0 0 2 2 4 6 0 0 0 0 0 1 2 4 3 6 1 3 1 0 0 1 0 0 40 0 12 53 0 64 0 0 108 38 1 2 0 9 15 0 8 1 2 12 3 0 0 1 0 5 20 10 42 13 0 7 0 13 14 1 1 3 2 2 13 10 1 1 10 10 0 2 25 3 42 82 24 1 10 21 1 3 18 0 7 1 2 4 15 0 8 0 0 0
340 150 128 105 120 94 24 110 13 53 9 84 0 2 2 5 6 2 0 4 1178 62 20 24 24 3 8 4 33 147 41 34 68 43 0 1 6 40 2 4 1493 24 21 1 1 8 3 3 16 2 13 19 5 7 473 1731 15 13 0 0 9 11 12 4 1 2 18 4 7 9 3 42 46 19 129 7 27 3 30 4 20 2 2996 39 2540 30 21 3 2 3 26 137 15 9 29 32 18 15 55 17 0 0 3 1 0 2 0 0 1 0 0 2 0 0 0 1 0 2 1 2 1 1 1 2 1 0 1 0 0 0 13 0 5 10 0 21 0 0 37 28 0 0 0 5 4 0 1 0 2 1 2 0 0 1 0 0 0 0 2 1 2 5 0 5 4 0 2 0 1 0 7 0 2 1 1 1 1 0 4 0 6 26 13 0 0 8 0 0 1 1 3 1 1 1 6 0 8 0 0 0
44 24 9 28 895 55 6 10 3 3 2 37 0 55 19 15 2 12 6 6 74 185 31 203 721 18 606 476 2132 4544 11483 22 100 112 94 1 13 31 38 81 74 19 361 4 10 48 120 211 19 21 5 21 114 540 74 15 13083 62 4 6 66 910 976 256 140 13 6862 24 543 546 166 47 39 20 958 60 32 1 20 1 158 3 307 956 411 2513 1231 12 28 16 147 53 131 71 743 498 19 15 4533 3353 2 0 2 2 2 2 0 0 3 2 1 5 3 6 4 0 1 2 3 15 3 10 5 2 1 0 0 2 0 2 14 1 5 24 1 30 0 0 26 13 4 3 9 3 2 2 8 0 3 55 0 4 7 0 0 8 0 1 0 2 0 4 0 7 5 0 14 15 5 5 4 0 1 0 12 28 0 1 125 11 16 28 18 0 29 6 1 4 11 0 1 18 5 3 5 1 4 0 0 0
19 11 3 10 799 456 4 4 2 2 1 10 0 190 59 48 2 23 1 2 158 257 19 35 57 1 187 512 188 90 492 93 277 1184 126 28 55 11 108 31 113 4 57 0 1 7 87 127 5 7 2 20 33 112 39 13 62 4263 110 3487 17 225 158 70 130 1 110 2240 358 69 46 13 26 3 18049 52 5 0 9 1 48 1 139 136 207 83 260 7 5 5 27 40 22 8 79 4986 1 1 30 86 0 1 2 0 1 1 0 0 0 0 0 0 0 5 8 0 0 3 1 17 0 4 2 2 0 0 1 1 0 4 4 0 1 3 0 13 0 0 18 13 2 4 2 0 4 2 5 1 3 34 2 1 3 1 0 3 0 0 0 1 2 5 0 3 2 0 3 5 3 0 2 2 1 0 1 13 0 0 44 5 2 9 2 0 3 2 0 1 0 0 0 7 3 0 1 1 0 0 0 0
2 0 1 0 1 1 0 0 0 0 0 0 0 710 65 3 4 5 4 6 6 12 14 176 3 5 365 69 2 2 4 1 1 838 686 1411 1029 7 3 74 7 3 119 1 0 4 2546 2 0 0 0 0 1 3 0 0 4 110 1726 3981 11 5 35 24 11 2 4 1503 26 1 1 0 3 2 312 2 0 2 1 0 0 0 0 1 3 3 116 0 0 0 6 0 0 2 58 5 0 0 3 3 0 0 0 0 0 0 0 0 0 0 0 0 2 1 1 0 2 3 14 6 19 11 34 0 0 0 1 0 0 1 0 0 0 1 0 0 1 0 12 20 1 4 0 0 2 0 0 1 11 10 1 0 1 0 0 0 0 0 0 1 0 0 0 0 2 2 0 2 0 0 1 4 0 3 0 3 0 1 3 0 1 6 2 1 2 0 0 0 0 2 0 0 0 0 0 0 2 2 0 0
0 1 0 1 5 1 0 0 0 0 0 1 0 544 162 43 2 28 1 4 6 15 6 55 3 1 298 598 2 1 16 0 0 2491 372 389 972 5 57 31 4 5 55 0 1 12 333 44 0 0 0 0 0 1 1 0 6 3487 3981 1432 6 91 124 98 105 1 5 6360 224 25 18 0 2 0 2620 12 0 0 1 0 7 1 2 3 7 2 140 1 1 1 19 1 8 4 68 17 0 0 1 11 0 0 0 0 0 0 0 0 0 0 0 1 1 2 1 2 0 2 0 6 7 12 8 1 0 0 1 0 0 3 1 0 0 0 0 3 0 0 3 10 1 1 2 0 0 3 1 0 5 13 0 0 5 0 0 1 0 0 0 0 1 0 0 0 0 0 4 4 2 1 0 0 1 1 1 3 0 0 10 4 0 1 2 0 5 1 0 0 4 0 1 1 1 0 0 0 0 0 0 0
10 4 1 7 38 21 2 1 0 1 4 9 8 21 203 217 78 2902 91 469 11 27 74 1270 15 13 461 113 31 20 44 12 515 533 11 3 1033 2552 4942 32 1066 675 2361 55 22 551 15 626 118 19 3 4 8 28 99 9 66 17 11 6 10223 344 406 3240 564 130 82 60 5121 111 255 40 574 22 117 4106 5 2 38 0 99 5 44 34 28 36 50 60 101 21 2282 93 34 61 956 52 3 1 20 49 1 9 0 2 8 4 0 3 1 0 1 8 36 134 371 24 2 68 22 327 85 247 73 5 5 3 8 110 5 280 12 2 10 10 8 35 16 2 51 62 187 27 311 8 11 108 508 59 82 2091 20 24 15 4 2 20 1 2 3 8 2 2 0 2 16 7 192 522 49 54 7 6 53 23 37 507 7 6 732 39 0 36 14 3 72 17 6 5 37 1 3 64 34 7 7 0 1 1 1 2
32 24 4 46 743 146 12 7 11 8 3 41 14 89 116 82 1 304 50 7 18 62 19 23 46 5 74 97 789 655 920 25 38 300 7 6 127 47 304 15 92 8 102 52 147 59 26 8850 50 702 13 24 66 192 39 11 910 225 5 91 344 9259 6542 242 465 48 691 132 2389 3236 947 19 27 61 1454 1852 75 12 41 19 438 259 111 171 87 100 189 1633 2309 472 1331 67 150 363 1190 782 46 14 56 312 0 2 2 1 3 2 0 4 0 0 0 1 3 13 19 4 1 27 3 37 7 38 4 0 1 1 3 4 1 15 9 0 1 2 4 7 1 1 15 10 10 11 7 5 5 87 44 19 26 57 12 381 583 2 13 240 47 38 86 169 1 2 0 0 2 2 25 145 179 11 2 6 19 10 251 141 108 332 1151 146 0 38 6 4 615 40 77 231 1608 1 2 1400 430 0 9 1 1 0 1 2
17 14 4 21 220 61 1 5 10 3 2 10 19 77 48 58 4 143 91 16 21 62 22 65 94 5 309 162 765 320 667 17 27 216 35 18 117 89 77 28 58 20 288 64 125 183 95 1287 27 394 6 3 82 272 43 12 976 158 35 124 406 6542 23976 3959 1070 123 1079 478 6644 1275 196 9 44 38 1403 872 61 12 47 5 110 14 144 286 97 232 418 70 840 303 2466 41 108 231 5076 283 24 8 123 563 0 14 0 0 6 4 0 1 0 1 0 1 15 37 30 6 0 40 14 86 30 107 36 1 5 5 3 10 3 44 20 2 2 2 1 17 1 1 39 30 39 20 24 4 6 87 128 18 63 270 9 115 241 1 8 144 8 13 15 32 1 2 2 1 8 5 73 221 137 39 4 9 49 15 257 384 30 123 1604 247 2 33 15 9 620 48 19 108 355 0 1 749 155 6 10 1 1 1 0 1
7 2 2 2 47 15 1 1 0 1 0 10 9 69 25 31 6 277 44 9 9 17 6 366 15 0 883 613 171 41 191 4 47 177 32 20 95 170 203 8 41 35 4052 13 14 1986 49 35 9 13 1 2 14 74 12 4 256 70 24 98 3240 242 3959 5550 5465 92 296 322 1155 159 14 9 64 5 588 286 6 3 15 0 15 0 36 83 27 88 185 1 23 13 1733 20 28 56 3579 78 1 0 31 195 1 5 0 0 5 1 0 1 0 0 0 2 7 54 112 5 1 44 12 308 30 104 25 3 0 3 4 32 0 91 10 0 6 3 3 10 8 0 10 43 123 18 153 2 4 42 170 16 22 1434 2 2 8 0 3 2 0 0 0 3 0 0 0 2 5 3 141 198 17 31 2 2 18 10 11 275 2 5 521 10 0 4 14 6 22 6 0 0 16 3 0 25 15 5 2 2 1 1 0 0
2 3 1 6 142 30 0 3 0 1 0 1 14 292 355 352 3 554 27 2 8 14 3 79 4 0 1022 929 109 124 213 5 10 318 17 11 182 38 2153 4 36 17 86 6 9 817 17 191 2 5 0 1 8 27 11 1 140 130 11 105 564 465 1070 5465 6922 108 101 114 7827 141 49 4 7 3 766 67 1 1 5 1 30 0 19 22 12 10 49 3 13 7 189 4 22 11 126 256 1 1 5 70 1 5 0 2 2 1 0 0 0 0 1 4 5 177 275 21 2 67 8 728 40 139 27 0 0 2 1 88 1 261 8 0 6 3 2 27 1 0 11 54 276 11 405 4 3 42 165 33 27 3005 1 9 8 1 1 5 0 0 3 3 0 0 0 2 9 2 236 332 41 52 0 0 24 6 25 346 4 10 601 7 0 3 10 4 21 5 1 1 20 1 0 22 15 7 1 0 5 1 0 0
4 2 1 1 7 2 0 0 51 2 6 4 2574 4 0 5 5 173 430 8 5 7 2 22 4 1 17 49 15 3 10 2 13 8 0 1 10 259 56 6 49 31 242 442 1995 4110 3 50 16 1611 92 335 3 12 8 2 13 1 2 1 130 48 123 92 108 1019 22 11 389 36 5 34 146 1122 21 79 791 1017 206 404 223 955 12 9 8 4 7 661 169 185 1179 49 13 27 191 12 327 25 3 7 0 3 4 0 1 1 0 1 0 1 1 1 3 25 175 4 0 27 2 71 10 108 5 0 0 0 2 7 0 18 4 1 1 2 1 5 1 0 16 17 19 2 13 0 3 15 172 66 31 450 3 5 29 0 1 33 13 4 13 14 1 0 0 1 2 1 18 56 17 174 1 0 5 2 24 53 4 9 324 25 0 19 14 2 60 9 8 18 43 0 2 67 11 3 4 1 0 1 0 1
400 204 141 143 597 188 33 116 49 43 17 156 3 35 26 18 6 37 13 12 59 190 122 582 1556 67 1004 276 5879 1944 2829 101 455 303 99 5 35 153 26 254 113 52 838 15 21 60 286 143 35 26 12 33 338 3185 184 18 6862 110 4 5 82 691 1079 296 101 22 16123 27 411 512 109 326 298 162 2109 109 223 6 234 3 145 6 636 5880 603 3101 1858 21 120 55 266 112 148 172 1600 454 183 54 3183 3231 19 14 17 7 2 20 0 5 3 2 8 25 2 4 7 1 0 10 8 19 11 19 12 15 8 2 1 3 0 10 126 2 17 165 0 139 2 0 154 55 5 5 6 16 33 5 13 3 8 57 2 2 11 10 1 7 1 6 5 2 20 43 1 25 36 1 14 19 10 4 46 13 7 1 15 29 0 5 118 14 85 251 78 4 25 58 6 6 20 3 29 24 8 20 18 0 24 3 0 0
5 1 0 1 49 5 0 2 0 2 0 3 1 466 89 29 21 37 23 26 56 118 49 1118 29 48 1461 452 25 10 68 1 20 5468 569 129 1549 204 62 428 56 55 1090 7 3 51 3014 42 5 3 0 2 5 10 6 4 24 2240 1503 6360 60 132 478 322 114 11 27 4474 293 66 19 3 43 11 6476 16 4 2 6 0 14 2 22 24 28 17 683 1 4 2 86 11 11 15 669 111 3 0 8 38 1 1 0 0 0 1 0 0 0 0 0 0 4 9 5 6 2 9 46 13 60 34 62 14 8 1 7 2 0 6 5 0 0 5 0 14 1 2 108 123 3 26 8 1 14 3 9 0 51 39 11 2 4 2 0 4 0 2 0 2 3 6 0 0 2 7 7 8 3 2 10 10 3 4 5 13 1 1 35 4 1 18 9 0 5 2 0 1 3 3 4 6 1 0 0 1 16 5 4 1
15 14 1 17 441 77 7 2 5 2 2 18 26 294 296 153 5 407 75 17 18 36 7 47 17 1 124 313 432 312 703 20 40 586 21 26 275 178 2100 13 110 65 436 87 190 595 35 6625 25 71 4 4 33 116 19 7 543 358 26 224 5121 2389 6644 1155 7827 389 411 293 7960 496 435 11 68 21 1980 4842 19 1 22 1 183 8 50 95 41 53 198 98 213 119 4172 30 76 59 1185 662 4 6 21 294 3 34 1 1 17 6 1 17 2 2 1 7 18 67 119 12 5 65 18 218 62 120 26 2 3 5 6 46 2 81 64 2 10 9 14 70 2 2 70 66 99 28 101 3 5 226 836 25 116 1803 18 77 109 3 8 180 11 14 18 39 0 0 3 8 22 18 427 695 180 153 2 16 128 46 285 1735 21 80 4857 425 5 54 40 15 599 87 17 34 246 0 0 401 141 23 33 2 1 2 0 0
55 26 15 25 263 63 16 23 6 16 3 20 11 23 44 32 2 89 38 15 18 110 42 41 73 20 58 30 354 267 374 13 17 69 9 0 39 37 50 39 265 39 155 29 96 37 15 987 233 353 31 35 38 155 24 9 546 69 1 25 111 3236 1275 159 141 36 512 66 496 6610 3165 22 22 39 549 422 63 10 33 34 2392 267 78 170 85 160 133 1955 1480 274 710 299 1336 2355 1228 279 34 9 75 223 0 2 1 0 1 0 0 1 0 1 0 0 1 7 7 1 0 8 5 13 9 25 9 2 1 0 7 3 0 5 4 1 0 0 1 9 0 0 14 8 8 14 4 7 9 55 42 8 15 39 1 333 267 4 13 145 152 103 278 355 10 0 0 0 2 2 12 80 80 13 5 2 13 2 109 66 212 417 568 81 4 22 13 4 258 29 190 130 2013 0 12 736 352 4 11 1 0 1 0 1
21 13 2 15 281 94 5 7 3 8 0 19 6 18 22 18 0 119 17 2 4 4 1 4 8 0 14 7 144 145 193 26 24 72 6 1 27 36 106 0 55 1 24 16 24 25 1 4460 8 98 4 16 8 26 2 3 166 46 1 18 255 947 196 14 49 5 109 19 435 3165 6760 3 12 16 311 1383 14 1 14 8 6872 68 16 25 16 11 31 1300 919 160 831 38 785 119 91 281 9 7 5 59 1 1 0 0 0 0 0 1 0 0 0 0 1 1 3 1 0 3 0 6 1 1 0 0 1 0 1 1 0 0 1 0 0 2 0 4 0 1 4 1 4 4 2 4 2 13 11 3 11 8 2 102 107 1 6 58 47 24 112 118 5 0 0 0 2 0 2 38 25 6 3 1 3 2 53 18 61 151 240 23 1 6 4 1 125 10 70 57 693 1 4 326 141 0 1 0 1 1 0 1
