16.6699354175087 20.5362809316509 27.3862885901732 40.8366683152682 57.7186560488064 56.4133673176221 32.5042470890197 37.356068208372 63.1141634169236 67.7015236384763 82.1120901149073 80.2703214406656 181.233154296875 132.795761108398 183.954448154994 166.874717712402 160.618882315499 165.749287923177 166.262632369995 185.956582641602 121.839473451258 139.078519678828 172.069285801479 207.047156594016 168.61257573908 206.350621541341 188.815222306685 181.530505371094 32.3563341422793 30.1808210329705 98.4322369801912 77.3001434590557 105.702747410883 140.416356086731 148.055847167969 0 160.991794041225 177.440073880282 140.352882385254 184.454612096151 104.415866591175 155.540740966797 210.285763624238 181.125686645508 195.156585693359 194.673211233956 175.938082885742 176.593927292597 157.903737953731 189.076593399048 162.422279176258 175.404327263993 111.571850316332 95.4778006430448 122.1841006439 112.091039343441 148.22639057853 127.076663368627 146.125747680664 0 199.774523925781 190.352053642273 194.200320973116 216.502086094448 163.100219726562 205.83776473999 95.7378469944 135.328590393066 165.140133666992 189.336090642756 188.263678414481 108.992603316183 153.501159996115 115.328174057007 143.592841059987 178.997911453247 120.728102527965 187.747126261393 136.721978355856 165.387310728735 187.977104139624 181.797346115112 128.279506490903 111.483111325628 119.065187761524 115.664060216751 181.548371233259 190.097031624086 205.041397758152 207.755839029948 201.003044128418 153.317741925566 176.697176348153 184.923727920375 196.34206816438 98.5214686159228 81.6867944567309 62.718758734775 156.584591129848 165.133758544922 176.80090440427 176.65276999002 173.165672097995 177.41643926964 183.088382205448 172.643022607422 178.267711024131 172.201089011298 169.789822159526 143.956058613305 158.108618302779 167.571480906287 0 152.958457946777 164.642105102539 188.364486694336 0 186.69697265625 168.672325134277 213.850784301758 194.166168212891 182.661371866862 210.294120788574 189.512573242188 201.071222941081 215.541290283203 194.560127258301 0 0 0 169.449871319343 243.440902709961 151.767775394877 159.986409041461 0 165.196146003024 0 0 181.354259575738 199.253821236747 202.573818206787 154.784225463867 197.026779174805 204.124370029994 192.491823894222 222.821716308594 0 200.795516967773 182.818130493164 204.663808186849 150.224517822266 0 226.973861694336 227.654851740057 0 215.217575073242 207.11051940918 214.858871459961 206.717863082886 225.46977015904 227.800343513489 203.165771795779 228.034370422363 182.570897615873 154.087291412354 0 207.120788574219 224.961511230469 0 0 205.191910036149 188.761641184489 156.143463134766 209.280250549316 0 0 224.243141174316 233.794410705566 222.296781841077 228.428771972656 150.772462292865 155.327991676331 129.130829334259 235.649444580078 0 140.967372211657 222.350692749023 202.710474650065 229.83337890625 215.247430801392 219.867703857422 231.567581176758 236.630004882812 163.674582827408 121.631221552777 191.494324578179 204.25591583252 180.696578979492 197.018295288086 0
20.5362809316509 15.3579589333818 21.3859830316168 23.7426269799142 26.3062695174029 44.5043696347629 66.0090851044991 99.4970669837514 80.2911875999137 77.9704874187497 72.8580922830791 64.9500204141259 0 136.082211812337 162.180564880371 0 181.711135864258 123.947929382324 151.321529388428 163.198883056641 122.146256853962 120.957634525023 152.474404335022 181.343819754464 125.892361450195 172.637145996094 192.921716962542 129.070958818708 79.5407289323977 30.1127882151846 59.914218361147 61.0043330651742 82.0101753293778 119.957043287489 136.442108154297 0 146.399196624756 172.787728809175 125.719060262044 212.071375528971 109.904196355761 183.214733123779 185.247550964355 96.6147232055664 186.675067901611 169.43391418457 133.456464131673 171.478630514706 155.766359117296 193.833114624023 170.961804199219 186.182240919633 131.096901153351 116.36912069013 139.47622433617 120.50661799113 91.8413236935933 119.074026627974 0 100.450019836426 182.248729705811 182.955917994181 174.707615443638 165.970428466797 145.679178873698 150.200332641602 99.3450749715169 102.450805664062 161.515257699149 198.123617905837 191.068608210637 96.9580628846821 131.403732081822 131.915414910567 100.861055507995 165.363315582275 107.949813412082 0 133.252179145813 187.123956680298 200.91356344784 187.321380615234 142.83881140517 123.084437265704 125.272394392651 113.653767196384 152.138440450033 203.200380452474 206.160268147786 205.792709350586 165.294502258301 168.637663547348 191.265555886661 193.460444132487 193.388087463379 74.6810875929795 77.3690309462743 89.3497856317564 137.92199532191 127.969431096857 176.129384684008 176.542812074934 175.013720242034 176.93597777277 183.635498046875 172.476663444738 179.264874267578 173.7217200143 172.185198591429 149.707374939552 160.033853875585 168.415640422276 0 182.39811706543 192.287322998047 184.847877502441 0 190.525334676107 178.497055053711 180.733222961426 190.0302734375 0 190.628941853841 181.890986851283 207.05917485555 0 193.301071166992 0 0 212.912094116211 169.142395985699 211.966796875 153.769873567907 161.425314952418 0 166.293948913953 0 0 180.715287037385 176.009262084961 0 0 190.450241088867 193.838572184245 196.650423111454 0 206.98738861084 200.49072265625 218.781692504883 202.586437649197 213.623718261719 238.311126708984 0 227.052332560221 0 189.246673583984 0 220.35715230306 223.321044921875 236.487274169922 228.826518339269 205.89466335899 210.148441314697 186.556136312364 156.543261135326 0 203.614624023438 221.311794281006 0 0 207.915967475043 189.538962364197 165.876642862956 220.298782348633 0 215.182605743408 0 0 211.600305557251 222.610176086426 147.859333545989 154.478109888284 121.636089324951 231.224403381348 231.942642211914 133.679976856007 0 0 229.032847086589 209.962902069092 223.71086321379 226.520523071289 234.217090606689 160.614313398089 121.455858827249 199.03399181366 208.178270193247 204.690532684326 0 207.440071105957
27.3862885901732 21.3859830316168 11.3078420822551 19.4362460000252 109.375282783013 33.5847122563368 59.9187011496965 18.6199392478551 71.1005293096154 27.6161100466011 53.9574836794935 31.8918820683591 0 170.916397094727 156.548039754232 158.322906494141 130.738433837891 0 152.034439086914 0 128.353422530974 140.909248669942 171.604913330078 232.172882080078 164.045373099191 200.568649291992 238.324478149414 0 103.035509447162 99.9430028542705 132.513653818766 102.215060003873 111.597993518995 172.603453896262 0 0 198.511390686035 174.728257399339 135.785148620605 165.482557296753 112.231063171784 172.747980753581 203.816864013672 173.594192504883 0 217.847915649414 164.319118499756 179.154861450195 169.159545898438 215.42652130127 171.933815547398 189.494113109151 134.52379301777 125.296526575935 146.397499084473 123.29279011488 153.480019463433 157.987060546875 199.215179443359 0 181.487701416016 200.200275421143 193.8284034729 232.499031066895 133.126495361328 219.011291503906 105.281752349637 0 160.239242553711 199.198501586914 192.665565490723 101.48410965294 172.735559800092 125.83363893297 164.329368259596 220.256561279297 108.814204591693 0 142.59518874319 0 201.466846843342 191.473271687826 146.616590161904 125.5804453125 128.928128583192 117.044493850397 183.272476196289 203.357270812988 219.498233795166 0 202.08674621582 164.989780426025 192.060342850224 194.49106262207 203.347325375206 119.108003358583 80.6980413105673 91.4665326398545 151.76722746629 187.866575453016 177.952335404761 180.397603988647 168.25873685291 179.442022157984 182.636026270249 174.255622356792 180.570520216419 166.232712465174 172.813862054418 147.134461461281 162.470136845365 169.710491222525 0 0 0 0 230.94465637207 202.028419494629 201.584442138672 0 175.599193572998 175.27880859375 0 183.785098266602 205.022132873535 0 184.257629394531 0 0 0 172.72259731008 0 159.616906364009 167.275704709356 0 170.511967585637 0 0 181.77842203776 188.185875525841 0 0 0 203.71840609037 200.933024815151 237.936813354492 229.893798828125 0 190.555567423503 198.87580871582 209.430816650391 0 0 225.492660522461 0 198.67041015625 200.618041992188 233.055480957031 224.692192077637 0 231.654682159424 210.813502311707 228.204010009766 187.705061071059 160.198635664143 0 214.893524169922 0 0 0 214.678479795103 191.416610717773 155.368110656738 0 0 227.365692138672 233.217224121094 235.882476806641 231.83540725708 0 154.267488346543 158.05497969868 139.082743326823 0 0 142.854345321655 224.535354614258 0 231.967967987061 199.021838378906 226.989315577916 227.784286499023 0 163.845395601713 125.571206770603 193.533096949259 204.258927085183 204.554550170898 0 0
40.8366683152682 23.7426269799142 19.4362460000252 12.3585435072212 19.0924063447041 21.4816692686896 71.2266433675876 78.3081193777231 81.6766073703766 63.075060751703 57.2630730170708 35.9972629871833 0 140.272323608398 130.657447814941 104.198623657227 238.903953552246 174.892288208008 170.756276448568 129.742362976074 122.651018642988 125.536009046766 159.640722910563 166.811882019043 144.379172830021 137.280029296875 197.313402811686 133.31011505127 82.3900622225356 38.7215951532339 37.3390883510396 44.4755798768596 64.0639064466799 96.1215787859105 181.392715454102 0 166.051399230957 165.786776733398 127.160486493792 191.084921264648 109.359576182322 149.424682617188 186.288706098284 235.177230834961 184.946472167969 171.130512237549 148.659748077393 156.449273329515 155.187613593207 180.269790649414 165.777179294162 185.677748830695 130.450825119019 114.194607535561 140.863216581799 118.460027858189 66.9268480709621 76.4059627532959 0 193.47590637207 149.272785731724 175.133643772291 175.130724225725 187.467460632324 125.433884938558 140.302093505859 93.6544955860485 109.61302947998 142.26015068503 192.429836425781 182.319893391927 90.2246229783544 109.403142747425 72.2210217989408 79.624061237682 160.374482472738 90.9644139607747 0 108.335187276204 189.477317810059 194.54936670374 0 142.622350107975 119.587761608171 123.516746627329 107.372751499579 135.977338409424 193.807507324219 175.611827305385 201.815277099609 168.222658429827 164.656060230883 193.882295279667 192.643866644965 187.868944168091 49.5010732956875 76.6361771141236 87.7805992512221 134.284386983732 166.710610961914 175.887680613667 173.29471726851 166.637692810432 175.708897535405 180.241423130035 169.93932688372 180.149545842951 165.71589533488 169.230929602875 138.465280558268 161.448490274364 165.927197709868 0 183.264175415039 180.642532348633 155.41276550293 0 172.946327209473 178.600555419922 192.330444335938 0 159.133239746094 0 200.602422078451 175.023880004883 0 0 0 0 204.174682617188 168.616307692094 209.260108947754 152.000192793589 158.935234507876 0 165.005321088045 0 0 162.70817565918 167.743391248915 178.03751373291 168.928298950195 187.554346720378 212.655921936035 191.326739918102 233.018447875977 185.878555297852 0 0 191.872787475586 198.236366271973 0 221.304077148438 236.45100402832 0 217.877014160156 209.525985717773 232.786478678385 214.743362426758 247.596649169922 222.738563537598 205.10282316662 175.60546875 185.06726216161 150.077645521898 0 0 213.419362386068 0 221.280548095703 209.319022438743 196.555097579956 173.260772705078 193.19303894043 228.676803588867 195.603626251221 235.200057983398 239.88166809082 207.980961655125 211.852348327637 148.093625051533 154.273864372104 120.18127377828 0 218.527969360352 129.156454358782 0 0 238.443438720703 184.735844930013 226.203482055664 221.038520812988 0 159.59763458252 117.26484301618 188.538331095378 206.90319962935 209.143249511719 0 0
57.7186560488064 26.3062695174029 109.375282783013 19.0924063447041 13.6794379826656 26.4412422751724 58.2300486951261 106.365227137771 95.437727355957 98.551331111363 83.8214623734758 57.4450631452643 171.762962341309 88.5466451009115 97.21278209071 104.796518912682 190.297442118327 117.757750193278 154.806658426921 156.787826538086 107.299522309791 101.520809404778 116.771082305908 151.053675947518 103.851510440602 177.026809692383 120.455331605056 98.0735792064299 61.7650516555878 31.6857228248892 19.4514911377232 40.1530914457574 64.9072234383158 66.8741142070846 90.8795017060779 67.2320953369141 111.017493777805 122.047893742153 104.077225898784 128.693475850423 97.1324897322815 134.728621164958 164.060414201122 102.17045211792 134.054423740932 149.229714075724 118.416272213584 141.08661679207 160.809802784639 165.92783164978 165.847737630208 174.195676894415 118.272328154895 97.6418953772682 127.45052954208 102.447618548075 42.0358779981816 37.2081901994307 75.5021667480469 94.1928100585938 129.336470553749 155.849424975717 139.226642227173 130.814075713462 109.749896036067 148.132569449288 71.4011761778763 90.1362131858359 122.524917567939 174.956806603493 171.207002415776 77.849482463372 82.8092322349548 85.4302207946777 59.3123350802842 140.159274080966 86.6934546645807 111.944778442383 90.8923758268356 173.314005533854 183.638603898077 176.173436482747 127.577419950473 103.141985021833 106.982699688679 90.8231942378192 78.9516128013874 176.803900146484 174.908311892778 165.348742398349 156.342030479794 148.989343863766 178.210324438933 177.05611201695 165.402099117156 39.2132814444923 73.5309953689575 73.2610563504494 97.9567646571568 73.3727927641435 165.978638567243 167.40021870931 168.016099511123 176.906891959054 176.022915649414 164.161120328036 174.564163208008 173.187149047852 159.083234382398 158.883952331543 153.345827941895 154.470711312643 170.781021118164 172.809324264526 167.957599986683 0 185.088989257812 182.037463378906 177.104487101237 174.319039535522 198.039752960205 175.971560160319 208.108322143555 177.823572794596 182.605575561523 190.364456176758 0 187.417251586914 0 177.796429560735 159.904186436387 0 138.366477667117 148.884700872959 236.469055175781 155.721159207619 0 0 160.90024014177 182.811064870734 163.794673495822 188.527587890625 179.884219578334 193.133677164714 179.483098347982 216.88298034668 174.083641899957 169.915756225586 172.661277770996 177.633644975935 0 223.649293899536 209.973008099724 0 234.484237670898 193.210001627604 226.703079223633 211.125846862793 0 222.631713867188 219.096420288086 204.40603958933 0 180.980571623771 143.282079954405 0 182.05981241862 200.771428585052 190.463691202799 168.321133931478 201.103137312264 177.578582763672 187.388431549072 199.838851928711 206.687698364258 192.373085294451 240.737152099609 233.178604125977 195.887305574464 197.497407836914 138.947994810162 143.274537210879 109.075172424316 0 200.409958411907 124.660668038033 208.026392618815 168.107503255208 224.998724365234 199.933563232422 215.669282531738 206.2918847891 216.854611714681 146.160150415757 115.577732417894 214.460079956055 191.519112220177 180.002105712891 0 159.950958251953
56.4133673176221 44.5043696347629 33.5847122563368 21.4816692686896 26.4412422751724 12.937210633904 79.0154658035493 58.3616783065577 79.3424662272135 44.7203496746901 68.8457697659004 22.3922784690123 141.388565063477 117.944473266602 143.364271799723 113.634387969971 232.257789611816 137.258049519857 165.134287516276 169.43642616272 117.021031902064 111.969880051083 107.409123738607 171.739937133789 136.126252583095 120.82381439209 169.590700322931 121.410036010742 85.5762793748275 58.7088063196196 49.9380305056087 24.9054245973673 49.6959605368119 65.2922167924379 188.045094807943 109.271469116211 161.030584335327 120.897104321104 108.492553323002 127.650660705566 106.774415439726 144.158248207786 173.030957176572 170.211238861084 139.517311096191 158.316556658064 114.754824320475 153.209842050312 163.324796040853 162.001928710938 173.55845981174 194.741339642069 133.70662126087 115.31819293643 148.735416914287 115.364592775385 77.42430749373 35.1227030461295 121.192398071289 165.651748657227 123.435765221005 168.183004614425 157.769376035597 146.398865763346 118.923254140218 143.200744628906 98.4467276106489 98.8613632202148 135.921436656605 184.383557516431 178.191867584878 71.2144676491066 74.4646853113467 92.4617915433996 52.8781607808607 148.18787110882 81.7912580611858 0 85.2537880284446 170.807220458984 196.6137103328 192.84895324707 141.060908632325 117.60423228977 120.869052728017 104.218117146552 111.997371874358 187.201716105143 177.347533005935 166.359146118164 165.074712050589 165.558923339844 189.824122111003 193.65773337228 176.246872194352 22.9369864611075 66.7179154157639 95.2163438676279 117.334439697266 111.841772715251 169.91331676561 165.750254516602 166.428979030517 171.848936581941 176.318713188171 165.07175223435 161.981241746382 160.060099411011 164.714061125544 133.67618708824 152.694540733148 159.685434653089 0 171.625228881836 161.301612854004 0 0 169.914859771729 178.550298055013 181.402979233686 212.780792236328 182.435668945312 176.127685546875 180.579005650112 184.522150675456 168.294342041016 168.66340637207 195.210838317871 0 177.650373458862 165.522405478849 0 153.515908752441 151.661974547846 180.730651855469 158.414788095575 0 0 166.744818369548 172.992845662435 184.324291992188 207.673133850098 187.239985148112 208.97162882487 191.759441375732 214.913913726807 176.024265289307 160.152191162109 154.749594116211 180.996978009333 236.294174194336 224.439842224121 213.846839904785 214.84871673584 0 179.866981506348 0 217.881729125977 0 0 225.997616854581 206.961244470933 0 174.019953918457 145.11454158876 0 179.870977401733 217.035298156738 210.841076660156 195.078170776367 202.726382446289 202.884719848633 188.913925170898 178.851760864258 209.899427141462 200.673429135923 0 234.768529256185 199.423760732015 209.016677856445 141.077431767624 145.124185641607 124.053064982096 0 206.557005818685 121.377968189328 0 160.265884399414 229.593383789062 183.907043457031 201.947113037109 209.209932767428 218.946071624756 153.662086345531 108.91315611582 188.032135009766 201.214160374233 167.013763427734 0 0
32.5042470890197 66.0090851044991 59.9187011496965 71.2266433675876 58.2300486951261 79.0154658035493 12.9794435261362 24.3028427313456 17.4328087763007 42.8270356674525 68.1329264909793 69.7528258256454 0 141.28678894043 180.772442626953 120.718482971191 164.030319213867 190.520355224609 133.197555541992 235.695449829102 121.461705721342 146.549985712225 167.487480163574 188.104412078857 148.334750366211 0 0 157.911361694336 26.8805419088936 51.2032475674014 64.6556632213103 85.5306850009494 103.054786797726 126.603341602144 0 0 0 156.276328086853 159.251586914062 122.418640136719 105.314325877598 187.068084716797 226.467193603516 0 219.947265625 191.486297607422 145.063049316406 178.48646291097 137.770894050598 157.568695068359 136.934580230713 147.821921944618 79.7570788732331 59.4617277530733 95.0383973714943 113.456132253011 127.140995025635 112.777830123901 0 0 150.162040710449 186.013759613037 243.414505004883 131.474502563477 0 0 130.195830374053 0 169.44626726423 198.575366020203 202.964804077148 104.023665035472 116.492997487386 108.876125971476 133.827177886963 205.63383992513 102.086598968506 0 137.100358200073 139.908188819885 164.192759843306 136.922958374023 102.913181971355 96.3825508420648 117.039826861079 113.126696193919 157.987140655518 219.468571980794 209.888732910156 185.791656494141 180.443507603237 124.484781176839 155.348255298756 146.457807268415 184.321122911241 95.7425733566284 81.7574775218964 22.4935290616706 145.663044399685 153.600019454956 189.189477539062 188.154357910156 185.967734671928 192.148789255243 187.156372070312 179.920803727775 164.88028717041 134.260665893555 150.89052734375 138.591178894043 174.855024337769 179.601903279622 0 215.675689697266 0 0 0 0 0 0 220.246047973633 0 179.904281616211 178.433227539062 192.257629394531 0 0 0 0 0 185.692783464704 0 161.946199544271 164.700173732213 0 173.303412543403 0 0 167.867830912272 186.283466339111 0 0 194.539398193359 198.306617736816 177.063624064128 0 0 0 0 196.490272521973 0 0 0 213.316848754883 0 0 238.519943237305 213.489562988281 188.389701843262 0 233.130661010742 222.991798400879 0 186.785725911458 169.703087942941 0 0 0 232.410369873047 0 209.173680623372 193.790980021159 185.87260945638 0 0 0 198.568756103516 0 212.077392578125 231.575927734375 167.088141829879 163.238416588825 125.324166870117 0 0 158.075350761414 0 0 242.69270324707 201.799270629883 217.328964233398 223.236503601074 204.491149902344 170.233016967773 126.782036372593 0 205.71044921875 0 0 0
37.356068208372 99.4970669837514 18.6199392478551 78.3081193777231 106.365227137771 58.3616783065577 24.3028427313456 13.9671864699553 20.4099237678849 19.78088650876 59.6456332663967 51.5183704521956 0 176.750172932943 143.508354187012 0 169.074279785156 186.482025146484 200.905298868815 156.709182739258 126.157063595883 162.983516019933 162.05687713623 212.90315246582 179.460563659668 0 236.020812988281 195.265426635742 95.3116481185355 101.736687421799 147.60034942627 95.5017447295012 125.748750373499 167.575215657552 0 0 187.312566121419 186.30463663737 197.12727355957 201.310440063477 109.715072417928 192.360771179199 207.242850167411 236.203651428223 207.738254547119 220.723022460938 182.328465779622 168.416885375977 153.405370076497 217.012440999349 162.832365942783 179.412826318535 109.564797193155 97.4659235100997 124.317971757315 117.882009887695 175.058399200439 170.155685424805 0 0 190.178405761719 199.829672677176 200.317849731445 182.427658081055 192.695927937826 0 107.354732316116 155.053344726562 208.996543884277 189.514718760615 199.861768450056 117.52919960022 165.603340550473 159.488786177202 161.989590199788 203.731959025065 141.458057403564 0 160.00347016987 169.398483276367 189.452289036342 183.656602647569 130.064503569815 115.53142544701 122.338328766747 121.093694586503 160.584028764205 201.337371826172 218.585884094238 0 223.555267333984 153.772089253301 178.654016824593 182.133131457913 196.127922693888 156.745881557465 68.1203275439532 53.8197413755574 166.45193862915 199.597166697184 178.085346857707 180.126129150391 178.927894592285 181.625595819382 176.264912923177 177.55607734449 180.340006901668 146.860706329346 177.503851996528 151.548062208222 165.248075212751 174.776346660796 0 0 0 0 0 222.034332275391 246.016624450684 0 213.548034667969 156.729614257812 180.754109700521 194.757999420166 0 0 0 0 0 0 176.664146686422 0 163.41959438324 169.082916840263 0 176.520924522763 0 0 195.020940508161 212.070935058594 0 0 0 209.010940551758 190.121483939035 0 0 0 211.977317810059 222.070068359375 145.118865966797 247.341064453125 241.973785400391 237.891746520996 0 0 206.718826293945 231.6865234375 216.901327514648 212.624450683594 241.760612487793 215.0223347057 225.804527282715 188.224806518555 171.11935533796 0 0 0 0 0 222.865020751953 185.72275797526 164.978973388672 0 247.258941650391 0 247.21614074707 0 237.122123718262 0 156.354391627842 166.823038138595 166.463662465413 172.779342651367 0 159.541249201848 213.69645690918 0 235.049686976842 199.793441772461 233.359846496582 245.384963989258 0 160.643688548695 132.959617337314 204.985697428385 198.403513590495 248.468078613281 0 0
63.1141634169236 80.2911875999137 71.1005293096154 81.6766073703766 95.437727355957 79.3424662272135 17.4328087763007 20.4099237678849 7.5919193230483 25.092267480956 54.5757245699565 73.2439511780345 82.2024812698364 158.72395324707 113.907844543457 0 190.012619018555 217.492034912109 0 0 107.364113643252 99.183101773262 162.741488138835 0 90.1798248291016 0 0 0 83.819125805871 87.1252662747405 132.49798711141 75.8002176920573 71.0650206671821 140.419780731201 0 0 156.658046722412 113.480038452148 0 0 112.97082039162 148.090621948242 160.826965332031 126.864295959473 105.106152819349 113.470018888775 90.7984275817871 160.712003435407 146.27886390686 117.838127874559 166.029293060303 169.15402566233 73.2655024965167 87.6442942952001 106.881972672103 116.688646756686 101.114748636882 167.349555969238 0 0 0 156.81972989169 149.731033325195 0 0 81.0510482788086 96.3157832865812 0 151.592988586426 176.000183105469 180.941218058268 58.1375346828151 73.3604354858398 45.7805981370435 129.234955180775 202.956398010254 42.0793102403705 53.1917424057469 66.4745044493943 152.937818739149 175.474293834758 141.875433578491 126.363446573111 115.983452479045 122.794687599971 108.376180921282 98.8024932861328 158.24135698591 155.39037288319 143.825044087001 153.844440187727 152.798367500305 164.200757980347 181.335873921712 169.598269144694 73.4796750921952 14.7012404309353 25.9245981439976 122.242619514465 162.58742980957 138.342730712891 174.006685256958 179.914868868314 181.163046264648 0 175.011083162748 161.743698120117 140.849700927734 181.570331573486 147.831069946289 149.996719360352 171.67126083374 175.928497314453 226.620239257812 122.418937683105 0 0 138.118627548218 0 0 134.462280273438 123.924854660034 116.343971252441 0 201.387954711914 0 0 0 0 215.606567382812 155.752663612366 0 123.932337443034 152.653283370169 0 142.076705932617 0 0 125.188907422517 132.038824081421 0 158.858749389648 0 185.196956634521 170.60129292806 0 159.926330566406 0 111.799868265788 143.001007080078 0 0 193.445335388184 189.765991210938 189.236846923828 159.326324462891 190.79541015625 0 213.220077514648 226.157506306966 195.83317565918 176.088684082031 0 150.46107635498 132.622006225586 160.287231445312 180.76530456543 221.588989257812 197.648681640625 138.779706319173 178.473095703125 169.99397277832 0 218.029769897461 172.619277954102 178.519510904948 237.755340576172 234.365409851074 181.719297790527 174.65266418457 121.810377120972 116.387508138021 83.2921670277913 0 181.782919311523 113.712966918945 0 124.352676391602 0 0 186.276462554932 186.944674173991 248.229187011719 159.953440348307 148.321172714233 231.974792480469 173.922609117296 198.868286132812 0 0
67.7015236384763 77.9704874187497 27.6161100466011 63.075060751703 98.551331111363 44.7203496746901 42.8270356674525 19.78088650876 25.092267480956 12.9686502615354 21.2343897582393 25.3009550438836 160.624664306641 0 0 0 0 0 0 182.458295186361 122.903623176344 130.478568629215 116.006637573242 212.213233947754 172.576800876194 0 191.357772827148 240.073720296224 95.879123323614 93.9858647067447 112.428918626573 50.590019586924 47.842941822196 155.356107838949 0 0 0 169.300226847331 107.596824645996 201.085784912109 114.479017157304 172.493537902832 208.805206298828 197.190185546875 0 0 169.431823730469 212.887771606445 158.918877234826 213.01741027832 153.568670218331 177.31003184599 97.4854641804653 96.648087357962 121.872313774238 112.452830188679 192.615778605143 174.393646240234 0 0 161.172821044922 214.540615081787 201.09049987793 222.706192016602 212.117095947266 86.0087776184082 100.623971362447 175.607204437256 171.689254760742 185.527248382568 187.814960479736 41.7868145143539 134.597974896431 91.085043963264 167.201928405762 0 52.8356749330248 128.476417541504 93.0039321235988 174.045234680176 185.207876531927 172.231639862061 128.717127774669 116.860807513246 121.855943497368 132.820944509199 166.888816833496 192.787761688232 184.403293609619 0 181.676045735677 146.213438124884 173.181252070836 179.985762096587 189.615513194691 51.6800719620939 23.8057256827875 49.2366066338231 159.196251609109 173.908198038737 154.042012756946 152.54378786954 146.85609339117 150.462636292436 170.461988067627 143.881611264985 146.350949680104 120.503682545253 144.125987243652 113.436301679027 132.270764864408 139.188783303922 0 0 0 0 0 202.046325683594 187.386985778809 0 0 0 0 191.799736022949 197.396297454834 0 0 0 0 0 152.773823190243 0 134.268243126247 144.549772700557 0 152.386165693694 0 0 168.447456359863 191.043848673503 0 192.463511149089 0 196.395222981771 185.340170542399 0 0 0 194.85546875 0 0 0 0 237.468399047852 0 197.882629394531 158.894065856934 241.683731079102 210.562477111816 229.291610717773 204.152806599935 176.946692148844 181.016464233398 174.606458581012 156.521315383911 0 0 227.78742980957 229.429992675781 0 199.305621807392 192.507209777832 0 0 0 143.898254394531 244.200225830078 238.113739013672 199.234550476074 0 132.766467195399 144.128655631587 109.940849781036 0 0 113.973550542196 0 200.286148071289 243.069905598958 195.962631225586 206.684600830078 239.444831848145 238.72819519043 148.41601155599 86.4080065238376 172.878410339355 185.450064341227 212.631011962891 0 0
82.1120901149073 72.8580922830791 53.9574836794935 57.2630730170708 83.8214623734758 68.8457697659004 68.1329264909793 59.6456332663967 54.5757245699565 21.2343897582393 9.63889424055439 22.5948837589452 102.574081420898 0 0 0 225.235992431641 142.536290486654 0 0 106.031251173753 115.963832855225 0 0 168.951908111572 130.749908447266 213.685653686523 0 101.544347106433 80.9049356016394 115.462474822998 38.9321571758815 37.9169171298333 67.8644842668013 0 0 132.652263641357 140.817172580295 0 0 102.053682634907 0 159.002065022786 0 105.221771240234 128.474367777507 0 171.62760925293 160.4619140625 125.503645324707 0 192.058614095052 111.466369915009 118.739036397731 141.548813453087 118.085705227322 137.737201690674 212.218795776367 0 0 137.172782897949 169.126739501953 180.136093139648 0 0 98.5887018839518 101.415743210736 0 141.267547607422 195.28249613444 0 37.3960492112163 73.7973529815674 52.6110345023019 81.4951496124268 155.985961914062 33.2367162622657 56.9717007954915 65.6204422192696 166.289287567139 200.647663661412 145.992584228516 144.495957808061 127.961857515223 124.295119887132 110.980939424955 156.406902313232 160.92900501598 168.641960144043 166.592341105143 146.017888387044 163.902000790551 195.203303019206 0 171.685455322266 32.6924156899 35.448779791179 71.783469680452 111.146026611328 0 159.638346685879 153.465999348958 153.045464777313 154.760977386146 156.34156363351 150.269373991052 160.083864440918 141.65644009908 148.762181024132 126.198895598111 136.713896507074 146.199134479869 0 0 0 0 0 0 207.64875793457 0 0 0 0 141.248245239258 162.474296569824 0 0 0 0 0 151.656355528705 0 132.921057069456 140.070683852486 0 143.354499262029 155.693984985352 0 139.2352441641 202.780954996745 0 0 0 207.025349934896 176.888584136963 0 0 0 0 196.70142364502 0 0 0 218.012283325195 0 0 230.806350708008 0 0 0 213.651941935221 181.989306131999 191.710032145182 170.453220621745 130.780711961829 0 229.630279541016 0 0 0 194.636577606201 173.365299987793 152.427780151367 0 0 197.404052734375 0 0 192.18393113878 202.60237121582 128.347381906411 134.063661193848 79.101851940155 0 202.657073974609 100.035459078275 0 141.042999267578 213.085487365723 230.776748657227 210.79402923584 204.006240844727 0 136.639508680864 92.6116090947932 170.32467312283 186.600206375122 0 0 200.328842163086
80.2703214406656 64.9500204141259 31.8918820683591 35.9972629871833 57.4450631452643 22.3922784690123 69.7528258256454 51.5183704521956 73.2439511780345 25.3009550438836 22.5948837589452 16.1959527319788 90.1310195922852 178.561461130778 156.415670606825 136.54359181722 138.746180216471 133.743657684326 135.469017028809 202.130073547363 123.443102857391 114.556184484604 113.313576107933 153.978215535482 135.31995530562 137.607510884603 175.242336273193 131.055658976237 105.884313371446 85.860453695127 95.6391660902235 42.3442714343648 51.8748909511368 97.250804901123 175.802621841431 0 182.865429348416 134.892530294565 121.525946397048 169.445109049479 113.780662661693 159.040465460883 181.117547171456 170.41081237793 162.641204833984 136.929458618164 151.298750135634 174.929679639412 176.311931065151 0 183.801732381185 204.440691266741 135.200795491536 129.52288664057 156.058944865635 126.466216041928 108.639627198915 144.35040473938 0 187.937881469727 146.829561021593 185.140521165801 171.485708618164 149.18973236084 246.541610717773 153.547067642212 110.060973338592 170.702397664388 155.873599582248 202.363140106201 199.940681055972 43.9628765637028 80.3859386340432 78.1689373803517 93.0530999960359 169.699557254189 68.1995935176618 108.814945220947 85.147651370209 194.226835462782 214.413469408379 172.724670410156 155.435643763984 131.379647542415 129.716349271494 115.895843505859 130.891275157099 191.301314133864 209.085409545898 197.79719543457 173.806845414011 177.519406088467 201.659356858995 192.886993408203 193.240350935194 39.4336952551461 57.8378242970637 91.6722672310985 129.809825572562 149.093406677246 173.890861384074 170.938271995482 168.496678392745 171.528876712548 169.389041355678 165.825505684108 174.081704902649 152.465786080611 163.795369373668 139.118121262623 153.65952337265 161.064558228562 191.643692016602 0 177.325820922852 0 0 179.251266479492 193.630447387695 192.720880126953 173.454935709635 181.75309753418 0 210.214874267578 189.688354492188 161.078125 195.025426228841 214.027130126953 0 208.591636657715 164.069911363963 188.221481323242 148.373278470025 153.691201848458 0 158.296754939382 0 0 161.569019961667 179.948635759025 189.358779907227 175.907592773438 192.322155761719 202.326775687081 186.627082593513 226.086853027344 199.353917439779 187.80778503418 169.504531860352 199.563284301758 196.273254394531 237.385536193848 0 230.140670776367 0 214.965474446615 246.649269104004 240.671951293945 0 0 221.781397705078 205.710025543862 208.516506195068 178.170802137587 150.326727263781 0 201.387380981445 225.798352922712 0 157.431747436523 208.390475972493 174.445921325684 160.520235334124 172.387802124023 214.989044189453 215.578638712565 0 217.536758422852 214.634942331622 0 141.120173033293 143.89710931734 102.381132125854 0 220.913547092014 120.889717102051 208.822906494141 0 230.195205688477 231.004112243652 216.81312306722 223.98823928833 235.790950775146 150.180296107701 109.334444194821 188.075377287688 196.820773613162 206.338200887044 0 211.640243530273
181.233154296875 0 0 0 171.762962341309 141.388565063477 0 0 82.2024812698364 160.624664306641 102.574081420898 90.1310195922852 13.9611055920832 244.598480224609 122.837596893311 100.687442143758 66.5171324412028 36.4202790304061 22.8440631708994 78.6535508897569 175.572605133057 108.548080444336 0 89.8309089660645 94.2817611694336 0 91.4960134679621 78.2089855887673 212.497062683105 0 0 0 114.342846870422 86.9410552978516 130.364459991455 0 197.37060546875 72.1506333328748 72.5742263793945 113.778747558594 98.7983083724976 59.3776690165202 96.088890838623 25.04928372046 15.1906027486889 20.9798756432241 0 98.2427375793457 95.2552833557129 48.4846962300976 119.583063761393 106.659729957581 127.301467895508 0 0 0 0 0 0 0 132.769530296326 99.0642504010882 86.3279435007196 76.5072415669759 114.965434483119 29.4884946959465 209.689107259115 75.5144119262695 97.4615651644193 143.452377319336 103.064748128255 79.4645915147735 74.3525070982647 34.5355463368552 138.26601600647 115.13090133667 70.7513731651836 26.0145214538435 65.4988483124831 84.6282518826998 117.34289709727 73.5618865780714 178.599227905273 145.049903869629 166.689022064209 228.918228149414 165.746795654297 90.1174539317255 91.4604050547806 77.6566118876139 94.332098832771 153.366878509521 151.792692184448 128.38981628418 108.079642662635 228.911834716797 86.0010728041331 114.193332672119 160.551872253418 0 229.975448608398 157.340766906738 191.542083740234 0 172.647852579753 179.007881164551 0 0 0 0 0 196.170501708984 137.935876210531 94.5602383900838 76.42574933209 98.8803863525391 108.095581054688 103.170152776382 132.337991714478 93.3903853520158 129.430272483826 99.1026506472857 122.913889567057 0 0 120.514038085938 164.761474609375 120.470896402995 137.036270141602 101.432235769323 203.027442932129 118.19384765625 0 168.225708007812 0 140.406477494673 141.375839233398 0 134.586088527333 123.286064579802 88.1199159814207 140.220169067383 97.9398458571661 172.572536468506 162.611923217773 132.826885986328 76.8140429985232 75.2101891491864 110.674176589302 93.0941416835975 156.459813435872 148.633000691732 135.283710055881 0 0 108.001063346863 166.477472941081 173.202323913574 0 0 109.420425415039 218.821670532227 0 0 195.927719116211 0 99.5860874869607 116.899154921709 118.181884765625 44.6711505369707 188.729583740234 140.109893798828 163.33732018104 175.317942301432 130.381683349609 103.858517783029 0 158.704752604167 108.989937324029 117.207765306745 220.712738037109 156.548047383626 54.6983647268327 0 125.302456043385 169.564741516113 0 87.5791753133138 139.620658397675 0 0 136.659772733363 160.314151340061 156.166351318359 0 0 202.1611328125 0 0 0
132.795761108398 136.082211812337 170.916397094727 140.272323608398 88.5466451009115 117.944473266602 141.28678894043 176.750172932943 158.72395324707 0 0 178.561461130778 244.598480224609 16.4339891383463 18.8690004297752 46.3541056043497 15.411054673057 59.7805172946418 110.694322722299 81.4219021950999 91.1969558528212 80.8083735767164 54.9831478390138 95.5677864740765 96.3037823994954 77.6780525006746 27.0334447822432 42.8462122825656 118.024203890846 96.6871818093692 82.0042884406142 136.796813964844 179.357752482096 62.506755495805 28.4628465259453 17.3632701843977 30.8583660109176 121.459147796631 59.5179955005646 73.7027761210566 76.8896881164796 91.9094140425972 103.759734259711 74.6905736923218 134.827844619751 156.427382035689 53.4751808700465 103.31277012825 109.278452131483 129.224006652832 0 0 169.001836140951 155.517660140991 113.100760565864 102.063095092773 101.357187860662 60.1153764022024 42.5698214087688 46.0317176317467 115.717753637405 119.273187101557 102.32748839143 83.6504600635473 68.599961398399 99.5325717926025 113.116685921805 63.1527919605566 82.6476736912111 143.653592648713 132.410214742025 0 158.210738442161 64.760815393357 74.5023572886432 104.014786292767 144.014644622803 73.1172350565592 134.379150390625 0 156.757955214557 0 153.281631918514 134.011312866211 116.82371436225 113.440065383911 82.4366820730814 141.015106201172 128.776757558187 174.963022867839 128.581183584113 136.385857321999 177.086213853624 153.142065684001 121.969810605049 77.7969929658914 167.113899230957 0 111.443141643818 82.3930122852325 0 188.468495686849 203.877784729004 175.571533203125 0 227.535026550293 0 0 0 143.155334472656 0 0 130.622741381327 122.617093240061 118.867680867513 119.117234971788 124.382703927847 120.421672527607 127.294417561474 136.600168228149 131.982766517433 125.482856227386 121.534247192682 140.490994380071 147.61341783477 126.605763753255 116.382758178711 157.322931626264 137.593278249105 135.916802186232 155.729759216309 149.825286865234 218.676330566406 157.204354858398 148.88346862793 156.657709988681 130.251294136047 134.019214630127 127.569081270242 127.034913457673 132.406755065918 129.465848119635 156.124080113002 143.354232788086 140.193282863072 166.006725311279 129.282836914062 89.4619293212891 111.651384602422 144.879332873286 141.01067891935 199.9443359375 187.438568115234 214.443634033203 214.500671386719 0 0 0 0 0 203.908046722412 174.822184244792 0 0 186.51146697998 132.96193586077 162.991443634033 171.405465867784 165.513312203544 151.591674804688 170.823255124299 162.716448553677 165.193580627441 142.794778278896 176.457235448501 165.440299400916 0 218.117897033691 163.844323453036 0 163.477668762207 125.298589433943 78.3868237663718 168.766577148438 174.272150039673 111.888818264008 0 0 196.342315673828 155.320955164292 195.416263156467 202.041127522786 225.734172821045 171.354064941406 139.112522125244 210.330657958984 164.18416922433 148.767595291138 152.200199127197 138.295600304237
