34607 8694 12300 3393 3439 8154 9704 15330 50 3761 587 4891 1 2 8 2 0 2 3 3 146 85 5 14 11 2 33 61 2569 13570 688 267 306 13 9 1 9 6 15 13 991 2 27 5 0 4 19 13 66 7 166 329 1388 1516 1049 381 89 50 6 5 9 26 89 14 48 5 525 35 105 63 24 57 15 23 164 23 24 2 87 40 146 16 2879 1272 1053 104 13 16 7 1 8 506 207 81 44 954 87 2371 37 45 37 3 247 116 8 190 22 44 139 190 162 122 0 1 1 0 3 2 1 1 1 2 1 11 4 0 2 0 0 3 34 0 20 70 1 18 0 0 1 2 0 0 2 9 19 0 0 0 0 5 2 0 1 2 0 1 17 7 20 17 10 19 0 19 9 0 1 2 0 1 17 14 0 1 0 1 3 0 7 0 83 9 15 0 0 36 6 1 12 5 15 2 3 10 113 13 8 2 0 1
8694 11194 3537 7155 2277 3571 57 331 9 229 112 1189 0 0 0 0 0 0 0 0 40 16 0 2 1 0 0 2 103 2449 57 8 35 1 0 0 1 0 1 2 202 0 2 0 0 0 3 1 5 1 13 24 57 73 60 59 6 4 0 0 0 2 2 0 1 0 58 4 0 7 4 4 1 1 11 0 7 0 21 7 12 4 183 120 184 28 2 4 2 1 0 52 22 7 8 130 11 46 4 3 13 2 128 74 6 83 9 10 49 76 87 69 0 1 0 0 2 0 1 0 0 0 0 5 3 1 0 0 0 0 25 1 9 46 0 13 0 0 3 0 0 1 0 4 7 0 0 0 0 0 0 0 0 2 0 1 2 4 2 1 8 14 0 14 7 0 0 0 0 1 15 14 0 0 0 0 2 0 0 0 46 7 0 0 0 14 0 0 1 1 18 0 0 6 47 3 6 2 2 0
12300 3537 14741 4025 51 3912 232 12259 41 5468 857 7811 0 0 2 0 0 0 1 1 86 33 0 1 8 1 4 2 313 233 13 12 47 6 1 0 3 7 1 1 599 0 10 1 0 1 2 2 18 3 45 107 189 278 207 186 7 5 4 1 1 5 8 3 2 1 199 8 3 27 10 68 4 8 17 0 18 0 130 12 49 2 709 378 541 68 6 13 1 1 2 165 59 44 12 23 74 172 17 13 87 3 574 320 22 429 38 75 240 338 347 318 0 0 0 0 4 2 1 1 0 1 2 10 7 0 3 0 0 0 99 1 48 186 1 40 0 0 9 5 0 1 0 14 29 0 0 0 1 3 0 0 1 3 1 1 4 7 4 6 21 46 2 51 35 0 0 0 0 2 48 59 6 2 1 2 4 3 0 0 210 39 22 2 0 64 1 1 5 4 42 0 4 15 245 40 33 7 2 3
3393 7155 4025 20341 11229 23336 61 143 34 282 407 3666 0 1 1 0 0 0 0 0 164 62 1 1 6 1 4 0 84 3163 176 14 68 3 1 0 0 4 0 2 401 0 3 1 0 0 3 1 11 2 13 48 51 95 104 132 6 3 1 0 0 5 3 0 1 2 199 4 4 10 1 56 3 4 11 1 13 0 27 3 17 2 343 199 466 90 5 2 1 2 1 73 27 14 10 460 95 54 31 10 123 10 910 533 27 675 49 107 367 536 531 526 0 1 0 1 9 1 3 2 0 2 2 20 10 2 0 0 0 0 149 3 81 292 3 72 0 0 5 14 0 0 1 27 45 0 0 0 0 2 1 0 0 8 0 0 16 15 4 3 36 58 2 85 42 0 0 0 0 3 73 94 6 2 0 1 5 0 3 0 361 53 19 1 0 111 2 2 1 2 79 4 3 22 385 37 50 10 3 0
3439 2277 51 11229 20572 9129 494 41 21 42 136 997 2 7 20 12 6 10 4 5 466 384 3 13 36 2 32 120 1541 11476 10152 743 374 31 6 3 18 35 89 10 1049 4 34 3 2 4 11 49 18 3 31 66 213 394 163 280 513 51 4 12 17 31 104 16 116 4 853 16 297 9 18 92 28 8 146 70 18 1 10 9 45 1 663 703 1280 452 10 6 9 2 22 105 39 28 24 1405 65 389 143 120 22 6 140 88 5 110 0 7 57 61 82 103 0 4 1 1 2 6 0 13 0 11 2 6 4 1 0 1 0 3 28 0 22 77 4 15 0 0 1 6 5 1 4 8 15 5 1 0 0 20 0 1 1 0 0 2 8 4 4 1 9 19 1 19 9 0 0 14 0 2 13 20 2 0 1 15 2 1 14 3 117 17 9 0 5 34 1 4 1 3 12 3 0 4 66 9 13 1 0 3
8154 3571 3912 23336 9129 23210 620 401 51 1468 556 23973 0 0 13 4 6 4 2 4 514 455 7 8 27 1 22 59 525 8413 1406 2185 1995 16 3 0 16 26 55 16 538 5 26 4 0 2 11 26 19 0 31 73 167 237 164 196 14 103 0 1 10 16 49 6 61 2 419 14 174 15 9 139 34 6 1069 36 25 1 92 7 36 6 587 406 1006 265 8 5 8 0 13 101 34 22 20 5546 276 262 103 23 156 5 1105 588 35 794 69 105 533 590 664 632 0 1 4 2 11 5 2 16 0 3 4 20 10 2 4 5 0 5 157 4 95 363 8 102 1 0 4 6 5 1 3 29 47 3 2 0 3 10 3 0 1 10 1 0 9 11 5 11 32 71 0 68 54 0 3 5 1 0 82 99 6 3 1 13 7 1 13 2 487 58 36 2 1 131 3 5 3 12 77 3 2 27 426 44 49 16 5 6
9704 57 232 61 494 620 4944 4722 1053 3910 306 620 4 4 3 0 1 1 0 3 45 55 1 4 9 0 15 20 674 756 208 93 160 9 2 0 2 3 12 7 118 1 13 3 1 1 5 3 10 4 40 115 1293 986 876 61 22 26 2 0 1 6 29 4 25 1 107 14 43 16 6 165 7 6 71 6 129 10 33 18 34 3 1466 343 158 32 0 4 2 0 7 115 53 11 8 355 1183 3857 13 15 17 0 78 22 2 50 21 42 77 94 68 23 0 0 0 0 0 1 1 1 0 1 2 2 2 0 0 0 0 1 3 0 1 8 0 1 0 0 0 5 2 0 0 0 3 1 0 0 0 4 0 1 0 0 0 4 5 0 5 7 3 4 0 1 1 0 0 1 0 1 6 4 0 0 0 1 0 0 0 0 8 3 7 0 1 4 5 2 5 0 3 2 1 1 37 9 2 0 2 0
15330 331 12259 143 41 401 4722 18483 2457 41094 308 3247 0 0 0 0 2 0 1 0 16 12 0 6 3 0 6 7 215 478 22 12 20 2 0 0 1 4 2 3 326 3 7 2 3 3 5 3 21 5 76 150 630 605 584 149 5 10 2 2 0 4 10 3 4 0 158 12 5 24 5 41 10 10 10 3 23 1 81 16 57 6 1361 424 318 34 2 11 4 0 2 174 91 24 15 36 90 1631 5 9 34 2 132 54 4 92 23 85 123 163 125 49 0 0 0 0 3 0 0 1 0 0 0 1 0 0 0 0 0 0 6 0 6 14 0 5 0 0 0 0 1 0 0 1 1 0 0 0 0 0 0 0 1 0 0 1 3 2 7 11 5 10 2 6 3 0 0 0 0 3 5 6 1 1 1 0 0 2 3 0 20 3 12 0 1 10 1 1 3 2 3 3 1 0 71 11 5 0 0 0
50 9 41 34 21 51 1053 2457 3220 3383 237 292 67 1 1 0 0 3 6 2 48 113 12 6 30 2 6 3 14 15 6 57 193 8 2 1 8 15 1 14 35 2 22 34 87 45 22 5 1 95 11 19 198 49 92 15 4 41 4 4 4 3 6 5 3 34 31 11 7 2 3 346 49 87 79 4 508 41 123 11 14 44 50 40 66 20 9 42 19 70 53 15 11 3 6 69 4458 1240 11 12 10 1 35 15 0 25 6 41 37 74 58 9 0 0 1 0 1 0 0 1 0 2 0 1 1 0 0 1 0 1 3 0 3 6 0 2 0 0 1 3 2 1 1 1 0 1 1 0 0 10 0 2 0 0 0 5 3 2 3 0 4 3 1 0 1 1 0 4 0 1 2 2 0 0 2 4 1 0 14 1 6 3 7 0 3 5 0 1 2 0 2 5 1 0 27 4 0 1 0 0
3761 229 5468 282 42 1468 3910 41094 3383 30346 17123 37772 2 0 0 2 0 2 0 1 29 14 3 6 14 2 10 6 180 237 17 42 75 11 1 0 2 2 1 6 364 0 15 4 0 2 14 3 46 2 78 179 663 487 612 175 6 23 3 0 3 5 15 6 3 1 256 16 15 32 16 1134 11 22 32 2 389 2 1174 20 85 9 1429 490 414 40 8 12 3 0 4 244 115 35 22 36 1077 2219 18 12 259 11 1347 705 28 952 211 537 940 1531 1186 534 0 0 0 0 5 3 2 1 0 1 2 21 10 1 4 2 0 0 94 2 35 166 3 43 0 0 1 16 0 1 0 23 37 2 2 0 1 6 1 0 2 5 0 1 14 12 10 6 28 52 5 49 23 0 0 1 0 6 47 39 4 2 0 1 10 1 5 0 254 18 121 2 1 76 4 13 10 10 57 5 0 9 779 124 36 10 0 2
587 112 857 407 136 556 306 308 237 17123 4976 7254 0 0 1 1 0 0 0 0 126 128 0 3 7 1 3 6 32 414 52 101 361 1 0 1 2 8 10 5 114 0 3 0 0 0 1 5 2 0 8 18 80 41 59 36 6 13 1 0 4 4 4 1 6 1 111 5 16 3 2 941 6 10 30 4 153 1 342 1 5 2 146 88 196 54 1 1 2 0 2 24 6 7 2 86 1635 295 22 7 109 4 730 436 18 600 80 177 448 731 637 355 0 0 0 0 2 0 1 0 0 0 0 11 3 0 1 1 0 0 59 1 28 104 2 32 0 0 2 8 2 1 1 13 20 1 2 0 0 1 0 0 1 1 0 0 4 3 0 4 12 31 1 31 14 1 1 1 0 2 26 32 5 1 0 0 3 0 6 1 188 18 66 2 1 55 2 3 1 5 22 3 1 9 452 42 21 4 0 1
4891 1189 7811 3666 997 23973 620 3247 292 37772 7254 57819 2 1 3 1 4 1 5 6 533 505 20 8 46 1 10 35 287 2866 281 787 932 22 1 0 15 61 26 13 747 4 10 23 6 6 21 15 15 8 48 94 207 258 247 173 21 113 7 6 11 18 38 5 62 4 487 27 125 13 10 1359 67 31 306 35 1058 4 1537 11 44 8 724 443 863 258 9 5 5 4 13 112 43 22 14 1086 2385 481 95 22 270 15 2160 1076 46 1566 138 367 1126 1617 1465 1043 0 0 0 2 8 0 2 7 0 3 4 35 12 5 4 1 0 2 219 2 132 424 10 122 0 0 8 22 3 4 5 45 80 3 3 1 0 13 4 1 1 4 2 1 14 27 4 4 57 104 4 112 48 0 0 7 0 6 105 122 7 2 1 9 13 1 8 2 623 61 112 0 1 171 4 10 7 22 111 2 5 34 1178 101 72 7 1 4
1 0 0 0 2 0 4 0 67 2 0 2 6547 0 2 16 395 438 5460 322 2 7 9 43 2 0 45 155 1 0 1 4 18 1 0 0 29 800 232 3 10 12 102 9100 3984 4629 1 11 5 172 1 15 9 3 3 2 2 2 1 1 77 11 37 152 273 1378 5 1 92 4 6 95 120 2096 5 16 687 703 282 8 13 60 6 1 2 1 0 34 39 250 1218 0 0 0 28 10 308 17 1 0 0 2 1 1 6 4 0 2 1 2 6 9 10 145 221 18 14 198 6 931 37 1022 78 3 1 1 3 47 6 242 2 0 19 7 1 1 20 0 12 17 463 9 400 1 8 20 21 9 48 1130 1 3 4 0 0 7 3 0 1 1 2 2 0 0 6 2 53 65 6 290 5 2 0 1 25 98 0 3 117 14 6 10 421 2 32 12 1 6 4 2 7 16 5 9 8 1 1 0 0 0
2 0 0 1 7 0 4 0 1 0 0 1 0 6047 8172 149 20 86 23 30 45 41 225 439 15 34 1834 918 111 21 39 7 12 145 5720 8095 379 38 17 470 219 28 131 3 0 8 252 1 28 0 4 3 20 34 16 7 73 355 1664 1181 4 11 45 124 53 0 100 240 24 3 0 3 11 74 236 1 11 0 4 0 5 0 38 32 16 44 23 2 4 0 5 4 2 9 25 26 5 8 37 157 0 0 1 0 0 0 0 0 1 0 1 1 25 12 2 16 20 69 50 19 74 246 234 6 6 3 2 6 4 25 0 0 0 5 0 5 37 2 40 26 4 56 2 6 8 8 1 0 80 11 11 0 0 0 0 0 3 0 0 1 8 2 0 0 2 19 1 1 2 0 4 1 2 2 4 8 0 0 3 1 6 27 38 1 3 35 0 0 1 1 9 0 0 0 1 1 4 3 0 2
8 0 2 1 20 13 3 0 1 0 1 3 2 8172 14167 4209 273 2871 40 497 80 188 1256 467 9 88 2092 2789 94 23 37 40 35 167 2160 4748 887 87 189 443 1244 135 371 4 3 27 128 11 155 3 5 4 8 19 23 8 60 531 824 1778 19 35 96 184 243 9 59 170 110 6 8 7 17 127 500 18 9 1 4 0 14 1 34 21 32 21 13 7 11 8 28 56 2 63 110 121 5 13 19 108 0 0 0 0 0 0 0 1 0 0 1 0 42 37 12 68 29 150 104 77 162 552 378 20 13 7 10 22 15 84 3 1 1 12 0 9 82 14 94 72 14 158 5 6 17 13 3 1 144 28 28 0 4 1 0 2 1 3 1 1 7 1 2 0 4 53 5 12 2 7 1 6 0 2 6 15 4 2 10 2 10 53 93 0 10 99 1 0 8 1 10 8 1 0 6 4 12 5 0 0
2 0 0 0 12 4 0 0 0 2 1 1 16 149 4209 13961 197 6241 1916 1015 28 48 309 265 5 37 844 3938 37 10 25 15 14 49 91 135 1081 202 572 145 777 107 278 14 2 103 11 26 171 0 1 0 6 8 10 2 20 140 36 183 106 33 46 177 306 14 26 42 167 9 12 3 3 135 177 35 5 5 5 0 11 2 19 6 9 6 4 7 17 7 43 49 4 31 88 59 1 7 9 40 1 1 2 0 2 0 0 1 0 0 0 5 102 218 63 136 19 403 50 577 104 1515 164 8 4 8 13 71 58 402 0 1 6 9 1 4 190 13 41 46 110 207 53 2 20 39 6 22 122 145 19 3 3 3 0 1 1 0 3 0 3 1 0 2 3 56 4 15 2 17 2 2 0 2 6 21 3 1 20 3 3 27 145 0 12 88 0 7 3 1 8 7 9 1 2 2 5 0 0 0
0 0 0 0 6 6 1 2 0 0 0 4 395 20 273 197 987 529 1908 1875 88 217 556 103 14 108 43 12 2 2 0 17 10 22 25 203 986 1808 17 187 160 16 86 844 109 789 39 5 17 10 0 5 2 2 3 5 2 55 20 128 101 4 10 7 9 20 12 9 6 2 3 4 11 608 88 7 7 300 6 1 2 4 22 7 17 6 4 5 4 28 239 6 2 5 24 48 5 1 5 4 1 0 1 2 2 0 2 6 0 3 0 4 28 21 13 44 122 48 120 52 257 210 366 63 42 8 33 11 10 31 3 1 5 52 2 27 69 13 259 263 12 241 14 9 44 19 5 5 311 51 59 2 1 5 3 1 10 7 1 6 26 6 0 0 7 83 6 9 4 5 15 10 1 7 1 36 4 0 24 2 24 214 122 3 7 250 1 1 1 4 31 3 6 4 3 0 35 14 1 9
2 0 0 0 10 4 1 0 3 2 0 1 438 86 2871 6241 529 9203 2281 435 44 62 335 864 9 38 1516 1398 32 8 13 22 15 57 100 135 2236 705 5049 98 1003 249 954 122 39 6068 17 189 194 7 1 7 4 11 25 8 16 123 14 164 3879 59 191 274 504 151 17 23 671 19 27 7 21 441 145 332 33 70 16 0 8 1 31 10 17 11 2 11 75 20 311 78 5 52 194 73 29 5 6 29 3 8 2 2 24 5 0 7 3 4 3 34 155 853 600 163 74 1324 48 2574 205 4698 138 14 2 24 36 231 161 1430 11 0 73 20 11 25 246 19 110 90 1155 208 511 7 41 135 26 87 184 1225 15 12 7 1 0 7 0 3 0 0 7 3 1 2 44 42 15 111 19 129 8 13 12 11 33 117 1 3 141 17 10 45 713 3 21 64 0 3 5 3 12 13 20 65 16 5 12 2 0 2
3 0 1 0 4 2 0 1 6 0 0 5 5460 23 40 1916 1908 2281 41184 12759 27 59 126 194 10 55 374 66 3 1 2 9 13 3 34 5 451 1367 49 206 126 50 234 9162 576 2005 30 19 63 36 2 5 6 3 16 3 2 6 5 6 63 18 54 53 31 344 3 3 32 11 10 10 15 6499 11 15 73 816 23 2 7 8 21 6 5 6 3 15 27 88 1057 22 5 16 64 8 44 2 4 3 2 2 3 4 4 3 0 6 0 5 3 10 337 543 251 384 126 1429 254 1620 617 6479 1269 43 32 33 68 200 235 1030 1 1 14 43 3 27 605 52 258 263 263 676 106 9 57 104 11 67 645 536 55 6 6 8 3 5 5 12 1 7 21 2 2 4 16 186 9 68 11 101 11 6 3 18 20 79 5 4 76 7 15 161 1522 1 24 353 1 4 6 3 20 12 22 15 13 5 22 11 2 7
3 0 1 0 5 4 3 0 2 1 0 6 322 30 497 1015 1875 435 12759 3770 114 285 1080 326 26 317 212 20 9 6 4 43 30 27 58 106 1193 125 13 546 551 101 388 1719 82 287 59 19 144 12 1 8 7 5 14 11 5 136 22 165 29 34 59 23 12 25 26 15 11 7 5 5 16 1041 235 16 11 212 7 2 15 8 30 10 31 10 2 8 30 28 171 48 7 38 112 133 5 0 9 9 1 1 1 2 0 3 0 7 1 1 1 3 149 102 21 211 142 192 355 57 658 1030 862 103 66 20 70 58 69 157 4 0 3 73 6 36 320 44 369 360 15 775 11 8 69 62 9 14 733 115 140 5 2 3 3 7 6 14 2 2 31 6 2 2 7 285 6 36 9 8 27 13 3 15 11 59 7 6 36 5 35 302 254 6 19 576 0 1 7 12 27 11 26 4 11 1 41 19 3 10
146 40 86 164 466 514 45 16 48 29 126 533 2 45 80 28 88 44 27 114 10065 3872 3119 2690 130 226 440 17 54 187 186 250 315 41 109 24 332 303 15 351 1241 190 248 66 5 15 163 4 52 3 1 3 12 23 19 1002 16 47 85 81 12 15 41 8 13 5 48 39 16 7 4 212 169 306 219 6 338 20 166 0 6 4 40 21 4100 223 23 2 14 2 25 15 2 24 79 448 261 66 134 67 3 2 34 23 5 30 0 2 13 17 30 50 1 2 3 3 24 6 17 5 29 12 38 16 15 3 5 1 1 2 41 1 10 85 2 33 1 0 60 98 0 13 2 8 24 2 1 0 40 12 5 1 0 2 0 1 4 5 0 2 29 21 1 5 11 5 1 3 1 1 21 19 2 8 4 5 3 1 4 1 94 89 60 0 4 89 0 2 1 3 28 1 3 5 31 5 17 6 2 2
85 16 33 62 384 455 55 12 113 14 128 505 7 41 188 48 217 62 59 285 3872 26733 5227 1647 7576 2909 572 28 89 151 130 411 548 147 127 95 999 873 26 7214 949 434 2102 194 11 59 1443 61 448 13 5 11 35 58 60 407 33 86 215 188 41 200 332 55 33 20 265 518 58 95 44 484 473 787 365 46 909 48 421 2 37 4 257 130 7303 2050 652 26 92 36 133 86 19 123 773 573 554 113 3143 249 11 6 43 36 9 58 1 6 21 24 47 73 2 4 3 5 147 22 53 23 89 42 147 52 25 5 20 7 2 13 56 1 21 188 13 84 11 2 160 292 6 44 9 26 76 9 10 1 108 34 9 5 14 5 2 11 11 19 2 9 46 30 3 14 24 12 4 19 3 5 44 47 8 14 8 26 17 4 37 6 147 266 164 5 29 194 0 6 12 10 69 27 13 7 67 8 42 9 2 4
5 0 0 1 3 7 1 0 12 3 0 20 9 225 1256 309 556 335 126 1080 3119 5227 9922 9516 128 4756 647 63 14 3 1 20 52 69 74 134 752 443 98 2423 5548 2520 1031 98 4 74 176 21 416 4 4 1 3 19 11 27 6 7 119 189 58 49 40 21 42 13 126 22 44 23 11 52 78 268 9 32 118 21 57 0 17 0 33 58 149 110 4 11 27 10 65 83 6 87 235 18 50 7 72 3 3 1 4 2 2 6 0 1 2 3 2 4 5 12 8 14 40 19 30 21 89 72 114 21 8 6 6 6 2 6 8 1 0 26 2 15 14 2 45 82 19 50 16 5 14 6 7 1 64 27 20 1 2 1 0 2 3 5 0 3 4 4 1 2 2 21 6 3 0 4 9 15 2 3 2 19 3 0 13 2 25 87 61 1 11 64 1 2 4 5 12 4 3 0 4 2 14 0 0 1
14 2 1 1 13 8 4 6 6 6 3 8 43 439 467 265 103 864 194 326 2690 1647 9516 13464 339 3082 8501 587 289 15 34 20 20 40 1673 119 159 126 161 4070 2981 5356 2985 44 13 798 1007 15 553 7 10 13 73 203 47 28 192 97 107 46 357 64 90 556 162 110 689 96 73 25 19 11 28 135 77 17 43 8 13 0 27 0 178 305 276 350 85 11 22 12 170 96 11 92 231 47 22 24 368 185 0 2 1 0 0 0 0 0 0 2 2 5 8 55 35 20 20 84 20 215 52 261 133 7 4 2 6 20 2 90 1 0 8 14 0 8 18 2 34 42 130 23 95 4 9 10 11 3 41 217 5 0 1 0 0 3 1 4 2 0 8 1 0 1 6 5 15 18 2 29 3 2 0 2 5 36 1 1 31 0 9 29 55 0 3 30 0 3 3 1 18 7 1 4 1 3 6 1 0 0
11 1 8 6 36 27 9 3 30 14 7 46 2 15 9 5 14 9 10 26 130 7576 128 339 7660 721 227 14 92 15 69 52 87 22 119 7 79 126 5 5966 98 40 404 41 3 9 3139 6 27 1 6 18 48 199 37 69 149 74 45 8 15 47 165 36 24 2 1672 773 33 17 10 119 111 159 284 8 247 10 137 0 10 3 223 544 768 2832 2101 2 7 2 18 28 5 13 136 53 96 26 8606 2522 0 0 6 3 1 4 0 0 2 5 7 13 0 0 0 0 24 1 9 3 9 4 14 4 4 0 2 0 0 0 4 0 2 29 3 24 0 1 31 48 1 3 2 3 17 2 0 0 7 8 0 0 0 2 0 1 2 8 1 1 11 10 0 6 8 0 2 2 0 0 3 9 5 2 0 1 3 0 1 3 25 48 31 1 1 34 0 1 3 5 12 1 2 1 4 1 13 2 0 1
2 0 1 1 2 1 0 0 2 2 1 1 0 34 88 37 108 38 55 317 226 2909 4756 3082 721 4759 1330 6 14 3 1 5 11 19 189 13 178 165 7 6684 478 169 217 33 3 7 235 4 43 1 1 2 8 46 5 11 11 4 15 15 8 12 13 4 5 1 193 3 6 4 2 9 35 171 2 1 16 4 8 0 5 2 43 97 145 161 5 1 4 2 7 12 5 9 49 4 7 0 123 14 0 0 1 0 0 0 0 0 1 0 1 1 2 2 2 1 27 15 13 10 41 34 94 6 1 1 1 2 1 3 1 0 0 5 1 4 1 0 18 53 2 8 3 0 7 2 0 0 24 4 6 0 0 1 0 0 1 2 0 3 2 1 2 0 3 2 1 2 0 1 0 2 1 0 2 6 2 0 3 1 8 24 34 0 1 10 0 0 0 1 7 0 0 0 0 0 2 2 0 1
33 0 4 4 32 22 15 6 6 10 3 10 45 1834 2092 844 43 1516 374 212 440 572 647 8501 227 1330 24169 6961 1050 83 216 20 34 113 3079 467 203 90 181 4601 413 250 1996 18 11 265 715 8 75 1 5 21 168 468 107 45 587 566 447 219 71 28 212 3740 648 50 1227 420 101 11 5 21 29 213 336 8 39 4 23 2 12 3 325 407 267 415 173 3 6 5 71 41 9 15 107 122 16 104 467 681 3 3 1 0 4 0 0 0 1 1 2 9 28 152 50 62 32 440 60 745 120 1312 282 15 7 9 12 32 27 252 7 2 1 19 1 12 64 10 56 69 190 58 105 11 24 24 6 15 91 231 11 1 1 1 0 2 3 4 2 1 6 6 1 1 11 22 4 16 4 36 7 6 4 1 6 36 2 0 21 1 6 34 161 1 6 52 0 2 2 1 14 3 6 7 3 1 9 0 0 1
61 2 2 0 120 59 20 7 3 6 6 35 155 918 2789 3938 12 1398 66 20 17 28 63 587 14 6 6961 15096 941 188 328 64 38 218 371 258 306 105 3977 56 159 24 546 23 28 457 53 12 18 0 3 12 95 222 70 19 411 926 325 527 314 16 131 1952 1899 148 368 359 351 1 3 10 20 108 1367 31 15 4 2 0 7 0 173 137 65 62 53 3 6 10 92 21 5 12 39 545 12 108 88 684 6 5 1 3 10 8 0 1 2 0 2 22 29 595 233 66 40 649 20 2104 52 1913 99 8 0 10 8 101 22 591 8 2 44 12 0 13 46 5 30 48 899 26 521 10 23 44 24 13 60 845 5 2 10 1 0 0 0 4 0 2 4 4 1 5 16 10 31 63 7 118 7 6 7 6 20 85 0 1 64 4 13 18 232 0 6 23 1 0 3 0 9 6 8 36 4 2 5 1 1 0
2569 103 313 84 1541 525 674 215 14 180 32 287 1 111 94 37 2 32 3 9 54 89 14 289 92 14 1050 941 17910 8557 5042 94 107 30 177 9 15 23 194 233 130 8 609 4 6 11 364 117 17 2 20 73 2479 9593 594 52 2552 152 103 12 78 262 1809 509 775 6 5279 606 1554 42 72 41 31 32 1219 134 23 2 16 8 29 1 1065 1756 191 95 315 9 26 5 90 54 27 25 314 1780 29 4294 139 1671 3 0 22 9 1 14 0 2 7 9 14 13 0 5 5 0 8 13 1 27 1 20 4 5 0 1 0 4 0 6 14 1 2 15 0 5 0 0 2 11 13 0 7 3 2 15 10 0 3 40 1 0 3 1 0 4 2 0 2 2 3 6 0 1 4 0 7 32 2 5 9 6 1 2 5 22 3 0 39 6 20 10 11 0 19 13 3 3 6 1 8 8 6 1 9 1 5 2 0 1
13570 2449 233 3163 11476 8413 756 478 15 237 414 2866 0 21 23 10 2 8 1 6 187 151 3 15 15 3 83 188 8557 20837 8691 414 468 18 8 1 10 8 68 13 598 3 32 2 2 4 14 34 29 9 56 128 674 935 404 211 5213 57 8 4 19 38 140 47 171 1 907 38 338 29 16 64 12 10 340 28 12 2 33 18 51 4 1074 665 823 173 14 9 8 1 13 190 90 45 33 1810 39 1039 61 148 3 0 48 37 2 61 4 10 36 43 49 37 0 1 3 0 0 0 0 8 0 6 1 5 0 0 2 1 0 2 17 0 11 26 0 6 0 0 1 5 4 0 3 2 5 3 1 0 0 9 1 0 2 0 1 1 8 2 12 4 1 7 1 6 2 0 1 9 1 3 9 9 0 0 2 9 3 2 12 5 35 5 6 0 4 16 1 0 2 1 10 1 0 1 33 8 2 5 0 0
688 57 13 176 10152 1406 208 22 6 17 52 281 1 39 37 25 0 13 2 4 186 130 1 34 69 1 216 328 5042 8691 13675 109 126 23 34 3 9 11 90 26 458 7 87 2 1 4 62 43 14 2 26 44 412 728 203 147 10343 86 38 3 25 34 257 101 230 3 1643 186 454 11 12 33 18 8 621 59 19 1 18 8 32 4 629 532 719 461 100 2 8 1 17 71 33 16 27 999 21 517 899 4674 8 0 15 6 1 17 0 1 7 9 15 21 0 3 0 0 1 1 0 15 2 5 2 3 1 1 2 6 0 4 13 0 9 14 0 3 1 0 3 4 7 0 1 2 12 2 0 0 0 12 1 1 2 2 0 1 2 0 3 3 4 7 1 3 1 0 2 8 0 1 12 13 2 0 0 8 2 1 14 1 18 5 10 0 2 12 5 2 1 0 5 3 1 0 24 2 4 2 0 1
267 8 12 14 743 2185 93 12 57 42 101 787 4 7 40 15 17 22 9 43 250 411 20 20 52 5 20 64 94 414 109 9311 6007 2174 2 3 114 682 136 19 201 11 34 52 1 47 30 73 7 6 6 16 55 68 62 56 8 5904 46 35 44 30 52 11 100 9 212 71 320 7 15 552 795 36 6157 106 96 2 155 5 9 3 201 161 337 122 4 3 10 4 61 34 17 5 23 8787 527 97 41 35 20 2 171 77 6 108 6 11 69 84 105 115 0 7 9 1 6 7 2 41 1 26 6 9 5 2 1 1 0 19 33 0 17 88 1 25 0 0 11 11 16 3 11 10 17 8 5 0 3 25 0 0 1 1 0 0 3 7 0 4 14 14 1 11 13 0 3 16 3 4 26 22 0 0 2 15 6 0 23 7 106 22 19 0 8 46 1 2 1 5 20 4 2 6 110 10 21 1 0 1
306 35 47 68 374 1995 160 20 193 75 361 932 18 12 35 14 10 15 13 30 315 548 52 20 87 11 34 38 107 468 126 6007 6792 4333 2 2 74 1827 50 73 399 2 26 92 14 38 112 30 11 6 36 69 120 126 238 102 23 3170 83 71 20 11 28 6 33 12 294 214 123 18 6 2964 2167 260 5582 32 417 36 483 2 19 3 593 248 368 108 28 3 1 9 61 83 47 17 17 2372 1856 173 66 86 48 3 343 186 15 273 14 18 127 225 228 246 0 5 4 2 23 3 3 18 5 16 5 35 16 1 5 1 0 3 132 3 47 160 6 70 0 0 40 61 9 5 7 55 105 0 4 0 8 20 1 2 0 15 0 0 25 29 8 17 79 71 1 47 38 0 2 8 0 3 109 104 8 6 2 6 16 1 11 4 204 107 88 2 2 146 2 3 3 7 147 2 4 16 304 29 62 9 4 1
13 1 6 3 31 16 9 2 8 11 1 22 1 145 167 49 22 57 3 27 41 147 69 40 22 19 113 218 30 18 23 2174 4333 3448 71 100 2530 847 82 84 182 1 26 25 1 18 247 4 3 1 47 111 134 87 368 53 23 6341 1839 4038 22 3 29 30 75 4 127 1823 80 8 2 125 1382 314 2373 7 45 13 74 13 37 6 915 179 105 17 22 4 0 2 7 94 47 17 3 720 29 4 14 61 12 1 33 21 2 14 1 5 11 18 9 11 0 4 2 2 87 6 3 12 6 15 15 36 16 5 5 1 0 3 43 0 3 112 8 110 1 0 84 203 10 8 4 57 78 3 1 0 16 9 2 0 1 21 1 1 39 28 13 22 84 53 6 18 34 3 1 1 0 1 86 93 13 31 0 4 19 0 1 0 75 207 113 2 1 148 1 0 2 9 160 0 12 4 7 7 62 9 3 2
9 0 1 1 6 3 2 0 2 1 0 1 0 5720 2160 91 25 100 34 58 109 127 74 1673 119 189 3079 371 177 8 34 2 2 71 5350 3229 160 59 11 3123 40 70 234 12 0 5 1747 2 8 0 2 5 53 85 23 5 117 202 762 239 6 6 23 33 10 3 250 207 7 2 0 3 15 100 65 3 24 3 7 2 3 2 105 83 56 88 71 1 2 1 4 8 2 3 22 10 4 16 187 240 1 0 0 1 0 0 0 0 0 0 2 1 15 4 5 24 39 41 36 11 67 141 115 6 4 1 3 9 4 17 0 0 0 11 0 10 29 1 51 61 1 46 4 3 15 6 1 0 46 10 10 0 0 3 0 0 3 5 0 3 9 1 0 1 3 18 0 3 3 1 8 1 1 3 1 8 3 0 4 0 7 40 33 0 2 45 0 0 0 1 12 0 1 1 1 0 6 3 0 1
1 0 0 0 3 0 0 0 1 0 1 0 0 8095 4748 135 203 135 5 106 24 95 134 119 7 13 467 258 9 1 3 3 2 100 3229 3554 294 35 72 370 38 9 105 2 0 3 435 0 2 0 1 1 2 8 5 2 6 54 3135 630 5 5 47 72 81 0 7 188 58 0 0 1 3 55 27 4 2 1 0 0 1 0 9 2 20 3 3 0 0 0 1 1 0 0 10 13 1 1 1 14 1 0 1 0 0 1 0 0 1 0 1 1 3 2 0 7 52 10 24 9 53 27 86 16 9 1 2 3 2 3 0 0 0 20 5 14 2 1 48 104 3 40 2 6 14 5 1 1 46 7 9 0 0 1 0 0 1 3 0 0 14 6 0 1 2 11 1 2 0 1 6 5 2 3 0 10 0 0 4 0 8 70 34 0 1 58 0 0 0 1 18 0 1 2 0 0 17 4 0 0
9 1 3 0 18 16 2 1 8 2 2 15 29 379 887 1081 986 2236 451 1193 332 999 752 159 79 178 203 306 15 10 9 114 74 2530 160 294 4969 3463 318 525 235 36 171 51 29 984 554 52 15 5 5 24 15 13 60 23 14 686 1513 2156 438 7 38 42 116 25 55 496 161 2 6 16 91 336 419 78 42 53 19 3 6 2 98 34 137 41 29 2 21 8 291 18 4 10 30 190 14 2 34 21 9 1 5 8 2 7 3 6 3 4 0 7 4 40 33 12 163 58 65 116 94 112 114 50 35 3 18 16 8 42 23 1 19 194 28 150 8 4 264 433 77 58 27 39 62 21 5 3 147 106 18 4 1 11 1 2 20 33 4 8 68 41 1 5 48 18 4 11 0 13 46 42 19 47 8 33 22 4 25 3 116 531 157 3 10 365 1 1 1 10 106 3 2 9 6 4 61 15 7 2
6 0 7 4 35 26 3 4 15 2 8 61 800 38 87 202 1808 705 1367 125 303 873 443 126 126 165 90 105 23 8 11 682 1827 847 59 35 3463 10776 62 485 204 28 138 4577 463 2412 509 39 22 27 17 65 55 41 168 43 11 810 321 145 350 11 54 49 46 176 104 224 63 7 6 149 2024 2127 1085 54 135 380 141 12 14 3 392 105 153 58 34 9 37 67 1942 49 23 15 41 723 58 6 27 47 12 2 33 14 5 15 1 6 9 12 7 22 9 47 48 24 278 72 108 174 194 240 288 58 50 12 20 18 7 50 91 1 23 354 28 224 19 4 417 628 94 93 57 104 158 19 6 3 252 183 24 2 4 20 1 7 39 69 5 38 196 87 8 17 61 27 14 24 1 39 98 123 32 40 7 56 41 2 61 11 207 716 474 7 13 517 2 3 9 13 264 6 20 17 20 16 125 36 5 5
15 1 1 0 89 55 12 2 1 1 10 26 232 17 189 572 17 5049 49 13 15 26 98 161 5 7 181 3977 194 68 90 136 50 82 11 72 318 62 17983 16 186 70 248 12 94 1737 14 309 26 6 4 5 22 43 25 5 86 402 31 233 15400 53 116 204 3179 150 68 99 3031 5 38 6 15 47 858 701 9 5 3 0 11 0 49 29 18 14 9 6 65 10 255 14 2 10 58 490 4 31 9 144 4 7 1 1 24 5 0 1 2 2 3 15 5 395 374 27 39 437 10 1412 51 1034 31 6 7 12 2 174 8 654 11 2 51 15 4 21 12 4 36 36 1131 22 972 5 20 76 102 20 31 1422 5 5 12 3 1 10 1 6 1 1 3 6 0 1 33 6 106 182 34 96 8 8 7 8 37 276 2 1 173 23 13 13 100 0 26 21 0 4 9 1 11 17 10 40 4 2 2 1 1 1
13 2 1 2 10 16 7 3 14 6 5 13 3 470 443 145 187 98 206 546 351 7214 2423 4070 5966 6684 4601 56 233 13 26 19 73 84 3123 370 525 485 16 8995 367 230 566 130 3 33 7076 6 54 2 7 12 89 221 49 55 192 85 234 95 17 32 53 22 18 6 997 180 13 10 7 83 143 505 39 14 157 24 84 2 7 1 208 406 444 636 247 2 10 4 24 30 13 21 141 18 52 28 658 207 1 0 5 5 0 2 0 0 1 4 0 7 19 4 1 24 103 58 73 18 138 186 289 26 9 5 13 5 8 19 1 0 2 43 4 39 33 4 109 173 4 56 3 14 35 6 0 0 112 14 9 1 1 6 1 1 6 10 1 4 31 12 0 0 8 15 1 10 1 1 12 10 1 6 3 19 3 1 6 1 34 116 126 0 3 99 1 0 1 3 38 3 3 1 6 3 29 10 2 2
991 202 599 401 1049 538 118 326 35 364 114 747 10 219 1244 777 160 1003 126 551 1241 949 5548 2981 98 478 413 159 130 598 458 201 399 182 40 38 235 204 186 367 7635 3327 2005 78 41 290 136 205 4300 103 343 329 26 41 916 1014 38 166 91 81 525 372 218 58 74 80 127 171 233 318 284 218 247 242 340 174 325 24 192 26 679 45 397 91 647 182 56 324 341 118 660 4612 525 1400 1635 527 206 59 97 122 16 6 100 53 3 75 14 8 35 37 44 92 5 15 15 7 42 20 32 46 27 66 64 23 21 4 3 11 3 22 118 5 33 253 13 124 6 3 57 103 21 24 31 9 44 29 16 1 29 99 6 24 76 8 3 31 16 14 27 34 44 26 3 25 47 13 11 53 13 21 58 71 11 9 37 57 27 36 106 23 198 157 100 3 59 168 30 59 187 6 64 161 30 15 46 10 34 8 6 5
2 0 0 0 4 5 1 3 2 0 0 4 12 28 135 107 16 249 50 101 190 434 2520 5356 40 169 250 24 8 3 7 11 2 1 70 9 36 28 70 230 3327 7539 5769 22 21 492 115 22 2143 9 1 2 7 21 16 10 8 6 7 7 781 50 56 28 65 136 98 4 154 18 16 5 6 24 27 65 20 3 3 1 16 0 27 45 60 55 3 14 41 21 594 102 11 121 268 23 13 3 46 8 0 0 0 0 0 0 0 2 0 0 0 0 0 9 23 5 0 5 9 29 10 37 21 0 2 1 0 18 0 15 0 0 1 3 0 3 2 0 1 4 45 4 60 1 2 15 22 0 6 163 0 1 3 0 0 3 0 0 1 0 2 1 1 0 0 1 34 43 5 20 0 1 0 2 4 76 0 2 63 12 0 3 8 0 11 7 1 1 8 1 0 10 5 1 0 0 1 1 0 0
27 2 10 3 34 26 13 7 22 15 3 10 102 131 371 278 86 954 234 388 248 2102 1031 2985 404 217 1996 546 609 32 87 34 26 26 234 105 171 138 248 566 2005 5769 15883 174 255 1978 600 214 2308 32 15 21 178 508 110 64 391 132 107 30 2798 332 2969 7363 1680 956 1622 166 2050 117 80 17 41 169 117 618 126 18 35 5 100 2 405 658 688 784 117 60 210 201 4307 286 37 373 5404 99 84 69 700 381 0 4 5 2 5 5 0 6 1 3 3 5 11 90 161 28 39 106 25 417 58 332 137 10 3 2 2 233 6 343 8 2 16 10 6 10 18 8 49 67 405 24 711 8 14 175 238 10 62 1942 15 14 24 5 2 46 3 2 3 2 9 5 0 2 13 11 355 615 48 201 1 9 4 7 49 984 10 13 981 101 11 43 70 4 142 41 6 22 18 4 10 84 37 18 13 4 11 5 1 1
5 0 1 1 3 4 3 2 34 4 0 23 9100 3 4 14 844 122 9162 1719 66 194 98 44 41 33 18 23 4 2 2 52 92 25 12 2 51 4577 12 130 78 22 174 16048 3712 1659 137 78 23 960 25 137 17 12 52 20 2 33 35 6 107 42 62 28 16 809 22 26 55 18 33 429 3669 4444 48 42 2146 3239 4399 117 102 456 81 35 41 17 15 362 186 958 3841 32 10 11 65 49 182 17 11 3 8 2 10 1 5 9 0 4 2 6 4 18 10 30 39 20 213 93 68 224 157 410 253 46 31 11 17 9 4 31 25 1 21 216 19 162 16 3 291 471 83 63 55 52 91 26 17 7 253 183 20 7 16 15 0 23 29 40 17 35 85 39 3 8 41 12 13 80 10 68 64 52 17 32 31 74 19 5 189 38 132 569 558 4 55 421 4 14 47 7 138 58 16 16 15 5 74 21 3 2
0 0 0 0 2 0 1 3 87 0 0 6 3984 0 3 2 109 39 576 82 5 11 4 13 3 3 11 28 6 2 1 1 14 1 0 0 29 463 94 3 41 21 255 3712 10975 1919 3 54 44 4779 16 129 6 4 18 0 2 3 1 1 114 76 168 57 226 3847 11 4 271 16 42 169 152 371 9 74 1575 668 721 113 134 791 7 4 4 2 1 559 366 2780 3568 12 10 19 109 7 416 28 3 1 2 2 6 3 3 7 2 5 1 5 2 5 1 15 164 0 6 17 0 218 6 43 4 4 1 4 1 198 3 223 9 3 9 10 1 3 1 1 10 10 260 4 612 4 9 198 344 14 23 3106 3 25 53 4 1 105 4 4 18 11 1 2 0 3 5 2 580 740 57 424 4 9 1 7 90 1135 10 26 1929 192 11 14 45 1 227 37 7 105 83 2 4 216 39 12 15 2 1 2 0 0
4 0 1 0 4 2 1 3 45 2 0 6 4629 8 27 103 789 6068 2005 287 15 59 74 798 9 7 265 457 11 4 4 47 38 18 5 3 984 2412 1737 33 290 492 1978 1659 1919 5598 24 59 101 8 3 8 13 11 13 3 11 32 5 10 648 72 268 859 1146 2405 19 6 793 13 21 47 96 622 82 114 349 145 89 0 12 2 31 17 12 11 2 12 37 30 1719 27 2 32 206 45 200 11 13 9 8 7 5 2 25 14 2 18 1 11 8 34 16 629 1569 37 63 435 20 2145 105 1650 61 12 5 18 6 514 23 1392 20 8 87 27 9 24 29 10 61 88 2172 23 2808 19 37 259 673 47 79 5044 8 14 11 2 4 11 4 9 0 1 14 8 1 5 53 6 364 475 72 793 18 25 12 16 84 999 6 6 509 15 11 38 443 2 34 87 2 6 4 2 22 27 28 74 21 4 11 2 1 4
19 3 2 3 11 11 5 5 22 14 1 21 1 252 128 11 39 17 30 59 163 1443 176 1007 3139 235 715 53 364 14 62 30 112 247 1747 435 554 509 14 7076 136 115 600 137 3 24 7567 3 29 6 9 27 130 292 111 56 382 133 1448 291 13 17 98 77 38 4 1186 1470 28 9 4 172 294 782 73 5 495 69 223 2 14 2 310 355 406 630 1104 1 4 3 21 34 7 9 82 39 131 37 1089 541 5 0 9 5 1 9 0 3 4 7 4 7 3 2 2 13 214 31 98 16 121 42 216 46 29 5 11 3 2 11 18 1 6 137 11 105 8 3 235 419 6 56 1 47 66 12 2 1 145 26 16 1 3 14 1 0 22 42 3 11 61 34 1 4 14 17 2 3 2 0 44 31 6 25 3 19 12 2 9 0 67 378 197 1 7 223 0 1 1 16 103 3 9 1 9 2 58 11 5 3
13 1 2 1 49 26 3 3 5 3 5 15 11 1 11 26 5 189 19 19 4 61 21 15 6 4 8 12 117 34 43 73 30 4 2 0 52 39 309 6 205 22 214 78 54 59 3 15194 157 262 6 23 18 50 11 6 37 35 1 7 703 9689 3831 12 141 114 78 11 3452 446 3538 13 8 26 173 12159 41 6 9 5 365 50 41 33 29 25 3 1164 4602 657 4077 86 14 104 591 176 18 18 8 19 2 5 1 1 6 6 0 9 0 3 1 4 3 9 5 1 10 16 3 51 6 33 4 15 41 3 11 34 4 25 33 18 11 8 1 5 5 7 7 14 36 25 35 6 7 540 238 16 45 222 16 325 1298 21 25 956 5 7 11 31 2 8 0 6 13 17 51 1023 340 116 29 72 18 18 956 623 74 299 1911 365 8 27 21 34 2034 95 58 458 909 22 10 2961 592 23 17 4 11 22 13 17
66 5 18 11 18 19 10 21 1 46 2 15 5 28 155 171 17 194 63 144 52 448 416 553 27 43 75 18 17 29 14 7 11 3 8 2 15 22 26 54 4300 2143 2308 23 44 101 29 157 16755 64 17 28 3 14 11 23 4 9 6 1 198 517 185 8 22 82 84 4 113 293 158 6 10 34 22 178 36 5 13 2 243 9 62 58 78 85 7 161 290 163 655 5186 101 5048 7730 18 11 2 46 10 0 1 0 0 0 1 1 0 1 0 4 1 0 3 3 1 7 8 3 14 4 21 8 1 3 0 1 9 1 8 3 0 2 9 0 2 1 1 3 12 13 0 15 2 5 32 22 1 4 71 1 17 49 1 0 38 1 0 4 13 0 1 0 1 5 1 11 93 12 12 3 5 3 0 32 98 8 17 185 38 6 9 6 0 93 7 6 33 79 0 1 102 14 1 1 0 3 1 0 0
7 1 3 2 3 0 4 5 95 2 0 8 172 0 3 0 10 7 36 12 3 13 4 7 1 1 1 0 2 9 2 6 6 1 0 0 5 27 6 2 103 9 32 960 4779 8 6 262 64 9744 138 1286 11 3 82 3 1 2 5 0 35 196 100 0 8 2169 4 5 91 104 203 152 88 869 3 123 2020 754 491 1121 769 8059 37 4 6 4 1 4128 1249 4605 640 85 25 53 90 5 586 32 1 1 2 1 2 1 2 7 0 8 1 6 5 4 0 1 2 0 2 9 3 11 3 12 2 5 13 1 8 7 3 2 9 2 3 4 1 4 0 1 3 0 7 2 2 3 2 104 118 12 19 58 5 98 323 4 8 528 97 6 131 67 0 2 1 0 2 4 10 205 72 71 3 10 5 3 204 127 53 112 903 134 4 11 16 2 577 37 78 2392 786 5 0 1225 156 1 19 1 0 4 1 1
166 13 45 13 31 31 40 76 11 78 8 48 1 4 5 1 0 1 2 1 1 5 4 10 6 1 5 3 20 56 26 6 36 47 2 1 5 17 4 7 343 1 15 25 16 3 9 6 17 138 5390 10802 32 9 807 84 3 31 11 7 3 9 16 4 4 55 16 53 16 301 9 19 31 59 49 4 101 27 38 1551 595 250 371 23 35 14 12 50 10 9 14 3554 5327 60 21 23 29 14 4 8 5 0 8 3 1 4 1 5 3 4 1 8 0 0 1 1 2 1 0 0 2 3 2 2 3 0 1 1 0 0 15 0 3 22 1 25 1 0 10 11 0 1 0 3 5 5 13 3 8 4 1 28 2 13 0 38 794 163 1336 927 8 7 1 1 8 0 0 1 2 26 8 10 1 7 1 2 401 56 6 3 24 26 15 0 2 67 292 101 360 1 4 5 35 3 11 5 1 1 0 0
329 24 107 48 66 73 115 150 19 179 18 94 15 3 4 0 5 7 5 8 3 11 1 13 18 2 21 12 73 128 44 16 69 111 5 1 24 65 5 12 329 2 21 137 129 8 27 23 28 1286 10802 26753 105 24 2279 129 6 119 27 22 2 30 40 8 8 343 32 96 22 355 86 58 116 248 111 11 435 186 132 16902 3136 2239 920 41 62 32 22 418 68 75 22 2206 3955 106 35 40 147 30 15 18 11 1 21 14 1 22 4 15 13 8 10 14 0 0 1 0 13 4 3 5 4 9 4 5 3 3 3 2 1 0 25 1 15 69 2 44 0 0 14 31 0 3 2 19 19 21 57 2 22 16 1 141 52 46 4 109 1839 719 4469 2587 17 13 2 6 24 1 1 7 6 110 22 20 7 11 12 9 1823 246 36 2 46 74 89 2 23 200 1083 373 1913 1 7 84 270 4 33 6 12 1 2 6
1388 57 189 51 213 167 1293 630 198 663 80 207 9 20 8 6 2 4 6 7 12 35 3 73 48 8 168 95 2479 674 412 55 120 134 53 2 15 55 22 89 26 7 178 17 6 13 130 18 3 11 32 105 7732 9600 11946 8 112 173 45 19 21 71 444 86 127 10 871 212 290 19 15 100 98 82 306 25 166 16 59 26 19 9 1711 269 49 49 107 3 14 10 28 31 22 13 119 278 580 4842 68 277 3 0 28 21 3 22 1 2 4 8 11 19 0 1 2 0 16 1 3 1 5 2 6 8 5 1 4 1 0 2 37 1 14 73 3 34 0 0 14 28 6 1 0 11 19 3 0 0 2 9 0 0 0 1 0 2 5 4 7 0 8 10 1 6 25 0 4 6 0 0 19 33 5 6 2 8 1 0 9 3 66 50 16 0 3 58 3 1 1 4 30 2 1 8 12 4 18 3 3 1
1516 73 278 95 394 237 986 605 49 487 41 258 3 34 19 8 2 11 3 5 23 58 19 203 199 46 468 222 9593 935 728 68 126 87 85 8 13 41 43 221 41 21 508 12 4 11 292 50 14 3 9 24 9600 11908 1225 4 219 160 50 12 25 147 840 210 240 6 5100 423 461 27 23 78 95 90 497 42 114 7 49 7 17 2 4309 4579 113 331 262 5 27 5 37 24 12 25 224 426 140 3774 252 639 3 1 28 8 0 22 2 3 6 13 18 21 0 0 1 1 11 1 2 8 2 4 2 12 9 0 3 1 1 5 35 0 10 64 2 26 1 0 13 26 1 2 3 6 22 5 2 0 2 19 0 1 1 1 0 2 4 9 2 0 24 14 3 15 25 0 2 9 0 2 20 35 7 4 2 13 2 0 23 2 51 53 32 0 11 50 1 3 4 5 29 6 1 2 12 3 22 6 0 2
1049 60 207 104 163 164 876 584 92 612 59 247 3 16 23 10 3 25 16 14 19 60 11 47 37 5 107 70 594 404 203 62 238 368 23 5 60 168 25 49 916 16 110 52 18 13 111 11 11 82 807 2279 11946 1225 13438 392 42 414 118 81 15 40 154 50 52 29 214 397 105 57 10 127 257 159 387 9 205 36 124 456 224 87 4491 371 173 75 109 22 7 11 25 1289 456 32 57 203 311 1877 40 106 6 3 42 31 7 32 5 3 8 18 19 39 0 3 0 0 33 7 13 12 6 7 7 21 10 3 6 1 1 1 91 0 24 237 10 133 1 0 45 124 3 5 4 11 29 0 3 0 12 13 6 3 2 2 0 4 141 30 233 70 27 28 5 13 55 1 3 3 1 3 56 55 18 18 3 9 30 3 9 2 150 167 46 0 3 157 29 13 29 9 63 1 3 15 22 7 49 10 2 7
381 59 186 132 280 196 61 149 15 175 36 173 2 7 8 2 5 8 3 11 1002 407 27 28 69 11 45 19 52 211 147 56 102 53 5 2 23 43 5 55 1014 10 64 20 0 3 56 6 23 3 84 129 8 4 392 6196 16 61 26 11 5 12 44 8 16 0 48 88 20 17 10 55 77 53 142 4 87 2 45 12 61 5 4791 54 2114 267 32 7 8 3 10 432 105 20 38 139 47 27 121 45 5 0 13 10 1 12 0 2 9 6 5 16 1 0 0 2 13 4 6 3 5 1 2 7 2 1 1 0 0 1 36 1 11 72 1 44 0 0 8 30 2 3 1 3 11 0 0 1 3 6 0 1 1 0 0 0 7 9 17 9 19 12 0 5 12 0 2 0 0 1 11 18 6 8 1 0 6 2 0 0 46 51 26 0 2 39 2 0 2 0 18 0 0 8 8 0 5 3 1 2
89 6 7 6 513 14 22 5 4 6 6 21 2 73 60 20 2 16 2 5 16 33 6 192 149 11 587 411 2552 5213 10343 8 23 23 117 6 14 11 86 192 38 8 391 2 2 11 382 37 4 1 3 6 112 219 42 16 8731 186 103 6 27 110 804 315 367 5 2480 857 639 13 28 4 16 14 1204 49 14 0 7 2 7 0 121 168 46 348 536 5 17 4 42 7 7 10 144 676 9 103 1269 3762 0 0 8 5 0 8 0 0 0 1 4 6 0 2 2 0 3 2 0 20 3 11 2 3 0 0 0 4 0 1 8 0 1 11 1 5 0 0 1 1 7 1 6 1 4 1 2 0 1 14 0 0 1 3 0 0 0 0 1 1 3 5 0 5 1 0 3 14 1 2 4 2 1 0 0 19 0 2 12 3 3 6 6 0 5 7 0 0 0 0 5 3 2 2 3 0 1 0 0 0
50 4 5 3 51 103 26 10 41 23 13 113 2 355 531 140 55 123 6 136 47 86 7 97 74 4 566 926 152 57 86 5904 3170 6341 202 54 686 810 402 85 166 6 132 33 3 32 133 35 9 2 31 119 173 160 414 61 186 4202 1667 1617 70 24 173 160 393 6 349 2974 483 15 21 486 1238 77 2442 68 58 3 264 14 43 2 955 271 170 117 153 6 7 2 28 98 59 24 22 491 183 54 224 606 7 2 35 25 1 16 2 2 11 20 19 20 0 28 6 1 16 19 2 59 5 37 7 6 5 2 0 7 2 21 32 0 9 43 7 37 2 1 40 41 31 2 12 12 29 5 2 1 9 49 0 0 0 1 0 1 15 11 10 6 21 15 4 5 12 0 4 11 3 1 34 21 3 6 2 11 9 0 24 2 34 68 51 0 5 51 2 2 3 2 43 2 2 2 18 2 10 8 0 0
6 0 4 1 4 0 2 2 4 3 1 7 1 1664 824 36 20 14 5 22 85 215 119 107 45 15 447 325 103 8 38 46 83 1839 762 3135 1513 321 31 234 91 7 107 35 1 5 1448 1 6 5 11 27 45 50 118 26 103 1667 9034 2246 2 8 71 94 84 1 183 2002 66 5 2 25 89 486 396 4 91 17 22 5 9 1 241 82 88 58 62 1 1 0 5 39 16 10 17 47 19 12 103 288 5 4 4 5 2 2 1 1 0 5 2 7 2 0 1 11 232 27 59 16 85 34 150 45 26 4 12 3 1 3 18 0 4 160 18 141 3 1 279 517 6 44 1 64 94 4 1 0 133 17 9 1 0 6 2 1 18 37 6 24 114 48 2 4 31 12 1 3 0 1 59 34 18 31 1 18 16 0 4 1 86 380 185 4 3 249 0 2 2 3 157 1 6 5 2 6 68 13 3 5
5 0 1 0 12 1 0 2 4 0 0 6 1 1181 1778 183 128 164 6 165 81 188 189 46 8 15 219 527 12 4 3 35 71 4038 239 630 2156 145 233 95 81 7 30 6 1 10 291 7 1 0 7 22 19 12 81 11 6 1617 2246 1166 25 5 29 56 185 0 28 2235 163 1 4 13 46 135 197 17 14 5 17 3 9 0 144 21 32 9 5 0 2 1 2 21 5 5 8 44 8 1 7 21 0 0 0 4 2 2 0 1 0 0 1 1 1 7 0 4 49 10 19 32 28 36 17 19 7 0 2 2 1 5 5 1 0 60 6 43 3 0 88 163 14 17 15 17 27 3 1 2 34 25 5 0 0 2 0 0 13 9 2 5 33 14 0 2 10 5 0 4 0 1 22 10 6 7 0 10 4 1 4 0 36 172 56 1 3 109 0 1 1 2 48 1 3 2 6 0 22 6 1 2
9 0 1 0 17 10 1 0 4 3 4 11 77 4 19 106 101 3879 63 29 12 41 58 357 15 8 71 314 78 19 25 44 20 22 6 5 438 350 15400 17 525 781 2798 107 114 648 13 703 198 35 3 2 21 25 15 5 27 70 2 25 8677 242 1179 415 1027 225 41 19 6638 49 89 5 19 48 182 5058 13 3 10 0 32 2 36 22 15 11 4 55 278 40 2579 50 4 77 662 130 13 5 11 22 1 3 0 0 6 2 0 9 1 0 4 5 4 69 264 14 17 54 5 197 15 156 16 4 1 4 3 273 8 332 2 2 17 10 0 8 10 3 19 20 360 7 853 3 10 202 466 14 28 1565 2 14 18 5 1 53 1 4 1 4 4 3 0 3 13 6 268 657 46 130 3 16 7 9 46 923 2 5 813 89 9 21 32 2 133 51 0 19 22 0 5 67 36 15 11 1 1 2 0 1
26 2 5 5 31 16 6 4 3 5 4 18 11 11 35 33 4 59 18 34 15 200 49 64 47 12 28 16 262 38 34 30 11 3 6 5 7 11 53 32 372 50 332 42 76 72 17 9689 517 196 9 30 71 147 40 12 110 24 8 5 242 12294 8063 54 317 101 275 15 4230 4176 1653 5 5 34 89 981 41 10 7 18 661 142 110 110 98 104 13 777 1272 439 1164 207 55 1532 4528 91 25 32 96 54 3 2 0 0 5 2 0 5 1 0 0 1 4 15 11 2 5 14 3 52 3 36 5 4 22 5 10 35 5 23 29 7 9 3 1 4 5 3 7 10 45 27 35 8 6 398 148 14 36 216 9 294 1359 15 19 607 11 18 38 50 3 3 2 6 11 7 39 742 304 87 19 63 15 16 757 436 83 277 1288 242 9 16 20 27 1395 78 72 321 1218 15 5 2510 498 19 5 2 4 12 11 15
89 2 8 3 104 49 29 10 6 15 4 38 37 45 96 46 10 191 54 59 41 332 40 90 165 13 212 131 1809 140 257 52 28 29 23 47 38 54 116 53 218 56 2969 62 168 268 98 3831 185 100 16 40 444 840 154 44 804 173 71 29 1179 8063 21227 7047 7639 307 1475 126 15823 563 474 14 16 58 393 1442 65 7 23 7 186 16 568 600 354 382 89 173 862 378 2721 127 29 328 2882 281 24 235 368 485 2 2 3 0 6 0 0 13 0 0 0 7 8 82 52 10 19 105 12 302 24 233 39 6 11 4 2 108 8 147 26 3 9 12 3 10 10 5 18 22 208 12 206 8 15 290 214 7 42 942 6 60 182 5 9 257 3 1 3 5 3 5 2 3 10 12 180 832 109 100 5 21 9 11 201 886 18 48 1354 228 11 33 53 5 618 74 12 58 126 6 9 410 115 15 13 2 3 1 2 6
14 0 3 0 16 6 4 3 5 6 1 5 152 124 184 177 7 274 53 23 8 55 21 556 36 4 3740 1952 509 47 101 11 6 30 33 72 42 49 204 22 58 28 7363 28 57 859 77 12 8 0 4 8 86 210 50 8 315 160 94 56 415 54 7047 5247 3009 239 460 123 2231 11 9 2 13 53 145 31 25 0 7 4 6 1 131 137 62 98 59 3 5 7 230 20 3 8 299 53 17 66 160 302 2 3 0 1 4 2 0 0 0 0 0 6 5 184 193 13 24 141 11 625 18 374 37 2 2 4 3 101 5 370 3 2 18 7 0 5 13 1 18 23 555 11 638 4 14 48 63 5 17 1076 1 5 4 3 0 1 1 0 1 1 4 1 0 3 14 6 121 119 15 73 6 2 1 4 21 269 0 0 120 8 7 12 38 2 11 16 0 1 1 0 5 8 7 14 0 1 1 1 0 0
48 1 2 1 116 61 25 4 3 3 6 62 273 53 243 306 9 504 31 12 13 33 42 162 24 5 648 1899 775 171 230 100 33 75 10 81 116 46 3179 18 74 65 1680 16 226 1146 38 141 22 8 4 8 127 240 52 16 367 393 84 185 1027 317 7639 3009 3953 473 364 158 9397 32 60 12 13 35 800 299 23 7 1 3 19 1 163 101 54 79 50 7 35 22 479 27 5 13 339 482 17 106 99 393 2 5 5 1 7 4 0 4 1 1 3 13 3 274 385 11 32 184 5 850 30 421 28 1 2 10 2 251 13 670 6 4 47 10 3 10 5 8 21 27 1019 8 1423 3 11 153 247 14 27 2644 3 5 6 2 4 6 2 6 1 0 2 1 0 1 30 9 344 440 48 173 1 4 5 3 46 862 0 7 548 39 5 14 38 5 44 30 0 6 6 3 7 27 21 30 8 3 5 1 1 1
5 0 1 2 4 2 1 0 34 1 1 4 1378 0 9 14 20 151 344 25 5 20 13 110 2 1 50 148 6 1 3 9 12 4 3 0 25 176 150 6 80 136 956 809 3847 2405 4 114 82 2169 55 343 10 6 29 0 5 6 1 0 225 101 307 239 473 3115 18 5 672 26 48 60 52 1369 15 263 1146 1398 334 228 159 610 17 7 5 5 0 405 310 1622 3079 35 12 31 214 22 303 11 4 2 1 0 3 1 3 5 0 11 0 3 3 4 1 35 524 3 3 28 1 183 12 182 6 2 2 1 1 52 8 124 1 2 10 6 1 2 2 0 9 11 162 3 230 1 5 87 371 17 32 1542 3 21 31 0 1 63 36 8 34 23 2 0 0 0 2 1 59 176 25 3486 4 4 0 3 31 224 10 16 555 66 4 11 154 2 100 33 2 34 46 0 1 84 24 9 24 3 0 0 1 0
525 58 199 199 853 419 107 158 31 256 111 487 5 100 59 26 12 17 3 26 48 265 126 689 1672 193 1227 368 5279 907 1643 212 294 127 250 7 55 104 68 997 127 98 1622 22 11 19 1186 78 84 4 16 32 871 5100 214 48 2480 349 183 28 41 275 1475 460 364 18 10576 1749 704 64 57 159 145 191 1584 65 260 14 132 5 38 3 1175 9633 1720 5445 1506 15 60 14 103 51 18 69 685 976 179 139 2899 3379 20 2 61 26 3 43 7 3 18 21 33 57 0 4 2 1 21 10 7 40 8 21 16 21 18 2 4 1 1 5 53 0 11 128 6 65 1 1 35 46 17 4 14 17 40 14 8 0 10 41 2 1 3 3 0 6 13 8 3 6 35 31 1 22 33 3 7 23 3 4 44 46 6 15 8 29 9 1 43 8 118 96 48 3 20 103 1 3 4 8 54 13 3 9 31 11 36 6 1 1
35 4 8 4 16 14 14 12 11 16 5 27 1 240 170 42 9 23 3 15 39 518 22 96 773 3 420 359 606 38 186 71 214 1823 207 188 496 224 99 180 171 4 166 26 4 6 1470 11 4 5 53 96 212 423 397 88 857 2974 2002 2235 19 15 126 123 158 5 1749 4415 159 19 8 80 210 277 1132 15 162 22 67 9 30 5 1015 560 291 686 2148 3 2 0 15 115 63 13 44 56 42 35 1363 2659 3 1 8 4 0 6 1 3 2 4 4 11 0 3 4 1 71 6 12 22 12 14 24 14 9 5 3 2 0 6 29 1 4 86 9 63 0 1 79 183 9 2 3 32 50 4 2 0 29 15 1 2 2 4 1 1 14 23 4 15 49 27 1 4 19 4 0 5 0 1 47 26 12 11 2 5 16 1 5 0 63 181 84 0 0 92 0 0 7 6 73 1 5 3 1 1 39 5 2 2
105 0 3 4 297 174 43 5 7 15 16 125 92 24 110 167 6 671 32 11 16 58 44 73 33 6 101 351 1554 338 454 320 123 80 7 58 161 63 3031 13 233 154 2050 55 271 793 28 3452 113 91 16 22 290 461 105 20 639 483 66 163 6638 4230 15823 2231 9397 672 704 159 9758 229 1005 26 26 39 1611 4141 47 10 25 4 129 8 333 263 121 95 60 122 668 269 2600 62 17 70 982 1368 21 215 140 498 6 4 4 2 5 5 1 17 2 3 3 13 2 127 294 9 30 98 10 592 31 263 36 4 5 10 1 485 10 655 33 6 37 8 1 14 6 4 20 15 666 17 1394 14 17 568 775 16 53 4128 6 40 59 9 7 201 0 9 3 4 4 6 2 4 20 9 827 1880 165 319 10 21 21 17 167 2513 10 23 2963 440 11 28 56 17 672 104 8 38 64 6 7 221 98 25 28 5 8 3 6 6
63 7 27 10 9 15 16 24 2 32 3 13 4 3 6 9 2 19 11 7 7 95 23 25 17 4 11 1 42 29 11 7 18 8 2 0 2 7 5 10 318 18 117 18 16 13 9 446 293 104 301 355 19 27 57 17 13 15 5 1 49 4176 563 11 32 26 64 19 229 13764 3122 5 17 12 24 100 21 5 11 43 3472 342 79 29 41 32 6 456 343 116 218 817 2178 2170 1050 17 15 5 25 13 1 0 0 0 0 1 0 0 1 0 3 3 1 1 2 1 0 1 2 4 2 8 4 2 8 2 2 9 1 2 8 3 0 8 0 6 0 1 3 4 4 8 6 4 1 71 43 1 7 42 2 250 564 15 5 180 26 37 157 224 1 0 0 1 7 4 12 130 82 16 5 19 3 6 139 52 203 293 252 42 11 11 9 5 209 30 209 116 1406 5 1 673 260 2 5 0 2 1 4 4
