31286 5493 9740 1629 3916 4500 7576 12300 210 2331 252 2767 1 0 16 56 15 46 14 4 78 48 2 15 26 1 24 18 5923 5848 1401 188 354 39 1 4 15 77 72 6 559 8 10 16 12 44 5 27 9 14 237 469 768 1840 389 233 67 16 3 5 40 26 12 16 13 6 100 12 358 35 15 553 43 9 36 60 47 1 73 16 120 9 1883 747 645 170 13 32 14 2 68 458 157 67 19 513 111 826 21 12 4 2 7 13 0 52 0 10 8 28 59 43 0 1 8 1 3 0 4 15 14 10 7 1 1 0 2 3 0 3 1 0 8 32 3 20 0 0 24 36 20 1 20 3 3 0 11 2 10 30 0 0 3 1 0 3 7 1 17 2 1 1 0 1 1 1 6 7 3 7 2 5 2 0 1 10 0 0 14 3 31 24 11 1 2 17 2 0 3 2 3 1 0 4 24 2 2 1 0 2
5493 16496 6177 13383 2785 3178 284 468 37 90 67 927 0 1 5 2 0 7 1 0 149 71 1 3 18 1 3 19 486 3424 282 20 31 2 0 0 3 4 17 4 683 0 4 1 2 8 2 6 11 5 148 269 269 830 179 171 64 8 1 0 5 7 7 3 15 0 208 1 89 35 11 78 3 2 32 4 24 1 15 15 93 5 964 569 697 159 4 29 11 4 14 347 122 42 1 76 78 64 18 21 2 3 23 54 3 133 3 20 18 41 160 155 0 0 0 0 1 0 0 5 0 3 1 0 0 2 0 0 0 0 4 0 13 56 0 19 0 0 8 5 1 2 0 6 2 0 0 0 4 5 0 0 0 0 0 2 8 3 11 0 2 9 0 2 3 0 1 1 0 0 20 3 0 0 2 3 2 0 2 1 100 17 9 0 2 24 2 1 3 2 8 1 0 1 82 5 4 0 0 0
9740 6177 15560 11613 41 1616 157 4580 105 2206 135 14464 0 0 1 2 1 2 0 0 93 33 1 3 12 0 0 2 267 60 43 2 9 1 0 0 0 7 5 3 403 0 3 0 1 2 6 4 5 5 131 246 244 558 128 126 24 5 1 0 6 11 5 3 5 3 68 1 28 35 8 25 2 1 25 6 28 0 6 8 62 3 870 360 472 104 6 13 10 1 9 283 115 30 6 35 124 80 20 8 3 1 58 66 8 165 5 14 24 52 207 197 0 0 1 0 0 1 0 3 1 1 0 1 0 1 0 0 0 0 6 0 29 50 1 21 0 0 7 3 0 0 0 3 8 0 2 0 1 7 1 1 0 0 0 1 7 3 6 2 4 12 1 3 1 0 1 1 0 0 16 3 0 1 0 0 1 1 5 1 120 12 5 0 0 24 4 0 1 1 10 2 1 1 102 15 9 0 0 0
1629 13383 11613 25201 5190 16467 88 185 165 245 214 3732 0 0 5 7 1 3 0 1 130 83 0 0 11 1 3 23 175 464 548 10 32 3 0 0 0 10 17 1 317 0 3 4 3 6 2 4 5 1 46 93 88 262 71 76 45 7 0 0 4 3 2 1 8 1 92 2 88 18 2 55 3 3 33 8 46 3 16 2 31 6 440 278 457 102 5 13 6 2 4 153 52 20 5 88 261 77 37 23 15 8 105 161 7 367 10 42 42 150 504 459 0 0 0 0 0 1 0 6 0 7 1 0 0 0 0 0 0 0 16 0 62 138 0 49 0 0 18 4 1 2 1 8 24 1 5 1 3 7 1 2 3 0 0 9 6 7 5 7 12 24 0 7 3 0 5 1 1 0 35 7 0 0 2 0 5 1 2 1 258 39 12 0 0 101 2 2 6 0 52 1 1 7 229 23 21 1 0 0
3916 2785 41 5190 15040 11292 1753 285 20 68 190 1119 1 2 26 42 13 65 25 4 89 80 3 8 5 1 18 41 1563 13837 9365 197 760 91 3 5 17 143 96 3 271 2 14 18 7 57 12 12 5 4 67 138 264 695 114 63 624 25 1 6 40 12 15 7 23 6 152 14 275 10 9 764 67 20 134 52 33 1 99 9 43 3 562 321 319 95 19 19 8 1 49 121 45 25 13 2419 40 205 23 70 0 0 4 11 1 24 0 2 4 6 41 30 0 3 3 1 4 2 1 14 17 12 12 6 1 2 1 2 0 5 3 0 12 31 3 28 0 1 34 47 15 1 10 1 6 4 4 2 12 41 1 1 1 0 0 3 1 2 3 5 0 3 0 1 1 1 5 5 2 3 6 1 1 1 4 13 1 0 8 3 31 30 12 0 5 19 2 0 2 0 3 1 0 1 20 1 5 0 0 1
4500 3178 1616 16467 11292 13244 857 885 265 1368 1792 12562 2 2 17 44 6 42 18 1 130 146 5 6 10 0 7 16 412 2648 2426 3002 2068 14 2 3 12 83 48 2 285 3 16 33 12 112 0 20 7 5 56 101 171 310 81 52 64 27 1 2 37 23 12 9 20 17 76 2 319 20 8 3058 77 43 61 58 268 6 298 5 44 13 473 232 379 123 5 23 8 4 76 115 55 22 11 2597 636 195 33 25 20 11 114 236 14 559 8 57 80 205 673 619 1 1 7 0 5 0 5 31 25 16 15 12 1 0 3 1 0 1 24 0 104 234 5 101 0 0 69 90 26 2 14 14 32 1 9 2 32 71 6 4 5 2 0 10 4 14 5 8 12 35 6 10 10 2 17 3 2 4 77 18 1 0 3 14 11 4 18 4 374 106 54 1 10 144 12 3 6 8 68 10 4 11 372 22 35 2 1 0
7576 284 157 88 1753 857 13434 8173 1089 2168 150 321 2 0 16 56 12 39 6 4 17 38 3 13 15 0 15 15 2664 1277 1094 50 187 38 1 1 12 46 63 7 90 1 8 7 10 35 5 9 4 8 69 181 943 2128 259 48 55 22 2 3 37 8 10 8 9 2 40 11 325 12 4 279 22 16 36 49 51 5 51 13 30 4 1019 244 133 46 16 10 6 3 32 128 40 12 12 423 340 5552 13 4 3 0 4 10 1 16 3 5 2 10 23 19 0 1 6 0 2 1 1 17 7 5 3 0 0 0 0 1 0 2 1 0 2 9 1 12 0 1 20 17 22 0 12 0 2 0 4 2 7 33 1 0 0 0 1 1 7 2 6 1 1 2 1 1 1 0 7 4 2 2 0 0 0 0 4 13 1 0 4 4 18 14 3 0 5 8 0 0 2 1 1 1 0 2 12 4 4 0 0 0
12300 468 4580 185 285 885 8173 23032 2140 20256 204 1843 0 1 3 1 2 5 2 1 21 8 0 2 6 2 1 5 412 278 125 6 40 4 1 1 0 7 10 2 148 0 0 4 7 13 0 5 3 10 96 230 549 1121 216 71 17 10 0 0 6 2 3 1 0 5 22 2 36 17 4 99 2 8 17 8 54 5 14 14 52 5 1081 301 242 59 7 10 3 3 7 182 66 17 5 49 337 2413 9 3 8 1 15 19 1 76 4 18 16 43 65 50 0 0 0 0 0 0 0 1 0 1 0 0 0 0 0 0 0 0 0 0 5 11 1 7 0 0 8 2 3 0 0 0 0 0 1 1 1 2 0 0 1 0 0 1 4 0 6 6 1 2 0 2 0 0 0 2 0 1 3 0 0 0 0 2 0 0 2 0 34 8 4 0 1 12 1 0 0 0 1 0 0 0 43 11 2 0 0 0
210 37 105 165 20 265 1089 2140 1297 4866 1090 728 2 0 0 1 0 3 1 0 2 2 0 0 0 0 1 0 4 11 9 6 60 0 0 0 0 0 4 0 6 0 0 10 69 6 0 0 0 107 6 48 110 48 49 0 2 4 0 0 1 1 1 0 0 41 1 0 3 0 0 469 13 54 9 2 652 46 141 32 21 67 17 8 7 3 0 39 6 27 15 5 4 0 3 16 3546 1625 2 0 4 0 7 18 1 21 3 8 2 14 36 40 0 0 0 0 1 1 0 2 1 1 1 0 0 0 0 0 0 0 0 0 4 10 0 9 0 0 3 1 1 0 0 0 2 0 0 0 2 3 1 2 1 0 0 2 1 1 1 3 1 2 1 2 0 0 0 0 1 0 1 0 0 0 0 1 0 1 4 0 14 7 1 0 1 7 1 0 1 0 1 1 0 1 27 11 3 0 1 1
2331 90 2206 245 68 1368 2168 20256 4866 35718 10843 22193 1 0 0 3 0 4 2 0 5 7 0 1 3 0 1 1 103 78 34 7 43 2 0 0 2 8 2 1 62 2 0 7 13 9 1 3 1 18 34 96 306 380 107 27 4 4 0 3 6 3 2 2 2 13 7 0 16 5 2 408 11 17 9 5 634 21 107 4 26 12 361 116 90 27 2 13 2 7 3 71 22 5 0 32 6795 2387 4 1 50 4 93 166 11 447 26 149 95 327 660 467 0 0 1 0 0 0 0 2 5 1 1 1 0 0 0 0 0 0 6 0 26 74 1 20 0 0 8 8 1 0 0 9 10 0 1 0 7 6 0 0 2 0 0 6 11 9 7 6 10 17 5 7 3 1 2 3 1 4 26 3 0 0 1 2 4 1 9 0 280 21 15 0 1 50 4 2 3 0 21 1 0 2 470 71 11 1 0 0
252 67 135 214 190 1792 150 204 1090 10843 9631 10936 1 0 3 2 4 8 6 0 10 13 1 2 2 0 0 5 32 143 78 167 211 2 0 0 0 8 8 0 49 0 0 14 5 52 0 4 2 5 8 22 49 31 21 14 13 2 0 1 13 7 4 4 1 4 3 0 56 2 0 2872 10 28 1 15 1103 4 621 2 13 2 55 26 41 12 0 7 6 4 25 10 9 1 1 152 2991 370 1 0 20 7 76 147 11 349 11 48 52 165 475 460 0 0 3 0 2 0 1 19 6 6 4 2 2 2 0 0 0 0 16 0 77 154 2 66 0 0 27 45 12 2 5 15 24 0 2 1 9 24 1 0 2 3 0 8 3 9 4 3 3 22 2 12 7 0 6 3 2 5 36 5 1 0 0 5 3 1 10 5 276 72 24 1 5 92 4 0 3 3 34 0 3 3 313 36 19 3 0 1
2767 927 14464 3732 1119 12562 321 1843 728 22193 10936 40235 1 0 12 23 15 38 16 2 112 126 6 10 8 0 3 20 164 552 380 1184 4183 19 1 3 5 100 52 0 288 3 8 23 14 100 2 19 4 12 45 125 169 216 74 60 57 534 0 2 37 18 11 5 8 9 46 5 335 14 13 3766 92 38 344 72 693 8 244 5 48 5 444 202 300 82 3 21 13 5 60 114 31 18 10 3431 1659 408 19 11 50 17 194 364 40 869 28 122 110 358 1261 1172 0 0 4 1 5 3 1 34 12 22 11 5 3 1 4 1 0 0 48 3 199 457 3 194 0 0 92 73 30 4 18 26 73 1 11 5 27 70 10 2 8 4 0 18 13 26 7 9 24 89 7 17 23 0 18 7 3 11 126 23 0 0 2 12 14 5 22 3 732 182 56 1 12 264 18 5 12 10 117 2 5 29 672 62 65 3 1 5
1 0 0 0 1 2 2 0 2 1 1 1 6955 0 0 3 62 61 5214 117 0 0 0 2 0 0 2 19 0 4 1 0 3 0 0 0 1 185 92 0 4 1 7 3825 2224 3183 0 5 2 89 0 12 1 0 0 0 1 0 0 0 22 7 5 22 29 983 0 0 26 3 1 11 21 1236 0 4 134 309 88 11 8 33 2 0 0 0 0 11 10 35 104 3 0 1 3 1 22 9 0 0 0 1 0 0 1 1 0 1 0 0 1 0 0 3 132 2 2 12 1 453 12 368 6 0 1 0 1 9 0 22 4 2 2 2 4 0 1 0 4 10 233 2 66 0 1 2 14 72 16 745 0 2 2 0 0 6 0 0 3 9 1 1 0 1 1 0 35 31 7 70 4 5 0 0 8 41 1 2 45 5 4 4 52 0 9 2 3 1 3 0 1 7 5 3 1 1 4 1 1 1
0 1 0 0 2 2 0 1 0 0 0 0 0 4605 10265 11 161 9 1 9 2 1 16 25 0 0 907 922 11 4 61 0 0 7 1699 6540 67 5 10 335 41 1 12 0 0 1 16 0 2 0 0 0 1 5 1 0 42 22 120 157 0 0 1 14 16 0 2 33 16 0 0 0 0 0 62 0 0 0 0 0 0 0 1 3 3 1 9 1 0 0 3 1 0 0 3 10 0 0 2 18 0 0 0 0 0 0 0 0 0 0 0 0 1 0 0 0 0 0 0 0 2 7 0 0 0 1 0 0 0 0 0 0 0 0 0 0 0 0 0 1 1 0 1 0 0 1 0 0 1 0 0 0 0 0 0 0 0 0 0 0 0 0 0 0 0 1 0 0 0 0 0 0 0 0 0 0 0 0 0 0 0 0 0 1 0 0 0 0 0 0 0 0 0 0 0 0 0 0 0 0
16 5 1 5 26 17 16 3 0 0 3 12 0 10265 23318 7723 2900 2582 94 882 65 107 595 252 1 24 2310 3447 67 33 392 5 11 50 2526 4820 712 47 645 1033 1669 91 129 3 4 11 55 10 29 1 6 3 11 25 8 9 171 208 283 427 70 25 20 117 73 0 23 145 483 23 2 2 3 5 327 24 1 0 3 0 12 0 28 22 28 14 34 15 8 4 47 62 4 27 34 141 0 4 6 51 0 2 0 0 0 0 0 0 0 0 1 1 8 2 7 7 3 6 9 20 26 52 36 4 0 2 5 1 0 1 0 0 0 0 1 3 4 7 8 11 10 13 5 1 2 0 2 4 19 26 17 0 1 0 0 0 1 0 0 0 0 2 0 0 0 17 7 4 2 4 4 5 1 8 1 8 1 0 5 2 3 5 9 2 0 3 0 0 3 2 1 3 0 0 0 0 2 2 2 1
56 2 2 7 42 44 56 1 1 3 2 23 3 11 7723 15625 346 7562 3508 1104 18 33 324 131 1 16 553 3211 82 70 379 4 22 16 71 233 547 111 2935 66 911 196 172 0 8 51 16 11 42 4 3 5 15 41 9 8 132 113 39 153 137 47 42 24 8 11 35 33 379 28 8 12 11 3 187 42 3 0 4 0 17 0 26 24 36 18 9 18 31 6 83 85 8 49 78 256 2 6 2 23 0 3 0 1 1 0 0 0 0 0 2 4 13 8 91 14 2 23 9 352 40 334 9 4 0 1 10 4 2 12 1 0 2 5 4 10 7 12 19 23 113 26 22 0 6 5 15 37 31 226 36 4 4 0 0 6 1 1 1 0 0 3 0 0 6 16 10 17 3 16 5 10 3 10 3 15 1 2 23 6 4 20 14 6 2 8 0 1 2 0 2 9 1 2 0 1 8 2 0 7
15 0 1 1 13 6 12 2 0 0 4 15 62 161 2900 346 3198 913 3432 3113 83 137 343 98 8 32 323 200 17 20 73 2 45 17 319 1020 1734 1602 100 269 776 31 75 89 62 693 74 4 13 13 0 6 6 10 1 1 27 55 93 134 142 10 14 39 25 31 1 13 79 10 1 58 79 183 84 14 9 2 31 5 8 7 4 4 12 7 4 8 16 8 97 12 4 10 36 79 3 2 8 5 2 0 0 1 2 2 0 3 2 0 18 6 19 4 22 24 57 23 115 36 400 323 247 80 29 6 52 15 5 12 2 6 11 51 6 23 11 32 128 407 24 153 10 5 30 8 4 7 243 57 316 1 1 0 0 6 1 3 0 1 2 29 1 5 11 68 5 14 13 1 65 95 16 87 2 17 2 2 13 1 26 101 159 58 6 60 2 0 2 17 5 3 3 3 19 2 59 15 9 56
46 7 2 3 65 42 39 5 3 4 8 38 61 9 2582 7562 913 13264 4874 595 10 43 151 505 3 8 1995 1204 45 57 155 14 80 13 38 68 383 811 8919 34 678 187 418 179 49 5816 39 51 110 13 8 10 11 20 11 13 41 87 18 42 3985 90 117 340 143 171 25 10 855 66 22 84 75 87 94 258 10 1 47 0 81 2 38 14 19 10 1 39 73 24 407 113 22 86 246 326 15 3 6 5 1 10 1 1 6 3 0 0 1 0 8 7 28 64 1038 35 11 91 21 1773 135 3145 27 6 4 4 7 49 3 177 15 4 16 32 13 40 26 27 61 66 842 35 267 4 11 34 234 723 241 2076 25 12 13 1 1 51 2 3 5 9 2 9 0 2 25 16 80 155 15 192 11 19 6 11 26 135 4 5 208 26 29 54 155 3 26 20 20 11 15 5 7 46 10 12 14 1 11 1 1 5
14 1 0 0 25 18 6 2 1 2 6 16 5214 1 94 3508 3432 4874 62274 8659 12 58 63 100 2 33 362 227 12 27 12 5 77 11 11 6 248 5196 251 54 194 40 149 9372 1094 6369 10 24 35 167 1 20 12 16 9 1 2 19 0 1 220 43 58 53 40 877 4 1 98 36 10 102 102 6099 28 58 21 15 53 18 34 72 10 10 12 8 0 65 80 116 732 21 5 20 103 110 10 4 3 1 1 8 1 5 6 4 0 6 0 4 13 14 195 77 1451 258 225 380 281 4467 1203 11568 1026 119 63 20 122 68 25 110 13 7 17 60 16 69 121 251 387 976 453 531 127 4 76 40 236 818 992 2029 618 19 14 0 0 43 3 7 3 15 3 60 1 1 15 251 86 114 24 208 117 145 13 166 23 109 12 11 284 32 46 201 1526 84 52 95 18 11 25 21 16 54 26 11 35 2 87 40 14 103
4 0 0 1 4 1 4 1 0 0 0 2 117 9 882 1104 3113 595 8659 4963 44 58 138 139 3 36 110 29 0 5 6 1 16 3 47 71 839 166 103 144 419 79 177 240 150 290 14 5 32 24 1 6 1 2 3 1 3 13 13 8 44 22 27 18 6 35 0 4 33 25 2 16 13 207 15 17 4 2 10 4 12 12 6 2 4 5 0 19 18 27 65 22 9 31 100 24 4 1 3 1 2 2 0 3 2 2 1 0 0 1 4 9 62 3 44 87 67 31 145 61 497 837 292 70 28 22 96 22 15 25 7 15 11 22 8 23 52 106 112 281 7 368 9 3 32 10 2 14 270 64 512 8 1 1 0 6 1 6 0 1 3 46 0 3 7 146 8 24 15 6 93 136 14 143 4 8 3 5 14 5 17 69 272 86 5 31 0 1 1 29 11 4 4 6 8 0 68 26 7 82
78 149 93 130 89 130 17 21 2 5 10 112 0 2 65 18 83 10 12 44 11150 6090 1918 183 323 202 63 31 26 38 180 42 202 143 1 7 158 348 10 231 1482 25 118 3 2 7 192 10 11 2 5 12 5 16 5 2400 47 274 1 21 14 36 63 58 40 1 17 16 136 14 2 35 45 4 763 6 9 0 12 1 5 0 196 18 4119 147 39 6 7 3 34 21 8 13 106 352 12 6 293 35 2 1 1 1 1 3 0 0 1 1 6 4 0 0 0 0 1 0 1 0 6 5 4 2 0 0 0 0 1 0 0 0 2 23 2 29 0 0 28 16 0 1 2 1 2 0 1 0 5 9 0 0 1 0 0 1 0 1 0 0 1 0 0 0 2 0 0 0 0 2 2 0 1 0 2 3 1 0 2 2 16 33 2 0 2 11 0 2 2 1 2 1 0 1 2 1 2 0 0 1
48 71 33 83 80 146 38 8 2 7 13 126 0 1 107 33 137 43 58 58 6090 39099 6553 1349 10283 3510 523 36 51 39 131 110 486 543 22 22 433 1106 65 3316 1291 185 1415 17 4 33 1023 30 71 7 23 34 57 229 23 221 74 905 9 78 88 185 550 711 94 5 301 55 228 118 8 94 103 7 1743 40 11 0 30 3 31 2 748 570 7068 3331 118 24 46 9 129 87 38 125 975 733 8 13 6246 67 1 0 0 5 0 0 0 1 1 2 5 5 0 1 2 1 5 1 1 8 11 7 5 3 2 1 1 2 0 0 0 0 5 30 6 50 0 0 43 43 1 1 0 3 3 0 3 0 16 16 2 1 2 0 0 6 1 0 2 5 1 2 0 0 6 0 4 3 2 2 4 3 0 1 5 14 1 1 27 5 24 46 10 0 12 23 1 2 3 0 1 12 0 1 4 0 5 0 0 1
2 1 1 0 3 5 3 0 0 0 1 6 0 16 595 324 343 151 63 138 1918 6553 12461 5550 251 4713 1371 138 15 5 18 9 60 201 41 40 698 628 104 1794 6495 1179 1048 9 5 21 592 2 124 1 6 3 2 30 6 14 15 53 9 79 58 49 77 73 11 4 48 35 23 56 5 8 25 2 81 12 0 0 5 0 17 0 19 39 123 68 7 18 38 8 62 117 19 78 255 35 0 2 43 3 0 2 0 0 0 0 0 0 0 0 0 2 0 0 2 1 0 1 1 0 3 5 0 1 0 0 0 0 0 0 0 0 1 3 0 8 0 0 4 9 3 1 0 0 0 0 3 0 2 8 1 1 1 0 0 1 0 0 0 0 0 0 0 0 0 1 1 3 1 1 0 0 0 0 1 2 0 0 6 2 3 7 2 0 6 2 0 1 2 0 1 7 2 0 0 0 0 0 0 0
15 3 3 0 8 6 13 2 0 1 2 10 2 25 252 131 98 505 100 139 183 1349 5550 14359 310 2442 7630 257 95 15 45 0 5 12 633 160 70 46 514 4154 2481 7777 3346 5 18 345 1973 13 275 4 9 11 25 211 20 12 129 24 126 34 758 62 77 376 112 15 323 46 57 79 14 5 2 2 55 31 1 0 3 1 30 0 90 239 164 270 12 34 37 25 379 211 28 144 315 32 0 4 137 37 0 2 0 0 0 0 0 0 0 0 0 0 0 0 6 0 0 1 0 23 0 9 2 1 0 0 0 2 0 2 0 0 0 0 1 2 0 0 3 2 33 1 32 0 0 3 5 2 2 101 1 0 3 0 0 5 1 0 1 1 0 0 0 0 1 0 9 11 3 10 1 2 0 0 6 29 0 1 15 2 0 0 1 0 6 0 0 2 5 1 0 6 0 0 0 0 0 0 0 1
26 18 12 11 5 10 15 6 0 3 2 8 0 0 1 1 8 3 2 3 323 10283 251 310 11866 1478 201 36 330 16 68 11 42 29 3 0 14 115 9 3128 295 29 255 3 2 5 2459 6 5 1 27 53 154 1007 54 100 819 79 2 4 20 28 141 329 92 4 2053 27 69 27 0 11 20 2 356 7 0 0 4 1 16 1 700 1519 2616 5047 3082 9 7 3 34 55 25 15 197 59 1 7 8853 830 0 0 0 0 1 0 0 0 0 0 0 0 0 0 0 0 3 0 0 1 4 1 2 1 0 0 0 0 0 1 0 0 1 3 1 6 0 0 5 10 2 0 3 0 0 0 2 0 1 2 1 0 0 0 0 0 3 0 0 1 0 0 0 0 0 0 3 1 1 0 0 0 0 0 0 1 0 0 4 0 1 7 1 0 2 1 0 1 3 0 0 2 0 0 0 0 0 0 0 0
1 1 0 1 1 0 0 2 0 0 0 0 0 0 24 16 32 8 33 36 202 3510 4713 2442 1478 3912 810 3 11 2 4 1 2 6 42 2 41 32 8 5726 1276 130 251 2 1 2 407 1 19 1 3 8 9 47 4 9 12 4 2 6 18 8 18 37 5 1 89 0 6 15 0 2 1 1 11 2 0 0 0 0 2 0 16 102 57 119 4 1 7 2 16 23 6 14 94 9 1 1 39 2 0 0 0 0 0 0 0 0 0 0 0 0 0 0 0 0 0 0 0 0 3 0 3 0 0 0 0 0 0 0 0 0 0 0 0 0 0 0 0 2 1 0 1 0 0 0 1 0 0 3 0 0 0 0 0 0 0 0 0 0 0 0 0 0 0 0 0 0 0 0 0 0 0 0 0 0 0 0 2 0 0 1 1 0 0 0 0 0 0 0 0 0 0 0 1 0 0 0 0 0
24 3 0 3 18 7 15 1 1 1 0 3 2 907 2310 553 323 1995 362 110 63 523 1371 7630 201 810 21118 10016 256 32 173 1 9 49 6773 989 195 55 1394 6398 728 330 703 3 8 275 2363 6 52 2 5 10 48 296 23 10 462 94 473 203 435 22 49 1894 507 18 546 144 83 26 4 4 2 2 186 8 2 0 1 0 8 0 98 270 130 251 32 9 10 8 91 62 11 44 107 63 0 1 202 141 0 3 0 0 0 0 0 0 0 0 0 0 1 2 13 2 0 5 0 102 3 60 3 0 0 0 0 2 0 3 1 0 0 1 0 2 0 0 1 3 39 2 20 0 0 1 2 5 3 92 3 1 2 0 0 1 0 0 0 1 0 1 0 0 3 1 9 5 1 3 1 1 0 2 1 10 0 0 9 1 0 2 1 0 1 0 0 0 2 0 0 3 0 0 0 0 1 1 0 0
18 19 2 23 41 16 15 5 0 1 5 20 19 922 3447 3211 200 1204 227 29 31 36 138 257 36 3 10016 11708 473 74 1070 7 10 73 698 597 140 39 6847 210 379 84 155 7 40 715 402 8 20 3 7 10 41 265 14 15 1346 265 289 259 378 15 28 1279 1008 52 414 273 720 15 0 1 1 5 670 13 0 0 1 1 15 0 89 143 74 97 76 4 9 10 101 34 7 15 43 143 0 5 98 328 0 9 0 0 3 0 0 0 0 0 3 0 1 19 111 8 2 34 3 917 14 301 11 0 0 0 0 8 0 26 5 6 2 1 5 7 0 1 4 10 439 0 153 3 1 9 13 55 14 921 0 1 4 1 0 1 0 0 0 0 0 3 0 2 5 2 66 56 5 64 2 5 1 0 5 85 0 3 29 2 0 4 13 1 3 0 0 0 0 0 1 5 0 4 0 0 1 1 1 0
5923 486 267 175 1563 412 2664 412 4 103 32 164 0 11 67 82 17 45 12 0 26 51 15 95 330 11 256 473 29676 12554 2769 17 109 52 45 13 18 55 391 117 101 14 91 2 20 31 479 61 13 8 63 165 2244 14752 413 36 2614 90 4 9 48 147 405 225 655 8 5534 248 1911 43 32 109 19 2 1164 75 8 0 10 7 37 8 1186 3135 144 76 1159 8 14 9 99 93 33 17 127 708 10 4047 163 936 0 0 1 3 0 1 0 0 0 2 3 5 0 0 2 1 2 4 0 12 13 13 5 1 1 1 1 1 0 0 0 0 4 8 1 13 2 2 16 10 8 6 20 0 2 3 18 1 9 44 5 2 7 0 0 14 6 1 5 1 0 1 0 0 0 1 11 10 3 4 4 2 1 1 7 30 3 1 36 7 3 9 3 1 22 8 3 3 4 0 2 6 1 2 1 0 2 0 0 0
5848 3424 60 464 13837 2648 1277 278 11 78 143 552 4 4 33 70 20 57 27 5 38 39 5 15 16 2 32 74 12554 19616 8741 139 394 62 2 7 24 127 158 5 288 7 21 15 10 60 15 26 5 4 129 284 672 2130 236 105 2160 21 3 12 56 20 39 22 66 8 473 22 631 24 13 479 38 11 122 87 22 0 62 3 63 4 1167 527 341 101 64 22 8 0 56 224 87 27 18 847 30 392 21 84 0 0 0 2 0 6 1 0 0 4 9 12 0 0 6 1 5 2 2 19 10 19 5 3 1 0 0 1 2 0 0 0 8 18 1 11 2 0 28 43 20 1 18 1 4 1 4 1 16 45 4 0 2 0 0 2 7 2 16 1 0 5 0 0 2 1 5 7 1 4 3 2 0 1 6 17 3 0 23 10 18 18 2 0 4 17 3 0 4 1 3 4 1 0 8 1 4 0 0 0
1401 282 43 548 9365 2426 1094 125 9 34 78 380 1 61 392 379 73 155 12 6 180 131 18 45 68 4 173 1070 2769 8741 18770 70 292 191 72 53 58 149 959 41 569 13 35 13 15 49 156 72 13 6 106 194 424 1393 156 139 9337 95 37 65 89 88 130 86 534 13 752 325 3167 48 29 302 32 11 1406 154 16 0 45 8 98 5 904 771 755 241 563 30 25 5 96 240 81 25 39 7818 22 194 196 6409 0 1 5 0 2 6 1 0 0 3 15 6 1 2 6 3 7 2 4 28 20 28 11 2 0 1 2 1 1 2 3 0 4 10 1 10 2 1 28 40 32 8 14 0 5 2 17 5 11 75 12 1 9 0 0 10 5 0 2 5 1 5 0 0 1 3 11 12 3 3 6 4 2 1 4 51 4 4 34 9 10 20 7 1 21 12 3 2 6 0 4 9 2 1 8 0 5 1 0 2
188 20 2 10 197 3002 50 6 6 7 167 1184 0 0 5 4 2 14 5 1 42 110 9 0 11 1 1 7 17 139 70 1258 1572 2271 0 2 6 169 12 3 34 0 5 7 1 17 42 4 1 2 8 5 17 27 6 4 8 399 14 169 3 3 1 1 1 1 11 155 19 1 1 1096 35 10 2098 3 17 1 51 1 5 1 32 23 30 28 34 1 0 1 10 5 1 0 1 612 36 12 8 0 2 4 3 4 1 11 0 2 1 4 18 18 0 0 0 0 0 1 0 6 3 5 1 3 1 0 1 0 0 0 2 0 13 52 2 51 0 0 55 25 1 1 1 1 14 0 1 0 6 7 0 1 1 0 0 0 6 4 0 4 2 2 0 1 7 1 0 2 0 0 10 0 1 1 0 1 1 1 1 0 38 59 7 0 2 20 1 0 3 0 10 0 0 4 9 1 9 0 0 2
354 31 9 32 760 2068 187 40 60 43 211 4183 3 0 11 22 45 80 77 16 202 486 60 5 42 2 9 10 109 394 292 1572 12390 3549 4 2 42 4368 16 5 220 4 5 22 3 59 77 11 1 8 29 71 131 140 73 28 57 2916 27 166 33 14 9 4 3 2 58 268 41 11 11 6369 2620 69 3872 9 399 4 305 6 57 21 261 129 214 113 45 29 15 10 26 50 18 9 9 5268 461 108 38 5 16 25 30 66 16 121 5 16 18 37 188 198 0 1 2 1 7 5 6 31 19 31 11 47 16 7 9 2 1 2 36 2 182 894 22 941 0 1 590 165 12 18 3 26 119 6 14 4 72 33 10 14 14 5 0 21 14 43 20 32 31 71 1 13 126 3 13 12 2 7 95 29 13 4 12 13 29 13 26 3 621 1105 101 7 16 576 23 10 35 14 122 17 12 39 171 7 103 11 5 27
39 2 1 3 91 14 38 4 0 2 2 19 0 7 50 16 17 13 11 3 143 543 201 12 29 6 49 73 52 62 191 2271 3549 15122 75 95 707 1881 39 25 183 1 3 2 0 2 1644 2 0 1 5 11 23 77 15 4 34 2659 1201 4846 6 2 1 16 18 0 47 3071 38 4 5 154 172 8 7106 2 16 0 17 0 7 6 69 63 118 76 217 2 2 0 4 12 6 1 4 797 5 1 29 15 3 5 2 6 2 3 0 1 1 0 6 3 0 0 1 0 7 3 6 11 48 38 32 21 5 2 9 1 1 0 4 1 16 98 12 153 0 2 216 141 2 11 1 1 19 0 0 0 40 12 20 1 4 1 0 1 2 5 0 4 3 10 0 2 14 2 1 4 2 0 13 9 4 1 0 5 5 1 1 1 31 211 20 3 0 55 1 3 7 9 16 3 1 2 12 2 16 4 2 9
1 0 0 0 3 2 1 1 0 0 0 1 0 1699 2526 71 319 38 11 47 1 22 41 633 3 42 6773 698 45 2 72 0 4 75 6995 3809 288 64 60 5604 39 27 162 0 0 9 1662 1 6 0 1 1 3 29 2 1 83 50 712 326 9 5 7 114 72 0 32 135 40 1 1 1 0 0 108 1 0 0 0 0 3 0 10 22 5 12 12 2 1 1 11 5 0 4 22 18 0 0 11 56 0 0 0 0 0 0 0 0 0 0 0 0 0 0 2 1 2 2 0 3 2 16 3 0 0 0 0 1 0 0 0 0 0 0 0 0 0 1 0 0 0 1 0 0 0 0 0 0 1 3 0 0 0 0 0 0 0 0 0 0 0 0 0 0 0 0 1 0 0 0 0 0 0 2 0 0 0 0 0 0 0 0 0 0 1 0 0 0 0 0 0 1 0 0 0 0 0 0 0 0
4 0 0 0 5 3 1 1 0 0 0 3 0 6540 4820 233 1020 68 6 71 7 22 40 160 0 2 989 597 13 7 53 2 2 95 3809 1474 763 49 118 990 80 9 61 0 0 2 319 1 1 0 0 0 2 5 0 0 20 86 1344 454 5 1 1 79 79 0 8 201 100 0 0 0 0 0 73 2 0 0 0 0 1 0 2 5 2 1 9 0 2 0 5 3 1 3 13 21 0 0 0 9 0 0 0 0 0 0 0 0 0 0 0 0 0 0 0 1 1 1 0 3 3 3 3 0 0 0 0 0 0 0 0 0 0 0 0 0 0 0 0 2 2 0 1 0 0 0 0 0 0 9 2 0 1 0 0 0 0 0 0 0 0 0 0 0 0 2 0 1 0 1 0 0 0 0 0 2 0 0 1 0 1 0 0 0 1 0 0 0 0 0 0 0 0 0 0 0 1 0 0 0
15 3 0 0 17 12 12 0 0 2 0 5 1 67 712 547 1734 383 248 839 158 433 698 70 14 41 195 140 18 24 58 6 42 707 288 763 3893 2099 178 156 830 12 30 1 0 27 815 3 3 1 0 2 0 13 1 1 6 70 485 2630 57 7 12 45 30 3 5 164 118 6 1 30 15 19 92 14 7 0 10 0 6 1 10 10 30 6 4 2 3 1 22 4 2 2 16 120 2 3 12 3 1 1 0 1 2 2 0 1 1 1 8 7 3 3 5 7 30 11 61 15 219 125 137 54 26 4 40 4 2 6 4 3 11 30 3 22 8 4 159 300 11 70 9 2 31 3 7 5 128 24 153 1 2 1 0 6 0 1 0 2 3 18 0 3 6 43 3 13 11 3 43 50 4 33 6 9 0 0 5 1 16 115 45 31 2 35 1 0 0 14 14 1 2 2 10 0 48 15 2 31
77 4 7 10 143 83 46 7 0 8 8 100 185 5 47 111 1602 811 5196 166 348 1106 628 46 115 32 55 39 55 127 149 169 4368 1881 64 49 2099 28014 98 106 632 17 76 2512 156 1748 752 16 5 40 8 38 42 70 23 17 27 539 434 728 258 25 37 32 27 121 38 597 103 13 5 1660 8522 906 947 79 204 29 613 9 38 29 95 69 186 112 32 39 36 23 302 22 14 20 47 863 35 9 52 2 14 29 9 29 22 21 4 19 6 9 88 70 4 5 23 19 193 54 183 113 980 430 342 266 155 18 143 11 6 19 31 8 91 604 98 943 10 27 3002 2733 63 176 38 22 207 8 34 21 1058 212 271 7 16 3 0 24 16 28 6 15 35 79 0 20 67 39 31 37 14 22 167 101 22 42 19 42 18 5 51 15 331 2430 786 49 26 691 6 7 13 45 111 13 9 41 136 14 289 58 12 143
72 17 5 17 96 48 63 10 4 2 8 52 92 10 645 2935 100 8919 251 103 10 65 104 514 9 8 1394 6847 391 158 959 12 16 39 60 118 178 98 14538 38 728 231 614 34 551 1409 90 121 113 21 16 20 49 227 35 16 850 184 58 120 6997 146 252 1858 5172 245 243 86 6594 91 50 13 9 10 357 1116 12 1 6 1 167 10 82 112 68 55 26 83 107 28 1361 165 33 117 396 334 7 11 39 194 1 49 0 0 13 5 0 0 0 1 6 4 1 42 518 13 8 54 17 1248 54 557 8 4 2 4 3 95 0 162 53 32 19 19 31 37 1 7 27 62 1487 7 1235 7 17 39 318 128 61 3481 11 19 31 0 0 29 1 2 5 15 0 19 0 9 56 12 642 655 72 225 20 64 24 13 70 838 15 13 297 49 9 24 22 17 88 6 8 14 23 7 2 38 25 26 4 6 15 3 6 8
6 4 3 1 3 2 7 2 0 1 0 0 0 335 1033 66 269 34 54 144 231 3316 1794 4154 3128 5726 6398 210 117 5 41 3 5 25 5604 990 156 106 38 12957 1047 243 845 9 0 11 5030 4 45 0 4 12 38 282 10 14 147 29 295 145 21 20 64 337 96 1 443 61 53 20 4 4 7 2 96 4 1 0 2 0 12 0 108 376 159 357 19 1 9 2 41 33 11 43 162 17 0 0 140 53 0 1 0 0 0 0 0 0 0 0 0 0 0 0 0 0 1 0 0 2 5 15 2 0 0 0 0 2 0 0 0 0 1 0 1 1 0 0 2 16 3 1 1 0 1 1 2 0 3 4 2 0 4 0 0 2 0 0 0 0 0 1 0 0 0 0 0 1 0 0 1 0 0 1 0 2 0 0 3 1 2 1 3 0 2 0 1 0 0 0 0 1 0 0 0 0 0 1 0 0
559 683 403 317 271 285 90 148 6 62 49 288 4 41 1669 911 776 678 194 419 1482 1291 6495 2481 295 1276 728 379 101 288 569 34 220 183 39 80 830 632 728 1047 7687 3721 1496 22 88 392 444 161 1475 54 419 324 24 80 830 977 229 303 24 78 951 407 248 107 97 63 57 49 431 479 140 113 51 10 948 296 26 1 26 18 576 39 715 75 657 112 98 417 452 124 1447 2791 549 993 827 546 37 17 142 68 1 3 2 8 1 17 0 1 2 7 22 21 0 0 12 0 2 0 1 34 9 22 2 4 5 0 2 8 0 6 7 1 15 52 3 59 1 1 35 22 39 2 38 5 9 11 66 8 14 160 4 17 48 1 1 56 5 4 12 45 1 7 0 1 8 2 41 35 17 27 7 10 2 1 40 102 16 27 161 47 36 61 16 1 114 31 29 12 68 1 7 68 13 2 12 0 8 0 1 5
8 0 0 0 2 3 1 0 0 2 0 3 1 1 91 196 31 187 40 79 25 185 1179 7777 29 130 330 84 14 7 13 0 4 1 27 9 12 17 231 243 3721 4650 6718 12 28 145 145 55 1394 16 9 9 2 28 22 9 17 5 4 3 438 107 69 26 34 61 33 5 96 135 24 0 2 0 9 135 1 0 1 1 64 0 13 17 29 22 1 73 134 40 904 333 64 293 531 9 3 2 11 2 0 2 0 0 0 0 0 0 0 0 0 0 0 0 8 0 0 0 0 10 0 5 0 0 0 1 0 3 1 3 1 2 0 0 1 1 0 0 0 2 12 1 22 0 1 5 38 3 2 57 1 2 14 1 0 19 0 0 4 9 0 0 0 0 2 0 19 21 12 7 2 4 0 0 13 48 4 6 75 18 0 2 0 2 30 3 3 6 4 1 0 26 7 0 0 0 2 0 1 2
10 4 3 3 14 16 8 0 0 0 0 8 7 12 129 172 75 418 149 177 118 1415 1048 3346 255 251 703 155 91 21 35 5 5 3 162 61 30 76 614 845 1496 6718 5160 21 145 605 801 115 1401 48 22 22 29 215 20 31 119 11 38 16 1614 256 752 1154 418 113 275 24 419 250 55 9 7 0 29 497 6 0 8 5 121 8 145 318 302 379 7 129 274 135 3473 365 117 594 5148 37 5 1 149 27 0 1 0 0 0 0 0 0 0 0 0 0 0 2 20 1 3 2 0 24 3 7 2 0 1 0 1 12 0 6 2 4 0 2 2 4 0 0 2 11 47 1 76 3 0 28 122 6 10 226 3 24 40 1 2 81 0 0 3 18 1 2 0 2 1 1 92 74 37 43 3 15 4 0 55 171 9 24 291 88 0 3 4 1 163 5 13 9 23 3 0 73 14 2 3 0 2 2 3 3
16 1 0 4 18 33 7 4 10 7 14 23 3825 0 3 0 89 179 9372 240 3 17 9 5 3 2 3 7 2 15 13 7 22 2 0 0 1 2512 34 9 22 12 21 11269 4312 2455 2 23 8 1114 13 248 0 8 2 1 5 1 2 0 87 38 39 16 17 902 2 0 63 21 8 246 4759 3900 3 47 2431 3445 4324 190 141 596 6 6 6 4 0 273 137 397 888 16 3 9 49 37 87 14 1 0 0 2 0 7 2 4 0 5 0 3 25 11 6 3 96 18 109 52 91 296 443 919 326 57 32 10 45 8 3 11 6 3 25 54 7 64 9 15 513 794 66 83 37 5 51 13 40 33 446 310 130 11 26 2 1 16 6 4 9 18 2 24 1 5 9 25 35 33 12 37 52 34 2 31 24 80 13 14 154 38 53 396 721 17 68 175 11 7 26 20 9 57 10 6 42 2 62 14 5 34
12 2 1 3 7 12 10 7 69 13 5 14 2224 0 4 8 62 49 1094 150 2 4 5 18 2 1 8 40 20 10 15 1 3 0 0 0 0 156 551 0 88 28 145 4312 16518 2210 5 125 47 6413 8 155 9 10 10 1 15 3 0 4 255 212 130 128 301 4467 3 1 1071 92 59 43 108 155 1 204 1306 862 515 126 332 513 7 4 2 4 1 606 419 1732 2077 42 12 55 203 12 478 142 3 1 0 8 1 4 4 8 0 4 0 2 7 3 0 4 57 3 1 4 1 63 12 18 2 0 0 2 2 39 0 12 10 10 5 13 2 17 1 2 14 4 116 7 148 7 0 46 270 8 23 876 5 52 173 1 2 149 12 1 18 71 1 7 0 0 11 3 233 186 66 195 20 39 11 1 202 630 30 74 1151 333 14 13 10 4 474 35 42 64 140 3 1 434 57 8 14 1 2 3 2 6
44 8 2 6 57 112 35 13 6 9 52 100 3183 1 11 51 693 5816 6369 290 7 33 21 345 5 2 275 715 31 60 49 17 59 2 9 2 27 1748 1409 11 392 145 605 2455 2210 4775 20 55 100 256 6 7 11 22 17 7 25 17 2 1 1967 136 154 851 625 3557 18 1 514 70 20 164 156 165 20 100 53 5 100 3 81 22 28 17 20 10 0 119 112 221 2128 156 38 116 454 119 67 17 4 3 3 51 1 5 15 3 1 0 1 3 14 21 5 46 981 21 16 59 21 1299 78 645 28 6 4 7 2 128 3 228 51 30 27 32 26 52 3 10 51 84 1361 13 958 7 9 47 492 290 65 4964 11 23 40 3 2 76 3 2 1 12 0 19 0 21 45 9 554 662 83 532 27 41 18 9 69 757 22 20 393 89 23 34 57 16 129 26 20 25 51 11 2 87 29 30 14 0 13 3 7 5
5 2 6 2 12 0 5 0 0 1 0 2 0 16 55 16 74 39 10 14 192 1023 592 1973 2459 407 2363 402 479 15 156 42 77 1644 1662 319 815 752 90 5030 444 145 801 2 5 20 4266 5 37 6 6 13 83 687 22 12 966 768 1160 1713 42 31 163 928 428 4 1307 2910 242 28 4 5 7 0 897 6 0 0 4 0 5 0 156 547 247 614 1629 2 17 4 61 30 13 51 286 47 0 5 690 222 0 1 0 0 0 0 0 0 0 0 0 0 0 1 0 0 1 1 2 5 6 18 14 1 0 0 2 1 0 0 0 0 1 3 0 1 0 0 3 14 3 1 3 0 0 1 1 0 1 5 1 1 2 0 0 0 0 0 0 0 0 0 0 0 0 0 2 4 0 0 2 0 0 0 2 13 0 0 0 1 0 6 0 0 4 1 2 0 3 1 0 3 0 0 2 0 1 0 0 0
27 6 4 4 12 20 9 5 0 3 4 19 5 0 10 11 4 51 24 5 10 30 2 13 6 1 6 8 61 26 72 4 11 2 1 1 3 16 121 4 161 55 115 23 125 55 5 10411 111 358 20 69 5 32 6 5 78 3 2 5 215 7229 583 43 55 36 41 2 6696 515 3120 7 9 2 12 11104 7 1 6 5 2865 122 19 28 17 17 1 3577 6444 345 1671 136 68 228 608 30 9 3 4 4 1 2 0 0 1 2 0 1 0 1 4 4 0 2 5 0 0 1 2 22 2 9 2 0 0 4 7 10 1 3 2 9 3 1 0 11 1 1 3 2 16 5 14 15 2 86 65 2 6 107 10 177 769 5 13 441 23 5 45 144 2 4 0 0 1 4 54 148 164 26 9 20 2 3 470 161 66 147 842 236 4 5 7 4 725 16 269 207 613 0 2 1053 188 5 10 0 1 2 1 2
9 11 5 5 5 7 4 3 0 1 2 4 2 2 29 42 13 110 35 32 11 71 124 275 5 19 52 20 13 5 13 1 1 0 6 1 3 5 113 45 1475 1394 1401 8 47 100 37 111 5562 43 60 20 2 13 3 5 9 6 1 1 283 231 94 18 18 28 10 2 97 426 42 0 0 2 7 181 2 0 0 3 131 4 13 13 18 13 0 172 323 112 714 3115 351 5306 4593 8 2 0 5 1 0 0 0 0 0 1 0 0 0 0 0 1 0 1 2 0 0 0 0 4 2 2 0 0 0 1 0 4 0 0 0 0 1 0 0 1 0 0 1 1 7 0 9 0 0 7 19 2 3 42 1 9 27 0 0 32 0 2 3 10 0 0 0 0 1 0 9 15 13 5 2 4 0 0 40 39 4 5 103 34 0 2 0 1 75 1 4 5 20 1 0 75 11 1 1 0 0 0 0 0
14 5 5 1 4 5 8 10 107 18 5 12 89 0 1 4 13 13 167 24 2 7 1 4 1 1 2 3 8 4 6 2 8 1 0 0 1 40 21 0 54 16 48 1114 6413 256 6 358 43 9862 64 1156 23 2 16 2 3 2 0 0 43 397 128 6 14 1701 2 0 176 158 90 34 47 630 2 488 1751 351 291 913 1056 3562 21 3 1 3 0 3114 1563 3863 1703 56 27 64 201 7 949 233 0 0 1 5 0 2 1 8 0 2 0 8 21 17 0 1 3 1 0 2 0 14 3 8 1 1 0 2 2 7 0 1 1 5 5 12 0 15 1 1 13 6 17 4 11 9 6 35 47 2 12 110 2 97 428 1 2 269 47 2 88 201 1 6 0 0 3 0 24 64 79 29 11 3 1 3 221 94 60 156 706 226 20 12 12 2 433 33 238 213 474 0 2 756 87 2 40 2 0 0 0 1
237 148 131 46 67 56 69 96 6 34 8 45 0 0 6 3 0 8 1 1 5 23 6 9 27 3 5 7 63 129 106 8 29 5 1 0 0 8 16 4 419 9 22 13 8 6 6 20 60 64 13777 11580 23 16 266 96 25 18 0 0 22 21 18 9 15 31 11 2 54 102 5 21 3 26 65 17 35 6 8 390 329 281 589 47 34 58 12 91 25 27 45 6049 4089 68 45 63 40 17 11 15 0 0 0 2 0 1 0 1 0 1 6 5 0 0 1 0 1 0 0 0 0 1 0 1 0 1 0 0 0 0 1 0 8 11 0 19 0 0 8 2 0 1 1 0 0 1 3 0 1 2 1 1 2 0 0 4 156 35 292 72 0 0 0 0 1 0 0 0 1 2 1 0 0 0 4 3 18 4 8 0 12 14 3 0 1 11 21 7 36 0 1 9 3 1 5 0 0 0 0 2
469 269 246 93 138 101 181 230 48 96 22 125 12 0 3 5 6 10 20 6 12 34 3 11 53 8 10 10 165 284 194 5 71 11 1 0 2 38 20 12 324 9 22 248 155 7 13 69 20 1156 11580 22242 52 55 696 112 71 47 1 2 24 64 33 14 31 460 17 5 113 84 85 73 21 419 113 50 590 80 71 11194 4925 2033 1244 77 59 61 19 1037 202 112 85 2482 1940 53 41 140 485 121 21 13 2 2 1 1 1 4 1 4 5 7 13 16 0 2 1 1 1 0 0 6 3 0 1 1 1 3 0 1 1 0 0 0 9 23 0 35 0 0 21 4 4 2 0 9 7 17 7 0 6 9 0 53 105 4 2 165 2613 1354 6796 2253 16 6 0 1 3 0 2 12 8 49 7 1 1 0 20 7 625 318 79 16 16 42 33 1 28 33 717 139 1409 0 52 162 53 0 26 2 0 0 0 0
768 269 244 88 264 171 943 549 110 306 49 169 1 1 11 15 6 11 12 1 5 57 2 25 154 9 48 41 2244 672 424 17 131 23 3 2 0 42 49 38 24 2 29 0 9 11 83 5 2 23 23 52 11652 7131 9250 9 202 79 1 3 9 18 84 62 64 5 202 33 212 6 3 124 21 10 304 15 121 6 45 9 10 19 2222 494 143 230 149 7 5 12 24 18 7 5 33 218 374 3318 87 84 0 1 4 5 0 11 1 1 1 3 16 18 0 0 0 0 0 0 1 3 1 5 3 5 0 0 0 0 1 0 1 0 7 51 2 67 1 0 47 21 2 1 0 1 5 1 1 1 3 2 0 0 0 0 0 1 2 3 1 1 0 0 0 0 7 0 1 1 0 1 4 0 0 0 0 4 1 0 0 0 37 64 7 0 1 25 2 1 3 0 1 0 1 0 6 4 8 0 0 2
1840 830 558 262 695 310 2128 1121 48 380 31 216 0 5 25 41 10 20 16 2 16 229 30 211 1007 47 296 265 14752 2130 1393 27 140 77 29 5 13 70 227 282 80 28 215 8 10 22 687 32 13 2 16 55 7131 13411 945 24 1284 212 4 12 48 124 474 349 462 5 4273 170 993 51 11 108 23 7 1288 43 20 1 12 2 13 3 869 5764 113 585 1028 9 23 7 73 40 18 29 232 614 45 3943 474 570 2 1 0 3 0 13 0 1 2 4 7 9 0 0 2 0 2 2 0 4 7 11 5 1 1 0 0 0 0 2 1 0 10 39 1 56 0 0 27 17 6 1 10 2 9 0 15 0 7 25 3 0 2 0 0 8 2 0 0 1 0 2 0 0 2 0 13 4 2 6 2 0 2 0 1 18 0 0 18 2 21 49 6 1 7 17 0 0 2 1 1 4 1 2 9 3 4 2 0 0
389 179 128 71 114 81 259 216 49 107 21 74 0 1 8 9 1 11 9 3 5 23 6 20 54 4 23 14 413 236 156 6 73 15 2 0 1 23 35 10 830 22 20 2 10 17 22 6 3 16 266 696 9250 945 16715 683 52 27 0 2 42 6 19 18 5 11 46 3 73 20 5 76 10 10 133 11 54 6 17 44 45 13 5195 64 50 70 22 12 9 11 32 541 122 15 19 89 137 739 23 22 1 2 0 3 1 11 0 2 2 0 9 11 0 0 1 0 0 0 0 3 1 3 1 2 2 0 0 1 0 0 1 1 7 31 0 37 1 0 30 17 0 0 0 2 3 0 0 0 8 8 1 0 0 0 0 1 15 4 34 6 2 3 0 0 6 1 1 2 0 0 1 3 1 0 3 2 1 2 6 2 16 38 4 0 0 16 5 0 3 1 0 1 0 2 8 0 0 3 0 3
233 171 126 76 63 52 48 71 0 27 14 60 0 0 9 8 1 13 1 1 2400 221 14 12 100 9 10 15 36 105 139 4 28 4 1 0 1 17 16 14 977 9 31 1 1 7 12 5 5 2 96 112 9 24 683 2314 40 25 0 0 18 8 23 20 20 3 20 9 60 13 2 19 6 1 108 7 4 0 5 1 16 1 3140 53 1265 81 27 3 7 3 16 241 46 11 21 101 8 2 70 15 0 0 1 1 0 1 0 0 2 0 7 3 0 0 1 0 0 1 0 0 2 3 1 0 0 0 0 0 0 0 1 0 1 12 0 12 0 1 4 1 3 0 0 0 0 1 1 0 2 1 0 0 0 0 0 1 3 0 5 1 1 0 0 0 1 1 1 0 0 2 1 1 0 0 2 5 2 1 4 0 11 13 1 0 1 8 1 1 0 0 1 1 0 0 8 2 2 1 0 0
67 64 24 45 624 64 55 17 2 4 13 57 1 42 171 132 27 41 2 3 47 74 15 129 819 12 462 1346 2614 2160 9337 8 57 34 83 20 6 27 850 147 229 17 119 5 15 25 966 78 9 3 25 71 202 1284 52 40 15654 85 2 16 43 143 390 414 1162 6 7613 552 3039 36 26 45 5 2 2094 71 1 0 6 1 61 3 327 1230 233 709 2867 11 13 7 98 73 28 19 121 1453 13 35 2621 7290 2 0 0 3 3 2 0 0 0 1 12 10 0 0 0 2 5 3 1 16 7 11 14 4 0 0 3 1 1 1 0 1 3 9 0 9 2 1 10 18 9 9 12 1 0 5 16 3 5 49 8 2 8 0 0 12 2 1 1 2 0 3 0 0 0 3 10 8 7 5 1 2 1 2 10 25 0 4 57 13 15 14 6 5 31 5 6 4 5 1 2 20 5 0 4 0 3 0 1 1
16 8 5 7 25 27 22 10 4 4 2 534 0 22 208 113 55 87 19 13 274 905 53 24 79 4 94 265 90 21 95 399 2916 2659 50 86 70 539 184 29 303 5 11 1 3 17 768 3 6 2 18 47 79 212 27 25 85 5132 922 3609 28 4 12 10 58 3 174 7050 257 9 2 283 107 8 13174 23 20 0 66 2 22 5 230 248 369 272 1485 11 5 3 15 36 22 8 7 2014 20 3 105 23 3 4 0 7 3 13 1 3 0 2 15 24 0 1 5 1 2 4 2 13 15 26 17 4 5 0 3 1 0 1 7 1 20 119 4 142 1 1 65 35 8 4 2 5 19 4 5 2 6 23 2 2 3 0 0 2 7 5 2 2 1 11 0 1 17 1 3 2 3 4 24 7 1 1 2 7 9 3 6 4 84 144 6 1 5 47 3 2 6 4 15 3 1 9 10 0 19 3 0 6
3 1 1 0 1 1 2 0 0 0 0 0 0 120 283 39 93 18 0 13 1 9 9 126 2 2 473 289 4 3 37 14 27 1201 712 1344 485 434 58 295 24 4 38 2 0 2 1160 2 1 0 0 1 1 4 0 0 2 922 5531 2742 3 2 16 60 86 0 2 6055 115 2 0 2 0 4 538 5 0 0 1 0 1 0 1 1 2 1 12 1 1 0 7 0 0 0 10 23 0 0 1 13 0 0 0 0 1 0 0 0 0 0 0 0 4 0 1 6 28 23 25 7 44 139 114 5 1 3 5 1 0 0 0 0 0 2 0 3 1 9 8 59 2 11 0 1 7 0 1 1 12 7 11 1 0 0 0 0 0 1 0 0 0 1 0 1 0 4 2 0 0 1 2 4 0 5 1 4 0 1 2 0 3 6 5 2 1 1 0 0 0 0 0 0 0 0 0 0 0 0 0 1
5 0 0 0 6 2 3 0 0 3 1 2 0 157 427 153 134 42 1 8 21 78 79 34 4 6 203 259 9 12 65 169 166 4846 326 454 2630 728 120 145 78 3 16 0 4 1 1713 5 1 0 0 2 3 12 2 0 16 3609 2742 1844 10 5 3 30 54 0 3 4768 139 1 0 3 1 1 5453 3 1 0 0 0 5 0 6 7 10 7 338 1 0 0 7 5 0 0 3 78 0 2 4 10 0 0 0 1 0 0 0 0 0 0 0 0 3 0 2 7 18 10 14 5 32 55 53 5 3 1 2 1 0 1 0 2 2 2 2 1 0 1 18 47 1 13 0 0 0 1 0 0 13 5 21 0 0 0 0 0 0 0 0 0 0 4 0 0 0 9 0 0 0 0 8 7 1 8 0 3 0 0 3 0 2 4 6 5 0 2 0 0 0 1 3 2 1 0 1 0 7 0 0 4
40 5 6 4 40 37 37 6 1 6 13 37 22 0 70 137 142 3985 220 44 14 88 58 758 20 18 435 378 48 56 89 3 33 6 9 5 57 258 6997 21 951 438 1614 87 255 1967 42 215 283 43 22 24 9 48 42 18 43 28 3 10 23323 390 634 1097 371 287 36 4 6166 273 72 44 24 14 41 8623 12 0 24 2 201 9 31 41 37 34 3 155 304 93 5842 349 78 335 1353 121 13 4 14 6 0 27 0 0 12 3 0 1 0 0 8 4 2 27 399 16 14 20 10 351 46 209 8 3 2 3 5 83 1 128 38 17 14 14 12 24 3 12 23 31 586 11 573 14 11 53 501 91 53 1929 7 18 50 2 2 98 5 4 3 29 3 20 0 4 37 8 415 471 70 183 28 55 17 9 115 754 19 36 465 98 9 24 11 15 197 17 11 15 34 10 2 109 28 23 2 0 13 2 15 7
26 7 11 3 12 23 8 2 1 3 7 18 7 0 25 47 10 90 43 22 36 185 49 62 28 8 22 15 147 20 88 3 14 2 5 1 7 25 146 20 407 107 256 38 212 136 31 7229 231 397 21 64 18 124 6 8 143 4 2 5 390 22260 11871 325 283 54 148 4 2476 8691 2138 16 4 2 15 1899 10 1 6 7 1406 149 53 106 68 88 3 560 1440 464 1965 277 154 1270 3586 26 17 4 32 5 0 1 1 0 2 5 0 1 0 2 2 1 0 0 3 0 1 3 0 25 4 7 1 0 1 10 3 17 2 5 2 7 2 9 1 17 1 3 5 1 28 4 19 16 4 76 55 3 12 105 11 195 895 3 11 390 27 0 56 150 0 3 0 0 4 2 70 140 202 23 10 25 2 2 469 199 71 216 820 286 4 6 10 4 739 8 310 237 659 3 1 1095 217 2 6 2 2 1 5 2
12 7 5 2 15 12 10 3 1 2 4 11 5 1 20 42 14 117 58 27 63 550 77 77 141 18 49 28 405 39 130 1 9 1 7 1 12 37 252 64 248 69 752 39 130 154 163 583 94 128 18 33 84 474 19 23 390 12 16 3 634 11871 32562 7096 5942 59 572 7 4803 1924 342 5 3 3 25 1080 2 0 6 2 335 12 171 420 288 327 13 214 901 299 2927 120 109 601 3453 35 8 0 176 37 0 1 0 1 0 0 0 1 0 0 0 0 0 0 6 0 1 4 2 18 0 2 0 0 0 1 2 9 0 2 3 4 1 0 1 4 0 0 1 1 24 4 24 2 3 37 78 3 5 109 3 36 104 1 1 124 3 0 3 25 0 3 0 1 5 0 49 60 73 24 5 12 4 1 170 196 26 39 567 211 2 2 3 2 359 7 21 33 61 3 0 333 45 1 1 1 0 0 2 0
16 3 3 1 7 9 8 1 0 2 4 5 22 14 117 24 39 340 53 18 58 711 73 376 329 37 1894 1279 225 22 86 1 4 16 114 79 45 32 1858 337 107 26 1154 16 128 851 928 43 18 6 9 14 62 349 18 20 414 10 60 30 1097 325 7096 4061 4629 78 639 22 1383 92 13 1 3 4 82 57 2 0 1 1 34 4 169 417 308 502 19 15 52 15 890 31 20 84 2612 26 1 3 292 92 0 3 0 0 2 0 0 1 0 0 0 0 0 2 54 0 0 5 0 82 4 20 2 0 1 0 1 14 0 18 4 6 4 1 2 1 0 2 6 6 148 0 166 2 0 7 58 4 5 444 6 3 8 0 0 13 1 0 2 1 0 1 0 1 5 1 118 119 8 38 5 16 4 0 21 145 3 6 78 17 3 3 0 3 29 1 1 2 8 0 0 19 5 5 0 0 3 1 0 2
13 15 5 8 23 20 9 0 0 2 1 8 29 16 73 8 25 143 40 6 40 94 11 112 92 5 507 1008 655 66 534 1 3 18 72 79 30 27 5172 96 97 34 418 17 301 625 428 55 18 14 15 31 64 462 5 20 1162 58 86 54 371 283 5942 4629 3929 94 653 53 7072 71 18 1 0 2 199 52 3 0 0 0 43 3 138 273 173 203 34 33 56 21 739 40 18 48 468 35 1 2 208 182 1 11 0 0 3 1 0 0 0 0 1 1 0 4 73 2 1 9 0 90 12 20 1 1 0 2 0 61 1 22 11 13 2 0 1 7 0 3 4 18 231 5 398 7 4 19 192 2 10 878 3 12 25 1 2 29 6 2 2 14 0 5 0 3 14 4 246 254 29 76 19 28 5 6 54 426 10 11 201 42 2 2 2 8 102 1 8 4 18 4 0 44 18 17 2 0 3 0 4 6
6 0 3 1 6 17 2 5 41 13 4 9 983 0 0 11 31 171 877 35 1 5 4 15 4 1 18 52 8 8 13 1 2 0 0 0 3 121 245 1 63 61 113 902 4467 3557 4 36 28 1701 31 460 5 5 11 3 6 3 0 0 287 54 59 78 94 1605 6 1 331 19 10 30 33 675 2 94 1073 602 210 314 217 641 8 5 2 3 0 206 105 555 3959 30 6 22 100 14 270 71 1 0 0 6 1 1 0 1 0 0 0 5 5 3 0 5 181 4 1 4 1 150 9 109 1 0 0 2 1 25 0 20 3 4 5 4 1 8 0 0 8 14 97 1 72 4 2 15 181 100 28 839 0 10 33 1 0 42 14 4 17 33 0 2 0 1 0 2 62 74 20 280 8 9 3 3 43 137 10 22 297 71 11 14 24 3 83 8 13 15 32 1 1 73 13 3 6 1 1 1 2 3
100 208 68 92 152 76 40 22 1 7 3 46 0 2 23 35 1 25 4 0 17 301 48 323 2053 89 546 414 5534 473 752 11 58 47 32 8 5 38 243 443 57 33 275 2 3 18 1307 41 10 2 11 17 202 4273 46 20 7613 174 2 3 36 148 572 639 653 6 6650 281 1065 52 7 19 8 0 1255 30 1 0 6 2 26 1 484 8436 193 1758 2030 10 22 2 113 29 12 34 310 379 3 21 1079 1451 0 0 0 0 0 0 0 0 0 0 3 0 0 0 3 1 0 0 0 6 1 0 1 1 0 0 0 4 0 0 0 0 0 2 0 5 1 1 0 4 2 3 7 0 0 3 6 0 2 36 1 4 1 0 0 4 0 0 1 0 0 0 0 0 0 1 7 11 0 1 0 1 0 0 3 30 0 2 15 5 3 3 1 0 14 1 0 1 2 0 1 11 1 0 0 0 1 0 0 0
12 1 1 2 14 2 11 2 0 0 0 5 0 33 145 33 13 10 1 4 16 55 35 46 27 0 144 273 248 22 325 155 268 3071 135 201 164 597 86 61 49 5 24 0 1 1 2910 2 2 0 2 5 33 170 3 9 552 7050 6055 4768 4 4 7 22 53 1 281 10210 120 0 1 6 7 2 6119 3 0 0 2 0 2 0 38 96 41 68 1387 0 0 0 6 7 3 1 4 200 0 1 103 355 0 0 0 0 0 0 0 1 0 0 2 0 0 0 0 5 24 26 23 10 36 110 106 1 1 2 6 2 1 1 0 0 1 2 0 3 1 6 11 40 4 5 1 0 1 0 0 0 10 3 6 0 0 0 0 0 0 0 0 0 0 3 0 0 0 8 0 1 1 0 2 2 0 2 0 1 0 0 1 1 1 4 10 1 2 1 0 0 0 1 1 0 0 0 2 1 2 2 0 0
358 89 28 88 275 319 325 36 3 16 56 335 26 16 483 379 79 855 98 33 136 228 23 57 69 6 83 720 1911 631 3167 19 41 38 40 100 118 103 6594 53 431 96 419 63 1071 514 242 6696 97 176 54 113 212 993 73 60 3039 257 115 139 6166 2476 4803 1383 7072 331 1065 120 26745 481 705 55 12 8 568 11786 27 0 16 18 991 56 465 543 502 312 69 422 613 243 4695 165 90 152 805 825 32 40 214 292 1 18 1 2 11 4 1 1 0 2 4 4 1 10 181 7 8 9 6 169 26 37 6 3 5 16 8 144 2 56 39 56 5 9 11 30 1 4 22 17 329 23 800 21 5 175 1076 28 62 2204 25 134 336 10 7 527 34 17 25 168 1 28 0 3 40 20 814 847 282 286 68 142 49 16 501 2123 98 218 2231 703 6 14 11 40 1193 26 80 109 224 22 3 642 187 42 16 2 16 8 19 17
35 35 35 18 10 20 12 17 0 5 2 14 3 0 23 28 10 66 36 25 14 118 56 79 27 15 26 15 43 24 48 1 11 4 1 0 6 13 91 20 479 135 250 21 92 70 28 515 426 158 102 84 6 51 20 13 36 9 2 1 273 8691 1924 92 71 19 52 0 481 7791 746 11 9 1 14 388 8 0 7 10 832 103 43 47 24 34 3 370 633 216 969 439 1905 3446 1891 21 6 3 12 2 0 0 0 1 1 2 0 0 0 0 0 3 0 0 1 1 2 1 0 13 1 3 1 0 2 5 5 8 1 4 0 3 3 6 1 7 1 0 4 1 14 7 3 3 2 26 17 2 3 59 4 112 381 2 3 141 26 3 31 150 1 0 0 0 2 2 26 41 62 6 3 5 0 1 161 66 56 161 263 94 1 7 3 1 234 1 195 83 440 0 0 401 105 1 0 0 1 0 0 3
15 11 8 2 9 8 4 4 0 2 0 13 1 0 2 8 1 22 10 2 2 8 5 14 0 0 4 0 32 13 29 1 11 5 1 0 1 5 50 4 140 24 55 8 59 20 4 3120 42 90 5 85 3 11 5 2 26 2 0 0 72 2138 342 13 18 10 7 1 705 746 5100 8 2 1 9 878 4 1 1 16 7190 139 8 7 3 4 1 829 214 68 344 49 121 90 161 15 3 4 4 1 0 1 1 0 1 2 0 0 0 1 4 3 1 2 2 0 0 1 0 8 0 2 0 0 0 4 3 5 0 0 1 1 2 8 0 9 0 1 0 4 6 4 4 3 2 34 16 0 3 25 2 170 495 0 2 123 29 7 51 261 2 0 0 0 1 1 18 42 68 9 1 8 2 0 129 56 119 250 202 60 1 2 2 0 160 5 256 89 769 0 2 353 104 2 6 1 3 0 1 0
553 78 25 55 764 3058 279 99 469 408 2872 3766 11 0 2 12 58 84 102 16 35 94 8 5 11 2 4 1 109 479 302 1096 6369 154 1 0 30 1660 13 4 113 0 9 246 43 164 5 7 0 34 21 73 124 108 76 19 45 283 2 3 44 16 5 1 1 30 19 6 55 11 8 10655 2678 327 216 17 5596 79 6618 14 50 31 201 66 89 23 2 29 13 15 48 56 20 7 13 1792 8301 730 14 7 38 33 81 231 47 462 14 44 58 156 724 735 1 1 3 1 9 12 15 63 44 44 21 55 28 7 12 4 1 2 60 3 374 1290 23 1017 1 1 557 229 15 14 5 27 146 4 13 14 125 65 17 9 22 5 1 31 24 45 13 21 48 90 2 36 113 3 23 10 8 10 187 36 12 8 9 15 39 19 38 12 1117 1190 168 6 15 1066 27 14 46 23 184 17 12 72 509 34 124 15 2 20
43 3 2 3 67 77 22 2 13 11 10 92 21 0 3 11 79 75 102 13 45 103 25 2 20 1 2 1 19 38 32 35 2620 172 0 0 15 8522 9 7 51 2 7 4759 108 156 7 9 0 47 3 21 21 23 10 6 5 107 0 1 24 4 3 3 0 33 8 7 12 9 2 2678 11947 1364 141 16 678 167 5533 6 25 32 38 21 43 19 5 18 11 13 35 13 6 2 6 330 76 26 11 2 14 23 6 18 17 25 3 11 3 13 48 49 0 5 5 1 48 10 23 37 205 53 39 95 30 9 33 1 1 1 24 3 92 517 68 1093 1 5 1883 988 13 20 8 23 129 3 21 5 342 31 35 5 12 1 0 12 16 16 3 17 22 53 0 8 71 5 7 4 5 7 84 16 12 3 5 7 19 5 18 4 325 2216 628 5 3 700 7 6 18 9 88 2 2 21 87 7 117 16 3 34
