27143 5781 10231 7513 3050 6177 6631 15218 168 790 79 3235 0 2 2 1 0 2 0 0 319 24 4 2 8 0 7 5 4440 8742 258 52 55 14 2 0 3 27 1 3 1379 5 20 1 2 2 4 15 37 6 58 145 1566 650 636 271 52 6 0 0 11 11 28 10 29 3 304 7 26 33 38 38 22 26 26 5 25 2 16 16 127 6 1660 685 1141 263 39 14 16 4 6 290 122 59 37 675 112 1271 39 23 28 22 81 61 24 188 4 5 42 45 152 302 0 0 1 0 1 0 0 0 1 1 0 7 5 3 1 0 0 0 4 2 112 67 1 34 0 0 7 5 0 1 0 11 32 1 0 0 0 1 1 0 2 1 0 1 3 3 1 0 5 1 1 7 21 0 1 0 0 0 7 6 4 0 1 2 0 1 2 0 127 18 7 1 2 19 2 0 2 3 13 2 0 64 137 6 16 2 0 6
5781 13171 1575 14940 1791 3746 43 81 32 91 33 1555 0 0 1 0 0 1 0 0 213 9 1 0 4 1 2 0 152 3095 21 7 18 5 0 0 1 7 0 1 472 0 2 0 1 1 1 3 1 0 3 12 104 93 46 46 10 1 0 0 1 1 8 2 2 0 121 4 4 4 4 30 11 26 7 0 8 0 7 0 14 2 244 214 530 182 17 5 4 1 0 18 10 5 4 67 122 32 14 7 68 36 169 149 60 382 11 8 54 85 332 607 0 0 0 0 0 0 0 1 2 0 0 16 8 3 3 0 0 0 8 3 246 156 0 43 0 0 5 4 1 9 0 8 44 0 0 0 1 4 4 0 0 8 0 0 0 5 1 0 16 13 6 12 50 0 0 0 0 0 10 9 3 1 0 0 1 0 1 0 299 7 10 4 0 66 1 1 0 11 32 0 1 143 284 12 31 10 2 3
10231 1575 31434 1506 182 1060 467 9366 272 6484 89 36589 0 0 0 0 0 1 1 1 527 30 3 1 18 1 10 5 671 455 58 13 31 11 1 0 4 17 4 6 1606 5 19 1 1 2 2 20 22 1 48 112 803 485 334 204 27 2 3 1 3 11 28 9 18 1 419 12 9 39 34 61 24 50 29 1 35 0 25 10 87 7 1348 781 1533 344 51 23 20 1 9 212 68 51 33 58 323 402 43 21 152 125 376 294 116 758 24 28 146 235 727 1457 0 0 0 0 1 0 0 0 2 0 0 33 20 7 3 1 0 0 30 11 490 285 0 81 0 0 7 11 0 2 0 19 91 1 2 0 3 3 5 0 0 5 0 2 2 8 6 1 29 17 8 15 95 0 0 2 0 3 30 11 14 0 0 0 1 1 1 0 536 28 30 2 0 98 7 2 2 10 49 2 1 212 587 29 44 9 2 16
7513 14940 1506 22539 5765 10495 154 257 50 174 49 7553 0 1 1 3 1 0 1 0 482 30 0 1 15 0 4 3 295 4191 123 30 45 9 0 0 3 22 0 4 801 0 6 1 0 2 0 7 4 1 8 7 143 108 60 60 22 6 0 0 3 7 11 1 12 0 190 13 16 4 3 42 20 29 33 0 17 1 10 0 13 0 389 376 1051 410 26 4 4 1 1 25 15 8 7 248 223 114 59 11 91 71 205 184 77 440 16 8 72 121 456 839 0 1 0 0 1 0 0 0 1 0 0 31 12 3 4 1 0 0 24 11 339 243 3 56 0 0 3 6 0 9 0 16 62 2 3 0 2 7 4 0 0 6 0 0 4 11 4 2 18 20 5 9 62 0 0 0 0 0 20 14 4 0 0 0 5 1 0 0 380 24 19 10 0 95 1 3 1 12 45 1 0 208 440 15 32 8 1 15
3050 1791 182 5765 17737 8483 1839 613 59 115 49 1028 0 89 81 35 5 16 0 3 915 142 17 9 31 1 30 119 5131 12532 7446 570 815 453 5 11 37 229 72 7 1512 15 121 1 1 23 16 326 32 5 57 106 1463 832 502 237 1624 245 31 7 34 275 211 42 354 6 1023 69 335 45 85 160 137 15 385 62 22 0 48 8 90 4 1426 1061 2232 924 125 21 27 5 34 184 71 50 73 3002 97 1078 199 112 8 9 19 10 9 39 2 3 5 11 33 76 0 0 3 0 2 1 0 9 3 2 0 10 4 1 2 0 0 0 1 2 40 66 0 33 1 0 22 20 1 4 1 1 19 0 12 0 7 60 0 4 9 2 0 11 6 2 0 5 6 5 0 0 19 1 7 9 5 2 10 2 2 2 14 11 3 4 27 3 75 19 9 2 14 20 10 0 9 2 14 14 9 34 38 2 7 3 0 9
6177 3746 1060 10495 8483 13573 684 998 59 185 340 18372 0 5 5 0 1 1 0 1 595 89 4 3 16 0 6 7 443 6921 83 1432 904 98 0 1 7 106 2 1 816 4 25 4 2 4 0 33 4 6 11 27 327 193 148 78 28 34 4 0 11 48 39 11 40 1 205 16 24 7 19 180 87 51 68 6 33 0 35 5 23 1 504 382 936 385 43 10 7 2 4 62 26 13 18 3773 309 239 88 19 37 35 95 89 40 185 5 7 31 44 213 392 0 0 2 0 1 0 1 0 4 0 0 22 20 2 4 0 0 0 11 9 191 165 1 84 0 0 9 16 0 5 1 11 45 2 3 0 1 13 6 1 2 6 0 2 0 13 0 4 13 14 2 4 36 0 2 0 2 0 14 9 12 1 2 3 3 1 4 0 265 26 8 5 1 84 1 0 2 7 37 0 1 131 226 10 27 15 0 11
6631 43 467 154 1839 684 10562 9295 1337 2662 172 630 1 4 0 1 0 2 0 0 35 4 1 3 2 0 4 5 2890 2149 358 40 40 8 1 0 1 7 0 0 219 1 8 0 1 2 0 18 5 4 40 97 2412 491 842 143 39 1 2 0 4 15 15 0 13 2 43 7 22 19 11 18 7 10 18 3 13 1 13 13 36 3 656 96 140 37 8 17 6 2 4 112 49 29 12 553 263 5520 12 1 5 5 5 8 1 20 1 0 4 10 23 27 0 0 0 0 0 0 0 0 0 0 0 3 0 0 0 0 0 0 1 0 9 8 1 8 0 0 4 1 0 1 0 0 5 0 0 0 0 2 0 0 1 0 0 0 2 1 3 1 1 0 0 1 0 0 0 0 0 0 1 0 0 0 0 0 0 1 1 0 14 3 2 0 1 7 1 1 2 0 1 0 0 6 15 0 0 0 0 3
15218 81 9366 257 613 998 9295 24901 3496 27518 284 2721 1 1 2 2 1 3 0 0 183 9 1 7 17 0 5 2 952 1057 121 10 30 14 0 0 2 16 1 3 1141 3 10 2 0 0 3 27 32 13 76 171 1768 634 784 306 40 2 2 0 3 6 17 10 25 5 271 10 10 37 36 32 17 18 21 6 23 2 18 18 124 7 1610 493 790 102 24 26 26 3 4 283 132 49 23 211 142 1983 25 13 32 10 81 70 16 178 5 6 47 71 195 261 0 0 0 0 0 0 0 0 0 0 1 4 2 1 0 0 0 0 3 1 44 20 0 10 0 0 7 3 0 1 0 3 3 0 0 0 0 0 1 0 2 3 0 3 1 1 3 3 2 0 0 4 5 0 0 0 0 0 3 1 0 0 0 0 2 0 0 0 47 21 9 0 0 17 2 0 3 0 5 2 2 21 65 5 8 0 0 3
168 32 272 50 59 59 1337 3496 2482 3117 496 794 9 0 0 0 0 0 0 0 37 18 1 2 14 0 1 0 83 65 12 20 69 7 0 0 0 13 0 2 46 0 1 3 80 3 1 3 0 91 4 47 221 31 70 9 3 5 0 0 1 1 3 0 1 32 16 0 0 2 1 236 32 79 3 1 142 60 66 19 13 84 46 16 35 16 3 63 22 43 18 8 10 1 2 47 3405 2541 15 1 5 1 4 4 4 21 3 2 3 7 16 33 0 0 0 0 0 0 0 0 3 0 0 8 1 1 1 0 0 0 0 0 15 26 0 20 0 0 11 10 0 1 0 2 6 0 0 0 0 1 0 0 1 0 0 1 7 0 5 6 1 2 0 0 9 0 0 0 0 0 3 1 2 0 2 0 2 0 4 0 45 40 12 1 0 12 3 2 4 2 3 1 0 16 35 2 6 3 0 0
790 91 6484 174 115 185 2662 27518 3117 29484 15178 36107 1 0 2 1 0 0 0 1 47 3 0 0 1 0 2 0 216 131 29 16 25 3 0 0 0 7 0 0 223 1 5 2 4 0 1 5 10 4 27 49 740 154 275 76 12 2 2 0 1 4 4 1 3 1 47 2 2 7 16 49 7 24 3 1 334 8 12 8 41 7 384 96 155 24 3 7 1 2 3 76 29 12 12 40 1837 2448 7 2 119 57 266 236 39 584 28 18 97 281 643 837 0 0 0 0 0 0 0 0 0 0 0 6 5 4 2 0 0 0 19 3 191 72 0 15 0 0 3 1 0 0 0 3 24 0 0 1 0 0 2 0 1 1 0 3 4 6 7 2 6 9 4 4 22 0 0 0 0 2 7 3 2 0 0 0 1 0 0 0 188 7 26 1 1 52 5 6 4 3 25 1 1 68 347 16 12 8 0 5
79 33 89 49 49 340 172 284 496 15178 7433 6098 0 1 2 0 0 0 1 1 74 19 4 1 6 0 3 1 32 90 5 43 154 16 0 0 0 18 1 0 85 0 1 1 3 2 0 3 1 5 2 2 71 16 20 11 3 3 1 0 0 4 3 2 4 2 25 0 2 3 0 524 23 46 15 0 264 0 21 2 2 1 45 46 96 30 6 3 1 0 0 4 2 0 2 76 2362 490 12 2 117 75 253 209 79 543 18 18 82 185 583 1032 0 0 1 0 0 0 1 0 0 0 0 24 17 3 5 0 1 1 17 11 305 201 0 54 0 0 9 6 1 5 0 13 71 1 1 1 2 4 1 0 0 4 0 3 5 11 2 2 10 14 1 10 61 0 2 1 0 1 23 11 9 1 0 1 2 0 0 0 381 16 30 4 0 93 4 1 0 14 39 1 0 167 500 14 35 11 2 11
3235 1555 36589 7553 1028 18372 630 2721 794 36107 6098 29729 2 12 8 2 2 8 2 4 1263 205 16 3 61 1 13 11 403 2640 73 1565 2299 288 1 1 19 304 8 4 1825 5 40 10 6 15 12 53 12 9 26 41 404 256 184 118 37 94 7 0 15 41 72 22 79 5 383 31 60 20 23 1226 350 220 202 7 160 4 147 3 46 2 735 661 1813 722 76 14 7 4 5 84 34 25 33 2920 4263 776 185 27 342 242 899 678 302 1966 66 60 351 590 1913 3608 0 0 1 1 6 3 2 7 5 7 3 139 103 25 26 0 1 0 81 55 1434 1008 3 371 3 0 51 41 2 30 1 82 311 7 5 1 7 46 20 1 0 34 0 5 17 45 14 3 99 73 25 58 315 2 6 7 4 7 101 71 63 3 1 4 16 2 6 2 1654 137 86 22 1 469 4 9 7 51 210 5 2 893 1751 75 190 62 11 52
0 0 0 0 0 0 1 1 9 1 0 2 4536 0 42 27 192 102 4626 416 3 4 5 6 2 0 61 55 1 0 0 0 4 1 1 1 5 748 21 1 23 3 13 5017 2599 3678 3 4 1 137 0 6 0 0 3 1 0 0 1 0 19 1 4 19 22 2593 2 1 8 0 1 76 442 886 0 1 237 40 606 10 2 75 2 1 1 1 4 44 24 78 76 1 0 2 2 0 57 7 0 0 0 4 1 1 3 0 0 0 0 0 0 5 1 15 502 6 1 62 2 723 52 555 37 2 1 6 2 11 0 16 10 7 3 5 6 7 2 1 54 50 170 0 145 0 4 32 25 21 85 1949 2 2 1 0 0 10 1 2 2 4 5 5 4 7 8 0 49 103 9 268 2 18 11 11 7 105 1 5 45 2 1 13 216 14 7 3 3 2 9 1 2 20 6 13 1 2 1 1 3 0
2 0 0 1 89 5 4 1 0 0 1 12 0 11009 11738 888 256 175 36 92 50 46 326 138 51 12 5287 2571 102 36 83 20 7 513 5434 7948 1824 494 186 560 1316 39 160 2 1 19 407 20 31 3 0 1 18 15 5 1 155 126 2384 738 35 18 54 142 345 3 99 821 100 5 5 0 15 73 588 22 1 1 3 0 4 0 19 14 22 18 28 3 11 1 15 13 1 7 35 322 1 6 18 166 0 2 1 0 0 0 0 0 0 0 0 2 3 9 6 13 6 71 13 19 39 118 63 3 0 1 0 0 2 6 0 0 1 3 1 4 0 2 26 41 3 3 3 1 5 2 0 0 20 34 1 0 0 1 0 1 0 0 1 1 0 0 0 0 0 0 1 2 2 0 0 0 0 1 1 6 0 0 2 3 4 16 23 0 3 5 1 0 1 0 1 0 0 5 1 0 2 0 0 0
2 1 0 1 81 5 0 2 0 2 2 8 42 11738 17928 9986 258 1376 405 1839 104 101 537 633 194 89 3083 3364 68 21 74 23 10 343 1400 920 1157 910 707 1281 2809 206 744 63 35 339 577 71 219 13 0 3 20 13 3 3 94 96 990 322 288 49 126 214 349 13 68 416 218 51 8 12 37 110 492 96 3 8 3 0 10 2 17 20 24 30 34 15 74 14 125 67 13 92 275 291 3 2 32 132 0 3 0 0 2 0 1 8 0 0 2 3 32 69 16 101 31 77 66 38 248 183 134 20 22 9 11 4 8 48 2 1 5 33 11 22 11 9 208 162 16 45 7 2 26 18 9 0 147 125 20 0 7 0 0 8 0 1 0 1 1 1 2 1 6 10 8 11 3 8 2 1 2 19 9 22 0 3 15 1 53 86 43 6 7 56 6 5 10 2 5 6 7 16 28 2 14 2 1 3
1 0 0 3 35 0 1 2 0 1 0 2 27 888 9986 11808 199 6309 2940 1685 21 19 205 650 21 15 4283 4972 41 14 36 9 4 155 275 174 676 1058 1851 140 2265 348 581 27 17 297 90 77 162 11 2 1 11 5 0 0 33 28 269 151 183 44 83 223 221 30 29 186 171 41 16 1 26 66 182 101 1 0 2 0 11 2 9 9 9 17 12 20 92 6 96 77 9 75 213 161 1 4 16 52 1 0 0 0 1 0 0 2 0 0 0 3 25 111 325 58 6 158 9 589 249 1379 84 1 0 2 1 26 8 125 2 2 4 4 2 10 9 5 87 75 179 3 191 3 11 21 7 22 192 600 3 4 9 2 1 12 0 0 0 1 1 0 1 0 4 9 3 86 3 30 0 5 5 6 5 25 2 5 17 1 15 14 119 4 4 32 4 2 9 1 0 12 7 1 9 1 2 0 0 1
0 0 0 1 5 1 0 1 0 0 0 2 192 256 258 199 2000 458 1030 2531 46 75 170 156 142 32 266 24 7 0 2 3 0 105 217 371 2703 2255 27 537 340 34 209 441 88 559 336 21 35 17 0 1 0 2 1 1 3 1 76 168 93 15 40 37 47 37 12 26 31 15 3 4 44 290 16 38 1 22 2 1 6 6 6 4 4 5 17 8 21 11 75 10 1 12 54 11 3 0 21 2 3 6 0 0 3 0 0 2 0 1 0 8 21 45 19 82 45 80 69 52 265 168 170 30 27 14 25 5 4 41 8 2 7 47 26 28 8 14 256 279 5 59 6 0 45 10 7 4 180 71 31 0 1 1 0 4 1 0 0 1 2 1 4 4 8 11 10 11 6 3 1 2 3 22 5 21 2 1 10 6 67 107 50 4 3 74 2 0 7 4 9 8 6 26 30 3 15 3 0 4
2 1 1 0 16 1 2 3 0 0 0 8 102 175 1376 6309 458 12824 5631 1426 24 44 105 1153 45 4 3479 1863 38 7 24 6 9 106 64 72 456 2152 6169 65 2009 503 1228 185 40 7842 72 118 176 16 0 1 8 11 3 2 34 25 138 82 3562 56 125 877 656 217 47 80 673 30 28 6 101 93 94 651 3 4 9 0 7 1 8 18 15 29 11 18 111 20 306 94 9 75 191 101 1 2 27 27 0 10 0 1 2 0 1 2 0 0 0 5 9 85 1088 24 3 127 7 1096 169 1172 70 3 1 3 1 56 2 106 35 17 5 25 8 18 9 7 168 135 436 20 647 2 13 114 51 66 260 2374 19 5 14 4 0 55 1 4 3 8 10 6 3 6 16 7 44 390 27 206 10 53 22 32 10 229 3 8 36 10 9 18 181 40 15 10 7 10 28 10 9 26 30 28 5 3 14 3 8 8
0 0 1 1 0 0 0 0 0 0 1 2 4626 36 405 2940 1030 5631 49802 6601 13 21 45 155 37 14 948 213 5 1 0 0 2 4 63 8 113 3016 42 102 419 79 172 8339 689 5888 49 30 35 107 1 2 0 2 1 0 5 0 8 1 144 6 26 89 77 669 2 7 15 6 5 10 263 4468 1 38 25 41 53 4 3 29 1 6 9 9 3 37 59 77 222 9 3 11 50 2 13 0 4 0 1 2 0 0 3 0 0 4 0 0 1 14 57 291 1280 166 25 997 93 2642 820 5213 555 14 12 17 16 51 17 284 17 10 9 48 17 38 28 18 421 469 481 39 412 5 45 58 37 69 731 2111 15 3 11 3 1 15 0 3 0 5 2 2 0 3 8 7 37 197 15 218 2 15 12 24 19 100 3 1 36 8 53 134 1185 22 18 90 4 3 12 2 3 21 9 24 42 4 11 3 1 5
0 0 1 0 3 1 0 0 0 1 1 4 416 92 1839 1685 2531 1426 6601 6227 27 25 79 268 91 40 844 51 5 0 1 1 0 11 195 15 83 645 25 587 346 50 335 839 120 1079 175 21 95 23 0 2 1 3 0 1 1 1 26 4 189 23 60 88 60 69 11 10 26 16 5 3 59 471 7 27 5 7 2 1 2 9 2 3 3 7 7 13 43 30 108 19 4 43 99 4 2 0 9 4 3 2 2 0 2 0 0 11 0 0 1 8 77 187 73 213 32 197 77 106 471 656 250 22 9 11 16 12 14 160 2 1 9 45 3 19 14 23 256 262 25 54 17 1 43 24 12 6 303 144 26 2 9 1 0 3 0 0 3 6 2 0 2 2 2 14 5 37 6 6 2 1 3 10 4 26 2 7 13 1 68 118 120 0 6 107 1 2 3 1 4 5 9 14 74 9 13 5 0 4
319 213 527 482 915 595 35 183 37 47 74 1263 3 50 104 21 46 24 13 27 10654 7045 1091 406 890 67 193 25 208 262 360 213 743 377 3 13 197 1406 14 192 2178 86 599 43 5 18 46 23 51 10 0 6 57 31 18 1261 132 111 46 15 27 36 142 111 68 6 107 113 51 33 2 358 707 207 261 21 223 5 223 0 7 6 387 66 5216 891 116 11 19 6 18 34 6 33 207 1029 192 41 1688 120 6 10 8 1 10 12 2 4 1 2 10 37 1 0 2 7 41 7 26 5 42 5 18 29 20 13 10 0 1 1 19 10 40 196 21 167 1 1 259 221 0 22 1 8 49 7 2 0 25 14 9 1 4 3 0 0 7 9 1 5 22 10 1 9 35 8 2 5 2 0 10 11 16 14 1 0 2 1 4 1 179 191 42 6 0 109 2 2 1 3 40 4 4 73 38 5 37 9 1 13
24 9 30 30 142 89 4 9 18 3 19 205 4 46 101 19 75 44 21 25 7045 13553 3196 996 3585 184 599 15 75 29 60 96 445 480 7 12 296 2349 18 1178 1224 177 1819 76 16 34 202 22 98 9 0 2 30 24 8 9 37 35 33 23 73 66 450 347 99 7 95 39 73 64 8 218 814 315 102 35 144 7 208 2 11 3 94 88 1944 2154 62 7 32 7 74 29 7 56 526 264 100 21 3944 99 5 4 2 1 5 4 0 2 1 1 4 12 1 2 1 6 30 5 23 9 46 8 35 23 9 8 11 0 1 3 6 6 13 96 25 119 1 2 211 211 2 14 1 4 47 6 3 1 39 16 12 3 1 1 0 2 3 2 1 7 5 3 2 3 15 6 2 1 3 2 11 6 7 11 3 6 1 1 8 1 92 152 56 5 2 50 3 0 7 7 23 7 2 39 19 0 20 4 2 6
4 1 3 0 17 4 1 1 1 0 4 16 5 326 537 205 170 105 45 79 1091 3196 7556 7051 947 2625 879 102 11 3 4 11 78 199 17 90 454 1203 68 1898 4894 1541 1282 33 4 42 199 29 248 5 0 1 2 8 6 0 5 9 39 111 68 29 84 89 46 3 32 24 37 35 10 28 210 41 39 29 19 0 41 0 4 0 10 32 81 83 14 5 42 4 64 39 8 67 234 57 11 0 105 7 0 2 0 1 0 0 1 1 0 0 0 6 0 1 4 3 7 3 5 2 29 7 5 7 3 1 4 1 2 2 8 2 8 27 6 35 1 0 64 57 1 7 0 2 9 1 2 0 13 15 6 0 3 1 0 1 1 1 1 3 1 2 2 2 4 1 2 3 1 0 2 0 1 9 3 6 1 1 8 2 21 27 8 0 3 19 1 0 4 3 8 7 2 11 6 0 10 0 0 3
2 0 1 1 9 3 3 7 2 0 1 3 6 138 633 650 156 1153 155 268 406 996 7051 15883 1547 1453 4547 120 51 4 5 2 10 41 400 58 117 547 375 6329 3859 7232 3113 26 26 1019 1230 68 394 4 1 1 27 46 13 5 23 1 114 12 2175 57 187 187 900 11 185 85 581 58 16 3 97 63 19 109 5 1 12 0 11 1 63 131 195 270 141 19 61 10 982 75 11 85 279 22 2 1 296 15 0 0 0 0 1 0 0 0 0 0 0 1 0 0 23 3 0 5 5 21 6 12 6 2 1 1 2 0 0 0 4 1 0 5 0 10 0 0 31 22 5 2 8 1 5 10 25 1 9 193 0 2 9 2 0 6 1 0 1 9 0 3 0 1 0 1 22 14 5 3 1 0 0 3 13 49 1 3 36 7 6 13 9 2 7 4 3 4 9 0 3 14 9 3 1 0 2 0 0 0
8 4 18 15 31 16 2 17 14 1 6 61 2 51 194 21 142 45 37 91 890 3585 947 1547 7440 191 1075 36 134 10 43 25 223 311 17 6 239 2318 20 1543 550 130 1317 75 7 37 707 21 33 4 2 5 156 269 37 25 166 7 14 9 96 34 347 444 199 5 1269 33 92 33 8 148 815 397 71 43 104 3 146 2 8 0 338 634 1123 2182 1439 9 15 6 37 17 3 26 296 59 45 8 5956 756 1 7 0 1 6 0 0 1 0 1 1 12 0 1 0 0 25 4 11 2 34 4 21 19 15 8 8 0 2 0 4 8 8 56 12 94 0 1 212 194 0 12 1 5 33 2 1 0 28 17 11 2 1 0 0 2 2 1 1 1 4 1 2 6 6 5 5 1 3 2 3 3 4 7 3 7 1 1 5 1 57 121 50 1 1 33 3 0 7 2 7 2 1 22 10 0 13 2 0 6
0 1 1 0 1 0 0 0 0 0 0 1 0 12 89 15 32 4 14 40 67 184 2625 1453 191 2021 1456 4 0 0 0 0 1 0 7 3 11 76 2 3972 773 31 100 6 2 2 108 1 12 0 0 0 1 8 0 1 1 0 0 0 4 2 7 9 4 0 9 0 3 1 0 2 14 10 1 0 2 0 1 0 0 0 7 7 23 27 8 0 1 0 5 2 0 2 12 2 2 0 28 0 0 0 0 0 0 0 0 0 0 0 0 0 0 1 0 2 0 0 1 0 2 2 1 0 2 0 1 0 0 0 0 0 0 2 2 2 0 0 2 8 0 0 0 0 1 0 0 0 0 2 0 0 0 0 0 0 0 0 0 0 0 0 0 0 1 0 0 0 0 0 0 0 0 0 0 1 0 0 0 0 1 0 0 0 0 0 0 0 0 0 0 0 0 1 0 0 0 0 0 0
7 2 10 4 30 6 4 5 1 2 3 13 61 5287 3083 4283 266 3479 948 844 193 599 879 4547 1075 1456 34886 8891 335 17 41 3 17 121 8740 1503 328 711 574 6970 1464 411 1036 31 20 1206 3639 65 111 10 3 3 114 171 17 13 232 5 2167 78 763 109 497 2167 2660 95 902 1418 289 34 20 12 108 129 60 50 7 0 12 0 13 0 160 265 263 494 424 10 29 9 142 31 6 30 174 42 4 4 546 119 0 0 0 1 1 1 1 0 0 0 0 5 1 22 197 6 2 67 13 464 35 310 70 3 1 1 2 1 2 14 6 5 0 16 2 15 2 0 55 54 105 4 104 0 9 26 12 2 52 1026 2 1 6 1 0 7 0 1 1 0 3 2 2 5 8 1 32 92 5 52 2 9 8 3 9 86 0 4 11 4 5 26 75 15 6 7 3 0 5 4 2 7 7 7 2 0 3 5 1 2
5 0 5 3 119 7 5 2 0 0 1 11 55 2571 3364 4972 24 1863 213 51 25 15 102 120 36 4 8891 10957 330 63 149 22 13 454 594 757 751 231 2370 42 1004 196 136 16 18 701 816 73 43 1 0 1 66 62 18 6 419 127 2410 318 150 84 106 1341 3570 108 444 1696 215 9 23 7 16 18 733 25 3 0 6 0 10 0 36 56 36 86 120 6 25 6 51 22 5 5 45 474 1 13 56 364 0 1 0 0 1 0 0 0 0 0 0 2 1 35 418 1 2 42 8 865 38 461 9 0 0 1 0 19 2 39 17 13 4 7 6 13 0 1 46 69 254 7 324 5 5 49 18 16 61 2066 5 3 6 2 0 12 0 5 1 3 5 8 3 9 11 3 59 168 11 103 5 23 21 10 10 162 5 5 20 4 4 10 50 24 12 3 0 2 7 5 9 13 11 16 0 1 4 4 8 2
4440 152 671 295 5131 443 2890 952 83 216 32 403 1 102 68 41 7 38 5 5 208 75 11 51 134 0 335 330 46951 13548 5166 74 247 159 77 19 31 171 60 48 372 14 777 6 7 75 115 277 34 12 50 98 9093 10531 1305 182 3856 37 48 7 94 468 1140 382 1253 11 6324 235 586 152 92 444 155 108 1341 92 266 2 178 10 88 11 1165 1344 404 209 1902 13 88 8 94 157 45 51 485 1337 217 4603 247 768 16 16 22 16 26 43 3 6 10 13 34 114 0 1 10 0 1 0 0 12 4 3 4 35 21 16 2 0 0 0 13 12 104 246 2 112 1 0 47 33 3 8 3 22 85 2 11 1 1 110 5 1 12 12 0 16 4 20 0 8 33 14 2 2 69 1 19 12 9 3 35 22 14 0 18 22 7 7 28 6 268 101 20 6 8 133 10 2 14 7 53 15 7 118 81 8 44 22 3 14
8742 3095 455 4191 12532 6921 2149 1057 65 131 90 2640 0 36 21 14 0 7 1 0 262 29 3 4 10 0 17 63 13548 22626 6096 104 101 59 3 2 15 28 19 2 863 3 66 1 2 5 5 90 16 9 52 102 1940 922 566 191 3842 13 18 3 28 99 130 35 256 3 544 25 190 27 51 49 28 21 189 9 24 1 12 13 83 3 1238 508 773 233 157 17 18 4 16 184 62 44 48 1727 70 1469 52 141 9 10 30 21 16 73 2 3 12 20 50 146 0 0 1 0 0 0 0 2 1 0 1 9 0 4 2 0 1 0 2 3 41 36 0 14 0 0 5 4 0 3 2 5 17 3 4 0 1 31 0 0 1 0 0 1 2 1 3 6 4 5 0 3 11 0 5 2 2 1 5 5 6 0 6 12 1 0 10 5 66 10 5 0 2 18 3 0 7 2 13 6 1 34 42 3 5 0 0 2
258 21 58 123 7446 83 358 121 12 29 5 73 0 83 74 36 2 24 0 1 360 60 4 5 43 0 41 149 5166 6096 8578 32 94 160 10 21 32 38 48 11 587 6 71 0 0 19 22 212 8 1 28 48 1042 753 330 106 9183 41 29 2 25 172 187 55 462 8 2145 107 303 38 63 32 25 8 679 31 24 1 20 1 43 3 759 736 971 869 675 18 21 0 17 94 40 26 64 1137 15 482 519 3654 0 0 0 1 0 3 0 3 1 1 1 13 0 0 1 0 0 0 0 3 1 1 1 4 5 1 0 0 0 0 0 2 7 20 0 12 0 0 2 8 1 0 1 1 3 4 4 1 4 37 0 1 10 1 2 3 0 0 1 3 0 0 2 0 6 0 1 4 7 3 1 0 2 2 8 12 2 1 14 7 14 7 6 1 8 12 1 1 3 1 4 9 10 5 5 0 6 0 1 2
52 7 13 30 570 1432 40 10 20 16 43 1565 0 20 23 9 3 6 0 1 213 96 11 2 25 0 3 22 74 104 32 4481 6010 1733 1 3 54 512 20 5 184 3 24 0 0 7 1 64 5 1 7 7 44 39 16 20 20 2024 20 49 8 24 31 3 45 1 80 36 79 9 20 262 283 17 2250 27 19 0 38 0 6 0 92 85 250 122 12 3 7 0 3 14 3 0 11 8777 241 24 61 40 16 16 25 22 16 46 1 3 7 9 43 106 0 0 0 0 1 1 1 0 1 0 1 21 10 6 2 0 0 0 12 3 67 113 0 39 0 1 13 12 0 3 1 10 30 0 2 0 0 7 2 1 0 4 0 0 3 9 0 2 7 13 1 6 31 0 2 4 1 0 19 8 6 0 3 6 5 4 7 3 132 18 3 1 3 59 2 0 0 5 30 2 0 55 71 5 28 5 1 9
55 18 31 45 815 904 40 30 69 25 154 2299 4 7 10 4 0 9 2 0 743 445 78 10 223 1 17 13 247 101 94 6010 12401 5705 1 4 36 1466 9 13 686 4 30 16 6 7 20 35 7 6 15 39 178 156 107 87 39 1231 19 14 9 26 22 17 47 2 288 44 56 10 10 2616 2870 172 2414 15 194 10 277 3 30 4 419 277 702 416 50 10 17 2 5 53 21 12 17 4248 854 69 262 81 20 26 45 41 63 88 4 6 20 29 106 263 0 1 0 0 3 2 2 3 9 2 5 48 37 14 11 1 1 2 23 11 197 403 4 280 1 0 109 95 0 15 0 29 134 5 0 0 11 11 4 0 2 18 0 1 12 23 1 3 38 27 7 4 86 0 2 2 0 2 40 19 21 3 1 6 5 3 0 2 350 229 37 6 1 153 5 0 4 11 100 0 2 207 173 10 74 22 4 21
14 5 11 9 453 98 8 14 7 3 16 288 1 513 343 155 105 106 4 11 377 480 199 41 311 0 121 454 159 59 160 1733 5705 6098 134 188 508 2172 275 51 507 15 100 8 0 24 81 256 18 2 8 17 101 90 73 38 250 7185 2221 700 52 153 90 49 640 3 247 3290 578 14 72 170 1893 62 8207 116 30 1 28 2 25 1 226 144 358 222 96 12 19 1 27 32 21 4 25 3397 33 11 189 433 2 4 4 4 7 6 1 4 3 2 11 27 0 0 5 1 20 1 3 3 8 1 4 26 8 9 5 0 0 1 9 4 35 131 10 231 3 0 195 153 2 9 5 16 52 4 8 0 8 67 5 1 2 2 0 3 4 7 1 9 11 11 5 2 33 4 4 9 8 2 12 12 6 11 13 18 4 7 20 7 97 190 20 4 17 43 5 2 10 2 38 10 9 51 21 2 18 4 2 6
2 0 1 0 5 0 1 0 0 0 0 1 1 5434 1400 275 217 64 63 195 3 7 17 400 17 7 8740 594 77 3 10 1 1 134 6415 5343 360 206 56 2174 26 14 231 6 1 25 2702 34 1 1 1 0 14 20 2 2 53 2 3199 140 43 35 96 190 456 2 104 897 142 2 5 1 16 21 27 8 1 0 1 0 3 0 16 20 6 25 87 0 3 0 15 1 1 2 22 14 0 0 24 25 0 0 0 0 1 0 0 0 0 0 0 0 0 3 6 2 0 21 4 21 4 46 13 0 0 0 0 1 0 1 0 0 0 5 0 3 0 0 6 8 2 0 2 0 3 0 2 0 10 28 0 0 1 0 0 0 0 1 0 1 0 0 0 0 0 0 3 2 0 2 0 0 0 1 1 6 0 1 1 3 1 3 7 1 2 3 1 0 1 0 0 1 0 0 1 0 0 0 0 0
0 0 0 0 11 1 0 0 0 0 0 1 1 7948 920 174 371 72 8 15 13 12 90 58 6 3 1503 757 19 2 21 3 4 188 5343 3484 1178 152 122 229 226 3 38 0 0 6 223 17 0 0 1 0 3 4 1 1 28 19 4013 581 10 7 14 95 336 1 22 357 89 0 2 0 1 3 121 7 0 0 0 0 2 0 5 3 6 2 3 3 1 1 4 2 0 2 6 65 0 1 3 40 0 1 0 0 0 0 0 0 0 0 0 0 0 0 2 3 0 4 0 4 0 2 1 0 0 1 1 0 0 0 0 0 0 1 1 0 0 0 4 5 3 0 0 1 0 0 0 0 2 19 0 0 0 1 0 0 0 0 0 0 0 0 0 0 0 0 0 0 0 0 1 0 0 0 2 0 0 0 2 0 1 1 1 0 1 0 0 1 1 0 0 0 0 1 0 0 0 0 0 0
3 1 4 3 37 7 1 2 0 0 0 19 5 1824 1157 676 2703 456 113 83 197 296 454 117 239 11 328 751 31 15 32 54 36 508 360 1178 5335 3209 572 261 549 48 198 9 3 220 250 364 19 2 2 1 13 14 5 6 70 371 3586 1528 294 148 55 71 663 5 68 700 685 12 93 10 42 42 721 293 3 1 16 2 10 0 24 27 72 55 54 19 48 6 96 15 1 6 49 296 2 3 65 78 2 7 0 0 5 1 1 2 0 0 1 4 6 7 16 16 44 19 12 16 57 22 37 14 12 11 7 1 0 3 9 4 16 73 22 109 2 4 215 179 6 24 10 4 46 7 8 0 34 90 14 0 9 5 0 6 2 7 4 14 6 7 0 4 10 4 13 12 11 5 7 4 0 14 17 28 5 9 31 6 38 109 8 5 12 31 6 2 12 1 12 17 8 28 11 1 15 5 3 3
27 7 17 22 229 106 7 16 13 7 18 304 748 494 910 1058 2255 2152 3016 645 1406 2349 1203 547 2318 76 711 231 171 28 38 512 1466 2172 206 152 3209 19370 506 1123 1868 170 812 2321 472 4179 1202 529 103 139 19 38 117 126 75 59 83 602 402 494 1016 133 195 234 408 258 347 385 663 47 113 266 2086 1658 793 792 253 142 124 9 54 48 298 268 896 712 716 137 201 118 812 85 22 53 182 1146 116 13 830 111 26 57 13 8 43 16 3 26 15 2 22 139 42 67 97 147 300 215 207 167 629 466 465 201 118 62 84 13 12 71 73 55 170 1042 146 1091 15 15 2608 1658 33 222 36 58 361 38 72 7 515 566 119 9 24 23 1 29 40 65 11 46 110 57 15 21 184 70 60 68 27 34 64 40 61 130 46 165 31 20 148 28 878 1425 292 39 49 557 19 7 44 21 165 63 39 328 169 36 145 51 10 54
1 0 4 0 72 2 0 1 0 0 1 8 21 186 707 1851 27 6169 42 25 14 18 68 375 20 2 574 2370 60 19 48 20 9 275 56 122 572 506 10179 36 741 233 534 4 8 457 50 193 74 2 4 4 18 21 6 2 81 102 384 196 9208 51 48 350 3499 62 81 269 2967 13 27 0 8 8 398 1674 2 0 1 0 5 0 16 15 24 22 15 16 72 5 431 52 3 28 71 306 0 2 14 135 1 1 0 0 3 0 1 0 0 0 0 3 1 11 273 1 1 10 2 298 33 95 14 0 1 1 0 5 0 18 21 12 2 2 1 6 0 0 26 48 132 4 206 5 9 68 50 8 31 1414 9 6 10 4 0 21 0 4 0 6 4 7 3 4 6 3 114 166 23 53 7 33 14 20 14 290 4 8 47 9 3 6 12 27 16 2 5 4 14 5 5 15 23 9 3 2 5 6 7 2
3 1 6 4 7 1 0 3 2 0 0 4 1 560 1281 140 537 65 102 587 192 1178 1898 6329 1543 3972 6970 42 48 2 11 5 13 51 2174 229 261 1123 36 5638 739 207 1127 50 6 44 2514 7 17 2 2 1 39 61 10 6 20 3 216 15 90 12 82 219 123 1 248 97 78 11 3 13 189 95 12 22 16 0 25 0 3 0 54 124 170 288 187 1 4 1 55 8 1 11 98 15 5 2 333 16 0 0 0 0 0 0 0 0 0 0 1 1 1 3 0 2 4 10 4 3 13 8 13 4 2 2 1 0 0 2 1 1 2 6 4 12 0 0 40 37 1 2 1 0 9 0 1 0 9 16 0 0 2 0 0 0 0 0 0 0 2 0 0 0 2 0 3 1 0 2 0 0 0 1 1 3 0 1 4 2 5 28 13 0 0 3 3 0 3 1 2 2 0 2 2 0 4 1 0 0
1379 472 1606 801 1512 816 219 1141 46 223 85 1825 23 1316 2809 2265 340 2009 419 346 2178 1224 4894 3859 550 773 1464 1004 372 863 587 184 686 507 26 226 549 1868 741 739 12986 4886 1573 68 68 845 132 963 3519 198 270 300 98 94 1390 965 260 138 125 109 1721 374 337 219 1188 80 233 232 876 557 816 539 673 196 461 753 352 12 332 32 776 58 561 187 1095 231 238 606 1227 195 1699 4107 764 1752 1689 1286 204 72 356 197 8 18 13 12 20 47 1 7 4 5 31 120 5 15 48 6 44 19 18 61 54 71 26 50 46 17 18 2 3 13 19 13 96 417 20 226 4 4 252 179 19 43 31 21 98 30 55 3 58 330 17 20 96 12 1 108 21 22 35 65 27 27 8 8 94 12 33 39 28 26 35 18 34 20 56 82 22 46 134 17 413 262 48 8 36 192 90 50 198 20 76 163 53 144 105 6 54 16 1 24
5 0 5 0 15 4 1 3 0 1 0 5 3 39 206 348 34 503 79 50 86 177 1541 7232 130 31 411 196 14 3 6 3 4 15 14 3 48 170 233 207 4886 6485 3309 11 24 402 70 89 1174 15 0 1 5 8 3 1 18 5 21 7 1099 52 132 65 589 14 37 38 589 57 20 1 28 9 27 405 2 0 4 0 17 5 11 17 34 46 8 23 133 39 1200 128 22 134 291 33 1 0 28 11 0 0 0 0 0 0 0 0 0 0 0 0 0 1 19 1 2 5 1 15 2 10 3 1 1 1 0 0 0 2 0 1 0 1 0 2 0 0 10 10 4 0 11 1 0 12 18 0 8 141 1 3 18 1 1 10 2 0 0 15 0 2 0 1 0 1 19 12 10 3 0 1 1 3 15 38 3 10 63 16 1 0 1 0 31 3 8 3 27 0 0 36 10 0 0 0 0 0 1 0
20 2 19 6 121 25 8 10 1 5 1 40 13 160 744 581 209 1228 172 335 599 1819 1282 3113 1317 100 1036 136 777 66 71 24 30 100 231 38 198 812 534 1127 1573 3309 12477 62 173 1453 961 602 2545 136 3 7 251 336 55 26 249 19 179 22 5080 475 2170 4454 2889 102 1354 271 3109 370 115 20 122 70 148 2247 22 3 23 4 113 11 315 534 670 919 182 137 1119 381 7265 315 87 664 2844 271 11 16 831 120 0 4 0 0 0 0 0 0 0 0 0 2 1 1 59 5 3 10 6 32 11 31 16 3 0 3 6 0 1 0 13 7 4 18 1 11 1 1 31 37 11 11 15 5 6 47 170 4 28 700 9 42 294 5 3 165 21 2 33 256 0 0 2 0 5 2 59 90 154 38 3 10 4 5 368 285 68 145 681 176 9 16 8 13 338 9 155 71 449 1 0 492 188 6 2 0 5 3 2 1
1 0 1 1 1 4 0 2 3 2 1 10 5017 2 63 27 441 185 8339 839 43 76 33 26 75 6 31 16 6 1 0 0 16 8 6 0 9 2321 4 50 68 11 62 13181 3126 1629 46 33 15 1466 9 223 1 7 12 5 5 0 1 0 57 4 10 18 15 1100 15 8 13 14 8 282 4387 2684 6 24 569 1320 5500 143 46 974 13 12 24 13 25 717 232 519 455 17 2 3 18 3 21 5 21 2 3 8 1 1 3 3 0 9 1 0 3 13 8 28 65 32 61 113 50 171 190 340 170 35 15 14 20 2 3 15 9 5 12 81 18 95 7 6 385 374 27 46 15 2 56 17 13 3 144 275 24 3 16 1 0 20 39 6 60 40 3 3 2 1 11 15 19 16 6 33 8 8 5 28 26 30 10 16 61 22 82 196 206 7 23 58 23 5 45 5 14 36 10 42 27 3 27 6 0 11
2 1 1 0 1 2 1 0 80 4 3 6 2599 1 35 17 88 40 689 120 5 16 4 26 7 2 20 18 7 2 0 0 6 0 1 0 3 472 8 6 68 24 173 3126 8234 4140 7 34 27 2981 1 64 4 1 8 0 1 1 3 0 32 21 31 25 48 4891 5 8 45 10 15 207 521 292 3 17 1181 343 1549 49 42 422 7 2 2 6 6 374 325 2152 4283 13 3 13 40 3 410 25 2 2 0 3 1 0 1 3 0 0 0 0 1 6 1 3 215 2 3 13 8 129 27 113 9 2 1 0 1 3 0 2 9 6 3 10 2 9 0 0 49 29 18 0 29 5 8 33 426 8 62 1831 5 16 58 4 0 68 14 4 28 41 3 1 0 2 6 0 158 89 65 204 2 11 8 1 126 378 11 32 552 85 8 8 42 8 125 8 30 54 74 1 3 94 54 12 6 1 2 1 0 1
2 1 2 2 23 4 2 0 3 0 2 15 3678 19 339 297 559 7842 5888 1079 18 34 42 1019 37 2 1206 701 75 5 19 7 7 24 25 6 220 4179 457 44 845 402 1453 1629 4140 5561 92 54 96 112 1 2 17 28 4 1 61 7 62 2 1585 28 111 1102 855 3628 108 152 176 32 8 30 518 397 53 123 50 1 115 0 13 7 15 32 22 42 42 20 84 160 1548 64 7 30 146 50 23 3 39 23 2 15 2 0 5 0 0 4 0 0 1 5 7 67 1985 27 13 103 18 1201 197 696 106 4 5 7 4 44 3 74 83 59 12 23 16 35 4 7 241 253 472 24 859 15 22 318 500 61 272 7843 53 14 39 15 5 153 1 14 3 21 29 40 14 19 28 10 510 808 115 667 40 142 52 121 62 1211 18 29 324 36 12 36 134 128 87 43 19 44 58 24 25 87 93 48 27 15 21 14 17 10
4 1 2 0 16 0 0 3 1 1 0 12 3 407 577 90 336 72 49 175 46 202 199 1230 707 108 3639 816 115 5 22 1 20 81 2702 223 250 1202 50 2514 132 70 961 46 7 92 5123 103 22 5 1 1 33 51 8 3 70 6 1366 27 184 181 667 810 1902 7 281 3372 498 40 43 18 283 263 26 21 18 1 38 0 11 1 53 113 74 179 1571 5 16 5 56 7 3 12 196 17 1 2 218 32 0 1 1 1 1 0 0 0 0 0 1 3 0 0 5 0 7 4 10 9 17 9 10 11 1 3 3 0 0 0 1 1 7 29 5 51 2 0 127 111 3 7 5 1 13 1 6 0 11 99 0 0 6 1 0 2 1 0 3 5 1 0 1 1 2 0 12 6 3 0 2 1 3 2 4 25 2 4 15 2 16 52 20 2 5 11 2 2 3 0 2 0 3 12 2 0 7 2 0 3
15 3 20 7 326 33 18 27 3 5 3 53 4 20 71 77 21 118 30 21 23 22 29 68 21 1 65 73 277 90 212 64 35 256 34 17 364 529 193 7 963 89 602 33 34 54 103 20898 577 704 4 17 56 57 22 15 232 116 314 71 298 6776 5138 222 975 39 266 406 9992 372 2376 10 31 14 552 8817 15 4 18 19 493 87 50 62 50 60 61 1057 2867 273 1566 283 50 202 794 1078 11 19 36 247 0 2 0 0 1 1 0 1 1 0 1 2 1 0 20 9 1 15 4 33 18 18 7 0 5 3 2 3 4 5 7 7 0 7 1 12 0 1 23 17 9 12 10 15 7 104 169 5 46 439 9 228 1087 23 12 960 50 19 124 522 1 4 0 3 10 3 36 75 336 40 2 16 7 7 679 229 192 439 1463 233 5 12 9 18 550 24 622 297 1855 7 1 1766 659 4 2 2 5 4 3 5
37 1 22 4 32 4 5 32 0 10 1 12 1 31 219 162 35 176 35 95 51 98 248 394 33 12 111 43 34 16 8 5 7 18 1 0 19 103 74 17 3519 1174 2545 15 27 96 22 577 8908 111 18 13 7 4 45 23 11 3 9 1 288 301 115 25 134 26 45 16 170 372 173 11 14 11 10 423 16 3 11 3 147 9 21 17 25 25 7 187 834 146 706 3691 383 3521 6388 29 5 1 26 6 0 0 0 0 0 0 0 0 0 0 0 3 0 1 7 1 0 1 2 3 4 5 4 1 1 1 0 1 0 0 0 1 1 3 0 5 0 0 7 2 1 0 4 1 0 6 14 1 2 33 0 12 51 0 1 58 6 1 9 40 1 1 0 0 4 0 1 4 18 5 0 0 2 1 58 30 16 45 102 14 3 9 0 0 39 2 41 22 118 0 1 129 34 0 0 1 0 0 0 0
6 0 1 1 5 6 4 13 91 4 5 9 137 3 13 11 17 16 107 23 10 9 5 4 4 0 10 1 12 9 1 1 6 2 1 0 2 139 2 2 198 15 136 1466 2981 112 5 704 111 10521 34 1268 9 7 19 4 5 1 3 1 70 444 153 12 19 1359 7 4 77 254 217 162 285 537 8 190 1612 587 1127 869 588 8145 11 5 2 4 3 6066 3868 7819 2243 97 28 70 160 10 555 45 4 2 1 2 1 0 0 0 0 1 0 0 3 3 0 1 22 9 1 6 1 31 5 28 4 0 0 0 2 0 1 2 4 1 2 5 2 7 0 1 15 16 8 2 4 11 6 38 112 2 22 332 1 117 578 10 4 507 244 16 277 516 3 2 1 2 2 1 16 22 91 22 1 4 4 2 229 80 103 257 726 108 12 7 9 3 194 10 457 477 1143 1 4 966 193 3 7 1 4 0 2 0
58 3 48 8 57 11 40 76 4 27 2 26 0 0 0 2 0 0 1 0 0 0 0 1 2 0 3 0 50 52 28 7 15 8 1 1 2 19 4 2 270 0 3 9 1 1 1 4 18 34 9500 8304 48 4 948 192 5 1 1 0 1 2 8 0 2 27 9 2 5 71 4 19 12 18 15 0 33 5 16 218 635 91 230 11 6 9 8 55 7 4 4 5180 4433 20 2 20 13 20 10 6 1 0 1 0 0 1 0 0 0 1 3 4 0 0 0 0 0 0 1 0 0 0 0 4 0 0 0 0 0 0 0 0 6 11 0 7 0 0 3 2 0 0 0 1 7 0 0 0 0 0 0 0 2 0 0 2 28 4 33 14 4 0 0 0 3 0 0 0 0 1 1 1 3 0 0 1 0 0 0 0 18 8 3 0 0 6 6 1 10 4 1 2 1 3 3 1 0 1 0 0
145 12 112 7 106 27 97 171 47 49 2 41 6 1 3 1 1 1 2 2 6 2 1 1 5 0 3 1 98 102 48 7 39 17 0 0 1 38 4 1 300 1 7 223 64 2 1 17 13 1268 8304 14449 81 12 1083 196 22 3 1 0 3 13 14 6 19 881 28 11 8 101 35 70 91 349 23 7 518 187 214 8511 3556 3268 346 11 13 19 25 1064 103 27 23 1940 2423 23 20 35 215 37 13 12 1 0 0 1 3 2 3 3 3 0 3 7 0 0 3 0 0 0 0 0 0 4 0 4 4 0 1 0 0 0 7 1 11 53 2 26 0 0 13 5 0 2 1 18 4 3 2 1 0 3 0 2 14 3 0 23 1961 166 2349 742 128 3 0 5 9 0 2 0 1 2 1 1 5 0 3 1 34 20 11 3 37 31 4 0 4 20 146 38 232 2 22 21 12 10 13 2 3 1 0 1
1566 104 803 143 1463 327 2412 1768 221 740 71 404 0 18 20 11 0 8 0 1 57 30 2 27 156 1 114 66 9093 1940 1042 44 178 101 14 3 13 117 18 39 98 5 251 1 4 17 33 56 7 9 48 81 16969 9384 5164 32 593 19 13 3 32 106 305 132 300 3 1429 90 123 45 24 245 131 57 281 34 163 5 141 10 39 11 3626 1331 128 152 480 6 14 3 28 64 41 11 143 493 381 8512 218 233 3 10 16 11 7 17 0 3 4 10 25 57 0 0 4 0 4 0 2 1 2 0 1 17 16 2 3 0 1 0 4 5 40 173 1 85 0 0 49 19 0 4 1 12 35 2 4 0 3 19 2 1 0 1 0 2 1 2 0 1 15 9 3 3 28 0 2 2 0 1 10 6 6 1 1 4 0 0 1 0 142 87 14 3 0 69 3 2 3 9 16 0 1 47 48 3 18 4 0 8
650 93 485 108 832 193 491 634 31 154 16 256 0 15 13 5 2 11 2 3 31 24 8 46 269 8 171 62 10531 922 753 39 156 90 20 4 14 126 21 61 94 8 336 7 1 28 51 57 4 7 4 12 9384 9429 406 31 620 12 10 1 67 94 349 163 352 1 3887 67 151 32 25 179 104 63 237 18 128 1 90 1 13 3 2174 9357 348 422 582 5 18 3 29 27 12 15 168 303 79 880 419 400 2 5 4 5 5 7 0 0 2 2 16 22 0 0 3 0 0 0 0 2 4 1 1 13 5 5 4 0 0 0 3 3 24 111 2 68 0 0 42 28 0 5 0 7 22 1 3 0 5 19 2 0 3 0 0 2 1 7 1 0 9 2 1 2 29 0 3 1 1 0 9 2 3 1 4 5 0 0 6 0 98 65 21 3 1 57 2 0 1 6 25 2 3 29 28 2 20 6 0 2
636 46 334 60 502 148 842 784 70 275 20 184 3 5 3 0 1 3 1 0 18 8 6 13 37 0 17 18 1305 566 330 16 107 73 2 1 5 75 6 10 1390 3 55 12 8 4 8 22 45 19 948 1083 5164 406 14731 1183 136 13 14 0 17 21 66 38 65 11 225 39 36 49 32 150 93 33 110 9 124 11 86 149 303 39 7828 213 75 60 98 43 15 4 24 1339 319 47 61 193 123 2468 76 62 2 6 5 8 7 7 1 1 2 6 16 37 0 0 0 0 2 1 1 0 1 0 1 8 7 1 3 0 0 0 7 1 29 138 0 73 0 1 24 20 1 4 0 10 30 0 1 0 1 10 2 0 0 2 0 1 9 4 14 3 7 5 0 1 24 0 1 1 0 0 9 2 9 1 1 0 0 1 2 1 125 76 14 0 0 55 4 0 10 1 25 4 0 41 26 0 13 4 1 6
271 46 204 60 237 78 143 306 9 76 11 118 1 1 3 0 1 2 0 1 1261 9 0 5 25 1 13 6 182 191 106 20 87 38 2 1 6 59 2 6 965 1 26 5 0 1 3 15 23 4 192 196 32 31 1183 2305 33 10 1 0 6 3 22 14 28 3 83 8 17 28 31 96 58 23 49 4 69 2 69 23 102 12 6828 28 2586 42 48 21 11 1 8 499 142 44 40 106 37 31 40 28 3 2 3 1 4 4 0 1 1 2 3 16 0 0 0 0 2 0 1 0 1 0 1 11 1 1 1 0 1 0 4 3 20 64 0 49 1 0 11 9 0 2 0 5 29 0 0 0 3 2 1 2 2 1 1 2 6 1 2 2 3 1 0 1 19 0 0 0 1 0 5 2 7 1 1 2 1 2 2 0 75 37 4 3 1 30 3 0 5 4 18 5 0 18 12 3 7 6 0 2
52 10 27 22 1624 28 39 40 3 12 3 37 0 155 94 33 3 34 5 1 132 37 5 23 166 1 232 419 3856 3842 9183 20 39 250 53 28 70 83 81 20 260 18 249 5 1 61 70 232 11 5 5 22 593 620 136 33 18065 48 47 9 92 278 661 227 1402 6 8056 337 661 49 65 22 27 11 2305 33 16 0 18 0 22 4 470 817 482 1983 2983 9 21 2 53 30 14 16 155 910 6 99 1473 6794 0 1 0 1 1 5 0 0 0 1 0 5 0 0 9 0 0 0 0 2 1 2 1 1 1 0 1 0 1 0 0 1 3 17 2 17 0 0 12 13 2 1 4 3 2 3 7 0 3 90 3 1 4 1 0 6 0 0 1 5 1 0 0 0 3 0 14 6 7 3 0 1 0 2 9 18 2 1 22 5 12 14 4 1 9 7 3 6 8 0 1 11 8 1 4 0 1 0 0 0
6 1 2 6 245 34 1 2 5 2 3 94 0 126 96 28 1 25 0 1 111 35 9 1 7 0 5 127 37 13 41 2024 1231 7185 2 19 371 602 102 3 138 5 19 0 1 7 6 116 3 1 1 3 19 12 13 10 48 1666 470 1966 13 70 34 4 230 0 67 716 263 3 22 61 146 18 3388 47 4 0 12 1 3 1 49 48 92 68 13 9 8 0 7 9 5 2 7 1093 28 3 31 96 0 1 2 3 7 5 1 1 0 0 5 9 0 0 2 0 1 0 0 0 2 0 1 4 0 1 1 0 0 0 2 1 4 10 3 8 0 0 22 30 0 2 1 0 1 0 2 0 5 18 1 0 0 1 0 2 0 2 0 4 2 0 0 0 2 0 2 3 0 1 0 1 2 1 7 11 1 2 6 2 15 10 4 0 4 2 4 0 7 0 6 4 5 4 7 0 1 2 0 0
0 0 3 0 31 4 2 2 0 2 1 7 1 2384 990 269 76 138 8 26 46 33 39 114 14 0 2167 2410 48 18 29 20 19 2221 3199 4013 3586 402 384 216 125 21 179 1 3 62 1366 314 9 3 1 1 13 10 14 1 47 470 9047 925 44 283 315 374 2885 4 52 4267 1205 22 90 3 31 30 567 28 2 0 3 0 17 1 20 24 46 31 16 7 9 1 37 3 1 5 51 161 1 0 14 71 0 1 0 0 1 0 0 0 0 0 0 4 0 1 8 0 0 2 3 10 10 7 4 6 4 2 1 0 0 0 4 1 2 12 5 37 0 0 40 60 1 1 8 2 10 6 6 1 4 114 2 1 11 1 0 4 0 1 1 13 1 1 0 2 1 0 22 5 8 4 2 1 1 0 18 30 2 10 42 9 6 23 5 0 12 2 7 0 21 1 4 9 4 6 1 0 3 0 0 0
0 0 1 0 7 0 0 0 0 0 0 0 0 738 322 151 168 82 1 4 15 23 111 12 9 0 78 318 7 3 2 49 14 700 140 581 1528 494 196 15 109 7 22 0 0 2 27 71 1 1 0 0 3 1 0 0 9 1966 925 625 31 19 15 11 182 0 7 208 201 4 10 1 7 2 565 50 0 0 0 0 4 0 5 1 10 7 1 5 6 0 14 2 1 1 5 103 0 1 1 22 0 0 1 0 1 0 0 0 0 0 0 1 0 0 0 0 0 1 0 4 1 0 2 2 1 0 0 0 0 0 1 0 0 3 0 9 0 0 10 7 2 0 1 0 1 1 1 0 1 17 1 0 0 0 0 1 1 0 0 1 0 0 1 0 1 0 0 2 0 1 0 1 0 2 7 8 1 1 7 4 4 6 1 1 2 0 1 3 2 0 0 3 0 1 1 0 2 0 0 0
11 1 3 3 34 11 4 3 1 1 0 15 19 35 288 183 93 3562 144 189 27 73 68 2175 96 4 763 150 94 28 25 8 9 52 43 10 294 1016 9208 90 1721 1099 5080 57 32 1585 184 298 288 70 1 3 32 67 17 6 92 13 44 31 14302 131 317 2516 1107 298 195 109 6506 89 71 8 62 15 70 6960 5 0 6 1 52 13 33 50 62 107 39 90 428 63 2447 206 18 112 505 117 4 4 94 34 0 3 0 0 1 0 0 3 0 0 2 3 6 6 509 11 4 15 4 175 75 103 18 2 2 4 1 10 2 15 34 23 4 14 4 16 3 4 85 78 73 6 220 11 8 179 561 14 104 3393 19 29 85 11 6 116 8 6 11 65 12 18 5 9 12 5 368 362 116 133 22 66 21 45 135 911 36 63 543 107 6 22 13 55 213 21 60 33 163 8 14 126 127 19 9 5 9 5 8 3
11 1 11 7 275 48 15 6 1 4 4 41 1 18 49 44 15 56 6 23 36 66 29 57 34 2 109 84 468 99 172 24 26 153 35 7 148 133 51 12 374 52 475 4 21 28 181 6776 301 444 2 13 106 94 21 3 278 70 283 19 131 11401 13959 423 966 15 468 519 3424 6319 1176 4 12 5 315 1103 10 0 5 10 341 92 87 90 73 85 81 168 659 135 887 123 36 648 3796 674 1 21 66 177 0 3 0 0 0 0 0 0 0 0 0 0 0 0 10 4 1 10 3 17 5 7 4 1 1 0 6 2 4 1 1 2 0 1 0 4 0 0 16 4 11 9 8 5 5 62 107 3 17 217 7 107 641 13 5 502 43 9 108 469 1 1 1 3 0 3 18 51 153 17 3 7 1 5 354 136 124 346 748 115 0 6 4 5 275 11 464 132 1230 0 2 1025 337 6 4 1 0 2 2 2
28 8 28 11 211 39 15 17 3 4 3 72 4 54 126 83 40 125 26 60 142 450 84 187 347 7 497 106 1140 130 187 31 22 90 96 14 55 195 48 82 337 132 2170 10 31 111 667 5138 115 153 8 14 305 349 66 22 661 34 315 15 317 13959 19394 7054 4658 33 1771 714 3492 3876 526 16 33 16 242 892 15 2 17 8 166 18 283 407 337 584 231 150 865 120 1021 91 49 576 4320 443 12 25 542 233 0 0 0 0 0 0 0 1 0 0 0 2 0 2 15 4 2 6 4 20 14 16 8 4 2 1 3 0 3 0 6 8 0 10 1 7 1 3 30 15 8 7 2 3 8 60 184 11 36 566 4 87 360 13 6 282 17 7 37 193 1 0 0 1 7 4 46 78 198 34 2 8 7 10 417 308 78 148 815 185 8 10 3 13 414 19 210 84 574 3 0 527 381 11 3 1 2 9 3 2
10 2 9 1 42 11 0 10 0 1 2 22 19 142 214 223 37 877 89 88 111 347 89 187 444 9 2167 1341 382 35 55 3 17 49 190 95 71 234 350 219 219 65 4454 18 25 1102 810 222 25 12 0 6 132 163 38 14 227 4 374 11 2516 423 7054 4623 8191 48 878 394 1903 68 54 6 49 20 53 158 12 0 11 0 22 1 180 285 237 492 174 11 42 11 905 14 6 19 1349 85 4 10 537 92 0 1 0 0 0 0 0 0 0 0 0 3 0 1 71 1 0 5 1 96 10 28 7 1 3 0 0 4 0 3 3 2 2 7 0 5 0 1 22 14 39 1 43 2 1 13 32 4 14 547 1 4 6 0 1 15 0 2 1 11 0 1 0 0 1 0 49 42 15 28 2 11 6 4 27 94 4 13 66 10 9 17 9 11 25 7 17 4 27 1 1 26 18 7 1 0 0 2 0 0
29 2 18 12 354 40 13 25 1 3 4 79 22 345 349 221 47 656 77 60 68 99 46 900 199 4 2660 3570 1253 256 462 45 47 640 456 336 663 408 3499 123 1188 589 2889 15 48 855 1902 975 134 19 2 19 300 352 65 28 1402 230 2885 182 1107 966 4658 8191 18067 131 1963 2995 12032 138 240 12 52 22 1446 344 13 0 17 1 71 7 222 379 238 574 436 34 97 21 448 123 15 62 555 1075 4 49 436 811 2 1 0 0 0 0 0 1 0 0 1 5 0 1 282 4 2 8 1 225 28 52 11 3 2 0 1 4 0 5 23 16 6 15 3 24 0 3 54 55 69 6 148 9 5 114 226 8 47 2515 13 22 62 4 3 47 3 2 8 59 9 12 7 6 12 2 318 221 77 72 13 47 14 31 88 648 27 34 305 62 8 18 7 38 108 9 51 24 98 4 7 69 77 14 3 2 9 3 6 2
3 0 1 0 6 1 2 5 32 1 2 5 2593 3 13 30 37 217 669 69 6 7 3 11 5 0 95 108 11 3 8 1 2 3 2 1 5 258 62 1 80 14 102 1100 4891 3628 7 39 26 1359 27 881 3 1 11 3 6 0 4 0 298 15 33 48 131 1987 6 19 70 15 12 50 93 830 5 44 828 1317 371 386 111 1109 7 2 2 4 7 791 223 541 2171 37 6 9 23 10 246 32 1 5 1 0 2 1 1 1 0 0 0 2 1 4 0 10 412 1 2 12 1 188 31 140 10 0 0 1 1 7 0 4 9 4 4 9 1 7 0 2 34 32 35 1 47 5 4 23 266 10 71 1486 1 9 28 2 0 50 139 5 139 81 9 3 1 2 0 0 72 56 27 507 4 7 6 5 41 101 9 19 156 41 5 8 52 4 40 13 40 32 75 1 3 70 27 7 5 0 0 2 4 0
304 121 419 190 1023 205 43 271 16 47 25 383 2 99 68 29 12 47 2 11 107 95 32 185 1269 9 902 444 6324 544 2145 80 288 247 104 22 68 347 81 248 233 37 1354 15 5 108 281 266 45 7 9 28 1429 3887 225 83 8056 67 52 7 195 468 1771 878 1963 6 12403 460 690 169 83 322 278 122 2046 127 178 1 159 2 45 2 1157 7086 553 4004 4075 24 118 7 137 88 36 57 729 576 147 63 2447 3188 16 16 8 9 20 20 0 0 4 2 23 77 0 0 8 1 4 1 4 15 6 2 2 28 22 9 6 0 0 0 18 7 59 204 4 119 1 0 66 73 2 8 5 13 58 2 14 1 8 96 3 3 9 4 0 10 2 16 1 6 27 10 5 5 50 2 15 8 6 4 27 8 17 2 8 30 6 5 38 8 175 104 20 4 18 102 5 4 20 5 42 19 12 68 59 6 31 5 1 7
7 4 12 13 69 16 7 10 0 2 0 31 1 821 416 186 26 80 7 10 113 39 24 85 33 0 1418 1696 235 25 107 36 44 3290 897 357 700 385 269 97 232 38 271 8 8 152 3372 406 16 4 2 11 90 67 39 8 337 716 4267 208 109 519 714 394 2995 19 460 3432 1327 46 123 16 114 130 2330 41 13 2 24 0 34 2 91 117 135 163 527 9 23 2 47 19 6 11 103 295 5 7 82 286 1 2 1 0 1 0 0 0 0 0 0 6 0 0 20 0 4 1 2 18 4 3 3 6 2 6 3 1 1 2 1 3 7 30 4 78 0 0 120 117 4 4 9 3 23 3 13 0 14 203 1 3 18 3 1 9 1 3 3 15 4 1 0 1 3 2 28 14 16 2 3 2 2 1 23 60 2 11 38 21 19 66 17 5 27 10 13 3 29 0 4 15 10 15 1 2 10 2 0 2
26 4 9 16 335 24 22 10 0 2 2 60 8 100 218 171 31 673 15 26 51 73 37 581 92 3 289 215 586 190 303 79 56 578 142 89 685 663 2967 78 876 589 3109 13 45 176 498 9992 170 77 5 8 123 151 36 17 661 263 1205 201 6506 3424 3492 1903 12032 70 690 1327 11310 279 1086 1 33 7 1432 9986 6 1 6 10 221 22 118 150 114 210 165 258 487 46 1505 122 24 92 553 1168 8 24 154 533 0 4 0 0 0 2 1 2 0 0 0 3 1 1 130 3 1 1 1 71 54 39 10 1 0 4 2 4 3 2 11 9 6 8 2 14 3 1 59 51 22 14 45 12 6 134 547 16 87 2364 14 104 301 12 8 247 21 8 36 240 4 10 3 8 12 4 253 251 297 95 6 31 20 25 588 1020 107 195 1330 305 7 22 7 41 709 18 223 59 523 3 5 421 411 19 4 3 6 4 3 3
33 4 39 4 45 7 19 37 2 7 3 20 0 5 51 41 15 30 6 16 33 64 35 58 33 1 34 9 152 27 38 9 10 14 2 0 12 47 13 11 557 57 370 14 10 32 40 372 372 254 71 101 45 32 49 28 49 3 22 4 89 6319 3876 68 138 15 169 46 279 3157 1562 12 10 5 26 311 11 1 6 8 420 110 52 30 42 51 17 154 294 78 487 704 1056 1830 3040 68 5 4 31 25 0 0 0 0 0 0 0 0 0 0 0 1 0 0 3 2 0 2 0 3 1 4 3 1 1 2 4 0 0 0 2 0 1 8 0 6 1 0 8 3 3 4 3 9 6 21 35 2 6 80 2 50 300 8 3 216 54 3 210 358 1 0 0 0 3 0 7 9 54 9 0 0 1 1 115 37 83 197 244 43 10 8 2 1 90 13 428 60 836 0 0 399 126 6 8 0 1 1 0 1
38 4 34 3 85 19 11 36 1 16 0 23 1 5 8 16 3 28 5 5 2 8 10 16 8 0 20 23 92 51 63 20 10 72 5 2 93 113 27 3 816 20 115 8 15 8 43 2376 173 217 4 35 24 25 32 31 65 22 90 10 71 1176 526 54 240 12 83 123 1086 1562 6422 4 16 11 154 591 22 8 14 26 5286 251 23 23 16 21 13 1054 785 107 455 435 39 255 296 293 11 8 8 73 0 0 0 0 0 0 0 0 0 0 1 0 0 0 6 3 0 2 3 6 2 4 1 1 0 1 3 0 1 0 1 0 0 8 0 8 0 0 8 3 2 2 1 8 3 16 33 0 5 52 2 73 356 6 4 294 127 12 481 789 0 0 0 0 2 2 9 8 45 11 0 1 0 2 73 30 152 384 210 24 7 13 9 1 65 23 1215 83 1671 3 1 480 165 1 10 0 1 1 0 0
