43385 8184 14177 11601 947 1907 5749 11520 51 1593 150 2386 1 18 31 11 1 5 4 15 381 88 4 5 23 1 14 11 8654 6654 139 109 43 4 2 4 7 1 5 3 1070 5 9 2 1 5 15 11 87 13 84 176 638 1733 959 419 118 6 7 0 7 31 25 4 28 7 447 22 35 37 11 194 29 13 32 10 53 1 30 13 170 3 2637 1313 1781 796 42 24 35 5 27 573 183 49 73 85 112 2499 41 27 8 14 22 17 10 76 6 17 21 18 129 86 0 0 0 0 1 1 2 3 2 3 4 3 2 1 0 0 0 1 8 4 42 70 0 38 0 0 25 18 0 0 0 1 9 0 0 0 8 0 0 1 3 0 1 1 6 1 0 2 1 0 1 4 12 0 0 0 0 0 8 1 0 0 0 0 0 2 1 0 95 44 6 0 1 34 2 5 13 1 3 6 0 4 25 1 3 2 0 2
8184 9461 4057 6114 923 894 127 64 7 26 51 609 0 2 7 5 0 0 4 3 214 61 2 1 4 0 4 2 490 1306 54 30 6 1 0 0 1 2 1 1 335 0 1 0 0 1 6 3 13 3 10 19 29 188 55 70 48 1 0 0 2 5 9 1 8 0 237 2 6 7 1 92 5 3 3 1 37 1 20 4 16 1 232 181 527 343 15 3 5 1 4 58 16 8 11 24 84 91 15 4 2 9 18 10 12 58 9 9 13 9 85 75 0 0 0 0 0 0 1 0 1 0 2 4 7 0 0 0 0 0 2 4 39 56 0 27 0 0 12 3 0 0 0 1 4 0 0 0 4 2 0 0 1 0 0 0 0 1 0 0 2 2 1 3 3 1 0 0 0 0 6 1 0 0 0 0 0 0 1 0 97 34 1 0 0 32 0 2 0 0 8 1 0 11 24 4 5 1 0 0
14177 4057 25541 3696 97 203 509 3830 123 1453 140 5287 0 6 8 5 2 5 1 7 666 245 15 7 35 4 7 13 1174 204 48 39 36 4 2 0 6 7 4 1 1380 6 11 2 3 10 10 7 76 11 85 165 234 937 411 349 89 8 2 0 9 39 25 8 18 4 525 9 14 39 5 378 22 16 19 12 234 2 129 9 127 9 1656 927 2025 894 38 24 42 4 18 424 194 52 76 64 458 499 62 15 73 70 114 77 46 412 56 52 81 113 590 472 0 0 0 0 1 1 1 1 3 7 7 27 22 2 3 0 0 0 23 9 202 324 1 109 0 0 63 20 0 3 0 5 40 0 2 1 9 1 0 0 2 1 0 2 3 1 0 0 4 8 4 9 49 1 0 0 1 2 45 7 3 2 1 0 0 0 1 0 473 122 15 2 2 170 2 12 3 4 20 3 0 39 126 14 16 8 0 2
11601 6114 3696 13323 3937 4764 66 62 16 44 312 5897 0 9 15 6 1 6 6 8 467 251 21 4 23 0 8 11 515 4395 166 83 27 2 1 1 3 2 8 1 483 0 4 2 0 6 9 7 15 0 9 21 38 302 58 99 73 3 2 0 7 13 14 3 26 0 365 20 45 10 6 273 9 7 26 5 124 1 98 2 18 2 337 271 771 556 34 4 9 0 4 78 31 6 20 41 170 65 61 19 27 40 45 30 16 170 14 24 34 42 247 221 0 0 2 0 0 0 2 4 2 5 5 10 5 1 5 0 0 0 9 10 96 162 1 69 0 0 25 15 0 3 0 0 14 0 0 0 4 4 0 0 1 0 0 2 1 1 1 0 2 4 2 5 24 0 0 0 0 0 17 2 3 0 0 0 0 0 1 0 228 63 5 0 0 78 0 0 3 5 14 1 0 25 67 4 12 0 0 0
947 923 97 3937 9424 5865 177 55 2 18 27 514 3 80 188 74 23 93 69 98 315 260 20 6 58 5 29 47 2993 7064 7627 342 525 37 8 14 51 28 44 9 354 4 16 8 2 21 57 45 18 4 16 41 93 555 120 81 2058 33 27 12 62 44 74 20 87 1 430 88 227 22 23 682 171 5 496 52 22 0 130 1 33 0 506 406 733 571 161 14 10 0 10 118 43 11 39 2966 33 286 123 155 4 5 6 10 3 11 2 1 1 8 37 27 0 3 4 2 0 2 1 8 11 14 11 8 2 2 5 0 0 3 2 1 20 37 0 18 0 0 37 26 6 2 1 1 5 0 4 0 18 14 1 0 2 0 0 0 0 0 0 3 2 2 0 2 4 1 1 2 0 0 8 0 4 1 1 2 0 0 5 0 31 44 4 2 1 20 1 4 6 2 4 2 0 3 4 0 5 2 0 0
1907 894 203 4764 5865 8440 136 69 36 126 548 12450 2 45 104 32 22 88 41 90 615 413 39 4 85 4 17 24 671 2224 303 3582 568 9 7 7 15 12 19 7 385 0 10 5 2 20 45 34 11 1 14 26 44 312 71 76 103 28 10 3 22 20 55 19 55 1 440 32 152 19 29 1657 193 8 42 30 140 1 310 1 14 1 349 283 784 728 111 4 7 0 10 66 20 12 27 1638 474 146 142 23 34 56 64 36 34 210 9 30 43 55 338 323 0 0 2 2 0 1 2 11 7 12 11 16 11 1 5 0 0 2 17 11 153 287 1 102 1 0 80 33 3 4 0 1 39 1 3 1 17 12 0 0 2 0 0 0 1 1 0 0 5 3 5 6 23 2 1 1 0 0 33 5 1 0 0 4 1 0 7 1 295 133 11 1 1 124 1 2 5 7 17 4 1 28 97 5 11 3 0 1
5749 127 509 66 177 136 6711 8579 993 2577 99 348 4 0 0 0 0 1 2 2 10 9 0 1 5 0 1 2 2403 905 25 18 5 3 0 0 1 5 1 0 63 1 0 0 3 1 4 1 12 5 20 35 443 546 523 41 18 0 0 0 1 5 2 2 2 1 27 0 6 8 3 57 5 7 2 2 12 1 14 2 28 2 801 245 203 50 9 6 5 2 4 96 21 6 14 23 105 5872 2 2 13 4 13 4 4 23 8 14 16 5 54 29 0 0 0 0 0 1 0 0 2 0 2 2 1 0 0 0 0 0 5 1 10 23 1 11 0 0 5 5 0 0 0 1 3 0 0 0 3 0 0 0 0 0 0 1 0 1 0 1 2 0 0 1 4 0 0 0 0 0 3 1 0 0 1 0 0 0 0 0 24 10 3 0 0 15 0 1 4 0 2 1 2 3 8 2 1 0 0 0
11520 64 3830 62 55 69 8579 16417 1677 13363 315 1020 0 0 4 2 1 1 0 1 34 6 1 2 3 0 0 0 550 255 15 8 6 1 0 0 1 0 1 2 228 0 1 0 0 2 4 2 34 4 43 79 439 576 547 116 17 1 0 0 1 9 8 2 6 1 45 3 5 14 3 141 8 7 12 2 7 2 6 6 54 3 1125 390 393 93 7 6 14 1 8 184 58 10 15 14 100 1857 6 3 12 10 30 22 7 60 10 26 27 21 120 85 0 0 0 0 0 0 1 0 0 2 0 2 3 0 1 0 0 0 5 2 26 38 0 14 1 0 8 10 0 0 0 0 3 0 0 0 1 0 0 0 1 0 0 0 0 1 1 1 1 0 0 2 8 0 0 0 0 0 8 1 0 0 0 0 0 0 0 0 52 12 5 0 0 22 0 3 4 0 2 3 0 4 25 3 3 0 0 0
51 7 123 16 2 36 993 1677 2068 2164 122 398 34 0 1 0 0 4 2 0 8 9 2 1 1 0 0 0 18 9 4 19 14 0 0 0 2 1 0 0 6 0 0 3 62 15 1 0 2 60 9 19 92 28 43 7 0 1 1 1 3 1 0 1 0 40 4 0 0 0 1 271 18 139 0 0 325 58 76 22 17 33 55 14 16 8 4 60 16 19 9 9 7 1 1 11 2547 1740 1 0 2 2 1 0 1 6 2 6 6 5 19 13 0 0 1 0 0 0 1 1 2 1 0 0 0 0 0 0 0 0 1 0 4 13 2 9 0 0 9 4 0 0 0 0 1 0 0 1 1 2 0 1 2 0 0 2 1 1 1 1 0 1 0 0 1 0 0 0 1 0 1 1 0 0 1 1 0 0 2 1 16 19 6 0 3 13 0 2 4 0 1 5 0 0 5 1 0 1 0 0
1593 26 1453 44 18 126 2577 13363 2164 31125 5592 15710 5 3 1 0 0 2 1 1 58 19 2 2 5 1 2 2 142 36 8 52 10 2 0 0 0 1 0 0 149 1 2 1 10 5 0 1 13 17 20 48 202 280 255 58 7 0 0 0 1 7 3 1 1 10 28 1 2 6 0 1489 9 41 5 0 372 16 69 10 32 6 561 205 223 72 8 12 5 9 2 123 37 8 16 19 2715 1281 8 2 95 57 133 81 48 386 68 116 166 125 627 500 0 0 2 0 0 0 2 2 1 6 3 13 9 1 2 0 0 0 26 6 169 184 2 52 0 0 26 20 0 3 0 1 24 0 0 0 3 1 0 0 0 3 0 1 2 1 2 2 6 9 2 6 23 0 0 0 0 1 18 6 0 2 0 0 2 1 4 0 369 46 17 0 1 115 7 4 6 2 19 3 0 40 158 23 17 3 0 1
150 51 140 312 27 548 99 315 122 5592 1993 8495 3 1 2 0 1 2 0 3 74 57 4 1 12 0 2 4 50 55 8 50 7 0 0 0 0 0 2 1 41 1 2 1 9 2 5 1 4 4 1 6 10 38 12 11 5 2 0 0 3 2 4 0 0 4 52 0 4 0 0 3083 3 27 5 0 1135 16 566 2 3 4 48 30 88 85 10 7 0 1 1 7 4 1 2 52 1611 96 10 1 29 56 60 49 28 198 18 47 57 52 333 247 0 0 1 0 0 0 0 2 0 2 6 12 7 1 2 0 0 0 15 4 103 158 0 90 0 1 30 19 0 2 0 4 28 0 0 0 3 1 0 0 1 1 0 0 1 0 0 1 3 6 1 8 24 1 0 0 0 0 18 4 0 0 0 0 1 0 3 0 276 90 9 1 0 104 0 0 2 3 13 2 0 31 82 9 9 5 0 1
2386 609 5287 5897 514 12450 348 1020 398 15710 8495 30305 4 15 35 11 3 21 19 20 877 527 27 5 85 0 11 12 488 809 92 4301 790 6 2 1 7 10 8 4 591 2 12 6 7 9 36 13 12 10 12 36 67 328 89 106 64 110 5 2 12 18 21 6 31 8 525 22 86 12 11 2245 85 42 46 9 1182 19 500 7 30 2 402 296 966 954 100 15 2 5 5 67 34 9 25 1522 3047 313 136 23 172 165 295 203 159 997 101 139 283 239 1578 1269 0 0 3 3 0 0 3 11 7 22 21 52 52 5 8 1 0 0 58 44 537 883 4 408 1 0 154 62 1 5 2 14 131 1 2 2 13 14 1 0 0 9 0 1 1 13 0 0 11 13 5 26 121 0 0 0 0 2 112 21 3 0 0 0 1 0 4 1 1289 431 30 0 0 516 2 2 4 10 56 3 1 124 444 42 52 15 1 1
1 0 0 0 3 2 4 0 34 5 3 4 5924 1 2 5 4 224 4017 207 0 1 1 6 2 0 7 12 2 0 0 1 14 0 0 0 7 119 16 2 9 0 13 4937 1931 3040 1 10 3 112 0 9 1 2 0 0 1 0 0 0 11 4 6 16 21 1238 2 1 14 4 6 291 443 620 8 6 780 526 899 14 15 31 0 2 0 3 0 67 74 159 58 6 2 0 22 12 256 18 1 0 0 0 1 0 0 0 0 1 0 0 0 0 0 48 874 7 2 26 3 1235 9 1143 15 1 0 0 0 14 2 58 12 2 4 4 2 3 7 0 12 6 387 4 92 0 0 29 107 608 41 1330 3 5 10 0 2 9 1 2 1 0 0 0 0 1 1 2 70 80 5 111 6 3 2 1 20 73 4 2 168 15 2 9 238 0 31 5 2 6 13 0 1 41 13 1 4 1 1 0 0 0
18 2 6 9 80 45 0 0 0 3 1 15 1 4423 8808 588 160 201 38 177 11 14 24 53 28 10 1312 291 306 133 291 36 288 348 2773 4207 3004 74 76 637 90 5 71 3 0 5 508 9 16 1 2 1 15 79 13 7 345 1709 1676 3829 35 6 72 63 79 1 145 476 92 3 1 2 27 11 1841 22 1 0 3 0 2 0 45 40 44 54 49 3 3 0 10 22 1 1 35 181 1 18 14 132 0 0 0 0 0 0 0 0 0 0 1 0 1 2 1 11 0 27 7 14 13 108 73 0 2 1 5 0 0 4 0 0 0 3 0 1 2 0 7 6 4 8 2 0 1 0 0 3 20 16 0 0 1 0 0 0 0 0 0 0 0 0 0 0 1 2 1 0 1 0 2 0 1 0 0 3 0 0 0 0 0 5 5 1 1 5 0 0 1 0 0 0 1 1 0 0 1 0 0 0
31 7 8 15 188 104 0 4 1 1 2 35 2 8808 20665 14882 1016 2754 318 905 40 42 121 263 111 100 2638 1558 603 252 507 88 588 462 2725 1387 2846 363 481 1089 437 54 315 14 5 38 937 33 119 1 5 8 19 128 33 11 641 2112 978 1320 234 43 221 201 369 0 321 653 423 28 13 24 63 15 2877 96 2 0 16 0 10 2 74 67 91 101 106 7 26 0 41 103 17 40 183 379 2 27 32 254 3 0 0 1 1 1 0 0 0 0 4 3 10 18 29 32 1 82 24 92 108 537 346 33 16 15 32 3 1 24 3 0 6 10 2 8 13 1 25 54 29 52 13 0 15 5 0 8 142 49 5 2 1 1 0 0 1 0 0 0 0 0 0 0 1 5 13 15 1 2 2 2 1 7 1 18 1 2 13 5 5 23 22 2 2 30 0 1 5 0 2 7 3 1 4 0 8 2 0 4
11 5 5 6 74 32 0 2 0 0 0 11 5 588 14882 17009 28 5257 1684 333 6 35 131 168 66 29 1683 1513 175 87 121 32 199 104 298 88 266 81 1185 191 227 85 145 14 1 25 313 13 55 0 1 3 3 45 6 6 122 564 132 208 94 14 63 72 57 2 79 99 71 8 6 22 47 7 879 22 6 0 13 1 9 1 36 22 25 32 41 1 19 4 15 53 8 9 80 173 0 14 15 45 0 1 0 0 0 1 0 0 0 2 1 0 6 61 110 59 1 132 4 298 49 990 105 11 7 8 11 6 1 84 0 2 0 3 0 5 22 4 11 17 158 45 17 0 7 8 5 63 150 75 4 0 1 0 0 1 0 1 0 0 0 0 0 0 2 3 8 22 3 1 1 0 3 6 5 7 0 2 12 1 3 14 29 0 2 33 0 0 5 0 1 5 5 1 0 0 4 3 1 2
1 0 2 1 23 22 0 1 0 0 1 3 4 160 1016 28 1150 76 104 798 13 41 20 37 57 28 55 10 35 16 16 20 132 48 46 41 1713 1457 5 135 35 4 32 40 1 18 183 2 5 0 0 0 1 4 1 1 12 245 66 175 15 1 15 14 6 0 17 30 8 0 1 18 46 16 246 4 0 2 8 0 2 0 4 5 2 13 13 0 2 0 2 1 0 1 31 74 0 2 6 2 1 0 1 1 2 0 0 0 0 0 0 2 1 2 3 6 3 11 15 23 61 80 80 13 14 4 9 1 0 3 2 0 3 4 1 3 10 1 19 20 9 14 2 0 5 1 1 1 62 15 7 0 0 0 0 0 0 0 0 0 0 0 0 1 2 4 8 7 0 1 1 1 1 2 1 4 0 0 2 0 5 12 9 2 5 34 0 0 0 1 2 0 0 2 2 0 8 2 0 5
5 0 5 6 93 88 1 1 4 2 2 21 224 201 2754 5257 76 19538 3519 1114 40 88 190 1064 126 38 3438 1695 154 71 95 37 461 126 187 50 532 1308 3482 157 1135 254 1365 1732 22 1256 297 109 136 5 1 12 9 39 6 8 106 488 127 133 4233 43 223 1340 401 22 94 125 557 26 48 308 1029 199 768 604 72 50 207 0 18 3 43 31 36 77 70 12 40 9 163 139 17 17 410 325 59 5 47 35 1 1 0 1 3 7 0 2 0 0 5 1 36 893 2738 151 5 681 21 3427 165 5532 219 26 17 30 41 97 16 858 26 10 5 34 7 34 86 8 78 75 3093 82 981 0 48 139 224 2402 760 2311 13 8 10 3 3 24 1 3 0 2 0 1 1 4 13 30 211 574 43 21 10 12 17 17 32 207 2 4 162 10 12 60 257 18 18 66 0 3 20 5 9 39 32 10 17 1 3 4 3 7
4 4 1 6 69 41 2 0 2 1 0 19 4017 38 318 1684 104 3519 41387 8391 37 91 92 113 72 51 534 93 41 23 36 19 204 42 71 5 381 3580 48 146 146 32 183 8561 203 2227 166 9 63 31 2 4 2 9 0 1 29 150 31 14 125 17 32 68 48 49 28 31 18 13 5 192 562 1761 271 24 59 258 210 0 14 7 10 5 16 42 29 25 46 54 90 70 6 16 118 183 29 2 15 6 1 2 1 0 0 3 1 1 0 0 5 6 81 314 1015 279 11 865 113 1866 476 8430 1211 94 33 59 123 37 27 405 8 7 12 22 5 14 142 15 67 124 762 261 109 1 73 90 63 854 1518 610 24 11 7 2 8 12 1 2 0 3 0 1 1 3 14 48 64 147 11 23 10 8 10 11 32 85 4 3 168 31 12 63 704 11 19 163 0 3 15 1 5 36 41 11 15 1 18 13 0 10
15 3 7 8 98 90 2 1 0 1 3 20 207 177 905 333 798 1114 8391 2677 61 144 172 292 247 123 717 139 84 51 82 77 540 182 437 51 1541 1466 27 729 245 43 283 1031 38 266 620 7 108 9 3 3 6 27 3 3 50 641 167 171 88 29 135 104 50 6 42 98 43 14 2 110 243 190 868 17 7 9 61 0 12 4 21 16 27 54 56 12 45 9 39 91 18 31 197 325 6 9 37 19 1 4 1 1 3 2 1 4 0 2 5 5 32 68 74 137 10 106 108 213 578 1358 561 118 52 44 143 9 8 79 10 8 11 23 6 14 78 15 81 150 39 270 22 1 53 30 5 21 903 136 38 1 2 1 3 4 1 3 1 0 1 5 0 1 5 64 31 40 7 7 19 8 10 16 17 45 1 1 48 15 20 62 101 15 23 267 0 5 11 7 4 10 8 12 20 1 24 11 1 16
381 214 666 467 315 615 10 34 8 58 74 877 0 11 40 6 13 40 37 61 9064 5711 2092 59 246 227 31 15 119 150 118 129 419 40 3 2 61 99 6 49 801 24 79 66 1 15 47 8 39 1 4 6 7 34 7 907 68 98 9 5 16 18 47 7 19 0 52 17 26 11 0 429 185 17 430 11 81 1 153 2 10 0 237 23 3705 409 51 8 13 1 8 41 17 5 93 541 105 15 203 44 0 4 1 3 5 10 1 1 0 4 13 15 0 1 0 2 1 3 20 16 34 39 75 9 6 2 9 0 0 2 5 2 13 56 1 23 2 1 72 57 3 12 0 1 20 0 0 0 72 12 1 0 3 0 0 0 0 1 0 1 0 0 0 2 10 3 2 4 0 0 8 1 5 3 4 4 1 1 2 0 32 76 21 3 1 29 1 1 4 2 2 2 0 5 10 3 9 2 0 0
88 61 245 251 260 413 9 6 9 19 57 527 1 14 42 35 41 88 91 144 5711 22300 3104 442 8151 1137 305 12 163 123 93 124 461 63 10 3 221 308 12 679 319 142 808 219 3 51 259 25 153 6 1 5 6 58 11 64 69 138 13 3 96 134 359 95 22 4 189 18 59 93 25 481 332 29 579 44 83 1 204 1 29 3 108 53 2484 1952 447 12 78 4 62 118 35 47 918 507 112 23 4039 104 4 0 2 4 0 8 1 0 3 3 11 16 0 0 5 10 4 17 52 34 110 99 205 30 16 14 34 3 1 1 10 10 6 57 1 29 4 1 121 144 7 32 2 1 21 7 2 2 179 39 11 4 6 0 1 1 1 2 0 2 3 2 0 2 15 11 8 5 2 1 8 9 7 7 3 7 2 0 5 2 30 114 42 4 6 52 0 4 25 0 5 17 2 6 9 0 7 4 0 4
4 2 15 21 20 39 0 1 2 2 4 27 1 24 121 131 20 190 92 172 2092 3104 10139 7178 2225 5283 1361 24 73 12 18 19 212 55 7 2 131 127 28 2859 7129 1942 1285 71 4 49 612 10 357 5 2 1 4 45 3 3 19 39 12 3 75 39 55 46 9 1 96 6 31 26 6 80 127 14 119 27 18 1 41 0 9 0 11 18 98 187 115 5 28 3 54 199 17 27 444 72 14 3 89 9 2 0 1 0 0 1 0 0 1 0 3 3 0 0 6 4 1 16 6 17 36 72 65 10 4 2 2 0 1 3 0 2 2 14 0 10 2 1 25 21 9 13 2 0 10 1 1 4 45 12 4 4 6 0 0 0 0 0 0 3 0 1 0 0 4 4 3 3 1 0 3 1 1 0 1 5 1 1 4 1 6 27 11 0 1 10 1 3 4 0 0 9 3 1 2 0 2 2 0 1
5 1 7 4 6 4 1 2 1 2 1 5 6 53 263 168 37 1064 113 292 59 442 7178 14702 1077 4351 5959 121 133 11 15 0 62 23 72 39 163 126 109 1161 1907 5181 2066 28 8 522 1200 7 342 2 1 0 7 89 6 5 84 21 19 15 1170 42 76 520 46 1 275 10 60 18 6 16 52 7 48 34 7 0 20 0 10 0 24 44 44 263 108 5 20 2 64 195 16 19 366 15 2 0 156 22 0 0 0 0 0 0 0 0 0 0 1 0 0 2 21 2 0 19 5 59 11 92 52 2 2 0 2 2 0 4 1 0 0 1 0 4 3 0 11 11 23 2 17 0 2 1 4 10 25 64 0 1 1 0 0 0 0 0 0 1 0 0 0 0 0 0 7 7 4 2 1 0 0 0 1 6 0 0 17 1 1 7 8 0 3 5 0 2 7 1 0 5 2 0 0 0 0 0 0 0
23 4 35 23 58 85 5 3 1 5 12 85 2 28 111 66 57 126 72 247 246 8151 2225 1077 9494 1306 1041 19 294 29 42 25 228 43 52 3 407 305 14 4447 455 152 1082 122 3 58 1091 38 68 1 0 4 13 214 17 33 104 67 5 7 112 110 526 255 36 0 939 14 130 56 19 147 208 21 204 33 28 1 83 1 18 0 114 167 681 2961 4147 6 36 2 29 54 23 24 815 129 29 6 4775 295 0 0 1 1 0 1 0 0 0 0 1 0 1 3 6 10 0 11 24 16 41 59 91 14 5 3 20 0 0 3 1 4 5 20 1 19 5 2 47 75 6 13 0 0 8 1 2 4 77 13 3 0 4 0 0 0 0 0 0 1 0 1 1 0 5 8 3 2 2 0 6 1 7 2 2 5 0 1 4 2 8 52 18 4 5 20 0 2 5 0 2 6 0 8 5 0 3 2 0 2
1 0 4 0 5 4 0 0 0 1 0 0 0 10 100 29 28 38 51 123 227 1137 5283 4351 1306 6229 2916 1 28 1 4 2 15 2 20 5 55 56 4 4451 507 111 243 23 0 8 881 4 20 1 0 0 3 15 2 1 6 4 4 2 17 4 13 11 5 0 72 2 16 7 0 10 19 5 6 11 1 0 2 0 1 0 7 15 40 134 43 0 2 0 4 4 1 2 38 3 0 0 70 3 0 0 0 0 0 0 0 1 0 0 0 1 0 2 0 3 0 7 3 6 9 32 31 1 1 1 5 0 0 2 1 1 0 0 0 1 0 1 3 3 1 7 3 0 1 0 0 0 10 7 0 0 0 0 0 0 0 0 0 0 0 0 0 0 0 0 1 2 1 0 0 2 0 0 1 1 0 0 0 0 0 4 1 0 0 2 0 0 1 0 0 1 0 0 0 0 0 0 0 0
14 4 7 8 29 17 1 0 0 2 2 11 7 1312 2638 1683 55 3438 534 717 31 305 1361 5959 1041 2916 26621 8889 429 67 154 16 225 111 3927 614 496 228 263 3301 735 331 1450 50 1 221 2765 32 88 1 1 1 18 212 14 8 423 186 291 123 477 40 535 2526 1053 2 679 89 229 20 11 49 133 34 289 58 1 0 40 0 13 1 67 114 69 411 130 8 9 1 24 66 13 12 442 66 3 1 317 69 1 1 0 1 0 0 0 2 0 0 1 0 1 20 98 32 0 104 12 400 28 720 132 5 4 5 14 2 1 21 0 1 0 11 0 7 7 2 18 24 172 18 33 0 9 6 9 31 59 271 1 1 2 0 0 0 0 0 0 0 0 0 0 1 2 3 28 21 0 4 3 0 1 3 3 23 0 1 28 4 4 18 26 3 4 3 0 1 4 0 0 6 0 1 2 0 1 2 0 0
11 2 13 11 47 24 2 0 0 2 4 12 12 291 1558 1513 10 1695 93 139 15 12 24 121 19 1 8889 7771 460 117 329 5 78 77 455 256 114 34 3415 100 71 15 63 5 5 228 236 17 11 0 1 3 18 145 11 5 698 437 262 85 338 21 204 760 2656 2 477 320 683 4 9 11 45 13 682 20 0 0 11 0 8 0 50 67 40 86 53 2 4 0 6 14 6 1 31 104 2 13 82 126 0 0 0 0 0 1 0 1 0 0 1 0 1 74 319 21 1 85 3 1121 14 732 76 3 1 7 4 9 0 76 3 4 0 2 0 6 11 2 7 8 561 8 203 0 3 16 43 135 36 1014 0 1 5 0 0 3 0 1 1 0 2 0 0 2 0 6 145 69 7 9 1 5 2 3 4 115 2 0 77 2 0 7 20 4 3 2 0 1 5 1 0 7 3 1 0 0 1 2 1 1
8654 490 1174 515 2993 671 2403 550 18 142 50 488 2 306 603 175 35 154 41 84 119 163 73 133 294 28 429 460 46796 10231 2131 70 203 37 88 62 118 42 206 124 194 19 337 17 3 67 420 192 35 4 33 39 1009 10662 968 53 5077 99 135 18 215 262 1481 301 671 1 9343 604 1073 91 82 278 105 20 553 99 54 3 103 2 73 3 1573 1392 445 353 2012 19 32 0 25 119 57 20 536 1278 59 5672 530 1021 2 8 7 5 4 11 1 0 2 4 25 23 0 2 9 3 1 3 6 14 31 23 13 7 3 2 4 1 0 2 10 2 18 74 1 15 2 0 68 40 10 6 7 3 16 5 5 4 43 26 2 4 6 1 0 5 1 4 2 0 1 1 0 3 10 3 4 6 1 2 6 2 3 2 5 11 2 1 19 3 50 83 12 1 6 32 0 2 17 3 2 11 1 7 6 0 5 6 0 0
6654 1306 204 4395 7064 2224 905 255 9 36 55 809 0 133 252 87 16 71 23 51 150 123 12 11 29 1 67 117 10231 14035 5846 103 91 14 15 21 20 14 63 8 205 3 16 5 2 11 77 67 28 2 32 38 260 1136 314 85 5325 32 45 9 57 57 233 27 198 1 1281 208 399 30 38 170 45 5 213 52 28 2 39 2 47 2 790 483 471 285 358 9 10 1 11 132 55 13 88 753 44 1091 68 238 2 2 9 8 4 19 1 0 3 5 24 23 0 0 2 2 0 0 4 6 7 8 12 6 4 0 2 0 0 0 1 1 10 50 0 24 0 0 31 26 4 4 1 0 10 2 3 1 7 2 0 0 1 0 0 0 3 0 0 1 0 0 1 0 4 0 2 2 0 2 8 1 3 0 2 1 1 0 4 2 32 39 3 1 3 18 0 3 7 1 0 3 2 7 5 1 2 2 0 0
139 54 48 166 7627 303 25 15 4 8 8 92 0 291 507 121 16 95 36 82 118 93 18 15 42 4 154 329 2131 5846 10957 32 130 25 51 60 46 17 119 16 150 2 44 1 0 15 212 112 16 0 7 12 45 366 68 47 7716 101 136 17 73 82 423 77 477 0 975 765 666 22 34 80 44 4 1622 89 3 0 18 0 31 2 272 242 319 385 2198 9 8 1 11 45 9 7 82 4663 8 90 683 9889 1 1 0 0 1 0 0 0 0 0 0 2 0 1 2 0 0 2 1 13 7 10 7 7 1 0 1 0 0 2 3 2 0 13 0 13 0 0 22 17 5 1 1 0 2 1 2 3 12 17 0 0 1 1 0 1 0 2 0 1 0 0 0 0 5 0 2 1 2 1 1 1 1 0 1 4 0 2 5 1 7 25 9 2 1 5 0 2 2 0 3 6 2 1 1 0 4 0 0 1
109 30 39 83 342 3582 18 8 19 52 50 4301 1 36 88 32 20 37 19 77 129 124 19 0 25 2 16 5 70 103 32 6583 6153 258 7 10 107 13 6 4 63 2 16 1 0 8 71 7 0 0 1 10 12 52 10 15 15 1352 84 102 16 6 10 9 12 0 80 52 27 2 2 2704 199 5 246 12 42 0 364 0 6 0 52 48 123 164 50 0 0 1 3 11 2 3 8 5789 252 15 43 3 13 26 27 18 12 87 3 4 12 12 104 85 0 0 1 0 0 1 0 4 1 3 8 8 7 0 1 0 0 0 11 1 47 79 0 47 1 0 37 17 2 0 0 0 19 1 0 3 7 6 0 0 1 4 0 1 2 0 0 1 2 1 1 4 13 0 0 0 0 0 8 1 2 0 0 1 1 0 0 0 106 57 5 1 0 51 0 0 1 2 6 0 1 11 35 2 3 3 0 1
43 6 36 27 525 568 5 6 14 10 7 790 14 288 588 199 132 461 204 540 419 461 212 62 228 15 225 78 203 91 130 6153 9256 3850 142 104 1468 3091 44 100 218 6 96 243 15 110 838 38 13 3 4 16 28 101 39 33 92 5839 991 595 155 20 161 107 86 4 191 775 164 8 16 7929 3065 100 2440 92 140 17 579 0 22 4 161 98 242 353 511 8 7 5 19 35 13 4 79 7357 98 23 158 22 16 12 7 12 6 29 2 2 10 10 58 45 2 5 17 4 3 10 19 41 59 77 55 45 33 12 10 1 0 6 30 13 42 332 14 247 7 2 372 175 18 14 7 8 72 6 9 3 124 37 6 2 2 3 0 3 2 6 2 0 14 5 2 5 44 8 3 4 0 2 46 15 27 13 0 7 5 0 7 2 156 555 57 12 3 183 1 0 7 4 37 5 6 17 38 8 18 8 0 4
4 1 4 2 37 9 3 1 0 2 0 6 0 348 462 104 48 126 42 182 40 63 55 23 43 2 111 77 37 14 25 258 3850 2458 150 182 2729 146 40 76 43 0 39 4 4 23 607 22 0 0 0 2 4 13 6 5 27 3520 2488 3955 56 5 68 49 91 1 40 695 145 4 10 25 38 11 832 43 9 0 4 0 5 0 12 12 16 45 133 0 0 0 6 3 1 0 30 130 3 1 22 8 3 3 2 1 0 0 0 0 0 0 1 3 0 2 3 1 0 3 3 12 13 12 3 5 9 2 11 1 0 2 1 1 2 41 2 41 2 0 63 42 5 7 2 2 16 1 0 1 37 11 1 0 1 0 0 1 0 1 0 0 2 0 0 0 4 2 1 1 0 1 11 4 7 6 2 2 0 0 4 0 12 94 7 2 0 12 0 0 1 1 2 1 1 0 7 0 5 0 0 1
2 0 2 1 8 7 0 0 0 0 0 2 0 2773 2725 298 46 187 71 437 3 10 7 72 52 20 3927 455 88 15 51 7 142 150 3306 2728 746 193 34 952 18 6 64 20 0 10 1133 13 4 0 0 0 4 35 3 0 93 190 1728 404 38 12 112 117 133 0 120 56 112 6 0 9 40 7 184 31 1 0 12 0 1 0 6 14 15 40 12 0 2 0 4 4 1 3 35 24 0 0 26 29 0 0 0 0 0 0 0 0 0 0 0 0 3 1 4 16 1 37 4 24 15 130 87 0 0 2 2 1 0 4 0 0 0 2 1 4 3 1 1 4 4 9 1 0 1 0 0 0 29 16 1 0 0 0 0 0 0 0 0 0 0 0 0 0 1 0 2 1 0 0 1 1 0 0 0 1 0 0 3 2 0 4 8 0 2 1 0 0 0 0 0 0 1 1 1 0 0 0 0 1
4 0 0 1 14 7 0 0 0 0 0 1 0 4207 1387 88 41 50 5 51 2 3 2 39 3 5 614 256 62 21 60 10 104 182 2728 2525 685 25 35 302 7 3 31 3 0 2 243 4 0 0 0 0 0 16 4 1 55 463 1081 3105 20 2 108 111 147 0 32 99 74 3 1 3 6 0 407 4 0 0 1 0 0 0 8 6 13 10 5 0 0 0 0 2 2 1 24 21 0 5 1 16 0 0 0 0 0 0 0 0 0 0 0 0 0 1 0 0 0 0 1 5 2 11 7 0 0 1 0 0 0 0 0 0 0 1 0 0 0 0 0 0 4 0 1 0 0 0 0 0 1 7 0 0 0 0 0 0 0 0 0 0 0 0 0 0 0 0 0 0 0 0 0 0 0 1 0 1 0 0 0 0 0 2 1 0 1 2 0 0 0 0 1 1 0 0 0 0 0 0 0 0
7 1 6 3 51 15 1 1 2 0 0 7 7 3004 2846 266 1713 532 381 1541 61 221 131 163 407 55 496 114 118 20 46 107 1468 2729 746 685 3640 901 51 673 140 18 151 34 0 70 2189 13 4 1 1 6 4 40 3 4 61 1142 3282 2812 101 12 88 121 58 0 110 454 71 5 5 50 111 18 696 49 8 6 30 0 3 2 21 32 49 126 122 1 2 1 3 6 3 1 80 132 3 1 80 11 4 3 2 5 4 6 0 4 1 5 8 4 5 8 25 14 5 10 60 95 222 140 162 102 67 17 63 3 2 12 41 13 12 64 5 57 17 6 281 226 31 77 7 5 51 3 0 3 264 42 23 0 1 1 0 0 3 0 0 0 4 4 3 2 22 29 8 7 1 2 23 14 32 30 2 8 0 0 9 1 38 243 89 16 3 122 0 0 3 6 17 4 2 9 26 1 33 14 0 22
1 2 7 2 28 12 5 0 1 1 0 10 119 74 363 81 1457 1308 3580 1466 99 308 127 126 305 56 228 34 42 14 17 13 3091 146 193 25 901 7780 14 330 113 11 115 780 21 597 598 4 9 4 0 6 4 34 4 1 25 109 271 25 94 3 35 47 24 5 45 79 20 7 3 86 1877 167 135 8 24 22 74 5 3 3 22 28 54 142 92 3 5 6 18 8 3 1 53 77 13 3 91 9 4 3 5 9 8 4 2 7 0 6 12 8 12 18 48 44 18 57 120 184 441 517 478 128 103 27 107 6 2 23 33 27 13 74 9 66 31 3 320 313 47 166 11 2 62 16 5 20 509 91 42 0 2 1 0 2 1 0 2 0 2 4 3 2 26 45 22 14 1 5 30 12 42 45 12 30 1 0 14 6 45 328 211 18 10 219 1 0 2 12 10 8 4 26 44 3 52 21 2 21
5 1 4 8 44 19 1 1 0 0 2 8 16 76 481 1185 5 3482 48 27 6 12 28 109 14 4 263 3415 206 63 119 6 44 40 34 35 51 14 14188 44 184 40 222 9 7 142 60 127 25 1 0 5 5 32 12 3 172 329 66 86 10481 34 87 257 4030 3 82 96 4499 21 29 10 12 4 533 885 3 0 3 0 16 0 17 29 14 25 16 11 17 1 69 29 9 1 116 76 0 7 7 61 0 0 0 0 0 0 0 1 0 0 1 2 1 177 699 12 1 85 3 1617 10 763 16 1 0 9 0 32 2 155 7 6 1 0 2 3 3 1 5 4 1052 11 477 0 4 62 179 374 51 2009 3 6 8 0 1 10 1 0 0 1 0 0 0 0 5 11 281 328 22 22 14 11 9 3 17 281 2 1 246 19 2 3 17 11 12 8 2 1 6 3 0 24 16 1 2 0 0 3 1 0
3 1 1 1 9 7 0 2 0 0 1 4 2 637 1089 191 135 157 146 729 49 679 2859 1161 4447 4451 3301 100 124 8 16 4 100 76 952 302 673 330 44 4514 522 73 493 88 0 23 5422 19 18 0 3 4 6 75 4 3 61 56 181 107 71 15 133 142 47 0 251 20 111 9 6 22 73 10 57 46 2 0 19 0 4 0 25 43 55 276 109 0 1 0 9 14 2 2 131 29 3 4 134 16 0 0 0 0 0 0 0 0 0 0 0 1 3 2 4 9 1 25 5 25 14 102 77 5 2 4 1 0 0 1 1 0 0 1 1 4 4 0 5 9 11 15 4 0 2 3 1 5 38 11 0 0 1 0 0 0 0 0 0 0 0 0 0 0 0 2 2 4 0 0 0 1 1 0 0 2 0 0 1 1 2 10 11 1 1 7 0 0 0 1 0 1 2 1 2 0 2 0 0 0
1070 335 1380 483 354 385 63 228 6 149 41 591 9 90 437 227 35 1135 146 245 801 319 7129 1907 455 507 735 71 194 205 150 63 218 43 18 7 140 113 184 522 9028 4095 1892 56 19 848 310 56 1691 52 75 75 18 59 1423 859 89 64 3 8 1555 200 104 71 95 22 132 36 150 142 43 246 134 39 204 290 60 1 95 4 252 18 510 78 414 194 98 96 332 43 828 1509 285 270 831 322 57 31 88 37 3 9 2 1 1 8 0 0 2 0 6 21 0 1 26 3 2 16 6 66 18 64 45 16 2 3 7 1 0 1 9 4 5 85 3 46 0 2 101 55 24 10 5 2 13 10 15 8 46 85 1 13 26 1 0 14 5 2 4 14 2 2 1 2 8 3 20 21 10 10 8 7 5 3 20 40 6 8 75 11 31 105 22 0 15 34 7 41 79 1 7 69 14 5 7 0 6 0 0 0
5 0 6 0 4 0 1 0 0 1 1 2 0 5 54 85 4 254 32 43 24 142 1942 5181 152 111 331 15 19 3 2 2 6 0 6 3 18 11 40 73 4095 8746 6415 6 10 450 66 6 1407 0 0 1 0 9 2 3 6 4 1 1 734 40 9 15 27 6 33 2 37 17 9 3 11 2 7 80 2 0 6 0 8 1 7 13 18 62 14 8 36 3 273 378 15 35 388 5 1 0 30 2 0 0 0 0 0 0 0 0 0 0 0 0 0 0 7 0 0 2 0 13 1 19 7 0 0 1 1 0 0 1 0 0 0 0 0 1 1 1 0 1 2 0 1 0 1 1 8 1 11 29 0 0 4 0 0 1 1 0 0 2 0 0 0 0 0 0 10 4 6 5 0 1 1 0 8 13 1 3 36 6 0 0 2 0 8 0 0 3 7 0 0 14 3 0 0 0 1 0 0 0
9 1 11 4 16 10 0 1 0 2 2 12 13 71 315 145 32 1365 183 283 79 808 1285 2066 1082 243 1450 63 337 16 44 16 96 39 64 31 151 115 222 493 1892 6415 4503 45 93 3057 759 101 1327 29 1 1 11 214 11 9 169 37 38 25 5761 92 654 4955 382 108 535 17 373 46 33 34 67 11 120 796 8 0 30 1 46 2 66 126 114 644 154 22 97 26 2319 367 22 39 1987 39 7 3 363 51 0 0 0 0 0 0 0 0 0 0 0 1 1 3 34 6 1 18 6 112 13 136 51 4 3 3 3 1 0 6 4 3 0 7 2 4 3 0 16 10 25 5 19 1 2 42 64 12 31 352 3 14 20 0 2 18 1 0 0 4 0 0 0 3 3 1 72 62 19 53 6 5 4 2 62 167 5 3 318 72 2 8 8 1 107 8 2 9 21 2 1 102 38 1 5 0 2 3 0 2
2 0 2 2 8 5 0 0 3 1 1 6 4937 3 14 14 40 1732 8561 1031 66 219 71 28 122 23 50 5 17 5 1 1 243 4 20 3 34 780 9 88 56 6 45 8343 2056 3360 115 13 14 497 27 81 1 8 1 2 7 6 15 1 117 13 25 12 13 395 21 7 23 4 11 498 5639 1299 19 12 783 2427 8184 109 88 173 7 4 33 64 33 268 142 251 169 18 11 3 68 10 23 1 57 2 5 3 4 7 1 3 0 3 2 6 16 5 15 43 176 69 12 171 139 380 721 1964 726 184 101 51 173 15 3 46 31 8 19 65 11 29 42 17 295 276 65 210 16 5 66 36 42 112 1172 265 51 9 9 0 1 16 12 2 9 3 4 4 0 2 25 66 40 53 17 34 31 13 22 38 38 63 5 2 159 27 52 289 586 23 39 346 3 13 33 11 13 69 31 19 49 7 41 25 0 25
1 0 3 0 2 2 3 0 62 10 9 7 1931 0 5 1 1 22 203 38 1 3 4 8 3 0 1 5 3 2 0 0 15 4 0 0 0 21 7 0 19 10 93 2056 9263 2510 2 51 30 1767 32 77 1 1 1 3 1 3 0 0 28 44 80 18 36 1319 6 1 53 19 50 429 337 399 1 36 2065 831 1212 130 165 279 2 2 1 4 2 599 836 2380 1617 36 14 4 181 3 512 42 0 1 0 1 0 0 0 1 0 0 0 0 4 0 0 5 308 1 0 3 2 425 10 94 2 0 0 2 1 10 1 3 11 5 3 4 0 2 2 1 13 4 68 2 46 1 4 146 254 152 49 1273 3 48 78 1 7 63 15 2 18 17 1 0 0 0 3 5 162 210 82 269 17 15 3 3 249 383 20 37 1087 202 1 8 32 3 324 15 22 72 139 2 1 524 140 0 10 2 1 3 0 0
5 1 10 6 21 20 1 2 15 5 2 9 3040 5 38 25 18 1256 2227 266 15 51 49 522 58 8 221 228 67 11 15 8 110 23 10 2 70 597 142 23 848 450 3057 3360 2510 6340 37 205 267 209 2 5 6 26 7 6 52 40 14 5 387 176 614 1107 830 873 84 15 447 108 105 243 657 400 69 411 285 117 364 0 92 16 26 25 24 70 19 155 467 908 2026 262 31 53 1636 102 207 15 32 8 1 0 1 0 1 0 0 7 0 1 9 4 4 193 2372 18 3 142 16 2628 81 1976 79 9 8 7 18 72 6 192 29 29 4 13 4 12 16 9 35 27 1130 38 633 1 23 485 1112 2036 330 5553 12 72 73 2 9 103 4 3 0 12 3 0 4 7 8 35 576 1012 160 402 32 36 18 23 360 1062 37 36 1937 323 8 42 338 21 454 76 17 47 110 15 1 417 185 7 36 5 6 7 6 4
15 6 10 9 57 45 4 4 1 0 5 36 1 508 937 313 183 297 166 620 47 259 612 1200 1091 881 2765 236 420 77 212 71 838 607 1133 243 2189 598 60 5422 310 66 759 115 2 37 4463 104 17 2 1 4 10 254 20 8 532 371 329 331 155 108 610 363 219 3 837 694 436 62 40 164 420 29 552 76 19 1 103 0 28 1 74 122 84 652 555 4 15 1 19 37 20 13 392 172 17 8 586 167 0 1 1 1 2 1 0 0 0 0 4 1 1 3 15 6 2 10 10 36 49 72 93 15 5 5 10 2 1 7 3 2 3 26 0 19 4 0 58 54 15 20 4 0 13 2 6 4 78 36 5 0 1 1 0 3 1 0 0 0 1 0 0 0 4 3 4 7 1 0 4 3 4 2 2 3 1 2 5 2 4 65 27 0 4 18 1 2 6 0 2 2 2 6 4 0 4 4 0 2
11 3 7 7 45 34 1 2 0 1 1 13 10 9 33 13 2 109 9 7 8 25 10 7 38 4 32 17 192 67 112 7 38 22 13 4 13 4 127 19 56 6 101 13 51 205 104 11456 80 129 2 4 4 50 5 12 221 126 21 11 579 8790 851 111 174 41 140 67 1820 1542 6855 12 13 5 377 14632 14 1 16 1 752 22 27 32 35 57 48 1402 6688 156 2971 104 123 59 659 94 4 6 23 46 0 0 0 0 0 0 0 1 0 0 0 0 0 0 6 0 1 9 2 12 5 22 15 0 2 3 5 1 0 1 1 0 0 0 1 1 1 0 3 2 4 11 0 0 9 104 91 14 28 110 2 316 722 10 9 260 33 14 17 178 0 1 0 0 1 2 16 118 265 30 7 8 0 1 311 112 105 175 508 77 0 9 13 3 235 23 62 176 1489 3 0 1726 389 0 8 0 3 7 0 1
87 13 76 15 18 11 12 34 2 13 4 12 3 16 119 55 5 136 63 108 39 153 357 342 68 20 88 11 35 28 16 0 13 0 4 0 4 9 25 18 1691 1407 1327 14 30 267 17 80 10243 32 28 17 1 18 41 76 20 2 1 2 311 777 51 16 11 70 47 2 64 242 57 12 6 11 15 306 9 1 7 1 135 6 86 33 56 89 15 82 337 65 1187 7785 322 3231 8104 8 7 5 40 1 0 1 0 0 0 0 0 0 0 0 0 1 0 2 5 0 0 2 0 17 2 16 5 0 0 0 1 0 0 1 3 0 1 1 0 2 0 0 3 1 8 1 0 0 3 23 20 4 9 62 0 21 42 0 1 5 3 1 0 9 0 0 0 0 1 0 18 24 25 16 1 1 1 0 43 56 8 14 106 28 2 5 2 1 47 3 3 18 68 0 0 115 33 0 1 0 1 0 0 0
13 3 11 0 4 1 5 4 60 17 4 10 112 1 1 0 0 5 31 9 1 6 5 2 1 1 1 0 4 2 0 0 3 0 0 0 1 4 1 0 52 0 29 497 1767 209 2 129 32 10681 290 1264 4 2 3 12 2 0 0 0 15 111 59 2 2 1357 3 2 51 39 108 192 129 780 5 73 1863 364 584 1734 1158 4306 7 1 5 4 2 5353 2454 9438 1083 185 54 14 250 2 575 46 2 0 0 0 1 0 0 1 0 0 0 0 1 1 0 0 6 0 1 1 0 18 3 24 2 0 0 2 2 1 0 1 0 0 1 0 1 1 0 0 4 0 1 1 3 2 3 54 81 8 23 70 1 44 112 2 7 194 133 22 143 95 2 0 0 0 0 1 6 57 58 22 4 1 0 0 131 47 40 40 340 39 1 10 12 0 81 17 50 556 415 3 2 604 108 0 3 1 0 1 0 1
84 10 85 9 16 14 20 43 9 20 1 12 0 2 5 1 0 1 2 3 4 1 2 1 0 0 1 1 33 32 7 1 4 0 0 0 1 0 0 3 75 0 1 27 32 2 1 2 28 290 15048 19943 0 8 186 58 10 1 0 0 3 11 7 0 4 120 15 4 4 38 6 27 11 98 3 0 112 24 29 2308 1053 321 233 24 30 25 1 78 14 7 7 6886 4506 21 34 12 36 22 1 1 2 0 0 0 0 1 2 0 1 0 2 0 0 0 0 0 0 0 0 0 0 2 1 0 0 0 1 0 0 0 1 0 1 4 0 2 0 0 13 7 0 1 0 4 3 1 1 0 4 1 0 18 11 5 0 5 1559 335 776 286 14 0 0 0 0 0 0 0 1 6 2 1 0 0 1 0 216 19 6 0 1 5 27 0 2 12 98 21 179 0 16 12 41 0 7 1 1 0 0 0
176 19 165 21 41 26 35 79 19 48 6 36 9 1 8 3 0 12 4 3 6 5 1 0 4 0 1 3 39 38 12 10 16 2 0 0 6 6 5 4 75 1 1 81 77 5 4 4 17 1264 19943 29579 2 5 306 78 20 5 0 0 2 22 9 1 2 468 17 2 4 131 14 78 29 342 11 3 438 62 89 10061 4700 1495 343 37 62 34 13 477 27 11 11 4510 5565 21 25 30 147 34 6 4 1 0 0 3 0 1 1 2 0 0 2 1 0 0 0 0 0 0 1 1 3 2 0 0 0 0 1 0 0 0 1 0 2 9 0 5 0 0 15 9 0 0 0 6 8 5 3 3 17 6 0 48 24 29 2 42 3023 868 2890 1185 35 0 0 2 0 0 1 0 7 19 9 0 0 0 5 0 723 58 23 0 2 25 61 0 0 36 505 48 780 0 18 65 146 2 21 3 1 0 0 0
638 29 234 38 93 44 443 439 92 202 10 67 1 15 19 3 1 9 2 6 7 6 4 7 13 3 18 18 1009 260 45 12 28 4 4 0 4 4 5 6 18 0 11 1 1 6 10 4 1 4 0 2 9399 4288 5081 3 100 5 4 1 6 8 46 13 30 1 138 13 35 3 4 44 16 12 30 1 25 2 15 3 4 0 339 497 34 51 68 0 3 1 1 12 2 0 22 44 90 4941 23 25 1 0 1 0 2 2 1 1 3 3 3 2 0 0 0 0 2 0 2 3 6 3 4 2 0 0 0 1 0 0 0 2 1 12 0 10 0 0 23 12 0 1 0 0 4 0 0 0 7 1 0 0 0 0 0 0 0 0 0 0 0 0 0 0 4 1 0 0 0 0 1 2 0 0 0 0 0 0 1 0 14 33 6 1 0 4 0 0 1 1 0 0 0 1 1 0 0 0 0 1
1733 188 937 302 555 312 546 576 28 280 38 328 2 79 128 45 4 39 9 27 34 58 45 89 214 15 212 145 10662 1136 366 52 101 13 35 16 40 34 32 75 59 9 214 8 1 26 254 50 18 2 8 5 4288 10891 903 17 985 51 44 3 86 82 767 185 223 2 3318 132 347 44 41 140 80 13 254 23 28 1 63 1 23 1 3931 7736 190 338 923 6 15 0 14 34 18 9 314 385 38 3020 362 363 0 3 2 1 2 4 0 0 2 1 10 7 0 0 0 3 0 2 4 4 12 6 15 3 2 2 3 0 1 2 5 1 6 34 3 21 0 0 38 36 0 2 0 1 7 0 2 0 17 6 1 1 0 1 0 0 0 0 1 0 1 0 0 0 5 2 3 1 2 0 4 0 2 2 0 5 0 0 6 1 18 51 16 1 0 16 0 1 2 0 1 3 0 4 4 1 4 0 0 0
959 55 411 58 120 71 523 547 43 255 12 89 0 13 33 6 1 6 0 3 7 11 3 6 17 2 14 11 968 314 68 10 39 6 3 4 3 4 12 4 1423 2 11 1 1 7 20 5 41 3 186 306 5081 903 18313 956 111 6 7 4 7 30 52 10 27 6 134 16 41 40 6 63 26 21 37 3 21 3 26 18 173 11 2018 506 174 120 53 16 15 0 15 1353 233 32 73 74 25 1542 19 26 0 1 2 0 1 4 1 0 1 1 5 7 0 0 0 0 0 1 2 1 4 3 3 5 1 2 3 0 0 0 1 0 2 28 1 36 0 0 47 28 0 1 0 0 9 0 0 0 18 2 0 3 1 1 0 1 13 2 8 10 1 0 0 0 8 0 0 0 0 0 1 1 1 3 0 0 3 1 0 0 22 63 15 1 0 16 1 1 16 1 0 6 0 1 4 0 1 1 0 0
419 70 349 99 81 76 41 116 7 58 11 106 0 7 11 6 1 8 1 3 907 64 3 5 33 1 8 5 53 85 47 15 33 5 0 1 4 1 3 3 859 3 9 2 3 6 8 12 76 12 58 78 3 17 956 4414 29 5 2 0 10 31 24 7 10 3 54 10 21 34 10 60 18 4 30 6 19 1 15 6 93 5 5030 72 3035 189 22 18 22 2 19 540 87 37 73 73 11 24 32 17 0 1 0 1 0 1 0 0 0 0 2 4 0 0 0 0 0 1 1 2 4 2 8 4 1 0 0 0 0 0 5 1 1 13 0 16 1 0 22 12 0 1 0 0 4 1 0 0 7 1 0 2 2 0 0 2 4 0 0 6 0 0 0 0 4 0 1 1 1 0 2 1 0 2 0 1 1 0 1 0 11 26 8 0 0 4 0 6 23 0 1 9 2 0 1 0 1 1 0 1
118 48 89 73 2058 103 18 17 0 7 5 64 1 345 641 122 12 106 29 50 68 69 19 84 104 6 423 698 5077 5325 7716 15 92 27 93 55 61 25 172 61 89 6 169 7 1 52 532 221 20 2 10 20 100 985 111 29 9866 100 182 18 140 197 1296 243 909 0 3253 1019 1250 88 75 96 44 3 1098 74 23 0 27 2 58 0 293 371 243 395 3623 10 14 4 15 50 24 6 291 1003 14 113 1020 3885 0 5 0 1 3 9 1 0 0 1 2 7 0 2 9 1 2 3 6 11 17 15 13 4 6 1 3 0 0 2 4 3 12 36 0 16 1 0 24 19 5 4 2 0 5 1 5 2 23 16 0 1 2 0 0 1 1 0 0 0 0 1 1 1 4 1 4 5 2 1 3 1 1 1 4 11 0 1 10 4 20 32 5 0 6 19 2 1 6 1 5 4 5 0 6 0 0 0 0 0
6 1 8 3 33 28 0 1 1 0 2 110 0 1709 2112 564 245 488 150 641 98 138 39 21 67 4 186 437 99 32 101 1352 5839 3520 190 463 1142 109 329 56 64 4 37 6 3 40 371 126 2 0 1 5 5 51 6 5 100 6940 3092 1727 273 40 164 77 511 1 79 4323 893 20 33 346 247 6 3969 217 12 1 61 1 15 1 42 27 54 111 476 6 7 0 25 5 5 3 82 2186 6 6 42 42 0 1 1 3 0 3 0 0 0 2 2 6 1 7 17 0 1 2 3 37 12 31 15 8 10 0 10 0 0 7 3 2 6 34 3 25 1 0 54 44 35 8 12 1 9 1 5 11 33 41 2 1 2 0 1 0 0 2 0 0 2 1 0 0 7 1 3 6 3 1 3 0 3 1 0 8 0 0 14 1 10 57 7 1 2 15 0 0 1 1 7 6 3 2 3 2 3 2 1 0
7 0 2 2 27 10 0 0 1 0 0 5 0 1676 978 132 66 127 31 167 9 13 12 19 5 4 291 262 135 45 136 84 991 2488 1728 1081 3282 271 66 181 3 1 38 15 0 14 329 21 1 0 0 0 4 44 7 2 182 3092 3703 8156 51 24 161 74 191 0 130 2436 188 5 10 22 133 5 915 25 2 1 24 1 3 0 18 19 20 32 41 0 4 0 5 2 4 1 33 88 0 3 18 75 0 0 1 0 0 0 0 0 0 0 0 0 0 0 2 3 0 1 1 12 4 10 6 1 1 0 1 1 0 1 0 0 0 5 0 9 0 0 16 9 4 1 1 0 2 0 0 5 14 10 2 0 0 0 0 0 0 1 0 0 0 0 0 0 2 1 1 1 0 1 1 0 1 0 2 0 0 0 2 2 1 12 4 0 0 4 1 0 0 0 1 2 0 1 0 0 2 1 0 1
0 0 0 0 12 3 0 0 1 0 0 2 0 3829 1320 208 175 133 14 171 5 3 3 15 7 2 123 85 18 9 17 102 595 3955 404 3105 2812 25 86 107 8 1 25 1 0 5 331 11 2 0 0 0 1 3 4 0 18 1727 8156 3419 46 1 28 33 71 0 15 304 98 0 2 0 12 1 392 14 0 0 2 0 0 0 2 5 1 2 7 0 0 0 2 1 1 0 16 29 0 1 1 3 0 0 2 0 0 0 0 0 0 0 0 0 0 1 4 0 0 0 1 6 4 3 1 1 0 0 0 0 0 2 1 1 1 4 1 4 0 0 5 1 5 1 5 0 1 0 0 3 1 11 1 0 0 1 0 0 0 0 0 0 0 0 0 0 0 1 2 1 0 0 1 0 1 0 0 0 0 0 0 0 0 6 0 0 0 0 0 0 0 0 0 2 0 0 0 0 0 0 0 0
7 2 9 7 62 22 1 1 3 1 3 12 11 35 234 94 15 4233 125 88 16 96 75 1170 112 17 477 338 215 57 73 16 155 56 38 20 101 94 10481 71 1555 734 5761 117 28 387 155 579 311 15 3 2 6 86 7 10 140 273 51 46 12764 321 968 3388 1175 77 218 52 3989 164 251 49 90 18 548 9422 9 4 31 0 115 1 33 68 42 182 35 55 152 25 1752 442 44 68 2865 124 16 9 89 22 2 0 0 0 1 2 0 4 0 0 4 1 5 60 646 12 2 31 11 719 39 313 58 11 6 10 6 28 1 77 21 13 2 4 4 4 5 3 20 23 310 29 394 1 19 243 652 494 154 2500 9 45 44 3 9 42 1 0 0 7 2 2 0 0 8 16 368 594 77 92 23 27 13 15 118 608 14 23 877 129 2 14 39 12 179 37 4 10 49 4 1 126 96 8 33 3 1 7 3 2
31 5 39 13 44 20 5 9 1 7 2 18 4 6 43 14 1 43 17 29 18 134 39 42 110 4 40 21 262 57 82 6 20 5 12 2 12 3 34 15 200 40 92 13 44 176 108 8790 777 111 11 22 8 82 30 31 197 40 24 1 321 14472 8162 131 156 38 229 39 1286 6108 2257 10 9 6 183 1543 16 0 12 5 467 73 66 45 57 136 72 298 1086 85 1235 1256 838 1668 4098 53 5 4 65 30 0 0 0 0 0 0 0 1 0 1 0 0 0 0 8 3 0 1 0 14 0 12 7 0 2 1 4 1 0 1 2 1 0 1 0 1 0 0 3 2 3 10 2 0 3 51 52 5 8 85 1 325 522 5 7 118 36 17 35 208 0 0 0 0 1 0 13 35 132 22 2 2 1 1 145 82 136 134 310 42 1 3 10 2 97 13 96 123 1432 3 0 1011 271 0 6 0 0 1 1 2
25 9 25 14 74 55 2 8 0 3 4 21 6 72 221 63 15 223 32 135 47 359 55 76 526 13 535 204 1481 233 423 10 161 68 112 108 88 35 87 133 104 9 654 25 80 614 610 851 51 59 7 9 46 767 52 24 1296 164 161 28 968 8162 20814 9738 8200 106 1979 165 3357 1633 382 50 60 16 467 1130 17 1 32 1 171 7 203 339 213 918 297 76 534 84 1947 84 187 126 9907 170 13 22 507 137 0 0 0 0 0 1 1 0 0 0 3 1 0 4 22 1 0 4 3 54 7 45 16 2 1 1 2 1 0 3 9 4 1 9 1 2 1 1 11 11 16 5 5 0 8 95 88 8 37 281 1 60 140 0 5 58 2 9 3 29 0 0 0 0 1 6 59 106 80 59 8 10 0 2 163 230 26 36 519 117 4 13 9 0 212 17 14 34 209 2 1 423 102 2 2 0 0 6 1 1
4 1 8 3 20 19 2 2 1 1 0 6 16 63 201 72 14 1340 68 104 7 95 46 520 255 11 2526 760 301 27 77 9 107 49 117 111 121 47 257 142 71 15 4955 12 18 1107 363 111 16 2 0 1 13 185 10 7 243 77 74 33 3388 131 9738 6242 4607 3 519 24 1090 33 22 27 44 6 124 59 4 0 19 0 11 0 44 75 41 310 55 4 9 1 76 14 5 7 3014 52 5 5 197 43 0 0 0 1 0 0 0 0 0 0 0 1 1 11 75 3 0 5 5 248 6 105 18 1 0 3 2 1 0 9 3 0 0 0 1 2 0 0 16 10 92 6 40 0 1 10 36 25 21 435 1 3 1 0 1 1 0 0 0 0 0 0 0 0 1 1 72 42 5 5 3 1 2 0 8 81 0 2 77 9 0 13 7 1 10 3 0 1 5 0 0 9 9 1 0 0 0 0 0 1
28 8 18 26 87 55 2 6 0 1 0 31 21 79 369 57 6 401 48 50 19 22 9 46 36 5 1053 2656 671 198 477 12 86 91 133 147 58 24 4030 47 95 27 382 13 36 830 219 174 11 2 4 2 30 223 27 10 909 511 191 71 1175 156 8200 4607 8213 10 706 322 5564 44 31 19 28 6 1005 74 2 0 15 0 23 2 93 94 71 158 94 9 13 1 129 24 5 5 541 211 5 17 127 231 0 1 0 0 0 0 0 1 0 0 2 1 0 8 105 5 1 6 3 320 13 141 20 0 4 0 0 1 0 12 8 10 0 1 1 3 1 0 6 9 130 10 72 1 4 71 178 28 27 954 5 9 25 1 2 8 1 1 0 4 0 3 0 4 2 6 268 150 39 23 10 13 11 7 71 442 5 10 601 101 1 11 10 3 111 10 2 3 20 4 2 68 35 1 7 0 0 3 1 1
7 0 4 0 1 1 1 1 40 10 4 8 1238 1 0 2 0 22 49 6 0 4 1 1 0 0 2 2 1 1 0 0 4 1 0 0 0 5 3 0 22 6 108 395 1319 873 3 41 70 1357 120 468 1 2 6 3 0 1 0 0 77 38 106 3 10 3002 5 0 62 38 26 145 78 1196 2 28 1536 1010 402 586 394 449 4 1 2 0 0 871 167 218 561 100 34 11 266 0 348 17 1 1 0 0 0 1 0 0 0 1 0 0 1 0 1 6 512 0 0 1 0 398 2 180 3 1 0 1 0 6 0 11 1 0 0 0 0 1 1 0 1 5 34 2 21 0 0 23 57 522 39 744 0 13 18 2 0 10 59 19 67 34 0 0 0 0 0 2 19 42 18 884 2 0 0 1 26 29 17 10 126 15 1 11 192 0 34 36 13 8 45 0 0 68 18 0 8 0 0 1 0 0
447 237 525 365 430 440 27 45 4 28 52 525 2 145 321 79 17 94 28 42 52 189 96 275 939 72 679 477 9343 1281 975 80 191 40 120 32 110 45 82 251 132 33 535 21 6 84 837 140 47 3 15 17 138 3318 134 54 3253 79 130 15 218 229 1979 519 706 5 17156 625 856 124 59 216 125 12 936 54 50 1 75 1 72 1 595 5340 646 3162 4555 10 35 4 50 107 47 30 893 663 66 52 2596 2835 0 2 1 2 2 7 0 0 3 1 11 5 1 0 5 3 0 4 6 15 17 19 26 8 3 2 7 0 0 3 5 3 7 26 1 22 1 0 60 38 4 7 5 0 11 1 4 2 39 24 3 2 1 0 0 2 2 4 0 0 2 1 0 0 7 3 6 3 4 1 3 3 5 3 2 8 1 2 18 4 24 58 9 1 2 25 0 4 11 0 5 20 4 0 9 0 5 0 0 1
22 2 9 20 88 32 0 3 0 1 0 22 1 476 653 99 30 125 31 98 17 18 6 10 14 2 89 320 604 208 765 52 775 695 56 99 454 79 96 20 36 2 17 7 1 15 694 67 2 2 4 2 13 132 16 10 1019 4323 2436 304 52 39 165 24 322 0 625 4221 509 12 27 76 265 12 5822 64 6 0 52 0 13 0 65 65 71 135 677 2 1 0 8 3 6 5 33 255 6 30 250 518 0 0 0 0 1 1 0 0 0 1 1 0 0 0 3 1 0 0 9 10 11 9 17 5 3 2 2 0 0 0 1 2 2 12 0 21 0 0 40 36 6 3 0 0 5 1 1 1 27 10 0 0 0 0 0 0 0 0 0 0 0 0 0 1 2 1 2 2 0 0 4 0 0 2 0 4 1 1 5 0 6 40 14 0 1 5 1 0 2 0 3 2 0 1 1 0 1 1 0 0
35 6 14 45 227 152 6 5 0 2 4 86 14 92 423 71 8 557 18 43 26 59 31 60 130 16 229 683 1073 399 666 27 164 145 112 74 71 20 4499 111 150 37 373 23 53 447 436 1820 64 51 4 4 35 347 41 21 1250 893 188 98 3989 1286 3357 1090 5564 62 856 509 2307 96 186 41 29 8 2210 13564 10 0 23 0 66 4 160 158 128 244 189 30 113 30 1355 49 20 13 585 386 8 37 108 302 0 2 0 0 0 0 0 0 0 0 0 1 2 10 53 6 2 18 4 100 21 114 46 5 4 3 3 5 2 7 12 5 1 1 0 1 4 0 12 6 24 14 30 0 8 136 205 19 62 654 6 50 60 1 10 54 3 4 0 16 0 0 1 2 2 4 200 239 92 72 18 18 8 7 251 507 27 25 963 176 3 14 10 5 291 15 9 34 87 4 0 383 142 4 9 1 5 3 0 3
37 7 39 10 22 19 8 14 0 6 0 12 4 3 28 8 0 26 13 14 11 93 26 18 56 7 20 4 91 30 22 2 8 4 6 3 5 7 21 9 142 17 46 4 19 108 62 1542 242 39 38 131 3 44 40 34 88 20 5 0 164 6108 1633 33 44 38 124 12 96 1978 723 7 5 5 79 531 12 0 3 3 576 219 47 36 48 96 40 278 442 29 603 815 841 575 1575 29 4 6 54 11 0 0 0 0 0 0 0 0 0 0 1 0 1 0 2 0 0 3 0 7 0 4 5 0 0 1 0 0 0 0 0 0 0 1 0 2 0 0 1 1 1 3 1 0 2 15 23 3 5 44 0 226 225 3 1 44 89 42 65 237 0 0 0 1 0 0 7 24 45 22 0 1 0 0 52 38 152 110 129 22 0 8 8 1 49 6 112 71 1110 0 0 421 134 0 4 0 0 0 0 2
11 1 5 6 23 29 3 3 1 0 0 11 6 1 13 6 1 48 5 2 0 25 6 6 19 0 11 9 82 38 34 2 16 10 0 1 5 3 29 6 43 9 33 11 50 105 40 6855 57 108 6 14 4 41 6 10 75 33 10 2 251 2257 382 22 31 26 59 27 186 723 4091 7 6 15 146 2868 23 2 11 5 2753 143 19 10 18 29 20 1843 3378 115 1677 95 101 29 283 45 10 3 9 10 0 0 0 0 0 0 0 1 0 0 0 0 0 0 2 0 0 3 1 6 4 13 11 0 1 1 0 1 2 0 0 1 0 1 0 1 1 1 1 1 1 1 0 0 2 23 21 4 9 44 2 296 505 5 3 130 63 27 38 264 0 0 0 0 1 0 4 14 83 17 1 0 0 2 81 34 121 147 168 25 0 6 10 0 41 14 97 179 1597 2 2 810 201 0 9 0 0 0 0 0
194 92 378 273 682 1657 57 141 271 1489 3083 2245 291 2 24 22 18 308 192 110 429 481 80 16 147 10 49 11 278 170 80 2704 7929 25 9 3 50 86 10 22 246 3 34 498 429 243 164 12 12 192 27 78 44 140 63 60 96 346 22 0 49 10 50 27 19 145 216 76 41 7 7 8045 1241 704 339 15 5688 1010 5528 60 68 113 219 133 373 396 309 189 52 91 45 71 32 4 42 4447 5792 223 163 21 57 102 102 94 83 353 30 44 91 78 629 489 2 5 10 13 2 18 37 48 115 164 195 110 76 12 37 3 2 7 53 33 224 1183 27 708 11 2 879 445 8 38 1 19 189 10 9 6 273 34 10 4 2 11 1 8 15 11 4 8 22 18 3 15 115 9 8 7 3 5 115 27 17 11 6 7 7 3 22 9 839 1381 208 5 6 611 6 8 10 13 84 21 5 114 221 11 66 23 0 4
29 5 22 9 171 193 5 8 18 9 3 85 443 27 63 47 46 1029 562 243 185 332 127 52 208 19 133 45 105 45 44 199 3065 38 40 6 111 1877 12 73 134 11 67 5639 337 657 420 13 6 129 11 29 16 80 26 18 44 247 133 12 90 9 60 44 28 78 125 265 29 5 6 1241 11401 713 321 17 919 485 5137 20 40 49 90 49 126 235 371 93 30 56 32 35 3 3 53 981 161 23 130 12 11 15 24 15 15 27 3 6 8 9 41 32 5 10 28 30 11 54 104 113 313 371 418 103 76 28 90 3 2 16 55 31 36 442 14 337 20 9 761 525 29 140 5 12 129 5 8 8 657 77 33 1 3 3 0 10 6 4 3 3 18 5 0 13 56 37 13 19 4 6 90 30 69 36 11 31 2 2 33 12 191 1059 394 23 13 377 4 5 15 14 43 9 5 46 67 3 55 18 0 18
