20.5271669252026 22.8288754470654 27.8518462224144 32.0366353440949 53.667268400585 52.8803896141352 36.1224301388459 23.8416397916153 75.3263161603142 36.0616324814475 64.8409683227539 64.2387399153857 151.474029541016 156.0650422838 141.508398486722 125.560754255815 113.375907897949 198.83498840332 164.912525177002 129.944681803385 119.730161972246 123.79498238997 184.713237762451 183.157876586914 146.603841035262 172.523834228516 174.765422276088 144.521895668723 43.6939279113489 23.1882350759389 87.6810063012212 57.2590243138305 132.936129281687 198.663124084473 171.751918792725 95.3387413024902 149.433109828404 228.857574462891 151.059373474121 201.921910603841 105.349285321815 179.629693603516 205.781297471788 213.881156921387 162.026397705078 206.788427734375 148.175399271647 180.26076854359 156.858480957733 193.427545400766 161.057911554972 179.87701069225 123.517111093647 109.194906986454 133.554917034193 121.167633020223 99.1024196430788 138.393957773844 117.594605582101 0 179.494376046317 191.592169977004 199.185264892578 184.755142211914 165.556140899658 214.673440115792 110.437634879844 145.193528262052 178.78336617606 195.592415886956 196.781287453391 114.126698385809 157.754244837268 179.986970167894 156.138093709946 163.931640625 105.442710876465 104.087432861328 138.462585449219 168.922284639799 193.8989825978 186.234558105469 134.395228175083 115.027354418369 120.983900688124 110.742378095886 136.542356945219 196.211845397949 190.922269984654 202.566842651367 200.854144626194 159.568068792267 182.408922205857 184.722170148577 196.885273554554 120.253007103415 86.5207214014871 63.7674580299649 136.260940551758 130.77535699915 177.02329158783 175.082704816546 184.193120089444 180.27716513241 176.97268371582 173.515345322458 157.360836029053 126.640939600327 162.836866106306 136.886721293132 154.043027242025 168.471641717955 0 0 0 0 227.193969726562 235.426574707031 165.534034729004 205.982864379883 231.14714050293 235.02815246582 231.15816116333 219.596455891927 212.490852355957 162.126174926758 0 0 0 208.031753540039 202.368017196655 152.16674041748 156.00949768793 169.245180511475 0 165.463207445647 0 0 189.485843505859 202.862670050727 0 0 0 196.571975708008 180.330017089844 0 0 0 223.331514358521 0 0 240.732086181641 237.812688191732 0 202.848983764648 219.843521118164 216.711405436198 204.598327636719 0 242.96435546875 244.21159362793 0 234.282684326172 185.32873916626 160.311901092529 0 0 0 0 0 204.783493041992 177.281005859375 0 0 0 0 0 234.82640838623 234.345199584961 0 152.371485097785 177.324718475342 167.895572662354 0 233.632614135742 156.586893867044 221.432495117188 211.565768432617 236.091833261343 241.147003173828 224.490030924479 239.063710530599 0 166.771781921387 127.704790344238 232.787963867188 206.59548441569 158.974601745605 0 181.063499450684
22.8288754470654 9.74699372144497 21.3490442398707 25.6828569253754 19.4800517458311 40.9775224724072 59.1525804414524 73.9829738736153 85.8597172328404 117.263976023747 77.4418487548828 60.2815979079073 0 159.613952636719 139.760131835938 150.268371582031 0 0 131.372463226318 120.887804667155 115.978442504027 123.22321131972 102.468322753906 197.012725830078 128.667684555054 0 168.790225982666 162.563209533691 79.2382433755057 22.0976656281017 61.1083558047259 62.5395092010498 104.259642283122 77.3277359008789 0 0 128.506546020508 170.440631866455 123.982574462891 135.218276977539 106.89372665633 0 220.829849243164 0 0 212.677627563477 132.080622355143 193.638529459635 173.795072115385 191.581619262695 170.476762390137 183.327046444542 143.487167621481 123.134341625457 148.97334913774 126.846717071533 78.3449354171753 106.068252563477 0 0 163.456092834473 193.637640380859 175.228722466363 130.631759643555 143.860696792603 0 102.048965888687 105.208274841309 161.538920084635 202.502299717494 231.801040649414 91.2761560937633 139.681260681152 94.2782414754232 127.629783630371 232.632995605469 89.0149057749155 126.070541381836 117.273752975464 178.390941619873 198.552341461182 179.690612792969 145.304448160632 122.542699740078 126.705062113405 112.173527308873 128.926711527507 220.797871907552 207.759643554688 189.92301940918 197.547874450684 167.992038200642 191.126667976379 190.546802520752 212.438624988903 109.059898058573 81.6303284962972 85.042657998892 133.605582682292 144.272987365723 174.574478149414 176.309438069661 186.230512830946 181.22755279541 168.33073425293 172.853693468817 166.081322564019 128.212120056152 167.894399789663 142.249010721842 154.444536635455 172.015111897786 0 0 0 0 0 0 183.117004394531 0 241.86799621582 0 194.866851806641 178.855400085449 179.376752580915 0 0 0 0 0 164.633911132812 168.277339935303 158.044890183669 161.142224175589 0 149.760130705657 0 0 172.282271067301 156.531102498372 0 0 0 193.428039550781 184.419612884521 0 0 0 201.466285705566 199.483207702637 0 0 246.952117919922 0 0 0 0 206.424255371094 0 0 208.559906005859 208.43041229248 140.443130493164 189.290827433268 156.971399943034 233.639221191406 0 0 0 0 199.820905049642 176.401885986328 0 0 0 0 0 0 237.004364013672 0 154.479578077179 157.533790588379 117.674514770508 0 0 144.350050449371 0 215.527862548828 0 0 222.503862380981 226.597274780273 0 170.473563454368 124.451589902242 151.936973571777 193.325576782227 178.920944213867 0 0
27.8518462224144 21.3490442398707 11.6190881276111 22.8963764652416 153.072104306565 98.0078807229479 65.3406841712757 18.3768534706405 69.6037720470894 30.3669471343632 89.0521508761815 24.2707342378625 0 148.777493794759 197.394274711609 154.702586364746 211.020927429199 207.938131713867 141.006454467773 204.966866629464 117.033411982539 126.463763427734 145.453191630046 212.110787527902 147.059672110421 217.013378143311 188.083895002093 189.387001037598 95.5119496236668 104.168424494126 133.262007315954 117.371232839731 154.466789245605 190.245269775391 150.727554321289 0 181.77675374349 197.183656964983 188.103282928467 167.919387817383 107.145846087691 180.922500610352 203.183998801491 216.766784667969 148.989369710286 207.743078613281 167.476620483398 181.410317557199 168.54522925929 190.667153098366 167.836513743681 186.742886907404 140.134683886145 121.979715939647 147.054829729735 129.154486691713 120.828520056907 188.21852684021 134.573329925537 0 198.459379408095 198.353933872321 201.417839355469 195.069213867188 175.460158454047 200.958084106445 107.362923801967 151.708811442057 176.637165614537 199.781439365485 204.165682983398 99.7142724032124 176.381889343262 143.992486953735 170.884911788137 204.214569091797 89.2113747555985 113.859508514404 118.078493221786 188.953160603841 199.996986449234 188.877453274197 144.700515000717 124.143171958553 125.666224158016 113.224226343552 138.859916486238 206.192661921183 196.928236461821 212.158382415771 205.22583770752 168.120469165298 188.216628713706 190.803782829872 199.400123997738 172.130166888237 74.8691027528854 88.3748857196204 136.990604031471 155.999203491211 171.608507757318 168.742432512556 178.096149913052 174.082815987723 160.408837691597 164.171272800964 158.840081487383 129.634131798377 164.662297001591 138.776478050029 151.138859661555 169.113521058681 0 0 0 0 248.275619506836 191.288009643555 214.070220947266 203.622131347656 215.681645711263 203.729182652065 182.55392238072 182.960713139287 190.94117528742 166.102607727051 152.479598999023 0 0 0 193.672275045644 156.009182400174 151.44346686637 159.046129956657 234.725646972656 156.745960270593 0 0 172.470562889462 183.823581695557 0 204.68212890625 0 198.885327148438 190.929806137085 0 215.301712036133 192.010131835938 223.474334716797 195.65266418457 0 0 237.047157287598 245.530838012695 0 212.817237854004 213.401290893555 240.13298034668 0 0 219.690155029297 223.979082107544 218.592227935791 198.47950914171 157.142105413943 171.725158691406 0 0 236.846389770508 171.743576049805 204.375241427951 187.642985752651 213.008260091146 192.659240722656 238.96076965332 0 0 0 198.965362548828 0 148.337970999784 159.180719344342 135.832833353678 185.531631469727 239.197479248047 140.820294279211 220.117988586426 212.995602925618 237.385935465495 184.544200897217 211.523963928223 232.786432902018 0 158.397154979217 126.557112618098 178.309334891183 200.546996116638 197.108896255493 0 186.793884277344
32.0366353440949 25.6828569253754 22.8963764652416 13.1298451591324 20.7966877147877 19.9834224815933 78.6180551124341 87.2863435745239 82.7494974136353 89.2589521299709 40.0566565501384 30.4252301951637 0 118.086942036947 117.634968058268 135.574587504069 108.660850524902 153.759752909342 124.612559000651 103.040570259094 108.576447252033 116.424603739583 100.921642485119 158.594554901123 118.864373580269 0 149.480255126953 122.972470370206 82.3332261761415 26.1946754285229 37.7221081974995 63.4552859570607 117.959302549009 171.579544067383 119.154357910156 132.934585571289 112.719848632812 148.347763061523 125.746061325073 121.415252685547 100.208842954774 0 191.637550354004 153.33332824707 0 164.023849487305 116.668513827854 156.055611746652 164.600140380859 0 158.131557888455 192.094889322917 144.75383477462 121.940234076898 154.226059223044 129.391499220723 77.8407233251284 129.486310323079 97.8430595397949 0 148.127279009138 187.163067157452 156.520055498396 132.138389587402 138.09752038809 0 96.552641170972 107.914590072632 150.981786939833 192.917512512207 175.813336690267 86.952675082308 168.077119615343 101.223194122314 138.003125117375 161.482299804688 81.7408340823266 115.796905517578 96.8581761340706 155.056396484375 195.433645460341 189.559875488281 145.056269818314 119.342287014331 120.591412456428 105.310181610876 106.100681529326 199.804256439209 195.914248996311 0 195.113086700439 171.200186704978 191.849518806704 193.429143269857 194.510200500488 117.973951665367 72.2356009315042 96.0835784325233 118.252876344274 104.153556422183 171.908956457067 164.228518676758 177.278813001845 173.50804901123 164.810688972473 168.879405212402 158.820640563965 136.295958518982 169.03563376034 138.990900675456 147.887665999563 166.386744710655 0 0 175.977920532227 0 0 0 196.52912902832 187.004928588867 165.249336242676 178.474188232422 188.409326171875 160.219911193848 178.997512817383 161.667053222656 169.939070129395 0 0 0 201.979970296224 167.441488647461 148.706808249156 154.969736970501 201.157012939453 148.417153289353 0 0 152.35000793457 163.061742655436 0 214.073206583659 0 0 173.172236851283 0 0 0 192.181240081787 202.147190093994 0 0 226.799987792969 0 0 199.745574951172 233.684188842773 242.377029418945 182.275497436523 0 220.351440429688 218.467315673828 165.350807189941 177.519982910156 151.561238606771 0 0 0 0 0 201.997371897978 170.599258422852 204.551386515299 0 0 0 0 0 193.250762939453 0 147.537757806611 144.660397363087 126.985443115234 0 0 140.291037045992 0 0 234.219568888346 202.504244995117 222.235798427037 210.153457641602 0 159.915947875977 124.318188339917 152.042297363281 197.278504689535 0 0 0
53.667268400585 19.4800517458311 153.072104306565 20.7966877147877 11.5804669339153 24.3347303988887 63.5616250442246 94.2079787514427 74.7597007751465 139.508380677965 74.5818713859276 59.512598123068 118.194002787272 93.8463164329529 92.7499901183108 97.7752384495091 92.3443129166313 109.262674147083 104.524693254111 82.016036364497 98.2905187939841 100.443334344717 99.1950531005859 155.12350209554 100.3885152751 150.127436828613 127.099343661604 111.260806793862 53.6946350413742 31.9637840897824 20.4150712992114 40.7164714517649 57.5150441923596 71.5453463373957 98.2633943557739 87.9577059064593 84.9116549024395 93.8747416904994 102.534726056186 116.799499511719 88.2325765965349 172.915376663208 152.772916793823 114.888148784637 187.257743835449 121.712755112421 100.012027539705 149.892381117079 141.876255459256 173.940601348877 142.3364777565 174.268434478015 123.492254523821 104.307157540536 131.56231212616 114.851416787983 37.3885884442529 59.2713595881607 97.7487781665943 103.300735155741 121.124638219034 173.169272336093 142.109186945735 140.667670822144 121.32494354248 207.667388916016 84.3020942865416 83.4695747548884 133.007417519187 182.532772411 172.057093081267 62.1613370218585 70.7824804517958 83.9138900756836 22.0282501607172 124.476844640879 84.5541421716864 0 76.0104352510892 138.514038085938 181.985313184334 0 128.372912621781 105.174876584208 108.239278192247 90.3001109522404 84.0020775883835 172.432574680873 172.123457336426 0 147.23199005127 151.720069561974 175.202695979628 172.94262972745 174.295231354542 23.3786513659091 74.929525086374 75.2808724516755 93.4873118516876 57.4035821853145 168.190158843994 159.60617980957 164.648773193359 153.55440826416 143.063051859538 157.042474920099 138.688285827637 165.504760742188 161.088150024414 143.296766281128 141.750288679793 155.224884315773 0 166.776412963867 165.372264862061 155.115371704102 0 150.096626281738 168.888824462891 169.490215301514 149.856542413885 165.548241751535 165.179530750621 163.386173248291 184.578643798828 148.811325073242 137.921197509766 0 0 173.410166422526 179.207885742188 175.050674438477 139.053941345215 146.04853573361 0 156.767372131348 0 0 157.393731400773 160.197090735802 165.349151611328 148.073875427246 178.124038696289 247.197402954102 165.795364379883 0 159.899387359619 0 158.431696573893 183.899345397949 174.58235168457 0 219.143394470215 0 0 0 0 0 0 240.514383951823 214.251914978027 204.115196228027 0 180.185920715332 159.279804229736 140.320999145508 223.802032470703 176.742004394531 0 0 181.875768661499 0 194.227855682373 145.114395141602 232.086532592773 182.951751708984 0 0 186.70556640625 0 135.836682719569 139.125289050016 136.741834640503 182.722579956055 187.266418457031 132.546779632568 218.728302001953 183.75764465332 229.239616394043 163.772506713867 201.262928009033 236.025444030762 0 165.071614583333 100.169576644897 0 167.281433105469 180.074150085449 0 0
52.8803896141352 40.9775224724072 98.0078807229479 19.9834224815933 24.3347303988887 13.8587448404299 69.5200835115769 87.1324366141057 74.0746596654256 64.9059424930149 27.1646419737461 30.1447315729287 131.402767181396 112.131569756402 102.432645284213 107.194967746735 102.926498066295 120.164870608937 110.116983181093 94.1001744588216 103.169393381258 109.105561374175 94.628474406707 159.117969512939 107.274288087733 146.269924163818 137.68637713264 112.760657628377 83.884083686749 44.0291563221019 49.4583951364649 28.3055522894473 63.9349410433165 96.5212415059408 111.375335693359 102.434945242746 106.10209197998 111.67530186971 110.862488596063 116.329693385533 100.986239108792 0 160.338580322266 145.170037841797 166.633766174316 136.452262496948 103.274120924208 159.939424851361 169.424470381303 149.969879150391 166.691205705915 184.841780442458 143.635274540294 122.471620241801 150.579580387599 134.377059334203 82.7768277659 74.1457143511091 103.367922973633 93.3102823893229 129.237398667769 177.431014251709 155.012579900568 151.332476967259 125.031182306463 172.88639831543 101.976418980685 98.6194624900818 142.352320922048 192.832716289319 182.563071415342 66.1363930388539 80.3504330926609 85.7286024093628 111.276399612427 145.701906840007 81.5488875797817 93.0327224731445 75.8792710704188 174.659820556641 199.554496765137 225.614776611328 143.554500962397 121.908307645009 120.836425187636 105.469030872806 93.1694964159716 187.836650848389 196.278440202985 0 186.310250854492 171.976036302971 188.349120330811 191.905061086019 180.355616816768 32.7251065091772 64.1360625093999 90.7657701413925 103.526236386366 84.0458974423616 172.714478436638 161.258278165545 169.52937746048 162.282051086426 154.764510659611 159.515955570766 148.942866007487 124.581774139404 158.917480291322 127.092612942782 143.673046382927 159.656107190962 0 0 167.883041381836 155.859443664551 0 160.284301757812 153.011054992676 183.767587835138 173.577178955078 182.216232299805 163.623712713068 170.299192428589 172.432761452415 147.478469848633 152.659591674805 0 0 182.207656860352 180.274017333984 150.386605002663 144.706060671339 145.986757816753 137.768936157227 144.179552564434 167.64143371582 0 148.313266277313 149.680569273053 180.461517333984 157.117000579834 0 191.513153076172 174.362790621244 217.091430664062 196.751708984375 163.845443725586 148.413278916303 195.023793538411 0 0 222.73331451416 0 0 0 226.585342407227 239.576141357422 0 0 204.16770324707 212.894719441732 215.91845703125 194.971473693848 149.23286172618 163.277359008789 166.475860595703 189.402099609375 0 0 194.670152606386 173.198977661133 183.865966796875 0 0 208.138294219971 247.421798706055 0 209.177089146205 214.34553527832 141.386099656962 140.833399722451 116.927866849032 234.841430664062 203.602279663086 130.075492735832 208.232727050781 184.334449768066 225.605383300781 192.15355355399 208.487382776597 228.596092224121 228.334335327148 149.977160045079 119.266862770946 170.457751464844 191.434930974787 169.560236612956 0 201.700500488281
36.1224301388459 59.1525804414524 65.3406841712757 78.6180551124341 63.5616250442246 69.5200835115769 10.9223560120235 18.9613679475003 17.0789041163818 31.331621066979 51.1449238748261 65.4970412637996 102.120937347412 0 0 0 0 143.008422851562 143.017963409424 108.407432556152 122.784364318848 144.473641289605 0 174.950241088867 146.679443359375 0 208.431015014648 178.063598632812 27.5671284475577 43.0236513390726 86.3425352478027 81.2573286692301 115.67001953125 143.664515177409 0 0 94.0586700439453 166.310520935059 125.792304992676 0 97.792295728411 167.993835449219 0 0 105.861315409342 226.830093383789 188.943561553955 148.121841430664 137.645906448364 140.020166015625 136.323006820679 154.928368486677 90.6825256347656 79.4036357725933 105.434739092796 102.962743619593 126.994387732612 0 0 0 170.190795898438 163.770562744141 200.621040344238 196.545707702637 155.281066894531 74.4215621948242 125.990102697302 0 167.532903035482 161.495536804199 162.717549641927 79.6154258460329 109.26033782959 119.408458982195 145.719730377197 168.525161743164 64.4002987543742 57.2104301452637 126.721924373082 144.126876831055 172.846451895578 197.909408569336 105.400560214725 93.3304149082729 103.243373344684 113.154845352173 158.654921637641 165.814008076986 149.891937255859 148.190864562988 169.386825561523 135.010859092077 158.145661127 156.794432322184 179.908548627581 116.107896887738 40.8160291944231 27.0449903624828 159.585571289062 104.072479248047 134.743566659781 159.388767242432 145.008679903471 143.475601196289 146.097497940063 137.529219585916 129.521471977234 92.0912873404367 124.860276699066 99.3938629150391 124.365312929507 131.481172758957 0 0 0 0 0 194.283706665039 0 0 218.935729980469 0 141.028579711914 131.703838348389 205.850448608398 0 0 0 0 0 139.92491607666 113.594436645508 125.784882354736 137.836568749469 107.516342163086 150.351097800515 0 0 195.462483215332 187.114721679688 0 0 0 150.606262207031 131.484227498372 0 0 0 153.160420735677 0 0 0 0 0 0 187.783279418945 0 196.733642578125 0 197.074554443359 181.799781799316 0 0 197.222793579102 120.415010452271 0 0 0 0 0 204.521886189779 157.050598144531 0 0 245.325042724609 0 0 0 0 0 116.105136235555 144.588008880615 103.719253540039 0 0 114.015233866374 0 169.420120239258 224.294864654541 0 202.036651611328 203.677108764648 225.869773864746 126.640764872233 111.301015853882 92.2726631164551 208.010833740234 0 0 0
23.8416397916153 73.9829738736153 18.3768534706405 87.2863435745239 94.2079787514427 87.1324366141057 18.9613679475003 12.2573514700502 17.3818857630023 18.2787800096586 42.3535820612832 54.3018163924124 0 0 182.035623550415 207.502792358398 224.080429077148 241.830184936523 0 124.999000549316 111.245412489947 151.504892985026 176.775970458984 199.260032653809 153.404408772786 0 0 0 66.7012281365828 63.0732242434633 125.158019002279 80.594578742981 169.964530944824 185.382827758789 0 0 164.465927124023 0 232.119689941406 193.459518432617 98.5240397202341 0 187.560089111328 0 0 198.213745117188 225.418640136719 212.734718322754 157.911336113425 198.364711761475 153.808855810831 175.495336605024 111.009980890365 99.1917976869477 123.598831093072 110.913008591224 131.355530682732 183.283737182617 0 0 142.626113891602 200.697165595161 207.790571212769 214.913841247559 200.78263092041 226.152572631836 121.827074856228 201.034250895182 212.509341430664 182.478804452079 175.925582885742 63.0104216988205 194.324480056763 123.145713806152 161.64238802592 188.182899475098 136.556052071708 93.694938659668 167.92978922526 163.537350972493 187.134001555266 185.054295857747 123.145860812717 107.806644498385 113.075870164478 111.590998044578 155.955167497907 187.879224141439 187.594806126186 183.811935424805 189.085123062134 150.399023387743 174.871397347286 177.383848571777 189.136458333333 141.579351970128 58.2434634399414 54.9183859930413 145.503718058268 117.877085367839 149.392332712809 151.841632080078 161.858606974284 163.087464072488 139.496513366699 151.775763829549 149.079711151123 111.906222123366 137.06982587885 120.59827604748 138.18764368693 152.885956259335 0 0 0 0 0 0 168.908599853516 0 0 158.290557861328 0 162.511512756348 163.726923624674 0 132.011795043945 0 0 0 143.191125488281 135.100601196289 136.244337522067 150.630871019865 0 160.167965480259 159.728179931641 0 162.920787811279 205.985383605957 0 0 0 0 191.689707438151 0 0 0 196.103668212891 0 0 0 248.0810546875 0 0 0 0 246.035751342773 236.481399536133 230.216812133789 205.005096435547 0 0 156.375846862793 146.871514320374 0 0 0 0 0 192.982933044434 225.197204589844 0 0 0 0 0 0 0 0 134.820275233342 166.26403427124 125.253129577637 0 0 136.561452345415 0 216.626001993815 235.438907623291 0 205.620193481445 216.163884480794 0 139.923225402832 104.056849975586 120.078056335449 224.381754557292 0 0 0
75.3263161603142 85.8597172328404 69.6037720470894 82.7494974136353 74.7597007751465 74.0746596654256 17.0789041163818 17.3818857630023 8.00557632718372 20.248235513785 51.0026569210115 66.1928364547653 86.8448071199305 0 234.578979492188 0 0 100.826894760132 102.087490081787 0 83.253134727478 81.4052480061849 62.1566143035889 121.194892883301 71.7299575805664 0 0 0 66.030877855089 104.807451883952 100.177108764648 47.3277003639623 77.920002256121 0 0 0 154.814399719238 114.332992553711 0 0 105.123012542725 0 0 88.4957847595215 94.8398832505749 97.437028503418 83.1082458496094 0 142.243179321289 113.428810755412 161.685246785482 156.658182244552 68.613332706949 93.6793988091605 110.159134443416 124.409327915737 0 79.2604217529297 109.632995605469 73.9461135864258 104.625569661458 156.399368286133 0 241.200241088867 0 76.8420920372009 110.958347320557 0 0 0 158.510299682617 51.3679943647772 63.3221073150635 44.0938973049466 0 0 39.3637479811448 58.5639129507131 61.1774450603284 138.567113702947 163.245994119083 134.114937059807 112.044405295632 99.4377964564732 113.516985416412 97.5006065368652 142.666906356812 158.23383102417 153.80460691452 135.246286894146 141.947997199164 165.640082465278 168.849999564035 167.726715087891 151.6181640625 76.7660522460938 14.5921135589007 24.4207881116319 85.1650009155273 0 164.496765136719 117.819484710693 139.22297668457 0 140.497314453125 131.016455332438 103.928203582764 85.1306088765462 123.771785736084 91.1914642333984 119.387589304071 130.766473036546 0 0 175.756011962891 0 0 0 160.046875 142.938140869141 114.595779418945 124.393005371094 0 0 0 0 0 0 0 0 142.657150268555 0 107.877384185791 119.243877704327 119.421783447266 110.647321065267 0 0 106.175911797418 122.103450775146 0 0 0 0 113.552574157715 0 0 169.603302001953 102.154861450195 167.852180480957 0 210.651214599609 182.225448608398 0 0 192.865119934082 202.706481933594 203.089904785156 194.160888671875 222.725387573242 0 162.687210083008 0 0 85.9285888671875 0 0 0 178.751510620117 0 147.897918701172 122.512832641602 0 0 187.244415283203 163.353439331055 0 0 170.880004882812 196.648910522461 104.731901168823 98.4686435900236 51.7003701527913 0 175.091715494792 103.374831566444 0 133.045978546143 200.261837005615 0 163.50764465332 192.154058837891 0 0 73.2319595336914 111.446472167969 0 133.280044555664 0 0
36.0616324814475 117.263976023747 30.3669471343632 89.2589521299709 139.508380677965 64.9059424930149 31.331621066979 18.2787800096586 20.248235513785 12.8424341354217 21.1940482567905 23.9731822076685 94.5595550537109 217.14968363444 107.129234313965 0 0 202.765853881836 189.077362060547 206.73210144043 111.77588607525 111.143479999743 138.993324279785 161.70881652832 161.688180541992 156.573745727539 175.672317504883 198.577789306641 87.985956353201 123.434946272108 164.858386039734 44.5899945039016 114.855816459656 161.18229675293 0 0 0 135.11799621582 0 0 95.7179569782027 159.126358032227 215.09733581543 110.943801879883 99.1335655212402 131.741249084473 0 218.76628112793 155.959784287673 118.760556838092 152.504086685181 173.248520533244 109.086770463698 103.179119178227 128.368231859394 123.203173275652 126.959645952497 0 0 0 131.827026367188 188.796493530273 182.487075805664 208.202087402344 185.059371948242 97.2453628540039 124.366127559117 180.031478881836 228.699638366699 186.430829366048 0 35.5259462866389 86.8739598592122 79.4846027188185 185.830905151367 0 44.1082262787768 68.444281578064 85.0407645184061 148.188410186768 189.682046413422 164.865154266357 128.262158358161 115.470605878132 117.7019584211 113.745077662998 129.501299858093 170.328093210856 189.049243164062 146.882950676812 166.014938354492 154.525731652733 172.30076722841 172.99440574646 189.59721660614 136.636084305613 24.662129502797 53.893828718854 127.186657905579 173.472801208496 132.849439359966 148.437944512618 147.851120281937 145.198637032214 139.444449424744 133.929323223588 124.88635781232 101.981793502281 135.698613913662 105.380953125 124.370515351851 142.7933462677 0 0 157.742256164551 0 0 0 179.901931762695 188.583251953125 182.83869934082 164.653772989909 170.298197428385 142.40734569843 168.482494778103 161.122817993164 194.186836242676 0 0 0 161.057499518761 116.125731150309 123.908404920228 130.647359308989 146.685066223145 131.668422845694 0 0 149.611363924467 150.750170898437 0 135.683064778646 0 168.292770385742 171.641230265299 0 0 0 193.072848002116 178.259552001953 0 0 0 229.514760335286 0 169.166061401367 205.80672454834 215.923721313477 197.310722351074 233.756744384766 187.519821166992 180.202604505751 162.801170349121 171.706410725911 130.042216757069 0 0 0 0 116.358894348145 194.496513366699 178.167236328125 0 170.708724975586 0 0 230.433807373047 241.947494506836 181.244972229004 0 122.18853517858 134.89925450864 109.206731908462 0 192.407913208008 113.208458908744 168.802963256836 206.968776702881 225.487808227539 212.101905822754 203.11784362793 224.726862589518 0 135.455097389221 96.4802883244768 128.453499503758 184.221930111156 197.01410929362 0 156.389602661133
64.8409683227539 77.4418487548828 89.0521508761815 40.0566565501384 74.5818713859276 27.1646419737461 51.1449238748261 42.3535820612832 51.0026569210115 21.1940482567905 7.84500723571796 17.8685345622495 94.9827829996745 226.113784790039 112.900337219238 0 97.2688598632812 107.381278991699 0 102.258183797201 94.9667740383664 98.8690267194781 85.6487503051758 136.126083374023 109.115063349406 0 145.549743652344 115.76185798645 94.4060192871094 68.7937412608754 101.4699010849 53.1504002761841 79.0841462271554 0 0 0 0 0 127.0446434021 115.907760620117 108.4068934743 121.918746948242 176.084693908691 70.7022247314453 101.305420769586 120.126857757568 103.527174377441 174.264129638672 148.008148193359 130.167612075806 183.773849487305 177.063107808431 127.366471862793 122.07080359208 148.272126515706 130.260827498002 73.3354736328125 117.183609008789 0 0 136.233596801758 191.986297607422 146.175128936768 0 0 98.8298568725586 99.7408460470346 0 133.150960922241 0 0 17.5464701273594 113.037958780924 53.8778419494629 71.043824005127 0 18.4204752455724 65.1592321395874 29.807048007372 154.801628112793 185.549341837565 136.023508071899 139.258769353231 123.229772440592 121.425707643682 108.995386460248 79.0018623352051 165.773570469448 0 137.180267333984 138.2490234375 172.383113316127 184.498584747314 180.735534667969 190.025169372559 67.6463394165039 34.3879727667566 74.5387447277705 96.4797294616699 70.9699401855469 155.432614556674 144.336884226118 158.179308827718 156.627386443469 136.981526511056 148.815799944329 141.209275987413 110.62719629166 144.03758801912 121.564004604633 130.265932627268 146.626422125318 0 0 177.279769897461 0 0 0 0 162.802261352539 0 186.897239685059 151.976249694824 167.068163553874 169.389406476702 140.091064453125 138.605331420898 0 0 0 171.919498697917 124.761270523071 131.192579028676 136.09697197057 0 125.123121643066 0 168.317520141602 127.164275868734 127.783645228336 0 128.740154266357 0 187.982585906982 166.874880109515 0 0 0 166.246808369954 169.199142456055 0 0 222.246353149414 173.031433105469 0 0 238.761367797852 0 0 242.847991943359 203.584289550781 205.168029785156 152.317169189453 172.450019836426 126.304150263468 132.11051940918 0 0 0 0 190.092933654785 163.379947662354 0 0 0 0 232.542907714844 0 179.859471638997 0 126.305705858314 119.37991104126 87.9442630343967 221.048233032227 0 115.927397838006 0 0 205.723213195801 203.683125813802 201.162928654597 215.402458190918 0 136.225914739793 95.8838021348162 144.800837198893 179.875696818034 148.125192260742 0 177.877990722656
64.2387399153857 60.2815979079073 24.2707342378625 30.4252301951637 59.512598123068 30.1447315729287 65.4970412637996 54.3018163924124 66.1928364547653 23.9731822076685 17.8685345622495 15.254255533179 117.824920654297 134.28942972819 122.295741489955 131.307427839799 122.868919372559 131.980097089495 136.396298860249 119.631881713867 108.347878816054 114.666154459713 111.425286752206 188.422659301758 116.485274056827 0 144.033697648482 143.523567199707 101.207880082678 61.4666260718121 79.4849710049836 20.1969515501802 35.1751444188854 124.021247227987 137.695213317871 107.719268798828 115.256753104074 145.056090545654 138.199999809265 150.33355140686 109.444458356364 121.197895050049 181.685291290283 141.196487426758 123.696555001395 134.458318922255 115.904709498088 174.132469764123 160.456413269043 139.015624237061 188.815301259359 190.968095991347 141.838357840011 131.245451275895 158.409148141239 135.505872402551 98.6276599168777 37.5327748385343 114.945036315918 121.631237030029 158.456999460856 195.589233398438 167.728993007115 145.855964660645 142.775226962182 122.499132156372 107.351680544899 115.216831207275 158.082118810609 206.640070597331 188.759687943892 49.448442059689 92.7242575252757 83.8742197127569 82.8584488578465 150.702812194824 41.3886010763811 86.1723556518555 64.2162901420593 185.36827305385 207.952987162272 195.421478271484 153.696448995106 129.972026928051 128.190780434302 113.409815598334 105.608116073608 200.725479125977 205.64762878418 174.747640991211 204.78323059082 170.595493715201 195.302205702838 200.393831041124 198.963038330078 55.4962055109804 53.2112995989017 86.713899399145 114.452840524561 112.781214175017 166.157134255698 161.866988997026 172.439799059852 169.267896642826 152.755401275443 156.475937543446 155.824323899675 125.4159619448 159.635541936113 132.332563232677 143.988697714377 161.058496119001 0 0 179.635503133138 173.40657043457 0 0 205.117970784505 186.811067060991 179.78987121582 174.446741277521 162.647188095819 168.481217310979 178.330803797795 146.247393798828 153.624925613403 186.221267700195 0 0 176.841285705566 147.865595384078 145.281765658984 148.196073313937 139.783712387085 141.625112047382 221.23600769043 0 142.318405399075 145.576971607824 152.038787841797 199.818420410156 173.626739501953 199.723515101842 173.628702120017 207.417404174805 172.115013122559 172.394371032715 157.213432898888 203.476222446987 164.536392211914 0 0 213.784123738607 0 193.927917480469 230.780990600586 233.326298640325 0 0 210.348301280629 208.719309880183 172.216497802734 193.337370652419 145.468911226131 0 0 0 0 132.039192199707 197.783117839268 183.622905912853 180.344075520833 0 0 0 236.799560546875 0 199.444648742676 190.820892333984 140.952413193471 137.138766578621 100.910759226481 0 0 132.434026333713 195.520782470703 197.077545166016 222.509761810303 194.111926269531 209.199877057757 199.587707519531 238.099151611328 150.370813923497 115.25780779177 169.860185350691 187.271641951341 174.457341512044 200.577987670898 168.836044311523
151.474029541016 0 0 0 118.194002787272 131.402767181396 102.120937347412 0 86.8448071199305 94.5595550537109 94.9827829996745 117.824920654297 9.06626137433062 127.560958862305 150.871257781982 153.075120544434 70.235279083252 47.3299257521118 29.300027519368 65.3934396200134 0 149.022888183594 121.926284790039 99.6842142740885 129.652935028076 0 98.9552634102958 82.2940022150676 192.948577880859 0 0 78.8995361328125 82.4467680794852 0 0 0 107.223390851702 71.5808511621812 94.6158764362335 105.815059661865 74.5602043999566 0 82.2735897944524 38.5659299834141 16.0469594391932 15.4776565535288 110.528678894043 80.367614364624 63.0519676208496 45.3985211849213 0 97.2926567925347 128.673233032227 198.156158447266 0 0 195.095336914062 0 0 0 93.3164071169766 75.7000045776367 67.5914510091146 68.8576471805573 66.5353582473028 23.7292516716848 128.539974212646 131.348175048828 77.0745991298131 144.339773178101 96.2425015767415 84.0433337811342 74.1242628764891 34.808660505664 98.2687196731567 100.510805765788 72.3795769471389 23.1334193432739 68.3467468860019 83.0484749930246 102.681278483073 73.6288427537487 0 192.846649169922 0 136.012995402018 0 93.1986862865847 74.1936052167738 54.3691675677989 80.2732430819807 142.755302429199 166.551158905029 0 97.3245669278232 102.519307454427 75.3948741108179 102.705985175239 215.069244384766 0 0 0 166.498596191406 0 0 0 0 123.394256591797 0 0 0 0 0 96.6453987757365 73.557054877554 107.107934134347 160.244361877441 102.67497077355 157.378560384115 84.946852189037 122.228357103136 93.6614592010685 143.417792256673 144.957931518555 0 0 0 117.894669124058 159.505355834961 106.557236243939 176.097846984863 170.837692260742 192.381706237793 173.728343963623 155.892021179199 163.937497456868 133.305589948382 0 159.172759373983 154.151295979818 85.7048905936939 150.687608718872 95.1196582628333 0 0 116.660787122003 75.9004218199543 65.338156072717 111.634522042623 88.3984243636741 136.341318766276 139.640844726563 127.860188293457 0 122.715446472168 99.9282082451714 224.43505859375 142.656784057617 107.345596313477 0 0 0 0 193.643936157227 123.173545837402 155.826278686523 83.4473797934396 105.328178310394 110.600869750977 43.4188529177829 208.218485514323 174.352656046549 145.725860595703 112.450614929199 118.220542907715 96.9278935471626 151.278396606445 137.412185668945 91.5413826079596 105.593955993652 180.223983764648 152.530720180935 43.4012761797224 0 94.0748305782195 118.752967834473 94.3196983337402 75.4048194885254 141.048863924467 0 226.314651489258 121.270508928997 125.438267047589 148.932189941406 130.472372055054 179.616073608398 194.658081054688 0 0 0
156.0650422838 159.613952636719 148.777493794759 118.086942036947 93.8463164329529 112.131569756402 0 0 0 217.14968363444 226.113784790039 134.28942972819 127.560958862305 18.7691864874631 16.9410192765884 51.7334047645128 19.7355397924781 73.8582373471995 106.024078168367 74.2152490561965 142.855013760653 122.21333857945 67.4147011439006 92.7142939297658 78.2502208437238 94.3683822631836 42.7086657505573 43.8182432987436 113.179132349351 107.315483609537 86.6652191922427 80.1194979349772 81.0054713222716 75.4666971118971 41.1767294308875 28.9838056913997 32.2950251496108 97.2945907695873 65.4744246131495 57.9565968266462 86.0479872809516 70.9433532714844 107.074334802762 127.588905334473 0 162.715673828125 68.3588787439301 160.079432169596 103.849604606628 137.317825317383 213.340751647949 208.056640625 175.239118448893 150.660450995723 186.5931056096 152.056232997349 100.108226720838 61.9037536634486 39.1883905265382 34.0006922758974 94.5297727312361 169.17573928833 132.574342727661 86.8979690793961 100.605788170537 138.801406860352 112.05216338059 76.9708051441096 114.510602370552 209.323165893555 195.344284057617 86.3837394714355 96.465330335829 67.8676296580922 76.7357482972319 122.182074460116 135.382736206055 0 110.561172485352 0 168.886558532715 0 178.60993109809 147.932862091064 157.351293043657 133.634760538737 108.91221836635 183.661137898763 136.846308390299 0 146.073886108398 170.816877885298 222.178466796875 163.907623291016 131.16877746582 90.9046520633592 86.7134475708008 122.239335801866 108.250669206892 86.4677475148981 0 0 0 0 0 0 0 0 0 0 121.753967285156 0 122.037818908691 128.054801940918 121.186630249023 112.78443700617 0 113.895531548394 137.828242710658 146.825806753976 133.5354884221 129.405052326344 119.019302786213 0 141.860946655273 103.745666503906 114.877592468262 0 0 131.58487701416 0 0 0 198.258834838867 0 239.558212280273 129.278484344482 0 153.986060006278 153.64391708374 131.876249313354 140.255546569824 132.038269042969 0 125.110740661621 0 0 113.977605183919 113.268470001221 146.638516426086 0 0 187.783737182617 0 0 0 0 0 0 0 0 0 0 0 166.711563110352 200.799049377441 135.483154296875 0 230.395568847656 0 197.07088470459 0 133.237823486328 0 0 181.642450968424 0 0 0 0 0 147.710734558105 98.1251174926758 123.767539978027 142.101287841797 104.205740356445 0 0 191.022994995117 0 0 0 172.316879272461 134.392120361328 0 0 186.619201660156 0 0 0
