41855 4268 9197 9450 684 8249 10017 10659 318 2014 142 4211 0 11 5 1 0 1 0 1 137 105 14 7 17 1 6 22 10384 6797 53 51 137 15 4 4 5 11 5 11 1207 3 28 2 4 5 9 9 22 0 75 82 1812 2203 432 201 47 1 6 0 15 5 35 10 4 0 487 6 70 10 2 80 40 43 32 6 17 2 15 4 25 3 1906 1175 2082 301 8 2 6 1 22 107 46 26 35 24 318 1374 74 17 6 6 6 11 8 80 2 8 7 21 48 104 0 0 0 0 0 0 1 1 0 0 0 1 7 1 2 0 0 0 23 1 34 104 0 21 0 0 11 2 2 2 2 0 13 1 1 0 1 5 0 0 0 0 0 0 0 0 0 1 1 3 8 2 5 0 5 0 0 2 7 7 5 2 0 2 0 0 4 1 135 27 3 0 1 43 0 0 0 2 3 0 0 15 103 4 14 1 0 1
4268 3342 7668 9353 932 4765 221 653 14 60 32 1872 0 4 3 0 0 0 0 0 69 34 5 4 4 0 3 4 641 1477 47 16 55 2 0 1 4 4 1 2 452 1 7 0 0 2 3 9 8 2 3 11 187 245 50 51 73 0 0 0 2 0 7 3 2 0 244 2 24 2 0 25 17 6 5 3 1 0 2 0 4 0 284 323 600 155 2 1 3 0 7 16 8 6 14 11 141 39 69 6 5 1 2 7 4 34 0 3 1 4 20 36 0 0 0 0 0 0 0 1 1 0 0 1 0 1 0 0 0 0 12 1 9 47 0 13 0 0 3 2 0 1 0 0 8 0 0 0 1 1 0 0 0 0 0 0 0 0 0 0 1 0 4 1 1 0 1 0 0 1 4 0 0 0 0 1 0 0 1 0 38 5 0 1 0 15 0 0 0 0 2 1 0 6 29 1 3 1 0 0
9197 7668 34510 6459 89 2843 1084 20154 103 11588 78 22597 0 3 0 0 0 0 0 1 195 79 3 5 13 0 4 6 1707 363 22 5 24 5 0 0 1 10 1 11 2293 5 28 0 1 1 4 4 17 0 67 56 980 1238 381 322 66 0 3 1 5 4 7 5 2 0 810 5 17 10 3 16 13 18 13 1 7 0 10 1 22 0 1742 1688 2932 558 9 0 3 0 7 107 50 20 17 13 264 150 108 16 19 4 105 12 6 109 11 6 15 18 83 143 0 0 0 0 0 1 0 2 2 1 1 1 4 1 2 0 0 0 15 0 42 126 0 22 0 0 3 3 1 1 0 1 10 0 0 0 1 0 1 1 0 0 0 0 1 1 0 0 3 6 4 5 8 0 1 0 0 0 10 4 2 0 0 0 0 0 1 0 87 18 4 1 0 34 0 0 0 1 6 0 1 7 100 6 6 2 0 1
9450 9353 6459 17152 3729 14662 486 801 45 254 102 9044 0 12 8 2 0 1 0 1 320 279 19 17 14 1 11 36 1558 4442 81 299 464 34 5 7 14 12 3 14 1482 6 54 0 2 9 15 17 9 4 26 19 448 602 138 140 212 4 9 3 28 8 60 14 10 2 703 20 150 9 1 179 114 30 83 6 5 1 19 0 5 0 734 1011 1844 616 10 4 8 1 23 39 15 11 56 36 590 170 232 23 16 5 31 21 11 161 4 12 7 27 127 255 0 1 2 0 1 2 1 0 2 1 0 6 4 0 3 0 0 3 49 5 67 219 1 33 0 0 16 6 1 4 0 1 17 1 0 0 5 7 1 0 0 0 0 0 0 1 0 0 2 6 3 7 7 0 4 0 3 3 26 12 5 1 4 5 0 0 9 5 227 41 5 1 3 68 0 0 0 9 7 0 1 22 199 11 19 4 0 1
684 932 89 3729 8204 3176 387 80 61 63 70 2511 0 198 54 37 11 73 21 26 554 654 83 58 84 10 79 324 3103 10823 4640 1201 2514 547 36 39 153 193 91 56 1422 24 268 1 11 53 108 170 18 3 17 9 401 635 126 139 2434 245 128 43 132 35 343 72 77 12 1271 101 1045 13 15 616 823 57 1627 128 13 0 67 0 15 1 629 1019 1996 835 26 17 70 6 101 27 15 15 328 1046 447 150 577 163 8 7 3 12 9 73 0 6 3 14 48 130 0 7 13 1 6 0 3 40 11 11 3 13 10 3 6 4 0 4 40 3 53 169 1 31 1 0 15 16 18 5 10 0 27 4 9 2 4 44 7 3 5 0 0 1 0 1 0 0 2 6 4 5 5 0 26 9 4 10 38 8 3 1 5 18 0 1 37 31 194 52 15 2 17 88 0 8 3 9 5 10 4 24 90 3 29 4 0 5
8249 4765 2843 14662 3176 13633 404 602 148 278 235 16431 0 31 11 2 7 8 3 4 482 458 51 10 50 2 14 56 1102 1965 62 3686 3266 189 6 6 17 40 10 21 1182 9 80 1 2 10 16 45 5 2 14 14 320 389 108 131 126 72 14 3 25 8 87 18 19 1 559 26 269 7 2 949 654 67 597 24 27 0 100 1 7 1 531 698 1645 556 13 7 22 0 34 25 5 8 124 863 1454 201 269 31 29 14 26 59 20 321 6 21 21 66 210 557 0 1 0 0 1 2 5 12 3 1 1 17 20 1 14 0 1 0 85 12 141 481 0 93 0 1 33 9 3 4 0 5 46 1 1 0 2 11 8 0 2 1 0 0 0 2 0 0 6 9 8 9 21 0 3 0 0 3 52 23 8 2 1 6 0 0 21 9 570 65 15 8 4 198 0 1 2 18 23 5 0 54 339 10 69 5 2 3
10017 221 1084 486 387 404 10665 7518 1139 4195 621 1628 0 5 1 0 0 2 0 1 42 51 9 7 8 0 1 2 5778 935 22 25 81 9 0 0 1 3 1 3 321 1 15 0 0 2 4 2 7 3 29 38 2295 2240 346 83 7 0 4 0 3 7 24 5 3 1 48 5 39 5 2 80 17 22 10 3 52 1 23 0 10 0 859 282 645 70 1 2 7 1 10 66 22 21 15 14 256 6736 26 5 6 0 4 11 4 39 0 2 3 11 33 68 0 0 0 0 0 0 0 1 1 0 2 2 1 0 1 0 0 0 6 0 19 38 0 9 0 0 3 2 0 0 0 0 4 0 0 0 0 1 3 0 0 0 0 0 0 0 0 0 2 2 3 0 2 0 3 0 0 0 9 2 0 0 1 2 0 0 1 1 53 12 3 1 0 17 0 0 0 1 1 0 0 4 44 2 7 0 0 2
10659 653 20154 801 80 602 7518 17363 2718 33386 1970 6075 0 1 1 0 0 0 0 0 43 13 1 8 7 2 2 2 898 177 14 5 25 6 2 0 0 2 0 1 676 4 7 0 1 3 2 2 14 2 26 32 859 837 259 134 18 0 0 1 3 5 2 1 1 2 197 2 12 3 1 32 5 11 3 1 25 0 4 1 16 1 1061 546 1054 104 2 2 2 1 4 59 31 17 7 3 97 1107 21 7 8 1 36 7 2 42 3 3 110 6 34 80 0 0 0 0 0 0 0 0 0 1 0 0 1 1 1 0 0 0 6 0 10 40 0 7 0 0 1 1 0 0 0 0 4 0 1 0 0 1 0 0 0 0 0 0 1 0 0 0 0 2 3 1 2 0 2 0 0 0 3 1 2 0 0 0 0 0 0 0 42 7 2 0 0 11 0 0 0 0 0 0 0 4 28 1 1 0 0 0
318 14 103 45 61 148 1139 2718 737 2012 391 780 0 0 0 0 0 2 0 0 32 48 6 0 5 1 1 1 134 52 10 33 241 1 0 0 0 1 0 1 46 0 3 7 67 3 2 0 0 52 1 8 201 118 24 6 7 0 0 0 0 0 1 2 0 21 35 2 3 0 1 661 40 335 6 1 756 50 229 30 6 49 51 27 81 11 1 24 17 27 58 3 0 0 0 15 2159 2191 19 3 4 1 0 1 0 14 1 1 2 4 17 12 0 0 0 2 5 1 3 0 4 1 6 2 4 0 4 0 0 1 3 0 2 13 0 2 0 0 12 12 0 6 0 0 5 0 0 0 5 0 2 0 1 0 0 0 0 0 0 1 0 0 0 2 0 0 0 1 0 0 6 3 0 0 0 0 0 0 1 0 15 16 16 1 0 4 0 0 0 0 1 0 0 1 16 1 1 0 0 2
2014 60 11588 254 63 278 4195 33386 2012 22126 12304 27389 0 0 0 0 0 0 0 0 18 12 0 0 3 0 0 0 282 109 1 14 45 1 0 1 0 1 1 0 405 2 2 0 3 0 0 0 4 0 19 14 522 428 140 72 7 0 0 0 3 3 3 1 1 1 54 1 7 4 3 97 8 17 5 0 86 1 25 1 8 2 490 206 493 60 1 4 3 1 8 33 14 8 6 7 1294 1682 13 1 13 5 55 19 9 143 3 9 18 38 131 230 1 0 0 0 0 0 0 0 2 0 0 2 4 1 0 0 0 0 12 0 29 97 0 11 0 0 2 2 0 0 1 1 10 0 0 0 1 0 0 0 0 0 0 0 0 1 1 0 1 2 5 2 6 0 1 0 0 0 7 1 0 0 0 0 0 0 0 0 106 6 5 2 0 19 0 0 0 2 5 0 0 4 113 7 5 1 0 2
142 32 78 102 70 235 621 1970 391 12304 6161 8918 0 0 0 0 0 0 1 0 22 39 4 0 4 0 2 2 99 56 5 23 210 2 0 0 0 0 1 1 107 0 1 0 1 1 0 1 1 1 4 1 103 61 29 18 4 0 0 0 0 0 3 2 1 1 36 1 12 1 0 667 14 21 6 1 37 0 20 0 2 0 93 34 100 28 2 1 2 0 3 3 4 2 1 14 3795 398 8 1 28 9 6 35 18 237 7 11 16 63 163 358 0 0 0 1 1 1 0 1 2 1 0 9 1 1 0 0 0 0 37 5 71 228 0 36 0 0 10 2 0 0 0 1 18 0 0 0 3 0 1 0 0 1 0 0 1 2 0 0 1 12 10 8 8 0 2 0 0 0 27 11 4 0 0 0 0 0 0 0 247 35 6 2 0 76 1 0 0 4 8 0 0 15 226 11 25 2 0 0
4211 1872 22597 9044 2511 16431 1628 6075 780 27389 8918 44276 0 26 11 4 0 2 3 2 652 669 40 13 60 0 26 57 1253 1285 71 1822 4345 50 6 9 7 23 10 21 1734 8 82 2 7 13 34 29 10 2 20 14 419 538 140 168 150 13 13 1 52 12 104 18 22 4 675 17 227 2 5 2122 523 255 163 14 120 7 118 2 11 5 643 867 2098 728 13 6 25 4 39 27 7 5 92 573 8888 867 336 31 146 66 506 197 96 1301 39 53 64 280 924 2070 0 1 0 1 4 2 1 7 13 1 2 79 58 9 23 0 0 1 306 30 440 1657 2 283 0 1 115 30 2 15 3 9 146 1 2 0 9 13 24 0 1 1 0 0 0 2 1 0 16 60 45 40 81 0 12 4 1 3 177 64 30 4 1 6 0 0 13 7 1774 272 48 16 6 595 0 1 0 48 52 2 1 155 1494 79 208 17 0 9
0 0 0 0 0 0 0 0 0 0 0 0 5642 2 1 0 11 44 3265 38 0 2 0 13 0 0 23 66 0 0 0 0 2 1 1 1 1 59 8 3 4 0 14 1126 4721 1217 0 1 0 88 1 1 0 1 0 0 2 0 0 0 11 1 2 26 6 2804 0 0 1 0 1 7 39 1022 0 0 22 3 46 11 5 30 1 1 0 0 0 18 4 21 134 1 0 0 4 0 18 0 0 0 0 3 0 0 1 1 0 0 0 0 0 1 1 103 405 2 2 64 2 924 2 289 2 0 0 0 0 16 2 73 6 6 1 0 0 5 0 0 8 4 230 5 127 3 3 12 19 14 26 1026 1 2 0 4 0 1 1 0 1 0 0 0 0 0 6 0 383 40 2 1114 0 1 15 4 2 47 0 0 27 4 0 4 69 8 4 0 2 0 4 0 1 1 4 17 0 0 0 0 0 0
11 4 3 12 198 31 5 1 0 0 0 26 2 7688 10286 1255 530 350 33 157 60 65 426 358 143 30 2201 2099 245 156 507 2 31 627 2828 2466 1462 339 233 1920 2543 72 271 1 4 18 1398 27 7 5 2 0 14 31 6 3 311 489 1287 382 88 14 151 511 220 6 290 361 930 5 7 1 24 19 811 33 1 0 5 0 0 0 19 41 27 24 19 2 22 2 50 6 0 0 78 300 1 1 90 104 0 0 0 0 0 1 0 0 0 0 0 0 0 4 2 0 5 5 1 42 9 10 12 1 2 0 3 0 0 2 3 1 1 1 0 0 1 0 2 6 12 5 11 0 0 3 1 1 4 29 0 1 2 0 0 0 0 0 0 0 0 0 0 0 1 0 11 1 1 6 1 0 0 0 0 4 0 0 10 4 0 1 5 1 0 1 0 3 0 1 1 5 0 0 0 0 0 0 0 2
5 3 0 8 54 11 1 1 0 0 0 11 1 10286 19010 5837 1087 1252 64 286 42 47 408 210 66 30 1521 4322 98 38 156 0 102 489 881 517 1934 537 455 865 2824 112 222 1 4 31 401 58 9 4 0 0 7 8 4 2 152 149 413 184 152 17 204 406 332 6 151 149 1581 5 6 5 13 11 261 54 0 1 3 1 0 0 4 20 17 15 10 6 21 5 48 12 1 3 114 64 0 1 33 21 0 0 0 0 0 0 0 0 0 0 0 0 0 7 13 0 2 5 4 46 22 38 8 2 1 0 3 0 0 3 1 0 0 0 0 0 0 0 3 9 14 8 10 0 1 0 1 0 2 32 0 0 0 0 1 0 0 0 0 0 0 0 0 0 0 0 20 4 2 5 1 0 1 0 1 11 0 1 19 8 1 4 5 0 2 0 0 3 0 1 0 1 3 2 1 0 1 0 0 0
1 0 0 2 37 2 0 0 0 0 0 4 0 1255 5837 8688 226 3300 2004 1240 7 12 85 132 17 13 493 5731 9 10 66 0 90 647 82 18 669 1014 2066 124 1215 159 106 6 3 35 35 90 15 1 1 0 0 1 2 4 13 89 18 318 250 13 78 53 79 13 14 17 1209 4 7 1 4 62 155 189 0 0 1 1 5 0 5 3 6 2 1 3 41 3 81 21 4 6 69 146 2 0 2 7 0 1 0 0 1 0 0 0 0 0 0 0 11 140 332 4 5 154 13 762 48 744 28 0 1 0 4 10 0 76 3 6 0 2 0 2 10 1 12 9 202 14 39 2 6 0 5 15 116 240 3 0 2 1 0 0 0 0 0 0 0 0 0 0 1 1 77 12 1 64 0 1 9 2 4 25 0 1 20 11 3 9 77 5 6 0 1 8 0 0 0 2 4 8 0 0 1 1 0 1
0 0 0 0 11 7 0 0 0 0 0 0 11 530 1087 226 2257 109 279 2462 54 43 128 59 70 117 73 37 9 4 12 0 169 525 35 203 1894 2210 6 590 693 20 58 86 69 20 92 3 2 19 1 0 3 5 0 0 14 10 14 56 18 2 13 42 4 1 28 10 31 1 1 6 68 179 31 4 1 4 13 7 1 6 4 3 8 4 4 6 8 4 46 5 0 1 23 46 2 0 10 7 0 0 0 0 0 0 0 0 0 0 0 1 30 9 8 16 38 26 91 16 382 186 231 20 18 5 71 7 4 38 1 1 0 6 1 5 41 0 29 131 0 181 7 1 23 6 3 6 186 14 6 0 0 0 1 0 0 1 0 1 0 2 0 0 0 10 4 18 2 4 7 10 1 3 1 2 0 1 8 1 2 25 54 5 0 6 0 1 1 9 1 0 2 1 4 0 12 4 0 8
1 0 0 1 73 8 2 0 2 0 0 2 44 350 1252 3300 109 16468 5008 402 15 41 94 1858 29 35 2995 3527 29 12 83 0 228 856 139 28 742 3551 8271 221 1409 277 1606 125 49 2651 79 434 80 12 2 3 2 8 20 2 30 79 49 217 1390 52 263 1842 350 78 44 28 1840 10 15 1 86 230 170 1036 0 1 5 1 4 5 15 11 12 8 2 27 233 5 387 98 8 39 314 267 2 0 16 10 0 27 0 1 12 3 0 0 0 0 0 2 24 935 2110 27 16 477 24 2257 150 1994 86 4 8 1 25 87 6 589 33 29 3 7 3 29 18 2 88 53 1053 58 516 5 21 51 51 79 366 1454 7 3 22 7 1 16 0 0 1 4 0 5 0 3 35 9 433 175 31 251 11 3 51 16 30 133 2 14 94 57 7 41 207 33 42 5 5 18 11 4 6 25 27 85 0 0 5 0 0 3
0 0 0 0 21 3 0 0 0 0 1 3 3265 33 64 2004 279 5008 39788 4881 8 35 44 268 29 72 1208 632 13 3 16 0 145 222 67 6 420 6662 92 182 520 38 197 8019 940 2865 36 28 7 127 2 8 1 3 1 0 9 12 8 17 147 8 34 287 37 1358 29 8 63 0 2 0 329 7842 31 52 0 22 55 32 17 60 2 2 8 4 3 48 53 66 557 11 1 3 40 87 1 0 17 1 0 11 0 0 4 5 0 2 0 0 1 0 210 900 3240 52 67 2500 301 5349 1459 10717 1305 24 20 11 120 82 11 792 20 19 5 10 6 36 188 6 145 269 924 494 239 8 46 27 20 186 1771 1487 18 1 2 2 1 7 1 1 1 0 1 1 0 2 27 20 388 96 12 1050 23 15 43 12 3 53 1 0 24 11 5 69 1752 41 9 16 8 5 10 15 1 7 23 59 1 0 13 9 2 13
1 0 1 1 26 4 1 0 0 0 0 2 38 157 286 1240 2462 402 4881 6766 59 85 195 152 79 144 259 76 13 6 25 2 258 650 226 22 1180 2294 18 1168 1427 38 141 303 164 42 188 10 14 17 1 1 1 7 1 2 14 14 29 80 32 2 47 101 3 3 42 17 64 1 6 0 78 520 53 13 0 7 5 5 1 17 1 7 14 13 6 8 12 9 109 6 0 4 55 92 0 1 38 14 0 1 0 0 1 0 0 1 0 0 1 0 121 33 77 15 29 139 94 68 633 989 435 5 9 6 66 29 9 183 0 3 1 6 0 8 102 7 40 114 3 270 8 2 15 10 2 17 435 45 11 1 0 0 3 1 0 1 0 0 0 1 0 0 0 21 3 32 4 2 7 8 2 0 0 2 0 0 6 3 4 16 119 9 1 8 0 3 1 4 1 4 11 0 3 0 6 4 0 12
137 69 195 320 554 482 42 43 32 18 22 652 0 60 42 7 54 15 8 59 10145 5719 2736 67 214 103 13 8 165 324 246 55 439 432 0 14 38 252 3 230 1464 32 72 3 5 5 40 5 23 7 1 1 24 23 15 1451 107 18 14 5 8 5 13 10 1 3 62 26 23 4 1 171 569 330 262 4 59 5 55 1 3 5 344 27 6434 577 16 0 12 3 24 23 1 8 52 225 145 22 944 62 3 5 1 1 4 19 1 1 0 0 6 22 1 0 1 2 24 1 22 13 49 6 26 35 16 1 28 0 0 2 10 7 22 94 1 41 1 0 75 73 0 34 0 0 36 2 0 0 21 3 33 0 0 0 0 0 0 0 0 0 2 5 1 2 5 0 3 3 1 2 26 14 2 5 0 3 0 1 1 0 94 122 31 16 0 78 0 0 0 15 5 1 0 17 32 3 45 4 0 8
105 34 79 279 654 458 51 13 48 12 39 669 2 65 47 12 43 41 35 85 5719 22446 4239 968 4523 850 138 25 222 416 486 112 937 1137 12 14 39 815 11 2292 1563 260 1128 22 49 28 461 14 248 20 13 5 69 84 34 170 251 81 29 6 72 54 204 136 17 9 371 147 101 36 13 366 1412 753 867 20 117 25 151 7 18 12 177 334 6034 2153 181 28 94 21 208 192 18 94 575 543 299 51 5306 323 4 10 3 6 10 28 0 2 1 5 14 47 8 4 2 14 71 10 92 20 275 29 123 70 54 13 100 2 0 7 26 7 20 211 3 107 12 1 220 259 3 174 3 2 100 1 9 3 111 26 75 0 4 0 0 1 0 0 0 2 5 11 1 1 12 4 5 7 2 4 58 31 7 12 4 8 0 2 7 6 202 320 94 26 3 128 0 2 3 28 9 7 9 27 61 5 81 26 1 40
14 5 3 19 83 51 9 1 6 0 4 40 0 426 408 85 128 94 44 195 2736 4239 11107 8258 498 5302 392 22 55 38 66 16 157 860 12 35 94 495 10 3314 6636 1321 820 7 7 22 43 5 233 3 6 0 15 30 15 24 47 59 25 25 50 37 54 61 4 2 133 32 41 18 4 39 327 70 302 15 14 4 37 4 15 2 39 71 330 110 20 15 56 7 90 176 17 57 343 160 24 5 265 24 0 0 0 1 2 4 0 0 0 0 1 3 1 0 0 1 6 3 16 5 50 9 21 5 6 1 12 0 0 1 0 1 3 30 2 13 2 0 35 31 4 20 0 0 11 2 0 0 27 5 11 0 1 0 0 3 0 0 0 0 1 1 0 0 4 1 5 2 5 0 9 5 0 2 2 2 0 2 7 6 25 50 19 8 4 17 2 2 2 8 1 1 2 5 4 0 9 5 0 5
7 4 5 17 58 10 7 8 0 0 0 13 13 358 210 132 59 1858 268 152 67 968 8258 14743 1099 3017 3424 144 315 39 115 1 51 205 490 73 144 266 152 12711 6074 7443 2949 8 35 1008 884 16 622 8 14 4 64 126 52 29 317 54 167 36 2941 70 162 782 81 24 942 130 644 40 15 5 90 59 145 111 4 2 6 1 15 3 93 220 208 207 47 26 95 19 1067 467 35 124 605 63 4 2 513 91 0 0 0 0 1 0 0 0 0 0 0 0 1 9 39 2 7 5 9 96 21 18 7 4 1 0 7 4 0 13 3 0 0 0 0 1 0 0 4 14 37 7 41 0 4 6 6 0 5 211 0 5 6 0 2 2 0 0 2 5 0 1 0 0 0 0 112 22 9 48 2 2 3 0 9 43 0 4 64 30 2 7 13 1 19 2 0 6 2 0 0 11 7 4 2 0 3 0 0 1
17 4 13 14 84 50 8 7 5 3 4 60 0 143 66 17 70 29 29 79 214 4523 498 1099 8047 311 298 21 262 53 111 13 102 274 108 21 103 423 2 2820 328 77 655 11 12 20 3088 3 48 5 6 4 116 267 20 26 338 12 147 15 60 26 112 197 18 5 1667 615 44 8 3 20 283 201 405 5 9 8 33 4 7 7 117 626 741 1083 3458 16 20 12 77 35 7 23 279 89 20 4 4124 660 0 0 0 1 1 0 0 1 0 0 1 2 1 1 0 1 17 2 24 10 44 9 24 8 6 4 17 1 0 1 0 0 4 22 0 8 1 0 31 42 1 26 0 0 8 3 3 2 17 3 5 0 2 0 0 1 0 0 0 0 1 2 0 0 1 0 1 1 1 2 8 5 0 0 1 1 0 0 3 4 12 46 27 4 1 8 0 0 0 2 0 3 3 2 1 0 14 3 1 4
1 0 0 1 10 2 0 2 1 0 0 0 0 30 30 13 117 35 72 144 103 850 5302 3017 311 2365 465 5 21 4 10 0 32 60 7 2 55 219 1 3719 1635 112 466 5 12 8 10 2 50 3 1 0 6 21 5 3 5 3 3 3 24 12 51 46 4 1 67 6 19 3 1 1 79 67 12 6 1 3 10 1 2 3 12 34 46 39 4 6 14 5 49 27 5 21 216 19 3 2 68 9 0 0 0 0 0 0 0 0 0 0 0 1 0 0 0 1 2 1 8 2 15 8 12 2 1 0 3 0 0 2 1 0 0 2 0 0 1 0 6 16 1 13 0 0 2 0 1 1 4 2 1 0 1 0 0 1 0 0 0 0 0 0 0 0 0 0 3 1 1 0 2 0 0 0 1 2 0 0 2 1 2 6 9 0 1 0 1 0 1 2 1 2 0 0 0 0 1 0 0 3
6 3 4 11 79 14 1 2 1 0 2 26 23 2201 1521 493 73 2995 1208 259 13 138 392 3424 298 465 15897 5538 427 82 284 2 26 208 5317 403 209 138 133 4384 1517 484 841 3 3 385 972 11 46 2 2 0 42 79 16 4 478 189 493 106 557 11 150 1774 119 50 790 315 192 6 4 2 33 49 363 11 2 0 6 1 0 0 31 109 64 97 42 7 18 7 74 51 4 17 192 70 3 0 271 117 0 3 0 0 2 0 0 0 0 0 0 1 1 69 150 0 2 58 5 743 5 181 6 0 0 0 0 6 0 35 4 3 1 0 0 2 1 0 5 4 167 2 50 0 1 4 3 4 5 332 1 0 0 0 0 3 0 0 0 1 0 1 0 0 0 1 172 12 3 155 2 1 3 1 2 15 1 0 8 2 1 3 16 1 6 0 1 2 0 0 0 3 1 11 0 1 1 1 0 1
22 4 6 36 324 56 2 2 1 0 2 57 66 2099 4322 5731 37 3527 632 76 8 25 22 144 21 5 5538 14355 377 241 787 1 22 738 434 219 496 267 4632 138 256 57 167 3 2 1188 280 62 9 2 1 1 16 32 5 0 482 804 507 546 1595 14 174 585 506 266 375 502 1585 4 6 0 15 63 1170 84 0 1 1 0 0 1 12 44 32 31 24 3 35 3 97 10 1 6 98 449 1 3 75 140 0 2 0 0 5 3 0 0 0 0 1 0 6 379 850 9 2 240 4 2925 14 687 6 3 0 3 4 61 1 280 17 20 0 2 0 14 2 2 10 11 1026 12 452 5 6 37 27 24 36 2409 3 0 1 2 1 1 0 0 0 0 0 3 0 2 13 4 1315 192 13 683 9 3 46 5 3 169 0 2 122 22 2 6 38 14 17 2 0 3 1 2 1 4 21 70 0 0 1 1 0 1
10384 641 1707 1558 3103 1102 5778 898 134 282 99 1253 0 245 98 9 9 29 13 13 165 222 55 315 262 21 427 377 35795 14845 1775 127 449 139 154 31 69 143 77 242 518 64 687 5 13 57 474 96 52 6 43 45 4608 10066 445 71 3228 26 151 18 192 66 503 352 159 5 8026 596 1114 26 14 266 209 234 723 57 38 2 38 2 24 1 1309 4682 898 236 332 17 69 15 203 94 28 52 525 379 396 3667 319 659 18 12 4 24 23 123 6 13 2 19 85 231 0 0 3 0 5 3 8 10 27 1 4 63 47 6 17 1 0 1 82 9 95 473 2 147 0 0 108 44 8 33 4 2 81 5 3 0 19 51 38 2 5 0 0 2 1 0 1 0 5 22 10 9 27 1 17 7 3 9 95 34 17 8 6 21 0 3 36 16 561 227 39 20 6 245 1 4 1 32 27 8 5 53 264 8 83 7 2 12
6797 1477 363 4442 10823 1965 935 177 52 109 56 1285 0 156 38 10 4 12 3 6 324 416 38 39 53 4 82 241 14845 20872 3224 130 484 118 38 29 54 44 60 35 1006 24 226 0 9 37 55 94 18 7 27 16 863 1180 175 108 5702 23 72 13 98 41 309 57 67 6 1698 95 841 12 12 170 192 56 218 73 7 1 16 1 18 0 842 1164 1588 580 21 11 45 2 87 39 16 11 216 419 213 409 272 120 10 5 2 12 10 82 3 2 1 20 48 121 0 0 1 0 2 0 2 16 6 3 4 9 10 0 5 0 0 1 32 3 41 151 2 50 0 0 23 8 9 4 2 0 16 2 6 0 2 20 4 1 1 0 0 3 0 1 0 0 3 10 1 3 10 0 12 3 2 4 8 11 2 0 7 27 0 2 27 23 182 51 7 0 8 59 0 3 2 7 8 1 3 21 121 3 27 4 0 0
53 47 22 81 4640 62 22 14 10 1 5 71 0 507 156 66 12 83 16 25 246 486 66 115 111 10 284 787 1775 3224 12620 41 250 371 145 103 269 146 164 123 500 45 403 0 12 70 221 190 14 11 4 3 163 321 36 43 12703 170 392 91 260 47 566 208 177 14 3141 421 1946 9 29 38 156 25 1795 144 5 0 5 0 8 2 197 654 800 634 229 19 84 8 197 16 5 17 457 957 25 4 1865 7126 2 0 1 0 0 1 0 0 0 0 3 8 0 7 10 1 3 5 1 42 6 10 0 5 0 0 2 1 0 6 2 1 1 13 0 6 0 0 8 7 10 4 6 0 5 4 9 0 3 52 2 0 6 0 1 0 0 0 0 0 0 0 0 0 1 1 38 9 3 11 4 1 0 0 9 25 0 5 61 33 10 10 8 0 20 13 0 11 1 3 0 14 3 3 7 0 2 1 0 0
51 16 5 299 1201 3686 25 5 33 14 23 1822 0 2 0 0 0 0 0 2 55 112 16 1 13 0 2 1 127 130 41 6508 8613 324 0 0 0 23 1 2 72 0 4 0 0 0 2 3 0 0 0 0 17 17 2 5 15 1180 2 0 2 0 5 0 0 0 41 6 9 0 0 535 601 44 2846 1 7 0 54 0 0 0 19 32 109 38 0 0 1 0 1 1 0 0 7 6804 211 31 27 2 4 1 2 0 12 30 1 3 1 3 16 57 0 0 0 0 0 1 0 4 2 0 0 6 10 1 3 0 0 0 16 0 23 110 0 21 0 0 22 8 0 6 0 1 13 0 0 1 2 0 5 0 0 0 0 0 0 0 0 0 2 7 0 3 7 0 0 0 0 0 15 4 1 1 0 1 0 0 0 0 108 53 9 4 0 50 0 0 0 7 8 0 0 17 56 0 17 4 0 2
137 55 24 464 2514 3266 81 25 241 45 210 4345 2 31 102 90 169 228 145 258 439 937 157 51 102 32 26 22 449 484 250 8613 11902 1644 9 10 81 2969 15 100 476 4 48 52 6 115 162 19 2 8 2 3 67 80 14 39 95 487 48 19 53 3 22 13 4 4 228 103 73 1 0 2786 2765 670 1032 18 168 13 93 3 4 3 103 132 465 195 29 2 15 5 25 3 2 4 35 9033 1548 202 204 21 23 32 8 28 61 184 6 13 4 28 113 313 4 3 4 5 11 5 23 25 89 13 21 130 93 19 86 1 0 4 141 16 144 844 3 292 3 0 342 127 3 86 1 4 178 1 0 2 50 20 76 1 0 0 1 1 1 3 1 0 10 37 8 13 48 2 6 1 1 4 177 63 31 15 3 2 0 0 9 2 904 544 111 36 0 467 0 2 1 84 41 5 0 122 355 16 235 36 1 32
15 2 5 34 547 189 9 6 1 1 2 50 1 627 489 647 525 856 222 650 432 1137 860 205 274 60 208 738 139 118 371 324 1644 13807 243 439 2165 2750 312 476 1126 45 321 13 16 168 887 240 13 6 0 1 24 45 6 20 115 2253 1288 2083 294 50 277 118 114 8 211 769 1365 7 25 18 71 258 5256 303 17 5 11 2 5 5 29 109 256 123 57 18 100 7 152 12 1 6 289 3187 8 1 181 72 3 3 1 0 7 13 1 5 0 1 0 7 1 25 36 8 30 16 25 159 119 56 33 68 44 12 51 2 1 19 29 6 13 103 3 82 4 0 195 137 42 85 16 1 95 12 7 3 56 118 60 2 3 0 1 5 0 1 0 0 1 12 4 2 9 4 48 13 8 32 42 25 8 11 15 22 0 3 66 40 101 284 70 25 15 76 2 14 2 25 8 13 14 22 23 1 98 19 1 22
4 0 0 5 36 6 0 2 0 0 0 6 1 2828 881 82 35 139 67 226 0 12 12 490 108 7 5317 434 154 38 145 0 9 243 5534 3005 546 87 10 4697 135 10 207 0 2 10 2048 2 1 2 0 1 15 24 2 1 218 135 1292 278 35 1 64 522 62 1 289 205 116 0 0 1 28 10 213 3 0 0 2 0 0 0 10 39 17 21 13 1 2 0 23 1 0 1 45 32 1 0 74 40 0 0 0 0 0 0 0 0 0 0 0 0 0 2 2 0 3 5 2 31 4 5 0 0 0 0 1 0 0 2 1 0 0 0 0 0 0 0 0 1 4 1 2 0 0 0 0 0 1 11 0 0 0 0 0 0 0 0 0 0 0 0 0 0 0 0 9 1 0 10 0 0 1 0 2 2 0 0 1 0 1 1 6 0 0 0 0 0 0 0 0 1 0 1 0 0 0 0 0 0
4 1 0 7 39 6 0 0 0 1 0 9 1 2466 517 18 203 28 6 22 14 14 35 73 21 2 403 219 31 29 103 0 10 439 3005 2761 2529 270 12 598 89 5 96 0 0 2 995 3 0 0 0 0 2 6 1 0 70 335 3283 801 17 3 40 160 26 0 62 235 70 2 1 0 7 5 277 7 1 0 1 0 0 0 1 5 2 2 10 1 2 2 12 1 0 1 34 57 1 0 19 28 0 0 0 0 0 1 0 0 0 0 0 0 0 0 0 0 1 1 2 5 2 2 2 0 0 0 2 0 0 1 0 0 0 1 0 0 0 0 0 0 1 1 1 0 0 1 0 0 1 6 0 0 1 0 0 0 0 1 0 0 0 0 0 0 0 0 1 0 0 3 0 0 0 0 0 2 0 0 0 0 2 2 0 0 0 1 0 0 0 0 0 1 0 0 0 0 0 0 0 0
5 4 1 14 153 17 1 0 0 0 0 7 1 1462 1934 669 1894 742 420 1180 38 39 94 144 103 55 209 496 69 54 269 0 81 2165 546 2529 4904 3313 120 785 264 11 155 19 5 50 1034 21 2 9 0 1 3 13 2 1 98 598 1963 2081 103 5 41 129 56 2 81 247 318 3 0 4 37 41 725 37 0 1 13 0 0 2 8 12 11 11 12 4 16 3 31 4 1 1 57 339 1 0 32 35 1 0 0 0 3 1 0 2 0 0 0 0 2 3 2 5 21 8 45 25 119 26 47 10 14 3 24 1 1 5 1 3 0 5 0 3 4 0 39 90 10 83 4 0 11 1 0 2 71 21 7 1 1 0 0 1 0 0 1 0 0 1 0 0 0 2 8 3 0 4 6 6 3 1 1 6 1 0 5 4 8 24 26 8 1 2 0 0 0 7 1 0 1 0 1 1 13 3 0 5
11 4 10 12 193 40 3 2 1 1 0 23 59 339 537 1014 2210 3551 6662 2294 252 815 495 266 423 219 138 267 143 44 146 23 2969 2750 87 270 3313 17693 143 888 877 33 272 1501 250 3309 918 141 12 103 3 10 29 58 5 11 109 237 406 407 936 15 113 120 38 44 313 451 453 3 10 9 3212 2081 463 166 17 34 110 43 14 77 41 118 217 175 92 63 89 61 486 10 0 2 157 633 13 2 227 49 1 8 0 2 17 12 0 11 0 0 1 8 31 31 54 47 230 113 434 279 1190 386 700 162 142 33 273 16 6 41 18 10 29 149 5 149 34 3 638 834 52 595 21 5 157 11 13 15 499 168 152 3 3 0 2 7 2 1 0 1 3 20 4 2 7 21 54 29 4 41 136 55 16 29 6 13 0 3 56 25 118 652 442 76 13 120 4 4 1 75 14 14 10 33 34 1 177 34 7 68
5 1 1 3 91 10 1 0 0 1 1 10 8 233 455 2066 6 8271 92 18 3 11 10 152 2 1 133 4632 77 60 164 1 15 312 10 12 120 143 16559 21 172 45 245 1 9 359 28 290 13 5 1 0 2 5 7 2 82 204 52 155 7238 30 207 177 3458 99 40 65 7217 5 10 2 1 11 337 1105 0 0 1 0 1 0 7 7 8 5 3 14 157 6 385 19 2 10 189 189 0 1 7 27 0 3 0 0 2 0 0 1 0 0 0 0 0 114 273 3 1 39 2 565 4 142 3 0 0 0 1 29 1 101 11 3 0 0 2 3 2 2 2 5 480 8 340 5 0 39 68 3 11 1364 2 0 8 2 0 3 0 0 0 1 0 2 0 0 6 2 916 164 19 330 4 3 7 2 15 238 1 7 234 63 1 2 9 5 51 2 0 9 2 1 0 12 19 24 0 0 1 0 0 0
11 2 11 14 56 21 3 1 1 0 1 21 3 1920 865 124 590 221 182 1168 230 2292 3314 12711 2820 3719 4384 138 242 35 123 2 100 476 4697 598 785 888 21 14916 2425 394 2335 16 27 40 1448 14 87 7 6 1 46 125 19 12 320 74 656 203 109 42 180 856 19 6 947 118 92 9 6 7 227 129 166 17 5 2 32 0 8 1 61 291 236 327 88 6 38 11 121 64 6 34 510 93 7 0 760 133 0 0 0 0 1 1 0 0 0 0 0 1 0 3 6 2 17 5 22 24 53 17 29 8 8 2 14 0 0 3 2 0 2 8 0 5 2 0 26 49 8 20 6 0 10 0 1 0 22 23 5 0 3 0 0 0 0 0 1 0 0 0 0 0 0 1 14 3 3 9 4 3 1 1 3 4 1 1 8 6 4 29 27 1 4 7 0 1 3 4 0 3 2 1 3 0 7 2 0 2
1207 452 2293 1482 1422 1182 321 676 46 405 107 1734 4 2543 2824 1215 693 1409 520 1427 1464 1563 6636 6074 328 1635 1517 256 518 1006 500 72 476 1126 135 89 264 877 172 2425 11010 4228 1845 22 59 554 129 40 1624 30 372 158 199 121 2617 1659 339 146 141 100 1337 176 123 233 39 25 356 96 548 147 48 203 607 221 536 125 54 9 60 10 150 10 1788 170 2052 137 19 95 275 82 1456 2019 341 482 793 505 193 60 290 121 1 4 6 6 16 28 1 8 0 4 20 42 2 13 18 2 15 6 26 42 90 31 24 47 45 3 38 6 0 11 34 9 30 187 2 90 6 0 123 89 29 63 34 1 63 13 27 0 38 122 70 9 11 0 0 9 1 0 2 8 2 11 1 3 20 5 65 29 16 18 42 24 11 6 18 55 1 18 83 38 184 227 45 24 31 154 5 17 4 30 16 41 18 31 69 3 75 6 3 21
3 1 5 6 24 9 1 4 0 2 0 8 0 72 112 159 20 277 38 38 32 260 1321 7443 77 112 484 57 64 24 45 0 4 45 10 5 11 33 45 394 4228 6488 3487 1 31 282 54 20 1032 6 8 1 13 21 40 17 47 26 17 5 961 44 47 75 25 15 110 34 581 44 17 2 12 5 75 114 1 0 4 1 15 0 41 49 46 42 4 30 77 25 1186 454 18 95 345 26 2 0 59 11 0 0 0 0 1 0 0 0 0 0 0 0 0 5 9 0 0 0 2 8 0 0 0 1 1 0 1 1 0 2 4 1 0 0 0 1 0 0 1 2 10 1 16 0 0 9 17 0 1 64 0 1 5 0 1 3 0 1 1 2 0 0 0 0 0 0 34 17 8 17 2 1 0 1 13 56 0 3 56 43 0 0 3 1 17 0 1 10 6 0 0 17 14 2 0 0 0 0 0 0
28 7 28 54 268 80 15 7 3 2 1 82 14 271 222 106 58 1606 197 141 72 1128 820 2949 655 466 841 167 687 226 403 4 48 321 207 96 155 272 245 2335 1845 3487 8315 12 502 1594 686 140 5840 134 44 12 120 179 94 35 711 274 230 65 5979 256 1503 5220 954 75 1474 386 4278 185 86 12 84 53 697 718 3 1 19 3 89 15 180 383 339 355 94 181 1184 470 7602 1469 117 911 6626 248 7 4 722 204 0 3 0 0 2 0 0 0 0 0 0 0 0 10 31 0 4 5 4 81 15 6 5 2 3 3 8 5 1 18 14 8 1 4 0 3 2 1 7 17 58 23 68 0 1 76 109 1 7 377 2 41 153 2 2 54 2 0 6 23 0 0 0 0 0 0 184 143 117 83 8 2 4 3 191 237 4 62 507 290 2 5 14 3 268 4 7 115 67 3 0 317 129 8 1 0 4 2 0 4
2 0 0 0 1 1 0 0 7 0 0 2 1126 1 1 6 86 125 8019 303 3 22 7 8 11 5 3 3 5 0 0 0 52 13 0 0 19 1501 1 16 22 1 12 9223 2708 482 9 12 3 1129 12 96 2 2 0 0 2 0 2 0 62 9 12 1 1 489 4 4 11 1 14 122 1158 4024 1 7 209 1220 2366 422 83 757 4 5 1 6 1 408 138 306 1079 1 0 0 18 3 42 4 10 2 0 0 0 0 0 2 0 0 0 0 0 0 30 29 185 13 67 318 108 377 343 1324 384 15 14 5 46 4 2 38 1 2 3 5 0 13 23 2 69 152 40 103 3 0 7 3 2 17 265 62 12 4 7 0 0 3 7 0 10 8 0 2 1 1 1 2 18 8 2 58 13 8 0 2 3 8 1 5 19 4 7 56 392 4 6 10 3 9 8 3 1 15 14 2 2 1 6 2 1 5
4 0 1 2 11 2 0 1 67 3 1 7 4721 4 4 3 69 49 940 164 5 49 7 35 12 12 3 2 13 9 12 0 6 16 2 0 5 250 9 27 59 31 502 2708 7981 3313 29 141 100 4768 9 56 5 5 7 4 13 6 6 1 225 211 353 19 26 2327 31 18 188 44 72 155 505 221 20 56 728 337 971 167 170 637 8 8 21 7 3 1109 484 486 2511 44 10 58 533 11 588 32 19 3 0 4 0 0 0 2 0 0 0 0 0 2 1 1 20 2 1 1 4 3 3 6 4 1 1 1 12 1 3 3 20 17 0 3 0 2 1 1 0 3 35 14 57 2 0 134 292 0 7 539 2 86 266 2 6 116 8 2 26 67 0 3 0 1 0 0 242 134 212 189 8 14 8 0 309 399 13 102 1195 606 3 0 1 16 389 2 28 574 175 2 1 590 180 4 1 0 0 3 0 4
5 2 1 9 53 10 2 3 3 0 1 13 1217 18 31 35 20 2651 2865 42 5 28 22 1008 20 8 385 1188 57 37 70 0 115 168 10 2 50 3309 359 40 554 282 1594 482 3313 3154 41 35 60 53 2 2 9 10 16 3 83 34 27 13 1121 26 215 1240 422 2885 88 102 218 18 15 5 168 173 93 56 29 11 49 2 17 3 13 22 14 20 9 17 41 18 1268 81 12 44 373 68 33 2 28 15 1 12 0 0 1 0 0 0 1 0 1 3 9 235 1284 10 11 83 36 870 82 271 96 4 5 1 17 119 2 304 48 32 1 2 2 16 7 7 23 25 1013 58 955 13 10 121 293 17 56 3672 13 8 11 20 2 5 0 3 0 2 0 2 0 0 22 10 1847 550 53 1547 18 27 27 9 40 697 3 5 777 266 1 8 55 29 101 3 1 19 14 7 4 37 71 62 0 0 5 3 0 2
9 3 4 15 108 16 4 2 2 0 0 34 0 1398 401 35 92 79 36 188 40 461 43 884 3088 10 972 280 474 55 221 2 162 887 2048 995 1034 918 28 1448 129 54 686 9 29 41 4244 22 17 13 3 4 67 185 12 10 756 227 1779 396 139 21 166 416 66 4 1950 870 271 8 6 17 452 208 383 21 19 11 38 5 4 7 62 359 167 435 2949 11 31 10 129 37 4 22 241 103 8 2 1650 452 0 0 0 0 1 0 0 0 0 0 0 1 1 1 2 1 22 2 22 14 52 5 18 9 7 1 12 0 0 1 2 0 0 8 0 5 1 0 27 64 7 27 3 2 8 2 3 0 18 17 5 1 2 0 0 1 0 0 0 0 0 2 0 0 0 0 28 3 0 7 6 1 2 2 0 5 0 0 13 4 5 35 39 5 1 8 1 2 2 0 1 1 2 2 1 0 9 4 0 3
9 9 4 17 170 45 2 2 0 0 1 29 1 27 58 90 3 434 28 10 5 14 5 16 3 2 11 62 96 94 190 3 19 240 2 3 21 141 290 14 40 20 140 12 141 35 22 20293 44 52 10 68 1 8 7 0 85 205 18 18 322 7711 1123 63 162 20 44 91 4705 650 3117 1 28 4 425 11332 4 3 1 16 713 35 4 7 8 3 0 2029 11560 386 4114 48 34 77 436 246 4 2 9 20 0 0 0 0 0 0 0 0 0 0 0 0 0 0 3 0 1 2 2 5 0 0 3 2 2 3 5 3 0 3 2 4 0 0 0 0 1 0 1 2 2 6 3 1 1 73 37 0 1 74 2 160 268 1 8 68 20 2 47 110 0 0 0 0 0 0 15 31 109 3 6 7 0 0 148 41 10 225 315 139 1 2 0 4 241 1 80 107 418 2 0 527 196 3 1 0 1 2 2 3
22 8 17 9 18 5 7 14 0 4 1 10 0 7 9 15 2 80 7 14 23 248 233 622 48 50 46 9 52 18 14 0 2 13 1 0 2 12 13 87 1624 1032 5840 3 100 60 17 44 7443 34 301 31 56 35 369 115 29 10 11 3 202 321 95 22 15 14 99 13 166 293 88 3 6 4 25 94 2 1 0 3 132 12 351 42 104 46 3 194 595 162 861 10698 338 4151 5088 11 5 0 49 7 0 1 0 0 0 0 0 0 0 0 0 0 0 0 2 0 0 0 0 0 0 1 0 0 0 0 0 1 1 0 1 0 0 1 0 0 0 0 0 0 2 1 2 0 1 13 18 0 0 37 0 16 60 0 1 19 3 0 3 13 0 0 0 0 0 0 6 17 40 4 0 0 1 0 42 24 3 33 105 51 2 0 1 0 47 2 3 24 58 0 0 105 41 3 0 0 0 2 0 2
0 2 0 4 3 2 3 2 52 0 1 2 88 5 4 1 19 12 127 17 7 20 3 8 5 3 2 2 6 7 11 0 8 6 2 0 9 103 5 7 30 6 134 1129 4768 53 13 52 34 5811 97 591 5 0 1 0 5 8 4 1 22 75 77 5 17 1367 12 8 129 21 73 124 299 367 20 57 700 460 722 1904 283 3638 4 8 8 7 3 1908 423 1884 1116 12 3 19 150 10 454 19 10 2 0 0 0 1 0 0 0 0 0 0 0 0 0 0 1 0 0 0 3 0 1 0 3 0 0 1 5 2 1 0 0 2 0 1 0 0 0 0 2 1 3 6 0 0 1 49 55 0 1 75 4 70 257 0 1 57 34 4 50 93 1 0 0 0 0 0 10 42 117 10 1 3 0 0 138 31 10 107 378 142 2 1 2 2 300 2 36 467 286 1 0 702 155 1 2 0 2 1 0 2
75 3 67 26 17 14 29 26 1 19 4 20 1 2 0 1 1 2 2 1 1 13 6 14 6 1 2 1 43 27 4 0 2 0 0 0 0 3 1 6 372 8 44 12 9 2 3 10 301 97 10998 17583 297 25 2070 109 4 0 1 0 12 40 10 0 1 84 10 1 5 143 63 5 10 55 1 2 23 9 13 1176 1196 154 799 31 101 5 0 116 87 13 36 8385 4106 620 95 2 14 3 8 0 0 0 0 0 0 0 0 0 0 0 1 0 0 0 0 0 0 0 0 0 0 0 0 0 0 0 0 0 0 0 0 0 0 1 0 0 0 0 0 0 0 0 0 0 0 1 0 0 0 0 0 8 5 0 0 1 99 15 84 63 3 0 0 0 0 0 1 0 0 3 1 0 0 0 1 0 10 21 4 2 0 1 0 0 2 1 12 4 27 0 0 18 3 0 2 0 0 0 0 0
82 11 56 19 9 14 38 32 8 14 1 14 1 0 0 0 0 3 8 1 1 5 0 4 4 0 0 1 45 16 3 0 3 1 1 0 1 10 0 1 158 1 12 96 56 2 4 68 31 591 17583 16634 173 21 1174 55 3 0 0 0 5 170 42 0 2 427 5 0 10 243 320 23 30 301 3 13 104 80 81 14483 3867 873 487 15 83 0 0 685 374 168 159 1002 1591 53 54 1 61 6 0 1 0 0 1 0 0 0 0 3 0 0 1 0 0 0 0 0 0 0 0 0 4 0 1 0 2 0 3 0 0 0 0 1 0 0 0 2 0 0 3 2 0 7 0 5 4 7 11 1 11 14 1 115 68 2 1 11 1656 188 2879 1289 27 0 0 0 1 0 3 5 2 19 0 0 0 0 13 2 158 285 82 24 3 5 22 0 23 23 317 55 526 1 13 238 53 1 18 2 0 1 0 0
1812 187 980 448 401 320 2295 859 201 522 103 419 0 14 7 0 3 2 1 1 24 69 15 64 116 6 42 16 4608 863 163 17 67 24 15 2 3 29 2 46 199 13 120 2 5 9 67 1 56 5 297 173 11191 6614 3708 21 117 1 10 2 15 7 44 29 7 1 570 51 70 23 9 58 57 89 59 6 35 3 19 7 53 3 2496 1047 355 155 60 14 17 4 17 296 109 68 87 39 165 9256 228 73 1 0 3 1 1 9 1 1 1 3 8 15 0 0 1 0 3 1 2 3 12 1 2 10 6 3 7 1 0 0 6 0 9 41 0 20 0 0 24 16 0 8 0 1 12 0 1 0 3 1 9 0 0 0 0 0 0 0 1 1 0 1 0 0 7 0 5 0 0 1 15 2 0 0 0 1 0 1 4 2 47 37 8 4 0 19 1 0 1 5 1 4 0 8 24 0 13 0 1 1
2203 245 1238 602 635 389 2240 837 118 428 61 538 1 31 8 1 5 8 3 7 23 84 30 126 267 21 79 32 10066 1180 321 17 80 45 24 6 13 58 5 125 121 21 179 2 5 10 185 8 35 0 25 21 6614 11360 216 14 284 8 26 2 37 7 76 75 13 0 2164 139 105 7 5 29 74 106 117 10 18 2 16 1 12 4 1012 6252 234 164 137 4 14 2 34 46 13 22 110 111 100 1947 388 222 1 0 2 2 5 9 1 2 0 5 10 22 1 0 0 1 5 1 8 6 31 1 4 16 18 0 9 0 0 0 9 1 5 68 2 35 1 0 34 26 0 29 0 1 21 0 0 0 12 6 23 0 2 0 0 1 0 0 1 0 0 1 1 0 3 0 4 2 0 0 16 5 2 4 3 2 0 0 0 2 65 78 7 5 1 29 1 2 0 7 1 2 0 12 26 0 20 3 1 5
432 50 381 138 126 108 346 259 24 140 29 140 0 6 4 2 0 20 1 1 15 34 15 52 20 5 16 5 445 175 36 2 14 6 2 1 2 5 7 19 2617 40 94 0 7 16 12 7 369 1 2070 1174 3708 216 18150 320 28 0 2 1 37 57 11 7 0 3 78 6 16 137 29 5 11 19 11 8 2 0 3 40 339 7 4137 252 254 51 7 28 39 6 59 2824 573 351 140 8 8 777 52 18 0 0 0 0 1 1 0 1 0 0 2 6 0 0 0 0 0 0 1 0 1 0 0 6 1 1 0 0 0 0 0 0 2 12 0 2 0 0 6 3 0 5 0 0 4 1 1 0 1 6 1 2 2 0 0 0 7 0 10 6 0 0 0 0 1 0 0 4 1 0 3 0 1 1 2 2 2 5 7 5 14 10 2 1 2 8 4 2 4 1 2 5 3 3 5 0 2 0 0 1
201 51 322 140 139 131 83 134 6 72 18 168 0 3 2 4 0 2 0 2 1451 170 24 29 26 3 4 0 71 108 43 5 39 20 1 0 1 11 2 12 1659 17 35 0 4 3 10 0 115 0 109 55 21 14 320 2605 18 0 1 0 13 15 11 2 2 2 13 4 7 17 12 16 40 42 7 3 7 1 7 2 30 1 6279 14 2848 88 4 13 14 1 17 271 63 74 41 26 27 9 83 10 0 0 0 0 0 3 0 0 0 0 1 1 0 0 0 0 0 0 2 0 6 1 2 3 1 0 4 0 0 0 1 0 2 11 0 4 0 0 10 4 0 2 0 0 3 1 0 0 1 1 2 1 0 0 0 0 1 0 0 1 0 1 0 0 0 1 2 0 0 1 3 0 0 0 0 0 0 0 2 3 13 14 3 0 0 4 0 0 0 3 2 3 0 2 5 0 4 1 0 2
47 73 66 212 2434 126 7 18 7 7 4 150 2 311 152 13 14 30 9 14 107 251 47 317 338 5 478 482 3228 5702 12703 15 95 115 218 70 98 109 82 320 339 47 711 2 13 83 756 85 29 5 4 3 117 284 28 18 8932 33 294 34 284 45 590 488 234 11 3760 1295 1305 8 20 51 121 105 1971 64 11 3 11 1 10 0 172 540 537 645 685 12 56 13 225 30 4 25 525 591 65 12 4778 3117 2 1 1 1 2 18 0 2 1 2 16 33 1 1 5 1 4 1 4 17 14 6 6 9 8 0 3 1 0 2 18 4 11 75 0 22 0 0 20 10 6 2 8 1 22 4 8 0 4 43 2 2 4 0 0 3 0 0 0 1 0 2 1 2 6 0 32 5 1 7 13 11 2 1 7 29 0 1 43 16 75 38 18 2 9 39 0 5 2 2 1 7 4 6 32 3 25 1 0 2
1 0 0 4 245 72 0 0 0 0 0 13 0 489 149 89 10 79 12 14 18 81 59 54 12 3 189 804 26 23 170 1180 487 2253 135 335 598 237 204 74 146 26 274 0 6 34 227 205 10 8 0 0 1 8 0 0 33 7899 2755 2642 163 37 352 111 124 4 61 2859 1576 16 19 17 206 53 11616 163 1 0 2 0 7 1 4 5 17 9 12 19 72 2 110 8 0 8 301 3990 11 0 13 44 1 2 2 0 1 4 0 1 0 0 0 10 0 1 17 0 1 7 0 45 1 5 1 6 5 1 4 1 0 3 7 0 6 39 0 11 0 0 21 16 15 2 3 0 15 5 4 1 2 50 2 1 12 0 0 0 0 0 0 1 1 1 0 0 3 0 18 9 4 11 10 4 4 0 7 22 0 2 68 28 37 38 17 2 9 17 0 7 0 4 1 4 4 8 0 0 19 4 0 2
6 0 3 9 128 14 4 0 0 0 0 13 0 1287 413 18 14 49 8 29 14 29 25 167 147 3 493 507 151 72 392 2 48 1288 1292 3283 1963 406 52 656 141 17 230 2 6 27 1779 18 11 4 1 0 10 26 2 1 294 2755 3152 3755 100 16 175 227 118 2 320 1078 529 5 10 1 117 59 1488 17 3 1 7 0 1 0 9 43 13 44 53 3 9 3 52 8 0 5 138 172 3 2 213 119 0 0 0 0 0 1 0 0 0 0 0 1 0 2 3 0 6 1 3 10 5 3 10 2 1 0 2 0 0 0 0 1 0 0 0 3 0 0 11 8 5 4 7 0 1 1 0 0 4 12 2 0 3 0 0 2 0 0 0 1 0 0 0 0 0 0 12 6 2 2 1 0 0 0 3 7 0 0 19 4 4 5 11 0 3 0 0 1 0 2 0 0 0 0 0 0 1 0 0 0
0 0 1 3 43 3 0 1 0 0 0 1 0 382 184 318 56 217 17 80 5 6 25 36 15 3 106 546 18 13 91 0 19 2083 278 801 2081 407 155 203 100 5 65 0 1 13 396 18 3 1 0 0 2 2 1 0 34 2642 3755 2476 79 6 46 59 46 2 15 432 393 2 5 0 5 7 524 38 0 0 1 0 1 0 0 3 4 0 4 2 17 2 22 1 0 3 46 113 0 0 5 16 0 0 0 0 0 0 0 0 0 0 0 0 0 3 10 0 2 4 0 32 1 12 0 1 0 0 0 0 0 1 1 0 0 0 0 0 0 0 1 2 13 4 6 0 0 2 2 0 1 19 0 0 0 0 1 1 0 0 0 0 0 0 0 0 0 0 9 3 1 3 0 0 1 0 0 2 0 0 3 3 0 0 0 1 2 0 0 1 0 0 0 2 1 1 0 0 0 0 0 0
15 2 5 28 132 25 3 3 0 3 0 52 11 88 152 250 18 1390 147 32 8 72 50 2941 60 24 557 1595 192 98 260 2 53 294 35 17 103 936 7238 109 1337 961 5979 62 225 1121 139 322 202 22 12 5 15 37 37 13 284 163 100 79 16513 113 1281 2928 1004 648 323 219 3102 53 23 7 41 28 369 5079 4 1 10 3 23 0 40 56 53 62 28 40 358 41 2296 293 34 148 1926 189 17 1 120 43 0 20 0 0 4 2 0 0 0 0 0 0 9 145 864 6 11 24 9 271 26 102 22 3 8 2 5 69 3 203 35 41 1 4 3 9 4 2 23 22 679 25 885 8 5 159 327 14 28 2402 11 11 41 13 9 12 2 3 2 3 0 5 0 0 17 3 1228 547 70 472 20 47 36 13 52 882 1 19 803 247 0 7 19 35 131 3 1 29 12 16 0 38 118 39 1 0 5 6 1 6
5 0 4 8 35 8 7 5 0 3 0 12 1 14 17 13 2 52 8 2 5 54 37 70 26 12 11 14 66 41 47 0 3 50 1 3 5 15 30 42 176 44 256 9 211 26 21 7711 321 75 40 170 7 7 57 15 45 37 16 6 113 15310 7134 84 153 19 76 25 1807 6599 6691 0 10 2 92 761 6 1 4 65 1635 238 40 22 24 12 5 2633 4197 533 1563 478 483 2586 3525 44 4 0 27 7 0 0 0 0 0 0 0 0 0 0 0 0 0 0 0 1 0 0 0 1 1 0 2 0 2 1 6 1 1 1 0 2 0 0 0 0 1 0 0 0 0 13 2 0 0 66 30 0 3 49 1 318 400 4 9 49 46 4 131 331 0 0 0 0 0 2 7 29 119 1 5 3 0 0 81 29 40 497 261 107 0 3 0 4 169 3 219 104 785 1 0 691 252 0 3 0 1 2 0 2
35 7 7 60 343 87 24 2 1 3 3 104 2 151 204 78 13 263 34 47 13 204 54 162 112 51 150 174 503 309 566 5 22 277 64 40 41 113 207 180 123 47 1503 12 353 215 166 1123 95 77 10 42 44 76 11 11 590 352 175 46 1281 7134 13775 3667 3622 44 651 391 5333 1047 919 4 35 9 826 872 6 2 8 16 300 21 47 107 75 130 46 452 3483 541 4772 86 79 274 4716 324 15 3 198 109 0 0 0 0 1 0 0 0 0 0 0 0 0 0 5 0 1 0 1 8 3 4 4 1 2 0 7 1 1 2 8 3 0 0 0 1 0 0 3 4 9 12 9 0 4 67 66 0 1 108 1 106 198 4 2 64 4 0 23 57 0 0 0 1 0 0 32 49 127 14 4 5 0 1 160 83 10 130 307 191 2 4 2 1 247 1 39 104 173 1 0 405 149 0 2 0 2 1 1 0
10 3 5 14 72 18 5 1 2 1 2 18 26 511 406 53 42 1842 287 101 10 136 61 782 197 46 1774 585 352 57 208 0 13 118 522 160 129 120 177 856 233 75 5220 1 19 1240 416 63 22 5 0 0 29 75 7 2 488 111 227 59 2928 84 3667 5528 2819 60 807 216 2589 17 38 1 22 15 213 92 3 0 5 0 13 0 32 116 63 132 46 14 72 14 483 25 6 25 984 48 3 1 262 80 0 4 0 0 3 0 0 0 0 0 0 0 1 42 79 0 1 12 2 281 1 47 4 1 1 1 0 3 0 29 6 3 0 1 1 2 0 1 4 4 154 4 95 1 1 6 11 2 3 446 1 3 9 1 0 0 1 0 0 3 0 0 0 0 3 0 274 40 8 129 1 0 10 1 10 48 0 4 55 21 2 2 8 2 15 1 1 6 6 0 0 6 13 4 1 0 1 0 0 0
4 2 2 10 77 19 3 1 0 1 1 22 6 220 332 79 4 350 37 3 1 17 4 81 18 4 119 506 159 67 177 0 4 114 62 26 56 38 3458 19 39 25 954 1 26 422 66 162 15 17 1 2 7 13 0 2 234 124 118 46 1004 153 3622 2819 5629 44 209 194 9877 31 58 0 4 2 229 103 1 0 0 0 24 0 5 19 16 21 9 34 122 24 417 11 3 22 863 80 1 0 43 39 0 0 0 0 0 0 0 0 0 0 0 0 1 20 62 0 0 2 0 114 0 2 0 0 0 0 0 7 0 28 5 2 0 0 1 4 0 1 1 1 129 4 87 1 0 9 16 0 2 397 0 2 4 1 0 1 0 1 1 0 0 0 0 0 0 0 280 63 8 92 0 2 5 1 11 89 1 4 114 55 1 1 1 2 20 1 1 15 6 0 0 16 15 6 0 0 1 1 0 0
0 0 0 2 12 1 1 2 21 1 1 4 2804 6 6 13 1 78 1358 3 3 9 2 24 5 1 50 266 5 6 14 0 4 8 1 0 2 44 99 6 25 15 75 489 2327 2885 4 20 14 1367 84 427 1 0 3 2 11 4 2 2 648 19 44 60 44 708 12 10 189 1 8 60 73 327 21 56 293 922 304 1150 84 1143 2 5 1 4 1 425 52 99 3584 3 2 6 64 12 194 11 6 1 0 0 0 0 0 2 0 0 0 0 0 0 0 7 128 1 0 4 1 35 4 24 1 1 1 0 2 0 1 11 8 3 1 0 0 2 0 0 3 3 26 6 41 0 1 11 111 2 10 289 1 5 11 1 0 4 27 1 26 12 1 2 0 0 2 0 85 43 12 254 3 9 2 1 21 93 2 7 155 40 2 3 11 3 35 1 1 30 9 2 1 39 20 8 0 0 2 0 0 2
487 244 810 703 1271 559 48 197 35 54 36 675 0 290 151 14 28 44 29 42 62 371 133 942 1667 67 790 375 8026 1698 3141 41 228 211 289 62 81 313 40 947 356 110 1474 4 31 88 1950 44 99 12 10 5 570 2164 78 13 3760 61 320 15 323 76 651 807 209 12 17318 1883 898 23 19 110 380 440 1984 62 72 13 48 2 16 9 341 7682 1163 3961 1531 22 83 27 329 118 21 70 928 653 209 35 5967 2751 2 6 1 4 12 34 2 3 1 3 15 58 2 2 2 2 23 8 21 13 70 6 25 38 30 7 29 0 0 1 25 9 42 197 1 97 1 0 158 86 10 43 6 1 50 5 5 0 29 32 40 1 4 1 0 1 0 1 0 1 0 10 0 1 14 5 25 10 8 11 51 14 9 9 5 13 1 0 39 15 200 226 52 23 13 109 0 7 6 18 6 7 9 23 77 2 57 11 4 17
6 2 5 20 101 26 5 2 2 1 1 17 0 361 149 17 10 28 8 17 26 147 32 130 615 6 315 502 596 95 421 6 103 769 205 235 247 451 65 118 96 34 386 4 18 102 870 91 13 8 1 0 51 139 6 4 1295 2859 1078 432 219 25 391 216 194 10 1883 4066 1116 7 16 22 533 189 4108 33 20 3 53 6 9 2 37 201 121 296 726 6 38 6 178 13 1 12 337 52 2 1 1499 880 0 1 0 0 0 0 0 0 0 0 0 1 1 2 2 1 13 0 13 8 17 3 5 5 2 0 11 0 0 0 0 0 0 4 0 11 1 0 26 24 7 9 8 0 5 4 6 0 5 43 4 2 1 1 0 1 0 0 0 0 0 0 0 0 0 0 38 7 4 13 5 5 0 1 5 20 0 0 40 18 4 26 20 4 8 8 1 4 1 3 0 4 2 0 3 0 5 2 0 1
70 24 17 150 1045 269 39 12 3 7 12 227 1 930 1581 1209 31 1840 63 64 23 101 41 644 44 19 192 1585 1114 841 1946 9 73 1365 116 70 318 453 7217 92 548 581 4278 11 188 218 271 4705 166 129 5 10 70 105 16 7 1305 1576 529 393 3102 1807 5333 2589 9877 189 898 1116 15997 260 720 10 72 26 3095 8897 6 2 7 5 177 8 66 141 128 102 77 368 2905 240 6380 121 19 117 3115 1307 16 12 191 306 0 16 0 0 4 0 0 0 0 1 1 0 2 26 133 5 6 8 7 101 8 26 4 0 9 1 9 23 1 38 51 64 1 2 0 2 6 0 3 5 203 29 315 5 8 267 584 0 8 1606 10 70 178 11 13 90 4 0 7 38 0 7 0 0 3 0 890 442 186 213 28 72 24 12 310 1301 1 103 2038 936 5 12 4 43 529 2 7 186 86 11 5 334 226 29 5 0 6 3 3 12
10 2 10 9 13 7 5 3 0 4 1 2 0 5 5 4 1 10 0 1 4 36 18 40 8 3 6 4 26 12 9 0 1 7 0 2 3 3 5 9 147 44 185 1 44 18 8 650 293 21 143 243 23 7 137 17 8 16 5 2 53 6599 1047 17 31 1 23 7 260 5549 2229 0 3 6 19 33 3 1 1 54 1809 248 122 10 30 7 0 871 594 105 362 583 2250 1201 653 5 4 0 10 2 0 0 0 0 0 0 0 0 0 0 0 0 0 0 0 0 1 0 0 2 1 0 0 0 0 0 3 1 0 0 0 0 0 0 0 0 0 0 0 0 0 3 0 0 0 11 3 0 0 9 1 98 100 1 0 7 44 2 134 352 1 0 0 0 0 0 2 5 28 2 0 1 0 0 19 4 25 291 60 30 1 1 1 1 42 0 189 22 342 1 0 134 57 0 0 0 0 1 1 0
2 0 3 1 15 2 2 1 1 3 0 5 1 7 6 7 1 15 2 6 1 13 4 15 3 1 4 6 14 12 29 0 0 25 0 1 0 10 10 6 48 17 86 14 72 15 6 3117 88 73 63 320 9 5 29 12 20 19 10 5 23 6691 919 38 58 8 19 16 720 2229 11379 5 6 15 36 315 21 6 17 77 5644 267 24 5 7 0 0 1425 983 199 467 156 225 240 322 21 14 1 4 4 0 0 0 0 0 0 0 0 0 0 0 0 0 0 0 0 0 0 0 0 0 0 0 0 1 1 4 0 0 1 0 0 0 0 0 0 0 0 1 1 0 3 1 1 0 15 15 0 1 35 3 290 229 2 6 16 117 6 247 879 1 0 0 0 0 0 2 11 51 1 1 1 1 0 30 13 93 852 122 40 0 2 2 1 51 0 518 63 1238 0 0 347 143 1 0 0 0 0 0 1
80 25 16 179 616 949 80 32 661 97 667 2122 7 1 5 1 6 1 0 0 171 366 39 5 20 1 2 0 266 170 38 535 2786 18 1 0 4 9 2 7 203 2 12 122 155 5 17 1 3 124 5 23 58 29 5 16 51 17 1 0 7 0 4 1 0 60 110 22 10 0 5 7627 2206 3015 45 3 2684 348 7379 54 10 109 40 64 232 95 14 61 20 52 99 3 1 2 4 1008 3903 429 109 8 29 35 5 32 62 258 6 29 12 28 130 434 1 0 0 3 18 7 14 13 53 4 11 185 137 16 77 2 0 5 194 31 203 1206 3 399 0 0 452 132 1 75 1 6 264 3 0 1 43 13 115 0 2 5 0 3 3 2 0 0 9 68 9 19 67 0 10 5 0 2 225 63 29 24 1 3 2 1 3 1 1322 814 213 66 0 672 1 2 1 97 45 0 1 137 567 12 341 46 5 47
40 17 13 114 823 654 17 5 40 8 14 523 39 24 13 4 68 86 329 78 569 1412 327 90 283 79 33 15 209 192 156 601 2765 71 28 7 37 3212 1 227 607 12 84 1158 505 168 452 28 6 299 10 30 57 74 11 40 121 206 117 5 41 10 35 22 4 73 380 533 72 3 6 2206 12104 3230 646 25 642 473 2156 131 33 257 75 164 540 285 141 155 58 115 323 8 1 3 57 3338 228 22 417 55 7 22 0 12 41 56 1 17 4 6 28 92 9 4 13 13 152 23 137 98 513 59 134 291 231 48 270 4 1 6 75 14 84 680 9 496 12 3 1116 760 15 372 3 5 336 9 7 10 256 46 374 2 6 2 0 3 3 7 5 4 3 64 9 7 44 13 21 9 1 14 288 125 34 79 4 12 1 1 11 7 587 1595 435 152 1 409 4 3 7 162 35 6 3 119 163 15 420 83 19 121
