30246 6896 10482 2616 1991 3802 11735 10337 254 1926 96 1823 0 1 3 2 1 3 0 1 42 21 2 5 27 3 5 6 9505 7596 246 57 97 12 1 1 5 10 6 6 1887 2 11 1 1 1 6 5 5 7 164 280 1794 2407 616 461 39 13 1 1 4 13 32 4 16 2 349 12 29 36 15 26 17 12 39 5 12 0 15 20 71 11 1764 1263 1114 181 33 19 7 6 3 139 126 13 16 68 113 2749 40 17 104 30 182 180 40 399 27 30 89 90 159 411 0 0 0 0 0 2 0 1 4 2 1 5 4 0 0 0 0 0 50 0 86 190 0 50 0 0 23 20 1 0 0 6 25 1 2 1 4 4 0 0 1 1 0 1 6 1 12 7 9 10 5 17 30 0 1 2 0 0 23 10 6 1 0 0 2 2 1 0 154 44 7 0 0 37 3 0 3 1 17 1 0 31 82 38 9 1 0 0
6896 17519 7074 15345 2300 8850 544 204 22 610 118 2699 0 0 3 0 1 2 0 1 40 20 1 4 9 0 1 1 1026 2898 118 14 22 1 0 0 2 5 0 4 901 0 5 1 1 1 3 2 2 0 42 72 388 434 169 176 19 5 1 0 0 5 3 2 6 0 163 3 5 11 1 7 5 2 13 1 6 1 2 5 31 4 548 405 634 90 12 5 3 0 2 38 45 7 2 15 113 259 23 5 105 44 217 172 22 456 17 32 102 96 195 543 0 0 0 0 0 0 0 0 3 0 0 2 3 0 0 0 0 0 60 1 117 208 0 72 0 0 14 13 0 1 0 10 28 0 0 0 0 0 1 0 0 2 0 0 5 1 5 0 13 20 3 19 33 0 0 0 0 0 29 14 4 0 2 0 0 1 1 0 199 45 4 0 1 38 1 0 2 2 18 0 0 39 117 36 11 1 0 1
10482 7074 19355 2296 326 2298 757 7980 162 6873 503 26962 1 0 0 1 0 0 0 0 37 17 3 2 19 0 0 0 601 197 41 11 26 5 0 0 6 5 2 3 1069 0 7 3 1 0 4 3 2 3 59 124 538 489 285 234 15 8 0 0 2 4 12 6 5 0 144 5 10 10 3 12 1 4 17 0 8 0 6 16 29 4 712 518 692 123 11 8 4 0 2 62 82 7 4 19 310 329 21 9 189 72 422 327 53 805 36 63 175 213 311 891 0 0 0 0 0 0 2 0 2 1 1 5 2 0 0 0 0 1 112 0 166 345 1 80 0 0 13 20 0 1 0 11 33 0 2 1 3 6 0 0 0 1 0 0 3 2 5 3 40 28 6 43 43 0 0 0 0 1 38 20 5 2 0 0 1 1 3 0 278 63 12 2 1 71 0 0 0 3 25 2 0 49 192 65 14 0 0 3
2616 15345 2296 12460 3924 12190 122 76 36 1273 261 8187 0 0 1 1 1 1 0 1 50 19 2 0 8 0 1 1 378 704 70 25 37 3 0 0 2 2 1 1 780 0 2 0 0 0 0 1 0 1 33 51 175 162 117 141 16 3 0 1 0 3 1 4 3 0 100 3 2 6 2 14 4 5 14 1 3 0 5 7 20 3 329 254 593 106 14 2 2 3 0 23 22 7 5 12 243 101 30 4 205 69 429 362 64 805 39 63 199 202 378 962 0 0 0 0 1 0 0 0 5 1 0 15 0 0 0 0 0 0 108 2 249 463 3 103 0 0 32 24 0 1 1 9 47 0 1 0 2 1 0 1 0 1 0 0 8 8 5 4 38 35 8 37 51 1 0 0 0 0 53 22 11 2 0 1 1 1 2 0 313 73 11 0 0 62 0 1 2 7 39 0 0 48 228 71 12 2 0 3
1991 2300 326 3924 8268 7455 537 72 12 160 78 2868 2 21 42 92 56 53 24 12 405 344 25 20 85 5 14 15 3344 7364 5207 1079 1164 368 3 4 207 350 97 12 1323 6 26 2 2 20 20 70 8 0 58 86 427 611 123 256 2676 119 14 30 81 29 95 15 89 3 533 35 374 18 7 323 262 33 623 88 18 1 126 6 23 3 729 665 1659 482 56 8 2 7 53 43 33 9 33 2871 121 437 152 83 57 25 101 110 22 236 7 10 43 43 91 293 1 9 11 3 0 2 4 13 15 9 5 11 11 1 1 3 0 7 47 1 100 300 3 108 0 0 77 47 15 1 8 4 22 1 12 9 11 43 3 2 2 1 0 3 3 1 2 2 11 11 2 13 54 1 10 5 1 4 23 13 14 1 3 4 2 2 14 2 190 100 13 0 8 55 1 0 4 6 20 5 3 39 65 19 11 1 0 3
3802 8850 2298 12190 7455 13543 704 102 74 1050 507 13109 0 4 12 21 23 15 9 2 270 212 15 7 69 2 3 2 1321 2449 572 5690 2392 108 0 2 69 140 29 6 1166 3 13 2 2 2 3 31 3 1 45 69 331 404 145 233 89 33 5 3 33 22 27 10 35 1 183 5 128 12 6 321 130 47 72 36 37 0 103 7 22 2 510 412 1063 273 18 4 3 2 30 30 33 5 12 1613 500 386 94 5 188 88 361 364 78 810 29 51 174 170 329 1020 2 4 2 1 1 1 4 10 8 4 4 20 10 1 1 1 0 2 154 3 320 720 4 224 0 0 63 57 5 2 3 16 81 0 8 1 7 24 0 0 0 1 0 1 10 6 1 3 40 41 3 47 111 0 2 3 2 3 72 31 15 3 0 2 2 1 6 1 591 172 27 1 3 169 0 0 1 14 45 1 1 105 230 61 32 13 1 4
11735 544 757 122 537 704 11037 7788 1072 2298 48 439 0 1 2 2 1 1 0 1 13 8 1 0 7 0 4 1 2691 1552 152 70 81 3 0 0 6 9 0 3 201 1 4 2 2 1 1 2 0 0 27 61 891 1487 173 58 17 4 2 1 6 2 10 2 3 1 37 4 12 8 2 38 7 9 13 3 39 1 8 3 19 1 344 186 136 25 12 1 1 0 3 29 36 2 4 40 181 5981 12 1 39 7 54 49 10 114 7 13 27 22 47 99 0 0 1 1 0 0 0 0 3 2 1 1 1 0 0 0 0 0 11 1 20 51 0 25 0 0 2 4 0 0 0 1 6 0 0 0 2 1 1 1 0 0 0 1 3 1 3 1 3 5 1 7 10 0 0 0 1 0 8 3 2 0 0 0 0 0 1 0 46 20 1 0 0 16 0 1 1 1 1 1 0 13 14 14 1 0 0 0
10337 204 7980 76 72 102 7788 13141 3271 19820 121 356 0 0 1 1 0 0 0 0 8 4 0 1 8 2 5 4 458 148 17 10 39 1 0 0 2 0 0 2 824 0 1 2 0 0 6 3 3 1 80 127 814 844 275 183 10 6 0 0 4 6 8 1 7 1 84 7 8 12 9 35 10 13 15 2 30 2 8 11 35 8 716 486 359 56 18 10 3 3 3 58 60 2 5 12 212 1230 18 6 51 15 91 67 5 193 20 24 34 45 62 165 0 0 0 0 0 0 0 0 3 0 0 0 1 0 0 0 0 0 16 0 19 50 0 16 0 0 8 5 0 0 1 1 7 0 0 0 0 1 0 0 0 0 0 0 5 1 4 7 7 5 2 7 6 0 0 0 0 0 4 3 2 1 0 0 4 1 2 0 45 11 1 1 0 10 0 1 5 1 4 0 1 5 29 26 1 0 1 0
254 22 162 36 12 74 1072 3271 1432 2365 123 258 19 0 0 1 0 2 1 0 10 9 1 0 1 0 0 4 41 15 1 28 143 2 1 0 1 2 3 0 46 0 1 2 76 16 0 4 1 64 6 17 252 88 61 9 2 5 0 0 3 0 6 5 3 9 11 0 2 1 6 374 11 113 9 3 677 22 85 12 16 28 39 23 18 5 1 18 11 44 16 5 2 3 8 20 2605 1527 0 0 5 1 7 7 3 19 0 2 7 7 9 23 0 0 0 0 0 2 2 1 2 4 2 1 1 0 0 0 0 0 5 1 8 33 0 23 0 0 6 3 0 0 0 1 4 2 1 1 3 5 0 0 4 0 0 0 1 1 5 1 2 2 0 1 4 0 0 1 0 0 2 1 1 1 3 1 1 0 4 0 11 10 3 0 1 2 0 1 4 0 1 1 0 2 3 4 0 0 0 0
1926 610 6873 1273 160 1050 2298 19820 2365 20421 11945 25724 1 0 0 1 2 0 3 1 15 7 0 1 10 1 1 1 180 95 24 13 136 1 0 0 0 3 0 1 311 0 3 1 1 0 3 3 1 2 21 55 371 345 123 66 2 2 0 0 1 4 3 0 4 0 34 1 6 5 0 96 8 8 10 2 37 0 7 5 21 4 286 178 159 31 9 3 1 0 2 22 21 2 4 12 1307 1408 11 2 259 41 454 385 46 923 65 114 262 267 339 811 0 0 0 0 1 1 2 1 2 0 0 2 3 0 0 0 0 1 80 1 116 251 0 62 0 0 9 11 0 1 0 10 31 0 2 0 0 3 1 0 0 1 0 0 1 5 3 2 28 15 6 35 25 0 1 0 0 1 38 9 7 0 0 2 1 0 2 0 247 31 15 0 0 48 0 0 5 3 28 0 1 24 181 105 10 2 0 2
96 118 503 261 78 507 48 121 123 11945 6629 8882 0 0 0 0 1 1 0 0 8 8 2 0 1 0 1 1 25 24 10 27 288 2 0 0 0 2 0 0 46 0 0 1 0 0 0 0 0 0 0 2 27 16 13 4 0 1 0 0 0 1 0 0 0 0 8 1 5 1 0 81 7 6 2 0 12 0 6 0 2 0 19 13 38 6 0 0 0 1 1 1 0 0 1 22 2401 202 8 0 148 48 243 221 44 533 28 38 129 132 200 577 0 0 0 0 0 0 2 0 2 0 2 7 4 0 0 0 0 0 76 2 166 306 2 76 0 0 11 6 2 0 0 6 24 0 0 1 0 4 2 0 0 2 0 1 0 2 1 2 26 23 3 18 37 0 1 1 0 2 33 18 7 2 0 1 3 0 0 0 295 62 8 0 0 73 0 1 0 4 25 1 1 41 169 45 10 1 0 0
1823 2699 26962 8187 2868 13109 439 356 258 25724 8882 31169 0 1 5 3 8 6 2 4 231 178 9 1 48 0 4 3 399 849 248 973 2473 26 0 1 20 35 7 4 891 1 10 7 7 6 6 12 4 10 24 36 242 188 79 146 16 49 0 3 10 12 9 4 5 3 102 2 33 6 4 1133 93 133 52 9 111 13 105 4 16 1 359 276 718 183 21 2 4 2 8 16 21 4 12 493 2657 480 74 2 504 220 1141 1010 203 2243 94 160 469 521 961 2819 1 1 0 0 4 1 3 2 19 5 5 31 37 1 0 0 0 1 362 4 787 1696 5 531 0 0 120 99 3 5 3 27 189 0 11 3 13 29 3 0 1 0 0 3 8 13 2 4 104 87 16 133 246 0 0 1 3 4 190 85 32 5 1 5 7 1 4 0 1450 382 51 4 0 459 2 1 2 26 119 2 1 257 707 156 67 17 1 11
0 0 1 0 2 0 0 0 19 1 0 0 4372 0 7 37 22 2041 8341 88 2 0 0 11 0 1 37 91 3 0 1 3 25 5 0 0 44 278 47 3 26 3 11 4232 1298 5058 0 10 5 33 0 1 0 2 0 0 3 1 0 0 157 5 11 26 24 855 2 0 9 2 5 36 182 1707 2 10 116 138 226 1 6 8 0 1 0 0 0 22 23 118 213 3 1 2 15 3 113 5 0 1 1 3 0 0 2 0 0 0 1 0 0 2 4 125 255 8 5 152 10 853 46 478 29 2 0 2 0 16 1 73 6 1 0 3 1 5 2 1 48 52 259 2 77 5 7 20 124 96 47 852 2 2 5 0 0 4 0 1 1 1 1 3 0 1 6 3 128 59 3 198 1 6 4 2 4 59 0 1 92 7 1 7 191 2 7 13 0 3 3 2 1 15 8 5 6 1 2 2 0 0
1 0 0 0 21 4 1 0 0 0 0 1 0 9464 7969 774 2083 230 25 36 23 25 120 214 13 23 2167 409 209 34 86 4 5 98 3623 9167 1291 44 81 912 713 65 166 3 1 7 342 12 26 0 0 1 16 24 2 4 180 336 1651 652 19 32 55 102 209 0 96 580 172 11 6 1 7 6 269 17 0 2 5 0 0 0 12 12 13 7 14 3 8 2 25 14 4 12 92 38 0 5 7 6 0 0 0 0 0 0 0 0 0 0 0 0 7 3 9 19 13 63 18 31 56 251 61 2 2 1 0 1 1 5 0 1 0 5 0 5 4 0 20 39 6 6 2 0 1 6 4 1 40 19 3 2 1 0 0 3 0 0 0 0 0 0 0 0 4 0 2 2 0 1 1 2 0 2 2 4 0 0 6 0 0 6 18 0 0 10 0 0 1 1 0 5 2 1 2 1 3 1 0 0
3 3 0 1 42 12 2 1 0 0 0 5 7 7969 20856 8489 1882 2320 106 378 73 56 423 740 29 106 2771 1509 337 59 153 5 13 105 1512 2132 998 62 770 780 2005 228 716 7 8 31 327 47 138 11 3 1 15 31 4 7 202 480 797 473 126 211 341 193 658 11 139 651 647 58 13 3 12 24 436 85 4 1 6 0 12 3 20 38 33 21 19 20 43 32 107 125 34 100 480 72 1 6 26 7 0 1 0 0 0 0 0 1 0 0 0 2 32 26 47 47 19 105 53 112 171 510 152 3 3 5 6 17 8 28 2 2 0 4 5 13 20 2 54 79 30 82 12 0 7 22 13 5 122 96 16 4 9 1 1 5 0 1 1 0 1 1 0 0 3 6 15 20 9 12 1 1 1 5 8 33 1 2 26 1 1 33 58 2 9 47 2 1 13 0 2 21 11 0 12 0 1 1 0 5
2 0 1 1 92 21 2 1 1 1 0 3 37 774 8489 18984 545 5783 2161 721 28 47 208 550 14 30 1247 1899 318 76 198 6 46 116 208 185 857 293 1603 115 1771 331 557 40 8 84 145 57 142 10 4 4 8 28 4 5 210 416 161 189 159 238 311 119 285 12 121 460 414 96 21 10 20 37 498 99 8 13 9 1 23 10 21 30 39 21 13 30 73 37 129 157 36 110 509 154 4 12 7 11 0 4 0 1 2 1 1 5 0 0 0 2 35 270 417 34 12 277 13 987 131 1212 82 4 2 4 3 20 10 256 1 2 4 11 5 22 17 2 63 90 390 20 115 3 5 31 68 119 173 311 7 13 15 1 1 4 0 0 2 3 1 2 1 0 4 6 20 95 7 18 3 4 12 3 15 37 2 2 29 2 2 23 85 3 12 43 2 6 10 4 1 20 10 3 30 0 1 3 0 1
1 1 0 1 56 23 1 0 0 2 1 8 22 2083 1882 545 2264 321 1016 534 83 101 284 341 59 133 265 43 49 24 53 15 61 50 206 243 2339 1009 143 547 848 71 219 68 23 84 186 16 51 4 1 0 5 7 0 5 41 194 95 64 118 38 92 51 43 6 22 83 93 13 3 9 50 82 186 52 7 2 21 0 5 0 11 16 41 24 31 5 16 7 146 22 10 14 106 103 2 1 17 2 1 3 0 1 3 2 0 1 0 0 2 5 67 26 24 105 51 42 135 45 440 357 303 26 18 13 17 22 34 43 8 1 2 45 13 61 27 10 268 325 29 211 13 5 25 40 14 5 260 99 54 5 0 1 2 3 0 1 1 1 2 4 0 0 8 31 18 47 26 7 9 3 12 12 6 41 1 1 15 2 8 120 131 6 11 130 0 0 3 0 1 13 7 3 19 0 11 5 1 15
3 2 0 1 53 15 1 0 2 0 1 6 2041 230 2320 5783 321 15276 2722 488 13 47 122 1222 30 25 1638 460 125 30 84 6 92 80 144 82 577 733 5197 122 1461 304 1190 301 43 1838 98 153 164 18 9 4 14 32 2 5 58 177 59 55 2644 229 335 640 359 257 59 161 1135 86 38 9 126 479 221 508 14 27 31 0 20 6 9 21 16 29 21 41 86 38 352 196 35 119 590 85 21 2 10 4 3 10 0 2 10 2 1 9 1 0 0 4 54 1202 1639 71 40 782 52 3458 257 2676 126 3 5 12 6 132 22 1007 28 16 10 19 16 41 22 5 167 224 1879 40 663 20 21 119 659 910 293 2306 26 26 18 0 3 23 0 0 2 7 2 8 0 6 21 19 213 533 50 200 9 15 39 38 25 191 6 6 127 7 0 41 316 29 24 44 3 6 27 4 2 52 45 16 34 4 10 4 1 4
0 0 0 0 24 9 0 0 1 3 0 2 8341 25 106 2161 1016 2722 41938 5558 27 56 99 430 53 136 805 354 20 8 8 14 332 99 103 8 1185 4577 162 311 465 85 329 10700 1021 2900 127 38 54 49 2 9 4 3 1 3 7 38 31 8 370 119 175 169 79 408 15 21 45 22 30 30 632 7069 61 112 10 15 64 6 13 12 5 8 34 17 27 42 81 192 1804 63 13 44 240 56 10 1 4 2 1 11 1 1 13 4 1 41 0 0 1 4 227 825 1795 298 101 2091 302 4815 1211 8904 1017 22 13 23 24 115 81 793 20 7 7 66 19 85 88 15 486 615 1047 303 340 23 47 126 252 547 1268 1445 68 33 28 2 6 28 0 4 1 2 4 8 1 6 23 36 108 292 44 209 9 12 28 21 35 151 4 5 157 11 17 170 1462 15 29 331 3 6 23 7 5 53 45 22 111 9 9 9 0 6
1 1 0 1 12 2 1 0 0 1 0 4 88 36 378 721 534 488 5558 6381 43 54 148 595 45 202 515 68 3 4 4 10 74 49 146 14 695 826 114 502 578 90 392 578 66 183 139 25 67 2 1 1 0 5 1 1 6 14 36 6 170 111 185 71 45 15 8 26 104 35 13 6 89 437 29 91 4 1 11 0 6 0 7 8 17 15 23 13 42 31 229 71 11 32 279 22 3 1 12 2 0 1 0 0 3 0 0 16 0 0 1 1 213 60 125 198 37 142 169 125 706 1187 579 11 8 29 28 39 82 124 2 0 1 41 14 37 77 9 160 276 43 366 35 3 19 67 43 28 552 162 51 11 6 3 8 11 0 0 1 0 2 0 0 1 3 34 19 81 38 16 3 4 9 12 19 71 3 4 43 4 12 118 236 7 6 253 1 5 10 3 0 14 30 2 25 1 2 5 0 8
42 40 37 50 405 270 13 8 10 15 8 231 2 23 73 28 83 13 27 43 7400 3960 2245 252 564 206 38 12 93 120 166 198 358 292 7 17 194 251 11 185 1691 40 170 38 0 8 57 8 15 0 6 2 16 24 11 3260 25 354 23 34 19 38 121 28 22 0 17 75 42 9 1 136 254 25 860 12 10 3 122 0 0 0 324 41 3778 553 130 1 9 5 28 18 8 8 122 627 31 17 535 36 0 1 0 2 4 4 1 0 1 0 0 7 1 1 1 5 14 3 14 5 47 11 26 7 2 1 0 1 2 2 4 0 6 39 4 39 1 0 91 86 5 17 3 2 7 2 4 0 29 12 8 0 0 0 0 0 0 0 0 0 0 2 0 0 10 3 5 4 1 0 5 1 6 1 1 7 0 0 1 0 15 38 18 1 1 24 0 2 1 2 3 7 0 4 3 0 2 4 0 2
21 20 17 19 344 212 8 4 9 7 8 178 0 25 56 47 101 47 56 54 3960 19429 3128 898 7294 2175 172 19 100 92 134 219 454 465 18 12 244 432 26 2632 1352 183 1120 61 4 42 397 39 96 4 4 7 48 79 17 506 46 464 60 44 73 238 829 187 88 5 106 138 126 47 10 179 392 33 1319 77 17 12 165 0 4 2 342 203 3453 1294 740 13 48 32 149 59 10 84 665 588 31 14 3019 127 2 1 1 0 0 4 0 0 0 0 0 13 5 3 1 9 19 14 30 13 75 32 39 12 4 3 1 0 0 3 4 1 4 53 9 52 1 1 130 123 7 18 2 1 10 5 4 1 52 32 3 1 8 0 0 4 0 0 0 3 2 2 0 0 11 2 11 7 2 3 8 2 5 1 3 7 2 1 20 0 18 46 35 2 8 28 1 2 4 2 3 12 4 6 1 1 4 3 1 2
2 1 3 2 25 15 1 0 1 0 2 9 0 120 423 208 284 122 99 148 2245 3128 8127 7446 351 4758 586 21 28 8 16 27 240 627 38 33 674 638 69 1554 5521 1079 964 29 6 17 186 13 150 3 1 1 14 43 7 58 12 138 42 40 63 92 187 32 15 2 44 49 55 15 4 61 184 8 207 38 10 3 51 2 5 0 48 62 256 141 75 7 28 9 66 68 13 56 345 62 8 2 94 5 0 0 0 0 1 1 0 0 1 0 1 2 2 4 2 3 5 4 10 12 20 32 12 3 2 0 0 1 0 3 0 0 2 14 0 12 2 0 33 37 10 20 3 0 2 1 5 3 9 21 3 1 7 0 0 4 0 0 0 0 0 1 0 0 1 0 3 5 3 0 2 0 1 0 2 6 0 1 5 1 4 15 8 0 2 8 0 2 4 0 0 6 6 2 1 2 2 1 0 0
5 4 2 0 20 7 0 1 0 1 0 1 11 214 740 550 341 1222 430 595 252 898 7446 23230 781 6916 12556 233 115 7 16 3 34 60 817 114 424 180 350 4126 4112 4169 5096 60 11 343 1768 27 299 7 6 8 61 147 20 32 62 43 231 42 544 110 296 1271 138 51 241 220 133 49 11 13 106 20 55 68 7 2 30 0 9 2 67 227 203 299 257 27 46 29 176 131 21 77 544 23 6 6 202 18 0 1 1 0 0 0 0 0 0 0 0 0 2 9 12 8 14 45 16 74 38 126 38 2 0 1 0 0 0 4 1 0 0 4 0 13 0 0 34 44 32 5 7 0 4 8 16 1 36 111 1 3 3 0 0 8 0 0 1 3 0 0 0 0 2 1 22 10 4 14 1 1 1 1 2 19 0 3 17 2 0 11 23 0 2 10 0 2 6 0 0 8 5 0 3 0 0 0 0 1
27 9 19 8 85 69 7 8 1 10 1 48 0 13 29 14 59 30 53 45 564 7294 351 781 8242 1668 262 44 134 34 60 31 117 90 12 3 129 218 10 4824 453 66 628 77 5 21 2740 25 27 2 16 13 234 378 42 243 142 71 25 9 69 130 600 219 91 6 766 167 103 27 3 54 303 27 211 43 9 1 119 0 10 1 446 1085 2497 3849 3876 2 13 8 94 27 14 24 314 129 4 4 6968 851 1 0 0 1 1 2 0 1 0 0 0 1 2 2 1 17 19 13 51 4 76 36 44 4 5 2 3 0 0 2 2 0 2 17 2 38 3 0 130 164 2 6 1 0 6 2 0 0 45 24 5 0 3 0 0 0 1 0 1 0 1 1 0 1 2 2 0 1 0 0 2 1 3 4 2 12 1 1 9 1 4 31 38 3 2 15 0 0 0 0 2 4 0 0 3 1 3 2 0 1
3 0 0 0 5 2 0 2 0 1 0 0 1 23 106 30 133 25 136 202 206 2175 4758 6916 1668 2916 652 2 23 2 3 0 19 18 32 13 147 122 20 4182 1233 188 426 81 1 6 255 5 40 2 0 2 33 65 6 27 14 7 14 3 20 33 84 38 8 3 61 12 11 9 2 5 91 9 13 9 2 2 26 0 0 0 56 135 179 193 67 1 6 8 11 21 5 17 135 9 0 0 93 6 0 0 0 0 2 0 0 0 0 0 0 1 1 0 1 5 5 11 14 3 20 31 23 1 0 0 0 0 0 0 1 0 0 2 1 4 0 0 17 29 1 1 1 0 0 0 0 0 11 7 0 2 0 0 0 0 0 0 0 0 0 0 0 0 0 0 1 1 0 2 0 0 0 1 1 0 0 0 3 1 0 3 6 0 0 2 0 0 1 0 0 0 0 1 1 0 0 0 0 0
5 1 0 1 14 3 4 5 0 1 1 4 37 2167 2771 1247 265 1638 805 515 38 172 586 12556 262 652 25875 10037 345 21 48 7 23 111 4906 724 480 119 248 4484 546 266 1689 49 14 212 1759 31 48 0 3 2 52 172 17 17 226 166 826 190 200 103 368 1908 1079 48 419 815 291 14 5 9 46 48 129 26 6 8 16 0 1 0 69 174 123 208 248 3 14 8 64 23 3 19 188 22 3 8 186 48 0 0 0 0 2 0 0 2 0 0 0 0 9 89 116 14 11 217 26 592 59 538 85 2 1 0 2 2 2 41 4 0 1 5 2 5 3 2 43 64 170 9 38 1 2 12 27 23 60 278 1 0 1 0 0 0 0 0 0 0 0 4 0 0 5 1 40 20 6 32 1 1 2 2 3 16 0 1 16 1 2 14 42 1 4 16 1 1 0 1 1 7 4 1 10 0 1 0 0 2
6 1 0 1 15 2 1 4 4 1 1 3 91 409 1509 1899 43 460 354 68 12 19 21 233 44 2 10037 7536 555 31 110 3 16 75 322 315 118 41 2120 62 226 54 112 43 44 185 485 53 16 1 3 3 50 140 9 15 417 298 479 173 138 58 181 1386 2086 80 450 1093 519 13 10 8 28 40 309 30 7 19 13 0 4 3 31 86 55 89 70 2 7 5 59 13 4 10 53 16 8 13 86 27 0 1 0 0 5 0 0 1 0 0 0 1 9 193 243 8 6 98 8 936 39 229 16 3 1 6 1 16 0 120 14 6 1 3 5 9 1 0 32 48 482 7 168 4 5 33 151 70 18 1210 3 4 8 0 0 1 0 0 0 0 1 5 0 2 10 2 193 106 11 76 7 13 16 9 8 117 0 1 77 1 1 9 38 4 13 5 0 0 3 2 2 12 6 2 11 0 2 0 0 1
9505 1026 601 378 3344 1321 2691 458 41 180 25 399 3 209 337 318 49 125 20 3 93 100 28 115 134 23 345 555 33133 13332 2648 211 289 175 73 31 196 138 401 75 486 40 235 5 9 54 188 175 25 4 104 171 4851 12764 541 125 6691 91 46 37 181 371 1191 216 1145 6 3961 809 1517 77 28 157 71 49 3232 131 27 0 66 4 54 3 1276 1833 371 183 1025 15 36 14 131 101 72 45 225 907 63 4661 146 733 14 23 35 28 24 91 6 6 10 8 23 158 2 7 2 3 6 8 4 22 30 15 8 10 6 1 3 0 2 3 32 1 83 311 4 156 0 0 88 67 12 2 15 3 25 3 22 3 16 68 4 3 6 0 0 19 4 2 6 4 12 10 2 8 62 1 14 13 2 5 34 11 4 2 9 19 3 2 33 4 155 134 27 2 10 86 6 0 11 11 20 12 3 44 30 11 8 2 0 3
7596 2898 197 704 7364 2449 1552 148 15 95 24 849 0 34 59 76 24 30 8 4 120 92 8 7 34 2 21 31 13332 23598 5223 172 208 131 5 4 134 129 90 6 869 3 17 1 6 5 10 44 3 0 71 87 859 1452 205 162 3043 24 10 17 31 42 96 11 111 1 854 26 316 16 9 44 55 10 309 27 10 1 27 10 32 3 722 578 794 218 33 6 5 6 22 39 48 5 35 734 46 1399 47 55 36 15 61 58 9 132 7 4 31 21 55 156 0 4 5 2 2 1 2 8 7 2 5 4 1 0 1 0 1 2 31 0 40 137 1 50 0 0 19 25 14 2 2 5 24 2 7 2 14 24 2 1 2 0 0 1 1 2 6 2 5 8 2 9 22 0 5 4 2 3 16 7 3 0 3 8 4 1 5 1 76 20 2 1 2 24 1 0 2 2 9 1 1 13 36 5 6 0 0 2
246 118 41 70 5207 572 152 17 1 24 10 248 1 86 153 198 53 84 8 4 166 134 16 16 60 3 48 110 2648 5223 8154 104 177 296 11 21 270 207 202 10 654 4 31 5 3 17 54 70 4 1 17 17 233 369 78 117 8514 90 41 44 47 52 123 33 326 2 1014 443 631 5 3 44 56 7 5503 60 3 0 18 3 7 1 332 414 751 308 1074 3 3 5 36 17 18 4 36 2206 12 152 656 4901 5 8 15 18 5 40 0 2 3 6 13 57 1 2 3 2 2 4 0 14 15 6 7 4 2 0 0 0 1 3 7 0 15 59 0 25 0 0 36 19 9 1 7 0 6 3 12 1 10 35 1 0 0 0 0 6 1 0 0 0 3 2 0 2 8 1 5 5 0 2 6 1 5 2 1 1 0 0 8 1 18 12 4 3 3 7 0 0 2 0 3 3 0 8 14 4 1 2 0 2
57 14 11 25 1079 5690 70 10 28 13 27 973 3 4 5 6 15 6 14 10 198 219 27 3 31 0 7 3 211 172 104 10234 8506 1022 4 2 65 204 17 5 346 0 4 4 3 5 5 17 1 0 11 11 106 109 35 54 12 2954 4 17 12 8 9 0 14 2 72 15 60 5 1 1102 536 96 1184 27 23 0 295 0 4 0 122 115 271 90 12 0 5 3 23 5 1 0 6 4670 216 70 35 2 41 28 82 66 34 164 2 7 24 16 59 219 1 2 2 1 2 4 6 8 8 2 9 28 17 1 1 1 0 0 57 3 181 605 3 302 0 0 93 82 5 0 3 6 69 0 6 4 9 17 1 1 2 0 1 3 5 3 3 2 28 27 3 13 110 0 3 2 1 1 60 29 20 2 0 3 0 0 6 0 356 246 36 1 0 168 0 0 4 15 35 1 0 86 47 15 29 11 2 1
97 22 26 37 1164 2392 81 39 143 136 288 2473 25 5 13 46 61 92 332 74 358 454 240 34 117 19 23 16 289 208 177 8506 13664 5781 25 16 85 2696 39 100 545 6 36 24 13 91 189 21 2 9 11 13 149 157 54 76 50 3221 61 383 84 22 23 12 29 8 145 224 109 6 1 4408 2314 443 2936 42 185 20 530 2 8 4 151 132 354 133 134 2 6 11 99 16 16 3 19 4145 2007 226 82 16 95 76 187 184 107 452 12 28 64 54 172 673 9 6 5 12 11 10 28 24 98 44 35 79 68 9 3 2 0 12 148 9 426 1770 19 988 1 4 664 354 11 22 6 24 214 2 13 6 67 48 26 4 0 3 1 5 9 9 0 5 69 71 6 58 302 3 13 10 3 4 171 94 60 10 5 16 1 2 17 0 972 951 177 10 3 554 4 3 5 29 81 5 4 212 228 24 79 28 5 17
12 1 5 3 368 108 3 1 2 1 2 26 5 98 105 116 50 80 99 49 292 465 627 60 90 18 111 75 175 131 296 1022 5781 12636 443 452 1786 1346 81 141 569 15 45 9 2 17 1047 26 2 1 1 8 42 58 18 16 147 5974 2111 8038 56 19 39 27 106 5 93 1859 201 6 4 200 173 84 4122 39 19 1 51 0 2 1 56 68 175 77 84 0 3 1 29 7 4 1 16 1468 19 12 49 9 8 9 7 16 11 20 1 5 8 2 7 36 5 8 5 4 15 13 29 23 113 30 40 31 18 2 8 1 2 4 22 4 47 428 8 374 2 0 421 308 17 19 6 1 64 6 9 3 64 43 15 1 0 0 0 1 1 2 0 2 12 21 0 6 61 3 7 6 2 4 36 14 32 14 3 11 2 0 12 1 82 312 67 6 3 125 1 0 1 10 19 4 3 34 10 5 34 10 1 13
1 0 0 0 3 0 0 0 1 0 0 0 0 3623 1512 208 206 144 103 146 7 18 38 817 12 32 4906 322 73 5 11 4 25 443 6037 2481 1413 183 40 2767 57 24 255 27 0 15 998 7 3 0 2 0 8 27 2 3 46 95 3538 539 13 16 77 184 207 2 62 419 87 1 0 4 26 6 58 6 0 4 17 0 1 0 7 7 12 19 38 1 3 0 12 1 1 2 34 10 0 1 17 6 0 0 0 0 0 0 0 2 0 0 0 0 1 9 15 12 21 68 33 61 76 222 74 1 3 2 2 3 2 6 0 1 0 3 2 3 1 0 34 60 8 12 0 0 1 3 3 1 38 23 5 0 0 0 0 0 0 0 0 0 1 0 0 0 1 3 2 3 1 1 1 0 1 1 2 9 0 0 1 0 0 12 27 0 1 13 0 0 0 0 0 3 1 0 1 0 0 1 0 2
1 0 0 0 4 2 0 0 0 0 0 1 0 9167 2132 185 243 82 8 14 17 12 33 114 3 13 724 315 31 4 21 2 16 452 2481 2027 925 104 61 432 93 10 53 7 0 2 486 1 5 0 0 0 1 6 0 1 14 119 3347 501 7 6 42 74 181 0 20 372 98 0 1 0 3 0 63 6 0 2 5 0 0 0 1 9 4 4 7 0 1 1 9 3 0 2 17 6 0 1 3 2 0 0 0 0 1 0 0 0 0 0 0 0 4 1 4 2 4 9 14 12 24 31 27 4 1 0 1 0 1 2 0 0 1 4 1 9 1 0 11 30 5 16 3 0 2 2 1 0 24 8 6 1 1 0 1 0 0 0 0 0 1 0 0 0 0 4 3 3 3 0 0 1 1 1 0 6 0 0 1 0 0 8 7 1 1 8 0 0 0 0 0 0 1 0 1 0 0 1 0 1
5 2 6 2 207 69 6 2 1 0 0 20 44 1291 998 857 2339 577 1185 695 194 244 674 424 129 147 480 118 196 134 270 65 85 1786 1413 925 4904 2756 208 918 1201 91 273 51 27 170 1678 19 36 2 3 2 30 46 9 20 156 1460 3454 2891 227 49 98 86 98 13 73 1039 160 10 5 20 54 101 1152 78 3 16 24 0 2 2 35 50 124 71 101 9 20 10 216 37 8 21 140 514 1 3 53 18 0 9 3 1 7 1 2 2 0 0 0 4 45 30 23 78 77 47 216 44 551 240 314 67 29 13 30 17 24 47 10 2 9 164 16 209 24 4 579 552 47 237 20 4 41 38 18 18 367 146 132 6 6 0 1 7 0 3 0 2 8 6 1 0 33 32 28 48 24 8 18 4 34 34 8 71 3 0 26 4 16 383 249 21 16 210 1 6 9 8 9 21 17 11 17 2 32 11 0 42
10 5 5 2 350 140 9 0 2 3 2 35 278 44 62 293 1009 733 4577 826 251 432 638 180 218 122 119 41 138 129 207 204 2696 1346 183 104 2756 16420 136 436 910 43 165 1312 211 615 719 45 18 13 2 5 42 81 9 29 105 1551 438 665 464 41 62 61 59 46 101 673 118 10 14 127 2627 943 1705 137 42 12 102 1 5 1 85 85 219 122 202 12 37 48 1004 24 2 15 71 1002 20 8 82 17 11 11 9 13 10 15 1 6 5 4 9 26 61 34 42 97 108 141 234 139 724 516 443 94 52 11 15 13 28 44 19 7 38 551 37 670 29 5 1391 1059 61 204 34 11 94 36 42 16 486 273 95 10 5 0 1 11 0 1 1 2 14 13 2 9 106 23 45 50 22 34 59 22 53 39 6 74 3 1 68 5 65 788 499 16 17 299 1 6 3 10 31 18 12 31 26 2 58 25 1 36
6 0 2 1 97 29 0 0 3 0 0 7 47 81 770 1603 143 5197 162 114 11 26 69 350 10 20 248 2120 401 90 202 17 39 81 40 61 208 136 14728 26 733 160 533 35 46 354 102 166 63 8 4 3 28 41 2 4 224 315 156 125 7839 113 163 273 3074 55 169 480 7003 28 22 12 29 26 453 1037 7 19 12 0 11 1 20 45 31 26 8 14 31 22 351 67 12 41 189 190 5 13 19 7 0 8 1 3 5 2 0 6 0 0 1 1 11 337 429 23 8 107 17 984 67 231 29 8 6 4 3 39 4 202 24 13 2 15 14 37 3 1 64 103 843 16 417 9 9 72 583 227 48 2267 8 15 24 3 2 19 1 1 2 3 2 8 0 4 15 7 476 276 23 104 17 28 29 23 22 337 1 3 196 14 0 18 58 20 33 15 2 5 21 12 4 34 26 9 17 2 6 9 3 5
6 4 3 1 12 6 3 2 0 1 0 4 3 912 780 115 547 122 311 502 185 2632 1554 4126 4824 4182 4484 62 75 6 10 5 100 141 2767 432 918 436 26 8788 694 212 1009 204 3 22 4125 10 35 2 2 5 73 146 17 38 68 43 688 144 45 45 264 197 78 2 263 241 64 9 4 21 289 31 53 21 14 1 93 0 2 1 76 255 269 414 393 3 5 7 51 12 6 18 214 15 0 0 258 22 0 0 1 0 0 0 0 0 0 0 0 3 11 5 5 34 23 64 81 23 163 211 177 3 3 2 0 2 4 4 2 0 1 8 6 16 5 0 116 163 9 26 0 1 8 4 4 1 85 41 8 2 1 0 0 1 0 0 0 1 0 1 0 0 0 1 8 5 2 0 0 0 2 1 3 16 0 0 11 0 4 30 53 1 1 20 0 0 1 1 2 1 3 1 2 0 1 1 0 1
1887 901 1069 780 1323 1166 201 824 46 311 46 891 26 713 2005 1771 848 1461 465 578 1691 1352 5521 4112 453 1233 546 226 486 869 654 346 545 569 57 93 1201 910 733 694 10008 4224 1968 106 141 507 232 369 2763 168 1053 969 175 210 1310 1084 155 387 87 66 902 1180 531 138 202 134 180 245 671 997 503 248 374 92 1188 642 118 26 194 78 905 155 763 240 1257 296 307 721 1097 514 1274 5132 1556 1183 2021 939 110 89 332 100 12 12 31 37 11 78 5 5 16 6 22 103 4 27 36 14 5 24 26 93 59 71 42 13 16 1 4 6 2 10 38 2 66 268 3 147 2 0 149 126 48 18 16 5 27 47 74 13 60 255 11 82 148 6 4 87 27 23 78 127 6 11 1 6 50 3 34 49 23 55 18 10 10 4 45 80 48 93 176 10 94 157 50 4 54 101 73 45 308 5 17 181 52 46 43 8 19 7 0 5
2 0 0 0 6 3 1 0 0 0 0 1 3 65 228 331 71 304 85 90 40 183 1079 4169 66 188 266 54 40 3 4 0 6 15 24 10 91 43 160 212 4224 4629 6790 20 71 216 89 74 1142 8 7 4 22 27 5 4 11 5 13 5 489 131 138 41 106 31 40 18 476 61 30 3 20 9 11 372 8 1 17 0 20 3 17 30 39 64 25 34 101 80 969 344 35 94 398 4 3 0 25 1 0 1 0 0 0 0 0 0 0 0 0 0 0 6 4 3 1 5 1 13 2 14 3 0 0 0 0 0 0 3 2 0 0 1 0 0 0 0 10 3 3 2 6 0 0 8 25 2 7 71 1 3 8 0 0 16 0 0 3 3 0 0 0 0 0 0 14 19 4 15 1 0 2 0 7 25 1 4 82 7 0 2 1 0 18 1 1 7 11 0 0 19 7 0 2 0 0 1 0 0
11 5 7 2 26 13 4 1 1 3 0 10 11 166 716 557 219 1190 329 392 170 1120 964 5096 628 426 1689 112 235 17 31 4 36 45 255 53 273 165 533 1009 1968 6790 8085 74 210 1063 853 274 1232 35 4 16 152 302 21 44 107 45 125 24 2511 632 2046 4272 836 130 516 247 1572 121 71 14 101 30 56 1047 14 9 50 0 37 6 150 478 392 508 272 54 237 255 2888 337 57 234 2918 51 14 7 315 39 0 3 1 0 2 0 0 1 0 0 0 0 0 12 24 8 7 26 15 85 21 87 26 1 0 0 2 3 0 7 2 2 0 3 0 8 1 1 30 36 40 5 14 4 2 25 70 8 17 326 4 18 27 2 0 50 2 1 1 5 0 0 0 1 1 0 65 31 17 68 2 5 0 4 33 102 4 12 196 14 1 10 15 2 69 4 3 16 31 2 0 95 17 0 2 0 0 2 0 3
1 1 3 0 2 2 2 2 2 1 1 7 4232 3 7 40 68 301 10700 578 38 61 29 60 77 81 49 43 5 1 5 4 24 9 27 7 51 1312 35 204 106 20 74 8355 4177 1450 161 74 42 430 2 23 5 13 1 3 6 8 34 1 216 63 43 47 32 188 22 51 30 21 40 86 2054 2641 10 107 78 1774 1496 30 52 113 13 22 48 24 57 131 221 676 1627 23 5 23 110 6 19 0 21 2 2 4 1 0 2 0 0 2 1 0 0 1 51 57 134 54 41 158 125 383 436 691 295 16 14 7 13 7 19 39 4 1 5 89 11 132 19 4 418 417 74 134 29 6 25 41 50 44 268 302 39 15 35 0 6 39 5 2 3 10 5 5 0 1 8 7 44 57 26 67 13 3 15 14 35 90 4 3 178 14 8 227 509 6 45 157 10 12 40 3 3 73 18 1 12 3 9 7 1 13
1 1 1 0 2 2 2 0 76 1 0 7 1298 1 8 8 23 43 1021 66 0 4 6 11 5 1 14 44 9 6 3 3 13 2 0 0 27 211 46 3 141 71 210 4177 6079 1278 4 96 49 4914 19 170 15 3 5 1 6 4 2 0 61 110 118 47 110 4169 9 4 199 44 104 298 496 415 2 111 1519 1830 2270 176 242 787 4 2 3 6 0 533 470 3461 2214 79 23 27 237 9 669 50 2 1 1 2 2 1 2 2 0 9 0 1 3 7 0 20 71 3 2 10 7 192 18 28 3 0 6 0 3 6 3 7 11 8 0 17 6 12 1 0 28 29 92 7 68 10 3 111 630 11 33 2353 8 52 123 5 5 201 17 9 31 39 4 3 1 2 6 3 505 187 70 710 15 23 9 9 134 678 15 29 1724 135 13 19 37 13 271 33 9 69 130 3 1 295 74 1 28 0 4 4 3 0
1 1 0 0 20 2 1 0 16 0 0 6 5058 7 31 84 84 1838 2900 183 8 42 17 343 21 6 212 185 54 5 17 5 91 17 15 2 170 615 354 22 507 216 1063 1450 1278 3630 26 45 76 13 5 5 14 25 2 2 32 20 4 2 708 120 310 548 240 1673 75 26 286 36 25 74 467 550 32 207 194 24 268 4 16 10 13 19 32 39 10 18 73 75 1315 108 16 62 436 29 226 19 13 8 1 8 1 2 8 1 0 12 1 0 2 4 12 341 686 33 14 116 18 1272 119 434 52 4 2 6 6 65 5 239 32 15 9 11 15 27 7 2 105 80 875 27 471 11 22 119 1215 364 101 4771 26 20 25 4 3 46 0 3 2 4 6 12 0 2 22 17 779 387 47 837 26 43 45 25 38 678 10 5 711 32 3 18 171 31 83 47 4 21 28 13 3 53 38 17 43 2 9 8 4 2
6 3 4 0 20 3 1 6 0 3 0 6 0 342 327 145 186 98 127 139 57 397 186 1768 2740 255 1759 485 188 10 54 5 189 1047 998 486 1678 719 102 4125 232 89 853 161 4 26 6212 51 24 1 2 11 105 224 14 21 190 293 2430 468 59 65 450 442 595 6 515 2571 405 13 5 38 333 55 192 30 8 10 138 1 4 1 104 381 233 476 3905 3 4 5 50 6 5 13 193 31 1 1 460 107 1 2 1 0 1 1 0 0 0 0 0 2 6 4 8 40 46 43 97 22 202 111 170 13 7 1 5 0 1 5 6 0 0 23 8 64 5 2 213 316 14 29 5 1 17 4 5 1 124 42 13 2 1 1 0 2 0 0 1 0 1 0 0 1 10 2 11 10 2 4 5 2 4 9 4 24 1 1 17 2 4 57 62 2 3 31 0 1 2 1 1 3 1 1 0 0 9 1 1 1
5 2 3 1 70 31 2 3 4 3 0 12 10 12 47 57 16 153 38 25 8 39 13 27 25 5 31 53 175 44 70 17 21 26 7 1 19 45 166 10 369 74 274 74 96 45 51 12528 181 271 7 36 26 62 10 7 126 101 17 14 245 6933 1370 289 250 65 151 135 3892 544 4450 21 25 36 145 13549 76 27 61 11 517 119 20 43 38 45 22 3337 6992 728 2168 175 53 173 709 99 28 4 44 9 0 1 1 0 1 1 0 1 0 0 1 1 2 1 3 6 2 19 8 30 13 14 6 6 6 3 9 6 3 6 8 2 1 3 1 3 0 0 21 11 11 7 9 14 20 194 99 2 25 134 9 490 1114 21 19 705 13 10 37 160 0 4 2 0 3 1 43 133 252 70 9 20 4 3 535 216 111 292 1080 67 2 18 14 6 366 33 172 268 1283 2 2 1668 444 1 18 1 7 7 0 3
5 2 2 0 8 3 0 3 1 1 0 4 5 26 138 142 51 164 54 67 15 96 150 299 27 40 48 16 25 3 4 1 2 2 3 5 36 18 63 35 2763 1142 1232 42 49 76 24 181 5806 76 23 8 11 18 12 8 10 5 6 1 195 586 288 22 35 36 23 6 211 301 101 4 14 9 14 422 27 13 25 1 90 31 14 25 26 18 10 222 574 316 805 3858 413 3431 7278 11 12 3 16 0 0 0 0 0 0 0 0 0 0 0 0 0 0 1 3 1 0 0 1 10 1 1 3 0 0 1 0 0 1 0 0 0 0 2 0 4 0 0 2 4 6 0 2 1 2 17 17 3 3 39 1 34 68 1 0 37 2 1 9 22 0 1 0 0 0 0 9 12 15 16 0 1 1 0 37 30 13 31 119 9 1 0 2 2 40 0 15 19 115 0 0 118 30 0 0 0 0 0 0 0
7 0 3 1 0 1 0 1 64 2 0 10 33 0 11 10 4 18 49 2 0 4 3 7 2 2 0 1 4 0 1 0 9 1 0 0 2 13 8 2 168 8 35 430 4914 13 1 271 76 8428 104 872 9 2 16 2 1 5 0 0 29 247 91 6 5 1804 4 1 55 114 262 144 74 810 1 258 1756 635 911 968 949 4321 4 1 4 3 1 1549 1084 4401 524 149 80 87 208 2 473 42 0 0 0 1 2 0 0 5 1 1 0 2 0 1 0 1 3 3 0 6 4 7 7 4 1 0 2 1 2 0 2 0 2 0 0 4 0 5 0 0 9 3 7 1 2 5 2 86 49 1 14 60 3 93 216 8 4 196 95 19 171 146 3 2 0 0 1 1 13 65 67 78 9 9 1 2 156 115 33 86 625 41 0 8 6 4 131 8 47 183 334 1 1 555 119 0 5 0 2 3 1 0
164 42 59 33 58 45 27 80 6 21 0 24 0 0 3 4 1 9 2 1 6 4 1 6 16 0 3 3 104 71 17 11 11 1 2 0 3 2 4 2 1053 7 4 2 19 5 2 7 23 104 9807 9975 121 53 929 116 9 5 1 0 8 25 10 2 7 43 13 5 10 281 37 18 12 73 19 6 67 24 18 1493 1770 237 356 73 57 35 13 215 49 41 15 4589 4882 62 27 14 31 11 12 4 2 1 3 2 2 1 0 0 2 0 1 5 0 1 0 0 1 0 0 1 0 1 0 0 2 0 0 0 0 0 1 0 2 10 0 12 0 0 5 4 1 0 0 3 3 4 2 1 0 5 0 47 71 4 1 6 858 193 1471 1162 3 0 0 0 1 0 0 1 3 9 1 0 0 1 5 0 171 198 19 1 8 10 14 0 1 15 162 34 379 0 3 51 15 1 4 0 0 0 0 0
280 72 124 51 86 69 61 127 17 55 2 36 1 1 1 4 0 4 9 1 2 7 1 8 13 2 2 3 171 87 17 11 13 8 0 0 2 5 3 5 969 4 16 23 170 5 11 36 8 872 9975 20502 243 85 1242 110 14 8 1 0 8 109 28 5 14 443 41 12 16 228 138 29 18 305 25 33 383 177 124 9425 7966 2468 505 78 64 28 29 1600 411 276 59 1767 2962 76 46 28 124 24 18 13 7 1 4 4 1 4 2 5 2 2 1 10 0 0 0 1 0 2 0 0 2 4 1 2 1 0 0 0 2 0 2 0 4 29 0 17 0 0 15 7 1 1 0 12 14 13 12 2 4 6 2 132 129 12 4 48 1419 673 3525 1806 15 2 0 3 6 0 2 7 12 44 5 0 1 0 10 7 363 399 50 2 11 32 76 0 5 70 496 157 1159 0 7 157 64 3 10 5 0 0 0 0
1794 388 538 175 427 331 891 814 252 371 27 242 0 16 15 8 5 14 4 0 16 48 14 61 234 33 52 50 4851 859 233 106 149 42 8 1 30 42 28 73 175 22 152 5 15 14 105 26 11 9 121 243 12130 10359 6440 54 274 80 7 5 33 92 295 90 164 3 671 158 163 23 6 129 85 74 488 25 77 4 80 20 33 7 3539 1006 351 343 460 12 8 4 37 67 70 18 100 196 271 4722 305 216 14 5 24 16 5 46 2 2 8 7 15 49 1 0 0 1 6 2 7 3 16 5 4 10 4 0 0 1 0 0 8 2 37 152 4 115 0 0 62 61 3 3 2 1 9 0 2 0 8 6 0 4 1 1 0 1 2 2 2 6 9 5 0 3 19 1 2 0 0 1 9 11 6 2 0 2 1 1 3 1 61 103 13 0 1 38 0 2 2 2 3 1 1 20 14 3 10 2 1 3
2407 434 489 162 611 404 1487 844 88 345 16 188 2 24 31 28 7 32 3 5 24 79 43 147 378 65 172 140 12764 1452 369 109 157 58 27 6 46 81 41 146 210 27 302 13 3 25 224 62 18 2 53 85 10359 11802 472 35 998 57 12 5 82 206 791 221 304 1 7065 453 405 43 10 89 114 63 820 64 20 1 86 10 22 3 1910 8005 194 473 1097 7 20 13 86 37 29 25 245 252 90 4361 627 465 4 5 13 12 8 37 3 5 4 6 8 44 0 0 1 1 5 0 6 7 17 2 8 6 4 0 0 0 0 2 12 2 24 97 2 76 0 0 83 68 2 8 1 1 15 2 2 0 10 13 2 2 6 0 0 4 1 0 2 1 1 5 1 6 24 0 3 4 3 1 11 5 1 1 0 5 0 0 15 1 57 69 24 1 2 27 1 0 3 0 6 2 0 14 10 2 4 3 0 0
616 169 285 117 123 145 173 275 61 123 13 79 0 2 4 4 0 2 1 1 11 17 7 20 42 6 17 9 541 205 78 35 54 18 2 0 9 9 2 17 1310 5 21 1 5 2 14 10 12 16 929 1242 6440 472 19944 447 34 27 1 0 12 21 45 15 23 6 81 19 36 69 23 34 23 19 101 4 30 2 27 88 209 26 2654 242 194 99 52 35 9 16 12 1035 365 35 42 53 46 672 47 23 6 3 6 11 1 18 0 0 3 3 9 20 0 1 0 0 1 0 1 1 3 0 1 4 3 0 0 0 1 0 6 0 11 48 0 39 0 0 23 13 1 1 0 1 4 0 1 0 3 1 1 3 2 0 0 1 15 8 30 32 3 1 0 1 11 0 0 0 0 1 4 2 1 2 1 1 3 4 2 0 21 48 7 0 1 16 9 1 13 0 7 2 1 7 5 0 2 1 0 0
461 176 234 141 256 233 58 183 9 66 4 146 0 4 7 5 5 5 3 1 3260 506 58 32 243 27 17 15 125 162 117 54 76 16 3 1 20 29 4 38 1084 4 44 3 1 2 21 7 8 2 116 110 54 35 447 6074 29 42 2 2 5 31 65 20 20 1 54 36 35 36 10 27 34 15 214 8 5 2 22 13 46 7 3333 115 3745 361 80 15 8 7 13 227 72 16 35 184 10 23 334 43 4 1 3 6 3 8 1 2 4 2 5 16 0 0 0 0 2 1 2 2 10 0 0 1 2 1 0 0 0 2 1 0 8 36 1 26 0 0 23 20 1 1 0 0 3 0 0 0 5 2 0 0 0 0 0 1 0 2 6 4 1 2 0 2 11 0 0 0 0 0 3 0 2 0 2 0 0 3 1 0 14 21 9 1 0 9 6 0 6 0 1 0 0 5 3 0 0 0 0 1
39 19 15 16 2676 89 17 10 2 2 0 16 3 180 202 210 41 58 7 6 25 46 12 62 142 14 226 417 6691 3043 8514 12 50 147 46 14 156 105 224 68 155 11 107 6 6 32 190 126 10 1 9 14 274 998 34 29 8120 68 46 26 94 174 625 169 872 3 6711 983 1083 25 8 11 42 8 5355 61 1 0 13 0 5 0 135 674 216 255 1620 3 10 13 77 9 10 17 79 995 2 21 679 2410 1 0 0 0 0 2 0 0 0 0 0 1 0 4 2 1 1 8 7 12 14 9 5 3 3 0 0 0 0 3 1 1 2 13 0 16 0 0 28 22 8 0 9 1 8 3 12 1 5 46 1 1 3 0 0 5 0 1 0 0 0 0 0 2 2 0 17 3 1 2 1 1 2 1 10 8 0 1 13 1 5 16 3 1 4 3 0 0 0 0 1 9 0 1 2 2 1 0 0 0
13 5 8 3 119 33 4 6 5 2 1 49 1 336 480 416 194 177 38 14 354 464 138 43 71 7 166 298 91 24 90 2954 3221 5974 95 119 1460 1551 315 43 387 5 45 8 4 20 293 101 5 5 5 8 80 57 27 42 68 9328 1406 4566 95 55 121 52 431 2 97 3228 781 6 8 478 523 63 6344 80 17 0 146 1 7 0 104 86 218 108 26 2 4 4 42 12 5 5 32 1536 33 13 71 13 12 7 21 19 14 49 2 4 7 4 17 75 0 5 11 4 16 6 10 35 38 15 23 25 20 2 0 0 1 9 19 5 63 377 5 303 1 0 186 191 15 10 12 1 40 2 13 9 27 74 4 0 3 1 0 7 1 1 1 2 22 15 1 7 72 3 15 6 2 4 36 13 16 6 2 15 2 0 14 4 135 215 25 1 2 93 0 3 2 10 23 3 2 40 13 8 16 0 0 4
1 1 0 0 14 5 2 0 0 0 0 0 0 1651 797 161 95 59 31 36 23 60 42 231 25 14 826 479 46 10 41 4 61 2111 3538 3347 3454 438 156 688 87 13 125 34 2 4 2430 17 6 0 1 1 7 12 1 2 46 1406 7428 2595 16 16 103 91 410 1 30 3802 318 4 2 5 21 7 266 14 2 16 25 0 1 0 7 13 14 17 31 2 0 1 11 1 0 0 29 35 0 2 11 4 0 0 1 0 1 2 0 0 0 0 0 0 10 2 4 22 40 27 65 21 147 64 113 10 5 1 1 1 3 3 0 1 0 13 1 39 8 0 105 180 16 50 3 1 8 3 3 2 84 30 27 0 5 0 0 0 0 0 0 0 0 0 0 0 3 2 2 8 1 3 1 0 4 4 1 24 0 1 4 0 4 34 18 1 6 27 0 0 1 0 2 0 4 1 2 0 7 4 0 4
1 0 0 1 30 3 1 0 0 0 0 3 0 652 473 189 64 55 8 6 34 44 40 42 9 3 190 173 37 17 44 17 383 8038 539 501 2891 665 125 144 66 5 24 1 0 2 468 14 1 0 0 0 5 5 0 2 26 4566 2595 2349 19 8 30 21 152 0 15 1839 121 1 3 5 14 5 1030 10 1 1 4 0 0 0 4 7 11 9 3 0 0 0 4 3 1 0 9 56 0 2 4 1 0 0 0 0 0 0 0 0 0 0 1 2 1 2 1 2 6 7 6 5 22 7 7 2 1 1 1 1 1 1 1 1 3 17 0 22 0 0 35 36 12 7 2 0 2 0 2 2 15 11 2 0 0 0 0 0 0 0 0 0 0 1 0 0 3 1 1 3 1 2 2 0 3 2 3 6 0 0 2 0 3 19 7 0 1 6 0 0 0 0 1 1 0 3 2 0 4 0 0 0
4 0 2 0 81 33 6 4 3 1 0 10 157 19 126 159 118 2644 370 170 19 73 63 544 69 20 200 138 181 31 47 12 84 56 13 7 227 464 7839 45 902 489 2511 216 61 708 59 245 195 29 8 8 33 82 12 5 94 95 16 19 9869 470 1216 1090 507 168 203 123 4222 108 54 53 209 70 176 2928 23 3 101 1 27 14 30 89 76 80 33 55 154 71 2424 245 43 129 1123 172 37 5 81 11 1 10 1 1 1 2 0 11 0 1 0 2 13 160 287 16 8 67 14 445 56 208 25 7 3 6 4 53 9 99 21 16 5 14 5 36 7 0 80 72 421 19 337 12 11 120 1210 170 55 2506 21 22 40 4 4 91 2 2 3 6 5 9 0 2 6 9 550 335 40 302 22 42 27 22 52 639 5 8 627 55 4 28 53 34 111 35 7 13 48 5 5 83 70 5 33 0 4 5 4 2
13 5 4 3 29 22 2 6 0 4 1 12 5 32 211 238 38 229 119 111 38 238 92 110 130 33 103 58 371 42 52 8 22 19 16 6 49 41 113 45 1180 131 632 63 110 120 65 6933 586 247 25 109 92 206 21 31 174 55 16 8 470 23537 12213 836 380 56 468 108 2078 8950 3792 17 39 25 104 3148 81 16 76 37 914 534 74 199 158 213 36 1208 1968 825 1771 691 316 3154 5065 66 22 15 125 19 0 1 0 0 0 0 0 1 0 0 0 1 1 4 9 10 2 16 4 31 3 25 5 2 6 2 6 2 4 5 2 1 1 0 2 1 0 0 9 7 20 8 8 19 17 181 50 8 14 100 5 624 1175 21 20 517 35 35 103 370 1 6 0 1 0 2 24 96 199 53 5 14 6 3 389 164 228 607 805 57 1 9 18 8 253 31 370 242 2055 6 4 1468 385 0 9 2 6 6 2 4
32 3 12 1 95 27 10 8 6 3 0 9 11 55 341 311 92 335 175 185 121 829 187 296 600 84 368 181 1191 96 123 9 23 39 77 42 98 62 163 264 531 138 2046 43 118 310 450 1370 288 91 10 28 295 791 45 65 625 121 103 30 1216 12213 32907 8699 6760 64 1643 511 8069 1353 256 12 61 19 214 1676 36 8 36 4 97 27 277 869 583 839 247 151 723 481 3079 219 117 1113 5299 97 13 20 490 108 0 0 0 0 0 0 0 2 0 0 0 1 2 6 10 6 5 25 7 32 16 50 18 1 4 1 2 1 1 2 1 0 2 5 0 6 1 0 21 15 15 5 11 4 3 92 53 2 20 143 4 70 163 5 4 224 1 4 6 23 1 1 0 1 2 2 26 75 74 56 3 5 2 1 209 132 19 38 492 38 2 10 11 3 176 17 20 57 168 3 0 455 112 0 3 0 2 6 0 1
4 2 6 4 15 10 2 1 5 0 0 4 26 102 193 119 51 640 169 71 28 187 32 1271 219 38 1908 1386 216 11 33 0 12 27 184 74 86 61 273 197 138 41 4272 47 47 548 442 289 22 6 2 5 90 221 15 20 169 52 91 21 1090 836 8699 5714 5111 144 484 387 2337 120 37 6 21 32 70 228 17 3 16 0 4 3 66 247 166 273 163 7 42 28 433 18 7 60 1043 27 10 3 227 47 0 0 0 1 0 0 0 0 0 0 0 1 0 23 46 7 0 20 2 150 19 54 14 0 2 3 0 4 0 8 2 0 0 3 1 4 1 0 22 23 99 2 34 1 2 6 68 12 14 529 2 2 12 0 0 7 0 0 2 2 0 0 0 0 4 1 91 22 2 61 3 4 7 2 12 52 1 5 81 5 0 3 15 1 13 4 0 3 9 0 1 27 10 0 4 0 0 0 1 0
16 6 5 3 89 35 3 7 3 4 0 5 24 209 658 285 43 359 79 45 22 88 15 138 91 8 1079 2086 1145 111 326 14 29 106 207 181 98 59 3074 78 202 106 836 32 110 240 595 250 35 5 7 14 164 304 23 20 872 431 410 152 507 380 6760 5111 9251 58 989 1443 6341 49 27 5 27 13 632 129 6 1 20 1 10 0 84 247 166 218 115 11 41 24 376 32 11 47 497 146 7 19 216 67 0 4 1 0 0 0 0 3 0 0 1 0 1 27 54 4 3 18 6 169 15 46 13 1 1 0 1 9 0 13 8 6 1 5 3 4 1 0 13 39 120 3 78 2 2 25 187 13 24 898 1 7 17 0 1 14 0 0 0 3 0 3 0 1 6 1 213 73 13 58 8 19 13 4 19 237 3 2 216 12 2 12 8 6 27 5 3 1 7 1 0 20 11 3 7 0 2 2 0 5
2 0 0 0 3 1 1 1 9 0 0 3 855 0 11 12 6 257 408 15 0 5 2 51 6 3 48 80 6 1 2 2 8 5 2 0 13 46 55 2 134 31 130 188 4169 1673 6 65 36 1804 43 443 3 1 6 1 3 2 1 0 168 56 64 144 58 1477 6 3 22 28 59 25 15 1374 4 76 544 413 166 436 252 836 7 4 3 1 0 232 252 762 1145 67 31 20 107 1 107 12 3 0 0 1 0 0 0 3 0 3 0 0 0 1 3 45 107 6 0 16 3 111 10 70 5 1 1 1 1 7 0 48 2 3 3 3 0 2 1 0 21 13 67 3 50 3 5 42 335 87 14 661 4 21 33 2 1 63 62 8 75 55 2 2 0 0 1 1 67 80 21 2520 6 6 3 2 27 73 12 16 292 15 3 4 227 10 38 14 7 25 45 0 0 102 31 0 13 1 1 2 0 2
349 163 144 100 533 183 37 84 11 34 8 102 2 96 139 121 22 59 15 8 17 106 44 241 766 61 419 450 3961 854 1014 72 145 93 62 20 73 101 169 263 180 40 516 22 9 75 515 151 23 4 13 41 671 7065 81 54 6711 97 30 15 203 468 1643 484 989 6 13679 1228 1076 67 15 80 150 58 2899 124 16 1 80 1 14 1 366 6616 625 3667 2696 6 40 22 194 42 19 52 432 411 24 86 1566 1535 1 4 6 3 4 16 0 1 1 4 4 25 0 2 5 3 6 8 13 15 26 14 13 5 2 0 1 0 0 1 7 0 14 104 2 94 0 1 110 82 11 1 7 1 15 1 11 3 17 42 3 1 5 0 0 1 0 0 0 3 3 3 0 1 20 0 12 3 5 10 13 5 4 1 8 12 2 0 17 2 33 72 18 1 5 30 0 3 2 2 6 7 3 10 6 4 8 1 0 1
12 3 5 3 35 5 4 7 0 1 1 2 0 580 651 460 83 161 21 26 75 138 49 220 167 12 815 1093 809 26 443 15 224 1859 419 372 1039 673 480 241 245 18 247 51 4 26 2571 135 6 1 5 12 158 453 19 36 983 3228 3802 1839 123 108 511 387 1443 3 1228 5807 1442 20 10 31 229 19 792 67 2 4 70 0 6 0 117 391 247 435 1176 0 10 3 46 16 11 5 112 55 0 3 627 426 0 0 1 0 1 0 0 0 1 0 1 2 3 9 3 11 24 16 39 39 85 41 75 9 3 0 2 2 1 3 1 1 1 23 6 55 1 0 145 201 21 8 11 3 6 1 9 4 62 55 10 0 5 0 0 3 1 0 2 1 1 1 0 0 5 2 10 12 3 5 5 2 2 1 6 15 0 0 15 2 4 33 46 0 3 14 0 1 1 3 2 6 1 2 2 0 3 4 0 2
29 5 10 2 374 128 12 8 2 6 5 33 9 172 647 414 93 1135 45 104 42 126 55 133 103 11 291 519 1517 316 631 60 109 201 87 98 160 118 7003 64 671 476 1572 30 199 286 405 3892 211 55 10 16 163 405 36 35 1083 781 318 121 4222 2078 8069 2337 6341 22 1076 1442 12140 308 229 25 61 13 1092 8286 13 6 52 1 79 13 140 301 243 254 100 76 328 191 2406 219 40 161 1694 592 11 45 208 66 1 2 0 2 0 1 0 1 0 0 1 2 4 9 24 10 5 28 15 59 46 48 21 7 7 1 4 6 2 6 15 8 5 18 6 25 0 0 56 69 50 18 69 8 9 135 590 10 54 1118 12 43 103 5 4 251 1 3 1 7 1 5 0 2 0 2 318 258 66 125 9 14 15 7 208 682 14 24 1279 142 4 34 18 13 337 39 4 50 104 3 2 334 85 1 24 2 3 5 3 0
36 11 10 6 18 12 8 12 1 5 1 6 2 11 58 96 13 86 22 35 9 47 15 49 27 9 14 13 77 16 5 5 6 6 1 0 10 10 28 9 997 61 121 21 44 36 13 544 301 114 281 228 23 43 69 36 25 6 4 1 108 8950 1353 120 49 28 67 20 308 3938 887 5 12 23 13 325 33 14 26 69 2150 624 37 47 35 38 18 1073 603 270 429 1854 3867 1630 1793 15 12 4 18 3 0 1 0 1 0 0 0 1 0 0 0 1 0 1 2 1 1 6 0 6 1 4 2 0 1 0 1 2 3 0 0 0 0 2 1 1 0 0 2 4 3 4 1 7 6 30 14 1 0 15 1 257 334 15 3 92 85 136 303 659 1 0 0 0 0 1 1 20 37 19 4 0 2 1 62 30 269 458 155 9 2 7 10 1 47 23 333 74 1006 0 0 320 97 1 3 0 0 1 1 1
15 1 3 2 7 6 2 9 6 0 0 4 5 6 13 21 3 38 30 13 1 10 4 11 3 2 5 10 28 9 3 1 1 4 0 1 5 14 22 4 503 30 71 40 104 25 5 4450 101 262 37 138 6 10 23 10 8 8 2 3 54 3792 256 37 27 59 15 10 229 887 7994 9 15 48 12 2111 87 23 63 47 2774 561 13 10 8 10 1 3064 2357 699 763 528 244 350 331 9 36 7 3 1 2 0 0 0 0 0 0 1 0 0 0 0 0 3 0 5 0 5 1 11 2 4 3 1 2 0 3 1 1 0 2 0 0 3 0 1 0 0 1 0 3 1 3 11 10 72 29 2 2 47 0 392 699 13 10 196 66 89 221 609 1 1 0 0 2 0 11 32 69 25 2 4 1 1 128 40 304 606 290 14 3 4 9 1 63 21 412 146 1737 0 0 655 210 0 3 0 1 5 0 0
