15.72159684119 24.1799319748812 25.1073715107697 36.3117311201329 44.0753990457861 45.374843214638 30.9419174423917 25.2449218508606 50.7542665136142 42.3122887386092 57.5412933627764 63.9037488287645 0 210.121643066406 117.679349263509 162.06778717041 119.325241088867 223.870162963867 0 195.519134521484 124.053952353341 140.698811848958 188.785835266113 213.889239501953 155.677351774993 167.054260253906 181.414932250977 186.382975260417 38.9101135327652 26.8880143643618 59.7783111944431 75.8827107747396 97.8255434331206 164.531488418579 234.922561645508 103.919860839844 136.085935974121 151.220366668701 149.822188059489 158.067133585612 91.196987164229 187.015823364258 205.849792480469 206.848022460938 160.486373901367 244.796813964844 159.889498392741 171.009353637695 158.297267150879 193.303364345006 136.71709730567 152.021949713571 114.200494912954 85.1792211322602 116.612717046366 100.473462847463 112.86201379238 174.026069054237 134.307662963867 182.792541503906 164.873714447021 193.237132145808 206.625888347626 178.392150878906 169.277697563171 203.021575927734 88.6657321022711 167.14936319987 176.298647650357 173.772991604275 178.722047932943 148.663259652945 187.349656946519 139.972694396973 158.380315536108 204.797113037109 128.11642519633 0 164.483485921224 154.984180450439 180.989055149992 182.629896684126 116.174470408433 97.9103024075735 106.561068913239 108.967297675201 166.81841208718 184.271875481856 189.578931535993 197.448524475098 195.193303426107 129.529195003372 158.443743206206 173.164757361779 178.228974342346 120.403187695672 78.8270148555789 56.2600817959627 146.532678604126 145.250013912425 160.475013879629 163.70355682373 162.874846992912 167.249731614855 166.962232208252 164.077285307691 158.478594179507 117.33827641805 157.632639338461 128.204615359836 149.717092837927 165.645138445852 0 0 0 0 0 206.279098510742 0 178.249099731445 173.313636779785 190.248863220215 127.002647399902 194.766156005859 201.335624694824 0 0 0 0 0 171.995324401855 0 147.046465319256 155.874142295436 0 163.90042388916 0 0 176.375940737517 180.046231079102 184.323974609375 0 0 207.351122538249 182.399775390625 206.956192016602 197.208076477051 142.06379699707 164.410617828369 206.018840789795 0 0 207.769821166992 188.709915161133 0 175.480194091797 209.684270222982 201.323425292969 197.3884862264 206.142748151507 201.185675726997 198.933094787598 174.627087402344 170.04851397346 160.702789306641 0 138.052612304688 201.58975982666 0 0 196.284742935844 173.997821044922 177.42832438151 147.482360839844 0 0 228.133522033691 225.669158935547 232.126220703125 0 141.417101723807 154.726704857566 189.426013401576 0 0 139.433421573123 202.953399658203 0 205.972325642904 202.65299987793 210.935825123506 225.071136474609 0 160.359225365423 110.699652322909 129.790348655299 204.339470757378 209.664703369141 0 0
24.1799319748812 17.307275418883 20.7296841537545 25.5836060100132 33.4087335538864 37.0006679611422 55.3843669751111 65.6482971322303 82.9181542830034 52.1937183442663 64.0876430576131 57.9781856105786 0 0 153.370005289714 0 148.222076416016 213.274978637695 0 148.930419921875 125.847096824646 142.668044662476 89.497673034668 212.659690856934 190.444981892904 0 240.542388916016 207.572570800781 73.6131307999758 27.5920599035101 53.5275875673456 122.204694747925 158.799758737737 201.70344543457 0 0 148.152732849121 158.625596618652 0 159.292530059814 99.2804737154572 0 212.597381591797 193.943130493164 226.012847900391 192.599472045898 188.902389526367 219.48486328125 152.468360900879 0 149.192675999233 160.194158554077 128.5530020527 105.10790569991 133.234871362088 113.594641555439 134.126982437937 179.781378173828 115.959144592285 0 0 193.057754516602 203.077682495117 194.049537658691 199.736852010091 0 89.5941149003667 189.084411621094 215.238671875 181.327749078924 217.647750854492 187.302943638393 196.15153503418 170.784065246582 156.665908813477 181.771621704102 133.716272989909 248.542984008789 183.780151367188 158.224029541016 189.148104759955 176.086833953857 128.320763232934 108.960154158981 115.133614609294 108.308649359809 190.510189056396 183.242327880859 182.150833129883 0 207.26309967041 140.387617813913 172.105085923937 175.727279663086 202.363609313965 154.058114878337 78.9681983205069 78.5023481008169 143.621240698773 180.647106933594 167.361410813105 165.862837011164 169.771169741582 168.253989374915 170.200985995206 168.504048431129 158.055219762466 119.001443624496 161.966531790939 127.414697170258 152.853099568685 166.483922434995 0 0 0 0 0 0 0 0 161.269404093424 0 0 174.505752563477 195.275085449219 0 0 0 0 0 174.705881754557 230.109573364258 151.115511837169 155.514452420748 0 160.804981973436 0 0 154.146671840123 180.358585064228 0 223.747528076172 0 183.646162414551 182.300547463553 0 0 0 0 0 210.69660949707 0 0 198.473487854004 0 0 238.735809326172 225.182830810547 208.310815429687 0 200.340614905724 213.922560119629 194.023595174154 177.339898360403 148.085131327311 0 0 0 0 0 192.533116307752 178.486586434501 156.001056671143 0 242.266754150391 0 0 238.571990966797 176.859085083008 0 144.293462245309 154.747401089138 161.352069854736 0 247.798690795898 132.079755883468 248.902679443359 0 226.413955688477 178.887031555176 208.398246765137 0 0 160.88014064691 111.719032352806 143.277465608385 187.05893499201 168.615493774414 0 156.670440673828
25.1073715107697 20.7296841537545 12.9873071129394 34.8258322120128 78.2739363243243 42.422485231212 55.9483923867955 18.327196785113 63.4711656688172 26.5339040230685 50.1464559429919 24.6761556970252 212.22802734375 0 0 191.443923950195 0 0 0 0 122.991751593512 154.943308213178 178.781361897786 193.33366394043 163.587283084267 0 0 0 91.5074253875682 92.6095437180572 117.971804549054 138.450629147616 142.769606957069 178.692916870117 0 0 176.902581532796 176.544931030273 149.299003601074 211.429412841797 101.466023123075 0 215.717335292271 192.619827270508 145.958557128906 0 191.346202850342 221.02121480306 194.346969604492 185.669657389323 151.20521610066 165.125660988592 131.51213618282 111.011565740854 130.127487370006 114.520206679646 118.82484588623 182.487409591675 0 0 239.69108581543 217.560371398926 213.109493255615 203.190053304036 220.797305297852 0 100.244575659434 183.913613891602 212.990747070312 180.711241149902 182.091389973958 140.739363988241 145.328353881836 137.215734481812 192.574172973633 0 144.293276786804 0 181.765997568766 160.172039031982 191.419580919989 176.682640075684 131.405872430694 112.033031934937 119.451726141693 116.128971937226 176.629590121183 198.878398895264 204.02876663208 0 227.129455566406 146.574858142484 173.930951002167 169.989545549665 196.92830657959 166.432476244475 72.9728106714064 84.0525556291853 149.297908964611 163.388967725966 166.153918796115 168.919217851427 152.497080334555 171.564878504575 167.559363599093 167.291787852412 161.015367296007 121.389768449087 162.758046787807 123.984988790163 152.920209486002 165.659048198182 0 0 0 0 0 0 178.45947265625 0 193.553565979004 224.64909362793 164.359970092773 167.695697021484 201.430015563965 0 0 0 0 208.329345703125 174.663432938712 0 152.196207988693 156.303314253213 139.28157043457 157.71183719635 0 0 174.196326622596 164.134437561035 0 159.170196533203 0 206.390663840554 184.645533243815 0 168.939025878906 201.154739379883 141.002426147461 185.309206644694 0 0 0 211.438415527344 0 0 236.286895751953 224.159217834473 208.43359375 227.245325724284 208.372792816162 206.276517595564 181.543505350749 183.710400603538 160.236653172693 0 0 0 0 185.890090942383 199.983724092182 186.76999130249 165.539288330078 169.592483520508 0 0 234.180130004883 242.991333007812 196.032709757487 0 143.311693754128 152.489653087798 159.33336130778 183.287246704102 219.336608886719 138.821915639958 0 0 0 232.401102701823 210.932824707031 239.333595275879 0 155.955725845026 112.948407173157 146.253531470666 202.215105329241 0 0 195.196243286133
36.3117311201329 25.5836060100132 34.8258322120128 11.1550077659169 24.3882987227644 21.2680448157754 72.1679471125368 90.3786628622758 80.1281651390923 44.8404110686009 56.8459108725361 31.3970532809857 0 0 134.838088989258 139.374694824219 90.2833557128906 131.876815795898 0 198.042251586914 119.978522796631 133.647680182206 134.373950958252 0 156.156293869019 0 161.314010620117 167.680816650391 85.0873656802707 40.3651406141845 68.3451507023403 84.0528387451172 98.7690981272105 137.339007059733 0 0 184.445266723633 177.537185668945 131.834213256836 184.857666015625 101.016041379097 0 213.776245117188 0 0 0 0 154.162078857422 0 207.483581542969 152.196474942294 169.111550723805 137.271551426479 116.160041314584 133.69829481076 118.097202382189 91.6534962654114 150.69423421224 0 97.708625793457 0 178.973495483398 207.038223266602 212.55704498291 183.75471496582 0 97.4705533218384 185.004526774089 209.375190734863 184.822174072266 189.307586669922 145.238941192627 183.134586334229 123.14725189209 189.306583949498 197.731842041016 136.937080383301 0 189.863452148437 164.465406145368 194.769959259033 210.946416219076 132.891074021174 114.214808486578 116.657944008633 104.152454880049 172.241983686175 189.742073059082 227.346237182617 220.15586344401 0 149.202055889627 171.957901000977 179.493787493025 171.251062011719 131.638295332591 78.3976093653298 90.4431046212074 142.07374420166 156.08219909668 168.660010509956 166.927915932476 168.496285427423 171.448353635672 168.989530801773 169.012064451609 158.219001965645 125.183456663101 165.399113295665 129.26377574052 153.388614674725 166.610362633846 0 0 0 0 140.162368774414 0 0 0 167.06647644043 178.871368408203 0 171.806284586589 0 0 0 0 0 0 175.486636409053 220.925659179688 152.555595857551 156.864162502742 177.210235595703 155.868164210644 0 0 157.959538936615 166.523221333822 0 236.099151611328 174.938186645508 188.300445556641 180.521333410385 0 165.876602172852 0 145.648452758789 186.673400878906 0 205.690368652344 0 210.39143371582 0 0 229.072046279907 224.72060585022 233.84143371582 233.15295791626 214.011228059468 202.87591683524 180.208469390869 184.22896225388 153.074756098729 149.344650268555 0 0 0 0 201.831922998968 189.467008417303 158.615607521751 142.896591186523 0 206.559860229492 240.587738037109 219.636917114258 191.132286071777 0 143.928094809048 152.114959089723 137.098568309437 0 0 142.136435724074 0 157.644989013672 239.80029296875 193.074909755162 206.48463674692 0 0 156.612977027893 112.503072270176 153.372728482099 194.063045501709 178.528442382812 0 203.341944376628
44.0753990457861 33.4087335538864 78.2739363243243 24.3882987227644 13.6805633863044 31.3529140905115 56.4707748299426 111.327568266127 98.5765539805094 72.627244579792 54.1654970217974 52.6690183570362 125.725170135498 91.4980708530971 93.7747742789132 96.6445070349652 87.0839529037476 108.112705014787 109.912768046061 97.879737218221 93.7505477434323 96.2224225110786 103.822660827637 146.28510055542 117.191939499799 111.252610778809 142.69524710519 101.753916422526 56.5580736649664 31.3769559150866 20.9820551266935 39.6157655132601 62.9430652975626 75.3079116344452 142.359301249186 81.6714849472046 80.8910178401044 84.7327479771205 107.57501771278 143.764005025228 81.3800463168259 127.844141642253 172.964993696946 181.44962310791 133.132080078125 145.104206085205 140.90298614502 142.330200740269 143.099625587463 0 131.029508919551 147.698801351148 118.231521856589 94.7461274267219 118.621847881534 99.0559970736504 41.6699896364825 75.1108882166758 92.3594273158482 90.2129280090332 118.080239943516 164.316024254108 151.18130364669 156.678934224447 120.641602076841 147.754514058431 69.8909879544886 101.0741784232 122.274383463324 176.124224344889 161.297986711775 74.8827981978378 78.2431480174756 103.233677950772 55.6410468103032 129.21247326244 103.375174628364 119.789596557617 77.5110806359185 149.299465179443 177.678162947945 180.262044270833 113.737171785331 95.7918636350703 99.1503909906039 81.9108455309729 113.310312407357 170.561519622803 160.380836486816 169.196555001395 135.776278801684 136.108290206554 156.474719885624 173.007524278429 167.172618981564 20.514773180077 78.4253788782545 72.3636454357435 100.201637707259 54.9406859271498 158.368846157141 161.846608886719 159.964781732842 163.861230330034 152.551036141135 156.462575621524 168.485480172294 140.046784973145 154.913125326467 124.805523007415 143.157822912866 156.279198786504 210.180892944336 176.516599867079 150.610852328214 164.180704752604 0 209.254325866699 166.418567657471 171.980553260216 161.21394144694 163.10036722819 160.640270996094 164.923006924716 183.636254050515 152.579895019531 203.170883178711 173.49870300293 0 190.618639264788 160.29855395378 209.675903320312 140.504145736694 147.713059870402 137.980145772298 150.332094687003 0 0 147.705691250888 154.361779233243 162.821721394857 147.250244140625 170.889139175415 173.027229309082 163.455101706765 210.062133789062 149.56406656901 143.443849351671 145.988546891646 171.974859903025 193.258427937826 227.050827026367 232.562644958496 184.960632324219 0 177.163197835286 207.640889485677 189.846893310547 208.738723754883 233.576370239258 200.335540771484 192.359304254705 192.992729187012 185.313755915715 145.038742771855 133.561645507812 166.423179626465 175.380685424805 187.975402832031 122.286521911621 176.647387960683 166.63484778771 160.647221156529 142.385467529297 184.728332519531 177.471942901611 238.03385925293 219.233283996582 197.203206743513 174.160430908203 134.223855871903 139.248452224731 126.748713566707 0 196.077451705933 127.50366377397 187.509094238281 0 230.737644195557 185.654561360677 192.118238830566 214.823785400391 213.980265299479 144.494747650929 109.658405127892 167.45293787906 178.186695445668 168.583648681641 0 146.178527832031
45.374843214638 37.0006679611422 42.422485231212 21.2680448157754 31.3529140905115 19.1323429940855 62.808663547039 99.1589743296305 75.89877236856 50.0675194658552 41.5575956630519 29.6582781863127 0 120.613254547119 113.712927500407 105.365467979794 94.2707761681598 120.960504659017 110.081281026204 95.6095809936523 101.506563822428 101.693864516492 111.221603393555 180.177263532366 132.855523593184 144.243980407715 129.19349416097 137.046085357666 71.6513915773055 45.4856558955899 46.2897658914953 21.4053003103327 42.8423781792655 82.111432534677 0 101.185413360596 88.7979784979337 94.3640753609794 107.529136394632 165.677190144857 94.4690352222318 155.051600138346 181.753631591797 124.089706420898 171.885971069336 174.976417541504 212.308558146159 145.234667131978 167.662119547526 192.502975463867 147.316678873698 163.998914856842 131.054528550439 107.282053003217 131.787264225401 113.812373738432 70.384327749188 80.1189535892371 78.160383605957 142.3097559611 123.000083229759 168.570908979936 163.472682529026 194.481872558594 141.425644138881 109.030158996582 97.0478468097624 139.184844970703 131.347098112106 197.643848419189 177.906209309896 72.4944025021847 91.7252648280217 98.5473896594758 114.939784261915 136.551865259806 89.7461923135293 0 82.9611377901244 164.259591238839 194.857786698775 203.741676330566 128.13296326282 110.608540951627 111.720368099123 96.2553651830652 150.929009755452 189.721622467041 170.662104288737 231.132659912109 132.507275644938 143.838576507568 171.764284076113 177.028457641602 171.327508290609 28.0612193104353 64.0920550003052 81.1231585092495 122.031309493045 173.654313659668 171.870527470365 161.347764708779 168.321812468553 169.369246514289 162.399429614727 164.308609752891 162.654657035038 127.956838869581 162.476003011068 127.523254349652 150.786031821578 162.417043940226 178.072639465332 187.749172210693 152.114128112793 122.314460754395 137.978240966797 221.930419921875 174.533069610596 170.144694519043 162.310369491577 179.891757965088 175.021823883057 166.7546043396 179.551931762695 123.840301513672 188.212936401367 188.527481079102 0 192.059112548828 167.726486106972 159.57448832194 143.389031410217 147.109572251638 127.604768753052 148.241148267474 0 0 147.064617580838 151.508531670821 172.805352783203 204.695755004883 176.828008015951 182.43976020813 176.134304847246 0 176.341667175293 148.785354614258 139.818317958287 177.188989639282 0 0 0 242.84423828125 0 177.376266479492 225.635968017578 220.444196065267 212.228698730469 237.000544230143 211.070645523071 192.464648735232 172.388793945312 180.903370958693 145.210398287387 0 183.469589233398 177.334630330404 207.135040283203 204.159250895182 190.397236929999 176.906734835717 162.481467183431 147.750198364258 0 188.234199523926 230.381340026855 223.631210327148 196.213844299316 194.727493286133 133.933876902521 139.953997678535 125.870762577763 245.283065795898 207.878168741862 124.964440701276 0 0 240.917282104492 182.987357003348 205.830285983615 213.420196533203 231.096389770508 148.817807224819 108.435960703311 151.737117329582 190.022532939911 168.466110229492 233.243225097656 157.012901306152
30.9419174423917 55.3843669751111 55.9483923867955 72.1679471125368 56.4707748299426 62.808663547039 12.0305004016833 23.6485224194446 14.6403412505317 34.7103491678147 64.0994497140249 75.9643663132652 0 226.202941894531 112.452159881592 177.961208343506 111.628028869629 177.085784912109 0 103.825630187988 119.619252131535 140.770066261292 150.672973632812 0 141.518851143973 0 164.207983016968 218.483535766602 32.1705934297901 47.8893458597439 56.2737209671422 66.7125027792794 82.6211758837288 110.328870137533 0 0 114.584576924642 122.414687262641 0 161.327006022135 88.1187497039339 200.546691894531 173.714599609375 140.910690307617 107.324863433838 218.753921508789 106.526916503906 154.862815856934 0 0 114.153637073658 130.897781622214 83.9625077595481 55.2596314025551 91.9653468710839 92.0039873452022 106.363762799431 135.456695556641 129.768283843994 97.3344345092773 164.343727111816 182.926696777344 194.86057434082 156.938453674316 186.784947713216 80.9442367553711 100.213411795126 139.936899185181 147.865790049235 174.44322013855 167.12060546875 83.7212150975278 140.557925633022 121.004337310791 130.812149047852 152.857457478841 60.3760829827724 240.562240600586 111.84970664978 127.365618387858 168.291989778218 149.845199584961 97.2209331933842 84.9155705359674 104.786044934217 112.278953399658 128.833491007487 182.635055541992 173.31982421875 0 156.782811482747 113.991637394346 139.059032440186 155.660266876221 171.500640869141 88.3750272750854 43.7259499987186 22.7703090196787 119.598046620687 174.363464355469 135.080953744742 143.093738010951 141.960458684851 146.55282234659 159.409664154053 147.444068239446 141.991150992257 92.9565878648024 136.225045945909 100.878370111639 130.397632680041 149.577395429515 0 0 171.082595825195 220.198776245117 0 0 0 0 138.09516398112 184.505264282227 147.236251831055 204.264236450195 152.677764892578 0 0 0 0 0 151.710640647195 159.820358276367 139.606352996826 153.218318116431 0 158.463555908203 0 0 213.408546447754 168.66072845459 0 0 0 238.725860595703 182.02374013265 0 0 0 140.934215545654 188.94807434082 112.68367767334 195.475067138672 0 0 0 204.933624267578 208.988118489583 217.096282958984 167.899037679036 216.642364501953 174.36589050293 187.153811645508 169.081680297852 175.666094098772 149.724723052979 0 0 0 227.129135131836 0 184.994903564453 157.23952738444 188.719947814941 0 0 0 0 0 200.201248168945 0 141.29473976467 140.870420074463 171.509918212891 0 0 131.285346508026 0 216.104522705078 177.92512512207 168.441802978516 235.313323974609 247.515686035156 0 160.983518160306 106.38538142613 122.475608280727 238.036376953125 0 0 0
25.2449218508606 65.6482971322303 18.327196785113 90.3786628622758 111.327568266127 99.1589743296305 23.6485224194446 14.0585631743821 13.8261164415506 16.728446278791 62.1047963386725 66.158254087641 0 0 210.115798950195 185.316268920898 0 0 0 0 122.669174194336 153.851512908936 0 188.438598632812 161.690047264099 165.505928039551 203.275805664062 190.00316619873 78.4396383876884 96.8166404414821 125.951552447151 137.767980957031 114.883853814541 204.564010620117 0 0 184.303329467773 0 0 177.682830810547 88.9100257771686 0 187.432525634766 155.211570739746 0 0 153.490926106771 184.606079101562 151.916720072428 210.331970214844 132.963943576813 150.591259032723 111.552885838164 85.9460986937392 116.219866305265 100.038387736336 137.380837249756 189.061386108398 0 0 196.697891235352 187.179807027181 209.253503799438 218.382354736328 208.52955191476 185.887893676758 93.635144506182 174.935307094029 220.414794921875 178.949952443441 182.601130167643 90.7721536908831 172.311526489258 119.147847395677 160.042227681478 190.144790649414 70.6847031911214 164.045742034912 165.98761177063 146.398021351207 182.251227678571 184.140537261963 114.500016398936 95.2580914830965 107.271690177386 111.028210912432 158.58959113227 187.418531799316 178.406046549479 180.919494628906 222.852752685547 129.361923086232 161.967446390788 190.600090026855 178.75158996582 147.265553792318 51.7549966956085 49.6619294926403 158.489781697591 160.709115346273 149.335329841165 148.690016682943 154.084298270089 160.837467478282 165.682513427734 158.813987929586 136.79137802124 97.4242324829102 149.982923395493 114.917064581977 142.567081328361 158.047060509884 0 0 0 0 0 0 0 0 130.180035909017 0 0 0 180.241394042969 0 0 0 0 0 166.731159210205 0 158.959732055664 155.009405822754 0 168.990454673767 0 0 194.390853881836 192.316030883789 0 0 225.895034790039 206.471389770508 174.805770874023 0 0 0 0 198.002334594727 0 0 0 0 0 0 215.793637084961 158.524765014648 198.505874633789 219.567862374442 195.739988054548 185.54779510498 125.524440765381 163.211450849261 164.897412618001 0 0 0 0 0 199.865394592285 173.896484375 145.595344543457 127.527587890625 0 0 227.246322631836 196.534194946289 197.988647460938 0 139.243840196398 171.373747392134 152.747177124023 138.659439086914 0 131.124797821045 0 147.120864868164 214.692584228516 199.960556030273 203.469272613525 0 238.692901611328 156.678433227539 112.449649416167 126.466505197378 224.588195800781 0 224.34211730957 0
50.7542665136142 82.9181542830034 63.4711656688172 80.1281651390923 98.5765539805094 75.89877236856 14.6403412505317 13.8261164415506 7.46233611516446 19.2612739096232 43.7072981392465 69.1320853418158 85.5446371781199 0 0 208.284973144531 0 175.017684936523 169.557479858398 0 96.1146797180176 92.963127983941 73.9037857055664 0 125.791412353516 0 0 111.4684715271 77.3479534242211 80.3643058776856 88.234733581543 61.7487036841256 65.1648704688866 53.7765865325928 213.218811035156 0 96.6675186157227 70.2271347045898 165.518648783366 0 95.9999196425728 0 127.79443359375 144.23335647583 86.1096199437192 97.5767960548401 0 125.39478302002 133.493957519531 106.983497619629 131.969076792399 149.474801456227 67.2768775849115 62.8869891166687 86.6288146972656 102.217038472493 100.337287902832 50.9808502197266 0 0 146.456830342611 0 153.123578389486 160.84020690918 172.907971700033 80.6026280721029 91.2291890924627 0 212.408973693848 176.050384521484 140.536043802897 51.9539440175429 88.7581929293546 50.7992720814933 116.85210079617 122.90022277832 33.1898429214162 58.1505002108487 61.3136289708755 133.873723347982 151.906337738037 124.269655772618 116.26976776123 96.105029064676 114.899232228597 114.244075012207 142.595962524414 153.304441663954 136.061160694469 119.789833068848 114.747803688049 156.82666015625 155.349159240723 165.244323730469 153.5315990448 90.2109205245972 17.745179800429 21.4743147616146 0 0 154.910264587402 173.253234863281 153.945725577218 161.823162623814 143.814824422201 158.745995772512 0 96.5783233642578 137.143708365304 102.802532741002 115.397419399685 149.182688505753 0 0 0 0 0 117.729953765869 114.960220336914 120.992965698242 134.239677429199 120.84450340271 138.150291442871 168.391647338867 216.602844238281 0 0 0 0 0 150.639405822754 176.537719726562 142.496634483337 129.233977346709 0 128.480827994969 0 0 126.498789469401 165.424001057943 0 0 0 167.463439941406 135.598840713501 181.209205627441 110.861885070801 176.34211730957 113.472923278809 162.938189697266 0 0 219.866184234619 0 0 0 162.63818359375 201.295806884766 178.009533691406 198.564727783203 217.190032958984 163.144088745117 0 162.172668457031 133.908964157104 0 0 148.537399291992 0 0 169.725662231445 157.680587768555 105.208061218262 115.715591430664 174.054117838542 210.280639648438 213.153091430664 0 153.291458129883 0 132.328851873224 124.735068511963 62.8169492085775 0 190.072021484375 145.845970153809 0 124.503044128418 218.963874816895 0 156.34944152832 162.354110717773 0 154.177635192871 141.387003580729 109.954397201538 0 0 0 0
42.3122887386092 52.1937183442663 26.5339040230685 44.8404110686009 72.627244579792 50.0675194658552 34.7103491678147 16.728446278791 19.2612739096232 10.7378368553864 14.1632797494699 21.3321841049762 114.166397094727 0 0 160.833480834961 190.42537689209 0 191.076848347982 150.37939453125 121.039868164062 116.610431126186 0 165.088272094727 134.302432250977 160.348861694336 236.854507446289 169.391677856445 86.2054576237996 75.6019259804173 112.335142612457 79.3222465515137 64.0035504453323 97.9120712280273 0 0 0 184.451978047689 0 234.571838378906 91.2510029587332 0 202.858871459961 170.898315429688 169.948287963867 0 182.524047851562 168.744313557943 143.140991210938 145.358959197998 133.252201261975 143.045528342507 101.651430824054 86.2384160470271 111.097118284644 101.203786214193 158.776969909668 228.174667358398 0 0 170.974044799805 185.389636993408 202.373229980469 0 186.247657775879 0 101.626417833216 159.897430419922 177.623588562012 168.234063720703 0 69.7584677934647 164.445027351379 109.003553390503 167.729571533203 191.364471435547 74.8542110340015 0 76.4610121590751 140.40849609375 178.578208560035 185.955108642578 115.898496241003 99.8402770610338 109.768077586432 115.276319442257 186.412806193034 179.443445841471 185.486618041992 0 219.975112915039 126.222672895952 153.457037062872 159.236869812012 190.238304138184 142.986282984416 27.6902190566337 44.8628416569396 131.830610795455 145.311103820801 137.506777671313 144.903685779106 138.861661196805 143.211046095018 145.928207065748 139.354897248009 124.545327406663 91.3852958009954 130.195192613674 95.4378009610408 121.591917730011 139.140998351148 0 0 0 0 112.08528137207 120.268562316895 228.827690124512 130.317428588867 138.285873413086 0 0 158.58731842041 181.462860107422 0 0 0 0 144.489822387695 158.260348796844 136.31396484375 131.950541134538 139.314165335727 0 147.836282668575 0 0 146.499688890245 142.002193797718 0 153.611694335938 0 189.774658203125 177.95627175608 0 166.81568145752 0 0 159.492940266927 226.426605224609 0 0 152.628189086914 0 0 236.015686035156 214.160076904297 182.164530436198 245.743270874023 177.055765424456 181.904376729329 104.530792236328 146.321042742048 133.948468322754 0 190.950668334961 0 0 234.324401855469 173.98783834357 188.471615261502 162.492026192801 0 0 214.614273071289 248.267654418945 0 152.454727172852 0 119.840435074409 138.367893834268 78.2297533671061 0 0 110.248631556829 0 0 227.048867797852 173.34353129069 198.751239776611 0 232.0810546875 143.869684855143 84.4844107443457 108.936546979632 191.56150970459 163.519226074219 0 195.611999511719
57.5412933627764 64.0876430576131 50.1464559429919 56.8459108725361 54.1654970217974 41.5575956630519 64.0994497140249 62.1047963386725 43.7072981392465 14.1632797494699 8.52731444292936 18.0792372779679 0 0 0 0 80.6321716308594 114.212966918945 0 0 86.3535256385803 85.2535839080811 90.4122581481934 0 168.693481445312 0 182.137084960938 137.156829833984 102.207480163574 56.4667560259501 47.9339862823486 50.6465967672843 33.8923158513175 193.792747497559 0 0 0 202.130561828613 0 0 89.5276970241381 0 0 165.257354736328 0 0 0 0 0 0 0 179.966674804688 112.868918242278 103.63454246521 118.045259915865 138.633726119995 0 48.1472473144531 0 0 0 190.55192565918 0 0 0 0 94.2520618438721 212.684097290039 143.654981994629 176.245223999023 0 51.0201641424203 110.378082275391 66.7474021911621 118.431749343872 0 56.6956946055094 0 140.434053421021 0 214.090438842773 0 129.84696438438 112.951745253343 106.401886187102 109.504187266032 0 0 0 133.879119873047 182.145889282227 121.992233276367 0 0 176.740432739258 72.7172777002508 20.08364367634 60.2192312183947 112.824304580688 0 140.366293675191 134.539208730062 141.186805002974 141.476114609662 138.537454258312 138.009788656324 138.094397408622 98.2216294941149 131.972875314165 97.1569891842929 120.633942909241 135.646563934908 0 0 0 0 0 0 189.750465393066 0 120.536010742188 0 189.74967956543 140.243581499372 155.861335754395 0 0 0 0 0 142.897402612787 174.40258026123 121.383810066315 123.669942893234 147.226387023926 122.875673394454 0 0 128.209648132324 128.697050730387 195.494956970215 0 0 163.47376759847 163.401810963949 0 0 172.279800415039 0 164.037616729736 152.189056396484 0 0 209.206169128418 0 140.821136474609 0 179.709335327148 240.925552368164 235.766105651855 182.685687725361 175.07865109651 160.702463785807 162.112483554416 119.651203877217 0 159.365341186523 157.783004760742 0 162.60986328125 171.078102805398 162.366605122884 137.937014988491 129.982284545898 0 140.506500244141 219.250701904297 0 0 0 109.364258898719 118.117731648107 109.453582763672 0 0 99.7202596795069 0 161.698165893555 0 168.808208465576 184.722220458984 173.768768310547 184.403701782227 119.816035945241 78.5446064514521 126.504611036513 162.028255462646 216.671295166016 0 0
63.9037488287645 57.9781856105786 24.6761556970252 31.3970532809857 52.6690183570362 29.6582781863127 75.9643663132652 66.158254087641 69.1320853418158 21.3321841049762 18.0792372779679 14.6798710071676 0 231.71858215332 108.069223022461 111.824432373047 117.623698234558 118.591824849447 155.285762786865 112.513637542725 107.399609619405 108.069255571687 99.8185636732313 135.804595947266 132.502233505249 0 188.374076843262 201.317677815755 94.3478039524012 64.9774430166004 61.8787833336861 28.0379328134739 24.3341784798275 94.609918154203 0 73.2693939208984 119.747463989258 102.614166695731 115.36302621024 144.455150604248 103.629159561311 152.144882202148 191.732987976074 78.7647617885045 100.359391348703 121.306655883789 190.764409383138 149.111054738363 177.266826629639 124.501306152344 152.673718770345 168.884014341566 138.647042392699 121.619038723885 139.293913829176 124.276639023872 102.787896156311 85.7772826369928 0 107.386159261068 127.440159606934 178.281260172526 204.405971950955 165.214502334595 133.462284851074 95.814811706543 105.124910018023 151.523750305176 134.905139113917 191.901634216309 182.49641418457 29.670758357431 78.6874727638819 66.5534943602139 101.13965349931 130.960536532932 83.6748333492795 63.19561620859 70.0302944092523 182.525611877441 194.987427711487 146.314605712891 138.856257659147 120.9115843842 120.418505814746 107.036046971389 153.511691865467 152.023262023926 186.49259185791 133.088397979736 124.927287101746 148.625701904297 183.641816638765 177.252380371094 191.700669606527 59.4774246641395 50.9172988237633 87.0956479628881 129.409683639939 211.376876831055 163.247833902874 158.025210952759 147.490125417918 164.308943546408 161.804560017703 161.307519199271 160.029786373707 123.416409540176 157.582354661498 121.687907711329 145.063262264637 159.070058575671 144.721237182617 185.621383666992 0 0 178.856906890869 186.724853515625 198.480295817057 162.195167541504 160.986412851434 154.207247924805 173.823547363281 172.256812803207 183.733597214158 207.131622314453 0 0 0 201.069534301758 162.959682527827 192.604236602783 140.764125092057 143.685344507109 123.563531494141 142.584451520959 0 0 145.085866165161 147.145879417959 191.782770792643 164.617971801758 184.362986246745 180.81519345884 170.824163971755 0 169.856337113814 161.717280069987 132.218813969539 184.80598239241 177.822372436523 0 243.823318481445 0 0 209.511032104492 223.207494735718 209.10924236591 225.899345397949 230.967548370361 205.166954627404 195.766986364606 173.642580032349 178.590930451128 141.65100168988 0 0 178.721054077148 207.451065063477 179.699352264404 187.273805798982 175.987510232364 139.55576300621 181.939697265625 185.237487792969 201.080142211914 230.556359427316 242.783645629883 197.655284881592 0 131.212541809082 133.808218851139 111.67350806442 203.399642944336 0 118.251570018029 211.724807739258 191.144332885742 208.276596069336 187.194707430326 201.315996827198 188.833694458008 203.373870849609 145.689380393418 102.032657407467 145.908776601156 178.279012879329 182.59449857824 181.344100952148 184.440368652344
0 0 212.22802734375 0 125.725170135498 0 0 0 85.5446371781199 114.166397094727 0 0 8.81834218634015 0 89.1643502371652 68.8120370813318 56.1335629549893 21.3912332103511 21.1308885433879 46.2924244837327 90.5929565429688 0 0 98.1034816395153 0 90.9001617431641 71.7834967535895 63.3345730959714 152.407745361328 0 131.60400390625 135.01050567627 67.1831793212891 100.06745223999 0 0 50.5964789824052 64.4845388261534 56.7709446359188 105.920906066895 86.4837964864878 70.4936332702637 102.408922715621 23.1305846098691 22.0499071854472 14.8828371408288 0 91.3840194702148 94.4706184387207 51.870965090665 0 123.79759979248 0 171.730743408203 0 0 119.812797546387 105.994941711426 0 0 25.8775453263787 94.2594192504883 96.1748046875 62.9372026003324 68.9648459752401 27.5612186961704 112.434356689453 0 99.6702397664388 97.0358963012695 104.231433105469 92.4461024602254 70.0490613245702 35.3354130159992 107.218723297119 97.7518074035645 70.5706209314281 18.1248790077541 68.3283453325255 200.129013061523 102.265383402507 65.4281024932861 0 180.95085144043 0 0 0 96.4696599786932 94.8455304684846 56.9431409674176 65.5973717864131 97.240732828776 158.33251953125 136.995277404785 103.087944539388 134.721481323242 74.7230298540234 99.2172897338867 0 197.631210327148 150.954727172852 164.803202311198 0 0 171.560493469238 0 0 0 151.849258422852 0 0 168.027755737305 135.609899520874 96.705473815918 82.223122660319 128.772398948669 135.280699157715 104.276048760665 129.312546539307 89.3638689817046 126.304261746614 103.310480221545 128.221911200162 149.859428405762 0 156.461753845215 0 112.181209087372 128.385696411133 101.775251101141 179.470914204915 135.019485473633 0 144.217402140299 102.33381652832 133.724691772461 129.730674743652 143.773178100586 110.832338253657 124.609073785635 88.1611022065505 130.442405700684 97.0484158404462 126.491175842285 157.418447222028 113.134478759766 69.4096936256655 69.6640212535858 101.860585638817 88.8919263848676 176.86888885498 170.99723815918 163.315679931641 0 0 89.8028106689453 0 127.240203857422 211.098281860352 182.57585144043 198.18782043457 183.35400390625 0 197.299057006836 133.809665679932 129.499794006348 80.2597537338734 107.640112408137 134.546020507812 42.1821421420935 176.087478637695 179.438682556152 142.760597229004 129.414863586426 128.433031082153 95.1303047568111 0 179.466339111328 99.271274400794 104.833951677595 167.740188598633 148.31808580671 53.9229680405861 141.249267578125 103.266975402832 110.883733896109 0 133.521929423014 122.329861958822 162.685195922852 226.888214111328 148.590395609538 157.840134620667 138.197123718262 115.075328826904 147.744338989258 179.427421569824 146.259346008301 0 0
210.121643066406 0 0 0 91.4980708530971 120.613254547119 226.202941894531 0 0 0 0 231.71858215332 0 18.0252267006133 22.0488985375847 48.7133159243167 13.6392582371666 61.1555195020593 134.407026977539 88.9545650482178 82.6325526030167 98.1248817443848 63.4097509066264 80.908425714368 96.6601207439716 80.8617807471234 51.7071820297822 51.2352737342816 101.716586062783 97.8162467058967 78.1958925114122 97.6763744354248 94.8044143676758 75.0393508599729 32.31860166362 21.5346643025344 26.7718164678879 85.2857105081732 67.7649298302921 49.7093242584613 73.7445350368762 73.8446332491361 91.8992047826928 101.555274963379 110.939170837402 143.790930611747 66.2358164926719 117.162595748901 98.1805440462553 0 0 189.727279663086 153.940793991089 129.542979240417 160.232551574707 147.173982620239 93.0637339697944 63.8251743430183 35.5583927097066 41.4058283384592 128.191383361816 128.035578012466 96.4454598166726 72.4479961769254 71.6537158181222 0 108.439906279246 71.5359038780475 85.0979103265807 151.14169103449 139.801235198975 168.350006103516 116.247312273298 61.8549989064535 76.6217960230037 119.087748359231 0 56.8920497894287 150.258769226074 0 0 0 152.539431254069 129.49759610494 129.830926161546 135.268777029855 82.8819520132882 159.484380086263 146.67786693573 114.860416412354 140.335863037109 107.378258841378 134.892978668213 124.642078399658 106.617164777673 86.4190304404811 0 110.588969421387 112.135670253209 84.9564997355143 0 0 0 0 0 0 0 0 0 0 0 0 119.86799294608 138.177925109863 109.417388068305 113.989537289268 120.820056034968 118.538059416271 126.131069607205 127.218555573494 127.338559695653 124.851175923746 129.008383453869 138.583053588867 168.840789794922 165.635025024414 0 133.056411743164 130.894485473633 131.049221801758 0 198.084381103516 0 128.051751708984 0 150.753355407715 119.582445144653 0 129.814077377319 130.856515542055 126.487798055013 115.555572509766 170.141105651855 0 128.835861206055 151.72144317627 126.434421539307 112.228004455566 102.750241279602 138.967847322163 160.939356486003 199.191940307617 227.751708984375 0 0 196.652643839518 0 0 0 0 0 0 0 0 122.6526927948 0 125.396266937256 133.172798156738 0 142.216049194336 149.299285888672 149.450660705566 0 117.509464263916 185.506042480469 164.679119110107 0 0 158.498146057129 0 0 113.491185506185 81.1155440012614 0 0 110.370713043213 0 0 210.267913818359 222.574722290039 0 182.786898803711 167.729125976562 152.715942382812 123.426780700684 143.475082397461 177.407435099284 118.615760803223 0 0
