28100 4950 9965 3271 2138 1803 10116 6875 35 944 97 1832 0 2 1 2 3 3 2 0 122 67 3 25 42 3 18 3 11659 7035 333 37 49 49 2 0 4 20 1 30 1606 13 33 1 4 3 24 13 40 10 298 535 2082 2152 442 552 130 19 3 0 15 18 18 25 3 1 500 44 9 70 41 34 23 78 96 11 18 3 5 55 330 22 2570 1454 1690 408 52 86 65 5 20 523 215 58 47 180 115 3119 38 36 36 39 156 272 55 525 23 4 41 50 103 383 1 0 0 0 2 0 4 0 1 0 3 23 7 1 4 0 0 0 49 1 78 136 1 121 0 0 17 19 2 4 1 19 74 0 0 0 2 1 3 0 0 8 0 1 9 9 26 5 33 47 4 13 46 0 0 1 0 0 86 32 4 4 0 0 3 0 2 0 166 50 24 2 0 51 5 1 10 16 67 0 0 80 57 19 33 3 1 0
4950 9575 607 15118 865 2115 58 37 5 24 22 178 0 0 1 1 0 0 0 0 53 39 0 2 11 0 3 1 452 1169 82 12 12 7 0 0 1 5 0 5 358 3 4 1 0 0 2 2 6 3 38 47 131 141 32 103 52 6 0 0 2 3 0 3 0 0 100 8 1 9 4 23 4 46 18 4 7 1 0 8 43 1 284 165 365 121 9 9 3 0 4 53 29 6 8 21 88 100 8 6 35 48 130 284 37 536 16 6 46 53 93 397 0 0 0 1 0 0 0 1 1 0 0 12 3 4 3 0 0 1 53 1 89 154 0 94 0 1 12 7 0 2 1 16 73 1 0 0 1 2 1 0 0 5 0 0 4 7 1 0 28 27 4 8 44 0 1 2 0 1 102 32 13 2 0 0 1 0 0 0 172 52 11 2 0 54 1 0 0 9 61 0 0 55 58 23 33 3 0 0
9965 607 22613 6380 89 3723 255 2538 34 6260 275 21583 0 0 0 0 3 1 1 1 66 67 1 7 20 2 4 2 562 153 33 36 34 18 0 0 4 3 1 9 545 1 5 1 1 5 7 2 19 2 63 119 354 397 109 173 46 6 0 0 5 8 2 5 4 2 165 16 2 24 13 24 3 40 31 8 7 1 3 12 106 6 669 337 633 149 8 37 16 3 5 132 53 24 16 51 247 332 20 16 46 70 186 353 51 745 24 14 73 80 152 536 0 0 2 0 2 0 1 1 1 0 0 17 4 2 1 0 0 0 69 0 126 188 2 103 0 0 5 15 1 1 0 21 57 0 0 0 1 6 2 0 1 5 0 1 2 14 5 4 39 28 3 12 56 0 0 0 0 0 105 26 8 3 0 1 3 0 1 2 214 68 11 2 1 55 1 0 1 11 64 3 0 67 98 31 29 3 2 2
3271 15118 6380 17922 3939 13820 50 32 19 44 75 1711 0 1 1 1 2 0 0 1 128 133 3 5 18 2 1 2 640 2381 361 34 49 13 0 0 2 8 0 6 465 1 11 1 0 2 6 3 4 0 34 60 140 145 45 144 113 8 2 0 1 3 2 4 1 1 159 10 0 15 4 54 7 51 30 2 5 0 1 8 43 1 340 179 615 171 6 12 8 2 2 60 18 7 6 68 216 137 38 11 86 108 302 621 97 1182 34 16 121 124 227 866 1 0 0 0 4 0 3 0 5 2 0 23 9 3 6 0 0 0 98 2 193 384 1 216 0 0 11 30 2 2 0 41 88 0 0 0 1 5 2 0 0 11 1 0 12 24 2 1 76 60 17 27 114 0 0 0 1 1 194 54 21 7 0 2 2 0 0 1 466 120 15 1 0 96 0 0 1 21 100 0 0 128 138 55 57 6 1 1
2138 865 89 3939 8899 13856 197 64 14 35 38 501 0 7 7 14 4 14 0 4 312 421 19 35 63 8 67 110 6427 8657 11148 195 150 83 14 1 13 29 45 44 724 20 91 1 3 37 37 23 22 7 74 100 527 815 128 215 5865 37 2 1 75 46 302 129 87 2 785 43 177 28 27 72 31 56 295 22 7 3 10 7 73 5 725 441 1222 452 41 35 36 18 73 131 44 14 53 2894 123 482 158 159 12 19 69 126 12 194 14 5 17 19 49 179 1 0 4 0 1 0 1 2 2 2 1 17 7 2 3 0 0 1 36 2 46 103 0 82 0 0 6 11 3 1 0 15 28 2 5 0 1 25 1 3 1 3 0 2 8 11 6 3 18 24 2 5 38 1 8 4 2 2 66 22 7 1 8 19 5 1 21 10 101 40 8 3 9 35 0 0 3 6 57 9 3 35 31 17 16 0 0 0
1803 2115 3723 13820 13856 16138 205 141 105 419 638 15055 0 2 2 2 6 12 2 3 1195 1735 47 37 179 17 28 51 2053 4069 4106 5379 1072 236 9 0 15 63 18 90 1749 18 91 0 3 43 30 17 22 2 62 120 481 529 113 420 532 136 2 0 69 28 127 58 33 3 1093 39 131 29 19 512 102 144 295 15 46 3 43 8 95 2 951 610 2425 1046 39 30 29 8 64 128 47 31 53 1671 927 545 541 61 113 185 460 926 179 1891 65 42 172 187 410 1572 0 2 5 2 4 7 12 11 6 4 4 43 15 5 11 2 2 0 156 4 384 642 4 347 0 2 26 40 11 1 0 50 154 3 3 0 7 50 6 2 3 16 0 0 20 45 9 3 96 115 18 59 187 0 15 2 1 5 331 102 17 7 10 22 10 0 27 11 850 177 28 4 8 190 0 2 4 39 197 11 7 200 324 92 93 9 1 2
10116 58 255 50 197 205 12502 9012 327 3028 408 299 0 0 0 0 0 1 0 0 5 8 1 0 5 1 0 1 3634 772 98 8 15 8 0 0 1 7 1 7 96 3 5 2 2 3 6 2 2 2 69 130 1332 875 181 49 32 1 0 0 4 3 2 5 0 0 60 12 1 16 6 33 6 16 15 2 56 4 6 11 90 4 653 298 134 21 6 16 4 2 3 111 48 8 8 44 342 6166 7 10 1 3 2 6 0 10 0 0 0 4 5 12 0 0 0 0 0 0 0 0 2 0 0 2 1 0 0 0 0 0 1 0 2 4 0 6 0 0 2 5 0 0 0 0 4 0 0 0 0 0 2 1 0 0 0 0 1 0 4 2 1 2 0 0 1 0 0 0 0 0 1 0 0 1 0 0 0 1 0 0 3 8 2 1 1 5 1 0 1 1 2 0 0 7 3 2 1 0 0 0
6875 37 2538 32 64 141 9012 16182 365 10225 816 1095 0 0 0 1 0 4 0 1 23 11 0 11 5 2 6 0 758 227 37 21 9 21 1 0 1 10 4 5 357 4 4 0 4 1 9 4 19 8 160 283 1791 1268 343 157 39 2 0 0 7 8 9 7 1 1 154 19 2 37 22 10 5 26 48 1 16 0 4 31 202 12 1496 734 454 77 13 39 20 4 9 259 102 29 17 34 63 2904 8 17 11 4 17 35 9 88 7 6 21 24 29 44 0 0 0 0 0 0 1 0 0 0 0 6 2 1 0 0 0 0 3 1 9 26 0 16 0 0 3 4 0 1 0 1 5 0 0 0 0 0 3 1 0 0 0 0 8 2 13 1 1 2 0 1 7 0 0 0 0 0 8 0 2 0 0 0 2 0 1 1 21 8 14 0 0 9 1 1 4 0 3 1 0 4 6 3 3 0 1 0
35 5 34 19 14 105 327 365 734 1153 295 314 3 0 1 0 1 0 1 0 25 43 6 0 5 0 1 0 13 7 5 22 21 0 0 0 1 0 0 3 26 0 1 4 33 5 0 0 0 35 14 10 558 59 57 3 10 1 0 0 3 1 1 1 0 13 14 0 1 2 1 199 2 82 6 1 419 31 45 9 17 23 56 35 28 12 6 18 9 7 9 13 3 2 1 10 1633 2011 7 0 2 2 4 2 1 14 0 1 1 5 1 9 0 0 1 0 1 0 1 0 2 1 0 1 1 0 1 0 0 0 1 0 0 6 0 4 0 0 6 1 1 1 0 1 0 0 0 0 2 2 0 0 0 0 0 0 3 0 1 1 0 2 0 0 1 0 0 0 1 0 3 1 3 1 0 2 0 0 2 0 6 8 10 1 1 8 0 0 1 0 3 1 0 3 5 0 2 0 0 0
944 24 6260 44 35 419 3028 10225 1153 24480 10058 22777 0 0 2 0 0 0 0 0 29 28 3 7 9 0 1 0 258 83 15 86 70 9 1 0 2 8 0 8 165 1 9 1 1 1 8 4 11 4 80 143 1044 621 174 65 16 8 0 1 2 0 4 3 1 0 86 9 1 14 9 152 2 21 31 3 62 2 7 16 91 5 677 332 203 43 6 27 11 2 4 126 52 17 4 56 680 2313 11 9 35 20 74 137 7 355 24 14 64 84 86 227 0 0 0 0 1 0 0 0 0 0 0 3 3 0 0 0 0 0 10 0 32 16 0 20 0 0 9 4 1 0 1 4 12 0 0 0 0 2 1 0 0 2 0 0 2 3 4 2 5 5 10 4 4 1 0 0 0 0 13 2 1 0 0 0 1 0 0 0 43 5 9 1 0 15 0 0 2 2 7 0 0 12 52 14 8 1 0 0
97 22 275 75 38 638 408 816 295 10058 6073 7958 0 0 1 1 0 0 0 0 193 307 6 5 32 6 0 2 78 17 22 234 455 10 0 0 4 5 0 18 176 1 10 0 0 2 3 2 4 0 24 29 259 96 48 37 29 23 0 0 7 2 4 3 2 2 61 4 6 5 1 1455 14 74 59 1 351 2 38 3 27 3 181 90 217 116 8 1 2 1 3 26 12 5 5 143 2063 800 79 8 32 31 92 188 46 431 13 16 44 60 103 338 0 0 2 0 0 0 1 0 0 2 0 6 3 0 2 0 0 0 30 0 73 97 0 51 0 0 1 8 1 0 1 14 40 2 1 1 0 5 0 0 0 4 0 0 6 12 0 1 16 22 5 11 21 0 0 1 0 0 62 14 2 0 0 0 1 0 3 0 146 38 9 1 0 42 0 0 1 5 42 0 1 43 88 20 24 3 0 0
1832 178 21583 1711 501 15055 299 1095 314 22777 7958 19368 1 1 1 1 3 1 3 0 783 1195 39 16 99 12 15 6 303 222 281 2054 950 85 5 0 11 23 4 32 867 5 39 5 8 16 32 2 7 4 27 49 388 229 72 176 128 152 1 0 29 6 28 23 5 3 483 14 31 11 6 1898 69 219 350 10 152 11 37 9 43 2 396 299 1022 531 17 11 16 4 22 76 15 11 9 822 2393 891 312 29 116 168 456 908 132 1968 109 43 473 232 719 1483 0 2 1 0 0 2 1 8 7 1 2 35 15 5 4 0 0 0 130 2 304 365 2 189 0 0 16 24 3 4 2 56 126 3 0 0 2 21 2 0 2 18 0 1 22 20 8 1 81 79 19 33 71 1 3 1 3 2 235 84 6 0 0 7 9 0 10 3 622 99 33 3 5 144 0 1 0 36 141 4 4 179 324 94 82 17 0 1
0 0 0 0 0 0 0 0 3 0 0 1 7999 1 4 9 37 647 6127 85 1 1 0 4 0 0 6 19 1 0 0 1 18 1 0 0 6 219 9 0 13 4 7 6359 5040 2604 1 6 4 96 0 1 1 0 0 0 0 0 0 0 60 2 13 5 8 1457 0 0 9 2 2 63 215 1637 2 5 109 180 137 1 4 10 0 0 0 1 0 48 54 115 260 5 0 1 10 0 21 6 0 0 0 0 0 0 2 0 0 0 0 0 0 0 5 46 636 1 1 128 5 804 33 1101 23 1 0 1 2 6 2 16 2 1 2 1 0 18 0 1 23 35 166 0 61 2 1 14 35 53 54 1656 1 5 7 0 0 2 0 2 0 1 0 0 0 0 16 1 101 26 9 275 2 1 7 2 10 189 0 0 128 22 3 4 455 3 30 5 4 3 7 2 0 35 17 5 0 0 0 1 0 0
2 0 0 1 7 2 0 0 0 0 0 1 1 7136 8589 1251 869 245 64 251 2 3 81 102 1 8 1156 1017 4 0 9 5 4 164 2412 4913 2814 64 66 107 322 52 144 2 2 24 80 6 33 2 1 0 1 2 0 1 17 158 147 148 50 21 96 103 72 4 9 166 52 10 5 2 1 17 167 18 0 0 0 0 4 0 2 2 2 4 4 10 42 18 38 69 3 12 34 40 0 0 0 13 0 0 0 0 1 0 0 0 0 0 1 0 17 6 4 24 18 36 129 11 91 224 188 8 2 4 14 3 10 7 0 1 3 11 2 13 7 5 11 110 4 32 4 3 5 8 0 0 10 24 20 2 4 0 0 1 1 0 0 1 0 0 0 0 1 11 2 4 3 2 0 3 2 5 3 13 0 0 12 2 1 11 25 2 6 1 1 0 3 1 0 7 4 2 0 0 1 3 0 5
1 1 0 1 7 2 0 0 1 2 1 1 4 8589 15212 12750 1275 2789 89 760 6 26 326 318 1 53 1603 3382 5 0 7 1 9 129 1470 1288 1879 77 520 280 1339 137 445 15 8 64 73 27 83 17 3 1 0 2 3 7 12 129 71 100 158 78 306 213 285 5 5 107 198 39 37 3 7 63 130 53 1 3 2 1 27 2 10 3 3 2 1 27 127 26 98 223 7 41 106 40 1 0 8 6 0 0 0 0 0 4 0 2 0 0 0 2 59 12 33 82 90 67 372 60 320 464 379 45 24 22 46 15 36 19 6 4 5 15 10 60 29 19 72 361 15 113 6 5 22 25 7 2 81 92 86 3 9 1 0 4 0 2 0 0 0 3 0 1 12 71 10 16 9 2 19 12 15 35 10 31 2 4 30 12 9 42 72 7 11 36 3 0 6 22 5 32 11 6 6 0 22 6 5 7
2 1 0 1 14 2 0 1 0 0 1 1 9 1251 12750 16187 1554 8963 1327 2411 2 12 106 165 4 7 821 4143 3 1 4 39 127 385 119 24 1312 450 1218 61 654 93 186 4 12 130 15 30 68 5 3 1 6 4 3 6 9 315 16 29 454 59 139 92 238 9 7 97 308 29 24 13 51 29 360 58 2 1 4 0 25 2 6 5 13 2 2 30 63 25 66 150 11 24 68 94 1 0 4 6 0 0 0 0 2 1 0 1 0 0 1 2 91 123 636 89 12 409 84 1553 156 2520 113 10 4 23 13 34 43 76 4 2 9 10 4 54 19 11 50 99 450 39 190 5 22 40 35 71 135 1656 14 10 15 1 6 5 0 2 0 2 1 0 0 0 34 13 131 70 22 35 6 8 15 13 7 334 2 4 90 25 2 10 151 13 25 11 2 5 13 7 3 29 34 13 0 0 6 0 1 4
3 0 3 2 4 6 0 0 1 0 0 3 37 869 1275 1554 3878 1413 1123 2346 35 110 476 311 8 96 436 416 5 0 1 17 62 35 529 284 4741 1079 542 397 1550 92 314 110 27 221 141 26 45 15 1 5 9 2 4 3 2 56 157 14 417 50 123 123 274 6 13 43 372 19 12 10 30 345 72 44 11 46 27 2 24 13 12 1 16 10 3 22 47 14 71 67 2 14 78 41 3 0 8 3 1 4 3 3 11 11 0 32 1 2 2 8 155 20 39 202 328 62 997 60 860 488 717 245 140 42 175 26 63 49 24 17 33 101 59 298 65 47 394 1377 33 391 16 10 125 47 9 8 311 179 342 8 9 1 3 10 5 3 2 4 11 11 6 1 71 234 32 59 31 16 97 49 126 224 15 58 4 2 54 13 46 252 213 61 16 302 4 2 17 72 30 22 24 44 70 15 133 42 17 50
3 0 1 0 14 12 1 4 0 0 0 1 647 245 2789 8963 1413 13937 3376 2612 3 26 132 557 6 11 1641 1059 15 1 7 25 301 222 89 7 1248 1183 3664 92 1469 288 677 59 23 8861 33 138 77 9 4 4 3 4 9 22 20 96 13 4 6188 144 379 503 445 56 24 28 1059 36 80 20 178 115 139 260 2 6 6 0 30 2 18 5 8 12 3 27 96 40 174 209 4 38 148 61 2 0 2 4 0 1 0 0 3 2 0 1 0 0 1 1 78 248 1551 84 9 542 76 1766 201 4110 146 13 5 18 9 61 35 120 6 7 18 17 8 66 13 9 94 129 706 26 428 3 7 74 104 211 309 2447 11 17 28 0 3 23 1 0 0 2 2 1 0 0 64 15 227 152 50 93 10 8 38 22 39 666 2 6 231 53 14 17 329 29 81 18 6 11 29 8 5 79 47 28 1 0 11 1 9 4
2 0 1 0 0 2 0 0 1 0 0 3 6127 64 89 1327 1123 3376 43239 5706 5 18 92 197 6 39 443 138 4 0 3 4 97 18 119 2 362 1270 47 102 374 75 210 7784 2218 5442 7 20 33 125 2 14 1 1 4 6 4 8 9 0 812 22 67 59 31 245 6 8 53 7 11 27 166 5227 8 52 18 595 39 8 25 37 3 1 4 2 0 65 108 136 875 59 1 9 58 10 5 2 2 0 2 2 3 0 8 2 1 15 0 0 1 4 610 197 1465 635 278 1276 1526 2194 2204 10855 2125 203 99 126 258 125 272 222 21 12 34 85 29 248 178 117 487 1603 233 500 99 18 126 153 88 117 989 1601 283 19 20 2 13 10 5 4 0 5 4 10 1 1 62 266 80 146 65 140 71 47 63 154 39 190 5 10 240 42 48 193 1779 52 45 200 5 8 23 67 13 57 59 41 48 7 92 30 12 42
0 0 1 1 4 3 0 1 0 0 0 0 85 251 760 2411 2346 2612 5706 6072 5 16 222 326 3 91 532 195 2 0 1 0 15 6 356 21 272 80 322 312 856 103 279 59 33 153 49 17 49 9 0 1 2 1 1 7 5 4 9 3 611 27 96 70 105 3 7 9 195 17 21 6 15 253 14 52 2 51 7 1 12 4 5 3 2 2 3 15 49 20 58 78 8 15 55 7 0 0 6 1 1 3 0 1 4 2 0 6 0 0 0 4 236 33 49 263 162 65 681 63 753 909 619 130 61 45 129 27 111 76 13 11 18 25 25 98 84 64 155 597 12 290 21 5 69 73 12 20 237 129 183 12 11 1 7 7 0 2 1 2 2 1 1 0 25 150 20 48 14 7 40 30 32 103 12 46 2 4 48 12 17 67 146 48 18 97 0 2 6 37 9 25 23 18 11 2 65 15 12 27
122 53 66 128 312 1195 5 23 25 29 193 783 1 2 6 2 35 3 5 5 9297 7348 1095 139 343 315 45 9 40 35 81 368 443 147 17 0 66 125 9 405 780 27 105 6 2 10 108 2 9 4 5 6 21 11 7 1105 62 46 14 2 15 9 28 33 9 2 44 118 17 3 6 953 166 132 179 4 282 6 188 0 7 2 265 21 5851 156 57 5 15 1 21 17 1 3 27 652 220 85 317 42 7 0 11 17 10 28 2 1 9 4 14 37 2 0 0 2 16 0 35 6 22 3 9 27 18 3 10 1 0 0 22 1 30 205 0 132 2 1 55 78 4 12 0 4 24 2 1 0 9 9 15 0 0 3 0 1 1 4 1 0 15 14 0 1 42 10 2 3 1 2 53 26 12 20 3 2 1 0 5 1 174 117 43 9 1 91 0 0 1 10 27 0 2 30 28 9 21 6 2 7
67 39 67 133 421 1735 8 11 43 28 307 1195 1 3 26 12 110 26 18 16 7348 27137 4206 1069 6136 2862 374 33 76 25 86 616 955 248 61 0 227 277 17 4480 828 261 840 9 9 51 706 18 68 6 9 10 56 35 16 393 119 53 30 3 79 83 198 187 32 3 243 332 56 37 15 1722 457 359 300 33 492 20 413 3 30 5 313 105 8228 1445 584 25 76 25 82 101 5 27 186 1165 346 110 2712 199 8 7 13 18 12 40 3 8 2 9 12 56 8 3 6 6 42 9 134 8 80 15 48 64 39 7 19 5 3 2 26 1 48 230 13 205 5 6 122 295 7 51 1 9 69 5 2 0 43 41 53 3 1 9 0 5 2 9 3 2 23 14 1 8 60 31 7 8 9 3 73 39 41 46 8 15 1 2 24 10 161 161 100 23 15 159 0 0 9 20 28 14 6 52 47 11 48 15 5 18
3 0 1 3 19 47 1 0 6 3 6 39 0 81 326 106 476 132 92 222 1095 4206 7079 5965 208 5294 388 35 34 2 16 30 187 125 29 3 415 290 14 1624 5407 968 617 6 5 25 268 6 95 5 6 3 18 19 9 24 39 33 18 1 62 30 51 48 10 3 108 78 28 17 7 241 169 64 90 22 141 15 78 1 14 1 51 34 128 106 28 13 45 9 47 135 8 24 65 119 44 11 74 6 0 1 0 1 2 3 1 1 0 0 5 5 1 0 2 2 11 2 25 7 11 11 13 13 6 1 3 1 0 0 0 1 6 48 1 38 0 0 30 47 1 13 0 0 11 1 1 0 8 15 11 3 3 0 0 3 0 5 1 1 2 2 0 0 8 3 2 1 1 2 20 5 8 12 3 9 0 0 9 2 26 48 28 5 3 32 1 1 4 6 8 5 3 5 8 5 15 4 1 2
25 2 7 5 35 37 0 11 0 7 5 16 4 102 318 165 311 557 197 326 139 1069 5965 10971 216 3361 5241 777 125 11 47 18 38 43 585 45 128 77 31 3357 2879 4980 2458 6 10 394 1232 18 336 4 8 5 44 82 26 39 214 52 69 9 728 43 79 391 54 17 443 342 69 45 20 28 49 52 178 46 23 5 18 1 33 2 113 139 189 261 47 47 101 29 336 373 19 49 131 129 4 6 193 37 0 0 0 0 2 1 0 1 0 0 0 1 3 8 17 7 14 6 36 48 40 70 55 6 4 4 12 1 5 2 1 0 2 6 0 20 2 2 26 89 16 10 8 0 6 10 2 4 5 164 17 5 9 0 2 1 1 1 1 0 1 0 0 0 4 9 36 8 4 13 2 5 6 13 10 77 1 0 69 13 4 14 26 4 29 4 4 1 7 3 0 13 3 4 3 0 5 1 0 0
42 11 20 18 63 179 5 5 5 9 32 99 0 1 1 4 8 6 6 3 343 6136 208 216 6527 921 145 20 293 18 84 39 105 66 20 1 18 56 3 2945 212 54 300 4 1 20 1147 3 14 0 17 30 161 230 41 89 396 48 1 0 40 21 92 122 12 6 1802 807 29 8 8 144 110 167 750 16 145 9 72 2 26 0 488 626 1381 3293 3895 8 22 9 36 37 14 7 74 135 35 18 3574 724 0 1 2 1 2 0 0 1 0 0 0 1 2 1 1 3 7 1 24 1 10 5 12 16 11 2 4 1 0 0 3 0 7 35 3 39 1 1 34 80 1 5 0 3 11 0 0 0 14 14 7 2 3 0 0 0 0 1 1 0 0 0 0 2 9 1 2 1 1 1 9 6 6 12 2 2 1 1 6 2 21 36 44 2 3 22 0 1 0 5 11 6 1 5 2 3 7 3 0 4
3 0 2 2 8 17 1 2 0 0 6 12 0 8 53 7 96 11 39 91 315 2862 5294 3361 921 3011 672 12 37 4 6 7 26 10 135 0 19 13 0 6725 1060 146 341 1 4 4 876 6 30 1 4 2 18 28 3 18 34 6 1 0 12 6 34 25 3 1 179 26 5 7 5 20 25 33 21 4 12 1 8 1 8 0 71 88 187 250 19 9 19 3 11 40 6 7 48 22 1 2 152 11 0 0 0 0 1 1 0 0 0 0 0 0 2 0 1 0 4 3 17 3 16 8 17 6 2 3 3 0 1 0 2 0 1 4 0 11 2 0 9 42 1 6 0 0 5 2 0 0 7 7 5 0 1 0 0 2 1 0 0 1 1 0 1 0 1 2 0 4 0 0 1 0 4 5 2 0 0 0 5 0 2 11 11 1 1 10 0 0 3 0 0 0 2 3 0 1 2 0 0 2
18 3 4 1 67 28 0 6 1 1 0 15 6 1156 1603 821 436 1641 443 532 45 374 388 5241 145 672 12513 9666 137 10 71 15 23 98 1599 211 470 73 106 1714 527 128 1679 3 3 188 820 2 29 1 5 6 35 63 14 20 317 143 197 48 248 20 64 770 180 10 418 407 25 7 10 17 35 25 303 12 17 0 8 2 9 1 95 117 114 201 37 8 24 12 45 69 5 8 41 218 4 4 157 83 0 0 0 0 1 0 0 0 0 0 0 0 14 18 47 24 11 61 79 165 84 292 108 23 9 5 15 7 10 12 4 1 1 4 2 20 4 4 36 102 44 24 32 0 8 17 5 2 23 255 25 3 2 0 0 0 1 0 0 0 0 2 0 1 4 14 38 20 2 10 8 3 8 12 2 85 0 1 35 6 3 11 53 6 8 12 2 0 1 4 1 6 5 6 1 0 2 3 4 3
3 1 2 2 110 51 1 0 0 0 2 6 19 1017 3382 4143 416 1059 138 195 9 33 35 777 20 12 9666 7832 107 10 128 52 40 547 260 166 1286 218 1396 84 221 38 751 6 12 771 205 13 19 2 2 9 20 26 6 9 278 1005 199 221 794 22 181 1535 1580 44 196 820 137 7 8 15 23 29 1460 26 4 0 5 1 11 0 32 34 36 19 21 8 23 12 91 40 2 4 31 540 3 4 30 73 1 0 0 2 2 0 0 0 0 0 0 2 9 93 434 9 11 160 40 852 51 697 68 4 0 3 9 14 1 55 6 3 10 17 6 47 1 0 44 82 440 18 290 2 4 61 69 41 28 2190 10 6 11 0 2 4 0 1 0 1 0 0 0 0 40 7 372 123 17 78 4 17 24 19 13 704 5 2 204 40 4 6 68 16 93 6 1 3 9 5 1 25 17 22 1 0 1 2 4 1
11659 452 562 640 6427 2053 3634 758 13 258 78 303 1 4 5 3 5 15 4 2 40 76 34 125 293 37 137 107 45690 14403 4426 128 224 227 51 0 5 32 10 203 265 37 284 2 4 35 220 18 12 4 80 134 4350 13770 373 63 6753 66 3 2 96 47 311 245 72 3 6861 182 74 35 14 78 102 101 1043 20 29 2 19 17 65 2 1628 1523 251 239 315 22 33 6 74 129 46 16 74 2604 49 4198 222 872 11 7 16 39 22 70 2 6 6 6 20 77 0 3 0 0 5 3 3 3 7 2 1 49 27 10 3 0 0 3 27 1 76 414 3 323 0 0 57 49 1 4 3 22 65 2 1 0 4 24 8 1 1 9 0 1 14 11 7 1 31 27 4 5 140 1 3 2 2 0 129 56 29 7 3 16 3 0 14 1 265 218 55 6 8 148 0 0 5 21 80 9 2 71 25 10 51 8 3 6
7035 1169 153 2381 8657 4069 772 227 7 83 17 222 0 0 0 1 0 1 0 0 35 25 2 11 18 4 10 10 14403 13305 4932 16 12 17 5 0 3 3 2 14 380 2 18 0 1 3 13 0 11 4 69 128 756 1003 130 134 4953 6 0 0 8 11 33 16 6 0 274 12 3 18 16 14 7 28 70 4 3 1 6 6 98 1 740 424 498 154 12 35 14 4 13 148 65 26 21 670 35 1130 7 35 13 5 25 66 11 98 6 2 9 12 17 84 0 0 0 0 0 0 0 1 0 0 0 10 3 0 1 0 0 0 24 1 27 58 0 46 1 0 5 9 0 2 0 9 22 0 0 0 1 2 0 0 0 0 0 0 3 11 5 2 15 11 0 5 16 1 0 1 2 0 34 7 2 2 0 2 1 0 0 2 67 26 4 1 1 19 3 0 2 4 19 1 0 15 13 2 8 0 1 0
333 82 33 361 11148 4106 98 37 5 15 22 281 0 9 7 4 1 7 3 1 81 86 16 47 84 6 71 128 4426 4932 13279 21 27 16 24 2 3 7 12 38 352 19 141 1 2 42 92 11 10 3 32 63 358 616 76 94 11146 14 6 0 87 24 247 223 92 0 1975 110 88 18 13 14 7 18 1215 7 6 0 4 4 36 3 429 368 487 912 62 19 26 4 48 81 18 14 49 4612 17 336 3015 3888 7 3 22 24 12 44 0 1 4 3 10 30 0 2 1 0 0 0 3 3 2 1 2 11 1 1 4 1 0 0 16 0 13 49 0 22 0 0 8 6 0 0 2 3 13 0 0 0 0 10 3 0 0 3 0 0 2 2 5 0 8 10 0 5 20 0 4 2 0 1 17 10 1 1 4 5 1 0 15 5 49 15 1 1 3 21 0 0 0 1 7 5 1 15 11 3 9 0 0 0
37 12 36 34 195 5379 8 21 22 86 234 2054 1 5 1 39 17 25 4 0 368 616 30 18 39 7 15 52 128 16 21 12412 5895 4251 6 0 75 277 124 24 393 14 43 1 5 44 22 19 6 1 17 45 116 107 29 68 63 3743 24 12 77 31 91 39 105 5 240 24 315 16 13 763 704 66 2206 24 19 3 68 2 35 4 229 200 377 210 11 9 15 5 54 56 13 9 25 6460 174 36 113 11 8 7 9 16 9 49 4 3 5 7 13 51 0 2 10 0 2 4 3 18 4 9 2 36 9 5 4 1 0 0 12 1 17 62 2 62 0 1 25 31 23 1 8 14 55 5 4 0 1 109 1 1 1 3 0 0 12 13 2 4 23 12 1 5 21 0 18 9 4 5 59 17 10 6 7 48 3 2 31 10 50 37 39 0 16 26 0 2 4 8 33 7 3 22 12 3 26 4 0 0
49 12 34 49 150 1072 15 9 21 70 455 950 18 4 9 127 62 301 97 15 443 955 187 38 105 26 23 40 224 12 27 5895 5047 3299 13 0 60 902 193 72 571 22 103 35 38 372 63 22 14 8 35 86 201 164 57 114 56 1859 29 35 643 32 86 66 72 10 258 134 223 19 21 1591 1637 264 2653 90 49 31 105 7 69 9 378 255 388 137 32 20 28 8 118 82 31 12 46 3017 181 63 79 11 12 5 19 19 11 56 0 7 7 4 11 44 5 6 32 5 26 6 35 23 41 32 17 105 30 18 22 4 1 5 30 5 33 231 10 274 3 1 144 158 16 33 14 32 171 5 11 5 25 134 28 3 6 13 0 5 15 23 7 5 59 28 5 5 81 12 29 15 5 7 169 44 35 31 13 40 10 1 58 8 120 219 147 29 19 159 2 0 6 30 85 20 6 49 33 9 90 12 2 8
49 7 18 13 83 236 8 21 0 9 10 85 1 164 129 385 35 222 18 6 147 248 125 43 66 10 98 547 227 17 16 4251 3299 10144 227 74 1164 1181 597 85 438 25 77 2 4 72 322 26 11 7 37 103 252 167 75 112 43 9453 3181 6753 236 52 284 138 534 6 239 2904 805 19 21 179 515 118 5233 72 4 5 28 8 68 1 400 281 301 82 34 10 11 3 61 111 34 17 37 1903 6 9 32 16 1 2 7 13 5 19 2 2 1 2 0 18 11 5 30 5 12 6 36 39 33 18 21 68 27 6 13 1 1 8 15 0 16 119 5 178 2 0 90 139 22 10 11 22 86 8 7 4 22 135 25 1 5 8 0 2 11 9 2 7 26 21 0 4 54 8 36 12 6 6 102 23 28 22 14 64 4 1 55 24 45 118 68 22 19 65 1 2 4 16 62 11 7 33 9 3 54 13 1 5
2 0 0 0 14 9 0 1 0 1 0 5 0 2412 1470 119 529 89 119 356 17 61 29 585 20 135 1599 260 51 5 24 6 13 227 3427 1730 2152 116 7 1385 80 32 320 3 0 12 629 3 11 2 0 3 13 20 0 6 120 176 2455 279 22 4 60 159 31 2 112 426 22 2 1 2 9 25 210 6 2 1 1 0 1 0 23 26 32 46 12 3 10 2 15 10 4 2 28 79 0 0 43 30 0 1 1 1 0 4 0 1 0 0 0 1 34 1 6 36 50 21 213 9 163 198 208 33 13 5 38 2 7 9 6 2 4 15 4 27 15 12 45 210 1 81 2 0 15 12 4 2 29 24 54 0 3 2 0 0 0 0 2 0 0 0 0 0 8 36 3 8 2 0 15 4 5 26 1 8 0 3 6 1 4 15 28 8 3 16 0 0 3 12 3 1 2 3 4 1 12 6 7 4
0 0 0 0 1 0 0 0 0 0 0 0 0 4913 1288 24 284 7 2 21 0 0 3 45 1 0 211 166 0 0 2 0 0 74 1730 1702 1754 34 7 57 22 2 36 0 0 3 96 0 2 0 0 0 0 0 0 0 3 27 529 178 6 3 27 61 24 0 1 38 12 1 0 0 3 6 22 0 0 0 0 0 2 0 0 1 0 1 0 0 2 0 4 2 0 0 5 5 0 0 1 5 0 0 0 0 0 0 0 1 0 0 0 0 4 0 0 0 9 3 17 1 23 13 26 9 3 0 7 1 0 0 1 0 0 3 0 11 0 1 2 24 0 8 0 1 1 1 0 0 5 7 6 0 0 0 0 0 0 0 0 0 0 0 0 0 0 3 0 1 0 0 1 1 1 8 0 0 0 0 3 0 3 1 6 2 2 2 0 0 0 1 0 0 0 0 0 0 4 0 0 1
4 1 4 2 13 15 1 1 1 2 4 11 6 2814 1879 1312 4741 1248 362 272 66 227 415 128 18 19 470 1286 5 3 3 75 60 1164 2152 1754 9459 4047 935 184 586 31 178 24 11 258 952 33 10 4 2 3 41 16 9 13 12 678 5354 2070 832 40 362 277 609 10 18 1231 683 8 20 19 15 106 474 87 6 37 19 0 11 3 32 14 37 17 13 12 17 3 61 29 3 6 33 150 1 3 18 14 1 1 3 5 5 9 0 13 0 2 0 12 31 5 25 35 134 17 280 41 223 98 172 80 70 16 53 9 19 15 14 2 12 83 22 164 9 14 204 544 34 112 20 15 66 17 17 2 89 168 110 5 7 3 1 3 6 3 2 4 11 11 5 1 45 67 15 18 11 10 54 23 66 117 16 65 3 0 53 17 35 158 119 36 17 161 4 5 6 39 27 16 7 34 36 9 58 14 13 16
20 5 3 8 29 63 7 10 0 8 5 23 219 64 77 450 1079 1183 1270 80 125 277 290 77 56 13 73 218 32 3 7 277 902 1181 116 34 4047 5963 561 91 433 49 225 1925 408 2844 199 87 17 59 13 38 81 57 19 35 17 860 707 218 2297 72 220 178 281 63 36 557 614 21 52 94 1758 1444 799 217 15 204 80 7 46 24 109 58 71 46 22 34 82 49 813 58 6 6 82 386 1 6 18 8 4 1 4 3 14 14 4 26 1 1 2 9 39 23 136 37 125 72 393 206 386 496 315 143 88 14 94 15 14 18 14 6 22 143 27 334 18 19 377 988 66 109 34 11 115 27 26 15 177 456 127 5 12 4 1 9 10 10 4 4 23 21 7 1 97 70 87 49 21 32 99 43 98 128 27 170 4 3 167 34 102 274 427 56 58 254 8 7 19 35 47 37 24 43 54 14 77 35 10 28
1 0 1 0 45 18 1 4 0 0 0 4 9 66 520 1218 542 3664 47 322 9 17 14 31 3 0 106 1396 10 2 12 124 193 597 7 7 935 561 9515 5 92 23 94 15 15 700 24 80 7 4 1 3 11 5 5 1 10 733 25 74 8371 68 200 197 2169 28 13 205 2385 10 39 28 120 14 890 290 1 2 10 0 14 0 7 5 6 4 5 12 42 11 207 15 3 4 33 257 1 2 3 11 0 1 0 1 6 2 0 1 0 0 0 2 2 72 424 7 8 81 7 612 33 405 14 4 0 3 3 34 1 50 24 6 10 10 13 55 3 4 47 57 431 6 391 5 6 113 177 61 43 2878 12 23 26 1 6 12 0 1 1 15 1 1 0 0 82 11 720 238 52 111 13 27 68 33 44 1451 2 9 668 144 8 16 48 42 221 14 6 6 43 8 8 91 41 35 1 0 4 4 10 4
30 5 9 6 44 90 7 5 3 8 18 32 0 107 280 61 397 92 102 312 405 4480 1624 3357 2945 6725 1714 84 203 14 38 24 72 85 1385 57 184 91 5 8684 690 188 781 1 7 20 3787 8 48 5 17 16 95 151 26 55 227 29 81 10 25 27 101 103 15 2 778 201 16 15 9 95 85 126 112 8 99 8 42 7 16 0 238 361 587 951 130 10 28 12 41 57 7 12 90 131 12 7 664 74 0 1 1 1 4 1 1 1 0 0 2 5 23 6 9 18 37 10 164 10 101 90 133 35 28 9 20 4 15 6 4 2 4 39 5 62 7 8 64 268 5 44 2 4 18 6 1 0 27 24 29 3 4 2 0 1 2 1 1 0 6 1 0 1 15 27 3 13 4 1 17 12 20 34 5 10 1 2 8 2 19 48 58 10 7 26 1 0 6 11 9 4 2 13 8 0 17 5 3 8
1606 358 545 465 724 1749 96 357 26 165 176 867 13 322 1339 654 1550 1469 374 856 780 828 5407 2879 212 1060 527 221 265 380 352 393 571 438 80 22 586 433 92 690 7297 3381 2199 53 81 663 229 202 1378 88 415 301 78 58 518 1259 265 299 24 4 1233 291 247 298 92 58 232 299 323 348 329 649 353 150 1045 375 217 19 141 29 841 37 889 107 743 228 89 723 1085 294 1229 2207 325 531 776 1501 153 87 143 138 14 15 21 22 20 44 5 5 6 12 17 71 4 7 53 6 16 12 34 60 38 55 31 57 38 11 12 3 5 7 36 3 63 459 8 391 3 4 98 124 27 27 24 24 74 27 28 2 30 260 32 29 60 5 1 23 20 26 21 31 41 30 7 9 155 12 54 37 45 34 144 59 90 44 78 128 18 22 225 54 297 260 81 21 83 193 18 16 96 27 88 148 54 70 52 12 51 9 2 6
13 3 1 1 20 18 3 4 0 1 1 5 4 52 137 93 92 288 75 103 27 261 968 4980 54 146 128 38 37 2 19 14 22 25 32 2 31 49 23 188 3381 8024 4694 12 30 282 105 24 2519 14 16 3 12 12 8 14 52 36 3 0 636 34 57 87 47 16 87 46 173 50 31 6 21 14 91 128 7 0 5 1 53 1 38 31 29 48 8 57 166 77 922 926 26 88 184 102 1 0 41 14 0 0 0 0 0 0 0 0 0 0 0 1 2 1 6 1 3 2 9 9 1 7 6 1 0 1 3 0 0 1 0 1 1 5 1 5 1 0 2 12 7 0 6 0 1 9 6 0 2 70 1 3 4 0 0 7 0 0 0 6 0 1 0 0 3 1 22 15 13 15 1 0 5 4 35 40 0 1 93 20 3 1 6 2 34 2 0 1 10 0 0 50 18 0 0 0 2 0 0 0
33 4 5 11 91 91 5 4 1 9 10 39 7 144 445 186 314 677 210 279 105 840 617 2458 300 341 1679 751 284 18 141 43 103 77 320 36 178 225 94 781 2199 4694 9622 70 131 1554 586 195 3002 66 29 24 77 121 21 53 481 127 62 13 3656 305 1382 3778 445 99 719 372 1174 258 147 57 140 54 501 963 37 5 29 0 186 4 173 206 286 496 80 212 810 495 5144 1627 92 455 2626 501 6 7 402 105 0 0 0 0 3 0 0 2 0 0 0 3 7 11 53 9 16 16 59 60 44 84 45 13 7 3 11 10 3 5 4 1 1 10 2 35 7 4 30 90 30 11 27 2 5 45 48 6 25 491 22 33 67 1 1 57 0 3 1 9 0 1 1 0 27 20 99 104 95 62 10 2 15 20 198 301 8 16 559 151 7 15 25 9 248 22 7 18 72 2 1 294 102 18 0 0 4 1 2 2
1 1 1 1 1 0 2 0 4 1 0 5 6359 2 15 4 110 59 7784 59 6 9 6 6 4 1 3 6 2 0 1 1 35 2 3 0 24 1925 15 1 53 12 70 14591 5465 1867 3 28 20 1209 22 131 5 3 1 3 3 2 1 0 246 23 85 31 17 1000 4 2 44 10 11 567 2819 3470 4 56 796 2405 3199 166 181 506 7 6 6 4 2 372 254 606 997 43 1 3 72 7 22 6 4 0 5 1 1 2 2 2 0 10 0 0 0 1 29 12 133 40 57 117 281 194 342 1046 348 60 36 12 39 7 13 13 7 3 8 50 4 123 15 15 199 581 25 65 4 6 35 20 20 15 144 230 52 19 19 0 1 16 12 9 11 13 2 2 3 0 36 35 22 31 30 48 18 10 15 50 72 67 6 6 203 69 34 122 550 15 78 111 4 15 34 12 15 106 34 25 31 5 27 8 1 7
4 0 1 0 3 3 2 4 33 1 0 8 5040 2 8 12 27 23 2218 33 2 9 5 10 1 4 3 12 4 1 2 5 38 4 0 0 11 408 15 7 81 30 131 5465 11696 3320 1 46 57 4633 18 123 10 1 4 0 2 10 0 0 76 65 143 47 39 4268 6 0 95 25 22 257 515 197 32 74 770 229 679 147 213 515 9 2 2 4 0 1216 602 5720 2586 67 3 20 168 25 202 58 7 1 0 1 0 0 2 0 0 1 0 0 0 0 2 3 69 3 0 11 6 36 22 35 6 3 0 4 1 7 1 2 0 3 4 2 2 19 1 4 37 18 22 1 28 5 2 103 200 12 55 1282 11 65 113 5 10 80 8 6 12 38 0 0 0 0 22 3 217 177 153 687 4 7 22 11 358 462 10 41 2472 706 3 21 22 12 463 21 21 80 182 2 1 635 131 19 1 1 1 3 5 0
3 0 5 2 37 43 3 1 5 1 2 16 2604 24 64 130 221 8861 5442 153 10 51 25 394 20 4 188 771 35 3 42 44 372 72 12 3 258 2844 700 20 663 282 1554 1867 3320 4028 23 58 78 31 3 3 13 16 4 5 84 71 9 3 2678 76 318 1294 1144 1696 68 69 365 38 36 203 1061 351 264 201 122 30 159 1 23 9 27 19 19 31 8 42 157 78 1500 185 7 22 206 298 72 11 32 16 0 2 0 0 4 0 0 1 0 0 0 2 8 122 1648 11 8 131 27 940 102 801 58 4 7 10 9 62 7 77 21 16 10 22 4 93 0 8 99 113 582 35 607 8 4 270 596 209 146 6488 29 35 62 0 10 40 1 4 2 11 3 4 0 1 110 14 1189 456 96 1080 30 43 111 52 77 2041 8 20 1495 344 7 29 271 60 368 32 15 10 80 16 4 157 85 52 2 1 3 9 19 4
24 2 7 6 37 30 6 9 0 8 3 32 1 80 73 15 141 33 7 49 108 706 268 1232 1147 876 820 205 220 13 92 22 63 322 629 96 952 199 24 3787 229 105 586 3 1 23 1727 3 29 3 11 14 86 125 27 20 419 153 1707 127 39 15 136 274 56 0 894 2465 52 9 6 77 92 116 298 9 75 11 34 3 18 1 187 280 264 699 929 6 15 5 44 44 8 5 77 109 5 10 547 111 2 1 0 2 7 3 0 2 0 1 1 5 26 6 4 30 102 12 243 9 176 47 142 62 43 14 47 3 11 6 8 3 8 41 11 97 7 18 84 394 4 104 4 5 40 6 4 0 63 42 83 1 6 4 2 2 0 1 3 0 4 4 1 0 27 64 7 16 5 3 27 15 42 62 2 15 3 0 14 7 28 69 60 27 7 72 1 0 2 17 21 9 7 15 11 6 26 11 6 9
13 2 2 3 23 17 2 4 0 4 2 2 6 6 27 30 26 138 20 17 2 18 6 18 3 6 2 13 18 0 11 19 22 26 3 0 33 87 80 8 202 24 195 28 46 58 3 14022 183 114 8 11 2 0 3 6 24 60 1 2 607 7802 2184 195 145 14 18 28 2897 367 5287 13 46 6 128 5079 5 0 4 4 1421 28 8 4 6 11 0 2724 4248 232 1314 254 29 69 558 106 1 0 6 5 0 0 0 0 1 0 0 0 0 0 0 0 0 0 3 0 2 9 3 16 3 3 8 0 0 3 2 3 5 3 6 1 0 3 1 4 0 2 3 9 4 12 7 4 3 89 39 5 13 51 11 284 621 5 23 255 9 6 15 91 0 0 0 0 17 4 13 101 339 33 2 4 15 17 427 78 42 128 758 90 2 2 4 15 441 8 95 92 754 0 0 1142 460 4 3 0 0 1 2 2
40 6 19 4 22 22 2 19 0 11 4 7 4 33 83 68 45 77 33 49 9 68 95 336 14 30 29 19 12 11 10 6 14 11 11 2 10 17 7 48 1378 2519 3002 20 57 78 29 183 8627 52 65 28 6 6 6 23 22 15 1 1 221 352 203 41 14 14 30 16 122 359 250 12 25 3 58 238 9 0 2 3 406 11 31 23 26 36 5 588 1004 232 543 6637 234 2982 6988 55 4 2 18 9 0 0 1 0 0 1 0 1 0 0 0 0 0 1 1 0 1 1 2 5 4 1 5 2 1 1 0 1 2 0 0 1 0 2 0 7 0 3 2 8 3 2 2 0 1 10 4 0 1 22 1 31 66 1 1 16 2 0 6 19 0 1 0 0 0 0 6 20 54 10 1 1 2 2 66 23 10 13 118 22 0 6 5 2 69 0 10 11 77 2 0 146 53 1 1 0 1 0 1 0
10 3 2 0 7 2 2 8 35 4 0 4 96 2 17 5 15 9 125 9 4 6 5 4 0 1 1 2 4 4 3 1 8 7 2 0 4 59 4 5 88 14 66 1209 4633 31 3 114 52 9958 94 1176 16 2 17 1 2 4 0 0 42 163 187 14 10 1199 4 5 112 70 89 162 174 490 14 176 883 289 425 1322 1121 6883 61 7 4 5 1 4116 1119 4451 554 103 24 12 176 17 293 64 2 2 0 0 0 0 1 0 0 0 0 1 0 0 0 0 2 1 2 5 5 4 3 2 3 1 2 3 5 5 4 2 2 1 1 4 0 4 0 1 8 12 6 6 6 2 6 48 45 2 9 65 8 161 279 4 6 129 61 15 80 178 1 0 0 0 6 1 12 42 182 45 2 1 11 5 282 75 50 81 781 102 3 7 9 8 321 10 90 254 643 1 0 1003 190 4 2 0 2 0 2 2
298 38 63 34 74 62 69 160 14 80 24 27 0 1 3 3 1 4 2 0 5 9 6 8 17 4 5 2 80 69 32 17 35 37 0 0 2 13 1 17 415 16 29 22 18 3 11 8 65 94 13610 12215 60 51 565 129 42 16 0 0 5 11 6 12 0 49 37 27 5 88 18 25 19 63 63 9 48 5 11 717 2254 198 1109 132 111 44 11 144 36 13 10 6235 5183 51 23 72 15 27 6 25 1 4 0 2 3 2 0 1 3 0 2 2 0 0 1 0 2 0 1 1 3 0 0 15 2 0 0 0 0 0 5 1 5 44 0 34 0 0 14 25 0 1 0 5 11 0 3 0 6 3 2 6 10 8 0 12 577 244 1017 538 23 2 0 0 11 0 1 0 4 12 8 3 7 2 0 0 166 11 17 1 19 39 24 2 1 26 89 21 282 2 17 9 25 4 3 0 5 0 0 1
535 47 119 60 100 120 130 283 10 143 29 49 1 0 1 1 5 4 14 1 6 10 3 5 30 2 6 9 134 128 63 45 86 103 3 0 3 38 3 16 301 3 24 131 123 3 14 11 28 1176 12215 23535 103 90 931 106 47 27 1 0 7 21 14 3 0 402 51 46 8 165 29 50 69 363 169 8 240 60 80 10746 6064 1565 1820 168 149 63 34 516 34 33 9 3237 6711 49 43 157 82 67 13 39 10 1 5 5 6 5 3 11 2 0 1 2 0 1 0 0 0 0 1 2 15 5 1 9 2 1 0 0 0 0 3 0 17 74 1 88 0 0 22 27 0 3 1 30 15 5 18 2 15 8 2 25 30 30 1 50 1797 902 3712 1128 59 5 0 0 16 2 1 2 9 52 20 3 14 3 10 3 391 35 78 2 40 67 50 9 4 126 343 111 907 2 112 62 49 11 31 2 4 0 0 2
2082 131 354 140 527 481 1332 1791 558 1044 259 388 1 1 0 6 9 3 1 2 21 56 18 44 161 18 35 20 4350 756 358 116 201 252 13 0 41 81 11 95 78 12 77 5 10 13 86 2 6 16 60 103 12610 8573 8367 20 500 92 6 0 17 8 61 57 14 8 550 224 17 3 2 231 137 122 513 6 284 30 54 17 26 14 1074 1490 89 123 145 10 12 8 18 32 22 2 23 517 713 8266 83 204 7 7 10 8 10 27 2 4 4 6 4 33 2 1 2 3 7 2 8 2 11 1 10 31 15 5 8 1 0 2 16 2 31 231 4 244 0 0 85 72 5 9 0 10 53 2 3 0 12 8 13 0 0 0 0 2 1 2 3 0 11 16 0 3 84 2 2 1 0 3 61 30 40 27 0 7 1 0 2 0 121 159 43 19 1 108 0 0 1 8 19 1 0 34 23 8 25 2 1 4
2152 141 397 145 815 529 875 1268 59 621 96 229 0 2 2 4 2 4 1 1 11 35 19 82 230 28 63 26 13770 1003 616 107 164 167 20 0 16 57 5 151 58 12 121 3 1 16 125 0 6 2 51 90 8573 15445 671 8 947 72 4 1 32 12 96 106 34 2 1181 176 36 8 5 76 91 90 496 7 49 1 23 11 26 1 2308 4246 63 132 213 6 15 6 26 52 11 6 27 709 57 4516 114 341 5 2 3 15 14 29 1 7 4 6 9 22 0 1 2 0 3 1 7 3 6 3 3 30 14 4 6 1 0 0 12 0 36 223 1 219 1 0 60 69 2 3 1 9 40 1 3 0 6 10 6 1 0 2 0 1 1 6 3 0 15 14 1 3 79 1 2 2 2 3 62 29 21 18 1 5 0 0 3 2 108 124 46 9 7 86 1 0 1 14 37 2 1 33 19 3 38 5 0 2
442 32 109 45 128 113 181 343 57 174 48 72 0 0 3 3 4 9 4 1 7 16 9 26 41 3 14 6 373 130 76 29 57 75 0 0 9 19 5 26 518 8 21 1 4 4 27 3 6 17 565 931 8367 671 22192 412 65 42 1 1 14 2 17 12 4 11 136 44 2 19 2 45 31 43 134 4 41 2 17 104 190 33 4962 468 155 89 43 22 5 3 9 521 148 13 15 125 78 1306 26 41 2 1 1 1 3 6 0 0 1 1 3 9 0 0 0 1 1 1 2 1 8 2 2 11 5 2 2 0 0 1 4 1 3 81 0 66 0 0 19 14 1 0 0 3 13 0 0 0 1 11 0 0 1 1 0 1 26 5 44 11 4 2 0 3 29 1 0 0 1 1 15 6 9 6 0 2 2 0 2 2 34 47 28 4 0 42 1 3 15 2 7 2 1 9 6 1 10 0 0 2
552 103 173 144 215 420 49 157 3 65 37 176 0 1 7 6 3 22 6 7 1105 393 24 39 89 18 20 9 63 134 94 68 114 112 6 0 13 35 1 55 1259 14 53 3 0 5 20 6 23 1 129 106 20 8 412 1948 42 50 2 1 26 8 20 19 2 0 38 52 5 17 19 79 54 27 185 6 20 3 16 8 67 6 3240 56 2685 137 46 24 15 3 20 280 52 29 28 293 16 23 118 40 1 2 2 3 8 15 0 1 0 0 4 14 0 3 2 1 1 1 4 0 3 1 3 13 6 0 3 1 0 1 11 0 13 104 1 84 0 0 27 31 3 5 1 5 14 1 1 0 2 6 7 0 0 2 0 0 3 5 7 4 11 7 0 2 39 0 2 1 1 1 22 14 18 13 0 2 0 0 2 0 44 64 18 9 3 36 1 2 6 5 20 3 2 18 5 1 8 1 1 3
130 52 46 113 5865 532 32 39 10 16 29 128 0 17 12 9 2 20 4 5 62 119 39 214 396 34 317 278 6753 4953 11146 63 56 43 120 3 12 17 10 227 265 52 481 3 2 84 419 24 22 2 42 47 500 947 65 42 5926 53 4 1 214 80 644 622 181 4 3301 497 188 15 23 24 23 26 2914 42 14 3 5 3 32 2 490 575 271 598 568 16 70 20 154 102 29 26 140 4612 19 206 1120 4910 3 4 13 32 10 35 1 1 3 6 10 46 0 0 6 0 1 0 6 2 2 2 5 21 14 3 4 0 0 0 16 2 41 211 0 111 0 0 11 12 4 1 1 9 29 3 1 0 5 32 1 0 4 2 0 1 8 6 5 4 11 10 2 3 56 2 7 6 8 3 58 21 5 4 9 21 3 1 31 6 133 65 9 0 11 57 1 2 5 12 37 3 5 33 17 2 19 1 0 0
19 6 6 8 37 136 1 2 1 8 23 152 0 158 129 315 56 96 8 4 46 53 33 52 48 6 143 1005 66 6 14 3743 1859 9453 176 27 678 860 733 29 299 36 127 2 10 71 153 60 15 4 16 27 92 72 42 50 53 7269 958 1642 206 116 788 224 747 8 157 2452 1555 14 38 393 443 18 4997 72 6 2 56 3 36 0 155 120 125 74 39 14 39 12 147 73 11 5 68 1854 7 1 75 52 0 0 2 2 2 2 0 2 0 0 2 1 1 5 31 1 7 7 13 37 11 22 4 7 2 1 2 3 0 2 6 1 2 18 1 14 0 0 18 27 37 3 16 7 18 6 7 3 7 187 6 6 13 1 0 1 1 4 1 1 3 5 1 0 5 0 39 22 11 8 19 8 8 10 21 86 1 2 112 43 5 18 14 6 36 16 2 3 4 3 11 26 8 11 3 1 8 1 0 0
3 0 0 2 2 2 0 0 0 0 0 1 0 147 71 16 157 13 9 9 14 30 18 69 1 1 197 199 3 0 6 24 29 3181 2455 529 5354 707 25 81 24 3 62 1 0 9 1707 1 1 0 0 1 6 4 1 2 4 958 4197 5448 15 7 100 138 58 0 13 1256 57 2 0 0 8 30 311 4 4 2 3 0 1 0 9 10 7 3 6 1 0 1 15 2 0 0 14 18 0 0 5 9 2 2 1 0 0 2 0 4 1 0 0 0 5 3 1 7 27 4 93 2 78 15 57 30 14 5 22 2 1 4 5 0 6 8 9 42 3 9 52 178 7 33 2 2 22 2 1 1 27 11 33 0 0 0 0 0 0 1 0 2 1 1 1 0 14 26 3 3 3 1 12 6 6 35 2 10 1 0 7 3 8 28 20 10 5 29 0 1 1 7 7 0 1 8 6 4 14 9 1 5
0 0 0 0 1 0 0 0 0 1 0 0 0 148 100 29 14 4 0 3 2 3 1 9 0 0 48 221 2 0 0 12 35 6753 279 178 2070 218 74 10 4 0 13 0 0 3 127 2 1 0 0 0 0 1 1 1 1 1642 5448 1857 9 1 96 54 79 0 1 1392 70 1 2 0 4 1 227 2 0 1 0 0 1 0 5 0 1 0 2 1 0 0 4 2 0 0 3 6 0 0 0 2 0 0 0 0 0 0 1 0 0 0 0 0 0 0 0 0 2 0 8 1 0 0 5 0 2 0 1 0 0 0 0 0 0 1 0 3 1 0 4 13 0 2 0 0 0 0 0 0 1 6 2 0 0 0 0 0 0 0 0 0 0 0 0 0 1 1 0 2 3 0 0 1 0 0 2 7 0 0 8 2 0 0 2 1 1 3 0 1 0 0 1 1 0 0 0 0 1 0 0 2
15 2 5 1 75 69 4 7 3 2 7 29 60 50 158 454 417 6188 812 611 15 79 62 728 40 12 248 794 96 8 87 77 643 236 22 6 832 2297 8371 25 1233 636 3656 246 76 2678 39 607 221 42 5 7 17 32 14 26 214 206 15 9 16178 471 1622 2740 2127 154 159 143 6859 150 232 95 617 21 553 7584 28 11 47 2 107 1 65 57 60 78 8 143 641 159 2385 515 20 88 743 585 16 12 65 40 0 0 0 0 3 2 0 2 0 0 0 1 14 62 460 12 12 40 27 254 77 211 36 10 5 7 4 37 10 52 27 12 13 13 8 61 2 4 72 69 301 24 366 15 8 283 527 75 115 2703 28 60 100 5 9 79 1 4 1 16 2 7 0 0 84 22 597 458 191 250 24 37 86 59 251 1585 12 35 1839 515 10 36 52 72 524 39 17 34 100 15 4 376 145 36 8 1 9 3 17 4
18 3 8 3 46 28 3 8 1 0 2 6 2 21 78 59 50 144 22 27 9 83 30 43 21 6 20 22 47 11 24 31 32 52 4 3 40 72 68 27 291 34 305 23 65 76 15 7802 352 163 11 21 8 12 2 8 80 116 7 1 471 12933 10909 593 346 17 71 62 2692 4405 4315 17 41 8 272 991 5 2 13 12 1062 50 20 35 30 54 5 1521 2455 399 966 553 151 2098 2260 269 3 3 26 12 0 0 0 0 1 0 0 1 0 0 0 0 0 1 2 2 1 4 6 14 4 7 3 1 1 6 5 7 7 0 4 4 2 4 1 7 1 5 9 9 6 17 5 5 4 83 40 0 13 53 8 448 932 4 23 237 12 8 24 144 0 0 0 0 11 7 18 117 440 22 2 3 18 5 446 67 101 227 693 103 4 3 8 10 456 12 156 116 1189 3 0 1513 625 8 1 0 1 3 0 4
18 0 2 2 302 127 2 9 1 4 4 28 13 96 306 139 123 379 67 96 28 198 51 79 92 34 64 181 311 33 247 91 86 284 60 27 362 220 200 101 247 57 1382 85 143 318 136 2184 203 187 6 14 61 96 17 20 644 788 100 96 1622 10909 22761 11641 5556 56 578 694 6217 1194 856 46 124 25 1991 1737 9 2 14 1 265 8 92 138 125 186 36 387 2199 788 3340 285 64 440 3860 1346 12 7 148 132 0 0 0 1 1 1 0 0 0 0 0 0 1 4 19 2 6 17 23 47 21 47 16 7 2 8 11 11 5 2 1 3 5 9 4 18 1 5 15 38 23 10 23 4 5 84 63 5 15 217 15 170 370 1 7 188 2 2 2 28 0 0 0 0 15 6 29 110 323 42 7 7 20 15 454 158 18 55 816 160 2 4 17 12 573 19 26 74 324 2 5 1059 356 11 1 0 2 2 4 2
25 3 5 4 129 58 5 7 1 3 3 23 5 103 213 92 123 503 59 70 33 187 48 391 122 25 770 1535 245 16 223 39 66 138 159 61 277 178 197 103 298 87 3778 31 47 1294 274 195 41 14 12 3 57 106 12 19 622 224 138 54 2740 593 11641 11195 6709 58 585 463 2976 108 93 31 107 18 717 337 13 1 13 3 45 1 124 149 127 230 27 50 285 102 1677 101 11 44 1408 598 7 10 195 152 0 0 0 0 2 0 0 0 0 0 0 1 4 18 72 7 11 20 27 98 25 74 30 4 0 2 3 3 4 9 5 2 1 7 5 21 3 2 15 56 60 11 54 1 6 32 48 6 13 702 10 15 22 2 2 9 0 0 0 3 1 1 1 1 21 6 166 63 27 60 5 3 21 12 59 319 3 12 340 93 3 18 19 5 103 16 6 7 32 2 0 88 36 15 2 0 7 0 3 1
3 0 4 1 87 33 0 1 0 1 2 5 8 72 285 238 274 445 31 105 9 32 10 54 12 3 180 1580 72 6 92 105 72 534 31 24 609 281 2169 15 92 47 445 17 39 1144 56 145 14 10 0 0 14 34 4 2 181 747 58 79 2127 346 5556 6709 9124 52 117 381 6508 46 88 18 69 13 1124 133 0 0 11 1 29 1 29 18 25 21 12 26 80 29 571 47 2 15 245 516 1 4 28 47 0 0 0 0 3 1 0 0 0 0 0 1 1 27 155 7 5 28 12 150 27 79 10 2 2 5 0 13 2 20 6 9 6 7 9 34 2 1 42 38 117 7 137 5 2 129 136 20 47 1901 10 24 50 1 5 12 1 2 0 6 2 1 0 0 43 8 654 239 64 118 10 20 50 18 79 1118 6 14 1148 280 3 11 14 20 340 14 4 9 46 6 2 112 56 26 2 0 4 3 7 2
1 0 2 1 2 3 0 1 13 0 2 3 1457 4 5 9 6 56 245 3 2 3 3 17 6 1 10 44 3 0 0 5 10 6 2 0 10 63 28 2 58 16 99 1000 4268 1696 0 14 14 1199 49 402 8 2 11 0 4 8 0 0 154 17 56 58 52 2168 5 2 40 15 12 110 134 830 8 59 655 868 451 299 212 647 21 2 1 3 0 302 216 516 1330 32 7 7 90 10 137 35 0 0 0 0 0 0 0 0 0 0 0 0 0 0 0 4 152 2 2 11 3 18 8 56 3 0 1 0 2 3 0 2 1 0 0 2 0 6 0 0 14 12 12 0 13 0 4 18 64 18 9 375 1 10 24 2 2 15 13 3 22 25 0 1 0 0 3 0 40 33 22 1192 1 1 3 2 63 74 10 6 268 57 3 4 101 0 60 6 9 12 40 1 1 89 30 3 0 0 0 1 2 0
500 100 165 159 785 1093 60 154 14 86 61 483 0 9 5 7 13 24 6 7 44 243 108 443 1802 179 418 196 6861 274 1975 240 258 239 112 1 18 36 13 778 232 87 719 4 6 68 894 18 30 4 37 51 550 1181 136 38 3301 157 13 1 159 71 578 585 117 5 11604 1058 146 50 12 141 129 99 2523 46 53 4 34 9 40 1 1246 4530 750 3398 1912 17 77 30 137 99 28 18 174 2360 53 67 1553 3844 9 9 11 22 15 39 1 10 3 4 17 56 0 0 3 4 1 4 5 7 8 6 4 41 11 9 11 1 0 3 31 2 73 435 2 348 0 0 47 78 7 9 2 21 69 5 1 0 7 26 10 1 5 4 0 1 5 18 3 1 38 25 2 7 134 2 8 7 5 5 137 47 33 15 4 16 2 1 28 6 253 240 60 10 10 162 1 0 4 22 68 17 6 82 24 7 41 5 3 2
44 8 16 10 43 39 12 19 0 9 4 14 0 166 107 97 43 28 8 9 118 332 78 342 807 26 407 820 182 12 110 24 134 2904 426 38 1231 557 205 201 299 46 372 2 0 69 2465 28 16 5 27 46 224 176 44 52 497 2452 1256 1392 143 62 694 463 381 2 1058 3040 605 15 15 31 62 97 4377 18 30 9 11 5 33 2 302 361 322 1120 1274 15 23 6 107 66 18 7 95 151 3 8 1105 981 0 2 0 1 0 4 0 5 0 0 0 6 7 1 6 2 37 2 74 14 42 6 32 25 25 6 13 1 0 4 3 0 5 28 4 58 0 4 75 195 6 23 3 2 24 5 5 1 24 47 27 3 2 0 0 1 1 2 1 0 7 5 2 0 21 15 13 14 6 5 16 7 19 25 17 39 2 1 54 16 11 37 39 10 12 40 1 1 4 7 12 10 5 4 9 2 16 5 0 3
9 1 2 0 177 131 1 2 1 1 6 31 9 52 198 308 372 1059 53 195 17 56 28 69 29 5 25 137 74 3 88 315 223 805 22 12 683 614 2385 16 323 173 1174 44 95 365 52 2897 122 112 5 8 17 36 2 5 188 1555 57 70 6859 2692 6217 2976 6508 40 146 605 18118 206 1069 61 193 15 2607 6579 1 4 23 1 322 10 38 19 33 32 13 214 905 284 2753 185 8 49 730 1422 3 1 17 59 0 1 0 0 8 2 0 2 0 0 0 2 2 11 60 6 9 22 12 96 27 50 17 4 2 6 4 10 6 19 11 6 6 14 5 56 0 1 57 44 48 18 55 11 12 251 277 23 81 818 26 166 325 3 18 217 4 7 10 41 2 0 0 0 62 13 238 394 515 132 9 18 57 35 939 998 16 80 2734 814 5 18 29 41 1226 30 26 80 282 5 3 1318 503 31 5 1 2 6 5 1
70 9 24 15 28 29 16 37 2 14 5 11 2 10 39 29 19 36 7 17 3 37 17 45 8 7 7 7 35 18 18 16 19 19 2 1 8 21 10 15 348 50 258 10 25 38 9 367 359 70 88 165 3 8 19 17 15 14 2 1 150 4405 1194 108 46 15 50 15 206 4319 2325 8 17 12 78 203 11 0 6 26 2783 148 64 13 34 31 8 838 613 118 293 1159 1171 950 2309 62 1 4 13 7 0 0 1 1 0 0 0 0 0 0 0 0 1 1 1 0 2 4 1 5 5 3 5 0 0 3 0 2 2 0 0 1 0 6 0 11 1 0 3 4 2 2 1 1 3 27 14 1 5 17 3 191 225 6 7 55 70 58 129 489 0 1 0 0 2 2 8 28 80 16 1 3 4 2 77 18 208 188 176 22 5 7 3 4 93 10 222 50 965 1 1 355 210 1 3 0 0 0 0 0
41 4 13 4 27 19 6 22 1 9 1 6 2 5 37 24 12 80 11 21 6 15 7 20 8 5 10 8 14 16 13 13 21 21 1 0 20 52 39 9 329 31 147 11 22 36 6 5287 250 89 18 29 2 5 2 19 23 38 0 2 232 4315 856 93 88 12 12 15 1069 2325 7343 13 21 11 87 852 6 0 5 16 2180 96 32 23 15 15 4 1454 1347 142 364 846 107 348 534 90 5 5 11 3 0 0 0 0 0 0 0 1 0 0 0 0 0 0 0 0 0 1 0 7 2 1 2 3 0 3 1 1 2 1 0 1 1 6 1 5 0 1 5 4 3 6 3 2 3 32 20 1 8 23 7 226 260 4 4 93 30 32 92 368 0 0 0 0 9 2 3 40 133 11 0 0 3 6 190 28 147 210 316 34 4 2 4 1 186 13 175 59 930 1 0 524 282 2 2 0 0 0 0 0
