27509 7804 8219 5609 2533 6874 7015 5172 74 1085 284 4945 1 2 1 3 0 3 1 1 194 151 18 6 28 3 2 11 6432 5035 1388 174 120 34 0 0 2 27 12 12 901 6 24 1 1 3 13 16 20 7 269 328 1295 1642 698 243 134 27 2 0 10 44 26 6 8 2 227 8 50 67 38 57 27 111 79 8 41 0 22 14 139 13 2063 519 966 140 38 21 23 7 17 314 167 26 51 515 470 3939 34 34 102 13 90 87 6 98 54 41 99 197 209 245 0 0 1 1 1 0 2 2 1 0 3 7 1 0 0 0 0 1 53 0 21 169 1 55 0 0 42 24 0 0 0 9 23 1 0 1 4 2 1 3 1 4 0 0 7 3 13 5 21 12 5 82 10 1 5 5 1 0 15 2 0 1 1 6 8 1 9 4 177 100 7 0 4 109 6 1 7 1 27 4 1 5 122 24 9 0 0 1
7804 16429 14284 19089 2797 8030 110 139 9 364 80 2967 0 1 0 0 0 0 0 0 73 45 3 5 8 1 0 0 300 2415 238 15 9 4 0 0 1 1 0 0 295 2 6 0 0 0 3 4 4 1 50 47 120 150 77 80 37 3 0 0 1 4 2 0 0 0 89 0 4 5 6 3 2 31 7 0 13 0 2 2 23 1 341 109 351 59 6 2 14 2 1 63 32 3 5 13 137 100 15 9 42 4 30 21 4 42 15 5 24 85 61 91 0 0 1 1 2 0 0 0 0 0 0 1 1 0 1 0 0 0 18 1 6 68 0 25 0 0 8 2 0 1 0 6 5 0 0 0 1 1 1 0 0 4 0 0 5 3 3 1 13 5 3 26 3 0 0 0 1 0 3 1 0 0 0 0 0 1 0 0 58 36 1 1 0 30 0 0 0 0 9 1 1 7 40 9 1 0 0 0
8219 14284 30447 10278 248 9982 1511 11601 154 12201 69 35306 0 1 2 1 1 1 0 0 203 90 8 14 33 0 1 3 1064 291 78 11 13 12 0 0 1 12 1 10 1112 8 15 1 2 0 9 15 25 5 259 251 536 719 416 286 61 4 0 1 6 12 9 0 1 6 312 9 5 32 30 16 10 97 38 5 38 1 12 9 148 8 1515 456 1328 166 13 19 21 3 6 295 139 23 29 51 482 626 50 28 109 6 113 80 9 156 67 54 152 266 263 269 0 0 0 0 2 0 2 0 1 1 1 4 2 1 0 0 0 0 61 1 26 132 2 55 0 1 17 22 0 1 1 8 12 0 1 0 1 0 2 0 0 0 0 1 11 10 4 4 18 23 5 87 6 0 0 0 0 1 19 4 0 1 0 2 2 0 2 0 170 87 6 0 1 80 3 0 7 0 29 0 1 8 110 34 9 0 0 0
5609 19089 10278 24229 7491 16456 41 136 14 995 37 3561 0 0 2 0 0 0 0 0 135 61 3 4 15 2 2 1 330 1615 396 6 8 1 0 0 1 6 0 1 482 1 4 0 0 0 0 1 2 1 58 44 109 187 95 91 68 1 0 0 1 5 2 0 3 1 165 0 4 11 7 2 4 62 13 0 23 0 4 3 29 1 411 158 580 113 9 7 4 0 2 64 24 12 5 14 145 71 14 6 40 3 35 27 5 69 9 8 26 90 64 107 0 0 0 1 0 0 1 2 0 0 1 1 2 1 0 1 0 0 31 0 10 65 0 18 1 0 8 3 2 0 0 2 9 0 0 0 1 0 0 0 0 4 0 0 4 2 1 0 9 10 1 22 1 0 0 0 0 0 12 0 0 0 0 3 4 0 0 0 57 38 1 1 0 31 0 0 0 0 8 0 2 2 55 14 2 0 0 0
2533 2797 248 7491 12882 10630 235 64 3 83 586 5419 1 4 0 20 2 20 3 4 292 250 39 13 34 6 12 37 2182 9584 7092 1239 642 206 0 0 13 84 43 8 311 6 98 1 2 5 16 30 13 1 59 77 234 480 89 66 2641 176 1 1 23 127 76 12 56 1 429 16 269 107 51 235 73 46 500 16 20 0 98 2 75 2 425 161 404 153 56 13 14 2 54 64 48 21 100 2575 85 444 154 273 10 1 5 2 1 12 5 2 7 14 17 24 0 1 2 0 2 2 2 7 5 6 3 0 0 0 0 3 0 2 9 0 5 35 1 13 1 1 25 18 4 1 3 2 5 2 2 1 10 27 2 2 1 0 0 2 2 4 3 1 2 1 1 10 0 0 13 6 3 1 3 0 1 0 10 10 3 0 27 7 16 48 3 0 7 25 0 0 2 0 3 19 4 0 9 3 2 2 0 0
6874 8030 9982 16456 10630 10903 300 767 38 1681 621 14422 0 1 0 7 3 20 5 1 346 252 32 8 28 2 2 5 833 4914 2381 3144 1202 134 1 1 12 59 10 10 651 9 42 1 1 11 5 11 16 1 75 89 216 300 139 129 240 204 1 1 20 36 19 0 8 0 231 14 37 42 20 411 81 110 389 8 55 0 123 3 46 5 575 216 761 172 10 7 16 4 64 98 37 9 30 1568 282 303 43 18 61 8 79 54 3 91 12 15 59 149 115 169 2 1 4 2 2 2 0 4 2 7 1 4 4 0 0 2 0 2 43 1 21 132 2 47 1 0 53 34 2 2 0 6 13 1 2 0 9 13 4 0 3 1 0 1 5 5 1 0 16 21 5 63 2 2 10 3 2 2 14 1 1 0 3 15 1 0 17 4 141 108 6 0 5 70 3 0 0 1 22 11 0 2 74 19 4 0 0 0
7015 110 1511 41 235 300 6435 6129 394 1193 63 650 0 0 0 1 1 1 2 0 31 19 3 0 5 0 0 1 1405 288 174 27 23 5 0 1 0 6 3 5 60 3 6 1 1 1 2 2 1 0 44 55 660 565 184 33 21 2 1 0 1 14 4 1 3 0 26 3 10 9 8 20 6 19 14 3 10 1 7 1 21 2 306 109 86 10 5 6 2 0 3 38 28 4 13 132 301 5161 5 9 30 2 17 9 1 26 24 10 42 51 62 40 0 0 0 0 0 1 2 0 0 0 1 2 0 0 0 0 0 0 9 0 2 27 0 6 1 0 11 4 0 0 0 0 3 0 0 0 1 2 2 0 0 0 0 0 0 2 2 4 6 6 3 12 2 0 2 0 0 1 6 0 0 0 2 2 1 0 1 0 26 12 0 0 0 13 0 0 0 0 2 2 3 1 30 6 1 0 0 0
5172 139 11601 136 64 767 6129 12741 1886 16327 46 2405 0 1 0 0 0 0 0 0 17 8 4 0 2 1 0 0 344 91 31 4 6 0 0 0 0 2 1 1 170 1 2 1 3 1 3 2 5 2 58 68 390 274 180 40 16 1 0 0 0 3 1 0 2 0 48 1 4 7 5 13 9 17 7 1 14 0 11 2 40 2 400 89 135 18 5 3 7 1 1 81 17 8 9 28 505 1382 11 7 59 4 42 26 3 55 66 45 98 107 163 69 0 0 0 0 0 0 0 1 1 0 0 0 1 0 0 0 1 0 15 0 1 27 1 7 0 0 4 6 0 3 0 0 4 0 0 0 3 0 0 0 0 1 0 1 3 3 3 3 3 1 3 16 1 0 0 0 1 0 3 0 1 0 0 1 1 0 1 0 33 10 2 0 0 14 1 1 2 0 1 0 0 0 45 24 2 1 0 0
74 9 154 14 3 38 394 1886 751 2708 124 178 12 0 0 0 0 3 2 0 1 5 0 0 3 1 0 0 22 16 5 4 28 2 0 0 0 1 1 0 5 0 2 2 106 17 0 0 1 50 5 24 106 11 2 2 1 2 0 0 1 1 1 0 0 19 7 0 4 1 2 152 18 119 8 0 143 12 97 20 17 47 13 4 6 3 0 32 26 43 36 2 3 0 1 2 2426 1566 0 1 7 0 1 1 0 6 11 12 17 16 33 9 0 0 1 1 0 5 0 3 5 18 2 1 0 0 0 0 0 0 2 0 1 5 0 1 0 0 8 8 0 1 3 0 0 1 0 0 1 7 1 0 2 0 0 0 3 0 3 0 0 0 0 1 0 0 2 2 0 1 0 0 0 0 3 2 0 0 18 0 2 4 3 0 2 5 0 1 3 0 1 3 2 0 6 4 1 0 0 0
1085 364 12201 995 83 1681 1193 16327 2708 47972 4941 43703 10 0 0 1 1 4 4 0 60 39 4 1 10 2 0 1 269 137 32 25 55 10 0 0 1 3 3 5 238 1 3 2 45 5 5 2 3 19 41 42 296 166 90 64 16 10 0 0 6 4 4 2 1 10 85 3 5 9 8 530 59 251 21 2 1021 29 251 6 46 21 316 81 265 38 10 7 18 11 18 55 28 5 14 21 5616 1695 8 5 492 43 505 332 37 637 239 177 546 1039 1043 984 1 1 0 1 2 0 1 1 3 3 7 5 7 0 0 0 1 1 227 2 79 511 2 160 1 0 41 23 2 2 1 31 85 2 1 0 7 7 3 1 0 12 1 2 17 29 3 6 72 50 30 281 24 1 2 1 1 3 73 12 1 1 2 6 24 4 15 1 632 244 19 1 2 269 5 1 3 5 91 5 2 11 492 118 29 1 0 1
284 80 69 37 586 621 63 46 124 4941 4993 4346 2 3 0 1 1 13 9 0 117 107 19 3 2 2 0 1 121 414 188 206 278 23 0 1 2 23 4 2 109 4 21 3 2 8 0 1 1 0 7 21 53 43 15 14 20 46 0 0 6 9 1 0 2 1 28 2 15 12 7 3121 227 211 62 3 2038 1 771 0 7 1 71 22 83 17 2 0 3 5 44 15 3 3 14 147 3575 212 7 1 37 1 40 21 1 48 18 11 41 95 104 85 2 0 1 0 4 1 6 2 4 3 6 6 5 0 1 1 1 1 28 1 14 106 2 51 0 0 60 31 0 8 0 5 18 0 1 0 21 5 4 0 0 3 0 1 1 5 1 0 13 10 2 27 6 1 3 6 0 1 10 2 0 0 0 2 1 1 13 3 91 103 3 3 1 67 0 1 1 0 12 5 1 4 64 11 5 0 0 2
4945 2967 35306 3561 5419 14422 650 2405 178 43703 4346 32530 1 7 1 8 3 21 12 3 578 489 64 13 48 6 2 5 704 3307 1228 1595 2289 91 1 1 14 64 14 23 717 8 43 6 2 8 14 15 16 1 78 107 249 341 176 137 130 275 3 5 25 26 15 4 5 0 248 13 60 26 37 2005 293 210 408 6 257 1 602 4 63 0 645 233 926 209 18 12 16 3 52 99 50 12 42 814 1336 445 60 28 158 8 181 119 13 228 86 59 161 375 354 343 1 1 1 4 3 4 5 11 7 6 8 11 1 0 0 1 0 1 101 0 32 236 1 85 0 0 87 45 3 7 1 8 27 0 0 2 20 14 7 1 2 7 0 3 7 22 4 1 27 21 17 110 12 0 3 8 1 0 18 2 2 0 6 11 3 3 22 7 252 159 14 0 4 137 0 0 4 4 32 12 3 8 185 50 18 0 0 3
1 0 0 0 1 0 0 0 12 10 2 1 4879 1 0 11 4 2551 4642 14 1 1 2 60 0 0 56 66 2 0 0 1 8 0 1 0 29 585 60 2 19 3 72 5727 2338 3818 2 5 10 32 1 5 1 1 1 0 0 5 0 0 84 6 5 50 21 861 1 1 17 4 11 74 613 760 5 4 502 767 701 4 18 5 2 1 1 1 2 18 48 118 682 7 2 0 20 2 127 8 0 0 0 0 0 0 2 0 0 10 0 1 1 0 5 18 533 2 5 40 8 500 21 311 15 0 0 0 0 58 1 26 5 1 5 1 2 5 2 0 45 63 101 3 103 1 0 32 110 67 67 1693 2 6 7 1 1 17 1 2 0 6 0 0 2 2 2 2 171 159 19 317 1 2 3 1 22 188 2 12 644 33 0 13 72 1 24 15 1 0 6 0 1 48 16 8 6 3 2 0 0 2
2 1 1 0 4 1 0 1 0 0 3 7 1 7017 4884 1718 517 143 38 73 52 37 227 161 1 15 722 1019 5 0 2 14 27 519 2435 3407 860 112 272 122 487 29 85 3 1 6 337 8 8 0 5 2 1 0 5 5 7 129 888 164 16 28 44 57 190 1 7 534 202 19 5 1 5 2 231 5 0 0 1 0 8 1 7 2 8 2 17 1 8 0 4 26 5 3 54 11 0 1 1 4 0 0 0 0 0 0 0 1 0 0 0 0 45 21 13 16 7 99 39 25 71 266 109 2 2 3 7 7 11 12 1 0 0 2 1 0 30 3 26 57 3 49 3 4 2 1 0 3 48 8 5 0 0 0 0 0 0 0 0 0 0 1 0 0 0 10 0 2 0 1 1 0 0 2 1 3 1 1 12 1 0 6 4 1 2 11 0 0 1 0 0 2 3 0 0 0 0 1 0 0
1 0 2 2 0 0 0 0 0 0 0 1 0 4884 13295 12998 1031 1024 83 1527 29 25 208 148 2 14 378 2355 7 1 4 7 19 217 692 312 468 75 737 30 566 45 70 1 4 9 31 15 11 0 2 11 1 3 20 3 11 55 178 52 76 38 59 31 213 0 5 120 423 27 10 0 5 3 116 5 0 0 0 0 16 0 3 1 3 0 6 2 15 1 5 38 2 6 58 9 0 2 3 5 0 0 0 0 0 0 0 0 0 0 0 0 37 20 15 13 7 119 20 63 56 321 107 0 0 0 1 5 5 30 0 0 0 0 0 0 17 2 25 45 21 21 7 0 0 2 1 5 41 32 2 1 1 0 1 2 0 0 1 0 0 0 0 1 1 20 3 9 1 0 1 0 0 0 1 2 1 2 9 1 0 1 9 0 3 5 0 1 4 0 1 3 3 1 0 0 0 0 0 0
3 0 1 0 20 7 1 0 0 1 1 8 11 1718 12998 15146 1592 5022 4362 2470 10 18 145 242 5 13 169 2332 21 7 19 36 215 932 40 173 2505 993 2442 24 750 82 141 9 6 77 13 79 49 3 2 21 3 10 52 9 16 210 40 72 374 123 22 35 202 6 14 108 1074 37 61 24 44 29 458 79 1 1 7 0 53 0 18 2 9 5 12 13 54 6 40 99 18 13 57 78 1 2 3 9 0 1 0 0 4 0 0 3 0 0 1 2 56 304 313 42 13 326 21 1222 112 1692 32 0 0 1 0 207 18 639 5 1 6 5 8 13 11 4 144 197 669 10 347 5 10 53 12 194 227 601 2 2 8 0 2 3 3 1 1 5 0 1 1 2 12 7 33 144 16 20 2 3 4 2 9 89 3 5 62 5 1 21 58 2 9 11 0 0 8 0 2 23 15 14 3 0 1 0 0 0
0 0 1 0 2 3 1 0 0 1 1 3 4 517 1031 1592 2960 536 1748 3583 91 55 218 54 3 16 14 71 3 3 0 4 22 58 21 310 1951 1789 80 23 534 20 14 7 1 25 10 11 17 0 3 5 0 0 10 6 1 2 9 2 82 13 9 1 20 2 1 4 76 20 15 3 8 19 8 11 0 0 2 1 6 1 4 0 8 2 0 5 9 0 7 42 4 10 46 8 0 0 1 0 0 0 0 0 0 0 0 2 0 0 0 0 169 67 24 71 25 135 116 54 261 536 259 2 8 7 12 32 29 77 0 0 0 1 8 2 83 6 155 168 28 166 11 4 7 2 1 9 212 23 19 4 0 0 0 2 0 0 3 2 0 0 2 1 2 37 4 21 8 3 4 2 0 10 0 10 1 0 4 1 3 25 12 0 3 65 0 0 2 3 0 5 3 2 0 0 5 2 1 5
3 0 1 0 20 20 1 0 3 4 13 21 2551 143 1024 5022 536 11116 4041 658 8 18 54 1262 7 18 713 913 16 5 6 35 151 177 31 26 1248 2513 5235 22 710 163 761 525 44 1184 24 114 45 4 4 33 3 2 54 17 8 50 10 13 3090 194 51 371 253 198 10 23 1267 55 84 58 509 213 107 229 18 7 58 1 98 2 7 5 3 5 5 16 54 22 197 156 17 20 119 37 15 1 6 4 0 1 0 0 6 2 0 33 0 0 1 4 14 235 1113 38 29 230 24 2013 154 1239 67 3 4 0 0 525 1 547 10 6 6 9 1 21 8 2 226 333 965 9 814 10 7 126 88 517 305 2726 8 15 17 3 11 9 1 2 0 4 2 3 4 4 19 9 201 552 68 150 1 4 3 3 38 273 2 8 430 49 9 25 166 3 26 56 3 1 16 1 4 77 66 30 13 3 3 1 1 0
1 0 0 0 3 5 2 0 2 4 9 12 4642 38 83 4362 1748 4041 48498 4291 85 90 140 407 8 6 476 312 6 6 0 10 49 17 31 11 1194 5725 161 60 322 27 225 5079 221 2811 26 8 21 33 4 9 0 2 13 2 1 5 8 2 306 6 13 137 52 251 4 12 21 9 8 33 476 4578 17 28 18 358 59 9 26 15 2 3 14 5 0 21 58 54 769 48 3 6 53 11 11 0 1 0 2 1 0 0 6 0 0 35 0 0 1 6 1130 1231 1710 462 116 2992 546 4349 2127 14253 1895 58 55 47 49 665 216 2118 10 9 20 15 18 43 392 45 1166 1413 1398 704 777 36 69 144 62 841 2685 2278 94 21 10 1 7 9 3 2 2 6 1 5 5 6 17 260 142 446 54 171 11 12 10 30 46 261 6 14 390 25 14 175 924 5 17 408 1 1 10 7 3 54 70 32 15 6 11 5 4 19
1 0 0 0 4 1 0 0 0 0 0 3 14 73 1527 2470 3583 658 4291 6253 22 18 94 32 1 2 12 14 2 0 1 2 42 34 6 6 510 691 45 10 286 18 11 18 2 42 2 2 4 2 1 1 0 0 4 4 0 0 2 1 126 8 5 3 6 1 2 3 22 2 3 6 18 38 8 4 0 2 5 0 4 0 0 2 6 3 0 1 6 1 15 28 3 2 18 2 1 0 1 0 0 0 0 0 0 0 0 1 0 0 0 2 212 154 78 76 10 237 58 141 303 1197 219 3 4 6 7 39 32 177 1 0 1 0 1 1 79 8 115 118 38 93 20 3 8 3 4 21 289 22 10 0 1 0 3 0 0 0 2 1 0 1 1 1 1 30 1 19 1 4 0 0 2 6 2 11 0 2 7 1 0 12 33 0 0 57 0 0 0 0 0 5 9 5 0 0 0 1 0 2
194 73 203 135 292 346 31 17 1 60 117 578 1 52 29 10 91 8 85 22 8831 11438 3589 114 473 305 22 3 159 184 165 103 293 255 13 28 245 562 7 413 1065 25 122 27 5 8 145 18 72 0 10 21 32 32 40 1847 107 133 27 7 9 53 32 8 8 0 59 154 22 68 26 110 255 46 441 15 11 2 73 1 34 0 255 37 3048 160 108 14 39 4 20 89 27 41 169 578 14 37 243 59 1 0 0 0 0 0 0 0 2 2 1 3 4 3 1 6 9 13 47 1 58 14 44 10 6 1 3 2 1 2 2 0 0 18 1 22 11 1 131 119 1 31 1 1 9 2 0 0 52 6 14 1 3 0 0 1 0 3 0 0 0 1 0 2 0 4 2 2 1 0 2 1 0 5 1 4 0 4 2 1 10 64 5 2 3 18 0 0 5 0 4 3 3 0 3 1 7 0 1 0
151 45 90 61 250 252 19 8 5 39 107 489 1 37 25 18 55 18 90 18 11438 25947 3081 239 3604 2054 32 5 224 176 150 100 433 341 34 27 357 892 10 2265 1468 113 486 40 11 12 460 73 321 7 35 90 85 128 94 462 145 129 53 5 30 178 115 23 18 3 293 297 50 248 107 160 481 97 588 43 22 0 109 4 110 4 777 296 8061 1193 377 62 167 23 79 443 117 211 782 590 30 50 2605 148 1 0 1 0 1 1 1 3 1 2 2 5 8 3 0 21 25 17 62 4 73 26 81 17 14 0 3 8 6 5 0 0 3 24 4 36 16 2 270 225 0 76 1 2 16 5 0 1 95 7 20 10 16 1 0 2 1 1 3 5 3 1 0 2 1 6 9 5 2 1 1 1 2 12 6 0 6 6 14 3 7 116 17 3 5 47 0 0 15 5 5 25 9 2 1 0 11 1 1 7
18 3 8 3 39 32 3 4 0 4 19 64 2 227 208 145 218 54 140 94 3589 3081 11770 5943 276 4329 258 17 66 26 21 53 179 187 69 48 411 588 10 2557 7773 1440 382 15 8 5 139 37 306 3 14 16 15 36 118 90 34 51 47 3 28 36 17 5 6 1 85 60 26 54 38 46 121 16 146 38 4 0 20 0 49 1 68 28 263 94 33 32 118 15 30 439 29 99 257 101 2 9 66 17 0 0 0 0 0 0 0 0 0 0 0 0 6 2 0 3 6 10 16 2 11 18 24 1 0 1 0 1 1 2 0 0 0 3 0 3 5 0 24 15 0 11 1 0 1 0 0 0 23 6 3 0 5 0 0 0 0 1 1 2 0 0 0 1 0 0 2 0 1 0 1 0 0 0 3 2 2 2 9 3 0 11 5 0 0 7 2 1 7 0 1 10 1 0 1 0 1 1 1 2
6 5 14 4 13 8 0 0 0 1 3 13 60 161 148 242 54 1262 407 32 114 239 5943 13119 366 1589 4000 411 72 10 21 20 37 77 2049 43 115 124 434 6705 4280 4695 3246 16 33 1287 1724 76 793 5 19 28 18 45 169 53 61 29 189 18 2564 74 75 463 105 27 125 713 360 74 96 11 44 8 171 359 6 1 3 0 81 7 73 40 64 100 169 55 168 18 735 981 53 132 498 47 3 4 96 42 0 0 0 0 0 0 0 1 0 0 0 0 2 6 62 4 3 11 4 186 11 73 7 0 0 0 0 21 0 15 1 1 1 1 2 5 2 1 24 22 35 2 36 0 1 14 18 8 16 445 1 9 9 0 0 4 0 0 1 7 0 1 0 1 0 3 82 45 13 15 1 0 1 0 10 92 2 3 218 19 2 6 4 0 7 5 3 1 10 0 0 25 11 3 0 0 0 0 0 0
28 8 33 15 34 28 5 2 3 10 2 48 0 1 2 5 3 7 8 1 473 3604 276 366 9266 500 60 7 382 18 95 7 74 55 11 2 23 143 5 3036 349 56 434 7 3 9 1455 26 119 5 40 51 142 382 95 100 293 8 3 0 29 134 119 35 23 1 1148 247 36 123 41 31 106 44 107 17 3 0 22 2 42 3 748 619 1643 2230 3149 19 45 15 32 127 56 66 456 60 8 5 3445 999 1 0 1 1 0 0 0 0 0 1 0 2 0 1 1 3 8 6 14 1 12 7 17 4 4 0 2 0 1 1 0 0 0 16 0 17 3 0 67 62 0 12 0 0 3 0 1 0 22 3 4 5 5 0 0 0 3 1 0 4 1 0 0 0 0 0 1 1 1 0 3 0 0 3 2 0 2 4 13 0 5 64 3 0 2 17 2 0 6 1 2 3 1 1 0 0 1 0 0 0
3 1 0 2 6 2 0 1 1 2 2 6 0 15 14 13 16 18 6 2 305 2054 4329 1589 500 4863 126 3 36 0 8 3 19 22 134 2 29 65 5 8047 1056 130 251 3 4 4 206 12 141 4 6 7 12 39 29 12 9 5 4 0 14 47 36 5 2 1 101 30 6 53 30 6 36 1 19 10 4 0 9 0 29 0 86 47 152 124 22 14 48 9 15 134 18 52 244 9 1 0 68 6 0 0 0 0 0 0 0 0 0 0 0 0 0 0 0 1 1 4 2 0 4 3 6 0 0 0 0 0 0 1 0 0 0 0 0 0 0 0 3 5 0 1 0 0 0 0 0 0 2 0 1 0 5 0 0 0 0 0 0 2 0 0 0 0 0 1 0 0 1 0 0 0 0 0 1 1 0 1 1 0 0 5 1 0 3 2 0 1 2 0 0 9 3 0 0 0 0 0 0 0
2 0 1 2 12 2 0 0 0 0 0 2 56 722 378 169 14 713 476 12 22 32 258 4000 60 126 15661 8961 59 1 20 7 19 208 3184 110 165 63 139 1696 515 93 703 6 5 383 966 12 55 0 4 5 4 24 24 8 60 91 337 58 335 44 78 1441 137 11 52 875 55 41 13 5 7 9 457 10 0 0 3 0 9 0 24 13 12 34 113 4 21 4 43 67 6 16 147 40 1 2 33 59 0 0 0 0 1 0 0 0 0 1 0 1 6 32 134 7 7 73 7 587 25 369 17 0 2 0 0 66 2 76 2 1 3 2 0 4 2 0 35 43 204 5 146 1 1 14 9 36 35 658 3 2 6 0 1 1 0 0 0 2 0 1 0 0 2 2 66 83 13 11 0 0 0 0 2 63 0 1 103 1 0 4 12 0 2 4 0 0 2 0 0 5 5 8 1 1 0 0 0 0
11 0 3 1 37 5 1 0 0 1 1 5 66 1019 2355 2332 71 913 312 14 3 5 17 411 7 3 8961 7965 102 16 75 34 61 609 533 142 443 128 4045 181 45 5 279 9 8 462 181 9 9 2 0 7 9 18 7 0 87 313 278 146 354 100 133 1236 828 21 44 657 330 40 15 7 9 17 1244 9 0 1 2 0 13 0 18 5 15 22 92 4 8 3 33 14 9 8 105 138 0 11 23 68 0 1 0 0 1 0 0 2 0 0 1 1 4 59 197 9 9 100 8 916 30 473 30 2 0 1 1 108 0 132 0 3 3 6 5 9 6 1 58 85 317 0 203 1 2 22 11 70 46 1095 0 6 6 0 1 0 1 0 0 0 0 0 1 1 2 1 114 152 17 16 1 2 4 2 9 118 0 1 191 10 1 4 32 2 3 6 0 1 3 1 0 14 7 16 3 0 0 1 0 0
6432 300 1064 330 2182 833 1405 344 22 269 121 704 2 5 7 21 3 16 6 2 159 224 66 72 382 36 59 102 30909 11114 4296 181 315 158 6 1 10 52 74 150 279 31 436 1 12 26 168 109 185 4 71 319 1837 8130 425 54 4642 151 3 2 52 742 843 134 311 1 5265 165 558 607 194 236 131 426 1270 69 50 1 163 5 210 9 1334 1458 263 323 885 58 133 26 77 351 193 236 1120 1983 109 4476 726 1788 46 5 38 35 6 54 12 21 28 81 91 108 1 2 3 1 10 0 5 11 11 2 3 15 2 0 1 4 0 2 40 1 36 432 10 251 1 0 281 125 2 13 3 22 57 9 6 3 53 22 3 4 20 9 1 12 17 23 5 4 47 22 8 65 20 1 11 18 4 0 43 5 4 3 11 41 11 12 53 17 366 617 35 1 15 521 10 3 24 4 61 30 10 9 161 20 18 1 0 1
5035 2415 291 1615 9584 4914 288 91 16 137 414 3307 0 0 1 7 3 5 6 0 184 176 26 10 18 0 1 16 11114 16379 12534 342 232 64 1 1 10 28 33 12 351 11 57 0 0 3 5 18 16 1 94 148 659 1183 247 71 3561 53 1 1 16 84 62 6 33 2 269 5 140 92 52 84 31 74 197 7 25 0 28 1 83 2 868 236 351 56 23 8 22 3 24 119 50 12 86 1465 167 1391 41 124 18 3 16 12 1 28 5 8 20 48 31 57 0 1 3 0 1 2 2 5 0 2 0 1 0 0 0 3 0 0 30 1 13 80 0 27 0 0 25 9 2 1 1 3 7 2 2 0 3 11 1 1 0 0 0 1 0 2 3 1 9 3 1 17 4 0 5 8 2 1 5 0 0 0 6 11 2 3 18 6 80 60 3 0 2 41 1 0 8 0 9 10 2 1 37 10 4 0 0 0
1388 238 78 396 7092 2381 174 31 5 32 188 1228 0 2 4 19 0 6 0 1 165 150 21 21 95 8 20 75 4296 12534 14186 179 111 57 2 0 9 32 44 15 323 8 105 0 1 6 39 25 26 3 52 116 430 904 157 72 10996 47 3 1 21 230 240 32 162 1 1269 32 349 154 55 64 23 23 834 14 5 0 18 2 87 4 662 280 446 535 940 11 34 7 23 84 60 48 215 2492 15 480 2382 5868 2 0 5 4 1 2 0 1 2 4 6 11 0 0 4 0 0 0 2 7 0 5 0 0 0 1 0 1 0 1 7 0 1 17 2 8 0 0 14 10 1 1 1 0 2 0 2 1 7 13 0 2 6 0 0 1 5 1 1 1 0 0 0 5 1 0 4 6 0 1 2 1 0 0 4 13 0 2 15 7 10 21 0 0 5 13 0 0 3 0 0 14 4 0 4 0 0 0 0 0
174 15 11 6 1239 3144 27 4 4 25 206 1595 1 14 7 36 4 35 10 2 103 100 53 20 7 3 7 34 181 342 179 6382 3934 773 5 3 24 84 59 7 115 7 37 1 1 9 7 12 4 2 12 11 35 51 22 9 62 2801 19 86 41 30 12 4 20 1 56 96 113 10 16 568 98 46 2434 9 35 0 178 0 23 0 72 18 64 20 10 3 8 3 59 22 7 3 22 3677 66 51 8 5 3 0 4 1 3 8 0 0 2 10 9 10 1 1 2 0 5 0 4 11 3 3 8 5 1 0 1 1 1 2 4 0 6 58 0 30 1 0 55 39 3 8 2 1 7 2 1 0 13 26 4 2 2 1 0 1 1 2 0 0 3 3 0 1 1 0 4 11 5 1 3 1 0 3 3 17 0 2 21 2 45 72 4 0 6 42 1 0 4 1 7 7 4 3 14 2 6 1 0 1
120 9 13 8 642 1202 23 6 28 55 278 2289 8 27 19 215 22 151 49 42 293 433 179 37 74 19 19 61 315 232 111 3934 7261 4749 33 12 67 1394 120 48 300 19 50 5 7 19 71 13 8 2 12 37 70 122 56 19 81 1586 64 119 163 39 15 8 50 3 111 272 199 18 20 1265 1134 195 2025 26 112 4 455 1 32 1 168 79 201 80 36 6 10 3 97 44 24 5 42 1957 221 44 49 13 8 2 6 7 2 7 3 12 4 17 13 40 8 5 6 10 36 8 63 15 59 14 65 43 28 7 10 5 8 9 19 0 9 206 6 222 13 4 519 375 6 99 8 13 54 6 1 5 168 38 54 1 7 4 1 8 10 16 1 3 25 12 3 13 14 8 14 19 3 1 23 3 3 15 6 24 9 2 32 8 150 600 32 5 4 284 2 1 0 3 37 11 5 10 49 5 28 4 1 7
34 4 12 1 206 134 5 0 2 10 23 91 0 519 217 932 58 177 17 34 255 341 187 77 55 22 208 609 158 64 57 773 4749 8574 870 754 962 543 583 138 345 17 123 3 3 14 808 42 11 4 17 42 43 80 35 24 46 4762 2512 4036 110 135 106 48 379 2 90 3007 960 59 50 159 205 32 4971 32 10 0 20 0 50 1 122 39 152 44 89 2 19 1 33 30 20 15 90 885 20 19 26 58 4 1 4 1 1 5 1 2 1 3 5 10 13 1 13 17 46 9 91 33 82 32 89 31 27 6 7 12 9 8 6 1 5 74 6 97 22 0 384 342 17 124 11 10 27 12 1 4 130 55 48 1 4 0 1 2 0 8 2 3 7 3 1 6 1 12 12 12 4 2 15 4 3 15 9 28 8 1 49 10 34 295 12 6 7 130 0 1 6 2 18 16 3 6 13 3 15 4 2 12
0 0 0 0 0 1 0 0 0 0 0 1 1 2435 692 40 21 31 31 6 13 34 69 2049 11 134 3184 533 6 1 2 5 33 870 2384 2221 898 127 11 896 107 52 532 0 0 12 958 3 21 0 1 2 0 3 4 1 4 99 1254 291 13 13 35 81 39 0 12 898 28 7 3 3 2 6 176 0 0 0 0 0 4 0 5 3 7 2 11 1 0 2 2 14 1 3 67 10 0 0 1 6 0 0 0 0 0 0 0 0 0 0 0 0 20 13 10 9 4 108 10 65 25 296 43 1 0 3 0 2 5 31 0 0 0 0 0 2 13 0 10 17 15 6 2 0 1 1 1 2 27 18 2 0 1 0 0 0 0 0 0 1 0 1 0 0 0 3 0 3 1 2 0 0 0 0 2 6 0 0 3 0 0 3 1 0 0 1 0 0 2 0 0 0 4 1 0 0 0 0 0 0
0 0 0 0 0 1 1 0 0 0 1 1 0 3407 312 173 310 26 11 6 28 27 48 43 2 2 110 142 1 1 0 3 12 754 2221 1094 599 58 79 84 88 2 45 0 0 1 336 0 3 0 0 2 0 1 0 3 0 36 2478 512 3 8 26 16 43 0 1 1037 50 4 3 0 2 0 14 1 0 0 1 0 2 0 3 2 6 0 1 1 4 0 0 1 3 3 15 2 0 0 0 1 0 0 0 0 1 0 0 0 0 0 0 0 8 4 0 5 3 9 17 2 33 23 27 1 3 2 1 3 4 1 1 0 0 1 0 0 12 1 19 22 2 21 0 1 0 0 0 2 13 0 3 0 0 0 0 1 0 0 0 1 0 0 0 0 0 6 0 1 0 0 0 2 0 4 0 1 0 0 2 0 0 10 1 0 0 6 0 0 1 1 0 1 0 0 0 0 1 0 0 0
2 1 1 1 13 12 0 0 0 1 2 14 29 860 468 2505 1951 1248 1194 510 245 357 411 115 23 29 165 443 10 10 9 24 67 962 898 599 5347 4563 553 133 560 16 84 9 2 46 720 17 10 0 2 9 2 3 9 14 6 215 1222 350 390 54 46 57 190 5 7 1010 531 30 21 11 29 18 255 35 0 0 11 0 25 0 11 11 79 22 18 2 2 2 50 18 6 13 50 39 2 1 15 8 3 0 0 0 0 1 0 3 1 2 2 0 117 30 18 61 56 44 206 35 334 184 292 55 77 15 22 27 47 46 1 1 1 19 3 37 109 10 366 397 16 370 12 11 28 18 2 4 270 77 99 3 3 1 1 3 0 3 0 0 6 6 1 2 1 42 18 22 9 3 8 7 3 26 2 18 4 1 40 5 8 124 16 7 2 134 1 1 2 6 5 12 12 4 4 0 16 9 2 16
27 1 12 6 84 59 6 2 1 3 23 64 585 112 75 993 1789 2513 5725 691 562 892 588 124 143 65 63 128 52 28 32 84 1394 543 127 58 4563 6931 238 131 817 31 120 422 54 576 205 23 28 11 12 26 13 26 20 20 19 258 198 69 929 33 25 44 65 48 49 346 208 17 26 86 1701 489 480 52 20 20 57 5 22 10 90 34 216 98 68 15 52 13 784 66 10 16 74 176 15 7 49 15 9 0 9 5 7 6 2 22 5 5 4 8 431 130 81 205 177 248 657 224 1359 960 1061 193 288 52 110 86 164 149 17 1 9 141 33 293 376 27 1733 1633 34 1451 46 27 146 53 21 22 1463 329 500 9 6 5 7 14 13 18 2 5 28 24 1 4 16 168 74 110 20 31 73 30 17 149 14 88 16 4 172 13 44 1098 210 35 15 761 6 1 10 19 47 24 34 17 15 3 103 35 6 100
12 0 1 0 43 10 3 1 1 3 4 14 60 272 737 2442 80 5235 161 45 7 10 10 434 5 5 139 4045 74 33 44 59 120 583 11 79 553 238 13241 12 250 107 397 3 13 288 18 78 14 0 1 41 6 21 18 10 75 338 65 129 4870 136 39 301 3008 12 28 237 7369 55 92 16 26 4 984 575 3 0 2 0 91 0 13 5 9 3 53 16 44 2 152 81 12 7 94 181 4 10 15 27 0 0 0 0 6 1 0 6 0 0 2 3 6 46 281 7 6 62 6 853 26 318 16 0 2 1 0 163 1 118 6 2 10 5 1 16 1 0 58 75 311 1 296 6 3 103 57 69 44 1822 2 7 16 0 3 4 3 1 0 4 0 2 0 6 6 2 324 402 45 42 2 3 10 3 24 340 1 8 599 37 4 14 12 7 22 10 1 0 7 2 0 35 37 13 3 0 2 0 1 1
12 0 10 1 8 10 5 1 0 5 2 23 2 122 30 24 23 22 60 10 413 2265 2557 6705 3036 8047 1696 181 150 12 15 7 48 138 896 84 133 131 12 5288 1204 394 1764 5 6 19 1965 19 244 2 13 20 43 143 38 38 66 18 174 20 58 85 145 110 25 1 391 388 29 64 25 12 68 12 80 28 2 0 14 1 18 2 197 189 379 381 146 17 54 6 37 178 37 66 564 32 1 3 284 47 1 0 0 0 0 0 0 0 0 0 0 0 21 7 4 18 9 74 23 27 59 153 86 4 3 1 3 6 5 7 0 1 0 9 3 8 10 1 46 66 3 39 2 1 5 0 0 1 32 18 4 2 7 0 0 0 0 0 2 1 0 0 0 0 1 4 3 5 0 1 2 1 0 2 1 4 1 1 12 1 1 23 1 0 0 7 0 1 11 1 1 14 5 0 0 0 0 0 0 1
901 295 1112 482 311 651 60 170 5 238 109 717 19 487 566 750 534 710 322 286 1065 1468 7773 4280 349 1056 515 45 279 351 323 115 300 345 107 88 560 817 250 1204 10573 4906 1289 39 51 241 199 292 1743 28 576 358 50 94 986 811 166 153 49 4 986 123 78 35 76 19 199 164 362 172 308 131 244 75 565 688 22 2 62 19 428 27 600 118 596 249 154 201 950 114 802 1710 398 190 494 512 25 53 190 140 5 0 1 0 0 7 6 5 2 6 10 13 9 4 7 6 8 16 20 17 21 25 28 7 8 0 0 4 1 3 6 0 3 63 2 46 8 1 102 89 14 34 8 4 6 0 8 4 35 47 8 9 28 1 0 4 19 6 27 36 4 2 0 2 2 5 19 22 8 7 6 3 2 7 16 36 12 17 78 16 44 144 10 1 17 87 16 2 53 1 9 44 17 1 12 5 6 2 0 2
6 2 8 1 6 9 3 1 0 1 4 8 3 29 45 82 20 163 27 18 25 113 1440 4695 56 130 93 5 31 11 8 7 19 17 52 2 16 31 107 394 4906 5959 4211 12 22 150 123 87 2321 7 21 9 1 14 94 16 27 13 4 2 557 31 11 14 25 3 41 33 188 48 69 4 14 2 69 320 7 1 6 3 55 2 22 9 32 33 15 41 197 52 516 1032 45 86 230 41 1 2 25 12 0 1 0 0 0 0 0 0 0 0 0 0 0 0 5 0 0 1 0 5 3 4 1 1 0 0 0 3 0 0 2 1 1 1 0 1 0 0 4 2 2 0 1 0 1 6 4 0 4 26 0 1 10 0 1 2 4 0 1 3 0 1 0 0 1 0 13 13 8 1 0 0 0 1 9 27 2 3 48 13 1 3 2 1 16 0 1 1 11 0 0 28 8 2 1 0 0 0 0 0
24 6 15 4 98 42 6 2 2 3 21 43 72 85 70 141 14 761 225 11 122 486 382 3246 434 251 703 279 436 57 105 37 50 123 532 45 84 120 397 1764 1289 4211 7738 62 240 1264 1161 141 1998 48 32 55 78 206 70 30 304 104 168 21 3000 237 457 5243 825 37 513 881 1434 201 126 20 58 11 569 1669 23 3 21 0 135 9 205 194 233 393 288 74 603 305 4388 958 90 201 4096 191 8 16 321 126 0 0 0 0 3 0 0 2 0 0 1 0 2 4 43 3 7 11 4 105 6 47 4 1 3 1 0 11 0 7 8 9 4 7 3 7 4 0 39 45 26 6 34 1 0 64 37 12 25 444 8 47 71 2 4 36 1 0 2 7 0 1 0 7 5 0 171 158 52 44 6 12 8 5 150 335 3 48 651 155 5 23 3 4 127 8 7 7 35 2 1 275 76 12 2 1 2 0 1 0
1 0 1 0 1 1 1 1 2 2 3 6 5727 3 1 9 7 525 5079 18 27 40 15 16 7 3 6 9 1 0 0 1 5 3 0 0 9 422 3 5 39 12 62 7205 1833 1316 1 17 23 170 3 25 1 0 3 2 0 0 2 1 103 8 21 5 4 222 3 7 23 3 10 125 1574 2025 5 22 584 807 1895 23 33 71 1 3 8 5 3 48 139 229 1415 16 2 1 52 0 43 3 3 0 0 0 1 0 0 2 0 16 0 0 0 0 102 56 130 53 37 315 151 321 484 1332 398 30 33 4 14 35 32 67 2 1 2 5 1 25 71 4 354 406 55 214 50 3 11 23 24 40 488 400 64 9 23 1 3 12 3 2 4 7 2 1 1 1 4 33 81 52 19 63 7 4 1 12 18 80 2 6 278 28 8 119 250 4 19 160 1 6 14 9 2 74 13 5 7 1 18 0 0 17
1 0 2 0 2 1 1 3 106 45 2 2 2338 1 4 6 1 44 221 2 5 11 8 33 3 4 5 8 12 0 1 1 7 3 0 0 2 54 13 6 51 22 240 1833 11427 2082 1 90 68 4267 16 81 7 5 0 1 10 4 1 1 88 52 150 32 35 2853 8 6 217 34 114 140 215 278 17 58 2748 1222 1204 85 388 356 7 7 2 8 4 744 1060 3683 3437 66 13 24 265 1 847 32 6 3 0 5 1 0 3 0 0 8 1 0 2 4 1 1 126 4 11 8 1 96 16 50 6 2 7 0 1 15 1 1 26 6 9 7 5 17 0 2 63 50 23 9 28 1 8 120 145 11 76 893 9 105 291 2 10 192 24 11 23 62 5 13 1 7 11 4 309 262 106 368 1 13 7 12 302 537 20 98 2183 399 4 14 13 3 342 13 41 73 300 2 3 1171 181 17 5 1 3 4 0 2
3 0 0 0 5 11 1 1 17 5 8 8 3818 6 9 77 25 1184 2811 42 8 12 5 1287 9 4 383 462 26 3 6 9 19 14 12 1 46 576 288 19 241 150 1264 1316 2082 4245 15 40 64 28 1 11 4 16 13 2 15 6 11 2 342 17 102 1031 374 1034 24 25 168 17 32 33 444 542 31 97 151 51 180 2 30 2 6 5 13 23 7 33 192 79 2240 95 11 6 203 17 84 5 21 11 1 2 0 0 15 2 0 12 0 0 5 11 10 61 1309 13 23 103 16 1363 113 780 28 3 5 3 2 283 3 155 33 18 26 18 13 36 3 0 227 249 346 12 531 5 3 333 561 238 294 5714 6 42 53 1 17 36 3 3 1 12 2 5 4 10 19 1 800 1104 114 628 5 22 14 11 156 1259 8 33 2969 245 8 29 138 18 108 41 2 7 20 2 0 221 123 50 9 2 2 0 0 0
13 3 9 0 16 5 2 3 0 5 0 14 2 337 31 13 10 24 26 2 145 460 139 1724 1455 206 966 181 168 5 39 7 71 808 958 336 720 205 18 1965 199 123 1161 1 1 15 5819 16 121 0 9 19 52 148 20 34 136 84 1211 188 38 98 332 148 107 0 518 2021 85 62 19 5 42 20 220 21 1 0 11 0 21 0 228 213 354 748 2249 3 23 6 25 60 30 43 608 25 1 0 651 258 1 0 1 0 0 1 0 0 0 0 0 2 13 5 3 15 13 27 49 6 47 64 61 9 2 3 1 4 5 6 0 0 0 7 0 16 9 2 95 100 1 35 3 2 8 3 0 0 42 12 10 2 5 0 0 1 2 0 2 1 2 0 0 0 0 5 7 3 3 0 0 0 0 3 1 3 2 0 13 0 1 43 5 0 4 13 0 1 2 1 1 7 2 0 3 0 2 1 0 0
16 4 15 1 30 11 2 2 0 2 1 15 5 8 15 79 11 114 8 2 18 73 37 76 26 12 12 9 109 18 25 12 13 42 3 0 17 23 78 19 292 87 141 17 90 40 16 23399 711 96 25 159 13 35 10 2 65 49 3 6 966 11998 529 43 79 19 72 23 8332 1141 5723 7 9 6 175 6989 11 3 7 17 1794 60 30 10 30 33 7 1115 6297 242 1254 1073 192 272 1002 74 7 4 21 8 0 2 0 0 2 1 0 8 0 0 0 0 1 0 5 2 3 5 1 8 1 3 0 4 5 3 2 2 0 1 15 4 2 1 1 4 0 2 8 4 0 6 3 4 5 48 10 7 12 16 3 487 1732 8 32 210 33 9 87 170 0 6 0 5 4 1 52 69 202 11 5 21 2 4 379 95 65 383 804 73 2 6 3 7 431 29 128 65 1315 5 3 2126 503 4 5 3 4 0 0 2
20 4 25 2 13 16 1 5 1 3 1 16 10 8 11 49 17 45 21 4 72 321 306 793 119 141 55 9 185 16 26 4 8 11 21 3 10 28 14 244 1743 2321 1998 23 68 64 121 711 12551 36 93 41 24 77 27 16 97 8 8 1 182 219 48 24 17 21 174 68 145 323 365 4 16 13 41 648 10 3 7 6 319 31 84 50 91 120 33 241 1752 234 838 6890 459 2127 5306 36 8 10 79 11 0 0 0 0 0 1 0 0 0 0 0 0 0 0 0 0 1 0 1 7 1 2 2 0 1 0 2 1 1 0 0 0 0 3 1 0 0 0 5 6 4 4 1 1 0 3 0 0 7 8 0 28 62 1 2 11 7 2 3 30 0 0 0 0 2 0 10 10 13 3 0 1 0 0 36 23 8 24 92 20 0 5 0 0 39 2 9 9 72 0 0 130 32 2 2 0 0 0 0 1
7 1 5 1 1 1 0 2 50 19 0 1 32 0 0 3 0 4 33 2 0 7 3 5 5 4 0 2 4 1 3 2 2 4 0 0 0 11 0 2 28 7 48 170 4267 28 0 96 36 10194 161 1905 5 3 5 4 1 0 1 1 10 81 78 8 9 1267 7 0 120 54 97 41 64 720 4 82 1729 696 310 1595 1075 4991 10 4 5 6 0 2100 1121 3931 308 74 47 17 179 5 602 18 2 5 0 0 0 0 0 0 0 4 0 1 0 1 0 0 0 1 0 1 1 1 2 3 3 1 3 0 0 0 0 1 1 1 1 3 0 2 0 0 2 6 1 1 0 3 0 27 12 3 14 12 1 95 335 2 4 164 137 34 115 171 3 1 0 2 1 1 20 30 39 62 2 4 1 0 109 48 53 133 564 54 0 4 4 5 133 12 96 136 589 1 1 900 106 4 0 0 1 1 0 0
269 50 259 58 59 75 44 58 5 41 7 78 1 5 2 2 3 4 4 1 10 35 14 19 40 6 4 0 71 94 52 12 12 17 1 0 2 12 1 13 576 21 32 3 16 1 9 25 93 161 16732 13683 11 22 248 63 30 5 0 0 18 48 16 4 4 89 39 9 44 300 68 16 16 150 50 24 104 36 16 498 1909 235 247 63 56 68 39 115 99 25 30 4731 7945 166 146 48 39 22 32 33 1 0 4 0 0 2 0 0 0 0 1 4 0 0 0 1 1 0 0 0 1 0 0 0 0 0 0 0 0 0 0 0 0 17 3 9 0 0 28 14 0 0 0 8 1 2 0 0 9 3 3 13 10 3 0 8 524 99 407 360 7 1 0 0 0 1 1 1 1 3 2 2 1 1 1 1 145 59 3 0 6 45 11 0 3 20 51 11 107 0 2 15 27 1 2 2 2 1 0 0
328 47 251 44 77 89 55 68 24 42 21 107 5 2 11 21 5 33 9 1 21 90 16 28 51 7 5 7 319 148 116 11 37 42 2 2 9 26 41 20 358 9 55 25 81 11 19 159 41 1905 13683 25553 44 88 361 53 203 42 5 6 122 228 137 86 118 761 139 36 720 357 187 32 44 739 303 234 702 282 78 11316 3554 2540 342 100 115 158 46 648 219 144 150 1833 3954 114 156 209 240 39 89 59 12 3 9 1 2 1 5 19 3 2 0 6 0 1 0 0 0 2 2 1 0 1 0 1 10 0 0 0 0 0 7 4 2 18 0 14 0 0 21 12 1 3 0 36 8 20 5 4 8 6 1 62 70 8 4 20 3812 830 3799 1642 53 2 2 7 0 1 2 7 4 42 5 14 0 2 10 11 783 254 50 6 14 43 33 5 18 56 334 103 672 5 18 141 170 3 14 3 2 3 3 5
1295 120 536 109 234 216 660 390 106 296 53 249 1 1 1 3 0 3 0 0 32 85 15 18 142 12 4 9 1837 659 430 35 70 43 0 0 2 13 6 43 50 1 78 1 7 4 52 13 24 5 11 44 10105 6621 2565 11 338 35 0 3 10 96 105 23 30 3 502 38 56 73 15 72 46 64 239 15 20 0 45 3 16 6 1494 425 187 314 204 6 22 4 11 54 22 28 170 238 198 6605 207 298 9 1 7 5 0 10 8 4 24 10 23 21 0 0 0 1 7 2 1 1 4 1 2 1 4 0 0 0 0 0 16 0 7 70 0 42 2 0 76 51 0 6 0 4 13 0 0 0 16 4 2 1 0 1 0 0 0 2 0 0 3 3 1 10 3 0 2 2 0 0 4 0 0 2 1 2 0 0 4 0 62 140 3 2 1 89 1 0 1 2 3 0 0 0 24 3 2 0 0 0
1642 150 719 187 480 300 565 274 11 166 43 341 1 0 3 10 0 2 2 0 32 128 36 45 382 39 24 18 8130 1183 904 51 122 80 3 1 3 26 21 143 94 14 206 0 5 16 148 35 77 3 22 88 6621 10320 255 16 1088 61 0 1 24 231 266 42 91 1 3203 90 159 191 66 93 85 139 403 24 19 0 55 0 60 1 2830 4940 222 776 500 25 55 10 27 95 59 108 474 480 47 4000 548 675 12 0 9 7 1 22 2 5 6 20 16 23 2 0 1 2 6 1 5 4 5 1 4 3 2 0 0 0 0 0 12 0 10 131 6 86 0 0 132 86 0 6 1 3 21 0 2 0 29 9 6 0 6 3 0 2 0 2 1 0 12 7 3 19 2 0 6 2 0 0 11 1 0 3 1 9 1 3 10 2 99 270 13 0 2 170 1 2 7 0 18 10 0 2 38 5 6 1 0 2
698 77 416 95 89 139 184 180 2 90 15 176 1 5 20 52 10 54 13 4 40 94 118 169 95 29 24 7 425 247 157 22 56 35 4 0 9 20 18 38 986 94 70 3 0 13 20 10 27 5 248 361 2565 255 17502 984 70 25 1 1 62 26 34 11 17 1 125 31 38 27 16 34 49 50 101 34 12 2 25 23 72 11 1688 171 458 230 75 8 41 8 21 159 71 27 70 116 15 659 108 73 4 1 3 6 2 5 2 3 2 7 3 7 0 0 0 0 1 0 3 1 0 1 1 2 3 0 0 0 0 1 3 0 1 38 2 33 0 0 59 38 1 2 0 4 8 0 0 0 10 4 1 2 5 0 1 2 17 1 10 4 3 1 1 3 2 0 2 1 0 1 3 0 0 3 1 4 2 0 6 0 34 80 8 2 1 45 2 0 5 0 2 3 0 1 17 1 3 0 0 0
243 80 286 91 66 129 33 40 2 64 14 137 0 5 3 9 6 17 2 4 1847 462 90 53 100 12 8 0 54 71 72 9 19 24 1 3 14 20 10 38 811 16 30 2 1 2 34 2 16 4 63 53 11 16 984 1827 28 14 2 2 20 19 16 3 4 1 51 19 12 22 13 16 18 22 71 5 1 0 15 5 22 4 3034 40 1755 114 28 8 8 2 5 77 24 14 49 92 7 14 90 46 0 0 0 1 0 1 0 1 0 2 0 3 0 0 0 1 1 0 3 0 3 0 1 4 3 2 0 1 0 0 1 0 2 17 0 16 1 0 33 25 1 1 1 1 4 1 0 0 10 1 0 1 0 0 0 0 4 1 0 1 0 0 0 2 0 0 1 1 0 0 2 0 0 1 0 0 0 0 2 0 8 39 3 1 1 23 3 0 0 0 0 1 2 0 4 1 0 0 0 0
134 37 61 68 2641 240 21 16 1 16 20 130 0 7 11 16 1 8 1 0 107 145 34 61 293 9 60 87 4642 3561 10996 62 81 46 4 0 6 19 75 66 166 27 304 0 10 15 136 65 97 1 30 203 338 1088 70 28 7082 30 0 0 46 551 608 115 283 1 5267 140 527 432 129 34 22 46 1124 37 5 0 19 1 140 5 434 413 235 683 1084 28 66 14 54 141 99 121 674 2144 20 94 2191 3486 3 0 7 6 0 8 0 2 2 11 8 15 0 0 3 0 0 1 2 9 4 3 2 1 1 1 0 0 0 1 6 1 5 55 1 23 0 0 20 15 1 1 0 3 4 1 2 1 6 14 1 4 8 1 0 3 3 4 5 0 6 2 0 8 1 0 5 11 4 2 4 0 0 2 8 18 4 8 46 6 25 52 3 2 13 49 6 4 19 0 2 27 8 0 20 1 2 1 0 0
27 3 4 1 176 204 2 1 2 10 46 275 5 129 55 210 2 50 5 0 133 129 51 29 8 5 91 313 151 53 47 2801 1586 4762 99 36 215 258 338 18 153 13 104 0 4 6 84 49 8 0 5 42 35 61 25 14 30 5988 460 4063 73 150 97 44 330 0 59 955 930 66 73 260 69 24 7999 38 6 0 53 0 74 1 67 19 66 17 98 4 16 4 44 27 16 12 83 931 14 13 7 55 3 0 2 1 1 2 0 1 3 5 6 6 0 1 12 2 1 2 5 47 7 9 8 1 0 1 0 9 0 2 3 0 3 22 1 8 1 0 45 35 12 5 10 0 6 3 0 5 16 61 4 1 8 1 0 3 1 1 1 1 2 1 0 5 2 1 14 9 4 1 1 0 0 1 13 29 1 0 44 14 11 54 2 0 10 23 2 1 6 0 5 21 8 0 10 0 2 1 0 0
2 0 0 0 1 1 1 0 0 0 0 3 0 888 178 40 9 10 8 2 27 53 47 189 3 4 337 278 3 1 3 19 64 2512 1254 2478 1222 198 65 174 49 4 168 2 1 11 1211 3 8 1 0 5 0 0 1 2 0 460 3714 1906 14 37 93 72 174 0 2 2783 124 23 6 4 10 2 256 5 0 0 1 0 9 0 1 1 15 4 11 2 1 0 6 2 6 4 87 20 0 1 3 11 0 0 0 0 0 0 0 0 0 2 0 1 6 1 3 4 8 17 31 1 28 25 38 2 1 0 3 4 5 1 0 0 0 2 0 5 8 1 42 65 0 23 0 0 6 2 1 1 25 5 4 1 2 0 1 0 0 0 0 2 0 0 0 0 0 6 0 2 1 2 0 0 0 1 0 3 1 0 15 0 0 13 1 1 1 5 0 1 1 0 1 3 1 0 0 0 3 0 0 1
0 0 1 0 1 1 0 0 0 0 0 5 0 164 52 72 2 13 2 1 7 5 3 18 0 0 58 146 2 1 1 86 119 4036 291 512 350 69 129 20 4 2 21 1 1 2 188 6 1 1 0 6 3 1 1 2 0 4063 1906 2860 13 19 36 16 110 0 2 1586 199 5 10 8 12 0 1194 3 1 0 1 0 9 0 4 1 7 0 18 0 1 0 2 1 1 2 21 21 0 0 1 9 0 0 0 0 0 0 0 0 0 0 0 0 1 0 0 0 1 0 3 5 4 0 1 0 0 0 0 2 0 0 0 0 0 1 0 4 0 0 4 13 1 1 0 0 1 0 0 0 1 5 0 0 1 0 0 0 0 0 0 0 0 1 0 0 1 0 1 0 1 1 0 0 0 0 1 0 0 0 3 0 0 3 0 0 0 5 0 0 1 0 0 1 0 0 0 0 2 0 0 0
10 1 6 1 23 20 1 0 1 6 6 25 84 16 76 374 82 3090 306 126 9 30 28 2564 29 14 335 354 52 16 21 41 163 110 13 3 390 929 4870 58 986 557 3000 103 88 342 38 966 182 10 18 122 10 24 62 20 46 73 14 13 8683 738 249 1086 551 90 49 66 3025 189 410 46 182 22 227 4661 8 3 29 1 366 3 36 13 18 38 24 71 505 40 5317 446 47 50 656 97 15 5 33 22 0 5 0 1 8 1 1 15 0 1 1 6 11 41 541 10 14 28 11 504 65 241 14 3 3 0 1 210 1 79 27 11 15 25 3 19 2 1 153 143 184 9 357 7 4 233 289 96 139 2379 5 51 93 0 12 57 6 2 5 17 4 7 3 8 16 2 354 759 106 157 5 23 19 10 158 862 11 37 1359 212 11 30 32 13 152 16 3 6 40 2 2 250 150 30 5 3 1 3 2 1
44 4 12 5 127 36 14 3 1 4 9 26 6 28 38 123 13 194 6 8 53 178 36 74 134 47 44 100 742 84 230 30 39 135 13 8 54 33 136 85 123 31 237 8 52 17 98 11998 219 81 48 228 96 231 26 19 551 150 37 19 738 22800 10179 921 1251 8 462 311 8187 8940 4562 13 8 8 1017 2079 8 3 7 28 1375 313 161 127 147 237 141 530 1001 199 788 312 513 1070 5013 392 5 34 223 175 0 0 0 0 1 0 0 6 0 0 0 0 1 0 2 2 0 1 2 4 1 9 3 2 4 0 0 1 0 0 8 3 5 1 2 3 0 0 10 9 5 7 4 3 5 30 12 6 14 9 6 455 1021 5 11 105 55 19 163 346 1 2 1 3 2 2 27 65 98 9 8 10 4 2 157 77 148 661 359 51 1 11 6 3 167 17 334 103 1721 0 3 1143 507 4 10 1 0 3 1 1
26 2 9 2 76 19 4 1 1 4 1 15 5 44 59 22 9 51 13 5 32 115 17 75 119 36 78 133 843 62 240 12 15 106 35 26 46 25 39 145 78 11 457 21 150 102 332 529 48 78 16 137 105 266 34 16 608 97 93 36 249 10179 18143 5473 4645 21 526 632 6911 2089 453 5 9 6 883 561 14 3 10 4 356 29 177 127 119 260 212 92 539 242 1043 84 127 315 6277 263 10 28 250 234 0 2 0 0 3 0 0 0 0 0 0 0 0 2 2 1 3 3 0 19 3 8 2 0 3 0 2 3 0 0 9 1 0 2 0 2 0 0 13 11 6 7 3 0 1 30 6 2 12 40 2 149 421 7 11 65 11 3 26 44 0 8 1 2 5 1 49 61 76 16 3 8 4 6 215 140 23 108 457 113 0 9 2 4 219 7 34 22 314 2 0 812 152 6 2 0 0 1 0 0
6 0 0 0 12 0 1 0 0 2 0 4 50 57 31 35 1 371 137 3 8 23 5 463 35 5 1441 1236 134 6 32 4 8 48 81 16 57 44 301 110 35 14 5243 5 32 1031 148 43 24 8 4 86 23 42 11 3 115 44 72 16 1086 921 5473 6750 5326 12 107 273 1350 520 100 5 18 2 288 157 4 1 3 2 91 3 25 14 31 38 79 14 63 21 289 33 70 92 2828 49 1 2 58 51 0 0 0 0 3 0 0 2 0 0 0 1 0 6 72 1 4 5 5 150 5 49 2 0 0 0 0 32 0 10 2 2 2 3 1 5 0 1 19 19 36 3 55 1 0 34 21 2 18 695 0 21 28 1 2 4 2 0 4 4 0 0 0 3 3 0 206 155 29 27 0 1 1 1 25 227 6 9 476 39 0 4 6 1 20 0 3 2 30 0 1 46 23 3 1 0 0 0 0 0
8 0 1 3 56 8 3 2 0 1 2 5 21 190 213 202 20 253 52 6 8 18 6 105 23 2 137 828 311 33 162 20 50 379 39 43 190 65 3008 25 76 25 825 4 35 374 107 79 17 9 4 118 30 91 17 4 283 330 174 110 551 1251 4645 5326 6343 8 171 669 8244 571 152 5 7 4 1448 94 2 0 0 0 165 4 49 33 36 65 170 14 68 19 202 43 64 83 1678 224 2 13 91 158 0 0 0 0 3 0 0 0 0 0 0 3 3 4 49 3 4 5 5 119 7 54 3 1 2 0 1 22 0 9 5 7 2 5 1 9 2 0 18 20 34 2 70 2 1 44 31 8 17 605 3 20 30 0 3 5 3 2 3 6 0 2 0 0 6 3 183 128 25 19 0 3 1 3 38 261 0 18 476 45 1 6 5 3 26 4 3 3 32 2 1 78 21 12 2 0 0 0 0 1
2 0 6 1 1 0 0 0 19 10 1 0 861 1 0 6 2 198 251 1 0 3 1 27 1 1 11 21 1 2 1 1 3 2 0 0 5 48 12 1 19 3 37 222 2853 1034 0 19 21 1267 89 761 3 1 1 1 1 0 0 0 90 8 21 12 8 2153 2 0 40 2 19 19 47 650 1 31 682 1372 195 477 217 836 5 1 0 2 0 232 185 490 965 23 11 5 31 4 201 8 4 0 0 0 0 0 1 0 0 1 0 0 0 0 1 0 72 1 0 0 0 33 5 38 5 1 0 1 0 8 1 4 1 0 1 1 1 2 0 0 19 17 7 0 9 0 0 14 43 16 26 156 1 10 28 0 2 15 40 9 33 39 0 1 1 0 0 2 19 36 5 98 0 2 1 0 21 54 11 18 228 26 1 2 40 0 29 5 8 4 32 0 1 108 22 0 0 1 0 0 0 0
227 89 312 165 429 231 26 48 7 85 28 248 1 7 5 14 1 10 4 2 59 293 85 125 1148 101 52 44 5265 269 1269 56 111 90 12 1 7 49 28 391 199 41 513 3 8 24 518 72 174 7 39 139 502 3203 125 51 5267 59 2 2 49 462 526 107 171 2 9410 271 230 443 103 67 82 117 823 84 15 0 77 2 99 13 1601 6762 554 5873 1641 36 104 24 51 244 107 168 1015 640 28 16 2516 2287 4 2 10 5 3 9 2 7 3 12 12 13 0 0 1 0 2 1 4 2 9 4 3 11 7 2 1 0 0 0 10 1 7 121 2 84 1 0 127 71 1 7 2 8 13 2 7 1 30 15 2 8 16 3 1 2 3 7 5 3 11 4 3 15 3 2 10 4 3 2 14 0 2 4 5 12 5 11 30 5 86 228 9 1 2 148 6 1 16 2 20 19 9 2 40 5 7 0 0 2
8 0 9 0 16 14 3 1 0 3 2 13 1 534 120 108 4 23 12 3 154 297 60 713 247 30 875 657 165 5 32 96 272 3007 898 1037 1010 346 237 388 164 33 881 7 6 25 2021 23 68 0 9 36 38 90 31 19 140 955 2783 1586 66 311 632 273 669 0 271 1844 715 145 52 27 59 11 1155 27 5 0 8 0 53 1 121 107 188 353 1124 9 28 2 33 45 34 30 613 49 2 6 333 307 4 0 1 1 0 2 0 2 0 3 1 0 7 4 2 10 31 16 79 14 59 28 94 15 16 3 5 2 6 5 2 0 3 21 5 36 13 2 184 231 3 63 2 2 9 4 1 0 83 25 18 2 8 2 1 1 1 3 0 2 1 2 0 1 3 2 12 13 5 0 5 3 2 5 7 10 2 4 33 3 4 81 9 2 6 31 0 0 8 1 5 16 3 2 2 1 4 1 1 3
50 4 5 4 269 37 10 4 4 5 15 60 17 202 423 1074 76 1267 21 22 22 50 26 360 36 6 55 330 558 140 349 113 199 960 28 50 531 208 7369 29 362 188 1434 23 217 168 85 8332 145 120 44 720 56 159 38 12 527 930 124 199 3025 8187 6911 1350 8244 40 230 715 13415 2083 2187 30 34 12 3704 7357 23 2 13 6 1463 23 105 70 65 90 251 155 1268 283 1386 269 258 193 2354 808 18 49 110 247 1 5 0 0 6 0 0 5 0 0 4 16 2 8 43 8 9 15 3 136 23 58 5 2 4 2 4 37 2 8 42 12 22 17 7 22 2 2 103 80 40 13 57 4 5 142 127 17 61 546 15 245 517 3 42 210 13 3 21 61 2 10 0 13 14 8 339 427 225 88 12 34 10 15 649 921 31 150 1929 461 2 22 11 18 651 16 24 37 320 4 2 1666 324 44 5 2 3 3 3 0
67 5 32 11 107 42 9 7 1 9 12 26 4 19 27 37 20 55 9 2 68 248 54 74 123 53 41 40 607 92 154 10 18 59 7 4 30 17 55 64 172 48 201 3 34 17 62 1141 323 54 300 357 73 191 27 22 432 66 23 5 189 8940 2089 520 571 2 443 145 2083 7560 3732 9 12 8 529 405 12 2 10 49 2177 417 166 132 195 240 76 496 432 105 289 909 2017 2013 2924 255 4 21 172 129 5 1 1 0 0 0 0 0 0 0 0 0 1 0 2 0 2 2 1 0 0 2 0 3 3 0 0 0 0 0 0 0 1 1 0 2 0 0 10 4 2 2 2 1 2 10 4 1 2 10 1 98 125 6 7 20 149 58 261 541 0 1 0 0 0 1 10 15 20 3 1 3 1 1 28 20 247 344 94 18 1 5 1 4 37 11 184 15 660 4 0 192 174 1 3 0 0 1 0 1
38 6 30 7 51 20 8 5 2 8 7 37 11 5 10 61 15 84 8 3 26 107 38 96 41 30 13 15 194 52 55 16 20 50 3 3 21 26 92 25 308 69 126 10 114 32 19 5723 365 97 68 187 15 66 16 13 129 73 6 10 410 4562 453 100 152 19 103 52 2187 3732 5579 5 11 19 302 1615 28 4 19 26 6099 296 43 23 54 59 16 2047 2983 344 824 941 573 516 1044 138 16 13 37 38 1 0 0 0 0 0 0 5 0 0 0 0 1 1 5 2 0 0 1 5 1 3 0 1 3 0 4 0 1 0 0 2 0 2 1 3 0 0 6 6 1 3 1 1 2 21 8 2 14 14 1 135 197 8 6 58 109 28 207 508 2 0 0 0 0 0 13 24 19 5 7 4 0 0 37 23 189 417 146 25 1 5 2 6 41 17 284 35 892 5 0 307 235 1 7 0 5 1 0 1
57 3 16 2 235 411 20 13 152 530 3121 2005 74 1 0 24 3 58 33 6 110 160 46 11 31 6 5 7 236 84 64 568 1265 159 3 0 11 86 16 12 131 4 20 125 140 33 5 7 4 41 16 32 72 93 34 16 34 260 4 8 46 13 5 5 5 19 67 27 30 9 5 7618 3012 1139 280 5 3731 246 5420 10 29 38 125 36 98 45 16 12 19 33 97 15 12 5 20 593 4758 115 27 6 19 2 19 13 3 21 5 10 7 30 46 68 2 2 6 5 17 7 33 10 42 32 39 23 15 4 6 4 6 1 39 0 27 363 4 221 8 0 424 268 4 44 1 17 55 3 3 1 144 20 23 3 2 5 2 11 7 23 4 7 37 15 5 48 17 5 5 0 3 2 48 2 8 7 2 10 14 1 36 5 199 678 65 7 8 377 3 0 2 1 44 12 7 14 99 4 20 3 0 5
27 2 10 4 73 81 6 9 18 59 227 293 613 5 5 44 8 509 476 18 255 481 121 44 106 36 7 9 131 31 23 98 1134 205 2 2 29 1701 26 68 244 14 58 1574 215 444 42 9 16 64 16 44 46 85 49 18 22 69 10 12 182 8 9 18 7 47 82 59 34 12 11 3012 6086 1338 156 22 535 294 1970 21 28 44 153 65 196 74 49 32 45 61 659 35 13 3 47 128 265 35 44 14 14 1 20 7 7 13 3 20 4 13 17 32 122 31 53 73 139 114 337 85 631 363 519 137 127 14 63 36 53 36 14 5 17 315 32 408 120 19 1854 1470 14 628 12 35 125 24 16 18 1051 174 261 6 5 13 1 15 22 28 4 10 57 25 3 14 18 48 36 39 15 25 67 21 10 75 15 49 21 6 117 14 181 1570 292 29 8 828 3 0 4 17 55 26 19 18 53 6 76 16 5 59
