42702 6739 12806 2662 1976 4797 12071 16680 248 1103 89 1385 1 0 0 2 0 0 0 0 29 67 3 4 11 4 9 0 7326 7595 635 57 54 4 2 0 0 1 2 5 791 11 20 0 9 1 6 15 71 17 47 231 1773 2608 369 109 108 10 0 0 8 36 24 5 1 4 563 5 16 83 55 39 3 14 114 22 34 1 12 21 244 23 1504 891 764 80 20 114 160 23 23 161 127 85 73 90 162 3045 24 23 42 30 333 358 49 380 38 17 78 85 68 287 1 0 0 0 0 0 3 0 1 0 0 6 10 2 0 0 0 0 8 4 62 86 0 18 0 0 10 7 0 1 0 4 8 0 0 0 1 0 1 2 1 1 0 2 2 4 6 5 6 9 3 2 14 0 1 0 0 1 23 2 4 0 2 1 0 1 9 1 171 15 6 2 1 49 3 2 6 6 11 4 3 22 117 25 10 6 0 3
6739 20135 4374 11985 1560 1420 123 261 48 177 55 625 1 0 1 0 1 0 0 0 39 46 1 7 12 2 1 1 906 2172 177 88 96 3 1 1 1 2 1 4 689 7 10 0 3 0 0 13 35 9 14 70 288 533 82 99 50 10 0 0 2 11 11 0 1 2 346 2 2 33 15 90 4 38 45 8 24 0 10 6 69 5 514 466 618 111 8 42 56 11 8 56 38 30 22 61 117 158 22 11 56 68 580 565 121 601 62 20 74 81 148 583 0 0 0 0 1 1 1 0 1 0 0 28 33 1 6 1 0 0 30 11 235 294 0 12 0 0 9 1 0 2 0 9 29 1 0 0 1 1 5 1 1 4 1 2 4 7 1 0 18 26 4 7 50 0 0 0 0 0 90 25 9 4 2 1 3 0 3 0 681 41 9 3 0 142 5 0 2 16 69 0 2 104 192 29 26 14 1 12
12806 4374 13623 7624 242 2660 1046 8795 350 5903 347 37381 0 2 0 3 3 1 0 1 46 126 8 10 18 4 4 1 1206 544 87 175 226 6 2 0 1 3 1 4 934 8 22 0 2 1 1 14 59 9 47 162 655 1173 199 130 65 11 0 0 7 24 18 0 3 1 639 2 13 65 44 178 5 36 107 16 60 1 22 18 144 16 1022 802 951 141 23 78 131 20 18 119 97 62 59 104 378 886 51 24 179 177 1649 1605 331 1604 185 59 305 292 399 1415 0 0 0 0 1 0 0 0 0 1 0 52 38 0 6 0 0 0 68 33 516 557 0 34 0 0 14 5 0 1 0 17 52 2 2 0 2 1 7 2 1 5 0 6 2 22 3 1 44 54 8 22 99 0 0 1 0 1 135 42 14 0 1 2 3 0 6 0 1156 88 21 4 0 273 5 0 6 22 96 3 4 170 478 84 70 23 1 24
2662 11985 7624 24613 7292 5141 175 163 58 163 65 2426 0 1 0 1 0 1 1 0 64 147 3 4 15 3 5 2 839 5410 2121 63 89 3 1 0 0 2 0 1 484 6 6 1 0 0 5 9 20 1 6 41 149 279 39 69 69 10 0 0 5 4 13 4 5 0 262 3 7 15 7 52 1 33 59 5 13 1 10 7 26 3 229 264 458 98 12 22 27 8 4 22 25 13 19 43 186 169 40 5 110 75 743 856 165 802 87 34 142 136 214 747 0 0 0 0 0 1 0 0 1 0 0 30 18 2 6 0 0 0 26 16 313 330 0 15 0 1 7 6 0 4 0 14 22 0 0 0 0 1 4 0 0 4 0 0 1 9 1 2 28 32 2 11 51 0 1 1 0 0 89 27 10 1 2 0 9 0 3 2 747 46 9 1 0 151 1 0 1 15 74 2 1 98 277 42 29 11 1 12
1976 1560 242 7292 9330 4411 387 89 22 64 7 377 0 32 8 33 2 2 0 3 257 839 29 34 81 3 96 72 3626 5544 6192 190 133 29 30 0 8 13 36 37 748 11 61 1 6 3 39 150 29 10 15 49 314 759 70 102 831 62 0 2 31 199 227 108 169 2 810 19 414 53 37 105 11 19 890 127 20 0 38 5 49 2 406 486 906 314 73 33 79 12 70 38 29 21 90 1796 41 379 135 131 6 4 93 81 18 91 11 4 13 11 25 111 2 0 1 1 2 5 2 4 0 5 3 12 5 1 2 4 0 1 5 4 45 103 1 15 1 2 12 6 5 6 14 4 4 3 9 0 1 13 7 1 1 1 0 7 0 1 0 1 5 6 3 0 19 1 9 14 3 1 23 8 4 2 7 17 1 0 46 8 156 21 6 0 15 36 3 1 3 1 14 4 2 28 33 5 9 2 0 5
4797 1420 2660 5141 4411 14482 641 387 159 536 236 12765 1 47 13 33 9 9 8 3 627 2091 99 66 177 19 101 89 2303 5436 2784 3919 1862 50 27 2 14 45 37 41 1925 17 81 1 18 9 39 230 28 16 25 85 422 771 118 267 347 98 1 0 60 227 279 113 222 5 1291 27 608 107 56 590 44 73 723 216 89 0 114 10 104 8 739 855 2324 723 109 64 181 17 172 60 55 40 124 2006 538 512 266 94 115 122 973 997 216 971 110 47 171 181 305 931 2 3 6 0 3 6 7 4 9 5 4 72 75 1 16 4 0 3 54 33 429 559 0 58 1 0 28 31 12 12 13 24 53 7 13 1 4 33 13 1 4 12 2 8 4 19 2 4 47 50 6 12 108 1 16 14 4 5 149 40 23 7 10 27 14 6 78 27 1155 71 19 2 25 270 4 1 2 23 107 14 12 151 358 60 66 18 3 25
12071 123 1046 175 387 641 9910 6740 732 2543 537 1091 3 2 2 0 0 0 0 1 11 39 0 4 4 1 4 1 5581 995 338 18 72 1 0 0 0 2 1 2 72 0 4 0 5 0 2 6 6 5 10 58 1196 1184 190 10 80 2 0 0 2 11 10 8 2 2 65 0 18 15 12 198 0 19 53 8 586 1 27 3 31 6 357 102 67 11 8 16 20 12 9 33 18 12 18 62 1207 7932 7 11 3 4 41 44 10 45 7 2 13 8 8 44 0 0 0 0 0 0 1 0 0 0 1 1 1 0 0 0 0 0 1 0 8 15 0 4 0 0 2 4 0 1 0 0 0 0 1 0 1 0 1 3 0 0 0 2 1 0 1 2 0 1 0 0 2 0 0 0 0 0 4 0 3 1 0 0 1 0 4 0 36 4 1 0 2 11 1 0 1 1 2 1 0 4 11 1 3 0 0 0
16680 261 8795 163 89 387 6740 25475 1026 18509 1564 5465 0 1 0 0 0 0 0 0 3 17 1 0 6 0 1 0 753 324 49 14 33 2 0 0 0 0 1 0 161 4 1 0 3 2 1 4 19 7 15 77 1043 977 186 29 21 1 0 0 1 7 1 2 3 2 102 0 6 26 15 67 0 15 22 7 90 0 10 5 64 4 592 229 168 15 4 37 41 10 1 49 35 20 24 13 316 2869 9 9 28 10 205 190 32 192 28 12 50 66 38 122 0 0 0 0 0 0 0 0 0 0 0 3 1 0 0 0 0 0 4 4 22 15 0 4 0 0 2 0 0 1 0 0 0 0 0 0 3 0 1 0 1 0 0 1 1 0 3 2 2 2 1 2 2 0 0 0 0 1 5 1 2 0 1 0 0 0 0 1 64 5 3 0 0 17 1 1 4 1 7 1 0 3 67 5 1 0 0 0
248 48 350 58 22 159 732 1026 1198 1705 361 691 30 0 0 1 1 0 5 0 46 116 4 7 5 0 0 0 71 64 13 56 127 3 0 0 0 2 0 2 52 0 4 7 112 22 0 3 8 108 5 15 227 54 32 14 8 5 0 0 2 7 8 2 1 17 20 0 9 3 5 464 6 138 21 7 1700 9 173 14 10 30 39 24 58 14 1 51 38 100 50 3 3 2 3 21 2277 3128 7 0 5 4 13 17 5 29 5 2 8 4 3 24 1 1 0 1 0 1 0 0 0 6 1 2 1 3 0 1 0 0 1 0 6 30 0 13 0 0 7 3 0 0 0 1 0 1 0 0 1 2 0 1 5 2 0 0 0 1 1 3 2 2 0 0 1 0 1 4 0 2 3 3 1 2 0 2 2 0 6 1 25 19 6 0 1 10 2 2 2 0 0 5 0 3 12 1 2 0 0 1
1103 177 5903 163 64 536 2543 18509 1705 32387 15038 22582 0 0 1 0 0 0 1 0 7 26 0 5 1 0 2 0 287 316 17 43 111 1 0 0 1 0 1 1 115 0 3 0 9 1 1 1 10 4 9 35 447 393 74 18 8 1 0 0 2 2 0 1 0 1 75 2 3 14 9 240 2 18 14 2 124 0 10 7 28 4 259 90 81 16 2 13 18 3 6 24 16 9 7 21 1468 2041 3 3 74 69 852 832 151 846 107 28 169 201 198 604 0 0 1 0 2 0 0 0 1 0 0 12 10 0 1 0 0 0 17 12 139 107 0 6 0 0 2 5 0 0 0 5 8 0 1 0 0 0 1 1 0 1 0 2 0 1 0 1 9 19 3 3 11 0 0 0 0 1 16 9 3 0 0 0 4 0 6 0 283 6 13 0 0 63 3 0 3 3 24 3 0 32 314 39 11 6 1 1
89 55 347 65 7 236 537 1564 361 15038 7993 5942 0 0 0 0 0 0 0 0 19 40 4 0 4 0 1 1 42 28 5 24 79 1 0 0 1 4 0 0 84 1 2 1 1 0 2 1 1 0 1 16 109 87 22 14 2 1 0 0 0 0 2 0 3 0 38 0 4 9 2 598 0 15 9 2 35 1 3 1 10 0 76 52 58 19 4 3 6 1 2 4 8 6 2 16 1377 503 7 1 61 75 566 606 115 578 69 34 124 127 142 516 0 0 0 0 0 0 0 0 0 1 1 9 11 1 2 0 0 0 19 6 169 166 0 2 0 0 2 1 0 2 0 4 20 0 1 0 0 0 0 0 0 2 0 2 1 1 0 3 13 13 3 7 26 0 0 0 0 1 35 9 4 0 0 1 6 0 2 0 382 9 6 0 0 89 3 1 2 4 20 2 1 58 253 31 17 7 0 4
1385 625 37381 2426 377 12765 1091 5465 691 22582 5942 20985 2 4 6 4 1 0 0 0 251 709 27 18 42 5 11 2 422 458 192 1436 2958 25 4 0 4 37 5 7 807 7 8 3 10 4 9 42 17 2 10 56 360 397 102 100 68 57 0 0 15 44 47 13 19 0 470 11 83 22 24 1180 56 123 280 63 162 3 82 4 54 3 430 363 862 257 35 33 81 9 38 41 27 20 29 528 2957 1218 98 19 255 268 2728 2447 445 2454 290 101 425 470 654 2172 0 0 0 0 3 2 3 0 3 1 2 108 83 2 21 1 0 3 124 50 865 924 0 50 1 1 20 14 1 9 3 21 94 4 8 1 2 9 11 3 4 20 0 10 13 33 7 8 66 83 16 28 153 1 2 7 0 2 241 73 33 2 4 11 24 3 26 4 2299 113 32 6 6 587 12 3 14 33 191 5 12 316 900 145 124 33 4 43
1 1 0 0 0 1 3 0 30 0 0 2 5394 2 4 96 166 739 4407 103 0 0 5 16 0 0 81 62 0 0 1 1 15 4 1 0 81 754 11 2 34 5 55 3868 2917 1607 0 1 7 186 0 14 1 1 1 0 1 0 0 0 42 3 5 29 21 1520 2 1 17 4 0 27 464 1056 3 14 171 637 267 17 12 33 1 0 0 1 0 38 58 76 603 5 1 0 17 1 106 21 0 4 0 0 3 2 1 0 0 1 0 0 1 2 32 108 835 32 15 214 81 765 57 708 80 5 0 3 7 86 7 223 5 2 0 11 0 37 16 8 57 89 482 23 316 0 9 25 180 227 79 1989 9 1 5 1 2 1 0 0 0 0 0 3 0 1 4 3 240 68 25 186 1 6 7 10 12 79 1 0 226 20 0 13 43 3 23 5 1 3 4 1 1 12 6 8 1 2 1 0 1 0
0 0 2 1 32 47 2 1 0 0 0 4 2 14296 8539 2047 1444 63 28 87 51 78 164 928 10 95 2518 1487 45 4 5 7 10 767 1743 5749 4240 238 230 494 439 39 267 1 7 6 735 41 13 1 1 0 4 9 3 1 26 392 744 144 94 24 55 153 452 3 20 510 424 8 6 5 10 58 771 23 3 0 4 0 3 0 7 10 24 16 25 5 11 0 26 14 0 7 78 78 2 2 11 29 0 1 3 1 2 2 0 0 1 0 0 2 419 139 47 202 55 368 574 69 367 1158 452 42 44 54 149 54 67 97 28 4 2 27 2 105 177 84 172 637 26 526 27 3 26 39 8 6 176 113 189 4 6 0 4 0 0 3 0 0 1 7 0 5 7 67 22 34 10 2 35 43 10 75 7 23 3 2 21 6 5 40 42 7 2 5 0 1 0 17 8 2 15 7 0 1 19 12 1 30
0 1 0 0 8 13 2 0 0 1 0 6 4 8539 15430 9543 1192 155 59 1871 139 121 420 286 11 36 1516 5200 7 1 0 5 5 72 323 79 894 203 600 45 1115 74 137 3 10 34 8 79 27 5 1 0 0 1 1 7 5 39 3 0 235 49 80 136 880 4 1 10 818 18 10 8 7 40 162 74 1 0 3 0 8 3 5 4 22 8 5 3 33 4 62 37 4 17 83 12 3 0 3 3 1 0 0 0 0 1 0 1 0 0 0 2 356 139 92 131 24 300 305 129 237 918 286 28 36 31 142 41 56 113 13 8 4 15 3 72 141 62 85 285 86 372 46 2 14 33 26 6 142 219 103 6 10 3 2 1 0 4 0 0 2 7 0 0 4 52 40 26 9 2 33 27 7 34 10 34 3 1 48 3 3 25 30 5 15 6 1 0 3 16 3 8 10 7 1 3 8 12 1 19
2 0 3 1 33 33 0 0 1 0 0 4 96 2047 9543 14556 324 4175 2547 1028 29 28 644 397 3 40 540 4640 16 2 3 21 35 215 55 4 910 426 2115 65 1061 171 124 7 12 169 11 29 24 3 0 1 3 5 5 2 4 176 1 5 998 32 35 89 353 15 7 16 948 13 5 10 12 51 692 116 2 3 5 1 3 2 7 6 12 4 3 6 40 9 112 47 4 10 55 50 0 1 4 8 0 0 0 1 1 2 0 0 0 0 0 5 611 615 817 261 5 785 86 995 116 2615 117 11 17 90 114 168 126 678 13 5 1 21 3 45 251 25 97 94 691 326 284 2 18 58 64 161 233 1341 24 1 9 0 1 1 0 2 0 1 1 3 1 0 5 13 125 76 9 43 16 10 5 9 14 50 0 2 111 6 5 11 36 3 12 6 2 0 6 13 1 7 17 9 2 0 2 6 2 10
0 1 3 0 2 9 0 0 1 0 0 1 166 1444 1192 324 3485 338 1638 2160 170 235 548 77 23 65 14 32 2 0 1 3 5 27 1 179 3270 1082 28 57 819 21 36 24 25 232 18 3 11 14 0 2 1 3 0 6 2 2 2 0 248 8 2 12 21 7 7 8 29 4 1 3 10 128 13 11 3 16 10 1 1 1 2 6 28 11 5 5 21 13 93 17 2 4 33 3 1 0 12 2 5 6 0 2 4 3 1 1 0 0 0 3 247 42 16 114 46 46 363 11 397 320 218 86 111 50 231 48 74 79 38 9 4 53 8 117 124 87 202 489 9 723 13 4 37 46 5 5 281 41 319 7 2 4 1 1 1 4 3 0 2 12 1 6 11 88 6 32 12 5 50 47 17 138 10 14 7 4 22 6 5 75 37 5 1 26 0 0 2 29 10 6 15 16 0 1 50 23 2 52
0 0 1 1 2 9 0 0 0 0 0 0 739 63 155 4175 338 11836 2171 389 7 22 214 1028 5 29 1141 333 4 1 0 5 9 14 37 0 210 668 1688 50 525 190 445 103 36 4950 10 24 23 9 2 4 1 2 4 1 4 7 0 0 3780 32 79 288 228 73 4 6 580 13 3 7 27 124 55 248 7 7 4 0 11 1 7 4 4 2 3 16 103 11 186 64 1 21 141 10 3 1 3 6 0 0 0 1 0 0 1 4 1 0 0 1 124 673 2104 113 8 844 115 1456 145 2109 106 5 3 17 12 266 38 1156 3 1 1 15 5 80 155 16 133 131 1481 67 781 4 18 62 313 539 248 2615 16 3 8 0 1 6 0 1 0 0 2 1 2 0 14 5 204 168 11 76 4 7 15 10 12 75 2 3 180 13 0 15 32 2 26 7 0 2 4 5 1 5 11 5 0 1 2 1 1 1
0 0 0 1 0 8 0 0 5 1 0 0 4407 28 59 2547 1638 2171 33843 9686 15 25 68 178 7 45 209 58 3 1 0 2 9 7 25 1 201 3167 22 64 178 11 68 5554 1196 4001 9 11 9 159 2 5 2 0 1 2 3 2 0 0 266 15 26 47 18 324 1 3 36 5 6 15 220 5277 23 91 37 968 55 18 6 20 1 2 6 0 0 40 173 171 1921 11 1 5 53 5 23 4 4 3 2 4 1 3 1 8 0 2 0 1 0 3 1320 954 2132 632 54 2849 928 2499 917 10749 1089 40 61 180 358 256 280 1033 35 13 5 39 6 193 510 174 487 839 777 1015 242 5 50 106 72 307 1045 2383 193 12 17 2 5 11 0 5 0 1 4 19 0 6 13 90 99 135 24 78 37 62 12 72 43 83 0 5 200 14 2 75 357 7 46 19 0 3 7 24 14 25 47 14 2 3 24 23 2 31
0 0 1 0 3 3 1 0 0 0 0 0 103 87 1871 1028 2160 389 9686 1323 78 94 173 72 7 43 13 10 1 1 0 3 9 10 12 8 161 499 36 70 483 26 40 87 40 127 9 1 13 9 1 1 0 0 0 3 0 5 0 0 371 9 3 17 14 11 0 2 24 4 4 7 17 96 14 22 1 17 8 0 2 2 0 1 27 5 1 7 23 15 165 25 2 12 32 4 2 0 6 1 1 7 1 1 0 1 0 1 0 0 0 2 778 185 66 253 26 118 252 34 309 895 199 45 72 158 310 85 184 124 31 16 3 24 3 62 237 105 109 247 20 839 9 2 34 91 10 13 303 70 173 8 2 1 4 2 0 2 1 0 2 17 1 9 14 92 14 44 7 0 42 56 20 42 12 12 3 0 14 3 4 33 44 11 10 12 1 1 4 23 15 7 25 13 0 0 26 24 6 35
29 39 46 64 257 627 11 3 46 7 19 251 0 51 139 29 170 7 15 78 9297 5637 3927 537 126 210 23 1 46 23 43 131 131 300 10 4 177 521 7 121 1517 17 58 2 5 4 45 9 16 4 4 3 17 9 4 618 20 95 3 0 8 19 27 8 5 1 23 110 18 17 7 144 110 165 977 10 73 1 181 0 4 0 13 16 2409 348 57 4 31 5 10 23 2 10 81 372 113 56 37 25 2 0 3 4 1 6 0 1 0 1 2 13 4 2 0 2 11 0 38 1 21 11 15 24 16 4 14 2 0 3 3 0 7 97 3 81 5 3 59 88 0 38 2 5 26 5 2 0 13 5 39 1 2 2 0 2 0 2 1 1 9 7 0 1 15 0 2 6 2 0 26 10 10 29 2 4 0 0 11 1 81 98 19 4 0 59 1 0 0 6 18 1 2 13 5 1 22 5 2 8
67 46 126 147 839 2091 39 17 116 26 40 709 0 78 121 28 235 22 25 94 5637 28562 6913 1511 6976 1546 122 14 192 80 135 430 444 860 12 22 433 1396 8 880 1592 162 842 24 22 14 560 72 118 17 7 19 69 67 29 186 119 363 11 1 75 414 476 78 39 15 318 377 134 159 40 482 340 576 3293 172 252 7 603 1 39 8 306 417 5110 4127 974 43 336 57 158 157 27 148 1496 1402 335 158 2639 204 3 3 10 9 3 21 3 4 5 8 8 23 29 1 2 20 42 15 161 5 117 49 78 106 82 16 77 15 6 14 22 6 24 270 6 240 30 17 220 373 4 177 14 9 49 8 12 0 74 21 162 9 15 1 2 6 1 7 1 1 18 23 0 3 59 20 9 26 10 6 81 38 40 110 25 29 2 3 50 11 297 243 99 22 24 181 4 1 9 33 48 29 9 31 18 9 52 36 0 38
3 1 8 3 29 99 0 1 4 0 4 27 5 164 420 644 548 214 68 173 3927 6913 10980 9749 507 6273 380 49 12 3 4 43 157 423 33 10 624 1436 94 778 7324 1806 1190 6 10 24 208 24 351 12 11 0 4 13 17 39 29 78 12 1 172 129 110 18 3 3 63 147 52 62 22 111 191 75 388 59 33 2 148 1 13 3 26 42 393 195 116 20 190 35 98 205 13 97 889 100 23 7 113 33 1 0 0 3 0 4 0 0 0 1 1 0 11 4 8 8 6 12 40 14 18 34 24 13 20 4 5 3 2 4 4 0 2 36 0 35 9 5 33 55 13 39 7 1 3 4 3 4 8 30 21 2 7 0 1 4 1 2 0 0 7 3 0 0 12 5 13 11 2 5 6 4 12 16 9 11 1 0 22 7 36 44 9 2 9 20 1 5 5 5 11 12 6 2 1 1 9 1 0 3
4 7 10 4 34 66 4 0 7 5 0 18 16 928 286 397 77 1028 178 72 537 1511 9749 11912 792 5147 2802 171 128 10 11 17 27 123 1001 60 131 162 199 4208 2936 4806 1800 15 42 428 2849 16 266 5 3 9 14 58 28 17 178 110 74 22 1197 94 116 51 37 47 287 791 70 37 13 23 26 42 388 50 10 2 30 0 5 0 57 85 143 186 345 19 108 15 519 155 3 56 656 91 12 10 281 179 0 1 3 2 0 2 0 0 0 0 2 2 72 45 104 52 13 206 226 179 103 441 201 12 7 9 23 30 9 81 3 1 2 15 3 54 37 31 71 213 136 92 106 0 10 17 56 12 38 389 48 2 10 0 0 3 0 1 0 0 0 2 0 1 7 15 92 39 14 20 7 9 6 15 15 65 2 2 126 9 16 12 26 0 32 7 1 2 3 1 4 12 5 2 3 1 9 6 1 6
11 12 18 15 81 177 4 6 5 1 4 42 0 10 11 3 23 5 7 7 126 6976 507 792 11006 2032 157 6 101 18 28 29 27 39 4 5 33 104 4 2427 303 50 608 5 11 7 2286 42 17 4 1 6 23 58 7 52 279 46 2 0 62 184 368 88 10 6 451 299 91 58 15 27 39 136 539 52 14 0 30 1 13 0 151 348 950 1295 3435 11 83 13 91 20 6 35 695 129 16 15 5638 648 0 0 1 3 1 4 0 0 0 0 0 3 13 3 1 9 22 13 127 2 65 39 60 27 16 7 19 6 1 9 2 1 3 44 0 74 13 11 94 198 2 61 1 0 20 2 4 1 37 9 43 3 3 0 0 1 0 0 0 0 2 2 0 1 13 14 5 10 3 4 9 14 9 35 9 17 0 1 29 1 17 21 27 2 8 12 2 2 0 10 7 10 3 4 0 1 10 5 0 6
4 2 4 3 3 19 1 0 0 0 0 5 0 95 36 40 65 29 45 43 210 1546 6273 5147 2032 3762 344 2 21 6 5 5 1 5 160 3 19 72 14 6274 1550 214 679 2 9 6 480 9 39 4 2 3 3 12 1 7 36 7 4 1 38 56 65 6 1 2 119 31 15 28 6 4 10 68 38 12 2 0 7 0 1 1 15 33 72 116 97 4 41 8 27 29 3 36 413 12 4 0 156 29 0 1 1 0 0 1 0 0 0 0 0 0 140 38 9 100 27 156 413 19 201 489 375 16 10 10 63 16 24 29 9 1 0 8 0 41 52 56 78 369 7 184 0 1 9 8 3 1 67 45 54 3 4 0 1 2 0 0 0 0 1 3 0 1 2 32 5 18 4 1 7 18 2 22 11 11 1 1 10 2 5 13 17 1 2 3 0 1 0 7 3 3 3 3 0 0 4 3 0 2
9 1 4 5 96 101 4 1 0 2 1 11 81 2518 1516 540 14 1141 209 13 23 122 380 2802 157 344 14475 3076 193 21 34 9 12 258 4207 49 174 52 194 1300 516 99 860 3 8 360 588 20 15 1 1 2 15 56 11 6 214 262 50 31 701 29 97 496 135 11 216 386 167 4 7 8 5 19 987 14 2 1 4 0 7 0 39 50 63 103 127 4 15 2 86 32 2 9 82 198 4 12 159 245 0 0 0 0 1 0 0 0 0 0 0 0 63 138 361 41 4 386 82 711 52 748 79 4 5 6 8 43 12 243 4 0 1 10 0 33 30 13 39 83 390 52 217 0 8 22 56 67 38 968 17 1 2 0 0 1 0 1 0 0 0 2 0 0 5 4 118 30 6 31 4 5 4 8 6 37 0 1 64 3 3 8 13 1 8 8 0 0 3 3 1 1 3 2 0 0 0 0 0 1
0 1 1 2 72 89 1 0 0 0 1 2 62 1487 5200 4640 32 333 58 10 1 14 49 171 6 2 3076 10377 60 12 14 20 20 443 124 12 545 124 2560 30 124 33 68 3 17 311 20 52 2 2 0 0 2 13 2 1 57 335 8 18 639 34 68 388 1417 21 31 93 618 13 3 7 7 9 1384 29 1 0 9 1 1 0 12 7 16 10 4 3 11 1 108 5 6 2 19 167 3 1 6 32 0 0 1 1 1 2 0 0 0 0 0 2 26 181 526 32 7 246 46 853 32 360 56 3 0 11 5 146 3 314 8 2 1 12 2 38 18 1 31 54 872 15 588 1 14 26 202 136 29 1991 7 2 3 0 0 0 0 2 0 0 0 1 0 1 8 0 278 77 16 70 2 10 8 8 9 107 1 1 159 12 2 8 4 3 23 2 1 1 1 1 0 2 6 4 0 0 1 1 0 1
7326 906 1206 839 3626 2303 5581 753 71 287 42 422 0 45 7 16 2 4 3 1 46 192 12 128 101 21 193 60 34193 14992 6494 47 47 11 42 2 3 15 10 106 250 16 205 1 11 8 88 197 28 10 16 73 2798 15945 277 36 5239 181 3 1 67 322 652 169 96 3 6058 26 417 100 42 35 4 65 2159 128 51 1 28 5 79 3 709 918 286 148 555 40 149 15 77 85 43 44 304 1382 73 7884 155 724 5 4 66 48 6 53 6 6 10 11 12 34 4 2 2 1 10 5 10 2 8 8 3 20 3 2 8 2 0 3 6 1 15 89 0 65 0 0 39 41 3 4 6 0 10 2 6 1 3 12 13 1 3 1 1 5 0 3 2 0 9 6 0 0 17 2 5 8 1 1 19 7 10 3 7 22 0 0 37 6 84 40 15 1 13 36 5 0 4 5 8 13 2 9 20 2 8 5 0 2
7595 2172 544 5410 5544 5436 995 324 64 316 28 458 0 4 1 2 0 1 1 1 23 80 3 10 18 6 21 12 14992 32885 5621 35 31 2 6 0 0 5 6 11 609 3 16 0 4 0 11 30 44 9 26 113 648 1610 131 80 3370 20 1 0 10 51 65 20 17 0 711 7 83 33 21 21 4 21 302 17 15 1 7 6 97 6 632 534 535 92 39 56 79 8 13 61 51 40 56 358 52 828 37 44 19 14 173 182 30 212 25 7 33 26 50 209 0 0 0 0 2 0 0 1 0 2 1 15 13 0 1 0 0 0 8 6 96 106 0 14 0 0 13 6 0 0 0 5 13 0 1 0 0 3 2 0 1 2 0 3 0 7 1 5 7 12 1 3 23 1 3 1 0 0 27 3 10 0 0 3 5 1 8 1 263 23 4 2 1 46 0 2 6 1 25 2 1 50 60 6 11 8 0 0
635 177 87 2121 6192 2784 338 49 13 17 5 192 1 5 0 3 1 0 0 0 43 135 4 11 28 5 34 14 6494 5621 6910 19 8 3 10 0 2 8 3 13 489 2 21 1 3 1 12 28 24 5 14 47 350 881 75 56 5416 26 0 0 13 37 86 31 21 1 907 8 75 29 17 10 1 14 654 19 7 0 3 7 45 2 396 381 512 186 81 20 37 6 12 29 19 25 69 2829 25 388 130 2023 8 8 49 47 6 62 3 3 14 6 10 63 1 0 0 0 3 3 1 1 4 2 1 5 2 0 3 1 0 1 5 0 31 57 0 5 2 0 9 3 0 0 0 1 3 0 0 0 0 3 1 0 1 0 0 2 0 1 1 1 3 2 1 1 10 0 3 2 0 1 8 3 2 2 0 3 1 0 4 1 97 9 3 0 2 15 0 1 1 1 14 0 1 11 15 3 3 1 0 1
57 88 175 63 190 3919 18 14 56 43 24 1436 1 7 5 21 3 5 2 3 131 430 43 17 29 5 9 20 47 35 19 5530 5462 1776 1 2 14 399 23 10 245 8 17 1 8 10 3 59 9 5 5 20 48 69 16 32 13 1766 0 0 41 43 45 16 70 3 107 5 204 20 10 787 184 63 3224 190 87 3 158 3 23 3 122 113 241 76 17 11 94 11 176 17 9 3 39 2686 183 64 23 6 22 19 116 116 28 131 23 10 23 21 45 170 1 1 9 0 0 2 4 9 3 2 3 64 43 3 12 4 1 2 14 8 120 329 2 73 1 0 25 19 10 7 10 19 56 1 12 1 5 39 16 2 6 12 0 1 2 17 2 13 42 40 3 3 75 1 14 13 0 5 94 23 18 5 7 12 9 6 35 6 545 113 18 4 12 193 2 0 14 17 80 6 6 78 71 15 50 24 3 21
54 96 226 89 133 1862 72 33 127 111 79 2958 15 10 5 35 5 9 9 9 131 444 157 27 27 1 12 20 47 31 8 5462 11700 5182 2 1 63 2719 25 7 286 25 56 38 66 26 12 35 6 45 2 24 71 87 19 21 10 1274 2 0 95 32 23 36 57 15 94 8 215 12 10 4613 1466 647 3618 278 240 66 606 7 16 13 135 119 201 59 14 28 147 34 472 9 4 3 54 1505 720 221 22 9 30 31 172 137 42 246 29 22 36 34 99 336 7 11 8 5 29 9 51 9 42 10 13 258 186 17 73 7 4 12 58 17 245 1169 9 725 7 5 429 363 17 87 15 39 199 19 15 4 60 53 166 2 2 24 3 8 11 35 5 35 102 94 2 9 248 13 22 27 7 5 317 70 131 118 12 32 52 12 61 10 1282 707 121 33 18 484 8 3 30 57 267 17 23 170 115 37 183 68 6 77
4 3 6 3 29 50 1 2 3 1 1 25 4 767 72 215 27 14 7 10 300 860 423 123 39 5 258 443 11 2 3 1776 5182 7839 539 652 363 1432 90 142 347 6 106 3 5 9 830 33 5 7 3 8 63 49 17 13 11 3712 525 1752 74 20 74 161 274 3 60 2180 341 11 7 469 412 312 4200 58 88 8 162 5 15 3 104 73 165 71 40 8 24 3 81 9 1 5 54 164 9 7 36 9 7 9 8 14 10 15 8 3 3 0 2 22 12 8 9 10 78 22 85 12 81 40 23 235 212 26 90 20 4 28 30 9 27 907 21 1147 10 16 689 716 23 169 14 24 140 19 15 0 114 45 357 6 7 8 5 5 7 23 5 25 67 73 1 8 246 17 14 33 17 5 191 106 218 323 18 30 32 4 33 5 185 694 105 71 12 144 4 1 31 67 164 13 27 72 6 10 187 64 5 102
2 1 2 1 30 27 0 0 0 0 0 4 1 1743 323 55 1 37 25 12 10 12 33 1001 4 160 4207 124 42 6 10 1 2 539 2549 1705 794 50 10 1516 113 11 190 0 1 9 2637 5 1 0 0 0 2 10 1 0 35 274 1263 256 20 6 40 97 56 3 20 757 74 4 1 2 5 10 510 10 0 0 0 0 0 0 10 7 16 6 20 2 0 0 11 1 0 1 27 48 1 1 7 35 0 0 0 0 0 0 0 0 0 0 1 0 84 35 21 43 2 117 74 53 37 355 78 8 5 9 17 16 10 22 5 0 1 1 0 19 31 15 18 74 19 86 5 0 8 7 0 5 30 39 15 1 1 0 1 1 0 0 0 0 0 2 0 0 0 3 2 10 2 0 4 2 1 8 1 5 0 0 6 0 1 2 7 1 1 0 0 0 0 2 1 2 1 0 0 0 3 4 0 2
0 1 0 0 0 2 0 0 0 0 0 0 0 5749 79 4 179 0 1 8 4 22 10 60 5 3 49 12 2 0 0 2 1 652 1705 620 2116 64 2 63 14 5 51 2 0 3 1559 1 0 0 0 0 1 0 0 0 3 153 3494 601 5 3 10 33 12 0 6 1634 8 2 0 4 4 16 86 3 0 0 0 1 0 0 0 1 3 5 3 0 2 0 2 0 1 0 15 1 0 0 4 0 0 1 0 0 0 0 0 0 0 0 0 2 8 4 0 11 14 4 49 2 50 16 21 20 27 3 27 3 1 4 9 4 2 9 4 35 11 9 50 110 1 77 2 1 8 5 2 1 37 3 70 1 0 0 0 1 0 1 0 0 1 4 0 1 2 7 0 6 1 0 12 11 3 44 4 5 0 0 2 0 1 13 10 6 0 7 0 0 1 9 3 0 4 3 0 0 14 7 0 11
0 1 1 0 8 14 0 0 0 1 1 4 81 4240 894 910 3270 210 201 161 177 433 624 131 33 19 174 545 3 0 2 14 63 363 794 2116 5412 3916 278 106 409 21 106 17 9 160 876 21 5 6 0 1 3 5 2 5 8 226 683 849 451 14 41 113 327 8 21 1000 405 5 1 18 27 135 130 65 15 8 18 0 2 2 5 12 56 43 14 3 20 1 207 6 1 2 33 17 1 0 18 7 3 4 4 5 4 5 1 1 1 0 1 5 66 24 35 21 90 33 187 40 212 119 66 128 154 31 130 29 11 46 37 12 12 139 14 281 42 13 319 578 44 370 47 5 57 21 19 9 169 136 346 6 3 1 4 2 1 3 1 2 6 18 1 5 44 42 28 42 9 7 77 56 44 244 14 36 10 5 59 7 40 211 49 30 12 39 0 2 0 60 33 5 15 13 1 0 89 46 2 59
1 2 3 2 13 45 2 0 2 0 4 37 754 238 203 426 1082 668 3167 499 521 1396 1436 162 104 72 52 124 15 5 8 399 2719 1432 50 64 3916 15250 109 75 853 31 152 1284 516 1433 104 16 7 158 2 15 17 34 3 15 19 251 37 37 1228 23 37 118 133 140 55 117 193 10 7 469 1994 1912 658 193 251 274 274 12 10 40 34 49 196 115 41 43 175 121 2680 10 2 3 68 108 17 5 73 13 9 15 9 10 13 33 5 4 1 0 5 21 354 83 95 151 301 183 956 95 957 826 560 474 595 122 516 87 68 153 114 44 22 910 48 1498 186 120 1532 2311 79 1411 80 35 257 96 73 23 821 328 1181 14 19 7 6 10 4 19 7 15 46 81 5 12 257 154 81 158 42 42 316 230 294 784 54 130 20 8 241 20 205 1121 294 117 57 241 5 10 21 159 155 21 51 92 7 7 311 143 16 240
2 1 1 0 36 37 1 1 0 1 0 5 11 230 600 2115 28 1688 22 36 7 8 94 199 4 14 194 2560 10 6 3 23 25 90 10 2 278 109 12798 12 358 130 254 4 35 155 7 87 23 4 2 3 0 9 4 1 11 90 0 2 3414 59 71 450 3830 38 11 7 7144 18 12 21 11 2 545 354 0 0 4 0 5 0 8 4 8 2 6 16 92 12 229 54 1 11 64 79 3 2 4 11 0 0 0 1 2 1 0 2 0 0 0 1 8 91 418 26 6 128 45 478 15 77 31 0 1 7 0 134 3 246 6 6 0 12 5 44 10 3 20 39 696 2 586 1 6 36 284 75 23 1684 6 3 11 0 0 6 0 1 0 0 0 2 0 1 9 2 355 136 16 43 3 9 16 12 19 174 3 3 309 35 3 9 2 1 50 2 0 0 3 0 2 14 8 8 1 0 0 2 0 1
5 4 4 1 37 41 2 0 2 1 0 7 2 494 45 65 57 50 64 70 121 880 778 4208 2427 6274 1300 30 106 11 13 10 7 142 1516 63 106 75 12 4900 877 67 356 8 4 19 3353 6 23 1 2 0 8 41 5 6 159 148 46 26 38 45 73 32 4 2 220 423 20 16 4 6 10 85 423 16 1 0 5 0 5 0 43 66 74 140 259 4 27 4 24 24 4 6 218 56 3 4 241 191 0 2 0 0 1 0 0 0 0 1 0 2 356 88 13 195 38 281 623 21 309 847 515 23 28 33 88 25 57 72 11 6 4 25 0 64 128 92 120 505 8 401 4 1 23 18 4 4 115 54 79 3 4 1 1 0 0 3 0 0 0 7 0 2 8 42 7 23 7 2 20 22 8 40 7 5 1 1 13 0 4 15 25 2 2 0 1 0 2 10 10 7 16 5 0 1 10 11 0 9
791 689 934 484 748 1925 72 161 52 115 84 807 34 439 1115 1061 819 525 178 483 1517 1592 7324 2936 303 1550 516 124 250 609 489 245 286 347 113 14 409 853 358 877 8052 3426 1866 20 198 214 139 339 2672 180 83 104 190 99 2992 1856 250 174 5 2 1632 373 214 65 79 90 217 177 620 332 290 212 147 157 1753 1061 144 5 260 13 335 45 2612 346 1879 247 176 480 3083 530 1749 1077 174 611 1603 892 144 119 267 207 6 5 20 34 11 23 6 10 8 7 12 45 9 20 29 9 15 29 41 33 28 36 24 50 65 10 24 27 3 28 7 4 28 236 2 130 10 2 91 126 53 54 73 10 37 30 76 13 23 190 62 31 62 3 2 52 2 12 7 9 14 24 4 2 43 7 69 77 28 33 76 23 31 43 71 101 11 9 299 50 258 203 26 15 108 156 26 21 91 22 49 116 28 45 29 3 51 18 1 23
11 7 8 6 11 17 0 4 0 0 1 7 5 39 74 171 21 190 11 26 17 162 1806 4806 50 214 99 33 16 3 2 8 25 6 11 5 21 31 130 67 3426 8438 6126 12 54 114 68 22 2052 4 2 0 8 7 28 5 16 11 2 0 752 57 42 15 27 35 35 27 193 35 18 15 11 3 67 276 2 1 3 0 14 2 41 24 41 27 25 21 228 60 742 353 12 121 872 19 2 2 29 8 0 0 0 0 1 1 0 1 0 0 2 0 2 2 16 5 1 11 12 15 3 17 13 1 1 2 2 8 0 10 1 0 1 1 0 6 0 2 8 6 28 3 50 0 2 12 41 3 1 95 2 2 7 0 0 9 0 0 0 0 1 0 0 0 2 0 28 16 5 20 2 3 3 5 18 57 1 1 133 21 1 5 0 1 42 3 1 2 0 1 0 26 6 0 2 0 1 0 0 0
20 10 22 6 61 81 4 1 4 3 2 8 55 267 137 124 36 445 68 40 58 842 1190 1800 608 679 860 68 205 16 21 17 56 106 190 51 106 152 254 356 1866 6126 3319 34 346 890 1272 96 2528 39 9 5 42 84 30 22 317 120 70 27 3549 312 1128 3640 114 293 430 717 702 112 31 27 43 35 569 799 19 4 24 2 11 1 103 161 188 292 309 46 460 169 3775 392 22 212 3787 113 19 14 420 317 0 1 0 0 0 0 0 0 0 0 0 2 33 28 109 29 12 75 103 98 65 157 89 1 7 11 20 92 5 63 9 3 2 12 2 45 19 13 49 130 264 54 320 3 10 72 240 10 39 981 37 19 47 2 1 30 0 2 0 1 0 2 0 3 20 8 358 224 64 84 1 11 12 20 79 418 4 12 892 117 7 19 7 4 217 11 1 6 9 1 0 66 19 15 5 3 1 2 1 2
0 0 0 1 1 1 0 0 7 0 1 3 3868 1 3 7 24 103 5554 87 2 24 6 15 5 2 3 3 1 0 1 1 38 3 0 2 17 1284 4 8 20 12 34 9376 3107 989 7 4 5 950 7 52 0 0 2 0 1 2 2 0 153 16 11 15 9 605 6 2 18 5 6 90 3306 2264 6 42 313 2296 3497 94 54 219 2 0 4 3 0 216 228 444 1393 12 8 2 38 4 17 4 5 0 1 2 0 0 1 2 1 0 0 0 0 1 93 41 98 66 37 193 249 136 232 824 233 29 21 20 71 18 17 36 10 1 0 31 2 83 49 24 147 324 52 181 37 4 22 15 20 15 156 277 85 8 17 0 0 9 2 2 3 5 1 0 0 3 6 15 53 37 11 27 22 18 8 47 16 49 4 0 112 14 6 61 109 3 23 9 3 6 17 4 7 27 10 4 0 0 16 5 0 8
9 3 2 0 6 18 5 3 112 9 1 10 2917 7 10 12 25 36 1196 40 5 22 10 42 11 9 8 17 11 4 3 8 66 5 1 0 9 516 35 4 198 54 346 3107 12043 765 4 80 72 6806 8 30 9 8 9 2 15 6 1 0 168 110 162 181 127 4666 13 7 396 35 33 192 1271 279 52 130 1417 1074 1793 54 83 216 20 11 11 5 5 460 1394 3919 2804 61 5 34 349 30 527 106 11 11 2 2 3 4 3 7 1 6 1 0 2 7 8 17 89 12 7 37 28 49 18 51 21 2 4 11 7 68 4 17 6 6 1 22 2 42 6 3 34 34 145 16 209 10 5 140 571 14 39 901 9 74 161 2 4 214 1 12 4 7 4 3 1 1 15 4 390 444 76 463 3 15 17 15 232 892 17 34 2670 425 6 18 14 1 630 20 20 99 106 1 3 367 65 11 15 5 1 1 0 0
1 0 1 0 3 9 0 2 22 1 0 4 1607 6 34 169 232 4950 4001 127 4 14 24 428 7 6 360 311 8 0 1 10 26 9 9 3 160 1433 155 19 214 114 890 989 765 6587 11 5 15 16 1 6 6 1 6 4 8 12 0 0 3533 15 40 463 246 1059 5 6 71 8 3 24 304 166 57 19 66 32 81 5 4 5 6 4 3 6 4 10 52 17 790 27 0 7 120 9 76 14 9 8 0 3 0 1 1 5 0 6 1 1 0 4 49 154 1098 59 18 208 102 638 78 369 107 2 4 19 13 249 14 382 9 11 0 19 5 73 26 6 76 129 959 56 949 3 31 84 877 240 80 3375 17 12 23 1 1 10 0 2 0 0 2 3 1 2 28 10 678 267 56 276 9 16 28 33 32 359 2 6 805 68 2 17 22 6 131 16 1 3 8 5 1 39 17 14 7 3 2 1 0 3
6 0 1 5 39 39 2 1 0 1 2 9 0 735 8 11 18 10 9 9 45 560 208 2849 2286 480 588 20 88 11 12 3 12 830 2637 1559 876 104 7 3353 139 68 1272 7 4 11 5542 4 6 0 2 1 12 25 3 13 112 459 995 330 40 39 132 166 10 3 178 3224 41 12 3 12 21 68 755 11 3 0 7 0 1 1 29 71 112 165 1885 3 19 4 30 8 3 8 359 69 3 3 349 188 0 1 0 0 0 3 0 0 0 0 2 1 78 15 1 43 48 53 291 5 169 178 170 37 35 17 55 12 14 20 9 4 3 19 0 93 34 36 130 379 5 192 6 1 26 16 0 1 66 27 122 4 0 0 3 0 0 1 0 1 2 2 0 1 9 31 1 17 6 1 25 25 15 81 6 15 2 3 12 1 5 40 19 7 10 4 0 0 2 10 9 2 5 2 0 0 21 10 2 8
15 13 14 9 150 230 6 4 3 1 1 42 1 41 79 29 3 24 11 1 9 72 24 16 42 9 20 52 197 30 28 59 35 33 5 1 21 16 87 6 339 22 96 4 80 5 4 9782 158 239 5 3 26 60 18 10 172 48 1 0 162 12435 1504 265 761 17 164 25 5926 939 1730 26 11 6 684 11540 14 2 21 2 199 6 69 51 62 51 26 945 8318 341 481 146 59 139 575 344 11 13 57 138 0 1 0 0 2 1 0 0 0 0 1 2 2 4 5 1 0 14 7 8 1 4 2 0 4 5 5 11 3 3 1 4 1 6 1 9 2 0 4 11 5 12 2 6 4 135 79 6 25 14 3 192 771 5 16 425 1 3 1 1 2 0 1 0 2 0 7 215 154 58 5 12 9 7 615 219 32 66 1147 122 12 22 7 0 820 37 57 99 291 0 0 1088 233 1 4 3 0 1 0 2
71 35 59 20 29 28 6 19 8 10 1 17 7 13 27 24 11 23 9 13 16 118 351 266 17 39 15 2 28 44 24 9 6 5 1 0 5 7 23 23 2672 2052 2528 5 72 15 6 158 9649 67 44 6 29 14 113 44 24 5 1 0 161 168 52 3 5 22 47 0 78 140 112 11 13 10 45 343 9 4 17 2 97 9 264 90 103 25 9 182 1719 293 465 7363 146 3291 6209 18 5 7 25 5 0 0 0 0 1 3 0 1 0 0 1 0 0 0 2 0 1 2 1 0 3 2 2 3 2 0 4 4 0 3 1 0 5 20 0 8 0 0 2 2 1 2 5 0 1 9 16 1 1 12 0 21 55 0 0 24 0 4 1 2 0 0 0 0 7 0 6 31 16 8 2 1 5 2 39 37 5 9 133 16 12 9 3 1 73 4 4 12 35 2 0 88 14 3 1 0 1 0 0 1
17 9 9 1 10 16 5 7 108 4 0 2 186 1 5 3 14 9 159 9 4 17 12 5 4 4 1 2 10 9 5 5 45 7 0 0 6 158 4 1 180 4 39 950 6806 16 0 239 67 11737 124 1144 14 9 28 4 4 4 0 0 24 210 129 9 17 2360 17 3 130 169 123 187 666 667 32 180 2260 1016 1562 1514 766 6743 35 19 19 5 6 4515 3369 9161 955 201 44 72 252 8 674 89 4 6 1 0 6 5 0 4 1 4 0 1 2 4 1 1 4 2 2 8 4 6 1 8 1 2 0 3 5 3 2 3 3 4 0 11 0 13 1 0 16 3 3 4 7 3 0 55 77 4 13 30 1 149 353 6 7 369 27 38 62 63 6 4 0 0 2 0 9 88 72 48 3 8 3 0 175 78 57 57 726 69 10 11 10 2 250 18 152 500 538 0 2 675 176 2 6 1 1 0 0 0
47 14 47 6 15 25 10 15 5 9 1 10 0 1 1 0 0 2 2 1 4 7 11 3 1 2 1 0 16 26 14 5 2 3 0 0 0 2 2 2 83 2 9 7 8 1 2 5 44 124 8509 16175 111 10 324 3 6 2 0 0 4 7 4 2 1 27 19 1 3 362 39 7 8 30 31 2 39 9 24 1313 2809 455 210 43 24 10 5 404 44 20 14 6519 6762 241 129 8 10 13 5 2 5 1 2 3 1 0 2 2 1 0 0 0 0 0 0 0 0 0 0 0 1 0 0 1 0 1 1 0 0 0 3 0 1 17 0 7 0 0 3 2 0 4 1 3 3 2 3 0 0 1 0 15 11 10 2 8 349 388 615 327 21 8 0 0 4 0 1 1 4 5 6 0 3 1 1 1 117 27 11 2 9 10 3 1 1 7 155 5 253 0 23 13 51 1 1 2 2 1 0 0
231 70 162 41 49 85 58 77 15 35 16 56 14 0 0 1 2 4 5 1 3 19 0 9 6 3 2 0 73 113 47 20 24 8 0 0 1 15 3 0 104 0 5 52 30 6 1 3 6 1144 16175 24575 352 73 1365 11 30 15 0 0 0 12 11 1 2 282 60 3 7 840 26 39 69 340 131 4 320 126 152 15671 6585 1678 690 96 86 29 8 640 35 22 8 2384 5589 88 32 39 88 59 25 15 18 7 12 9 1 13 8 4 1 2 4 4 0 0 0 0 1 1 1 3 1 2 0 3 5 0 4 3 0 0 5 4 7 41 1 33 0 0 17 9 0 0 1 9 8 13 4 1 3 7 6 57 35 42 1 96 1700 2159 3606 942 118 22 4 4 6 1 6 7 12 19 21 7 7 5 10 1 438 59 30 0 38 37 27 5 6 52 741 52 974 3 93 57 177 5 8 9 5 0 0 1
1773 288 655 149 314 422 1196 1043 227 447 109 360 1 4 0 3 1 1 2 0 17 69 4 14 23 3 15 2 2798 648 350 48 71 63 2 1 3 17 0 8 190 8 42 0 9 6 12 26 29 14 111 352 6628 5781 5655 16 269 74 1 0 11 40 67 14 16 5 712 17 51 52 25 135 15 55 685 25 215 4 122 34 172 21 1756 1320 267 115 84 54 83 17 14 239 106 53 78 221 181 8406 65 91 1 0 22 14 4 14 1 4 3 1 2 33 1 2 0 0 9 0 1 0 6 3 1 28 38 4 11 0 0 0 5 2 19 241 4 127 1 0 62 40 0 11 0 10 24 0 2 0 7 2 31 2 0 2 0 1 3 6 8 4 7 21 0 1 57 1 0 0 1 0 54 11 33 20 5 3 4 1 5 0 164 218 15 15 6 80 6 2 12 19 33 4 5 24 8 5 31 9 0 25
2608 533 1173 279 759 771 1184 977 54 393 87 397 1 9 1 5 3 2 0 0 9 67 13 58 58 12 56 13 15945 1610 881 69 87 49 10 0 5 34 9 41 99 7 84 0 8 1 25 60 14 9 10 73 5781 14316 404 4 912 87 0 0 29 122 229 50 31 5 4588 15 127 50 23 91 14 113 1049 37 84 5 106 9 50 4 2150 5442 148 176 200 15 48 7 42 60 28 31 164 472 57 4936 119 300 2 4 14 21 8 22 6 3 4 2 11 29 2 0 0 0 6 0 8 0 11 5 4 51 37 3 18 0 0 1 7 2 25 262 2 157 1 2 98 64 1 14 2 5 39 6 3 0 12 3 34 1 3 2 0 1 1 6 0 3 15 19 0 2 48 0 4 2 0 1 57 8 31 22 2 6 1 0 9 0 183 213 22 7 4 104 0 3 2 17 36 5 1 28 10 5 37 16 2 14
369 82 199 39 70 118 190 186 32 74 22 102 1 3 1 5 0 4 1 0 4 29 17 28 7 1 11 2 277 131 75 16 19 17 1 0 2 3 4 5 2992 28 30 2 9 6 3 18 113 28 324 1365 5655 404 9922 112 46 27 0 0 38 29 14 4 7 7 103 6 23 145 88 24 3 30 173 30 40 2 35 159 496 58 2817 86 80 26 14 209 201 24 53 2241 265 124 112 58 32 650 24 21 0 0 2 3 0 4 1 2 0 1 1 8 0 0 0 0 0 0 2 1 4 1 1 12 8 0 2 0 0 1 1 0 2 62 1 41 0 0 31 20 0 5 2 0 5 2 3 0 2 4 10 7 3 0 1 2 24 9 27 24 0 3 0 1 11 0 2 5 2 2 17 2 8 10 3 3 14 2 14 0 42 47 7 2 3 25 8 1 29 3 3 11 5 9 4 1 13 3 0 3
109 99 130 69 102 267 10 29 14 18 14 100 0 1 7 2 6 1 2 3 618 186 39 17 52 7 6 1 36 80 56 32 21 13 0 0 5 15 1 6 1856 5 22 0 2 4 13 10 44 4 3 11 16 4 112 1417 38 5 0 0 6 19 10 3 1 1 55 6 12 18 19 17 4 32 165 9 26 1 22 5 29 1 1922 118 1298 135 25 28 69 15 15 70 20 34 60 72 21 12 76 23 0 1 2 1 0 8 1 0 1 0 4 3 0 0 0 0 2 0 4 1 4 1 4 2 5 0 3 0 0 0 1 0 3 37 0 25 0 0 15 9 2 5 0 0 6 1 2 0 6 0 3 1 1 0 0 2 1 1 0 0 2 3 0 0 6 2 1 2 1 0 7 3 0 6 2 0 0 0 5 0 49 17 2 2 4 26 1 0 4 5 1 3 1 3 2 0 6 2 0 4
108 50 65 69 831 347 80 21 8 8 2 68 1 26 5 4 2 4 3 0 20 119 29 178 279 36 214 57 5239 3370 5416 13 10 11 35 3 8 19 11 159 250 16 317 1 15 8 112 172 24 4 6 30 269 912 46 38 10575 187 2 0 62 315 665 189 81 6 4386 68 390 108 39 8 5 33 2485 113 7 0 7 3 37 2 274 555 299 728 1161 26 146 15 92 24 22 29 480 1466 8 208 967 2357 0 0 0 2 0 1 0 0 0 0 1 2 3 1 0 2 6 2 16 2 11 6 7 9 13 1 7 1 1 4 1 0 1 29 1 28 0 4 30 24 6 7 3 0 6 4 4 1 7 14 9 0 3 0 0 4 1 1 0 0 5 2 0 1 9 2 6 11 2 2 3 3 4 10 5 27 2 0 37 8 14 24 3 3 17 9 0 0 4 1 4 5 0 3 3 0 1 3 0 1
10 10 11 10 62 98 2 1 5 1 1 57 0 392 39 176 2 7 2 5 95 363 78 110 46 7 262 335 181 20 26 1766 1274 3712 274 153 226 251 90 148 174 11 120 2 6 12 459 48 5 4 2 15 74 87 27 5 187 1804 283 868 90 53 106 167 288 5 205 2523 394 25 9 330 76 49 10415 86 17 1 97 4 11 0 113 92 138 120 501 5 47 2 101 9 7 6 64 351 11 14 195 538 3 3 1 6 2 14 0 3 3 0 1 13 5 9 10 4 22 13 34 13 19 24 3 60 39 2 15 3 3 10 4 2 11 208 2 206 5 2 112 118 12 35 7 6 26 6 10 1 12 39 44 0 0 4 0 2 2 5 0 7 12 20 0 1 46 3 10 12 2 4 49 15 51 41 7 17 10 3 42 7 83 154 16 11 5 35 3 1 4 14 44 4 3 31 3 4 25 9 0 18
0 0 0 0 0 1 0 0 0 0 0 0 0 744 3 1 2 0 0 0 3 11 12 74 2 4 50 8 3 1 0 0 2 525 1263 3494 683 37 0 46 5 2 70 2 1 0 995 1 1 0 0 0 1 0 0 0 2 283 1634 1494 4 1 6 24 2 0 2 1318 4 0 0 1 0 6 157 1 1 0 0 1 0 0 1 0 4 9 4 0 0 0 7 0 0 1 15 8 0 0 0 3 0 0 0 0 0 1 0 0 0 0 0 0 3 3 1 7 3 3 49 0 19 12 18 5 5 2 10 3 2 3 0 0 0 4 1 13 4 1 17 48 1 33 0 0 2 1 0 0 9 2 20 0 0 1 1 0 0 0 0 0 0 0 0 0 2 2 0 2 1 0 1 2 1 8 0 2 0 0 1 1 0 3 0 0 0 2 0 0 0 2 0 0 0 0 0 0 1 2 0 1
0 0 0 0 2 0 0 0 0 0 0 0 0 144 0 5 0 0 0 0 0 1 1 22 0 1 31 18 1 0 0 0 0 1752 256 601 849 37 2 26 2 0 27 0 0 0 330 0 0 0 0 0 0 0 0 0 0 868 1494 701 3 3 8 22 7 0 0 2726 15 0 1 1 0 0 84 1 0 0 0 0 0 0 0 1 0 0 3 0 0 0 0 0 0 0 5 0 0 0 1 0 0 0 0 0 0 0 0 0 0 0 0 0 1 0 0 1 1 0 3 0 0 1 0 1 0 0 1 0 0 0 0 0 0 3 0 6 0 0 3 3 0 3 0 0 0 0 0 0 0 0 1 0 0 0 0 0 0 0 0 0 0 0 0 0 0 1 0 0 0 0 0 0 0 1 0 0 0 0 0 0 0 1 0 0 0 0 0 1 0 0 0 0 0 0 0 0 0 0 0 0
8 2 7 5 31 60 2 1 2 2 0 15 42 94 235 998 248 3780 266 371 8 75 172 1197 62 38 701 639 67 10 13 41 95 74 20 5 451 1228 3414 38 1632 752 3549 153 168 3533 40 162 161 24 4 0 11 29 38 6 62 90 4 3 12001 227 493 2853 2113 230 64 56 7649 76 38 56 108 40 517 4202 15 6 34 2 13 4 37 38 46 40 32 53 576 55 4816 283 14 73 961 117 14 6 85 73 1 2 1 0 3 0 0 12 0 0 1 2 36 116 561 46 11 159 125 308 68 161 54 8 9 21 20 261 13 273 11 14 4 48 7 114 21 10 83 123 716 45 938 2 15 158 1043 106 76 2189 23 38 60 2 7 70 0 6 0 1 2 2 1 1 34 12 655 471 82 153 11 31 42 34 122 729 7 12 1364 204 6 16 18 4 333 13 5 22 20 2 4 106 53 28 5 8 4 5 1 7
36 11 24 4 199 227 11 7 7 2 0 44 3 24 49 32 8 32 15 9 19 414 129 94 184 56 29 34 322 51 37 43 32 20 6 3 14 23 59 45 373 57 312 16 110 15 39 12435 168 210 7 12 40 122 29 19 315 53 1 3 227 16022 8184 420 529 31 461 43 2101 5683 2254 13 11 17 631 1843 25 5 24 3 287 72 124 167 172 203 65 1027 2891 450 693 290 112 869 3185 320 15 27 244 195 1 0 0 0 1 0 1 3 0 0 0 0 0 2 3 3 0 8 8 8 6 10 10 1 1 5 6 12 2 4 5 3 0 6 2 9 1 2 6 15 10 8 7 4 3 111 53 4 14 25 7 184 610 1 16 345 2 15 2 8 4 0 0 1 3 1 14 193 126 34 7 5 5 4 416 159 50 81 841 84 13 22 6 3 548 17 84 91 454 1 0 827 235 0 6 2 0 3 1 0
24 11 18 13 227 279 10 1 8 0 2 47 5 55 80 35 2 79 26 3 27 476 110 116 368 65 97 68 652 65 86 45 23 74 40 10 41 37 71 73 214 42 1128 11 162 40 132 1504 52 129 4 11 67 229 14 10 665 106 6 8 493 8184 17171 5300 378 70 924 178 7258 1009 262 20 26 18 1041 1255 18 0 10 5 38 4 118 272 191 323 166 113 1301 370 1286 70 24 234 3448 472 15 42 464 537 0 0 0 2 0 1 0 1 0 0 0 0 11 7 13 11 4 29 24 26 13 39 21 3 3 6 6 27 0 7 2 2 0 8 0 14 8 4 12 34 33 26 36 3 3 83 94 10 11 94 5 61 252 2 7 157 0 7 0 2 0 1 0 0 7 4 35 184 68 39 5 5 3 12 271 258 13 36 715 133 3 12 4 1 426 20 10 27 60 0 1 347 71 3 4 2 0 0 0 3
5 0 0 4 108 113 8 2 2 1 0 13 29 153 136 89 12 288 47 17 8 78 18 51 88 6 496 388 169 20 31 16 36 161 97 33 113 118 450 32 65 15 3640 15 181 463 166 265 3 9 2 1 14 50 4 3 189 167 24 22 2853 420 5300 4903 1792 154 181 299 2455 78 18 20 21 5 890 398 15 2 16 0 8 1 31 50 41 63 99 7 86 15 1840 10 4 12 2769 216 8 11 115 257 0 1 0 0 2 1 0 0 0 0 0 3 24 14 78 18 13 58 64 116 32 78 27 5 3 4 15 61 4 39 2 3 0 19 3 31 5 8 22 44 177 28 227 3 8 41 161 9 16 633 7 15 22 1 1 13 0 1 0 0 1 0 0 0 11 4 260 155 39 65 5 13 13 15 39 283 1 3 577 87 2 5 6 4 147 8 0 4 5 3 1 31 13 11 0 1 1 3 0 0
1 1 3 5 169 222 2 3 1 0 3 19 21 452 880 353 21 228 18 14 5 39 3 37 10 1 135 1417 96 17 21 70 57 274 56 12 327 133 3830 4 79 27 114 9 127 246 10 761 5 17 1 2 16 31 7 1 81 288 2 7 2113 529 378 1792 10247 102 61 83 11660 86 107 31 21 5 1931 1303 6 0 19 0 16 1 26 15 15 11 18 58 295 12 660 11 7 10 94 373 18 7 27 87 0 0 1 0 0 2 0 1 0 0 0 1 7 19 109 14 10 40 32 97 4 37 14 1 3 2 0 81 1 58 3 10 0 24 3 23 3 3 21 26 208 11 261 2 2 57 182 12 15 653 5 17 16 1 0 27 0 1 0 0 0 1 0 0 15 5 280 184 29 49 4 9 13 11 56 332 2 5 640 107 8 7 1 2 179 7 1 6 10 4 1 47 21 7 6 0 2 3 0 1
4 2 1 0 2 5 2 2 17 1 0 0 1520 3 4 15 7 73 324 11 1 15 3 47 6 2 11 21 3 0 1 3 15 3 3 0 8 140 38 2 90 35 293 605 4666 1059 3 17 22 2360 27 282 5 5 7 1 6 5 0 0 230 31 70 154 102 1237 13 8 232 26 17 49 256 706 32 83 876 1133 784 421 126 448 5 11 5 7 1 383 256 594 2098 42 5 17 139 10 106 21 6 4 0 0 0 0 0 1 0 1 0 0 1 1 1 3 28 4 3 9 8 17 6 33 10 0 0 0 3 14 2 9 1 0 0 4 0 3 1 2 10 13 11 0 19 0 2 14 81 6 9 115 1 9 14 0 1 19 6 10 10 8 0 0 0 0 1 1 27 26 11 89 2 2 2 3 22 43 9 6 196 19 4 7 4 0 43 1 6 13 27 0 0 40 22 4 3 0 0 1 0 0
563 346 639 262 810 1291 65 102 20 75 38 470 2 20 1 7 7 4 1 0 23 318 63 287 451 119 216 31 6058 711 907 107 94 60 20 6 21 55 11 220 217 35 430 6 13 5 178 164 47 17 19 60 712 4588 103 55 4386 205 2 0 64 461 924 181 61 13 13360 109 409 193 47 68 32 220 2252 176 54 2 92 6 64 1 1016 4696 487 3460 1291 52 243 38 146 91 58 95 911 877 62 166 1054 1822 3 1 9 6 4 18 6 4 4 1 2 22 9 4 3 4 10 9 42 4 19 11 22 52 29 2 26 5 1 10 16 0 21 224 5 203 1 9 146 153 4 41 6 4 30 7 10 2 21 16 72 1 15 6 2 14 4 2 0 2 11 12 2 1 41 12 10 15 5 2 44 20 32 41 11 19 4 1 49 8 166 160 32 10 20 86 3 0 6 16 40 14 7 25 7 2 28 20 0 14
5 2 2 3 19 27 0 0 0 2 0 11 1 510 10 16 8 6 3 2 110 377 147 791 299 31 386 93 26 7 8 5 8 2180 757 1634 1000 117 7 423 177 27 717 2 7 6 3224 25 0 3 1 3 17 15 6 6 68 2523 1318 2726 56 43 178 299 83 8 109 4458 136 6 2 11 12 62 1658 22 1 0 13 2 6 0 42 55 96 123 772 1 15 6 48 2 1 1 238 31 0 2 231 139 1 1 0 1 1 1 0 1 0 0 0 2 17 4 5 12 32 11 89 6 81 33 42 41 37 11 32 3 8 15 11 3 1 44 7 122 10 14 126 261 3 95 6 0 23 12 2 1 29 15 109 2 1 2 0 1 0 1 0 0 1 3 1 1 18 12 6 8 1 0 25 26 13 86 6 12 1 3 22 6 8 39 14 6 5 7 0 0 2 15 8 1 3 6 1 0 18 11 1 11
16 2 13 7 414 608 18 6 9 3 4 83 17 424 818 948 29 580 36 24 18 134 52 70 91 15 167 618 417 83 75 204 215 341 74 8 405 193 7144 20 620 193 702 18 396 71 41 5926 78 130 3 7 51 127 23 12 390 394 4 15 7649 2101 7258 2455 11660 232 409 136 13649 387 333 160 92 20 3250 14054 39 5 96 0 79 3 83 106 115 108 79 229 1607 212 1693 106 24 49 1016 1036 30 36 153 337 1 0 4 0 1 2 0 6 1 0 1 2 11 12 42 19 5 61 39 69 25 53 15 6 5 12 8 87 7 25 10 6 3 34 7 54 2 2 43 41 155 32 230 3 5 205 516 18 57 556 14 65 158 1 8 206 0 7 0 1 1 1 0 2 28 6 328 632 115 139 4 15 31 27 386 1187 14 39 2631 541 16 25 6 1 860 44 7 55 43 2 0 374 66 17 6 5 4 2 0 3
83 33 65 15 53 107 15 26 3 14 9 22 4 8 18 13 4 13 5 4 17 159 62 37 58 28 4 13 100 33 29 20 12 11 4 2 5 10 18 16 332 35 112 5 35 8 12 939 140 169 362 840 52 50 145 18 108 25 0 0 76 5683 1009 78 86 26 193 6 387 10626 3484 15 8 27 202 252 35 1 22 43 2362 352 250 96 122 105 21 1364 1650 220 210 1188 1712 2405 1361 96 6 15 77 50 3 1 4 1 0 1 0 2 0 1 2 1 0 1 0 1 0 2 3 5 3 2 4 1 3 4 6 7 0 1 3 2 1 9 0 8 0 1 6 1 5 5 1 7 3 56 18 0 3 12 6 224 299 6 12 175 11 150 93 136 12 0 0 0 5 0 5 66 82 16 9 5 4 2 114 39 253 120 279 24 12 20 6 1 138 11 431 63 1159 1 8 398 463 0 1 4 0 1 2 5
55 15 44 7 37 56 12 15 5 9 2 24 0 6 10 5 1 3 6 4 7 40 22 13 15 6 7 3 42 21 17 10 10 7 1 0 1 7 12 4 290 18 31 6 33 3 3 1730 112 123 39 26 25 23 88 19 39 9 0 1 38 2254 262 18 107 17 47 2 333 3484 3806 11 9 23 126 339 29 7 21 28 5686 364 173 49 56 27 10 1466 2367 160 113 900 525 917 458 61 13 10 28 24 2 0 4 2 1 1 0 1 1 0 1 0 1 0 0 0 1 2 4 4 0 1 1 0 2 3 1 4 3 1 0 4 2 9 0 9 1 0 2 3 3 5 2 10 1 51 23 0 1 2 6 219 220 8 18 152 4 51 24 53 1 1 0 1 1 0 5 34 53 7 8 3 1 4 78 22 155 145 177 15 5 4 6 3 67 11 332 46 967 0 3 306 365 2 0 1 1 0 2 0
