31343 8957 4057 1545 2117 2921 10877 6392 449 2735 80 2302 0 3 1 0 1 4 0 0 114 34 3 9 29 0 12 5 6706 5875 202 130 114 11 0 0 0 4 2 9 332 4 40 2 4 2 28 5 28 9 226 372 1374 2288 352 114 54 4 0 0 3 8 19 7 11 1 131 16 17 104 13 33 5 7 90 2 32 0 17 15 382 17 2730 815 1159 305 52 75 13 3 7 504 197 52 63 268 96 2801 58 38 26 0 93 21 5 135 17 21 38 37 151 192 0 0 0 0 0 0 1 0 1 1 0 2 3 0 0 0 0 0 3 1 61 55 1 15 0 0 5 3 0 2 1 4 10 2 0 0 1 3 2 0 0 4 0 0 2 2 2 1 9 10 3 10 10 0 1 0 0 0 13 4 12 1 0 1 1 3 2 0 146 13 2 3 1 30 0 1 3 2 11 1 0 19 81 5 4 1 0 0
8957 8001 5431 12754 2635 6514 636 365 76 171 37 2082 0 0 0 0 0 2 0 0 189 44 2 12 22 0 1 0 1423 4934 281 87 92 2 2 0 1 5 1 6 422 8 22 0 1 3 16 4 36 4 120 203 454 984 155 84 34 4 0 0 4 2 5 2 1 1 153 11 4 73 16 18 5 7 54 1 6 1 5 5 280 16 1403 582 1183 328 35 42 17 3 10 333 139 38 62 73 47 557 36 23 14 0 79 15 13 156 5 21 46 28 132 222 0 0 0 0 0 0 0 0 1 0 1 4 6 1 0 0 0 0 4 1 85 68 1 19 0 0 7 1 0 0 0 4 10 2 0 0 1 0 0 0 0 3 0 1 1 2 0 0 16 13 2 8 32 0 0 1 0 0 19 9 13 1 0 0 1 1 1 0 238 20 2 1 0 38 0 0 0 4 14 0 0 24 83 4 8 2 0 0
4057 5431 14784 3276 111 3569 1303 6578 236 3845 333 19801 0 0 1 1 0 3 0 0 495 80 14 20 33 0 7 1 900 148 62 46 53 10 2 0 0 7 1 7 1008 10 74 0 3 1 35 9 73 13 303 470 685 1318 356 224 41 14 0 0 4 16 15 11 4 4 244 19 6 163 41 44 13 11 95 3 26 1 14 24 645 32 3032 1064 2463 567 60 132 41 13 21 850 332 104 141 112 151 546 87 48 135 3 844 136 34 566 74 50 538 117 507 742 0 1 0 0 1 0 0 0 1 1 0 8 23 0 0 0 0 0 18 3 288 298 3 52 0 0 14 6 0 4 2 11 33 2 0 0 1 6 4 0 0 11 0 1 2 7 0 5 38 53 8 44 84 0 1 2 0 0 67 33 40 6 0 3 5 5 1 0 678 54 7 4 0 152 3 0 3 13 49 2 4 92 341 24 31 6 0 3
1545 12754 3276 11988 6192 5327 144 72 17 123 80 3416 0 2 0 0 0 0 1 0 222 67 3 5 15 1 0 1 484 1108 874 80 66 5 0 0 0 1 2 0 250 2 23 0 0 0 10 0 21 6 78 64 119 361 56 94 18 5 0 0 3 3 4 1 1 1 120 8 8 45 7 20 4 6 32 1 2 0 4 4 141 4 650 288 826 219 19 26 14 1 6 178 70 40 45 58 45 128 38 20 20 1 106 24 20 189 12 16 78 40 165 254 0 0 2 1 0 0 0 0 0 0 0 5 11 0 1 0 0 0 11 2 112 90 2 23 0 0 10 0 0 0 0 4 17 2 1 0 1 0 3 0 1 7 0 0 0 0 0 0 11 19 4 20 32 0 0 0 0 0 22 9 16 5 1 1 0 0 1 0 271 16 3 3 0 53 2 1 2 0 12 2 1 31 124 2 19 1 0 2
2117 2635 111 6192 13497 8318 891 92 29 49 67 4338 0 7 2 3 2 2 1 2 372 122 6 9 24 1 4 10 3950 8124 8654 676 379 25 0 0 9 21 10 9 369 2 35 0 1 3 23 7 17 2 56 102 413 932 102 89 2280 21 2 0 5 12 32 11 23 1 468 31 108 37 7 103 18 9 213 3 29 1 26 3 127 2 945 575 1219 451 51 31 12 4 6 173 57 27 37 1590 54 796 81 147 3 1 46 13 8 78 2 10 18 17 65 116 0 0 0 0 0 0 1 0 2 2 0 5 8 0 1 0 0 0 4 1 44 64 1 16 0 0 12 6 0 5 0 4 11 0 0 0 1 3 1 0 0 2 0 0 0 3 0 0 4 7 3 12 18 0 0 1 0 0 12 7 8 6 1 0 0 1 1 0 181 17 2 0 0 57 1 0 0 5 5 1 2 18 70 0 6 0 0 1
2921 6514 3569 5327 8318 15004 685 341 133 455 182 13564 0 6 2 4 4 8 2 1 849 319 19 29 33 3 11 5 1328 1357 1052 3782 1017 51 3 0 9 48 3 6 701 9 71 1 3 4 28 16 55 6 148 154 401 892 159 215 125 48 0 0 14 22 26 12 17 1 349 32 89 91 31 596 53 30 146 5 161 6 162 5 265 19 1544 809 2281 742 51 76 25 10 13 395 135 63 88 603 475 492 175 41 90 7 501 116 71 712 28 72 272 151 661 1072 1 1 2 0 2 0 2 1 2 0 0 25 48 0 5 0 0 1 38 2 478 466 9 114 0 2 26 17 0 4 3 19 61 4 6 1 6 13 7 2 0 18 1 1 0 12 1 2 51 74 14 54 171 2 1 4 0 0 105 49 69 15 0 1 3 1 6 0 1312 103 15 9 0 322 1 1 3 7 74 7 1 158 556 23 58 5 0 5
10877 636 1303 144 891 685 7373 6665 874 1923 204 2901 0 1 0 1 0 0 0 1 27 14 2 3 3 1 4 4 2531 750 94 65 55 4 1 0 0 3 4 0 38 0 7 0 2 2 4 1 5 5 28 74 1152 1627 152 14 26 4 0 0 4 6 8 3 11 0 28 5 15 15 3 41 2 6 31 1 110 8 27 5 55 5 906 177 140 51 23 13 2 2 2 59 25 6 8 151 319 4586 9 19 7 1 41 9 4 38 3 10 19 20 39 59 0 0 0 0 0 0 0 1 0 0 0 2 3 0 0 0 0 0 1 0 22 21 0 7 0 0 3 1 0 0 0 0 5 0 0 0 2 0 0 0 0 0 0 0 0 0 0 1 1 1 4 2 3 0 0 2 0 1 2 1 0 0 0 0 0 0 1 0 57 10 0 1 0 17 1 0 1 1 4 0 1 2 36 5 0 0 0 0
6392 365 6578 72 92 341 6665 11474 3486 19305 694 9861 0 1 0 0 0 0 0 0 13 3 0 0 6 0 4 1 110 82 20 5 13 1 0 0 0 0 0 0 40 1 7 0 0 0 5 0 6 5 22 81 517 546 89 13 3 1 0 0 0 0 3 3 0 1 16 3 5 18 0 19 2 3 8 0 58 2 10 5 80 9 600 169 187 48 7 9 2 0 0 82 38 6 9 20 210 1380 4 5 35 1 89 12 6 70 11 17 83 30 94 96 0 0 0 0 0 0 0 0 0 0 0 3 2 0 0 0 0 0 2 0 16 16 0 4 0 0 2 1 0 0 0 1 2 0 0 0 0 2 1 0 1 2 0 0 1 0 0 0 2 2 3 2 2 0 0 0 0 0 7 4 3 3 0 1 0 0 1 0 45 2 1 0 0 3 0 0 1 1 1 0 0 7 42 11 2 1 0 0
449 76 236 17 29 133 874 3486 2266 1623 154 744 9 0 0 0 0 0 0 0 4 9 1 0 0 0 1 0 23 22 6 74 169 3 0 0 0 2 0 1 15 0 1 4 130 33 0 3 0 229 5 63 328 120 103 1 0 7 0 0 1 1 0 0 0 75 3 0 0 2 3 523 88 321 18 1 1353 123 543 82 51 228 85 19 21 4 0 99 39 70 51 13 2 1 0 74 2797 1664 2 0 6 0 23 12 6 29 3 12 14 20 26 45 0 0 0 0 0 0 1 0 3 0 3 2 3 2 0 1 0 0 0 0 12 15 0 6 0 0 10 19 0 2 0 0 1 0 3 0 13 10 0 1 6 1 0 2 0 0 2 4 1 0 1 1 3 0 0 1 0 3 1 2 2 0 2 1 0 6 46 8 33 17 13 1 15 13 2 1 2 1 2 22 2 8 16 4 1 0 0 1
2735 171 3845 123 49 455 1923 19305 1623 29851 9408 32731 1 1 0 0 0 0 0 0 8 5 1 1 3 0 1 0 44 25 7 36 99 3 1 0 0 1 0 2 53 1 1 0 5 3 1 0 3 18 23 68 508 240 114 12 3 1 0 0 0 0 0 1 1 11 11 3 1 9 3 116 6 19 12 0 304 21 55 4 76 7 351 117 113 28 6 22 3 1 4 60 12 7 7 23 1570 1269 7 3 87 2 456 106 26 635 65 132 206 244 705 812 0 0 1 0 1 0 0 0 1 2 0 3 10 0 1 0 0 0 9 0 171 186 1 18 0 0 6 2 0 0 0 8 20 1 4 0 1 8 1 0 0 5 0 1 2 2 1 5 17 27 18 19 22 0 0 2 0 1 22 13 10 2 0 4 2 3 5 1 378 19 4 1 1 58 1 1 3 5 22 1 4 30 431 41 16 0 0 1
80 37 333 80 67 182 204 694 154 9408 4489 3963 0 0 0 0 0 0 0 0 5 3 0 0 2 0 0 0 14 17 8 13 86 1 0 0 0 3 0 0 14 0 0 0 0 0 0 0 0 0 6 16 91 46 28 0 2 2 0 0 0 0 1 0 0 0 3 0 0 3 0 225 1 12 6 0 68 0 21 0 9 0 77 17 37 13 0 2 0 0 1 15 3 2 1 36 951 228 2 1 35 1 196 55 23 317 20 36 92 85 314 474 0 0 0 0 0 0 0 0 0 1 1 4 18 0 0 0 0 1 7 3 161 145 1 14 0 0 0 2 0 0 1 3 12 1 1 0 0 3 2 0 0 8 0 1 1 6 0 0 11 18 7 25 39 0 0 0 0 1 27 10 13 1 0 0 2 0 2 0 371 14 2 1 0 87 0 0 0 5 23 0 1 47 248 9 19 1 0 2
2302 2082 19801 3416 4338 13564 2901 9861 744 32731 3963 24381 0 2 2 5 2 7 1 1 627 265 12 15 31 0 7 3 658 762 430 832 1746 120 1 0 3 65 4 10 590 7 44 1 3 6 14 6 27 6 113 186 669 778 213 157 54 169 1 1 6 9 18 8 11 0 205 22 28 63 10 1202 136 62 322 2 204 4 172 11 237 10 1382 627 1551 454 48 72 20 4 9 293 129 39 59 946 2555 1190 102 26 223 30 1459 370 201 2305 131 242 622 524 2387 3379 1 1 7 0 1 0 1 2 0 7 1 51 89 3 3 3 0 2 77 13 1191 1192 11 238 2 1 59 32 0 5 5 44 158 8 4 1 12 29 17 1 0 40 0 2 2 13 3 0 131 195 32 159 347 1 1 8 0 0 234 102 129 26 2 9 8 0 11 2 3252 228 26 12 0 743 3 1 1 34 168 2 6 358 1793 81 115 20 6 6
0 0 0 0 0 0 0 0 9 1 0 0 7407 0 0 2 9 557 7329 11 0 0 0 2 0 0 0 0 0 0 0 0 6 0 0 0 2 261 1 0 3 0 0 1972 2607 4493 0 8 0 106 0 6 2 0 0 0 0 0 0 0 9 6 1 0 0 2054 0 0 2 0 7 5 215 2084 1 1 73 3 63 7 5 7 0 0 0 0 0 17 12 30 31 2 0 0 2 1 31 3 0 0 0 0 1 0 0 0 0 1 0 0 0 0 3 14 445 2 3 40 1 855 61 2333 9 0 1 0 3 0 0 25 1 0 0 0 0 0 1 1 17 7 29 0 39 0 0 6 30 32 39 1151 2 7 8 0 1 2 0 1 0 0 0 2 0 3 0 0 27 18 2 387 0 2 5 4 20 17 3 1 191 21 1 3 153 1 21 2 0 12 7 0 0 51 6 0 1 0 0 1 0 0
3 0 0 2 7 6 1 1 0 1 0 2 0 9183 7764 3460 1342 704 16 360 136 60 703 173 5 6 1619 2810 101 2 8 3 8 594 2555 4811 671 71 632 1032 1334 23 75 1 0 6 345 6 6 1 0 1 4 22 1 0 25 1340 3039 1177 43 10 55 180 499 0 43 1538 576 5 1 0 12 12 272 7 1 0 0 0 4 0 13 17 20 15 2 1 3 0 5 7 1 0 10 51 0 8 1 46 0 0 0 0 0 0 0 0 0 0 0 0 1 2 2 4 13 14 62 9 247 194 85 5 3 2 11 2 0 2 0 0 0 2 1 7 8 0 91 179 0 34 1 0 3 1 0 0 48 16 7 0 0 0 0 0 0 0 0 0 0 0 0 0 0 1 0 1 1 0 1 0 1 2 0 2 0 0 4 0 2 12 20 2 1 3 0 0 1 0 0 1 0 0 0 1 2 0 1 3
1 0 1 0 2 2 0 0 0 0 0 2 0 7764 11615 12597 1890 2130 122 1839 144 113 878 126 7 11 521 2912 49 6 4 4 10 338 665 709 383 76 1171 277 1595 42 49 0 1 30 88 13 10 0 0 1 2 7 3 4 14 529 577 356 256 12 36 81 468 1 12 485 1031 4 4 1 15 21 208 18 0 0 2 0 4 0 13 8 12 5 5 3 5 1 14 4 1 5 14 46 0 4 5 24 0 0 0 0 0 1 0 1 0 0 0 0 7 1 8 8 31 7 43 6 221 125 58 21 18 8 19 4 3 4 1 0 1 9 2 28 27 1 132 232 1 81 4 0 11 0 0 1 92 29 48 1 1 0 0 0 0 0 0 1 0 0 0 0 2 14 1 6 3 7 2 0 2 6 1 0 0 1 14 0 4 42 18 5 1 7 0 1 0 2 0 8 1 0 7 1 3 1 0 7
0 0 1 0 3 4 1 0 0 0 0 5 2 3460 12597 15706 702 2484 2843 3344 42 37 422 189 3 2 38 2168 30 0 2 3 11 405 13 37 291 383 584 13 1338 165 81 1 0 27 12 7 31 0 0 0 3 7 2 0 8 268 102 270 216 7 14 27 55 1 11 182 405 8 5 0 38 17 283 15 0 0 0 0 4 0 12 3 9 10 1 2 4 0 21 12 1 5 14 45 0 4 4 13 0 0 0 0 0 0 0 0 0 0 0 0 20 26 66 6 6 48 11 89 296 886 66 20 17 8 10 9 3 64 0 0 1 2 1 7 52 1 65 89 22 57 10 0 4 4 1 12 120 66 19 0 2 0 0 1 0 0 0 0 0 0 0 1 0 4 0 5 4 9 0 1 1 2 1 4 0 2 20 0 1 18 39 2 0 7 0 1 1 0 0 6 0 0 3 0 3 1 0 4
1 0 0 0 2 4 0 0 0 0 0 2 9 1342 1890 702 1924 1047 820 2884 128 182 451 38 6 18 43 75 6 0 0 0 4 163 23 50 1155 237 86 36 491 3 34 16 14 105 16 11 6 7 0 1 0 0 0 2 1 103 224 164 811 5 7 5 38 8 3 54 173 4 6 0 14 115 126 13 0 5 1 0 4 0 2 1 14 9 2 2 4 4 9 3 0 1 7 41 0 0 3 2 0 0 1 0 3 2 0 4 0 0 0 2 35 22 20 25 92 17 120 26 734 239 141 97 124 22 72 14 6 41 2 0 5 40 22 127 88 7 621 751 1 330 7 6 55 12 3 2 439 73 178 7 1 2 2 0 0 0 0 0 2 0 1 0 6 65 1 28 8 11 6 6 13 58 12 9 2 0 30 2 34 163 84 25 0 32 0 2 1 8 7 5 9 5 11 1 21 13 0 62
4 2 3 0 2 8 0 0 0 0 0 7 557 704 2130 2484 1047 17431 6712 1562 52 81 392 2420 12 6 315 468 24 3 2 6 102 214 18 9 535 3869 5820 37 1888 385 1548 271 23 3375 33 93 86 5 2 0 1 16 4 4 14 78 37 70 3968 86 168 1088 186 220 35 81 1516 40 60 1 913 82 103 117 2 2 2 0 24 1 19 13 37 29 2 16 33 13 113 48 6 19 128 35 2 2 24 13 0 3 0 0 0 0 0 1 0 0 1 0 30 300 1432 42 6 342 16 1249 391 6812 60 2 10 2 4 72 1 764 10 10 0 8 8 30 55 11 133 126 560 34 644 0 7 22 59 151 298 3259 24 9 4 0 1 8 1 0 1 1 0 2 0 2 5 10 62 176 23 433 5 19 37 22 17 267 3 3 90 8 4 40 257 16 9 11 3 4 4 0 0 32 7 11 3 1 3 2 9 5
0 0 0 1 1 2 0 0 0 0 0 1 7329 16 122 2843 820 6712 59586 8613 31 32 63 319 4 15 81 45 3 1 0 1 24 51 10 0 242 3899 27 33 219 24 253 3011 358 7254 7 8 7 50 0 3 1 2 1 1 0 5 5 2 871 12 33 272 27 705 2 5 25 5 4 0 242 5423 12 8 5 209 5 10 3 13 0 1 2 1 0 18 23 23 85 2 3 1 23 6 2 0 1 2 0 1 1 0 0 1 0 9 1 1 1 1 154 522 2751 92 150 1024 260 3720 3579 22930 791 129 126 43 158 137 28 1184 8 7 1 23 12 93 406 32 1012 1518 664 543 647 8 54 55 76 340 1664 3582 195 25 8 5 2 9 0 1 0 1 1 6 4 3 13 66 72 178 31 684 10 12 24 41 32 218 6 7 208 13 25 207 1668 30 32 40 4 8 3 12 6 57 19 16 26 1 25 7 6 49
0 0 0 0 2 1 1 0 0 0 0 1 11 360 1839 3344 2884 1562 8613 3828 36 59 172 50 1 12 27 35 2 0 0 4 5 49 9 15 76 73 99 24 337 8 23 19 3 68 9 12 4 1 0 0 0 1 0 1 0 16 28 26 839 8 3 12 20 2 1 13 166 2 9 1 4 97 52 11 0 4 0 1 3 0 1 0 3 3 1 1 3 1 9 5 0 1 8 10 1 0 2 1 1 0 1 0 2 1 0 4 0 0 0 1 37 24 49 18 47 21 82 25 632 502 140 87 72 24 69 22 7 41 0 2 1 10 6 41 128 9 309 395 0 228 9 5 24 10 4 8 357 72 117 6 0 1 0 0 0 0 0 0 0 2 1 0 0 37 5 21 4 12 4 0 7 23 3 9 3 2 17 3 9 75 61 11 1 20 0 3 0 3 6 3 6 2 11 1 14 3 1 36
114 189 495 222 372 849 27 13 4 8 5 627 0 136 144 42 128 52 31 36 11481 6065 2986 285 408 187 66 17 216 86 233 169 319 930 41 5 274 693 26 381 1468 17 196 12 2 29 555 4 33 1 6 9 23 59 8 3345 110 275 45 44 73 35 137 56 61 0 94 619 140 39 8 41 319 8 1554 2 7 21 21 0 34 1 512 71 5960 432 230 9 4 1 29 61 15 12 101 859 24 23 531 247 0 1 4 0 2 4 0 1 0 2 0 8 0 0 0 2 10 1 11 1 35 5 4 6 6 0 4 1 0 0 1 0 2 20 12 83 1 0 101 103 0 16 5 3 5 1 0 0 30 9 18 0 1 1 0 0 0 0 0 0 1 5 0 1 7 1 1 2 0 0 4 1 9 13 2 3 0 1 2 0 35 61 8 7 1 21 0 0 0 1 1 3 0 1 6 0 4 1 2 7
34 44 80 67 122 319 14 3 9 5 3 265 0 60 113 37 182 81 32 59 6065 28788 4488 1492 4545 1492 302 36 316 46 79 257 521 1823 77 7 461 1571 57 2463 868 133 1202 27 1 132 1568 11 77 5 6 11 45 184 10 80 198 428 94 74 307 225 567 221 99 1 405 1044 294 176 18 56 610 13 2162 11 3 11 21 2 32 1 277 390 4201 2072 404 11 14 7 121 94 34 49 497 733 19 39 5693 294 0 2 3 0 1 4 0 1 1 0 3 4 0 0 1 1 34 7 39 6 114 18 16 6 17 2 11 3 1 2 0 0 5 37 12 134 2 0 274 375 2 46 1 2 17 3 1 0 85 11 61 4 6 0 0 0 0 0 0 1 2 1 0 1 6 8 0 2 4 1 2 2 12 26 8 3 1 2 23 2 34 108 12 10 12 17 0 2 1 2 0 15 1 3 3 1 1 2 0 12
3 2 14 3 6 19 2 0 1 1 0 12 0 703 878 422 451 392 63 172 2986 4488 12245 10204 196 3884 505 43 35 3 9 15 62 564 60 30 887 615 123 3736 7466 1215 827 4 3 69 450 14 360 1 2 0 6 27 3 4 17 92 194 106 238 97 125 75 44 2 50 126 154 113 28 7 113 2 263 23 2 1 2 0 25 1 24 55 120 121 13 13 27 5 138 248 19 79 371 57 0 3 96 11 1 0 0 0 0 1 0 1 0 0 0 1 1 0 0 4 18 8 9 3 61 49 25 3 4 1 5 2 0 1 0 0 1 1 2 24 3 0 49 106 0 8 0 0 5 2 0 0 23 9 6 3 5 0 0 0 0 0 0 0 0 0 0 0 2 3 0 4 0 0 1 0 0 2 5 2 0 2 10 3 3 19 12 0 9 4 0 2 0 1 0 16 0 1 0 0 1 1 0 3
9 12 20 5 9 29 3 0 0 1 0 15 2 173 126 189 38 2420 319 50 285 1492 10204 15818 353 2616 3600 306 365 6 28 15 14 84 775 33 36 119 673 7839 5099 6279 2735 5 2 770 1581 13 467 2 5 10 54 229 13 8 164 62 363 9 2676 143 307 662 337 5 591 298 794 136 14 4 31 6 135 44 1 2 4 1 39 1 148 353 440 785 27 23 46 6 353 226 29 66 426 55 1 6 553 98 0 0 0 0 0 0 0 2 0 0 0 0 2 0 7 0 14 29 55 41 265 272 94 6 3 2 10 1 0 2 0 0 0 3 0 20 11 2 67 190 0 29 0 1 5 2 4 1 51 78 10 3 5 1 0 1 0 0 0 3 0 0 0 0 0 1 3 2 3 1 0 1 1 4 9 3 2 1 43 7 2 21 11 1 7 1 0 1 0 0 0 23 1 1 0 0 0 0 0 1
29 22 33 15 24 33 3 6 0 3 2 31 0 5 7 3 6 12 4 1 408 4545 196 353 3977 203 84 3 598 13 124 18 24 69 21 0 18 65 7 1360 187 21 282 0 0 15 2755 1 8 1 18 26 85 406 7 27 643 20 4 0 61 47 145 72 28 1 1516 179 48 34 4 2 47 2 151 7 1 2 2 2 40 5 359 740 1146 2285 947 5 5 1 30 54 24 10 82 57 0 8 4915 1329 0 0 0 0 0 0 0 0 0 0 0 0 0 0 0 0 5 0 4 3 22 7 6 0 2 0 1 0 0 2 0 0 0 1 1 17 0 0 40 54 0 5 0 0 2 0 0 0 9 2 2 0 1 0 0 0 0 0 1 0 0 0 1 0 2 1 0 0 0 0 1 0 1 3 1 0 1 0 3 1 2 13 2 0 1 1 0 1 0 0 0 4 0 1 1 0 0 0 0 1
0 0 0 1 1 3 1 0 0 0 0 0 0 6 11 2 18 6 15 12 187 1492 3884 2616 203 4403 234 4 6 0 1 1 2 21 56 1 11 39 6 4755 761 22 125 1 0 9 50 1 7 0 0 0 2 5 0 2 3 1 0 3 20 18 25 10 5 0 9 12 25 17 1 0 21 1 21 2 0 0 0 0 3 0 3 15 48 49 1 0 1 1 16 7 1 3 40 0 0 0 33 2 0 0 0 0 0 1 0 0 0 0 0 0 0 0 1 3 20 4 40 2 110 50 32 5 3 2 6 1 0 2 0 0 0 0 1 7 1 1 58 129 0 23 0 0 2 1 0 0 18 1 9 0 1 0 0 0 0 0 0 0 0 0 0 0 0 1 0 0 0 1 0 0 0 1 2 0 0 0 3 1 0 7 5 2 1 2 0 0 0 0 0 2 0 1 0 0 1 1 0 5
12 1 7 0 4 11 4 4 1 1 0 7 0 1619 521 38 43 315 81 27 66 302 505 3600 84 234 18837 5359 502 19 40 0 4 148 2885 181 14 30 164 2516 778 112 280 1 0 25 1022 3 16 1 9 10 52 239 5 7 239 274 1108 67 140 7 73 1121 422 1 550 1097 87 16 3 0 9 6 72 1 1 0 0 0 12 1 119 219 218 346 18 1 3 1 16 21 11 5 24 33 1 22 204 137 0 0 0 0 0 0 0 0 0 0 0 0 1 3 35 3 9 44 35 147 265 690 75 5 5 2 11 0 1 3 0 0 0 1 3 6 13 2 60 126 10 21 3 0 3 2 0 1 34 37 6 1 0 0 0 0 0 0 0 0 0 0 0 0 0 0 0 0 0 2 0 0 0 2 0 1 0 0 6 0 2 8 17 1 1 1 0 0 0 0 0 4 2 0 0 0 1 0 0 1
5 0 1 1 10 5 4 1 0 0 0 3 0 2810 2912 2168 75 468 45 35 17 36 43 306 3 4 5359 8769 182 16 23 4 2 766 302 206 56 52 2187 43 236 39 91 1 0 10 108 3 10 1 0 2 18 57 2 3 96 1230 927 570 93 26 92 690 1300 1 78 1201 190 12 4 0 7 2 612 7 0 0 0 0 6 0 48 28 37 36 10 2 3 1 20 11 3 1 18 117 0 15 18 91 0 0 0 0 0 0 0 0 0 0 0 0 1 7 27 2 2 15 4 171 37 543 15 0 0 0 1 1 0 8 1 0 0 0 0 0 4 0 6 14 7 1 4 0 0 0 0 2 8 83 0 1 0 0 0 0 0 0 0 0 0 0 0 0 0 1 0 1 1 2 0 0 0 0 0 2 0 2 11 1 0 3 1 0 1 1 1 0 0 0 0 3 0 0 0 0 0 0 0 0
6706 1423 900 484 3950 1328 2531 110 23 44 14 658 0 101 49 30 6 24 3 2 216 316 35 365 598 6 502 182 29621 13850 3821 88 91 54 70 14 16 37 71 150 221 29 531 1 0 33 1342 15 18 2 30 65 2023 12788 159 22 4877 37 68 8 134 184 825 458 385 0 3337 1329 805 64 22 39 16 6 1982 14 10 10 20 3 55 3 1669 2821 493 364 3801 13 9 3 60 84 37 25 181 3512 38 3181 737 2254 1 1 21 3 6 25 0 1 4 3 35 44 2 0 0 0 3 0 3 1 12 5 1 6 5 0 1 1 0 0 0 1 26 52 6 40 2 0 40 44 1 7 2 1 9 0 0 0 13 10 12 1 2 3 1 2 0 1 3 0 5 5 0 7 30 2 0 1 2 0 6 1 11 14 1 2 0 1 11 0 102 32 5 5 5 41 0 1 1 1 6 12 0 21 30 0 5 1 0 5
5875 4934 148 1108 8124 1357 750 82 22 25 17 762 0 2 6 0 0 3 1 0 86 46 3 6 13 0 19 16 13850 21974 3340 93 79 8 1 2 0 12 9 4 248 3 22 2 0 1 31 6 14 1 41 110 549 1328 90 38 1523 5 0 0 12 14 35 18 30 0 337 72 83 36 7 28 6 3 194 2 8 0 8 6 127 6 935 387 531 150 170 26 8 1 7 132 54 17 27 1007 11 1170 30 162 3 0 8 3 2 21 1 3 3 0 16 29 0 0 0 0 1 0 0 0 1 1 0 2 0 0 0 0 0 0 4 0 14 21 0 11 0 0 1 5 0 0 0 0 2 0 0 0 2 1 0 0 0 0 0 0 0 0 3 0 2 2 0 1 1 0 0 1 0 0 4 4 2 0 2 0 0 1 1 0 59 5 1 1 0 15 0 0 2 0 2 2 1 4 15 0 3 0 0 0
202 281 62 874 8654 1052 94 20 6 7 8 430 0 8 4 2 0 2 0 0 233 79 9 28 124 1 40 23 3821 3340 10482 74 66 7 11 0 3 16 14 9 453 4 57 1 0 6 150 1 14 2 39 87 250 750 68 76 8251 7 13 0 15 20 106 63 87 1 2056 196 151 43 7 29 3 3 990 1 16 0 7 4 144 6 727 555 1014 532 1461 27 8 2 13 194 55 24 50 3998 12 276 318 8466 1 0 14 4 2 8 0 2 2 2 8 27 0 0 0 1 4 0 3 0 1 0 0 1 4 0 0 0 0 0 0 1 17 5 0 14 0 0 10 6 0 0 0 2 3 0 0 0 4 3 1 0 0 1 0 0 0 1 1 2 3 1 0 2 7 0 0 0 0 0 4 0 2 2 2 0 1 1 6 0 35 6 0 0 1 12 0 1 1 0 0 3 0 5 12 1 6 0 0 1
130 87 46 80 676 3782 65 5 74 36 13 832 0 3 4 3 0 6 1 4 169 257 15 15 18 1 0 4 88 93 74 8052 4329 2067 2 0 10 267 9 3 135 4 9 1 1 5 3 3 4 2 13 32 104 77 24 14 13 3229 0 0 10 2 10 1 7 0 30 423 37 9 1 1159 213 47 2626 2 155 2 359 4 48 0 237 57 217 64 13 5 4 0 5 48 15 5 6 4056 333 88 29 8 16 4 103 30 35 221 5 15 45 28 184 309 0 1 1 0 3 1 0 1 1 3 1 22 52 0 3 1 0 1 22 3 188 275 16 187 0 0 64 43 1 1 3 16 77 3 3 1 6 7 7 1 1 13 1 0 4 6 0 5 36 43 4 35 119 3 1 1 0 1 57 32 75 14 2 1 14 3 4 0 701 199 16 17 0 277 1 0 2 9 49 4 4 87 180 8 46 7 2 8
114 92 53 66 379 1017 55 13 169 99 86 1746 6 8 10 11 4 102 24 5 319 521 62 14 24 2 4 2 91 79 66 4329 10118 2644 0 2 9 1211 5 9 239 1 14 6 6 75 15 6 4 7 13 39 109 87 47 18 15 1035 3 2 69 7 9 3 4 11 28 67 53 8 3 4761 1318 245 2618 3 170 10 1180 2 24 3 244 89 231 104 1 14 5 2 12 44 18 3 7 3172 870 177 67 3 31 14 205 38 67 335 7 21 62 52 300 510 8 1 4 1 18 6 12 11 68 32 8 89 157 3 8 5 0 5 19 12 334 791 92 1036 4 2 567 335 2 39 11 28 184 8 5 2 119 42 78 6 0 26 2 7 2 16 0 3 79 79 5 59 361 16 6 15 5 3 153 83 262 94 9 20 11 2 17 1 1600 1064 168 74 1 681 1 1 2 26 119 5 7 190 328 12 131 26 2 53
11 2 10 5 25 51 4 1 3 3 1 120 0 594 338 405 163 214 51 49 930 1823 564 84 69 21 148 766 54 8 7 2067 2644 6809 57 142 1539 2131 562 46 711 19 153 10 0 23 62 39 20 2 6 14 36 41 17 22 15 4706 614 1876 153 72 199 95 802 2 45 3075 1903 42 24 287 79 36 5428 48 13 32 125 0 27 0 141 65 312 156 33 4 19 4 39 34 5 3 56 838 26 17 135 22 9 4 14 12 16 39 2 8 7 3 31 50 4 5 6 1 33 13 18 18 88 41 11 37 101 5 15 3 2 12 5 11 65 323 63 640 7 3 460 347 4 83 16 8 85 5 3 2 120 32 126 5 5 8 1 4 0 9 1 4 27 22 0 6 161 30 3 21 8 2 43 22 210 135 7 18 14 2 17 0 353 568 63 88 5 175 1 2 3 7 39 24 8 65 27 2 40 6 0 54
0 2 2 0 0 3 1 0 0 1 0 1 0 2555 665 13 23 18 10 9 41 77 60 775 21 56 2885 302 70 1 11 2 0 57 4720 1163 37 17 14 2362 99 10 190 2 1 9 1326 1 1 0 2 0 8 30 1 2 22 172 2259 99 25 19 154 308 133 0 63 633 164 7 1 0 2 11 19 1 0 0 0 0 3 0 18 25 26 63 3 0 4 0 10 5 3 0 32 4 0 0 28 22 0 0 0 0 0 0 0 0 0 0 0 0 2 2 4 8 19 19 47 11 263 218 73 8 13 1 14 0 1 4 0 0 1 1 2 17 3 2 83 220 0 30 2 0 3 2 0 1 63 12 18 0 0 0 0 0 0 0 0 0 0 0 1 0 0 4 1 4 1 1 1 0 3 3 2 2 0 0 4 1 3 22 14 0 2 2 0 0 0 2 0 6 0 1 2 0 0 1 0 2
0 0 0 0 0 0 0 0 0 0 0 0 0 4811 709 37 50 9 0 15 5 7 30 33 0 1 181 206 14 2 0 0 2 142 1163 1811 52 5 20 226 35 2 13 0 0 2 102 1 0 0 0 1 0 1 0 0 3 369 2154 504 0 4 22 65 59 0 5 283 52 3 3 0 0 1 26 0 0 0 0 0 0 0 2 2 2 2 1 0 0 0 2 1 0 0 1 4 0 0 0 5 0 0 0 0 0 0 0 0 0 0 0 0 0 0 0 0 1 0 4 1 9 3 2 0 0 0 0 0 0 0 0 0 0 0 0 0 0 0 1 2 0 0 0 0 0 0 0 0 0 1 0 0 0 0 0 0 0 0 0 0 0 0 0 0 0 0 0 0 0 0 1 0 0 0 0 0 0 0 0 0 0 1 0 0 0 0 0 0 0 0 0 0 0 0 0 0 0 0 0 0
0 1 0 0 9 9 0 0 0 0 0 3 2 671 383 291 1155 535 242 76 274 461 887 36 18 11 14 56 16 0 3 10 9 1539 37 52 3486 1716 84 29 532 2 19 3 4 96 34 10 3 3 1 2 1 6 1 3 3 530 968 1899 501 8 18 9 65 4 4 319 274 1 5 3 17 78 475 12 1 9 0 1 3 3 6 4 36 13 2 2 5 3 9 4 0 1 9 104 0 0 18 5 1 1 0 0 1 1 0 2 0 0 2 0 6 6 13 10 71 12 82 16 296 94 66 39 69 11 29 5 4 14 1 1 4 41 13 137 43 3 425 518 1 173 8 2 28 9 2 2 226 46 156 3 1 1 1 1 0 0 0 1 1 2 1 0 13 44 4 16 6 3 10 5 17 62 6 12 2 0 19 2 34 141 51 28 2 28 0 0 2 13 3 12 2 5 8 1 20 3 1 57
4 5 7 1 21 48 3 0 2 1 3 65 261 71 76 383 237 3869 3899 73 693 1571 615 119 65 39 30 52 37 12 16 267 1211 2131 17 5 1716 7811 105 87 733 22 105 1192 215 1667 117 45 19 43 4 10 19 25 9 12 22 478 133 388 2349 53 69 29 104 219 21 251 464 31 34 148 778 1513 1382 37 18 191 100 6 16 35 76 56 257 165 28 17 24 30 90 24 6 5 46 774 18 7 143 14 10 2 13 12 14 23 3 9 8 0 23 37 71 41 140 54 297 109 352 221 2085 1345 437 209 341 45 159 36 12 84 18 17 58 532 90 1132 200 20 2107 2676 5 784 43 21 180 45 19 13 1230 504 661 25 5 14 0 5 0 10 1 2 21 21 5 6 178 165 15 83 33 74 57 39 259 340 43 66 8 8 181 23 409 1296 526 187 40 287 1 4 5 26 49 50 25 80 58 7 100 27 7 261
2 1 1 2 10 3 4 0 0 0 0 4 1 632 1171 584 86 5820 27 99 26 57 123 673 7 6 164 2187 71 9 14 9 5 562 14 20 84 105 12381 17 602 144 553 1 1 154 33 85 36 1 0 1 9 26 6 1 45 550 190 291 9782 112 196 2037 2303 4 40 365 3641 55 60 0 6 2 487 170 1 0 0 0 18 1 19 21 43 33 11 10 35 4 75 31 8 13 57 107 0 6 24 42 0 0 0 0 0 0 0 0 0 0 0 0 0 2 35 0 1 6 1 69 11 187 3 0 1 1 2 1 0 5 0 0 1 0 1 2 0 0 6 9 7 2 16 0 1 1 12 1 8 194 0 6 5 1 1 4 1 1 0 0 0 0 1 0 1 1 8 7 2 7 0 2 1 2 8 14 0 2 51 5 0 4 3 0 8 2 1 4 2 0 1 31 3 1 2 0 0 0 1 5
9 6 7 0 9 6 0 0 1 2 0 10 0 1032 277 13 36 37 33 24 381 2463 3736 7839 1360 4755 2516 43 150 4 9 3 9 46 2362 226 29 87 17 5042 1064 65 513 4 0 19 3525 2 24 0 2 4 12 72 5 5 56 55 562 33 55 28 93 176 40 1 224 257 51 29 3 0 31 10 53 4 0 1 0 0 7 0 61 180 264 398 23 3 4 1 19 27 3 9 100 17 1 1 330 32 0 0 0 0 0 2 0 1 0 0 1 0 6 2 7 6 59 29 110 13 503 277 145 21 22 5 39 2 1 8 0 0 0 5 5 34 27 4 238 527 0 102 3 0 10 1 0 0 126 33 46 0 1 0 0 0 0 0 1 0 0 0 1 0 1 8 2 1 3 8 2 0 3 11 2 3 0 0 5 0 7 39 14 1 3 10 1 0 1 2 0 8 1 2 0 0 2 2 0 6
332 422 1008 250 369 701 38 40 15 53 14 590 3 1334 1595 1338 491 1888 219 337 1468 868 7466 5099 187 761 778 236 221 248 453 135 239 711 99 35 532 733 602 1064 7299 4224 2059 22 13 555 521 99 2413 44 328 105 35 95 1356 1247 183 270 228 148 1911 147 267 295 293 9 141 614 1038 274 142 44 190 12 1082 146 16 7 28 10 474 33 1167 130 1196 212 220 320 375 82 1020 2103 240 401 1357 690 27 31 229 259 1 2 3 2 3 12 0 2 6 1 15 16 2 0 1 0 9 5 11 8 42 28 9 3 12 3 5 2 0 4 2 1 14 34 6 61 0 0 62 70 0 5 0 0 10 6 4 0 31 24 12 12 16 3 0 1 1 2 4 15 3 5 0 3 16 4 0 6 1 3 7 4 21 10 8 8 9 13 67 11 70 53 9 10 19 40 4 7 42 4 5 71 12 11 13 0 7 4 0 4
4 8 10 2 2 9 0 1 0 1 0 7 0 23 42 165 3 385 24 8 17 133 1215 6279 21 22 112 39 29 3 4 4 1 19 10 2 2 22 144 65 4224 8159 3236 2 2 411 32 19 2119 8 5 2 3 15 6 5 18 18 14 5 874 52 68 56 146 3 40 36 524 84 23 0 9 0 41 48 0 0 0 1 19 0 19 30 40 57 3 33 49 13 481 418 37 112 538 21 1 3 36 10 0 0 0 0 0 0 0 0 0 0 0 1 0 0 1 1 2 0 6 4 11 14 2 0 0 0 0 0 0 0 0 0 0 0 0 3 0 0 3 5 0 2 0 0 0 0 1 0 2 12 0 1 4 0 0 0 0 0 0 2 0 0 0 0 0 0 0 1 2 2 0 0 0 0 5 2 0 4 28 0 0 2 0 0 10 0 0 3 1 0 0 27 1 0 0 0 0 0 0 0
40 22 74 23 35 71 7 7 1 1 0 44 0 75 49 81 34 1548 253 23 196 1202 827 2735 282 125 280 91 531 22 57 9 14 153 190 13 19 105 553 513 2059 3236 5853 19 22 1631 717 125 5060 24 39 22 53 301 19 27 286 156 264 20 4328 807 1805 5981 953 17 728 488 3657 777 119 2 42 5 271 329 2 0 3 3 114 4 222 430 555 807 61 82 152 37 3181 2289 580 1616 7685 173 3 20 612 180 0 0 1 0 0 0 0 1 0 0 0 0 0 1 10 2 8 4 12 24 70 92 25 1 1 5 3 0 0 0 1 1 1 0 3 6 2 0 32 58 1 16 1 0 2 6 8 1 25 161 5 47 72 0 2 11 0 0 2 25 0 0 0 0 0 0 9 12 11 16 0 2 1 2 94 27 4 31 299 39 0 7 5 0 130 3 4 26 31 0 0 336 23 0 1 0 0 0 0 0
2 0 0 0 0 1 0 0 4 0 0 1 1972 1 0 1 16 271 3011 19 12 27 4 5 0 1 1 1 1 2 1 1 6 10 2 0 3 1192 1 4 22 2 19 8315 4604 2537 6 41 17 1425 12 191 3 1 4 2 0 2 1 1 90 27 21 3 1 893 2 4 38 9 44 57 1932 2910 1 6 501 762 1902 261 158 562 1 2 7 2 1 311 186 389 412 21 0 5 26 3 42 4 4 0 3 2 2 1 0 1 1 4 2 0 0 2 12 8 93 4 80 43 104 215 599 1046 132 38 44 10 27 8 2 23 3 1 5 72 22 233 26 4 821 923 12 131 5 1 36 14 12 11 458 366 127 21 50 1 2 22 2 3 7 16 2 3 0 1 13 35 14 22 15 87 7 2 22 42 80 49 6 26 415 44 66 415 432 33 152 76 14 88 37 7 3 376 17 8 10 2 25 3 3 47
4 1 3 0 1 3 2 0 130 5 0 3 2607 0 1 0 14 23 358 3 2 1 3 2 0 0 0 0 0 0 0 1 6 0 1 0 4 215 1 0 13 2 22 4604 7331 2180 1 27 15 5013 12 119 22 2 5 1 0 1 0 0 15 52 27 0 3 3891 0 2 32 16 57 77 534 128 1 11 1332 492 931 185 111 306 0 0 1 0 0 322 260 2010 2065 18 3 4 30 0 602 65 1 0 0 0 2 0 2 1 0 6 0 0 0 1 0 0 30 1 1 3 0 11 17 23 0 1 1 4 1 2 1 2 4 2 1 0 0 4 0 0 17 8 0 4 1 1 4 37 103 5 36 428 2 95 156 1 11 97 2 4 7 31 0 3 3 1 1 0 27 74 47 340 3 4 1 1 285 129 11 58 2076 294 11 17 13 2 512 24 17 339 100 1 0 1153 72 2 18 2 0 0 2 1
2 3 1 0 3 4 2 0 33 3 0 6 4493 6 30 27 105 3375 7254 68 29 132 69 770 15 9 25 10 33 1 6 5 75 23 9 2 96 1667 154 19 555 411 1631 2537 2180 8575 36 92 137 157 3 1 12 24 3 8 33 11 11 6 473 159 247 290 54 5481 50 32 463 77 56 26 1736 74 65 119 210 29 250 1 39 30 25 30 64 68 11 64 100 93 2016 89 13 32 287 54 143 10 58 16 1 3 0 1 2 0 0 71 0 0 0 1 8 8 1234 5 5 10 5 760 230 1260 14 9 25 11 6 45 6 28 27 36 3 9 11 35 5 6 252 109 37 32 499 2 12 214 945 81 421 11579 38 115 90 4 9 39 0 4 0 17 9 16 8 17 3 10 474 818 116 1567 23 82 47 46 296 978 13 63 4480 588 35 148 191 71 624 193 6 62 33 11 8 481 107 25 218 11 8 9 26 23
28 16 35 10 23 28 4 5 0 1 0 14 0 345 88 12 16 33 7 9 555 1568 450 1581 2755 50 1022 108 1342 31 150 3 15 62 1326 102 34 117 33 3525 521 32 717 6 1 36 4134 2 9 1 12 30 120 642 14 31 714 33 882 24 74 66 394 507 174 1 2068 1344 261 32 9 2 74 9 89 6 0 6 1 2 32 1 341 740 727 1241 2611 3 3 2 34 49 21 9 115 42 0 28 985 502 0 0 1 1 1 0 0 0 1 0 1 1 5 1 0 6 62 7 57 13 202 46 47 12 21 3 10 1 0 4 0 0 3 21 10 135 13 1 307 507 1 46 2 0 14 0 0 1 97 18 70 1 1 0 0 0 0 1 0 1 0 1 0 0 10 21 0 8 0 0 3 1 10 18 4 4 0 0 15 0 9 111 29 10 2 10 0 0 1 0 1 8 4 3 1 0 5 1 0 16
5 4 9 0 7 16 1 0 3 0 0 6 8 6 13 7 11 93 8 12 4 11 14 13 1 1 3 3 15 6 1 3 6 39 1 1 10 45 85 2 99 19 125 41 27 92 2 26667 86 134 5 4 5 8 2 2 9 38 8 4 984 9991 498 47 57 26 12 50 5488 551 8604 0 41 2 85 14212 18 0 3 7 865 24 4 4 15 4 4 2262 7495 255 7510 103 8 26 228 57 4 3 8 6 0 0 0 0 0 0 0 0 0 0 0 0 0 0 1 0 2 1 1 6 3 15 0 0 1 5 0 3 1 2 0 2 0 0 0 4 0 0 3 10 1 6 4 0 2 27 33 3 9 29 5 482 628 5 13 240 8 6 11 97 2 0 2 2 0 0 22 104 176 19 2 5 0 1 425 43 39 222 869 64 1 5 10 1 488 13 101 161 359 0 4 1927 322 3 5 1 0 0 0 0
28 36 73 21 17 55 5 6 0 3 0 27 0 6 10 31 6 86 7 4 33 77 360 467 8 7 16 10 18 14 14 4 4 20 1 0 3 19 36 24 2413 2119 5060 17 15 137 9 86 11184 18 13 4 1 15 3 3 17 15 6 2 459 95 93 38 63 10 31 29 381 150 58 3 11 1 36 90 1 0 1 3 71 4 16 13 33 24 6 124 290 46 866 4259 174 2507 6143 45 2 1 17 6 0 0 0 0 0 0 0 0 0 0 1 1 0 0 0 0 2 0 2 0 8 4 2 1 0 1 0 0 0 0 0 0 1 2 0 0 0 0 7 6 0 4 0 0 1 0 0 0 3 6 0 7 20 0 0 2 0 0 2 5 0 0 0 0 1 0 1 1 2 2 0 1 0 0 13 0 3 9 44 2 2 4 0 0 22 3 4 7 12 0 0 60 9 2 0 0 0 0 0 0
9 4 13 6 2 6 5 5 229 18 0 6 106 1 0 0 7 5 50 1 1 5 1 2 1 0 1 1 2 1 2 2 7 2 0 0 3 43 1 0 44 8 24 1425 5013 157 1 134 18 13972 68 1409 35 1 25 4 1 0 0 0 27 144 61 6 3 1411 4 3 116 62 160 47 277 558 2 65 1797 447 777 1550 757 6295 25 3 0 4 1 2748 1522 4739 2335 56 6 12 51 4 1150 94 1 0 3 1 0 0 1 1 0 3 0 2 2 0 0 0 11 0 0 0 0 8 5 8 2 0 1 2 3 0 0 0 1 0 0 3 0 0 0 1 9 7 0 0 3 0 2 30 112 6 32 89 0 219 427 5 5 357 33 14 68 173 2 5 2 2 3 0 6 49 48 301 3 2 1 1 263 35 55 207 1831 126 8 10 16 2 444 29 130 1541 601 1 5 2250 133 0 20 1 0 0 0 1
226 120 303 78 56 148 28 22 5 23 6 113 0 0 0 0 0 2 0 0 6 6 2 5 18 0 9 0 30 41 39 13 13 6 2 0 1 4 0 2 328 5 39 12 12 3 12 5 13 68 10852 14270 75 58 1019 152 19 9 0 0 8 8 15 10 5 33 19 16 12 337 12 14 6 32 71 1 33 3 12 322 2730 274 1230 124 91 67 34 231 27 4 5 6254 5672 59 70 102 21 5 19 26 0 0 1 0 1 0 0 0 0 0 1 2 0 0 0 0 0 0 0 0 1 0 0 0 1 0 1 0 0 0 0 0 2 10 2 5 0 0 8 6 0 0 0 0 1 0 0 0 0 1 0 5 3 0 0 0 100 22 203 206 12 0 0 0 5 0 0 1 0 0 0 0 2 0 0 0 35 13 1 0 14 8 1 1 1 9 64 2 44 0 0 9 3 2 1 0 0 0 0 0
372 203 470 64 102 154 74 81 63 68 16 186 6 1 1 0 1 0 3 0 9 11 0 10 26 0 10 2 65 110 87 32 39 14 0 1 2 10 1 4 105 2 22 191 119 1 30 4 4 1409 14270 22145 121 92 1474 143 34 20 0 0 2 9 13 13 3 546 19 31 8 172 59 21 44 396 106 1 451 111 143 10618 10083 2248 1594 82 110 46 39 765 60 24 12 2022 1076 7 12 124 388 49 26 43 2 1 2 0 3 1 0 2 0 0 4 1 0 0 0 0 1 0 0 0 1 0 0 1 0 0 0 0 0 0 0 1 1 9 1 18 0 0 5 2 0 3 0 5 3 2 0 0 1 1 1 10 13 33 0 19 1988 624 4979 1556 157 6 1 2 6 0 0 3 1 21 4 2 8 4 1 0 189 80 15 1 38 14 20 4 2 40 933 58 383 0 43 108 23 2 17 1 1 0 1 1
1374 454 685 119 413 401 1152 517 328 508 91 669 2 4 2 3 0 1 1 0 23 45 6 54 85 2 52 18 2023 549 250 104 109 36 8 0 1 19 9 12 35 3 53 3 22 12 120 5 1 35 75 121 12000 8544 7383 14 137 21 3 0 8 14 62 61 38 11 252 96 68 9 2 191 33 55 309 2 346 31 119 14 58 41 1871 359 93 189 288 32 11 20 9 47 27 2 25 450 700 4647 115 168 6 0 17 7 2 19 5 8 4 9 29 33 0 0 0 0 3 1 0 0 0 0 0 4 8 0 0 1 0 0 1 0 18 39 4 40 0 0 21 12 0 0 1 0 13 1 0 0 1 4 2 0 0 0 0 1 1 1 2 2 1 3 0 2 19 2 0 1 0 1 9 3 19 1 0 1 1 0 12 1 107 48 11 4 1 42 0 2 2 5 2 1 0 10 14 0 4 0 0 3
2288 984 1318 361 932 892 1627 546 120 240 46 778 0 22 7 7 0 16 2 1 59 184 27 229 406 5 239 57 12788 1328 750 77 87 41 30 1 6 25 26 72 95 15 301 1 2 24 642 8 15 1 58 92 8544 17480 255 12 610 21 14 2 84 89 358 189 141 2 1519 394 284 34 7 52 20 17 691 2 45 8 33 3 46 2 3748 6306 445 763 1277 9 2 1 22 70 29 6 91 965 129 4361 485 584 3 1 11 2 2 28 0 2 2 1 18 35 0 0 0 0 1 0 0 0 3 1 1 4 6 0 0 0 0 0 0 1 13 40 3 49 0 0 21 22 0 3 1 1 9 2 0 0 2 3 2 0 0 0 0 0 1 0 2 1 0 5 1 2 25 1 3 2 0 0 7 3 18 12 0 2 1 0 4 2 73 40 8 2 0 46 0 0 1 2 5 4 0 19 14 0 5 2 0 3
352 155 356 56 102 159 152 89 103 114 28 213 0 1 3 2 0 4 1 0 8 10 3 13 7 0 5 2 159 90 68 24 47 17 1 0 1 9 6 5 1356 6 19 4 5 3 14 2 3 25 1019 1474 7383 255 18424 447 19 17 1 0 8 6 21 6 16 6 20 26 18 70 3 45 12 25 94 0 75 8 40 45 680 47 2524 33 31 39 47 50 6 5 6 1028 295 9 7 121 159 827 12 24 1 0 8 2 1 10 0 0 3 1 5 10 0 0 0 0 0 0 0 0 0 1 0 0 4 0 1 0 0 0 0 0 4 17 1 20 0 0 5 4 0 0 0 0 4 1 0 0 1 1 1 0 0 1 0 1 17 3 35 15 3 0 0 0 13 0 0 0 0 0 1 1 6 1 0 0 2 7 3 2 34 18 3 2 0 17 5 0 5 3 0 2 0 1 6 0 1 0 0 0
114 84 224 94 89 215 14 13 1 12 0 157 0 0 4 0 2 4 1 1 3345 80 4 8 27 2 7 3 22 38 76 14 18 22 2 0 3 12 1 5 1247 5 27 2 1 8 31 2 3 4 152 143 14 12 447 2132 20 10 2 0 16 3 21 9 9 1 23 24 23 35 4 4 7 2 111 0 2 0 4 7 145 6 4030 28 2364 36 41 20 4 1 4 341 68 17 19 149 2 5 45 37 0 0 2 1 0 1 0 0 0 0 1 2 0 0 0 0 0 0 1 0 0 0 1 2 1 0 0 0 0 0 1 0 3 3 3 6 0 0 6 5 0 1 0 0 0 0 0 0 3 2 0 1 0 0 0 0 1 1 2 3 0 0 0 0 6 0 0 0 0 0 0 0 3 1 0 0 0 1 0 1 7 6 2 0 1 3 1 0 3 0 0 2 1 1 0 0 0 1 0 0
54 34 41 18 2280 125 26 3 0 3 2 54 0 25 14 8 1 14 0 0 110 198 17 164 643 3 239 96 4877 1523 8251 13 15 15 22 3 3 22 45 56 183 18 286 0 0 33 714 9 17 1 19 34 137 610 19 20 11008 11 56 1 90 95 418 251 286 0 7875 886 565 48 16 8 6 1 1594 7 2 2 6 3 44 3 345 620 570 1932 3793 10 7 4 41 67 33 5 107 2173 4 134 2290 4302 0 0 1 1 1 4 0 0 0 1 3 5 0 0 2 0 3 1 1 1 6 1 0 4 2 0 0 0 0 0 0 1 5 11 1 15 0 0 17 33 0 2 0 0 6 0 0 0 5 8 2 0 1 0 0 0 0 0 0 0 0 3 0 1 6 2 0 3 0 1 0 2 2 3 2 1 1 1 10 1 26 18 1 1 6 12 0 1 0 3 1 6 1 4 6 0 1 0 1 0
4 4 14 5 21 48 4 1 7 1 2 169 0 1340 529 268 103 78 5 16 275 428 92 62 20 1 274 1230 37 5 7 3229 1035 4706 172 369 530 478 550 55 270 18 156 2 1 11 33 38 15 0 9 20 21 21 17 10 11 12297 694 1343 54 86 287 185 1337 0 32 8571 2177 33 17 503 158 9 7317 32 16 6 245 0 35 0 130 50 158 84 40 3 8 3 22 23 9 4 89 925 20 4 46 16 3 5 14 8 6 32 3 5 7 5 26 33 0 1 1 1 11 1 5 3 18 17 2 13 30 1 5 3 0 3 4 2 34 112 7 225 2 0 116 137 0 10 0 2 30 6 2 0 23 20 25 2 7 4 1 1 1 2 1 4 20 7 2 6 51 12 3 4 3 0 21 10 58 23 4 1 1 2 27 1 196 157 12 12 2 82 0 3 1 2 24 18 4 28 20 0 17 1 1 10
0 0 0 0 2 0 0 0 0 0 0 1 0 3039 577 102 224 37 5 28 45 94 194 363 4 0 1108 927 68 0 13 0 3 614 2259 2154 968 133 190 562 228 14 264 1 0 11 882 8 6 0 0 0 3 14 1 2 56 694 3794 2443 61 79 503 550 766 0 53 1090 803 17 10 1 2 1 105 7 1 5 0 0 4 0 8 23 16 26 8 1 3 0 20 5 2 4 75 14 1 3 17 22 0 0 0 0 1 0 0 0 0 0 0 2 1 0 1 0 7 5 16 2 34 18 12 4 5 0 1 1 0 2 0 0 0 3 1 17 3 1 54 86 0 5 1 0 2 0 1 0 9 9 11 0 1 0 0 2 0 0 0 0 1 0 0 0 0 2 0 4 0 0 0 2 0 7 1 1 0 0 6 2 3 16 1 1 3 3 0 2 0 0 0 7 1 1 0 0 1 0 1 0
0 0 0 0 0 0 0 0 0 0 0 1 0 1177 356 270 164 70 2 26 44 74 106 9 0 3 67 570 8 0 0 0 2 1876 99 504 1899 388 291 33 148 5 20 1 0 6 24 4 2 0 0 0 0 2 0 0 1 1343 2443 1201 15 6 33 24 271 0 2 429 516 1 4 0 1 0 78 13 0 2 0 0 1 0 0 1 7 0 1 1 1 0 7 1 0 0 6 6 0 0 4 4 0 0 0 0 0 0 0 0 0 0 0 0 0 0 0 0 2 0 2 0 4 4 3 0 2 1 1 0 0 0 0 0 0 2 0 3 0 0 9 14 0 6 1 0 1 0 0 0 2 0 4 0 0 0 0 0 0 0 0 0 0 0 0 0 1 1 1 3 0 0 0 0 3 1 2 0 0 0 2 0 0 7 0 0 1 0 0 0 0 0 0 2 0 0 0 0 0 0 0 1
3 4 4 3 5 14 4 0 1 0 0 6 9 43 256 216 811 3968 871 839 73 307 238 2676 61 20 140 93 134 12 15 10 69 153 25 0 501 2349 9782 55 1911 874 4328 90 15 473 74 984 459 27 8 2 8 84 8 16 90 54 61 15 15483 672 1017 1135 425 97 147 160 12154 317 486 4 482 17 134 8293 6 1 5 1 155 4 84 94 149 183 20 78 221 28 2837 239 44 87 837 82 5 3 126 54 0 2 0 1 0 0 0 30 0 0 1 0 9 17 402 4 15 16 5 179 138 601 9 5 18 8 8 21 1 27 7 10 1 14 6 25 13 8 119 79 25 28 184 1 8 103 280 30 231 2753 20 68 48 6 5 36 0 2 0 6 6 11 7 7 2 5 103 351 60 255 12 30 17 18 191 351 11 33 1472 264 17 70 82 19 318 48 6 35 16 7 3 315 60 11 63 5 5 5 10 14
8 2 16 3 12 22 6 0 1 0 0 9 6 10 12 7 5 86 12 8 35 225 97 143 47 18 7 26 184 14 20 2 7 72 19 4 8 53 112 28 147 52 807 27 52 159 66 9991 95 144 8 9 14 89 6 3 95 86 79 6 672 22620 8940 463 353 19 148 200 3042 10259 2406 1 29 2 145 742 14 1 13 10 459 24 66 86 125 170 11 967 2664 277 2091 176 124 281 3095 111 8 12 89 47 0 0 0 0 0 0 0 1 0 0 0 0 0 0 3 0 0 2 2 14 11 15 2 1 2 5 3 5 0 2 4 1 0 1 1 1 0 1 6 10 1 3 0 0 4 53 31 1 8 30 8 698 986 2 16 222 6 14 17 168 2 0 0 4 0 1 23 143 207 33 1 3 3 1 632 46 72 393 965 77 1 3 5 2 632 13 150 217 544 3 1 2836 494 6 11 0 0 0 0 2
19 5 15 4 32 26 8 3 0 0 1 18 1 55 36 14 7 168 33 3 137 567 125 307 145 25 73 92 825 35 106 10 9 199 154 22 18 69 196 93 267 68 1805 21 27 247 394 498 93 61 15 13 62 358 21 21 418 287 503 33 1017 8940 26407 7213 3995 13 894 1029 5367 1500 378 1 36 2 338 274 2 0 2 0 97 4 282 410 485 656 51 83 387 80 2269 141 78 121 5215 199 0 31 432 280 0 0 0 0 0 0 0 0 0 0 0 0 0 0 5 1 3 1 5 14 22 37 9 0 0 2 4 0 2 2 1 2 0 0 0 5 0 1 8 19 3 2 2 0 1 11 14 1 10 40 2 128 223 2 5 52 0 2 1 25 0 0 0 0 0 1 10 28 31 16 0 2 2 2 298 36 9 49 621 61 2 5 5 1 381 5 9 115 55 0 0 1113 65 0 4 0 0 0 0 0
7 2 11 1 11 12 3 3 0 1 0 8 0 180 81 27 5 1088 272 12 56 221 75 662 72 10 1121 690 458 18 63 1 3 95 308 65 9 29 2037 176 295 56 5981 3 0 290 507 47 38 6 10 13 61 189 6 9 251 185 550 24 1135 463 7213 7523 10124 3 584 642 3385 142 26 0 7 2 120 18 1 0 0 0 30 1 116 219 204 327 33 10 14 3 177 37 11 14 619 67 0 7 212 195 0 0 0 0 0 0 0 0 0 0 0 0 0 0 12 1 3 0 13 55 50 116 12 2 0 1 2 0 0 2 0 0 0 2 0 1 2 0 15 25 0 2 1 0 1 0 5 0 5 136 1 5 12 0 0 2 0 0 0 1 0 0 0 0 0 0 10 5 3 5 0 0 0 0 17 4 0 1 48 6 0 7 1 1 27 0 1 6 3 0 0 70 3 0 0 0 0 0 0 0
11 1 4 1 23 17 11 0 0 1 0 11 0 499 468 55 38 186 27 20 61 99 44 337 28 5 422 1300 385 30 87 7 4 802 133 59 65 104 2303 40 293 146 953 1 3 54 174 57 63 3 5 3 38 141 16 9 286 1337 766 271 425 353 3995 10124 9011 1 263 1479 7947 110 30 2 6 0 816 31 0 0 1 0 13 0 90 104 161 142 25 13 28 7 142 36 15 10 366 241 0 23 74 245 0 0 0 0 1 0 0 0 0 0 0 0 0 0 10 0 1 1 3 23 5 56 0 0 0 1 1 0 0 0 0 0 0 0 0 2 1 0 4 12 2 2 2 0 0 0 6 0 9 66 2 5 9 0 0 2 0 0 0 1 0 0 0 0 1 0 6 3 2 3 0 0 1 1 11 10 0 3 70 8 0 4 2 1 30 0 0 8 7 0 0 56 2 1 2 0 0 0 0 1
1 1 4 1 1 1 0 1 75 11 0 0 2054 0 1 1 8 220 705 2 0 1 2 5 1 0 1 1 0 0 1 0 11 2 0 0 4 219 4 1 9 3 17 893 3891 5481 1 26 10 1411 33 546 11 2 6 1 0 0 0 0 97 19 13 3 1 1841 0 2 33 14 27 13 318 531 13 6 910 1089 341 548 282 557 7 3 3 0 0 285 93 203 1157 22 3 3 15 8 477 37 1 0 0 1 0 0 0 0 0 5 0 0 1 0 0 0 245 1 0 2 0 96 21 291 3 0 1 2 3 1 0 3 1 0 1 2 1 4 0 0 28 17 2 2 15 1 3 19 115 20 58 1153 0 18 47 0 0 25 11 1 12 14 3 0 3 1 1 0 24 32 13 1866 1 0 0 1 72 41 4 24 734 66 5 17 38 1 103 17 11 72 26 0 0 288 27 1 17 1 0 1 0 0
131 153 244 120 468 349 28 16 3 11 3 205 0 43 12 11 3 35 2 1 94 405 50 591 1516 9 550 78 3337 337 2056 30 28 45 63 5 4 21 40 224 141 40 728 2 0 50 2068 12 31 4 19 19 252 1519 20 23 7875 32 53 2 147 148 894 584 263 0 11276 1076 447 67 19 14 18 3 1178 10 3 2 4 0 31 3 548 3934 698 2425 4802 6 9 2 58 49 20 7 221 792 7 53 2413 2838 0 0 4 1 0 4 0 2 2 2 6 9 0 0 0 0 6 0 2 1 10 9 4 4 7 0 2 0 0 0 1 0 6 11 1 13 1 0 29 25 0 2 0 0 4 0 0 0 6 12 1 2 2 0 0 1 0 0 0 2 2 0 0 0 4 1 0 2 0 0 3 0 8 4 5 2 0 0 9 2 39 19 4 4 5 11 0 1 1 0 0 10 2 2 2 0 1 1 0 1
16 11 19 8 31 32 5 3 0 3 0 22 0 1538 485 182 54 81 5 13 619 1044 126 298 179 12 1097 1201 1329 72 196 423 67 3075 633 283 319 251 365 257 614 36 488 4 2 32 1344 50 29 3 16 31 96 394 26 24 886 8571 1090 429 160 200 1029 642 1479 2 1076 8801 2679 96 33 4 27 5 6422 25 1 31 2 1 57 0 291 304 498 376 4031 9 18 4 73 52 25 16 199 102 1 56 237 680 1 0 0 0 1 7 0 0 1 0 1 9 0 1 2 1 39 4 17 8 78 33 11 14 28 0 6 1 1 4 2 1 8 48 23 189 4 0 296 367 1 47 3 3 28 2 4 0 75 36 60 3 5 3 0 3 1 0 0 1 2 4 0 0 20 17 2 8 4 0 5 4 26 41 9 7 2 3 33 0 30 165 19 21 11 9 1 2 3 2 4 32 3 6 2 0 11 3 0 18
17 4 6 8 108 89 15 5 0 1 0 28 2 576 1031 405 173 1516 25 166 140 294 154 794 48 25 87 190 805 83 151 37 53 1903 164 52 274 464 3641 51 1038 524 3657 38 32 463 261 5488 381 116 12 8 68 284 18 23 565 2177 803 516 12154 3042 5367 3385 7947 33 447 2679 19710 765 837 4 121 5 2708 5703 9 0 7 3 186 5 212 200 360 323 63 132 739 97 4359 228 49 84 1625 1072 4 73 153 433 0 1 0 0 1 0 0 8 0 0 0 0 2 1 27 2 5 1 7 11 22 46 5 2 2 9 3 2 0 1 4 1 0 8 3 14 1 0 35 26 2 16 12 0 5 78 132 1 55 309 13 159 242 3 4 149 2 3 2 30 0 1 3 3 1 6 24 146 108 71 3 7 2 3 508 128 7 68 1862 252 6 24 19 10 893 41 12 186 72 1 0 1624 150 5 33 1 2 4 0 4
104 73 163 45 37 91 15 18 2 9 3 63 0 5 4 8 4 40 5 2 39 176 113 136 34 17 16 12 64 36 43 9 8 42 7 3 1 31 55 29 274 84 777 9 16 77 32 551 150 62 337 172 9 34 70 35 48 33 17 1 317 10259 1500 142 110 14 67 96 765 8111 1906 4 13 5 78 168 2 1 7 56 1834 171 171 67 124 93 17 435 455 103 732 1095 1627 3089 1890 58 4 2 62 44 0 0 0 0 0 0 0 2 0 0 1 1 0 0 0 1 0 1 3 3 7 8 2 0 1 3 4 1 0 1 0 1 0 1 0 4 1 0 0 2 0 2 0 0 1 12 8 2 0 18 2 263 324 9 6 84 14 26 63 295 11 0 0 0 4 1 9 48 57 8 1 1 1 2 195 16 89 222 340 30 15 4 3 4 206 14 235 76 507 0 3 879 185 1 2 0 0 0 0 2
13 16 41 7 7 31 3 0 3 3 0 10 7 1 4 5 6 60 4 9 8 18 28 14 4 1 3 4 22 7 7 1 3 24 1 3 5 34 60 3 142 23 119 44 57 56 9 8604 58 160 12 59 2 7 3 4 16 17 10 4 486 2406 378 26 30 27 19 33 837 1906 8096 1 25 10 72 906 22 1 11 16 8307 133 20 7 11 9 3 3491 2350 304 1772 177 77 189 205 50 25 3 5 8 1 0 0 0 0 0 0 0 0 1 0 0 0 0 0 0 1 1 0 5 3 0 1 1 0 3 1 2 0 0 0 0 0 0 1 0 0 0 2 3 2 1 0 1 5 16 14 0 4 6 0 319 280 2 9 67 15 13 38 284 1 2 0 0 0 0 4 41 66 8 0 0 1 1 150 16 123 378 227 27 0 3 5 0 138 1 240 68 704 0 1 787 267 0 4 0 0 0 0 0
33 18 44 20 103 596 41 19 523 116 225 1202 5 0 1 0 0 1 0 1 41 56 7 4 2 0 0 0 39 28 29 1159 4761 287 0 0 3 148 0 0 44 0 2 57 77 26 2 0 3 47 14 21 191 52 45 4 8 503 1 0 4 1 1 0 2 13 14 4 4 4 1 3554 1165 529 1373 0 2137 53 2824 16 23 40 95 29 58 19 2 16 4 15 13 18 6 1 4 2855 3244 381 9 0 49 2 181 68 71 341 10 31 68 57 327 556 0 0 3 0 6 2 5 2 11 3 0 71 163 3 6 1 0 2 27 9 399 688 30 557 0 0 297 117 1 9 4 43 197 4 4 0 37 10 15 3 1 26 4 7 5 26 3 9 82 101 14 44 273 2 1 8 0 5 168 75 172 31 3 3 24 5 22 0 1909 720 126 26 3 911 4 5 1 26 116 11 10 185 441 14 118 19 2 16
5 5 13 4 18 53 2 2 88 6 1 136 215 12 15 38 14 913 242 4 319 610 113 31 47 21 9 7 16 6 3 213 1318 79 2 0 17 778 6 31 190 9 42 1932 534 1736 74 41 11 277 6 44 33 20 12 7 6 158 2 1 482 29 36 7 6 318 18 27 121 13 25 1165 3869 2394 685 12 333 300 2164 47 48 180 114 35 198 112 15 102 79 97 179 20 5 5 39 648 245 34 120 4 38 12 44 22 36 88 7 14 15 10 70 113 26 27 77 13 210 43 152 169 829 528 138 205 435 23 61 23 4 56 26 21 175 1404 210 2723 49 7 2981 2237 13 329 25 58 346 21 20 7 1074 412 474 12 21 27 0 15 3 17 3 11 87 73 7 20 495 105 28 63 40 78 136 79 564 413 58 71 30 12 199 26 1644 3496 938 258 68 1053 6 25 14 45 105 150 32 220 125 10 201 39 7 255
7 7 11 6 9 30 6 3 321 19 12 62 2084 12 21 17 115 82 5423 97 8 13 2 6 2 1 6 2 6 3 3 47 245 36 11 1 78 1513 2 10 12 0 5 2910 128 74 9 2 1 558 32 396 55 17 25 2 1 9 1 0 17 2 2 2 0 531 3 5 5 5 10 529 2394 3297 26 1 6780 2201 3460 349 246 853 34 2 15 5 1 486 64 129 37 17 4 1 5 23 2972 163 5 2 1 2 7 1 3 8 2 3 4 0 13 10 14 8 243 2 12 29 19 127 379 1128 70 32 39 2 8 5 1 25 1 2 26 126 5 119 16 0 365 180 11 38 11 2 27 3 4 38 426 126 11 5 3 2 0 3 6 2 11 21 5 9 1 4 30 7 2 11 2 84 5 2 21 7 7 4 4 12 30 3 213 521 1524 5 8 258 7 5 16 6 6 16 5 18 55 2 15 3 0 14
