29303 6501 17357 9341 1479 13173 6771 8815 152 2709 122 5469 0 5 8 0 3 2 0 0 29 23 1 1 8 1 3 1 11548 3727 229 59 17 7 1 0 9 6 8 3 595 1 11 0 0 2 0 7 16 2 84 120 785 1393 187 145 58 9 1 0 7 10 7 1 5 0 132 0 3 55 17 49 9 11 19 12 32 2 27 6 86 2 1391 1101 523 235 9 33 32 20 16 274 161 31 22 146 113 4229 17 11 18 3 37 11 5 58 11 14 28 3 62 61 0 1 0 0 0 0 0 0 0 1 0 1 4 0 0 0 0 0 15 2 35 52 2 19 0 0 6 2 0 0 0 1 11 0 0 0 0 1 0 2 1 0 0 1 1 2 7 3 0 2 0 10 11 0 0 0 1 0 3 4 0 1 1 0 0 2 2 1 51 16 6 2 0 19 3 2 12 1 2 2 0 5 24 9 1 1 0 0
6501 12228 13232 13311 1208 6967 163 92 35 307 111 2402 0 2 2 1 1 0 0 0 57 16 1 1 9 2 2 1 1365 3215 131 24 14 3 0 0 2 5 0 3 588 0 2 1 1 0 1 4 7 0 14 21 112 257 25 78 80 5 1 0 2 2 3 1 3 0 172 2 1 17 9 29 3 8 12 1 23 0 20 1 21 3 326 368 450 304 2 10 14 5 7 60 36 7 11 44 95 265 17 3 29 3 36 19 8 87 13 27 39 9 77 116 0 0 0 0 0 0 1 0 1 0 0 6 2 0 2 0 0 0 17 3 52 85 1 26 0 0 4 3 0 0 0 3 12 0 0 0 0 0 0 0 1 0 0 0 0 2 1 0 2 5 0 6 26 1 0 0 0 0 5 3 0 0 0 0 1 1 0 0 84 18 2 0 0 23 0 0 3 3 2 0 0 14 40 9 1 1 0 0
17357 13232 26226 5053 201 4478 1390 11087 172 6329 491 17819 0 3 7 1 0 5 1 0 86 40 0 1 12 0 6 3 1361 329 122 50 34 6 2 1 6 8 1 3 1227 8 11 3 1 4 1 6 30 2 71 117 519 929 144 214 65 7 0 2 7 24 1 3 9 1 275 5 11 71 22 62 9 26 35 4 71 0 34 18 104 7 1345 1394 1107 496 7 48 36 11 17 332 185 37 29 78 216 878 33 12 101 11 130 42 18 205 25 87 177 48 242 291 0 0 0 0 0 0 0 0 6 0 0 8 13 0 2 0 0 0 50 5 152 156 2 63 0 0 12 5 0 0 0 7 20 0 0 0 0 2 0 4 4 2 1 0 2 5 10 4 7 19 2 22 48 1 1 0 2 1 15 10 1 4 0 1 0 3 4 0 199 47 7 1 2 77 1 4 19 3 5 2 2 12 122 31 4 8 0 0
9341 13311 5053 18871 3318 9249 399 198 34 343 121 5062 0 2 2 0 0 0 0 0 81 21 1 2 5 0 2 0 1970 4348 502 78 18 3 0 0 4 3 1 0 778 0 2 0 0 0 2 1 5 2 24 23 177 325 39 92 218 9 1 1 0 6 1 1 1 1 183 1 3 13 7 56 4 12 14 1 46 1 21 3 29 6 402 449 566 482 4 8 8 2 3 73 36 6 4 58 152 548 20 4 52 10 52 17 9 146 14 52 45 12 141 166 0 0 0 0 0 0 0 0 1 0 0 3 3 0 0 0 0 0 20 4 62 118 0 47 0 0 9 6 0 0 0 1 17 0 2 0 0 0 0 0 1 3 0 0 1 1 2 1 1 11 0 11 38 0 0 1 0 0 20 5 1 1 0 0 0 0 1 0 148 35 6 1 0 46 0 1 6 0 5 1 1 21 82 10 6 5 0 0
1479 1208 201 3318 6544 11126 347 82 43 193 128 2461 0 4 1 0 14 0 3 1 112 49 3 1 6 1 3 2 2610 5313 3609 3671 982 20 1 0 60 51 2 1 322 1 1 4 0 1 1 0 5 0 11 15 141 311 35 45 758 206 1 3 1 5 1 2 3 0 185 3 2 8 1 610 72 29 138 3 39 0 111 3 10 1 263 353 260 186 2 2 3 3 2 45 32 3 1 2141 122 582 15 22 33 4 19 10 11 58 10 21 21 6 66 75 0 0 0 0 0 1 0 0 2 2 1 4 7 0 0 0 0 1 10 5 35 98 2 20 0 0 15 6 0 0 1 1 17 0 1 0 3 1 1 0 0 1 0 1 0 1 0 0 2 9 0 6 16 0 0 0 0 0 7 7 0 0 0 0 2 1 0 0 73 37 3 1 0 36 0 0 1 2 3 1 0 14 28 2 3 4 0 0
13173 6967 4478 9249 11126 20009 1018 839 140 1423 1021 18811 1 5 7 2 20 6 3 0 304 115 5 1 16 1 2 5 3055 3458 3099 5210 945 44 1 1 91 71 3 8 1110 1 3 3 0 1 1 4 12 2 32 51 367 712 83 173 648 199 0 2 2 7 3 3 4 1 377 11 12 35 7 992 125 60 142 6 178 1 231 10 42 4 786 1163 962 684 15 14 22 8 13 141 76 9 11 2318 974 1147 59 26 114 18 138 55 17 287 46 103 95 48 294 358 0 0 0 1 1 1 0 1 6 1 1 13 18 2 1 0 0 0 62 12 177 320 3 91 0 0 31 10 0 1 0 10 52 0 0 1 3 0 0 0 1 5 0 1 4 3 3 5 6 24 0 22 77 0 1 0 1 0 24 14 2 1 0 2 4 0 1 0 356 110 24 2 0 149 0 0 7 7 5 1 2 45 149 33 15 9 1 2
6771 163 1390 399 347 1018 5160 8136 1064 4282 234 1449 4 0 1 1 0 0 0 0 6 1 1 1 2 0 3 1 1014 195 93 42 19 3 0 0 6 2 0 0 107 0 0 2 5 0 3 1 7 5 23 30 400 428 81 19 11 6 0 2 1 4 0 1 1 1 23 0 1 14 1 136 12 9 6 2 120 3 79 4 20 2 499 255 80 29 1 5 10 1 3 85 35 7 2 37 676 3944 3 2 11 1 8 8 1 28 5 9 9 4 36 31 0 0 0 0 0 0 0 0 1 0 0 2 2 0 0 0 0 0 7 0 14 22 0 10 0 0 2 1 0 0 0 1 4 0 0 0 0 0 0 0 1 0 0 0 0 0 2 2 0 2 0 2 7 0 0 0 0 0 0 0 0 0 1 0 1 2 1 0 19 6 1 0 0 9 1 0 2 1 1 0 0 2 18 2 0 0 0 0
8815 92 11087 198 82 839 8136 15354 2285 20324 562 4261 15 3 4 0 0 1 1 0 12 9 0 2 2 0 1 1 343 74 43 48 36 3 0 0 0 2 0 0 318 0 5 5 17 3 0 0 10 8 40 71 439 495 97 104 9 11 0 1 2 5 2 1 4 3 83 2 2 28 9 345 16 25 20 2 348 6 258 6 61 12 691 539 248 107 0 18 19 10 12 159 79 14 7 39 787 1295 10 5 19 0 21 8 5 48 3 16 19 10 56 60 0 0 0 0 0 1 0 1 2 1 0 2 4 0 0 0 0 1 8 2 30 37 0 20 0 0 3 1 0 0 0 1 8 0 0 0 3 0 0 1 0 0 0 1 0 0 1 2 1 6 1 5 9 0 0 0 0 0 4 2 1 0 0 0 0 0 1 0 56 17 4 0 0 14 1 1 1 0 2 1 0 5 21 6 2 2 0 0
152 35 172 34 43 140 1064 2285 292 1920 135 507 46 0 0 0 1 0 3 0 14 13 1 1 1 0 0 1 49 35 23 57 59 2 0 0 0 15 0 1 45 0 0 8 189 17 0 0 2 119 3 9 107 52 12 17 12 10 0 0 2 4 2 0 1 49 14 0 1 6 3 453 91 121 26 0 423 46 526 8 9 87 87 58 36 19 2 56 16 33 26 16 5 2 1 50 1036 916 2 1 3 1 10 1 3 20 5 10 8 11 22 33 0 0 0 0 0 0 6 0 9 6 8 1 4 0 0 0 0 0 4 0 16 16 0 14 0 0 6 4 0 0 0 1 8 0 0 0 1 4 0 1 0 1 0 1 2 0 0 1 0 5 0 6 3 0 1 2 1 0 6 1 0 1 2 1 0 0 10 1 27 22 4 3 2 14 2 1 5 0 1 4 0 7 10 3 2 6 0 0
2709 307 6329 343 193 1423 4282 20324 1920 41190 11552 15970 81 3 2 2 3 2 8 0 50 30 4 0 9 1 3 2 457 243 98 291 165 12 1 0 8 9 3 2 703 0 2 14 129 12 2 5 17 78 56 109 662 666 127 141 36 26 0 1 3 18 3 0 5 27 189 4 8 68 11 3637 92 129 43 4 3348 98 2112 5 63 49 1069 845 497 206 5 57 31 29 26 243 154 25 14 156 9736 2365 17 6 116 14 115 52 13 280 49 110 123 73 380 430 0 0 0 0 1 0 1 4 10 6 4 9 18 0 2 0 0 0 48 4 190 262 1 104 1 0 31 34 0 0 1 4 51 0 2 0 10 2 1 2 2 5 0 2 1 9 2 3 10 17 7 32 68 1 1 1 2 0 26 5 4 4 0 0 6 2 8 3 320 97 15 2 1 89 5 0 13 4 16 2 1 51 156 39 10 17 0 0
122 111 491 121 128 1021 234 562 135 11552 6546 10714 0 1 0 0 0 1 1 0 38 19 2 0 2 0 0 0 88 104 63 92 42 1 1 0 5 4 0 1 198 1 0 2 1 1 1 0 2 0 4 10 55 78 13 22 20 7 0 1 1 0 1 0 1 0 50 0 0 9 1 927 9 24 8 1 1017 1 188 0 9 3 125 171 111 63 0 2 2 2 3 28 16 6 2 91 2524 252 8 2 81 11 76 50 22 215 31 93 69 48 233 264 0 0 0 0 0 0 0 0 4 1 0 4 10 0 0 0 0 0 28 4 96 153 1 49 0 0 6 4 0 0 0 5 29 0 0 0 2 1 1 0 1 2 1 0 0 5 0 0 5 20 3 19 46 1 0 0 0 0 22 8 1 1 0 0 3 0 2 0 187 41 2 0 0 55 0 0 1 2 5 1 0 17 105 18 7 5 0 0
5469 2402 17819 5062 2461 18811 1449 4261 507 15970 10714 48480 7 4 9 0 18 6 4 3 450 270 10 4 32 0 7 3 1696 842 1183 1352 745 72 4 0 81 152 2 6 1526 3 14 23 12 4 6 6 21 3 91 122 530 816 113 231 295 181 13 4 2 10 3 7 10 2 395 67 5 70 14 2483 784 151 418 7 845 9 793 14 77 11 1191 1543 1349 764 49 30 21 10 15 286 146 32 23 1280 3599 1207 109 24 339 46 558 154 64 766 107 310 344 146 848 1033 0 0 0 0 2 0 0 3 15 5 1 41 32 1 3 0 0 0 150 16 443 706 12 292 0 0 102 40 0 1 1 15 124 0 3 0 9 1 3 1 1 13 1 6 12 17 4 1 20 55 9 79 206 2 0 0 0 2 76 18 14 11 3 0 5 3 5 0 876 331 44 3 1 352 1 2 7 19 26 2 1 93 433 74 34 37 1 3
0 0 0 0 0 1 4 15 46 81 0 7 3921 0 2 3 13 217 4648 7 1 1 1 0 0 0 1 2 2 0 0 0 9 2 0 0 4 113 3 0 15 1 23 5524 3263 3373 0 5 9 304 0 1 3 1 0 0 0 1 0 1 33 7 13 6 10 2272 0 0 18 5 6 152 328 1500 3 3 1536 429 1518 1 2 43 1 3 1 0 0 80 52 254 222 2 0 1 16 0 426 20 0 0 2 0 0 1 0 1 0 2 0 0 2 2 0 14 367 2 2 37 9 893 60 1104 33 1 0 2 0 5 0 8 1 2 0 7 1 5 1 0 19 33 105 0 17 1 2 11 71 11 65 1871 1 1 10 0 1 18 0 0 0 1 0 0 0 1 0 1 176 39 13 355 0 0 2 1 29 98 0 0 272 43 3 22 352 3 67 11 2 24 6 1 0 48 3 2 2 1 0 1 0 0
5 2 3 2 4 5 0 3 0 3 1 4 0 15410 12258 2722 1380 1060 58 74 50 83 429 111 15 57 1663 1824 600 31 65 27 56 128 4407 5862 2272 52 420 366 1043 31 128 1 1 18 190 13 22 1 2 2 80 274 11 20 354 186 403 1095 78 19 28 54 253 0 1223 204 124 9 5 19 49 1 340 18 0 0 4 0 7 0 108 278 110 180 17 6 13 2 24 19 8 6 46 40 1 34 118 89 0 0 0 0 0 1 0 0 0 0 0 0 0 0 2 0 0 4 5 14 16 39 7 1 0 1 0 0 0 1 0 1 0 4 0 5 0 0 11 13 1 0 1 0 0 0 2 0 4 14 0 0 3 0 0 0 0 0 0 0 0 0 0 1 0 0 1 1 0 0 0 0 0 0 1 2 0 0 6 3 0 5 0 1 5 0 1 1 2 0 0 1 0 0 0 0 0 0 0 0
8 2 7 2 1 7 1 4 0 2 0 9 2 12258 15036 13061 2053 3777 907 2704 75 106 806 157 20 50 1607 6401 461 30 59 20 40 100 1073 717 766 77 720 184 1997 172 307 8 4 71 146 40 97 5 2 3 66 211 10 22 246 84 235 546 198 41 58 109 426 1 1044 92 169 18 17 13 39 19 183 44 0 0 4 0 10 0 85 248 91 172 12 31 57 13 59 37 12 31 154 27 1 30 118 88 1 0 0 0 0 0 0 0 0 0 1 0 1 10 43 2 7 15 20 155 83 356 57 1 1 0 1 3 0 6 3 2 1 4 1 5 3 0 38 71 40 9 12 0 0 2 8 1 55 138 2 0 4 0 0 5 0 0 0 0 1 2 0 0 0 2 18 7 2 2 0 0 1 2 7 7 0 1 16 2 2 22 13 1 6 6 2 3 4 1 0 8 1 3 0 0 0 2 1 1
0 1 1 0 0 2 1 0 0 2 0 0 3 2722 13061 15081 317 8307 5858 4514 12 20 355 125 2 15 216 923 89 3 3 1 11 21 107 59 112 133 853 30 1091 126 153 14 2 50 13 19 36 5 0 1 8 44 6 4 34 13 14 20 165 39 63 55 100 1 167 15 97 16 5 2 23 37 17 29 0 2 2 0 2 1 18 36 19 34 0 8 36 7 37 11 6 10 115 2 0 3 12 10 0 0 0 0 1 1 0 0 0 0 0 1 9 21 64 9 4 78 38 211 138 1342 114 2 2 1 0 2 1 9 1 3 0 5 0 6 1 4 18 58 36 9 9 0 1 2 3 3 113 123 1 0 1 0 0 2 0 0 0 0 0 1 0 0 0 5 18 8 1 6 0 2 1 0 1 5 0 0 13 5 1 8 52 1 3 2 0 2 2 1 0 1 1 1 0 0 0 2 1 0
3 1 0 0 14 20 0 0 1 3 0 18 13 1380 2053 317 3054 594 2903 3520 130 244 627 34 10 24 64 55 204 28 46 24 30 151 324 599 3033 2050 23 90 735 18 101 115 12 113 90 7 42 4 1 2 19 70 3 6 85 40 129 367 94 18 14 6 32 4 217 48 7 9 4 15 54 105 57 5 1 4 11 0 4 2 22 63 41 41 8 14 24 6 18 18 4 9 51 17 2 10 19 8 1 7 1 0 4 3 1 2 0 0 4 3 3 1 10 2 17 25 119 26 523 420 208 13 20 8 11 3 1 6 11 7 3 23 5 45 1 4 240 379 3 42 2 1 10 6 4 1 227 51 29 0 1 0 0 3 0 0 0 0 0 8 0 4 5 14 6 5 2 4 13 8 5 25 2 1 0 0 11 3 11 179 76 5 1 37 0 2 2 4 1 3 2 7 4 0 3 8 1 3
2 0 5 0 0 6 0 1 0 2 1 6 217 1060 3777 8307 594 10248 6502 1281 20 29 300 594 22 52 633 515 71 13 12 1 60 76 30 19 364 988 2299 78 2300 457 894 286 26 2099 17 50 126 5 0 0 5 35 11 12 38 11 19 8 1960 56 170 591 258 33 129 19 194 26 25 9 203 121 17 132 7 4 10 0 17 1 25 53 13 38 4 37 113 22 215 89 13 32 276 4 2 9 19 11 1 1 0 0 1 0 0 0 1 0 1 0 14 194 806 17 5 243 53 1498 191 3700 143 2 4 5 2 11 1 114 1 5 1 3 4 14 11 9 37 102 516 5 151 1 5 10 63 39 257 1489 6 2 8 0 1 8 0 1 0 0 0 0 0 0 4 3 187 70 8 81 1 4 3 4 10 51 1 1 74 22 2 24 278 2 28 10 1 3 7 1 0 20 4 11 1 0 0 0 2 0
0 0 1 0 3 3 0 1 3 8 1 4 4648 58 907 5858 2903 6502 78308 7951 40 109 274 215 7 16 298 36 20 7 14 8 148 150 21 9 391 6413 42 31 765 85 330 11442 576 7253 6 25 74 103 1 1 1 12 3 3 6 24 15 9 385 53 121 163 83 337 24 15 50 22 12 37 1153 5334 23 29 101 794 303 0 6 40 8 11 15 15 3 49 116 132 433 17 5 32 194 7 26 3 10 0 2 3 0 0 6 4 1 7 1 0 5 7 88 169 1490 74 44 1027 801 2988 2986 23051 2262 31 49 23 35 16 6 124 48 35 7 56 18 123 38 46 709 1678 442 151 80 4 43 29 114 108 2236 2500 58 6 11 2 1 13 1 2 2 0 0 22 1 7 5 63 194 65 26 176 13 56 14 46 18 82 4 4 213 35 35 479 2154 16 54 99 1 9 11 22 1 37 4 10 8 1 10 15 9 20
0 0 0 0 1 0 0 0 0 0 0 3 7 74 2704 4514 3520 1281 7951 7956 25 47 252 40 0 15 23 21 64 3 6 4 8 20 52 33 120 164 39 27 623 46 198 48 10 51 15 30 63 4 1 0 3 13 3 2 25 3 30 75 66 35 31 8 16 4 75 8 20 14 7 1 16 70 14 7 2 3 7 0 2 2 8 21 10 9 3 19 45 12 35 15 2 22 112 0 1 6 5 6 1 2 0 0 4 0 0 0 0 0 0 1 5 1 12 5 7 28 82 16 316 598 193 7 11 1 8 2 2 3 7 8 1 7 2 13 3 9 65 198 3 35 1 0 5 3 1 4 178 46 4 2 2 0 0 4 0 0 0 0 0 1 1 0 0 12 2 11 5 1 5 14 1 6 2 3 0 0 19 0 2 54 44 2 5 8 2 0 4 7 0 6 2 0 1 0 1 2 2 2
29 57 86 81 112 304 6 12 14 50 38 450 1 50 75 12 130 20 40 25 7083 7615 2224 95 344 231 74 19 139 87 294 208 469 503 22 12 342 518 34 214 539 40 187 74 1 22 75 24 21 2 0 2 7 25 2 831 73 381 40 48 33 42 112 41 68 0 36 186 54 8 6 432 647 32 985 10 39 1 322 0 3 1 90 55 3881 316 257 5 26 7 16 11 1 3 157 618 71 30 459 105 0 1 2 1 2 8 1 3 5 1 8 9 0 0 0 0 2 0 0 2 15 7 3 2 3 0 1 0 0 0 2 1 2 42 4 18 0 0 56 34 0 0 0 0 5 0 0 0 2 6 0 0 3 0 0 1 1 0 0 1 1 2 0 1 8 0 3 1 1 0 1 1 3 2 1 1 0 0 3 0 31 88 15 0 2 19 1 0 4 0 1 2 1 2 2 0 1 1 0 0
23 16 40 21 49 115 1 9 13 30 19 270 1 83 106 20 244 29 109 47 7615 28892 3735 569 5591 3135 323 49 86 47 128 200 679 877 61 15 816 1026 88 2373 935 193 1031 173 6 128 377 113 86 12 2 5 25 144 8 190 30 445 70 100 104 177 528 327 201 1 281 239 311 64 28 508 1193 19 1014 41 28 1 370 1 11 0 382 829 6188 4542 231 34 126 31 102 41 14 42 773 424 55 16 4937 77 2 0 2 1 0 4 1 2 2 2 4 2 0 0 0 0 2 0 3 4 26 10 6 2 1 1 0 0 0 0 2 1 6 34 8 23 0 0 45 43 0 0 1 1 7 1 0 0 8 25 1 3 5 0 0 2 0 0 1 2 1 2 0 1 1 0 3 2 2 2 4 1 2 0 12 4 0 0 19 0 23 72 8 1 13 18 1 4 10 1 0 15 0 3 0 1 2 1 0 0
1 1 0 1 3 5 1 0 1 4 2 10 1 429 806 355 627 300 274 252 2224 3735 9604 3047 238 6294 302 72 8 1 10 27 209 414 62 26 950 513 82 2742 6006 1908 1166 37 1 84 241 37 234 4 3 4 6 29 8 9 5 79 38 205 82 74 165 96 80 1 131 62 79 38 23 49 225 8 118 19 2 1 38 0 7 1 20 86 103 178 55 21 84 25 56 78 9 49 483 13 6 0 136 9 0 0 0 0 0 1 0 0 0 1 0 1 0 0 0 0 1 2 1 1 8 7 3 0 0 0 1 0 0 0 0 1 0 5 0 2 0 0 10 14 0 0 0 0 0 2 0 0 5 9 1 2 4 0 0 3 0 0 0 0 0 0 0 0 1 0 2 0 1 0 0 0 0 1 5 2 1 0 9 0 3 25 3 0 4 3 1 3 6 0 0 10 4 0 0 0 0 0 1 0
1 1 1 2 1 1 1 2 1 0 0 4 0 111 157 125 34 594 215 40 95 569 3047 10863 267 5675 6225 147 27 0 5 2 14 16 629 17 33 14 287 4232 2208 3819 2960 1 4 462 895 23 223 2 0 1 16 53 8 13 21 25 136 16 439 55 81 1195 320 0 494 147 121 26 17 4 8 1 72 19 2 0 5 0 10 2 36 225 73 400 107 15 55 14 87 63 9 38 352 6 2 2 264 24 0 0 0 0 0 0 0 0 0 0 0 0 0 0 1 0 0 1 0 9 4 5 3 0 0 0 0 0 0 1 0 0 1 0 0 2 0 0 2 3 1 0 3 0 0 0 1 0 3 24 0 0 6 0 0 1 0 0 0 0 0 0 0 0 0 0 5 3 2 0 0 0 0 0 1 2 0 0 7 3 0 2 0 0 3 0 0 2 2 0 0 4 0 0 0 0 0 0 0 0
8 9 12 5 6 16 2 2 1 9 2 32 0 15 20 2 10 22 7 0 344 5591 238 267 8413 270 378 97 106 8 51 16 58 56 85 0 25 63 38 2246 270 54 426 26 0 66 1737 52 19 2 2 4 40 251 9 32 238 48 32 5 60 57 240 333 288 0 2023 502 161 12 3 53 127 2 185 14 2 0 46 0 9 0 184 926 694 2862 2302 9 31 5 20 11 11 10 268 39 2 1 5467 813 0 0 0 0 0 0 0 0 0 0 1 0 0 1 1 0 0 0 0 3 8 1 0 0 0 0 0 0 0 1 0 0 1 4 0 4 0 0 9 7 3 0 0 0 0 1 0 0 0 22 0 0 2 0 0 0 0 0 2 0 0 0 0 0 0 0 6 1 2 1 0 0 0 0 0 1 0 0 8 2 2 15 2 0 2 1 1 1 4 0 0 1 0 0 0 0 0 0 0 0
1 2 0 0 1 1 0 0 0 1 0 0 0 57 50 15 24 52 16 15 231 3135 6294 5675 270 4096 652 14 7 0 0 3 4 8 155 3 23 9 21 7164 1389 1634 824 3 2 33 381 11 85 0 1 1 5 36 5 8 10 5 41 7 29 30 75 47 38 0 227 42 34 12 7 2 11 0 15 9 0 0 1 1 6 0 35 193 84 291 20 9 33 6 26 12 2 28 298 5 0 2 176 7 0 0 0 0 0 0 0 0 0 0 0 0 0 0 0 0 1 0 0 0 0 0 0 1 0 0 0 0 0 0 0 0 0 0 0 1 0 0 1 0 0 0 0 0 0 0 0 0 1 6 0 0 3 0 0 0 0 0 0 0 0 0 0 0 0 0 0 2 0 1 0 0 0 0 3 3 0 0 3 0 1 2 0 0 1 0 0 2 3 0 0 6 1 0 0 0 0 0 0 0
3 2 6 2 3 2 3 1 0 3 0 7 1 1663 1607 216 64 633 298 23 74 323 302 6225 378 652 24934 6486 163 2 17 17 43 84 4347 100 159 30 231 1982 631 114 950 4 1 101 595 33 39 0 1 3 42 209 3 22 169 113 221 106 129 20 103 1971 1922 1 1653 354 178 10 4 18 32 2 237 11 0 0 5 0 7 0 77 441 133 766 182 12 18 6 31 21 9 10 69 19 0 10 634 102 0 0 0 0 0 0 1 0 0 0 2 0 0 3 9 0 1 5 4 81 15 53 1 0 0 0 0 0 0 4 1 0 0 1 1 2 0 0 12 6 20 0 6 1 0 0 2 0 5 96 0 0 3 0 0 0 0 0 0 0 0 0 0 0 0 0 24 4 0 0 0 0 0 0 0 7 0 0 4 0 0 5 1 1 2 0 1 1 4 0 0 2 0 0 0 0 0 0 0 0
1 1 3 0 2 5 1 1 1 2 0 3 2 1824 6401 923 55 515 36 21 19 49 72 147 97 14 6486 8398 305 11 20 10 36 72 581 151 149 33 1257 114 522 121 224 2 0 49 183 13 41 0 1 1 67 243 11 14 209 102 138 124 142 19 35 1124 2969 1 1606 182 99 10 9 12 34 4 226 15 0 0 5 0 4 0 87 337 124 382 76 8 18 3 24 35 10 11 49 25 1 8 309 96 0 0 0 0 0 0 0 1 0 0 0 0 0 46 87 2 1 40 3 461 14 265 11 0 0 0 0 3 0 28 2 1 0 3 0 1 2 0 4 2 142 0 27 0 3 5 5 2 11 461 0 0 1 0 0 0 0 0 1 0 0 0 0 0 0 0 72 12 3 5 1 0 0 0 2 11 1 0 7 7 0 3 8 1 9 4 0 0 2 0 0 2 0 3 0 0 1 1 0 0
11548 1365 1361 1970 2610 3055 1014 343 49 457 88 1696 2 600 461 89 204 71 20 64 139 86 8 27 106 7 163 305 28077 11474 5765 744 535 220 150 38 646 172 181 70 426 10 50 12 2 16 78 18 7 1 7 30 648 3227 102 48 2564 175 79 119 54 9 43 48 225 2 4366 53 150 13 10 359 98 30 905 26 73 0 123 4 12 2 381 989 281 314 255 3 20 4 36 54 20 7 28 3381 159 2282 231 1656 34 5 25 12 13 60 16 39 25 11 79 118 0 0 0 0 1 0 0 4 6 8 0 6 7 1 0 0 0 0 18 2 47 96 1 56 0 0 30 18 2 0 0 1 22 0 1 1 5 21 1 0 0 3 0 0 2 3 1 0 3 10 0 7 23 0 2 1 0 0 11 3 3 2 0 3 0 1 5 3 102 60 5 2 1 37 1 1 0 0 1 4 1 13 45 8 4 4 0 0
3727 3215 329 4348 5313 3458 195 74 35 243 104 842 0 31 30 3 28 13 7 3 87 47 1 0 8 0 2 11 11474 16041 4850 251 172 40 7 5 107 60 8 3 440 1 4 2 0 1 4 5 4 1 14 18 198 537 36 60 4966 31 4 14 3 1 1 3 11 0 1348 5 5 9 4 160 35 13 196 6 43 1 53 3 15 5 301 425 392 316 15 9 5 3 5 57 32 2 3 811 119 598 34 278 43 5 25 20 13 107 14 45 31 13 69 108 0 0 0 1 0 0 0 0 6 0 1 5 11 0 0 0 0 0 23 4 49 115 2 42 0 0 17 5 0 0 0 0 19 0 0 0 0 1 0 0 0 2 0 0 0 2 0 1 1 11 2 10 19 0 0 0 0 0 11 7 1 0 1 0 0 0 1 0 152 38 4 0 0 45 0 0 4 4 4 0 0 24 46 12 6 8 0 0
229 131 122 502 3609 3099 93 43 23 98 63 1183 0 65 59 3 46 12 14 6 294 128 10 5 51 0 17 20 5765 4850 13021 1655 1185 141 13 10 223 144 13 10 915 3 9 10 1 1 13 4 4 0 16 44 226 747 49 113 5920 274 17 21 6 4 5 7 26 0 2389 12 9 21 3 563 127 33 570 2 29 0 157 6 28 3 529 1032 970 882 74 15 18 2 8 85 50 10 9 7688 94 410 282 3598 21 1 11 6 7 52 5 17 19 9 44 55 0 0 0 0 1 1 0 0 5 0 0 4 7 0 0 0 0 0 7 3 33 80 0 25 0 0 15 6 0 0 0 0 9 0 3 0 4 0 0 0 0 2 0 0 1 2 2 2 1 5 0 7 21 0 0 0 0 0 5 3 3 2 1 0 0 0 1 1 68 49 6 2 0 26 0 1 8 3 1 1 0 8 19 5 3 2 0 0
59 24 50 78 3671 5210 42 48 57 291 92 1352 0 27 20 1 24 1 8 4 208 200 27 2 16 3 17 10 744 251 1655 4979 4593 986 31 26 428 240 3 13 346 1 7 14 1 2 37 1 0 0 12 8 82 162 28 30 201 1992 358 221 1 2 3 1 8 0 224 170 7 10 3 1045 414 67 1061 1 102 3 260 3 12 2 203 370 292 233 23 2 4 0 2 40 26 3 7 3110 369 166 42 25 31 11 16 12 11 72 17 24 38 19 77 99 0 1 0 0 2 0 0 0 13 6 1 15 21 3 2 0 0 0 22 3 56 185 10 83 0 1 91 48 0 0 1 3 31 0 2 0 16 2 3 1 0 3 0 0 1 2 0 2 6 24 0 11 39 1 0 0 0 1 20 12 5 5 0 1 3 0 0 0 173 212 31 4 0 114 0 0 2 4 10 1 0 23 54 8 7 13 0 0
17 14 34 18 982 945 19 36 59 165 42 745 9 56 40 11 30 60 148 8 469 679 209 14 58 4 43 36 535 172 1185 4593 10559 8346 88 55 1053 4732 3 32 474 2 14 174 5 35 139 2 1 3 14 13 49 133 13 38 156 2681 555 294 11 0 4 9 15 1 243 736 7 6 2 2407 2312 185 2853 2 120 4 502 0 13 0 172 295 362 304 137 6 2 2 5 25 14 4 9 3401 349 118 88 21 27 9 19 14 14 73 9 31 22 13 68 102 0 0 0 1 13 1 10 5 97 27 17 31 34 0 0 0 0 2 24 8 67 375 23 233 0 2 374 181 0 4 0 4 58 0 7 1 70 6 11 0 0 8 0 2 5 1 0 1 10 27 2 13 67 3 1 0 0 1 32 10 12 15 0 1 3 2 2 0 262 701 93 14 2 201 3 0 1 6 11 1 0 30 50 7 15 14 3 0
7 3 6 3 20 44 3 3 2 12 1 72 2 128 100 21 151 76 150 20 503 877 414 16 56 8 84 72 220 40 141 986 8346 9309 303 322 3826 1953 18 90 386 3 17 44 1 30 382 2 0 2 1 4 25 65 11 14 80 4955 3124 3099 19 3 10 17 61 0 212 1554 9 2 2 313 925 48 1723 0 16 4 130 0 1 0 55 127 208 183 70 2 3 1 2 10 2 3 13 190 18 16 83 17 3 0 2 3 4 9 2 7 5 5 21 25 0 2 3 0 7 2 5 6 122 46 17 11 11 0 2 0 0 2 5 3 10 159 18 158 0 0 352 215 1 8 0 2 29 1 3 0 75 14 11 0 1 1 0 1 0 1 0 1 3 7 3 1 15 5 1 0 0 2 13 3 10 19 0 0 1 0 7 0 62 566 60 4 0 93 0 1 0 4 5 1 0 8 15 2 7 8 1 0
1 0 2 0 1 1 0 0 0 1 1 4 0 4407 1073 107 324 30 21 52 22 61 62 629 85 155 4347 581 150 7 13 31 88 303 5180 1805 817 63 59 1270 128 59 378 2 0 10 1047 13 9 0 1 2 22 147 3 14 135 244 891 520 19 6 41 270 354 0 830 316 44 4 0 19 50 2 278 7 3 0 5 0 2 0 47 182 68 239 48 1 4 2 6 11 6 4 66 28 0 11 186 72 0 0 0 1 0 0 0 0 0 0 0 0 0 0 1 0 0 0 1 3 10 5 2 0 0 0 0 0 0 0 0 0 0 2 0 0 0 0 6 4 0 0 0 0 0 0 1 0 7 9 1 0 1 0 0 0 0 0 0 0 0 0 0 0 0 0 2 1 0 1 0 1 0 0 0 0 0 0 0 0 1 8 0 0 0 0 0 0 0 0 0 0 0 0 0 0 0 0 0 0
0 0 1 0 0 1 0 0 0 0 0 0 0 5862 717 59 599 19 9 33 12 15 26 17 0 3 100 151 38 5 10 26 55 322 1805 1009 992 24 12 138 44 1 9 1 0 1 116 0 0 0 0 0 3 14 0 1 29 136 923 1368 3 0 3 15 47 0 83 62 9 1 0 1 15 0 64 2 0 0 1 0 1 0 2 20 9 13 1 0 0 0 0 0 0 0 3 6 0 1 19 9 0 0 0 0 0 0 0 0 0 0 0 0 0 0 0 0 1 0 1 1 3 0 1 1 0 1 0 0 0 0 0 0 0 0 0 1 0 0 4 2 0 0 0 0 0 0 0 0 0 2 0 0 0 0 0 0 0 0 0 0 0 1 0 0 0 0 1 0 0 0 1 0 0 1 0 0 0 0 0 0 0 4 0 0 0 0 0 0 0 0 0 0 0 0 0 0 0 0 0 0
9 2 6 4 60 91 6 0 0 8 5 81 4 2272 766 112 3033 364 391 120 342 816 950 33 25 23 159 149 646 107 223 428 1053 3826 817 992 6778 991 27 189 829 3 33 18 4 77 379 1 7 1 2 2 47 149 6 21 263 1275 2752 2361 77 5 11 37 98 0 482 720 11 1 0 96 211 60 633 1 5 2 67 0 3 0 78 176 169 144 28 2 5 1 17 19 6 1 15 122 10 39 64 37 1 2 0 1 0 3 0 2 1 0 3 2 0 0 1 0 15 3 35 13 194 75 41 7 3 2 2 2 0 1 7 3 1 42 12 45 0 1 233 226 2 20 1 0 6 0 5 0 91 20 22 0 0 0 0 2 0 3 0 0 1 3 0 1 5 10 2 3 2 0 6 7 6 23 0 0 0 0 5 0 19 266 29 7 0 37 1 0 0 9 0 1 1 2 7 1 4 3 2 3
6 5 8 3 51 71 2 2 15 9 4 152 113 52 77 133 2050 988 6413 164 518 1026 513 14 63 9 30 33 172 60 144 240 4732 1953 63 24 991 10675 10 34 501 8 41 1402 96 1087 89 4 10 21 1 1 17 48 3 15 68 486 292 84 321 9 17 12 24 28 106 416 16 7 2 564 5107 728 554 3 48 46 260 2 5 17 48 91 207 175 53 18 33 30 200 11 1 3 34 121 42 18 99 10 4 7 4 6 7 16 1 21 5 2 19 24 9 1 27 2 44 53 181 54 1213 864 448 30 56 10 17 1 5 5 38 15 16 245 40 320 7 5 1109 1076 11 83 4 2 41 4 22 3 550 144 80 2 2 5 0 6 2 4 1 1 2 20 0 6 23 28 20 12 4 17 26 23 37 79 3 20 2 2 54 9 112 1435 340 23 12 265 1 3 4 24 5 11 1 24 26 4 17 15 8 4
8 0 1 1 2 3 0 0 0 3 0 2 3 420 720 853 23 2299 42 39 34 88 82 287 38 21 231 1257 181 8 13 3 3 18 59 12 27 10 12896 41 1063 383 1056 4 9 738 40 179 88 3 2 8 31 140 13 25 97 22 58 23 5539 91 335 492 2219 2 692 33 2263 39 58 4 9 0 28 561 0 0 1 1 21 6 56 216 69 216 6 54 191 23 665 86 9 25 383 6 0 9 116 35 0 1 0 0 1 0 0 0 0 0 0 0 3 43 170 5 1 29 4 328 14 136 3 0 0 1 0 15 1 39 7 6 1 1 0 1 4 2 5 7 203 1 94 0 4 7 35 4 28 795 5 1 11 0 2 10 0 0 0 0 0 1 0 0 0 0 167 63 7 23 0 3 0 1 17 93 1 3 113 18 0 1 7 2 23 2 0 4 10 0 1 18 2 5 0 0 0 1 2 0
3 3 3 0 1 8 0 0 1 2 1 6 0 366 184 30 90 78 31 27 214 2373 2742 4232 2246 7164 1982 114 70 3 10 13 32 90 1270 138 189 34 41 9042 1132 712 1919 5 2 57 2977 21 71 1 0 3 22 146 4 16 92 82 387 115 66 37 188 427 171 0 1260 332 110 17 1 12 36 0 157 6 0 0 6 0 5 1 81 605 210 1098 159 10 26 13 31 19 7 13 471 16 0 6 816 70 0 0 0 0 0 0 0 0 0 0 1 0 0 1 0 0 0 0 1 1 1 2 0 0 0 0 0 0 0 0 0 0 0 1 0 3 0 0 6 11 0 1 0 0 1 1 0 0 2 11 0 0 5 0 0 0 1 0 1 0 0 0 0 0 0 0 0 3 0 1 0 0 0 0 1 2 0 0 8 0 0 8 1 0 1 0 0 1 2 0 0 5 0 0 1 0 0 0 0 0
595 588 1227 778 322 1110 107 318 45 703 198 1526 15 1043 1997 1091 735 2300 765 623 539 935 6006 2208 270 1389 631 522 426 440 915 346 474 386 128 44 829 501 1063 1132 11496 5472 2246 111 69 1005 193 476 2806 80 358 389 73 108 1611 1159 336 265 54 118 1636 494 342 317 1406 29 295 157 1514 667 397 313 410 50 685 636 69 2 233 45 552 57 1652 320 927 368 186 784 1907 578 2225 3391 793 686 1133 781 143 127 314 176 7 2 11 6 2 19 2 12 15 9 28 35 0 1 11 1 1 0 3 26 19 42 5 3 5 3 1 0 0 1 21 4 22 69 1 31 1 3 44 27 11 5 6 1 6 14 6 1 8 90 1 50 107 4 4 37 19 3 51 30 4 5 0 6 13 0 18 38 67 15 3 3 0 0 89 34 17 29 173 32 73 77 20 1 78 43 37 71 262 1 0 160 47 8 18 0 2 0 0 0
1 0 8 0 1 1 0 0 0 0 1 3 1 31 172 126 18 457 85 46 40 193 1908 3819 54 1634 114 121 10 1 3 1 2 3 59 1 3 8 383 712 5472 5253 5203 5 9 440 172 24 1003 3 3 0 4 19 23 18 5 8 25 3 597 47 49 80 552 1 87 24 351 38 20 0 2 3 8 62 3 0 3 0 16 1 33 57 28 69 15 41 59 27 249 220 20 60 417 1 3 0 34 2 0 0 0 0 0 0 0 0 0 0 0 0 0 1 0 0 0 0 0 5 1 3 1 0 0 0 0 0 0 0 0 0 0 1 0 0 0 0 0 0 2 0 1 1 0 0 1 0 0 33 0 3 6 0 0 2 0 0 0 0 0 0 0 0 0 0 6 2 2 2 0 1 0 0 4 2 0 1 22 5 1 1 0 0 7 0 0 0 11 0 0 11 3 0 0 0 0 0 0 0
11 2 11 2 1 3 0 5 0 2 0 14 23 128 307 153 101 894 330 198 187 1031 1166 2960 426 824 950 224 50 4 9 7 14 17 378 9 33 41 1056 1919 2246 5203 8733 75 93 1903 659 243 5910 23 1 4 17 103 45 20 35 22 121 10 2156 344 627 3458 1401 17 585 155 1720 236 95 8 26 32 70 500 5 1 12 1 58 11 76 310 137 601 94 193 792 359 2648 361 49 498 3554 7 12 3 327 38 0 0 0 0 0 0 0 0 0 0 0 0 0 2 17 1 2 6 2 37 7 31 2 0 0 0 1 0 0 3 1 0 0 0 1 1 0 0 1 7 18 1 2 0 1 5 14 0 2 223 0 6 33 0 0 20 0 0 0 2 0 0 0 1 0 0 48 22 15 22 0 0 0 0 41 74 1 1 195 45 1 6 7 0 65 5 5 18 51 0 0 79 10 3 0 0 0 0 0 0
0 1 3 0 4 3 2 5 8 14 2 23 5524 1 8 14 115 286 11442 48 74 173 37 1 26 3 4 2 12 2 10 14 174 44 2 1 18 1402 4 5 111 5 75 9006 1933 2560 15 31 38 390 0 4 0 5 3 1 2 27 11 3 122 34 83 4 7 595 4 41 55 17 12 140 3804 3112 28 32 587 2266 4432 8 16 88 8 31 46 58 7 166 248 456 1151 16 1 10 90 5 121 2 27 2 5 2 3 2 3 6 1 6 4 1 15 5 2 6 93 3 49 72 138 194 1001 1709 408 25 27 11 12 3 3 5 21 7 12 147 18 170 4 7 971 854 36 48 3 3 36 13 51 14 586 610 44 2 16 3 0 25 1 2 0 2 1 6 0 2 10 17 85 43 19 129 13 17 13 61 44 116 1 2 385 92 58 1150 549 21 120 207 3 33 23 9 8 92 7 10 14 2 8 15 8 6
0 1 1 0 0 0 5 17 189 129 1 12 3263 1 4 2 12 26 576 10 1 6 1 4 0 2 1 0 2 0 1 1 5 1 0 0 4 96 9 2 69 9 93 1933 10300 5280 2 58 40 5489 1 1 8 1 5 1 1 1 0 0 39 77 139 5 12 4526 2 0 88 40 38 155 205 834 5 24 2854 925 1324 9 46 569 8 0 2 3 0 1279 341 2131 2741 17 5 9 140 1 1452 91 1 0 2 0 1 1 0 1 0 10 0 0 1 6 0 3 110 3 1 11 5 126 40 205 29 0 0 3 1 8 0 4 4 3 0 7 0 8 2 1 14 13 29 4 21 6 6 40 232 17 69 1790 4 9 85 1 1 101 4 1 3 9 1 0 0 1 1 1 228 133 49 606 0 5 3 1 162 504 9 15 2192 498 8 31 69 6 469 36 12 232 119 0 0 423 19 3 12 0 2 0 5 1
2 0 4 0 1 1 0 3 17 12 1 4 3373 18 71 50 113 2099 7253 51 22 128 84 462 66 33 101 49 16 1 1 2 35 30 10 1 77 1087 738 57 1005 440 1903 2560 5280 15927 15 82 129 129 0 3 9 21 18 9 10 5 11 3 2333 115 524 702 370 1561 116 6 431 60 36 39 478 610 10 104 252 102 376 2 18 18 23 73 36 152 9 115 287 385 3653 109 6 55 808 4 121 10 81 9 3 11 0 0 5 2 1 7 0 1 2 3 22 277 2234 40 13 219 72 3523 298 2862 167 4 8 6 4 111 3 206 33 51 7 7 11 23 19 14 72 158 1282 25 520 14 29 113 515 89 361 11013 13 10 39 5 0 47 0 2 0 3 0 9 0 9 7 26 1623 489 68 1165 4 20 13 17 44 1086 4 12 1659 286 2 64 522 22 376 36 2 41 35 3 1 98 13 27 7 3 4 2 9 2
0 1 1 2 1 1 3 0 0 2 1 6 0 190 146 13 90 17 6 15 75 377 241 895 1737 381 595 183 78 4 13 37 139 382 1047 116 379 89 40 2977 193 172 659 15 2 15 2858 10 25 1 0 0 15 95 1 10 125 335 1333 137 20 12 123 236 229 0 872 3099 63 7 0 52 120 2 551 4 1 0 17 0 2 0 43 238 79 534 531 3 11 7 13 9 3 6 186 29 0 5 687 93 2 0 1 0 0 2 0 0 0 0 0 0 0 0 0 0 0 0 2 7 25 5 4 0 0 0 0 0 0 0 0 0 1 6 0 12 0 0 37 48 1 0 0 0 2 0 0 0 8 1 0 0 3 0 0 0 0 0 0 0 0 0 0 0 0 0 0 0 0 1 0 0 2 0 1 0 0 0 4 0 5 32 3 0 1 4 0 0 0 0 0 1 0 0 0 0 0 1 0 0
7 4 6 1 0 4 1 0 0 5 0 6 5 13 40 19 7 50 25 30 24 113 37 23 52 11 33 13 18 5 4 1 2 2 13 0 1 4 179 21 476 24 243 31 58 82 10 28223 295 66 1 6 2 25 27 11 5 2 5 1 294 8526 2959 370 269 13 121 8 12244 673 3948 3 6 10 6 7913 10 1 4 4 245 42 34 64 41 120 6 2376 6768 327 1438 120 14 152 847 4 5 2 65 5 2 1 0 0 1 0 0 6 0 0 1 1 0 1 4 1 3 6 2 9 6 15 0 1 0 7 4 5 0 5 3 2 0 1 1 2 0 2 4 0 1 7 4 1 12 41 42 4 15 95 4 67 434 2 5 201 1 0 5 12 0 1 0 0 0 0 28 166 191 56 0 0 1 8 491 165 12 29 771 99 2 9 13 7 398 22 60 146 445 0 0 662 88 1 9 0 0 0 1 0
16 7 30 5 5 12 7 10 2 17 2 21 9 22 97 36 42 126 74 63 21 86 234 223 19 85 39 41 7 4 4 0 1 0 9 0 7 10 88 71 2806 1003 5910 38 40 129 25 295 12633 60 36 17 8 12 91 44 1 1 4 0 242 1071 176 34 106 16 40 3 463 565 293 3 6 20 9 311 16 0 5 1 223 26 106 41 18 29 4 531 1174 370 1202 4170 293 4731 5370 6 9 4 21 6 0 0 0 0 0 0 0 1 0 0 2 0 0 0 1 0 0 1 0 3 3 9 0 0 0 0 2 0 0 1 1 0 0 1 0 0 0 0 2 1 2 1 3 2 2 3 3 1 1 36 1 14 69 2 0 21 0 0 5 6 0 0 0 0 0 0 16 28 33 8 0 1 0 1 71 25 6 19 134 19 0 3 7 1 59 3 14 63 132 0 0 126 16 0 0 0 0 0 0 0
2 0 2 2 0 2 5 8 119 78 0 3 304 1 5 5 4 5 103 4 2 12 4 2 2 0 0 0 1 1 0 0 3 2 0 0 1 21 3 1 80 3 23 390 5489 129 1 66 60 8019 29 109 9 3 6 2 0 0 0 0 20 166 88 3 3 1578 0 0 71 85 94 67 53 971 0 48 1875 360 429 220 184 5113 11 0 2 4 2 5788 1011 5959 468 33 16 46 117 1 1153 73 4 0 4 0 0 0 0 2 1 6 0 0 1 1 0 2 11 3 0 4 3 13 6 39 3 1 1 4 3 1 0 2 2 1 0 5 0 4 3 0 11 4 3 1 3 8 7 34 37 1 15 159 9 47 287 3 2 166 13 0 29 64 1 2 0 0 0 1 20 117 79 165 2 0 0 0 315 87 17 48 1089 77 2 9 16 0 304 22 40 714 396 1 1 963 55 0 9 0 0 1 0 1
84 14 71 24 11 32 23 40 3 56 4 91 0 2 2 0 1 0 1 1 0 2 3 0 2 1 1 1 7 14 16 12 14 1 1 0 2 1 2 0 358 3 1 0 1 0 0 1 36 29 11590 10122 28 11 135 25 3 1 0 1 2 3 1 1 7 21 9 1 6 256 8 11 2 20 14 1 16 1 6 661 1374 271 272 31 12 31 4 136 8 2 5 5399 5385 28 10 19 15 17 8 4 0 0 1 0 2 2 0 0 0 0 0 1 0 0 0 0 0 0 0 0 1 0 0 0 0 0 0 0 0 0 1 0 0 3 1 2 0 0 1 0 0 1 0 8 2 4 0 0 0 2 0 9 8 4 2 4 281 31 821 537 4 1 0 0 1 0 0 0 6 4 2 0 0 0 0 0 67 59 8 0 5 4 1 0 0 3 144 32 292 0 0 12 8 0 2 0 1 0 0 0
120 21 117 23 15 51 30 71 9 109 10 122 1 2 3 1 2 0 1 0 2 5 4 1 4 1 3 1 30 18 44 8 13 4 2 0 2 1 8 3 389 0 4 4 1 3 0 6 17 109 10122 19841 50 10 173 29 11 7 0 1 2 13 2 3 16 70 17 2 9 455 45 23 2 54 18 1 35 4 16 8537 4345 1913 399 53 26 37 4 1156 51 16 7 1861 5421 38 17 26 32 50 7 12 3 0 0 1 0 0 0 2 0 2 5 2 0 0 0 1 0 3 0 0 0 1 1 1 0 1 4 2 1 0 1 0 1 8 0 1 0 0 3 3 0 2 0 8 10 11 2 0 2 1 2 49 40 14 3 23 1917 179 5388 2463 16 6 0 1 0 0 2 11 20 43 9 1 0 1 5 3 367 209 44 2 7 7 34 0 3 32 541 167 1525 1 11 74 97 3 4 0 0 1 0 0
785 112 519 177 141 367 400 439 107 662 55 530 3 80 66 8 19 5 1 3 7 25 6 16 40 5 42 67 648 198 226 82 49 25 22 3 47 17 31 22 73 4 17 0 8 9 15 2 8 9 28 50 10671 3391 4717 7 73 32 8 9 9 11 14 16 71 4 221 15 38 13 6 127 27 32 111 4 51 3 85 6 24 7 678 898 49 131 41 9 4 3 6 79 66 4 9 220 152 5513 80 148 6 1 2 0 2 18 3 3 6 2 10 18 0 0 0 0 0 0 0 3 4 0 1 1 0 0 1 0 0 0 3 0 10 31 0 16 0 0 7 8 1 0 0 0 3 0 0 0 1 1 0 2 1 0 0 0 2 0 5 2 1 3 0 1 8 0 1 0 0 1 1 2 1 0 0 0 0 0 0 0 25 26 1 0 0 12 1 1 4 0 0 2 0 4 6 1 1 2 0 0
1393 257 929 325 311 712 428 495 52 666 78 816 1 274 211 44 70 35 12 13 25 144 29 53 251 36 209 243 3227 537 747 162 133 65 147 14 149 48 140 146 108 19 103 5 1 21 95 25 12 3 11 10 3391 3163 348 20 291 52 33 38 49 23 90 71 284 1 3092 53 154 13 4 135 49 12 368 22 39 0 79 1 10 1 438 5013 105 690 221 4 16 1 9 40 13 4 68 810 96 2542 442 604 13 1 9 5 1 24 1 8 8 2 19 34 0 1 0 0 0 0 1 1 3 2 0 3 2 0 0 0 0 0 1 1 16 32 0 20 0 0 11 9 2 0 1 1 5 1 1 0 3 11 0 0 1 0 0 0 0 0 0 0 0 1 0 3 14 0 1 0 1 0 4 2 2 0 0 3 0 0 3 1 45 35 3 1 3 15 0 0 0 0 0 1 0 3 12 1 1 1 0 1
187 25 144 39 35 83 81 97 12 127 13 113 0 11 10 6 3 11 3 3 2 8 8 8 9 5 3 11 102 36 49 28 13 11 3 0 6 3 13 4 1611 23 45 3 5 18 1 27 91 6 135 173 4717 348 11865 421 12 3 2 1 24 29 12 6 30 1 39 5 48 86 28 17 1 7 16 22 13 1 17 12 104 13 1769 56 12 25 13 68 105 28 93 632 201 66 49 59 18 1048 9 31 2 0 2 1 1 1 0 1 1 1 2 6 0 0 1 0 0 0 0 0 0 0 0 0 0 0 1 0 0 0 0 0 1 9 0 1 0 0 1 2 0 1 0 1 1 0 0 0 1 3 0 7 5 0 1 0 3 0 9 5 0 0 1 0 2 0 1 1 1 1 1 0 0 1 9 1 2 1 12 1 1 5 0 0 1 1 4 6 16 1 0 13 1 0 2 1 1 0 0 0
145 78 214 92 45 173 19 104 17 141 22 231 0 20 22 4 6 12 3 2 831 190 9 13 32 8 22 14 48 60 113 30 38 14 14 1 21 15 25 16 1159 18 20 1 1 9 10 11 44 2 25 29 7 20 421 1497 38 25 4 2 15 19 13 11 28 1 31 5 28 36 16 31 34 8 60 13 9 0 33 2 31 6 2670 112 2544 173 17 19 42 8 34 167 50 25 21 108 13 28 68 34 4 0 2 2 0 6 0 3 1 0 5 2 0 0 1 0 0 0 0 2 0 0 0 0 1 0 0 0 0 0 0 0 3 6 1 6 0 0 3 1 0 0 0 0 2 0 1 0 0 4 0 1 1 0 0 3 0 0 3 0 0 1 0 0 1 0 0 1 0 2 0 0 0 1 2 0 0 4 5 1 8 7 2 0 1 5 2 1 9 0 0 11 2 1 4 0 1 0 0 0
58 80 65 218 758 648 11 9 12 36 20 295 0 354 246 34 85 38 6 25 73 30 5 21 238 10 169 209 2564 4966 5920 201 156 80 135 29 263 68 97 92 336 5 35 2 1 10 125 5 1 0 3 11 73 291 12 38 5133 53 48 67 21 9 26 44 228 0 3629 80 84 10 0 103 45 11 655 4 14 0 25 0 11 1 173 403 313 676 435 3 2 1 5 21 19 6 25 1932 37 77 2463 3979 13 1 6 4 4 28 3 12 1 9 35 42 0 0 0 0 0 0 1 6 4 1 1 2 1 0 0 0 0 0 3 2 17 43 0 16 0 0 8 8 1 0 0 1 9 1 0 0 1 1 0 0 0 0 0 0 0 1 0 1 1 3 0 2 8 0 1 0 0 0 3 1 0 1 0 0 1 0 2 0 53 15 1 1 0 8 0 0 2 0 1 0 0 6 18 1 1 3 0 0
9 5 7 9 206 199 6 11 10 26 7 181 1 186 84 13 40 11 24 3 381 445 79 25 48 5 113 102 175 31 274 1992 2681 4955 244 136 1275 486 22 82 265 8 22 27 1 5 335 2 1 0 1 7 32 52 3 25 53 8817 1866 702 4 2 5 27 63 0 100 3092 8 3 0 471 696 45 7376 1 13 1 185 0 3 0 68 167 273 227 184 2 1 2 0 10 12 2 8 1157 59 24 96 30 17 3 6 2 9 18 5 18 4 4 22 27 0 0 1 0 3 0 2 2 31 5 3 12 12 1 1 0 0 0 13 3 17 165 12 121 1 0 181 102 0 1 0 1 38 0 2 1 14 5 2 0 0 1 0 0 2 1 0 1 1 5 1 5 26 1 0 0 1 0 16 6 8 9 2 2 2 1 1 0 102 305 36 3 0 85 0 1 2 7 2 0 0 16 17 3 5 5 0 0
1 1 0 1 1 0 0 0 0 0 0 13 0 403 235 14 129 19 15 30 40 70 38 136 32 41 221 138 79 4 17 358 555 3124 891 923 2752 292 58 387 54 25 121 11 0 11 1333 5 4 0 0 0 8 33 2 4 48 1866 3736 2813 13 3 31 87 128 0 241 1031 59 1 2 60 231 5 624 10 1 0 25 0 1 1 14 60 26 73 79 0 2 0 1 1 1 2 51 34 2 2 76 26 0 0 0 0 1 0 0 0 0 1 1 1 0 0 0 0 0 0 6 5 37 5 5 1 2 0 0 0 0 0 0 0 1 10 4 13 0 0 60 57 0 1 0 0 1 1 0 0 12 6 1 0 1 0 0 0 0 0 0 0 0 0 0 0 1 1 0 0 0 0 0 3 0 1 0 1 0 0 0 0 4 38 3 1 0 5 0 0 0 1 0 0 0 2 2 0 0 1 0 0
0 0 2 1 3 2 2 1 0 1 1 4 1 1095 546 20 367 8 9 75 48 100 205 16 5 7 106 124 119 14 21 221 294 3099 520 1368 2361 84 23 115 118 3 10 3 0 3 137 1 0 0 1 1 9 38 1 2 67 702 2813 831 2 1 3 23 55 0 128 288 9 1 0 12 21 2 142 0 2 0 7 0 0 0 12 31 26 28 9 1 2 1 1 3 3 1 9 11 0 10 15 10 0 0 0 0 1 0 0 0 0 0 0 0 0 0 0 0 0 0 0 0 3 3 0 0 1 0 0 0 0 0 0 1 0 3 0 6 0 0 15 7 0 0 0 0 0 0 0 0 1 1 0 0 0 0 0 0 0 0 0 0 0 0 0 0 0 0 0 0 0 0 2 1 1 2 0 0 0 0 0 0 0 8 2 0 0 0 0 0 0 0 0 0 0 1 0 0 0 0 0 0
7 2 7 0 1 2 1 2 2 3 1 2 33 78 198 165 94 1960 385 66 33 104 82 439 60 29 129 142 54 3 6 1 11 19 19 3 77 321 5539 66 1636 597 2156 122 39 2333 20 294 242 20 2 2 9 49 24 15 21 4 13 2 14388 184 993 750 553 99 200 11 2565 97 110 5 85 35 18 3258 4 2 5 1 39 4 46 94 41 158 5 116 469 84 4306 199 20 79 1159 3 6 8 84 11 0 4 0 1 4 0 0 10 0 0 1 1 10 112 538 17 7 75 11 765 73 658 35 1 1 6 2 39 2 77 13 26 1 3 5 8 5 5 29 33 436 11 236 6 7 55 259 20 84 2801 9 7 34 3 1 22 0 1 2 1 0 2 0 0 6 5 494 238 48 197 3 5 3 11 38 464 6 10 764 169 4 23 73 11 179 12 2 14 17 1 0 41 10 13 1 0 3 0 4 1
10 2 24 6 5 7 4 5 4 18 0 10 7 19 41 39 18 56 53 35 42 177 74 55 57 30 20 19 9 1 4 2 0 3 6 0 5 9 91 37 494 47 344 34 77 115 12 8526 1071 166 3 13 11 23 29 19 9 2 3 1 184 16283 9242 292 181 23 130 10 3822 7328 2013 2 12 25 6 879 17 2 7 10 347 110 51 121 52 141 6 1123 2118 616 787 261 178 2654 3389 0 17 3 74 3 1 0 0 0 1 0 0 6 0 0 1 0 2 1 1 0 0 12 0 11 2 16 2 0 0 6 4 6 5 6 2 6 0 1 2 2 2 1 4 3 4 9 3 8 10 53 30 1 10 58 13 132 745 5 3 272 7 3 6 22 0 0 0 0 2 2 14 181 261 20 0 0 1 3 612 100 19 42 781 59 0 13 15 4 375 24 78 218 679 0 0 1005 162 1 5 0 2 3 1 1
7 3 1 1 1 3 0 2 2 3 1 3 13 28 58 63 14 170 121 31 112 528 165 81 240 75 103 35 43 1 5 3 4 10 41 3 11 17 335 188 342 49 627 83 139 524 123 2959 176 88 1 2 14 90 12 13 26 5 31 3 993 9242 24327 4391 4174 34 657 50 8991 1577 579 5 18 23 35 1394 14 1 18 3 113 14 47 313 155 563 43 543 2824 805 3687 75 23 340 7222 9 15 1 299 18 1 0 0 0 0 0 0 5 0 0 0 1 0 1 9 2 0 4 1 19 6 23 2 0 0 1 0 2 0 4 2 5 0 2 1 3 0 0 4 3 6 5 10 4 6 29 42 4 15 261 3 29 131 1 3 105 1 1 3 6 0 0 0 0 1 0 49 103 57 53 0 2 0 0 219 204 6 7 702 139 0 6 10 2 276 9 10 66 148 0 0 355 28 1 5 0 0 0 0 0
1 1 3 1 2 3 1 1 0 0 0 7 6 54 109 55 6 591 163 8 41 327 96 1195 333 47 1971 1124 48 3 7 1 9 17 270 15 37 12 492 427 317 80 3458 4 5 702 236 370 34 3 1 3 16 71 6 11 44 27 87 23 750 292 4391 5054 5733 3 606 154 2819 38 51 6 12 3 61 103 0 1 2 1 12 2 35 274 75 503 74 39 166 27 258 21 3 18 1335 8 0 2 421 31 0 0 0 0 0 0 0 0 0 0 0 0 0 7 30 1 1 8 0 211 8 69 2 0 0 0 1 2 0 8 0 0 0 0 1 1 0 0 3 8 46 0 18 0 0 1 7 1 4 309 0 2 4 0 0 4 0 0 0 0 0 0 0 0 0 0 76 12 3 2 0 0 0 0 4 35 1 1 34 9 0 4 3 1 8 1 0 2 4 0 0 13 2 0 0 0 1 0 0 0
5 3 9 1 3 4 1 4 1 5 1 10 10 253 426 100 32 258 83 16 68 201 80 320 288 38 1922 2969 225 11 26 8 15 61 354 47 98 24 2219 171 1406 552 1401 7 12 370 229 269 106 3 7 16 71 284 30 28 228 63 128 55 553 181 4174 5733 14367 2 2068 234 9575 56 52 16 31 2 194 135 1 1 10 2 24 4 153 584 190 845 110 35 145 26 201 142 11 26 630 25 0 11 605 117 0 1 0 0 2 1 0 0 0 0 0 0 4 40 99 4 0 17 2 506 11 157 5 1 0 1 0 7 0 27 1 3 0 0 0 1 0 0 6 7 141 1 51 0 0 4 28 1 10 788 0 1 6 0 0 5 0 0 1 1 0 0 0 0 2 1 177 31 8 21 1 1 0 2 10 73 0 1 61 20 1 3 3 3 24 4 0 2 9 0 0 16 2 2 0 0 0 0 2 0
0 0 1 1 0 1 1 3 49 27 0 2 2272 0 1 1 4 33 337 4 0 1 1 0 0 0 1 1 2 0 0 0 1 0 0 0 0 28 2 0 29 1 17 595 4526 1561 0 13 16 1578 21 70 4 1 1 1 0 0 0 0 99 23 34 3 2 844 3 0 38 14 16 26 46 881 2 11 1119 537 214 78 47 813 1 0 0 3 0 338 138 580 1147 9 1 11 32 0 463 29 1 0 1 1 0 0 0 0 0 4 0 0 0 0 0 4 277 1 0 8 3 182 24 162 4 0 0 0 0 4 0 4 2 2 0 2 0 3 1 1 4 7 22 2 6 4 1 18 86 13 38 1004 0 5 18 0 1 38 5 1 16 11 1 0 0 0 0 2 61 34 16 732 0 2 0 1 33 61 1 4 402 53 1 6 178 3 84 8 7 41 32 0 0 93 6 0 2 1 0 0 1 0
132 172 275 183 185 377 23 83 14 189 50 395 0 1223 1044 167 217 129 24 75 36 281 131 494 2023 227 1653 1606 4366 1348 2389 224 243 212 830 83 482 106 692 1260 295 87 585 4 2 116 872 121 40 0 9 17 221 3092 39 31 3629 100 241 128 200 130 657 606 2068 3 8804 575 932 29 32 167 89 14 1156 79 19 1 94 2 10 2 293 7934 367 2124 1571 20 107 19 88 39 14 15 372 2407 46 62 3801 4177 4 0 6 5 1 17 0 12 4 1 17 27 0 2 3 0 1 0 0 17 10 12 1 6 2 0 1 1 0 0 5 3 14 27 3 14 0 0 20 18 7 0 4 1 8 1 6 0 8 65 0 1 0 1 0 1 1 0 4 1 0 1 0 0 9 1 13 10 1 3 5 4 1 1 6 25 0 0 23 3 26 32 4 1 15 20 0 2 4 2 2 7 0 4 17 2 0 0 0 0
0 2 5 1 3 11 0 2 0 4 0 67 0 204 92 15 48 19 15 8 186 239 62 147 502 42 354 182 53 5 12 170 736 1554 316 62 720 416 33 332 157 24 155 41 0 6 3099 8 3 0 1 2 15 53 5 5 80 3092 1031 288 11 10 50 154 234 0 575 4708 52 1 0 294 694 12 2673 2 10 1 170 0 2 1 31 158 101 303 969 0 5 1 3 6 1 0 72 59 6 3 414 160 1 1 1 2 1 2 0 2 0 0 1 4 0 0 0 0 4 0 6 4 68 8 5 3 2 0 1 0 0 0 2 1 0 30 9 41 0 0 141 133 0 5 0 0 2 0 1 0 22 6 2 0 0 1 0 0 0 2 0 0 2 3 0 1 1 1 1 0 0 0 5 0 2 6 0 0 0 0 1 1 19 131 10 2 0 15 0 0 3 0 1 1 1 5 0 0 0 2 0 0
3 1 11 3 2 12 1 2 1 8 0 5 18 124 169 97 7 194 50 20 54 311 79 121 161 34 178 99 150 5 9 7 7 9 44 9 11 16 2263 110 1514 351 1720 55 88 431 63 12244 463 71 6 9 38 154 48 28 84 8 59 9 2565 3822 8991 2819 9575 38 932 52 23390 627 1115 7 19 19 31 9212 11 0 13 1 127 12 105 379 164 496 33 683 3042 430 3975 327 33 202 2420 6 1 9 260 28 0 2 0 1 3 1 0 16 0 0 0 1 3 8 49 5 4 18 3 35 19 48 7 0 0 8 0 14 2 11 11 8 0 1 3 3 3 5 11 9 37 5 41 4 4 33 212 10 47 998 2 16 81 2 3 118 2 1 0 6 0 0 0 0 1 4 199 170 74 137 0 5 5 3 195 605 5 19 1496 441 2 17 20 4 479 24 18 57 99 0 0 279 23 4 12 2 0 0 1 0
55 17 71 13 8 35 14 28 6 68 9 70 5 9 18 16 9 26 22 14 8 64 38 26 12 12 10 10 13 9 21 10 6 2 4 1 1 7 39 17 667 38 236 17 40 60 7 673 565 85 256 455 13 13 86 36 10 3 1 1 97 7328 1577 38 56 14 29 1 627 7407 2405 10 7 21 10 149 12 1 7 59 2987 363 176 46 28 55 3 1824 696 242 367 1029 2088 2166 1861 11 22 15 23 8 0 1 0 0 1 1 0 5 1 0 0 0 0 3 1 2 1 6 2 5 2 5 1 0 1 7 9 9 5 9 5 7 0 2 0 3 4 3 4 0 5 16 3 21 10 47 17 1 3 35 5 288 592 6 19 132 30 6 98 231 1 1 0 2 1 1 18 148 302 19 7 3 1 7 264 41 93 200 338 30 1 4 12 4 104 16 191 144 1611 0 0 543 281 2 3 0 0 0 3 2
17 9 22 7 1 7 1 9 3 11 1 14 6 5 17 5 4 25 12 7 6 28 23 17 3 7 4 9 10 4 3 3 2 2 0 0 0 2 58 1 397 20 95 12 38 36 0 3948 293 94 8 45 6 4 28 16 0 0 2 0 110 2013 579 51 52 16 32 0 1115 2405 7233 3 8 20 2 445 14 2 5 23 6459 262 40 18 7 26 1 2748 1553 208 353 178 53 626 483 3 10 5 18 2 0 0 0 0 1 0 0 7 0 0 0 1 0 1 0 5 4 18 2 12 0 6 1 0 2 6 11 10 5 7 6 7 0 1 0 0 3 0 3 1 11 17 6 12 18 69 13 0 4 29 12 325 816 5 21 164 13 4 55 109 0 0 0 1 0 2 11 217 404 15 4 5 0 2 343 50 76 161 381 25 1 8 11 11 109 20 195 205 1601 1 0 681 374 2 7 0 2 0 2 1
49 29 62 56 610 992 136 345 453 3637 927 2483 152 19 13 2 15 9 37 1 432 508 49 4 53 2 18 12 359 160 563 1045 2407 313 19 1 96 564 4 12 313 0 8 140 155 39 52 3 3 67 11 23 127 135 17 31 103 471 60 12 5 2 5 6 16 26 167 294 7 10 3 4718 6234 589 1248 0 3866 177 7500 3 10 31 206 362 389 349 201 21 11 25 29 27 19 11 5 1008 6038 596 144 17 106 28 83 41 46 202 31 107 101 46 248 272 1 1 4 2 7 1 5 3 94 26 16 48 69 4 8 1 0 3 79 9 197 687 18 305 0 1 349 180 3 4 1 8 120 1 8 0 42 17 9 1 2 8 0 11 5 12 0 3 11 43 6 43 118 1 1 0 0 3 75 26 16 13 1 4 8 0 12 2 591 912 162 9 1 390 2 2 3 32 23 8 4 82 135 21 27 31 2 5
9 3 9 4 72 125 12 16 91 92 9 784 328 49 39 23 54 203 1153 16 647 1193 225 8 127 11 32 34 98 35 127 414 2312 925 50 15 211 5107 9 36 410 2 26 3804 205 478 120 6 6 53 2 2 27 49 1 34 45 696 231 21 85 12 18 12 31 46 89 694 19 7 8 6234 17306 2131 1260 11 526 218 6952 2 10 22 75 202 377 359 159 27 57 66 181 11 2 2 25 339 558 83 181 12 43 15 25 20 28 60 12 53 41 13 90 96 2 0 10 4 46 8 78 38 1020 374 152 80 102 9 13 0 1 5 51 8 78 895 114 780 0 5 2193 1349 7 35 3 9 148 6 32 2 497 124 68 1 2 18 2 10 3 12 2 3 17 41 3 15 113 20 12 9 8 15 71 35 43 106 6 18 11 0 77 7 437 3438 663 42 23 773 3 4 9 28 26 12 1 59 88 15 32 47 4 8
11 8 26 12 29 60 9 25 121 129 24 151 1500 1 19 37 105 121 5334 70 32 19 8 1 2 0 2 4 30 13 33 67 185 48 2 0 60 728 0 0 50 3 32 3112 834 610 2 10 20 971 20 54 32 12 7 8 11 45 5 2 35 25 23 3 2 881 14 12 19 21 20 589 2131 2982 74 5 4493 1666 4691 91 64 946 27 32 26 16 4 466 151 249 308 10 5 8 34 53 1757 79 3 2 20 7 6 6 5 25 5 12 15 12 29 55 2 2 170 3 4 41 47 124 410 1915 168 11 16 1 2 1 0 2 7 3 18 159 9 102 5 2 333 184 6 7 4 2 26 7 25 17 378 307 5 2 11 1 0 10 9 1 16 25 3 10 0 1 29 1 26 16 4 47 5 2 1 4 15 28 5 4 125 19 119 680 2989 2 31 221 7 15 26 5 4 42 2 6 44 2 4 10 1 1
