15.210159359127 27.7017104267396 28.3718080770903 34.7059617611214 47.6528443896827 44.0032778631118 27.0855111588828 21.4869825568175 62.8432238352926 45.9416528978485 77.5418339713675 58.0483413493313 0 183.908053588867 179.616854667664 0 153.985875447591 209.381713867188 0 0 117.1001436957 139.775098717731 161.318572998047 187.548416137695 162.481248855591 118.919075012207 195.753901163737 129.444274902344 32.9297883714777 28.1194462253544 81.3552704357164 89.3705448215291 118.599528593176 179.719294956752 229.467071533203 0 180.964113871257 167.754511515299 210.071952819824 186.446762084961 98.4306267361681 142.90087890625 181.689676458185 0 0 183.873893737793 0 179.985266549247 142.785402297974 181.1806640625 148.561005819411 162.912664031982 102.589419050277 85.2814003697249 108.96516642851 98.5464645911907 84.0883085974332 135.772313435872 125.535766601562 0 179.632152012416 171.039779663086 205.738895961217 204.899337768555 194.428964233398 0 90.4432567249645 0 185.502517700195 173.808146528764 174.340849034926 126.858915679309 163.053851657444 129.400811628862 153.905687030993 181.98913192749 112.847296953201 179.659774780273 140.285262778953 145.937741597493 181.39271634124 194.581970214844 110.32064516025 96.2376773359557 111.382165350832 111.817788436565 185.863074408637 187.535069783529 179.345263004303 175.22883682251 181.19399356842 143.66610405915 163.036761597817 162.935925391413 166.199353998358 95.1051876904213 93.8490783893957 49.0305389150375 145.095903733197 157.819957386364 189.103466457791 165.493565877279 117.223780400044 191.949139681729 160.417346191406 181.737459380051 188.833153464577 159.108565194266 136.573158468519 200.720962524414 173.901759978264 184.012273569576 0 187.326904296875 0 0 0 0 0 0 0 245.170379638672 0 185.945892333984 205.000064849854 0 0 0 0 0 187.486646525065 184.403419494629 170.062192862374 179.86162009606 165.370903015137 173.453117772153 0 0 215.546531677246 192.026374816895 0 0 0 208.746459960938 202.871322631836 0 0 0 0 239.067916870117 0 234.064270019531 226.28173828125 0 0 204.104370117188 181.699249267578 169.091445922852 192.42350769043 219.364700317383 0 199.461570739746 0 204.991813659668 179.18988869407 0 0 0 193.55419921875 0 210.536005655924 204.824298858643 0 175.002502441406 232.842758178711 0 0 222.827758789062 232.69261932373 239.148788452148 167.956135469324 178.145858764648 128.519763946533 211.933113098145 0 154.629816958779 220.3056640625 165.596893310547 225.785577138265 181.198669433594 216.214408874512 228.835845947266 0 171.30094909668 146.210445086161 173.81783718533 210.215484619141 188.10905456543 0 0
27.7017104267396 15.7258928079678 21.3355342813169 24.3398285528978 34.7354922225538 40.9532048560907 69.7463061209837 87.4345458901447 84.8276193891253 71.5040231947013 64.0292009233354 55.8237673475979 0 202.52619934082 224.651512145996 212.778396606445 175.613189697266 0 0 0 105.477908753512 140.55806684494 227.365875244141 173.856048583984 174.877739800347 196.575813293457 206.591117858887 195.647186279297 64.0714055407178 28.390385908287 66.1143886333203 99.5094329516093 145.741074698312 182.639277140299 0 0 126.582916259766 172.57255859375 0 209.545232137044 95.5091060456776 0 177.836029052734 231.094345092773 167.213104248047 0 196.400573730469 205.432846069336 174.610856192453 0 157.989679609026 173.481198992048 123.583501747676 105.24480090902 126.720624084473 110.039158649934 60.4623223543167 137.827058410645 208.52278137207 0 176.621292114258 184.131225585938 212.454518636068 214.618133544922 203.371943155924 0 80.3238254147907 151.271156311035 233.066482543945 188.023285809685 182.166839599609 120.462892466578 180.857892354329 103.625931739807 174.035094579061 174.417327880859 99.3339208519977 0 152.822264480591 171.747222900391 184.860916137695 199.943466186523 128.887295588394 110.866293844969 115.778536359999 96.7969607804951 144.99821472168 189.72532043457 184.582602364676 175.679278564453 185.681126185826 155.74192721049 176.027110205756 184.787944248744 181.584589177912 114.412807637995 85.3230967873021 84.4526373953189 140.603126525879 146.800201416016 187.420539066709 182.472534179688 156.71512942844 182.455090974507 178.917549133301 176.677568282204 186.668724646935 167.450315122251 159.041863074669 159.518209669325 165.056226061536 173.890066212621 0 0 0 0 0 0 186.300445556641 0 205.838836669922 0 0 187.948786417643 216.691207885742 0 154.525245666504 0 0 0 182.843244664809 208.43320719401 159.062901716966 161.618953570198 219.409378051758 167.17707824707 0 0 168.993816375732 202.383722941081 0 0 0 191.573664347331 185.97503789266 0 0 0 0 0 0 0 211.804061889648 0 0 0 0 241.262306213379 198.219360351562 0 210.361053466797 212.158334350586 0 194.324261983236 160.422283466046 152.266662597656 0 0 0 0 211.67165222168 184.509602864583 0 0 0 0 242.879486083984 246.384628295898 0 0 159.94125130063 156.535547044542 132.641590118408 0 0 142.473484536876 0 0 229.352559407552 177.161921183268 207.286697387695 0 0 156.306313650949 129.662492179871 177.097206963433 246.655227661133 247.669174194336 0 0
28.3718080770903 21.3355342813169 14.9384537009892 23.8974989747237 83.4711091340478 40.496538390747 58.1370786817811 24.1164676253893 70.5593597944393 27.5903145351536 61.3732491704937 31.9685450305614 0 213.759348551432 214.512015206473 190.763000488281 0 217.203189086914 245.56135559082 0 117.628763952921 131.604741668701 0 240.07307434082 155.47250811259 0 201.832588195801 202.952977498372 81.8416867785205 72.8021448361475 105.41523157964 136.977179260254 158.069538789637 174.098239898682 214.102668762207 214.051635742188 177.65904490153 191.057897567749 244.054077148438 202.958450317383 101.736427978665 143.824850082397 191.093471180309 186.630167643229 182.989166259766 203.189182281494 149.297119140625 202.612480163574 155.321397908529 207.579513549805 160.431449352855 172.548521514632 126.155559267842 107.064008107098 132.595126310984 110.629829121527 92.5371647174542 167.956927708217 0 215.365753173828 188.533621651786 180.465091705322 220.879180908203 194.481155395508 211.830422295464 149.163284301758 88.3507473200018 179.841795349121 201.535460038619 186.075514242683 190.156293002042 127.137638768842 175.904013739692 111.383283468393 177.365142604283 181.246517181396 90.2029757969816 0 137.649409799015 161.295793321398 195.261599907508 180.429258074079 129.615009883611 110.894733505577 119.435828018533 106.655563523692 190.019694737026 196.938477834066 193.6450275845 194.551766135476 194.300658282112 158.186186710036 176.671473075248 177.308355795371 186.525602143386 137.603842857556 85.9173754056295 86.5207872499366 157.293706489332 178.125213623047 184.196294350199 175.270002885298 114.38609994008 184.905511765253 176.892512851291 175.177624958317 191.231822509766 172.569708111642 110.470263953936 166.054909865061 165.471228134534 173.727110715257 0 0 0 0 0 0 0 0 183.079366048177 0 0 201.72508430481 186.640379685622 0 200.33325958252 0 0 0 183.139517211914 175.755752563477 154.915813295465 167.008754632412 177.294364929199 172.514427790566 0 0 172.134806315104 199.908428955078 0 0 0 208.838341849191 198.705322265625 0 0 0 0 197.495109558105 0 232.936157226562 229.727893829346 211.115936279297 241.086029052734 0 228.644607543945 220.08076171875 194.405859375 223.729209899902 228.46603175572 212.964859811883 182.174934387207 194.733937350186 165.552336057027 153.994369506836 213.331451416016 0 228.118957519531 199.553344726562 209.542341105143 186.514527893066 164.007507324219 203.372791290283 0 228.761459350586 0 230.552937825521 226.262672424316 0 157.49172364048 160.521143162504 113.649678911482 177.954879760742 221.367118835449 144.874069610199 194.778411865234 206.401447296143 232.591828998766 185.917409261068 223.085504150391 221.246124267578 238.315994262695 160.826020558675 129.678031733779 165.548979974562 213.657161712646 203.417957305908 0 0
34.7059617611214 24.3398285528978 23.8974989747237 12.6906679237308 25.0014044419335 25.5359954256047 58.5256831424876 73.7582628365719 78.6991792566636 70.6655316644785 56.4416003266642 28.9945359182942 0 148.143699645996 197.194831848145 0 0 0 0 0 99.8378491813754 116.641478765578 179.697357177734 220.55265045166 154.697277832031 0 215.834625244141 0 61.9077067341296 31.9796450651339 42.8519130645995 74.0289483681703 114.220958073934 171.68031056722 0 0 150.077236175537 137.346506754557 195.225219726562 0 88.3499667111277 0 147.739318847656 0 0 0 216.269950866699 165.124313354492 135.704206848145 219.231491088867 155.135436375936 170.868086441703 118.460888878774 97.2595419546274 122.103434636043 105.419228926949 44.9775690988663 136.710325453016 217.664947509766 134.494171142578 0 185.882110595703 204.934753417969 246.582885742188 217.958587646484 192.374176025391 76.2381680389571 212.382049560547 188.991755167643 175.31437096229 185.652938842773 105.935923644475 114.414747238159 79.9438447952271 154.021075657436 155.582778930664 85.3525169206702 218.331192016602 115.908124651228 137.271881103516 186.763582953091 184.766934712728 123.339754133082 106.148603562523 107.694256934176 90.6131869747431 172.08479309082 187.078355789185 189.858390808105 189.616874694824 171.77099609375 153.145165743893 173.797028011746 158.860684712728 195.192604064941 87.9331105988601 72.3697762238352 74.4655683684523 122.481229019165 159.629770278931 180.03713959914 165.899980163574 160.84641287877 175.331404742073 166.089806450738 165.185548338172 175.877683367048 163.100506269015 165.560146840413 151.517987569173 155.94256185978 164.980975139572 0 0 0 0 0 0 0 0 157.930236816406 0 0 163.350702921549 184.061447143555 0 0 0 0 0 160.83201751709 149.934757232666 149.91691810854 156.670051833331 0 157.929343365608 0 0 169.434705946181 161.250005086263 0 0 0 181.563217163086 166.447735057158 0 169.317260742188 0 0 0 0 0 198.781646728516 208.222717285156 0 0 204.058517456055 229.765335083008 192.631187438965 241.578002929688 195.142242431641 213.573797052557 0 188.42069868608 155.773841456363 0 0 212.579650878906 0 0 200.981021881104 177.687924194336 205.412490844727 146.315719604492 0 0 0 0 232.082290649414 0 149.424320375597 151.707108415876 113.785480499268 138.713317871094 0 130.914165994395 0 166.765228271484 216.047208150228 0 219.293649291992 213.547180175781 242.364440917969 155.686633882068 116.882415027153 188.136999511719 209.786547342936 163.406185913086 0 0
47.6528443896827 34.7354922225538 83.4711091340478 25.0014044419335 14.4535083833053 30.5655949168254 56.9404762663828 91.7148114646353 79.6666269524153 86.9394563862697 58.4222516268492 59.0780585907863 0 152.862363815308 108.873733520508 0 81.340829031808 0 127.528205871582 88.9579086303711 96.0045091765268 106.444106277154 131.857007344564 195.441116333008 139.930479685465 160.627227783203 213.503743489583 195.990478515625 54.9598387502619 27.0076546387643 21.3116123318243 35.5029709842477 57.294991473802 90.511531829834 74.3256149291992 0 82.2637015660604 89.7443805021398 111.08650970459 169.9716796875 88.5177270048153 151.563247680664 223.535598754883 122.115926742554 0 205.658813476562 126.966583251953 0 169.740417480469 0 160.804575139826 182.318496704102 116.182096711287 91.8807015005032 114.382053484235 113.100260755751 27.1471287990308 46.088330926247 122.67440032959 64.0531527201335 143.304565429688 172.028558349609 222.520629882812 150.883270263672 175.354494730632 0 75.7221125216097 124.233960469564 195.286315917969 172.225336074829 163.629364013672 60.354989567741 86.8116610315111 79.8361282348633 70.700100912564 198.816980997721 74.3775878319373 0 75.938557495942 148.970387776693 182.734860229492 179.276657104492 119.793416592558 104.877833206998 106.595132064819 91.9858184937508 98.077766418457 205.59300994873 179.133214314779 200.608495076497 152.38745880127 149.384690009223 175.317696094513 170.514389038086 214.079971313477 33.6613448109375 71.8667210438212 68.2136685545092 106.867357889811 34.4040677330711 168.113251657197 151.241897583008 170.863534626208 177.241748046875 170.468902587891 166.586581263049 179.26143951416 161.333985101609 180.387849353609 140.04320526123 153.45115072077 163.588339945475 0 0 0 0 0 159.915649414062 0 0 144.653312683105 229.310333251953 150.495468139648 167.862319946289 173.196452549526 0 0 0 0 180.148574829102 168.117012023926 165.116055297852 149.650553240095 158.62355049289 162.429016113281 162.241709899902 0 0 163.482460530599 177.035786946615 0 0 207.415542602539 200.939605712891 170.27044767492 0 168.905380249023 0 160.769165039062 166.339538574219 202.515502929688 0 0 194.660781860352 0 200.103530883789 0 231.335922241211 0 0 205.079078674316 211.587922837999 0 177.894304911296 155.271656990051 0 0 0 0 0 200.677664620536 177.740777151925 0 0 0 0 237.981758117676 226.504287719727 0 0 148.545950902651 153.887693662901 96.6810607910156 181.406112670898 0 131.572163052029 0 0 237.689086914062 174.055503845215 203.24766031901 232.397064208984 0 153.744488307408 118.965881347656 125.91276550293 190.967061360677 142.302928924561 0 0
44.0032778631118 40.9532048560907 40.496538390747 25.5359954256047 30.5655949168254 20.6827834261382 65.5037899710575 63.0720238395755 75.3784733908517 61.8875250263442 33.6338752191751 27.2041400199073 141.359252929688 152.996022033691 165.655742100307 165.276424407959 89.2373500823975 121.651794433594 89.2429860432943 0 95.5371515750885 104.071206864067 129.358493041992 200.348999023438 134.854031085968 176.53742980957 210.764709472656 194.348193359375 70.8850710642513 48.9802255051339 41.1600673564137 22.5542592440823 50.8693640855254 109.0063792142 212.218490600586 139.974212646484 84.3277745089688 96.5677892120791 157.009015401204 179.494353294373 91.4185019278311 152.412551879883 184.172988891602 140.596969604492 0 102.854904174805 159.203170776367 195.444988250732 156.604578018188 180.676078796387 171.829287528992 174.445792553472 124.57456454659 107.814163534829 133.977750019855 110.962216239444 52.3155817691191 49.6731651152798 0 117.165996551514 168.185119628906 197.584102085658 193.140986124674 204.093877156576 202.878620147705 109.661392211914 83.5442136263658 112.893145474521 178.178614298503 186.198558698382 189.216387067522 58.0259123146534 81.6504825439453 88.0920854568481 82.4585897150174 152.838209788005 71.1939709159765 164.344421386719 83.9233962715446 173.51116027832 191.777319408598 200.628421783447 130.206534174562 109.068685372534 109.731778690076 94.0941685793693 90.5123524983724 203.20785849435 191.696988886053 191.90047454834 186.699417114258 155.9857552711 179.166372801128 175.850296020508 179.478682084517 33.734229725841 54.8750965502228 82.859499591272 114.210545620676 95.8222230764536 175.622482567503 175.360002305773 144.982334910959 175.254669189453 172.621840533088 164.347605316481 176.925589519998 158.586664440562 163.341537074039 153.081207911173 154.310898190453 164.158545957597 0 0 0 247.837677001953 154.600494384766 211.910751342773 0 141.514343261719 169.717227935791 185.872116088867 171.74104309082 181.276682927058 184.192778693305 169.30785369873 149.874908447266 0 0 0 162.641527975759 155.18813196818 145.997658724165 155.032919335365 170.756764729818 156.669053716974 0 0 160.81622363675 175.998587036133 0 153.933898925781 0 195.78543548584 177.539376772367 0 0 161.501510620117 123.349708557129 0 0 0 223.841522216797 209.113415527344 0 180.195449829102 235.631774902344 220.946721394857 207.595097859701 242.673892211914 208.215057373047 208.077342987061 0 190.240694912997 149.772835966829 0 244.439987182617 0 234.174224853516 0 194.05917040507 189.184525626046 188.161560058594 140.077743530273 0 225.610717773438 232.745616912842 0 196.193145751953 0 144.393755194846 145.410865644975 109.064860661825 221.26823425293 0 128.567087775109 0 0 228.227876935686 175.529918125698 193.066293334961 226.415084838867 220.731750488281 148.524746195475 118.974877632704 159.23826529763 196.178278605143 170.300628662109 197.971267700195 188.254913330078
27.0855111588828 69.7463061209837 58.1370786817811 58.5256831424876 56.9404762663828 65.5037899710575 9.6348756484283 21.7403841418385 12.8856700992674 41.366219135157 63.8573506754688 74.8667728195033 82.2102928161621 0 183.572540283203 131.627029418945 0 0 0 0 110.245366414388 144.352752685547 151.019332885742 224.103729248047 146.521530151367 0 193.828638712565 209.759201049805 27.4378265829011 52.3912923177083 76.1789648814868 78.6096548352923 87.642842342979 133.803128560384 0 0 141.89839553833 113.488792419434 0 0 96.4459483066452 0 0 137.649517059326 101.528115844727 0 162.95219930013 129.416015625 129.581517900739 115.773303222656 120.738148233165 144.065296936035 75.4556521701813 61.8933606236895 80.2783314269266 77.66005927638 70.9495735168457 125.084924062093 0 115.932014465332 132.651580810547 139.450389862061 0 221.760986328125 178.85417175293 158.827484130859 98.5604672639266 0 167.685897827148 144.588836124965 145.929870605469 73.9505846360151 124.428909301758 87.0182918972439 123.687915802002 139.191162109375 66.7560729344686 94.7476984659831 83.4895886771287 117.400987625122 160.492682647705 190.48974609375 86.6788635559694 76.5369713128782 97.1425209522247 116.127109264505 81.5536651611328 175.097741699219 143.78950958252 228.07861328125 160.747075398763 116.638442095588 139.330967712402 151.194316319057 161.191703796387 100.024082596238 30.4006846360201 17.0293555618179 143.666776021322 133.677772521973 184.934086192738 122.639526367188 184.602891921997 174.200412750244 122.271102905273 164.447108677455 184.121090698242 176.381919013129 153.56790415446 144.967042922974 166.889676200019 172.433364375945 0 0 0 0 0 0 0 0 147.9033203125 0 0 202.980651855469 207.965232849121 0 0 0 0 0 177.810453142439 0 161.68157523019 172.503768574108 0 177.433055114746 0 0 172.511894226074 118.145370483398 0 0 0 209.688293457031 172.955963134766 0 0 0 0 0 0 0 169.63996887207 0 0 0 0 0 185.98609161377 212.669006347656 0 228.150268554688 0 143.33715057373 182.805868966239 0 0 0 0 0 0 0 0 0 182.151489257812 0 243.068145751953 188.609664916992 219.747329711914 0 168.068989000822 146.949284871419 84.5163040161133 0 0 150.773025512695 187.362365722656 0 194.37427520752 180.027252197266 242.438232421875 0 0 199.431121826172 124.538120693631 149.257167816162 0 0 0 0
21.4869825568175 87.4345458901447 24.1164676253893 73.7582628365719 91.7148114646353 63.0720238395755 21.7403841418385 13.238944760567 18.5347564820388 22.9488094591574 58.988434238366 55.9696852015487 84.6742268880208 220.27365620931 226.681758880615 0 0 145.051712036133 92.0307769775391 0 118.017087936401 123.513723585341 0 214.101852416992 137.287971496582 0 215.215957641602 226.119827270508 76.6668801544012 90.696597434379 114.349381735159 81.6039144992828 85.8665604061551 132.064160664876 0 0 0 75.2364692687988 0 0 96.6378593804701 0 167.72356262207 116.859157562256 99.5913992489085 196.788869222005 0 0 139.513779449463 114.842505455017 143.495609283447 168.641361935038 104.402181481989 93.5725235062416 111.086266035886 101.156521943899 106.297466701931 101.356001420455 0 181.439147949219 209.559188842773 175.019876098633 204.882904052734 235.728790283203 198.560741424561 93.3566080729167 97.7423702837473 166.625438690186 199.983261108398 179.198796408517 186.086808946398 60.0712066760962 120.804701805115 76.3321293640137 126.011784362793 160.849899291992 48.570630528461 72.7743733723958 67.2115280831507 141.388720194499 178.867348592789 151.814062754313 112.537458637861 98.2779335276758 113.05380395151 106.042418649263 0 182.690427992079 183.840667724609 152.649133300781 167.755310694377 143.650420470808 169.947741930998 173.074298313686 163.167768205915 110.869190020439 31.6668282748783 52.7080578222238 158.478300476074 178.322732543945 187.321370978104 0 149.820150829497 184.106014251709 177.732305908203 178.670680205027 176.286326090495 168.270900249481 177.39354816236 155.429653930664 170.779717445374 179.991786448161 0 0 0 0 0 132.060470581055 0 178.855758666992 147.916069030762 149.509429931641 0 151.56827545166 155.839206695557 0 0 0 0 239.300140380859 194.977323532104 155.181831359863 159.803688812256 166.143169712376 0 157.615867996216 0 0 183.833053588867 135.289474487305 0 0 0 208.985305786133 192.905652999878 0 0 0 131.486811319987 0 0 218.599945068359 0 0 0 204.957122802734 0 0 143.281677246094 227.700088500977 208.262084960938 203.235005696615 209.161895751953 202.398959350586 168.081596374512 0 0 0 0 0 168.614112854004 169.932006835938 165.957534790039 0 0 0 0 0 209.056243896484 0 161.281967299325 145.417414945715 130.909861564636 0 0 131.117779323033 235.84521484375 148.652557373047 234.619903564453 0 194.258316040039 239.602264404297 0 173.575994873047 139.934416271391 164.359185536702 186.813934326172 203.473472595215 0 0
62.8432238352926 84.8276193891253 70.5593597944393 78.6991792566636 79.6666269524153 75.3784733908517 12.8856700992674 18.5347564820388 9.13114863307509 30.7564959832778 59.0214993794759 77.4562911009177 80.6062855098559 0 0 0 129.549575805664 0 158.558937072754 0 87.4895087650844 105.484634986291 118.294761657715 170.696319580078 96.3659210205078 0 0 227.049530029297 79.9064794267927 69.195201764788 93.5560594641644 61.1546094794022 70.5435022257142 81.0684814453125 0 0 0 82.0535990397135 0 163.017364501953 98.4388961791992 0 0 83.0754299163818 83.5825085110135 114.706242729636 0 0 178.794509887695 96.3392216017266 144.079126993815 149.468983120388 70.8445323338018 86.0678275915293 104.682969411214 100.201225280762 69.5371290842692 81.9532566070557 0 0 214.201072692871 176.873413085938 148.184310913086 0 155.478042602539 72.7871993707151 101.397723061698 0 159.608795166016 167.274236043294 144.761362711589 59.6593048314648 74.6499622051532 48.9301347023199 80.6108266390287 0 45.3607488253438 52.6086601174396 62.0070452091812 140.378399848938 163.959655761719 115.628722004507 104.617713489752 98.2333830471697 101.247275670369 114.810287877133 130.492774963379 139.525213377816 129.204020500183 120.853945645419 118.800835829515 145.540052890778 166.291552734375 160.57160949707 176.403427124023 78.2243935394287 14.473457637901 20.437144318262 135.284740447998 141.523330688477 164.205301920573 164.866271972656 133.937626647949 117.101089477539 112.525588989258 132.374995803833 137.308996582031 135.676454925537 140.116926193237 121.210426330566 137.410894220526 144.50107458866 0 0 0 0 0 0 117.408593495687 0 132.494350857205 137.026926676432 128.262233734131 193.599685668945 154.541437149048 0 0 0 0 0 145.575082778931 0 117.630077838898 135.521650791168 0 147.559939793178 0 0 136.229395548503 163.907987594604 0 0 0 204.798767089844 168.407382011414 0 0 0 192.075759887695 151.455936431885 0 212.828659057617 0 224.991546630859 0 205.33967590332 224.366844177246 0 0 216.116790771484 0 170.216995239258 0 169.849934895833 132.615366617839 0 181.750793457031 208.177444458008 172.83203125 0 199.471689860026 211.017105102539 0 133.113586425781 215.013870239258 190.862915039062 0 0 173.455996704102 154.714859008789 133.005004600242 123.923694957386 89.8530035018921 128.097363789876 172.178611755371 104.472792489188 189.71549987793 173.081024169922 203.477011108398 0 164.473526000977 217.688777923584 0 150.278208051409 109.281967163086 163.090906778971 239.213859558105 159.397736867269 0 0
45.9416528978485 71.5040231947013 27.5903145351536 70.6655316644785 86.9394563862697 61.8875250263442 41.366219135157 22.9488094591574 30.7564959832778 12.5389705884627 21.4068195714804 36.8860057147055 84.5869956310884 193.257405598958 168.52685546875 234.593620300293 212.562286376953 192.767280578613 111.686736106873 0 102.009861602783 116.127628072103 107.166580200195 0 152.357060750326 176.511871337891 167.983139038086 210.47883605957 82.8503004862913 71.8651770054068 92.9078562989527 58.8461317475309 71.4780049873121 129.758832931519 198.795074462891 0 156.545683860779 108.198693169488 193.522404988607 213.407356262207 95.8646700114308 0 179.353302001953 109.343800953456 91.702346920043 133.222907384237 184.935363769531 172.697357177734 140.745524686926 103.361718006623 152.427312987191 165.449459880864 107.013665496042 99.7192159944826 119.366281644566 103.716650996648 83.428787973192 84.4416110698993 0 103.92414855957 164.33891805013 177.052041795519 193.742106119792 0 202.433355712891 81.0962159898546 83.1880798945351 89.5597915649414 187.272277832031 175.222868526683 175.173269098455 46.8138918007407 83.3375412899515 61.6931376050609 115.932549853658 157.394485473633 36.3273967206834 56.6725938368817 58.8445476871548 167.062551879883 182.278156341068 141.409362792969 116.55259068688 100.617469133005 111.810340221259 103.270203432991 132.385551452637 165.072475901821 174.48282131072 135.117365869982 152.634760929988 144.357066401729 169.206066478382 172.007286376953 173.287183489118 81.7536193529765 16.5075763797505 51.1694243300037 137.884721643784 149.537708282471 157.679262161255 146.479446411133 154.867046422544 154.851650824914 159.887065594013 145.546143722534 151.956225336814 143.11483931108 147.034666138936 132.450137203687 137.124211983932 145.069089437086 0 0 0 0 134.086181640625 0 137.294052124023 159.657939910889 135.792993164062 140.630611419678 123.811183929443 162.045377943251 161.454609764947 0 148.921466827393 0 0 0 147.62149031957 151.072603225708 129.124412496466 141.329308225908 176.412902832031 147.727417432345 130.369125366211 0 150.62411720522 139.047418706557 0 0 214.344879150391 206.072227478027 172.295538509593 0 149.019870758057 0 128.829212188721 184.612670898438 137.199676513672 212.093940734863 207.288383483887 193.524478149414 0 197.992858886719 190.994079589844 214.643034193251 198.695823669434 221.068832397461 202.986808776855 192.952401553883 196.638246808733 175.360909223557 132.327209023868 133.044082641602 152.757736206055 231.429977416992 231.292007446289 0 194.965324988732 157.446401977539 158.995487213135 145.558223724365 0 0 214.187283833822 231.993835449219 187.463251113892 183.353098551432 133.463097286224 129.164893317468 96.3307848612467 225.929306030273 169.531799316406 110.743514500307 199.410287475586 0 231.568808922401 160.657573699951 195.615237236023 206.248420715332 232.107315063477 135.182995216519 101.601327309242 124.711903303097 194.360652160645 159.834671918084 0 0
77.5418339713675 64.0292009233354 61.3732491704937 56.4416003266642 58.4222516268492 33.6338752191751 63.8573506754688 58.988434238366 59.0214993794759 21.4068195714804 9.85478833630076 21.2285455405679 0 100.582244873047 0 0 0 113.375541687012 148.561248779297 0 88.0328601034064 92.3200282046669 123.792152404785 0 96.4567756652832 0 0 0 86.8553086194125 62.5971441268921 65.6962542155432 43.4039721152057 51.4779182161604 68.2080154418945 224.166168212891 0 77.2714286804199 123.418726921082 0 166.525863647461 94.129487991333 177.67822265625 0 168.598152160645 127.476272583008 201.837173461914 165.155288696289 0 162.941818237305 0 169.450183868408 164.337142181396 117.036073580655 110.955939953144 120.622838533842 107.863369681618 61.5780633926392 78.3905857631138 0 157.880981445312 103.653305053711 0 182.361953735352 0 202.426620483398 0 87.433899307251 0 0 188.647615220812 245.910537719727 29.8133507399883 109.795758141412 66.7208698590596 88.7965049743652 187.563659667969 16.3160398107246 112.433898925781 56.449092312062 0 198.734581841363 191.599044799805 126.903757019043 110.718710871468 109.639679848611 103.247078184098 0 192.874114990234 204.373123168945 213.663154602051 217.141830444336 156.130131312779 177.888889312744 196.718399047852 171.163650512695 51.8433354555906 21.9506561216764 73.0684549089462 107.831712722778 150.17147064209 159.694368150499 153.610477100719 159.606624603271 158.52143371582 151.441974986683 149.391442835608 163.143428187216 152.502766270791 154.885217970696 131.906872272491 140.380859604209 148.48614395026 0 0 0 0 0 0 0 0 145.581871032715 147.286392211914 0 146.894039154053 168.654690551758 0 0 0 0 0 153.646560941424 154.218181610107 130.526387214661 141.759309407153 128.001052856445 144.314707697654 0 0 160.856315612793 140.869697570801 0 0 0 190.446304321289 176.396096591292 0 0 0 128.86296081543 215.764709472656 141.244766235352 0 238.823883056641 193.936050415039 222.638793945312 0 0 214.397845458984 0 0 192.607376098633 192.486332702637 133.236521402995 180.419474551552 144.270851632823 142.07893371582 0 0 0 0 195.101250388406 156.765789031982 180.074523925781 196.8232421875 0 0 240.992741902669 0 169.684349060059 0 134.144547855153 132.889179322778 89.7444343566895 0 0 112.83356961337 0 0 176.031509399414 209.955474853516 203.640991210938 226.256942749023 0 134.370880575741 105.009580630348 136.974120669895 188.130776541574 171.55553894043 0 0
58.0483413493313 55.8237673475979 31.9685450305614 28.9945359182942 59.0780585907863 27.2041400199073 74.8667728195033 55.9696852015487 77.4562911009177 36.8860057147055 21.2285455405679 14.3240650484074 103.784487043108 188.395782470703 158.290137396918 0 127.816764407688 165.518372853597 128.639375686646 104.182833353678 102.432267744276 106.58020401001 99.335530090332 162.396104812622 137.814285039902 0 165.484536307199 183.916305541992 92.3227052306229 75.2432465813789 68.6915042519267 45.9507672737336 50.1671805983422 85.9993316332499 194.753507614136 0 102.0200957781 71.1143536818655 212.446891784668 179.399036407471 103.151424382961 173.887680053711 193.331653050014 120.198731795601 137.842596054077 197.633548736572 179.099440256755 195.768989562988 173.741638910203 212.611551920573 175.535057654748 188.139416053647 135.289165165739 121.562263638366 143.643207381257 122.574971582982 76.9922213408907 62.7373504217158 108.24612896259 120.643459320068 201.086532592773 203.441770935059 237.613540649414 200.125693184989 216.841084289551 113.223289489746 98.4070768718478 78.7037047201128 211.100897216797 196.495908246722 199.32596043178 38.6682912324928 47.1606878066549 77.3796042890738 76.4228497829163 184.296416146415 50.6695072681946 107.854675716824 57.1324271163604 176.956303187779 205.591382707868 194.132578069513 141.88741737449 120.253689388292 122.552027929262 105.281676966482 89.6136230157346 205.537192281087 199.308546520415 204.326502990723 193.479330952962 172.505452456174 189.67413789932 191.642345905304 199.694812940515 57.0577437859029 50.0862185445618 95.1076805095783 119.918487408839 111.575923919678 179.249022447254 179.213539786961 102.76987963509 179.643991544649 163.914272785187 168.772814897582 175.509937322028 164.760720726752 147.813523952351 158.674390975743 157.77071325734 165.426051594973 0 0 0 0 153.986938476562 0 0 151.537633260091 159.256201171875 166.355615234375 139.154205322266 172.808600448981 177.22025346756 180.486907958984 154.876820882161 0 0 0 167.193611043294 166.619825363159 150.526126146855 156.703550441407 156.752765019735 156.564080800096 0 0 153.768648932962 160.980306625366 0 191.277496337891 197.508850097656 193.322336832682 178.015391319029 0 188.481836954753 0 140.38025241428 181.270248413086 156.097971598307 238.056549072266 245.65998840332 216.319273728591 237.085647583008 192.716786702474 234.475777943929 225.607372508329 192.728660583496 239.758346557617 214.636991882324 208.821050747958 187.73742336697 185.126487635359 153.32068771066 139.243064880371 0 0 0 187.065483093262 199.993801719264 165.72944217258 179.087219238281 179.694055730646 241.33718363444 0 234.686392211914 237.428736368815 217.497183227539 0 147.671111729591 141.036048635615 105.062846617265 161.514719645182 196.018157958984 128.385615673932 225.707427978516 200.983428955078 233.52645438058 191.993134348016 212.406849200909 233.794952392578 231.234817504883 154.099144556189 123.66460094496 158.050761248614 191.761692271513 183.875216509845 182.393310546875 183.869033813477
0 0 0 0 0 141.359252929688 82.2102928161621 84.6742268880208 80.6062855098559 84.5869956310884 0 103.784487043108 10.7854318373728 0 152.115264892578 88.4010531107585 70.1637036250188 36.7428260354952 26.5330871736531 72.5646612984794 152.47102355957 150.704559326172 152.279022216797 0 0 0 62.8955993652344 156.015281677246 184.198234558105 0 0 0 108.093367682563 135.5439453125 0 0 95.6025142669678 81.8524744489552 88.6473439534505 0 87.08341700236 75.8443603515625 76.6608239878779 27.3513014464599 18.2096882006744 24.5300345569982 0 104.734545898438 84.6682459513346 44.4979037548366 0 220.389770507812 124.701998392741 149.734466552734 0 0 0 94.4439010620117 0 104.398902893066 87.0679034608783 101.463917323521 91.3803429236779 85.3074703216553 86.2515090942383 30.1180586608153 0 0 104.368273205227 129.695440673828 161.065313975016 83.309837391502 77.4778158955458 34.0377760416667 142.711883544922 133.461827596029 67.4921019077301 23.2114760425541 69.6977515968252 137.985305786133 113.470813751221 89.8982741777287 131.719192504883 163.971379597982 159.371871948242 0 0 82.7282291889191 89.047250014085 53.3593986391082 54.4479984850497 106.15975189209 0 104.781211853027 86.5576531887054 0 70.3631528934962 98.9079563140869 0 0 219.83080291748 0 0 168.859924316406 0 133.704956054688 0 162.424697875977 0 0 199.72151184082 170.050880432129 0 105.983294895717 81.6476855888679 149.282852172852 127.456203460693 107.607403935613 131.760114034017 91.1037808340314 135.755054092407 101.331706330396 133.598696621982 124.589561462402 0 150.442794799805 0 104.820478820801 0 103.734950065613 170.161865234375 189.702728271484 0 175.912804739816 132.843383789062 162.756631469727 144.750595092773 0 146.818953664679 144.385548447118 96.1089973086403 0 101.689971026252 98.6183776855469 179.392059326172 133.026648781516 83.9581219847773 66.3556872281161 105.263425034743 90.9862190381146 168.689514160156 118.14379119873 125.04100112915 0 106.616096496582 102.436222924127 0 0 0 221.973342895508 0 0 0 205.375213623047 0 194.096206665039 83.9582764668898 118.345947069999 118.199323800894 47.4241170641402 0 0 162.652503967285 150.236907958984 118.407606979896 99.6440465498944 0 0 101.118947534 92.4247817993164 142.535944620768 161.748527180065 47.7044441212307 139.42344156901 99.2330641105993 154.112799904563 142.12593460083 71.0380975405375 148.581839243571 162.582214355469 0 123.747023423513 145.780095418294 183.719390869141 172.735542297363 155.657638549805 0 190.722961425781 0 0
183.908053588867 202.52619934082 213.759348551432 148.143699645996 152.862363815308 152.996022033691 0 220.27365620931 0 193.257405598958 100.582244873047 188.395782470703 0 15.1362045951666 19.9396493599064 48.4356770413838 19.1383300544559 63.5652048506827 83.116800768622 55.2118374334799 94.556251373291 88.0561006844762 62.6801612871788 80.521142598745 113.80386835734 64.2405752215469 32.2493029687323 33.7740645622998 104.212409477234 97.0314183388987 83.7995107797476 79.3861721180104 84.7372986248561 74.9189074933529 33.0032478156262 25.5195304255403 27.3688420886305 91.6471410531264 63.0384379568554 57.5144792984092 78.6826433307944 82.0907031643775 102.928098708391 84.8368453979492 184.30451965332 122.514381832547 68.3970548730148 133.904341477614 114.000565268777 124.082633972168 183.656326293945 215.042724609375 147.548564529419 124.86793824356 153.33674621582 132.581563186645 91.6467369639941 64.4699542342976 59.4790079966372 36.0032642974157 82.2263905940912 135.195235001413 122.097345079694 93.953949186537 70.4187252512091 0 100.410703732357 75.8609900755041 86.7432409409554 160.42155456543 152.535182189941 98.068463777241 93.7165499317403 145.001586914062 72.3963450824513 97.4446375105116 0 0 130.516298294067 0 191.840434483119 0 148.241739767569 125.757507022336 130.993109408292 109.82128338284 78.3431914834415 166.906173706055 141.606023935171 144.495994567871 102.518398920695 159.242519177889 198.036392211914 169.427342732747 111.143692845884 81.6545967102051 124.718673706055 121.203675887164 88.1889077526028 82.9670582460553 0 0 0 0 0 178.972518920898 0 0 0 0 0 0 0 0 147.844627380371 0 0 117.890193939209 143.912829589844 156.772745404925 143.524443626404 142.779850299542 138.507276262556 198.138870239258 0 208.128295898438 0 0 0 178.70133972168 0 216.065277099609 0 207.347110748291 0 156.845425415039 0 0 151.645853215998 146.463132418119 136.338027954102 0 159.352798461914 0 0 0 154.137260437012 0 117.351491928101 146.818416595459 0 0 205.043599446615 0 0 0 0 0 0 0 0 0 0 167.701858520508 0 0 137.172668457031 207.534103393555 0 0 0 0 0 0 191.441345214844 187.538040161133 0 0 176.216117858887 171.781758626302 0 164.871716308594 0 130.884826660156 178.861627197266 0 229.802658081055 160.700805664062 181.341278076172 0 0 212.210342407227 0 0 0 0 0 0 0 0
179.616854667664 224.651512145996 214.512015206473 197.194831848145 108.873733520508 165.655742100307 183.572540283203 226.681758880615 0 168.52685546875 0 158.290137396918 152.115264892578 19.9396493599064 12.1402182186275 26.1863658992065 15.8380472295411 49.1120130866174 48.6076653858004 14.6195308915257 87.8911422729492 89.6405636769421 55.8537718817851 80.8441832475602 95.224400138855 78.4492850112915 33.651588053457 19.0168420474728 104.999738564977 98.4722277323405 84.6110281863455 72.7087965011597 82.4853121757507 74.7699514007568 42.3077222752105 33.8631800381542 35.945082497659 70.2642810871075 47.3555623438623 73.5787736021954 71.6489419626724 64.0403263180755 94.6058296551534 113.35186457634 148.882822036743 91.4118095720318 72.4404204642936 108.862511253357 92.8537489114348 121.416076660156 186.389465332031 177.534922281901 147.877119700114 123.769119660436 144.433060455322 122.803203582764 90.4542811013819 68.8390655517578 59.3660090263854 33.2297496900454 70.0301252615572 117.360992989889 99.336582710003 73.9914958848866 52.7008666387746 80.6084365844727 100.946456763023 74.7827984768411 75.1821337818394 147.034455617269 140.91104036219 117.060503446139 111.453855856871 70.1854354456851 76.6783892730546 87.203597242182 0 0 131.265451431274 0 187.090228271484 0 148.574582088695 126.609465937461 128.965620187613 110.102814563485 110.370721817017 149.207810924899 126.946337649697 146.796907865084 116.469223216429 130.627265723976 166.174591700236 129.856488135553 110.02660627489 89.4552049990053 218.167205810547 123.968003082275 91.8786987692623 80.9296753189781 198.08757019043 0 0 0 0 0 0 0 0 0 225.280242919922 0 129.570693969727 116.258846282959 111.169078383335 122.592235565186 114.319283621652 115.334354146322 136.177613067627 113.002984471475 134.318821734693 124.123346350166 130.057483070775 206.850402832031 153.375274658203 0 132.453887939453 163.108899434408 0 121.74573135376 224.809488932292 153.835601806641 150.013305664062 153.68115234375 120.20092010498 150.011013793945 153.324193318685 0 133.387051833303 134.181843072596 115.270312309265 146.838198343913 117.831144332886 0 0 179.745559692383 129.114779472351 102.62020111084 118.612983287464 122.68638632954 135.37580871582 0 194.747459411621 0 0 161.584576416016 0 0 0 0 246.621810913086 186.822639465332 0 0 0 127.621231079102 128.651355743408 142.43034362793 171.209854125977 121.479152679443 0 0 146.390731811523 142.901966094971 157.058724539621 145.978498186384 0 226.037261962891 161.948856830597 125.459770202637 132.075531005859 131.641914367676 98.1072616577148 164.908828735352 200.358688354492 121.383420308431 186.950958251953 169.467320760091 193.312412261963 159.746017456055 0 204.018783569336 205.164810180664 183.208353678385 0 0 0 149.084243774414 240.265747070312 139.187042236328
