22062 6622 17519 5155 1531 7864 10748 9140 248 390 61 1658 1 8 1 8 0 3 1 3 88 59 3 6 37 4 10 1 1822 12765 368 79 73 7 1 1 9 6 5 5 794 4 12 1 2 18 10 26 82 10 70 184 1346 1765 1035 153 122 6 3 1 18 44 39 7 9 4 400 8 21 92 92 120 29 52 25 27 49 2 38 13 369 8 2089 409 642 440 15 131 154 16 20 369 155 81 33 70 77 1173 76 21 13 7 47 18 7 112 3 6 28 27 10 83 0 0 0 0 1 0 0 2 1 2 1 10 3 4 0 0 0 0 17 2 14 154 0 84 0 0 36 19 3 0 0 10 9 1 0 0 3 1 2 1 7 6 0 3 0 4 5 5 32 29 4 8 19 1 0 0 0 0 28 16 6 0 1 1 5 7 5 0 81 82 9 0 3 81 5 5 15 2 38 10 3 12 11 5 17 2 0 1
6622 8732 2081 14128 1678 3089 241 66 7 13 5 176 1 0 1 1 1 1 0 0 21 22 1 0 7 0 1 0 233 3204 130 8 10 2 0 0 1 0 0 2 280 0 2 0 0 4 3 5 17 0 3 14 126 211 115 31 25 0 0 0 0 3 3 2 1 1 100 3 6 6 11 28 2 10 9 4 6 0 4 2 54 1 368 85 221 147 0 15 16 2 3 36 15 6 4 13 13 62 40 1 4 7 15 3 1 50 3 3 9 15 5 40 0 0 0 0 1 0 1 0 0 0 1 2 2 1 0 0 0 0 4 0 13 68 0 21 0 0 3 2 0 0 0 2 3 0 0 0 0 1 0 0 0 0 0 2 0 0 0 0 12 11 1 1 2 0 0 0 0 1 11 7 1 0 0 0 0 0 0 0 31 27 4 1 0 28 1 1 2 0 9 0 0 1 5 4 5 0 0 0
17519 2081 14186 12274 219 6390 739 1995 113 3300 65 13548 1 1 1 2 2 2 1 3 158 122 7 5 49 2 3 4 619 1922 94 25 62 5 0 0 3 3 1 9 1331 1 12 4 1 8 5 15 51 5 49 107 492 850 533 159 80 9 2 1 9 37 20 6 7 1 506 13 14 57 51 156 30 82 26 23 79 0 55 8 248 2 1777 352 977 686 17 82 99 6 19 224 72 47 26 45 65 194 153 21 48 29 230 66 23 504 21 28 105 138 49 361 1 0 0 0 0 0 0 1 2 0 1 12 11 1 0 0 0 0 78 7 78 675 0 228 0 0 54 16 0 1 0 21 39 0 3 0 1 3 0 2 4 9 0 4 0 5 2 5 118 110 13 28 31 0 0 0 1 0 106 44 2 0 1 0 1 2 4 0 402 208 14 3 0 274 3 4 11 4 118 9 2 12 55 26 39 9 4 1
5155 14128 12274 15756 5713 10395 349 78 13 50 13 2019 1 0 0 0 0 2 1 1 49 45 2 2 19 0 2 3 322 5158 393 12 24 2 1 1 1 0 0 0 403 0 2 0 0 1 2 3 14 1 9 10 152 199 97 46 63 2 0 1 4 4 9 1 2 0 163 2 3 7 5 44 8 34 10 4 22 1 14 1 44 1 401 89 295 227 3 10 18 1 5 32 15 9 6 18 13 70 74 4 11 7 37 21 0 117 2 7 17 28 11 89 0 0 0 0 0 0 0 1 0 0 0 6 6 0 0 0 0 0 15 2 22 157 0 59 0 0 7 2 0 0 0 7 4 0 2 0 2 0 0 0 0 1 0 0 0 1 1 0 34 26 2 14 16 0 0 0 0 0 33 9 0 1 0 0 1 0 1 0 76 57 5 0 1 75 1 2 1 0 30 2 2 2 13 5 6 4 1 0
1531 1678 219 5713 8576 21653 756 109 54 27 50 2430 1 15 6 10 1 11 10 2 196 272 20 8 127 4 11 18 2392 9942 7987 2213 733 122 1 3 30 22 8 16 589 1 19 7 3 44 59 19 25 1 22 38 529 969 309 76 2992 51 19 14 38 38 66 16 28 1 820 107 104 33 70 367 230 98 96 44 25 6 116 3 123 1 857 202 617 595 74 34 41 6 41 104 35 18 32 787 66 286 332 163 12 18 58 22 7 108 6 5 30 26 15 98 1 1 0 2 3 1 1 4 5 3 3 6 13 2 1 0 0 0 20 7 35 221 3 98 0 0 51 35 1 0 4 14 11 2 3 2 9 13 2 2 4 2 1 5 0 2 2 0 30 40 3 10 15 1 1 2 1 2 34 16 2 0 1 1 2 3 11 1 124 107 19 2 0 113 1 2 4 5 40 7 1 11 32 8 16 4 1 0
7864 3089 6390 10395 21653 16482 2166 560 133 803 117 10199 1 6 1 2 2 4 7 3 297 325 4 6 96 3 9 14 1287 11056 5616 3529 1763 18 3 0 20 11 7 13 1068 2 6 8 3 22 29 24 32 3 33 80 589 885 419 152 387 9 8 2 17 28 45 13 9 4 644 31 48 41 41 750 90 113 36 25 105 3 113 3 164 2 1350 294 889 779 19 62 65 8 23 142 59 34 32 995 136 393 344 17 44 21 166 62 22 479 23 27 76 119 63 345 2 0 1 1 3 3 0 1 0 5 1 23 19 1 0 1 0 0 64 12 90 708 0 211 0 0 51 26 5 0 2 21 31 2 7 0 6 4 3 0 6 6 0 4 1 5 4 1 107 91 13 36 44 0 0 0 1 1 75 35 4 0 0 2 4 3 10 0 457 203 36 2 1 338 4 6 4 6 104 6 1 12 86 18 29 16 5 3
10748 241 739 349 756 2166 10219 6664 838 2204 524 1799 2 4 1 6 0 2 0 1 57 73 4 4 24 3 2 7 929 1678 418 107 60 8 1 0 3 3 1 3 175 0 4 2 5 3 6 15 45 8 52 106 1622 1116 966 38 100 5 0 3 6 18 16 5 7 0 100 11 24 64 51 181 12 47 9 8 110 8 46 10 199 6 854 117 141 89 3 60 69 14 15 207 89 41 15 79 212 3481 31 8 12 7 35 9 2 79 5 7 16 21 14 107 0 0 1 1 2 1 0 1 1 0 0 2 1 1 1 0 0 0 15 0 11 129 1 47 0 0 20 7 0 0 1 0 7 0 1 0 1 3 2 0 3 1 0 1 3 3 3 3 11 13 1 3 12 0 0 0 0 0 14 8 2 0 1 0 0 2 5 0 129 44 9 2 2 71 2 2 6 3 16 3 1 3 17 11 7 5 1 0
9140 66 1995 78 109 560 6664 30902 2373 10375 1635 7278 0 4 2 2 1 2 2 2 26 23 4 6 25 2 5 3 262 712 62 15 22 0 0 0 1 2 1 1 425 2 4 3 2 8 4 23 76 10 68 167 876 787 761 86 31 3 1 0 10 31 29 5 8 3 233 7 9 94 99 156 10 35 7 16 125 4 37 12 366 5 1572 250 325 191 14 139 135 12 20 352 159 68 39 29 293 622 35 9 10 4 30 6 1 83 8 12 15 36 15 107 0 0 1 0 0 0 0 0 1 1 1 3 5 0 0 0 0 0 15 3 12 153 0 31 0 0 13 8 0 0 0 2 8 1 0 0 2 3 0 2 7 4 0 3 3 2 6 5 21 17 1 4 8 0 0 0 0 0 18 3 2 0 1 0 4 3 3 0 125 30 7 0 0 51 4 8 18 3 13 9 0 1 33 8 5 0 1 1
248 7 113 13 54 133 838 2373 1434 7056 442 922 44 0 0 0 0 2 0 0 24 22 1 0 11 0 0 0 39 90 34 50 170 7 0 0 0 1 0 0 53 2 0 19 300 43 2 2 7 140 9 44 259 64 126 13 12 10 1 1 8 3 8 0 0 65 20 5 8 4 2 1088 51 299 10 6 2080 250 422 27 54 116 109 12 35 14 5 99 70 173 133 29 5 3 9 95 3107 680 14 5 6 2 7 3 4 35 1 4 9 10 6 54 0 0 5 0 0 2 0 3 0 3 2 2 3 1 0 0 0 0 4 0 8 54 0 8 0 0 9 0 2 1 2 2 0 0 9 0 1 42 0 1 4 2 0 3 4 3 2 8 6 8 2 2 1 0 7 1 2 12 2 3 1 0 3 16 1 1 19 1 72 10 4 0 3 20 4 3 3 1 7 8 4 2 19 2 1 1 0 0
390 13 3300 50 27 803 2204 10375 7056 23357 16602 35506 0 0 0 0 0 5 1 0 18 17 1 0 9 0 0 0 54 64 18 11 53 2 1 2 0 5 1 1 135 0 2 2 2 1 1 1 9 3 10 22 626 147 281 24 6 2 0 0 0 13 0 0 0 1 62 1 3 13 22 426 11 58 11 2 185 4 70 3 73 2 284 48 72 48 1 20 24 4 4 59 21 15 5 9 2456 1495 12 2 44 30 203 42 11 621 38 96 108 227 158 656 0 1 0 1 0 0 0 0 0 1 0 11 7 1 1 0 0 0 68 9 86 1034 0 169 0 0 32 4 0 0 0 13 23 4 0 0 1 1 1 1 2 12 0 4 0 11 3 3 104 129 14 32 30 0 0 0 1 0 91 46 5 0 0 2 6 1 5 0 911 95 21 2 0 318 2 6 10 5 102 4 1 12 256 48 29 8 6 0
61 5 65 13 50 117 524 1635 442 16602 5968 5240 0 0 0 1 1 0 0 0 15 16 0 0 3 0 0 1 27 80 37 4 13 0 0 0 0 0 0 0 62 0 2 0 0 3 1 2 5 0 5 15 159 66 89 7 8 2 0 0 3 0 1 1 0 0 30 0 3 3 10 128 3 37 1 4 27 0 21 1 33 0 130 28 41 24 2 7 11 0 3 25 9 3 4 11 607 241 9 1 33 17 104 22 14 385 19 33 59 100 80 370 0 0 0 0 0 0 0 1 0 0 0 4 3 1 0 0 0 0 48 5 56 561 0 69 0 0 19 0 0 0 0 12 16 0 2 0 0 1 0 1 0 4 1 2 0 3 1 0 66 80 8 21 12 0 0 0 0 1 51 21 1 0 0 0 4 2 3 0 502 59 17 0 0 163 2 1 4 5 44 0 1 8 130 30 11 3 0 3
1658 176 13548 2019 2430 10199 1799 7278 922 35506 5240 24432 4 4 1 3 0 7 5 2 493 516 5 4 118 8 5 13 614 2200 1481 820 1501 13 5 2 10 10 7 13 1088 1 7 8 10 15 23 26 44 3 24 50 519 602 374 94 233 11 6 2 18 28 44 6 9 3 631 27 50 32 50 1648 50 194 26 25 195 14 214 5 153 4 1075 229 937 635 48 48 69 5 31 115 54 27 21 422 869 659 396 17 155 87 591 181 45 1869 91 145 337 493 331 1780 1 0 1 1 5 1 1 8 3 4 1 39 31 1 1 1 0 1 212 19 345 2959 3 521 1 0 76 21 0 1 1 51 85 1 12 2 1 9 7 2 0 27 2 23 0 14 1 2 300 314 63 108 92 2 2 1 0 13 214 121 7 2 1 3 5 0 13 1 2429 510 77 10 0 1126 4 5 15 14 263 17 4 43 486 130 90 23 8 3
1 1 1 1 1 1 2 0 44 0 0 4 6926 4 8 119 234 1519 5899 59 1 4 2 36 2 3 120 366 11 3 3 10 27 10 10 2 18 1221 266 8 50 15 106 4859 3768 2571 6 8 49 83 1 7 0 1 6 0 3 7 1 4 102 9 30 101 207 2884 10 7 80 2 18 104 556 1389 7 20 279 328 431 4 41 33 4 2 3 1 3 38 139 154 560 12 1 7 59 18 100 12 5 2 1 3 1 1 0 2 0 1 0 0 0 1 12 118 702 20 5 124 1 1150 17 748 16 1 3 0 1 53 2 105 1 15 3 11 2 18 6 0 33 27 524 4 429 0 5 45 214 188 72 2595 5 2 13 0 3 2 0 0 0 5 3 1 0 1 19 4 112 126 15 753 3 8 22 4 9 177 3 4 302 15 2 15 210 4 38 23 0 9 9 1 2 41 13 19 5 1 4 3 5 0
8 0 1 0 15 6 4 4 0 0 0 4 4 9599 7374 1165 466 194 193 392 57 99 531 451 64 144 1398 1293 30 11 30 8 98 622 6251 6058 3738 99 245 1297 955 31 354 6 0 31 1082 20 50 1 0 1 4 15 4 4 56 447 1216 476 104 32 117 277 162 3 28 601 326 10 15 3 54 69 576 46 3 1 4 0 12 0 21 6 17 28 56 3 36 1 24 46 3 23 89 95 2 2 35 59 1 2 0 0 0 3 0 0 0 0 0 5 135 96 17 163 60 83 74 86 148 646 289 48 35 17 17 23 3 61 0 1 6 8 3 47 34 18 174 211 13 94 10 4 36 11 3 3 156 71 62 2 1 2 0 2 0 0 0 1 1 1 1 0 2 45 9 13 1 1 10 4 2 47 2 9 1 0 7 0 1 28 61 6 4 10 0 2 3 2 5 2 4 3 0 0 16 8 0 25
1 1 1 0 6 1 1 2 0 0 0 1 8 7374 17762 16917 541 1160 226 1768 65 98 744 311 51 165 829 5209 12 5 10 2 22 62 1305 169 241 37 1592 810 2156 49 262 6 4 164 245 57 172 4 1 0 3 6 16 7 16 67 111 53 1123 89 144 161 376 1 27 81 1243 41 40 2 11 56 125 187 2 1 1 0 39 0 12 2 10 31 9 21 63 3 73 82 4 63 154 17 1 1 21 6 0 0 1 0 0 1 0 0 0 0 0 4 163 133 45 185 37 157 60 186 145 827 236 39 24 8 8 38 2 92 0 2 2 6 5 18 35 10 93 132 55 103 30 4 27 19 9 17 168 143 36 0 8 0 0 1 0 0 0 4 0 0 0 0 6 38 8 23 9 11 8 3 4 29 5 17 1 1 33 2 0 27 82 7 10 6 1 1 1 1 6 18 6 5 1 0 8 9 0 10
8 1 2 0 10 2 6 2 0 0 1 3 119 1165 16917 10900 463 3504 3095 2062 22 59 415 939 53 226 1543 5933 24 6 23 10 97 234 532 24 595 194 806 576 2569 127 554 13 7 175 106 31 359 7 4 3 4 15 12 13 26 230 101 138 283 77 145 200 153 11 54 225 199 46 23 4 76 49 292 77 3 19 8 0 40 1 15 7 5 37 31 33 126 9 94 271 12 85 219 60 1 1 40 55 0 1 1 2 0 0 0 0 0 0 0 1 212 375 235 254 17 274 36 683 98 1438 112 11 12 5 5 84 10 364 3 6 3 7 7 14 51 14 40 61 341 82 127 2 14 29 11 214 104 289 16 3 7 3 0 0 0 1 0 1 1 0 0 0 5 34 11 78 9 24 2 2 15 28 2 38 4 2 19 1 0 20 88 4 5 7 1 3 4 0 2 17 8 9 1 0 4 3 1 9
0 1 2 0 1 2 0 1 0 0 1 0 234 466 541 463 310 838 2408 393 77 138 425 115 73 135 39 22 4 2 1 1 19 26 117 16 294 545 89 489 588 18 124 77 20 592 255 4 33 4 0 0 2 4 6 1 8 31 47 8 581 19 42 26 9 46 12 44 25 9 4 6 17 162 40 31 1 31 3 0 5 4 6 2 15 25 4 9 21 8 77 27 0 15 53 12 0 1 21 4 2 0 1 0 0 4 0 0 3 0 0 2 130 45 15 157 59 23 77 29 180 256 140 69 81 9 18 19 1 44 2 1 9 14 16 44 33 19 151 200 26 124 14 2 45 14 3 5 159 48 92 0 3 1 0 0 0 3 0 0 3 1 0 0 4 80 8 23 1 9 20 12 3 49 2 10 5 1 15 1 0 75 53 25 3 23 0 1 1 7 15 6 13 3 0 0 29 10 6 37
3 1 2 2 11 4 2 2 2 5 0 7 1519 194 1160 3504 838 11825 3704 726 20 39 210 1664 56 99 1944 2013 24 3 25 14 109 150 309 9 326 1485 3265 181 2130 163 2064 457 180 2223 96 45 333 5 3 0 5 18 13 10 39 95 70 45 4830 68 309 1020 664 664 47 107 602 27 40 20 529 396 134 234 7 57 27 0 66 0 19 8 9 40 37 33 132 13 198 172 14 32 246 73 3 1 55 22 0 7 3 0 0 1 0 1 1 0 0 3 107 1325 2085 217 17 896 12 3283 59 3410 62 6 6 8 1 490 11 1289 12 29 5 11 13 47 48 9 52 76 3122 44 1496 2 24 125 62 1419 197 2227 25 15 14 2 0 4 0 3 0 1 6 1 0 0 59 23 66 484 30 300 5 11 105 45 14 254 2 10 70 6 1 39 434 11 14 20 0 6 9 2 7 28 17 55 2 0 1 2 4 7
1 0 1 1 10 7 0 2 0 1 0 5 5899 193 226 3095 2408 3704 46639 3846 50 153 290 466 108 318 566 230 10 6 7 11 70 65 307 10 235 2745 101 961 775 51 441 3108 913 3969 228 30 162 86 4 9 2 10 8 2 11 16 44 7 245 83 181 181 128 549 29 38 59 50 35 21 385 5995 32 49 13 676 46 16 74 41 7 4 21 37 15 70 147 134 667 112 5 63 224 43 8 1 23 2 2 8 2 0 2 5 0 1 0 0 0 5 1214 1897 1547 1455 194 1786 352 3751 926 10695 1312 167 151 87 45 405 32 1777 8 26 16 52 28 130 311 87 630 644 1485 629 618 22 184 163 63 1235 1317 1902 232 11 14 11 2 7 2 6 3 4 7 8 1 1 34 235 48 354 26 235 58 22 53 202 20 221 14 10 141 17 2 183 1769 29 24 65 2 7 13 14 41 44 43 28 6 1 63 39 8 75
3 0 3 1 2 3 1 2 0 0 0 2 59 392 1768 2062 393 726 3846 2829 57 144 569 298 82 229 136 54 5 2 2 1 5 18 196 15 52 30 172 849 1247 54 238 32 19 391 246 11 119 4 2 0 3 4 6 5 4 20 36 3 995 77 103 63 29 6 16 22 50 21 10 0 21 123 17 63 2 13 4 0 17 3 17 5 7 27 5 14 57 10 88 92 5 43 131 10 0 0 31 6 1 2 0 0 0 1 0 0 0 1 0 1 318 124 28 345 63 51 109 47 220 544 285 68 54 19 21 51 7 123 3 3 5 17 17 48 73 30 187 184 14 181 17 5 49 23 3 10 204 85 96 6 1 1 0 2 0 2 0 1 3 1 0 1 4 79 6 36 3 1 22 7 5 70 2 9 0 4 12 2 1 53 82 14 2 13 0 1 2 9 12 10 10 3 0 0 19 11 2 35
88 21 158 49 196 297 57 26 24 18 15 493 1 57 65 22 77 20 50 57 9593 6487 3206 201 446 195 6 11 141 185 151 193 462 240 16 2 192 272 18 171 1826 28 78 56 4 17 67 13 66 2 2 2 38 69 32 1901 115 142 14 11 26 62 89 10 13 2 93 67 42 21 16 274 448 172 586 31 38 5 162 0 12 0 608 25 3834 330 27 5 38 8 35 35 5 24 86 607 31 25 1021 69 0 3 8 2 0 13 0 0 5 3 4 9 8 6 4 5 22 4 15 9 18 30 38 15 19 7 1 0 0 0 9 3 4 42 2 65 1 5 103 108 2 8 1 6 20 1 2 2 44 18 17 1 1 1 0 3 1 0 0 0 9 7 1 1 5 6 3 4 1 2 19 11 7 10 0 4 1 2 12 1 8 59 32 5 1 35 0 1 0 1 15 1 2 11 4 2 15 5 2 4
59 22 122 45 272 325 73 23 22 17 16 516 4 99 98 59 138 39 153 144 6487 22940 4410 604 7047 1728 67 21 259 251 200 270 825 446 33 6 309 653 25 3174 1182 176 692 125 6 94 572 57 345 15 8 12 101 175 71 265 224 332 37 17 132 556 947 120 64 8 350 188 156 242 45 430 927 341 1153 189 71 10 278 1 56 0 891 175 5019 1556 153 44 189 36 293 212 19 282 891 922 29 38 4720 176 1 3 32 6 1 18 0 0 5 4 2 28 21 9 4 23 46 23 24 17 68 83 108 50 47 10 7 6 0 9 11 13 19 67 5 124 6 5 261 318 13 28 8 11 40 11 9 0 140 42 33 2 21 4 0 13 1 2 3 1 22 14 2 1 25 15 10 14 5 8 31 13 9 13 9 21 3 8 48 7 17 93 70 6 9 53 3 2 11 9 50 36 10 18 7 4 31 11 6 17
3 1 7 2 20 4 4 4 1 1 0 5 2 531 744 415 425 210 290 569 3206 4410 10269 7532 427 6754 128 47 13 11 10 15 98 120 55 10 512 422 64 3609 6212 1423 1482 56 5 72 179 27 448 3 0 0 16 43 24 25 7 32 24 10 129 125 188 35 23 9 129 38 48 54 21 14 212 56 75 62 7 0 23 0 22 0 113 38 164 189 21 20 103 23 116 143 10 88 428 47 1 4 220 8 0 0 4 0 0 1 0 0 0 1 1 2 17 13 6 24 17 14 10 17 32 84 54 10 16 5 1 3 1 10 1 1 1 9 0 15 4 2 57 65 7 22 4 2 8 6 4 2 56 25 18 0 6 0 0 4 0 0 0 2 1 0 0 0 3 15 4 2 1 3 3 2 2 3 4 7 2 4 12 6 0 18 22 4 6 3 1 3 6 1 4 17 1 2 2 0 5 4 0 2
6 0 5 2 8 6 4 6 0 0 0 4 36 451 311 939 115 1664 466 298 201 604 7532 9968 517 7399 2235 148 27 4 18 3 20 42 1387 25 99 99 217 3377 3279 2991 2846 16 10 1100 923 24 529 4 3 5 11 72 27 6 45 20 85 12 1260 105 226 752 104 25 250 130 65 41 17 5 53 38 37 48 5 1 9 0 38 0 69 30 81 279 49 25 92 20 202 141 6 53 396 16 0 2 252 18 0 0 0 0 0 1 0 0 0 0 0 1 8 18 45 8 5 19 4 86 18 102 35 3 1 2 3 6 1 21 0 1 1 3 0 11 4 2 24 25 54 7 34 0 4 8 8 7 22 125 0 1 7 0 0 1 0 0 0 0 0 0 0 0 1 1 6 7 2 27 0 0 4 8 2 5 1 1 12 2 0 6 25 1 4 5 0 3 3 1 3 17 1 0 0 0 2 2 0 2
37 7 49 19 127 96 24 25 11 9 3 118 2 64 51 53 73 56 108 82 446 7047 427 517 10207 755 134 60 140 66 158 79 329 281 70 11 148 347 21 4460 289 68 682 106 7 93 5073 27 86 4 1 15 86 285 79 72 227 102 88 19 129 341 898 271 95 2 1326 594 117 132 42 175 750 296 361 79 99 3 289 0 49 2 661 246 1441 3164 2401 25 77 14 148 73 19 118 552 258 14 11 7915 298 2 4 4 3 3 18 0 0 4 3 1 3 10 4 2 12 37 7 19 10 36 56 47 25 24 6 1 2 0 3 5 2 8 37 2 124 6 5 186 171 3 14 6 7 26 5 3 1 96 33 21 3 7 3 0 1 0 3 1 2 15 8 1 0 14 8 6 9 5 4 17 12 12 11 7 10 1 1 28 2 4 62 55 3 3 25 2 3 4 5 24 18 3 9 1 0 16 5 0 10
4 0 2 0 4 3 3 2 0 0 0 8 3 144 165 226 135 99 318 229 195 1728 6754 7399 755 4843 664 19 10 1 4 3 19 20 323 7 86 140 14 6540 1012 204 821 20 1 30 265 10 113 1 2 2 11 34 13 1 11 2 14 2 57 63 170 64 12 1 115 21 24 22 7 6 59 35 9 18 0 0 4 0 10 0 53 19 95 182 12 7 23 9 36 50 5 27 227 10 1 0 138 9 0 0 0 0 0 0 0 0 1 0 0 0 11 7 5 12 12 21 7 12 27 106 46 8 6 2 1 1 0 6 0 1 2 2 3 8 5 3 35 29 2 12 4 0 9 7 3 0 37 12 5 1 3 0 0 0 0 0 0 2 0 0 0 0 1 6 0 2 2 2 2 2 2 3 4 2 0 1 7 1 0 4 16 0 3 2 1 2 1 1 3 6 1 1 0 0 2 0 0 1
10 1 3 2 11 9 2 5 0 0 0 5 120 1398 829 1543 39 1944 566 136 6 67 128 2235 134 664 18613 5632 118 11 69 6 31 71 6016 93 65 30 242 2762 257 28 2843 10 12 274 406 11 27 0 2 1 28 95 22 0 248 147 275 74 301 38 297 2617 772 12 374 488 141 12 5 7 25 21 230 15 3 10 13 0 14 1 47 26 32 240 97 5 12 1 36 17 1 14 160 26 1 1 264 143 0 1 1 0 0 1 0 0 0 0 0 1 16 88 87 19 5 104 5 443 18 447 40 3 1 0 1 15 0 55 2 1 0 5 0 7 7 3 9 18 244 9 74 0 6 3 5 47 24 227 6 0 6 0 0 0 0 0 1 0 0 0 0 0 7 3 6 19 4 8 0 1 9 1 2 25 1 0 9 0 0 3 32 1 1 3 0 0 2 0 1 4 3 2 0 0 0 0 0 1
1 0 4 3 18 14 7 3 0 0 1 13 366 1293 5209 5933 22 2013 230 54 11 21 47 148 60 19 5632 10870 136 24 143 9 96 302 883 105 160 49 3550 91 314 11 459 8 40 445 246 27 36 1 0 4 35 104 18 4 283 631 483 370 236 69 244 1517 1701 27 231 1007 909 11 31 7 54 38 975 48 5 34 4 0 30 0 30 26 20 114 173 5 13 1 32 20 4 9 64 132 2 7 190 262 0 4 0 0 0 1 0 0 0 1 0 0 32 227 407 40 7 136 3 1166 23 638 43 6 3 2 0 75 0 175 4 11 0 4 1 30 14 5 36 51 943 19 411 4 11 28 12 147 38 858 12 1 3 1 2 2 0 0 0 2 2 2 0 1 16 10 15 95 3 50 5 7 26 9 5 37 1 5 20 3 0 12 52 3 5 7 0 2 2 3 3 20 1 23 0 0 6 4 0 1
1822 233 619 322 2392 1287 929 262 39 54 27 614 11 30 12 24 4 24 10 5 141 259 13 27 140 10 118 136 31112 4854 3203 181 275 97 22 11 30 39 50 51 163 11 98 12 2 82 49 57 38 6 28 64 3268 12161 1045 23 7496 88 23 17 127 326 733 120 205 6 7201 210 506 122 87 214 149 230 486 65 70 4 143 4 146 1 724 539 173 258 394 39 62 8 76 119 42 71 192 673 44 3712 420 565 18 21 102 31 13 186 5 7 48 48 20 113 0 2 4 1 11 1 2 22 5 7 6 11 14 1 1 2 0 0 38 19 43 293 3 264 0 0 150 78 8 1 16 27 20 3 9 1 11 71 4 0 5 9 1 1 1 4 3 6 43 46 1 13 58 1 4 3 3 6 85 40 27 5 4 9 5 2 30 6 110 246 24 5 4 176 2 7 8 4 92 14 3 21 27 14 36 12 1 3
12765 3204 1922 5158 9942 11056 1678 712 90 64 80 2200 3 11 5 6 2 3 6 2 185 251 11 4 66 1 11 24 4854 12567 6599 433 259 47 3 3 21 16 14 4 393 4 9 5 5 22 19 24 23 2 23 50 730 1105 400 73 4588 23 10 9 17 50 52 14 32 2 377 59 108 35 68 238 87 105 108 34 44 1 67 6 140 4 834 171 376 276 52 45 55 1 24 122 50 21 18 410 64 547 166 75 14 12 71 33 7 167 12 8 33 29 23 126 0 0 1 0 3 2 2 3 1 3 1 6 11 1 0 0 0 0 21 4 35 276 2 148 0 0 47 26 2 1 4 14 19 1 4 0 3 8 0 1 2 4 0 2 2 1 1 3 42 38 4 10 23 0 1 2 0 4 38 26 6 1 0 7 0 2 9 1 163 124 28 5 3 149 3 4 11 4 58 9 3 10 28 10 17 6 2 2
368 130 94 393 7987 5616 418 62 34 18 37 1481 3 30 10 23 1 25 7 2 151 200 10 18 158 4 69 143 3203 6599 8703 361 273 142 14 9 52 18 53 21 490 1 44 7 3 49 45 42 31 2 19 29 633 1198 364 65 8923 78 18 18 67 81 230 99 179 2 1471 407 383 25 67 150 128 55 1118 42 15 1 36 2 117 2 857 234 587 1068 1015 26 44 13 45 105 37 19 79 1423 31 257 2071 8122 7 5 30 14 1 58 1 2 15 13 5 40 1 0 1 0 5 2 0 11 1 1 2 5 10 1 0 0 0 2 7 6 12 112 0 78 0 0 35 15 5 0 6 5 10 1 6 1 2 22 1 1 3 3 0 1 1 1 0 0 12 22 1 4 7 0 3 3 3 2 27 5 3 2 2 4 0 3 11 2 52 64 9 1 9 75 2 2 7 0 21 9 5 7 10 5 5 3 0 0
79 8 25 12 2213 3529 107 15 50 11 4 820 10 8 2 10 1 14 11 1 193 270 15 3 79 3 6 9 181 433 361 2698 6154 718 6 4 45 32 9 12 166 2 9 8 15 37 66 14 8 5 2 7 71 120 39 22 67 2766 32 31 37 20 20 10 20 4 101 119 92 12 46 894 504 102 331 42 23 12 187 0 50 0 139 43 168 103 49 9 20 2 41 15 1 3 16 5830 96 63 80 20 13 12 58 18 5 149 8 9 30 32 20 104 0 0 3 0 6 2 1 10 2 7 1 11 8 1 0 1 0 2 23 12 23 255 0 106 1 1 53 32 2 0 4 19 13 1 6 0 8 16 4 2 0 6 1 6 0 3 3 3 40 33 8 11 29 1 1 3 1 4 39 25 1 0 2 5 6 1 10 4 155 104 28 5 2 158 0 2 3 2 38 5 3 17 19 6 8 3 0 0
73 10 62 24 733 1763 60 22 170 53 13 1501 27 98 22 97 19 109 70 5 462 825 98 20 329 19 31 96 275 259 273 6154 7658 4287 49 47 388 1032 106 77 468 3 76 30 18 250 452 76 22 10 6 14 139 200 98 32 218 3527 383 337 306 90 121 35 70 7 220 947 399 16 120 2883 3582 292 1615 216 92 31 1088 2 121 4 281 58 308 208 423 27 52 15 126 36 9 13 78 5223 288 165 254 88 34 30 169 55 13 413 16 27 82 119 56 303 5 1 6 3 16 3 3 19 9 13 14 39 32 2 0 3 0 5 74 11 97 730 4 367 2 2 182 103 17 9 10 43 57 7 10 7 35 43 16 1 8 16 0 12 2 9 0 5 114 103 19 20 65 8 8 8 1 10 135 64 14 10 3 15 4 4 50 3 404 404 59 21 9 424 2 2 7 7 133 20 12 32 101 27 69 20 7 11
7 2 5 2 122 18 8 0 7 2 0 13 10 622 62 234 26 150 65 18 240 446 120 42 281 20 71 302 97 47 142 718 4287 6165 230 839 2555 490 301 129 301 9 67 19 9 160 682 89 14 3 3 3 27 75 20 18 182 6339 2442 5710 355 86 105 49 206 4 108 2631 695 20 102 270 971 101 3007 264 29 5 40 0 120 1 102 17 115 100 483 17 32 4 91 8 6 7 56 1538 8 8 160 198 6 10 31 12 4 49 1 2 6 17 3 26 7 3 18 8 14 4 12 38 24 16 14 21 27 5 3 6 0 6 13 5 13 101 2 134 0 2 125 96 29 9 15 11 19 8 14 3 42 69 17 3 5 3 0 7 2 2 0 3 22 15 3 1 22 7 6 11 2 8 41 17 11 5 5 20 5 6 49 6 7 144 33 4 14 67 0 2 6 5 34 11 4 16 7 1 25 4 3 10
1 0 0 1 1 3 1 0 0 1 0 5 10 6251 1305 532 117 309 307 196 16 33 55 1387 70 323 6016 883 22 3 14 6 49 230 5041 2361 667 137 42 3991 112 22 1098 16 0 59 1343 2 8 1 0 0 5 16 3 0 46 111 837 134 69 19 108 888 171 2 43 359 77 1 4 2 54 25 128 8 0 2 8 0 3 0 12 5 7 45 34 2 4 3 8 5 0 1 106 22 0 1 50 24 0 0 0 0 0 0 1 0 0 0 0 0 38 56 24 54 12 76 16 125 52 400 102 13 10 7 2 7 1 50 0 1 3 4 3 8 16 1 55 46 22 31 8 1 9 1 1 10 66 76 14 2 0 0 0 0 0 1 0 0 3 0 0 0 0 15 1 9 1 3 5 1 1 15 1 5 0 1 3 2 0 18 25 3 1 3 0 1 0 0 3 1 2 0 0 2 5 5 0 5
1 0 0 1 3 0 0 0 0 2 0 2 2 6058 169 24 16 9 10 15 2 6 10 25 11 7 93 105 11 3 9 4 47 839 2361 2028 1252 66 10 197 25 1 29 2 0 1 375 1 3 0 0 0 4 5 0 0 15 148 2164 975 4 2 21 33 37 0 11 248 35 4 0 3 20 6 148 6 0 1 1 0 3 0 6 2 3 4 13 0 0 0 5 2 0 1 11 25 0 0 7 17 0 0 0 0 0 1 0 0 1 0 0 1 11 5 2 9 9 4 12 6 17 32 32 9 6 2 0 5 0 4 0 0 1 0 1 3 2 2 21 29 4 14 2 2 9 2 1 0 17 8 5 1 1 0 0 0 0 0 0 0 0 0 1 0 0 7 2 3 1 1 2 2 1 6 0 0 0 0 3 1 0 6 1 0 0 3 0 0 0 1 3 0 1 1 0 0 0 1 0 1
9 1 3 1 30 20 3 1 0 0 0 10 18 3738 241 595 294 326 235 52 192 309 512 99 148 86 65 160 30 21 52 45 388 2555 667 1252 4283 2602 296 467 618 16 114 9 3 367 752 18 32 2 1 1 7 26 7 7 75 1051 1359 1076 649 22 61 74 92 7 48 1070 227 4 23 20 198 62 1225 84 1 7 10 0 20 1 30 13 28 42 126 4 18 5 63 22 1 8 61 223 1 3 55 61 6 0 7 2 1 4 1 1 1 1 0 8 56 26 18 69 53 15 54 40 79 95 107 69 53 5 9 7 3 16 2 7 7 24 15 95 20 13 202 250 21 52 20 11 46 19 4 2 128 43 78 2 8 4 0 0 2 0 0 1 7 2 0 0 13 48 5 14 1 7 35 15 11 38 3 13 0 1 26 5 3 83 21 30 7 21 0 0 4 9 32 7 3 11 2 1 23 9 2 29
6 0 3 0 22 11 3 2 1 5 0 10 1221 99 37 194 545 1485 2745 30 272 653 422 99 347 140 30 49 39 16 18 32 1032 490 137 66 2602 6795 124 532 519 28 192 526 138 2443 1025 38 57 20 0 8 4 32 18 9 52 366 573 254 1210 37 127 59 46 143 58 816 204 16 64 26 1533 699 423 246 19 151 24 2 74 18 59 17 88 82 152 34 87 35 414 35 4 13 177 146 3 3 114 41 9 12 9 3 3 13 2 3 0 7 1 18 72 27 55 77 102 53 82 137 186 244 198 122 172 18 21 13 2 29 11 14 17 69 11 200 31 13 550 535 70 111 31 14 103 25 30 28 298 200 142 4 6 6 1 3 0 1 1 2 10 10 0 1 39 49 27 25 5 39 100 30 28 61 9 39 3 1 103 9 8 244 160 46 17 72 0 1 3 26 82 29 20 26 4 1 76 33 5 76
5 0 1 0 8 7 1 1 0 1 0 7 266 245 1592 806 89 3265 101 172 18 25 64 217 21 14 242 3550 50 14 53 9 106 301 42 10 296 124 7905 20 707 61 347 10 44 485 51 77 118 4 4 1 12 30 12 1 111 324 124 207 4604 29 44 264 2135 38 63 319 6106 6 65 10 99 14 538 996 2 27 10 0 46 0 17 7 13 42 65 14 54 4 116 53 5 8 69 109 0 4 50 104 0 7 0 1 1 0 0 0 1 0 0 2 9 206 627 26 4 69 3 1233 17 241 10 8 5 1 0 119 0 203 5 15 4 12 6 36 6 2 37 35 1264 7 730 0 9 49 27 103 50 1577 10 3 3 1 1 7 0 0 1 3 3 3 0 0 26 6 42 194 12 123 4 6 50 9 2 91 1 1 68 6 0 23 41 7 6 7 1 4 5 1 4 17 11 35 1 0 5 6 4 2
5 2 9 0 16 13 3 1 0 1 0 13 8 1297 810 576 489 181 961 849 171 3174 3609 3377 4460 6540 2762 91 51 4 21 12 77 129 3991 197 467 532 20 7029 743 101 970 76 0 83 3914 9 118 4 3 4 24 107 27 10 51 77 403 55 91 91 296 257 35 1 346 325 44 32 8 25 224 124 81 47 6 1 26 1 19 2 104 47 127 394 75 6 36 2 63 48 7 40 348 37 2 0 451 34 2 1 0 2 0 1 0 0 0 3 0 2 72 45 9 68 30 46 28 41 101 343 195 23 20 8 2 13 3 35 0 1 3 10 2 24 18 9 120 126 5 43 6 2 24 8 4 4 128 36 30 3 7 0 0 2 0 2 0 3 1 0 0 0 5 19 3 10 0 2 12 1 4 19 3 3 1 0 12 2 1 32 46 4 3 7 0 3 0 3 5 12 2 4 0 0 16 2 0 5
794 280 1331 403 589 1068 175 425 53 135 62 1088 50 955 2156 2569 588 2130 775 1247 1826 1182 6212 3279 289 1012 257 314 163 393 490 166 468 301 112 25 618 519 707 743 5925 3077 1955 106 53 1093 180 214 1411 43 106 104 61 110 1317 690 256 196 57 26 1816 298 320 164 355 61 154 140 359 233 336 285 522 197 633 445 51 8 186 9 596 12 1589 71 579 192 95 460 1125 160 1092 1729 190 436 657 724 39 38 251 143 9 12 54 17 7 79 1 8 25 26 5 48 34 35 65 36 46 33 11 152 58 143 75 36 37 8 4 13 1 31 22 9 29 128 2 205 13 7 205 162 89 29 50 18 42 32 50 19 72 297 22 16 69 8 3 25 7 7 10 37 30 15 4 8 36 13 26 32 21 34 64 30 24 20 35 59 11 30 128 8 51 177 72 14 33 86 26 56 71 5 67 122 28 33 11 3 27 9 7 16
4 0 1 0 1 2 0 2 2 0 0 1 15 31 49 127 18 163 51 54 28 176 1423 2991 68 204 28 11 11 4 1 2 3 9 22 1 16 28 61 101 3077 3740 4088 8 11 681 77 18 1035 6 1 1 3 7 3 2 9 6 4 0 793 33 91 28 101 21 40 13 59 20 20 5 26 11 12 56 3 0 10 0 20 0 20 3 12 44 5 23 90 16 395 76 9 33 141 12 0 0 35 2 0 0 0 0 0 0 0 0 0 0 0 0 2 1 15 0 2 2 0 32 1 9 3 0 0 0 0 1 0 2 0 0 0 0 0 1 0 0 4 4 15 0 17 0 2 6 25 2 1 159 1 1 5 0 0 1 0 0 0 0 0 1 0 0 0 1 8 8 1 16 1 2 4 0 3 20 1 0 48 8 0 0 3 0 1 1 0 3 4 0 0 12 4 0 0 0 0 0 0 1
12 2 12 2 19 6 4 4 0 2 2 7 106 354 262 554 124 2064 441 238 78 692 1482 2846 682 821 2843 459 98 9 44 9 76 67 1098 29 114 192 347 970 1955 4088 4099 66 45 4189 1084 80 1027 18 8 6 38 133 33 8 147 55 213 26 5536 219 1469 5984 838 98 566 320 444 67 46 27 169 47 105 288 14 2 38 2 64 4 105 43 100 483 116 43 184 58 2632 175 15 97 1066 58 7 2 557 62 0 0 0 0 1 0 0 1 0 0 0 2 7 26 139 10 10 34 2 276 20 130 34 8 5 3 1 12 0 16 3 3 3 7 2 12 7 1 30 43 153 12 145 0 4 23 113 6 28 836 7 5 28 1 1 7 0 1 1 5 2 1 0 0 6 2 72 46 15 108 1 2 15 2 18 127 2 6 210 19 1 10 20 2 29 3 1 9 7 1 2 62 25 8 1 0 1 3 0 3
1 0 4 0 7 8 2 3 19 2 0 8 4859 6 6 13 77 457 3108 32 56 125 56 16 106 20 10 8 12 5 7 8 30 19 16 2 9 526 10 76 106 8 66 8287 2802 1575 168 17 48 665 13 124 11 16 7 3 7 14 48 3 172 18 51 10 16 1070 39 62 35 7 59 298 2898 2514 17 66 1027 2018 4492 103 131 459 36 4 23 13 36 319 185 402 953 24 4 7 131 23 83 15 42 5 3 6 3 3 3 10 0 1 2 1 0 7 48 49 92 51 64 93 41 353 129 575 148 91 76 18 13 19 1 45 9 11 9 46 10 147 12 9 404 420 68 62 45 22 69 19 46 62 265 340 95 6 15 3 1 8 13 7 19 11 15 6 0 0 28 29 43 25 7 61 40 12 18 32 10 64 7 12 148 18 6 166 299 36 22 44 4 8 17 15 55 47 12 14 7 0 53 21 6 32
2 0 1 0 3 3 5 2 300 2 0 10 3768 0 4 7 20 180 913 19 4 6 5 10 7 1 12 40 2 5 3 15 18 9 0 0 3 138 44 0 53 11 45 2802 15214 1860 1 20 81 4386 7 83 40 10 21 2 4 1 1 0 46 51 61 12 31 2773 6 5 32 11 50 168 424 465 4 62 1608 394 1080 88 373 498 11 2 5 9 3 1083 1296 4516 2071 46 7 18 131 13 895 83 6 3 1 1 0 3 0 3 0 1 2 5 0 6 1 3 40 1 0 3 2 64 1 7 5 3 3 1 1 1 0 2 4 11 3 18 2 13 0 0 15 9 28 1 46 3 1 109 374 3 17 1019 5 42 178 2 8 65 11 10 17 51 7 8 1 2 5 3 134 66 36 679 11 5 15 2 97 316 23 82 1095 120 3 18 15 8 176 25 36 169 160 2 2 576 122 12 10 0 1 1 7 2
18 4 8 1 44 22 3 8 43 1 3 15 2571 31 164 175 592 2223 3969 391 17 94 72 1100 93 30 274 445 82 22 49 37 250 160 59 1 367 2443 485 83 1093 681 4189 1575 1860 3930 82 61 498 38 10 5 26 70 18 9 153 63 32 12 4150 124 462 2598 1738 2409 236 77 581 48 108 67 1249 257 147 232 88 16 170 3 127 10 66 33 30 217 32 123 429 211 2314 306 19 75 1124 140 105 16 201 58 0 14 6 0 2 7 0 4 1 1 2 11 31 314 2853 69 17 112 5 1955 73 508 34 14 7 4 4 250 1 402 15 47 18 30 8 114 15 2 187 196 1756 21 2571 5 12 300 966 255 278 8323 27 11 52 2 3 21 2 0 2 5 10 13 3 3 58 14 406 845 52 1935 23 31 113 27 39 702 7 22 896 63 4 50 161 27 115 34 4 23 40 8 13 175 67 81 8 2 8 9 10 13
10 3 5 2 59 29 6 4 2 1 1 23 6 1082 245 106 255 96 228 246 67 572 179 923 5073 265 406 246 49 19 45 66 452 682 1343 375 752 1025 51 3914 180 77 1084 168 1 82 5566 19 36 1 1 4 29 91 21 10 90 184 1620 140 109 120 601 606 261 2 350 681 177 38 14 132 932 232 358 46 48 3 205 0 31 0 84 47 88 451 859 8 25 6 60 21 6 32 412 210 5 2 542 69 5 2 2 0 3 7 0 0 0 1 0 3 25 11 10 33 50 28 32 25 66 95 116 41 32 7 5 6 0 16 5 6 6 30 4 78 10 8 197 266 14 38 12 7 39 5 3 1 122 45 45 0 4 1 0 3 1 2 0 4 9 9 1 1 12 21 5 7 2 3 29 12 5 15 2 13 1 3 16 3 2 41 42 5 5 13 0 1 2 10 28 6 5 9 2 4 14 4 3 18
26 5 15 3 19 24 15 23 2 1 2 26 8 20 57 31 4 45 30 11 13 57 27 24 27 10 11 27 57 24 42 14 76 89 2 1 18 38 77 9 214 18 80 17 20 61 19 18873 591 305 5 15 20 40 30 25 96 133 15 23 368 8159 821 87 133 11 101 89 4074 238 7558 16 78 16 285 6862 8 0 17 5 1568 20 61 31 29 85 22 2036 3799 79 739 272 32 165 479 79 2 7 74 52 3 2 1 0 0 1 0 0 0 1 0 0 2 1 4 2 1 2 0 14 3 10 3 1 7 0 7 1 1 3 1 8 3 2 1 10 0 0 17 15 12 11 12 5 9 124 65 5 15 93 13 242 1009 13 26 418 29 5 65 150 1 4 0 1 3 1 36 87 301 65 9 5 8 6 325 149 86 308 535 122 2 16 13 7 303 34 228 325 817 3 1 1699 395 11 19 0 1 5 3 8
82 17 51 14 25 32 45 76 7 9 5 44 49 50 172 359 33 333 162 119 66 345 448 529 86 113 27 36 38 23 31 8 22 14 8 3 32 57 118 118 1411 1035 1027 48 81 498 36 591 9812 98 46 9 23 53 151 71 15 13 3 5 752 683 279 53 120 58 106 24 207 356 358 7 63 22 33 1005 19 3 18 3 434 8 195 62 74 113 18 505 2561 253 1695 8439 149 4436 9400 22 12 12 81 13 1 1 3 0 1 3 0 0 5 0 0 2 3 4 24 2 1 2 1 28 4 17 8 3 4 1 2 4 0 5 0 2 1 5 1 15 0 0 14 16 19 2 22 0 1 33 59 3 13 190 4 37 132 3 5 32 5 2 7 32 1 3 0 0 4 0 25 21 36 51 5 0 5 0 70 63 26 49 198 43 1 9 4 2 76 8 22 62 121 2 4 287 56 2 2 1 1 1 2 0
10 0 5 1 1 3 8 10 140 3 0 3 83 1 4 7 4 5 86 4 2 15 3 4 4 1 0 1 6 2 2 5 10 3 1 0 2 20 4 4 43 6 18 665 4386 38 1 305 98 8419 84 1088 17 12 30 7 7 4 0 0 22 367 148 6 9 807 13 3 122 94 96 62 104 800 20 236 1032 272 388 990 618 4827 30 5 6 13 0 2870 1514 4841 489 98 14 83 249 11 515 36 6 1 3 1 0 0 0 1 0 0 0 0 0 1 0 0 0 0 1 2 0 9 2 2 2 0 3 0 2 1 1 0 0 3 3 12 0 7 0 0 8 0 2 1 0 0 0 44 28 1 8 47 2 61 281 11 5 98 63 23 70 118 2 2 0 0 3 0 15 20 73 131 3 5 1 3 88 62 46 128 327 48 3 8 13 2 94 19 79 970 447 0 5 607 110 2 6 0 2 2 1 3
70 3 49 9 22 33 52 68 9 10 5 24 1 0 1 4 0 3 4 2 2 8 0 3 1 2 2 0 28 23 19 2 6 3 0 0 1 0 4 3 106 1 8 13 7 10 1 5 46 84 10254 17905 20 42 419 22 15 2 0 1 12 17 11 2 1 73 38 0 3 140 24 9 11 76 8 12 32 3 14 1843 2261 303 165 31 10 38 4 221 48 12 23 7989 6875 107 28 10 15 24 11 2 0 0 1 0 0 2 0 0 0 0 0 2 0 0 0 0 2 0 0 0 0 0 1 1 4 0 1 0 0 0 0 1 1 11 0 8 0 0 9 8 1 0 1 1 1 1 1 1 0 4 0 4 6 5 0 5 934 249 792 307 1 0 0 0 2 0 0 0 2 6 1 2 1 0 3 0 115 41 8 0 3 11 12 1 1 5 53 29 90 0 1 15 12 2 11 0 0 1 0 1
184 14 107 10 38 80 106 167 44 22 15 50 7 1 0 3 0 0 9 0 2 12 0 5 15 2 1 4 64 50 29 7 14 3 0 0 1 8 1 4 104 1 6 124 83 5 4 15 9 1088 17905 16532 42 75 677 11 16 4 0 0 5 27 14 3 6 787 49 9 16 101 91 28 22 702 14 12 303 102 91 14267 6476 1590 273 59 20 46 12 1252 103 69 16 4091 4476 91 14 16 129 51 24 9 0 1 5 0 2 4 2 4 2 6 0 5 0 0 0 0 4 0 1 4 2 0 1 6 8 0 1 1 0 0 2 0 6 8 0 22 0 0 18 14 0 2 1 3 5 4 8 0 3 7 4 12 18 25 0 29 2336 1482 2779 950 15 0 0 0 3 0 2 1 1 19 6 4 1 1 4 0 516 143 20 2 4 16 30 1 0 29 189 102 491 0 6 58 66 3 20 2 5 3 2 1
1346 126 492 152 529 589 1622 876 259 626 159 519 0 4 3 4 2 5 2 3 38 101 16 11 86 11 28 35 3268 730 633 71 139 27 5 4 7 4 12 24 61 3 38 11 40 26 29 20 23 17 20 42 7320 11613 9334 9 662 27 9 2 26 96 201 32 51 7 505 57 113 49 30 410 60 99 144 19 412 35 141 9 53 8 2401 1205 335 354 86 13 35 18 36 96 31 45 50 183 508 6439 164 109 12 8 45 12 5 114 5 9 30 33 14 77 1 1 2 0 2 0 3 3 1 0 2 9 8 3 0 1 0 2 14 4 17 134 1 109 0 0 64 28 4 3 2 5 8 2 0 0 3 17 3 0 3 1 0 0 0 0 1 1 9 13 2 3 25 0 1 1 0 2 35 16 5 2 3 3 0 3 8 2 73 96 12 1 3 70 1 2 4 3 43 3 0 10 20 4 9 2 0 1
1765 211 850 199 969 885 1116 787 64 147 66 602 1 15 6 15 4 18 10 4 69 175 43 72 285 34 95 104 12161 1105 1198 120 200 75 16 5 26 32 30 107 110 7 133 16 10 70 91 40 53 12 42 75 11613 12377 1149 15 1592 68 14 9 96 365 727 126 154 2 2908 181 321 135 70 191 142 186 412 67 70 7 111 11 205 6 2374 6204 206 527 354 52 85 16 90 247 55 117 236 441 61 1733 436 378 15 12 81 26 5 136 3 3 21 36 14 98 2 1 8 0 7 3 1 13 6 2 9 15 19 0 1 0 0 3 30 11 20 213 1 224 1 0 136 69 4 7 4 22 35 5 14 0 12 36 7 4 7 9 0 4 1 5 4 2 35 38 0 5 47 2 4 8 1 6 65 26 13 4 3 6 3 2 9 3 82 213 37 6 6 130 1 4 10 8 72 19 2 23 23 4 20 6 1 4
1035 115 533 97 309 419 966 761 126 281 89 374 6 4 16 12 6 13 8 6 32 71 24 27 79 13 22 18 1045 400 364 39 98 20 3 0 7 18 12 27 1317 3 33 7 21 18 21 30 151 30 419 677 9334 1149 14554 388 306 20 4 2 24 103 133 18 23 8 235 31 58 229 180 186 60 121 81 29 107 10 71 68 942 25 4387 333 271 226 80 239 185 23 46 2539 422 177 87 136 161 2677 118 68 7 7 22 8 2 74 2 3 15 16 10 54 1 2 1 0 3 3 0 7 1 4 5 12 9 1 3 1 0 0 8 8 12 119 0 125 0 0 76 59 1 1 2 9 17 1 2 1 12 19 3 6 18 5 2 0 18 8 11 20 17 13 0 6 18 2 0 1 1 8 24 17 14 4 1 6 6 10 6 2 44 85 21 3 2 50 9 9 27 1 36 16 3 18 9 2 8 5 1 6
153 31 159 46 76 152 38 86 13 24 7 94 0 4 7 13 1 10 2 5 1901 265 25 6 72 1 0 4 23 73 65 22 32 18 0 0 7 9 1 10 690 2 8 3 2 9 10 25 71 7 22 11 9 15 388 3430 27 11 1 1 7 36 19 3 4 1 21 15 8 41 41 31 29 23 52 24 2 2 17 0 135 2 5311 20 1761 58 9 89 105 13 22 365 34 57 45 50 4 9 130 19 2 1 7 1 2 18 0 1 0 2 0 8 0 0 0 0 3 0 1 0 3 1 2 8 1 0 0 0 0 0 4 3 4 22 3 26 0 0 19 24 0 1 1 3 6 0 2 0 5 7 0 1 6 0 0 0 0 2 3 2 8 4 0 1 9 0 2 0 0 1 4 1 7 1 2 0 1 1 3 0 6 31 4 0 0 10 2 5 15 1 9 5 1 6 2 1 4 1 1 1
122 25 80 63 2992 387 100 31 12 6 8 233 3 56 16 26 8 39 11 4 115 224 7 45 227 11 248 283 7496 4588 8923 67 218 182 46 15 75 52 111 51 256 9 147 7 4 153 90 96 15 7 15 16 662 1592 306 27 12533 130 46 30 183 355 913 267 453 6 3185 606 958 106 128 109 143 115 1369 58 31 3 63 5 118 0 510 171 324 1285 1504 26 41 5 97 68 23 44 203 1327 23 210 3455 3879 7 9 28 6 7 58 3 1 18 14 4 30 0 2 21 0 5 5 2 22 2 12 3 6 6 2 0 1 0 2 16 6 15 101 1 100 1 0 74 40 13 0 19 8 14 7 12 1 8 93 1 0 12 3 0 7 0 2 3 0 23 14 0 2 25 2 8 6 2 11 43 17 11 2 8 18 2 3 27 4 41 77 17 4 10 60 0 4 2 2 42 32 6 13 6 3 13 5 3 1
6 0 9 2 51 9 5 3 10 2 2 11 7 447 67 230 31 95 16 20 142 332 32 20 102 2 147 631 88 23 78 2766 3527 6339 111 148 1051 366 324 77 196 6 55 14 1 63 184 133 13 4 2 4 27 68 20 11 130 10079 1066 6125 182 141 238 86 435 7 161 6146 1352 16 192 391 704 142 5944 280 36 5 135 0 163 0 80 15 95 158 441 14 28 5 63 13 5 7 64 1039 11 10 210 292 6 14 31 8 6 44 1 1 10 14 5 23 1 6 18 0 17 5 3 35 2 26 1 10 7 0 1 0 0 6 10 10 12 69 1 104 0 0 91 74 37 2 11 10 14 4 5 3 7 66 3 0 5 4 2 9 1 5 2 2 23 16 2 8 25 0 7 7 6 5 33 19 8 3 6 24 2 1 49 13 16 75 28 4 15 49 2 1 3 4 31 27 13 22 8 2 15 2 4 1
3 0 2 0 19 8 0 1 1 0 0 6 1 1216 111 101 47 70 44 36 14 37 24 85 88 14 275 483 23 10 18 32 383 2442 837 2164 1359 573 124 403 57 4 213 48 1 32 1620 15 3 0 0 0 9 14 4 1 46 1066 1866 5150 55 30 240 257 303 2 55 939 309 7 14 23 295 49 552 38 4 1 31 1 13 0 12 10 11 40 106 3 8 0 25 2 0 3 104 152 1 5 55 60 0 1 3 2 0 3 0 0 0 1 0 6 3 3 6 7 12 6 11 20 26 31 34 9 13 4 4 0 1 7 1 0 1 12 4 24 1 1 46 75 13 9 5 3 10 3 3 2 40 38 5 0 0 0 0 2 0 1 0 0 1 0 0 1 6 3 1 0 1 0 6 4 1 5 2 5 2 0 8 3 0 10 9 2 4 8 0 1 2 2 9 3 0 0 0 0 8 3 1 14
1 0 1 1 14 2 3 0 1 0 0 2 4 476 53 138 8 45 7 3 11 17 10 12 19 2 74 370 17 9 18 31 337 5710 134 975 1076 254 207 55 26 0 26 3 0 12 140 23 5 0 1 0 2 9 2 1 30 6125 5150 5484 54 25 47 24 184 2 12 3287 488 3 19 5 94 12 1103 79 3 0 2 0 17 0 7 3 6 11 90 4 6 2 16 1 1 2 23 109 1 1 16 48 0 0 2 0 0 1 0 0 1 0 0 0 2 4 3 0 2 3 0 13 1 5 1 3 1 0 1 0 0 0 1 0 2 5 2 10 0 1 9 11 13 0 10 2 3 4 4 1 2 33 3 1 4 1 0 2 0 0 0 1 0 0 0 0 0 0 2 1 1 2 1 1 1 1 2 4 0 1 10 1 0 6 1 1 2 4 1 0 2 0 0 4 1 0 0 0 2 1 0 1
18 0 9 4 38 17 6 10 8 0 3 18 102 104 1123 283 581 4830 245 995 26 132 129 1260 129 57 301 236 127 17 67 37 306 355 69 4 649 1210 4604 91 1816 793 5536 172 46 4150 109 368 752 22 12 5 26 96 24 7 183 182 55 54 17928 374 1823 3018 1562 113 362 160 7377 121 323 38 594 24 321 12923 16 2 46 1 292 1 84 50 61 281 62 151 614 65 6116 471 21 151 2691 136 21 6 299 77 2 5 1 1 3 2 0 1 1 0 1 3 19 115 658 23 7 38 6 503 22 161 23 10 9 7 2 75 0 135 11 21 8 25 4 43 2 1 70 75 552 16 774 2 14 161 663 69 75 2823 17 21 59 3 3 36 3 2 5 7 4 6 1 0 23 10 192 278 49 286 16 14 42 8 50 552 7 22 710 59 3 26 30 17 129 7 4 22 42 3 7 182 59 36 4 0 11 14 10 3
44 3 37 4 38 28 18 31 3 13 0 28 9 32 89 77 19 68 83 77 62 556 125 105 341 63 38 69 326 50 81 20 90 86 19 2 22 37 29 91 298 33 219 18 51 124 120 8159 683 367 17 27 96 365 103 36 355 141 30 25 374 22445 15196 778 544 30 1064 166 2445 5322 3833 42 103 35 481 814 14 1 23 3 964 57 226 119 190 673 71 482 1014 227 801 723 399 4123 4097 145 9 11 494 132 0 3 2 0 0 0 2 1 0 0 1 0 2 2 4 2 2 6 4 20 7 12 3 2 15 1 5 0 1 1 0 5 1 4 1 10 2 0 18 14 12 10 8 5 7 111 67 4 25 108 13 306 1293 21 29 364 52 15 132 298 1 0 0 0 7 3 35 86 272 59 6 8 9 3 301 133 144 445 554 96 3 15 15 3 287 22 351 532 1489 5 3 2103 412 9 18 2 1 8 8 4
39 3 20 9 66 45 16 29 8 0 1 44 30 117 144 145 42 309 181 103 89 947 188 226 898 170 297 244 733 52 230 20 121 105 108 21 61 127 44 296 320 91 1469 51 61 462 601 821 279 148 11 14 201 727 133 19 913 238 240 47 1823 15196 35126 10973 9847 56 2457 628 6192 1789 647 37 172 46 608 683 18 2 50 2 313 2 436 221 282 1671 235 84 486 173 2373 164 77 892 6514 184 13 26 1524 376 0 1 2 0 0 3 0 0 0 0 0 2 5 7 25 6 4 11 3 50 4 58 20 2 7 3 3 4 1 5 2 5 1 11 1 21 3 0 36 30 32 6 23 1 4 89 128 7 22 353 8 76 367 6 12 184 8 4 9 50 2 4 0 0 5 7 53 77 123 76 12 5 8 5 171 206 41 105 506 83 0 15 18 6 223 11 46 126 216 2 6 742 153 6 6 1 3 3 3 4
7 2 6 1 16 13 5 5 0 0 1 6 101 277 161 200 26 1020 181 63 10 120 35 752 271 64 2617 1517 120 14 99 10 35 49 888 33 74 59 264 257 164 28 5984 10 12 2598 606 87 53 6 2 3 32 126 18 3 267 86 257 24 3018 778 10973 6926 8114 54 476 406 1298 180 88 9 68 18 171 96 8 6 15 0 49 2 66 34 46 410 136 15 74 14 477 28 11 85 2278 40 1 7 550 165 0 5 0 0 0 2 0 0 0 0 0 0 6 39 135 12 5 25 3 356 11 89 26 2 2 1 1 28 0 28 0 4 3 2 1 18 2 0 24 21 315 1 152 0 2 16 34 17 12 537 5 0 15 0 3 6 0 0 0 1 2 0 0 0 6 3 29 49 10 52 4 1 8 5 12 34 1 3 50 8 0 6 14 1 14 6 0 10 7 1 1 32 10 7 0 0 1 0 1 0
9 1 7 2 28 9 7 8 0 0 0 9 207 162 376 153 9 664 128 29 13 64 23 104 95 12 772 1701 205 32 179 20 70 206 171 37 92 46 2135 35 355 101 838 16 31 1738 261 133 120 9 1 6 51 154 23 4 453 435 303 184 1562 544 9847 8114 10567 76 572 816 10143 98 146 15 59 27 860 248 4 4 12 0 75 0 55 35 44 317 199 23 87 25 333 71 14 63 868 106 2 8 502 346 0 7 0 1 1 4 0 1 0 0 0 1 5 84 544 16 13 45 3 1109 15 103 16 14 10 5 3 70 1 92 5 17 4 4 2 38 1 0 39 54 879 6 829 3 5 84 242 33 57 2981 11 7 27 0 0 10 0 2 0 6 3 5 0 3 25 4 172 210 23 190 10 7 26 9 20 278 7 10 298 24 0 16 23 6 26 1 0 7 18 1 7 59 23 33 3 1 8 2 3 4
4 1 1 0 1 4 0 3 65 1 0 3 2884 3 1 11 46 664 549 6 2 8 9 25 2 1 12 27 6 2 2 4 7 4 2 0 7 143 38 1 61 21 98 1070 2773 2409 2 11 58 807 73 787 7 2 8 1 6 7 2 2 113 30 56 54 76 1227 6 6 66 8 30 52 111 645 13 63 660 686 291 535 173 1160 8 2 2 7 1 508 298 593 1335 40 8 5 104 10 203 11 5 5 1 1 1 1 0 2 0 2 0 0 0 0 1 25 385 1 0 10 0 171 5 65 2 2 1 0 2 30 1 33 2 1 2 10 1 7 1 0 12 7 95 4 86 1 2 52 247 65 27 829 1 5 26 0 1 14 41 6 43 25 0 0 0 0 6 1 37 51 11 2494 0 4 9 2 20 61 14 16 254 31 0 9 423 3 42 12 7 25 35 0 1 101 21 5 4 1 1 1 5 0
400 100 506 163 820 644 100 233 20 62 30 631 10 28 27 54 12 47 29 16 93 350 129 250 1326 115 374 231 7201 377 1471 101 220 108 43 11 48 58 63 346 154 40 566 39 6 236 350 101 106 13 38 49 505 2908 235 21 3185 161 55 12 362 1064 2457 476 572 6 10609 698 752 405 172 170 218 228 1293 171 53 2 147 4 215 7 1062 2271 442 5364 1883 95 174 26 278 292 76 270 713 742 29 46 3249 1733 14 13 49 26 5 96 3 8 23 26 5 52 5 5 19 6 20 10 9 29 7 25 15 23 19 1 0 3 0 4 38 13 22 160 3 261 3 1 197 124 18 10 31 16 42 16 18 3 30 121 5 8 16 8 3 8 2 3 3 7 41 45 1 7 59 7 8 14 7 18 75 30 28 7 7 22 4 6 51 9 55 202 38 8 15 105 9 7 15 7 74 49 12 41 20 8 38 10 4 8
8 3 13 2 107 31 11 7 5 1 0 27 7 601 81 225 44 107 38 22 67 188 38 130 594 21 488 1007 210 59 407 119 947 2631 359 248 1070 816 319 325 140 13 320 62 5 77 681 89 24 3 0 9 57 181 31 15 606 6146 939 3287 160 166 628 406 816 6 698 5745 1318 50 101 205 1195 370 3394 151 137 7 370 0 71 0 123 52 92 626 2014 9 21 9 64 27 3 17 169 477 4 9 1095 1389 2 7 7 6 0 28 0 2 3 3 1 12 4 8 15 5 36 15 9 47 17 31 16 20 15 3 6 4 0 9 7 8 18 57 4 129 4 0 180 154 30 13 16 14 29 4 11 3 38 93 20 2 14 5 3 0 1 2 1 1 29 15 0 4 24 8 4 8 3 12 48 16 14 4 7 22 5 9 23 1 3 90 49 6 13 21 1 5 8 1 49 25 6 20 2 1 24 8 1 6
21 6 14 3 104 48 24 9 8 3 3 50 80 326 1243 199 25 602 59 50 42 156 48 65 117 24 141 909 506 108 383 92 399 695 77 35 227 204 6106 44 359 59 444 35 32 581 177 4074 207 122 3 16 113 321 58 8 958 1352 309 488 7377 2445 6192 1298 10143 66 752 1318 8172 320 1238 52 298 37 3050 10606 11 8 36 1 834 4 144 71 93 445 311 141 600 61 2705 104 27 132 949 523 7 26 635 728 2 5 0 0 1 3 0 5 1 1 0 3 18 31 266 18 24 21 16 430 39 56 35 31 28 5 8 28 2 32 13 36 8 24 3 71 3 6 134 136 280 23 433 5 16 223 556 24 86 2187 40 79 339 6 7 239 8 3 10 37 12 9 0 2 18 14 258 215 161 240 29 21 35 19 260 703 40 118 1224 199 0 56 36 24 412 28 21 112 155 5 13 839 226 29 9 0 18 22 15 16
92 6 57 7 33 41 64 94 4 13 3 32 2 10 41 46 9 27 50 21 21 242 54 41 132 22 12 11 122 35 25 12 16 20 1 4 4 16 6 32 233 20 67 7 11 48 38 238 356 94 140 101 49 135 229 41 106 16 7 3 121 5322 1789 180 98 8 405 50 320 2650 1662 10 19 16 81 110 7 2 11 10 912 88 205 93 65 269 23 248 288 77 217 824 639 1802 941 34 0 18 183 28 1 1 1 0 0 3 0 0 0 0 0 0 0 2 2 0 1 0 0 4 1 4 2 4 5 0 0 0 1 3 2 3 0 6 0 9 0 0 16 15 2 2 4 4 1 23 11 0 6 20 7 109 300 5 5 123 57 65 75 300 2 0 0 0 7 0 3 19 70 14 5 0 3 3 78 37 167 238 137 28 4 11 10 1 83 8 211 112 688 0 2 518 194 0 5 0 3 0 1 2
