22850 9394 11825 3006 755 1022 10449 8764 471 472 43 725 0 2 2 0 2 2 1 0 138 48 7 1 21 0 2 1 5037 3651 140 33 56 12 0 0 1 18 0 6 806 0 5 2 2 0 20 4 10 4 214 460 809 599 551 253 114 0 0 0 3 9 8 1 1 1 283 12 2 46 14 71 46 36 19 1 60 3 29 20 164 13 2042 783 720 201 18 46 14 5 8 400 101 35 43 39 91 1538 38 20 14 2 34 33 5 120 4 13 21 25 29 90 0 0 0 0 2 0 3 0 2 0 0 6 1 0 1 0 0 0 13 2 34 58 0 31 0 0 7 11 0 0 0 6 13 0 0 0 4 1 6 1 0 1 0 0 7 6 5 0 12 11 2 3 5 2 0 0 0 0 11 7 2 6 0 0 2 1 1 0 57 10 14 4 0 18 7 1 0 2 27 0 0 13 15 8 8 2 0 1
9394 27136 2867 15812 5063 1921 1365 383 93 128 35 761 0 2 1 1 0 1 3 2 179 69 6 1 18 0 2 1 861 1776 151 55 98 11 0 0 2 20 0 3 636 1 6 3 1 1 10 2 5 0 85 208 229 164 180 144 108 1 1 0 4 14 7 1 0 0 179 11 4 21 6 133 35 32 14 0 52 2 29 5 81 6 726 318 596 226 14 17 3 2 2 173 52 24 23 31 62 337 33 22 14 10 72 107 11 292 8 10 41 35 70 208 1 0 0 0 3 0 2 1 0 2 0 5 5 0 3 0 0 1 20 4 50 121 0 44 0 0 8 6 0 5 0 19 29 3 1 0 3 0 7 0 0 2 0 1 5 9 3 0 12 35 0 7 7 1 1 0 0 0 37 18 6 13 0 1 0 0 1 0 134 8 22 3 0 43 0 1 0 3 69 1 0 26 30 11 19 7 0 4
11825 2867 21373 12207 295 5034 2257 10304 1370 4537 185 14060 1 3 3 1 5 3 8 7 321 146 15 1 39 5 1 1 477 240 105 52 235 23 1 0 5 38 1 11 1267 1 7 3 1 1 12 5 10 2 217 503 563 386 472 346 111 4 1 0 6 29 8 4 3 0 420 19 1 44 13 387 48 70 34 2 166 6 62 38 181 14 1941 790 1230 365 22 51 17 3 6 406 124 49 43 55 454 1280 90 47 107 40 379 424 66 1370 62 139 213 237 366 1089 0 1 1 1 6 0 2 0 2 3 3 25 5 3 5 0 0 2 101 8 212 556 0 138 1 1 15 34 1 11 0 74 110 3 3 0 4 3 30 0 0 9 0 0 15 39 10 2 58 99 8 43 70 4 1 2 1 7 132 78 25 27 2 2 0 1 5 0 699 88 85 13 1 180 5 4 3 11 198 2 2 100 220 44 79 10 1 8
3006 15812 12207 19998 7404 9844 728 174 67 84 73 3760 1 7 1 3 2 1 5 5 329 222 18 8 34 2 2 3 617 1764 858 161 267 17 1 1 5 47 3 10 700 2 7 1 1 3 13 3 11 0 69 166 164 138 134 141 232 11 1 0 6 29 17 2 5 2 212 12 4 21 4 273 62 29 48 3 114 1 30 7 37 7 657 295 748 293 25 17 8 4 2 134 42 16 28 103 193 266 69 79 51 19 176 203 35 646 20 51 84 91 158 495 3 1 1 1 5 2 5 1 2 1 1 19 10 2 4 1 0 0 52 9 113 260 0 76 1 1 13 19 3 9 0 29 56 2 1 0 5 5 16 0 0 11 0 1 9 27 5 1 31 68 3 13 26 2 1 1 0 3 59 45 18 17 0 0 0 1 2 1 329 42 47 12 0 99 4 0 1 5 109 1 3 51 69 18 50 5 1 6
755 5063 295 7404 13246 7968 808 125 80 67 40 1403 4 26 7 17 8 25 27 12 393 630 63 15 65 8 26 13 2685 3191 9970 972 1025 350 7 1 33 391 16 31 677 12 48 6 4 9 51 16 17 2 117 215 345 348 238 171 4207 185 17 10 30 108 93 26 34 4 447 63 90 64 12 176 373 71 671 10 77 3 62 15 81 9 922 415 762 301 64 21 26 6 14 191 52 23 124 2083 148 549 128 264 11 10 48 77 9 194 9 15 27 20 29 159 8 1 5 2 5 1 12 4 18 7 15 11 5 5 9 3 0 0 22 6 24 105 2 50 4 3 18 45 1 12 4 11 27 2 0 1 11 22 17 0 1 3 0 3 8 9 12 1 10 24 1 7 19 3 2 4 2 2 19 17 2 5 3 5 2 0 13 2 134 40 29 8 0 46 2 1 3 2 36 5 0 24 23 8 25 2 0 1
1022 1921 5034 9844 7968 14901 626 259 203 553 316 12070 2 17 12 4 16 29 39 6 513 693 55 16 71 6 8 6 991 1466 2202 3605 2077 275 0 3 21 506 31 31 946 11 31 14 7 7 37 20 9 1 70 139 261 202 206 168 749 183 7 1 49 58 55 9 17 6 326 23 41 36 8 543 497 79 273 8 129 7 80 8 52 2 776 341 742 335 28 17 15 3 15 134 27 10 70 685 594 433 144 148 84 32 244 279 53 1049 37 104 130 181 239 839 9 4 6 4 5 1 16 5 30 12 17 34 10 5 3 2 0 5 89 15 207 474 1 86 4 3 34 52 5 17 3 44 64 7 4 2 17 30 31 0 1 6 0 1 15 26 12 2 44 77 8 23 34 6 5 5 4 7 88 72 16 15 2 8 7 2 12 1 591 76 99 8 2 196 7 8 3 5 143 0 3 89 161 38 65 8 4 6
10449 1365 2257 728 808 626 10588 6777 822 2243 388 1204 0 2 1 0 0 0 3 0 33 44 3 2 6 0 0 1 1307 1573 192 68 57 7 0 0 3 19 3 1 157 1 4 2 5 0 2 2 2 1 53 146 757 476 374 44 89 3 2 0 0 4 4 1 0 1 68 3 0 11 1 81 32 32 14 0 46 2 27 11 37 3 994 221 127 43 5 9 3 3 1 97 28 9 11 48 227 4404 17 5 4 1 9 17 6 44 2 5 5 6 8 45 0 0 0 1 1 0 0 0 1 1 0 3 2 0 0 0 0 1 5 0 11 23 0 9 0 0 2 4 0 2 0 2 6 0 0 0 3 0 6 0 0 1 0 0 1 3 1 0 2 5 0 2 6 0 1 0 0 1 4 3 1 4 0 2 1 1 0 0 33 6 6 1 0 7 1 0 0 0 6 0 0 3 7 4 4 1 0 0
8764 383 10304 174 125 259 6777 14852 3130 15848 1408 3498 0 0 0 0 0 0 0 0 15 6 0 0 2 0 0 0 103 154 12 7 20 0 0 0 0 3 0 0 85 0 3 1 1 0 4 0 1 4 49 104 304 121 187 46 12 1 1 0 0 0 0 0 0 0 48 1 1 9 2 32 6 9 6 0 31 1 7 7 28 2 605 166 108 21 1 9 3 0 2 87 23 11 13 10 132 964 5 6 6 1 17 12 1 67 7 15 10 16 17 75 0 0 0 0 0 0 0 0 1 0 0 1 1 0 0 0 0 0 2 0 6 16 0 7 0 0 0 2 0 1 0 1 2 0 0 0 0 2 0 0 0 0 0 0 3 2 1 1 1 4 2 1 1 0 0 0 0 0 0 2 0 2 0 0 1 0 1 0 30 4 7 0 0 7 1 0 0 2 3 0 0 7 21 0 1 0 0 0
471 93 1370 67 80 203 822 3130 2239 3630 558 1319 4 0 0 0 1 2 5 0 11 15 2 0 1 0 0 0 31 58 19 25 135 3 0 0 0 15 0 0 30 0 1 18 60 3 0 1 0 91 6 42 86 29 26 5 16 1 0 0 0 2 1 0 1 25 17 1 0 5 3 469 55 202 6 0 814 37 80 28 19 71 80 23 20 6 6 34 25 31 13 12 4 0 1 17 3735 871 6 3 6 3 8 8 1 32 0 6 3 10 8 30 0 0 0 2 2 1 1 0 1 0 0 4 3 1 2 0 0 0 3 0 5 12 1 11 1 0 2 5 0 2 0 2 4 1 2 0 2 9 0 3 0 1 0 1 1 0 2 1 1 0 0 1 0 0 2 0 1 2 1 1 1 2 0 1 1 1 9 0 17 8 7 0 1 6 2 1 7 0 3 1 0 2 7 2 3 2 1 0
472 128 4537 84 67 553 2243 15848 3630 22073 11003 16383 2 1 0 0 0 0 3 1 7 9 1 0 3 0 1 0 68 96 14 11 55 3 0 0 0 5 0 1 74 0 1 11 39 4 0 1 2 15 30 106 293 123 139 23 10 1 0 0 1 3 0 0 0 10 33 1 1 9 5 142 17 115 2 0 1079 74 28 10 18 21 417 128 71 10 4 11 7 10 3 54 14 5 5 8 3349 1685 7 2 69 5 92 101 18 397 46 95 78 140 160 369 0 0 0 1 0 1 4 1 1 1 1 3 0 0 0 0 0 0 12 2 62 137 1 27 0 0 3 6 0 1 1 7 10 2 0 0 3 3 2 0 0 2 0 0 2 6 3 2 10 18 3 6 10 1 3 0 0 1 14 9 2 1 0 1 0 0 1 0 203 11 45 0 0 53 1 1 0 0 25 1 1 8 122 15 9 0 0 0
43 35 185 73 40 316 388 1408 558 11003 3676 7400 3 0 0 0 0 0 1 0 5 13 1 0 1 0 0 0 18 30 10 13 97 0 0 0 1 6 0 1 39 0 1 9 17 0 4 2 0 7 12 25 69 31 37 8 18 0 0 0 0 2 0 0 0 6 14 0 0 3 0 424 10 30 1 0 192 22 15 5 8 7 87 29 17 8 1 5 3 2 0 13 1 0 2 8 1925 509 4 2 39 8 76 85 17 374 36 64 61 124 122 324 1 0 0 0 0 1 1 0 1 1 1 2 4 2 0 0 0 0 21 3 51 155 0 19 0 0 3 1 0 0 1 9 16 0 1 0 1 3 5 0 0 1 0 0 2 9 6 1 4 23 3 8 5 0 0 0 0 1 22 11 2 2 0 0 0 0 4 2 184 9 38 5 0 48 2 1 2 0 26 1 0 27 92 13 10 7 0 0
725 761 14060 3760 1403 12070 1204 3498 1319 16383 7400 43854 8 11 6 5 7 27 34 7 369 508 44 10 53 7 3 3 447 597 346 828 3370 71 1 1 13 203 15 24 833 1 17 20 6 12 27 7 7 2 83 170 383 181 209 117 381 13 3 2 18 42 21 5 11 7 205 17 21 31 12 1777 426 111 72 6 225 12 107 8 41 9 849 325 501 167 23 14 15 5 13 163 38 26 52 203 4213 1601 106 85 265 71 555 740 154 2890 158 374 412 727 748 2332 10 4 2 10 10 1 13 8 29 13 13 48 19 4 9 2 0 4 178 28 496 1200 2 179 6 5 26 68 2 22 6 112 171 7 7 0 21 29 38 1 0 14 0 5 36 53 34 2 88 180 21 78 75 8 5 11 2 18 173 130 27 27 3 9 5 1 28 6 1630 146 232 5 4 460 9 17 5 5 285 5 3 188 572 97 116 22 5 5
0 0 1 1 4 2 0 0 4 2 3 8 6840 4 7 22 6 532 6925 37 1 5 5 38 2 0 37 72 2 1 2 1 24 5 3 0 5 89 56 5 28 1 121 3682 2107 3892 3 66 15 84 1 10 0 0 0 0 2 0 0 0 63 37 34 49 56 2769 3 3 32 17 16 105 197 1486 5 21 294 502 207 0 15 4 3 2 1 2 1 32 162 186 994 16 3 5 151 4 37 0 1 0 0 0 0 0 3 1 0 1 0 0 0 3 7 60 466 8 6 66 13 1095 119 1334 53 1 3 4 0 66 0 60 9 8 4 25 3 34 1 3 58 65 245 2 329 0 4 74 115 78 90 2376 10 13 26 1 1 11 1 1 2 6 1 1 0 0 12 4 409 329 67 1063 2 2 10 7 62 476 1 13 607 123 12 13 241 2 108 3 1 8 26 1 2 83 11 15 2 0 3 1 0 2
2 2 3 7 26 17 2 0 0 1 0 11 4 12772 11803 1588 903 171 111 291 111 283 437 501 21 15 3087 1968 23 4 44 12 16 1481 4204 4920 2288 321 282 498 672 44 440 2 4 23 1503 26 51 1 1 1 1 8 3 4 69 382 3179 539 84 140 315 369 773 4 30 2005 603 46 8 8 20 44 609 31 2 0 2 0 6 1 17 6 17 27 74 13 33 3 22 53 7 12 283 125 0 0 21 71 0 0 0 1 2 2 0 1 0 0 0 2 60 34 14 58 6 67 39 37 132 313 82 16 6 6 9 17 7 36 0 0 2 32 1 25 35 13 31 93 12 40 13 2 4 22 2 0 59 36 11 2 1 0 1 2 0 0 2 1 1 0 0 0 2 8 8 17 6 1 3 6 0 1 4 11 1 3 25 5 15 10 38 1 5 0 0 0 0 1 3 8 2 1 0 0 2 1 0 5
2 1 3 1 7 12 1 0 0 0 0 6 7 11803 18716 17044 1352 918 521 1994 92 280 432 138 18 12 2878 5547 4 2 14 2 10 375 177 275 583 134 923 61 989 57 192 4 6 40 94 94 59 2 8 4 1 3 6 7 13 144 237 122 218 220 448 473 1524 1 14 332 1365 48 21 7 16 62 248 59 4 0 3 1 22 0 6 4 16 15 28 17 48 9 35 65 5 42 308 55 1 0 24 14 0 1 0 1 3 0 0 1 0 1 0 4 59 41 28 58 1 75 49 82 183 464 111 9 10 1 18 32 8 57 1 0 6 33 1 40 32 22 40 100 26 75 43 1 6 44 8 3 76 67 6 4 10 0 0 3 0 1 0 0 0 3 0 0 4 13 22 36 5 3 5 3 4 8 8 36 0 0 34 11 10 13 53 3 7 3 0 3 2 2 0 10 4 6 0 0 6 1 1 3
0 1 1 3 17 4 0 0 0 0 0 5 22 1588 17044 26454 366 4087 2308 2581 30 66 167 79 4 11 366 3592 6 2 6 4 78 100 36 12 308 520 1348 38 699 63 112 11 2 76 22 47 57 3 13 5 0 1 6 5 13 12 18 9 328 156 230 160 818 9 4 47 842 63 24 11 73 42 60 53 3 0 3 1 16 0 5 1 4 9 6 19 48 8 27 60 6 28 148 38 3 0 7 1 0 0 0 1 0 0 0 1 0 1 0 2 57 139 258 43 8 208 21 380 133 1763 110 2 0 3 5 71 13 165 2 1 3 30 1 21 24 3 34 42 240 30 176 1 4 66 11 44 117 109 5 3 3 0 2 4 0 0 1 1 0 0 0 0 2 4 30 111 17 9 0 2 1 4 10 45 1 0 30 8 10 13 142 1 7 0 0 0 3 0 0 7 12 1 1 0 1 1 0 0
2 0 5 2 8 16 0 0 1 0 0 7 6 903 1352 366 2573 166 721 1870 75 391 230 40 40 20 19 85 10 2 6 2 26 42 6 5 1668 866 201 67 263 13 45 8 6 24 73 22 4 2 4 3 0 5 2 5 23 12 20 8 127 49 36 22 100 1 23 27 258 9 4 4 15 79 45 9 4 5 4 1 6 1 9 13 36 38 15 4 12 3 11 19 0 2 40 19 4 0 55 7 4 7 0 0 2 5 0 4 0 1 0 11 93 50 18 91 24 31 82 16 291 146 88 39 35 18 56 30 14 51 6 2 14 55 3 65 62 46 66 205 9 170 17 4 33 46 1 3 139 42 52 5 4 2 1 3 0 1 0 0 1 8 0 4 12 44 17 31 7 3 29 24 4 29 2 22 1 1 13 3 30 50 36 8 4 3 0 0 0 7 11 5 10 17 3 5 30 6 0 18
2 1 3 1 25 29 0 0 2 0 0 27 532 171 918 4087 166 17786 3424 1010 28 65 115 563 11 13 500 731 18 7 13 29 239 44 28 4 268 1016 5378 96 478 65 771 130 45 1234 44 235 75 1 15 13 9 2 4 8 20 18 18 5 6362 370 253 296 514 314 24 28 1634 97 66 78 331 155 71 192 24 11 57 1 40 1 14 13 18 11 16 31 105 32 130 112 10 63 348 73 10 2 10 12 0 1 3 4 2 3 2 2 0 0 0 7 34 437 1483 50 11 339 53 1914 376 4067 219 4 3 5 6 406 2 499 11 17 11 72 8 76 16 9 135 166 1358 20 1527 1 11 279 163 334 288 1568 19 17 24 2 2 11 2 2 0 5 1 2 0 2 13 13 373 1184 148 382 4 25 16 17 49 592 3 11 190 55 41 52 329 9 61 20 1 4 14 3 2 54 31 19 2 0 3 3 3 1
1 3 8 5 27 39 3 0 5 3 1 34 6925 111 521 2308 721 3424 57196 10566 98 442 135 218 96 44 366 420 22 12 28 21 314 63 39 1 581 5390 242 140 266 27 342 2234 386 1644 93 114 36 23 8 6 10 15 7 3 36 10 10 11 417 84 75 127 141 843 55 62 129 43 22 122 824 3677 40 71 95 1038 132 1 15 14 32 19 73 51 27 19 117 47 448 31 4 21 264 54 43 6 56 17 4 8 3 3 24 4 0 4 0 0 6 36 661 896 2023 599 45 1271 329 2839 1913 11942 1012 108 106 68 121 599 80 1090 27 19 33 328 13 309 317 131 408 896 1506 551 1183 6 114 508 118 449 1109 1443 143 24 37 10 11 17 1 14 0 6 2 10 0 2 40 122 263 758 160 581 57 47 29 60 60 495 3 15 300 82 141 160 2105 20 62 23 3 5 20 20 12 64 48 52 5 2 62 28 5 38
0 2 7 5 12 6 0 0 0 1 0 7 37 291 1994 2581 1870 1010 10566 4608 54 312 189 63 46 37 27 83 13 6 10 3 33 19 7 3 269 472 450 71 302 24 66 47 7 64 53 34 17 3 4 3 2 3 3 7 8 3 4 4 404 60 44 19 135 8 34 26 323 15 10 6 26 203 24 32 12 38 5 0 8 1 11 7 37 43 11 8 14 4 18 17 2 10 50 17 1 1 35 9 1 3 0 0 2 4 0 0 1 1 1 11 264 177 43 211 25 115 103 73 583 796 214 56 24 34 61 104 26 161 4 3 14 80 1 70 162 66 81 274 40 260 52 0 28 114 11 7 263 60 42 2 8 1 3 1 1 5 1 0 1 3 0 1 11 47 17 69 18 18 17 21 3 9 7 39 2 1 37 6 23 41 133 7 5 4 0 2 5 7 8 8 15 19 3 1 20 9 5 9
138 179 321 329 393 513 33 15 11 7 5 369 1 111 92 30 75 28 98 54 11668 9457 1435 132 465 129 38 13 151 103 351 95 335 391 16 2 174 483 25 366 2388 49 103 39 5 7 212 16 34 3 14 20 23 40 49 1948 336 71 28 20 25 36 28 14 21 3 144 116 35 28 9 94 319 82 505 4 62 3 111 1 15 1 830 62 4463 1204 143 16 14 2 9 44 7 11 94 641 50 16 844 116 1 2 4 6 2 21 0 5 0 3 3 18 6 2 2 4 6 2 13 1 32 19 18 9 8 0 3 4 0 6 6 2 6 32 1 39 9 7 20 48 1 13 3 8 15 4 2 0 17 6 13 0 1 0 0 0 0 4 0 2 1 5 1 1 7 5 2 4 0 1 16 8 7 8 2 3 1 0 5 0 28 27 20 5 0 7 0 0 2 4 16 2 0 9 2 1 11 0 1 5
48 69 146 222 630 693 44 6 15 9 13 508 5 283 280 66 391 65 442 312 9457 34111 6417 628 4963 1530 94 35 296 160 649 204 674 996 31 18 574 1379 37 4490 2031 161 378 153 12 18 923 47 169 5 26 28 61 81 44 300 591 221 66 46 60 139 92 37 39 5 435 369 92 93 45 291 959 301 1324 14 170 8 288 2 29 3 399 184 5813 1741 485 36 47 23 38 162 20 71 390 1564 59 41 3848 303 5 9 11 8 9 36 0 3 3 5 5 23 86 22 2 51 22 19 63 8 228 126 91 45 32 11 42 18 9 34 10 4 20 83 2 95 47 24 73 203 4 93 7 10 38 27 3 1 111 23 46 2 2 2 2 5 1 1 1 2 5 8 0 0 15 30 4 9 6 5 26 17 8 22 9 15 2 0 12 6 59 55 68 9 1 17 3 3 6 8 24 6 10 22 4 1 41 11 0 15
7 6 15 18 63 55 3 0 2 1 1 44 5 437 432 167 230 115 135 189 1435 6417 12713 7272 551 6558 341 62 71 13 60 25 69 458 60 11 476 502 50 4635 7426 3124 2093 25 22 51 592 121 568 8 35 29 16 35 25 41 146 67 65 34 150 200 113 31 46 3 233 197 95 156 88 21 81 47 175 48 9 2 23 4 94 2 42 53 142 170 127 68 145 29 89 453 46 167 767 148 14 3 222 58 0 0 1 0 0 0 0 0 0 1 0 1 9 4 0 6 1 10 8 2 36 30 19 6 1 2 5 2 1 7 1 1 2 17 1 16 6 2 11 32 0 11 0 0 4 3 1 0 6 14 2 2 5 0 0 5 2 1 1 3 2 1 0 0 0 2 1 3 1 1 1 2 2 2 2 7 2 1 19 3 5 8 23 3 9 2 2 1 21 1 0 25 3 1 2 0 3 0 0 3
1 1 1 8 15 16 2 0 0 0 0 10 38 501 138 79 40 563 218 63 132 628 7272 10977 351 5245 5881 319 53 7 46 4 29 130 507 35 122 127 207 13391 1902 3364 3558 25 16 459 2329 83 581 2 27 12 12 10 12 16 145 68 197 38 581 219 134 372 218 8 184 515 101 150 62 29 69 49 138 32 9 1 21 1 63 5 33 33 62 104 180 76 140 40 138 359 42 129 988 44 4 2 108 52 0 0 0 0 0 0 0 0 0 0 1 1 11 2 13 4 1 10 12 47 41 49 26 3 1 2 4 6 0 6 1 1 2 9 0 15 5 1 14 42 7 10 21 0 1 5 8 1 11 114 3 1 6 0 0 1 0 1 0 4 1 1 0 0 2 3 25 29 3 8 2 3 0 0 1 33 2 7 27 5 3 2 16 0 4 1 2 1 14 0 1 18 2 3 1 0 3 1 1 2
21 18 39 34 65 71 6 2 1 3 1 53 2 21 18 4 40 11 96 46 465 4963 551 351 9562 199 52 0 183 32 71 13 86 73 17 0 58 185 7 4766 460 61 298 50 3 24 3825 33 59 3 15 23 65 123 27 85 504 15 15 0 30 117 55 24 6 0 1241 790 15 62 19 60 184 109 101 13 39 2 62 3 18 4 321 341 1197 2161 2708 19 42 9 23 66 11 27 317 117 15 3 3185 430 0 0 0 1 1 4 0 2 1 1 0 6 5 2 1 6 4 9 15 1 59 35 33 6 10 0 4 0 2 5 2 1 2 23 0 27 7 1 21 63 1 8 3 1 16 7 1 0 10 5 10 0 0 0 0 0 1 0 1 3 1 1 0 0 2 1 1 2 0 3 3 2 1 4 1 3 0 1 7 1 13 10 26 1 3 3 1 1 3 1 7 5 1 5 0 1 2 2 0 2
0 0 5 2 8 6 0 0 0 0 0 7 0 15 12 11 20 13 44 37 129 1530 6558 5245 199 6583 188 1 15 3 4 3 10 17 10 0 18 42 1 7248 476 229 387 12 3 11 183 15 84 1 4 4 6 3 3 2 25 3 6 0 29 48 18 6 3 0 61 25 5 26 12 5 19 35 9 1 5 0 3 2 11 0 10 13 31 36 27 8 23 9 15 49 7 23 163 9 0 0 33 5 0 0 0 1 0 0 0 0 0 0 0 1 5 0 0 3 1 5 2 0 19 17 13 1 0 2 0 2 0 1 0 1 0 3 0 4 1 2 5 13 0 7 1 0 1 2 1 0 2 1 0 0 3 0 0 0 0 0 0 0 0 0 0 0 1 0 0 1 0 1 1 1 0 0 1 0 1 0 2 0 3 2 6 0 0 0 0 0 0 0 0 1 0 0 0 0 1 0 0 0
2 2 1 2 26 8 0 0 0 1 0 3 37 3087 2878 366 19 500 366 27 38 94 341 5881 52 188 22872 12346 29 9 77 4 13 368 1979 243 322 134 161 4994 661 101 2440 7 3 140 999 31 83 1 5 6 6 3 8 4 103 159 438 139 128 94 135 1040 1357 3 67 692 80 61 21 2 22 14 377 18 2 0 3 0 17 1 15 7 9 16 80 18 42 9 34 64 11 34 503 97 1 0 26 55 0 1 0 0 0 2 0 1 0 0 0 2 9 6 25 8 4 37 8 143 38 230 30 2 1 0 4 24 0 13 0 0 0 9 1 6 5 2 10 21 40 4 76 0 1 17 9 4 13 169 2 1 1 0 0 5 1 0 0 2 0 0 0 1 1 1 46 61 6 7 0 2 1 1 2 63 1 2 16 3 3 0 14 2 2 0 1 0 4 2 0 11 3 4 0 0 0 0 0 0
1 1 1 3 13 6 1 0 0 0 0 3 72 1968 5547 3592 85 731 420 83 13 35 62 319 0 1 12346 12053 9 1 23 6 16 481 192 105 524 174 4291 100 118 14 571 12 3 253 151 19 14 0 2 1 0 4 3 0 27 176 247 139 134 63 189 610 3056 16 26 391 392 14 3 6 21 9 421 10 1 4 4 0 3 0 6 6 3 4 42 2 19 4 19 7 1 4 128 94 0 0 5 39 0 1 0 0 2 0 0 1 0 0 0 3 2 41 120 7 2 29 7 621 53 454 26 1 0 1 0 64 1 73 2 1 4 14 3 13 1 1 14 34 169 3 312 0 1 57 39 18 39 774 5 1 8 0 0 1 0 1 0 0 0 1 0 0 2 5 181 259 28 46 0 0 5 1 11 293 0 1 51 10 2 5 13 1 8 1 0 0 6 1 0 6 7 3 0 0 1 1 0 0
5037 861 477 617 2685 991 1307 103 31 68 18 447 2 23 4 6 10 18 22 13 151 296 71 53 183 15 29 9 32995 14660 2305 145 336 100 6 1 14 145 4 108 277 12 109 11 1 8 166 17 28 2 63 143 3598 7841 851 76 4101 32 7 1 37 151 75 28 22 5 5108 153 41 58 13 226 193 157 293 11 114 5 143 9 25 4 2261 3244 302 147 245 24 16 7 16 135 27 22 214 836 97 3985 220 525 10 6 27 40 8 81 3 3 18 6 21 66 6 1 2 0 8 5 8 2 17 14 18 18 7 4 4 1 0 1 18 4 16 97 3 87 4 2 25 43 1 9 0 17 30 2 1 0 17 10 16 1 2 1 0 0 5 13 3 0 23 22 0 7 17 5 3 0 1 3 43 26 4 16 0 2 2 1 9 2 89 47 34 6 2 34 1 0 2 3 45 2 1 33 7 10 15 3 1 1
3651 1776 240 1764 3191 1466 1573 154 58 96 30 597 1 4 2 2 2 7 12 6 103 160 13 7 32 3 9 1 14660 11768 3378 200 279 38 3 0 10 78 3 23 319 5 29 6 5 4 41 11 8 1 84 175 621 663 307 102 2961 24 6 4 11 47 34 15 15 2 883 33 16 34 12 204 116 48 143 2 107 2 53 11 55 4 1054 497 450 207 65 19 17 4 11 160 51 16 80 340 98 1055 54 196 22 11 60 64 3 147 9 5 18 9 38 118 2 2 0 5 5 0 5 0 9 4 5 9 3 2 2 0 0 1 25 3 20 97 0 37 2 0 12 19 0 5 0 10 28 0 1 0 8 2 13 0 1 2 0 1 13 8 11 4 14 30 1 2 13 2 2 3 2 3 30 23 4 12 1 1 4 0 7 0 88 26 13 7 0 27 2 3 3 1 61 1 0 21 14 6 21 1 0 2
140 151 105 858 9970 2202 192 12 19 14 10 346 2 44 14 6 6 13 28 10 351 649 60 46 71 4 77 23 2305 3378 10886 189 228 153 26 4 30 183 19 38 590 13 129 11 2 10 145 47 31 4 62 101 231 233 123 125 8916 43 24 4 43 271 216 74 57 0 837 143 106 92 26 91 130 40 1156 14 44 0 30 8 43 3 538 293 627 328 331 29 39 7 34 115 22 40 318 3226 51 258 425 5336 4 2 19 21 4 70 5 2 14 12 10 31 2 1 0 3 1 6 7 3 16 11 6 11 5 0 5 3 1 1 16 1 11 42 0 32 1 2 5 30 2 10 1 4 13 1 1 0 7 9 8 1 4 4 0 3 2 3 3 1 6 13 0 1 8 2 2 2 1 3 14 9 6 6 2 5 0 0 17 4 52 20 13 3 2 19 1 0 7 1 25 8 3 10 6 1 8 2 1 0
33 55 52 161 972 3605 68 7 25 11 13 828 1 12 2 4 2 29 21 3 95 204 25 4 13 3 4 6 145 200 189 1992 4786 1327 0 1 16 368 21 4 155 3 8 4 2 4 9 7 5 2 15 23 43 28 27 22 107 660 4 4 20 11 18 7 9 4 49 12 27 6 4 66 344 24 2048 1 17 1 27 2 11 0 118 62 86 27 11 2 7 0 4 24 2 4 17 1107 112 41 32 21 6 8 14 29 6 118 5 4 14 14 22 89 3 2 1 3 4 2 5 4 22 9 5 7 3 2 2 0 0 3 9 2 19 72 0 12 5 1 6 21 2 9 4 7 19 2 2 1 7 10 6 1 3 0 0 0 2 5 1 1 4 10 1 6 2 4 4 1 1 2 8 7 0 4 0 4 0 0 9 1 77 8 29 4 0 25 1 2 0 2 14 0 1 7 25 3 14 5 0 1
56 98 235 267 1025 2077 57 20 135 55 97 3370 24 16 10 78 26 239 314 33 335 674 69 29 86 10 13 16 336 279 228 4786 12809 3428 3 7 86 4157 91 40 445 10 52 30 12 54 41 28 14 10 38 94 123 106 117 59 380 766 33 19 166 60 34 23 21 14 183 55 96 25 10 1598 5105 151 1517 16 138 19 318 4 25 5 401 184 307 145 54 13 23 4 16 83 14 12 75 2068 887 164 122 80 29 12 71 122 27 311 15 32 33 42 58 250 38 19 16 17 13 9 32 23 92 102 25 34 20 12 18 15 3 17 51 9 80 241 1 75 27 12 35 95 10 71 22 26 48 32 8 0 55 76 37 1 4 6 1 1 15 21 7 3 19 38 0 19 30 18 20 19 5 20 47 43 10 24 5 27 7 1 30 17 310 69 98 11 5 89 11 3 3 8 71 5 4 41 55 7 45 10 2 22
12 11 23 17 350 275 7 0 3 3 0 71 5 1481 375 100 42 44 63 19 391 996 458 130 73 17 368 481 100 38 153 1327 3428 8892 449 1751 2344 2428 145 82 623 21 216 7 4 26 695 55 27 3 18 33 34 27 29 22 151 3094 2369 4330 88 310 490 285 587 0 86 2075 697 74 29 34 64 41 4798 45 12 4 7 0 4 0 119 63 160 104 222 11 36 6 37 36 9 22 339 1906 18 10 104 235 2 1 6 6 6 19 0 5 2 2 3 15 22 12 4 24 7 13 27 6 70 42 22 23 16 5 15 10 1 10 5 4 9 29 0 46 10 9 20 92 6 35 15 3 22 16 8 1 27 35 31 0 5 1 1 2 0 3 2 1 2 6 0 0 8 14 9 21 8 5 15 18 6 11 2 19 1 2 37 15 26 26 20 11 5 9 1 1 3 7 14 7 0 9 3 0 19 6 2 7
0 0 1 1 7 0 0 0 0 0 0 1 3 4204 177 36 6 28 39 7 16 31 60 507 17 10 1979 192 6 3 26 0 3 449 3188 1369 436 94 10 703 165 27 423 2 1 6 2162 8 29 0 2 2 1 2 3 3 31 101 1239 186 27 29 60 116 76 1 9 561 39 20 9 0 4 8 160 7 0 0 0 0 3 0 5 3 8 2 31 5 10 1 12 24 3 7 186 47 0 1 14 19 0 0 0 0 0 0 0 0 0 0 0 0 12 0 2 8 0 5 4 8 16 59 10 1 0 0 0 2 0 8 0 0 0 4 0 2 0 0 9 10 1 5 1 0 0 6 0 0 7 3 3 1 0 0 0 1 0 0 0 1 0 0 0 0 0 2 3 2 0 0 1 1 0 0 1 4 0 1 3 1 2 2 4 0 0 1 0 0 1 0 0 2 1 1 0 0 0 1 0 2
0 0 0 1 1 3 0 0 0 0 0 1 0 4920 275 12 5 4 1 3 2 18 11 35 0 0 243 105 1 0 4 1 7 1751 1369 3785 1804 160 8 8 17 0 76 0 1 4 374 4 1 0 0 0 0 1 1 0 4 120 3747 950 7 23 52 77 68 0 4 1452 40 10 0 1 2 2 108 0 0 0 0 0 1 1 0 1 1 0 6 1 1 1 7 2 0 2 63 17 0 1 1 6 0 0 0 0 1 0 0 0 0 0 0 0 3 1 0 1 0 0 0 1 4 6 2 1 0 0 0 0 0 1 0 0 0 0 0 2 1 0 1 1 1 0 1 0 0 1 0 0 2 4 2 0 0 0 0 0 0 0 0 0 0 0 0 0 0 0 0 1 0 0 0 0 0 1 0 1 0 0 0 1 0 0 0 2 0 0 0 0 0 0 0 0 0 1 1 0 0 0 0 1
1 2 5 5 33 21 3 0 0 0 1 13 5 2288 583 308 1668 268 581 269 174 574 476 122 58 18 322 524 14 10 30 16 86 2344 436 1804 2837 3457 208 71 482 33 158 6 3 28 460 22 24 0 1 4 4 5 5 7 33 330 1122 655 156 110 199 151 400 0 32 767 386 32 10 7 40 45 524 19 4 3 7 0 13 0 19 15 52 48 38 10 15 4 25 26 3 7 201 137 3 1 51 37 0 3 2 4 4 2 1 3 0 2 0 16 78 40 13 60 13 17 57 18 159 127 65 41 37 13 36 21 7 34 6 5 17 50 0 41 41 23 51 151 9 113 16 1 27 44 2 3 96 41 54 1 3 2 5 0 1 1 1 1 1 3 0 0 7 24 11 20 8 2 21 23 8 34 7 25 1 2 21 5 18 34 21 10 6 5 0 0 0 9 9 7 4 18 3 1 29 9 1 15
18 20 38 47 391 506 19 3 15 5 6 203 89 321 134 520 866 1016 5390 472 483 1379 502 127 185 42 134 174 145 78 183 368 4157 2428 94 160 3457 8841 363 150 725 36 199 1038 44 215 339 80 32 10 16 32 50 59 47 35 193 533 351 329 539 172 199 110 231 32 165 476 458 46 33 186 1616 533 1089 45 47 80 34 3 25 9 168 108 264 165 127 17 46 18 60 52 17 15 196 1279 58 24 186 107 5 11 17 22 23 26 2 3 7 4 7 43 164 111 47 176 58 59 171 80 563 483 213 176 117 30 123 53 21 101 39 18 40 189 3 229 127 87 189 611 15 330 60 15 97 106 20 5 340 202 188 7 7 5 8 6 9 9 3 5 15 20 1 5 42 110 30 71 13 31 97 70 29 111 24 97 6 4 93 29 156 170 186 39 19 47 0 1 6 34 45 20 21 55 13 5 124 44 5 65
0 0 1 3 16 31 3 0 0 0 0 15 56 282 923 1348 201 5378 242 450 25 37 50 207 7 1 161 4291 4 3 19 21 91 145 10 8 208 363 23110 32 210 50 430 16 17 271 46 195 57 5 6 8 3 1 6 2 13 37 25 26 6601 238 357 1581 5468 46 10 33 4022 84 40 33 60 3 111 145 6 6 7 0 20 2 12 7 8 7 7 19 63 13 87 76 7 31 241 73 3 1 7 8 1 3 2 0 1 2 0 2 0 3 1 5 7 23 245 14 7 29 13 518 65 298 26 2 1 5 1 89 1 67 9 10 8 14 5 31 2 1 38 49 120 7 385 0 3 88 169 28 47 1344 12 12 9 1 2 10 0 0 0 0 0 2 0 0 13 6 284 530 59 141 4 8 9 7 33 539 6 6 258 60 7 18 18 5 82 5 2 2 12 1 1 30 17 14 0 1 1 0 3 0
6 3 11 10 31 31 1 0 0 1 1 24 5 498 61 38 67 96 140 71 366 4490 4635 13391 4766 7248 4994 100 108 23 38 4 40 82 703 8 71 150 32 9110 1155 478 2986 33 11 53 5878 70 244 6 7 14 25 57 14 20 198 24 137 19 108 182 112 123 50 3 418 355 42 102 46 31 75 91 80 37 16 0 27 1 27 1 81 77 217 326 310 32 76 21 64 177 20 61 798 64 2 1 425 85 0 3 1 0 0 2 0 0 0 0 0 4 20 11 4 22 1 14 32 4 77 72 50 7 1 3 4 4 1 5 1 0 2 20 0 23 10 5 16 59 2 18 4 0 5 10 1 0 20 19 8 2 7 1 0 2 1 1 2 1 0 0 0 0 0 3 4 8 4 2 0 0 0 2 0 4 0 4 13 2 5 7 29 0 3 0 0 2 8 0 1 11 5 2 0 1 2 4 1 3
806 636 1267 700 677 946 157 85 30 74 39 833 28 672 989 699 263 478 266 302 2388 2031 7426 1902 460 476 661 118 277 319 590 155 445 623 165 17 482 725 210 1155 9885 3260 2224 93 79 207 538 444 2058 52 867 665 58 67 1734 1945 637 171 83 47 751 654 320 110 83 24 278 296 401 773 435 254 370 93 644 295 165 8 192 35 841 64 1136 147 1050 412 216 555 816 225 736 4278 564 1010 2064 744 95 61 397 219 5 8 38 30 5 118 1 7 5 7 13 41 16 10 8 9 15 7 12 7 43 43 20 25 23 4 10 4 3 11 29 7 26 98 1 84 13 10 31 87 2 30 6 18 34 15 8 1 34 41 53 19 34 4 1 30 32 21 50 23 19 45 1 6 27 13 14 19 10 20 52 39 25 27 6 14 16 25 96 15 88 80 39 23 17 42 35 19 123 6 59 106 12 36 6 2 24 4 3 12
0 1 1 2 12 11 1 0 0 0 0 1 1 44 57 63 13 65 27 24 49 161 3124 3364 61 229 101 14 12 5 13 3 10 21 27 0 33 36 50 478 3260 5239 6329 11 18 55 164 117 1185 9 29 11 1 4 13 7 32 9 6 1 191 154 77 17 10 0 48 52 96 171 86 5 11 9 30 82 2 0 2 0 69 5 14 6 18 28 24 75 181 53 201 528 38 149 591 17 3 0 20 8 0 0 0 0 0 0 0 0 0 1 0 1 0 0 1 0 1 2 2 2 7 2 5 0 1 0 1 0 0 1 0 0 0 4 0 0 0 2 2 3 0 0 2 0 0 3 2 0 3 14 0 2 6 0 0 3 1 0 1 7 0 0 0 0 1 0 1 7 0 4 0 1 0 1 1 4 0 2 18 6 0 1 3 0 3 0 2 5 7 0 1 17 4 1 0 0 0 0 0 0
5 6 7 7 48 31 4 3 1 1 1 17 121 440 192 112 45 771 342 66 103 378 2093 3558 298 387 2440 571 109 29 129 8 52 216 423 76 158 199 430 2986 2224 6329 6431 144 144 1384 1754 447 1593 15 32 23 15 32 21 26 265 100 315 74 3380 598 894 6696 891 45 262 716 1239 352 142 38 94 51 318 610 23 4 36 1 118 7 44 51 78 141 192 128 448 186 2213 655 57 246 3904 137 2 1 158 126 0 1 0 0 1 1 0 1 0 0 0 1 3 8 19 13 2 8 13 94 38 84 25 3 2 3 2 8 0 8 2 2 3 5 1 12 2 3 19 27 9 14 24 0 2 19 42 2 18 437 4 13 18 0 0 25 4 2 2 8 0 0 0 0 8 1 93 105 26 64 4 4 8 4 34 135 3 5 292 72 3 6 14 2 66 1 8 8 33 0 0 75 14 2 0 0 1 0 1 0
2 3 3 1 6 14 2 1 18 11 9 20 3682 2 4 11 8 130 2234 47 39 153 25 25 50 12 7 12 11 6 11 4 30 7 2 0 6 1038 16 33 93 11 144 11173 3301 918 38 112 26 712 17 182 14 14 18 5 24 1 2 1 120 61 51 20 9 584 27 9 50 34 48 439 1905 4982 16 25 3105 4915 4142 140 66 312 54 18 49 26 23 162 294 302 508 35 8 13 219 19 168 12 36 10 7 5 3 4 9 8 0 5 1 2 2 20 77 69 148 79 31 143 130 284 408 1336 219 79 66 20 63 47 8 83 11 9 24 130 4 188 42 25 172 440 89 148 56 13 74 62 54 23 244 362 98 14 32 3 4 33 7 5 11 13 2 12 0 3 27 36 63 81 33 127 45 42 20 56 40 110 7 14 351 96 78 103 505 13 45 13 9 12 33 18 20 89 14 33 6 4 54 27 6 28
2 1 1 1 4 7 5 1 60 39 17 6 2107 4 6 2 6 45 386 7 5 12 22 16 3 3 3 3 1 5 2 2 12 4 1 1 3 44 17 11 79 18 144 3301 13042 3007 10 176 82 6271 10 117 7 1 10 1 8 6 3 2 116 148 146 21 21 4427 10 12 113 116 154 135 173 459 15 57 2003 1060 517 116 213 489 11 1 3 7 5 612 2061 4778 3405 43 6 30 441 8 735 41 4 5 0 0 0 0 1 2 1 2 0 1 2 2 4 2 87 12 7 10 6 95 12 58 6 3 2 4 4 7 2 3 18 22 5 13 5 21 1 2 20 33 9 11 19 3 8 129 517 8 37 1443 7 112 254 4 3 269 22 11 23 85 1 6 0 2 22 6 161 305 172 928 4 21 22 10 218 369 26 116 3631 851 6 14 17 12 371 20 49 198 309 4 2 1196 95 23 4 2 2 1 3 2
0 1 1 3 9 7 0 0 3 4 0 12 3892 23 40 76 24 1234 1644 64 7 18 51 459 24 11 140 253 8 4 10 4 54 26 6 4 28 215 271 53 207 55 1384 918 3007 5226 55 210 84 34 9 10 2 2 7 4 25 14 18 8 392 158 166 651 272 2600 13 25 221 85 63 71 198 147 54 126 142 91 120 3 42 6 8 5 14 9 14 32 192 104 2642 101 12 39 690 19 20 2 9 10 0 10 0 0 6 4 0 7 0 0 2 14 19 29 917 38 26 41 25 1142 151 855 65 2 1 8 3 158 1 87 46 45 16 60 12 54 2 6 101 119 184 14 666 4 8 321 745 74 221 5232 19 31 75 4 6 42 1 2 1 6 0 1 0 2 54 16 911 1256 180 1664 6 49 62 33 185 1579 6 21 1897 524 42 52 108 25 547 23 4 21 33 1 3 145 53 53 7 1 4 1 4 1
20 10 12 13 51 37 2 4 0 0 4 27 3 1503 94 22 73 44 93 53 212 923 592 2329 3825 183 999 151 166 41 145 9 41 695 2162 374 460 339 46 5878 538 164 1754 38 10 55 8849 98 129 5 15 23 36 78 21 17 508 186 1525 249 113 355 330 274 153 3 721 2376 125 122 32 37 96 108 455 24 26 2 37 2 20 4 147 152 256 500 2160 21 67 22 68 102 12 51 1019 139 8 4 566 289 0 0 0 0 3 0 0 0 1 0 1 2 21 11 0 31 7 21 38 2 112 81 67 12 14 1 8 6 4 7 2 0 7 36 0 47 16 6 37 103 0 42 5 0 18 9 2 0 39 34 16 3 8 0 0 4 0 0 1 0 0 3 0 1 4 7 5 5 7 3 4 3 1 2 4 11 0 3 20 6 10 10 34 2 5 1 0 1 7 2 3 24 4 9 0 1 8 4 1 2
4 2 5 3 16 20 2 0 1 1 2 7 66 26 94 47 22 235 114 34 16 47 121 83 33 15 31 19 17 11 47 7 28 55 8 4 22 80 195 70 444 117 447 112 176 210 98 17287 389 56 34 36 4 6 17 8 66 30 26 7 2562 9002 897 85 110 45 51 65 5926 882 5494 21 45 14 145 9057 21 2 20 4 470 20 15 14 16 28 32 1006 5623 374 3752 327 42 169 1590 70 5 2 26 36 0 1 0 0 0 0 0 1 0 0 0 2 3 1 4 3 3 4 2 9 3 13 3 1 0 2 3 3 0 0 5 9 0 3 1 9 1 1 1 11 0 9 1 0 1 73 75 1 9 106 4 134 218 11 4 298 10 7 11 95 0 0 0 0 5 1 23 97 113 49 1 8 3 4 35 35 36 129 782 118 3 10 15 1 158 5 104 128 498 0 0 999 162 5 3 1 1 0 0 1
10 5 10 11 17 9 2 1 0 2 0 7 15 51 59 57 4 75 36 17 34 169 568 581 59 84 83 14 28 8 31 5 14 27 29 1 24 32 57 244 2058 1185 1593 26 82 84 129 389 7167 21 50 15 6 10 24 18 78 8 16 4 432 449 257 28 24 16 77 62 234 382 158 10 10 5 49 274 9 3 12 1 117 4 16 14 23 31 31 131 482 183 596 3823 126 2000 8192 24 0 0 36 25 0 0 0 0 0 0 0 0 0 0 0 0 0 0 2 0 0 1 2 1 2 7 3 0 0 0 2 1 0 0 2 1 0 0 0 3 0 0 3 8 0 1 1 0 2 13 2 2 1 22 1 9 27 0 0 17 3 3 3 20 0 0 0 0 1 0 5 8 11 4 1 1 1 0 4 8 4 11 64 12 0 1 3 1 17 0 9 7 43 0 0 77 8 0 0 0 0 0 0 0
4 0 2 0 2 1 1 4 91 15 7 2 84 1 2 3 2 1 23 3 3 5 8 2 3 1 1 0 2 1 4 2 10 3 0 0 0 10 5 6 52 9 15 712 6271 34 5 56 21 10182 58 1121 5 0 21 2 2 0 1 0 33 60 38 8 3 1584 5 1 36 66 121 57 62 789 7 35 1232 494 216 1169 605 8155 23 6 2 3 2 3223 1599 5567 532 33 11 15 100 6 740 21 2 4 2 0 3 0 1 4 1 5 1 4 0 5 0 0 5 0 0 1 0 9 0 1 3 1 1 2 1 1 0 3 4 4 1 1 0 4 2 3 1 5 1 5 1 7 4 67 119 2 6 106 2 217 355 5 7 325 129 43 152 279 3 1 0 0 3 2 9 55 68 152 1 4 3 1 48 24 95 202 1252 151 10 6 10 3 140 7 177 547 1133 0 5 1685 187 4 3 0 2 2 0 1
214 85 217 69 117 70 53 49 6 30 12 83 1 1 8 13 4 15 8 4 14 26 35 27 15 4 5 2 63 84 62 15 38 18 2 0 1 16 6 7 867 29 32 17 10 9 15 34 50 58 13994 18215 19 7 1137 147 48 4 1 0 30 38 19 1 3 24 51 10 12 165 18 40 32 69 26 15 36 7 32 388 1361 135 854 92 110 73 14 254 74 25 43 10757 5851 365 166 31 28 21 24 5 6 1 6 6 2 8 1 1 0 1 2 8 0 0 0 1 1 0 3 1 3 4 0 2 2 0 1 0 0 0 8 1 2 9 3 20 1 0 8 13 1 1 0 6 10 2 2 0 4 4 9 4 4 2 0 6 278 134 353 204 13 2 0 0 5 1 0 1 0 0 5 2 3 8 1 0 77 22 6 3 20 15 8 6 0 11 97 6 91 1 16 17 27 13 1 1 3 3 0 0
460 208 503 166 215 139 146 104 42 106 25 170 10 1 4 5 3 13 6 3 20 28 29 12 23 4 6 1 143 175 101 23 94 33 2 0 4 32 8 14 665 11 23 182 117 10 23 36 15 1121 18215 29089 38 47 2457 196 122 8 2 1 35 32 22 3 4 659 103 12 21 373 66 116 106 623 36 19 521 163 134 11092 5273 3649 1917 169 252 127 25 2580 506 186 86 2899 4130 79 84 68 339 73 48 13 64 8 35 31 11 43 9 16 9 3 6 24 1 0 0 0 5 0 5 0 8 2 1 14 6 1 5 0 0 0 19 9 20 38 2 54 0 1 13 25 0 9 0 75 36 7 22 0 16 0 17 23 28 8 2 80 2107 1410 3836 1053 164 20 0 3 15 5 0 6 5 23 42 13 13 18 3 1 544 118 60 7 49 39 36 8 5 46 766 94 826 4 180 158 179 18 22 11 9 8 0 3
809 229 563 164 345 261 757 304 86 293 69 383 0 1 1 0 0 9 10 2 23 61 16 12 65 6 6 0 3598 621 231 43 123 34 1 0 4 50 3 25 58 1 15 14 7 2 36 4 6 5 19 38 8920 6401 5592 10 339 14 3 0 3 18 9 1 6 3 567 33 6 3 0 155 109 112 42 1 175 7 117 3 5 6 1520 824 57 77 57 4 3 2 3 24 1 3 20 111 322 3866 68 64 2 4 15 26 0 40 0 10 7 5 6 37 3 2 1 1 7 1 4 0 9 2 2 20 10 0 1 1 0 1 13 5 10 41 2 72 2 2 18 42 1 11 0 11 31 6 0 0 10 1 33 0 0 1 0 0 1 8 0 1 13 16 1 3 15 6 1 0 2 3 30 14 16 25 1 1 0 0 1 0 54 38 23 10 0 20 0 0 1 2 21 0 0 21 7 2 30 5 0 4
599 164 386 138 348 202 476 121 29 123 31 181 0 8 3 1 5 2 15 3 40 81 35 10 123 3 3 4 7841 663 233 28 106 27 2 1 5 59 1 57 67 4 32 14 1 2 78 6 10 0 7 47 6401 8699 723 14 569 6 2 2 8 21 15 5 10 1 2431 53 6 16 7 80 98 109 52 1 86 3 68 1 7 2 2386 8501 90 233 131 6 7 1 3 28 1 9 48 140 75 2537 146 109 2 1 11 13 4 28 1 1 2 1 2 20 2 2 1 3 6 0 3 1 16 6 5 14 4 5 1 0 0 4 9 1 9 32 2 38 2 0 13 39 0 6 2 12 21 2 0 0 3 1 17 0 0 2 0 0 3 6 0 0 3 10 0 2 14 2 2 0 0 0 12 17 7 16 0 1 0 0 0 1 36 24 23 7 0 7 1 0 0 3 14 0 0 15 5 2 22 3 2 2
551 180 472 134 238 206 374 187 26 139 37 209 0 3 6 6 2 4 7 3 49 44 25 12 27 3 8 3 851 307 123 27 117 29 3 1 5 47 6 14 1734 13 21 18 10 7 21 17 24 21 1137 2457 5592 723 17364 577 131 9 5 1 25 28 15 1 2 5 174 18 14 66 18 97 99 91 39 13 113 3 90 147 285 45 5064 407 306 99 26 97 39 12 21 1206 130 53 64 90 107 994 43 19 4 5 19 23 4 41 1 2 8 2 8 29 5 2 1 1 11 0 6 0 10 2 1 16 15 2 4 3 1 0 20 6 10 43 2 65 6 2 17 42 0 17 0 13 28 5 0 0 13 2 37 3 1 1 0 0 45 19 46 18 12 14 1 3 19 4 0 3 0 0 27 17 19 38 1 0 9 3 2 0 49 54 22 14 0 21 10 1 12 5 27 4 3 27 3 2 21 10 2 10
253 144 346 141 171 168 44 46 5 23 8 117 0 4 7 5 5 8 3 7 1948 300 41 16 85 2 4 0 76 102 125 22 59 22 3 0 7 35 2 20 1945 7 26 5 1 4 17 8 18 2 147 196 10 14 577 4298 129 3 1 0 18 18 7 1 2 2 72 25 12 44 14 59 57 35 26 2 36 0 38 13 76 6 7308 116 2493 363 32 23 21 5 7 527 68 49 53 79 10 21 235 16 2 0 8 6 1 10 1 0 0 0 4 13 2 1 0 1 4 0 3 0 5 3 3 2 2 1 4 0 0 1 8 3 5 16 0 17 1 1 8 16 0 5 0 3 11 0 1 0 5 4 9 0 1 0 0 0 2 2 2 5 3 7 0 3 4 2 0 2 1 0 15 6 4 3 0 3 0 1 3 0 21 18 8 1 0 12 3 1 6 1 12 1 0 7 0 1 5 2 2 1
114 108 111 232 4207 749 89 12 16 10 18 381 2 69 13 13 23 20 36 8 336 591 146 145 504 25 103 27 4101 2961 8916 107 380 151 31 4 33 193 13 198 637 32 265 24 8 25 508 66 78 2 48 122 339 569 131 129 6700 69 25 5 63 380 280 96 60 1 2337 480 104 145 42 276 209 120 1333 21 172 2 124 5 54 4 639 524 700 670 1444 44 83 18 38 174 35 53 555 2174 102 188 2625 6875 16 8 57 79 16 157 4 9 22 4 40 103 5 2 0 3 10 3 8 2 34 24 19 14 10 1 8 2 0 7 24 6 27 107 2 83 2 4 20 53 1 15 5 23 37 6 2 0 14 18 13 4 2 9 0 2 11 10 10 1 23 30 1 10 16 6 1 4 0 1 52 32 7 22 2 6 5 1 17 7 141 44 36 3 4 48 4 1 4 8 68 13 5 25 15 5 31 8 1 4
0 1 4 11 185 183 3 1 1 1 0 13 0 382 144 12 12 18 10 3 71 221 67 68 15 3 159 176 32 24 43 660 766 3094 101 120 330 533 37 24 171 9 100 1 6 14 186 30 8 0 4 8 14 6 9 3 69 4925 986 4007 49 216 273 131 282 4 22 1285 330 48 14 2 106 17 10126 22 4 0 1 1 4 0 39 17 36 15 257 2 13 10 38 17 2 15 215 1223 11 1 21 255 0 0 0 3 2 1 0 1 0 0 0 2 5 2 2 2 1 2 4 5 15 12 7 3 4 0 1 0 1 2 1 0 2 5 0 8 0 0 5 16 1 7 2 1 6 3 2 0 5 16 6 1 1 0 0 1 1 1 0 1 0 0 0 0 0 2 3 6 4 1 2 1 1 5 1 5 0 1 14 8 5 8 3 0 2 4 1 0 2 2 1 4 0 1 0 0 3 1 0 2
0 1 1 1 17 7 2 1 0 0 0 3 0 3179 237 18 20 18 10 4 28 66 65 197 15 6 438 247 7 6 24 4 33 2369 1239 3747 1122 351 25 137 83 6 315 2 3 18 1525 26 16 1 1 2 3 2 5 1 25 986 3768 3411 42 138 194 185 223 0 15 2438 130 17 6 2 14 17 841 7 0 0 0 0 3 0 9 7 6 4 43 4 16 3 19 7 1 7 275 91 1 0 11 38 1 0 0 0 0 0 0 0 0 0 0 1 1 2 3 5 2 4 6 5 25 23 10 6 3 1 3 2 0 3 1 0 0 5 0 11 4 3 8 23 0 9 6 0 3 1 1 0 7 6 2 1 2 0 1 0 0 0 0 1 0 0 0 0 1 2 3 5 2 2 0 0 2 2 2 6 1 1 6 4 4 4 3 0 0 0 0 0 1 0 0 1 1 1 0 0 2 0 0 1
0 0 0 0 10 1 0 0 0 0 0 2 0 539 122 9 8 5 11 4 20 46 34 38 0 0 139 139 1 4 4 4 19 4330 186 950 655 329 26 19 47 1 74 1 2 8 249 7 4 0 0 1 0 2 1 0 5 4007 3411 3048 18 62 115 100 168 0 2 1271 108 15 1 1 6 2 1243 6 0 0 1 0 1 0 2 0 6 1 49 2 6 1 8 3 3 3 92 71 0 1 3 36 0 0 0 0 0 0 0 0 0 0 0 0 1 2 1 1 1 1 2 3 2 3 1 0 0 1 0 0 0 0 0 1 0 2 0 2 0 1 0 4 1 3 1 0 2 0 1 0 4 7 1 0 0 0 0 0 0 0 0 0 0 0 0 0 0 0 3 2 1 1 1 0 0 2 0 0 0 0 4 2 1 0 1 1 1 0 1 0 0 0 1 2 0 0 0 0 0 0 0 0
3 4 6 6 30 49 0 0 0 1 0 18 63 84 218 328 127 6362 417 404 25 60 150 581 30 29 128 134 37 11 43 20 166 88 27 7 156 539 6601 108 751 191 3380 120 116 392 113 2562 432 33 30 35 3 8 25 18 63 49 42 18 10675 1758 983 1137 292 225 40 103 5896 635 499 73 192 20 130 10651 27 6 38 0 166 14 31 23 33 30 48 203 1041 142 3536 507 65 248 3161 92 5 0 29 39 2 5 2 1 2 5 0 1 0 1 4 7 24 26 456 33 27 35 19 328 83 337 42 2 1 7 5 78 0 32 50 55 12 34 6 44 2 6 58 93 88 8 192 1 9 252 718 47 164 2353 20 57 86 4 8 98 6 2 4 17 0 5 0 2 52 21 388 785 174 450 10 44 65 38 195 1013 9 41 1765 626 20 39 41 24 553 31 13 37 76 7 5 244 79 50 4 3 14 2 3 2
9 14 29 29 108 58 4 0 2 3 2 42 37 140 220 156 49 370 84 60 36 139 200 219 117 48 94 63 151 47 271 11 60 310 29 23 110 172 238 182 654 154 598 61 148 158 355 9002 449 60 38 32 18 21 28 18 380 216 138 62 1758 19388 11990 813 667 33 210 493 3871 9560 2286 31 72 14 949 1111 16 2 13 10 285 66 44 38 43 84 209 420 964 298 1430 480 65 974 3546 496 7 5 92 205 0 1 0 0 2 0 0 0 0 0 0 0 0 1 4 3 1 7 3 16 13 20 5 0 1 2 2 5 1 3 3 3 1 3 0 6 1 0 2 5 1 7 11 4 1 49 50 2 12 65 6 179 250 6 5 199 32 11 35 184 1 1 0 0 3 3 11 71 52 38 2 9 3 1 30 33 77 212 434 77 2 9 9 2 81 6 143 104 724 0 0 768 163 3 2 0 1 2 0 0
8 7 8 17 93 55 4 0 1 0 0 21 34 315 448 230 36 253 75 44 28 92 113 134 55 18 135 189 75 34 216 18 34 490 60 52 199 199 357 112 320 77 894 51 146 166 330 897 257 38 19 22 9 15 15 7 280 273 194 115 983 11990 29418 5467 5074 26 136 589 7960 2068 421 17 67 8 1070 661 7 1 22 2 97 18 22 39 19 44 200 133 509 205 1237 333 75 849 6899 409 2 3 46 171 0 0 0 0 0 0 0 0 0 0 0 1 2 4 11 4 2 8 4 35 12 28 8 1 1 0 1 3 2 4 5 4 3 2 2 8 1 1 3 12 10 4 17 0 2 31 57 3 10 120 3 48 94 1 3 119 10 4 9 40 2 2 0 0 6 1 18 65 59 27 2 4 8 3 39 47 15 56 395 90 1 3 7 4 74 4 24 64 145 1 0 318 50 6 3 0 2 0 2 0
1 1 4 2 26 9 1 0 0 0 0 5 49 369 473 160 22 296 127 19 14 37 31 372 24 6 1040 610 28 15 74 7 23 285 116 77 151 110 1581 123 110 17 6696 20 21 651 274 85 28 8 1 3 1 5 1 1 96 131 185 100 1137 813 5467 8364 3923 15 52 378 2111 182 40 9 32 8 408 101 5 2 4 0 17 2 6 8 8 12 72 24 95 24 257 36 5 62 4183 135 2 2 16 56 0 0 0 0 1 0 0 0 0 0 0 5 7 9 84 9 8 6 6 144 33 69 9 1 1 1 0 18 1 10 13 8 1 12 5 19 2 0 15 21 22 5 79 0 0 64 107 6 35 1015 3 11 12 1 0 7 0 2 0 6 0 1 0 0 15 3 261 249 43 66 2 10 11 3 41 375 3 5 395 89 7 9 6 4 127 8 0 4 17 1 0 25 14 8 0 0 2 0 0 0
1 0 3 5 34 17 0 0 1 0 0 11 56 773 1524 818 100 514 141 135 21 39 46 218 6 3 1357 3056 22 15 57 9 21 587 76 68 400 231 5468 50 83 10 891 9 21 272 153 110 24 3 3 4 6 10 2 2 60 282 223 168 292 667 5074 3923 7392 18 29 408 5488 123 33 10 31 5 648 71 1 2 3 1 16 0 9 5 11 8 92 21 63 26 117 53 5 43 1332 204 1 2 11 74 0 0 0 0 1 0 0 1 0 0 0 2 6 7 103 14 5 8 8 249 27 117 9 1 2 3 0 27 3 16 4 4 2 14 0 16 3 3 12 25 25 7 157 0 1 44 100 5 30 890 7 16 14 0 0 7 1 0 0 1 0 0 0 0 14 4 223 277 40 55 3 11 8 7 24 323 1 5 247 64 7 10 4 4 68 3 3 0 6 0 1 37 8 14 1 0 2 1 0 1
1 0 0 2 4 6 1 0 25 10 6 7 2769 4 1 9 1 314 843 8 3 5 3 8 0 0 3 16 5 2 0 4 14 0 1 0 0 32 46 3 24 0 45 584 4427 2600 3 45 16 1584 24 659 3 1 5 2 1 4 0 0 225 33 26 15 18 1814 3 0 33 6 32 33 60 874 4 20 622 867 107 351 80 668 8 1 4 2 2 163 274 372 876 16 6 3 89 4 426 15 2 6 0 0 0 0 1 2 0 0 0 1 1 6 2 4 212 7 3 6 4 232 30 293 16 0 0 0 0 15 0 8 5 3 2 15 0 8 1 0 30 13 40 1 52 0 3 34 193 16 41 1001 3 7 36 1 0 41 18 1 24 17 0 1 0 0 4 2 66 89 20 3888 1 4 4 2 24 109 9 10 675 104 10 10 198 3 72 11 11 20 48 0 2 151 15 4 3 0 2 0 1 1
283 179 420 212 447 326 68 48 17 33 14 205 3 30 14 4 23 24 55 34 144 435 233 184 1241 61 67 26 5108 883 837 49 183 86 9 4 32 165 10 418 278 48 262 27 10 13 721 51 77 5 51 103 567 2431 174 72 2337 22 15 2 40 210 136 52 29 3 10136 492 53 89 31 146 267 212 401 16 150 0 169 12 40 5 1418 5920 1098 6449 1578 24 51 11 36 124 18 35 378 446 87 68 2603 2441 5 1 17 21 5 44 1 5 4 5 6 19 7 6 0 12 12 2 12 1 48 27 42 31 14 2 17 2 2 12 18 6 16 52 2 95 6 4 31 87 0 33 3 5 26 4 3 0 28 13 43 1 2 3 0 3 3 12 5 2 12 16 0 9 5 1 2 4 2 0 26 25 11 23 0 8 2 2 7 0 71 41 35 13 2 25 0 3 0 3 39 10 2 19 4 2 18 6 1 7
12 11 19 12 63 23 3 1 1 1 0 17 3 2005 332 47 27 28 62 26 116 369 197 515 790 25 692 391 153 33 143 12 55 2075 561 1452 767 476 33 355 296 52 716 9 12 25 2376 65 62 1 10 12 33 53 18 25 480 1285 2438 1271 103 493 589 378 408 0 492 3131 338 142 33 27 97 85 3191 21 26 2 46 2 13 1 89 99 162 337 4637 15 66 19 54 66 5 45 809 362 10 5 385 1309 0 0 0 1 1 3 1 2 0 0 0 0 10 10 2 11 8 11 26 10 55 25 28 11 14 3 10 3 2 2 4 2 4 21 2 42 8 4 32 76 3 28 3 0 16 9 8 2 30 28 21 1 4 1 0 0 0 0 0 2 1 1 1 0 2 5 10 8 0 4 8 5 4 8 4 10 1 1 27 10 8 16 17 1 5 2 6 5 7 3 4 11 4 5 1 0 10 4 1 1
2 4 1 4 90 41 0 1 0 1 0 21 32 603 1365 842 258 1634 129 323 35 92 95 101 15 5 80 392 41 16 106 27 96 697 39 40 386 458 4022 42 401 96 1239 50 113 221 125 5926 234 36 12 21 6 6 14 12 104 330 130 108 5896 3871 7960 2111 5488 33 53 338 15815 775 423 18 91 9 1036 8251 10 2 17 3 115 6 19 15 18 27 118 126 662 122 1437 187 41 155 2815 339 4 2 24 87 0 2 1 0 1 1 0 3 0 0 0 4 3 7 85 19 11 10 16 93 26 57 16 6 4 1 7 10 2 3 35 31 7 12 1 30 2 2 18 42 17 8 27 3 2 137 305 7 61 851 16 44 99 2 0 200 3 3 8 20 0 3 0 1 38 8 195 353 136 99 8 30 32 19 158 427 10 52 1514 477 9 11 13 14 280 13 13 70 95 2 1 422 76 18 2 0 3 3 0 5
46 21 44 21 64 36 11 9 5 9 3 31 17 46 48 63 9 97 43 15 28 93 156 150 62 26 61 14 58 34 92 6 25 74 20 10 32 46 84 102 773 171 352 34 116 85 122 882 382 66 165 373 3 16 66 44 145 48 17 15 635 9560 2068 182 123 6 89 142 775 8140 1711 12 22 12 220 300 15 2 23 45 2660 252 57 25 47 55 61 629 797 219 594 717 2557 2796 3403 126 12 2 37 53 1 1 3 0 0 0 0 2 0 0 0 0 1 1 1 0 0 1 1 2 1 4 1 0 0 0 0 0 0 0 1 2 1 0 0 1 0 0 2 4 1 3 2 3 3 21 18 1 10 27 4 144 135 4 2 123 121 122 206 448 1 0 0 0 2 1 10 18 16 12 3 1 1 0 8 13 183 218 177 28 3 0 12 2 32 8 388 80 1044 0 5 451 167 0 3 0 0 0 0 1
14 6 13 4 12 8 1 2 3 5 0 12 16 8 21 24 4 66 22 10 9 45 88 62 19 12 21 3 13 12 26 4 10 29 9 0 10 33 40 46 435 86 142 48 154 63 32 5494 158 121 18 66 0 7 18 14 42 14 6 1 499 2286 421 40 33 32 31 33 423 1711 4643 9 17 19 54 404 27 2 13 41 6834 194 23 7 15 19 24 2252 3209 311 758 193 95 215 600 25 21 0 16 11 0 0 0 0 0 0 0 0 1 0 0 1 0 0 0 2 0 1 1 2 1 6 1 0 1 3 3 2 0 0 1 0 0 1 0 2 0 0 0 1 0 5 0 1 4 34 29 0 3 34 2 135 150 3 3 135 73 50 76 325 1 0 0 0 2 0 4 14 28 17 0 1 1 1 12 14 124 240 200 23 1 5 8 0 42 7 285 101 1047 0 0 469 145 0 0 1 0 1 0 1
