36678 7817 6452 4445 734 4533 15248 12253 119 233 45 1340 0 0 2 3 0 0 4 0 153 32 0 6 15 1 8 7 12770 7901 395 74 204 14 2 0 4 33 2 11 1253 1 6 0 0 2 18 65 31 2 70 159 421 1198 211 129 361 5 2 0 5 125 18 5 8 0 659 16 46 54 23 129 42 19 70 7 25 1 106 14 89 7 2630 2374 1123 565 11 47 46 4 14 235 25 50 42 95 31 2558 26 76 43 20 82 253 44 312 7 7 26 38 48 253 0 0 0 0 0 0 0 0 3 1 0 8 6 2 0 0 0 0 23 3 101 161 0 46 0 1 28 8 1 3 0 12 45 0 1 0 4 0 1 1 0 5 0 0 4 10 5 3 30 10 7 17 10 1 0 0 1 0 25 13 2 2 2 3 2 0 1 0 144 28 3 2 1 49 4 1 5 0 34 8 1 14 79 11 15 1 0 3
7817 10338 2535 12580 874 4660 155 209 22 47 17 1656 1 0 1 1 0 0 2 1 79 18 1 3 5 0 0 1 326 3029 29 55 184 1 0 0 2 8 0 3 606 2 1 0 0 2 3 14 6 1 19 39 17 173 53 51 26 0 0 0 1 9 4 2 2 0 233 3 6 15 7 118 15 5 12 2 13 1 64 2 42 2 626 764 570 277 3 14 21 3 8 68 8 17 16 8 44 85 8 2 69 40 155 413 50 484 7 18 27 59 78 459 1 0 1 0 0 0 0 1 2 1 1 9 5 0 1 0 0 0 28 4 137 172 0 57 0 0 25 10 1 0 1 18 58 1 1 0 2 1 1 0 0 10 0 1 3 8 0 0 41 13 9 19 11 1 1 0 0 0 63 19 2 0 0 2 2 0 0 0 183 27 4 0 3 50 1 0 6 0 50 1 2 22 133 13 15 0 0 6
6452 2535 31224 3235 45 2054 306 12034 131 4751 141 12655 0 0 0 1 0 0 1 0 116 23 6 4 5 0 1 0 415 156 38 46 202 2 0 0 4 20 1 2 952 0 4 1 0 2 11 20 18 3 53 91 63 394 97 116 31 2 0 0 2 8 7 2 1 3 377 10 4 30 11 140 21 6 24 6 51 0 68 6 79 13 1365 1400 852 357 3 38 28 7 11 177 34 38 35 21 64 226 11 10 90 48 359 567 60 642 23 15 34 114 106 618 0 0 0 0 3 0 2 0 2 0 0 9 5 1 1 0 0 0 33 4 191 191 0 67 0 0 30 7 1 1 1 31 69 3 1 0 1 5 2 1 0 14 0 2 5 15 4 1 60 24 7 29 16 0 1 1 0 2 59 17 4 2 0 3 3 1 3 0 257 29 7 0 4 60 2 1 2 5 68 4 0 20 180 22 19 2 0 1
4445 12580 3235 20069 3445 15079 53 76 21 65 27 3574 0 0 1 2 0 1 2 0 85 18 0 3 0 0 0 1 172 2939 50 45 219 2 0 0 2 9 0 6 439 0 4 2 0 0 3 7 8 2 14 23 6 76 25 36 55 1 0 0 0 9 2 1 1 0 151 1 7 12 2 145 7 4 13 0 12 0 60 1 21 6 300 423 404 274 4 16 15 1 7 37 7 10 4 13 47 58 15 4 59 26 285 467 53 479 10 12 33 67 110 500 1 0 0 1 1 0 1 1 2 0 1 8 7 1 0 0 0 0 27 4 163 176 1 64 0 0 34 1 2 1 0 11 59 1 0 1 0 1 3 0 0 4 0 1 3 11 2 1 33 20 10 25 16 0 0 1 0 0 35 22 0 1 0 0 2 1 0 0 198 18 7 0 3 54 1 0 3 1 41 3 0 16 135 20 10 2 0 2
734 874 45 3445 9028 9787 481 79 17 27 26 1609 1 12 13 28 8 1 3 2 377 253 20 11 18 1 17 86 1962 7949 3656 2209 1565 200 8 0 28 228 88 12 685 1 12 4 0 9 27 626 12 2 19 49 77 245 49 64 3957 72 10 2 7 1027 112 31 187 1 545 11 696 135 88 308 224 8 386 94 12 1 100 4 65 5 650 860 974 693 17 16 57 1 33 65 8 28 40 2591 41 296 131 1201 45 38 101 350 59 338 9 7 27 47 59 354 0 1 2 2 1 0 3 2 12 5 1 9 5 0 0 1 0 0 33 3 115 149 0 52 4 1 34 9 7 5 3 16 43 2 4 2 13 19 3 7 7 0 0 7 4 12 4 1 30 13 7 19 23 2 3 8 3 4 44 19 3 3 15 8 1 2 10 0 180 19 9 1 9 50 6 2 8 2 37 11 2 20 115 16 19 1 0 3
4533 4660 2054 15079 9787 27868 291 236 100 344 152 21826 0 3 4 13 2 1 9 3 576 302 11 5 14 2 2 20 602 4848 714 6518 3403 146 3 0 16 171 23 3 1137 0 7 2 2 3 18 266 21 5 31 66 39 240 51 110 830 96 4 0 2 259 29 10 33 0 467 15 167 50 34 532 202 25 212 41 43 1 197 11 50 8 1021 1138 1508 1090 8 29 43 6 13 80 17 23 25 602 221 235 156 53 262 122 527 1508 159 1614 60 52 137 295 354 1693 1 1 1 3 1 0 0 0 3 4 3 26 17 1 1 2 0 0 75 5 451 527 0 122 0 1 70 26 0 3 0 33 105 1 4 2 6 12 9 1 1 20 0 2 11 27 2 5 101 45 23 85 29 5 3 5 0 4 125 40 5 0 4 2 10 2 9 0 639 58 18 4 5 171 9 1 17 6 121 7 9 40 556 73 38 7 2 4
15248 155 306 53 481 291 19452 9263 2240 1757 509 1314 0 2 1 3 1 0 1 0 26 16 0 3 4 0 2 5 4320 3021 409 44 92 10 1 0 3 19 10 1 161 1 2 2 0 1 5 52 0 2 7 20 250 361 104 22 440 3 0 0 0 117 15 3 16 0 88 1 69 18 5 53 35 12 28 12 83 0 53 0 21 4 724 376 130 81 1 10 14 1 10 39 4 6 5 83 64 6725 15 70 37 5 20 77 13 110 9 19 28 34 40 104 0 0 0 0 0 0 1 0 2 1 0 4 0 0 1 1 0 0 4 3 27 25 0 16 0 0 13 2 0 1 0 2 8 0 0 0 0 2 0 0 1 0 0 2 1 2 0 0 5 3 2 5 2 0 1 0 0 0 7 0 0 0 1 0 1 1 2 0 39 9 5 0 2 10 0 0 2 0 6 1 0 5 39 13 3 0 0 1
12253 209 12034 76 79 236 9263 25356 1834 18265 2618 11547 0 2 2 1 0 0 1 0 31 10 1 1 2 0 1 0 878 764 36 28 98 6 0 0 1 14 0 10 600 1 2 0 0 1 6 17 10 9 61 103 289 886 171 112 35 5 1 0 0 20 14 3 2 2 283 13 4 26 17 20 25 19 26 2 708 1 38 6 65 10 2326 1554 620 202 9 32 28 2 8 166 22 34 34 19 40 1653 8 14 43 5 33 66 6 118 8 10 17 48 51 126 1 0 0 0 0 0 0 0 1 0 0 5 1 1 0 0 0 0 3 0 16 23 0 19 0 0 10 9 0 1 0 4 9 0 1 0 3 0 0 0 1 1 0 0 2 1 3 0 5 2 1 4 3 0 0 0 0 0 3 2 0 0 0 0 0 0 1 0 42 12 5 0 1 5 0 0 1 1 1 0 1 4 56 9 0 1 0 0
119 22 131 21 17 100 2240 1834 2110 4857 1344 2199 5 0 0 0 0 0 0 0 10 23 4 0 1 1 0 0 98 44 5 17 98 1 0 0 1 3 1 0 26 0 0 4 69 1 1 1 2 109 12 37 70 42 33 2 4 0 0 0 0 5 1 0 0 10 3 0 1 1 1 350 20 129 2 0 467 57 250 23 8 88 128 30 9 8 1 74 15 57 5 4 0 0 1 4 1698 2089 4 3 11 3 8 22 1 41 3 3 3 13 11 42 0 0 0 1 2 0 0 0 2 0 0 2 0 1 1 0 0 1 0 0 8 18 0 17 0 0 33 10 0 0 0 2 4 0 1 0 4 1 0 0 0 0 0 0 1 1 0 4 3 0 0 1 4 0 0 1 0 1 1 2 3 1 1 1 0 1 1 0 19 28 26 1 0 12 1 0 5 0 1 3 1 2 13 3 3 0 0 0
233 47 4751 65 27 344 1757 18265 4857 20391 11020 26763 0 0 0 1 3 1 6 0 13 8 1 0 0 0 1 0 146 42 7 30 154 2 0 0 3 5 0 0 105 0 0 1 3 2 1 2 7 7 11 32 133 205 66 30 11 1 0 0 2 2 0 1 1 1 35 1 2 6 2 141 8 9 4 1 1111 0 43 3 11 1 587 327 105 36 0 7 7 1 0 39 4 3 4 11 1265 2170 3 0 152 23 125 356 28 533 34 47 95 216 274 678 0 0 1 0 0 0 0 0 0 0 0 6 3 0 0 1 0 0 9 0 44 45 0 13 0 0 17 0 0 1 0 6 15 0 1 0 1 2 0 0 0 1 0 1 1 3 0 1 13 4 8 15 4 0 1 1 0 1 16 5 0 0 0 0 1 0 1 1 168 2 18 1 0 55 4 1 8 0 13 2 0 2 278 47 2 0 0 2
45 17 141 27 26 152 509 2618 1344 11020 4124 7419 0 1 1 1 0 1 4 0 4 4 0 0 1 0 0 0 44 15 4 16 116 0 0 0 0 3 2 0 31 0 1 0 4 2 0 1 2 4 4 4 35 61 18 7 2 0 0 0 0 0 0 0 0 0 4 0 2 4 3 269 9 8 2 0 471 1 54 1 6 0 187 96 35 14 1 6 1 0 1 7 2 1 1 3 712 750 1 1 159 46 186 654 56 811 64 44 90 232 288 952 0 0 0 0 0 0 0 0 1 0 0 2 2 1 1 0 1 0 12 2 125 109 0 18 0 0 11 6 0 2 0 10 29 1 5 0 1 1 1 0 1 4 0 4 4 10 1 0 21 16 9 32 4 0 1 1 0 0 32 16 0 1 0 0 2 4 5 0 279 7 32 1 1 87 5 1 6 0 41 4 0 13 390 40 9 1 1 2
1340 1656 12655 3574 1609 21826 1314 11547 2199 26763 7419 68428 1 0 4 7 2 2 14 6 413 263 6 4 19 0 1 3 312 721 262 1901 6372 26 0 0 7 93 3 2 899 2 9 5 4 3 11 87 11 4 33 57 96 318 94 86 191 8 0 0 2 96 16 5 15 4 233 7 66 25 21 1887 160 37 44 21 1455 10 548 12 58 23 1267 956 892 610 5 43 29 7 14 100 17 34 18 242 1413 1550 118 13 698 262 1166 3556 307 4128 197 164 360 941 992 4434 1 0 1 3 0 2 3 4 8 2 0 35 31 3 5 1 0 0 157 9 864 883 1 257 2 1 104 28 4 5 1 75 241 6 5 1 5 16 5 1 1 31 1 14 22 44 8 9 185 63 57 147 68 4 6 8 3 8 228 88 5 5 2 8 13 5 8 2 1414 97 83 2 9 392 22 3 40 9 269 10 3 95 1568 173 58 9 0 10
0 1 0 0 1 0 0 0 5 0 0 1 13470 1 11 470 32 2128 8759 98 0 1 3 30 0 0 43 16 1 0 0 0 4 0 1 0 1 225 58 2 47 6 59 6013 6763 2770 2 14 12 233 5 3 0 0 0 0 3 1 1 0 824 28 33 22 17 924 1 0 41 7 19 16 336 1062 1 21 314 229 533 6 16 27 1 1 0 1 0 93 141 488 1184 12 0 2 60 2 50 4 0 0 0 8 0 3 48 5 0 3 0 1 0 6 4 106 431 21 5 210 13 978 110 1051 42 1 3 1 3 103 3 90 26 25 29 14 2 59 2 0 48 61 440 8 325 0 7 86 154 789 245 3485 5 13 42 3 4 15 2 3 2 9 0 3 1 6 57 2 408 325 33 1349 7 9 8 6 50 332 4 11 434 21 14 30 470 10 90 24 4 18 39 1 1 101 26 39 5 1 3 2 0 0
0 0 0 0 12 3 2 2 0 0 1 0 1 7567 7050 1153 2925 36 40 300 10 38 69 1381 5 16 5245 466 40 4 76 1 6 289 6817 4547 2643 299 30 1519 129 22 232 3 0 7 80 17 6 0 0 1 2 5 1 0 66 510 472 1370 6 27 33 94 62 0 60 100 80 0 0 1 8 6 463 4 1 0 2 0 0 0 11 14 5 10 7 1 16 0 15 3 0 4 30 101 0 4 6 37 1 0 0 0 0 1 0 4 0 0 0 0 64 47 4 67 19 50 60 10 229 323 196 12 5 3 27 6 3 34 1 3 4 7 0 17 14 13 39 110 3 58 3 0 3 9 1 5 97 18 17 0 2 0 0 0 0 1 0 0 1 1 0 0 2 9 8 15 6 4 0 3 1 6 1 5 0 1 6 0 4 20 27 2 0 9 0 0 0 5 0 3 4 1 0 0 5 2 1 2
2 1 0 1 13 4 1 2 0 0 1 4 11 7050 21727 19058 3199 337 91 2993 35 133 377 1113 7 17 4188 7161 27 4 31 1 6 140 1582 579 1547 515 846 509 1078 85 328 8 2 48 60 158 52 2 1 0 0 2 0 0 11 180 150 370 136 104 59 199 520 4 24 35 719 10 9 3 17 23 208 81 3 1 11 0 7 0 6 14 10 13 2 13 70 6 89 55 3 22 104 69 0 4 5 3 0 1 0 1 4 1 1 4 0 0 0 4 142 91 23 142 54 97 137 67 579 675 327 24 28 13 49 24 15 69 15 6 2 28 3 52 48 32 112 216 30 172 35 1 17 21 8 18 255 167 71 8 4 4 0 4 1 3 1 0 2 2 2 3 7 53 35 53 11 9 17 18 4 25 8 39 3 3 25 6 16 69 75 6 9 45 0 3 6 9 5 12 14 10 20 1 9 6 3 16
3 1 1 2 28 13 3 1 0 1 1 7 470 1153 19058 37062 729 6512 2082 1624 59 91 514 596 10 57 1128 11776 13 4 50 15 22 58 99 14 371 570 2534 191 3381 348 542 29 98 1041 24 263 182 7 45 5 2 6 2 2 14 86 13 40 1620 357 119 115 349 35 14 7 753 102 32 8 34 82 207 233 3 2 8 1 31 4 14 13 9 14 1 62 404 64 323 337 13 147 514 115 3 3 10 6 2 17 1 2 30 0 0 9 0 2 1 5 195 337 269 249 46 546 138 956 765 2336 352 16 24 17 48 122 15 274 34 17 33 24 4 91 53 28 89 158 552 153 371 5 9 68 61 435 620 1492 29 18 25 6 2 3 1 3 2 4 1 1 2 2 57 38 230 296 39 59 7 11 15 12 43 143 8 10 86 7 16 79 186 3 33 72 2 3 16 5 1 39 20 36 30 4 2 2 3 9
0 0 0 0 8 2 1 0 0 3 0 2 32 2925 3199 729 2096 166 119 2473 76 455 680 230 9 15 328 767 4 2 10 4 8 46 695 753 2689 749 840 168 636 26 139 11 7 112 77 299 15 3 2 3 0 0 4 0 6 70 195 278 265 89 68 105 335 7 11 20 770 7 19 4 40 70 77 224 23 27 27 1 7 1 8 8 27 28 1 10 83 13 141 21 1 7 78 15 2 1 35 0 2 5 2 4 17 6 0 13 0 0 2 11 119 48 26 76 66 18 108 49 512 209 185 66 63 16 69 44 9 53 24 9 19 67 7 99 51 48 299 395 37 196 42 4 27 25 26 24 275 199 94 16 5 1 4 4 3 6 2 2 9 7 1 6 21 97 39 70 18 23 35 32 17 50 16 59 4 2 43 4 74 195 112 22 19 77 5 1 7 20 8 18 14 14 30 3 28 15 7 31
0 0 0 1 1 1 0 0 0 1 1 2 2128 36 337 6512 166 10752 8303 459 6 18 78 428 5 6 1154 514 7 2 8 2 5 9 46 4 34 248 3146 43 904 169 303 36 201 6962 9 299 66 8 12 4 0 1 1 3 4 10 10 4 7018 209 95 129 136 27 9 4 724 71 11 5 24 84 26 301 3 2 14 1 10 5 6 2 3 3 0 44 207 45 433 185 1 72 274 16 1 0 3 1 1 29 1 1 51 5 0 3 0 0 0 8 71 670 632 226 17 1591 48 1721 531 6193 244 4 2 10 11 196 6 409 29 17 32 26 6 81 32 9 87 131 969 43 582 8 8 84 128 989 1462 1911 9 15 36 4 2 2 3 8 3 5 2 4 3 9 49 6 228 380 27 120 7 10 16 8 29 217 9 17 125 9 13 49 446 11 43 18 4 0 28 2 2 49 30 67 5 2 5 1 0 0
4 2 1 2 3 9 1 1 0 6 4 14 8759 40 91 2082 119 8303 41649 1944 57 345 294 182 36 33 226 69 14 5 11 3 14 2 29 1 21 1273 312 183 841 91 487 3383 1703 5076 82 609 86 137 11 13 0 12 10 5 12 7 15 1 945 444 327 112 75 215 23 3 389 45 146 19 97 2890 15 512 189 565 148 15 98 43 30 29 52 60 4 122 553 439 1911 90 2 46 528 7 12 3 58 4 4 14 0 9 47 14 0 51 2 4 1 54 555 795 465 694 244 1924 481 2428 3404 11214 1606 156 188 51 219 162 37 511 70 27 72 203 17 306 154 155 1070 1376 557 652 331 14 83 113 124 797 3051 1954 275 60 35 6 4 33 2 18 5 13 21 11 4 9 74 236 177 373 92 268 57 101 27 98 119 350 18 23 421 33 152 677 2527 38 155 342 17 16 55 46 28 146 78 64 147 17 79 54 13 55
0 1 0 0 2 3 0 0 0 0 0 6 98 300 2993 1624 2473 459 1944 3021 16 84 296 115 6 16 146 319 3 1 2 3 1 1 72 12 57 589 715 75 627 31 126 25 51 328 29 195 18 10 2 1 0 0 1 1 5 10 16 6 682 95 67 56 111 13 5 1 425 12 14 5 19 77 6 202 4 29 9 4 10 6 0 4 4 9 0 12 92 27 236 31 0 10 103 2 1 1 7 1 2 4 1 3 12 2 0 15 0 0 1 10 139 71 31 124 66 47 107 54 552 464 202 43 38 15 75 40 14 78 19 7 9 27 5 63 52 58 157 239 38 166 47 3 17 25 24 28 331 188 76 11 4 1 1 3 0 2 0 0 2 0 3 4 20 79 30 73 15 20 17 15 11 25 16 70 3 3 72 7 26 109 111 11 15 80 1 2 10 11 4 24 20 13 45 3 19 14 3 24
153 79 116 85 377 576 26 31 10 13 4 413 0 10 35 59 76 6 57 16 10508 6130 2412 96 123 58 58 13 106 163 252 257 581 233 9 2 258 765 15 149 1849 26 72 46 2 4 114 43 12 2 5 3 2 11 4 695 85 127 36 13 6 73 54 7 22 1 39 106 71 20 4 253 397 75 904 20 46 4 235 1 9 3 490 36 4018 593 83 6 31 3 21 18 1 10 42 611 44 27 574 79 4 3 10 15 8 18 0 3 1 3 2 30 7 1 2 6 8 1 4 0 44 10 11 11 13 0 4 2 0 1 7 3 22 79 1 56 3 5 93 60 0 15 1 3 13 1 3 1 37 3 10 0 1 1 0 0 2 0 0 1 8 2 0 6 11 9 3 4 1 1 18 11 2 5 2 1 0 1 2 0 78 54 22 1 3 49 0 0 2 2 13 0 3 4 17 3 13 6 0 5
32 18 23 18 253 302 16 10 23 8 4 263 1 38 133 91 455 18 345 84 6130 24445 5830 1131 6185 2139 337 43 111 96 241 365 1115 806 65 16 1420 3175 50 4316 1339 222 1159 227 11 27 2140 124 128 8 15 7 5 28 10 45 89 557 232 61 50 1006 828 77 47 3 144 802 185 179 17 522 1010 137 2746 121 95 8 571 2 18 6 195 218 3677 2783 489 31 269 59 307 121 6 141 885 1012 84 44 3174 113 5 5 8 25 16 24 0 3 4 4 1 39 25 6 0 17 39 3 32 2 146 46 49 28 18 8 21 6 0 10 14 2 25 141 2 98 11 20 146 184 2 40 3 5 27 12 2 2 77 27 24 7 5 0 0 1 1 3 1 2 11 9 1 7 19 25 6 15 8 2 20 11 7 15 24 15 5 2 17 3 113 109 47 4 7 57 3 3 11 3 12 17 6 10 21 1 19 7 2 8
0 1 6 0 20 11 0 1 4 1 0 6 3 69 377 514 680 78 294 296 2412 5830 6575 5776 224 5102 1102 53 23 13 29 22 131 169 39 16 629 1384 23 3253 4217 1346 757 50 1 26 317 37 115 2 10 1 3 22 4 1 38 91 76 29 27 151 134 14 17 5 75 100 38 39 6 53 226 27 339 22 25 5 65 0 7 4 28 99 177 164 24 17 104 17 90 77 1 46 270 137 12 4 156 11 1 1 2 1 1 4 0 2 0 1 0 4 4 2 2 3 3 0 5 4 21 18 6 2 8 2 5 2 1 3 1 1 2 20 1 11 3 3 27 20 3 11 2 0 5 1 2 2 13 22 7 3 0 0 1 1 0 1 0 1 2 1 0 1 3 6 0 12 1 8 5 3 1 3 3 6 1 1 6 0 12 12 6 0 2 9 0 0 7 2 2 3 0 3 3 0 7 3 2 3
6 3 4 3 11 5 3 1 0 0 0 4 30 1381 1113 596 230 428 182 115 96 1131 5776 9834 233 3378 9681 1586 89 9 97 6 18 88 868 78 244 196 209 4845 2660 3638 3903 23 1 869 1098 36 437 3 6 4 2 49 8 8 238 282 670 119 997 167 130 515 42 62 447 203 199 50 5 9 39 31 276 125 6 0 18 0 12 2 31 227 79 367 34 28 152 28 758 166 6 89 375 36 0 4 244 47 0 1 0 0 8 1 0 0 0 0 0 1 6 8 38 17 5 32 13 67 60 115 43 2 4 0 7 14 0 7 1 5 5 8 3 7 1 1 18 31 39 6 46 0 2 6 18 40 40 491 3 3 7 1 0 2 1 0 1 2 0 0 0 2 11 5 82 70 13 114 1 2 2 0 7 84 1 5 78 6 2 7 15 3 25 4 2 2 7 0 0 15 3 10 1 0 0 0 1 0
15 5 5 0 18 14 4 2 1 0 1 19 0 5 7 10 9 5 36 6 123 6185 224 233 5052 956 87 6 22 14 23 23 61 38 17 0 33 116 3 3738 122 18 257 23 0 4 3588 16 14 0 2 0 1 54 1 2 66 103 120 2 17 381 319 46 10 1 473 1076 46 66 3 32 80 8 354 24 4 2 28 0 2 1 96 527 415 2117 1622 3 33 9 81 10 1 20 177 59 5 2 3822 810 0 1 1 1 0 0 0 0 0 0 0 1 2 1 0 0 2 0 7 0 13 1 7 0 0 0 1 0 0 0 0 1 0 7 0 3 0 0 7 13 0 0 0 1 0 0 2 0 5 4 0 0 0 0 0 0 1 0 0 0 0 0 0 0 1 2 0 1 1 0 1 0 0 1 3 5 0 0 7 0 2 10 7 0 2 2 0 0 1 0 2 2 2 1 2 0 1 0 0 0
1 0 0 0 1 2 0 0 1 0 0 0 0 16 17 57 15 6 33 16 58 2139 5102 3378 956 2490 1229 5 3 0 2 0 3 2 12 3 7 25 3 4104 657 289 504 4 0 5 300 4 48 0 0 1 0 3 1 1 6 5 14 1 16 82 82 2 2 1 29 4 6 15 0 2 6 0 8 10 0 0 4 0 3 0 10 43 33 98 7 5 41 4 23 27 0 16 143 3 1 0 70 0 0 0 0 0 0 0 0 0 0 0 0 0 0 0 0 0 0 0 1 0 5 2 0 0 0 0 0 0 0 0 0 0 0 0 0 0 0 1 0 0 0 0 1 0 0 0 0 0 1 3 0 3 3 0 0 0 0 0 0 0 0 0 0 0 0 0 2 0 1 3 0 0 0 0 1 2 1 0 3 0 0 0 0 0 1 0 0 0 1 0 0 2 0 0 0 0 0 0 0 0
8 0 1 0 17 2 2 1 0 1 0 1 43 5245 4188 1128 328 1154 226 146 58 337 1102 9681 87 1229 23570 8659 162 8 143 1 11 142 5795 127 511 204 81 5152 1341 278 1304 17 2 294 501 31 76 1 5 2 3 35 4 6 264 486 559 290 388 126 149 644 83 46 374 225 97 20 7 8 16 52 361 37 1 1 10 0 9 0 34 169 34 158 27 22 109 25 131 69 1 28 154 57 0 11 113 65 1 3 0 0 12 2 0 1 0 0 0 2 14 67 61 54 8 136 32 323 138 657 105 0 2 3 3 41 1 34 7 5 6 3 1 31 9 6 18 56 160 9 95 1 3 14 16 96 68 877 7 2 9 0 0 1 1 0 0 1 1 0 1 0 21 8 153 91 9 98 2 2 5 2 9 70 0 3 43 4 1 13 75 2 21 7 0 1 5 1 0 15 9 20 1 1 2 1 0 0
7 1 0 1 86 20 5 0 0 0 0 3 16 466 7161 11776 767 514 69 319 13 43 53 1586 6 5 8659 14575 148 17 280 17 23 349 177 99 1002 517 2188 36 309 45 317 8 8 156 40 84 29 3 3 1 5 28 5 2 196 613 211 304 204 117 49 1072 1772 38 131 144 542 12 9 6 12 21 942 39 0 1 4 0 4 0 27 69 19 50 14 13 96 16 116 28 0 9 34 338 0 16 20 92 2 40 1 1 49 6 1 3 0 0 0 12 7 159 351 51 13 279 27 1130 159 863 79 3 3 3 3 172 1 132 49 29 39 28 7 97 4 2 49 124 731 16 598 9 8 116 123 450 201 3711 13 5 52 6 2 3 2 4 1 5 2 2 0 10 81 11 763 562 41 232 2 11 20 15 40 443 6 14 274 12 7 38 89 5 78 14 0 9 18 5 2 76 20 107 3 1 7 3 5 6
12770 326 415 172 1962 602 4320 878 98 146 44 312 1 40 27 13 4 7 14 3 106 111 23 89 22 3 162 148 59004 13236 4393 140 276 79 55 1 19 96 38 122 219 4 102 7 5 9 122 446 15 1 18 48 1987 6949 396 38 7934 45 36 6 25 2318 703 177 304 1 6295 104 912 459 79 116 112 46 862 71 40 2 156 7 56 6 2741 3288 299 293 172 18 81 14 123 43 7 62 162 1114 46 6072 81 2133 8 0 9 40 7 44 2 3 2 6 9 45 0 1 2 1 2 1 1 3 4 1 1 13 4 1 3 0 0 1 3 0 22 63 0 45 0 0 47 13 1 3 0 1 17 3 2 2 8 10 1 3 5 4 0 4 2 2 2 0 6 3 1 4 9 1 1 7 2 3 6 2 3 0 14 12 1 2 19 2 57 36 17 2 7 25 1 2 14 2 11 18 5 4 14 1 10 3 0 2
7901 3029 156 2939 7949 4848 3021 764 44 42 15 721 0 4 4 4 2 2 5 1 163 96 13 9 14 0 8 17 13236 21841 3719 159 360 44 7 0 14 48 19 15 754 0 18 2 2 4 17 196 12 5 52 72 405 971 159 89 5060 5 3 0 2 405 77 19 50 4 816 11 194 83 42 156 58 18 126 33 21 0 84 4 61 5 1613 1793 911 510 27 29 33 5 27 117 21 32 33 300 38 1716 40 431 54 31 68 239 30 257 13 9 15 42 41 261 0 1 0 0 3 1 0 1 2 0 1 8 4 0 1 1 0 0 23 2 103 144 0 49 0 2 27 9 1 4 0 11 34 2 2 0 1 7 0 3 2 7 0 0 2 7 4 2 23 9 10 16 9 0 1 0 3 2 28 6 2 3 5 3 1 2 1 1 136 14 13 0 4 36 3 1 6 0 34 3 0 13 71 16 6 2 0 0
395 29 38 50 3656 714 409 36 5 7 4 262 0 76 31 50 10 8 11 2 252 241 29 97 23 2 143 280 4393 3719 7204 593 594 189 66 6 26 208 121 86 465 8 71 3 0 12 100 664 13 1 21 22 138 403 43 39 11620 85 65 9 24 1532 413 173 514 0 1828 113 1195 221 81 122 117 5 2627 83 11 0 57 4 53 1 634 1062 745 735 801 13 65 15 63 38 5 29 95 6573 14 444 1402 8165 10 13 21 90 8 81 2 2 7 5 8 88 1 1 1 0 3 1 4 4 5 2 3 4 2 0 1 0 0 1 9 2 41 46 1 15 1 2 16 10 1 2 2 4 13 5 3 3 6 27 3 4 2 4 0 2 1 5 1 1 13 3 2 4 3 1 2 8 4 1 13 7 2 1 30 22 2 2 24 0 52 10 6 1 12 19 0 1 8 1 8 8 0 6 35 3 5 3 0 3
74 55 46 45 2209 6518 44 28 17 30 16 1901 0 1 1 15 4 2 3 3 257 365 22 6 23 0 1 17 140 159 593 8813 8799 2114 2 0 45 418 35 8 379 0 12 2 0 4 6 159 3 0 16 31 14 87 29 28 42 1543 3 0 3 128 16 5 26 1 89 6 127 15 15 409 714 13 1217 36 7 0 94 3 24 2 496 304 379 264 5 9 27 1 9 36 4 12 13 6405 48 43 102 15 36 12 64 190 21 172 6 6 19 14 27 183 2 0 0 0 0 2 0 2 5 1 3 4 5 1 2 1 0 0 21 0 77 96 0 36 2 0 21 12 0 3 3 7 20 2 1 0 4 7 5 0 2 2 0 1 5 5 0 2 17 11 2 10 5 0 2 2 0 1 26 6 0 2 2 3 4 0 5 0 146 13 8 0 2 44 0 0 5 1 28 4 2 11 71 11 9 1 1 0
204 184 202 219 1565 3403 92 98 98 154 116 6372 4 6 6 22 8 5 14 1 581 1115 131 18 61 3 11 23 276 360 594 8799 13208 3316 10 1 177 2446 65 16 724 3 23 10 4 13 35 145 14 4 30 50 42 185 68 63 87 408 16 6 12 117 22 8 36 0 172 16 139 26 23 3257 2221 91 1733 55 113 1 375 5 53 8 961 571 655 505 12 27 48 9 35 114 16 26 37 3367 431 193 229 33 111 61 170 625 97 590 27 25 42 88 127 704 8 2 4 8 3 0 6 8 53 14 24 45 38 5 9 8 1 3 65 12 258 584 2 224 6 3 158 79 7 22 4 30 101 7 5 3 41 24 22 3 3 15 1 3 8 27 6 12 74 25 20 52 49 14 9 16 0 5 99 45 9 7 7 17 8 3 16 2 600 163 62 6 6 241 4 1 13 7 118 9 9 52 252 43 35 13 4 8
14 1 2 2 200 146 10 6 1 2 0 26 0 289 140 58 46 9 2 1 233 806 169 88 38 2 142 349 79 44 189 2114 3316 4219 228 76 3454 1486 136 65 266 5 53 0 0 2 66 141 1 1 6 12 8 28 16 15 40 1856 835 2587 6 134 77 87 311 0 89 213 527 10 5 156 381 2 3943 15 3 0 20 0 9 0 201 128 197 176 17 2 12 0 16 16 0 4 22 1758 2 11 123 25 0 0 1 3 1 4 0 0 1 1 0 6 7 2 3 3 4 1 2 3 22 6 2 1 4 0 3 2 0 0 0 0 3 13 0 26 1 3 28 18 0 4 2 1 4 1 1 1 8 22 7 1 1 0 0 0 0 1 0 1 2 0 0 0 5 4 0 5 2 2 2 2 3 5 5 10 1 0 9 1 9 16 7 1 3 9 1 0 0 2 5 4 1 3 3 0 2 0 0 2
2 0 0 0 8 3 1 0 0 0 0 0 1 6817 1582 99 695 46 29 72 9 65 39 868 17 12 5795 177 55 7 66 2 10 228 5805 1616 1055 203 3 2177 108 22 199 4 0 3 1450 10 7 0 0 0 1 16 0 1 125 511 1434 726 7 39 59 85 44 0 97 160 38 5 0 1 13 4 324 4 0 0 1 0 0 0 7 41 8 35 11 0 7 1 10 9 0 8 41 41 0 1 32 29 0 1 0 0 1 0 0 0 0 0 0 1 19 13 4 26 9 43 32 23 125 176 60 2 5 4 8 12 1 10 0 2 3 7 1 5 6 6 13 42 5 17 6 0 3 2 0 1 46 13 7 2 1 0 0 0 0 1 0 0 1 0 0 0 1 9 2 5 1 4 2 0 0 2 2 6 0 0 4 0 0 11 18 1 0 3 0 0 1 2 0 0 1 0 1 0 2 1 1 0
0 0 0 0 0 0 0 0 0 0 0 0 0 4547 579 14 753 4 1 12 2 16 16 78 0 3 127 99 1 0 6 0 1 76 1616 1693 655 60 14 68 5 0 26 0 0 0 34 2 0 0 0 0 0 2 0 0 3 86 1067 644 1 3 16 28 50 0 2 22 37 2 0 0 0 0 52 1 0 0 0 0 0 0 0 3 2 0 1 0 0 0 2 0 0 1 5 10 0 0 1 2 0 0 0 0 0 0 0 0 0 0 0 1 0 1 0 1 1 1 2 0 10 9 3 0 0 0 0 0 0 2 0 0 0 0 0 0 0 1 5 3 2 3 1 0 0 0 0 1 0 5 0 1 0 0 0 0 0 0 0 0 0 0 0 0 2 1 1 0 0 0 0 0 0 0 1 1 1 0 1 0 0 2 1 0 0 0 0 0 0 0 0 0 0 0 0 0 1 0 2 0
4 2 4 2 28 16 3 1 1 3 0 7 1 2643 1547 371 2689 34 21 57 258 1420 629 244 33 7 511 1002 19 14 26 45 177 3454 1055 655 3280 1582 483 206 540 9 112 12 5 22 163 211 3 0 5 3 1 10 5 7 25 1505 1876 5009 41 174 127 232 587 1 53 414 893 9 10 17 45 15 1398 48 13 2 18 2 10 5 80 36 125 117 14 9 19 1 30 15 3 10 39 271 3 4 105 10 4 4 0 4 9 5 0 3 0 1 0 8 39 15 3 21 31 7 22 14 138 46 31 24 40 4 26 17 3 12 10 4 11 50 4 64 11 22 138 162 15 61 11 1 27 13 7 8 83 66 45 1 1 3 0 0 1 2 1 2 4 3 1 2 15 30 10 39 0 10 17 13 7 24 14 16 0 1 27 3 35 80 22 11 7 29 1 2 5 5 10 10 9 4 9 1 20 10 4 13
33 8 20 9 228 171 19 14 3 5 3 93 225 299 515 570 749 248 1273 589 765 3175 1384 196 116 25 204 517 96 48 208 418 2446 1486 203 60 1582 11490 1086 122 1624 47 289 252 82 411 155 907 45 24 20 38 21 72 51 34 30 436 277 234 673 446 207 138 411 16 85 186 1475 47 114 244 1344 437 1405 549 308 65 266 10 72 15 460 226 437 424 19 59 273 55 479 87 9 25 212 1038 15 35 320 12 12 30 11 37 49 40 1 20 3 7 2 81 169 79 46 134 166 60 144 79 960 462 293 203 215 25 162 61 21 93 79 30 109 426 20 551 67 103 1191 972 77 336 68 18 159 60 65 65 551 442 293 20 19 8 4 10 9 18 6 14 37 25 16 17 124 196 75 166 35 37 112 102 42 135 43 150 16 11 148 15 333 757 299 69 63 310 9 4 36 52 73 51 32 47 59 10 134 67 12 97
2 0 1 0 88 23 10 0 1 0 2 3 58 30 846 2534 840 3146 312 715 15 50 23 209 3 3 81 2188 38 19 121 35 65 136 3 14 483 1086 18403 7 253 56 406 18 6 297 5 763 26 4 13 0 2 9 4 2 15 141 12 47 5065 170 80 394 4838 11 28 13 8764 11 13 33 78 7 432 826 1 0 15 0 6 1 21 23 26 30 2 17 120 10 423 45 2 16 115 269 1 8 11 17 2 25 0 0 38 6 0 2 0 0 1 7 3 61 294 21 10 91 3 401 92 255 24 5 3 1 3 185 3 68 40 24 22 23 6 54 4 1 48 92 452 14 437 3 12 154 248 282 114 2733 17 16 62 9 4 8 2 5 0 8 5 0 4 12 52 8 537 798 58 142 6 11 17 10 63 714 4 15 462 16 5 24 26 7 152 18 6 4 27 4 4 85 22 67 9 1 2 1 5 2
11 3 2 6 12 3 1 10 0 0 0 2 2 1519 509 191 168 43 183 75 149 4316 3253 4845 3738 4104 5152 36 122 15 86 8 16 65 2177 68 206 122 7 9265 1300 266 822 45 1 21 3343 22 62 1 3 1 4 87 5 2 252 214 425 92 22 219 240 49 13 2 736 158 26 49 2 9 47 7 181 13 4 0 27 0 6 0 82 483 161 702 37 13 75 19 64 47 1 26 281 33 2 2 456 46 0 1 0 0 0 0 0 0 0 0 0 2 18 16 0 25 17 16 30 4 138 132 108 3 2 2 7 2 3 11 0 0 2 6 1 13 3 4 21 74 2 18 5 0 1 1 0 0 33 14 10 1 2 0 0 1 0 2 0 0 0 0 0 0 0 6 5 9 2 4 2 4 0 4 2 4 2 0 2 0 4 8 10 0 2 6 0 0 2 1 1 5 2 1 0 0 1 0 0 1
1253 606 952 439 685 1137 161 600 26 105 31 899 47 129 1078 3381 636 904 841 627 1849 1339 4217 2660 122 657 1341 309 219 754 465 379 724 266 108 5 540 1624 253 1300 6316 1748 1192 103 44 427 262 419 1320 36 476 358 8 44 465 754 239 176 103 26 547 382 151 53 65 95 105 157 206 242 143 402 487 132 876 305 134 10 525 27 386 36 1360 152 1422 243 60 456 1339 260 1445 2207 147 718 1189 626 51 68 122 171 13 13 30 85 31 86 2 8 12 7 9 101 13 22 39 10 14 17 14 77 84 106 22 29 26 2 10 21 4 17 23 8 63 277 1 135 5 5 195 97 47 25 49 9 41 20 30 52 29 308 44 16 23 5 1 7 16 12 20 24 27 15 7 10 43 17 58 71 16 92 40 20 10 13 43 84 6 3 92 7 222 141 70 15 49 112 20 19 58 7 39 81 21 30 53 5 26 7 1 7
1 2 0 0 1 0 1 1 0 0 0 2 6 22 85 348 26 169 91 31 26 222 1346 3638 18 289 278 45 4 0 8 0 3 5 22 0 9 47 56 266 1748 2835 5452 12 10 89 71 12 398 2 1 1 0 3 7 2 7 7 31 0 168 19 10 11 14 14 19 15 56 7 3 1 15 1 6 59 0 0 3 0 2 0 4 12 10 15 1 12 70 25 585 64 0 26 97 2 0 0 22 2 0 0 0 0 0 0 0 0 0 0 0 0 0 2 1 1 2 7 1 23 2 11 2 0 0 0 0 4 1 5 0 1 1 1 1 1 0 0 1 6 15 0 4 0 0 3 6 13 5 54 0 2 1 0 0 4 0 0 0 1 0 0 0 1 2 0 6 14 3 8 0 0 0 1 5 27 1 0 41 4 1 2 7 3 12 0 1 2 3 0 1 7 2 3 0 0 0 1 1 0
6 1 4 4 12 7 2 2 0 0 1 9 59 232 328 542 139 303 487 126 72 1159 757 3903 257 504 1304 317 102 18 71 12 23 53 199 26 112 289 406 822 1192 5452 5460 81 49 1435 654 119 1116 33 37 6 0 67 3 5 252 203 366 48 2085 426 709 2895 222 105 576 195 1082 88 24 25 103 13 181 838 6 3 28 0 23 1 60 375 126 555 39 57 585 288 5893 344 12 212 1827 29 0 6 348 42 0 3 0 0 11 0 0 0 0 0 0 3 3 3 35 8 4 9 7 32 37 56 16 1 1 1 0 14 0 8 10 8 4 4 0 7 3 2 8 14 29 4 47 0 1 31 55 28 23 409 3 10 23 1 3 22 3 0 0 2 0 0 0 1 7 3 74 109 25 140 3 6 5 4 89 261 3 6 259 24 0 1 11 7 131 5 2 13 24 0 0 102 15 7 2 0 1 2 1 2
0 0 1 2 4 2 2 0 4 1 0 5 6013 3 8 29 11 36 3383 25 46 227 50 23 23 4 17 8 7 2 3 2 10 0 4 0 12 252 18 45 103 12 81 7615 3723 630 37 206 19 941 32 83 3 5 6 5 3 3 9 0 68 120 75 16 13 216 6 0 55 16 57 35 2916 2913 5 74 1268 4413 3910 75 66 321 30 20 48 48 0 198 208 404 731 29 2 6 110 1 42 4 30 0 2 4 2 7 21 6 1 9 1 1 2 22 73 75 64 103 78 229 98 288 671 1668 281 72 83 14 47 19 5 49 23 5 29 135 6 108 31 49 503 479 39 143 14 9 57 23 30 118 642 244 79 22 18 3 0 10 2 3 6 6 9 6 1 4 17 51 31 49 21 86 38 24 16 47 49 68 5 3 103 7 104 323 925 22 54 140 8 23 41 27 17 83 18 22 42 4 35 26 10 32
0 0 0 0 0 2 0 0 69 3 4 4 6763 0 2 98 7 201 1703 51 2 11 1 1 0 0 2 8 5 2 0 0 4 0 0 0 5 82 6 1 44 10 49 3723 11475 1174 1 24 20 4692 10 56 1 1 5 0 4 0 0 0 77 41 60 15 21 3409 1 0 41 10 28 50 346 170 0 12 1437 847 997 50 66 435 3 8 0 3 1 681 406 2753 1606 24 1 4 78 2 617 57 3 1 3 2 0 1 10 5 0 0 0 0 3 8 1 12 109 7 4 29 3 119 41 144 7 2 1 3 3 30 2 20 24 10 14 11 1 11 1 2 20 28 60 5 68 2 7 148 307 107 64 1483 17 47 108 4 4 29 8 4 10 26 1 0 0 1 13 7 152 267 66 1015 6 9 14 6 260 610 12 29 1362 85 5 21 53 12 393 18 18 118 149 2 2 434 74 21 7 2 4 0 3 2
2 2 2 0 9 3 1 1 1 2 2 3 2770 7 48 1041 112 6962 5076 328 4 27 26 869 4 5 294 156 9 4 12 4 13 2 3 0 22 411 297 21 427 89 1435 630 1174 7562 9 74 80 18 41 2 0 3 6 3 22 5 12 2 2884 107 146 1172 305 464 30 6 242 41 17 17 271 74 13 134 36 34 177 0 17 2 5 18 5 19 0 47 175 62 4548 180 8 52 378 6 3 1 10 5 0 13 0 2 26 3 0 7 1 0 0 10 2 100 723 29 10 117 17 533 194 541 54 10 6 7 12 326 4 147 44 38 43 32 9 71 12 2 111 122 534 32 497 6 4 328 879 730 322 4510 49 34 113 12 8 53 3 11 1 27 3 1 2 7 56 16 585 1347 68 849 10 15 33 23 85 1191 7 37 1129 60 18 69 90 25 210 47 12 13 70 7 2 146 83 70 21 4 16 4 6 5
18 3 11 3 27 18 5 6 1 1 0 11 2 80 60 24 77 9 82 29 114 2140 317 1098 3588 300 501 40 122 17 100 6 35 66 1450 34 163 155 5 3343 262 71 654 37 1 9 4211 15 26 1 2 0 2 116 2 4 445 265 644 94 20 274 228 56 31 2 1250 826 40 49 1 13 81 8 374 19 5 2 30 0 6 0 156 880 341 2569 1284 7 48 15 63 16 3 27 229 44 0 3 2564 887 0 0 0 0 1 2 0 0 0 0 0 3 10 6 1 13 12 4 22 5 101 48 40 2 2 2 5 2 1 5 1 2 1 11 0 8 6 8 27 84 0 19 0 0 3 0 0 0 35 9 8 2 0 0 0 0 0 0 0 0 0 0 0 0 1 9 1 5 3 4 1 2 1 5 1 2 0 0 4 1 3 8 15 2 5 4 0 2 2 0 1 2 0 0 1 0 1 0 1 0
65 14 20 7 626 266 52 17 1 2 1 87 14 17 158 263 299 299 609 195 43 124 37 36 16 4 31 84 446 196 664 159 145 141 10 2 211 907 763 22 419 12 119 206 24 74 15 20046 285 45 41 44 17 50 22 12 259 209 25 28 710 6392 292 111 208 21 184 53 6652 453 4252 88 767 12 597 14470 11 3 193 13 1049 86 121 172 80 98 8 1376 5350 225 2033 311 8 112 696 1162 3 64 32 128 0 1 2 4 7 6 0 4 0 1 0 4 2 6 7 9 4 14 2 8 15 37 6 2 6 4 8 13 0 8 33 15 10 13 1 14 2 1 22 24 16 13 14 12 13 127 101 9 18 118 16 369 468 15 8 198 48 22 68 168 1 0 2 4 10 2 14 170 282 38 9 9 13 10 854 414 86 327 677 37 5 18 8 14 561 27 360 137 1285 6 0 1095 334 20 7 0 6 2 6 0
31 6 18 8 12 21 0 10 2 7 2 11 12 6 52 182 15 66 86 18 12 128 115 437 14 48 76 29 15 12 13 3 14 1 7 0 3 45 26 62 1320 398 1116 19 20 80 26 285 4703 24 142 25 0 4 19 13 11 3 4 1 100 300 109 6 3 21 22 6 29 222 68 4 33 6 14 345 7 2 17 2 73 4 16 21 13 30 1 164 1411 274 751 3578 40 2688 9188 17 4 3 19 2 0 0 0 0 0 0 0 0 0 0 0 1 0 0 4 2 0 1 1 5 6 7 1 0 0 0 2 3 0 0 4 1 2 6 0 4 0 0 5 3 5 2 6 2 2 5 10 4 5 56 2 15 16 0 0 7 3 3 6 3 0 0 0 0 1 2 5 9 14 26 1 3 1 1 34 27 3 8 49 2 4 1 3 0 34 4 5 4 34 0 0 59 8 1 0 0 0 0 0 1
2 1 3 2 2 5 2 9 109 7 4 4 233 0 2 7 3 8 137 10 2 8 2 3 0 0 1 3 1 5 1 0 4 1 0 0 0 24 4 1 36 2 33 941 4692 18 1 45 24 9501 162 731 2 1 20 3 1 0 0 0 8 99 76 3 4 946 2 0 94 14 35 50 136 597 0 47 2083 944 646 592 206 6099 25 7 5 2 0 3346 995 5510 479 51 5 7 88 3 1041 94 0 1 1 2 0 6 3 5 1 1 1 4 3 11 1 0 1 0 0 4 0 7 18 10 3 4 2 2 8 1 2 3 27 8 3 5 1 9 2 1 6 9 1 8 1 7 11 103 65 4 21 102 7 115 201 8 3 61 74 18 61 69 0 1 1 2 8 4 8 102 135 158 7 3 7 2 446 202 20 79 674 34 8 5 4 2 469 13 72 748 479 1 2 979 122 9 13 2 1 0 1 1
70 19 53 14 19 31 7 61 12 11 4 33 5 0 1 45 2 12 11 2 5 15 10 6 2 0 5 3 18 52 21 16 30 6 0 0 5 20 13 3 476 1 37 32 10 41 2 41 142 162 9192 10396 0 4 184 35 7 2 0 0 43 30 7 1 0 68 3 0 9 1369 129 16 27 164 17 18 109 35 64 535 2621 442 193 15 13 6 1 381 167 27 84 7877 6031 626 280 18 80 22 0 1 0 1 1 4 0 6 0 1 1 0 0 7 1 0 1 1 0 1 1 3 5 3 0 1 2 0 0 0 0 0 1 1 5 13 1 7 0 0 10 6 0 0 1 1 4 1 1 1 1 16 1 14 13 0 1 0 164 24 162 55 3 1 0 2 2 0 5 1 3 13 0 0 0 1 2 7 13 10 13 0 3 13 5 0 2 10 32 22 134 1 1 31 12 5 1 0 0 1 0 0
159 39 91 23 49 66 20 103 37 32 4 57 3 1 0 5 3 4 13 1 3 7 1 4 0 1 2 1 48 72 22 31 50 12 0 0 3 38 0 1 358 1 6 83 56 2 0 44 25 731 10396 16989 3 12 458 42 25 7 0 1 8 49 8 3 1 210 8 2 11 1054 119 41 47 671 23 2 439 151 115 9882 6915 2679 512 33 19 8 2 1892 291 122 71 3131 3661 238 96 40 302 51 3 15 6 1 4 10 2 7 0 7 0 1 0 5 0 2 1 1 1 0 0 4 3 2 1 2 1 0 0 7 0 1 2 1 8 23 0 19 0 0 28 10 5 1 6 11 12 9 16 6 11 17 2 34 61 5 0 25 1623 390 2231 457 34 0 0 0 4 2 7 8 18 108 6 4 1 0 13 19 107 64 38 2 21 24 63 0 9 78 376 158 809 1 12 116 40 5 46 3 6 1 0 1
421 17 63 6 77 39 250 289 70 133 35 96 0 2 0 2 0 0 0 0 2 5 3 2 1 0 3 5 1987 405 138 14 42 8 1 0 1 21 2 4 8 0 0 3 1 0 2 17 0 2 0 3 5979 1542 5282 0 150 0 0 1 0 66 17 4 6 0 87 1 27 4 4 30 28 11 36 1 18 2 51 1 2 3 281 53 13 6 2 0 0 2 2 1 0 1 2 50 56 7224 2 58 0 0 2 4 0 5 0 0 0 1 0 7 0 0 1 1 3 0 0 1 3 1 0 3 0 0 0 0 0 1 1 1 6 29 0 10 0 1 23 7 0 2 0 1 1 0 0 0 4 2 1 0 0 0 0 0 0 0 0 0 3 3 1 0 1 0 0 0 0 0 7 0 1 0 0 0 0 0 0 0 13 17 4 0 1 7 0 0 0 1 2 0 0 1 2 1 6 1 0 2
1198 173 394 76 245 240 361 886 42 205 61 318 0 5 2 6 0 1 12 0 11 28 22 49 54 3 35 28 6949 971 403 87 185 28 16 2 10 72 9 87 44 3 67 5 1 3 116 50 4 1 4 12 1542 6129 261 2 594 38 17 1 8 380 199 36 33 1 1242 127 143 59 14 119 71 31 320 17 47 2 164 1 6 1 2542 2646 60 108 148 6 23 6 36 13 2 12 64 240 20 1345 56 233 5 4 12 31 9 14 2 2 2 2 5 31 0 1 0 2 0 0 0 0 9 4 4 14 4 0 2 0 0 0 6 0 12 71 0 52 0 0 44 25 0 3 1 5 15 0 2 0 4 2 5 0 2 3 1 0 0 3 1 1 3 5 2 6 12 0 1 2 1 1 18 6 1 1 1 3 0 1 3 0 75 45 17 4 3 37 0 2 4 3 13 2 0 4 8 2 7 2 0 4
211 53 97 25 49 51 104 171 33 66 18 94 0 1 0 2 4 1 10 1 4 10 4 8 1 1 4 5 396 159 43 29 68 16 0 0 5 51 4 5 465 7 3 6 5 6 2 22 19 20 184 458 5282 261 9573 902 51 8 0 0 8 26 4 2 4 2 15 1 14 36 13 72 57 41 43 8 32 3 83 64 149 37 4062 37 14 5 0 39 58 9 65 766 39 36 28 30 41 2621 1 20 1 0 4 11 5 6 0 1 0 3 0 13 2 0 0 0 2 0 0 0 9 2 3 9 4 1 2 1 0 0 1 3 7 41 0 34 0 1 44 31 1 5 0 0 9 0 0 0 4 4 5 1 2 0 1 0 11 2 7 4 1 1 0 2 11 1 1 2 1 4 2 6 5 1 2 6 6 2 6 1 25 28 10 2 4 18 1 1 6 0 4 6 1 2 2 0 3 0 0 1
129 51 116 36 64 110 22 112 2 30 7 86 0 0 0 2 0 3 5 1 695 45 1 8 2 1 6 2 38 89 39 28 63 15 1 0 7 34 2 2 754 2 5 5 0 3 4 12 13 3 35 42 0 2 902 3019 20 7 1 0 2 21 3 1 3 0 6 4 17 12 3 38 36 17 48 7 25 1 58 5 22 5 3935 24 1330 34 2 9 10 5 26 109 8 23 15 42 5 31 16 13 1 0 3 13 4 4 0 0 2 1 1 9 0 1 0 0 1 0 0 2 3 0 1 4 3 0 1 0 0 0 2 0 10 38 0 29 1 1 29 9 0 1 0 2 6 0 0 0 4 1 7 2 0 0 0 0 0 1 1 0 8 4 1 1 4 1 0 1 1 1 3 6 2 2 0 2 0 0 0 1 34 22 7 0 1 14 0 1 2 1 4 5 0 7 6 0 5 0 0 1
361 26 31 55 3957 830 440 35 4 11 2 191 3 66 11 14 6 4 12 5 85 89 38 238 66 6 264 196 7934 5060 11620 42 87 40 125 3 25 30 15 252 239 7 252 3 4 22 445 259 11 1 7 25 150 594 51 20 17317 125 106 5 31 1677 932 341 353 2 6289 683 831 272 45 41 25 3 3547 47 4 0 22 3 30 1 557 1553 301 2131 1583 9 69 11 150 27 9 35 169 1201 7 543 3435 5790 5 3 10 34 11 43 2 0 2 6 9 28 1 2 0 0 0 0 0 2 4 5 1 3 2 0 0 0 0 0 2 1 18 29 0 18 0 1 6 3 0 1 1 2 3 3 5 0 5 8 1 6 6 1 0 0 2 2 0 0 4 0 0 1 3 1 2 4 1 1 6 3 1 0 12 14 5 2 15 0 26 6 2 0 14 11 0 2 9 0 8 9 2 5 9 4 3 0 0 0
5 0 2 1 72 96 3 5 0 1 0 8 1 510 180 86 70 10 7 10 127 557 91 282 103 5 486 613 45 5 85 1543 408 1856 511 86 1505 436 141 214 176 7 203 3 0 5 265 209 3 0 2 7 0 38 8 7 125 3176 2527 1009 21 382 316 355 690 0 258 3211 920 44 8 41 102 1 6248 18 2 0 5 3 5 0 80 140 108 313 30 3 17 4 47 11 2 11 79 1391 0 7 270 71 0 0 0 1 0 0 0 0 0 0 0 1 1 1 0 0 1 1 4 3 7 11 5 1 2 1 0 1 0 1 0 0 1 3 0 2 0 1 4 14 4 5 2 1 0 4 3 1 4 18 1 1 1 0 0 0 0 0 0 0 0 0 0 0 1 0 3 4 3 3 2 0 0 0 8 12 0 1 14 0 2 4 4 0 5 0 0 0 2 0 0 5 1 1 0 0 0 0 0 0
2 0 0 0 10 4 0 1 0 0 0 0 1 472 150 13 195 10 15 16 36 232 76 670 120 14 559 211 36 3 65 3 16 835 1434 1067 1876 277 12 425 103 31 366 9 0 12 644 25 4 0 0 0 0 17 0 1 106 2527 1740 2544 11 177 212 222 139 1 216 917 209 30 3 4 6 3 726 7 2 1 5 0 2 0 13 92 30 231 55 9 9 2 36 12 0 7 102 47 0 4 212 59 0 0 0 0 1 1 0 0 0 0 0 2 7 4 1 9 10 1 9 5 58 32 19 1 1 2 1 0 1 1 1 1 2 2 0 5 1 5 16 43 4 16 2 0 3 2 1 0 16 13 7 0 2 0 0 0 0 0 0 0 1 0 0 0 2 6 2 4 1 0 0 1 2 3 0 3 0 0 1 0 5 5 6 1 2 2 0 0 1 2 0 4 1 0 0 0 1 2 0 2
0 0 0 0 2 0 0 0 0 0 0 0 0 1370 370 40 278 4 1 6 13 61 29 119 2 1 290 304 6 0 9 0 6 2587 726 644 5009 234 47 92 26 0 48 0 0 2 94 28 1 0 0 1 1 1 0 0 5 1009 2544 3086 3 26 63 122 202 1 8 292 229 1 0 0 1 1 521 6 0 0 0 0 1 0 3 6 7 4 3 0 1 1 10 0 0 0 13 31 0 2 7 4 0 0 0 0 0 0 0 0 0 0 0 0 0 2 0 0 1 1 0 0 4 4 3 0 0 0 0 0 0 0 0 0 0 1 0 2 0 1 1 0 2 0 0 0 0 1 0 0 3 4 2 0 1 0 0 0 0 0 0 0 0 0 0 0 0 2 0 0 0 1 0 1 0 2 1 2 0 0 2 0 0 0 0 2 0 0 0 0 0 0 0 1 0 0 0 0 1 0 0 0
5 1 2 0 7 2 0 0 0 2 0 2 824 6 136 1620 265 7018 945 682 6 50 27 997 17 16 388 204 25 2 24 3 12 6 7 1 41 673 5065 22 547 168 2085 68 77 2884 20 710 100 8 43 8 0 8 8 2 31 21 11 3 6053 262 609 1104 985 28 63 8 4206 57 39 8 85 11 41 3192 5 2 16 0 17 0 9 46 13 37 2 35 354 37 1948 200 11 57 618 20 0 0 20 7 2 15 0 1 29 2 0 1 0 0 0 11 3 74 274 15 6 81 10 269 72 272 22 3 0 5 2 188 1 96 38 21 20 21 6 57 4 1 50 52 314 18 299 4 3 145 400 315 118 1722 19 19 65 5 3 39 1 5 4 9 1 4 2 9 43 5 248 666 50 129 7 13 14 10 95 749 8 15 604 56 6 36 20 16 178 18 9 6 27 8 1 96 44 51 9 0 10 3 7 4
125 9 8 9 1027 259 117 20 5 2 0 96 28 27 104 357 89 209 444 95 73 1006 151 167 381 82 126 117 2318 405 1532 128 117 134 39 3 174 446 170 219 382 19 426 120 41 107 274 6392 300 99 30 49 66 380 26 21 1677 382 177 26 262 26418 6374 1439 431 25 2278 279 2133 6876 1872 48 413 15 838 2401 8 9 127 26 555 209 420 1222 345 1058 64 558 3037 642 1654 224 8 668 5148 1423 8 197 454 637 2 3 0 2 6 2 0 1 1 3 0 6 6 8 15 8 2 30 4 34 28 81 15 5 4 4 14 13 5 4 18 12 8 11 2 26 3 0 16 19 19 21 8 15 18 120 71 7 27 152 14 681 1084 28 13 176 89 48 94 312 3 0 0 3 14 6 24 146 410 47 10 16 8 7 757 283 196 560 447 30 4 9 14 9 521 18 591 217 2043 0 3 1603 509 13 6 0 2 2 3 6
18 4 7 2 112 29 15 14 1 0 0 16 33 33 59 119 68 95 327 67 54 828 134 130 319 82 149 49 703 77 413 16 22 77 59 16 127 207 80 240 151 10 709 75 60 146 228 292 109 76 7 8 17 199 4 3 932 316 212 63 609 6374 16840 6082 3806 62 1551 239 3210 224 57 16 101 9 390 1241 8 3 41 7 46 7 156 849 204 877 84 137 1981 733 4206 73 6 92 2341 162 1 27 482 245 0 2 0 0 3 1 0 2 0 0 0 0 3 6 5 8 4 11 5 14 28 30 14 1 3 1 2 10 3 6 22 17 4 1 1 11 4 0 13 16 14 7 11 4 4 69 42 13 21 164 10 148 228 4 1 63 7 2 7 33 0 2 0 5 11 2 16 105 148 54 5 8 7 5 534 260 31 80 351 37 3 4 10 3 380 4 35 46 221 3 0 633 133 12 5 0 2 1 2 2
5 2 2 1 31 10 3 3 0 1 0 5 22 94 199 115 105 129 112 56 7 77 14 515 46 2 644 1072 177 19 173 5 8 87 85 28 232 138 394 49 53 11 2895 16 15 1172 56 111 6 3 1 3 4 36 2 1 341 355 222 122 1104 1439 6082 6383 2050 102 435 151 2120 76 21 4 22 10 317 186 2 5 13 1 8 2 31 183 33 168 28 12 92 27 1357 10 1 16 791 68 1 9 100 82 0 2 0 0 6 0 0 0 0 0 0 3 4 18 67 14 9 21 9 71 52 75 16 3 0 1 4 42 1 18 7 7 8 8 0 12 4 3 14 27 96 6 108 2 5 52 65 43 27 1077 7 5 26 1 1 3 0 2 0 5 2 0 0 7 19 2 205 233 27 239 0 5 7 8 22 351 4 8 305 15 1 7 5 5 68 4 2 6 17 0 1 51 18 9 2 1 0 0 2 1
8 2 1 1 187 33 16 2 0 1 0 15 17 62 520 349 335 136 75 111 22 47 17 42 10 2 83 1772 304 50 514 26 36 311 44 50 587 411 4838 13 65 14 222 13 21 305 31 208 3 4 0 1 6 33 4 3 353 690 139 202 985 431 3806 2050 4750 38 261 187 8743 17 8 9 21 3 1131 292 1 0 4 0 8 0 58 130 50 80 21 16 129 42 1095 13 2 6 89 592 2 32 48 199 1 1 0 0 6 1 0 0 0 0 0 4 2 16 54 5 6 17 2 79 43 72 11 1 1 2 4 34 2 10 23 10 5 11 1 15 0 3 18 35 82 5 108 3 5 85 133 40 38 893 11 11 35 0 3 19 1 4 0 3 0 0 1 2 13 6 178 277 26 107 4 18 6 7 90 737 7 14 773 65 1 9 6 5 257 3 2 6 27 0 0 119 28 25 3 1 1 0 5 3
0 0 3 0 1 0 0 2 10 1 0 4 924 0 4 35 7 27 215 13 1 3 5 62 1 1 46 38 1 4 0 1 0 0 0 0 1 16 11 2 95 14 105 216 3409 464 2 21 21 946 68 210 0 1 2 0 2 0 1 1 28 25 62 102 38 1252 2 0 69 7 23 10 20 568 2 23 864 646 140 148 64 272 10 0 1 2 0 171 177 741 1018 26 1 8 80 2 187 15 2 0 0 1 0 0 0 0 0 0 0 0 0 2 0 1 39 0 0 4 0 14 10 22 1 0 0 1 0 13 2 7 0 2 1 3 0 3 1 0 6 6 12 1 11 2 2 29 66 37 14 207 1 14 24 2 3 20 24 2 12 17 0 0 0 1 2 1 15 48 22 1338 2 0 3 1 56 70 5 7 173 9 0 5 25 0 79 2 4 21 50 0 0 105 25 8 4 1 1 1 1 0
659 233 377 151 545 467 88 283 3 35 4 233 1 60 24 14 11 9 23 5 39 144 75 447 473 29 374 131 6295 816 1828 89 172 89 97 2 53 85 28 736 105 19 576 6 1 30 1250 184 22 2 3 8 87 1242 15 6 6289 258 216 8 63 2278 1551 435 261 2 15845 1718 622 352 40 71 57 10 3027 104 11 0 59 1 18 1 396 7415 160 2331 2025 13 167 30 249 36 3 78 463 1032 6 69 1511 2032 2 2 5 17 1 12 1 0 0 2 1 8 0 0 1 1 2 0 1 0 10 3 0 4 0 0 0 0 0 0 2 0 4 19 0 7 0 2 14 6 0 2 0 0 5 2 4 2 9 11 4 0 5 1 0 2 1 0 0 1 3 3 1 1 0 1 0 6 5 4 4 2 0 1 15 18 1 0 24 1 21 12 6 1 18 11 2 2 3 2 5 13 2 3 1 1 1 1 0 0
16 3 10 1 11 15 1 13 0 1 0 7 0 100 35 7 20 4 3 1 106 802 100 203 1076 4 225 144 104 11 113 6 16 213 160 22 414 186 13 158 157 15 195 0 0 6 826 53 6 0 0 2 1 127 1 4 683 3211 917 292 8 279 239 151 187 0 1718 3397 265 51 5 8 17 2 1092 13 0 1 9 0 5 0 88 874 199 2039 1257 0 22 2 48 8 0 10 77 45 0 3 2420 1774 0 0 0 0 0 0 0 0 0 0 0 0 1 1 0 2 1 4 2 1 10 5 0 0 0 0 2 1 0 2 0 0 0 3 0 2 0 0 5 7 0 1 1 0 0 0 2 0 3 4 2 0 1 0 0 0 0 0 0 0 1 0 0 0 0 0 0 1 2 2 0 0 0 0 4 7 0 0 4 1 3 0 2 0 3 2 0 0 0 0 0 2 0 0 0 0 0 0 0 1
46 6 4 7 696 167 69 4 1 2 2 66 41 80 719 753 770 724 389 425 71 185 38 199 46 6 97 542 912 194 1195 127 139 527 38 37 893 1475 8764 26 206 56 1082 55 41 242 40 6652 29 94 9 11 27 143 14 17 831 920 209 229 4206 2133 3210 2120 8743 69 622 265 12260 101 90 61 235 8 1908 8226 4 0 50 0 66 8 178 334 118 242 37 46 553 199 2441 55 4 32 450 1682 3 83 98 440 0 15 0 4 38 3 0 3 0 1 1 13 3 10 49 18 8 24 10 65 81 90 21 4 8 5 11 39 10 20 118 59 18 24 6 56 9 2 45 50 72 32 79 15 20 410 632 43 98 1032 46 84 128 11 22 271 6 18 4 7 6 7 3 21 60 22 99 803 295 252 29 64 44 29 1356 2787 21 44 3008 292 6 31 10 54 1809 28 15 87 191 14 5 1259 229 75 9 2 14 6 17 7
54 15 30 12 135 50 18 26 1 6 4 25 7 0 10 102 7 71 45 12 20 179 39 50 66 15 20 12 459 83 221 15 26 10 5 2 9 47 11 49 242 7 88 16 10 41 49 453 222 14 1369 1054 4 59 36 12 272 44 30 1 57 6876 224 76 17 7 352 51 101 5734 1212 21 38 10 84 78 8 0 18 44 835 211 117 207 56 169 7 405 366 85 264 1589 2947 1409 1112 171 5 45 87 112 0 1 3 1 0 3 2 1 0 0 0 0 2 3 3 3 1 7 2 0 8 30 2 5 1 0 2 3 0 1 0 0 2 10 0 12 0 1 11 6 6 3 11 1 2 8 13 5 5 32 1 40 96 2 1 32 75 67 157 184 1 1 0 0 4 0 6 14 25 6 1 2 2 0 30 44 75 133 57 4 4 6 8 0 21 9 306 36 768 1 0 134 38 2 3 1 0 0 1 0
23 7 11 2 88 34 5 17 1 2 3 21 19 0 9 32 19 11 146 14 4 17 6 5 3 0 7 9 79 42 81 15 23 5 0 0 10 114 13 2 143 3 24 57 28 17 1 4252 68 35 129 119 4 14 13 3 45 8 3 0 39 1872 57 21 8 23 40 5 90 1212 8491 21 155 7 32 510 10 3 45 62 2901 265 33 26 7 19 1 2324 1233 185 491 323 64 126 154 81 5 6 3 26 2 1 0 2 3 1 0 1 0 0 1 3 1 3 4 0 0 7 1 4 5 6 2 1 0 3 0 6 0 1 3 0 0 6 1 9 0 0 7 9 4 4 14 4 6 17 19 5 8 51 1 92 136 3 3 38 118 105 240 320 0 1 2 1 4 1 13 30 26 15 2 3 3 0 41 65 118 239 90 6 2 7 7 3 40 10 424 53 1129 0 0 209 86 4 4 0 0 0 0 1
129 118 140 145 308 532 53 20 350 141 269 1887 16 1 3 8 4 5 19 5 253 522 53 9 32 2 8 6 116 156 122 409 3257 156 1 0 17 244 33 9 402 1 25 35 50 17 13 88 4 50 16 41 30 119 72 38 41 41 4 0 8 48 16 4 9 10 71 8 61 21 21 4984 4282 400 211 45 2372 110 5606 13 47 28 633 345 356 192 8 34 50 25 32 68 4 17 41 384 4283 445 111 7 122 98 163 615 131 624 17 22 50 93 131 815 8 7 1 7 9 1 3 9 77 24 17 80 54 5 7 2 1 2 94 8 328 936 0 357 0 8 282 110 1 20 4 44 170 6 5 0 49 23 19 2 6 9 0 7 26 37 7 12 109 43 22 63 71 10 12 12 4 1 137 58 13 12 2 16 17 2 10 2 850 293 131 12 12 415 4 2 15 16 169 13 4 74 333 35 74 8 1 20
