17.6730495319546 25.8884717389661 26.5785767984775 35.3807429806052 58.4237763693287 50.1250450677912 28.9219751843063 32.1081873540498 71.2869823680204 63.2156968260016 103.360204145643 66.5462661287678 0 0 190.530426025391 193.80829111735 0 0 220.685520172119 0 120.818898718342 131.833482265472 0 217.413096110026 159.89180094401 165.345840454102 163.484358787537 149.736523219517 29.3919371833816 21.796899182361 66.6017147305646 96.2645304396346 116.664259704889 159.062972477504 137.678512573242 0 149.744516372681 149.691810376716 160.960277557373 190.499468023127 95.4130492823084 157.052307128906 221.365875244141 0 0 220.74055480957 173.082013024224 171.138637484037 160.024654019263 195.137886047363 148.540645599365 169.723515780467 98.0011310260256 94.2185083971995 120.773146172835 110.194055365038 63.163609903605 155.535664367676 148.961006164551 0 200.966970825195 174.88128918457 196.176923116048 180.112911987305 131.704542160034 0 92.2461716531803 163.455020904541 151.251197814941 184.009054113317 181.392288871433 116.41670984076 174.462253570557 147.893565529271 147.066990879604 182.269335065569 112.067942352295 221.102645874023 143.559131334413 170.53974369594 186.916979843311 183.512784685407 120.687583966853 105.722927572352 114.898422261592 103.6219478911 160.081845370206 192.670502033639 187.723425491996 207.354667663574 197.695335388184 146.135590638506 171.755502929688 177.216641845703 183.171469552176 90.8470118472451 100.956872878536 51.4128788701252 141.014817751371 88.4457192169993 175.216889669729 175.654635620117 152.837183556906 178.397357141548 174.218483664773 171.73066613613 178.75129699707 151.842821393694 176.764405470628 134.811842466656 153.054262161255 169.156928985958 0 0 0 0 0 0 0 0 212.300064086914 197.308502197266 0 191.60107421875 177.145416259766 186.931449890137 0 0 0 0 185.109523607337 202.058639526367 153.80688975117 163.147216465162 0 170.26645262345 0 224.700820922852 172.388952527727 180.793115615845 233.627243041992 183.971827189128 0 197.162581125895 181.630745442708 0 171.987182617188 0 171.239845275879 0 185.21208190918 238.117736816406 0 215.898797607422 0 0 228.303131103516 222.24859161377 200.192193603516 222.617416381836 213.850359598796 207.784371948242 218.265472412109 198.921848072725 176.414883422852 184.766647338867 0 0 234.217834472656 0 197.269981689453 191.503649198092 165.236282348633 219.092498779297 207.749221801758 201.374827067057 240.898956298828 0 195.01335144043 0 154.616116576725 170.568798610142 123.035491943359 225.43090057373 243.36686706543 148.096347575285 197.303131103516 221.970153808594 224.25205078125 0 217.400540520163 227.11224937439 196.321853637695 171.893424987793 133.531006583685 185.84162902832 189.956856282552 199.432601928711 0 191.271372477214
25.8884717389661 12.7431760086822 24.8470397510002 18.8338776819088 31.6339226609237 44.7412070843283 61.9772018432617 63.8594544789437 78.92378876426 91.5578546726957 106.856570299934 56.9687055216895 227.207015991211 0 193.637725830078 177.583847045898 0 0 162.772354125977 195.499267578125 123.703083086617 140.226917266846 170.095001220703 210.284189860026 172.689544677734 0 0 172.604904174805 78.7689124908915 22.1335150967261 124.160659132333 104.382991513339 108.482985040416 105.614685058594 0 0 155.899574279785 177.137277603149 0 197.522384643555 99.3371146425556 231.020584106445 208.18505859375 0 0 223.136367797852 188.42453511556 185.048032488142 152.494323730469 198.815414428711 156.317609285053 178.618424244416 118.879337086397 112.874087559695 140.355400949154 119.846105687758 97.5398927835318 0 0 0 190.99934387207 211.416658189562 206.799655914307 160.404273986816 178.746864318848 0 97.1307782349157 181.836227416992 171.634691874186 192.189676920573 196.078384399414 110.24002379078 166.115946451823 163.522525024414 182.603623708089 183.981842041016 116.149428734413 188.416122436523 131.084373235703 176.492202758789 194.528022766113 200.840362548828 132.89503226722 115.272676028506 121.505890588593 108.449491177225 154.16325378418 200.094323294503 190.297947474888 204.621841430664 199.424779891968 152.666393055635 186.151268005371 181.497942756204 195.815898895264 149.612785339355 99.322531266646 88.118805290671 139.065999031067 199.824310302734 180.050462805707 178.786722946167 136.533889659759 177.466138825867 167.875104675293 174.704545265387 180.587844848633 164.831558651394 173.596786499023 140.129205865375 160.48508022993 170.460155777942 205.548095703125 0 221.284698486328 0 0 0 0 200.843612670898 236.737503051758 172.555358886719 205.676467895508 184.106506347656 199.349267578125 0 145.599090576172 0 0 0 185.114186423165 193.591526031494 155.438683558555 160.599995102993 0 165.435067427786 0 0 169.927437133789 177.683152770996 237.186935424805 0 220.121658325195 200.228872511122 181.737083961224 232.399124145508 211.442916870117 0 185.385856628418 200.451446533203 157.071136474609 0 0 214.416632080078 0 198.925750732422 224.061050415039 232.308099746704 0 0 213.369661656822 207.34809758113 214.113310072157 193.810917904502 161.972912875089 163.546325683594 195.768371582031 0 0 0 199.238219003829 185.96068854081 160.398277282715 0 0 221.06307220459 213.962509155273 0 0 0 148.938349280852 159.583746450919 162.855457305908 0 222.701283772786 135.827778167725 184.502716064453 0 209.146062215169 0 212.896358947754 226.258361816406 220.409851074219 160.720259232955 134.010152372202 186.201286902794 184.618918863932 0 0 207.811017354329
26.5785767984775 24.8470397510002 12.4205088243098 19.6160582000727 158.182216389974 40.0767734020571 62.5557040794223 21.6139947142299 70.8406637934328 18.7725097337188 60.2024985239015 41.8311384690886 0 0 0 242.10466003418 0 0 244.845184326172 0 130.36623757461 165.154876045559 178.637903849284 205.706718444824 192.572598266602 0 247.171615600586 0 93.0767943508654 101.617499278142 163.908859654477 102.712461471558 118.551726501767 194.20051574707 0 0 163.039070129395 172.337743759155 198.120758056641 211.696411132812 101.469525393318 0 221.792518615723 241.769180297852 0 217.644798278809 184.02121110396 182.394300079346 166.613912794325 199.794408162435 161.277800649967 177.141763708094 120.059805128309 112.417053919758 136.08492239726 119.553504549224 125.542143298734 177.532180786133 0 0 201.036010742188 220.819067001343 217.883558000837 182.011405944824 230.519882202148 193.468470255534 98.9956748011258 184.658209228516 216.408977508545 190.318597412109 188.655460704457 110.571844591413 164.297756740025 209.781349182129 180.255190531413 190.166018168132 64.0738609912349 0 141.557509702795 163.509923299154 194.875309811363 182.29219524677 132.47483854748 114.862240409851 120.758615251998 108.306636414942 156.508783976237 199.061698913574 194.759771619524 200.258640834263 213.433975219727 150.860590315135 178.637249666102 178.524672257273 187.146062360491 180.339657738095 92.6106221675873 89.3549602137203 143.500088778409 188.21125869751 176.611477830675 175.727136294047 69.5716569602988 178.505435519748 169.784229278564 174.36744870575 185.17772376019 164.372584025065 177.694567512063 137.216363940323 161.769301936312 171.198849403357 0 0 0 0 205.271209716797 0 196.230293273926 0 224.87077331543 0 0 174.13262769911 190.127401733398 208.85563659668 216.073501586914 0 0 0 179.305619210908 188.359375 156.784084260152 163.151061772052 0 168.526663025813 0 0 173.746103922526 168.390710013253 231.24690246582 211.305557250977 222.829437255859 197.23263402139 184.22195633598 221.00602722168 174.527313232422 0 203.478591918945 206.738861083984 228.184700012207 234.094055175781 0 212.509744916643 0 199.585090637207 226.169104003906 228.763492838542 221.517440795898 203.226028442383 215.21134185791 208.15531094869 207.22051348005 202.117094894935 169.901045799255 0 212.802597045898 225.451950073242 0 191.522537231445 201.813334836798 192.525793636546 163.487529754639 158.819519042969 0 226.312266031901 231.945337931315 192.090972900391 233.271428426107 0 150.97514732153 157.084277448983 147.596205575126 0 227.657325744629 138.003546396891 227.927589416504 217.498977661133 205.042259216309 222.611666870117 217.293573716108 228.884563446045 0 163.919034576416 130.638683107164 191.41358462247 199.830461200915 178.727035522461 0 185.456817626953
35.3807429806052 18.8338776819088 19.6160582000727 9.76236439275126 21.9113323797162 26.0051736747707 85.3118681277869 73.7686817269576 72.2989336649577 66.6455485710731 109.737156338162 30.5169175793888 0 0 243.346572875977 238.213333129883 0 241.362365722656 216.500335693359 0 118.83627166748 120.637465159098 0 223.70692952474 0 0 0 120.806221008301 79.5126571211704 30.2869075252394 67.8412692642212 80.1445938958062 97.8204632240888 218.864379882812 0 0 151.224143981934 180.273166232639 0 169.800214131673 96.4175161305212 0 213.679725646973 182.813369750977 0 0 156.648475646973 170.672027587891 164.029764175415 179.224182128906 150.838280814035 173.159061597741 126.230604807536 111.342421481484 135.282222595215 118.764954672919 69.7364939256148 135.248580932617 0 0 0 187.107557508681 196.220153808594 187.104080200195 189.2763671875 0 96.6185669551622 184.942184448242 191.013730730329 197.326670328776 191.898452758789 95.9729572953849 176.701074872698 161.454816818237 168.146662785457 0 102.779134750366 0 119.834308751424 174.561599731445 189.148785545712 180.455810546875 132.925833307902 113.875948389653 116.932240401164 101.872150894499 176.65661239624 195.065690040588 194.576954142253 201.245498657227 213.684722900391 148.66672701449 173.155410766602 169.426036071777 185.585117340088 140.556791452261 94.4503810963732 96.6951711588892 121.404816182454 110.390005111694 175.23189195536 172.572049654447 76.5755389247024 171.984512296427 168.346366450472 168.553435243993 169.422052001953 153.33690071106 174.855815540661 135.362853206805 152.924592104825 165.220094329834 153.771118164062 0 0 199.238143920898 215.18034362793 0 193.503082275391 181.710113525391 151.731880187988 0 165.391021728516 182.601015090942 209.983640398298 153.337387084961 0 0 0 0 180.208831221969 154.595066070557 149.767462279899 154.710634838451 152.21940612793 157.488467216492 0 0 160.41544566435 161.596374511719 206.029266357422 234.197952270508 0 195.654830932617 177.639846543134 201.324371337891 0 166.405136108398 0 204.058670043945 189.654673258464 0 0 206.195148468018 0 216.473098754883 239.345097859701 227.664975253018 212.319984436035 198.395584106445 212.075322931463 203.042241668701 205.815745544434 183.887965698242 149.454924583435 0 0 242.53515625 0 0 201.877890014648 176.0263671875 0 231.166229248047 0 0 242.391731262207 183.104751586914 0 0 143.725679609511 156.950219896105 152.968555995396 0 204.801467895508 136.225238093623 186.343017578125 0 226.463928222656 207.710968017578 211.961056592988 220.166702270508 0 159.868885993958 124.940515645345 177.989820480347 197.218026733398 222.963012695312 0 177.162796020508
58.4237763693287 31.6339226609237 158.182216389974 21.9113323797162 18.6837588666444 27.4173577485416 58.4433889884711 103.350908544999 96.6130983689252 127.51245993155 112.075294641348 63.3722290764543 123.254577636719 94.6156145731608 82.5963299091046 128.358942576817 154.19185256958 173.843322753906 215.120529174805 187.946968078613 99.5456228989821 102.964934006039 88.2090221405029 145.880431435325 117.853146870931 156.739776611328 128.431158177993 104.235578403916 62.0947215394264 31.1301411524826 24.5778059463793 37.1498928348529 67.11246486091 66.7956369400024 99.4356966018677 0 94.6050291061401 83.2919454741896 108.787545464256 145.439224243164 87.8926861338372 123.678642272949 158.700627644857 147.398969650269 0 150.813879224989 124.651726899324 139.216491735781 141.643269220988 178.679039001465 161.398764359324 172.371709084024 112.778042087307 103.225461282535 131.139305114746 112.308889508247 38.7103935465356 64.010792016983 116.786366271973 155.935813903809 133.367368425642 151.782648147836 144.58513382503 132.49977308704 116.277582382773 123.736663818359 84.8127195725747 156.502729242498 124.004449109922 165.873289094148 166.693154595115 76.6879897179542 80.8507672377995 188.787424087524 72.5800713949253 137.549138901081 117.724189122518 218.060958862305 106.141716690063 172.25989151001 179.472443096454 178.509487915039 124.437637070876 104.921393159378 106.825043343421 90.3330614824832 131.830853181727 186.320669174194 166.467571860866 191.838226318359 171.916933464281 151.252514061561 177.18314743042 169.434945787702 175.24568977356 31.6121239594077 79.3627243041992 78.5285645304499 101.288647775432 18.9529090128175 169.968957519531 157.972142671284 163.516108748936 162.387645699637 153.832478022171 158.055058135083 165.541978624132 151.052559988839 160.521212542499 125.94339703499 140.50924811929 155.862518138131 0 188.058990478516 168.512321472168 189.122840881348 150.163986206055 0 164.115432739258 186.182769775391 188.907558441162 176.84755859375 166.739776611328 162.791598849826 203.265759277344 0 0 197.009567260742 0 0 175.078267877752 189.916127522786 140.473299839186 145.415300817298 0 152.394153594971 210.552059173584 140.106582641602 158.682329963235 156.093566894531 177.551169259208 169.643252563477 179.42632039388 184.79794216156 168.784603030183 207.551528930664 156.168670654297 152.896003723145 174.754727290227 194.911719874332 190.356379191081 223.863122122628 224.938223702567 0 0 192.330612182617 235.64213180542 218.442807515462 193.397052764893 186.997146606445 200.507792663574 198.525800264799 195.180777413504 185.608134219521 148.16589620839 194.270454406738 177.749883015951 193.778900146484 213.761001586914 169.558881759644 188.389890497381 168.816922639546 172.899688720703 156.807591756185 203.49463297526 196.165191650391 228.5087890625 243.737342834473 201.362593078613 0 134.805299250285 145.079931961863 140.120591905382 210.067657470703 212.65658738878 126.408635864258 162.83277130127 208.609359741211 219.750720977783 184.222244262695 205.628718195735 207.448658336293 206.80827331543 157.34409942627 118.006365966797 177.604285240173 183.416140104595 145.458923339844 0 195.98659769694
50.1250450677912 44.7412070843283 40.0767734020571 26.0051736747707 27.4173577485416 14.8208329816691 74.2268868410301 80.5074421430038 83.4568301010132 56.8652192908664 84.4535311774204 27.7982723840181 0 108.220598856608 217.583965301514 146.681110088642 213.436408996582 225.868377685547 187.512032402886 191.95351155599 106.414158682028 110.487745019774 116.782633001154 202.552673339844 135.662197113037 222.284530639648 141.483715057373 110.693102645874 82.103191147611 48.5984066063815 50.9476113199186 18.7747810919177 48.8340823186554 69.4639186075289 94.2782796223958 0 100.502041816711 98.7765396073548 118.225538170856 178.184366861979 95.6217778288909 0 190.502293178013 162.424537658691 239.824851989746 181.84651184082 164.529126909044 143.761065662355 169.356285821824 212.7849609375 159.957485568139 184.357783462062 125.774893736228 115.249983151754 141.473621443206 121.010339563543 56.3836769218904 37.9909733136495 156.557529449463 0 169.929458618164 158.541096278599 175.062007772511 151.423414611816 126.100628939542 0 96.5366047567167 169.932302347819 127.77108531655 179.699000244141 178.568644355325 88.6747930677314 95.2726954658433 152.636033935547 75.178311033069 146.745082017852 128.361707110738 157.005386352539 111.821732012754 180.223416415128 195.219180603027 178.510856628418 134.104706288785 115.887726225627 115.350796970195 99.436849457627 153.82746553421 198.795704808728 183.057986059854 196.660372416178 170.388381958008 152.342910671234 186.588969511144 177.124615876571 177.588233642578 49.8455407231353 78.5084330183349 94.320657007745 106.507689109215 97.0212906171691 167.082277545492 163.322772166768 147.466912047008 167.303457841949 161.601949967678 163.138525559852 169.514325459798 165.658704024095 165.451170148641 130.368765388101 146.090251082081 160.238167935691 152.604064941406 200.555236816406 185.1328125 171.808410644531 134.914428710938 0 0 0 209.073506673177 185.515403747559 164.055308024089 173.694234407865 208.810046925264 178.693725585938 187.920837402344 236.240737915039 0 0 173.440854085286 187.757769775391 145.91997343685 152.827214684387 0 157.823447493256 0 127.696517944336 160.985614885603 174.580778855544 0 154.939137776693 0 195.762312917998 178.355042811802 194.103546142578 161.558967590332 154.862403869629 176.091920216878 188.220413208008 188.96738688151 183.27668762207 177.138519287109 204.980586242676 0 180.035621643066 230.469507390803 213.150304723669 214.842231750488 193.699612426758 202.655210589418 206.283208211263 194.550112516984 188.998866541245 154.337855635018 182.062997436523 188.589691162109 202.946810913086 0 158.055973052979 192.387502685547 175.232396697998 150.069073486328 0 214.489265441895 199.970550537109 214.943412780762 195.183898925781 200.464318169488 0 139.205519710535 149.697045687971 115.42967054579 155.668296813965 227.082135009766 128.383014210483 170.041726006402 221.354782104492 206.952969719382 204.115921020508 206.7383720461 197.863313947405 209.590633816189 155.919176483154 122.330356927227 177.355162215559 194.009378132067 189.02564566476 213.30632019043 165.877811431885
28.9219751843063 61.9772018432617 62.5557040794223 85.3118681277869 58.4433889884711 74.2268868410301 12.9869106976848 26.3657634025334 16.7015107186777 42.4264148501557 54.9473459135104 68.6186166615247 0 117.535270690918 107.141868591309 114.633450826009 170.75129699707 0 221.34033203125 0 116.814884185791 122.403876781464 0 145.068265279134 133.712333679199 0 176.002853393555 120.909007263184 28.4738441250942 40.1551396648681 58.6926988261253 79.3488525043834 95.6935602271039 116.338352203369 103.912475585938 0 95.3838068644206 115.391968174985 136.926091766357 207.902282714844 101.992804912307 156.121139526367 140.138652801514 173.689643859863 0 205.095779418945 157.910585021973 156.427035111647 0 144.549797058105 141.113935198103 158.913809204102 84.5726486663818 85.0245600195803 102.835119577555 99.3917224190452 53.7752334291285 109.025535583496 0 0 0 165.416493603307 152.033024088542 158.003005981445 128.657693862915 0 94.6723064509305 118.858360290527 143.702635944753 176.317270914714 182.749426269531 105.122577883163 102.66544908796 101.817591031392 115.891861234392 162.145483652751 65.4279754362911 0 111.713998758568 0 192.76064772833 162.780780792236 107.19141604492 102.422961397374 117.119675034743 105.932272451895 164.619735717773 186.816268920898 190.147074018206 192.737777709961 189.487783813477 135.140922742012 199.965042114258 173.236684163411 182.805615234375 76.3920665878847 71.1334909200668 26.2022099778909 117.87592976888 64.9280900682722 130.840831859692 152.858750915527 152.160999679565 157.524626001135 155.385144160344 149.999690246582 135.048463609484 113.208247937654 138.828446252005 106.459654751946 131.580414009094 147.296788509075 0 0 0 0 0 0 189.892456054688 0 171.686706542969 243.622161865234 0 165.169044494629 0 0 134.432540893555 200.239059448242 0 0 180.307703018188 196.58144124349 156.094353287308 149.283632507324 0 169.350444793701 0 0 157.194120553824 182.407432556152 0 239.742889404297 0 160.104423522949 174.842761993408 0 0 0 0 208.460014343262 0 0 227.500717163086 0 0 158.690433502197 196.54768371582 233.968475341797 0 0 204.194277954102 194.135004679362 185.409217834473 194.09970703125 168.40291595459 0 176.820510864258 0 0 0 200.0537109375 0 0 0 244.575836181641 0 208.795562744141 241.38948059082 204.721389770508 0 140.953921782665 155.944691975911 121.983834838867 0 228.006324768066 129.032714080811 0 0 204.162666320801 0 219.694582621257 219.145950317383 0 162.885162353516 105.90211829161 132.864801847018 180.798599243164 0 0 151.584686279297
32.1081873540498 63.8594544789437 21.6139947142299 73.7686817269576 103.350908544999 80.5074421430038 26.3657634025334 14.9973586501054 30.2365251628757 24.5561241183319 41.576808179035 48.9549134407166 0 184.503799438477 189.310440063477 213.700302124023 0 0 132.702484130859 0 127.940686625819 168.016387176514 171.872665405273 230.394958496094 160.90837097168 0 232.872024536133 0 72.3476009607858 54.1540062864413 115.082905769348 117.512192317418 97.9227235755142 149.314427693685 0 0 128.091552734375 176.490291050502 0 201.731965637207 93.5197054417928 182.101623535156 229.405494689941 0 0 225.56315612793 159.648930867513 182.244837143842 153.773544311523 183.481769137912 148.39343399298 162.944574967171 103.459299212921 95.2763328724467 118.508273565281 104.71670627594 126.994731685093 167.388955688477 141.527252197266 0 0 204.265544128418 197.552396501814 205.383346557617 182.406364440918 188.478187561035 91.6257946701859 179.032619769757 180.854644775391 180.521771944486 180.203304515165 133.92100276947 178.647206420898 156.234658893786 164.946022914006 195.367408752441 45.2284810233251 228.343139648438 156.660781659578 165.243105570475 181.892989877554 167.311122131348 116.28813056257 102.122314698601 109.816515805644 102.827434577564 155.797163221571 185.275360584259 187.788433074951 219.817024230957 199.39835357666 140.796361072954 171.441916725852 169.910808338838 174.630084767061 154.187518872713 79.7752166748047 60.3936258680663 156.648951530457 147.040989467076 151.811790466309 197.589303588867 164.472954374371 173.010277719209 169.54970296224 162.230551380222 174.328956604004 136.097066497803 153.926169451545 115.691540082296 140.185326819326 162.836056361123 223.43864440918 0 0 0 0 0 0 0 195.710983276367 0 0 196.178732299805 244.195983886719 197.13166809082 0 0 0 0 189.465835571289 0 157.212530612946 174.490336542544 0 176.086386429636 0 0 198.014329528809 190.547975328234 0 206.128997802734 0 210.952014923096 206.372085571289 0 248.48762512207 0 173.534993489583 0 0 0 232.315231323242 211.452575683594 0 0 237.255393981934 223.464141845703 191.562266031901 0 215.431646728516 160.056640625 206.626724243164 169.296020507812 200.663365681966 0 0 0 0 0 204.511103312174 243.164009094238 0 0 0 0 0 0 192.685943603516 0 159.879742032006 203.025485992432 132.282862854004 0 222.353973388672 171.274612426758 0 0 248.205139160156 201.787063598633 223.193908691406 0 212.469482421875 169.36056137085 120.477655751365 153.330991956923 0 216.470245361328 0 0
71.2869823680204 78.92378876426 70.8406637934328 72.2989336649577 96.6130983689252 83.4568301010132 16.7015107186777 30.2365251628757 13.1443069319024 26.0463979372351 52.8794382129397 68.2158778972548 92.3884231567383 0 0 0 0 0 0 0 100.582875823975 99.2791011644446 106.6226978302 0 111.734596252441 122.75269317627 0 0 64.9915087174396 75.1791721690785 100.57399597168 70.2446612189798 77.3180329459054 176.673324584961 0 0 144.765289306641 139.238207499186 143.438186645508 0 120.694491753211 0 0 60.9287242889404 91.7001097305961 113.111557006836 84.0629425048828 172.731643676758 147.672771453857 108.627517280229 156.735771179199 157.373232454867 77.0975155966622 90.105983824957 91.8463493115974 136.139022827148 89.6557636260986 0 0 0 0 199.458877563477 172.667007446289 0 0 79.8374702453613 103.678754170736 0 161.413879394531 191.229598999023 152.24755859375 55.0614506857736 83.1125659942627 46.4146843252256 125.713161468506 0 45.4866556457585 56.6328925417181 64.225505569458 141.053540437118 183.888683319092 128.821389111606 104.745520532131 104.117883173625 119.175774468316 135.443130493164 157.113250732422 152.228776261613 152.811178588867 126.283303913317 137.399360656738 169.80260848999 0 0 200.079177856445 107.716157913208 21.9314360441673 27.8467121772529 95.3024501800537 99.2776921590169 132.953249844638 173.614379882812 128.893932342529 171.791228554466 179.716690063477 154.880313035918 108.842185974121 106.867451985677 126.82418568929 112.644541226901 136.797919533469 158.73886962164 0 0 0 106.674263000488 98.2738189697266 0 0 0 104.228649139404 0 0 125.735336303711 0 104.146423339844 100.903190612793 0 0 135.336349487305 0 0 139.197421073914 147.881694369846 0 121.983889411477 0 0 107.017044992158 113.432054138184 0 0 0 182.203239440918 154.933866500854 0 162.349304199219 0 99.6438217163086 161.923797607422 0 0 0 0 0 0 219.436904907227 186.864532470703 0 213.894512176514 168.126108805339 0 0 192.005752563477 165.310890197754 0 0 207.118499755859 0 99.8265686035156 204.247756958008 187.244819641113 160.602912902832 113.843162536621 178.86457824707 209.431686401367 0 200.765884399414 208.76383972168 0 135.785259849147 108.118968963623 69.4426743434026 248.152282714844 0 106.317918777466 232.029968261719 0 200.688180541992 0 181.998321533203 202.877009073893 186.165451049805 187.684280395508 123.931959298941 173.663719177246 194.616587320964 0 0 0
63.2156968260016 91.5578546726957 18.7725097337188 66.6455485710731 127.51245993155 56.8652192908664 42.4264148501557 24.5561241183319 26.0463979372351 13.0405895766115 20.3281382103364 28.0909528403843 0 0 0 145.578018188477 160.936803181966 214.41242980957 176.622189839681 0 127.194864126352 122.94605255127 83.8784561157227 0 0 0 197.194244384766 0 84.1647117301209 99.2436076572963 124.073443821498 81.4494954427083 68.4266707185027 157.157199859619 0 0 151.700103759766 185.594378662109 0 0 99.1215867542085 0 0 218.77604675293 104.145065307617 185.194313049316 152.607391357422 163.076065063477 145.108702523368 151.160901750837 142.481022921475 159.308111190796 104.199489564824 97.7999924450386 120.551586497914 107.436961364746 133.983877702193 167.335525512695 0 0 213.386947631836 180.413856506348 0 176.57926940918 215.101776123047 91.9069519042969 105.02187739781 201.685852050781 184.632514953613 176.235865275065 173.484504699707 57.8250666273401 134.198544502258 102.727650960286 176.950023651123 221.639678955078 25.6097820455378 0 112.044691485028 159.345153808594 186.351043701172 177.453796386719 120.116461901689 104.613158759721 111.443558102562 111.905713611179 0 190.608585902623 181.874710083008 236.080657958984 0 143.356826586601 191.164646148682 179.664443969727 181.211196899414 143.621966275302 14.6857191310099 53.3716198152111 126.456657409668 0 126.380754721792 151.690141760785 138.434426116943 139.538251533937 143.436585835048 132.883971352067 132.044501809513 101.921755608092 131.648277041787 94.4045807520549 115.462726537329 133.055490364367 0 0 126.98454284668 0 0 0 0 0 0 0 0 165.746529897054 198.643768310547 0 0 200.32991027832 0 0 171.037028842502 0 130.822869734331 132.884021165636 0 166.817375183105 0 0 153.631424398983 0 0 157.533050537109 0 196.737513224284 201.457302347819 0 120.094573974609 0 100.280860900879 157.267433166504 0 0 0 162.24885559082 0 147.624313354492 199.081802368164 210.912221272786 0 196.367889404297 172.183591402494 191.010540008545 189.701166152954 155.04588470459 153.90718460083 0 212.031021118164 197.305130004883 0 94.1351013183594 176.062526702881 164.027270507812 0 0 0 0 139.213424682617 0 159.272750854492 200.850601196289 111.129611333211 148.914245605469 77.8205765618218 235.298141479492 0 95.7808269847523 156.38374710083 136.240097045898 198.859113693237 0 190.474434485802 222.917633056641 0 172.547454833984 88.5919993009499 116.180187793488 234.405311584473 0 0 168.153816223145
103.360204145643 106.856570299934 60.2024985239015 109.737156338162 112.075294641348 84.4535311774204 54.9473459135104 41.576808179035 52.8794382129397 20.3281382103364 8.4414741935138 17.8613893557051 0 104.690208435059 157.326034545898 170.69970703125 0 186.088943481445 201.887454986572 0 108.086919784546 96.2303771972656 0 0 153.492080688477 0 0 0 92.1618535301902 133.39383392334 136.440442085266 115.735399723053 65.9300727679812 0 0 0 0 159.72193145752 218.351875305176 0 101.239028438445 0 242.654800415039 0 143.542030334473 142.503898620605 0 110.584106445312 202.88729095459 180.090286254883 149.199024200439 185.533584594727 115.461019897461 110.62860545174 132.395056406657 107.113233293806 73.7812480926514 0 0 0 0 0 0 0 0 0 92.4332027435303 0 164.556144714355 177.314205169678 164.61513264974 38.7543746680575 149.267314910889 112.002740859985 219.043403625488 0 12.3541150336053 77.2805862426758 88.9740183088515 150.500823974609 184.036356608073 0 126.714035278973 110.444411357244 125.351345825195 105.367621830532 200.081100463867 171.411565144857 133.155563354492 0 174.765899658203 150.307120186942 193.504371643066 167.228958129883 140.826477050781 84.670539855957 32.4888154526105 72.1331925506592 121.564842224121 154.472732543945 141.859399423659 148.58600251571 145.041809943415 144.934003369159 142.021020208086 140.716189618469 147.289172172546 118.135582663796 142.866314951579 107.532539663644 126.878675831689 138.831384410377 0 0 0 0 0 0 0 0 131.241104125977 0 0 156.728546142578 179.540405273438 166.508010864258 192.17317199707 0 234.499588012695 0 172.020857493083 205.580757141113 127.707013427734 130.718434955002 0 148.760086483426 0 0 149.840574784712 160.231965382894 0 164.399814605713 0 175.228044128418 168.257022726125 154.755599975586 154.101550292969 0 112.276191711426 180.653472900391 124.848670959473 0 241.764556884766 183.325031280518 0 172.092906951904 226.810077667236 208.160147094727 230.428833007812 0 188.446002778553 181.600504875183 164.007501390245 169.303364276886 126.465538024902 0 153.969940185547 238.880493164062 0 0 178.700312137604 158.461046695709 0 200.566116333008 0 0 218.564193725586 186.325984954834 170.164117431641 0 118.528069745682 130.604631696429 81.3253756761551 121.287254333496 216.967498779297 99.2936042259479 171.785675048828 185.36018371582 189.812889099121 0 189.646484002834 200.642444610596 0 145.630575326773 98.1558194282727 136.362646865845 163.718507554796 195.544769287109 157.43913269043 153.40185546875
66.5462661287678 56.9687055216895 41.8311384690886 30.5169175793888 63.3722290764543 27.7982723840181 68.6186166615247 48.9549134407166 68.2158778972548 28.0909528403843 17.8613893557051 19.4038607028398 173.810409545898 0 149.407146453857 175.417671203613 206.068778991699 191.386154174805 204.42765045166 191.389472961426 112.720911723361 111.374087692667 88.0090840657552 201.920501708984 140.167563588996 0 128.824508666992 100.955200195312 104.639875888824 75.6545164396627 79.9350168941585 32.3214105522551 28.3143626920696 115.658970612746 0 0 159.542041778564 122.768885171542 124.126914978027 157.998344421387 105.506050101377 190.471412658691 172.969711303711 205.834072875977 143.724012374878 194.04887898763 171.881338639693 159.578730879159 173.717959317294 164.7509765625 170.084586403587 182.70443029571 129.412925640742 119.602825188787 144.059392401513 123.123707704766 85.2249158290044 137.897620201111 0 0 128.881088256836 177.099308172862 186.107748031616 166.123809814453 144.367589314779 150.769306182861 109.704384603214 169.325280325753 149.848021882953 190.278331298828 188.280628022693 37.4520928144581 99.6915970087051 116.16474656801 137.484997749329 151.609987168085 24.2125197803851 134.275249481201 59.5091412606901 170.569356282552 196.41336638352 184.255201920219 138.722096419842 122.451682629446 124.772497570568 110.106695956871 157.447505187988 197.930214815362 188.820409051303 208.643938337054 187.471775054932 155.65518913269 192.290760713465 183.611459619859 186.875347561306 78.5207183459573 60.835061227187 90.4258430062571 115.663285659531 140.993671123798 165.289188909667 166.261406760179 154.479332730046 167.005869102693 158.741152660854 162.66188958449 168.860750111227 147.875391750801 166.077624320984 126.787558682287 147.417757764939 159.589156875645 156.352523803711 0 155.071243286133 175.325078328451 0 163.787452697754 155.721664428711 181.190250396729 172.666891098022 225.770973205566 0 172.137659127372 193.0509884742 193.08974202474 186.647351074219 235.284576416016 0 0 172.57381988331 186.885981241862 145.060929475007 150.046250625213 133.630020141602 154.312075455365 188.689758300781 138.057800292969 160.266728107746 168.31174659729 175.613777160645 208.858401489258 199.583984375 188.679875488281 180.752790174049 218.03993733724 155.109469604492 155.419647216797 162.37978515625 192.293610572815 195.852282714844 246.410095214844 248.276275634766 202.891708374023 234.779647827148 184.190995352609 225.667601845481 220.616175218062 207.41460609436 228.027684529622 206.102278590847 195.309393019903 198.074795639306 186.743470172493 151.926919824937 147.494157791138 203.424179077148 212.687341690063 195.387318929036 175.707397460938 194.396717071533 173.473946658048 185.913232421875 152.963037109375 221.537963867188 208.354471206665 231.76823425293 194.846737670898 205.119506835938 215.550926208496 137.976494310263 142.074135219928 123.30458142384 197.470649719238 213.890931871202 124.274007018732 189.357526605779 188.282145182292 210.084115600586 186.543775770399 204.482044716307 213.16224822998 241.265635172526 154.005503443668 118.675554854529 171.136188970136 190.808457473229 174.313785976834 0 196.075369262695
0 227.207015991211 0 0 123.254577636719 0 0 0 92.3884231567383 0 0 173.810409545898 17.0194136053877 130.560470581055 91.3309048739347 39.7582953960338 68.3922951221466 27.2094728500771 28.3518903355359 53.3316523882808 0 143.391067504883 71.4546546936035 97.7311981201172 0 0 90.9078967959382 153.538236618042 197.752914428711 0 0 0 77.9089956283569 0 83.3368988037109 0 60.1672706604004 65.6489773050944 75.8392985442589 135.26290512085 92.6453297391851 74.5445346832275 96.9624407493462 26.436997703996 26.4788638702532 31.9831080662214 196.649192810059 127.660009111677 86.1005229949951 47.2120733383899 112.517671203613 124.318333943685 0 0 0 0 175.758135477702 121.28645324707 158.950576782227 0 27.7081255229931 127.479357855661 99.732597582268 90.5282145413485 113.671245799345 36.2588050334485 159.396118164062 0 117.093985022568 129.748693193708 104.809214943334 84.9101667404175 79.4648550237928 28.9090716394327 109.15259552002 128.812448229109 55.2396234038529 45.1426394704127 68.5593980499325 148.248853047689 110.278425216675 80.6506484702781 227.975997924805 199.318176269531 0 167.961364746094 0 95.1331857660765 91.8949195915926 54.9596432388806 51.0943039550975 111.977116266886 0 150.315895080566 104.78155225118 200.869041442871 84.5870335388184 133.01070022583 0 0 0 151.089561462402 0 187.159016927083 163.155385335286 181.08381652832 0 121.841217041016 0 212.191497802734 0 162.349873860677 148.426345825195 106.566968378031 87.4531090596989 118.565198989142 107.903045654297 105.486823127383 134.627687307505 94.7732258428094 129.443175021085 99.344521200396 121.476090204148 182.884918212891 190.994222005208 118.495872497559 162.834040323893 120.323669211378 148.957712809245 114.873912302653 174.475328298715 153.771357116699 152.060582128064 155.424341474261 126.386074066162 147.598992816472 147.807281494141 0 137.929398854574 132.138996687092 97.9529611240734 179.956245422363 103.314438500038 0 171.570896693638 124.068404264228 80.7871680817047 72.7396536755773 96.339143932109 97.9549417930833 168.835296630859 155.181747436523 150.137007577079 135.602335611979 144.815601348877 109.092615763346 186.635437011719 199.966018676758 189.913932800293 165.898096720378 0 231.95876566569 232.013061523438 188.237833658854 144.793249431409 178.430160522461 95.2614445405848 116.252672236516 115.319123701616 43.9064651854044 204.345271519252 202.816514756944 156.999635696411 150.696994781494 129.108263702393 109.519306297762 176.439220428467 162.802574851296 107.29195655436 115.995463053385 157.640493665423 124.661019897461 47.8105767595007 177.039851379395 108.727829488118 117.811440785726 153.145290374756 92.4110336303711 149.638287275265 231.861450195312 239.134292602539 136.849834555447 152.981756650485 158.729596260266 115.332249450684 175.549667358398 201.429743448893 172.494369506836 0 0
0 0 0 0 94.6156145731608 108.220598856608 117.535270690918 184.503799438477 0 0 104.690208435059 0 130.560470581055 21.5649632833838 27.0012715540541 42.2250814652919 35.3187867834629 85.5920631620619 114.458151435852 51.1959761937459 113.54313583374 103.392480649446 65.4923456717229 66.2184660274166 89.2995376586914 75.6986094713211 42.35280123857 53.3297766104277 106.266734695435 123.643848419189 76.6126339561061 71.893913269043 74.704532623291 65.3052990560301 23.4936677194226 23.8691099617595 42.5118273389732 70.6482654048448 86.922279993693 34.5218886104832 92.4425050602403 72.9182147979736 73.6936257461022 76.177001953125 0 144.420360020229 60.5784034490585 132.63278018727 117.748137156169 0 0 161.976867675781 150.678215026855 158.166751098633 158.972351074219 0 96.9887487238104 56.471478361242 51.5435831304324 36.4329019156686 111.432531992594 147.288112781666 102.444122661244 70.7197746520347 85.2655162811279 0 120.739559173584 68.9453673934937 99.4538629055023 0 0 247.964813232422 129.84167098999 67.5203151702881 72.4955169974342 127.716564178467 133.74919128418 0 112.45386505127 0 0 0 164.48035847057 137.93605368478 150.476197814941 131.363020324707 67.5260407584054 183.889236450195 144.40164899826 0 140.959381103516 121.732879638672 0 155.18229675293 97.5907646179199 85.0489583157077 0 119.185693740845 122.639757792155 89.2244967898807 200.20246887207 0 0 0 0 153.60302734375 0 127.037141799927 0 0 0 0 126.852900028229 113.043309475513 116.930795669556 116.944302003775 113.461705659565 118.105263977051 124.947183481852 154.089186859131 127.360744193131 125.154294442097 121.287823462973 119.367059707642 140.690104675293 105.291798909505 118.298178496184 163.206120808919 125.275596618652 125.732171900132 149.255508422852 199.026479085286 168.484672546387 143.72552054269 0 149.008332645192 124.216581072126 113.369828444261 130.289338918833 125.094288288463 139.347183227539 127.031207117541 182.731038411458 0 133.06861114502 167.087978786892 115.116119384766 128.085784912109 106.573588263128 149.786029815674 131.36966974595 0 188.13215637207 0 0 0 0 162.42253112793 0 0 213.706985473633 207.991928100586 0 0 126.369583129883 128.378957960341 158.35325717926 159.57060953776 178.653200785319 157.254764556885 0 149.353754679362 215.152954101562 131.273119608561 150.787231445312 168.977908325195 0 193.261764526367 182.021850585938 0 139.917793273926 119.417336273193 88.2672841107404 129.830791473389 0 95.5816514756944 0 0 0 163.30788269043 0 203.867309570312 180.629028320312 149.578384399414 0 0 166.957958984375 132.604370117188 131.132736206055 148.827598571777
190.530426025391 193.637725830078 0 243.346572875977 82.5963299091046 217.583965301514 107.141868591309 189.310440063477 0 0 157.326034545898 149.407146453857 91.3309048739347 27.0012715540541 14.5852443088833 21.7098760666533 25.3433654916477 47.3043476580159 89.7617377606067 15.2949734138797 73.5499389648437 87.1457027062438 57.5550925965651 70.5119707530828 90.7552152361189 90.9593036876005 39.81996028659 20.8233352281781 117.557253519694 132.958232879639 82.9714964589765 225.203521728516 162.258598327637 59.9681382860456 37.6507182035374 31.2232472068905 35.0168811117516 44.9942762148033 51.865068025341 47.5284645627664 76.3266616708051 73.1453059028177 80.5813135286657 113.242937088013 155.117786407471 102.385480721792 71.8740667661031 95.34723557098 106.362095686106 144.868675231934 130.742065429688 0 0 168.13304901123 0 0 121.281805558638 56.7227053854201 56.7417974472046 37.3661339682502 71.4075647522421 117.789360926701 96.7106224318682 64.4754635221395 67.2412563690772 132.848703384399 125.234104474386 71.7274033682687 73.8759161852331 126.057835388184 135.261644999186 155.470321655273 147.047982159783 76.6780689073646 74.3647390695719 91.3888637401439 132.561312357585 55.3653106689453 161.068639581854 0 166.413227626256 0 157.369117736816 153.165596553258 136.390147399902 126.485974825346 110.02645111084 151.437653761644 134.808006395612 157.984385172526 127.129583765951 117.262376819957 117.985794067383 134.543344671076 115.880966333243 80.3168081200641 0 124.814008712769 109.696437072754 86.9594751993815 0 205.309036254883 0 141.407363891602 195.006015777588 191.269104003906 226.778442382812 131.788034439087 0 0 0 192.286655426025 117.884708673182 109.780926798726 119.188170723293 110.994676455645 103.86382844713 114.157532682124 114.45455832377 128.088231328708 118.474233294604 119.728662618001 115.793086317337 120.193426132202 133.28920337132 123.893691429725 107.176430371343 144.488423347473 121.677857462565 124.380663443303 153.850973510742 166.536457061768 133.253707885742 137.848929268973 103.324020385742 135.03344139686 121.47182448705 104.490177154541 119.933074201856 118.733143100032 130.676882171631 119.035953876584 138.766497366769 161.578094482422 127.95257209329 155.139591761998 129.193992614746 108.116237216526 99.9370297899433 139.576791226507 124.637479325415 195.093225479126 195.539791107178 183.757423400879 0 142.939525604248 227.640716552734 206.578440348307 225.703201293945 0 216.470893859863 182.935997009277 181.786392211914 203.643035888672 150.891100202288 120.392628075942 135.490599714007 147.634283245734 152.959967873313 104.164343092177 173.751726935892 150.553523593479 160.924026489258 121.199079589844 163.163438796997 154.478469653007 208.848119099935 200.37771097819 158.976781311035 168.338097890218 125.029116153717 111.279956430629 73.8112652079264 143.938331604004 155.780108133952 93.110878499349 0 200.44558207194 200.947664896647 159.336715698242 203.129608154297 176.689781188965 187.313849312919 185.09557723999 108.843088150024 109.958213806152 145.324133131239 131.494567871094 163.064153035482 146.926484107971
193.80829111735 177.583847045898 242.10466003418 238.213333129883 128.358942576817 146.681110088642 114.633450826009 213.700302124023 0 145.578018188477 170.69970703125 175.417671203613 39.7582953960338 42.2250814652919 21.7098760666533 13.0431310678672 61.3774046930593 19.4169898559992 25.500023060413 27.9260519111685 81.3598644450559 115.285020807287 66.119955790182 94.8745106562672 149.777803039551 103.578886801736 67.0327095106138 25.3675118680719 128.611624497634 115.176597595215 107.435243988037 97.1951281229655 102.019828449596 93.0331237398345 70.6062665033822 72.3473603384835 67.4881193207281 76.9145893297697 30.6442380662781 91.5228430063937 77.1046052225875 67.5689746374371 96.3575073608173 134.449556350708 55.6698706490653 49.8984493581752 124.663735707601 99.2152065523677 98.3672207004421 135.83982522147 125.96134507921 156.211840820312 148.482246398926 171.39323425293 166.610855102539 97.2581329345703 153.93864604405 83.8312980297 142.015884399414 55.2829773426056 39.3877163168825 114.798149408079 103.984846099084 77.5364458167035 62.2556437243705 100.760282897949 161.06205695016 97.8061686924526 62.8579887805549 129.00095576866 143.909556388855 105.452919960022 125.081820992862 61.6988668674376 95.952469388068 91.1619259420894 174.363723754883 143.895648956299 180.355165481567 173.612365722656 164.098629120857 170.256866455078 177.161003112793 165.972527137169 140.961084153917 139.37497820173 153.193496704102 148.769269758655 131.20427751069 147.14307487011 108.609835078473 117.803641525857 144.968883220966 128.225485457855 118.465855772857 106.458203191343 146.712097167969 128.590764363607 137.414244842529 126.02102915446 212.185447692871 176.846832275391 161.919036865234 170.119720458984 179.420532735189 0 0 118.646442837185 0 169.713790893555 180.765426635742 183.828866577148 121.982836209811 114.49117378665 108.231343152355 113.458434353871 116.264962735383 115.795819712209 122.047676307568 113.068160651618 120.178812832303 115.524964708171 119.809899741953 132.278328895569 137.88353061676 121.998498355641 116.124846935272 137.176198302722 126.259047953288 126.39278874084 187.043067932129 165.70823579676 163.785051519221 161.886259078979 135.660011291504 156.171681582273 123.297995081488 108.462212153843 130.434522907386 134.123974281021 115.355816744376 126.159625782686 121.109520698815 149.63617401123 152.472150166829 149.0699597527 103.548115464508 90.8345800991716 102.632036282939 120.563604815077 144.937671003671 196.434107462565 166.830187988281 174.805549621582 167.669235229492 158.177729288737 223.981491088867 208.258951822917 225.185707092285 184.381275177002 243.364212036133 210.442764282227 198.61653137207 212.821601867676 163.053502668414 130.984436436703 119.644567439867 134.923987878335 143.660813356057 93.9406261120812 191.974001203265 172.20622253418 169.849259440104 139.012344360352 155.981338500977 136.006768713464 189.490203857422 190.719178771973 141.532623734585 145.556589399065 134.159612178802 122.584335230574 73.2601584157636 152.972318013509 147.603160048976 100.358701388041 148.443702697754 200.230621337891 182.395527839661 202.276742553711 238.707107543945 169.956248747997 175.683518981934 170.988807466295 110.165911102295 143.189472198486 145.826473236084 181.56421661377 159.368982950846 161.535111321343
0 0 0 0 154.19185256958 213.436408996582 170.75129699707 0 0 160.936803181966 0 206.068778991699 68.3922951221466 35.3187867834629 25.3433654916477 61.3774046930593 12.734256530536 67.6103931564883 56.7086929253169 11.4672068957611 83.6943997332924 77.8901467375703 56.2398402887232 100.633069278883 99.5038842095269 107.265724690755 80.397760565688 61.3600224565807 166.892066955566 178.744537353516 96.7247207641602 141.712714195251 177.133045196533 73.7096614008365 52.7431460620688 30.461838059533 19.3787997780612 23.232706221783 67.4750571705046 71.142445904868 87.2191009101628 93.8292397719163 110.99015456824 124.155888644132 73.0093514578683 73.5863281999316 78.366849379106 109.125717571348 112.869797770182 105.011171976725 161.83024597168 193.872848510742 0 0 151.467189788818 0 137.613126118978 66.6227915627616 59.6829697046524 38.9900899447983 68.0696186857404 129.224686869075 112.815178141874 92.2587105160668 86.2676007626662 92.3056237357003 165.113084272905 76.5163555145264 85.8630185808454 164.305868966239 140.461628562526 197.925609588623 158.061143684387 56.774210194179 92.4913465326483 93.8773691143308 75.3395943019701 59.9746088098597 141.225563755742 194.588226318359 148.826501028878 129.290466308594 137.553130149841 161.262172698975 108.427780433937 111.208312443325 131.125061035156 165.974465942383 123.158203492682 126.218194814829 107.998525957689 123.466956365676 165.666915893555 162.575881958008 133.991184919308 130.4683690389 157.056411743164 241.948699951172 103.041668265206 0 208.786407470703 157.204553222656 179.17951965332 210.273872375488 174.648766910329 182.424822489421 0 119.750745333158 0 0 133.080360412598 140.353907498446 127.395991605871 128.05676539739 137.579499464769 118.539709392347 111.516284942627 135.16271548801 123.034901089138 151.41021432682 126.667412593961 131.318616401636 126.447001895389 132.214608510335 138.69862632146 120.441473960876 114.348782304404 163.021225669167 149.026113722059 138.324249843381 163.119002024333 157.69155714247 158.923855028654 139.149872167787 136.045641217913 137.930795303499 126.976367277258 110.230276584625 120.764881810217 122.206464163865 141.49186685923 127.223387543036 147.455589112781 159.784744262695 151.01660184507 164.148134765625 127.602322798509 122.690474828084 107.732594881925 151.752204626649 129.370770068879 194.020951271057 221.312536621094 186.699737548828 172.568458557129 159.829601287842 229.061289469401 202.226549784342 175.343139648438 216.904144287109 174.906472100152 201.197834559849 165.858840942383 198.669616699219 134.748474484398 125.656055647073 144.380856440617 156.400318690709 165.311481899685 108.096455781356 176.779558454241 162.830051422119 150.983949997846 133.739418792725 177.368635177612 153.403212207859 192.355422973633 203.564407348633 160.241320942723 154.662494659424 127.783953486262 113.776378103403 80.839012827192 144.404882604426 153.928176076789 104.929197435255 189.270553588867 148.127990722656 196.334753853934 158.215324401855 194.524675369263 182.304649353027 199.960146222796 177.881127493722 116.462133280436 145.15608215332 160.268032073975 143.048184712728 157.280596051897 140.209678157683
0 0 0 241.362365722656 173.843322753906 225.868377685547 0 0 0 214.41242980957 186.088943481445 191.386154174805 27.2094728500771 85.5920631620619 47.3043476580159 19.4169898559992 67.6103931564883 11.9102646668796 18.5426439132573 42.4827711234165 99.1253051757812 139.973458184136 74.2558157994197 89.5016097131177 157.222554016113 103.897537231445 71.5597343577049 45.4414489816599 164.492822919573 214.617362976074 152.329624176025 140.549839019775 129.088627624512 102.011216057671 84.214669186136 111.999643325806 82.3817678339341 74.3388913831403 20.5622014174852 117.697126166765 81.2386225894489 63.1467380185099 92.0612736818421 118.929517057207 46.3435881220879 23.3011295802632 142.439686245388 84.1167851323667 104.742134441029 113.502267837524 126.113503138224 159.456760406494 0 213.097412109375 91.4805679321289 97.636848449707 173.846977233887 113.853026580811 138.161100769043 82.9411325454712 20.2346981042945 116.244866111062 94.731660300807 85.5506732260534 68.6394542245304 79.2747578091092 183.09528266059 143.586364746094 56.4407325818394 131.346737391512 145.490640813654 107.438180541992 115.156545321147 57.5566649664016 129.172379420354 70.7393657899774 135.5125096639 77.8506336212158 135.135489327567 224.471725463867 141.912735748291 155.92310333252 202.66411336263 215.784194946289 182.959594726562 181.785227457682 0 145.801731283014 126.746915808046 120.852332390679 79.9328405587282 119.924671234956 110.387542724609 130.080619282193 116.900944702817 137.627681732178 182.326721191406 0 136.836285909017 158.030548095703 193.300140380859 171.953423335634 171.720504760742 184.2421875 174.123418471392 177.723345947266 0 119.213600158691 0 0 0 181.805616378784 125.508856007751 110.643760464796 99.2389323319061 112.827406587854 121.400038775276 113.322366787607 127.266946951548 108.505162967768 124.439009010904 110.792783095651 123.441977766694 157.63715171814 189.86890411377 153.312721252441 132.543038801713 129.51371099511 130.348875681559 120.068847488366 188.570324601798 174.176870009478 163.470044136047 159.711674323449 129.373934427897 157.553691534348 130.530397176743 115.950213962131 140.124844167424 140.462696337518 110.382431085388 141.498973402866 114.435182853253 146.09606552124 153.090535163879 139.867569605509 99.5146586894989 84.6154980018238 100.832646240777 112.080155580721 154.507285224067 176.159790039062 165.910112592909 149.070560455322 167.326858520508 228.208641052246 177.028208414714 179.490119934082 175.959213256836 198.746743774414 232.499092102051 229.752067565918 229.292526245117 198.585378011068 155.394743160326 153.555803934733 114.748661175109 127.133907940513 134.467766090676 85.7169129053752 220.275312151228 195.940623474121 164.036452293396 193.494848251343 148.008806689032 128.57363343129 196.201807657878 180.234540153952 136.391785095215 125.830355326335 158.078282282903 130.911362161442 68.3789343898072 178.617951826616 142.279174094976 119.146355523003 137.340612411499 0 184.503728594099 215.726715087891 232.368537902832 173.171333624392 171.523858133952 166.012277176131 130.593850708008 158.692924499512 212.10817565918 196.121612548828 0 0
220.685520172119 162.772354125977 244.845184326172 216.500335693359 215.120529174805 187.512032402886 221.34033203125 132.702484130859 0 176.622189839681 201.887454986572 204.42765045166 28.3518903355359 114.458151435852 89.7617377606067 25.500023060413 56.7086929253169 18.5426439132573 15.142402236134 12.2400274350319 93.6900223849113 89.8219485849574 69.0431810495805 116.979709038368 100.446084976196 105.268247662169 94.4290834274967 113.668048250502 195.130116598947 174.49426574707 188.052471507679 189.36506652832 186.077215467181 148.639167785645 96.7646135790595 82.0446853637695 126.594896770659 28.041865858054 72.1083295161908 91.3625990237043 96.1623945701136 100.198197459127 119.03974225242 20.3498237171083 62.057138304114 40.8583577271519 92.7297794062917 117.135593232654 125.536278303279 98.0946792825295 157.571162137118 162.790929941031 0 201.019856770833 153.340216064453 154.98106842041 187.233538309733 156.355645315988 99.0141337076823 72.9655075073242 63.9125555391665 127.535233110995 121.843549465914 117.306018897465 105.693557840983 70.2245481091876 161.570620329484 137.708595275879 95.7086532612386 154.549977281359 143.773138594954 161.851900201095 127.755265759439 50.4217062234054 168.398031107585 95.0974047034979 57.8820052575813 49.5179027928715 116.167839359593 151.945866902669 151.476915320572 132.648289525232 155.832093811035 161.723483907765 134.256739396315 121.436154301961 177.242046356201 141.719851071717 120.446270561563 91.019300630261 85.9025141887176 135.465783691406 157.336204528809 152.553180031154 131.559988469789 181.495699201311 166.992664337158 185.122057596842 110.528779391585 156.558959960938 176.061325073242 176.133361816406 0 173.83676317003 168.465596787473 168.935147966657 0 129.183321634928 167.665992736816 134.289560317993 197.899108886719 152.478955586751 127.497663260795 115.421404779782 106.402165337019 117.249906358526 112.71066625001 115.855494806524 126.674025934104 111.249893018795 124.585076989915 118.347729998773 123.139381294678 128.774893002632 142.0750369214 127.489175235524 114.52101403502 151.753015023691 135.049979544975 127.744746781142 170.101199122838 175.403564453125 151.854485829671 137.934350074806 132.17996709487 136.426497365914 133.018157612194 113.730127642232 120.840602589545 121.847670532936 117.286140688446 129.758445072759 124.692569444547 164.969200134277 146.98348015475 157.302635800522 116.814156009305 88.9882526900269 104.002235835203 120.418194539471 135.735108975497 194.477310180664 181.741790771484 179.201713562012 167.278335571289 153.638294566761 208.241203308105 198.775153266059 190.766271972656 212.218909630409 190.950565156483 192.080874356357 189.584224700928 193.39107937283 150.433717263711 128.772271463427 128.087935496185 151.124778645288 159.147930559905 80.2961672882536 178.699249535276 162.239637318224 159.152352792245 135.669283419239 162.531797777705 150.083220454625 195.12128745185 190.75704159944 149.031227329281 148.633530587861 130.940835701792 114.696233594435 67.214157660016 151.677213969984 151.852696228027 106.004645743565 178.720110724954 138.175725460052 185.981264426491 154.143362128216 189.013509477888 173.887179126478 189.987253042368 167.128494381905 117.206929939945 142.414510839126 162.176651773573 144.775123313621 171.717339148888 145.397633639249
0 195.499267578125 0 0 187.946968078613 191.95351155599 0 0 0 0 0 191.389472961426 53.3316523882808 51.1959761937459 15.2949734138797 27.9260519111685 11.4672068957611 42.4827711234165 12.2400274350319 6.93560749124668 79.9802255630493 81.1503433954148 54.0430889902888 97.3310674916143 93.3263104756673 107.743545055389 83.8177514272193 52.5913965231199 203.417302449544 176.865509033203 127.278175354004 152.757705688477 149.255950927734 50.1684837341309 54.1505557431115 54.8798300425212 40.2347733179728 20.4241264153822 50.1006740863507 83.247806040446 77.3871516055848 84.6627447066768 110.434818328373 54.5955023193359 70.9645248861874 57.0999480573142 81.4182545892124 100.821121176695 106.610885620117 106.35619430542 135.26961517334 151.759979248047 0 0 154.049270629883 108.403594970703 157.904754638672 93.1914878845215 72.1769783496857 68.5978377660116 52.5862382877607 118.049894874974 109.963001763643 94.1010622297015 79.3150546443355 92.3204615666316 201.036581420898 133.696594238281 72.6179873836742 138.569278717041 144.564118521554 185.077462768555 148.482056868704 50.4555199363015 133.968449910482 85.2046377729661 155.814733505249 49.5260129468194 162.425382826063 166.518718719482 142.273764038086 126.889944712321 0 201.841632843018 98.3958873748779 115.923172844781 0 145.240016937256 123.508436949357 120.421911168981 83.6429648156893 122.757184920772 0 142.256642913818 123.465378103904 124.190948486328 170.158111572266 216.824981689453 123.952784946987 158.826126098633 206.127029418945 158.811866760254 233.141525268555 183.903844197591 179.407018025716 181.157943725586 0 115.808373006185 0 0 164.138381958008 163.733661651611 117.218024439091 116.934622536243 119.912852871803 113.150669713174 109.535776080507 118.334604628543 118.01773819968 133.369910628707 117.179906154024 120.399762350937 116.841594242814 125.251493941906 133.757432435688 135.696588643392 107.256225484212 147.361010742187 120.272915976388 123.594213436811 170.432128103156 154.495200020926 154.58160993788 136.110821194119 118.599147033691 136.145663306827 119.337596746591 107.533161031789 117.584394175536 117.592504557207 131.395518855045 121.538270237934 134.607961938736 150.236267089844 136.635986328125 158.175116271973 114.131366093953 102.412755966187 97.929028099037 138.263830103773 125.944610595703 196.759474320845 173.739799499512 168.47492980957 164.353454589844 152.978373209635 0 209.139266967773 0 0 190.928619384766 0 157.080012003581 200.993389129639 148.351109313965 119.765563868269 135.920155334473 150.242101904464 143.554200236003 103.334205627441 167.739411297966 151.460450744629 146.634302312678 126.970295715332 171.546248435974 149.539337594169 197.452774047852 210.365931193034 154.88903119829 144.438174656459 135.154641371507 112.033745651945 69.8824159089509 152.56510925293 149.759791056315 102.689956951141 202.49821472168 153.461589813232 193.970843505859 151.934140292081 184.440376281738 176.20557975769 184.448122406006 177.692159799429 104.028760104709 151.128916422526 161.763282374332 146.839090074812 143.571278889974 148.530363400777
120.818898718342 123.703083086617 130.36623757461 118.83627166748 99.5456228989821 106.414158682028 116.814884185791 127.940686625819 100.582875823975 127.194864126352 108.086919784546 112.720911723361 0 113.54313583374 73.5499389648437 81.3598644450559 83.6943997332924 99.1253051757812 93.6900223849113 79.9802255630493 15.5962876385276 23.3384489973062 20.8024893632378 84.1810561815898 58.3106577958518 64.4684788934116 84.8056335449219 105.240756108211 116.526019294307 111.087472927351 90.4194327611772 79.4011804899817 93.2011984137373 82.2780480282501 92.5945010715061 80.3071937561035 78.1483423247818 91.4968120899076 123.057330830892 72.9550487083077 27.3605459832449 59.1730870466966 108.256404929691 83.4125574360723 130.708755493164 143.698844909668 78.1292622884115 167.613123694132 90.6775102615356 113.268627166748 115.841581726074 165.942665100098 164.803558349609 160.35740106756 174.811033248901 17.7830705368262 96.8962429271025 71.8954134362889 78.318229675293 87.7494864830604 165.116839090983 161.171107880057 138.046464425546 134.142772129604 149.541088451039 171.964904785156 134.529553731283 74.5017456198638 155.199608278946 178.983151245117 196.027454376221 96.0321064824643 99.3337198252642 84.2973647562663 82.2866174267457 138.506646728516 93.4619345457658 126.872873306274 100.228803902484 167.201309204102 156.607343885634 187.622487386068 54.2469620578143 145.113656785753 33.6082989209442 45.7206858189472 76.6856222497412 172.585632324219 141.195667882119 165.869054158529 166.000643412272 107.749384138319 130.583435058594 123.935440063477 137.97253599621 89.2161372258113 90.9090525887229 128.861216509784 51.6517510164906 96.3592037249215 180.384540557861 159.665217081706 175.030583953857 190.793535359701 161.100799560547 185.253134833442 0 169.651260375977 232.286041259766 222.630193074544 163.64387512207 167.763009134928 117.906081063407 116.312728881836 191.369522094727 131.176592508952 139.112229347229 197.991333007812 148.727003097534 0 148.256595784968 141.707015228271 139.346106095748 151.315779946067 150.18875004695 0 116.220750808716 177.830764770508 0 188.433410644531 180.486345563616 158.21755472819 159.667445442893 148.585781628572 125.978698730469 153.796251433236 141.440505981445 114.107490539551 136.84633628271 139.407597223918 0 154.98659769694 181.874359130859 186.178212483724 171.015880291279 177.986511230469 192.741317749023 152.063735961914 126.489473497545 213.127075195312 145.907525634766 0 178.324508666992 226.819473266602 0 0 240.224807739258 0 0 201.807418823242 210.602668762207 190.427757263184 0 191.53178914388 153.520793568004 132.477884928385 181.772069295247 168.663288116455 206.989761352539 145.213638305664 189.639570448134 171.462065263228 168.052795410156 147.466398620605 207.596717834473 190.70329284668 0 232.614074707031 193.859817504883 0 140.704744485708 129.379569018329 108.546865116466 119.931838989258 203.312591552734 126.868530429139 0 0 200.148490905762 156.408210754395 202.664995633639 0 205.769734700521 169.256034851074 138.075373032514 151.860509236654 172.123944796049 169.653888702393 0 169.43973236084
131.833482265472 140.226917266846 165.154876045559 120.637465159098 102.964934006039 110.487745019774 122.403876781464 168.016387176514 99.2791011644446 122.94605255127 96.2303771972656 111.374087692667 143.391067504883 103.392480649446 87.1457027062438 115.285020807287 77.8901467375703 139.973458184136 89.8219485849574 81.1503433954148 23.3384489973062 13.6047775100018 22.0368463318712 78.7064398808568 21.3104649415783 31.0996548503066 81.5517685321389 125.298011779785 114.632477081574 115.440579573313 87.6969980580184 82.030153290213 91.7027798708244 79.9812982952033 77.2899763840895 69.8654849529266 72.8679710723984 86.2797730128972 124.552726593018 42.6614625312533 56.2413368923082 69.4463729514732 86.8484335233673 82.8728512499301 128.011539112438 153.559075532136 47.0564664038542 141.192541860765 92.3960665762424 162.935911178589 141.606796264648 166.014522007533 153.303457641602 138.463929585048 193.48427734375 71.9929175906711 107.704654007815 67.5893780898363 74.2552043816139 77.1214759076228 119.851442718506 120.174372413286 98.2494007930663 94.0494829648501 137.707989631815 152.417963663737 104.722898509767 66.6591519643541 134.764070376834 130.896595704489 158.924841039321 92.4922938803603 95.6516988848696 76.5912910517115 80.9296051401859 122.455411296245 83.747496153179 97.6001224517822 98.4924490572901 175.098197937012 154.260732438829 158.533571879069 109.270788574219 105.626471073256 35.5898194078975 34.2772824852491 58.765542172703 161.356858776462 133.698039966002 134.187052193335 134.828991669397 121.064872867805 118.893746693929 131.204856331467 106.024888709979 90.7934852494553 95.4995526813325 129.765849373557 31.5532171509892 77.7050015272292 167.050436401367 176.254086303711 192.983390808105 184.323759765625 181.911904335022 193.508366902669 0 174.058959960938 205.89627456665 167.286191940308 137.205978393555 172.003331306653 135.574894714355 165.747611999512 0 126.917624978458 118.219545804537 176.018625895182 130.027993917465 161.213401794434 138.842673576041 133.582779759946 140.616659047652 156.23799760001 163.955500708686 141.423510551453 124.308093843006 161.988510131836 0 131.210125732422 176.921539306641 181.350318908691 165.570095214844 150.412708850617 130.531806945801 156.281172382588 132.64976570823 122.621240234375 141.201219271307 136.219642887945 188.508018493652 142.798752975464 152.048975626628 190.103741455078 169.700148405852 171.032759348551 200.422462463379 168.221168518066 123.529596898463 192.430719446253 142.918392499288 198.889140537807 211.80573425293 0 0 156.96208190918 156.069686889648 228.280431111654 220.000457763672 188.949668884277 205.692504882812 194.773803710938 213.697341918945 201.198739188058 153.569301805998 136.414232788086 185.107149759928 196.870575968424 195.776996612549 180.751274108887 194.749698638916 180.146234685724 161.693919590541 142.120522562663 180.838527679443 195.112930297852 201.118466186523 210.40274810791 191.738749784582 195.400517781576 148.019675060711 131.841747598911 107.125562789592 182.81233215332 171.167857578823 132.55882758425 190.090861002604 166.535008748372 190.800684148615 178.424738566081 206.488342285156 197.695207483628 197.047724405924 169.217188262939 131.52625093006 170.045166015625 184.4431393272 161.818387712751 194.17977142334 163.707929611206
0 170.095001220703 178.637903849284 0 88.2090221405029 116.782633001154 0 171.872665405273 106.6226978302 83.8784561157227 0 88.0090840657552 71.4546546936035 65.4923456717229 57.5550925965651 66.119955790182 56.2398402887232 74.2558157994197 69.0431810495805 54.0430889902888 20.8024893632378 22.0368463318712 11.6272743254469 32.594949843976 43.0804258159229 24.6025465946018 47.2647916651897 76.3077128068456 99.6455157736073 127.725709768442 83.5705469065699 87.289400620894 73.0336461831595 63.3873335031363 67.5727705344176 46.3529961109161 54.1175782123317 66.0785196282271 92.1067143315854 39.9909024887953 28.172314756426 21.1848540275979 63.9315650415861 68.9848737335205 67.9355239868164 101.410979197576 59.1940067844812 120.501851468473 60.9596772069516 82.2872543334961 104.406830596924 188.539047241211 134.145034790039 137.229975613681 124.297382354736 111.282829284668 96.6505329734401 58.4849978436481 64.3879985809326 59.9092227015002 106.80749907317 105.078872655401 83.5728450034981 95.872670854841 119.789648841409 115.604145050049 94.895598449707 59.0297291946411 121.116338830245 116.16012103741 121.39021174113 82.7554768976176 76.7041082129014 65.906899911386 68.9719337981007 107.138518593528 55.8550503540039 79.4821464538574 73.7993125328651 0 125.081117902483 165.627895355225 127.408939361572 113.183291887996 65.0429943537308 80.9046075751142 69.9956903457642 127.092964172363 116.926250017606 114.451765172622 122.51016837226 90.5970454773346 175.689178466797 109.299961587657 86.6889853018301 79.1984725172502 76.7654193242391 93.4955081939697 66.2108660600124 107.234210274436 135.443359375 157.157455444336 201.80647277832 138.746170043945 133.207061767578 152.460647583008 0 143.178985595703 0 135.370819091797 0 144.768598556519 121.80445098877 95.9296455383301 180.275741577148 128.179016113281 111.79714457194 0 140.692582702637 102.269515991211 132.032321384975 133.581743452284 132.230520884196 124.836345672607 145.310855865479 118.993064880371 123.923625183105 165.44083404541 143.275085449219 150.271169026693 221.880416870117 236.765975952148 115.559341430664 130.37060546875 164.473403930664 140.710626775568 175.071235656738 107.833992004395 128.489407009549 130.330450820923 144.720443725586 138.897826454856 118.318447113037 0 168.270602416992 155.590927124023 152.211853027344 108.873752593994 119.523328927847 163.75651064786 127.24439239502 188.384216308594 0 0 155.33317565918 126.605094909668 0 190.415573120117 0 247.679260253906 215.389495849609 202.74267578125 0 147.570999145508 169.411855061849 120.527961730957 0 189.056266148885 176.526290893555 133.34875869751 183.814886474609 149.26020304362 192.599014282227 129.065645853678 150.371882120768 189.134442647298 210.549880981445 202.572906494141 162.259958902995 0 119.750068028768 109.390158971151 93.8187414805094 0 204.008636474609 102.170513576931 0 0 185.935365949358 180.384437561035 187.19507598877 177.92648824056 0 189.216959635417 151.138618469238 0 173.794722420829 178.214726765951 207.936317443848 131.137980143229
217.413096110026 210.284189860026 205.706718444824 223.70692952474 145.880431435325 202.552673339844 145.068265279134 230.394958496094 0 0 0 201.920501708984 97.7311981201172 66.2184660274166 70.5119707530828 94.8745106562672 100.633069278883 89.5016097131177 116.979709038368 97.3310674916143 84.1810561815898 78.7064398808568 32.594949843976 20.679854542617 84.408160606679 40.9935273966753 29.2571373626647 41.0016868971335 129.613756758443 158.428805033366 106.041428792108 155.326170603434 135.893786112467 102.31636281447 57.4416281594659 74.429827616765 95.4685965991411 122.732919381589 73.84701154791 53.7620762501216 63.6615285801708 27.172128257547 38.6069462002469 120.961166381836 92.7689819335938 85.1334289445427 72.6927650535041 116.282242457072 56.4875168789442 125.508867899577 117.452795664469 203.385848999023 172.632629394531 142.891843211894 109.393625259399 116.611074924469 109.94652230399 86.416119622846 76.8556252892338 78.8442705939798 78.9887936858978 113.016457814656 89.148028241671 30.5104277786699 87.787620862325 76.5277351871614 119.631547676103 89.7857351256121 88.9843361245927 114.205028686523 119.805230712891 154.38038720025 141.545858725523 84.8477096557617 101.831881205241 84.1387415161133 161.277701059977 0 143.413692474365 0 145.489238739014 158.428146362305 167.028486190304 134.883386284244 134.516302857218 110.430746717739 103.727066040039 132.265077045986 122.995570283187 128.449189594814 88.6288703676893 96.8278874316847 119.444376627604 109.88599275739 86.7015248972575 136.94229804145 0 177.641813278198 100.520021407331 112.400852609188 0 183.096557617188 0 0 198.635202407837 186.870635986328 0 0 0 0 0 160.615188598633 160.861216227214 150.955930709839 121.514182642887 145.798777860754 157.827197265625 142.229732990265 169.651497474084 136.294185239877 160.590100860596 148.884664916992 153.20419027639 174.916648864746 177.58088684082 0 152.572154453823 149.283642360142 0 150.551452636719 187.851760864258 187.435443115234 202.971203613281 181.166803359985 156.178243001302 174.403235299247 156.287643432617 151.544067382812 174.162470499674 163.662698068926 134.87284166385 166.289535522461 130.186265364937 0 185.19947052002 159.005940755208 109.909683651394 107.088346099854 140.719087791443 133.811693350798 178.013895670573 193.950780232747 171.05729675293 151.41780090332 0 127.056602478027 184.245346069336 0 208.204406738281 184.531547546387 0 0 0 222.015747070312 168.477737426758 158.672937011719 129.076995942651 140.940555136544 142.288388178899 84.1386123791076 221.380172729492 225.905303955078 175.369613647461 0 154.839708600725 132.596190770467 185.375640869141 174.942993164062 132.295663980337 139.348438262939 189.625114440918 159.045974731445 96.8943929036458 203.325159708659 144.161026916504 143.752019882202 190.803314208984 161.37166595459 173.21811567034 0 0 157.260269673665 176.440460205078 183.811570739746 128.758682250977 0 0 0 164.088439941406 0
159.89180094401 172.689544677734 192.572598266602 0 117.853146870931 135.662197113037 133.712333679199 160.90837097168 111.734596252441 0 153.492080688477 140.167563588996 0 89.2995376586914 90.7552152361189 149.777803039551 99.5038842095269 157.222554016113 100.446084976196 93.3263104756673 58.3106577958518 21.3104649415783 43.0804258159229 84.408160606679 10.9861587401618 19.2729244401764 80.2579649125022 99.0940386454264 92.1862744418058 151.578395843506 118.851091965385 90.306480076002 95.3420101853668 86.5568939008211 49.6721786050236 0 88.7817463730321 92.8929153310842 116.292905171712 22.4620294424861 72.992410628522 68.0924400753445 93.0583878008772 90.5168569813604 0 137.298231124878 32.2390551164397 156.114319801331 109.555758340018 0 158.004791259766 0 85.787712097168 85.1697163052029 108.474739074707 124.614280700684 64.2458760810621 49.4489489990531 52.4276605606079 99.0928840637207 123.582176657284 124.102824754289 101.144556673343 89.0391101837158 106.736505126953 137.099395751953 66.1705923987745 47.7065496161082 119.817929972773 139.427915284128 149.700180053711 94.1562051773071 103.382912158966 83.4792923927307 62.6466602659495 125.274610201518 85.9004039764404 132.067768096924 103.327502659389 0 141.763305664062 137.252456665039 97.5531887213389 76.4036506131659 70.2242847396667 51.03352404339 28.7059636383551 150.12407430013 153.445214011452 146.520718044705 134.46565274839 119.913199615479 129.401214599609 139.274271011353 112.529761966339 96.9597837157169 91.3158020019531 164.212333679199 30.4696328936292 23.8335459397163 0 179.764083862305 185.526901245117 215.663818359375 0 0 0 0 0 0 0 159.360900878906 137.203308105469 110.266296386719 0 0 110.924644470215 0 132.200517926897 0 135.836962186373 123.680244445801 123.067343575614 0 0 0 113.094596862793 0 0 0 0 141.308059692383 0 157.3470186506 0 167.761464436849 0 0 151.487403869629 136.164952791654 0 0 0 154.330154418945 0 0 178.493057250977 0 120.87580871582 185.369468688965 0 0 0 0 0 0 234.574966430664 0 0 0 0 0 0 0 123.965629577637 132.793159484863 0 176.907989501953 238.702850341797 0 176.267715454102 0 0 149.193984985352 174.434600830078 201.121743774414 0 0 186.389175415039 0 140.163162231445 126.223692321777 94.4802894592285 0 178.662712097168 161.222217559814 0 0 162.391357421875 0 211.941299438477 181.524726867676 176.650390625 162.082244873047 126.111759185791 0 149.132766723633 0 0 0
165.345840454102 0 0 0 156.739776611328 222.284530639648 0 0 122.75269317627 0 0 0 0 75.6986094713211 90.9593036876005 103.578886801736 107.265724690755 103.897537231445 105.268247662169 107.743545055389 64.4684788934116 31.0996548503066 24.6025465946018 40.9935273966753 19.2729244401764 17.0233259989076 35.8649254132326 81.4919830322266 84.3766759236654 0 146.432624816895 0 157.117899576823 78.702823638916 59.4965845743815 62.9020690917969 107.618812561035 107.990401916504 156.821894327799 22.96300253487 58.2013868450937 45.7120889577899 67.135668058244 113.300909042358 0 119.116862487793 33.3874743398031 111.417501449585 68.8249423503876 0 0 152.029449462891 0 100.199638366699 84.2741012573242 78.8460235595703 102.671738942464 98.850390625 82.4074257441929 85.6636123657227 114.203701496124 103.564980390595 79.0154589676276 70.3742065429688 104.004169464111 70.4432907104492 91.9386876862625 72.8723859786987 116.035348256429 125.75142364502 0 119.828674316406 106.648774464925 0 145.787039756775 99.2842597961426 0 0 137.476734161377 0 147.94758605957 0 118.854421234131 96.8039829342864 90.1508916219075 75.4986225050323 70.9089600699289 135.373066711426 120.379018271842 115.417840957642 126.358194765837 104.466388843678 0 110.996072769165 86.4646575500915 114.433570861816 164.527160644531 0 68.050150680542 0 0 0 0 0 0 0 0 0 0 0 0 0 0 0 0 0 0 0 141.691528320312 0 129.627169799805 154.415725708008 0 0 0 0 0 0 0 0 0 0 0 0 0 0 0 108.628295898438 0 0 0 0 164.991012573242 0 0 0 0 0 176.118881225586 139.120936075846 0 167.824223836263 232.101837158203 0 0 0 0 0 0 0 0 0 0 0 0 0 155.488899230957 0 207.764205932617 117.474151611328 0 0 0 0 174.291702270508 159.252502441406 172.529861450195 0 174.359985351562 0 0 0 0 0 222.095489501953 0 0 0 211.411560058594 0 0 208.375160217285 0 0 0 0 0 0 0 0
163.484358787537 0 247.171615600586 0 128.431158177993 141.483715057373 176.002853393555 232.872024536133 0 197.194244384766 0 128.824508666992 90.9078967959382 42.35280123857 39.81996028659 67.0327095106138 80.397760565688 71.5597343577049 94.4290834274967 83.8177514272193 84.8056335449219 81.5517685321389 47.2647916651897 29.2571373626647 80.2579649125022 35.8649254132326 14.6908623080968 24.0503483461802 116.591302188826 113.3603515625 94.0027188387784 113.458000183105 127.443996082653 88.4871974998797 26.7081024291291 60.8124039567362 79.5036071284643 104.444508440354 72.7798782160253 35.0028901839201 72.5816202298818 52.8145713120056 40.6995860111494 108.312418769388 140.051818847656 85.5512301775874 64.0871321322199 132.234814551569 92.7629120475367 122.838706970215 106.642723083496 150.658020019531 142.953145345052 142.559173366002 127.617031097412 109.565191904704 104.173494512385 75.1160398726601 69.3611926725384 63.7898357720211 80.8325805172478 112.679740027776 66.2972159673704 32.1220437632584 58.5200495547559 70.4031720368758 114.710958593032 81.8380611334907 93.2917416759373 128.128307342529 142.909124101911 142.941919326782 131.566452980042 64.8540607599112 93.3610122236849 114.59616418787 127.365692138672 106.143417358398 149.428058624268 0 170.756337483724 0 160.099166421329 133.258314324554 138.95458759981 108.649920499777 109.970867015697 141.361770976673 127.962228337559 147.135108642578 110.523382929445 106.718404576398 220.511413574219 130.608137675694 90.3273349613338 117.706902353387 0 139.412151683461 97.5300899269307 112.5336132343 205.474868774414 189.217641194661 0 0 181.409350077311 220.543510437012 0 155.461227416992 0 0 0 187.740447998047 139.611098153251 120.906159130495 111.705615809706 119.686236346209 135.103521347046 116.212239209343 142.87890458107 112.767253273412 141.147200432377 120.759475731233 131.5164772397 0 152.167068481445 124.169764200846 170.92643737793 138.58894645877 137.089538574219 126.329730314367 188.915965488979 179.418597412109 179.014935811361 156.571299235026 147.437484741211 162.896444013042 137.417137145996 138.302934010824 141.409254286024 147.121902738299 114.393107843399 152.980816311306 122.493046891062 170.266220092773 153.787923177083 141.483716692243 105.246740818024 95.1727646986644 115.315102296717 121.721721523028 176.782385689872 214.87068939209 157.304750230577 0 0 129.087707519531 183.90283203125 0 0 167.904434204102 198.720367431641 0 181.051559448242 0 167.006124587286 157.347583770752 118.760247274162 133.845681913606 117.61860148112 76.1051628346346 203.27205657959 188.244003295898 182.654541015625 153.077682495117 158.371905856662 129.696029663086 0 190.118530273438 129.792277846225 132.537933349609 144.858703613281 147.082782451923 78.4192255147298 202.611038208008 139.609551929292 132.771567208426 0 125.594467163086 188.184420776367 224.497695922852 0 165.451190694173 176.631729125977 180.350540161133 133.028015136719 131.565490722656 211.109916687012 222.658020019531 0 0
149.736523219517 172.604904174805 0 120.806221008301 104.235578403916 110.693102645874 120.909007263184 0 0 0 0 100.955200195312 153.538236618042 53.3297766104277 20.8233352281781 25.3675118680719 61.3600224565807 45.4414489816599 113.668048250502 52.5913965231199 105.240756108211 125.298011779785 76.3077128068456 41.0016868971335 99.0940386454264 81.4919830322266 24.0503483461802 16.6007415445632 116.234464954686 124.295195186839 83.4043314797538 113.050000807818 91.3493428437606 76.3840944568885 50.139218502799 48.8799555229418 63.322562543218 75.8282749611358 28.3510227438737 89.3468209372626 81.1275947472038 62.0239546034071 48.5386850435275 108.888948917389 172.542645454407 95.7077949719551 77.2938703536987 105.119105793181 91.8415073526317 125.679339090983 105.755310058594 215.936462402344 155.337069702148 144.988231658936 156.897364807129 136.518455505371 100.577914296364 67.385009709618 72.297938884717 54.8686435975526 67.8666074790207 115.22154229319 88.7672712364975 33.0991978260563 24.4913358868648 64.8669146487587 117.347067738307 78.4171388414171 65.8536483616846 133.784903208415 122.998695373535 143.292194366455 124.637534459432 70.9925747825986 82.0979528568859 100.560462266971 0 192.977066040039 108.882923126221 0 134.630537033081 0 171.936501397027 149.67917909484 145.429258246171 125.558359222412 92.7478757585798 142.141843355619 116.091588258743 145.909255981445 128.277656357864 107.381372724261 0 129.852992587619 122.627731098848 90.0028323901476 0 121.730169773102 112.333717727661 98.917109945546 209.419715881348 173.173375701904 246.142608642578 150.936492919922 174.133487312161 179.107465108236 161.899185180664 144.427317301432 0 0 0 176.254179636637 160.134350367955 113.301590733558 101.576049869896 115.826008217008 122.471215468187 112.810464428317 139.336277149342 106.61767803631 140.666459761326 109.77319649777 130.206766442408 174.704096476237 191.615320841471 148.514656066895 170.342636108398 132.043610328852 125.380096435547 123.632121346214 182.777825180365 163.849716712689 164.249699519231 168.945531027658 135.615639822824 156.248799825452 149.266767501831 130.405899047852 155.134084273358 144.585533941946 106.889426861514 160.907278060913 113.319847157966 142.572435167101 192.363611221313 136.017840418322 90.0305444360748 86.0051423136393 109.777273415333 113.246817444637 173.600204467773 187.082186889648 157.19210096506 137.115333557129 184.073356628418 126.369176228841 199.216903686523 194.685340881348 199.455154418945 196.549731445312 190.443572998047 234.364646911621 0 202.46432800293 155.513597653236 143.675637678667 109.564453744951 122.935710594747 114.404672017912 74.4437663966212 206.765113830566 188.6602824818 163.41603012085 154.173073323568 140.967329406738 117.967958867954 166.754564921061 164.841856820243 114.730114567889 124.282483418783 160.992978777204 141.971516257838 73.5076490680823 166.040808105469 124.380308689215 122.959313528878 0 136.065881517198 162.899180942112 220.992572021484 204.829391479492 153.489155919928 169.389952087402 167.29102960034 147.334462483724 207.563568115234 213.425456455776 216.954915364583 200.679528808594 185.24408976237
29.3919371833816 78.7689124908915 93.0767943508654 79.5126571211704 62.0947215394264 82.103191147611 28.4738441250942 72.3476009607858 64.9915087174396 84.1647117301209 92.1618535301902 104.639875888824 197.752914428711 106.266734695435 117.557253519694 128.611624497634 166.892066955566 164.492822919573 195.130116598947 203.417302449544 116.526019294307 114.632477081574 99.6455157736073 129.613756758443 92.1862744418058 84.3766759236654 116.591302188826 116.234464954686 20.6903958205336 33.9012350227473 52.9646424459157 79.372115107945 97.60125096639 94.6995877616013 95.9320058649237 113.930183410645 104.064237895765 111.054702599843 130.446623952765 94.4227603224457 109.930031867876 118.683683395386 127.679225697237 172.269229343959 186.380032348633 152.653166029188 91.1152660807625 152.733796688473 167.494530741374 216.344497680664 155.94657558865 165.233762423197 61.776334676181 36.5666656235102 77.8658157406431 92.7738652480276 41.0046716081967 84.5776258680555 86.2424902386136 118.208550771077 143.886301574707 156.716806387058 137.031932326164 119.951950331866 125.768519351357 203.667922973633 29.6887140318739 84.1780791649452 135.385283804776 165.735737719567 175.729810400854 102.522347417371 106.04924433572 81.4809780950132 82.0922564929157 158.459137177803 95.2903249740601 155.619823455811 111.231468200684 164.587571280343 178.970008850098 155.628360748291 73.8644666995327 46.2676692339626 117.794899152673 102.517634753074 69.6123227629551 191.592247856988 172.507656144507 181.972065516881 160.137054319304 147.687189323958 181.018515450614 168.059702227193 162.918585647771 70.9577642814047 81.5563424151877 31.3904165256479 112.579698256504 55.0218495665388 179.360781669617 0 177.153025309245 192.866943740845 170.06403023856 180.399449781938 151.377910614014 135.038360595703 160.361968994141 158.867443084717 166.920327080621 177.331049601237 0 157.638595581055 217.149192810059 140.003570556641 181.033592224121 170.757629394531 149.892608642578 209.191782633464 198.231739044189 165.750823974609 192.978149414062 161.403377826397 168.332424163818 157.034912109375 151.755289713542 0 0 226.393295288086 167.981867472331 0 159.626959367232 158.52256181505 0 153.395629035102 0 0 141.612458574011 160.734330397386 245.340744018555 176.587610880534 0 170.883010864258 173.924358592314 219.458918253581 170.362525939941 205.32536315918 166.465534210205 209.608715820313 170.211364746094 228.436314900716 224.671307373047 216.488872528076 0 189.57527923584 238.245895385742 228.09700012207 185.439086914062 0 206.417744954427 203.544418334961 194.928497314453 192.897304534912 145.958540174696 225.783157348633 199.241500854492 216.68365914481 229.547164916992 171.190358479818 192.619946797689 159.748016357422 166.01252746582 0 223.086647033691 201.774122873942 240.545639038086 240.771850585938 206.516877023797 216.547172546387 149.643337718227 140.083439932929 114.81538032083 175.039794921875 209.195179530552 145.805905761719 190.982757568359 210.160011291504 227.939151218959 199.429260253906 200.543408480558 224.784172058105 233.268801879883 171.966339111328 136.495576041085 151.532943725586 172.884155273438 172.344111124674 0 174.561622619629
21.796899182361 22.1335150967261 101.617499278142 30.2869075252394 31.1301411524826 48.5984066063815 40.1551396648681 54.1540062864413 75.1791721690785 99.2436076572963 133.39383392334 75.6545164396627 0 123.643848419189 132.958232879639 115.176597595215 178.744537353516 214.617362976074 174.49426574707 176.865509033203 111.087472927351 115.440579573313 127.725709768442 158.428805033366 151.578395843506 0 113.3603515625 124.295195186839 33.9012350227473 14.2040563741832 32.0364385601268 70.0176643155656 91.2665253109402 105.674156102267 102.853155953544 0 117.931441443307 126.999049663544 114.998215123227 136.290471903483 88.1841195002791 0 161.894924587674 190.074272155762 165.424545288086 194.627182006836 135.503591649673 151.192623449832 164.819448471069 165.380859375 140.70360990671 166.945064968533 92.0261420167523 83.5580284912235 111.231166287788 102.756310109342 28.3521963374417 117.650328826904 99.1463979085286 0 143.576572418213 162.611056066442 153.402974611753 146.253000359786 133.132478485107 188.077301025391 74.0006166264123 120.325545571067 135.617093548332 172.946277848209 172.787786937895 98.6694701268123 118.653901856521 141.835038079156 104.961974643526 156.649719238281 116.110292707171 0 128.78507396153 148.401062011719 179.689571443151 168.975189208984 111.903359064905 95.8112442752734 107.033513413564 94.6800148758234 100.343166775174 181.881613369646 179.547262018377 183.213073730469 186.481850518121 140.88208901169 168.656134469169 167.913949012756 176.651745882901 71.0862842686971 104.730315559789 53.89046864743 115.727314090729 51.8375943000245 170.321491241455 174.430426320722 176.803431567024 172.653604228127 165.964912414551 167.408128077882 184.184145413912 139.222776624891 188.610450236003 133.635619572231 147.098830618509 164.089126937691 0 224.986404418945 0 0 214.150095621745 243.467712402344 0 201.213348388672 168.924049377441 0 180.073760986328 180.513231277466 187.552280426025 0 145.737548828125 210.313018798828 0 0 183.888310308042 227.590446472168 148.045058907814 151.727653344472 0 164.370507376535 0 194.657897949219 179.230395281756 200.63207160102 201.083923339844 181.113712310791 0 193.322482022372 176.626837337718 225.694435119629 201.480766296387 0 143.643310546875 213.397075108119 0 217.491449991862 240.823379516602 205.916434151786 0 0 218.150932312012 190.833711896624 201.893730163574 218.959121704102 208.356463224992 201.34612358941 202.61597442627 181.376516342163 160.847159491645 0 181.959976196289 0 210.635289510091 141.790008544922 204.78579057966 187.286636352539 153.300827026367 183.732828776042 206.398361206055 197.736424763997 243.287185668945 227.147994995117 205.360107421875 202.642211914062 145.575560008778 168.461414882115 153.457967318021 0 191.193790435791 133.990524927775 199.342610677083 161.286346435547 193.235226949056 0 210.782224767348 225.844253540039 0 167.929087712215 129.984731432418 165.331192016602 201.105158487956 216.411720275879 0 0
66.6017147305646 124.160659132333 163.908859654477 67.8412692642212 24.5778059463793 50.9476113199186 58.6926988261253 115.082905769348 100.57399597168 124.073443821498 136.440442085266 79.9350168941585 0 76.6126339561061 82.9714964589765 107.435243988037 96.7247207641602 152.329624176025 188.052471507679 127.278175354004 90.4194327611772 87.6969980580184 83.5705469065699 106.041428792108 118.851091965385 146.432624816895 94.0027188387784 83.4043314797538 52.9646424459157 32.0364385601268 10.4443050309197 46.3789070299866 68.2569576931321 61.6156738826207 67.3368337804621 85.8392810821533 85.9459890218882 75.2819761496324 89.8529338363774 80.6879503560621 81.8913746577437 106.770460128784 112.88389136086 172.393249511719 0 129.266488393148 70.0628112411499 127.698295409421 163.313777630146 160.585983276367 145.582364036923 156.57857652144 104.085265892139 90.0290014773385 123.354955451433 101.794460394444 25.1141207615398 65.2227378845215 62.9855323204627 87.3856671651204 118.590441703796 138.437374886894 115.978915456998 100.848846920653 97.8869102121791 0 59.648725088107 64.4777617327935 108.660576007157 153.419557666347 159.201302610798 84.7585320394547 84.9177469106821 174.182498168945 46.8056629752314 134.85274450463 103.575751564719 0 107.238419114498 171.815998077393 171.399184604861 176.608917236328 113.169901802713 90.4522740100063 98.9143613316069 77.6945162117887 38.8508451380831 175.554215651292 158.534892859826 165.947785441081 152.398467169868 147.797677491841 167.335113525391 162.360223178206 142.758281747918 24.1229753184859 76.5062193189349 67.4702239079518 28.0221537475749 17.7963006682434 173.453720092773 149.963704035832 165.710615612212 162.592212931315 151.980321884155 158.656511659975 164.125366210938 199.84619140625 187.940388270787 131.038348388672 147.853034973145 156.285477985035 147.976715087891 145.684677124023 140.149047851562 0 158.149968465169 118.283821105957 183.733205795288 201.122798919678 164.674517822266 164.161201477051 195.069717407227 165.294319152832 191.581764221191 0 120.064971923828 0 0 167.847106933594 169.2007683648 154.047523498535 139.012993417135 147.151306649913 144.658630371094 147.586241658529 128.850051879883 134.195114135742 151.171616077423 151.199964141846 209.291397094727 199.393577575684 160.882621765137 172.0246925354 176.314764169546 204.826449584961 161.243769327799 142.971318562826 136.739826202393 179.98260724103 196.44856262207 195.671871185303 216.431182861328 199.857051849365 0 192.149421691895 241.058166503906 210.146484375 213.191513061523 224.225341796875 193.811171311599 176.778925577799 210.630798339844 166.756343841553 188.722193400065 149.029159545898 180.503005981445 188.035652160645 189.428665161133 124.513771057129 194.132651695838 150.75316292899 177.640266418457 145.733093261719 191.954077148438 179.588396245783 202.144775390625 205.49243927002 175.999914169312 0 130.053989850558 137.735270690918 145.701232910156 142.901229858398 180.291235605876 111.173596833882 0 141.480026245117 221.443881988525 185.706954956055 200.336521148682 199.351776123047 0 159.567728678385 113.245199148996 154.983749389648 186.026596069336 196.612965901693 0 140.661885579427
96.2645304396346 104.382991513339 102.712461471558 80.1445938958062 37.1498928348529 18.7747810919177 79.3488525043834 117.512192317418 70.2446612189798 81.4494954427083 115.735399723053 32.3214105522551 0 71.893913269043 225.203521728516 97.1951281229655 141.712714195251 140.549839019775 189.36506652832 152.757705688477 79.4011804899817 82.030153290213 87.289400620894 155.326170603434 90.306480076002 0 113.458000183105 113.050000807818 79.372115107945 70.0176643155656 46.3789070299866 12.4060574676776 22.176275921838 20.3197473665398 83.7041282653809 0 41.7233993530273 46.2739914113825 95.8385615757533 130.639970779419 82.1360108569304 0 158.113348642985 232.794853210449 0 156.571197509766 120.108328501383 130.811278193252 137.399004618327 0 145.418679714203 165.734074500299 112.936323983329 106.557399355132 116.950582043878 96.1205136435373 68.3584473019555 15.8246586472665 72.6391970316569 0 156.142761230469 146.523229658604 157.375319480896 133.783134460449 116.806987175575 234.82145690918 86.0165286117725 101.043528238932 115.554674463948 173.816884358724 165.971660359701 45.6789931947853 42.7347263448379 72.1301334087665 35.7903254521902 126.512389712863 63.012266431536 0 69.0181791833107 136.017400105794 171.971051534017 185.062622070312 117.157090387037 100.222988178855 99.3537199277047 83.9564506790855 93.5431274414063 174.231526692708 161.027547765661 158.090179443359 160.326449076335 134.210182613797 170.507717132568 172.15443166097 154.173952542819 35.2892814111375 69.5592239697774 89.4740353961324 81.6619867437026 85.8279299418132 149.063145531548 165.642907460531 147.395829200745 144.378690378289 152.61345963251 139.679789210475 156.193606058757 133.689406077067 144.504822178891 120.703301565988 123.155719333225 139.413723888293 138.541381835938 0 0 0 0 156.212242126465 0 170.981956481934 129.142483520508 229.719909667969 169.382970174154 124.761648178101 148.304412841797 184.408203125 112.323970794678 236.072784423828 0 0 153.552391052246 0 119.943267822266 123.403201262156 0 132.680593066745 154.049369812012 0 121.253985359555 133.726973851522 0 154.871943155924 159.790466308594 169.274176461356 145.636981964111 206.912963867188 180.846557617188 0 124.713655471802 185.108145577567 156.369288635254 0 193.201644897461 190.971572875977 0 138.411163330078 217.895080566406 193.807943725586 0 195.764068603516 178.54717389275 172.302377874201 175.814888000488 154.864350891113 137.357748413086 0 187.878898620605 212.895317077637 0 240.018844604492 163.330791766827 143.325370788574 0 163.836799621582 190.299865722656 160.544860839844 182.902973175049 0 181.360922241211 0 111.778249818985 140.3089159452 145.842540740967 0 173.496994018555 112.900293436917 0 0 199.843939208984 150.297348022461 179.357065473284 201.229358673096 220.289741516113 127.49772158536 103.769177665173 160.406982421875 148.712610880534 172.337982177734 164.758117675781 0
116.664259704889 108.482985040416 118.551726501767 97.8204632240888 67.11246486091 48.8340823186554 95.6935602271039 97.9227235755142 77.3180329459054 68.4266707185027 65.9300727679812 28.3143626920696 77.9089956283569 74.704532623291 162.258598327637 102.019828449596 177.133045196533 129.088627624512 186.077215467181 149.255950927734 93.2011984137373 91.7027798708244 73.0336461831595 135.893786112467 95.3420101853668 157.117899576823 127.443996082653 91.3493428437606 97.60125096639 91.2665253109402 68.2569576931321 22.176275921838 13.4212312452689 22.3525127142272 81.5772445678711 34.8435478210449 34.558771063379 23.8290529571784 86.0838289114145 125.721772670746 96.8273767660995 164.443845113118 148.915383712105 125.892969322205 133.250303268433 112.866544283353 119.626325116839 140.334483547868 160.158358437674 194.923107147217 154.464622243245 171.853057098389 129.402591160366 117.518145257073 137.12902248607 115.809549483042 91.7763636358853 40.2381672625448 73.8174986839294 54.8743591308594 108.108393351237 160.656464079506 163.560143904252 154.274435043335 127.779635111491 0 100.135081978731 82.27028632164 123.15091710811 184.658387991098 168.411085709282 21.9003390945245 27.8659173733798 61.8506852873079 46.0743058271238 123.396333729137 72.8177805537671 50.7401390075684 63.3796925214132 158.260452270508 188.707698318194 188.889366149902 132.689078268474 117.491918239827 114.905831955771 99.4546648082167 147.58189201355 195.649785359701 168.658136367798 209.726369222005 146.914220101493 145.617369601601 179.107920646667 183.640072162335 164.218533077755 56.6014999279751 57.1596821300392 96.1335716445211 98.6140339614002 107.240504756118 164.259176649489 156.893031135934 164.612070734361 157.791359680176 149.216725614882 155.534255748684 165.34587097168 154.575009765625 164.720703125 124.929717844183 137.462786336583 149.96135005084 144.284138679504 136.674625396729 162.322296142578 141.718787193298 122.481905619303 0 135.346267700195 161.70273399353 137.697855247642 158.791882106236 148.127882321676 150.173181152344 165.220889844392 122.575784301758 118.196572197808 178.076978683472 123.769149780273 163.386439005534 160.740162893442 156.371277491252 134.201363083004 129.752724138025 132.451522827148 132.962693997792 138.518263498942 114.658836364746 126.32962374144 139.306446027152 159.012710571289 148.694944208319 165.952453613281 171.464755249023 154.995136449833 178.669281005859 156.827069091797 137.244094848633 122.064227778737 171.853457132975 143.713860251687 202.045873006185 214.52707417806 196.577057902018 235.514862060547 158.451080322266 219.8547706604 202.655016298647 198.706235249837 214.097058614095 186.916551538416 185.793359375 175.812289428711 176.23530960083 133.5803202415 142.066163744245 170.288343641493 190.962058067322 0 166.561489868164 175.492550165966 159.246429612901 164.052501254612 136.156538827079 193.942672729492 191.71727438534 223.760618209839 207.469696044922 184.274662017822 197.639305114746 121.248126233419 117.811269420788 93.8877740060129 165.469398498535 186.07058207194 106.507141319053 185.855941772461 200.050354003906 212.396895188552 179.805836268834 194.129954192598 212.781075371636 205.298451741536 141.361717077402 109.925277770512 166.600917372593 162.947218758719 160.398451585036 200.473320007324 141.828385353088
159.062972477504 105.614685058594 194.20051574707 218.864379882812 66.7956369400024 69.4639186075289 116.338352203369 149.314427693685 176.673324584961 157.157199859619 0 115.658970612746 0 65.3052990560301 59.9681382860456 93.0331237398345 73.7096614008365 102.011216057671 148.639167785645 50.1684837341309 82.2780480282501 79.9812982952033 63.3873335031363 102.31636281447 86.5568939008211 78.702823638916 88.4871974998797 76.3840944568885 94.6995877616013 105.674156102267 61.6156738826207 20.3197473665398 22.3525127142272 8.8546867717016 55.8709715625696 43.9954855065597 11.3288465366242 28.0939359236534 81.8724600006552 78.2923595721905 91.001579714897 99.48056640625 109.59220641514 0 0 131.645118713379 71.8722474647291 118.13950569748 112.02840423584 194.48095703125 159.778472900391 167.133126576742 116.432565689087 116.279858452933 136.74657535553 117.210566202799 83.7134608268738 20.7621052298566 35.2599227465555 15.2877174465178 101.860177357992 133.990553841662 113.049790320458 91.9993887714956 95.2492234944531 0 95.6659886220868 53.6711747702299 102.205834072048 148.058520507812 154.420742797852 45.8992772224622 40.7193429125888 57.6144104003906 21.2929822181404 119.853185017904 74.0338617960612 0 85.0150743484497 0 184.12201944987 0 126.432137180917 116.496379613876 109.568632019353 91.3577358722687 70.6203637964585 184.430976867676 163.08358446757 0 135.848038673401 139.619233131409 0 163.878265380859 137.73048990423 45.3027727845315 104.266288757324 97.6989974975586 86.8746115831825 76.3156663513184 0 0 140.700607299805 180.407521565755 148.418426513672 172.077545166016 0 0 242.181106567383 130.747299194336 0 156.729811350505 143.782021658761 185.077651977539 154.254592895508 134.708455403646 133.507755279541 208.820068359375 118.308181762695 176.050196329753 137.688860112971 152.75599416097 151.006954193115 175.703201293945 140.828090667725 0 137.550198872884 210.624099731445 0 0 0 0 147.620549519857 134.018807044396 0 129.524556380052 153.689666748047 131.165255228678 134.672890254429 133.826876746284 0 130.500093460083 163.819175720215 156.288314819336 138.475444793701 226.223083496094 124.794845581055 167.068466186523 127.237089157104 177.11182680997 134.56927381243 194.881103515625 230.535461425781 0 0 0 0 236.829895019531 0 174.316757202148 169.320037841797 0 0 0 140.36015625 146.946407318115 0 178.100653076172 144.151374816895 130.460041046143 203.979034423828 152.953125 127.615458170573 138.523420715332 192.947695922852 188.025090026855 173.245132446289 0 174.248228285048 165.331298828125 124.347056918674 119.049381256104 105.43187550136 186.892242431641 164.968551635742 119.151890224881 190.633163452148 0 0 191.484893798828 193.002828979492 194.516101837158 233.35009765625 159.425120035807 137.157246907552 0 185.817192077637 0 0 156.194511413574
137.678512573242 0 0 0 99.4356966018677 94.2782796223958 103.912475585938 0 0 0 0 0 83.3368988037109 23.4936677194226 37.6507182035374 70.6062665033822 52.7431460620688 84.214669186136 96.7646135790595 54.1505557431115 92.5945010715061 77.2899763840895 67.5727705344176 57.4416281594659 49.6721786050236 59.4965845743815 26.7081024291291 50.139218502799 95.9320058649237 102.853155953544 67.3368337804621 83.7041282653809 81.5772445678711 55.8709715625696 10.4340560128214 17.7087987521202 49.7052299210246 68.1250086817248 118.834981282552 14.8459075203608 87.9334397492585 75.4887627688321 70.1994107500393 75.8975639343262 0 122.669174194336 11.1218801827266 132.645630645752 81.1879294259208 0 0 0 145.007522583008 120.885485172272 0 123.647537231445 81.3444533996582 45.9942939967325 21.5906300430019 32.7092932577632 106.893721444266 123.327399620643 83.1766981351173 66.3893898459042 77.9358585531061 0 94.0285910380255 53.8010030388832 104.453461396067 177.694305419922 0 98.7257919311523 102.352871528039 61.9222278594971 63.8281415068073 111.260177612305 0 0 145.813674926758 0 0 0 137.222723824637 111.09261954703 118.846645355225 90.556158883231 65.8020016063343 0 136.86105455671 128.833892822266 137.181517028809 105.872712029351 0 142.158504486084 88.9745038660561 77.9191173460425 0 89.5704650878906 78.5605883598328 81.6973574408169 0 233.943588256836 0 0 151.476104736328 0 0 0 0 0 0 139.982147216797 125.98521543804 113.042131864108 117.529230117798 110.604208432711 118.294286092122 111.370502205782 122.894611597061 130.641315294349 125.737046691895 123.922746918418 120.820424524943 129.869781494141 143.35672454834 144.847263336182 108.634925842285 152.58385848999 151.72346496582 140.606986236572 0 149.573188781738 149.523798624674 129.781770978655 164.708435058594 129.158598327637 123.075772603353 126.534203847249 122.041104243352 128.454378582182 147.907992553711 129.937047621783 143.039566040039 0 142.694869995117 145.41828918457 0 128.479141235352 107.114688375722 147.410889845628 128.461261204311 206.912559509277 232.719650268555 0 0 0 0 159.748275756836 0 0 174.119369506836 0 0 0 139.424087524414 120.853121439616 123.369853973389 166.620095825195 196.927154541016 103.595966339111 189.977912902832 0 0 147.490547180176 163.166748046875 160.188037872314 0 0 158.418567657471 0 0 118.235581831499 91.346246931288 229.726226806641 0 92.9654922485352 0 0 169.393081665039 178.424736022949 0 0 193.50309753418 0 115.262306213379 0 157.231498718262 123.201286315918 163.586624145508 0
0 0 0 0 0 0 0 0 0 0 0 0 0 23.8691099617595 31.2232472068905 72.3473603384835 30.461838059533 111.999643325806 82.0446853637695 54.8798300425212 80.3071937561035 69.8654849529266 46.3529961109161 74.429827616765 0 62.9020690917969 60.8124039567362 48.8799555229418 113.930183410645 0 85.8392810821533 0 34.8435478210449 43.9954855065597 17.7087987521202 10.5826079989071 28.3035719405604 51.7848445574443 68.1596156529018 46.7642138986027 89.8012664794922 0 79.9367753542387 0 0 0 37.7106716492597 78.3393669128418 0 0 0 0 0 122.495601654053 0 0 125.642667134603 37.8492352685263 16.1833350546693 16.6394627331207 95.89697265625 145.535230000814 97.5034909248352 60.5049475261143 68.2264262390137 0 128.491855621338 44.90187254819 75.0183030205804 165.735778808594 0 0 0 0 60.0786390671363 76.1370315551758 0 0 0 0 0 0 0 163.70285542806 128.354606628418 0 59.7720375061035 0 0 0 106.384620666504 0 0 130.158340454102 96.797917175293 67.5582618713379 0 0 129.200637817383 125.827198028564 0 0 0 0 0 0 0 0 0 0 0 152.986343383789 0 91.9921112060547 0 144.215728759766 135.312728881836 124.87956237793 147.10343170166 0 143.571338653564 153.713728162977 124.205192565918 0 0 0 0 0 0 165.718757629395 0 0 0 0 0 0 0 95.3810653686523 117.010176086426 103.94423421224 160.483673095703 126.687576293945 173.595520019531 0 0 0 0 111.953422546387 0 173.129846191406 0 199.4521484375 0 0 0 0 0 0 0 0 0 0 0 0 124.779174804688 154.569061279297 158.189178466797 0 0 0 0 0 0 0 204.0166015625 138.871734619141 227.029998779297 0 132.830215454102 0 0 114.192291259766 74.268928527832 0 0 0 0 0 0 0 0 0 0 0 0 0 152.435974121094 0 147.46110534668 0
149.744516372681 155.899574279785 163.039070129395 151.224143981934 94.6050291061401 100.502041816711 95.3838068644206 128.091552734375 144.765289306641 151.700103759766 0 159.542041778564 60.1672706604004 42.5118273389732 35.0168811117516 67.4881193207281 19.3787997780612 82.3817678339341 126.594896770659 40.2347733179728 78.1483423247818 72.8679710723984 54.1175782123317 95.4685965991411 88.7817463730321 107.618812561035 79.5036071284643 63.322562543218 104.064237895765 117.931441443307 85.9459890218882 41.7233993530273 34.558771063379 11.3288465366242 49.7052299210246 28.3035719405604 9.20889339948573 19.1674688460703 66.6686557588123 67.6638352107076 81.5385561201307 85.654182434082 105.187814303807 153.668595631917 160.31173248291 133.957599986683 63.2836380941005 107.720151096724 126.292747497559 0 144.38193359375 185.389078776042 116.142158508301 114.336226654053 154.706610107422 107.718773978097 87.2503924560547 34.2760661552911 43.835117567831 16.9805182499618 81.484431755252 131.57854233665 109.484148280827 87.299774745415 86.1718492459195 128.869873046875 110.093509602097 53.4750201460244 92.1262915035645 163.132561577691 143.42025680542 95.7364104775821 70.0406121571859 68.5567901611328 36.3798042053146 99.9653789997101 69.7349563011756 92.5314617156982 78.6116316053602 156.943206787109 160.238458251953 171.567663574219 127.682119464874 111.879304885864 105.522787963867 94.2202422313201 66.9533206394741 158.323165893555 130.186472039474 183.077880859375 127.86176554362 120.526065063477 161.863838195801 144.730561065674 114.856614332933 56.5977284336442 180.867380777995 133.263603210449 90.4816325233096 94.5652713775635 206.139678955078 174.580272674561 0 181.100315093994 150.012663947211 152.295953369141 0 125.211720784505 0 149.114715576172 0 141.933838844299 121.548443720891 137.519347635905 143.841267903646 115.888805934361 105.143352139381 123.362325395857 116.185480637984 155.194907052176 120.695248258287 136.376975183902 122.775346571399 130.019175211589 133.000487709045 105.067163467407 113.289234454815 153.940826416016 170.467788696289 138.101767857869 165.528652954102 144.44856262207 129.794453014027 131.686553344727 109.195833206177 124.104747414589 127.649074207653 110.946282126687 114.310237442238 119.869762703224 140.697943623861 120.537996636062 142.823769309304 133.627090454102 144.158414770056 184.980658897987 139.195328848703 118.330907821655 101.592180183135 148.620635408344 123.077707417806 210.170776367188 195.525787353516 180.971664428711 0 0 190.428298950195 185.646911621094 240.600967407227 197.432632446289 183.457874298096 171.90700785319 198.453323364258 171.585006713867 116.067311096191 116.323285420736 152.254710388184 167.455194717798 0 111.159743499756 173.43241074506 148.73950782189 133.666724068778 123.525586446126 176.365070887974 163.854372024536 0 159.05615234375 163.007381863064 156.483530680339 122.855542646136 110.842410755157 96.1529090187766 133.979456814853 158.86665889195 102.847015380859 160.433975219727 153.985122680664 176.122229003906 157.894915771484 199.210832214355 192.33697052002 196.248084174262 135.836727142334 133.130083719889 120.578521728516 157.333616638184 134.206866455078 143.294052124023 137.250625023475
149.691810376716 177.137277603149 172.337743759155 180.273166232639 83.2919454741896 98.7765396073548 115.391968174985 176.490291050502 139.238207499186 185.594378662109 159.72193145752 122.768885171542 65.6489773050944 70.6482654048448 44.9942762148033 76.9145893297697 23.232706221783 74.3388913831403 28.041865858054 20.4241264153822 91.4968120899076 86.2797730128972 66.0785196282271 122.732919381589 92.8929153310842 107.990401916504 104.444508440354 75.8282749611358 111.054702599843 126.999049663544 75.2819761496324 46.2739914113825 23.8290529571784 28.0939359236534 68.1250086817248 51.7848445574443 19.1674688460703 8.97055399523703 72.7765850397324 94.4947357177734 93.7663009131483 103.953809210595 124.944140767556 38.8725693471848 86.1904315018072 80.4631142999134 92.041151772776 118.196305137222 145.760758972168 133.783998807271 159.630111694336 178.29953645405 130.589960370745 128.284800105625 136.59423603731 119.616595773136 126.779425048828 50.6802372582462 62.492569582557 33.9405451880561 74.8712070969558 137.749206200843 127.031368347758 108.394232542618 97.446413620255 103.488851547241 120.857086630429 67.1051140856999 95.2994324920137 158.617477416992 149.620086268375 74.2771113895979 29.3457876163579 59.5323338890512 55.0621236821511 101.292334495781 59.1280807210253 63.988723226694 98.6587096873979 154.458303833008 169.530127419366 153.064627075195 134.438296724402 122.888192033346 116.452761163428 101.381657852317 108.089816244025 173.072279202736 134.007420187031 134.314871493253 105.829250877237 146.673330197389 182.419825236003 165.959613952637 142.847703753777 65.9776869500074 112.271654001872 120.554551042829 100.672511744499 98.7193864186605 190.426508585612 171.858055623372 183.954600941051 180.257188951647 167.326528743822 163.708824920654 218.12776184082 138.714807891846 158.212773640951 146.836393083845 154.50170135498 152.647381535283 132.400230407715 135.534962811048 135.331605496614 127.755407418778 117.946352119905 140.371829605103 130.185006459554 146.989040905916 130.354039907455 134.567196817109 131.981934557189 138.918134078604 148.162235881007 140.518729858398 118.074802069016 166.386128660108 149.346545991443 149.93160288821 164.43600019624 164.270098876953 151.007086867586 135.493333216564 124.505514144897 133.934434520355 138.189241665513 116.056350337649 122.234808771276 127.017223884049 148.092272869952 135.355000813802 153.209968791288 172.649674309625 148.432811041298 172.975547536214 140.434752948468 126.261697035569 113.894499389316 152.743342352129 135.435397984632 207.452660369873 200.90018985146 192.303205490112 191.188098907471 163.566967773438 214.000025431315 191.764283921984 186.670232137044 201.623624529157 182.747038145323 186.355802612305 180.480051994324 190.903480080997 134.021862399194 130.500126001786 150.696111246745 169.245856687247 173.781297956194 110.008465741132 178.575031144278 166.956493901271 146.351717994327 135.157213846842 174.501194088958 160.889094441732 208.314261436462 210.327385642312 166.79119708087 165.265309651693 130.188293892342 116.353916052311 88.6407833928647 144.078898111979 167.962133498419 111.735998756655 173.790289984809 174.085029602051 190.997542911106 163.167208744929 189.777179874786 190.843849032533 198.677005290985 156.13862366372 124.520695961128 183.502377319336 163.029287082046 145.413335885575 154.753384272257 146.556378394058
160.960277557373 0 198.120758056641 0 108.787545464256 118.225538170856 136.926091766357 0 143.438186645508 0 218.351875305176 124.126914978027 75.8392985442589 86.922279993693 51.865068025341 30.6442380662781 67.4750571705046 20.5622014174852 72.1083295161908 50.1006740863507 123.057330830892 124.552726593018 92.1067143315854 73.84701154791 116.292905171712 156.821894327799 72.7798782160253 28.3510227438737 130.446623952765 114.998215123227 89.8529338363774 95.8385615757533 86.0838289114145 81.8724600006552 118.834981282552 68.1596156529018 66.6686557588123 72.7765850397324 11.7074403040682 121.384814671108 81.5126255472658 59.5752643857683 68.8598233396784 128.167739020454 122.101263046265 52.1496193304608 113.99402923584 62.8885359257889 85.333188863901 104.206518173218 107.840451754056 0 166.829010009766 157.527149624295 156.43959236145 132.029190063477 138.461046346029 77.4908009251804 97.3089962005615 66.3885981782954 20.3512197877671 87.9103723413804 83.9541520118713 53.1323597540105 23.0303721760067 58.5527482466264 140.07526915414 92.2005808903621 29.1610643405557 126.351586081765 116.361075768104 93.8149351640181 90.4750146132249 90.7154966081892 89.0484900651155 41.5801548865459 215.636840820312 0 110.137321472168 0 108.26286315918 167.456680297852 180.618220738002 157.434002751889 151.06417787992 130.353009541829 90.8228530883789 129.4177793615 104.547140693665 163.73734664917 60.7152635425541 100.569235907661 160.852165222168 118.221577167511 91.559274855904 95.5758480369823 134.421615600586 146.768369674683 123.354650324041 103.81918110567 187.41919708252 175.952990112305 0 0 175.930289419074 181.160313924154 0 134.651966094971 0 0 248.307586669922 190.648832048689 145.983723958333 113.861782761871 97.1506347396747 135.202659243629 128.78304901123 119.880422152006 128.424402872721 111.120887965633 143.211235046387 115.484124546425 138.381756146749 181.548870849609 231.935348510742 231.597106933594 160.334045410156 122.204600772342 160.306950887044 127.193948184743 184.536749267578 171.636703491211 170.486748435281 164.87633481233 138.08780670166 164.786593401874 163.285902023315 170.540618896484 148.933324019114 147.903138782667 105.246136369958 160.867577689035 109.388193021377 146.128657023112 185.083710988363 126.201151662059 81.9422191189181 83.0541410649076 117.430529811926 109.005816281343 169.721307193532 152.706486701965 147.098335635278 163.531362745497 151.857810974121 110.552800178528 222.076095581055 157.760552978516 0 181.921043395996 218.488165283203 0 230.676254272461 209.225210825602 151.706451709454 147.958532333374 103.419537947387 116.277425675165 107.161209895693 68.9747380807366 211.849123636882 183.497582175515 164.533824247472 169.31979675293 125.655140225849 107.47083227975 194.485843658447 162.018143717448 107.324086308995 112.220952987671 159.285806274414 140.702754974365 86.9736401484563 160.122833251953 112.129151294106 130.547710842556 163.648722330729 158.903680801392 155.610455830892 192.405429840088 213.128219604492 146.68237286736 172.498668323864 169.26551044521 137.731065538194 200.673843383789 214.657325744629 191.560363769531 168.918905639648 197.255126953125
190.499468023127 197.522384643555 211.696411132812 169.800214131673 145.439224243164 178.184366861979 207.902282714844 201.731965637207 0 0 0 157.998344421387 135.26290512085 34.5218886104832 47.5284645627664 91.5228430063937 71.142445904868 117.697126166765 91.3625990237043 83.247806040446 72.9550487083077 42.6614625312533 39.9909024887953 53.7620762501216 22.4620294424861 22.96300253487 35.0028901839201 89.3468209372626 94.4227603224457 136.290471903483 80.6879503560621 130.639970779419 125.721772670746 78.2923595721905 14.8459075203608 46.7642138986027 67.6638352107076 94.4947357177734 121.384814671108 15.8916149864567 71.2740700413631 60.0851851441806 75.768835104875 84.7461978488498 115.578979492188 132.569248017811 23.8323148674071 134.231276772239 87.5475464482461 211.235397338867 152.142807006836 170.563369750977 121.645214080811 109.95174618425 154.201441955566 137.140403747559 86.2604494700356 55.9385706999592 48.0621767021628 51.8521738052368 127.411707444624 122.381727035731 91.8268513997396 87.3189750204281 113.373574476976 184.906608581543 87.9410951189373 62.6072316471534 132.883833665114 140.137408353844 164.226829528809 123.735633002387 103.794427425303 95.0268374851772 82.8900332371833 138.317519554725 97.7307205200195 0 103.335991753472 0 157.415570576986 0 127.172058477634 103.008452200248 99.8367240858374 76.1037106038498 68.042254473712 159.579492422251 137.115755818685 142.702183372096 137.089955449104 116.727158079756 179.888320922852 129.478487748366 102.570641514245 111.993764241536 152.108749389648 152.494564056396 68.6461390612418 94.1000160548998 0 165.762344360352 0 0 0 0 0 0 0 0 0 158.15852355957 125.591256035699 117.431840419769 0 121.384225769043 111.974817612592 113.652480125427 126.22562383016 135.324909210205 128.255635137143 126.484622203943 122.769415184304 129.925971984863 169.837493896484 104.571430206299 118.514683314732 152.997192382812 182.135467529297 130.77465057373 0 0 161.395492553711 145.457740783691 118.796890258789 143.611747154823 126.047035217285 115.143283843994 132.35306767055 128.443455464131 161.942649841309 127.248396979438 156.584915161133 0 140.257110595703 132.283630371094 0 0 109.658675222686 154.895277295794 141.832386779785 241.219116210938 211.101455688477 0 0 133.558135986328 0 233.81324005127 0 0 0 0 0 0 0 137.529056549072 175.602651977539 180.191097683377 194.216934204102 109.304576873779 196.517112731934 168.230583190918 0 134.543741226196 167.170227050781 194.923446655273 209.830078125 0 185.597534179688 0 163.696323394775 130.017091751099 81.9735389709473 0 167.286666870117 142.545569101969 0 0 203.436447143555 169.716674804688 217.892593383789 201.836950683594 201.062767028809 148.143859863281 0 0 216.918106079102 0 0 155.109146118164
95.4130492823084 99.3371146425556 101.469525393318 96.4175161305212 87.8926861338372 95.6217778288909 101.992804912307 93.5197054417928 120.694491753211 99.1215867542085 101.239028438445 105.506050101377 92.6453297391851 92.4425050602403 76.3266616708051 77.1046052225875 87.2191009101628 81.2386225894489 96.1623945701136 77.3871516055848 27.3605459832449 56.2413368923082 28.172314756426 63.6615285801708 72.992410628522 58.2013868450937 72.5816202298818 81.1275947472038 109.930031867876 88.1841195002791 81.8913746577437 82.1360108569304 96.8273767660995 91.001579714897 87.9334397492585 89.8012664794922 81.5385561201307 93.7663009131483 81.5126255472658 71.2740700413631 13.9079945197658 21.5452138386002 67.1313307223304 99.2697340215294 90.5015832727606 82.483749023366 84.257124369381 86.5613873374775 33.411550416549 96.6107886632283 51.9801715402042 74.4810818027518 163.019097328186 135.008574962616 29.2448563585999 18.3522883242574 87.7274878753279 81.8754477500916 90.9202981226653 95.3886472261869 79.5497507377778 120.320380096036 113.51351196087 105.465608344888 117.372201772837 77.1651837399131 117.89467166719 83.6285884152552 117.639001846313 94.9996546910814 99.3111406339632 98.9665457312741 102.762084553619 83.7187782634388 88.8332785471389 78.2814010745189 98.6120476793887 114.586312103271 104.341847933815 77.4039148401331 93.6445113760202 93.5139624277751 45.6729935477762 124.99638778285 41.2685240492036 83.0241170498569 80.5589045206706 93.8297472753023 84.5893117549973 89.6456389793983 84.9944448583266 47.1102615930292 78.4880630077959 72.5724308577089 75.5843650891663 90.3154813991949 116.92144835229 114.461158752441 89.5710850543663 78.711342616388 196.27331660344 174.496386014498 159.804739634196 186.956926413143 179.839834890058 186.046327457872 204.361793518066 168.636638641357 195.884919484456 168.510404314314 185.731852213542 177.655050825365 141.143419119028 134.338624087247 116.301472003643 143.60640411377 142.494942256383 141.006009718951 151.361378805978 137.470954201438 155.377358391171 141.771160341659 152.777279940518 161.215480409819 162.632960979755 146.45532989502 153.252682495117 157.44846089681 147.817749023438 144.370533662684 180.895029482634 179.962142944336 163.722047351656 156.465191589796 162.549453735352 159.700793457031 142.692727661133 132.745999145508 149.242624214368 150.841478013501 137.031256817757 145.783772277832 132.365591399524 187.847861395942 178.492333016744 164.332777786255 117.200022125244 107.870646403386 137.835358718346 130.652557174881 160.171057441018 171.753893375397 159.730618020763 206.348400878906 168.970199584961 160.270488194057 174.833829402924 209.910666147868 140.612239456177 179.037082990011 203.360607288502 205.613987223307 202.132121494838 195.377714538574 154.778079720431 148.124391443589 123.338508474416 147.347063951089 151.291881084442 83.7382343955662 200.055868911743 185.372633361816 168.912127685547 159.516667879545 140.366464659225 129.54064923241 186.692606608073 162.361302693685 132.920334028161 115.139057704381 150.937634167371 142.952281708413 109.505219486782 177.981861368815 138.209021899165 137.221796580723 150.068651199341 125.086681767514 171.938507737785 177.515520368304 214.253858517378 149.29813790027 172.783365885417 183.361633300781 157.01248111365 178.798040771484 186.622268089881 169.223142351423 217.606399536133 171.996717180525
157.052307128906 231.020584106445 0 0 123.678642272949 0 156.121139526367 182.101623535156 0 0 0 190.471412658691 74.5445346832275 72.9182147979736 73.1453059028177 67.5689746374371 93.8292397719163 63.1467380185099 100.198197459127 84.6627447066768 59.1730870466966 69.4463729514732 21.1848540275979 27.172128257547 68.0924400753445 45.7120889577899 52.8145713120056 62.0239546034071 118.683683395386 0 106.770460128784 0 164.443845113118 99.48056640625 75.4887627688321 0 85.654182434082 103.953809210595 59.5752643857683 60.0851851441806 21.5452138386002 9.46323492085492 24.1201610075841 101.411225001017 54.0285583496094 75.1077015480299 69.0948343411298 79.9100818634033 19.0864899014708 88.265438079834 78.1888809204102 105.324127197266 0 116.183687845866 39.5764686039516 18.8645305633545 100.846750531878 80.0664487566267 77.2103309631348 0 66.8959554717654 113.245215767308 81.0126079559326 70.1864950006658 65.0037040710449 61.5608874729701 120.992411964818 92.7888529459635 66.5437423161098 110.612723214286 77.1525522867839 113.552062988281 120.059139506022 40.4912033081055 99.1424840291341 57.690543546515 0 0 129.032053629557 0 113.252017974854 0 127.570761680603 134.390869776408 139.408302307129 101.119922383626 67.0683288574219 112.352691014608 89.9139181409563 72.6948849487305 66.5306550963312 62.9924797415733 0 97.0479863973764 72.2793076702 115.841606140137 0 0 105.273524197665 82.6577377319336 0 0 0 0 0 0 0 0 0 0 0 0 0 113.239505767822 106.816215515137 118.952270507812 134.658866882324 119.775487627302 134.279144287109 105.911465188731 150.78547668457 133.753392999822 140.918388366699 0 0 0 0 139.042810440063 180.375823974609 129.362284851074 0 167.712951660156 170.700668334961 170.713851928711 149.430526733398 141.78987121582 0 0 131.503631591797 154.928538004557 108.283392333984 0 110.943731307983 0 0 111.249488830566 91.7882843017578 86.9760783268855 141.395408630371 112.553360126637 0 112.488143920898 136.937347412109 0 0 92.611644744873 0 0 0 188.183059692383 0 0 0 222.176605224609 201.223640441895 0 125.636650085449 130.361012050084 100.798845926921 71.1690559387207 0 0 0 209.041152954102 125.189978027344 116.385181568287 155.748123168945 0 114.452092798745 97.2093677520752 178.331024169922 132.594898223877 71.181878226144 177.412511189779 104.681006113688 0 108.29956817627 130.487106323242 152.005437215169 0 220.229751586914 131.520796639579 156.576301574707 179.754063924154 0 0 0 193.761901855469 186.86311340332 0
221.365875244141 208.18505859375 221.792518615723 213.679725646973 158.700627644857 190.502293178013 140.138652801514 229.405494689941 0 0 242.654800415039 172.969711303711 96.9624407493462 73.6936257461022 80.5813135286657 96.3575073608173 110.99015456824 92.0612736818421 119.03974225242 110.434818328373 108.256404929691 86.8484335233673 63.9315650415861 38.6069462002469 93.0583878008772 67.135668058244 40.6995860111494 48.5386850435275 127.679225697237 161.894924587674 112.88389136086 158.113348642985 148.915383712105 109.59220641514 70.1994107500393 79.9367753542387 105.187814303807 124.944140767556 68.8598233396784 75.768835104875 67.1313307223304 24.1201610075841 18.6416428150711 116.747523743429 74.9830110511001 83.4345817459585 83.2820636795931 93.9537163421887 28.8973347279761 76.775772672711 91.6453904847841 125.775286356608 0 142.313889802392 153.053108215332 139.446493530273 112.830873307728 88.2077022233033 82.0612676026391 84.4599131743113 73.3364349346938 86.5008121991941 42.1782809847333 26.2457248873867 52.0191710188582 74.9961647033691 121.277682622274 94.2797018980369 66.9127860307253 97.5761433514682 103.065928459167 145.638854675293 138.200058279686 124.473961463341 110.473045644181 66.0095793284778 153.089037577311 130.73232014974 137.004306793213 0 134.552484263544 99.1976852416992 163.090197499593 137.329789489746 135.903104751829 111.484431993639 116.421753125313 108.623384174548 86.9430350735656 78.8707044786877 75.9789954748175 72.9526610596235 80.8404808044434 82.7081330677248 31.3585412448785 150.662391662598 0 167.006703694661 103.781253354303 121.938440413702 0 209.188451131185 0 0 201.271208329634 0 0 0 0 0 0 215.104502360026 172.527567545573 171.302856445312 126.937775094169 153.216535568237 152.8323097229 138.086599561903 171.916850498744 140.333112478256 175.033827498152 149.97080039978 150.883654594421 159.126419067383 190.835220336914 210.524322509766 0 153.564823695592 0 158.529987335205 209.852880859375 199.519367218018 209.850128173828 186.833629608154 0 182.063121250698 177.975499471029 182.549507141113 167.146949768066 182.304103306362 131.278112740352 168.161087036133 139.594355157081 0 242.347198486328 144.582812155447 108.058546863903 111.351095199585 149.031088787576 134.819183815954 185.700948079427 178.107772827148 157.701931829038 132.392517089844 124.042861938477 109.927594271573 180.867914835612 0 0 175.608764648438 0 0 0 237.546234130859 180.139820643834 177.147674560547 128.96095203709 139.406000609792 137.205147094727 85.9081215449742 230.172561645508 206.131416320801 190.503033447266 170.436061859131 119.94423041183 126.108873623084 184.222788492839 186.653864542643 125.833107407029 120.946520169576 0 134.57958984375 137.541663429954 182.383006504604 121.048929112558 155.097323608398 158.799407958984 104.798852186937 162.260748545329 0 0 136.746990727443 167.281098429362 199.246900285993 193.445365905762 0 225.120300292969 215.934692382812 205.296493530273 208.984519958496
0 0 241.769180297852 182.813369750977 147.398969650269 162.424537658691 173.689643859863 0 60.9287242889404 218.77604675293 0 205.834072875977 26.436997703996 76.177001953125 113.242937088013 134.449556350708 124.155888644132 118.929517057207 20.3498237171083 54.5955023193359 83.4125574360723 82.8728512499301 68.9848737335205 120.961166381836 90.5168569813604 113.300909042358 108.312418769388 108.888948917389 172.269229343959 190.074272155762 172.393249511719 232.794853210449 125.892969322205 0 75.8975639343262 0 153.668595631917 38.8725693471848 128.167739020454 84.7461978488498 99.2697340215294 101.411225001017 116.747523743429 11.661516631628 37.7345330139466 66.5284048383198 77.8273596892486 112.55870763538 117.716967532509 56.3462995433909 117.586098909378 106.335690234081 156.953572591146 158.538655090332 155.318088531494 115.635722351074 167.198402404785 129.406608581543 76.9810604519314 0 69.3872382781085 125.04437974294 117.421850687663 91.4100234508514 94.5510682326097 43.7903387811449 162.062310536702 0 93.2922747525302 137.494569301605 132.333887066757 68.3188464573451 22.5970452853028 33.417833006427 120.938122558594 97.9294365547799 32.2277871283823 20.0020700393554 21.1131764916813 95.231281636556 137.508121374882 81.8956490394854 137.671752929688 144.718182754517 106.585453510284 107.727916717529 0 115.632200067694 109.711983112188 81.0541400909424 79.7620992334368 139.15724497828 134.358936309814 161.381469726562 124.276903256503 187.376663208008 68.8545696167719 87.494234085083 96.5857070922852 0 212.745277404785 183.959522247314 182.525779724121 192.746682303292 154.17738087972 152.611069997152 225.31852722168 111.67761654324 153.641204833984 122.242881774902 187.452682495117 139.117838079279 116.085241552902 100.615659484863 95.7916315197945 100.356730044467 102.924951504438 99.0236031478149 110.669885752152 96.6084933016035 108.571061545086 100.032377695866 106.676059166308 123.060440381368 129.261594841279 120.295519692557 104.999015158795 141.069276910079 126.469378662109 120.15374319894 158.40494835895 138.988949584961 145.563838301034 124.468749943486 110.305316925049 119.707306261416 123.1946467738 100.979714529855 108.0394436057 108.42686188445 112.942726917756 118.573995683577 132.476654052734 153.725244310167 140.902998137892 153.385372659434 118.758159637451 76.0478160340907 88.9065757882187 116.70678482681 120.075901079781 187.480238481001 187.156905280219 192.500081380208 0 152.123685455322 145.258377075195 146.240849812826 165.125584920247 172.245259602865 179.56596883138 171.413602193197 168.569549560547 185.488189697266 126.987662371467 112.359332365148 132.540522913779 154.654383289571 143.508188520159 69.80289031184 163.655227259586 151.658563613892 134.687405586243 125.480636272025 150.818460114148 144.73221913506 197.805239868164 189.823160807292 146.363699088976 139.087694440569 118.148510492765 101.424305871544 49.4163334635142 128.789432525635 140.273686726888 92.6247344425746 184.47364616394 130.573921867039 187.635347319812 153.069900512695 182.41693204992 155.816154755742 179.917566087511 148.646082791415 105.33315386091 158.592252731323 154.385728890555 133.82136124831 161.113960266113 130.197279214859
0 0 0 0 0 239.824851989746 0 0 91.7001097305961 104.145065307617 143.542030334473 143.724012374878 26.4788638702532 0 155.117786407471 55.6698706490653 73.0093514578683 46.3435881220879 62.057138304114 70.9645248861874 130.708755493164 128.011539112438 67.9355239868164 92.7689819335938 0 0 140.051818847656 172.542645454407 186.380032348633 165.424545288086 0 0 133.250303268433 0 0 0 160.31173248291 86.1904315018072 122.101263046265 115.578979492188 90.5015832727606 54.0285583496094 74.9830110511001 37.7345330139466 12.0977852712685 25.4687501805401 130.641937255859 97.0580072402954 73.0079002380371 19.2384968450815 95.1233016967773 86.8310404505048 155.427001953125 173.747207641602 111.619012451172 0 128.870708465576 0 0 0 41.0753856014896 100.256470191769 73.0073415756226 81.7429903666178 72.4329350789388 25.5541238658902 191.71842956543 0 98.9785362801901 123.736521148682 82.7151331220354 94.9628977966309 89.3740487291634 62.7495221979478 0 144.205764770508 70.1332191063782 45.8260985560794 78.4301404732998 69.5443914031982 88.7888159318404 47.6732719333693 176.379547119141 178.688175201416 0 159.431696573893 164.336868286133 68.5299210037254 68.1169053815268 26.4826272719564 30.6237294320597 103.659026781718 66.5665130615234 102.0732421875 80.4448384015988 126.421226501465 80.6176015646763 114.498548808851 125.667592366536 123.685508728027 183.262247721354 161.09886932373 0 238.55256652832 178.726261901855 170.831213378906 0 0 0 0 173.432734171549 184.964813232422 144.476638793945 119.55481783549 88.392839239278 118.120438711984 111.168405532837 129.149406696188 192.388331095378 111.1176081425 141.537417528106 120.039423147837 138.649931771415 176.708152770996 225.65380859375 165.745803833008 159.443374633789 127.492643992106 154.69669342041 125.375897216797 188.325413386027 163.486991882324 170.538893563407 162.903966730291 126.331298828125 165.56413823908 190.958679199219 126.54594039917 148.064876174927 146.305965968541 105.135682805379 150.106460571289 109.81738875894 115.749786376953 194.600365774972 108.040990004668 71.1071318958792 83.8024719808703 108.776435673237 97.1731958833001 155.540907467113 129.797859191895 123.229451214826 106.789728164673 133.87998008728 92.4595431623788 157.326599121094 135.06156539917 154.341382598877 167.905734428993 189.377502441406 0 0 190.251953125 150.596720181979 143.562132699149 92.6838460972435 108.20322381066 104.580247012052 43.2987265506989 214.575149536133 181.862464057075 157.628565107073 152.824325561523 98.2363050900973 94.3040433414647 142.652077992757 141.80593635296 92.3492862320506 88.608082670324 147.217007446289 140.013230096726 77.3526669988092 158.947737375895 88.0582669381877 144.855924818251 123.33264626397 55.1716974711014 130.917001353014 212.112640380859 221.930023193359 106.590844782816 121.952232979439 168.14121500651 160.453215462821 207.410591125488 207.318267822266 0 160.546340942383 178.614128112793
220.74055480957 223.136367797852 217.644798278809 0 150.813879224989 181.84651184082 205.095779418945 225.56315612793 113.111557006836 185.194313049316 142.503898620605 194.04887898763 31.9831080662214 144.420360020229 102.385480721792 49.8984493581752 73.5863281999316 23.3011295802632 40.8583577271519 57.0999480573142 143.698844909668 153.559075532136 101.410979197576 85.1334289445427 137.298231124878 119.116862487793 85.5512301775874 95.7077949719551 152.653166029188 194.627182006836 129.266488393148 156.571197509766 112.866544283353 131.645118713379 122.669174194336 0 133.957599986683 80.4631142999134 52.1496193304608 132.569248017811 82.483749023366 75.1077015480299 83.4345817459585 66.5284048383198 25.4687501805401 11.9228651065481 135.033390469021 108.661908897194 101.015257930756 125.953433990479 114.021917761826 152.698081970215 0 179.194819132487 103.095586140951 143.326774597168 146.095085144043 118.839567565918 136.227621714274 130.142719268799 25.276730991931 118.745778021411 93.137167525618 73.5518717163659 73.2858841317599 46.3809317309281 168.818728637695 123.124869028727 89.8552115810804 130.0915557117 136.292475532083 134.473886826459 98.7610633821945 57.5529582564895 138.144666818472 90.3978271484375 105.561385154724 82.6586142147289 99.3278895017117 0 142.477732490091 216.796119689941 179.472392272949 169.434539794922 175.679949951172 141.35082525956 0 142.913919164779 132.541848645891 108.596490921513 20.5882627888531 112.976637946235 131.144191741943 128.065320528471 107.45677514051 141.364882151286 123.769739786784 166.912704467773 140.394751739502 136.712481689453 0 189.64111328125 0 198.023658752441 183.488972003643 191.146016438802 0 134.096269880022 208.408798217773 0 0 192.738659667969 177.630264282227 118.138853912354 97.167209799359 128.096656536234 141.482611846924 124.481485480936 158.173839793486 110.311193484079 149.143069709699 120.204654305788 143.037996786612 175.096481323242 185.731185913086 151.190000261579 160.274828592936 128.019416598455 156.498626708984 129.964631061165 187.859044855291 173.511687830875 171.567163156909 173.306754589081 145.958367241753 163.251762497593 164.115025838216 183.930969238281 156.401485271282 151.193116610167 109.323785917589 177.241100311279 112.94583527471 160.255634307861 198.119365692139 130.487123861545 86.4873059720852 85.5314020130732 119.722436229635 109.609126982086 168.754469268176 168.542859245749 151.456234822231 135.073557535807 174.618474960327 107.52397371688 191.570556640625 179.197663740678 144.6015625 174.77981962981 237.993957519531 205.242874145508 247.982666015625 200.200125558036 156.807116099766 151.313541412354 104.784666325496 122.415071590795 119.387036267449 59.8218621118049 209.929322814941 191.633983357747 174.472350611831 168.229789402174 132.50767176011 113.189871377248 180.723957606724 173.218441112621 110.782695645247 108.526224263509 162.067116631402 138.587022974871 85.3910010443793 167.364350585938 115.127137611026 140.755853855864 130.477857589722 120.174523573655 161.019702802386 196.268984113421 242.413528442383 142.181969577319 164.888949566577 171.150634111677 138.852446783157 175.439960479736 216.890615463257 183.40417098999 182.828282674154 184.264025878906
173.082013024224 188.42453511556 184.02121110396 156.648475646973 124.651726899324 164.529126909044 157.910585021973 159.648930867513 84.0629425048828 152.607391357422 0 171.881338639693 196.649192810059 60.5784034490585 71.8740667661031 124.663735707601 78.366849379106 142.439686245388 92.7297794062917 81.4182545892124 78.1292622884115 47.0564664038542 59.1940067844812 72.6927650535041 32.2390551164397 33.3874743398031 64.0871321322199 77.2938703536987 91.1152660807625 135.503591649673 70.0628112411499 120.108328501383 119.626325116839 71.8722474647291 11.1218801827266 37.7106716492597 63.2836380941005 92.041151772776 113.99402923584 23.8323148674071 84.257124369381 69.0948343411298 83.2820636795931 77.8273596892486 130.641937255859 135.033390469021 11.8411902943124 147.656685384115 92.2056151169997 172.648681640625 122.134647369385 0 99.1528434753418 95.7268180189461 125.506381988525 97.121789932251 65.6677414026153 46.1212770066171 25.2232774059225 45.336818837105 147.962865066528 132.077934933405 105.777373062937 84.5604112488883 100.519091698431 123.269435882568 73.5495911376953 24.8279353556275 122.212432670593 142.670503733109 141.088104248047 112.960748525766 98.0701032096957 82.5512776374817 66.0082401387832 124.475093239232 91.5148666381836 110.90299987793 94.2666651407878 0 162.258336385091 0 108.816540693625 88.1242429473183 88.1553594080234 62.357522937007 23.176871049627 168.074373517718 145.469368139903 153.92407023112 149.525611150832 140.991790771484 152.631820678711 143.113943311903 107.176270230889 112.088204037059 0 138.578320821126 47.9685043016574 29.9090015095277 0 0 0 0 149.192916870117 186.896957397461 0 0 0 0 0 154.197219848633 128.320441436768 117.815743764242 177.26985168457 117.642150878906 108.523991266886 131.832807540894 124.142925956032 160.339289855957 128.817411894845 130.964614550273 129.220021820068 133.031410217285 140.260879516602 111.07421875 133.046157836914 158.023628234863 144.472625732422 131.300971984863 163.660079956055 194.064765930176 134.565826416016 152.508311878551 0 139.199491500854 130.018566131592 117.01077747345 139.84378334328 128.120420183454 0 129.918349015085 0 0 149.046447753906 0 0 0 117.525881740025 165.933729383681 129.208652496338 209.564292907715 0 0 0 0 0 0 0 0 0 0 0 0 120.761558532715 125.738195631239 164.100372314453 180.212142944336 158.304051717122 136.653554916382 212.314102172852 175.328369140625 199.749359130859 132.967152404785 150.640487670898 180.673797607422 0 0 190.317375183105 145.923812866211 135.203313191732 125.839499473572 79.4303426106771 134.235687255859 181.205752563477 145.663875579834 0 167.32438659668 199.75065612793 0 228.067230224609 207.797485351562 0 0 114.332138061523 0 180.331985473633 0 160.457580566406 0
171.138637484037 185.048032488142 182.394300079346 170.672027587891 139.216491735781 143.761065662355 156.427035111647 182.244837143842 172.731643676758 163.076065063477 110.584106445312 159.578730879159 127.660009111677 132.63278018727 95.34723557098 99.2152065523677 109.125717571348 84.1167851323667 117.135593232654 100.821121176695 167.613123694132 141.192541860765 120.501851468473 116.282242457072 156.114319801331 111.417501449585 132.234814551569 105.119105793181 152.733796688473 151.192623449832 127.698295409421 130.811278193252 140.334483547868 118.13950569748 132.645630645752 78.3393669128418 107.720151096724 118.196305137222 62.8885359257889 134.231276772239 86.5613873374775 79.9100818634033 93.9537163421887 112.55870763538 97.0580072402954 108.661908897194 147.656685384115 15.8981649350896 57.6928021949634 69.164576043023 88.7500095832639 104.902412154458 204.271145091337 183.565931396484 169.34260038896 137.980104446411 140.064174048229 105.112220107083 115.421842346191 100.172307423183 61.632031395066 32.5244895209359 61.9966449247648 79.3925764066679 71.2755889434081 104.43214743478 159.697093797767 121.698697360057 31.9568469775275 53.9026810307113 32.4282148561159 134.623893044212 128.376086984806 129.512203216553 120.838956618828 29.1273698963127 140.811762723056 159.462727864583 129.90216787862 145.598972320557 49.4603067094423 73.4344883408657 199.063485768216 182.602585859077 184.666706371307 164.808543380426 137.313811302185 37.5620659180852 36.9027483625501 82.9509885491265 65.891868361451 70.8059242469322 103.047012329102 73.9388570785522 70.7332014927919 132.003717957593 180.917358398438 165.264894247055 161.692970514297 131.197695612907 0 191.275360107422 219.472686767578 229.854152679443 199.617451259068 227.097407023112 0 172.098201751709 0 200.403366088867 0 219.789649963379 180.348487854004 137.479325612386 137.09916142055 170.351446363661 175.978832244873 170.293042864118 208.811103820801 162.987133026123 193.559456380208 177.045544598554 185.340817769368 190.112937927246 214.610328674316 146.622953414917 171.196723937988 163.703382051908 0 163.387985229492 201.683397235292 189.017327880859 204.352241516113 196.666123610276 138.17350769043 193.053849356515 222.037315368652 203.014404296875 185.795269359242 192.014907836914 144.629012584686 187.908807607797 144.463324955532 135.527482350667 175.715432974008 120.717472947489 105.483068182917 126.825432671441 163.311810387505 143.456413915602 194.159914016724 113.199440850152 105.655438056359 125.921616617839 132.024799346924 92.4604308773773 131.738607406616 111.300097378817 111.443933599135 122.813594454811 242.368637084961 0 235.251312255859 227.468418121338 190.347462463379 198.678436279297 148.695689065116 129.687387040082 103.052213682351 113.584069001047 226.666376749674 207.309414333767 186.309044471154 178.078273010254 102.517883381185 113.642165363699 110.705475297085 111.916059301534 116.940187214749 108.476440017288 202.479296875 187.222157796224 156.079543113708 186.551364353725 99.2357909938656 182.531817400897 85.1322910202874 81.6787403134534 111.152900090199 206.773928324382 0 110.727731664649 119.383034940251 198.22428817749 189.438844953265 0 207.751706441243 179.346809387207 181.736035664876 0
160.024654019263 152.494323730469 166.613912794325 164.029764175415 141.643269220988 169.356285821824 0 153.773544311523 147.672771453857 145.108702523368 202.88729095459 173.717959317294 86.1005229949951 117.748137156169 106.362095686106 98.3672207004421 112.869797770182 104.742134441029 125.536278303279 106.610885620117 90.6775102615356 92.3960665762424 60.9596772069516 56.4875168789442 109.555758340018 68.8249423503876 92.7629120475367 91.8415073526317 167.494530741374 164.819448471069 163.313777630146 137.399004618327 160.158358437674 112.02840423584 81.1879294259208 0 126.292747497559 145.760758972168 85.333188863901 87.5475464482461 33.411550416549 19.0864899014708 28.8973347279761 117.716967532509 73.0079002380371 101.015257930756 92.2056151169997 57.6928021949634 11.6725118777713 81.0938345591227 59.2241614973041 96.5128340148926 0 164.950468063354 56.944692310534 50.3049568763146 139.1738912409 97.125597635905 127.266080856323 156.452774047852 96.3800241088867 61.4699434216817 53.4003462485217 115.755484263102 131.388476053874 90.6169522603353 134.669880606911 134.558133443197 84.4777013844457 67.683892705419 77.8439012415269 155.98974609375 149.475852272727 85.0151023864746 138.597772325788 59.1264467654021 134.942606244768 119.165256500244 160.849722918342 147.588203430176 92.6567501433908 116.176540374756 107.566460609436 158.548284621466 152.788610018217 128.037572224935 124.863838195801 79.2943707675469 68.4738536377818 76.1223959957596 87.1096245401233 34.1526686676792 67.0857956886291 32.2021934929348 27.6328847607582 160.15468193503 129.828086853027 167.609186808268 125.514329609118 169.748382568359 0 0 0 0 0 0 0 0 0 0 0 216.39323425293 0 0 111.340156555176 140.464897155762 0 163.994812011719 173.185745239258 175.194271850586 199.00165049235 155.624400547573 168.315643310547 0 0 0 187.569900512695 144.196283976237 0 0 209.111946105957 187.675064086914 211.671165466309 225.703684488932 0 188.966945648193 0 0 191.187838745117 189.583994547526 142.145874023438 177.139350891113 155.677430470785 179.10124206543 166.206737518311 160.256875610352 125.444711303711 123.161972045898 177.364987182617 139.893183571952 185.511436462402 154.48696085612 122.335151195526 0 0 113.026827130999 188.433217366536 155.022974650065 180.125063578288 150.596504211426 0 0 0 0 170.151489257812 247.177360534668 143.744413757324 143.490714179145 120.640209742955 94.312100483821 227.658447265625 214.650212605794 175.531341552734 225.68586730957 126.010117025936 143.743082117151 141.239654541016 174.742923736572 136.815691111039 103.270317077637 200.59387588501 185.011077880859 129.707496643066 0 112.541470022763 201.9372215271 163.499673461914 61.8982667922974 153.01794052124 0 0 142.476485818119 131.96434211731 168.302856445312 0 0 0 0 0 211.621353149414
195.137886047363 198.815414428711 199.794408162435 179.224182128906 178.679039001465 212.7849609375 144.549797058105 183.481769137912 108.627517280229 151.160901750837 180.090286254883 164.7509765625 47.2120733383899 0 144.868675231934 135.83982522147 105.011171976725 113.502267837524 98.0946792825295 106.35619430542 113.268627166748 162.935911178589 82.2872543334961 125.508867899577 0 0 122.838706970215 125.679339090983 216.344497680664 165.380859375 160.585983276367 0 194.923107147217 194.48095703125 0 0 0 133.783998807271 104.206518173218 211.235397338867 96.6107886632283 88.265438079834 76.775772672711 56.3462995433909 19.2384968450815 125.953433990479 172.648681640625 69.164576043023 81.0938345591227 13.9028587593504 59.3563179910919 56.4458263360688 180.981224060059 206.158615112305 119.627672576904 101.141181945801 138.821334838867 0 0 0 116.563799858093 84.340284328268 65.1625053004215 119.560956319173 92.8283195495605 28.8935203895004 154.863922119141 0 64.22136980422 106.368087768555 84.0267094203404 113.671475830078 109.011210553786 64.8968719150153 0 46.1283209780429 86.2790201180724 59.7705005366923 99.9263504902276 41.8666816144376 88.2589097439664 24.1260011818863 137.464839782715 184.231636047363 143.759365844727 169.505012512207 0 51.9207829846925 58.1807427066055 26.3316624414683 61.0603872470418 78.1225698134478 88.2249244689941 110.218563624791 86.8464016047391 163.045211791992 94.1402213163495 129.733729098706 0 153.211532592773 224.354919433594 167.098693847656 0 181.675771077474 179.401880900065 185.756219482422 173.382385253906 223.62956237793 184.913589477539 156.417108535767 161.179692586263 185.882729270241 171.433395385742 0 68.5445938110352 0 0 163.87077331543 0 153.025256565639 168.613733927409 111.981365966797 133.53284962972 200.43758392334 193.014747619629 139.261379241943 163.7834815979 170.54963684082 128.558807373047 140.955004374186 187.307390566225 166.043306350708 189.313084920247 166.85373840332 158.237045288086 197.8939581977 152.495140075684 125.343231201172 168.910140991211 175.375199211968 125.175605773926 160.307657241821 109.657432556152 127.533749171666 149.890271967108 97.8019871758026 70.2950428302471 97.2605419158936 125.8832644508 99.592794380936 165.080629621233 111.095632038946 97.3328926693741 120.296566009521 96.7156575520833 74.201651088527 122.384024027232 137.180436876085 109.039260426506 134.096919073575 0 210.212310791016 241.124298095703 207.53343963623 157.54958152771 147.261581420898 128.267070770264 103.048679725797 92.9750191300004 48.8807449718065 207.111700875419 213.895131429036 169.706641060965 193.587074279785 87.894519147317 92.4360350618268 127.101205825806 127.387781650205 87.5389049371555 93.1059382943546 156.289241790771 152.273658752441 106.203359603882 186.864952087402 78.578989455949 139.267194894644 113.001504951053 27.196534411155 110.402538020825 160.442993164062 224.178771972656 91.4378386001665 102.429599480551 177.943557739258 132.132834214431 204.241569519043 193.813186645508 0 184.852432250977 160.75163269043
148.540645599365 156.317609285053 161.277800649967 150.838280814035 161.398764359324 159.957485568139 141.113935198103 148.39343399298 156.735771179199 142.481022921475 149.199024200439 170.084586403587 112.517671203613 0 130.742065429688 125.96134507921 161.83024597168 126.113503138224 157.571162137118 135.26961517334 115.841581726074 141.606796264648 104.406830596924 117.452795664469 158.004791259766 0 106.642723083496 105.755310058594 155.94657558865 140.70360990671 145.582364036923 145.418679714203 154.464622243245 159.778472900391 0 0 144.38193359375 159.630111694336 107.840451754056 152.142807006836 51.9801715402042 78.1888809204102 91.6453904847841 117.586098909378 95.1233016967773 114.021917761826 122.134647369385 88.7500095832639 59.2241614973041 59.3563179910919 15.2560796333822 34.1738832163875 0 106.651432037354 64.0798730642899 52.2885520390102 147.22392817906 179.745864868164 0 0 111.210512028184 130.891557057699 127.375443594796 159.798385620117 0 84.6158363117891 215.748092651367 0 144.358889261882 47.1491719936262 62.3285659228184 153.681365013123 167.960940890842 106.954692794055 167.133531458238 107.59320195516 141.454950175154 116.52589024135 156.923471450806 34.68415572621 60.5588370450168 48.6103526413171 82.9461537099255 130.582097117106 120.575750497671 138.050154368083 144.331985473633 80.1736965129382 97.338965044764 112.428378917553 118.115571430751 23.773928761225 29.3328159476489 53.1389034289522 69.3799513953073 157.66889444987 142.611173343658 131.774773684415 0 164.44563293457 0 228.078872680664 181.222518920898 225.836669921875 0 225.027102152507 0 191.558441162109 235.93083190918 0 0 218.388689313616 189.393005371094 0 189.984878540039 182.249969482422 0 179.194946289062 171.828338623047 173.746337890625 201.593963623047 186.278244018555 0 217.761672973633 221.226631164551 0 0 0 0 0 232.680877685547 240.29362487793 208.427325439453 202.945670494666 184.35578918457 188.375640869141 0 0 195.375451660156 201.035143534342 0 0 156.216293334961 184.599197387695 227.488864898682 200.826507568359 188.621765136719 134.830795288086 174.211669921875 164.903236865997 205.253555297852 144.273270743234 138.460201556866 0 152.981674194336 0 103.078716580461 106.137716929118 92.4701379140218 130.24057783647 241.74533589681 228.68440246582 0 231.545257568359 205.444725036621 0 148.330805969238 153.498184204102 138.892270406087 125.718089177058 0 0 0 196.69352722168 140.976596832275 162.549592154367 143.073829064002 149.903971862793 185.476928710938 0 194.011917114258 194.184485802284 145.113455200195 0 175.404029846191 183.374922180176 110.919206380844 94.5412845611572 143.248700896306 222.538986206055 111.109687805176 145.19718662385 140.159966786702 212.535400390625 214.068862915039 0 0 208.866470336914 0 0
169.723515780467 178.618424244416 177.141763708094 173.159061597741 172.371709084024 184.357783462062 158.913809204102 162.944574967171 157.373232454867 159.308111190796 185.533584594727 182.70443029571 124.318333943685 161.976867675781 0 156.211840820312 193.872848510742 159.456760406494 162.790929941031 151.759979248047 165.942665100098 166.014522007533 188.539047241211 203.385848999023 0 152.029449462891 150.658020019531 215.936462402344 165.233762423197 166.945064968533 156.57857652144 165.734074500299 171.853057098389 167.133126576742 0 0 185.389078776042 178.29953645405 0 170.563369750977 74.4810818027518 105.324127197266 125.775286356608 106.335690234081 86.8310404505048 152.698081970215 0 104.902412154458 96.5128340148926 56.4458263360688 34.1738832163875 15.3996887445745 209.426427205404 141.497976938883 75.524433173467 66.0452369508289 166.021156616211 161.057292393276 0 181.285354614258 149.529971122742 116.527850637631 130.385492324829 185.193883260091 225.283447265625 78.0242555890764 171.821492195129 169.263381958008 191.877474698153 44.5584248953571 64.0435588419938 173.447280511623 171.736344033099 103.024528730822 167.92775560462 116.679252624512 136.448015026188 111.646460375249 164.224106166674 18.1396619301531 32.8527191963389 42.8282367432905 93.3937176167965 126.489120714592 116.958356355366 114.09680557251 179.971008300781 61.6110741149547 100.818844680524 105.141687518261 121.993336959624 45.7083958379379 34.5756740482802 62.2541737115684 105.58277507623 168.24729347229 140.687887558084 142.998430887858 196.489161173503 170.366438802083 209.451965332031 244.753936767578 237.903678894043 208.602484130859 223.424537658691 216.246980939593 0 201.650033133371 0 178.11279296875 0 218.598727416992 0 140.534233093262 153.08740234375 170.336791992188 167.680236816406 0 0 166.088373184204 202.80832417806 190.40860748291 182.553405761719 198.278289794922 234.305099487305 0 0 161.982831682478 0 148.746780395508 213.937950134277 239.375411987305 217.936721801758 223.527570641559 0 212.038624010588 0 0 208.178056989397 218.786215209961 159.343829345703 192.892700195312 159.211451212565 104.568709633567 205.29860051473 160.87151421441 155.961822032928 145.827705383301 185.159562544389 170.340064553653 199.812324523926 138.83594602697 132.862374977987 111.089346313477 0 152.094244384766 87.113155752806 89.8016640589787 79.5769002115924 115.33253701041 109.207971011891 0 0 0 212.001945495605 188.355087280273 153.620662144252 165.6077003479 140.821619245741 125.383119229917 185.25491587321 220.503540039062 222.346710205078 0 165.691384535569 152.411947953074 108.349092929163 131.330155968666 172.864998867637 148.451538085938 213.456420171828 211.011224110921 157.448266771105 0 142.241187201606 184.698646741036 94.4940455213506 95.0945652587504 124.619611214354 175.618637084961 133.790772755941 131.247014802078 146.57849521637 196.741500854492 191.302906533946 204.733622233073 230.813138326009 228.175384521484 0 211.107376098633
98.0011310260256 118.879337086397 120.059805128309 126.230604807536 112.778042087307 125.774893736228 84.5726486663818 103.459299212921 77.0975155966622 104.199489564824 115.461019897461 129.412925640742 0 150.678215026855 0 148.482246398926 0 0 0 0 164.803558349609 153.303457641602 134.145034790039 172.632629394531 85.787712097168 0 142.953145345052 155.337069702148 61.776334676181 92.0261420167523 104.085265892139 112.936323983329 129.402591160366 116.432565689087 145.007522583008 0 116.142158508301 130.589960370745 166.829010009766 121.645214080811 163.019097328186 0 0 156.953572591146 155.427001953125 0 99.1528434753418 204.271145091337 0 180.981224060059 0 209.426427205404 9.47088069587991 18.9503884434545 13.9462604937974 0 97.2106727600098 0 0 235.361419677734 0 202.156131397594 182.789716832778 175.394996643066 174.242174784342 0 85.7905246690772 150.973999023438 184.909200597692 217.815868377686 227.004833221436 124.157172139486 130.640393665859 107.701830083674 120.839193556044 217.06916809082 118.99595006307 105.331516265869 123.720498028923 95.6373138427734 224.424819946289 171.17280069987 39.0965953339886 63.216103175901 151.685559199407 120.777217229207 104.532432556152 0 0 163.178375244141 191.635932922363 197.192031860352 0 219.424606323242 176.262977600098 120.793996429443 83.4071770395551 32.9883686532808 138.367374420166 105.558250690329 0 0 159.634033203125 200.772903442383 0 196.537152099609 0 0 0 180.198043823242 0 184.977951049805 0 0 239.131942749023 177.800933837891 158.593795776367 0 0 224.542251586914 161.869928995768 236.933456420898 0 194.46565246582 0 0 0 0 0 192.622802734375 207.806015014648 177.775115966797 182.608202616374 177.542745655981 0 177.509226989746 0 144.393768310547 167.294669109842 156.595384870257 0 211.315338134766 0 208.421539306641 197.497634887695 0 0 0 149.592586517334 230.671981811523 171.220840454102 0 0 0 0 0 0 0 0 0 224.942784627279 236.898920694987 223.784561157227 0 155.006011962891 0 0 0 0 0 216.782793317522 0 176.197204589844 0 0 0 0 0 0 0 165.03881249061 155.188864315257 122.483997344971 0 230.189407348633 168.222370692662 0 0 0 183.187484741211 234.906097412109 0 0 163.734497070312 181.827537536621 179.04524230957 212.424425760905 202.587265014648 0 204.275177001953
94.2185083971995 112.874087559695 112.417053919758 111.342421481484 103.225461282535 115.249983151754 85.0245600195803 95.2763328724467 90.105983824957 97.7999924450386 110.62860545174 119.602825188787 0 158.166751098633 168.13304901123 171.39323425293 0 213.097412109375 201.019856770833 0 160.35740106756 138.463929585048 137.229975613681 142.891843211894 85.1697163052029 100.199638366699 142.559173366002 144.988231658936 36.5666656235102 83.5580284912235 90.0290014773385 106.557399355132 117.518145257073 116.279858452933 120.885485172272 122.495601654053 114.336226654053 128.284800105625 157.527149624295 109.95174618425 135.008574962616 116.183687845866 142.313889802392 158.538655090332 173.747207641602 179.194819132487 95.7268180189461 183.565931396484 164.950468063354 206.158615112305 106.651432037354 141.497976938883 18.9503884434545 11.2533333264589 37.9729413547735 146.229373931885 78.3255216842549 112.911176581132 103.508143256692 124.721267700195 176.311626434326 180.788381958008 154.539238589493 144.72096824646 158.872071699663 183.53532409668 51.0289416436028 94.9745008814053 163.325355049613 190.247715836864 211.954066685268 116.616003405146 128.172030274297 110.050172867314 108.066786670685 180.464420991785 115.192169351781 137.350505828857 125.957236964528 75.1321105957031 196.688031514486 206.904434204102 22.4848948650525 20.2666792721795 131.008686637878 92.9461453225878 92.9291965897019 188.672158559163 187.699278790018 197.253623962402 186.522270202637 103.692887232854 115.785251617432 188.466760635376 169.919745802879 106.499547290802 117.804499435425 36.8541958355106 82.711364541735 88.2440958637025 214.165481567383 193.177925109863 199.716045379639 203.603316768523 204.4697265625 200.499980381557 203.082611083984 206.249046325684 174.57666015625 192.167572021484 179.42473449707 190.37985820155 0 176.165420532227 0 192.314376831055 0 0 0 0 177.965381198459 187.8759765625 181.784156799316 181.413161141532 187.145092010498 0 174.628372192383 0 0 0 196.843167622884 0 170.614475250244 174.198167397942 0 169.317533639761 0 0 165.212040641091 166.867108764648 0 166.815083821615 220.363586425781 206.922796630859 190.150453694661 0 205.050514221191 0 149.268379211426 217.512847900391 176.040921020508 0 213.356575012207 220.310272216797 240.916412353516 0 0 244.037384033203 225.991256713867 212.59407043457 233.782323201497 222.490319824219 232.817520141602 206.393305460612 166.033398946126 0 217.427017211914 226.694831848145 199.644927978516 186.273056030273 208.769022623698 199.902010599772 166.166198730469 217.810195922852 246.95133972168 235.55224609375 0 198.779571533203 224.064483642578 0 168.30779683431 160.425942314996 132.781986460966 182.492111206055 221.072153727214 153.194641938081 0 196.80347442627 215.884719848633 207.119125366211 227.378935593825 229.368041992188 0 184.829322814941 173.374959945679 171.507934570312 202.886444091797 202.809616088867 0 184.781826019287
120.773146172835 140.355400949154 136.08492239726 135.282222595215 131.139305114746 141.473621443206 102.835119577555 118.508273565281 91.8463493115974 120.551586497914 132.395056406657 144.059392401513 0 158.972351074219 0 166.610855102539 151.467189788818 91.4805679321289 153.340216064453 154.049270629883 174.811033248901 193.48427734375 124.297382354736 109.393625259399 108.474739074707 84.2741012573242 127.617031097412 156.897364807129 77.8658157406431 111.231166287788 123.354955451433 116.950582043878 137.12902248607 136.74657535553 0 0 154.706610107422 136.59423603731 156.43959236145 154.201441955566 29.2448563585999 39.5764686039516 153.053108215332 155.318088531494 111.619012451172 103.095586140951 125.506381988525 169.34260038896 56.944692310534 119.627672576904 64.0798730642899 75.524433173467 13.9462604937974 37.9729413547735 11.6759681010538 13.8101709367431 114.413964215447 122.329387664795 0 0 118.723317146301 204.866082998422 179.107707977295 178.304039001465 162.689863204956 98.9851341247559 102.011660766602 124.668106079102 181.25345829555 111.588167402479 109.198177044208 136.664113892449 142.401108858878 134.294813202649 128.683896796648 147.60925579071 141.259341478348 126.395812988281 140.338596665716 73.960503757 108.977136906361 90.7450569771432 18.8635733712782 105.891747139596 105.767533711025 84.8563148498535 0 130.101447863457 107.83407750623 143.086225721571 105.635920245831 41.9364146545101 99.9585215250651 105.17260477278 107.631141662598 139.058526102702 124.690349485816 44.1822545674865 202.184600830078 116.339356994629 147.927139282227 0 214.79076385498 215.025777643377 201.083203125 221.402346293132 0 198.197845458984 0 214.186014811198 0 194.576897254357 181.245574951172 0 0 0 158.521354675293 0 0 0 175.830337524414 189.666725158691 182.164443969727 199.068617078993 189.855934143066 177.131622314453 189.411918640137 194.793884277344 0 0 200.300933837891 194.108510335286 188.661542619978 183.475767182141 0 185.478379642262 0 165.034698486328 180.924774863503 178.393000448904 155.202133178711 188.596197509766 0 0 188.848439534505 0 0 0 160.739711761475 182.835529327393 188.58571472168 225.300277709961 222.772270202637 0 192.129287719727 0 128.363021850586 141.813179016113 125.037265232631 207.30611038208 228.885147094727 231.024642944336 0 220.905815124512 176.496271306818 167.270935058594 133.521011352539 148.724822998047 125.30345916748 105.749002456665 220.199867248535 203.847155253092 172.706057739258 186.223587036133 212.272163391113 174.752700805664 186.41517384847 223.8779296875 154.099728902181 135.442825317383 183.253479003906 174.859199523926 137.855140686035 189.97679901123 185.843816757202 173.249627007378 168.250244140625 125.847465515137 173.67418162028 0 235.174800872803 195.241490681966 153.427062988281 193.61986541748 155.480018615723 0 212.530537923177 0 0 176.888519287109
110.194055365038 119.846105687758 119.553504549224 118.764954672919 112.308889508247 121.010339563543 99.3917224190452 104.71670627594 136.139022827148 107.436961364746 107.113233293806 123.123707704766 0 0 0 97.2581329345703 0 97.636848449707 154.98106842041 108.403594970703 17.7830705368262 71.9929175906711 111.282829284668 116.611074924469 124.614280700684 78.8460235595703 109.565191904704 136.518455505371 92.7738652480276 102.756310109342 101.794460394444 96.1205136435373 115.809549483042 117.210566202799 123.647537231445 0 107.718773978097 119.616595773136 132.029190063477 137.140403747559 18.3522883242574 18.8645305633545 139.446493530273 115.635722351074 0 143.326774597168 97.121789932251 137.980104446411 50.3049568763146 101.141181945801 52.2885520390102 66.0452369508289 0 146.229373931885 13.8101709367431 7.32997225601573 105.639037704468 100.804400852748 122.556930541992 0 72.5735130310059 189.895753769648 169.172434488932 84.0460586547852 152.757013956706 0 151.442414601644 110.920330047607 168.436163509593 104.751585006714 133.209632873535 116.231377451043 120.748658921984 106.224020116469 112.467416127523 108.000368390765 111.702910461426 125.499656677246 122.167234223464 57.3456764221191 111.127220153809 69.9387878417969 19.7980772613419 80.7601715723674 23.4607460600989 57.7754415624282 110.691623687744 117.327496846517 84.3881187438965 171.192095947266 91.8513025137094 30.6170860649249 86.5954823493958 80.700227820355 95.0717437744141 111.404224577404 126.766981506348 83.5987225194131 75.8248023986816 91.4306317842924 201.582107543945 0 202.196645100911 203.681448129507 185.030261993408 201.533168792725 0 0 194.17756652832 152.303207397461 168.478790283203 189.34417046441 0 227.680511474609 0 0 158.677230834961 0 0 183.789184570312 148.722747802734 0 154.129302978516 166.468452453613 183.055145263672 0 197.95637512207 0 0 0 235.516807556152 0 177.292497253418 168.608819660388 0 172.378789441339 152.162231445312 134.757431030273 157.948874637998 155.005998399523 0 139.690322875977 0 153.935581207275 190.260968526204 0 0 0 143.85856628418 133.287612915039 159.739231654576 213.59651184082 0 0 0 0 0 196.389923095703 161.444885253906 0 229.104671478271 220.742195129395 210.669952392578 169.950088500977 157.372226715088 138.395370483398 0 227.87434387207 222.75944519043 89.3808441162109 220.669499715169 186.067545572917 161.362014770508 163.540817260742 0 168.096462249756 0 0 0 113.430435180664 163.514813142664 153.276605779474 155.078036717006 0 228.428848266602 154.45424761091 0 99.8082809448242 202.954452514648 172.359893798828 214.356552124023 168.325355529785 0 173.511003766741 155.723607381185 0 191.541247558594 0 0 193.278396606445
63.163609903605 97.5398927835318 125.542143298734 69.7364939256148 38.7103935465356 56.3836769218904 53.7752334291285 126.994731685093 89.6557636260986 133.983877702193 73.7812480926514 85.2249158290044 175.758135477702 96.9887487238104 121.281805558638 153.93864604405 137.613126118978 173.846977233887 187.233538309733 157.904754638672 96.8962429271025 107.704654007815 96.6505329734401 109.94652230399 64.2458760810621 102.671738942464 104.173494512385 100.577914296364 41.0046716081967 28.3521963374417 25.1141207615398 68.3584473019555 91.7763636358853 83.7134608268738 81.3444533996582 125.642667134603 87.2503924560547 126.779425048828 138.461046346029 86.2604494700356 87.7274878753279 100.846750531878 112.830873307728 167.198402404785 128.870708465576 146.095085144043 65.6677414026153 140.064174048229 139.1738912409 138.821334838867 147.22392817906 166.021156616211 97.2106727600098 78.3255216842549 114.413964215447 105.639037704468 15.5004916950951 65.1272376403809 68.0866153645066 101.690926361084 143.618453733383 145.836838350882 122.561529486988 106.503749254512 110.394520983818 133.922798156738 30.5144528929807 61.1917755383873 122.113816060458 157.930022912867 165.28461473253 94.4303532111935 127.207497253418 119.007840474447 62.6317644046668 146.148798191801 125.211935043335 0 132.522157842463 181.148752848307 173.151245625814 229.920547485352 106.947870100422 74.0735010280965 95.3069034208887 34.8802724802007 52.931539563235 169.55030992296 168.419527800187 179.40056402033 144.92740137736 141.076854281955 170.55938551161 163.21958051409 140.625330230893 59.606386346682 90.3636741638184 61.1095022198026 18.9158159768911 30.5487861999782 175.909417724609 149.309727986654 171.309727478027 172.065103418687 166.455380526456 168.80437664653 165.519104003906 0 172.657676696777 154.896479288737 155.44938659668 169.316576276507 154.959259033203 186.688606262207 0 0 0 0 0 203.184951782227 172.081462860107 184.485049438477 206.288543701172 150.401916503906 152.69123840332 0 0 0 0 0 165.486618041992 209.178695678711 148.27762137519 151.29828459641 0 159.200259738498 0 129.560653686523 155.827885945638 170.662780761719 0 214.640625 218.708343505859 198.98184967041 171.087417602539 195.84087117513 170.827642822266 0 156.182534790039 197.129814147949 134.560638427734 221.120188395182 215.820129394531 218.797088623047 0 0 230.168258666992 209.611587524414 0 0 191.78800201416 0 0 147.918243408203 200.484959920247 159.357345581055 210.938346862793 206.47095489502 232.353973388672 158.573760986328 199.530069986979 176.676060994466 238.817398071289 0 210.421635945638 201.259390694754 236.208642578125 240.871765136719 194.368029785156 0 145.476634098933 180.706517537435 133.157306671143 0 212.926241193499 137.198126359419 0 213.546440124512 222.99474758572 0 202.36464881897 216.923395792643 232.766662597656 162.826391601563 114.824890984429 195.837261199951 204.53982035319 0 0 0
155.535664367676 0 177.532180786133 135.248580932617 64.010792016983 37.9909733136495 109.025535583496 167.388955688477 0 167.335525512695 0 137.897620201111 121.28645324707 56.471478361242 56.7227053854201 83.8312980297 66.6227915627616 113.853026580811 156.355645315988 93.1914878845215 71.8954134362889 67.5893780898363 58.4849978436481 86.416119622846 49.4489489990531 98.850390625 75.1160398726601 67.385009709618 84.5776258680555 117.650328826904 65.2227378845215 15.8246586472665 40.2381672625448 20.7621052298566 45.9942939967325 37.8492352685263 34.2760661552911 50.6802372582462 77.4908009251804 55.9385706999592 81.8754477500916 80.0664487566267 88.2077022233033 129.406608581543 0 118.839567565918 46.1212770066171 105.112220107083 97.125597635905 0 179.745864868164 161.057292393276 0 112.911176581132 122.329387664795 100.804400852748 65.1272376403809 10.1771092371316 25.0049708511313 18.2143916814367 106.354602268764 121.986866756259 94.8942752306974 79.3179836756747 80.8706921453061 0 74.0506046354309 16.4302372906446 90.7062340114428 136.868696386164 142.558195114136 49.350347193276 55.3648804683311 123.678863525391 15.0755878212586 116.012172275119 103.441871643066 0 55.9017318725586 172.466512044271 149.748092651367 0 120.45105304718 93.9922968183245 93.8648570025409 65.7798167219558 49.6007745107015 162.384999593099 149.193707185633 132.703277587891 118.778699347313 115.164090936834 180.454521179199 137.077399513938 102.14960054808 21.5801845536139 0 77.881290435791 55.3606198770029 48.652543014204 0 0 0 141.988616943359 0 0 0 0 0 0 0 174.00617980957 120.05778503418 161.696472167969 0 0 93.9529647827148 152.410186767578 155.415843963623 176.994267781576 136.408332824707 165.994164206765 143.10475769043 126.489723205566 181.54182434082 125.612251281738 0 174.957641601562 0 131.315612792969 0 0 217.652236938477 156.534942626953 0 154.784072875977 0 109.732452392578 130.062381744385 130.886293138776 175.295387268066 128.162013244629 161.516181945801 147.021438598633 0 172.274929046631 141.743718465169 161.691680908203 126.082727432251 173.741120232476 198.027786254883 188.215484619141 232.986419677734 0 0 0 0 0 0 0 0 0 0 0 118.067283630371 0 178.322718302409 185.719863891602 180.486363728841 104.174880981445 173.601142883301 0 0 0 175.471822738647 165.8284034729 0 202.859680175781 168.7320829119 0 136.259971618652 152.84441947937 107.496722221375 0 176.754104614258 0 0 0 214.728240966797 0 0 179.553378295898 202.20930480957 216.987884521484 0 0 0 0 0 0
148.961006164551 0 0 0 116.786366271973 156.557529449463 0 141.527252197266 0 0 0 0 158.950576782227 51.5435831304324 56.7417974472046 142.015884399414 59.6829697046524 138.161100769043 99.0141337076823 72.1769783496857 78.318229675293 74.2552043816139 64.3879985809326 76.8556252892338 52.4276605606079 82.4074257441929 69.3611926725384 72.297938884717 86.2424902386136 99.1463979085286 62.9855323204627 72.6391970316569 73.8174986839294 35.2599227465555 21.5906300430019 16.1833350546693 43.835117567831 62.492569582557 97.3089962005615 48.0621767021628 90.9202981226653 77.2103309631348 82.0612676026391 76.9810604519314 0 136.227621714274 25.2232774059225 115.421842346191 127.266080856323 0 0 0 0 103.508143256692 0 122.556930541992 68.0866153645066 25.0049708511313 11.3376499561058 19.2230787863896 122.77287569913 127.456500037242 93.2624317205177 77.4841223536311 84.3252867005712 95.5734405517578 80.9722427615413 26.9519427571458 96.1039989781722 139.846922556559 181.596745808919 127.62279510498 122.076173146566 88.5819091796875 51.0401398826893 113.606626238142 105.818470001221 77.2828216552734 81.3631072998047 0 151.590019226074 0 128.166353665865 97.484910218612 104.073215993245 67.9917395620635 53.6762520876798 168.665201822917 146.003300984701 141.952392578125 134.122835583157 125.327858606974 0 137.427675519671 100.81450323965 76.4978929073253 0 150.338888168335 55.4825625869463 54.9449168706344 0 0 0 0 152.497207641602 225.088485717773 0 0 0 0 0 154.513977050781 124.902605329241 116.712198257446 127.424781799316 128.866625467936 123.582869720459 129.821441650391 124.834988064236 159.622373962402 131.271901229332 130.366299629211 123.368673625745 116.171272277832 152.831848144531 165.636653900146 108.059608459473 0 181.468307495117 121.993476867676 149.948959350586 174.491363525391 140.022148132324 141.205093383789 0 127.938623046875 119.411781311035 113.769561767578 125.344233036041 123.743521579476 181.517356872559 127.242024898529 158.009399414062 0 127.112345377604 188.239295959473 143.517349243164 0 115.982162952423 178.914912297175 137.264276776995 0 200.652984619141 0 0 0 0 0 0 0 225.968856811523 0 0 0 177.714706420898 136.52400080363 171.307174682617 177.670822143555 222.989303588867 0 0 135.066314697266 213.608680725098 131.592697143555 0 193.873743693034 0 0 152.598403930664 0 147.403308105469 132.541242980957 98.7658233642578 130.648254394531 198.82568359375 104.378196716309 0 0 202.681976318359 151.347503662109 0 188.904148101807 201.803405761719 0 0 0 234.069808959961 140.570724487305 0 136.424980163574
0 0 0 0 155.935813903809 0 0 0 0 0 0 0 0 36.4329019156686 37.3661339682502 55.2829773426056 38.9900899447983 82.9411325454712 72.9655075073242 68.5978377660116 87.7494864830604 77.1214759076228 59.9092227015002 78.8442705939798 99.0928840637207 85.6636123657227 63.7898357720211 54.8686435975526 118.208550771077 0 87.3856671651204 0 54.8743591308594 15.2877174465178 32.7092932577632 16.6394627331207 16.9805182499618 33.9405451880561 66.3885981782954 51.8521738052368 95.3886472261869 0 84.4599131743113 0 0 130.142719268799 45.336818837105 100.172307423183 156.452774047852 0 0 181.285354614258 235.361419677734 124.721267700195 0 0 101.690926361084 18.2143916814367 19.2230787863896 7.41268806394168 68.1563046773275 110.59888282189 87.6665535578652 69.8924946394123 71.3353725848812 83.7394409179688 104.233130455017 30.4626305952464 82.6018699412783 126.815635681152 0 0 58.1457748413086 123.951141357422 29.6691928010527 80.7828025817871 0 0 0 0 205.903503417969 0 124.188344319661 126.116937001546 110.03182547433 95.1738967895508 68.4210548400879 0 131.944396972656 121.930786132812 125.04499130249 0 0 0 95.8960718008188 57.4090111024918 0 130.477607727051 120.179131644113 110.415968894958 0 0 0 0 0 0 0 0 0 0 0 0 0 146.982902526855 0 0 117.541854858398 111.849014282227 0 0 123.514699935913 157.938726425171 147.704610188802 0 0 0 0 0 0 0 0 0 0 121.677589416504 0 131.409629821777 0 89.7807846069336 110.597686767578 0 119.315998077393 0 0 0 0 157.058441162109 0 0 101.207710266113 166.014883041382 111.300216674805 0 154.16682434082 0 0 0 0 0 0 0 0 0 0 0 0 113.229125976562 0 0 0 195.020904541016 0 131.995132446289 0 114.905597686768 153.559829711914 157.22673034668 0 0 163.77547454834 0 0 0 0 194.033546447754 0 0 0 0 0 0 0 203.181167602539 0 0 0 0 192.397613525391 0 0 0
200.966970825195 190.99934387207 201.036010742188 0 133.367368425642 169.929458618164 0 0 0 213.386947631836 0 128.881088256836 27.7081255229931 111.432531992594 71.4075647522421 39.3877163168825 68.0696186857404 20.2346981042945 63.9125555391665 52.5862382877607 165.116839090983 119.851442718506 106.80749907317 78.9887936858978 123.582176657284 114.203701496124 80.8325805172478 67.8666074790207 143.886301574707 143.576572418213 118.590441703796 156.142761230469 108.108393351237 101.860177357992 106.893721444266 95.89697265625 81.484431755252 74.8712070969558 20.3512197877671 127.411707444624 79.5497507377778 66.8959554717654 73.3364349346938 69.3872382781085 41.0753856014896 25.276730991931 147.962865066528 61.632031395066 96.3800241088867 116.563799858093 111.210512028184 149.529971122742 0 176.311626434326 118.723317146301 72.5735130310059 143.618453733383 106.354602268764 122.77287569913 68.1563046773275 11.8138095597955 100.573833800454 72.518616944111 63.5212375219317 43.8851192542139 60.4124123709542 152.991269187322 143.499319076538 24.0030414366575 118.562698899654 117.247859857021 92.6637201309204 95.5575519337374 103.328981919722 114.53523887076 25.1416685841137 101.650379943848 182.388153076172 132.611972332001 0 141.765850291533 0 183.127362569173 164.128872083581 164.149037287785 142.979783960291 160.757606506348 132.598397609166 93.6901053089206 146.358104396511 35.3818467921545 105.86198589325 121.043287103826 118.031144928514 90.0402244827122 114.749216079712 0 0 128.474927139282 140.33014351981 195.917915344238 182.097435506185 0 170.800842285156 179.687350042935 179.087280273438 0 142.321884155273 0 0 0 187.861425226385 146.805694580078 118.083517332335 97.3012679998022 121.340918986003 134.226089477539 124.01394125856 148.181788635254 114.924367684857 150.275453885396 122.505342848161 154.552721890536 194.984339396159 0 164.648187255859 182.008926391602 130.468245648323 116.076774597168 131.533461411794 190.008579053377 179.048309326172 172.655450439453 174.588193620954 153.407842000326 161.813131232011 153.332340240479 149.105361938477 157.049389038086 154.402763806857 107.737479483246 155.035824245877 113.080615270098 145.330186843872 188.668050130208 125.050379628149 86.313189868927 87.3017524355934 120.621431964939 110.758819712994 161.819668418483 167.975880673057 149.661512638972 151.285057067871 148.716687520345 100.054539998372 215.861587524414 148.752416992188 182.009449005127 186.418752034505 234.176940917969 229.925716400146 228.328025817871 204.683648003472 161.207062122434 163.587716674805 111.384520622992 119.482704242786 119.98853805542 69.3273461807606 212.536834716797 187.292701134315 167.348180498396 168.182194519043 119.283926391602 110.496651755156 173.338840484619 162.771429443359 109.553217186833 111.890947478158 177.641581217448 138.949437883165 95.9886110305786 166.083040237427 107.608530494604 142.703843434652 144.655233595106 91.7651653289795 169.961101108127 203.142732620239 225.901824951172 135.933998823166 159.159790212458 168.577468273686 138.461717393663 0 209.220100402832 229.656590779622 172.974031720843 208.031021118164
174.88128918457 211.416658189562 220.819067001343 187.107557508681 151.782648147836 158.541096278599 165.416493603307 204.265544128418 199.458877563477 180.413856506348 0 177.099308172862 127.479357855661 147.288112781666 117.789360926701 114.798149408079 129.224686869075 116.244866111062 127.535233110995 118.049894874974 161.171107880057 120.174372413286 105.078872655401 113.016457814656 124.102824754289 103.564980390595 112.679740027776 115.22154229319 156.716806387058 162.611056066442 138.437374886894 146.523229658604 160.656464079506 133.990553841662 123.327399620643 145.535230000814 131.57854233665 137.749206200843 87.9103723413804 122.381727035731 120.320380096036 113.245215767308 86.5008121991941 125.04437974294 100.256470191769 118.745778021411 132.077934933405 32.5244895209359 61.4699434216817 84.340284328268 130.891557057699 116.527850637631 202.156131397594 180.788381958008 204.866082998422 189.895753769648 145.836838350882 121.986866756259 127.456500037242 110.59888282189 100.573833800454 21.9697639254385 35.9983587380222 74.1021491336359 79.6239359738379 111.212192077637 152.888208843094 131.651362046546 60.6240407824796 32.6558442818279 36.1185872009677 160.794292926788 140.675428616799 116.926588439941 142.066391719554 51.5437634351699 146.418952941895 133.241600884332 142.670613326426 97.6870250701904 62.4701914881801 69.9451230245344 200.253413191296 172.158954589144 177.019320700825 145.684226881579 158.711279988289 98.7702784897179 71.4970908304716 83.8821902527616 90.3779323075097 78.8548639076097 79.2717008590698 47.1627241251711 40.6026577409053 146.581440419608 151.450121879578 170.565116998508 135.326536086162 149.581676153785 205.875839233398 192.698364257812 0 187.383781433105 214.828346252441 239.25163269043 0 176.222671508789 224.975372314453 207.173273722331 0 198.002629597982 193.877212524414 182.101526260376 150.127100118001 167.996405601501 161.528686523438 171.761580403646 189.371471405029 164.486281002269 191.332421983991 174.279982578607 166.254642740885 234.843179321289 227.98176574707 160.086513519287 171.050894601004 172.051399817834 171.788088989258 158.130130767822 219.152140299479 201.599016825358 212.195055007935 201.480332808061 180.709884643555 199.651311434232 176.003896077474 0 198.24659538269 174.782512464021 155.681591234709 187.00650097075 152.422878265381 137.335427347819 179.436394161648 133.290911165873 126.064250247579 144.91618674142 167.206686231825 156.736849835044 192.768751961844 115.225141404834 109.713438019981 141.005062920707 129.815848130446 106.836995991794 138.024427521095 117.926084518433 114.680034231632 126.293770545568 207.887324015299 0 0 210.379811604818 187.234283447266 186.315238952637 155.637530644735 138.948438461513 109.52832247106 139.383920872465 224.215667724609 218.345361709595 212.28186416626 193.711584908622 117.026517638757 133.635391666695 115.673284374938 116.566145883288 138.154574895598 129.960467529297 196.987854003906 205.433654785156 130.964053562709 197.433566623264 109.706536759799 193.044189453125 92.6497566623333 91.494813787223 116.400422184478 0 226.307459513346 116.352602210851 121.660655413255 205.814843984751 199.83805847168 0 211.547843933105 199.867568969727 199.514338175456 201.915191650391
196.176923116048 206.799655914307 217.883558000837 196.220153808594 144.58513382503 175.062007772511 152.033024088542 197.552396501814 172.667007446289 0 0 186.107748031616 99.732597582268 102.444122661244 96.7106224318682 103.984846099084 112.815178141874 94.731660300807 121.843549465914 109.963001763643 138.046464425546 98.2494007930663 83.5728450034981 89.148028241671 101.144556673343 79.0154589676276 66.2972159673704 88.7672712364975 137.031932326164 153.402974611753 115.978915456998 157.375319480896 163.560143904252 113.049790320458 83.1766981351173 97.5034909248352 109.484148280827 127.031368347758 83.9541520118713 91.8268513997396 113.51351196087 81.0126079559326 42.1782809847333 117.421850687663 73.0073415756226 93.137167525618 105.777373062937 61.9966449247648 53.4003462485217 65.1625053004215 127.375443594796 130.385492324829 182.789716832778 154.539238589493 179.107707977295 169.172434488932 122.561529486988 94.8942752306974 93.2624317205177 87.6665535578652 72.518616944111 35.9983587380222 18.7462319342796 32.2286535536369 30.3376651092761 77.8541088104248 128.452134979071 108.679668091331 44.586449405486 70.8336643661771 105.07327999985 141.437230110168 136.275769450877 116.748369852702 119.480677188971 56.6589493809161 144.712372779846 119.85378519694 138.067068332579 158.498779296875 116.233349509861 153.552350725446 172.440818982247 145.432506871308 151.864869323431 119.478703889227 132.147311982654 108.431766315098 68.6608921707669 69.8388903671202 70.4091303023167 88.9834618764381 120.138262430827 68.3749296354211 35.9272423344563 136.324053729022 122.786521911621 150.542768690321 109.420045179945 127.281127462582 0 191.870483398438 0 0 200.97060139974 205.483535766602 0 201.810882568359 0 0 0 0 168.359375 155.89106241862 123.369180297852 159.714893341064 150.065231323242 165.065150867809 168.362213134766 138.270222255162 171.626953125 158.571516164144 157.92792401995 219.418609619141 186.263600667318 171.990676879883 171.674743652344 178.898667907715 151.491277058919 161.938575744629 203.255101290616 202.977325439453 202.286003112793 177.118499755859 187.914840698242 185.714526089755 179.91955947876 0 188.179538433368 171.343176841736 138.592894417899 168.083064488002 143.833426042037 156.855121612549 181.803442001343 124.365818963535 105.016962868827 110.782649700458 158.613275073823 137.997404470676 176.023506164551 120.860906291652 109.554031572844 131.680788040161 109.429153442383 92.7731236049107 169.431219918387 131.999130249023 136.922362191337 145.619554461855 0 223.71809387207 0 226.64609375 171.109456842596 187.994644165039 138.065831184387 132.028133283343 108.82773435438 100.300891805578 228.085684204102 200.269989013672 187.040954589844 185.29841003418 109.923653491874 119.078339591393 127.24952180924 122.612935733795 121.451287315782 111.705783534694 218.252843221029 177.393432617188 130.497194671631 181.079040527344 103.770793091623 171.673500061035 114.84625113351 84.15199379299 125.773517108071 198.369547526042 0 115.872542563585 119.403899286026 199.023849487305 194.260562133789 0 235.191230773926 206.137741088867 189.24649810791 173.042015075684
180.112911987305 160.404273986816 182.011405944824 187.104080200195 132.49977308704 151.423414611816 158.003005981445 205.383346557617 0 176.57926940918 0 166.123809814453 90.5282145413485 70.7197746520347 64.4754635221395 77.5364458167035 92.2587105160668 85.5506732260534 117.306018897465 94.1010622297015 134.142772129604 94.0494829648501 95.872670854841 30.5104277786699 89.0391101837158 70.3742065429688 32.1220437632584 33.0991978260563 119.951950331866 146.253000359786 100.848846920653 133.783134460449 154.274435043335 91.9993887714956 66.3893898459042 60.5049475261143 87.299774745415 108.394232542618 53.1323597540105 87.3189750204281 105.465608344888 70.1864950006658 26.2457248873867 91.4100234508514 81.7429903666178 73.5518717163659 84.5604112488883 79.3925764066679 115.755484263102 119.560956319173 159.798385620117 185.193883260091 175.394996643066 144.72096824646 178.304039001465 84.0460586547852 106.503749254512 79.3179836756747 77.4841223536311 69.8924946394123 63.5212375219317 74.1021491336359 32.2286535536369 11.5838138308623 19.4045014791954 62.2645353055468 116.136836277753 90.6807458637566 40.3451518811145 92.6374920292905 108.745473589216 160.401651382446 129.440537192605 69.4937675476074 95.9657918165911 60.0747391075216 84.4101333618164 123.94256439209 149.49356842041 170.243392944336 119.563235282898 197.812545776367 166.495960850869 134.988340450766 131.820987817013 106.499925613403 110.594924654279 127.504646937052 110.781190830728 111.271626507794 71.5026425169774 100.245306015015 99.4553451538086 125.574243545532 46.21058213756 127.383588903091 170.189254760742 136.738392300076 93.5115138244629 110.170387640232 0 162.658973693848 0 0 181.969942728678 0 0 0 0 0 0 170.090632120768 150.264007568359 127.135297563341 106.36180911847 142.025054931641 139.670934889052 137.69206237793 149.42414855957 128.054546732298 159.599505204421 137.457543640137 146.505069255829 196.218190511068 0 166.089813232422 138.907102584839 138.369356246222 191.993881225586 134.334140777588 193.195659092494 172.170006888253 179.259479522705 181.722507476807 0 162.886299133301 155.132930755615 137.929306030273 157.998632703509 155.181469952619 118.416667540868 159.056434631348 120.99185929475 163.508636474609 197.594049072266 133.025060213529 93.0026497474084 98.7517517444699 128.92237938775 120.11066626617 164.147402082171 169.043130493164 167.701847956731 141.310989379883 150.754638671875 110.151947021484 0 163.755393981934 0 183.011544799805 215.89811706543 0 0 219.299588884626 165.395405819542 170.459785461426 113.459313853194 129.378167770451 123.779741357874 72.6642204667734 0 202.201428222656 172.413705008371 169.233369827271 144.98750409213 117.559455915054 168.396263122559 171.248899459839 116.801848864946 120.390460713704 178.403610229492 151.227039882115 99.0223281860352 180.867022705078 120.92786878698 152.12615776062 146.587257385254 107.385757446289 170.357724358054 0 214.301193237305 147.299134347953 156.046051025391 184.259836832682 142.392517089844 185.31413269043 0 0 183.809455871582 172.593353271484
131.704542160034 178.746864318848 230.519882202148 189.2763671875 116.277582382773 126.100628939542 128.657693862915 182.406364440918 0 215.101776123047 0 144.367589314779 113.671245799345 85.2655162811279 67.2412563690772 62.2556437243705 86.2676007626662 68.6394542245304 105.693557840983 79.3150546443355 149.541088451039 137.707989631815 119.789648841409 87.787620862325 106.736505126953 104.004169464111 58.5200495547559 24.4913358868648 125.768519351357 133.132478485107 97.8869102121791 116.806987175575 127.779635111491 95.2492234944531 77.9358585531061 68.2264262390137 86.1718492459195 97.446413620255 23.0303721760067 113.373574476976 117.372201772837 65.0037040710449 52.0191710188582 94.5510682326097 72.4329350789388 73.2858841317599 100.519091698431 71.2755889434081 131.388476053874 92.8283195495605 0 225.283447265625 174.242174784342 158.872071699663 162.689863204956 152.757013956706 110.394520983818 80.8706921453061 84.3252867005712 71.3353725848812 43.8851192542139 79.6239359738379 30.3376651092761 19.4045014791954 12.0349147722345 58.808345694291 123.057859720398 91.7510800693124 31.5107280772269 118.534540064195 114.816138267517 120.201961941189 112.761246090844 105.751107533773 97.7313060878548 47.1568640617475 178.560791015625 0 147.297958374023 0 130.930720329285 0 179.781456519817 147.588410656269 161.063975372314 127.588220405579 100.478362673805 145.866949081421 101.087653463201 79.1172083900088 66.9618161658718 135.908799978403 170.901531219482 130.880416870117 65.7284126710356 108.289382470621 165.679973602295 141.322347640991 113.627887884776 111.187262530303 203.639465332031 185.410720825195 0 0 194.683013916016 185.995697021484 0 0 0 0 0 173.46142578125 141.700798034668 129.60453081131 102.875339366772 137.368321228027 138.398986816406 132.694583668428 167.191871643066 122.218209471884 152.305413179619 135.420895788405 152.785910866477 228.938598632812 226.554412841797 135.948207855225 174.004467010498 134.120909298168 214.614067077637 142.40901260376 197.947997383449 178.864334106445 188.224676513672 188.810612071644 138.968475341797 174.382108561198 0 153.367731730143 160.266636318631 157.588973345075 116.149368937423 174.26100769043 117.28746647305 142.666580200195 176.972933959961 125.130971931009 90.8444240828206 95.3787174224854 129.053945039448 115.166912894767 170.511653553356 159.319145896218 145.350168282645 0 118.720321655273 91.310905456543 206.813034057617 173.383266448975 0 192.594792683919 0 0 244.28678894043 214.178939819336 159.095673781175 159.014152526855 107.185171963124 121.212242209094 116.452330075777 66.7460689009907 221.508972167969 194.627651638455 174.406392415365 172.339375087193 111.255021158854 109.546262308895 166.286666870117 166.905504499163 109.593607617535 105.052837195763 193.789001464844 157.732411702474 93.593557993571 176.799230957031 104.879824538175 162.92658996582 147.384346008301 104.656090418498 159.739416051794 0 0 119.797687690799 139.568992614746 183.497098999023 152.238494873047 195.060134887695 246.185516357422 0 170.781875610352 169.90619913737
0 0 193.468470255534 0 123.736663818359 0 0 188.478187561035 79.8374702453613 91.9069519042969 0 150.769306182861 36.2588050334485 0 132.848703384399 100.760282897949 92.3056237357003 79.2747578091092 70.2245481091876 92.3204615666316 171.964904785156 152.417963663737 115.604145050049 76.5277351871614 137.099395751953 70.4432907104492 70.4031720368758 64.8669146487587 203.667922973633 188.077301025391 0 234.82145690918 0 0 0 0 128.869873046875 103.488851547241 58.5527482466264 184.906608581543 77.1651837399131 61.5608874729701 74.9961647033691 43.7903387811449 25.5541238658902 46.3809317309281 123.269435882568 104.43214743478 90.6169522603353 28.8935203895004 84.6158363117891 78.0242555890764 0 183.53532409668 98.9851341247559 0 133.922798156738 0 95.5734405517578 83.7394409179688 60.4124123709542 111.212192077637 77.8541088104248 62.2645353055468 58.808345694291 8.80837704883978 176.323394775391 0 54.5481910705566 114.901229858398 96.943149400794 96.246605682373 100.48194694519 18.3777291145123 180.945304870605 85.1773815984311 61.5243211410664 26.8021328375435 77.6404624394008 61.8578591733365 96.7961511611938 49.3248273975709 172.653578948975 0 144.075836181641 145.557239532471 0 84.4299467209487 80.5891834409897 45.5856316266594 49.8269419791891 98.8890172518217 161.188629150391 126.277877807617 87.8711187362671 187.085289001465 71.3353567480404 107.782920328776 134.574291229248 0 0 233.43017578125 0 0 0 0 0 0 0 0 0 170.460250854492 0 66.0515670776367 57.9821696159167 0 0 106.171663284302 0 85.4688148498535 112.633926773071 90.1193816445091 219.261993408203 0 0 189.934799194336 0 79.3264166025015 115.850902557373 95.7901742117746 0 220.166816711426 166.625122070312 160.958084106445 0 127.142567952474 112.650047302246 0 127.734580993652 141.066535949707 94.4345928827922 103.37425994873 81.96698587591 108.670192718506 166.920295715332 91.7640946486901 43.521946589152 47.8100657076449 104.484358651297 71.841796911857 116.683372497559 138.344165257045 125.947871843974 81.0400772094727 129.496454874674 83.0462973594665 138.415691693624 117.30485534668 154.300573348999 159.526673709645 0 0 0 203.610061645508 134.253337860107 151.256210327148 86.0489117940267 101.816649595896 114.044955687089 7.38414238048063 237.852615356445 0 162.98543548584 183.055526733398 108.844418730055 91.3494824545724 143.013786315918 137.975347246443 83.8442551276587 66.8444031609429 0 108.218537902832 15.2515957832336 0 100.542849432064 97.5849647521973 122.003686904907 73.7661461603074 143.269730072021 0 0 120.166986447289 129.582055664062 165.961072921753 125.798078536987 154.825531005859 169.089553833008 121.350135803223 108.387504577637 0
92.2461716531803 97.1307782349157 98.9956748011258 96.6185669551622 84.8127195725747 96.5366047567167 94.6723064509305 91.6257946701859 103.678754170736 105.02187739781 92.4332027435303 109.704384603214 159.396118164062 120.739559173584 125.234104474386 161.06205695016 165.113084272905 183.09528266059 161.570620329484 201.036581420898 134.529553731283 104.722898509767 94.895598449707 119.631547676103 66.1705923987745 91.9386876862625 114.710958593032 117.347067738307 29.6887140318739 74.0006166264123 59.648725088107 86.0165286117725 100.135081978731 95.6659886220868 94.0285910380255 128.491855621338 110.093509602097 120.857086630429 140.07526915414 87.9410951189373 117.89467166719 120.992411964818 121.277682622274 162.062310536702 191.71842956543 168.818728637695 73.5495911376953 159.697093797767 134.669880606911 154.863922119141 215.748092651367 171.821492195129 85.7905246690772 51.0289416436028 102.011660766602 151.442414601644 30.5144528929807 74.0506046354309 80.9722427615413 104.233130455017 152.991269187322 152.888208843094 128.452134979071 116.136836277753 123.057859720398 176.323394775391 13.6200881196784 72.4776831994373 134.872824506361 164.299192992124 172.498897171021 107.979723111005 127.609070761162 98.412281036377 77.7680006200502 151.594256254343 93.3551982532848 0 127.455354981503 218.719253540039 187.42748175727 171.5400390625 88.9543509531503 28.1352672313245 91.2577702820301 23.3267120291163 68.0694164379732 189.333178006686 168.125710858556 176.289524841309 159.626886084377 172.072769800822 179.47450764974 162.370458162748 141.977286040139 78.3185834441074 100.734284718831 88.0035587255506 31.4888128197643 59.6405795221254 195.489204406738 225.509399414062 199.42048034668 216.985358743107 181.62255859375 196.959192911784 198.91389465332 0 0 165.829147338867 235.070220947266 199.234447479248 0 0 209.623779296875 188.304779052734 168.319129943848 0 144.156448364258 0 167.898553466797 156.46034749349 0 166.659400939941 0 0 0 0 0 0 198.617698669434 0 205.518856048584 163.523164447985 0 155.487649100167 0 139.866523742676 179.26418358939 168.262402852376 0 150.826515197754 0 0 179.483154296875 216.778923034668 172.282985687256 206.049438476562 156.920818752713 207.221263538707 156.857498168945 0 233.535711669922 209.922439575195 0 214.650665283203 234.501541137695 0 0 239.516799926758 215.638661702474 221.369608561198 199.751541137695 239.633316040039 0 182.466857910156 0 208.751525878906 214.699008178711 188.759208679199 205.428524017334 209.797821044922 0 150.760986328125 215.573697916667 207.020713806152 240.855484008789 0 202.534364064535 226.949096679688 160.516577584403 141.03108215332 158.573060353597 158.172866821289 198.848291185167 157.66494473544 205.55891418457 200.223480224609 237.206731160482 199.395416259766 222.995687866211 213.018784743089 245.355140686035 181.617284138997 194.948532104492 156.683868408203 199.668548583984 150.398071289062 0 0
163.455020904541 181.836227416992 184.658209228516 184.942184448242 156.502729242498 169.932302347819 118.858360290527 179.032619769757 0 201.685852050781 0 169.325280325753 0 68.9453673934937 71.7274033682687 97.8061686924526 76.5163555145264 143.586364746094 137.708595275879 133.696594238281 74.5017456198638 66.6591519643541 59.0297291946411 89.7857351256121 47.7065496161082 72.8723859786987 81.8380611334907 78.4171388414171 84.1780791649452 120.325545571067 64.4777617327935 101.043528238932 82.27028632164 53.6711747702299 53.8010030388832 44.90187254819 53.4750201460244 67.1051140856999 92.2005808903621 62.6072316471534 83.6285884152552 92.7888529459635 94.2797018980369 0 0 123.124869028727 24.8279353556275 121.698697360057 134.558133443197 0 0 169.263381958008 150.973999023438 94.9745008814053 124.668106079102 110.920330047607 61.1917755383873 16.4302372906446 26.9519427571458 30.4626305952464 143.499319076538 131.651362046546 108.679668091331 90.6807458637566 91.7510800693124 0 72.4776831994373 13.5649199637379 105.306171805904 146.340451259239 145.636352539062 125.743651390076 122.470291586483 132.414192199707 37.6853158679201 155.331525949331 0 220.745269775391 166.811364067925 0 183.437496948242 0 114.481233683499 88.8487604695545 95.9362702489498 62.8197732656946 21.4995590225514 0 156.095813057639 151.027030944824 140.751582145691 138.632915496826 0 154.540077209473 113.93990365561 113.280381774902 0 115.434941609701 48.1563262245872 26.5413661312224 0 0 0 0 0 0 0 0 0 0 0 0 140.511108398438 108.795188903809 0 154.814018249512 116.416366577148 130.038238525391 123.095874786377 202.266052246094 130.928040313721 156.306079101562 0 0 0 0 159.087142944336 182.326110839844 0 175.223232269287 0 0 0 187.157872517904 0 171.180568695068 0 0 160.292436218262 143.508249555315 0 133.536575317383 212.339462280273 0 0 0 163.448486328125 0 109.823786417643 173.336692810059 130.545669555664 0 189.142776489258 0 0 0 0 0 0 0 245.29899597168 0 0 0 0 0 0 214.034957885742 188.36678314209 135.723793029785 0 0 0 0 200.831344604492 187.121126447405 0 0 170.242965698242 200.361282348633 169.187800089518 0 89.8721084594727 0 186.234741210938 141.965579986572 0 0 0 0 0 197.578765869141 0 0 0 0 0 0 0 148.055816650391
151.251197814941 171.634691874186 216.408977508545 191.013730730329 124.004449109922 127.77108531655 143.702635944753 180.854644775391 161.413879394531 184.632514953613 164.556144714355 149.848021882953 117.093985022568 99.4538629055023 73.8759161852331 62.8579887805549 85.8630185808454 56.4407325818394 95.7086532612386 72.6179873836742 155.199608278946 134.764070376834 121.116338830245 88.9843361245927 119.817929972773 116.035348256429 93.2917416759373 65.8536483616846 135.385283804776 135.617093548332 108.660576007157 115.554674463948 123.15091710811 102.205834072048 104.453461396067 75.0183030205804 92.1262915035645 95.2994324920137 29.1610643405557 132.883833665114 117.639001846313 66.5437423161098 66.9127860307253 93.2922747525302 98.9785362801901 89.8552115810804 122.212432670593 31.9568469775275 84.4777013844457 64.22136980422 144.358889261882 191.877474698153 184.909200597692 163.325355049613 181.25345829555 168.436163509593 122.113816060458 90.7062340114428 96.1039989781722 82.6018699412783 24.0030414366575 60.6240407824796 44.586449405486 40.3451518811145 31.5107280772269 54.5481910705566 134.872824506361 105.306171805904 21.5275718483217 98.4164355060842 80.9534520043267 122.029300126873 106.995119882137 106.449759483337 106.710660038754 23.5117508551804 128.828424453735 0 115.217769775391 0 112.91940723766 164.807921409607 187.251631747471 161.451810162938 170.63378104517 138.303521211482 126.117364625673 126.846222255541 71.5159606174793 82.8924753198672 63.1756022370091 109.125788047097 173.5989818573 129.498797893524 78.087622833252 115.118943004631 139.227719624837 150.86598564056 127.399597012267 121.538377883218 0 190.880974324544 0 186.928279876709 195.205578452662 195.819000244141 0 195.558965047201 0 172.710586547852 232.530670166016 192.385462834285 163.77939860026 148.053820800781 114.409503547513 149.165303972032 156.399042129517 155.172225316366 151.725047302246 139.760868248573 162.437520156672 149.129556613498 164.027721586682 189.907325744629 215.572872161865 144.691452026367 165.063124223189 143.690297444661 159.978656005859 147.881190490723 198.599183809959 186.050775818906 190.393252902561 184.715878804525 155.899075826009 177.655300685338 171.980361938477 139.669174194336 172.233793470595 170.525294799805 124.516554090712 173.99783372879 125.062925507751 159.049161783854 201.746094894409 118.217113550698 90.0432323504098 116.196581108626 140.284440488231 116.516126218692 170.042354749597 141.898911612374 132.992706298828 141.88140036843 129.301093014804 91.1987973033722 179.416249593099 164.319334242079 177.78928565979 179.406178065709 233.290438334147 236.80043901716 234.622528076172 214.7635185605 172.396943918864 156.224366621538 115.545422332455 120.517139506073 106.043530247575 76.7358746604314 220.901826529667 199.141969680786 177.137008320202 170.797613735857 103.636509740599 106.870546281402 160.184967767625 155.445089860396 108.039579262125 102.658735954598 191.895472208659 168.115905761719 119.627488708496 173.213627567998 99.572998046875 156.832855769566 136.543663024902 75.6103757222493 140.473145569806 202.112382071359 234.380587768555 112.177819789071 129.832668787527 185.741283365885 182.091456095378 219.876495361328 211.479857308524 187.14309946696 183.042868221507 191.268916538783
184.009054113317 192.189676920573 190.318597412109 197.326670328776 165.873289094148 179.699000244141 176.317270914714 180.521771944486 191.229598999023 176.235865275065 177.314205169678 190.278331298828 129.748693193708 0 126.057835388184 129.00095576866 164.305868966239 131.346737391512 154.549977281359 138.569278717041 178.983151245117 130.896595704489 116.16012103741 114.205028686523 139.427915284128 125.75142364502 128.128307342529 133.784903208415 165.735737719567 172.946277848209 153.419557666347 173.816884358724 184.658387991098 148.058520507812 177.694305419922 165.735778808594 163.132561577691 158.617477416992 126.351586081765 140.137408353844 94.9996546910814 110.612723214286 97.5761433514682 137.494569301605 123.736521148682 130.0915557117 142.670503733109 53.9026810307113 67.683892705419 106.368087768555 47.1491719936262 44.5584248953571 217.815868377686 190.247715836864 111.588167402479 104.751585006714 157.930022912867 136.868696386164 139.846922556559 126.815635681152 118.562698899654 32.6558442818279 70.8336643661771 92.6374920292905 118.534540064195 114.901229858398 164.299192992124 146.340451259239 98.4164355060842 20.4716515209686 33.1290013996681 181.832465762184 167.096367685418 160.453225708008 158.163113639468 87.2243912525666 168.546167373657 0 178.379558139377 79.303954557939 44.2598380505682 53.5757061022718 163.501606346196 183.932386941956 185.011561666216 156.523688276844 173.966805594308 78.5349349975586 97.2267686291471 115.605651406681 114.579325040181 56.4580095626034 25.6251466756438 35.9471387504431 65.2483408571147 165.459369770965 173.30168762207 175.071257697211 149.642299959029 161.684670584542 0 227.575729370117 201.334655761719 200.977981567383 0 191.721277872721 179.973114013672 242.896728515625 0 0 0 0 191.07356262207 184.660980224609 144.337590535482 157.615056355794 232.405609130859 167.935178484235 214.750389099121 0 185.981870651245 174.859181722005 177.677169799805 227.319232177734 247.019287109375 0 180.610000610352 164.528340657552 0 142.65673828125 0 0 200.332420349121 217.541700744629 0 207.96768951416 0 164.795059204102 203.014681729403 186.259554545085 159.818417867025 199.430455525716 153.567764975808 124.018753051758 184.216812133789 150.196626663208 138.419538057767 142.014797973633 197.166738891602 163.350379705429 238.154205322266 122.147307395935 119.70951183637 171.157341003418 221.510437011719 137.428792238235 120.118559265137 109.0676791063 102.058734869501 119.572386824566 227.807373046875 229.176483154297 0 0 220.032829284668 0 158.612162272135 149.889563424247 128.618067321777 148.101601918538 240.846420288086 211.484764099121 179.690719604492 0 133.612686920166 143.914816249501 116.457401631673 115.462603002563 161.049636171575 130.81626701355 219.121006011963 202.21403503418 155.701277732849 0 133.466462634859 217.889789157444 90.2222514807009 107.511986838447 118.423527230819 248.244079589844 0 132.848820871382 127.145715010794 229.587448120117 207.414825439453 243.187194824219 0 0 200.607513427734 0
181.392288871433 196.078384399414 188.655460704457 191.898452758789 166.693154595115 178.568644355325 182.749426269531 180.203304515165 152.24755859375 173.484504699707 164.61513264974 188.280628022693 104.809214943334 0 135.261644999186 143.909556388855 140.461628562526 145.490640813654 143.773138594954 144.564118521554 196.027454376221 158.924841039321 121.39021174113 119.805230712891 149.700180053711 0 142.909124101911 122.998695373535 175.729810400854 172.787786937895 159.201302610798 165.971660359701 168.411085709282 154.420742797852 0 0 143.42025680542 149.620086268375 116.361075768104 164.226829528809 99.3111406339632 77.1525522867839 103.065928459167 132.333887066757 82.7151331220354 136.292475532083 141.088104248047 32.4282148561159 77.8439012415269 84.0267094203404 62.3285659228184 64.0435588419938 227.004833221436 211.954066685268 109.198177044208 133.209632873535 165.28461473253 142.558195114136 181.596745808919 0 117.247859857021 36.1185872009677 105.07327999985 108.745473589216 114.816138267517 96.943149400794 172.498897171021 145.636352539062 80.9534520043267 33.1290013996681 18.7907588620052 167.930633544922 155.031393924836 132.868013654436 162.552545309067 60.2461659524955 160.23684463501 156.516245524089 154.364556376139 61.4646334494314 33.184227902821 56.2508099969828 181.380238850911 201.350343264066 190.936652047294 179.878044931512 152.525543212891 38.2651959033923 63.9120795504407 87.4127214586413 89.9821718608289 64.8241292168112 44.5986895486712 64.9538622356596 87.4361866046856 160.990070484303 170.737854003906 181.053909301758 159.682479858398 161.495227520282 236.29810333252 205.605316162109 0 194.6357421875 189.660797119141 199.750152587891 0 204.751174926758 0 0 188.039962768555 171.036753336589 161.703231811523 166.001429239909 141.289739608765 0 0 180.698789324079 234.819595336914 186.633106231689 209.161618041992 173.854815165202 211.532722473145 180.354400634766 0 205.675206502279 0 165.437438964844 0 205.085601806641 216.441446940104 0 0 201.024345397949 222.959091186523 188.909969753689 0 0 194.335505894252 176.424711439345 168.06245803833 191.960159301758 135.62417275565 168.646453857422 189.088574727376 146.176432441263 136.093535172312 143.56509552002 183.871196746826 152.986505097034 234.879150390625 124.427991701209 122.179987290326 175.942540486654 134.813654581706 130.967259457237 115.37661413419 104.899220639183 99.3921399752299 119.106728410721 0 214.914886474609 211.862190246582 234.479614257812 216.982727050781 155.786880493164 143.393385080191 156.06600672404 122.19474029541 129.550354003906 211.245048522949 232.531453450521 191.351328531901 0 133.769550974776 145.758597623385 107.814461594921 109.383411263821 154.98707631429 164.30563100179 226.118705749512 200.918029785156 172.845925467355 192.754425048828 131.556449127197 190.196321105957 82.7616341608875 111.255712041315 114.838644002369 0 0 129.061558810147 134.427997766539 203.740287780762 211.794948577881 0 0 0 0 245.677658081055
116.41670984076 110.24002379078 110.571844591413 95.9729572953849 76.6879897179542 88.6747930677314 105.122577883163 133.92100276947 55.0614506857736 57.8250666273401 38.7543746680575 37.4520928144581 84.9101667404175 247.964813232422 155.470321655273 105.452919960022 197.925609588623 107.438180541992 161.851900201095 185.077462768555 96.0321064824643 92.4922938803603 82.7554768976176 154.38038720025 94.1562051773071 119.828674316406 142.941919326782 143.292194366455 102.522347417371 98.6694701268123 84.7585320394547 45.6789931947853 21.9003390945245 45.8992772224622 98.7257919311523 0 95.7364104775821 74.2771113895979 93.8149351640181 123.735633002387 98.9665457312741 113.552062988281 145.638854675293 68.3188464573451 94.9628977966309 134.473886826459 112.960748525766 134.623893044212 155.98974609375 113.671475830078 153.681365013123 173.447280511623 124.157172139486 116.616003405146 136.664113892449 116.231377451043 94.4303532111935 49.350347193276 127.62279510498 0 92.6637201309204 160.794292926788 141.437230110168 160.401651382446 120.201961941189 96.246605682373 107.979723111005 125.743651390076 122.029300126873 181.832465762184 167.930633544922 12.8328473688511 13.0810664170037 49.9429025125504 62.4734022493046 122.294192165799 23.1805919916393 53.1523169257424 17.4667372256571 153.013373741737 187.715223921106 136.041625976562 134.298930344423 115.442274718354 117.6754292906 104.427311937014 135.062947273254 169.585151896757 165.426410980225 138.536401062012 135.483775615692 148.706709132475 185.031715393066 180.68640944537 168.881858267435 67.8508683939775 30.7898725545381 76.3042775529154 101.931497178636 143.114049639021 162.038706607506 141.915111463897 145.252570450672 145.033291539138 136.602075591342 139.483537820669 162.698161405676 137.361622550271 145.354827575684 105.358695491668 124.175947815407 131.555296316322 143.146911621094 149.612019130162 169.25260925293 145.764091491699 117.492229037815 158.600067138672 140.312154134115 162.948638916016 137.634069566603 138.514973958333 142.157436595244 139.339197254181 153.558691519278 152.713665771484 113.971967424665 184.845237731934 160.985641479492 166.075904846191 146.780978507184 178.402530670166 118.930312086896 120.616053833921 0 126.043088597744 0 140.865805625916 122.709572920563 127.509138766202 177.892593383789 144.678063964844 162.882617950439 161.409311814742 144.815669430003 191.738377888997 184.629739379883 0 117.578184633839 168.557259601095 149.873932286313 225.619194030762 205.124198913574 171.097954644097 0 155.18639918736 215.803800729605 191.16812216269 208.840506417411 215.805355072021 180.804553390643 172.616915680641 181.763609452681 165.317962767586 124.166320800781 142.271575927734 160.202399571737 197.11743927002 198.042957305908 110.912528991699 169.413686209351 156.191749309671 138.850815993089 141.897718429565 206.532569885254 191.27463054657 214.178317799288 243.695365905762 183.627743530273 189.916130065918 111.354095090978 112.774395653005 82.2536894820119 175.24658648173 184.589757283529 97.0697550210608 186.672500610352 162.556304931641 201.292363484701 152.25090265274 182.97680212619 196.51116004357 212.67308807373 129.687449481036 95.0625387312056 158.456588745117 164.690896936365 143.785900115967 190.719436645508 160.997956848145
174.462253570557 166.115946451823 164.297756740025 176.701074872698 80.8507672377995 95.2726954658433 102.66544908796 178.647206420898 83.1125659942627 134.198544502258 149.267314910889 99.6915970087051 79.4648550237928 129.84167098999 147.047982159783 125.081820992862 158.061143684387 115.156545321147 127.755265759439 148.482056868704 99.3337198252642 95.6516988848696 76.7041082129014 141.545858725523 103.382912158966 106.648774464925 131.566452980042 124.637534459432 106.04924433572 118.653901856521 84.9177469106821 42.7347263448379 27.8659173733798 40.7193429125888 102.352871528039 0 70.0406121571859 29.3457876163579 90.4750146132249 103.794427425303 102.762084553619 120.059139506022 138.200058279686 22.5970452853028 89.3740487291634 98.7610633821945 98.0701032096957 128.376086984806 149.475852272727 109.011210553786 167.960940890842 171.736344033099 130.640393665859 128.172030274297 142.401108858878 120.748658921984 127.207497253418 55.3648804683311 122.076173146566 58.1457748413086 95.5575519337374 140.675428616799 136.275769450877 129.440537192605 112.761246090844 100.48194694519 127.609070761162 122.470291586483 106.995119882137 167.096367685418 155.031393924836 13.0810664170037 12.5808445952336 54.6224118209728 61.4986954193448 114.071612566037 45.9167586632717 51.6373545618782 21.3073122254865 152.517007954915 171.11058473193 133.102393459266 136.24938653863 123.406736240465 119.052310346992 103.920586637918 126.514924112956 167.259611236915 135.893826501411 119.967229611406 114.221121971968 166.295736383509 178.972955322266 182.806087493896 148.89283657074 70.1209898265037 73.6991967751946 98.7849640541888 104.004211939678 104.726672363281 197.704315185547 177.388081174908 179.925109199856 167.21787693626 158.293093327114 165.715293024627 194.09147644043 132.968237625925 164.81284223284 146.869291687012 157.560315813337 145.852179820721 134.914434923444 134.244648600734 145.636275100708 130.041362101237 118.281507375289 129.985745279413 132.641507269109 150.937973431179 128.773702221802 134.006784725944 130.822224805803 137.144719947468 146.394794945578 128.804695411965 127.512885954322 171.714268366496 144.41466861301 157.751491313078 163.46641354031 169.848764964512 138.887573046562 129.844685862462 130.320854880593 130.277012038195 144.272303361159 124.775024255117 121.165502455628 124.394848772223 160.434722900391 136.829584839147 162.046597798665 167.367111841838 143.326245535449 182.638575526646 150.17666583591 125.681704977284 112.168619065773 158.854129264025 137.962048505872 210.180235799154 212.731493436373 175.919673039363 216.231056213379 183.291943868001 221.814195421007 203.190021221454 191.906209772283 207.577048668495 181.566666509064 180.445724487305 179.776547431946 176.576393127441 128.141831512451 133.973477297051 156.446212132772 175.311684707115 184.00606243427 132.789123153687 176.107397736096 166.377658632067 134.144796534947 135.63244205051 188.59024810791 175.364385282076 210.907931736537 206.197650615986 180.369391305106 178.645701090495 123.468300247927 114.322233644466 78.9803225905807 140.695446103118 176.145078771255 110.517005240731 175.861952561599 204.623896280924 204.062892150879 160.234734217326 186.977978288635 191.54044418335 208.536466471354 146.360820644504 119.587181284458 171.19380645752 167.014582084887 154.513306800355 173.910060119629 149.125395127285
147.893565529271 163.522525024414 209.781349182129 161.454816818237 188.787424087524 152.636033935547 101.817591031392 156.234658893786 46.4146843252256 102.727650960286 112.002740859985 116.16474656801 28.9090716394327 67.5203151702881 76.6780689073646 61.6988668674376 56.774210194179 57.5566649664016 50.4217062234054 50.4555199363015 84.2973647562663 76.5912910517115 65.906899911386 84.8477096557617 83.4792923927307 0 64.8540607599112 70.9925747825986 81.4809780950132 141.835038079156 174.182498168945 72.1301334087665 61.8506852873079 57.6144104003906 61.9222278594971 0 68.5567901611328 59.5323338890512 90.7154966081892 95.0268374851772 83.7187782634388 40.4912033081055 124.473961463341 33.417833006427 62.7495221979478 57.5529582564895 82.5512776374817 129.512203216553 85.0151023864746 64.8968719150153 106.954692794055 103.024528730822 107.701830083674 110.050172867314 134.294813202649 106.224020116469 119.007840474447 123.678863525391 88.5819091796875 123.951141357422 103.328981919722 116.926588439941 116.748369852702 69.4937675476074 105.751107533773 18.3777291145123 98.412281036377 132.414192199707 106.449759483337 160.453225708008 132.868013654436 49.9429025125504 54.6224118209728 10.2791458861581 103.725935799735 127.921310424805 26.8036194085877 18.9033862578439 43.4418516403723 89.2687335323978 134.884423446655 83.3194288330078 120.35545925803 106.702913284302 101.524729495578 92.939947818188 96.7439575195312 111.17599837044 119.993849277496 91.2058247513507 94.2980241321382 121.443448001391 160.402926127116 166.038573128837 133.222326066759 85.9545887538365 28.9878130504271 70.7321723937988 86.3455799244068 206.324745178223 126.05412879357 106.098862457275 133.688962936401 131.878257057884 105.477211952209 122.990353175572 138.082977294922 83.491468556722 98.8783226013184 73.239751962515 88.6764212898586 101.69093212183 84.9610426161024 70.7180404663086 54.2750734601702 79.6784159342448 91.9765224456787 99.0703880310059 78.5971657435099 58.6889728818621 73.7451969146728 74.6541016379068 72.1340140292519 86.5992796971248 99.1896425882975 113.11485004425 69.4726160952919 137.680895487467 80.6872177124023 101.39319152832 110.673214652322 165.503868103027 92.5636328183688 78.3759840329488 119.373519897461 87.2749568965885 98.550952911377 67.2194499969482 74.7942353878381 88.4362951195758 113.232358660017 92.7674627806011 80.9044532775879 153.720460891724 97.3563070135602 138.630644480387 61.2332605634417 37.2873805837428 55.6943839538929 91.4082328533304 95.4284150407121 200.01695505778 170.403352737427 149.754163106283 0 130.593238830566 153.753127554189 150.679603099823 148.77678440639 184.313208007813 154.82667350769 136.235803985596 153.468507554796 139.240914344788 93.5372569176458 75.0530373709542 101.231988634382 115.982736968994 147.442825317383 9.1395589790561 125.4259765625 107.331831125113 102.906671003862 108.282366943359 177.87865447998 144.145202636719 172.382374354771 176.483728408813 173.105427668645 121.016212463379 67.81091479512 64.5516235608996 8.48022271199123 100.024639129639 155.081831190321 51.7101672135346 176.403890337263 162.280415126256 194.009600067139 126.942303975423 146.373415237818 190.784439780495 196.091046142578 109.055439219755 59.8692777505082 127.0331103007 112.615089198521 97.5734742482503 0 102.43312219473
147.066990879604 182.603623708089 180.255190531413 168.146662785457 72.5800713949253 75.178311033069 115.891861234392 164.946022914006 125.713161468506 176.950023651123 219.043403625488 137.484997749329 109.15259552002 72.4955169974342 74.3647390695719 95.952469388068 92.4913465326483 129.172379420354 168.398031107585 133.968449910482 82.2866174267457 80.9296051401859 68.9719337981007 101.831881205241 62.6466602659495 145.787039756775 93.3610122236849 82.0979528568859 82.0922564929157 104.961974643526 46.8056629752314 35.7903254521902 46.0743058271238 21.2929822181404 63.8281415068073 60.0786390671363 36.3798042053146 55.0621236821511 89.0484900651155 82.8900332371833 88.8332785471389 99.1424840291341 110.473045644181 120.938122558594 0 138.144666818472 66.0082401387832 120.838956618828 138.597772325788 0 167.133531458238 167.92775560462 120.839193556044 108.066786670685 128.683896796648 112.467416127523 62.6317644046668 15.0755878212586 51.0401398826893 29.6691928010527 114.53523887076 142.066391719554 119.480677188971 95.9657918165911 97.7313060878548 180.945304870605 77.7680006200502 37.6853158679201 106.710660038754 158.163113639468 162.552545309067 62.4734022493046 61.4986954193448 103.725935799735 13.5756679987094 123.749869237972 113.349814891815 76.338737487793 112.219212849935 172.967803955078 178.406520936547 160.580764770508 126.190085881589 100.452250217926 104.910059049312 75.0915897092525 39.2364611511986 189.067153930664 171.033746114591 241.017761230469 149.758591708015 144.675888998467 185.069036865234 184.395697699653 135.626637133923 23.8600375601762 132.642822265625 100.531681261565 57.4289211142376 38.4489243122169 0 232.897003173828 163.423858642578 166.820650373186 196.781021118164 231.56330871582 0 0 0 0 0 181.959513346354 143.586736043294 171.657621765137 169.018915812174 142.155120849609 133.670379638672 177.586540222168 191.745628356934 183.950510660807 153.37287797599 172.092429024833 161.521847195095 158.875492095947 182.64289855957 151.162315368652 143.999223981585 189.14501953125 0 188.361022949219 213.914683024089 222.08438873291 159.235543568929 159.86521257673 0 144.969270978655 148.444381713867 126.085292816162 147.551341663707 152.248520109389 172.71212387085 159.736915001502 191.531318664551 169.57942199707 195.932369232178 192.143699645996 165.569617135184 148.489044189453 153.534365844727 175.986856248644 148.066500854492 210.302434285482 219.440536499023 242.089385986328 0 200.874582926432 0 0 0 240.309906005859 0 201.5439453125 0 201.470260620117 195.115280151367 156.10264478411 172.938407897949 180.397408485413 203.186700439453 140.388727823893 175.533996582031 171.861701965332 0 0 191.265723488548 183.070266178676 0 0 187.775379180908 173.04118347168 153.843416849772 132.05893945694 132.396811676025 0 187.08761735396 152.17629033869 195.893981933594 139.419982910156 217.427974700928 180.725555419922 225.202682495117 197.236958821615 239.573997497559 148.027847290039 171.090014139811 209.793640136719 177.354483468192 0 214.499893188477 151.135063171387
182.269335065569 183.981842041016 190.166018168132 0 137.549138901081 146.745082017852 162.145483652751 195.367408752441 0 221.639678955078 0 151.609987168085 128.812448229109 127.716564178467 91.3888637401439 91.1619259420894 93.8773691143308 70.7393657899774 95.0974047034979 85.2046377729661 138.506646728516 122.455411296245 107.138518593528 84.1387415161133 125.274610201518 99.2842597961426 114.59616418787 100.560462266971 158.459137177803 156.649719238281 134.85274450463 126.512389712863 123.396333729137 119.853185017904 111.260177612305 76.1370315551758 99.9653789997101 101.292334495781 41.5801548865459 138.317519554725 78.2814010745189 57.690543546515 66.0095793284778 97.9294365547799 144.205764770508 90.3978271484375 124.475093239232 29.1273698963127 59.1264467654021 46.1283209780429 107.59320195516 116.679252624512 217.06916809082 180.464420991785 147.60925579071 108.000368390765 146.148798191801 116.012172275119 113.606626238142 80.7828025817871 25.1416685841137 51.5437634351699 56.6589493809161 60.0747391075216 47.1568640617475 85.1773815984311 151.594256254343 155.331525949331 23.5117508551804 87.2243912525666 60.2461659524955 122.294192165799 114.071612566037 127.921310424805 123.749869237972 13.9242050516817 116.513646443685 116.339378356934 124.357792247425 126.246723937988 76.2974248840695 121.018576049805 190.542791830527 170.940453665597 172.206072599992 143.376128925997 162.314471435547 63.0018423033266 25.5012308787153 111.038389766918 25.1715554506452 85.5013122762588 140.654400634766 95.4420192891901 70.716098533213 134.306050100726 0 183.541279384068 136.953597804478 138.563538551331 0 191.836251152886 0 0 203.100420270647 208.573840332031 0 167.289978027344 240.118515014648 194.975158691406 0 204.46174621582 166.295618693034 150.514685058594 128.81504712786 143.976174926758 150.887474060059 156.724914187477 183.776443481445 147.358570575714 163.896629665209 155.980466206868 188.725286865234 218.548461914062 194.510036468506 152.603591918945 154.222798665365 152.883246358236 179.256220499674 155.925382995605 197.353039296468 174.652930297852 195.769651140485 183.010457356771 147.121917724609 182.089471256032 172.070449829102 147.411270141602 177.353156280518 183.944417317708 146.852471033732 162.831837245396 129.784959157308 140.759384155273 187.219257061298 110.269901455385 87.3898024108279 106.136796431108 135.744683343011 118.060194301955 172.637936760398 119.454490432166 111.333936561659 136.047772725423 118.79982164171 86.8714290439146 135.346280415853 158.057516098022 133.682497660319 152.125639677048 236.915740966797 228.369893391927 240.055419921875 221.693644932338 166.905039469401 144.827644348145 122.681522641863 118.501955395339 101.072092515595 83.4057990519206 218.216358184814 200.58489717756 180.328833580017 173.99860534668 99.621749216558 102.740467543107 139.036788622538 128.417316607575 104.417442531297 101.474990784653 145.077133178711 164.624465942383 138.954210281372 166.603366993092 94.765243612212 160.911310195923 100.733848051591 66.8771146501814 119.546645445743 216.573654174805 232.449195861816 107.601376497809 118.622265395298 178.288409762912 166.700688680013 0 217.057815551758 195.303756713867 180.791909790039 0
112.067942352295 116.149428734413 64.0738609912349 102.779134750366 117.724189122518 128.361707110738 65.4279754362911 45.2284810233251 45.4866556457585 25.6097820455378 12.3541150336053 24.2125197803851 55.2396234038529 133.74919128418 132.561312357585 174.363723754883 75.3395943019701 135.5125096639 57.8820052575813 155.814733505249 93.4619345457658 83.747496153179 55.8550503540039 161.277701059977 85.9004039764404 0 127.365692138672 0 95.2903249740601 116.110292707171 103.575751564719 63.012266431536 72.8177805537671 74.0338617960612 0 0 69.7349563011756 59.1280807210253 215.636840820312 97.7307205200195 98.6120476793887 0 153.089037577311 32.2277871283823 70.1332191063782 105.561385154724 91.5148666381836 140.811762723056 134.942606244768 86.2790201180724 141.454950175154 136.448015026188 118.99595006307 115.192169351781 141.259341478348 111.702910461426 125.211935043335 103.441871643066 105.818470001221 0 101.650379943848 146.418952941895 144.712372779846 84.4101333618164 178.560791015625 61.5243211410664 93.3551982532848 0 128.828424453735 168.546167373657 160.23684463501 23.1805919916393 45.9167586632717 26.8036194085877 113.349814891815 116.513646443685 13.334764972901 23.04922524693 26.0486445492431 119.140776297346 155.473991143899 109.110686618144 123.889428821727 108.51225599206 107.124217019152 93.7583845795178 138.528614044189 136.33412167191 133.496221381927 107.95164423069 106.056646233363 137.7918388211 165.861033439636 179.085207621257 159.669242055793 156.943829854329 23.4813460730516 66.1021057651962 88.0201259613037 93.8341369628906 162.44814102738 142.137066650391 141.448573372581 137.794847696769 132.122926752618 131.916207960436 127.705383300781 126.949816385905 137.51804460798 107.352174377441 118.615274429321 124.502209242 107.493620736258 110.237241109212 0 96.6851069132487 92.1537884303502 106.096103668213 109.802258491516 135.576264275445 101.284589434427 103.610778064263 103.17011151995 117.25909567779 134.975381602412 111.820452880859 94.477731143727 118.764846801758 92.5065231323242 137.474822998047 128.91098135489 110.850723266602 107.57677143752 107.214056934535 0 106.108233310558 0 94.9044143676758 94.784147143364 98.9682753628524 154.436724853516 111.751637997835 169.499626159668 142.09464263916 125.092498415992 182.936431884766 164.192919413249 87.8408126831055 87.5628745846632 154.842611999512 114.104511607777 188.776092529297 217.496479579381 171.415349687849 0 159.675956726074 190.505165903192 185.71115251021 176.979752604167 215.807195490057 168.817950517703 159.416570663452 153.910612996419 150.343973679976 106.855358123779 133.30498286656 140.308785756429 165.690014648438 183.159965515137 121.720664978027 153.200690513433 146.749939658425 108.958093007406 140.117845535278 169.318557739258 160.728284200033 205.594931284587 203.920904159546 164.627650260925 0 98.9920283964951 91.7256096225895 50.479014423406 110.548689524333 188.573020935059 84.6533541155688 190.401596069336 148.312421013327 220.256719878226 152.353303527832 166.352489818226 192.254442568179 183.400717163086 121.372680417953 86.6178404428426 148.792885780334 144.668694911859 120.823879588734 93.6003875732422 120.349298330454
221.102645874023 188.416122436523 0 0 218.060958862305 157.005386352539 0 228.343139648438 56.6328925417181 0 77.2805862426758 134.275249481201 45.1426394704127 0 55.3653106689453 143.895648956299 59.9746088098597 77.8506336212158 49.5179027928715 49.5260129468194 126.872873306274 97.6001224517822 79.4821464538574 0 132.067768096924 0 106.143417358398 192.977066040039 155.619823455811 0 0 0 50.7401390075684 0 0 0 92.5314617156982 63.988723226694 0 0 114.586312103271 0 130.73232014974 20.0020700393554 45.8260985560794 82.6586142147289 110.90299987793 159.462727864583 119.165256500244 59.7705005366923 116.52589024135 111.646460375249 105.331516265869 137.350505828857 126.395812988281 125.499656677246 0 0 77.2828216552734 0 182.388153076172 133.241600884332 119.85378519694 123.94256439209 0 26.8021328375435 0 220.745269775391 0 0 156.516245524089 53.1523169257424 51.6373545618782 18.9033862578439 76.338737487793 116.339378356934 23.04922524693 12.8082058578414 37.657236158656 97.0326192836569 133.713267735073 83.522192897059 165.937734985352 134.574396769206 137.200695037842 148.07926940918 0 116.343567978489 112.289196986778 89.8190856120996 95.2152180773147 143.778111457825 0 0 137.001463890076 0 42.6782875172903 77.9885995047433 94.5066833496094 0 144.83903503418 0 0 168.796035766602 0 141.464065551758 0 89.9458084106445 0 0 0 133.922380447388 114.982566833496 0 0 117.261093139648 91.7819789539684 105.15766398112 114.627117156982 106.28912226359 103.82345123291 112.217994689941 109.604423240379 100.475883483887 143.105125427246 113.89813486735 96.7357482910156 134.096092224121 162.901275634766 112.20467376709 0 145.731842041016 159.049816131592 117.26728404652 100.088432312012 124.487953948975 0 100.924664815267 97.7216526667277 98.4820597512381 85.8543853759766 123.872238852761 143.914047241211 0 0 138.756477355957 122.612602233887 91.042854309082 87.1579552835493 113.328280362216 114.133997599284 193.459915161133 0 0 0 0 144.414965947469 0 157.950033823649 198.886978149414 150.949615478516 138.694198608398 0 0 122.820518493652 93.9580612182617 106.353744506836 150.202789306641 150.112075805664 65.8045457839966 0 116.253730773926 0 107.660041809082 150.358242034912 155.876919555664 168.881378173828 197.59130859375 167.885016305106 129.810180664062 107.495075572621 94.4574783870152 45.3625194761488 114.652887980143 146.140486717224 87.8492950439453 0 138.39665222168 201.832162221273 0 0 179.934417724609 205.420008341471 140.158889770508 0 0 141.981640625 0 0 136.169111251831
143.559131334413 131.084373235703 141.557509702795 119.834308751424 106.141716690063 111.821732012754 111.713998758568 156.660781659578 64.225505569458 112.044691485028 88.9740183088515 59.5091412606901 68.5593980499325 112.45386505127 161.068639581854 180.355165481567 141.225563755742 135.135489327567 116.167839359593 162.425382826063 100.228803902484 98.4924490572901 73.7993125328651 143.413692474365 103.327502659389 137.476734161377 149.428058624268 108.882923126221 111.231468200684 128.78507396153 107.238419114498 69.0181791833107 63.3796925214132 85.0150743484497 145.813674926758 0 78.6116316053602 98.6587096873979 110.137321472168 103.335991753472 104.341847933815 129.032053629557 137.004306793213 21.1131764916813 78.4301404732998 99.3278895017117 94.2666651407878 129.90216787862 160.849722918342 99.9263504902276 156.923471450806 164.224106166674 123.720498028923 125.957236964528 140.338596665716 122.167234223464 132.522157842463 55.9017318725586 81.3631072998047 0 132.611972332001 142.670613326426 138.067068332579 149.49356842041 147.297958374023 77.6404624394008 127.455354981503 166.811364067925 115.217769775391 178.379558139377 154.364556376139 17.4667372256571 21.3073122254865 43.4418516403723 112.219212849935 124.357792247425 26.0486445492431 37.657236158656 12.6382757437684 133.804513331822 178.143793170372 123.871270358823 135.833639255698 120.399070044623 122.892145398297 106.949411905729 123.341731262207 152.353169903313 140.380728438094 114.369561393306 112.161068318254 158.063552336259 179.76789855957 180.760475852273 158.751241340012 93.2960041046143 45.6195622326686 89.0193718916533 103.632673041765 185.751401265462 171.826386202299 157.238273493449 165.225512362075 156.958706422836 146.282098897298 146.961641193908 177.01852077908 125.319877624512 156.322061326769 120.617184174366 133.246933978537 141.475315890266 127.214885530018 126.00717992368 129.774689992269 117.28477205549 105.727483046682 115.333026885986 119.423431396484 143.783954018041 115.747502474257 119.04336769844 116.923819837899 129.739090962626 145.444039004973 112.834506641735 116.102172439163 169.031024639423 159.877848307292 136.891704358553 154.259774451162 166.810349655151 129.553252333686 122.417611184611 116.263935089111 123.744998936195 131.785145282745 103.613736788432 112.641320106727 114.22322236182 161.050521850586 127.731797404673 162.216389049183 164.097993330522 141.166091492126 178.399032592773 145.92840090665 130.98339176178 99.8922616034439 155.166178729083 133.359487645766 208.85026550293 197.545202891032 184.594441986084 192.272816975911 166.204917907715 218.386250248662 202.634413146973 198.366302490234 229.517444811369 177.862506909317 182.549842834473 179.635943198691 172.090671165317 121.464912793913 121.589860999066 158.201081911723 191.471838814872 175.989024353027 122.150811331613 173.40548757712 162.035132221792 135.720129995635 137.361596523187 179.602452596029 170.213545548288 218.379820792906 218.095855712891 172.902485480675 192.196632385254 117.04053392756 106.739745834883 65.1597963574506 152.44539621714 172.003955688477 100.71140524183 180.365014468922 138.658752441406 201.728452277906 159.889970679032 181.226389140983 191.864388839058 200.986179351807 133.561454412505 105.356308530878 169.218531608582 157.106953976759 139.166881306966 159.387573242188 153.301277600802
170.53974369594 176.492202758789 163.509923299154 174.561599731445 172.25989151001 180.223416415128 0 165.243105570475 141.053540437118 159.345153808594 150.500823974609 170.569356282552 148.248853047689 0 0 173.612365722656 194.588226318359 224.471725463867 151.945866902669 166.518718719482 167.201309204102 175.098197937012 0 0 0 0 0 0 164.587571280343 148.401062011719 171.815998077393 136.017400105794 158.260452270508 0 0 0 156.943206787109 154.458303833008 0 0 77.4039148401331 0 0 95.231281636556 69.5443914031982 0 0 145.598972320557 147.588203430176 41.8666816144376 34.68415572621 18.1396619301531 95.6373138427734 75.1321105957031 73.960503757 57.3456764221191 181.148752848307 172.466512044271 0 0 0 97.6870250701904 158.498779296875 170.243392944336 0 61.8578591733365 218.719253540039 0 0 79.303954557939 61.4646334494314 153.013373741737 152.517007954915 89.2687335323978 172.967803955078 126.246723937988 119.140776297346 97.0326192836569 133.804513331822 9.56567911230352 29.4887648102389 20.9442984224718 103.708245902226 117.114734649658 154.046531677246 154.817843119303 0 41.818471704368 89.8254867646752 92.9247589111328 141.153322219849 53.7783212421321 77.249136704665 75.573171888079 114.805209350586 0 125.478837909983 156.256887753805 0 0 187.750282287598 160.460098266602 0 228.467872619629 0 177.789260864258 0 202.305592854818 0 179.268707275391 0 157.232536315918 0 130.300918579102 0 244.220306396484 0 0 0 126.75216293335 170.148114013672 121.642929077148 169.096908569336 196.231236775716 0 199.179176330566 161.344573974609 122.956527709961 0 0 0 0 180.997187296549 179.893502807617 0 175.220708211263 0 0 191.480046590169 161.476142883301 129.607002258301 196.058929443359 111.537979125977 80.1655883789062 174.722579956055 136.723463439941 125.941131591797 93.1900405883789 166.491790771484 140.687417984009 181.836400349935 113.064401342514 111.74254727054 124.383405685425 0 113.09566619873 74.5135903101481 70.7706546783447 49.2456054463645 95.9880546552366 98.8012138815487 0 247.351928710938 181.889663696289 226.342056274414 243.369216918945 124.067190806071 137.809972322904 128.615580240885 106.992942996141 0 201.683753967285 187.855499267578 213.853805541992 165.698725700378 138.08570098877 84.627714567287 111.5448650249 145.203784306844 0 213.954157511393 171.460210164388 131.031919691298 174.569175720215 119.665128919813 162.739755803888 61.4496302090956 73.413528578622 96.2908112667891 0 152.346221923828 117.969204947452 110.914602055269 178.943588256836 174.769660256126 215.354537963867 198.152053833008 0 0 0
186.916979843311 194.528022766113 194.875309811363 189.148785545712 179.472443096454 195.219180603027 192.76064772833 181.892989877554 183.888683319092 186.351043701172 184.036356608073 196.41336638352 110.278425216675 0 166.413227626256 164.098629120857 148.826501028878 141.912735748291 151.476915320572 142.273764038086 156.607343885634 154.260732438829 125.081117902483 145.489238739014 141.763305664062 147.94758605957 170.756337483724 134.630537033081 178.970008850098 179.689571443151 171.399184604861 171.971051534017 188.707698318194 184.12201944987 0 0 160.238458251953 169.530127419366 108.26286315918 157.415570576986 93.6445113760202 113.252017974854 134.552484263544 137.508121374882 88.7888159318404 142.477732490091 162.258336385091 49.4603067094423 92.6567501433908 88.2589097439664 60.5588370450168 32.8527191963389 224.424819946289 196.688031514486 108.977136906361 111.127220153809 173.151245625814 149.748092651367 151.590019226074 205.903503417969 141.765850291533 62.4701914881801 116.233349509861 119.563235282898 130.930720329285 96.7961511611938 187.42748175727 183.437496948242 112.91940723766 44.2598380505682 33.184227902821 187.715223921106 171.11058473193 134.884423446655 178.406520936547 76.2974248840695 155.473991143899 133.713267735073 178.143793170372 29.4887648102389 22.2000588994815 46.6546771275134 129.385459267881 190.376308309621 154.302942752838 165.153555870056 184.276153564453 37.930301002658 72.4776726615187 84.6704360468154 101.490963256493 63.3967787009388 39.7839019836449 65.1298357844353 96.8064017295837 176.75256652832 163.619093385461 175.81930287679 167.482757568359 173.946426391602 222.848974227905 0 239.255706787109 195.577209472656 225.155735015869 201.443054199219 0 217.455688476562 0 0 238.264297485352 221.620287214007 0 183.89350382487 149.871995925903 178.985221862793 190.592620849609 203.980060577393 212.625823974609 180.890853881836 186.278284072876 197.67204284668 207.975288391113 209.466033935547 196.205164591471 0 234.691528320312 176.768239974976 196.335556030273 180.727099609375 202.929034423828 202.510340372721 196.576865302192 211.283412053035 154.590362548828 201.986352008322 0 0 200.806362445538 204.402385287815 158.236241149902 209.64051361084 150.652652195522 144.068720499674 197.921487808228 154.570637670057 146.936152718284 162.94545841217 179.484571977095 163.480746717338 222.68293762207 141.376963059107 134.315618476612 154.822351243761 175.310653686523 145.990051375495 105.652357020999 100.932583372472 91.2448642798215 119.005099615269 136.232178370158 238.047241210938 212.194717407227 178.644104003906 206.208229064941 181.812744140625 144.870202871469 154.944758448107 138.064330400739 140.266603902181 185.793383280436 205.55965423584 202.911610921224 208.084942626953 146.22434946696 152.322577860818 109.773806051046 118.304175807584 166.289576175439 163.71982421875 226.216468224159 217.115901692708 170.38698433541 222.268676757812 150.430896238847 210.295960771277 92.6614098110082 113.619352141772 120.054484036234 0 184.060599190848 146.256265419117 138.552593383789 219.136787414551 210.297902074353 232.981246948242 188.349647521973 0 0 191.647567749023
183.512784685407 200.840362548828 182.29219524677 180.455810546875 178.509487915039 178.510856628418 162.780780792236 167.311122131348 128.821389111606 177.453796386719 0 184.255201920219 80.6506484702781 0 0 170.256866455078 129.290466308594 155.92310333252 132.648289525232 126.889944712321 187.622487386068 158.533571879069 165.627895355225 158.428146362305 137.252456665039 0 0 0 155.628360748291 168.975189208984 176.608917236328 185.062622070312 188.889366149902 0 0 0 171.567663574219 153.064627075195 167.456680297852 0 93.5139624277751 0 99.1976852416992 81.8956490394854 47.6732719333693 216.796119689941 0 73.4344883408657 116.176540374756 24.1260011818863 48.6103526413171 42.8282367432905 171.17280069987 206.904434204102 90.7450569771432 69.9387878417969 229.920547485352 0 0 0 0 69.9451230245344 153.552350725446 197.812545776367 0 49.3248273975709 171.5400390625 0 164.807921409607 53.5757061022718 56.2508099969828 136.041625976562 133.102393459266 83.3194288330078 160.580764770508 121.018576049805 109.110686618144 83.522192897059 123.871270358823 20.9442984224718 46.6546771275134 12.4803757905502 122.384329195376 183.618656703404 161.048554992676 202.399063110352 0 31.120992592073 77.5773908598307 29.3657158163493 128.89094023869 62.1195612383318 91.9582639058431 61.3684199940075 131.735746171739 178.946649169922 114.077353899596 146.112644458639 0 170.140167236328 202.106025695801 0 188.769195556641 188.764363606771 204.56893157959 201.871487426758 0 205.851943969727 192.951354980469 0 149.75227355957 194.419549942017 0 0 133.394710540771 159.326919555664 0 168.272038777669 191.506828308105 129.602214813232 175.434783935547 194.668518066406 224.156143188477 188.128677368164 179.531951904297 0 155.86675008138 162.448968505859 144.769958496094 176.541971842448 189.232861328125 177.682792663574 200.895113627116 202.875986735026 0 180.326756795247 0 0 186.579188953746 160.669403076172 130.253280639648 170.548281351725 130.193208966936 134.369139862061 159.020030212402 122.690842764718 131.141388742547 172.578651428223 146.838943481445 147.11262044599 212.707748413086 97.3366493666468 94.5174862593082 122.048977191632 99.1928997039795 106.426902845794 101.19537171231 93.4358447981469 87.0363524055932 110.883601109187 156.992949485779 204.663462320964 0 0 171.9674949646 223.86296081543 145.510153770447 135.746422944246 94.827226778356 126.08079663445 213.253883361816 168.968246459961 0 0 109.258727544471 135.238812496788 96.2127137447427 98.1230602882747 128.387743731729 125.970090866089 194.173416137695 191.561044692993 158.406312942505 219.327491760254 93.6350527413284 186.026264953613 49.6839339880491 52.5300134632939 97.9989589409863 0 198.788642883301 96.9311067077765 109.416009879974 222.10009765625 190.841085580679 0 210.552177429199 183.039665222168 0 0
120.687583966853 132.89503226722 132.47483854748 132.925833307902 124.437637070876 134.104706288785 107.19141604492 116.28813056257 104.745520532131 120.116461901689 126.714035278973 138.722096419842 227.975997924805 164.48035847057 157.369117736816 177.161003112793 137.553130149841 202.66411336263 155.832093811035 0 54.2469620578143 109.270788574219 127.408939361572 167.028486190304 97.5531887213389 118.854421234131 160.099166421329 171.936501397027 73.8644666995327 111.903359064905 113.169901802713 117.157090387037 132.689078268474 126.432137180917 137.222723824637 0 127.682119464874 134.438296724402 180.618220738002 127.172058477634 45.6729935477762 127.570761680603 163.090197499593 137.671752929688 176.379547119141 179.472392272949 108.816540693625 199.063485768216 107.566460609436 137.464839782715 82.9461537099255 93.3937176167965 39.0965953339886 22.4848948650525 18.8635733712782 19.7980772613419 106.947870100422 120.45105304718 128.166353665865 124.188344319661 183.127362569173 200.253413191296 172.440818982247 166.495960850869 179.781456519817 172.653578948975 88.9543509531503 114.481233683499 187.251631747471 163.501606346196 181.380238850911 134.298930344423 136.24938653863 120.35545925803 126.190085881589 190.542791830527 123.889428821727 165.937734985352 135.833639255698 103.708245902226 129.385459267881 122.384329195376 13.0164321487468 43.6290639597731 29.6185411841583 57.0596682699298 112.412748316715 159.971703620806 170.397989034653 158.93005657196 170.019289447415 64.2935494878399 110.092782506403 128.843920158617 173.03224979435 127.087291657403 137.907169342041 63.8829303172581 85.5347829473099 111.629739951328 220.237270154451 204.697103712294 206.060883502571 212.889998771049 200.330921630859 207.30303640584 214.136184692383 198.779556274414 210.807624816895 186.339910234724 200.569364659926 201.970199961721 180.009275817871 214.154388427734 220.813939412435 167.232052612305 161.840066818964 200.745602416992 180.764268875122 216.797519683838 180.401983182724 202.729763793945 177.296886867947 189.137936401367 200.950333065457 200.947036743164 170.454487609863 217.607014973958 0 215.93966293335 210.093380519322 191.029531305487 188.185879729515 185.300519126747 170.279357910156 185.238440791766 170.058944702148 156.876789093018 175.384381843336 178.594240038323 234.448997497559 190.478508226799 226.582183837891 221.311989678277 201.415882655552 0 214.878242492676 0 165.808506480434 214.915733337402 187.243428184873 224.490257263184 194.905746459961 234.953829447428 0 223.572514851888 146.531719207764 208.645926735618 164.124506950378 203.456355503627 229.822887279369 229.832813898722 235.535822550456 218.188401442308 180.262111845471 176.994453761889 225.41977582659 234.398020426432 221.261070251465 195.909072875977 222.039332514224 208.843478508715 186.25501834645 183.069689582376 228.179611206055 230.458692110502 217.176486206055 231.693099975586 233.690536499023 0 181.98673158209 168.154235731625 146.51127425484 175.422928946359 222.08585030692 169.935516923796 193.638980263158 185.327541351318 216.749737388209 214.009446951059 234.768485175239 229.989624023438 230.616675240653 188.615924232884 179.042525561888 216.387748718262 211.894202854322 195.65367380778 210.039527893066 199.770073852539
105.722927572352 115.272676028506 114.862240409851 113.875948389653 104.921393159378 115.887726225627 102.422961397374 102.122314698601 104.117883173625 104.613158759721 110.444411357244 122.451682629446 199.318176269531 137.93605368478 153.165596553258 165.972527137169 161.262172698975 215.784194946289 161.723483907765 201.841632843018 145.113656785753 105.626471073256 113.183291887996 134.883386284244 76.4036506131659 96.8039829342864 133.258314324554 149.67917909484 46.2676692339626 95.8112442752734 90.4522740100063 100.222988178855 117.491918239827 116.496379613876 111.09261954703 163.70285542806 111.879304885864 122.888192033346 157.434002751889 103.008452200248 124.99638778285 134.390869776408 137.329789489746 144.718182754517 178.688175201416 169.434539794922 88.1242429473183 182.602585859077 158.548284621466 184.231636047363 130.582097117106 126.489120714592 63.216103175901 20.2666792721795 105.891747139596 80.7601715723674 74.0735010280965 93.9922968183245 97.484910218612 126.116937001546 164.128872083581 172.158954589144 145.432506871308 134.988340450766 147.588410656269 0 28.1352672313245 88.8487604695545 161.451810162938 183.932386941956 201.350343264066 115.442274718354 123.406736240465 106.702913284302 100.452250217926 170.940453665597 108.51225599206 134.574396769206 120.399070044623 117.114734649658 190.376308309621 183.618656703404 43.6290639597731 14.3088420116316 28.0225753475722 22.7118478519952 86.482802358417 176.956656319754 183.074766078917 191.836598271909 176.991946170205 142.909051399231 145.748133341471 172.077245035479 159.151225315897 103.054641184993 116.749922010634 91.5431207314516 64.0283909956052 83.2788569762365 214.98540687561 183.45393371582 188.934605734689 203.341393583564 186.048726250144 195.458258935961 229.122845458984 198.441430664062 213.709851074219 176.710929870605 206.065904744466 194.613155854054 186.745079040527 207.53768157959 0 202.958435058594 151.25883992513 212.545639038086 0 209.689338684082 165.180466918945 207.377523803711 183.267185211182 180.742382049561 198.052163986933 0 163.626307169596 205.751571655273 0 179.821655273438 196.078379544345 206.259791056315 172.806123763796 169.559999537767 153.466949462891 172.718048803064 180.800449371338 162.761273193359 165.185379962532 168.416990915934 224.517425537109 170.39030456543 202.970489501953 216.100452968052 191.341981457126 214.625132242839 206.737686157227 0 153.134171379937 216.17862701416 173.179011753627 223.697174072266 216.124084472656 221.940668741862 0 224.76850382487 198.116928100586 228.072843763563 191.401672363281 233.38710530599 222.127816633745 222.812344868978 211.421952989366 201.848533630371 160.723186254501 179.405633544922 211.204238891602 231.24772644043 215.943125406901 196.1123046875 211.999477386475 192.914808485243 174.064684549967 183.184349060059 224.583255004883 222.486143845778 0 218.318183898926 219.515917460124 245.923416137695 164.934756086172 156.814574043706 125.485029296875 168.111419677734 222.390133944425 153.622999393239 191.604309082031 0 216.378286361694 212.075354003906 226.300141334534 221.850406222873 241.927261352539 172.815895412279 163.064969945837 179.767158508301 203.048828928094 173.164204915365 198.451919555664 184.460710313585
114.898422261592 121.505890588593 120.758615251998 116.932240401164 106.825043343421 115.350796970195 117.119675034743 109.816515805644 119.175774468316 111.443558102562 125.351345825195 124.772497570568 0 150.476197814941 136.390147399902 140.961084153917 108.427780433937 182.959594726562 134.256739396315 98.3958873748779 33.6082989209442 35.5898194078975 65.0429943537308 134.516302857218 70.2242847396667 90.1508916219075 138.95458759981 145.429258246171 117.794899152673 107.033513413564 98.9143613316069 99.3537199277047 114.905831955771 109.568632019353 118.846645355225 128.354606628418 105.522787963867 116.452761163428 151.06417787992 99.8367240858374 41.2685240492036 139.408302307129 135.903104751829 106.585453510284 0 175.679949951172 88.1553594080234 184.666706371307 152.788610018217 143.759365844727 120.575750497671 116.958356355366 151.685559199407 131.008686637878 105.767533711025 23.4607460600989 95.3069034208887 93.8648570025409 104.073215993245 110.03182547433 164.149037287785 177.019320700825 151.864869323431 131.820987817013 161.063975372314 144.075836181641 91.2577702820301 95.9362702489498 170.63378104517 185.011561666216 190.936652047294 117.6754292906 119.052310346992 101.524729495578 104.910059049312 172.206072599992 107.124217019152 137.200695037842 122.892145398297 154.046531677246 154.302942752838 161.048554992676 29.6185411841583 28.0225753475722 15.2330864900745 18.846202364675 91.6477106997841 190.769690990448 174.371924609673 199.559153747559 177.3838193076 128.347282727559 130.305644989014 160.880368550618 155.771738583924 105.921264315922 121.395794587977 117.998465515846 43.6808516281504 96.3576273271338 196.567176818848 193.034093221029 196.926401923685 201.057965596517 191.310596466064 207.431968875048 184.732940673828 205.664154052734 218.93132019043 182.116369628906 180.995379130046 196.526522772653 179.213475545247 0 0 181.625221252441 160.409252590603 182.722122192383 153.660522460938 216.301071166992 160.285982404436 166.925701141357 148.463577270508 173.450495147705 187.462212880452 187.35329691569 185.710164388021 175.196792602539 0 163.154754638672 204.994288126628 168.820190429688 180.780782628942 172.774042857777 247.865051269531 171.162543248649 139.808837890625 144.080974578857 166.336523647966 158.624948420995 216.980972290039 178.262333461217 0 216.54546101888 190.060319123445 216.443664550781 0 0 156.144765308925 220.390295028687 160.407553100586 0 231.84880065918 226.080772399902 0 0 201.13298034668 221.821807861328 241.568725585938 198.640319824219 225.78216472425 216.123167037964 214.54313659668 199.420860290527 174.04741329617 165.734993828668 214.032842000326 0 218.525619506836 188.928207397461 216.657543679942 195.538829456676 180.605310058594 165.362617492676 213.942405700684 227.397214253743 191.684906005859 0 224.787679036458 0 165.849085693359 161.072642476935 125.979203087943 199.159807840983 221.889981079102 152.846281958408 194.845367431641 0 221.893802218967 203.498744419643 229.171128336589 229.270778656006 220.783531188965 179.070069885254 159.606858646168 187.696529388428 205.88761968198 180.90991973877 0 173.571086338588
103.6219478911 108.449491177225 108.306636414942 101.872150894499 90.3330614824832 99.436849457627 105.932272451895 102.827434577564 135.443130493164 111.905713611179 105.367621830532 110.106695956871 167.961364746094 131.363020324707 126.485974825346 139.37497820173 111.208312443325 181.785227457682 121.436154301961 115.923172844781 45.7206858189472 34.2772824852491 80.9046075751142 110.430746717739 51.03352404339 75.4986225050323 108.649920499777 125.558359222412 102.517634753074 94.6800148758234 77.6945162117887 83.9564506790855 99.4546648082167 91.3577358722687 90.556158883231 0 94.2202422313201 101.381657852317 130.353009541829 76.1037106038498 83.0241170498569 101.119922383626 111.484431993639 107.727916717529 159.431696573893 141.35082525956 62.357522937007 164.808543380426 128.037572224935 169.505012512207 138.050154368083 114.09680557251 120.777217229207 92.9461453225878 84.8563148498535 57.7754415624282 34.8802724802007 65.7798167219558 67.9917395620635 95.1738967895508 142.979783960291 145.684226881579 119.478703889227 106.499925613403 127.588220405579 145.557239532471 23.3267120291163 62.8197732656946 138.303521211482 156.523688276844 179.878044931512 104.427311937014 103.920586637918 92.939947818188 75.0915897092525 143.376128925997 93.7583845795178 148.07926940918 106.949411905729 154.817843119303 165.153555870056 202.399063110352 57.0596682699298 22.7118478519952 18.846202364675 13.8911575180673 58.1515548364604 184.548584881951 158.911644714355 158.872420946757 154.452243003845 137.604318219562 153.17239634196 150.856526471566 133.360939325806 86.9985397443482 96.2568612670898 118.312693168377 22.435888111555 46.7367322951155 188.915471394857 195.619320678711 172.202333722796 198.855746061906 162.344510759626 202.755564970129 194.995056152344 163.211345672607 226.624683380127 185.90684967041 197.147030639648 185.570042271768 163.09389604841 146.672322591146 165.328842163086 170.003466288249 135.337442251352 188.46549987793 137.019106183733 183.494438171387 148.252230277428 152.084900992257 143.072984059652 152.289261500041 163.716615041097 136.685298919678 143.653099060059 187.52091217041 155.911758422852 174.270757039388 177.496629503038 0 165.568257051356 161.663804945055 155.693115234375 160.126679314507 130.893203735352 140.723526000977 147.777564437301 145.558008330209 196.659873962402 149.441223144531 189.470169067383 198.301233927409 178.896821975708 219.087427775065 172.150413513184 0 135.451612389606 202.206265258789 167.508680343628 0 218.382098388672 204.284317016602 0 207.098785400391 232.095943450928 198.153663635254 0 0 200.961260986328 216.488845825195 206.848724365234 206.285512288411 159.120054626465 139.269477208455 212.875350952148 199.994430541992 188.093795776367 195.540125528971 194.582787831624 193.712313842773 192.072509765625 158.127559116908 206.746398925781 197.378662109375 0 238.870834350586 197.957281930106 151.09521484375 158.807139078776 141.776856665518 103.667091793484 138.378153483073 196.13782119751 146.897201801169 213.38346862793 236.836761474609 213.694152832031 188.671371459961 209.500094604492 217.847763061523 216.087615966797 170.169624328613 148.501218159993 193.068559919085 185.931332906087 167.362335205078 0 174.134953816732
160.081845370206 154.16325378418 156.508783976237 176.65661239624 131.830853181727 153.82746553421 164.619735717773 155.797163221571 157.113250732422 0 200.081100463867 157.447505187988 0 67.5260407584054 110.02645111084 153.193496704102 131.125061035156 0 177.242046356201 0 76.6856222497412 58.765542172703 69.9956903457642 103.727066040039 28.7059636383551 70.9089600699289 109.970867015697 92.7478757585798 69.6123227629551 100.343166775174 38.8508451380831 93.5431274414063 147.58189201355 70.6203637964585 65.8020016063343 59.7720375061035 66.9533206394741 108.089816244025 90.8228530883789 68.042254473712 80.5589045206706 67.0683288574219 116.421753125313 0 164.336868286133 0 23.176871049627 137.313811302185 124.863838195801 0 144.331985473633 179.971008300781 104.532432556152 92.9291965897019 0 110.691623687744 52.931539563235 49.6007745107015 53.6762520876798 68.4210548400879 160.757606506348 158.711279988289 132.147311982654 110.594924654279 100.478362673805 0 68.0694164379732 21.4995590225514 126.117364625673 173.966805594308 152.525543212891 135.062947273254 126.514924112956 96.7439575195312 39.2364611511986 162.314471435547 138.528614044189 0 123.341731262207 0 184.276153564453 0 112.412748316715 86.482802358417 91.6477106997841 58.1515548364604 11.7858527419702 206.732978820801 170.643133980887 144.62712097168 160.650746154785 124.606306893485 0 154.80286916097 140.244990757533 49.8325426828294 0 124.343490600586 37.3243318317439 23.9115480814926 0 0 0 237.829727172852 0 0 0 0 0 0 0 0 162.101654052734 0 0 0 181.768447875977 0 0 0 191.301239013672 0 0 0 0 0 0 0 0 0 0 0 0 201.023101806641 0 0 0 200.583114624023 153.131149291992 0 0 0 0 0 163.724105834961 0 0 0 0 0 0 0 0 0 0 0 0 220.494064331055 0 0 0 0 0 0 0 0 0 0 0 166.443466186523 0 0 0 0 0 191.04133605957 0 0 237.454956054688 0 247.313919067383 0 140.537963867188 0 0 0 0 0 0 0 0 0 0 223.655914306641 0 0 0 0 0 0
192.670502033639 200.094323294503 199.061698913574 195.065690040588 186.320669174194 198.795704808728 186.816268920898 185.275360584259 152.228776261613 190.608585902623 171.411565144857 197.930214815362 95.1331857660765 183.889236450195 151.437653761644 148.769269758655 165.974465942383 145.801731283014 141.719851071717 145.240016937256 172.585632324219 161.356858776462 127.092964172363 132.265077045986 150.12407430013 135.373066711426 141.361770976673 142.141843355619 191.592247856988 181.881613369646 175.554215651292 174.231526692708 195.649785359701 184.430976867676 0 0 158.323165893555 173.072279202736 129.4177793615 159.579492422251 93.8297472753023 112.352691014608 108.623384174548 115.632200067694 68.5299210037254 142.913919164779 168.074373517718 37.5620659180852 79.2943707675469 51.9207829846925 80.1736965129382 61.6110741149547 0 188.672158559163 130.101447863457 117.327496846517 169.55030992296 162.384999593099 168.665201822917 0 132.598397609166 98.7702784897179 108.431766315098 127.504646937052 145.866949081421 84.4299467209487 189.333178006686 0 126.846222255541 78.5349349975586 38.2651959033923 169.585151896757 167.259611236915 111.17599837044 189.067153930664 63.0018423033266 136.33412167191 116.343567978489 152.353169903313 41.818471704368 37.930301002658 31.120992592073 159.971703620806 176.956656319754 190.769690990448 184.548584881951 206.732978820801 21.9042687651123 38.0661072295414 43.4295301367244 80.7098631655049 79.0209695004475 93.0991605758667 90.059493119376 92.9341116657964 187.446212768555 138.867131223106 171.094808217641 166.10916355678 181.383274078369 215.240798950195 0 0 205.736519707574 225.295135498047 208.668037414551 0 234.979622977121 219.512725830078 185.704864501953 223.676406860352 214.594466209412 0 175.017623901367 142.861660003662 186.597788492839 182.782224382673 190.757259913853 198.304351806641 167.873329856179 197.436433156331 182.460079486553 192.188926696777 218.365454101563 0 196.017512003581 181.639362335205 182.088468763563 162.928359985352 194.449587504069 221.972265070135 210.320958455404 213.080640792847 199.414723714193 0 195.732056971959 162.339324951172 205.744750976562 187.890026092529 188.73522277832 158.817972183228 192.327404246611 155.994329452515 152.33617316352 190.350199247661 150.648579714591 139.492699714556 155.792104867788 180.611946105957 163.667647196452 208.820302327474 114.929126273412 112.652149981763 140.444727155897 137.085571982644 133.755126645212 122.248195308365 115.53597099223 103.776340440003 125.270990445946 182.644609578451 214.939239501953 0 211.498878479004 192.597603352865 221.40754699707 154.739579162598 154.416881116231 119.44347818347 138.198607964949 191.989214579264 213.473373413086 213.923629760742 213.035009384155 131.698543027151 150.900977385209 115.160721907282 114.92039862415 151.874322703627 149.431765556335 204.18533543178 204.499910481771 188.299273455584 223.819584437779 124.48596736363 205.032109962319 87.2644198966932 79.9185629844665 116.606431945669 0 215.439535522461 118.771778501816 125.530181122946 215.414079938616 198.71677935565 234.238479614258 214.785664876302 221.041333879743 218.741920471191 213.097763061523
187.723425491996 190.297947474888 194.759771619524 194.576954142253 166.467571860866 183.057986059854 190.147074018206 187.788433074951 152.811178588867 181.874710083008 133.155563354492 188.820409051303 91.8949195915926 144.40164899826 134.808006395612 131.20427751069 123.158203492682 126.746915808046 120.446270561563 123.508436949357 141.195667882119 133.698039966002 116.926250017606 122.995570283187 153.445214011452 120.379018271842 127.962228337559 116.091588258743 172.507656144507 179.547262018377 158.534892859826 161.027547765661 168.658136367798 163.08358446757 136.86105455671 0 130.186472039474 134.007420187031 104.547140693665 137.115755818685 84.5893117549973 89.9139181409563 86.9430350735656 109.711983112188 68.1169053815268 132.541848645891 145.469368139903 36.9027483625501 68.4738536377818 58.1807427066055 97.338965044764 100.818844680524 0 187.699278790018 107.83407750623 84.3881187438965 168.419527800187 149.193707185633 146.003300984701 131.944396972656 93.6901053089206 71.4970908304716 68.6608921707669 110.781190830728 101.087653463201 80.5891834409897 168.125710858556 156.095813057639 71.5159606174793 97.2267686291471 63.9120795504407 165.426410980225 135.893826501411 119.993849277496 171.033746114591 25.5012308787153 133.496221381927 112.289196986778 140.380728438094 89.8254867646752 72.4776726615187 77.5773908598307 170.397989034653 183.074766078917 174.371924609673 158.911644714355 170.643133980887 38.0661072295414 20.6684486781697 34.1656681384839 47.3736001914731 86.3748566251028 110.441592567845 103.010625822354 79.4712849288217 160.996447895848 133.980857066619 166.918378493365 145.733357943021 183.868018517127 0 222.308977399554 197.652908325195 221.222683376736 223.085895114475 212.047729492188 0 203.812431335449 0 179.481160481771 0 211.111949573864 190.203025817871 147.118894958496 158.089675267537 184.144004128196 175.249411010742 186.470609467605 197.999979654948 178.923994750977 201.51947593689 180.155376434326 190.61296081543 193.820274353027 210.658037458147 175.759279251099 174.005600873162 177.35909816197 169.128598022461 178.875361689815 219.471403702446 211.667464447021 202.828262329102 217.484497070312 0 205.518208095006 184.592637495561 189.414927164714 205.838665301983 203.457520661531 155.791702270508 188.042869567871 157.087674458822 143.870310544968 161.62893708547 131.199683562569 137.889506918485 151.182054748535 178.157721201579 157.215607580044 201.836502075195 116.906368893762 110.346908818287 145.441023130675 138.178317436805 105.505565359426 149.388725236145 151.449165895761 129.294152054831 142.606306711833 130.980010986328 232.469039916992 204.823089599609 206.341125488281 193.290396881104 182.638262235201 159.996036627354 142.030389663408 109.574067177763 115.741541414179 226.638568115234 217.564926692418 193.986660766602 196.413391113281 113.143266436997 130.908122727516 128.477091887151 122.898499716852 131.642766920569 134.36712103179 214.38708613469 199.612314860026 164.258375341242 200.338636779785 105.912959069917 195.776404303473 101.016790630261 79.097436513143 120.516370065767 219.808097839355 209.820510864258 115.837736610044 121.780374619269 211.779812981101 186.27344640096 193.27433013916 215.998027801514 227.764729817708 215.031239100865 217.827613830566
207.354667663574 204.621841430664 200.258640834263 201.245498657227 191.838226318359 196.660372416178 192.737777709961 219.817024230957 126.283303913317 236.080657958984 0 208.643938337054 54.9596432388806 0 157.984385172526 147.14307487011 126.218194814829 120.852332390679 91.019300630261 120.421911168981 165.869054158529 134.187052193335 114.451765172622 128.449189594814 146.520718044705 115.417840957642 147.135108642578 145.909255981445 181.972065516881 183.213073730469 165.947785441081 158.090179443359 209.726369222005 0 128.833892822266 0 183.077880859375 134.314871493253 163.73734664917 142.702183372096 89.6456389793983 72.6948849487305 78.8707044786877 81.0541400909424 26.4826272719564 108.596490921513 153.92407023112 82.9509885491265 76.1223959957596 26.3316624414683 112.428378917553 105.141687518261 163.178375244141 197.253623962402 143.086225721571 171.192095947266 179.40056402033 132.703277587891 141.952392578125 121.930786132812 146.358104396511 83.8821902527616 69.8388903671202 111.271626507794 79.1172083900088 45.5856316266594 176.289524841309 151.027030944824 82.8924753198672 115.605651406681 87.4127214586413 138.536401062012 119.967229611406 91.2058247513507 241.017761230469 111.038389766918 107.95164423069 89.8190856120996 114.369561393306 92.9247589111328 84.6704360468154 29.3657158163493 158.93005657196 191.836598271909 199.559153747559 158.872420946757 144.62712097168 43.4295301367244 34.1656681384839 13.99679060463 41.3566058006507 102.424605699019 141.479615529378 114.685722351074 83.7111398898177 193.613242255317 111.320977023048 146.229575093587 153.923834228516 183.697030639648 192.613037109375 188.635665893555 0 192.90419514974 201.657712936401 204.420776367188 0 0 0 160.842300415039 181.739658355713 208.151865641276 0 147.853286743164 105.582989374797 154.873995463053 148.788120269775 177.269653930664 194.702407836914 160.042959386652 163.104541015625 146.340311050415 191.430407206217 180.465103149414 193.784174601237 166.304664611816 169.899648030599 160.543180985884 158.311478248009 161.72102689743 201.031614872447 183.350406531132 195.792456886985 185.276718139648 142.390678405762 192.207066853841 166.483713785807 164.76252746582 182.171326637268 182.731013997396 130.200337727865 177.236298370361 136.482674542595 131.195507507324 134.650485992432 116.183644765831 94.0719792138963 106.768651689802 139.691178928722 117.044358407635 180.780665806362 119.125324865548 107.21003929559 129.328635720646 117.871083395822 93.7145097953122 158.686203835227 152.729498944964 144.233201073819 147.044805145264 229.700322469076 228.620844523112 0 213.943903605143 171.875597999209 165.645758056641 126.927446426884 124.370360401391 102.483046357649 65.4172819411718 214.10326058524 203.431638240814 190.07039466271 177.345870074104 102.865615651293 107.994342078847 133.684872826865 128.52604307672 107.827633828006 104.527566412918 188.967288970947 173.402506510417 165.626876831055 174.082328796387 94.5556585051555 169.372110193426 114.841179121525 59.2102577572777 120.969930289413 214.063262939453 241.669097900391 107.568314348728 121.422627655088 189.497229439872 157.680396488735 231.899391174316 214.904425048828 192.378494262695 186.442108154297 202.338116963704
197.695335388184 199.424779891968 213.433975219727 213.684722900391 171.916933464281 170.388381958008 189.487783813477 199.39835357666 137.399360656738 0 174.765899658203 187.471775054932 51.0943039550975 140.959381103516 127.129583765951 108.609835078473 107.998525957689 79.9328405587282 85.9025141887176 83.6429648156893 166.000643412272 134.828991669397 122.51016837226 88.6288703676893 134.46565274839 126.358194765837 110.523382929445 128.277656357864 160.137054319304 186.481850518121 152.398467169868 160.326449076335 146.914220101493 135.848038673401 137.181517028809 106.384620666504 127.86176554362 105.829250877237 60.7152635425541 137.089955449104 84.9944448583266 66.5306550963312 75.9789954748175 79.7620992334368 30.6237294320597 20.5882627888531 149.525611150832 65.891868361451 87.1096245401233 61.0603872470418 118.115571430751 121.993336959624 191.635932922363 186.522270202637 105.635920245831 91.8513025137094 144.92740137736 118.778699347313 134.122835583157 125.04499130249 35.3818467921545 90.3779323075097 70.4091303023167 71.5026425169774 66.9618161658718 49.8269419791891 159.626886084377 140.751582145691 63.1756022370091 114.579325040181 89.9821718608289 135.483775615692 114.221121971968 94.2980241321382 149.758591708015 25.1715554506452 106.056646233363 95.2152180773147 112.161068318254 141.153322219849 101.490963256493 128.89094023869 170.019289447415 176.991946170205 177.3838193076 154.452243003845 160.650746154785 80.7098631655049 47.3736001914731 41.3566058006507 19.6323459669413 107.425973263157 123.567484029134 122.996794240355 83.3148566308875 156.621744525966 120.738801930049 159.249550628662 143.167071384666 158.984036487082 222.107246398926 201.805098215739 221.238311767578 228.102981567383 202.706288114507 214.553718566895 0 182.066020965576 0 210.932418823242 0 193.641823323568 187.449342515734 143.663509144503 102.173483497738 167.313605753581 155.771162033081 160.047881332098 189.635870361328 138.817387952303 161.992283582687 144.978573595891 166.677923202515 200.877495505593 195.387501307896 152.46492767334 175.697169712612 138.243612451068 163.222327096122 149.013943699428 206.386282715616 187.892670818578 192.048361288535 181.734501266479 166.6207144601 180.988104155569 182.30485861642 169.22439956665 170.055853271484 170.444727389612 126.181011390686 182.439820168235 118.181164748796 153.157496948242 184.420246124268 124.72431692956 89.9907853140592 103.814324823045 140.786698999539 111.459755879505 173.509184674519 145.681942832145 137.28038012522 144.616555955675 129.67804099418 97.5037224853516 174.385222862507 168.920146397182 169.245281007555 167.655216046234 235.480682373047 231.112731933594 215.558624267578 221.2339230492 173.392510748529 161.231036846454 114.804351428608 123.96586783727 114.414412992972 66.4774600148201 224.927257258718 202.296710075216 182.591940232265 175.593406507704 110.814327755242 109.929749840968 162.561170206442 156.825400279118 110.193709169237 107.052482365062 184.751145172119 171.196460300022 127.207193102155 177.91498224786 104.147015323928 154.009184820002 138.509661129543 91.2018042301786 144.289223277812 206.531461927626 237.811024983724 120.844480186413 140.096139317898 188.398961209703 174.902461896624 205.41626739502 215.840602673982 192.850965612075 184.179264068604 200.348062515259
146.135590638506 152.666393055635 150.860590315135 148.66672701449 151.252514061561 152.342910671234 135.140922742012 140.796361072954 169.80260848999 143.356826586601 150.307120186942 155.65518913269 111.977116266886 121.732879638672 117.262376819957 117.803641525857 123.466956365676 119.924671234956 135.465783691406 122.757184920772 107.749384138319 121.064872867805 90.5970454773346 96.8278874316847 119.913199615479 104.466388843678 106.718404576398 107.381372724261 147.687189323958 140.88208901169 147.797677491841 134.210182613797 145.617369601601 139.619233131409 105.872712029351 0 120.526065063477 146.673330197389 100.569235907661 116.727158079756 47.1102615930292 62.9924797415733 72.9526610596235 139.15724497828 103.659026781718 112.976637946235 140.991790771484 70.8059242469322 34.1526686676792 78.1225698134478 23.773928761225 45.7083958379379 197.192031860352 103.692887232854 41.9364146545101 30.6170860649249 141.076854281955 115.164090936834 125.327858606974 0 105.86198589325 78.8548639076097 88.9834618764381 100.245306015015 135.908799978403 98.8890172518217 172.072769800822 138.632915496826 109.125788047097 56.4580095626034 64.8241292168112 148.706709132475 166.295736383509 121.443448001391 144.675888998467 85.5013122762588 137.7918388211 143.778111457825 158.063552336259 53.7783212421321 63.3967787009388 62.1195612383318 64.2935494878399 142.909051399231 128.347282727559 137.604318219562 124.606306893485 79.0209695004475 86.3748566251028 102.424605699019 107.425973263157 20.6686543517102 35.1982487120514 37.8166557996761 56.8880864222494 147.16727910723 155.915628433228 120.854890136719 143.656982421875 153.313403736461 229.635429382324 200.652572631836 230.559364318848 213.793817373422 217.462900797526 214.718505859375 0 237.795959472656 219.667938232422 0 0 203.923704964774 205.616714477539 184.491550445557 135.202644348145 151.435127258301 194.031341552734 159.226987566267 0 152.62971496582 186.379097678445 174.999525705973 200.175615946452 185.383773803711 196.034545898438 0 157.756210327148 206.771697998047 0 203.156185150146 219.454208374023 222.499862670898 200.186971664429 197.730425680837 156.533294677734 196.187279837472 203.211532592773 220.102981567383 195.990835374401 186.430605888367 170.567306518555 200.662249247233 172.411580403646 0 207.947278340658 181.883514404297 133.462672840465 108.212758382161 175.6275620894 157.353275744946 197.087214152018 161.179496765137 167.316614151001 0 0 138.732400512695 123.249002309946 122.987678527832 117.82761775272 153.123339891434 203.609044392904 231.798248291016 233.855865478516 212.832443237305 187.956202787512 171.470947265625 148.393794759115 165.47018253102 146.109095255534 126.170578729539 231.724052429199 204.863544464111 190.298866271973 0 157.501759847005 162.938668780857 147.947918891907 166.731739044189 160.307492707905 202.938545227051 197.153279746451 186.799412814054 143.574080834022 162.116668701172 148.476600646973 184.553781236921 128.560763200124 118.837820786696 156.043520515348 211.936828613281 226.179341634115 153.359840965271 149.888623555501 202.785985310872 179.411113194057 219.969512939453 204.979202270508 223.794387817383 217.750579833984 182.402191162109
171.755502929688 186.151268005371 178.637249666102 173.155410766602 177.18314743042 186.588969511144 199.965042114258 171.441916725852 0 191.164646148682 193.504371643066 192.290760713465 0 0 117.985794067383 144.968883220966 165.666915893555 110.387542724609 157.336204528809 0 130.583435058594 118.893746693929 175.689178466797 119.444376627604 129.401214599609 0 220.511413574219 0 181.018515450614 168.656134469169 167.335113525391 170.507717132568 179.107920646667 0 0 0 161.863838195801 182.419825236003 160.852165222168 179.888320922852 78.4880630077959 0 80.8404808044434 134.358936309814 66.5665130615234 131.144191741943 152.631820678711 103.047012329102 67.0857956886291 88.2249244689941 29.3328159476489 34.5756740482802 0 115.785251617432 99.9585215250651 86.5954823493958 170.55938551161 180.454521179199 0 0 121.043287103826 79.2717008590698 120.138262430827 99.4553451538086 170.901531219482 161.188629150391 179.47450764974 0 173.5989818573 25.6251466756438 44.5986895486712 185.031715393066 178.972955322266 160.402926127116 185.069036865234 140.654400634766 165.861033439636 0 179.76789855957 77.249136704665 39.7839019836449 91.9582639058431 110.092782506403 145.748133341471 130.305644989014 153.17239634196 0 93.0991605758667 110.441592567845 141.479615529378 123.567484029134 35.1982487120514 15.6698193233426 33.5156024443378 67.8602696932279 162.23225402832 176.001640319824 129.174831390381 198.078506469727 165.223091125488 0 0 0 217.101028442383 0 195.775482177734 0 0 0 0 0 221.982025146484 0 0 0 0 0 142.304290771484 0 0 197.328155517578 208.422035217285 0 242.635520935059 225.517135620117 0 0 165.216453552246 0 0 0 0 235.551338195801 209.59841410319 0 233.587463378906 0 0 227.724189758301 0 0 215.23657989502 131.772415161133 0 233.411010742188 0 0 0 0 186.232940673828 237.014801025391 0 149.868743896484 0 0 140.987303415934 113.410795630478 113.012754266912 105.694017682757 133.226999803023 134.366653442383 0 0 0 237.266204833984 0 150.675384521484 143.911849975586 0 141.321998596191 0 0 242.941146850586 0 137.158966064453 188.07861328125 121.908992767334 121.148287455241 164.879180908203 0 225.110327148438 215.815280151367 179.5537109375 0 223.132369995117 0 96.2082122166951 142.645576477051 126.778818402972 0 0 192.932291666667 152.729181925456 234.335601806641 0 0 0 0 0 237.867660522461
177.216641845703 181.497942756204 178.524672257273 169.426036071777 169.434945787702 177.124615876571 173.236684163411 169.910808338838 0 179.664443969727 167.228958129883 183.611459619859 150.315895080566 155.18229675293 134.543344671076 128.225485457855 162.575881958008 130.080619282193 152.553180031154 142.256642913818 123.935440063477 131.204856331467 109.299961587657 109.88599275739 139.274271011353 110.996072769165 130.608137675694 129.852992587619 168.059702227193 167.913949012756 162.360223178206 172.15443166097 183.640072162335 163.878265380859 142.158504486084 130.158340454102 144.730561065674 165.959613952637 118.221577167511 129.478487748366 72.5724308577089 97.0479863973764 82.7081330677248 161.381469726562 102.0732421875 128.065320528471 143.113943311903 73.9388570785522 32.2021934929348 110.218563624791 53.1389034289522 62.2541737115684 219.424606323242 188.466760635376 105.17260477278 80.700227820355 163.21958051409 137.077399513938 137.427675519671 0 118.031144928514 47.1627241251711 68.3749296354211 125.574243545532 130.880416870117 126.277877807617 162.370458162748 154.540077209473 129.498797893524 35.9471387504431 64.9538622356596 180.68640944537 182.806087493896 166.038573128837 184.395697699653 95.4420192891901 179.085207621257 0 180.760475852273 75.573171888079 65.1298357844353 61.3684199940075 128.843920158617 172.077245035479 160.880368550618 150.856526471566 154.80286916097 90.059493119376 103.010625822354 114.685722351074 122.996794240355 37.8166557996761 33.5156024443378 16.1806903292031 37.5329517437687 173.823853302002 193.599708557129 193.382241821289 151.946849278041 171.809874101119 240.825897216797 0 0 216.551849365234 188.684097290039 0 0 0 241.197906494141 0 0 215.363911946615 0 0 177.252182006836 0 0 168.420829772949 0 186.123603820801 204.421939849854 184.185678335337 161.084808349609 240.865081787109 0 0 0 0 0 0 0 0 241.824401855469 221.511505126953 0 220.339947509766 0 198.706726074219 222.141717093331 204.739536830357 0 207.598648071289 172.699722290039 0 0 172.42236328125 136.377588272095 159.835457938058 238.92317199707 178.891355572325 223.140075683594 164.357238769531 143.123583475749 158.717361450195 0 145.117442321777 122.449244817098 118.786750793457 105.59769153595 119.355544254698 0 231.568206787109 0 0 205.726402282715 0 191.646626790365 173.383690573952 146.649335861206 142.044382367815 0 0 242.129501342773 0 157.637506103516 159.356387798603 129.970918443468 115.56864560035 182.078737258911 140.287940979004 220.94754246303 209.039651489258 180.303958892822 0 159.354791641235 189.732711791992 95.6991229767495 124.100583757673 125.142710525378 0 0 156.825753916865 151.317321777344 245.339431762695 0 0 246.518295288086 0 0 0
183.171469552176 195.815898895264 187.146062360491 185.585117340088 175.24568977356 177.588233642578 182.805615234375 174.630084767061 200.079177856445 181.211196899414 140.826477050781 186.875347561306 104.78155225118 97.5907646179199 115.880966333243 118.465855772857 133.991184919308 116.900944702817 131.559988469789 123.465378103904 137.97253599621 106.024888709979 86.6889853018301 86.7015248972575 112.529761966339 86.4646575500915 90.3273349613338 122.627731098848 162.918585647771 176.651745882901 142.758281747918 154.173952542819 164.218533077755 137.73048990423 88.9745038660561 96.797917175293 114.856614332933 142.847703753777 91.559274855904 102.570641514245 75.5843650891663 72.2793076702 31.3585412448785 124.276903256503 80.4448384015988 107.45677514051 107.176270230889 70.7332014927919 27.6328847607582 86.8464016047391 69.3799513953073 105.58277507623 176.262977600098 169.919745802879 107.631141662598 95.0717437744141 140.625330230893 102.14960054808 100.81450323965 95.8960718008188 90.0402244827122 40.6026577409053 35.9272423344563 46.21058213756 65.7284126710356 87.8711187362671 141.977286040139 113.93990365561 78.087622833252 65.2483408571147 87.4361866046856 168.881858267435 148.89283657074 133.222326066759 135.626637133923 70.716098533213 159.669242055793 137.001463890076 158.751241340012 114.805209350586 96.8064017295837 131.735746171739 173.03224979435 159.151225315897 155.771738583924 133.360939325806 140.244990757533 92.9341116657964 79.4712849288217 83.7111398898177 83.3148566308875 56.8880864222494 67.8602696932279 37.5329517437687 25.7860002161916 173.202610716528 164.888805934361 180.692497253418 125.627213364656 148.881261524401 0 229.513336181641 230.275192260742 198.358642578125 218.146049499512 234.687576293945 0 0 0 0 0 239.587310791016 174.454467773438 164.42830657959 145.716657198392 163.309466044108 177.009185791016 170.271759033203 218.830103556315 172.094833705736 179.118523406982 175.076308965683 176.164036677434 229.673919677734 211.462290445964 145.962463378906 213.30143737793 177.440494537354 0 161.054893493652 221.586441040039 207.625094943576 218.318688964844 220.302433776855 0 207.704219818115 169.667617797852 151.249649047852 205.546502431234 191.279859270368 155.397195703843 191.804744175502 168.425987243652 182.537063598633 184.33327738444 143.962052790324 115.973867242987 142.305616378784 162.502449838739 150.285379886627 183.80103302002 129.822274446487 126.634701694351 143.938789367676 155.020853042603 113.230955591742 170.981919424874 145.506307983398 152.867785862514 156.077776046026 223.822204589844 241.830993652344 0 228.909434000651 198.386962890625 180.35001373291 152.236237702546 150.169608662923 123.958896536576 104.490725055818 228.589391072591 227.942657470703 217.226936340332 187.579953511556 124.80314630339 134.440114896591 146.889950942993 142.779251745192 134.143692117653 127.241074764367 228.402496337891 196.671363830566 119.97746963501 187.896739959717 122.688356588553 175.882011413574 118.271874957614 98.7285188436508 144.53112411499 0 0 131.302572046567 142.414498564485 216.37043762207 221.510004679362 228.432144165039 0 218.450462341309 0 0
90.8470118472451 149.612785339355 180.339657738095 140.556791452261 31.6121239594077 49.8455407231353 76.3920665878847 154.187518872713 107.716157913208 143.621966275302 84.670539855957 78.5207183459573 200.869041442871 85.0489583157077 80.3168081200641 106.458203191343 130.4683690389 137.627681732178 181.495699201311 124.190948486328 89.2161372258113 90.7934852494553 79.1984725172502 136.94229804145 96.9597837157169 114.433570861816 117.706902353387 90.0028323901476 70.9577642814047 71.0862842686971 24.1229753184859 35.2892814111375 56.6014999279751 45.3027727845315 77.9191173460425 67.5582618713379 56.5977284336442 65.9776869500074 95.5758480369823 111.993764241536 90.3154813991949 115.841606140137 150.662391662598 187.376663208008 126.421226501465 141.364882151286 112.088204037059 132.003717957593 160.15468193503 163.045211791992 157.66889444987 168.24729347229 120.793996429443 106.499547290802 139.058526102702 111.404224577404 59.606386346682 21.5801845536139 76.4978929073253 57.4090111024918 114.749216079712 146.581440419608 136.324053729022 127.383588903091 108.289382470621 187.085289001465 78.3185834441074 113.280381774902 115.118943004631 165.459369770965 160.990070484303 67.8508683939775 70.1209898265037 85.9545887538365 23.8600375601762 134.306050100726 156.943829854329 0 93.2960041046143 0 176.75256652832 178.946649169922 127.087291657403 103.054641184993 105.921264315922 86.9985397443482 49.8325426828294 187.446212768555 160.996447895848 193.613242255317 156.621744525966 147.16727910723 162.23225402832 173.823853302002 173.202610716528 14.9895108558062 77.009370803833 86.3535936724755 75.3766423506702 33.771225227906 180.997543334961 168.224838256836 170.614633178711 168.824148426885 162.814248221261 163.093002319336 0 137.496734619141 155.775047302246 127.837547302246 140.604499816895 169.705357638272 151.520792643229 160.76383972168 168.822677612305 188.024826049805 140.158481174045 206.653816223145 153.844245910645 182.134198869978 156.39943560432 168.495772043864 157.998710632324 155.875259399414 172.458999633789 205.973526000977 142.735582351685 193.942222595215 230.642456054688 195.655597686768 191.17798941476 0 157.71059359037 165.243398666382 0 174.232304382324 159.741414388021 139.217964172363 158.405450439453 153.260695139567 161.482686360677 165.267751693726 167.19665145874 206.659103393555 173.781138828823 210.655184936523 171.553209092882 162.608158111572 166.566876220703 178.844372003729 168.835881551107 219.910789489746 206.971408081055 0 0 180.604496002197 223.18473815918 0 0 246.079238891602 196.115509033203 204.664360046387 0 0 190.089839935303 150.009677886963 182.728931971959 189.972640991211 193.833963012695 165.033142089844 186.60041809082 177.837246704102 0 177.449432373047 202.18128343062 192.219277191162 0 216.426971435547 196.448174109826 162.338417053223 140.262581134665 162.783715929304 162.494026184082 237.277847290039 189.53252772281 132.626464150169 173.867736816406 169.25626373291 217.561448838976 180.545420328776 202.442821155895 207.184405517578 220.017161051432 142.027961730957 115.077624638875 175.446283976237 185.320541381836 142.121643066406 239.178833007812 0
100.956872878536 99.322531266646 92.6106221675873 94.4503810963732 79.3627243041992 78.5084330183349 71.1334909200668 79.7752166748047 21.9314360441673 14.6857191310099 32.4888154526105 60.835061227187 84.5870335388184 0 0 146.712097167969 157.056411743164 182.326721191406 166.992664337158 170.158111572266 90.9090525887229 95.4995526813325 76.7654193242391 0 91.3158020019531 164.527160644531 0 0 81.5563424151877 104.730315559789 76.5062193189349 69.5592239697774 57.1596821300392 104.266288757324 0 0 180.867380777995 112.271654001872 134.421615600586 152.108749389648 116.92144835229 0 0 68.8545696167719 80.6176015646763 123.769739786784 0 180.917358398438 129.828086853027 94.1402213163495 142.611173343658 140.687887558084 83.4071770395551 117.804499435425 124.690349485816 126.766981506348 90.3636741638184 0 0 0 0 151.450121879578 122.786521911621 170.189254760742 165.679973602295 71.3353567480404 100.734284718831 0 139.227719624837 173.30168762207 170.737854003906 30.7898725545381 73.6991967751946 28.9878130504271 132.642822265625 0 23.4813460730516 42.6782875172903 45.6195622326686 125.478837909983 163.619093385461 114.077353899596 137.907169342041 116.749922010634 121.395794587977 96.2568612670898 0 138.867131223106 133.980857066619 111.320977023048 120.738801930049 155.915628433228 176.001640319824 193.599708557129 164.888805934361 77.009370803833 12.4194699301022 42.8707197501853 99.1502996172224 0 124.716353403011 119.461856726444 124.933811519457 124.924543250422 109.938118969953 119.077770446777 132.015041210033 109.354138991412 125.12938293457 80.8076788152306 100.574675099603 117.233574855278 0 0 145.620010375977 0 134.402496337891 0 0 0 98.0232923681086 125.110298156738 107.0537109375 116.431517751593 157.170307922363 98.4961700439453 151.392051696777 217.419479370117 159.619781494141 0 141.249571800232 142.367630004883 99.8728969202632 102.657100544419 139.755527496338 114.061236304206 0 0 100.104823642307 103.652037749419 206.15030670166 114.188074747721 148.646423339844 130.80731455485 131.550436483847 203.547248840332 143.051788330078 153.485610961914 84.7943752973508 152.99488067627 108.872797648112 201.660198974609 211.567068099976 148.350105285645 0 130.21128209432 194.577995300293 166.247173309326 185.534757260923 212.256039268092 170.021329526548 171.727261352539 188.724428812663 143.428217887878 115.686826879328 96.6218948364258 113.463348388672 208.892715454102 221.903091430664 93.2609227498372 157.446690000337 149.049661636353 243.541366577148 118.030792236328 180.551749093192 182.503598531087 207.478572845459 211.581282043457 185.176138559977 179.794052124023 89.400992066218 95.1488787333171 55.0452943267822 136.626983642578 163.094146728516 68.9057221072061 179.314443969727 155.519821166992 210.134789148966 163.230178833008 170.882318579632 188.483086081112 217.017269134521 129.867640177409 67.74241691536 147.87634701199 151.884888076782 112.722354125977 150.929443359375 120.242307662964
51.4128788701252 88.118805290671 89.3549602137203 96.6951711588892 78.5285645304499 94.320657007745 26.2022099778909 60.3936258680663 27.8467121772529 53.3716198152111 72.1331925506592 90.4258430062571 133.01070022583 119.185693740845 124.814008712769 128.590764363607 241.948699951172 0 185.122057596842 216.824981689453 128.861216509784 129.765849373557 93.4955081939697 177.641813278198 164.212333679199 0 139.412151683461 121.730169773102 31.3904165256479 53.89046864743 67.4702239079518 89.4740353961324 96.1335716445211 97.6989974975586 89.5704650878906 0 133.263603210449 120.554551042829 146.768369674683 152.494564056396 114.461158752441 0 167.006703694661 87.494234085083 114.498548808851 166.912704467773 138.578320821126 165.264894247055 167.609186808268 129.733729098706 131.774773684415 142.998430887858 32.9883686532808 36.8541958355106 44.1822545674865 83.5987225194131 61.1095022198026 77.881290435791 150.338888168335 130.477607727051 0 170.565116998508 150.542768690321 136.738392300076 141.322347640991 107.782920328776 88.0035587255506 115.434941609701 150.86598564056 175.071257697211 181.053909301758 76.3042775529154 98.7849640541888 70.7321723937988 100.531681261565 183.541279384068 66.1021057651962 77.9885995047433 89.0193718916533 156.256887753805 175.81930287679 146.112644458639 63.8829303172581 91.5431207314516 117.998465515846 118.312693168377 124.343490600586 171.094808217641 166.918378493365 146.229575093587 159.249550628662 120.854890136719 129.174831390381 193.382241821289 180.692497253418 86.3535936724755 42.8707197501853 15.0823404936198 121.463697433472 70.7403075218201 121.755330315952 165.742240905762 156.069412231445 159.218981616902 154.95565032959 157.570186223739 147.513303120931 77.7757344927107 143.569826761882 110.107374509176 119.960658051247 142.439293745087 0 0 0 0 177.97297668457 161.420135498047 0 203.015518188477 168.239172363281 0 181.660278320312 147.063330841064 162.11381149292 191.411148071289 0 0 0 209.45979309082 211.941986083984 0 148.931143624442 150.376266332773 0 150.44114222671 164.33821105957 0 136.681530671961 144.581488665412 0 183.261601765951 187.798416137695 0 167.819915008545 0 162.292999267578 0 135.69240461077 230.419013977051 190.984664916992 196.905632019043 204.056640625 0 0 188.081329345703 207.618474324544 205.962028503418 179.329856872559 225.772659301758 214.879257202148 188.216908772786 206.033096313477 184.84517288208 144.247338867187 166.782287597656 149.311294555664 220.379280090332 229.818384806315 0 186.925015536222 210.076690673828 0 172.995784759521 233.298553466797 213.657919311523 0 0 209.673820495605 0 141.706268912868 129.22969669249 99.9979678562709 195.192001342773 199.920593261719 117.868869963146 0 0 208.223492940267 236.381622314453 194.537837028503 0 232.007598876953 145.078338623047 112.666619805729 146.466091918945 186.45467376709 187.060554504395 0 0
141.014817751371 139.065999031067 143.500088778409 121.404816182454 101.288647775432 106.507689109215 117.87592976888 156.648951530457 95.3024501800537 126.456657409668 121.564842224121 115.663285659531 0 122.639757792155 109.696437072754 137.414244842529 103.041668265206 136.836285909017 110.528779391585 123.952784946987 51.6517510164906 31.5532171509892 66.2108660600124 100.520021407331 30.4696328936292 68.050150680542 97.5300899269307 112.333717727661 112.579698256504 115.727314090729 28.0221537475749 81.6619867437026 98.6140339614002 86.8746115831825 78.5605883598328 129.200637817383 90.4816325233096 100.672511744499 123.354650324041 68.6461390612418 89.5710850543663 105.273524197665 103.781253354303 96.5857070922852 125.667592366536 140.394751739502 47.9685043016574 161.692970514297 125.514329609118 0 0 196.489161173503 138.367374420166 82.711364541735 202.184600830078 75.8248023986816 18.9158159768911 55.3606198770029 55.4825625869463 120.179131644113 128.474927139282 135.326536086162 109.420045179945 93.5115138244629 113.627887884776 134.574291229248 31.4888128197643 48.1563262245872 127.399597012267 149.642299959029 159.682479858398 101.931497178636 104.004211939678 86.3455799244068 57.4289211142376 136.953597804478 88.0201259613037 94.5066833496094 103.632673041765 0 167.482757568359 0 85.5347829473099 64.0283909956052 43.6808516281504 22.435888111555 37.3243318317439 166.10916355678 145.733357943021 153.923834228516 143.167071384666 143.656982421875 198.078506469727 151.946849278041 125.627213364656 75.3766423506702 99.1502996172224 121.463697433472 13.8092438233254 22.4733560078808 195.342811584473 209.467239379883 174.199890136719 202.239865620931 176.345886230469 184.443935394287 0 193.297805786133 0 0 0 169.954725265503 162.77367401123 0 188.073677062988 0 121.510810852051 148.54280090332 150.448588053385 191.35661315918 141.132253885269 155.007719039917 144.260862731934 138.181299209595 164.60916519165 218.214004516602 125.831924438477 0 0 179.539726257324 190.29313659668 0 157.296211242676 158.049543183425 0 154.089920806885 150.504659016927 125.039410400391 147.664981297084 144.422185262044 204.630844116211 164.635274251302 0 0 167.850315093994 0 167.9625 182.360168457031 131.554321289062 183.504501342773 166.927917480469 0 179.725524902344 209.388519287109 0 219.326400756836 0 229.392860412598 226.55632019043 191.499420166016 204.98760732015 209.474670410156 0 172.650970458984 159.272819519043 154.84990234375 197.895896911621 195.495855712891 0 0 207.456988525391 166.60457611084 185.724899291992 145.89030456543 184.056659698486 193.201605224609 0 0 194.605981445312 0 155.364351654053 142.299595726861 109.900989879261 0 189.620663960775 136.290031433105 207.736404418945 0 0 234.791625976562 208.846252441406 214.395971679688 0 150.568328857422 141.689147949219 0 187.900829315186 166.800277709961 0 187.404627482096
88.4457192169993 199.824310302734 188.21125869751 110.390005111694 18.9529090128175 97.0212906171691 64.9280900682722 147.040989467076 99.2776921590169 0 154.472732543945 140.993671123798 0 89.2244967898807 86.9594751993815 126.02102915446 0 158.030548095703 156.558959960938 158.826126098633 96.3592037249215 77.7050015272292 107.234210274436 112.400852609188 23.8335459397163 0 112.5336132343 98.917109945546 55.0218495665388 51.8375943000245 17.7963006682434 85.8279299418132 107.240504756118 76.3156663513184 81.6973574408169 125.827198028564 94.5652713775635 98.7193864186605 103.81918110567 94.1000160548998 78.711342616388 82.6577377319336 121.938440413702 0 123.685508728027 136.712481689453 29.9090015095277 131.197695612907 169.748382568359 153.211532592773 164.44563293457 170.366438802083 105.558250690329 88.2440958637025 116.339356994629 91.4306317842924 30.5487861999782 48.652543014204 54.9449168706344 110.415968894958 140.33014351981 149.581676153785 127.281127462582 110.170387640232 111.187262530303 0 59.6405795221254 26.5413661312224 121.538377883218 161.684670584542 161.495227520282 143.114049639021 104.726672363281 206.324745178223 38.4489243122169 138.563538551331 93.8341369628906 0 185.751401265462 0 173.946426391602 170.140167236328 111.629739951328 83.2788569762365 96.3576273271338 46.7367322951155 23.9115480814926 181.383274078369 183.868018517127 183.697030639648 158.984036487082 153.313403736461 165.223091125488 171.809874101119 148.881261524401 33.771225227906 0 70.7403075218201 22.4733560078808 14.99305658715 151.610595703125 198.092651367188 0 0 0 161.67724609375 0 0 0 0 0 170.287179129464 0 0 0 0 132.596435546875 0 0 202.333190917969 144.825098673503 134.413955688477 0 187.090065002441 0 0 0 0 0 0 0 0 114.335418701172 191.433093261719 0 180.320332845052 0 0 201.681030273438 165.961517333984 0 0 0 0 201.355392456055 219.388214111328 169.901229858398 0 149.166290283203 191.338366699219 0 0 219.662094116211 0 0 187.616394042969 239.750610351562 0 0 0 0 0 0 227.265319824219 245.121154785156 0 206.5693359375 0 211.555328369141 144.851272583008 0 0 0 247.622467041016 200.025183105469 197.829750754616 0 0 204.118353271484 0 178.403091430664 159.410827636719 0 221.414627075195 188.34008026123 207.730140686035 0 0 235.455535888672 0 223.235290527344 212.30199105399 215.997406005859 0 153.710079193115 0 0 0 0 0
175.216889669729 180.050462805707 176.611477830675 175.23189195536 169.968957519531 167.082277545492 130.840831859692 151.811790466309 132.953249844638 126.380754721792 141.859399423659 165.289188909667 0 200.20246887207 0 212.185447692871 208.786407470703 193.300140380859 176.061325073242 206.127029418945 180.384540557861 167.050436401367 135.443359375 0 0 0 205.474868774414 209.419715881348 179.360781669617 170.321491241455 173.453720092773 149.063145531548 164.259176649489 0 0 0 206.139678955078 190.426508585612 187.41919708252 0 196.27331660344 0 0 212.745277404785 183.262247721354 0 0 0 0 224.354919433594 0 209.451965332031 0 214.165481567383 147.927139282227 201.582107543945 175.909417724609 0 0 0 195.917915344238 205.875839233398 0 0 203.639465332031 0 195.489204406738 0 0 0 236.29810333252 162.038706607506 197.704315185547 126.05412879357 0 0 162.44814102738 144.83903503418 171.826386202299 187.750282287598 222.848974227905 202.106025695801 220.237270154451 214.98540687561 196.567176818848 188.915471394857 0 215.240798950195 0 192.613037109375 222.107246398926 229.635429382324 0 240.825897216797 0 180.997543334961 124.716353403011 121.755330315952 195.342811584473 151.610595703125 17.1267908915174 32.038329038086 26.7637539516697 35.2633351040851 55.9708338340123 57.9657308337449 21.2357948942248 52.4506468401327 30.711239659924 52.8022209704501 53.5900548465052 70.2141200758673 0 0 0 0 0 238.582313537598 213.701583862305 226.893028259277 212.963287353516 202.408203125 0 111.730364608765 139.396822399563 184.772022247314 121.495948791504 175.393943786621 165.041763305664 197.764938354492 30.7298300689179 132.460650513138 87.7401897627423 127.627681489975 0 148.650995401236 0 0 143.063477478027 154.356189727783 177.698315938314 162.190203984578 181.501266479492 104.879898157594 94.8132235504003 162.095965992321 156.115327835083 130.089767456055 181.621770222982 164.417873382568 153.897499084473 192.970199584961 179.823428683811 122.189227199055 136.990028381348 165.625318739149 166.858860964031 145.14177467323 163.353054046631 182.195215078501 119.382964204964 103.228632107672 103.334696419631 39.4545625669167 154.716798305511 0 173.416404724121 188.34992980957 228.748194376628 131.842274983724 107.894551955174 107.289494119564 167.22346496582 148.155136108398 223.472837175642 174.059195518494 168.034594792192 179.411140441895 197.931554158529 208.572998046875 99.967429149 154.638256953313 129.785891215007 162.191323852539 178.724038344163 114.632948647083 176.715044148763 200.835327148438 187.028644561768 104.663599048961 122.710044717761 184.405339754545 179.25029551832 150.030297635207 81.347183920016 45.3223825362125 108.771494239807 118.859708843809 150.583807203505 151.466655608146
175.654635620117 178.786722946167 175.727136294047 172.572049654447 157.972142671284 163.322772166768 152.858750915527 197.589303588867 173.614379882812 151.690141760785 148.58600251571 166.261406760179 151.089561462402 0 205.309036254883 176.846832275391 157.204553222656 171.953423335634 176.133361816406 158.811866760254 159.665217081706 176.254086303711 157.157455444336 183.096557617188 179.764083862305 0 189.217641194661 173.173375701904 0 174.430426320722 149.963704035832 165.642907460531 156.893031135934 0 233.943588256836 0 174.580272674561 171.858055623372 175.952990112305 165.762344360352 174.496386014498 0 209.188451131185 183.959522247314 161.09886932373 189.64111328125 0 191.275360107422 0 167.098693847656 228.078872680664 244.753936767578 0 193.177925109863 0 0 149.309727986654 0 0 0 182.097435506185 192.698364257812 191.870483398438 162.658973693848 185.410720825195 233.43017578125 225.509399414062 0 190.880974324544 227.575729370117 205.605316162109 141.915111463897 177.388081174908 106.098862457275 232.897003173828 191.836251152886 142.137066650391 0 157.238273493449 160.460098266602 0 0 204.697103712294 183.45393371582 193.034093221029 195.619320678711 0 0 222.308977399554 188.635665893555 201.805098215739 200.652572631836 0 0 229.513336181641 168.224838256836 119.461856726444 165.742240905762 209.467239379883 198.092651367188 32.038329038086 19.2169633047272 93.7151756449642 30.0843282325917 28.3230248119948 46.3365701698154 90.0296200200131 89.0342924753825 99.1696697780064 78.7908227920532 61.3978258993773 64.8237273105276 117.858977181571 96.9270840348869 0 98.4575449625651 66.7147617340088 116.684120178223 136.597091674805 126.384347915649 160.912435913086 138.176732381185 0 90.8475454960907 95.8021481979725 79.6042658487956 111.225599500868 181.366872151693 129.196197509766 98.0011449960562 33.2222843215154 22.8421334763728 54.1660770940555 80.667395970178 0 87.6901148784949 0 91.621337890625 97.3810828469016 135.426318740845 103.953170535439 115.199782477485 112.486485019807 98.7807202524953 76.961601445916 146.886071472168 120.459049224854 0 178.706611633301 137.234076727004 117.000799560547 170.676725304645 152.027665530934 118.158453822136 143.647186279297 159.763679504395 156.56474524604 137.028481089741 152.362684461806 173.66185358951 113.841284751892 100.918828047614 103.894478420559 58.6644187912591 86.6100871562958 144.988740539551 117.532299981601 135.902951871432 144.519527117411 161.481516520182 96.8843879821712 78.601387684329 96.7722174603006 134.499471028646 141.827908912072 119.997273553038 160.158944821825 183.028470039368 143.062575063398 129.505763053894 71.374730310942 128.191571749174 126.330920537313 80.4969838786329 129.456471534292 93.3320382159689 173.381628417969 137.946914672852 182.53874319571 88.7682890372701 114.911574404897 152.874256454896 167.312394794665 52.1127253961653 84.0305214443722 63.4737520723774 92.095092568246 69.1566051810128 43.3848764589517 108.224283451937
152.837183556906 136.533889659759 69.5716569602988 76.5755389247024 163.516108748936 147.466912047008 152.160999679565 164.472954374371 128.893932342529 138.434426116943 145.041809943415 154.479332730046 0 0 0 161.919036865234 179.17951965332 171.720504760742 0 233.141525268555 175.030583953857 192.983390808105 201.80647277832 0 185.526901245117 0 0 246.142608642578 177.153025309245 176.803431567024 165.710615612212 147.395829200745 164.612070734361 140.700607299805 0 0 0 183.954600941051 0 0 159.804739634196 0 0 182.525779724121 0 0 0 219.472686767578 0 0 181.222518920898 237.903678894043 159.634033203125 199.716045379639 214.79076385498 202.196645100911 171.309727478027 0 0 0 0 0 0 0 0 0 199.42048034668 0 0 201.334655761719 0 145.252570450672 179.925109199856 133.688962936401 163.423858642578 0 141.448573372581 0 165.225512362075 0 239.255706787109 188.769195556641 206.060883502571 188.934605734689 196.926401923685 172.202333722796 0 0 197.652908325195 0 221.238311767578 230.559364318848 0 0 230.275192260742 170.614633178711 124.933811519457 156.069412231445 174.199890136719 0 26.7637539516697 93.7151756449642 12.983191513593 27.0763870909015 119.773008199838 22.8015957166692 22.9426458159818 69.8251923455132 19.6944728117376 66.0980046830087 55.5863285007073 72.2280445769933 0 0 0 231.351440429688 0 230.854293823242 0 0 0 0 0 120.897876262665 146.50929329612 0 130.017051696777 199.816833496094 0 0 89.8874318898403 171.869641780853 130.494095819647 152.023169004 0 182.117722647531 0 0 180.066860961914 169.897312164307 240.539245605469 167.260342407227 221.332160949707 114.479417283656 99.6871615753871 141.586336408343 0 0 0 0 167.423099517822 209.19755859375 195.607875061035 129.52900010261 151.144940694173 0 174.215870704971 153.73678446683 170.475197287167 188.963863475903 132.820625362325 121.612215701017 124.191624405639 88.3962459451125 168.277243720161 0 221.595962524414 227.499725341797 218.541976928711 142.95703125 117.298373418357 111.588476900195 169.876800537109 150.255920410156 225.498574393136 202.378340287642 174.858574474559 183.842261936354 220.05744934082 232.310417175293 112.582228532478 238.425498962402 151.729315185547 166.909803217108 184.242538452148 146.074685316819 185.431396484375 203.296783447266 197.640499246532 107.786455193344 133.247779581894 189.721842447917 183.721739933409 176.740383572049 96.4064437614 77.6936553793654 110.84286853806 116.799722099304 147.062705993652 165.561352816495
178.397357141548 177.466138825867 178.505435519748 171.984512296427 162.387645699637 167.303457841949 157.524626001135 173.010277719209 171.791228554466 139.538251533937 144.934003369159 167.005869102693 187.159016927083 0 141.407363891602 170.119720458984 210.273872375488 184.2421875 173.83676317003 183.903844197591 190.793535359701 184.323759765625 138.746170043945 0 215.663818359375 0 0 150.936492919922 192.866943740845 172.653604228127 162.592212931315 144.378690378289 157.791359680176 180.407521565755 0 0 181.100315093994 180.257188951647 0 0 186.956926413143 0 0 192.746682303292 238.55256652832 198.023658752441 0 229.854152679443 0 181.675771077474 225.836669921875 208.602484130859 200.772903442383 203.603316768523 215.025777643377 203.681448129507 172.065103418687 141.988616943359 0 0 170.800842285156 187.383781433105 0 0 0 0 216.985358743107 0 186.928279876709 200.977981567383 194.6357421875 145.033291539138 167.21787693626 131.878257057884 166.820650373186 0 137.794847696769 168.796035766602 156.958706422836 228.467872619629 195.577209472656 188.764363606771 212.889998771049 203.341393583564 201.057965596517 198.855746061906 237.829727172852 205.736519707574 221.222683376736 192.90419514974 228.102981567383 213.793817373422 217.101028442383 216.551849365234 198.358642578125 168.824148426885 124.924543250422 159.218981616902 202.239865620931 0 35.2633351040851 30.0843282325917 27.0763870909015 18.4421227703991 27.9822879409025 35.4608620708889 66.6665416287992 85.979774773839 48.559378260407 91.4493820333035 82.911797322018 73.8298012677101 0 156.363891601562 0 0 166.418884277344 112.552444458008 0 0 173.483306884766 140.269012451172 221.312545776367 120.067930675688 118.883980981235 171.698860168457 159.352003309462 199.946769714355 0 175.905319213867 75.1042055992911 148.013771507957 97.9396082658034 117.703084274377 0 167.074089050293 219.307098388672 188.459609985352 154.495620727539 187.764307022095 166.791553497314 147.654454231262 149.505299886068 113.896755568835 97.4217173895299 169.364624023438 143.982452392578 0 166.089462280273 237.365173339844 162.252655029297 196.85986328125 202.501783447266 131.65211303849 156.110954284668 199.559514363607 173.065132052399 155.003607591901 165.853916334069 188.811421082083 134.020306498892 119.631616122286 123.886631965637 78.7325496250071 164.418061715585 0 0 219.782752990723 200.237360174006 196.206672668457 117.220543420791 105.623034501509 178.169881184896 181.955017089844 234.667802598741 197.886949062347 175.483374543242 187.070215736947 221.013429641724 0 90.8675026562279 180.665758132935 155.253090198223 165.697709569391 177.026412963867 143.683850133142 197.260673522949 175.880165100098 196.972578891488 108.017375125161 132.48554960863 189.664436340332 181.848337675396 169.008473989126 91.5593297958374 74.9932244570422 110.293284486905 96.8465776237652 129.5563331604 152.359774519758
174.218483664773 167.875104675293 169.784229278564 168.346366450472 153.832478022171 161.601949967678 155.385144160344 169.54970296224 179.716690063477 143.436585835048 142.021020208086 158.741152660854 163.155385335286 0 195.006015777588 179.420532735189 174.648766910329 174.123418471392 168.465596787473 179.407018025716 161.100799560547 181.911904335022 133.207061767578 198.635202407837 0 0 181.409350077311 174.133487312161 170.06403023856 165.964912414551 151.980321884155 152.61345963251 149.216725614882 148.418426513672 151.476104736328 0 150.012663947211 167.326528743822 175.930289419074 0 179.839834890058 0 201.271208329634 154.17738087972 178.726261901855 183.488972003643 149.192916870117 199.617451259068 0 179.401880900065 0 223.424537658691 0 204.4697265625 201.083203125 185.030261993408 166.455380526456 0 152.497207641602 0 179.687350042935 214.828346252441 200.97060139974 181.969942728678 194.683013916016 0 181.62255859375 0 195.205578452662 0 189.660797119141 136.602075591342 158.293093327114 105.477211952209 196.781021118164 203.100420270647 132.122926752618 0 146.282098897298 0 225.155735015869 204.56893157959 200.330921630859 186.048726250144 191.310596466064 162.344510759626 0 225.295135498047 223.085895114475 201.657712936401 202.706288114507 217.462900797526 0 188.684097290039 218.146049499512 162.814248221261 109.938118969953 154.95565032959 176.345886230469 0 55.9708338340123 28.3230248119948 119.773008199838 27.9822879409025 13.4614471965145 32.5198388937976 105.677589170394 91.1735967000325 104.006035308838 93.1605672836304 49.4666814620678 55.293813766417 78.3014183044434 97.8647978901863 0 106.884448369344 80.5849380493164 101.568594190809 139.861200968424 132.931997445913 152.178173700968 134.806334601508 194.683039347331 87.5623257164677 96.5687618118888 102.948619549091 94.2437391916911 138.780872768826 209.338958740234 117.347502746582 53.9559252440884 28.8091582277376 33.6387588750914 70.9193528265868 122.361928304036 70.0532235370385 179.627941131592 85.0332336425781 79.555408712019 104.833854675293 106.888082294795 111.669995825631 113.033134684843 106.271386327822 84.137053343416 148.331950847919 183.175689697266 112.26634979248 139.532068040636 131.510530170641 126.235814073351 179.142493669377 157.241679057816 127.569139071873 200.287124633789 148.748222351074 169.378772583008 148.229157539263 143.094408035278 181.288399124146 129.510071678767 111.652935824551 117.350659938458 73.2691063528578 57.9839007059733 110.898850123088 113.241846477284 148.999696731567 148.943811451305 133.323004828559 108.082842041663 85.2059782260635 103.835913340251 122.847513471331 138.524190824326 120.341945254926 177.928436642601 175.544302846871 147.894269099001 138.086754307602 66.1530291654062 112.224801680621 112.834493926077 62.1976322911894 129.174847737297 87.9392224362022 183.72617594401 160.677062988281 183.614770777085 94.5206936195248 124.29191088122 148.549050044651 170.846813746861 30.550820162838 76.2411351733737 75.7171646647476 97.9922846685057 80.3336704344976 51.5693754223286 101.485001584317
171.73066613613 174.704545265387 174.36744870575 168.553435243993 158.055058135083 163.138525559852 149.999690246582 162.230551380222 154.880313035918 132.883971352067 140.716189618469 162.66188958449 181.08381652832 153.60302734375 191.269104003906 0 182.424822489421 177.723345947266 168.935147966657 181.157943725586 185.253134833442 193.508366902669 152.460647583008 186.870635986328 0 0 220.543510437012 179.107465108236 180.399449781938 167.408128077882 158.656511659975 139.679789210475 155.534255748684 172.077545166016 0 0 152.295953369141 163.708824920654 181.160313924154 0 186.046327457872 0 0 152.611069997152 170.831213378906 191.146016438802 186.896957397461 227.097407023112 0 185.756219482422 225.027102152507 216.246980939593 196.537152099609 200.499980381557 221.402346293132 201.533168792725 168.80437664653 0 225.088485717773 0 179.087280273438 239.25163269043 205.483535766602 0 185.995697021484 0 196.959192911784 0 195.819000244141 191.721277872721 199.750152587891 139.483537820669 165.715293024627 122.990353175572 231.56330871582 208.573840332031 131.916207960436 141.464065551758 146.961641193908 177.789260864258 201.443054199219 201.871487426758 207.30303640584 195.458258935961 207.431968875048 202.755564970129 0 208.668037414551 212.047729492188 204.420776367188 214.553718566895 214.718505859375 195.775482177734 0 234.687576293945 163.093002319336 119.077770446777 157.570186223739 184.443935394287 161.67724609375 57.9657308337449 46.3365701698154 22.8015957166692 35.4608620708889 32.5198388937976 17.8611128511827 48.9941150454718 72.1865263858084 24.3906825548796 49.7065747494168 16.9083892324071 20.8372406796616 152.440338134766 131.134843444824 0 0 0 178.570890426636 199.847442626953 168.418329238892 140.2692527771 0 0 96.6686525091019 110.239475820548 123.635787963867 149.682211303711 165.973546346029 0 116.08821105957 68.9106412564889 115.02599787308 24.0033773116555 77.3126202150772 0 76.7276436876895 0 0 100.344636986055 151.286890366498 126.412789997302 123.043829345703 139.537020365397 120.212199598743 94.316261038709 172.889579772949 152.828887939453 0 180.241000366211 143.31946182251 151.252627497134 213.347142999822 170.835085449219 139.060002568942 181.534641265869 191.63907623291 177.021836875142 155.568620662878 175.725380452474 188.574480692546 138.294802205546 127.205231114438 126.743598294545 86.3113913935498 58.5260059158237 157.267158508301 112.117054167248 158.998137432596 190.930168151855 168.342971801758 120.107677573197 114.786020785947 138.801661578092 158.528247833252 209.888693915473 142.010327500563 179.928422898513 182.375292691317 185.711013793945 141.47629292806 79.3311922646268 123.073628425598 142.583655766078 156.046709161056 141.12990001922 105.005756667166 196.125893729074 199.676467895508 200.45386505127 106.893271488426 136.036320498316 164.426103545398 182.794609614781 100.717878452369 82.3589880798436 82.2219595469541 109.753478319948 97.329492541327 129.548810323079 114.555154734644
178.75129699707 180.587844848633 185.17772376019 169.422052001953 165.541978624132 169.514325459798 135.048463609484 174.328956604004 108.842185974121 132.044501809513 147.289172172546 168.860750111227 0 0 226.778442382812 0 0 0 0 0 0 0 0 0 0 0 0 161.899185180664 151.377910614014 184.184145413912 164.125366210938 156.193606058757 165.34587097168 0 0 0 0 218.12776184082 0 0 204.361793518066 0 0 225.31852722168 0 0 0 0 0 173.382385253906 0 0 0 203.082611083984 0 0 165.519104003906 0 0 0 0 0 0 0 0 0 198.91389465332 0 0 179.973114013672 0 162.698161405676 194.09147644043 138.082977294922 0 0 127.705383300781 0 177.01852077908 0 0 0 214.136184692383 229.122845458984 184.732940673828 194.995056152344 0 0 0 0 0 0 0 0 0 0 132.015041210033 147.513303120931 0 0 21.2357948942248 90.0296200200131 22.9426458159818 66.6665416287992 105.677589170394 48.9941150454718 11.5427606977213 12.4298897238245 19.4465000519032 33.8940738124567 41.789914225496 54.7772798393189 0 0 0 0 0 0 0 0 0 0 0 112.843193054199 126.905670166016 0 0 0 0 0 105.51197458903 149.791280110677 81.783814239502 109.889307657878 0 178.730096435547 0 0 169.200787862142 160.92497253418 0 132.901473999023 0 107.989029549264 96.1783676147461 207.692855834961 115.636543273926 0 0 0 203.14501953125 150.59912109375 228.439590454102 127.780240885417 0 179.734886169434 160.787461853027 145.602709350586 148.411987304688 181.066721598307 120.807835305384 109.261319937826 107.002108808424 80.1778605607535 133.262725830078 0 0 155.631896972656 244.699752807617 0 107.333487427753 102.412389654862 137.433067321777 0 224.020477294922 150.840118408203 169.88848697438 178.580455780029 0 0 72.5081328720343 132.187881469727 134.911685943604 186.879623413086 237.616134643555 84.426448059082 0 0 203.197626749674 98.7484292984009 121.252313927759 177.833755493164 185.155001322428 158.192003250122 74.118561031749 30.9584163325551 110.095015953327 0 0 173.475151062012
151.842821393694 164.831558651394 164.372584025065 153.33690071106 151.052559988839 165.658704024095 113.208247937654 136.097066497803 106.867451985677 101.921755608092 118.135582663796 147.875391750801 121.841217041016 127.037141799927 131.788034439087 118.646442837185 119.750745333158 119.213600158691 129.183321634928 115.808373006185 169.651260375977 174.058959960938 143.178985595703 0 0 0 155.461227416992 144.427317301432 135.038360595703 139.222776624891 199.84619140625 133.689406077067 154.575009765625 0 0 0 125.211720784505 138.714807891846 134.651966094971 0 168.636638641357 0 0 111.67761654324 0 134.096269880022 0 172.098201751709 0 223.62956237793 191.558441162109 201.650033133371 0 206.249046325684 198.197845458984 0 0 0 0 0 142.321884155273 176.222671508789 201.810882568359 0 0 0 0 0 195.558965047201 242.896728515625 204.751174926758 137.361622550271 132.968237625925 83.491468556722 0 167.289978027344 126.949816385905 89.9458084106445 125.319877624512 202.305592854818 217.455688476562 205.851943969727 198.779556274414 198.441430664062 205.664154052734 163.211345672607 0 234.979622977121 203.812431335449 0 182.066020965576 237.795959472656 0 0 0 137.496734619141 109.354138991412 77.7757344927107 193.297805786133 0 52.4506468401327 89.0342924753825 69.8251923455132 85.979774773839 91.1735967000325 72.1865263858084 12.4298897238245 9.40397511260268 25.51697230146 20.6024911154272 50.6522639424334 70.6314705368931 0 155.307876586914 99.341739654541 0 0 0 0 100.273803710938 142.714784240723 123.819424947103 0 100.07399597168 111.287936123935 123.584671020508 121.880844116211 0 163.630722045898 0 109.398935217606 106.684739112854 72.5772680302256 71.9575895297747 0 85.5953895568848 0 0 90.6023494720459 0 90.7483062744141 83.108814239502 131.198669433594 115.214626312256 114.915770212809 150.576556396484 90.2836053862826 72.4234476089478 66.775755405426 119.648008412328 204.956695556641 195.141403198242 151.525314331055 127.455169677734 190.090240478516 108.304676892286 161.704165739172 160.233238220215 147.801010690084 173.936637878418 96.7933201213459 101.186047215616 50.5908893108368 81.0423021431429 62.890118598938 169.121444702148 0 154.845389472114 137.313873291016 86.5569806454787 116.011444540585 99.4501775105794 175.044158935547 210.096435546875 0 170.947278703962 186.13014831543 182.385597229004 131.115972300045 153.887275695801 57.6518837755377 65.9326061558079 56.9237386482197 143.381397247314 126.784730911255 48.7127030227602 126.471094195352 118.352314076525 144.836956317608 140.237272262573 111.94990518358 146.2906121148 159.669884575738 95.5921300252279 27.4753450491841 21.0460435519668 112.804723103841 127.053938293457 0 109.30214037214
176.764405470628 173.596786499023 177.694567512063 174.855815540661 160.521212542499 165.451170148641 138.828446252005 153.926169451545 126.82418568929 131.648277041787 142.866314951579 166.077624320984 0 0 0 0 0 0 167.665992736816 0 232.286041259766 205.89627456665 0 0 0 0 0 0 160.361968994141 188.610450236003 187.940388270787 144.504822178891 164.720703125 242.181106567383 0 0 0 158.212773640951 0 0 195.884919484456 0 0 153.641204833984 0 208.408798217773 0 0 0 184.913589477539 235.93083190918 0 0 174.57666015625 0 194.17756652832 172.657676696777 0 0 0 0 224.975372314453 0 0 0 0 0 0 0 0 0 145.354827575684 164.81284223284 98.8783226013184 0 240.118515014648 137.51804460798 0 156.322061326769 0 0 192.951354980469 210.807624816895 213.709851074219 218.93132019043 226.624683380127 0 219.512725830078 0 0 0 219.667938232422 0 241.197906494141 0 155.775047302246 125.12938293457 143.569826761882 0 0 30.711239659924 99.1696697780064 19.6944728117376 48.559378260407 104.006035308838 24.3906825548796 19.4465000519032 25.51697230146 13.6544008717049 25.5525819345311 18.6788669215031 44.027985173365 0 0 0 0 0 0 0 0 0 0 0 116.164593505859 131.001218159993 0 141.911148071289 0 0 0 106.547093110926 158.960899353027 67.7507292032242 108.847159645774 0 152.572673797607 0 0 118.712665557861 0 0 205.150894165039 0 114.322329929897 102.263643579576 174.971645355225 123.502853393555 136.157943725586 0 163.655975341797 0 201.572250366211 168.880874633789 132.464446123909 0 168.596069335938 181.37516784668 152.367928077435 159.379013061523 185.397773742676 132.505550030581 117.293450511586 119.370686487718 92.6982986799633 0 0 0 0 0 123.554481506348 118.131144894494 124.660964420864 0 0 0 226.31483968099 175.295270284017 189.38899230957 0 217.751876831055 66.17601736268 151.702275594076 108.670886448451 159.384183247884 0 97.5386776171233 205.783615112305 0 208.337371826172 110.543317522321 133.341065361386 193.767776489258 171.777397155762 175.997379302979 75.4630801956375 49.8806259760293 114.517205315667 136.733123779297 167.213813781738 195.871864318848
134.811842466656 140.129205865375 137.216363940323 135.362853206805 125.94339703499 130.368765388101 106.459654751946 115.691540082296 112.644541226901 94.4045807520549 107.532539663644 126.787558682287 212.191497802734 0 0 169.713790893555 0 0 134.289560317993 0 222.630193074544 167.286191940308 135.370819091797 0 0 0 0 0 158.867443084717 133.635619572231 131.038348388672 120.703301565988 124.929717844183 130.747299194336 0 0 149.114715576172 146.836393083845 0 0 168.510404314314 0 0 122.242881774902 0 0 0 200.403366088867 0 156.417108535767 0 178.11279296875 180.198043823242 192.167572021484 214.186014811198 152.303207397461 154.896479288737 0 0 0 0 207.173273722331 0 0 0 0 165.829147338867 0 172.710586547852 0 0 105.358695491668 146.869291687012 73.239751962515 0 194.975158691406 107.352174377441 0 120.617184174366 179.268707275391 0 0 186.339910234724 176.710929870605 182.116369628906 185.90684967041 0 185.704864501953 179.481160481771 160.842300415039 210.932418823242 0 0 0 0 127.837547302246 80.8076788152306 110.107374509176 0 0 52.8022209704501 78.7908227920532 66.0980046830087 91.4493820333035 93.1605672836304 49.7065747494168 33.8940738124567 20.6024911154272 25.5525819345311 11.9224109140411 19.9107480745765 44.8992772133219 0 0 0 0 0 0 0 0 134.925659179688 0 0 80.503901163737 117.11575088501 60.3319282531738 53.7592239379883 0 0 0 106.239922659738 108.197647094727 59.2843524306568 87.5143648783366 0 86.0849901835124 0 0 101.858110809326 0 100.959625244141 85.5399551391602 117.487668355306 112.987390136719 121.330693986681 0 119.807542800903 0 118.969609578451 123.361602783203 117.008499145508 0 139.120788574219 149.473808288574 0 136.03632245745 142.664775848389 134.143412780762 174.097015380859 191.819862365723 112.785835612904 105.731610717773 71.7762580178001 91.6979316213857 0 0 0 139.671493530273 0 122.441943359375 112.338814020157 98.7048873901367 196.099090576172 0 0 145.623245239258 177.760452270508 138.41535949707 0 0 35.3211904522562 93.1653124491374 96.906690120697 0 143.973598480225 64.0569860524145 128.954727172852 0 164.245843505859 118.655858357747 120.754511413574 154.44753112793 153.070358276367 113.284286499023 31.9103764701363 39.4793925347013 120.206630706787 137.083206176758 0 242.07878112793
153.054262161255 160.48508022993 161.769301936312 152.924592104825 140.50924811929 146.090251082081 131.580414009094 140.185326819326 136.797919533469 115.462726537329 126.878675831689 147.417757764939 0 0 0 180.765426635742 133.080360412598 0 197.899108886719 164.138381958008 163.64387512207 137.205978393555 0 0 0 0 0 0 166.920327080621 147.098830618509 147.853034973145 123.155719333225 137.462786336583 0 0 0 0 154.50170135498 248.307586669922 0 185.731852213542 0 0 187.452682495117 173.432734171549 0 0 0 0 161.179692586263 0 0 0 179.42473449707 0 168.478790283203 155.44938659668 0 0 0 0 0 0 0 0 0 235.070220947266 0 232.530670166016 0 188.039962768555 124.175947815407 157.560315813337 88.6764212898586 0 0 118.615274429321 0 133.246933978537 0 238.264297485352 149.75227355957 200.569364659926 206.065904744466 180.995379130046 197.147030639648 0 223.676406860352 0 181.739658355713 0 0 0 0 0 140.604499816895 100.574675099603 119.960658051247 0 0 53.5900548465052 61.3978258993773 55.5863285007073 82.911797322018 49.4666814620678 16.9083892324071 41.789914225496 50.6522639424334 18.6788669215031 19.9107480745765 8.49634187182404 22.5876715707797 0 0 0 0 0 0 0 148.116195678711 0 0 0 94.7956190842849 103.387877570258 0 0 0 0 0 117.136132326993 130.116146087646 66.6778077908925 93.4657185994662 0 117.777362823486 0 0 97.6442672729492 125.048843383789 94.9108505249023 76.6955184936523 0 103.717020670573 93.032139805385 144.747146606445 137.951309204102 0 109.597995758057 111.740430196126 87.4359436035156 0 0 145.251945495605 0 162.35471089681 0 163.591735839844 164.883209228516 190.627692086356 139.66411512326 126.760929743449 106.057185323615 99.3060337305069 190.126426696777 0 0 0 0 133.880424499512 124.231362794575 133.261241149902 193.488525390625 0 0 137.936965942383 197.413920084635 223.915603637695 186.075988769531 0 20.0099061389143 107.702287462023 95.9423933029175 70.63427734375 183.017288208008 46.5330087928211 169.475326538086 0 196.587331136068 108.559677124023 137.401459433816 212.003383636475 210.488845825195 144.404796600342 46.9444423493108 61.6929973269004 130.018646240234 99.0897064208984 0 91.0386047363281
169.156928985958 170.460155777942 171.198849403357 165.220094329834 155.862518138131 160.238167935691 147.296788509075 162.836056361123 158.73886962164 133.055490364367 138.831384410377 159.589156875645 162.349873860677 0 192.286655426025 183.828866577148 140.353907498446 181.805616378784 152.478955586751 163.733661651611 167.763009134928 172.003331306653 144.768598556519 160.615188598633 159.360900878906 0 187.740447998047 176.254179636637 177.331049601237 164.089126937691 156.285477985035 139.413723888293 149.96135005084 156.729811350505 139.982147216797 152.986343383789 141.933838844299 152.647381535283 190.648832048689 158.15852355957 177.655050825365 0 215.104502360026 139.117838079279 184.964813232422 192.738659667969 154.197219848633 219.789649963379 216.39323425293 185.882729270241 218.388689313616 218.598727416992 184.977951049805 190.37985820155 194.576897254357 189.34417046441 169.316576276507 174.00617980957 154.513977050781 0 187.861425226385 198.002629597982 0 170.090632120768 173.46142578125 170.460250854492 199.234447479248 0 192.385462834285 0 171.036753336589 131.555296316322 145.852179820721 101.69093212183 181.959513346354 204.46174621582 124.502209242 133.922380447388 141.475315890266 157.232536315918 221.620287214007 194.419549942017 201.970199961721 194.613155854054 196.526522772653 185.570042271768 0 214.594466209412 211.111949573864 208.151865641276 193.641823323568 203.923704964774 221.982025146484 215.363911946615 239.587310791016 169.705357638272 117.233574855278 142.439293745087 169.954725265503 170.287179129464 70.2141200758673 64.8237273105276 72.2280445769933 73.8298012677101 55.293813766417 20.8372406796616 54.7772798393189 70.6314705368931 44.027985173365 44.8992772133219 22.5876715707797 13.3688387560723 178.528366088867 106.468643188477 91.7878532409668 173.331127166748 0 84.3422012329102 138.726806640625 91.4576274326869 103.785529327393 136.45583597819 0 98.258578429351 110.209287221453 108.300487518311 95.3691099257696 147.456729888916 229.550720214844 185.937174479167 85.6660153405708 121.292462842218 22.6311374133929 45.1769020328229 0 61.2049477426268 153.348892211914 100.271324157715 60.7972145375822 118.083384394646 117.970998764038 112.153840089456 123.989962259928 126.045186298649 102.856446236704 150.48989982605 133.968852996826 83.9716148376465 101.360869543893 106.517316818237 128.608331533579 194.529107411702 173.158830915179 141.264758059853 165.048095703125 159.090087890625 181.358030257686 165.621300619157 172.723108927409 199.181381919167 144.489390577291 136.696507791835 127.161258118062 99.913107448154 84.286809314381 101.549259185791 99.7105041503906 149.643848419189 182.749730890447 124.343435287476 127.204105841976 113.020033700126 150.019700857309 106.417087554932 174.47728729248 135.842811991374 178.633307621397 181.289178466797 135.545284748077 124.830556869507 39.6834128743811 66.2363866990612 84.0072513258601 157.505858379862 127.317737184722 61.8494800987244 176.175009409587 199.710563659668 194.22225013146 114.086473234407 141.263328480271 156.393940395779 176.11004771357 88.3702668356239 65.2538074408637 83.3067395631005 120.673749947254 101.290553068503 146.122518366033 112.72017932329
0 205.548095703125 0 153.771118164062 0 152.604064941406 0 223.43864440918 0 0 0 156.352523803711 148.426345825195 126.852900028229 117.884708673182 121.982836209811 127.395991605871 125.508856007751 127.497663260795 117.218024439091 117.906081063407 135.574894714355 121.80445098877 160.861216227214 137.203308105469 0 139.611098153251 160.134350367955 0 0 147.976715087891 138.541381835938 144.284138679504 143.782021658761 125.98521543804 0 121.548443720891 132.400230407715 145.983723958333 125.591256035699 141.143419119028 0 172.527567545573 116.085241552902 144.476638793945 177.630264282227 128.320441436768 180.348487854004 0 171.433395385742 189.393005371094 0 0 0 181.245574951172 0 154.959259033203 120.05778503418 124.902605329241 0 146.805694580078 193.877212524414 168.359375 150.264007568359 141.700798034668 0 0 140.511108398438 163.77939860026 191.07356262207 161.703231811523 143.146911621094 134.914434923444 84.9610426161024 143.586736043294 166.295618693034 107.493620736258 114.982566833496 127.214885530018 0 0 0 180.009275817871 186.745079040527 179.213475545247 163.09389604841 162.101654052734 0 190.203025817871 0 187.449342515734 205.616714477539 0 0 174.454467773438 151.520792643229 0 0 162.77367401123 0 0 117.858977181571 0 0 78.3014183044434 152.440338134766 0 0 0 0 0 178.528366088867 17.6728674545299 17.1901906504358 128.896835327148 19.890499092252 37.2886818365775 56.7105913823194 24.1296891315114 81.9195237410696 83.5745550252623 87.4892382954442 59.349645288367 79.589166592329 105.586572647095 60.7698658213896 51.9420498923252 52.4448922498511 54.8467412496868 23.2252876978543 108.778380143015 87.6191654205322 0 113.910184224447 49.5921564233714 68.2534531660943 20.565798612035 22.0205454717763 104.058955192566 67.0349873184999 68.8075257081252 42.0713241515621 65.2906619787216 91.2304959978376 74.8024683941852 78.7941844564089 135.430557250977 0 99.677138264974 122.960207770852 59.7274457634269 129.796660811813 129.632829393659 96.1021105448405 101.002830505371 0 160.447692871094 144.716461181641 0 152.162668863932 0 153.917510986328 168.261352539062 109.636202494303 62.3970060276806 37.3073751189062 94.5487335205078 67.5009754506787 92.9774121284485 159.875061035156 142.778905232747 121.154554887251 76.9403011745877 62.7806175275781 102.501846313477 79.0934001983158 138.671873728434 146.594451268514 124.646027304909 0 228.972015380859 105.916811806815 70.0341286292443 65.8752620094701 103.550135803223 54.3877201080322 0 117.507446289062 165.887542724609 110.89892578125 157.797500610352 149.293616703578 112.786182403564 87.1881485833062 0 0 115.534123011998 74.8699378967285 112.35040473938 79.6254719325474
0 0 0 0 188.058990478516 200.555236816406 0 0 0 0 0 0 106.566968378031 113.043309475513 109.780926798726 114.49117378665 128.05676539739 110.643760464796 115.421404779782 116.934622536243 116.312728881836 165.747611999512 95.9296455383301 150.955930709839 110.266296386719 0 120.906159130495 113.301590733558 157.638595581055 224.986404418945 145.684677124023 0 136.674625396729 185.077651977539 113.042131864108 91.9921112060547 137.519347635905 135.534962811048 113.861782761871 117.431840419769 134.338624087247 113.239505767822 171.302856445312 100.615659484863 119.55481783549 118.138853912354 117.815743764242 137.479325612386 0 0 0 140.534233093262 0 176.165420532227 0 227.680511474609 186.688606262207 161.696472167969 116.712198257446 146.982902526855 118.083517332335 182.101526260376 155.89106241862 127.135297563341 129.60453081131 66.0515670776367 0 108.795188903809 148.053820800781 184.660980224609 166.001429239909 149.612019130162 134.244648600734 70.7180404663086 171.657621765137 150.514685058594 110.237241109212 0 126.00717992368 130.300918579102 183.89350382487 0 214.154388427734 207.53768157959 0 146.672322591146 0 175.017623901367 147.118894958496 147.853286743164 143.663509144503 184.491550445557 0 0 164.42830657959 160.76383972168 0 0 0 0 0 96.9270840348869 0 156.363891601562 97.8647978901863 131.134843444824 0 155.307876586914 0 0 0 106.468643188477 17.1901906504358 12.2383866024783 78.5288651784261 20.3692238404539 34.7579045494205 27.8977655451086 40.774561597556 48.5532772667689 73.4307619904819 69.0841973509107 51.2792898416519 106.458629021278 119.902236938477 68.8846355237459 52.4123948138693 49.7347836354574 63.8087940216064 23.9162225083306 106.215846135066 82.5568085110065 91.3724009195964 93.1007474263509 42.8278653783009 64.2821433998481 34.5117592846906 20.7727158997348 80.0927483485295 58.7370241272115 25.1119278571529 63.5084692856361 23.6303212122096 108.330946922302 93.610057422093 77.2429728447636 202.189208984375 47.7112030029297 78.0088527679443 87.5407515836049 69.1618723782626 125.297295419793 95.5518852056459 98.05224609375 95.5614814758301 0 155.188781738281 151.924682617188 173.651499430339 156.987634931292 147.698467254639 159.832461547852 154.076675415039 119.947834014893 62.4425371455497 39.7523575370193 59.2841453995816 45.9169335952045 59.4566760408706 61.6022612831809 151.530213250054 116.413521106427 75.4459316621577 63.5443719067151 68.6760237260298 51.7905499149855 126.755648803711 138.931713104248 111.836854347816 77.9138889312744 0 0 59.9287020030775 73.8668329542962 89.1447291374207 119.35999806722 149.47087097168 0 132.949611957257 112.908840942383 165.187219238281 122.475535944888 113.320194125175 85.5384314355771 0 0 128.595391082764 130.065218607585 99.1030220618615 104.674242019653
0 221.284698486328 0 0 168.512321472168 185.1328125 0 0 0 126.98454284668 0 155.071243286133 87.4531090596989 116.930795669556 119.188170723293 108.231343152355 137.579499464769 99.2389323319061 106.402165337019 119.912852871803 191.369522094727 0 180.275741577148 121.514182642887 0 0 111.705615809706 101.576049869896 217.149192810059 0 140.149047851562 0 162.322296142578 154.254592895508 117.529230117798 0 143.841267903646 135.331605496614 97.1506347396747 0 116.301472003643 106.816215515137 126.937775094169 95.7916315197945 88.392839239278 97.167209799359 177.26985168457 137.09916142055 111.340156555176 68.5445938110352 189.984878540039 153.08740234375 239.131942749023 0 0 0 0 0 127.424781799316 0 97.3012679998022 150.127100118001 123.369180297852 106.36180911847 102.875339366772 57.9821696159167 209.623779296875 0 114.409503547513 144.337590535482 141.289739608765 169.25260925293 145.636275100708 54.2750734601702 169.018915812174 128.81504712786 0 0 129.774689992269 0 149.871995925903 133.394710540771 220.813939412435 0 0 165.328842163086 0 142.861660003662 158.089675267537 105.582989374797 102.173483497738 135.202644348145 0 177.252182006836 145.716657198392 168.822677612305 145.620010375977 0 188.073677062988 0 0 0 0 0 0 0 0 99.341739654541 0 0 0 91.7878532409668 128.896835327148 78.5288651784261 12.6992305361277 0 0 30.1514006942066 66.6519101460775 17.0407016064258 46.7879207220422 22.4733615017343 38.8371529117707 127.159999847412 0 80.3410491943359 0 98.2487448415449 62.7734985351562 79.1822757720947 125.452026367188 0 120.210144042969 95.1955245168586 0 119.618238449097 0 0 77.2820612716675 68.0042427464535 76.1193314961025 105.154534233941 86.555688958419 78.3187866210938 106.100875854492 101.267981719971 15.3744021669823 16.6736674333534 30.6683022318346 21.8656641062359 118.140754699707 159.162925720215 113.376973833357 92.1786804199219 92.8110046386719 42.9375629425049 129.843696594238 108.470909118652 157.132232666016 133.916018399325 0 0 0 0 0 106.489624023438 50.8376442379422 92.3538993835449 137.255052354601 31.880909706294 0 171.191146850586 0 118.701103210449 133.687919616699 94.4960214715255 110.080726623535 123.62607828776 66.4675578774873 0 101.572624206543 78.9362278678201 28.8302382581374 131.542434692383 119.574312845866 71.8125398350858 93.7617634364537 76.1247711181641 104.441751129773 118.95467376709 0 83.1111778000654 133.672339303153 194.704170227051 87.7574520940366 110.137405395508 133.638870239258 0 0 0
0 0 0 199.238143920898 189.122840881348 171.808410644531 0 0 106.674263000488 0 0 175.325078328451 118.565198989142 116.944302003775 110.994676455645 113.458434353871 118.539709392347 112.827406587854 117.249906358526 113.150669713174 131.176592508952 126.917624978458 128.179016113281 145.798777860754 0 0 119.686236346209 115.826008217008 140.003570556641 0 0 0 141.718787193298 134.708455403646 110.604208432711 144.215728759766 115.888805934361 127.755407418778 135.202659243629 121.384225769043 143.60640411377 118.952270507812 153.216535568237 100.356730044467 118.120438711984 128.096656536234 117.642150878906 170.351446363661 140.464897155762 0 182.249969482422 170.336791992188 177.800933837891 192.314376831055 0 0 0 0 128.866625467936 0 121.340918986003 167.996405601501 159.714893341064 142.025054931641 137.368321228027 0 188.304779052734 154.814018249512 149.165303972032 157.615056355794 0 145.764091491699 130.041362101237 79.6784159342448 142.155120849609 143.976174926758 96.6851069132487 117.261093139648 117.28477205549 244.220306396484 178.985221862793 159.326919555664 167.232052612305 202.958435058594 181.625221252441 170.003466288249 0 186.597788492839 184.144004128196 154.873995463053 167.313605753581 151.435127258301 0 0 163.309466044108 188.024826049805 0 0 0 0 0 98.4575449625651 231.351440429688 0 106.884448369344 0 0 0 0 0 0 173.331127166748 19.890499092252 20.3692238404539 0 8.45476326710973 29.4615579975185 20.4790771398454 18.6642486350347 33.8892296382359 62.9461978577279 64.0964240386706 17.6181866190327 69.6012472929778 98.6117239732009 56.5404654641188 69.79138190658 80.4106189097006 72.3785705566406 42.6291332265121 134.220332805927 95.9370566148024 95.9123959011502 107.942276000977 47.5134616074739 63.1172391189518 58.3786682078713 28.525316733622 90.7422283717564 54.5836126346306 33.6408577614642 73.6287861190029 50.5241725179884 72.194100516183 62.0793419506239 71.7265705532498 84.016352335612 57.982837677002 97.0769989707253 103.348709019748 95.9436587458072 110.912069702148 105.512609442075 93.9720332933509 99.0775192260742 95.3568382263184 0 114.608026275635 0 146.158545176188 155.157699584961 0 207.552169799805 114.516848246257 58.2678534691794 54.4262817743662 57.1734346186073 71.4666213627675 66.4587624533135 99.889588869535 166.08232421875 154.547900390625 78.8043022155762 69.8511756093879 83.0171058010048 62.241753568553 121.073880122258 125.872307106301 122.873797416687 98.4649480183919 0 132.205500793457 57.1348215738932 91.7558305528429 83.2057988947088 0 163.021608352661 218.031921386719 135.151444655198 117.356974283854 164.618347167969 117.096625843267 110.830987285367 82.9586764553137 0 0 164.311724344889 95.3585662841797 0 143.129935128348
0 0 205.271209716797 215.18034362793 150.163986206055 134.914428710938 0 0 98.2738189697266 0 0 0 107.903045654297 113.461705659565 103.86382844713 116.264962735383 111.516284942627 121.400038775276 112.71066625001 109.535776080507 139.112229347229 118.219545804537 111.79714457194 157.827197265625 110.924644470215 0 135.103521347046 122.471215468187 181.033592224121 214.150095621745 158.149968465169 0 122.481905619303 133.507755279541 118.294286092122 135.312728881836 105.143352139381 117.946352119905 128.78304901123 111.974817612592 142.494942256383 134.658866882324 152.8323097229 102.924951504438 111.168405532837 141.482611846924 108.523991266886 175.978832244873 0 0 0 167.680236816406 158.593795776367 0 158.521354675293 158.677230834961 0 93.9529647827148 123.582869720459 117.541854858398 134.226089477539 161.528686523438 150.065231323242 139.670934889052 138.398986816406 0 168.319129943848 116.416366577148 156.399042129517 232.405609130859 0 117.492229037815 118.281507375289 91.9765224456787 133.670379638672 150.887474060059 92.1537884303502 91.7819789539684 105.727483046682 0 190.592620849609 0 161.840066818964 151.25883992513 160.409252590603 135.337442251352 181.768447875977 182.782224382673 175.249411010742 148.788120269775 155.771162033081 194.031341552734 0 0 177.009185791016 140.158481174045 134.402496337891 177.97297668457 121.510810852051 132.596435546875 0 66.7147617340088 0 166.418884277344 80.5849380493164 0 0 0 0 0 0 0 37.2886818365775 34.7579045494205 0 29.4615579975185 7.39259864775291 38.7377745109268 23.3415653980835 61.9485831905056 40.4915940644311 81.1227677085183 27.4883020550725 62.3891878372584 80.2341866126427 48.599939018789 53.7787012506704 72.1980405720797 88.293834262424 48.0570501771539 119.352764129639 66.976921081543 135.341674804688 71.2727966308594 24.1260979598182 22.6450165573432 44.4405235846837 21.6896647951471 129.418719204989 15.3323261794021 49.4070073003354 65.8443629861736 58.9194806416829 83.2145755767822 59.3190253348578 81.7741734549503 140.879114786784 0 76.780294418335 90.2613019943237 56.7251622817096 131.820125926625 113.652945869847 90.9356643676758 123.184703063965 0 0 116.079111099243 0 140.799543762207 0 132.716186523438 0 0 45.1220305246465 28.7822582890079 60.7465092858603 70.9985901607023 83.9195387913631 101.692682266235 151.52943611145 129.105587768555 73.6681844075521 55.2842170758681 88.3728589838201 70.5477766113281 149.583338419596 128.656800587972 113.872995523306 76.5711240768433 165.867111206055 107.08130645752 51.9219809940883 68.0300455093384 79.569451552171 46.1259398460388 162.991317749023 132.304662704468 150.386180877686 131.173654556274 129.631011962891 132.752233293321 122.653904876709 101.738984680176 195.721008300781 0 92.6880849202474 78.7289864676339 125.877113342285 91.8284884366122
0 0 0 0 0 0 0 0 0 0 0 163.787452697754 105.486823127383 118.105263977051 114.157532682124 115.795819712209 135.16271548801 113.322366787607 115.855494806524 118.334604628543 197.991333007812 176.018625895182 0 142.229732990265 0 0 116.212239209343 112.810464428317 170.757629394531 243.467712402344 118.283821105957 156.212242126465 0 208.820068359375 111.370502205782 124.87956237793 123.362325395857 140.371829605103 119.880422152006 113.652480125427 141.006009718951 119.775487627302 138.086599561903 99.0236031478149 129.149406696188 124.481485480936 131.832807540894 170.293042864118 163.994812011719 163.87077331543 179.194946289062 0 0 0 0 0 0 152.410186767578 129.821441650391 111.849014282227 124.01394125856 171.761580403646 165.065150867809 137.69206237793 132.694583668428 106.171663284302 0 130.038238525391 155.172225316366 167.935178484235 180.698789324079 158.600067138672 129.985745279413 99.0703880310059 177.586540222168 156.724914187477 106.096103668213 105.15766398112 115.333026885986 0 203.980060577393 168.272038777669 200.745602416992 212.545639038086 182.722122192383 188.46549987793 0 190.757259913853 186.470609467605 177.269653930664 160.047881332098 159.226987566267 142.304290771484 168.420829772949 170.271759033203 206.653816223145 0 161.420135498047 148.54280090332 0 238.582313537598 116.684120178223 230.854293823242 112.552444458008 101.568594190809 178.570890426636 0 0 0 0 0 84.3422012329102 56.7105913823194 27.8977655451086 30.1514006942066 20.4790771398454 38.7377745109268 13.0721520130868 45.7705225307395 16.7611232306574 50.7037086192624 22.0246389701419 32.707877435397 106.00386316636 130.525547790527 68.453180398514 82.1765279072087 84.4996037942392 79.4396120188188 55.7752784159074 132.058620452881 93.7521906313689 107.453269958496 81.8947569529216 56.7785520138948 76.9096196746826 74.9467140272552 57.8411111098069 56.1532541209254 50.4521034982137 27.8397845037862 85.2350821304321 53.1250497081323 79.3879366041739 100.892388442467 79.1898269957523 107.205399703979 105.964858161079 90.6810606135878 73.1543133593946 109.506001154582 112.57160282135 112.841692401517 103.788354056222 98.1456782023112 130.887631225586 172.26870880127 121.494336611265 0 142.394436277192 160.590530395508 149.280990600586 0 165.202658081055 78.629405159028 99.0626320838928 45.9954180226021 85.3472136765897 93.5085223959811 86.2182521820068 165.32605266571 154.706162672776 101.346906264623 102.714058160782 108.09553639094 65.2474705410987 120.245445853785 125.122341459831 121.423239775378 101.002758191979 63.0007553100586 185.09094543457 60.5955119955129 113.400091807048 81.2923737934658 174.769963582357 156.796768188477 122.941443050609 137.674305835402 162.436327616374 174.785940551758 120.093715351221 119.256957593645 94.5824089050293 224.325775146484 0 142.610159979926 144.438213348389 105.044532775879 145.737841288249
0 0 196.230293273926 193.503082275391 164.115432739258 0 189.892456054688 0 0 0 0 155.721664428711 134.627687307505 124.947183481852 114.45455832377 122.047676307568 123.034901089138 127.266946951548 126.674025934104 118.01773819968 148.727003097534 130.027993917465 140.692582702637 169.651497474084 132.200517926897 141.691528320312 142.87890458107 139.336277149342 149.892608642578 0 183.733205795288 0 135.346267700195 118.308181762695 122.894611597061 147.10343170166 116.185480637984 130.185006459554 128.424402872721 126.22562383016 151.361378805978 134.279144287109 171.916850498744 110.669885752152 192.388331095378 158.173839793486 124.142925956032 208.811103820801 173.185745239258 0 171.828338623047 0 0 0 0 0 0 155.415843963623 124.834988064236 0 148.181788635254 189.371471405029 168.362213134766 149.42414855957 167.191871643066 0 144.156448364258 123.095874786377 151.725047302246 214.750389099121 234.819595336914 140.312154134115 132.641507269109 78.5971657435099 191.745628356934 183.776443481445 109.802258491516 114.627117156982 119.423431396484 0 212.625823974609 191.506828308105 180.764268875122 0 153.660522460938 137.019106183733 0 198.304351806641 197.999979654948 194.702407836914 189.635870361328 0 0 0 218.830103556315 153.844245910645 0 0 150.448588053385 0 213.701583862305 136.597091674805 0 0 139.861200968424 199.847442626953 0 0 0 0 0 138.726806640625 24.1296891315114 40.774561597556 66.6519101460775 18.6642486350347 23.3415653980835 45.7705225307395 16.0147781938777 58.7127218024675 16.0593782379386 79.3636935141779 12.6061325645803 71.7048451003208 96.7739486694336 66.746459911396 74.1196198896928 97.7933423555814 80.4341663654034 60.4630148034347 172.127240498861 107.897663116455 140.508623123169 115.183142089844 84.2347717285156 91.4977678483532 74.1969378374625 25.0371940966905 129.097924550374 22.5311058502816 57.6278855197401 80.7003891962225 67.9419897452168 88.3594569836633 71.0867253161491 90.3889793395996 91.3655217488607 78.330680847168 104.636401282416 96.1009199142456 100.285868737005 128.983420372009 130.59075086944 107.945083286451 110.03739304976 106.156841278076 0 133.270435757107 0 153.532091413225 0 194.325531005859 0 0 90.319006284078 68.7770186066628 68.7355482023056 90.7954038551876 97.3011369949732 155.34011332194 111.718589782715 120.421348571777 112.120918273926 95.7490542729696 101.984189433436 79.3144904314461 145.824148450579 133.588022708893 140.064628124237 125.826199849447 0 148.13553237915 59.748032921239 117.898942947388 88.1323652267456 56.5257530212402 133.513824462891 119.253257751465 155.130303382874 208.098785400391 0 134.401064300537 134.912438025841 105.595926920573 228.924911499023 0 115.997904459635 86.7280426025391 0 105.472025553385
0 200.843612670898 0 181.710113525391 186.182769775391 0 0 0 0 0 0 181.190250396729 94.7732258428094 154.089186859131 128.088231328708 113.068160651618 151.41021432682 108.505162967768 111.249893018795 133.369910628707 0 161.213401794434 102.269515991211 136.294185239877 0 0 112.767253273412 106.61767803631 209.191782633464 201.213348388672 201.122798919678 170.981956481934 161.70273399353 176.050196329753 130.641315294349 0 155.194907052176 146.989040905916 111.120887965633 135.324909210205 137.470954201438 105.911465188731 140.333112478256 96.6084933016035 111.1176081425 110.311193484079 160.339289855957 162.987133026123 175.194271850586 153.025256565639 173.746337890625 166.088373184204 224.542251586914 0 0 183.789184570312 203.184951782227 176.994267781576 159.622373962402 0 114.924367684857 164.486281002269 138.270222255162 128.054546732298 122.218209471884 85.4688148498535 0 202.266052246094 139.760868248573 0 186.633106231689 162.948638916016 150.937973431179 58.6889728818621 183.950510660807 147.358570575714 135.576264275445 106.28912226359 143.783954018041 126.75216293335 180.890853881836 129.602214813232 216.797519683838 209.689338684082 216.301071166992 183.494438171387 0 167.873329856179 178.923994750977 160.042959386652 138.817387952303 152.62971496582 0 186.123603820801 172.094833705736 182.134198869978 0 203.015518188477 191.35661315918 202.333190917969 226.893028259277 126.384347915649 0 0 132.931997445913 168.418329238892 0 100.273803710938 0 0 148.116195678711 91.4576274326869 81.9195237410696 48.5532772667689 17.0407016064258 33.8892296382359 61.9485831905056 16.7611232306574 58.7127218024675 9.785387193615 45.5392926754096 20.6094554296756 32.3184659507562 113.58939409256 129.83405939738 82.235695702689 111.44472249349 77.4215908665811 97.9638754900764 69.7936596144374 162.271927515666 148.732635498047 96.9213951729439 77.2009471759462 71.3008969624837 88.6780785392313 93.3256438499273 86.4257869720459 61.0689898790632 51.0300810114693 23.4652876218461 105.575820617676 57.1209154834486 85.6592586517334 114.578128051758 80.9963240858685 36.4913459278288 21.1413075240732 49.0816673153222 17.2436991668371 126.534382120768 118.847684164608 104.857809821765 99.1076068878174 106.153093438399 94.7504081726074 155.821581840515 118.398886228863 135.982761383057 148.261350531327 206.768013000488 173.339508056641 168.836944580078 129.107803344727 97.903870096012 116.281205397386 21.7147206251253 78.6694078147958 81.389791561447 49.2178516573119 198.285214233398 171.82300567627 121.114440224387 133.436663309733 97.1641933493418 57.3714693290309 125.134785859481 122.615083000877 111.951402211593 67.5748020740266 89.9606876373291 75.9429306983948 52.4256002652895 133.310624694824 64.7588046858728 100.413434505463 118.667759486607 118.847850036621 134.887541585894 139.043661117554 207.749196370443 101.529527189021 120.736121359836 120.248576545715 207.984588623047 0 160.111688232422 159.288005828857 83.9671859741211 135.894332885742
212.300064086914 236.737503051758 224.87077331543 151.731880187988 188.907558441162 209.073506673177 171.686706542969 195.710983276367 104.228649139404 0 131.241104125977 172.666891098022 129.443175021085 127.360744193131 118.474233294604 120.178812832303 126.667412593961 124.439009010904 124.585076989915 117.179906154024 148.256595784968 138.842673576041 132.032321384975 160.590100860596 135.836962186373 129.627169799805 141.147200432377 140.666459761326 198.231739044189 168.924049377441 164.674517822266 129.142483520508 137.697855247642 137.688860112971 125.737046691895 143.571338653564 120.695248258287 130.354039907455 143.211235046387 128.255635137143 155.377358391171 150.78547668457 175.033827498152 108.571061545086 141.537417528106 149.143069709699 128.817411894845 193.559456380208 199.00165049235 168.613733927409 201.593963623047 202.80832417806 161.869928995768 177.965381198459 175.830337524414 148.722747802734 172.081462860107 136.408332824707 131.271901229332 123.514699935913 150.275453885396 191.332421983991 171.626953125 159.599505204421 152.305413179619 112.633926773071 167.898553466797 130.928040313721 162.437520156672 185.981870651245 209.161618041992 137.634069566603 128.773702221802 73.7451969146728 153.37287797599 163.896629665209 101.284589434427 103.82345123291 115.747502474257 170.148114013672 186.278284072876 175.434783935547 180.401983182724 165.180466918945 160.285982404436 148.252230277428 191.301239013672 197.436433156331 201.51947593689 163.104541015625 161.992283582687 186.379097678445 197.328155517578 204.421939849854 179.118523406982 156.39943560432 98.0232923681086 168.239172363281 141.132253885269 144.825098673503 212.963287353516 160.912435913086 0 173.483306884766 152.178173700968 140.2692527771 0 142.714784240723 0 134.925659179688 0 103.785529327393 83.5745550252623 73.4307619904819 46.7879207220422 62.9461978577279 40.4915940644311 50.7037086192624 16.0593782379386 45.5392926754096 10.6331033309484 19.5072827781 14.555276486658 82.6340344475537 98.9945206357188 68.1704367214871 71.8842717226814 113.762739244398 87.9000506988943 91.0572506672627 145.407787322998 119.461475118001 107.687832681756 57.0094020823215 103.163970947266 103.370972861706 88.9151310390896 109.978020562066 20.72400981206 12.3200162350968 75.7400226807326 86.5228468108136 98.6953933093013 108.220329647972 83.4243635788463 107.614961876589 62.9370579310826 45.1565125418083 23.3509395737608 64.9082138237787 95.1413090375005 146.683623517146 137.408574493838 128.252099100749 132.286624908447 96.758251508077 169.079135131836 139.89975865682 167.578548431396 160.705024055813 174.028099060059 147.045738220215 198.275848388672 147.788074493408 131.46590423584 93.4882167816162 61.7605477759713 119.193310989231 131.450038383747 86.6109585367191 127.174286627 124.43940952846 143.599030085972 92.8249734107484 131.79472496396 92.8238347111916 161.031398773193 150.700094893172 108.086561353817 100.196920350541 129.031822052002 58.4072387244112 50.1039223985974 121.170331246512 98.283881652832 58.6118010956308 143.309332953559 124.201187133789 152.321522671243 116.598474979401 152.228611246745 119.186525422174 141.013160942137 149.418558438619 155.711243947347 170.020172119141 116.032663726807 94.9975111426377 122.950590133667 98.1992372625014
197.308502197266 172.555358886719 0 0 176.84755859375 185.515403747559 243.622161865234 0 0 0 0 225.770973205566 99.344521200396 125.154294442097 119.728662618001 115.524964708171 131.318616401636 110.792783095651 118.347729998773 120.399762350937 141.707015228271 133.582779759946 133.581743452284 148.884664916992 123.680244445801 154.415725708008 120.759475731233 109.77319649777 165.750823974609 0 164.161201477051 229.719909667969 158.791882106236 152.75599416097 123.922746918418 153.713728162977 136.376975183902 134.567196817109 115.484124546425 126.484622203943 141.771160341659 133.753392999822 149.97080039978 100.032377695866 120.039423147837 120.204654305788 130.964614550273 177.045544598554 155.624400547573 111.981365966797 186.278244018555 190.40860748291 236.933456420898 187.8759765625 189.666725158691 0 184.485049438477 165.994164206765 130.366299629211 157.938726425171 122.505342848161 174.279982578607 158.571516164144 137.457543640137 135.420895788405 90.1193816445091 156.46034749349 156.306079101562 149.129556613498 174.859181722005 173.854815165202 138.514973958333 134.006784725944 74.6541016379068 172.092429024833 155.980466206868 103.610778064263 112.217994689941 119.04336769844 121.642929077148 197.67204284668 194.668518066406 202.729763793945 207.377523803711 166.925701141357 152.084900992257 0 182.460079486553 180.155376434326 146.340311050415 144.978573595891 174.999525705973 208.422035217285 184.185678335337 175.076308965683 168.495772043864 125.110298156738 0 155.007719039917 134.413955688477 202.408203125 138.176732381185 0 140.269012451172 134.806334601508 0 0 123.819424947103 0 0 0 136.45583597819 87.4892382954442 69.0841973509107 22.4733615017343 64.0964240386706 81.1227677085183 22.0246389701419 79.3636935141779 20.6094554296756 19.5072827781 12.302155108579 14.765935408365 109.084076376522 134.320951981978 81.408857418012 84.1169685097628 98.6570002653161 91.0554481039242 76.4930123329163 191.187313079834 127.442193984985 148.483503723145 86.6301095145089 0 121.9013040716 88.4882743278246 86.8762359619141 85.2915303209703 56.0305894651998 82.6655252518192 90.6214698572128 81.8263795776367 95.1362711588542 89.4799516950335 98.1079819331531 50.7559420662365 25.9977786777306 21.9996732145652 31.9529107866935 113.693999047373 130.000833892822 130.250977370318 122.327365875244 117.278345108032 80.1395890977648 157.168113708496 132.107699164029 193.872375488281 156.086730957031 203.83012898763 170.700881958008 234.301452636719 0 116.446515251608 114.196709559514 56.5800983880156 103.947696495735 115.567155368993 61.9167144169179 197.204584757487 168.667825486925 140.755799865723 135.89115041097 128.991990252239 119.751378764277 139.661628564199 134.348424213689 96.7061099610388 84.7051361083984 119.510792323521 100.664105510712 44.1640727506701 127.453065660265 109.27667754037 86.4632158046815 120.047385787964 104.682499156279 129.290467779977 152.20686340332 192.478271484375 117.419347196012 132.205978634991 144.479223251343 156.983483450753 170.372512817383 178.482440185547 149.189088003976 152.582316080729 113.775735473633
0 205.676467895508 0 165.391021728516 166.739776611328 164.055308024089 0 0 0 0 0 0 121.476090204148 121.287823462973 115.793086317337 119.809899741953 126.447001895389 123.441977766694 123.139381294678 116.841594242814 139.346106095748 140.616659047652 132.230520884196 153.20419027639 123.067343575614 0 131.5164772397 130.206766442408 192.978149414062 180.073760986328 195.069717407227 169.382970174154 148.127882321676 151.006954193115 120.820424524943 124.205192565918 122.775346571399 131.981934557189 138.381756146749 122.769415184304 152.777279940518 140.918388366699 150.883654594421 106.676059166308 138.649931771415 143.037996786612 129.220021820068 185.340817769368 168.315643310547 133.53284962972 0 182.553405761719 0 181.784156799316 182.164443969727 154.129302978516 206.288543701172 143.10475769043 123.368673625745 147.704610188802 154.552721890536 166.254642740885 157.92792401995 146.505069255829 152.785910866477 219.261993408203 0 0 164.027721586682 177.677169799805 211.532722473145 142.157436595244 130.822224805803 72.1340140292519 161.521847195095 188.725286865234 103.17011151995 109.604423240379 116.923819837899 169.096908569336 207.975288391113 224.156143188477 177.296886867947 183.267185211182 148.463577270508 143.072984059652 0 192.188926696777 190.61296081543 191.430407206217 166.677923202515 200.175615946452 0 161.084808349609 176.164036677434 157.998710632324 107.0537109375 181.660278320312 144.260862731934 0 0 0 0 221.312545776367 194.683039347331 0 0 0 0 0 0 0 59.349645288367 51.2792898416519 38.8371529117707 17.6181866190327 27.4883020550725 32.707877435397 12.6061325645803 32.3184659507562 14.555276486658 14.765935408365 7.51807390717601 73.341136932373 102.690561930339 68.6294179763237 79.0366897583008 97.784816991503 80.3670474832708 73.6717283373048 142.623863220215 77.1633148193359 128.531590270996 144.09701622857 111.90592956543 121.654936027527 80.1900836056883 40.4867025263169 119.871327514648 31.2504961872101 52.048119223191 81.5880938352249 69.422425902716 88.3839095189021 73.404173017803 87.6472243461709 95.340368270874 68.8161751883371 41.6458260479583 55.9076114695893 102.956158673322 126.301503022512 127.940639666657 115.398474843878 114.964506626129 127.991991043091 158.264951705933 125.263300577799 0 164.213092041016 223.5224609375 0 0 0 108.132562849257 95.9938950171837 50.3137662009855 103.111107755063 97.9169420003891 88.0911295149061 170.512542724609 202.705159505208 129.659662882487 113.190977096558 106.852972793579 73.5809703923888 134.88603108724 138.833380381266 120.491349114312 77.1018768310547 178.95282236735 134.966678619385 57.5019524383545 124.391767501831 83.6221171931217 87.0476447211371 128.464435577393 123.524717966715 150.2739718207 155.38173828125 193.01692199707 126.978975578591 127.113674870244 133.387930436568 203.795206705729 0 111.723787943522 107.48967590332 0 132.024269104004
191.60107421875 184.106506347656 174.13262769911 182.601015090942 162.791598849826 173.694234407865 165.169044494629 196.178732299805 125.735336303711 165.746529897054 156.728546142578 172.137659127372 182.884918212891 119.367059707642 120.193426132202 132.278328895569 132.214608510335 157.63715171814 128.774893002632 125.251493941906 151.315779946067 156.23799760001 124.836345672607 174.916648864746 0 0 0 174.704096476237 161.403377826397 180.513231277466 165.294319152832 124.761648178101 150.173181152344 175.703201293945 129.869781494141 0 130.019175211589 138.918134078604 181.548870849609 129.925971984863 161.215480409819 0 159.126419067383 123.060440381368 176.708152770996 175.096481323242 133.031410217285 190.112937927246 0 200.43758392334 217.761672973633 198.278289794922 194.46565246582 181.413161141532 199.068617078993 166.468452453613 150.401916503906 126.489723205566 116.171272277832 0 194.984339396159 234.843179321289 219.418609619141 196.218190511068 228.938598632812 0 166.659400939941 0 189.907325744629 227.319232177734 180.354400634766 139.339197254181 137.144719947468 86.5992796971248 158.875492095947 218.548461914062 117.25909567779 100.475883483887 129.739090962626 196.231236775716 209.466033935547 188.128677368164 189.137936401367 180.742382049561 173.450495147705 152.289261500041 0 218.365454101563 193.820274353027 180.465103149414 200.877495505593 185.383773803711 242.635520935059 240.865081787109 229.673919677734 155.875259399414 116.431517751593 147.063330841064 138.181299209595 187.090065002441 111.730364608765 90.8475454960907 120.897876262665 120.067930675688 87.5623257164677 96.6686525091019 112.843193054199 100.07399597168 116.164593505859 80.503901163737 94.7956190842849 98.258578429351 79.589166592329 106.458629021278 127.159999847412 69.6012472929778 62.3891878372584 106.00386316636 71.7048451003208 113.58939409256 82.6340344475537 109.084076376522 73.341136932373 10.8233152660378 23.9557307403508 19.0414674323801 19.3350922215283 96.9223964344371 60.5930766230044 95.7342442451639 98.3942979866242 78.4675583820569 82.3349756525851 89.995292624728 69.0799447573148 80.10562337521 76.6640188755133 69.4537693146736 79.2560104627867 75.0120971970886 122.734138820482 54.7514088340952 144.821210098267 59.4196877986827 19.8758975528139 69.9917356667009 131.75660832723 167.782089233398 73.5980193096658 136.296476056499 71.9460183169546 146.554395491077 151.585871329674 104.597010748727 90.1930669148763 186.579844156901 179.954462687174 130.75330399022 152.382110595703 155.90367603302 151.772642035233 144.468337059021 158.591438293457 113.506696931608 74.1815187311884 72.6562183461291 132.663120470549 116.533473081367 127.406196306337 121.680200195312 116.848028659821 104.807123565674 72.3846999675304 75.8883077946115 149.537220001221 142.531912017287 143.667863169024 155.617204502651 150.339685510706 160.397064208984 91.7115199970749 79.8794739037229 68.8370747622765 72.7713196808085 142.060547070625 75.0710567016602 147.545756022135 140.174243927002 168.674051036005 87.4445841569167 86.8629503403941 136.316890141735 125.494626536514 76.1497604674444 89.7134931776259 124.279998779297 34.2574664767855 51.1762222930222 102.486847287133 51.8927893217872
177.145416259766 199.349267578125 190.127401733398 209.983640398298 203.265759277344 208.810046925264 0 244.195983886719 0 198.643768310547 179.540405273438 193.0509884742 190.994222005208 140.690104675293 133.28920337132 137.88353061676 138.69862632146 189.86890411377 142.0750369214 133.757432435688 150.18875004695 163.955500708686 145.310855865479 177.58088684082 0 0 152.167068481445 191.615320841471 168.332424163818 187.552280426025 191.581764221191 148.304412841797 165.220889844392 140.828090667725 143.35672454834 0 133.000487709045 148.162235881007 231.935348510742 169.837493896484 162.632960979755 0 190.835220336914 129.261594841279 225.65380859375 185.731185913086 140.260879516602 214.610328674316 0 193.014747619629 221.226631164551 234.305099487305 0 187.145092010498 189.855934143066 183.055145263672 152.69123840332 181.54182434082 152.831848144531 0 0 227.98176574707 186.263600667318 0 226.554412841797 0 0 0 215.572872161865 247.019287109375 0 153.558691519278 146.394794945578 99.1896425882975 182.64289855957 194.510036468506 134.975381602412 143.105125427246 145.444039004973 0 196.205164591471 179.531951904297 200.950333065457 198.052163986933 187.462212880452 163.716615041097 0 0 210.658037458147 193.784174601237 195.387501307896 196.034545898438 225.517135620117 0 211.462290445964 172.458999633789 157.170307922363 162.11381149292 164.60916519165 0 139.396822399563 95.8021481979725 146.50929329612 118.883980981235 96.5687618118888 110.239475820548 126.905670166016 111.287936123935 131.001218159993 117.11575088501 103.387877570258 110.209287221453 105.586572647095 119.902236938477 0 98.6117239732009 80.2341866126427 130.525547790527 96.7739486694336 129.83405939738 98.9945206357188 134.320951981978 102.690561930339 23.9557307403508 18.6350189679998 47.8400966812583 24.573135798817 109.746695173548 86.9643368440516 110.558714583113 108.882778821292 81.6937366942613 95.6494819687776 102.280029522597 85.5917373657227 93.7817318811531 104.794281732468 80.8030877546831 91.8942107841617 90.8259919058536 153.768699645996 37.9527776296367 139.296269734701 93.6172453781654 47.0068559614156 99.1894302368164 139.330585479736 0 87.7900209928814 143.959629979627 76.6957460908585 149.258839611937 153.854292399089 134.134874343872 135.009404659271 142.320098876953 205.032409667969 145.306705995039 186.831405639648 183.686007181803 149.19064567829 141.045642852783 154.733040703668 126.650025409201 87.9432946751627 84.3126149495443 135.591121673584 131.374475775094 129.173720146628 166.846466064453 91.7852895123822 82.1699976651174 85.5406037178101 90.615299470963 153.863882319133 154.569823941317 156.836854373707 162.09955628713 157.133796985333 153.626223754883 103.250180152155 96.8141620755196 76.2869207089224 77.2478221852355 143.466980797904 89.0447036529256 173.04207611084 153.186153411865 171.710782258407 58.369686997387 90.2465234483991 153.95445394516 139.64289852004 86.5460804393248 102.36669588089 127.265007972717 41.3930504671465 32.1588105881405 53.4472333597192 34.7828431143891
186.931449890137 0 208.85563659668 153.337387084961 0 178.693725585938 0 197.13166809082 104.146423339844 0 166.508010864258 193.08974202474 118.495872497559 105.291798909505 123.893691429725 121.998498355641 120.441473960876 153.312721252441 127.489175235524 135.696588643392 0 141.423510551453 118.993064880371 0 0 0 124.169764200846 148.514656066895 157.034912109375 0 0 184.408203125 122.575784301758 0 144.847263336182 0 105.067163467407 140.518729858398 231.597106933594 104.571430206299 146.45532989502 0 210.524322509766 120.295519692557 165.745803833008 151.190000261579 111.07421875 146.622953414917 0 139.261379241943 0 0 0 0 177.131622314453 0 0 125.612251281738 165.636653900146 0 164.648187255859 160.086513519287 171.990676879883 166.089813232422 135.948207855225 189.934799194336 0 0 144.691452026367 0 205.675206502279 152.713665771484 128.804695411965 113.11485004425 151.162315368652 152.603591918945 111.820452880859 113.89813486735 112.834506641735 199.179176330566 0 0 200.947036743164 0 187.35329691569 136.685298919678 0 196.017512003581 175.759279251099 166.304664611816 152.46492767334 0 0 0 145.962463378906 205.973526000977 98.4961700439453 191.411148071289 218.214004516602 0 184.772022247314 79.6042658487956 0 171.698860168457 102.948619549091 123.635787963867 0 123.584671020508 0 60.3319282531738 0 108.300487518311 60.7698658213896 68.8846355237459 80.3410491943359 56.5404654641188 48.599939018789 68.453180398514 66.746459911396 82.235695702689 68.1704367214871 81.408857418012 68.6294179763237 19.0414674323801 47.8400966812583 12.5985164605898 23.0165206148328 35.9439388966661 26.7580857608597 44.2419030182344 133.195925818549 84.2599678039551 78.5064976599909 82.7598862741508 67.5424008687337 62.3518260791898 45.7690303423251 52.053493142128 64.7126681344551 59.1967324734456 97.0051584243774 42.3603346943855 86.9025901794434 45.6566660811261 18.0074996178404 29.8578312119092 90.110912322998 93.6521492004395 72.0890544891357 103.733502546946 64.287593518534 112.093911046567 102.158098914407 64.8005786020248 60.080815076828 102.016929626465 112.2903175354 100.321604121815 156.99348449707 142.74853515625 179.221939086914 118.856895446777 190.929244995117 121.951519775391 56.9472819124715 59.0998163908915 105.632972717285 57.0981781591777 94.2422294616699 104.469972229004 97.5315595354353 101.518537998199 68.3589072317447 69.6273246012943 103.797345088078 115.744841384888 108.419236224631 123.32193457562 100.576354598999 89.7423763275146 100.958563024347 71.3390015496148 53.3714402703678 63.7588065176299 97.872580818508 69.8154396057129 0 93.7649926079644 118.762147216797 104.335855938139 151.139490127563 115.764394906851 95.1001420571254 72.2727665620692 87.5473327636719 184.396087646484 81.4101314544678 68.4508741651263 103.667781829834 66.5217064888247
0 145.599090576172 216.073501586914 0 0 187.920837402344 134.432540893555 0 100.903190612793 0 192.17317199707 186.647351074219 162.834040323893 118.298178496184 107.176430371343 116.124846935272 114.348782304404 132.543038801713 114.52101403502 107.256225484212 116.220750808716 124.308093843006 123.923625183105 152.572154453823 113.094596862793 0 170.92643737793 170.342636108398 151.755289713542 145.737548828125 120.064971923828 112.323970794678 118.196572197808 137.550198872884 108.634925842285 0 113.289234454815 118.074802069016 160.334045410156 118.514683314732 153.252682495117 0 0 104.999015158795 159.443374633789 160.274828592936 133.046157836914 171.196723937988 187.569900512695 163.7834815979 0 0 0 174.628372192383 189.411918640137 197.95637512207 0 0 108.059608459473 0 182.008926391602 171.050894601004 171.674743652344 138.907102584839 174.004467010498 0 0 159.087142944336 165.063124223189 180.610000610352 0 113.971967424665 127.512885954322 69.4726160952919 143.999223981585 154.222798665365 94.477731143727 96.7357482910156 116.102172439163 161.344573974609 234.691528320312 155.86675008138 170.454487609863 163.626307169596 185.710164388021 143.653099060059 0 181.639362335205 174.005600873162 169.899648030599 175.697169712612 157.756210327148 0 0 213.30143737793 142.735582351685 151.392051696777 0 125.831924438477 0 121.495948791504 111.225599500868 130.017051696777 159.352003309462 94.2437391916911 149.682211303711 0 121.880844116211 141.911148071289 53.7592239379883 0 95.3691099257696 51.9420498923252 52.4123948138693 0 69.79138190658 53.7787012506704 82.1765279072087 74.1196198896928 111.44472249349 71.8842717226814 84.1169685097628 79.0366897583008 19.3350922215283 24.573135798817 23.0165206148328 13.5781353305892 68.0244777579057 26.7010944277854 65.2087181091309 104.088072415056 93.9097340447562 85.4572647094727 82.6642399379185 60.9928232828776 64.1901607513428 56.4861753318342 48.3316710416008 68.9236891908072 66.5978815841675 152.948343276978 23.3844962903622 117.497625986735 62.5512225468953 39.7869531665667 61.0299463530921 114.111263275146 126.607810974121 62.1497993469238 118.897173604658 45.9238059821391 107.124562876114 114.751239776611 85.1982298410067 80.4162035549388 141.222196578979 128.793121337891 109.962927216465 194.713684082031 142.932782953436 117.652549743652 0 0 155.882424490792 61.6629570991762 55.6306228637695 108.702049800328 83.2120422214519 91.6679423707904 108.410251435779 81.4446587433686 69.1706083328997 63.0677978901923 65.941573650806 115.942334343405 122.065198321675 112.117516970804 123.714077577753 123.910153125581 145.002955350009 109.369095802307 70.1971220793547 51.9184961229841 51.5784169501001 107.496788307473 69.4704502368795 145.385366821289 110.412784869854 137.504778035482 66.8847369303745 91.253533244133 117.106696599646 103.303055559813 69.2237901589305 85.6353179931641 0 55.6774416494524 41.8562618864344 58.9859863689968 29.8904592850629
0 0 0 0 197.009567260742 236.240737915039 200.239059448242 0 0 200.32991027832 0 235.284576416016 120.323669211378 163.206120808919 144.488423347473 137.176198302722 163.021225669167 129.51371099511 151.753015023691 147.361010742187 177.830764770508 161.988510131836 165.44083404541 149.283642360142 0 0 138.58894645877 132.043610328852 0 210.313018798828 0 236.072784423828 178.076978683472 210.624099731445 152.58385848999 0 153.940826416016 166.386128660108 122.204600772342 152.997192382812 157.44846089681 139.042810440063 153.564823695592 141.069276910079 127.492643992106 128.019416598455 158.023628234863 163.703382051908 144.196283976237 170.54963684082 0 161.982831682478 0 0 194.793884277344 0 0 174.957641601562 0 0 130.468245648323 172.051399817834 178.898667907715 138.369356246222 134.120909298168 79.3264166025015 0 182.326110839844 143.690297444661 164.528340657552 165.437438964844 184.845237731934 171.714268366496 137.680895487467 189.14501953125 152.883246358236 118.764846801758 134.096092224121 169.031024639423 122.956527709961 176.768239974976 162.448968505859 217.607014973958 205.751571655273 175.196792602539 187.52091217041 0 182.088468763563 177.35909816197 160.543180985884 138.243612451068 206.771697998047 165.216453552246 0 177.440494537354 193.942222595215 217.419479370117 0 0 0 175.393943786621 181.366872151693 199.816833496094 199.946769714355 138.780872768826 165.973546346029 0 0 0 0 0 147.456729888916 52.4448922498511 49.7347836354574 98.2487448415449 80.4106189097006 72.1980405720797 84.4996037942392 97.7933423555814 77.4215908665811 113.762739244398 98.6570002653161 97.784816991503 96.9223964344371 109.746695173548 35.9439388966661 68.0244777579057 12.7812412705463 25.7205378032999 23.5646304577217 140.838547165329 111.797618172385 139.230273655483 137.674792819553 76.0516637166341 100.577863057454 39.9134846563599 55.7147446355876 123.692823791504 104.276760655591 75.266104551462 55.4324964863663 35.2952739485988 71.0264465828252 81.8097574761573 36.1684951236814 104.855907215792 71.054983215332 106.628583027766 83.6777345580502 74.7635718603254 101.776609361172 110.898623972926 83.0350156743476 76.2586132952275 120.26038646698 157.120227813721 105.264467486213 134.447750854492 145.339277937606 0 166.651351928711 0 166.423713684082 88.9866662505489 63.699537918631 76.3136522669992 23.7901624943599 79.281313904849 67.9551768680271 159.632769993373 147.747856616974 99.7952567591812 79.8244116725033 95.8086135092746 92.2701095751862 109.544668663205 116.074099706224 89.3118618168962 102.786327527917 141.098657226562 123.765236663818 79.0321507453918 89.695520401001 99.1898485071519 131.469054222107 124.101847561923 124.970116085476 138.887745533175 139.037869503624 171.949844360352 117.730585734049 97.4273976647467 112.445747375488 153.190710703532 206.608428955078 145.500178019206 114.807506016323 108.120304454457 108.480248718262
0 0 0 0 0 0 0 0 0 0 234.499588012695 0 148.957712809245 125.275596618652 121.677857462565 126.259047953288 149.026113722059 130.348875681559 135.049979544975 120.272915976388 0 0 143.275085449219 0 0 0 137.089538574219 125.380096435547 0 0 0 0 123.769149780273 0 151.72346496582 0 170.467788696289 149.346545991443 160.306950887044 182.135467529297 147.817749023438 180.375823974609 0 126.469378662109 154.69669342041 156.498626708984 144.472625732422 0 0 128.558807373047 0 0 0 0 0 0 0 0 181.468307495117 0 116.076774597168 171.788088989258 151.491277058919 191.993881225586 214.614067077637 115.850902557373 0 0 159.978656005859 0 0 160.985641479492 144.41466861301 80.6872177124023 0 179.256220499674 92.5065231323242 162.901275634766 159.877848307292 0 196.335556030273 144.769958496094 0 0 0 155.911758422852 0 162.928359985352 169.128598022461 158.311478248009 163.222327096122 0 0 0 0 230.642456054688 159.619781494141 0 0 0 165.041763305664 129.196197509766 0 0 209.338958740234 0 0 163.630722045898 0 0 0 229.550720214844 54.8467412496868 63.8087940216064 62.7734985351562 72.3785705566406 88.293834262424 79.4396120188188 80.4341663654034 97.9638754900764 87.9000506988943 91.0554481039242 80.3670474832708 60.5930766230044 86.9643368440516 26.7580857608597 26.7010944277854 25.7205378032999 18.4616671260188 22.6470490044327 157.456359863281 115.590065002441 143.669751485189 126.45379892985 77.35833467756 137.998523546302 28.7263635583963 59.3442238701714 137.594547816685 90.5759318779255 113.145332336426 25.1383075233689 111.000350952148 63.351854428378 49.7029955209374 35.9845900656793 108.534208933512 90.3985595703125 85.6123819351196 108.134326494657 62.370024023209 99.8829788580173 106.992398009008 75.4990038871765 70.2102154071514 0 123.719360351562 99.2972299327021 0 132.776143074036 0 131.044281005859 0 0 101.047587871552 54.8578300855018 103.63598720844 58.8251091263511 95.1860808459195 92.7887457275391 126.980897691515 109.233258565267 121.808248519897 80.6929704666138 116.607008092544 114.043694496155 107.811434261134 113.606358383641 115.468348665057 116.519980294364 0 131.68404897054 91.3655853271484 83.5760197109646 107.476453857422 171.348281860352 161.132919311523 104.124425252279 134.056169891357 92.4072761535645 173.19911702474 116.295070242375 93.6028744804668 130.652593612671 98.2980575561523 0 102.285489400228 101.41775809394 124.118824005127 90.6774272918701
0 0 0 0 0 0 0 0 135.336349487305 0 0 0 114.873912302653 125.732171900132 124.380663443303 126.39278874084 138.324249843381 120.068847488366 127.744746781142 123.594213436811 188.433410644531 131.210125732422 150.271169026693 150.551452636719 0 0 126.329730314367 123.632121346214 226.393295288086 0 167.847106933594 0 163.386439005534 0 140.606986236572 165.718757629395 138.101767857869 149.93160288821 127.193948184743 130.77465057373 144.370533662684 129.362284851074 158.529987335205 120.15374319894 125.375897216797 129.964631061165 131.300971984863 163.387985229492 0 140.955004374186 0 148.746780395508 192.622802734375 0 0 0 0 131.315612792969 121.993476867676 0 131.533461411794 158.130130767822 161.938575744629 134.334140777588 142.40901260376 95.7901742117746 0 175.223232269287 147.881190490723 142.65673828125 205.085601806641 166.075904846191 157.751491313078 101.39319152832 188.361022949219 155.925382995605 137.474822998047 112.20467376709 136.891704358553 0 180.727099609375 176.541971842448 215.93966293335 179.821655273438 163.154754638672 174.270757039388 0 194.449587504069 178.875361689815 161.72102689743 149.013943699428 203.156185150146 0 0 161.054893493652 195.655597686768 0 209.45979309082 179.539726257324 0 197.764938354492 98.0011449960562 0 175.905319213867 117.347502746582 116.08821105957 0 0 0 0 0 185.937174479167 23.2252876978543 23.9162225083306 79.1822757720947 42.6291332265121 48.0570501771539 55.7752784159074 60.4630148034347 69.7936596144374 91.0572506672627 76.4930123329163 73.6717283373048 95.7342442451639 110.558714583113 44.2419030182344 65.2087181091309 23.5646304577217 22.6470490044327 13.5507283049663 115.372055161167 89.4290088740262 114.780776432582 154.619047376845 54.6477982898091 78.0772355871767 23.6008043022769 38.3421029785533 109.349000075768 74.2937680753635 41.306124961842 49.1158468200096 23.6468274656064 76.1319667087512 85.2062222444558 64.8753895744397 104.997268676758 70.3857123851776 89.9890832572148 84.6343354202631 70.6918104144671 107.084777358311 115.471826027697 93.7558416343597 79.5901652526856 98.5096893310547 124.731587727865 118.192477955538 156.759330749512 137.79392835829 165.880945205688 163.342391967773 233.094146728516 147.532415601942 69.0765236475507 52.4981191270969 85.0952078875373 33.6209803482434 68.3438145339869 68.3065298449609 148.833757781982 126.757841671214 82.8846060693044 70.861321493844 100.596187153801 80.6885353250706 117.447787284851 122.041243951971 115.232949522353 127.247789382935 0 120.700140380859 64.1753035835598 80.1385935899688 113.581526979487 134.007120132446 182.87248840332 105.634766896566 134.775406376008 117.450881413051 176.399963378906 117.791526545649 101.339499447562 93.2358240400042 0 131.679229736328 127.732726649234 110.132304509481 98.9956199645996 103.418746422077
185.109523607337 185.114186423165 179.305619210908 180.208831221969 175.078267877752 173.440854085286 180.307703018188 189.465835571289 0 171.037028842502 172.020857493083 172.57381988331 174.475328298715 149.255508422852 153.850973510742 187.043067932129 163.119002024333 188.570324601798 170.101199122838 170.432128103156 180.486345563616 176.921539306641 221.880416870117 187.851760864258 0 0 188.915965488979 182.777825180365 167.981867472331 183.888310308042 169.2007683648 153.552391052246 160.740162893442 0 0 0 165.528652954102 164.43600019624 184.536749267578 0 180.895029482634 0 209.852880859375 158.40494835895 188.325413386027 187.859044855291 163.660079956055 201.683397235292 209.111946105957 187.307390566225 232.680877685547 213.937950134277 207.806015014648 196.843167622884 200.300933837891 235.516807556152 165.486618041992 0 149.948959350586 0 190.008579053377 219.152140299479 203.255101290616 193.195659092494 197.947997383449 0 198.617698669434 0 198.599183809959 0 216.441446940104 146.780978507184 163.46641354031 110.673214652322 213.914683024089 197.353039296468 128.91098135489 0 154.259774451162 0 202.929034423828 189.232861328125 210.093380519322 196.078379544345 204.994288126628 177.496629503038 0 221.972265070135 219.471403702446 201.031614872447 206.386282715616 219.454208374023 0 0 221.586441040039 191.17798941476 141.249571800232 211.941986083984 190.29313659668 0 30.7298300689179 33.2222843215154 89.8874318898403 75.1042055992911 53.9559252440884 68.9106412564889 105.51197458903 109.398935217606 106.547093110926 106.239922659738 117.136132326993 85.6660153405708 108.778380143015 106.215846135066 125.452026367188 134.220332805927 119.352764129639 132.058620452881 172.127240498861 162.271927515666 145.407787322998 191.187313079834 142.623863220215 98.3942979866242 108.882778821292 133.195925818549 104.088072415056 140.838547165329 157.456359863281 115.372055161167 20.2004219451684 42.4288709319817 71.2605561858872 95.6066980160741 137.194316864014 111.821346124013 129.951661003961 84.4399261474609 117.889531395652 132.504413660022 117.75805486887 99.9639518172653 118.086569883385 98.6690809998331 93.7061558573885 156.980000637545 148.711957758123 106.274894714355 143.811977386475 150.614079793294 90.3780284457737 163.493531408543 157.766995692546 130.064543290572 163.839736938477 163.485467093331 155.012818795663 141.436868940081 164.834122551812 183.067810560528 87.7891329019376 58.0808616459393 75.1957669440514 39.3637603436704 101.953842473585 137.277039527893 126.31235347382 143.020486260853 141.359465552539 145.590788799783 55.2841557779376 27.9641144493003 81.5278075210691 114.696951003302 141.547245947107 127.314147107498 168.161419348283 169.601297270362 151.778764427255 146.371223449707 87.6154726679454 120.5295914544 110.924303615794 64.9950487278086 137.026106987681 83.3490186838003 192.446850246853 169.605707804362 191.433359636579 71.2023869905716 95.7347449812133 162.442714536093 167.342099124438 62.4012216764013 84.3925265175956 65.9998492808607 106.302074924045 80.54150520018 57.2485142971136 83.5245975377608
202.058639526367 193.591526031494 188.359375 154.595066070557 189.916127522786 187.757769775391 196.58144124349 0 0 0 205.580757141113 186.885981241862 153.771357116699 199.026479085286 166.536457061768 165.70823579676 157.69155714247 174.176870009478 175.403564453125 154.495200020926 158.21755472819 181.350318908691 236.765975952148 187.435443115234 141.308059692383 0 179.418597412109 163.849716712689 0 227.590446472168 154.047523498535 0 156.371277491252 0 149.573188781738 0 144.44856262207 164.270098876953 171.636703491211 0 179.962142944336 167.712951660156 199.519367218018 138.988949584961 163.486991882324 173.511687830875 194.064765930176 189.017327880859 187.675064086914 166.043306350708 240.29362487793 239.375411987305 177.775115966797 0 194.108510335286 0 209.178695678711 0 174.491363525391 0 179.048309326172 201.599016825358 202.977325439453 172.170006888253 178.864334106445 220.166816711426 0 0 186.050775818906 0 0 178.402530670166 169.848764964512 165.503868103027 222.08438873291 174.652930297852 110.850723266602 145.731842041016 166.810349655151 0 202.510340372721 177.682792663574 191.029531305487 206.259791056315 168.820190429688 0 0 210.320958455404 211.667464447021 183.350406531132 187.892670818578 222.499862670898 0 0 207.625094943576 0 142.367630004883 0 0 0 132.460650513138 22.8421334763728 171.869641780853 148.013771507957 28.8091582277376 115.02599787308 149.791280110677 106.684739112854 158.960899353027 108.197647094727 130.116146087646 121.292462842218 87.6191654205322 82.5568085110065 0 95.9370566148024 66.976921081543 93.7521906313689 107.897663116455 148.732635498047 119.461475118001 127.442193984985 77.1633148193359 78.4675583820569 81.6937366942613 84.2599678039551 93.9097340447562 111.797618172385 115.590065002441 89.4290088740262 42.4288709319817 20.6441557965765 38.6440180435181 105.037960124466 150.421714782715 67.8498833823543 97.849328994751 91.7205429077148 120.105395876128 120.174624675029 96.5013604793908 83.0005649990506 96.0128893195258 97.9691155173562 76.5128855614982 139.348615782601 118.666294521756 142.04313659668 191.837305704753 131.567003153138 62.9925061284968 145.204341208718 143.163318489939 133.720455169678 155.469397735596 159.974716186523 145.813707452071 146.584573694178 159.118280029297 170.546046863903 115.092306280412 96.5563129340813 109.34810740153 74.224220923083 47.3758588873822 94.5851575411283 110.914279253055 117.267321011599 120.002017506879 136.913536071777 84.0620889700292 46.2746736368044 43.5572829792395 83.5321531931559 124.920162415608 111.402868693307 165.0285059611 157.614841983193 134.222700705895 139.637977600098 136.361882103814 142.275014010343 106.682756087359 31.5534694459543 124.587560061008 145.311783877286 184.852506365095 0 173.80798605214 61.8847696468198 110.057102984974 147.249076920326 151.410384196155 23.078993151783 109.3953125 92.3348378268155 85.3593327439862 54.2372163423928 27.5910002296052 64.4685369667432
153.80688975117 155.438683558555 156.784084260152 149.767462279899 140.473299839186 145.91997343685 156.094353287308 157.212530612946 139.197421073914 130.822869734331 127.707013427734 145.060929475007 152.060582128064 168.484672546387 133.253707885742 163.785051519221 158.923855028654 163.470044136047 151.854485829671 154.58160993788 159.667445442893 165.570095214844 115.559341430664 202.971203613281 0 0 179.014935811361 164.249699519231 159.626959367232 148.045058907814 139.012993417135 119.943267822266 134.201363083004 147.620549519857 149.523798624674 0 129.794453014027 151.007086867586 170.486748435281 161.395492553711 163.722047351656 170.700668334961 209.850128173828 145.563838301034 170.538893563407 171.567163156909 134.565826416016 204.352241516113 211.671165466309 189.313084920247 208.427325439453 217.936721801758 182.608202616374 170.614475250244 188.661542619978 177.292497253418 148.27762137519 217.652236938477 140.022148132324 0 172.655450439453 212.195055007935 202.286003112793 179.259479522705 188.224676513672 166.625122070312 205.518856048584 0 190.393252902561 200.332420349121 0 118.930312086896 138.887573046562 92.5636328183688 159.235543568929 195.769651140485 107.57677143752 159.049816131592 129.553252333686 180.997187296549 196.576865302192 200.895113627116 188.185879729515 172.806123763796 180.780782628942 165.568257051356 0 213.080640792847 202.828262329102 195.792456886985 192.048361288535 200.186971664429 235.551338195801 241.824401855469 218.318688964844 157.71059359037 99.8728969202632 148.931143624442 157.296211242676 114.335418701172 87.7401897627423 54.1660770940555 130.494095819647 97.9396082658034 33.6387588750914 24.0033773116555 81.783814239502 72.5772680302256 67.7507292032242 59.2843524306568 66.6778077908925 22.6311374133929 0 91.3724009195964 120.210144042969 95.9123959011502 135.341674804688 107.453269958496 140.508623123169 96.9213951729439 107.687832681756 148.483503723145 128.531590270996 82.3349756525851 95.6494819687776 78.5064976599909 85.4572647094727 139.230273655483 143.669751485189 114.780776432582 71.2605561858872 38.6440180435181 15.6984459902693 36.1789583265019 151.602722167969 40.8456942478711 92.693593343099 91.2416381835938 52.014582830531 77.7566274341784 95.6762888811637 89.5023137755313 110.231311731171 107.470194123921 85.4364558414639 145.823009914822 147.082730611165 141.933844248454 104.419317881266 111.561545166788 104.697838002985 175.205717976888 152.908027895035 125.914032999674 149.862173461914 143.131652832031 169.925855636597 149.654191335042 157.896456400553 179.166604883531 127.381769068101 114.903165716874 116.477843148368 91.1694077422179 30.3245008616745 85.2110939025879 102.692577695384 143.617283989401 139.235820628979 138.7544711885 112.064031776942 95.304229403651 38.2368478681527 134.303499221802 145.3966264116 114.776059300988 166.000696070054 171.096235752106 144.959126853943 126.602482515223 58.9432458393816 64.2503859676532 87.3252113660177 117.176379631306 122.050266601364 69.6899751259463 172.261589050293 211.738006591797 176.046936483944 98.1219489075417 126.121263099084 140.018720476017 170.082075500488 27.0411279440667 60.7947313150226 90.5021663894001 103.313309433263 90.4802904558611 115.003837857928 94.995888862057
163.147216465162 160.599995102993 163.151061772052 154.710634838451 145.415300817298 152.827214684387 149.283632507324 174.490336542544 147.881694369846 132.884021165636 130.718434955002 150.046250625213 155.424341474261 143.72552054269 137.848929268973 161.886259078979 139.149872167787 159.711674323449 137.934350074806 136.110821194119 148.585781628572 150.412708850617 130.37060546875 181.166803359985 157.3470186506 0 156.571299235026 168.945531027658 158.52256181505 151.727653344472 147.151306649913 123.403201262156 129.752724138025 134.018807044396 129.781770978655 0 131.686553344727 135.493333216564 164.87633481233 145.457740783691 156.465191589796 170.713851928711 186.833629608154 124.468749943486 162.903966730291 173.306754589081 152.508311878551 196.666123610276 225.703684488932 166.85373840332 202.945670494666 223.527570641559 177.542745655981 174.198167397942 183.475767182141 168.608819660388 151.29828459641 156.534942626953 141.205093383789 121.677589416504 174.588193620954 201.480332808061 177.118499755859 181.722507476807 188.810612071644 160.958084106445 163.523164447985 187.157872517904 184.715878804525 217.541700744629 201.024345397949 120.616053833921 129.844685862462 78.3759840329488 159.86521257673 183.010457356771 107.214056934535 117.26728404652 122.417611184611 179.893502807617 211.283412053035 202.875986735026 185.300519126747 169.559999537767 172.774042857777 161.663804945055 201.023101806641 199.414723714193 217.484497070312 185.276718139648 181.734501266479 197.730425680837 209.59841410319 221.511505126953 220.302433776855 165.243398666382 102.657100544419 150.376266332773 158.049543183425 191.433093261719 127.627681489975 80.667395970178 152.023169004 117.703084274377 70.9193528265868 77.3126202150772 109.889307657878 71.9575895297747 108.847159645774 87.5143648783366 93.4657185994662 45.1769020328229 113.910184224447 93.1007474263509 95.1955245168586 107.942276000977 71.2727966308594 81.8947569529216 115.183142089844 77.2009471759462 57.0094020823215 86.6301095145089 144.09701622857 89.995292624728 102.280029522597 82.7598862741508 82.6642399379185 137.674792819553 126.45379892985 154.619047376845 95.6066980160741 105.037960124466 36.1789583265019 14.3894908579873 0 30.7865641435657 123.021759033203 89.5297203063965 23.214662621944 63.4159510284662 104.116614937782 98.4404355531098 110.934168661794 117.301798717085 96.734192203468 133.87655889071 95.3652489703635 85.7261744907924 59.6365607295717 89.1562700091668 103.053415868189 185.203423500061 155.730259614832 140.401739905862 188.059875488281 136.609202991832 180.195374594794 157.75378036499 167.269162495931 189.567259470622 136.613890484287 132.213190505084 134.046808377118 116.131091458457 38.9887794297231 118.435192871094 86.7692210531642 138.594232632564 128.53922229343 110.222271283468 124.61327730124 108.143656397975 106.56196010814 124.358719825745 166.791247558594 118.045909554618 180.533769046559 173.349531046549 124.715778605143 109.382166726249 28.746568320597 28.6891378020498 59.1319449386491 134.604792681607 117.049691975911 56.9509982557236 162.867660840352 158.090063476563 178.510111694336 107.803470534508 137.851348849109 143.410635273108 174.692100524902 59.1048389836589 59.1817048574365 102.362503874536 115.959332090436 93.0733980905442 95.0590940202985 96.5544729552813
0 0 0 152.21940612793 0 0 0 0 0 0 0 133.630020141602 126.386074066162 0 103.324020385742 135.660011291504 136.045641217913 129.373934427897 132.17996709487 118.599147033691 125.978698730469 130.531806945801 164.473403930664 156.178243001302 0 0 147.437484741211 135.615639822824 0 0 144.658630371094 0 132.451522827148 0 164.708435058594 0 109.195833206177 124.505514144897 138.08780670166 118.796890258789 162.549453735352 149.430526733398 0 110.305316925049 126.331298828125 145.958367241753 0 138.17350769043 0 158.237045288086 184.35578918457 0 0 0 0 0 0 0 0 0 153.407842000326 180.709884643555 187.914840698242 0 138.968475341797 0 0 0 155.899075826009 0 222.959091186523 0 130.320854880593 119.373519897461 0 147.121917724609 0 100.088432312012 116.263935089111 0 154.590362548828 0 170.279357910156 153.466949462891 247.865051269531 155.693115234375 0 0 0 142.390678405762 166.6207144601 156.533294677734 0 0 0 0 139.755527496338 0 0 0 0 0 0 0 122.361928304036 0 0 0 0 0 0 0 49.5921564233714 42.8278653783009 0 47.5134616074739 24.1260979598182 56.7785520138948 84.2347717285156 71.3008969624837 103.163970947266 0 111.90592956543 69.0799447573148 85.5917373657227 67.5424008687337 60.9928232828776 76.0516637166341 77.35833467756 54.6477982898091 137.194316864014 150.421714782715 151.602722167969 0 9.09909424674902 21.5188808852086 44.146553510352 21.1315194218556 66.6864712054913 29.0705128398794 59.5919688224792 55.7405691600981 63.7424022026782 77.1670379638672 71.2023256937663 92.6691543942406 0 0 0 117.855669888583 46.4504604900584 123.634882926941 114.393945932388 0 76.9148712158203 115.577243804932 0 125.359741210938 0 131.726005554199 138.59391784668 0 0 0 18.5399797139134 17.0348495377324 77.8573270525251 76.3563908017915 84.570652566305 97.9092674255371 0 129.722316741943 61.3201397727518 27.7072537038621 91.253383729516 75.9083099997505 135.204605102539 126.963918685913 100.090840426358 97.3849385579427 0 0 58.7250480651855 28.0922623764385 89.6345173762395 91.5234756469727 0 124.871673583984 186.335195922852 90.563346862793 171.855442047119 124.384790420532 108.71151638031 82.0910446166992 0 0 120.374351501465 0 121.231513977051 95.8907419840495
170.26645262345 165.435067427786 168.526663025813 157.488467216492 152.394153594971 157.823447493256 169.350444793701 176.086386429636 121.983889411477 166.817375183105 148.760086483426 154.312075455365 147.598992816472 149.008332645192 135.03344139686 156.171681582273 137.930795303499 157.553691534348 136.426497365914 136.145663306827 153.796251433236 156.281172382588 140.710626775568 174.403235299247 167.761464436849 0 162.896444013042 156.248799825452 153.395629035102 164.370507376535 147.586241658529 132.680593066745 132.962693997792 129.524556380052 129.158598327637 0 124.104747414589 133.934434520355 164.786593401874 143.611747154823 159.700793457031 141.78987121582 182.063121250698 119.707306261416 165.56413823908 163.251762497593 139.199491500854 193.053849356515 188.966945648193 197.8939581977 188.375640869141 212.038624010588 177.509226989746 169.317533639761 185.478379642262 172.378789441339 159.200259738498 154.784072875977 127.938623046875 131.409629821777 161.813131232011 199.651311434232 185.714526089755 162.886299133301 174.382108561198 127.142567952474 155.487649100167 171.180568695068 177.655300685338 207.96768951416 188.909969753689 126.043088597744 130.277012038195 87.2749568965885 144.969270978655 182.089471256032 106.108233310558 124.487953948975 123.744998936195 175.220708211263 201.986352008322 180.326756795247 185.238440791766 172.718048803064 171.162543248649 160.126679314507 0 195.732056971959 205.518208095006 192.207066853841 180.988104155569 196.187279837472 233.587463378906 220.339947509766 207.704219818115 174.232304382324 114.061236304206 150.44114222671 154.089920806885 180.320332845052 148.650995401236 87.6901148784949 182.117722647531 167.074089050293 70.0532235370385 76.7276436876895 178.730096435547 85.5953895568848 152.572673797607 86.0849901835124 117.777362823486 61.2049477426268 68.2534531660943 64.2821433998481 119.618238449097 63.1172391189518 22.6450165573432 76.9096196746826 91.4977678483532 88.6780785392313 103.370972861706 121.9013040716 121.654936027527 80.10562337521 93.7817318811531 62.3518260791898 64.1901607513428 100.577863057454 137.998523546302 78.0772355871767 111.821346124013 67.8498833823543 40.8456942478711 30.7865641435657 21.5188808852086 17.3169424532341 64.2367241878638 38.0684219403802 20.0049720108349 23.1257230328665 80.8336528724971 85.757854866259 88.1305192382052 110.770168945853 88.8244017018171 111.708920624879 136.45826043023 84.8685359954834 117.797119053927 105.758328035388 72.4678401978444 148.763557768705 140.167737373016 139.326531940036 99.097287495931 153.59078502655 172.633116149902 163.819417529636 172.060879516602 179.991312800227 134.904065800809 132.566324191623 131.852366602698 126.1451142051 24.4766822603516 39.557124703248 95.2339313442424 104.714810462514 104.910933385921 126.038368571888 121.721594346536 109.605871443315 29.5831598302592 56.5532394692222 115.683507761378 99.9899212681587 172.012523030126 159.36762631324 136.962444786264 113.141254213121 89.92175477484 122.360880887067 62.7105926407708 62.3868905893353 110.263943449466 72.3107792970946 160.505432128906 167.675704956055 183.627729415894 106.559193852436 136.855455267018 137.037404564663 152.242856147962 51.9841014747863 77.0116426583492 112.117274740468 112.509913419473 89.2198212648049 101.244560487809 94.336312169614
0 0 0 0 210.552059173584 0 0 0 0 0 0 188.689758300781 147.807281494141 124.216581072126 121.47182448705 123.297995081488 126.976367277258 130.530397176743 133.018157612194 119.337596746591 141.440505981445 132.64976570823 175.071235656738 156.287643432617 0 0 137.417137145996 149.266767501831 0 0 128.850051879883 154.049369812012 138.518263498942 153.689666748047 123.075772603353 0 127.649074207653 138.189241665513 163.285902023315 126.047035217285 142.692727661133 0 177.975499471029 123.1946467738 190.958679199219 164.115025838216 130.018566131592 222.037315368652 0 152.495140075684 0 0 0 0 0 152.162231445312 0 0 119.411781311035 0 153.332340240479 176.003896077474 179.91955947876 155.132930755615 0 112.650047302246 0 0 171.980361938477 0 0 0 144.272303361159 98.550952911377 148.444381713867 172.070449829102 0 0 131.785145282745 0 0 0 170.058944702148 180.800449371338 139.808837890625 130.893203735352 0 162.339324951172 184.592637495561 166.483713785807 182.30485861642 203.211532592773 0 0 169.667617797852 159.741414388021 0 164.33821105957 150.504659016927 0 0 0 0 219.307098388672 179.627941131592 0 0 0 0 0 0 153.348892211914 20.565798612035 34.5117592846906 0 58.3786682078713 44.4405235846837 74.9467140272552 74.1969378374625 93.3256438499273 88.9151310390896 88.4882743278246 80.1900836056883 76.6640188755133 104.794281732468 45.7690303423251 56.4861753318342 39.9134846563599 28.7263635583963 23.6008043022769 129.951661003961 97.849328994751 92.693593343099 123.021759033203 44.146553510352 64.2367241878638 13.7317918504724 20.1209590281526 106.820155334473 68.4057403947048 91.1291821797689 24.3655773911704 56.2540471003606 82.6691100451411 69.608783070634 68.2495907166425 0 0 86.9887408088235 111.319538448168 46.7688780343911 115.463234430627 121.777484090705 99.0761400858561 84.4402084350586 116.616386413574 196.202011108398 114.630953063965 193.439468383789 159.908086140951 0 0 0 183.590866088867 53.456179160106 26.4745601314894 113.86239306132 64.8882123398951 96.3954937934875 110.433227539062 125.960945129395 97.3408708572388 71.6114503829206 55.9142682844073 111.85612814767 117.631218759637 132.151932186551 124.454607756242 120.446339289347 127.093187967936 242.831939697266 90.3786087036133 63.9436678886414 72.1023632575726 124.019725799561 111.551727294922 135.591651916504 103.60767364502 151.16035643078 105.22479738508 148.765884399414 134.877363948499 106.473206211403 82.1159691810608 0 0 122.984499104818 96.3467178344727 71.5235496520996 99.0112896873837
224.700820922852 0 0 0 140.106582641602 127.696517944336 0 0 0 0 0 138.057800292969 0 113.369828444261 104.490177154541 108.462212153843 110.230276584625 115.950213962131 113.730127642232 107.533161031789 114.107490539551 122.621240234375 107.833992004395 151.544067382812 0 108.628295898438 138.302934010824 130.405899047852 0 194.657897949219 134.195114135742 0 114.658836364746 131.165255228678 126.534203847249 95.3810653686523 110.946282126687 116.056350337649 170.540618896484 115.143283843994 132.745999145508 0 182.549507141113 100.979714529855 126.54594039917 183.930969238281 117.01077747345 203.014404296875 0 125.343231201172 0 0 144.393768310547 0 165.034698486328 134.757431030273 129.560653686523 109.732452392578 113.769561767578 89.7807846069336 149.105361938477 0 0 137.929306030273 153.367731730143 0 139.866523742676 0 139.669174194336 164.795059204102 0 140.865805625916 124.775024255117 67.2194499969482 126.085292816162 147.411270141602 94.9044143676758 100.924664815267 103.613736788432 0 0 0 156.876789093018 162.761273193359 144.080974578857 140.723526000977 200.583114624023 205.744750976562 189.414927164714 164.76252746582 169.22439956665 220.102981567383 0 198.706726074219 151.249649047852 139.217964172363 0 0 125.039410400391 0 0 91.621337890625 0 188.459609985352 85.0332336425781 0 0 0 0 0 0 100.271324157715 22.0205454717763 20.7727158997348 0 28.525316733622 21.6896647951471 57.8411111098069 25.0371940966905 86.4257869720459 109.978020562066 86.8762359619141 40.4867025263169 69.4537693146736 80.8030877546831 52.053493142128 48.3316710416008 55.7147446355876 59.3442238701714 38.3421029785533 84.4399261474609 91.7205429077148 91.2416381835938 89.5297203063965 21.1315194218556 38.0684219403802 20.1209590281526 11.2141872866371 87.219482421875 42.7451949002313 67.4195622035435 57.2416626494608 60.8262972976222 87.7031135559082 56.6852387820973 73.6839717811262 0 0 71.9888298034668 126.983200073242 31.3072595883133 103.338467524602 115.920185343424 97.3834495544434 79.1504707336426 105.079948425293 0 141.584498087565 0 145.014490763346 148.324661254883 0 235.993576049805 0 42.3576867948703 12.9967258787628 105.24068069458 65.4686127739984 77.8939824104309 95.996150970459 117.133651733398 89.7421798706055 62.458324432373 32.2584798536568 89.3205078125 87.6213543701172 122.7162109375 168.068542480469 110.219146728516 124.4391746521 115.825401306152 151.269939422607 45.4086959145286 62.2061459859212 137.810134887695 50.3381805419922 0 0 160.606513977051 70.9570922851562 0 129.305921282087 95.0805771567605 68.6427083969116 165.480865478516 0 100.841646830241 79.7710311889648 71.2382373809814 96.1137924194336
172.388952527727 169.927437133789 173.746103922526 160.41544566435 158.682329963235 160.985614885603 157.194120553824 198.014329528809 107.017044992158 153.631424398983 149.840574784712 160.266728107746 137.929398854574 130.289338918833 119.933074201856 130.434522907386 120.764881810217 140.124844167424 120.840602589545 117.584394175536 136.84633628271 141.201219271307 128.489407009549 174.162470499674 151.487403869629 0 141.409254286024 155.134084273358 141.612458574011 179.230395281756 151.171616077423 121.253985359555 126.32962374144 134.672890254429 122.041104243352 117.010176086426 114.310237442238 122.234808771276 148.933324019114 132.35306767055 149.242624214368 131.503631591797 167.146949768066 108.0394436057 148.064876174927 156.401485271282 139.84378334328 185.795269359242 191.187838745117 168.910140991211 195.375451660156 208.178056989397 167.294669109842 165.212040641091 180.924774863503 157.948874637998 155.827885945638 130.062381744385 125.344233036041 110.597686767578 157.049389038086 198.24659538269 188.179538433368 157.998632703509 160.266636318631 127.734580993652 179.26418358939 160.292436218262 172.233793470595 203.014681729403 194.335505894252 122.709572920563 121.165502455628 74.7942353878381 147.551341663707 177.353156280518 94.784147143364 97.7216526667277 112.641320106727 191.480046590169 200.806362445538 186.579188953746 175.384381843336 165.185379962532 166.336523647966 147.777564437301 153.131149291992 187.890026092529 205.838665301983 182.171326637268 170.055853271484 195.990835374401 227.724189758301 222.141717093331 205.546502431234 158.405450439453 100.104823642307 136.681530671961 147.664981297084 201.681030273438 143.063477478027 97.3810828469016 180.066860961914 154.495620727539 79.555408712019 100.344636986055 169.200787862142 90.6023494720459 118.712665557861 101.858110809326 97.6442672729492 60.7972145375822 104.058955192566 80.0927483485295 77.2820612716675 90.7422283717564 129.418719204989 56.1532541209254 129.097924550374 61.0689898790632 20.72400981206 85.2915303209703 119.871327514648 79.2560104627867 91.8942107841617 64.7126681344551 68.9236891908072 123.692823791504 137.594547816685 109.349000075768 117.889531395652 120.105395876128 52.014582830531 23.214662621944 66.6864712054913 20.0049720108349 106.820155334473 87.219482421875 14.6085813223569 22.6775756236436 80.9720030439661 86.0914674108841 97.144234418869 123.760148691577 89.3780497361144 122.669777804858 77.9353701893876 62.7295871402906 18.7872466477125 79.6513066145703 84.8179740169807 156.764276357797 138.01626857323 148.442764663696 129.390254974365 101.390986330874 175.496370103624 161.595373734184 150.86197939786 174.053467559814 142.134458458942 140.213841438293 123.024886131287 136.591487460666 56.7901334347932 86.366030962962 71.795120138871 125.49752892726 124.435893610904 87.3215085506439 125.236817321777 116.720006641589 104.640927339211 78.4518422980058 147.184183844205 99.8321842318969 171.100869315011 164.534488229191 114.800130269614 107.101025932714 65.6729175880038 14.1777702236521 49.0586133583757 96.6902064323425 103.017373118681 44.1297031332248 128.950351186899 119.927410888672 151.125878440009 106.540109851692 136.961433324921 125.746473043936 149.008047485352 78.9555143298525 81.7091905694259 125.314837004009 108.51600843668 96.0206356048584 112.709045410156 97.4983669883326
180.793115615845 177.683152770996 168.390710013253 161.596374511719 156.093566894531 174.580778855544 182.407432556152 190.547975328234 113.432054138184 0 160.231965382894 168.31174659729 132.138996687092 125.094288288463 118.733143100032 134.123974281021 122.206464163865 140.462696337518 121.847670532936 117.592504557207 139.407597223918 136.219642887945 130.330450820923 163.662698068926 136.164952791654 0 147.121902738299 144.585533941946 160.734330397386 200.63207160102 151.199964141846 133.726973851522 139.306446027152 133.826876746284 128.454378582182 103.94423421224 119.869762703224 127.017223884049 147.903138782667 128.443455464131 150.841478013501 154.928538004557 182.304103306362 108.42686188445 146.305965968541 151.193116610167 128.120420183454 192.014907836914 189.583994547526 175.375199211968 201.035143534342 218.786215209961 156.595384870257 166.867108764648 178.393000448904 155.005998399523 170.662780761719 130.886293138776 123.743521579476 0 154.402763806857 174.782512464021 171.343176841736 155.181469952619 157.588973345075 141.066535949707 168.262402852376 143.508249555315 170.525294799805 186.259554545085 176.424711439345 127.509138766202 124.394848772223 88.4362951195758 152.248520109389 183.944417317708 98.9682753628524 98.4820597512381 114.22322236182 161.476142883301 204.402385287815 160.669403076172 178.594240038323 168.416990915934 158.624948420995 145.558008330209 0 188.73522277832 203.457520661531 182.731013997396 170.444727389612 186.430605888367 0 204.739536830357 191.279859270368 153.260695139567 103.652037749419 144.581488665412 144.422185262044 165.961517333984 154.356189727783 135.426318740845 169.897312164307 187.764307022095 104.833854675293 151.286890366498 160.92497253418 0 0 0 125.048843383789 118.083384394646 67.0349873184999 58.7370241272115 68.0042427464535 54.5836126346306 15.3323261794021 50.4521034982137 22.5311058502816 51.0300810114693 12.3200162350968 56.0305894651998 31.2504961872101 75.0120971970886 90.8259919058536 59.1967324734456 66.5978815841675 104.276760655591 90.5759318779255 74.2937680753635 132.504413660022 120.174624675029 77.7566274341784 63.4159510284662 29.0705128398794 23.1257230328665 68.4057403947048 42.7451949002313 22.6775756236436 10.0175698638679 66.0290596852898 78.4358184590881 80.9765401243477 93.6933073564009 77.8362944490819 100.069570154926 88.9693722932235 71.9371943155924 59.2438299535847 68.9288560433013 78.6242726413652 148.211298956387 133.360154001336 118.70939934772 143.915611812047 103.899495442708 193.403308868408 150.284611729213 159.956888834635 168.883003016881 154.137279510498 151.47852230072 166.740154266357 154.880113124847 52.5157912044202 46.0525934075497 65.1488765238996 102.427002573401 107.489403689865 101.987398898963 125.277334819468 115.170335805194 97.7560480435689 63.0758230949426 119.260335116916 87.91550861288 156.636011032831 156.562875454242 111.45369720459 96.0526551564535 118.491930847168 101.046621460846 56.5462401603872 80.7189034008589 93.5917652067931 68.1393217813401 145.371431827545 147.167024884905 166.212171412226 106.617973391215 143.839830097399 121.188497682897 136.220255260226 100.804828426702 143.934003976675 167.708134969076 108.826479461556 89.3463174010352 91.9138403672438 95.9455578884232
233.627243041992 237.186935424805 231.24690246582 206.029266357422 177.551169259208 0 0 0 0 0 0 175.613777160645 97.9529611240734 139.347183227539 130.676882171631 115.355816744376 141.49186685923 110.382431085388 117.286140688446 131.395518855045 0 188.508018493652 144.720443725586 134.87284166385 0 0 114.393107843399 106.889426861514 245.340744018555 201.083923339844 209.291397094727 0 159.012710571289 0 147.907992553711 160.483673095703 140.697943623861 148.092272869952 105.246136369958 161.942649841309 137.031256817757 108.283392333984 131.278112740352 112.942726917756 105.135682805379 109.323785917589 0 144.629012584686 142.145874023438 125.175605773926 0 159.343829345703 0 0 155.202133178711 0 0 175.295387268066 181.517356872559 119.315998077393 107.737479483246 155.681591234709 138.592894417899 118.416667540868 116.149368937423 94.4345928827922 0 0 124.516554090712 159.818417867025 168.06245803833 177.892593383789 160.434722900391 113.232358660017 172.71212387085 146.852471033732 154.436724853516 85.8543853759766 161.050521850586 129.607002258301 158.236241149902 130.253280639648 234.448997497559 224.517425537109 216.980972290039 196.659873962402 0 158.817972183228 155.791702270508 130.200337727865 126.181011390686 170.567306518555 0 0 155.397195703843 161.482686360677 206.15030670166 0 204.630844116211 0 177.698315938314 103.953170535439 240.539245605469 166.791553497314 106.888082294795 126.412789997302 0 90.7483062744141 0 100.959625244141 94.9108505249023 117.970998764038 68.8075257081252 25.1119278571529 76.1193314961025 33.6408577614642 49.4070073003354 27.8397845037862 57.6278855197401 23.4652876218461 75.7400226807326 82.6655252518192 52.048119223191 122.734138820482 153.768699645996 97.0051584243774 152.948343276978 75.266104551462 113.145332336426 41.306124961842 117.75805486887 96.5013604793908 95.6762888811637 104.116614937782 59.5919688224792 80.8336528724971 91.1291821797689 67.4195622035435 80.9720030439661 66.0290596852898 13.2102306247031 137.957893371582 23.2101388814791 123.344741821289 133.952970668248 85.1979002380371 91.0250539779663 67.8905598184337 83.0625464121501 46.379306915963 110.325719560896 115.372766606948 88.2177257227704 102.346635991877 152.996762593587 174.000942230225 158.190553665161 129.922720772879 131.361568995884 139.342597512638 184.842559814453 167.328604561942 178.987121582031 142.153327723912 79.0713825877409 73.5805222006405 23.1842573973428 48.6430875606085 18.6302077028486 54.5601279258728 157.383475748698 132.304959914264 89.2871076388237 91.887417542307 74.2353460854347 32.9614709518027 134.158358383179 120.600823296441 75.7858504401313 54.6641486241267 118.806884765625 87.1978899637858 65.5026897192001 104.327785048374 54.0655062710797 204.476572672526 121.311609094793 100.774227905273 130.609091213771 151.923496593129 187.239907836914 88.1160508648479 114.867574743322 94.9197169128276 110.866897583008 138.374544143677 147.606719167609 150.330665588379 119.123364766439 168.952167217548
183.971827189128 0 211.305557250977 234.197952270508 169.643252563477 154.939137776693 239.742889404297 206.128997802734 0 157.533050537109 164.399814605713 208.858401489258 179.956245422363 127.031207117541 119.035953876584 126.159625782686 127.223387543036 141.498973402866 129.758445072759 121.538270237934 154.98659769694 142.798752975464 138.897826454856 166.289535522461 0 0 152.980816311306 160.907278060913 176.587610880534 181.113712310791 199.393577575684 154.871943155924 148.694944208319 130.500093460083 129.937047621783 126.687576293945 120.537996636062 135.355000813802 160.867577689035 127.248396979438 145.783772277832 0 168.161087036133 118.573995683577 150.106460571289 177.241100311279 129.918349015085 187.908807607797 177.139350891113 160.307657241821 0 192.892700195312 211.315338134766 166.815083821615 188.596197509766 139.690322875977 214.640625 128.162013244629 127.242024898529 0 155.035824245877 187.00650097075 168.083064488002 159.056434631348 174.26100769043 103.37425994873 150.826515197754 133.536575317383 173.99783372879 199.430455525716 191.960159301758 144.678063964844 136.829584839147 92.7674627806011 159.736915001502 162.831837245396 111.751637997835 123.872238852761 127.731797404673 196.058929443359 209.64051361084 170.548281351725 190.478508226799 170.39030456543 178.262333461217 149.441223144531 0 192.327404246611 188.042869567871 177.236298370361 182.439820168235 200.662249247233 215.23657989502 207.598648071289 191.804744175502 165.267751693726 114.188074747721 183.261601765951 164.635274251302 0 162.190203984578 115.199782477485 167.260342407227 147.654454231262 111.669995825631 123.043829345703 132.901473999023 83.108814239502 205.150894165039 85.5399551391602 76.6955184936523 112.153840089456 42.0713241515621 63.5084692856361 105.154534233941 73.6287861190029 65.8443629861736 85.2350821304321 80.7003891962225 105.575820617676 86.5228468108136 90.6214698572128 81.5880938352249 54.7514088340952 37.9527776296367 42.3603346943855 23.3844962903622 55.4324964863663 25.1383075233689 49.1158468200096 99.9639518172653 83.0005649990506 89.5023137755313 98.4404355531098 55.7405691600981 85.757854866259 24.3655773911704 57.2416626494608 86.0914674108841 78.4358184590881 137.957893371582 13.5634664597019 77.6979886690776 82.2265763118349 59.4075677977847 72.8670828545557 112.754970550537 168.743156433105 84.7914173280871 123.656599977281 23.7147219528539 115.91575822715 124.349844271249 104.128140484845 93.0616821050644 138.142057630751 163.105876922607 124.196531326052 0 161.740697152274 150.909349060059 137.116082763672 146.530072530111 129.734046391078 79.8971734567851 24.144685744941 109.158304117494 79.3887702886002 93.4220821214307 106.855983915783 91.8965491508843 76.267428318512 83.6694261887494 54.5813470243597 117.415826550419 115.766989125834 122.957505847761 133.530827494806 122.806511058364 116.004465103149 113.936684544881 92.1843810903615 65.347217394611 68.6759395856247 119.838898878831 81.9013302142803 159.31271471296 141.154301276574 146.921512379366 72.4344490311363 109.217666463649 131.594470493043 112.223216082426 92.4773286890101 146.717274136013 142.989109039307 74.4941454696655 49.1585309003992 49.2107401421543 18.8164995583094
0 220.121658325195 222.829437255859 0 179.42632039388 0 0 0 0 0 0 199.583984375 103.314438500038 182.731038411458 138.766497366769 121.109520698815 147.455589112781 114.435182853253 124.692569444547 134.607961938736 181.874359130859 152.048975626628 118.318447113037 130.186265364937 0 164.991012573242 122.493046891062 113.319847157966 0 0 160.882621765137 159.790466308594 165.952453613281 163.819175720215 143.039566040039 173.595520019531 142.823769309304 153.209968791288 109.388193021377 156.584915161133 132.365591399524 110.943731307983 139.594355157081 132.476654052734 109.81738875894 112.94583527471 0 144.463324955532 155.677430470785 109.657432556152 156.216293334961 159.211451212565 0 220.363586425781 0 0 218.708343505859 161.516181945801 158.009399414062 0 113.080615270098 152.422878265381 143.833426042037 120.99185929475 117.28746647305 81.96698587591 0 212.339462280273 125.062925507751 153.567764975808 135.62417275565 162.882617950439 162.046597798665 80.9044532775879 191.531318664551 129.784959157308 169.499626159668 143.914047241211 162.216389049183 111.537979125977 150.652652195522 130.193208966936 226.582183837891 202.970489501953 0 189.470169067383 0 155.994329452515 157.087674458822 136.482674542595 118.181164748796 172.411580403646 131.772415161133 172.699722290039 168.425987243652 167.19665145874 148.646423339844 187.798416137695 0 0 181.501266479492 112.486485019807 221.332160949707 149.505299886068 113.033134684843 139.537020365397 0 131.198669433594 0 117.487668355306 0 123.989962259928 65.2906619787216 23.6303212122096 86.555688958419 50.5241725179884 58.9194806416829 53.1250497081323 67.9419897452168 57.1209154834486 98.6953933093013 81.8263795776367 69.422425902716 144.821210098267 139.296269734701 86.9025901794434 117.497625986735 35.2952739485988 111.000350952148 23.6468274656064 118.086569883385 96.0128893195258 110.231311731171 110.934168661794 63.7424022026782 88.1305192382052 56.2540471003606 60.8262972976222 97.144234418869 80.9765401243477 23.2101388814791 77.6979886690776 14.4977717362838 136.067971229553 130.637185469918 89.7287576094918 86.484324319022 65.8509625026158 85.5364148689039 64.2226641939631 78.0156606980312 115.183510250515 86.5272020876986 157.772500991821 105.579948425293 164.407445907593 152.632612228394 139.07571105957 140.530281611851 139.543536663055 177.483787536621 163.84037109375 171.358764648438 137.216801716731 78.923386631012 60.9433686356795 46.78539651346 27.4891332570092 18.3008250431718 62.1756345308744 158.393709866506 122.635299911499 87.3233704257321 79.965337600708 64.5213766755729 22.5950006997559 147.19712193807 125.640153133508 73.830849548866 52.7123137882778 114.822708129883 101.868482971191 60.5010257520174 83.9594670514155 76.0570681738475 180.462348937988 111.346135739927 189.843933105469 140.424498165355 138.154189758301 176.633804321289 115.092580901252 124.831063119989 96.9826019188026 143.614776611328 155.454427083333 142.150134453407 115.203914989125 103.6540518096 148.793104383681
197.162581125895 200.228872511122 197.23263402139 195.654830932617 184.79794216156 195.762312917998 160.104423522949 210.952014923096 182.203239440918 196.737513224284 175.228044128418 188.679875488281 0 0 161.578094482422 149.63617401123 159.784744262695 146.09606552124 164.969200134277 150.236267089844 186.178212483724 190.103741455078 0 0 154.330154418945 0 170.266220092773 142.572435167101 170.883010864258 193.322482022372 172.0246925354 169.274176461356 171.464755249023 156.288314819336 0 0 133.627090454102 172.649674309625 146.128657023112 0 187.847861395942 0 0 153.725244310167 115.749786376953 160.255634307861 0 135.527482350667 179.10124206543 127.533749171666 184.599197387695 104.568709633567 208.421539306641 206.922796630859 0 153.935581207275 198.98184967041 147.021438598633 0 0 145.330186843872 137.335427347819 156.855121612549 163.508636474609 142.666580200195 108.670192718506 0 0 159.049161783854 124.018753051758 168.646453857422 161.409311814742 167.367111841838 153.720460891724 169.57942199707 140.759384155273 142.09464263916 0 164.097993330522 80.1655883789062 144.068720499674 134.369139862061 221.311989678277 216.100452968052 216.54546101888 198.301233927409 0 152.33617316352 143.870310544968 131.195507507324 153.157496948242 0 0 0 182.537063598633 206.659103393555 130.80731455485 0 0 0 104.879898157594 98.7807202524953 114.479417283656 113.896755568835 106.271386327822 120.212199598743 107.989029549264 115.214626312256 114.322329929897 112.987390136719 103.717020670573 126.045186298649 91.2304959978376 108.330946922302 78.3187866210938 72.194100516183 83.2145755767822 79.3879366041739 88.3594569836633 85.6592586517334 108.220329647972 95.1362711588542 88.3839095189021 59.4196877986827 93.6172453781654 45.6566660811261 62.5512225468953 71.0264465828252 63.351854428378 76.1319667087512 98.6690809998331 97.9691155173562 107.470194123921 117.301798717085 77.1670379638672 110.770168945853 82.6691100451411 87.7031135559082 123.760148691577 93.6933073564009 123.344741821289 82.2265763118349 136.067971229553 7.4830935248132 12.8707417696566 43.7724873868898 114.482351030622 110.724082946777 115.391002308239 104.720695495605 104.0850871693 94.0862656209006 87.5119323078384 18.6753609665097 53.9908267460512 60.2331555684408 59.1261491665049 38.9253993958291 57.0623808409038 87.4722612202168 16.3419680174561 110.515120456093 146.117502530416 114.408139324188 112.466443561372 87.7724304199219 99.9333062171936 102.693868752682 107.324469502767 83.6536951065063 54.2026478891019 84.5107905259773 107.688025424355 110.03763798305 126.313965516932 137.945071644253 69.581477988702 79.3261264279592 96.8606371725759 88.0215939113072 113.126627115103 122.412536621094 88.3628819205544 106.047783732414 91.6390848404322 111.537560035442 86.8916341781616 79.5971638815744 87.0442518189896 79.4161869758783 19.7859566504143 81.370688704462 70.9877944016496 108.290970286385 118.012426376343 109.528837923144 26.2246758002384 68.8338818020291 103.633014092079 102.83323238742
181.630745442708 181.737083961224 184.22195633598 177.639846543134 168.784603030183 178.355042811802 174.842761993408 206.372085571289 154.933866500854 201.457302347819 168.257022726125 180.752790174049 171.570896693638 133.06861114502 127.95257209329 152.472150166829 151.01660184507 153.090535163879 146.98348015475 136.635986328125 171.015880291279 169.700148405852 168.270602416992 185.19947052002 0 0 153.787923177083 192.363611221313 173.924358592314 176.626837337718 176.314764169546 145.636981964111 154.995136449833 138.475444793701 142.694869995117 0 144.158414770056 148.432811041298 185.083710988363 140.257110595703 178.492333016744 0 242.347198486328 140.902998137892 194.600365774972 198.119365692139 149.046447753906 175.715432974008 166.206737518311 149.890271967108 227.488864898682 205.29860051473 197.497634887695 190.150453694661 188.848439534505 190.260968526204 171.087417602539 0 127.112345377604 0 188.668050130208 179.436394161648 181.803442001343 197.594049072266 176.972933959961 166.920295715332 179.483154296875 0 201.746094894409 184.216812133789 189.088574727376 144.815669430003 143.326245535449 97.3563070135602 195.932369232178 187.219257061298 125.092498415992 0 141.166091492126 174.722579956055 197.921487808228 159.020030212402 201.415882655552 191.341981457126 190.060319123445 178.896821975708 163.724105834961 190.350199247661 161.62893708547 134.650485992432 184.420246124268 207.947278340658 233.411010742188 0 184.33327738444 173.781138828823 131.550436483847 167.819915008545 167.850315093994 201.355392456055 94.8132235504003 76.961601445916 99.6871615753871 97.4217173895299 84.137053343416 94.316261038709 96.1783676147461 114.915770212809 102.263643579576 121.330693986681 93.032139805385 102.856446236704 74.8024683941852 93.610057422093 106.100875854492 62.0793419506239 59.3190253348578 100.892388442467 71.0867253161491 114.578128051758 83.4243635788463 89.4799516950335 73.404173017803 19.8758975528139 47.0068559614156 18.0074996178404 39.7869531665667 81.8097574761573 49.7029955209374 85.2062222444558 93.7061558573885 76.5128855614982 85.4364558414639 96.734192203468 71.2023256937663 88.8244017018171 69.608783070634 56.6852387820973 89.3780497361144 77.8362944490819 133.952970668248 59.4075677977847 130.637185469918 12.8707417696566 10.4870882531007 26.1210004298544 144.914278030396 0 85.1143544156786 139.026937821332 83.6292771617684 144.406067588113 130.599596045999 39.7823425474621 68.3329053739222 133.273575592041 82.132055897358 64.0285335039032 98.0713183085124 100.815049709234 48.4829504028443 144.883913448879 157.187540227717 118.996793985367 83.6426214787268 85.5870366096497 141.425335154814 126.892107536053 138.569379806519 108.753380408654 75.7405694253352 99.233073107769 82.9464329151792 85.035881890191 149.973368954349 150.854718399048 83.0246866014269 115.284084743924 138.567598489615 147.851029078166 97.4948512203289 89.0910178097812 78.3491668075812 82.0523196321765 131.337880494165 83.1727293956129 136.03697052002 91.3625059127808 115.327946110776 82.1594889906586 35.3677254796322 115.803566188603 89.8890557485084 80.6036826536934 98.5107788562775 120.328233511141 24.9016791752407 52.6531586172693 79.8965864181519 73.9723851013184
0 232.399124145508 221.00602722168 201.324371337891 207.551528930664 194.103546142578 0 0 0 0 154.755599975586 218.03993733724 124.068404264228 167.087978786892 155.139591761998 149.0699597527 164.148134765625 139.867569605509 157.302635800522 158.175116271973 177.986511230469 171.032759348551 155.590927124023 159.005940755208 0 0 141.483716692243 136.017840418322 219.458918253581 225.694435119629 204.826449584961 206.912963867188 178.669281005859 226.223083496094 145.41828918457 0 184.980658897987 172.975547536214 126.201151662059 132.283630371094 164.332777786255 111.249488830566 144.582812155447 153.385372659434 108.040990004668 130.487123861545 0 120.717472947489 160.256875610352 97.8019871758026 200.826507568359 160.87151421441 0 0 0 0 195.84087117513 172.274929046631 188.239295959473 157.058441162109 125.050379628149 133.290911165873 124.365818963535 133.025060213529 125.130971931009 91.7640946486901 216.778923034668 0 118.217113550698 150.196626663208 146.176432441263 191.738377888997 182.638575526646 138.630644480387 192.143699645996 110.269901455385 182.936431884766 138.756477355957 178.399032592773 136.723463439941 154.570637670057 122.690842764718 0 214.625132242839 216.443664550781 219.087427775065 0 150.648579714591 131.199683562569 116.183644765831 124.72431692956 181.883514404297 0 172.42236328125 143.962052790324 210.655184936523 203.547248840332 0 0 219.388214111328 162.095965992321 146.886071472168 141.586336408343 169.364624023438 148.331950847919 172.889579772949 207.692855834961 150.576556396484 174.971645355225 0 144.747146606445 150.48989982605 78.7941844564089 77.2429728447636 101.267981719971 71.7265705532498 81.7741734549503 79.1898269957523 90.3889793395996 80.9963240858685 107.614961876589 98.1079819331531 87.6472243461709 69.9917356667009 99.1894302368164 29.8578312119092 61.0299463530921 36.1684951236814 35.9845900656793 64.8753895744397 156.980000637545 139.348615782601 145.823009914822 133.87655889071 92.6691543942406 111.708920624879 68.2495907166425 73.6839717811262 122.669777804858 100.069570154926 85.1979002380371 72.8670828545557 89.7287576094918 43.7724873868898 26.1210004298544 21.4815574640038 71.5322018542321 88.013543215665 109.997858630286 82.9849554251849 90.1250880417315 87.2975205572966 73.5438599918883 30.642458025385 26.3354665370022 69.1738254192264 118.937882385254 65.2499391229659 133.236395402388 112.209382525357 122.872389533303 190.796879359654 190.947830200195 166.52740587507 111.515357894127 79.8698212212207 71.7540466952476 29.5759521465742 80.0120538720762 63.845653315641 151.079344592517 134.722291381836 121.709152955275 95.3092249702005 70.4655631301749 72.5766090456381 80.247731213321 86.7041265211978 78.2168049767332 73.4037129246911 144.309163545307 129.571297762687 96.2836153847831 115.791298597287 66.3715655897098 124.38443513758 106.101438399284 61.7254803264842 97.7305142009756 133.451955892272 173.564564098011 76.3579974902441 55.397536309425 135.759223937988 131.992692565918 222.367713928223 133.201927412802 102.939709287701 117.734202509341 104.175772551064
171.987182617188 211.442916870117 174.527313232422 0 156.168670654297 161.558967590332 0 248.48762512207 162.349304199219 120.094573974609 154.101550292969 155.109469604492 80.7871680817047 115.116119384766 129.193992614746 103.548115464508 127.602322798509 99.5146586894989 116.814156009305 114.131366093953 192.741317749023 200.422462463379 152.211853027344 109.909683651394 178.493057250977 0 105.246740818024 90.0305444360748 170.362525939941 201.480766296387 161.243769327799 180.846557617188 156.827069091797 124.794845581055 0 0 139.195328848703 140.434752948468 81.9422191189181 0 117.200022125244 91.7882843017578 108.058546863903 118.758159637451 71.1071318958792 86.4873059720852 0 105.483068182917 125.444711303711 70.2950428302471 188.621765136719 155.961822032928 0 205.050514221191 0 0 170.827642822266 141.743718465169 143.517349243164 0 86.313189868927 126.064250247579 105.016962868827 93.0026497474084 90.8444240828206 43.521946589152 172.282985687256 163.448486328125 90.0432323504098 138.419538057767 136.093535172312 184.629739379883 150.17666583591 61.2332605634417 165.569617135184 87.3898024108279 164.192919413249 122.612602233887 145.92840090665 125.941131591797 146.936152718284 131.141388742547 214.878242492676 206.737686157227 0 172.150413513184 0 139.492699714556 137.889506918485 94.0719792138963 89.9907853140592 133.462672840465 0 136.377588272095 115.973867242987 171.553209092882 143.051788330078 162.292999267578 167.9625 169.901229858398 156.115327835083 120.459049224854 0 143.982452392578 183.175689697266 152.828887939453 115.636543273926 90.2836053862826 123.502853393555 119.807542800903 137.951309204102 133.968852996826 135.430557250977 202.189208984375 15.3744021669823 84.016352335612 140.879114786784 107.205399703979 91.3655217488607 36.4913459278288 62.9370579310826 50.7559420662365 95.340368270874 131.75660832723 139.330585479736 90.110912322998 114.111263275146 104.855907215792 108.534208933512 104.997268676758 148.711957758123 118.666294521756 147.082730611165 95.3652489703635 0 136.45826043023 0 0 77.9353701893876 88.9693722932235 91.0250539779663 112.754970550537 86.484324319022 114.482351030622 144.914278030396 71.5322018542321 8.99760149197815 14.7884741169326 36.7910697889094 20.7625275131634 119.77681350708 109.241770101148 92.7012925889757 89.7816027127779 87.2239952087402 18.2621666547145 101.057289123535 107.789206848145 78.8304826996543 105.70907981822 177.87903213501 169.439994812012 118.477669715881 154.79795328776 138.966905212402 140.641409301758 91.4194819710471 71.8395839820162 85.5598411560059 21.0394351365952 171.350314053622 131.5042552948 157.661221313477 116.496096801758 72.2304561449134 60.3213668884522 102.448252968166 101.488471842258 23.3533608818135 64.4474404652913 93.8330931000362 70.8306245420831 37.3216023509393 128.241929796007 71.3149707582262 63.3929933175862 53.7167282997955 40.3736503051103 68.2575542974536 123.261947631836 162.101928710938 63.6469658586844 96.3146711432416 114.624443054199 79.4957158662522 106.018897518035 188.066986083984 126.98823038737 128.657608032227 168.531381225586
0 0 0 166.405136108398 152.896003723145 154.862403869629 0 0 0 0 0 155.419647216797 72.7396536755773 128.085784912109 108.116237216526 90.8345800991716 122.690474828084 84.6154980018238 88.9882526900269 102.412755966187 152.063735961914 168.221168518066 108.873752593994 107.088346099854 0 0 95.1727646986644 86.0051423136393 205.32536315918 0 142.971318562826 0 137.244094848633 167.068466186523 128.479141235352 111.953422546387 118.330907821655 126.261697035569 83.0541410649076 0 107.870646403386 86.9760783268855 111.351095199585 76.0478160340907 83.8024719808703 85.5314020130732 0 126.825432671441 123.161972045898 97.2605419158936 134.830795288086 145.827705383301 0 0 0 0 0 161.691680908203 0 0 87.3017524355934 144.91618674142 110.782649700458 98.7517517444699 95.3787174224854 47.8100657076449 206.049438476562 0 116.196581108626 142.014797973633 143.56509552002 0 125.681704977284 37.2873805837428 148.489044189453 106.136796431108 87.8408126831055 91.042854309082 130.98339176178 93.1900405883789 162.94545841217 172.578651428223 0 0 0 0 0 155.792104867788 151.182054748535 106.768651689802 103.814324823045 108.212758382161 0 159.835457938058 142.305616378784 162.608158111572 153.485610961914 0 182.360168457031 0 130.089767456055 0 0 0 112.26634979248 0 0 72.4234476089478 136.157943725586 0 0 83.9716148376465 0 47.7112030029297 16.6736674333534 57.982837677002 0 105.964858161079 78.330680847168 21.1413075240732 45.1565125418083 25.9977786777306 68.8161751883371 167.782089233398 0 93.6521492004395 126.607810974121 71.054983215332 90.3985595703125 70.3857123851776 106.274894714355 142.04313659668 141.933844248454 85.7261744907924 0 84.8685359954834 0 0 62.7295871402906 71.9371943155924 67.8905598184337 168.743156433105 65.8509625026158 110.724082946777 0 88.013543215665 14.7884741169326 7.39550784824568 21.4784983791269 31.7613434675857 109.041946411133 136.945782470703 98.0332956314087 109.94811630249 0 43.6642491427335 121.266448974609 0 96.50823702131 121.824632856581 0 0 83.7597579956055 0 203.742813110352 0 88.0288726806641 86.2186897822789 76.9752718607585 18.8796388067641 134.998733520508 129.60763168335 146.085001627604 0 119.796399434408 135.429370371501 102.482460021973 98.2312531904741 63.5916719864826 67.0475559234619 79.0276504907853 57.0992650593797 10.8852813998642 165.577507019043 134.6274269104 45.5199962157469 74.85270875295 56.6008998552958 87.7081014056538 0 173.649261474609 81.6646513938904 93.1340108598982 0 73.7232164081774 94.5100021362305 0 0 0 0
171.239845275879 185.385856628418 203.478591918945 0 174.754727290227 176.091920216878 0 173.534993489583 99.6438217163086 100.280860900879 112.276191711426 162.37978515625 96.339143932109 106.573588263128 99.9370297899433 102.632036282939 107.732594881925 100.832646240777 104.002235835203 97.929028099037 126.489473497545 123.529596898463 119.523328927847 140.719087791443 120.87580871582 176.118881225586 115.315102296717 109.777273415333 166.465534210205 143.643310546875 136.739826202393 124.713655471802 122.064227778737 127.237089157104 107.114688375722 0 101.592180183135 113.894499389316 117.430529811926 109.658675222686 137.835358718346 141.395408630371 149.031088787576 88.9065757882187 108.776435673237 119.722436229635 117.525881740025 163.311810387505 177.364987182617 125.8832644508 174.211669921875 185.159562544389 149.592586517334 149.268379211426 160.739711761475 143.85856628418 156.182534790039 126.082727432251 115.982162952423 101.207710266113 120.621431964939 167.206686231825 158.613275073823 128.92237938775 129.053945039448 104.484358651297 156.920818752713 109.823786417643 140.284440488231 197.166738891602 183.871196746826 117.578184633839 112.168619065773 55.6943839538929 153.534365844727 135.744683343011 87.5628745846632 87.1579552835493 99.8922616034439 166.491790771484 179.484571977095 146.838943481445 165.808506480434 153.134171379937 156.144765308925 135.451612389606 0 180.611946105957 178.157721201579 139.691178928722 140.786698999539 175.6275620894 0 238.92317199707 162.502449838739 166.566876220703 84.7943752973508 135.69240461077 131.554321289062 149.166290283203 181.621770222982 178.706611633301 0 166.089462280273 139.532068040636 180.241000366211 0 66.775755405426 0 118.969609578451 109.597995758057 101.360869543893 99.677138264974 78.0088527679443 30.6683022318346 97.0769989707253 76.780294418335 90.6810606135878 104.636401282416 49.0816673153222 23.3509395737608 21.9996732145652 41.6458260479583 73.5980193096658 87.7900209928814 72.0890544891357 62.1497993469238 106.628583027766 85.6123819351196 89.9890832572148 143.811977386475 191.837305704753 104.419317881266 59.6365607295717 0 117.797119053927 86.9887408088235 71.9888298034668 18.7872466477125 59.2438299535847 83.0625464121501 84.7914173280871 85.5364148689039 115.391002308239 85.1143544156786 109.997858630286 36.7910697889094 21.4784983791269 11.2675749023836 64.7781015422246 87.1780159656818 136.497965833876 120.678708047578 154.032065073649 115.394559860229 64.9691404852592 129.299560215162 151.439380352314 104.729138826069 140.802901373969 142.149580001831 125.968963623047 122.71301651001 0 93.7657194137573 79.7338462557111 66.887899692242 106.728741225663 114.026395307268 45.8436820437337 123.086847825484 130.567475318909 110.0927734375 84.404972997205 115.018990460564 104.696169077555 139.060165405273 129.129572824331 87.1454937022219 98.0845783778599 60.4796569824219 29.246112989884 27.0089626018495 96.3501197151516 89.8030180582186 22.1714425612874 86.5309988575064 73.8399284187405 109.250818317063 94.5801176183364 141.919676462809 100.742190146933 126.888601232458 154.083786010742 61.7339583587646 68.8358097076416 104.076262645232 83.2052331147371 118.603193283081 94.0649235669304
0 200.451446533203 206.738861083984 204.058670043945 194.911719874332 188.220413208008 208.460014343262 0 161.923797607422 157.267433166504 180.653472900391 192.293610572815 97.9549417930833 149.786029815674 139.576791226507 120.563604815077 151.752204626649 112.080155580721 120.418194539471 138.263830103773 213.127075195312 192.430719446253 163.75651064786 133.811693350798 185.369468688965 139.120936075846 121.721721523028 113.246817444637 209.608715820313 213.397075108119 179.98260724103 185.108145577567 171.853457132975 177.11182680997 147.410889845628 173.129846191406 148.620635408344 152.743342352129 109.005816281343 154.895277295794 130.652557174881 112.553360126637 134.819183815954 116.70678482681 97.1731958833001 109.609126982086 165.933729383681 143.456413915602 139.893183571952 99.592794380936 164.903236865997 170.340064553653 230.671981811523 217.512847900391 182.835529327393 133.287612915039 197.129814147949 173.741120232476 178.914912297175 166.014883041382 110.758819712994 156.736849835044 137.997404470676 120.11066626617 115.166912894767 71.841796911857 207.221263538707 173.336692810059 116.516126218692 163.350379705429 152.986505097034 168.557259601095 158.854129264025 91.4082328533304 175.986856248644 118.060194301955 154.842611999512 113.328280362216 155.166178729083 140.687417984009 163.480746717338 147.11262044599 214.915733337402 216.17862701416 220.390295028687 202.206265258789 0 163.667647196452 157.215607580044 117.044358407635 111.459755879505 157.353275744946 186.232940673828 178.891355572325 150.285379886627 178.844372003729 152.99488067627 230.419013977051 183.504501342773 191.338366699219 164.417873382568 137.234076727004 0 237.365173339844 131.510530170641 143.31946182251 0 119.648008412328 163.655975341797 123.361602783203 111.740430196126 106.517316818237 122.960207770852 87.5407515836049 21.8656641062359 103.348709019748 90.2613019943237 73.1543133593946 96.1009199142456 17.2436991668371 64.9082138237787 31.9529107866935 55.9076114695893 136.296476056499 143.959629979627 103.733502546946 118.897173604658 83.6777345580502 108.134326494657 84.6343354202631 150.614079793294 131.567003153138 111.561545166788 89.1562700091668 117.855669888583 105.758328035388 111.319538448168 126.983200073242 79.6513066145703 68.9288560433013 46.379306915963 123.656599977281 64.2226641939631 104.720695495605 139.026937821332 82.9849554251849 20.7625275131634 31.7613434675857 64.7781015422246 15.3097331661103 121.897347611991 120.090684120472 110.88917726086 101.196428585052 100.334653557671 51.9581577930975 150.495895212347 124.294649058375 128.395138520461 130.847495785275 187.477486746652 194.293757120768 149.493275960286 161.817279391819 114.225010835672 126.589931712431 38.6317581616832 78.1178226596564 83.1462686880311 45.2245107924926 182.337151227679 154.504111698696 127.62088137954 119.61559990609 115.423167076664 66.3755216591645 128.155810652108 124.063274170542 30.8319471163838 64.4167499210524 110.857354498529 92.2206443392397 51.99440469024 125.597379584061 79.6894272984685 93.6501148347932 110.852805914906 75.4597427923948 104.770432384756 166.342844182795 193.864249335395 87.2129257599957 113.025674246699 128.545666146786 106.984554173396 134.689643859863 162.095442199707 139.468684895833 136.965200636122 149.910220675998
185.21208190918 157.071136474609 228.184700012207 189.654673258464 190.356379191081 188.96738688151 0 0 0 0 124.848670959473 195.852282714844 168.835296630859 131.36966974595 124.637479325415 144.937671003671 129.370770068879 154.507285224067 135.735108975497 125.944610595703 145.907525634766 142.918392499288 127.24439239502 178.013895670573 0 0 176.782385689872 173.600204467773 170.211364746094 0 196.44856262207 156.369288635254 143.713860251687 134.56927381243 128.461261204311 0 123.077707417806 135.435397984632 169.721307193532 141.832386779785 160.171057441018 0 185.700948079427 120.075901079781 155.540907467113 168.754469268176 129.208652496338 194.159914016724 185.511436462402 165.080629621233 205.253555297852 199.812324523926 171.220840454102 176.040921020508 188.58571472168 159.739231654576 134.560638427734 198.027786254883 137.264276776995 111.300216674805 161.819668418483 192.768751961844 176.023506164551 164.147402082171 170.511653553356 116.683372497559 156.857498168945 130.545669555664 170.042354749597 238.154205322266 234.879150390625 149.873932286313 137.962048505872 95.4284150407121 148.066500854492 172.637936760398 114.104511607777 114.133997599284 133.359487645766 181.836400349935 222.68293762207 212.707748413086 187.243428184873 173.179011753627 160.407553100586 167.508680343628 0 208.820302327474 201.836502075195 180.780665806362 173.509184674519 197.087214152018 237.014801025391 223.140075683594 183.80103302002 168.835881551107 108.872797648112 190.984664916992 166.927917480469 0 153.897499084473 117.000799560547 167.423099517822 162.252655029297 126.235814073351 151.252627497134 203.14501953125 204.956695556641 0 117.008499145508 87.4359436035156 128.608331533579 59.7274457634269 69.1618723782626 118.140754699707 95.9436587458072 56.7251622817096 109.506001154582 100.285868737005 126.534382120768 95.1413090375005 113.693999047373 102.956158673322 71.9460183169546 76.6957460908585 64.287593518534 45.9238059821391 74.7635718603254 62.370024023209 70.6918104144671 90.3780284457737 62.9925061284968 104.697838002985 103.053415868189 46.4504604900584 72.4678401978444 46.7688780343911 31.3072595883133 84.8179740169807 78.6242726413652 110.325719560896 23.7147219528539 78.0156606980312 104.0850871693 83.6292771617684 90.1250880417315 119.77681350708 109.041946411133 87.1780159656818 121.897347611991 14.9930033534987 125.615188390017 135.625493638059 118.625612894694 103.266513902314 117.339225769043 141.29909324646 142.865169599944 174.468503952026 166.378057479858 127.828443654378 115.663147266094 118.560237884521 106.695868450662 56.2148277688264 31.7865253865986 116.245243260118 91.8054301470902 96.8679038375171 116.115585962931 100.055803968823 78.5578740297062 53.6329257422285 23.93965166928 112.670183019435 99.1030664294178 134.082027675389 141.741698895813 122.71576862507 119.170027378627 108.658254941305 89.4075802250912 66.3038518206673 26.4430536675499 122.191894925874 96.8366536360521 160.916004180908 138.684033711751 168.128961378528 78.5996737694955 120.077373579437 141.826962301176 119.68117888361 76.0362327902658 181.985682169596 115.518058776855 89.3706374138406 59.0905865733759 46.7757079201865 31.484528621372
238.117736816406 0 234.094055175781 0 223.863122122628 183.27668762207 0 0 0 0 0 246.410095214844 155.181747436523 0 195.093225479126 196.434107462565 194.020951271057 176.159790039062 194.477310180664 196.759474320845 0 198.889140537807 188.384216308594 193.950780232747 0 167.824223836263 214.87068939209 187.082186889648 228.436314900716 217.491449991862 195.671871185303 0 202.045873006185 194.881103515625 206.912559509277 199.4521484375 210.170776367188 207.452660369873 152.706486701965 241.219116210938 171.753893375397 112.488143920898 178.107772827148 187.480238481001 129.797859191895 168.542859245749 209.564292907715 113.199440850152 154.48696085612 111.095632038946 144.273270743234 138.83594602697 0 0 225.300277709961 213.59651184082 221.120188395182 188.215484619141 0 0 167.975880673057 115.225141404834 120.860906291652 169.043130493164 159.319145896218 138.344165257045 0 0 141.898911612374 122.147307395935 124.427991701209 225.619194030762 210.180235799154 200.01695505778 210.302434285482 119.454490432166 188.776092529297 193.459915161133 208.85026550293 113.064401342514 141.376963059107 97.3366493666468 224.490257263184 223.697174072266 0 0 0 114.929126273412 116.906368893762 119.125324865548 145.681942832145 161.179496765137 0 164.357238769531 129.822274446487 219.910789489746 201.660198974609 196.905632019043 0 0 192.970199584961 170.676725304645 209.19755859375 196.85986328125 179.142493669377 213.347142999822 150.59912109375 195.141403198242 201.572250366211 0 0 194.529107411702 129.796660811813 125.297295419793 159.162925720215 110.912069702148 131.820125926625 112.57160282135 128.983420372009 118.847684164608 146.683623517146 130.000833892822 126.301503022512 146.554395491077 149.258839611937 112.093911046567 107.124562876114 101.776609361172 99.8829788580173 107.084777358311 163.493531408543 145.204341208718 175.205717976888 185.203423500061 123.634882926941 148.763557768705 115.463234430627 103.338467524602 156.764276357797 148.211298956387 115.372766606948 115.91575822715 115.183510250515 94.0862656209006 144.406067588113 87.2975205572966 109.241770101148 136.945782470703 136.497965833876 120.090684120472 125.615188390017 19.8170536628989 31.131917719402 67.5023763947568 67.3212623596191 69.7283444266788 168.490298271179 105.974214420762 96.0731048583984 71.166710276182 205.919518832503 199.469564077016 211.831847246955 178.805509202024 134.274285395343 119.130429351214 109.169802251852 74.5403811838596 31.1942053369215 92.7394186298499 177.977875511713 158.013804434283 137.500208368107 126.449709380882 48.4059383809904 77.7640777466789 26.3738494409852 34.5149171643819 98.3607091943757 89.4973241891434 179.040133666992 157.733790177565 131.535079624342 137.6300684611 74.534329533909 141.671051612267 57.5443168592353 62.6641562779744 96.6820573149743 160.67327068698 202.517035507574 77.2246943125084 40.9184751898878 150.726626749789 150.369142532349 195.603886195592 165.640092122621 135.981697538006 141.042021857368 142.239954124571
0 0 0 0 224.938223702567 177.138519287109 227.500717163086 232.315231323242 0 0 241.764556884766 248.276275634766 150.137007577079 188.13215637207 195.539791107178 166.830187988281 221.312536621094 165.910112592909 181.741790771484 173.739799499512 178.324508666992 211.80573425293 0 171.05729675293 0 232.101837158203 157.304750230577 157.19210096506 224.671307373047 240.823379516602 216.431182861328 193.201644897461 214.52707417806 230.535461425781 232.719650268555 0 195.525787353516 200.90018985146 147.098335635278 211.101455688477 159.730618020763 136.937347412109 157.701931829038 187.156905280219 123.229451214826 151.456234822231 0 105.655438056359 122.335151195526 97.3328926693741 138.460201556866 132.862374977987 0 213.356575012207 222.772270202637 0 215.820129394531 232.986419677734 200.652984619141 154.16682434082 149.661512638972 109.713438019981 109.554031572844 167.701847956731 145.350168282645 125.947871843974 233.535711669922 189.142776489258 132.992706298828 119.70951183637 122.179987290326 205.124198913574 212.731493436373 170.403352737427 219.440536499023 111.333936561659 217.496479579381 0 197.545202891032 111.74254727054 134.315618476612 94.5174862593082 194.905746459961 216.124084472656 231.84880065918 218.382098388672 0 112.652149981763 110.346908818287 107.21003929559 137.28038012522 167.316614151001 149.868743896484 143.123583475749 126.634701694351 206.971408081055 211.567068099976 204.056640625 179.725524902344 219.662094116211 179.823428683811 152.027665530934 195.607875061035 202.501783447266 157.241679057816 170.835085449219 228.439590454102 151.525314331055 168.880874633789 139.120788574219 0 173.158830915179 129.632829393659 95.5518852056459 113.376973833357 105.512609442075 113.652945869847 112.841692401517 130.59075086944 104.857809821765 137.408574493838 130.250977370318 127.940639666657 151.585871329674 153.854292399089 102.158098914407 114.751239776611 110.898623972926 106.992398009008 115.471826027697 157.766995692546 143.163318489939 152.908027895035 155.730259614832 114.393945932388 140.167737373016 121.777484090705 115.920185343424 138.01626857323 133.360154001336 88.2177257227704 124.349844271249 86.5272020876986 87.5119323078384 130.599596045999 73.5438599918883 92.7012925889757 98.0332956314087 120.678708047578 110.88917726086 135.625493638059 31.131917719402 17.5197578585754 62.1887086721567 62.8972682283636 57.1724632312725 142.238743989364 127.836157353719 137.196358998617 54.6071931909851 194.521280435415 201.005363174632 208.067140148532 174.765530354268 130.223723383962 120.091406954252 93.2885663168771 84.1630211209788 53.8002389405108 89.7336209118366 185.383017025606 157.222070164151 138.536976822563 128.626886853985 39.8113420578388 60.4966220997053 60.8236514275724 33.3276962918659 86.3376499852489 68.284551261788 176.396600576547 138.304016960992 120.532415866852 142.139762498306 24.0170332925253 143.934501647949 60.3691986730093 53.5972248368962 64.5827246815746 166.792554511399 204.822361115486 45.2717713480493 72.1612695625566 144.593243667503 152.32515833928 188.744617886013 176.818141131334 148.983123545744 142.594236184623 156.109276841326
215.898797607422 214.416632080078 212.509744916643 206.195148468018 0 204.980586242676 0 211.452575683594 0 162.24885559082 183.325031280518 202.891708374023 135.602335611979 0 183.757423400879 174.805549621582 186.699737548828 149.070560455322 179.201713562012 168.47492980957 226.819473266602 0 0 151.41780090332 0 0 0 137.115333557129 216.488872528076 205.916434151786 199.857051849365 190.971572875977 196.577057902018 0 0 0 180.971664428711 192.303205490112 163.531362745497 0 206.348400878906 0 132.392517089844 192.500081380208 106.789728164673 135.073557535807 0 125.921616617839 0 120.296566009521 0 111.089346313477 0 220.310272216797 0 0 218.797088623047 0 0 0 151.285057067871 141.005062920707 131.680788040161 141.310989379883 0 81.0400772094727 209.922439575195 0 141.88140036843 171.157341003418 175.942540486654 171.097954644097 175.919673039363 149.754163106283 242.089385986328 136.047772725423 171.415349687849 0 184.594441986084 124.383405685425 154.822351243761 122.048977191632 234.953829447428 221.940668741862 226.080772399902 204.284317016602 0 140.444727155897 145.441023130675 129.328635720646 144.616555955675 0 0 158.717361450195 143.938789367676 0 148.350105285645 0 209.388519287109 0 122.189227199055 118.158453822136 129.52900010261 131.65211303849 127.569139071873 139.060002568942 127.780240885417 127.455169677734 132.464446123909 149.473808288574 145.251945495605 141.264758059853 96.1021105448405 98.05224609375 92.1786804199219 93.9720332933509 90.9356643676758 103.788354056222 107.945083286451 99.1076068878174 128.252099100749 122.327365875244 115.398474843878 104.597010748727 134.134874343872 64.8005786020248 85.1982298410067 83.0350156743476 75.4990038871765 93.7558416343597 130.064543290572 133.720455169678 125.914032999674 140.401739905862 0 139.326531940036 99.0761400858561 97.3834495544434 148.442764663696 118.70939934772 102.346635991877 104.128140484845 157.772500991821 18.6753609665097 39.7823425474621 30.642458025385 89.7816027127779 109.94811630249 154.032065073649 101.196428585052 118.625612894694 67.5023763947568 62.1887086721567 10.3495795081584 21.7636717768906 79.2634569803874 47.9351998273064 20.7405106039487 41.3984332860902 64.7163582125577 30.331800743044 118.818620681763 120.824094136556 143.912120103836 128.231212781823 95.4337946573893 109.313925799202 81.7720643864122 96.3966468175252 82.0509525167531 76.2986371154785 115.149369729532 129.857384091332 105.105523681641 92.4661647251674 100.507874806722 50.066817424316 56.5717486063639 102.749124616106 88.9163417816162 137.916456369253 155.942888259888 114.334962463379 130.145266364602 82.3689322673099 128.449909528097 75.113602031361 72.3466748418035 75.1450671763033 151.70339827104 56.8641250943675 69.8697791652785 38.2779570989565 127.159321140599 129.092654546102 120.768069903056 121.47375588668 134.872187296549 148.964775085449 127.838863372803
0 0 0 0 0 0 0 0 0 0 0 234.779647827148 144.815601348877 0 0 167.669235229492 172.568458557129 167.326858520508 167.278335571289 164.353454589844 0 0 155.33317565918 0 0 0 0 184.073356628418 0 0 0 0 235.514862060547 0 0 0 0 191.188098907471 151.857810974121 0 168.970199584961 0 124.042861938477 0 133.87998008728 174.618474960327 0 132.024799346924 0 96.7156575520833 152.981674194336 0 0 240.916412353516 192.129287719727 0 0 0 0 0 148.716687520345 129.815848130446 109.429153442383 150.754638671875 118.720321655273 129.496454874674 0 0 129.301093014804 221.510437011719 134.813654581706 0 216.231056213379 0 0 118.79982164171 0 0 192.272816975911 0 175.310653686523 99.1928997039795 0 0 0 0 0 137.085571982644 138.178317436805 117.871083395822 129.67804099418 0 0 0 155.020853042603 0 0 0 0 0 136.990028381348 143.647186279297 151.144940694173 156.110954284668 200.287124633789 181.534641265869 0 190.090240478516 0 0 0 165.048095703125 101.002830505371 95.5614814758301 92.8110046386719 99.0775192260742 123.184703063965 98.1456782023112 110.03739304976 106.153093438399 132.286624908447 117.278345108032 114.964506626129 90.1930669148763 135.009404659271 60.080815076828 80.4162035549388 76.2586132952275 70.2102154071514 79.5901652526856 163.839736938477 155.469397735596 149.862173461914 188.059875488281 76.9148712158203 99.097287495931 84.4402084350586 79.1504707336426 129.390254974365 143.915611812047 152.996762593587 93.0616821050644 105.579948425293 53.9908267460512 68.3329053739222 26.3354665370022 87.2239952087402 0 115.394559860229 100.334653557671 103.266513902314 67.3212623596191 62.8972682283636 21.7636717768906 11.0682953293196 64.2476683722602 93.9961840311686 42.0827214729273 77.0464248657227 87.9052391052246 0 190.645553588867 0 0 156.495417277018 87.5756985473633 93.958535724216 51.599222365846 55.1185262543815 81.7067078484429 165.687327067057 159.431835598416 141.256847381592 100.33811715933 75.6134509425009 90.028613457313 54.7552777286387 71.1415344825158 89.748316468311 87.6377498626709 155.613861083984 176.973922729492 125.94393157959 136.657028198242 69.6501164523038 153.935890197754 77.1730666160583 55.5626578154387 86.962008750602 146.853724161784 134.347244262695 71.1970469572834 25.9364893302781 126.353729248047 132.55534362793 0 176.89892578125 114.997792816162 103.743995666504 128.151854705811
0 198.925750732422 199.585090637207 216.473098754883 192.330612182617 180.035621643066 158.690433502197 0 0 147.624313354492 172.092906951904 184.190995352609 109.092615763346 0 142.939525604248 158.177729288737 159.829601287842 228.208641052246 153.638294566761 152.978373209635 0 156.96208190918 126.605094909668 127.056602478027 0 0 129.087707519531 126.369176228841 189.57527923584 0 192.149421691895 138.411163330078 158.451080322266 0 0 0 0 163.566967773438 110.552800178528 133.558135986328 160.270488194057 92.611644744873 109.927594271573 152.123685455322 92.4595431623788 107.52397371688 0 92.4604308773773 113.026827130999 74.201651088527 0 152.094244384766 0 0 0 0 0 0 0 0 100.054539998372 106.836995991794 92.7731236049107 110.151947021484 91.310905456543 83.0462973594665 214.650665283203 0 91.1987973033722 137.428792238235 130.967259457237 155.18639918736 183.291943868001 130.593238830566 200.874582926432 86.8714290439146 159.675956726074 0 166.204917907715 113.09566619873 145.990051375495 106.426902845794 223.572514851888 224.76850382487 0 207.098785400391 0 133.755126645212 105.505565359426 93.7145097953122 97.5037224853516 138.732400512695 140.987303415934 145.117442321777 113.230955591742 180.604496002197 130.21128209432 188.081329345703 219.326400756836 187.616394042969 165.625318739149 159.763679504395 0 199.559514363607 148.748222351074 191.63907623291 179.734886169434 108.304676892286 168.596069335938 136.03632245745 162.35471089681 159.090087890625 0 0 42.9375629425049 95.3568382263184 0 130.887631225586 106.156841278076 94.7504081726074 96.758251508077 80.1395890977648 127.991991043091 186.579844156901 142.320098876953 102.016929626465 141.222196578979 120.26038646698 0 98.5096893310547 163.485467093331 159.974716186523 143.131652832031 136.609202991832 115.577243804932 153.59078502655 116.616386413574 105.079948425293 101.390986330874 103.899495442708 174.000942230225 138.142057630751 164.407445907593 60.2331555684408 133.273575592041 69.1738254192264 18.2621666547145 43.6642491427335 64.9691404852592 51.9581577930975 117.339225769043 69.7283444266788 57.1724632312725 79.2634569803874 64.2476683722602 10.5581746877892 88.8923629682089 102.83702305385 71.5660637624903 84.9286144353166 174.711608886719 213.886421203613 149.457816123962 160.300552368164 156.519559224447 112.482654571533 128.724527994792 86.1176739128268 54.7047323638743 32.07024223125 164.888137817383 157.408615112305 132.895864486694 131.437288920085 56.1574165076017 75.0154625488831 93.365085874285 82.7538931919978 22.112521211707 73.2174318101671 115.575241952572 96.2285474464469 72.3057561473787 151.635442097982 46.2480532032575 86.1911316123198 26.4976662474728 29.3436642557016 32.2916567062287 162.323837280273 0 50.6853967124281 70.6252166302535 155.888674926758 98.0317713903648 124.922043771455 157.665557861328 183.524063110352 0 172.30057144165
228.303131103516 224.061050415039 226.169104003906 239.345097859701 235.64213180542 230.469507390803 196.54768371582 237.255393981934 219.436904907227 199.081802368164 226.810077667236 225.667601845481 186.635437011719 0 227.640716552734 223.981491088867 229.061289469401 177.028208414714 208.241203308105 0 240.224807739258 156.069686889648 0 184.245346069336 234.574966430664 0 183.90283203125 199.216903686523 238.245895385742 218.150932312012 241.058166503906 217.895080566406 219.8547706604 0 0 0 190.428298950195 214.000025431315 222.076095581055 0 174.833829402924 0 180.867914835612 145.258377075195 157.326599121094 191.570556640625 0 131.738607406616 188.433217366536 122.384024027232 103.078716580461 87.113155752806 0 0 128.363021850586 0 230.168258666992 0 0 0 215.861587524414 138.024427521095 169.431219918387 0 206.813034057617 138.415691693624 234.501541137695 0 179.416249593099 120.118559265137 115.37661413419 215.803800729605 221.814195421007 153.753127554189 0 135.346280415853 190.505165903192 144.414965947469 218.386250248662 74.5135903101481 105.652357020999 101.19537171231 146.531719207764 198.116928100586 201.13298034668 232.095943450928 0 122.248195308365 149.388725236145 158.686203835227 174.385222862507 123.249002309946 113.410795630478 122.449244817098 170.981919424874 223.18473815918 194.577995300293 207.618474324544 0 239.750610351562 166.858860964031 156.56474524604 174.215870704971 173.065132052399 169.378772583008 177.021836875142 160.787461853027 161.704165739172 181.37516784668 142.664775848389 0 181.358030257686 160.447692871094 155.188781738281 129.843696594238 0 0 172.26870880127 0 155.821581840515 169.079135131836 157.168113708496 158.264951705933 179.954462687174 205.032409667969 112.2903175354 128.793121337891 157.120227813721 123.719360351562 124.731587727865 155.012818795663 145.813707452071 169.925855636597 180.195374594794 0 172.633116149902 196.202011108398 0 175.496370103624 193.403308868408 158.190553665161 163.105876922607 152.632612228394 59.1261491665049 82.132055897358 118.937882385254 101.057289123535 121.266448974609 129.299560215162 150.495895212347 141.29909324646 168.490298271179 142.238743989364 47.9351998273064 93.9961840311686 88.8923629682089 15.2836408502721 29.9655219381205 14.210384768722 35.3220936439378 71.3068951086564 98.5945799085829 158.22350769043 168.353065854027 165.919214521136 186.393051147461 134.61779361301 149.846069946289 174.826567513602 79.2223140153309 100.951983889411 144.628537586757 173.952833175659 174.781311035156 151.917960802714 143.541567281087 32.5515207880395 102.434204260508 114.376746437766 147.030126953125 172.556924002511 149.039825439453 106.047510091541 178.023413764106 126.179901816628 134.624531350874 51.6088713347912 61.9238192442876 58.6091682397962 140.549763997396 93.0791190047013 102.413109603681 78.4081622708228 164.392797055452 145.744033203125 156.726915232341 103.93833226743 177.993057250977 160.335989379883 163.694128417969
222.24859161377 232.308099746704 228.763492838542 227.664975253018 218.442807515462 213.150304723669 233.968475341797 223.464141845703 186.864532470703 210.912221272786 208.160147094727 220.616175218062 199.966018676758 162.42253112793 206.578440348307 208.258951822917 202.226549784342 179.490119934082 198.775153266059 209.139266967773 0 228.280431111654 190.415573120117 0 0 0 0 194.685340881348 228.09700012207 190.833711896624 210.146484375 193.807943725586 202.655016298647 236.829895019531 159.748275756836 0 185.646911621094 191.764283921984 157.760552978516 233.81324005127 209.910666147868 0 0 146.240849812826 135.06156539917 179.197663740678 0 111.300097378817 155.022974650065 137.180436876085 106.137716929118 89.8016640589787 0 244.037384033203 141.813179016113 196.389923095703 209.611587524414 0 0 0 148.752416992188 117.926084518433 131.999130249023 163.755393981934 173.383266448975 117.30485534668 0 0 164.319334242079 109.0676791063 104.899220639183 191.16812216269 203.190021221454 150.679603099823 0 158.057516098022 185.71115251021 0 202.634413146973 70.7706546783447 100.932583372472 93.4358447981469 208.645926735618 228.072843763563 221.821807861328 198.153663635254 220.494064331055 115.53597099223 151.449165895761 152.729498944964 168.920146397182 122.987678527832 113.012754266912 118.786750793457 145.506307983398 0 166.247173309326 205.962028503418 229.392860412598 0 145.14177467323 137.028481089741 153.73678446683 155.003607591901 148.229157539263 155.568620662878 145.602709350586 160.233238220215 152.367928077435 134.143412780762 163.591735839844 165.621300619157 144.716461181641 151.924682617188 108.470909118652 114.608026275635 116.079111099243 121.494336611265 133.270435757107 118.398886228863 139.89975865682 132.107699164029 125.263300577799 130.75330399022 145.306705995039 100.321604121815 109.962927216465 105.264467486213 99.2972299327021 118.192477955538 141.436868940081 146.584573694178 149.654191335042 157.75378036499 125.359741210938 163.819417529636 114.630953063965 141.584498087565 161.595373734184 150.284611729213 129.922720772879 124.196531326052 139.07571105957 38.9253993958291 64.0285335039032 65.2499391229659 107.789206848145 0 151.439380352314 124.294649058375 142.865169599944 105.974214420762 127.836157353719 20.7405106039487 42.0827214729273 102.83702305385 29.9655219381205 13.2087579602003 31.6182252720777 55.2235825913772 46.2857013603426 106.269361072116 93.9511189460754 132.88844606353 144.33873046875 126.201652526855 110.261821746826 112.668163886437 114.072259790757 90.8993546803792 90.3485444020002 138.763430459159 151.842775254023 155.486976623535 140.746718936496 134.533960016762 34.3258661013387 62.0148386990583 121.278171446265 130.022372852672 146.600845005201 159.750373840332 118.647822788783 145.147711647881 116.498461516007 146.679181705822 49.2846459332634 71.6285666738238 77.6252466689061 143.665006177179 71.1669394671917 108.752982461379 47.6320479408984 152.929535466974 153.244069780622 138.447460776881 109.796645439996 126.578167070661 131.82354927063 142.834967964574
200.192193603516 0 221.517440795898 212.319984436035 193.397052764893 214.842231750488 0 191.562266031901 0 0 230.428833007812 207.41460609436 189.913932800293 0 225.703201293945 225.185707092285 175.343139648438 175.959213256836 190.766271972656 0 0 220.000457763672 0 208.204406738281 0 0 0 199.455154418945 185.439086914062 201.893730163574 213.191513061523 0 198.706235249837 0 0 0 240.600967407227 186.670232137044 0 0 140.612239456177 0 0 165.125584920247 154.341382598877 144.6015625 0 111.443933599135 180.125063578288 109.039260426506 92.4701379140218 79.5769002115924 0 225.991256713867 125.037265232631 161.444885253906 0 0 0 0 182.009449005127 114.680034231632 136.922362191337 0 0 154.300573348999 0 0 177.78928565979 102.058734869501 99.3921399752299 208.840506417411 191.906209772283 148.77678440639 0 133.682497660319 176.979752604167 157.950033823649 198.366302490234 49.2456054463645 91.2448642798215 87.0363524055932 164.124506950378 191.401672363281 241.568725585938 0 0 103.776340440003 129.294152054831 144.233201073819 169.245281007555 117.82761775272 105.694017682757 105.59769153595 152.867785862514 0 185.534757260923 179.329856872559 226.55632019043 0 163.353054046631 152.362684461806 170.475197287167 165.853916334069 143.094408035278 175.725380452474 148.411987304688 147.801010690084 159.379013061523 174.097015380859 164.883209228516 172.723108927409 0 173.651499430339 157.132232666016 0 0 0 0 135.982761383057 167.578548431396 193.872375488281 0 152.382110595703 186.831405639648 156.99348449707 194.713684082031 134.447750854492 0 156.759330749512 164.834122551812 159.118280029297 157.896456400553 167.269162495931 0 172.060879516602 193.439468383789 0 150.86197939786 159.956888834635 131.361568995884 0 140.530281611851 57.0623808409038 98.0713183085124 133.236395402388 78.8304826996543 96.50823702131 104.729138826069 128.395138520461 174.468503952026 96.0731048583984 137.196358998617 41.3984332860902 77.0464248657227 71.5660637624903 14.210384768722 31.6182252720777 10.5711791805103 32.8411195041612 64.4734548160008 150.695112228394 188.208321707589 208.853848266602 174.549689156669 139.245826721191 125.323624106014 139.898478317261 150.919892205132 66.8128387949927 106.508367156982 156.78170130803 181.122665405273 169.257797241211 141.283420269306 126.99308850014 54.3508087777849 125.563769434013 105.007507699909 106.518580627441 160.517638029876 146.119244975428 98.0440494047111 211.470387776693 158.497881889343 126.624630750328 21.2096833796896 44.7238176734199 40.6043555198107 234.047790527344 84.5528373718262 111.401725676002 98.9348314458674 168.005125257704 136.38965572528 157.861628792503 142.073402404785 170.312545776367 127.877166748047 0
222.617416381836 0 203.226028442383 198.395584106445 186.997146606445 193.699612426758 0 0 213.894512176514 196.367889404297 0 228.027684529622 165.898096720378 0 0 184.381275177002 216.904144287109 198.746743774414 212.218909630409 0 201.807418823242 188.949668884277 247.679260253906 184.531547546387 0 0 167.904434204102 196.549731445312 0 218.959121704102 224.225341796875 195.764068603516 214.097058614095 174.316757202148 0 0 197.432632446289 201.623624529157 181.921043395996 0 179.037082990011 188.183059692383 175.608764648438 172.245259602865 167.905734428993 174.77981962981 0 122.813594454811 150.596504211426 134.096919073575 130.24057783647 115.33253701041 0 212.59407043457 207.30611038208 0 0 0 0 0 186.418752034505 126.293770545568 145.619554461855 183.011544799805 192.594792683919 159.526673709645 239.516799926758 0 179.406178065709 119.572386824566 119.106728410721 215.805355072021 207.577048668495 184.313208007813 240.309906005859 152.125639677048 215.807195490057 198.886978149414 229.517444811369 95.9880546552366 119.005099615269 110.883601109187 203.456355503627 233.38710530599 198.640319824219 0 0 125.270990445946 142.606306711833 147.044805145264 167.655216046234 153.123339891434 133.226999803023 119.355544254698 156.077776046026 246.079238891602 212.256039268092 225.772659301758 191.499420166016 0 182.195215078501 173.66185358951 188.963863475903 188.811421082083 181.288399124146 188.574480692546 181.066721598307 173.936637878418 185.397773742676 191.819862365723 190.627692086356 199.181381919167 152.162668863932 156.987634931292 133.916018399325 146.158545176188 140.799543762207 142.394436277192 153.532091413225 148.261350531327 160.705024055813 156.086730957031 164.213092041016 155.90367603302 183.686007181803 142.74853515625 142.932782953436 145.339277937606 132.776143074036 137.79392835829 183.067810560528 170.546046863903 179.166604883531 189.567259470622 131.726005554199 179.991312800227 159.908086140951 145.014490763346 174.053467559814 168.883003016881 139.342597512638 161.740697152274 139.543536663055 87.4722612202168 100.815049709234 112.209382525357 105.70907981822 121.824632856581 140.802901373969 130.847495785275 166.378057479858 71.166710276182 54.6071931909851 64.7163582125577 87.9052391052246 84.9286144353166 35.3220936439378 55.2235825913772 32.8411195041612 20.0723586631476 101.743299422726 202.833738708496 179.745703125 191.173078536987 174.790634881882 155.694379806519 140.687230137416 132.201031550063 129.157431069067 101.211582713657 144.032385689872 178.563752141492 173.474742889404 166.580716451009 92.4111031104778 117.374709328452 37.6640519407491 30.496968904787 105.411071008657 106.751370503352 189.649827844956 165.022244361139 147.861899334451 168.812084197998 99.4732823133469 159.117301010504 68.5064200540677 89.692683714673 42.2918412750352 187.267293548584 127.580557062385 82.3348450636824 73.9778986353173 179.14952720786 165.769443287569 173.678314208984 174.780008225214 159.714354451497 172.004588407629 181.924841308594
213.850359598796 213.369661656822 215.21134185791 212.075322931463 200.507792663574 202.655210589418 204.194277954102 215.431646728516 168.126108805339 172.183591402494 188.446002778553 206.102278590847 0 213.706985473633 216.470893859863 243.364212036133 174.906472100152 232.499092102051 190.950565156483 190.928619384766 210.602668762207 205.692504882812 215.389495849609 0 0 0 198.720367431641 190.443572998047 206.417744954427 208.356463224992 193.811171311599 178.54717389275 186.916551538416 169.320037841797 174.119369506836 0 183.457874298096 182.747038145323 218.488165283203 0 203.360607288502 0 0 179.56596883138 189.377502441406 237.993957519531 0 242.368637084961 0 0 241.74533589681 109.207971011891 224.942784627279 233.782323201497 228.885147094727 229.104671478271 191.78800201416 0 225.968856811523 0 234.176940917969 207.887324015299 0 215.89811706543 0 0 215.638661702474 245.29899597168 233.290438334147 227.807373046875 0 180.804553390643 181.566666509064 154.82667350769 0 236.915740966797 168.817950517703 150.949615478516 177.862506909317 98.8012138815487 136.232178370158 156.992949485779 229.822887279369 222.127816633745 225.78216472425 200.961260986328 0 182.644609578451 130.980010986328 229.700322469076 235.480682373047 203.609044392904 134.366653442383 0 223.822204589844 196.115509033203 170.021329526548 214.879257202148 204.98760732015 0 119.382964204964 113.841284751892 132.820625362325 134.020306498892 129.510071678767 138.294802205546 120.807835305384 96.7933201213459 132.505550030581 112.785835612904 139.66411512326 144.489390577291 0 147.698467254639 0 155.157699584961 0 160.590530395508 0 206.768013000488 174.028099060059 203.83012898763 223.5224609375 151.772642035233 149.19064567829 179.221939086914 117.652549743652 0 0 165.880945205688 87.7891329019376 115.092306280412 127.381769068101 136.613890484287 138.59391784668 134.904065800809 0 148.324661254883 142.134458458942 154.137279510498 184.842559814453 150.909349060059 177.483787536621 16.3419680174561 48.4829504028443 122.872389533303 177.87903213501 0 142.149580001831 187.477486746652 127.828443654378 205.919518832503 194.521280435415 30.331800743044 0 174.711608886719 71.3068951086564 46.2857013603426 64.4734548160008 101.743299422726 9.55679344617378 20.3945210162411 16.1064900120345 69.2460461912671 125.589148858581 210.303207397461 179.00498453776 194.819018554687 191.847093128023 122.606965806749 51.4708481033436 80.0238455736 128.720918856169 137.030031204224 193.007143293108 181.573653559531 88.7051651740389 165.915570395333 192.864177449544 0 131.079291150461 137.810153484344 125.773883882116 125.391441773031 190.623743157638 136.738942513099 116.065704692494 94.2385005950928 137.869258117676 82.3228158718202 17.3448389122676 147.84741973877 111.791168811275 127.230864987353 112.858812673468 66.9075803871063 66.8126719745237 99.6138446807861 107.233851888905 124.893300333331
207.784371948242 207.34809758113 208.15531094869 203.042241668701 198.525800264799 206.283208211263 194.135004679362 160.056640625 0 191.010540008545 181.600504875183 195.309393019903 231.95876566569 207.991928100586 182.935997009277 210.442764282227 201.197834559849 229.752067565918 192.080874356357 0 190.427757263184 194.773803710938 202.74267578125 0 0 0 0 234.364646911621 203.544418334961 201.34612358941 176.778925577799 172.302377874201 185.793359375 0 0 0 171.90700785319 186.355802612305 0 0 205.613987223307 0 0 171.413602193197 0 205.242874145508 0 0 0 210.212310791016 228.68440246582 0 236.898920694987 222.490319824219 231.024642944336 220.742195129395 0 0 0 0 229.925716400146 0 223.71809387207 0 0 0 221.369608561198 0 236.80043901716 229.176483154297 214.914886474609 172.616915680641 180.445724487305 136.235803985596 201.5439453125 228.369893391927 159.416570663452 138.694198608398 182.549842834473 0 238.047241210938 204.663462320964 229.832813898722 222.812344868978 216.123167037964 216.488845825195 0 214.939239501953 232.469039916992 228.620844523112 231.112731933594 231.798248291016 0 231.568206787109 241.830993652344 204.664360046387 171.727261352539 188.216908772786 209.474670410156 0 103.228632107672 100.918828047614 121.612215701017 119.631616122286 111.652935824551 127.205231114438 109.261319937826 101.186047215616 117.293450511586 105.731610717773 126.760929743449 136.696507791835 153.917510986328 159.832461547852 0 0 132.716186523438 149.280990600586 194.325531005859 173.339508056641 147.045738220215 170.700881958008 0 144.468337059021 141.045642852783 118.856895446777 0 166.651351928711 131.044281005859 163.342391967773 58.0808616459393 96.5563129340813 114.903165716874 132.213190505084 0 132.566324191623 0 0 140.213841438293 151.47852230072 167.328604561942 137.116082763672 163.84037109375 110.515120456093 144.883913448879 190.796879359654 169.439994812012 0 125.968963623047 194.293757120768 115.663147266094 199.469564077016 201.005363174632 118.818620681763 190.645553588867 213.886421203613 98.5945799085829 106.269361072116 150.695112228394 202.833738708496 20.3945210162411 9.5781102392655 20.0626551430738 34.948246760701 129.737556055972 104.159858703613 173.166784667969 190.15820255986 180.995453119278 0 16.9990251654182 56.8155006718714 116.306976318359 132.228890991211 182.327113420535 169.204597317443 161.77467956543 204.335680205246 189.27148844401 181.514282226562 129.062765157448 122.137935638428 120.220838720148 108.469114008084 181.760232543945 120.162220395845 0 0 219.263813018799 101.636525599162 49.3343194430983 203.092311859131 186.24039255778 112.485579194322 110.368987139534 60.455496717247 137.757489487932 95.1654546183924 101.603025956587 117.415912910744
218.265472412109 214.113310072157 207.22051348005 205.815745544434 195.180777413504 194.550112516984 185.409217834473 206.626724243164 0 189.701166152954 164.007501390245 198.074795639306 232.013061523438 0 181.786392211914 198.61653137207 165.858840942383 229.292526245117 189.584224700928 157.080012003581 0 213.697341918945 0 0 0 0 181.051559448242 0 194.928497314453 202.61597442627 210.630798339844 175.814888000488 175.812289428711 0 0 0 198.453323364258 180.480051994324 230.676254272461 0 202.132121494838 0 0 168.569549560547 0 247.982666015625 0 235.251312255859 0 241.124298095703 0 0 223.784561157227 232.817520141602 0 210.669952392578 0 0 0 0 228.328025817871 0 0 0 244.28678894043 0 199.751541137695 0 234.622528076172 0 211.862190246582 181.763609452681 179.776547431946 153.468507554796 0 240.055419921875 153.910612996419 0 179.635943198691 247.351928710938 212.194717407227 0 235.535822550456 211.421952989366 214.54313659668 206.848724365234 0 0 204.823089599609 0 215.558624267578 233.855865478516 0 0 0 0 188.724428812663 206.033096313477 0 0 103.334696419631 103.894478420559 124.191624405639 123.886631965637 117.350659938458 126.743598294545 107.002108808424 50.5908893108368 119.370686487718 71.7762580178001 106.057185323615 127.161258118062 168.261352539062 154.076675415039 0 207.552169799805 0 0 0 168.836944580078 198.275848388672 234.301452636719 0 158.591438293457 154.733040703668 190.929244995117 0 0 0 233.094146728516 75.1957669440514 109.34810740153 116.477843148368 134.046808377118 0 131.852366602698 0 235.993576049805 123.024886131287 166.740154266357 178.987121582031 146.530072530111 171.358764648438 146.117502530416 157.187540227717 190.947830200195 118.477669715881 83.7597579956055 122.71301651001 149.493275960286 118.560237884521 211.831847246955 208.067140148532 120.824094136556 0 149.457816123962 158.22350769043 93.9511189460754 188.208321707589 179.745703125 16.1064900120345 20.0626551430738 11.1051768776998 51.4326550524936 127.426706314087 0 180.121612548828 196.669338989258 189.874673461914 126.004684448242 44.7481066765477 77.8227675667865 125.134260450091 125.873580932617 194.761241277059 178.811886286331 111.582515716553 218.246823628743 222.947830200195 185.420486450195 104.907561010244 121.220886230469 102.106978374979 121.559807550339 190.703930941495 99.2495880126953 164.795941925049 211.244369506836 190.15626695421 132.394945780436 102.887185265036 194.466449737549 212.220054626465 118.645681969913 69.4553169800063 35.3746516422149 169.596935017904 124.881118138631 112.032007217407 144.270403544108
198.921848072725 193.810917904502 202.117094894935 183.887965698242 185.608134219521 188.998866541245 194.09970703125 169.296020507812 192.005752563477 155.04588470459 169.303364276886 186.743470172493 188.237833658854 0 203.643035888672 212.821601867676 198.669616699219 198.585378011068 193.39107937283 200.993389129639 191.53178914388 201.198739188058 147.570999145508 222.015747070312 0 0 0 202.46432800293 192.897304534912 181.376516342163 166.756343841553 154.864350891113 176.23530960083 0 0 0 171.585006713867 190.903480080997 209.225210825602 0 195.377714538574 222.176605224609 237.546234130859 185.488189697266 190.251953125 200.200125558036 0 227.468418121338 0 207.53343963623 231.545257568359 0 0 206.393305460612 220.905815124512 169.950088500977 147.918243408203 0 0 0 204.683648003472 210.379811604818 226.64609375 219.299588884626 214.178939819336 203.610061645508 239.633316040039 0 214.7635185605 0 234.479614257812 165.317962767586 176.576393127441 139.240914344788 201.470260620117 221.693644932338 150.343973679976 0 172.090671165317 181.889663696289 178.644104003906 0 218.188401442308 201.848533630371 199.420860290527 206.285512288411 0 211.498878479004 206.341125488281 213.943903605143 221.2339230492 212.832443237305 0 0 228.909434000651 0 143.428217887878 184.84517288208 172.650970458984 227.265319824219 39.4545625669167 58.6644187912591 88.3962459451125 78.7325496250071 73.2691063528578 86.3113913935498 80.1778605607535 81.0423021431429 92.6982986799633 91.6979316213857 99.3060337305069 99.913107448154 109.636202494303 119.947834014893 0 114.516848246257 0 165.202658081055 0 129.107803344727 147.788074493408 0 0 113.506696931608 126.650025409201 121.951519775391 155.882424490792 166.423713684082 0 147.532415601942 39.3637603436704 74.224220923083 91.1694077422179 116.131091458457 0 126.1451142051 183.590866088867 0 136.591487460666 154.880113124847 142.153327723912 129.734046391078 137.216801716731 114.408139324188 118.996793985367 166.52740587507 154.79795328776 0 0 161.817279391819 106.695868450662 178.805509202024 174.765530354268 143.912120103836 0 160.300552368164 168.353065854027 132.88844606353 208.853848266602 191.173078536987 69.2460461912671 34.948246760701 51.4326550524936 12.3401069039449 106.554324150085 167.88250986735 143.639639237348 168.058319091797 165.463200104542 176.271175384521 30.2563931102786 34.0892254304354 97.7329360560367 146.067014058431 160.123761563688 147.378603020493 193.787827148437 187.760648040771 166.365450541178 210.188919067383 106.336296534774 133.652899169922 114.518075731066 91.0207598085757 161.980230869391 107.024373110603 178.74750213623 0 202.489996476607 130.03363468336 85.3832566609102 185.736495002868 186.192681630452 88.5998366884238 96.9268494141407 32.6368238876455 130.001494322883 114.107780705328 72.334882012729 113.632226764031
176.414883422852 161.972912875089 169.901045799255 149.454924583435 148.16589620839 154.337855635018 168.40291595459 200.663365681966 165.310890197754 153.90718460083 126.465538024902 151.926919824937 144.793249431409 126.369583129883 150.891100202288 163.053502668414 134.748474484398 155.394743160326 150.433717263711 148.351109313965 153.520793568004 153.569301805998 169.411855061849 168.477737426758 123.965629577637 0 167.006124587286 155.513597653236 145.958540174696 160.847159491645 188.722193400065 137.357748413086 133.5803202415 140.36015625 139.424087524414 124.779174804688 116.067311096191 134.021862399194 151.706451709454 0 154.778079720431 201.223640441895 180.139820643834 126.987662371467 150.596720181979 156.807116099766 120.761558532715 190.347462463379 170.151489257812 157.54958152771 205.444725036621 212.001945495605 155.006011962891 166.033398946126 176.496271306818 157.372226715088 200.484959920247 118.067283630371 177.714706420898 0 161.207062122434 187.234283447266 171.109456842596 165.395405819542 159.095673781175 134.253337860107 0 0 172.396943918864 220.032829284668 216.982727050781 124.166320800781 128.141831512451 93.5372569176458 195.115280151367 166.905039469401 106.855358123779 122.820518493652 121.464912793913 226.342056274414 206.208229064941 171.9674949646 180.262111845471 160.723186254501 174.04741329617 159.120054626465 0 192.597603352865 193.290396881104 171.875597999209 173.392510748529 187.956202787512 237.266204833984 205.726402282715 198.386962890625 190.089839935303 115.686826879328 144.247338867187 159.272819519043 245.121154785156 154.716798305511 86.6100871562958 168.277243720161 164.418061715585 57.9839007059733 58.5260059158237 133.262725830078 62.890118598938 0 0 190.126426696777 84.286809314381 62.3970060276806 62.4425371455497 0 58.2678534691794 45.1220305246465 78.629405159028 90.319006284078 97.903870096012 131.46590423584 116.446515251608 108.132562849257 74.1815187311884 87.9432946751627 56.9472819124715 61.6629570991762 88.9866662505489 101.047587871552 69.0765236475507 101.953842473585 47.3758588873822 30.3245008616745 38.9887794297231 18.5399797139134 24.4766822603516 53.456179160106 42.3576867948703 56.7901334347932 52.5157912044202 79.0713825877409 79.8971734567851 78.923386631012 112.466443561372 83.6426214787268 111.515357894127 138.966905212402 203.742813110352 93.7657194137573 114.225010835672 56.2148277688264 134.274285395343 130.223723383962 128.231212781823 156.495417277018 156.519559224447 165.919214521136 144.33873046875 174.549689156669 174.790634881882 125.589148858581 129.737556055972 127.426706314087 106.554324150085 12.3883630023034 24.1207772526444 92.7995270158602 91.5168915124343 93.2345329339359 111.375414167132 112.529791951831 103.481940799289 17.5624978508572 20.2959303778524 103.650142917385 93.7247930297053 157.069148723896 147.644737042879 119.25203541876 114.40615447998 80.7289252445616 109.941514151437 67.1713837517632 24.90642144937 107.309043593079 73.6019445883261 157.081018447876 170.836729431152 171.581790857148 96.0704346473771 128.366269747416 133.115793690178 135.085161024524 29.4253285342758 68.8545975821359 142.795010566711 103.097387713406 84.6036173255698 96.4960594177246 88.9726690853343
184.766647338867 163.546325683594 0 0 194.270454406738 182.062997436523 0 0 0 0 0 147.494157791138 178.430160522461 128.378957960341 120.392628075942 130.984436436703 125.656055647073 153.555803934733 128.772271463427 119.765563868269 132.477884928385 136.414232788086 120.527961730957 158.672937011719 132.793159484863 0 157.347583770752 143.675637678667 225.783157348633 0 149.029159545898 0 142.066163744245 146.946407318115 120.853121439616 154.569061279297 116.323285420736 130.500126001786 147.958532333374 137.529056549072 148.124391443589 0 177.147674560547 112.359332365148 143.562132699149 151.313541412354 125.738195631239 198.678436279297 247.177360534668 147.261581420898 0 188.355087280273 0 0 167.270935058594 138.395370483398 159.357345581055 0 136.52400080363 113.229125976562 163.587716674805 186.315238952637 187.994644165039 170.459785461426 159.014152526855 151.256210327148 182.466857910156 0 156.224366621538 0 155.786880493164 142.271575927734 133.973477297051 75.0530373709542 156.10264478411 144.827644348145 133.30498286656 93.9580612182617 121.589860999066 243.369216918945 181.812744140625 223.86296081543 176.994453761889 179.405633544922 165.734993828668 139.269477208455 0 221.40754699707 182.638262235201 165.645758056641 161.231036846454 171.470947265625 0 0 180.35001373291 150.009677886963 96.6218948364258 166.782287597656 154.84990234375 0 0 144.988740539551 0 0 110.898850123088 157.267158508301 0 169.121444702148 0 0 0 101.549259185791 37.3073751189062 39.7523575370193 106.489624023438 54.4262817743662 28.7822582890079 99.0626320838928 68.7770186066628 116.281205397386 93.4882167816162 114.196709559514 95.9938950171837 72.6562183461291 84.3126149495443 59.0998163908915 55.6306228637695 63.699537918631 54.8578300855018 52.4981191270969 137.277039527893 94.5851575411283 85.2110939025879 118.435192871094 17.0348495377324 39.557124703248 26.4745601314894 12.9967258787628 86.366030962962 46.0525934075497 73.5805222006405 24.144685744941 60.9433686356795 87.7724304199219 85.5870366096497 79.8698212212207 140.641409301758 0 79.7338462557111 126.589931712431 31.7865253865986 119.130429351214 120.091406954252 95.4337946573893 87.5756985473633 112.482654571533 186.393051147461 126.201652526855 139.245826721191 155.694379806519 210.303207397461 104.159858703613 0 167.88250986735 24.1207772526444 11.4838294055799 97.3274982676786 73.5362129421486 82.7082762191545 126.404957821495 125.362292607625 126.426705401877 59.4341534107655 15.496797132585 102.051077035757 82.2951069228146 132.959534183625 131.682869630701 120.245372984144 109.621829986572 101.365219116211 140.78883934021 70.1067818758781 34.5601023800117 107.372213010435 51.5417823791504 134.839213562012 121.81081199646 154.502325439453 117.933954620361 132.435388183594 135.307469443669 106.019114402488 73.5825790242946 177.596664428711 232.276565551758 102.253610723159 100.670255159077 118.258013725281 83.4642229433413
0 195.768371582031 212.802597045898 0 177.749883015951 188.589691162109 176.820510864258 0 0 212.031021118164 153.969940185547 203.424179077148 95.2614445405848 158.35325717926 135.490599714007 119.644567439867 144.380856440617 114.748661175109 128.087935496185 135.920155334473 181.772069295247 185.107149759928 0 129.076995942651 0 155.488899230957 118.760247274162 109.564453744951 199.241500854492 181.959976196289 180.503005981445 187.878898620605 170.288343641493 0 123.369853973389 158.189178466797 152.254710388184 150.696111246745 103.419537947387 175.602651977539 123.338508474416 125.636650085449 128.96095203709 132.540522913779 92.6838460972435 104.784666325496 164.100372314453 148.695689065116 143.744413757324 128.267070770264 148.330805969238 153.620662144252 0 217.427017211914 133.521011352539 0 210.938346862793 178.322718302409 171.307174682617 0 111.384520622992 155.637530644735 138.065831184387 113.459313853194 107.185171963124 86.0489117940267 0 0 115.545422332455 158.612162272135 143.393385080191 160.202399571737 156.446212132772 101.231988634382 172.938407897949 122.681522641863 140.308785756429 106.353744506836 158.201081911723 124.067190806071 144.870202871469 145.510153770447 225.41977582659 211.204238891602 214.032842000326 212.875350952148 0 154.739579162598 159.996036627354 126.927446426884 114.804351428608 148.393794759115 150.675384521484 191.646626790365 152.236237702546 182.728931971959 113.463348388672 149.311294555664 197.895896911621 206.5693359375 173.416404724121 117.532299981601 221.595962524414 0 113.241846477284 112.117054167248 0 0 0 0 0 99.7105041503906 94.5487335205078 59.2841453995816 50.8376442379422 57.1734346186073 60.7465092858603 45.9954180226021 68.7355482023056 21.7147206251253 61.7605477759713 56.5800983880156 50.3137662009855 132.663120470549 135.591121673584 105.632972717285 108.702049800328 76.3136522669992 103.63598720844 85.0952078875373 126.31235347382 110.914279253055 102.692577695384 86.7692210531642 77.8573270525251 95.2339313442424 113.86239306132 105.24068069458 71.795120138871 65.1488765238996 23.1842573973428 109.158304117494 46.78539651346 99.9333062171936 141.425335154814 71.7540466952476 91.4194819710471 88.0288726806641 66.887899692242 38.6317581616832 116.245243260118 109.169802251852 93.2885663168771 109.313925799202 93.958535724216 128.724527994792 134.61779361301 110.261821746826 125.323624106014 140.687230137416 179.00498453776 173.166784667969 180.121612548828 143.639639237348 92.7995270158602 97.3274982676786 13.0379296231451 61.0530970948876 42.2112317330167 64.7829385645249 162.08619253976 137.888017325566 109.250741438432 104.695207271936 84.3842302578599 28.5836711864129 117.952953470164 117.276198008704 21.3197155883118 18.8807817562908 100.763506721048 81.6777965227763 94.3930072784424 109.904430749281 28.0102945782727 122.395939826965 114.489727020264 103.048740386963 129.697995750649 154.053919110979 179.497450256348 72.7843894845968 104.130046875496 107.332553694733 114.720380783081 173.271204630534 155.350102742513 127.468388027615 114.75284576416 153.906298065186
0 0 225.451950073242 242.53515625 193.778900146484 202.946810913086 0 0 207.118499755859 197.305130004883 238.880493164062 212.687341690063 116.252672236516 159.57060953776 147.634283245734 134.923987878335 156.400318690709 127.133907940513 151.124778645288 150.242101904464 168.663288116455 196.870575968424 189.056266148885 140.940555136544 176.907989501953 0 133.845681913606 122.935710594747 216.68365914481 0 188.035652160645 212.895317077637 190.962058067322 178.100653076172 166.620095825195 0 167.455194717798 169.245856687247 116.277425675165 180.191097683377 147.347063951089 130.361012050084 139.406000609792 154.654383289571 108.20322381066 122.415071590795 180.212142944336 129.687387040082 143.490714179145 103.048679725797 153.498184204102 165.6077003479 0 226.694831848145 148.724822998047 227.87434387207 206.47095489502 185.719863891602 177.670822143555 0 119.482704242786 138.948438461513 132.028133283343 129.378167770451 121.212242209094 101.816649595896 208.751525878906 214.034957885742 120.517139506073 149.889563424247 156.06600672404 197.11743927002 175.311684707115 115.982736968994 180.397408485413 118.501955395339 165.690014648438 150.202789306641 191.471838814872 137.809972322904 154.944758448107 135.746422944246 234.398020426432 231.24772644043 0 199.994430541992 0 154.416881116231 142.030389663408 124.370360401391 123.96586783727 165.47018253102 143.911849975586 173.383690573952 150.169608662923 189.972640991211 208.892715454102 220.379280090332 195.495855712891 0 188.34992980957 135.902951871432 227.499725341797 219.782752990723 148.999696731567 158.998137432596 155.631896972656 154.845389472114 0 139.671493530273 0 149.643848419189 67.5009754506787 45.9169335952045 92.3538993835449 71.4666213627675 70.9985901607023 85.3472136765897 90.7954038551876 78.6694078147958 119.193310989231 103.947696495735 103.111107755063 116.533473081367 131.374475775094 57.0981781591777 83.2120422214519 23.7901624943599 58.8251091263511 33.6209803482434 143.020486260853 117.267321011599 143.617283989401 138.594232632564 76.3563908017915 104.714810462514 64.8882123398951 65.4686127739984 125.49752892726 102.427002573401 48.6430875606085 79.3887702886002 27.4891332570092 102.693868752682 126.892107536053 29.5759521465742 71.8395839820162 86.2186897822789 106.728741225663 78.1178226596564 91.8054301470902 74.5403811838596 84.1630211209788 81.7720643864122 51.599222365846 86.1176739128268 149.846069946289 112.668163886437 139.898478317261 132.201031550063 194.819018554687 190.15820255986 196.669338989258 168.058319091797 91.5168915124343 73.5362129421486 61.0530970948876 15.4322953892953 33.3760329659852 64.4878678311404 169.027250017439 144.19876251731 100.676194610596 88.1833565532297 61.994647903395 39.8287099919368 92.9060373045708 97.9508901836003 73.8469492584869 68.5319891333987 136.563936941964 128.098824637277 99.8648608473481 100.752384251 68.4163571184209 124.199051372822 116.353526574594 77.5662720480631 130.010835666468 147.195780496749 193.945924238725 86.7804261110073 45.5534184856105 116.386122675503 144.131105822186 186.661901473999 154.800373679713 128.854746731845 120.885104085885 126.144595890255
234.217834472656 0 0 0 213.761001586914 0 0 0 0 0 0 195.387318929036 115.319123701616 178.653200785319 152.959967873313 143.660813356057 165.311481899685 134.467766090676 159.147930559905 143.554200236003 206.989761352539 195.776996612549 176.526290893555 142.288388178899 238.702850341797 207.764205932617 117.61860148112 114.404672017912 229.547164916992 210.635289510091 189.428665161133 0 0 144.151374816895 196.927154541016 0 0 173.781297956194 107.161209895693 194.216934204102 151.291881084442 100.798845926921 137.205147094727 143.508188520159 104.580247012052 119.387036267449 158.304051717122 103.052213682351 120.640209742955 92.9750191300004 138.892270406087 140.821619245741 0 199.644927978516 125.30345916748 222.75944519043 232.353973388672 180.486363728841 222.989303588867 0 119.98853805542 109.52832247106 108.82773435438 123.779741357874 116.452330075777 114.044955687089 214.699008178711 188.36678314209 106.043530247575 128.618067321777 122.19474029541 198.042957305908 184.00606243427 147.442825317383 203.186700439453 101.072092515595 183.159965515137 150.112075805664 175.989024353027 128.615580240885 138.064330400739 94.827226778356 221.261070251465 215.943125406901 218.525619506836 188.093795776367 0 119.44347818347 109.574067177763 102.483046357649 114.414412992972 146.109095255534 0 146.649335861206 123.958896536576 193.833963012695 221.903091430664 229.818384806315 0 211.555328369141 228.748194376628 144.519527117411 218.541976928711 200.237360174006 148.943811451305 190.930168151855 244.699752807617 137.313873291016 0 0 0 182.749730890447 92.9774121284485 59.4566760408706 137.255052354601 66.4587624533135 83.9195387913631 93.5085223959811 97.3011369949732 81.389791561447 131.450038383747 115.567155368993 97.9169420003891 127.406196306337 129.173720146628 94.2422294616699 91.6679423707904 79.281313904849 95.1860808459195 68.3438145339869 141.359465552539 120.002017506879 139.235820628979 128.53922229343 84.570652566305 104.910933385921 96.3954937934875 77.8939824104309 124.435893610904 107.489403689865 18.6302077028486 93.4220821214307 18.3008250431718 107.324469502767 138.569379806519 80.0120538720762 85.5598411560059 76.9752718607585 114.026395307268 83.1462686880311 96.8679038375171 31.1942053369215 53.8002389405108 96.3966468175252 55.1185262543815 54.7047323638743 174.826567513602 114.072259790757 150.919892205132 129.157431069067 191.847093128023 180.995453119278 189.874673461914 165.463200104542 93.2345329339359 82.7082762191545 42.2112317330167 33.3760329659852 15.970627509266 68.0205796916833 162.500209329116 139.114942510077 106.751987374604 92.4128598962379 29.6704446779158 26.6370317575486 69.5106270727283 72.9001685514112 79.3527600629614 65.0257881457989 142.676740793081 128.610680474175 112.264673461914 104.813962884851 59.1510280304325 134.020410446894 66.4439850937236 49.9740725942758 99.2771356848652 141.710979784949 191.318484256142 69.6709308914236 26.3225825519391 114.127944695116 135.678587595622 147.275665283203 147.941001085135 118.950354071224 120.118945974164 122.69311271395
0 0 191.522537231445 0 169.558881759644 158.055973052979 0 0 99.8265686035156 94.1351013183594 0 175.707397460938 43.9064651854044 157.254764556885 104.164343092177 93.9406261120812 108.096455781356 85.7169129053752 80.2961672882536 103.334205627441 145.213638305664 180.751274108887 133.34875869751 84.1386123791076 0 117.474151611328 76.1051628346346 74.4437663966212 171.190358479818 141.790008544922 124.513771057129 240.018844604492 166.561489868164 130.460041046143 103.595966339111 0 111.159743499756 110.008465741132 68.9747380807366 109.304576873779 83.7382343955662 71.1690559387207 85.9081215449742 69.80289031184 43.2987265506989 59.8218621118049 136.653554916382 113.584069001047 94.312100483821 48.8807449718065 125.718089177058 125.383119229917 0 186.273056030273 105.749002456665 89.3808441162109 158.573760986328 104.174880981445 0 195.020904541016 69.3273461807606 139.383920872465 100.300891805578 72.6642204667734 66.7460689009907 7.38414238048063 188.759208679199 135.723793029785 76.7358746604314 148.101601918538 129.550354003906 110.912528991699 132.789123153687 9.1395589790561 140.388727823893 83.4057990519206 121.720664978027 65.8045457839966 122.150811331613 106.992942996141 140.266603902181 126.08079663445 195.909072875977 196.1123046875 188.928207397461 195.540125528971 166.443466186523 138.198607964949 115.741541414179 65.4172819411718 66.4774600148201 126.170578729539 141.321998596191 142.044382367815 104.490725055818 165.033142089844 93.2609227498372 0 0 144.851272583008 131.842274983724 161.481516520182 142.95703125 196.206672668457 133.323004828559 168.342971801758 0 86.5569806454787 123.554481506348 122.441943359375 133.880424499512 124.343435287476 159.875061035156 61.6022612831809 31.880909706294 99.889588869535 101.692682266235 86.2182521820068 155.34011332194 49.2178516573119 86.6109585367191 61.9167144169179 88.0911295149061 121.680200195312 166.846466064453 104.469972229004 108.410251435779 67.9551768680271 92.7887457275391 68.3065298449609 145.590788799783 136.913536071777 138.7544711885 110.222271283468 97.9092674255371 126.038368571888 110.433227539062 95.996150970459 87.3215085506439 101.987398898963 54.5601279258728 106.855983915783 62.1756345308744 83.6536951065063 108.753380408654 63.845653315641 21.0394351365952 18.8796388067641 45.8436820437337 45.2245107924926 116.115585962931 92.7394186298499 89.7336209118366 82.0509525167531 81.7067078484429 32.07024223125 79.2223140153309 90.8993546803792 66.8128387949927 101.211582713657 122.606965806749 0 126.004684448242 176.271175384521 111.375414167132 126.404957821495 64.7829385645249 64.4878678311404 68.0205796916833 9.58112314266024 173.846152714321 158.067970275879 110.085431267233 120.044492085775 76.310301864624 57.7906080160764 105.548340142942 96.3598526463364 48.8678951413318 57.5387229919434 88.6776301066081 69.2252239162086 17.2093568633094 113.347880436824 45.8233079679085 55.5794505942613 45.9121954240382 21.5571188418995 74.4798846618537 144.408457756042 165.006984710693 69.6685908438717 84.7923493309143 126.987640804715 72.2353400004279 96.377680851863 148.224029541016 133.688638166948 141.068725585938 132.019149780273
197.269981689453 199.238219003829 201.813334836798 201.877890014648 188.389890497381 192.387502685547 200.0537109375 204.511103312174 204.247756958008 176.062526702881 178.700312137604 194.396717071533 204.345271519252 0 173.751726935892 191.974001203265 176.779558454241 220.275312151228 178.699249535276 167.739411297966 189.639570448134 194.749698638916 183.814886474609 221.380172729492 176.267715454102 0 203.27205657959 206.765113830566 192.619946797689 204.78579057966 194.132651695838 163.330791766827 175.492550165966 203.979034423828 189.977912902832 0 173.43241074506 178.575031144278 211.849123636882 196.517112731934 200.055868911743 0 230.172561645508 163.655227259586 214.575149536133 209.929322814941 212.314102172852 226.666376749674 227.658447265625 207.111700875419 0 185.25491587321 216.782793317522 208.769022623698 220.199867248535 220.669499715169 199.530069986979 173.601142883301 0 0 212.536834716797 224.215667724609 228.085684204102 0 221.508972167969 237.852615356445 205.428524017334 0 220.901826529667 240.846420288086 211.245048522949 169.413686209351 176.107397736096 125.4259765625 175.533996582031 218.216358184814 153.200690513433 0 173.40548757712 0 185.793383280436 213.253883361816 222.039332514224 211.999477386475 216.657543679942 194.582787831624 0 191.989214579264 226.638568115234 214.10326058524 224.927257258718 231.724052429199 0 0 228.589391072591 186.60041809082 157.446690000337 186.925015536222 207.456988525391 0 107.894551955174 96.8843879821712 117.298373418357 117.220543420791 108.082842041663 120.107677573197 107.333487427753 116.011444540585 118.131144894494 112.338814020157 124.231362794575 127.204105841976 142.778905232747 151.530213250054 0 166.08232421875 151.52943611145 165.32605266571 111.718589782715 198.285214233398 127.174286627 197.204584757487 170.512542724609 116.848028659821 91.7852895123822 97.5315595354353 81.4446587433686 159.632769993373 126.980897691515 148.833757781982 55.2841557779376 84.0620889700292 112.064031776942 124.61327730124 0 121.721594346536 125.960945129395 117.133651733398 125.236817321777 125.277334819468 157.383475748698 91.8965491508843 158.393709866506 54.2026478891019 75.7405694253352 151.079344592517 171.350314053622 134.998733520508 123.086847825484 182.337151227679 100.055803968823 177.977875511713 185.383017025606 76.2986371154785 165.687327067057 164.888137817383 100.951983889411 90.3485444020002 106.508367156982 144.032385689872 51.4708481033436 16.9990251654182 44.7481066765477 30.2563931102786 112.529791951831 125.362292607625 162.08619253976 169.027250017439 162.500209329116 173.846152714321 16.8425483679248 33.5276621368069 107.007556489276 111.683804598722 169.635587440347 162.41527778058 136.28696545903 188.861221953705 178.501055036272 187.006759643555 121.471271537735 123.567473026744 109.865406065948 94.9602557266167 171.046612070568 113.832358491187 182.356313069661 173.732154846191 181.764158208319 21.2536287971052 36.4182246384258 189.996164383427 171.952564751924 101.803416418161 109.668548141701 86.2006279541896 30.4376781602395 50.0673583205163 72.3952075213921 90.2877592910588
191.503649198092 185.96068854081 192.525793636546 176.0263671875 168.816922639546 175.232396697998 0 243.164009094238 187.244819641113 164.027270507812 158.461046695709 173.473946658048 202.816514756944 149.353754679362 150.553523593479 172.20622253418 162.830051422119 195.940623474121 162.239637318224 151.460450744629 171.462065263228 180.146234685724 149.26020304362 225.905303955078 0 0 188.244003295898 188.6602824818 159.748016357422 187.286636352539 150.75316292899 143.325370788574 159.246429612901 152.953125 0 0 148.73950782189 166.956493901271 183.497582175515 168.230583190918 185.372633361816 0 206.131416320801 151.658563613892 181.862464057075 191.633983357747 175.328369140625 207.309414333767 214.650212605794 213.895131429036 0 220.503540039062 0 199.902010599772 203.847155253092 186.067545572917 176.676060994466 0 135.066314697266 131.995132446289 187.292701134315 218.345361709595 200.269989013672 202.201428222656 194.627651638455 0 209.797821044922 0 199.141969680786 211.484764099121 232.531453450521 156.191749309671 166.377658632067 107.331831125113 171.861701965332 200.58489717756 146.749939658425 116.253730773926 162.035132221792 201.683753967285 205.55965423584 168.968246459961 208.843478508715 192.914808485243 195.538829456676 193.712313842773 0 213.473373413086 217.564926692418 203.431638240814 202.296710075216 204.863544464111 0 0 227.942657470703 177.837246704102 149.049661636353 210.076690673828 166.60457611084 0 107.289494119564 78.601387684329 111.588476900195 105.623034501509 85.2059782260635 114.786020785947 102.412389654862 99.4501775105794 124.660964420864 98.7048873901367 133.261241149902 113.020033700126 121.154554887251 116.413521106427 171.191146850586 154.547900390625 129.105587768555 154.706162672776 120.421348571777 171.82300567627 124.43940952846 168.667825486925 202.705159505208 104.807123565674 82.1699976651174 101.518537998199 69.1706083328997 147.747856616974 109.233258565267 126.757841671214 27.9641144493003 46.2746736368044 95.304229403651 108.143656397975 129.722316741943 109.605871443315 97.3408708572388 89.7421798706055 116.720006641589 115.170335805194 132.304959914264 76.267428318512 122.635299911499 84.5107905259773 99.233073107769 134.722291381836 131.5042552948 129.60763168335 130.567475318909 154.504111698696 78.5578740297062 158.013804434283 157.222070164151 115.149369729532 159.431835598416 157.408615112305 144.628537586757 138.763430459159 156.78170130803 178.563752141492 80.0238455736 56.8155006718714 77.8227675667865 34.0892254304354 103.481940799289 126.426705401877 137.888017325566 144.19876251731 139.114942510077 158.067970275879 33.5276621368069 14.5578056504758 84.4727031792266 114.711199442546 143.264361794369 135.466896797847 160.237074788411 167.608360558225 154.099575980765 149.033013916016 103.9971843447 117.349503603849 94.8673848470052 65.4606314395806 145.669315156483 99.0819731731804 175.164577484131 175.546253551136 184.240920257568 25.9070001574344 78.9171589993619 171.176454626996 158.852273050944 75.7687043488915 109.607314825058 105.539161901364 69.844925131409 37.6578023295909 30.3163598009779 71.1185076721855
165.236282348633 160.398277282715 163.487529754639 0 172.899688720703 150.069073486328 0 0 160.602912902832 0 0 185.913232421875 156.999635696411 215.152954101562 160.924026489258 169.849259440104 150.983949997846 164.036452293396 159.152352792245 146.634302312678 168.052795410156 161.693919590541 192.599014282227 175.369613647461 0 0 182.654541015625 163.41603012085 166.01252746582 153.300827026367 177.640266418457 0 164.052501254612 127.615458170573 0 0 133.666724068778 146.351717994327 164.533824247472 0 168.912127685547 0 190.503033447266 134.687405586243 157.628565107073 174.472350611831 199.749359130859 186.309044471154 175.531341552734 169.706641060965 0 222.346710205078 176.197204589844 166.166198730469 172.706057739258 161.362014770508 238.817398071289 0 213.608680725098 0 167.348180498396 212.28186416626 187.040954589844 172.413705008371 174.406392415365 162.98543548584 0 0 177.137008320202 179.690719604492 191.351328531901 138.850815993089 134.144796534947 102.906671003862 0 180.328833580017 108.958093007406 0 135.720129995635 187.855499267578 202.911610921224 0 186.25501834645 174.064684549967 180.605310058594 192.072509765625 0 213.923629760742 193.986660766602 190.07039466271 182.591940232265 190.298866271973 242.941146850586 242.129501342773 217.226936340332 0 243.541366577148 0 185.724899291992 0 167.22346496582 96.7722174603006 169.876800537109 178.169881184896 103.835913340251 138.801661578092 137.433067321777 175.044158935547 0 196.099090576172 193.488525390625 150.019700857309 76.9403011745877 75.4459316621577 0 78.8043022155762 73.6681844075521 101.346906264623 112.120918273926 121.114440224387 143.599030085972 140.755799865723 129.659662882487 72.3846999675304 85.5406037178101 68.3589072317447 63.0677978901923 99.7952567591812 121.808248519897 82.8846060693044 81.5278075210691 43.5572829792395 38.2368478681527 106.56196010814 61.3201397727518 29.5831598302592 71.6114503829206 62.458324432373 104.640927339211 97.7560480435689 89.2871076388237 83.6694261887494 87.3233704257321 107.688025424355 82.9464329151792 121.709152955275 157.661221313477 146.085001627604 110.0927734375 127.62088137954 53.6329257422285 137.500208368107 138.536976822563 129.857384091332 141.256847381592 132.895864486694 173.952833175659 151.842775254023 181.122665405273 173.474742889404 128.720918856169 116.306976318359 125.134260450091 97.7329360560367 17.5624978508572 59.4341534107655 109.250741438432 100.676194610596 106.751987374604 110.085431267233 107.007556489276 84.4727031792266 12.6759381128095 46.5096099448927 115.460615806973 102.955918036312 161.129685621995 152.905964759088 126.786999222136 117.198443094889 101.711067199707 105.945957946777 82.8635807037354 27.7760616489172 118.996160694197 149.527802785238 159.937370300293 152.800132751465 178.752186775208 87.9526731245745 130.370023149433 138.983857727051 138.25471496582 18.2685866547615 96.0277236938477 105.077959696452 95.310617073195 70.0744253151426 58.4232226277257 82.1964559381658
219.092498779297 0 158.819519042969 231.166229248047 156.807591756185 0 0 0 113.843162536621 0 200.566116333008 152.963037109375 150.696994781494 131.273119608561 121.199079589844 139.012344360352 133.739418792725 193.494848251343 135.669283419239 126.970295715332 147.466398620605 142.120522562663 129.065645853678 0 149.193984985352 0 153.077682495117 154.173073323568 0 183.732828776042 145.733093261719 163.836799621582 136.156538827079 138.523420715332 147.490547180176 0 123.525586446126 135.157213846842 169.31979675293 134.543741226196 159.516667879545 209.041152954102 170.436061859131 125.480636272025 152.824325561523 168.229789402174 132.967152404785 178.078273010254 225.68586730957 193.587074279785 196.69352722168 0 0 217.810195922852 186.223587036133 163.540817260742 0 0 131.592697143555 114.905597686768 168.182194519043 193.711584908622 185.29841003418 169.233369827271 172.339375087193 183.055526733398 150.760986328125 0 170.797613735857 0 0 141.897718429565 135.63244205051 108.282366943359 0 173.99860534668 140.117845535278 107.660041809082 137.361596523187 213.853805541992 208.084942626953 0 183.069689582376 183.184349060059 165.362617492676 158.127559116908 0 213.035009384155 196.413391113281 177.345870074104 175.593406507704 0 0 0 187.579953511556 177.449432373047 118.030792236328 172.995784759521 145.89030456543 247.622467041016 148.155136108398 134.499471028646 150.255920410156 181.955017089844 122.847513471331 158.528247833252 0 210.096435546875 0 0 0 106.417087554932 62.7806175275781 63.5443719067151 118.701103210449 69.8511756093879 55.2842170758681 102.714058160782 95.7490542729696 133.436663309733 92.8249734107484 135.89115041097 113.190977096558 75.8883077946115 90.615299470963 69.6273246012943 65.941573650806 79.8244116725033 80.6929704666138 70.861321493844 114.696951003302 83.5321531931559 134.303499221802 124.358719825745 27.7072537038621 56.5532394692222 55.9142682844073 32.2584798536568 78.4518422980058 63.0758230949426 91.887417542307 54.5813470243597 79.965337600708 110.03763798305 85.035881890191 95.3092249702005 116.496096801758 0 84.404972997205 119.61559990609 23.93965166928 126.449709380882 128.626886853985 105.105523681641 100.33811715933 131.437288920085 174.781311035156 155.486976623535 169.257797241211 166.580716451009 137.030031204224 132.228890991211 125.873580932617 146.067014058431 20.2959303778524 15.496797132585 104.695207271936 88.1833565532297 92.4128598962379 120.044492085775 111.683804598722 114.711199442546 46.5096099448927 8.66441473277804 112.679883699639 94.1088915999218 140.773461518464 142.942621805582 120.601915660657 127.735555921282 118.296026611328 94.9310479164124 66.9216593106588 15.7836380851551 119.2891798753 107.670650482178 160.553405761719 131.044932047526 166.814257049561 103.645512124766 139.629643576486 140.165163040161 117.052152526513 78.5253071620547 0 110.80313873291 105.640747294706 89.2029231902092 117.350653330485 91.5090533947123
207.749221801758 0 0 0 203.49463297526 214.489265441895 244.575836181641 0 178.86457824707 0 0 221.537963867188 129.108263702393 150.787231445312 163.163438796997 155.981338500977 177.368635177612 148.008806689032 162.531797777705 171.546248435974 207.596717834473 180.838527679443 150.371882120768 154.839708600725 174.434600830078 174.291702270508 158.371905856662 140.967329406738 223.086647033691 206.398361206055 191.954077148438 190.299865722656 193.942672729492 192.947695922852 163.166748046875 204.0166015625 176.365070887974 174.501194088958 125.655140225849 167.170227050781 140.366464659225 125.189978027344 119.94423041183 150.818460114148 98.2363050900973 132.50767176011 150.640487670898 102.517883381185 126.010117025936 87.894519147317 140.976596832275 165.691384535569 0 246.95133972168 212.272163391113 0 210.421635945638 175.471822738647 0 153.559829711914 119.283926391602 117.026517638757 109.923653491874 144.98750409213 111.255021158854 108.844418730055 215.573697916667 200.831344604492 103.636509740599 133.612686920166 133.769550974776 206.532569885254 188.59024810791 177.87865447998 191.265723488548 99.621749216558 169.318557739258 150.358242034912 179.602452596029 165.698725700378 146.22434946696 109.258727544471 228.179611206055 224.583255004883 213.942405700684 206.746398925781 0 131.698543027151 113.143266436997 102.865615651293 110.814327755242 157.501759847005 137.158966064453 157.637506103516 124.80314630339 202.18128343062 180.551749093192 233.298553466797 184.056659698486 200.025183105469 223.472837175642 141.827908912072 225.498574393136 234.667802598741 138.524190824326 209.888693915473 224.020477294922 0 0 0 0 174.47728729248 102.501846313477 68.6760237260298 133.687919616699 83.0171058010048 88.3728589838201 108.09553639094 101.984189433436 97.1641933493418 131.79472496396 128.991990252239 106.852972793579 149.537220001221 153.863882319133 103.797345088078 115.942334343405 95.8086135092746 116.607008092544 100.596187153801 141.547245947107 124.920162415608 145.3966264116 166.791247558594 91.253383729516 115.683507761378 111.85612814767 89.3205078125 147.184183844205 119.260335116916 74.2353460854347 117.415826550419 64.5213766755729 126.313965516932 149.973368954349 70.4655631301749 72.2304561449134 119.796399434408 115.018990460564 115.423167076664 112.670183019435 48.4059383809904 39.8113420578388 92.4661647251674 75.6134509425009 56.1574165076017 151.917960802714 140.746718936496 141.283420269306 92.4111031104778 193.007143293108 182.327113420535 194.761241277059 160.123761563688 103.650142917385 102.051077035757 84.3842302578599 61.994647903395 29.6704446779158 76.310301864624 169.635587440347 143.264361794369 115.460615806973 112.679883699639 15.9788109941898 33.0321851428768 78.9786110294675 66.7362062572815 91.9882718705224 57.3097222764915 207.95433807373 144.769538879395 125.774213155111 115.319654025901 17.9913364910534 128.283317565918 104.271734833717 52.6257158077031 104.291305740674 148.10357896337 191.448369954427 75.4265314059652 73.5415841672035 122.087066825377 147.604443359375 186.68715776716 161.65018268932 134.192695189058 124.511165232598 139.236745670864
201.374827067057 221.06307220459 226.312266031901 0 196.165191650391 199.970550537109 0 0 209.431686401367 0 0 208.354471206665 109.519306297762 168.977908325195 154.478469653007 136.006768713464 153.403212207859 128.57363343129 150.083220454625 149.539337594169 190.70329284668 195.112930297852 189.134442647298 132.596190770467 201.121743774414 159.252502441406 129.696029663086 117.967958867954 201.774122873942 197.736424763997 179.588396245783 160.544860839844 191.71727438534 188.025090026855 160.188037872314 138.871734619141 163.854372024536 160.889094441732 107.47083227975 194.923446655273 129.54064923241 116.385181568287 126.108873623084 144.73221913506 94.3040433414647 113.189871377248 180.673797607422 113.642165363699 143.743082117151 92.4360350618268 162.549592154367 152.411947953074 0 235.55224609375 174.752700805664 168.096462249756 201.259390694754 165.8284034729 193.873743693034 157.22673034668 110.496651755156 133.635391666695 119.078339591393 117.559455915054 109.546262308895 91.3494824545724 207.020713806152 187.121126447405 106.870546281402 143.914816249501 145.758597623385 191.27463054657 175.364385282076 144.145202636719 183.070266178676 102.740467543107 160.728284200033 155.876919555664 170.213545548288 138.08570098877 152.322577860818 135.238812496788 230.458692110502 222.486143845778 227.397214253743 197.378662109375 191.04133605957 150.900977385209 130.908122727516 107.994342078847 109.929749840968 162.938668780857 188.07861328125 159.356387798603 134.440114896591 192.219277191162 182.503598531087 213.657919311523 193.201605224609 197.829750754616 174.059195518494 119.997273553038 202.378340287642 197.886949062347 120.341945254926 142.010327500563 150.840118408203 170.947278703962 226.31483968099 145.623245239258 137.936965942383 135.842811991374 79.0934001983158 51.7905499149855 94.4960214715255 62.241753568553 70.5477766113281 65.2474705410987 79.3144904314461 57.3714693290309 92.8238347111916 119.751378764277 73.5809703923888 142.531912017287 154.569823941317 115.744841384888 122.065198321675 92.2701095751862 114.043694496155 80.6885353250706 127.314147107498 111.402868693307 114.776059300988 118.045909554618 75.9083099997505 99.9899212681587 117.631218759637 87.6213543701172 99.8321842318969 87.91550861288 32.9614709518027 115.766989125834 22.5950006997559 137.945071644253 150.854718399048 72.5766090456381 60.3213668884522 135.429370371501 104.696169077555 66.3755216591645 99.1030664294178 77.7640777466789 60.4966220997053 100.507874806722 90.028613457313 75.0154625488831 143.541567281087 134.533960016762 126.99308850014 117.374709328452 181.573653559531 169.204597317443 178.811886286331 147.378603020493 93.7247930297053 82.2951069228146 28.5836711864129 39.8287099919368 26.6370317575486 57.7906080160764 162.41527778058 135.466896797847 102.955918036312 94.1088915999218 33.0321851428768 18.2415883729825 112.680076599121 90.8425892655138 43.3706497783778 31.476479564578 127.528842252844 139.303371047974 100.144788651239 105.347691215604 25.6757741100165 151.237920346467 109.902643794507 81.7896782529038 120.778366859297 141.283649027348 183.344008817018 67.2779074583179 91.9056533410056 109.009087076839 144.40139541626 160.865284367612 157.973098418998 133.368819209508 119.878003008225 148.175415277481
240.898956298828 213.962509155273 231.945337931315 242.391731262207 228.5087890625 214.943412780762 208.795562744141 0 0 139.213424682617 218.564193725586 231.76823425293 176.439220428467 0 208.848119099935 189.490203857422 192.355422973633 196.201807657878 195.12128745185 197.452774047852 0 201.118466186523 210.549880981445 185.375640869141 0 172.529861450195 0 166.754564921061 240.545639038086 243.287185668945 202.144775390625 182.902973175049 223.760618209839 173.245132446289 0 227.029998779297 0 208.314261436462 194.485843658447 209.830078125 186.692606608073 155.748123168945 184.222788492839 197.805239868164 142.652077992757 180.723957606724 0 110.705475297085 141.239654541016 127.101205825806 143.073829064002 108.349092929163 0 0 186.41517384847 0 236.208642578125 0 0 0 173.338840484619 115.673284374938 127.24952180924 168.396263122559 166.286666870117 143.013786315918 240.855484008789 0 160.184967767625 116.457401631673 107.814461594921 214.178317799288 210.907931736537 172.382374354771 0 139.036788622538 205.594931284587 168.881378173828 218.379820792906 84.627714567287 109.773806051046 96.2127137447427 217.176486206055 0 191.684906005859 0 0 115.160721907282 128.477091887151 133.684872826865 162.561170206442 147.947918891907 121.908992767334 129.970918443468 146.889950942993 0 207.478572845459 0 0 0 168.034594792192 160.158944821825 174.858574474559 175.483374543242 177.928436642601 179.928422898513 169.88848697438 186.13014831543 175.295270284017 177.760452270508 197.413920084635 178.633307621397 138.671873728434 126.755648803711 110.080726623535 121.073880122258 149.583338419596 120.245445853785 145.824148450579 125.134785859481 161.031398773193 139.661628564199 134.88603108724 143.667863169024 156.836854373707 108.419236224631 112.117516970804 109.544668663205 107.811434261134 117.447787284851 168.161419348283 165.0285059611 166.000696070054 180.533769046559 135.204605102539 172.012523030126 132.151932186551 122.7162109375 171.100869315011 156.636011032831 134.158358383179 122.957505847761 147.19712193807 69.581477988702 83.0246866014269 80.247731213321 102.448252968166 102.482460021973 139.060165405273 128.155810652108 134.082027675389 26.3738494409852 60.8236514275724 50.066817424316 54.7552777286387 93.365085874285 32.5515207880395 34.3258661013387 54.3508087777849 37.6640519407491 88.7051651740389 161.77467956543 111.582515716553 193.787827148437 157.069148723896 132.959534183625 117.952953470164 92.9060373045708 69.5106270727283 105.548340142942 136.28696545903 160.237074788411 161.129685621995 140.773461518464 78.9786110294675 112.680076599121 18.6252415021725 31.3120330122854 115.317946347323 103.116678435227 171.23357802171 174.198798043387 143.651186625163 155.311868286133 101.034456973606 167.364237617044 53.2354439934768 82.0053298256614 81.6425470962524 160.87383962232 111.107105813968 93.5932538721485 42.3697716920434 169.99712900015 172.915399551392 157.306168419974 151.886342112223 143.635162685228 149.062230866531 145.722860281808
0 0 192.090972900391 183.104751586914 243.737342834473 195.183898925781 241.38948059082 0 200.765884399414 0 186.325984954834 194.846737670898 162.802574851296 193.261764526367 200.37771097819 190.719178771973 203.564407348633 180.234540153952 190.75704159944 210.365931193034 232.614074707031 210.40274810791 202.572906494141 174.942993164062 0 0 190.118530273438 164.841856820243 240.771850585938 227.147994995117 205.49243927002 0 207.469696044922 0 0 0 159.05615234375 210.327385642312 162.018143717448 0 162.361302693685 0 186.653864542643 189.823160807292 141.80593635296 173.218441112621 0 111.916059301534 174.742923736572 127.387781650205 149.903971862793 131.330155968666 0 198.779571533203 223.8779296875 0 240.871765136719 202.859680175781 0 0 162.771429443359 116.566145883288 122.612935733795 171.248899459839 166.905504499163 137.975347246443 0 0 155.445089860396 115.462603002563 109.383411263821 243.695365905762 206.197650615986 176.483728408813 0 128.417316607575 203.920904159546 197.59130859375 218.095855712891 111.5448650249 118.304175807584 98.1230602882747 231.693099975586 218.318183898926 0 238.870834350586 0 114.92039862415 122.898499716852 128.52604307672 156.825400279118 166.731739044189 121.148287455241 115.56864560035 142.779251745192 216.426971435547 211.581282043457 0 0 0 179.411140441895 183.028470039368 183.842261936354 187.070215736947 175.544302846871 182.375292691317 178.580455780029 182.385597229004 189.38899230957 138.41535949707 223.915603637695 181.289178466797 146.594451268514 138.931713104248 123.62607828776 125.872307106301 128.656800587972 125.122341459831 133.588022708893 122.615083000877 150.700094893172 134.348424213689 138.833380381266 155.617204502651 162.09955628713 123.32193457562 123.714077577753 116.074099706224 113.606358383641 122.041243951971 169.601297270362 157.614841983193 171.096235752106 173.349531046549 126.963918685913 159.36762631324 124.454607756242 168.068542480469 164.534488229191 156.562875454242 120.600823296441 133.530827494806 125.640153133508 79.3261264279592 115.284084743924 86.7041265211978 101.488471842258 98.2312531904741 129.129572824331 124.063274170542 141.741698895813 34.5149171643819 33.3276962918659 56.5717486063639 71.1415344825158 82.7538931919978 102.434204260508 62.0148386990583 125.563769434013 30.496968904787 165.915570395333 204.335680205246 218.246823628743 187.760648040771 147.644737042879 131.682869630701 117.276198008704 97.9508901836003 72.9001685514112 96.3598526463364 188.861221953705 167.608360558225 152.905964759088 142.942621805582 66.7362062572815 90.8425892655138 31.3120330122854 17.4109858707316 102.678743570029 89.8828696477981 180.063739776611 155.31318929921 133.994594029018 153.298101425171 76.4649422979974 150.303140145761 54.663765668869 73.0186409184962 47.7094520398419 170.162513268512 210.404129515303 69.677771122141 68.3695960634659 158.719570462666 157.442498343331 170.506672329373 179.578746208778 146.548270543416 154.30144947597 162.811609402509
195.01335144043 0 233.271428426107 0 201.362593078613 200.464318169488 204.721389770508 192.685943603516 208.76383972168 159.272750854492 170.164117431641 205.119506835938 107.29195655436 182.021850585938 158.976781311035 141.532623734585 160.241320942723 136.391785095215 149.031227329281 154.88903119829 193.859817504883 191.738749784582 162.259958902995 132.295663980337 186.389175415039 174.359985351562 129.792277846225 114.730114567889 206.516877023797 205.360107421875 175.999914169312 181.360922241211 184.274662017822 174.248228285048 158.418567657471 132.830215454102 163.007381863064 166.79119708087 107.324086308995 185.597534179688 132.920334028161 114.452092798745 125.833107407029 146.363699088976 92.3492862320506 110.782695645247 190.317375183105 116.940187214749 136.815691111039 87.5389049371555 185.476928710938 172.864998867637 0 224.064483642578 154.099728902181 0 194.368029785156 168.7320829119 152.598403930664 163.77547454834 109.553217186833 138.154574895598 121.451287315782 116.801848864946 109.593607617535 83.8442551276587 202.534364064535 170.242965698242 108.039579262125 161.049636171575 154.98707631429 183.627743530273 180.369391305106 173.105427668645 187.775379180908 104.417442531297 164.627650260925 167.885016305106 172.902485480675 145.203784306844 166.289576175439 128.387743731729 233.690536499023 219.515917460124 224.787679036458 197.957281930106 237.454956054688 151.874322703627 131.642766920569 107.827633828006 110.193709169237 160.307492707905 164.879180908203 182.078737258911 134.143692117653 196.448174109826 185.176138559977 209.673820495605 194.605981445312 204.118353271484 197.931554158529 143.062575063398 220.05744934082 221.013429641724 147.894269099001 185.711013793945 0 131.115972300045 0 0 186.075988769531 135.545284748077 124.646027304909 111.836854347816 66.4675578774873 122.873797416687 113.872995523306 121.423239775378 140.064628124237 111.951402211593 108.086561353817 96.7061099610388 120.491349114312 150.339685510706 157.133796985333 100.576354598999 123.910153125581 89.3118618168962 115.468348665057 115.232949522353 151.778764427255 134.222700705895 144.959126853943 124.715778605143 100.090840426358 136.962444786264 120.446339289347 110.219146728516 114.800130269614 111.45369720459 75.7858504401313 122.806511058364 73.830849548866 96.8606371725759 138.567598489615 78.2168049767332 23.3533608818135 63.5916719864826 87.1454937022219 30.8319471163838 122.71576862507 98.3607091943757 86.3376499852489 102.749124616106 89.748316468311 22.112521211707 114.376746437766 121.278171446265 105.007507699909 105.411071008657 192.864177449544 189.27148844401 222.947830200195 166.365450541178 119.25203541876 120.245372984144 21.3197155883118 73.8469492584869 79.3527600629614 48.8678951413318 178.501055036272 154.099575980765 126.786999222136 120.601915660657 91.9882718705224 43.3706497783778 115.317946347323 102.678743570029 20.5580154143966 20.693637837304 136.691469012566 115.238916304668 100.612948542056 122.88874725862 38.8601164717469 110.988153579712 88.8780451318665 49.7174777042435 55.5021002292328 164.473498800526 203.331756591797 47.4744787525588 93.1296697288463 132.611780941486 120.182988102275 144.871325324563 167.347771877713 139.345618475051 130.841122891041 144.592774757972
0 0 0 0 0 0 0 0 0 200.850601196289 0 215.550926208496 115.995463053385 0 168.338097890218 145.556589399065 154.662494659424 125.830355326335 148.633530587861 144.438174656459 0 195.400517781576 0 139.348438262939 0 0 132.537933349609 124.282483418783 216.547172546387 202.642211914062 0 0 197.639305114746 165.331298828125 0 0 156.483530680339 165.265309651693 112.220952987671 0 115.139057704381 97.2093677520752 120.946520169576 139.087694440569 88.608082670324 108.526224263509 145.923812866211 108.476440017288 103.270317077637 93.1059382943546 0 148.451538085938 0 0 135.442825317383 113.430435180664 0 0 0 0 111.890947478158 129.960467529297 111.705783534694 120.390460713704 105.052837195763 66.8444031609429 226.949096679688 200.361282348633 102.658735954598 130.81626701355 164.30563100179 189.916130065918 178.645701090495 121.016212463379 173.04118347168 101.474990784653 0 129.810180664062 192.196632385254 0 163.71982421875 125.970090866089 0 245.923416137695 0 151.09521484375 0 149.431765556335 134.36712103179 104.527566412918 107.052482365062 202.938545227051 0 140.287940979004 127.241074764367 162.338417053223 179.794052124023 0 0 0 208.572998046875 129.505763053894 232.310417175293 0 138.086754307602 141.47629292806 0 153.887275695801 217.751876831055 0 0 124.830556869507 0 77.9138889312744 0 98.4649480183919 76.5711240768433 101.002758191979 125.826199849447 67.5748020740266 100.196920350541 84.7051361083984 77.1018768310547 160.397064208984 153.626223754883 89.7423763275146 145.002955350009 102.786327527917 116.519980294364 127.247789382935 146.371223449707 139.637977600098 126.602482515223 109.382166726249 97.3849385579427 113.141254213121 127.093187967936 124.4391746521 107.101025932714 96.0526551564535 54.6641486241267 116.004465103149 52.7123137882778 88.0215939113072 147.851029078166 73.4037129246911 64.4474404652913 67.0475559234619 98.0845783778599 64.4167499210524 119.170027378627 89.4973241891434 68.284551261788 88.9163417816162 87.6377498626709 73.2174318101671 147.030126953125 130.022372852672 106.518580627441 106.751370503352 0 181.514282226562 185.420486450195 210.188919067383 114.40615447998 109.621829986572 18.8807817562908 68.5319891333987 65.0257881457989 57.5387229919434 187.006759643555 149.033013916016 117.198443094889 127.735555921282 57.3097222764915 31.476479564578 103.116678435227 89.8828696477981 20.693637837304 9.48460854514675 122.458250681559 103.477972764235 117.233596801758 119.525244339653 18.0721123724281 0 101.689888727097 59.0392894744873 90.6116504951064 166.767070770264 187.423889160156 30.5790888204065 82.8811337166307 124.959818926725 111.458137512207 0 171.909328460693 135.284623463949 150.03440729777 139.300148010254
154.616116576725 148.938349280852 150.97514732153 143.725679609511 134.805299250285 139.205519710535 140.953921782665 159.879742032006 135.785259849147 111.129611333211 118.528069745682 137.976494310263 157.640493665423 139.917793273926 125.029116153717 134.159612178802 127.783953486262 158.078282282903 130.940835701792 135.154641371507 140.704744485708 148.019675060711 119.750068028768 189.625114440918 140.163162231445 0 144.858703613281 160.992978777204 149.643337718227 145.575560008778 130.053989850558 111.778249818985 121.248126233419 124.347056918674 0 0 122.855542646136 130.188293892342 159.285806274414 163.696323394775 150.937634167371 178.331024169922 0 118.148510492765 147.217007446289 162.067116631402 135.203313191732 202.479296875 200.59387588501 156.289241790771 194.011917114258 213.456420171828 165.03881249061 168.30779683431 183.253479003906 163.514813142664 145.476634098933 136.259971618652 147.403308105469 0 177.641581217448 196.987854003906 218.252843221029 178.403610229492 193.789001464844 0 160.516577584403 169.187800089518 191.895472208659 219.121006011963 226.118705749512 111.354095090978 123.468300247927 67.81091479512 153.843416849772 145.077133178711 98.9920283964951 107.495075572621 117.04053392756 213.954157511393 226.216468224159 194.173416137695 181.98673158209 164.934756086172 165.849085693359 158.807139078776 247.313919067383 204.18533543178 214.38708613469 188.967288970947 184.751145172119 197.153279746451 225.110327148438 220.94754246303 228.402496337891 140.262581134665 89.400992066218 141.706268912868 155.364351654053 178.403091430664 99.967429149 71.374730310942 112.582228532478 90.8675026562279 66.1530291654062 79.3311922646268 72.5081328720343 57.6518837755377 66.17601736268 35.3211904522562 20.0099061389143 39.6834128743811 228.972015380859 0 101.572624206543 0 165.867111206055 63.0007553100586 0 89.9606876373291 129.031822052002 119.510792323521 178.95282236735 91.7115199970749 103.250180152155 100.958563024347 109.369095802307 141.098657226562 0 0 87.6154726679454 136.361882103814 58.9432458393816 28.746568320597 0 89.92175477484 242.831939697266 115.825401306152 65.6729175880038 118.491930847168 118.806884765625 113.936684544881 114.822708129883 113.126627115103 97.4948512203289 144.309163545307 93.8330931000362 79.0276504907853 60.4796569824219 110.857354498529 108.658254941305 179.040133666992 176.396600576547 137.916456369253 155.613861083984 115.575241952572 172.556924002511 146.600845005201 160.517638029876 189.649827844956 131.079291150461 129.062765157448 104.907561010244 106.336296534774 80.7289252445616 101.365219116211 100.763506721048 136.563936941964 142.676740793081 88.6776301066081 121.471271537735 103.9971843447 101.711067199707 118.296026611328 207.95433807373 127.528842252844 171.23357802171 180.063739776611 136.691469012566 122.458250681559 14.6728345387857 21.0660221943373 54.1618616780734 133.861453056335 114.607738695647 32.9208888226668 135.70331307063 129.289969224196 157.396362876892 114.392652638753 135.503214706609 139.446480152219 175.915746274202 86.4020404109248 30.0080856655041 78.0316657165185 117.102219142271 101.622812747955 139.48893737793 111.081035359701
170.568798610142 159.583746450919 157.084277448983 156.950219896105 145.079931961863 149.697045687971 155.944691975911 203.025485992432 108.118968963623 148.914245605469 130.604631696429 142.074135219928 124.661019897461 119.417336273193 111.279956430629 122.584335230574 113.776378103403 130.911362161442 114.696233594435 112.033745651945 129.379569018329 131.841747598911 109.390158971151 159.045974731445 126.223692321777 0 147.082782451923 141.971516257838 140.083439932929 168.461414882115 137.735270690918 140.3089159452 117.811269420788 119.049381256104 118.235581831499 114.192291259766 110.842410755157 116.353916052311 140.702754974365 130.017091751099 142.952281708413 132.594898223877 134.57958984375 101.424305871544 140.013230096726 138.587022974871 125.839499473572 187.222157796224 185.011077880859 152.273658752441 194.184485802284 211.011224110921 155.188864315257 160.425942314996 174.859199523926 153.276605779474 180.706517537435 152.84441947937 132.541242980957 0 138.949437883165 205.433654785156 177.393432617188 151.227039882115 157.732411702474 108.218537902832 141.03108215332 0 168.115905761719 202.21403503418 200.918029785156 112.774395653005 114.322233644466 64.5516235608996 132.05893945694 164.624465942383 91.7256096225895 94.4574783870152 106.739745834883 171.460210164388 217.115901692708 191.561044692993 168.154235731625 156.814574043706 161.072642476935 141.776856665518 0 204.499910481771 199.612314860026 173.402506510417 171.196460300022 186.799412814054 215.815280151367 209.039651489258 196.671363830566 162.783715929304 95.1488787333171 129.22969669249 142.299595726861 159.410827636719 154.638256953313 128.191571749174 238.425498962402 180.665758132935 112.224801680621 123.073628425598 132.187881469727 65.9326061558079 151.702275594076 93.1653124491374 107.702287462023 66.2363866990612 105.916811806815 0 78.9362278678201 132.205500793457 107.08130645752 185.09094543457 148.13553237915 75.9429306983948 58.4072387244112 100.664105510712 134.966678619385 79.8794739037229 96.8141620755196 71.3390015496148 70.1971220793547 123.765236663818 131.68404897054 120.700140380859 120.5295914544 142.275014010343 64.2503859676532 28.6891378020498 0 122.360880887067 90.3786087036133 151.269939422607 14.1777702236521 101.046621460846 87.1978899637858 92.1843810903615 101.868482971191 122.412536621094 89.0910178097812 129.571297762687 70.8306245420831 57.0992650593797 29.246112989884 92.2206443392397 89.4075802250912 157.733790177565 138.304016960992 155.942888259888 176.973922729492 96.2285474464469 149.039825439453 159.750373840332 146.119244975428 165.022244361139 137.810153484344 122.137935638428 121.220886230469 133.652899169922 109.941514151437 140.78883934021 81.6777965227763 128.098824637277 128.610680474175 69.2252239162086 123.567473026744 117.349503603849 105.945957946777 94.9310479164124 144.769538879395 139.303371047974 174.198798043387 155.31318929921 115.238916304668 103.477972764235 21.0660221943373 11.3585609699124 41.4994557502884 91.52502200478 114.123422410753 28.0062177726718 119.044768723361 111.767552128545 135.712565819422 118.830356121063 145.401783498128 129.532072176599 154.410079520089 103.529487609863 54.0085987751301 91.3524424813011 107.671699061538 92.6713952457204 139.915686035156 97.082330750256
123.035491943359 162.855457305908 147.596205575126 152.968555995396 140.120591905382 115.42967054579 121.983834838867 132.282862854004 69.4426743434026 77.8205765618218 81.3253756761551 123.30458142384 47.8105767595007 88.2672841107404 73.8112652079264 73.2601584157636 80.839012827192 68.3789343898072 67.214157660016 69.8824159089509 108.546865116466 107.125562789592 93.8187414805094 96.8943929036458 94.4802894592285 0 78.4192255147298 73.5076490680823 114.81538032083 153.457967318021 145.701232910156 145.842540740967 93.8877740060129 105.43187550136 91.346246931288 74.268928527832 96.1529090187766 88.6407833928647 86.9736401484563 81.9735389709473 109.505219486782 71.181878226144 137.541663429954 49.4163334635142 77.3526669988092 85.3910010443793 79.4303426106771 156.079543113708 129.707496643066 106.203359603882 145.113455200195 157.448266771105 122.483997344971 132.781986460966 137.855140686035 155.078036717006 133.157306671143 107.496722221375 98.7658233642578 0 95.9886110305786 130.964053562709 130.497194671631 99.0223281860352 93.593557993571 15.2515957832336 158.573060353597 89.8721084594727 119.627488708496 155.701277732849 172.845925467355 82.2536894820119 78.9803225905807 8.48022271199123 132.396811676025 138.954210281372 50.479014423406 45.3625194761488 65.1597963574506 131.031919691298 170.38698433541 158.406312942505 146.51127425484 125.485029296875 125.979203087943 103.667091793484 140.537963867188 188.299273455584 164.258375341242 165.626876831055 127.207193102155 143.574080834022 179.5537109375 180.303958892822 119.97746963501 162.494026184082 55.0452943267822 99.9979678562709 109.900989879261 0 129.785891215007 126.330920537313 151.729315185547 155.253090198223 112.834493926077 142.583655766078 134.911685943604 56.9237386482197 108.670886448451 96.906690120697 95.9423933029175 84.0072513258601 70.0341286292443 59.9287020030775 28.8302382581374 57.1348215738932 51.9219809940883 60.5955119955129 59.748032921239 52.4256002652895 50.1039223985974 44.1640727506701 57.5019524383545 68.8370747622765 76.2869207089224 53.3714402703678 51.9184961229841 79.0321507453918 91.3655853271484 64.1753035835598 110.924303615794 106.682756087359 87.3252113660177 59.1319449386491 58.7250480651855 62.7105926407708 63.9436678886414 45.4086959145286 49.0586133583757 56.5462401603872 65.5026897192001 65.347217394611 60.5010257520174 88.3628819205544 78.3491668075812 96.2836153847831 37.3216023509393 10.8852813998642 27.0089626018495 51.99440469024 66.3038518206673 131.535079624342 120.532415866852 114.334962463379 125.94393157959 72.3057561473787 106.047510091541 118.647822788783 98.0440494047111 147.861899334451 125.773883882116 120.220838720148 102.106978374979 114.518075731066 67.1713837517632 70.1067818758781 94.3930072784424 99.8648608473481 112.264673461914 17.2093568633094 109.865406065948 94.8673848470052 82.8635807037354 66.9216593106588 125.774213155111 100.144788651239 143.651186625163 133.994594029018 100.612948542056 117.233596801758 54.1618616780734 41.4994557502884 10.4118413068046 83.8273372650146 123.535287475586 27.3676555566267 79.3742418444506 60.5481506251603 100.467893262201 93.5154091256564 121.973252027463 115.073798892373 131.438556324352 96.3152441611657 34.5482372053674 78.9162494871351 91.7554690356325 73.7310155893301 112.792583465576 83.7938919067383
225.43090057373 0 0 0 210.067657470703 155.668296813965 0 0 248.152282714844 235.298141479492 121.287254333496 197.470649719238 177.039851379395 129.830791473389 143.938331604004 152.972318013509 144.404882604426 178.617951826616 151.677213969984 152.56510925293 119.931838989258 182.81233215332 0 203.325159708659 0 0 202.611038208008 166.040808105469 175.039794921875 0 142.901229858398 0 165.469398498535 186.892242431641 229.726226806641 0 133.979456814853 144.078898111979 160.122833251953 0 177.981861368815 177.412511189779 182.383006504604 128.789432525635 158.947737375895 167.364350585938 134.235687255859 186.551364353725 0 186.864952087402 0 0 0 182.492111206055 189.97679901123 0 0 0 130.648254394531 194.033546447754 166.083040237427 197.433566623264 181.079040527344 180.867022705078 176.799230957031 0 158.172866821289 0 173.213627567998 0 192.754425048828 175.24658648173 140.695446103118 100.024639129639 0 166.603366993092 110.548689524333 114.652887980143 152.44539621714 174.569175720215 222.268676757812 219.327491760254 175.422928946359 168.111419677734 199.159807840983 138.378153483073 0 223.819584437779 200.338636779785 174.082328796387 177.91498224786 162.116668701172 0 0 187.896739959717 237.277847290039 136.626983642578 195.192001342773 0 221.414627075195 162.191323852539 80.4969838786329 166.909803217108 165.697709569391 62.1976322911894 156.046709161056 186.879623413086 143.381397247314 159.384183247884 0 70.63427734375 157.505858379862 65.8752620094701 73.8668329542962 131.542434692383 91.7558305528429 68.0300455093384 113.400091807048 117.898942947388 133.310624694824 121.170331246512 127.453065660265 124.391767501831 72.7713196808085 77.2478221852355 63.7588065176299 51.5784169501001 89.695520401001 83.5760197109646 80.1385935899688 64.9950487278086 31.5534694459543 117.176379631306 134.604792681607 28.0922623764385 62.3868905893353 72.1023632575726 62.2061459859212 96.6902064323425 80.7189034008589 104.327785048374 68.6759395856247 83.9594670514155 106.047783732414 82.0523196321765 115.791298597287 128.241929796007 165.577507019043 96.3501197151516 125.597379584061 26.4430536675499 137.6300684611 142.139762498306 130.145266364602 136.657028198242 151.635442097982 178.023413764106 145.147711647881 211.470387776693 168.812084197998 125.391441773031 108.469114008084 121.559807550339 91.0207598085757 24.90642144937 34.5601023800117 109.904430749281 100.752384251 104.813962884851 113.347880436824 94.9602557266167 65.4606314395806 27.7760616489172 15.7836380851551 115.319654025901 105.347691215604 155.311868286133 153.298101425171 122.88874725862 119.525244339653 133.861453056335 91.52502200478 83.8273372650146 24.4122342985359 121.046244303385 131.831734551324 194.839944458008 142.774996439616 177.639702049462 74.2043569351455 119.121289902017 150.929962533419 136.564685087938 28.6642866040392 142.243529579856 146.363868713379 88.3127535424517 52.7952794751866 28.6111227126082 45.2550605721034
243.36686706543 222.701283772786 227.657325744629 204.801467895508 212.65658738878 227.082135009766 228.006324768066 222.353973388672 0 0 216.967498779297 213.890931871202 108.727829488118 0 155.780108133952 147.603160048976 153.928176076789 142.279174094976 151.852696228027 149.759791056315 203.312591552734 171.167857578823 204.008636474609 144.161026916504 178.662712097168 222.095489501953 139.609551929292 124.380308689215 209.195179530552 191.193790435791 180.291235605876 173.496994018555 186.07058207194 164.968551635742 0 0 158.86665889195 167.962133498419 112.129151294106 167.286666870117 138.209021899165 104.681006113688 121.048929112558 140.273686726888 88.0582669381877 115.127137611026 181.205752563477 99.2357909938656 112.541470022763 78.578989455949 175.404029846191 142.241187201606 230.189407348633 221.072153727214 185.843816757202 228.428848266602 212.926241193499 176.754104614258 198.82568359375 0 107.608530494604 109.706536759799 103.770793091623 120.92786878698 104.879824538175 100.542849432064 198.848291185167 186.234741210938 99.572998046875 133.466462634859 131.556449127197 184.589757283529 176.145078771255 155.081831190321 187.08761735396 94.765243612212 188.573020935059 146.140486717224 172.003955688477 119.665128919813 150.430896238847 93.6350527413284 222.08585030692 222.390133944425 221.889981079102 196.13782119751 0 124.48596736363 105.912959069917 94.5556585051555 104.147015323928 148.476600646973 223.132369995117 159.354791641235 122.688356588553 189.53252772281 163.094146728516 199.920593261719 189.620663960775 188.34008026123 178.724038344163 129.456471534292 184.242538452148 177.026412963867 129.174847737297 141.12990001922 237.616134643555 126.784730911255 0 143.973598480225 183.017288208008 127.317737184722 103.550135803223 89.1447291374207 119.574312845866 83.2057988947088 79.569451552171 81.2923737934658 88.1323652267456 64.7588046858728 98.283881652832 109.27667754037 83.6221171931217 142.060547070625 143.466980797904 97.872580818508 107.496788307473 99.1898485071519 107.476453857422 113.581526979487 137.026106987681 124.587560061008 122.050266601364 117.049691975911 89.6345173762395 110.263943449466 124.019725799561 137.810134887695 103.017373118681 93.5917652067931 54.0655062710797 119.838898878831 76.0570681738475 91.6390848404322 131.337880494165 66.3715655897098 71.3149707582262 134.6274269104 89.8030180582186 79.6894272984685 122.191894925874 74.534329533909 24.0170332925253 82.3689322673099 69.6501164523038 46.2480532032575 126.179901816628 116.498461516007 158.497881889343 99.4732823133469 190.623743157638 181.760232543945 190.703930941495 161.980230869391 107.309043593079 107.372213010435 28.0102945782727 68.4163571184209 59.1510280304325 45.8233079679085 171.046612070568 145.669315156483 118.996160694197 119.2891798753 17.9913364910534 25.6757741100165 101.034456973606 76.4649422979974 38.8601164717469 18.0721123724281 114.607738695647 114.123422410753 123.535287475586 121.046244303385 11.9032595057997 121.95826121739 105.592806756496 43.734951299948 89.3881301103135 155.456872304281 193.200937205348 26.7148830958431 71.9796425339866 121.099650508138 122.896184481107 171.663006252713 168.208565207089 144.695862605654 132.197870107797 165.358753204346
148.096347575285 135.827778167725 138.003546396891 136.225238093623 126.408635864258 128.383014210483 129.032714080811 171.274612426758 106.317918777466 95.7808269847523 99.2936042259479 124.274007018732 117.811440785726 95.5816514756944 93.110878499349 100.358701388041 104.929197435255 119.146355523003 106.004645743565 102.689956951141 126.868530429139 132.55882758425 102.170513576931 143.752019882202 161.222217559814 0 132.771567208426 122.959313528878 145.805905761719 133.990524927775 111.173596833882 112.900293436917 106.507141319053 119.151890224881 92.9654922485352 0 102.847015380859 111.735998756655 130.547710842556 142.545569101969 137.221796580723 0 155.097323608398 92.6247344425746 144.855924818251 140.755853855864 145.663875579834 182.531817400897 201.9372215271 139.267194894644 183.374922180176 184.698646741036 168.222370692662 153.194641938081 173.249627007378 154.45424761091 137.198126359419 0 104.378196716309 0 142.703843434652 193.044189453125 171.673500061035 152.12615776062 162.92658996582 97.5849647521973 157.66494473544 141.965579986572 156.832855769566 217.889789157444 190.196321105957 97.0697550210608 110.517005240731 51.7101672135346 152.17629033869 160.911310195923 84.6533541155688 87.8492950439453 100.71140524183 162.739755803888 210.295960771277 186.026264953613 169.935516923796 153.622999393239 152.846281958408 146.897201801169 0 205.032109962319 195.776404303473 169.372110193426 154.009184820002 184.553781236921 0 189.732711791992 175.882011413574 132.626464150169 68.9057221072061 117.868869963146 136.290031433105 207.730140686035 114.632948647083 93.3320382159689 146.074685316819 143.683850133142 87.9392224362022 105.005756667166 84.426448059082 48.7127030227602 97.5386776171233 64.0569860524145 46.5330087928211 61.8494800987244 54.3877201080322 119.35999806722 71.8125398350858 0 46.1259398460388 174.769963582357 56.5257530212402 100.413434505463 58.6118010956308 86.4632158046815 87.0476447211371 75.0710567016602 89.0447036529256 69.8154396057129 69.4704502368795 131.469054222107 171.348281860352 134.007120132446 83.3490186838003 145.311783877286 69.6899751259463 56.9509982557236 91.5234756469727 72.3107792970946 111.551727294922 50.3381805419922 44.1297031332248 68.1393217813401 204.476572672526 81.9013302142803 180.462348937988 111.537560035442 83.1727293956129 124.38443513758 63.3929933175862 45.5199962157469 22.1714425612874 93.6501148347932 96.8366536360521 141.671051612267 143.934501647949 128.449909528097 153.935890197754 86.1911316123198 134.624531350874 146.679181705822 126.624630750328 159.117301010504 136.738942513099 120.162220395845 99.2495880126953 107.024373110603 73.6019445883261 51.5417823791504 122.395939826965 124.199051372822 134.020410446894 55.5794505942613 113.832358491187 99.0819731731804 149.527802785238 107.670650482178 128.283317565918 151.237920346467 167.364237617044 150.303140145761 110.988153579712 0 32.9208888226668 28.0062177726718 27.3676555566267 131.831734551324 121.95826121739 14.2714002425726 104.14475956548 92.4809200774589 122.073026237688 97.9787282943726 128.506701775317 125.282469698543 143.318823380904 74.6236754523383 24.8612673616045 68.7079180782124 103.661379241943 88.2907926940918 147.99105682373 96.2116324966018
197.303131103516 184.502716064453 227.927589416504 186.343017578125 162.83277130127 170.041726006402 0 0 232.029968261719 156.38374710083 171.785675048828 189.357526605779 153.145290374756 0 0 148.443702697754 189.270553588867 137.340612411499 178.720110724954 202.49821472168 0 190.090861002604 0 190.803314208984 0 0 0 0 190.982757568359 199.342610677083 0 0 185.855941772461 190.633163452148 0 0 160.433975219727 173.790289984809 163.648722330729 0 150.068651199341 108.29956817627 158.799407958984 184.47364616394 123.33264626397 130.477857589722 0 85.1322910202874 163.499673461914 113.001504951053 110.919206380844 94.4940455213506 0 0 168.250244140625 0 0 0 0 0 144.655233595106 92.6497566623333 114.84625113351 146.587257385254 147.384346008301 122.003686904907 205.55891418457 0 136.543663024902 90.2222514807009 82.7616341608875 186.672500610352 175.861952561599 176.403890337263 195.893981933594 100.733848051591 190.401596069336 0 180.365014468922 61.4496302090956 92.6614098110082 49.6839339880491 193.638980263158 191.604309082031 194.845367431641 213.38346862793 0 87.2644198966932 101.016790630261 114.841179121525 138.509661129543 128.560763200124 96.2082122166951 95.6991229767495 118.271874957614 173.867736816406 179.314443969727 0 207.736404418945 0 176.715044148763 173.381628417969 185.431396484375 197.260673522949 183.72617594401 196.125893729074 0 126.471094195352 205.783615112305 128.954727172852 169.475326538086 176.175009409587 0 149.47087097168 93.7617634364537 163.021608352661 162.991317749023 156.796768188477 133.513824462891 118.667759486607 143.309332953559 120.047385787964 128.464435577393 147.545756022135 173.04207611084 0 145.385366821289 124.101847561923 161.132919311523 182.87248840332 192.446850246853 184.852506365095 172.261589050293 162.867660840352 0 160.505432128906 135.591651916504 0 128.950351186899 145.371431827545 121.311609094793 159.31271471296 111.346135739927 86.8916341781616 136.03697052002 106.101438399284 53.7167282997955 74.85270875295 86.5309988575064 110.852805914906 160.916004180908 57.5443168592353 60.3691986730093 75.113602031361 77.1730666160583 26.4976662474728 51.6088713347912 49.2846459332634 21.2096833796896 68.5064200540677 116.065704692494 0 164.795941925049 178.74750213623 157.081018447876 134.839213562012 114.489727020264 116.353526574594 66.4439850937236 45.9121954240382 182.356313069661 175.164577484131 159.937370300293 160.553405761719 104.271734833717 109.902643794507 53.2354439934768 54.663765668869 88.8780451318665 101.689888727097 135.70331307063 119.044768723361 79.3742418444506 194.839944458008 105.592806756496 104.14475956548 11.0074001395041 24.9946328125774 29.2086207274335 230.521301269531 135.572732652937 69.3275978621903 65.9243032742391 166.150938034058 115.668599362232 148.031693489321 193.910919189453 196.889266967773 168.546279907227 180.177312215169
221.970153808594 0 217.498977661133 0 208.609359741211 221.354782104492 0 0 0 136.240097045898 185.36018371582 188.282145182292 92.4110336303711 0 200.44558207194 200.230621337891 148.127990722656 0 138.175725460052 153.461589813232 0 166.535008748372 0 161.37166595459 0 0 125.594467163086 136.065881517198 210.160011291504 161.286346435547 141.480026245117 0 200.050354003906 0 0 0 153.985122680664 174.085029602051 158.903680801392 0 125.086681767514 130.487106323242 104.798852186937 130.573921867039 55.1716974711014 120.174523573655 167.32438659668 81.6787403134534 61.8982667922974 27.196534411155 94.5412845611572 95.0945652587504 0 196.80347442627 125.847465515137 99.8082809448242 213.546440124512 0 0 0 91.7651653289795 91.494813787223 84.15199379299 107.385757446289 104.656090418498 73.7661461603074 200.223480224609 0 75.6103757222493 107.511986838447 111.255712041315 162.556304931641 204.623896280924 162.280415126256 139.419982910156 66.8771146501814 148.312421013327 138.39665222168 138.658752441406 73.413528578622 113.619352141772 52.5300134632939 185.327541351318 0 0 236.836761474609 0 79.9185629844665 79.097436513143 59.2102577572777 91.2018042301786 118.837820786696 142.645576477051 124.100583757673 98.7285188436508 169.25626373291 155.519821166992 0 0 0 200.835327148438 137.946914672852 203.296783447266 175.880165100098 160.677062988281 199.676467895508 0 118.352314076525 0 0 0 199.710563659668 117.507446289062 0 76.1247711181641 218.031921386719 132.304662704468 122.941443050609 119.253257751465 118.847850036621 124.201187133789 104.682499156279 123.524717966715 140.174243927002 153.186153411865 93.7649926079644 110.412784869854 124.970116085476 104.124425252279 105.634766896566 169.605707804362 0 211.738006591797 158.090063476563 124.871673583984 167.675704956055 103.60767364502 0 119.927410888672 147.167024884905 100.774227905273 141.154301276574 189.843933105469 79.5971638815744 91.3625059127808 61.7254803264842 40.3736503051103 56.6008998552958 73.8399284187405 75.4597427923948 138.684033711751 62.6641562779744 53.5972248368962 72.3466748418035 55.5626578154387 29.3436642557016 61.9238192442876 71.6285666738238 44.7238176734199 89.692683714673 94.2385005950928 0 211.244369506836 0 170.836729431152 121.81081199646 103.048740386963 77.5662720480631 49.9740725942758 21.5571188418995 173.732154846191 175.546253551136 152.800132751465 131.044932047526 52.6257158077031 81.7896782529038 82.0053298256614 73.0186409184962 49.7174777042435 59.0392894744873 129.289969224196 111.767552128545 60.5481506251603 142.774996439616 43.734951299948 92.4809200774589 24.9946328125774 10.879776745474 46.4734503216808 169.910562515259 201.530319213867 52.6752886838145 64.1242747259298 153.795825958252 102.769444162195 125.65025668674 0 146.350290934245 162.27533976237 135.897106170654
224.25205078125 209.146062215169 205.042259216309 226.463928222656 219.750720977783 206.952969719382 204.162666320801 248.205139160156 200.688180541992 198.859113693237 189.812889099121 210.084115600586 149.638287275265 0 200.947664896647 182.395527839661 196.334753853934 184.503728594099 185.981264426491 193.970843505859 200.148490905762 190.800684148615 185.935365949358 173.21811567034 162.391357421875 211.411560058594 188.184420776367 162.899180942112 227.939151218959 193.235226949056 221.443881988525 199.843939208984 212.396895188552 0 169.393081665039 0 176.122229003906 190.997542911106 155.610455830892 203.436447143555 171.938507737785 152.005437215169 162.260748545329 187.635347319812 130.917001353014 161.019702802386 199.75065612793 111.152900090199 153.01794052124 110.402538020825 143.248700896306 124.619611214354 0 215.884719848633 173.67418162028 202.954452514648 222.99474758572 214.728240966797 202.681976318359 0 169.961101108127 116.400422184478 125.773517108071 170.357724358054 159.739416051794 143.269730072021 237.206731160482 0 140.473145569806 118.423527230819 114.838644002369 201.292363484701 204.062892150879 194.009600067139 217.427974700928 119.546645445743 220.256719878226 201.832162221273 201.728452277906 96.2908112667891 120.054484036234 97.9989589409863 216.749737388209 216.378286361694 221.893802218967 213.694152832031 0 116.606431945669 120.516370065767 120.969930289413 144.289223277812 156.043520515348 126.778818402972 125.142710525378 144.53112411499 217.561448838976 210.134789148966 208.223492940267 0 235.455535888672 187.028644561768 182.53874319571 197.640499246532 196.972578891488 183.614770777085 200.45386505127 203.197626749674 144.836956317608 208.337371826172 164.245843505859 196.587331136068 194.22225013146 165.887542724609 132.949611957257 104.441751129773 135.151444655198 150.386180877686 137.674305835402 155.130303382874 134.887541585894 152.321522671243 129.290467779977 150.2739718207 168.674051036005 171.710782258407 118.762147216797 137.504778035482 138.887745533175 134.056169891357 134.775406376008 191.433359636579 173.80798605214 176.046936483944 178.510111694336 186.335195922852 183.627729415894 151.16035643078 160.606513977051 151.125878440009 166.212171412226 130.609091213771 146.921512379366 140.424498165355 87.0442518189896 115.327946110776 97.7305142009756 68.2575542974536 87.7081014056538 109.250818317063 104.770432384756 168.128961378528 96.6820573149743 64.5827246815746 75.1450671763033 86.962008750602 32.2916567062287 58.6091682397962 77.6252466689061 40.6043555198107 42.2918412750352 137.869258117676 219.263813018799 190.15626695421 202.489996476607 171.581790857148 154.502325439453 129.697995750649 130.010835666468 99.2771356848652 74.4798846618537 181.764158208319 184.240920257568 178.752186775208 166.814257049561 104.291305740674 120.778366859297 81.6425470962524 47.7094520398419 55.5021002292328 90.6116504951064 157.396362876892 135.712565819422 100.467893262201 177.639702049462 89.3881301103135 122.073026237688 29.2086207274335 46.4734503216808 20.4679470726742 182.765282948812 167.259253471128 40.7562500032664 90.3494337449262 175.548425425654 132.887397183717 155.170905412946 195.948153409091 169.950910441081 172.474380493164 176.788330078125
0 0 222.611666870117 207.710968017578 184.222244262695 204.115921020508 0 201.787063598633 0 0 0 186.543775770399 231.861450195312 163.30788269043 159.336715698242 202.276742553711 158.215324401855 215.726715087891 154.143362128216 151.934140292081 156.408210754395 178.424738566081 180.384437561035 0 0 0 224.497695922852 220.992572021484 199.429260253906 0 185.706954956055 150.297348022461 179.805836268834 191.484893798828 178.424736022949 0 157.894915771484 163.167208744929 192.405429840088 169.716674804688 177.515520368304 0 0 153.069900512695 212.112640380859 196.268984113421 0 206.773928324382 0 160.442993164062 222.538986206055 175.618637084961 183.187484741211 207.119125366211 0 172.359893798828 0 0 151.347503662109 0 203.142732620239 0 198.369547526042 0 0 0 199.395416259766 0 202.112382071359 248.244079589844 0 152.25090265274 160.234734217326 126.942303975423 180.725555419922 216.573654174805 152.353303527832 0 159.889970679032 0 0 0 214.009446951059 212.075354003906 203.498744419643 188.671371459961 0 0 219.808097839355 214.063262939453 206.531461927626 211.936828613281 0 0 0 180.545420328776 163.230178833008 236.381622314453 234.791625976562 0 104.663599048961 88.7682890372701 107.786455193344 108.017375125161 94.5206936195248 106.893271488426 98.7484292984009 140.237272262573 110.543317522321 118.655858357747 108.559677124023 114.086473234407 110.89892578125 112.908840942383 118.95467376709 117.356974283854 131.173654556274 162.436327616374 208.098785400391 139.043661117554 116.598474979401 152.20686340332 155.38173828125 87.4445841569167 58.369686997387 104.335855938139 66.8847369303745 139.037869503624 92.4072761535645 117.450881413051 71.2023869905716 61.8847696468198 98.1219489075417 107.803470534508 90.563346862793 106.559193852436 105.22479738508 70.9570922851562 106.540109851692 106.617973391215 151.923496593129 72.4344490311363 138.154189758301 79.4161869758783 82.1594889906586 133.451955892272 123.261947631836 0 94.5801176183364 166.342844182795 78.5996737694955 160.67327068698 166.792554511399 151.70339827104 146.853724161784 162.323837280273 140.549763997396 143.665006177179 234.047790527344 187.267293548584 82.3228158718202 101.636525599162 132.394945780436 130.03363468336 96.0704346473771 117.933954620361 154.053919110979 147.195780496749 141.710979784949 144.408457756042 21.2536287971052 25.9070001574344 87.9526731245745 103.645512124766 148.10357896337 141.283649027348 160.87383962232 170.162513268512 164.473498800526 166.767070770264 114.392652638753 118.830356121063 93.5154091256564 74.2043569351455 155.456872304281 97.9787282943726 230.521301269531 169.910562515259 182.765282948812 11.2617521811032 73.2822495974027 171.331881464744 155.93161315918 83.5185968368879 108.46713910784 148.512226649693 26.0866474458472 20.8099641557747 43.4047355882796 68.0966625598717
217.400540520163 212.896358947754 217.293573716108 211.961056592988 205.628718195735 206.7383720461 219.694582621257 223.193908691406 181.998321533203 190.474434485802 189.646484002834 204.482044716307 239.134292602539 0 203.129608154297 238.707107543945 194.524675369263 232.368537902832 189.013509477888 184.440376281738 202.664995633639 206.488342285156 187.19507598877 0 211.941299438477 0 0 204.829391479492 200.543408480558 210.782224767348 200.336521148682 179.357065473284 194.129954192598 193.002828979492 0 0 199.210832214355 189.777179874786 213.128219604492 217.892593383789 214.253858517378 220.229751586914 0 182.41693204992 221.930023193359 242.413528442383 228.067230224609 0 0 224.178771972656 111.109687805176 133.790772755941 234.906097412109 227.378935593825 235.174800872803 214.356552124023 202.36464881897 0 0 0 225.901824951172 226.307459513346 0 214.301193237305 0 0 222.995687866211 0 234.380587768555 0 0 182.97680212619 186.977978288635 146.373415237818 225.202682495117 232.449195861816 166.352489818226 0 181.226389140983 152.346221923828 184.060599190848 198.788642883301 234.768485175239 226.300141334534 229.171128336589 209.500094604492 0 215.439535522461 209.820510864258 241.669097900391 237.811024983724 226.179341634115 0 0 0 202.442821155895 170.882318579632 194.537837028503 208.846252441406 223.235290527344 122.710044717761 114.911574404897 133.247779581894 132.48554960863 124.29191088122 136.036320498316 121.252313927759 111.94990518358 133.341065361386 120.754511413574 137.401459433816 141.263328480271 157.797500610352 165.187219238281 0 164.618347167969 129.631011962891 174.785940551758 0 207.749196370443 152.228611246745 192.478271484375 193.01692199707 86.8629503403941 90.2465234483991 151.139490127563 91.253533244133 171.949844360352 173.19911702474 176.399963378906 95.7347449812133 110.057102984974 126.121263099084 137.851348849109 171.855442047119 136.855455267018 148.765884399414 0 136.961433324921 143.839830097399 187.239907836914 109.217666463649 176.633804321289 19.7859566504143 35.3677254796322 173.564564098011 162.101928710938 173.649261474609 141.919676462809 193.864249335395 120.077373579437 202.517035507574 204.822361115486 56.8641250943675 134.347244262695 0 93.0791190047013 71.1669394671917 84.5528373718262 127.580557062385 17.3448389122676 49.3343194430983 102.887185265036 85.3832566609102 128.366269747416 132.435388183594 179.497450256348 193.945924238725 191.318484256142 165.006984710693 36.4182246384258 78.9171589993619 130.370023149433 139.629643576486 191.448369954427 183.344008817018 111.107105813968 210.404129515303 203.331756591797 187.423889160156 135.503214706609 145.401783498128 121.973252027463 119.121289902017 193.200937205348 128.506701775317 135.572732652937 201.530319213867 167.259253471128 73.2822495974027 12.4025630862769 196.604425101445 174.406373244065 122.835773300629 135.18645140704 94.6759175163003 25.6030439269445 74.0533546852855 100.697683490691 110.688653219694
227.11224937439 226.258361816406 228.884563446045 220.166702270508 207.448658336293 197.863313947405 219.145950317383 0 202.877009073893 222.917633056641 200.642444610596 213.16224822998 136.849834555447 203.867309570312 176.689781188965 169.956248747997 182.304649353027 173.171333624392 173.887179126478 176.20557975769 0 197.695207483628 177.92648824056 157.260269673665 181.524726867676 208.375160217285 165.451190694173 153.489155919928 224.784172058105 225.844253540039 199.351776123047 201.229358673096 212.781075371636 194.516101837158 0 0 192.33697052002 190.843849032533 146.68237286736 201.836950683594 149.29813790027 131.520796639579 136.746990727443 155.816154755742 106.590844782816 142.181969577319 207.797485351562 110.727731664649 142.476485818119 91.4378386001665 145.19718662385 131.247014802078 0 229.368041992188 195.241490681966 168.325355529785 216.923395792643 179.553378295898 188.904148101807 203.181167602539 135.933998823166 116.352602210851 115.872542563585 147.299134347953 119.797687690799 120.166986447289 213.018784743089 197.578765869141 112.177819789071 132.848820871382 129.061558810147 196.51116004357 191.54044418335 190.784439780495 197.236958821615 107.601376497809 192.254442568179 179.934417724609 191.864388839058 117.969204947452 146.256265419117 96.9311067077765 229.989624023438 221.850406222873 229.270778656006 217.847763061523 0 118.771778501816 115.837736610044 107.568314348728 120.844480186413 153.359840965271 192.932291666667 156.825753916865 131.302572046567 207.184405517578 188.483086081112 0 214.395971679688 212.30199105399 184.405339754545 152.874256454896 189.721842447917 189.664436340332 148.549050044651 164.426103545398 177.833755493164 146.2906121148 193.767776489258 154.44753112793 212.003383636475 156.393940395779 149.293616703578 122.475535944888 83.1111778000654 117.096625843267 132.752233293321 120.093715351221 134.401064300537 101.529527189021 119.186525422174 117.419347196012 126.978975578591 136.316890141735 153.95445394516 115.764394906851 117.106696599646 117.730585734049 116.295070242375 117.791526545649 162.442714536093 147.249076920326 140.018720476017 143.410635273108 124.384790420532 137.037404564663 134.877363948499 129.305921282087 125.746473043936 121.188497682897 88.1160508648479 131.594470493043 115.092580901252 81.370688704462 115.803566188603 76.3579974902441 63.6469658586844 81.6646513938904 100.742190146933 87.2129257599957 141.826962301176 77.2246943125084 45.2717713480493 69.8697791652785 71.1970469572834 50.6853967124281 102.413109603681 108.752982461379 111.401725676002 82.3348450636824 147.84741973877 203.092311859131 194.466449737549 185.736495002868 133.115793690178 135.307469443669 72.7843894845968 86.7804261110073 69.6709308914236 69.6685908438717 189.996164383427 171.176454626996 138.983857727051 140.165163040161 75.4265314059652 67.2779074583179 93.5932538721485 69.677771122141 47.4744787525588 30.5790888204065 139.446480152219 129.532072176599 115.073798892373 150.929962533419 26.7148830958431 125.282469698543 69.3275978621903 52.6752886838145 40.7562500032664 171.331881464744 196.604425101445 21.4407049067494 79.5333296951738 143.968197565009 131.090288652693 168.2383912739 173.981546084086 149.809313329061 153.707085745675 152.6220703125
196.321853637695 220.409851074219 0 0 206.80827331543 209.590633816189 0 212.469482421875 186.165451049805 0 0 241.265635172526 152.981756650485 180.629028320312 187.313849312919 175.683518981934 199.960146222796 171.523858133952 189.987253042368 184.448122406006 205.769734700521 197.047724405924 0 176.440460205078 176.650390625 0 176.631729125977 169.389952087402 233.268801879883 0 0 220.289741516113 205.298451741536 233.35009765625 193.50309753418 0 196.248084174262 198.677005290985 172.498668323864 201.062767028809 172.783365885417 156.576301574707 167.281098429362 179.917566087511 121.952232979439 164.888949566577 0 119.383034940251 131.96434211731 102.429599480551 140.159966786702 146.57849521637 0 0 153.427062988281 0 232.766662597656 202.20930480957 201.803405761719 0 159.159790212458 121.660655413255 119.403899286026 156.046051025391 139.568992614746 129.582055664062 245.355140686035 0 129.832668787527 127.145715010794 134.427997766539 212.67308807373 208.536466471354 196.091046142578 239.573997497559 118.622265395298 183.400717163086 205.420008341471 200.986179351807 110.914602055269 138.552593383789 109.416009879974 230.616675240653 241.927261352539 220.783531188965 216.087615966797 0 125.530181122946 121.780374619269 121.422627655088 140.096139317898 149.888623555501 152.729181925456 151.317321777344 142.414498564485 220.017161051432 217.017269134521 232.007598876953 0 215.997406005859 179.25029551832 167.312394794665 183.721739933409 181.848337675396 170.846813746861 182.794609614781 185.155001322428 159.669884575738 171.777397155762 153.070358276367 210.488845825195 176.11004771357 112.786182403564 113.320194125175 133.672339303153 110.830987285367 122.653904876709 119.256957593645 134.912438025841 120.736121359836 141.013160942137 132.205978634991 127.113674870244 125.494626536514 139.64289852004 95.1001420571254 103.303055559813 97.4273976647467 93.6028744804668 101.339499447562 167.342099124438 151.410384196155 170.082075500488 174.692100524902 108.71151638031 152.242856147962 106.473206211403 95.0805771567605 149.008047485352 136.220255260226 114.867574743322 112.223216082426 124.831063119989 70.9877944016496 89.8890557485084 55.397536309425 96.3146711432416 93.1340108598982 126.888601232458 113.025674246699 119.68117888361 40.9184751898878 72.1612695625566 38.2779570989565 25.9364893302781 70.6252166302535 78.4081622708228 47.6320479408984 98.9348314458674 73.9778986353173 111.791168811275 186.24039255778 212.220054626465 186.192681630452 135.085161024524 106.019114402488 104.130046875496 45.5534184856105 26.3225825519391 84.7923493309143 171.952564751924 158.852273050944 138.25471496582 117.052152526513 73.5415841672035 91.9056533410056 42.3697716920434 68.3695960634659 93.1296697288463 82.8811337166307 175.915746274202 154.410079520089 131.438556324352 136.564685087938 71.9796425339866 143.318823380904 65.9243032742391 64.1242747259298 90.3494337449262 155.93161315918 174.406373244065 79.5333296951738 27.6994010950979 157.812746320452 157.630584928724 179.347134399414 166.348745473226 135.004877607952 145.004661364433 136.603771806574
171.893424987793 160.720259232955 163.919034576416 159.868885993958 157.34409942627 155.919176483154 162.885162353516 169.36056137085 187.684280395508 172.547454833984 145.630575326773 154.005503443668 158.729596260266 149.578384399414 185.09557723999 170.988807466295 177.881127493722 166.012277176131 167.128494381905 177.692159799429 169.256034851074 169.217188262939 189.216959635417 183.811570739746 162.082244873047 0 180.350540161133 167.29102960034 171.966339111328 167.929087712215 159.567728678385 127.49772158536 141.361717077402 159.425120035807 0 0 135.836727142334 156.13862366372 169.26551044521 148.143859863281 183.361633300781 179.754063924154 199.246900285993 148.646082791415 168.14121500651 171.150634111677 0 198.22428817749 168.302856445312 177.943557739258 212.535400390625 196.741500854492 163.734497070312 184.829322814941 193.61986541748 173.511003766741 162.826391601563 216.987884521484 0 0 168.577468273686 205.814843984751 199.023849487305 184.259836832682 183.497098999023 165.961072921753 181.617284138997 0 185.741283365885 229.587448120117 203.740287780762 129.687449481036 146.360820644504 109.055439219755 148.027847290039 178.288409762912 121.372680417953 140.158889770508 133.561454412505 178.943588256836 219.136787414551 222.10009765625 188.615924232884 172.815895412279 179.070069885254 170.169624328613 223.655914306641 215.414079938616 211.779812981101 189.497229439872 188.398961209703 202.785985310872 234.335601806641 245.339431762695 216.37043762207 142.027961730957 129.867640177409 145.078338623047 150.568328857422 0 150.030297635207 52.1127253961653 176.740383572049 169.008473989126 30.550820162838 100.717878452369 158.192003250122 95.5921300252279 175.997379302979 113.284286499023 144.404796600342 88.3702668356239 87.1881485833062 85.5384314355771 194.704170227051 82.9586764553137 101.738984680176 94.5824089050293 105.595926920573 120.248576545715 149.418558438619 144.479223251343 133.387930436568 76.1497604674444 86.5460804393248 72.2727665620692 69.2237901589305 112.445747375488 130.652593612671 93.2358240400042 62.4012216764013 23.078993151783 27.0411279440667 59.1048389836589 82.0910446166992 51.9841014747863 82.1159691810608 68.6427083969116 78.9555143298525 100.804828426702 94.9197169128276 92.4773286890101 96.9826019188026 108.290970286385 80.6036826536934 135.759223937988 114.624443054199 0 154.083786010742 128.545666146786 76.0362327902658 150.726626749789 144.593243667503 127.159321140599 126.353729248047 155.888674926758 164.392797055452 152.929535466974 168.005125257704 179.14952720786 127.230864987353 112.485579194322 118.645681969913 88.5998366884238 29.4253285342758 73.5825790242946 107.332553694733 116.386122675503 114.127944695116 126.987640804715 101.803416418161 75.7687043488915 18.2685866547615 78.5253071620547 122.087066825377 109.009087076839 169.99712900015 158.719570462666 132.611780941486 124.959818926725 86.4020404109248 103.529487609863 96.3152441611657 28.6642866040392 121.099650508138 74.6236754523383 166.150938034058 153.795825958252 175.548425425654 83.5185968368879 122.835773300629 143.968197565009 157.812746320452 14.406312386951 81.0799035644531 111.651203561336 93.8086705742969 70.978816934534 52.6962782021995 83.7496211518275
133.531006583685 134.010152372202 130.638683107164 124.940515645345 118.006365966797 122.330356927227 105.90211829161 120.477655751365 123.931959298941 88.5919993009499 98.1558194282727 118.675554854529 115.332249450684 0 108.843088150024 110.165911102295 116.462133280436 130.593850708008 117.206929939945 104.028760104709 138.075373032514 131.52625093006 151.138618469238 128.758682250977 126.111759185791 0 133.028015136719 147.334462483724 136.495576041085 129.984731432418 113.245199148996 103.769177665173 109.925277770512 137.157246907552 115.262306213379 0 133.130083719889 124.520695961128 137.731065538194 0 157.01248111365 0 193.445365905762 105.33315386091 160.453215462821 138.852446783157 114.332138061523 189.438844953265 0 132.132834214431 214.068862915039 191.302906533946 181.827537536621 173.374959945679 155.480018615723 155.723607381185 114.824890984429 0 0 0 138.461717393663 199.83805847168 194.260562133789 142.392517089844 152.238494873047 125.798078536987 194.948532104492 0 182.091456095378 207.414825439453 211.794948577881 95.0625387312056 119.587181284458 59.8692777505082 171.090014139811 166.700688680013 86.6178404428426 0 105.356308530878 174.769660256126 210.297902074353 190.841085580679 179.042525561888 163.064969945837 159.606858646168 148.501218159993 0 198.71677935565 186.27344640096 157.680396488735 174.902461896624 179.411113194057 0 0 221.510004679362 115.077624638875 67.74241691536 112.666619805729 141.689147949219 153.710079193115 81.347183920016 84.0305214443722 96.4064437614 91.5593297958374 76.2411351733737 82.3589880798436 74.118561031749 27.4753450491841 75.4630801956375 31.9103764701363 46.9444423493108 65.2538074408637 0 0 87.7574520940366 0 195.721008300781 224.325775146484 228.924911499023 207.984588623047 155.711243947347 156.983483450753 203.795206705729 89.7134931776259 102.36669588089 87.5473327636719 85.6353179931641 153.190710703532 98.2980575561523 0 84.3925265175956 109.3953125 60.7947313150226 59.1817048574365 0 77.0116426583492 0 165.480865478516 81.7091905694259 143.934003976675 110.866897583008 146.717274136013 143.614776611328 118.012426376343 98.5107788562775 131.992692565918 79.4957158662522 73.7232164081774 61.7339583587646 106.984554173396 181.985682169596 150.369142532349 152.32515833928 129.092654546102 132.55534362793 98.0317713903648 145.744033203125 153.244069780622 136.38965572528 165.769443287569 112.858812673468 110.368987139534 69.4553169800063 96.9268494141407 68.8545975821359 177.596664428711 114.720380783081 144.131105822186 135.678587595622 72.2353400004279 109.668548141701 109.607314825058 96.0277236938477 0 147.604443359375 144.40139541626 172.915399551392 157.442498343331 120.182988102275 111.458137512207 30.0080856655041 54.0085987751301 34.5482372053674 142.243529579856 122.896184481107 24.8612673616045 115.668599362232 102.769444162195 132.887397183717 108.46713910784 135.18645140704 131.090288652693 157.630584928724 81.0799035644531 18.1698449023676 44.7943029731463 114.391032879169 73.8530602455139 0 108.574721272786
185.84162902832 186.201286902794 191.41358462247 177.989820480347 177.604285240173 177.355162215559 132.864801847018 153.330991956923 173.663719177246 116.180187793488 136.362646865845 171.136188970136 175.549667358398 0 109.958213806152 143.189472198486 145.15608215332 158.692924499512 142.414510839126 151.128916422526 151.860509236654 170.045166015625 0 0 0 0 131.565490722656 207.563568115234 151.532943725586 165.331192016602 154.983749389648 160.406982421875 166.600917372593 0 0 0 120.578521728516 183.502377319336 200.673843383789 0 178.798040771484 0 0 158.592252731323 207.410591125488 175.439960479736 0 0 0 204.241569519043 0 204.733622233073 179.04524230957 171.507934570312 0 0 195.837261199951 0 0 0 0 0 0 185.31413269043 195.060134887695 154.825531005859 156.683868408203 0 219.876495361328 243.187194824219 0 158.456588745117 171.19380645752 127.0331103007 209.793640136719 0 148.792885780334 0 169.218531608582 215.354537963867 232.981246948242 0 216.387748718262 179.767158508301 187.696529388428 193.068559919085 0 234.238479614258 193.27433013916 231.899391174316 205.41626739502 219.969512939453 0 0 228.432144165039 175.446283976237 147.87634701199 146.466091918945 0 0 45.3223825362125 63.4737520723774 77.6936553793654 74.9932244570422 75.7171646647476 82.2219595469541 30.9584163325551 21.0460435519668 49.8806259760293 39.4793925347013 61.6929973269004 83.3067395631005 0 0 110.137405395508 0 0 0 0 0 170.020172119141 170.372512817383 0 124.279998779297 127.265007972717 184.396087646484 0 206.608428955078 0 131.679229736328 65.9998492808607 92.3348378268155 90.5021663894001 102.362503874536 0 112.117274740468 0 0 125.314837004009 167.708134969076 138.374544143677 142.989109039307 155.454427083333 109.528837923144 120.328233511141 222.367713928223 106.018897518035 94.5100021362305 68.8358097076416 134.689643859863 115.518058776855 195.603886195592 188.744617886013 120.768069903056 0 124.922043771455 156.726915232341 138.447460776881 157.861628792503 173.678314208984 66.9075803871063 60.455496717247 35.3746516422149 32.6368238876455 142.795010566711 232.276565551758 173.271204630534 186.661901473999 147.275665283203 96.377680851863 86.2006279541896 105.539161901364 105.077959696452 110.80313873291 186.68715776716 160.865284367612 157.306168419974 170.506672329373 144.871325324563 0 78.0316657165185 91.3524424813011 78.9162494871351 146.363868713379 171.663006252713 68.7079180782124 148.031693489321 125.65025668674 155.170905412946 148.512226649693 94.6759175163003 168.2383912739 179.347134399414 111.651203561336 44.7943029731463 15.4511496223653 125.688393235207 126.811268488566 121.122932434082 120.936852137248
189.956856282552 184.618918863932 199.830461200915 197.218026733398 183.416140104595 194.009378132067 180.798599243164 0 194.616587320964 234.405311584473 163.718507554796 190.808457473229 201.429743448893 166.957958984375 145.324133131239 145.826473236084 160.268032073975 212.10817565918 162.176651773573 161.763282374332 172.123944796049 184.4431393272 173.794722420829 0 149.132766723633 0 211.109916687012 213.425456455776 172.884155273438 201.105158487956 186.026596069336 148.712610880534 162.947218758719 185.817192077637 157.231498718262 152.435974121094 157.333616638184 163.029287082046 214.657325744629 216.918106079102 186.622268089881 0 225.120300292969 154.385728890555 207.318267822266 216.890615463257 180.331985473633 207.751706441243 0 193.813186645508 0 230.813138326009 212.424425760905 202.886444091797 212.530537923177 191.541247558594 204.53982035319 0 234.069808959961 192.397613525391 209.220100402832 211.547843933105 235.191230773926 0 246.185516357422 169.089553833008 199.668548583984 0 211.479857308524 0 0 164.690896936365 167.014582084887 112.615089198521 177.354483468192 217.057815551758 144.668694911859 141.981640625 157.106953976759 198.152053833008 188.349647521973 210.552177429199 211.894202854322 203.048828928094 205.88761968198 185.931332906087 0 214.785664876302 215.998027801514 214.904425048828 215.840602673982 204.979202270508 0 246.518295288086 0 185.320541381836 151.884888076782 186.45467376709 187.900829315186 0 108.771494239807 92.095092568246 110.84286853806 110.293284486905 97.9922846685057 109.753478319948 110.095015953327 112.804723103841 114.517205315667 120.206630706787 130.018646240234 120.673749947254 115.534123011998 128.595391082764 133.638870239258 164.311724344889 92.6880849202474 142.610159979926 115.997904459635 160.111688232422 116.032663726807 178.482440185547 111.723787943522 34.2574664767855 41.3930504671465 81.4101314544678 55.6774416494524 145.500178019206 102.285489400228 127.732726649234 106.302074924045 85.3593327439862 103.313309433263 115.959332090436 120.374351501465 112.509913419473 122.984499104818 100.841646830241 108.51600843668 108.826479461556 147.606719167609 74.4941454696655 142.150134453407 26.2246758002384 24.9016791752407 133.201927412802 188.066986083984 0 104.076262645232 162.095442199707 89.3706374138406 165.640092122621 176.818141131334 121.47375588668 176.89892578125 157.665557861328 103.93833226743 109.796645439996 142.073402404785 174.780008225214 66.8126719745237 137.757489487932 169.596935017904 130.001494322883 103.097387713406 102.253610723159 155.350102742513 154.800373679713 147.941001085135 148.224029541016 30.4376781602395 69.844925131409 95.310617073195 105.640747294706 161.65018268932 157.973098418998 151.886342112223 179.578746208778 167.347771877713 171.909328460693 117.102219142271 107.671699061538 91.7554690356325 88.3127535424517 168.208565207089 103.661379241943 193.910919189453 0 195.948153409091 26.0866474458472 25.6030439269445 173.981546084086 166.348745473226 93.8086705742969 114.391032879169 125.688393235207 15.4637985386796 26.6424371808074 68.5214888219083 73.8112637788347
199.432601928711 0 178.727035522461 222.963012695312 145.458923339844 189.02564566476 0 216.470245361328 0 0 195.544769287109 174.313785976834 172.494369506836 132.604370117188 131.494567871094 181.56421661377 143.048184712728 196.121612548828 144.775123313621 146.839090074812 169.653888702393 161.818387712751 178.214726765951 0 0 0 222.658020019531 216.954915364583 172.344111124674 216.411720275879 196.612965901693 172.337982177734 160.398451585036 0 123.201286315918 0 134.206866455078 145.413335885575 191.560363769531 0 169.223142351423 193.761901855469 215.934692382812 133.82136124831 0 183.40417098999 0 179.346809387207 0 0 208.866470336914 228.175384521484 202.587265014648 202.809616088867 0 0 0 0 140.570724487305 0 229.656590779622 199.867568969727 206.137741088867 0 0 121.350135803223 150.398071289062 0 187.14309946696 0 0 143.785900115967 154.513306800355 97.5734742482503 0 195.303756713867 120.823879588734 0 139.166881306966 0 0 183.039665222168 195.65367380778 173.164204915365 180.90991973877 167.362335205078 0 221.041333879743 227.764729817708 192.378494262695 192.850965612075 223.794387817383 0 0 218.450462341309 142.121643066406 112.722354125977 187.060554504395 166.800277709961 0 118.859708843809 69.1566051810128 116.799722099304 96.8465776237652 80.3336704344976 97.329492541327 0 127.053938293457 136.733123779297 137.083206176758 99.0897064208984 101.290553068503 74.8699378967285 130.065218607585 0 95.3585662841797 78.7289864676339 144.438213348389 86.7280426025391 159.288005828857 94.9975111426377 149.189088003976 107.48967590332 51.1762222930222 32.1588105881405 68.4508741651263 41.8562618864344 114.807506016323 101.41775809394 110.132304509481 80.54150520018 54.2372163423928 90.4802904558611 93.0733980905442 0 89.2198212648049 96.3467178344727 79.7710311889648 96.0206356048584 89.3463174010352 150.330665588379 49.1585309003992 115.203914989125 68.8338818020291 52.6531586172693 102.939709287701 126.98823038737 0 83.2052331147371 139.468684895833 59.0905865733759 135.981697538006 148.983123545744 134.872187296549 114.997792816162 183.524063110352 177.993057250977 126.578167070661 170.312545776367 159.714354451497 99.6138446807861 95.1654546183924 124.881118138631 114.107780705328 84.6036173255698 100.670255159077 127.468388027615 128.854746731845 118.950354071224 133.688638166948 50.0673583205163 37.6578023295909 70.0744253151426 89.2029231902092 134.192695189058 133.368819209508 143.635162685228 146.548270543416 139.345618475051 135.284623463949 101.622812747955 92.6713952457204 73.7310155893301 52.7952794751866 144.695862605654 88.2907926940918 196.889266967773 146.350290934245 169.950910441081 20.8099641557747 74.0533546852855 149.809313329061 135.004877607952 70.978816934534 73.8530602455139 126.811268488566 26.6424371808074 15.1414361380028 19.0254977356383 40.9289697854415
0 0 0 0 0 213.30632019043 0 0 0 0 157.43913269043 0 0 131.132736206055 163.064153035482 159.368982950846 157.280596051897 0 171.717339148888 143.571278889974 0 194.17977142334 207.936317443848 164.088439941406 0 0 0 200.679528808594 0 0 0 164.758117675781 200.473320007324 0 163.586624145508 147.46110534668 143.294052124023 154.753384272257 168.918905639648 0 217.606399536133 186.86311340332 205.296493530273 161.113960266113 160.546340942383 182.828282674154 160.457580566406 181.736035664876 0 184.852432250977 0 0 0 0 0 0 0 0 0 0 172.974031720843 199.514338175456 189.24649810791 183.809455871582 170.781875610352 108.387504577637 0 0 183.042868221507 200.607513427734 0 190.719436645508 173.910060119629 0 214.499893188477 180.791909790039 93.6003875732422 0 159.387573242188 0 0 0 210.039527893066 198.451919555664 0 0 0 218.741920471191 215.031239100865 186.442108154297 184.179264068604 217.750579833984 0 0 0 239.178833007812 150.929443359375 0 0 0 150.583807203505 43.3848764589517 147.062705993652 129.5563331604 51.5693754223286 129.548810323079 0 0 167.213813781738 0 0 146.122518366033 112.35040473938 99.1030220618615 0 0 125.877113342285 105.044532775879 0 83.9671859741211 122.950590133667 152.582316080729 0 102.486847287133 53.4472333597192 103.667781829834 58.9859863689968 108.120304454457 124.118824005127 98.9956199645996 57.2485142971136 27.5910002296052 115.003837857928 95.0590940202985 121.231513977051 101.244560487809 71.5235496520996 71.2382373809814 112.709045410156 91.9138403672438 119.123364766439 49.2107401421543 103.6540518096 103.633014092079 79.8965864181519 117.734202509341 128.657608032227 0 118.603193283081 136.965200636122 46.7757079201865 141.042021857368 142.594236184623 148.964775085449 103.743995666504 0 160.335989379883 131.82354927063 127.877166748047 172.004588407629 107.233851888905 101.603025956587 112.032007217407 72.334882012729 96.4960594177246 118.258013725281 114.75284576416 120.885104085885 120.118945974164 141.068725585938 72.3952075213921 30.3163598009779 58.4232226277257 117.350653330485 124.511165232598 119.878003008225 149.062230866531 154.30144947597 130.841122891041 150.03440729777 139.48893737793 139.915686035156 112.792583465576 28.6111227126082 132.197870107797 147.99105682373 168.546279907227 162.27533976237 172.474380493164 43.4047355882796 100.697683490691 153.707085745675 145.004661364433 52.6962782021995 0 121.122932434082 68.5214888219083 19.0254977356383 9.52155451212102 28.7267414490748
191.271372477214 207.811017354329 185.456817626953 177.162796020508 195.98659769694 165.877811431885 151.584686279297 0 0 168.153816223145 153.40185546875 196.075369262695 0 148.827598571777 146.926484107971 161.535111321343 140.209678157683 0 145.397633639249 148.530363400777 169.43973236084 163.707929611206 131.137980143229 0 0 0 0 185.24408976237 174.561622619629 0 140.661885579427 0 141.828385353088 156.194511413574 0 0 137.250625023475 146.556378394058 197.255126953125 155.109146118164 171.996717180525 0 208.984519958496 130.197279214859 178.614128112793 184.264025878906 0 0 211.621353149414 160.75163269043 0 211.107376098633 204.275177001953 184.781826019287 176.888519287109 193.278396606445 0 0 136.424980163574 0 208.031021118164 201.915191650391 173.042015075684 172.593353271484 169.90619913737 0 0 148.055816650391 191.268916538783 0 245.677658081055 160.997956848145 149.125395127285 102.43312219473 151.135063171387 0 120.349298330454 136.169111251831 153.301277600802 0 191.647567749023 0 199.770073852539 184.460710313585 173.571086338588 174.134953816732 0 213.097763061523 217.827613830566 202.338116963704 200.348062515259 182.402191162109 237.867660522461 0 0 0 120.242307662964 0 187.404627482096 0 151.466655608146 108.224283451937 165.561352816495 152.359774519758 101.485001584317 114.555154734644 173.475151062012 109.30214037214 195.871864318848 242.07878112793 91.0386047363281 112.72017932329 79.6254719325474 104.674242019653 0 143.129935128348 91.8284884366122 145.737841288249 105.472025553385 135.894332885742 98.1992372625014 113.775735473633 132.024269104004 51.8927893217872 34.7828431143891 66.5217064888247 29.8904592850629 108.480248718262 90.6774272918701 103.418746422077 83.5245975377608 64.4685369667432 94.995888862057 96.5544729552813 95.8907419840495 94.336312169614 99.0112896873837 96.1137924194336 97.4983669883326 95.9455578884232 168.952167217548 18.8164995583094 148.793104383681 102.83323238742 73.9723851013184 104.175772551064 168.531381225586 0 94.0649235669304 149.910220675998 31.484528621372 142.239954124571 156.109276841326 127.838863372803 128.151854705811 172.30057144165 163.694128417969 142.834967964574 0 181.924841308594 124.893300333331 117.415912910744 144.270403544108 113.632226764031 88.9726690853343 83.4642229433413 153.906298065186 126.144595890255 122.69311271395 132.019149780273 90.2877592910588 71.1185076721855 82.1964559381658 91.5090533947123 139.236745670864 148.175415277481 145.722860281808 162.811609402509 144.592774757972 139.300148010254 111.081035359701 97.082330750256 83.7938919067383 45.2550605721034 165.358753204346 96.2116324966018 180.177312215169 135.897106170654 176.788330078125 68.0966625598717 110.688653219694 152.6220703125 136.603771806574 83.7496211518275 108.574721272786 120.936852137248 73.8112637788347 40.9289697854415 28.7267414490748 24.8714078201715
