55205 10667 10497 8281 4110 9318 8441 8140 53 470 102 3173 0 1 3 6 4 13 1 2 87 76 14 8 40 0 0 2 2722 11739 559 52 55 14 0 2 10 17 9 2 806 13 6 1 4 6 2 46 74 6 124 90 380 1192 347 150 82 7 0 0 33 53 10 4 8 2 521 1 12 106 85 101 23 8 35 30 5 0 142 1 115 5 1606 659 1159 201 35 134 106 18 32 620 208 62 22 813 154 687 62 16 63 25 65 187 6 298 47 31 54 56 118 145 0 0 0 0 1 0 0 0 1 1 0 1 1 0 0 0 0 0 64 4 35 43 1 28 0 0 26 4 1 0 0 13 10 2 1 0 0 0 1 1 1 11 1 0 0 6 0 2 10 23 0 20 26 0 1 0 0 1 28 24 4 1 4 0 2 0 6 1 108 33 3 2 1 24 0 0 7 1 25 6 2 21 76 4 18 7 0 1
10667 9912 8757 14928 1529 4229 326 63 10 137 15 1629 0 1 1 0 0 6 0 0 52 38 2 2 10 1 0 1 727 1012 25 5 8 5 0 0 0 3 2 2 549 5 2 0 0 1 1 13 15 0 22 25 33 179 48 85 37 1 0 0 7 14 2 1 1 0 246 2 3 35 26 19 8 1 4 8 2 0 30 0 43 1 375 190 681 210 8 55 34 7 13 191 57 13 4 20 111 27 33 4 31 16 55 137 1 204 37 24 46 56 111 118 0 0 0 0 0 0 0 0 0 0 0 1 1 0 0 0 0 0 64 1 20 30 0 25 0 0 9 5 0 0 0 6 0 1 1 0 1 0 0 0 0 7 0 0 0 5 0 0 6 14 0 14 19 0 0 0 0 0 28 21 6 0 0 0 1 0 1 0 49 9 0 0 0 15 0 0 0 0 24 0 0 17 58 9 9 2 0 0
10497 8757 21453 8852 93 3884 912 10911 136 4494 63 26591 0 0 2 1 0 8 2 1 69 33 17 5 19 1 2 3 1188 257 41 7 19 7 2 0 1 9 4 4 717 12 7 0 4 11 2 30 53 5 82 60 142 542 174 118 60 3 0 0 20 38 4 1 5 1 373 4 4 89 63 34 12 5 30 31 5 0 26 1 117 3 1050 421 1048 207 32 130 89 27 30 441 210 48 24 34 186 205 39 14 92 37 97 210 8 340 59 56 143 88 187 159 0 0 0 0 0 0 0 0 0 0 0 0 2 0 0 0 0 0 82 2 37 53 1 26 0 0 22 4 0 0 0 6 2 0 1 0 0 2 0 1 1 9 0 0 1 6 0 0 12 20 2 24 30 0 1 0 0 0 35 14 12 2 0 1 3 0 1 0 87 34 1 0 3 34 1 1 6 1 30 2 2 25 89 5 14 0 0 1
8281 14928 8852 12615 5997 9449 143 109 20 150 20 3429 1 0 0 1 0 0 1 0 76 49 6 1 9 0 0 0 209 2260 294 5 12 2 0 0 0 1 2 3 281 3 2 0 1 0 0 5 7 0 11 6 16 64 18 51 36 0 0 0 2 9 0 2 0 0 86 0 1 14 8 23 4 1 8 5 1 0 37 0 8 0 172 92 429 180 4 18 14 3 4 75 17 9 5 56 158 28 48 7 92 33 104 244 4 363 56 60 77 87 212 207 0 0 0 0 1 0 0 0 0 0 0 1 2 0 0 0 0 1 97 6 43 48 0 28 0 0 15 3 0 0 0 11 11 0 1 0 0 0 0 0 0 6 0 0 0 14 0 1 8 32 2 35 30 0 2 0 1 0 41 24 11 0 0 0 3 1 0 0 90 17 1 0 0 21 0 0 1 0 35 0 0 29 92 9 13 3 0 1
4110 1529 93 5997 15786 6598 869 40 13 39 84 1022 0 4 15 4 15 6 3 11 150 174 16 5 34 0 3 5 2275 11922 10839 234 275 72 1 5 10 63 28 2 663 11 12 3 3 3 4 37 29 0 43 22 90 337 83 137 607 18 0 3 15 31 18 8 14 0 478 3 20 51 34 222 122 2 148 49 5 0 141 1 48 3 595 320 1088 451 67 57 46 13 25 218 80 17 23 3944 84 89 177 91 26 7 22 45 2 109 15 8 13 22 54 63 0 0 1 0 3 1 4 1 2 1 2 7 2 0 0 0 0 0 38 1 19 23 2 24 0 0 49 21 1 1 0 8 8 1 3 0 7 2 0 1 2 5 0 2 1 4 0 0 6 9 0 13 13 0 0 1 0 0 20 12 3 0 0 1 1 1 7 4 43 39 3 2 2 31 0 1 1 0 16 3 1 10 23 6 14 1 0 1
9318 4229 3884 9449 6598 13876 740 552 66 998 1612 14368 1 3 4 2 5 6 4 5 212 273 14 3 42 1 1 3 1065 4350 1229 2031 1099 204 0 1 7 57 8 3 607 8 4 4 2 5 4 21 35 1 34 26 77 306 65 148 156 81 0 1 18 25 8 6 5 0 384 1 14 36 28 1120 283 10 89 27 5 2 1299 0 39 2 493 269 968 442 20 61 38 9 31 183 74 25 23 1316 445 120 185 30 143 48 170 409 18 633 114 85 103 149 350 394 0 1 0 0 3 2 4 2 6 2 2 3 3 0 1 0 0 1 151 5 82 83 0 44 0 0 75 26 0 0 0 37 16 1 1 0 7 3 0 2 1 21 0 1 0 9 0 1 22 58 4 31 35 0 1 0 0 0 82 37 7 0 0 0 6 0 3 0 186 55 8 0 2 55 0 1 3 5 61 5 1 40 143 19 30 1 0 0
8441 326 912 143 869 740 13780 7284 2132 3194 78 620 0 3 2 2 5 2 0 2 32 49 3 0 9 0 2 1 3279 1125 343 30 38 11 0 0 2 13 12 2 89 5 5 1 0 2 3 12 24 3 45 22 908 981 305 16 36 2 0 0 4 10 5 1 5 0 97 2 5 27 17 64 19 8 25 13 10 0 51 1 35 4 725 211 182 39 15 40 19 4 6 152 32 14 10 574 623 6092 29 9 39 23 38 87 3 160 27 11 31 25 82 92 0 0 0 1 0 0 1 1 3 0 0 1 3 0 1 0 0 1 38 4 25 40 1 21 0 0 31 6 0 0 1 1 6 1 0 0 4 1 1 0 0 3 0 0 0 4 0 0 6 13 2 16 22 0 0 0 0 0 24 17 5 2 0 0 1 0 1 1 75 32 0 1 2 26 0 0 2 4 25 0 0 18 39 5 19 2 0 0
8140 63 10911 109 40 552 7284 15302 2465 28962 493 2790 0 0 0 2 1 4 1 0 10 7 1 3 10 0 2 2 546 118 11 4 14 3 0 0 1 6 2 1 233 7 3 1 0 3 2 14 13 2 32 39 206 495 147 30 21 1 0 0 4 15 2 0 2 0 111 0 2 30 22 51 7 3 9 13 7 0 120 0 58 0 595 201 237 20 6 52 30 4 7 236 74 16 2 16 190 723 5 2 45 12 40 101 9 172 25 27 31 31 99 120 0 0 0 0 0 1 0 0 1 0 0 2 2 0 1 0 0 0 52 4 35 42 0 20 1 0 20 2 0 1 0 6 2 0 0 0 1 1 0 1 0 7 0 1 0 4 0 0 6 19 3 18 19 0 0 1 1 0 32 14 9 0 0 0 6 2 1 0 74 16 1 0 1 26 0 0 1 2 30 2 0 24 41 8 14 1 0 0
53 10 136 20 13 66 2132 2465 1306 2209 91 283 2 0 0 0 0 0 2 0 7 18 1 0 1 1 0 0 11 30 4 8 37 1 0 0 0 2 0 0 10 0 0 4 33 1 0 1 1 127 2 27 76 11 5 0 3 2 0 0 3 1 1 0 1 44 3 0 1 3 1 138 5 154 5 0 62 2 94 51 70 214 9 7 14 4 0 175 35 113 33 5 3 2 1 24 1785 2347 1 1 6 1 6 14 1 24 4 5 2 4 10 10 0 0 1 0 0 0 0 2 0 0 0 1 0 0 0 0 0 0 11 0 5 11 0 5 0 0 7 4 0 0 0 3 4 0 3 0 2 4 0 0 4 2 0 4 0 2 1 3 2 1 0 3 4 0 2 0 0 1 5 4 1 0 2 1 1 1 16 5 17 3 1 0 4 5 1 6 17 0 3 21 0 6 8 0 4 2 0 0
470 137 4494 150 39 998 3194 28962 2209 39524 12411 44243 2 0 0 1 2 3 0 0 28 74 4 1 12 0 0 0 190 92 9 60 144 5 0 0 0 11 1 0 140 1 0 3 12 2 0 3 9 40 14 12 105 173 55 15 19 1 0 1 6 3 0 0 1 17 71 3 1 11 10 1970 34 94 8 3 1070 14 1785 10 38 41 224 77 127 45 7 42 13 31 12 94 31 10 2 48 5088 820 21 2 151 74 162 406 11 718 108 150 141 215 439 363 0 0 1 0 0 1 2 2 1 0 0 3 2 0 2 0 0 0 134 5 67 109 2 65 0 0 49 6 0 1 0 16 14 1 0 0 0 1 0 0 1 13 0 2 0 8 0 2 20 48 4 28 49 0 1 0 0 0 78 33 14 0 0 0 12 0 5 2 175 69 4 2 1 64 0 0 4 3 53 3 2 45 170 21 27 7 0 1
102 15 63 20 84 1612 78 493 91 12411 4184 6404 0 0 1 0 0 1 0 0 17 32 1 0 2 0 0 0 83 84 6 131 78 4 0 0 0 3 0 0 41 0 0 2 0 1 1 3 1 1 5 3 8 34 9 4 12 2 0 0 2 0 1 0 1 0 43 0 0 1 2 724 27 0 0 1 104 0 974 0 6 1 38 27 61 34 0 4 0 0 2 18 7 1 1 192 1181 86 11 1 18 14 34 72 3 159 18 33 23 39 76 70 0 0 0 0 0 0 0 0 0 0 0 2 3 0 0 0 0 0 18 2 13 10 1 7 0 0 5 1 0 1 0 4 2 0 0 0 0 0 0 0 0 4 0 0 0 1 0 0 3 11 2 10 6 0 1 0 0 0 9 4 3 0 0 0 0 0 1 0 35 10 0 1 0 6 0 0 1 0 7 1 1 5 49 6 2 2 0 0
3173 1629 26591 3429 1022 14368 620 2790 283 44243 6404 22210 0 0 4 2 3 11 2 2 192 238 20 6 31 0 2 1 780 1122 160 1905 2572 71 1 0 9 27 5 3 531 8 4 6 4 6 4 20 29 2 32 26 63 298 75 92 132 37 0 1 15 18 6 1 4 0 367 4 1 20 24 2804 344 12 96 19 45 0 1745 0 35 4 392 220 763 326 26 39 46 10 9 147 62 13 17 1754 1904 307 156 11 311 107 337 824 29 1259 214 187 353 378 750 712 0 0 2 0 0 2 3 5 5 3 2 1 3 1 0 0 0 0 264 9 135 122 3 91 0 0 80 27 0 1 1 42 14 1 2 0 15 3 0 1 0 28 1 3 0 19 0 0 38 85 2 59 76 1 4 0 1 3 126 52 16 0 0 3 12 1 3 4 264 95 4 2 1 81 2 0 0 4 92 4 2 68 341 35 35 5 0 1
0 0 0 1 0 1 0 0 2 2 0 0 5953 2 1 7 65 2934 2148 12 0 2 6 75 0 1 29 94 5 0 0 2 5 3 1 0 6 342 52 1 48 22 71 2138 2995 3256 2 9 15 67 0 1 0 0 2 0 2 0 0 0 64 12 19 123 110 1082 4 2 43 4 7 23 188 97 3 14 65 105 201 1 16 17 0 0 0 0 0 44 55 203 440 20 2 11 26 1 9 0 3 0 0 1 0 0 0 2 0 2 0 0 0 1 2 39 1964 5 6 45 6 929 59 176 11 1 0 2 0 7 0 29 19 4 1 3 5 16 0 1 98 29 301 2 397 10 1 78 954 88 200 2909 4 6 6 4 2 12 0 0 1 3 1 1 1 3 2 3 1060 195 54 654 8 19 8 2 16 337 2 3 675 100 5 17 15 3 57 12 3 34 20 3 4 64 24 4 8 0 3 3 2 3
1 1 0 0 4 3 3 0 0 0 0 0 2 8754 10748 457 935 49 211 231 14 9 343 107 3 7 769 2000 130 53 45 3 9 151 4441 3971 286 169 235 36 388 23 51 3 1 10 769 31 16 0 1 0 1 17 0 3 100 260 766 989 24 28 209 239 646 1 56 1163 238 12 4 1 6 0 513 16 0 1 3 0 2 0 8 4 11 3 125 5 10 1 9 14 5 16 61 29 1 1 4 54 0 0 0 0 0 0 0 0 0 0 1 0 18 5 13 8 0 78 59 33 107 730 180 0 1 0 0 0 0 2 0 0 0 1 0 1 14 0 59 60 0 15 1 0 0 1 3 1 155 18 1 0 1 0 0 0 0 0 0 0 0 0 0 0 0 1 2 5 1 2 0 1 0 0 2 0 0 0 1 1 1 11 10 1 2 5 0 0 1 0 0 4 0 0 0 0 0 0 0 0
3 1 2 0 15 4 2 0 0 0 1 4 1 10748 19954 8207 914 539 205 1005 44 69 917 192 18 33 1140 4315 182 121 109 6 17 236 2261 1335 262 238 803 196 1458 105 81 6 5 15 888 64 59 2 2 0 4 23 7 6 203 491 737 1070 116 53 156 174 997 0 88 1414 393 19 7 0 16 4 1185 42 0 0 4 0 7 0 26 22 38 18 178 10 13 4 20 32 8 29 78 117 1 0 19 125 0 0 0 0 2 0 0 0 0 0 0 0 11 3 16 6 6 31 45 37 125 218 69 4 4 1 3 2 3 6 4 0 0 3 0 7 15 2 84 61 4 31 3 0 3 3 3 0 79 19 3 1 0 1 0 2 0 0 0 0 1 0 0 0 1 5 10 6 0 0 2 0 1 0 1 6 0 0 5 1 6 27 5 5 0 19 0 1 0 0 1 7 2 1 2 0 3 3 1 2
6 0 1 1 4 2 2 2 0 1 0 2 7 457 8207 17327 942 3310 2784 4438 17 26 760 978 36 59 1751 5439 25 11 11 2 11 17 387 40 140 515 2651 224 1530 324 186 4 5 30 170 92 109 0 2 0 0 11 11 3 31 14 23 39 149 50 70 102 713 3 20 95 423 19 13 7 30 0 58 87 0 0 2 0 4 0 20 8 4 10 20 9 25 6 32 163 16 40 95 17 1 0 35 25 0 0 0 0 0 2 0 0 0 0 0 0 19 16 123 8 2 35 14 249 35 394 20 1 0 0 1 2 0 21 2 2 0 0 1 1 18 0 12 18 37 6 17 3 2 4 4 21 64 81 0 0 0 1 0 3 0 0 0 0 0 0 0 0 2 1 20 6 3 5 1 0 0 0 1 6 0 0 10 4 0 5 3 0 1 8 0 2 3 0 0 7 2 0 0 1 2 1 0 2
4 0 0 0 15 5 5 1 0 2 0 3 65 935 914 942 3885 1013 2640 2843 94 285 389 85 103 184 74 37 94 98 75 6 14 189 490 1866 905 1435 70 661 550 18 44 65 11 65 693 9 9 4 1 0 0 13 6 5 85 381 274 679 42 5 18 41 42 4 54 736 24 5 2 5 28 32 920 14 2 36 15 0 2 2 19 17 57 34 97 2 5 6 25 16 6 3 30 165 1 0 44 105 1 0 1 1 1 3 0 4 0 0 1 3 220 42 67 56 34 43 260 97 755 469 357 31 49 15 42 23 29 105 8 5 3 12 13 39 189 35 471 431 12 330 38 7 19 37 10 10 545 86 58 0 0 2 2 3 0 1 0 0 1 4 0 1 8 55 25 48 4 8 14 13 19 8 4 7 2 3 15 4 27 216 38 18 1 299 1 2 4 9 10 4 5 3 11 1 43 25 2 33
13 6 8 0 6 6 2 4 0 3 1 11 2934 49 539 3310 1013 14158 3148 1077 6 28 337 2732 45 37 1817 1568 19 5 8 8 39 12 191 17 206 2258 4487 153 1357 410 1479 343 116 1740 128 228 178 1 7 1 1 13 29 5 31 11 19 20 2398 185 207 914 856 200 23 90 527 67 43 16 326 50 25 584 2 5 9 1 15 0 36 10 14 6 22 34 59 25 213 360 30 88 315 27 3 0 26 19 0 6 0 1 5 8 1 2 0 0 1 6 9 301 2911 12 16 210 26 1956 68 889 30 3 0 6 2 33 2 211 25 24 8 3 25 47 6 2 87 53 981 9 879 5 7 96 263 291 217 2477 6 2 6 5 1 12 0 3 0 0 1 3 0 1 27 10 557 382 48 140 13 26 16 13 12 216 3 3 124 26 3 19 38 16 20 9 1 27 15 1 1 30 19 19 3 1 6 3 4 3
1 0 2 1 3 4 0 1 2 0 0 2 2148 211 205 2784 2640 3148 47334 8644 38 142 234 340 111 187 523 199 17 4 5 0 1 5 577 18 37 4697 44 771 367 78 121 4005 464 550 342 20 42 50 0 3 3 7 4 2 41 9 20 17 129 35 47 56 58 322 26 49 18 20 13 9 180 615 19 44 17 625 81 1 20 17 11 7 28 25 19 45 87 161 507 30 10 25 77 5 2 1 47 7 1 1 0 0 4 4 0 8 0 0 0 3 781 335 3288 128 38 747 536 4106 1634 8699 1033 34 36 26 66 69 66 522 16 8 7 21 19 42 529 78 753 766 514 510 245 10 24 78 205 528 2323 1810 71 8 5 4 4 19 1 4 0 7 0 2 1 2 14 85 353 181 41 223 21 16 16 10 24 79 3 1 234 37 22 280 226 21 23 261 5 54 30 9 8 61 31 7 20 4 24 13 0 19
2 0 1 0 11 5 2 0 0 0 0 2 12 231 1005 4438 2843 1077 8644 5568 50 164 319 75 59 157 80 35 44 44 42 5 8 95 304 213 197 220 102 556 559 24 40 23 3 30 394 4 5 0 0 0 0 10 5 3 62 223 121 232 32 4 10 24 37 1 33 313 12 2 3 3 23 6 480 11 2 5 2 0 3 0 14 5 23 19 47 4 4 1 5 18 1 7 20 84 1 0 24 51 2 0 0 0 0 3 0 1 0 0 0 0 175 32 33 40 13 33 166 53 470 424 256 15 24 7 33 10 15 75 5 2 0 6 8 15 123 27 241 263 4 183 8 1 16 17 6 2 342 34 30 2 2 1 1 0 0 0 0 0 1 0 0 1 8 36 9 20 2 4 8 11 6 6 0 5 0 0 5 2 19 93 21 11 1 134 0 3 1 7 6 1 4 3 9 1 24 8 2 15
87 52 69 76 150 212 32 10 7 28 17 192 0 14 44 17 94 6 38 50 5327 7977 2902 23 240 70 14 9 66 105 116 45 200 315 3 3 152 678 9 91 1566 29 40 8 2 6 36 9 30 2 1 2 4 13 15 655 49 31 1 19 9 5 21 10 17 2 47 45 10 17 6 56 418 27 130 9 53 1 59 0 4 3 46 23 2948 327 89 18 6 7 17 41 9 20 61 221 90 11 130 67 6 5 11 11 3 25 4 2 0 6 14 15 2 0 1 0 10 1 28 3 49 14 23 5 5 0 0 0 0 1 37 3 14 45 8 61 1 1 198 123 0 6 2 4 8 2 2 1 44 7 3 0 1 5 0 0 0 2 0 0 2 13 0 3 18 1 6 0 1 1 35 23 6 4 0 0 4 0 0 0 57 124 6 1 1 77 0 0 1 7 16 2 0 15 29 2 25 6 0 2
76 38 33 49 174 273 49 7 18 74 32 238 2 9 69 26 285 28 142 164 7977 26242 5114 280 5744 1924 74 18 159 194 181 95 616 948 18 9 376 1967 30 1219 1021 136 495 44 10 35 188 40 247 2 9 5 26 112 27 103 355 83 3 74 77 81 114 86 54 6 532 170 29 80 30 168 1338 70 368 48 167 1 174 1 27 5 244 262 4524 3630 389 65 66 20 60 206 64 200 599 477 276 28 2657 162 15 8 19 29 3 61 15 5 11 11 46 64 2 1 8 3 42 10 120 11 247 76 104 28 25 1 10 4 0 1 61 5 29 95 23 165 10 1 795 443 4 31 2 15 43 1 6 0 228 13 13 2 2 5 1 1 1 8 0 3 13 18 0 11 50 11 7 5 0 5 57 35 17 6 0 5 1 1 15 4 155 311 20 9 2 200 2 1 12 11 38 13 3 25 48 5 64 16 2 10
14 2 17 6 16 14 3 1 1 4 1 20 6 343 917 760 389 337 234 319 2902 5114 11536 5450 564 7844 903 531 43 13 17 8 67 140 178 47 236 780 160 1410 7769 3021 1077 16 8 55 117 34 622 0 2 3 6 45 28 37 85 11 12 71 96 51 40 43 35 2 145 49 26 44 31 10 222 1 36 57 7 0 16 0 22 0 63 64 371 264 56 58 80 14 65 413 62 195 567 36 13 4 225 22 2 1 1 3 1 5 0 1 0 0 1 4 3 1 1 4 5 8 24 13 66 32 41 5 2 2 2 0 2 3 5 0 1 10 1 11 7 1 88 52 2 12 2 0 4 1 1 1 49 12 1 1 4 1 2 5 0 1 0 2 2 2 0 1 4 1 4 2 0 3 6 2 3 1 7 5 2 0 9 1 8 28 3 1 2 30 1 1 19 0 3 13 9 1 1 0 6 1 0 1
8 2 5 1 5 3 0 3 0 1 0 6 75 107 192 978 85 2732 340 75 23 280 5450 10756 776 2519 9167 729 110 9 26 0 11 29 1873 57 75 250 646 3297 1000 5966 2286 12 30 1005 1475 14 227 1 1 0 5 57 14 10 223 19 139 134 1220 38 132 759 600 34 229 550 61 23 9 4 40 1 66 34 0 1 2 0 5 0 36 39 60 69 205 22 30 11 88 180 13 82 346 35 2 2 193 74 0 0 0 0 0 0 1 0 0 0 0 1 2 3 50 1 3 4 14 61 33 32 21 0 2 0 1 2 0 1 4 0 1 1 1 7 4 0 43 39 25 9 38 2 0 6 24 1 35 160 0 0 2 0 0 3 0 0 0 1 0 0 0 1 2 0 72 12 8 9 1 1 1 2 2 23 0 3 38 6 2 15 1 1 9 5 0 0 9 0 1 6 1 1 0 0 1 2 0 2
40 10 19 9 34 42 9 10 1 12 2 31 0 3 18 36 103 45 111 59 240 5744 564 776 10969 1896 264 48 217 32 122 12 76 92 35 8 87 545 22 3113 375 235 767 19 11 50 2291 27 166 2 7 4 31 249 34 58 1083 13 2 13 99 108 222 214 115 1 1221 176 47 98 15 26 363 15 65 43 19 0 51 0 17 2 426 468 1156 1551 3327 36 68 11 71 134 54 198 680 77 42 3 4752 517 4 2 3 3 2 13 0 1 0 2 6 9 3 1 3 4 16 5 57 3 99 57 49 8 4 0 4 2 0 1 13 1 1 29 3 56 4 1 296 182 0 11 0 1 15 3 5 0 115 11 3 0 3 0 0 2 1 0 0 0 2 2 1 2 10 1 6 2 1 1 14 7 7 5 2 5 1 3 17 5 30 116 9 1 4 66 0 1 15 1 8 14 2 3 6 2 23 3 1 2
0 1 1 0 0 1 0 0 1 0 0 0 1 7 33 59 184 37 187 157 70 1924 7844 2519 1896 8787 752 8 11 2 1 0 6 4 86 1 25 195 8 3683 417 264 431 14 2 12 94 9 109 1 2 1 0 19 0 1 26 0 2 2 29 21 28 36 9 1 56 17 5 21 10 2 45 0 0 12 1 0 3 0 3 0 17 15 26 48 19 10 11 6 19 53 16 75 271 5 1 0 60 4 0 0 0 0 0 0 0 0 0 0 0 0 7 0 1 3 4 10 31 3 53 71 55 0 2 0 0 0 0 1 1 0 0 2 0 1 5 0 60 38 0 10 2 0 2 0 0 1 36 5 1 2 1 0 0 0 0 0 0 0 0 0 0 0 1 0 3 4 0 1 1 1 1 1 0 2 1 0 4 0 3 25 5 0 1 7 0 1 2 0 0 4 0 0 2 0 1 1 0 0
0 0 2 0 3 1 2 2 0 0 0 2 29 769 1140 1751 74 1817 523 80 14 74 903 9167 264 752 13901 4206 113 13 32 0 9 26 4325 98 58 165 276 4743 395 171 1201 12 5 254 1028 29 60 0 1 0 8 36 7 3 199 10 163 168 277 53 478 1820 3569 17 159 542 247 25 7 1 21 0 30 18 0 0 2 0 2 0 24 32 29 36 129 13 19 5 40 39 16 57 358 12 0 0 128 56 0 0 0 0 0 0 0 0 0 0 0 1 0 2 52 2 1 14 14 136 16 98 26 0 0 1 1 1 0 0 1 1 0 1 0 6 2 0 26 22 21 2 18 0 0 6 14 0 21 133 0 0 1 0 0 3 0 1 0 1 0 0 0 0 1 0 45 8 4 7 0 0 0 0 1 16 0 0 10 0 2 8 0 0 2 4 0 1 7 0 0 5 2 1 0 0 2 0 0 0
2 1 3 0 5 3 1 2 0 0 0 1 94 2000 4315 5439 37 1568 199 35 9 18 531 729 48 8 4206 12339 213 71 59 0 2 19 948 68 46 100 6215 106 998 285 193 9 24 384 303 58 68 0 2 1 5 33 9 6 179 38 82 76 615 48 258 910 4453 98 132 473 953 17 9 2 11 2 164 30 0 2 2 0 5 0 26 18 29 16 85 12 15 3 26 117 10 27 59 26 0 1 46 66 0 3 0 0 0 0 0 0 0 0 0 0 2 25 387 1 3 39 5 997 12 177 10 1 0 0 0 3 1 12 12 3 0 0 2 6 1 0 14 12 165 1 125 2 2 13 43 10 22 872 3 0 3 3 1 0 0 1 0 0 0 0 0 1 2 5 294 52 17 12 1 7 5 0 1 42 1 0 38 6 0 4 3 1 3 1 0 3 6 1 0 5 6 1 0 0 3 0 1 1
2722 727 1188 209 2275 1065 3279 546 11 190 83 780 5 130 182 25 94 19 17 44 66 159 43 110 217 11 113 213 50075 12356 3571 115 265 136 26 39 58 153 280 59 174 36 200 19 27 26 118 199 46 7 6 14 1476 6905 258 21 3857 81 5 23 108 241 432 284 595 4 3374 55 390 91 48 387 252 92 2141 112 65 3 244 2 21 10 627 443 264 112 2840 37 50 14 66 120 51 129 307 1469 132 6394 685 1633 54 34 66 141 20 168 39 31 22 34 110 139 1 1 3 3 4 5 32 4 55 11 17 23 24 4 4 0 0 0 154 12 98 243 10 256 0 0 333 147 2 7 0 44 48 3 10 1 39 12 2 0 4 23 1 3 0 18 0 2 48 79 3 40 153 1 11 5 6 4 201 98 38 6 9 5 6 0 28 7 351 340 16 5 7 264 0 0 12 20 115 17 4 87 111 12 104 23 3 7
11739 1012 257 2260 11922 4350 1125 118 30 92 84 1122 0 53 121 11 98 5 4 44 105 194 13 9 32 2 13 71 12356 31061 11025 100 296 113 10 31 48 90 163 5 407 23 22 9 10 8 8 160 53 3 42 30 237 751 154 71 2928 18 1 5 54 140 101 30 158 2 654 19 188 58 41 470 155 31 945 106 65 1 239 2 52 2 654 313 614 223 575 57 56 6 46 225 80 55 61 3332 200 373 116 999 105 52 119 287 28 416 70 41 59 81 210 283 0 1 2 1 6 3 18 4 28 7 14 17 28 1 2 1 0 1 234 27 132 256 12 262 2 0 232 67 1 9 2 34 41 3 2 1 27 8 7 0 3 21 2 4 2 27 0 2 51 102 7 56 115 3 9 3 3 1 176 87 54 7 1 5 20 1 19 7 450 220 8 8 4 207 1 0 5 21 145 6 3 98 154 16 93 18 1 9
559 25 41 294 10839 1229 343 11 4 9 6 160 0 45 109 11 75 8 5 42 116 181 17 26 122 1 32 59 3571 11025 16253 42 94 106 7 18 34 89 115 14 493 16 46 2 4 7 53 98 34 0 25 15 66 377 53 85 8329 8 1 11 45 96 123 66 181 1 1258 24 115 58 30 35 60 6 1015 67 7 0 32 1 32 1 488 290 931 462 1536 51 51 9 49 133 56 27 88 1453 25 43 1112 6211 5 1 3 9 0 18 3 3 2 2 4 8 0 0 2 1 4 1 14 5 17 3 5 2 4 0 0 0 0 0 7 1 11 21 3 26 2 0 73 42 0 6 0 1 5 1 5 0 19 2 3 0 0 1 1 3 0 0 0 0 5 4 0 8 7 0 1 2 0 0 9 7 1 2 2 1 0 1 12 2 25 39 2 2 5 28 0 1 3 2 8 15 0 6 9 0 15 2 0 1
52 5 7 5 234 2031 30 4 8 60 131 1905 2 3 6 2 6 8 0 5 45 95 8 0 12 0 0 0 115 100 42 6722 6799 1181 0 0 14 70 11 1 87 1 5 5 1 2 4 6 6 1 5 3 13 31 13 8 38 2577 1 5 9 6 9 4 1 0 75 8 5 3 4 1288 680 7 1703 16 6 2 356 0 8 0 45 29 88 39 3 7 5 3 10 24 12 2 6 7193 94 11 31 12 8 3 12 22 2 36 15 2 4 4 30 23 0 0 0 0 2 1 6 0 7 2 2 2 1 0 0 0 0 0 17 1 12 26 1 29 0 0 73 33 1 1 0 4 12 0 0 0 6 4 1 0 0 3 0 0 0 4 0 0 6 5 0 6 6 0 2 1 0 0 24 12 5 0 1 0 0 1 3 0 38 42 5 1 2 27 1 0 0 3 20 2 2 7 21 4 8 2 0 0
55 8 19 12 275 1099 38 14 37 144 78 2572 5 9 17 11 14 39 1 8 200 616 67 11 76 6 9 2 265 296 94 6799 9076 2504 2 11 78 1144 20 9 274 6 15 12 4 19 47 12 13 3 13 10 14 77 25 14 45 1536 47 28 16 11 7 6 5 4 141 172 8 7 5 3376 2644 29 2063 14 55 8 436 1 14 6 125 70 229 132 86 13 8 12 23 53 23 9 10 6063 369 33 110 69 21 5 19 45 4 97 11 9 9 21 40 60 0 0 5 0 6 2 10 16 22 5 12 14 9 0 3 0 0 0 66 6 27 97 14 195 2 0 313 82 0 6 2 22 26 0 4 1 26 11 2 1 2 11 1 3 0 9 0 1 17 40 1 13 41 2 5 2 0 1 73 34 22 7 1 3 11 1 2 1 124 244 13 4 0 108 0 1 1 6 55 3 1 20 36 2 44 12 1 5
14 5 7 2 72 204 11 3 1 5 4 71 3 151 236 17 189 12 5 95 315 948 140 29 92 4 26 19 136 113 106 1181 2504 6324 72 321 419 718 47 24 336 7 15 1 0 3 190 24 17 3 10 3 12 79 21 25 36 4526 1888 3321 22 22 19 31 49 0 123 2530 31 9 11 159 128 11 6224 38 2 3 25 0 9 1 101 64 244 164 237 15 15 2 14 45 15 11 24 2687 8 2 123 98 3 1 4 5 2 9 3 1 0 5 1 13 1 0 1 0 3 5 7 4 8 0 7 14 10 0 2 0 1 3 14 3 14 66 12 119 0 0 204 57 1 1 0 8 17 1 1 0 18 3 2 0 2 9 1 1 0 5 0 3 8 24 1 8 20 2 1 1 1 0 35 20 7 6 0 0 4 1 7 1 45 131 7 1 3 51 0 1 2 4 26 4 0 10 8 4 34 3 2 4
0 0 2 0 1 0 0 0 0 0 0 1 1 4441 2261 387 490 191 577 304 3 18 178 1873 35 86 4325 948 26 10 7 0 2 72 2546 3640 169 223 119 502 262 59 396 17 5 28 1360 25 29 0 0 1 1 3 3 1 30 29 1064 1164 84 45 471 861 971 0 20 405 328 28 12 3 14 5 62 12 0 0 0 0 4 0 4 2 3 3 32 11 17 4 39 13 7 47 211 3 1 0 12 15 0 0 0 0 0 0 0 0 0 0 0 0 34 4 19 10 2 118 84 44 212 1009 279 3 0 0 2 2 1 10 1 0 0 0 0 3 46 2 70 93 4 32 8 0 0 2 3 1 219 32 2 0 1 0 0 2 0 0 0 0 0 0 0 0 0 3 11 6 2 0 1 0 0 0 2 2 1 1 13 1 5 13 8 0 4 9 0 0 0 0 0 7 1 0 3 0 0 1 1 1
2 0 0 0 5 1 0 0 0 0 0 0 0 3971 1335 40 1866 17 18 213 3 9 47 57 8 1 98 68 39 31 18 0 11 321 3640 3065 510 362 31 62 69 5 31 1 1 4 1590 6 3 0 0 0 1 3 0 0 42 259 4064 2982 8 6 27 44 88 0 12 739 27 3 0 0 6 0 383 8 0 0 1 0 1 0 4 7 3 7 58 0 2 2 6 3 0 3 20 24 0 1 1 25 0 0 0 0 0 0 0 0 0 0 0 0 0 0 2 0 0 2 5 7 29 42 12 1 1 0 1 0 0 0 0 0 1 0 1 1 1 1 17 7 0 2 0 1 0 0 1 0 21 4 2 0 0 0 0 0 0 1 0 0 0 0 0 0 0 2 0 0 0 1 0 0 1 1 1 0 0 0 2 1 3 5 1 2 0 5 0 0 0 1 2 2 0 1 1 0 4 0 0 1
10 0 1 0 10 7 2 1 0 0 0 9 6 286 262 140 905 206 37 197 152 376 236 75 87 25 58 46 58 48 34 14 78 419 169 510 3776 3795 139 131 288 19 53 4 0 26 558 16 11 0 0 1 6 13 2 6 50 499 1061 1664 46 11 22 57 41 2 26 825 22 3 5 5 26 1 813 30 3 0 10 0 0 1 17 11 67 45 91 2 4 4 8 8 3 8 27 159 2 0 46 46 0 2 2 2 1 1 0 0 1 0 0 3 2 5 9 3 18 9 52 17 123 34 49 14 16 3 5 2 1 5 7 4 5 16 18 48 7 2 228 124 3 18 3 2 9 7 2 1 84 18 12 1 0 1 0 2 0 0 0 0 2 10 0 2 3 6 10 5 1 0 22 12 11 12 0 1 0 1 6 2 18 143 8 9 0 111 1 1 1 5 7 5 4 4 5 1 22 13 1 10
17 3 9 1 63 57 13 6 2 11 3 27 342 169 238 515 1435 2258 4697 220 678 1967 780 250 545 195 165 100 153 90 89 70 1144 718 223 362 3795 8223 416 689 1019 88 218 939 99 714 1099 40 48 21 9 8 18 92 32 39 184 398 681 654 357 65 51 116 101 48 243 901 66 26 24 64 4252 265 1136 144 53 202 88 4 18 19 141 94 420 300 402 39 64 74 331 71 19 35 143 551 18 2 354 113 7 13 5 6 19 42 2 9 0 1 13 38 201 61 344 64 90 121 507 490 1444 1260 704 139 143 20 67 23 17 106 103 27 66 216 103 532 176 32 2414 1263 80 339 78 30 131 42 109 37 1202 430 99 7 6 20 2 19 0 12 0 3 38 50 1 16 64 63 161 85 21 48 167 73 92 100 15 59 26 3 115 29 194 1509 148 74 20 1026 6 16 12 42 102 32 13 43 70 2 242 75 8 78
9 2 4 2 28 8 12 2 0 1 0 5 52 235 803 2651 70 4487 44 102 9 30 160 646 22 8 276 6215 280 163 115 11 20 47 119 31 139 416 17427 60 701 230 666 7 76 402 140 316 122 3 0 1 3 26 17 7 196 95 43 32 5556 205 344 519 3182 131 115 427 3109 38 39 6 46 1 535 779 1 1 5 0 14 0 25 18 38 20 97 28 47 8 139 197 17 46 225 145 1 2 16 124 0 0 1 0 0 2 0 0 0 0 0 0 1 17 228 2 2 12 7 211 28 38 14 0 1 0 0 6 1 11 8 4 1 0 6 12 0 0 43 34 157 3 166 2 4 32 138 7 51 624 2 2 5 4 0 4 0 1 0 1 0 2 0 2 4 1 303 86 30 11 5 10 4 4 7 138 2 3 191 39 5 7 4 3 25 5 2 5 9 2 1 40 16 4 3 0 1 1 3 1
2 2 4 3 2 3 2 1 0 0 0 3 1 36 196 224 661 153 771 556 91 1219 1410 3297 3113 3683 4743 106 59 5 14 1 9 24 502 62 131 689 60 12798 683 346 1188 37 8 70 5550 28 173 0 2 1 7 58 6 5 169 7 63 78 106 106 209 349 150 0 212 441 60 68 18 11 151 5 16 37 1 0 12 0 11 1 47 60 72 100 275 34 53 15 62 95 59 221 711 11 0 0 325 74 0 0 0 1 1 0 0 0 0 0 1 0 22 2 6 8 12 47 121 33 247 529 241 6 3 0 5 0 0 15 0 2 1 9 1 19 28 1 235 199 3 32 2 1 5 4 2 2 233 13 8 0 6 2 1 5 0 0 0 0 0 1 0 0 2 1 14 5 4 2 5 3 2 2 2 4 0 1 14 4 10 81 8 0 2 45 0 0 8 1 3 13 2 2 7 0 5 0 1 5
806 549 717 281 663 607 89 233 10 140 41 531 48 388 1458 1530 550 1357 367 559 1566 1021 7769 1000 375 417 395 998 174 407 493 87 274 336 262 69 288 1019 701 683 3940 5512 434 48 143 824 182 257 878 32 101 25 21 70 644 786 278 104 15 68 1386 223 76 88 211 42 215 161 209 172 203 142 475 31 532 450 75 5 100 9 152 13 1719 182 1389 217 267 373 586 133 643 1278 144 220 217 489 120 34 238 187 20 10 14 30 5 57 5 7 6 9 21 45 4 0 41 2 14 4 42 28 56 45 32 16 14 2 4 1 1 2 50 5 38 87 9 130 2 0 244 98 15 14 23 12 19 8 66 1 76 145 8 5 23 3 0 35 2 6 0 7 13 24 1 9 32 4 45 23 14 10 71 42 16 8 22 41 9 5 128 39 114 156 9 10 29 119 5 10 76 7 39 87 24 22 46 6 44 12 4 8
13 5 12 3 11 8 5 7 0 1 0 8 22 23 105 324 18 410 78 24 29 136 3021 5966 235 264 171 285 36 23 16 1 6 7 59 5 19 88 230 346 5512 6777 4812 11 181 729 151 48 1646 5 7 0 0 19 29 11 37 11 5 6 1186 48 39 71 134 37 65 52 189 19 19 1 38 1 29 154 3 2 4 1 16 0 25 20 31 28 46 54 91 29 479 863 16 80 587 19 4 2 62 17 0 0 0 1 0 1 0 2 0 0 0 0 0 0 19 1 0 1 2 5 7 2 4 1 0 0 1 0 0 0 1 3 0 3 1 7 0 0 13 5 6 3 6 0 0 21 59 0 19 67 1 0 5 0 0 9 1 0 0 1 0 0 0 0 0 1 24 18 8 10 2 3 0 0 8 28 1 0 138 36 1 13 1 1 24 6 0 4 26 0 0 30 11 0 4 0 0 0 0 0
6 2 7 2 12 4 5 3 0 0 0 4 71 51 81 186 44 1479 121 40 40 495 1077 2286 767 431 1201 193 200 22 46 5 15 15 396 31 53 218 666 1188 434 4812 8362 40 211 2365 747 74 2147 8 4 2 14 103 17 12 373 10 76 46 4286 126 882 8123 623 54 422 328 645 53 33 7 67 5 77 344 2 0 9 0 10 0 97 83 141 158 186 42 92 27 1282 102 27 148 2323 47 4 2 380 91 0 0 0 0 0 1 0 0 0 0 0 0 0 0 65 2 3 3 9 34 22 15 6 5 1 0 0 0 0 2 3 3 1 1 0 9 0 1 50 32 19 6 41 3 1 20 117 1 31 257 2 6 5 2 0 16 0 3 0 1 0 2 0 0 1 2 91 30 12 27 0 7 2 1 13 63 3 0 258 57 4 21 1 0 32 15 1 8 18 0 2 69 6 4 3 1 1 1 1 1
1 0 0 0 3 4 1 1 4 3 2 6 2138 3 6 4 65 343 4005 23 8 44 16 12 19 14 12 9 19 9 2 5 12 1 17 1 4 939 7 37 48 11 40 5781 2786 209 30 23 50 882 14 23 3 5 3 0 13 1 0 0 92 63 32 18 27 581 5 8 17 33 68 129 1598 1834 6 58 484 2410 2796 106 131 591 6 1 20 10 7 416 333 1308 1033 39 8 31 101 14 36 5 9 1 1 2 0 2 2 4 0 3 0 0 2 1 109 37 788 22 18 214 206 1029 611 3133 365 17 24 3 13 10 9 66 11 4 7 54 8 89 91 22 707 393 64 99 37 7 23 33 132 133 1018 335 17 21 25 8 2 64 3 5 1 17 1 7 1 3 7 17 134 33 18 80 25 11 10 6 28 41 14 13 360 75 64 493 293 10 40 330 12 61 154 2 7 196 34 6 24 0 34 12 1 18
4 0 4 1 3 2 0 0 33 12 0 4 2995 1 5 5 11 116 464 3 2 10 8 30 11 2 5 24 27 10 4 1 4 0 5 1 0 99 76 8 143 181 211 2786 5438 545 13 40 145 1557 6 35 2 10 7 3 18 1 0 1 366 107 177 185 739 778 34 18 354 50 78 75 332 51 11 58 661 393 867 37 185 323 11 4 3 4 3 558 457 2141 2003 109 30 73 246 10 158 17 6 5 1 0 2 0 1 2 0 16 0 0 1 1 0 1 133 0 4 6 6 30 46 31 5 1 1 4 3 1 1 3 16 8 4 5 2 14 0 0 87 37 25 3 33 7 6 150 779 4 125 901 4 37 91 12 5 251 8 5 2 35 1 3 0 3 2 1 288 86 79 258 11 10 5 2 147 294 23 18 2197 513 11 71 12 5 343 98 12 207 338 1 1 844 119 4 30 2 5 1 1 2
6 1 11 0 3 5 2 3 1 2 1 6 3256 10 15 30 65 1740 550 30 6 35 55 1005 50 12 254 384 26 8 7 2 19 3 28 4 26 714 402 70 824 729 2365 209 545 5479 59 93 268 39 4 3 1 16 21 6 48 3 6 7 1196 141 369 1903 920 475 44 39 461 75 54 13 231 6 14 186 13 6 25 1 31 5 38 7 14 16 16 88 162 129 3077 416 52 159 786 25 7 1 38 17 2 2 0 1 3 3 2 14 0 0 0 0 6 47 1729 9 9 23 13 349 134 113 12 1 8 4 0 14 1 47 26 43 6 7 19 25 3 0 208 83 472 16 705 17 4 240 1762 51 438 3033 13 24 41 22 6 83 0 7 5 6 1 5 0 3 18 12 980 461 160 468 21 51 31 11 65 725 15 9 1694 297 5 32 24 19 182 51 14 80 77 7 5 259 71 13 23 2 7 5 13 5
2 1 2 0 4 4 3 2 0 0 1 4 2 769 888 170 693 128 342 394 36 188 117 1475 2291 94 1028 303 118 8 53 4 47 190 1360 1590 558 1099 140 5550 182 151 747 30 13 59 12060 82 73 1 0 1 7 66 5 7 312 61 2059 1362 129 163 492 586 612 3 275 4580 232 77 22 12 330 7 84 45 3 3 39 1 11 1 42 66 79 119 1386 16 37 8 63 39 25 94 535 17 2 0 645 178 0 1 1 1 0 3 0 0 0 0 0 7 22 3 9 3 25 70 180 31 313 642 253 6 10 2 11 1 2 5 7 0 3 17 1 54 29 4 442 296 3 42 7 0 11 4 8 0 269 15 8 0 1 1 0 1 0 0 0 0 2 4 0 4 5 4 12 8 2 1 11 6 4 5 4 5 1 2 25 6 21 124 18 3 5 52 0 0 4 5 3 18 4 1 4 1 11 5 2 2
46 13 30 5 37 21 12 14 1 3 3 20 9 31 64 92 9 228 20 4 9 40 34 14 27 9 29 58 199 160 98 6 12 24 25 6 16 40 316 28 257 48 74 23 40 93 82 24537 509 8 12 8 4 23 17 9 149 62 14 7 844 15793 3000 138 3433 7 91 188 6594 1258 8307 9 23 1 304 12818 7 3 10 0 550 8 45 22 30 22 53 1714 2376 102 1091 522 106 612 739 177 4 2 34 95 1 0 0 0 0 0 0 3 0 1 1 0 1 0 10 0 2 0 1 6 7 2 3 0 0 0 1 1 0 0 3 1 3 2 0 5 0 0 10 5 8 1 5 1 1 6 31 0 9 28 1 15 66 3 1 65 3 3 4 29 0 0 0 0 3 1 14 13 17 3 1 2 0 0 45 7 6 11 157 33 4 10 0 1 53 13 15 18 258 1 0 247 51 1 4 0 0 0 0 0
74 15 53 7 29 35 24 13 1 9 1 29 15 16 59 109 9 178 42 5 30 247 622 227 166 109 60 68 46 53 34 6 13 17 29 3 11 48 122 173 878 1646 2147 50 145 268 73 509 11840 30 12 7 2 38 27 11 83 18 4 5 660 617 93 27 216 15 139 49 288 359 260 11 46 3 93 935 9 5 15 0 128 7 81 46 71 68 35 544 1065 301 1371 8776 575 5519 5792 60 9 2 108 35 0 0 0 0 0 1 0 1 0 0 0 3 1 1 9 0 0 0 4 6 4 1 0 1 0 0 2 0 0 0 2 0 0 3 1 7 2 0 19 8 5 3 2 0 2 13 67 2 13 43 0 23 56 1 3 71 2 2 2 13 0 0 0 0 2 1 15 18 43 12 1 3 1 1 70 36 11 13 223 55 7 14 1 0 71 17 6 23 192 0 1 257 59 1 6 1 1 0 0 1
6 0 5 0 0 1 3 2 127 40 1 2 67 0 2 0 4 1 50 0 2 2 0 1 2 1 0 0 7 3 0 1 3 3 0 0 0 21 3 0 32 5 8 882 1557 39 1 8 30 4928 38 326 6 6 1 0 0 0 0 0 17 35 12 1 8 1940 4 2 5 34 65 84 166 515 1 21 1685 667 989 1810 698 4510 6 1 7 3 1 2133 317 3572 271 42 27 31 44 1 850 68 2 2 0 0 1 2 0 2 1 12 0 1 2 1 0 0 2 0 0 0 0 5 10 5 1 1 2 1 0 0 0 0 0 0 0 7 1 12 0 0 48 7 0 0 1 3 6 15 170 2 20 75 0 34 132 5 2 301 11 5 17 91 0 0 2 0 4 0 7 12 39 49 3 4 0 0 50 17 30 45 513 78 12 44 2 1 74 54 47 471 956 0 3 704 62 0 13 0 1 1 0 0
124 22 82 11 43 34 45 32 2 14 5 32 0 1 2 2 1 7 0 0 1 9 2 1 7 2 1 2 6 42 25 5 13 10 0 0 0 9 0 2 101 7 4 14 6 4 0 12 12 38 21899 18504 2 22 35 6 14 7 0 0 5 15 4 1 3 26 7 1 0 190 37 12 15 20 32 10 36 4 10 509 1707 418 109 40 33 6 12 298 34 17 12 10423 5807 126 10 22 18 11 10 9 0 0 1 1 0 2 0 1 0 0 1 0 0 0 1 0 0 0 0 1 1 0 0 0 1 0 0 0 0 0 1 0 0 6 1 13 0 0 9 9 1 0 0 0 2 0 1 0 0 1 0 2 1 0 0 3 138 11 114 136 0 0 0 0 1 0 0 0 0 0 1 2 1 0 0 0 16 9 2 0 5 9 1 0 1 7 29 2 86 0 0 6 1 0 1 0 1 0 0 0
90 25 60 6 22 26 22 39 27 12 3 26 1 0 0 0 0 1 3 0 2 5 3 0 4 1 0 1 14 30 15 3 10 3 1 0 1 8 1 1 25 0 2 23 35 3 1 8 7 326 18504 33566 2 18 19 4 10 2 0 0 2 11 3 0 2 186 9 1 1 151 130 11 13 192 27 9 173 29 71 13983 7926 2367 83 20 28 5 13 1154 79 135 36 1784 4603 60 15 21 136 18 6 4 2 0 0 1 0 0 0 1 0 0 0 0 0 0 1 0 0 1 0 0 1 0 0 0 0 1 1 0 0 0 1 0 0 2 1 1 0 0 9 3 0 0 0 2 2 1 6 0 1 1 0 9 9 5 2 54 1972 168 2099 2327 0 0 0 1 1 0 0 0 0 5 2 1 0 1 1 0 312 140 12 5 7 11 7 0 5 13 681 32 1826 0 0 71 25 0 8 0 1 1 0 0
380 33 142 16 90 77 908 206 76 105 8 63 0 1 4 0 0 1 3 0 4 26 6 5 31 0 8 5 1476 237 66 13 14 12 1 1 6 18 3 7 21 0 14 3 2 1 7 4 2 6 2 2 7048 6967 4351 14 152 7 2 1 3 5 8 10 7 2 117 14 5 10 2 27 28 11 93 3 10 2 19 1 8 9 993 238 43 14 81 13 2 2 6 26 5 10 19 78 120 7659 61 41 0 0 0 4 1 10 3 6 0 1 5 6 0 0 0 0 2 1 2 0 3 0 1 4 0 0 0 0 0 0 7 0 4 19 5 29 0 0 63 18 0 1 0 4 5 0 1 0 9 0 0 0 0 1 0 1 0 1 0 0 3 5 0 1 2 0 0 0 1 0 9 2 2 0 0 0 0 0 0 0 19 34 0 0 0 20 0 0 0 1 5 3 0 1 0 0 8 2 0 0
1192 179 542 64 337 306 981 495 11 173 34 298 0 17 23 11 13 13 7 10 13 112 45 57 249 19 36 33 6905 751 377 31 77 79 3 3 13 92 26 58 70 19 103 5 10 16 66 23 38 6 22 18 6967 20355 807 13 1363 44 2 2 38 45 101 78 93 1 3599 26 39 60 26 68 142 30 429 24 34 0 56 1 19 6 3265 6582 166 97 580 27 31 14 23 123 58 80 164 370 54 1780 452 289 15 6 10 24 2 40 9 10 8 9 25 32 1 0 0 0 4 1 11 1 14 2 5 10 9 0 1 0 0 0 38 4 23 79 8 113 0 0 187 64 0 3 1 9 19 2 4 0 18 2 1 0 0 6 0 0 0 4 0 0 9 22 0 11 35 1 2 1 0 0 56 27 4 4 0 5 2 0 5 3 86 162 7 1 4 86 0 0 2 2 28 6 0 10 17 1 33 6 0 3
347 48 174 18 83 65 305 147 5 55 9 75 2 0 7 11 6 29 4 5 15 27 28 14 34 0 7 9 258 154 53 13 25 21 3 0 2 32 17 6 644 29 17 3 7 21 5 17 27 1 35 19 4351 807 19298 713 72 18 0 4 28 10 10 7 9 0 69 8 9 24 19 17 36 7 96 14 17 0 14 0 19 3 1541 297 110 31 68 44 21 9 13 536 63 17 25 61 10 1065 51 31 1 0 1 3 1 8 0 0 0 3 4 5 0 0 0 0 2 2 1 2 4 0 1 6 2 0 0 0 0 0 16 0 4 16 5 37 0 0 66 19 0 0 1 5 1 0 0 0 3 4 0 0 1 1 0 0 0 0 0 0 0 3 0 0 7 2 1 0 0 0 17 8 1 1 0 1 1 1 3 0 24 41 2 2 1 21 0 1 8 6 5 2 1 1 5 0 11 3 0 0
150 85 118 51 137 148 16 30 0 15 4 92 0 3 6 3 5 5 2 3 655 103 37 10 58 1 3 6 21 71 85 8 14 25 1 0 6 39 7 5 786 11 12 0 3 6 7 9 11 0 6 4 14 13 713 1551 64 7 0 2 13 3 6 3 9 0 28 8 2 12 7 20 41 3 42 6 3 0 14 0 9 0 4973 42 1691 141 32 8 9 0 7 75 16 7 17 86 8 4 50 40 2 3 1 11 0 4 0 2 1 1 3 4 0 0 1 0 1 0 2 0 2 2 1 3 3 0 0 0 0 0 7 0 1 8 2 18 0 0 35 13 0 0 0 0 2 0 0 0 1 0 1 0 2 1 0 0 0 1 0 0 1 4 0 2 2 0 0 0 0 1 7 5 2 3 1 0 0 0 1 0 9 27 0 1 0 10 0 0 0 1 5 2 0 3 4 0 3 0 0 0
82 37 60 36 607 156 36 21 3 19 12 132 2 100 203 31 85 31 41 62 49 355 85 223 1083 26 199 179 3857 2928 8329 38 45 36 30 42 50 184 196 169 278 37 373 13 18 48 312 149 83 0 14 10 152 1363 72 64 15103 15 7 15 156 217 531 396 685 2 9520 103 347 106 50 32 174 14 1727 68 16 2 39 2 33 1 809 1165 1101 1336 4816 48 81 21 58 166 48 173 482 560 27 23 6750 4813 3 1 4 6 0 16 3 2 1 4 3 12 1 0 3 1 13 4 28 3 52 23 25 8 3 0 3 0 0 1 20 0 9 34 1 48 2 0 176 87 1 5 0 6 3 4 9 0 47 7 2 1 6 2 0 2 0 3 0 1 2 9 1 4 9 1 2 2 3 1 20 8 11 3 5 5 4 3 32 10 45 90 5 3 3 37 1 0 9 5 15 22 10 4 9 2 24 2 0 1
7 1 3 0 18 81 2 1 2 1 2 37 0 260 491 14 381 11 9 223 31 83 11 19 13 0 10 38 81 18 8 2577 1536 4526 29 259 499 398 95 7 104 11 10 1 1 3 61 62 18 0 7 2 7 44 18 7 15 3863 323 1695 37 41 34 10 69 0 48 3035 80 13 10 360 255 1 3921 91 2 1 64 0 5 1 49 21 59 19 71 9 14 1 14 38 10 10 26 1402 3 1 15 26 2 1 0 2 0 1 0 0 2 0 1 1 0 0 2 0 1 0 5 2 6 2 3 0 0 1 0 0 0 0 3 0 1 9 1 11 1 0 44 23 1 0 0 2 1 1 2 0 4 3 0 0 1 0 0 1 0 0 0 0 2 4 0 0 5 0 3 1 0 0 4 4 0 0 0 1 0 0 14 5 14 16 1 0 0 6 0 1 1 0 4 7 0 2 0 0 3 0 0 0
0 0 0 0 0 0 0 0 0 0 0 0 0 766 737 23 274 19 20 121 1 3 12 139 2 2 163 82 5 1 1 1 47 1888 1064 4064 1061 681 43 63 15 5 76 0 0 6 2059 14 4 0 0 0 2 2 0 0 7 323 2873 6363 16 21 61 90 128 1 3 2267 43 4 1 1 10 0 153 6 0 0 0 0 0 0 0 3 0 1 14 0 5 1 5 0 2 4 28 5 0 0 0 4 0 0 0 1 0 0 0 0 0 0 0 0 2 0 0 1 1 3 11 5 31 38 9 2 1 1 0 0 0 0 1 0 0 2 0 1 4 0 17 19 0 2 0 0 1 0 0 0 19 3 0 0 0 1 0 0 0 0 0 0 0 0 0 0 0 0 0 1 0 0 0 1 0 0 0 1 0 0 2 1 0 6 2 0 1 5 1 0 0 0 0 1 0 0 2 0 0 0 0 0
0 0 0 0 3 1 0 0 0 1 0 1 0 989 1070 39 679 20 17 232 19 74 71 134 13 2 168 76 23 5 11 5 28 3321 1164 2982 1664 654 32 78 68 6 46 0 1 7 1362 7 5 0 0 0 1 2 4 2 15 1695 6363 3202 11 10 30 73 95 0 11 2624 30 6 2 2 11 2 709 9 1 0 0 0 1 0 1 4 11 8 60 3 4 0 3 3 2 3 24 19 0 0 6 10 0 0 0 0 0 0 0 0 0 0 0 0 1 0 4 2 0 2 5 2 13 28 6 0 3 1 0 0 0 0 1 0 0 2 2 2 1 0 22 16 0 3 0 0 1 0 0 0 14 6 2 0 0 0 0 0 0 0 0 0 0 0 0 1 1 0 1 2 0 0 0 2 2 2 0 2 0 0 1 0 1 15 0 1 0 13 0 0 0 1 0 2 0 0 0 0 2 1 0 0
33 7 20 2 15 18 4 4 3 6 2 15 64 24 116 149 42 2398 129 32 9 77 96 1220 99 29 277 615 108 54 45 9 16 22 84 8 46 357 5556 106 1386 1186 4286 92 366 1196 129 844 660 17 5 2 3 38 28 13 156 37 16 11 8192 1115 1351 2220 2411 258 103 112 6891 379 344 9 125 5 211 7636 8 6 12 0 75 5 50 32 41 40 62 241 636 88 3140 878 120 669 2205 123 8 0 82 64 0 2 0 0 2 4 0 17 0 0 0 2 2 19 479 3 3 8 12 61 84 40 6 1 3 4 3 6 1 15 13 25 4 6 7 22 1 1 134 38 191 15 290 12 4 192 961 17 214 1214 7 27 46 12 10 93 2 5 2 12 1 5 1 2 7 8 340 273 104 100 20 30 14 4 98 454 18 22 1392 315 11 36 19 11 174 99 13 52 137 0 3 321 94 11 26 2 4 4 6 6
53 14 38 9 31 25 10 15 1 3 0 18 12 28 53 50 5 185 35 4 5 81 51 38 108 21 53 48 241 140 96 6 11 22 45 6 11 65 205 106 223 48 126 63 107 141 163 15793 617 35 15 11 5 45 10 3 217 41 21 10 1115 21609 6615 432 1719 26 122 186 2274 7282 1789 10 32 1 304 5084 16 2 24 1 233 19 48 49 51 36 65 1094 2778 457 1632 927 665 6170 3467 182 16 3 78 91 1 1 0 0 0 1 0 2 0 0 0 0 0 0 6 1 0 1 2 6 9 3 5 1 0 0 1 0 1 0 5 1 0 1 0 3 0 0 7 4 2 5 3 2 1 14 59 0 13 26 0 65 198 7 6 123 11 4 15 88 0 0 1 0 1 1 9 11 48 18 2 4 1 0 63 26 33 83 183 49 1 5 3 1 66 23 28 46 903 0 0 678 98 0 3 0 1 0 1 1
10 2 4 0 18 8 5 2 1 0 1 6 19 209 156 70 18 207 47 10 21 114 40 132 222 28 478 258 432 101 123 9 7 19 471 27 22 51 344 209 76 39 882 32 177 369 492 3000 93 12 4 3 8 101 10 6 531 34 61 30 1351 6615 16071 7200 4942 30 388 422 8260 1190 376 5 32 1 195 1889 5 4 6 1 63 4 64 62 83 80 119 260 1149 206 1290 103 112 1677 2066 81 5 2 233 164 0 0 0 0 0 0 0 1 0 0 0 0 0 0 17 0 0 2 2 9 6 7 2 0 1 1 1 1 0 1 2 3 0 1 1 2 0 0 14 2 7 0 14 3 1 20 69 0 11 109 0 16 63 2 4 54 1 6 1 12 1 0 0 1 0 2 51 14 38 6 3 7 0 1 49 36 7 7 247 53 2 6 3 0 67 9 5 19 159 1 0 236 48 2 2 0 0 0 2 2
4 1 1 2 8 6 1 0 0 0 0 1 123 239 174 102 41 914 56 24 10 86 43 759 214 36 1820 910 284 30 66 4 6 31 861 44 57 116 519 349 88 71 8123 18 185 1903 586 138 27 1 1 0 10 78 7 3 396 10 90 73 2220 432 7200 8870 2171 90 331 515 863 141 35 1 28 3 61 188 3 2 5 0 13 0 67 50 65 81 150 37 109 29 411 41 21 258 3018 19 0 0 240 130 1 0 0 1 0 0 0 0 0 0 0 0 0 2 96 1 0 5 3 62 15 11 3 1 1 1 0 0 1 3 4 3 2 3 2 5 0 0 28 15 52 1 59 1 0 22 120 1 27 372 2 0 6 4 1 6 0 0 0 3 0 0 0 0 2 0 202 38 17 29 2 4 4 1 6 90 0 1 214 44 0 7 0 2 40 7 1 5 21 0 0 31 10 0 1 0 0 0 0 1
8 1 5 0 14 5 5 2 1 1 1 4 110 646 997 713 42 856 58 37 17 54 35 600 115 9 3569 4453 595 158 181 1 5 49 971 88 41 101 3182 150 211 134 623 27 739 920 612 3433 216 8 3 2 7 93 9 9 685 69 128 95 2411 1719 4942 2171 3751 193 394 1028 5857 355 158 2 32 3 368 1997 4 3 9 0 31 1 76 53 94 52 198 77 210 41 470 126 36 218 745 75 1 1 125 202 0 0 0 0 2 0 0 6 0 0 0 0 2 5 152 0 2 5 7 85 19 22 4 1 1 1 1 1 1 7 13 3 4 3 1 6 1 0 40 13 67 5 81 2 1 86 227 2 62 637 4 16 18 6 2 41 0 1 1 4 1 3 0 0 3 1 242 73 43 19 3 12 8 4 40 200 8 9 691 178 5 13 1 3 93 23 6 21 58 2 0 146 40 3 6 0 1 1 0 5
2 0 1 0 0 0 0 0 44 17 0 0 1082 1 0 3 4 200 322 1 2 6 2 34 1 1 17 98 4 2 1 0 4 0 0 0 2 48 131 0 42 37 54 581 778 475 3 7 15 1940 26 186 2 1 0 0 2 0 1 0 258 26 30 90 193 1574 5 3 95 12 15 34 79 908 2 28 846 1020 586 835 226 1604 3 1 5 2 1 529 92 233 569 19 4 12 31 2 415 19 2 0 0 0 0 0 0 1 0 1 1 0 4 1 1 3 247 1 0 1 0 33 9 18 5 1 1 0 0 2 0 1 0 0 0 2 1 5 0 0 26 10 10 0 20 2 1 8 131 30 34 238 1 3 8 1 1 15 6 0 3 17 0 2 1 0 0 0 71 8 4 244 3 1 1 1 15 15 7 3 105 11 5 19 4 1 10 15 4 7 52 0 1 39 6 0 3 1 0 1 0 0
521 246 373 86 478 384 97 111 3 71 43 367 4 56 88 20 54 23 26 33 47 532 145 229 1221 56 159 132 3374 654 1258 75 141 123 20 12 26 243 115 212 215 65 422 5 34 44 275 91 139 4 7 9 117 3599 69 28 9520 48 3 11 103 122 388 331 394 5 10647 102 206 111 38 100 252 42 1280 64 52 1 100 0 28 8 826 4399 916 2599 2654 38 71 10 68 194 69 240 568 686 50 25 3239 1305 9 3 15 29 7 42 4 4 9 3 21 31 0 0 1 0 7 3 8 6 49 26 10 9 13 3 0 0 0 1 36 4 36 92 9 137 1 0 288 109 4 13 0 10 20 1 10 0 44 11 5 1 6 14 1 3 2 3 0 2 16 24 2 11 43 3 6 1 2 2 56 36 15 10 4 4 3 1 27 2 97 221 6 4 5 126 2 3 9 6 42 21 4 33 30 8 38 13 0 5
1 2 4 0 3 1 2 0 0 3 0 4 2 1163 1414 95 736 90 49 313 45 170 49 550 176 17 542 473 55 19 24 8 172 2530 405 739 825 901 427 441 161 52 328 8 18 39 4580 188 49 2 1 1 14 26 8 8 103 3035 2267 2624 112 186 422 515 1028 3 102 5060 471 64 34 10 297 6 5705 70 2 0 34 0 7 2 54 40 61 48 1470 16 41 8 66 29 13 69 279 33 1 1 263 59 0 0 1 1 2 1 1 1 1 0 0 2 0 0 3 0 24 1 51 5 104 33 43 10 4 1 2 1 1 0 12 3 3 12 6 62 2 0 384 243 2 5 2 2 4 3 4 0 94 23 3 1 5 0 0 2 0 0 0 0 0 2 0 3 3 0 4 5 2 0 12 7 3 7 4 3 1 1 24 9 20 130 8 0 6 58 0 2 2 4 4 17 1 0 2 1 25 4 0 3
12 3 4 1 20 14 5 2 1 1 0 1 43 238 393 423 24 527 18 12 10 29 26 61 47 5 247 953 390 188 115 5 8 31 328 27 22 66 3109 60 209 189 645 17 354 461 232 6594 288 5 0 1 5 39 9 2 347 80 43 30 6891 2274 8260 863 5857 95 206 471 11772 415 206 4 22 1 364 6731 3 0 6 0 33 0 32 45 71 29 109 106 238 46 758 157 50 236 1049 124 4 1 81 146 0 0 0 0 0 0 0 1 0 0 1 1 0 1 61 0 1 3 0 23 27 10 4 0 1 0 0 2 0 3 6 1 2 1 1 6 1 0 33 13 29 3 40 3 0 62 223 0 47 415 1 13 23 9 2 44 0 0 0 1 0 2 1 0 1 2 200 64 47 15 4 5 1 1 52 187 3 10 743 191 2 9 1 4 122 14 1 12 51 2 0 221 36 0 6 0 1 0 0 3
106 35 89 14 51 36 27 30 3 11 1 20 4 12 19 19 5 67 20 2 17 80 44 23 98 21 25 17 91 58 58 3 7 9 28 3 3 26 38 68 172 19 53 33 50 75 77 1258 359 34 190 151 10 60 24 12 106 13 4 6 379 7282 1190 141 355 12 111 64 415 7839 2127 10 31 3 94 816 19 0 14 12 1252 69 77 31 53 33 37 1079 1006 234 635 1081 3799 3844 973 56 12 12 65 42 0 0 0 0 0 0 0 1 0 0 0 0 0 0 2 0 0 0 3 2 3 1 2 0 0 0 1 0 0 0 0 0 0 2 2 8 0 0 6 4 0 1 1 1 0 4 24 0 10 14 1 42 65 2 3 48 24 4 36 179 0 0 0 0 0 0 5 4 9 5 1 2 1 0 15 9 38 60 78 19 0 8 2 0 26 9 57 23 706 0 0 230 26 0 1 1 0 0 0 2
85 26 63 8 34 28 17 22 1 10 2 24 7 4 7 13 2 43 13 3 6 30 31 9 15 10 7 9 48 41 30 4 5 11 12 0 5 24 39 18 203 19 33 68 78 54 22 8307 260 65 37 130 2 26 19 7 50 10 1 2 344 1789 376 35 158 15 38 34 206 2127 6815 9 24 7 60 1551 27 12 45 8 4830 83 38 22 24 15 23 3702 2661 337 885 625 485 1139 368 39 32 4 23 15 0 0 0 0 0 0 0 3 0 0 1 0 0 0 0 0 0 0 0 1 1 2 1 0 0 1 0 0 0 0 0 0 2 3 0 4 0 0 9 0 0 1 0 0 0 4 26 0 5 7 1 34 54 2 4 79 35 5 35 186 0 0 0 0 2 0 3 4 14 9 0 1 2 0 22 7 58 74 83 22 1 5 1 1 29 11 73 26 938 0 1 230 46 1 7 1 1 0 0 1
101 19 34 23 222 1120 64 51 138 1970 724 2804 23 1 0 7 5 16 9 3 56 168 10 4 26 2 1 2 387 470 35 1288 3376 159 3 0 5 64 6 11 142 1 7 129 75 13 12 9 11 84 12 11 27 68 17 20 32 360 1 2 9 10 5 1 2 34 100 10 4 10 9 6516 2731 223 482 12 2262 105 3029 19 30 96 80 36 154 82 13 72 30 81 36 37 12 9 11 2355 5400 208 46 16 55 24 83 161 9 312 50 36 41 63 159 192 1 0 2 0 5 5 14 9 51 11 18 15 15 2 3 0 0 4 150 10 69 188 8 249 3 0 392 113 0 15 1 28 61 3 7 3 44 12 3 0 1 35 0 5 4 17 0 5 37 60 2 40 98 3 12 3 1 1 127 62 25 3 2 3 17 3 23 3 295 359 41 3 4 249 3 4 17 5 87 15 4 59 123 14 86 20 0 5
23 8 12 4 122 283 19 7 5 34 27 344 188 6 16 30 28 326 180 23 418 1338 222 40 363 45 21 11 252 155 60 680 2644 128 14 6 26 4252 46 151 475 38 67 1598 332 231 330 23 46 166 15 13 28 142 36 41 174 255 10 11 125 32 32 28 32 79 252 297 22 31 24 2731 9903 472 693 62 405 313 5091 27 49 153 205 116 495 294 331 133 85 205 320 77 23 34 71 1714 85 11 340 50 25 11 18 15 13 58 4 8 4 12 10 57 51 17 131 16 56 49 215 182 580 595 231 110 105 18 32 5 3 32 158 23 103 433 99 983 36 11 2773 907 14 124 29 63 161 17 82 32 639 163 43 5 9 43 3 31 2 37 0 11 73 119 4 43 156 31 63 30 9 27 308 115 72 88 10 22 26 5 132 33 435 2146 206 53 16 1238 6 17 40 46 208 54 15 64 91 22 327 60 7 47
