12.5513234553654 18.3583371962224 20.2449493540847 39.1115173327867 45.1531266133571 53.0987198858922 19.6745576563075 13.7262026867058 70.8182960006426 47.7314278125763 66.8812857983159 65.3215277888517 0 175.076278686523 199.982604980469 199.48838297526 135.246028900146 191.65117586576 223.647964477539 157.608318328857 123.123820250062 130.110865743537 152.957957131522 194.509876251221 144.21456413269 0 0 198.652801513672 63.8118823284966 22.1689094145707 55.5316570978045 72.4912509184617 114.940986772017 164.416601453509 0 147.131618499756 129.559394073486 183.527914608226 181.070035298665 217.836013793945 103.271799972572 138.126508859488 195.015576680501 246.003173828125 185.651836395264 182.042559305827 196.544479370117 173.570203034774 145.360035767426 194.556620279948 141.274777935397 169.57654232449 109.727400789763 87.0758873184255 124.600239558591 113.504852091471 126.970345659954 130.929042816162 0 0 189.918657245058 180.069448794959 206.495281982422 210.903354644775 205.170316696167 204.165962219238 91.138470398945 180.912643432617 189.843953450521 176.545161841051 176.871702844956 98.8829528506439 154.66880931025 140.465826034546 152.445148250035 177.311014811198 156.632440185547 0 86.31947589928 194.859405517578 186.446766330885 188.400076293945 123.796368604876 104.173942259121 114.871482072358 105.681960452255 161.630956159319 186.823620354951 189.100514249982 188.556696573893 201.408072471619 134.145894991967 161.865562072167 173.491478458528 191.540134776722 66.0564010122752 82.5910686641544 56.3398181354462 123.523649523335 142.534461021423 181.620744008867 177.825474243164 179.136480947641 175.139357459736 183.681310017904 172.846204668083 172.074925037141 140.807978722357 165.869499418471 142.172191347395 164.046254044872 173.120711017477 0 0 0 0 246.663299560547 0 0 0 206.541122436523 224.552825927734 0 154.231872558594 232.529434204102 0 0 0 0 0 177.583772659302 175.37818145752 159.382892935617 174.159743552984 182.329513549805 170.399127960205 0 0 204.040542602539 214.40743637085 204.490264892578 0 0 192.684577355018 192.601747131348 214.841461181641 247.796005249023 0 0 0 202.662231445312 200.493881225586 217.967849731445 211.045387961648 223.589508056641 0 0 226.632860819499 0 229.565956115723 225.332412719727 205.632428376571 0 189.072539520264 175.781925494854 0 201.047317504883 0 0 206.593139648438 203.943264552525 187.05363591512 160.251972198486 198.873840332031 223.919384002686 0 243.619522094727 0 234.146169026693 216.925369262695 155.770864698622 184.045420328776 229.58095296224 227.193130493164 210.104843139648 159.963408152262 0 0 233.143750871931 230.281539916992 208.423459472656 217.481109619141 235.759407043457 158.990852719262 132.24771339015 166.634010314941 197.434898376465 168.561011178153 0 190.10107421875
18.3583371962224 16.668376379142 17.3366753883499 29.5809180139377 30.8350852762975 47.6194099012236 55.5778151553101 88.573418208531 84.8808670043945 65.9057922641726 78.0229840596517 59.8087325988919 0 209.201797485352 212.222640991211 0 0 207.200004577637 0 0 122.643699939434 122.804661600213 202.146759033203 197.366798400879 149.336211395264 157.431838989258 0 195.933609008789 82.4596760840331 33.4136837014097 92.1148510742187 103.151588439941 155.042314529419 174.92707824707 0 0 0 186.466944376628 188.406089782715 238.732986450195 105.245845273544 137.185903930664 214.55118560791 0 0 200.298797607422 210.658584594727 175.985331608699 149.871099853516 0 154.359081615101 179.605338745117 136.687284296209 106.406395256852 142.30633242925 117.903435381721 119.467237627184 171.237884521484 0 0 191.085776192801 186.882032121931 207.687782287598 216.063537597656 167.330718994141 0 96.4221820986368 189.310653686523 190.337631225586 187.04484601702 190.670519902156 127.166444075735 199.108106613159 233.728424072266 178.924087524414 198.438110351562 199.347183227539 0 122.27980893453 0 196.603643018146 190.493423461914 139.143137858073 112.420620205528 119.075626065202 99.4665221078055 166.344734191895 198.38234946511 198.060384862563 203.87481035505 204.764269315279 145.229961295402 172.608803196957 200.984264667218 228.544773101807 139.348404693604 82.9714807390093 89.9643944634332 113.139855818315 98.5973815917969 182.544438023721 172.371335029602 178.577124023438 175.988386056719 165.817779541016 172.717267877915 173.98546373522 152.415338198344 158.286162998365 138.233948298863 163.735666360941 177.237255936962 0 0 0 0 0 0 0 0 0 0 0 170.057723999023 216.433547973633 0 0 0 0 0 173.027987480164 237.582244873047 166.268618774414 168.036055501302 0 161.135512084961 0 0 196.831841362847 199.259280395508 0 0 0 205.180264790853 0 235.661544799805 208.483413696289 0 214.167465209961 0 0 0 0 209.441465105329 0 0 0 238.715771484375 0 0 220.397677103678 197.957340785435 0 189.758992876325 155.860719379626 0 0 0 0 0 190.727963038853 187.194989885603 161.823783874512 0 0 0 239.944793701172 0 223.193634033203 0 158.258093541982 177.989018758138 0 0 0 143.773650105794 0 0 0 0 209.676595052083 0 0 168.286998075597 124.766154848296 171.492340087891 197.324228922526 185.580291748047 0 0
20.2449493540847 17.3366753883499 11.1002060528964 17.3014970726144 125.075508773968 33.3127006973714 53.8895074191846 17.3598750383167 70.932105737574 22.080289046288 68.8352453443739 21.6209368570002 0 0 217.936836242676 187.395904541016 0 204.869468688965 205.919700622559 225.700103759766 124.571235214455 131.969329602791 170.787442375632 188.276278686523 166.619579917506 215.173217773438 186.512062072754 199.302810668945 84.8711525695493 81.8657721582554 161.28023212712 153.870651245117 170.909138729698 165.085942949568 188.653907775879 0 208.229949951172 194.776835123698 207.001510620117 201.812923431396 106.624973121547 138.75251642863 195.931546892439 0 195.524276733398 196.555707064542 180.368797302246 173.710676066081 157.389011598983 207.913513183594 156.071630896592 177.709719085693 131.061677798419 104.171542924269 138.241656117056 119.29626445447 132.356597010295 170.145222981771 0 0 198.773495483398 179.613410949707 222.06649017334 212.397827148438 204.963287353516 136.343963623047 97.5006324624887 164.081817626953 192.396492004395 187.456530281667 185.595280965169 119.720984739416 193.753252665202 85.3708236694336 182.091570027669 189.237144716324 137.001402282715 0 119.552968832163 233.847274780273 197.800312140049 182.198308308919 136.804985722133 113.316642942451 119.881711144484 105.632941573138 168.011138439178 195.422780667819 195.340882376339 195.6586066352 206.105834960938 145.266747299506 171.967344374884 179.972600301107 202.533621470133 158.234565061681 85.579652970837 87.9719071364984 131.01401187212 177.471035548619 182.227592136549 181.375254038218 179.922403866483 178.182282874698 186.655473709106 173.54471691356 176.206987025374 134.201786586217 80.6262916218151 139.869642084295 165.481111414292 175.053886461558 0 0 0 0 0 0 0 0 0 0 0 0 211.507308959961 0 0 0 0 0 175.791462037621 189.061431884766 162.447506054028 170.889887971698 233.096832275391 172.633455716647 0 0 188.367663990368 194.410617828369 0 0 0 205.760058085124 212.640510559082 0 226.372619628906 0 0 218.874633789062 0 236.114486694336 217.179794311523 220.393259684245 0 0 219.657150268555 230.046178181966 0 0 221.359134674072 212.334843444824 229.140342712402 188.177399317423 166.942948913574 0 182.735626220703 0 0 0 196.680855451311 174.857222420829 170.773956298828 187.649398803711 0 216.529266357422 236.01730855306 0 241.190277099609 0 159.994688012134 182.768159754136 95.8375778198242 0 222.533065795898 161.126708086799 220.970596313477 176.496932983398 229.986114501953 203.914764404297 217.73882039388 232.347305297852 227.520141601562 167.89875 127.783392488287 172.916717529297 198.890050615583 0 0 181.480895996094
39.1115173327867 29.5809180139377 17.3014970726144 17.5493510810241 19.2439146992443 23.5951845480129 59.6310676628059 59.3803295520468 81.6450023651123 54.8520059585571 60.5932106018066 29.3955120187906 211.406387329102 0 0 210.738479614258 0 0 173.988677978516 0 115.913823880647 114.25357616191 172.321418762207 223.781112670898 121.228898790148 0 0 0 95.5283835196609 35.6739571343481 34.6755933664283 83.4177108764648 102.833403587341 189.146469116211 0 0 0 210.175674438477 192.667999267578 170.48269144694 106.881536653458 142.884862263997 199.759544372559 0 219.636917114258 0 0 186.60036315918 153.441853114537 0 156.145595203746 197.109967549642 142.264835357666 117.180211782455 152.665364583333 120.132661258473 102.848515404595 0 0 0 183.491401672363 190.417277018229 0 204.940483093262 0 0 104.317554385163 0 166.439300537109 190.945420401437 200.881288528442 84.1817092895508 151.483671188354 66.3793106079102 157.230839729309 196.882986450195 169.503540039062 0 80.8545473459605 0 202.906145095825 0 144.054473832596 120.382813578067 120.876164718664 98.6272399478488 129.078741073608 197.351669311523 202.784185137068 191.749516805013 217.16344833374 152.03532816569 185.808907003964 193.148727416992 205.068423461914 77.6133391857147 72.4583256636994 102.162641525269 95.0330801010132 134.11828831264 172.755150338878 172.992431178237 176.120594758254 170.595232103692 161.163837432861 166.982529106876 165.983185631888 133.741581853231 146.776579801138 130.180282417385 159.664780670742 166.954761265557 0 0 0 0 152.196716308594 0 0 0 0 0 0 181.584197998047 181.346481323242 0 0 0 0 219.019683837891 168.284521830451 199.995338439941 157.553754584734 164.044715881348 0 162.226771763393 0 0 185.153830973307 208.116739908854 0 0 0 197.414855957031 186.175173672763 0 192.623077392578 0 0 0 0 0 0 202.545631408691 0 0 0 220.622839791434 0 247.952774047852 223.760669708252 201.021715164185 170.509960174561 185.237938145229 155.869889322917 0 196.825714111328 0 201.166717529297 0 188.815681271437 170.929597854614 152.714119651101 0 0 0 237.854654947917 246.033508300781 0 0 150.09287838406 161.813595042509 162.003753662109 0 0 146.179703485398 0 0 239.481674194336 0 210.911127580915 0 0 156.878835743871 126.288114216017 185.145433213976 194.782539954552 175.370198567708 0 176.710800170898
45.1531266133571 30.8350852762975 125.075508773968 19.2439146992443 17.8067026736391 36.8628009572539 49.5109644408056 88.813356590271 71.6770741389348 86.9888284634321 55.5995913687206 62.8080403594821 0 104.053382873535 110.880181884766 163.369440078735 111.006184387207 155.874423980713 157.581634521484 97.9177585948597 102.523447570801 102.815185459181 117.370764255524 157.952947998047 119.624351052677 0 145.525812784831 191.833248901367 68.8421872618958 36.7509232133332 21.7018949838129 41.9988803700504 65.535600419478 81.0231998231676 184.522323608398 68.0546501159668 100.029318237305 112.106278616285 124.142206464495 131.698165893555 92.6349159631974 129.218736821955 158.799606959025 182.804753621419 153.321146647135 187.219543457031 208.272899627686 149.915083189268 146.20494605755 0 144.315872724666 171.378420049494 121.206367153592 99.2242278147168 133.942813827331 104.803664994066 50.2294217679999 88.4503680335151 0 93.1078987121582 130.320539347331 163.396094045331 172.160861545139 188.001829147339 147.979313441685 0 84.0511982570632 141.107493082682 133.05082321167 179.093362546435 173.208106097053 70.7009091420217 93.7080176931913 79.3208179473877 69.5943525417431 145.210009672204 116.513691711426 0 75.7947684484171 148.51057434082 183.587411880493 199.626444498698 127.372193793289 103.366600632668 104.174203851644 84.6406677905842 97.2047505165214 185.625285366125 189.095265927522 185.223162137545 171.396253662109 137.133601897353 160.847717666626 173.994148703182 173.126937866211 23.6872223647081 66.3634248915173 81.8052382737063 77.8249843403444 66.6331320332957 169.310183598445 163.375858851842 165.774306557395 163.350987413194 149.513313293457 160.312047835884 156.998975118001 135.228301048279 171.541191101074 137.694512800737 152.318800890887 156.563221401638 0 0 173.097763061523 0 126.931696573893 234.771011352539 175.645030975342 196.967391967773 152.10945892334 183.204650878906 201.835372924805 180.135818481445 200.136421203613 0 0 0 0 0 168.393053556743 148.627990722656 145.90882070441 156.66880931025 167.928779602051 170.545079231262 0 0 168.936363687321 169.90192086356 169.356872558594 138.865310668945 0 201.039394378662 187.473251342773 174.20947265625 185.953923543294 0 154.561986650739 197.911552429199 0 205.213836669922 228.305931091309 194.069357299805 0 221.22257232666 197.897354125977 217.904155731201 0 0 213.120112101237 191.426934136285 0 172.649079542894 149.123029855581 0 0 210.197204589844 0 0 188.293395996094 178.792259216309 154.178512573242 0 0 187.956893920898 225.131591796875 231.063095092773 196.797208513532 207.208366394043 146.031569015148 166.058286031087 111.230018615723 148.54850769043 196.870452880859 124.52111188827 0 188.976409912109 229.728607177734 0 202.199676513672 194.403630574544 244.163314819336 159.218479919434 111.219286379607 150.365389506022 178.198034014021 133.371566772461 0 164.944610595703
53.0987198858922 47.6194099012236 33.3127006973714 23.5951845480129 36.8628009572539 18.0148207893046 60.8399572475536 57.4556282430455 81.0903679818818 40.3792102332106 23.4142618185237 32.2833931557585 121.901962280273 115.871348063151 100.262420654297 210.811584472656 100.394902038574 162.973383585612 181.131141662598 94.2595016479492 111.10603120192 109.184317885738 125.574283599854 184.797159830729 121.111366635277 175.2021484375 180.506729125977 150.197158813477 91.2985341389974 51.41120462878 46.746997220231 29.64222020847 61.7065420749515 74.252524469413 0 141.654220581055 82.7296545846122 121.344873127184 133.180502891541 135.60976155599 106.235703608153 141.923827171326 175.366428375244 146.568307876587 243.507354736328 222.506915283203 157.925369262695 166.267892020089 161.165710231236 205.120849609375 158.724453645594 187.355307945838 137.829775327212 115.916705586552 147.536050062913 118.277461799415 94.7779938379924 58.6517809173207 0 161.179016113281 164.990331861708 182.902212524414 186.926525115967 186.638572692871 146.843455505371 0 102.564804216226 113.204750061035 149.302199772426 196.181486341688 189.213056291853 61.4636273946081 88.2762022928299 121.165808105469 95.4919761914885 162.814708851002 111.825052642822 193.059188842773 53.6468409052989 0 202.865430391752 158.409843444824 142.684076599369 117.977184678542 117.00387513342 96.8861084502207 147.833977508545 202.745013377706 200.390135915656 202.877195570204 195.210090391098 150.619437504336 176.259986671242 181.625160522461 187.613853122877 41.7467576593251 69.4493534902508 92.7495028495789 89.5552917686669 108.34977645874 172.084572638665 170.758305867513 172.508323130888 167.696668181851 172.655261569553 166.155803083809 165.875119393332 136.813624752269 166.350576622972 134.352247558184 156.366641845703 165.214243487053 0 190.986923217773 0 0 147.162780761719 182.235771179199 197.778854370117 203.577186584473 186.900093078613 177.256736755371 188.355018615723 181.841328938802 196.724970499674 0 206.615127563477 0 0 217.791168212891 172.610671896019 165.457870483398 157.048680189179 161.957680024296 0 158.857165249911 0 0 173.516198730469 171.005418630747 0 0 0 197.096812892605 191.515493392944 247.527145385742 180.080078125 0 151.892776489258 215.698435465495 0 234.270133972168 227.119598388672 204.513828822545 0 181.6923828125 0 229.244230482313 0 245.259460449219 221.936681574041 198.438227686389 200.00248336792 177.903053037582 145.247004699707 0 197.233520507812 0 0 0 192.752628047292 174.494574469489 167.957130432129 0 0 0 228.282402038574 0 220.881718953451 0 151.384678871401 162.726510342685 140.722612380981 0 181.81689453125 139.137144192782 0 213.257461547852 230.843266805013 188.336660766602 207.533548323835 217.822229003906 190.462997436523 156.828885650635 118.509018531212 169.530470998664 186.822592163086 124.781425476074 0 0
19.6745576563075 55.5778151553101 53.8895074191846 59.6310676628059 49.5109644408056 60.8399572475536 10.7554036302041 17.4033114214247 10.7203683783816 29.4490074950154 59.2510630289714 73.5445709105461 0 141.402964274089 134.070148468018 157.160652160645 133.363816833496 197.082443237305 0 97.2222557067871 124.892946243286 121.041873075524 161.509211222331 0 143.773137410482 0 147.508983612061 131.105529785156 17.4312277174679 32.8607877996233 47.4686642193586 65.4823046366374 100.581545378032 96.993730024858 0 0 194.025352478027 144.115224398099 133.894318262736 149.424430847168 88.7204700427109 126.629180908203 212.304788208008 177.787887573242 0 138.40315246582 123.513450622559 140.164644241333 122.826761245728 130.841033935547 115.867611524794 145.111438057639 71.0585869104327 54.484380313745 86.5839812106774 104.93546295166 104.120096100701 108.696170806885 0 0 146.39506149292 155.232128143311 183.512176513672 129.937591552734 133.076448059082 0 88.7664973465438 190.25602722168 138.344909667969 145.933378714102 147.35454379811 91.0910252332687 121.605186060855 104.84539937973 104.737516937256 147.113373389611 58.3751373291016 0 85.4247179966347 155.953628540039 149.019417898996 146.019077301025 90.0247200643605 72.8498042861432 101.537772943685 111.364992581881 133.757426961263 155.692037582397 158.824230796412 146.893238067627 191.867787679036 104.487719410344 129.735420942307 162.111217498779 157.828695678711 59.6561452021582 25.7021931760001 22.9910123720031 103.875650471654 104.612199147542 162.290223537347 157.607763207477 163.056966681229 166.232411877862 155.10439046224 157.514924860001 161.255065635399 142.89830641313 161.485916137695 129.637661132812 151.246028807105 158.180835309236 0 0 0 217.720733642578 0 0 159.14518737793 176.275405883789 207.378387451172 0 0 176.130462646484 182.729832967122 0 172.261245727539 0 0 218.080459594727 160.308437548186 185.139965057373 151.159687805176 149.641524124146 191.859268188477 156.152221316383 0 0 175.442305534117 150.526016235352 0 0 213.815414428711 170.745788574219 188.386825561523 199.272079467773 0 0 147.597198486328 207.97395324707 167.745071411133 0 0 193.499704996745 0 0 0 214.683300018311 0 0 204.596196492513 188.442851139949 182.059783935547 164.531286239624 139.48905806108 0 0 0 0 0 187.758636474609 168.095559512868 143.453628540039 164.98543548584 0 0 224.758972167969 0 190.92707824707 186.823318481445 142.307579447428 172.015619277954 0 168.127777099609 202.923400878906 126.880574739896 0 0 236.714668273926 215.136177062988 200.875034179688 0 0 151.95560836792 123.118540641589 149.331927490234 172.040320145456 206.848625183105 0 0
13.7262026867058 88.573418208531 17.3598750383167 59.3803295520468 88.813356590271 57.4556282430455 17.4033114214247 8.57831355000365 17.2908456149498 20.1042984266504 50.4959847332256 59.4307888994935 0 0 0 225.900672912598 174.957458496094 195.626239776611 192.641372680664 0 140.637071228027 156.416412353516 159.142974853516 168.90402730306 154.80072479248 0 222.408294677734 177.926254272461 71.0577464295831 63.8460467548694 140.454670992765 116.199296951294 120.652257646833 186.213567097982 0 0 168.931076049805 209.474319458008 224.804069519043 173.226898193359 98.8038362494866 141.08009992327 199.283849080404 200.798095703125 0 195.577936808268 204.652351379395 171.200897216797 158.396189176119 219.650337219238 140.164148569107 161.110599224384 108.174871296559 84.1064760227396 122.72629375847 108.951513163249 136.393646240234 169.129348754883 0 0 174.635368347168 172.908872477214 212.677764892578 0 211.20401763916 0 94.4329315391747 0 198.350578308105 181.293163553874 177.526799982244 81.6685646655513 197.746814182826 75.9776153564453 180.496897379557 190.575626079853 65.2640201023647 0 74.2366730372111 0 184.768684913372 0 121.578327223834 101.087608299445 112.86177790517 124.656282424927 164.463612874349 186.73127922645 188.000268554687 189.639167785645 196.166935511998 128.580985958293 158.136306453396 170.090061187744 177.243324279785 147.622327327728 60.6601371463976 48.4759399050004 131.680060577393 158.527954101562 170.814881727431 159.626324971517 168.501083755493 164.919764150487 148.609124077691 162.637547870015 153.441080322266 135.654965718587 161.017021179199 129.726652083858 151.93462587607 160.683036486308 0 0 0 0 0 157.928131103516 0 0 239.20036315918 0 0 191.331008911133 168.111122131348 0 150.536193847656 0 0 0 159.351521712083 162.699981689453 158.506187656948 145.917747679211 0 154.494871139526 159.964645385742 0 160.359451675415 177.087745666504 0 203.561340332031 0 176.942667643229 167.926383972168 0 0 0 163.516418457031 194.062118530273 0 224.332824707031 0 193.859102521624 0 203.357147216797 0 215.647678375244 0 0 205.600339253743 190.708611739309 186.775670369466 171.273653666178 147.493763170744 0 0 230.913177490234 222.977523803711 0 187.740362167358 162.689826965332 136.767703586155 0 0 0 229.901730855306 245.078910827637 217.961959838867 0 136.694315523715 171.970292568207 65.7031707763672 0 230.502914428711 125.230077009935 0 0 236.380661010742 201.775657653809 199.807016499837 214.172065734863 0 149.055611610413 114.707899698397 180.500625610352 179.303683689662 167.970153808594 0 0
70.8182960006426 84.8808670043945 70.932105737574 81.6450023651123 71.6770741389348 81.0903679818818 10.7203683783816 17.2908456149498 7.20914603776625 24.1131377910909 57.541931110424 76.9321079321548 76.989315032959 0 0 0 0 0 194.967788696289 0 104.845416477748 110.724673800998 115.76847076416 0 123.053077697754 243.111068725586 0 0 98.7120912725275 79.3588022867839 72.9066753387451 78.2085356712341 70.7649775324641 98.8959350585938 0 0 0 157.922870635986 0 0 120.956323242187 0 0 146.647758483887 113.271853591457 163.89045715332 0 128.917953491211 169.793319702148 113.102495448796 169.694931030273 163.123427779586 52.2947150280601 110.978809009899 141.100372314453 0 108.384432474772 133.657669067383 0 0 194.080787658691 141.312438964844 137.795120239258 0 195.324661254883 79.7403692765669 97.1200180053711 0 181.592620849609 187.002288818359 156.113586425781 60.5699553835219 118.641857910156 45.2117676734924 91.6168106079102 0 54.6905508810474 48.349967956543 69.3677134818219 135.116362179027 164.792957632882 127.862846017998 148.965082804362 131.706146240234 133.788457598005 120.874181747437 0 151.088159659249 142.096816580636 127.99624573024 134.599819761334 141.082727050781 156.654205322266 170.272705078125 154.796997070312 79.1522568066915 11.6280025436765 14.1549357617211 91.7724609375 136.64958190918 154.294563293457 174.113311767578 154.161712646484 159.758354187012 171.765289306641 138.566533406576 158.44575881958 117.141288757324 134.87223815918 124.121286392212 132.133575439453 166.592668151855 0 0 112.366096496582 0 0 0 0 124.819404602051 0 0 0 134.785049438477 0 0 0 0 0 0 155.414852489125 0 149.292845153809 147.999909834428 0 129.411531066895 0 0 134.874640328544 177.92724609375 0 0 0 182.046854654948 150.973592758179 0 168.781473795573 0 140.820865631104 188.636859893799 0 0 197.146095275879 178.65559387207 0 163.834564208984 0 218.364326477051 237.896072387695 216.576517740885 209.014083862305 159.610046386719 0 172.59477742513 129.975618362427 0 157.206893920898 0 0 110.90852355957 163.714093017578 159.537868499756 144.918746948242 0 161.23070526123 153.502319335938 245.990875244141 231.69416809082 165.228650093079 151.740808105469 124.00526562859 139.394432067871 70.7260513305664 0 150.774353027344 77.1037040710449 242.62287902832 129.992567698161 207.046687406652 0 183.950378417969 187.969385056269 0 125.446568806966 126.459354400635 0 160.092704772949 120.622299194336 0 0
47.7314278125763 65.9057922641726 22.080289046288 54.8520059585571 86.9888284634321 40.3792102332106 29.4490074950154 20.1042984266504 24.1131377910909 12.2517791069986 21.5554418149862 24.7397197347043 88.5732841491699 0 0 218.658126831055 182.610389709473 198.115224202474 0 0 105.151932852609 100.302322181495 98.5189037322998 160.354934692383 104.505862553914 0 0 0 85.7256861034192 82.7623331650444 141.867054409451 52.645032564799 59.2223638693492 147.325778198242 0 0 0 170.97969193892 155.677597045898 0 103.533676011222 118.024269104004 0 123.864186604818 102.774953842163 218.101867675781 0 163.688435872396 154.946894327799 118.845275115967 140.46469279698 172.10247929891 102.16015784854 95.1305066367794 129.80093869296 119.617514038086 113.444064090126 239.891677856445 0 162.451507568359 197.146069844564 167.950759887695 0 0 161.362411499023 81.8033011941349 101.993997976814 187.533009847005 200.987121582031 182.092233831232 175.846730041504 40.6529340366422 117.186503242044 43.8812631850547 91.9035458564758 182.064905802409 23.4352433824094 57.1313171386719 48.9156126839774 151.238274383545 181.303453545821 125.928661439477 131.028641087668 112.813657686308 110.418017049474 100.641321987576 185.120616367885 174.904002598354 188.888568584736 140.219372164819 175.670627593994 135.021913163205 166.053635627993 181.845486450195 201.975090026855 103.196739514669 17.6251498213354 50.3225751458145 102.089651561919 187.094970703125 148.758303358065 143.872871605126 150.83193851989 137.015302836601 165.690659956499 137.252813217036 138.640700234307 93.540838394165 135.656781595649 101.344533290419 125.10478125292 137.539862745721 0 0 107.853042602539 0 0 183.127746582031 167.285171508789 169.025531768799 197.173858642578 0 0 181.291300455729 144.244117736816 0 193.539840698242 0 0 0 152.215890571253 126.120245361328 134.640702432661 142.004891841783 225.103523254395 129.880238577036 0 0 135.658597206583 193.208254496257 0 139.200744628906 0 175.224776268005 153.36559677124 198.01725769043 0 0 0 171.068572998047 0 0 226.416534423828 192.176088773287 0 188.443550109863 0 207.298425674438 0 235.510627746582 197.021343231201 177.839322090149 149.7848777771 161.295338221959 127.945056526028 0 223.138977050781 0 0 0 170.028179070888 152.313360272032 136.220206124442 0 0 0 220.55033493042 0 163.44792175293 168.650024414062 123.341739501953 118.708442577417 42.2675266265869 211.221488952637 163.729125976562 100.524878263474 0 0 204.882633209229 181.416351318359 194.549536075232 222.471776326497 230.576599121094 139.922172376845 85.8253930821138 150.539234343029 172.324511775264 141.270154680525 0 134.85498046875
66.8812857983159 78.0229840596517 68.8352453443739 60.5932106018066 55.5995913687206 23.4142618185237 59.2510630289714 50.4959847332256 57.541931110424 21.5554418149862 10.9505959699076 20.5779812787191 0 0 116.267433166504 0 0 212.736785888672 0 0 111.089297126321 101.356029510498 83.4953002929688 0 105.470283508301 0 0 0 95.4895987912833 61.0318371909005 86.9755369822184 19.6951540390044 53.1337779974326 111.680139541626 0 0 0 133.259963989258 0 0 104.598485807093 0 0 170.712116241455 0 109.658203125 120.125679016113 198.754877726237 206.268493652344 235.468826293945 174.196408081055 190.623153686523 105.226679801941 110.775614345775 148.081108940972 116.278911590576 93.3049624760946 83.799633026123 0 0 177.159801483154 0 232.258712768555 0 210.484268188477 0 95.0043166404547 0 0 231.929565429688 184.956848144531 25.1960699159796 88.254872639974 0 0 136.397613525391 12.4985695343751 0 29.1203819657743 0 200.722742716471 204.1845703125 138.792053824977 117.47376788104 118.64801413114 98.5863961612477 0 182.11604309082 0 0 156.838996887207 147.380243089464 173.264005388532 151.176986694336 168.706130981445 42.1182136336962 20.455239948431 71.4222690670989 101.551336115057 65.7656860351562 158.031411912706 153.050654820033 155.240457422593 152.438119358487 162.695805867513 149.797915188771 148.031874338786 109.894567547422 153.41088104248 118.921124189328 139.834185750861 152.480785696847 0 0 0 0 0 0 0 0 0 0 0 150.151245117188 168.231480916341 0 0 0 0 0 159.793362087674 139.75382232666 139.458611708421 138.465356445312 172.841278076172 149.856013706752 0 0 188.234323120117 231.650817871094 0 178.05827331543 0 192.172294616699 152.983848571777 0 0 0 0 0 0 0 0 197.98607635498 0 0 0 190.50456237793 0 0 199.960535685221 184.864396528764 207.049522399902 174.461761474609 133.408659617106 0 170.517196655273 0 0 0 185.437147352431 178.028938293457 169.123306274414 0 0 0 0 0 192.337387084961 0 132.58450491769 135.316736602783 0 198.031463623047 0 120.838045756022 0 0 229.785537719727 0 193.4577091762 234.525909423828 223.56672668457 154.089697265625 100.455978549257 164.222023010254 148.612678527832 142.922409057617 0 0
65.3215277888517 59.8087325988919 21.6209368570002 29.3955120187906 62.8080403594821 32.2833931557585 73.5445709105461 59.4307888994935 76.9321079321548 24.7397197347043 20.5779812787191 16.2031719742032 0 0 115.313020706177 185.958122253418 135.526240030924 177.362538424405 178.140838623047 95.0732803344727 121.281340996424 114.089264172466 134.179873657227 194.574984232585 114.99333190918 0 211.176933288574 135.011825561523 103.968241403042 71.2846544065152 78.3689882040024 28.4741884973731 31.3428538209914 89.1208872190663 138.802627563477 0 149.362152523465 134.166922533954 139.247758483887 149.017987569173 115.784970112889 162.323169708252 203.392749786377 79.1785424550374 168.300481796265 160.732837677002 135.423704147339 181.892378997803 166.391327430462 151.591423034668 168.344483375549 198.865233788124 146.524517604283 126.516552073844 159.512773132324 127.338814445164 104.37991512183 82.5039754300504 0 103.146430969238 174.147629292806 200.887138366699 179.726119995117 154.255340576172 175.185684204102 0 111.600258996116 118.743309020996 143.295959472656 199.762465667725 199.904510498047 38.9098845892048 68.211296225703 99.8092454274495 94.8866246541341 188.593933908563 76.0243033515083 0 36.6625905655858 0 210.277111380441 180.287708282471 154.183467281108 131.78872645985 130.288404832193 106.668526936162 136.947217207689 211.371530777369 206.177798727284 207.644816589355 190.832656860352 159.459059111926 189.722697350287 201.885696411133 198.869828168084 56.8313698948041 57.9329283563029 91.6882130750227 102.723010332156 134.92243680087 177.697084212226 174.027042852384 174.108724033797 171.346531840204 183.178482581829 169.294634721315 169.300980648148 126.54919980299 120.924664148866 135.308846791585 158.605610148112 168.457557742515 0 0 229.921607971191 0 0 209.598922729492 180.729085286458 172.767956542969 171.62333984375 188.314300537109 215.520156860352 187.525604248047 169.429194132487 160.585433959961 0 0 0 0 173.017360398264 195.939575195312 163.091464176884 163.606809147069 172.769414265951 157.790531116528 0 0 174.151433372498 164.353856404622 0 168.059432983398 246.616607666016 200.17567225865 192.052973066057 241.487380981445 239.080795288086 0 155.16900177002 197.868352254232 0 238.514205932617 0 211.086754935128 233.059219360352 206.40358988444 0 225.810770135177 0 0 220.100476315147 203.733731079102 205.368202209473 179.581092446537 154.90095941644 217.025482177734 207.922512054443 0 206.039199829102 155.728744506836 193.820005992102 176.199120448186 168.516181945801 0 0 224.083185831706 236.915850321452 230.815353393555 211.010258992513 221.851306915283 153.378444295941 163.460058031584 154.034841537476 239.445259094238 247.87419128418 141.752921116205 232.535179138184 0 0 216.810626983643 215.84265402089 224.295642852783 246.29647064209 164.004738414989 117.092935847397 186.387524850028 195.227053397042 185.001849365234 0 161.789825439453
0 0 0 211.406387329102 0 121.901962280273 0 0 76.989315032959 88.5732841491699 0 0 10.1902814349987 143.585056304932 162.786376953125 120.335309709821 55.8362038832444 23.9454610424133 29.0294305908613 60.009490331014 0 171.397705078125 87.5548343658447 78.2226140340169 0 115.646133422852 74.8199512876313 65.117098666252 179.949740600586 0 0 91.9570198059082 91.8134368896484 130.374160766602 86.977783203125 0 83.1309483846029 70.1598264906142 72.7541028169485 128.438095092773 77.4315265019735 59.8762711611661 72.9431655239052 28.3277155000323 22.7867253434877 18.5648220277389 118.809391021729 80.6143387688531 86.8381383260091 55.8152355649578 0 118.519645690918 0 0 90.497142791748 0 127.657329559326 0 0 0 69.9235848486423 107.816643397013 69.2970141360634 58.3537342722823 62.5658317912709 24.9749859957069 151.082683563232 159.487426757812 66.6894891428393 142.601844787598 94.9766704014369 85.1197994066321 75.6368603807815 29.7743954117765 109.772794087728 102.328377587455 83.8541752741887 31.9041487943558 76.7725586582772 106.884994506836 119.907825946808 91.4439068962546 0 0 0 0 0 106.050154339183 87.9737976074219 60.3822494751127 58.4431177182631 96.0960336685181 138.021408081055 128.122683438388 91.4753159743089 122.029182434082 87.6431952582465 0 152.75415802002 0 0 171.950546264648 0 0 0 182.363815307617 0 172.697311401367 0 0 0 171.80842590332 124.607429504395 98.6282446445563 73.9092362864197 134.048379516602 121.916679382324 105.341742451986 155.075808207194 86.8309372572391 134.582957768844 101.880861065604 136.045266584917 177.2470703125 0 162.037857055664 0 101.151107788086 0 100.347454991834 177.043060302734 146.869569778442 161.879898071289 172.734817504883 126.903860473633 157.051191329956 0 113.452690124512 150.584064795046 139.740803159516 84.6090707113576 144.477470397949 92.3778049843738 104.805605316162 225.861862182617 110.759415259728 67.3381472493618 66.0205196467313 106.763211212158 88.0039313438628 147.47162437439 144.753751118978 135.837020874023 138.004861831665 123.160350799561 93.266367594401 0 0 190.417251586914 163.943450927734 233.857147216797 190.264831542969 210.565170288086 197.341084798177 148.074966430664 114.963584899902 80.7617444992065 104.420137454302 88.9399426778158 39.2388791804649 188.488660812378 179.043259470086 157.687265396118 140.191387176514 132.73104429245 88.8956628454191 147.301357269287 155.71934000651 91.5356365288629 89.6737214660644 160.326089477539 136.798154494342 104.109170277913 148.62860361735 90.017239219264 142.824225107829 142.420344034831 58.747262730318 142.149823760986 174.338785807292 179.291240692139 118.310006141663 134.995529810588 165.680004119873 145.213199615479 0 190.333592732747 151.947311401367 161.09065246582 174.646621704102
175.076278686523 209.201797485352 0 0 104.053382873535 115.871348063151 141.402964274089 0 0 0 0 0 143.585056304932 10.8829805253438 15.1162323786017 44.2002545613429 21.0299252826262 96.2815228676309 88.4289810759196 42.5739604487564 92.5028972625732 115.410658942329 46.0282309896397 77.7228331164779 100.123462677002 95.8868135724749 34.5242268949243 25.6515697231293 104.187809812106 104.455506090848 89.3244279649523 98.7373580932617 95.2723002963596 70.9146730284028 28.7743766027054 17.4857086989418 31.9256669658047 73.4872285402738 71.7101813620709 71.626943482293 74.3500305352752 71.464934307596 94.6928446900611 72.7264709472656 84.4914855957031 113.269328308105 48.6718730504863 91.5116897090789 92.0974798202515 0 170.411315917969 0 174.579849243164 128.075313792509 0 100.589653015137 95.1295314788818 62.130940085191 50.5784892089684 43.5675800408343 87.2949883143107 116.736444745745 80.2088573766097 67.5751034565052 65.6308042213275 88.6439743041992 105.627953665597 67.4531755685191 74.4638454373143 144.227180480957 129.930393218994 226.565826416016 121.281767527262 0 74.7517417848226 118.916636943817 0 74.5984802246094 195.687993367513 0 186.985778808594 0 145.63796043396 132.317096710205 141.126260930842 101.703676859538 71.8627438049316 168.112463378906 145.937641906738 221.50065612793 131.109417385525 118.230613708496 124.462442016602 114.628017425537 100.348272479948 83.8567549606849 133.996520996094 173.020721435547 126.039575576782 87.4697030385335 0 0 0 0 0 0 0 0 0 0 203.808395385742 0 118.295314788818 123.305632019043 113.38930452787 109.483923912048 0 117.112361418895 122.260745161671 121.772567980217 129.569979516145 121.64589144563 119.901811387804 0 132.194686889648 0 0 0 0 131.832374572754 0 0 0 139.169769287109 0 130.03825378418 121.154494149344 0 134.628924353648 131.931683476766 0 123.836980183919 134.267578125 0 0 156.698501586914 124.196571350098 99.6388320922852 107.857766329858 144.374521043566 197.89729309082 0 169.757537841797 0 0 0 0 0 0 0 0 0 0 0 0 128.845962524414 149.791687011719 168.121929931641 127.876930236816 119.233558654785 0 166.847351074219 0 0 200.178291320801 0 0 0 147.524551391602 174.060028076172 138.241577148438 130.746389215643 79.7458759307861 157.220001220703 157.682670593262 131.739703369141 0 0 202.025177001953 0 0 200.164035797119 0 0 0 0 0 0 0 0
199.982604980469 212.222640991211 217.936836242676 0 110.880181884766 100.262420654297 134.070148468018 0 0 0 116.267433166504 115.313020706177 162.786376953125 15.1162323786017 9.18488763587155 25.6696664990411 24.2399504769031 42.2839768114249 83.8037533643769 20.0916696330208 76.2614508542148 90.099744271541 47.417869243393 86.3161856134733 84.8853041330973 73.0021736838601 26.163172824341 22.1031709930712 105.40071776673 103.721894445498 87.5143104693212 77.3230406443278 94.4399501576143 70.1555961996822 41.1763922038831 28.2995636079195 47.5839665573062 76.6087849801328 55.6315393637898 69.3027428412924 70.3744876008629 70.2808606102353 92.5447132440261 81.9706242879232 103.610806274414 113.267646026611 56.482787490965 90.7470135688782 90.0743522644043 193.175453186035 143.810611724854 0 158.235645294189 134.929325601329 103.546032496861 109.847812652588 93.3668299332041 61.8823364164582 53.8864493402406 44.143997293098 84.1871843995719 109.03818699099 82.701735887772 70.6843698435816 62.7554309160085 0 118.212150313637 69.4578342383788 69.6433054800252 145.845697101794 119.413890293666 0 139.121813774109 57.8579006195068 74.4276037868065 94.8506532396589 0 0 157.837598800659 0 196.054556710379 0 149.595699016864 134.668904044411 133.840627770675 113.095963372125 72.7519679123096 142.961381530762 148.732268700233 148.393964767456 129.532883071899 112.618852853775 121.579599380493 128.511915535762 99.9553235371908 88.2034437717536 204.875045776367 0 107.778975637336 85.129703704834 0 0 0 0 181.946441650391 0 0 0 0 0 0 0 118.638637889515 144.759587605794 109.575880050659 121.530424753825 123.181716918945 122.414616492487 122.84041595459 124.291675876927 127.185921875 126.770007737186 126.942119653674 125.911531448364 125.807418823242 150.727279663086 108.023195902507 169.883674621582 129.184753417969 129.565120697021 169.98254776001 0 0 145.164637247721 0 159.648487636021 120.681736755371 127.415752410889 137.553217206682 131.525109838267 113.687828063965 122.034340643114 122.518826802572 0 141.971806844076 191.434575398763 158.422866821289 0 110.840320152572 135.432486283152 172.97415415446 176.220916748047 0 155.193176269531 0 134.105781555176 0 0 0 0 178.187225341797 0 0 0 234.117309570312 125.452488708496 125.545874786377 160.897211710612 0 0 190.495162963867 0 222.397201538086 0 168.439758300781 157.952318827311 0 0 193.537191772461 143.284317016602 146.730937957764 122.505983140734 79.899821472168 144.358309936523 0 108.673390037135 0 199.735443115234 0 0 184.315170288086 162.260499136788 170.518013000488 145.871719360352 118.486419677734 0 153.410349527995 131.588432312012 142.640151977539 124.671909332275
