36485 7612 18099 8525 739 2965 5484 8009 16 2506 28 403 0 0 0 1 0 1 0 1 85 30 1 4 11 0 1 0 3115 12576 54 67 46 27 1 2 1 8 3 2 790 9 6 7 4 1 5 12 30 8 92 137 687 502 110 180 33 13 0 1 13 16 25 2 4 5 277 2 5 29 62 42 35 24 20 13 30 1 12 18 200 12 594 332 587 152 3 68 42 5 25 253 153 32 26 69 28 1504 30 12 4 2 7 11 2 42 1 2 1 12 24 23 0 0 0 1 2 0 0 0 2 0 0 4 1 0 0 0 0 0 1 0 8 21 1 3 0 1 5 5 1 0 0 3 11 0 1 0 8 3 0 0 1 1 0 2 0 0 4 0 4 3 1 1 0 0 1 0 2 1 5 3 0 0 0 2 1 1 3 1 35 21 7 0 0 41 2 1 12 1 6 1 1 3 22 3 7 2 0 0
7612 10321 3212 11073 4212 3063 102 76 2 23 10 104 0 0 0 0 0 0 0 0 28 3 0 1 4 0 0 0 123 3083 278 31 23 3 0 0 0 1 1 0 181 1 1 1 1 0 0 2 4 3 6 14 68 47 16 25 11 3 0 0 0 3 3 0 0 0 64 2 2 2 9 20 9 9 7 0 18 0 10 0 21 0 63 51 141 38 5 6 4 2 1 18 19 0 4 12 20 56 6 5 2 1 12 6 1 24 0 1 1 5 13 22 0 0 0 0 0 0 0 0 0 0 0 2 1 1 2 0 0 0 5 0 7 15 1 3 0 0 3 6 0 2 0 0 7 0 0 0 3 0 0 0 0 0 0 1 0 0 0 0 2 3 1 0 2 0 0 0 0 0 6 3 0 0 0 0 0 0 0 0 30 10 2 0 0 20 1 0 1 0 3 1 0 0 19 5 6 1 0 0
18099 3212 22734 9926 69 1480 237 5524 64 6385 113 13511 1 0 2 4 2 2 0 3 104 41 4 3 14 0 1 2 380 479 20 119 199 40 1 0 8 20 3 1 619 5 8 3 4 4 5 6 13 10 51 66 216 202 51 109 24 45 1 0 3 9 8 2 2 2 272 6 5 22 36 254 72 84 48 14 166 2 71 5 107 16 279 244 600 164 4 46 21 5 19 136 78 16 14 90 280 310 21 11 29 10 191 117 33 408 3 11 54 95 226 232 0 0 0 0 2 0 0 0 1 0 1 22 2 7 2 1 0 0 18 2 116 164 1 32 0 0 34 18 0 0 0 19 48 0 1 0 24 5 0 3 4 14 1 3 1 1 1 1 22 20 9 13 6 1 0 0 0 1 41 19 2 0 0 0 1 2 1 0 255 115 25 2 0 297 5 1 11 6 40 0 1 17 183 40 36 18 0 0
8525 11073 9926 24946 4048 14534 169 166 48 570 47 991 0 1 0 0 2 1 2 2 149 50 3 0 14 0 2 0 269 2539 125 104 132 32 0 1 3 17 0 0 530 4 8 3 2 1 5 10 12 1 36 40 127 151 30 63 30 33 0 1 3 9 4 2 0 0 254 4 3 11 29 185 68 76 38 10 129 2 63 5 71 5 190 221 670 257 7 24 14 3 8 76 57 13 13 59 262 170 36 6 36 8 172 135 30 447 3 16 39 84 244 286 0 0 0 1 0 1 0 0 2 1 1 26 1 8 5 0 0 0 15 3 114 152 8 37 0 0 38 17 1 1 0 9 52 1 2 0 16 2 1 2 2 13 1 0 0 1 0 2 20 19 10 14 13 1 2 0 1 0 29 12 2 2 0 1 1 0 6 0 284 108 22 1 1 286 0 0 5 8 23 2 1 13 198 27 22 9 0 0
739 4212 69 4048 22649 12486 1223 192 9 91 19 323 3 63 93 8 7 7 10 17 533 356 71 22 109 6 25 32 4361 7187 15868 946 623 323 10 15 21 106 17 14 1268 17 75 11 12 5 63 160 42 3 80 83 638 679 83 221 2620 232 4 10 37 154 392 58 88 4 1001 17 280 83 88 179 274 29 365 109 23 2 28 9 155 15 564 605 1492 685 45 62 45 8 92 218 105 31 120 5580 24 1953 180 42 1 0 5 9 4 17 0 0 1 2 8 20 2 2 1 3 10 2 3 3 2 2 6 11 1 2 10 1 1 1 0 0 14 26 1 10 1 7 31 45 2 11 2 3 16 1 5 0 52 13 0 1 2 3 0 1 1 2 1 2 5 4 1 1 3 2 4 2 3 3 3 6 0 0 5 6 0 2 35 4 32 38 19 0 11 51 4 1 9 1 7 7 7 0 16 5 6 2 0 0
2965 3063 1480 14534 12486 15839 857 452 103 815 283 13397 4 6 17 1 7 3 7 8 569 313 51 10 78 1 3 5 819 4230 467 7340 3435 207 2 2 8 109 5 10 1176 5 31 21 7 10 23 55 13 6 44 68 328 282 54 130 61 84 2 2 20 50 67 8 21 2 558 6 121 39 56 628 387 110 118 73 224 3 122 1 93 9 381 450 1342 592 24 32 24 7 73 140 61 23 49 906 599 545 171 24 55 12 155 166 53 501 2 16 62 111 242 345 1 1 4 1 6 7 0 6 17 4 7 33 2 6 17 1 0 1 17 1 169 218 12 40 4 2 63 42 1 15 0 23 67 1 5 0 79 7 0 2 1 10 0 3 2 4 1 2 28 34 18 14 18 1 2 5 5 1 31 15 0 2 1 5 2 1 11 1 372 145 49 2 7 341 3 1 5 1 36 3 3 10 247 37 23 14 0 0
5484 102 237 169 1223 857 6137 4600 1095 1335 99 283 1 3 12 4 1 0 0 0 45 49 7 5 8 1 5 3 1168 2207 375 128 119 28 1 1 13 35 3 1 106 2 12 2 6 4 6 26 4 3 34 37 576 291 83 47 27 15 0 1 8 22 49 12 7 1 54 2 33 10 10 209 75 37 28 9 123 0 28 6 44 5 248 63 102 34 6 18 12 3 10 79 25 4 7 274 1484 3046 18 6 4 2 5 6 3 8 1 0 2 4 6 21 0 0 0 0 1 1 0 0 4 2 0 2 0 1 4 0 0 0 3 0 9 17 1 6 1 0 16 19 0 1 0 1 5 0 2 0 31 0 0 1 0 1 0 0 0 0 0 1 5 9 5 0 3 0 0 0 1 1 6 1 0 1 0 2 2 0 3 2 19 23 7 0 2 45 1 0 3 3 8 2 3 5 9 1 8 3 0 0
8009 76 5524 166 192 452 4600 16671 887 25688 1768 1539 0 1 1 2 0 0 0 0 13 11 1 4 4 1 0 1 205 785 19 50 22 7 0 0 2 6 2 3 142 6 2 3 1 0 1 12 15 6 65 80 477 312 114 67 5 0 0 1 1 8 8 1 0 1 97 2 4 20 25 34 20 11 11 5 4 1 9 7 93 7 330 110 146 35 3 36 27 4 11 142 91 8 16 29 105 1015 10 3 1 0 8 6 2 23 0 1 1 1 14 7 0 0 0 0 0 0 0 1 0 1 0 1 0 0 2 0 0 0 0 0 5 8 1 4 0 0 5 3 0 0 0 1 3 0 1 0 0 0 0 2 2 0 0 1 0 1 0 3 1 2 0 0 2 0 0 0 0 0 2 1 0 0 0 0 1 1 1 0 8 10 2 0 2 11 4 0 7 0 2 0 3 1 9 0 1 1 1 0
16 2 64 48 9 103 1095 887 791 2299 175 403 36 0 0 0 0 3 1 0 12 13 0 1 3 0 0 0 12 13 4 31 151 1 0 0 0 1 0 1 14 1 0 2 22 35 0 1 0 9 9 10 178 35 24 5 2 1 0 0 3 1 2 1 1 9 5 0 0 2 2 747 11 58 0 0 477 15 27 4 4 7 30 4 13 5 1 14 9 16 19 12 6 0 2 8 5879 1916 2 1 2 1 2 2 1 11 0 2 0 2 6 6 0 0 1 0 0 0 0 0 1 11 1 1 0 0 0 0 0 0 0 0 2 5 0 4 0 0 4 0 0 0 0 0 0 0 1 0 3 1 0 0 1 1 0 2 0 0 0 0 3 1 0 0 0 2 0 1 1 2 4 0 0 0 0 3 1 0 8 3 8 6 6 0 2 16 0 0 1 0 1 1 0 0 5 1 1 0 0 0
2506 23 6385 570 91 815 1335 25688 2299 25462 25726 25860 1 0 1 1 1 1 1 0 34 24 6 2 14 1 0 5 247 117 33 59 170 18 0 1 4 15 2 0 329 8 5 4 7 4 4 11 24 8 107 110 818 444 144 114 20 9 0 1 5 17 9 2 3 4 201 0 10 22 41 1176 57 108 32 12 126 0 45 14 160 22 552 224 314 59 14 76 28 7 14 222 115 26 12 43 2390 1693 19 11 56 8 244 196 33 749 11 61 171 256 395 306 0 0 2 1 0 0 0 0 3 1 0 8 0 1 0 0 0 0 9 0 64 100 4 19 0 0 13 6 0 3 0 5 22 2 5 0 14 10 1 4 0 4 0 1 2 2 5 3 8 10 4 8 9 0 0 0 1 1 15 13 1 1 0 1 1 3 14 1 221 39 69 1 2 255 1 1 12 8 12 5 1 8 293 19 14 3 0 0
28 10 113 47 19 283 99 1768 175 25726 6871 15861 0 0 1 0 0 0 1 0 29 9 0 1 3 0 1 0 26 22 6 23 80 2 0 0 0 5 0 0 115 2 2 2 0 2 2 0 3 1 12 26 110 71 23 29 2 6 0 0 0 2 2 0 0 0 44 0 0 6 11 2752 10 54 9 2 70 0 16 1 31 1 100 39 75 20 1 5 6 0 2 53 27 4 3 7 1109 142 4 2 26 11 87 101 35 340 2 8 28 77 176 187 0 0 0 0 0 0 0 0 0 0 0 8 0 2 2 0 0 1 9 0 53 63 1 14 0 0 10 2 0 0 0 1 18 0 0 0 4 0 0 0 0 5 0 0 2 0 1 0 7 7 7 9 3 1 0 0 0 0 10 7 2 0 0 1 1 0 2 1 164 29 15 1 1 128 0 0 2 4 9 2 2 5 159 15 9 7 0 0
403 104 13511 991 323 13397 283 1539 403 25860 15861 45805 6 0 5 0 3 2 4 6 344 176 19 2 51 0 2 0 158 410 45 1588 5088 35 1 0 4 42 0 5 664 4 13 22 4 11 6 18 9 4 24 50 234 174 48 61 14 34 0 1 6 15 11 1 3 2 254 2 30 20 28 2133 211 186 34 26 290 4 122 6 63 7 224 197 560 268 9 33 12 3 22 90 39 10 10 133 2740 355 90 11 92 32 391 364 95 1251 14 32 237 267 672 784 0 0 3 3 8 2 4 1 8 3 6 55 1 7 15 0 0 0 47 1 326 430 4 62 2 3 51 42 2 11 1 22 100 0 7 0 62 6 0 0 1 29 0 2 4 4 1 1 44 43 21 20 31 5 0 0 2 1 53 31 3 1 0 5 0 0 12 1 789 229 74 0 1 664 2 1 6 9 52 5 1 23 585 74 44 29 0 0
0 0 1 0 3 4 1 0 36 1 0 6 3788 1 4 16 10 679 1493 156 5 4 5 5 2 1 30 12 2 0 0 11 21 0 0 0 0 254 17 1 21 3 14 5581 2100 3482 0 4 13 214 19 25 12 5 4 1 1 0 0 1 278 10 14 29 28 301 4 1 11 8 11 114 273 835 0 13 722 413 825 88 53 181 2 2 3 2 0 317 94 202 170 9 3 2 26 3 306 51 0 0 1 0 2 2 0 17 0 1 1 7 5 2 1 8 612 2 4 25 1 618 71 1062 77 1 0 3 3 1 1 44 0 0 5 1 0 0 2 1 10 44 68 2 53 1 2 7 57 107 99 1516 0 12 17 0 2 15 3 1 5 3 2 0 0 1 7 4 60 49 8 225 1 2 0 1 4 81 4 13 189 8 6 10 389 1 36 14 4 7 42 1 2 28 19 1 5 2 2 0 0 0
0 0 0 1 63 6 3 1 0 0 0 0 1 4666 7741 69 89 48 6 23 28 23 131 249 20 27 2432 1222 58 19 106 5 34 442 7855 3489 1037 129 32 446 258 16 142 22 1 9 472 8 12 0 0 3 9 10 3 2 65 397 235 1351 21 13 241 212 83 1 51 53 38 5 2 0 4 4 254 8 0 2 1 0 1 1 11 5 12 8 23 0 2 1 10 10 2 4 32 256 1 27 5 5 0 0 0 0 0 0 0 0 0 0 0 0 4 6 3 15 10 31 1 4 20 32 31 0 0 1 1 1 1 12 0 0 0 1 0 1 5 13 4 35 0 6 0 1 0 4 1 0 35 10 0 0 0 0 0 1 0 0 0 0 0 1 0 0 0 3 0 0 0 1 1 0 0 0 0 2 0 0 0 1 0 3 17 0 0 11 0 0 1 0 1 0 1 0 0 0 0 0 0 0
0 0 2 0 93 17 12 1 0 1 1 5 4 7741 27083 3110 2280 4220 59 1058 114 87 692 351 39 162 2393 5171 62 13 115 27 135 704 1592 1210 1937 586 748 241 1464 80 162 39 8 9 301 47 74 3 3 0 13 15 10 12 66 447 139 740 123 35 503 248 406 4 54 36 725 20 11 3 23 12 365 110 2 11 11 3 3 1 22 12 38 13 16 7 12 4 48 43 2 10 53 360 0 31 7 7 0 0 0 0 0 0 0 0 0 0 0 0 13 13 13 38 20 37 13 16 59 52 57 3 0 2 14 5 13 17 0 1 0 6 0 0 26 15 13 67 15 37 12 0 5 6 4 1 104 55 1 0 2 1 0 1 0 0 0 0 0 0 0 1 0 3 5 15 1 1 1 4 0 0 0 6 0 1 8 1 3 19 18 0 5 28 0 1 1 0 0 3 3 0 0 0 0 3 0 1
1 0 4 0 8 1 4 2 0 1 0 0 16 69 3110 15403 10 12338 4591 72 8 21 263 344 8 127 433 8315 5 1 15 1 11 75 18 8 74 51 2503 90 698 102 89 21 10 93 18 18 109 4 8 1 1 0 15 9 4 33 1 94 763 12 22 33 112 2 11 3 319 8 7 1 1 11 30 157 1 7 1 0 11 6 13 1 1 6 1 10 14 4 204 117 4 20 30 36 0 3 3 2 0 0 0 0 0 0 0 0 0 0 0 0 31 58 64 59 15 46 2 83 86 325 66 0 0 8 12 14 11 108 0 0 0 0 0 3 18 16 6 45 27 14 23 3 3 16 4 22 89 123 0 3 2 2 1 5 0 0 2 4 1 0 0 0 0 4 10 15 1 1 1 1 0 0 0 13 4 6 22 1 2 9 68 0 1 42 0 0 16 0 0 7 12 0 0 0 0 1 0 0
0 0 2 2 7 7 1 0 0 1 0 3 10 89 2280 10 1633 95 138 4469 37 100 190 15 35 68 8 4 7 2 8 11 97 88 20 227 797 872 10 58 256 4 12 41 7 87 76 1 2 0 1 0 11 3 2 2 3 48 15 24 157 3 12 4 3 2 8 1 15 4 2 0 16 28 37 32 1 12 13 2 3 0 7 3 8 6 6 4 1 3 88 4 0 0 6 58 1 1 5 2 0 0 0 0 0 0 0 0 0 0 0 1 34 24 8 78 32 53 11 13 104 49 77 8 2 9 53 8 13 28 0 0 2 6 1 2 56 49 31 103 7 55 2 0 5 7 7 5 208 19 5 1 0 1 0 0 0 0 0 1 3 2 1 0 3 11 0 6 0 5 2 4 0 2 0 6 1 0 7 3 5 49 82 0 0 66 0 0 3 0 2 1 1 0 1 0 2 3 0 0
1 0 2 1 7 3 0 0 3 1 0 2 679 48 4220 12338 95 20001 7990 1122 4 21 201 958 16 111 1242 1124 3 4 4 5 43 41 31 4 52 436 6342 121 826 147 398 154 63 5795 18 42 142 17 26 18 0 1 20 14 5 22 5 23 8145 48 39 187 134 19 12 3 689 41 51 3 21 109 13 722 35 18 14 35 130 58 21 1 5 6 1 106 45 23 554 201 39 40 90 25 48 7 3 3 0 1 2 0 0 2 0 1 0 1 2 0 16 208 1366 66 24 228 4 1568 263 3492 256 0 0 7 0 73 8 674 1 2 3 5 3 16 5 14 8 94 810 6 441 8 7 30 35 443 311 3009 1 76 74 3 14 22 3 14 31 60 0 1 1 0 23 7 130 482 72 117 1 5 0 4 13 267 95 131 113 12 0 5 339 0 20 26 41 12 285 0 2 54 151 5 1 0 2 1 2 0
0 0 0 2 10 7 0 0 1 1 1 4 1493 6 59 4591 138 7990 35246 8221 28 102 163 147 50 141 313 32 3 2 3 3 24 5 25 0 10 3474 47 136 259 51 106 1755 359 6534 51 35 92 33 16 12 7 4 6 7 3 6 2 4 1299 31 40 31 22 73 20 0 26 22 49 6 33 773 6 145 23 21 26 14 108 32 8 3 2 8 4 80 93 91 1062 99 26 27 90 10 16 2 7 1 0 1 0 1 0 1 0 3 0 1 1 1 153 407 798 328 88 651 35 1467 787 5804 942 6 2 27 82 83 58 987 1 0 3 24 11 23 128 90 93 442 301 105 101 9 21 49 68 524 1134 1032 4 46 64 8 4 19 5 22 15 46 5 5 1 1 9 21 52 119 38 65 6 9 0 2 14 62 48 93 221 21 12 107 1208 0 39 233 28 10 183 1 4 66 107 1 5 1 5 14 2 2
1 0 3 2 17 8 0 0 0 0 0 6 156 23 1058 72 4469 1122 8221 6839 33 71 297 139 38 241 42 16 9 0 15 19 103 99 27 29 259 3433 39 144 421 48 44 194 46 396 54 8 35 7 2 3 5 3 2 2 5 61 10 30 787 8 17 12 10 13 4 1 34 4 6 5 23 139 46 39 10 12 14 5 9 3 5 1 6 5 3 10 17 7 211 22 5 3 20 59 2 1 1 0 0 0 0 0 0 0 0 0 0 1 0 0 108 125 66 206 59 176 25 100 272 525 246 6 0 20 59 25 49 159 2 0 2 8 4 6 91 91 28 193 34 78 16 7 7 24 11 36 383 145 4 5 5 0 0 4 0 2 1 5 2 2 0 0 3 8 6 15 5 11 1 2 1 0 2 17 8 12 40 5 6 48 282 0 5 119 4 2 28 1 0 8 12 1 0 0 5 5 1 2
85 28 104 149 533 569 45 13 12 34 29 344 5 28 114 8 37 4 28 33 10830 13170 2792 47 563 66 17 25 118 110 187 320 564 658 9 3 240 407 8 97 634 19 48 88 4 7 123 17 17 2 7 6 40 38 15 1735 104 524 9 27 24 12 49 15 14 3 79 97 53 9 6 139 407 92 746 16 189 6 68 0 5 0 153 35 8002 483 90 3 7 3 28 20 8 8 28 785 117 103 685 75 2 2 10 21 2 22 1 1 2 7 12 25 1 1 2 9 21 8 5 2 21 2 13 18 0 3 14 1 1 3 7 0 26 34 6 15 4 4 54 51 2 16 0 4 21 1 2 1 108 5 2 1 0 3 1 0 0 1 0 0 9 10 7 2 8 2 2 0 0 1 20 9 3 0 2 2 1 0 8 0 43 91 28 0 2 165 0 0 1 1 17 1 1 6 23 3 14 3 1 0
30 3 41 50 356 313 49 11 13 24 9 176 4 23 87 21 100 21 102 71 13170 35669 5420 442 10148 768 63 24 189 65 136 289 725 1064 48 8 422 878 19 1249 528 242 441 405 17 23 342 76 399 8 21 20 125 122 20 210 177 823 32 34 51 80 175 42 17 15 316 164 80 162 38 139 605 143 1315 135 164 14 178 4 54 5 224 328 5311 2915 328 27 98 34 188 376 45 171 591 940 100 137 4484 277 2 7 6 7 8 19 0 1 2 2 13 28 7 6 2 12 55 24 8 5 66 12 48 29 2 18 42 2 3 3 5 0 14 57 3 26 20 14 88 200 0 57 3 4 20 4 8 0 287 14 1 1 13 3 1 6 1 0 0 1 23 12 4 0 6 12 3 1 10 2 20 10 2 2 6 9 5 3 62 7 53 128 81 0 21 171 4 2 26 6 12 36 4 7 16 7 14 12 1 1
1 0 4 3 71 51 7 1 0 6 0 19 5 131 692 263 190 201 163 297 2792 5420 7484 3669 1236 6594 407 376 62 12 53 55 275 515 137 34 542 735 193 1644 7996 2497 617 265 17 24 541 55 530 4 12 4 19 31 33 40 31 300 19 69 74 21 41 34 27 9 144 63 72 56 25 27 223 46 250 87 47 27 41 0 14 2 35 26 180 104 65 13 50 25 132 319 23 102 286 192 12 18 145 7 0 1 1 1 1 2 0 1 0 0 1 2 5 7 3 17 22 14 5 1 38 17 43 9 0 3 28 0 6 5 0 0 3 6 0 7 12 17 24 77 1 22 1 0 4 4 2 2 112 18 1 1 9 1 1 5 0 1 0 0 1 1 1 1 2 7 2 2 4 0 6 1 0 0 6 6 0 0 26 4 4 50 27 0 12 40 2 2 10 1 3 17 8 1 1 2 2 1 1 1
4 1 3 0 22 10 5 4 1 2 1 2 5 249 351 344 15 958 147 139 47 442 3669 5302 688 5380 8537 1704 82 13 118 10 14 70 1053 77 80 96 1086 5913 1750 4135 2004 94 18 227 867 22 501 1 16 5 32 39 32 36 92 131 135 170 1524 20 46 527 493 11 395 61 188 35 17 4 27 18 109 75 9 5 16 2 11 4 34 32 40 89 71 19 32 11 323 175 9 54 193 65 7 17 82 80 0 0 0 0 0 0 0 0 0 0 1 0 2 3 28 7 8 17 0 64 24 87 32 2 0 0 4 4 0 9 0 0 0 1 0 2 1 2 6 32 21 1 6 0 0 2 8 2 51 195 0 1 3 1 0 2 0 0 0 1 1 0 1 0 1 0 18 11 1 12 2 0 0 0 0 36 0 3 43 0 1 3 14 0 5 1 1 2 8 0 0 12 6 0 0 0 0 0 0 0
11 4 14 14 109 78 8 4 3 14 3 51 2 20 39 8 35 16 50 38 563 10148 1236 688 12244 2470 101 13 131 21 197 72 139 110 108 13 68 258 15 2733 434 257 703 172 14 16 3482 54 228 11 23 48 245 277 54 66 259 198 85 17 51 84 197 103 14 6 1503 132 36 147 33 33 182 71 296 86 19 12 59 6 60 0 261 418 1010 2138 2889 16 64 23 104 245 41 93 460 271 18 59 4942 865 0 0 0 2 0 0 0 0 1 3 2 8 6 2 1 20 62 15 6 2 47 2 29 20 1 8 35 3 0 1 0 0 9 27 1 14 12 17 75 149 1 34 0 1 7 0 5 0 211 16 0 1 10 2 0 8 0 3 0 1 14 7 1 0 3 3 1 0 7 4 3 1 0 1 2 5 1 4 22 4 13 65 68 0 18 49 1 2 10 2 10 17 5 2 2 0 5 6 0 0
0 0 0 0 6 1 1 1 0 1 0 0 1 27 162 127 68 111 141 241 66 768 6594 5380 2470 1300 753 32 8 0 7 2 11 8 218 6 5 135 32 3552 1598 550 450 147 6 3 1769 8 98 4 1 3 7 7 10 8 12 6 5 6 15 5 15 20 9 5 92 1 5 14 3 3 20 18 4 18 5 18 13 1 3 4 14 11 10 18 20 5 9 2 27 37 3 13 75 7 1 0 20 4 0 0 0 0 0 0 0 0 0 0 0 0 3 1 1 7 9 7 5 2 16 17 12 0 0 0 2 0 1 6 0 0 0 1 0 0 5 3 4 24 0 7 0 0 2 0 2 1 38 2 0 0 0 0 0 3 0 0 0 0 1 0 0 0 0 1 0 2 0 0 1 0 0 0 0 0 0 0 7 0 1 4 19 0 3 4 1 0 2 0 0 3 2 0 0 0 0 0 0 0
1 0 1 2 25 3 5 0 0 0 1 2 30 2432 2393 433 8 1242 313 42 17 63 407 8537 101 753 27768 12082 86 4 144 3 11 140 5882 365 178 53 1171 4288 357 87 1619 141 2 83 541 9 61 0 5 4 12 22 5 7 106 230 226 714 210 17 201 1401 1870 4 116 96 62 19 4 1 14 5 140 12 1 21 7 0 15 3 16 5 15 22 26 11 8 0 61 32 8 9 74 92 2 14 17 36 0 0 0 0 0 0 0 0 0 0 0 0 5 16 60 9 4 76 0 305 37 628 69 0 0 5 2 5 1 66 0 0 0 0 0 2 6 1 3 32 44 1 16 1 0 4 4 22 42 244 1 7 4 1 0 0 0 0 0 1 0 0 0 0 1 1 12 19 2 4 1 2 0 1 0 21 3 9 22 1 0 5 29 0 2 4 0 0 17 0 1 4 9 0 0 0 1 0 0 0
0 0 2 0 32 5 3 1 0 5 0 0 12 1222 5171 8315 4 1124 32 16 25 24 376 1704 13 32 12082 10674 38 16 72 7 13 284 307 160 415 49 5594 109 680 111 211 15 3 33 129 42 67 1 4 2 11 7 12 5 57 218 80 755 100 31 831 1049 3014 2 47 39 642 18 7 1 3 1 147 42 1 1 3 0 18 2 19 6 14 12 8 4 6 5 22 46 3 6 50 136 0 16 2 11 0 0 0 0 0 0 0 0 0 0 0 0 5 12 45 2 3 15 0 180 13 157 16 0 0 2 2 0 0 18 0 1 1 1 0 2 3 2 1 12 56 0 33 0 0 2 4 3 20 330 0 1 5 0 0 0 0 0 1 4 0 0 0 0 4 2 31 51 5 4 1 1 0 0 0 49 3 4 27 1 0 1 3 0 7 2 0 0 8 0 0 1 5 0 0 0 0 0 0 0
3115 123 380 269 4361 819 1168 205 12 247 26 158 2 58 62 5 7 3 3 9 118 189 62 82 131 8 86 38 27263 10533 3953 163 178 282 25 14 66 76 12 21 195 14 243 13 9 14 240 202 67 3 49 46 2239 14375 153 52 3474 263 18 21 52 399 1132 224 90 3 7942 99 182 227 58 68 117 53 809 120 53 1 38 4 86 5 508 583 232 175 264 24 73 10 136 257 51 74 324 2168 54 7576 138 506 2 4 18 11 4 10 0 0 1 5 6 25 0 0 2 1 8 1 0 2 7 2 4 14 0 2 6 0 0 0 5 0 21 39 4 17 1 1 35 33 0 7 1 5 15 0 10 0 51 16 0 1 8 6 0 7 1 0 0 0 7 7 4 1 5 3 4 4 4 1 12 3 1 1 2 9 1 3 21 4 45 65 14 2 11 93 2 1 10 2 12 13 3 4 10 5 8 4 0 0
12576 3083 479 2539 7187 4230 2207 785 13 117 22 410 0 19 13 1 2 4 2 0 110 65 12 13 21 0 4 16 10533 17284 4883 203 104 51 3 4 10 24 3 2 473 7 27 4 4 5 26 55 14 4 67 73 584 464 65 82 1197 46 4 2 9 66 207 36 28 4 467 10 58 37 40 49 42 21 132 31 14 4 16 9 116 13 373 167 377 115 17 37 23 5 25 167 60 13 51 912 19 2585 35 19 2 0 3 3 1 12 0 0 1 1 9 5 0 0 1 1 1 2 0 1 1 1 1 3 1 3 2 0 0 0 2 0 7 10 0 4 0 0 17 12 0 0 1 1 3 0 0 0 13 3 0 1 2 0 0 1 0 1 4 1 2 5 1 1 1 2 0 0 1 1 3 0 1 0 0 3 0 1 9 1 14 18 3 0 1 21 2 0 9 1 4 4 2 1 5 2 5 1 0 0
54 278 20 125 15868 467 375 19 4 33 6 45 0 106 115 15 8 4 3 15 187 136 53 118 197 7 144 72 3953 4883 15301 35 93 568 52 30 122 65 16 27 559 23 311 6 5 12 562 126 46 2 44 42 368 460 51 90 10698 677 32 42 70 264 1228 346 97 2 2282 348 180 165 63 11 55 15 3277 97 8 0 8 1 95 1 298 338 565 551 678 37 47 10 127 145 57 48 263 5258 5 1062 503 10485 1 0 1 0 0 1 0 0 0 0 3 4 0 0 1 2 3 2 0 5 3 2 2 1 0 0 1 0 0 2 0 0 2 6 1 0 1 0 6 10 0 5 0 0 2 1 6 0 18 18 0 3 3 2 1 4 1 0 1 0 0 3 0 0 1 0 1 4 2 2 4 1 0 0 1 5 0 2 22 5 2 8 7 0 11 13 0 0 6 0 1 11 0 0 1 0 1 0 0 0
67 31 119 104 946 7340 128 50 31 59 23 1588 11 5 27 1 11 5 3 19 320 289 55 10 72 2 3 7 163 203 35 6503 6720 2824 2 1 18 227 6 6 429 4 26 32 6 22 16 51 8 2 15 18 116 104 23 31 20 706 3 1 41 41 60 5 25 3 172 3 130 22 31 1008 884 70 633 89 99 4 110 2 39 2 131 97 323 167 14 14 13 10 78 46 28 8 44 3151 251 126 89 5 15 7 37 49 13 138 2 1 12 17 69 137 1 0 0 10 17 7 4 5 19 3 12 17 1 7 18 0 1 2 8 4 60 109 5 29 10 3 46 77 2 22 1 4 36 2 6 0 104 7 3 1 3 6 1 2 0 4 1 2 22 21 5 6 12 5 2 3 0 1 22 10 1 0 0 3 3 0 17 3 160 90 33 0 5 168 1 0 1 5 24 3 5 5 87 13 13 5 0 0
46 23 199 132 623 3435 119 22 151 170 80 5088 21 34 135 11 97 43 24 103 564 725 275 14 139 11 11 13 178 104 93 6720 12693 3290 12 8 453 5161 23 30 579 10 30 80 9 87 45 42 15 6 32 56 174 139 50 71 67 1647 6 9 150 29 55 15 37 5 267 9 113 23 30 3298 3138 149 1227 73 291 6 221 11 77 6 201 169 384 139 42 29 21 3 127 91 48 10 25 4090 1242 195 87 14 34 16 51 101 35 245 6 8 25 45 148 231 6 5 1 18 39 16 6 10 43 30 35 54 3 23 46 1 0 5 31 1 141 271 22 93 20 14 128 160 6 53 6 32 96 2 8 0 197 21 1 0 2 37 1 3 5 11 3 4 65 56 16 22 24 9 6 3 4 4 74 31 0 5 1 11 8 2 22 5 340 255 85 6 7 436 3 2 10 12 82 6 19 17 171 39 60 25 0 1
27 3 40 32 323 207 28 7 1 18 2 35 0 442 704 75 88 41 5 99 658 1064 515 70 110 8 140 284 282 51 568 2824 3290 5322 228 260 3972 1971 94 22 373 20 109 16 3 7 464 125 22 2 28 35 159 131 33 48 322 7408 386 2193 62 106 612 179 300 4 360 210 574 44 37 159 352 24 6900 90 11 0 29 5 59 3 162 119 288 123 128 23 16 4 66 74 49 12 89 2678 3 91 116 127 2 1 1 2 1 1 0 0 0 1 3 8 1 1 4 1 10 3 4 5 5 1 4 8 0 5 11 3 0 2 1 0 6 24 3 5 2 0 39 32 1 13 2 1 9 0 6 0 42 35 0 0 3 1 0 1 2 4 0 1 6 6 2 0 3 2 3 6 1 1 9 2 0 0 0 8 2 3 25 3 9 39 18 0 13 39 0 0 6 1 7 3 4 3 2 1 5 2 1 0
1 0 1 0 10 2 1 0 0 0 0 1 0 7855 1592 18 20 31 25 27 9 48 137 1053 108 218 5882 307 25 3 52 2 12 228 7592 4002 410 58 25 1939 85 38 596 47 2 10 1697 10 27 2 0 2 10 5 2 0 35 185 836 2134 28 13 97 278 74 0 53 57 22 12 1 1 15 9 81 15 1 8 4 1 2 0 6 2 10 12 13 3 2 1 32 8 5 6 75 59 1 4 10 11 0 0 0 0 0 0 0 0 0 0 0 0 5 8 3 15 13 40 7 14 31 50 46 1 0 2 9 3 2 16 0 0 1 2 0 1 11 7 9 46 0 11 2 0 1 4 0 2 71 9 0 0 0 1 0 1 0 0 0 0 0 1 0 0 0 3 1 3 0 0 0 0 0 0 0 3 0 2 4 1 1 8 13 0 2 9 1 0 1 0 0 2 2 0 0 0 0 1 1 0
2 0 0 1 15 2 1 0 0 1 0 0 0 3489 1210 8 227 4 0 29 3 8 34 77 13 6 365 160 14 4 30 1 8 260 4002 2138 721 43 14 65 39 2 78 0 0 3 624 3 3 1 0 1 1 2 1 0 16 190 1262 2710 12 13 124 117 36 0 16 75 15 9 0 0 1 0 92 3 0 0 1 0 0 0 1 4 2 6 8 0 1 0 8 0 0 1 25 61 0 6 0 3 0 0 0 0 0 0 0 0 0 0 0 0 1 0 0 1 1 2 1 1 1 0 6 0 0 0 2 0 0 1 0 0 0 0 1 0 0 1 2 4 0 1 0 0 1 0 1 0 5 2 0 0 0 0 0 1 0 0 0 0 0 0 0 0 0 0 0 0 0 1 0 0 0 0 0 0 0 0 1 0 0 0 1 0 0 0 0 0 0 0 0 0 0 0 0 0 0 0 0 0
1 0 8 3 21 8 13 2 0 4 0 4 0 1037 1937 74 797 52 10 259 240 422 542 80 68 5 178 415 66 10 122 18 453 3972 410 721 2332 1943 130 46 206 11 104 15 4 7 795 75 14 1 8 5 46 26 9 12 69 896 550 1955 53 69 406 144 261 0 95 104 564 34 15 4 31 7 530 100 3 1 4 1 21 2 45 26 67 39 66 8 4 1 56 17 6 8 67 176 1 21 34 41 0 0 1 0 0 1 0 0 0 0 0 1 1 2 3 0 8 10 1 2 14 3 7 2 0 3 13 0 0 1 0 0 1 8 3 7 1 5 21 40 4 13 2 0 5 1 2 0 50 26 2 0 0 0 0 0 0 0 1 1 2 1 0 0 0 1 3 6 1 0 2 1 0 1 1 15 0 2 14 0 1 22 9 0 5 13 1 0 4 1 7 1 1 1 0 0 3 2 0 1
8 1 20 17 106 109 35 6 1 15 5 42 254 129 586 51 872 436 3474 3433 407 878 735 96 258 135 53 49 76 24 65 227 5161 1971 58 43 1943 11668 64 187 434 36 110 1468 139 865 257 87 33 19 28 38 164 110 31 25 44 336 34 98 970 69 115 53 70 30 97 14 280 33 67 273 3297 362 293 411 42 31 96 7 86 14 127 92 193 93 58 44 45 48 1028 71 34 9 94 437 21 54 90 14 1 3 0 2 4 3 1 1 1 2 3 16 64 86 91 196 143 177 52 152 354 560 371 65 10 38 188 25 39 102 12 4 31 105 19 64 153 117 276 613 37 256 17 16 42 21 30 43 940 213 21 9 18 13 3 13 4 4 2 5 46 23 8 4 15 44 16 29 6 11 58 24 2 12 4 41 6 13 132 24 53 397 423 2 25 331 3 7 26 12 49 35 28 9 7 11 33 17 2 4
3 1 3 0 17 5 3 2 0 2 0 0 17 32 748 2503 10 6342 47 39 8 19 193 1086 15 32 1171 5594 12 3 16 6 23 94 25 14 130 64 16426 45 1024 258 693 18 21 98 31 86 166 6 13 5 12 4 33 20 13 54 11 116 6174 51 398 994 4436 11 23 4 7706 24 35 3 5 1 47 1386 3 3 3 7 37 12 24 5 15 13 4 36 35 6 610 161 17 26 68 66 0 3 4 1 0 0 0 0 0 0 0 1 0 0 0 0 0 13 319 4 13 27 5 489 27 224 29 1 0 0 2 20 0 49 0 1 4 2 4 5 0 2 4 18 304 3 345 1 2 22 28 28 28 1813 0 17 21 0 1 8 3 3 4 13 0 0 2 0 15 3 162 418 19 11 0 3 1 4 2 370 15 30 91 3 2 4 10 1 14 5 12 2 59 0 1 18 45 4 1 0 1 0 0 0
2 0 1 0 14 10 1 3 1 0 0 5 1 446 241 90 58 121 136 144 97 1249 1644 5913 2733 3552 4288 109 21 2 27 6 30 22 1939 65 46 187 45 6633 726 276 1333 211 14 9 7841 40 205 6 3 3 29 24 9 7 40 43 78 53 29 42 92 160 48 6 210 16 24 60 8 6 63 27 39 44 11 16 36 0 17 2 26 22 29 90 64 3 30 4 70 113 24 53 310 32 5 7 63 27 0 0 0 0 0 0 0 0 0 0 0 3 6 6 4 19 33 46 13 5 59 40 66 10 0 4 23 2 1 10 0 0 6 8 3 4 22 10 25 119 3 22 0 0 3 2 2 0 156 13 1 1 5 0 0 2 1 1 0 0 0 0 0 1 0 7 3 3 3 4 2 0 0 1 1 4 0 0 25 4 3 32 37 0 7 21 1 1 8 1 2 12 2 1 0 1 1 1 0 0
790 181 619 530 1268 1176 106 142 14 329 115 664 21 258 1464 698 256 826 259 421 634 528 7996 1750 434 1598 357 680 195 473 559 429 579 373 85 39 206 434 1024 726 8587 5400 957 212 201 195 242 696 1809 172 226 110 131 75 1729 1337 237 349 17 42 1193 366 230 112 177 115 236 44 641 263 818 302 462 197 579 886 255 14 167 19 575 132 1098 126 826 214 120 884 1135 248 1448 1992 281 654 709 895 138 103 159 81 12 3 17 19 5 51 1 1 3 4 30 45 2 0 26 6 17 6 2 28 13 33 11 35 3 8 28 0 1 2 10 0 43 119 16 80 4 6 89 80 11 16 5 18 66 18 60 6 123 178 4 25 94 14 1 61 5 6 17 30 24 28 9 8 17 6 29 15 35 40 55 25 2 4 17 58 7 39 294 32 83 193 63 2 106 290 18 33 244 8 38 141 34 9 43 9 36 15 0 1
9 1 5 4 17 5 2 6 1 8 2 4 3 16 80 102 4 147 51 48 19 242 2497 4135 257 550 87 111 14 7 23 4 10 20 38 2 11 36 258 276 5400 6896 3374 53 89 158 98 94 2719 15 8 2 11 11 64 39 24 22 4 8 831 45 64 48 86 56 122 4 450 30 34 2 10 10 25 345 10 4 11 0 17 2 45 20 20 46 13 37 60 30 1111 375 14 76 235 30 4 5 31 9 0 0 0 0 0 0 0 1 0 0 0 1 0 0 14 0 0 3 1 7 5 8 7 0 0 0 0 0 0 0 0 1 0 0 0 0 1 0 4 6 1 0 2 0 0 4 28 0 15 126 0 3 5 1 0 6 0 0 0 1 0 0 0 0 2 1 13 8 5 22 0 0 1 0 3 23 0 2 118 6 0 2 7 1 22 0 2 3 9 0 0 23 10 1 0 1 0 0 0 0
6 1 8 8 75 31 12 2 0 5 2 13 14 142 162 89 12 398 106 44 48 441 617 2004 703 450 1619 211 243 27 311 26 30 109 596 78 104 110 693 1333 957 3374 9681 122 300 753 655 379 2178 29 18 10 77 109 21 21 341 252 135 238 3113 160 1400 8571 578 144 856 74 1693 147 69 6 44 34 259 1321 28 7 20 3 71 8 92 70 72 188 124 45 89 66 4235 306 37 127 1761 197 10 55 176 138 0 0 0 0 0 1 0 0 0 0 1 2 0 1 49 0 15 13 0 50 22 47 22 2 0 2 1 2 0 1 3 0 4 2 3 3 1 4 11 32 12 6 14 2 1 20 115 3 73 560 0 6 13 1 5 12 1 1 0 7 2 0 0 1 9 5 61 43 20 73 2 1 0 2 11 148 2 10 438 38 2 16 16 0 75 5 5 5 30 0 1 38 38 4 3 1 0 1 1 0
7 1 3 3 11 21 2 3 2 4 2 22 5581 22 39 21 41 154 1755 194 88 405 265 94 172 147 141 15 13 4 6 32 80 16 47 0 15 1468 18 211 212 53 122 9414 2363 2527 137 80 110 365 34 63 44 19 21 13 12 15 10 4 294 60 96 19 9 433 47 5 25 38 87 138 3960 1861 12 178 224 1319 3920 131 120 279 44 28 59 31 24 466 326 497 1559 50 11 21 198 22 49 12 19 1 3 4 1 2 4 3 0 1 0 0 4 10 123 125 221 248 148 342 41 424 603 2033 596 64 4 56 227 21 55 248 5 2 28 80 18 53 162 139 261 626 37 243 20 25 35 43 133 135 1362 324 16 13 41 12 6 48 3 9 12 9 24 13 2 0 15 33 42 45 34 99 24 23 2 9 32 88 18 32 646 65 30 404 1226 1 145 374 16 24 90 9 26 118 83 4 4 1 24 22 2 5
4 1 4 2 12 7 6 1 22 7 0 4 2100 1 8 10 7 63 359 46 4 17 17 18 14 6 2 3 9 4 5 6 9 3 2 0 4 139 21 14 201 89 300 2363 5799 3332 6 133 182 3768 23 57 8 4 7 0 17 4 0 2 233 119 247 61 71 2025 16 2 169 92 79 58 199 427 3 175 846 890 1143 201 227 684 11 9 7 5 1 830 667 2134 3364 59 17 39 319 21 261 36 5 2 3 2 2 2 2 11 0 2 3 2 5 4 0 2 187 6 10 12 1 113 56 98 39 0 2 3 3 3 2 6 9 1 10 7 6 13 0 6 16 46 34 15 20 10 7 70 904 39 267 2240 1 55 152 3 9 193 3 9 17 32 2 4 1 2 36 11 275 126 108 613 2 10 2 5 87 612 9 54 3598 314 8 17 62 2 583 29 16 53 238 0 3 532 183 20 7 3 1 3 2 0
1 0 4 1 5 10 4 0 35 4 2 11 3482 9 9 93 87 5795 6534 396 7 23 24 227 16 3 83 33 14 5 12 22 87 7 10 3 7 865 98 9 195 158 753 2527 3332 7884 14 30 73 95 11 5 18 12 9 3 9 15 2 13 6151 29 220 818 291 418 31 3 208 34 28 32 159 626 15 44 498 63 201 14 91 25 16 6 4 5 1 84 59 142 578 53 23 21 89 26 450 65 4 6 4 1 4 7 2 23 0 4 4 11 9 5 2 45 2138 6 22 82 2 1772 137 1649 163 2 1 4 3 21 2 92 4 1 4 5 8 21 2 3 15 85 359 9 330 9 5 78 542 198 216 7813 1 34 35 3 9 19 2 4 13 15 2 5 2 1 37 9 437 502 73 1168 2 7 6 3 17 811 31 31 1000 29 15 12 330 0 86 31 12 7 90 1 0 53 122 17 15 5 5 3 1 0
5 0 5 5 63 23 6 1 0 4 2 6 0 472 301 18 76 18 51 54 123 342 541 867 3482 1769 541 129 240 26 562 16 45 464 1697 624 795 257 31 7841 242 98 655 137 6 14 7712 44 78 4 10 12 110 101 15 24 379 1759 946 1991 45 97 532 312 106 6 804 1628 94 73 25 19 89 34 723 40 5 12 41 1 25 2 98 95 97 269 1829 10 28 2 54 67 22 34 206 262 2 55 387 623 0 0 0 0 0 0 0 1 0 0 0 2 8 9 3 36 35 37 13 5 70 11 77 10 2 10 34 0 5 7 1 0 4 11 0 15 22 26 51 170 0 49 0 0 4 4 5 0 272 13 2 1 3 0 1 2 1 0 1 0 5 3 1 0 2 6 3 1 3 1 4 3 1 1 0 7 0 0 15 1 8 60 41 0 8 32 1 1 2 0 6 3 1 0 1 0 0 1 1 2
12 2 6 10 160 55 26 12 1 11 0 18 4 8 47 18 1 42 35 8 17 76 55 22 54 8 9 42 202 55 126 51 42 125 10 3 75 87 86 40 696 94 379 80 133 30 44 19187 592 179 44 9 38 56 24 20 163 163 10 68 63 13364 6331 207 422 29 257 7 5393 1420 3151 9 20 19 222 13774 8 2 19 5 321 30 48 27 42 45 19 1150 4061 197 1583 320 51 238 1537 430 8 76 19 26 0 2 0 0 1 0 0 2 0 0 0 1 0 0 17 2 7 3 0 18 6 8 10 2 0 0 0 2 0 1 2 3 3 4 2 8 1 2 8 19 14 4 3 15 3 61 150 11 90 80 1 85 415 5 18 346 5 4 22 30 2 0 2 0 10 9 32 47 161 37 2 6 2 4 119 206 10 76 1190 152 1 10 11 3 690 20 20 49 670 1 1 911 152 14 7 0 1 3 2 0
30 4 13 12 42 13 4 15 0 24 3 9 13 12 74 109 2 142 92 35 17 399 530 501 228 98 61 67 67 14 46 8 15 22 27 3 14 33 166 205 1809 2719 2178 110 182 73 78 592 9346 135 94 9 23 35 48 40 72 34 9 15 253 165 139 71 48 97 253 3 252 203 229 4 29 36 44 823 45 11 34 2 105 13 52 37 45 78 21 154 832 276 1190 6325 172 2467 5373 67 17 23 49 25 0 0 1 0 0 0 0 0 0 0 0 0 0 0 10 0 1 3 0 9 5 7 4 0 0 0 0 0 0 0 1 0 1 3 1 3 1 0 4 8 7 3 0 1 2 16 53 2 22 74 0 23 57 1 2 60 1 0 0 6 0 0 0 0 1 0 11 16 22 31 3 2 1 2 28 56 3 13 286 37 6 6 5 0 128 9 9 17 99 0 1 136 37 3 0 1 2 2 1 0
8 3 10 1 3 6 3 6 9 8 1 4 214 0 3 4 0 17 33 7 2 8 4 1 11 4 0 1 3 4 2 2 6 2 2 1 1 19 6 6 172 15 29 365 3768 95 4 179 135 4997 160 521 2 6 21 7 6 0 1 1 12 214 140 9 10 741 26 0 32 126 219 41 55 462 3 162 535 342 504 1038 537 3937 19 7 5 6 1 3995 1764 3472 893 113 21 64 286 2 114 13 8 2 1 1 1 1 0 1 0 1 0 0 0 4 1 1 37 2 4 2 0 18 10 20 5 0 0 0 1 1 0 1 0 3 1 0 1 2 0 1 7 10 6 2 2 11 6 36 96 6 54 67 3 135 553 7 14 369 16 7 41 69 3 1 0 0 9 7 12 46 173 73 2 6 1 0 137 112 23 136 1357 148 3 5 15 0 802 10 52 211 1053 0 1 1369 131 7 3 0 0 2 1 1
92 6 51 36 80 44 34 65 9 107 12 24 19 0 3 8 1 26 16 2 7 21 12 16 23 1 5 4 49 67 44 15 32 28 0 0 8 28 13 3 226 8 18 34 23 11 10 44 94 160 15243 12108 128 33 456 19 26 21 0 0 18 31 27 7 7 67 77 4 19 252 130 27 71 86 29 39 65 25 58 603 3234 174 419 39 28 46 13 329 142 37 59 6625 9157 69 115 54 13 22 14 12 0 0 0 0 1 1 0 0 0 0 2 2 0 0 5 0 3 3 0 2 0 2 0 1 0 1 3 2 0 0 1 0 5 6 2 10 0 2 13 10 0 6 1 5 2 7 7 0 25 8 0 60 78 10 5 24 234 70 431 230 55 2 2 0 2 4 2 4 35 5 4 5 0 3 11 7 103 123 54 5 6 23 12 1 29 21 70 22 414 0 8 91 97 1 4 0 2 2 0 1
137 14 66 40 83 68 37 80 10 110 26 50 25 3 0 1 0 18 12 3 6 20 4 5 48 3 4 2 46 73 42 18 56 35 2 1 5 38 5 3 110 2 10 63 57 5 12 9 9 521 12108 19559 131 28 487 13 19 27 1 0 7 27 25 7 2 210 37 5 12 98 48 44 104 188 46 14 164 93 145 6583 3101 578 329 23 27 33 12 526 153 88 57 717 2591 17 32 55 27 37 11 11 9 1 2 1 2 0 2 1 0 1 1 1 0 1 7 5 6 10 0 5 5 3 1 1 1 3 6 2 0 0 5 1 3 7 5 11 0 2 15 16 1 14 2 39 8 41 48 1 41 9 1 378 468 70 43 147 1511 575 3584 1304 261 3 1 3 8 16 4 27 207 33 11 21 5 9 58 31 577 764 166 30 4 45 19 3 106 67 467 119 2503 5 25 327 613 0 3 1 7 5 4 1
687 68 216 127 638 328 576 477 178 818 110 234 12 9 13 1 11 0 7 5 40 125 19 32 245 7 12 11 2239 584 368 116 174 159 10 1 46 164 12 29 131 11 77 44 8 18 110 38 23 2 128 131 10479 7561 6270 38 325 149 4 6 24 47 179 48 18 7 1736 53 38 43 15 150 378 143 280 27 236 3 160 10 66 4 3802 2503 220 401 171 11 18 2 43 155 81 22 63 335 445 3125 274 223 3 4 5 7 2 15 0 1 2 2 7 19 0 0 3 2 17 1 0 3 9 4 5 27 4 7 16 0 0 1 3 1 31 81 20 42 3 3 127 90 3 17 0 12 35 1 3 0 121 5 2 2 1 4 1 2 4 3 8 3 19 24 6 4 18 8 2 0 1 1 41 13 3 0 0 4 5 7 10 1 54 194 59 3 4 166 3 1 11 5 27 0 4 10 16 10 26 9 1 1
502 47 202 151 679 282 291 312 35 444 71 174 5 10 15 0 3 1 4 3 38 122 31 39 277 7 22 7 14375 464 460 104 139 131 5 2 26 110 4 24 75 11 109 19 4 12 101 56 35 6 33 28 7561 10751 350 48 508 134 6 5 25 68 207 58 11 2 5222 55 39 49 18 91 283 121 295 38 86 3 95 5 36 3 1319 10226 193 706 199 8 23 6 37 114 31 41 117 379 58 1756 443 324 1 2 6 8 1 5 0 0 2 2 4 14 0 0 1 1 8 1 0 0 13 2 0 20 3 5 7 0 1 0 5 0 16 41 14 31 0 3 64 51 1 8 1 8 22 0 1 0 68 5 2 0 3 8 0 0 1 0 2 0 15 12 1 1 7 0 0 1 1 0 33 4 3 1 0 1 0 0 5 3 28 89 33 0 3 121 1 0 4 7 24 0 0 4 10 2 13 9 0 0
110 16 51 30 83 54 83 114 24 144 23 48 4 3 10 15 2 20 6 2 15 20 33 32 54 10 5 12 153 65 51 23 50 33 2 1 9 31 33 9 1729 64 21 21 7 9 15 24 48 21 456 487 6270 350 13606 921 38 26 1 2 40 13 24 6 8 6 144 7 21 18 41 25 97 44 53 31 35 1 39 73 192 24 2504 70 207 40 26 48 53 10 58 595 156 30 49 58 33 242 33 17 0 0 1 0 1 2 0 0 0 1 2 7 0 0 1 2 3 0 0 0 2 1 0 2 0 0 3 0 0 1 0 0 7 12 3 11 1 0 31 17 1 3 0 2 3 0 4 0 24 5 2 9 6 3 1 3 16 6 47 26 7 2 1 0 5 1 0 1 3 0 11 2 1 3 2 0 19 19 7 3 5 35 12 0 4 45 11 0 53 0 6 6 8 1 7 1 5 1 0 0
180 25 109 63 221 130 47 67 5 114 29 61 1 2 12 9 2 14 7 2 1735 210 40 36 66 8 7 5 52 82 90 31 71 48 0 0 12 25 20 7 1337 39 21 13 0 3 24 20 40 7 19 13 38 48 921 3259 45 48 1 0 29 19 34 14 5 0 82 6 13 8 25 43 73 41 85 18 34 0 30 5 25 2 5746 156 2483 191 30 21 39 9 44 103 22 26 34 152 28 18 128 31 0 0 5 1 1 4 0 1 0 1 5 7 0 0 0 1 4 0 0 0 2 0 2 11 0 3 3 0 0 0 2 0 9 15 3 15 0 2 29 10 0 2 0 2 9 2 2 1 15 3 0 0 2 4 0 2 0 0 1 1 4 5 1 0 4 0 2 1 0 0 8 4 1 1 0 1 0 0 10 1 9 32 10 1 1 51 0 0 5 0 6 4 0 1 4 0 3 3 0 0
33 11 24 30 2620 61 27 5 2 20 2 14 1 65 66 4 3 5 3 5 104 177 31 92 259 12 106 57 3474 1197 10698 20 67 322 35 16 69 44 13 40 237 24 341 12 17 9 379 163 72 6 26 19 325 508 38 45 8304 397 25 28 44 340 1236 338 118 4 6155 204 174 177 53 12 32 12 1433 126 6 2 10 5 58 4 198 249 338 2296 561 24 56 19 115 153 34 66 343 2227 5 355 3192 1650 0 0 0 0 0 4 0 0 1 0 0 2 0 0 1 0 6 0 0 1 2 2 2 1 0 5 2 0 0 0 0 0 0 7 2 1 0 1 9 17 0 5 0 0 1 2 1 0 21 15 0 3 7 2 0 4 0 0 2 0 1 1 0 0 0 0 0 1 2 1 0 0 0 0 1 7 0 2 34 2 4 16 3 0 15 19 0 1 10 0 2 16 2 0 0 0 1 0 0 0
13 3 45 33 232 84 15 0 1 9 6 34 0 397 447 33 48 22 6 61 524 823 300 131 198 6 230 218 263 46 677 706 1647 7408 185 190 896 336 54 43 349 22 252 15 4 15 1759 163 34 0 21 27 149 134 26 48 397 8821 837 1348 74 194 1158 328 293 2 594 2030 528 73 49 199 437 17 13268 124 13 2 31 4 63 2 142 114 302 219 463 20 28 9 118 79 31 19 158 5401 5 65 233 551 0 1 0 0 0 2 0 0 0 1 4 2 2 0 3 2 4 2 3 8 8 5 9 5 0 2 11 1 0 2 0 0 1 10 2 8 3 1 16 53 0 13 1 1 5 1 11 2 50 30 0 3 9 2 1 1 1 0 1 1 2 4 2 0 4 1 5 4 2 3 1 1 0 1 3 15 3 0 28 3 8 27 9 0 10 15 0 1 8 0 6 5 2 0 2 1 3 1 0 0
0 0 1 0 4 2 0 0 0 0 0 0 0 235 139 1 15 5 2 10 9 32 19 135 85 5 226 80 18 4 32 3 6 386 836 1262 550 34 11 78 17 4 135 10 0 2 946 10 9 1 0 1 4 6 1 1 25 837 757 3150 13 19 190 155 68 0 22 103 32 5 2 0 9 1 79 8 0 0 0 0 3 0 3 3 4 4 28 1 3 3 5 3 1 2 48 45 1 0 6 7 0 0 0 0 0 0 0 0 0 0 0 0 2 0 1 2 3 5 1 2 6 3 3 1 0 0 1 2 0 0 0 0 0 1 0 0 1 0 2 15 0 2 1 1 0 0 1 0 19 3 0 0 1 0 0 0 0 0 0 0 0 0 0 0 0 1 0 1 1 0 0 0 0 0 1 3 0 0 4 0 1 1 1 0 0 2 0 0 0 0 0 1 0 1 0 0 0 0 0 0
1 0 0 1 10 2 1 1 0 1 0 1 1 1351 740 94 24 23 4 30 27 34 69 170 17 6 714 755 21 2 42 1 9 2193 2134 2710 1955 98 116 53 42 8 238 4 2 13 1991 68 15 1 0 0 6 5 2 0 28 1348 3150 1765 60 111 1094 562 479 1 38 657 395 34 14 0 3 0 133 48 0 0 0 0 4 0 6 0 6 13 74 4 11 1 56 8 3 6 90 33 0 10 6 12 0 0 0 0 0 0 0 0 0 0 0 0 1 1 3 0 3 1 0 6 2 2 3 0 0 1 0 0 0 0 0 0 0 0 0 0 1 0 0 4 1 3 2 0 0 2 3 0 2 28 0 2 1 0 0 0 0 0 0 1 0 0 0 0 0 0 3 4 2 1 0 0 0 0 0 7 1 0 16 1 0 2 0 0 5 0 0 0 2 0 0 4 2 0 0 0 0 0 0 0
13 0 3 3 37 20 8 1 3 5 0 6 278 21 123 763 157 8145 1299 787 24 51 74 1524 51 15 210 100 52 9 70 41 150 62 28 12 53 970 6174 29 1193 831 3113 294 233 6151 45 63 253 12 18 7 24 25 40 29 44 74 13 60 14219 58 332 3601 405 38 123 19 3054 41 45 20 66 87 71 5413 32 9 15 17 80 33 44 21 20 35 5 73 53 29 3833 233 32 42 198 116 51 24 8 20 1 3 2 0 0 4 0 1 1 0 1 2 0 21 1208 15 11 30 1 761 108 394 77 1 0 3 8 30 0 53 9 6 3 7 21 21 4 6 13 63 354 9 538 12 3 64 279 48 125 4726 2 30 28 4 8 16 2 9 2 23 3 1 3 1 19 14 392 837 64 308 3 14 4 8 8 897 27 35 485 10 1 13 41 2 40 13 15 3 72 0 2 38 131 15 3 2 2 4 1 0
16 3 9 9 154 50 22 8 1 17 2 15 10 13 35 12 3 48 31 8 12 80 21 20 84 5 17 31 399 66 264 41 29 106 13 13 69 69 51 42 366 45 160 60 119 29 97 13364 165 214 31 27 47 68 13 19 340 194 19 111 58 23076 17222 178 264 44 421 26 1736 10745 4516 5 20 9 307 3393 16 2 11 11 456 243 46 47 59 72 24 409 719 160 966 268 79 1484 2717 502 2 114 36 35 1 4 0 1 1 0 1 4 1 1 1 0 0 1 4 6 5 3 1 9 8 4 5 1 0 0 1 0 1 1 3 4 2 2 1 5 3 3 7 8 5 13 3 8 13 43 86 7 46 55 1 214 563 6 11 176 10 8 22 55 1 1 0 2 13 12 10 51 174 23 2 8 3 3 103 141 18 174 728 108 2 6 6 1 479 12 86 90 1223 0 0 731 174 5 1 1 0 5 3 0
25 3 8 4 392 67 49 8 2 9 2 11 14 241 503 22 12 39 40 17 49 175 41 46 197 15 201 831 1132 207 1228 60 55 612 97 124 406 115 398 92 230 64 1400 96 247 220 532 6331 139 140 27 25 179 207 24 34 1236 1158 190 1094 332 17222 18110 4898 8867 76 1197 214 5096 2638 567 11 20 22 1114 2146 19 9 20 7 191 26 115 120 186 196 92 149 733 225 2160 246 162 789 4207 1351 7 351 104 147 1 2 1 0 0 0 0 2 0 0 0 1 1 2 27 4 5 7 2 27 21 14 12 1 2 1 5 0 2 1 1 0 0 4 4 7 6 3 11 17 20 8 8 6 4 42 169 12 70 523 0 44 176 5 11 153 3 4 6 21 1 2 1 0 18 8 97 76 86 53 1 4 5 2 66 249 5 62 977 118 3 10 11 1 383 11 14 27 267 0 1 395 124 6 3 3 0 0 1 2
2 0 2 2 58 8 12 1 1 2 0 1 29 212 248 33 4 187 31 12 15 42 34 527 103 20 1401 1049 224 36 346 5 15 179 278 117 144 53 994 160 112 48 8571 19 61 818 312 207 71 9 7 7 48 58 6 14 338 328 155 562 3601 178 4898 6736 6495 9 349 93 2289 131 43 6 10 15 289 491 3 5 7 6 43 13 32 30 52 47 32 28 45 14 1794 59 29 66 1640 215 2 49 37 102 1 2 0 0 0 0 0 0 0 0 0 0 0 2 87 4 4 7 1 123 19 46 12 1 1 0 1 1 0 4 3 2 1 3 3 4 1 3 6 18 29 1 57 2 1 10 56 3 38 1064 2 8 14 1 0 3 1 0 0 1 0 3 2 1 7 9 117 88 11 51 1 4 2 2 2 238 4 6 266 9 0 6 5 0 32 4 2 3 22 0 1 32 14 2 0 1 0 0 0 0
4 0 2 0 88 21 7 0 1 3 0 3 28 83 406 112 3 134 22 10 14 17 27 493 14 9 1870 3014 90 28 97 25 37 300 74 36 261 70 4436 48 177 86 578 9 71 291 106 422 48 10 7 2 18 11 8 5 118 293 68 479 405 264 8867 6495 10792 9 80 30 5951 72 46 2 6 2 248 1473 1 1 1 5 54 9 18 10 26 9 11 34 25 10 265 37 10 13 170 311 0 35 4 10 0 0 0 0 0 0 0 0 0 0 1 1 0 5 115 3 2 14 0 175 17 58 21 2 0 0 3 1 0 4 1 0 0 2 4 3 1 0 3 19 64 1 91 3 0 20 67 5 32 1203 1 9 9 0 2 4 1 2 3 5 0 2 1 1 13 4 142 145 17 29 1 7 2 2 3 298 4 9 315 12 0 0 4 0 32 2 3 1 32 0 1 21 28 7 0 1 0 1 0 0
5 0 2 0 4 2 1 1 9 4 0 2 301 1 4 2 2 19 73 13 3 15 9 11 6 5 4 2 3 4 2 3 5 4 0 0 0 30 11 6 115 56 144 433 2025 418 6 29 97 741 67 210 7 2 6 0 4 2 0 1 38 44 76 9 9 865 15 0 42 21 32 19 35 683 4 108 591 1088 540 344 131 378 8 3 3 2 2 478 179 651 2120 27 3 9 199 8 78 17 3 1 0 0 0 2 0 3 0 1 0 0 0 0 0 0 83 1 1 1 1 18 6 54 8 0 0 0 1 0 0 1 2 0 1 1 1 2 1 0 5 7 1 2 3 2 1 8 90 8 25 252 0 10 14 1 2 21 4 2 5 9 0 1 0 0 3 1 13 13 18 337 1 1 0 0 8 44 7 19 260 25 0 6 36 0 61 3 4 9 44 0 0 68 23 1 2 0 0 0 0 0
277 64 272 254 1001 558 54 97 5 201 44 254 4 51 54 11 8 12 20 4 79 316 144 395 1503 92 116 47 7942 467 2282 172 267 360 53 16 95 97 23 210 236 122 856 47 16 31 804 257 253 26 77 37 1736 5222 144 82 6155 594 22 38 123 421 1197 349 80 15 16628 486 179 366 108 129 232 126 2012 215 106 1 98 3 118 10 898 4789 367 2665 2180 58 170 41 260 487 86 190 895 1153 49 579 2756 4801 2 1 2 7 2 9 1 1 1 2 8 21 0 1 4 6 13 3 3 2 11 3 4 11 1 2 9 0 1 1 4 1 18 55 6 25 5 3 60 51 1 13 1 8 31 2 11 1 75 23 2 3 17 13 1 8 1 2 1 2 25 21 1 1 7 8 4 3 9 3 34 11 1 2 10 10 0 4 62 9 37 80 23 1 32 128 0 3 22 3 24 32 5 3 18 3 17 1 0 1
2 2 6 4 17 6 2 2 0 0 0 2 1 53 36 3 1 3 0 1 97 164 63 61 132 1 96 39 99 10 348 3 9 210 57 75 104 14 4 16 44 4 74 5 2 3 1628 7 3 0 4 5 53 55 7 6 204 2030 103 657 19 26 214 93 30 0 486 1236 28 13 4 0 6 3 1940 4 0 0 2 0 5 0 30 50 36 115 778 2 3 2 16 18 5 6 35 75 1 24 274 1587 0 0 0 0 0 0 0 0 0 0 0 1 1 0 0 0 3 0 1 0 0 0 0 0 0 0 1 0 0 0 1 0 0 0 0 2 1 0 3 8 0 0 0 1 0 0 0 0 15 0 0 0 0 0 0 0 1 0 0 0 2 0 0 0 0 0 0 0 0 0 0 0 0 0 0 0 0 0 2 0 0 4 4 0 3 0 1 0 0 0 1 0 0 0 0 0 0 1 0 0
5 2 5 3 280 121 33 4 0 10 0 30 11 38 725 319 15 689 26 34 53 80 72 188 36 5 62 642 182 58 180 130 113 574 22 15 564 280 7706 24 641 450 1693 25 169 208 94 5393 252 32 19 12 38 39 21 13 174 528 32 395 3054 1736 5096 2289 5951 42 179 28 6333 421 392 13 32 2 540 8244 10 1 8 12 176 16 37 30 68 49 18 87 136 28 956 163 35 87 876 853 5 57 17 12 0 1 0 1 0 0 0 2 0 1 0 0 1 3 98 6 6 9 1 68 48 27 26 0 0 1 3 4 0 6 7 6 5 9 2 15 4 2 10 31 33 5 62 11 3 47 253 14 107 1328 0 23 40 4 3 30 1 2 7 7 2 2 1 2 16 17 162 176 57 80 3 8 7 8 30 462 4 25 835 88 1 9 5 0 184 13 4 6 86 0 0 101 109 17 3 2 1 0 0 0
29 2 22 11 83 39 10 20 2 22 6 20 8 5 20 8 4 41 22 4 9 162 56 35 147 14 19 18 227 37 165 22 23 44 12 9 34 33 24 60 263 30 147 38 92 34 73 1420 203 126 252 98 43 49 18 8 177 73 5 34 41 10745 2638 131 72 21 366 13 421 9693 6555 10 21 13 126 832 11 4 11 25 2004 364 58 52 45 93 33 1041 458 124 542 1312 1890 2903 2268 192 11 59 47 31 3 2 0 1 1 0 0 2 1 0 1 1 0 1 10 1 1 5 0 6 4 6 2 0 0 0 4 0 0 1 3 2 1 3 4 8 1 2 6 9 5 7 1 7 7 39 42 3 27 32 1 213 440 9 28 96 8 14 38 85 2 2 0 0 8 14 15 34 149 13 1 4 0 3 63 87 51 261 402 62 2 9 4 0 299 14 108 65 1251 2 0 524 188 6 2 0 0 3 2 1
62 9 36 29 88 56 10 25 2 41 11 28 11 2 11 7 2 51 49 6 6 38 25 17 33 3 4 7 58 40 63 31 30 37 1 0 15 67 35 8 818 34 69 87 79 28 25 3151 229 219 130 48 15 18 41 25 53 49 2 14 45 4516 567 43 46 32 108 4 392 6555 9565 13 51 33 87 2225 28 12 26 34 6470 409 45 23 30 36 12 2967 2140 227 982 922 386 1462 816 142 12 28 17 6 1 1 3 1 0 1 1 3 0 0 0 2 0 2 4 3 2 4 1 5 5 3 2 0 2 3 0 1 0 1 1 1 4 1 2 6 0 1 3 6 1 14 0 7 9 34 32 2 16 38 2 257 465 3 16 139 9 5 50 99 2 2 0 0 4 7 15 23 131 23 7 9 1 2 86 66 48 237 414 55 1 12 9 2 308 17 166 96 1475 0 1 531 179 4 6 1 0 4 1 0
42 20 254 185 179 628 209 34 747 1176 2752 2133 114 0 3 1 0 3 6 5 139 139 27 4 33 3 1 1 68 49 11 1008 3298 159 1 0 4 273 3 6 302 2 6 138 58 32 19 9 4 41 27 44 150 91 25 43 12 199 0 0 20 5 11 6 2 19 129 0 13 10 13 7066 3209 733 147 14 3584 186 5134 15 64 27 128 73 170 35 3 68 26 34 43 70 33 8 14 611 8383 366 29 3 76 28 193 258 59 737 8 26 63 148 400 523 5 0 3 10 18 9 1 5 24 16 9 121 6 25 25 0 0 4 62 5 294 576 31 163 5 3 193 114 3 29 0 60 225 2 12 1 183 9 2 1 6 71 4 7 8 21 0 24 132 125 39 29 50 7 2 2 3 1 178 63 6 9 1 8 31 5 22 2 710 547 122 7 3 1123 5 4 15 45 177 4 22 37 405 72 126 57 0 0
35 9 72 68 274 387 75 20 11 57 10 211 273 4 23 1 16 21 33 23 407 605 223 27 182 20 14 3 117 42 55 884 3138 352 15 1 31 3297 5 63 462 10 44 3960 199 159 89 20 29 55 71 104 378 283 97 73 32 437 9 3 66 20 20 10 6 35 232 6 32 21 51 3209 17387 1034 318 53 342 188 3205 33 128 70 351 221 315 114 49 117 62 70 212 174 83 23 32 1139 80 122 90 11 13 15 10 18 6 20 3 2 1 6 17 50 21 12 17 45 121 56 22 22 161 120 100 119 7 45 114 7 13 23 17 2 79 231 59 207 37 33 581 538 9 148 3 64 142 11 21 12 847 23 13 4 10 45 1 10 12 20 5 14 122 112 25 5 57 29 14 2 7 5 147 61 9 13 2 13 30 7 72 8 106 753 418 6 25 619 5 7 25 21 168 30 29 11 28 17 91 44 1 3
