28455 7341 14386 3546 2180 2841 7960 10219 297 2398 434 1999 0 8 11 5 7 6 2 2 128 112 4 21 45 0 12 7 5905 7536 418 108 66 22 3 0 12 25 3 10 173 11 58 0 4 6 18 29 41 8 67 101 1200 735 241 87 44 13 1 0 19 26 13 11 13 0 99 32 34 50 29 97 23 31 85 17 63 4 20 4 164 5 1278 913 781 121 39 64 52 3 9 166 118 59 86 132 140 2743 50 17 60 11 81 71 17 221 54 54 108 47 157 316 0 0 0 0 1 0 0 0 1 0 0 1 4 0 0 0 0 1 17 0 58 67 0 9 0 0 6 0 0 0 1 7 9 0 4 1 1 4 2 0 2 1 0 0 2 0 2 6 2 24 5 20 31 1 0 1 0 0 9 13 7 3 2 0 1 3 1 0 119 28 25 1 1 45 0 0 0 2 13 1 0 12 103 27 8 3 0 4
7341 15754 6829 9853 1862 4793 514 254 67 564 412 2643 1 4 4 2 1 2 0 1 172 80 4 9 31 1 4 1 674 4006 97 55 39 12 0 0 4 11 1 2 212 8 34 1 2 3 13 17 29 3 41 51 242 212 87 77 18 8 2 1 4 11 3 5 3 0 48 18 10 26 15 95 13 27 62 18 70 1 21 1 77 6 594 498 802 135 22 54 34 0 12 70 77 35 49 60 119 284 33 12 47 7 58 41 16 163 31 36 67 32 113 280 0 0 1 0 0 0 0 2 1 0 0 4 8 0 0 0 0 1 20 1 44 70 0 9 0 0 2 1 0 0 0 4 2 0 1 0 0 0 1 0 0 1 0 0 0 1 2 0 2 18 5 22 28 0 0 0 0 1 15 8 8 2 0 0 1 1 1 0 117 20 16 1 0 35 2 2 3 0 7 0 0 5 72 12 15 1 0 0
14386 6829 16516 6732 136 2399 836 12621 229 5697 361 27019 0 2 4 0 2 0 1 0 122 76 4 18 28 2 5 1 474 188 85 29 30 17 1 1 2 11 0 7 209 10 61 0 3 1 18 17 42 0 87 103 462 391 163 128 10 14 3 0 9 21 5 2 4 2 86 18 18 62 29 96 17 27 68 10 80 3 25 4 157 8 959 768 968 133 26 81 55 6 15 129 109 59 79 51 149 457 51 12 71 15 171 67 16 262 67 62 124 60 206 396 0 0 2 0 1 0 0 0 0 1 0 4 5 0 1 0 0 0 24 4 47 59 0 7 0 0 4 2 0 1 0 1 8 0 1 0 2 2 2 1 0 2 0 0 0 0 3 1 5 27 10 10 29 0 0 0 0 1 8 8 6 2 0 0 1 0 0 0 128 27 17 2 0 49 2 4 1 1 12 0 0 7 99 35 17 1 2 1
3546 9853 6732 19073 4685 16224 227 80 48 218 200 5124 1 2 1 0 0 1 0 0 210 118 3 11 29 2 2 0 268 2162 143 70 46 18 1 0 4 12 1 2 211 6 27 3 1 1 15 11 17 2 20 20 96 94 50 87 9 16 4 0 3 7 5 3 3 1 45 23 9 18 9 138 17 36 42 5 97 1 26 2 45 7 314 285 849 160 19 23 25 1 6 57 34 10 25 77 129 139 35 9 48 14 67 64 23 194 34 31 73 29 96 264 0 0 0 1 0 2 0 0 0 0 0 2 5 0 2 0 0 0 20 2 47 76 0 16 0 0 3 1 0 3 0 10 6 0 4 0 1 3 0 0 0 0 0 1 0 1 2 0 3 28 1 21 39 2 0 0 0 1 24 14 6 2 2 0 1 0 0 0 141 22 20 3 0 64 2 0 2 3 9 0 2 13 77 15 10 2 4 3
2180 1862 136 4685 13047 5057 712 112 99 168 153 1915 3 42 74 20 39 48 21 16 603 560 24 29 88 5 18 22 3774 7520 7923 2054 1109 349 4 0 79 170 20 26 469 10 79 4 0 36 34 45 55 2 58 67 570 515 140 170 570 112 10 0 140 28 30 14 25 1 253 56 133 43 24 549 182 52 500 47 128 7 106 5 121 2 879 935 1878 440 61 65 61 5 38 116 86 43 83 2786 193 706 180 68 27 6 32 42 13 106 16 26 48 14 78 154 1 3 10 1 1 3 1 10 4 8 1 6 10 0 1 0 0 2 15 3 37 76 2 13 1 2 10 9 3 3 3 2 12 3 4 1 8 15 2 0 2 3 0 2 1 2 2 1 2 27 1 15 31 2 2 2 0 1 18 8 3 4 2 0 2 3 6 1 131 36 26 2 2 58 0 2 1 2 9 5 0 7 49 15 15 0 1 4
2841 4793 2399 16224 5057 14705 420 128 136 505 359 10643 2 7 20 7 16 26 27 9 592 557 17 16 56 4 4 0 495 2329 308 5369 1403 282 3 2 23 120 3 16 359 8 37 6 4 29 29 24 23 2 27 24 160 152 97 122 19 149 7 0 65 19 7 5 4 1 94 37 40 19 9 1026 186 79 398 22 304 4 183 2 54 5 419 397 1236 290 29 42 26 1 31 63 27 21 49 3020 505 255 150 9 86 29 108 125 30 355 64 63 155 42 238 541 2 2 5 1 1 3 1 3 5 9 0 6 10 2 1 0 0 1 39 2 84 165 0 35 0 0 14 6 1 3 1 8 29 0 6 2 5 8 2 0 1 3 0 2 1 0 0 0 5 38 3 37 66 1 3 0 0 1 37 31 11 9 0 0 0 0 2 1 269 52 46 4 1 153 1 1 4 6 30 1 0 15 147 35 32 4 1 2
7960 514 836 227 712 420 6230 5664 1687 2628 194 622 1 5 9 2 2 3 0 2 43 58 3 7 7 1 7 5 1732 835 316 76 46 20 0 1 6 11 2 3 48 2 21 2 8 5 10 5 5 4 20 29 1016 477 133 15 17 7 1 0 16 6 10 4 8 2 34 9 14 8 4 93 15 14 40 8 50 8 30 1 28 4 406 237 119 27 5 16 4 0 10 34 30 18 7 111 316 4669 22 9 25 3 27 22 6 61 25 34 44 21 60 106 0 0 0 0 0 0 0 1 1 1 0 1 1 0 1 0 0 0 4 0 16 20 0 1 0 0 4 1 0 1 0 0 4 0 1 1 0 1 1 1 0 0 0 0 0 0 0 0 0 9 2 4 11 0 0 0 0 0 3 2 2 4 0 0 0 2 1 0 39 12 5 1 0 10 1 0 4 0 10 0 0 2 39 19 7 1 0 0
10219 254 12621 80 112 128 5664 16710 4710 18549 296 1301 1 2 1 1 1 2 1 1 21 22 2 2 20 0 5 0 341 134 59 15 15 9 1 1 2 5 2 3 73 3 37 3 2 1 7 12 20 3 50 65 743 373 148 29 9 2 1 0 7 10 2 0 3 3 35 6 10 28 15 45 10 13 43 8 41 1 12 2 95 11 748 468 295 25 21 36 18 2 3 73 70 27 40 35 117 1340 16 5 59 4 35 36 6 116 77 61 96 49 110 171 0 1 1 0 0 0 0 0 0 0 0 0 0 1 0 0 0 0 9 1 18 24 0 7 0 0 0 0 0 0 0 3 1 0 1 0 1 1 1 0 0 1 0 1 0 1 0 3 2 12 12 10 11 1 0 0 0 0 10 4 4 1 0 0 1 0 2 0 38 6 7 0 0 13 0 1 0 1 7 0 0 1 76 31 1 0 0 0
297 67 229 48 99 136 1687 4710 2698 4886 361 757 102 1 2 1 0 6 8 1 56 129 3 2 12 3 2 0 92 50 32 65 134 16 0 0 7 12 1 4 37 0 4 71 496 68 4 2 3 318 8 39 405 80 48 7 3 9 2 0 4 6 1 1 0 177 10 10 6 6 2 765 85 730 31 1 864 275 313 37 32 201 116 63 74 15 7 119 54 77 108 16 11 4 4 33 2795 2106 12 0 22 5 12 11 3 41 23 18 24 19 46 60 1 0 1 0 1 0 0 1 1 2 0 0 2 0 0 0 0 1 3 0 7 13 0 6 0 0 3 1 1 0 5 3 3 1 9 0 6 27 3 6 4 1 0 10 2 1 2 1 0 9 4 2 2 0 12 7 1 1 5 4 2 0 6 10 3 1 51 14 28 12 3 1 7 8 2 6 12 1 6 22 1 1 21 13 2 1 0 2
2398 564 5697 218 168 505 2628 18549 4886 41645 11849 25527 3 2 4 3 1 3 4 3 97 120 6 7 34 1 5 1 251 191 73 99 149 26 2 0 5 17 0 2 127 3 39 21 16 7 10 16 27 25 48 60 652 263 123 52 9 18 2 0 6 10 1 3 3 13 42 16 13 25 16 1456 38 104 87 2 1835 32 276 4 121 24 636 395 473 81 23 40 25 8 17 69 64 40 40 100 5335 2327 48 3 218 22 216 213 45 676 223 252 434 218 515 930 1 0 1 0 0 0 0 1 3 2 2 11 10 1 1 0 0 1 45 2 105 129 1 17 0 0 4 6 0 1 0 8 14 0 13 1 1 8 3 1 0 7 0 2 4 5 0 3 12 62 20 60 48 1 1 1 0 0 41 28 13 3 2 1 3 3 5 0 258 46 62 1 0 71 2 0 4 1 27 3 1 10 397 100 28 1 0 1
434 412 361 200 153 359 194 296 361 11849 4421 6554 3 1 0 0 1 4 9 0 97 185 6 1 16 1 1 0 55 116 16 162 313 37 0 0 4 13 0 3 50 0 5 10 8 9 5 0 5 10 4 3 81 43 15 9 5 31 0 0 7 1 1 2 0 11 16 8 2 5 1 1364 51 72 83 1 524 17 221 3 15 8 102 72 163 42 4 11 11 5 3 13 10 6 6 181 1575 320 32 1 79 15 95 82 27 268 80 68 144 77 210 376 0 0 1 0 1 0 0 0 1 1 1 8 1 0 1 0 0 0 23 0 57 64 0 12 0 0 2 1 0 0 0 5 8 0 4 1 4 6 1 1 0 0 0 3 0 1 0 0 5 25 6 8 14 0 0 0 0 0 20 9 9 1 0 0 0 0 1 0 120 17 33 1 1 55 1 2 1 3 13 0 2 10 158 37 5 2 0 2
1999 2643 27019 5124 1915 10643 622 1301 757 25527 6554 31896 5 6 10 2 10 31 17 5 468 509 15 13 53 5 3 0 379 1095 139 1397 1156 156 0 0 7 77 2 11 339 8 28 12 5 21 19 28 20 4 28 44 289 189 94 118 17 191 4 1 27 14 5 4 5 6 80 42 20 27 12 2446 175 203 339 8 523 7 360 6 68 8 501 431 1122 226 25 35 20 1 12 49 50 26 42 839 1879 789 99 4 355 59 668 443 89 1261 295 285 601 247 876 1860 0 1 13 0 0 4 0 1 2 9 3 19 29 0 4 0 0 2 99 6 243 370 2 46 1 1 16 4 1 11 0 28 51 1 12 3 9 16 11 0 1 6 0 2 3 7 0 0 28 110 24 111 136 0 1 0 0 4 87 82 38 13 0 1 0 0 4 0 723 130 154 4 0 248 2 0 3 18 76 0 1 55 551 109 86 5 5 11
0 1 0 1 3 2 1 1 102 3 3 5 7480 1 6 23 99 2803 5269 81 5 4 2 10 0 0 13 8 3 0 0 4 30 4 0 0 32 590 26 1 8 1 35 5832 3289 3925 3 5 2 122 1 8 14 1 0 0 0 1 1 0 188 3 8 69 53 1658 5 0 17 1 1 61 321 998 2 7 128 324 413 5 7 31 2 1 2 1 0 22 34 31 378 1 0 1 8 3 212 36 0 0 1 6 2 0 9 4 2 4 0 0 4 5 33 175 1283 30 15 303 28 1503 43 928 98 2 2 2 2 24 5 69 6 8 5 22 4 31 5 3 51 48 318 28 213 2 2 15 279 133 86 2630 9 3 6 2 0 3 0 1 0 0 0 1 0 0 1 12 216 172 3 272 3 6 8 19 11 46 1 2 121 10 7 41 188 8 9 24 3 6 4 2 1 22 2 13 4 2 1 0 0 1
8 4 2 2 42 7 5 2 1 2 1 6 1 10136 6912 477 1123 156 26 74 94 93 262 580 17 12 2226 778 403 64 136 8 15 434 4094 6048 4400 336 128 1390 410 11 128 4 1 10 899 5 8 2 2 3 72 88 6 2 147 397 1301 832 19 12 38 280 295 1 239 697 88 2 1 3 16 9 383 8 2 0 9 0 9 0 39 58 38 17 21 2 2 1 6 14 4 5 23 53 2 44 13 44 0 1 0 1 3 3 0 0 0 0 2 0 29 10 14 9 14 8 23 8 38 60 24 3 6 2 8 1 4 5 5 2 1 10 4 23 2 4 34 41 5 26 3 1 4 2 5 3 39 8 8 0 1 0 0 0 0 0 0 1 0 0 0 1 1 10 1 1 0 1 1 11 1 15 0 3 0 0 1 0 7 17 14 2 0 9 1 0 0 2 0 1 0 2 1 0 4 0 1 5
11 4 4 1 74 20 9 1 2 4 0 10 6 6912 20808 10323 1211 3681 297 2759 253 209 728 414 28 14 1747 3138 304 63 161 14 22 193 626 334 920 410 768 645 1150 48 152 11 2 41 376 14 35 2 8 1 49 59 7 7 107 281 414 115 264 30 43 368 913 0 131 430 539 8 5 8 22 18 391 29 2 4 5 0 7 0 47 44 46 13 24 7 8 1 28 37 8 13 73 90 1 29 21 17 0 9 1 3 5 3 0 3 0 1 3 2 83 22 50 36 61 32 87 42 140 223 64 6 19 15 11 9 19 34 14 9 3 29 9 47 15 25 68 147 22 92 17 1 10 7 11 7 148 70 45 1 0 0 1 2 1 1 1 0 1 3 0 2 4 59 14 14 3 1 2 39 6 75 2 5 0 0 11 1 9 56 33 7 1 63 2 0 4 6 1 4 0 8 1 0 3 1 4 11
5 2 0 0 20 7 2 1 1 3 0 2 23 477 10323 14948 225 10283 1849 2683 45 41 229 141 2 5 453 4773 133 26 45 3 8 48 82 36 136 227 1782 43 678 93 129 12 6 67 49 16 54 0 7 4 28 31 4 1 45 63 83 23 372 32 23 144 532 4 72 104 494 16 10 2 11 19 87 37 2 1 5 0 9 1 17 20 14 6 2 10 26 0 16 50 12 16 78 28 0 14 2 6 0 2 0 0 1 2 0 0 0 0 0 3 91 107 216 55 17 137 48 222 50 629 94 3 5 3 9 6 6 69 10 8 1 18 3 15 9 7 37 33 51 28 49 1 1 9 29 45 128 227 14 1 2 0 0 1 0 0 0 0 0 4 0 2 2 27 8 17 1 13 1 20 6 14 2 6 0 1 12 1 11 22 58 3 4 37 1 3 6 0 1 8 2 1 1 0 3 0 2 0
7 1 2 0 39 16 2 1 0 1 1 10 99 1123 1211 225 3481 487 2158 1159 69 99 189 64 17 7 50 22 57 20 43 13 15 62 69 32 1930 2071 17 227 231 10 20 29 9 142 192 2 9 7 1 2 10 14 1 1 27 130 106 17 52 6 2 9 14 3 26 155 13 4 1 4 30 111 143 1 3 8 6 0 2 0 13 21 29 5 10 5 6 1 18 4 1 0 18 73 1 10 7 6 0 20 1 3 16 8 0 2 0 2 4 5 125 32 56 48 60 40 79 36 250 315 82 31 30 23 15 21 12 57 32 10 9 46 16 73 25 47 125 255 18 149 22 4 20 29 19 15 282 56 79 4 2 0 1 7 0 1 0 0 0 5 0 6 7 106 6 10 0 4 14 54 13 114 1 5 3 0 12 0 25 78 83 13 0 110 3 1 2 11 1 5 4 18 2 0 18 2 9 24
6 2 0 1 48 26 3 2 6 3 4 31 2803 156 3681 10283 487 24118 5335 1550 83 135 241 743 14 5 699 530 86 20 47 28 144 55 88 6 381 1457 4034 59 851 128 827 275 41 9623 88 99 147 2 41 2 16 26 3 2 27 68 39 6 7107 192 111 479 540 165 43 99 1126 57 26 124 388 215 143 151 17 4 59 0 45 1 25 34 35 20 8 46 95 14 217 151 27 69 362 93 28 12 14 4 2 20 1 5 23 22 0 10 1 0 6 3 130 1351 2593 314 58 1151 141 2098 195 3138 324 8 20 14 17 66 16 695 29 20 15 113 10 152 40 21 210 156 798 88 597 2 14 43 368 556 355 2704 37 12 13 1 0 32 1 6 3 2 0 12 0 3 13 73 138 273 13 248 6 43 32 66 18 55 3 4 96 4 41 141 367 18 12 108 6 11 14 5 3 23 12 30 16 2 14 2 7 12
2 0 1 0 21 27 0 1 8 4 9 17 5269 26 297 1849 2158 5335 49989 9179 60 76 63 65 17 8 235 164 12 6 16 27 187 33 28 5 350 4767 131 70 158 10 58 3573 542 5586 51 9 5 36 1 2 9 6 2 2 3 16 9 3 194 13 16 70 37 228 5 34 18 5 0 226 833 2508 30 9 23 77 122 3 7 15 16 19 19 5 7 16 20 13 293 10 3 7 29 40 15 7 8 0 4 36 0 5 31 22 2 6 2 2 21 14 900 830 2176 588 344 1858 825 1388 878 9860 1521 37 69 69 95 73 96 773 113 25 11 238 62 246 177 134 626 660 106 637 106 8 43 116 256 524 2163 1565 247 12 3 2 9 16 0 5 3 3 4 19 3 10 18 383 47 63 12 143 37 179 37 271 11 53 1 5 111 12 104 423 1319 39 7 534 8 5 9 29 13 31 23 27 23 4 29 17 18 38
2 1 0 0 16 9 2 1 1 3 0 5 81 74 2759 2683 1159 1550 9179 2523 71 83 145 106 25 10 89 59 25 10 25 11 22 19 49 3 137 418 48 292 255 15 64 67 17 111 112 7 17 3 3 1 1 7 3 2 8 47 38 5 168 11 11 20 18 5 12 51 20 1 4 10 53 93 69 4 6 7 5 2 4 0 8 17 17 8 5 5 8 0 24 18 2 9 27 30 0 2 1 0 2 14 2 5 15 4 0 1 0 2 3 5 295 76 117 124 116 64 165 59 293 650 112 16 32 35 54 39 43 89 54 12 4 43 21 75 67 74 144 264 15 301 28 2 25 43 36 32 473 121 109 3 0 0 3 4 0 5 1 1 0 9 0 7 8 204 12 16 1 9 13 99 13 118 3 7 0 0 21 0 16 57 143 23 3 215 2 1 3 22 8 4 12 8 3 0 16 6 9 20
128 172 122 210 603 592 43 21 56 97 97 468 5 94 253 45 69 83 60 71 7175 8469 3828 475 394 246 67 6 133 123 495 173 303 416 26 6 262 570 3 467 1293 44 186 39 1 31 279 9 27 3 8 3 37 32 24 596 30 42 42 4 45 26 53 16 13 2 43 208 20 10 7 160 203 62 157 9 122 8 74 0 18 3 143 81 3468 308 145 12 14 5 18 39 9 16 85 294 149 97 192 24 5 4 0 5 4 18 3 2 4 2 20 15 3 0 1 2 3 2 5 3 11 7 2 2 5 0 0 1 0 2 0 1 7 45 2 29 0 2 25 15 1 4 0 6 6 1 5 0 10 8 7 1 1 0 0 1 0 0 0 0 1 5 1 2 8 5 2 1 0 0 2 5 7 6 1 0 0 0 1 0 47 32 16 3 0 38 1 0 2 2 4 4 0 6 12 1 9 2 0 4
112 80 76 118 560 557 58 22 129 120 185 509 4 93 209 41 99 135 76 83 8469 34916 3679 1710 6543 1923 150 6 243 117 383 221 693 956 55 2 436 1240 9 2513 982 158 1058 123 10 61 1054 45 106 9 16 15 100 144 26 125 47 50 64 3 98 189 253 80 16 11 219 416 90 68 11 342 549 103 213 41 244 29 160 2 38 1 357 562 4890 1460 954 38 84 12 63 90 24 71 532 320 325 141 2357 29 3 7 6 6 9 20 3 6 3 9 18 23 3 1 2 0 6 3 8 6 27 13 2 7 14 0 3 1 1 6 12 5 11 70 1 72 2 1 69 43 2 9 1 2 5 1 2 1 27 7 17 1 4 1 0 6 2 2 1 2 1 5 1 3 11 4 5 4 3 2 5 28 14 20 4 3 1 1 9 4 56 69 21 7 5 44 2 7 0 2 2 5 1 13 14 1 8 1 0 2
4 4 4 3 24 17 3 2 3 6 6 15 2 262 728 229 189 241 63 145 3828 3679 10864 10303 558 4242 323 31 53 9 8 5 51 135 95 6 289 339 31 2312 6255 1198 385 8 3 21 341 13 130 2 14 3 21 61 10 13 12 12 29 6 58 47 31 13 11 1 73 65 41 17 6 21 59 7 29 21 13 2 4 0 18 0 44 168 233 128 72 15 25 7 22 91 16 22 176 15 12 9 135 3 0 0 2 0 0 2 1 0 0 0 1 1 1 1 2 1 0 0 0 1 6 8 2 0 0 0 0 0 0 0 1 1 1 3 0 7 1 2 3 7 1 0 0 1 0 0 0 0 2 3 2 0 3 0 0 1 1 0 0 1 0 0 0 0 1 1 1 0 0 0 1 3 0 2 1 3 1 0 3 1 1 6 5 1 2 3 1 1 1 0 0 6 1 0 1 0 0 0 0 0
21 9 18 11 29 16 7 2 2 7 1 13 10 580 414 141 64 743 65 106 475 1710 10303 14283 784 5414 4629 222 483 27 56 10 27 77 1662 105 169 132 205 11432 3490 6025 4109 20 17 819 2622 86 531 3 60 10 146 374 29 17 212 21 301 31 1455 218 256 964 176 12 941 224 547 79 29 14 42 6 48 196 8 4 13 2 73 5 177 830 317 541 316 73 118 14 342 388 52 104 635 13 6 14 481 69 0 0 0 0 2 3 0 0 0 0 1 0 7 9 13 2 6 7 1 27 12 17 7 1 2 0 0 2 1 2 1 0 2 5 0 9 0 2 16 18 16 7 5 1 0 2 3 1 13 75 6 3 2 1 0 7 0 1 0 1 0 0 0 0 0 2 18 9 3 1 1 6 2 7 4 11 2 1 22 2 5 10 2 0 3 2 1 4 10 0 1 13 3 2 0 0 0 0 1 1
45 31 28 29 88 56 7 20 12 34 16 53 0 17 28 2 17 14 17 25 394 6543 558 784 9300 1507 109 4 452 26 100 14 47 47 19 1 43 139 5 2860 219 36 427 19 1 33 1571 18 36 1 20 16 197 616 27 37 176 6 7 1 49 67 122 65 29 2 1412 330 40 27 10 34 74 11 43 23 17 3 24 0 32 2 331 2276 1217 2831 4699 23 27 3 16 32 26 27 190 39 22 21 3226 168 0 1 2 0 1 3 0 1 0 1 1 4 0 0 1 1 2 1 1 0 11 2 3 1 3 0 0 0 0 0 2 2 2 10 3 20 0 0 17 5 0 1 0 1 2 0 0 0 6 2 3 0 3 0 0 1 0 0 0 1 0 0 0 0 0 1 1 1 0 0 0 3 2 3 0 0 1 0 2 0 6 10 6 1 1 7 0 0 2 0 0 6 1 2 1 1 1 0 1 0
0 1 2 2 5 4 1 0 3 1 1 5 0 12 14 5 7 5 8 10 246 1923 4242 5414 1507 3592 474 0 22 1 0 1 10 17 198 1 10 24 0 5793 281 12 47 3 0 1 215 4 8 0 1 1 20 25 1 5 5 3 3 0 2 5 7 1 0 0 47 8 1 2 2 1 9 3 1 1 3 0 2 0 4 0 22 120 93 53 25 4 7 1 3 8 0 2 22 2 4 0 76 0 0 0 0 0 0 1 0 0 0 0 2 2 0 0 0 0 0 0 2 0 0 0 0 0 0 0 0 0 0 0 2 0 0 1 0 4 0 0 1 2 0 1 0 0 0 1 0 0 1 0 0 0 0 0 0 0 0 0 0 0 0 0 0 0 1 0 0 0 0 0 0 0 1 0 0 0 0 0 0 0 0 0 1 0 0 0 0 0 0 0 0 0 0 0 0 0 0 0 0 0
12 4 5 2 18 4 7 5 2 5 1 3 13 2226 1747 453 50 699 235 89 67 150 323 4629 109 474 24819 10065 851 40 77 0 13 127 4432 230 259 72 734 3434 515 55 460 4 2 144 1005 10 22 2 12 5 159 277 10 5 352 69 440 71 112 43 83 941 264 1 1012 263 71 10 4 7 26 0 71 3 3 1 9 1 11 0 135 331 79 234 102 7 13 1 14 20 8 8 48 10 1 46 159 117 0 2 0 0 1 0 0 0 0 0 1 1 5 22 45 4 7 19 10 119 12 59 8 4 0 1 0 4 0 12 3 2 1 8 1 13 2 0 20 17 45 4 29 0 1 2 8 7 6 138 4 0 1 0 0 2 0 0 0 0 1 0 0 1 0 2 12 13 0 2 0 6 1 9 4 4 0 0 3 0 1 12 7 3 1 3 1 1 1 0 0 0 0 3 0 0 1 1 0 0
7 1 1 0 22 0 5 0 0 1 0 0 8 778 3138 4773 22 530 164 59 6 6 31 222 4 0 10065 8949 410 39 83 2 6 110 268 149 129 30 2520 40 103 10 127 6 0 89 130 2 4 0 2 3 61 89 7 0 176 101 250 90 70 9 23 1024 1137 1 328 254 142 2 0 1 3 2 89 6 1 0 2 0 6 0 41 58 28 19 16 4 3 2 6 5 5 0 11 7 2 34 16 52 0 0 0 0 0 1 0 0 0 1 0 1 2 83 128 7 6 52 4 256 9 110 6 0 0 0 0 6 0 32 0 0 0 4 2 9 0 2 6 7 95 3 55 0 2 3 12 21 13 224 2 0 0 0 0 1 1 2 0 0 0 1 0 0 0 1 15 18 0 7 0 2 1 1 0 4 0 0 5 0 3 7 6 1 1 6 0 0 0 0 0 2 0 3 1 0 1 0 0 1
5905 674 474 268 3774 495 1732 341 92 251 55 379 3 403 304 133 57 86 12 25 133 243 53 483 452 22 851 410 40769 13405 4282 217 254 196 134 27 207 113 156 172 180 35 786 10 9 99 726 149 63 6 62 66 4483 12014 322 26 2374 138 143 12 289 657 955 535 901 5 5049 1122 1225 114 38 141 85 49 3481 127 91 7 57 3 110 4 1406 2784 431 380 1393 36 58 11 74 102 73 60 406 1526 74 6699 367 1532 18 8 18 13 8 47 7 9 18 7 39 57 1 4 11 0 0 4 0 15 11 10 3 3 7 3 2 0 0 3 20 1 20 58 0 26 0 1 25 8 20 5 15 2 10 4 11 2 7 49 16 2 3 0 0 10 1 2 0 2 0 10 0 7 23 8 20 22 6 3 5 10 9 18 4 10 1 2 23 12 60 45 19 5 12 43 3 6 12 5 6 23 0 11 29 6 11 0 3 4
7536 4006 188 2162 7520 2329 835 134 50 191 116 1095 0 64 63 26 20 20 6 10 123 117 9 27 26 1 40 39 13405 17020 5618 176 135 66 3 4 58 51 18 4 131 5 68 1 3 13 29 28 18 3 49 53 814 722 126 42 1842 32 12 1 51 45 56 18 77 0 540 57 162 35 11 103 38 25 534 35 50 1 26 1 98 1 742 667 524 102 37 44 26 4 23 86 64 27 53 692 90 1034 55 207 28 6 35 23 9 102 20 20 56 16 63 160 0 2 3 2 0 2 0 4 1 1 1 1 1 0 0 0 0 0 10 0 25 42 0 11 0 0 8 1 2 1 0 3 4 0 5 1 3 8 0 1 0 0 0 2 4 0 2 2 4 9 0 12 16 0 3 3 0 2 12 8 7 2 1 2 2 2 6 0 62 14 14 2 1 24 1 1 7 4 5 1 0 15 41 7 8 1 0 0
418 97 85 143 7923 308 316 59 32 73 16 139 0 136 161 45 43 47 16 25 495 383 8 56 100 0 77 83 4282 5618 11431 139 261 207 22 10 108 114 42 26 454 8 120 8 2 25 106 54 49 3 54 52 569 569 142 175 7217 65 51 3 152 63 96 66 164 2 1361 331 275 44 31 90 70 21 3327 59 18 1 22 2 105 8 884 1046 2108 630 234 81 64 3 32 119 82 44 89 5223 24 583 442 4605 2 1 7 8 4 9 2 4 2 1 8 16 0 5 6 0 0 3 1 10 4 5 2 1 3 0 0 0 0 0 2 1 5 23 0 7 0 0 5 6 6 2 4 0 5 2 3 2 4 13 4 0 2 0 0 3 2 1 0 2 1 1 0 2 5 2 3 1 0 0 2 8 5 6 3 7 1 3 13 3 23 12 3 1 3 10 2 1 1 1 3 5 0 3 6 3 3 0 0 1
108 55 29 70 2054 5369 76 15 65 99 162 1397 4 8 14 3 13 28 27 11 173 221 5 10 14 1 0 2 217 176 139 8455 4018 1727 1 3 27 130 1 4 102 0 9 4 0 15 4 4 4 0 1 7 63 61 18 14 10 2651 5 1 27 5 5 3 5 0 45 34 17 9 3 1097 196 62 2052 5 118 2 164 0 9 2 117 116 196 56 9 7 3 1 14 15 12 3 10 5800 206 91 50 4 9 5 8 9 6 34 4 13 16 5 42 82 0 1 0 0 0 0 1 2 3 5 1 3 2 0 0 0 0 1 12 1 17 107 0 29 0 0 11 2 0 0 2 5 9 0 1 1 4 4 2 0 0 2 0 1 0 0 0 0 4 18 0 7 13 2 1 0 0 0 11 9 2 0 0 0 1 1 3 0 77 50 25 0 2 54 0 0 1 1 13 0 0 13 30 2 14 0 0 0
66 39 30 46 1109 1403 46 15 134 149 313 1156 30 15 22 8 15 144 187 22 303 693 51 27 47 10 13 6 254 135 261 4018 10178 4496 3 1 70 922 1 20 174 3 23 175 10 110 89 4 10 10 12 23 127 102 31 28 34 1233 80 10 41 7 8 7 3 10 71 317 9 12 2 3201 3117 533 2488 3 674 23 1367 2 20 7 210 171 281 71 46 15 9 3 12 13 17 7 14 3379 446 156 68 8 23 35 26 30 33 67 9 27 19 8 98 100 4 3 13 2 6 9 10 15 49 34 15 36 49 5 6 8 4 14 51 10 42 601 9 321 1 0 178 62 0 28 2 20 60 4 7 12 65 23 51 1 1 5 0 1 3 12 1 0 21 54 4 24 105 11 1 6 0 3 69 81 92 75 0 0 9 0 6 0 334 557 170 31 0 361 2 3 1 22 73 2 4 32 59 16 72 8 5 27
22 12 17 18 349 282 20 9 16 26 37 156 4 434 193 48 62 55 33 19 416 956 135 77 47 17 127 110 196 66 207 1727 4496 5538 188 256 836 794 39 95 284 9 49 18 3 12 416 6 6 3 8 15 101 68 37 18 78 6434 3842 2247 38 13 27 55 104 3 93 3570 59 6 6 228 188 140 3635 10 104 21 99 0 31 3 170 149 249 69 68 10 6 1 8 18 16 2 26 1421 45 42 51 28 7 23 6 12 27 29 5 8 5 3 47 29 4 4 2 0 3 2 2 7 14 12 4 31 38 3 4 4 3 5 44 10 24 396 4 227 1 0 131 43 2 16 5 9 49 5 4 1 45 11 51 1 0 1 0 1 2 8 1 4 14 50 1 17 55 9 0 2 2 0 41 46 86 71 2 1 6 0 1 1 174 323 59 36 0 196 3 1 0 7 48 0 4 28 30 11 57 9 8 21
3 0 1 1 4 3 0 1 0 2 0 0 0 4094 626 82 69 88 28 49 26 55 95 1662 19 198 4432 268 134 3 22 1 3 188 5631 2398 541 90 34 3495 195 13 143 5 0 7 1087 1 9 2 1 1 22 50 1 0 64 61 1115 285 12 11 23 129 47 2 124 174 20 2 0 2 12 3 78 1 0 0 4 0 1 0 15 48 24 31 10 1 2 1 3 6 1 1 15 8 1 3 28 21 0 2 0 1 0 2 0 0 0 0 2 0 5 0 1 1 10 3 13 1 15 18 9 0 1 0 0 0 0 3 3 1 0 4 1 8 0 3 12 12 1 8 2 0 2 0 1 0 8 9 3 0 0 0 0 0 0 0 0 0 0 2 0 1 0 4 0 1 0 0 1 3 2 5 0 1 0 0 1 0 3 7 2 1 0 3 0 1 0 0 0 0 0 3 0 0 2 0 0 0
0 0 1 0 0 2 1 1 0 0 0 0 0 6048 334 36 32 6 5 3 6 2 6 105 1 1 230 149 27 4 10 3 1 256 2398 2191 929 52 31 343 24 0 30 0 0 1 244 2 0 0 0 1 5 2 0 0 16 68 1874 1423 4 3 19 91 70 0 21 145 22 1 0 1 1 0 48 1 0 0 0 0 1 0 3 1 5 2 1 0 1 0 0 1 0 0 4 2 0 2 1 3 0 1 0 0 0 0 0 0 0 0 1 0 1 0 0 0 2 1 2 3 1 5 0 0 0 0 0 1 0 0 0 0 0 0 0 1 0 0 0 3 1 0 0 0 0 0 0 0 2 1 0 0 0 0 0 0 0 0 0 0 0 0 0 0 0 0 0 1 0 0 1 0 0 1 0 1 0 0 1 0 1 2 2 0 0 1 0 0 0 0 0 1 0 0 0 0 0 0 0 0
12 4 2 4 79 23 6 2 7 5 4 7 32 4400 920 136 1930 381 350 137 262 436 289 169 43 10 259 129 207 58 108 27 70 836 541 929 4240 1350 40 293 348 4 53 21 5 51 947 4 4 1 3 7 39 43 6 8 69 774 1844 2476 60 11 26 89 98 5 108 988 76 4 1 13 31 48 577 4 11 7 30 1 6 3 42 36 81 26 24 2 1 3 11 3 5 1 29 142 4 19 23 16 1 17 1 6 14 17 1 6 4 1 9 8 14 9 16 13 26 8 22 12 120 85 15 19 31 10 5 2 5 20 34 11 12 96 9 160 5 11 153 135 6 49 4 4 11 14 12 3 98 18 86 0 0 2 0 3 1 2 0 0 1 9 0 3 9 24 2 6 1 1 15 52 45 122 2 0 2 0 7 0 40 118 47 36 1 69 2 0 1 7 7 1 1 23 10 2 23 4 11 41
25 11 11 12 170 120 11 5 12 17 13 77 590 336 410 227 2071 1457 4767 418 570 1240 339 132 139 24 72 30 113 51 114 130 922 794 90 52 1350 7734 24 256 486 9 72 866 115 974 518 10 9 27 3 15 53 47 15 11 31 433 330 40 206 11 23 27 16 49 83 592 23 6 6 179 1517 1206 610 5 130 87 114 5 12 12 109 134 260 121 76 5 13 8 105 10 4 7 25 385 49 33 94 10 10 112 6 34 111 99 4 18 8 7 84 51 148 91 191 67 133 137 222 145 720 926 228 111 220 49 74 39 50 158 193 42 78 613 46 797 33 49 1002 790 32 346 33 23 124 58 63 51 841 188 457 5 1 7 4 9 4 12 3 3 12 66 4 25 59 197 25 30 5 20 114 322 229 537 7 29 6 4 33 7 275 906 481 172 1 482 4 7 5 82 70 7 22 107 76 12 183 49 49 121
3 1 0 1 20 3 2 2 1 0 0 2 26 128 768 1782 17 4034 131 48 3 9 31 205 5 0 734 2520 156 18 42 1 1 39 34 31 40 24 11281 13 124 26 289 6 9 296 22 47 23 3 8 1 14 19 2 3 62 35 51 25 9040 45 49 840 5376 3 85 81 5367 12 6 2 1 3 62 132 0 0 1 0 12 0 27 21 7 7 2 11 36 5 102 33 6 14 86 20 1 18 4 13 0 3 0 0 2 2 0 3 0 0 0 0 0 251 440 13 8 112 4 734 17 222 9 1 1 1 1 36 0 98 7 3 5 5 2 22 2 0 14 22 465 4 280 0 4 13 118 62 15 1205 3 5 3 1 1 5 1 1 0 0 0 1 0 1 4 3 154 199 8 22 0 4 9 9 8 28 1 2 26 1 1 8 12 5 6 1 0 2 3 1 1 10 8 8 2 0 0 0 1 0
10 2 7 2 26 16 3 3 4 2 3 11 1 1390 645 43 227 59 70 292 467 2513 2312 11432 2860 5793 3434 40 172 4 26 4 20 95 3495 343 293 256 13 7150 891 170 453 22 2 22 7094 10 61 2 7 2 76 166 10 11 55 23 493 41 35 30 66 43 14 2 342 103 43 9 2 14 46 7 35 9 14 4 14 0 14 2 106 436 269 293 273 8 14 0 15 29 15 20 170 6 9 8 342 24 0 1 0 0 1 0 0 1 0 0 0 1 2 4 1 4 10 1 6 0 27 26 6 0 1 0 0 1 2 4 5 2 0 7 1 13 1 1 25 28 3 9 0 1 0 1 2 2 15 5 9 0 1 0 0 0 0 0 0 0 1 4 0 0 0 7 0 1 0 0 4 6 1 7 0 0 0 2 0 0 2 14 8 2 1 9 0 1 0 0 0 4 0 3 0 0 1 0 0 0
173 212 209 211 469 359 48 73 37 127 50 339 8 410 1150 678 231 851 158 255 1293 982 6255 3490 219 281 515 103 180 131 454 102 174 284 195 24 348 486 124 891 10691 5103 1706 21 26 225 309 464 2347 41 282 117 51 65 1415 958 50 65 57 5 509 310 138 74 60 13 88 199 559 192 237 84 160 44 234 458 92 5 53 9 406 15 957 180 987 153 115 514 594 90 451 1639 214 401 1173 239 90 52 104 45 4 4 4 5 3 14 1 6 1 2 20 19 0 2 7 1 1 2 3 10 13 4 2 2 3 0 1 0 1 1 7 2 5 33 0 18 0 0 12 11 3 0 2 1 3 2 7 2 7 23 4 26 23 2 0 21 7 2 9 14 4 2 0 4 11 1 9 8 11 4 4 6 9 14 21 9 9 14 38 9 50 28 9 3 28 39 13 26 50 2 1 59 14 6 8 2 9 0 1 0
11 8 10 6 10 8 2 3 0 3 0 8 1 11 48 93 10 128 10 15 44 158 1198 6025 36 12 55 10 35 5 8 0 3 9 13 0 4 9 26 170 5103 7052 3288 0 7 89 71 80 1874 6 60 6 12 21 23 12 6 1 5 0 221 68 37 19 23 4 48 9 245 45 63 3 3 1 7 143 3 0 1 0 81 3 49 55 46 45 19 115 122 16 195 701 40 99 427 5 2 5 24 2 0 0 0 0 0 0 0 0 0 0 0 0 0 0 1 0 0 0 0 1 1 2 0 0 0 0 0 0 0 1 0 0 0 0 0 0 0 0 1 0 0 0 1 0 0 0 3 0 0 8 0 5 5 0 0 1 1 2 0 2 0 0 0 0 0 0 1 2 2 1 0 0 0 0 4 3 0 1 13 3 1 1 1 2 3 0 2 5 7 0 0 10 1 0 0 0 0 0 0 0
58 34 61 27 79 37 21 37 4 39 5 28 35 128 152 129 20 827 58 64 186 1058 385 4109 427 47 460 127 786 68 120 9 23 49 143 30 53 72 289 453 1706 3288 10236 28 143 1332 582 628 4421 33 210 25 226 560 72 50 261 24 138 16 2955 952 2628 5968 1061 40 1261 113 4499 360 218 15 36 13 78 2303 9 3 24 4 402 8 431 910 468 609 209 472 652 118 3420 1946 428 905 8049 51 7 46 499 39 0 4 0 1 0 0 0 1 0 0 2 0 0 8 17 2 0 8 5 51 7 8 1 1 0 2 0 5 1 1 7 7 2 3 1 11 0 1 11 6 34 1 24 0 2 9 36 3 7 192 1 41 50 0 0 62 8 2 11 21 0 0 0 0 1 2 74 52 24 10 1 1 4 3 40 46 6 34 226 52 6 9 5 2 54 11 20 30 82 0 0 179 31 5 1 0 1 0 0 1
0 1 0 3 4 6 2 3 71 21 10 12 5832 4 11 12 29 275 3573 67 39 123 8 20 19 3 4 6 10 1 8 4 175 18 5 0 21 866 6 22 21 0 28 8680 2897 1257 66 4 2 808 7 71 14 3 3 1 1 1 26 1 70 8 7 5 7 1453 7 50 6 10 5 245 1796 4597 3 4 832 3287 5909 102 30 399 12 14 32 13 9 150 85 146 440 4 1 7 14 2 125 43 12 0 2 32 1 6 24 15 1 4 3 0 9 10 96 109 505 54 77 324 152 330 377 1899 311 20 33 10 26 21 17 114 57 13 28 152 12 202 36 24 363 328 36 121 27 7 38 31 75 116 625 465 106 5 9 4 0 18 8 8 6 11 2 10 0 2 6 80 35 48 10 50 16 87 50 135 12 41 1 4 141 21 73 296 573 29 10 213 8 14 20 24 3 49 12 23 26 2 30 8 18 38
4 2 3 1 0 4 8 2 496 16 8 5 3289 1 2 6 9 41 542 17 1 10 3 17 1 0 2 0 9 3 2 0 10 3 0 0 5 115 9 2 26 7 143 2897 9998 3166 4 49 11 5806 9 34 35 5 5 1 1 3 4 0 46 84 113 14 29 4095 3 4 95 28 24 86 263 577 2 50 826 106 939 55 132 263 15 3 8 2 2 767 521 1511 1371 18 3 14 98 0 1092 167 2 0 0 28 3 2 30 16 3 13 3 7 11 13 0 13 251 4 2 24 4 373 5 65 8 0 1 3 1 28 1 23 43 18 6 10 2 32 0 3 13 8 241 3 241 1 3 78 707 16 46 3475 7 49 56 4 5 242 12 8 19 36 0 2 1 6 8 11 964 473 95 226 3 13 11 14 143 483 9 20 2467 353 15 19 39 11 248 37 28 192 112 0 0 726 80 51 41 1 2 0 0 3
6 3 1 1 36 29 5 1 68 7 9 21 3925 10 41 67 142 9623 5586 111 31 61 21 819 33 1 144 89 99 13 25 15 110 12 7 1 51 974 296 22 225 89 1332 1257 3166 9197 38 48 68 27 8 1 39 44 8 1 30 9 13 1 1437 124 200 851 706 2319 94 34 203 31 24 151 616 375 31 91 66 4 186 0 24 2 25 67 25 49 18 39 73 29 1453 78 10 41 336 44 185 39 32 8 4 48 2 6 58 21 1 38 1 3 10 6 42 662 2617 81 34 585 62 2694 90 1629 141 5 11 7 4 169 11 298 55 49 14 68 7 132 16 8 130 81 1288 34 1127 0 7 136 1224 331 185 8693 20 22 20 2 2 76 0 3 3 0 0 7 5 7 23 42 1338 1274 39 538 3 35 57 59 50 436 6 9 1098 50 31 81 287 54 34 98 12 13 31 2 1 85 56 91 63 8 6 2 2 6
18 13 18 15 34 29 10 7 4 10 5 19 3 899 376 49 192 88 51 112 279 1054 341 2622 1571 215 1005 130 726 29 106 4 89 416 1087 244 947 518 22 7094 309 71 582 66 4 38 5979 25 39 2 5 6 172 474 19 12 543 73 1418 156 52 138 220 279 123 5 1638 4150 124 28 10 33 192 25 111 16 25 19 75 1 24 2 182 948 269 1085 1946 12 6 1 31 19 12 20 211 20 12 38 770 190 0 9 1 2 5 7 0 2 2 2 3 5 14 10 7 5 30 7 22 6 73 74 24 11 16 3 6 3 3 8 13 0 5 53 4 77 1 5 75 116 4 22 8 2 11 4 4 3 55 15 22 1 1 0 0 3 0 1 0 1 1 10 1 3 2 21 5 9 3 0 6 24 13 49 3 1 1 2 6 1 23 73 16 5 5 34 0 2 0 3 4 5 3 10 5 1 12 4 0 13
29 17 17 11 45 24 5 12 2 16 0 28 5 5 14 16 2 99 9 7 9 45 13 86 18 4 10 2 149 28 54 4 4 6 1 2 4 10 47 10 464 80 628 4 49 48 25 24593 270 68 100 29 20 44 14 15 31 7 6 1 217 12449 1492 137 198 13 85 22 4324 790 5554 5 4 3 25 5882 2 1 1 3 1009 15 88 88 71 27 10 1925 3676 113 673 292 124 334 1394 36 3 11 33 8 0 3 1 1 6 0 0 2 0 0 1 0 0 0 3 1 0 0 0 6 1 3 0 0 1 0 1 2 1 5 11 5 1 1 0 2 0 0 1 0 4 2 4 0 0 36 136 8 8 89 1 97 217 5 2 409 7 3 9 10 0 0 1 2 2 2 35 92 131 25 0 4 4 6 374 123 11 47 776 291 3 20 12 7 429 19 44 200 214 1 0 886 134 4 9 1 0 1 1 0
41 29 42 17 55 23 5 20 3 27 5 20 2 8 35 54 9 147 5 17 27 106 130 531 36 8 22 4 63 18 49 4 10 6 9 0 4 9 23 61 2347 1874 4421 2 11 68 39 270 8737 14 261 27 23 33 59 39 8 4 2 1 168 203 63 19 25 3 42 14 213 139 113 8 4 2 27 251 4 0 1 2 195 6 305 141 152 51 14 232 328 38 236 3755 349 1357 6276 20 6 3 32 5 0 0 0 0 1 1 0 0 0 0 1 0 0 0 0 0 0 0 1 0 1 1 0 0 1 0 0 0 0 0 0 1 1 2 0 4 0 0 2 0 1 0 1 0 0 1 4 0 1 10 0 9 10 0 0 8 1 0 2 5 0 0 0 0 2 1 2 3 3 2 0 0 0 1 16 3 4 4 24 6 2 4 3 0 11 4 4 11 20 0 0 36 10 2 1 0 1 0 0 1
8 3 0 2 2 2 4 3 318 25 10 4 122 2 2 0 7 2 36 3 3 9 2 3 1 0 2 0 6 3 3 0 10 3 2 0 1 27 3 2 41 6 33 808 5806 27 2 68 14 11138 52 795 28 3 9 4 1 0 5 0 10 152 49 2 8 2592 0 6 44 78 65 76 99 952 4 103 1402 212 596 1351 523 5798 23 15 11 5 0 3862 1412 3624 950 34 20 59 107 1 832 147 2 0 1 3 1 2 0 4 0 4 1 1 3 6 0 1 10 0 0 2 1 9 3 5 2 3 1 1 0 2 0 3 4 7 3 6 0 7 0 0 10 1 3 1 7 0 0 22 139 1 8 71 0 152 246 3 2 368 85 8 73 141 0 1 0 0 3 0 30 67 90 40 1 3 4 3 289 88 54 92 1124 193 2 12 19 4 376 18 113 802 632 0 3 1524 136 4 13 1 0 0 0 1
67 41 87 20 58 27 20 50 8 48 4 28 1 2 8 7 1 41 1 3 8 16 14 60 20 1 12 2 62 49 54 1 12 8 1 0 3 3 8 7 282 60 210 7 9 8 5 100 261 52 16599 12778 90 21 784 67 6 8 1 0 33 58 16 13 10 34 26 12 63 741 33 5 9 30 51 90 21 3 16 659 2181 162 1222 156 133 25 25 239 138 19 84 6697 10214 228 330 23 12 12 14 12 0 0 0 1 0 0 0 1 1 0 1 0 0 0 0 0 0 2 0 1 0 1 0 0 0 0 0 0 0 0 0 0 2 6 0 2 0 0 2 0 0 0 0 0 1 0 1 0 1 1 0 12 10 0 0 3 406 91 354 225 3 0 1 0 3 0 3 0 1 0 0 1 0 0 5 1 44 20 17 1 6 8 2 0 4 10 48 7 119 0 0 27 15 0 0 0 0 0 0 0
101 51 103 20 67 24 29 65 39 60 3 44 8 3 1 4 2 2 2 1 3 15 3 10 16 1 5 3 66 53 52 7 23 15 1 1 7 15 1 2 117 6 25 71 34 1 6 29 27 795 12778 30232 63 33 842 50 5 19 3 1 3 76 17 5 4 374 25 36 15 645 75 16 20 265 94 17 180 31 60 14997 4751 2316 1024 122 118 30 29 1732 106 61 26 1612 6484 91 68 43 76 35 14 19 1 0 0 1 0 0 0 3 0 1 6 2 0 0 0 0 0 0 1 0 0 1 1 1 0 0 0 1 0 0 1 0 0 10 1 0 0 0 3 2 0 0 0 3 0 3 8 0 1 6 1 87 37 1 1 27 5157 1040 4971 1466 37 4 0 1 3 0 1 1 7 65 5 1 2 1 12 1 495 187 32 2 8 15 45 0 10 39 600 144 1204 0 23 85 106 1 10 1 1 0 0 0
1200 242 462 96 570 160 1016 743 405 652 81 289 14 72 49 28 10 16 9 1 37 100 21 146 197 20 159 61 4483 814 569 63 127 101 22 5 39 53 14 76 51 12 226 14 35 39 172 20 23 28 90 63 16482 8150 4419 8 216 59 27 4 62 111 190 95 119 18 690 292 196 34 4 193 90 81 726 20 138 34 92 6 52 14 1922 1817 136 184 416 19 29 11 25 73 59 20 104 262 357 9191 157 216 8 3 4 8 4 20 6 13 14 2 21 28 2 0 2 0 1 0 0 0 4 0 3 5 5 0 1 0 0 0 6 2 9 60 0 26 0 0 15 5 0 3 2 1 9 0 1 0 8 6 4 1 1 0 0 3 3 0 1 2 0 3 1 1 11 2 2 2 0 0 2 5 12 9 0 0 2 0 3 1 44 42 14 5 1 41 0 0 2 0 1 2 0 5 19 5 3 3 0 4
735 212 391 94 515 152 477 373 80 263 43 189 1 88 59 31 14 26 6 7 32 144 61 374 616 25 277 89 12014 722 569 61 102 68 50 2 43 47 19 166 65 21 560 3 5 44 474 44 33 3 21 33 8150 13426 111 9 374 43 25 1 79 247 376 225 200 3 2892 437 250 45 15 74 42 43 628 33 60 3 35 2 33 6 1729 8317 164 604 862 11 25 3 24 52 28 36 265 312 47 1873 433 358 3 5 6 1 4 8 1 7 4 2 17 15 0 1 2 0 1 0 0 6 3 1 4 2 10 0 0 0 1 0 7 0 5 45 0 18 0 0 11 10 2 3 2 2 4 0 2 1 4 12 2 0 1 0 0 4 0 0 0 1 1 2 0 0 13 1 4 3 0 0 10 12 4 9 1 1 0 1 3 1 50 40 17 6 4 32 1 0 2 0 3 7 0 2 9 2 3 1 0 3
241 87 163 50 140 97 133 148 48 123 15 94 0 6 7 4 1 3 2 3 24 26 10 29 27 1 10 7 322 126 142 18 31 37 1 0 6 15 2 10 1415 23 72 3 5 8 19 14 59 9 784 842 4419 111 16937 831 30 15 4 2 15 11 27 12 15 3 47 57 39 114 26 29 19 14 187 21 27 2 14 52 429 16 3476 113 107 33 43 81 35 6 19 1455 545 93 91 65 38 880 30 27 2 0 0 4 1 1 0 3 1 0 8 3 0 0 0 0 0 0 0 0 0 0 1 1 0 0 1 0 0 0 4 2 1 20 0 6 0 0 4 0 0 0 0 1 1 0 1 0 2 1 1 2 4 0 0 2 26 6 24 27 0 0 0 0 5 0 2 2 0 0 1 1 8 2 0 1 4 5 2 0 18 15 2 0 1 19 7 2 23 1 0 4 5 4 7 0 3 0 0 1
87 77 128 87 170 122 15 29 7 52 9 118 0 2 7 1 1 2 2 2 596 125 13 17 37 5 5 0 26 42 175 14 28 18 0 0 8 11 3 11 958 12 50 1 1 1 12 15 39 4 67 50 8 9 831 1634 16 12 0 0 5 8 7 2 5 1 9 18 18 36 20 15 13 5 48 13 8 0 7 0 105 8 2043 58 1824 52 13 45 17 4 7 222 86 46 78 51 16 9 27 19 2 0 0 1 0 0 0 1 1 4 0 3 0 0 0 0 0 1 0 0 0 0 0 0 1 0 0 0 0 0 2 0 0 15 0 4 0 0 2 0 0 0 0 0 1 0 1 0 0 0 0 1 1 0 0 1 1 1 1 3 0 0 0 1 4 0 0 0 0 0 1 0 1 0 1 0 0 3 2 1 9 8 3 1 2 9 4 0 8 0 1 1 2 1 4 0 2 0 1 0
44 18 10 9 570 19 17 9 3 9 5 17 0 147 107 45 27 27 3 8 30 47 12 212 176 5 352 176 2374 1842 7217 10 34 78 64 16 69 31 62 55 50 6 261 1 1 30 543 31 8 1 6 5 216 374 30 16 5267 54 113 6 79 144 310 233 351 1 1197 1247 391 32 10 24 11 4 2294 43 5 2 7 1 23 1 154 361 183 382 1346 10 35 2 17 18 18 15 110 781 4 90 1603 3905 0 2 0 0 0 1 0 2 0 0 4 3 0 1 0 0 0 0 0 4 3 6 2 1 1 0 0 0 0 2 3 0 0 6 0 11 0 0 7 10 8 0 1 0 0 1 2 1 3 20 3 1 1 0 0 7 1 0 0 0 0 0 0 1 0 2 7 7 2 0 0 2 1 7 1 4 0 0 12 1 4 10 1 1 0 4 0 1 0 0 1 4 1 0 0 0 1 0 1 1
13 8 14 16 112 149 7 2 9 18 31 191 1 397 281 63 130 68 16 47 42 50 12 21 6 3 69 101 138 32 65 2651 1233 6434 61 68 774 433 35 23 65 1 24 1 3 9 73 7 4 0 8 19 59 43 15 12 54 5830 1124 1309 51 9 14 31 86 4 84 3762 79 11 2 224 139 29 3985 9 42 2 55 2 17 0 165 73 97 16 74 7 4 0 8 16 13 4 11 703 47 27 13 40 3 4 3 5 8 20 2 4 5 2 12 12 0 1 1 0 2 0 1 1 1 8 0 3 7 0 0 0 0 1 9 1 5 120 1 59 1 0 25 11 2 2 0 3 7 1 2 0 10 12 4 0 0 2 0 0 1 1 0 1 2 19 0 4 15 1 1 0 0 0 13 2 13 4 0 0 1 0 0 0 47 105 17 1 0 49 0 0 0 2 11 0 2 8 7 0 18 2 1 1
1 2 3 4 10 7 1 1 2 2 0 4 1 1301 414 83 106 39 9 38 42 64 29 301 7 3 440 250 143 12 51 5 80 3842 1115 1874 1844 330 51 493 57 5 138 26 4 13 1418 6 2 5 1 3 27 25 4 0 113 1124 5134 3992 27 38 77 192 262 2 117 1407 126 5 3 9 45 19 242 7 4 13 32 1 6 2 20 30 38 29 90 3 5 0 6 4 3 5 27 5 0 7 42 56 0 4 0 0 13 6 0 0 0 1 2 5 0 1 2 1 4 1 6 6 21 11 11 1 14 1 2 2 0 8 10 4 4 34 0 60 0 4 50 39 0 7 2 2 7 3 1 0 20 5 13 0 0 0 0 1 0 1 0 0 1 2 0 4 1 10 5 2 0 1 3 19 17 21 1 3 0 0 1 1 21 59 10 9 0 18 0 0 0 1 1 3 1 6 3 0 5 1 1 3
0 1 0 0 0 0 0 0 0 0 0 1 0 832 115 23 17 6 3 5 4 3 6 31 1 0 71 90 12 1 3 1 10 2247 285 1423 2476 40 25 41 5 0 16 1 0 1 156 1 1 0 0 1 4 1 2 0 6 1309 3992 1843 2 2 10 39 56 0 6 862 29 0 0 0 1 0 70 2 0 2 2 0 0 0 0 1 5 1 2 0 0 0 0 1 0 1 0 3 1 2 1 2 0 0 1 0 0 0 0 0 0 0 0 1 0 1 1 0 1 0 1 0 0 3 0 1 0 0 0 1 0 0 2 0 0 1 0 3 0 0 4 1 0 0 0 0 0 1 0 0 0 0 0 0 0 0 0 0 0 0 0 0 0 0 0 0 0 0 0 0 0 0 0 0 1 2 0 0 0 0 0 1 3 2 0 2 0 0 0 0 0 0 0 1 0 0 0 0 1 0 0 0
19 4 9 3 140 65 16 7 4 6 7 27 188 19 264 372 52 7107 194 168 45 98 58 1455 49 2 112 70 289 51 152 27 41 38 12 4 60 206 9040 35 509 221 2955 70 46 1437 52 217 168 10 33 3 62 79 15 5 79 51 27 2 10393 500 549 784 482 136 171 63 3800 117 51 22 78 43 181 1339 7 3 16 0 60 0 63 120 67 73 19 74 277 25 3045 161 33 85 844 225 7 26 59 14 1 22 0 3 18 7 0 13 0 1 3 1 17 186 509 22 9 88 20 507 35 260 39 3 5 3 5 60 5 101 26 25 12 27 3 60 2 2 46 38 447 12 451 1 4 68 388 87 59 2226 11 21 13 3 1 70 1 2 3 2 0 6 2 1 13 13 483 549 18 80 2 8 26 26 29 209 3 4 390 36 10 40 52 23 23 36 2 16 21 3 1 57 34 41 31 2 3 1 1 5
26 11 21 7 28 19 6 10 6 10 1 14 3 12 30 32 6 192 13 11 26 189 47 218 67 5 43 9 657 45 63 5 7 13 11 3 11 11 45 30 310 68 952 8 84 124 138 12449 203 152 58 76 111 247 11 8 144 9 38 2 500 21673 10151 850 664 19 592 72 4016 9094 3839 4 4 6 32 1973 8 1 3 15 2186 86 142 269 136 151 31 1454 2625 287 1123 168 412 2066 4787 28 4 42 83 30 0 10 0 0 3 0 0 8 0 0 0 1 0 0 3 1 1 2 2 10 2 4 0 1 3 4 0 13 0 4 8 7 1 3 0 5 0 0 3 1 13 4 8 0 1 60 81 4 4 64 3 587 792 2 7 508 57 11 55 115 1 0 0 1 1 0 41 88 234 35 2 13 3 6 530 102 73 262 729 192 1 4 13 9 528 18 202 431 1202 1 2 1601 353 4 4 0 0 0 1 0
13 3 5 5 30 7 10 2 1 1 1 5 8 38 43 23 2 111 16 11 53 253 31 256 122 7 83 23 955 56 96 5 8 27 23 19 26 23 49 66 138 37 2628 7 113 200 220 1492 63 49 16 17 190 376 27 7 310 14 77 10 549 10151 16427 7085 9345 32 1069 103 5761 808 160 7 18 9 40 1393 1 0 3 5 153 8 154 479 142 251 80 102 761 143 1314 67 50 293 3539 26 4 46 204 47 0 1 0 0 4 1 0 5 0 0 2 0 0 1 6 0 2 2 0 8 4 4 1 0 2 2 2 2 0 3 3 7 1 4 0 7 1 0 5 1 6 1 20 0 2 16 87 1 7 125 0 30 52 3 0 151 3 3 0 1 0 1 0 0 0 1 87 55 37 15 1 1 2 3 159 108 0 12 520 158 4 5 4 1 189 6 10 53 55 0 0 331 45 5 9 0 0 0 0 1
11 5 2 3 14 5 4 0 1 3 2 4 69 280 368 144 9 479 70 20 16 80 13 964 65 1 941 1024 535 18 66 3 7 55 129 91 89 27 840 43 74 19 5968 5 14 851 279 137 19 2 13 5 95 225 12 2 233 31 192 39 784 850 7085 5441 4903 10 687 155 1794 98 26 4 20 1 52 129 0 4 7 0 33 0 75 222 81 186 68 13 34 6 143 31 18 25 1244 11 3 24 124 79 0 2 0 1 4 0 0 2 0 0 0 1 1 52 115 3 1 16 3 310 5 48 2 1 0 0 0 12 0 18 4 3 3 1 3 6 1 0 9 5 175 1 123 0 2 17 62 7 10 687 1 2 1 1 0 6 2 0 1 1 0 0 0 1 3 2 136 116 5 4 0 1 5 4 12 31 1 1 55 7 4 4 4 4 8 4 0 6 5 0 0 19 2 11 4 0 1 0 0 1
13 3 4 3 25 4 8 3 0 3 0 5 53 295 913 532 14 540 37 18 13 16 11 176 29 0 264 1137 901 77 164 5 3 104 47 70 98 16 5376 14 60 23 1061 7 29 706 123 198 25 8 10 4 119 200 15 5 351 86 262 56 482 664 9345 4903 11070 9 682 275 17502 57 24 1 7 0 117 116 1 0 2 0 29 1 90 149 56 72 39 10 53 6 168 38 20 29 492 33 0 56 50 88 0 5 0 0 13 0 0 0 0 0 1 1 3 48 107 4 4 23 1 383 16 41 4 2 0 2 0 27 1 29 8 10 5 4 1 14 2 1 12 11 251 6 209 0 0 29 74 4 11 1261 6 5 5 0 1 6 0 1 1 0 0 0 0 3 3 5 330 217 12 14 0 8 10 11 8 85 1 1 175 11 3 7 8 8 18 12 1 0 8 1 0 22 3 20 4 1 3 1 1 0
0 0 2 1 1 1 2 3 177 13 11 6 1658 1 0 4 3 165 228 5 2 11 1 12 2 0 1 1 5 0 2 0 10 3 2 0 5 49 3 2 13 4 40 1453 4095 2319 5 13 3 2592 34 374 18 3 3 1 1 4 2 0 136 19 32 10 9 2720 2 7 37 10 6 77 110 857 6 87 1476 536 650 464 100 1422 11 7 2 4 2 473 150 403 2738 11 7 8 33 2 492 74 2 0 0 1 0 0 4 7 0 3 2 1 1 1 3 10 272 1 2 20 6 204 9 76 5 0 0 1 0 2 0 14 5 2 1 7 0 7 1 0 12 6 51 3 35 0 1 12 193 35 14 791 4 9 12 0 0 41 23 6 19 28 0 0 0 0 1 0 57 37 7 359 0 2 3 4 29 37 6 17 244 45 3 13 44 3 30 15 14 39 42 0 1 107 12 3 8 0 0 0 0 1
99 48 86 45 253 94 34 35 10 42 16 80 5 239 131 72 26 43 5 12 43 219 73 941 1412 47 1012 328 5049 540 1361 45 71 93 124 21 108 83 85 342 88 48 1261 7 3 94 1638 85 42 0 26 25 690 2892 47 9 1197 84 117 6 171 592 1069 687 682 2 10818 2193 707 114 32 62 54 21 2341 82 34 1 30 2 52 3 501 5825 221 2561 3509 28 45 9 74 71 40 57 551 628 24 101 1833 2558 1 2 0 2 4 7 1 2 1 0 11 6 0 0 2 0 1 1 0 14 6 3 3 3 3 1 1 1 0 4 2 0 6 41 1 16 0 0 11 13 12 4 7 0 2 2 7 1 9 47 5 3 6 2 0 5 3 0 1 2 0 4 1 0 4 1 13 5 0 2 3 6 9 6 2 5 0 0 13 5 23 29 9 3 15 28 0 3 2 1 0 15 1 7 3 0 4 0 0 3
32 18 18 23 56 37 9 6 10 16 8 42 0 697 430 104 155 99 34 51 208 416 65 224 330 8 263 254 1122 57 331 34 317 3570 174 145 988 592 81 103 199 9 113 50 4 34 4150 22 14 6 12 36 292 437 57 18 1247 3762 1407 862 63 72 103 155 275 7 2193 8984 237 22 10 78 261 87 7932 8 22 36 114 3 41 5 308 614 262 825 6877 13 11 1 15 37 30 13 54 31 10 63 650 1071 2 19 3 4 31 12 2 5 0 1 20 13 3 5 1 1 7 2 7 6 30 19 12 21 31 4 5 1 0 5 31 2 20 179 7 202 0 1 128 65 9 12 5 10 32 4 5 3 41 10 39 1 0 3 0 0 1 0 0 0 3 22 1 8 23 4 2 4 0 1 20 47 44 47 1 3 0 0 7 1 46 148 25 18 2 49 0 0 1 7 17 3 1 24 10 4 37 8 0 11
34 10 18 9 133 40 14 10 6 13 2 20 17 88 539 494 13 1126 18 20 20 90 41 547 40 1 71 142 1225 162 275 17 9 59 20 22 76 23 5367 43 559 245 4499 6 95 203 124 4324 213 44 63 15 196 250 39 18 391 79 126 29 3800 4016 5761 1794 17502 37 707 237 11669 401 314 11 7 6 183 5001 6 1 5 1 190 12 178 249 111 103 34 195 705 65 679 314 58 170 1801 169 4 107 67 70 0 13 3 2 12 4 1 12 0 0 2 2 5 9 45 4 4 7 4 70 21 26 3 0 6 1 1 12 3 9 19 18 8 7 3 13 4 2 12 18 113 10 123 0 5 62 253 11 31 770 4 20 45 0 3 156 1 2 2 4 0 2 0 0 3 9 346 288 65 29 0 6 13 14 135 241 4 11 985 277 2 17 19 9 199 15 9 50 56 2 0 381 60 28 18 0 1 0 2 3
50 26 62 18 43 19 8 28 6 25 5 27 1 2 8 16 4 57 5 1 10 68 17 79 27 2 10 2 114 35 44 9 12 6 2 1 4 6 12 9 192 45 360 10 28 31 28 790 139 78 741 645 34 45 114 36 32 11 5 0 117 9094 808 98 57 10 114 22 401 5978 2116 8 5 9 44 284 17 0 2 27 3954 130 421 112 132 57 20 1393 815 87 240 516 2370 2972 1358 23 12 6 39 12 0 0 2 0 1 0 0 2 0 0 0 1 0 0 1 0 0 1 0 1 0 0 0 0 2 2 1 2 1 2 3 0 0 3 0 2 0 0 0 0 1 1 1 0 2 19 12 0 2 6 1 294 275 2 4 105 136 17 100 360 2 3 0 0 0 0 7 19 55 13 2 6 3 0 106 21 144 275 124 23 4 4 7 4 66 13 262 118 888 2 3 378 189 2 4 0 1 0 0 2
29 15 29 9 24 9 4 15 2 16 1 12 1 1 5 10 1 26 0 4 7 11 6 29 10 2 4 0 38 11 31 3 2 6 0 0 1 6 6 2 237 63 218 5 24 24 10 5554 113 65 33 75 4 15 26 20 10 2 3 0 51 3839 160 26 24 6 32 10 314 2116 11742 3 0 7 21 692 5 1 3 15 9646 106 114 48 62 16 4 4911 2081 86 314 125 401 880 708 13 3 2 10 7 0 1 0 0 0 0 1 1 0 0 0 0 0 0 0 1 0 4 0 5 0 0 1 1 2 1 2 7 0 1 7 8 0 0 0 1 0 0 0 0 2 5 0 0 1 31 9 0 1 12 2 383 318 6 1 120 84 9 100 311 1 0 0 0 0 1 2 22 63 5 1 9 3 3 90 12 137 285 126 34 0 3 5 3 78 5 226 159 986 3 2 479 184 2 2 0 1 0 0 1
97 95 96 138 549 1026 93 45 765 1456 1364 2446 61 3 8 2 4 124 226 10 160 342 21 14 34 1 7 1 141 103 90 1097 3201 228 2 1 13 179 2 14 84 3 15 245 86 151 33 5 8 76 5 16 193 74 29 15 24 224 9 0 22 4 7 4 1 77 62 78 11 8 3 7649 1479 1036 465 3 5995 242 1879 8 14 34 147 140 192 61 27 19 13 16 24 19 13 2 15 1063 7465 672 49 1 45 23 59 63 30 196 37 54 95 30 151 312 8 8 14 5 9 16 10 12 39 67 18 28 38 3 7 6 2 8 68 6 79 491 6 206 1 5 108 50 3 19 3 27 49 4 5 6 60 27 25 0 1 6 1 4 2 13 0 2 14 79 2 32 88 8 12 2 2 3 76 67 41 44 0 2 9 0 4 1 472 472 226 9 0 364 1 0 3 13 72 3 4 31 109 17 87 9 5 20
23 13 17 17 182 186 15 10 85 38 51 175 321 16 22 11 30 388 833 53 203 549 59 42 74 9 26 3 85 38 70 196 3117 188 12 1 31 1517 1 46 160 3 36 1796 263 616 192 4 4 99 9 20 90 42 19 13 11 139 45 1 78 4 18 20 7 110 54 261 7 5 0 1479 4175 2022 256 3 1081 337 2615 10 26 69 139 110 209 69 49 36 16 16 87 21 13 4 17 339 231 74 67 5 18 68 7 28 62 59 4 26 10 8 112 53 29 34 83 17 35 63 50 70 236 369 83 73 141 7 34 12 11 37 85 21 49 710 18 661 12 7 625 279 5 106 10 28 72 20 35 30 373 88 165 5 2 5 2 9 2 10 1 3 16 53 2 26 87 52 15 12 7 8 75 185 150 220 3 13 2 4 29 4 293 935 442 97 3 466 4 4 3 42 57 8 9 56 76 4 128 13 21 70
