36184 8234 12206 4796 4491 2046 7312 8956 175 844 85 1149 0 0 0 0 1 0 2 0 155 51 4 4 27 2 7 4 7129 12778 1178 19 44 4 1 0 1 5 0 8 1357 2 17 4 4 1 5 5 93 13 35 129 1726 690 149 230 114 5 1 0 2 14 8 11 6 6 197 1 6 76 25 68 22 19 8 3 46 1 92 5 181 14 1545 718 1211 203 11 65 65 12 30 272 134 77 127 42 117 4583 25 9 36 34 66 101 30 190 1 12 41 50 202 107 0 0 0 0 3 0 0 0 1 1 0 25 9 3 1 0 0 0 32 4 19 85 1 32 0 0 17 21 0 9 0 4 14 1 1 0 1 1 6 0 4 4 0 3 1 2 1 1 5 14 2 19 27 0 0 0 0 0 22 24 19 1 0 2 2 6 2 0 147 56 3 1 0 129 1 0 9 2 16 3 2 4 86 9 15 2 0 6
8234 22622 2422 13351 2101 487 244 97 35 173 69 278 1 1 0 0 0 0 0 0 147 65 2 0 5 0 7 1 562 4450 152 3 21 2 1 0 0 4 1 5 904 3 13 2 0 0 4 1 19 1 17 31 200 133 24 111 41 1 0 0 0 3 3 1 1 4 109 2 1 29 8 50 10 12 5 0 47 0 33 2 48 2 455 264 814 142 2 24 28 2 6 66 63 32 56 20 114 270 17 4 48 24 101 135 56 240 8 6 38 45 295 151 0 0 0 0 0 0 0 1 0 0 0 24 9 0 0 0 0 0 64 0 43 67 0 37 0 0 7 9 0 0 0 9 16 0 0 0 0 2 4 0 1 3 0 0 0 4 0 1 8 13 4 36 23 0 0 0 0 0 30 28 11 1 0 0 1 0 1 0 184 22 2 2 0 180 0 1 9 3 13 4 2 5 117 10 12 0 0 9
12206 2422 21114 8515 408 1350 1680 16847 449 3425 129 22843 0 0 0 1 0 0 0 0 146 53 2 2 7 2 8 1 740 1144 125 11 39 3 1 0 0 9 0 6 1102 2 13 1 2 0 1 4 46 6 35 56 619 224 75 172 77 2 0 0 1 6 7 1 3 1 168 2 6 53 16 67 13 18 14 1 53 1 54 4 121 14 748 401 926 151 10 36 37 10 15 170 88 48 74 21 312 1101 22 9 89 72 194 288 80 460 15 26 87 80 510 258 0 0 0 0 4 0 0 0 1 0 0 34 8 2 1 0 0 0 64 3 41 96 0 42 0 0 17 7 0 2 0 13 20 0 3 0 0 3 5 1 1 6 0 0 1 3 2 1 17 28 8 51 27 0 0 0 0 0 23 37 8 1 1 0 1 1 2 0 267 42 10 1 0 246 1 0 6 6 19 6 0 9 171 25 17 0 1 3
4796 13351 8515 17049 12706 7558 577 320 126 637 189 5772 0 1 1 0 0 1 0 0 271 136 3 4 18 3 6 0 1021 5559 1754 25 23 1 1 0 1 4 0 6 1070 1 12 3 1 1 6 3 26 1 8 35 294 159 29 115 124 2 0 0 1 6 2 5 2 1 182 1 1 28 11 53 20 16 11 0 78 1 57 3 47 3 459 308 1077 167 7 26 19 1 11 89 33 24 49 29 279 596 40 4 94 99 202 315 104 558 19 22 94 122 650 294 1 0 0 0 3 1 0 1 2 0 0 33 13 0 2 0 0 0 85 3 57 136 0 47 0 0 6 16 0 2 0 15 22 0 3 0 0 2 5 1 1 4 0 0 1 6 0 3 17 29 11 65 52 0 1 1 0 0 38 48 11 4 1 0 0 1 3 0 328 46 1 6 0 287 1 0 5 4 37 2 0 9 218 27 22 2 0 14
4491 2101 408 12706 11730 6454 683 123 26 192 105 3741 3 18 59 19 35 7 0 4 400 256 5 12 54 3 29 35 3636 12028 13395 148 85 23 4 2 56 39 24 7 1198 6 36 4 6 11 17 37 34 8 24 48 466 381 51 128 5247 12 12 5 28 49 42 25 50 1 891 53 205 34 12 66 55 23 341 41 49 0 59 2 61 4 660 484 1308 341 66 26 31 3 29 110 46 29 83 2731 102 844 109 248 42 31 83 162 32 228 9 16 27 40 228 133 0 2 1 0 8 1 1 5 5 1 3 19 7 1 1 1 0 2 44 4 33 66 2 46 0 0 36 32 0 9 1 9 17 4 1 0 2 13 10 2 7 2 1 2 0 1 1 0 7 12 3 21 26 0 2 0 1 0 25 34 16 10 0 4 3 1 2 1 162 40 8 2 2 151 0 0 7 0 13 2 1 11 88 5 13 5 2 8
2046 487 1350 7558 6454 10896 735 359 227 2014 696 16735 4 2 5 0 3 2 1 1 791 671 15 8 106 7 16 4 2817 4112 3919 2282 813 19 1 0 7 26 5 20 1531 1 29 13 15 20 15 3 40 7 23 42 444 287 47 194 1242 21 1 1 4 23 15 10 6 8 758 15 21 28 20 748 294 91 56 10 151 21 333 4 75 6 708 603 1752 412 39 28 35 9 38 136 58 31 68 770 483 951 170 16 157 147 324 486 143 822 23 36 126 172 936 387 0 1 0 1 6 1 2 5 28 4 10 63 14 6 6 0 0 2 123 4 92 173 4 98 0 0 56 47 0 14 0 16 29 7 4 0 2 7 22 1 1 6 0 0 2 6 0 3 21 46 2 77 62 0 0 1 0 1 51 72 29 8 0 0 7 0 4 0 477 112 20 7 1 415 1 0 8 9 27 5 4 25 404 38 24 3 4 22
7312 244 1680 577 683 735 9136 10911 409 3016 132 2184 0 0 0 0 0 1 0 0 24 10 1 4 7 2 4 1 1772 424 299 5 18 0 0 0 0 0 0 1 209 0 2 1 2 1 1 2 22 8 15 38 1796 326 137 61 29 1 2 0 3 3 4 3 2 1 49 1 1 24 11 19 10 9 3 2 28 0 23 2 77 9 768 210 229 45 5 21 20 10 10 96 57 27 48 18 264 7316 10 2 6 6 15 14 3 33 2 2 26 6 51 17 0 0 0 0 1 0 0 0 0 0 1 1 0 0 0 0 0 0 5 1 3 17 1 12 0 0 8 10 0 2 0 2 1 1 0 0 0 0 2 0 2 0 0 0 0 1 1 1 0 0 0 1 0 0 0 0 0 0 3 1 1 1 0 0 1 2 1 0 26 10 0 0 0 18 0 1 6 1 2 3 0 1 18 1 2 1 0 1
8956 97 16847 320 123 359 10911 21509 1828 9063 65 3115 0 0 0 0 1 0 0 0 44 15 1 2 5 1 2 3 481 194 59 6 10 1 0 0 1 2 1 1 584 3 10 0 1 0 1 2 32 5 36 64 1041 208 105 126 47 0 0 0 0 6 3 4 2 2 90 5 2 54 17 21 17 10 5 1 23 0 20 2 85 7 785 330 515 59 6 36 31 6 15 159 81 50 57 7 105 2473 8 6 16 16 42 44 20 80 3 5 86 15 113 50 0 0 0 0 2 0 0 0 0 0 0 13 1 0 2 0 0 0 6 1 12 21 0 9 0 0 5 7 0 0 0 4 3 0 0 0 0 0 1 0 2 0 0 0 1 1 3 2 4 4 0 13 4 0 0 0 0 0 4 6 3 1 0 0 0 1 2 0 57 9 1 0 1 36 0 0 9 1 3 2 0 1 35 4 5 0 0 2
175 35 449 126 26 227 409 1828 1657 3599 488 1371 7 0 0 0 0 0 3 0 15 36 3 0 2 0 3 0 69 21 10 7 31 0 0 0 0 5 0 0 53 0 4 3 44 30 1 1 2 38 3 10 305 17 18 4 17 0 0 0 1 4 0 0 1 30 41 0 1 4 2 233 38 272 3 2 770 10 251 10 7 22 25 19 31 6 6 17 12 38 19 7 2 1 3 9 2881 1842 6 0 4 3 6 15 3 21 0 1 2 4 25 13 0 0 0 0 7 0 2 0 9 2 9 4 2 4 0 0 0 0 7 2 5 19 0 39 0 0 33 30 1 1 0 0 4 0 0 0 4 3 4 0 0 1 0 0 1 0 0 2 2 5 0 6 2 1 0 0 0 0 4 10 4 3 0 0 0 1 4 0 15 50 8 1 0 25 0 0 2 1 2 1 1 0 11 1 2 2 0 6
844 173 3425 637 192 2014 3016 9063 3599 29313 3842 30899 1 0 0 0 1 0 1 1 77 75 5 0 8 0 2 0 257 110 56 58 28 0 0 0 0 3 0 4 259 0 3 3 31 9 1 1 9 28 9 18 643 67 57 23 66 0 1 0 1 4 1 0 1 13 101 2 1 10 3 422 35 197 4 2 2129 45 454 5 28 21 226 106 204 34 8 11 15 18 12 36 26 11 22 10 5099 3174 15 4 97 109 260 359 103 641 27 47 132 149 780 378 0 0 0 0 2 2 0 0 3 2 3 42 18 1 2 0 0 0 57 4 60 87 1 62 0 0 34 26 0 6 0 8 23 0 1 0 3 4 7 1 1 7 1 3 1 5 2 3 16 32 7 49 19 0 0 1 1 0 36 45 16 3 0 1 2 1 4 0 283 83 15 2 0 294 0 0 11 8 24 4 4 7 326 24 21 5 2 14
85 69 129 189 105 696 132 65 488 3842 1601 3827 5 1 1 0 0 0 2 0 46 29 2 1 6 0 0 0 154 73 29 111 87 1 0 0 2 4 0 1 70 0 1 11 16 4 1 1 3 10 1 6 118 13 11 4 58 2 1 1 0 0 0 0 0 3 49 3 0 2 0 993 95 98 2 0 1252 45 838 2 3 13 38 18 66 19 5 5 1 10 7 3 2 4 3 37 1652 651 9 0 107 81 213 350 94 583 21 23 91 126 727 283 0 0 0 0 3 0 0 0 6 1 0 34 13 2 5 0 0 0 67 3 47 92 1 36 0 0 20 18 0 8 0 11 23 0 0 0 1 3 6 1 1 5 0 0 3 5 1 4 25 29 6 47 24 0 0 0 0 0 23 32 6 5 0 1 8 0 1 0 297 51 19 0 0 306 0 0 1 7 34 1 3 7 281 23 22 6 0 11
1149 278 22843 5772 3741 16735 2184 3115 1371 30899 3827 34268 19 4 8 4 10 12 6 0 1141 1053 62 17 210 14 25 14 2324 1385 2092 5380 5034 98 5 0 12 148 13 31 1992 2 27 47 63 81 38 29 36 22 17 51 777 338 67 190 1487 86 6 7 24 25 17 16 19 18 1212 46 80 39 25 4141 1713 317 155 20 1046 80 1918 16 93 21 820 690 1810 529 88 37 53 29 101 127 59 41 82 2564 1533 2150 255 37 337 277 760 1054 312 1820 57 95 311 392 2131 913 1 1 0 2 26 4 8 9 60 16 19 141 61 5 10 0 2 1 251 21 190 422 6 217 3 0 185 151 3 37 0 52 83 3 4 0 38 26 33 1 3 11 0 6 3 24 2 11 51 86 20 146 131 5 0 5 2 3 128 143 84 34 2 6 8 2 11 1 962 283 44 7 4 932 2 3 5 25 67 4 6 36 773 65 76 10 1 47
0 1 0 0 3 4 0 0 7 1 5 19 5010 0 4 31 32 4080 5471 52 2 2 5 15 1 0 42 25 2 0 1 4 14 2 2 0 4 734 8 0 32 4 21 3805 3893 919 3 6 0 162 13 28 0 2 0 0 5 5 0 0 9 4 6 39 22 2378 3 1 9 5 2 69 186 1532 8 0 205 616 327 23 14 70 1 3 1 2 3 27 5 76 84 3 0 1 14 4 76 1 0 2 0 0 0 0 0 0 0 0 0 0 3 0 3 94 919 17 5 334 5 1285 30 1166 14 0 0 4 3 14 2 95 5 2 0 0 3 3 4 0 29 9 177 2 69 2 5 19 120 31 95 1172 0 1 5 2 0 9 0 0 6 3 0 0 0 3 0 2 56 63 4 81 2 3 6 6 10 43 2 3 96 6 2 7 41 1 1 2 1 5 7 1 0 17 7 0 1 0 1 0 0 1
0 1 0 1 18 2 0 0 0 0 1 4 0 3890 5682 974 180 90 36 28 9 8 289 134 8 179 1668 1448 62 1 123 0 2 14 3768 2299 74 26 95 630 989 67 135 0 1 15 158 4 6 0 0 1 4 5 2 0 176 78 1006 125 9 8 18 200 153 0 98 355 115 3 0 1 17 5 232 13 0 0 10 0 1 0 3 5 15 15 9 0 4 1 3 3 0 3 28 50 0 0 12 69 0 0 0 0 0 0 0 0 0 0 0 1 4 8 0 7 0 22 3 11 32 163 41 0 0 5 5 2 0 6 1 1 0 1 1 6 5 0 14 10 5 5 4 1 1 4 1 0 16 14 3 0 1 0 0 1 0 0 0 0 0 0 0 0 0 1 1 2 1 0 0 3 1 2 1 1 0 0 3 0 1 7 0 0 0 1 0 0 0 0 0 0 1 0 0 1 0 0 0 5
0 0 0 1 59 5 0 0 0 0 1 8 4 5682 8903 13510 835 1592 430 434 22 20 560 378 27 198 2286 3312 123 4 271 11 58 42 2280 1656 225 98 826 534 1767 185 284 5 0 47 149 18 23 1 0 1 7 9 8 3 362 373 1254 200 79 22 52 234 555 2 175 657 347 8 4 3 44 12 951 51 1 0 3 0 7 0 17 19 24 47 28 4 15 3 26 28 2 7 89 185 0 2 25 123 0 1 0 1 0 0 0 1 0 1 0 1 12 20 10 9 3 64 7 41 77 333 87 4 2 5 19 3 3 23 7 6 2 5 0 11 7 2 49 16 5 40 6 2 10 4 2 0 49 44 7 3 0 0 0 1 0 1 0 0 0 1 0 0 0 7 6 7 2 0 0 4 3 10 5 13 1 1 6 2 2 24 4 0 0 6 0 0 2 3 1 1 3 2 0 0 2 0 1 5
0 0 1 0 19 0 0 0 0 0 0 4 31 974 13510 17641 1224 2384 2443 1892 8 9 224 279 14 82 1284 1208 38 1 82 3 18 35 161 161 801 491 1375 136 1781 228 270 7 1 70 36 14 9 1 0 2 4 6 9 6 109 100 225 70 99 39 70 217 505 3 66 153 230 6 4 2 19 11 275 58 0 0 1 1 1 0 5 10 11 14 6 2 5 3 22 16 2 3 108 53 0 1 6 18 0 1 0 0 0 0 0 0 0 0 0 0 18 78 159 17 2 168 4 367 53 782 37 1 1 5 5 8 4 77 1 3 0 1 0 1 12 1 20 6 89 12 21 0 8 9 18 7 47 140 2 1 2 0 0 1 0 1 0 0 0 0 0 0 1 3 5 9 5 9 0 5 0 1 7 14 0 0 12 0 0 7 10 1 1 4 0 1 2 1 0 3 3 0 1 0 1 0 0 1
1 0 0 0 35 3 0 1 0 1 0 10 32 180 835 1224 783 1031 818 869 32 75 276 350 73 306 148 36 72 5 130 13 61 45 316 909 783 643 129 447 811 56 274 17 26 349 79 26 25 8 1 4 6 4 2 1 145 312 610 147 239 25 39 47 41 7 78 346 75 10 11 2 36 129 738 35 2 48 9 2 6 4 11 13 23 26 21 5 15 8 39 20 3 8 118 118 1 1 35 39 0 8 1 1 1 2 0 1 0 0 1 2 15 17 7 17 27 43 37 56 459 395 254 83 30 24 100 27 6 45 30 25 1 13 5 19 27 12 340 159 11 177 12 3 53 34 10 1 200 103 66 10 7 4 4 0 3 1 1 1 1 4 2 1 0 25 15 31 8 7 19 32 31 78 9 20 0 3 20 3 9 184 12 11 1 48 0 0 0 18 7 3 15 6 2 1 20 10 6 25
0 0 0 1 7 2 1 0 0 0 0 12 4080 90 1592 2384 1031 12810 9289 2003 8 38 122 1064 34 91 2487 663 36 3 36 16 34 56 113 41 566 1985 5780 121 2030 237 1037 152 19 3252 33 247 28 6 0 1 3 1 25 12 65 101 69 18 2578 101 256 1140 1193 54 55 45 1238 17 34 3 105 169 191 618 4 29 4 0 8 1 11 8 18 19 11 9 74 21 139 52 0 11 343 32 5 0 14 7 0 1 0 0 0 0 0 4 0 0 1 2 48 426 1280 43 14 618 11 1793 103 2339 38 3 0 9 4 47 7 525 4 5 0 1 5 11 20 8 71 30 604 25 221 6 22 63 315 113 242 1280 11 9 13 8 2 22 1 0 1 0 0 1 1 2 0 12 53 156 18 54 3 13 5 20 20 89 1 2 128 7 2 17 47 5 6 7 2 3 9 2 5 17 41 0 3 1 0 0 3 5
2 0 0 0 0 1 0 0 3 1 2 6 5471 36 430 2443 818 9289 41848 7268 27 61 139 408 81 226 780 109 13 0 9 8 14 41 96 5 205 2018 41 302 636 69 354 6367 1358 3831 45 24 18 94 8 17 1 3 7 3 23 26 30 4 181 35 81 171 35 481 32 22 55 15 11 12 98 5575 54 18 39 1284 34 18 19 57 5 6 26 15 12 21 37 130 401 34 2 10 156 7 13 4 20 2 0 14 0 1 2 2 0 6 1 0 1 2 252 509 1068 269 81 2048 201 1983 2049 14118 2003 148 35 121 261 105 30 711 62 53 3 58 10 55 155 37 984 458 305 629 97 25 160 183 193 151 1593 877 144 43 17 8 6 13 0 6 3 5 3 9 2 7 4 75 64 167 61 52 22 56 37 133 80 123 12 11 141 18 23 462 443 21 17 123 0 7 9 25 15 29 80 11 5 1 32 11 17 61
0 0 0 0 4 1 0 0 0 1 0 0 52 28 434 1892 869 2003 7268 3410 7 13 99 189 21 106 85 7 2 0 17 2 9 6 26 4 173 155 27 156 276 51 164 42 39 370 13 18 13 3 0 1 1 3 4 0 16 40 32 8 187 13 12 13 14 3 9 18 17 6 5 2 4 115 83 10 1 30 3 0 3 4 4 5 6 6 2 2 18 6 23 28 2 3 82 21 0 0 7 6 0 1 0 1 0 0 0 2 0 0 1 0 17 32 6 36 4 54 29 29 315 581 209 20 7 10 46 12 3 52 9 6 0 12 1 4 29 7 140 44 11 116 5 4 32 18 5 2 161 70 28 8 6 2 2 1 0 2 0 0 0 0 0 2 0 12 14 21 13 3 4 11 8 17 7 12 1 0 14 3 4 70 14 5 5 34 0 2 0 4 4 3 13 2 0 2 4 1 4 6
155 147 146 271 400 791 24 44 15 77 46 1141 2 9 22 8 32 8 27 7 7748 5893 1211 90 797 125 76 4 163 121 250 125 683 106 10 3 63 331 7 173 1383 15 183 36 8 25 120 8 6 3 4 4 25 19 7 836 210 128 41 12 20 37 40 29 5 2 115 89 31 12 8 217 667 129 457 11 165 4 303 1 9 3 76 39 3066 159 118 10 11 6 18 7 5 7 127 583 126 26 371 41 15 5 7 18 7 38 3 5 3 11 34 17 0 3 1 2 27 9 6 12 68 5 24 36 21 5 11 2 0 4 34 17 12 100 8 89 2 0 182 158 2 24 1 4 26 5 1 0 16 11 40 0 2 1 0 1 0 6 0 1 6 10 0 9 24 4 6 4 0 0 27 32 55 40 3 2 4 0 2 1 100 154 15 14 1 105 1 0 0 7 17 1 1 6 26 0 17 4 1 33
51 65 53 136 256 671 10 15 36 75 29 1053 2 8 20 9 75 38 61 13 5893 28822 3035 766 12198 1591 436 32 170 120 177 178 941 159 30 2 99 707 8 2178 1290 76 1017 99 11 86 340 11 30 8 3 10 40 33 9 132 290 229 60 21 56 149 241 153 25 3 254 153 71 60 15 332 979 271 783 16 222 6 384 3 25 1 362 201 6361 915 403 12 37 15 57 29 11 31 594 850 148 27 4986 148 9 30 8 17 4 23 0 9 0 6 34 18 1 3 2 6 42 16 21 33 149 48 72 79 29 5 24 2 0 3 72 34 6 125 8 138 1 1 370 319 6 61 1 13 45 8 2 0 58 32 72 0 3 1 2 1 3 3 1 2 5 8 4 11 24 5 10 2 4 1 32 67 69 67 6 8 3 1 11 5 112 294 18 11 4 113 1 0 1 21 11 13 7 15 27 4 37 8 4 46
4 2 2 3 5 15 1 1 3 5 2 62 5 289 560 224 276 122 139 99 1211 3035 8686 7266 746 5627 590 49 40 4 15 25 228 135 34 16 358 739 61 1739 5951 1376 990 41 9 42 254 8 81 4 4 4 12 15 10 12 55 56 60 52 35 36 28 30 20 2 107 60 36 13 7 41 516 102 145 20 82 9 73 1 9 4 26 45 133 105 88 2 14 10 20 33 6 21 288 60 25 2 80 18 2 2 1 2 1 0 0 1 0 1 3 0 1 3 3 3 7 15 16 19 66 78 57 20 8 7 9 1 1 7 18 4 4 25 0 33 4 1 88 73 4 22 0 3 11 5 4 0 24 20 14 0 4 0 0 1 0 2 0 1 1 1 0 4 4 6 1 9 3 1 7 12 19 17 4 4 2 1 7 0 16 69 5 2 0 28 0 0 0 9 6 4 5 2 5 2 8 2 1 11
4 0 2 4 12 8 4 2 0 0 1 17 15 134 378 279 350 1064 408 189 90 766 7266 18772 947 5087 4291 136 148 2 15 4 34 19 371 27 163 339 90 6391 4104 5896 4112 34 5 1311 550 19 168 2 3 2 22 30 31 25 63 11 201 16 675 67 117 174 108 22 409 35 97 25 9 3 80 30 25 36 9 0 12 1 19 1 80 97 233 327 134 3 30 9 178 142 10 41 529 11 2 0 265 31 0 0 0 0 0 0 0 1 0 0 0 0 9 13 32 12 10 50 14 91 94 285 121 6 2 1 5 5 0 21 3 3 0 9 0 8 12 1 56 46 43 31 22 0 13 7 19 1 44 179 12 1 5 1 1 1 0 0 0 0 1 0 0 0 2 3 19 18 2 9 1 5 7 10 6 27 0 0 37 2 2 28 5 1 4 9 0 0 4 4 0 8 5 0 0 0 2 1 2 5
27 5 7 18 54 106 7 5 2 8 6 210 1 8 27 14 73 34 81 21 797 12198 746 947 11397 1358 855 35 185 24 111 39 270 86 67 3 134 628 8 4242 562 40 1157 82 4 116 1990 8 16 12 5 9 55 73 9 58 367 85 35 25 109 246 410 294 50 7 1011 78 120 66 28 73 549 147 283 20 102 7 167 0 25 2 259 303 1957 1672 1735 15 53 10 94 22 12 27 711 188 27 7 5662 1113 10 6 3 2 4 4 0 1 1 0 8 3 1 0 5 5 38 14 13 19 102 52 72 40 20 8 22 3 1 10 35 20 1 75 5 115 6 1 264 230 6 46 4 4 25 6 0 0 53 39 51 2 6 5 0 2 3 5 0 2 3 9 1 5 5 6 2 4 5 0 21 41 30 38 7 8 1 1 14 2 30 175 24 8 3 48 0 1 7 10 11 5 4 6 3 0 18 4 7 35
2 0 2 3 3 7 2 1 0 0 0 14 0 179 198 82 306 91 226 106 125 1591 5627 5087 1358 5199 780 98 56 3 13 0 12 19 452 21 143 504 12 5980 2085 265 686 54 0 43 146 3 30 1 0 3 9 22 2 5 57 2 113 10 26 26 41 101 15 1 207 26 20 10 1 3 60 37 21 6 5 0 8 0 7 0 36 69 153 192 39 2 4 2 14 20 5 8 188 8 1 0 168 10 1 5 0 1 0 0 0 0 0 0 1 0 4 4 1 11 6 51 18 24 119 237 148 9 2 9 22 3 2 11 9 4 0 6 1 5 9 0 85 44 6 30 1 1 4 4 0 1 43 11 10 1 1 0 0 0 0 0 0 0 0 0 0 0 0 7 7 4 5 0 4 11 4 7 5 4 0 0 2 0 2 29 1 1 0 4 0 0 0 3 1 4 1 0 0 0 1 1 0 3
7 7 8 6 29 16 4 2 3 2 0 25 42 1668 2286 1284 148 2487 780 85 76 436 590 4291 855 780 25368 10057 473 7 140 10 39 37 6276 527 169 207 408 2519 921 220 1018 26 7 768 1153 18 21 1 1 5 71 91 10 30 611 23 1341 80 240 99 187 1958 791 12 1570 232 210 16 11 8 100 41 101 29 16 1 26 1 6 0 113 202 272 755 172 4 27 5 48 33 5 7 161 30 5 1 584 198 0 1 0 1 0 3 0 0 0 0 0 0 11 82 179 16 7 329 12 637 68 956 91 13 0 6 11 9 1 80 5 7 0 8 3 12 13 0 55 29 140 27 37 1 9 18 15 9 40 223 14 2 2 2 0 4 0 1 0 0 0 1 0 2 0 6 13 24 4 6 2 1 5 6 3 24 1 1 20 2 0 33 11 0 2 6 0 1 1 3 1 6 8 2 0 0 2 0 2 0
4 1 1 0 35 4 1 3 0 0 0 14 25 1448 3312 1208 36 663 109 7 4 32 49 136 35 98 10057 10151 262 4 242 2 9 11 2150 551 52 41 2104 245 463 49 162 5 7 416 348 24 7 1 0 0 20 24 3 5 569 59 1040 67 173 28 47 899 2400 10 460 466 387 7 3 3 34 22 252 52 6 0 10 0 2 0 34 34 39 92 31 2 9 2 21 18 1 2 32 75 2 3 73 150 1 0 0 0 0 0 0 0 0 0 1 0 4 101 342 11 8 209 2 854 26 499 20 2 0 3 2 13 2 108 8 6 0 7 1 5 8 2 22 18 216 2 100 1 4 13 50 14 35 712 1 4 5 1 0 2 0 0 0 0 1 1 1 0 0 4 41 73 3 17 0 5 3 10 2 39 0 1 45 3 2 11 7 1 3 7 1 0 2 2 1 5 5 0 0 0 0 1 0 0
7129 562 740 1021 3636 2817 1772 481 69 257 154 2324 2 62 123 38 72 36 13 2 163 170 40 148 185 56 473 262 53103 9915 2912 166 884 75 77 14 93 137 87 158 458 14 283 15 11 70 167 129 79 15 53 102 7332 13689 335 131 6852 87 37 11 119 596 499 375 279 10 4213 138 880 158 91 584 521 150 762 108 470 11 980 5 139 12 3062 1636 619 340 385 51 155 17 126 258 109 70 341 1417 200 4684 177 540 63 50 83 116 20 176 5 10 22 48 197 150 2 0 4 2 34 4 6 16 28 18 19 99 32 10 11 3 1 11 141 29 63 522 10 351 4 0 151 162 7 31 9 20 53 13 10 0 14 43 45 6 11 10 1 4 6 22 4 12 28 28 3 50 152 5 5 13 5 2 92 101 140 59 6 9 10 1 19 1 548 386 36 19 2 515 2 2 12 24 64 14 17 26 176 18 53 8 6 49
12778 4450 1144 5559 12028 4112 424 194 21 110 73 1385 0 1 4 1 5 3 0 0 121 120 4 2 24 3 7 4 9915 20311 4714 53 55 11 1 0 11 14 12 3 582 2 12 1 3 5 5 14 21 1 12 40 569 378 39 58 1609 3 0 2 6 22 21 7 10 0 208 0 48 27 11 55 46 18 22 16 59 0 67 2 58 7 506 301 576 114 15 18 25 4 19 87 47 25 52 383 51 984 35 3 33 25 57 70 22 123 3 9 13 25 163 73 1 0 1 0 4 0 0 0 3 0 1 24 8 0 1 0 0 2 39 2 27 77 0 32 1 0 17 15 0 6 0 7 13 0 0 0 0 4 3 0 3 1 0 1 2 4 0 1 10 5 2 20 16 0 0 0 0 0 24 29 17 5 0 2 4 0 1 0 145 51 3 0 1 154 0 1 4 4 14 3 2 7 91 4 16 4 0 11
1178 152 125 1754 13395 3919 299 59 10 56 29 2092 1 123 271 82 130 36 9 17 250 177 15 15 111 13 140 242 2912 4714 11448 115 184 58 24 29 222 113 114 31 823 2 66 4 4 43 104 115 12 2 10 19 301 297 22 91 12425 63 77 9 125 123 128 96 271 3 3196 451 729 42 54 37 133 35 3460 120 35 1 69 1 42 4 459 414 903 842 1333 11 60 4 56 77 26 14 66 4184 43 373 571 7213 16 19 24 40 16 77 1 6 13 20 91 52 0 3 3 0 13 2 3 16 24 8 8 32 10 2 11 0 0 5 29 9 11 46 1 42 4 0 47 69 8 11 2 2 12 5 3 0 9 29 9 2 3 2 0 1 0 6 0 1 7 2 2 17 14 4 5 6 2 2 15 21 21 19 4 10 3 0 13 4 76 57 7 4 1 82 0 1 4 5 10 9 9 4 48 4 14 2 0 5
19 3 11 25 148 2282 5 6 7 58 111 5380 4 0 11 3 13 16 8 2 125 178 25 4 39 0 10 2 166 53 115 3023 3715 275 1 1 47 233 4 2 117 0 17 7 21 29 13 26 1 3 3 1 25 19 5 7 126 1292 31 60 16 8 14 3 7 4 99 44 28 2 5 1197 806 38 754 14 52 9 325 0 1 2 40 43 86 33 27 1 10 6 52 8 6 4 15 782 56 18 37 6 5 10 15 28 5 29 1 3 2 20 47 15 0 0 0 1 6 1 1 3 8 4 2 16 7 3 4 1 0 1 17 10 8 65 3 67 1 0 49 51 1 6 2 5 17 1 0 0 4 6 8 0 1 3 0 1 1 0 0 3 7 9 0 5 17 1 1 2 3 0 16 22 23 12 0 3 1 1 5 1 71 66 3 2 0 77 0 0 2 3 7 3 5 4 23 2 8 2 4 9
44 21 39 23 85 813 18 10 31 28 87 5034 14 2 58 18 61 34 14 9 683 941 228 34 270 12 39 9 884 55 184 3715 7880 1825 6 6 132 1137 34 56 671 3 58 24 51 145 132 70 9 16 2 13 126 156 13 38 382 2843 305 761 46 30 34 18 37 15 751 447 134 19 12 3740 4476 207 2152 50 179 15 888 5 21 4 222 243 405 231 250 9 22 13 198 27 16 10 64 2274 126 24 210 74 23 22 17 38 15 45 5 8 8 10 52 67 0 0 4 1 55 6 7 20 64 14 16 105 46 15 15 3 0 4 91 27 32 350 15 350 1 0 256 291 4 51 1 23 62 10 6 0 19 25 70 2 5 14 0 6 5 14 3 10 22 31 4 33 83 5 1 7 4 2 91 108 136 110 10 13 14 0 27 3 273 439 41 32 4 289 0 0 5 32 50 6 15 17 84 10 50 7 6 64
4 2 3 1 23 19 0 1 0 0 1 98 2 14 42 35 45 56 41 6 106 159 135 19 86 19 37 11 75 11 58 275 1825 2431 58 91 200 1184 19 60 215 1 26 6 13 61 116 27 1 1 0 3 2 7 0 4 83 4107 2513 3549 22 13 24 8 23 4 74 920 59 2 5 63 1111 39 2443 19 23 2 66 0 0 1 15 17 54 35 94 2 4 4 62 3 3 0 16 270 6 1 29 20 5 8 0 1 1 5 1 6 1 0 1 5 3 1 2 1 29 7 5 11 70 15 29 35 22 2 10 1 2 5 32 20 0 65 6 99 0 0 199 186 1 41 4 7 31 2 3 0 24 26 52 1 1 2 0 0 3 3 0 3 9 8 1 4 12 6 5 2 1 0 15 41 65 48 2 5 1 0 4 0 24 156 13 10 2 41 0 0 3 15 13 3 3 5 9 3 26 5 5 37
1 1 1 1 4 1 0 0 0 0 0 5 2 3768 2280 161 316 113 96 26 10 30 34 371 67 452 6276 2150 77 1 24 1 6 58 4501 2873 389 73 54 2129 80 12 401 9 1 37 628 13 5 0 1 1 7 8 3 1 111 20 3829 253 37 27 66 673 243 1 191 184 229 8 8 0 22 12 35 17 3 0 5 0 1 0 14 23 19 79 17 0 5 2 14 4 0 1 64 7 0 1 72 43 0 0 0 0 0 0 0 0 0 0 0 0 10 6 5 11 3 57 12 30 79 235 101 9 2 9 16 1 2 12 3 2 0 3 0 6 5 2 49 37 5 26 4 1 5 4 0 0 34 23 7 1 2 0 0 1 0 0 0 0 1 1 0 1 0 6 5 7 1 1 0 7 2 5 4 8 1 0 8 0 1 11 10 2 0 5 0 0 0 1 0 2 4 1 0 0 1 0 0 3
0 0 0 0 2 0 0 0 0 0 0 0 0 2299 1656 161 909 41 5 4 3 2 16 27 3 21 527 551 14 0 29 1 6 91 2873 1657 1425 31 108 140 74 3 26 0 0 7 107 2 0 0 0 0 0 3 0 0 43 63 1577 626 22 5 6 63 141 0 21 142 79 0 0 0 13 3 129 5 0 0 1 0 0 0 1 2 5 2 4 1 1 0 2 0 0 0 5 14 0 0 3 5 0 0 0 0 0 0 0 0 0 0 0 0 0 1 2 0 1 6 2 5 10 21 16 1 0 1 3 1 0 2 1 1 0 1 0 1 0 0 6 6 0 3 0 0 0 1 0 0 4 7 1 1 0 0 0 0 0 0 0 0 0 0 0 0 0 0 0 2 0 0 0 2 0 0 1 2 0 0 3 0 0 3 0 0 0 2 0 0 0 0 0 0 2 0 0 0 1 0 0 1
1 0 0 1 56 7 0 1 0 0 2 12 4 74 225 801 783 566 205 173 63 99 358 163 134 143 169 52 93 11 222 47 132 200 389 1425 2861 470 195 372 1291 34 142 8 2 122 194 26 7 1 0 0 7 10 1 1 215 1019 2395 2072 138 38 47 52 77 3 135 832 92 11 7 4 65 38 1700 57 1 2 5 0 1 2 9 17 33 36 19 3 11 1 26 7 0 5 60 182 0 2 34 51 1 2 0 2 1 1 0 2 0 0 1 3 8 3 5 7 24 18 32 18 176 95 88 39 9 5 40 2 2 14 32 22 1 23 4 26 7 3 239 164 7 65 7 5 24 11 2 0 54 41 48 2 2 0 0 2 0 1 0 0 3 3 1 3 2 9 5 11 6 0 13 29 29 57 1 4 0 0 10 3 4 119 9 11 3 16 0 1 1 13 5 4 4 10 1 0 17 7 11 27
5 4 9 4 39 26 0 2 5 3 4 148 734 26 98 491 643 1985 2018 155 331 707 739 339 628 504 207 41 137 14 113 233 1137 1184 73 31 470 5231 48 752 1116 35 316 734 510 3078 582 59 7 84 6 28 21 28 4 14 208 1872 707 583 422 61 92 68 37 153 264 988 86 22 13 74 3241 1353 2326 54 93 311 175 28 23 57 37 70 229 170 266 26 29 80 542 20 3 11 174 290 21 4 174 67 7 63 7 7 5 18 2 27 1 1 6 16 15 33 27 48 240 158 143 179 1160 860 610 403 202 72 248 33 9 95 246 195 24 258 50 472 50 8 1970 1271 39 549 20 36 171 62 23 5 578 336 466 17 18 10 3 8 3 14 4 6 22 37 6 23 20 76 58 68 25 16 150 274 336 488 26 77 10 7 103 17 89 1238 136 112 7 240 2 8 11 117 75 31 55 44 20 11 214 59 56 300
0 1 0 0 24 5 0 1 0 0 0 13 8 95 826 1375 129 5780 41 27 7 8 61 90 8 12 408 2104 87 12 114 4 34 19 54 108 195 48 6266 55 521 52 166 1 2 860 29 180 5 1 0 2 4 6 6 6 187 162 289 52 8558 44 52 215 4791 16 81 245 3348 5 24 1 19 7 498 953 3 0 1 0 8 0 8 13 17 12 10 4 39 4 84 11 2 2 66 98 1 1 16 42 0 1 0 0 0 0 0 0 0 0 0 0 3 129 396 8 5 148 5 837 13 248 12 2 1 2 2 15 1 122 7 3 0 2 0 4 1 0 11 15 257 11 130 5 6 19 67 9 33 864 6 6 7 3 0 5 0 1 0 0 0 0 1 1 1 4 83 74 10 19 1 4 4 3 3 79 2 2 104 5 0 6 3 1 9 0 1 1 2 0 0 6 7 1 0 0 1 1 2 1
8 5 6 6 7 20 1 1 0 4 1 31 0 630 534 136 447 121 302 156 173 2178 1739 6391 4242 5980 2519 245 158 3 31 2 56 60 2129 140 372 752 55 13063 983 188 1950 70 1 74 2160 13 10 3 0 3 38 47 7 15 124 14 581 36 95 77 168 647 128 1 646 84 147 25 6 10 174 67 49 22 16 1 21 2 10 0 98 189 347 571 289 1 21 2 42 15 2 8 381 14 1 1 550 60 0 4 0 0 0 0 0 0 0 0 1 0 15 17 4 26 17 82 46 38 234 500 295 26 4 18 42 10 1 17 17 11 1 13 2 18 19 0 177 92 15 71 7 2 23 10 1 0 95 53 24 4 5 1 1 2 0 0 0 0 2 2 0 1 0 10 7 18 9 0 10 14 13 30 4 14 4 0 15 3 2 67 12 5 0 16 0 0 1 4 2 2 11 3 0 0 5 5 3 14
1357 904 1102 1070 1198 1531 209 584 53 259 70 1992 32 989 1767 1781 811 2030 636 276 1383 1290 5951 4104 562 2085 921 463 458 582 823 117 671 215 80 74 1291 1116 521 983 6762 4395 4484 80 111 1736 247 168 3692 230 86 142 87 70 1834 1345 323 136 89 149 1116 295 160 231 282 100 220 120 372 299 166 294 694 139 532 336 276 10 422 10 403 50 1209 171 1434 243 145 416 1320 376 2477 2148 246 516 2537 587 195 87 232 100 13 28 28 49 10 66 3 9 11 10 88 62 4 25 67 5 29 46 12 144 70 175 42 62 19 12 11 11 0 33 66 13 31 197 6 147 5 3 129 123 46 50 44 10 35 66 43 3 48 353 48 51 100 8 4 35 7 11 18 29 8 7 4 13 63 10 54 88 43 24 37 50 74 45 87 158 26 29 318 41 213 226 26 9 58 220 23 22 155 10 19 205 83 14 68 9 31 10 4 39
2 3 2 1 6 1 0 3 0 0 0 2 4 67 185 228 56 237 69 51 15 76 1376 5896 40 265 220 49 14 2 2 0 3 1 12 3 34 35 52 188 4395 5616 6209 11 20 355 22 18 1176 29 1 4 2 4 41 19 4 6 12 5 262 20 14 28 37 23 24 4 45 21 8 3 6 1 12 36 4 0 1 0 13 1 28 9 20 14 9 14 36 17 279 328 17 46 359 4 0 1 6 3 0 0 0 0 0 0 0 0 0 0 0 0 1 4 14 0 0 7 2 30 5 35 20 0 0 0 0 0 0 4 0 0 0 0 0 1 0 0 3 2 9 4 9 1 0 3 10 0 1 57 2 1 6 0 0 3 0 0 0 1 0 0 0 0 0 0 10 12 1 3 0 0 1 2 12 33 0 1 57 8 0 3 1 0 4 2 0 1 5 0 0 8 10 0 0 0 0 0 1 0
17 13 13 12 36 29 2 10 4 3 1 27 21 135 284 270 274 1037 354 164 183 1017 990 4112 1157 686 1018 162 283 12 66 17 58 26 401 26 142 316 166 1950 4484 6209 8718 76 209 4000 566 140 2584 93 9 13 29 54 99 79 254 61 290 13 3527 268 2037 3084 571 305 712 62 1059 102 63 17 108 27 188 843 26 4 35 3 56 7 218 187 402 562 142 57 228 176 4944 858 32 195 5006 80 4 8 466 76 0 1 0 0 0 0 0 2 0 0 1 0 8 21 91 14 7 60 7 170 60 191 73 5 2 6 8 17 0 27 10 7 0 5 1 13 2 3 57 51 58 21 101 5 5 139 130 2 40 947 16 27 57 3 4 85 0 1 2 7 1 0 0 0 0 7 206 233 50 51 2 12 7 21 118 593 5 13 980 80 4 31 10 3 96 8 3 13 39 5 1 164 97 2 8 0 3 2 1 9
4 2 1 3 4 13 1 0 3 3 11 47 3805 0 5 7 17 152 6367 42 36 99 41 34 82 54 26 5 15 1 4 7 24 6 9 0 8 734 1 70 80 11 76 10682 4108 2129 56 26 3 899 59 215 3 2 1 2 18 13 13 1 39 25 32 13 6 870 34 21 44 17 18 157 1881 4201 45 15 326 2941 3025 220 50 414 12 6 36 23 22 226 83 581 974 14 4 5 60 15 24 2 31 8 5 23 0 0 2 5 1 3 0 0 3 7 27 42 116 43 56 370 37 240 549 2416 495 111 50 30 70 16 4 53 65 30 2 61 13 108 25 2 668 363 46 178 29 6 58 49 23 9 415 310 110 15 30 4 1 10 11 4 14 16 6 6 1 7 2 29 47 47 20 25 29 66 69 93 29 78 6 7 169 18 31 382 153 22 17 83 6 5 33 25 13 64 29 6 4 2 41 12 8 61
4 0 2 1 6 15 2 1 44 31 16 63 3893 1 0 1 26 19 1358 39 8 11 9 5 4 0 7 7 11 3 4 21 51 13 1 0 2 510 2 1 111 20 209 4108 15989 4355 17 65 15 4228 32 91 2 0 4 5 5 31 6 1 43 56 100 29 30 4467 11 7 116 26 32 356 544 455 50 36 1287 254 1587 132 55 265 3 3 5 4 12 201 120 4859 4845 27 4 7 119 21 346 15 2 0 1 4 1 1 1 2 1 5 0 0 2 1 3 20 197 3 4 34 2 288 14 90 14 1 1 2 2 23 1 22 7 8 0 7 0 2 2 1 16 11 77 5 123 4 5 168 190 4 17 1580 11 43 133 9 3 154 8 2 12 15 0 0 0 1 0 0 277 237 78 166 1 8 3 8 173 635 6 20 1726 146 1 15 9 1 148 7 10 43 94 0 1 404 159 2 0 0 1 0 5 0
1 0 0 1 11 20 1 0 30 9 4 81 919 15 47 70 349 3252 3831 370 25 86 42 1311 116 43 768 416 70 5 43 29 145 61 37 7 122 3078 860 74 1736 355 4000 2129 4355 4140 100 152 67 57 2 10 6 10 33 20 118 130 75 9 380 204 414 2272 1027 2519 162 67 671 42 25 82 499 327 245 116 276 28 291 0 19 7 31 36 48 104 40 32 125 90 1957 138 6 24 856 67 155 6 71 39 1 7 0 1 1 1 0 7 0 0 2 1 13 392 2299 40 28 337 14 2153 87 733 32 5 1 8 6 170 3 501 20 36 4 13 12 22 9 3 102 50 934 31 1028 22 22 257 1272 71 244 6998 29 33 83 15 4 123 2 2 8 5 2 2 0 2 3 13 620 1000 98 406 12 39 13 51 94 1089 10 29 1646 70 4 48 45 3 84 11 12 26 51 4 5 106 161 5 6 0 3 3 10 0
5 4 1 6 17 15 1 1 1 1 1 38 3 158 149 36 79 33 45 13 120 340 254 550 1990 146 1153 348 167 5 104 13 132 116 628 107 194 582 29 2160 247 22 566 56 17 100 4708 34 3 10 0 10 21 40 6 14 411 53 1732 50 85 207 279 507 285 5 842 1586 408 43 15 20 539 136 317 38 92 7 85 3 6 5 59 96 213 630 1569 5 50 9 40 4 2 6 246 56 9 0 854 347 2 7 1 0 1 5 0 5 0 0 0 2 1 4 5 7 28 13 13 13 115 92 85 26 13 3 26 6 4 3 38 13 0 47 8 64 10 0 152 138 8 31 2 0 17 11 4 2 61 47 27 1 6 0 0 3 0 1 0 1 4 2 0 3 3 8 8 7 2 3 9 24 19 36 1 5 1 0 15 2 17 110 17 7 3 29 0 0 1 4 8 12 5 2 5 1 16 4 6 21
5 1 4 3 37 3 2 2 1 1 1 29 6 4 18 14 26 247 24 18 8 11 8 19 8 3 18 24 129 14 115 26 70 27 13 2 26 59 180 13 168 18 140 26 65 152 34 17378 60 320 5 23 7 22 20 8 264 150 103 8 1459 12456 845 179 207 57 98 86 3465 830 3159 4 46 14 533 13984 18 3 17 11 188 62 33 24 28 26 8 833 11555 606 8324 39 13 68 383 178 2 3 21 24 0 1 0 0 0 1 1 7 0 0 0 0 0 0 8 0 3 13 1 10 5 9 5 1 2 1 4 10 3 2 3 3 0 3 0 2 4 0 12 5 5 19 5 15 5 361 69 1 7 153 15 399 1329 21 35 377 14 18 27 82 1 1 0 1 0 1 43 125 267 48 2 6 0 8 525 321 105 198 1236 148 2 23 11 2 287 10 101 165 969 3 1 2264 634 1 3 0 0 4 2 7
93 19 46 26 34 40 22 32 2 9 3 36 0 6 23 9 25 28 18 13 6 30 81 168 16 30 21 7 79 21 12 1 9 1 5 0 7 7 5 10 3692 1176 2584 3 15 67 3 60 10046 49 75 49 19 21 359 214 16 4 1 0 73 144 23 4 3 17 32 1 33 195 66 4 11 6 7 65 5 2 13 0 163 7 392 81 70 40 11 101 469 143 572 6205 211 1207 5586 11 3 10 6 0 0 0 0 1 0 1 0 0 0 0 1 0 0 0 1 1 0 5 0 4 2 9 2 0 0 2 2 0 0 0 0 0 2 6 0 6 1 0 5 1 0 0 1 1 0 28 6 0 1 21 1 13 31 0 2 15 1 1 2 4 0 0 0 1 1 0 2 16 15 2 0 4 2 1 36 24 4 9 104 14 4 6 1 0 23 1 4 4 33 0 0 101 43 0 2 0 0 0 0 1
13 1 6 1 8 7 8 5 38 28 10 22 162 0 1 1 8 6 94 3 3 8 4 2 12 1 1 1 15 1 2 3 16 1 0 0 1 84 1 3 230 29 93 899 4228 57 10 320 49 12119 383 1688 3 3 13 20 13 4 5 0 27 327 282 11 6 1613 11 7 133 98 104 218 215 563 23 104 1274 261 951 1640 456 3455 36 9 7 10 6 1947 1299 6573 1565 93 33 42 317 8 262 9 5 2 0 2 0 2 2 2 0 1 0 0 1 2 0 1 12 1 2 10 2 16 6 4 4 1 0 2 2 6 1 2 2 1 0 3 0 3 1 0 6 3 5 4 3 7 6 161 30 1 6 78 5 122 464 18 9 227 51 12 99 138 2 0 0 0 0 3 15 64 118 29 1 4 1 4 262 137 28 53 778 82 0 6 5 1 152 13 57 122 489 2 5 1091 269 1 5 0 0 0 0 2
35 17 35 8 24 23 15 36 3 9 1 17 13 0 0 0 1 0 8 0 4 3 4 3 5 0 1 0 53 12 10 3 2 0 1 0 0 6 0 0 86 1 9 59 32 2 0 5 75 383 8323 16877 15 11 175 35 14 1 1 0 0 11 3 1 0 237 9 0 6 406 90 34 17 152 2 2 140 33 69 822 2442 724 282 37 23 22 4 297 50 40 21 3797 7645 241 167 4 23 12 1 3 0 0 1 2 0 0 0 2 0 1 1 1 0 0 0 0 2 0 0 0 0 1 1 0 0 0 1 0 0 0 0 0 0 7 0 1 0 0 1 6 0 1 0 0 0 2 0 0 0 3 1 5 17 1 0 4 97 14 149 109 1 0 1 0 0 0 0 1 3 4 0 1 1 1 0 1 16 7 11 0 2 5 1 1 0 5 14 5 91 0 3 43 12 0 0 5 1 0 0 0
129 31 56 35 48 42 38 64 10 18 6 51 28 1 1 2 4 1 17 1 4 10 4 2 9 3 5 0 102 40 19 1 13 3 1 0 0 28 2 3 142 4 13 215 91 10 10 23 49 1688 16877 41867 26 15 230 39 31 2 1 0 7 82 18 3 2 716 27 6 10 576 167 54 72 421 11 5 419 102 244 10782 9797 2248 454 80 48 32 12 1311 426 176 105 1915 6957 149 183 11 78 30 12 2 7 2 1 1 0 1 1 5 0 1 4 2 0 0 2 1 2 0 0 3 0 2 3 2 0 0 0 0 0 0 2 1 1 11 0 8 0 0 6 5 0 0 0 4 0 8 4 0 1 4 0 24 72 4 1 18 945 270 1642 740 28 2 0 2 2 0 0 1 9 30 10 3 4 0 3 4 126 40 46 2 11 17 28 0 3 24 131 66 817 0 26 118 42 0 6 2 0 0 0 1
1726 200 619 294 466 444 1796 1041 305 643 118 777 0 4 7 4 6 3 1 1 25 40 12 22 55 9 71 20 7332 569 301 25 126 2 7 0 7 21 4 38 87 2 29 3 2 6 21 7 19 3 15 26 12273 6843 2079 12 301 14 4 1 13 48 36 43 21 2 460 22 53 13 13 89 87 40 68 6 130 3 164 1 27 0 2123 1461 167 271 57 12 15 3 11 46 27 12 44 147 417 11369 39 34 13 5 13 20 3 30 0 2 6 7 22 16 0 1 1 0 7 1 0 1 3 1 2 16 4 2 5 0 0 0 17 2 9 48 2 47 0 0 31 27 0 2 0 3 3 0 0 0 2 6 11 1 0 1 0 0 0 0 0 1 1 7 0 3 24 0 0 1 0 0 8 22 20 7 1 2 0 1 1 0 74 58 3 0 0 56 0 0 1 4 2 0 0 0 16 1 8 0 0 4
690 133 224 159 381 287 326 208 17 67 13 338 2 5 9 6 4 1 3 3 19 33 15 30 73 22 91 24 13689 378 297 19 156 7 8 3 10 28 6 47 70 4 54 2 0 10 40 22 21 3 11 15 6843 7810 53 18 386 30 6 1 20 67 72 55 32 1 1089 13 79 17 11 83 89 24 140 13 65 0 130 1 21 3 3057 2383 120 204 84 14 16 6 14 46 17 14 66 226 39 2858 58 79 12 5 9 7 2 18 1 1 0 2 13 14 0 0 1 0 9 2 0 3 6 0 7 10 2 1 3 0 0 0 21 3 7 57 1 50 1 0 33 36 1 8 1 4 9 2 0 0 3 1 10 1 1 1 0 1 0 1 1 0 4 2 0 3 11 0 0 1 0 1 9 7 17 4 0 2 1 0 1 0 51 57 7 3 1 57 2 0 3 7 6 1 1 4 15 3 8 3 0 6
149 24 75 29 51 47 137 105 18 57 11 67 0 2 8 9 2 25 7 4 7 9 10 31 9 2 10 3 335 39 22 5 13 0 3 0 1 4 6 7 1834 41 99 1 4 33 6 20 359 13 175 230 2079 53 15041 537 28 2 0 0 29 20 9 4 5 8 37 1 5 83 45 16 7 14 8 10 8 0 25 15 253 23 5290 91 75 24 5 123 179 44 110 1134 233 174 348 25 18 539 8 4 0 1 2 1 0 5 0 0 0 1 2 0 0 0 0 0 1 2 0 2 0 1 1 4 0 0 0 0 0 0 3 0 1 10 1 8 1 0 6 2 0 1 0 0 2 1 0 0 2 5 0 3 12 0 0 1 4 2 0 9 0 1 1 0 1 0 2 2 7 1 1 1 5 0 4 5 8 5 12 2 14 5 0 1 3 7 6 5 33 0 1 21 5 1 2 0 1 0 0 0
230 111 172 115 128 194 61 126 4 23 4 190 0 0 3 6 1 12 3 0 836 132 12 25 58 5 30 5 131 58 91 7 38 4 1 0 1 14 6 15 1345 19 79 2 5 20 14 8 214 20 35 39 12 18 537 3197 53 3 0 0 13 28 17 13 9 3 29 5 15 32 22 21 26 3 31 7 17 0 40 1 84 5 3597 86 3590 115 13 57 118 16 58 383 63 78 202 61 12 16 71 12 2 2 2 2 0 5 1 0 0 1 10 6 0 0 0 0 2 0 1 1 5 2 3 5 1 0 1 1 0 0 1 1 2 23 1 16 0 0 11 10 0 4 0 0 5 4 2 0 0 3 1 5 10 1 0 2 2 2 0 5 1 1 0 3 5 0 0 1 3 0 5 6 7 4 1 5 1 4 8 0 15 19 1 1 0 17 1 1 14 1 3 10 3 0 6 0 1 1 0 2
114 41 77 124 5247 1242 29 47 17 66 58 1487 5 176 362 109 145 65 23 16 210 290 55 63 367 57 611 569 6852 1609 12425 126 382 83 111 43 215 208 187 124 323 4 254 18 5 118 411 264 16 13 14 31 301 386 28 53 8234 83 162 16 257 687 538 472 640 8 5592 720 1698 117 108 173 330 68 2031 262 147 7 277 1 60 6 389 296 524 1246 1580 19 165 15 138 52 35 23 266 2883 63 187 2455 2772 35 32 44 57 13 96 1 6 13 20 93 60 1 4 6 3 31 9 9 29 68 26 33 56 24 9 24 5 1 8 69 22 35 182 7 136 5 1 172 157 12 28 7 7 31 14 7 0 27 99 47 4 6 4 0 5 1 11 1 3 10 17 2 19 48 7 13 17 13 3 37 45 64 47 8 14 7 3 28 5 243 140 12 15 3 199 3 0 9 13 20 17 13 13 73 8 24 7 2 30
5 1 2 2 12 21 1 0 0 0 2 86 5 78 373 100 312 101 26 40 128 229 56 11 85 2 23 59 87 3 63 1292 2843 4107 20 63 1019 1872 162 14 136 6 61 13 31 130 53 150 4 4 1 2 14 30 2 3 83 7216 1888 4884 115 39 64 23 129 8 135 2431 334 10 22 88 1784 58 4785 168 48 1 85 2 4 0 27 30 63 47 112 5 26 9 176 8 1 2 74 354 5 1 48 64 3 5 1 2 2 1 0 4 1 0 2 3 0 2 9 1 21 6 3 25 47 9 12 46 11 1 6 3 0 7 37 14 6 70 5 105 1 0 134 144 7 19 4 5 17 7 5 1 9 42 31 1 5 2 0 1 1 1 0 1 4 6 2 4 9 4 3 5 2 4 16 31 53 53 7 18 3 1 29 2 24 133 12 11 4 31 0 2 5 8 17 9 13 1 4 1 14 5 1 15
1 0 0 0 12 1 2 0 0 1 1 6 0 1006 1254 225 610 69 30 32 41 60 60 201 35 113 1341 1040 37 0 77 31 305 2513 3829 1577 2395 707 289 581 89 12 290 13 6 75 1732 103 1 5 1 1 4 6 0 0 162 1888 4664 5707 118 102 201 387 678 2 152 1400 897 15 27 7 390 34 719 93 14 1 15 0 5 3 5 5 23 57 41 3 34 5 39 0 0 3 83 35 4 0 38 137 2 2 0 1 0 0 0 0 0 0 2 2 5 9 4 7 20 12 21 24 136 102 102 35 11 8 25 2 3 9 28 16 3 17 3 28 7 1 147 139 9 47 6 1 18 5 3 0 65 38 36 0 2 0 1 1 0 2 0 0 0 4 0 4 3 5 11 12 2 3 9 27 37 30 5 14 0 1 9 3 6 68 8 5 1 13 0 0 0 3 5 4 4 8 5 0 12 3 3 27
0 0 0 0 5 1 0 0 0 0 1 7 0 125 200 70 147 18 4 8 12 21 52 16 25 10 80 67 11 2 9 60 761 3549 253 626 2072 583 52 36 149 5 13 1 1 9 50 8 0 0 0 0 1 1 0 0 16 4884 5707 3252 17 3 1 19 46 0 11 719 45 1 1 10 550 4 826 19 2 0 5 0 0 0 0 3 8 1 15 0 1 0 9 0 0 0 5 28 0 0 3 6 1 3 0 0 1 1 0 0 0 0 1 0 1 2 1 0 7 3 0 5 14 6 4 6 2 1 3 0 0 3 7 9 0 7 1 6 0 0 38 24 1 5 1 0 1 1 0 0 5 3 4 0 0 0 0 0 0 0 0 0 0 0 1 1 1 1 0 4 1 0 4 3 9 5 1 0 0 0 2 2 3 23 1 1 0 4 0 0 0 4 2 1 1 2 0 0 7 1 1 6
2 0 1 1 28 4 3 0 1 1 0 24 9 9 79 99 239 2578 181 187 20 56 35 675 109 26 240 173 119 6 125 16 46 22 37 22 138 422 8558 95 1116 262 3527 39 43 380 85 1459 73 27 0 7 13 20 29 13 257 115 118 17 5331 551 1060 2102 2918 142 236 95 7171 113 221 1 57 6 374 4816 10 1 11 2 43 1 36 32 53 104 21 29 475 45 1916 112 4 36 1348 96 7 1 84 32 0 2 0 3 0 0 0 5 0 0 0 0 4 43 173 6 6 25 6 166 26 40 11 1 0 3 1 23 0 38 9 10 0 2 2 10 2 1 24 13 87 12 224 7 5 156 318 3 18 1355 9 27 51 3 6 62 1 2 3 1 1 1 0 0 1 3 230 347 60 82 3 8 6 10 96 677 2 13 912 63 0 16 3 5 86 12 3 13 25 1 1 110 110 0 2 1 0 0 1 1
14 3 6 6 49 23 3 6 4 4 0 25 4 8 22 39 25 101 35 13 37 149 36 67 246 26 99 28 596 22 123 8 30 13 27 5 38 61 44 77 295 20 268 25 56 204 207 12456 144 327 11 82 48 67 20 28 687 39 102 3 551 16686 10224 568 218 80 699 122 4436 4483 2193 9 31 18 212 1261 16 2 21 26 517 116 97 115 164 217 105 1387 7855 754 3378 99 29 825 3783 100 8 3 145 43 0 2 0 1 1 1 0 5 0 1 0 0 1 4 5 3 0 15 2 14 6 21 8 1 1 3 5 13 2 3 2 2 1 0 0 3 1 0 4 11 9 17 5 8 4 196 50 0 10 120 9 339 1016 15 29 258 21 23 26 142 5 1 0 0 0 3 40 72 156 42 2 1 2 2 299 147 111 209 770 90 3 9 5 1 187 14 93 115 1057 7 0 1592 436 0 4 1 1 3 0 4
8 3 7 2 42 15 4 3 0 1 0 17 6 18 52 70 39 256 81 12 40 241 28 117 410 41 187 47 499 21 128 14 34 24 66 6 47 92 52 168 160 14 2037 32 100 414 279 845 23 282 3 18 36 72 9 17 538 64 201 1 1060 10224 15655 5017 2233 92 875 101 7050 881 548 11 52 13 247 1292 20 1 20 3 157 3 88 139 177 319 110 75 1541 561 4647 18 9 108 5256 84 4 6 225 60 0 0 0 0 0 0 0 0 0 0 0 0 1 5 7 3 3 15 4 45 17 55 19 0 1 2 5 9 2 8 4 2 0 3 0 5 1 1 17 22 8 13 13 5 2 193 51 2 3 169 4 42 180 8 3 141 0 0 4 12 0 0 0 0 0 3 45 132 117 17 1 4 6 2 296 341 5 24 754 124 3 10 5 0 191 6 4 20 63 0 0 488 218 0 2 0 1 0 3 2
11 1 1 5 25 10 3 4 0 0 0 16 39 200 234 217 47 1140 171 13 29 153 30 174 294 101 1958 899 375 7 96 3 18 8 673 63 52 68 215 647 231 28 3084 13 29 2272 507 179 4 11 1 3 43 55 4 13 472 23 387 19 2102 568 5017 8199 9761 45 809 128 4410 109 69 4 53 16 103 430 9 0 11 0 24 2 64 85 128 334 77 4 82 20 640 7 3 9 1305 50 5 3 279 105 1 3 0 0 0 0 0 2 0 0 0 1 5 48 152 4 5 78 4 379 27 173 21 2 2 2 2 8 1 48 8 4 1 4 0 3 0 1 17 21 93 9 115 5 5 26 57 4 18 642 8 2 6 3 1 10 0 0 1 1 0 0 0 0 2 3 75 64 14 21 1 6 8 6 14 94 0 0 141 9 0 10 8 0 13 5 1 2 4 3 2 18 18 0 1 0 0 0 1 2
6 1 3 2 50 6 2 2 1 1 0 19 22 153 555 505 41 1193 35 14 5 25 20 108 50 15 791 2400 279 10 271 7 37 23 243 141 77 37 4791 128 282 37 571 6 30 1027 285 207 3 6 0 2 21 32 5 9 640 129 678 46 2918 218 2233 9761 7541 48 582 318 7838 23 48 3 27 11 513 333 3 0 11 0 10 1 33 50 58 146 40 2 46 10 170 10 1 6 147 107 3 3 80 168 0 1 0 0 0 0 0 2 0 0 0 1 4 68 182 6 6 54 2 400 6 68 6 3 0 6 0 28 2 54 5 13 0 1 1 3 3 2 22 23 164 7 211 2 7 43 135 1 8 1164 6 5 13 2 0 6 0 0 0 0 0 0 1 0 0 4 178 149 17 28 1 7 6 9 11 224 1 1 221 19 3 9 2 1 9 4 0 2 4 1 2 9 13 3 2 0 2 3 1 2
6 4 1 1 1 8 1 2 30 13 3 18 2378 0 2 3 7 54 481 3 2 3 2 22 7 1 12 10 10 0 3 4 15 4 1 0 3 153 16 1 100 23 305 870 4467 2519 5 57 17 1613 237 716 2 1 8 3 8 8 2 0 142 80 92 45 48 1386 6 4 129 31 17 113 126 393 14 47 786 346 511 619 174 836 20 3 6 4 3 381 142 1054 2340 49 19 10 155 9 201 8 3 1 0 0 0 0 0 2 0 0 0 0 0 0 1 25 218 2 2 26 0 123 9 45 7 2 1 2 2 10 0 21 1 0 0 0 0 2 2 0 15 9 39 4 38 1 4 40 135 5 22 633 2 15 37 3 3 74 23 7 58 31 1 0 0 1 1 2 48 87 24 100 1 2 2 2 31 141 9 10 429 29 3 11 9 0 36 5 8 18 67 0 1 106 51 0 1 0 1 0 1 0
197 109 168 182 891 758 49 90 41 101 49 1212 3 98 175 66 78 55 32 9 115 254 107 409 1011 207 1570 460 4213 208 3196 99 751 74 191 21 135 264 81 646 220 24 712 34 11 162 842 98 32 11 9 27 460 1089 37 29 5592 135 152 11 236 699 875 809 582 6 11276 632 1011 166 94 276 517 157 2292 119 268 7 517 4 56 5 774 3120 474 5465 2642 21 144 16 160 49 22 44 647 1930 129 62 1401 2953 19 18 19 28 8 35 1 7 8 13 53 40 1 3 8 2 31 8 11 21 64 45 45 65 31 6 18 1 0 9 51 16 27 200 7 195 2 1 174 179 6 39 13 9 35 11 15 1 27 66 43 3 11 3 0 9 2 4 1 5 10 10 1 14 47 9 9 10 7 2 38 56 73 61 4 19 0 2 36 4 182 272 22 14 7 179 1 0 10 17 33 18 7 10 52 4 27 8 5 35
1 2 2 1 53 15 1 5 0 2 3 46 1 355 657 153 346 45 22 18 89 153 60 35 78 26 232 466 138 0 451 44 447 920 184 142 832 988 245 84 120 4 62 21 7 67 1586 86 1 7 0 6 22 13 1 5 720 2431 1400 719 95 122 101 128 318 4 632 6829 693 13 24 35 983 168 2876 91 109 4 120 5 4 1 33 38 64 204 973 4 20 9 47 3 0 3 46 193 3 0 232 829 2 8 1 4 1 3 0 4 0 0 3 1 0 2 7 5 36 6 11 20 106 22 50 33 20 8 25 1 1 5 49 32 2 37 5 89 5 1 260 240 1 67 7 5 24 7 5 0 40 56 49 1 2 1 0 0 0 0 1 1 4 3 2 7 3 2 9 5 2 1 25 38 51 54 2 12 1 0 18 0 13 140 14 7 2 23 0 0 0 8 7 5 2 2 6 4 19 10 1 37
6 1 6 1 205 21 1 2 1 1 0 80 9 115 347 230 75 1238 55 17 31 71 36 97 120 20 210 387 880 48 729 28 134 59 229 79 92 86 3348 147 372 45 1059 44 116 671 408 3465 33 133 6 10 53 79 5 15 1698 334 897 45 7171 4436 7050 4410 7838 129 1011 693 10529 453 638 19 68 18 1463 4664 12 2 29 1 130 2 90 130 172 276 103 91 993 245 4193 35 11 48 1327 495 7 4 166 245 2 1 0 0 0 2 0 6 0 0 0 0 1 9 39 5 4 13 8 70 18 39 19 3 1 2 3 23 0 13 6 7 0 6 1 11 5 2 24 25 43 12 73 7 4 267 176 0 16 895 10 38 115 5 3 169 3 6 3 3 1 1 0 1 1 10 249 366 114 55 7 13 6 15 256 1029 8 20 1538 173 5 23 5 2 217 21 6 23 35 5 0 377 215 2 2 0 0 4 3 3
76 29 53 28 34 28 24 54 4 10 2 39 5 3 8 6 10 17 15 6 12 60 13 25 66 10 16 7 158 27 42 2 19 2 8 0 11 22 5 25 299 21 102 17 26 42 43 830 195 98 406 576 13 17 83 32 117 10 15 1 113 4483 881 109 23 31 166 13 453 2369 3938 12 19 20 33 158 27 6 20 89 2382 302 217 52 63 69 23 1468 1859 225 660 983 1315 1772 1812 29 9 8 41 6 4 0 1 0 0 2 0 2 0 1 3 1 0 0 4 0 1 3 2 4 1 7 0 1 0 1 1 3 1 2 1 1 1 4 1 0 0 0 3 4 0 5 0 2 3 45 16 0 6 29 1 157 336 10 7 106 133 115 374 522 4 0 0 0 5 0 8 10 43 5 8 0 2 3 55 47 239 221 231 22 3 11 9 0 33 17 150 48 1594 1 6 489 201 0 0 2 1 3 0 2
25 8 16 11 12 20 11 17 2 3 0 25 2 0 4 4 11 34 11 5 8 15 7 9 28 1 11 3 91 11 54 5 12 5 8 0 7 13 24 6 166 8 63 18 32 25 15 3159 66 104 90 167 13 11 45 22 108 22 27 1 221 2193 548 69 48 17 94 24 638 3938 6156 12 16 12 111 867 14 3 15 35 5217 375 107 27 30 36 10 1839 4024 348 1664 383 215 667 552 40 3 7 24 10 2 1 4 6 0 0 1 2 0 0 1 3 0 0 0 0 0 1 1 5 2 3 3 0 0 0 2 0 1 3 1 1 2 4 0 1 0 0 1 2 6 5 3 9 2 53 12 0 2 31 2 205 415 11 5 116 135 128 335 614 2 2 0 0 5 2 4 21 40 15 6 1 0 1 60 40 320 317 297 9 1 5 5 2 44 16 184 61 2033 0 4 673 211 0 5 0 0 0 0 0
68 50 67 53 66 748 19 21 233 422 993 4141 69 1 3 2 2 3 12 2 217 332 41 3 73 3 8 3 584 55 37 1197 3740 63 0 0 4 74 1 10 294 3 17 157 356 82 20 4 4 218 34 54 89 83 16 21 173 88 7 10 1 9 11 4 3 113 276 35 19 12 12 4575 3797 1119 166 6 6168 857 5977 61 43 132 115 112 180 65 60 69 40 159 124 23 8 7 23 523 1313 120 67 7 82 38 53 127 30 210 8 22 26 48 278 149 1 3 3 1 37 2 11 11 47 21 23 158 45 7 17 2 0 2 152 14 78 388 11 258 1 1 200 184 3 39 1 31 80 3 5 0 19 25 44 0 6 10 1 2 6 24 6 26 41 50 5 55 87 5 3 3 1 2 99 134 68 27 5 7 10 4 20 1 548 434 85 13 2 630 1 0 15 26 51 17 15 17 234 20 50 15 5 50
