32180 8806 11742 3017 2950 2977 8601 8699 93 1054 45 993 1 4 1 5 1 8 0 1 92 48 0 12 27 0 2 6 10132 6243 285 151 563 14 1 2 8 11 6 8 862 8 19 1 5 4 9 35 64 7 85 180 789 558 238 192 16 29 4 3 6 40 18 9 22 3 467 11 56 125 22 224 26 24 93 13 178 1 147 10 172 12 1112 964 1094 283 34 79 56 17 28 221 90 122 139 369 116 1895 37 17 125 52 204 240 24 339 26 13 33 80 168 365 0 3 4 0 5 2 1 6 3 0 2 24 23 0 1 1 0 1 66 7 130 346 3 187 0 0 14 19 3 5 2 9 34 2 1 1 2 6 3 3 5 7 0 2 9 15 5 6 24 67 2 42 102 3 5 2 0 3 76 39 35 11 2 9 11 4 7 3 285 77 10 7 0 98 4 2 10 8 46 4 9 109 55 23 25 10 0 1
8806 13141 1614 6141 3407 2714 212 61 9 793 34 471 2 1 1 2 0 0 1 1 83 28 1 5 8 2 0 0 915 3837 38 41 255 5 0 0 2 2 4 4 451 1 8 2 1 2 2 5 15 3 20 46 90 99 46 97 12 4 5 0 4 10 6 2 2 0 165 3 2 38 9 131 6 8 28 3 104 1 94 0 60 7 323 321 654 182 11 26 21 5 12 74 19 29 53 63 49 103 27 8 54 26 90 128 18 188 9 4 8 49 81 199 0 0 0 0 1 0 0 1 1 0 1 22 12 0 4 1 0 1 28 4 89 171 1 107 0 0 14 8 1 3 0 4 25 2 1 0 0 2 3 2 1 1 0 0 1 11 2 0 15 39 3 30 57 2 0 2 2 0 41 27 19 3 0 4 4 0 1 0 158 38 5 5 2 54 0 0 3 4 25 2 5 95 26 10 14 2 0 1
11742 1614 8944 7095 159 4694 3797 12739 186 5297 235 13637 0 1 3 3 2 7 2 0 118 47 4 12 29 2 2 1 1791 307 22 51 263 14 2 2 4 5 8 13 781 10 23 1 3 7 13 19 60 10 104 162 650 442 198 216 13 14 6 1 11 29 7 6 5 3 429 10 12 115 24 144 15 13 88 4 131 1 125 15 181 18 1070 825 1143 246 29 69 58 19 38 224 117 135 127 107 155 1082 36 19 132 47 234 323 24 457 27 21 43 169 279 559 0 0 0 0 4 0 0 0 5 2 1 25 21 0 3 0 0 0 44 3 141 375 5 139 1 0 16 15 0 1 0 5 39 1 1 0 1 1 3 2 2 4 0 2 11 14 2 8 31 53 5 37 92 2 4 1 0 1 62 38 38 7 2 5 11 6 6 3 305 43 8 0 1 123 4 2 10 8 43 4 6 104 117 22 24 9 0 2
3017 6141 7095 16311 3728 10586 174 57 23 700 87 1622 1 0 0 1 0 1 0 0 74 51 0 1 7 3 2 0 815 2355 61 54 313 8 0 0 1 1 1 2 410 5 5 2 1 1 4 5 17 2 20 30 56 53 26 73 14 2 2 0 2 11 7 0 2 0 91 3 3 21 6 180 7 10 18 0 117 0 110 2 26 3 205 216 567 227 5 19 15 5 13 45 14 28 38 74 71 74 27 2 94 44 212 250 32 342 22 9 31 76 189 352 0 0 1 0 1 1 0 3 1 1 2 26 18 1 2 1 0 0 56 5 164 388 1 152 0 0 18 12 2 1 0 7 31 2 0 0 0 0 3 0 5 6 0 0 6 21 3 2 28 62 2 35 78 2 1 0 0 0 70 47 23 7 1 0 5 1 2 1 290 68 4 1 1 88 0 1 3 10 62 2 6 140 69 19 21 11 0 5
2950 3407 159 3728 11861 7735 560 28 3 88 25 3357 1 2 3 3 0 4 0 0 276 271 1 9 21 0 1 3 6888 11966 6892 1156 1919 34 1 0 8 10 6 18 830 4 28 0 1 5 5 42 28 3 19 42 160 128 63 172 1455 19 6 1 14 24 14 11 18 0 337 2 114 41 8 216 61 12 59 18 57 0 81 2 53 3 351 511 1416 760 16 18 23 9 15 51 35 46 57 2431 43 287 134 11 53 23 105 119 20 149 14 1 12 29 72 186 0 1 9 0 4 0 0 9 3 0 0 13 5 0 2 0 0 0 25 3 94 188 1 98 0 0 6 10 6 1 3 8 18 0 2 4 0 14 0 0 4 8 0 1 4 10 1 2 13 30 2 21 64 3 7 3 2 0 36 21 23 5 1 4 5 5 6 0 148 38 6 4 3 76 0 1 6 1 28 4 3 52 32 7 16 3 1 4
2977 2714 4694 10586 7735 16184 378 205 66 1278 131 17718 0 1 1 3 0 5 0 0 307 294 2 6 25 1 3 0 1613 2626 525 2958 4453 16 0 1 2 6 5 9 802 2 13 0 0 2 5 15 32 1 20 29 109 95 52 161 79 10 4 0 7 13 13 3 7 0 242 10 24 33 4 429 33 25 45 3 164 0 159 3 34 4 350 484 1391 575 7 20 15 4 11 56 25 29 50 1573 231 200 142 10 256 119 524 585 79 882 54 24 66 235 524 1022 0 1 1 0 3 1 0 4 0 2 3 56 48 2 7 0 0 0 132 11 448 867 3 254 1 0 23 19 2 1 1 13 61 2 2 0 0 6 3 3 2 6 0 5 10 33 5 7 40 123 9 87 203 1 3 1 1 2 170 95 58 12 0 5 25 5 8 4 805 107 8 8 3 335 3 1 11 26 94 0 16 254 267 44 69 8 3 8
8601 212 3797 174 560 378 12914 7700 176 3759 188 1055 2 5 3 1 0 2 0 0 12 18 2 1 8 0 1 5 4954 529 173 79 269 11 3 3 10 6 6 2 116 2 7 1 4 1 5 58 12 5 41 94 1613 737 310 33 8 15 10 1 4 39 27 5 29 1 100 3 66 46 8 180 23 21 135 6 158 1 123 10 97 6 891 477 186 56 17 24 17 2 8 87 43 35 42 347 1014 4897 14 19 46 14 79 75 6 124 8 2 18 41 62 91 0 0 4 0 3 0 0 2 0 0 1 18 10 0 0 1 0 0 26 2 35 126 1 104 0 0 24 13 5 2 1 0 13 0 2 0 0 9 3 1 2 2 0 0 11 9 2 6 10 26 1 15 42 2 2 2 0 0 26 10 29 8 0 5 7 4 4 0 103 27 8 4 3 27 2 1 6 2 23 5 4 36 16 6 13 1 1 4
8699 61 12739 57 28 205 7700 14809 276 11995 167 2079 0 0 2 2 0 1 1 0 14 6 1 0 10 0 1 0 995 98 8 3 29 7 0 0 2 2 2 3 172 1 7 0 1 2 2 7 25 3 58 105 1049 519 253 59 5 6 1 0 5 10 11 3 1 0 188 4 4 59 15 20 13 6 37 2 12 0 11 5 118 10 827 510 311 48 8 33 13 4 7 113 67 50 56 29 113 1586 10 9 25 8 39 29 6 77 8 1 30 56 46 85 0 0 1 0 2 0 0 0 1 0 0 3 3 0 1 0 0 0 5 0 13 33 2 9 0 0 6 9 0 0 1 0 0 0 0 0 0 0 0 0 3 0 0 1 5 2 1 3 3 1 3 1 12 3 1 0 0 0 2 0 5 1 0 0 0 2 1 1 32 5 2 1 0 9 1 0 5 1 2 2 2 5 17 2 2 0 0 1
93 9 186 23 3 66 176 276 917 2820 364 544 4 0 0 0 0 0 0 0 9 10 1 1 1 0 0 0 76 6 1 9 69 0 0 0 1 1 1 0 12 0 1 6 61 6 1 2 2 42 8 17 267 70 48 2 1 1 0 0 1 3 0 0 0 12 25 1 0 9 0 132 5 47 4 2 189 21 39 7 16 58 115 54 17 3 1 40 5 8 6 6 1 6 2 3 1070 788 1 3 2 1 3 6 0 2 0 0 0 1 7 5 0 0 1 0 1 1 0 0 0 1 0 0 1 0 0 0 0 0 3 0 1 6 0 3 0 0 1 0 0 0 0 0 0 0 1 0 0 3 0 0 1 0 0 0 0 0 2 0 0 3 0 0 2 0 0 3 0 2 0 1 1 0 0 3 0 0 0 0 0 2 0 0 0 2 0 0 0 0 0 0 0 4 0 2 1 0 0 0
1054 793 5297 700 88 1278 3759 11995 2820 22970 12946 32499 0 0 1 1 0 1 0 1 23 20 2 8 11 1 1 4 512 63 10 27 405 12 0 0 1 6 0 2 97 2 10 1 1 0 6 8 24 5 44 90 884 380 192 37 6 11 0 0 1 11 7 1 1 0 122 6 5 51 5 641 14 13 51 2 397 0 207 7 64 4 645 356 232 57 11 20 11 5 9 83 53 42 53 46 2737 2576 17 14 175 62 357 436 41 705 57 41 175 337 768 930 0 0 0 0 2 0 0 1 2 1 0 15 13 0 0 0 0 0 52 5 192 412 3 107 0 0 11 5 1 1 0 4 20 1 1 0 0 0 3 3 3 2 1 0 9 12 3 11 16 37 3 39 67 2 0 0 0 0 47 33 26 3 0 0 11 5 1 0 460 45 7 4 1 172 2 1 7 9 50 7 5 93 262 48 20 6 1 1
45 34 235 87 25 131 188 167 364 12946 3210 5708 0 0 0 0 0 1 1 0 4 8 0 1 0 0 0 0 26 19 6 13 148 0 0 0 0 1 0 0 9 0 0 0 0 0 0 0 0 0 2 1 27 11 2 2 1 0 0 0 0 0 0 0 0 0 21 0 1 2 0 132 0 4 2 0 6 0 7 0 1 0 12 15 19 3 0 0 1 0 0 3 0 3 1 15 374 200 4 1 56 15 106 153 15 256 20 12 33 83 212 299 0 0 0 0 0 0 0 0 1 0 0 12 3 0 0 0 0 0 30 1 105 222 0 36 0 0 6 1 0 0 0 3 13 0 0 0 0 1 1 0 1 1 0 1 4 3 0 1 5 20 4 19 32 0 1 0 0 0 27 9 11 3 0 1 3 0 2 0 254 11 1 2 0 84 1 0 0 2 21 2 2 44 111 15 8 3 1 1
993 471 13637 1622 3357 17718 1055 2079 544 32499 5708 31336 0 0 0 0 0 7 2 0 281 323 6 2 27 2 2 7 1398 1048 386 1976 6137 17 0 0 3 8 1 6 663 1 16 0 1 3 4 4 16 3 29 45 238 165 69 127 74 13 1 0 6 17 2 3 3 1 357 11 11 32 6 944 24 37 31 3 172 0 160 1 48 4 412 443 1022 459 7 28 22 6 15 58 30 36 48 824 1499 857 123 8 473 230 949 1176 172 1907 122 57 221 630 1207 2408 0 0 1 0 3 1 0 0 2 1 5 118 90 3 12 0 0 0 292 34 1052 1973 3 519 0 0 52 27 2 9 2 26 145 2 4 1 0 4 5 3 3 19 1 7 21 81 7 24 112 254 18 178 390 2 4 2 1 2 306 190 141 12 4 8 39 3 15 7 1899 231 25 17 0 843 5 2 14 36 189 6 29 553 712 91 124 27 2 8
1 2 0 1 1 0 2 0 4 0 0 0 5931 0 1 15 21 1102 3933 126 0 1 0 5 1 0 1 9 4 1 0 1 6 3 3 0 5 525 11 1 25 6 55 6103 2562 3462 2 33 4 221 3 8 0 1 1 1 2 0 1 0 39 58 20 22 18 4007 1 0 21 34 28 116 149 1730 0 14 369 783 360 8 33 41 3 1 1 1 2 66 70 48 176 10 0 12 70 1 90 12 1 0 2 2 0 0 1 0 0 0 0 0 1 2 1 90 692 17 17 172 2 951 51 279 15 1 0 1 1 28 1 42 27 6 7 9 3 18 1 5 35 33 414 3 188 5 7 31 240 214 59 1994 3 7 34 0 2 16 1 5 2 2 0 3 0 4 12 2 613 203 20 443 6 7 24 7 46 562 3 11 340 54 2 10 86 7 156 2 0 22 16 2 1 54 9 13 2 0 1 0 0 3
4 1 1 0 2 1 5 0 0 0 0 0 0 9710 9695 1929 1116 85 27 49 22 62 262 134 8 18 1467 2027 117 38 12 3 1 393 4551 5971 4106 100 307 882 1006 13 80 0 0 9 113 11 18 1 0 0 5 4 2 6 22 278 1098 544 12 11 33 132 272 0 14 105 145 4 1 0 3 11 402 4 0 0 3 0 2 0 9 14 27 23 10 0 1 1 7 15 1 4 35 26 1 13 5 1 0 1 0 0 2 0 0 0 0 0 0 0 52 33 12 85 26 111 69 51 128 238 204 24 15 5 23 5 9 28 0 0 0 5 4 39 32 23 54 106 13 75 6 0 9 1 0 1 26 15 13 0 1 1 0 0 0 1 0 0 1 0 0 1 0 30 8 5 0 1 6 0 3 15 0 7 1 0 8 1 6 18 10 1 0 1 0 0 1 2 2 1 2 0 0 0 3 1 0 7
1 1 3 0 3 1 3 2 0 1 0 0 1 9695 14420 13636 1449 527 73 1709 27 137 622 275 27 42 1335 3883 10 1 1 0 5 48 1989 676 1488 188 973 385 1795 54 133 4 1 32 33 28 74 1 4 1 2 0 5 2 3 27 53 8 23 17 51 114 380 5 9 17 238 19 5 2 6 29 35 12 1 0 3 0 3 0 11 10 9 17 4 9 5 2 17 66 8 24 86 5 0 1 16 0 1 0 0 1 0 0 0 0 0 0 0 0 102 58 9 172 56 99 108 79 206 301 234 46 24 8 45 17 15 61 2 0 1 5 7 36 56 35 119 144 20 118 9 4 6 9 1 3 44 28 33 0 2 0 0 1 0 0 0 2 1 1 0 0 5 50 13 22 5 1 3 2 3 24 1 20 0 0 3 0 4 55 18 3 3 8 0 0 1 1 3 1 3 3 0 0 5 5 1 11
5 2 3 1 3 3 1 2 0 1 0 0 15 1929 13636 11300 609 1897 1083 4149 7 50 197 500 20 25 774 8605 20 7 6 7 21 263 314 148 2166 818 831 194 1321 95 387 19 3 70 35 61 212 3 14 5 3 5 9 3 15 121 38 63 65 93 133 251 406 3 11 20 174 87 9 7 47 64 162 24 2 1 3 0 18 3 23 13 22 23 3 18 21 3 59 264 32 162 431 30 0 3 7 0 0 0 0 1 0 0 0 0 0 0 1 1 170 391 192 194 18 644 43 1041 155 1512 122 10 3 22 11 53 51 399 2 2 2 7 2 20 80 12 68 47 274 48 35 2 6 23 12 72 153 76 5 2 3 0 0 2 3 0 0 3 0 0 0 0 7 14 39 21 0 10 1 2 7 10 2 22 1 0 6 0 9 57 60 1 2 11 1 1 1 0 1 1 4 9 0 0 2 1 0 2
1 0 2 0 0 0 0 0 0 0 0 0 21 1116 1449 609 3200 729 1067 1144 28 75 190 61 8 15 17 78 8 2 0 0 4 9 41 20 939 1023 257 63 316 10 19 20 6 98 18 2 6 0 0 1 0 0 0 0 1 10 28 3 47 4 3 15 27 12 5 8 55 1 0 1 9 130 13 1 0 4 4 0 1 0 1 2 2 6 0 1 0 1 5 8 0 1 20 3 1 0 7 0 1 1 1 0 3 0 0 0 0 0 0 0 243 87 20 375 110 123 201 86 489 526 452 129 61 14 69 31 42 110 3 2 2 32 16 70 142 60 320 354 22 281 18 5 25 18 4 7 96 56 77 0 1 2 0 2 0 2 0 0 1 1 0 2 2 127 26 27 2 4 9 4 8 46 3 25 3 0 9 5 14 154 38 7 2 16 0 0 0 5 4 1 5 1 0 0 18 13 1 16
8 0 7 1 4 5 2 1 0 1 1 7 1102 85 527 1897 729 15106 3569 1596 11 74 113 1614 40 14 1230 1050 62 9 14 3 27 71 131 12 737 2531 6254 178 1828 300 1811 376 18 2075 63 248 105 13 8 2 3 9 15 8 56 38 36 12 2300 193 197 2037 1207 342 89 52 2828 72 53 15 139 284 75 640 5 2 11 0 38 3 26 38 42 65 23 25 67 11 239 130 14 86 459 17 0 4 63 6 1 19 0 1 24 12 0 0 0 0 0 10 79 1768 3084 217 123 1623 27 5479 577 2582 108 9 7 8 8 140 20 753 84 29 43 30 26 111 32 27 233 313 3112 19 839 8 13 51 227 1695 535 2885 5 4 16 1 2 13 0 3 1 5 3 4 1 17 86 9 625 232 12 111 7 27 147 24 23 459 5 4 75 19 13 55 283 13 46 9 3 11 10 5 5 24 23 148 2 2 11 8 1 5
0 1 2 0 0 0 0 1 0 0 1 2 3933 27 73 1083 1067 3569 57534 6834 13 51 77 213 14 12 168 208 7 3 3 0 7 7 25 6 109 2061 116 88 357 47 224 4858 399 862 23 25 55 76 3 13 2 0 1 3 10 4 8 3 91 38 44 234 129 751 10 7 69 32 20 5 79 6402 10 26 4 619 13 3 23 45 9 3 8 8 2 55 41 26 112 55 7 36 163 3 6 2 6 1 1 2 0 0 15 3 0 0 0 0 1 5 880 1771 2044 1228 147 4575 461 7565 1428 9325 1510 101 55 50 74 221 176 1418 22 15 27 69 24 144 356 128 722 523 1636 397 321 17 26 65 120 832 1046 1130 54 3 13 4 2 10 1 7 2 4 0 4 1 4 35 134 334 159 16 160 12 12 57 47 30 218 1 2 110 27 52 408 792 18 52 76 3 7 8 15 2 21 18 38 0 0 15 20 1 23
1 1 0 0 0 0 0 0 0 1 0 0 126 49 1709 4149 1144 1596 6834 3646 16 98 252 181 13 30 56 58 3 1 2 0 3 14 28 5 129 261 265 128 485 27 112 101 12 95 16 0 53 2 1 1 1 1 1 2 1 2 5 0 45 4 11 21 19 22 5 7 27 14 3 1 14 190 7 6 1 36 8 1 4 3 9 2 3 7 2 8 4 1 18 60 4 29 82 3 0 1 5 0 1 1 0 0 1 0 0 0 0 0 0 0 582 326 56 720 83 431 342 359 663 1766 614 143 62 49 67 79 110 409 3 2 0 24 21 42 269 86 313 293 63 312 20 4 27 28 11 16 255 62 67 0 2 0 2 0 0 1 0 1 1 2 0 0 1 171 42 46 5 4 10 2 9 39 2 33 0 0 16 2 24 199 62 6 1 31 0 1 1 11 2 1 6 2 0 0 23 10 1 26
92 83 118 74 276 307 12 14 9 23 4 281 0 22 27 7 28 11 13 16 3820 4969 1246 70 192 128 24 14 50 72 154 96 386 278 16 10 137 156 21 300 1034 9 202 1 2 11 93 29 14 1 1 0 9 4 6 2136 9 109 48 9 15 25 57 11 26 1 13 77 57 18 3 124 101 30 343 11 19 0 42 0 4 1 401 22 2341 236 89 1 1 0 17 11 1 12 72 645 84 19 281 52 2 4 4 1 2 14 0 1 1 1 2 10 4 1 0 9 22 6 7 7 30 10 26 19 10 3 7 0 0 2 4 0 10 33 12 67 1 3 52 63 5 14 2 0 7 1 0 1 6 10 22 2 3 1 0 0 1 3 0 0 7 9 0 0 14 16 5 1 0 2 6 3 14 31 0 5 0 1 1 2 37 39 9 5 1 16 0 0 4 1 3 3 3 6 2 0 11 1 0 2
48 28 47 51 271 294 18 6 10 20 8 323 1 62 137 50 75 74 51 98 4969 23293 3634 804 6587 3361 274 43 86 60 146 201 968 1240 113 38 567 848 72 6223 1130 97 844 26 5 100 685 59 168 6 11 5 25 19 15 85 43 334 210 41 130 160 314 114 101 8 135 351 188 126 9 308 496 120 825 32 66 0 121 0 21 0 142 187 4212 1710 299 9 20 9 124 133 18 136 982 973 219 64 6218 94 5 2 6 9 3 13 1 0 0 1 9 9 29 16 9 73 111 35 84 36 213 89 153 62 60 13 21 6 3 9 9 1 14 79 26 214 30 41 292 253 16 92 7 7 23 0 1 2 32 49 70 2 11 0 0 0 3 10 3 3 5 5 1 0 32 55 18 19 1 3 19 6 43 104 2 11 3 4 12 7 85 100 45 18 9 29 0 3 3 7 16 4 9 22 8 2 15 13 1 17
0 1 4 0 1 2 2 1 1 2 0 6 0 262 622 197 190 113 77 252 1246 3634 9176 5290 240 4839 317 40 9 3 0 6 54 273 73 18 506 442 55 3999 5836 517 658 10 0 22 253 9 85 3 2 0 3 4 6 10 10 34 55 1 39 14 41 44 21 2 41 77 52 31 2 14 92 12 63 6 3 0 9 0 4 0 21 32 47 105 41 9 4 1 28 47 4 30 176 11 4 6 113 3 0 0 1 0 0 0 0 0 0 0 0 0 9 6 2 28 16 13 18 7 47 36 50 10 2 2 7 1 1 4 0 0 2 3 5 29 5 11 38 35 3 16 1 2 1 2 2 0 12 7 5 0 0 0 0 0 0 0 0 0 1 0 0 0 4 7 7 2 0 0 4 0 4 13 1 7 0 1 2 1 1 10 2 1 1 0 0 0 0 0 1 1 0 1 0 0 1 3 0 4
12 5 12 1 9 6 1 0 1 8 1 2 5 134 275 500 61 1614 213 181 70 804 5290 5909 472 2279 5796 504 99 14 23 2 28 46 1282 56 108 126 497 7103 4722 1695 2465 11 3 516 985 13 469 5 16 7 15 29 18 12 129 27 199 3 476 60 170 569 477 25 252 335 56 41 4 12 33 17 65 25 1 0 7 0 14 1 75 110 112 325 116 10 12 5 106 200 17 65 675 26 2 1 288 23 0 1 0 0 0 0 0 0 0 1 0 0 15 16 44 14 14 57 22 111 37 88 64 8 7 1 3 3 1 6 3 0 0 6 1 16 12 3 20 24 51 12 19 1 0 3 6 7 12 97 4 0 3 0 0 0 1 0 0 1 0 1 0 1 3 4 37 10 2 6 1 1 8 6 0 25 0 2 10 1 2 9 5 0 8 4 1 3 0 0 0 0 1 3 0 0 2 0 0 2
27 8 29 7 21 25 8 10 1 11 0 27 1 8 27 20 8 40 14 13 192 6587 240 472 8708 204 321 20 138 3 55 16 111 124 51 4 34 105 30 4478 337 26 504 1 1 75 1786 32 38 2 13 21 126 152 53 65 488 30 22 5 90 71 233 126 36 1 1276 182 49 67 3 45 61 18 99 21 6 0 19 2 37 0 309 889 1046 4252 1854 14 11 4 47 55 19 52 437 86 14 8 11999 484 1 0 1 0 1 2 0 0 0 0 0 2 10 6 1 25 39 11 31 6 63 26 51 16 7 2 8 4 0 7 0 0 1 15 8 67 10 11 78 77 3 38 1 3 4 1 2 1 11 22 29 0 1 0 0 0 1 0 3 3 1 4 0 1 5 17 5 8 0 2 3 0 8 19 1 3 2 0 11 2 5 21 14 4 3 2 0 0 2 2 1 3 0 2 0 0 4 3 0 6
0 2 2 3 0 1 0 0 0 1 0 2 0 18 42 25 15 14 12 30 128 3361 4839 2279 204 2622 421 11 4 0 1 0 3 9 21 2 35 52 7 4826 868 25 83 3 0 9 62 0 15 0 0 1 0 4 2 5 1 3 11 0 10 3 8 6 4 0 51 9 4 14 0 5 5 7 6 1 0 0 1 0 4 0 14 51 102 193 7 2 1 1 5 11 2 4 46 1 1 0 165 4 0 0 0 0 0 0 0 0 0 0 1 0 6 4 0 11 6 16 16 6 29 32 43 3 3 0 2 0 0 3 0 0 1 0 3 14 7 7 19 24 1 24 1 0 2 0 0 0 3 3 2 0 0 0 0 0 0 1 0 0 0 0 0 0 0 4 1 1 0 0 2 0 1 10 0 0 0 0 1 1 3 9 4 0 2 0 0 0 0 1 1 0 1 0 0 0 0 0 0 4
2 0 2 2 1 3 1 1 0 1 0 2 1 1467 1335 774 17 1230 168 56 24 274 317 5796 321 421 19818 8843 185 9 41 3 6 26 7177 209 151 27 235 4238 772 67 778 2 0 115 1072 11 53 0 3 3 31 41 8 13 216 46 450 17 58 24 67 1407 1240 6 341 654 44 16 2 4 10 19 123 2 0 0 2 0 4 1 54 115 98 289 166 6 6 0 26 44 7 20 148 8 0 0 243 39 0 0 0 0 0 0 0 0 0 0 0 0 48 52 22 82 14 332 32 239 70 461 137 6 2 2 7 7 4 43 2 1 4 2 0 10 18 9 34 35 42 27 2 0 2 5 3 3 24 41 4 0 0 1 0 0 0 0 0 1 1 0 0 1 0 12 17 4 0 4 0 0 1 6 0 9 0 0 6 1 2 17 7 0 1 4 0 0 2 0 1 0 0 4 0 0 1 2 0 1
6 0 1 0 3 0 5 0 0 4 0 7 9 2027 3883 8605 78 1050 208 58 14 43 40 504 20 11 8843 13030 170 25 55 5 27 306 1123 487 1414 116 3256 181 464 47 314 4 3 175 209 193 23 3 4 3 8 14 4 2 162 425 549 270 99 116 188 1843 4056 12 145 489 961 32 6 7 32 14 676 34 2 0 5 0 7 0 31 30 36 65 79 4 12 2 54 24 5 21 208 48 2 9 55 15 3 0 0 1 4 2 0 0 0 0 1 2 18 256 405 42 27 517 18 2190 74 504 59 9 2 1 3 18 4 79 20 5 12 9 7 46 11 10 45 73 575 11 84 0 2 9 12 104 48 563 7 0 2 0 0 0 1 1 0 0 0 4 0 1 21 3 172 19 1 13 1 4 23 16 4 51 5 0 19 3 1 20 19 3 2 3 0 1 2 0 1 2 3 35 0 0 0 3 0 2
10132 915 1791 815 6888 1613 4954 995 76 512 26 1398 4 117 10 20 8 62 7 3 50 86 9 99 138 4 185 170 26994 9013 5363 687 1750 163 62 46 120 41 140 90 193 11 187 6 5 101 128 1259 31 7 49 84 4798 8322 400 33 1634 386 172 9 130 964 1394 533 762 3 5402 121 1369 433 38 539 251 114 3807 82 371 0 422 5 97 12 1160 1363 265 181 481 26 60 15 101 80 40 116 433 4923 178 4460 228 1701 129 61 243 263 30 274 14 7 24 43 122 273 1 11 37 4 26 7 0 53 15 8 4 76 46 4 6 2 0 5 83 12 157 558 18 655 1 2 113 94 49 12 23 16 64 5 20 14 4 133 26 5 11 12 1 6 19 30 5 17 40 102 6 46 240 16 59 22 3 3 153 71 193 99 6 67 22 6 36 11 455 208 29 24 16 146 5 3 10 28 84 18 12 162 28 19 60 11 1 14
6243 3837 307 2355 11966 2626 529 98 6 63 19 1048 1 38 1 7 2 9 3 1 72 60 3 14 3 0 9 25 9013 10782 7578 326 821 44 8 19 44 15 41 3 315 2 20 2 1 13 7 303 15 1 9 12 85 84 29 45 1279 49 55 1 16 173 143 42 160 1 215 9 380 63 12 196 34 14 559 29 167 1 145 1 33 2 157 165 351 157 12 20 29 5 13 15 16 24 44 1967 54 258 26 70 66 25 119 139 11 165 15 3 10 28 77 162 0 3 16 0 4 0 1 19 2 4 1 31 19 1 4 1 0 0 36 3 101 247 2 145 0 0 21 7 17 1 7 9 22 6 8 4 0 32 2 1 2 2 0 3 4 13 2 6 14 47 1 23 69 3 16 9 3 1 64 28 36 4 2 24 11 2 13 3 217 69 8 0 6 71 1 1 7 8 39 4 6 87 16 6 22 6 0 8
285 38 22 61 6892 525 173 8 1 10 6 386 0 12 1 6 0 14 3 2 154 146 0 23 55 1 41 55 5363 7578 11470 138 258 29 12 5 32 6 39 13 474 3 31 1 0 38 18 179 9 3 10 24 126 129 40 78 14508 18 35 3 46 135 252 168 185 4 2030 23 303 56 13 34 16 3 3701 19 18 0 14 0 24 3 226 484 807 842 239 10 8 2 29 26 11 18 81 6378 9 195 668 5323 8 4 11 20 4 25 1 0 3 5 8 20 1 2 6 0 1 1 1 13 0 1 2 1 1 0 0 0 0 4 7 0 7 37 0 26 0 1 3 9 16 0 7 2 4 2 5 1 1 33 0 0 1 0 1 0 3 1 0 2 0 5 0 1 13 1 14 4 0 2 7 2 3 1 1 8 0 0 6 2 32 10 1 2 2 10 1 0 1 0 8 2 0 7 3 0 3 0 0 0
151 41 51 54 1156 2958 79 3 9 27 13 1976 1 3 0 7 0 3 0 0 96 201 6 2 16 0 3 5 687 326 138 6173 5901 386 3 2 21 52 11 3 190 1 8 0 1 3 5 5 6 0 18 50 101 84 46 37 50 1657 4 0 4 8 4 6 14 0 214 2 40 29 2 149 233 33 853 3 71 0 38 1 40 1 199 218 327 131 10 8 6 1 7 31 16 15 23 7716 72 66 58 5 53 18 73 79 9 112 9 1 8 17 39 106 0 0 4 0 3 0 0 6 0 1 0 43 28 3 3 0 0 3 33 3 74 225 5 220 0 0 32 25 1 1 1 5 26 2 1 0 1 14 8 3 2 4 0 1 9 19 1 4 21 47 2 14 83 3 3 1 2 1 64 21 60 12 2 2 15 0 7 2 207 68 10 9 0 81 1 0 3 4 42 3 4 83 29 6 23 6 0 2
563 255 263 313 1919 4453 269 29 69 405 148 6137 6 1 5 21 4 27 7 3 386 968 54 28 111 3 6 27 1750 821 258 5901 5357 4324 4 0 134 1475 86 19 677 9 42 15 12 10 16 17 34 9 38 80 289 232 98 123 109 986 14 7 27 32 16 31 50 9 618 14 213 63 17 496 2931 340 1059 72 395 14 177 6 73 12 590 635 1016 476 17 39 32 9 29 83 55 65 77 4849 881 317 265 22 177 83 281 366 64 417 31 12 30 65 187 485 0 4 28 8 51 9 6 33 49 14 14 195 143 3 25 3 2 3 146 14 365 1237 40 1423 1 3 292 207 29 35 6 42 166 7 9 10 8 68 72 8 14 22 4 8 40 76 14 29 86 231 6 91 416 55 41 14 4 4 286 135 304 195 3 25 43 19 31 14 1028 496 120 54 10 361 4 3 26 42 223 12 49 336 97 30 137 32 2 40
14 5 14 8 34 16 11 7 0 12 0 17 3 393 48 263 9 71 7 14 278 1240 273 46 124 9 26 306 163 44 29 386 4324 7859 232 530 817 1744 319 69 442 12 35 6 1 33 125 32 9 1 12 28 153 101 49 13 16 5138 2263 6227 23 23 39 67 277 5 147 488 318 18 8 99 3445 87 2938 24 51 4 132 2 30 1 218 270 264 161 53 16 16 4 7 28 23 18 43 655 3 31 172 9 24 1 18 26 8 28 4 1 4 1 6 14 11 7 26 21 243 19 45 37 125 47 53 152 111 16 34 8 2 14 21 10 11 157 76 638 7 14 443 403 29 111 13 7 65 9 5 8 19 38 266 15 17 4 0 3 12 15 11 24 24 26 2 5 104 109 26 22 4 2 63 25 322 508 5 25 16 12 12 2 60 249 46 100 5 33 2 1 24 17 47 13 25 40 4 3 67 17 1 49
1 0 2 0 1 0 3 0 0 0 0 0 3 4551 1989 314 41 131 25 28 16 113 73 1282 51 21 7177 1123 62 8 12 3 4 232 5942 3722 1374 19 41 5839 168 15 580 6 0 20 1925 1 13 0 3 2 6 9 3 4 48 112 1854 454 19 6 26 380 143 0 88 194 23 4 0 3 4 17 171 1 1 0 0 0 2 0 20 45 31 66 19 0 2 0 7 10 3 14 69 5 0 2 41 5 1 0 0 2 1 1 0 1 0 1 0 0 138 106 9 203 26 421 133 248 233 780 365 35 20 4 22 22 44 86 0 1 1 5 6 26 69 28 109 106 8 125 13 3 5 8 0 1 75 13 25 0 0 0 1 0 0 0 0 1 0 1 1 0 1 49 13 20 0 0 4 1 1 21 0 10 1 0 2 1 3 45 13 2 1 5 0 0 0 3 2 0 5 1 0 0 2 5 3 8
2 0 2 0 0 1 3 0 0 0 0 0 0 5971 676 148 20 12 6 5 10 38 18 56 4 2 209 487 46 19 5 2 0 530 3722 1826 1970 22 107 409 31 2 36 1 0 5 164 12 2 0 0 0 2 4 2 1 16 232 2853 817 5 6 41 109 223 0 6 260 69 1 0 0 0 1 296 2 0 0 2 0 0 0 5 6 20 14 4 1 0 0 3 1 0 3 12 15 0 4 4 0 0 0 0 0 0 1 0 0 0 0 0 0 18 8 6 47 20 22 30 9 60 58 75 18 10 3 7 2 5 10 0 0 0 5 3 24 16 6 50 57 6 30 1 0 4 1 2 2 11 8 13 0 0 0 0 0 0 0 0 1 1 0 0 0 4 22 6 3 1 1 1 0 7 19 0 3 0 0 1 0 3 12 4 3 0 1 0 0 0 1 0 0 0 1 0 0 3 0 0 3
8 2 4 1 8 2 10 2 1 1 0 3 5 4106 1488 2166 939 737 109 129 137 567 506 108 34 35 151 1414 120 44 32 21 134 817 1374 1970 6616 1610 1619 281 643 14 83 11 2 109 398 38 14 1 1 3 19 15 8 4 28 1120 4318 1118 70 26 45 179 638 12 32 536 714 8 5 10 89 72 1240 30 5 1 20 1 8 0 33 36 80 59 21 3 7 0 12 12 2 5 29 160 1 5 58 5 3 3 4 2 5 5 2 1 0 0 1 6 134 59 36 239 255 102 226 130 495 311 331 189 143 22 94 32 16 66 10 3 10 69 49 277 110 64 548 607 66 311 39 9 45 20 17 14 102 115 248 5 9 4 1 1 8 5 4 6 4 11 0 1 25 188 43 36 5 4 21 13 108 301 0 40 5 7 7 6 28 231 54 41 3 27 0 1 20 19 14 8 17 9 1 2 50 30 2 59
11 2 5 1 10 6 6 2 1 6 1 8 525 100 188 818 1023 2531 2061 261 156 848 442 126 105 52 27 116 41 15 6 52 1475 1744 19 22 1610 4706 1345 161 452 38 176 1009 54 952 61 47 14 21 5 7 44 29 10 6 18 250 99 71 340 47 45 97 100 189 33 39 532 22 18 151 5252 1833 277 110 72 162 195 4 14 8 70 78 108 67 25 24 30 11 68 16 3 18 112 85 1 7 81 5 10 7 8 20 12 20 0 2 4 4 3 8 402 212 205 829 712 581 755 689 1766 1613 1322 659 442 56 278 89 87 231 28 21 25 275 162 1102 290 206 2039 1953 214 778 86 30 208 43 35 63 503 482 788 14 22 5 5 9 18 18 6 22 21 40 4 8 82 464 166 91 19 42 76 40 367 1012 9 158 17 17 66 14 77 1005 364 192 23 102 4 9 29 42 77 22 44 46 5 3 162 93 5 176
6 4 8 1 6 5 6 2 1 0 0 1 11 307 973 831 257 6254 116 265 21 72 55 497 30 7 235 3256 140 41 39 11 86 319 41 107 1619 1345 17949 54 878 196 1149 31 4 410 38 400 61 6 5 3 14 10 8 9 92 290 113 156 3348 205 264 2764 11966 34 113 84 7582 75 26 16 118 9 483 1183 5 0 12 0 31 1 39 32 44 66 21 13 39 5 270 79 8 38 336 84 1 5 59 7 3 1 0 0 5 2 0 0 0 0 1 3 5 270 659 28 39 185 9 1238 79 178 9 7 9 2 4 44 3 78 49 17 22 17 11 76 1 13 56 122 1062 14 503 8 4 30 295 266 56 2173 10 1 9 1 1 15 0 3 2 1 1 5 0 1 41 14 741 307 7 75 3 21 67 18 10 713 6 6 118 7 4 18 23 6 66 6 1 3 8 4 1 8 11 50 0 0 6 4 0 4
8 4 13 2 18 9 2 3 0 2 0 6 1 882 385 194 63 178 88 128 300 6223 3999 7103 4478 4826 4238 181 90 3 13 3 19 69 5839 409 281 161 54 10749 1864 109 913 9 2 46 2730 7 66 0 10 7 43 56 21 21 116 20 744 4 53 27 42 153 64 2 515 433 23 26 1 8 26 39 60 10 1 0 7 1 13 1 118 337 495 1221 178 4 4 2 41 53 7 30 210 26 5 1 919 48 1 1 1 2 0 1 0 0 0 0 0 1 106 66 9 224 52 287 152 117 275 597 400 46 30 10 40 24 21 72 0 1 1 10 8 79 81 45 156 155 10 132 6 2 8 5 3 1 64 12 27 0 2 1 0 2 0 1 0 1 0 1 0 0 2 47 11 16 0 2 8 4 12 33 1 10 1 0 6 3 9 57 29 6 1 9 1 0 2 1 0 1 3 3 0 0 6 5 2 9
862 451 781 410 830 802 116 172 12 97 9 663 25 1006 1795 1321 316 1828 357 485 1034 1130 5836 4722 337 868 772 464 193 315 474 190 677 442 168 31 643 452 878 1864 6005 3325 4109 28 34 862 282 220 2148 88 890 332 20 30 381 542 88 212 102 11 908 297 209 332 243 68 146 154 520 466 117 176 236 70 995 266 63 1 92 22 344 49 1105 260 1319 366 166 404 510 151 1225 2495 281 991 2566 1309 99 46 270 137 12 8 20 23 4 23 2 3 2 2 9 23 5 11 46 17 45 21 20 90 62 45 40 32 23 1 11 5 3 9 19 2 14 130 14 168 7 10 93 82 61 30 28 3 11 15 39 9 12 206 34 22 58 2 1 11 25 2 22 33 5 23 2 4 25 19 56 47 10 17 23 16 63 74 27 125 14 44 92 16 89 64 14 13 44 32 20 13 73 5 14 66 17 30 6 2 12 9 0 13
8 1 10 5 4 2 2 1 0 2 0 1 6 13 54 95 10 300 47 27 9 97 517 1695 26 25 67 47 11 2 3 1 9 12 15 2 14 38 196 109 3325 4158 4669 11 7 375 21 16 1624 12 10 4 2 2 6 10 15 8 1 2 432 10 16 59 26 32 22 10 121 22 11 5 23 2 17 67 2 0 6 0 4 0 26 20 21 32 2 8 15 6 348 310 9 60 587 8 0 0 26 1 0 1 1 0 2 0 0 0 0 0 0 0 0 4 15 3 0 5 0 27 3 8 3 1 0 0 1 2 0 1 2 0 0 0 2 4 0 1 1 4 23 1 11 0 0 2 14 3 2 78 1 0 2 1 0 2 2 0 0 0 0 0 0 0 2 1 26 20 0 14 1 1 0 2 3 43 0 0 23 5 0 0 1 1 6 0 1 0 0 1 1 0 3 2 0 0 0 1 1 0
19 8 23 5 28 13 7 7 1 10 0 16 55 80 133 387 19 1811 224 112 202 844 658 2465 504 83 778 314 187 20 31 8 42 35 580 36 83 176 1149 913 4109 4669 8386 66 50 2738 735 156 1767 21 30 11 31 48 46 354 228 42 188 10 3912 158 1228 7363 798 127 489 322 958 119 12 47 105 9 101 228 2 0 18 1 31 1 152 205 243 555 134 23 41 31 2496 512 40 210 3127 64 5 4 439 24 1 0 0 0 1 1 0 0 0 0 0 1 13 27 111 14 10 38 14 164 41 76 42 6 2 3 5 14 2 15 12 4 3 8 5 17 4 6 34 32 140 15 121 1 3 28 95 22 22 672 3 4 16 0 0 16 2 2 2 3 0 2 0 3 6 7 254 194 16 61 6 11 5 15 6 486 2 4 163 32 3 16 11 3 78 9 0 4 8 2 1 21 4 11 0 0 1 4 0 3
1 2 1 2 0 0 1 0 6 1 0 0 6103 0 4 19 20 376 4858 101 1 26 10 11 1 3 2 4 6 2 1 0 15 6 6 1 11 1009 31 9 28 11 66 6894 2451 491 5 20 7 609 7 85 2 3 3 1 0 0 4 0 67 42 29 25 9 1074 4 6 43 20 17 519 2264 5552 0 29 1430 4653 5884 64 82 347 3 6 2 3 1 135 52 71 148 5 1 12 66 0 28 6 2 2 2 2 2 1 4 4 1 0 0 1 1 0 118 120 394 210 111 437 182 944 649 1027 500 109 61 14 47 38 19 111 5 3 7 57 27 181 57 57 605 478 211 170 56 7 26 25 52 148 291 502 95 4 18 2 1 13 9 2 8 5 3 5 1 1 13 81 145 51 7 72 11 10 40 110 24 122 9 6 89 20 35 307 327 17 40 39 5 8 15 4 7 32 9 15 1 0 21 10 1 27
5 1 3 1 1 0 4 1 61 1 0 1 2562 0 1 3 6 18 399 12 2 5 0 3 1 0 0 3 5 1 0 1 12 1 0 0 2 54 4 2 34 7 50 2451 10015 1024 1 82 36 4982 12 127 10 0 1 1 6 4 1 0 15 167 39 9 9 6556 3 0 77 118 58 503 156 522 6 37 3012 359 1149 132 438 430 7 8 6 7 2 1028 433 1432 3384 33 7 40 200 2 794 172 1 1 1 4 1 0 7 4 0 0 0 1 2 5 1 5 53 13 1 12 1 34 15 42 2 1 4 1 1 19 1 4 55 15 14 8 2 7 1 2 34 5 41 8 93 3 12 157 408 5 62 1128 3 52 366 3 3 137 42 5 43 63 2 9 1 3 2 1 371 457 110 407 11 61 9 10 302 1160 29 104 1687 361 15 51 8 12 805 29 31 215 160 16 3 490 94 18 5 1 12 9 5 2
4 2 7 1 5 2 1 2 6 0 0 3 3462 9 32 70 98 2075 862 95 11 100 22 516 75 9 115 175 101 13 38 3 10 33 20 5 109 952 410 46 862 375 2738 491 1024 4654 61 93 136 106 15 9 8 16 7 8 127 23 29 4 552 118 261 1991 606 3505 162 53 533 103 45 37 121 202 60 251 105 10 69 4 48 13 52 59 61 133 15 78 134 76 1008 144 23 101 766 12 30 15 111 16 5 8 0 0 15 7 0 1 0 0 0 5 19 462 2224 81 83 325 7 2217 249 472 53 8 10 4 2 190 8 213 89 34 44 20 12 72 1 18 127 180 2072 20 1277 17 12 179 1282 889 190 7574 17 21 54 6 5 58 2 10 3 11 3 17 0 13 53 14 2113 1107 39 914 20 62 99 34 58 2773 14 34 886 108 10 54 122 23 359 30 3 24 34 15 4 45 53 84 1 1 12 11 2 6
9 2 13 4 5 5 5 2 1 6 0 4 2 113 33 35 18 63 23 16 93 685 253 985 1786 62 1072 209 128 7 18 5 16 125 1925 164 398 61 38 2730 282 21 735 5 1 61 5979 17 16 1 5 8 46 49 21 15 129 56 686 89 70 31 196 521 180 2 343 758 57 18 3 3 19 26 120 4 1 0 8 0 10 0 100 151 144 430 1329 4 4 0 23 20 4 18 207 12 1 2 389 45 0 1 1 1 2 3 0 0 1 1 0 2 74 30 3 139 93 63 118 37 254 161 299 79 56 9 43 15 8 28 3 1 2 15 23 148 57 64 200 283 13 140 13 1 12 4 1 0 31 20 64 0 6 3 1 1 1 4 0 5 5 1 0 2 13 80 12 16 3 2 6 3 21 77 2 19 2 1 6 3 5 52 24 17 1 5 0 1 0 5 10 2 6 4 1 0 17 15 1 23
35 5 19 5 42 15 58 7 2 8 0 4 33 11 28 61 2 248 25 0 29 59 9 13 32 0 11 193 1259 303 179 5 17 32 1 12 38 47 400 7 220 16 156 20 82 93 17 24474 45 266 21 24 41 78 17 25 658 150 54 41 224 9401 4243 843 648 56 714 58 11211 987 2167 43 56 7 537 12779 15 0 22 5 332 25 128 147 232 226 30 1615 8564 389 2494 87 28 167 605 202 8 63 143 28 0 2 1 1 0 1 1 2 0 0 1 1 1 2 5 7 3 10 7 9 17 13 10 7 0 2 3 9 1 3 9 5 3 5 1 8 0 3 10 8 7 7 23 5 9 59 131 4 13 203 9 115 652 1 1 162 30 2 50 123 1 5 0 4 1 3 79 171 153 27 3 14 5 12 279 314 51 164 651 125 4 13 4 3 480 7 53 111 317 0 1 652 115 2 4 0 1 1 0 4
64 15 60 17 28 32 12 25 2 24 0 16 4 18 74 212 6 105 55 53 14 168 85 469 38 15 53 23 31 15 9 6 34 9 13 2 14 14 61 66 2148 1624 1767 7 36 136 16 45 11371 28 78 12 4 7 67 28 13 8 3 1 203 103 65 31 7 16 37 9 135 309 19 15 15 13 53 125 3 0 5 1 71 1 256 104 117 105 18 61 184 52 552 4362 188 2537 9344 32 5 5 53 13 0 1 0 0 1 1 0 0 0 0 0 2 0 1 4 3 1 1 0 2 3 7 5 2 0 0 1 2 0 0 2 0 0 7 2 14 0 0 4 9 4 5 1 0 0 2 9 1 2 42 5 2 19 0 0 0 3 0 5 10 0 1 0 1 4 0 18 8 2 5 1 1 3 6 8 23 3 5 38 4 6 9 1 0 17 2 1 5 14 2 1 17 5 3 0 0 0 1 0 0
7 3 10 2 3 1 5 3 42 5 0 3 221 1 1 3 0 13 76 2 1 6 3 5 2 0 0 3 7 1 3 0 9 1 0 0 1 21 6 0 88 12 21 609 4982 106 1 266 28 13740 107 1313 4 2 11 3 2 2 0 0 25 448 139 9 5 1681 11 0 82 228 93 187 73 856 6 224 1973 392 480 1025 1164 4607 18 6 12 7 2 3560 837 4409 1063 62 11 75 230 8 601 90 5 1 0 0 0 1 2 5 0 1 0 2 5 5 0 0 4 7 2 3 2 5 6 11 2 1 2 3 1 11 0 2 4 1 3 3 0 12 0 1 3 1 2 7 8 5 10 75 156 2 11 98 1 144 1117 0 4 175 174 16 177 269 1 1 0 0 1 0 25 118 220 46 6 11 4 5 477 109 79 287 954 97 4 5 4 1 573 19 127 763 615 2 2 1237 137 2 2 0 0 5 0 3
85 20 104 20 19 20 41 58 8 44 2 29 3 0 4 14 0 8 3 1 1 11 2 16 13 0 3 4 49 9 10 18 38 12 3 0 1 5 5 10 890 10 30 7 12 15 5 21 78 107 9415 11479 8 14 543 67 13 18 4 0 19 63 36 12 3 47 22 8 15 559 34 17 24 57 92 21 35 9 13 981 1313 372 1191 238 170 49 17 207 102 48 71 6116 5564 333 221 58 19 10 16 16 2 0 2 4 1 2 1 0 3 0 3 1 1 0 1 0 2 0 0 0 1 2 1 2 2 0 0 0 0 0 1 1 3 17 1 25 0 0 16 12 0 2 0 14 7 1 1 0 0 3 3 4 10 0 0 1 587 105 454 87 26 4 0 4 12 1 1 2 1 7 9 2 10 10 3 2 24 16 13 0 11 13 18 3 3 9 54 38 30 0 17 22 9 4 15 1 2 1 0 3
180 46 162 30 42 29 94 105 17 90 1 45 8 0 1 5 1 2 13 1 0 5 0 7 21 1 3 3 84 12 24 50 80 28 2 0 3 7 3 7 332 4 11 85 127 9 8 24 12 1313 11479 20744 16 17 525 28 6 60 6 0 6 65 23 4 10 482 33 14 17 1628 64 68 45 447 239 14 404 82 77 12406 10273 4171 1070 199 215 57 34 2310 221 294 86 1564 4387 133 78 120 190 50 24 40 11 2 5 7 2 5 2 7 0 0 5 5 0 0 0 0 6 2 2 3 1 4 1 9 1 1 1 0 0 0 1 1 6 29 3 47 0 1 13 20 0 1 0 45 7 10 12 0 6 6 11 35 73 0 1 81 3933 375 6576 1541 92 9 4 1 19 7 1 6 8 39 7 2 20 17 14 5 221 142 111 1 23 24 67 3 13 66 615 255 688 2 59 290 59 5 32 6 1 3 0 3
789 90 650 56 160 109 1613 1049 267 884 27 238 0 5 2 3 0 3 2 1 9 25 3 15 126 0 31 8 4798 85 126 101 289 153 6 2 19 44 14 43 20 2 31 2 10 8 46 41 4 4 8 16 14759 8727 2718 4 55 204 24 3 10 54 99 47 34 5 266 93 56 25 3 128 189 46 1106 7 118 8 105 10 8 10 1725 265 38 60 213 9 5 4 9 15 5 12 63 377 247 9450 89 231 16 9 44 33 1 39 4 0 5 4 16 39 0 2 3 2 42 3 3 4 14 3 4 39 21 0 7 1 1 2 14 4 28 135 19 376 0 3 100 82 1 10 1 3 27 0 0 2 0 6 49 5 5 0 0 0 1 9 3 6 14 31 2 10 72 20 7 3 3 1 30 14 133 146 1 8 8 9 5 3 89 87 16 22 0 23 3 1 8 6 24 6 4 31 4 5 17 4 1 10
558 99 442 53 128 95 737 519 70 380 11 165 1 4 0 5 0 9 0 1 4 19 4 29 152 4 41 14 8322 84 129 84 232 101 9 4 15 29 10 56 30 2 48 3 0 16 49 78 7 2 14 17 8727 5833 266 0 170 151 18 3 19 88 154 51 35 1 1103 49 59 62 4 84 127 43 825 6 41 0 71 1 11 1 848 4248 36 148 175 5 1 2 16 17 11 26 112 347 50 1683 201 269 19 6 22 25 4 27 2 0 2 3 9 20 0 0 3 3 30 0 1 6 8 1 2 21 15 1 4 0 2 1 8 2 18 103 13 230 0 0 65 47 4 2 3 1 21 2 0 0 0 9 24 3 1 2 0 2 2 5 3 1 10 13 2 2 54 13 8 4 1 0 33 13 67 60 0 6 2 1 8 4 50 69 16 16 1 20 2 0 4 8 29 1 4 25 3 0 12 4 0 6
238 46 198 26 63 52 310 253 48 192 2 69 1 2 5 9 0 15 1 1 6 15 6 18 53 2 8 4 400 29 40 46 98 49 3 2 8 10 8 21 381 6 46 3 1 7 21 17 67 11 543 525 2718 266 17349 207 15 56 11 3 14 26 29 16 7 4 59 40 22 112 7 39 57 17 430 12 33 1 25 25 185 24 5449 321 139 71 98 47 31 10 25 577 180 119 128 150 55 1373 45 82 9 4 13 8 3 12 0 0 1 3 3 9 0 2 1 2 9 0 1 2 7 0 2 11 7 0 4 0 1 1 4 3 9 45 6 101 1 0 27 23 0 3 1 2 13 1 0 0 0 6 11 1 7 0 0 0 24 2 18 4 3 11 1 1 25 12 5 1 1 0 11 2 56 38 1 1 4 3 5 0 39 30 6 10 2 5 3 3 10 2 12 6 2 11 0 1 7 3 0 8
192 97 216 73 172 161 33 59 2 37 2 127 1 6 2 3 0 8 3 2 2136 85 10 12 65 5 13 2 33 45 78 37 123 13 4 1 4 6 9 21 542 10 354 1 1 8 15 25 28 3 67 28 4 0 207 5207 8 27 8 2 14 29 35 11 15 0 15 12 39 32 7 30 20 16 177 6 7 0 13 2 39 6 5600 142 2498 118 30 14 18 4 19 114 27 47 65 231 10 9 69 21 3 1 5 6 0 7 1 0 0 1 2 8 1 0 0 0 7 1 0 0 0 1 2 7 5 0 0 0 0 1 1 0 2 23 3 32 0 3 12 11 0 3 1 0 4 0 2 1 0 3 3 3 4 0 0 0 1 1 3 2 1 1 0 1 11 1 3 0 0 0 8 3 16 7 0 1 0 2 1 2 15 15 3 2 1 2 3 1 3 0 3 1 0 3 1 2 3 0 0 5
16 12 13 14 1455 79 8 5 1 6 1 74 2 22 3 15 1 56 10 1 9 43 10 129 488 1 216 162 1634 1279 14508 50 109 16 48 16 28 18 92 116 88 15 228 0 6 127 129 658 13 2 13 6 55 170 15 8 10100 27 48 3 163 640 1163 583 539 6 3735 125 741 242 7 27 16 3 2618 32 5 0 8 4 22 0 107 342 108 470 945 4 25 6 54 19 14 69 412 2947 6 16 1281 6036 0 2 1 3 2 2 1 0 0 0 2 3 2 8 16 0 3 5 1 32 8 4 2 2 0 0 1 1 0 0 2 4 1 11 2 17 0 0 4 12 22 5 18 1 4 1 16 1 2 78 4 0 4 0 0 2 0 0 0 1 1 2 0 1 3 0 33 16 3 2 2 1 5 6 4 35 0 2 11 5 9 4 5 1 8 0 0 1 7 1 1 9 2 5 0 0 4 0 0 1
29 4 14 2 19 10 15 6 1 11 0 13 0 278 27 121 10 38 4 2 109 334 34 27 30 3 46 425 386 49 18 1657 986 5138 112 232 1120 250 290 20 212 8 42 0 4 23 56 150 8 2 18 60 204 151 56 27 27 4958 2160 1780 21 70 120 186 741 5 249 1236 728 51 5 39 234 26 5137 25 18 0 21 3 36 1 353 353 249 112 35 16 13 2 13 43 22 24 48 887 4 38 73 8 11 4 23 13 3 23 3 0 2 1 3 16 0 11 31 5 33 6 3 66 27 11 7 27 20 2 2 3 0 5 9 1 19 67 20 214 0 2 85 79 37 12 27 1 12 2 12 13 5 111 29 4 5 0 1 1 5 8 1 6 18 27 1 9 37 11 37 8 2 3 35 8 76 94 1 30 9 4 6 3 35 60 13 20 2 10 1 1 6 4 22 6 6 25 1 5 22 6 0 6
4 5 6 2 6 4 10 1 0 0 0 1 1 1098 53 38 28 36 8 5 48 210 55 199 22 11 450 549 172 55 35 4 14 2263 1854 2853 4318 99 113 744 102 1 188 4 1 29 686 54 3 0 4 6 24 18 11 8 48 2160 3649 4052 32 29 164 470 577 1 39 1240 230 6 0 4 7 22 3016 3 3 0 4 0 5 3 49 56 71 55 112 1 2 0 8 2 1 6 46 43 1 15 25 10 3 0 5 2 1 4 0 0 0 0 0 1 55 22 12 124 126 60 124 33 253 145 239 83 53 7 49 17 7 23 8 4 3 27 30 167 49 54 222 277 15 144 17 3 22 3 5 4 36 33 83 1 6 1 0 1 1 6 0 7 6 11 0 2 11 72 18 13 2 3 15 2 39 120 0 13 1 4 7 1 4 57 21 16 1 8 0 0 6 9 8 2 7 5 0 1 19 12 0 23
3 0 1 0 1 0 1 0 0 0 0 0 0 544 8 63 3 12 3 0 9 41 1 3 5 0 17 270 9 1 3 0 7 6227 454 817 1118 71 156 4 11 2 10 0 0 4 89 41 1 0 0 0 3 3 3 2 3 1780 4052 2826 4 18 44 77 363 2 5 311 214 4 4 1 5 0 1356 7 1 0 1 0 0 0 9 10 15 10 13 0 2 0 1 4 0 2 8 4 0 0 7 0 1 1 1 1 0 0 0 0 0 0 0 2 0 3 7 0 3 2 1 19 2 2 3 1 2 0 1 2 0 2 0 1 2 5 0 11 0 0 4 7 22 2 5 0 2 2 1 2 0 32 7 0 1 0 0 0 0 0 0 0 0 0 0 0 2 0 11 3 0 1 0 0 9 15 0 8 0 1 1 1 0 3 0 2 0 3 0 0 0 0 1 2 1 1 0 0 0 1 0 3
6 4 11 2 14 7 4 5 1 1 0 6 39 12 23 65 47 2300 91 45 15 130 39 476 90 10 58 99 130 16 46 4 27 23 19 5 70 340 3348 53 908 432 3912 67 15 552 70 224 203 25 19 6 10 19 14 14 163 21 32 4 9287 258 739 2198 468 273 230 63 4855 119 54 31 74 5 54 6714 2 0 28 0 30 4 56 75 94 208 36 38 93 21 1594 198 25 121 1631 31 3 10 144 14 0 10 0 0 5 4 0 0 0 0 1 2 7 99 524 25 36 59 5 302 73 114 13 6 8 1 7 90 4 46 59 24 16 12 9 24 3 11 51 64 636 13 655 9 4 114 719 195 72 2961 9 12 32 2 2 52 3 5 0 5 4 14 1 6 26 4 844 878 34 187 19 46 35 35 34 2163 8 15 559 91 10 51 16 22 311 29 6 14 15 11 2 32 44 29 4 0 9 7 2 3
40 10 29 11 24 13 39 10 3 11 0 17 58 11 17 93 4 193 38 4 25 160 14 60 71 3 24 116 964 173 135 8 32 23 6 6 26 47 205 27 297 10 158 42 167 118 31 9401 103 448 63 65 54 88 26 29 640 70 29 18 258 18187 7850 767 309 100 937 59 3716 8904 1804 32 40 17 293 3834 37 4 24 29 1346 113 154 212 250 315 34 1516 5627 739 2965 216 77 1150 2836 152 24 52 208 36 3 3 0 0 2 1 0 0 2 1 0 0 3 4 12 6 6 14 2 17 11 16 2 5 6 2 3 7 1 4 15 3 2 2 3 9 1 1 17 14 6 11 11 7 16 111 139 3 16 160 6 394 1480 3 11 280 148 15 230 416 1 3 0 1 2 6 49 167 249 39 6 11 7 16 414 226 140 518 890 92 6 16 20 4 482 26 243 228 1109 2 1 1271 311 2 7 2 2 1 1 5
18 6 7 7 14 13 27 11 0 7 0 2 20 33 51 133 3 197 44 11 57 314 41 170 233 8 67 188 1394 143 252 4 16 39 26 41 45 45 264 42 209 16 1228 29 39 261 196 4243 65 139 36 23 99 154 29 35 1163 120 164 44 739 7850 16597 9598 3753 77 1744 308 8302 1119 54 13 45 7 441 889 9 0 15 1 73 7 178 350 390 715 134 58 623 141 2201 122 86 510 3276 57 2 45 541 71 0 1 0 0 0 2 0 0 0 0 0 0 4 4 25 10 9 15 5 34 22 28 10 4 5 3 8 14 0 5 12 3 3 2 4 6 2 1 12 13 33 11 57 0 5 34 110 2 17 295 6 19 109 1 1 39 6 2 7 15 1 4 0 1 1 3 109 178 32 34 3 12 6 10 74 448 4 32 320 63 5 14 5 8 192 9 2 30 27 3 1 137 34 8 2 0 3 1 0 0
9 2 6 0 11 3 5 3 0 1 0 3 22 132 114 251 15 2037 234 21 11 114 44 569 126 6 1407 1843 533 42 168 6 31 67 380 109 179 97 2764 153 332 59 7363 25 9 1991 521 843 31 9 12 4 47 51 16 11 583 186 470 77 2198 767 9598 10226 4681 101 696 762 2469 296 12 25 67 11 461 68 2 0 16 0 27 0 85 171 128 298 220 11 36 12 456 43 13 114 2605 74 2 24 307 63 0 1 0 0 5 1 0 0 0 0 0 2 9 55 238 21 22 70 9 551 42 90 30 7 2 1 5 21 1 21 23 5 5 3 3 38 3 5 21 55 423 9 168 4 4 12 84 63 15 1049 10 3 10 0 0 4 1 0 1 2 0 1 0 3 14 5 319 107 2 34 3 7 19 8 6 318 2 6 53 10 1 10 2 4 46 4 0 3 4 2 1 9 4 25 1 0 2 3 0 1
22 2 5 2 18 7 29 1 0 1 0 3 18 272 380 406 27 1207 129 19 26 101 21 477 36 4 1240 4056 762 160 185 14 50 277 143 223 638 100 11966 64 243 26 798 9 9 606 180 648 7 5 3 10 34 35 7 15 539 741 577 363 468 309 3753 4681 9317 65 439 613 5284 85 11 21 55 4 1718 33 2 0 9 0 8 1 58 124 136 194 109 8 13 12 162 20 2 23 353 210 0 45 111 36 2 2 0 1 5 0 0 0 0 1 1 0 15 57 256 26 31 76 20 455 52 75 30 21 22 8 7 20 0 26 25 10 6 12 10 52 5 11 46 68 458 27 312 4 6 42 200 53 24 1607 27 4 9 0 1 6 1 3 0 2 0 4 0 5 18 18 520 316 7 64 6 11 33 37 11 917 1 4 179 29 8 16 11 10 96 8 1 3 8 3 3 11 12 24 0 0 11 4 0 10
3 0 3 0 0 0 1 0 12 0 0 1 4007 0 5 3 12 342 751 22 1 8 2 25 1 0 6 12 3 1 4 0 9 5 0 0 12 189 34 2 68 32 127 1074 6556 3505 2 56 16 1681 47 482 5 1 4 0 6 5 1 2 273 100 77 101 65 1965 5 4 161 54 27 111 125 740 6 65 1142 641 278 255 282 913 8 6 5 7 1 255 110 241 1337 20 4 19 162 6 185 34 7 0 0 0 0 0 3 1 0 0 0 1 1 1 3 22 271 6 4 43 1 183 22 81 5 3 0 0 1 19 0 14 7 2 2 6 0 4 0 0 22 11 62 3 46 5 2 33 132 133 32 573 2 10 66 0 1 15 30 2 24 19 1 1 0 3 5 2 94 107 31 483 3 10 4 3 40 199 6 17 243 47 1 10 34 4 129 4 5 34 38 5 2 83 18 5 1 1 2 2 1 2
467 165 429 91 337 242 100 188 25 122 21 357 1 14 9 11 5 89 10 5 13 135 41 252 1276 51 341 145 5402 215 2030 214 618 147 88 6 32 33 113 515 146 22 489 4 3 162 343 714 37 11 22 33 266 1103 59 15 3735 249 39 5 230 937 1744 696 439 5 10207 209 666 463 21 221 208 85 2479 39 64 0 113 1 49 1 382 4043 205 1919 1165 19 35 10 123 66 26 144 918 1768 86 46 1815 3226 14 13 43 52 5 38 2 0 7 2 9 37 1 4 27 3 25 8 7 21 9 9 7 35 13 0 8 3 1 7 9 7 38 180 20 365 0 0 96 64 27 9 17 3 34 3 17 4 5 89 35 4 7 7 0 1 12 15 1 4 16 49 1 10 100 15 44 14 5 4 49 14 114 87 1 53 9 10 18 10 127 117 28 24 14 32 4 0 18 4 39 12 9 39 7 4 23 5 1 7
11 3 10 3 2 10 3 4 1 6 0 11 0 105 17 20 8 52 7 7 77 351 77 335 182 9 654 489 121 9 23 2 14 488 194 260 536 39 84 433 154 10 322 6 0 53 758 58 9 0 8 14 93 49 40 12 125 1236 1240 311 63 59 308 762 613 4 209 1459 239 22 1 9 18 33 2841 4 3 0 4 0 22 1 186 151 133 195 3309 4 6 0 17 20 6 12 124 14 1 5 219 416 6 0 3 4 6 7 0 1 1 0 1 4 24 15 5 61 126 16 77 36 161 63 98 81 61 6 30 13 2 5 7 2 11 37 36 228 13 28 232 345 18 78 14 5 30 3 6 2 26 49 105 1 2 2 0 1 4 6 2 4 9 15 1 0 13 60 22 16 3 0 24 7 61 152 1 18 3 4 6 1 9 71 22 29 0 4 0 0 13 11 10 3 4 6 2 1 20 17 1 26
56 2 12 3 114 24 66 4 0 5 1 11 21 145 238 174 55 2828 69 27 57 188 52 56 49 4 44 961 1369 380 303 40 213 318 23 69 714 532 7582 23 520 121 958 43 77 533 57 11211 135 82 15 17 56 59 22 39 741 728 230 214 4855 3716 8302 2469 5284 161 666 239 7013 771 355 106 284 14 1601 4443 11 2 73 1 209 10 143 180 309 282 58 128 487 47 1964 124 27 183 1698 550 1 77 164 38 1 6 0 1 24 11 0 2 0 0 3 5 14 21 276 54 54 50 22 160 78 144 43 32 35 9 13 97 5 36 125 57 35 35 21 86 13 23 134 74 406 47 933 11 26 338 1235 14 177 4451 64 36 128 8 6 270 3 6 7 22 10 45 1 21 14 26 1702 2133 133 229 67 153 66 120 206 5783 25 67 2095 494 18 123 22 49 1242 80 13 49 64 39 23 183 143 37 10 2 36 36 15 29
125 38 115 21 41 33 46 59 9 51 2 32 34 4 19 87 1 72 32 14 18 126 31 41 67 14 16 32 433 63 56 29 63 18 4 1 8 22 75 26 466 22 119 20 118 103 18 987 309 228 559 1628 25 62 112 32 242 51 6 4 119 8904 1119 296 85 54 463 22 771 5690 2422 34 30 32 213 729 33 1 36 92 3949 610 500 191 261 213 34 2506 2009 425 1162 1279 3459 3036 1714 119 33 30 146 37 6 3 3 2 1 3 0 2 1 0 3 2 1 1 4 9 4 9 0 15 4 9 4 5 2 2 6 4 1 4 2 1 4 17 0 37 4 0 14 13 7 7 8 3 12 44 61 1 5 66 10 290 684 5 2 149 400 14 549 957 1 1 0 1 12 0 16 73 109 21 4 5 12 15 170 99 264 665 400 34 17 14 8 3 148 22 391 125 1193 5 7 774 215 7 8 1 3 3 1 4
22 9 24 6 8 4 8 15 0 5 0 6 28 1 5 9 0 53 20 3 3 9 2 4 3 0 2 6 38 12 13 2 17 8 0 0 5 18 26 1 117 11 12 17 58 45 3 2167 19 93 34 64 3 4 7 7 7 5 0 4 54 1804 54 12 11 27 21 1 355 2422 10523 14 24 8 38 1653 24 0 8 17 12703 242 47 28 26 25 6 2760 3573 237 991 89 143 134 102 32 14 9 9 2 0 4 3 2 1 1 1 0 0 0 0 0 0 0 2 5 1 4 0 4 1 2 0 2 2 2 1 6 0 2 0 1 2 2 1 4 0 0 6 3 4 3 2 1 4 41 45 0 6 26 2 269 589 5 1 114 164 9 304 505 3 1 1 2 4 4 9 28 80 14 4 2 6 3 101 33 149 512 237 16 2 5 8 0 90 19 286 79 973 1 0 539 188 2 5 1 1 0 1 2
