19516 5731 6617 3528 965 4320 8844 9354 89 1708 226 1867 0 1 0 2 0 1 0 0 90 35 2 5 22 1 1 0 8326 10081 143 50 136 3 0 0 0 6 1 2 1060 1 8 2 0 1 1 7 7 6 20 64 453 903 59 31 11 6 0 1 3 5 3 5 1 3 376 8 2 24 21 277 30 255 22 1 53 0 75 1 44 0 1262 1194 1079 106 16 35 50 7 17 107 77 20 13 82 105 1801 33 14 87 40 234 251 29 98 20 3 31 9 31 121 0 0 0 0 0 0 0 0 3 0 0 13 10 1 1 0 0 1 126 2 71 136 3 46 0 0 34 20 0 0 0 50 39 2 1 1 7 1 6 2 0 11 0 0 4 31 1 5 36 57 8 25 7 0 1 2 1 0 121 29 2 3 0 0 22 3 6 0 140 46 67 3 1 89 4 3 11 8 77 4 3 5 51 10 31 9 2 1
5731 5533 3430 9771 1179 6474 138 206 18 67 27 1219 0 0 1 0 1 2 0 0 72 29 1 3 6 1 0 0 1168 1450 261 7 67 1 0 0 0 3 0 1 617 0 0 1 1 0 1 1 3 1 7 16 59 168 23 14 9 3 0 0 1 1 1 0 1 0 218 0 2 12 5 199 10 138 7 0 23 0 37 1 8 0 443 436 808 98 9 9 10 1 1 26 20 10 4 29 43 107 26 10 95 44 209 222 31 79 15 6 22 12 25 111 0 0 0 0 0 0 0 0 0 0 0 8 4 0 0 0 0 0 119 1 70 122 2 24 0 0 19 19 0 0 0 39 26 0 0 0 1 0 4 2 0 9 0 0 11 39 3 2 46 49 2 23 9 2 0 1 0 0 137 27 3 6 0 1 15 2 1 1 121 30 54 1 0 65 2 1 1 9 78 0 5 3 30 12 24 4 0 0
6617 3430 7400 1221 418 2461 889 7875 93 2315 86 13631 1 0 1 0 1 1 1 2 253 160 3 4 30 3 1 0 2201 518 117 10 132 6 0 0 1 16 2 4 1983 0 10 1 0 2 2 3 7 1 23 49 290 659 64 37 22 14 1 1 4 7 4 1 4 1 620 4 6 26 21 414 36 532 31 1 79 0 104 0 23 4 1395 1272 1888 225 24 22 40 4 11 86 52 24 17 50 309 385 92 14 281 151 832 876 88 348 63 11 83 50 137 515 0 0 0 0 1 1 0 1 3 1 1 33 10 1 0 0 0 0 351 2 228 375 3 87 2 0 47 51 0 3 0 131 96 2 0 0 9 2 11 4 3 29 0 3 32 77 6 7 120 146 33 64 22 4 0 0 1 0 397 74 5 12 0 0 55 4 3 0 360 93 150 10 0 221 3 1 11 29 205 7 11 17 172 40 68 18 2 3
3528 9771 1221 11197 2777 18197 24 75 18 23 29 6054 0 1 3 0 0 1 0 0 135 64 1 4 9 1 1 1 1079 824 494 9 82 2 0 0 0 8 0 2 682 0 1 0 0 0 1 0 0 0 6 9 51 116 7 9 16 7 0 0 2 3 1 1 0 0 317 2 1 6 0 262 15 156 9 0 22 0 68 0 5 0 363 364 834 123 11 2 10 3 2 10 9 1 2 37 86 39 47 8 163 93 401 432 59 168 38 5 41 16 57 247 0 0 0 0 0 0 0 0 1 1 2 24 4 0 1 0 0 0 199 2 110 222 3 38 1 0 20 18 0 0 1 57 45 2 0 0 5 1 5 3 0 19 0 0 15 43 1 6 83 86 8 45 18 0 0 1 0 0 167 39 3 6 0 1 31 1 1 0 162 42 52 2 0 84 5 0 6 13 115 4 3 17 61 17 35 5 0 1
965 1179 418 2777 9635 14480 223 111 43 136 156 6847 0 1 1 0 5 0 0 1 199 147 1 2 22 1 2 3 4864 8808 8046 1569 1788 46 0 0 4 13 0 1 492 0 11 2 0 0 4 1 1 1 4 11 86 185 17 8 4852 60 2 0 2 5 9 3 13 0 1041 7 10 4 5 1064 69 58 100 0 19 0 63 0 8 0 355 372 608 125 11 5 6 2 2 20 12 3 7 452 151 282 63 9 99 59 323 354 38 143 20 2 27 22 64 226 0 0 0 0 0 0 0 0 4 1 1 9 3 0 0 0 0 0 188 3 105 178 0 27 0 0 13 15 0 0 0 27 13 0 0 0 3 1 4 0 1 11 0 0 7 29 1 3 28 38 13 31 9 1 0 0 0 0 97 26 2 8 0 0 21 4 1 0 111 22 24 4 0 45 0 0 3 3 48 1 3 12 67 10 24 4 0 2
4320 6474 2461 18197 14480 13235 225 181 69 154 173 17101 0 2 5 1 4 2 1 2 468 320 3 5 36 1 6 0 2377 4395 3754 2600 1905 45 0 0 6 21 0 5 1265 4 9 3 0 2 3 2 4 2 4 17 86 277 19 13 36 32 0 2 3 3 0 4 4 0 671 6 7 10 8 1032 55 184 41 1 30 1 106 0 8 0 632 656 1548 245 18 11 8 1 2 20 16 13 9 243 216 171 131 13 197 132 606 678 70 229 37 8 84 39 102 398 0 0 0 0 0 0 0 0 7 1 4 19 8 0 2 0 0 2 330 9 170 315 2 51 1 0 20 32 0 5 0 79 50 0 1 0 5 0 12 5 0 21 0 1 17 50 2 2 62 90 18 44 21 1 0 0 1 0 213 44 2 8 0 0 26 7 7 0 240 43 57 5 1 96 3 2 3 13 138 4 11 13 118 36 26 9 0 3
8844 138 889 24 223 225 8839 7547 611 4760 716 1114 0 1 0 0 1 1 0 0 10 8 0 2 3 1 1 0 2163 2180 32 26 78 2 0 0 0 1 2 1 211 0 3 0 0 1 1 0 7 4 12 44 495 697 51 3 8 5 0 0 1 6 0 1 0 1 62 1 0 14 12 124 7 74 14 0 37 2 38 0 20 3 509 356 134 12 6 15 21 3 5 44 24 12 7 36 74 4621 6 7 32 12 59 77 5 17 5 1 8 4 10 54 0 0 0 0 0 0 0 0 0 0 0 5 3 1 1 0 0 0 35 0 18 43 1 18 0 0 5 9 0 1 0 11 12 0 0 0 2 0 3 2 0 3 0 1 1 10 2 1 12 9 1 6 4 2 0 0 0 0 38 7 0 1 0 0 7 1 1 0 39 18 15 1 1 32 2 0 9 2 14 0 2 3 6 4 11 2 0 0
9354 206 7875 75 111 181 7547 10847 3012 16791 1025 2756 1 0 0 1 1 2 1 0 51 24 1 3 14 0 3 2 1782 566 26 15 46 7 1 0 2 4 0 2 1089 0 5 1 0 3 2 6 6 5 15 64 628 1018 81 30 7 6 1 0 1 6 1 1 0 4 282 1 1 22 27 175 16 229 15 4 47 1 49 0 54 5 1372 1069 788 70 13 43 49 6 6 117 59 21 24 39 215 2555 15 6 60 31 140 172 18 55 16 1 23 7 16 89 0 0 1 0 0 0 0 0 0 2 1 17 4 0 0 0 0 0 70 0 49 89 2 27 0 0 31 15 0 3 1 31 28 0 0 0 10 0 7 2 2 2 0 0 6 10 2 8 27 43 6 20 6 0 0 1 0 0 100 18 2 3 1 3 11 3 4 0 102 40 51 2 0 55 3 1 7 10 55 4 1 1 22 9 23 9 1 1
89 18 93 18 43 69 611 3012 1931 7343 1062 1043 14 0 1 1 0 2 17 1 21 24 1 1 2 0 0 0 143 93 18 18 102 3 0 0 0 0 0 0 75 4 4 1 20 54 0 3 0 20 3 15 155 147 13 2 0 3 0 0 5 5 1 1 0 5 22 0 1 4 6 1008 2 391 4 1 617 19 340 7 15 18 101 78 51 6 2 18 32 37 41 11 8 2 4 31 2442 1052 10 1 4 3 13 18 4 6 2 2 0 0 3 11 0 0 0 0 0 1 2 0 8 10 9 1 2 0 1 0 0 0 12 0 3 11 0 7 2 0 17 14 0 2 0 4 2 2 0 0 4 1 6 3 1 2 0 2 0 5 1 0 5 7 0 3 0 1 0 0 0 1 10 4 2 1 0 0 3 1 1 0 12 10 5 1 0 4 1 0 4 3 9 0 0 0 4 1 4 2 0 0
1708 67 2315 23 136 154 4760 16791 7343 14894 12495 21109 1 0 0 1 2 0 0 1 62 44 1 5 8 0 1 0 670 486 28 9 167 2 0 0 1 2 1 0 355 0 4 2 0 2 2 3 5 5 9 39 461 623 61 7 3 1 0 0 4 4 1 0 1 2 105 0 0 23 15 704 11 78 10 1 335 1 92 0 29 2 653 420 215 30 7 30 18 2 3 51 41 19 13 38 1912 4152 20 1 57 28 199 213 35 131 11 5 24 25 43 196 0 0 0 1 0 0 0 1 1 0 1 10 1 0 1 0 0 0 64 2 53 87 0 14 0 0 8 5 0 0 0 14 10 0 1 0 5 0 2 0 0 4 0 0 3 8 2 1 12 21 6 9 3 0 0 1 0 0 55 13 1 1 0 1 6 3 3 0 80 15 15 2 1 26 3 2 3 1 30 3 1 4 58 13 11 6 0 0
226 27 86 29 156 173 716 1025 1062 12495 7749 6321 0 0 0 0 1 0 0 0 100 94 3 4 16 0 0 0 248 181 50 12 205 1 0 0 1 4 0 1 152 1 2 0 0 0 0 0 0 0 2 13 162 141 20 0 2 1 0 0 0 0 1 2 1 0 62 3 2 6 1 1020 8 14 3 1 46 0 84 0 7 0 189 161 160 25 4 4 6 1 3 20 8 4 3 32 1275 1025 28 1 97 60 313 373 34 208 30 2 51 47 80 382 1 0 0 0 1 0 1 0 1 0 0 0 2 0 0 0 0 0 112 1 103 155 0 12 0 0 3 4 1 0 0 11 14 0 0 0 0 0 0 1 0 3 0 1 4 12 0 1 11 17 10 17 1 0 0 1 1 0 44 15 1 0 0 0 9 0 1 0 95 7 5 0 0 18 0 1 3 5 25 1 0 7 96 25 9 1 0 0
1867 1219 13631 6054 6847 17101 1114 2756 1043 21109 6321 21888 0 9 9 4 17 5 7 9 1458 1288 17 26 120 6 14 7 3056 4588 2222 449 3599 38 0 0 14 68 3 17 2391 5 34 6 0 4 12 5 5 5 15 38 316 555 67 28 65 68 8 3 10 10 13 4 8 1 1144 12 13 19 12 1897 112 141 84 0 84 0 219 1 16 1 1060 1186 2884 507 51 14 27 9 13 60 36 19 20 718 1898 1562 458 26 489 308 1596 1858 215 844 120 20 194 203 378 1553 1 1 0 0 3 1 2 1 8 8 4 31 14 0 2 2 0 0 658 8 494 816 3 70 1 0 55 36 0 2 0 96 65 3 0 0 22 2 18 2 3 31 0 3 19 64 6 9 73 154 39 107 23 3 0 0 2 0 342 96 8 11 0 1 50 8 2 0 553 81 67 6 1 140 2 0 8 17 169 4 7 21 398 82 50 11 0 6
0 0 1 0 0 0 0 1 14 1 0 0 4110 0 1 1 6 487 8175 116 1 1 2 9 2 0 1 3 2 0 0 0 12 2 2 0 0 372 0 0 25 1 14 3560 5217 3729 0 24 2 759 5 41 3 0 2 0 0 0 0 0 10 20 6 4 4 1571 4 0 8 4 14 174 475 882 1 7 294 618 479 41 53 677 3 1 1 1 0 185 215 620 302 6 0 4 22 0 96 6 1 0 0 0 0 0 0 0 0 2 0 0 0 1 2 21 365 0 6 50 2 606 15 551 9 0 0 0 0 12 0 7 2 1 1 2 0 5 0 1 16 13 64 2 50 0 2 11 62 13 43 885 1 8 5 2 1 2 1 0 8 4 0 1 0 0 8 0 101 77 4 136 1 2 5 0 8 79 2 9 118 2 1 1 186 1 5 3 3 7 13 0 0 8 5 5 0 0 0 0 0 2
1 0 0 1 1 2 1 0 0 0 0 9 0 12723 6990 1615 770 529 75 135 144 248 368 1820 56 30 4791 3081 29 4 3 12 89 388 5508 5018 520 186 362 590 806 113 501 23 1 39 765 15 43 6 3 2 4 5 0 0 11 435 2089 210 107 29 199 478 1192 3 46 629 540 25 10 35 64 179 423 9 3 1 9 0 2 0 13 18 27 8 89 3 27 5 57 53 3 14 129 41 1 0 18 120 0 0 1 3 0 2 0 1 0 0 0 0 63 84 19 53 23 94 68 66 338 688 367 35 27 6 23 44 9 71 2 5 4 21 0 15 92 3 115 234 15 60 22 6 29 26 6 7 161 53 32 17 7 2 1 2 2 0 1 1 0 4 0 3 8 13 17 40 5 2 15 10 4 9 9 32 5 5 15 3 7 53 37 6 1 91 4 1 7 3 4 8 23 3 8 2 13 14 2 17
0 1 1 3 1 5 0 0 1 0 0 9 1 6990 21797 11245 1637 3581 249 1608 210 334 566 940 32 30 3295 7441 15 0 2 4 56 81 1489 634 56 101 1266 265 1441 146 438 13 4 47 122 38 70 6 2 4 2 2 7 0 14 116 66 35 262 49 152 420 2161 6 23 61 947 28 15 22 44 118 142 22 2 0 11 0 5 0 9 9 31 13 29 11 78 14 75 155 17 75 150 12 3 0 18 32 1 1 3 0 0 1 0 2 0 0 0 0 37 73 42 53 9 68 46 136 239 488 226 23 13 6 8 30 9 64 2 1 3 12 1 12 57 2 107 137 32 54 35 4 26 18 10 7 124 87 19 9 6 0 0 1 1 0 0 1 1 3 1 1 6 10 29 34 5 3 12 3 4 14 7 21 1 4 34 3 6 31 36 2 3 50 2 4 14 3 4 16 17 3 7 1 11 9 6 11
2 0 0 0 0 1 0 1 1 1 0 4 1 1615 11245 13393 1450 3595 2614 2183 62 52 113 368 10 7 363 7148 9 1 1 4 58 54 59 28 112 496 1432 65 1274 150 246 20 3 51 9 52 89 9 6 3 1 3 5 2 6 22 1 6 274 55 37 48 566 8 5 13 348 39 16 16 47 37 24 39 3 5 3 2 7 0 11 5 6 3 14 30 113 21 101 222 20 86 202 5 0 0 6 9 0 1 0 1 1 0 1 0 0 0 0 0 44 176 158 27 2 219 11 420 174 1487 69 3 1 2 3 39 6 88 0 0 3 3 2 15 17 0 40 72 271 9 133 0 3 7 27 23 191 172 2 8 6 0 0 2 0 1 0 0 0 1 1 0 16 3 39 59 7 7 1 1 8 1 6 50 2 4 34 3 0 8 57 0 4 37 2 0 3 0 0 6 7 5 13 1 0 0 1 1
0 1 1 0 5 4 1 1 0 2 1 17 6 770 1637 1450 2283 872 642 1754 299 642 344 378 67 44 153 434 17 1 3 11 88 191 34 6 1472 340 369 152 817 94 166 16 1 39 89 14 35 4 3 1 2 2 1 0 10 148 41 54 312 11 23 40 249 5 21 68 212 10 4 23 85 36 131 13 2 3 9 0 1 1 11 19 57 21 43 7 31 6 22 58 6 29 60 18 6 1 52 19 2 3 1 2 3 2 1 4 0 0 0 0 64 49 26 72 18 21 37 61 307 229 146 44 64 10 29 53 6 76 5 6 8 18 0 23 54 6 100 174 20 75 16 4 23 20 10 3 171 58 68 14 2 4 1 6 0 4 0 3 2 4 3 1 7 17 9 37 12 6 31 23 6 15 9 28 4 7 14 1 2 37 19 12 4 149 4 4 15 15 9 15 23 7 16 1 17 10 3 17
1 2 1 1 0 2 1 2 2 0 0 5 487 529 3581 3595 872 12210 3507 1408 88 111 236 2302 53 28 1239 3051 28 6 4 21 298 149 80 22 92 2942 6294 70 2945 537 2354 1028 52 1107 38 177 160 34 22 7 3 11 26 0 27 118 15 14 3487 194 338 1996 1955 490 70 50 1634 96 58 192 1111 330 131 147 112 68 106 0 25 1 21 14 16 14 68 34 281 52 429 353 33 214 460 25 62 9 21 53 1 13 1 0 14 7 0 2 1 0 0 2 13 705 2812 49 25 442 32 3015 319 4078 141 6 3 2 7 369 6 425 10 15 36 14 18 98 14 7 133 258 2067 17 1381 7 10 214 708 180 459 3331 35 52 34 9 1 6 0 5 3 5 3 3 1 5 167 11 507 1370 59 303 12 7 116 22 43 790 2 21 254 9 6 23 389 20 26 62 2 6 15 1 5 55 62 102 14 3 2 6 1 9
0 0 1 0 0 1 0 1 17 0 0 7 8175 75 249 2614 642 3507 39664 14002 90 171 134 483 29 32 317 179 5 2 2 5 64 41 43 9 61 3915 108 152 752 89 324 11123 1948 2878 73 45 56 352 5 18 1 3 6 0 13 24 8 3 356 64 67 188 108 896 18 29 133 29 10 140 954 6299 24 24 198 3028 303 15 20 198 10 10 17 8 15 97 279 416 755 94 13 47 151 3 81 10 12 10 2 13 2 4 8 5 1 26 2 0 2 3 282 998 2414 247 51 1694 137 4115 1691 14121 1152 68 33 29 70 351 38 587 11 16 24 58 16 79 223 11 479 847 1626 145 850 15 74 148 312 252 1583 2100 40 56 29 9 2 8 2 5 2 8 3 4 7 1 109 30 251 548 55 297 16 16 51 17 35 361 11 19 128 7 25 143 1449 15 13 426 8 6 40 5 5 38 93 59 86 13 21 16 6 26
0 0 2 0 1 2 0 0 1 1 0 9 116 135 1608 2183 1754 1408 14002 5864 152 225 234 315 27 53 96 168 7 0 0 3 23 32 26 2 145 137 230 172 672 75 122 146 50 144 59 20 36 9 3 1 4 2 4 1 4 30 8 4 311 20 20 26 111 12 9 21 155 19 8 10 33 195 23 13 3 56 8 0 4 10 5 5 20 8 20 13 39 18 43 97 12 30 88 10 0 0 22 5 2 0 2 1 3 0 0 7 0 0 0 0 115 115 49 147 15 63 51 100 488 731 195 37 30 10 34 55 13 125 5 2 4 11 1 11 70 5 121 193 28 77 23 10 33 40 6 18 311 72 35 18 10 3 1 6 1 2 0 3 0 4 0 1 5 13 13 48 15 5 13 13 5 3 10 40 7 5 27 0 4 21 53 4 8 134 2 2 15 6 3 13 33 3 15 1 13 8 2 13
90 72 253 135 199 468 10 51 21 62 100 1458 1 144 210 62 299 88 90 152 8714 10437 1137 596 350 183 76 37 176 174 83 94 726 390 28 10 227 868 28 357 3815 112 250 64 0 21 120 15 44 5 4 5 11 23 4 353 36 406 42 19 40 33 42 24 60 4 148 61 82 16 9 900 727 379 646 6 93 1 253 0 3 2 306 95 4534 289 113 6 38 9 40 83 15 49 111 885 74 21 646 48 5 8 16 27 6 19 4 2 3 5 6 25 14 4 1 11 14 6 19 6 120 35 60 33 20 2 14 13 3 13 14 4 10 45 3 34 23 0 130 153 2 50 7 9 27 11 1 0 72 11 52 3 5 5 0 3 0 5 1 3 9 8 0 4 3 14 2 17 5 0 32 19 4 20 2 8 1 7 15 1 34 70 48 10 1 87 3 6 5 7 8 10 11 9 15 1 10 12 3 16
35 29 160 64 147 320 8 24 24 44 94 1288 1 248 334 52 642 111 171 225 10437 33357 3613 2933 7868 2611 268 77 318 147 79 150 992 718 61 20 456 1791 51 3458 1514 434 1654 157 5 78 1254 62 314 30 10 11 25 55 15 7 86 573 68 53 135 298 332 132 128 6 332 283 184 171 33 1209 1338 799 984 46 139 3 456 1 15 1 217 301 5163 1018 891 33 227 48 215 363 41 371 1140 955 78 29 5713 164 14 8 19 29 7 14 5 7 8 6 2 25 29 28 7 23 36 12 60 13 222 93 149 68 53 10 29 25 3 26 29 8 17 122 5 73 31 1 289 345 7 98 16 19 42 25 3 1 190 22 100 13 8 7 1 6 0 8 1 2 8 16 4 9 11 24 5 40 11 4 56 27 6 52 14 38 7 12 47 7 36 106 128 15 14 144 2 7 12 18 22 38 20 13 19 4 49 20 7 25
2 1 3 1 1 3 0 1 1 1 3 17 2 368 566 113 344 236 134 234 1137 3613 6723 10741 302 5007 356 38 16 2 4 4 48 84 73 21 224 318 43 2412 2550 1900 1151 18 1 54 256 6 237 6 2 2 0 12 9 0 20 34 30 8 115 35 41 34 18 9 105 71 40 36 8 36 75 40 70 13 3 0 16 0 3 1 17 51 62 60 123 8 61 11 58 200 11 91 306 12 4 0 101 22 0 0 0 0 0 0 0 0 0 0 0 0 8 4 4 5 2 3 8 10 28 46 28 0 4 1 2 6 1 5 0 0 1 3 1 2 8 0 15 25 2 13 4 2 2 5 2 0 11 13 5 2 2 1 1 3 0 0 0 1 0 0 0 0 0 1 2 13 0 1 1 2 1 1 0 4 1 2 12 0 2 7 4 2 1 13 0 2 4 2 2 5 7 5 2 1 3 0 0 3
5 3 4 4 2 5 2 3 1 5 4 26 9 1820 940 368 378 2302 483 315 596 2933 10741 7464 1144 3502 4304 689 218 1 22 11 93 252 1272 597 401 460 208 1868 4203 2634 3710 43 10 1266 1044 32 337 12 0 9 17 87 10 1 256 259 379 40 1702 103 299 1326 196 40 715 894 477 58 12 67 144 173 645 16 5 2 23 0 7 1 67 198 169 249 928 8 81 16 540 225 16 127 488 100 6 2 332 380 0 2 1 3 1 1 0 0 0 0 0 1 16 47 38 19 15 63 29 157 120 412 181 19 7 9 11 15 3 40 3 1 1 16 0 12 38 3 65 116 28 33 38 5 10 11 9 1 101 185 17 4 7 2 0 3 0 0 0 1 0 0 0 0 5 5 36 31 4 8 7 2 3 4 6 47 1 4 42 4 4 18 39 4 6 46 0 5 6 1 5 14 13 4 2 1 7 2 1 8
22 6 30 9 22 36 3 14 2 8 16 120 2 56 32 10 67 53 29 27 350 7868 302 1144 7789 509 215 35 80 18 65 13 146 105 50 11 64 412 23 2984 305 115 1077 48 4 81 2650 30 68 24 1 11 28 141 10 4 555 80 81 13 124 224 477 198 64 10 1064 599 144 112 9 220 342 300 189 24 30 1 103 0 6 3 256 764 1162 2526 2431 14 89 25 189 94 23 195 752 98 18 4 4995 110 2 2 2 4 0 2 1 1 0 0 1 1 8 9 3 11 17 7 23 6 74 27 52 24 15 0 10 10 1 11 6 0 4 23 3 26 23 0 76 127 1 22 5 5 10 12 0 0 71 18 36 7 5 0 1 1 1 1 0 3 2 5 0 1 4 9 9 13 3 1 13 12 6 8 6 14 3 3 14 3 8 33 44 4 3 41 1 3 11 1 7 12 7 3 6 0 15 9 2 7
1 1 3 1 1 1 1 0 0 0 0 6 0 30 30 7 44 28 32 53 183 2611 5007 3502 509 5104 154 6 15 0 0 0 13 10 16 6 22 107 0 3319 403 68 222 12 1 6 441 2 17 1 2 1 4 10 3 0 19 8 17 1 7 15 17 7 10 1 77 98 7 5 0 7 16 37 19 3 1 0 3 0 1 0 13 29 28 25 125 1 5 3 16 29 4 16 96 5 1 0 67 3 0 0 0 0 0 0 0 0 0 0 0 0 2 6 0 4 3 5 7 4 25 22 13 0 3 2 0 7 0 3 0 0 0 2 0 2 2 1 13 12 1 3 3 2 0 3 0 0 16 3 3 1 0 0 0 1 0 1 0 0 0 1 0 0 0 2 0 1 2 0 3 1 0 0 0 2 0 1 2 0 0 2 4 0 1 7 0 0 0 1 1 1 1 0 1 0 2 1 0 1
1 0 1 1 2 6 1 3 0 1 0 14 1 4791 3295 363 153 1239 317 96 76 268 356 4304 215 154 20794 9303 158 6 40 14 82 352 4549 453 432 214 201 784 556 77 670 11 5 135 272 12 27 4 0 1 5 32 5 0 154 458 144 91 178 49 135 777 486 4 289 487 195 12 7 37 63 76 1003 6 3 0 4 0 0 0 22 65 42 62 517 2 19 9 39 34 2 16 95 113 1 0 94 503 2 0 0 1 1 0 0 1 0 0 0 0 9 60 124 21 6 118 22 398 100 690 130 6 6 3 7 33 3 38 1 2 4 10 2 9 16 3 53 91 134 22 65 1 8 10 13 1 91 210 6 4 5 0 0 3 0 1 1 0 1 0 0 1 9 5 30 49 3 5 8 4 3 4 2 43 0 2 14 0 4 17 34 4 3 38 1 0 3 1 2 5 8 5 3 0 1 1 0 6
0 0 0 1 3 0 0 2 0 0 0 7 3 3081 7441 7148 434 3051 179 168 37 77 38 689 35 6 9303 14983 75 3 9 19 181 379 496 151 415 254 5963 91 373 51 355 16 1 166 34 39 19 1 0 1 6 11 0 0 62 379 35 98 1169 42 75 601 3146 17 99 140 1120 12 13 60 107 45 693 27 1 0 3 0 1 0 12 18 29 17 204 3 26 4 55 20 1 13 45 83 3 0 21 255 0 2 1 1 1 5 0 1 0 0 0 2 9 155 559 5 8 174 9 1544 67 1355 50 3 4 2 3 93 0 87 3 6 7 9 4 25 6 1 42 89 538 16 327 2 10 24 67 15 80 884 8 9 7 1 0 2 0 0 0 0 1 2 1 1 37 3 150 214 17 25 6 2 21 7 10 172 3 5 37 3 4 7 88 8 0 12 2 1 7 2 5 7 10 25 2 0 4 2 2 3
8326 1168 2201 1079 4864 2377 2163 1782 143 670 248 3056 2 29 15 9 17 28 5 7 176 318 16 218 80 15 158 75 34955 17872 2704 336 1222 291 17 11 39 152 31 63 400 23 364 7 3 72 74 37 10 10 11 55 912 5956 68 5 3602 856 26 39 91 161 426 280 174 5 3444 73 272 94 23 1836 232 705 2908 28 316 5 471 1 21 3 774 1937 325 57 164 27 60 9 125 78 43 77 283 6263 324 3968 99 391 215 106 480 510 71 178 34 14 71 24 62 287 2 1 5 4 7 1 3 6 8 10 7 57 25 0 6 1 0 2 287 1 149 432 9 126 3 0 115 82 1 7 4 111 97 5 2 0 40 22 38 5 3 29 0 2 44 77 3 18 106 160 22 50 35 7 4 3 2 1 332 73 15 34 2 16 67 13 13 2 404 177 161 13 3 323 3 7 18 18 206 14 29 22 157 30 76 19 0 4
10081 1450 518 824 8808 4395 2180 566 93 486 181 4588 0 4 0 1 1 6 2 0 174 147 2 1 18 0 6 3 17872 17438 3531 321 972 68 0 0 5 32 0 4 661 3 9 0 0 3 3 4 2 6 7 27 259 458 32 15 3647 163 1 1 4 1 3 9 10 1 631 7 19 17 6 1152 66 226 318 4 63 0 149 0 22 3 613 627 798 125 12 7 14 3 5 45 20 12 16 2847 148 1548 50 16 166 115 433 448 45 144 31 11 47 18 53 252 0 0 0 0 1 0 0 1 2 0 2 20 4 1 1 1 0 0 210 5 111 272 0 52 0 0 43 25 1 3 0 42 54 2 0 0 6 1 8 3 0 22 1 3 19 45 2 5 56 83 12 41 14 1 0 1 0 0 189 47 8 4 0 0 35 6 6 0 226 53 65 6 2 102 4 2 5 9 108 3 10 15 85 30 35 6 0 3
143 261 117 494 8046 3754 32 26 18 28 50 2222 0 3 2 1 3 4 2 0 83 79 4 22 65 0 40 9 2704 3531 8519 146 389 23 2 1 2 10 3 6 242 1 33 2 0 15 13 6 0 0 0 4 37 170 7 5 9277 61 1 1 17 13 51 45 20 0 2586 10 33 4 1 333 22 17 1298 2 12 0 42 1 1 0 190 406 331 890 79 0 13 1 19 14 6 14 26 4217 41 49 930 3232 43 23 109 109 14 53 7 1 20 7 18 72 0 0 1 0 0 0 1 0 0 0 1 3 0 0 1 1 0 0 65 1 35 65 1 7 0 0 6 10 1 1 0 12 8 1 0 0 2 0 2 2 1 3 0 0 2 14 0 1 6 25 5 12 2 0 2 1 0 0 29 11 2 0 0 1 8 0 5 0 56 7 8 2 0 22 0 1 1 1 28 0 1 5 25 1 7 0 0 0
50 7 10 9 1569 2600 26 15 18 9 12 449 0 12 4 4 11 21 5 3 94 150 4 11 13 0 14 19 336 321 146 2569 4519 515 1 2 28 147 16 3 156 2 12 0 0 5 6 7 1 0 0 2 21 35 3 3 23 2218 10 24 22 7 23 19 42 2 85 17 68 2 3 329 197 11 738 2 3 0 11 1 1 0 52 81 111 14 23 0 4 0 4 9 5 5 11 5594 45 51 40 18 17 13 33 44 2 19 4 1 7 7 7 30 0 0 1 0 0 0 1 3 2 0 3 0 3 0 1 0 0 0 26 1 12 30 1 5 1 0 4 9 1 0 0 3 4 1 0 0 3 8 2 1 0 0 0 0 3 2 0 1 2 0 0 0 1 0 0 0 0 0 11 6 2 2 0 2 2 0 0 0 14 0 4 0 0 8 0 0 0 1 8 1 0 0 10 2 2 2 0 1
136 67 132 82 1788 1905 78 46 102 167 205 3599 12 89 56 58 88 298 64 23 726 992 48 93 146 13 82 181 1222 972 389 4519 7503 3988 16 24 318 2482 208 31 837 12 80 20 3 97 73 67 6 5 6 19 96 188 24 6 76 3155 122 332 287 56 107 91 355 7 357 284 461 21 27 1490 2877 71 1992 46 11 8 68 0 14 3 336 391 586 145 194 10 31 1 48 28 14 9 37 5935 446 227 182 180 75 33 166 222 31 108 18 3 17 24 48 163 3 3 23 6 5 3 10 31 49 25 33 17 20 4 5 11 1 9 105 2 78 128 2 24 9 0 55 68 14 18 12 15 17 6 1 1 35 38 24 9 2 5 0 3 1 11 2 7 17 25 4 19 5 4 10 17 1 3 57 20 2 15 2 18 8 3 14 2 80 36 25 10 2 59 1 1 6 9 24 2 5 7 54 12 24 11 1 6
3 1 6 2 46 45 2 7 3 2 1 38 2 388 81 54 191 149 41 32 390 718 84 252 105 10 352 379 291 68 23 515 3988 5941 78 901 1662 3316 215 64 426 22 169 13 3 61 318 78 10 2 2 4 17 55 4 2 143 4715 1866 7426 166 60 165 179 647 3 248 1942 611 24 23 295 1350 55 2740 38 2 0 21 0 12 0 87 84 197 73 418 5 21 4 54 17 4 18 92 591 2 4 91 797 5 2 6 5 1 2 0 0 0 0 0 5 6 7 21 5 4 7 8 37 43 32 30 15 9 5 1 7 0 13 2 0 7 19 2 15 8 1 48 72 12 22 9 2 9 13 2 1 32 39 28 9 1 1 0 2 0 3 0 1 1 0 0 2 3 7 9 22 1 2 9 5 3 7 1 22 4 4 20 3 7 22 12 2 2 21 0 2 2 4 5 4 8 4 4 0 6 2 1 7
0 0 0 0 0 0 0 1 0 0 0 0 2 5508 1489 59 34 80 43 26 28 61 73 1272 50 16 4549 496 17 0 2 1 16 78 4405 2558 135 62 17 851 177 13 145 12 0 11 1223 1 4 0 1 0 1 7 0 0 13 54 1968 20 12 7 17 123 94 1 36 71 64 2 0 8 14 92 114 1 3 0 3 0 0 0 2 9 8 11 56 2 5 1 5 8 1 3 18 11 0 0 7 50 0 0 0 0 0 1 0 1 0 0 1 1 36 60 11 55 17 84 49 34 215 427 180 9 13 4 10 22 4 56 0 1 2 15 0 5 48 4 75 102 5 52 14 5 16 14 1 4 108 18 11 11 1 1 0 4 0 1 0 1 0 1 0 0 1 8 3 20 8 0 10 5 1 4 4 20 3 3 10 0 0 11 19 3 0 53 3 1 4 3 2 4 21 1 7 1 1 4 0 7
0 0 0 0 0 0 0 0 0 0 0 0 0 5018 634 28 6 22 9 2 10 20 21 597 11 6 453 151 11 0 1 2 24 901 2558 1109 372 65 13 253 37 11 121 5 0 0 646 1 9 0 0 0 0 4 0 0 3 348 2974 1071 6 5 15 51 61 1 13 484 29 2 0 4 16 19 134 2 0 0 2 0 0 0 1 3 2 1 28 1 5 0 10 5 0 3 24 8 0 0 6 49 1 1 1 0 0 0 0 0 0 0 0 0 9 9 1 5 4 9 6 0 35 49 30 11 2 2 5 1 2 10 0 1 1 7 0 1 6 0 12 30 1 12 2 1 7 2 0 0 16 6 2 4 1 0 0 1 0 0 0 1 0 0 0 0 0 2 3 8 1 0 2 0 0 3 0 4 0 0 1 0 2 6 11 0 0 7 2 1 2 0 1 1 0 2 2 0 5 0 0 1
0 0 1 0 4 6 0 2 0 1 1 14 0 520 56 112 1472 92 61 145 227 456 224 401 64 22 432 415 39 5 2 28 318 1662 135 372 2018 1819 105 149 415 33 144 7 1 19 300 6 22 3 1 1 4 14 0 1 33 1097 1074 847 58 12 69 111 242 1 49 909 175 4 3 30 172 52 628 3 4 0 11 0 1 0 13 23 51 26 127 4 15 2 16 20 0 15 57 49 1 0 41 210 1 0 2 3 2 3 1 1 0 0 0 1 13 14 9 14 9 7 17 18 116 48 56 26 32 6 23 22 1 27 5 5 11 15 1 18 18 1 81 137 7 56 6 2 18 6 2 1 80 20 59 7 1 2 0 3 0 1 0 2 1 5 1 2 6 10 5 25 4 4 21 12 7 12 3 8 3 3 12 1 1 37 23 7 0 66 1 2 8 5 8 9 6 7 4 1 23 7 3 17
6 3 16 8 13 21 1 4 0 2 4 68 372 186 101 496 340 2942 3915 137 868 1791 318 460 412 107 214 254 152 32 10 147 2482 3316 62 65 1819 6671 377 322 1184 83 221 1703 287 1604 551 92 30 57 1 16 39 54 11 4 65 1607 417 1607 1268 76 97 129 410 89 221 1016 573 21 29 389 1890 1297 1245 72 26 249 96 3 17 25 104 143 295 142 429 17 69 62 189 49 10 25 77 136 9 2 237 389 12 10 15 13 8 6 4 17 2 1 1 5 183 134 127 166 93 143 216 228 1088 1107 608 179 195 39 109 146 23 199 34 22 29 134 17 125 160 15 707 910 67 314 71 25 128 118 36 16 636 208 296 51 14 15 4 26 8 10 5 10 16 23 3 8 25 95 36 150 36 23 127 66 28 83 17 82 12 23 54 2 31 229 241 43 5 422 12 13 52 45 38 34 81 38 42 10 96 39 19 96
1 0 2 0 0 0 2 0 0 1 0 3 0 362 1266 1432 369 6294 108 230 28 51 43 208 23 0 201 5963 31 0 3 16 208 215 17 13 105 377 17745 8 447 79 186 23 2 130 12 109 14 5 0 4 5 6 3 0 11 169 7 40 9845 40 49 347 6015 19 26 25 4642 12 20 89 219 14 218 105 0 1 5 0 6 0 15 10 11 4 29 3 34 5 102 29 6 19 46 37 0 0 5 49 0 2 3 1 1 2 0 0 1 0 0 1 0 76 420 6 3 58 11 779 36 478 17 2 2 0 3 42 0 35 5 1 8 14 7 25 4 1 31 57 270 9 186 1 3 44 71 11 32 670 10 7 5 2 0 0 1 1 2 0 3 0 0 0 27 6 147 202 12 21 3 6 21 4 11 178 0 3 69 4 2 7 39 2 6 5 0 0 3 1 0 10 10 16 1 0 5 3 0 2
2 1 4 2 1 5 1 2 0 0 1 17 0 590 265 65 152 70 152 172 357 3458 2412 1868 2984 3319 784 91 63 4 6 3 31 64 851 253 149 322 8 7056 621 117 313 32 1 17 4291 8 48 4 2 1 6 50 1 0 123 46 313 10 24 24 53 42 26 3 336 695 34 18 1 22 92 132 168 2 1 2 16 0 4 0 33 93 71 149 769 5 23 6 32 56 8 28 145 22 0 0 155 90 1 1 0 2 1 0 0 3 0 0 0 0 43 34 9 51 11 37 44 13 186 252 151 21 16 8 16 29 0 45 1 3 2 15 0 8 37 3 60 140 6 39 10 5 20 19 1 2 110 13 26 12 5 0 0 3 0 0 0 1 2 1 0 0 3 10 2 14 8 2 4 4 2 3 2 10 1 4 7 0 1 21 21 4 3 58 3 0 3 3 1 5 11 2 7 2 8 1 4 6
1060 617 1983 682 492 1265 211 1089 75 355 152 2391 25 806 1441 1274 817 2945 752 672 3815 1514 2550 4203 305 403 556 373 400 661 242 156 837 426 177 37 415 1184 447 621 5763 3641 1825 149 73 1100 230 499 2130 381 165 284 81 88 1995 914 109 429 73 30 2105 545 183 174 288 202 364 141 899 663 526 1122 811 734 644 412 458 36 658 13 461 54 3391 430 3150 256 236 761 2539 433 2689 2453 457 1337 1591 874 281 140 240 164 91 33 193 202 35 82 22 12 23 12 19 112 24 23 37 14 17 29 30 101 148 175 107 62 71 7 24 25 5 29 121 5 96 292 10 134 31 2 236 215 24 52 36 69 81 89 36 7 147 341 164 86 80 26 2 78 28 61 18 53 65 82 12 33 31 19 61 144 84 30 241 67 28 71 116 252 69 95 621 40 230 223 144 31 111 405 29 92 249 26 125 309 171 32 87 18 79 26 4 35
1 0 0 0 0 4 0 0 4 0 1 5 1 113 146 150 94 537 89 75 112 434 1900 2634 115 68 77 51 23 3 1 2 12 22 13 11 33 83 79 117 3641 4345 1744 21 23 373 41 27 604 32 3 2 0 10 14 1 18 19 6 5 684 39 27 38 54 45 80 34 277 32 14 14 33 16 44 113 19 0 16 0 2 1 31 15 27 30 50 16 101 35 776 164 11 62 123 5 6 1 29 23 0 0 0 0 0 0 0 0 0 0 0 0 1 2 4 0 5 4 2 13 8 17 5 1 1 0 1 0 1 1 0 1 0 0 0 0 2 0 8 9 6 5 4 2 1 17 7 1 6 86 0 6 9 0 0 2 0 0 0 2 0 0 0 0 2 1 21 19 3 9 0 3 2 0 9 47 0 7 79 8 1 1 2 2 14 4 1 4 4 0 0 14 5 1 0 0 0 1 0 0
8 0 10 1 11 9 3 5 4 4 2 34 14 501 438 246 166 2354 324 122 250 1654 1151 3710 1077 222 670 355 364 9 33 12 80 169 145 121 144 221 186 313 1825 1744 6735 56 102 2544 202 204 1883 164 5 9 20 144 28 3 379 260 88 37 4342 436 2740 8770 762 230 1140 498 2739 212 56 73 110 69 703 555 56 10 64 0 19 7 98 316 202 412 837 33 425 155 5384 620 57 420 2948 114 12 3 513 401 1 1 0 1 0 2 0 0 0 0 0 0 4 12 47 9 2 13 10 105 39 112 25 6 6 1 6 11 2 17 3 2 0 7 1 9 6 1 16 33 18 9 21 3 4 39 33 2 27 512 4 21 27 2 1 15 0 2 1 4 0 1 1 0 1 5 123 146 15 35 2 1 7 3 49 255 4 31 395 37 1 3 10 1 54 16 1 13 26 0 0 82 60 4 0 0 2 0 0 5
2 1 1 0 2 3 0 1 1 2 0 6 3560 23 13 20 16 1028 11123 146 64 157 18 43 48 12 11 16 7 0 2 0 20 13 12 5 7 1703 23 32 149 21 56 13133 2553 2279 66 75 18 1251 23 191 3 12 11 2 3 14 32 4 191 62 33 14 25 591 46 55 67 22 35 118 2189 2548 22 27 69 3076 2399 174 128 1260 23 21 43 22 24 431 599 1234 841 40 7 12 91 6 15 3 39 7 1 5 4 5 2 1 2 9 1 0 1 1 76 114 116 98 34 177 103 232 602 1546 432 79 66 17 44 50 8 100 14 7 10 69 6 49 80 6 294 441 47 114 40 16 52 53 15 19 400 194 93 19 10 1 2 6 6 8 10 14 3 6 6 3 12 33 18 65 16 25 40 38 8 22 14 43 17 12 84 2 16 109 259 14 17 249 16 15 34 9 14 21 35 9 22 8 39 11 4 39
0 1 0 0 0 0 0 0 20 0 0 0 5217 1 4 3 1 52 1948 50 0 5 1 10 4 1 5 1 3 0 0 0 3 3 0 0 1 287 2 1 73 23 102 2553 9748 3691 1 86 21 3631 4 23 4 1 6 1 0 1 0 0 21 62 29 2 2 2442 5 4 40 19 25 244 561 306 5 21 486 423 791 24 37 393 7 1 2 1 3 113 614 2793 2922 13 7 19 93 1 128 8 2 2 1 0 0 0 0 1 0 0 0 0 0 0 1 11 83 3 1 9 2 83 4 97 8 1 1 2 2 4 0 1 0 1 1 2 0 1 2 0 7 5 13 2 12 0 0 70 40 3 11 522 3 21 25 2 0 5 2 0 5 7 0 0 0 1 5 1 124 129 22 123 4 1 4 0 54 276 7 18 547 33 1 2 45 1 51 3 0 22 31 1 0 82 51 3 0 0 0 0 0 0
1 0 2 0 0 2 1 3 54 2 0 4 3729 39 47 51 39 1107 2878 144 21 78 54 1266 81 6 135 166 72 3 15 5 97 61 11 0 19 1604 130 17 1100 373 2544 2279 3691 4271 9 60 109 133 7 9 9 18 13 1 47 64 6 8 1199 94 211 1675 821 5357 113 48 636 38 28 341 1383 448 142 73 756 178 705 0 11 5 14 31 19 40 105 18 159 379 2054 168 19 110 385 16 363 23 39 61 0 2 5 2 3 5 0 0 0 1 0 3 6 17 1342 9 7 53 11 1362 60 508 22 2 5 8 3 84 2 30 12 21 1 9 7 30 2 3 40 57 216 16 300 2 5 335 934 32 81 7427 36 39 27 7 2 17 0 5 0 4 0 1 1 1 56 11 977 1104 30 582 2 10 52 13 43 1383 4 22 1086 35 4 12 135 15 56 25 3 6 25 1 1 69 95 33 10 1 1 0 1 5
1 1 2 1 4 3 1 2 0 2 0 12 0 765 122 9 89 38 73 59 120 1254 256 1044 2650 441 272 34 74 3 13 6 73 318 1223 646 300 551 12 4291 230 41 202 66 1 9 2561 5 8 0 1 2 6 24 0 1 91 159 634 110 25 16 32 33 25 1 215 955 33 6 1 32 175 236 299 4 1 4 19 0 1 1 19 63 68 82 665 2 8 0 12 10 2 15 61 38 1 0 101 136 3 0 2 2 2 1 1 5 0 0 0 1 43 36 1 51 21 28 56 5 235 167 180 40 31 4 21 35 5 50 4 3 5 24 0 13 54 5 113 177 2 72 20 3 31 26 6 4 131 10 39 10 3 1 0 2 0 4 1 0 5 7 1 5 3 19 6 29 9 1 14 22 3 12 2 15 2 0 8 1 9 44 36 8 0 82 0 3 9 2 3 8 15 4 5 1 12 5 2 17
7 1 3 0 1 2 0 6 3 3 0 5 24 15 38 52 14 177 45 20 15 62 6 32 30 2 12 39 37 4 6 7 67 78 1 1 6 92 109 8 499 27 204 75 86 60 5 22401 78 541 1 37 17 12 69 5 21 83 1 11 1134 7472 429 98 371 57 46 13 5012 956 6963 69 151 43 145 12553 80 18 95 4 518 49 85 25 19 13 46 1225 13790 594 5865 142 19 288 394 46 27 8 14 41 3 0 0 1 1 1 0 1 0 0 0 1 0 3 6 3 2 10 2 13 2 13 5 8 4 6 13 16 0 2 5 8 1 3 1 3 2 0 6 12 2 16 5 7 5 131 33 7 12 193 15 207 204 24 5 158 7 7 7 48 0 4 1 1 7 3 45 225 210 32 3 5 7 2 386 456 44 166 1533 109 7 11 7 6 415 19 38 163 362 3 1 836 381 10 2 1 1 1 2 3
7 3 7 0 1 4 7 6 0 5 0 5 2 43 70 89 35 160 56 36 44 314 237 337 68 17 27 19 10 2 0 1 6 10 4 9 22 30 14 48 2130 604 1883 18 21 109 8 78 6034 100 14 17 19 19 116 10 11 9 2 1 192 144 26 12 21 42 74 28 85 158 62 18 22 13 22 59 24 8 19 1 26 15 95 33 33 34 34 98 467 109 522 5078 170 2680 5285 11 4 3 53 9 0 0 1 0 0 0 0 0 0 0 0 0 1 0 4 1 1 3 1 3 2 10 4 1 0 0 0 2 0 0 0 0 2 0 1 0 0 0 2 4 0 3 4 0 1 15 3 0 3 41 0 20 14 0 0 11 0 1 0 5 0 1 0 0 0 0 14 25 14 2 4 1 2 1 23 40 6 19 120 12 0 1 2 0 23 5 6 14 41 0 2 59 29 0 0 1 1 0 0 1
6 1 1 0 1 2 4 5 20 5 0 5 759 6 6 9 4 34 352 9 5 30 6 12 24 1 4 1 10 6 0 0 5 2 0 0 3 57 5 4 381 32 164 1251 3631 133 0 541 100 9346 99 1199 12 5 40 6 4 5 0 0 58 869 224 15 19 1252 31 4 281 268 295 364 301 421 6 295 808 717 1179 1059 440 5967 62 26 9 15 9 1436 3450 8540 2235 146 38 184 426 3 146 10 13 2 0 0 3 0 0 0 0 1 0 0 0 1 0 1 9 2 1 6 3 24 6 17 6 0 2 1 3 4 1 2 3 3 0 1 0 2 0 0 5 7 4 4 6 4 6 94 41 2 13 125 9 87 102 17 3 94 65 17 54 102 1 1 1 0 4 4 25 106 93 39 6 3 9 1 192 250 61 129 935 49 4 10 4 8 165 8 86 852 326 0 2 471 198 5 2 0 4 0 0 5
20 7 23 6 4 4 12 15 3 9 2 15 5 3 2 6 3 22 5 3 4 10 2 0 1 2 0 0 11 7 0 0 6 2 1 0 1 1 0 2 165 3 5 23 4 7 1 1 14 99 8455 9196 103 16 423 14 0 1 0 0 13 2 1 1 4 76 9 0 9 82 23 34 5 57 3 8 45 28 46 314 765 217 278 34 9 6 3 298 36 42 53 4042 5333 44 19 8 5 8 5 1 5 1 3 1 0 0 0 1 0 0 2 3 0 0 0 0 0 0 0 0 1 0 0 0 0 0 0 0 0 0 2 0 0 7 0 5 0 0 6 2 0 0 0 1 1 0 2 0 3 2 2 5 2 2 0 2 422 25 226 89 10 3 1 1 0 0 1 1 2 1 9 0 2 2 1 5 58 24 9 1 5 2 5 1 0 8 56 10 83 1 5 13 7 2 2 1 0 0 0 0
64 16 49 9 11 17 44 64 15 39 13 38 41 2 4 3 1 7 18 1 5 11 2 9 11 1 1 1 55 27 4 2 19 4 0 0 1 16 4 1 284 2 9 191 23 9 2 37 17 1199 9196 17242 283 29 1130 28 6 12 1 1 10 57 8 1 4 823 28 1 29 788 583 145 73 417 17 17 354 325 394 11196 6800 2468 764 104 18 10 8 2821 575 414 77 2932 6279 113 50 16 81 38 6 10 38 6 28 10 6 7 9 10 6 2 1 6 0 0 1 2 0 2 0 1 6 13 7 4 2 1 3 1 1 1 9 0 5 18 0 14 0 0 23 12 0 5 1 45 10 9 31 8 33 5 8 70 18 51 1 96 5250 1244 4739 1758 128 14 6 6 2 1 1 3 7 57 64 7 1 1 7 6 1397 326 160 3 39 63 59 5 11 172 1280 381 2027 6 81 114 187 4 45 8 4 7 0 1
453 59 290 51 86 86 495 628 155 461 162 316 3 4 2 1 2 3 1 4 11 25 0 17 28 4 5 6 912 259 37 21 96 17 1 0 4 39 5 6 81 0 20 3 4 9 6 17 19 12 103 283 5675 4690 4425 3 31 41 1 0 6 14 18 8 6 6 101 21 13 59 46 345 111 206 82 6 164 4 200 17 118 13 2139 615 67 52 54 64 89 14 26 382 177 63 40 98 289 2619 35 58 24 15 60 72 12 23 6 4 5 1 8 40 1 1 0 3 1 1 4 2 22 3 5 20 18 2 3 1 0 4 32 3 23 101 1 52 2 0 80 63 0 12 0 20 20 0 1 0 32 2 62 5 4 5 0 4 6 14 7 8 35 47 3 4 17 3 0 0 0 0 92 16 6 34 1 4 8 12 15 0 88 86 50 11 2 121 10 6 33 3 43 7 12 11 29 6 31 3 2 10
903 168 659 116 185 277 697 1018 147 623 141 555 0 5 2 3 2 11 3 2 23 55 12 87 141 10 32 11 5956 458 170 35 188 55 7 4 14 54 6 50 88 10 144 12 1 18 24 12 19 5 16 29 4690 5131 61 1 178 96 6 2 25 54 102 57 28 0 1096 38 51 33 15 543 158 316 279 13 201 4 288 2 24 2 1124 3154 80 172 193 20 43 9 41 69 38 42 126 279 152 1837 125 282 46 19 140 108 15 44 10 8 18 6 14 60 2 2 1 3 9 1 2 2 19 0 5 28 25 0 3 1 0 2 64 0 38 148 8 76 2 0 122 84 0 4 2 33 51 4 1 1 36 1 63 4 3 10 0 4 13 36 2 2 55 61 5 15 14 4 1 4 1 0 158 28 10 26 0 2 22 12 10 0 156 147 88 18 1 206 4 0 15 22 92 9 8 9 38 8 28 20 2 12
59 23 64 7 17 19 51 81 13 61 20 67 2 0 7 5 1 26 6 4 4 15 9 10 10 3 5 0 68 32 7 3 24 4 0 0 0 11 3 1 1995 14 28 11 6 13 0 69 116 40 423 1130 4425 61 22193 475 5 11 0 0 32 76 8 5 4 29 30 3 17 246 177 73 22 55 22 21 39 14 46 23 360 26 4917 80 59 25 10 269 420 61 111 2072 663 266 173 16 52 255 11 16 1 7 7 12 1 5 0 0 3 0 2 7 1 0 1 1 0 0 1 0 3 5 4 5 0 0 1 0 0 0 8 0 9 7 0 14 1 0 13 9 0 2 0 8 3 8 2 0 8 9 5 7 16 2 0 10 16 6 15 19 4 10 1 2 4 0 2 5 4 2 17 2 0 2 7 8 14 12 42 1 14 21 8 2 3 22 16 15 71 0 4 40 23 1 4 0 10 1 0 2
31 14 37 9 8 13 3 30 2 7 0 28 0 0 0 2 0 0 0 1 353 7 0 1 4 0 0 0 5 15 5 3 6 2 0 0 1 4 0 0 914 1 3 2 1 1 1 5 10 6 14 28 3 1 475 1583 2 5 1 0 2 7 5 0 0 3 2 1 1 20 15 23 3 8 1 3 12 0 11 2 26 1 10892 19 2328 10 3 26 38 5 18 102 28 22 26 11 3 2 5 3 2 3 3 3 2 1 0 0 0 0 0 4 0 0 0 0 1 0 0 0 0 0 1 4 1 0 1 0 0 0 2 0 0 4 0 3 0 0 4 2 0 0 0 2 0 0 0 0 1 1 0 0 2 1 0 0 1 0 2 2 1 3 0 1 0 0 0 1 2 0 5 0 0 0 3 0 1 6 6 0 4 2 3 1 0 4 2 2 8 0 4 4 4 0 1 1 1 1 0 2
11 9 22 16 4852 36 8 7 0 3 2 65 0 11 14 6 10 27 13 4 36 86 20 256 555 19 154 62 3602 3647 9277 23 76 143 13 3 33 65 11 123 109 18 379 3 0 47 91 21 11 4 0 6 31 178 5 2 13907 558 18 17 77 106 312 191 127 4 4322 136 236 43 4 109 73 48 6950 15 8 1 17 0 1 0 113 285 72 921 895 3 26 3 101 23 9 58 246 8445 4 3 3345 4888 0 1 0 3 0 0 0 1 0 0 0 0 1 1 3 3 0 0 2 5 6 3 4 3 2 0 2 3 0 0 2 0 0 6 1 3 2 0 14 15 0 0 0 2 2 0 2 0 8 4 2 0 0 1 0 0 0 3 0 0 0 4 0 0 0 0 3 4 0 1 0 1 1 3 2 6 0 0 13 1 2 8 3 0 2 9 0 1 2 0 0 3 4 1 0 0 7 0 0 1
6 3 14 7 60 32 5 6 3 1 1 68 0 435 116 22 148 118 24 30 406 573 34 259 80 8 458 379 856 163 61 2218 3155 4715 54 348 1097 1607 169 46 429 19 260 14 1 64 159 83 9 5 1 12 41 96 11 5 558 7450 813 3967 142 108 316 366 825 8 557 1019 836 31 12 715 582 43 6319 53 4 2 30 0 9 0 155 158 279 89 669 1 20 0 74 23 7 26 118 800 7 2 154 4067 4 1 8 4 2 6 0 1 0 0 1 2 3 0 8 3 2 4 4 25 23 12 7 4 3 2 1 2 0 5 3 1 3 11 1 10 4 0 32 37 6 5 6 0 4 2 1 0 21 41 12 4 2 0 0 0 1 1 0 0 3 6 0 2 1 2 10 13 1 1 4 3 0 6 2 16 1 2 24 2 7 17 22 0 3 20 0 0 1 1 7 6 2 1 2 0 3 3 0 3
0 0 1 0 2 0 0 1 0 0 0 8 0 2089 66 1 41 15 8 8 42 68 30 379 81 17 144 35 26 1 1 10 122 1866 1968 2974 1074 417 7 313 73 6 88 32 0 6 634 1 2 0 0 1 1 6 0 1 18 813 2692 1268 7 5 20 31 35 0 30 1060 38 3 2 42 100 99 562 1 1 1 9 0 0 0 11 10 16 7 120 0 2 1 5 2 0 1 19 36 1 0 17 183 2 0 1 1 0 0 0 1 0 0 0 0 16 24 0 25 17 15 34 6 122 80 115 19 15 5 10 19 2 18 4 1 0 10 1 9 24 2 71 121 1 32 14 8 15 6 0 1 68 8 21 7 3 0 0 1 0 0 0 0 0 4 0 0 1 13 1 9 5 1 6 4 1 5 1 11 2 1 5 0 3 16 27 6 2 34 1 1 4 4 2 5 3 2 1 1 13 10 0 5
1 0 1 0 0 2 0 0 0 0 0 3 0 210 35 6 54 14 3 4 19 53 8 40 13 1 91 98 39 1 1 24 332 7426 20 1071 847 1607 40 10 30 5 37 4 0 8 110 11 1 0 0 1 0 2 0 0 17 3967 1268 3923 18 14 44 41 127 0 29 1113 98 4 4 26 82 7 820 4 1 0 1 0 1 0 6 10 15 3 117 0 4 0 3 1 0 3 7 23 0 0 9 444 0 0 0 1 0 0 0 0 0 0 0 0 0 0 3 1 1 2 3 6 5 6 3 3 0 0 1 0 0 0 0 0 0 2 0 3 1 0 7 5 2 2 1 1 1 0 2 0 2 7 3 0 0 0 0 0 0 0 0 0 0 0 0 0 0 1 3 0 0 1 1 0 0 1 0 3 0 0 1 0 0 3 2 0 0 1 1 0 1 0 0 0 0 0 0 0 1 2 0 0
3 1 4 2 2 3 1 1 5 4 0 10 10 107 262 274 312 3487 356 311 40 135 115 1702 124 7 178 1169 91 4 17 22 287 166 12 6 58 1268 9845 24 2105 684 4342 191 21 1199 25 1134 192 58 13 10 6 25 32 2 77 142 7 18 7737 472 643 1772 6116 220 188 81 10621 156 204 123 561 28 258 5366 26 3 26 0 52 4 36 48 38 47 193 62 544 59 2982 342 35 228 1103 47 11 3 58 105 1 1 0 1 1 0 0 0 0 0 0 1 2 12 194 5 2 17 5 173 22 140 14 7 4 0 6 35 0 13 3 11 0 3 4 7 3 1 35 25 67 12 91 2 4 147 254 6 26 1424 22 28 30 10 4 18 0 2 1 2 0 1 0 0 14 4 259 428 26 86 4 7 21 3 38 652 6 20 610 43 5 10 11 7 67 13 1 16 25 3 0 69 77 10 1 0 0 1 0 1
5 1 7 3 5 3 6 6 5 4 0 10 20 29 49 55 11 194 64 20 33 298 35 103 224 15 49 42 161 1 13 7 56 60 7 5 12 76 40 24 545 39 436 62 62 94 16 7472 144 869 2 57 14 54 76 7 106 108 5 14 472 21089 8343 533 355 112 381 53 3591 9328 4301 43 85 46 288 1139 81 22 102 9 460 212 99 122 59 128 229 427 3345 391 2058 270 90 4821 2483 84 24 5 124 132 4 1 4 3 1 1 2 2 0 0 0 0 2 1 7 2 5 9 4 27 7 20 8 7 7 9 11 7 2 7 11 6 0 6 4 4 5 0 17 12 6 10 12 9 10 178 31 4 17 179 18 358 363 35 11 290 16 18 17 138 3 1 0 1 12 4 47 247 273 32 9 11 16 3 595 495 107 393 2020 115 5 10 10 7 603 25 94 240 980 2 4 1522 644 18 6 0 5 2 0 7
3 1 4 1 9 0 0 1 1 1 1 13 6 199 152 37 23 338 67 20 42 332 41 299 477 17 135 75 426 3 51 23 107 165 17 15 69 97 49 53 183 27 2740 33 29 211 32 429 26 224 1 8 18 102 8 5 312 316 20 44 643 8343 22519 10721 3936 84 854 230 9771 1202 161 66 90 30 1072 432 31 10 47 1 31 7 69 185 91 209 662 26 383 110 1688 50 21 1017 2941 217 11 4 246 521 1 0 1 0 0 0 0 0 0 0 0 0 0 2 20 2 2 3 6 45 14 37 12 2 7 1 6 2 0 4 1 2 3 3 1 4 3 1 11 13 11 7 17 3 2 68 20 1 14 176 8 27 30 2 0 19 0 3 0 3 0 0 1 0 5 1 39 116 42 21 2 0 2 2 111 214 6 31 436 46 1 4 3 0 109 12 1 45 31 1 0 169 74 2 1 0 0 1 0 1
5 0 1 1 3 4 1 1 1 0 2 4 4 478 420 48 40 1996 188 26 24 132 34 1326 198 7 777 601 280 9 45 19 91 179 123 51 111 129 347 42 174 38 8770 14 2 1675 33 98 12 15 1 1 8 57 5 0 191 366 31 41 1772 533 10721 8748 4893 86 462 216 4441 128 17 37 61 18 952 51 6 3 13 1 9 0 21 92 57 84 442 4 58 12 776 29 9 136 2183 158 7 1 89 438 0 0 0 2 1 0 0 2 0 0 0 0 1 8 147 4 7 18 2 275 20 97 22 4 2 4 3 7 0 7 3 0 1 3 1 5 2 0 15 22 41 6 43 0 3 26 34 4 14 815 4 3 8 2 0 1 0 0 0 1 0 0 0 0 6 2 146 98 4 24 4 2 10 4 8 153 1 9 99 8 2 6 12 6 16 10 0 2 4 0 1 16 10 11 1 0 0 1 1 4
1 1 4 0 13 4 0 0 0 1 1 8 4 1192 2161 566 249 1955 108 111 60 128 18 196 64 10 486 3146 174 10 20 42 355 647 94 61 242 410 6015 26 288 54 762 25 2 821 25 371 21 19 4 4 6 28 4 0 127 825 35 127 6116 355 3936 4893 5636 116 161 244 12895 117 68 140 289 32 1622 398 1 1 21 0 25 1 34 60 45 41 356 8 68 18 645 39 6 47 415 246 4 0 57 537 3 3 1 0 2 1 1 1 0 0 0 0 4 22 290 6 12 30 16 597 46 181 32 13 11 5 10 30 2 21 6 5 3 12 6 15 7 2 59 69 118 30 147 3 14 88 117 9 47 1840 26 11 11 1 1 5 1 1 1 1 2 3 1 1 25 7 377 261 10 52 12 3 12 10 18 524 4 7 408 17 2 18 28 8 24 23 0 3 8 4 1 30 34 12 6 2 6 4 1 2
3 0 1 0 0 0 1 4 5 2 0 1 1571 3 6 8 5 490 896 12 4 6 9 40 10 1 4 17 5 1 0 2 7 3 1 1 1 89 19 3 202 45 230 591 2442 5357 1 57 42 1252 76 823 6 0 29 3 4 8 0 0 220 112 84 86 116 618 16 1 195 56 52 86 163 388 14 53 301 1204 636 491 198 1369 22 9 2 3 12 482 309 874 3029 85 16 50 207 1 58 5 4 6 0 0 0 0 0 1 1 1 0 0 0 1 0 3 216 1 0 8 2 101 23 100 5 0 2 0 0 7 0 0 1 0 1 1 0 1 4 0 13 4 12 1 12 3 1 89 116 23 45 515 7 16 18 8 1 14 17 8 22 15 1 0 0 0 6 2 53 168 29 649 0 1 5 1 41 164 14 16 438 24 1 4 29 3 40 5 12 16 35 0 0 42 53 3 2 0 1 0 1 1
376 218 620 317 1041 671 62 282 22 105 62 1144 4 46 23 5 21 70 18 9 148 332 105 715 1064 77 289 99 3444 631 2586 85 357 248 36 13 49 221 26 336 364 80 1140 46 5 113 215 46 74 31 9 28 101 1096 30 2 4322 557 30 29 188 381 854 462 161 16 19775 315 431 170 33 672 361 435 3470 50 196 1 312 1 20 3 548 2614 441 4477 1488 20 146 32 274 115 28 203 822 3510 132 63 1160 3131 34 12 80 61 12 24 7 4 10 6 6 54 4 2 3 3 9 1 10 13 50 13 26 25 26 0 12 4 2 4 34 2 28 92 7 55 5 0 138 125 1 26 3 26 34 4 3 1 61 17 47 5 6 8 0 6 6 19 2 5 20 39 4 11 7 7 8 9 8 2 81 21 6 25 9 26 20 3 46 4 83 101 92 9 12 122 4 5 9 9 46 9 19 10 28 5 37 10 0 9
8 0 4 2 7 6 1 1 0 0 3 12 0 629 61 13 68 50 29 21 61 283 71 894 599 98 487 140 73 7 10 17 284 1942 71 484 909 1016 25 695 141 34 498 55 4 48 955 13 28 4 0 1 21 38 3 1 136 1019 1060 1113 81 53 230 216 244 1 315 2197 243 26 10 105 338 150 826 8 6 1 47 1 2 1 71 104 79 181 622 5 16 3 47 7 6 29 173 65 1 0 217 662 1 2 2 3 0 1 0 1 0 0 0 0 8 9 4 10 19 3 18 3 81 30 54 18 15 1 7 7 2 4 1 0 6 17 2 22 15 0 71 93 1 27 4 2 12 11 0 0 44 24 32 4 2 1 1 1 0 1 0 0 1 5 0 1 5 7 4 13 3 1 14 6 4 9 4 15 1 3 11 0 6 29 25 3 3 31 0 2 5 4 5 1 7 1 5 0 15 5 0 5
2 2 6 1 10 7 0 1 1 0 2 13 8 540 947 348 212 1634 133 155 82 184 40 477 144 7 195 1120 272 19 33 68 461 611 64 29 175 573 4642 34 899 277 2739 67 40 636 33 5012 85 281 9 29 13 51 17 1 236 836 38 98 10621 3591 9771 4441 12895 195 431 243 13338 1162 1020 217 487 31 1640 6333 20 4 74 1 239 7 57 85 79 92 499 60 1006 148 3589 187 18 444 1897 257 8 4 106 567 0 1 2 1 0 1 0 1 0 1 1 0 3 12 102 4 11 27 11 162 35 80 21 15 8 6 7 25 0 17 7 5 2 9 5 11 7 1 45 56 40 22 71 3 19 204 152 8 44 1603 23 72 80 15 3 41 2 4 1 12 1 3 0 3 19 6 420 457 91 96 11 7 21 11 140 960 7 50 1475 102 3 17 16 5 179 30 5 46 46 1 5 228 161 21 3 1 7 2 0 7
24 12 26 6 4 10 14 22 4 23 6 19 4 25 28 39 10 96 29 19 16 171 36 58 112 5 12 12 94 17 4 2 21 24 2 2 4 21 12 18 663 32 212 22 19 38 6 956 158 268 82 788 59 33 246 20 43 31 3 4 156 9328 1202 128 117 56 170 26 1162 6166 2040 63 34 34 100 283 33 7 49 14 882 166 269 79 39 65 101 515 630 158 705 633 1611 1317 827 26 8 12 57 43 11 2 4 4 4 3 2 0 1 1 0 3 0 0 6 4 1 9 0 6 0 10 4 3 2 2 9 7 0 1 2 2 3 8 0 4 0 0 7 5 3 4 4 6 7 58 10 2 12 66 11 197 140 27 3 92 55 56 64 370 2 4 1 2 3 0 24 65 44 18 5 2 4 5 124 140 279 464 591 31 6 15 13 1 98 14 219 132 1201 1 6 419 307 3 4 1 1 1 1 1
21 5 21 0 5 8 12 27 6 15 1 12 14 10 15 16 4 58 10 8 9 33 8 12 9 0 7 13 23 6 1 3 27 23 0 0 3 29 20 1 526 14 56 35 25 28 1 6963 62 295 23 583 46 15 177 15 4 12 2 4 204 4301 161 17 68 52 33 10 1020 2040 5876 47 44 44 39 874 64 19 58 30 4082 112 217 56 11 16 14 2910 4104 440 1331 473 322 590 180 18 22 5 11 23 7 0 7 4 2 1 1 1 2 0 0 1 0 1 2 4 1 3 3 9 2 9 1 6 3 4 0 6 2 2 2 2 0 4 0 6 0 2 6 7 5 7 1 7 9 64 7 2 9 40 5 241 193 21 0 111 67 36 93 466 4 2 0 1 1 0 19 75 66 16 10 1 6 2 156 128 338 605 654 32 5 10 10 2 141 23 297 212 1615 0 6 542 351 7 4 1 1 0 0 6
277 199 414 262 1064 1032 124 175 1008 704 1020 1897 174 35 22 16 23 192 140 10 900 1209 36 67 220 7 37 60 1836 1152 333 329 1490 295 8 4 30 389 89 22 1122 14 73 118 244 341 32 69 18 364 34 145 345 543 73 23 109 715 42 26 123 43 66 37 140 86 672 105 217 63 47 4702 1289 1331 672 49 3338 937 4924 91 93 402 852 1022 1093 332 141 221 277 456 258 128 58 40 80 2510 6613 1319 343 74 119 92 313 388 58 184 31 18 46 53 98 398 3 6 10 6 14 7 14 10 70 52 44 64 62 4 9 5 0 4 179 2 155 399 13 121 13 0 255 190 12 44 3 55 74 17 7 0 139 30 142 8 7 17 0 7 28 41 4 20 58 84 14 26 27 9 4 13 3 5 208 63 26 59 9 15 39 12 36 4 270 246 164 37 5 344 12 3 23 27 101 11 26 29 173 26 82 23 3 45
