46514 13545 11264 5334 1178 6285 8463 10159 101 1143 150 3985 0 2 3 8 1 6 1 3 102 110 7 5 13 2 10 29 8462 4383 110 98 78 7 1 0 5 3 31 5 470 3 24 0 3 9 1 37 97 2 114 219 1590 1179 246 105 42 4 3 0 12 34 31 27 21 1 295 3 126 68 29 143 18 11 37 30 52 0 67 2 182 4 2213 827 893 144 17 87 49 9 52 511 181 227 39 156 112 1307 14 15 21 4 49 24 11 99 0 6 24 20 181 127 1 0 0 4 1 1 1 0 9 3 3 5 11 2 3 0 1 1 27 0 31 86 1 10 0 2 14 5 0 4 0 6 6 0 1 0 2 1 1 0 0 0 0 3 0 3 0 2 3 1 3 1 3 1 1 0 0 0 12 2 3 3 1 2 1 4 4 0 178 35 2 1 0 59 6 0 5 3 10 1 0 2 71 5 13 3 0 3
13545 15699 6701 11482 1720 8068 47 338 12 134 61 2120 0 0 0 1 0 1 0 1 42 49 1 0 2 0 1 11 318 3799 479 37 23 5 0 0 1 1 6 4 143 0 8 0 1 1 0 16 24 0 20 31 76 89 21 42 29 0 0 0 9 10 22 16 13 1 75 1 21 13 6 49 4 6 8 6 26 0 23 0 21 0 287 143 273 42 3 13 7 4 12 73 32 45 11 35 26 28 17 4 6 2 13 10 4 46 0 1 11 11 82 66 0 0 0 0 1 0 2 0 2 1 1 2 3 0 0 0 0 0 6 1 12 32 0 4 0 1 2 2 0 0 0 2 7 0 0 0 1 0 0 0 0 0 0 0 0 0 0 0 0 0 0 1 2 1 0 1 0 0 7 2 0 0 0 1 0 0 1 0 74 15 0 0 1 16 1 0 1 1 4 1 0 0 24 1 5 0 0 0
11264 6701 14210 14220 204 11863 582 9576 248 4110 788 29159 1 2 2 2 0 4 1 2 131 102 3 10 14 1 5 17 1418 455 57 25 46 8 0 0 3 2 16 5 600 2 32 1 4 0 4 25 144 3 129 198 670 619 150 199 42 2 0 0 14 56 54 42 26 1 362 1 81 94 28 245 14 12 31 8 154 0 131 3 221 3 2018 761 1262 193 23 119 58 15 29 592 231 285 48 64 162 265 35 17 24 6 123 38 16 213 1 9 43 22 311 237 0 0 0 0 4 0 2 0 4 0 1 6 9 0 0 0 0 1 35 0 35 158 0 19 4 2 19 6 1 2 0 13 10 0 1 0 4 0 2 0 1 1 0 1 1 0 1 1 4 2 1 2 11 2 0 0 0 0 29 5 6 2 0 1 0 0 1 3 238 43 2 1 1 104 1 0 4 1 13 0 0 5 116 4 22 1 0 1
5334 11482 14220 18909 7698 12277 64 259 18 125 83 5302 0 1 0 2 0 3 1 0 67 75 4 1 8 1 5 15 396 2248 448 84 48 7 0 1 3 2 4 10 197 1 8 0 0 4 0 8 20 0 24 26 67 99 18 70 26 3 1 0 5 18 34 19 18 0 96 1 35 13 5 61 5 7 19 12 15 0 24 0 30 0 330 162 431 66 15 23 19 3 21 114 39 59 18 51 47 29 23 2 4 0 33 16 2 57 1 2 11 7 84 74 0 0 0 0 1 0 0 0 4 1 3 2 0 0 1 0 0 0 11 0 7 44 0 5 0 0 4 3 0 0 0 2 2 0 0 0 1 3 0 1 0 1 0 0 0 0 0 1 2 0 0 0 3 0 0 0 0 0 5 1 0 0 0 0 0 0 0 0 74 11 3 0 0 29 0 0 1 0 1 0 0 3 48 1 8 1 0 1
1178 1720 204 7698 17950 6731 426 81 23 76 45 2016 0 10 5 23 2 29 3 0 75 109 11 9 12 0 21 105 3672 9780 7747 778 442 33 1 1 16 10 118 14 136 2 77 1 2 27 7 108 21 1 14 38 292 295 48 30 2583 17 10 3 69 40 139 93 73 1 595 7 371 18 37 160 27 9 101 219 10 0 75 1 26 1 373 232 263 56 19 22 43 9 235 67 31 39 56 3481 50 210 25 85 7 2 7 9 4 50 0 2 6 2 63 37 1 0 4 1 3 2 1 1 16 4 10 4 7 0 0 0 0 0 7 0 12 41 0 12 0 0 26 7 0 4 0 2 11 2 3 1 17 3 0 0 1 0 0 0 0 0 0 1 0 1 0 0 6 0 0 0 2 0 6 1 0 1 2 0 0 1 20 2 63 28 6 0 3 33 2 0 0 1 6 9 0 1 32 2 7 1 0 0
6285 8068 11863 12277 6731 24945 303 323 63 387 280 15593 4 5 10 22 1 25 6 4 265 311 9 14 36 2 23 96 1306 3996 877 5113 2340 40 2 0 10 9 111 14 463 7 68 1 11 43 13 99 69 5 45 69 189 250 45 185 131 21 0 6 56 54 215 95 77 0 284 7 352 34 36 501 46 23 94 232 77 1 172 1 76 2 809 418 1027 153 41 59 82 10 256 226 79 136 93 773 274 165 54 43 25 8 72 46 14 204 1 11 45 24 268 225 0 0 0 1 2 1 10 0 15 0 13 13 12 0 2 0 1 1 31 1 28 187 0 34 1 2 34 18 0 8 0 10 20 3 4 2 8 7 4 1 0 1 0 2 2 3 0 0 8 8 1 6 17 6 4 2 1 1 30 4 6 2 2 10 0 0 20 6 302 60 7 2 3 97 0 1 5 0 18 11 0 2 153 5 27 1 0 0
8463 47 582 64 426 303 8316 4479 853 2429 437 590 1 0 1 1 0 3 0 0 7 24 0 0 4 0 1 9 3399 1287 67 13 20 6 2 0 2 2 17 0 34 1 6 0 1 4 2 15 6 2 9 31 2346 775 225 12 12 0 1 0 9 13 10 7 8 0 24 0 34 4 7 75 1 4 7 24 56 5 35 0 23 1 501 95 56 12 1 8 6 2 26 42 17 15 6 119 303 4191 5 4 6 1 6 5 2 23 0 2 1 4 28 29 0 0 0 0 0 0 0 0 0 0 2 0 1 0 1 1 0 0 2 0 3 19 1 4 0 1 5 3 0 1 1 1 1 1 0 0 0 0 0 0 0 0 0 0 1 1 0 0 2 1 0 1 1 0 1 0 0 0 1 0 0 0 0 2 0 0 3 0 31 7 1 1 0 10 0 0 0 1 1 1 0 0 12 1 2 0 0 0
10159 338 9576 259 81 323 4479 24468 2125 23983 357 2501 0 1 0 0 1 0 1 1 16 15 1 1 4 0 1 2 1458 276 14 10 9 3 1 0 0 0 4 2 244 0 5 0 0 2 2 5 40 2 91 159 1260 770 193 48 15 4 0 1 3 19 9 5 2 0 180 1 12 55 16 57 7 10 7 4 72 0 45 2 132 2 1711 534 400 67 10 56 29 6 11 289 131 131 14 30 104 856 4 6 5 1 20 13 2 23 0 2 6 4 53 43 0 0 0 0 0 0 1 0 1 1 0 3 4 0 0 0 0 0 7 0 6 31 0 14 0 0 8 2 0 0 0 0 3 0 1 0 5 0 0 0 0 0 0 1 1 1 0 1 3 2 1 0 3 0 0 0 0 0 4 1 1 1 0 0 0 3 1 0 47 12 4 0 0 21 1 0 6 1 2 0 0 1 17 1 3 1 0 0
101 12 248 18 23 63 853 2125 1757 5276 1158 705 2 0 1 0 0 0 1 0 18 29 2 0 3 0 0 0 75 44 3 27 38 3 0 0 0 0 3 0 22 0 1 3 30 1 1 2 4 58 3 14 189 61 21 4 12 2 0 0 1 2 2 0 0 24 36 0 1 3 4 527 26 113 15 3 532 11 322 17 27 69 111 48 43 5 18 34 24 31 16 13 6 8 1 36 2244 1463 10 8 7 1 15 4 4 46 0 9 5 6 55 47 0 0 0 0 0 1 0 0 0 1 0 5 7 0 2 0 0 0 14 0 9 66 0 12 2 0 16 2 0 2 0 3 4 0 0 0 3 0 0 1 0 1 0 0 1 2 0 4 4 0 0 3 6 0 2 0 0 0 16 5 1 0 1 3 0 0 0 0 74 54 10 2 1 48 1 0 4 0 7 1 1 0 42 1 15 3 0 1
1143 134 4110 125 76 387 2429 23983 5276 51569 21184 28599 1 2 2 2 0 1 2 1 75 66 2 2 10 2 5 5 801 222 17 52 69 4 0 0 2 3 11 4 207 0 9 4 0 4 0 9 39 7 69 102 876 506 139 77 36 4 0 0 5 23 23 17 6 3 184 2 28 31 10 906 11 29 19 10 5314 2 418 3 91 10 1145 410 399 67 8 57 29 5 26 181 89 109 34 68 3687 1992 24 12 85 13 173 117 25 581 6 10 101 95 797 583 1 0 1 0 0 1 0 0 4 2 3 21 23 0 1 0 1 1 98 0 86 405 3 43 2 0 16 3 1 5 0 20 34 1 1 0 7 3 4 1 1 3 1 0 2 8 1 3 22 13 5 9 30 2 8 1 0 0 54 10 9 4 0 1 3 1 4 8 619 107 4 0 0 211 1 0 5 9 42 3 0 4 338 9 46 9 0 1
150 61 788 83 45 280 437 357 1158 21184 5857 5709 3 1 0 2 0 2 3 0 25 27 2 1 6 0 1 1 163 65 10 21 40 1 0 0 0 1 8 3 54 1 4 0 2 7 1 3 8 1 5 11 85 61 19 17 10 2 0 0 6 2 7 6 1 4 51 1 19 1 2 1074 3 15 2 10 1096 0 460 1 7 4 120 73 67 15 6 6 6 2 21 31 9 16 4 30 1827 440 3 1 35 7 100 69 10 305 2 7 82 49 474 331 0 0 1 0 0 0 2 2 0 2 3 8 10 0 1 0 0 0 46 0 39 170 1 29 0 0 9 1 1 0 0 8 14 0 0 2 1 1 0 0 0 1 0 0 1 1 0 0 7 8 1 3 13 0 4 0 0 0 18 7 2 0 0 2 1 0 4 0 254 33 3 1 1 99 2 0 0 4 25 1 1 1 196 12 18 1 0 2
3985 2120 29159 5302 2016 15593 590 2501 705 28599 5709 50995 8 8 8 30 1 39 12 10 504 626 19 11 76 4 28 141 1410 1676 206 1360 2565 66 2 1 10 8 132 48 881 5 80 5 12 82 16 122 130 7 122 114 469 549 110 327 133 76 4 3 80 92 236 132 121 0 624 17 368 81 47 2151 169 62 210 179 502 4 594 2 167 2 1662 873 1902 309 82 111 88 33 306 456 140 242 95 1472 2366 603 123 66 195 49 493 269 76 1279 7 40 258 197 1782 1422 1 1 5 5 2 6 9 4 19 11 13 50 56 0 7 0 3 1 185 2 184 763 4 99 5 10 89 20 6 22 0 45 72 1 8 0 20 10 15 0 0 5 1 4 3 9 1 0 27 23 11 13 75 7 9 2 1 0 129 27 22 7 1 13 2 1 19 11 1276 277 12 2 7 490 1 0 7 12 94 6 5 16 798 29 98 8 2 6
0 0 1 0 0 4 1 0 2 1 3 8 7968 0 0 5 2 465 2017 48 0 4 1 0 0 1 3 0 2 1 0 3 6 0 0 0 3 14 3 2 17 4 17 5544 3324 2525 2 12 9 231 0 18 0 0 1 0 0 1 0 0 34 48 34 3 2 2246 1 0 11 22 16 84 289 902 0 10 179 253 770 26 56 90 0 0 3 1 0 157 202 1099 622 1 0 9 56 5 26 1 0 0 0 2 0 0 2 3 0 5 0 0 1 0 6 19 2204 3 1 71 3 841 54 1147 60 1 0 2 2 17 0 34 10 2 4 39 3 7 0 1 40 53 172 2 77 0 2 46 493 344 402 1484 4 11 24 0 3 47 3 0 4 6 0 0 3 0 1 2 122 137 23 96 2 1 3 0 26 173 4 9 387 25 25 64 77 2 26 118 6 4 71 0 1 129 10 5 40 1 0 0 1 0
2 0 2 1 10 5 0 1 0 2 1 8 0 3165 7112 216 545 69 2 120 6 8 34 339 3 9 1737 988 48 28 47 13 14 146 1639 5239 1125 13 121 166 140 8 267 0 0 1 40 2 11 0 0 0 2 2 0 1 39 218 1045 1091 14 4 13 173 94 0 21 107 58 1 3 1 5 0 266 3 0 0 1 0 0 0 5 5 5 1 21 0 0 0 3 3 0 5 10 222 0 0 0 2 0 0 0 0 0 0 0 0 0 0 0 0 0 0 0 3 0 0 0 1 3 4 5 0 0 0 1 0 0 0 0 0 2 0 0 1 0 0 1 1 0 1 0 0 0 0 0 0 1 1 0 0 0 0 0 0 0 0 0 0 0 0 0 0 0 0 0 0 0 0 0 0 0 0 0 0 0 0 1 0 0 0 0 0 0 1 0 0 0 0 0 0 0 0 1 0 0 0 0 0
3 0 2 0 5 10 1 0 1 2 0 8 0 7112 20266 9992 978 5874 16 1085 68 104 521 280 6 12 975 4585 38 33 50 21 49 148 474 1913 1090 22 1035 59 1544 82 293 6 1 10 56 14 128 1 1 1 5 5 5 4 24 152 573 416 59 17 33 168 374 0 23 54 321 8 2 13 40 6 209 52 1 0 6 0 5 0 12 5 9 4 17 4 1 2 16 40 4 41 65 218 2 1 8 0 0 0 0 1 0 1 0 0 0 0 0 0 1 0 6 0 3 2 2 5 10 10 9 0 0 0 2 0 0 1 0 0 0 0 0 1 0 0 5 5 1 1 2 0 0 0 2 0 2 3 0 0 0 0 0 0 0 0 0 1 0 0 0 0 0 0 0 0 0 0 0 0 0 0 0 2 0 0 3 0 1 2 1 0 0 2 0 0 1 0 0 0 0 0 0 0 1 0 0 0
8 1 2 2 23 22 1 0 0 2 2 30 5 216 9992 10672 614 9819 1362 3340 26 78 83 278 7 13 314 3248 84 45 58 53 207 490 8 107 830 146 1045 54 809 95 354 30 3 90 27 9 213 2 0 1 3 6 4 3 36 227 17 165 103 27 12 61 138 0 17 61 105 25 4 60 205 12 384 70 3 0 22 0 4 1 21 6 20 10 10 16 27 8 52 65 8 101 213 644 4 2 6 4 0 1 0 0 1 0 0 1 0 0 1 1 7 8 339 1 0 57 2 259 19 744 40 2 2 0 0 1 0 25 0 0 2 10 0 6 0 0 17 9 66 4 17 0 3 1 3 55 105 110 0 1 4 0 0 1 0 0 0 0 0 0 0 0 0 2 9 17 5 5 1 1 0 0 2 32 2 1 6 1 10 26 24 0 1 52 0 0 7 0 0 5 1 1 10 0 1 0 0 0
1 0 0 0 2 1 0 1 0 0 0 1 2 545 978 614 2369 393 704 2949 42 102 208 67 17 11 120 299 2 0 3 2 10 7 65 207 3269 91 253 144 768 19 64 5 0 12 70 4 18 0 1 0 3 1 0 1 7 5 114 7 36 1 7 60 42 0 5 5 55 2 0 3 11 38 7 14 0 0 1 0 1 0 5 0 13 8 10 0 1 0 11 7 2 14 29 6 2 0 3 2 0 0 0 0 0 0 0 1 0 0 1 0 28 1 10 26 9 11 51 1 154 35 96 8 10 1 6 2 3 8 0 0 1 6 0 3 13 26 26 86 3 29 0 1 5 5 0 0 91 4 10 1 1 0 1 1 0 0 0 1 1 1 0 0 0 27 0 3 1 0 1 2 0 8 1 1 0 0 1 1 6 18 13 4 2 33 1 0 1 1 0 1 0 0 1 0 5 1 0 1
6 1 4 3 29 25 3 0 0 1 2 39 465 69 5874 9819 393 13463 6419 2314 16 98 85 982 18 11 1180 616 41 33 22 34 368 420 15 30 1531 675 4981 83 2230 300 2213 1044 79 3227 26 45 388 6 1 6 3 3 25 12 34 59 15 44 5010 69 144 905 210 31 38 24 279 25 8 224 1292 109 115 504 7 0 274 5 15 4 44 11 21 13 12 34 53 30 639 179 19 187 421 322 5 3 10 5 1 2 0 2 5 6 0 18 0 0 4 9 22 52 2353 16 10 159 18 1019 136 1965 120 7 3 7 4 29 1 105 3 1 17 63 1 20 2 8 85 101 415 10 182 6 10 96 329 625 599 1403 9 7 6 1 4 12 1 0 2 9 0 1 0 1 3 8 204 341 38 47 4 4 1 2 44 397 8 7 186 39 48 108 88 8 16 245 0 3 32 3 0 18 5 3 101 1 8 0 1 6
1 0 1 1 3 6 0 1 1 2 3 12 2017 2 16 1362 704 6419 41270 4273 23 153 31 139 30 12 129 72 2 5 5 6 91 38 3 1 972 824 75 230 269 38 302 11477 622 3833 57 6 71 70 1 16 2 1 1 3 8 7 5 3 559 26 42 112 38 99 15 21 29 15 4 200 1926 1608 7 34 17 75 668 30 35 70 13 8 26 18 21 46 100 338 965 18 2 49 125 14 10 0 14 1 1 3 0 2 5 6 0 14 2 0 3 14 205 91 2395 154 87 578 161 1327 910 6093 982 66 52 18 26 32 18 163 7 2 5 99 4 30 49 117 229 425 273 143 104 4 52 62 124 392 1332 948 89 6 7 0 2 26 0 3 2 5 2 6 1 0 5 148 61 130 29 33 24 14 2 17 21 107 6 5 163 14 113 338 457 22 10 831 3 1 43 16 4 45 4 7 122 3 33 9 2 11
3 1 2 0 0 4 0 1 0 1 0 10 48 120 1085 3340 2949 2314 4273 3792 65 273 275 243 72 54 71 129 5 4 4 1 19 44 12 13 959 136 766 852 782 77 257 408 24 153 161 8 129 3 2 1 1 1 6 2 41 14 26 10 335 23 15 21 16 0 35 22 97 18 6 27 134 252 16 152 9 2 45 2 6 2 29 13 41 28 45 11 19 19 118 24 4 57 131 23 9 0 42 2 0 0 0 0 1 2 0 10 0 0 0 1 316 88 72 197 62 70 132 33 619 458 596 24 23 20 19 31 20 126 4 5 6 29 0 10 71 130 113 274 11 130 11 4 29 64 13 7 489 42 129 4 3 1 6 4 2 5 0 2 0 0 0 0 1 160 5 65 5 2 22 10 6 16 3 9 3 1 23 3 39 182 137 25 7 450 2 1 14 7 2 5 10 5 91 1 15 5 2 8
102 42 131 67 75 265 7 16 18 75 25 504 0 6 68 26 42 16 23 65 7678 7246 1292 87 272 59 11 9 137 147 62 114 382 223 2 1 63 65 11 258 1070 24 156 47 1 7 55 5 25 1 3 5 16 27 3 749 90 74 3 4 12 27 31 18 3 1 84 15 22 13 4 262 213 41 162 13 84 0 166 0 7 0 230 37 1565 72 102 6 13 1 33 22 6 23 111 373 132 26 236 22 1 1 1 2 3 9 0 6 2 0 11 6 1 0 0 5 7 2 11 0 24 6 23 13 21 0 2 0 0 0 7 0 5 43 2 34 2 7 66 44 1 5 0 3 21 2 1 1 24 0 3 0 0 1 0 0 0 1 0 1 2 2 0 0 9 11 0 0 0 0 13 6 3 0 0 1 0 0 0 0 31 57 13 1 0 48 0 0 1 3 6 0 1 0 20 0 19 2 0 1
110 49 102 75 109 311 24 15 29 66 27 626 4 8 104 78 102 98 153 273 7246 28881 5021 584 7138 2713 39 20 242 236 112 166 1034 563 0 3 318 262 50 3923 1260 196 1732 189 2 40 144 17 225 5 10 16 28 70 10 156 260 112 12 9 70 347 427 151 27 1 426 39 85 100 19 705 772 112 355 45 175 1 389 0 21 4 493 259 4986 1037 705 48 32 14 141 87 24 186 1396 589 253 38 3111 97 3 0 2 1 6 8 0 9 0 1 12 11 4 2 1 18 26 7 55 1 147 14 72 51 44 5 14 1 3 4 11 1 7 89 3 92 8 29 190 171 1 30 0 6 43 5 0 0 106 3 26 0 2 0 0 1 1 1 1 1 5 2 1 0 13 30 0 1 0 0 26 13 5 10 0 1 0 1 5 0 80 135 33 5 2 113 0 0 7 9 7 5 0 1 38 3 38 6 0 4
7 1 3 4 11 9 0 1 2 2 2 19 1 34 521 83 208 85 31 275 1292 5021 12969 6840 735 4799 81 7 25 9 18 6 119 167 15 7 286 120 23 3404 9474 1941 2026 33 5 24 124 9 368 0 2 4 5 20 11 10 142 12 6 2 53 172 142 40 8 0 171 20 31 48 13 45 125 11 12 13 13 0 25 0 16 0 62 69 164 180 84 25 21 12 95 100 17 132 819 30 16 1 227 19 0 1 0 0 0 0 0 0 0 0 1 1 0 1 0 0 1 0 3 0 5 1 7 3 1 0 0 0 0 0 1 0 0 3 2 3 0 1 8 12 0 3 0 0 1 0 0 0 4 2 1 0 0 0 0 1 2 0 0 0 0 1 0 0 1 1 1 1 1 0 1 1 0 2 1 0 1 0 9 1 4 7 5 0 0 5 0 0 2 0 1 3 1 0 4 0 0 0 0 0
5 0 10 1 9 14 0 1 0 2 1 11 0 339 280 278 67 982 139 243 87 584 6840 19836 249 4508 4815 154 70 10 116 7 60 316 3468 473 299 42 151 6388 2857 3059 3493 15 3 262 1545 10 266 1 1 1 12 37 10 10 364 227 604 217 428 29 63 281 27 0 288 450 79 20 5 23 59 9 117 16 4 0 21 0 9 0 54 79 83 198 180 10 18 7 133 71 6 81 234 72 5 0 153 15 0 1 0 0 0 0 0 0 0 0 0 0 1 0 3 1 2 3 7 1 25 3 26 5 2 0 0 0 0 1 1 0 0 2 0 4 0 0 9 14 0 1 0 0 2 0 0 0 7 4 0 0 0 0 0 0 0 0 0 0 0 0 0 0 0 1 2 0 0 0 0 0 1 0 2 1 0 1 4 2 1 1 5 0 0 4 0 0 1 0 0 2 1 0 0 0 1 0 0 0
13 2 14 8 12 36 4 4 3 10 6 76 0 3 6 7 17 18 30 72 272 7138 735 249 8005 996 43 36 37 24 35 15 106 81 4 1 34 25 26 3116 293 43 756 37 4 19 167 7 18 3 7 8 17 49 7 46 283 25 5 8 62 161 618 261 64 0 458 17 178 26 8 78 130 51 48 15 46 0 70 0 13 1 222 192 1142 976 1643 9 13 6 113 33 10 35 505 70 31 3 2901 468 0 2 0 0 0 1 0 2 0 0 2 4 2 0 0 4 18 2 23 0 43 5 30 11 10 2 7 0 0 0 0 0 0 29 3 34 1 2 83 57 0 6 0 2 11 2 1 0 37 1 2 0 0 1 0 1 0 1 0 0 1 0 0 0 4 12 2 0 1 0 3 4 1 1 0 0 0 1 5 0 20 41 18 2 0 20 0 0 2 4 1 1 0 0 7 0 9 0 0 2
2 0 1 1 0 2 0 0 0 2 0 4 1 9 12 13 11 11 12 54 59 2713 4799 4508 996 1697 198 1 2 0 3 0 9 8 515 5 23 9 5 1284 495 72 347 11 0 3 46 1 27 0 0 0 1 4 0 1 13 2 7 3 12 23 33 12 3 0 36 4 8 6 0 8 18 5 2 1 0 0 3 0 2 0 16 20 69 64 13 2 2 1 14 12 0 11 133 2 1 0 82 6 0 0 0 0 0 0 0 0 0 0 0 0 0 0 1 3 1 1 4 0 9 2 9 0 0 0 0 0 0 0 0 0 0 1 0 0 0 0 0 3 0 0 0 0 0 0 0 0 6 0 0 0 0 0 0 0 0 0 0 0 0 0 0 0 0 0 0 0 0 0 0 0 0 0 0 0 0 0 1 0 0 3 0 0 0 1 0 0 0 0 0 0 0 0 1 0 1 0 0 0
10 1 5 5 21 23 1 1 0 5 1 28 3 1737 975 314 120 1180 129 71 11 39 81 4815 43 198 16048 5777 172 40 238 7 32 336 5255 790 511 33 94 642 572 54 1808 5 1 79 562 7 38 0 3 2 12 43 3 3 338 468 767 482 105 8 62 1168 222 0 265 384 83 4 0 6 15 7 339 9 1 0 4 0 1 0 39 73 20 52 134 5 9 1 25 21 2 18 31 257 3 2 36 19 0 0 0 0 0 0 0 0 0 0 0 0 0 2 11 5 2 5 2 12 16 9 20 1 3 0 0 0 0 0 0 0 0 1 0 0 1 1 3 4 5 0 0 0 1 0 0 2 5 11 2 0 0 0 0 0 0 0 0 0 0 0 0 0 0 0 0 0 1 0 1 0 1 0 0 0 0 1 1 0 0 2 0 0 0 5 0 0 0 0 0 0 0 0 0 0 0 0 0 0
29 11 17 15 105 96 9 2 0 5 1 141 0 988 4585 3248 299 616 72 129 9 20 7 154 36 1 5777 12968 502 281 561 126 169 588 141 189 472 57 5159 50 182 27 819 1 1 163 167 20 21 1 4 2 33 61 7 3 417 1063 135 652 292 15 92 1183 2646 0 273 467 234 6 2 40 74 4 1276 51 1 0 9 0 4 0 58 55 44 22 140 1 12 0 62 22 5 18 30 1903 7 5 11 31 0 0 0 0 0 0 0 0 0 1 0 1 0 1 99 0 0 2 3 86 13 48 6 0 4 0 0 1 0 3 0 0 0 3 1 4 1 1 9 12 16 1 14 1 0 11 36 19 17 176 1 1 0 0 0 0 0 0 0 0 0 0 0 0 2 0 34 33 4 1 0 2 0 0 4 72 1 1 47 8 1 8 1 1 6 16 0 0 4 1 0 4 3 1 11 0 0 0 0 0
8462 318 1418 396 3672 1306 3399 1458 75 801 163 1410 2 48 38 84 2 41 2 5 137 242 25 70 37 2 172 502 38356 11820 3912 226 370 81 14 6 36 13 370 45 278 9 407 6 9 33 41 165 43 2 95 173 6182 13259 473 87 4517 56 30 13 105 222 1103 675 405 1 7204 36 1091 64 84 544 82 60 490 280 178 1 333 2 159 1 3555 3939 537 101 80 64 74 9 275 309 127 114 274 2805 235 4756 65 409 12 6 42 38 18 98 1 12 20 19 144 119 1 0 1 1 8 1 9 1 28 4 16 31 31 1 6 0 0 2 38 0 32 199 2 76 3 9 86 55 0 13 1 12 32 1 7 0 34 6 14 1 4 2 0 5 2 0 1 5 4 9 2 4 32 12 1 3 3 0 36 9 17 4 2 4 1 0 27 1 309 180 16 3 3 177 1 0 9 5 15 9 3 3 120 3 50 1 0 6
4383 3799 455 2248 9780 3996 1287 276 44 222 65 1676 1 28 33 45 0 33 5 4 147 236 9 10 24 0 40 281 11820 21261 5280 392 344 59 3 4 31 14 290 16 267 9 87 6 10 22 21 203 47 4 53 103 1460 1215 161 73 4162 29 33 7 95 121 236 113 151 0 523 17 834 56 88 272 46 20 155 345 37 0 105 2 112 0 1400 583 507 96 33 65 88 9 299 210 81 91 110 2645 118 908 46 77 7 6 32 23 7 92 0 3 20 25 139 122 0 0 1 3 5 0 5 0 28 1 10 9 18 1 3 0 0 0 35 0 21 117 0 36 3 7 39 26 0 11 0 9 16 4 7 0 22 4 9 1 2 0 0 5 2 1 1 2 1 4 1 4 5 9 1 4 3 1 18 6 2 3 1 4 0 1 27 5 189 61 7 1 4 66 0 0 4 2 8 10 4 2 92 4 28 2 0 0
110 479 57 448 7747 877 67 14 3 17 10 206 0 47 50 58 3 22 5 4 62 112 18 116 35 3 238 561 3912 5280 16718 65 98 37 20 8 17 7 308 50 148 14 485 7 6 34 77 108 15 1 21 24 213 416 26 35 14674 45 40 7 94 95 799 821 487 0 1777 30 895 21 33 61 33 21 2593 118 10 0 22 1 33 1 381 419 304 131 137 18 30 5 148 72 16 29 186 6044 23 58 323 5558 2 1 2 0 2 3 0 0 1 0 11 7 1 0 0 1 0 0 7 0 18 1 19 8 8 0 2 0 1 0 2 0 0 24 1 17 1 2 43 21 0 6 0 1 4 2 4 0 10 3 0 0 1 0 0 2 0 0 0 0 0 1 1 0 1 1 0 3 2 1 2 0 0 0 0 5 0 0 16 1 17 14 5 1 2 15 0 0 2 1 1 5 0 0 4 0 4 0 0 1
98 37 25 84 778 5113 13 10 27 52 21 1360 3 13 21 53 2 34 6 1 114 166 6 7 15 0 7 126 226 392 65 6112 10400 1323 1 0 42 13 150 5 155 3 17 1 5 30 33 28 6 2 6 18 46 73 8 22 66 5131 48 18 53 19 28 19 32 2 86 119 141 5 15 496 84 16 2123 133 20 0 108 0 17 1 147 75 144 35 29 12 24 6 189 28 13 17 23 8748 99 33 23 39 10 3 11 12 9 56 1 2 10 5 66 64 0 0 3 1 1 0 1 1 8 4 6 12 18 1 2 1 0 0 14 1 19 93 1 47 0 2 34 10 0 2 1 8 13 2 2 0 8 3 2 0 0 1 0 3 2 2 0 1 4 3 0 2 16 1 3 3 0 0 15 3 6 0 0 0 1 0 13 1 134 78 9 1 1 65 0 0 1 2 19 1 0 1 56 0 25 1 0 2
78 23 46 48 442 2340 20 9 38 69 40 2565 6 14 49 207 10 368 91 19 382 1034 119 60 106 9 32 169 370 344 98 10400 13580 6103 5 2 125 1222 386 180 685 15 114 47 5 101 250 44 30 1 13 28 76 128 18 32 167 3505 104 35 209 18 45 50 41 1 260 642 203 11 15 3423 3302 99 2928 208 61 0 177 0 28 6 321 194 357 90 270 13 13 8 236 66 19 33 30 7519 196 41 140 94 7 6 18 16 18 85 1 23 13 14 101 102 5 1 12 4 37 4 10 5 91 14 28 103 125 3 16 1 1 3 37 11 31 334 19 279 16 18 335 107 4 75 1 26 91 5 7 3 116 17 64 0 1 6 1 2 3 7 1 1 10 12 5 2 45 42 5 9 2 0 109 42 49 18 4 19 4 0 19 4 286 459 36 33 6 335 0 0 7 24 40 7 4 5 193 3 158 11 2 12
7 5 8 7 33 40 6 3 3 4 1 66 0 146 148 490 7 420 38 44 223 563 167 316 81 8 336 588 81 59 37 1323 6103 6610 153 133 3300 1851 575 538 612 18 355 10 2 14 2041 15 19 0 4 9 21 40 7 9 68 5272 1769 2790 106 10 104 379 203 0 105 3361 258 4 0 120 287 49 3334 163 10 0 23 1 10 1 101 66 101 44 280 6 3 0 66 22 8 15 53 1093 18 1 46 38 2 2 4 4 2 10 0 16 2 0 7 17 3 1 5 5 30 2 31 3 84 8 42 80 93 3 20 3 0 5 17 4 15 174 6 179 17 19 282 131 4 67 1 9 54 3 4 1 88 9 50 0 2 0 0 0 2 2 0 3 6 4 3 1 20 51 2 5 1 0 67 32 12 19 3 7 3 0 9 1 78 248 31 22 2 157 0 0 3 16 15 4 0 1 63 0 93 8 1 12
1 0 0 0 1 2 2 1 0 0 0 2 0 1639 474 8 65 15 3 12 2 0 15 3468 4 515 5255 141 14 3 20 1 5 153 2985 1163 484 18 11 561 76 8 583 2 0 4 581 1 12 0 0 0 0 0 0 0 13 65 968 363 2 3 8 87 35 0 6 92 14 3 2 1 5 9 42 1 0 0 0 0 0 0 2 1 1 0 6 0 2 0 3 3 0 2 16 44 0 0 0 0 0 0 0 0 0 0 0 0 0 0 0 0 1 1 0 5 1 11 5 1 20 9 23 0 0 0 0 0 0 2 0 0 0 0 0 0 0 1 0 8 0 1 0 0 0 0 1 0 14 0 2 0 1 0 0 0 0 0 0 0 0 0 0 0 1 0 0 0 0 0 0 0 0 1 0 0 0 0 0 0 0 2 1 0 0 5 0 0 0 0 0 0 1 0 1 0 0 0 0 0
0 0 0 1 1 0 0 0 0 0 0 1 0 5239 1913 107 207 30 1 13 1 3 7 473 1 5 790 189 6 4 8 0 2 133 1163 328 622 15 30 46 20 2 299 2 0 0 2420 0 0 0 0 0 0 1 0 0 9 33 3564 363 3 1 12 159 42 0 9 104 10 0 0 0 3 1 33 0 0 0 0 0 0 0 2 4 0 1 3 0 0 0 3 1 0 1 10 28 0 0 0 2 0 0 0 0 0 0 0 0 0 0 0 0 2 0 0 3 4 4 10 0 17 1 15 1 0 0 1 0 0 0 0 0 0 0 0 0 0 3 3 5 0 6 1 0 0 1 0 0 2 0 0 0 0 0 0 0 0 0 0 0 0 0 0 0 0 4 0 0 0 0 1 0 0 1 0 0 0 0 1 0 4 0 1 0 0 0 0 0 0 0 0 0 0 0 1 0 1 0 0 0
5 1 3 3 16 10 2 0 0 2 0 10 3 1125 1090 830 3269 1531 972 959 63 318 286 299 34 23 511 472 36 31 17 42 125 3300 484 622 4571 1955 347 439 1206 13 270 119 0 121 1435 1 14 0 0 1 2 6 0 3 22 202 1964 1090 327 4 41 280 108 0 24 503 70 1 1 18 79 57 212 25 4 0 11 0 1 1 13 15 38 17 31 3 4 0 25 11 0 7 19 363 3 1 24 5 1 4 1 1 6 4 0 3 0 0 2 10 62 11 2 75 102 19 139 5 554 55 232 99 141 9 50 11 15 17 6 5 6 58 3 32 92 149 131 347 3 236 1 3 57 19 4 2 422 10 140 0 1 0 1 0 2 2 0 1 2 8 0 2 4 276 3 18 3 0 48 32 4 64 1 7 3 5 4 1 49 97 32 21 0 149 2 0 9 20 6 4 4 1 15 0 59 12 3 29
3 1 2 2 10 9 2 0 0 3 1 8 14 13 22 146 91 675 824 136 65 262 120 42 25 9 33 57 13 14 7 13 1222 1851 18 15 1955 1845 188 249 483 13 53 1457 8 121 285 3 7 0 0 1 5 9 1 0 9 46 146 50 239 5 10 14 8 0 26 117 37 1 1 37 1866 106 52 72 6 1 16 1 2 4 16 13 51 33 31 0 3 3 65 6 1 9 13 101 3 0 22 3 2 2 4 3 8 7 0 2 1 0 5 11 16 8 9 34 92 10 80 4 409 32 118 127 162 12 58 6 7 11 18 9 10 93 12 104 65 89 269 322 3 211 1 12 102 14 6 0 314 8 148 2 1 1 0 0 0 2 0 0 6 8 0 0 6 196 1 22 1 1 77 41 4 60 2 4 0 0 9 2 54 145 48 24 1 139 0 0 4 36 14 2 2 2 21 2 102 17 6 15
31 6 16 4 118 111 17 4 3 11 8 132 3 121 1035 1045 253 4981 75 766 11 50 23 151 26 5 94 5159 370 290 308 150 386 575 11 30 347 188 10140 31 605 219 836 42 27 438 63 125 155 3 1 1 29 51 8 17 228 595 31 188 5745 138 528 945 3785 3 160 175 6785 24 40 201 599 6 891 1206 3 0 100 1 23 1 49 37 49 30 68 33 61 15 605 92 12 73 232 1902 7 6 13 20 0 2 0 0 1 1 0 7 0 0 1 0 1 1 271 0 5 3 0 73 17 33 11 4 6 1 1 10 0 3 7 6 3 12 1 7 2 3 19 8 33 11 38 0 3 84 483 40 34 779 2 7 13 2 3 12 0 3 1 3 0 0 0 2 3 4 192 251 41 5 5 9 3 1 42 678 4 11 509 104 10 27 3 4 92 64 1 1 26 4 0 79 11 6 27 0 6 0 3 0
5 4 5 10 14 14 0 2 0 4 3 48 2 166 59 54 144 83 230 852 258 3923 3404 6388 3116 1284 642 50 45 16 50 5 180 538 561 46 439 249 31 7299 1818 310 2457 212 6 42 1338 16 72 2 4 2 9 33 6 23 242 181 219 152 95 186 587 316 71 0 280 295 227 37 10 78 350 128 83 27 7 0 53 0 13 0 126 123 408 460 363 11 21 11 122 25 6 77 750 86 9 1 585 45 0 0 0 0 1 3 0 1 0 0 2 1 13 2 2 48 34 43 84 2 231 39 317 5 9 0 6 2 1 8 2 1 1 14 0 16 5 22 71 162 1 7 0 0 3 2 3 0 113 4 12 0 1 0 0 1 0 0 0 0 0 1 0 1 0 10 0 1 0 0 3 3 1 1 0 1 0 2 8 0 8 21 22 3 1 35 0 0 6 3 0 1 1 0 7 0 4 0 0 1
470 143 600 197 136 463 34 244 22 207 54 881 17 140 1544 809 768 2230 269 782 1070 1260 9474 2857 293 495 572 182 278 267 148 155 685 612 76 20 1206 483 605 1818 9873 4460 1746 143 56 545 157 151 2327 27 374 142 32 56 1360 1525 243 75 32 19 948 261 112 118 82 5 211 35 311 288 81 409 616 52 239 328 176 2 265 3 307 4 2541 136 965 202 147 424 612 261 1783 2521 325 1293 903 463 176 19 169 44 2 3 7 7 4 24 0 3 6 2 26 26 1 1 6 5 9 4 19 2 68 7 37 25 25 4 5 0 1 1 11 4 10 93 2 46 3 5 80 55 2 19 0 7 30 6 7 0 39 22 15 7 6 0 0 21 4 2 4 14 1 3 1 0 13 15 3 12 2 2 16 8 11 5 14 9 4 15 78 4 64 100 19 4 7 78 4 3 57 3 7 59 4 1 53 2 31 2 0 7
3 0 2 1 2 7 1 0 0 0 1 5 4 8 82 95 19 300 38 77 24 196 1941 3059 43 72 54 27 9 9 14 3 15 18 8 2 13 13 219 310 4460 5182 5819 16 35 371 43 12 1919 1 1 0 5 4 9 5 45 4 8 7 620 18 24 19 16 2 42 26 195 28 3 12 33 2 12 126 1 0 12 1 6 1 21 15 27 33 28 17 41 39 889 107 11 163 594 31 0 1 29 4 0 0 0 0 0 0 0 0 0 0 0 0 0 0 5 0 0 0 0 1 1 5 3 1 0 0 0 0 0 0 0 0 0 0 0 0 0 0 0 0 0 0 0 0 0 3 10 0 0 9 0 0 0 0 0 3 0 0 0 0 0 0 0 0 0 1 1 2 2 0 0 0 0 0 6 6 1 0 23 1 0 0 0 0 0 0 0 1 4 0 0 9 1 0 0 0 0 0 0 0
24 8 32 8 77 68 6 5 1 9 4 80 17 267 293 354 64 2213 302 257 156 1732 2026 3493 756 347 1808 819 407 87 485 17 114 355 583 299 270 53 836 2457 1746 5819 8400 43 131 2045 856 85 3313 12 13 13 72 271 18 22 1481 454 374 278 3349 291 1057 7706 360 4 1864 694 1154 48 35 71 189 18 294 513 13 0 73 0 20 0 350 568 442 827 595 33 105 235 4296 137 25 199 3438 304 8 4 713 96 0 0 0 0 0 0 0 0 0 0 0 0 0 1 11 4 1 7 10 7 13 14 22 1 1 0 2 0 1 0 1 1 0 3 1 5 2 1 19 13 3 1 0 0 2 13 36 2 13 50 2 6 8 0 1 24 0 0 1 0 0 0 0 0 0 2 9 13 6 3 0 4 0 0 23 18 0 1 130 7 1 7 4 0 13 1 3 0 10 1 1 51 2 0 5 0 1 1 0 0
0 0 1 0 1 1 0 0 3 4 0 5 5544 0 6 30 5 1044 11477 408 47 189 33 15 37 11 5 1 6 6 7 1 47 10 2 2 119 1457 42 212 143 16 43 6719 2697 923 55 15 10 591 1 50 2 8 1 1 9 9 3 1 410 36 40 19 5 188 20 16 17 20 10 113 1735 2840 18 28 283 1750 3093 113 91 370 24 19 37 44 32 161 170 553 766 10 3 11 52 8 18 1 29 1 3 8 4 3 9 6 1 10 1 0 7 10 119 29 308 71 115 78 109 188 645 903 332 139 207 12 62 10 17 54 13 10 10 81 11 66 121 156 391 340 20 319 10 13 86 37 54 33 714 174 188 8 10 0 3 20 6 4 9 17 2 7 4 4 3 273 20 53 7 11 91 53 6 67 6 23 2 8 113 10 68 246 181 39 9 372 0 3 34 35 15 62 6 4 54 0 122 19 8 38
3 1 4 0 2 11 1 0 30 0 2 12 3324 0 1 3 0 79 622 24 1 2 5 3 4 0 1 1 9 10 6 5 5 2 0 0 0 8 27 6 56 35 131 2697 6045 1299 2 36 40 3454 2 65 0 3 5 1 10 1 0 1 12 114 76 17 11 1947 10 7 34 78 40 247 306 216 2 22 2627 757 2507 107 184 330 5 0 1 4 7 893 600 4284 4685 20 6 62 133 18 505 19 3 3 0 3 0 0 5 1 0 4 0 1 2 2 0 0 278 0 0 6 0 42 4 45 10 2 3 1 1 3 0 1 22 15 0 9 0 3 1 0 17 5 5 6 16 4 3 127 1618 19 57 1264 2 55 143 0 6 445 19 5 19 30 0 3 2 3 1 0 156 331 88 218 4 16 2 0 122 541 15 50 2676 222 17 30 7 4 160 125 24 41 407 3 0 796 48 11 20 2 1 0 1 0
9 1 0 4 27 43 4 2 1 4 7 82 2525 1 10 90 12 3227 3833 153 7 40 24 262 19 3 79 163 33 22 34 30 101 14 4 0 121 121 438 42 545 371 2045 923 1299 8220 11 18 238 11 1 3 4 12 18 12 57 12 0 8 456 84 71 1096 289 231 63 28 66 37 13 325 981 46 21 42 58 3 813 2 18 7 24 30 16 27 30 32 43 89 3547 142 14 179 454 117 16 0 24 9 2 4 0 0 6 5 0 57 1 1 3 11 12 3 2725 10 8 40 13 749 70 438 63 2 1 5 5 32 2 44 9 18 4 49 4 16 2 7 68 92 249 9 198 4 10 299 1627 401 206 3687 6 17 30 1 3 46 3 2 5 10 2 2 6 0 6 3 632 868 102 87 4 6 4 2 129 1455 7 18 1182 132 36 135 40 16 143 474 5 5 92 3 0 168 47 14 180 4 2 2 0 1
1 0 4 0 7 13 2 2 1 0 1 16 2 40 56 27 70 26 57 161 55 144 124 1545 167 46 562 167 41 21 77 33 250 2041 581 2420 1435 285 63 1338 157 43 856 55 2 11 4192 18 22 1 3 2 3 9 0 3 68 2281 2336 1435 42 47 377 427 164 0 53 2654 283 8 9 47 236 94 385 15 2 0 18 0 4 0 23 20 39 70 220 5 11 3 51 4 2 9 156 171 3 0 103 14 0 1 0 0 0 0 0 0 0 0 0 2 15 1 1 33 27 35 99 2 238 34 211 13 14 0 4 1 4 7 1 0 2 5 1 11 5 19 62 143 0 14 1 2 9 3 1 1 89 2 9 0 2 0 1 2 0 0 0 0 0 0 0 0 0 32 0 1 0 1 8 3 0 1 1 3 0 1 5 0 18 22 13 1 1 22 0 0 1 2 0 2 1 0 1 0 8 1 0 1
37 16 25 8 108 99 15 5 2 9 3 122 12 2 14 9 4 45 6 8 5 17 9 10 7 1 7 20 165 203 108 28 44 15 1 0 1 3 125 16 151 12 85 15 36 18 18 14838 72 36 2 6 13 28 9 6 70 30 1 5 132 12881 2330 59 120 5 70 88 4084 361 3878 32 32 2 70 6144 10 1 40 0 431 9 42 18 21 17 29 942 1967 375 2771 44 14 151 529 511 7 4 10 6 0 0 0 0 0 0 0 0 0 0 0 0 0 0 9 1 0 2 0 2 1 1 2 0 2 0 5 0 0 0 1 1 1 2 0 1 1 0 6 1 0 3 0 0 5 45 59 5 17 8 1 101 330 3 5 301 3 3 13 17 0 0 0 0 0 0 3 138 108 7 1 6 0 0 156 3 13 74 957 14 2 9 1 2 72 29 27 28 881 3 0 1197 90 3 1 0 0 1 0 0
97 24 144 20 21 69 6 40 4 39 8 130 9 11 128 213 18 388 71 129 25 225 368 266 18 27 38 21 43 47 15 6 30 19 12 0 14 7 155 72 2327 1919 3313 10 40 238 22 72 14317 22 8 18 5 14 48 26 24 9 4 3 379 156 31 21 17 6 57 2 98 348 44 21 35 7 11 130 15 2 23 1 123 2 123 42 62 43 26 161 331 205 1039 5150 292 7728 4118 41 8 3 25 6 0 0 1 0 1 0 0 0 0 1 2 1 0 1 3 0 0 0 1 1 2 1 3 2 3 1 0 0 0 0 1 0 0 6 0 8 0 0 5 5 0 1 0 0 1 4 6 0 3 7 1 7 8 0 1 17 0 1 0 5 0 0 0 0 1 1 0 8 3 1 0 0 0 0 7 6 1 7 59 1 8 8 2 0 9 2 2 5 34 0 0 42 1 0 3 0 1 0 0 0
2 0 3 0 1 5 2 2 58 7 1 7 231 0 1 2 0 6 70 3 1 5 0 1 3 0 0 1 2 4 1 2 1 0 0 0 0 0 3 2 27 1 12 591 3454 11 1 36 22 4714 11 646 1 1 6 1 3 0 0 0 8 114 61 2 1 570 4 3 33 107 38 97 87 544 1 25 2517 409 1199 1123 1004 5297 8 5 2 5 2 3365 591 1870 252 11 4 56 133 6 877 38 3 0 0 2 0 0 0 1 0 1 0 0 2 1 0 0 10 0 0 5 0 0 2 2 1 1 2 1 2 0 0 1 4 5 0 2 0 2 0 0 4 1 1 4 0 1 2 43 131 4 28 18 0 114 360 2 4 572 107 1 71 150 0 0 0 1 0 0 2 103 109 19 1 1 0 0 121 5 42 151 1560 22 10 14 4 1 64 45 127 183 1719 2 1 1699 94 5 11 0 1 1 0 0
114 20 129 24 14 45 9 91 3 69 5 122 0 0 1 0 1 1 1 2 3 10 2 1 7 0 3 4 95 53 21 6 13 4 0 0 0 0 1 4 374 1 13 1 2 1 3 2 8 11 16825 20719 19 17 509 51 11 2 0 0 4 7 11 12 2 4 17 1 15 21 2 31 11 17 16 2 15 0 14 131 980 16 707 66 74 55 22 16 0 0 5 9072 6920 71 3 27 16 4 13 5 0 0 1 0 0 1 0 2 0 1 1 4 0 0 0 0 0 0 0 0 1 0 0 2 0 0 1 0 0 0 0 0 2 7 0 7 0 0 10 2 0 1 0 1 1 0 0 0 2 0 1 3 0 0 0 3 159 4 96 104 0 0 0 0 2 1 0 0 0 0 1 1 4 0 0 0 29 8 1 0 13 19 5 0 0 8 5 1 30 0 0 0 2 0 5 0 2 1 0 0
219 31 198 26 38 69 31 159 14 102 11 114 18 0 1 1 0 6 16 1 5 16 4 1 8 0 2 2 173 103 24 18 28 9 0 0 1 1 1 2 142 0 13 50 65 3 2 6 18 646 20719 37472 35 24 893 44 16 15 1 0 3 33 10 9 1 286 21 3 11 170 30 46 14 504 47 3 370 44 146 14817 7813 3340 1263 87 106 56 20 804 64 121 16 2121 3704 40 45 41 174 8 13 12 3 1 1 0 0 0 0 7 0 1 0 0 0 0 0 0 0 1 0 0 1 0 0 1 1 0 0 0 0 0 1 0 0 13 2 8 0 0 18 2 0 0 0 4 4 2 36 3 15 2 1 40 16 3 0 124 4046 146 4890 3323 6 0 0 1 4 0 0 1 3 22 9 1 4 0 1 0 625 314 41 1 13 25 83 0 1 66 392 109 1214 0 20 72 89 0 34 3 0 2 0 0
1590 76 670 67 292 189 2346 1260 189 876 85 469 0 2 5 3 3 3 2 1 16 28 5 12 17 1 12 33 6182 1460 213 46 76 21 0 0 2 5 29 9 32 5 72 2 0 4 3 13 5 1 19 35 18241 10844 5170 5 200 29 2 1 12 17 91 74 22 1 334 7 101 10 2 188 33 29 129 23 105 0 130 0 19 2 3069 721 113 45 32 8 6 3 33 51 23 17 55 220 337 9597 29 63 1 1 1 0 3 8 0 1 5 2 26 21 0 0 0 1 2 0 3 0 9 0 2 17 21 0 1 0 0 0 4 2 5 72 4 37 2 3 52 9 0 4 0 1 8 0 1 0 11 1 5 0 0 0 0 0 0 0 0 0 0 0 0 0 7 0 0 0 0 0 15 4 7 0 0 0 0 0 0 1 76 92 6 8 0 75 0 0 0 3 3 0 0 2 38 1 29 0 0 3
1179 89 619 99 295 250 775 770 61 506 61 549 0 2 5 6 1 3 1 1 27 70 20 37 49 4 43 61 13259 1215 416 73 128 40 0 1 6 9 51 33 56 4 271 8 3 12 9 28 14 1 17 24 10844 9882 253 9 713 31 2 0 23 73 315 201 72 0 3435 8 175 30 7 224 48 58 179 25 102 0 164 0 19 2 1728 6298 90 92 88 7 6 1 66 49 13 19 186 391 154 1266 51 155 4 2 10 9 5 29 0 3 5 6 35 38 1 0 1 4 8 1 8 0 18 1 7 34 17 0 2 0 0 0 6 1 13 104 5 56 1 2 83 17 0 13 0 10 14 0 1 0 27 1 11 0 0 0 0 2 1 1 1 0 2 1 2 2 16 6 0 0 0 0 17 7 9 3 0 0 0 0 3 2 103 132 15 1 0 77 0 1 2 3 8 3 0 0 44 0 38 5 0 4
246 21 150 18 48 45 225 193 21 139 19 110 1 0 5 4 0 25 1 6 3 10 11 10 7 0 3 7 473 161 26 8 18 7 0 0 0 1 8 6 1360 9 18 1 5 18 0 9 48 6 509 893 5170 253 22076 572 15 11 1 1 32 8 15 9 11 0 20 2 16 15 7 44 18 20 29 20 30 0 26 6 141 3 5341 56 48 26 18 12 35 28 126 835 164 50 34 37 64 1416 4 10 0 0 2 0 1 3 0 2 0 0 2 7 0 0 0 0 0 0 0 0 1 0 1 5 0 1 0 0 1 0 0 0 1 18 0 8 0 0 15 3 0 1 1 0 3 0 1 0 2 0 1 0 1 0 0 4 18 0 10 11 0 0 0 1 2 1 0 0 0 1 5 1 2 0 0 0 1 2 10 0 19 26 1 0 0 12 0 1 2 0 1 4 0 0 9 0 4 0 0 0
105 42 199 70 30 185 12 48 4 77 17 327 0 1 4 3 1 12 3 2 749 156 10 10 46 1 3 3 87 73 35 22 32 9 0 0 3 0 17 23 1525 5 22 1 1 12 3 6 26 1 51 44 5 9 572 2260 16 7 0 0 15 7 13 7 5 0 23 3 17 13 5 57 22 8 33 15 17 0 30 2 26 0 5765 39 1312 66 29 9 11 5 52 144 31 42 21 72 20 3 58 15 1 0 4 1 0 4 0 2 1 1 2 0 0 0 0 0 0 0 3 0 9 1 4 4 9 0 0 0 0 0 2 0 1 13 0 7 0 2 8 5 0 1 0 0 2 0 0 0 2 0 3 0 0 0 0 1 0 0 0 2 1 0 0 0 1 2 0 0 0 0 2 1 2 1 1 0 0 1 3 0 13 16 0 2 0 7 0 0 3 0 0 0 0 0 1 1 4 0 0 2
42 29 42 26 2583 131 12 15 12 36 10 133 0 39 24 36 7 34 8 41 90 260 142 364 283 13 338 417 4517 4162 14674 66 167 68 13 9 22 9 228 242 243 45 1481 9 10 57 68 70 24 3 11 16 200 713 15 16 7738 75 26 11 162 258 1517 1640 505 1 6224 19 975 47 25 109 115 82 2754 110 56 0 57 1 34 3 475 1091 286 1072 921 19 33 8 239 42 17 53 678 3117 50 10 2405 6162 3 1 1 1 0 13 0 2 1 2 15 11 0 1 1 6 7 5 13 0 25 2 30 12 14 2 7 0 0 1 3 1 4 49 2 45 3 7 90 50 0 9 1 2 18 1 3 0 41 3 3 1 0 0 0 1 0 0 0 0 0 1 0 0 6 6 1 2 1 0 7 0 3 0 2 4 0 0 18 4 42 63 9 2 4 39 0 0 4 2 1 4 0 0 20 0 19 3 0 3
4 0 2 3 17 21 0 4 2 4 2 76 1 218 152 227 5 59 7 14 74 112 12 227 25 2 468 1063 56 29 45 5131 3505 5272 65 33 202 46 595 181 75 4 454 9 1 12 2281 30 9 0 2 15 29 31 11 7 75 12889 667 1575 64 32 227 542 400 0 65 6194 508 5 6 183 210 37 6165 87 31 0 32 0 13 0 142 61 69 27 135 6 10 1 44 28 13 9 61 1293 19 3 26 83 2 1 1 0 0 13 0 0 3 1 12 14 0 0 1 2 6 1 5 1 17 1 6 16 20 1 0 0 0 0 3 0 9 88 5 80 0 1 103 31 0 5 0 2 26 0 1 1 13 1 3 0 1 0 0 1 0 2 0 2 4 2 1 0 12 3 0 1 2 0 12 8 3 0 2 2 3 0 9 1 76 101 13 3 1 63 0 0 0 4 9 0 0 2 17 0 28 2 0 0
3 0 0 1 10 0 1 0 0 0 0 4 0 1045 573 17 114 15 5 26 3 12 6 604 5 7 767 135 30 33 40 48 104 1769 968 3564 1964 146 31 219 32 8 374 3 0 0 2336 1 4 0 0 1 2 2 1 0 26 667 2880 5793 4 0 20 194 44 0 14 1506 18 0 0 11 23 16 452 2 0 0 1 0 1 0 2 3 6 2 18 1 1 1 5 0 0 2 14 347 0 1 2 1 0 1 0 0 0 0 0 0 0 0 0 1 9 0 0 21 13 6 52 1 109 13 99 5 3 2 0 1 2 1 0 0 0 5 0 1 7 11 18 75 0 8 0 0 3 2 0 0 53 0 11 0 0 0 0 0 0 0 0 0 0 1 0 0 1 14 1 1 0 0 1 2 1 2 0 1 0 0 0 0 2 12 11 0 0 23 0 0 1 3 0 1 0 1 2 0 3 0 0 1
0 0 0 0 3 6 0 1 0 0 0 3 0 1091 416 165 7 44 3 10 4 9 2 217 8 3 482 652 13 7 7 18 35 2790 363 363 1090 50 188 152 19 7 278 1 1 8 1435 5 3 0 0 0 1 0 1 0 11 1575 5793 1160 9 1 80 313 196 0 2 7612 102 0 1 4 7 10 263 7 2 0 2 0 1 0 3 1 2 4 20 1 0 0 8 1 0 0 16 94 0 0 4 0 0 0 0 0 1 1 0 1 0 0 1 0 7 0 0 9 5 4 21 0 54 5 46 3 7 0 5 0 1 0 0 1 1 2 1 10 3 8 27 41 2 9 0 2 5 5 1 0 25 1 4 1 0 0 1 0 0 0 0 1 0 1 0 0 0 10 0 0 0 0 4 4 0 4 0 1 0 0 2 0 5 15 5 2 0 11 0 0 0 2 1 0 0 0 2 0 5 0 0 2
12 9 14 5 69 56 9 3 1 5 6 80 34 14 59 103 36 5010 559 335 12 70 53 428 62 12 105 292 105 95 94 53 209 106 2 3 327 239 5745 95 948 620 3349 410 12 456 42 132 379 8 4 3 12 23 32 15 162 64 4 9 8815 221 225 1391 256 4 164 56 2570 71 40 306 989 17 151 3844 8 1 291 0 27 3 77 62 41 68 93 65 102 44 2265 235 24 313 924 531 4 3 39 25 0 8 0 0 5 1 0 17 1 0 2 2 5 5 513 2 1 7 3 109 24 87 41 1 3 0 4 8 2 12 7 7 2 18 1 11 1 4 42 24 55 8 65 3 5 123 657 89 51 867 6 6 16 0 6 44 0 1 3 4 1 1 0 2 3 1 199 322 57 5 5 10 2 3 73 654 6 10 628 100 20 56 14 8 95 147 2 4 53 3 0 93 26 9 53 3 3 0 0 1
34 10 56 18 40 54 13 19 2 23 2 92 48 4 17 27 1 69 26 23 27 347 172 29 161 23 8 15 222 121 95 19 18 10 3 1 4 5 138 186 261 18 291 36 114 84 47 12881 156 114 7 33 17 73 8 7 258 32 0 1 221 15462 8333 391 240 18 472 82 1678 5552 2514 24 25 13 64 1000 45 5 52 6 761 21 94 161 123 178 153 2546 4289 811 2522 85 75 1458 1651 230 25 4 131 26 1 1 0 0 1 0 1 1 0 0 2 0 0 0 6 1 0 1 1 5 1 2 1 0 1 0 1 0 0 1 0 4 0 1 0 3 0 0 4 0 2 3 0 1 0 11 55 0 13 19 1 164 300 1 3 132 11 2 25 89 1 0 0 0 0 0 2 57 57 5 1 3 0 0 59 10 81 231 454 16 4 5 1 1 39 17 55 13 1325 0 0 697 95 0 4 0 1 1 0 0
31 22 54 34 139 215 10 9 2 23 7 236 34 13 33 12 7 144 42 15 31 427 142 63 618 33 62 92 1103 236 799 28 45 104 8 12 41 10 528 587 112 24 1057 40 76 71 377 2330 31 61 11 10 91 315 15 13 1517 227 20 80 225 8333 10520 9184 3705 16 1973 477 3743 264 489 31 41 9 354 1242 27 1 60 0 149 1 267 493 272 477 886 248 2086 751 3249 45 14 54 4369 682 11 6 365 99 0 1 0 0 1 0 0 1 0 0 0 0 1 0 7 2 0 1 3 1 4 3 3 2 1 0 1 0 0 0 2 1 1 1 0 2 0 0 7 3 1 2 0 1 1 26 41 1 10 20 1 28 88 1 3 112 0 1 4 3 0 0 0 0 0 0 5 77 50 1 0 0 0 0 80 20 3 29 599 17 2 4 3 1 70 11 6 5 142 0 0 340 31 0 2 0 0 0 0 0
27 16 42 19 93 95 7 5 0 17 6 132 3 173 168 61 60 905 112 21 18 151 40 281 261 12 1168 1183 675 113 821 19 50 379 87 159 280 14 945 316 118 19 7706 19 17 1096 427 59 21 2 12 9 74 201 9 7 1640 542 194 313 1391 391 9184 8215 1919 0 1383 691 3252 39 29 19 59 3 456 134 5 0 25 0 19 0 171 349 148 289 514 21 31 31 1006 35 11 28 2884 481 7 6 236 81 0 0 1 0 0 0 0 0 0 0 0 0 0 1 22 2 1 1 5 17 11 7 12 1 0 0 0 0 0 0 0 2 0 3 0 4 0 2 3 12 9 2 1 0 1 0 20 0 5 67 0 0 1 0 0 0 0 0 0 0 0 0 0 0 0 0 15 9 3 0 0 1 0 0 8 25 0 1 49 5 3 6 1 0 12 5 0 1 8 1 0 13 1 2 0 0 1 0 0 0
21 13 26 18 73 77 8 2 0 6 1 121 2 94 374 138 42 210 38 16 3 27 8 27 64 3 222 2646 405 151 487 32 41 203 35 42 108 8 3785 71 82 16 360 5 11 289 164 120 17 1 2 1 22 72 11 5 505 400 44 196 256 240 3705 1919 4801 0 365 370 8848 34 42 10 15 0 481 56 2 0 7 0 20 0 70 117 45 45 199 15 46 10 130 24 4 10 198 742 2 3 34 32 0 0 0 0 1 0 0 0 0 0 0 0 0 0 14 0 0 0 0 9 2 5 0 0 0 0 0 0 0 0 0 0 0 0 1 0 0 0 2 1 7 0 0 0 0 5 26 5 6 58 1 1 4 0 0 5 0 0 0 0 0 0 0 0 0 0 14 14 3 0 2 0 0 0 6 39 0 1 69 6 0 6 0 0 4 2 0 0 10 0 0 23 0 0 3 0 1 0 0 0
1 1 1 0 1 0 0 0 24 3 4 0 2246 0 0 0 0 31 99 0 1 1 0 0 0 0 0 0 1 0 0 2 1 0 0 0 0 0 3 0 5 2 4 188 1947 231 0 5 6 570 4 286 1 0 0 0 1 0 0 0 4 18 16 0 0 2235 0 0 9 22 11 19 9 599 0 5 1239 1364 268 495 299 935 1 0 1 0 1 168 118 324 283 4 0 6 34 1 320 5 1 0 0 0 0 0 0 0 0 0 0 0 1 1 0 2 245 0 0 2 0 16 7 32 4 0 1 0 0 2 0 2 1 2 0 1 0 0 0 0 3 4 2 1 0 0 0 15 248 24 39 106 0 6 10 0 0 42 20 0 15 18 0 0 1 0 0 0 4 18 2 74 0 1 0 0 11 14 2 12 173 5 6 15 8 1 10 15 7 5 57 0 0 45 4 1 2 0 1 0 0 0
295 75 362 96 595 284 24 180 36 184 51 624 1 21 23 17 5 38 15 35 84 426 171 288 458 36 265 273 7204 523 1777 86 260 105 6 9 24 26 160 280 211 42 1864 20 10 63 53 70 57 4 17 21 334 3435 20 23 6224 65 14 2 164 472 1973 1383 365 0 15414 22 799 72 31 293 201 138 935 89 195 0 215 1 45 4 744 4651 288 1909 852 41 50 23 278 57 17 94 1212 1315 213 27 844 1479 4 1 10 4 8 25 1 4 7 5 27 33 1 0 0 4 19 4 17 2 60 4 27 55 53 1 10 1 0 1 22 3 16 142 4 128 4 7 207 110 2 30 1 5 43 4 5 0 76 4 19 1 1 2 0 0 1 2 1 0 5 6 2 2 11 17 6 1 0 0 35 13 9 4 3 4 0 1 13 3 132 216 35 9 0 128 0 0 5 13 13 9 0 1 74 2 72 4 0 2
3 1 1 1 7 7 0 1 0 2 1 17 0 107 54 61 5 24 21 22 15 39 20 450 17 4 384 467 36 17 30 119 642 3361 92 104 503 117 175 295 35 26 694 16 7 28 2654 88 2 3 1 3 7 8 2 3 19 6194 1506 7612 56 82 477 691 370 0 22 2459 737 24 30 60 186 48 2884 34 12 0 17 0 13 0 21 13 14 18 1233 6 15 9 82 2 1 6 142 285 4 0 8 5 1 1 0 0 0 0 0 0 0 0 3 1 2 1 1 14 21 14 34 2 73 5 79 18 15 2 7 0 0 2 3 0 5 31 1 41 5 8 122 110 1 8 0 2 18 2 1 0 73 7 4 0 1 0 1 3 0 1 0 0 2 0 1 2 3 12 0 5 1 0 6 0 0 1 1 4 0 0 15 2 28 44 15 1 6 26 0 0 3 1 4 7 0 0 5 0 8 0 0 2
126 21 81 35 371 352 34 12 1 28 19 368 11 58 321 105 55 279 29 97 22 85 31 79 178 8 83 234 1091 834 895 141 203 258 14 10 70 37 6785 227 311 195 1154 17 34 66 283 4084 98 33 15 11 101 175 16 17 975 508 18 102 2570 1678 3743 3252 8848 9 799 737 13209 153 566 82 133 15 964 6912 10 0 50 0 171 1 187 225 159 121 580 194 698 260 2012 76 12 97 907 3044 5 19 90 98 0 5 1 0 6 1 0 1 0 0 1 0 0 0 19 0 0 2 0 10 7 6 5 0 5 2 2 0 1 0 13 13 1 5 0 6 1 1 6 6 3 5 2 5 3 132 390 2 26 268 5 33 135 3 8 305 4 2 3 7 0 0 0 0 1 1 27 269 114 8 4 14 0 1 252 243 6 28 1864 173 10 27 6 3 240 49 2 9 135 5 1 703 53 13 12 1 3 1 0 1
68 13 94 13 18 34 4 55 3 31 1 81 22 1 8 25 2 25 15 18 13 100 48 20 26 6 4 6 64 56 21 5 11 4 3 0 1 1 24 37 288 28 48 20 78 37 8 361 348 107 21 170 10 30 15 13 47 5 0 0 71 5552 264 39 34 22 72 24 153 9010 3545 20 16 20 26 161 63 1 30 13 4074 47 96 45 49 51 28 2620 777 214 610 195 3876 2208 912 57 30 1 28 5 1 0 0 0 0 0 1 1 0 0 0 0 0 0 2 0 1 1 0 4 1 1 0 1 0 0 1 0 0 0 0 0 0 1 0 7 0 0 2 2 0 2 0 1 1 11 28 1 5 11 1 128 96 2 1 58 65 9 95 337 2 0 0 0 2 0 0 19 17 3 0 1 2 1 18 3 138 374 132 9 3 11 2 0 13 17 114 12 1288 1 1 187 81 0 6 0 1 0 0 0
29 6 28 5 37 36 7 16 4 10 2 47 16 3 2 4 0 8 4 6 4 19 13 5 8 0 0 2 84 88 33 15 15 0 2 0 1 1 40 10 81 3 35 10 40 13 9 3878 44 38 2 30 2 7 7 5 25 6 0 1 40 2514 489 29 42 11 31 30 566 3545 6620 10 14 5 29 369 22 1 29 8 6842 23 23 13 16 13 22 3473 896 163 729 44 236 289 250 157 10 4 4 6 0 0 0 0 0 0 0 0 1 0 0 2 0 0 0 1 0 0 0 0 0 2 2 1 0 1 0 0 0 0 0 0 0 2 0 1 0 0 1 0 0 3 0 4 1 11 38 1 1 4 0 91 123 1 2 58 37 7 100 273 1 0 0 0 1 0 2 19 23 5 2 0 1 0 22 6 105 259 140 2 1 3 1 0 7 10 95 10 1034 1 2 239 62 1 3 0 0 0 0 0
143 49 245 61 160 501 75 57 527 906 1074 2151 84 1 13 60 3 224 200 27 262 705 45 23 78 8 6 40 544 272 61 496 3423 120 1 0 18 37 201 78 409 12 71 113 247 325 47 32 21 97 31 46 188 224 44 57 109 183 11 4 306 24 31 19 10 19 293 60 82 20 10 5059 7205 754 421 238 4022 118 4316 16 50 78 485 316 377 124 181 71 70 103 536 93 41 57 52 1376 6215 511 94 72 50 29 98 86 38 301 6 58 56 48 445 322 14 4 47 19 15 30 22 29 116 166 70 151 246 1 23 5 4 12 122 9 114 867 32 378 11 19 372 109 7 98 5 42 188 10 12 5 165 54 103 4 8 10 3 12 12 32 0 4 47 32 12 10 141 44 9 14 2 1 221 54 96 36 4 24 16 5 38 11 918 973 117 39 4 961 2 0 13 43 104 20 7 12 563 18 295 24 4 28
18 4 14 5 27 46 1 7 26 11 3 169 289 5 40 205 11 1292 1926 134 213 772 125 59 130 18 15 74 82 46 33 84 3302 287 5 3 79 1866 599 350 616 33 189 1735 306 981 236 32 35 87 11 14 33 48 18 22 115 210 23 7 989 25 41 59 15 9 201 186 133 16 14 7205 8741 1673 388 404 296 52 1803 12 33 52 169 127 208 128 275 34 66 123 1000 39 19 33 80 281 191 16 106 62 14 14 13 18 21 37 2 64 1 0 38 58 63 20 143 62 181 63 202 69 825 380 393 366 485 17 96 14 11 25 69 10 40 577 30 609 84 150 1296 839 28 387 13 62 305 31 42 16 846 128 288 1 3 8 4 5 7 12 1 7 23 42 9 0 64 256 20 46 5 3 283 144 72 89 12 53 6 4 68 10 365 1110 265 92 8 855 0 0 16 97 55 19 13 8 281 7 426 39 9 74
11 6 12 7 9 23 4 10 113 29 15 62 902 0 6 12 38 109 1608 252 41 112 11 9 51 5 7 4 60 20 21 16 99 49 9 1 57 106 6 128 52 2 18 2840 216 46 94 2 7 544 17 504 29 58 20 8 82 37 16 10 17 13 9 3 0 599 138 48 15 20 5 754 1673 4398 204 4 7376 1637 5553 735 695 1616 168 114 94 70 177 491 124 195 76 29 16 15 14 37 3200 65 63 90 1 3 5 6 3 20 0 12 2 4 38 22 96 25 299 53 18 25 33 38 314 557 183 49 78 14 20 7 9 58 13 5 6 80 5 30 31 33 169 100 9 86 5 7 36 22 5 28 510 34 69 6 10 0 1 4 34 3 26 32 1 9 3 1 8 49 2 15 4 2 50 18 6 5 2 6 8 21 26 6 110 345 684 25 2 452 5 3 65 21 7 18 7 3 158 1 54 8 1 17
