30453 8322 10103 1967 1405 2710 15569 6939 107 1669 110 2771 1 4 2 0 1 3 1 0 53 19 2 4 34 0 11 4 6333 5249 138 57 53 4 0 1 0 3 1 3 603 8 4 1 4 10 16 3 14 4 63 79 251 1788 665 251 16 11 4 1 9 3 5 3 5 9 278 11 8 27 6 175 19 34 42 1 133 7 104 2 29 3 2358 807 1131 94 27 4 9 4 16 124 101 27 8 97 435 3587 35 6 71 13 190 231 32 301 31 6 73 45 79 289 0 0 1 0 0 0 1 0 1 0 1 5 18 0 0 0 0 0 8 1 48 70 0 18 0 0 13 2 0 0 0 9 29 2 1 0 0 4 3 5 10 2 1 0 4 0 0 3 7 27 3 6 8 1 2 0 3 0 47 13 12 1 2 0 3 3 5 0 108 19 6 3 7 38 2 4 13 1 32 17 9 14 74 11 14 9 0 2
8322 10181 6746 13330 3909 8489 798 220 27 631 131 4505 1 1 2 0 2 3 1 2 80 9 3 5 17 1 8 0 2014 2574 207 57 52 3 3 1 0 0 2 2 584 3 4 0 1 2 12 1 7 0 31 42 75 695 211 138 13 8 1 0 6 3 3 2 7 1 285 9 5 12 3 211 15 46 33 2 79 0 79 0 11 1 1022 450 779 92 8 2 4 1 4 69 55 14 7 163 229 533 28 4 57 8 200 193 42 231 21 3 37 30 58 241 0 0 1 0 0 1 1 0 1 4 1 9 33 0 1 0 0 0 5 1 55 99 0 30 0 1 6 4 0 2 1 6 48 1 2 0 1 0 1 3 4 2 0 1 1 1 0 3 21 38 5 5 10 0 0 0 7 2 79 31 8 1 3 0 0 4 3 0 157 14 3 4 2 50 1 1 7 10 52 9 4 24 59 6 34 11 0 0
10103 6746 20108 2374 113 2372 1054 6841 72 4726 164 11883 0 2 3 0 1 5 1 0 78 16 1 5 24 0 10 0 885 127 34 30 58 5 0 0 0 3 0 3 829 9 5 0 3 2 12 6 15 0 48 77 150 982 354 238 9 4 0 1 4 4 3 4 5 2 336 9 2 21 3 255 7 45 29 4 94 3 99 1 24 0 1559 719 1150 108 23 7 3 3 5 105 74 17 7 20 383 557 27 4 92 9 376 244 39 425 24 8 84 54 76 377 0 0 1 0 0 1 0 0 2 0 3 8 28 3 0 0 0 0 6 0 81 106 1 32 0 0 10 3 0 1 0 12 45 0 0 1 0 0 0 10 10 1 0 4 3 3 2 3 21 42 3 3 12 0 0 0 6 0 89 17 17 0 5 4 3 8 5 1 160 19 11 2 1 44 1 3 6 9 59 16 4 27 96 20 35 14 0 2
1967 13330 2374 17374 5231 21355 166 71 15 688 123 10164 0 1 1 0 1 3 0 0 54 8 1 1 11 1 4 0 512 522 88 34 30 3 2 0 0 1 3 2 406 1 1 1 0 2 7 0 3 0 13 26 31 246 94 82 11 5 1 0 4 0 1 0 2 0 164 8 5 3 2 159 9 29 26 4 46 0 44 0 8 0 436 288 529 61 12 2 1 1 3 31 23 5 3 161 166 138 14 2 79 10 149 151 23 235 15 0 63 30 53 231 0 0 1 0 0 0 1 2 2 3 0 7 21 0 0 0 0 0 7 1 51 39 0 20 0 1 8 5 0 1 0 7 23 0 0 0 1 0 1 2 5 0 0 2 2 3 0 2 12 34 1 5 8 0 0 0 4 2 61 18 15 1 2 3 3 2 2 0 126 6 2 3 1 46 1 1 3 5 43 4 6 20 55 6 26 9 2 2
1405 3909 113 5231 9987 5216 651 70 47 96 528 2909 2 184 145 53 23 48 30 18 138 61 25 9 43 1 47 50 4794 6515 5708 1793 729 180 10 12 17 29 73 8 577 11 9 9 1 60 31 19 5 1 17 44 107 842 203 129 1745 223 16 20 115 29 27 9 75 2 1521 42 169 16 10 877 137 59 796 30 142 2 200 0 14 0 954 631 1099 236 91 7 3 0 45 59 42 10 23 2501 315 812 125 267 90 4 200 239 55 369 38 4 67 43 67 359 1 7 6 5 1 1 5 20 12 18 7 23 72 2 4 1 0 1 18 4 116 190 3 68 0 1 57 23 4 8 1 22 67 0 1 0 12 30 8 5 5 0 0 0 1 9 1 0 45 83 4 7 13 1 3 3 6 1 171 51 20 3 2 2 8 8 10 0 309 62 10 3 10 104 1 2 8 16 110 10 5 49 61 12 77 23 1 7
2710 8489 2372 21355 5216 18456 553 125 57 1158 1928 21450 0 42 54 13 6 9 20 6 304 90 16 9 74 1 15 15 1509 1492 777 4082 593 101 1 4 3 12 29 2 1068 6 10 7 0 35 14 10 9 1 18 42 53 538 174 154 48 106 7 4 52 13 15 7 27 2 290 16 68 16 10 943 104 82 365 10 124 2 237 0 15 0 948 697 1645 283 35 4 6 0 29 41 49 17 7 1895 643 522 178 83 216 26 472 564 102 854 68 9 183 118 189 766 1 1 1 4 3 1 6 10 11 12 9 18 82 0 2 1 0 0 17 7 165 172 1 45 1 0 49 24 5 4 0 27 107 0 1 0 7 12 3 6 3 1 0 4 2 6 2 1 37 87 7 16 18 2 3 1 11 3 185 68 36 2 7 0 7 7 6 0 372 51 8 5 9 120 0 5 8 10 126 14 12 45 168 31 89 26 1 7
15569 798 1054 166 651 553 12687 12663 756 4687 376 1447 7 3 4 0 0 2 4 0 18 5 1 7 14 1 4 2 2009 745 125 64 39 5 1 0 0 1 0 4 187 0 0 3 26 9 9 2 4 7 18 42 178 742 416 107 4 2 0 0 3 3 3 0 4 5 66 8 8 9 5 302 12 40 14 2 379 29 241 4 11 4 1320 341 387 30 18 6 5 6 5 59 40 8 6 63 1293 5428 27 7 28 1 53 73 17 154 9 1 27 26 27 101 0 0 1 0 0 0 2 0 3 3 1 3 8 0 0 0 0 0 1 0 11 29 0 10 0 0 10 2 0 2 0 3 10 1 0 0 3 3 0 2 3 1 0 0 2 1 3 2 3 13 2 2 3 0 0 1 0 0 22 4 3 3 2 3 2 3 1 0 54 10 2 0 3 25 0 2 7 1 13 8 7 2 43 5 9 1 0 1
6939 220 6841 71 70 125 12663 13396 341 15107 103 4391 0 2 1 0 0 2 0 0 21 4 0 1 11 1 2 0 565 78 14 12 15 3 0 0 0 1 0 2 222 3 0 1 1 3 7 1 1 2 21 31 132 636 313 85 6 3 1 0 0 0 1 4 6 5 87 2 5 7 2 99 5 12 9 3 96 8 92 2 11 0 1115 326 383 32 5 3 2 1 3 57 42 6 4 10 731 1114 9 1 42 11 147 179 28 326 31 9 53 44 80 264 0 0 0 0 0 0 1 0 0 0 0 0 8 0 0 0 0 0 6 0 27 18 0 5 0 0 7 0 0 1 0 0 4 0 1 0 2 1 2 5 3 1 0 3 2 2 0 0 5 9 2 5 1 0 0 0 3 0 22 5 0 0 0 1 1 7 3 1 39 6 5 0 8 9 1 1 3 1 12 10 4 5 129 8 8 3 0 0
107 27 72 15 47 57 756 341 781 790 89 261 44 0 0 0 1 2 5 0 33 36 8 3 26 1 3 0 104 50 15 18 44 1 0 1 0 3 2 2 31 1 3 14 159 43 10 0 0 111 1 9 104 55 28 5 4 2 2 0 4 1 1 1 0 121 21 9 1 0 1 503 46 447 26 1 961 288 731 32 9 58 84 32 81 22 17 54 14 38 28 3 4 0 0 13 2418 2031 32 1 0 0 2 4 0 3 0 0 0 0 0 5 1 0 2 5 1 2 1 1 11 13 2 1 0 0 1 0 0 0 0 0 2 7 0 6 0 1 22 6 1 0 0 0 3 1 1 0 8 8 1 1 1 0 0 0 13 0 7 3 0 1 0 0 1 0 0 1 2 0 4 1 1 0 1 1 8 2 10 2 11 18 5 0 2 10 0 0 6 1 0 3 1 1 2 0 4 1 0 0
1669 631 4726 688 96 1158 4687 15107 790 24875 8363 25832 0 2 0 0 0 0 0 0 28 10 0 2 6 0 1 0 245 68 30 45 42 4 0 0 1 5 0 0 163 0 1 0 2 0 3 1 3 3 8 7 113 190 85 46 3 3 0 0 4 2 1 0 3 4 51 5 3 1 1 3231 5 46 18 2 4178 3 1946 0 2 0 347 148 224 23 2 1 3 0 3 16 10 5 3 28 2544 1400 20 4 192 24 471 686 111 1085 76 18 187 167 259 920 1 0 2 0 0 0 3 1 3 2 1 9 25 0 1 0 0 0 26 3 118 62 0 17 0 0 6 4 0 3 0 12 47 1 1 0 2 2 1 3 6 2 0 6 1 0 1 1 15 35 5 14 10 0 2 0 5 4 64 16 5 1 1 1 6 2 2 0 133 5 15 1 5 40 0 3 9 3 58 12 11 22 346 32 43 14 0 3
110 131 164 123 528 1928 376 103 89 8363 7319 6494 0 2 6 1 3 1 6 0 87 51 12 1 29 0 2 4 234 186 171 795 214 23 1 0 2 2 6 1 158 1 0 1 1 7 5 0 1 0 2 7 15 84 27 23 6 14 0 0 4 2 2 1 4 1 57 1 10 3 1 4590 33 35 81 1 1201 0 445 0 0 0 159 80 308 79 8 0 1 0 1 4 5 0 1 381 1700 321 68 23 106 9 215 255 48 343 39 5 67 42 97 386 0 0 0 0 0 0 0 2 2 0 0 6 24 0 0 0 0 0 8 5 68 59 2 13 1 0 9 3 0 2 0 5 38 0 0 0 2 0 2 1 1 2 0 3 0 2 0 1 12 37 7 5 6 0 0 0 2 1 86 18 6 1 0 0 4 1 1 0 144 15 0 2 1 57 0 1 1 7 49 1 3 20 115 10 43 10 0 0
2771 4505 11883 10164 2909 21450 1447 4391 261 25832 6494 51885 0 36 53 17 8 15 19 9 586 285 47 14 105 3 18 23 1318 1109 795 2765 1563 219 0 6 5 9 27 12 1569 10 14 10 2 37 58 14 6 1 23 57 128 806 247 201 60 202 10 4 57 15 18 12 26 0 400 21 78 14 12 2991 423 165 584 17 1044 4 1170 1 16 0 1464 890 2508 516 56 7 9 3 29 87 67 17 7 2320 2624 1099 391 166 427 50 1047 1298 244 2096 159 24 548 289 523 1915 1 2 1 7 0 2 5 6 10 12 10 35 152 5 7 0 0 4 44 17 362 393 6 125 0 0 71 44 3 12 1 55 198 1 5 1 12 16 8 17 25 6 0 4 2 8 3 3 102 172 17 37 51 1 3 2 9 5 381 98 66 5 8 1 15 17 15 3 702 84 25 9 14 261 7 5 27 30 247 42 21 87 551 67 190 42 3 18
1 1 0 0 2 0 7 0 44 0 0 0 3494 24 15 9 36 71 3595 71 1 5 3 16 1 3 36 59 8 1 2 1 3 5 7 3 6 199 46 29 8 9 18 4327 958 1581 13 4 6 61 0 0 1 3 1 0 0 3 4 2 10 3 2 3 40 962 2 3 5 2 1 30 459 575 6 3 120 181 426 6 2 11 0 2 4 0 1 15 22 42 68 0 0 1 3 1 109 39 1 1 0 1 0 1 0 2 1 1 0 0 0 2 39 88 691 32 1 105 8 1080 83 1350 115 0 3 1 1 20 0 72 2 1 0 9 0 7 3 1 78 50 147 4 29 0 5 5 18 39 188 1108 4 2 2 1 0 3 1 0 0 2 0 1 1 1 0 7 60 22 6 199 6 6 4 9 2 8 5 3 90 5 7 60 163 7 7 15 1 10 8 0 0 12 3 1 1 4 1 0 3 0
4 1 2 1 184 42 3 2 0 2 2 36 24 9151 11140 616 2742 258 666 233 10 16 97 720 8 161 6577 1515 308 112 252 32 14 200 3172 6304 1069 55 228 1086 306 41 124 32 3 245 462 37 8 2 1 1 2 120 8 5 150 730 1910 1545 193 49 70 150 538 8 247 527 449 22 16 14 32 52 941 42 1 3 8 0 2 0 31 65 33 23 5 8 16 3 104 7 1 4 31 321 6 13 13 117 0 0 0 0 0 3 1 7 0 1 0 3 66 51 106 95 1 319 49 364 403 1996 453 3 2 2 7 6 3 44 2 2 1 12 1 25 18 12 207 118 25 15 3 0 13 2 1 3 498 180 6 4 3 0 0 3 1 0 0 0 1 1 2 0 1 3 31 12 1 20 1 6 0 4 3 6 3 5 38 3 24 99 73 5 2 24 0 6 1 0 0 5 3 0 13 4 0 0 0 1
2 2 3 1 145 54 4 1 0 0 6 53 15 11140 13277 9313 984 1765 1507 228 32 19 325 375 14 24 3925 5129 195 82 181 23 25 275 383 1187 917 93 743 246 1163 130 118 23 1 312 203 70 30 5 0 1 6 79 7 1 120 522 828 1256 587 95 129 95 347 18 141 245 958 42 45 18 36 27 664 176 0 1 12 0 7 0 30 49 20 10 5 17 40 9 194 16 3 10 91 296 4 10 10 95 1 0 1 0 0 0 0 5 0 0 0 0 69 80 174 79 2 142 25 669 198 1142 216 0 4 2 5 7 1 66 5 2 2 11 1 10 17 15 101 57 102 18 10 0 6 3 7 8 255 379 5 1 5 0 0 1 0 0 0 3 0 1 1 0 1 5 31 15 6 14 5 5 4 3 7 9 2 6 63 3 16 45 44 11 10 16 1 9 2 1 0 13 5 0 7 6 1 1 1 0
0 0 0 0 53 13 0 0 0 0 1 17 9 616 9313 8869 126 3301 4612 639 11 32 140 411 13 30 930 4880 57 22 67 26 29 296 121 49 438 500 1304 132 601 215 105 24 2 205 69 27 51 1 1 0 4 20 3 1 32 166 86 430 230 34 55 70 74 9 49 32 222 20 17 13 81 10 264 49 1 0 7 0 3 2 12 18 19 14 1 10 31 6 136 20 5 13 57 209 1 4 7 26 0 2 0 1 1 1 0 0 0 0 0 1 126 190 210 100 1 65 18 658 108 774 59 3 4 0 10 22 3 144 3 2 0 6 1 9 20 23 55 21 137 15 13 0 3 6 4 11 135 300 6 2 3 0 1 1 0 1 0 1 0 1 0 0 1 15 23 18 3 22 6 7 7 8 3 12 2 4 26 6 3 22 30 11 4 13 0 3 2 0 4 9 9 0 2 0 1 2 2 0
1 2 1 1 23 6 0 0 1 0 3 8 36 2742 984 126 2761 146 1265 1003 35 64 240 109 30 66 71 49 30 11 35 6 44 266 185 898 1738 1823 32 371 484 21 22 146 10 233 255 4 8 7 0 3 2 15 4 0 22 98 418 1047 40 5 12 8 22 9 25 69 32 4 3 12 189 34 168 2 3 4 10 1 1 3 9 9 15 10 3 4 9 7 40 3 3 1 8 96 1 1 10 22 0 1 0 0 0 0 0 0 0 0 0 1 87 27 18 86 5 25 47 41 210 194 94 15 39 1 20 6 2 22 4 1 1 34 0 38 12 28 246 222 9 48 6 0 13 4 0 0 164 27 27 1 0 1 0 1 0 0 0 0 3 4 0 1 0 16 9 6 2 4 18 11 4 15 3 4 0 2 13 0 10 191 20 16 0 7 0 0 0 7 9 5 3 1 0 1 13 8 0 8
3 3 5 3 48 9 2 2 2 0 1 15 71 258 1765 3301 146 14608 3261 544 25 97 186 2285 80 43 4339 3258 56 17 50 17 51 232 174 60 449 1180 6294 269 984 597 614 151 13 2524 199 90 175 18 1 1 4 93 11 5 72 108 117 280 2135 83 120 292 841 77 141 61 500 58 60 16 206 20 179 327 0 6 16 2 30 1 63 118 76 98 11 62 133 21 546 83 17 57 169 116 4 3 62 21 0 1 1 0 0 1 1 2 1 1 0 3 59 530 847 67 4 98 14 1798 67 1397 63 3 4 4 10 104 5 559 4 8 2 11 5 15 27 15 106 61 878 12 138 0 7 27 28 86 242 1405 17 11 14 1 4 10 1 1 1 4 2 5 2 0 10 12 84 102 25 64 7 12 28 33 10 48 8 18 95 10 9 83 43 28 30 21 3 21 9 2 2 50 26 3 0 0 2 2 1 3
1 1 1 0 30 20 4 0 5 0 6 19 3595 666 1507 4612 1265 3261 34294 13984 72 173 349 815 96 218 2021 1146 28 17 52 13 142 327 261 53 627 5342 296 1041 443 129 151 9106 713 5707 477 34 45 193 0 25 0 47 2 2 34 59 92 113 177 27 56 103 223 684 63 60 87 18 10 36 1765 1596 97 43 8 233 104 45 26 80 35 52 54 60 13 95 86 97 493 20 2 12 51 106 15 16 42 17 3 1 2 2 2 4 0 24 1 0 0 9 709 1425 2165 716 27 820 252 3905 1350 8094 1076 26 99 25 77 131 20 1406 23 23 8 138 30 167 166 163 1247 876 757 235 110 5 57 62 34 260 2122 1890 85 24 27 4 13 26 8 2 3 12 7 23 8 5 12 87 139 110 56 179 58 82 41 92 21 71 17 32 268 17 90 797 548 91 29 129 7 36 24 18 14 75 59 11 28 14 19 19 13 22
0 2 0 0 18 6 0 0 0 0 0 9 71 233 228 639 1003 544 13984 3467 25 89 433 394 44 190 154 44 17 9 25 5 42 231 141 95 935 1026 35 751 896 102 92 216 33 306 357 6 33 16 0 4 1 11 2 2 10 62 182 407 104 12 35 39 24 29 15 39 40 3 4 10 127 83 81 19 1 13 11 16 4 13 7 13 30 19 1 11 21 7 102 11 0 6 27 73 1 1 15 10 0 0 1 2 2 1 0 5 0 0 0 1 349 200 98 406 11 98 85 93 465 573 231 21 55 13 29 22 6 105 9 2 2 36 1 30 73 109 328 287 10 140 16 0 20 11 5 7 421 134 45 0 3 2 1 3 0 0 0 3 3 7 1 0 2 54 23 25 8 16 26 29 10 44 1 10 6 4 35 3 8 237 51 37 4 42 2 7 2 7 6 8 17 0 6 4 4 12 5 14
53 80 78 54 138 304 18 21 33 28 87 586 1 10 32 11 35 25 72 25 4120 4675 3342 140 270 37 57 8 106 68 89 217 445 315 6 1 35 249 5 110 835 29 70 73 1 22 138 8 7 0 3 7 7 33 12 841 23 58 37 12 26 26 22 38 24 3 58 184 15 9 3 710 859 56 205 8 46 2 355 0 1 0 62 28 4383 553 114 5 9 3 46 9 4 3 13 128 108 64 941 12 5 0 9 9 1 14 3 1 3 1 0 26 2 3 2 4 1 4 15 12 41 33 17 17 43 1 6 1 0 1 9 5 16 179 6 101 0 2 187 89 1 23 2 2 44 4 2 0 21 4 14 2 3 1 0 1 1 2 0 1 15 22 1 0 19 2 3 3 5 0 54 11 33 10 3 2 3 7 8 2 134 235 10 6 4 60 1 2 3 7 56 9 4 7 6 3 35 10 2 21
19 9 16 8 61 90 5 4 36 10 51 285 5 16 19 32 64 97 173 89 4675 16288 3302 809 2770 1258 318 14 58 15 28 162 517 510 18 2 63 477 26 1902 452 146 402 174 6 82 463 32 55 6 2 2 8 65 20 44 26 39 56 13 115 65 190 284 72 6 110 91 71 31 10 775 1465 63 101 55 28 1 416 0 4 0 293 296 4866 1614 79 18 74 9 301 22 11 21 126 62 87 53 2781 21 1 3 2 5 2 6 1 2 3 0 1 22 4 2 11 14 5 8 22 17 69 57 39 11 60 5 12 2 0 3 9 5 9 187 6 122 4 1 298 157 4 28 1 2 37 2 3 0 62 22 22 2 5 1 1 3 1 1 0 2 4 12 1 0 9 4 4 3 4 4 36 17 32 12 4 5 6 1 22 1 98 270 19 13 9 52 1 2 3 5 25 9 4 6 3 1 23 11 5 13
2 3 1 1 25 16 1 0 8 0 12 47 3 97 325 140 240 186 349 433 3342 3302 10386 6832 351 4625 389 30 41 5 18 40 277 733 16 29 345 1080 42 3279 6439 1293 362 92 3 72 589 20 110 0 0 1 4 63 11 13 21 43 53 68 53 30 70 123 20 2 33 73 26 22 11 246 875 13 83 44 8 0 154 0 11 0 53 93 374 134 22 22 49 11 187 62 10 24 82 57 17 12 252 10 2 4 0 0 0 2 0 0 1 0 2 4 8 4 7 12 0 5 10 21 47 61 36 5 25 1 7 1 1 1 1 4 4 53 4 36 2 3 116 70 3 20 1 2 20 1 3 0 39 17 5 4 4 1 1 3 0 0 0 1 9 3 0 0 3 4 4 2 0 3 17 9 10 5 6 2 3 2 20 3 39 91 10 4 11 24 0 2 6 3 7 9 3 5 3 0 16 7 1 5
4 5 5 1 9 9 7 1 3 2 1 14 16 720 375 411 109 2285 815 394 140 809 6832 9079 470 3382 2686 109 76 11 37 4 14 41 582 455 63 82 833 5765 2594 6688 1451 47 12 1224 2222 50 335 8 1 4 8 253 33 19 85 11 417 44 1357 86 205 553 172 24 210 174 136 69 31 18 98 18 46 100 0 2 22 1 24 1 146 358 280 240 25 41 138 31 717 137 18 62 213 25 3 3 191 20 0 0 0 0 0 0 0 1 0 0 0 1 7 16 69 9 1 33 15 214 62 344 70 5 3 0 1 7 0 8 0 0 0 12 1 14 1 4 72 42 34 4 9 0 4 6 3 4 79 213 2 2 6 0 0 1 0 1 2 1 0 0 0 0 1 1 31 16 10 17 2 1 2 2 1 8 4 6 50 1 12 41 10 2 13 6 0 1 4 0 0 21 5 0 2 2 1 0 0 0
34 17 24 11 43 74 14 11 26 6 29 105 1 8 14 13 30 80 96 44 270 2770 351 470 7475 179 263 7 75 26 96 59 144 100 26 4 23 190 26 1639 221 82 192 113 0 81 2125 17 12 0 3 10 31 695 82 33 454 23 18 11 88 57 141 208 108 0 822 132 47 30 8 234 754 92 100 45 26 0 206 0 7 0 742 1612 1684 2896 2310 8 26 8 185 16 8 9 73 47 61 38 2844 338 4 0 0 4 3 8 5 1 1 0 1 13 0 0 4 3 3 8 16 19 44 31 18 12 47 3 3 1 0 3 7 0 7 237 9 140 1 0 328 125 3 13 3 4 50 1 0 0 31 14 7 0 6 1 0 0 1 2 1 0 5 19 1 1 10 2 5 3 2 2 36 11 23 3 3 1 3 4 12 3 117 295 25 9 6 53 0 0 1 4 30 5 2 6 3 2 36 18 0 6
0 1 0 1 1 1 1 1 1 0 0 3 3 161 24 30 66 43 218 190 37 1258 4625 3382 179 3333 1083 5 12 1 7 1 7 8 566 111 10 77 3 3022 342 78 81 67 1 37 292 4 12 0 1 0 3 39 4 2 6 1 68 2 13 5 15 49 6 2 34 23 7 3 1 8 115 4 4 10 2 0 12 0 3 0 30 67 77 46 6 4 7 2 44 5 0 5 22 5 2 2 65 2 0 0 0 0 0 0 0 1 0 0 0 0 3 2 3 4 1 11 11 17 32 66 21 0 2 1 1 0 0 0 0 0 1 4 0 3 0 1 36 36 0 1 0 0 6 0 0 1 38 3 2 0 2 0 0 1 0 0 0 0 0 0 0 0 0 0 1 1 0 0 1 0 0 0 0 1 0 0 3 1 1 18 4 1 1 3 0 1 0 1 0 2 0 0 1 1 1 2 0 0
11 8 10 4 47 15 4 2 3 1 2 18 36 6577 3925 930 71 4339 2021 154 57 318 389 2686 263 1083 9214 7146 357 58 180 7 9 60 4419 1564 179 76 784 2786 373 276 595 39 7 1214 1836 92 70 8 3 4 37 654 41 12 370 53 1254 121 1027 297 731 1914 1242 54 747 629 403 114 39 14 81 48 102 142 3 3 20 0 13 1 256 580 309 363 52 30 107 16 553 35 10 16 259 56 1 11 197 111 0 2 0 0 0 0 1 3 0 0 0 1 18 141 573 12 2 172 16 1627 61 1824 101 1 4 1 2 10 1 102 3 0 1 18 3 27 2 6 96 60 214 3 27 0 8 8 6 22 167 842 5 2 5 1 1 5 0 0 0 1 0 2 1 0 1 1 47 19 8 40 5 3 8 7 8 13 2 9 66 6 19 49 61 1 16 11 0 9 1 1 1 20 7 1 5 2 2 0 1 0
4 0 0 0 50 15 2 0 0 0 4 23 59 1515 5129 4880 49 3258 1146 44 8 14 30 109 7 5 7146 9493 207 49 151 8 11 66 118 207 206 40 4582 53 218 105 63 18 6 1230 209 74 19 6 1 0 9 160 15 3 167 184 418 275 789 109 106 99 1355 94 278 330 1545 20 48 9 19 43 212 151 2 1 5 0 13 0 52 57 26 31 14 5 19 8 195 7 3 3 40 104 4 6 12 45 0 0 0 0 1 0 0 1 0 0 0 0 13 200 803 23 0 149 3 2718 57 1900 98 0 3 0 0 44 0 135 3 1 1 3 2 10 5 10 67 38 492 6 43 0 5 10 6 18 175 1673 1 5 7 0 1 6 0 0 0 0 0 2 1 1 1 2 72 44 7 53 1 3 8 11 6 10 5 4 85 3 5 35 48 9 10 10 1 7 4 1 0 15 6 3 8 1 1 0 3 0
6333 2014 885 512 4794 1509 2009 565 104 245 234 1318 8 308 195 57 30 56 28 17 106 58 41 76 75 12 357 207 33756 13058 3542 580 584 127 64 33 28 38 152 53 373 15 64 18 5 143 186 62 15 2 18 37 1545 17236 1394 122 3268 107 62 20 220 143 242 102 436 8 12050 318 539 46 43 1045 152 75 2123 67 344 12 547 0 11 1 2763 905 708 143 850 11 42 10 143 61 30 17 98 1376 411 6986 173 728 87 21 149 167 27 237 27 7 62 29 40 350 5 2 11 4 0 10 11 37 29 47 14 39 124 3 11 2 0 6 19 6 126 420 5 165 1 1 117 67 14 18 5 36 142 3 0 1 22 52 7 11 21 7 1 2 4 12 1 4 88 110 13 17 48 3 8 11 19 8 290 68 100 9 10 9 9 19 32 7 631 133 9 15 19 249 1 4 18 28 201 37 31 52 66 19 147 35 0 13
5249 2574 127 522 6515 1492 745 78 50 68 186 1109 1 112 82 22 11 17 17 9 68 15 5 11 26 1 58 49 13058 10801 3403 318 282 59 5 11 15 17 53 3 299 5 6 4 0 66 27 17 1 0 14 38 84 1186 202 63 3222 55 15 9 66 30 19 11 79 1 3175 31 168 8 15 599 59 80 552 17 164 2 171 1 11 0 693 391 582 108 67 2 5 2 20 33 36 8 8 1074 245 1028 58 234 73 10 107 149 23 208 18 1 47 21 40 211 0 0 5 3 0 0 2 12 14 13 5 17 50 0 2 0 0 0 6 10 80 200 3 58 0 0 42 18 4 9 0 9 89 0 2 0 13 17 3 5 6 2 0 0 1 4 0 1 31 77 10 15 20 0 7 2 4 0 141 38 29 3 2 3 7 4 8 2 313 69 5 7 7 100 0 0 0 16 85 7 5 31 53 12 64 23 1 4
138 207 34 88 5708 777 125 14 15 30 171 795 2 252 181 67 35 50 52 25 89 28 18 37 96 7 180 151 3542 3403 10138 1337 860 317 38 24 42 37 92 30 415 8 15 16 0 127 167 33 6 0 12 18 72 1103 135 64 8277 356 81 31 154 37 44 30 230 4 2917 294 382 21 9 642 192 24 4382 21 61 1 129 0 10 0 694 885 760 391 1828 2 6 1 66 34 29 5 13 2526 109 225 761 4524 28 2 50 74 14 68 12 2 17 12 18 110 3 1 7 1 1 3 7 40 20 35 9 7 26 1 5 1 0 0 3 5 37 111 2 45 3 0 77 49 9 5 1 11 32 1 2 0 12 48 4 3 2 0 0 1 0 2 0 1 14 24 2 2 3 0 4 4 7 4 49 15 10 4 0 1 4 1 7 1 122 56 4 2 3 33 0 0 2 4 30 7 5 17 20 2 32 8 1 3
57 57 30 34 1793 4082 64 12 18 45 795 2765 1 32 23 26 6 17 13 5 217 162 40 4 59 1 7 8 580 318 1337 7283 8358 908 0 3 14 18 19 2 293 1 3 5 0 35 12 5 2 0 4 9 21 222 37 48 56 3376 48 152 34 7 4 4 12 0 208 158 39 5 2 1790 643 19 1617 7 27 2 287 0 3 0 274 184 606 177 18 1 2 1 20 8 7 2 3 7921 95 112 185 207 12 0 20 29 7 42 2 0 8 3 6 65 2 1 2 0 0 2 3 7 7 4 5 4 21 0 4 2 0 0 7 1 16 104 5 52 0 0 76 42 8 9 0 5 29 1 1 0 8 14 5 1 3 0 0 0 1 1 0 0 11 21 2 4 10 2 1 0 1 0 55 12 15 5 0 1 0 1 9 1 95 76 1 6 1 27 0 0 5 2 30 3 2 8 8 3 36 6 1 2
53 52 58 30 729 593 39 15 44 42 214 1563 3 14 25 29 44 51 142 42 445 517 277 14 144 7 9 11 584 282 860 8358 7011 4324 2 4 38 1991 17 29 415 8 5 15 2 51 136 4 5 3 6 8 35 317 43 41 92 2544 40 50 41 7 4 4 10 1 274 211 21 5 4 3260 1529 46 1920 5 88 0 478 0 2 0 295 188 605 189 52 2 2 3 19 15 6 2 2 4993 276 139 235 247 23 3 27 39 7 33 7 6 10 8 8 94 2 0 4 7 3 6 8 14 22 17 12 22 117 5 9 2 0 2 16 11 50 404 7 233 0 1 174 67 1 40 0 20 118 2 3 0 13 13 25 6 10 2 2 1 4 2 0 4 33 60 2 14 28 1 2 2 10 1 162 37 107 26 8 2 7 6 10 1 284 326 16 17 10 149 1 2 6 18 120 27 9 23 25 5 83 28 4 41
4 3 5 3 180 101 5 3 1 4 23 219 5 200 275 296 266 232 327 231 315 510 733 41 100 8 60 66 127 59 317 908 4324 8027 14 58 2487 3405 104 26 439 20 28 33 3 140 217 12 10 0 3 2 2 60 12 10 60 8817 2124 3239 228 19 16 27 41 3 76 3984 101 3 8 1062 1187 22 4087 39 10 0 213 0 2 0 66 47 237 78 48 3 8 1 81 8 1 2 3 1881 8 16 100 184 5 8 13 8 8 15 0 4 3 0 2 27 2 3 17 12 9 11 33 59 76 41 31 41 176 8 27 2 0 5 26 12 26 321 13 274 1 4 581 289 14 54 7 11 92 4 0 0 66 57 47 11 12 1 0 2 2 2 2 0 22 45 1 4 22 7 9 4 12 3 102 30 104 36 16 3 8 14 11 3 119 533 21 30 23 64 0 2 10 13 76 30 16 15 7 6 104 24 4 51
0 3 0 2 10 1 1 0 0 0 1 0 7 3172 383 121 185 174 261 141 6 18 16 582 26 566 4419 118 64 5 38 0 2 14 3954 3924 130 25 25 1799 24 22 54 16 1 52 1087 6 1 0 0 0 3 73 4 1 46 11 1198 101 49 9 24 44 95 1 95 234 35 2 0 1 31 14 18 6 1 0 6 0 0 0 24 46 18 32 5 2 3 0 21 2 0 2 9 9 3 2 14 16 0 0 0 0 0 0 0 2 0 0 0 0 10 16 33 9 1 55 17 130 76 419 73 2 2 0 3 3 0 15 1 0 1 8 0 7 2 4 54 43 4 5 1 0 0 1 0 1 77 32 2 0 1 0 1 0 0 0 0 0 1 0 0 0 0 2 4 2 0 3 1 0 0 1 0 1 0 1 6 0 6 38 25 2 0 7 0 0 1 0 0 1 3 0 3 1 1 1 0 0
1 1 0 0 12 4 0 0 1 0 0 6 3 6304 1187 49 898 60 53 95 1 2 29 455 4 111 1564 207 33 11 24 3 4 58 3924 1372 710 24 69 666 50 30 56 5 2 40 325 9 2 2 0 0 1 18 0 0 21 84 3309 887 44 9 26 61 195 2 27 330 129 4 3 1 4 0 98 6 0 0 0 0 0 0 9 5 9 11 2 2 3 0 16 1 0 0 11 42 0 1 1 21 0 0 0 0 0 0 0 0 1 0 0 0 11 6 6 15 0 17 12 16 27 102 34 0 0 0 0 0 1 2 0 0 0 2 0 1 0 2 33 19 4 2 2 0 0 1 0 0 33 21 0 0 0 0 0 0 0 0 0 0 0 0 0 0 0 1 3 3 0 0 0 1 0 0 1 2 0 0 8 2 2 8 2 1 1 1 0 3 0 0 1 0 0 0 0 0 0 1 1 0
0 0 0 0 17 3 0 0 0 1 2 5 6 1069 917 438 1738 449 627 935 35 63 345 63 23 10 179 206 28 15 42 14 38 2487 130 710 2480 3229 197 104 407 22 25 33 1 242 307 20 3 0 0 0 1 22 2 1 22 814 1919 2928 297 24 8 22 119 7 32 1170 316 6 12 8 127 3 298 49 1 1 31 0 5 0 9 11 46 12 4 3 4 2 82 4 1 0 7 85 1 0 20 24 2 2 2 3 2 2 1 0 0 0 0 3 7 8 19 10 3 11 20 75 65 64 39 18 39 3 9 0 0 4 3 2 1 64 2 73 2 4 283 157 28 26 2 1 25 3 1 0 54 107 14 2 2 0 0 0 0 0 0 1 1 3 0 1 4 7 14 6 3 5 17 9 6 16 1 5 3 1 18 2 10 148 6 8 2 12 0 2 2 5 10 10 2 3 0 2 23 4 0 6
3 0 3 1 29 12 1 1 3 5 2 9 199 55 93 500 1823 1180 5342 1026 249 477 1080 82 190 77 76 40 38 17 37 18 1991 3405 25 24 3229 4624 64 462 963 35 48 752 34 1537 725 5 5 14 0 2 5 47 3 5 25 212 212 88 399 10 11 39 22 24 51 445 20 4 6 30 1025 159 146 20 9 14 83 2 3 4 30 52 156 103 44 14 22 13 318 8 3 2 8 96 4 6 118 15 2 9 9 7 7 12 2 1 1 0 1 20 44 41 39 84 9 42 88 110 409 331 215 37 281 10 64 9 1 27 31 11 23 368 28 336 11 24 1157 734 16 170 10 5 114 10 2 3 293 83 98 7 9 1 1 1 1 4 2 2 23 28 3 11 9 35 25 12 12 11 156 77 67 70 2 10 2 7 37 4 92 1124 89 68 11 106 2 5 5 34 61 21 7 14 4 3 104 39 12 70
1 2 0 3 73 29 0 0 2 0 6 27 46 228 743 1304 32 6294 296 35 5 26 42 833 26 3 784 4582 152 53 92 19 17 104 25 69 197 64 18188 42 427 302 374 19 13 2441 122 256 123 11 0 1 7 101 14 4 86 175 195 204 16039 284 190 302 7036 76 180 133 8768 66 172 13 16 6 273 2182 1 0 4 1 32 1 44 72 39 33 4 62 104 24 712 71 10 47 98 176 2 10 21 46 0 2 0 0 0 1 0 1 0 0 0 1 3 145 421 6 3 34 2 1300 4 475 4 0 0 1 3 38 3 92 6 5 0 1 2 5 2 0 25 13 463 6 72 0 1 14 22 8 51 1530 4 4 11 2 1 10 0 1 1 2 0 0 0 0 2 3 178 116 22 75 1 7 15 9 19 35 3 14 194 12 2 16 8 9 36 3 0 18 14 0 0 36 9 3 2 0 0 0 0 0
3 2 3 2 8 2 4 2 2 0 1 12 29 1086 246 132 371 269 1041 751 110 1902 3279 5765 1639 3022 2786 53 53 3 30 2 29 26 1799 666 104 462 42 2982 677 472 278 333 3 139 3237 15 46 3 0 2 17 166 29 6 37 11 456 33 84 24 53 172 48 3 134 130 41 19 11 34 580 45 12 22 7 7 106 1 2 1 136 291 243 258 18 12 40 2 138 17 5 16 68 12 6 2 196 7 1 0 1 1 0 1 0 1 1 0 0 2 40 27 44 61 1 96 67 117 390 692 297 6 21 3 6 2 0 8 2 0 4 44 0 35 9 11 465 296 7 31 3 1 16 1 1 1 313 74 12 2 4 1 0 2 0 1 0 2 0 3 0 0 1 16 9 4 1 6 13 7 7 3 1 6 1 5 17 2 21 205 55 7 3 15 1 0 0 1 5 5 6 0 1 1 7 4 0 3
603 584 829 406 577 1068 187 222 31 163 158 1569 8 306 1163 601 484 984 443 896 835 452 6439 2594 221 342 373 218 373 299 415 293 415 439 24 50 407 963 427 677 9154 6515 611 81 28 665 412 277 2905 25 248 262 18 168 1017 1623 79 135 69 169 879 212 200 140 161 17 191 212 288 533 304 609 793 49 432 343 71 0 361 10 392 7 558 162 1043 105 176 400 816 149 1639 2478 919 909 736 361 125 141 137 38 14 0 24 25 8 39 2 2 8 8 10 56 10 8 29 9 2 5 14 49 34 71 15 16 71 5 7 2 0 10 10 11 34 218 7 148 1 4 159 79 32 9 12 11 53 12 6 2 42 132 6 34 59 1 0 12 13 3 3 17 16 25 1 4 16 2 27 40 45 6 84 17 49 16 50 32 25 52 172 32 199 192 16 14 78 86 21 26 64 7 63 152 45 16 13 4 56 13 1 16
8 3 9 1 11 6 0 3 1 0 1 10 9 41 130 215 21 597 129 102 29 146 1293 6688 82 78 276 105 15 5 8 1 8 20 22 30 22 35 302 472 6515 8567 1830 18 19 683 293 141 1708 17 2 8 2 39 22 10 16 15 26 11 902 117 162 196 85 15 34 16 220 192 107 6 26 2 21 293 5 0 12 0 106 9 29 50 47 40 4 229 553 92 1999 615 78 245 454 7 4 4 33 2 0 0 0 0 0 0 0 0 0 0 0 0 2 8 21 4 0 8 3 36 9 35 3 0 1 0 0 8 1 1 2 0 0 3 1 3 1 1 12 7 28 0 11 0 1 13 9 0 13 143 2 15 14 2 0 10 3 0 0 2 0 0 0 0 0 0 25 32 19 14 2 1 1 3 16 37 9 12 127 16 2 7 4 3 47 1 6 6 17 1 2 66 18 1 2 1 0 0 2 0
4 4 5 1 9 10 0 0 3 1 0 14 18 124 118 105 22 614 151 92 70 402 362 1451 192 81 595 63 64 6 15 3 5 28 54 56 25 48 374 278 611 1830 2683 41 58 1804 342 473 3327 46 1 8 7 162 23 14 39 13 86 15 2521 651 1374 1073 666 23 149 37 875 728 204 10 28 8 31 785 1 3 13 2 140 8 114 203 161 161 23 435 1395 262 5245 420 194 940 4793 19 3 4 121 12 0 1 0 0 0 1 0 0 1 0 0 0 1 10 33 7 0 4 2 91 6 67 10 0 1 0 1 13 0 13 5 1 0 5 1 4 1 0 17 12 58 4 32 1 2 38 34 1 19 326 2 46 70 1 10 33 1 1 1 17 0 0 0 0 0 7 82 59 87 33 1 6 7 7 100 105 35 62 364 64 3 13 8 7 218 7 17 59 77 1 0 291 77 2 1 1 0 0 0 2
1 0 0 1 9 7 3 1 14 0 1 10 4327 32 23 24 146 151 9106 216 73 174 92 47 113 67 39 18 18 4 16 5 15 33 16 5 33 752 19 333 81 18 41 6955 2870 2116 384 5 11 634 5 40 2 14 5 1 27 10 89 13 58 7 20 18 14 1082 38 152 10 4 7 108 2958 1381 21 6 134 2558 1701 104 36 195 13 13 53 41 15 222 84 167 325 5 5 0 11 18 52 27 36 3 2 8 3 4 2 9 0 6 0 0 0 10 104 90 187 130 4 115 107 249 486 927 316 23 122 7 28 13 3 55 11 10 4 180 9 121 20 40 904 514 28 115 12 1 61 10 9 11 563 275 66 12 10 2 0 0 18 0 18 25 10 14 1 0 1 22 36 28 14 31 67 33 9 46 4 27 6 6 136 4 45 905 251 38 14 113 4 7 15 33 18 29 13 5 9 2 38 12 6 30
4 1 3 0 1 0 26 1 159 2 1 2 958 3 1 2 10 13 713 33 1 6 3 12 0 1 7 6 5 0 0 0 2 3 1 2 1 34 13 3 28 19 58 2870 7685 1355 3 21 28 6489 2 57 17 8 1 0 1 1 2 2 13 34 29 22 15 4600 3 3 37 27 30 81 498 646 0 22 778 418 1126 117 143 420 4 5 4 3 0 883 476 2968 2679 7 7 6 44 0 564 199 1 0 0 1 5 1 1 6 2 1 1 0 0 5 2 6 141 8 0 12 5 148 15 90 7 0 3 0 1 27 0 7 3 6 1 20 3 4 0 6 21 18 79 11 73 0 1 70 137 2 31 1354 7 52 76 6 11 31 27 2 14 31 1 0 1 1 0 3 260 185 53 277 4 7 11 10 40 213 27 56 1441 80 12 27 8 14 173 11 20 91 87 0 2 209 37 3 9 4 2 0 0 2
10 2 2 2 60 35 9 3 43 0 7 37 1581 245 312 205 233 2524 5707 306 22 82 72 1224 81 37 1214 1230 143 66 127 35 51 140 52 40 242 1537 2441 139 665 683 1804 2116 1355 6317 230 96 193 185 2 7 15 164 32 15 131 91 226 116 1177 89 181 835 2185 2213 318 178 432 76 52 39 810 364 174 198 121 86 268 9 32 21 123 185 145 139 19 155 273 348 2472 134 19 64 217 175 167 52 68 48 3 5 2 1 2 4 1 5 2 2 1 4 91 321 1598 117 11 129 34 2233 175 1520 164 1 13 9 11 150 2 282 11 15 4 37 8 36 22 35 218 136 1105 34 394 1 9 66 273 43 439 5561 23 24 56 7 6 46 4 1 0 14 1 8 4 4 15 29 572 671 75 648 16 25 46 82 39 153 17 49 941 34 23 153 99 51 112 34 6 48 42 5 4 152 46 12 21 11 4 3 2 8
16 12 12 7 31 14 9 7 10 3 5 58 13 462 203 69 255 199 477 357 138 463 589 2222 2125 292 1836 209 186 27 167 12 136 217 1087 325 307 725 122 3237 412 293 342 384 3 230 3528 37 41 4 4 5 37 947 68 29 570 110 2139 143 183 116 254 408 574 0 1010 2489 297 57 23 148 1829 104 257 49 24 5 333 0 6 0 425 1242 550 1236 1218 15 42 6 205 36 11 20 96 44 27 25 623 199 0 1 2 1 2 8 4 2 1 2 1 11 31 20 28 57 9 41 77 67 293 318 197 18 86 7 18 4 0 7 9 5 12 242 13 218 5 12 852 488 14 40 4 6 76 0 3 3 208 74 28 2 7 0 0 1 1 0 0 0 13 10 1 1 3 7 7 8 7 9 56 13 22 11 1 10 2 6 21 5 88 533 58 20 9 39 1 4 6 7 30 15 7 6 7 3 45 24 2 14
3 1 6 0 19 10 2 1 0 1 0 14 4 37 70 27 4 90 34 6 8 32 20 50 17 4 92 74 62 17 33 5 4 12 6 9 20 5 256 15 277 141 473 5 21 96 37 25946 469 97 1 40 4 62 12 5 46 24 49 26 248 11987 2284 412 600 12 96 31 4891 982 7137 2 9 3 41 8145 3 1 2 6 1049 19 34 56 26 24 4 5873 6487 147 1141 102 66 102 1620 30 2 9 14 13 1 3 0 0 1 1 0 3 0 1 0 1 0 1 20 13 1 9 2 32 5 12 1 0 2 5 13 12 0 6 9 5 0 5 2 7 2 2 12 1 32 11 24 1 0 112 51 0 20 283 9 273 518 25 32 202 22 2 11 57 0 1 3 2 0 2 68 125 613 18 7 17 11 11 598 343 168 316 1355 304 8 15 5 17 1304 18 73 318 386 0 0 1960 504 1 9 4 0 2 1 0
14 7 15 3 5 9 4 1 0 3 1 6 6 8 30 51 8 175 45 33 7 55 110 335 12 12 70 19 15 1 6 2 5 10 1 2 3 5 123 46 2905 1708 3327 11 28 193 41 469 9133 46 3 14 2 20 34 22 6 5 12 5 279 327 250 250 52 15 17 7 161 641 271 4 9 3 7 393 8 0 2 4 185 15 23 26 21 18 3 456 1185 208 1313 4242 515 5067 3895 6 3 6 6 2 0 0 0 0 0 0 0 0 0 0 0 0 1 1 8 2 0 0 1 19 2 11 0 0 1 0 2 1 0 1 1 1 0 4 3 1 2 1 6 2 9 4 4 0 0 25 13 0 6 74 3 38 71 4 12 28 2 0 2 20 0 1 1 0 0 0 13 26 88 8 2 3 1 6 105 61 28 38 210 52 5 3 0 5 177 5 14 38 71 0 0 264 73 2 0 0 0 0 0 0
4 0 0 0 1 1 7 2 111 3 0 1 61 2 5 1 7 18 193 16 0 6 0 8 0 0 8 6 2 0 0 0 3 0 0 2 0 14 11 3 25 17 46 634 6489 185 4 97 46 10362 8 480 9 1 1 1 1 1 1 0 9 109 50 9 2 2421 1 1 60 55 56 14 144 970 2 66 545 174 417 1781 456 4199 5 2 1 2 0 3376 1079 4469 1231 12 14 16 71 1 408 128 0 0 0 0 2 3 2 1 0 10 0 0 2 6 0 2 27 6 2 2 1 14 5 22 7 0 1 1 2 2 1 1 3 0 1 6 2 2 1 2 18 7 10 2 9 0 4 82 53 0 27 275 3 73 185 13 11 90 234 17 108 149 1 2 0 1 0 7 65 73 104 58 5 7 5 11 129 220 90 161 1194 143 14 23 13 6 385 20 72 367 284 0 0 691 117 2 12 4 0 1 0 0
63 31 48 13 17 18 18 21 1 8 2 23 0 1 0 1 0 1 0 0 3 2 0 1 3 1 3 1 18 14 12 4 6 3 0 0 0 0 0 0 248 2 1 5 2 2 4 1 3 8 9770 9784 1 12 141 102 0 2 0 0 3 2 0 3 3 7 6 1 1 66 4 13 4 17 2 0 5 1 10 178 1012 35 112 8 33 3 3 77 13 8 6 5724 5929 55 8 6 5 19 6 1 1 0 1 0 0 0 0 2 0 1 0 3 0 0 1 1 0 0 0 1 0 0 0 1 1 0 0 0 0 0 0 1 0 6 0 4 0 0 2 0 0 0 0 0 1 0 1 0 1 2 0 16 7 4 0 5 566 62 302 370 0 0 0 0 1 0 0 0 0 9 1 1 0 0 1 1 166 107 7 0 9 2 22 0 1 9 69 56 211 0 2 63 13 1 3 0 0 0 0 1
79 42 77 26 44 42 42 31 9 7 7 57 0 1 1 0 3 1 25 4 7 2 1 4 10 0 4 0 37 38 18 9 8 2 0 0 0 2 1 2 262 8 8 40 57 7 5 40 14 480 9784 21451 3 14 111 104 3 2 0 1 8 28 12 2 7 202 7 3 22 111 112 17 17 352 6 24 70 6 42 8706 3626 1404 164 10 37 5 9 1184 173 72 83 2472 1754 47 32 18 68 34 9 1 6 1 4 2 0 3 0 21 2 0 1 5 0 0 4 2 0 1 0 4 1 3 0 0 1 1 0 3 0 1 1 0 1 5 0 5 0 0 4 2 3 0 2 6 5 9 15 0 6 19 0 91 85 31 10 49 5038 860 3284 2381 1 0 5 0 2 0 0 6 22 106 2 2 1 3 13 6 987 482 115 11 21 17 155 0 22 60 900 602 2063 0 2 484 182 1 91 17 2 1 0 2
251 75 150 31 107 53 178 132 104 113 15 128 1 2 6 4 2 4 0 1 7 8 4 8 31 3 37 9 1545 84 72 21 35 2 3 1 1 5 7 17 18 2 7 2 17 15 37 4 2 9 1 3 11262 8755 3337 4 24 6 3 1 11 12 18 20 31 9 91 49 29 4 2 121 20 47 96 3 111 25 114 3 2 3 748 251 29 15 119 7 4 0 23 6 2 0 6 26 153 4233 40 27 0 0 7 4 0 5 0 1 6 0 4 12 0 0 0 1 0 0 0 0 0 5 2 1 3 1 0 0 0 0 1 0 9 22 1 10 0 1 6 5 0 1 0 2 10 0 0 0 1 5 0 1 1 0 0 0 0 0 1 0 4 2 0 0 4 0 0 0 0 0 12 2 4 0 0 0 0 1 4 1 31 5 1 2 0 8 0 0 1 3 7 2 1 2 1 0 5 1 0 0
1788 695 982 246 842 538 742 636 55 190 84 806 3 120 79 20 15 93 47 11 33 65 63 253 695 39 654 160 17236 1186 1103 222 317 60 73 18 22 47 101 166 168 39 162 14 8 164 947 62 20 1 12 14 8755 16008 3337 43 954 63 72 12 232 185 368 298 642 8 4134 875 468 73 43 519 133 54 1788 79 209 9 346 1 13 0 6506 7118 248 298 2576 21 58 7 267 35 14 8 151 409 176 2521 1255 607 34 5 45 55 15 63 12 2 18 10 18 132 1 5 8 1 1 5 4 30 14 29 18 15 57 1 2 2 0 4 6 5 48 239 2 114 0 0 80 37 9 6 3 14 64 3 1 0 20 49 4 10 16 0 0 4 1 3 1 1 25 58 6 8 22 1 7 11 4 5 126 27 49 8 8 7 2 9 23 0 328 87 13 10 17 123 0 3 5 8 96 25 14 18 34 9 73 16 5 8
665 211 354 94 203 174 416 313 28 85 27 247 1 8 7 3 4 11 2 2 12 20 11 33 82 4 41 15 1394 202 135 37 43 12 4 0 2 3 14 29 1017 22 23 5 1 32 68 12 34 1 141 111 3337 3337 20551 635 54 9 5 1 47 14 37 34 41 4 92 64 46 35 28 133 25 13 110 10 54 5 87 1 59 2 7184 363 153 42 109 25 19 8 50 639 230 65 42 62 78 1136 110 39 7 2 5 8 3 17 2 0 5 7 5 36 0 0 2 1 0 1 2 6 2 4 1 5 8 0 0 0 0 0 0 0 11 60 0 21 0 0 13 7 1 1 1 3 11 1 0 0 1 12 2 1 4 0 0 1 2 1 1 0 2 6 0 1 5 1 1 1 4 0 23 7 12 2 2 0 1 3 5 2 56 15 0 2 3 24 0 0 2 2 9 3 5 3 5 0 7 4 0 0
251 138 238 82 129 154 107 85 5 46 23 201 0 5 1 1 0 5 2 2 841 44 13 19 33 2 12 3 122 63 64 48 41 10 1 0 1 5 4 6 1623 10 14 1 0 15 29 5 22 1 102 104 4 43 635 1489 13 13 0 0 13 7 7 12 8 0 17 25 20 30 16 69 35 8 45 10 16 1 56 3 40 2 4355 32 2735 47 26 12 14 1 35 350 172 44 33 57 22 61 46 6 4 1 3 5 0 9 0 0 0 0 1 18 0 0 0 0 0 0 1 1 0 1 2 3 13 1 0 0 0 0 1 0 2 38 1 13 0 0 13 2 2 1 0 4 9 1 0 0 0 5 2 1 1 0 1 0 5 0 0 2 0 6 0 0 4 0 2 1 0 0 26 2 7 0 2 1 0 4 4 0 33 14 4 0 4 11 0 1 5 0 7 7 1 1 4 0 11 2 0 2
16 13 9 11 1745 48 4 6 4 3 6 60 0 150 120 32 22 72 34 10 23 26 21 85 454 6 370 167 3268 3222 8277 56 92 60 46 21 22 25 86 37 79 16 39 27 1 131 570 46 6 1 0 3 24 954 54 13 3649 48 95 13 145 82 102 91 426 1 7549 712 409 26 22 56 68 6 3228 29 13 0 38 0 7 0 226 682 234 1729 2669 5 13 2 103 7 2 3 46 666 8 27 2766 2103 3 0 5 2 0 2 0 0 1 0 0 7 0 2 7 4 3 8 6 30 16 48 20 1 3 1 1 0 0 6 1 2 5 20 1 13 0 1 70 38 7 3 2 1 4 3 0 0 14 44 2 1 1 0 0 1 0 0 0 0 1 2 1 0 2 1 4 2 0 3 1 1 4 0 0 3 0 0 13 3 12 36 2 3 7 1 0 0 0 0 5 2 0 0 0 0 3 1 0 1
11 8 4 5 223 106 2 3 2 3 14 202 3 730 522 166 98 108 59 62 58 39 43 11 23 1 53 184 107 55 356 3376 2544 8817 11 84 814 212 175 11 135 15 13 10 1 91 110 24 5 1 2 2 6 63 9 13 48 7989 1085 3114 198 32 12 12 95 4 81 6880 308 5 12 560 488 12 5913 39 6 0 121 0 6 0 53 59 120 44 124 1 0 2 30 11 2 3 6 4905 4 13 41 106 3 2 3 3 6 4 1 0 0 0 1 17 1 0 15 4 2 6 11 68 17 30 14 16 51 3 6 1 0 4 6 3 12 156 9 147 1 1 254 77 15 14 2 8 49 0 1 0 9 65 12 1 6 2 0 0 0 2 0 1 11 15 1 4 4 2 6 8 1 3 40 7 31 7 1 1 4 6 12 2 89 213 7 10 5 32 1 1 5 7 34 7 3 6 1 1 30 10 0 9
4 1 0 1 16 7 0 1 2 0 0 10 4 1910 828 86 418 117 92 182 37 56 53 417 18 68 1254 418 62 15 81 48 40 2124 1198 3309 1919 212 195 456 69 26 86 89 2 226 2139 49 12 1 0 0 3 72 5 0 95 1085 9414 2842 224 78 101 108 610 4 110 4141 648 23 27 23 365 20 433 37 6 1 76 0 5 0 14 56 40 43 11 6 15 1 85 5 1 3 31 56 8 3 19 42 0 3 0 2 1 3 0 0 0 0 1 5 9 4 19 13 3 36 60 64 135 150 109 7 40 5 8 2 0 4 6 2 3 67 4 92 3 4 376 220 7 18 3 2 38 4 0 3 102 78 11 4 0 1 0 1 0 1 0 0 4 6 1 0 0 4 12 4 1 10 13 5 12 6 5 7 3 0 22 2 16 148 13 4 3 5 0 0 0 3 8 8 5 1 1 2 18 10 0 5
1 0 1 0 20 4 0 0 0 0 0 4 2 1545 1256 430 1047 280 113 407 12 13 68 44 11 2 121 275 20 9 31 152 50 3239 101 887 2928 88 204 33 169 11 15 13 2 116 143 26 5 0 0 1 1 12 1 0 13 3114 2842 1559 227 19 8 17 94 1 20 1746 293 10 16 6 55 2 815 66 1 0 13 0 1 0 6 6 14 9 7 2 9 1 35 3 0 0 7 103 0 0 5 11 0 0 2 0 1 1 1 0 0 0 0 0 0 3 18 3 1 7 8 48 30 40 18 2 12 0 2 2 0 0 1 0 2 33 1 28 1 1 110 70 19 9 1 0 10 5 0 0 19 62 4 0 0 0 0 0 0 0 0 0 0 2 0 0 1 2 10 4 0 4 11 4 4 6 4 2 1 1 15 1 4 48 6 2 1 3 1 2 0 6 1 7 0 1 0 1 5 5 1 2
9 6 4 4 115 52 3 0 4 4 4 57 10 193 587 230 40 2135 177 104 26 115 53 1357 88 13 1027 789 220 66 154 34 41 228 49 44 297 399 16039 84 879 902 2521 58 13 1177 183 248 279 9 3 8 11 232 47 13 145 198 224 227 12024 186 482 2085 1453 43 365 187 4405 90 205 19 87 6 342 5373 5 0 9 2 66 2 144 209 163 173 25 154 327 45 2314 164 33 87 404 316 3 9 94 63 0 1 1 0 0 2 0 1 0 0 0 0 13 58 178 14 3 14 4 266 13 146 12 2 2 1 1 41 0 53 9 5 3 10 2 11 4 8 29 9 275 11 111 1 6 37 80 0 52 1006 11 14 31 1 2 13 1 0 1 5 0 2 1 0 3 10 139 208 33 74 8 10 22 19 22 76 16 28 327 16 6 31 9 10 82 7 2 21 23 1 2 83 28 0 4 2 1 1 1 3
3 3 4 0 29 13 3 0 1 2 2 15 3 49 95 34 5 83 27 12 26 65 30 86 57 5 297 109 143 30 37 7 7 19 9 9 24 10 284 24 212 117 651 7 34 89 116 11987 327 109 2 28 12 185 14 7 82 32 78 19 186 25244 8164 985 1212 11 208 98 2680 7893 2319 4 8 4 49 1220 0 0 3 2 341 40 62 150 93 74 17 1292 1756 255 965 122 143 1184 3509 50 2 4 46 19 0 2 0 1 0 0 0 1 0 0 0 0 4 0 6 3 0 1 1 33 3 11 0 0 2 3 3 9 2 3 1 4 0 0 1 3 2 1 7 1 11 7 10 1 1 51 15 1 9 112 2 305 775 28 25 113 27 1 11 139 0 3 0 1 0 3 31 62 460 17 2 6 7 3 460 137 226 494 654 133 5 7 5 11 770 3 80 301 812 2 0 1796 513 0 4 2 0 0 1 0
5 3 3 1 27 15 3 1 1 1 2 18 2 70 129 55 12 120 56 35 22 190 70 205 141 15 731 106 242 19 44 4 4 16 24 26 8 11 190 53 200 162 1374 20 29 181 254 2284 250 50 0 12 18 368 37 7 102 12 101 8 482 8164 30218 7261 6571 11 370 112 5348 944 419 7 25 4 40 832 3 0 4 2 117 4 134 302 182 165 17 281 1435 235 2615 51 70 208 5528 42 2 6 113 24 1 0 0 0 0 0 0 1 0 0 0 2 1 1 9 3 0 5 1 31 9 34 2 0 0 1 1 4 0 3 3 1 0 7 1 2 1 0 10 6 11 2 17 0 4 45 20 0 18 188 1 46 62 2 2 31 2 0 1 12 0 4 0 0 0 1 73 53 68 14 4 6 2 3 79 161 28 45 526 90 5 19 4 4 212 9 7 37 39 1 1 203 51 1 0 1 0 0 1 0
3 2 4 0 9 7 0 4 1 0 1 12 3 150 95 70 8 292 103 39 38 284 123 553 208 49 1914 99 102 11 30 4 4 27 44 61 22 39 302 172 140 196 1073 18 22 835 408 412 250 9 3 2 20 298 34 12 91 12 108 17 2085 985 7261 6186 6512 8 238 96 2183 435 145 4 26 6 22 695 3 1 6 0 58 1 179 350 254 229 37 129 446 89 3178 29 41 121 1696 13 4 4 145 20 0 0 0 0 0 0 0 0 1 0 0 1 3 2 18 5 1 4 2 50 9 58 12 0 1 2 0 6 0 9 3 1 0 5 0 3 1 0 17 9 25 3 13 1 0 9 15 1 18 127 3 14 22 1 1 3 0 0 0 3 0 0 0 0 1 1 35 28 24 9 0 1 3 2 29 48 4 15 194 32 5 15 3 3 69 6 5 13 17 0 1 68 26 0 2 1 0 0 0 1
5 7 5 2 75 27 4 6 0 3 4 26 40 538 347 74 22 841 223 24 24 72 20 172 108 6 1242 1355 436 79 230 12 10 41 95 195 119 22 7036 48 161 85 666 14 15 2185 574 600 52 2 3 7 31 642 41 8 426 95 610 94 1453 1212 6571 6512 13191 65 840 577 8801 322 254 6 24 6 119 217 0 0 14 0 36 1 185 378 191 229 50 47 141 15 864 31 11 22 604 84 1 17 120 98 0 0 1 0 0 0 0 0 0 0 0 1 1 21 114 5 1 9 1 414 13 186 12 1 2 0 1 15 0 14 3 0 0 4 1 4 0 2 17 8 149 4 38 0 2 15 15 4 20 722 3 9 14 3 3 7 0 0 1 6 0 0 1 1 2 2 110 73 17 40 2 9 3 2 27 65 5 12 218 23 9 22 5 11 48 3 1 10 10 0 2 54 13 4 1 1 3 2 0 0
9 1 2 0 2 2 5 5 121 4 1 0 962 8 18 9 9 77 684 29 3 6 2 24 0 2 54 94 8 1 4 0 1 3 1 2 7 24 76 3 17 15 23 1082 4600 2213 0 12 15 2421 7 202 9 8 4 0 1 4 4 1 43 11 11 8 65 1923 3 0 38 9 8 52 203 805 6 17 1080 935 929 700 85 773 8 3 3 3 0 436 78 272 1464 4 7 2 7 8 374 170 1 0 1 1 2 7 0 1 0 4 0 1 0 2 7 10 378 5 1 4 2 127 13 143 16 2 2 0 1 16 0 6 2 1 0 9 0 4 5 2 33 8 50 2 21 0 2 13 151 23 55 1073 0 9 19 3 3 12 109 10 59 91 0 1 1 1 1 4 63 59 10 608 5 1 4 5 5 28 19 20 343 15 8 23 21 4 25 3 11 23 60 0 0 44 9 1 9 2 0 0 0 0
278 285 336 164 1521 290 66 87 21 51 57 400 2 247 141 49 25 141 63 15 58 110 33 210 822 34 747 278 12050 3175 2917 208 274 76 95 27 32 51 180 134 191 34 149 38 3 318 1010 96 17 1 6 7 91 4134 92 17 7549 81 110 20 365 208 370 238 840 3 17979 1031 719 86 39 509 198 34 3455 106 132 0 262 0 9 1 466 5535 525 1903 3444 21 63 5 289 12 9 7 130 801 106 106 2340 1580 16 3 34 36 12 51 7 1 9 5 12 105 2 4 14 6 2 10 14 47 33 76 18 23 55 1 5 2 0 7 8 3 33 200 2 94 1 1 101 73 9 6 4 9 48 3 2 0 25 94 7 6 9 3 2 2 2 6 0 0 19 46 2 6 17 5 11 7 5 10 91 19 24 8 9 11 10 4 42 4 240 95 8 5 14 77 1 2 8 11 52 20 12 24 25 4 58 17 1 11
11 9 9 8 42 16 8 2 9 5 1 21 3 527 245 32 69 61 60 39 184 91 73 174 132 23 629 330 318 31 294 158 211 3984 234 330 1170 445 133 130 212 16 37 152 3 178 2489 31 7 1 1 3 49 875 64 25 712 6880 4141 1746 187 98 112 96 577 0 1031 5407 557 22 20 94 1405 114 3794 25 23 2 320 0 3 2 221 620 297 538 1288 3 7 6 83 10 1 4 33 54 32 22 317 250 6 1 5 7 6 10 3 1 4 0 1 17 3 2 5 18 7 19 41 45 91 73 60 34 114 3 18 1 1 3 12 5 16 337 22 327 3 1 939 364 12 28 2 14 90 1 2 0 83 45 27 6 5 0 0 2 0 0 0 0 24 19 2 2 14 4 13 7 4 4 53 27 39 17 2 4 1 1 10 1 138 622 56 20 11 58 1 4 3 20 50 14 11 12 3 2 56 34 8 23
8 5 2 5 169 68 8 5 1 3 10 78 5 449 958 222 32 500 87 40 15 71 26 136 47 7 403 1545 539 168 382 39 21 101 35 129 316 20 8768 41 288 220 875 10 37 432 297 4891 161 60 1 22 29 468 46 20 409 308 648 293 4405 2680 5348 2183 8801 38 719 557 13354 438 1282 14 18 2 536 10424 2 2 9 1 225 6 130 257 121 128 21 345 511 86 1638 67 41 35 648 344 1 19 58 105 0 2 1 0 0 1 1 1 0 1 0 5 5 13 70 12 5 11 4 107 5 57 5 0 3 3 1 36 0 20 7 4 1 4 3 7 2 5 27 10 142 11 149 0 4 112 101 0 34 1078 13 78 128 6 7 43 1 0 2 15 0 3 0 0 3 6 289 297 154 56 3 18 15 27 160 485 32 107 1586 201 11 19 6 25 405 15 9 67 48 1 2 296 108 3 6 5 0 2 1 2
27 12 21 3 16 16 9 7 0 1 3 14 2 22 42 20 4 58 18 3 9 31 22 69 30 3 114 20 46 8 21 5 5 3 2 4 6 4 66 19 533 192 728 4 27 76 57 982 641 55 66 111 4 73 35 30 26 5 23 10 90 7893 944 435 322 9 86 22 438 4888 1781 4 3 4 14 307 6 0 4 34 552 155 57 64 42 30 4 670 1229 251 644 1061 1713 3820 4050 11 1 4 27 7 0 0 0 0 0 1 0 0 0 0 0 1 0 2 0 2 0 1 0 14 2 8 0 0 0 0 2 1 1 4 3 2 0 4 0 3 0 0 3 0 4 6 2 0 1 24 4 2 2 28 1 259 457 23 18 52 83 5 50 486 0 0 1 0 0 1 11 36 216 10 1 1 5 1 190 52 315 601 316 58 3 3 5 5 371 2 353 150 1255 1 0 1080 311 2 2 3 1 1 0 0
6 3 3 2 10 10 5 2 1 1 1 12 1 16 45 17 3 60 10 4 3 10 11 31 8 1 39 48 43 15 9 2 4 8 0 3 12 6 172 11 304 107 204 7 30 52 23 7137 271 56 4 112 2 43 28 16 22 12 27 16 205 2319 419 145 254 8 39 20 1282 1781 6006 1 6 2 23 1729 0 0 1 21 5579 142 18 14 13 12 2 2059 1193 117 837 230 290 154 528 19 4 0 2 4 1 0 1 1 0 0 0 1 0 0 1 0 1 2 5 0 0 5 0 11 2 4 1 0 0 3 2 4 0 3 1 2 0 0 0 0 0 0 3 2 12 6 5 1 1 27 10 1 5 77 1 327 626 26 14 60 81 3 34 451 0 0 0 0 0 0 11 19 243 13 1 1 2 3 183 48 346 755 373 60 1 5 8 4 355 7 392 206 1479 0 0 1280 389 1 4 2 0 0 0 0
