16.1776169829622 27.7200634227123 23.755943903696 37.827703660675 48.4830157011853 50.8923878729563 23.3703803554253 18.4960768562621 61.1740279509642 33.1489476389054 82.4106281627308 57.7065445037148 125.234230041504 177.38996887207 168.637046813965 0 197.979400634766 194.181569417318 169.795806884766 0 110.674314822791 151.178114640085 218.607978820801 205.343486785889 146.925360735725 0 186.677900834517 211.287502288818 34.4224857428656 22.3637026014908 73.9177038496819 102.33814092268 130.701600848504 171.966154098511 0 168.789398193359 0 148.740641276042 183.437927246094 161.764831542969 93.3217897937072 151.768479347229 193.728721618652 99.0205383300781 152.80931854248 183.877111816406 159.995975971222 179.82009379069 146.483942849295 156.009647369385 134.640828087216 151.259430897387 111.703296068655 81.777055256052 120.033919611192 100.704036119925 116.59999704361 143.917313315652 158.086078643799 140.398788452148 192.409283108181 206.02528889974 190.982171630859 208.054275512695 194.599673461914 141.559292263455 78.6769361427362 163.31418540261 206.822431564331 172.567993729203 174.167078653971 113.728967045375 148.722880714818 104.388985465555 135.662803649902 143.347366333008 100.852640739957 115.074033464704 120.413970910586 217.218826293945 178.02875124175 166.776662190755 114.036898272436 97.7994969165901 109.491058272034 114.055225047659 153.950272454156 172.648860931396 173.99211968316 208.863788604736 186.162163734436 128.811733922651 158.143939556462 159.021341959635 181.364179611206 79.1292050155168 64.9746639821721 48.7096636362451 157.748705836705 116.862023671468 155.63510561661 156.224243164062 151.562429689106 152.296841443875 143.552406311035 148.149460143029 157.449002419749 144.063535054525 151.678199559042 114.722519599067 139.086733274822 148.291988729193 0 0 242.164520263672 0 0 0 152.454299926758 0 195.176193237305 0 210.568374633789 177.143533325195 181.301414489746 0 0 0 0 0 190.31170463562 145.174575805664 146.218046824137 157.289276232038 0 156.810157775879 0 0 205.938028188852 154.404022216797 0 0 0 192.751593695747 165.971934351428 202.428932189941 161.801345825195 0 0 197.171516418457 173.049112955729 166.457669067383 187.050312805176 195.391006469727 155.728317260742 0 190.225536346436 0 0 186.698328653971 187.695456368583 188.785334834346 205.079732259115 166.781016031901 158.279057502747 203.68424987793 204.26587677002 0 162.949727376302 0 183.216565071268 174.050878671499 146.788426717122 221.211013793945 146.446266174316 0 176.740585327148 179.047917683919 198.334948730469 0 147.711494092588 164.300556383635 153.791079203288 155.370778401693 156.819767543248 139.25685179861 172.219581604004 187.093338012695 182.394514817458 194.045135498047 198.126585483551 180.189480052275 182.552886962891 163.005298069545 96.5653005032926 150.036035711115 179.1529410226 173.284169514974 0 171.333045959473
27.7200634227123 15.428221818003 24.4089183137992 23.1612104856422 34.2801849720697 41.6420104320794 56.2133298386308 67.880359918421 76.5779403403953 45.259269475559 84.3323384641691 54.5793794549398 213.134246826172 148.605407714844 124.079711914062 0 196.662467956543 203.436492919922 174.701614379883 187.337631225586 113.899261283875 130.717750549316 149.697222391764 170.46623840332 163.694436465993 218.236892700195 190.000228881836 0 55.2796662860026 21.2135331798359 55.6762277216151 89.429669898853 106.520294482891 160.765630086263 200.780934651693 186.890014648438 0 0 193.826927185059 206.294700622559 97.057877396884 148.707707722982 215.147651672363 0 179.344985961914 203.705375671387 173.150644938151 220.518417358398 161.981637137277 0 138.603032019831 169.964925856817 129.720920613607 97.9474829310136 136.638514514218 110.90434115866 105.185916900635 127.929915428162 142.106826782227 0 193.200513203939 189.460881551107 199.987630208333 191.848075866699 185.007587977818 156.141998291016 82.5484168203253 166.241372850206 168.404306030273 181.572542826335 176.599695841471 96.8400568125937 152.336844889323 93.3403553340746 126.909115415631 159.40461730957 100.05550374864 0 124.62718606297 0 187.638796719638 182.820770263672 128.702967940478 108.220355360243 117.034292669137 123.060700292173 151.306324958801 175.699249267578 214.602527618408 172.841506958008 174.298690795898 144.281148385311 173.884312577681 175.332414899554 173.750435965402 60.7115149702763 75.5602330536822 76.0269674404924 159.051149368286 146.944520950317 162.819401389674 170.02304649353 120.775798540115 166.985596572797 152.117070515951 158.896920901872 167.754927862258 147.009343465169 167.650750237542 133.625425465902 148.624492908346 155.893356323242 0 0 224.777603149414 0 0 144.302810668945 190.056503295898 0 137.008987426758 203.712429046631 174.824096679688 164.891874525282 169.79245966131 0 138.76838684082 0 0 0 182.516400146484 135.146255493164 151.693595192649 153.085084703234 0 164.964808400472 0 192.070404052734 165.646492004395 200.364009857178 0 206.519500732422 220.383834838867 184.828692118327 167.832189559937 216.521286010742 226.818824768066 0 132.291259765625 0 235.933578491211 191.318420410156 175.502246856689 193.297798156738 0 177.32048034668 244.840896606445 185.930480957031 0 221.883875528971 211.950962611607 189.569312647769 183.524719238281 172.144766235352 155.462913513184 0 0 0 180.985815865653 177.283241271973 183.099144657956 167.953531080677 160.392807006836 229.174438476562 179.648188273112 0 0 197.200103759766 195.817454020182 0 146.268880467506 180.784007481166 159.032239278158 196.237323760986 171.675559997559 137.077827911377 178.965454101562 155.32780456543 200.840255737305 178.810845947266 198.933143322284 187.867001003689 197.005683898926 149.612910588582 116.21596992622 163.909572601318 178.830107745002 168.534120039506 0 0
23.755943903696 24.4089183137992 13.4863795894075 26.3872727581505 112.492672574204 43.9741662091389 56.283593720684 17.8030612447809 70.7066311836243 27.286369534907 78.1633224022098 34.7179570291757 0 178.178611755371 163.59950764974 0 158.135986328125 224.273941040039 231.561660766602 0 112.074080247145 154.611333370209 201.353530883789 198.591528320313 163.534426053365 0 195.452471923828 0 81.4785521210924 86.540439395454 153.784271240234 107.23921140035 121.249967377761 158.16727142334 0 0 0 171.831268310547 0 166.080444335938 95.7126866744425 154.058686998155 179.23190612793 0 178.079645792643 207.302055358887 194.807140350342 185.244870503743 155.972823079427 0 146.623167673747 161.52831932167 124.973564860026 99.9635450359275 138.004293926692 113.248702425917 121.626935323079 138.784496307373 0 196.440353393555 217.98579788208 213.359146118164 203.626261393229 203.497058868408 181.751560974121 154.378898620605 85.8330355939411 172.91850704617 217.620986938477 186.287553333101 178.305384318034 101.118541283701 197.816606794085 84.1994466145833 156.306139978869 196.748458862305 94.2670044188804 111.369227091471 106.433001258157 208.422515869141 187.952342351278 0 128.763948701145 108.55275827124 117.09997301848 121.508454923277 161.724225583284 202.108723231724 187.727966308594 173.998616536458 198.560665893555 142.043285260882 170.942706752468 172.085505766027 166.48766871861 138.801125717163 73.8908105157997 85.1903395524359 158.172982109918 134.525165557861 162.923430981843 156.580408732096 98.9025336599096 161.702732461398 146.32642188439 156.549500265682 157.878246943156 145.772815704346 149.578890527998 125.753155178494 143.777970564993 155.776004599007 0 0 239.451019287109 0 0 181.860992431641 0 0 158.060707092285 0 197.634063720703 159.802001953125 170.939958844866 178.468475341797 0 0 0 0 165.567985534668 0 149.218914267458 155.566818957059 204.074920654297 163.374939441681 0 0 206.190748596191 206.719594319661 0 240.572082519531 0 185.940467834473 171.324379136827 0 0 163.749237060547 0 0 0 187.186810302734 183.61946105957 193.527557373047 0 184.725036621094 206.37050374349 220.791641235352 188.562065124512 212.886881510417 208.217273530506 191.507419041225 171.373321533203 165.891001383464 149.189277648926 0 0 0 193.050880432129 0 182.39420258597 162.026218189913 166.262525670669 0 181.527795410156 201.914615631104 208.37787882487 190.613273620605 204.117269897461 182.710494995117 151.080704832077 168.973244114926 124.493485884233 195.79948425293 167.349304199219 137.866916829889 191.809112548828 202.907730102539 198.637736002604 174.645060221354 203.526858313609 191.203786849976 187.962604522705 167.969572279188 99.9783409436544 162.324275588989 177.661548287528 165.153738839286 0 187.160942077637
37.827703660675 23.1612104856422 26.3872727581505 12.3587710620125 23.4508075964335 22.3947556656882 68.9456992091903 83.3717220467581 79.641850789388 38.3964755382649 76.0736979973025 31.030608335732 0 145.52587890625 146.101837158203 0 189.610000610352 181.244160970052 0 0 109.295727906404 142.709782600403 224.206512451172 241.393569946289 165.884737881747 170.548309326172 191.356826782227 0 68.8771596774459 39.0726932355727 59.7922066558491 86.1202666338752 99.4204592386882 116.095667521159 186.093475341797 0 0 160.014923095703 189.413111368815 181.620986938477 92.4439303393434 240.426879882812 237.295974731445 195.239288330078 0 198.32048034668 150.592128208705 0 155.345453898112 0 142.284930889423 161.769815298227 125.879031519736 99.3046212700324 138.318226996889 106.020076379543 95.3131034157493 134.196997070313 175.205062866211 0 180.661354064941 0 206.386199951172 0 192.81909942627 0 80.5954459353191 165.21537399292 192.333016967773 179.450403849284 182.325622558594 92.747670419561 153.908699035645 70.7447194066541 132.745410919189 172.768093109131 90.5514625881029 0 109.954090291804 0 185.879552841187 0 127.42511051073 104.094611379835 112.09965020452 107.24735272517 168.994075775146 197.987312316895 226.134307861328 210.387817382812 184.408376057943 141.278338770713 170.329724519149 174.783096313477 163.176183064779 42.5372974087733 69.2353799199483 86.8552152384882 139.160866873605 128.636142730713 159.702819148196 156.986541748047 157.994809182698 161.775942164541 144.487879214079 155.654027054158 163.885306803385 0 132.553941469344 120.114854939779 143.41686205594 148.873526932357 0 0 148.172882080078 0 0 0 157.256118774414 149.361381530762 158.881698608398 196.536727905273 0 154.605933053153 166.126448131743 0 0 0 0 0 173.34754725865 122.186622619629 148.301866119983 149.091878842085 0 151.765766525269 0 186.598373413086 171.595235824585 166.933874511719 0 153.141448974609 0 181.436416625977 168.677624909774 0 0 0 150.855865478516 0 151.319763183594 190.335975646973 182.557562255859 0 0 195.859504699707 206.530731201172 217.303136189779 0 194.294128417969 203.671801249186 188.486541748047 186.290878295898 174.631497192383 134.738917350769 0 0 0 192.665447235107 176.516258239746 178.447537281474 162.618836296929 178.469891357422 214.495452880859 170.253341674805 220.050079345703 199.542989095052 182.281684875488 198.302047729492 0 141.982627565899 181.011536916097 126.878490447998 172.292566935221 186.933120727539 126.89565675155 189.065383911133 225.872329711914 188.308263142904 200.545416259766 196.718917491824 188.974334716797 184.855870564779 143.034671020508 106.754569175027 171.331108093262 170.382450397198 166.549446953668 207.846824645996 178.588439941406
48.4830157011853 34.2801849720697 112.492672574204 23.4508075964335 14.0064463980911 33.305350148559 54.6036014527586 88.5465119225638 83.2674656320125 86.0386186440786 62.6392309015447 60.4130377108881 127.65994644165 88.8852057664291 87.8035429329708 98.1486850954452 102.002511397652 115.307781378428 116.864934285482 88.3354496426053 93.098654207976 105.735158951556 102.207876586914 160.768531799316 108.44576680383 100.01594543457 113.406441221846 100.045179672241 50.2569176013837 26.6432900916588 22.4989514750205 52.7155574414561 77.2060427253629 75.6136677636041 92.6519775390625 78.7891798019409 78.884007173426 122.330210455533 112.933359956088 104.182933807373 80.4336144101888 139.435753562234 151.510247124566 115.372667948405 164.72444152832 132.982528686523 119.611308067076 152.925644723993 133.055229187012 156.315460205078 130.942814546473 150.883023695512 113.159880878769 82.0304621562822 123.192966104141 102.441822732142 38.6971141438088 63.5587932432714 96.7421836853027 72.7965847015381 127.652080370032 164.061184324067 152.962397822627 155.856262207031 119.528086242676 125.068836212158 56.3198163724118 111.898067111061 122.438493536774 169.123418807983 166.190817260742 77.1095830423666 94.2959741467107 70.1321519108142 63.5847217090166 127.152879333496 76.4543492760457 141.216281890869 93.8381650352478 0 172.939651489258 0 113.445910615741 88.7473544923326 97.4778117977347 86.6035342458951 92.7715144314609 174.421709333147 193.806477864583 0 143.41866929796 131.333422903287 152.751362936837 168.430696105957 172.749355813731 38.3609727295529 62.1977549719432 68.1950384431285 96.2283605804443 57.9019653948952 153.152620273166 147.71170425415 157.843802947998 154.059207549155 136.510219227184 147.637525460261 155.921032152678 148.249641418457 152.763336978742 116.438322555187 136.076633282562 143.820756960048 138.050491333008 164.770056588309 162.630475362142 169.235977172852 118.360862731934 168.683532714844 137.517143249512 160.128945159912 145.043767293294 164.876989576552 148.650211879185 157.963495669158 162.323049121433 165.21745300293 146.631048202515 169.277923583984 0 183.282638549805 166.886167738173 146.697877883911 133.028209817821 140.144864935624 128.195818583171 142.365731968599 0 148.76789855957 151.367330986157 146.101383375085 146.221157073975 148.354965209961 162.724655151367 181.275367736816 152.049195474653 0 162.983245849609 0 138.895030975342 169.72414449056 173.024969100952 187.375885009766 180.361395263672 0 0 0 233.172439575195 208.184270222982 187.485153198242 0 195.426999240451 178.158855759954 187.758358001709 171.252461024693 142.363587012658 198.667816162109 158.74924214681 187.974080403646 182.349449157715 131.079193115234 168.820541827999 150.874074599322 153.792163467407 174.400950113932 163.497360229492 193.761817932129 200.290634155273 188.783113479614 196.543518066406 0 131.325265927608 141.501229070848 126.235832977295 176.12636311849 172.938714599609 116.251594690176 204.465911865234 205.400733947754 193.129613876343 167.294312477112 191.152071311257 187.923043823242 179.417041015625 138.946334838867 112.87176951424 167.245783487956 164.620380946568 149.896770974864 170.657852172852 162.704236711775
50.8923878729563 41.6420104320794 43.9741662091389 22.3947556656882 33.305350148559 14.6557515002868 66.5575262280097 90.8044318847656 71.5256664209198 40.4809404823652 40.5322381630231 25.68118901644 0 102.145569574265 95.1571132518627 106.925675025353 98.8029123942057 134.977145724826 123.854953384399 109.814118703206 95.6854548454285 104.731101438734 90.4785981178284 157.075466579861 107.757097347363 87.3324966430664 153.66023050944 108.28640238444 70.7006409166663 47.0992135643639 49.42468714622 36.9266040818122 73.2739481194224 80.0276295501407 217.420669555664 102.077562332153 123.136604309082 115.216851552327 115.030537309318 181.164054870605 87.9056965295742 132.38258488973 157.06891708374 115.507574898856 0 143.455341448103 147.635581970215 153.290626525879 147.00092569987 148.473022460938 155.482888963487 159.251209077381 129.621876842571 101.033292671119 135.432047482195 109.804484231131 88.0777235825856 70.9497361812951 145.477316720145 85.3941497802734 138.633516458365 174.401307912973 159.863122049967 193.283098493304 141.979117499457 110.599987030029 84.4439301852522 148.007977485657 132.793517842012 177.974492073059 181.698608398438 72.1567227837895 94.6197063005888 74.6159391170595 77.4235455761217 137.225283813477 80.1987665237919 127.513721466064 89.5935415517429 0 187.775564575195 0 126.17972794062 105.711610342543 107.318591957904 98.6648530993782 126.781157357352 193.027889251709 183.859064737956 0 152.689183465366 139.347773109994 166.907559764629 173.702279483571 188.318204607282 41.766352182957 60.2292932017966 81.2649501932078 100.576202135408 76.1469868579543 152.563881273623 150.475553072416 154.733483100342 152.547215427913 141.851890489167 146.646133342448 152.119752435123 169.674823337131 139.318804886823 116.789733757407 132.613291382159 143.447926085549 162.867416381836 152.43620300293 145.608413696289 138.218530654907 137.284568786621 125.321464538574 163.587160746257 167.176484680176 160.689909501509 158.073439915975 162.055099487305 153.520921919081 158.843678358125 0 180.511741638184 198.465301513672 0 0 171.765607048483 165.581516810826 136.861784732703 142.119928537413 159.651916503906 150.672374810113 161.264450073242 0 154.059188998475 151.429605166117 170.64072265625 175.338817596436 0 173.087003919813 154.260029873001 0 224.892471313477 0 139.277093069894 175.66987101237 152.36855061849 188.08539835612 171.538553873698 219.900283813477 0 183.007286071777 224.413566589355 198.609077453613 194.622253417969 168.364837646484 200.951873366897 176.36907888829 171.419955662319 158.888227462769 148.942562527127 185.360504150391 173.477035522461 170.559997558594 178.755193536932 138.488952636719 171.290294502877 154.091805289773 149.663489023844 179.555953979492 179.907937186105 0 216.522720336914 183.043400355748 201.849482218424 0 133.352538139589 142.365032869227 135.049243927002 141.033934020996 177.470352172852 120.772581926982 0 174.928530883789 190.367345809937 167.50910949707 192.569198971703 191.561852591378 192.875714619954 142.509222412109 96.4913505826678 145.391649061634 168.36998474464 147.428815401517 196.105743408203 204.940453665597
23.3703803554253 56.2133298386308 56.283593720684 68.9456992091903 54.6036014527586 66.5575262280097 10.7174087192203 17.3782888702389 15.7325270491302 24.1493458678175 48.4887127013917 65.6800522346207 98.3979917253767 150.832776387533 99.5279846191406 0 0 148.68766784668 142.296056747437 0 116.048957400852 126.863185119629 119.588363647461 189.675340924944 138.243327549526 178.539810180664 192.950862884521 141.428855895996 33.6607782752909 44.0596025300506 64.1763214416504 85.1503849029541 108.026218609932 149.98409576416 174.518249511719 0 0 138.890518188477 0 152.741739273071 78.5489663720768 0 0 72.663688659668 99.0713506845327 139.905824449327 134.181803385417 186.345161437988 145.398309707642 120.442004612514 112.115380181207 135.883961995443 85.3595007992862 62.7194216309211 99.9045291680556 79.0707037382037 139.407455444336 168.762153625488 0 0 168.083674112956 181.817621866862 170.11073811849 0 186.01541519165 91.2383804321289 63.22986016129 144.768991470337 179.656196594238 159.964560614692 144.379002380371 71.61415417147 101.94372177124 75.458805847168 110.731436048235 171.085205078125 57.905405739052 67.424075027992 75.583963417908 147.798782348633 164.171081542969 160.002796173096 91.1494683525779 78.7186025915957 89.228790470488 109.401182301839 137.127346462674 178.038091023763 181.184341430664 136.474313100179 189.432000732422 105.897344556905 132.508757972717 135.470608711243 151.829388936361 87.470592074924 26.9732576640926 22.8556535545745 118.225162647389 99.1258163452148 144.901224408831 121.52880859375 139.856022960735 146.623809082867 135.196097878849 135.758622107568 132.710123697917 114.273475646973 136.939791644061 95.7811767871563 132.67899774622 143.698244680272 0 0 130.811233520508 0 0 0 183.271820068359 0 156.262242635091 185.342081705729 239.702682495117 180.140874226888 187.040798187256 0 0 0 0 0 224.559829711914 0 140.457362781871 154.527148016568 0 154.521057891846 0 0 163.543717193604 186.571807861328 0 223.180648803711 0 192.174789428711 159.487340545654 192.315902709961 0 0 149.056365966797 185.144470214844 0 178.777648925781 162.547375996908 201.667694091797 0 0 166.505264282227 172.190002441406 200.494832356771 198.465591430664 207.429677327474 197.324791541466 156.565574645996 107.812435150146 179.760884602865 0 0 202.241409301758 0 0 185.143060164018 158.677450180054 182.201090494792 189.600652058919 172.585174560547 177.488835652669 187.187881469727 191.047434488932 196.765182495117 0 147.425371523257 137.950201416016 139.883396148682 0 131.991271972656 135.373349304199 0 171.118438720703 184.94008745466 206.601638793945 198.162178626427 166.994289398193 173.588751656669 145.076732635498 78.9668760965037 169.603414916992 172.369088914659 138.802307128906 0 169.549560546875
18.4960768562621 67.880359918421 17.8030612447809 83.3717220467581 88.5465119225638 90.8044318847656 17.3782888702389 12.2243941030277 24.4633044511342 16.2821361365211 64.3050052309499 47.7046023438119 0 171.453643798828 182.405502319336 0 0 188.884452819824 0 0 112.233450390044 132.100345611572 0 179.505508422852 157.721136613326 190.5390625 187.755523681641 0 67.7309700079724 75.9038469608013 128.199586868286 106.529898961385 138.505397033691 192.291132609049 0 0 0 163.47966003418 0 183.284126281738 89.1953756315214 151.527153015137 0 170.763549804688 120.916175842285 179.252721150716 174.466260637556 226.94010925293 187.186614990234 126.635791778564 133.407794407436 156.858471039803 103.134984854496 84.0772842431218 121.0038671524 96.6407345940085 155.672055562337 139.534215291341 187.914825439453 0 0 0 220.32453918457 208.500057220459 178.408121744792 134.514390563965 79.4268497160111 179.827728271484 218.010876464844 167.027882167271 166.931312561035 101.74238740555 155.461680603027 94.1978009541829 178.320558336046 219.342732747396 83.4424697558085 97.2087421417236 96.7506100198497 182.002235412598 187.972373268821 0 111.561506967587 92.1951719061729 104.611381729963 118.442578077316 148.161720275879 188.872182210286 199.910415649414 185.261016845703 167.217229207357 125.980924505936 152.30693599156 151.623555501302 168.010311126709 174.711456298828 51.4068956831738 59.2065792631632 140.401816474067 203.287658691406 141.629408155169 138.994835593484 148.604324029416 147.537635334377 132.862765993391 143.041515303536 144.46657488423 131.116756863064 137.994057565365 114.830028187145 132.857715702057 145.250290957364 0 0 0 0 0 0 215.873657226562 0 0 0 0 0 165.750297546387 0 0 0 0 0 153.167605082194 0 143.214465671115 169.25525241428 0 193.73023223877 0 0 196.712044852121 0 0 132.73323059082 0 0 159.512496948242 0 234.132369995117 0 195.893157958984 234.020095825195 134.944793701172 182.005996704102 167.552408854167 178.704574584961 0 180.663721720378 213.308372497559 226.169082641602 0 0 191.363568115234 183.321107652452 178.810501098633 164.41513671875 155.048614501953 0 0 0 178.761774698893 0 186.023397272283 164.631851196289 0 0 0 203.2138671875 188.739135742188 191.81292288644 208.742665608724 182.309585571289 143.448260771923 149.438049316406 92.0716461181641 0 162.622245788574 138.994427998861 198.405380249023 161.279815673828 174.410898844401 197.084426879883 191.14085261027 182.240048217773 170.253025054932 167.407498168945 79.7559717163559 129.927082061768 189.813465118408 172.632415771484 0 0
61.1740279509642 76.5779403403953 70.7066311836243 79.641850789388 83.2674656320125 71.5256664209198 15.7325270491302 24.4633044511342 4.94117029284088 17.2745255262037 40.9237274427093 65.2117362186826 80.1610218394886 0 0 0 84.6078567504883 185.69841003418 135.736067199707 0 91.9342926487778 89.5885930591159 76.9899888038635 154.66029103597 85.6215887803298 109.060493469238 144.381248474121 0 75.054847240448 73.2984264373779 86.0074610392253 64.9230102962918 66.3584105751731 179.022323608398 0 166.839752197266 0 146.02045694987 169.381423950195 149.598644256592 95.4574486517137 205.227951049805 151.854609171549 62.9786900111607 88.2827932969579 102.69662386872 97.4006492614746 0 0 109.322514508222 122.445213317871 164.104751586914 53.3484369424673 85.1954994895242 98.6457436425345 92.6715408325195 79.404052734375 71.1918983459473 84.9472274780273 0 169.345573425293 180.04313659668 135.864410400391 118.465682983398 0 81.2243955627946 85.9217133294968 101.133113437229 128.736297607422 0 187.261520385742 58.6755975871152 71.6951303067415 49.9216395384513 77.3315927065336 151.232040405273 42.8409082867228 55.8074584934447 60.3127915086237 143.455487012863 176.030366685655 138.290304775896 113.389987763904 104.735543012619 105.659505208333 102.20323527943 87.4505731919233 148.581713923702 140.330345153809 128.380112698204 115.526369367327 111.32253519694 173.262321472168 0 0 74.3523624126728 13.0485677932096 18.9248433322052 95.7307169437408 121.123458862305 0 0 200.529479980469 155.820896148682 0 145.621439615885 0 0 0 0 0 136.707916259766 129.211822509766 0 143.274669647217 122.611753845215 200.778823852539 150.421092987061 118.376770019531 157.123672485352 120.345574118874 128.804387606107 113.988521575928 163.850082397461 0 0 102.968589782715 0 0 0 0 0 145.414733886719 121.987725394113 0 128.276679992676 0 129.072555541992 123.825350674716 142.466051737467 147.85139465332 0 0 0 174.869115193685 182.042587280273 151.993499755859 0 99.6768159866333 166.950996398926 132.438552856445 206.480484008789 240.168685913086 0 0 0 211.039799616887 0 185.692938668387 228.808278401693 0 205.2607421875 0 0 118.800559997559 0 0 159.85041809082 186.470733642578 0 196.26908493042 129.541732788086 125.271270751953 0 148.148971557617 164.309524536133 206.469009399414 216.959381103516 160.362232971191 157.88077545166 129.67397516424 112.213522169325 70.0487747192383 0 191.036743164062 123.013130950928 0 0 208.17128499349 143.898208618164 0 189.113744099935 177.620178222656 159.540130615234 78.2889995574951 0 155.572929382324 197.151000976562 0 0
33.1489476389054 45.259269475559 27.286369534907 38.3964755382649 86.0386186440786 40.4809404823652 24.1493458678175 16.2821361365211 17.2745255262037 10.8599649025423 14.1408443386213 25.4539511963637 0 97.6706962585449 0 0 0 0 0 0 85.8470295497349 94.868571472168 0 163.916042327881 138.677508036296 0 178.669464111328 0 76.4163080643634 94.9499285641838 86.9831846872965 67.9544324239095 60.1238230750674 133.981634140015 0 0 97.283561706543 157.995069885254 0 0 90.8732282252399 0 178.766311645508 0 106.704174041748 0 158.880767822266 217.932479858398 135.862775166829 125.755424499512 141.223036766052 146.245356968471 87.1010093351381 94.6873774879857 127.2549206902 103.142502162767 129.388786315918 123.184661865234 0 0 198.67338180542 205.11954498291 202.524291992188 0 233.050938924154 104.673151016235 92.8765669430003 167.440217590332 167.692316691081 183.408493041992 175.340835571289 27.1151144041878 89.4425369262695 49.9640799398008 87.3867719438341 198.536125183105 22.4172454268354 69.3253835042318 30.4786394629915 0 193.388397216797 0 120.067893586172 104.684269982415 107.20018024104 97.6960842298425 179.788597106934 243.687408447266 202.378087361654 0 175.041264851888 129.665855407715 155.992991638184 164.279013061523 179.548884073893 84.3947544779096 23.3675628351341 47.9223607172285 107.380418777466 101.866230964661 130.691337347031 124.329202651978 132.806349877845 130.646790062373 116.76082569844 125.303429985925 131.839222958213 116.547129737006 127.814769245087 99.3734163752573 116.346102858142 123.249894001173 109.203407287598 0 116.276950836182 0 0 0 174.433331807454 209.117782592773 145.153864542643 123.946857452393 97.2697448730469 117.460754394531 146.059248962402 0 141.35888671875 0 0 0 146.699236062857 120.0966796875 115.769241979567 122.968023853917 0 137.462849336512 0 0 167.298202514648 120.653873443604 0 164.005945841471 0 158.368818918864 145.977537439225 133.527236938477 125.483406066895 0 138.359153747559 198.623779296875 156.419876098633 152.084386189779 172.579610188802 179.051109313965 0 157.897084554036 223.796417236328 0 231.021606445312 167.440002441406 175.742603556315 169.427335030692 164.579997253418 152.365896497454 125.53777923584 0 170.901992797852 0 151.573657226562 129.242366790771 159.140605568886 139.356646060944 146.793902587891 107.933219909668 128.560440063477 161.273971557617 175.89084370931 149.307281494141 192.855941772461 0 111.287432849855 144.114637756348 77.8265045166016 110.663024902344 141.212539672852 95.5222415924072 0 140.018595377604 160.814105563694 147.937632242839 173.686134075296 167.135757446289 163.106597900391 119.726834383878 67.2000180668914 124.31157541275 155.606609433196 133.286794389997 0 152.923891703288
82.4106281627308 84.3323384641691 78.1633224022098 76.0736979973025 62.6392309015447 40.5322381630231 48.4887127013917 64.3050052309499 40.9237274427093 14.1408443386213 8.86301214862088 25.9986108476873 0 110.315444946289 99.5715497334798 96.7322616577148 113.000986735026 97.9688415527344 130.551288604736 0 90.4203211028 92.7051292868222 85.1844787597656 136.729034423828 83.3777431619578 0 115.972305297852 114.975351333618 80.1941055558686 69.6687007206743 68.1824383428919 27.102798965742 54.1178768015353 78.5499753537385 77.7411727905273 0 111.574333190918 88.2277755737305 118.060279846191 151.324630737305 81.9611829443823 157.51496887207 0 94.5839538574219 111.63688659668 157.25288609096 138.549809265137 0 144.841674804688 0 159.582611083984 171.388044084821 111.632079060872 105.75457291376 134.811695240162 106.276179438052 111.788237253825 67.7058762141636 0 0 147.010669708252 174.652221679688 145.575981140137 205.183441162109 119.608749389648 178.264053344727 86.4792186670136 244.079132080078 138.610726928711 173.157684326172 167.594161987305 17.2942923148993 91.2399817958023 43.4757173810686 73.355657318492 138.884155273438 16.5373058763769 0 38.4490739474136 0 0 0 128.434157701408 107.886976528168 103.603251172351 89.4697356405137 123.864895820618 0 217.742599487305 0 139.78303527832 135.603952407837 162.178930664063 0 157.554870605469 64.0973666333777 23.5927779316902 61.7612992046035 80.3775927038754 66.4499554841415 136.826424940577 139.450121561686 137.842661338629 136.750706003226 123.931748708089 129.359033701371 134.352597945776 136.428796386719 134.964885426991 96.3860057649158 117.961976434767 123.541222666212 0 0 0 0 0 0 0 171.633781433105 154.841171264648 0 0 120.803872426351 136.565035502116 0 0 0 0 0 129.080773353577 147.944329833984 116.008811614093 123.117858628095 123.805591583252 121.35337301401 233.728500366211 0 150.357459174262 150.08186340332 0 191.364524841309 0 145.771255493164 137.55268900018 0 0 0 174.766616821289 0 134.431335449219 156.421646118164 166.674652099609 170.10669708252 0 172.682978312174 0 201.31583404541 0 232.581207275391 182.208707173665 160.121156434755 165.330220903669 140.758233642578 119.763114929199 0 0 0 152.416572570801 129.128601074219 154.96669059576 134.763003455268 139.325052897135 112.54020690918 0 0 190.457920074463 162.094268798828 231.930526733398 0 115.299751758575 127.714335632324 0 137.991207122803 209.51513671875 95.0915337278132 0 150.067794799805 165.982238769531 153.750220162528 169.461433254943 162.767791748047 188.261723836263 128.749228286743 76.5819777778957 144.146074676514 151.609288237816 119.348031616211 0 0
57.7065445037148 54.5793794549398 34.7179570291757 31.030608335732 60.4130377108881 25.68118901644 65.6800522346207 47.7046023438119 65.2117362186826 25.4539511963637 25.9986108476873 18.209021577654 0 113.035728878445 104.437463004634 118.200295392205 124.291766166687 126.867551167806 94.7239594710501 112.790762583415 100.284131079404 102.127952307986 98.1660146510347 148.490886688232 104.552559879848 141.02215830485 160.258408864339 129.283533179242 89.4862274957173 70.7774635397496 77.0313673583217 45.9351270849838 53.1845975070143 69.5958715377877 0 96.8311475118001 113.934213256836 102.237048255073 138.787628456398 143.111740112305 94.8052414990748 151.645865631104 187.942472185407 112.43736038208 167.806694030762 155.714294021194 155.083957145954 174.113000052316 172.352475484212 204.302597045898 155.856441000234 174.637863560727 128.498642086983 112.834534202557 149.171943448333 115.911119679313 108.06686369578 64.7310909611164 119.169747161865 156.559013366699 150.533837837085 176.501482137044 179.02633412679 181.697650273641 145.834774897649 0 97.1502063560486 153.704966227214 148.216256752992 185.371281215123 192.514091491699 43.8701069420375 68.1822471663743 71.117209555886 81.7557938392848 143.496242298799 30.5321290095647 112.411050796509 41.1645244639144 243.154449462891 195.985433578491 0 135.531140244072 113.272783918059 113.815188010914 103.284945007443 136.969506944929 197.312519618443 190.319771660699 215.427886962891 165.593779465248 145.906269555804 173.811561698344 176.724318560432 175.224238804408 72.5102119758211 55.9754116913167 86.3158894227352 100.422633158886 82.7722809113652 155.032715862194 152.579370880127 155.384216592783 156.248713630006 140.45908024272 150.653181855005 157.025222442435 154.82669766744 120.540611877059 121.359924237208 139.182124807092 145.197241442011 140.132949829102 179.295272827148 142.981887817383 176.842623029436 0 163.038902282715 182.08010559082 192.301292419434 157.299980163574 181.807884216309 161.334609985352 159.118296813965 161.579785899112 151.612811279297 162.519938877651 0 0 226.748687744141 161.534600691362 162.961314481847 137.473544442193 144.400916684372 137.639469146729 144.19320489502 0 0 159.654772691324 156.117282000455 166.279291788737 189.753946940104 236.139129638672 175.236576704545 159.874047635782 205.436599731445 199.345367431641 122.311805725098 147.551486333211 188.408190727234 159.505693435669 181.585245469037 174.72788269043 199.865020751953 0 197.879806518555 234.251091003418 208.314413070679 191.648763020833 211.349355061849 197.752012365005 180.370032377021 171.892050799202 174.260751672693 142.740336549048 161.555465698242 194.451446533203 178.618293762207 172.810097588433 143.319677734375 173.290921749405 155.660696924949 147.010035081343 187.538653564453 193.935495376587 207.288696289062 210.620715332031 186.956647985122 198.034618123372 208.830978393555 132.635077017325 143.841977164859 123.782440948486 193.141532050239 173.522232055664 118.364229618818 200.523716517857 173.064083862305 194.753458093714 175.702458699544 191.984019043957 187.510364350818 186.574462164016 146.959064176713 95.1683316862518 151.342830145537 170.431389015599 141.472016107468 196.164784749349 163.745586819119
125.234230041504 213.134246826172 0 0 127.65994644165 0 98.3979917253767 0 80.1610218394886 0 0 0 9.68176968621744 106.631933371226 83.0189900716146 98.9757334391276 61.4753054512872 54.3223269287969 29.7607679753045 64.5099719141571 110.289161682129 81.1738128662109 93.49791208903 87.8600578308105 185.162734985352 74.6572596232096 83.4307315614488 61.8756663435597 131.910090446472 122.366355895996 169.038421630859 237.943695068359 114.264266967773 143.157357788086 92.0185230800084 77.9765319824219 87.1718521118164 60.2142907722511 51.2581049048382 90.3413356912547 93.2325434684753 84.8088764614529 95.5021203358968 30.2394520602767 19.6741870803475 29.8440593198309 119.335497342623 153.64758682251 111.259658813477 71.0634503286393 0 0 170.527923583984 127.823160807292 142.314346313477 0 0 88.3926391601562 107.25216293335 71.1054267883301 104.770921707153 117.97322845459 111.790664672852 186.470209757487 61.7004902839661 22.0488427760943 169.580299377441 175.517323811849 138.207591247559 166.018707275391 119.347015380859 75.622699991862 69.1337169821745 35.4034641000499 119.250525156657 130.491051991781 64.8449297587077 33.6309670980464 60.5326213388935 118.18231455485 161.051879882812 96.0519568703391 0 191.446281433105 125.58020401001 0 202.443420410156 113.538340759277 114.04643943093 73.8070668720064 101.242925026838 0 0 111.41284942627 117.61981455485 101.396255493164 70.1910713615767 100.551988846216 135.672973632812 86.339241027832 0 137.195449829102 0 162.214752197266 0 148.66480255127 195.32551574707 106.000289916992 0 0 0 165.147148132324 122.45022054819 88.5835697434165 63.3362654977183 102.682904720306 97.3724594116211 89.0990206400553 111.013691902161 75.654072355341 109.103822547269 87.7180766126845 99.2556208071501 0 170.330688476562 130.57194519043 134.490478515625 103.011713027954 0 91.761684205797 151.686447143555 122.121765136719 0 122.788757324219 0 127.154514857701 110.360694885254 108.792770385742 115.785245063977 117.350614776611 72.2219437320216 165.252897262573 86.6783563021956 0 155.377128601074 125.052143859863 60.3292611440023 61.2546508006561 86.7009500949941 76.2180533736191 148.606414794922 163.946594238281 152.015365600586 181.086822509766 0 98.5547637939453 173.308517456055 0 0 188.360885620117 0 207.214782714844 191.739242553711 160.269149780273 0 145.420606340681 78.4726497650147 93.7391256852583 129.731750488281 36.5709758931069 184.073361714681 178.451271057129 130.612649917603 126.573518541124 124.045272827148 112.206024169922 152.777526855469 141.943166097005 98.9377731747097 124.65400390625 117.854363577706 107.743691889445 45.6718435228968 140.803812299456 136.693159920829 115.935375467936 102.111785888672 101.553206634521 163.587310791016 0 0 141.449900945028 149.638804117839 232.435333251953 91.6795959472656 120.841009140015 161.938537597656 0 155.530703226725 0
177.38996887207 148.605407714844 178.178611755371 145.52587890625 88.8852057664291 102.145569574265 150.832776387533 171.453643798828 0 97.6706962585449 110.315444946289 113.035728878445 106.631933371226 21.0350082654039 16.1084120918861 43.0392540522984 22.1478281033291 83.8297315346178 89.8409306065098 67.5913407812814 105.790481185913 102.465054512024 67.9798778258648 58.2716647254096 105.494183063507 56.7784821528085 35.663583405351 27.8657203759297 102.451158077686 91.5445923805237 81.5956361861456 91.1863188743591 122.100825718471 61.3312141990662 26.6184579496275 26.128669582383 50.1013452926454 95.2205614956942 65.7405791533621 43.7328475773005 77.9009391061621 73.4341663267554 70.744490438892 104.555857181549 80.2074381510417 104.266275740643 60.1531512726953 108.772765494682 98.9845027923584 101.236877441406 209.094665527344 183.853164672852 153.71068572998 126.552048873901 171.385126113892 130.448832702637 93.8832255808512 60.8490641868278 42.4305355817236 38.4720221828103 89.7537775780871 117.30062383535 93.7758428846087 71.0722394053141 53.9572340245584 109.833292961121 103.675518421992 61.6427422293676 75.1963286283022 134.317537827925 128.418452739716 131.584526606968 121.063646554947 63.8338948763334 71.2275478107643 82.1489087059384 99.2549209594727 131.497056325277 134.183270454407 0 161.90259552002 0 152.817318331811 126.853617389386 141.889495849609 117.366425555685 113.238346862793 163.269666671753 134.025369644165 166.232134501139 113.980114423312 131.807821001325 121.619186401367 136.631830215454 118.303936866022 83.7546755829333 89.3600578308105 117.010723994328 118.980012746958 73.899343669924 0 0 0 0 0 182.112091064453 225.022567749023 122.438848223005 0 131.515380859375 0 160.94792175293 116.948686541933 108.485738268086 107.232115187735 103.884146600021 97.9497985839844 103.648221604876 105.304580221371 113.543875348437 113.734927743008 110.16346272868 108.643583318782 114.214172363281 151.025039672852 99.0755271911621 129.649477277483 157.723452250163 128.296852111816 117.863586772572 149.605995178223 133.604522705078 211.988845825195 128.69574991862 115.795562744141 137.885367126465 125.717660268148 103.577839533488 115.452613351426 116.478051912987 117.107653808594 122.250543721517 134.002695719401 0 151.933837890625 149.413707733154 136.703674316406 109.639030456543 97.0862279378745 127.969342252943 141.805173238118 206.981658935547 174.555196126302 0 0 144.827992757161 228.133377075195 0 0 0 245.981811523438 208.053741455078 176.088729858398 0 136.949356079102 114.339719136556 121.685511681341 160.695738474528 152.954742431641 122.74225692749 160.550888061523 158.440900166829 0 125.072771072388 168.484013875326 159.611061096191 209.068486531576 173.804672241211 141.736557609157 147.508244832357 130.079892794291 112.970318418561 68.9746047242047 170.614633178711 145.48371887207 115.217669487 0 163.032854715983 150.078536987305 0 0 185.785382080078 182.189208984375 0 128.064729543833 140.291534423828 0 0 0 223.155181884766
