44676 9974 18012 1946 1105 2151 12929 11757 150 4534 317 2302 1 3 1 6 1 1 2 1 227 53 5 12 11 3 3 5 9758 11006 502 46 46 22 1 0 6 25 1 4 447 7 20 1 3 4 5 9 81 16 125 289 1168 1468 327 221 76 21 0 1 10 15 15 2 9 3 125 6 14 57 53 172 19 40 32 9 57 1 139 14 381 16 2266 565 976 16 10 88 138 15 48 418 192 79 150 139 115 1812 16 8 8 6 40 2 7 64 8 17 42 22 69 53 0 0 0 0 0 0 0 0 2 0 3 1 4 0 0 0 0 0 17 3 8 56 0 9 0 0 8 4 0 1 0 5 3 0 1 0 0 1 0 3 2 0 0 1 7 4 6 16 2 7 2 8 5 0 0 2 1 0 5 7 0 0 1 0 4 10 9 1 123 20 8 2 0 57 1 0 7 1 9 5 1 4 60 4 4 2 0 1
9974 14250 7579 8942 2662 4421 1069 568 58 578 558 3390 1 0 3 1 0 2 0 1 328 95 8 20 19 2 1 1 2095 8600 611 38 38 17 0 0 8 31 2 5 314 7 18 0 3 3 1 11 41 2 48 102 324 541 101 195 85 21 2 0 5 12 5 1 12 6 128 6 18 24 17 175 10 26 30 9 57 2 127 10 169 4 967 405 1007 42 13 45 72 6 31 178 88 33 76 128 85 364 41 7 10 11 66 7 17 164 15 34 70 43 132 107 0 1 0 0 0 0 1 1 1 0 0 2 10 0 0 0 0 0 34 3 18 89 0 20 0 0 11 1 0 2 0 1 5 0 0 0 0 0 2 2 2 0 0 0 0 2 6 5 7 6 1 20 5 0 2 0 0 0 23 13 1 0 0 3 1 2 1 0 235 29 7 5 0 82 3 1 4 1 26 2 2 6 134 11 7 1 0 3
18012 7579 6372 11193 337 1298 969 2799 284 3773 1066 3217 2 1 4 9 4 3 1 1 878 267 14 56 21 4 5 11 1273 758 163 26 37 13 0 0 1 19 1 9 783 14 42 0 6 9 3 15 118 14 121 244 642 1003 222 445 97 25 0 2 23 32 31 4 6 4 286 5 23 87 53 243 33 79 45 10 183 2 156 19 414 9 2225 912 2072 78 26 141 198 20 82 487 223 101 227 137 239 394 107 14 63 60 306 48 75 617 68 117 286 187 594 478 1 0 2 0 0 0 1 1 1 0 0 9 29 0 1 0 0 0 116 10 79 343 0 62 1 0 33 7 0 3 0 7 26 2 2 0 0 5 2 5 6 3 1 2 8 17 7 20 49 33 10 73 41 0 1 3 1 1 62 46 3 0 2 2 8 9 9 0 809 124 26 10 0 312 3 3 25 4 74 8 10 23 505 46 21 1 0 12
1946 8942 11193 16417 5405 6311 282 97 36 290 310 6375 0 0 1 1 1 0 1 1 244 133 0 20 10 1 1 1 622 1852 261 9 16 5 0 0 3 8 0 2 141 3 9 0 0 2 1 3 14 0 7 16 91 132 36 63 50 11 0 1 3 6 3 1 1 4 67 0 4 8 2 101 5 23 11 1 56 0 67 3 33 3 245 132 410 19 2 6 16 1 4 47 27 8 21 57 92 90 40 4 10 18 103 15 30 227 26 74 117 44 192 157 0 0 0 0 1 0 0 0 1 0 0 10 11 0 0 0 0 0 47 4 23 129 0 22 0 0 12 3 0 1 0 5 10 0 1 0 0 2 1 1 1 1 0 0 0 3 0 2 6 11 3 19 17 1 0 0 1 0 20 19 2 0 0 0 3 0 0 0 245 43 5 3 1 133 0 0 3 3 15 1 2 9 153 11 15 0 2 9
1105 2662 337 5405 13018 12801 1170 142 63 159 165 6623 4 0 5 2 4 3 7 2 492 260 18 28 23 7 1 6 3015 5567 6483 1810 912 98 0 0 9 134 2 3 237 6 15 3 1 41 13 24 21 5 24 47 291 539 94 121 811 97 2 5 8 14 18 1 13 3 202 13 24 20 20 1299 167 38 129 7 75 5 1166 4 98 3 703 308 728 51 18 18 36 10 28 99 54 21 62 1050 271 459 65 73 12 11 43 9 13 122 9 19 34 32 103 65 0 0 2 0 3 0 1 2 3 0 1 3 5 0 0 3 0 0 30 3 15 83 1 24 0 0 16 6 0 3 1 1 10 0 0 0 2 3 0 2 3 0 0 0 1 1 4 4 2 16 5 8 9 1 1 1 0 0 15 17 1 0 0 2 1 2 7 1 214 44 13 8 2 121 1 3 3 3 11 3 2 8 122 4 2 0 1 2
2151 4421 1298 6311 12801 11466 980 172 47 190 141 10036 3 0 0 3 2 3 8 2 396 226 13 26 12 5 3 1 1553 2886 3031 2490 894 62 0 0 8 81 1 8 158 5 14 3 2 23 6 9 20 3 13 47 230 359 67 75 145 68 5 2 3 9 8 1 3 3 95 17 15 10 9 1265 93 36 92 4 87 3 863 3 53 2 432 230 512 33 14 21 26 9 11 89 34 20 37 443 239 346 69 12 19 21 91 13 20 220 18 44 102 49 220 135 0 0 2 1 0 0 0 1 3 2 1 9 8 0 0 0 0 0 50 5 21 133 0 24 0 0 10 11 0 0 0 3 8 0 1 0 1 11 1 0 3 0 0 0 0 5 1 8 13 12 1 14 19 0 1 1 0 0 21 10 3 0 0 2 2 0 5 0 288 52 8 6 1 169 0 1 4 3 23 1 2 16 188 11 15 1 1 2
12929 1069 969 282 1170 980 12885 7641 2145 2844 273 1448 0 0 3 7 0 2 5 0 81 39 9 9 4 0 2 5 2760 1935 1220 115 107 32 0 0 13 38 1 1 70 2 13 1 4 3 3 10 23 10 59 107 1551 1842 336 58 78 28 1 1 5 12 3 0 3 3 49 3 14 37 13 268 29 28 33 3 85 0 291 7 158 7 1399 179 191 7 3 40 46 3 11 172 95 25 46 251 290 4980 18 22 3 6 37 8 7 61 14 21 33 29 76 55 0 0 0 0 0 0 0 1 1 1 2 2 4 0 0 1 0 0 12 3 15 51 0 9 1 0 7 5 0 1 0 1 7 0 2 0 0 5 0 2 5 1 0 0 3 1 5 12 2 5 0 8 10 0 1 2 1 0 11 4 1 0 1 0 4 2 7 2 128 27 3 5 0 64 1 1 8 1 8 3 4 7 76 3 3 0 0 2
11757 568 2799 97 142 172 7641 22345 1992 17393 834 967 0 0 0 2 0 0 0 0 55 24 2 5 3 1 1 2 355 552 59 18 18 3 0 0 1 8 0 0 170 4 10 2 3 3 0 9 47 16 68 223 1092 1224 321 95 16 5 2 0 4 9 6 0 1 3 35 2 5 51 29 110 7 43 11 5 95 2 90 11 262 16 1720 197 254 5 4 45 60 13 27 256 153 48 69 42 132 872 4 5 3 7 41 4 10 107 7 28 53 44 91 81 0 0 0 0 0 0 0 0 0 0 1 2 2 0 0 0 0 0 23 4 11 54 0 23 0 0 5 1 0 1 0 4 9 0 0 0 0 2 1 1 3 0 0 1 4 4 6 13 2 5 3 11 16 0 1 0 0 0 12 6 1 0 2 1 3 1 4 0 154 28 5 2 0 74 3 1 7 1 9 4 3 8 55 5 2 1 1 6
150 58 284 36 63 47 2145 1992 963 2232 511 547 13 0 0 0 0 0 1 1 52 39 7 4 14 0 1 2 65 67 36 11 31 5 0 0 0 10 1 1 44 1 4 4 123 25 5 5 2 131 23 51 388 137 87 11 8 3 0 0 1 3 11 0 0 48 10 8 4 4 9 371 42 125 21 1 641 35 229 26 70 115 161 24 58 1 17 137 69 108 67 44 8 4 13 76 2772 1172 9 2 9 10 20 4 7 48 8 8 32 14 43 35 0 0 2 0 0 0 0 2 1 0 1 3 5 0 0 0 0 0 19 1 7 38 0 18 0 0 9 3 1 1 0 4 7 1 4 0 1 15 1 6 10 2 0 1 7 3 7 4 4 9 1 9 2 0 0 1 8 1 18 8 2 1 4 5 3 4 38 7 84 31 5 3 3 54 2 4 7 1 9 25 4 4 42 1 6 0 0 0
4534 578 3773 290 159 190 2844 17393 2232 28902 14095 17643 0 0 2 4 3 0 3 0 188 94 7 10 7 0 0 2 417 416 81 31 49 3 0 0 1 17 1 0 339 7 15 6 7 6 4 8 55 22 110 293 1216 1203 412 169 32 10 0 0 6 16 8 0 1 8 78 2 12 67 46 728 18 78 18 11 517 2 364 21 381 22 2006 358 618 24 13 74 113 19 35 393 195 83 115 107 2414 1324 31 9 41 42 233 34 44 465 39 108 204 146 426 339 0 0 0 0 0 0 0 1 1 0 2 16 23 0 0 0 0 0 70 8 55 253 0 46 0 0 13 2 0 2 0 12 14 2 1 0 1 1 4 5 4 4 0 0 11 12 10 23 30 24 9 41 29 0 1 0 0 0 46 35 2 1 0 1 13 8 5 1 509 82 24 10 3 230 5 6 14 4 35 2 8 21 392 30 20 3 0 11
317 558 1066 310 165 141 273 834 511 14095 2475 4834 0 0 0 0 0 0 1 0 72 27 2 5 1 0 1 0 139 321 46 4 2 3 0 0 0 6 0 0 78 1 2 1 2 0 0 1 9 6 9 43 177 134 55 29 8 3 0 1 0 3 1 0 0 2 14 1 4 8 2 411 5 17 5 1 86 0 217 1 57 1 244 59 144 2 0 13 10 4 6 54 29 7 16 18 1417 262 8 1 34 21 157 25 33 303 38 68 139 93 298 229 0 0 0 0 0 0 0 0 0 0 1 1 5 0 0 0 0 0 57 2 42 143 0 8 0 0 3 3 0 2 0 1 6 1 0 0 0 1 1 0 3 1 0 0 2 4 0 3 18 19 11 27 14 0 1 0 1 0 27 18 1 0 0 0 5 2 1 0 332 23 6 3 0 72 0 0 2 2 22 0 1 10 324 24 8 0 2 4
2302 3390 3217 6375 6623 10036 1448 967 547 17643 4834 30882 1 0 1 3 12 0 9 1 939 491 30 59 36 3 4 3 1921 2893 1989 1099 1278 94 0 0 15 110 7 14 488 6 27 3 4 12 11 7 35 8 41 121 478 638 129 196 205 122 1 3 10 12 7 1 4 1 185 24 13 29 25 3267 168 96 193 6 305 4 2147 7 160 5 1017 375 1171 61 26 39 56 12 24 179 82 36 91 833 1812 794 164 17 134 114 848 111 153 1658 176 329 806 450 1569 1309 2 0 0 1 1 1 1 3 7 3 3 32 56 0 0 1 0 0 331 31 174 829 0 115 0 2 52 17 0 5 0 18 67 0 2 1 5 10 3 2 1 10 2 1 8 22 4 8 70 113 36 151 111 2 4 1 0 2 172 97 8 1 1 5 21 1 7 1 1962 249 29 29 0 729 1 3 12 12 153 4 18 72 1523 106 45 6 2 25
1 1 2 0 4 3 0 0 13 0 0 1 2235 1 6 7 2 28 3421 8 2 3 2 14 7 1 4 10 5 2 1 4 8 0 1 0 0 416 15 1 29 11 100 3416 1494 1545 3 10 5 54 2 0 3 2 3 0 3 5 1 0 44 11 13 30 74 826 9 2 92 4 15 67 1619 745 2 11 321 195 813 1 17 9 5 7 5 1 2 76 98 115 70 10 0 6 34 8 116 4 3 3 0 0 0 0 2 3 0 0 0 0 0 0 3 117 973 13 2 117 9 1684 18 844 18 1 3 1 1 81 2 63 7 5 4 3 0 13 4 0 20 12 400 0 225 0 2 86 141 208 44 3919 4 11 26 0 1 9 3 3 0 12 1 2 0 2 7 5 350 185 30 172 4 2 8 5 70 448 3 8 363 45 2 10 183 3 32 14 1 4 11 0 3 69 29 13 3 0 0 0 0 1
3 0 1 0 0 0 0 0 0 0 0 0 1 3854 3962 1440 958 26 36 27 108 40 242 210 15 18 4035 5806 34 4 4 2 9 86 4734 1548 488 53 317 674 323 16 133 0 1 26 260 59 30 0 1 2 5 14 1 6 43 20 445 26 35 30 29 227 1292 0 40 162 701 10 4 2 5 46 72 56 0 0 3 0 1 0 8 18 11 8 41 4 11 0 6 40 0 7 57 13 2 1 5 14 0 0 0 0 0 5 0 0 0 0 1 3 165 39 9 71 11 121 39 94 114 441 94 9 11 0 2 17 8 28 6 2 7 6 0 8 30 16 79 54 15 84 6 3 11 10 0 1 56 45 20 1 1 0 0 0 0 0 0 0 1 0 0 0 4 20 5 7 0 0 4 4 1 9 2 8 1 0 3 3 13 35 7 3 1 13 0 0 0 3 1 2 3 6 2 1 7 0 0 7
1 3 4 1 5 0 3 0 0 2 0 1 6 3962 5830 8759 1005 198 199 1183 137 63 287 138 6 12 1503 9221 39 3 4 2 8 20 973 98 86 85 1010 113 604 71 177 0 2 99 55 214 100 0 2 0 5 11 1 5 18 11 62 1 235 118 16 85 1348 0 22 54 954 23 44 3 8 48 56 146 2 0 3 0 9 0 11 4 15 8 15 20 51 3 30 119 4 26 205 12 0 2 9 13 2 0 0 2 2 6 0 1 0 1 2 1 239 41 29 118 11 91 49 135 126 396 82 21 42 2 12 13 4 44 3 3 6 18 2 18 52 18 84 68 29 127 20 1 25 13 4 1 60 106 48 3 2 0 0 0 0 0 1 1 0 3 0 0 5 43 7 10 4 0 13 3 5 15 9 16 0 2 22 9 11 44 5 7 0 26 0 1 2 1 6 14 1 7 1 0 14 3 1 14
6 1 9 1 2 3 7 2 0 4 0 3 7 1440 8759 6012 1955 7576 5792 1547 77 45 169 1360 21 18 731 5374 99 21 13 2 7 37 18 1 123 367 351 44 1453 236 931 5 2 300 26 46 236 2 13 2 11 21 16 6 70 40 17 1 246 50 62 98 178 2 36 43 79 70 18 7 49 119 143 30 6 22 14 1 21 0 35 6 26 1 15 28 77 5 44 417 9 102 630 36 5 6 9 25 0 1 0 0 2 9 0 0 0 0 6 5 583 387 208 280 16 446 33 595 155 1968 84 13 31 2 21 102 39 495 4 3 8 24 6 36 135 16 129 59 302 233 138 3 23 34 5 70 220 143 31 6 7 0 1 1 0 3 1 2 2 0 0 3 7 49 9 30 1 5 10 2 5 7 8 29 4 2 22 4 11 77 26 5 4 41 1 0 6 2 4 12 8 14 1 1 10 1 2 9
1 0 4 1 4 2 0 0 0 3 0 12 2 958 1005 1955 1449 109 958 1202 312 171 325 106 49 33 73 660 19 2 10 5 4 18 68 9 105 957 187 143 360 34 116 15 2 125 73 80 34 1 7 1 4 13 7 6 31 24 12 1 261 33 7 19 136 1 10 20 136 6 15 9 22 81 74 46 7 38 14 1 4 3 17 9 38 13 17 13 22 1 30 45 1 17 68 18 5 0 29 11 2 6 5 1 16 18 2 2 0 2 9 12 445 46 19 216 40 39 79 54 274 317 116 68 138 3 24 35 13 47 18 22 16 47 11 70 61 41 278 171 10 390 7 9 65 11 0 3 113 68 240 3 7 1 2 0 2 6 1 2 9 9 1 3 21 118 20 10 2 2 71 24 13 58 4 25 2 1 13 4 52 193 8 48 2 117 0 0 2 21 21 6 13 32 7 0 54 12 5 99
1 2 3 0 3 3 2 0 0 0 0 0 28 26 198 7576 109 11953 11509 191 16 21 32 1784 26 6 494 506 8 1 3 0 13 12 2 1 12 377 2747 23 776 520 1946 28 5 2140 11 71 32 1 1 0 5 3 3 4 14 6 2 1 3239 41 67 389 288 14 20 13 105 13 27 14 155 564 25 42 5 35 20 1 6 0 7 6 14 4 16 22 32 6 47 44 0 4 151 18 0 0 4 3 0 1 0 0 6 6 0 1 0 0 2 2 282 999 913 145 8 1090 51 2060 148 4221 176 14 21 1 9 341 44 1087 4 1 12 10 4 43 88 6 138 84 1419 81 763 3 24 29 28 363 304 521 23 3 9 2 1 2 1 1 0 0 1 0 0 1 12 31 47 134 5 25 10 3 21 23 3 83 0 2 42 2 11 66 100 9 0 31 0 0 0 3 3 10 10 28 1 0 7 0 1 4
2 0 1 1 7 8 5 0 1 3 1 9 3421 36 199 5792 958 11509 30592 2325 172 205 166 887 78 22 479 367 30 11 14 14 51 44 17 0 46 6639 186 154 430 139 1078 5615 295 1785 108 51 72 75 8 18 5 11 4 13 22 30 11 3 220 66 90 415 315 211 16 23 105 35 32 93 2888 7127 54 35 41 4093 286 13 28 47 23 27 54 15 34 116 106 64 213 134 6 49 279 74 23 0 37 3 20 27 12 4 42 94 4 6 7 1 47 48 3352 1823 2438 1632 127 2659 465 5101 1587 13252 981 263 539 17 164 653 160 1997 93 40 123 193 41 294 810 193 1381 796 2277 2022 1166 36 246 200 72 1048 1436 2230 707 20 46 7 10 11 2 3 2 9 21 37 4 10 73 512 175 309 41 95 173 62 75 183 68 247 7 11 267 62 220 957 775 128 30 452 1 8 16 89 45 109 62 215 31 4 135 16 13 189
1 1 1 1 2 2 0 0 1 0 0 1 8 27 1183 1547 1202 191 2325 1484 151 98 186 66 40 22 20 122 6 3 2 2 6 8 11 1 22 824 108 98 227 27 63 10 3 165 33 34 33 3 1 1 3 0 1 2 3 3 1 0 299 35 6 7 31 2 4 5 52 11 5 12 58 156 21 23 5 96 15 0 4 3 7 3 19 4 7 17 13 4 14 44 1 13 65 17 4 1 25 0 2 8 2 1 9 21 1 4 1 0 7 13 1063 164 33 513 30 89 114 61 344 749 160 74 168 8 39 61 27 135 19 13 34 54 13 59 195 91 281 184 25 601 7 8 76 60 0 1 182 65 226 4 2 2 2 2 3 8 0 0 3 8 1 3 13 212 11 27 2 2 60 17 18 44 5 23 2 2 11 5 65 180 22 19 3 77 0 0 7 32 11 6 17 42 3 2 65 8 2 49
227 328 878 244 492 396 81 55 52 188 72 939 2 108 137 77 312 16 172 151 13196 12768 7162 1252 692 576 96 40 259 230 542 219 882 645 17 4 286 1518 20 640 1012 120 859 5 11 100 108 34 155 2 4 3 44 63 10 1252 195 519 35 19 64 96 246 42 72 6 74 68 170 110 28 923 815 269 1104 15 528 10 784 1 14 3 328 82 4451 299 266 11 27 8 19 145 14 61 697 1777 438 66 1844 116 5 9 19 3 14 38 1 14 9 6 37 36 27 2 8 19 11 6 30 22 99 56 55 29 46 1 2 0 0 5 25 9 19 89 1 112 2 3 218 184 5 40 0 7 32 3 0 0 35 44 26 1 6 0 2 4 2 5 0 1 11 17 4 9 17 2 7 2 1 0 34 30 5 3 5 10 3 1 20 8 145 196 72 22 6 213 0 1 3 6 18 10 7 13 54 4 33 0 2 24
53 95 267 133 260 226 39 24 39 94 27 491 3 40 63 45 171 21 205 98 12768 24176 5346 1876 4479 2434 149 32 175 124 227 203 744 588 15 2 203 1315 30 1977 953 163 2597 8 7 119 250 33 286 6 11 9 42 50 29 100 133 454 47 18 102 217 587 63 74 4 135 88 187 239 37 686 664 315 1064 16 513 12 550 3 34 6 361 183 5461 728 437 28 56 13 43 293 14 172 2268 1180 360 37 4150 101 2 2 11 0 16 20 2 13 5 5 31 13 50 5 10 39 22 9 54 29 163 88 109 27 82 5 7 1 0 4 26 8 20 101 5 122 9 4 312 224 8 60 6 3 42 5 5 0 80 65 60 7 18 3 1 6 2 3 0 5 10 15 0 5 22 14 16 12 11 2 49 24 9 9 14 19 5 5 30 11 89 224 69 31 5 260 0 1 15 10 18 25 19 19 42 4 36 3 6 36
5 8 14 0 18 13 9 2 7 7 2 30 2 242 287 169 325 32 166 186 7162 5346 9082 8786 349 8023 207 30 21 19 10 17 109 247 24 8 381 917 27 1773 6761 1510 2664 7 4 87 93 15 396 8 3 1 5 19 16 53 21 49 30 2 82 44 74 29 21 1 25 31 30 74 13 94 226 33 99 9 118 2 114 0 15 2 41 41 261 39 38 18 42 7 38 205 4 70 790 90 76 11 311 10 1 1 1 0 4 4 0 2 1 4 4 2 27 3 3 12 4 6 7 12 18 14 5 4 16 0 1 2 0 1 6 2 5 7 2 16 2 4 30 22 3 18 3 0 5 1 1 0 15 18 12 1 7 1 1 3 1 0 0 6 3 1 1 1 2 2 3 4 3 0 10 5 3 3 1 4 2 1 10 3 16 33 17 6 1 49 1 0 4 3 5 9 2 3 10 3 4 0 0 9
12 20 56 20 28 26 9 5 4 10 5 59 14 210 138 1360 106 1784 887 66 1252 1876 8786 25436 1371 6131 9429 585 173 12 42 15 53 99 599 45 135 193 594 5067 6083 5634 7024 1 5 1489 1733 6 539 1 7 3 44 143 20 33 105 45 242 27 1274 70 267 1147 393 16 450 241 164 64 14 58 81 123 134 10 52 4 77 1 15 0 200 246 546 229 578 9 27 4 129 173 10 59 952 123 38 5 466 74 0 1 2 0 5 1 1 0 1 0 2 4 32 80 136 16 1 209 16 610 48 803 56 9 6 0 2 17 1 37 6 1 2 8 2 18 15 2 39 24 155 19 48 2 8 9 3 52 44 359 6 1 11 1 0 1 0 0 0 4 2 1 2 0 5 2 41 19 2 1 7 2 2 1 10 36 0 1 27 2 7 31 54 3 3 26 1 0 3 0 1 11 0 5 2 1 1 0 0 2
11 19 21 10 23 12 4 3 14 7 1 36 7 15 6 21 49 26 78 40 692 4479 349 1371 9498 1448 652 122 164 15 42 17 90 102 49 1 42 338 32 4608 308 80 2640 4 5 124 1678 19 78 2 10 14 52 258 18 48 259 26 22 8 115 192 921 259 196 10 992 37 262 126 13 105 247 366 178 9 238 14 137 0 24 0 431 925 2091 2089 2871 12 25 2 34 68 15 56 1317 98 109 2 5192 419 1 2 2 0 7 8 1 5 1 1 4 4 12 6 15 9 16 12 50 50 140 56 89 22 64 0 5 1 0 1 12 6 20 48 5 128 2 5 261 238 5 19 2 2 36 5 2 1 51 68 35 1 5 1 0 3 1 2 0 2 5 8 1 3 6 6 15 9 4 4 28 16 5 3 4 14 0 6 20 6 30 201 89 23 2 151 3 0 4 6 21 12 5 15 12 0 17 1 1 24
3 2 4 1 7 5 0 1 0 0 0 3 1 18 12 18 33 6 22 22 576 2434 8023 6131 1448 5813 249 0 17 2 4 3 8 8 45 3 21 72 6 4865 1244 448 1515 0 0 22 213 0 120 1 1 2 14 28 1 11 10 3 7 0 27 21 43 12 15 2 77 6 13 24 2 11 12 19 12 2 5 1 11 0 7 0 53 73 254 70 44 5 9 2 7 41 2 27 383 17 2 0 249 5 0 0 0 0 0 0 0 0 0 0 0 0 3 1 2 4 2 6 7 1 10 32 11 3 4 0 1 0 0 1 0 0 0 1 0 2 1 0 13 10 0 3 0 0 2 1 0 0 7 8 2 0 2 0 0 0 0 0 0 0 0 0 0 0 0 0 1 0 1 0 0 1 0 0 0 1 0 1 4 0 0 7 6 0 0 4 0 0 0 0 0 2 0 0 0 0 0 0 0 1
3 1 5 1 1 3 2 1 1 0 1 4 4 4035 1503 731 73 494 479 20 96 149 207 9429 652 249 18360 3177 266 1 15 3 23 286 4100 507 659 166 53 2894 479 29 2055 0 3 143 2376 4 52 2 8 3 67 214 6 17 241 30 1243 132 58 40 378 1265 1322 1 657 751 225 33 17 8 30 143 141 8 21 0 10 0 10 0 150 268 347 220 737 9 12 3 25 48 7 10 203 19 11 6 218 148 0 0 0 0 5 0 0 0 0 0 0 1 154 150 118 95 3 630 53 838 119 2043 124 6 14 1 4 17 4 96 2 2 6 7 1 20 38 2 84 41 184 60 62 0 7 6 3 32 67 202 10 0 2 0 1 0 0 0 0 0 0 0 0 0 3 15 15 13 0 2 2 1 9 4 4 15 0 1 13 1 7 21 35 5 0 8 1 1 0 1 0 1 3 10 3 0 0 0 0 1
5 1 11 1 6 1 5 2 2 2 0 3 10 5806 9221 5374 660 506 367 122 40 32 30 585 122 0 3177 9053 472 19 63 9 41 200 856 78 501 132 4633 120 376 68 487 1 1 207 949 88 21 1 8 6 67 241 22 11 579 133 731 63 251 56 131 572 747 2 609 1020 371 14 17 13 20 89 613 55 10 1 6 0 19 1 172 190 186 117 492 4 18 1 33 23 8 5 85 55 2 15 72 401 1 2 1 0 10 0 0 0 0 1 0 2 42 443 471 34 2 607 19 2551 51 2560 60 2 7 1 0 104 3 284 2 1 6 5 4 33 14 2 63 44 946 9 339 2 15 8 1 149 51 706 8 0 0 1 0 0 0 3 0 0 0 0 0 1 9 4 41 60 7 5 5 1 17 9 6 40 0 0 22 7 4 23 56 6 1 19 0 1 2 0 2 9 4 12 3 0 6 1 0 5
9758 2095 1273 622 3015 1553 2760 355 65 417 139 1921 5 34 39 99 19 8 30 6 259 175 21 173 164 17 266 472 43824 14429 6709 287 510 909 21 5 319 695 74 66 178 18 446 3 9 104 161 534 37 7 28 64 1806 9280 237 52 10962 604 158 99 85 830 834 141 645 9 5504 289 1662 363 303 697 321 158 1755 118 342 6 601 4 153 8 1302 1048 319 108 653 63 101 16 67 114 56 65 506 3303 329 3772 204 1158 12 21 50 8 16 130 19 39 64 36 127 102 2 4 20 3 0 3 4 47 26 18 6 17 30 0 0 14 0 7 60 12 22 151 0 113 2 0 99 35 29 6 31 8 19 14 10 1 5 86 5 11 18 1 1 10 1 4 1 5 24 18 4 21 40 2 14 40 17 1 38 33 5 3 38 38 2 8 87 27 318 137 49 32 20 299 2 2 14 5 44 31 31 19 148 11 16 3 2 30
11006 8600 758 1852 5567 2886 1935 552 67 416 321 2893 2 4 3 21 2 1 11 3 230 124 19 12 15 2 1 19 14429 23484 9065 238 313 166 1 0 39 199 7 3 250 2 35 3 2 25 11 53 33 10 51 116 631 1197 168 109 4469 129 7 8 16 49 19 5 18 3 206 21 61 55 36 459 101 36 175 17 107 2 420 11 192 8 1270 424 699 29 15 59 61 14 33 190 117 41 85 1506 190 948 40 80 13 7 45 8 14 82 10 21 33 25 82 64 0 0 2 0 0 0 0 0 3 2 1 7 8 0 0 1 0 0 22 4 18 82 1 27 0 0 16 2 3 2 0 1 5 1 2 1 3 8 4 5 1 4 0 1 3 2 4 6 10 10 1 8 13 0 0 2 0 1 18 10 3 0 2 1 4 5 11 4 174 49 7 4 2 121 2 3 9 2 15 5 4 12 79 2 8 0 0 3
502 611 163 261 6483 3031 1220 59 36 81 46 1989 1 4 4 13 10 3 14 2 542 227 10 42 42 4 15 63 6709 9065 12764 306 318 185 2 1 58 259 10 10 373 5 46 4 4 22 17 39 40 1 51 95 577 1300 130 214 9851 284 17 13 25 47 48 16 59 3 1119 37 142 37 35 451 125 43 572 19 54 2 378 8 146 11 1397 843 1502 230 215 40 98 18 38 199 100 38 121 3956 109 637 327 4089 2 5 21 7 6 35 3 3 15 8 31 30 2 0 4 0 1 1 1 3 5 1 0 2 4 0 0 0 0 1 14 1 15 31 0 10 0 0 12 6 1 0 1 1 3 0 1 0 0 11 1 3 3 0 0 1 4 3 5 9 1 1 1 6 5 0 8 4 2 1 10 9 0 1 2 4 3 2 2 8 86 21 5 3 4 61 4 2 10 0 11 4 6 3 49 3 6 0 0 6
46 38 26 9 1810 2490 115 18 11 31 4 1099 4 2 2 2 5 0 14 2 219 203 17 15 17 3 3 9 287 238 306 2808 4053 798 0 0 25 197 3 3 98 1 9 7 1 29 20 15 5 0 6 12 40 64 11 17 88 3068 13 14 2 7 7 0 7 1 43 146 21 5 7 924 361 18 2539 4 26 5 442 1 18 1 97 49 139 17 28 5 10 0 8 15 6 2 12 3638 80 61 25 17 1 1 14 3 8 37 6 7 9 12 41 28 0 0 0 0 0 0 1 3 4 0 1 2 3 0 0 1 0 0 9 2 1 29 0 13 0 0 18 8 1 0 0 2 4 0 0 0 4 4 1 0 0 0 1 0 0 2 0 0 0 3 0 7 5 0 2 1 0 0 11 4 0 0 4 2 2 0 2 1 57 23 1 4 0 46 0 0 1 0 7 1 1 1 27 3 2 1 1 5
46 38 37 16 912 894 107 18 31 49 2 1278 8 9 8 7 4 13 51 6 882 744 109 53 90 8 23 41 510 313 318 4053 9608 5822 8 0 64 1781 4 22 274 6 40 7 2 130 243 21 8 2 7 21 73 136 11 60 353 6347 207 130 38 24 30 12 27 1 141 796 55 16 16 2771 2289 77 6134 9 97 16 991 0 21 4 182 106 341 29 235 10 16 6 22 25 19 10 42 4077 175 83 112 94 4 4 32 3 17 64 8 31 28 15 63 47 1 1 3 1 2 0 2 9 18 5 14 6 26 0 0 1 0 0 40 17 19 94 2 83 0 0 71 38 1 6 2 2 18 2 0 0 5 11 18 0 2 0 0 0 3 9 0 1 13 12 2 20 27 2 3 3 3 0 39 21 4 0 3 7 6 0 12 5 144 115 23 23 2 215 0 0 3 6 24 1 6 14 83 6 16 1 2 24
22 17 13 5 98 62 32 3 5 3 3 94 0 86 20 37 18 12 44 8 645 588 247 99 102 8 286 200 909 166 185 798 5822 7537 668 74 479 1153 23 209 244 9 76 1 1 72 1828 30 11 2 10 29 109 242 24 50 994 8329 3091 3343 34 29 30 39 135 1 339 4612 118 12 4 747 1511 58 8809 7 33 5 370 1 32 0 201 146 242 41 494 10 20 3 8 32 15 4 59 913 31 50 94 396 6 3 11 3 13 24 2 18 7 2 17 14 15 3 5 9 19 3 23 19 97 31 40 24 62 0 3 0 0 0 23 13 16 45 3 103 1 1 197 139 4 25 1 6 29 3 0 1 25 28 54 1 3 0 1 0 1 4 2 5 11 17 1 10 21 3 5 2 2 0 51 24 8 3 2 8 4 3 6 9 46 158 20 43 2 161 0 1 1 11 24 3 1 20 37 2 22 4 5 30
1 0 0 0 0 0 0 0 0 0 0 0 1 4734 973 18 68 2 17 11 17 15 24 599 49 45 4100 856 21 1 2 0 8 668 4909 2823 1158 233 19 2824 43 6 449 2 0 18 875 6 0 0 0 0 6 12 0 2 27 23 1840 391 14 6 42 126 271 0 48 539 104 1 0 3 11 25 28 1 2 2 2 0 1 0 9 15 14 9 99 2 3 0 2 2 0 4 55 3 1 0 13 18 0 0 0 0 0 2 0 0 0 0 0 2 64 18 3 36 4 124 25 35 54 324 73 3 10 2 1 1 4 15 1 0 1 6 0 7 19 5 32 33 3 25 0 0 2 1 0 1 16 12 4 0 0 0 0 0 0 0 0 0 0 0 0 1 2 1 3 2 0 0 2 1 2 2 2 2 0 1 3 0 3 11 6 2 1 11 0 0 0 0 0 0 0 1 0 0 4 0 0 3
0 0 0 0 0 0 0 0 0 0 0 0 0 1548 98 1 9 1 0 1 4 2 8 45 1 3 507 78 5 0 1 0 0 74 2823 798 212 42 2 265 6 0 24 0 0 0 132 1 1 0 0 0 0 1 0 0 3 7 1234 22 3 0 7 21 30 0 2 173 9 0 0 0 0 2 8 0 0 0 0 0 0 0 1 0 2 1 1 0 0 0 0 1 0 0 3 1 0 0 0 1 0 0 0 0 0 0 0 0 0 0 0 0 3 3 0 2 0 0 2 7 4 9 1 0 0 0 0 0 0 0 0 0 0 1 0 0 0 0 3 0 1 3 0 0 1 1 0 0 0 2 0 0 0 0 0 0 0 0 0 0 0 1 0 0 0 0 0 0 0 0 0 0 0 0 1 0 0 0 0 0 0 1 0 0 0 0 0 0 0 0 1 0 0 0 0 0 1 0 0 0
6 8 1 3 9 8 13 1 0 1 0 15 0 488 86 123 105 12 46 22 286 203 381 135 42 21 659 501 319 39 58 25 64 479 1158 212 2732 1790 38 448 252 10 91 3 0 14 564 11 9 0 3 5 27 90 6 17 276 314 861 180 18 9 20 77 214 0 113 513 137 6 2 26 21 40 937 10 5 1 14 2 6 0 61 41 89 11 65 5 5 1 8 16 5 5 32 146 3 18 41 101 7 4 5 1 9 13 3 7 0 2 14 12 63 6 6 45 21 8 45 13 157 65 48 45 100 1 6 7 0 9 15 9 19 33 2 79 6 10 226 184 3 96 3 4 40 1 0 0 38 29 71 1 1 0 0 0 0 4 0 1 4 5 3 8 10 30 15 5 2 0 49 25 9 20 0 11 2 1 11 1 26 143 12 52 1 110 0 0 1 25 18 2 2 24 12 1 34 10 4 66
25 31 19 8 134 81 38 8 10 17 6 110 416 53 85 367 957 377 6639 824 1518 1315 917 193 338 72 166 132 695 199 259 197 1781 1153 233 42 1790 3342 37 472 574 18 161 808 102 1907 792 64 36 27 12 25 77 201 20 37 660 1271 409 112 383 62 72 20 70 25 201 870 96 22 33 660 4958 1543 2948 20 98 1023 559 5 38 21 207 139 440 63 358 57 66 28 114 62 13 12 92 1191 39 42 224 184 20 36 40 9 75 95 13 71 16 5 44 78 265 27 33 149 108 81 219 126 866 463 343 281 644 11 37 16 11 17 142 98 103 251 16 594 38 34 1422 941 23 579 6 31 300 48 6 2 321 244 631 14 8 6 4 6 10 34 5 11 42 96 6 45 74 125 58 34 8 10 380 159 78 146 36 78 18 7 121 39 285 1236 148 433 20 1221 2 4 12 155 127 45 48 163 155 21 267 48 39 505
1 2 1 0 2 1 1 0 1 1 0 7 15 317 1010 351 187 2747 186 108 20 30 27 594 32 6 53 4633 74 7 10 3 4 23 19 2 38 37 9427 24 563 718 1632 1 5 1003 40 1044 29 4 1 2 16 32 6 3 60 23 12 3 8010 360 50 203 6345 3 38 53 7467 51 197 2 11 8 101 1167 1 1 3 0 14 1 24 21 23 17 26 95 282 10 312 22 1 9 90 14 1 3 27 19 1 0 0 0 3 1 1 1 0 0 0 0 15 228 339 17 2 166 14 1128 24 640 29 0 4 0 0 217 4 228 5 6 4 5 3 18 4 2 21 14 620 3 436 1 5 46 19 90 32 820 3 3 15 0 1 6 0 0 0 3 0 1 0 0 5 2 102 185 25 12 3 4 17 10 26 103 1 3 108 35 1 13 24 7 24 10 1 1 2 1 2 32 14 13 0 0 1 1 1 1
4 5 9 2 3 8 1 0 1 0 0 14 1 674 113 44 143 23 154 98 640 1977 1773 5067 4608 4865 2894 120 66 3 10 3 22 209 2824 265 448 472 24 6314 846 203 3271 8 1 103 3632 2 92 1 5 3 28 84 10 21 38 23 449 90 143 28 281 201 106 1 241 181 129 37 3 22 67 165 39 3 39 5 23 0 12 1 118 204 399 162 279 6 12 3 14 41 6 22 563 29 10 4 474 33 0 1 1 1 5 2 0 2 0 0 0 2 78 11 10 46 8 56 64 37 135 199 130 14 33 0 4 8 4 7 0 1 8 13 3 32 18 8 127 123 7 32 3 1 22 2 2 2 63 58 22 2 4 1 0 1 0 0 1 1 1 1 0 1 4 4 15 2 0 1 20 0 3 5 2 8 2 0 10 2 9 61 18 7 0 34 0 0 1 2 2 3 5 8 5 2 15 1 0 6
447 314 783 141 237 158 70 170 44 339 78 488 29 323 604 1453 360 776 430 227 1012 953 6761 6083 308 1244 479 376 178 250 373 98 274 244 43 6 252 574 563 846 6717 8086 3138 62 80 801 112 185 4002 62 265 164 57 65 3096 745 153 165 24 10 1568 256 184 69 186 107 97 49 348 248 195 407 448 127 400 444 365 14 454 30 361 24 1072 80 351 41 99 520 1941 383 2506 1735 141 460 2839 595 322 40 192 64 7 8 21 5 11 47 8 17 11 5 41 42 10 11 55 4 5 20 9 84 26 75 14 8 32 0 5 9 1 9 27 12 10 83 2 82 2 2 70 38 25 20 5 6 28 20 56 14 26 348 28 44 86 1 0 34 24 11 27 80 19 10 2 8 16 4 42 60 32 22 36 24 13 6 61 113 21 55 278 53 145 120 42 36 39 218 20 21 148 7 27 122 70 18 84 4 21 2 1 23
7 7 14 3 6 5 2 4 1 7 1 6 11 16 71 236 34 520 139 27 120 163 1510 5634 80 448 29 68 18 2 5 1 6 9 6 0 10 18 718 203 8086 6472 3368 0 4 1213 40 15 1433 3 3 2 5 11 15 13 25 2 2 0 1621 10 15 55 175 26 24 6 124 15 4 3 10 17 20 25 3 2 8 0 5 0 28 12 48 15 14 3 27 3 575 53 4 22 158 18 4 0 40 6 0 0 0 0 1 2 0 2 0 0 1 1 0 7 62 1 0 11 1 77 1 32 1 0 2 0 0 16 0 9 2 0 1 0 0 2 0 0 6 1 26 1 19 0 2 8 22 16 7 268 2 0 1 0 0 0 0 1 0 4 0 1 0 0 0 0 31 27 2 6 0 1 0 0 4 67 0 2 29 9 1 9 7 1 4 2 0 0 3 0 1 4 3 0 0 0 4 0 0 0
20 18 42 9 15 14 13 10 4 15 2 27 100 133 177 931 116 1946 1078 63 859 2597 2664 7024 2640 1515 2055 487 446 35 46 9 40 76 449 24 91 161 1632 3271 3138 3368 12107 23 118 5601 1817 64 1677 12 39 17 124 457 53 74 257 34 166 21 8770 211 4640 10258 2913 216 1146 246 2508 215 44 34 136 152 155 403 46 6 56 3 54 1 592 797 1431 571 894 56 128 78 5466 826 28 314 5427 95 37 12 1171 97 0 1 0 0 9 4 0 2 1 0 1 3 26 75 334 15 6 152 18 898 52 615 36 2 8 2 2 56 2 49 16 15 16 16 4 35 4 3 64 44 233 10 124 4 13 146 261 52 55 2357 11 26 54 1 6 24 4 3 1 18 1 5 0 6 5 3 259 333 75 94 8 15 23 17 284 749 6 21 991 279 9 43 77 19 173 25 4 6 27 4 2 137 101 16 9 1 2 1 3 4
1 0 0 0 3 3 1 2 4 6 1 3 3416 0 0 5 15 28 5615 10 5 8 7 1 4 0 0 1 3 3 4 7 7 1 2 0 3 808 1 8 62 0 23 7502 1223 564 5 42 13 317 26 23 1 2 6 6 3 0 2 0 5 29 37 1 2 244 3 2 13 5 33 112 2617 1348 8 9 869 3583 4768 33 44 123 9 0 4 3 3 199 128 185 162 38 2 4 30 7 28 2 2 1 0 4 1 2 3 2 0 1 0 0 2 1 37 15 22 19 8 87 19 59 73 366 47 8 31 1 5 8 4 11 8 8 5 14 2 25 11 4 113 55 10 35 0 2 8 11 11 4 45 99 29 22 30 0 1 15 2 0 2 8 0 3 1 3 10 9 17 20 26 8 12 11 6 4 47 59 2 11 194 56 18 74 21 11 26 48 6 13 17 7 1 90 26 7 2 1 13 1 0 14
3 3 6 0 1 2 4 3 123 7 2 4 1494 1 2 2 2 5 295 3 11 7 4 5 5 0 3 1 9 2 4 1 2 1 0 0 0 102 5 1 80 4 118 1223 5362 782 5 47 38 2232 17 32 13 5 7 3 3 3 0 0 18 64 68 4 13 1526 6 9 153 40 44 86 567 253 4 44 1932 994 1282 35 206 302 12 5 8 2 10 829 1146 2385 922 41 6 25 152 14 1133 31 6 2 1 3 1 1 6 4 0 5 3 0 2 2 5 3 138 3 1 8 1 107 15 41 3 4 11 1 4 14 1 2 27 29 11 8 1 9 1 0 23 6 16 15 14 9 1 266 503 12 44 2663 17 105 231 3 5 112 6 4 12 78 5 7 2 6 19 1 391 478 156 304 7 32 28 11 629 1334 29 71 2613 666 4 19 15 35 359 28 30 80 199 7 7 552 270 26 14 0 4 0 3 15
4 3 9 2 41 23 3 3 25 6 0 12 1545 26 99 300 125 2140 1785 165 100 119 87 1489 124 22 143 207 104 25 22 29 130 72 18 0 14 1907 1003 103 801 1213 5601 564 782 3000 92 168 102 45 8 3 23 48 12 8 71 78 17 3 428 100 146 709 1137 2149 99 36 739 37 85 168 3278 471 161 157 146 70 480 3 37 4 68 59 122 43 78 105 215 95 2846 53 6 17 420 240 107 8 86 19 2 6 4 0 19 14 1 7 1 1 4 8 177 346 4201 126 18 242 59 3535 176 1144 110 17 41 0 3 1186 6 828 25 17 20 33 14 89 25 11 219 112 1961 108 1691 6 18 519 458 744 304 11660 53 19 36 2 2 21 0 9 1 5 5 4 2 2 31 32 1340 1783 78 508 22 16 48 33 114 1460 7 17 630 74 36 133 369 47 56 91 4 7 27 5 13 98 69 57 12 2 18 4 3 26
5 1 3 1 13 6 3 0 5 4 0 11 3 260 55 26 73 11 108 33 108 250 93 1733 1678 213 2376 949 161 11 17 20 243 1828 875 132 564 792 40 3632 112 40 1817 5 5 92 3877 33 9 1 1 7 28 95 10 13 140 357 1201 821 70 82 414 524 628 1 203 2152 520 48 27 87 278 249 438 11 159 8 122 1 8 5 93 113 158 127 925 2 4 1 16 9 1 13 327 58 58 11 203 93 0 1 4 0 9 13 0 4 2 1 6 7 19 8 9 24 23 15 66 50 188 87 125 30 80 3 4 9 1 3 16 4 15 41 7 103 1 3 304 290 13 44 10 7 47 4 3 2 65 80 36 1 3 1 1 0 0 3 0 1 4 5 0 4 11 6 11 11 5 1 41 19 6 5 9 19 0 2 23 8 25 181 52 18 3 100 0 0 3 6 9 3 3 22 9 1 25 4 1 14
9 11 15 3 24 9 10 9 5 8 1 7 10 59 214 46 80 71 51 34 34 33 15 6 19 0 4 88 534 53 39 15 21 30 6 1 11 64 1044 2 185 15 64 42 47 168 33 20003 37 49 7 21 59 178 20 20 357 90 3 3 1462 8502 663 64 321 42 228 198 6832 927 1007 20 147 28 463 9871 41 2 70 5 195 14 144 91 116 18 100 872 9748 391 3062 127 27 206 480 118 40 35 25 67 2 2 1 0 7 3 0 6 0 0 2 0 6 3 15 5 6 1 8 16 31 14 8 4 53 1 9 12 8 6 24 43 4 15 0 42 1 0 75 38 8 59 3 20 8 130 116 11 42 316 85 610 1441 10 28 261 19 20 10 183 7 7 1 11 14 6 64 263 643 18 34 42 27 28 815 290 98 417 1824 441 4 66 20 71 419 85 98 55 605 15 13 1871 825 27 37 1 14 2 7 62
81 41 118 14 21 20 23 47 2 55 9 35 5 30 100 236 34 32 72 33 155 286 396 539 78 120 52 21 37 33 40 5 8 11 0 1 9 36 29 92 4002 1433 1677 13 38 102 9 37 10215 8 81 6 19 12 143 96 28 11 1 0 302 89 55 10 21 44 27 6 81 152 33 22 42 16 32 142 27 1 41 3 69 2 236 34 75 13 20 136 548 99 881 5776 40 1066 9797 52 35 11 54 12 0 1 1 0 1 1 0 0 1 0 1 1 0 0 8 1 0 0 0 8 5 5 4 2 9 0 0 1 0 0 3 1 1 7 0 6 0 0 10 8 3 2 2 1 2 12 35 0 1 132 3 21 26 0 1 7 2 1 1 15 1 0 0 2 4 2 15 37 18 9 7 8 4 0 55 60 6 13 181 47 5 6 1 3 26 16 8 4 29 2 1 55 33 3 5 0 0 0 1 4
16 2 14 0 5 3 10 16 131 22 6 8 54 0 0 2 1 1 75 3 2 6 8 1 2 1 2 1 7 10 1 0 2 2 0 0 0 27 4 1 62 3 12 317 2232 45 1 49 8 5217 518 1087 16 2 39 5 6 1 0 0 7 71 29 2 2 1329 2 2 34 17 25 49 226 842 4 32 2000 435 709 1192 461 4151 38 3 10 2 5 1764 672 2525 302 145 10 12 53 7 1409 30 3 3 1 1 2 0 2 1 1 6 1 1 0 0 0 0 6 1 0 0 4 5 2 5 1 2 11 0 3 2 2 1 8 12 1 2 0 9 1 0 10 7 3 9 2 8 2 35 102 3 15 164 18 98 226 5 2 297 86 18 58 126 3 3 1 3 2 0 34 51 85 72 5 11 6 7 173 59 33 78 1487 187 4 6 8 14 98 34 47 253 307 2 3 816 132 7 18 0 1 1 1 8
125 48 121 7 24 13 59 68 23 110 9 41 2 1 2 13 7 1 8 1 4 11 3 7 10 1 8 8 28 51 51 6 7 10 0 0 3 12 1 5 265 3 39 26 17 8 1 7 81 518 7880 11377 38 10 131 40 37 4 0 1 17 15 20 2 8 217 27 0 28 334 24 14 35 657 15 10 321 56 77 1006 4226 827 327 8 12 5 14 674 131 39 76 3917 6466 297 188 36 326 21 2 8 3 0 4 0 1 7 1 2 0 0 1 2 0 0 1 0 0 2 0 0 1 2 1 2 1 0 1 1 0 0 2 1 0 9 0 6 0 0 7 8 0 1 0 1 1 2 2 2 0 8 1 10 11 3 0 2 456 91 341 500 8 1 0 0 6 0 1 0 5 2 1 5 1 0 6 1 100 27 16 6 9 13 7 2 0 21 30 28 71 1 5 27 18 1 7 1 0 1 0 1
289 102 244 16 47 47 107 223 51 293 43 121 0 2 0 2 1 0 18 1 3 9 1 3 14 2 3 6 64 116 95 12 21 29 0 0 5 25 2 3 164 2 17 23 32 3 7 21 6 1087 11377 10804 69 28 302 44 67 7 2 1 6 21 25 4 9 269 32 6 28 111 67 57 61 690 29 12 352 66 132 6885 7158 1571 644 12 23 7 19 679 192 57 32 1578 1180 53 36 64 365 55 6 11 9 4 7 4 3 11 0 13 3 2 11 7 0 0 1 1 2 0 0 0 6 0 2 2 5 0 0 1 0 1 10 3 4 19 0 29 0 0 28 13 1 5 1 8 1 0 9 2 3 10 3 19 18 13 0 15 2271 716 2145 1541 69 3 2 3 4 0 2 2 4 36 15 5 0 0 0 0 385 47 46 3 47 52 67 11 0 101 172 75 283 1 62 39 35 3 37 5 4 0 0 7
1168 324 642 91 291 230 1551 1092 388 1216 177 478 3 5 5 11 4 5 5 3 44 42 5 44 52 14 67 67 1806 631 577 40 73 109 6 0 27 77 16 28 57 5 124 1 13 23 28 59 19 16 38 69 5279 7412 3926 16 536 53 24 13 12 115 160 40 95 5 559 37 207 70 40 274 71 55 269 13 207 4 183 13 83 15 2104 411 170 129 192 20 34 15 15 76 42 11 133 353 715 7277 98 203 5 2 20 1 10 42 3 14 16 9 36 29 0 0 2 0 2 0 0 5 7 2 2 4 9 0 0 1 0 2 14 2 6 47 0 43 0 0 40 22 3 2 3 2 6 3 4 1 3 7 3 0 1 1 0 1 3 5 4 7 4 7 1 4 11 0 4 3 0 1 17 8 5 1 2 9 0 1 19 7 85 47 16 24 3 104 2 1 6 2 13 9 4 10 56 0 6 2 0 11
1468 541 1003 132 539 359 1842 1224 137 1203 134 638 2 14 11 21 13 3 11 0 63 50 19 143 258 28 214 241 9280 1197 1300 64 136 242 12 1 90 201 32 84 65 11 457 2 5 48 95 178 12 2 10 28 7412 12420 583 10 1925 209 38 37 34 344 597 107 359 2 4885 122 852 209 110 187 151 87 897 35 172 6 204 1 52 2 1844 6518 139 465 716 20 43 3 23 32 24 28 434 867 217 7703 311 720 4 1 18 2 10 39 2 14 14 11 50 33 1 2 15 0 6 3 5 26 11 13 7 5 17 0 1 13 0 3 16 7 10 50 1 44 2 0 66 31 12 7 16 2 15 3 9 1 7 50 9 3 9 0 1 3 1 4 1 2 7 14 3 6 15 0 9 17 12 0 31 16 5 1 22 18 1 1 39 9 119 73 26 17 12 143 0 1 1 3 13 15 7 10 43 5 8 0 0 14
327 101 222 36 94 67 336 321 87 412 55 129 3 1 1 16 7 3 4 1 10 29 16 20 18 1 6 22 237 168 130 11 11 24 0 0 6 20 6 10 3096 15 53 6 7 12 10 20 143 39 131 302 3926 583 13199 521 77 17 3 4 19 27 32 5 16 7 88 15 38 76 46 75 34 42 64 15 56 3 66 20 289 22 3030 70 42 19 29 105 190 40 82 1059 141 99 242 82 141 2095 24 39 0 0 3 0 4 11 1 3 6 2 6 4 1 0 2 0 0 0 1 4 3 2 3 1 4 0 1 1 0 1 7 2 2 18 1 19 0 0 16 10 0 0 0 0 7 1 0 1 0 11 4 3 5 0 1 4 14 2 16 28 2 0 0 0 3 0 1 3 3 1 10 4 2 1 5 5 4 10 11 0 27 24 10 7 0 38 5 1 15 1 5 14 7 2 12 1 3 1 0 4
221 195 445 63 121 75 58 95 11 169 29 196 0 6 5 6 6 4 13 2 1252 100 53 33 48 11 17 11 52 109 214 17 60 50 2 0 17 37 3 21 745 13 74 6 3 8 13 20 96 5 40 44 16 10 521 2087 61 44 3 2 12 50 64 9 25 7 29 8 69 46 26 101 48 36 128 16 61 2 98 6 101 6 6307 34 959 23 39 55 125 17 67 247 31 44 170 188 62 16 87 38 1 2 2 1 3 11 2 10 2 5 12 15 2 0 2 0 1 0 2 6 7 4 6 6 9 0 0 0 0 1 0 3 4 29 0 33 0 0 32 15 1 4 0 3 7 0 2 0 2 10 5 1 2 1 0 1 4 1 1 10 3 4 0 3 9 1 4 0 2 2 13 8 0 0 5 2 1 6 10 1 41 39 13 9 2 66 4 3 9 2 5 8 1 3 18 1 10 1 1 9
76 85 97 50 811 145 78 16 8 32 8 205 3 43 18 70 31 14 22 3 195 133 21 105 259 10 241 579 10962 4469 9851 88 353 994 27 3 276 660 60 38 153 25 257 3 3 71 140 357 28 6 37 67 536 1925 77 61 10083 1030 140 123 47 482 479 152 736 2 6718 324 1582 153 165 216 257 78 3776 99 87 3 148 6 118 2 972 945 615 1358 1963 49 92 8 47 100 51 35 259 5155 60 223 2004 5922 1 0 5 0 3 5 0 6 3 2 9 7 1 2 19 1 1 4 3 38 16 14 5 3 6 0 0 13 0 8 6 2 2 30 0 21 0 1 46 21 17 2 18 1 4 3 8 3 5 101 1 6 10 1 0 2 6 2 2 11 1 3 1 1 9 0 13 24 8 4 3 6 2 2 24 25 3 6 61 19 33 34 18 7 19 46 2 1 11 3 6 24 5 3 7 1 3 0 0 4
21 21 25 11 97 68 28 5 3 10 3 122 5 20 11 40 24 6 30 3 519 454 49 45 26 3 30 133 604 129 284 3068 6347 8329 23 7 314 1271 23 23 165 2 34 0 3 78 357 90 11 1 4 7 53 209 17 44 1030 7279 1097 6336 42 81 28 19 111 1 300 3068 201 17 34 1000 818 21 9617 41 41 3 513 0 18 0 164 147 383 56 172 14 15 3 18 15 10 4 41 1436 31 34 92 317 0 2 7 0 3 11 0 3 2 2 7 6 2 1 2 1 2 1 6 12 13 8 5 4 8 1 3 2 0 4 5 1 0 8 0 20 2 0 38 22 3 3 6 2 7 0 3 0 4 26 6 2 2 0 1 1 0 2 0 0 2 3 0 1 3 0 4 7 5 0 6 4 5 3 6 9 1 3 15 8 18 39 9 2 5 25 0 0 2 2 7 5 2 5 9 1 1 1 0 4
0 2 0 0 2 5 1 2 0 0 0 1 1 445 62 17 12 2 11 1 35 47 30 242 22 7 1243 731 158 7 17 13 207 3091 1840 1234 861 409 12 449 24 2 166 2 0 17 1201 3 1 0 0 2 24 38 3 3 140 1097 3630 3203 11 11 54 177 326 0 77 3658 172 6 2 21 31 35 728 2 4 0 13 0 3 0 28 26 39 8 156 3 2 0 1 4 2 0 21 49 1 3 10 73 0 3 1 0 3 5 0 0 0 0 1 2 9 6 6 10 6 7 21 15 84 35 33 12 25 1 0 0 0 2 1 2 4 10 1 42 0 2 66 104 5 18 2 0 15 1 1 0 22 13 14 1 2 0 0 0 1 1 0 0 1 3 0 0 1 3 4 0 0 1 12 8 1 4 0 7 0 0 3 3 13 55 9 6 0 20 0 0 0 2 4 2 1 5 1 0 13 1 0 10
1 0 2 1 5 2 1 0 0 0 1 3 0 26 1 1 1 1 3 0 19 18 2 27 8 0 132 63 99 8 13 14 130 3343 391 22 180 112 3 90 10 0 21 0 0 3 821 3 0 0 1 1 13 37 4 2 123 6336 3203 2421 0 6 12 14 28 0 45 2083 23 0 2 16 15 5 1382 0 2 1 7 0 1 0 17 12 23 5 99 1 0 0 0 1 1 2 4 41 1 2 7 50 0 0 1 1 0 1 0 0 0 0 1 0 1 1 1 1 1 2 3 1 13 7 8 2 8 0 1 0 0 0 1 0 0 4 1 8 0 1 25 31 2 2 0 0 5 0 1 0 3 3 4 0 0 0 0 0 0 0 0 0 0 1 1 0 1 1 0 0 0 0 4 2 0 0 0 1 0 0 0 0 4 14 4 2 0 5 0 0 0 2 0 0 0 1 1 0 3 0 0 2
10 5 23 3 8 3 5 4 1 6 0 10 44 35 235 246 261 3239 220 299 64 102 82 1274 115 27 58 251 85 16 25 2 38 34 14 3 18 383 8010 143 1568 1621 8770 5 18 428 70 1462 302 7 17 6 12 34 19 12 47 42 11 0 10786 674 505 498 1447 140 70 26 3536 221 331 15 182 49 91 4404 3 13 34 0 72 3 52 46 68 38 50 207 573 19 3344 157 8 90 1316 61 7 3 57 11 1 2 1 0 4 3 0 4 0 0 2 1 77 89 916 47 4 46 16 510 80 251 24 7 12 0 4 438 4 220 5 17 13 14 0 43 23 4 87 38 436 44 471 7 7 394 528 137 155 4178 20 22 33 1 5 16 1 2 0 7 3 5 1 1 14 13 630 1066 59 87 10 10 21 14 151 1430 2 8 545 114 8 50 61 17 89 37 1 3 21 4 3 85 69 36 7 1 3 1 3 9
15 12 32 6 14 9 12 9 3 16 3 12 11 30 118 50 33 41 66 35 96 217 44 70 192 21 40 56 830 49 47 7 24 29 6 0 9 62 360 28 256 10 211 29 64 100 82 8502 89 71 15 21 115 344 27 50 482 81 11 6 674 14410 10151 346 512 25 497 321 5240 4952 962 14 147 27 490 1990 32 7 43 10 304 10 318 276 360 82 285 596 2869 259 1979 298 67 1343 6235 89 40 35 135 89 6 1 6 3 5 4 3 14 1 1 0 2 2 4 11 2 1 9 3 20 20 19 8 15 74 5 27 18 9 9 17 38 5 9 2 29 5 0 36 23 6 75 2 26 17 160 125 10 29 350 87 1181 2997 16 29 283 20 30 32 442 8 4 2 7 10 8 85 286 817 29 44 52 19 21 532 292 186 860 1668 340 17 41 21 48 311 73 347 175 1677 27 16 2492 1523 18 45 6 13 4 5 70
15 5 31 3 18 8 3 6 11 8 1 7 13 29 16 62 7 67 90 6 246 587 74 267 921 43 378 131 834 19 48 7 30 30 42 7 20 72 50 281 184 15 4640 37 68 146 414 663 55 29 20 25 160 597 32 64 479 28 54 12 505 10151 11715 6414 4452 48 1301 257 2366 2595 431 32 143 31 185 714 53 1 71 1 144 2 529 712 985 440 654 115 939 184 1735 173 42 571 8898 66 38 21 643 143 0 2 1 0 7 4 0 7 0 1 0 6 8 6 50 9 2 17 2 65 29 108 11 1 16 0 2 10 0 3 13 40 6 9 0 7 4 0 37 23 15 20 6 9 7 127 242 9 59 921 38 211 422 4 9 111 4 5 1 50 3 4 0 7 11 7 183 288 293 23 6 24 17 16 550 632 16 111 1330 382 10 23 22 46 330 41 16 14 143 7 6 645 376 42 11 0 5 3 7 27
2 1 4 1 1 1 0 0 0 0 0 1 30 227 85 98 19 389 415 7 42 63 29 1147 259 12 1265 572 141 5 16 0 12 39 126 21 77 20 203 201 69 55 10258 1 4 709 524 64 10 2 2 4 40 107 5 9 152 19 177 14 498 346 6414 8427 5950 11 399 229 3074 138 66 6 13 55 85 23 5 1 3 0 15 0 114 155 187 123 305 6 20 6 142 12 5 21 1575 13 4 5 111 88 0 0 1 0 3 2 0 0 0 0 1 0 15 145 275 11 1 195 6 1148 10 859 28 1 2 0 1 61 3 75 2 2 3 2 1 16 4 0 14 19 363 2 132 0 3 16 22 64 21 675 0 3 11 0 0 1 0 0 1 0 0 0 0 0 3 2 71 69 13 3 2 1 6 1 28 70 0 3 75 17 3 5 43 5 8 9 1 0 4 0 0 21 10 10 0 0 1 0 0 0
9 12 6 1 13 3 3 1 0 1 0 4 74 1292 1348 178 136 288 315 31 72 74 21 393 196 15 1322 747 645 18 59 7 27 135 271 30 214 70 6345 106 186 175 2913 2 13 1137 628 321 21 2 8 9 95 359 16 25 736 111 326 28 1447 512 4452 5950 5788 10 807 767 11521 134 123 10 26 44 627 130 6 4 15 1 32 0 254 282 283 199 409 17 53 6 193 26 17 7 849 78 4 14 160 453 0 1 0 0 8 4 1 1 0 0 0 3 16 204 640 23 9 178 18 1914 35 753 25 2 11 1 0 327 3 244 3 2 9 10 4 21 3 0 57 31 906 4 634 0 4 111 93 109 41 2610 9 9 13 0 1 5 2 1 0 1 2 2 0 2 16 0 362 394 26 15 9 4 26 14 49 492 2 5 172 40 6 15 50 17 26 14 1 1 6 1 1 26 27 23 2 0 5 1 0 5
3 6 4 4 3 3 3 3 48 8 2 1 826 0 0 2 1 14 211 2 6 4 1 16 10 2 1 2 9 3 3 1 1 1 0 0 0 25 3 1 107 26 216 244 1526 2149 1 42 44 1329 217 269 5 2 7 7 2 1 0 0 140 25 48 11 10 1538 4 0 53 21 25 22 89 980 3 19 1291 993 299 272 170 606 18 1 5 1 3 333 123 269 1032 95 5 8 101 6 666 7 4 1 0 0 0 0 0 0 0 0 0 1 0 0 0 0 402 0 1 1 0 33 9 16 0 1 1 0 0 19 1 4 4 4 1 8 0 5 0 0 15 2 5 1 5 1 0 91 142 39 61 1103 2 12 28 0 1 8 29 10 16 21 1 0 0 2 3 0 22 148 27 760 0 2 1 0 48 115 10 5 209 43 1 11 34 1 24 6 2 6 28 0 0 85 41 3 3 1 0 0 0 2
125 128 286 67 202 95 49 35 10 78 14 185 9 40 22 36 10 20 16 4 74 135 25 450 992 77 657 609 5504 206 1119 43 141 339 48 2 113 201 38 241 97 24 1146 3 6 99 203 228 27 2 27 32 559 4885 88 29 6718 300 77 45 70 497 1301 399 807 4 14056 349 1534 264 129 109 142 118 2777 47 118 5 122 2 65 4 1329 4930 914 6201 3387 34 68 6 37 68 35 45 868 1104 88 42 2522 4239 2 3 3 0 6 7 1 3 1 1 9 6 2 7 17 4 2 3 8 57 31 24 10 4 14 0 1 9 0 9 11 1 5 26 2 54 0 0 100 40 30 0 21 2 11 9 4 3 14 116 10 11 13 0 0 3 2 3 1 5 4 6 1 6 11 1 19 21 12 5 18 7 6 3 21 23 2 8 64 23 31 78 38 13 16 96 0 0 3 2 7 26 9 6 15 1 8 1 2 9
6 6 5 0 13 17 3 2 8 2 1 24 2 162 54 43 20 13 23 5 68 88 31 241 37 6 751 1020 289 21 37 146 796 4612 539 173 513 870 53 181 49 6 246 2 9 36 2152 198 6 2 0 6 37 122 15 8 324 3068 3658 2083 26 321 257 229 767 0 349 2840 979 61 103 180 356 130 3195 36 157 4 147 0 27 0 92 92 106 110 672 14 16 3 17 11 5 14 120 152 68 22 89 290 1 2 2 0 5 6 0 1 2 1 4 6 7 6 2 9 13 8 28 32 58 25 37 16 33 0 1 1 0 0 9 3 13 35 3 83 2 2 126 135 9 12 6 2 25 4 1 1 23 48 16 4 4 1 1 1 1 6 1 2 4 4 1 2 4 2 15 12 6 0 17 16 5 3 13 22 0 3 51 14 19 99 43 2 10 73 1 0 0 1 13 20 4 13 8 0 8 2 0 5
14 18 23 4 24 15 14 5 4 12 4 13 92 701 954 79 136 105 105 52 170 187 30 164 262 13 225 371 1662 61 142 21 55 118 104 9 137 96 7467 129 348 124 2508 13 153 739 520 6832 81 34 28 28 207 852 38 69 1582 201 172 23 3536 5240 2366 3074 11521 53 1534 979 9823 924 904 18 60 32 1068 6131 28 3 37 4 186 3 607 618 655 296 631 187 683 109 2148 115 32 101 1069 191 28 53 291 633 3 10 4 0 33 14 4 14 0 0 4 8 23 18 383 12 10 29 7 265 101 172 13 8 34 3 6 177 1 56 79 94 38 27 5 54 4 1 124 59 142 29 130 13 20 685 1476 62 238 5962 87 172 218 10 25 139 3 12 3 28 15 12 2 16 62 10 1112 1568 565 112 39 83 80 36 1607 3481 15 67 4482 1384 16 107 63 134 998 110 7 18 94 16 12 804 570 102 35 7 15 8 15 50
57 24 87 8 20 10 37 51 4 67 8 29 4 10 23 70 6 13 35 11 110 239 74 64 126 24 33 14 363 55 37 5 16 12 1 0 6 22 51 37 248 15 215 5 40 37 48 927 152 17 334 111 70 209 76 46 153 17 6 0 221 4952 2595 138 134 21 264 61 924 2106 5489 14 46 11 125 319 29 1 24 67 3794 81 270 149 224 69 101 1585 665 118 902 855 1048 2156 2467 50 20 12 124 36 7 0 1 0 3 4 4 10 2 0 0 3 4 0 3 2 0 4 1 4 3 11 2 6 20 0 9 3 4 4 9 10 2 5 0 17 2 0 15 7 3 24 0 21 8 40 60 4 10 179 23 616 547 11 8 53 121 89 336 1534 4 3 0 1 2 1 46 71 89 34 12 10 6 6 140 132 462 769 642 138 4 12 22 14 85 61 489 119 1756 4 9 578 426 3 25 2 4 0 2 21
53 17 53 2 20 9 13 29 9 46 2 25 15 4 44 18 15 27 32 5 28 37 13 14 13 2 17 17 303 36 35 7 16 4 0 0 2 33 197 3 195 4 44 33 44 85 27 1007 33 25 24 67 40 110 46 26 165 34 2 2 331 962 431 66 123 25 129 103 904 5489 8132 17 81 18 191 749 62 3 54 19 7193 79 173 66 74 15 81 897 2340 185 1053 295 328 1096 1044 55 63 16 20 30 6 1 9 1 1 4 4 5 4 2 1 1 2 1 7 1 0 1 2 4 9 6 3 9 22 1 10 5 4 2 8 6 1 5 1 21 1 0 24 11 1 30 0 26 9 37 25 4 8 108 32 516 603 12 11 52 60 38 122 1160 3 1 0 2 2 2 15 38 86 28 10 10 5 3 55 30 443 766 393 84 11 28 23 7 35 51 410 99 1798 7 11 542 447 2 19 2 4 2 3 18
