28939 10840 7587 2114 3464 1569 8516 9173 748 2105 115 1041 0 5 4 9 0 2 4 2 115 19 4 8 9 2 12 2 9926 5804 534 135 153 9 0 0 0 16 2 2 1297 10 17 2 1 3 3 16 58 18 73 171 1600 1384 628 230 29 4 3 0 5 19 12 10 6 2 287 12 3 92 20 129 34 11 41 14 42 3 30 15 174 29 1882 1355 1447 179 14 50 24 6 6 349 137 92 83 118 128 2528 25 21 63 23 155 163 28 421 13 26 91 118 110 272 0 0 2 0 0 0 0 1 2 0 1 4 1 0 1 0 0 0 67 0 19 58 1 31 0 0 19 12 0 0 1 7 9 2 1 0 2 1 1 8 4 2 0 6 6 3 3 7 4 7 2 38 8 0 0 0 5 1 6 3 1 0 1 0 6 7 3 3 161 22 6 0 3 41 12 2 37 0 8 11 7 3 40 13 13 1 0 0
10840 16130 5587 10109 6177 2504 591 583 119 1130 46 909 0 0 0 2 0 0 0 2 122 8 4 0 6 0 3 0 797 3383 268 73 109 2 0 0 2 10 1 4 1219 2 9 0 0 0 2 6 19 9 22 48 304 303 119 120 21 5 1 0 2 9 8 5 3 3 174 5 0 35 10 143 12 10 15 7 19 0 11 5 58 6 657 634 1159 254 8 9 12 3 2 132 60 37 17 45 108 353 15 14 79 32 213 190 47 530 21 35 184 151 178 438 0 0 0 0 0 0 0 0 2 0 0 6 2 0 1 0 0 0 99 1 38 106 0 46 0 0 12 10 0 0 0 18 9 1 0 1 0 1 0 4 1 10 1 0 4 4 0 4 7 11 3 43 9 0 1 0 4 1 25 5 2 0 2 0 10 5 1 1 271 13 1 1 1 69 9 1 8 1 9 11 7 2 67 17 18 2 1 0
7587 5587 5460 9433 303 2903 666 4233 678 8541 497 20149 0 0 0 4 0 1 2 0 137 19 4 4 6 3 10 0 484 126 42 50 103 5 0 1 1 9 0 2 1399 7 6 1 0 2 2 9 26 17 24 86 411 396 189 183 23 8 0 1 3 12 12 6 4 4 254 8 2 43 9 121 13 5 14 5 34 1 14 6 78 15 923 758 1332 203 15 26 17 3 6 208 81 69 57 43 180 382 25 15 130 44 357 408 75 998 45 67 275 266 263 640 0 0 0 0 0 0 1 0 1 0 2 6 5 1 1 0 0 1 96 0 29 125 1 52 0 0 21 12 0 1 0 12 9 7 1 1 4 2 1 8 3 9 1 3 2 6 2 10 8 10 2 45 13 0 0 0 3 2 25 5 2 0 0 1 10 5 3 0 386 32 4 0 4 87 5 3 28 0 12 9 8 0 81 31 22 0 0 1
2114 10109 9433 15066 5551 11303 401 427 116 2172 125 4268 0 1 2 3 1 0 0 1 332 53 4 5 7 1 3 2 424 566 109 293 243 10 0 1 0 11 4 1 1232 1 6 3 4 2 1 3 16 7 8 41 235 214 64 116 49 9 1 1 2 8 9 6 3 2 181 8 5 24 5 249 36 13 25 2 32 0 19 4 36 9 468 563 1463 397 8 13 7 0 3 76 35 17 19 111 210 217 50 12 151 59 341 370 71 1029 37 60 255 262 284 752 0 0 0 0 0 2 2 3 0 0 3 3 5 0 1 1 0 0 165 2 49 150 0 82 0 0 39 8 0 3 0 19 20 0 0 0 2 0 0 2 4 15 0 4 2 7 3 8 12 10 4 75 15 0 1 2 4 0 31 12 3 0 0 0 5 6 5 1 462 30 3 0 1 98 7 0 19 2 28 4 5 2 98 17 32 1 0 0
3464 6177 303 5551 16109 9139 1270 532 60 213 54 2293 11 21 23 19 5 10 6 3 827 318 21 19 43 3 26 18 3582 6264 9690 1339 1446 178 1 0 10 135 29 8 1704 10 23 7 17 28 4 54 38 12 22 62 752 875 248 183 1490 103 5 0 31 63 74 43 65 5 752 27 50 63 56 769 409 50 342 62 48 2 95 8 111 9 1095 1473 2921 948 36 31 46 13 22 154 70 62 59 2103 145 1011 236 87 94 25 161 205 52 557 21 28 160 140 196 486 0 0 4 0 3 0 6 14 12 2 9 11 5 0 1 1 0 1 173 2 53 182 0 106 1 0 55 47 8 4 7 14 31 10 3 1 11 20 5 11 6 14 2 1 5 8 3 10 23 11 3 71 18 1 8 8 8 1 46 26 3 3 2 15 15 5 18 3 401 78 23 1 4 81 11 2 19 3 33 12 8 4 78 18 29 3 1 5
1569 2504 2903 11303 9139 8622 697 862 167 2781 338 13383 9 2 5 3 0 0 6 1 579 198 15 14 17 2 9 0 697 1193 334 2240 1748 132 0 0 5 100 15 5 1143 4 10 9 5 19 4 16 13 5 9 25 321 308 94 112 134 82 0 0 14 18 17 21 10 3 409 13 8 20 21 929 372 34 147 20 55 7 107 3 61 5 513 776 1691 518 10 15 14 7 17 86 38 25 20 877 388 344 139 23 201 90 481 653 115 1738 80 70 424 356 523 1271 0 0 3 0 3 1 2 2 9 1 5 16 9 0 3 2 0 1 253 3 76 336 4 175 1 0 68 48 8 7 1 24 41 8 0 2 8 10 2 8 6 21 1 7 3 10 4 8 37 30 10 113 37 0 5 8 3 0 67 25 2 1 0 3 16 7 9 3 913 65 20 3 5 201 16 2 19 4 47 9 12 4 212 59 45 5 1 1
8516 591 666 401 1270 697 10261 9084 1079 1871 189 824 1 1 4 5 1 2 0 1 50 23 2 4 3 0 3 0 4170 941 400 97 116 12 0 1 1 10 1 1 158 3 6 1 2 1 1 11 21 10 26 78 1589 1040 589 54 27 0 0 0 2 10 10 4 4 4 75 5 3 27 7 80 20 3 20 5 35 0 14 6 58 19 915 574 299 39 3 21 6 5 4 149 69 48 21 139 91 5590 18 6 17 8 40 40 9 119 3 5 43 27 35 95 0 0 0 0 1 0 0 1 3 0 1 2 0 0 1 0 0 0 24 0 6 32 0 20 0 0 16 2 1 1 0 3 2 1 0 1 1 4 2 3 2 1 0 2 3 1 0 4 2 2 1 12 3 0 0 1 0 0 4 3 0 0 2 1 3 3 1 1 55 12 0 1 0 16 6 3 7 0 4 5 2 0 14 1 4 0 0 0
9173 583 4233 427 532 862 9084 15787 3007 27254 1299 4365 0 1 2 2 2 0 0 1 38 6 4 1 7 3 3 3 566 267 88 48 96 2 1 0 1 6 1 0 622 7 8 1 3 3 0 8 40 9 24 113 775 589 278 99 10 1 0 0 0 16 7 3 5 3 144 9 0 44 13 56 9 12 8 5 73 0 18 7 90 12 1022 762 657 62 9 28 13 1 6 220 80 68 34 35 60 1298 5 8 64 13 112 130 16 265 14 30 84 88 75 184 0 0 0 0 0 0 0 2 1 0 2 4 1 0 0 0 0 0 20 0 4 25 0 9 0 0 6 4 0 0 0 1 2 0 0 0 0 2 0 3 5 5 0 1 3 2 0 8 3 0 1 8 2 0 1 0 2 0 8 5 0 0 1 0 5 1 8 0 89 8 0 0 3 18 5 3 13 0 4 7 2 0 23 13 2 3 0 1
748 119 678 116 60 167 1079 3007 1583 5876 332 806 30 0 0 2 0 2 1 1 13 9 2 3 1 0 0 0 44 40 6 18 99 3 0 0 0 6 0 0 44 1 12 15 234 10 0 4 8 270 13 102 182 37 43 13 1 3 0 0 1 0 3 2 0 58 13 1 2 10 13 507 29 262 2 0 543 61 129 103 163 202 77 57 52 4 1 328 75 98 35 26 6 12 11 11 3196 1281 2 2 6 2 23 20 5 46 1 3 14 18 11 32 0 0 1 0 0 0 0 0 0 0 0 1 0 0 0 0 0 0 6 0 1 4 1 5 0 0 3 3 1 0 1 0 4 1 0 1 0 2 1 1 1 0 0 0 17 9 20 17 2 1 0 2 1 0 1 0 1 1 2 2 0 0 1 1 7 1 5 4 15 3 1 0 7 2 6 1 9 0 1 11 5 0 4 1 0 0 0 0
2105 1130 8541 2172 213 2781 1871 27254 5876 26433 14414 22222 0 0 0 1 0 0 0 0 36 6 0 2 0 0 2 0 223 108 25 120 766 5 0 0 0 3 0 0 319 4 2 1 1 3 0 4 15 4 15 42 425 181 156 43 12 0 0 0 1 6 4 4 1 1 90 5 0 23 4 586 17 4 10 4 563 0 31 5 43 5 413 359 302 39 4 11 9 1 0 89 44 27 22 24 1333 1256 2 6 289 92 619 848 112 1959 105 160 508 543 528 1132 0 0 1 0 0 0 0 1 1 0 0 8 4 1 2 1 0 0 119 2 49 131 0 72 0 0 20 6 1 1 0 14 19 3 1 3 0 1 0 5 3 12 0 4 5 5 2 7 16 19 2 67 19 0 0 1 2 4 29 13 1 1 0 2 12 5 5 0 628 26 4 2 0 139 9 2 18 2 18 9 2 1 201 46 26 2 1 0
115 46 497 125 54 338 189 1299 332 14414 4198 7335 0 0 0 0 0 0 0 0 14 5 1 1 1 0 0 0 23 26 5 35 462 1 0 0 0 4 1 0 58 0 0 0 0 1 0 0 0 0 3 2 47 30 11 2 3 0 0 1 0 0 1 1 1 0 18 0 0 1 2 386 9 2 2 0 122 1 12 0 4 2 48 52 68 6 1 0 1 0 1 8 7 4 0 12 595 114 2 2 57 17 143 198 34 483 22 29 144 139 170 358 0 0 1 0 0 0 0 0 1 0 0 4 1 0 0 0 0 0 60 0 27 73 0 30 0 0 10 1 0 0 0 6 4 3 0 1 1 1 0 2 1 7 1 3 0 1 1 1 5 2 3 27 8 0 0 0 0 0 16 11 1 0 0 1 2 0 0 1 236 9 2 0 0 66 4 0 2 1 7 4 3 0 78 11 10 0 0 0
1041 909 20149 4268 2293 13383 824 4365 806 22222 7335 19849 0 1 2 1 1 0 4 0 354 108 4 3 16 4 1 0 371 537 138 694 2190 19 0 0 1 38 3 6 872 2 6 3 1 5 4 5 14 4 10 31 278 215 84 73 63 8 1 0 1 8 9 12 2 1 262 4 3 18 7 1480 108 24 18 7 222 2 109 4 38 6 370 567 1090 316 16 11 6 2 6 62 30 26 22 213 1429 519 67 12 472 152 954 1183 190 3143 111 191 823 812 1064 2443 1 0 1 1 0 1 2 5 7 2 3 22 11 0 3 0 0 1 511 3 150 503 3 230 0 0 82 25 2 2 0 38 49 8 5 0 1 2 0 11 8 38 1 12 8 9 5 15 30 49 8 196 46 1 6 3 4 2 69 37 1 0 0 1 21 12 10 2 1729 84 25 3 4 363 13 2 47 3 68 14 28 16 425 90 85 12 1 4
0 0 0 0 11 9 1 0 30 0 0 0 4282 0 1 26 163 194 2959 284 3 7 2 14 0 0 13 5 1 0 4 2 20 6 0 0 12 1215 21 0 11 5 29 4879 1230 1749 0 1 0 147 1 6 0 1 2 1 1 6 1 1 7 2 6 54 20 817 0 1 12 7 17 147 668 2492 16 4 298 271 611 16 47 71 2 2 4 0 0 119 73 109 54 3 1 3 8 25 67 14 0 1 0 0 1 0 3 2 0 1 0 1 1 6 4 100 256 10 3 187 3 1650 69 1101 43 2 3 4 1 44 6 155 3 0 3 5 4 24 4 1 26 19 344 4 207 0 2 16 12 133 71 649 2 4 1 0 0 1 0 0 5 4 0 0 0 0 24 2 87 110 20 87 0 3 9 0 4 118 1 3 71 16 5 6 243 1 8 1 1 1 6 0 2 8 3 3 3 1 1 0 0 0
5 0 0 1 21 2 1 1 0 0 0 1 0 9074 6367 787 854 147 69 412 57 56 249 1080 34 296 5435 1609 211 104 181 1 28 951 4952 2467 3185 234 623 1971 486 37 365 29 3 25 724 42 17 1 1 2 28 59 10 5 539 1755 3347 1126 38 65 198 492 726 3 313 1105 227 25 15 2 24 77 1418 10 2 7 8 0 11 1 26 104 59 53 185 5 3 3 21 18 5 19 89 56 0 9 42 350 1 1 0 1 1 4 0 2 0 1 0 1 153 41 27 59 35 165 223 66 486 571 692 58 53 15 59 25 42 122 9 1 0 1 1 24 195 5 114 265 16 291 18 8 34 20 0 2 90 32 88 6 0 2 0 0 0 1 0 0 0 4 0 6 7 16 11 36 10 0 17 8 9 4 5 15 3 1 11 1 15 31 34 18 2 6 2 1 2 10 5 5 9 0 1 0 34 14 1 25
4 0 0 2 23 5 4 2 0 0 0 2 1 6367 22844 14735 1537 1595 166 2060 124 128 708 936 40 226 4604 6548 116 73 107 1 25 289 507 190 1324 212 3161 533 1515 196 501 43 3 69 95 103 187 8 5 2 20 23 7 6 247 573 232 144 874 140 291 456 1528 6 86 302 1197 98 57 12 32 148 753 67 4 17 16 0 37 6 24 49 39 35 54 30 36 9 51 168 21 103 214 45 1 8 21 134 1 2 1 2 1 14 0 0 1 0 2 5 233 92 56 119 54 409 345 262 890 1323 1273 102 72 45 115 63 76 206 15 6 3 11 2 23 368 13 160 462 64 459 60 13 76 39 5 5 156 86 124 9 7 3 0 4 1 2 0 6 2 5 0 1 11 25 24 83 26 5 28 17 19 15 10 52 7 6 28 10 20 53 71 31 19 22 0 1 9 16 9 17 17 1 2 1 69 23 5 49
9 2 4 3 19 3 5 2 2 1 0 1 26 787 14735 17224 552 4581 1552 1225 25 33 816 692 12 114 2046 4813 16 8 39 5 38 262 81 19 508 350 1889 125 1347 277 348 7 2 148 10 61 215 16 16 13 5 1 2 5 54 361 79 175 489 80 64 99 283 15 23 92 156 123 53 4 11 35 383 37 4 0 1 0 59 12 13 18 11 14 17 43 57 11 52 346 44 209 313 45 0 1 15 46 1 0 1 0 1 3 0 1 0 0 0 2 174 259 123 54 6 450 13 1216 161 1943 92 19 12 16 15 53 47 504 1 0 2 2 1 8 66 4 25 31 259 60 68 2 10 13 4 9 116 172 13 14 7 1 0 8 2 2 2 10 1 0 0 2 15 8 26 64 20 10 4 0 6 5 8 39 2 9 23 6 1 10 46 7 19 1 9 4 11 4 1 32 11 4 0 0 6 1 1 1
0 0 0 1 5 0 1 2 0 0 0 1 163 854 1537 552 1473 428 1418 2389 110 214 484 398 113 287 491 104 6 4 6 5 14 53 91 23 1163 334 268 445 824 69 184 112 24 315 164 31 55 5 2 1 1 2 5 4 9 74 60 19 479 52 51 71 119 15 13 37 254 48 20 12 27 200 106 27 3 60 20 0 24 4 9 13 51 25 29 23 23 13 62 44 7 49 118 12 0 1 27 15 3 0 2 2 4 7 1 1 0 0 4 7 174 51 33 75 39 54 173 41 574 357 387 122 138 24 97 32 56 158 24 7 3 22 3 40 163 5 182 337 6 390 14 11 50 29 1 0 203 35 169 7 4 2 2 5 1 1 0 5 6 4 0 10 7 26 9 52 10 6 51 40 19 16 4 13 4 2 23 5 40 83 58 42 10 35 3 0 3 25 15 10 16 3 3 1 99 28 8 54
2 0 1 0 10 0 2 0 2 0 0 0 194 147 1595 4581 428 13214 7129 1192 12 34 466 1360 10 47 3100 1334 14 8 10 5 15 84 27 3 258 1131 2500 43 1328 397 1033 90 19 7761 7 292 160 15 5 6 2 3 3 8 18 109 18 22 3272 300 340 1322 1626 212 13 31 956 168 139 6 104 255 125 204 8 9 7 1 85 5 8 9 11 15 8 49 64 23 142 187 23 124 354 30 6 4 8 14 8 8 0 2 12 31 1 2 0 0 1 16 177 1449 1058 126 37 1474 30 4976 298 4791 140 3 3 17 23 475 60 2474 13 0 19 28 17 224 82 10 125 93 3021 57 1781 1 7 88 25 437 382 2197 31 34 20 1 2 18 0 6 0 11 0 0 1 7 146 17 525 914 134 116 1 4 104 33 46 852 5 19 97 19 8 25 208 22 56 10 3 3 20 1 1 39 38 5 5 5 3 1 0 5
4 0 2 0 6 6 0 0 1 0 0 4 2959 69 166 1552 1418 7129 35265 7645 72 145 211 531 58 217 916 160 4 2 5 4 19 7 64 2 109 3705 59 234 368 79 265 4692 452 2591 81 31 93 99 3 4 4 2 3 4 0 10 10 2 205 48 46 120 41 185 7 28 48 71 76 27 284 4763 19 48 11 1761 49 9 148 42 9 14 37 15 24 148 163 118 279 75 11 69 143 21 9 1 27 6 4 1 2 1 5 20 1 1 3 1 1 16 1238 892 1193 472 78 2031 315 4895 1976 12194 1559 150 134 91 237 229 333 2068 29 10 5 32 9 80 673 35 416 576 795 674 264 11 89 134 20 203 1164 946 147 35 20 4 7 22 0 11 2 21 8 11 0 7 56 55 106 334 71 41 43 25 46 40 35 114 13 31 99 45 57 131 903 59 37 42 7 8 32 23 20 78 76 2 8 3 113 24 14 72
2 2 0 1 3 1 1 1 1 0 0 0 284 412 2060 1225 2389 1192 7645 6408 77 154 443 734 100 380 808 85 6 4 4 0 5 23 129 3 121 239 216 583 607 108 351 221 62 543 85 27 135 16 2 2 2 1 2 6 8 14 21 1 1225 36 70 98 84 20 10 9 420 64 36 8 25 390 24 36 0 112 9 2 51 5 2 15 29 12 16 37 49 19 105 120 13 85 216 12 2 1 20 5 1 3 6 2 6 4 0 3 2 0 2 6 555 142 98 205 46 94 158 110 847 870 594 170 162 70 182 86 166 461 24 10 1 18 3 27 341 18 163 301 18 663 30 13 90 87 3 4 320 48 171 12 8 6 9 4 1 5 1 2 1 5 0 5 9 56 20 105 17 2 38 44 30 18 5 20 8 9 23 5 27 64 80 58 7 36 5 3 6 26 9 20 32 2 3 2 107 30 6 63
115 122 137 332 827 579 50 38 13 36 14 354 3 57 124 25 110 12 72 77 12065 7663 1721 180 242 80 90 10 159 242 492 220 723 446 6 1 139 888 39 102 1340 35 116 141 6 20 81 22 44 5 3 5 38 50 24 1431 160 252 28 15 32 31 54 40 40 2 69 88 54 56 14 332 552 160 1142 18 55 31 185 0 24 5 156 79 5949 491 186 11 7 4 13 35 17 42 114 1765 57 43 795 253 8 4 9 14 6 31 1 2 9 6 11 44 13 1 6 4 30 2 48 9 144 17 66 32 30 4 11 2 0 7 52 0 8 70 3 94 19 0 178 189 3 59 9 14 26 12 3 1 34 7 22 6 1 5 1 2 3 4 2 3 14 10 1 25 9 4 5 9 5 2 30 13 6 4 1 1 7 2 8 2 78 157 45 15 3 52 1 1 6 8 26 10 8 2 5 2 41 9 3 14
19 8 19 53 318 198 23 6 9 6 5 108 7 56 128 33 214 34 145 154 7663 21507 5230 987 6131 1658 613 24 132 142 291 112 688 586 11 4 213 1685 46 1907 977 191 957 235 7 34 167 79 304 17 10 13 41 37 18 41 162 260 52 21 55 282 370 222 62 6 278 222 56 508 78 251 904 229 1256 48 43 30 211 2 101 7 121 291 3124 1180 584 35 72 14 30 156 69 300 900 1147 27 30 4193 433 7 5 7 4 4 17 1 5 3 2 5 24 18 4 5 14 37 11 98 3 270 33 163 38 49 8 25 3 4 16 34 5 3 44 4 77 50 1 235 318 6 121 9 17 31 11 1 2 90 13 60 8 8 7 0 7 2 5 2 7 11 12 0 15 6 8 11 20 12 3 49 20 10 10 14 7 2 7 29 4 64 142 68 16 14 48 3 7 15 17 26 21 16 1 3 3 53 18 4 21
4 4 4 4 21 15 2 4 2 0 1 4 2 249 708 816 484 466 211 443 1721 5230 7644 7087 474 3585 1813 51 27 25 28 16 360 607 11 3 540 1418 110 1485 6214 1624 1560 75 7 63 91 42 469 7 9 7 6 13 4 11 43 125 22 39 81 121 105 87 43 11 91 50 73 197 32 59 330 123 253 37 14 13 68 2 47 8 21 83 172 142 78 24 44 16 66 214 34 189 480 127 16 4 196 47 2 1 1 0 1 6 2 1 1 1 2 3 29 10 12 8 17 20 66 47 161 91 147 25 30 8 14 6 7 30 10 2 1 13 0 20 54 1 79 122 18 89 13 5 14 8 5 5 42 44 30 1 7 3 0 4 0 0 0 8 6 2 0 3 4 6 13 17 14 2 22 14 2 3 7 15 1 7 22 6 27 57 34 12 11 10 2 3 12 7 6 16 10 0 3 1 25 8 1 13
8 0 4 5 19 14 4 1 3 2 1 3 14 1080 936 692 398 1360 531 734 180 987 7087 4609 1082 4065 5742 180 66 15 30 3 38 110 569 179 258 441 95 1408 2169 5634 1618 38 17 658 866 17 371 18 5 1 33 55 10 13 208 112 479 32 350 49 47 110 69 187 612 667 89 124 24 17 130 126 128 30 1 3 19 1 47 10 77 373 253 454 447 20 36 12 182 134 20 133 368 44 3 6 608 351 2 2 0 2 1 3 1 0 0 0 0 2 35 38 73 14 11 78 79 327 164 288 218 16 9 3 18 29 14 63 7 1 0 5 0 21 80 0 50 124 125 64 103 0 12 17 17 13 34 262 18 5 5 1 1 6 0 1 0 7 1 0 0 1 8 3 94 106 14 27 5 3 18 7 1 134 0 1 53 12 9 19 23 6 13 4 3 3 7 1 1 10 9 0 0 0 11 6 0 10
9 6 6 7 43 17 3 7 1 0 1 16 0 34 40 12 113 10 58 100 242 6131 474 1082 6771 1340 718 11 38 19 58 13 138 146 42 12 133 851 19 4972 166 81 539 89 2 7 809 20 47 4 4 14 51 55 13 21 129 47 55 10 26 80 151 132 21 2 677 148 23 178 16 50 425 102 173 11 3 15 89 2 53 2 123 579 762 1194 1384 8 17 5 10 40 18 68 323 167 2 5 5786 626 2 1 1 1 0 0 0 0 0 3 2 8 9 3 2 5 18 4 58 2 123 13 90 18 17 3 8 3 4 4 13 0 2 11 2 31 23 0 106 184 1 36 1 6 18 5 1 0 35 6 15 4 5 4 0 1 2 0 1 1 6 4 0 7 4 3 5 11 5 2 14 11 0 1 4 6 3 1 9 0 18 52 31 5 2 17 0 3 5 8 8 3 3 2 1 2 17 8 1 4
2 0 3 1 3 2 0 3 0 0 0 4 0 296 226 114 287 47 217 380 80 1658 3585 4065 1340 3252 1551 3 8 2 4 2 12 37 331 35 119 383 8 4138 347 217 309 36 0 8 297 2 29 2 0 3 6 17 1 0 19 11 62 5 23 22 18 22 4 1 126 77 8 32 5 12 91 101 19 3 4 5 11 0 6 3 29 124 94 171 122 2 3 3 6 24 1 26 94 11 0 0 214 45 1 0 0 0 0 0 0 0 0 0 1 1 33 5 5 9 6 19 44 12 118 80 155 5 8 2 12 4 5 22 3 0 0 1 0 4 32 0 33 75 3 39 1 1 12 4 1 1 25 3 13 1 0 0 0 1 0 0 0 1 0 2 0 2 1 6 1 6 0 0 5 3 1 2 1 0 0 2 5 0 4 10 22 2 0 3 1 0 2 1 1 5 1 0 0 0 9 1 0 5
12 3 10 3 26 9 3 3 0 2 0 1 13 5435 4604 2046 491 3100 916 808 90 613 1813 5742 718 1551 28083 9443 170 42 89 2 24 204 3770 569 383 344 155 5045 806 256 743 26 4 379 1090 14 71 3 1 8 62 106 17 14 623 363 978 122 301 32 103 889 3057 60 1101 1301 149 45 17 16 83 149 359 16 1 0 17 0 23 2 125 532 314 639 549 4 17 4 40 52 13 48 156 34 0 9 819 758 0 0 0 1 3 3 0 0 1 0 1 7 114 168 125 35 21 645 113 1435 332 2167 443 19 16 14 27 58 26 295 2 1 1 12 2 27 120 7 64 143 366 104 223 1 14 16 6 24 80 373 16 9 6 0 0 0 0 1 0 3 2 1 0 5 17 8 94 128 25 22 8 7 19 4 6 133 1 4 27 3 4 28 50 13 7 2 0 0 3 2 0 17 7 0 1 1 12 5 1 4
2 0 0 2 18 0 0 3 0 0 0 0 5 1609 6548 4813 104 1334 160 85 10 24 51 180 11 3 9443 9601 126 75 120 1 17 309 42 76 392 69 4509 19 98 18 31 5 1 125 51 30 10 2 0 2 24 40 1 4 385 735 296 243 142 38 127 1123 3167 12 240 528 399 19 12 2 5 83 797 6 0 2 4 0 9 0 32 83 30 57 132 2 3 1 17 12 1 4 17 35 0 6 56 230 1 0 1 0 3 7 0 0 0 0 0 5 74 523 163 59 24 952 31 3649 212 3224 201 13 11 9 13 69 28 786 3 0 4 7 3 42 60 5 33 71 908 41 322 2 6 14 6 55 79 525 14 9 4 0 1 1 0 1 1 2 1 0 0 2 44 12 86 125 40 29 2 4 19 12 9 144 2 8 16 6 7 10 72 7 12 4 0 0 3 0 0 9 4 0 1 0 5 2 0 1
9926 797 484 424 3582 697 4170 566 44 223 23 371 1 211 116 16 6 14 4 6 159 132 27 66 38 8 170 126 36759 11788 4487 265 501 131 34 20 34 107 77 32 298 3 142 8 3 15 53 182 29 11 11 61 2897 7055 493 49 1441 88 44 12 39 540 666 291 318 6 4443 122 219 382 176 469 193 78 514 42 76 3 178 6 187 11 767 2431 472 136 154 27 60 6 24 88 60 90 271 1622 52 6157 109 614 24 7 53 66 18 186 3 9 37 43 55 175 1 1 5 0 4 3 6 9 17 5 2 10 4 3 1 5 0 4 117 2 18 164 1 178 0 0 159 80 12 1 4 19 34 4 4 2 4 14 1 9 9 21 1 6 3 5 1 13 22 20 3 49 18 0 10 7 6 3 68 19 4 0 7 11 8 5 18 9 178 203 29 6 7 55 3 3 18 2 27 14 18 0 23 10 40 3 0 4
5804 3383 126 566 6264 1193 941 267 40 108 26 537 0 104 73 8 4 8 2 4 242 142 25 15 19 2 42 75 11788 13905 6367 278 304 43 14 3 25 42 60 10 862 8 10 2 7 5 12 84 33 12 24 89 1436 1951 396 113 1011 32 22 3 10 228 248 78 187 2 741 25 94 146 93 309 74 20 228 17 37 1 41 8 137 12 1243 1347 1190 258 19 22 24 4 10 202 95 67 55 1359 47 1298 78 230 27 13 51 77 17 196 6 8 51 53 68 200 0 1 0 0 1 1 1 7 4 2 1 5 2 1 0 0 0 4 68 0 20 75 1 50 1 0 31 16 8 2 6 16 11 1 2 1 4 8 2 6 6 7 0 1 3 8 1 6 7 4 1 28 7 0 3 7 3 0 24 12 2 1 1 4 3 2 11 2 157 24 11 0 3 48 7 2 13 1 16 7 6 0 31 7 11 1 0 1
534 268 42 109 9690 334 400 88 6 25 5 138 4 181 107 39 6 10 5 4 492 291 28 30 58 4 89 120 4487 6367 19375 99 227 200 13 18 60 129 137 15 1132 6 49 3 5 20 18 135 23 8 21 53 692 1021 195 149 18019 224 44 18 31 246 313 149 348 5 3277 151 221 119 106 113 100 11 1585 54 15 3 18 5 115 5 860 1738 2145 1685 178 14 25 6 24 116 55 45 74 4268 21 609 1645 3934 7 2 14 14 6 60 1 1 19 11 21 60 1 0 3 0 1 1 4 12 19 2 3 1 4 0 0 3 0 3 24 0 6 28 2 31 3 0 29 22 8 2 15 3 5 3 6 1 4 19 1 5 4 2 1 3 4 0 2 9 3 4 1 12 2 0 10 13 5 4 9 2 4 0 3 16 4 1 11 8 39 34 8 2 5 14 3 2 11 1 4 13 3 0 4 0 8 0 0 0
135 73 50 293 1339 2240 97 48 18 120 35 694 2 1 1 5 5 5 4 0 220 112 16 3 13 2 2 1 265 278 99 3623 6815 563 1 0 5 179 10 4 351 1 5 6 0 17 4 11 6 5 3 5 95 97 30 38 32 572 3 2 31 11 6 8 10 1 136 5 17 11 14 993 755 29 384 16 42 2 84 2 21 7 171 193 353 86 6 8 9 6 13 35 11 8 6 2713 125 75 48 14 44 28 61 112 42 306 11 5 86 55 103 289 0 1 0 1 2 0 2 1 7 0 6 15 5 1 1 1 1 2 138 2 46 195 1 112 2 0 57 30 4 4 1 13 20 2 0 0 6 7 2 7 0 8 1 0 2 7 2 7 17 18 4 46 27 0 2 4 3 0 34 16 1 0 2 4 11 0 15 6 320 58 21 2 3 78 1 2 10 1 21 10 6 0 65 8 21 2 1 0
153 109 103 243 1446 1748 116 96 99 766 462 2190 20 28 25 38 14 15 19 5 723 688 360 38 138 12 24 17 501 304 227 6815 7233 2501 5 7 36 1772 114 52 1000 13 32 20 15 110 129 106 16 6 16 33 207 182 87 67 74 1502 132 231 156 78 51 85 115 9 338 135 159 25 94 2201 1996 112 2108 99 103 7 158 4 81 6 352 554 855 262 79 26 51 18 72 62 28 29 37 6774 532 132 141 68 115 56 165 195 68 577 19 19 138 130 217 637 2 3 4 1 4 4 12 19 38 2 17 27 28 1 6 5 0 7 339 4 87 465 5 368 4 0 278 193 12 19 14 49 72 12 5 2 27 37 9 10 6 34 1 6 10 14 8 22 56 44 2 182 44 2 19 17 8 5 157 66 6 2 4 22 29 12 35 9 670 354 67 10 15 233 8 5 24 4 96 20 22 8 124 27 92 6 0 6
9 2 5 10 178 132 12 2 3 5 1 19 6 951 289 262 53 84 7 23 446 586 607 110 146 37 204 309 131 43 200 563 2501 5265 123 232 953 1107 648 109 669 20 90 12 4 89 574 184 16 3 1 8 63 42 29 18 184 5012 2177 6401 252 176 207 209 565 8 206 1326 487 51 159 87 299 42 4548 154 11 8 33 0 84 2 146 233 311 159 110 14 55 11 61 28 16 13 41 1572 8 8 110 321 13 8 11 7 5 40 1 6 6 2 12 51 8 5 14 6 10 7 20 51 60 23 43 16 17 2 12 7 2 16 67 1 10 61 0 109 15 1 130 124 36 35 31 23 23 11 5 0 31 67 8 6 5 14 0 6 1 4 2 12 22 18 3 22 11 2 31 41 12 1 64 13 11 0 10 34 15 5 27 6 70 120 31 4 19 28 5 3 9 1 35 11 12 5 4 5 18 3 1 11
0 0 0 0 1 0 0 1 0 0 0 0 0 4952 507 81 91 27 64 129 6 11 11 569 42 331 3770 42 34 14 13 1 5 123 5889 1424 205 67 12 2207 12 6 90 9 1 2 2821 0 2 1 1 0 5 12 1 1 98 197 1322 149 7 1 3 32 18 0 93 332 8 4 3 3 10 14 109 1 0 2 2 0 3 1 13 30 13 41 78 0 0 0 1 0 0 1 5 4 0 1 25 85 0 0 0 0 0 0 0 0 0 0 0 0 23 10 3 9 2 35 37 18 79 118 97 7 7 0 3 3 1 4 1 1 1 2 1 1 22 1 11 41 0 32 1 0 9 3 0 0 14 6 14 0 0 0 0 0 0 0 0 0 0 1 0 1 0 1 0 4 1 0 1 1 1 2 0 1 0 0 0 0 2 4 3 3 0 0 0 0 1 2 1 0 0 0 0 0 7 0 0 0
0 0 1 1 0 0 1 0 0 0 0 0 0 2467 190 19 23 3 2 3 1 4 3 179 12 35 569 76 20 3 18 0 7 232 1424 633 396 26 21 333 7 2 55 5 0 2 876 2 2 0 0 0 1 1 1 0 48 647 3990 635 2 4 23 56 62 0 19 407 29 3 0 0 4 2 182 2 0 0 1 0 1 0 8 11 6 7 37 1 1 0 0 2 0 1 13 4 0 1 5 53 0 0 0 0 0 0 0 0 0 0 0 0 3 2 1 2 1 0 3 3 10 6 10 1 4 1 2 1 0 1 2 0 0 0 0 2 3 1 10 11 1 9 2 0 1 0 0 0 3 1 2 1 1 0 0 0 0 0 0 0 0 0 0 0 1 1 1 1 0 0 0 0 0 0 0 2 1 0 0 0 2 4 0 3 0 0 0 0 0 3 0 0 0 0 0 0 2 0 1 0
0 2 1 0 10 5 1 1 0 0 0 1 12 3185 1324 508 1163 258 109 121 139 213 540 258 133 119 383 392 34 25 60 5 36 953 205 396 4035 560 554 326 779 44 107 42 5 249 618 39 28 6 2 2 9 7 4 3 98 1102 1263 663 764 56 104 160 337 6 38 541 464 35 10 14 32 33 848 28 1 14 27 0 14 0 19 49 81 37 104 4 15 2 78 31 2 14 50 66 1 3 28 67 4 1 2 3 4 10 0 2 1 1 1 14 44 14 10 12 30 16 79 38 212 79 152 42 54 7 37 12 13 27 21 2 3 25 2 35 53 0 164 255 10 125 15 8 38 13 5 3 76 31 61 3 1 6 1 2 3 6 0 8 9 9 0 11 7 13 12 19 7 3 40 33 7 7 2 21 3 6 11 5 25 70 18 18 2 32 2 2 3 11 13 6 8 2 4 3 56 20 4 26
16 10 9 11 135 100 10 6 6 3 4 38 1215 234 212 350 334 1131 3705 239 888 1685 1418 441 851 383 344 69 107 42 129 179 1772 1107 67 26 560 6459 421 841 1421 93 289 825 161 2631 1305 83 45 30 10 23 66 41 41 32 106 1333 468 470 2188 108 130 273 205 148 196 711 773 80 125 164 2577 879 1426 186 56 152 154 4 130 13 230 289 589 273 477 90 198 113 594 75 24 45 125 816 22 13 276 131 35 16 27 28 24 68 3 8 6 6 21 78 203 56 101 77 100 65 263 234 1002 413 553 209 314 34 120 44 51 165 180 29 23 205 5 403 162 8 1232 1190 68 527 63 69 165 63 47 21 478 214 328 38 17 53 6 13 13 32 8 38 89 55 7 99 56 42 68 128 42 21 305 138 67 44 15 120 47 31 154 58 237 856 245 113 41 237 15 6 52 92 152 58 60 18 33 24 277 87 21 150
2 1 0 4 29 15 1 1 0 0 1 3 21 623 3161 1889 268 2500 59 216 39 46 110 95 19 8 155 4509 77 60 137 10 114 648 12 21 554 421 20775 11 235 48 168 10 14 313 41 642 24 4 2 3 10 19 4 4 211 1233 140 326 3404 628 470 950 11208 83 92 309 12134 94 292 8 60 32 1504 1293 1 2 6 0 83 0 24 44 49 20 42 13 53 8 101 21 11 17 49 198 1 5 11 177 7 1 0 2 6 11 0 1 0 2 0 9 12 478 306 22 16 515 17 2935 69 1045 28 5 8 6 9 208 11 805 16 5 14 16 10 99 14 4 45 51 1509 24 953 4 6 46 29 80 49 1172 18 14 6 0 0 15 1 1 0 2 2 1 2 2 83 8 356 604 80 47 8 6 47 17 44 551 4 12 106 24 11 21 35 10 56 4 3 2 12 1 3 47 25 3 1 1 8 1 1 4
2 4 2 1 8 5 1 0 0 0 0 6 0 1971 533 125 445 43 234 583 102 1907 1485 1408 4972 4138 5045 19 32 10 15 4 52 109 2207 333 326 841 11 8151 169 37 242 110 2 2 1881 10 27 1 3 3 23 41 6 3 118 77 489 72 13 28 46 36 17 1 396 382 12 52 15 16 207 166 69 2 0 9 48 0 10 1 61 283 203 323 423 1 7 1 7 22 7 30 133 30 0 3 486 168 3 0 0 0 3 2 0 0 0 0 0 3 55 12 5 21 23 34 110 11 272 135 288 30 24 6 25 6 14 37 6 1 0 5 2 19 72 1 96 163 3 125 6 3 19 12 1 0 54 6 33 2 1 1 0 1 1 1 0 0 0 3 0 4 3 5 0 15 3 2 14 7 2 1 0 3 3 1 5 0 14 33 40 5 0 9 1 0 1 8 4 5 2 2 1 1 22 7 1 18
1297 1219 1399 1232 1704 1143 158 622 44 319 58 872 11 486 1515 1347 824 1328 368 607 1340 977 6214 2169 166 347 806 98 298 862 1132 351 1000 669 12 7 779 1421 235 169 7280 3918 1757 107 54 394 97 466 2578 344 139 198 102 103 817 2041 328 335 70 54 502 487 195 155 76 240 165 226 139 703 333 520 683 218 1056 591 192 33 316 23 614 156 847 205 1427 152 172 488 841 246 812 2125 413 1162 1611 1730 109 148 146 213 40 17 45 72 35 155 10 7 26 25 48 182 38 22 69 13 8 40 40 240 138 142 112 49 38 5 24 25 11 55 110 3 38 211 6 238 33 0 264 222 115 73 82 22 41 56 97 14 66 254 44 102 81 17 8 89 13 17 28 100 38 29 4 70 43 8 97 122 122 34 91 46 27 11 84 157 39 55 326 110 219 317 68 23 171 98 71 72 264 11 56 310 120 5 27 16 59 15 3 22
10 2 7 1 10 4 3 7 1 4 0 2 5 37 196 277 69 397 79 108 35 191 1624 5634 81 217 256 18 3 8 6 1 13 20 6 2 44 93 48 37 3918 6419 7823 23 38 235 32 57 1878 43 9 6 3 2 15 27 15 21 15 7 203 65 29 62 14 181 47 20 33 108 37 14 23 11 34 216 5 0 10 0 51 4 20 30 44 43 26 38 132 108 583 246 41 163 292 23 9 4 66 18 0 0 1 0 0 3 0 0 0 0 0 2 2 8 34 2 0 6 4 82 22 33 15 0 1 3 3 15 0 10 4 0 2 3 0 6 2 0 10 16 45 13 37 2 0 31 63 3 6 188 3 17 9 0 0 15 0 0 1 6 1 0 0 0 5 0 58 106 36 24 1 0 9 2 52 119 2 8 186 81 4 3 3 5 89 1 5 5 19 1 0 65 26 0 0 0 1 1 0 2
17 9 6 6 23 10 6 8 12 2 0 6 29 365 501 348 184 1033 265 351 116 957 1560 1618 539 309 743 31 142 10 49 5 32 90 90 55 107 289 168 242 1757 7823 8321 82 205 1758 320 134 2205 236 5 9 58 88 24 28 274 107 267 15 1100 159 171 4268 118 1059 800 540 282 169 88 31 127 94 159 601 30 1 27 2 93 8 127 557 321 556 271 106 401 353 3043 285 51 297 4536 80 23 10 713 334 0 1 2 1 5 8 0 3 0 0 2 8 23 19 271 8 22 50 32 368 125 119 105 8 3 7 9 53 2 55 18 0 11 17 3 40 19 2 64 70 215 31 260 3 6 188 391 38 48 1241 28 62 48 5 4 59 1 4 3 15 1 1 0 3 44 11 466 639 186 138 6 4 63 14 220 862 5 43 1171 439 17 23 24 36 439 5 8 23 34 0 0 281 108 6 4 2 5 1 1 6
2 0 1 3 7 9 1 1 15 1 0 3 4879 29 43 7 112 90 4692 221 141 235 75 38 89 36 26 5 8 2 3 6 20 12 9 5 42 825 10 110 107 23 82 7415 2497 969 159 33 15 528 6 66 8 2 5 11 7 8 20 3 71 32 55 55 16 427 14 54 21 35 196 288 1704 2557 15 84 484 1950 2740 79 420 347 20 32 110 35 62 667 427 426 410 12 5 14 47 25 44 9 37 8 10 5 5 3 5 22 1 4 2 0 5 16 113 48 83 39 67 78 256 353 794 461 582 112 156 19 60 19 35 97 39 7 2 37 8 90 117 2 493 726 74 291 39 16 71 40 47 28 380 204 162 20 18 15 1 14 22 9 15 17 22 18 4 14 17 17 36 72 26 12 83 54 20 24 29 58 14 11 127 54 95 273 258 41 72 90 6 5 26 32 36 63 33 7 2 3 120 48 6 60
1 0 0 4 17 5 2 3 234 1 0 1 1230 3 3 2 24 19 452 62 6 7 7 17 2 0 4 1 3 7 5 0 15 4 1 0 5 161 14 2 54 38 205 2497 4907 549 3 30 15 3536 9 56 12 2 3 4 1 4 1 0 34 38 42 172 79 4881 3 3 82 30 69 546 374 496 17 33 1992 599 1779 117 366 1317 6 5 4 4 1 1453 772 3506 1938 11 2 17 63 19 654 74 3 0 1 6 4 2 5 16 0 1 6 4 3 18 1 2 304 4 5 9 10 50 34 19 15 3 1 6 4 18 1 14 23 1 7 14 1 39 1 0 49 25 43 14 61 1 4 187 570 26 44 1115 15 75 55 2 4 34 13 5 19 37 1 0 0 9 26 1 395 471 148 203 5 5 39 19 169 548 17 41 1535 536 11 16 4 12 386 10 10 22 57 1 1 215 85 2 14 3 3 0 0 4
3 0 2 2 28 19 1 3 10 3 1 5 1749 25 69 148 315 7761 2591 543 20 34 63 658 7 8 379 125 15 5 20 17 110 89 2 2 249 2631 313 2 394 235 1758 969 549 7566 7 164 51 109 1 2 7 5 4 10 18 91 5 7 405 144 273 3865 931 2964 24 16 578 69 111 108 956 350 155 428 21 11 105 0 63 22 12 18 23 15 11 96 197 121 1475 59 10 38 196 127 25 6 11 15 11 5 1 1 19 26 0 8 1 2 7 27 12 460 1781 45 32 353 22 3876 179 1027 70 3 7 7 14 491 15 846 44 6 14 39 17 232 7 5 130 147 2250 33 2066 3 1 179 204 398 159 4681 52 28 19 5 2 12 0 5 1 7 2 4 3 14 168 10 1326 1842 208 651 17 8 159 73 45 1859 4 16 738 115 22 39 129 66 143 23 0 5 16 4 3 86 36 16 13 6 8 0 1 13
3 2 2 1 4 4 1 0 0 0 0 4 0 724 95 10 164 7 81 85 81 167 91 866 809 297 1090 51 53 12 18 4 129 574 2821 876 618 1305 41 1881 97 32 320 159 3 7 2886 6 4 1 1 1 19 27 15 5 173 159 1192 153 20 19 44 134 49 5 353 1192 49 16 4 56 455 120 118 7 1 18 97 0 12 1 47 193 122 230 601 4 1 2 7 6 3 10 65 39 1 2 463 455 2 1 0 1 3 3 1 0 1 0 1 12 9 4 2 9 30 3 95 6 199 20 143 28 22 4 14 3 8 12 14 1 0 12 2 33 29 0 173 278 1 76 2 9 19 10 1 0 59 6 36 2 2 4 1 2 0 1 3 5 6 4 0 11 6 7 2 9 8 0 13 11 4 5 2 1 1 2 2 1 29 75 20 4 2 21 0 0 3 7 13 3 3 3 3 1 32 7 1 10
16 6 9 3 54 16 11 8 4 4 0 5 1 42 103 61 31 292 31 27 22 79 42 17 20 2 14 30 182 84 135 11 106 184 0 2 39 83 642 10 466 57 134 33 30 164 6 19616 171 184 2 8 30 46 17 23 273 414 25 39 665 5191 6886 222 1912 63 227 127 5046 748 3958 25 92 6 840 9564 12 2 30 2 588 116 51 113 68 67 55 1980 3715 180 642 101 18 127 448 191 3 18 50 141 4 0 3 2 2 5 0 4 0 1 1 8 1 2 23 2 1 6 8 31 17 10 15 2 9 6 7 20 7 1 15 3 3 4 0 29 9 0 23 18 23 18 17 0 2 203 131 12 21 222 16 580 818 15 43 533 9 12 16 201 0 3 0 4 26 1 54 264 734 27 9 18 38 16 409 125 72 230 929 265 7 11 11 21 855 22 178 398 1191 4 4 1931 796 3 9 1 7 3 2 10
58 19 26 16 38 13 21 40 8 15 0 14 0 17 187 215 55 160 93 135 44 304 469 371 47 29 71 10 29 33 23 6 16 16 2 2 28 45 24 27 2578 1878 2205 15 15 51 4 171 6414 169 71 32 14 16 106 135 29 13 2 2 73 600 119 25 4 31 91 16 25 893 144 12 19 37 25 187 14 0 14 3 223 25 124 97 74 89 9 195 393 99 172 4746 348 4287 9111 21 7 14 85 13 0 1 2 1 0 3 0 0 0 0 1 7 5 6 14 3 0 13 2 25 12 27 18 2 2 1 0 1 0 9 6 0 2 2 0 15 2 0 4 9 10 5 8 1 5 21 26 0 4 59 1 31 42 3 4 35 1 2 5 24 0 0 0 2 7 0 16 45 47 4 4 1 7 1 77 24 12 18 125 63 3 14 5 0 109 0 14 37 68 0 0 169 51 1 1 0 0 1 1 0
18 9 17 7 12 5 10 9 270 4 0 4 147 1 8 16 5 15 99 16 5 17 7 18 4 2 3 2 11 12 8 5 6 3 1 0 6 30 4 1 344 43 236 528 3536 109 1 184 169 6884 97 997 18 7 36 30 10 2 2 0 13 414 217 9 4 1322 22 1 29 187 102 331 122 1181 18 91 1520 299 755 1293 983 3500 24 14 18 11 2 2665 1270 8274 275 104 36 82 263 18 786 77 10 6 5 3 3 8 6 10 0 5 2 9 2 15 0 0 26 0 3 6 2 23 12 11 5 3 6 12 11 13 2 5 19 1 5 4 2 20 2 0 18 11 7 9 10 4 1 195 272 8 12 235 11 235 410 16 28 696 188 46 158 251 6 0 0 4 27 2 40 216 410 141 8 9 31 4 336 79 75 120 1477 336 9 21 13 16 925 23 169 1231 1066 3 5 2129 406 8 7 6 2 5 2 7
73 22 24 8 22 9 26 24 13 15 3 10 1 1 5 16 2 5 3 2 3 10 9 5 4 0 1 0 11 24 21 3 16 1 1 0 2 10 2 3 139 9 5 6 9 1 1 2 71 97 9321 9649 35 6 517 34 5 2 0 0 0 9 3 3 1 47 12 9 3 239 7 20 12 104 6 3 42 10 15 842 1127 113 213 19 14 10 2 99 8 2 5 3419 6479 292 78 19 26 27 5 6 1 2 1 3 2 1 1 1 1 0 4 3 0 0 0 0 0 0 0 0 2 2 1 1 0 0 2 0 0 0 5 0 2 3 0 9 0 0 8 5 0 0 0 1 3 1 1 0 1 0 0 5 2 2 0 4 646 135 467 420 13 0 1 3 2 0 0 1 3 11 4 2 0 0 1 0 196 25 4 2 3 8 7 0 1 12 82 11 120 0 5 8 19 0 7 3 0 0 0 0
171 48 86 41 62 25 78 113 102 42 2 31 6 2 2 13 1 6 4 2 5 13 7 1 14 3 8 2 61 89 53 5 33 8 0 0 2 23 3 3 198 6 9 66 56 2 1 8 32 997 9649 24486 111 24 1031 61 40 11 3 0 3 34 18 5 5 398 54 24 3 764 42 118 58 834 37 8 432 78 152 9794 7163 1355 467 55 48 16 11 969 76 41 15 2286 7311 99 35 54 299 91 14 15 29 2 16 10 5 12 2 65 3 6 6 23 0 0 1 0 1 1 1 1 3 0 1 1 4 1 1 0 0 0 22 2 5 19 0 22 0 0 15 17 2 1 0 12 2 3 16 0 17 8 3 40 29 17 2 28 3190 1214 3058 1808 140 4 10 11 3 0 0 2 12 114 24 6 1 1 5 2 1009 150 34 2 24 32 96 4 9 155 613 200 708 0 87 87 66 5 104 28 7 1 4 2
1600 304 411 235 752 321 1589 775 182 425 47 278 0 28 20 5 1 2 4 2 38 41 6 33 51 6 62 24 2897 1436 692 95 207 63 5 1 9 66 10 23 102 3 58 8 12 7 19 30 14 18 35 111 6659 4941 8010 8 351 25 9 1 14 102 155 75 64 3 434 98 38 131 46 208 107 27 164 11 73 3 86 20 69 12 2673 1255 429 110 86 21 14 6 6 108 75 40 95 415 217 6328 64 186 13 9 18 22 12 77 2 3 18 10 28 65 0 0 1 0 0 0 2 6 8 2 2 8 1 2 0 0 0 0 42 1 8 75 0 78 0 0 72 50 1 2 1 5 11 0 0 0 6 4 1 10 4 9 0 1 7 7 2 6 12 4 0 28 9 0 2 3 3 0 21 8 3 0 1 2 2 4 10 5 88 95 20 0 5 26 11 2 9 1 19 10 11 0 13 2 8 1 2 2
1384 303 396 214 875 308 1040 589 37 181 30 215 1 59 23 1 2 3 2 1 50 37 13 55 55 17 106 40 7055 1951 1021 97 182 42 12 1 7 41 19 41 103 2 88 2 2 5 27 46 16 7 6 24 4941 5566 1238 11 700 40 27 2 15 172 301 139 108 2 1369 130 71 223 65 166 112 26 230 20 33 0 62 0 70 1 1971 7015 342 100 154 10 25 3 13 45 20 42 160 586 28 4584 92 286 10 7 26 26 5 54 1 3 15 9 23 69 0 0 2 0 0 1 3 4 4 1 2 5 3 1 0 0 1 2 39 4 5 70 1 75 0 0 57 45 2 1 1 9 7 3 2 0 2 7 0 3 9 2 1 1 3 3 1 3 11 9 0 19 6 0 3 1 5 0 14 8 1 0 2 0 3 1 9 2 79 63 9 0 3 27 3 3 7 0 14 7 2 0 13 2 12 0 0 2
628 119 189 64 248 94 589 278 43 156 11 84 2 10 7 2 5 3 3 2 24 18 4 10 13 1 17 1 493 396 195 30 87 29 1 1 4 41 4 6 817 15 24 5 3 4 15 17 106 36 517 1031 8010 1238 22618 602 80 26 6 0 3 37 45 13 10 11 106 42 11 130 31 79 64 30 79 12 34 7 55 94 348 48 4055 134 152 36 30 68 29 6 6 1582 462 157 111 158 48 1919 23 49 4 2 7 10 6 28 0 0 3 1 9 27 0 0 2 0 1 0 3 3 7 0 0 0 2 0 1 0 0 0 21 1 6 43 0 44 0 0 44 29 1 0 0 5 2 0 0 0 5 3 2 6 4 4 0 2 18 4 11 30 11 6 0 9 4 0 1 2 2 0 13 7 0 1 1 4 13 6 7 3 37 50 10 0 2 16 12 8 24 0 9 18 9 0 2 3 3 2 0 0
230 120 183 116 183 112 54 99 13 43 2 73 1 5 6 5 4 8 4 6 1431 41 11 13 21 0 14 4 49 113 149 38 67 18 1 0 3 32 4 3 2041 27 28 11 4 10 5 23 135 30 34 61 8 11 602 3688 34 16 2 1 11 41 28 12 10 9 31 17 10 66 36 53 57 11 85 21 11 3 31 6 107 23 4754 57 2931 58 21 64 38 18 21 532 72 142 157 171 10 26 54 32 4 2 8 9 2 19 0 1 1 3 3 19 0 0 1 0 1 1 0 2 6 2 1 0 1 0 0 0 0 0 9 1 2 19 1 21 0 0 22 10 1 6 2 1 2 3 0 0 1 7 1 10 7 0 0 7 4 1 2 11 6 3 0 5 3 0 1 1 4 0 5 0 1 0 5 2 10 6 7 3 17 21 4 2 5 8 9 7 30 0 9 36 8 2 3 1 2 0 0 1
29 21 23 49 1490 134 27 10 1 12 3 63 1 539 247 54 9 18 0 8 160 162 43 208 129 19 623 385 1441 1011 18019 32 74 184 98 48 98 106 211 118 328 15 274 7 1 18 173 273 29 10 5 40 351 700 80 34 11706 327 182 38 48 825 1532 746 912 3 5278 873 508 599 250 29 22 9 2066 51 8 0 23 0 250 9 415 1670 576 711 1051 15 51 7 35 78 49 98 414 2122 10 101 1104 6321 3 2 3 3 3 13 0 0 4 1 4 17 3 3 3 0 4 1 2 21 10 6 0 1 1 1 0 2 0 6 6 0 3 6 1 13 1 0 19 23 18 3 16 3 4 6 5 2 2 23 0 2 5 0 0 4 0 1 2 5 6 2 0 7 2 0 8 11 2 0 7 2 0 0 9 14 4 2 19 5 15 18 2 2 17 5 4 0 7 0 9 17 9 0 1 2 3 0 0 1
4 5 8 9 103 82 0 1 3 0 0 8 6 1755 573 361 74 109 10 14 252 260 125 112 47 11 363 735 88 32 224 572 1502 5012 197 647 1102 1333 1233 77 335 21 107 8 4 91 159 414 13 2 2 11 25 40 26 16 327 3434 2234 3804 202 511 728 490 1546 11 242 1158 887 138 290 72 331 17 6888 228 6 6 16 2 149 2 96 184 266 143 141 20 41 13 65 23 14 16 77 1433 4 5 99 815 5 3 11 11 9 14 2 2 4 6 6 24 6 19 27 3 8 11 17 130 26 26 20 6 5 2 6 17 2 37 31 2 1 30 0 45 7 2 52 77 78 9 93 3 4 14 9 6 8 111 4 6 2 5 0 6 0 4 1 2 4 3 0 7 12 0 53 82 20 3 23 12 5 4 16 79 4 2 50 22 25 56 8 3 35 9 0 4 8 1 13 26 13 2 5 1 14 3 0 1
3 1 0 1 5 0 0 0 0 0 0 1 1 3347 232 79 60 18 10 21 28 52 22 479 55 62 978 296 44 22 44 3 132 2177 1322 3990 1263 468 140 489 70 15 267 20 1 5 1192 25 2 2 0 3 9 27 6 2 182 2234 3512 2639 14 72 138 277 324 0 147 1385 142 31 14 17 70 6 540 5 1 8 26 0 13 2 14 81 48 85 147 2 1 1 4 11 7 4 96 14 1 2 193 269 1 0 1 2 2 3 0 0 1 0 1 3 1 1 2 2 8 4 21 16 48 11 27 8 7 0 4 1 1 3 9 1 1 4 0 15 5 1 47 87 7 21 6 3 4 2 1 0 24 3 15 3 2 2 0 2 1 1 0 1 5 5 0 4 4 1 6 6 1 1 12 3 0 0 0 3 5 1 7 0 6 30 4 3 2 5 0 0 2 2 5 1 2 0 1 2 17 4 0 3
0 0 1 1 0 0 0 0 0 0 1 0 1 1126 144 175 19 22 2 1 15 21 39 32 10 5 122 243 12 3 18 2 231 6401 149 635 663 470 326 72 54 7 15 3 0 7 153 39 2 0 0 0 1 2 0 1 38 3804 2639 1944 35 38 76 98 260 0 23 614 171 17 17 0 15 1 721 14 0 2 0 0 10 0 8 8 8 6 13 1 3 1 8 4 3 4 6 15 0 1 7 46 0 0 1 0 0 1 0 0 0 1 0 1 3 1 3 2 3 3 5 18 13 16 11 3 2 1 2 1 0 7 2 0 1 1 2 2 3 0 5 11 12 3 9 0 1 3 1 0 2 12 3 1 1 0 0 0 0 0 0 0 0 0 0 1 2 0 7 8 4 0 2 0 0 0 3 9 0 1 6 1 0 1 0 1 0 2 0 0 0 1 1 3 2 0 0 0 0 0 0 1
5 2 3 2 31 14 2 0 1 1 0 1 7 38 874 489 479 3272 205 1225 32 55 81 350 26 23 301 142 39 10 31 31 156 252 7 2 764 2188 3404 13 502 203 1100 71 34 405 20 665 73 13 0 3 14 15 3 11 48 202 14 35 7900 436 557 3601 2633 113 46 34 4622 146 382 30 300 17 301 7808 1 1 13 1 153 2 24 36 33 28 24 126 722 93 3395 65 8 58 479 154 0 1 26 31 5 3 0 3 7 18 1 1 2 1 2 14 18 103 457 17 17 63 7 501 62 86 25 4 2 8 7 162 9 195 12 8 7 21 15 97 12 3 70 60 460 14 543 3 1 160 335 85 56 1216 36 25 25 5 0 24 2 1 0 4 2 1 0 10 70 7 397 847 141 79 8 12 93 30 54 902 2 19 620 153 15 25 11 38 216 9 5 14 25 1 7 93 52 8 8 1 7 4 1 5
19 9 12 8 63 18 10 16 0 6 0 8 2 65 140 80 52 300 48 36 31 282 121 49 80 22 32 38 540 228 246 11 78 176 1 4 56 108 628 28 487 65 159 32 38 144 19 5191 600 414 9 34 102 172 37 41 825 511 72 38 436 23064 11474 322 881 89 935 321 2557 4784 3124 13 55 18 1305 3075 8 2 17 12 328 379 144 414 200 272 126 363 896 237 628 201 74 1662 2620 168 8 31 266 314 1 0 4 2 3 6 0 2 1 0 1 8 3 7 42 8 1 12 5 65 24 17 18 2 13 5 21 19 2 10 17 3 1 15 2 28 5 2 16 27 32 35 36 7 4 163 96 11 10 197 23 946 942 15 54 449 13 22 49 467 2 2 0 2 15 3 59 221 797 34 17 22 47 9 310 117 174 403 856 172 9 19 13 34 708 17 339 387 1777 2 5 2123 1075 3 13 2 7 3 2 10
12 8 12 9 74 17 10 7 3 4 1 9 6 198 291 64 51 340 46 70 54 370 105 47 151 18 103 127 666 248 313 6 51 207 3 23 104 130 470 46 195 29 171 55 42 273 44 6886 119 217 3 18 155 301 45 28 1532 728 138 76 557 11474 16901 5698 3460 112 1820 757 7195 3856 729 24 64 17 1434 2909 13 6 28 4 229 20 224 780 357 639 383 147 1089 242 995 71 46 854 2079 114 6 47 761 798 0 4 1 1 7 6 0 2 0 0 4 9 13 17 61 11 10 14 14 152 47 48 44 3 8 4 13 22 4 29 11 0 6 5 3 22 12 1 34 35 77 37 77 6 7 165 203 13 20 301 23 124 204 7 22 224 1 5 4 32 0 0 0 4 19 10 94 261 307 26 7 18 33 7 268 242 16 66 614 199 4 24 12 14 571 16 31 139 192 2 1 683 280 3 6 2 8 2 3 12
10 5 6 6 43 21 4 3 2 4 1 12 54 492 456 99 71 1322 120 98 40 222 87 110 132 22 889 1123 291 78 149 8 85 209 32 56 160 273 950 36 155 62 4268 55 172 3865 134 222 25 9 3 5 75 139 13 12 746 490 277 98 3601 322 5698 6428 4540 1111 1070 697 2688 188 54 38 118 33 670 216 6 3 20 0 23 1 117 498 225 463 305 22 60 35 3410 29 7 61 3831 162 4 13 595 660 2 0 2 0 4 17 0 2 2 0 2 9 10 82 439 17 10 55 25 872 75 155 63 8 7 4 8 130 4 144 36 7 7 10 11 66 10 3 54 74 499 41 561 3 6 139 228 51 43 1618 28 18 13 1 1 6 0 4 1 3 2 4 1 3 61 8 669 861 163 172 8 11 103 35 39 1008 1 11 651 94 16 22 15 33 129 9 2 1 8 1 2 31 21 8 5 1 3 2 0 8
6 3 4 3 65 10 4 5 0 1 1 2 20 726 1528 283 119 1626 41 84 40 62 43 69 21 4 3057 3167 318 187 348 10 115 565 18 62 337 205 11208 17 76 14 118 16 79 931 49 1912 4 4 1 5 64 108 10 10 912 1546 324 260 2633 881 3460 4540 8627 466 582 828 8613 196 170 19 50 40 2295 78 2 4 18 0 67 3 72 217 114 159 293 8 26 19 496 15 8 14 246 182 1 15 150 602 4 3 1 0 4 20 1 2 1 0 2 17 11 133 363 14 13 120 14 1085 86 299 55 19 21 11 17 103 8 223 31 6 7 13 9 82 17 10 76 79 512 50 419 1 5 186 370 73 80 1406 44 32 30 4 2 7 0 4 0 7 0 4 1 8 71 9 562 860 165 86 15 18 107 36 67 996 3 18 912 233 17 45 26 50 225 5 1 5 12 4 6 63 45 7 5 2 19 4 1 12
2 3 4 2 5 3 4 3 58 1 0 1 817 3 6 15 15 212 185 20 2 6 11 187 2 1 60 12 6 2 5 1 9 8 0 0 6 148 83 1 240 181 1059 427 4881 2964 5 63 31 1322 47 398 3 2 11 9 3 11 0 0 113 89 112 1111 466 1168 8 7 335 50 40 79 117 696 27 48 503 468 293 394 358 648 14 5 7 8 2 592 185 393 863 30 11 25 209 18 163 16 6 8 1 0 0 1 2 6 0 1 0 2 1 4 0 36 331 2 2 16 2 460 24 57 12 0 2 4 2 36 4 55 1 0 1 6 1 22 1 0 23 21 115 4 124 0 0 60 218 134 34 722 2 15 8 0 1 13 71 22 68 53 4 0 0 2 20 3 84 154 21 1944 4 4 9 3 24 92 37 15 300 85 10 8 155 7 63 7 15 7 46 0 1 61 17 0 2 0 0 0 1 2
287 174 254 181 752 409 75 144 13 90 18 262 0 313 86 23 13 13 7 10 69 278 91 612 677 126 1101 240 4443 741 3277 136 338 206 93 19 38 196 92 396 165 47 800 14 3 24 353 227 91 22 12 54 434 1369 106 31 5278 242 147 23 46 935 1820 1070 582 8 12282 1464 396 1082 282 221 213 41 1577 76 50 6 124 1 341 9 662 5363 1026 4477 2017 37 142 14 70 161 74 259 1113 1320 23 124 2387 4790 14 3 16 22 11 52 2 0 9 7 13 61 0 1 4 1 2 0 6 6 19 1 5 10 7 0 4 2 1 3 72 2 12 71 2 88 3 0 98 68 7 8 6 16 11 10 7 0 11 13 5 10 8 7 1 6 2 2 4 9 13 8 0 18 12 0 10 13 13 0 24 13 1 1 7 11 8 5 33 8 59 93 17 4 20 45 7 8 19 1 20 34 16 0 6 5 19 7 0 5
12 5 8 8 27 13 5 9 1 5 0 4 1 1105 302 92 37 31 28 9 88 222 50 667 148 77 1301 528 122 25 151 5 135 1326 332 407 541 711 309 382 226 20 540 54 3 16 1192 127 16 1 9 24 98 130 42 17 873 1158 1385 614 34 321 757 697 828 7 1464 2150 398 173 111 32 216 50 1233 21 1 13 68 4 93 1 224 669 337 701 1170 5 5 1 28 52 15 35 271 54 0 7 1747 3096 1 0 2 1 3 7 0 0 1 0 2 9 1 3 4 2 20 2 47 30 98 6 30 8 7 2 5 2 0 9 26 1 1 11 6 54 5 0 122 197 9 19 12 13 12 2 2 1 48 23 14 3 3 9 0 2 1 5 1 5 14 7 1 18 5 1 14 10 6 0 27 18 8 2 3 14 4 5 9 4 11 67 11 5 11 12 2 1 3 6 15 8 7 0 1 2 23 9 0 6
3 0 2 5 50 8 3 0 2 0 0 3 12 227 1197 156 254 956 48 420 54 56 73 89 23 8 149 399 219 94 221 17 159 487 8 29 464 773 12134 12 139 33 282 21 82 578 49 5046 25 29 3 3 38 71 11 10 508 887 142 171 4622 2557 7195 2688 8613 335 396 398 7230 415 784 19 116 12 1405 2221 4 3 9 0 241 3 49 157 90 104 140 37 119 55 729 26 15 36 426 236 2 13 116 355 6 3 2 1 9 16 1 3 1 1 2 19 4 33 338 11 11 41 19 259 89 87 27 4 11 17 18 88 4 77 28 5 10 29 8 80 8 2 75 70 198 30 226 7 4 426 862 71 94 1420 42 113 94 3 4 103 0 7 1 19 3 2 0 5 64 6 543 1045 270 102 14 3 117 46 340 1328 8 70 1727 615 22 33 12 49 825 18 2 21 40 1 3 356 199 12 10 0 8 4 0 13
