30623 8154 12621 3225 313 2239 15507 5463 583 1839 137 1402 0 0 0 1 1 1 0 1 79 32 5 4 6 3 2 2 6738 3962 73 36 116 5 1 0 1 11 0 0 1197 0 7 0 1 2 0 4 4 4 101 112 1971 2030 905 406 22 10 0 0 3 6 9 2 1 0 99 1 11 21 10 108 51 25 42 3 57 0 61 7 69 2 2382 1368 1283 196 5 19 16 7 13 230 53 15 10 72 118 5005 34 22 14 30 163 109 47 257 16 24 55 23 85 437 0 0 0 0 0 1 0 0 3 0 1 5 13 0 0 0 0 0 30 3 113 83 0 33 0 0 18 5 0 0 0 15 44 2 1 0 2 1 1 1 2 2 0 0 6 5 5 2 17 26 0 12 17 0 1 0 2 1 11 11 2 0 1 2 2 3 1 1 133 33 6 2 0 103 1 1 8 1 26 5 3 13 111 11 15 2 1 6
8154 19766 10269 16637 1890 6401 995 326 160 591 142 1190 0 6 7 2 1 6 2 2 324 199 1 5 32 2 8 8 1208 5048 376 228 480 9 6 0 6 24 3 7 1475 2 18 5 2 8 0 17 4 4 46 67 962 856 326 382 56 19 1 0 8 29 42 11 11 0 213 5 47 32 7 395 90 47 75 6 111 2 99 1 43 3 1084 1121 1508 454 25 12 12 3 9 133 44 17 35 238 258 638 250 52 56 88 454 342 148 639 42 43 176 114 208 1142 0 0 0 0 3 0 0 1 5 0 1 16 24 2 3 0 1 1 104 6 266 225 3 84 0 1 48 10 1 2 2 29 114 0 0 1 10 7 4 5 3 6 0 2 10 11 6 4 54 81 6 27 50 0 2 0 1 0 40 52 7 2 2 4 11 1 4 0 426 100 6 1 1 348 6 0 20 13 86 4 7 37 303 27 47 15 6 9
12621 10269 20027 7981 133 7537 1578 6666 541 4599 616 10621 0 0 1 1 0 2 1 1 272 114 7 2 21 1 2 1 578 288 39 103 446 8 1 0 2 15 1 7 2216 2 7 13 4 5 1 6 8 1 125 102 1219 1068 556 544 28 16 0 0 1 7 15 3 0 3 182 5 7 33 7 335 86 49 82 6 116 4 96 2 88 4 1714 1478 2124 447 13 37 23 7 14 237 89 23 24 85 312 762 146 27 46 121 549 383 191 784 51 78 236 139 297 1318 1 1 0 0 0 0 0 0 4 0 1 20 23 2 4 0 0 0 88 7 304 277 4 95 0 0 57 11 1 3 1 28 112 1 6 0 4 1 6 3 9 11 0 2 9 12 11 13 50 72 4 25 52 0 2 1 0 0 49 61 11 2 0 1 10 4 8 1 489 93 15 2 0 379 13 0 30 9 91 8 8 34 390 22 37 13 4 10
3225 16637 7981 11041 1199 7451 450 175 90 422 154 1300 1 5 12 0 5 3 5 0 285 216 5 8 28 2 7 4 712 2520 156 593 870 11 2 0 8 65 12 7 928 1 25 7 2 10 5 23 4 5 34 29 475 480 179 201 60 29 1 0 10 26 41 23 16 1 183 7 78 14 13 444 145 38 111 10 92 4 124 1 24 1 539 673 1028 366 15 5 15 5 14 69 19 9 32 485 202 386 224 40 30 88 330 257 120 505 22 29 106 78 155 839 0 0 0 1 0 1 2 4 2 8 0 15 20 2 4 0 0 0 81 6 164 179 1 78 0 1 43 7 1 0 2 25 99 0 4 0 4 8 5 2 5 1 0 0 6 11 0 8 50 51 1 13 30 0 1 4 1 0 45 28 9 1 1 6 7 1 1 0 326 85 3 4 1 312 5 1 14 9 64 4 4 20 223 17 37 7 0 3
313 1890 133 1199 6363 2621 153 34 37 53 16 532 1 48 72 16 23 29 7 7 358 457 13 30 66 4 51 81 3434 7611 3721 1472 1842 86 14 3 42 274 57 23 803 13 115 16 6 30 22 171 24 2 33 27 985 1256 253 206 518 125 13 3 60 226 290 85 103 2 744 35 521 61 62 835 534 52 632 73 97 1 339 1 46 1 807 1121 1192 586 51 19 34 6 52 89 36 24 149 3933 120 439 383 118 11 16 76 76 35 108 6 12 34 14 37 201 0 3 8 0 9 1 3 19 16 27 7 14 15 2 1 0 0 1 23 4 70 86 2 45 2 0 42 18 10 5 6 6 39 2 4 0 21 21 8 0 3 1 0 1 3 5 1 8 14 23 1 2 26 0 7 8 1 1 29 15 6 0 2 8 2 2 11 7 130 70 4 4 1 120 4 1 9 4 26 5 5 13 51 1 22 3 0 6
2239 6401 7537 7451 2621 17962 493 378 193 1250 267 19427 0 8 6 2 5 18 9 3 341 314 8 7 45 2 13 7 405 1201 52 5148 5665 26 6 0 5 135 14 10 981 3 40 16 4 19 5 36 6 1 28 31 378 428 157 188 95 50 2 2 17 53 70 19 26 0 236 4 138 29 13 1013 352 69 189 22 148 1 289 2 32 0 549 818 1082 463 29 17 19 6 22 79 15 8 57 2242 514 361 286 47 60 128 503 416 191 722 48 65 161 135 249 1245 1 1 0 0 2 2 2 12 5 17 1 27 25 2 5 0 0 3 119 8 316 315 3 131 0 0 69 18 3 4 1 17 132 1 4 0 10 15 9 3 5 7 0 1 7 16 7 14 49 106 3 37 46 0 7 4 1 1 67 55 9 0 1 7 13 6 11 2 534 137 14 3 3 455 9 3 15 7 106 4 9 44 398 32 57 12 4 6
15507 995 1578 450 153 493 10383 6580 703 2848 348 1272 0 0 0 3 1 0 1 0 14 22 0 0 4 1 1 1 2287 750 26 14 92 0 0 0 1 5 0 1 168 0 4 1 0 1 0 4 1 2 35 31 856 1070 465 85 2 2 1 0 0 3 0 0 1 2 31 0 0 6 1 36 19 4 22 0 49 1 24 0 15 0 744 326 307 39 2 1 3 2 3 47 13 1 1 17 190 5950 19 3 2 3 17 17 11 33 4 4 8 3 24 53 0 0 0 0 0 0 0 0 0 0 0 0 0 0 0 0 0 0 9 1 12 11 0 9 0 0 8 0 0 0 0 3 5 0 0 0 0 0 0 1 1 0 0 0 1 2 0 0 1 8 0 3 3 0 0 0 0 0 5 0 0 1 0 0 1 0 0 0 25 5 1 0 0 23 1 1 0 0 3 1 0 1 21 1 1 0 0 1
5463 326 6666 175 34 378 6580 17410 2053 15274 739 4366 0 0 1 0 0 0 0 0 12 2 0 0 3 0 2 1 87 60 11 10 144 1 0 0 0 1 0 0 371 0 0 1 0 0 0 0 0 0 42 36 506 403 235 112 7 2 0 0 0 1 0 1 0 0 36 0 0 11 0 20 15 7 7 0 80 0 17 0 26 0 660 330 339 42 1 6 0 0 1 55 15 6 0 15 73 1615 7 3 2 4 40 24 10 43 1 5 18 17 19 76 0 0 0 0 0 0 0 0 0 0 0 2 1 0 0 0 0 0 3 0 17 15 0 6 0 0 1 0 1 0 0 2 5 0 0 0 0 0 0 0 0 0 0 1 3 0 2 1 1 4 0 1 1 0 0 0 0 1 2 1 0 0 0 0 0 0 1 0 35 7 0 0 0 17 3 0 2 0 0 1 0 1 27 0 4 0 0 0
583 160 541 90 37 193 703 2053 2455 3765 327 758 18 1 0 0 0 2 6 0 52 164 11 1 20 0 1 0 23 30 7 19 151 1 0 0 0 3 0 2 110 0 0 7 101 27 1 0 0 84 6 14 227 93 127 18 10 3 1 0 1 1 5 0 0 34 14 1 4 3 0 161 44 166 8 1 299 58 179 8 6 62 126 87 106 38 7 37 24 56 50 15 2 0 2 17 1039 2303 45 6 3 1 12 14 6 16 0 2 5 4 10 28 0 0 0 0 0 0 1 0 5 2 1 1 3 0 0 0 0 0 2 0 7 5 0 8 0 0 22 8 0 0 0 1 7 2 1 0 17 6 0 0 1 0 0 0 2 1 1 1 1 0 0 0 2 0 1 1 1 0 0 2 0 2 2 2 1 1 6 3 8 15 9 0 6 9 1 0 2 0 4 2 4 0 8 0 2 2 0 0
1839 591 4599 422 53 1250 2848 15274 3765 26682 11712 27144 0 0 0 0 1 0 0 0 23 12 1 1 2 0 0 1 71 85 13 126 1762 0 0 0 0 6 1 0 285 1 3 2 0 1 0 1 3 0 31 20 440 333 258 107 11 1 0 0 0 1 1 0 1 0 33 2 5 8 2 687 24 14 7 2 650 1 44 1 27 0 556 307 304 34 2 5 6 1 4 59 11 6 2 36 1083 2281 11 4 33 47 254 170 69 339 35 38 116 107 162 603 0 0 0 0 1 0 0 0 2 0 0 7 6 0 0 0 0 0 33 1 101 65 0 40 0 0 20 3 1 0 0 8 25 0 1 0 0 1 1 0 1 3 0 1 2 3 0 1 13 25 4 10 12 0 0 0 0 0 19 11 5 0 0 2 3 0 1 1 194 26 2 0 0 121 1 1 3 3 31 2 2 8 219 16 16 4 0 1
137 142 616 154 16 267 348 739 327 11712 3769 6013 0 0 0 0 0 2 0 0 8 6 0 0 1 0 0 0 18 26 2 21 708 1 0 0 0 2 0 0 48 0 0 0 0 0 0 1 0 0 10 6 49 34 33 13 4 0 0 0 0 0 1 0 1 0 7 0 3 2 1 274 9 3 3 0 76 0 9 0 2 0 79 43 39 8 1 1 1 0 1 11 0 0 1 10 737 321 3 1 12 17 132 91 37 199 17 21 47 41 94 337 0 0 0 0 0 0 0 0 0 0 0 1 2 0 1 0 0 0 17 0 56 40 0 13 0 0 8 0 0 2 0 5 19 1 0 0 1 1 0 2 0 2 0 0 2 4 1 2 9 19 4 2 6 0 0 0 1 0 7 10 4 0 0 0 0 0 2 0 100 17 4 0 0 70 1 0 4 0 19 0 1 3 135 10 10 4 0 1
1402 1190 10621 1300 532 19427 1272 4366 758 27144 6013 36689 0 0 3 1 2 7 8 0 190 189 8 7 22 2 4 7 135 301 32 763 3651 10 0 0 2 55 7 2 619 1 21 7 3 14 3 13 0 0 22 34 349 264 150 130 53 14 3 0 5 16 32 8 8 2 159 2 31 13 1 1556 145 58 68 9 390 5 166 1 20 1 483 583 623 293 11 10 9 8 10 54 19 9 18 266 1924 897 158 18 87 180 879 676 280 1252 87 112 318 266 478 2277 1 0 1 1 2 0 0 5 11 6 0 42 43 3 11 0 0 0 149 14 473 415 3 127 0 0 88 21 2 3 0 43 155 0 6 0 11 4 4 6 3 7 1 4 8 21 1 16 77 120 8 57 79 1 3 4 0 0 93 79 14 6 1 5 19 2 5 0 761 152 11 1 0 688 11 1 21 17 152 5 23 63 696 42 76 21 1 14
0 0 0 1 1 0 0 0 18 0 0 0 6414 0 0 1 15 451 8281 33 0 0 3 1 0 0 6 4 1 0 0 0 1 0 0 0 4 196 3 1 7 1 11 6485 2526 3321 0 2 0 108 0 3 0 0 1 1 0 4 0 0 12 6 12 3 3 1998 0 1 5 3 5 21 278 758 2 3 121 380 249 7 3 36 0 0 1 0 1 15 25 109 582 3 0 1 21 2 59 6 1 0 0 1 0 1 2 0 0 0 0 0 0 0 1 43 399 1 4 49 1 592 28 779 12 2 2 1 0 18 0 36 7 0 0 1 0 2 0 2 24 17 206 7 105 0 1 11 36 20 26 1705 3 2 4 2 0 5 0 3 1 2 0 3 0 1 1 0 225 60 9 363 0 2 4 5 11 143 2 1 91 13 0 0 115 0 19 3 0 3 4 0 0 16 5 2 0 0 0 0 1 2
0 6 0 5 48 8 0 0 1 0 0 0 0 11646 7982 681 1320 212 18 30 6 11 189 191 30 16 638 1860 27 13 36 3 14 466 3483 2620 2056 116 118 166 780 73 136 0 1 18 1437 31 20 2 8 0 1 5 2 3 17 547 3018 440 18 69 222 201 135 1 8 155 237 9 24 1 12 19 1062 14 0 0 2 0 6 0 2 10 5 3 26 3 8 5 4 46 3 14 68 164 0 1 5 11 0 0 0 0 0 0 0 0 0 0 0 0 1 2 3 14 3 13 24 5 47 94 54 0 0 0 3 1 2 3 0 0 0 1 0 1 7 3 15 12 4 20 4 0 2 3 0 0 18 11 5 0 0 0 0 0 0 0 0 0 0 0 0 0 0 5 2 1 0 1 0 0 0 2 1 2 0 0 2 0 0 0 12 0 0 2 0 0 1 0 0 2 1 1 0 0 0 0 1 1
0 7 1 12 72 6 0 1 0 0 0 3 0 7982 19926 8019 1546 2988 44 314 15 15 529 456 81 90 881 5516 20 22 37 1 18 416 2021 392 558 88 648 905 2165 191 303 3 3 36 1042 159 78 2 14 4 8 11 4 2 13 633 956 271 64 224 473 375 634 1 15 147 974 41 57 2 19 25 1460 44 1 0 2 0 19 0 5 17 14 6 33 26 40 7 38 160 12 49 165 283 0 4 11 16 0 0 0 0 0 0 0 0 0 0 0 0 13 11 12 16 8 19 31 50 70 200 77 4 3 1 7 10 3 10 1 0 0 2 0 7 9 2 30 28 39 44 7 0 7 4 1 1 30 32 11 1 1 4 0 0 1 0 0 1 0 0 0 0 0 14 5 5 0 2 0 0 0 3 1 10 1 0 5 0 0 5 22 0 2 0 2 2 3 0 0 3 2 1 2 0 1 0 0 9
1 2 1 0 16 2 3 0 0 0 0 1 1 681 8019 17075 477 5913 1349 1239 4 15 107 384 17 35 1072 4749 3 3 11 4 6 101 871 36 313 239 2485 382 1296 115 159 18 0 31 293 97 32 2 8 0 1 2 0 1 4 119 74 37 117 82 121 81 491 5 4 30 705 22 24 1 24 22 300 36 2 0 2 0 19 0 2 6 3 5 9 22 30 14 21 117 10 44 78 64 0 0 4 7 0 2 0 0 1 1 0 0 0 0 0 1 61 200 193 73 10 207 26 850 132 1938 51 6 1 6 24 43 14 134 0 2 3 4 1 21 46 4 95 58 451 108 132 0 9 26 5 16 146 253 10 0 2 3 0 0 0 3 1 0 0 2 0 0 8 13 19 38 7 10 0 2 4 9 8 61 1 0 9 1 0 13 56 5 0 4 0 1 2 0 0 3 8 6 0 0 1 0 0 12
1 1 0 5 23 5 1 0 0 1 0 2 15 1320 1546 477 2704 865 760 2633 81 148 572 512 461 352 234 311 4 9 8 5 10 227 399 266 2367 933 210 2084 1436 69 381 42 16 226 1054 53 45 12 7 5 4 10 1 4 27 236 387 129 161 45 69 95 194 4 29 93 373 23 8 4 35 135 497 40 1 21 8 1 8 3 9 25 19 11 33 10 21 8 30 97 3 23 162 129 2 0 34 10 0 0 5 1 4 4 0 17 0 0 0 3 121 38 23 185 70 17 162 66 468 297 237 61 127 49 128 50 25 62 0 4 6 26 7 63 73 14 345 305 41 484 29 0 64 62 4 3 424 51 247 0 2 5 5 1 0 10 1 2 4 2 1 0 7 84 12 44 9 5 20 6 23 154 7 24 3 3 13 0 19 209 41 27 4 123 2 2 5 15 6 10 12 2 15 3 43 25 19 195
1 6 2 3 29 18 0 0 2 0 2 7 451 212 2988 5913 865 9695 7030 2188 10 37 70 2253 40 34 2353 1125 7 3 12 21 17 100 697 13 461 1363 5845 249 1456 204 2523 260 9 3234 217 367 51 8 35 4 5 7 3 1 15 101 56 16 2287 143 236 1034 767 30 24 59 1124 46 42 7 218 59 207 220 6 6 13 1 36 1 10 12 9 7 16 64 78 28 102 238 36 97 415 113 5 2 19 9 0 3 0 0 5 0 0 2 1 0 0 2 23 752 1013 32 34 522 28 1572 247 3460 98 4 3 8 5 178 7 518 11 8 7 7 5 45 25 2 207 143 1239 44 756 0 9 54 49 102 236 1319 9 15 8 7 1 2 0 7 0 0 1 2 0 0 22 11 209 306 23 96 4 10 37 23 34 355 3 4 60 12 2 17 124 23 10 9 1 4 16 3 2 21 38 12 0 0 1 1 4 8
0 2 1 5 7 9 1 0 6 0 0 8 8281 18 44 1349 760 7030 59538 10620 25 84 169 835 141 219 982 259 7 3 13 12 10 15 390 1 148 2099 189 909 923 78 839 3511 574 7111 251 107 61 121 19 5 4 7 3 5 25 16 40 3 353 65 145 317 76 608 13 41 171 29 19 9 211 4119 40 91 29 364 35 8 30 65 3 11 10 11 18 68 136 103 1498 154 16 64 297 15 24 3 30 10 1 9 1 1 10 2 0 15 1 1 0 6 694 1381 1649 874 185 1700 563 4179 2364 18459 1574 99 105 113 306 450 187 1145 9 11 19 60 21 159 502 40 1162 824 1749 1568 787 8 151 258 84 151 2127 1703 366 32 22 18 5 4 0 21 2 7 2 4 3 1 31 174 189 416 42 271 25 17 57 164 61 393 7 6 171 44 14 234 1735 47 47 154 6 7 30 14 4 56 87 19 6 9 31 19 17 243
1 2 1 0 7 3 0 0 0 0 0 0 33 30 314 1239 2633 2188 10620 5431 17 32 237 501 148 298 292 163 2 1 4 1 4 25 680 11 52 32 354 1558 783 74 307 31 17 212 654 71 62 7 20 3 1 3 2 1 8 37 76 9 298 27 29 46 170 5 4 26 468 25 9 0 8 119 95 37 1 10 1 0 20 5 3 7 6 4 7 29 29 9 29 157 5 58 134 28 0 0 8 2 0 0 0 0 2 1 1 5 0 0 0 3 229 85 40 346 61 45 195 107 522 865 283 36 28 27 148 112 50 115 0 1 2 10 3 23 161 18 211 195 53 654 39 2 42 74 3 7 373 53 139 1 5 4 3 2 0 8 0 1 2 1 1 0 2 77 7 53 8 2 5 11 4 82 6 19 2 3 16 6 2 50 88 10 3 34 2 1 7 5 3 10 25 1 2 0 15 11 6 129
79 324 272 285 358 341 14 12 52 23 8 190 0 6 15 4 81 10 25 17 5094 4627 1229 19 295 221 7 6 79 180 174 135 427 311 3 0 92 490 16 172 719 8 42 53 4 4 10 11 9 7 2 3 42 35 18 370 48 109 9 6 8 15 22 9 9 2 26 7 29 5 4 278 794 157 561 3 420 7 366 1 4 2 38 36 3250 633 58 2 7 2 8 29 3 9 42 478 283 56 1278 133 1 7 27 14 16 26 3 4 3 1 4 43 1 0 1 4 4 0 3 4 34 3 18 29 28 2 6 5 0 2 9 10 36 104 3 77 2 0 114 41 1 18 5 10 46 2 2 0 55 4 29 1 3 0 0 0 1 2 1 3 11 23 1 4 27 3 1 4 0 0 33 28 12 16 0 3 3 2 0 0 83 177 34 11 2 168 0 1 9 6 29 2 5 24 20 1 21 9 5 29
32 199 114 216 457 314 22 2 164 12 6 189 0 11 15 15 148 37 84 32 4627 17170 3910 362 5659 2119 84 13 124 213 160 223 842 802 9 0 221 1705 30 1911 1219 179 564 368 16 15 78 38 221 22 35 10 68 67 39 82 62 226 20 15 36 57 43 22 22 14 62 67 88 70 15 559 2562 581 1739 20 1168 33 870 0 22 3 47 82 1903 368 210 45 39 22 31 296 37 148 428 989 758 135 2794 396 5 18 33 44 33 38 1 11 12 5 16 104 5 7 4 16 55 9 51 9 270 37 73 82 115 12 44 7 0 6 31 11 92 250 11 235 9 1 525 284 6 116 11 20 136 11 10 0 345 14 177 5 10 4 0 4 6 14 4 11 39 47 4 5 47 20 10 12 2 1 84 48 33 91 5 14 11 9 12 2 167 538 100 18 3 463 8 1 21 25 70 12 16 59 57 5 91 43 19 124
5 1 7 5 13 8 0 0 11 1 0 8 3 189 529 107 572 70 169 237 1229 3910 7240 3851 661 4486 411 37 2 7 9 27 201 832 37 16 691 1370 49 2291 4950 832 440 97 2 9 154 25 131 3 13 4 10 13 2 3 27 82 56 54 40 9 16 12 40 1 26 56 117 5 11 37 566 103 151 14 98 5 98 0 13 0 18 45 110 72 60 18 18 10 18 169 8 45 110 44 45 4 182 40 1 0 1 3 0 0 3 0 0 1 0 2 8 9 2 11 15 3 26 6 99 53 52 10 21 5 9 4 3 6 1 2 2 18 2 29 7 1 73 62 3 27 5 0 23 3 4 1 70 7 38 1 0 1 1 1 0 1 0 1 2 5 1 0 3 5 3 6 1 0 8 5 1 18 0 5 1 0 4 1 10 73 22 4 2 24 1 1 4 1 8 3 2 0 1 0 8 2 7 20
4 5 2 8 30 7 0 0 1 1 0 7 1 191 456 384 512 2253 835 501 19 362 3851 6007 795 5102 6927 633 40 8 135 7 19 154 1265 72 297 311 230 3461 1831 2887 2700 43 4 858 1712 25 242 1 11 1 32 92 5 2 294 159 495 67 853 36 71 261 69 29 190 497 274 21 9 4 115 88 480 23 4 2 7 0 15 1 31 236 68 133 162 21 25 6 50 198 25 69 353 76 4 2 220 122 0 0 0 0 0 0 0 0 0 0 0 0 4 20 55 26 12 13 41 193 117 257 91 6 4 3 6 4 1 15 0 0 0 2 1 15 14 1 67 37 72 33 32 0 5 3 1 1 66 251 9 1 4 1 0 0 0 0 0 0 0 0 0 0 1 4 36 23 3 17 2 0 3 7 3 29 1 0 9 2 1 11 27 2 3 10 1 0 3 0 1 2 6 1 1 0 2 1 1 7
6 32 21 28 66 45 4 3 20 2 1 22 0 30 81 17 461 40 141 148 295 5659 661 795 8862 502 250 19 33 32 133 39 146 275 65 17 431 1277 24 5439 618 182 1338 368 11 27 2650 28 245 6 21 4 48 106 12 70 544 77 205 27 32 88 84 57 15 10 347 305 60 91 17 94 1330 574 330 19 181 15 269 1 34 4 105 465 762 1090 2321 33 54 30 54 272 33 198 909 118 102 10 7258 1989 1 2 4 3 3 6 0 3 2 1 2 20 13 2 1 20 60 7 89 13 295 72 96 55 62 11 47 9 3 8 2 2 12 70 2 100 8 4 372 258 8 77 3 5 57 9 1 0 279 16 106 1 3 0 1 2 3 2 3 4 5 12 0 0 14 12 6 7 0 3 32 14 9 43 2 17 6 3 13 4 20 242 89 6 8 98 4 3 11 16 12 17 11 11 6 0 23 16 9 69
3 2 1 2 4 2 1 0 0 0 0 2 0 16 90 35 352 34 219 298 221 2119 4486 5102 502 2189 738 6 0 0 4 3 7 27 15 4 86 340 4 5096 1188 184 464 145 1 3 70 6 75 0 4 3 11 4 2 2 19 6 5 1 9 9 4 3 6 2 13 11 8 3 1 6 234 206 20 3 3 4 13 0 4 1 8 26 58 53 19 5 12 1 5 86 5 28 106 7 0 0 105 13 0 0 0 0 0 1 0 0 0 0 0 0 8 9 0 17 24 3 45 2 161 73 107 9 9 5 11 4 2 6 0 0 0 9 3 21 10 3 92 107 0 48 1 0 13 2 0 0 102 4 22 0 2 0 0 1 0 1 0 1 0 0 0 0 1 7 1 3 1 0 4 2 0 9 1 2 1 1 1 0 7 32 57 4 1 7 0 0 3 1 0 1 3 3 2 1 2 5 4 10
2 8 2 7 51 13 1 2 1 0 0 4 6 638 881 1072 234 2353 982 292 7 84 411 6927 250 738 13685 6965 41 16 149 4 15 285 5406 116 293 173 206 3204 561 122 2149 26 0 325 1320 29 28 0 5 1 35 77 11 4 256 280 466 148 147 38 145 1348 139 33 192 421 127 16 11 3 50 61 828 14 3 0 3 0 7 0 24 158 34 95 89 17 27 5 9 39 6 20 189 127 0 2 109 106 0 0 1 0 0 0 0 0 0 1 0 2 9 125 218 10 15 93 25 1060 84 1052 76 3 4 3 5 19 1 55 0 2 2 7 1 17 8 1 50 46 496 25 144 2 5 10 2 12 37 626 7 2 3 1 0 0 0 1 0 1 0 0 0 0 5 6 82 59 4 35 0 3 8 6 3 123 2 0 7 1 1 8 51 1 0 2 0 0 1 0 0 4 1 6 0 0 1 1 1 3
2 8 1 4 81 7 1 1 0 1 0 7 4 1860 5516 4749 311 1125 259 163 6 13 37 633 19 6 6965 12835 41 44 88 8 40 649 1499 308 634 150 2256 118 324 33 823 14 4 644 259 113 4 1 3 1 19 41 5 1 87 818 379 389 463 172 599 1446 1772 73 49 334 1004 39 46 2 35 57 1859 30 1 0 6 0 15 0 16 53 14 13 47 33 43 10 36 19 1 13 140 350 1 3 10 45 0 2 0 0 2 0 0 0 0 0 0 1 11 300 674 22 15 196 32 2464 121 1846 99 5 1 2 10 60 4 164 2 2 2 9 4 26 9 2 117 105 1334 44 516 1 11 22 11 28 61 2260 12 10 6 2 2 1 0 0 0 0 1 2 0 0 8 8 334 129 15 103 1 5 21 10 18 448 2 2 19 1 0 4 89 19 6 2 1 0 6 0 3 10 9 10 0 0 2 2 4 6
6738 1208 578 712 3434 405 2287 87 23 71 18 135 1 27 20 3 4 7 7 2 79 124 2 40 33 0 41 41 39964 9406 3958 46 97 13 14 1 17 73 5 31 167 6 136 22 4 16 25 36 10 2 24 26 3414 6930 645 66 2078 12 9 1 12 154 242 101 28 2 6574 84 112 41 28 85 111 43 527 22 26 2 42 0 31 0 844 1442 306 131 190 10 29 8 27 62 20 45 205 1651 38 3225 122 262 0 5 9 18 9 26 1 3 5 4 5 37 0 0 0 1 5 0 3 1 26 11 3 5 4 0 0 1 0 1 7 1 16 25 1 14 0 0 29 14 1 3 0 2 21 0 1 0 16 9 3 0 1 0 0 2 1 3 2 1 5 3 0 4 7 0 3 2 0 1 8 3 2 2 1 3 1 0 3 0 35 25 2 0 1 43 0 0 3 1 10 5 1 3 17 0 3 1 1 1
3962 5048 288 2520 7611 1201 750 60 30 85 26 301 0 13 22 3 9 3 3 1 180 213 7 8 32 0 16 44 9406 10239 4904 71 188 7 9 0 6 32 9 12 486 5 35 10 1 7 4 51 5 1 26 28 1067 1468 289 112 2868 13 6 1 13 91 130 33 24 1 654 13 142 33 19 194 100 26 154 16 56 1 58 0 26 2 681 718 576 258 18 17 11 5 20 44 15 16 69 1049 71 1104 167 40 12 21 112 58 29 153 10 8 36 26 48 283 0 0 0 1 1 0 3 2 4 2 1 18 16 0 2 0 0 0 30 1 58 96 2 38 0 0 26 15 3 0 0 9 41 0 1 0 10 8 1 0 1 3 1 1 5 5 2 2 12 19 3 6 18 0 2 1 0 0 23 9 2 1 2 3 4 3 3 1 119 49 4 0 0 121 4 0 7 3 24 2 3 13 70 5 12 4 1 3
73 376 39 156 3721 52 26 11 7 13 2 32 0 36 37 11 8 12 13 4 174 160 9 135 133 4 149 88 3958 4904 13386 20 56 20 36 4 14 74 9 91 581 11 357 36 4 43 74 50 26 3 26 9 1089 1690 204 126 9191 22 28 2 47 265 549 243 47 2 2288 258 178 77 57 28 106 43 3728 43 7 0 29 1 37 2 494 1452 681 401 621 19 56 14 51 98 31 76 467 8707 18 211 290 6627 1 3 4 0 2 2 0 0 0 0 0 8 0 0 1 2 5 0 5 3 17 3 3 7 10 3 1 0 0 1 0 0 3 9 0 10 0 1 34 16 2 2 1 0 7 0 0 0 13 7 7 3 3 0 0 1 0 1 0 0 0 1 0 0 2 0 2 2 2 0 2 1 2 1 4 7 1 0 10 2 5 26 4 1 3 12 3 1 1 1 2 6 3 2 2 0 2 1 0 4
36 228 103 593 1472 5148 14 10 19 126 21 763 0 3 1 4 5 21 12 1 135 223 27 7 39 3 4 8 46 71 20 5434 8131 705 6 3 51 602 27 13 280 0 21 13 0 13 11 32 5 1 8 6 134 107 57 69 31 1945 14 8 19 10 30 15 27 0 68 14 102 7 5 966 1064 29 2180 21 45 1 319 0 8 0 199 264 244 128 10 3 5 0 14 26 5 2 22 3799 111 27 140 15 12 29 69 65 38 89 2 3 20 14 46 176 1 2 1 2 2 3 0 12 3 7 3 18 9 1 1 0 0 3 20 3 50 114 1 62 0 0 41 12 3 6 1 10 32 1 4 0 6 8 3 1 1 1 1 0 2 6 1 3 11 16 0 8 15 1 1 7 0 1 17 7 5 0 1 3 2 0 3 2 100 91 5 1 0 111 1 2 2 2 34 0 2 15 55 3 18 6 2 5
116 480 446 870 1842 5665 92 144 151 1762 708 3651 1 14 18 6 10 17 10 4 427 842 201 19 146 7 15 40 97 188 56 8131 11971 7438 14 19 95 4084 32 30 730 3 33 23 14 29 53 29 6 3 18 26 234 203 123 98 70 2522 153 114 25 26 47 21 29 1 133 138 161 14 5 2807 2698 122 3378 17 141 8 475 2 17 5 434 489 551 251 86 8 6 6 17 44 9 3 30 5449 861 206 302 33 35 70 215 173 104 352 22 28 75 53 104 666 0 1 5 1 3 1 2 7 14 25 3 57 44 6 4 1 0 1 71 7 231 331 9 171 1 0 157 52 13 10 4 39 173 1 1 0 22 21 9 2 1 6 0 4 14 22 1 14 60 81 3 20 66 1 4 4 0 1 84 55 9 2 3 9 10 3 6 2 319 317 27 8 3 388 1 1 21 15 103 4 7 59 208 5 60 17 6 18
5 9 8 11 86 26 0 1 1 0 1 10 0 466 416 101 227 100 15 25 311 802 832 154 275 27 285 649 13 7 20 705 7438 10692 299 476 2007 2155 211 232 702 25 236 12 1 29 686 156 7 1 7 5 60 39 33 39 24 7499 3719 3558 64 177 388 354 335 2 48 2192 866 31 59 23 597 40 4672 48 9 9 57 0 24 0 182 148 190 123 202 6 20 11 20 24 7 15 151 428 9 2 204 37 0 2 1 2 6 2 0 3 1 0 0 7 2 2 10 3 13 4 6 30 35 28 10 25 36 8 10 4 1 5 3 2 10 29 2 49 2 0 138 72 17 12 4 3 28 1 3 2 58 29 24 5 5 1 0 2 1 1 4 6 5 7 2 0 13 4 14 7 0 4 16 8 10 13 1 13 7 5 5 2 10 118 13 9 3 39 3 1 13 4 11 2 7 7 1 0 13 6 3 24
1 6 1 2 14 6 0 0 0 0 0 0 0 3483 2021 871 399 697 390 680 3 9 37 1265 65 15 5406 1499 14 9 36 6 14 299 3814 1476 607 120 61 598 75 16 656 3 1 82 2751 8 4 0 0 0 6 22 2 2 51 243 910 378 41 28 106 562 66 11 39 183 80 12 3 0 14 52 478 8 0 0 1 0 4 0 8 37 3 13 28 2 6 4 10 1 0 8 150 72 2 0 11 21 0 0 0 0 0 0 0 0 0 0 1 0 23 42 89 43 19 34 42 380 156 513 162 0 1 3 12 16 1 21 0 0 0 2 1 10 15 3 67 72 195 77 75 1 7 5 0 4 77 307 10 0 1 1 0 0 0 0 0 0 0 0 0 0 1 7 35 18 4 15 0 1 2 4 4 46 1 1 2 0 0 8 66 1 1 2 0 0 0 0 0 0 6 3 0 0 0 0 2 11
0 0 0 0 3 0 0 0 0 0 0 0 0 2620 392 36 266 13 1 11 0 0 16 72 17 4 116 308 1 0 4 3 19 476 1476 2076 1231 82 25 191 65 5 55 1 0 8 1915 10 0 0 0 0 1 2 0 0 5 229 4067 1481 4 14 92 112 41 0 3 69 78 1 2 0 4 2 149 5 0 0 0 0 0 0 2 1 0 0 4 0 3 0 3 1 0 3 17 13 1 0 1 0 0 0 0 0 0 0 0 0 0 0 0 0 0 0 2 0 0 1 2 4 3 8 5 0 0 0 0 1 0 1 0 0 0 0 0 0 0 0 2 3 3 2 0 0 0 0 1 0 5 3 0 0 0 0 0 0 0 0 0 0 0 0 0 0 0 0 2 0 0 0 0 0 0 0 1 0 0 0 3 0 0 0 3 0 0 0 0 0 0 0 0 0 1 0 0 0 0 0 0 0
1 6 2 8 42 5 1 0 0 0 0 2 4 2056 558 313 2367 461 148 52 92 221 691 297 431 86 293 634 17 6 14 51 95 2007 607 1231 3900 1353 374 937 1122 37 311 24 4 73 1477 92 23 3 4 4 6 12 1 4 27 911 2578 2114 197 86 214 203 348 1 28 736 676 14 10 15 90 19 1209 42 4 6 9 0 10 2 7 17 26 14 51 9 16 3 17 37 4 18 124 174 1 2 34 8 0 1 2 2 1 0 1 4 1 0 0 1 5 24 23 27 15 10 17 62 72 109 35 22 38 4 23 9 0 15 0 0 0 14 6 24 8 2 87 68 46 63 20 2 11 12 1 1 68 58 60 1 0 0 1 1 0 1 2 5 5 2 2 0 1 13 11 17 1 7 7 1 11 46 2 11 1 1 5 1 4 92 21 5 2 39 6 0 6 7 5 3 6 3 4 1 10 10 5 54
11 24 15 65 274 135 5 1 3 6 2 55 196 116 88 239 933 1363 2099 32 490 1705 1370 311 1277 340 173 150 73 32 74 602 4084 2155 120 82 1353 13127 210 1127 1336 49 448 1151 157 1851 923 222 30 38 6 22 74 108 44 34 144 1716 801 429 659 99 225 122 82 65 195 1052 479 30 22 130 5790 1064 2960 157 57 147 176 6 27 27 132 228 354 217 589 49 73 36 401 52 11 32 221 1126 30 11 424 106 6 11 8 10 37 16 1 26 3 1 3 35 92 92 91 152 112 84 178 301 720 1021 369 171 238 41 120 68 26 83 20 19 38 173 36 301 79 22 1000 627 172 441 70 12 200 60 22 9 813 276 481 24 24 6 3 7 6 20 7 28 22 35 3 3 48 63 60 104 18 22 113 65 67 226 14 87 35 14 82 23 72 976 272 60 22 376 23 3 67 59 52 26 68 51 33 13 119 61 51 379
0 3 1 12 57 14 0 0 0 1 0 7 3 118 648 2485 210 5845 189 354 16 30 49 230 24 4 206 2256 5 9 9 27 32 211 61 25 374 210 7409 31 264 53 515 8 3 230 29 123 11 1 6 3 1 9 3 1 7 191 56 48 5492 59 72 267 1998 9 8 56 3565 9 26 3 46 13 543 91 2 0 7 0 15 0 3 8 6 3 8 17 22 10 36 38 4 14 95 195 1 1 10 6 0 2 0 0 4 1 0 0 0 0 0 5 3 258 478 8 15 108 6 1209 55 845 20 2 2 0 1 81 1 158 1 8 3 4 4 11 0 1 56 41 819 2 448 1 0 23 14 27 35 1154 5 6 1 2 1 1 0 1 0 2 0 3 0 1 11 2 170 136 17 47 1 6 24 9 14 288 0 0 24 9 0 8 28 9 7 3 2 2 2 0 1 7 15 3 0 0 1 0 3 2
0 7 7 7 23 10 1 0 2 0 0 2 1 166 905 382 2084 249 909 1558 172 1911 2291 3461 5439 5096 3204 118 31 12 91 13 30 232 598 191 937 1127 31 6172 773 147 791 396 3 12 3421 15 95 3 6 6 50 97 6 16 260 141 807 66 16 32 56 85 33 1 232 727 54 21 10 11 526 640 395 8 7 0 49 1 11 1 45 294 121 259 317 11 10 5 20 93 7 50 282 65 2 0 454 189 0 1 0 1 0 3 0 4 0 0 0 1 64 36 0 120 99 37 264 22 782 528 535 42 38 26 67 34 11 38 1 1 2 30 3 67 57 26 357 342 9 279 5 3 59 21 3 1 426 9 97 1 5 2 0 0 0 6 0 0 0 4 0 0 4 32 2 18 3 1 12 4 3 39 4 13 6 1 3 3 4 89 207 6 2 36 3 1 4 1 5 5 9 4 2 0 16 17 6 62
1197 1475 2216 928 803 981 168 371 110 285 48 619 7 780 2165 1296 1436 1456 923 783 719 1219 4950 1831 618 1188 561 324 167 486 581 280 730 702 75 65 1122 1336 264 773 8793 3068 1084 188 68 694 186 369 913 58 711 233 102 135 2071 1211 174 329 73 66 1167 185 89 42 229 52 115 112 876 303 133 412 1146 256 1277 500 602 21 710 8 403 27 1105 240 836 279 94 557 1191 370 1335 2455 370 519 687 976 290 128 533 208 7 34 53 48 35 62 6 9 13 5 28 100 14 12 33 26 22 9 24 45 98 105 61 44 64 5 20 8 2 12 22 10 76 228 4 147 8 1 191 108 33 98 22 14 68 24 35 4 108 232 74 12 51 8 1 21 20 9 12 34 23 24 3 3 61 14 58 58 10 18 60 42 33 19 45 79 27 33 163 38 153 354 55 23 69 305 25 19 118 20 58 99 49 39 52 7 51 12 15 54
0 2 2 1 13 3 0 0 0 1 0 1 1 73 191 115 69 204 78 74 8 179 832 2887 182 184 122 33 6 5 11 0 3 25 16 5 37 49 53 147 3068 4904 4703 27 14 309 76 64 588 6 14 2 5 9 3 2 31 31 32 4 493 15 13 11 82 16 25 55 342 16 9 5 19 15 115 154 5 0 4 0 14 0 9 43 33 38 27 48 151 48 593 511 16 59 129 47 0 2 91 25 0 0 1 0 0 0 0 0 0 0 0 0 1 1 5 2 1 0 1 8 15 11 7 1 1 1 2 0 0 2 1 0 1 0 1 6 0 0 8 5 1 6 4 0 2 6 13 1 9 99 2 2 4 1 0 4 1 1 0 1 0 0 0 0 1 0 21 29 6 3 1 1 6 1 13 40 0 4 61 21 2 1 3 1 18 3 0 0 10 1 0 14 9 0 0 0 0 0 0 1
7 18 7 25 115 40 4 0 0 3 0 21 11 136 303 159 381 2523 839 307 42 564 440 2700 1338 464 2149 823 136 35 357 21 33 236 656 55 311 448 515 791 1084 4703 7394 170 61 3803 1054 181 2244 13 40 10 129 275 22 20 869 286 443 85 5151 155 504 4137 695 119 673 710 3005 88 41 15 203 100 1101 735 11 5 28 0 39 3 111 689 213 430 326 104 317 154 2862 694 45 338 2817 316 5 8 662 376 0 0 0 0 2 1 0 1 0 1 0 2 10 23 85 16 15 16 40 256 116 206 112 10 6 2 13 14 1 11 4 2 1 9 4 19 6 1 71 65 116 43 57 0 14 76 67 4 78 1017 17 15 25 2 1 15 2 4 0 4 0 0 0 0 4 7 269 176 22 55 4 3 17 8 54 292 4 6 353 90 3 23 39 8 98 11 2 3 16 0 1 60 39 4 3 0 3 1 3 11
0 5 13 7 16 16 1 1 7 2 0 7 6485 0 3 18 42 260 3511 31 53 368 97 43 368 145 26 14 22 10 36 13 23 12 3 1 24 1151 8 396 188 27 170 8830 4834 2703 209 89 15 1206 11 94 24 36 1 10 51 14 41 1 104 60 100 22 10 1188 76 219 84 16 8 59 3130 4880 135 69 268 3652 2952 138 69 752 39 62 96 77 138 261 213 585 2371 42 8 20 179 47 58 9 150 41 0 7 5 8 17 12 0 23 1 0 3 17 88 73 118 112 95 209 158 480 790 2842 397 115 187 23 102 57 26 84 4 16 16 93 13 186 57 12 844 482 97 331 42 4 102 68 58 9 866 387 299 20 30 8 3 18 10 11 7 11 9 15 1 0 18 44 96 90 22 73 42 38 20 160 50 123 13 15 272 54 39 653 823 35 74 269 15 15 37 37 26 93 47 17 28 1 87 39 34 259
1 2 4 2 6 4 0 0 101 0 0 3 2526 1 3 0 16 9 574 17 4 16 2 4 11 1 0 4 4 1 4 0 14 1 1 0 4 157 3 3 68 14 61 4834 10182 1214 2 37 31 4018 7 25 12 6 4 3 10 4 4 0 26 89 91 9 1 4248 3 5 40 48 48 136 686 486 9 26 1510 511 1633 61 85 580 6 6 4 5 3 765 443 1442 1802 85 12 34 191 10 671 55 6 3 0 3 1 1 2 4 0 2 0 1 2 7 0 4 53 2 4 10 1 30 11 34 8 0 1 3 2 12 2 9 5 10 2 1 3 8 1 1 15 11 10 11 18 1 5 153 300 9 38 1478 12 48 206 18 2 143 7 10 7 21 1 5 0 1 3 4 378 378 107 428 4 20 18 14 310 437 17 39 1835 293 4 17 16 18 365 26 25 133 199 1 2 765 200 6 4 0 5 1 4 6
2 8 5 10 30 19 1 0 27 1 0 14 3321 18 36 31 226 3234 7111 212 4 15 9 858 27 3 325 644 16 7 43 13 29 29 82 8 73 1851 230 12 694 309 3803 2703 1214 9587 28 262 100 29 17 4 15 12 2 2 50 45 28 6 1514 217 696 2214 709 2987 39 62 908 77 78 22 547 230 173 281 159 114 225 2 35 8 13 33 15 13 14 93 254 109 2994 163 14 101 1066 86 125 12 18 38 0 29 1 0 11 3 1 10 0 1 1 3 10 347 2470 9 24 113 18 1622 123 1377 42 5 3 14 7 284 5 245 42 40 8 10 12 48 8 6 87 71 973 25 1236 3 13 467 554 184 143 10766 29 45 59 48 9 36 0 30 1 10 4 23 0 6 23 8 2033 1385 151 1442 15 49 197 69 160 1415 29 21 1290 181 8 34 251 75 213 31 4 18 46 2 8 124 188 48 9 2 10 1 11 13
0 0 1 5 22 5 0 0 1 0 0 3 0 1437 1042 293 1054 217 251 654 10 78 154 1712 2650 70 1320 259 25 4 74 11 53 686 2751 1915 1477 923 29 3421 186 76 1054 209 2 28 11464 30 39 2 1 0 19 28 2 3 147 440 2810 606 29 76 179 234 44 1 94 1704 113 29 26 7 488 298 669 14 17 3 49 0 13 1 19 94 18 47 1371 5 12 8 14 36 5 19 306 78 4 1 79 92 1 0 0 0 0 2 0 3 0 0 1 2 33 12 7 50 59 18 119 27 387 279 207 26 33 11 44 10 5 9 0 0 0 22 2 53 29 3 232 231 5 93 7 0 41 12 3 0 217 10 57 1 1 1 0 0 0 3 1 3 2 2 0 0 4 18 2 10 4 0 10 4 2 29 7 5 0 0 4 3 9 92 80 7 2 23 0 0 3 2 9 2 4 1 4 0 12 10 3 21
4 17 6 23 171 36 4 0 0 1 1 13 2 31 159 97 53 367 107 71 11 38 25 25 28 6 29 113 36 51 50 32 29 156 8 10 92 222 123 15 369 64 181 89 37 262 30 13391 145 77 29 15 21 22 9 8 50 288 60 17 1408 5787 892 218 1618 22 40 173 12978 822 5559 4 82 7 964 10217 2 0 12 3 453 11 23 45 23 29 21 1060 1497 226 3588 498 63 231 1049 476 9 2 28 35 0 1 0 0 1 0 0 2 0 0 1 1 2 7 14 3 2 14 6 35 9 16 4 1 2 2 4 16 3 7 1 4 1 2 2 8 1 1 11 7 19 8 23 0 1 107 114 1 18 213 7 90 367 13 8 295 2 14 6 7 1 9 0 2 7 1 55 174 109 24 11 14 19 24 465 294 23 56 1083 235 1 16 10 31 677 30 33 92 255 3 0 1021 241 1 7 0 2 4 15 3
4 4 8 4 24 6 1 0 0 3 0 0 0 20 78 32 45 51 61 62 9 221 131 242 245 75 28 4 10 5 26 5 6 7 4 0 23 30 11 95 913 588 2244 15 31 100 39 145 7673 7 130 15 22 36 15 12 97 5 5 2 125 92 20 5 5 10 74 10 90 244 42 4 16 15 40 138 2 0 11 1 115 4 28 130 45 95 24 202 471 150 573 6129 285 3839 3305 17 6 1 161 47 0 0 0 0 0 0 0 0 0 0 0 1 2 4 2 2 0 1 4 2 10 11 9 0 1 1 1 1 0 1 0 0 0 1 0 3 1 0 3 7 3 4 0 0 0 11 7 0 12 30 0 2 22 3 0 5 5 0 0 2 0 0 0 0 0 1 13 16 10 2 0 1 2 1 14 20 4 7 66 19 0 2 4 0 34 1 4 5 21 0 1 46 13 0 3 0 0 0 1 1
4 4 1 5 2 1 2 0 84 0 0 0 108 2 2 2 12 8 121 7 7 22 3 1 6 0 0 1 2 1 3 1 3 1 0 0 3 38 1 3 58 6 13 1206 4018 29 2 77 7 7973 15 480 7 2 7 3 5 1 1 1 13 94 24 6 2 1894 3 6 18 64 73 119 215 1081 9 24 1503 481 961 1077 386 7179 6 5 3 4 4 4065 776 3856 541 100 13 30 72 3 605 41 5 3 1 1 1 1 0 4 1 2 1 1 1 6 0 3 2 0 5 12 2 9 6 11 2 3 0 1 0 1 0 2 1 3 5 3 0 2 0 0 7 11 1 8 6 1 6 49 57 0 12 69 8 81 297 8 10 125 82 13 66 74 4 2 0 0 4 1 21 55 70 19 7 8 8 2 138 65 35 78 641 73 5 11 8 9 158 20 79 423 498 1 2 972 190 2 9 0 1 0 7 9
101 46 125 34 33 28 35 42 6 31 10 22 0 8 14 8 7 35 19 20 2 35 13 11 21 4 5 3 24 26 26 8 18 7 0 0 4 6 6 6 711 14 40 11 7 17 1 29 130 15 13941 16366 25 27 436 173 16 13 1 0 11 11 5 1 2 31 14 1 11 772 13 19 35 34 32 33 24 4 41 592 2801 112 499 45 61 28 4 244 133 50 75 7743 10747 793 177 29 13 11 32 11 0 1 3 0 1 3 1 2 1 2 1 4 0 1 0 0 0 0 0 1 1 2 5 3 1 0 2 1 0 0 1 0 0 5 0 6 0 0 8 0 0 1 1 1 6 3 2 1 6 3 1 5 6 1 0 0 990 39 921 303 10 1 0 0 6 0 1 6 3 8 2 0 0 2 3 1 19 13 13 3 3 16 4 0 7 15 73 18 165 3 5 21 10 1 3 0 1 2 1 4
112 67 102 29 27 31 31 36 14 20 6 34 3 0 4 0 5 4 5 3 3 10 4 1 4 3 1 1 26 28 9 6 26 5 0 0 4 22 3 6 233 2 10 94 25 4 0 15 15 480 16366 31790 24 22 386 93 10 10 0 0 5 26 10 0 1 532 6 4 3 721 39 25 72 236 30 5 168 54 98 11719 5961 1936 504 26 66 22 2 1200 59 56 15 1354 4269 110 73 35 67 15 16 5 10 0 4 8 4 5 2 3 2 1 2 8 0 0 0 0 0 0 0 1 2 0 1 4 1 0 0 1 0 1 3 1 4 11 2 8 0 0 10 3 1 2 2 11 11 10 7 2 4 4 4 39 46 4 1 13 6958 268 9337 2088 79 4 0 1 3 1 3 3 6 47 3 2 1 0 9 7 194 92 70 1 9 23 44 2 5 41 591 98 1400 0 40 130 76 8 8 2 1 1 0 1
1971 962 1219 475 985 378 856 506 227 440 49 349 0 1 8 1 4 5 4 1 42 68 10 32 48 11 35 19 3414 1067 1089 134 234 60 6 1 6 74 1 50 102 5 129 24 12 15 19 21 22 7 25 24 8095 7107 6492 25 384 106 4 1 13 64 125 50 10 5 553 64 51 21 12 183 347 113 665 10 201 8 378 0 14 2 2676 1050 323 168 176 9 22 6 13 61 7 37 155 876 334 4850 112 210 1 11 14 17 14 21 2 2 4 2 7 37 0 0 1 0 2 0 3 2 13 3 2 15 8 0 0 0 0 0 7 2 29 94 5 58 1 1 94 29 3 3 0 5 29 1 0 1 23 3 10 0 1 0 0 0 1 0 2 4 7 12 0 3 22 0 1 0 0 0 19 8 4 5 1 1 1 3 1 0 54 148 19 2 0 97 0 1 7 4 17 3 3 16 18 1 17 3 3 13
2030 856 1068 480 1256 428 1070 403 93 333 34 264 0 5 11 2 10 7 7 3 35 67 13 92 106 4 77 41 6930 1468 1690 107 203 39 22 2 12 108 9 97 135 9 275 36 6 12 28 22 36 2 27 22 7107 9006 730 34 1062 87 11 2 24 119 246 102 17 0 2760 121 81 69 17 140 261 104 995 15 115 1 228 3 20 1 1427 5026 483 190 447 17 46 11 20 94 26 67 335 1229 90 2749 157 515 1 6 16 13 15 28 0 2 4 3 7 52 0 1 0 1 7 0 1 3 22 5 3 9 11 4 3 0 0 1 10 4 22 68 0 37 0 0 78 40 2 7 2 2 38 2 3 0 21 7 14 0 1 1 0 3 4 2 2 0 4 12 3 3 14 0 2 1 1 0 25 4 3 4 2 4 3 0 3 2 39 110 17 5 2 78 5 2 5 1 10 3 4 15 18 1 9 5 1 6
905 326 556 179 253 157 465 235 127 258 33 150 1 2 4 0 1 3 3 2 18 39 2 5 12 2 11 5 645 289 204 57 123 33 2 0 1 44 3 6 2071 3 22 1 4 2 2 9 15 7 436 386 6492 730 12368 679 49 58 2 0 4 10 13 10 1 2 62 8 13 60 3 121 169 47 249 5 99 5 250 8 158 6 4717 199 165 87 27 33 25 7 9 768 173 34 44 230 179 2201 45 48 2 3 12 3 5 14 1 0 2 0 0 21 0 0 0 0 0 0 0 0 3 0 1 10 7 0 1 0 0 0 3 1 13 60 0 35 0 0 24 9 0 4 0 2 16 0 0 0 11 1 2 1 1 0 0 2 13 1 14 9 2 10 0 0 7 0 1 0 0 1 14 5 6 1 1 1 1 1 1 0 31 79 9 3 1 56 5 3 14 4 15 2 2 8 9 0 11 5 2 10
406 382 544 201 206 188 85 112 18 107 13 130 1 3 2 1 4 1 5 1 370 82 3 2 70 2 4 1 66 112 126 69 98 39 2 0 4 34 1 16 1211 2 20 10 3 2 3 8 12 3 173 93 25 34 679 2948 36 42 0 0 5 13 14 4 3 0 23 4 7 28 11 73 150 45 202 2 58 2 174 3 50 1 6899 73 3854 306 24 21 12 2 7 289 48 28 26 203 41 42 271 54 1 8 4 9 8 7 0 1 1 1 4 12 0 0 1 0 0 1 1 1 3 3 0 9 7 0 5 1 0 0 2 2 8 52 2 26 0 0 35 8 2 2 1 0 21 1 2 0 7 1 6 1 1 0 0 2 7 2 7 4 1 5 1 2 15 0 0 0 0 0 13 9 4 4 0 0 1 0 0 0 24 76 10 1 1 51 3 0 7 0 10 1 3 11 6 2 9 2 1 8
22 56 28 60 518 95 2 7 10 11 4 53 0 17 13 4 27 15 25 8 48 62 27 294 544 19 256 87 2078 2868 9191 31 70 24 51 5 27 144 7 260 174 31 869 51 10 50 147 50 97 5 16 10 384 1062 49 36 4519 47 34 4 50 244 622 356 31 4 5922 599 141 121 44 54 190 74 3945 38 39 0 52 1 32 0 203 1622 299 1585 2148 59 100 27 84 149 45 152 1028 2810 32 15 874 5416 0 3 1 0 5 5 0 0 0 0 1 13 0 0 1 2 8 0 7 4 32 9 8 9 8 1 1 0 0 0 4 1 1 14 1 9 0 0 50 39 2 8 2 1 11 2 1 0 22 6 8 0 4 0 0 0 1 0 0 1 1 3 0 0 5 1 4 2 2 4 5 1 1 3 3 5 2 1 15 1 4 37 19 0 5 18 2 3 8 2 7 13 1 1 5 0 1 0 1 5
10 19 16 29 125 50 2 2 3 1 0 14 4 547 633 119 236 101 16 37 109 226 82 159 77 6 280 818 12 13 22 1945 2522 7499 243 229 911 1716 191 141 329 31 286 14 4 45 440 288 5 1 13 10 106 87 58 42 47 5823 3172 1770 84 445 697 431 398 2 47 4219 1171 104 137 203 1045 45 8344 86 15 0 122 0 35 0 240 190 181 86 76 16 47 9 52 32 4 17 221 918 8 0 82 74 0 3 5 2 4 7 0 2 2 1 3 8 2 6 11 2 8 7 4 40 15 38 5 8 5 0 6 1 0 4 5 0 4 30 3 27 0 0 40 29 19 3 7 6 17 1 2 1 26 36 11 1 0 1 0 1 0 1 1 0 5 7 0 0 12 1 9 5 0 1 5 1 4 4 3 9 0 1 8 3 19 44 8 0 2 20 0 1 2 1 9 3 1 6 3 0 5 1 0 4
0 1 0 1 13 2 1 0 1 0 0 3 0 3018 956 74 387 56 40 76 9 20 56 495 205 5 466 379 9 6 28 14 153 3719 910 4067 2578 801 56 807 73 32 443 41 4 28 2810 60 5 1 1 0 4 11 2 0 34 3172 2136 4609 24 162 329 317 83 1 14 897 241 49 60 2 129 92 1212 18 1 0 11 0 17 0 5 20 4 9 34 5 19 3 23 11 6 21 159 64 0 0 11 14 0 0 1 0 0 0 0 0 0 0 0 2 7 4 0 16 15 9 30 13 105 77 72 8 8 2 4 4 0 4 0 0 1 7 1 13 7 0 69 64 3 24 1 1 6 3 0 0 64 11 12 0 1 0 0 0 0 0 0 0 0 0 0 0 0 5 2 3 1 2 0 0 1 6 0 2 0 0 3 0 4 24 29 0 1 4 0 0 0 0 2 1 1 2 0 0 3 1 2 6
0 0 0 0 3 2 0 0 0 0 0 0 0 440 271 37 129 16 3 9 6 15 54 67 27 1 148 389 1 1 2 8 114 3558 378 1481 2114 429 48 66 66 4 85 1 0 6 606 17 2 1 0 0 1 2 0 0 4 1770 4609 2317 9 38 145 138 86 0 3 758 160 7 14 0 7 5 292 7 0 1 0 0 3 0 2 2 5 1 9 2 7 0 7 1 0 2 42 14 0 0 3 0 0 0 0 0 1 0 0 0 0 0 0 0 0 0 0 0 1 3 0 5 5 8 6 1 2 0 0 0 1 0 0 0 0 2 1 4 0 0 11 3 1 1 0 0 4 0 1 0 5 4 1 0 0 0 0 0 0 1 0 0 0 0 0 0 0 1 1 0 0 0 0 0 0 0 0 2 0 0 1 1 0 6 3 0 0 1 0 0 0 0 0 0 0 0 0 0 0 0 0 0
3 8 1 10 60 17 0 0 1 0 0 5 12 18 64 117 161 2287 353 298 8 36 40 853 32 9 147 463 12 13 47 19 25 64 41 4 197 659 5492 16 1167 493 5151 104 26 1514 29 1408 125 13 11 5 13 24 4 5 50 84 24 9 5726 699 1728 2103 916 95 44 73 3836 157 255 3 143 10 310 2863 5 3 13 1 70 2 9 37 13 21 28 143 538 53 5223 289 42 133 2078 145 5 3 24 23 0 4 0 0 4 0 0 2 0 0 0 0 1 54 387 7 5 11 5 235 24 117 9 1 4 3 3 59 1 33 24 16 4 2 4 11 2 1 28 17 192 8 326 0 7 215 312 43 71 2321 19 34 46 31 3 54 3 11 2 5 4 3 0 4 13 3 536 647 66 183 4 24 67 23 154 636 16 9 792 175 1 24 41 23 196 16 8 11 51 3 1 92 110 13 5 1 6 1 4 3
6 29 7 26 226 53 3 1 1 1 0 16 6 69 224 82 45 143 65 27 15 57 9 36 88 9 38 172 154 91 265 10 26 177 28 14 86 99 59 32 185 15 155 60 89 217 76 5787 92 94 11 26 64 119 10 13 244 445 162 38 699 15137 9751 470 1019 31 206 475 3806 4191 1884 13 28 5 1853 1706 16 3 15 4 375 22 33 180 64 72 87 1119 1771 447 2111 201 177 638 3554 639 10 7 63 135 0 2 0 0 1 0 0 5 0 0 0 0 2 4 5 3 7 9 3 36 7 25 2 0 1 2 4 12 1 9 2 4 3 2 0 2 0 0 10 11 15 8 9 3 2 94 84 2 28 155 9 113 456 14 7 269 10 10 9 25 1 2 2 0 3 3 58 164 91 33 8 17 16 26 410 240 46 82 997 196 2 16 10 22 571 25 61 121 369 3 1 1082 289 3 3 0 3 1 7 11
9 42 15 41 290 70 0 0 5 1 1 32 12 222 473 121 69 236 145 29 22 43 16 71 84 4 145 599 242 130 549 30 47 388 106 92 214 225 72 56 89 13 504 100 91 696 179 892 20 24 5 10 125 246 13 14 622 697 329 145 1728 9751 10889 5901 1660 52 417 705 6315 538 585 13 80 27 2552 2121 14 3 24 0 122 1 63 293 96 113 145 167 1528 452 4055 43 37 140 3240 895 15 15 96 266 0 0 0 0 0 0 0 2 0 0 1 2 3 6 30 5 5 6 10 70 23 66 10 1 3 3 2 6 2 2 0 0 2 4 1 3 2 1 12 9 42 12 25 0 6 48 56 4 25 268 7 11 45 9 2 48 1 6 1 1 1 2 0 0 3 1 88 89 33 21 1 4 10 8 106 146 3 9 343 91 2 7 5 4 174 7 2 17 37 0 0 182 42 2 1 0 0 0 1 4
2 11 3 23 85 19 0 1 0 0 0 8 3 201 375 81 95 1034 317 46 9 22 12 261 57 3 1348 1446 101 33 243 15 21 354 562 112 203 122 267 85 42 11 4137 22 9 2214 234 218 5 6 1 0 50 102 10 4 356 431 317 138 2103 470 5901 7555 2762 106 227 435 2673 126 70 8 42 17 1341 223 2 1 5 0 25 0 17 171 44 50 97 26 124 29 315 10 11 36 3074 324 1 2 40 143 0 4 1 0 0 0 0 0 0 0 0 0 1 32 122 7 6 14 9 343 31 180 17 0 1 0 4 11 2 13 2 1 2 1 2 4 2 0 18 18 177 11 91 1 3 20 11 8 14 795 4 2 2 2 3 3 0 0 0 0 0 0 0 1 3 4 133 57 8 51 2 2 10 3 9 132 1 2 43 8 0 6 15 1 12 2 1 0 2 0 0 8 9 1 1 0 1 0 0 0
1 11 0 16 103 26 1 0 0 1 1 8 3 135 634 491 194 767 76 170 9 22 40 69 15 6 139 1772 28 24 47 27 29 335 66 41 348 82 1998 33 229 82 695 10 1 709 44 1618 5 2 2 1 10 17 1 3 31 398 83 86 916 1019 1660 2762 9387 45 21 126 17741 112 344 7 25 7 1209 389 1 1 10 1 70 1 4 16 17 6 20 51 90 18 119 30 7 24 429 404 0 0 4 19 0 2 0 0 1 0 0 0 0 0 0 1 1 51 213 1 0 15 3 372 9 123 5 0 0 1 1 34 0 31 7 1 0 1 1 7 3 0 19 13 260 4 221 1 2 22 15 6 11 1553 6 4 11 5 0 2 0 2 0 1 2 6 0 1 3 1 263 114 13 33 1 6 28 5 14 282 1 5 43 9 2 6 12 13 15 2 0 1 3 0 0 17 19 4 0 1 0 0 0 0
0 0 3 1 2 0 2 0 34 0 0 2 1998 1 1 5 4 30 608 5 2 14 1 29 10 2 33 73 2 1 2 0 1 2 11 0 1 65 9 1 52 16 119 1188 4248 2987 1 22 10 1894 31 532 5 0 2 0 4 2 1 0 95 31 52 106 45 2501 6 3 32 16 5 48 144 948 8 27 840 914 637 791 181 2263 4 5 2 1 3 499 166 604 2518 34 3 6 98 5 202 13 3 2 1 0 1 0 0 2 0 0 0 1 1 2 1 7 242 1 2 4 0 80 8 84 5 1 1 0 0 8 1 7 1 3 0 2 0 2 0 0 8 5 15 1 25 1 0 35 114 28 24 933 1 4 35 2 1 18 61 6 37 11 1 0 0 0 2 0 84 87 19 1199 2 3 9 1 43 60 6 11 287 39 1 10 153 7 53 9 11 12 38 1 1 70 29 1 4 0 1 0 0 0
99 213 182 183 744 236 31 36 14 33 7 159 0 8 15 4 29 24 13 4 26 62 26 190 347 13 192 49 6574 654 2288 68 133 48 39 3 28 195 8 232 115 25 673 76 3 39 94 40 74 3 14 6 553 2760 62 23 5922 47 14 3 44 206 417 227 21 6 8909 321 99 104 27 95 324 147 1939 32 77 5 129 0 26 0 365 5036 579 1328 1181 42 91 19 45 152 29 130 804 1669 67 30 844 1744 2 6 6 3 4 14 3 2 0 0 1 25 1 0 1 1 10 0 10 4 38 7 18 16 11 3 4 1 0 1 1 1 12 33 0 24 2 0 86 31 1 6 0 1 16 2 1 0 50 8 8 3 3 1 0 0 0 1 0 2 3 7 1 0 10 1 3 3 2 0 11 6 4 4 5 3 0 1 12 2 25 72 15 3 11 40 0 1 11 1 4 16 1 9 3 1 7 5 1 10
1 5 5 7 35 4 0 0 1 2 0 2 1 155 147 30 93 59 41 26 7 67 56 497 305 11 421 334 84 13 258 14 138 2192 183 69 736 1052 56 727 112 55 710 219 5 62 1704 173 10 6 1 4 64 121 8 4 599 4219 897 758 73 475 705 435 126 3 321 2950 513 146 162 19 908 411 5311 58 40 11 136 0 42 2 44 276 49 137 1496 15 66 12 45 22 9 44 429 152 13 2 175 437 0 0 3 0 0 2 0 0 0 0 0 3 3 1 2 6 37 1 22 14 155 24 30 27 29 4 17 2 0 3 1 2 1 41 1 57 2 0 275 157 8 19 3 1 42 2 1 0 159 19 26 0 2 1 0 1 1 0 0 2 0 1 1 0 4 1 10 4 0 1 11 2 7 18 2 11 1 0 7 0 17 154 72 4 8 29 1 2 4 3 5 7 3 4 2 2 20 8 3 13
11 47 7 78 521 138 0 0 4 5 3 31 5 237 974 705 373 1124 171 468 29 88 117 274 60 8 127 1004 112 142 178 102 161 866 80 78 676 479 3565 54 876 342 3005 84 40 908 113 12978 90 18 11 3 51 81 13 7 141 1171 241 160 3836 3806 6315 2673 17741 32 99 513 17278 308 1062 19 134 11 4018 7539 2 3 16 0 138 3 38 99 53 33 86 192 609 145 2908 200 27 125 2668 1355 5 12 36 101 0 3 1 0 4 2 0 0 0 0 0 1 0 34 140 3 3 8 3 162 24 105 9 6 2 2 1 22 1 15 11 7 6 3 4 11 2 2 28 18 129 13 164 0 5 106 120 17 35 1254 15 17 32 7 1 30 1 6 1 4 2 1 1 1 3 4 319 353 36 48 5 7 37 15 112 396 8 11 520 155 3 18 19 8 173 17 3 8 22 3 2 104 67 9 1 0 4 1 6 6
21 32 33 14 61 29 6 11 3 8 2 13 3 9 41 22 23 46 29 25 5 70 5 21 91 3 16 39 41 33 77 7 14 31 12 1 14 30 9 21 303 16 88 16 48 77 29 822 244 64 772 721 21 69 60 28 121 104 49 7 157 4191 538 126 112 16 104 146 308 7997 1994 6 37 17 387 194 16 1 17 39 5371 161 81 91 44 58 31 2472 621 247 527 1579 2188 2020 2460 140 8 5 77 70 0 4 1 2 0 0 0 0 1 0 0 0 0 3 2 1 2 12 1 16 6 6 6 0 4 3 0 4 2 4 6 1 2 2 2 5 1 0 2 4 12 10 10 1 4 42 20 1 11 56 9 217 487 14 11 90 116 22 176 357 0 3 0 0 1 0 28 53 55 22 5 11 9 10 95 45 182 296 254 39 1 11 14 8 101 23 431 118 1213 3 3 617 398 1 5 0 1 3 7 5
10 7 7 13 62 13 1 0 0 2 1 1 5 24 57 24 8 42 19 9 4 15 11 9 17 1 11 46 28 19 57 5 5 59 3 2 10 22 26 10 133 9 41 8 48 78 26 5559 42 73 13 39 12 17 3 11 44 137 60 14 255 1884 585 70 344 5 27 162 1062 1994 6087 2 12 3 536 467 6 1 4 8 5672 64 5 35 18 9 18 3366 558 227 723 237 112 189 355 198 1 5 8 30 0 1 0 0 0 0 0 2 0 0 0 0 0 0 3 0 2 14 0 11 5 4 1 0 0 0 1 4 0 3 3 1 1 1 1 2 2 0 5 3 5 9 6 1 5 48 37 0 9 54 9 106 353 8 10 81 34 9 32 61 1 0 0 1 0 0 37 66 58 16 3 9 2 9 159 93 63 142 435 86 1 8 2 17 243 7 161 99 552 2 1 655 229 2 3 0 3 1 4 4
