36211 11444 9271 1711 2549 1926 8750 18206 71 198 36 1118 0 2 5 5 5 2 1 1 43 43 4 3 50 3 10 12 6008 6162 1222 71 55 7 0 0 1 1 13 4 945 3 10 2 1 3 2 22 17 1 166 253 1036 1866 478 105 111 6 5 1 14 39 19 4 16 4 164 10 46 46 31 34 3 13 35 10 20 1 16 11 164 6 1382 243 214 65 35 28 14 0 15 176 170 29 21 159 61 913 107 24 9 2 14 7 3 24 2 10 7 17 22 59 0 1 1 1 3 0 0 2 4 2 0 7 13 0 0 0 0 0 15 0 18 72 4 7 0 0 13 23 2 3 0 3 11 1 0 0 7 5 7 1 3 2 0 0 7 0 3 1 3 5 1 7 10 0 1 1 0 0 9 2 1 9 0 2 0 0 5 1 103 30 6 1 0 62 0 1 1 1 10 2 0 4 34 3 9 6 1 2
11444 13462 9918 13124 1990 4689 716 1105 47 61 62 2815 0 0 2 0 1 0 0 0 32 11 2 0 9 0 2 4 644 1041 266 38 31 0 0 0 0 2 3 1 633 2 8 0 0 2 0 5 5 1 81 107 328 621 161 49 54 3 0 0 2 10 9 2 4 2 127 0 10 17 23 34 4 3 14 1 11 0 13 9 72 3 654 146 135 51 25 6 5 1 3 70 85 12 5 32 84 190 44 18 17 8 33 11 10 55 4 9 14 26 33 102 0 0 0 1 1 0 0 0 3 0 2 5 13 0 1 0 0 0 25 0 40 89 3 10 0 0 9 12 0 2 0 2 25 0 0 1 2 1 2 0 0 2 0 2 4 2 1 0 3 10 0 7 13 2 0 0 0 0 10 1 3 6 0 0 0 0 0 0 175 42 3 2 0 87 0 1 0 2 14 1 0 14 46 5 12 3 2 4
9271 9918 27524 12049 251 6971 338 11141 667 5411 444 12951 0 0 0 0 1 1 0 0 62 35 1 6 35 2 7 4 465 95 56 51 75 1 0 0 1 3 6 1 1284 2 7 1 0 3 4 12 17 5 200 303 720 1088 483 125 79 9 0 1 2 40 12 7 5 5 239 4 13 36 61 155 12 19 39 1 83 1 45 16 194 5 1388 261 276 82 44 20 8 1 8 210 172 41 13 75 629 963 113 27 165 32 514 106 68 512 39 90 151 215 275 744 2 3 0 0 8 0 2 5 14 1 9 24 71 0 3 0 0 4 193 6 234 517 4 98 0 0 49 94 0 3 0 40 89 0 0 1 7 1 7 0 0 12 0 1 12 5 3 1 22 83 11 69 56 3 0 0 1 4 73 9 28 21 1 2 2 1 3 2 1044 245 15 12 0 492 0 0 2 5 73 2 0 83 330 29 53 19 0 18
1711 13124 12049 11258 5975 13687 168 276 50 69 66 4483 0 0 0 0 0 0 0 0 23 12 0 0 14 0 2 2 181 298 500 46 21 1 0 0 0 2 3 0 379 1 1 0 0 0 2 4 2 0 21 48 128 290 70 45 47 1 0 0 0 9 4 1 2 0 108 2 7 8 12 41 4 2 10 1 17 0 7 1 28 3 339 77 109 37 11 6 0 0 2 36 31 4 5 19 83 74 37 7 17 5 50 19 8 65 6 14 17 17 38 118 1 0 1 0 1 0 0 2 2 0 0 3 10 0 0 0 0 0 40 1 34 84 2 14 0 1 12 17 1 0 0 6 15 0 1 0 1 2 1 0 1 0 0 0 1 1 0 0 3 21 3 14 5 1 0 0 0 0 6 2 4 3 0 1 0 0 0 0 182 37 2 1 0 76 0 0 0 2 15 0 0 9 40 5 8 2 0 6
2549 1990 251 5975 16882 7235 1219 363 29 39 29 2201 1 10 30 35 32 34 16 6 183 191 30 10 126 5 50 58 4786 3587 13151 892 621 64 3 1 31 25 69 13 899 8 52 2 3 41 20 93 17 2 135 203 933 2222 334 99 1714 53 31 2 81 139 58 20 61 2 379 42 253 55 51 113 117 39 143 110 32 2 100 10 128 6 1414 273 381 130 126 29 16 5 123 139 127 26 46 954 56 505 265 181 15 2 11 3 6 26 1 8 8 11 20 44 0 6 19 1 16 1 4 23 39 9 9 7 20 2 1 1 0 6 17 1 17 65 12 28 1 2 71 93 17 10 8 4 32 2 18 3 29 45 10 1 0 0 0 8 3 5 3 1 4 7 2 9 5 6 11 8 4 1 12 7 13 27 4 18 0 0 37 8 151 75 10 7 12 103 2 4 3 3 12 12 2 12 49 3 17 7 1 6
1926 4689 6971 13687 7235 8346 631 458 219 171 150 12500 5 5 16 16 17 24 12 5 269 240 30 5 139 2 14 26 910 923 2441 3883 1083 21 2 0 22 21 39 8 965 2 57 7 4 36 14 49 13 0 85 128 435 899 217 132 240 41 15 2 47 92 34 25 30 2 298 24 136 26 45 290 113 55 103 71 82 1 139 4 87 5 1000 227 523 151 69 25 21 3 113 77 67 12 35 628 365 335 281 44 89 16 161 67 29 249 28 64 72 108 175 396 6 10 16 0 23 3 9 16 41 5 7 24 45 1 3 1 0 2 129 4 143 378 13 88 1 1 113 121 14 8 1 30 69 3 7 1 35 42 14 1 2 5 0 5 4 14 1 0 11 73 5 58 40 4 13 10 0 3 46 10 29 33 2 20 2 0 26 10 762 194 22 11 8 417 1 2 7 8 58 13 2 60 221 22 46 12 3 15
8750 716 338 168 1219 631 8163 6329 652 631 142 473 0 1 3 0 1 2 1 0 32 36 5 2 32 1 7 14 2151 1222 646 33 27 1 1 0 1 3 13 2 73 1 8 1 2 0 1 12 2 0 44 61 682 968 234 18 56 4 3 0 9 29 9 11 16 1 43 5 32 11 11 20 4 5 11 7 10 0 7 6 31 1 356 41 51 19 23 3 2 0 13 45 38 6 6 116 85 4047 51 26 2 0 4 0 0 9 1 4 2 3 4 17 0 0 5 0 4 0 0 1 4 1 4 0 3 0 0 0 0 0 7 0 4 9 0 7 0 0 2 7 1 2 2 2 8 1 1 0 4 4 0 0 0 0 0 0 3 0 0 1 0 0 0 1 2 2 2 0 0 0 1 0 2 4 2 1 0 0 1 1 29 4 2 1 0 14 1 2 1 0 2 0 0 2 7 1 3 1 0 1
18206 1105 11141 276 363 458 6329 31204 1226 18737 2131 3326 0 1 1 0 0 0 0 0 7 11 3 2 23 0 2 1 563 391 99 13 16 1 0 0 0 0 0 1 560 2 7 0 1 0 0 15 14 2 198 336 1432 1933 695 83 38 3 0 0 0 14 4 0 5 3 128 1 7 33 44 45 3 9 22 7 24 1 10 17 180 7 1586 169 121 53 31 23 6 1 5 209 196 24 8 40 125 2762 50 18 32 4 59 20 6 79 7 20 24 38 63 109 0 1 0 1 1 0 1 0 4 0 0 2 2 0 1 0 0 1 18 1 18 44 2 10 0 0 8 7 0 2 0 3 8 0 0 0 5 1 4 1 0 1 0 0 9 2 5 2 1 4 0 7 3 0 0 0 0 2 5 0 2 3 0 1 0 1 0 0 90 20 5 1 0 40 1 0 4 1 9 1 0 7 27 5 10 3 1 2
71 47 667 50 29 219 652 1226 1219 2905 1368 2724 8 0 1 0 0 0 4 0 29 42 1 0 28 0 0 0 20 13 10 43 75 1 0 0 0 2 3 0 59 0 2 2 43 12 2 2 2 33 12 24 198 157 70 10 5 7 0 0 1 5 1 0 1 22 14 1 0 3 5 735 36 100 22 1 746 29 201 15 16 47 103 15 44 10 5 21 7 14 27 13 11 3 5 30 6091 1407 51 3 6 1 13 5 2 26 2 4 6 9 12 38 1 0 1 0 1 0 0 0 6 1 2 3 3 0 0 0 0 0 11 1 9 22 1 7 0 0 22 16 1 4 0 1 11 0 0 2 2 6 1 0 0 2 0 2 3 2 2 2 1 7 0 5 0 1 3 1 0 1 8 0 1 4 0 3 0 2 6 0 74 36 20 0 0 45 0 0 1 0 5 2 0 5 23 2 6 4 1 0
198 61 5411 69 39 171 631 18737 2905 21407 12371 17320 0 0 0 1 0 1 0 1 6 14 0 0 6 0 2 0 78 18 8 8 18 1 0 0 1 1 0 1 163 0 2 2 2 2 0 4 3 1 53 77 403 473 184 22 7 1 0 0 1 6 0 0 1 2 27 0 3 7 12 205 4 5 5 1 245 5 18 3 46 3 371 40 49 20 4 7 0 0 1 43 40 8 0 18 1195 1617 10 7 89 8 118 43 19 221 14 44 60 110 129 265 0 0 1 0 1 0 0 1 5 0 1 5 6 0 0 0 0 0 53 0 67 124 0 11 0 0 18 12 2 1 0 5 14 0 0 0 1 0 3 0 0 0 0 0 3 4 3 1 3 12 1 14 12 1 1 0 1 3 17 1 1 3 0 0 1 1 0 1 289 24 5 3 0 91 0 0 0 3 7 0 0 16 92 12 14 2 1 1
36 62 444 66 29 150 142 2131 1368 12371 4942 8918 1 0 0 0 1 0 0 1 8 7 0 0 6 0 0 1 26 12 6 16 23 2 0 0 0 0 2 0 74 0 1 0 0 0 0 1 0 1 17 13 100 82 39 6 2 1 0 0 0 1 0 0 0 0 8 0 3 2 3 679 4 4 3 1 361 0 20 1 9 1 102 14 22 6 3 0 0 1 3 9 5 1 1 11 1429 860 17 1 105 16 163 60 29 336 27 53 92 127 199 435 1 0 1 1 5 0 0 0 9 0 3 11 16 0 0 0 0 1 114 4 110 275 5 29 0 1 14 20 1 0 0 14 27 0 1 2 2 0 3 0 0 5 0 2 3 7 1 1 5 52 9 50 20 0 1 1 0 1 41 6 7 3 0 1 2 0 1 2 600 73 3 4 0 162 0 1 1 4 36 0 0 38 181 14 18 7 0 8
1118 2815 12951 4483 2201 12500 473 3326 2724 17320 8918 38559 19 2 5 12 6 25 18 3 257 243 26 5 131 4 11 17 472 440 316 1271 3630 39 2 2 14 45 20 7 1488 3 38 6 19 58 15 38 11 8 72 128 563 881 245 124 231 88 6 1 43 46 20 6 18 7 328 16 74 19 30 2260 428 99 205 36 858 21 1083 9 81 8 1171 284 477 163 56 22 15 6 135 89 86 12 26 1161 3138 2092 291 29 452 73 1058 280 155 1347 97 280 383 604 805 2200 3 5 14 5 27 7 12 24 73 15 11 60 145 1 9 3 1 3 537 19 658 1415 35 181 1 2 209 240 12 12 3 101 241 2 7 2 51 21 32 0 1 14 0 7 8 24 2 3 55 224 36 202 132 7 11 10 1 12 179 38 66 44 1 21 8 3 22 9 3087 589 44 26 6 1351 2 4 6 29 218 7 2 233 912 103 152 58 6 56
0 0 0 0 1 5 0 0 8 0 1 19 12558 2 5 18 240 803 9347 260 1 7 1 5 4 0 16 33 3 0 1 7 38 13 2 0 66 1630 62 1 10 3 50 6477 3741 3375 2 32 4 315 3 10 0 3 0 0 3 6 2 4 74 7 11 35 35 1458 1 4 26 4 3 43 782 388 11 12 368 383 544 9 8 26 0 0 2 0 1 25 60 69 218 1 0 0 18 10 93 4 1 0 0 2 6 0 3 3 0 2 0 0 1 0 2 98 1631 2 17 52 6 1100 115 428 33 1 1 0 0 39 0 34 9 5 5 8 3 3 0 2 37 33 540 1 136 4 1 38 352 68 140 2990 9 10 12 0 0 66 1 0 5 5 3 4 0 2 4 3 422 193 27 255 1 1 8 9 22 298 2 0 723 84 6 3 28 5 48 34 8 16 39 0 3 100 24 19 4 1 0 0 0 0
2 0 0 0 10 5 1 1 0 0 0 2 2 4887 7177 330 1346 83 77 159 22 37 73 285 41 57 3276 710 13 2 10 15 8 271 3779 4832 922 56 148 2038 139 22 346 13 1 13 465 25 22 6 2 2 2 5 0 0 21 71 618 68 26 43 80 326 250 1 14 119 159 26 8 3 17 147 95 12 4 1 2 0 5 0 10 0 4 7 32 4 8 0 43 50 7 17 60 24 2 1 9 9 0 0 0 0 0 2 0 3 1 0 0 0 131 42 21 55 106 269 208 142 875 999 924 17 30 4 10 8 1 81 4 1 0 9 0 2 48 10 112 141 13 84 16 3 13 5 7 0 304 75 18 8 1 0 0 3 0 1 0 0 1 15 0 3 1 16 19 29 7 3 6 5 4 8 6 12 2 0 42 17 13 44 72 2 3 81 1 0 3 1 6 11 5 2 8 1 4 6 1 10
5 2 0 0 30 16 3 1 1 0 0 5 5 7177 19209 10845 1376 2769 262 747 35 92 252 381 115 170 2299 3457 29 11 26 34 30 215 1356 640 413 56 569 669 489 68 236 13 2 48 213 95 81 0 14 3 4 27 4 0 37 281 165 122 138 134 76 143 262 3 11 200 460 69 58 0 33 101 282 102 8 1 10 0 25 1 6 8 6 9 26 35 29 5 135 231 33 104 103 86 4 1 15 32 0 0 0 0 4 0 0 3 1 0 0 2 93 176 189 50 68 310 135 735 628 1244 719 21 21 3 5 27 1 168 2 1 5 10 0 3 30 9 76 103 197 66 69 1 10 6 10 8 275 379 14 6 5 0 0 6 0 1 1 1 0 5 0 2 2 17 38 74 9 5 9 4 1 10 2 29 0 0 78 16 6 43 54 3 11 79 3 5 8 4 3 8 8 5 8 0 4 3 0 8
5 0 0 0 35 16 0 0 0 1 0 12 18 330 10845 10840 429 5938 2279 1668 5 21 49 130 34 25 446 1626 17 5 21 68 89 379 44 7 153 271 386 52 154 25 115 22 1 61 54 30 35 0 6 3 7 9 4 3 15 326 56 242 119 47 15 51 21 2 4 167 149 37 19 3 121 30 390 50 5 0 11 0 8 0 7 2 0 7 18 10 8 7 55 89 18 42 37 140 0 0 5 21 0 0 0 0 0 0 1 0 0 0 0 0 14 338 359 16 12 346 16 1535 101 1506 62 3 3 1 1 17 2 265 2 2 3 3 3 8 4 2 26 45 349 7 128 1 6 4 13 11 124 552 5 1 3 1 0 1 0 0 0 1 0 2 0 1 5 5 49 83 6 3 2 0 5 5 3 31 2 0 55 4 5 6 22 0 4 7 0 2 3 1 2 6 2 5 0 0 1 1 0 1
5 1 1 0 32 17 1 0 0 0 1 6 240 1346 1376 429 3311 512 795 1110 48 150 198 231 165 210 118 18 8 8 10 57 61 149 119 372 495 275 20 567 274 32 125 59 13 267 319 10 21 11 4 3 5 9 1 1 9 145 291 64 124 23 14 22 6 8 12 113 14 16 11 5 63 174 183 11 8 11 20 0 9 1 14 9 7 5 14 7 9 4 75 45 6 18 31 122 3 1 20 10 2 1 0 0 0 2 0 7 0 1 1 5 312 102 39 148 84 114 131 77 881 511 496 35 115 16 19 27 8 247 12 2 2 9 6 9 92 19 110 137 32 238 36 4 42 20 11 6 451 54 66 8 7 1 0 9 1 2 3 0 2 9 0 1 3 53 14 60 12 7 28 9 4 25 6 8 5 4 44 10 9 96 61 11 0 270 5 2 5 8 12 7 16 7 26 0 15 19 4 45
2 0 1 0 34 24 2 0 0 1 0 25 803 83 2769 5938 512 6183 2856 2715 8 33 48 459 34 20 1269 504 21 3 16 73 104 269 51 13 235 840 1352 67 169 30 866 103 24 8596 46 73 28 6 5 4 2 13 2 1 20 152 40 118 4487 113 149 839 239 49 7 79 317 108 38 10 242 104 200 216 20 15 44 0 27 1 17 3 2 4 11 18 21 16 356 88 20 51 166 124 8 4 11 17 0 8 0 0 4 1 0 0 1 0 0 9 15 1246 2387 15 32 375 19 2520 271 2215 89 7 6 2 3 149 2 634 6 4 32 23 3 17 7 2 67 104 1386 8 705 1 4 28 228 163 391 2478 13 5 11 2 1 32 2 0 3 3 1 2 0 1 41 12 218 583 17 42 3 4 25 10 14 204 2 3 244 23 14 28 63 6 16 60 8 8 18 1 4 34 12 53 5 0 0 1 0 1
1 0 0 0 16 12 1 0 4 0 0 18 9347 77 262 2279 795 2856 51299 8445 9 43 84 211 75 69 951 197 15 3 2 32 62 110 93 6 258 3509 95 213 83 21 250 4831 1108 3614 46 58 21 216 8 37 4 7 0 0 11 22 20 13 144 46 53 146 90 443 7 28 94 42 25 9 413 3668 55 17 63 490 81 48 30 90 8 0 4 4 10 78 98 123 575 43 10 17 92 42 17 2 12 9 1 5 1 0 5 4 0 11 0 0 3 9 416 1443 3090 220 112 2027 182 6016 1458 10649 1044 18 52 19 13 113 20 1583 10 7 23 21 3 23 122 33 188 204 1268 215 581 7 24 42 182 258 1579 3433 32 13 21 2 1 47 11 6 9 12 3 3 2 0 28 18 274 451 53 114 9 6 24 11 39 203 7 6 458 70 11 78 403 3 52 274 11 18 33 1 8 113 32 58 16 1 6 10 0 15
1 0 0 0 6 5 0 0 0 1 1 3 260 159 747 1668 1110 2715 8445 3472 11 61 166 338 104 174 128 20 4 1 0 10 6 33 49 28 53 522 36 297 134 36 148 60 10 323 64 18 34 4 3 2 2 12 1 1 10 19 20 16 242 25 13 30 9 14 3 16 29 20 19 2 23 192 39 16 9 13 8 1 12 5 13 4 2 5 6 9 14 1 131 80 8 41 47 23 2 1 14 4 1 0 0 0 0 0 0 3 0 0 0 0 327 165 92 142 32 235 80 242 595 1213 393 15 27 8 17 15 11 341 0 2 0 3 0 1 85 18 57 82 28 144 47 0 12 16 12 6 378 90 23 6 6 2 2 4 0 2 0 0 0 2 1 1 3 26 12 70 10 4 3 4 3 6 4 13 4 1 40 3 3 30 53 0 1 146 0 2 5 0 2 8 10 6 11 0 8 1 0 27
43 32 62 23 183 269 32 7 29 6 8 257 1 22 35 5 48 8 9 11 10799 4256 864 16 529 86 14 6 126 26 110 129 313 184 2 5 48 120 10 52 2152 5 21 14 3 6 52 8 12 4 5 5 34 92 22 1562 50 87 36 7 20 31 20 5 4 3 21 85 17 21 6 173 428 176 543 9 251 6 393 1 12 2 1046 24 4214 239 91 9 8 1 25 38 5 37 42 381 204 36 1835 102 1 1 1 0 3 3 2 3 2 1 2 19 5 3 3 3 68 2 16 5 123 10 29 27 47 1 2 0 0 1 6 2 10 59 11 44 8 4 146 199 1 15 0 7 39 2 2 0 97 4 30 1 0 1 0 4 0 3 0 1 3 6 2 3 8 10 2 1 2 0 16 2 11 55 1 3 0 0 2 1 63 185 42 5 2 155 1 0 2 4 21 2 0 16 27 1 28 11 1 21
43 11 35 12 191 240 36 11 42 14 7 243 7 37 92 21 150 33 43 61 4256 12025 2564 338 6474 907 170 13 158 45 94 213 539 355 14 14 131 316 31 1730 1153 116 495 60 11 39 494 83 186 8 20 16 51 173 30 84 104 115 111 12 65 304 253 113 44 7 92 131 102 264 74 245 1001 506 705 87 479 22 782 3 49 11 636 178 1636 464 162 51 68 19 162 375 57 273 650 456 303 58 3138 118 1 1 1 3 2 4 1 6 2 3 3 19 21 7 4 6 130 15 93 19 508 76 187 41 94 1 13 6 0 4 15 6 16 70 29 60 11 6 340 448 5 51 2 18 77 8 4 2 262 28 62 8 14 2 0 11 2 3 0 4 4 17 3 8 6 23 6 9 3 2 34 15 26 81 7 7 0 2 26 6 91 237 89 12 12 245 7 4 12 6 30 32 9 12 51 3 55 17 2 38
4 2 1 0 30 30 5 3 1 0 0 26 1 73 252 49 198 48 84 166 864 2564 6571 3567 694 4431 279 9 18 6 7 41 155 419 20 23 139 323 26 1055 6214 630 541 27 2 16 227 19 97 2 6 1 12 27 7 4 10 32 71 24 35 42 12 7 4 4 27 46 14 23 4 25 349 77 106 20 49 8 85 0 10 1 47 20 55 28 29 10 27 7 63 289 14 43 80 76 12 3 165 12 1 0 0 0 0 0 0 2 0 0 0 0 9 4 5 13 24 21 33 17 111 85 76 5 14 0 7 1 1 11 0 0 1 7 4 3 5 3 53 60 2 11 2 1 14 3 1 0 64 9 18 2 0 0 0 2 0 0 0 1 1 2 0 2 0 7 1 4 0 3 3 2 5 12 1 3 0 1 7 2 7 48 16 3 4 37 1 0 5 0 1 5 1 3 11 0 9 3 0 7
3 0 6 0 10 5 2 2 0 0 0 5 5 285 381 130 231 459 211 338 16 338 3567 11719 669 2706 3345 29 62 5 13 11 8 38 231 98 66 55 144 1845 1025 3351 3268 17 4 553 435 56 470 4 10 5 17 74 11 3 62 31 134 11 894 105 47 135 34 14 82 131 63 60 42 2 36 52 94 92 7 0 10 1 46 2 50 43 30 57 169 46 68 16 1078 691 39 118 278 24 4 0 102 35 0 0 0 0 0 0 0 0 0 0 0 0 20 5 48 6 19 66 34 68 166 290 174 0 3 0 0 6 0 15 1 0 0 2 0 0 8 3 23 26 19 10 8 0 0 3 13 2 64 116 4 2 9 0 1 12 0 1 6 2 0 3 0 0 0 3 19 15 8 5 1 0 1 4 5 32 0 2 80 12 3 13 24 1 14 9 0 3 11 0 0 32 3 2 1 0 0 0 0 0
50 9 35 14 126 139 32 23 28 6 6 131 4 41 115 34 165 34 75 104 529 6474 694 669 14714 971 457 22 531 48 106 92 285 186 61 15 101 285 55 5563 533 117 1130 51 8 64 3006 89 202 6 63 58 325 1038 89 92 567 52 86 8 132 563 757 426 154 6 1223 125 275 475 119 141 619 653 407 122 320 27 411 3 90 7 1012 573 1184 1920 3928 61 74 30 329 476 107 358 1160 243 193 36 4812 480 3 1 2 2 6 5 1 10 0 0 0 10 32 9 16 10 215 39 157 48 779 146 388 72 123 5 12 2 1 13 20 8 10 88 27 59 14 5 526 626 15 68 7 18 72 3 10 1 394 46 49 8 13 1 1 9 3 3 3 4 4 27 0 11 4 33 17 15 9 2 26 13 19 73 8 21 2 4 46 10 69 297 138 7 9 221 4 7 30 3 22 40 9 13 25 4 38 10 1 30
3 0 2 0 5 2 1 0 0 0 0 4 0 57 170 25 210 20 69 174 86 907 4431 2706 971 2288 222 6 9 1 4 4 7 32 42 17 63 101 6 2030 851 156 286 8 0 6 291 13 55 1 1 0 7 29 3 2 14 5 26 0 13 17 15 8 5 0 18 16 10 17 5 2 26 67 9 10 8 1 16 1 7 1 30 18 17 25 18 4 10 1 30 102 4 28 76 8 4 0 61 3 1 0 0 0 1 0 0 1 0 0 0 0 12 8 0 8 11 16 31 11 96 86 94 3 4 1 3 0 0 5 2 0 1 1 1 0 7 0 23 23 2 16 0 1 2 0 2 0 52 6 2 1 2 0 1 1 1 0 1 0 0 1 1 0 0 2 3 3 0 0 0 0 1 0 1 2 1 1 3 1 2 9 3 1 2 14 1 0 3 0 1 2 3 2 0 0 0 1 0 4
10 2 7 2 50 14 7 2 0 2 0 11 16 3276 2299 446 118 1269 951 128 14 170 279 3345 457 222 25450 9205 408 80 244 26 21 177 3482 806 193 54 523 2750 174 70 1573 10 1 257 1043 24 35 2 11 16 107 247 26 3 814 468 855 96 227 82 102 3117 1371 29 264 1350 181 30 14 4 30 100 954 18 6 2 10 1 19 0 135 62 37 85 631 7 13 5 136 58 8 22 63 122 3 1 214 378 1 1 0 1 5 0 0 0 0 0 0 1 17 230 450 18 27 419 44 1599 231 1701 230 1 5 2 2 21 2 112 2 0 8 10 3 1 4 5 43 52 376 13 103 0 6 15 19 16 128 974 4 2 0 0 0 9 0 0 0 0 1 0 0 1 5 6 119 74 9 14 1 3 3 1 2 63 0 1 126 7 6 15 47 0 3 16 0 2 2 0 0 14 4 12 1 0 1 1 1 5
12 4 4 2 58 26 14 1 0 0 1 17 33 710 3457 1626 18 504 197 20 6 13 9 29 22 6 9205 11659 228 81 207 31 34 276 685 33 27 20 4735 41 74 7 64 8 4 229 184 56 6 1 2 7 42 112 18 4 510 663 140 135 368 69 23 613 2571 17 72 916 330 17 18 2 32 35 1251 96 6 1 4 2 10 0 69 24 5 14 219 9 4 3 113 30 3 10 23 196 2 11 36 290 1 2 0 0 2 1 1 1 0 0 0 3 7 328 706 13 21 175 13 1637 115 745 75 4 2 1 1 40 2 129 8 2 7 14 2 7 2 0 30 52 794 1 222 2 5 7 76 22 71 1856 4 2 1 0 2 18 1 1 0 0 0 0 0 1 4 2 283 201 11 26 1 3 6 5 5 171 0 0 251 18 8 9 14 1 9 16 2 3 11 0 2 16 8 26 0 0 2 1 1 0
6008 644 465 181 4786 910 2151 563 20 78 26 472 3 13 29 17 8 21 15 4 126 158 18 62 531 9 408 228 42030 14565 5678 93 98 23 21 2 12 16 263 37 187 8 198 4 4 39 59 159 23 3 33 46 1399 11644 290 38 9015 21 11 6 62 647 765 256 489 4 6034 245 879 395 116 49 32 22 657 99 24 1 52 2 50 2 527 131 200 143 2108 50 34 7 178 147 61 196 389 976 46 4007 1223 1361 3 2 5 3 2 8 1 7 3 1 9 17 1 3 20 0 16 5 7 15 38 6 7 13 19 0 2 1 0 4 13 3 10 37 7 22 1 2 41 66 24 6 10 6 24 4 29 2 31 49 9 7 9 0 0 6 3 0 2 2 1 4 0 1 3 4 25 13 5 2 9 3 9 17 12 32 0 0 51 19 65 65 5 3 13 65 3 2 7 0 5 30 8 8 27 2 5 2 1 4
6162 1041 95 298 3587 923 1222 391 13 18 12 440 0 2 11 5 8 3 3 1 26 45 6 5 48 1 80 81 14565 16649 4072 48 28 4 4 2 5 1 93 3 372 1 25 0 1 14 16 45 9 2 91 108 729 2076 288 39 3455 6 5 1 11 124 86 29 84 0 292 67 250 63 36 13 8 11 160 18 6 0 10 5 73 1 799 109 126 46 306 15 10 4 28 80 91 17 44 405 28 523 115 321 2 1 2 2 1 9 0 1 0 2 3 8 0 0 5 0 6 1 2 3 9 6 2 2 8 0 0 1 0 0 6 0 8 19 1 6 0 0 16 14 7 0 0 1 8 0 2 0 9 10 3 1 1 0 0 3 3 0 3 2 0 3 0 0 1 2 1 2 3 2 6 0 2 6 2 8 0 1 8 1 37 31 1 3 5 44 2 0 3 0 4 4 2 3 6 2 2 0 0 1
1222 266 56 500 13151 2441 646 99 10 8 6 316 1 10 26 21 10 16 2 0 110 94 7 13 106 4 244 207 5678 4072 14110 49 34 8 24 3 7 7 179 10 620 3 56 2 0 15 41 99 14 1 73 103 837 2364 272 86 8831 14 13 1 32 207 142 91 236 0 643 127 455 73 60 11 14 16 329 47 10 0 20 13 82 1 1110 265 262 161 1183 15 6 2 71 84 86 31 59 2867 14 391 563 8884 0 0 2 0 1 2 0 0 2 1 0 6 1 3 10 0 16 3 5 9 19 3 2 3 5 0 0 0 0 2 3 0 2 6 1 10 1 1 35 27 11 4 3 0 6 5 10 0 17 24 4 3 2 0 0 8 1 1 0 2 1 6 0 1 0 1 7 2 1 0 3 0 5 3 2 11 0 0 33 5 23 21 5 0 3 12 1 0 6 0 1 14 4 2 3 0 3 1 0 1
71 38 51 46 892 3883 33 13 43 8 16 1271 7 15 34 68 57 73 32 10 129 213 41 11 92 4 26 31 93 48 49 8824 7577 715 4 1 96 100 73 7 195 6 54 9 8 55 34 48 1 1 8 16 60 93 27 30 42 2980 94 193 160 47 17 13 32 3 28 164 138 14 21 619 1066 61 2563 85 35 3 489 2 13 4 125 41 132 44 32 8 8 2 216 11 16 4 34 10214 106 53 138 21 17 3 22 10 5 28 2 12 8 12 20 57 1 5 25 3 25 4 3 13 49 11 11 18 35 0 1 2 0 3 35 2 29 126 14 47 4 0 103 126 13 5 8 9 46 3 11 1 31 58 16 1 1 1 0 4 0 4 0 1 4 13 1 9 17 6 13 12 2 1 17 4 18 37 6 25 3 1 39 7 155 162 19 6 10 142 0 2 2 2 31 10 4 13 36 5 39 10 0 14
55 31 75 21 621 1083 27 16 75 18 23 3630 38 8 30 89 61 104 62 6 313 539 155 8 285 7 21 34 98 28 34 7577 12305 2604 8 2 80 1073 60 30 364 7 62 17 17 141 82 53 7 11 16 14 73 99 34 37 56 1640 120 133 185 61 20 23 19 4 47 282 138 12 17 5551 4128 186 3164 76 261 14 1810 2 17 4 286 97 257 114 49 14 12 9 279 24 13 6 25 5246 293 71 368 45 26 4 24 13 18 65 12 30 15 17 33 111 7 8 14 0 57 8 19 34 134 25 39 37 100 1 5 3 0 5 59 4 53 228 30 98 5 2 258 264 17 12 11 38 109 10 13 2 105 56 28 2 2 5 0 4 2 9 3 0 20 38 4 29 34 13 14 14 3 2 61 12 30 60 4 23 2 0 50 7 353 356 60 11 9 365 0 1 4 3 75 10 5 28 109 9 69 19 3 30
7 0 1 1 64 21 1 1 1 1 2 39 13 271 215 379 149 269 110 33 184 355 419 38 186 32 177 276 23 4 8 715 2604 4584 160 301 711 612 314 229 299 6 81 7 4 116 789 94 4 6 2 7 12 16 3 5 15 2169 2473 3694 359 94 22 43 85 10 11 2061 414 18 29 28 1632 65 1297 173 16 4 69 1 11 2 29 12 59 28 106 21 11 4 292 24 4 4 43 289 10 2 106 22 0 5 1 1 0 2 0 6 0 1 2 4 11 17 36 7 77 8 37 51 212 55 92 37 54 2 7 3 1 12 6 1 6 34 18 27 9 7 155 269 35 45 11 6 39 5 13 2 123 98 54 2 5 1 0 7 1 1 1 2 3 9 0 3 6 20 41 23 3 1 25 6 22 55 5 42 1 1 60 16 36 130 21 4 19 104 1 0 6 1 11 24 9 10 13 1 26 9 1 26
0 0 0 0 3 2 1 0 0 0 0 2 2 3779 1356 44 119 51 93 49 2 14 20 231 61 42 3482 685 21 4 24 4 8 160 4378 3298 322 37 30 2432 15 6 201 3 0 11 801 3 3 0 2 1 2 15 0 1 40 90 1739 50 13 17 23 133 56 0 9 327 41 8 7 1 12 44 142 4 3 0 0 0 1 0 5 0 0 4 86 2 1 2 14 7 0 4 17 14 0 1 6 37 0 0 0 0 0 0 1 0 0 0 0 0 21 23 19 8 19 169 31 174 182 613 206 5 8 3 5 0 0 30 0 1 2 2 0 0 11 3 21 32 12 14 4 0 5 0 4 1 80 32 5 1 0 0 0 0 0 0 0 0 1 3 0 0 0 0 3 7 4 0 1 1 0 0 1 0 0 0 15 4 1 11 17 1 0 14 0 0 0 1 0 5 0 2 0 0 1 2 0 2
0 0 0 0 1 0 0 0 0 0 0 2 0 4832 640 7 372 13 6 28 5 14 23 98 15 17 806 33 2 2 3 1 2 301 3298 2338 2164 15 9 1068 12 2 106 1 0 4 416 1 0 0 0 0 0 4 0 1 5 25 1338 107 2 5 19 83 17 0 1 75 13 2 0 0 9 16 37 2 1 1 1 0 0 0 3 1 1 1 13 1 1 0 7 4 0 0 12 13 0 0 4 1 0 0 0 0 0 2 0 1 0 0 0 0 14 3 2 9 14 18 34 14 113 63 120 3 3 1 4 0 0 6 2 0 0 1 0 3 16 1 27 36 3 24 1 0 4 1 0 0 40 9 3 1 3 0 0 0 0 0 0 0 1 0 0 0 0 1 2 2 0 1 0 0 0 2 1 1 2 0 3 3 0 11 9 2 1 19 0 0 0 2 0 1 0 0 0 0 1 1 0 1
1 0 1 0 31 22 1 0 0 1 0 14 66 922 413 153 495 235 258 53 48 131 139 66 101 63 193 27 12 5 7 96 80 711 322 2164 437 248 18 497 175 5 70 5 3 181 888 5 4 4 0 2 5 8 1 2 7 281 2911 769 131 9 8 27 24 2 5 720 23 4 1 4 120 42 277 11 8 0 15 0 1 1 12 4 8 10 49 1 1 1 71 10 2 4 12 142 5 1 21 11 1 1 0 1 0 2 0 1 2 0 0 5 48 16 9 18 55 21 53 28 252 97 122 29 71 3 11 6 2 35 12 6 1 11 12 3 18 4 87 108 3 74 3 2 27 4 4 1 200 30 61 2 0 0 0 5 0 3 1 0 0 9 0 0 1 20 5 9 5 2 8 5 8 32 0 3 0 0 25 1 6 70 14 5 4 111 2 0 0 3 11 3 3 4 2 3 20 7 2 27
1 2 3 2 25 21 3 0 2 1 0 45 1630 56 56 271 275 840 3509 522 120 316 323 55 285 101 54 20 16 1 7 100 1073 612 37 15 248 4483 36 276 256 16 123 1448 214 1581 305 39 11 74 1 7 2 17 3 4 13 161 341 119 463 26 29 29 13 75 13 357 86 10 6 16 3264 1119 191 52 59 164 87 10 13 26 33 5 45 20 57 29 36 32 870 21 7 5 44 163 31 2 66 10 3 5 0 0 6 7 1 19 2 0 3 8 228 89 150 114 213 166 203 283 1264 928 602 85 195 13 31 21 9 198 14 12 5 41 28 32 69 23 474 575 52 273 29 13 105 31 44 9 793 240 173 5 9 2 1 30 5 6 5 3 3 23 1 8 2 91 51 78 15 19 52 29 24 149 13 76 5 0 142 37 46 281 144 28 20 443 7 7 13 8 31 51 21 16 48 4 48 24 4 95
13 3 6 3 69 39 13 0 3 0 2 20 62 148 569 386 20 1352 95 36 10 31 26 144 55 6 523 4735 263 93 179 73 60 314 30 9 18 36 10615 28 107 43 374 11 28 763 105 358 14 10 8 9 49 167 15 6 560 552 87 206 8734 377 218 956 4088 53 122 672 5137 44 111 2 58 10 965 1099 2 0 16 0 34 0 63 23 8 22 147 56 68 16 1602 65 10 16 111 239 3 9 59 253 0 4 0 0 3 0 1 2 0 2 0 2 3 265 1119 3 23 35 12 947 116 261 42 2 10 1 0 72 0 78 15 16 13 8 4 10 2 1 40 59 997 8 323 5 4 41 407 52 106 2601 9 8 21 2 1 77 2 2 8 4 0 1 0 3 19 4 667 356 39 44 7 8 28 14 41 609 3 5 846 104 10 12 19 5 52 31 16 16 39 1 3 116 29 37 4 0 5 0 1 0
4 1 1 0 13 8 2 1 0 1 0 7 1 2038 669 52 567 67 213 297 52 1730 1055 1845 5563 2030 2750 41 37 3 10 7 30 229 2432 1068 497 276 28 6244 464 109 718 50 2 20 5821 21 68 1 2 4 19 59 3 1 34 58 962 40 42 76 140 167 42 1 56 241 49 49 14 3 80 222 96 25 15 3 25 1 15 0 46 29 27 55 167 13 23 4 83 98 13 51 196 18 9 0 108 15 0 2 0 0 1 0 0 3 0 0 0 1 107 28 14 43 94 137 170 81 673 549 628 26 30 4 15 16 5 85 3 2 4 18 9 6 43 3 131 151 11 97 12 0 20 11 7 1 262 45 24 1 2 1 1 6 1 1 1 1 0 4 0 0 1 16 11 29 7 1 10 2 4 17 3 6 0 2 32 3 9 60 63 3 7 86 1 0 3 1 1 9 2 3 5 1 5 6 2 10
945 633 1284 379 899 965 73 560 59 163 74 1488 10 139 489 154 274 169 83 134 2152 1153 6214 1025 533 851 174 74 187 372 620 195 364 299 15 12 175 256 107 464 8545 3157 570 37 10 44 135 338 1098 20 888 479 62 167 1514 1721 264 135 38 23 114 567 128 53 56 9 102 144 123 411 464 163 388 126 945 230 223 14 324 25 670 10 1969 131 983 180 246 332 278 63 323 3442 744 581 458 712 232 58 673 388 4 3 7 1 3 12 1 24 4 6 8 24 10 6 12 11 62 9 24 15 113 38 39 26 73 0 3 3 0 12 16 3 21 95 25 100 4 1 140 201 10 31 2 10 44 13 11 0 70 15 32 9 21 6 0 25 13 4 15 5 3 20 4 7 14 16 5 9 6 1 21 10 40 69 11 21 10 6 36 9 131 242 25 10 18 260 11 8 43 8 28 50 15 15 72 4 37 13 1 22
3 2 2 1 8 2 1 2 0 0 0 3 3 22 68 25 32 30 21 36 5 116 630 3351 117 156 70 7 8 1 3 6 7 6 6 2 5 16 43 109 3157 4685 2392 7 8 43 33 115 1599 5 14 4 5 23 1 0 12 7 5 2 126 83 19 8 10 3 16 10 40 50 44 0 24 7 16 162 5 0 15 0 48 4 17 13 7 11 13 59 164 44 577 1665 39 74 142 15 1 1 31 3 0 0 0 0 0 0 0 0 0 0 0 0 2 0 3 0 1 2 1 6 16 16 8 1 2 0 0 0 0 0 1 1 0 0 0 1 0 0 2 8 2 1 3 0 0 5 6 0 3 25 1 1 10 1 1 9 2 0 1 1 0 0 0 0 1 1 9 9 5 0 0 1 1 0 9 21 2 2 38 15 0 1 1 0 22 1 1 3 25 0 0 32 10 2 0 0 0 0 0 0
10 8 7 1 52 57 8 7 2 2 1 38 50 346 236 115 125 866 250 148 21 495 541 3268 1130 286 1573 64 198 25 56 54 62 81 201 106 70 123 374 718 570 2392 9282 159 120 1043 728 398 2371 72 29 37 86 259 36 15 295 92 183 20 2117 585 714 3637 312 48 270 274 719 355 153 37 307 43 271 1549 63 8 190 3 136 5 190 101 78 211 323 195 780 327 6373 895 92 526 2988 191 13 4 278 122 0 3 0 0 2 0 0 1 0 0 0 0 14 11 109 2 20 53 25 106 92 189 84 2 11 0 1 7 0 9 9 2 2 4 2 3 4 1 26 45 74 11 35 1 3 78 135 6 69 358 4 28 86 5 2 158 2 5 16 16 0 1 0 0 6 3 87 142 45 20 3 3 6 9 125 326 9 21 448 176 3 16 9 1 218 39 33 30 135 2 1 386 84 10 5 0 1 1 0 3
2 0 1 0 2 7 1 0 2 2 0 6 6477 13 13 22 59 103 4831 60 14 60 27 17 51 8 10 8 4 0 2 9 17 7 3 1 5 1448 11 50 37 7 159 11007 3615 1422 36 82 10 1147 27 224 1 8 2 0 6 3 11 5 92 27 43 14 14 963 5 18 62 5 23 107 2183 5111 5 35 1050 8934 3186 364 87 697 10 2 8 4 18 245 168 251 997 22 6 4 83 13 77 1 22 0 0 3 0 1 4 0 1 11 0 1 0 4 98 72 317 59 102 270 85 524 657 1408 443 25 95 9 21 18 6 148 17 2 7 22 17 13 33 10 208 237 78 112 30 4 46 25 69 14 540 400 74 13 24 2 0 44 29 6 8 20 1 11 1 0 5 31 53 87 20 25 19 6 9 46 42 111 6 12 256 79 20 136 171 8 59 260 7 11 40 2 13 148 27 16 24 2 25 12 2 40
1 0 0 0 3 4 2 1 43 2 0 19 3741 1 2 1 13 24 1108 10 3 11 2 4 8 0 1 4 4 1 0 8 17 4 0 0 3 214 28 2 10 8 120 3615 8934 1500 5 116 9 3520 8 58 7 4 2 0 3 6 0 0 14 67 71 11 23 2702 3 4 135 17 24 95 585 354 13 37 1623 927 1485 92 71 271 8 4 2 5 7 301 556 2001 2871 17 7 3 124 8 606 23 1 2 0 3 2 0 3 1 0 5 0 1 0 4 1 13 255 2 4 5 2 96 26 42 19 0 6 1 4 24 1 1 16 13 6 7 2 2 1 1 18 17 116 9 59 3 3 166 401 13 73 949 9 42 136 6 9 368 21 8 43 33 2 4 0 1 9 5 252 342 96 110 2 5 7 5 215 564 19 26 1625 441 6 13 8 4 375 58 82 122 254 0 2 816 178 24 11 0 0 0 1 4
3 2 3 0 41 36 0 0 12 2 0 58 3375 13 48 61 267 8596 3614 323 6 39 16 553 64 6 257 229 39 14 15 55 141 116 11 4 181 1581 763 20 44 43 1043 1422 1500 12124 32 65 19 120 2 7 16 38 2 1 59 36 12 12 1083 49 43 1243 477 566 29 42 548 18 21 84 1122 110 101 62 325 52 566 3 12 8 30 10 12 27 38 62 64 118 1242 26 5 12 50 142 142 13 35 29 0 3 3 0 8 3 0 8 2 1 1 7 2 182 2838 4 30 53 13 881 210 422 67 3 7 4 1 180 4 72 31 25 22 13 3 11 5 2 81 87 1038 14 368 4 7 145 1532 173 235 4219 23 22 46 4 5 269 14 7 31 7 2 12 0 4 16 5 869 652 86 265 10 9 34 23 46 1033 9 15 1565 239 8 35 35 16 134 76 73 59 130 1 1 247 70 51 16 1 1 3 2 9
2 0 4 2 20 14 1 0 2 0 0 15 2 465 213 54 319 46 46 64 52 494 227 435 3006 291 1043 184 59 16 41 34 82 789 801 416 888 305 105 5821 135 33 728 36 5 32 4925 54 60 5 14 5 15 49 4 4 136 346 1140 278 59 268 391 431 231 6 60 1577 226 220 66 7 239 434 552 47 57 10 70 1 30 3 52 25 23 57 2637 42 39 6 141 147 44 123 417 70 29 6 96 68 0 2 1 2 3 1 2 3 1 1 2 8 60 21 9 29 249 53 250 72 981 206 550 69 86 2 17 10 3 34 19 4 11 67 28 26 28 13 453 616 14 89 4 8 79 8 3 0 457 69 65 4 8 0 0 3 3 2 1 2 9 18 1 5 1 32 11 23 10 2 28 14 12 58 4 17 3 2 40 11 42 199 103 5 10 174 2 1 6 7 21 15 9 9 13 0 41 19 5 28
22 5 12 4 93 49 12 15 2 4 1 38 32 25 95 30 10 73 58 18 8 83 19 56 89 13 24 56 159 45 99 48 53 94 3 1 5 39 358 21 338 115 398 82 116 65 54 28259 204 222 30 37 43 101 14 2 190 173 14 18 735 10507 445 64 113 43 67 195 3255 501 2289 15 133 23 542 7566 50 5 90 8 560 32 56 31 25 23 76 2161 4416 593 3177 314 113 122 778 202 25 6 48 84 0 1 0 1 3 1 0 3 0 0 0 1 0 2 30 1 10 2 4 25 17 8 4 1 8 4 3 11 3 2 16 10 6 4 1 4 1 1 4 17 29 14 25 12 2 149 78 8 22 170 11 286 506 14 13 491 25 15 49 89 1 6 0 0 5 2 62 207 228 15 2 6 12 13 471 368 78 118 827 255 1 3 9 10 618 41 197 171 707 1 0 1791 446 17 9 0 1 2 1 8
17 5 17 2 17 13 2 14 2 3 0 11 4 22 81 35 21 28 21 34 12 186 97 470 202 55 35 6 23 9 14 1 7 4 3 0 4 11 14 68 1098 1599 2371 10 9 19 60 204 6392 26 78 16 15 51 7 3 38 3 6 2 41 358 26 6 13 6 33 12 33 257 138 2 15 8 22 214 9 2 17 0 142 4 35 21 30 33 25 142 262 55 347 5175 172 3217 3969 10 5 0 58 11 1 0 0 0 0 0 0 0 0 0 0 2 0 0 3 0 0 3 4 2 4 9 4 0 1 0 1 1 0 0 1 0 0 0 0 0 2 0 0 2 0 1 0 0 1 4 2 0 3 14 2 14 25 0 3 19 3 0 3 8 1 0 0 0 0 0 5 7 13 2 0 1 1 0 28 26 7 15 44 21 1 0 2 0 37 4 16 10 47 0 0 80 25 0 1 0 0 0 0 0
1 1 5 0 2 0 0 2 33 1 1 8 315 6 0 0 11 6 216 4 4 8 2 4 6 1 2 1 3 2 1 1 11 6 0 0 4 74 10 1 20 5 72 1147 3520 120 5 222 26 6597 48 564 3 6 11 0 8 4 2 0 18 222 154 8 15 1478 2 6 128 40 50 45 211 681 11 63 1501 499 776 898 309 2569 5 2 3 2 6 1277 1219 5210 767 15 9 24 184 2 521 15 3 1 0 3 0 0 3 0 0 5 2 1 1 5 1 1 26 0 3 5 1 12 7 5 4 1 4 1 2 3 0 2 10 4 5 3 2 1 0 2 4 11 15 6 11 5 1 104 73 2 19 151 6 148 272 8 11 425 135 27 106 108 2 1 0 3 6 2 28 113 91 20 6 3 10 8 236 158 46 80 637 139 3 4 6 4 300 25 194 295 645 1 3 1172 274 12 9 1 2 4 2 2
166 81 200 21 135 85 44 198 12 53 17 72 3 2 14 6 4 5 8 3 5 20 6 10 63 1 11 2 33 91 73 8 16 2 2 0 0 1 8 2 888 14 29 27 8 2 14 30 78 48 15240 13097 40 33 815 116 43 1 0 0 5 56 19 8 11 54 57 4 16 111 88 6 13 44 32 17 43 6 25 311 3072 116 534 82 39 46 34 137 26 18 22 7343 6309 191 57 52 29 13 64 36 0 0 0 0 0 2 0 1 0 0 2 1 0 2 3 0 0 0 0 4 1 2 0 0 1 0 0 0 0 0 1 0 0 2 1 0 0 0 11 9 3 1 3 0 2 1 1 0 4 11 2 17 9 0 2 4 339 29 122 130 5 1 1 1 0 1 6 2 3 4 0 0 1 0 3 1 30 11 9 2 9 5 6 0 4 9 22 14 79 0 0 20 18 0 4 0 0 0 0 0
253 107 303 48 203 128 61 336 24 77 13 128 10 2 3 3 3 4 37 2 5 16 1 5 58 0 16 7 46 108 103 16 14 7 1 0 2 7 9 4 479 4 37 224 58 7 5 37 16 564 13097 32888 64 57 1060 84 45 9 1 0 6 54 41 12 11 630 47 5 45 47 67 17 54 427 67 12 494 129 158 11441 7228 1570 724 118 47 62 47 1423 78 104 63 834 1971 35 37 66 200 31 107 50 12 1 3 1 0 1 3 4 0 2 1 4 0 2 12 0 2 2 0 9 4 4 1 1 0 1 0 5 0 2 4 0 1 6 1 1 0 0 8 7 7 5 5 14 1 6 10 0 11 21 2 134 82 14 10 29 3360 378 1781 1029 42 6 1 3 2 2 6 16 13 33 6 4 2 5 9 12 296 118 48 6 15 21 21 1 15 50 325 114 799 1 12 110 145 3 12 4 1 2 0 1
1036 328 720 128 933 435 682 1432 198 403 100 563 0 2 4 7 5 2 4 2 34 51 12 17 325 7 107 42 1399 729 837 60 73 12 2 0 5 2 49 19 62 5 86 1 7 16 15 43 15 3 40 64 14852 10246 8186 16 517 15 5 3 27 128 241 109 93 5 764 49 204 131 39 56 24 17 258 32 52 1 27 2 32 3 1712 511 95 237 497 15 11 5 62 95 29 69 179 288 211 5960 865 393 0 0 2 0 1 5 0 1 2 3 2 6 3 0 4 1 12 1 3 0 4 1 7 5 5 0 0 0 0 0 8 0 5 19 4 11 2 0 19 30 0 1 0 1 9 0 5 0 14 5 5 0 1 0 0 2 4 0 1 1 0 1 1 4 4 3 3 1 1 2 5 1 5 8 1 5 1 0 9 3 27 46 8 1 3 41 2 1 0 2 0 2 2 2 15 0 4 2 0 4
1866 621 1088 290 2222 899 968 1933 157 473 82 881 3 5 27 9 9 13 7 12 92 173 27 74 1038 29 247 112 11644 2076 2364 93 99 16 15 4 8 17 167 59 167 23 259 8 4 38 49 101 51 6 33 57 10246 17298 792 27 1991 25 11 1 60 470 691 287 342 4 8408 129 520 345 107 77 57 37 531 80 54 1 86 3 48 1 3184 8781 265 715 1599 40 44 12 182 204 84 261 490 591 77 3006 2756 1105 3 0 3 1 0 4 1 5 1 3 3 17 0 3 15 1 16 5 4 13 33 13 15 7 18 1 2 1 1 2 8 0 13 43 9 19 2 2 41 79 6 10 4 1 10 5 10 1 33 34 16 1 6 0 0 3 0 0 2 0 0 4 2 0 6 6 10 8 0 0 3 1 9 19 7 25 0 1 28 6 52 56 13 6 6 82 2 2 10 2 0 13 8 4 24 2 5 2 0 9
478 161 483 70 334 217 234 695 70 184 39 245 0 0 4 4 1 2 0 1 22 30 7 11 89 3 26 18 290 288 272 27 34 3 0 0 1 3 15 3 1514 1 36 2 2 2 4 14 7 11 815 1060 8186 792 21351 795 105 10 1 0 6 50 52 33 33 20 150 15 58 43 19 27 28 12 118 5 35 4 31 64 273 29 4341 239 104 125 118 24 5 4 20 846 248 31 58 118 64 1453 248 109 1 0 2 0 0 1 0 3 0 5 3 2 0 0 0 0 5 1 1 0 8 0 1 3 7 0 0 0 0 0 3 0 3 15 2 14 1 0 17 26 0 2 0 3 7 0 0 0 7 1 2 3 1 0 1 1 26 2 8 9 1 0 0 0 3 3 3 1 1 1 2 1 2 8 0 2 1 2 6 0 19 28 7 1 1 25 2 0 7 0 0 2 1 2 4 0 4 1 0 2
105 49 125 45 99 132 18 83 10 22 6 124 0 0 0 3 1 1 0 1 1562 84 4 3 92 2 3 4 38 39 86 30 37 5 1 1 2 4 6 1 1721 0 15 0 0 1 4 2 3 0 116 84 16 27 795 2785 33 14 0 0 4 26 22 7 7 0 20 10 23 14 10 20 26 18 104 2 24 1 43 1 35 1 4807 51 2044 122 35 4 4 0 7 322 36 17 23 79 27 8 357 60 1 2 2 0 1 3 0 0 1 1 0 2 0 0 1 0 8 0 2 2 8 0 2 1 7 0 0 0 0 0 1 0 3 6 0 4 0 0 18 19 0 0 1 0 7 1 1 0 12 1 1 0 0 0 0 1 2 0 0 1 0 0 1 0 0 1 0 0 0 0 1 1 2 8 0 0 0 0 2 0 9 21 1 0 1 21 1 1 1 0 1 0 1 1 7 0 4 1 0 2
111 54 79 47 1714 240 56 38 5 7 2 231 3 21 37 15 9 20 11 10 50 104 10 62 567 14 814 510 9015 3455 8831 42 56 15 40 5 7 13 560 34 264 12 295 6 3 59 136 190 38 8 43 45 517 1991 105 33 9762 41 19 2 82 929 1201 514 1026 2 7020 548 1560 571 194 38 29 45 1575 68 30 1 24 3 77 2 509 235 159 952 5218 68 29 14 226 184 95 239 566 1041 37 71 2947 5031 3 2 2 2 1 8 0 6 1 2 6 4 0 5 21 2 18 4 6 16 45 18 14 5 11 2 1 2 0 5 7 1 7 42 6 25 0 1 52 76 17 5 10 6 15 9 29 1 23 75 7 9 5 0 0 13 2 3 2 1 3 3 0 1 4 4 34 16 13 3 7 2 11 13 13 43 4 2 67 16 56 63 15 4 16 81 5 9 24 0 10 46 12 8 27 1 17 6 2 7
6 3 9 1 53 41 4 3 7 1 1 88 6 71 281 326 145 152 22 19 87 115 32 31 52 5 468 663 21 6 14 2980 1640 2169 90 25 281 161 552 58 135 7 92 3 6 36 346 173 3 4 1 9 15 25 10 14 41 4914 1354 2803 206 194 72 98 262 4 14 5194 857 31 68 174 599 33 4886 215 16 2 243 0 14 4 79 13 52 25 223 26 25 8 230 10 9 6 63 1384 24 5 74 18 1 0 2 0 2 2 1 6 0 1 5 18 2 14 52 0 33 10 17 84 73 56 25 17 17 0 2 3 0 6 10 0 8 35 10 30 1 0 96 118 42 9 11 5 32 6 18 1 48 109 14 3 4 2 0 13 1 3 0 1 3 17 2 3 4 5 38 22 5 4 13 4 11 22 6 63 2 0 80 15 41 94 17 3 19 78 2 3 9 2 19 32 7 8 15 1 16 3 1 9
5 0 0 0 31 15 3 0 0 0 0 6 2 618 165 56 291 40 20 20 36 111 71 134 86 26 855 140 11 5 13 94 120 2473 1739 1338 2911 341 87 962 38 5 183 11 0 12 1140 14 6 2 0 1 5 11 1 0 19 1354 4573 6678 38 24 42 147 102 2 6 2898 95 12 11 1 117 136 573 12 2 5 4 1 1 0 13 6 8 3 95 7 3 0 31 4 0 2 31 104 4 0 27 20 1 0 0 0 0 1 0 0 0 0 0 1 56 17 11 14 168 61 179 45 695 195 468 28 58 3 7 11 2 26 13 5 2 21 9 11 34 10 206 310 12 92 7 2 38 5 5 0 280 30 57 4 2 2 0 1 2 0 0 1 1 16 1 2 3 22 15 17 3 2 15 3 7 34 6 8 1 0 31 0 15 85 53 0 2 90 0 1 1 1 10 4 4 4 9 0 23 5 2 28
1 0 1 0 2 2 0 0 0 0 0 1 4 68 122 242 64 118 13 16 7 12 24 11 8 0 96 135 6 1 1 193 133 3694 50 107 769 119 206 40 23 2 20 5 0 12 278 18 2 0 0 0 3 1 0 0 2 2803 6678 2658 108 13 5 11 39 0 2 5507 151 3 1 2 96 3 503 45 2 1 1 0 3 0 1 0 1 2 21 2 4 0 49 4 0 0 2 19 0 0 4 4 1 0 0 0 1 1 0 0 0 0 0 0 1 3 8 0 4 1 3 18 15 14 10 0 2 0 0 1 0 2 0 0 0 1 0 0 0 0 9 16 10 2 5 0 3 1 2 2 10 26 1 0 1 0 0 1 0 0 0 1 0 0 0 0 1 0 6 2 0 1 1 1 1 1 3 8 0 0 8 3 1 4 3 1 0 5 0 0 1 0 0 1 1 0 0 0 1 0 0 0
14 2 2 0 81 47 9 0 1 1 0 43 74 26 138 119 124 4487 144 242 20 65 35 894 132 13 227 368 62 11 32 160 185 359 13 2 131 463 8734 42 114 126 2117 92 14 1083 59 735 41 18 5 6 27 60 6 4 82 206 38 108 17487 292 185 1257 221 30 43 126 7901 44 121 22 422 23 383 7474 28 4 94 0 40 3 33 14 23 35 40 73 127 24 4970 99 19 42 317 303 4 5 51 42 1 3 0 0 2 1 0 3 1 0 0 2 5 105 775 5 19 39 6 383 108 239 44 1 10 1 5 44 0 58 17 9 9 5 3 8 3 1 29 63 455 11 173 2 4 70 395 50 105 1247 10 17 29 2 0 87 4 3 15 8 0 5 1 1 12 7 341 270 38 25 3 1 17 12 44 457 3 14 584 144 10 30 16 3 84 42 23 26 55 0 1 119 33 18 11 2 4 2 0 8
39 10 40 9 139 92 29 14 5 6 1 46 7 43 134 47 23 113 46 25 31 304 42 105 563 17 82 69 647 124 207 47 61 94 17 5 9 26 377 76 567 83 585 27 67 49 268 10507 358 222 56 54 128 470 50 26 929 194 24 13 292 24767 12116 684 400 13 403 452 4247 10148 3600 13 64 20 909 1091 34 3 50 17 461 66 321 125 94 174 274 639 987 319 1019 711 217 1887 2297 255 16 12 294 275 1 0 0 0 4 1 0 2 1 0 0 3 1 3 30 2 6 6 1 40 19 15 6 1 4 0 4 7 2 4 18 7 5 2 2 7 1 0 7 7 29 14 24 14 2 146 84 5 25 134 13 521 746 16 19 399 29 10 83 107 1 1 0 2 3 5 45 128 192 13 2 9 8 9 359 233 116 180 568 143 4 7 17 5 349 32 322 251 1104 1 2 1679 551 14 10 0 2 3 3 6
19 9 12 4 58 34 9 4 1 0 0 20 11 80 76 15 14 149 53 13 20 253 12 47 757 15 102 23 765 86 142 17 20 22 23 19 8 29 218 140 128 19 714 43 71 43 391 445 26 154 19 41 241 691 52 22 1201 72 42 5 185 12116 17150 7331 2953 13 709 272 6267 2067 509 10 70 21 390 474 33 3 46 7 132 15 409 181 119 305 311 170 511 343 1254 81 59 132 5924 112 14 9 455 269 0 2 0 0 3 0 0 2 0 0 1 0 1 2 21 0 7 12 5 36 24 37 13 4 3 2 3 6 0 2 7 2 3 7 2 1 1 2 14 11 16 8 13 2 2 98 52 3 15 87 8 107 226 4 9 230 11 8 21 29 0 2 0 5 7 3 26 95 85 7 0 5 6 2 259 194 29 36 421 158 3 8 13 1 323 18 76 80 249 0 1 915 203 15 5 1 1 0 0 3
4 2 7 1 20 25 11 0 0 0 0 6 35 326 143 51 22 839 146 30 5 113 7 135 426 8 3117 613 256 29 91 13 23 43 133 83 27 29 956 167 53 8 3637 14 11 1243 431 64 6 8 8 12 109 287 33 7 514 98 147 11 1257 684 7331 9172 5669 81 331 345 2297 304 80 4 38 22 266 103 17 1 20 1 31 1 149 74 33 144 270 23 27 17 1343 25 23 42 2127 58 10 3 236 202 0 0 0 0 3 0 0 0 0 0 1 1 4 48 311 2 7 39 9 373 51 193 48 1 2 0 0 20 0 23 8 3 4 3 1 4 1 1 18 27 282 5 61 1 4 13 103 8 52 971 4 5 17 1 0 26 2 2 0 5 0 2 0 2 2 0 214 61 13 32 2 1 7 6 17 166 1 3 288 31 5 7 6 3 26 11 5 9 21 0 1 60 12 3 0 0 0 1 0 1
16 4 5 2 61 30 16 5 1 1 0 18 35 250 262 21 6 239 90 9 4 44 4 34 154 5 1371 2571 489 84 236 32 19 85 56 17 24 13 4088 42 56 10 312 14 23 477 231 113 13 15 11 11 93 342 33 7 1026 262 102 39 221 400 2953 5669 5029 23 309 608 3869 72 54 5 30 24 750 43 2 0 8 2 21 2 141 50 37 87 294 18 18 11 678 20 5 8 519 141 1 7 168 396 0 3 0 0 1 1 0 0 0 1 0 2 1 68 322 1 10 29 7 442 44 158 19 1 1 0 0 20 1 16 7 4 2 4 0 0 0 1 16 29 366 2 62 1 2 27 137 8 46 1088 2 5 14 2 1 24 2 1 3 2 0 1 0 0 6 1 262 118 20 33 1 3 12 6 28 279 3 1 414 83 4 6 5 0 55 11 7 8 17 0 0 70 23 11 4 0 0 0 0 2
4 2 5 0 2 2 1 3 22 2 0 7 1458 1 3 2 8 49 443 14 3 7 4 14 6 0 29 17 4 0 0 3 4 10 0 0 2 75 53 1 9 3 48 963 2702 566 6 43 6 1478 54 630 5 4 20 0 2 4 2 0 30 13 13 81 23 1316 4 2 65 9 9 19 156 944 11 17 880 906 433 830 164 960 13 2 2 2 1 322 120 240 741 7 9 2 25 6 343 6 6 7 0 1 0 0 1 2 0 3 0 0 0 2 0 5 651 0 2 2 1 46 38 57 2 0 2 1 1 13 0 3 4 2 0 1 0 0 0 0 9 5 37 0 16 1 1 30 156 46 64 614 1 3 16 1 0 75 82 8 44 51 2 1 0 0 0 0 48 89 10 388 0 0 1 4 22 67 15 10 247 34 3 8 2 4 33 17 16 14 62 0 1 115 28 5 4 0 0 0 0 0
164 127 239 108 379 298 43 128 14 27 8 328 1 14 11 4 12 7 7 3 21 92 27 82 1223 18 264 72 6034 292 643 28 47 11 9 1 5 13 122 56 102 16 270 5 3 29 60 67 33 2 57 47 764 8408 150 20 7020 14 6 2 43 403 709 331 309 4 10836 103 397 258 55 20 43 33 460 49 35 2 49 6 54 3 1320 3345 232 2192 1933 28 28 11 158 175 68 185 482 227 37 23 4586 1373 1 0 1 0 0 2 1 1 0 1 0 6 1 2 11 1 10 4 9 9 23 10 16 4 6 1 0 0 0 2 4 0 2 14 2 9 0 2 26 37 4 3 2 3 9 3 13 0 19 26 9 5 4 0 0 9 4 0 2 1 0 4 0 0 1 3 8 9 4 0 5 0 4 14 2 13 0 2 20 8 15 22 7 1 10 42 3 2 6 0 4 9 3 3 10 0 1 0 1 3
10 0 4 2 42 24 5 1 1 0 0 16 4 119 200 167 113 79 28 16 85 131 46 131 125 16 1350 916 245 67 127 164 282 2061 327 75 720 357 672 241 144 10 274 18 4 42 1577 195 12 6 4 5 49 129 15 10 548 5194 2898 5507 126 452 272 345 608 2 103 11558 1124 101 105 7 326 160 2427 118 23 4 35 0 20 0 96 20 61 35 4385 36 20 12 170 20 14 13 133 199 14 6 119 293 0 1 2 1 4 3 0 1 1 2 2 4 8 11 28 5 177 25 96 63 554 89 207 31 83 1 6 3 1 7 19 1 10 46 24 27 6 9 281 479 30 35 10 7 64 5 17 0 216 99 45 7 4 0 0 7 1 0 0 0 0 20 1 5 3 31 31 22 4 0 25 11 8 47 9 32 2 4 66 17 39 163 58 9 19 86 3 5 16 3 11 28 11 6 4 0 31 15 2 23
46 10 13 7 253 136 32 7 0 3 3 74 26 159 460 149 14 317 94 29 17 102 14 63 275 10 181 330 879 250 455 138 138 414 41 13 23 86 5137 49 123 40 719 62 135 548 226 3255 33 128 16 45 204 520 58 23 1560 857 95 151 7901 4247 6267 2297 3869 65 397 1124 13186 386 736 22 204 22 2456 7920 36 4 70 5 220 13 281 103 69 149 390 337 545 305 4944 87 67 25 1444 635 12 22 286 580 2 9 0 0 8 1 0 5 0 0 0 4 1 46 455 3 21 15 7 201 80 68 34 2 13 3 4 36 0 13 34 26 23 9 6 8 2 2 40 48 367 13 186 8 6 270 594 34 104 1466 20 97 250 11 7 464 11 13 32 50 1 6 0 4 15 15 582 558 221 42 5 12 20 17 446 1391 23 53 2050 796 9 23 21 8 764 60 57 109 295 1 1 1253 291 45 13 1 2 2 3 3
46 17 36 8 55 26 11 33 3 7 2 19 4 26 69 37 16 108 42 20 21 264 23 60 475 17 30 17 395 63 73 14 12 18 8 2 4 10 44 49 411 50 355 5 17 18 220 501 257 40 111 47 131 345 43 14 571 31 12 3 44 10148 2067 304 72 9 258 101 386 4871 3388 6 18 6 183 159 5 2 15 30 1946 90 230 106 83 149 147 457 185 65 250 1025 624 1431 881 63 8 5 252 80 0 1 0 0 0 1 0 1 0 0 0 0 1 1 4 1 3 4 4 11 6 4 3 1 0 1 3 2 0 1 4 1 0 2 0 0 1 0 4 3 9 5 3 4 3 31 11 1 8 27 3 219 228 10 19 61 40 24 62 229 1 0 0 0 2 0 6 23 45 6 0 0 1 3 47 44 118 123 115 15 1 6 4 0 64 9 152 51 686 0 1 367 216 1 3 1 0 0 0 1
31 23 61 12 51 45 11 44 5 12 3 30 3 8 58 19 11 38 25 19 6 74 4 42 119 5 14 18 116 36 60 21 17 29 7 0 1 6 111 14 464 44 153 23 24 21 66 2289 138 50 88 67 39 107 19 10 194 68 11 1 121 3600 509 80 54 9 55 105 736 3388 7318 9 34 10 232 395 15 2 27 18 2980 148 82 24 19 50 64 1205 308 101 362 611 2705 178 316 73 7 8 65 53 0 1 0 0 0 1 0 3 0 0 0 0 0 1 8 1 0 8 0 9 4 5 5 0 5 0 3 4 0 0 2 2 3 0 0 3 1 1 3 5 17 5 4 6 3 53 18 3 9 44 5 412 356 11 25 103 74 53 108 356 3 3 0 1 0 1 14 32 65 11 1 1 1 1 64 58 207 223 161 42 3 4 2 1 70 22 263 76 1192 0 0 459 387 8 5 0 0 0 0 3
