25360 5522 8344 759 1884 3302 10889 10786 105 1858 48 1131 1 7 4 4 4 1 2 0 32 18 9 4 8 2 17 2 14943 5701 971 146 96 11 0 0 5 19 5 10 1349 7 16 2 1 1 9 15 47 3 52 197 674 1027 362 167 72 12 0 1 10 11 13 11 8 0 454 8 14 74 22 46 14 8 34 10 13 0 12 3 153 3 1170 731 679 226 27 22 47 6 30 289 113 46 46 335 56 1157 27 5 7 3 15 12 8 118 6 4 49 55 89 87 0 0 0 0 1 0 0 0 1 2 0 4 1 0 4 0 1 0 53 0 35 29 0 4 0 0 9 7 2 1 2 5 13 0 2 0 2 1 1 1 1 0 0 0 2 0 7 1 1 6 2 18 7 1 0 0 1 1 10 5 1 1 1 0 0 0 2 0 13 17 12 2 0 27 0 1 0 5 9 3 1 4 50 7 6 1 0 0
5522 10239 1906 8843 1729 6895 826 389 9 634 52 2389 0 1 2 2 1 1 1 0 48 5 4 2 4 4 7 2 1853 1729 832 11 19 5 0 0 1 7 1 4 803 2 8 0 4 0 7 2 10 1 22 68 152 301 92 62 94 6 0 1 1 5 4 11 7 0 306 9 8 24 13 7 2 6 27 4 3 0 3 1 46 0 516 394 518 239 9 7 28 4 9 92 50 24 21 37 19 186 23 5 10 5 30 33 11 133 4 1 58 93 89 113 0 0 0 0 0 0 0 0 0 1 0 1 0 0 1 0 0 0 51 3 24 34 0 3 1 0 4 4 0 1 0 8 13 0 0 0 3 0 1 0 1 1 0 0 4 1 1 0 4 9 2 17 9 1 0 0 0 0 18 9 0 1 0 0 0 0 1 0 28 15 3 2 0 14 1 0 0 3 11 1 0 2 67 9 0 2 0 1
8344 1906 9817 1273 189 1930 1633 9787 102 6397 85 5313 1 8 8 6 0 5 1 0 48 23 6 3 3 4 14 10 2471 333 127 20 21 11 1 2 10 10 2 5 1996 12 24 0 2 1 10 10 28 5 78 211 483 819 298 186 61 7 3 1 4 11 16 19 13 1 711 16 18 95 25 23 8 11 47 10 7 0 10 4 154 8 1385 1026 1088 385 28 27 76 4 26 323 162 91 57 50 45 379 44 8 16 6 33 24 12 168 3 8 66 110 122 125 0 0 1 0 2 0 0 0 4 1 1 8 1 2 3 0 0 0 46 2 30 38 1 6 0 1 15 6 2 2 0 2 6 0 0 0 2 0 4 0 2 0 0 0 4 1 8 0 6 3 1 19 9 0 0 0 0 1 17 8 0 2 2 1 0 1 1 0 29 23 5 0 0 20 0 1 3 3 15 3 1 3 83 15 5 6 1 0
759 8843 1273 12776 3972 21411 105 52 11 1228 76 5104 1 0 4 1 0 1 1 0 129 25 7 2 8 2 1 8 769 441 715 15 16 3 0 0 1 4 0 5 760 2 5 0 0 0 1 4 12 1 6 36 81 162 58 44 129 4 2 1 0 5 7 6 4 0 280 2 7 21 1 15 4 4 13 1 6 0 8 1 19 1 347 326 556 332 14 4 10 4 5 57 17 18 17 30 56 56 30 2 26 12 77 47 25 385 7 11 144 208 270 250 0 0 0 1 3 0 0 0 2 0 0 4 2 1 10 0 0 0 96 2 45 46 0 5 1 2 9 9 0 4 0 4 19 1 0 0 2 0 4 0 0 0 0 0 5 1 0 0 27 20 9 41 9 5 0 1 0 0 37 23 1 2 0 0 3 0 0 0 68 31 0 5 0 25 0 0 0 5 16 0 3 5 118 13 6 5 0 2
1884 1729 189 3972 8850 13903 929 323 18 270 90 2597 1 3 4 3 3 7 5 1 191 65 37 4 20 2 8 3 2595 6396 6216 806 424 33 2 0 18 99 5 8 483 4 10 0 3 4 5 7 9 0 12 31 125 196 58 27 525 26 0 0 13 5 7 14 5 1 214 6 13 13 4 137 49 11 108 5 9 0 42 0 17 2 272 263 449 280 17 4 17 1 10 48 25 11 12 1809 72 256 44 70 12 6 44 32 30 297 6 4 94 138 162 213 1 0 0 0 4 0 2 0 7 1 0 7 5 2 5 0 0 0 110 1 73 95 0 14 2 1 9 11 2 7 1 13 27 3 0 0 2 6 1 0 1 2 0 0 1 1 3 1 22 10 4 36 19 2 2 0 1 3 24 22 3 0 0 1 6 0 7 0 78 54 14 2 0 52 0 1 1 2 26 0 3 7 132 18 4 4 0 3
3302 6895 1930 21411 13903 14198 817 355 52 2609 576 25232 1 9 5 2 4 3 7 1 483 159 69 11 38 4 18 7 2117 2108 5129 3874 1029 31 2 1 34 113 10 11 1289 6 24 5 1 4 12 5 12 0 18 60 156 306 86 101 371 24 0 3 16 10 7 20 12 1 466 8 20 21 19 301 70 44 81 4 35 0 68 0 60 0 595 553 1271 625 33 5 22 2 12 80 44 26 24 1723 257 241 126 43 67 53 244 128 96 1145 28 25 432 576 799 966 4 1 2 1 12 1 4 5 16 2 2 25 12 2 12 0 0 2 383 9 210 268 0 40 4 9 47 33 4 19 1 20 100 2 1 1 6 9 9 1 3 2 0 0 10 5 8 3 67 43 12 135 71 6 3 2 3 6 138 99 10 13 1 8 13 4 12 2 311 130 20 8 1 145 0 0 0 24 87 2 3 19 469 56 32 16 1 5
10889 826 1633 105 929 817 9496 11256 992 3315 372 511 3 0 7 1 1 1 3 0 13 12 7 2 5 2 4 5 5116 989 370 172 207 12 1 1 8 41 3 3 159 6 8 8 12 1 3 15 18 10 37 123 1028 968 433 33 21 8 0 0 2 5 7 4 2 4 51 6 5 41 12 314 28 45 31 2 217 10 90 1 61 10 460 178 106 32 7 12 32 6 15 124 65 35 18 235 602 5299 8 2 8 4 40 23 14 177 18 30 125 183 190 108 0 0 0 0 0 0 1 0 0 1 0 4 2 0 3 1 0 1 22 1 12 21 0 2 2 1 4 3 1 4 0 4 11 1 0 0 3 1 2 1 2 0 0 0 2 0 4 1 3 7 5 11 3 0 0 1 1 1 9 4 2 0 2 0 1 0 2 0 25 9 11 0 1 13 4 0 2 3 6 1 0 3 111 32 6 4 0 1
10786 389 9787 52 323 355 11256 24252 2943 23159 97 261 2 1 5 5 1 3 2 2 9 4 2 3 2 2 9 9 2022 171 90 32 38 3 0 0 2 9 0 1 824 10 12 4 2 0 1 10 28 3 61 229 869 1015 470 144 8 6 0 0 3 11 8 14 6 1 238 14 6 73 36 116 14 25 24 6 82 2 40 2 129 9 1089 487 358 73 17 26 54 7 23 282 127 66 23 41 196 1356 23 5 11 5 39 9 10 110 11 22 78 108 116 72 0 0 0 0 1 0 1 1 1 0 1 1 2 0 3 0 0 0 11 0 7 9 0 2 0 0 6 4 0 1 0 1 1 0 0 0 0 0 1 1 1 0 0 0 10 3 6 1 1 1 3 5 2 0 0 0 0 0 1 3 1 1 1 0 0 1 0 1 9 6 14 0 0 9 1 1 2 0 1 2 0 1 91 17 1 0 0 0
105 9 102 11 18 52 992 2943 2593 4806 491 226 11 0 2 0 0 0 0 0 14 18 15 1 18 1 2 1 78 17 11 33 137 5 1 0 0 10 1 1 25 1 2 28 114 1 15 0 4 83 4 19 146 70 65 10 6 4 1 1 0 0 1 3 0 30 10 28 1 2 3 544 49 248 8 1 791 108 259 8 27 81 56 21 13 11 15 24 19 14 4 15 8 3 5 14 2888 611 5 1 3 0 11 8 2 42 9 5 33 34 36 22 0 0 0 2 0 0 0 0 3 0 0 4 3 1 2 0 1 0 9 1 12 13 0 7 0 0 12 10 1 1 0 0 4 0 0 0 1 0 0 0 0 0 0 0 0 0 1 0 1 1 2 1 4 0 0 0 0 0 6 7 2 0 1 1 0 0 2 0 9 12 20 0 0 13 0 0 0 0 0 0 0 2 39 11 0 2 0 0
1858 634 6397 1228 270 2609 3315 23159 4806 32043 7845 33249 1 4 5 5 2 1 0 0 43 25 9 5 8 0 6 6 1223 134 97 35 124 7 2 1 2 13 3 8 684 10 20 4 8 0 5 4 27 8 46 154 376 556 212 71 41 6 1 2 6 16 8 12 6 2 373 14 14 45 25 334 26 47 44 10 213 5 118 5 107 5 694 454 496 127 21 21 48 3 23 156 116 50 50 41 1570 851 33 5 73 39 398 178 97 1590 83 87 828 1200 1276 1084 2 0 0 0 7 1 5 1 8 1 1 22 9 1 7 0 0 0 289 5 113 132 0 20 1 6 30 23 0 11 0 22 61 1 1 0 2 1 8 3 1 2 0 1 12 1 6 7 51 60 33 102 25 4 1 2 0 1 102 50 6 10 3 0 18 0 3 0 196 50 52 6 2 78 2 0 6 16 61 2 7 13 782 118 19 18 1 2
48 52 85 76 90 576 372 97 491 7845 6200 7179 0 2 2 0 2 1 1 0 28 15 16 0 4 1 2 1 84 44 59 59 125 11 1 0 1 11 1 1 47 1 3 4 3 0 2 0 1 4 1 6 28 19 24 8 11 12 0 0 2 3 0 2 1 2 44 0 2 1 1 827 16 23 9 0 125 6 51 0 1 1 33 32 55 26 2 0 2 0 2 4 1 2 3 51 2428 255 5 0 74 42 241 152 67 1131 38 50 518 720 844 811 0 0 0 0 3 0 0 1 3 0 0 14 6 3 10 0 0 2 296 7 153 180 2 19 1 4 26 13 0 6 0 23 51 0 0 0 4 1 6 4 2 3 0 0 7 5 2 6 36 33 20 114 42 1 0 2 1 1 95 71 2 6 2 1 16 3 3 0 244 91 29 3 1 110 0 0 6 19 55 0 4 16 677 78 16 17 3 2
1131 2389 5313 5104 2597 25232 511 261 226 33249 7179 42990 1 3 5 6 4 10 3 2 411 139 84 8 37 2 15 5 991 652 864 1541 2077 28 2 1 31 118 7 13 939 8 18 2 2 5 19 10 10 4 10 42 126 227 92 51 164 65 0 3 11 8 7 16 4 4 447 9 21 21 14 866 142 57 99 7 174 1 164 1 32 0 462 464 857 404 21 6 11 5 16 55 37 21 20 851 2277 292 68 3 156 129 516 328 218 2457 53 69 1002 1272 1783 1917 1 2 2 1 24 2 2 4 22 4 1 80 41 5 54 2 2 3 913 28 526 695 2 78 1 9 84 61 4 39 1 53 204 1 2 1 7 11 25 3 0 2 0 2 11 18 2 4 116 114 40 328 165 7 2 1 1 5 300 213 21 18 3 5 30 6 10 2 741 339 41 8 1 350 1 1 4 32 149 4 8 72 1282 135 57 57 0 12
1 0 1 1 1 1 3 2 11 1 0 1 3714 0 4 6 4 3130 3393 5 1 0 1 3 2 0 14 12 1 0 0 3 10 1 0 0 6 423 15 2 23 6 33 2311 4119 2280 1 13 9 374 1 20 1 0 1 0 1 1 0 0 113 23 14 3 3 2435 2 0 6 9 26 15 35 722 2 5 141 255 63 8 67 87 0 3 1 2 0 110 205 143 77 10 0 4 44 1 29 5 2 0 0 4 0 0 5 4 0 0 0 0 0 3 3 62 317 2 4 72 1 891 61 873 18 0 1 2 3 5 1 41 20 14 13 5 1 8 1 2 38 38 371 3 125 12 6 33 24 41 76 896 3 17 29 1 0 5 4 1 2 2 0 0 0 0 28 3 288 55 12 595 1 6 1 2 36 196 0 6 226 27 0 5 376 2 52 1 2 21 17 1 2 75 36 12 0 0 0 1 0 0
7 1 8 0 3 9 0 1 0 4 2 3 0 8691 6762 622 558 95 153 78 21 29 391 562 23 228 6592 3648 769 62 105 4 16 402 6046 6572 3144 68 240 1083 1038 60 387 2 4 11 1617 53 23 0 1 8 44 135 19 9 957 1083 1724 1375 51 29 82 459 382 0 803 1409 295 23 3 3 9 57 400 37 1 0 2 0 4 1 87 152 47 108 14 0 9 3 36 25 8 9 135 46 0 12 42 155 0 0 2 1 0 7 0 1 1 0 3 3 169 24 4 88 57 188 174 24 374 577 423 15 9 19 48 10 36 84 2 0 3 2 1 8 136 39 60 259 8 201 4 1 38 16 0 2 95 11 35 3 7 1 0 0 1 1 0 0 1 0 0 0 0 31 3 31 7 3 2 0 2 19 5 8 0 2 19 1 1 18 114 2 4 24 0 0 2 1 0 6 14 0 2 0 1 1 0 2
4 2 8 4 4 5 7 5 2 5 2 5 4 6762 23923 17495 1590 1458 475 1065 30 55 728 844 33 613 4427 6670 515 44 68 8 11 150 2044 634 403 100 1334 957 2369 194 449 2 4 34 385 186 151 3 24 10 28 78 22 13 700 643 329 274 238 91 186 402 700 2 521 764 1578 71 49 4 4 61 308 237 4 1 4 1 42 0 42 107 41 64 17 8 69 9 89 242 27 90 285 47 1 11 30 107 0 3 0 1 1 5 0 1 4 1 1 4 319 96 31 205 68 227 179 115 650 856 487 19 4 39 51 20 108 128 6 3 7 2 2 18 205 65 92 386 109 299 41 2 42 32 3 8 136 94 66 10 10 1 2 1 3 4 1 4 1 0 0 0 15 44 34 55 27 14 1 1 4 37 16 53 2 3 48 5 7 32 136 4 15 34 1 2 4 1 1 10 11 2 6 3 7 6 1 4
4 2 6 1 3 2 1 5 0 5 0 6 6 622 17495 17478 356 4009 3575 580 3 26 431 702 22 121 3440 4718 119 22 9 6 14 136 342 43 489 342 1004 192 1742 342 407 1 2 62 65 141 138 3 36 15 6 11 10 12 94 177 39 98 289 118 123 196 183 1 75 113 725 98 62 5 12 48 95 184 1 1 2 0 31 1 20 32 25 23 9 18 85 10 113 294 35 89 247 48 0 2 5 14 0 15 0 2 7 9 0 0 2 0 4 11 137 308 203 118 25 261 31 636 313 2014 93 6 4 15 12 10 39 175 23 11 16 9 1 20 63 12 62 109 587 53 223 6 10 39 5 49 151 218 16 7 4 1 2 3 1 1 0 3 0 0 1 0 40 9 64 57 13 20 5 5 23 9 9 116 2 3 46 7 3 12 121 2 13 12 2 4 10 0 1 12 11 24 3 0 0 0 0 1
4 1 0 0 3 4 1 1 0 2 2 4 4 558 1590 356 2530 478 1401 1748 26 39 318 230 41 742 196 61 94 30 20 2 19 144 304 73 3329 2024 71 851 647 42 136 12 4 49 211 11 27 7 5 8 4 15 4 0 138 215 92 85 143 8 60 82 42 2 55 156 66 8 4 6 20 114 160 13 1 7 3 0 8 3 10 21 26 21 7 4 12 5 34 40 4 13 89 35 1 0 15 13 0 3 0 1 1 4 0 0 1 3 10 9 288 27 4 221 92 12 151 16 843 212 257 46 21 39 100 13 98 83 3 1 7 9 1 35 196 109 208 528 10 394 16 1 31 37 7 4 324 10 151 10 3 2 3 1 0 0 1 2 2 0 1 2 6 94 5 56 16 2 3 4 20 87 10 22 3 0 10 1 7 75 161 10 4 120 0 0 2 0 4 4 18 4 9 1 5 11 1 7
1 1 5 1 7 3 1 3 0 1 1 10 3130 95 1458 4009 478 16011 5787 254 6 29 135 374 16 46 3091 935 37 16 7 6 45 89 124 19 383 2102 2248 87 801 155 331 150 14 5661 37 298 49 8 14 24 0 10 2 5 35 56 11 19 4494 192 137 196 192 169 20 34 696 136 145 11 99 326 57 372 2 20 5 0 59 0 10 28 14 19 10 14 108 12 255 101 11 41 258 58 3 1 8 5 5 61 3 4 40 17 0 1 4 2 1 31 54 1083 1165 110 33 778 34 2311 506 4520 98 19 3 34 8 67 20 467 82 55 75 10 6 72 25 26 192 214 2440 37 1188 22 27 135 35 205 356 1361 4 11 13 3 1 4 0 1 2 2 1 3 0 10 153 11 279 298 35 250 9 32 94 22 27 606 2 6 142 14 5 12 347 3 27 8 0 11 5 7 1 30 30 96 5 2 3 5 2 3
2 1 1 1 5 7 3 2 0 0 1 3 3393 153 475 3575 1401 5787 45350 9398 15 34 121 387 27 541 869 269 13 6 6 4 36 98 186 11 789 9953 66 505 393 74 212 7083 316 2887 70 17 43 80 9 13 0 3 2 5 14 35 14 9 334 23 38 101 33 313 10 19 39 14 32 9 123 6926 44 16 5 74 15 12 34 39 12 10 14 14 6 56 134 75 160 70 7 36 115 53 3 1 4 2 1 30 2 0 13 18 0 4 0 1 7 17 1181 896 908 858 191 1929 498 3039 3262 14596 1806 46 14 112 131 97 316 780 43 28 43 18 3 55 593 163 452 1311 1303 660 462 20 110 164 19 288 1506 602 186 20 20 5 3 9 3 8 0 6 2 3 1 9 104 119 128 242 34 243 7 15 46 71 35 217 6 7 198 27 9 96 2817 20 42 139 2 11 11 9 6 57 55 55 17 2 5 11 3 7
0 0 0 0 1 1 0 2 0 0 0 2 5 78 1065 580 1748 254 9398 4978 8 21 126 373 16 549 254 83 10 2 2 0 9 66 130 12 576 979 67 522 297 43 120 30 4 19 55 8 40 8 2 0 0 0 1 0 6 17 8 4 108 5 17 45 13 1 7 15 23 8 6 0 18 88 15 14 0 1 1 1 5 6 3 2 6 6 1 7 16 4 33 52 3 25 73 13 0 1 4 0 0 0 1 0 1 1 0 1 2 1 1 0 446 90 20 345 41 39 111 13 664 581 218 14 8 20 55 22 108 134 2 0 3 4 0 14 226 69 82 295 7 297 8 0 33 36 0 15 247 13 80 11 0 1 1 1 0 2 0 1 1 1 0 2 2 57 4 57 16 1 0 0 8 34 11 17 4 2 9 2 3 24 137 7 1 59 0 1 2 0 2 2 13 2 5 2 2 1 1 2
32 48 48 129 191 483 13 9 14 43 28 411 1 21 30 3 26 6 15 8 8736 6149 1279 87 334 135 60 11 101 90 177 144 424 433 3 2 47 357 7 132 1005 21 127 11 7 6 38 13 23 3 0 2 4 12 10 527 58 436 4 17 21 14 58 92 27 4 26 42 31 11 2 89 259 393 946 15 166 13 80 0 1 7 340 18 5118 81 55 3 17 2 15 25 6 4 118 658 40 12 184 34 2 7 5 3 4 24 0 4 7 14 11 43 4 0 0 4 49 3 19 4 65 4 8 39 34 9 31 2 1 1 22 3 38 121 1 108 4 23 179 138 3 59 2 3 23 5 2 1 61 3 33 3 0 1 0 0 1 3 1 1 4 2 2 2 46 18 3 12 3 2 19 24 30 50 3 6 1 1 7 2 53 141 95 24 2 108 2 2 2 13 16 2 4 13 22 3 20 17 2 8
18 5 23 25 65 159 12 4 18 25 15 139 0 29 55 26 39 29 34 21 6149 20608 2931 577 6086 1555 347 30 96 57 101 164 612 782 8 5 92 997 19 1624 917 172 877 57 10 23 250 18 168 10 13 6 10 30 11 53 88 849 10 27 68 66 219 511 81 11 111 103 108 52 12 113 530 944 1433 44 255 32 150 2 20 13 292 106 5752 965 422 18 79 16 119 147 17 82 809 604 55 13 1910 46 5 6 5 4 7 19 2 9 8 6 20 36 27 0 1 18 102 5 57 3 209 11 46 99 57 20 101 3 10 8 18 7 43 174 3 146 20 57 335 361 6 157 2 6 48 6 1 1 161 5 92 10 2 1 2 3 1 0 1 3 8 4 0 10 50 39 7 18 11 6 33 17 57 104 1 13 2 0 12 2 98 237 209 43 6 178 1 3 6 14 12 9 13 20 18 5 29 21 4 30
9 4 6 7 37 69 7 2 15 9 16 84 1 391 728 431 318 135 121 126 1279 2931 10610 5878 319 4522 771 125 39 49 30 110 503 1069 60 21 500 1497 63 723 6957 1353 659 54 8 31 156 15 229 14 8 9 7 18 6 5 45 624 21 79 97 23 35 55 14 5 35 107 41 18 17 71 443 320 823 19 196 12 100 1 6 5 32 54 183 82 21 7 39 4 72 151 16 70 240 265 35 10 62 11 2 6 5 3 9 16 1 1 3 3 18 31 51 5 2 45 59 18 44 9 231 52 67 58 36 19 59 3 26 17 15 4 43 121 2 104 42 62 246 270 6 153 1 7 29 8 7 1 109 11 67 8 4 0 3 3 0 1 0 1 2 4 2 4 44 47 2 20 6 1 17 13 48 82 9 10 4 4 12 4 70 161 118 33 5 156 0 0 3 8 7 10 9 16 14 4 28 13 1 16
4 2 3 2 4 11 2 3 1 5 0 8 3 562 844 702 230 374 387 373 87 577 5878 13839 531 2957 4205 134 45 10 9 1 44 104 1384 388 211 344 312 5450 3787 5323 2774 36 22 425 1938 32 455 6 19 6 10 29 16 35 32 45 225 25 1133 37 39 103 49 5 101 206 197 36 19 8 52 84 30 170 23 4 25 0 13 0 52 103 179 175 84 11 94 30 1377 239 23 85 397 17 5 3 164 4 0 2 0 0 1 1 0 0 0 2 0 0 25 5 10 15 16 34 19 19 53 125 52 4 4 10 14 3 7 6 4 1 2 3 0 5 17 5 19 56 15 27 9 0 5 17 7 1 30 96 3 8 7 0 0 6 2 1 0 0 0 0 1 0 1 6 38 23 8 14 0 4 1 3 25 57 1 1 89 24 4 4 29 2 25 4 0 2 5 2 0 22 7 1 0 0 3 2 2 1
8 4 3 8 20 38 5 2 18 8 4 37 2 23 33 22 41 16 27 16 334 6086 319 531 12133 1310 390 25 100 12 72 78 345 446 13 3 77 737 23 5254 243 119 698 31 10 11 1555 13 82 15 5 8 15 101 25 24 155 360 4 9 43 41 178 495 86 5 548 48 82 23 10 69 372 716 530 26 217 20 113 2 18 8 193 397 2542 1724 2194 9 48 4 78 64 13 48 550 181 58 18 5370 1165 3 5 1 1 2 9 1 1 3 3 6 17 6 2 0 7 41 4 26 4 93 6 18 61 28 17 38 1 4 8 17 2 22 77 0 80 9 28 185 167 2 62 1 2 28 1 0 0 68 8 28 4 0 1 0 1 0 2 0 1 2 1 0 6 29 11 2 3 0 1 18 6 21 33 8 3 1 0 7 1 42 132 125 21 4 82 2 1 3 16 7 3 3 11 6 2 20 9 0 7
2 4 4 2 2 4 2 2 1 0 1 2 0 228 613 121 742 46 541 549 135 1555 4522 2957 1310 3158 591 21 27 7 7 5 53 153 650 82 447 997 18 4449 1968 201 352 72 5 17 660 4 112 4 7 6 5 25 7 11 11 27 29 16 49 13 28 69 14 2 69 38 30 13 4 16 106 187 20 9 16 6 50 2 5 1 56 119 268 267 37 3 23 6 42 58 8 24 178 19 2 1 176 3 1 0 0 0 2 2 0 1 1 1 3 0 114 19 5 83 57 58 118 9 273 210 196 22 7 12 44 8 32 39 1 0 2 6 0 10 74 48 69 240 1 142 2 0 18 15 2 3 85 3 31 2 3 1 1 2 1 0 0 1 0 1 0 0 3 28 1 26 7 5 3 0 3 17 3 4 1 1 8 2 5 27 98 3 0 19 0 2 4 4 1 5 6 2 2 0 4 2 0 3
17 7 14 1 8 18 4 9 2 6 2 15 14 6592 4427 3440 196 3091 869 254 60 347 771 4205 390 591 34176 6498 295 37 46 8 38 183 7102 1859 326 288 1276 3677 1138 321 1237 43 27 977 1733 20 68 0 13 16 52 183 41 16 269 224 775 96 2387 14 86 1083 1397 8 920 859 179 24 14 8 40 90 103 42 14 3 16 1 22 1 189 531 296 594 79 4 23 12 689 90 16 32 217 58 7 5 607 134 1 4 1 0 3 2 0 0 1 2 0 4 44 67 58 30 16 129 26 297 109 475 87 6 4 10 8 14 20 41 16 8 9 7 0 17 34 13 39 66 198 41 112 2 12 33 19 11 46 429 6 2 2 0 1 0 0 2 0 1 0 1 0 2 15 7 165 55 14 37 4 4 15 12 6 206 2 0 138 22 6 21 46 1 28 14 0 1 0 2 1 8 13 12 4 0 3 2 1 0
2 2 10 8 3 7 5 9 1 6 1 5 12 3648 6670 4718 61 935 269 83 11 30 125 134 25 21 6498 12897 561 16 81 0 13 92 317 454 145 68 2989 29 524 117 116 9 10 597 411 66 41 5 15 18 58 201 39 8 703 342 572 101 758 39 49 389 1718 4 1154 863 408 33 34 5 7 21 128 51 1 2 6 0 14 0 142 429 76 287 25 10 26 0 117 63 16 20 56 9 5 5 237 191 0 7 0 0 3 6 0 0 0 0 2 8 20 190 198 29 11 115 16 736 94 548 42 3 2 7 10 27 12 80 36 28 18 4 0 17 14 15 49 65 794 31 373 10 5 58 19 27 39 1084 11 5 5 0 2 0 1 0 3 1 4 4 0 5 50 8 473 140 22 42 5 9 22 18 4 500 1 2 141 18 4 9 27 0 19 4 0 1 1 1 1 5 6 33 0 0 1 4 3 3
14943 1853 2471 769 2595 2117 5116 2022 78 1223 84 991 1 769 515 119 94 37 13 10 101 96 39 45 100 27 295 561 28649 14500 3715 484 594 364 181 67 287 394 185 76 343 27 308 6 7 15 150 265 40 8 50 184 2070 7470 604 40 3176 326 91 96 68 228 891 423 475 4 3403 801 964 199 71 271 137 76 3105 107 82 1 124 1 119 3 893 1096 270 136 848 27 103 10 106 208 113 88 574 2436 113 2325 170 373 29 20 59 39 46 286 5 2 81 115 195 353 5 1 3 2 12 1 3 21 15 15 3 55 18 8 35 0 1 7 217 9 182 293 2 83 3 9 110 55 18 20 4 8 65 14 3 3 10 25 12 9 12 3 0 3 4 8 6 4 33 29 7 58 96 3 8 11 11 6 85 56 13 11 20 20 5 7 31 4 269 212 21 9 13 203 3 5 6 16 35 16 8 40 142 12 24 29 1 9
5701 1729 333 441 6396 2108 989 171 17 134 44 652 0 62 44 22 30 16 6 2 90 57 49 10 12 7 37 16 14500 14486 9981 362 352 146 4 3 117 231 22 8 295 5 22 2 2 4 21 29 3 1 11 38 204 366 77 26 3700 65 5 16 26 24 16 27 24 2 1022 48 87 23 11 120 86 25 902 25 13 1 55 1 36 0 263 243 282 126 25 2 20 1 18 47 36 10 33 2680 57 331 39 216 11 12 33 13 26 171 5 0 57 61 128 178 1 1 3 2 4 0 0 5 9 9 0 12 10 3 5 0 0 1 96 4 75 96 0 21 1 4 23 11 9 5 6 11 28 2 1 0 0 11 5 1 3 1 0 0 5 2 1 0 13 13 3 37 17 1 4 3 1 2 22 28 2 6 0 9 2 0 12 0 91 64 16 2 1 52 0 0 1 6 15 2 2 10 84 5 10 6 0 2
971 832 127 715 6216 5129 370 90 11 97 59 864 0 105 68 9 20 7 6 2 177 101 30 9 72 7 46 81 3715 9981 10588 275 202 101 15 18 70 111 21 7 726 5 20 0 1 1 34 39 5 2 14 44 139 319 67 51 8818 115 14 30 16 16 55 42 56 0 1066 436 84 17 20 84 42 20 2298 12 11 0 28 4 31 3 406 557 796 705 1079 6 25 2 21 51 29 16 34 2731 50 223 470 7845 12 12 51 37 19 305 3 5 111 124 159 229 1 0 2 1 3 0 2 3 7 4 1 14 7 0 6 0 0 1 127 3 82 63 0 11 2 0 12 8 3 8 0 8 34 0 1 0 1 4 4 0 3 2 0 0 2 1 1 0 22 12 6 40 18 2 3 0 0 3 33 30 3 3 0 3 1 1 4 1 85 49 8 2 4 31 1 0 6 6 12 4 2 13 132 9 7 7 0 0
146 11 20 15 806 3874 172 32 33 35 59 1541 3 4 8 6 2 6 4 0 144 164 110 1 78 5 8 0 484 362 275 5731 5607 175 0 0 17 135 1 15 192 3 14 4 2 6 15 5 8 0 5 12 37 75 27 11 84 2419 2 0 17 5 2 18 2 5 142 12 15 10 0 666 281 49 1268 5 62 2 290 0 11 1 122 107 209 77 33 2 4 1 3 21 16 1 11 5176 256 99 45 4 12 24 29 19 30 158 2 4 46 58 124 227 1 0 2 0 9 0 1 6 6 3 2 35 18 7 25 0 1 0 145 1 124 285 0 28 1 3 58 25 4 15 0 11 30 1 0 0 2 5 11 1 1 1 0 0 5 3 2 0 28 20 3 32 70 7 4 2 1 3 49 44 5 13 0 4 5 4 10 1 193 149 23 7 4 138 0 0 1 9 21 2 4 17 82 9 21 15 0 7
96 19 21 16 424 1029 207 38 137 124 125 2077 10 16 11 14 19 45 36 9 424 612 503 44 345 53 38 13 594 352 202 5607 11225 4976 8 6 60 2441 9 123 388 9 49 189 8 49 378 6 3 3 5 32 81 125 50 18 220 2150 85 208 60 9 17 38 10 16 312 412 32 16 5 3392 2191 362 1896 14 360 12 430 0 16 6 185 229 479 243 203 7 21 4 28 34 20 5 36 4109 942 197 129 18 31 43 76 52 74 328 8 8 94 117 248 542 6 3 3 0 41 5 6 7 73 11 17 175 79 22 87 3 1 5 343 9 363 777 8 240 4 21 319 190 6 78 2 34 116 6 0 0 46 27 57 5 3 6 1 1 8 6 1 4 51 38 10 95 242 16 4 11 2 10 155 120 56 54 3 10 21 4 24 3 552 631 135 44 5 489 0 5 2 58 73 4 7 71 191 28 68 70 2 24
11 5 11 3 33 31 12 3 5 7 11 28 1 402 150 136 144 89 98 66 433 782 1069 104 446 153 183 92 364 146 101 175 4976 9798 201 398 2451 2377 56 356 494 27 129 1 2 28 1146 43 8 1 1 7 40 81 16 8 416 4605 1050 7656 103 27 31 85 57 2 330 1857 147 26 19 28 637 159 2216 41 47 3 11 0 21 1 106 163 375 247 298 3 12 1 36 18 6 8 62 839 11 20 143 68 2 5 5 4 7 25 1 1 10 7 25 57 14 3 2 10 32 3 13 10 87 18 16 71 45 6 43 3 8 2 26 2 54 206 4 118 11 22 194 169 11 67 8 2 30 3 2 0 74 22 45 2 1 1 1 2 1 1 1 2 1 6 1 13 55 11 4 10 5 8 18 26 43 52 8 13 6 1 26 5 91 188 59 31 0 155 1 0 2 11 16 3 9 29 20 3 24 18 2 16
0 0 1 0 2 2 1 0 1 2 1 2 0 6046 2044 342 304 124 186 130 3 8 60 1384 13 650 7102 317 181 4 15 0 8 201 7423 4283 696 98 21 1421 70 49 337 2 2 8 990 4 11 0 1 4 14 44 4 3 227 197 1187 343 27 6 12 144 22 0 329 555 19 5 1 1 5 21 50 3 2 0 2 0 4 0 29 104 27 74 7 2 5 0 15 7 1 1 55 8 0 0 54 43 0 0 1 0 0 1 0 0 0 0 0 2 53 14 2 37 27 56 65 6 145 221 147 3 5 13 14 4 27 17 0 0 1 2 0 6 53 13 12 104 1 70 2 1 15 5 0 2 35 2 7 1 2 0 0 0 0 1 0 0 0 1 0 0 1 13 1 14 4 1 0 0 1 3 0 4 0 0 5 0 1 6 47 1 1 10 0 0 0 0 0 2 2 0 3 0 0 0 0 2
0 0 2 0 0 1 1 0 0 1 0 1 0 6572 634 43 73 19 11 12 2 5 21 388 3 82 1859 454 67 3 18 0 6 398 4283 1378 952 50 58 186 32 25 232 0 0 5 1609 8 4 0 0 1 8 20 2 2 151 652 4128 819 10 4 33 223 111 0 151 868 64 5 1 1 1 5 81 4 0 0 2 0 0 0 8 40 8 27 1 0 4 1 15 2 1 3 53 6 0 0 18 40 0 0 0 0 0 0 0 0 0 0 0 0 6 2 0 2 5 5 10 2 21 13 14 2 0 2 3 0 2 0 0 1 0 0 0 1 5 2 4 11 0 12 0 0 1 1 0 0 9 3 1 0 2 0 0 0 0 0 0 0 0 0 0 0 0 2 2 2 0 0 0 0 1 1 0 2 0 0 2 0 0 0 13 1 1 2 0 2 0 0 0 1 2 0 0 0 0 0 0 0
5 1 10 1 18 34 8 2 0 2 1 31 6 3144 403 489 3329 383 789 576 47 92 500 211 77 447 326 145 287 117 70 17 60 2451 696 952 6667 5195 74 708 650 25 150 13 6 83 845 11 23 4 1 4 10 34 10 6 386 1070 1064 2511 299 15 70 157 68 3 232 816 90 8 6 8 16 74 452 20 2 13 7 0 7 2 38 77 68 82 26 4 12 1 67 18 2 13 70 155 2 10 41 77 1 1 0 1 2 4 1 4 6 0 2 9 79 11 2 65 82 6 60 8 431 64 95 46 23 16 64 5 39 33 5 1 6 32 1 64 80 74 206 382 11 236 4 1 20 12 1 1 216 17 114 2 0 0 1 1 0 2 1 0 1 1 0 3 16 65 7 45 14 6 6 4 37 98 8 12 2 0 19 5 11 129 92 20 4 129 2 2 2 13 1 5 14 5 11 6 13 13 4 10
19 7 10 4 99 113 41 9 10 13 11 118 423 68 100 342 2024 2102 9953 979 357 997 1497 344 737 997 288 68 394 231 111 135 2441 2377 98 50 5195 16873 100 1741 772 120 553 2134 223 1985 1699 45 46 114 5 28 17 83 17 17 308 933 329 486 1534 56 119 301 89 243 262 1139 128 36 61 375 4260 3146 907 67 123 194 253 13 70 81 116 177 433 285 304 59 198 115 435 57 11 26 322 947 38 35 167 46 5 14 16 7 28 37 2 18 17 15 43 86 346 62 61 235 480 148 490 173 1899 677 674 314 176 123 363 34 108 128 58 21 116 357 14 458 271 314 1293 2030 112 916 39 13 176 97 34 13 1064 340 356 32 34 7 3 12 7 5 4 18 9 10 11 13 128 206 97 162 74 193 83 37 185 356 100 180 4 17 480 79 176 760 1440 122 110 588 4 35 17 46 34 137 66 48 69 13 98 79 13 56
5 1 2 0 5 10 3 0 1 3 1 7 15 240 1334 1004 71 2248 66 67 7 19 63 312 23 18 1276 2989 185 22 21 1 9 56 21 58 74 100 13713 35 541 141 439 14 26 896 82 628 23 9 5 34 8 53 7 7 197 185 96 44 8660 302 311 1183 6002 20 270 180 7617 189 272 2 15 11 95 2442 3 0 2 0 93 1 36 88 35 73 6 19 144 15 1299 54 8 21 292 34 2 8 41 36 2 21 0 1 5 2 0 0 2 1 1 12 7 165 534 27 25 60 8 664 75 335 18 6 2 11 6 58 6 102 80 67 22 3 2 48 4 16 49 68 811 16 560 22 19 222 188 43 62 3516 9 25 27 4 2 14 6 0 1 5 1 2 1 7 50 10 1146 478 113 279 11 60 89 39 73 1625 3 10 1456 185 0 5 18 13 238 5 1 30 12 4 6 75 72 78 0 0 2 8 4 1
10 4 5 5 8 11 3 1 1 8 1 13 2 1083 957 192 851 87 505 522 132 1624 723 5450 5254 4449 3677 29 76 8 7 15 123 356 1421 186 708 1741 35 7311 382 366 823 125 9 27 1801 5 68 8 4 6 16 101 25 17 38 63 107 62 63 13 42 146 20 5 262 128 45 9 7 26 212 323 38 28 54 19 64 0 7 9 142 315 552 589 136 4 27 6 50 68 8 28 202 42 5 3 524 9 0 1 1 1 2 4 0 0 2 1 2 5 136 22 4 84 89 81 147 11 417 320 240 29 21 30 70 15 36 44 3 0 4 18 3 35 99 73 156 368 5 214 5 2 22 15 3 3 168 12 70 4 2 3 0 3 0 3 0 0 2 0 0 1 12 46 2 28 7 2 7 5 19 42 2 9 1 1 12 1 9 67 188 12 1 48 0 0 2 2 3 8 7 6 5 3 12 7 0 8
1349 803 1996 760 483 1289 159 824 25 684 47 939 23 1038 2369 1742 647 801 393 297 1005 917 6957 3787 243 1968 1138 524 343 295 726 192 388 494 70 32 650 772 541 382 7428 5378 1903 59 135 436 229 241 1751 78 261 306 38 65 951 2752 156 304 48 131 1113 342 148 177 105 19 175 175 518 488 295 123 182 185 811 549 134 3 68 3 604 17 1619 275 1685 218 108 315 1642 307 2250 2920 576 998 1232 901 58 67 156 76 14 13 30 14 24 142 6 1 33 56 104 153 41 19 19 27 34 19 28 27 116 85 35 46 36 8 41 2 8 20 89 12 96 277 4 127 21 23 180 142 37 73 13 14 32 16 11 3 56 122 38 35 63 1 3 19 24 6 14 17 18 22 6 28 88 23 49 33 30 23 35 29 41 54 83 98 10 25 159 27 181 193 62 23 67 196 9 16 72 9 22 122 62 18 66 14 30 24 4 18
7 2 12 2 4 6 6 10 1 10 1 8 6 60 194 342 42 155 74 43 21 172 1353 5323 119 201 321 117 27 5 5 3 9 27 49 25 25 120 141 366 5378 7745 5364 22 53 162 276 53 1289 15 11 9 3 9 7 47 17 23 31 7 424 32 27 34 42 8 37 39 307 35 26 4 22 21 23 347 5 1 4 0 21 1 24 41 52 38 18 14 244 163 1326 342 16 64 218 9 1 1 38 5 1 1 3 0 0 2 0 0 1 0 1 2 6 1 4 2 4 4 3 6 15 8 5 2 2 1 3 0 1 4 1 3 0 0 0 0 2 1 6 18 6 4 6 1 7 8 4 0 4 46 3 7 15 1 1 6 3 0 0 4 0 1 0 0 2 1 12 13 12 5 0 0 0 2 33 35 2 5 69 8 0 4 11 1 39 2 0 13 4 0 0 31 19 1 1 0 2 2 0 0
16 8 24 5 10 24 8 12 2 20 3 18 33 387 449 407 136 331 212 120 127 877 659 2774 698 352 1237 116 308 22 20 14 49 129 337 232 150 553 439 823 1903 5364 11103 145 186 519 1033 401 2471 126 51 32 27 146 42 55 184 114 208 27 1886 276 549 1394 600 40 595 275 2337 189 143 11 100 74 124 2162 15 5 31 1 97 5 176 334 480 492 86 57 2195 855 7161 784 84 400 6354 57 8 5 349 37 0 2 1 0 2 2 0 0 1 0 5 0 14 2 18 10 12 7 19 31 59 62 26 4 3 4 9 1 6 21 15 6 4 4 1 9 11 10 26 59 19 32 10 2 7 72 24 1 28 149 10 70 161 1 6 32 11 2 6 12 1 0 0 2 2 9 35 115 91 46 2 7 9 11 302 172 7 29 396 99 3 15 30 6 270 11 4 81 62 1 0 373 188 8 1 0 0 3 3 2
2 0 0 0 0 5 8 4 28 4 4 2 2311 2 2 1 12 150 7083 30 11 57 54 36 31 72 43 9 6 2 0 4 189 1 2 0 13 2134 14 125 59 22 145 9972 3205 742 55 18 7 878 0 95 4 1 4 2 1 3 7 0 106 22 33 46 11 357 4 10 19 20 43 411 2988 3459 4 8 3001 2044 5586 71 128 475 1 9 13 7 6 241 431 410 591 6 3 2 97 6 157 28 11 0 0 1 1 2 5 2 0 4 2 2 1 7 74 41 62 44 142 92 127 237 544 647 252 46 23 20 56 7 18 39 11 3 6 24 2 55 56 68 243 464 76 182 19 3 34 27 14 14 307 183 47 23 28 0 1 6 12 0 3 18 1 1 1 4 12 36 62 44 22 115 10 4 14 51 50 71 5 16 195 41 8 105 812 11 59 95 2 19 20 9 4 59 29 9 14 1 15 7 1 6
1 4 2 0 3 1 12 2 114 8 3 2 4119 4 4 2 4 14 316 4 7 10 8 22 10 5 27 10 7 2 1 2 8 2 2 0 6 223 26 9 135 53 186 3205 13839 3215 7 69 32 5083 11 113 9 2 11 6 4 3 4 0 22 116 69 36 22 3172 13 16 63 34 102 32 66 354 4 29 1388 2037 321 134 382 705 10 8 9 8 7 900 741 1617 3613 43 14 41 205 3 403 58 5 1 0 3 0 0 1 2 0 0 1 2 2 2 0 1 68 1 1 8 3 78 18 59 2 2 3 2 4 1 1 1 25 6 3 2 0 4 2 2 12 11 34 5 30 11 6 122 120 5 8 843 4 141 234 1 2 45 53 2 22 85 0 0 0 1 6 2 178 194 122 884 5 12 14 4 349 406 23 72 1522 269 0 4 18 3 438 3 12 284 183 0 0 714 214 11 0 1 1 2 0 3
1 0 1 0 4 4 1 0 1 0 0 5 2280 11 34 62 49 5661 2887 19 6 23 31 425 11 17 977 597 15 4 1 6 49 28 8 5 83 1985 896 27 436 162 519 742 3215 6239 21 40 24 99 2 7 1 2 2 4 11 7 7 2 3350 36 56 496 521 1798 15 14 101 21 40 18 184 96 14 71 7 8 31 1 42 19 4 11 12 9 3 55 150 147 973 30 4 12 255 41 2 2 8 0 2 20 1 1 13 4 0 0 0 2 2 9 14 108 1060 25 17 60 9 1098 104 535 36 6 6 8 10 47 3 83 48 36 17 7 1 31 8 13 75 71 653 15 474 26 16 172 226 81 85 4495 5 22 34 1 5 10 1 1 2 11 3 3 0 6 41 8 1200 355 83 1254 5 35 73 36 65 1179 2 10 1091 145 1 5 73 9 155 6 1 39 15 2 0 101 51 48 2 1 1 5 2 5
9 7 10 1 5 12 3 1 15 5 2 19 1 1617 385 65 211 37 70 55 38 250 156 1938 1555 660 1733 411 150 21 34 15 378 1146 990 1609 845 1699 82 1801 229 276 1033 55 7 21 6739 19 72 12 5 13 31 104 15 11 163 239 3409 326 69 22 146 601 231 6 545 2069 148 20 7 54 478 617 136 32 201 21 114 1 20 7 103 321 294 597 268 4 36 7 76 65 12 18 415 53 31 17 859 127 0 3 1 1 4 11 0 4 0 4 2 16 21 3 2 22 54 6 31 1 120 43 37 47 17 24 50 0 7 13 9 1 16 42 1 68 28 36 143 189 1 92 3 3 18 5 0 2 75 14 34 5 5 0 1 2 1 0 0 1 2 1 1 0 19 21 10 10 9 2 8 6 27 37 4 14 1 0 15 1 22 89 118 17 3 75 0 1 1 5 6 5 3 9 6 0 23 7 3 6
15 2 10 4 7 5 15 10 0 4 0 10 13 53 186 141 11 298 17 8 13 18 15 32 13 4 20 66 265 29 39 5 6 43 4 8 11 45 628 5 241 53 401 18 69 40 19 12468 133 364 15 35 19 26 14 23 297 203 30 10 246 6031 584 276 1749 10 216 245 6443 1013 2103 5 10 4 225 7920 3 1 4 1 415 13 54 61 37 45 4 943 9782 295 1912 108 31 102 797 36 0 3 26 40 0 3 0 1 0 1 0 0 1 1 0 2 0 3 2 3 4 7 4 5 13 8 3 1 3 2 12 2 5 4 19 16 1 0 0 4 5 5 6 14 8 12 5 14 8 97 34 0 8 11 7 337 893 8 11 135 35 8 16 95 1 1 0 0 5 5 3 85 279 32 2 20 15 9 897 94 36 175 536 95 3 3 7 2 576 5 21 210 455 3 3 1541 623 11 1 0 3 4 3 5
47 10 28 12 9 12 18 28 4 27 1 10 9 23 151 138 27 49 43 40 23 168 229 455 82 112 68 41 40 3 5 8 3 8 11 4 23 46 23 68 1751 1289 2471 7 32 24 72 133 7654 46 64 36 3 29 77 128 13 9 12 3 73 144 30 13 16 5 38 28 69 187 113 3 9 11 18 113 3 0 5 2 89 6 143 128 64 82 24 99 940 160 440 4584 218 2607 4953 15 2 3 32 2 0 0 0 0 0 2 0 0 0 0 2 0 0 0 1 0 3 1 3 4 8 8 5 0 0 0 2 0 0 0 1 0 1 3 0 0 5 1 3 12 5 3 1 0 1 14 2 0 3 2 1 27 59 1 0 5 11 1 2 23 0 0 0 1 0 1 1 5 19 3 1 0 0 5 70 16 2 22 39 8 4 3 8 0 48 2 3 20 50 0 0 123 50 1 1 0 1 2 0 0
3 1 5 1 0 0 10 3 83 8 4 4 374 0 3 3 7 8 80 8 3 10 14 6 15 4 0 5 8 1 2 0 3 1 0 0 4 114 9 8 78 15 126 878 5083 99 12 364 46 13634 21 767 7 5 11 10 6 2 1 0 12 273 112 8 18 673 11 6 174 75 134 47 51 455 3 140 976 524 271 990 936 5397 10 18 11 8 3 3174 2245 5280 822 43 9 24 295 1 323 46 8 0 0 5 0 0 1 1 0 0 0 1 0 1 0 2 3 1 1 6 1 14 4 9 4 2 2 0 4 2 3 0 21 6 2 1 0 2 1 1 5 6 4 5 3 6 8 63 21 1 8 10 3 203 469 9 6 77 157 18 86 207 3 0 0 1 3 1 5 89 146 44 3 7 3 4 414 68 42 132 439 76 0 0 7 3 347 1 57 522 455 1 1 1157 355 7 1 1 0 1 0 0
52 22 78 6 12 18 37 61 4 46 1 10 1 1 24 36 5 14 9 2 0 13 8 19 5 7 13 15 50 11 14 5 5 1 1 0 1 5 5 4 261 11 51 0 11 2 5 15 64 21 9634 10073 16 39 334 52 5 8 1 3 6 32 17 7 11 3 36 6 27 932 31 2 2 2 16 12 5 2 4 165 1231 44 176 114 21 23 13 52 104 16 58 5688 7518 325 117 19 4 21 20 4 1 0 0 2 1 4 0 0 4 4 2 4 0 0 0 0 0 1 1 2 2 2 0 1 0 1 2 0 0 0 1 0 5 5 0 2 1 0 4 0 0 2 0 2 1 0 1 0 0 1 0 7 8 1 0 3 478 78 486 97 2 0 0 0 2 0 1 1 3 7 2 1 0 1 2 0 7 11 5 1 4 3 2 0 6 7 64 23 64 0 4 12 7 1 5 0 1 1 0 1
197 68 211 36 31 60 123 229 19 154 6 42 20 8 10 15 8 24 13 0 2 6 9 6 8 6 16 18 184 38 44 12 32 7 4 1 4 28 34 6 306 9 32 95 113 7 13 35 36 767 10073 21840 36 138 566 45 41 20 2 0 16 66 39 30 43 139 55 17 151 1126 71 10 14 188 70 94 178 60 40 10065 6998 3000 405 240 52 58 34 1030 400 213 196 1869 7497 136 81 39 69 60 24 8 8 0 8 2 1 15 1 7 13 9 10 14 0 0 0 0 4 1 1 0 11 7 3 3 4 0 1 0 3 1 8 2 10 21 0 3 0 0 13 7 1 2 0 25 7 4 9 7 25 1 3 76 67 27 1 85 4654 639 5359 1658 43 1 0 3 13 0 0 11 12 29 25 3 3 1 32 3 339 223 77 6 19 19 36 1 19 93 1206 188 1917 4 33 291 116 2 22 5 0 1 0 4
674 152 483 81 125 156 1028 869 146 376 28 126 1 44 28 6 4 0 0 0 4 10 7 10 15 5 52 58 2070 204 139 37 81 40 14 8 10 17 8 16 38 3 27 4 9 1 31 19 3 7 16 36 7133 7268 3971 4 89 43 7 6 5 14 98 74 78 5 95 82 61 18 8 105 17 53 172 11 83 9 38 0 21 11 681 1003 24 24 137 2 8 0 9 54 28 10 54 140 234 4181 78 36 2 1 18 7 5 54 2 4 24 45 47 46 0 1 0 0 0 0 0 1 3 0 0 8 4 0 4 0 2 1 17 1 22 35 0 9 0 2 14 7 0 1 1 2 8 0 0 0 0 1 5 0 0 0 0 0 1 0 3 0 6 1 2 6 8 1 1 0 1 0 3 8 0 1 0 1 0 0 3 0 23 29 9 2 0 22 0 0 0 2 3 2 0 1 34 3 4 3 0 2
1027 301 819 162 196 306 968 1015 70 556 19 227 0 135 78 11 15 10 3 0 12 30 18 29 101 25 183 201 7470 366 319 75 125 81 44 20 34 83 53 101 65 9 146 1 2 2 104 26 29 5 39 138 7268 10277 1021 19 313 101 27 18 25 48 313 270 216 0 1775 281 243 76 27 64 39 53 610 32 42 0 29 3 93 2 2628 4846 64 118 543 23 51 9 38 207 90 49 242 320 51 2634 316 113 5 3 11 12 8 69 5 2 30 38 52 76 1 0 0 0 5 0 2 2 9 3 0 16 10 2 15 0 0 2 57 4 34 98 1 25 1 3 34 19 1 5 5 3 21 1 1 0 7 4 10 1 4 1 0 0 2 1 4 2 6 7 1 13 24 3 1 2 1 1 10 18 2 7 7 3 1 0 9 1 70 85 14 5 3 40 1 1 3 4 11 6 3 6 22 8 8 9 0 2
362 92 298 58 58 86 433 470 65 212 24 92 1 19 22 10 4 2 2 1 10 11 6 16 25 7 41 39 604 77 67 27 50 16 4 2 10 17 7 25 951 7 42 4 11 2 15 14 77 11 334 566 3971 1021 17691 364 29 12 4 3 8 30 54 49 26 1 95 30 40 219 42 73 15 31 117 9 79 8 19 3 369 7 4496 690 79 68 78 54 104 5 21 1711 467 192 96 84 160 1416 53 15 2 1 6 4 2 37 3 2 12 16 21 23 0 0 0 0 3 0 0 2 1 1 0 4 1 0 4 0 1 0 14 0 13 26 0 8 0 0 8 7 0 0 0 0 4 1 1 0 3 0 2 3 4 0 0 1 19 3 21 4 4 4 0 1 6 0 0 1 1 0 5 5 1 4 2 1 0 5 2 0 23 12 4 2 1 16 5 0 9 2 5 11 4 4 18 4 2 0 0 1
167 62 186 44 27 101 33 144 10 71 8 51 0 9 13 12 0 5 5 0 527 53 5 35 24 11 16 8 40 26 51 11 18 8 3 2 6 17 7 17 2752 47 55 2 6 4 11 23 128 10 52 45 4 19 364 2457 13 17 1 0 18 42 27 15 13 0 45 16 27 87 67 10 11 9 72 23 7 0 4 0 135 0 6003 199 2365 83 41 60 194 24 83 541 139 191 161 52 6 14 39 13 0 1 0 4 4 12 0 0 4 4 16 9 2 0 0 0 1 1 0 0 3 0 1 1 4 0 4 0 0 1 7 0 6 20 0 7 0 0 11 4 0 6 0 1 4 2 1 0 1 3 1 3 10 0 0 0 5 0 3 4 0 0 0 2 2 1 0 1 3 0 3 3 4 2 8 2 1 2 5 0 14 12 3 0 5 11 1 0 17 1 2 7 5 1 6 1 2 1 0 2
72 94 61 129 525 371 21 8 6 41 11 164 1 957 700 94 138 35 14 6 58 88 45 32 155 11 269 703 3176 3700 8818 84 220 416 227 151 386 308 197 38 156 17 184 1 4 11 163 297 13 6 5 41 89 313 29 13 8594 444 128 159 48 205 724 341 524 0 4441 1616 985 172 54 81 64 60 6652 91 28 1 34 0 49 1 159 470 151 804 2591 4 52 6 85 39 18 40 386 2819 42 22 1662 5098 4 5 10 5 6 52 1 1 20 24 37 97 2 6 8 0 2 1 2 8 13 13 4 25 13 4 14 1 0 2 58 3 57 91 1 28 2 3 34 16 13 15 6 5 18 4 9 0 4 22 9 5 4 0 0 0 1 0 1 3 8 12 1 12 19 1 7 11 6 4 11 19 6 5 9 19 1 1 20 3 62 82 11 7 13 46 0 0 2 2 6 13 5 15 48 5 7 3 0 1
12 6 7 4 26 24 8 6 4 6 12 65 1 1083 643 177 215 56 35 17 436 849 624 45 360 27 224 342 326 65 115 2419 2150 4605 197 652 1070 933 185 63 304 23 114 3 3 7 239 203 9 2 8 20 43 101 12 17 444 7780 3285 2195 97 110 129 99 198 2 383 3526 613 99 51 199 327 114 7256 101 52 2 71 0 42 0 129 182 506 262 167 4 30 5 46 19 12 11 111 461 32 11 200 141 6 5 4 2 9 25 0 0 6 8 33 63 6 4 10 3 2 4 1 25 13 20 8 25 9 7 22 2 3 2 37 10 35 116 3 40 6 5 69 33 29 25 13 0 16 5 4 1 17 36 11 3 3 1 0 2 2 4 0 3 6 3 2 16 30 6 15 14 6 5 17 15 13 15 11 19 3 1 26 2 64 80 15 9 12 64 0 2 0 5 10 7 10 15 13 1 11 4 1 3
0 0 3 2 0 0 0 0 1 1 0 0 0 1724 329 39 92 11 14 8 4 10 21 225 4 29 775 572 91 5 14 2 85 1050 1187 4128 1064 329 96 107 48 31 208 7 4 7 3409 30 12 1 1 2 7 27 4 1 128 3285 2052 3564 16 15 71 212 202 0 139 1594 161 15 5 7 63 44 101 17 22 1 7 0 5 0 12 41 11 31 3 1 10 1 24 6 0 6 93 13 5 1 27 38 0 0 0 0 0 2 0 0 0 0 1 1 3 0 0 2 9 2 9 4 11 6 12 9 3 1 5 1 2 1 0 0 0 3 0 7 4 4 15 32 2 16 2 0 0 2 1 0 3 7 5 0 2 0 0 1 0 0 0 0 0 1 0 1 1 4 2 2 2 1 1 1 1 3 0 1 0 0 6 1 3 8 12 3 2 6 0 1 0 0 1 1 3 2 0 0 3 0 0 0
1 1 1 1 0 3 0 0 1 2 0 3 0 1375 274 98 85 19 9 4 17 27 79 25 9 16 96 101 96 16 30 0 208 7656 343 819 2511 486 44 62 131 7 27 0 0 2 326 10 3 0 3 0 6 18 3 0 159 2195 3564 2142 20 8 18 17 36 0 93 1398 101 6 6 0 9 9 249 14 0 0 1 0 5 0 6 22 18 14 12 0 3 1 5 4 1 2 15 11 0 1 12 29 0 0 0 1 0 0 0 0 0 0 0 0 4 4 0 1 5 1 4 3 11 9 3 2 0 0 4 0 1 0 1 0 0 1 0 2 5 1 5 11 6 10 1 0 1 1 0 1 3 1 1 1 0 0 1 0 0 0 1 0 0 0 0 0 0 0 0 1 0 2 0 0 1 2 1 3 0 0 8 0 1 4 5 2 3 3 0 1 0 0 1 0 1 0 0 0 1 0 0 1
10 1 4 0 13 16 2 3 0 6 2 11 113 51 238 289 143 4494 334 108 21 68 97 1133 43 49 2387 758 68 26 16 17 60 103 27 10 299 1534 8660 63 1113 424 1886 106 22 3350 69 246 73 12 6 16 5 25 8 18 48 97 16 20 15725 144 308 2374 903 216 73 68 2065 62 140 10 128 56 88 4083 5 4 16 1 85 1 37 36 53 58 10 30 181 27 3150 116 23 32 940 109 1 6 30 8 1 25 0 2 10 9 1 1 1 3 2 11 32 238 876 42 18 132 9 725 209 776 34 8 6 8 13 52 12 158 68 47 31 9 1 43 11 12 101 120 874 39 636 20 24 248 286 81 118 2862 16 66 62 2 6 39 5 4 3 7 4 5 1 4 81 9 550 515 104 456 7 32 101 45 169 1358 7 19 1422 194 2 25 52 10 313 15 5 46 12 1 5 163 89 56 4 2 7 9 1 3
11 5 11 5 5 10 5 11 0 16 3 8 23 29 91 118 8 192 23 5 14 66 23 37 41 13 14 39 228 24 16 5 9 27 6 4 15 56 302 13 342 32 276 22 116 36 22 6031 144 273 32 66 14 48 30 42 205 110 15 8 144 25080 8472 193 633 10 229 122 3281 8551 2503 5 8 3 111 1773 3 2 1 3 725 32 72 125 46 70 18 387 4593 474 1432 241 178 645 4204 22 3 8 38 28 1 3 0 1 0 3 0 0 0 2 0 0 2 2 2 1 3 4 4 7 4 5 3 5 3 5 8 1 5 2 21 3 2 2 0 2 4 1 6 9 8 19 1 17 9 81 17 0 10 17 12 606 1016 18 25 98 127 20 60 289 0 1 0 1 2 2 4 68 263 23 10 14 13 9 482 59 78 389 330 49 1 1 11 9 309 11 48 132 916 2 2 1529 868 6 0 0 0 6 3 4
13 4 16 7 7 7 7 8 1 8 0 7 14 82 186 123 60 137 38 17 58 219 35 39 178 28 86 49 891 16 55 2 17 31 12 33 70 119 311 42 148 27 549 33 69 56 146 584 30 112 17 39 98 313 54 27 724 129 71 18 308 8472 12571 5038 4206 10 1524 230 7045 1781 309 5 24 22 120 974 6 0 10 1 191 11 196 602 277 434 37 104 2810 347 1902 68 88 184 4096 20 2 7 293 86 0 1 0 0 1 0 0 0 1 1 0 1 6 4 4 4 3 3 6 8 19 11 13 3 3 1 4 1 3 3 9 3 1 0 0 1 7 4 8 21 4 11 2 6 7 32 7 0 10 25 9 91 235 1 2 19 30 0 6 33 0 0 0 1 1 2 8 29 79 10 3 7 5 3 232 46 9 60 165 24 2 2 4 2 155 5 5 59 115 0 1 386 193 4 1 0 1 1 2 0
11 11 19 6 14 20 4 14 3 12 2 16 3 459 402 196 82 196 101 45 92 511 55 103 495 69 1083 389 423 27 42 18 38 85 144 223 157 301 1183 146 177 34 1394 46 36 496 601 276 13 8 7 30 74 270 49 15 341 99 212 17 2374 193 5038 10701 8752 8 1082 377 4920 123 62 10 54 48 86 866 9 4 13 0 45 0 243 653 519 748 69 8 107 28 3036 41 16 20 2490 35 4 1 636 104 0 2 1 1 0 0 0 0 0 0 1 2 10 6 12 13 9 6 10 21 46 36 12 8 2 1 10 4 6 3 4 3 2 8 1 8 13 7 21 37 16 32 14 3 5 26 32 1 11 218 5 18 17 2 2 3 2 2 0 3 1 0 0 1 6 10 74 57 26 36 1 6 11 2 51 159 2 9 249 48 3 19 9 5 79 6 0 11 7 1 0 42 28 2 0 0 0 3 0 1
8 7 13 4 5 12 2 6 0 6 1 4 3 382 700 183 42 192 33 13 27 81 14 49 86 14 1397 1718 475 24 56 2 10 57 22 111 68 89 6002 20 105 42 600 11 22 521 231 1749 16 18 11 43 78 216 26 13 524 198 202 36 903 633 4206 8752 12003 3 976 418 13837 468 139 2 12 12 110 599 9 0 4 0 78 1 148 390 166 427 20 12 138 39 597 31 29 43 971 17 3 5 304 131 0 2 0 0 2 1 0 0 0 1 0 1 6 14 65 5 7 5 8 100 44 42 15 3 1 5 6 2 5 11 8 12 4 4 0 13 7 9 19 23 71 15 77 7 3 57 51 2 13 670 5 25 38 0 1 8 0 3 3 6 1 1 0 0 11 12 246 88 39 68 0 9 18 13 92 288 3 13 407 58 5 4 8 2 128 4 1 15 13 0 0 94 47 12 1 0 1 2 4 0
0 0 1 0 1 1 4 1 30 2 2 4 2435 0 2 1 2 169 313 1 4 11 5 5 5 2 8 4 4 2 0 5 16 2 0 0 3 243 20 5 19 8 40 357 3172 1798 6 10 5 673 3 139 5 0 1 0 0 2 0 0 216 10 10 8 3 670 2 10 14 5 18 10 52 608 6 5 502 886 70 130 82 462 4 1 4 5 4 78 81 157 1282 2 1 3 40 8 216 34 1 1 0 1 0 0 0 1 0 0 0 1 0 0 1 4 111 1 5 5 1 95 18 81 2 0 2 0 1 1 0 6 3 5 1 0 0 1 0 0 8 10 35 1 27 3 3 13 20 10 12 129 1 4 13 0 0 2 7 2 4 5 0 1 1 0 3 0 38 21 10 494 0 2 0 0 30 40 1 9 152 30 0 1 46 0 30 0 0 17 14 1 0 49 22 3 0 0 1 1 0 0
454 306 711 280 214 466 51 238 10 373 44 447 2 803 521 75 55 20 10 7 26 111 35 101 548 69 920 1154 3403 1022 1066 142 312 330 329 151 232 262 270 262 175 37 595 4 13 15 545 216 38 11 36 55 95 1775 95 45 4441 383 139 93 73 229 1524 1082 976 2 7263 1771 1237 219 55 145 102 138 3413 131 111 3 72 0 56 3 695 5609 548 2884 3492 17 129 23 178 118 49 88 998 867 48 24 1792 1070 3 13 17 8 18 95 3 0 21 33 64 127 4 2 4 3 7 2 4 6 13 8 1 47 19 6 24 1 2 0 70 7 100 154 3 51 0 6 84 40 5 19 5 5 24 9 4 0 13 23 18 4 7 1 1 1 0 1 0 0 12 13 2 18 57 4 8 7 4 6 42 27 15 10 11 14 0 2 34 7 101 143 22 12 10 108 2 6 8 7 12 17 5 18 43 8 9 18 4 3
8 9 16 2 6 8 6 14 28 14 0 9 0 1409 764 113 156 34 19 15 42 103 107 206 48 38 859 863 801 48 436 12 412 1857 555 868 816 1139 180 128 175 39 275 10 16 14 2069 245 28 6 6 17 82 281 30 16 1616 3526 1594 1398 68 122 230 377 418 10 1771 8277 697 106 44 47 540 901 917 108 288 22 116 0 46 4 151 546 148 664 1147 8 29 6 60 37 12 11 235 50 62 22 606 1298 2 0 2 0 4 8 0 2 0 4 3 14 5 3 2 2 20 6 5 11 27 12 2 54 22 11 47 0 1 0 9 2 20 42 4 57 3 15 122 76 9 24 3 3 36 3 2 1 19 21 12 1 6 0 0 2 0 0 3 0 1 1 0 3 13 8 7 6 5 7 7 3 7 12 8 9 2 3 21 8 23 92 147 13 8 39 1 5 3 9 6 9 5 4 3 0 9 11 0 8
14 8 18 7 13 20 5 6 1 14 2 21 6 295 1578 725 66 696 39 23 31 108 41 197 82 30 179 408 964 87 84 15 32 147 19 64 90 128 7617 45 518 307 2337 19 63 101 148 6443 69 174 27 151 61 243 40 27 985 613 161 101 2065 3281 7045 4920 13837 14 1237 697 8775 1902 881 7 15 17 500 7636 5 0 7 1 413 3 152 396 184 333 27 69 1172 224 1721 134 75 156 2549 65 2 12 209 157 1 14 0 0 2 3 0 0 0 0 0 2 14 9 10 10 10 9 20 28 52 31 15 7 4 3 14 4 6 12 38 16 5 9 0 10 11 11 21 65 36 39 18 14 14 218 137 0 27 245 16 195 336 4 7 93 24 9 2 35 2 3 0 4 9 13 41 300 240 153 2 27 25 14 730 659 20 82 1303 259 3 9 15 7 802 15 2 130 86 3 1 773 367 16 1 0 2 7 3 3
74 24 95 21 13 21 41 73 2 45 1 21 9 23 71 98 8 136 14 8 11 52 18 36 23 13 24 33 199 23 17 10 16 26 5 5 8 36 189 9 488 35 189 20 34 21 20 1013 187 75 932 1126 18 76 219 87 172 99 15 6 62 8551 1781 123 468 5 219 106 1902 5874 1788 5 6 6 112 712 7 0 4 9 2220 75 252 182 68 84 23 520 1354 186 751 1159 1779 1563 1376 33 2 16 41 21 1 2 0 0 0 3 0 0 0 0 5 4 0 0 0 3 2 1 0 3 3 7 4 3 0 0 6 0 3 4 5 3 3 3 0 1 0 0 4 6 4 10 0 16 5 30 10 1 7 6 3 217 294 3 5 56 231 25 146 286 5 1 0 1 3 0 0 20 70 7 2 2 2 2 129 24 95 263 122 16 2 6 5 1 82 12 135 53 996 1 1 583 259 3 2 0 0 1 0 1
22 13 25 1 4 19 12 36 3 25 1 14 26 3 49 62 4 145 32 6 2 12 17 19 10 4 14 34 71 11 20 0 5 19 1 1 6 61 272 7 295 26 143 43 102 40 7 2103 113 134 31 71 8 27 42 67 54 51 5 6 140 2503 309 62 139 18 55 44 881 1788 5458 9 10 10 52 1168 5 4 5 11 4402 112 91 70 22 32 13 844 3631 226 1420 244 96 258 453 24 4 4 20 11 0 0 0 0 0 2 0 2 0 0 0 3 0 1 3 2 1 2 1 4 1 5 3 2 1 1 5 0 1 1 5 3 3 1 0 3 3 0 1 1 5 6 2 12 3 20 9 4 6 10 2 340 437 14 6 69 237 29 165 370 3 0 0 0 1 0 1 19 66 23 4 3 0 4 104 22 126 431 141 19 1 2 4 2 66 11 145 82 1617 1 1 759 353 2 1 1 1 2 0 1
