18061 4328 10596 5219 2390 721 4847 6411 30 2342 328 911 0 0 3 3 0 2 1 0 137 28 3 2 3 1 2 10 6527 7209 424 105 25 0 0 0 6 4 5 2 2852 2 8 1 5 4 4 6 32 13 55 328 1224 973 364 368 70 10 0 1 2 9 10 1 10 2 339 13 18 35 19 25 2 17 21 3 8 2 6 17 176 16 1350 529 1387 375 8 49 36 7 15 542 193 29 33 240 28 3730 23 12 1 5 18 9 2 36 0 0 3 0 22 5 0 0 0 0 0 0 0 0 1 0 0 9 2 0 2 0 0 0 9 1 37 14 1 12 0 0 5 3 0 0 0 4 13 0 0 0 0 1 0 2 6 0 0 1 4 1 4 5 11 0 1 1 30 1 0 1 1 0 3 3 13 2 0 0 5 0 3 0 19 25 1 0 1 23 1 6 8 2 3 5 1 17 4 1 3 4 0 0
4328 6352 1739 4722 1673 95 5 15 6 28 160 100 0 0 0 0 0 0 0 0 28 2 0 0 2 1 0 0 84 3756 151 12 2 0 0 0 0 1 0 0 367 0 0 0 0 0 1 0 1 0 3 8 21 26 11 11 36 2 0 0 1 0 0 0 1 0 35 1 1 0 2 4 1 2 1 0 1 0 0 1 3 0 96 66 277 120 0 1 0 0 1 14 2 0 1 14 8 16 3 1 1 5 4 8 1 14 0 0 2 1 6 5 0 0 0 0 0 0 0 0 0 0 0 4 0 1 1 0 0 0 1 0 16 9 0 3 0 0 4 0 0 0 0 2 3 0 0 0 0 0 0 0 0 0 0 0 1 0 0 0 1 2 0 2 7 0 0 0 0 0 4 2 6 0 0 0 1 0 0 0 8 10 0 0 0 13 0 0 0 1 0 0 0 7 6 1 0 0 0 0
10596 1739 22893 8216 386 3795 323 5558 26 5381 1023 9700 0 1 0 0 1 3 0 1 192 33 2 2 3 0 3 1 991 1356 73 16 0 0 0 2 3 0 2 4 2808 4 6 0 5 1 1 5 9 10 36 143 452 437 182 293 156 7 1 1 7 0 2 4 9 0 365 4 4 15 9 10 4 20 16 0 6 0 3 5 100 11 1058 607 2019 722 6 22 23 1 5 247 87 20 17 46 56 414 33 9 12 4 53 22 8 68 0 1 14 9 31 13 0 0 0 0 0 0 0 0 0 0 0 10 1 0 1 0 0 0 16 2 55 21 0 18 0 1 14 2 0 0 0 1 11 0 0 0 0 0 0 0 1 0 0 0 3 1 5 1 13 2 1 7 35 1 1 0 0 1 6 6 20 3 0 1 3 0 1 0 31 35 4 2 1 20 0 1 4 2 7 2 1 25 18 2 11 2 0 0
5219 4722 8216 28704 10352 6677 25 67 15 151 271 1861 0 0 0 0 0 1 0 2 245 62 1 0 4 0 1 1 414 2888 1596 33 7 1 1 0 4 0 0 0 1135 3 1 0 2 1 0 1 1 0 4 26 80 93 47 116 229 7 0 1 0 2 0 0 2 1 119 3 6 2 2 8 0 18 22 0 12 0 7 1 10 3 352 292 1358 548 2 5 3 0 1 27 4 0 4 87 64 32 41 2 5 14 123 20 3 84 0 0 11 10 45 27 0 0 0 0 0 0 0 0 2 0 0 12 0 0 5 0 0 0 17 1 63 42 0 12 0 1 9 3 0 0 0 3 30 0 0 0 1 1 0 0 0 1 0 0 3 5 1 2 9 5 2 6 42 1 0 0 0 0 14 3 28 0 0 0 0 0 0 0 38 40 4 2 2 27 1 0 2 4 10 0 2 37 18 2 5 2 0 0
2390 1673 386 10352 19293 10403 174 73 29 78 605 3734 0 1 1 2 4 2 2 5 605 271 5 0 20 0 1 5 2414 16781 10125 1560 247 0 0 0 9 18 7 2 1164 2 11 5 2 2 2 11 3 3 10 37 196 195 66 113 2001 23 0 0 5 37 15 6 9 2 239 4 41 27 5 206 40 33 146 1 68 0 60 4 30 3 443 505 1710 870 3 9 8 2 5 79 40 5 12 3919 179 279 138 313 14 7 47 26 6 69 1 0 10 6 44 29 0 0 0 0 0 0 0 1 1 0 0 18 3 1 3 0 0 0 25 2 86 55 0 31 0 0 18 4 3 2 0 7 21 0 0 0 0 2 0 1 3 2 0 1 1 6 1 3 13 6 0 10 63 0 0 3 0 0 15 13 27 1 0 2 2 0 0 0 77 54 5 2 0 40 1 0 1 6 13 0 2 46 20 5 13 6 0 0
721 95 3795 6677 10403 14992 48 213 54 1161 1068 22028 0 0 0 1 7 3 8 0 492 206 12 0 13 0 1 1 238 1034 402 3831 1340 11 0 0 22 75 0 1 862 0 2 16 1 1 3 11 2 0 4 15 52 75 36 72 74 42 1 1 1 16 4 2 2 2 74 3 23 14 7 321 159 39 29 4 75 1 174 0 14 0 226 307 957 423 2 2 5 0 4 26 12 1 9 2251 277 76 58 2 21 17 84 30 12 93 1 1 10 9 47 18 0 0 0 0 0 1 0 0 0 0 0 10 7 1 4 0 0 0 24 1 105 76 0 26 0 1 7 5 1 1 1 4 25 0 0 0 1 2 2 0 1 2 0 0 4 7 0 7 18 5 1 4 51 0 1 1 0 0 16 5 45 4 0 2 4 0 1 0 70 60 3 1 0 52 1 0 2 4 13 0 2 43 22 0 16 6 1 0
4847 5 323 25 174 48 3792 5209 1194 3934 219 168 1 0 0 3 0 0 0 1 11 8 0 1 0 0 0 1 1354 472 37 14 2 1 0 0 2 2 2 0 221 0 0 0 4 0 2 1 6 3 19 96 582 291 111 59 7 1 0 0 0 3 2 2 5 0 42 0 6 13 3 4 2 3 5 0 6 1 0 6 53 7 225 44 86 16 2 8 5 3 3 166 41 7 7 58 41 6944 6 6 0 0 1 3 0 1 0 0 0 0 0 0 0 0 0 0 0 0 0 0 0 0 0 0 0 0 0 0 0 0 0 0 2 2 0 0 0 0 0 1 0 0 0 1 3 0 0 0 0 0 0 0 0 0 0 0 0 0 2 0 1 0 0 0 1 0 1 0 0 0 1 0 2 0 1 0 1 0 0 0 1 4 0 0 0 2 0 0 2 0 0 0 1 2 0 0 1 0 0 0
6411 15 5558 67 73 213 5209 18741 1188 28949 301 1087 0 1 0 2 1 3 0 0 28 4 5 2 5 1 1 6 538 121 17 5 4 0 0 0 0 1 5 4 1067 4 6 0 7 3 2 3 32 12 69 333 1362 784 334 242 9 3 0 0 7 4 0 6 10 1 108 4 4 24 17 2 2 6 16 1 2 0 1 14 177 15 854 248 515 81 4 59 34 5 9 482 177 29 38 18 6 4799 9 13 0 0 0 1 0 2 0 0 2 0 1 1 0 0 0 0 0 0 0 0 0 1 0 1 3 0 0 0 0 0 0 0 5 2 1 1 0 0 2 0 0 0 0 0 1 0 0 0 0 0 0 3 2 0 0 1 4 2 10 6 1 0 0 0 3 0 1 0 1 0 0 1 4 3 1 2 1 3 2 0 1 3 5 0 1 3 0 4 7 0 0 3 1 2 2 0 0 0 0 0
30 6 26 15 29 54 1194 1188 1699 2852 531 213 25 0 0 0 0 0 0 0 57 82 12 0 21 0 0 1 22 18 6 102 50 1 0 0 0 1 1 2 30 2 0 19 65 4 3 0 1 16 2 15 108 30 45 8 6 40 0 0 0 0 0 2 4 21 11 4 0 2 2 203 5 46 46 0 562 21 43 10 15 34 22 14 50 12 5 41 5 3 2 22 5 3 0 112 6048 2332 9 0 0 1 2 2 0 2 0 0 1 0 0 1 0 0 0 0 0 0 0 0 0 0 0 0 0 0 0 0 0 0 1 0 7 3 0 2 0 1 0 0 0 0 0 1 2 0 0 0 0 0 0 0 0 0 0 0 1 0 1 2 0 0 0 0 2 1 1 0 1 0 2 0 0 0 0 0 1 0 0 0 1 5 1 0 0 3 1 0 0 1 2 2 2 1 2 0 1 0 0 0
2342 28 5381 151 78 1161 3934 28949 2852 23721 25098 16132 0 0 0 2 0 6 1 1 58 15 3 4 6 2 0 4 250 146 14 19 6 0 1 0 1 2 1 2 750 6 5 0 11 7 3 0 22 17 54 211 798 480 237 167 17 8 0 1 7 0 9 4 8 5 131 7 2 28 12 20 2 18 17 1 14 2 5 18 119 14 639 249 495 98 7 54 35 2 9 393 153 19 26 19 598 3616 6 9 2 2 11 9 1 20 1 0 1 2 7 7 0 1 0 0 0 0 0 0 0 1 0 5 0 0 0 0 0 0 4 1 17 16 0 6 0 2 7 2 0 1 0 1 8 0 0 0 0 2 0 3 2 0 0 1 6 4 9 6 5 2 0 0 15 0 0 1 0 0 2 2 15 3 2 0 3 0 4 2 10 9 2 1 3 11 6 3 7 3 3 5 0 6 2 1 3 1 0 0
328 160 1023 271 605 1068 219 301 531 25098 7496 10545 0 0 1 2 0 0 1 0 147 61 11 0 5 0 0 1 59 224 64 85 106 0 0 1 2 1 0 0 254 0 0 1 1 0 2 0 1 1 6 27 66 47 31 28 12 13 0 0 0 1 0 1 0 3 24 1 0 6 3 375 7 18 15 2 138 2 63 1 12 0 101 81 232 58 2 7 2 0 2 27 17 0 2 66 2947 738 22 2 8 19 42 28 5 73 1 0 16 6 48 30 0 1 0 0 0 1 0 0 0 0 0 9 0 0 1 0 0 0 17 1 68 44 0 33 0 1 5 1 0 1 0 4 17 0 0 0 0 1 0 0 0 2 0 0 2 5 0 2 11 3 0 3 40 0 0 0 0 0 21 3 27 4 0 3 4 0 0 0 59 27 0 1 0 41 1 0 1 4 9 1 3 33 22 5 10 2 0 0
911 100 9700 1861 3734 22028 168 1087 213 16132 10545 33453 1 0 2 2 1 0 1 0 604 266 5 0 17 0 0 0 255 828 297 4098 2376 2 0 0 8 9 0 1 1234 1 1 2 4 0 3 2 5 3 7 43 149 133 66 93 56 50 1 1 0 3 1 4 1 0 94 1 9 10 3 507 41 39 44 1 148 0 117 2 25 2 377 339 1195 466 0 5 5 1 6 102 33 8 9 598 1765 292 77 4 24 33 80 59 10 148 1 0 25 18 72 44 0 2 0 0 0 1 0 1 2 0 0 27 3 0 6 0 0 0 37 3 149 80 0 42 0 1 15 4 0 0 0 6 45 0 0 0 1 2 0 0 1 3 0 0 3 11 0 6 20 7 3 11 80 0 0 0 0 0 21 6 52 2 0 0 10 0 0 0 110 66 3 3 0 82 0 0 1 8 22 0 7 63 31 10 14 10 1 0
0 0 0 0 0 0 1 0 25 0 0 1 4898 0 0 5 56 630 3706 142 0 5 0 2 1 0 3 7 2 0 0 1 1 0 2 0 1 117 3 2 24 16 44 6853 3855 2992 3 4 6 112 0 20 1 1 3 1 2 0 0 0 2 4 4 19 50 4121 1 0 24 8 9 24 24 1952 5 3 924 520 157 28 13 60 3 1 3 0 0 84 57 24 231 7 0 6 39 0 215 5 2 0 1 0 0 0 0 0 0 0 1 0 0 0 0 5 14 0 0 1 0 65 2 11 0 0 0 0 1 2 0 3 1 1 0 0 0 0 0 0 1 2 187 0 20 1 0 5 1 0 5 189 0 2 7 0 0 0 1 2 1 2 0 0 0 1 1 0 60 43 26 35 3 1 4 1 8 107 3 1 16 10 0 2 0 0 23 0 0 10 8 0 0 17 6 0 0 1 1 0 1 0
0 0 1 0 1 0 0 1 0 0 0 0 0 2973 11203 212 7 42 16 104 1 4 32 18 2 10 1390 381 24 2 1 0 4 3 2519 4310 36 6 19 429 48 5 12 1 0 1 32 0 0 0 0 0 2 4 0 0 23 83 899 191 0 3 3 4 17 1 16 43 16 2 0 0 5 130 77 1 4 0 2 0 0 0 1 6 6 3 0 1 0 0 0 2 0 1 1 1 1 0 6 5 0 0 0 0 0 0 0 0 0 0 1 0 0 0 1 0 2 0 2 3 8 0 0 1 0 3 0 1 0 0 0 0 0 1 0 3 0 8 7 14 0 4 0 1 1 0 0 0 4 0 2 0 0 0 0 0 0 0 0 1 1 0 0 0 1 3 0 0 1 0 0 0 2 2 0 0 0 0 0 0 0 6 0 0 0 0 0 0 0 0 1 0 0 0 0 0 0 0 0 0
3 0 0 0 1 0 0 0 0 0 1 2 0 11203 24903 11924 278 875 21 590 22 27 716 125 12 60 1606 2383 246 61 52 0 5 2 2501 11198 2003 14 360 294 955 60 111 1 7 12 56 16 49 3 1 1 27 19 5 6 279 1023 575 180 14 49 67 22 360 6 145 333 340 34 7 2 15 216 1037 2 9 0 3 0 8 0 19 55 35 51 6 6 16 4 19 71 2 30 115 34 1 2 51 64 1 0 1 0 0 0 0 0 0 0 0 0 0 1 0 0 1 0 1 10 3 10 1 0 1 1 0 1 0 3 1 0 0 1 0 9 0 2 10 7 16 6 2 0 3 2 0 0 6 7 5 1 1 0 0 0 0 0 0 2 1 0 0 0 2 4 2 3 2 0 0 0 0 3 1 4 0 2 5 2 0 5 2 2 5 1 0 1 5 0 0 2 2 1 0 0 0 0 0 0
3 0 0 0 2 1 3 2 0 2 2 2 5 212 11924 22359 44 6463 4586 475 17 44 769 541 33 279 2164 4888 271 63 29 2 3 0 265 508 130 15 1696 512 1582 257 433 5 9 44 88 23 117 6 0 4 23 35 14 15 234 548 176 46 47 69 116 159 449 11 196 154 456 48 10 0 12 198 680 8 9 0 6 0 5 1 16 41 20 51 6 31 61 11 42 178 10 58 254 33 3 3 48 40 0 0 0 0 0 0 0 0 0 0 0 0 0 21 6 1 3 11 1 61 5 58 3 2 0 1 2 2 0 34 0 0 0 0 1 5 1 3 14 10 71 2 33 0 3 0 0 0 3 21 0 2 4 0 0 1 1 0 0 3 0 0 0 2 2 2 5 14 4 0 1 1 5 7 5 20 0 2 5 1 1 7 2 2 7 0 0 2 5 0 1 5 3 0 0 0 0 1 0 0
0 0 1 0 4 7 0 1 0 0 0 1 56 7 278 44 496 1261 627 5209 54 146 818 58 63 82 53 25 45 28 4 16 7 1 123 395 1304 2735 87 415 325 12 73 315 16 116 310 4 4 3 0 1 2 6 2 1 34 583 140 64 40 3 7 43 11 16 10 52 12 2 0 2 54 1285 320 7 2 1 4 0 0 0 4 9 13 5 7 2 2 1 11 4 1 0 23 73 0 0 8 3 1 0 0 1 0 0 0 0 1 0 0 0 1 6 2 1 23 4 3 8 35 2 7 24 4 3 2 3 0 4 1 0 2 7 0 34 3 62 85 145 8 31 1 1 9 4 0 0 32 6 32 2 0 1 0 0 1 1 0 1 13 0 0 0 2 45 1 8 4 0 1 0 25 65 3 3 1 0 3 2 1 59 4 15 3 15 0 0 0 2 4 0 1 1 2 0 5 5 0 0
2 0 3 1 2 3 0 3 0 6 0 0 630 42 875 6463 1261 24438 7823 2358 18 78 495 1787 58 231 3876 1401 108 30 8 7 13 3 160 208 961 1971 9496 369 1779 601 3298 1969 31 4861 174 304 127 27 2 1 11 19 12 25 76 367 70 37 2389 219 104 2539 1101 3343 68 70 781 127 263 1 221 2111 281 362 12 3 6 1 50 1 17 39 26 51 5 114 250 15 208 214 7 57 557 33 1 1 60 17 1 0 1 0 0 1 0 0 0 0 0 0 0 388 274 34 6 192 1 899 32 918 32 7 3 9 2 102 6 410 25 4 0 2 0 18 9 25 28 79 1864 18 756 9 16 28 15 1 59 731 6 12 13 0 0 3 0 1 0 8 11 1 1 3 28 16 55 407 79 46 19 13 32 18 47 613 4 6 51 10 1 19 13 22 26 3 1 11 13 1 5 13 19 1 0 1 6 7 6 0
1 0 0 0 2 8 0 0 0 1 1 1 3706 16 21 4586 627 7823 42208 10687 34 74 206 240 50 215 448 134 9 8 0 45 21 4 62 13 111 3204 143 562 328 70 291 6267 162 1692 151 9 17 20 0 4 2 2 0 1 4 118 16 3 167 12 12 199 102 751 9 18 11 20 29 3 67 16655 38 22 2 134 5 4 10 5 3 5 10 5 2 31 36 14 456 27 2 13 102 62 2 0 7 2 1 0 0 0 0 0 0 0 0 0 0 0 0 62 26 6 9 49 2 187 23 181 7 14 7 5 5 16 0 109 4 2 0 10 2 37 1 18 56 81 263 10 87 0 10 6 1 0 33 71 17 3 2 0 0 0 1 1 0 0 8 1 1 1 6 21 14 55 14 5 3 4 19 40 6 102 2 1 12 1 0 55 6 10 5 14 1 4 3 0 2 4 6 2 0 0 2 3 0 0
0 0 1 2 5 0 1 0 0 1 0 0 142 104 590 475 5209 2358 10687 7569 45 116 962 207 64 282 177 69 100 55 20 6 12 2 280 1511 3527 1547 32 830 841 61 210 424 18 244 221 4 38 8 0 1 6 17 0 1 122 1008 292 142 20 7 11 69 33 24 51 119 14 7 3 2 32 1670 741 2 2 0 4 0 2 2 14 20 16 16 1 7 8 4 24 47 2 6 82 52 1 1 18 13 0 0 1 0 0 1 1 0 0 0 0 0 1 1 0 1 8 0 3 2 26 1 4 21 4 2 6 1 0 3 0 0 1 5 0 30 4 39 36 66 5 21 3 0 7 0 0 0 21 2 21 1 2 0 0 1 1 0 0 2 2 0 0 0 2 16 3 3 1 0 2 2 8 36 4 5 1 1 2 0 2 36 4 6 4 3 0 0 2 1 2 1 0 0 1 0 4 4 0 1
137 28 192 245 605 492 11 28 57 58 147 604 0 1 22 17 54 18 34 45 12219 9097 1698 22 156 25 10 15 83 245 164 327 133 4 5 9 82 129 20 40 928 7 82 53 4 6 65 3 22 2 1 2 15 10 20 2576 26 81 58 17 13 16 26 34 28 4 22 122 35 14 5 293 243 747 289 6 465 10 391 0 2 1 172 13 4625 170 75 7 20 5 10 44 0 22 139 576 362 30 732 88 4 6 13 9 1 12 1 0 2 1 7 8 0 0 0 1 16 4 6 5 22 7 2 63 10 8 16 2 1 3 17 5 46 96 3 137 2 30 145 115 5 20 0 7 31 0 0 0 35 7 26 0 0 4 1 0 9 4 0 3 28 3 2 4 71 51 4 6 2 1 34 19 105 68 2 2 3 0 3 1 65 237 47 22 1 139 0 1 1 10 18 5 4 35 11 1 22 12 2 2
28 2 33 62 271 206 8 4 82 15 61 266 5 4 27 44 146 78 74 116 9097 24821 5997 546 5288 1139 112 56 84 109 57 275 164 7 21 29 139 265 46 1974 606 146 1248 132 47 56 574 28 257 23 3 3 19 36 13 161 31 87 87 40 93 98 193 331 107 19 51 191 86 129 9 393 617 1703 304 24 1051 28 677 2 19 4 138 206 5706 1086 583 44 141 28 114 369 12 195 1752 399 585 12 5221 363 8 3 8 6 4 20 1 1 3 7 6 10 0 6 0 2 27 1 7 7 46 3 21 81 21 10 23 2 2 5 13 8 29 137 1 184 2 92 235 247 11 47 2 17 57 6 0 0 55 18 59 8 12 5 0 3 10 6 1 23 61 10 1 8 83 73 11 13 7 1 45 15 177 120 25 20 6 6 17 7 73 325 86 43 23 184 3 3 15 9 26 15 21 32 15 0 22 18 1 4
3 0 2 1 5 12 0 5 12 3 11 5 0 32 716 769 818 495 206 962 1698 5997 8462 7818 778 6743 403 105 25 7 4 30 56 6 23 66 595 668 256 2623 6652 1108 2483 112 24 41 229 33 530 20 1 2 7 12 10 7 13 25 53 14 74 46 39 149 47 14 24 37 129 54 15 52 294 528 28 19 316 20 85 1 11 5 13 36 91 40 5 42 103 30 86 375 6 155 800 23 105 4 28 6 4 0 2 3 0 3 0 0 0 1 0 1 0 3 0 1 6 5 2 12 24 15 5 24 4 1 7 0 1 4 4 1 11 44 1 36 0 36 71 80 19 31 11 1 12 7 1 0 19 14 23 8 12 2 0 3 2 1 0 9 11 0 0 1 20 20 4 10 3 1 9 7 59 64 8 9 4 4 18 5 18 126 20 13 14 56 2 6 7 4 6 4 4 5 0 0 9 5 1 1
2 0 2 0 0 0 1 2 0 4 0 0 2 18 125 541 58 1787 240 207 22 546 7818 12883 410 2609 4789 612 50 17 2 3 1 0 199 86 25 41 796 1738 2538 3946 3831 19 12 315 726 3 546 7 1 0 16 36 16 22 31 82 37 4 552 13 22 244 129 19 86 56 28 22 7 4 12 178 59 8 18 1 8 0 2 0 47 118 86 105 17 10 42 5 52 182 4 62 514 13 4 1 160 6 1 0 0 0 0 0 0 0 0 0 0 0 0 7 4 0 2 7 0 56 2 34 2 3 0 1 0 1 0 10 1 0 0 1 0 6 1 3 5 14 57 1 18 0 4 0 0 0 4 19 2 2 3 0 0 1 0 0 0 2 1 1 0 1 0 2 3 9 3 0 3 0 1 2 3 20 0 0 6 0 0 4 3 0 5 1 0 1 4 0 3 4 3 0 0 0 0 0 0 0
3 2 3 4 20 13 0 5 21 6 5 17 1 2 12 33 63 58 50 64 156 5288 778 410 9214 455 173 44 43 6 15 13 24 2 63 24 39 101 19 6535 156 34 688 51 2 16 2022 4 39 8 3 11 62 144 46 33 32 18 42 30 37 16 55 252 56 5 229 124 17 26 1 74 142 1363 62 2 327 17 171 0 4 1 186 491 1048 1432 3823 2 18 4 24 51 6 26 494 45 125 8 11411 4353 3 0 1 2 0 4 1 0 0 0 0 1 0 3 0 0 27 1 5 7 29 1 3 47 6 10 18 2 1 1 6 0 13 44 3 104 1 51 163 159 6 22 4 1 23 2 0 0 51 5 20 1 2 3 0 2 6 1 2 3 19 5 0 1 39 37 2 7 4 1 15 10 43 64 2 3 3 1 5 1 19 153 36 13 5 43 0 1 1 1 8 1 5 5 0 1 11 7 0 0
1 1 0 0 0 0 0 1 0 2 0 0 0 10 60 279 82 231 215 282 25 1139 6743 2609 455 2611 475 33 5 0 0 0 1 0 72 22 21 47 40 4760 1047 191 1022 9 4 14 173 2 109 1 0 0 3 5 3 8 1 2 3 0 16 5 6 110 24 4 12 6 9 9 1 0 3 192 3 1 5 0 1 0 2 0 11 32 38 59 3 4 9 0 9 51 0 25 228 1 0 0 48 1 0 0 0 0 0 0 0 0 0 0 0 0 0 0 0 0 1 0 0 0 0 0 0 0 0 0 1 0 0 0 0 0 0 0 0 1 0 0 1 3 2 0 1 0 3 0 0 0 0 3 1 0 2 0 0 0 0 0 0 2 0 0 0 0 0 0 1 0 0 0 0 0 0 0 2 1 0 2 1 1 0 2 1 0 1 1 0 1 0 0 0 3 1 0 0 0 0 0 0 0
2 0 3 1 1 1 0 1 0 0 0 0 3 1390 1606 2164 53 3876 448 177 10 112 403 4789 173 475 21354 9367 72 5 12 2 1 0 4847 789 24 39 903 6075 246 119 2627 4 3 94 1290 0 29 2 1 5 51 73 24 15 70 68 156 1 35 14 76 1636 1344 5 172 187 85 11 0 3 3 379 68 5 20 0 8 0 2 0 65 160 73 117 22 4 6 1 13 44 5 8 236 6 8 2 291 46 0 0 0 0 0 0 0 0 0 0 0 0 0 39 8 7 2 38 0 220 2 155 2 3 0 1 1 10 0 51 2 0 1 2 0 15 0 11 14 22 152 3 35 0 4 0 0 0 6 12 1 1 1 0 1 0 1 1 1 0 4 1 0 2 2 2 0 18 4 0 3 2 4 6 1 37 0 0 1 1 0 15 2 0 0 1 0 0 0 3 1 2 1 0 0 0 1 0 0 0
10 0 1 1 5 1 1 6 1 4 1 0 7 381 2383 4888 25 1401 134 69 15 56 105 612 44 33 9367 11504 357 53 77 1 8 0 248 1464 16 20 6751 105 361 125 1072 13 5 297 823 44 21 7 4 10 131 166 37 18 458 242 758 6 130 228 479 1682 5132 96 550 621 1373 125 14 1 11 249 544 6 40 0 9 0 10 0 86 227 106 246 20 6 19 2 39 64 6 26 220 16 7 9 401 286 1 1 0 0 1 0 0 0 0 0 0 0 0 171 71 14 4 156 0 886 10 497 3 9 0 3 0 43 1 185 17 1 1 6 0 12 1 6 24 32 1271 5 278 2 19 10 3 0 18 308 2 3 9 2 1 1 1 1 0 2 7 1 1 5 17 5 29 128 35 9 6 4 29 6 24 335 3 2 20 4 0 38 7 10 13 8 0 7 3 2 3 3 6 1 0 0 2 2 3 0
6527 84 991 414 2414 238 1354 538 22 250 59 255 2 24 246 271 45 108 9 100 83 84 25 50 43 5 72 357 31621 13119 2000 80 75 21 17 10 109 50 232 52 396 45 209 9 14 45 105 171 22 15 43 182 6337 8832 553 119 2172 334 14 13 55 651 638 83 700 42 7259 529 1314 415 123 149 84 139 1581 55 115 0 71 11 102 5 824 2268 286 164 195 52 78 15 65 369 103 90 486 3897 105 2398 87 846 31 21 74 47 14 151 1 1 26 8 57 44 0 4 3 1 0 1 0 9 1 9 0 44 10 3 5 1 0 3 51 2 200 182 1 118 0 2 56 12 25 2 12 18 81 15 3 0 5 45 3 6 9 12 1 5 11 6 9 14 39 14 4 22 186 2 13 24 9 7 59 18 126 8 19 49 18 8 34 7 189 191 18 19 22 182 5 11 12 24 37 12 17 128 46 7 31 19 2 1
7209 3756 1356 2888 16781 1034 472 121 18 146 224 828 0 2 61 63 28 30 8 55 245 109 7 17 6 0 5 53 13119 24266 8315 262 99 17 1 6 89 62 48 4 872 13 27 5 4 1 6 67 11 9 26 115 676 550 141 120 7394 193 3 8 8 174 85 17 100 10 376 34 383 125 58 152 82 48 790 19 64 0 73 6 63 9 524 293 905 387 12 43 23 5 24 177 63 18 54 6516 99 1189 51 182 12 11 49 32 9 81 2 0 11 6 61 27 0 0 0 0 2 0 0 1 1 3 1 25 10 0 3 0 0 0 26 0 112 75 1 65 0 0 28 4 10 0 3 12 41 2 1 0 1 13 1 1 4 5 0 1 7 7 5 8 23 7 4 6 78 1 5 2 4 2 23 8 74 5 5 25 6 3 11 1 90 84 2 6 6 71 2 3 5 13 23 5 6 44 27 2 20 4 0 0
424 151 73 1596 10125 402 37 17 6 14 64 297 0 1 52 29 4 8 0 20 164 57 4 2 15 0 12 77 2000 8315 9774 51 13 1 1 7 10 2 15 3 570 5 8 0 2 0 38 8 2 1 1 21 139 207 43 48 6929 154 4 1 6 21 23 5 69 4 900 233 65 12 11 16 6 48 1348 3 17 0 7 0 11 1 250 499 768 883 116 6 1 0 1 32 10 1 15 5869 12 82 1587 12623 2 3 5 3 1 14 0 0 3 0 8 5 0 0 1 0 1 0 0 2 0 1 0 7 0 0 0 0 0 0 6 1 16 13 0 8 0 2 18 6 3 2 0 2 8 0 0 0 2 9 0 0 2 0 0 0 2 0 3 1 7 1 0 1 12 1 1 0 0 0 3 4 10 1 1 7 2 0 1 0 7 15 2 0 1 7 1 1 1 0 1 0 0 4 3 0 3 4 0 0
105 12 16 33 1560 3831 14 5 102 19 85 4098 1 0 0 2 16 7 45 6 327 275 30 3 13 0 2 1 80 262 51 8778 9370 1014 1 1 176 487 2 1 202 0 1 67 2 2 1 7 0 0 5 5 32 49 17 25 13 4364 5 335 2 14 5 0 3 2 49 5 15 13 8 1666 2485 136 2398 2 211 1 781 0 3 0 102 155 406 124 2 1 0 1 0 24 6 4 8 6293 740 26 60 2 19 21 47 48 11 83 1 2 7 8 59 38 0 0 0 0 1 0 0 0 0 1 0 29 7 1 1 0 0 0 25 4 122 79 0 73 1 1 43 6 2 0 0 5 61 0 0 0 4 1 2 0 0 7 0 0 3 3 0 11 24 8 3 10 89 0 0 2 0 1 27 18 63 1 0 3 8 1 2 0 89 88 11 5 4 76 0 0 2 6 24 1 5 70 14 4 12 9 3 0
25 2 0 7 247 1340 2 4 50 6 106 2376 1 4 5 3 7 13 21 12 133 164 56 1 24 1 1 8 75 99 13 9370 8473 2536 1 5 652 1793 4 11 89 2 4 62 2 6 37 1 0 0 0 11 13 16 7 7 15 4244 208 1452 6 4 4 2 3 4 18 94 5 2 2 1122 3265 779 1555 1 123 7 232 2 1 0 35 61 130 59 5 3 1 0 11 10 1 1 2 1843 607 13 21 1 13 4 21 14 4 39 1 0 5 3 18 13 0 2 0 0 17 1 0 2 24 0 5 88 14 15 16 0 0 0 17 6 55 97 4 243 0 13 282 128 2 10 0 19 94 0 0 0 36 6 7 0 0 6 0 0 5 4 1 12 71 8 1 7 86 17 0 2 0 0 40 24 96 35 0 3 14 1 0 2 58 328 69 18 0 91 0 0 5 17 39 1 8 29 9 6 31 35 0 0
0 0 0 1 0 11 1 0 1 0 0 2 0 3 2 0 1 3 4 2 4 7 6 0 2 0 0 0 21 17 1 1014 2536 1147 0 2 5084 782 1 1 2 0 0 10 0 0 2 1 0 0 0 4 2 0 1 3 3 3432 191 3794 0 1 0 0 0 0 3 45 0 2 0 42 512 209 777 0 6 2 30 0 3 0 1 5 2 3 0 0 0 0 1 2 1 0 0 136 5 0 0 1 3 1 3 0 0 0 1 0 1 2 0 1 0 1 0 0 12 2 1 1 15 0 0 31 2 4 4 1 0 0 8 1 9 18 0 84 0 5 88 75 2 3 1 7 25 0 0 0 26 3 5 1 0 2 0 1 5 1 0 5 13 2 0 4 19 9 1 0 0 0 13 9 40 20 0 1 5 0 2 1 9 108 24 5 0 24 0 0 2 11 6 0 1 6 0 2 11 8 0 0
0 0 0 1 0 0 0 0 0 1 0 0 2 2519 2501 265 123 160 62 280 5 21 23 199 63 72 4847 248 17 1 1 1 1 0 5545 3166 37 77 44 3595 19 7 246 24 1 6 2997 0 1 1 0 0 10 18 9 1 29 20 2028 4 3 3 8 139 65 1 58 162 22 1 1 0 11 410 24 1 16 2 8 0 0 0 13 40 13 49 2 1 0 0 4 7 3 0 34 1 1 0 98 21 0 0 0 0 0 0 0 0 0 0 0 0 0 2 0 0 3 1 2 4 3 2 1 1 1 0 1 0 0 0 1 0 0 2 0 5 0 8 7 16 3 6 2 1 0 0 0 0 3 1 4 0 0 0 0 0 0 0 0 0 0 0 0 0 3 7 0 1 1 0 1 1 0 2 0 0 0 0 0 0 0 4 1 1 1 1 0 0 0 0 0 0 0 1 0 0 1 1 0 0
0 0 2 0 0 0 0 0 0 0 1 0 0 4310 11198 508 395 208 13 1511 9 29 66 86 24 22 789 1464 10 6 7 1 5 2 3166 1670 433 33 170 423 31 4 111 2 0 4 1094 9 1 0 0 1 3 3 1 0 19 331 3419 205 8 14 59 119 285 5 10 169 161 10 1 0 6 298 131 5 3 1 0 0 0 0 3 9 10 6 3 0 0 0 7 2 0 0 46 4 0 0 10 7 0 0 0 0 1 0 0 0 0 0 0 0 0 4 0 0 18 1 5 15 31 4 8 16 3 5 7 3 1 7 0 0 0 11 0 30 6 66 27 85 8 54 0 2 5 2 0 0 17 6 44 0 2 1 0 0 1 0 0 2 2 0 0 0 4 43 2 8 2 0 2 1 15 80 1 7 0 0 5 1 1 34 3 9 1 9 0 0 1 1 3 0 2 0 0 0 2 2 1 0
6 0 3 4 9 22 2 0 0 1 2 8 1 36 2003 130 1304 961 111 3527 82 139 595 25 39 21 24 16 109 89 10 176 652 5084 37 433 3210 2185 159 92 129 6 38 12 0 12 182 9 0 0 0 3 7 3 0 1 65 3504 1139 2249 18 11 2 18 8 4 18 189 73 4 3 18 492 573 830 13 13 3 24 0 1 1 11 10 23 20 7 1 1 1 3 2 2 2 8 306 4 2 16 7 4 1 3 1 1 0 1 1 1 1 0 0 2 8 3 2 34 9 3 19 93 12 9 61 8 14 26 2 2 6 8 4 9 75 4 198 2 81 311 306 19 58 6 8 31 4 0 0 85 13 70 2 1 4 1 0 5 3 0 8 49 2 1 1 43 97 8 27 7 0 25 10 134 194 0 10 7 3 3 1 14 332 24 45 2 97 0 0 6 12 24 1 8 9 1 0 18 16 1 1
4 1 0 0 18 75 2 1 1 2 1 9 117 6 14 15 2735 1971 3204 1547 129 265 668 41 101 47 39 20 50 62 2 487 1793 782 77 33 2185 17456 69 309 192 20 78 1008 31 542 399 8 8 3 0 5 7 5 3 2 19 1945 211 1597 247 3 9 27 11 65 15 201 9 7 9 58 5271 3005 588 11 52 46 45 0 5 4 10 15 35 12 7 8 11 1 189 10 3 2 41 615 4 0 17 6 3 1 1 0 2 3 0 0 1 1 2 2 1 6 3 4 44 4 7 24 76 6 11 107 25 20 41 2 1 3 10 2 5 83 10 252 0 93 371 367 28 63 5 11 64 3 0 0 120 23 45 1 3 13 0 0 5 4 0 7 60 6 2 6 41 71 13 9 6 3 30 10 96 153 2 21 12 0 7 2 28 375 52 40 4 97 0 1 5 19 21 3 10 11 7 4 27 20 0 1
5 0 2 0 7 0 2 5 1 1 0 0 3 19 360 1696 87 9496 143 32 20 46 256 796 19 40 903 6751 232 48 15 2 4 1 44 170 159 69 15476 68 1249 610 1952 26 12 397 148 692 90 29 0 3 55 60 22 23 201 292 119 22 6760 360 151 1726 3659 492 225 117 10483 228 467 1 10 164 362 1172 13 0 7 2 71 1 49 80 45 72 5 157 487 21 410 107 12 40 397 33 3 6 111 52 1 1 1 0 0 1 0 0 0 0 0 0 0 222 238 19 2 119 2 1103 35 588 14 5 0 4 3 69 1 228 27 1 2 4 0 11 1 9 15 53 2639 7 644 2 15 45 17 0 55 1052 1 11 16 1 1 4 0 1 0 9 7 5 1 4 23 8 115 410 89 67 11 9 49 11 42 779 10 13 68 18 1 17 7 12 38 4 2 16 19 3 4 33 19 4 0 0 2 4 5 0
2 0 4 0 2 1 0 4 2 2 0 1 2 429 294 512 415 369 562 830 40 1974 2623 1738 6535 4760 6075 105 52 4 3 1 11 1 3595 423 92 309 68 6719 516 48 1002 65 7 12 3861 10 40 3 0 6 42 93 24 15 28 3 118 3 44 8 16 283 69 4 162 126 32 14 3 4 40 1058 13 3 54 8 20 0 0 0 104 299 231 312 105 8 8 0 10 37 6 20 212 6 9 1 554 41 0 0 0 0 0 0 0 0 0 1 0 0 0 2 0 0 5 3 1 9 7 3 2 5 0 3 1 0 1 4 0 0 0 3 0 18 1 12 26 54 8 6 3 0 2 1 1 0 8 3 4 1 1 1 0 1 2 0 0 1 5 0 0 0 2 12 1 3 4 1 3 0 3 18 1 0 1 0 3 0 0 23 8 3 2 5 0 0 0 0 2 0 3 1 0 1 1 2 0 0
2852 367 2808 1135 1164 862 221 1067 30 750 254 1234 24 48 955 1582 325 1779 328 841 928 606 6652 2538 156 1047 246 361 396 872 570 202 89 2 19 31 129 192 1249 516 9049 2816 1902 106 420 707 76 203 2411 503 142 289 65 66 923 2569 128 294 22 31 757 137 136 151 196 168 127 97 369 289 220 135 91 432 834 212 176 8 81 25 546 98 1357 97 1683 197 83 868 1395 395 1576 4233 426 763 1377 652 155 107 147 129 29 35 52 37 11 74 2 3 14 9 27 32 0 13 4 5 8 10 1 45 21 29 3 107 30 8 15 2 0 11 71 5 164 352 3 292 2 12 215 86 71 16 30 25 99 26 7 3 25 80 24 41 99 17 3 34 27 21 23 69 77 14 9 16 335 26 27 39 36 5 107 70 409 61 75 85 62 44 141 38 227 514 80 79 113 381 26 89 142 41 79 146 80 162 51 9 71 39 2 1
2 0 4 3 2 0 0 4 2 6 0 1 16 5 60 257 12 601 70 61 7 146 1108 3946 34 191 119 125 45 13 5 0 2 0 7 4 6 20 610 48 2816 3668 5331 49 97 715 17 14 764 45 1 1 7 14 13 21 29 28 5 1 859 16 46 39 150 66 32 7 145 10 4 0 9 23 52 76 7 0 2 0 9 1 16 22 16 21 2 31 102 36 1038 260 0 52 191 8 1 3 18 2 0 0 0 0 0 0 0 0 0 0 0 0 0 4 2 0 0 1 0 19 0 8 1 1 1 0 0 1 0 2 1 0 0 1 0 1 0 2 3 5 45 0 8 1 3 4 1 0 3 55 0 4 2 0 0 1 1 0 0 2 2 0 0 1 0 0 20 16 11 3 1 1 1 1 8 49 1 5 15 4 2 2 2 1 11 1 2 6 5 0 0 5 2 0 0 0 0 2 0 0
8 0 6 1 11 2 0 6 0 5 0 1 44 12 111 433 73 3298 291 210 82 1248 2483 3831 688 1022 2627 1072 209 27 8 1 4 0 246 111 38 78 1952 1002 1902 5331 5365 196 324 2642 1020 25 2003 60 2 13 107 172 46 42 97 131 61 7 4099 48 251 3628 1210 268 355 85 501 53 13 4 29 273 126 340 26 2 16 1 21 2 160 354 323 347 38 47 140 143 3756 414 7 138 2617 47 7 6 431 38 0 0 1 0 0 1 0 0 0 1 0 0 0 19 4 1 0 12 0 109 11 48 5 5 2 1 3 7 0 14 4 0 1 3 1 19 0 8 24 30 198 2 42 1 6 17 1 1 10 158 2 14 12 2 0 1 2 2 1 11 6 3 0 2 3 2 68 51 32 10 6 1 5 6 14 169 3 6 56 9 2 18 2 1 37 2 2 9 13 0 3 10 20 3 1 0 0 6 2 1
1 0 0 0 5 16 0 0 19 0 1 2 6853 1 1 5 315 1969 6267 424 53 132 112 19 51 9 4 13 9 5 0 67 62 10 24 2 12 1008 26 65 106 49 196 9164 2508 2495 185 36 22 237 2 54 7 4 3 3 7 147 82 15 443 25 24 34 38 1328 6 129 14 28 66 193 10659 7984 70 23 5113 2364 10711 46 62 146 5 3 16 9 4 296 186 96 2262 17 5 14 207 101 189 2 4 3 0 1 1 0 1 1 0 0 0 2 0 0 0 5 3 2 17 1 6 49 35 15 5 45 9 9 9 1 0 1 3 2 1 31 1 94 0 27 169 156 77 26 24 2 29 16 0 0 53 102 30 7 20 2 0 1 5 3 2 12 26 2 0 1 16 30 53 41 21 17 14 10 46 71 36 118 4 2 70 20 7 175 29 21 55 51 0 27 21 7 12 25 20 4 1 1 7 12 3 1
5 0 5 2 2 1 4 7 65 11 1 4 3855 0 7 9 16 31 162 18 4 47 24 12 2 4 3 5 14 4 2 2 2 0 1 0 0 31 12 7 420 97 324 2508 12837 1740 15 88 135 9621 3 195 21 6 12 9 6 9 2 0 53 87 132 26 69 10020 16 9 81 133 258 74 38 449 7 73 2789 686 249 257 692 3003 13 12 11 14 3 4400 2174 4020 3014 154 17 64 604 6 1254 15 6 1 1 0 0 0 0 0 1 0 0 0 0 2 0 3 5 3 0 6 0 16 10 1 2 1 0 2 7 2 2 1 15 4 1 3 0 2 1 0 9 22 41 2 13 7 9 136 24 2 30 219 0 167 388 2 0 58 16 3 19 140 5 5 0 9 6 1 188 228 226 90 16 16 16 3 533 450 55 120 947 205 2 4 6 5 744 4 44 451 323 5 5 577 320 1 0 0 5 16 7 0
4 0 1 1 2 1 0 3 4 7 0 0 2992 1 12 44 116 4861 1692 244 6 56 41 315 16 14 94 297 45 1 0 2 6 0 6 4 12 542 397 12 707 715 2642 2495 1740 4765 31 75 136 147 2 11 21 17 20 21 17 16 7 0 258 73 111 1351 904 7779 63 8 273 94 95 4 114 1226 14 280 42 7 25 1 22 11 17 44 35 41 2 103 316 61 924 134 9 79 973 10 33 3 41 9 1 0 0 0 1 0 0 0 0 0 0 0 0 86 135 7 2 48 2 702 21 271 14 5 1 3 2 28 1 80 17 3 0 4 0 10 1 6 15 40 1476 1 360 0 9 58 13 0 40 1250 3 12 22 1 1 8 4 2 1 20 3 2 1 2 17 7 250 382 121 158 10 5 18 7 38 765 8 8 113 18 2 9 5 8 45 2 5 16 18 3 4 29 30 4 1 1 2 11 6 2
4 1 1 0 2 3 2 2 3 3 2 3 3 32 56 88 310 174 151 221 65 574 229 726 2022 173 1290 823 105 6 38 1 37 2 2997 1094 182 399 148 3861 76 17 1020 185 15 31 6079 7 22 3 0 11 102 153 34 15 108 18 1906 26 51 34 123 680 517 13 371 291 106 25 6 16 189 2035 106 1 363 26 88 1 10 2 132 370 331 483 69 6 8 3 21 42 4 11 364 7 43 2 1325 451 1 0 3 1 0 2 0 0 0 0 1 0 1 4 0 6 46 3 22 19 59 8 28 56 6 21 16 2 1 6 6 0 7 38 1 129 1 123 191 313 15 78 6 5 24 2 0 0 56 7 59 1 2 0 0 0 1 0 1 2 30 0 0 0 14 84 3 12 3 0 13 4 49 138 3 5 7 2 5 2 8 169 28 28 3 49 0 0 1 7 17 1 3 3 2 0 11 11 0 1
6 0 5 1 11 11 1 3 0 0 0 2 4 0 16 23 4 304 9 4 3 28 33 3 4 2 0 44 171 67 8 7 1 1 0 9 9 8 692 10 203 14 25 36 88 75 7 15712 60 411 0 5 14 14 3 8 88 176 3 2 604 4408 622 25 167 85 79 2 4356 860 6803 2 6 42 227 5770 4 0 0 1 231 32 5 20 13 16 3 1829 1364 82 1058 82 7 105 270 101 1 4 11 8 1 1 1 0 1 1 0 0 0 0 0 0 0 2 11 5 2 9 1 9 20 11 7 15 13 8 20 3 11 4 43 6 5 4 0 7 2 5 18 29 14 14 5 11 15 219 77 5 68 97 3 458 837 6 16 279 6 7 15 217 5 7 1 8 9 3 124 340 499 42 17 28 29 3 1041 376 113 338 1318 395 1 13 1 8 1208 14 93 446 611 10 4 1093 1002 6 0 2 10 30 7 0
32 1 9 1 3 2 6 32 1 22 1 5 6 0 49 117 4 127 17 38 22 257 530 546 39 109 29 21 22 11 2 0 0 0 1 1 0 8 90 40 2411 764 2003 22 135 136 22 60 9126 123 9 2 11 11 32 88 8 3 1 0 162 44 43 21 35 66 25 6 59 69 27 1 5 16 11 76 7 0 0 2 25 5 22 32 38 54 1 155 310 108 560 7391 10 3033 4845 3 3 0 20 4 1 1 0 0 0 0 0 0 0 0 1 0 0 1 0 0 1 0 0 4 0 1 0 3 0 0 0 1 0 0 2 0 1 4 0 1 1 0 4 5 5 1 0 1 0 10 4 0 2 11 1 19 40 0 0 6 6 2 1 12 1 1 0 2 3 2 14 28 16 4 2 1 5 0 41 49 14 13 66 14 1 6 1 2 64 4 4 12 45 0 0 46 29 0 0 0 2 1 1 0
13 0 10 0 3 0 3 12 16 17 1 3 112 0 3 6 3 27 20 8 2 23 20 7 8 1 2 7 15 9 1 0 0 0 1 0 0 3 29 3 503 45 60 237 9621 147 3 411 123 8982 10 1247 4 2 17 21 14 15 0 1 46 464 155 13 26 1588 13 3 331 705 421 7 6 391 16 739 640 332 42 1574 1016 8278 9 9 5 14 2 7536 3017 6926 1140 257 32 152 442 6 290 9 6 1 2 0 0 0 0 0 1 0 1 0 1 0 0 1 1 0 0 2 0 2 2 2 2 1 2 1 9 0 0 0 2 1 0 2 0 2 0 1 4 6 4 6 0 6 7 39 13 2 7 18 2 174 527 3 1 89 43 14 44 229 8 0 0 2 1 0 29 59 187 10 3 7 5 0 411 53 66 113 446 126 2 9 2 2 509 4 61 390 678 4 0 837 269 2 0 1 4 16 3 0
55 3 36 4 10 4 19 69 2 54 6 7 0 0 1 0 0 2 0 0 1 3 1 1 3 0 1 4 43 26 1 5 0 0 0 0 0 0 0 0 142 1 2 2 3 2 0 0 9 10 9217 9040 29 20 446 71 6 8 0 2 3 1 8 1 7 2 14 4 10 101 3 0 0 23 20 1 8 2 2 164 1091 57 137 6 3 14 4 13 4 2 1 4646 5748 26 15 8 4 9 6 12 0 0 1 0 1 1 0 0 0 0 1 0 0 0 0 0 0 0 0 0 0 1 0 1 1 0 0 0 0 0 1 0 3 3 0 10 0 0 4 1 0 0 0 2 6 0 0 0 0 0 1 4 2 0 0 2 38 14 111 97 5 0 0 0 7 0 0 0 1 3 1 2 1 1 0 0 16 6 0 0 3 9 4 2 2 16 14 1 14 1 1 6 1 1 2 1 1 3 0 0
328 8 143 26 37 15 96 333 15 211 27 43 20 0 1 4 1 1 4 1 2 3 2 0 11 0 5 10 182 115 21 5 11 4 0 1 3 5 3 6 289 1 13 54 195 11 11 5 2 1247 9040 18475 121 68 1249 98 19 48 0 4 2 8 12 5 22 520 63 43 13 243 8 14 7 693 164 2 521 207 13 11584 2344 859 395 22 18 29 16 105 17 5 4 2153 4427 58 26 37 352 68 16 26 6 2 4 4 2 12 1 0 5 1 9 3 0 0 0 1 0 0 0 1 4 3 0 12 8 2 3 0 0 0 7 2 15 59 0 48 0 1 29 14 1 2 1 19 17 1 4 9 11 7 3 6 4 5 0 18 1208 529 3392 1438 151 0 0 4 51 4 1 1 2 56 10 7 58 4 2 4 264 33 7 1 33 88 38 9 0 109 431 89 174 2 17 4 101 22 16 2 12 4 0 0
1224 21 452 80 196 52 582 1362 108 798 66 149 1 2 27 23 2 11 2 6 15 19 7 16 62 3 51 131 6337 676 139 32 13 2 10 3 7 7 55 42 65 7 107 7 21 21 102 14 11 4 29 121 2961 4816 6158 16 219 57 13 11 28 84 161 75 210 10 1263 231 184 76 7 38 10 100 419 13 46 4 9 9 25 4 894 405 50 101 182 9 26 7 21 93 54 32 263 125 153 5912 72 272 3 0 4 6 3 16 0 0 2 0 3 4 0 0 0 0 3 1 0 3 5 3 1 15 2 3 4 1 1 1 11 1 27 54 1 56 0 2 66 30 6 1 1 3 17 0 0 0 6 13 3 1 0 2 0 2 1 5 6 1 19 5 1 4 51 10 3 3 4 1 21 11 61 22 1 8 0 0 3 1 30 99 18 8 2 73 1 1 1 11 14 2 1 23 8 1 8 11 0 1
973 26 437 93 195 75 291 784 30 480 47 133 1 4 19 35 6 19 2 17 10 36 12 36 144 5 73 166 8832 550 207 49 16 0 18 3 3 5 60 93 66 14 172 4 6 17 153 14 11 2 20 68 4816 3950 287 13 396 45 8 4 47 89 224 123 263 5 2363 342 180 89 7 38 11 110 486 9 40 0 23 4 30 4 564 4938 64 501 300 11 31 12 40 94 35 34 402 192 41 1184 306 481 3 1 6 6 2 6 0 0 1 3 5 6 0 0 2 0 2 2 0 3 3 0 0 22 10 4 2 0 0 1 7 2 27 45 1 34 0 4 32 15 8 1 1 4 16 2 0 0 1 8 1 3 3 3 0 1 1 3 3 2 9 3 0 2 33 3 4 6 1 1 11 10 31 9 0 10 0 0 2 1 32 78 14 3 4 55 0 3 2 8 10 1 2 17 3 0 8 4 1 0
364 11 182 47 66 36 111 334 45 237 31 66 3 0 5 14 2 12 0 0 20 13 10 16 46 3 24 37 553 141 43 17 7 1 9 1 0 3 22 24 923 13 46 3 12 20 34 3 32 17 446 1249 6158 287 14390 581 73 32 3 7 20 32 48 25 52 4 285 72 42 42 9 21 4 64 148 4 34 3 4 30 209 20 5400 321 155 130 56 55 39 5 27 1411 474 46 136 72 80 1147 81 97 3 1 4 2 0 5 0 0 1 2 3 4 0 0 0 0 3 0 0 3 4 0 1 14 4 0 2 0 0 0 6 2 10 28 0 34 0 3 29 17 2 3 1 5 16 1 0 0 7 2 1 3 3 6 0 1 8 6 64 13 10 4 1 1 29 2 0 0 0 0 13 9 39 10 0 1 5 2 5 1 23 77 16 6 3 35 5 0 11 2 2 4 2 15 4 0 10 6 0 0
368 11 293 116 113 72 59 242 8 167 28 93 1 0 6 15 1 25 1 1 2576 161 7 22 33 8 15 18 119 120 48 25 7 3 1 0 1 2 23 15 2569 21 42 3 9 21 15 8 88 21 71 98 16 13 581 4828 11 17 1 2 24 8 25 19 28 4 38 23 22 25 10 18 7 73 89 0 18 0 14 4 51 5 3653 66 3332 180 29 56 72 16 30 766 79 42 108 84 28 22 66 49 0 1 2 0 2 6 0 0 5 0 1 4 0 0 0 0 1 0 0 1 2 1 0 14 2 0 2 0 0 0 4 0 17 25 0 15 0 0 19 9 0 1 2 1 12 0 0 0 1 2 1 2 6 3 0 2 2 2 0 4 6 2 0 1 20 2 2 1 3 0 7 5 29 1 0 2 3 2 5 1 19 59 13 2 8 30 2 4 11 5 7 4 4 11 0 1 5 3 0 0
70 36 156 229 2001 74 7 9 6 17 12 56 2 23 279 234 34 76 4 122 26 31 13 31 32 1 70 458 2172 7394 6929 13 15 3 29 19 65 19 201 28 128 29 97 7 6 17 108 88 8 14 6 19 219 396 73 11 14025 481 24 10 27 324 347 56 588 29 5503 795 868 221 61 36 36 147 3459 22 36 1 28 0 20 1 182 900 86 1049 322 10 22 7 34 64 18 49 284 4949 18 25 1142 3362 3 4 8 7 1 21 0 0 7 0 13 9 0 0 1 0 3 0 0 14 4 7 0 30 5 3 7 0 0 3 14 1 35 45 0 44 0 2 52 21 13 2 3 3 24 5 3 0 3 18 2 4 5 3 0 1 0 2 2 4 16 1 1 4 36 3 18 17 6 3 18 3 37 12 6 27 4 0 16 3 53 86 14 5 16 55 1 1 5 3 2 8 6 24 10 2 11 7 1 0
10 2 7 7 23 42 1 3 40 8 13 50 0 83 1023 548 583 367 118 1008 81 87 25 82 18 2 68 242 334 193 154 4364 4244 3432 20 331 3504 1945 292 3 294 28 131 147 9 16 18 176 3 15 8 48 57 45 32 17 481 5612 793 2934 26 284 71 87 264 49 180 2532 806 201 175 1343 4298 1338 5783 97 304 8 1064 1 41 1 95 133 146 108 12 37 68 5 58 63 20 16 78 1134 352 11 68 164 13 4 32 12 4 42 3 0 7 4 29 8 3 10 6 2 38 4 6 30 54 26 9 145 28 20 40 1 1 10 32 5 90 170 8 419 1 58 433 289 79 29 25 23 141 16 3 0 83 40 26 4 4 10 0 6 15 10 2 31 94 8 2 13 132 47 9 17 11 3 77 35 205 117 12 52 19 6 25 4 108 575 108 29 14 195 3 6 9 47 61 7 24 66 19 3 57 44 4 0
0 0 1 0 0 1 0 0 0 0 0 1 0 899 575 176 140 70 16 292 58 87 53 37 42 3 156 758 14 3 4 5 208 191 2028 3419 1139 211 119 118 22 5 61 82 2 7 1906 3 1 0 0 0 13 8 3 1 24 793 6268 3516 10 32 79 25 231 1 18 384 159 19 4 14 347 1864 115 2 171 23 32 0 0 0 6 12 31 11 9 2 0 0 6 1 1 4 42 15 2 0 12 13 3 0 2 0 0 0 1 2 1 1 1 0 4 7 1 3 76 5 27 19 122 17 21 93 15 31 25 2 4 8 5 1 6 30 7 240 10 189 349 569 10 96 5 12 50 2 0 0 108 7 80 3 0 4 0 0 6 3 0 12 49 4 7 2 34 142 0 17 9 0 13 6 64 224 1 6 2 3 3 5 7 240 22 33 1 36 0 0 2 7 27 2 3 5 0 0 20 12 3 3
1 0 1 1 0 1 0 0 0 1 0 1 0 191 180 46 64 37 3 142 17 40 14 4 30 0 1 6 13 8 1 335 1452 3794 4 205 2249 1597 22 3 31 1 7 15 0 0 26 2 0 1 2 4 11 4 7 2 10 2934 3516 2713 3 1 1 3 2 0 4 300 20 2 1 17 479 527 281 2 12 3 28 0 7 1 8 10 10 8 3 2 1 0 2 10 3 1 2 39 2 0 4 2 0 0 3 2 0 4 6 0 3 4 0 2 1 3 0 5 36 0 12 16 52 4 9 62 13 14 26 3 0 5 9 3 8 74 7 171 5 99 263 300 3 75 4 8 48 2 0 0 66 11 60 3 2 4 0 1 6 1 0 8 40 5 2 4 33 88 5 7 3 0 14 17 85 159 3 6 4 3 3 5 17 278 34 43 1 85 0 0 3 17 29 0 4 12 2 4 18 17 1 1
2 1 7 0 5 1 0 7 0 7 0 0 2 0 14 47 40 2389 167 20 13 93 74 552 37 16 35 130 55 8 6 2 6 0 3 8 18 247 6760 44 757 859 4099 443 53 258 51 604 162 46 3 2 28 47 20 24 27 26 10 3 11602 271 325 2270 748 1102 114 11 3226 183 269 3 87 167 21 4723 5 1 2 0 41 4 36 85 68 75 4 163 622 33 1074 181 8 114 1787 14 3 6 88 10 0 0 0 0 0 0 0 0 0 0 0 0 1 30 60 6 6 6 2 236 12 58 6 5 1 1 3 15 0 16 8 5 0 1 0 10 0 7 11 36 631 1 174 4 2 45 17 1 28 749 2 8 25 2 0 6 1 3 1 13 5 4 0 2 3 6 163 253 95 51 7 16 11 8 28 479 5 4 91 14 0 11 2 6 52 1 4 13 21 3 3 30 33 0 0 1 2 11 3 0
9 0 0 2 37 16 3 4 0 0 1 3 4 3 49 69 3 219 12 7 16 98 46 13 16 5 14 228 651 174 21 14 4 1 3 14 11 3 360 8 137 16 48 25 87 73 34 4408 44 464 1 8 84 89 32 8 324 284 32 1 271 13068 12846 241 976 83 475 43 5917 7328 1246 0 4 26 450 507 3 0 5 3 112 54 66 94 78 108 0 207 437 96 763 120 61 721 2450 216 3 13 75 42 4 1 0 0 0 0 0 0 0 0 0 0 0 5 8 3 3 7 1 9 13 19 10 9 8 6 21 5 4 5 17 6 0 3 0 9 4 1 13 24 17 25 7 10 19 172 71 8 50 57 2 397 1106 15 11 414 11 9 17 263 3 5 0 12 4 0 95 307 539 21 21 15 14 4 918 275 134 289 1095 284 0 9 5 12 1129 7 126 420 815 10 3 1384 980 3 2 1 7 34 6 2
10 0 2 0 15 4 2 0 0 9 0 1 4 3 67 116 7 104 12 11 26 193 39 22 55 6 76 479 638 85 23 5 4 0 8 59 2 9 151 16 136 46 251 24 132 111 123 622 43 155 8 12 161 224 48 25 347 71 79 1 325 12846 25364 3955 7279 96 717 75 8166 2252 185 2 3 47 172 373 11 0 6 1 69 11 126 290 148 213 8 78 384 126 1190 153 78 362 3468 54 10 14 309 62 1 2 0 0 1 0 0 0 0 0 1 0 0 1 5 1 0 6 0 7 10 3 2 4 2 3 6 1 0 2 15 1 4 4 1 9 0 0 11 14 13 5 10 5 6 95 24 1 24 69 0 174 193 1 3 47 4 4 4 75 8 2 1 7 8 1 72 157 154 32 6 5 20 2 344 222 47 138 428 150 1 15 2 3 415 5 23 121 156 4 0 235 350 2 0 0 5 12 4 1
1 0 4 0 6 2 2 6 2 4 1 4 19 4 22 159 43 2539 199 69 34 331 149 244 252 110 1636 1682 83 17 5 0 2 0 139 119 18 27 1726 283 151 39 3628 34 26 1351 680 25 21 13 1 5 75 123 25 19 56 87 25 3 2270 241 3955 6037 6402 92 224 89 697 184 7 2 11 155 90 40 25 2 8 0 8 1 108 279 235 291 21 9 48 13 336 50 11 51 6940 25 9 0 457 45 0 0 0 0 0 0 0 0 0 0 0 1 0 18 16 0 2 14 1 175 9 76 1 2 0 0 1 11 0 22 4 1 0 2 0 18 1 3 15 20 346 2 62 0 4 8 2 0 5 125 1 7 5 0 0 1 0 1 0 2 2 0 0 0 2 2 16 42 16 7 2 4 12 4 10 106 0 2 10 4 0 11 2 6 11 3 2 4 3 2 2 6 8 0 0 0 0 1 0 0
10 1 9 2 9 2 5 10 4 8 0 1 50 17 360 449 11 1101 102 33 28 107 47 129 56 24 1344 5132 700 100 69 3 3 0 65 285 8 11 3659 69 196 150 1210 38 69 904 517 167 35 26 7 22 210 263 52 28 588 264 231 2 748 976 7279 6402 9306 397 903 317 14919 588 49 5 11 148 537 65 33 2 16 1 24 0 168 368 211 371 9 17 78 27 274 86 21 122 2176 57 6 19 533 197 0 1 0 0 0 0 1 0 0 0 0 0 1 59 78 7 1 45 1 542 17 158 4 9 2 2 4 27 1 31 15 7 1 4 1 16 1 4 22 31 1123 5 234 2 7 39 15 0 18 969 1 16 29 3 1 9 1 2 2 13 3 6 3 4 10 8 244 257 91 42 11 8 15 9 30 707 13 7 65 15 1 25 5 4 39 4 6 16 22 3 3 29 24 1 0 2 6 10 7 0
2 0 0 1 2 2 0 1 21 5 3 0 4121 1 6 11 16 3343 751 24 4 19 14 19 5 4 5 96 42 10 4 2 4 0 1 5 4 65 492 4 168 66 268 1328 10020 7779 13 85 66 1588 2 520 10 5 4 4 29 49 1 0 1102 83 96 92 397 1987 24 6 1470 65 50 19 43 524 35 722 754 744 80 351 149 636 5 12 4 10 0 481 269 299 3926 37 3 19 294 23 439 6 3 5 1 1 0 0 0 1 0 0 0 0 1 0 0 8 204 1 1 4 0 168 30 127 9 3 2 0 1 2 0 0 13 1 2 2 0 10 0 2 6 34 131 1 35 4 2 111 100 2 95 1051 1 36 53 4 3 4 14 6 15 36 5 2 1 3 3 3 216 135 53 1270 8 3 8 0 79 368 7 29 606 42 1 4 11 4 171 3 11 92 49 5 0 91 44 3 0 1 1 9 3 0
339 35 365 119 239 74 42 108 11 131 24 94 1 16 145 196 10 68 9 51 22 51 24 86 229 12 172 550 7259 376 900 49 18 3 58 10 18 15 225 162 127 32 355 6 16 63 371 79 25 13 14 63 1263 2363 285 38 5503 180 18 4 114 475 717 224 903 24 22465 937 949 314 46 44 22 192 1517 29 85 2 34 7 41 3 713 8098 341 3327 685 25 71 13 108 120 34 96 851 720 62 187 962 1699 9 9 29 16 3 40 0 1 4 7 22 19 0 0 1 1 2 3 0 8 2 4 0 21 12 3 10 0 0 3 27 5 83 84 3 74 1 2 54 20 22 2 5 6 54 8 3 0 7 27 1 14 11 8 0 9 6 5 1 9 24 5 4 11 84 9 13 18 14 1 37 19 76 7 11 35 9 2 19 2 74 135 20 7 17 106 4 5 13 11 24 13 13 45 21 5 14 12 4 1
13 1 4 3 4 3 0 4 4 7 1 1 0 43 333 154 52 70 18 119 122 191 37 56 124 6 187 621 529 34 233 5 94 45 162 169 189 201 117 126 97 7 85 129 9 8 291 2 6 3 4 43 231 342 72 23 795 2532 384 300 11 43 75 89 317 6 937 4706 166 23 7 30 330 2373 5104 1 615 23 96 4 15 4 170 519 277 747 231 5 8 1 5 44 20 5 63 20 66 19 1700 2671 3 1 3 0 2 2 0 0 0 0 0 0 2 4 0 1 75 5 17 21 96 8 27 116 22 23 32 3 1 2 5 4 8 65 6 292 5 147 418 548 10 74 4 12 42 1 0 0 130 9 65 3 2 8 0 1 5 5 2 6 66 8 2 1 31 130 2 20 3 0 29 13 102 187 2 10 6 2 2 4 18 346 62 36 2 77 0 1 2 13 35 4 9 10 0 3 23 15 2 1
18 1 4 6 41 23 6 4 0 2 0 9 24 16 340 456 12 781 11 14 35 86 129 28 17 9 85 1373 1314 383 65 15 5 0 22 161 73 9 10483 32 369 145 501 14 81 273 106 4356 59 331 10 13 184 180 42 22 868 806 159 20 3226 5917 8166 697 14919 1470 949 166 14143 2854 1394 4 17 105 1388 4899 14 0 5 1 168 9 95 207 185 207 8 322 652 61 1404 103 28 264 2291 316 7 20 243 103 4 1 0 0 1 1 0 0 0 1 1 0 0 22 47 12 3 15 2 276 41 29 7 8 13 7 8 8 1 14 43 6 4 7 0 14 0 9 33 45 596 11 152 12 18 297 95 0 78 1353 4 181 249 8 5 91 14 21 18 167 9 10 0 18 12 8 757 587 295 109 36 48 43 6 355 1790 123 145 913 156 1 28 2 22 521 6 49 128 233 16 9 220 362 6 1 1 9 44 17 0
35 0 15 2 27 14 13 24 2 28 6 10 8 2 34 48 2 127 20 7 14 129 54 22 26 9 11 125 415 125 12 13 2 2 1 10 4 7 228 14 289 10 53 28 133 94 25 860 69 705 101 243 76 89 42 25 221 201 19 2 183 7328 2252 184 588 65 314 23 2854 9517 1739 3 5 45 298 333 6 2 2 43 4530 624 60 86 61 92 4 690 440 119 707 884 2792 3647 1184 156 5 16 70 30 4 2 2 1 0 0 0 1 0 0 0 1 0 0 3 2 2 6 0 10 5 8 4 10 8 14 13 0 3 5 5 1 0 5 0 7 2 1 8 10 11 7 4 17 20 87 32 12 22 41 5 613 968 9 7 486 114 60 139 862 8 1 0 1 7 0 42 104 346 20 6 4 15 0 337 113 359 449 661 141 3 9 11 8 409 23 512 396 1918 7 1 1191 554 4 6 0 4 17 7 3
19 2 9 2 5 7 3 17 2 12 3 3 9 0 7 10 0 263 29 3 5 9 15 7 1 1 0 14 123 58 11 8 2 0 1 1 3 9 467 3 220 4 13 66 258 95 6 6803 27 421 3 8 7 7 9 10 61 175 4 1 269 1246 185 7 49 50 46 7 1394 1739 7236 0 5 42 202 632 7 1 6 5 5096 354 10 8 8 20 0 2159 561 175 1025 186 255 364 117 95 9 1 6 4 1 1 1 1 0 0 0 0 0 0 0 0 0 0 1 2 1 6 0 7 4 7 1 2 3 6 9 0 2 1 2 1 1 1 0 7 0 2 13 8 4 7 2 8 11 36 22 8 18 24 1 425 816 11 4 321 59 36 77 600 3 1 1 2 4 0 20 39 213 10 4 2 6 4 156 40 252 350 399 42 2 9 5 4 218 15 385 336 1689 5 2 994 270 3 2 0 3 10 5 2
25 4 10 8 206 321 4 2 203 20 375 507 24 0 2 0 2 1 3 2 293 393 52 4 74 0 3 1 149 152 16 1666 1122 42 0 0 18 58 1 4 135 0 4 193 74 4 16 2 1 7 0 14 38 38 21 18 36 1343 14 17 3 0 2 2 5 19 44 30 4 3 0 1677 1039 702 878 0 1577 42 1875 2 6 14 79 113 253 120 31 18 6 1 10 14 6 2 5 1620 2863 30 59 5 10 6 31 31 5 69 3 0 12 5 48 25 0 1 0 0 1 0 0 2 1 0 1 48 10 5 8 0 0 0 35 1 106 102 0 84 0 3 75 13 0 5 0 9 72 0 0 0 6 3 2 0 2 3 0 0 8 2 1 10 31 10 2 9 90 4 0 0 1 1 29 13 61 3 0 2 8 0 2 0 107 179 55 6 0 112 0 1 3 16 20 0 3 58 18 4 28 27 2 0
2 1 4 0 40 159 2 2 5 2 7 41 24 5 15 12 54 221 67 32 243 617 294 12 142 3 3 11 84 82 6 2485 3265 512 11 6 492 5271 10 40 91 9 29 10659 38 114 189 6 5 6 0 7 10 11 4 7 36 4298 347 479 87 4 3 11 11 43 22 330 17 5 5 1039 10075 4926 1620 7 320 178 2396 2 5 2 26 59 132 69 39 16 15 3 163 5 3 2 24 1440 53 2 42 9 16 9 10 6 2 16 5 0 4 3 8 5 1 5 2 3 47 2 5 9 81 5 8 259 51 29 56 1 0 1 36 9 54 246 13 595 2 48 912 457 12 32 4 37 203 3 1 0 163 17 23 1 0 28 2 0 13 18 0 34 133 18 10 8 165 68 5 15 7 0 101 65 250 114 4 10 23 2 3 0 56 994 234 45 1 296 1 0 4 52 86 2 22 53 14 6 58 67 1 1
17 2 20 18 33 39 3 6 46 18 18 39 1952 130 216 198 1285 2111 16655 1670 747 1703 528 178 1363 192 379 249 139 48 48 136 779 209 410 298 573 3005 164 1058 432 23 273 7984 449 1226 2035 42 16 391 23 693 100 110 64 73 147 1338 1864 527 167 26 47 155 148 524 192 2373 105 45 42 702 4926 2523 996 27 2841 767 4113 403 291 794 242 321 625 231 462 831 69 63 213 124 71 18 134 183 1158 16 152 105 0 1 0 0 0 1 1 0 0 0 1 0 11 42 19 23 36 18 16 69 204 377 93 90 17 15 36 8 5 25 7 5 9 80 3 107 21 136 283 434 41 138 17 8 35 10 0 0 259 20 93 10 5 2 1 2 28 8 32 46 30 4 0 1 29 63 8 34 7 8 20 7 64 136 8 29 16 7 7 6 15 464 2809 31 6 174 6 8 32 14 15 12 17 7 3 0 16 14 0 2
