54686 8552 15301 5926 3045 2740 12730 16920 77 582 123 1217 1 6 20 79 12 17 3 9 159 329 60 21 12 3 18 59 6285 13374 3108 282 228 26 0 0 5 69 53 7 2113 8 41 0 9 2 2 7 33 14 457 577 2005 2647 1367 343 599 9 1 1 63 5 37 30 65 7 160 11 423 76 14 94 38 30 38 89 16 1 13 26 141 26 3067 955 1662 329 13 67 10 1 148 321 144 58 77 1197 51 809 50 50 1 0 3 5 0 38 0 1 3 0 10 19 0 5 0 0 1 1 0 0 2 1 0 5 6 3 7 0 0 2 0 1 2 18 0 8 0 0 23 8 5 3 2 3 10 1 2 0 3 38 3 1 1 0 0 2 7 2 6 2 4 1 3 0 1 0 1 2 1 0 2 1 0 0 3 8 2 2 19 5 22 35 16 1 5 64 2 0 2 3 5 4 1 0 17 1 9 3 0 1
8552 16748 3055 14408 1489 2599 306 457 7 77 61 625 1 1 1 1 0 2 0 0 33 38 5 3 2 0 1 1 256 1798 108 126 66 1 0 0 0 5 1 1 482 1 6 1 0 0 0 0 10 3 72 97 166 202 118 47 26 0 0 0 5 1 4 4 3 1 74 2 8 11 6 9 0 3 5 0 2 0 2 4 19 0 402 237 418 111 1 17 2 0 5 74 22 15 26 30 5 20 15 7 1 0 6 1 0 28 1 0 4 1 6 8 0 0 0 0 0 0 0 0 0 0 0 3 2 0 0 0 0 1 1 0 0 2 0 0 0 0 4 1 0 0 0 1 3 0 0 0 0 0 0 0 0 0 0 0 0 1 2 1 1 1 0 0 0 0 0 0 0 1 0 0 0 0 0 1 0 0 0 0 8 8 1 0 0 10 0 0 0 0 2 0 0 0 11 1 1 0 0 0
15301 3055 21394 11629 80 6442 242 4913 60 5689 1447 19570 0 0 2 4 1 0 0 0 98 121 6 6 13 0 6 1 482 186 34 24 44 3 1 0 0 3 1 5 1379 0 10 0 3 1 2 1 23 11 194 209 353 377 267 118 21 1 0 0 3 1 7 6 3 3 157 9 12 25 7 26 4 26 22 5 2 0 2 9 56 15 928 552 1198 287 20 26 7 2 3 136 76 49 36 45 62 45 42 11 13 8 75 48 4 382 13 14 59 26 136 139 0 0 0 0 0 0 0 0 1 0 0 10 4 3 0 0 0 0 4 0 3 39 0 9 0 0 22 9 0 3 0 9 42 0 0 0 1 3 1 1 0 0 0 0 2 2 2 0 32 11 4 0 6 0 0 0 0 0 15 7 0 0 0 0 0 0 1 0 74 53 10 0 0 120 0 2 2 6 27 0 0 0 157 12 16 0 0 2
5926 14408 11629 21347 10438 10331 238 347 11 114 159 2795 0 0 3 2 2 0 0 0 119 139 10 4 7 0 2 2 267 2096 1221 228 94 2 0 0 2 4 2 4 817 1 7 0 1 2 6 1 11 3 92 90 170 248 123 81 55 2 0 0 6 0 10 7 4 0 156 3 25 12 2 23 3 6 8 4 6 0 2 3 16 4 510 438 921 285 13 11 4 0 10 79 38 10 25 59 23 16 46 21 6 1 28 26 1 142 5 3 36 12 47 61 0 0 0 0 0 0 0 1 3 0 0 1 2 0 0 0 0 0 1 0 0 22 0 5 0 0 18 9 0 0 0 4 20 0 0 0 2 1 0 0 0 0 0 0 1 2 3 0 7 6 1 0 0 0 0 0 0 0 5 3 0 0 0 0 0 0 1 0 23 28 5 0 1 31 2 1 2 1 12 0 1 0 50 4 11 2 0 1
3045 1489 80 10438 16648 9902 527 140 13 42 164 2658 2 5 13 22 20 6 5 10 226 497 68 11 15 8 12 28 962 7813 14339 2218 931 57 2 1 9 167 20 6 774 7 28 5 6 6 1 1 6 2 68 85 269 386 185 78 939 8 0 1 77 0 15 19 37 3 199 7 110 10 4 362 130 37 64 35 17 2 40 3 23 5 569 366 866 298 10 11 8 1 151 62 27 10 32 3271 40 35 106 458 4 2 4 4 0 37 2 1 7 4 15 12 0 2 2 0 3 0 3 0 6 1 2 11 10 0 5 0 0 2 0 0 2 19 0 10 3 1 41 23 5 3 4 0 12 0 1 0 3 23 2 0 2 0 1 0 1 0 3 0 8 5 0 0 1 0 2 3 0 4 8 3 1 0 1 11 0 0 11 1 20 39 14 0 2 69 0 2 0 1 3 2 2 0 14 2 11 1 0 2
2740 2599 6442 10331 9902 21792 218 1434 53 4292 325 11895 1 1 5 8 4 5 2 2 256 473 50 9 19 2 9 2 289 1489 919 5117 1746 14 1 0 4 73 3 7 1243 3 15 7 2 2 2 2 12 2 67 99 196 208 190 99 85 33 0 0 31 0 3 12 11 2 173 5 32 10 4 575 69 61 39 13 29 0 55 4 22 10 551 444 1302 394 8 11 3 2 88 64 29 10 19 463 131 54 72 19 17 0 65 49 7 323 5 5 54 23 133 141 0 1 0 1 2 0 2 1 8 1 2 3 9 3 8 0 0 0 2 0 6 39 0 14 0 0 42 22 2 4 1 10 37 0 0 1 5 20 1 0 1 1 0 1 2 5 2 1 30 18 0 2 1 0 1 0 1 2 11 6 0 0 0 6 1 1 4 0 76 52 19 0 0 125 0 1 2 4 17 1 0 0 110 12 11 7 0 2
12730 306 242 238 527 218 9522 7148 869 2787 423 479 0 4 11 28 3 2 0 2 29 96 13 2 3 1 6 26 3155 1093 603 46 65 3 1 0 1 16 20 1 394 2 17 0 2 1 0 0 3 7 110 140 901 1242 610 94 102 1 0 0 21 1 13 14 42 3 11 2 161 10 2 53 11 8 17 24 13 0 3 9 28 6 1107 138 289 36 5 10 3 1 40 66 27 13 13 343 1165 2729 9 22 3 0 4 1 0 26 4 0 6 3 8 10 0 0 1 0 1 0 0 2 3 2 0 3 2 1 1 0 0 0 0 0 0 8 0 5 0 0 12 6 0 0 2 0 2 2 0 0 2 7 0 0 0 0 0 0 1 1 0 1 2 3 0 0 0 0 0 3 0 2 3 0 0 0 0 2 0 2 6 0 10 11 4 1 3 14 0 1 1 0 4 1 0 0 9 2 0 1 0 0
16920 457 4913 347 140 1434 7148 34069 2419 18052 1711 4564 0 0 0 2 1 0 0 0 9 18 3 2 2 0 0 2 161 761 48 15 14 2 0 0 0 4 3 1 550 2 5 0 1 0 0 1 4 6 165 201 450 525 388 89 7 0 0 0 1 0 2 2 2 2 21 0 12 11 9 13 4 4 6 3 3 0 2 13 42 6 1005 191 388 58 4 15 8 0 3 110 57 18 20 34 158 874 5 2 2 0 7 4 0 49 2 3 5 3 9 18 0 0 0 0 0 0 1 0 1 0 0 0 0 0 0 0 0 0 0 0 0 4 0 0 0 0 4 3 0 2 0 0 2 0 0 0 0 0 0 0 0 0 0 0 0 0 0 1 2 0 0 0 0 0 0 0 0 0 1 1 0 0 0 0 1 1 0 0 7 11 2 0 1 12 0 0 1 1 1 1 0 0 21 3 1 2 0 0
77 7 60 11 13 53 869 2419 1695 4231 953 500 29 0 0 0 0 0 2 1 6 24 3 0 1 1 0 0 33 21 6 32 193 2 0 0 0 6 0 2 35 0 2 15 250 7 0 3 1 224 16 87 83 44 28 2 3 2 0 0 1 0 3 0 0 62 4 1 1 2 0 981 29 301 6 8 1270 94 200 25 11 133 35 3 26 3 0 148 71 174 87 7 1 0 5 23 6008 483 4 1 2 1 1 5 0 20 1 4 3 2 10 11 0 0 0 0 0 0 0 0 3 0 0 0 7 0 1 0 0 0 2 0 1 17 0 6 0 1 37 15 0 0 0 1 3 1 0 0 3 0 0 1 1 0 0 1 2 0 3 0 3 4 0 0 2 0 0 0 1 1 1 2 0 0 3 1 2 2 7 1 19 36 28 0 3 69 4 3 7 2 4 4 3 0 11 3 6 1 0 2
582 77 5689 114 42 4292 2787 18052 4231 41371 22573 21602 0 1 0 1 0 0 0 1 12 26 0 2 0 0 1 0 118 81 19 18 50 1 0 0 0 3 0 0 416 1 2 0 0 0 1 1 6 8 111 132 336 261 226 59 4 1 0 0 1 0 1 1 0 1 10 3 3 13 3 123 1 20 2 3 148 0 6 10 28 5 565 99 259 25 0 7 2 2 1 72 42 12 8 22 1453 1312 3 3 13 2 80 33 8 367 13 18 47 55 142 157 0 0 0 0 0 0 1 0 0 0 1 3 3 0 0 0 0 0 0 0 2 10 0 6 0 0 9 2 0 0 0 4 24 1 0 0 1 0 0 0 0 0 0 1 2 3 1 0 24 8 2 0 1 0 0 0 0 1 8 0 0 0 0 0 1 0 0 0 43 22 11 0 0 46 0 0 5 2 18 0 0 0 158 18 14 0 0 0
123 61 1447 159 164 325 423 1711 953 22573 7010 10411 0 1 0 1 0 0 0 0 20 70 2 0 0 0 1 0 33 74 11 23 257 0 0 0 0 0 0 0 173 0 0 0 1 0 0 0 1 2 22 37 98 70 50 26 1 0 0 0 0 0 0 1 3 0 2 0 3 7 1 135 2 22 1 1 64 0 4 0 13 2 179 26 164 24 0 3 0 0 2 15 10 3 5 8 1463 303 8 2 22 2 109 46 1 542 25 18 105 49 213 280 0 0 1 0 0 0 0 0 0 0 0 2 1 0 0 0 0 0 4 0 7 25 0 3 0 0 8 4 0 0 0 6 28 0 1 0 1 1 0 0 0 0 0 0 1 6 0 2 16 12 1 2 0 0 0 0 0 1 13 4 0 0 0 0 1 0 0 0 72 33 15 0 0 65 0 0 1 4 22 0 0 0 236 22 18 1 0 2
1217 625 19570 2795 2658 11895 479 4564 500 21602 10411 26656 1 1 1 2 2 3 0 1 265 416 26 7 12 2 5 1 129 703 395 2009 604 4 0 0 2 15 1 3 860 2 8 3 4 0 0 0 8 2 63 81 203 180 141 75 20 6 0 0 5 2 7 5 3 0 68 6 10 15 6 369 13 78 18 6 370 2 24 8 18 5 436 234 924 202 11 9 3 1 34 55 31 8 14 456 3460 463 66 10 42 14 217 93 12 974 19 31 144 87 414 449 0 0 0 0 2 0 1 0 4 0 1 11 12 2 2 0 1 0 3 2 10 64 0 15 0 0 50 8 0 5 0 20 80 1 0 0 3 2 2 0 1 1 0 1 5 16 2 0 61 32 6 4 0 0 1 0 0 1 34 13 0 0 0 0 0 0 4 0 154 117 31 0 0 184 0 1 1 5 57 2 0 1 459 43 38 3 0 4
1 1 0 0 2 1 0 0 29 0 0 1 3127 0 1 5 3 19 2618 89 0 1 0 3 0 0 18 23 1 1 0 2 1 1 1 2 0 83 4 0 11 2 8 5727 4816 610 0 2 3 240 1 17 2 1 0 0 0 0 0 0 9 4 11 13 5 2621 1 1 9 3 1 111 197 2056 2 13 761 487 735 20 8 68 0 0 0 0 0 69 68 304 594 3 0 0 16 6 82 3 1 0 0 0 1 0 0 2 0 1 0 0 0 0 0 187 123 2 2 123 0 660 8 276 5 1 0 1 2 6 0 62 4 1 1 1 0 4 0 1 5 8 280 5 140 0 11 11 10 12 6 1579 0 3 12 1 0 8 0 0 1 2 0 0 0 0 3 1 25 41 14 403 0 9 3 0 13 87 1 6 63 4 0 2 76 1 20 4 2 12 16 1 0 47 9 0 0 0 1 1 0 1
6 1 0 0 5 1 4 0 0 1 1 1 0 5681 4359 398 132 44 7 7 1 10 103 248 7 16 3724 743 75 19 90 0 16 62 5669 4817 308 26 105 1056 790 18 57 0 0 2 58 1 19 0 4 1 14 10 5 1 76 50 228 488 15 2 7 198 253 0 25 57 328 1 0 7 17 8 366 9 0 0 0 0 0 0 17 9 8 7 3 0 2 0 12 21 1 5 20 6 0 0 18 68 0 0 0 0 0 0 0 0 0 0 0 0 5 5 1 1 1 58 11 36 32 124 52 2 0 4 9 1 3 18 0 0 0 0 1 1 7 5 4 13 1 20 5 0 17 2 0 0 7 9 2 0 1 0 1 0 0 0 0 0 1 0 0 0 2 0 0 3 2 0 0 1 0 0 2 1 0 0 1 0 0 3 5 0 0 2 0 0 0 1 0 2 1 0 1 0 1 1 1 0
20 1 2 3 13 5 11 0 0 0 0 1 1 4359 12137 9144 444 523 64 456 2 20 447 652 18 111 3992 3452 86 25 147 5 22 68 2480 2248 1562 100 1168 879 4329 146 318 9 5 19 68 4 218 5 27 8 12 16 9 4 76 162 130 865 126 21 94 256 687 5 16 92 1361 15 7 11 28 20 661 75 2 2 4 0 7 0 18 11 13 13 9 9 45 17 122 324 25 67 261 46 1 4 11 73 0 0 0 0 0 1 0 0 0 0 0 0 7 17 2 2 6 57 15 44 93 124 52 5 6 5 16 8 11 27 1 1 0 5 1 2 32 12 49 42 11 93 15 1 19 9 1 1 27 44 28 5 2 0 0 3 0 0 0 0 1 0 0 0 1 10 2 15 4 4 1 1 1 3 6 9 0 3 13 2 4 28 12 0 12 15 1 3 4 0 1 18 2 0 0 0 4 1 1 2
79 1 4 2 22 8 28 2 0 1 1 2 5 398 9144 6943 363 1867 1412 309 9 47 374 1903 17 125 3843 7632 157 92 286 9 30 76 138 146 238 119 2623 235 3046 284 402 15 12 97 25 10 79 5 11 2 31 40 15 1 125 256 106 414 272 35 222 179 161 7 39 87 333 9 3 12 37 27 1302 89 4 0 1 0 2 0 33 15 32 24 17 2 48 9 167 101 10 44 294 100 1 5 20 132 0 1 0 0 0 1 0 0 0 0 0 0 104 588 95 15 4 283 8 611 208 1111 84 2 1 5 31 37 29 448 1 1 1 6 1 9 63 20 36 27 289 144 392 0 70 21 5 3 73 627 36 3 6 0 1 6 0 1 0 1 0 0 0 0 8 19 15 59 6 28 2 2 7 4 5 56 0 0 38 5 2 26 35 2 14 6 0 5 5 0 0 14 6 1 0 1 4 2 1 1
12 0 1 2 20 4 3 1 0 0 0 2 3 132 444 363 2775 33 686 1687 1 15 63 75 14 70 51 21 12 12 30 6 14 25 76 305 1475 2466 5 185 575 23 65 21 9 107 18 1 54 3 2 3 5 1 0 1 12 90 3 178 122 4 24 7 6 2 3 13 14 1 1 6 20 62 254 15 0 0 4 0 1 0 3 2 7 2 5 3 13 5 109 87 4 23 61 71 0 1 3 5 0 2 0 0 0 1 0 0 0 0 0 0 10 6 0 4 18 13 33 6 226 47 88 13 16 14 61 13 24 24 1 0 1 8 2 5 54 29 144 151 2 295 3 1 44 10 0 0 51 28 88 4 2 3 0 1 0 2 0 0 3 0 0 0 3 29 1 10 5 4 3 2 3 12 0 5 0 0 3 1 4 127 49 6 6 42 0 1 2 4 1 4 10 0 2 0 11 0 0 5
17 2 0 0 6 5 2 0 0 0 0 3 19 44 523 1867 33 5168 3716 138 3 24 119 1702 14 41 3617 327 18 10 29 1 8 12 45 11 163 210 2425 73 1554 170 526 187 19 1700 18 2 34 7 9 0 3 1 4 2 14 52 4 25 1858 21 164 398 313 84 11 20 501 7 1 12 33 1166 216 110 3 3 8 0 2 0 4 4 7 8 15 2 26 14 176 56 6 11 168 60 0 1 5 9 1 0 0 0 0 0 0 0 1 0 0 0 142 2290 601 43 16 1394 13 3148 285 4885 225 5 2 15 19 55 43 1668 7 6 4 6 1 34 65 15 37 62 1002 108 1642 2 145 63 10 25 265 2723 12 7 7 1 5 5 0 3 1 1 2 0 0 1 38 15 49 152 19 200 0 5 13 4 13 191 3 3 43 6 0 14 415 12 6 5 1 2 2 1 1 14 19 4 3 0 6 2 0 1
3 0 0 0 5 2 0 0 2 0 0 0 2618 7 64 1412 686 3716 19826 3550 2 15 43 272 15 146 612 100 9 2 11 3 5 5 22 4 327 1155 19 284 444 28 138 7174 1036 1730 27 6 31 82 5 4 1 0 1 1 3 11 5 6 795 7 60 90 18 755 2 8 59 1 2 15 205 7389 52 52 28 13 96 3 1 14 2 3 2 4 6 13 54 154 2221 43 4 8 76 34 6 1 1 3 2 5 0 0 1 4 0 4 0 0 0 3 239 831 439 52 79 1571 242 2904 1635 5098 1262 49 47 59 243 107 141 754 14 9 4 23 7 27 394 161 513 566 556 1206 514 9 420 116 16 18 538 2115 275 18 9 8 15 8 0 8 1 1 4 1 0 0 29 94 34 155 30 314 15 26 13 59 23 132 7 7 87 10 10 309 972 20 33 112 0 7 14 10 3 36 62 4 1 1 43 6 10 19
9 0 0 0 10 2 2 0 1 1 0 1 89 7 456 309 1687 138 3550 3676 0 16 51 214 19 134 155 18 6 4 19 2 6 15 27 37 356 102 7 357 512 31 160 157 132 345 24 8 108 15 16 3 2 0 0 0 3 45 3 50 150 17 81 25 6 39 4 14 49 3 7 5 40 696 110 28 5 0 19 1 3 3 0 4 3 2 3 12 39 49 319 159 11 43 192 38 0 0 0 6 0 0 0 0 0 0 1 1 0 0 1 5 75 26 7 10 29 106 80 64 653 453 408 21 20 30 149 59 54 110 3 0 2 8 3 6 192 62 181 206 4 638 14 1 125 43 3 0 142 77 143 11 1 3 5 2 1 3 0 0 1 1 0 0 3 57 5 49 11 5 2 7 4 29 8 12 2 4 22 2 5 156 126 8 10 59 0 4 3 2 3 18 23 0 1 0 17 4 2 10
159 33 98 119 226 256 29 9 6 12 20 265 0 1 2 9 1 3 2 0 5362 6092 829 83 38 66 9 7 38 83 119 62 108 43 2 0 17 69 0 35 1206 31 81 2 0 2 27 0 43 4 10 8 24 18 9 357 22 57 3 5 12 8 23 23 3 0 7 64 32 3 0 98 60 25 782 9 18 0 14 1 1 2 34 11 3248 28 64 0 3 3 20 24 3 10 70 700 21 6 17 52 1 1 1 0 0 3 0 0 1 0 2 1 2 1 0 0 0 0 4 0 9 1 1 5 4 0 1 0 2 0 0 0 0 6 0 0 1 0 23 35 0 7 0 2 8 1 0 0 7 4 5 0 0 0 0 0 0 0 0 0 1 0 0 0 0 0 0 1 2 0 2 2 0 1 1 1 0 0 2 0 6 16 9 0 2 16 0 0 1 0 1 6 0 0 3 0 5 0 0 1
329 38 121 139 497 473 96 18 24 26 70 416 1 10 20 47 15 24 15 16 6092 29738 5371 1707 7825 3080 639 80 127 274 299 147 211 204 20 7 62 292 10 2564 2057 256 2437 13 7 22 301 21 363 11 20 14 44 86 46 76 70 142 14 8 213 115 1300 1124 275 8 136 278 966 22 6 248 239 128 2955 124 70 6 90 0 5 1 295 278 6637 1726 1414 7 73 27 403 214 20 63 1413 2009 68 15 2230 663 2 2 3 0 0 8 0 0 1 0 2 7 1 1 0 0 15 6 9 6 58 7 14 35 40 11 29 3 1 4 5 3 5 30 1 31 5 3 214 211 4 40 1 1 42 9 0 2 27 52 13 10 9 0 1 3 0 0 0 0 12 7 0 1 5 6 3 19 5 6 8 11 0 1 14 24 1 3 32 8 12 115 63 1 26 79 0 4 11 11 9 30 14 0 3 1 32 12 0 12
60 5 6 10 68 50 13 3 3 0 2 26 0 103 447 374 63 119 43 51 829 5371 12309 7754 325 8666 287 14 61 48 80 32 92 207 26 6 258 390 29 1153 8485 1956 578 23 3 10 157 3 296 2 17 4 23 43 18 2 34 128 21 24 47 17 56 35 19 2 56 239 37 8 2 133 199 20 1015 27 21 2 52 0 2 0 40 61 272 80 181 6 16 12 64 203 12 35 289 331 24 4 66 38 2 1 1 0 0 1 0 0 0 0 0 1 0 4 2 1 7 4 10 9 55 13 20 8 17 2 12 3 1 3 1 0 0 7 1 4 9 7 73 67 3 34 2 0 15 4 0 0 10 6 20 0 1 0 0 0 0 3 0 0 2 1 0 0 2 4 0 3 1 1 4 4 0 5 4 6 0 2 14 3 5 37 9 1 4 27 0 1 3 2 2 8 0 0 1 0 8 3 1 2
21 3 6 4 11 9 2 2 0 2 0 7 3 248 652 1903 75 1702 272 214 83 1707 7754 14065 709 3516 4445 102 121 9 43 4 10 37 612 253 107 72 269 6711 5671 5511 1434 30 6 531 791 8 541 2 23 4 51 104 24 8 77 24 47 74 2386 18 103 368 160 2 293 145 398 11 2 6 19 20 173 53 2 0 3 0 6 0 112 185 267 281 561 3 21 3 558 249 11 50 322 60 0 0 235 110 1 0 0 0 0 1 0 0 0 0 0 0 3 23 8 4 13 82 10 72 90 149 79 9 5 9 22 7 7 32 6 4 0 1 0 3 17 13 54 83 47 97 39 1 48 17 3 0 18 220 25 2 3 0 0 1 0 0 0 0 1 1 0 0 4 5 20 27 2 10 2 2 0 1 1 52 0 1 14 1 0 13 15 3 7 9 0 4 1 4 0 12 7 0 1 0 10 1 1 2
12 2 13 7 15 19 3 2 1 0 0 12 0 7 18 17 14 14 15 19 38 7825 325 709 12891 1468 712 138 116 10 119 1 11 17 26 12 17 65 7 7692 214 48 932 14 5 24 1135 11 46 0 4 2 54 63 29 10 155 5 4 2 206 32 756 1438 519 6 505 99 1132 7 2 11 27 54 850 49 9 0 7 0 5 0 127 226 532 865 5557 3 8 6 298 15 6 9 433 53 8 2 9914 3787 0 2 0 0 2 2 1 0 0 0 0 1 0 1 0 1 18 8 9 5 68 9 37 19 12 6 24 2 2 3 3 0 1 23 1 22 13 5 135 168 6 60 5 3 33 9 0 0 24 65 21 2 3 0 2 0 0 0 0 0 0 3 1 0 2 3 5 12 1 1 3 9 0 1 5 22 0 0 21 4 3 53 29 1 11 27 0 3 2 4 2 8 9 0 1 0 18 7 2 5
3 0 0 0 8 2 1 0 1 0 0 2 0 16 111 125 70 41 146 134 66 3080 8666 3516 1468 7305 1150 6 43 1 7 1 3 26 46 15 99 273 6 7476 3221 163 441 57 1 9 176 1 125 1 4 0 24 38 13 8 9 1 39 9 30 7 53 51 9 1 139 23 32 4 0 3 44 24 22 9 1 0 5 0 1 1 58 84 171 149 178 0 4 5 19 55 7 16 170 10 1 0 162 28 0 1 0 0 0 1 0 0 0 0 0 0 5 1 1 4 19 19 30 11 127 56 74 14 12 11 44 6 12 9 0 0 2 6 1 6 25 14 87 147 1 131 1 0 40 10 0 0 35 7 37 3 0 1 0 1 0 2 0 0 0 1 0 0 0 8 1 10 0 0 4 1 1 6 2 2 1 1 3 0 0 27 22 3 1 10 1 1 1 5 0 8 5 0 0 0 5 2 0 1
18 1 6 2 12 9 6 0 0 1 1 5 18 3724 3992 3843 51 3617 612 155 9 639 287 4445 712 1150 36528 7408 417 19 181 3 8 74 4007 833 267 83 351 5247 675 133 371 18 1 656 912 7 31 5 8 1 96 153 33 2 318 51 227 420 1237 1 125 3576 854 23 505 373 579 2 4 1 29 69 449 18 0 0 4 0 3 1 119 226 167 272 856 2 8 3 142 31 3 4 54 40 2 1 454 596 1 2 0 0 0 0 0 0 1 0 0 0 54 484 86 11 18 758 47 1247 249 1436 345 5 4 18 53 36 22 301 4 2 0 5 1 17 82 18 50 105 536 191 375 6 166 29 4 5 73 1132 32 5 2 3 1 0 0 2 0 0 1 1 0 0 12 9 35 62 9 66 1 9 10 9 2 106 0 0 16 4 3 18 60 13 2 5 0 1 0 5 0 5 15 1 0 0 4 3 1 3
59 1 1 2 28 2 26 2 0 0 0 1 23 743 3452 7632 21 327 100 18 7 80 14 102 138 6 7408 12397 613 66 477 5 30 121 277 365 180 57 4312 58 264 24 71 0 1 361 485 4 1 0 1 4 85 131 39 4 533 99 398 278 279 9 40 1192 1554 27 253 241 581 2 0 7 29 15 1133 17 0 0 2 0 3 0 84 108 63 127 243 0 4 2 46 10 2 1 24 57 0 7 285 694 0 2 1 0 0 0 0 0 0 0 0 0 1 876 126 5 6 300 5 1178 43 358 29 0 5 7 6 32 0 375 16 16 1 5 0 18 7 1 16 32 1068 27 825 5 48 44 6 7 18 2604 5 4 2 2 0 1 0 0 0 0 0 2 0 0 28 2 105 159 8 99 3 19 14 1 7 248 0 2 32 2 1 5 12 27 5 5 0 0 5 1 0 2 3 3 0 0 2 2 4 3
6285 256 482 267 962 289 3155 161 33 118 33 129 1 75 86 157 12 18 9 6 38 127 61 121 116 43 417 613 37722 6983 3276 30 47 15 66 10 9 29 147 201 243 15 223 1 3 27 41 12 8 3 46 66 4527 10664 1059 42 9249 7 3 0 204 15 416 465 1221 1 4938 37 2345 8 6 64 17 16 592 122 25 0 11 4 14 5 1156 6065 194 75 369 6 6 4 269 28 10 7 98 1063 216 2375 207 881 0 0 3 1 0 7 0 1 3 0 4 5 0 1 2 1 2 2 2 7 19 4 4 8 13 0 3 2 0 4 1 1 0 11 0 9 1 4 42 42 24 15 25 1 9 12 5 0 5 148 6 0 3 0 0 1 1 2 1 0 1 2 1 0 2 0 16 35 1 2 2 0 3 0 12 68 2 1 56 4 7 30 7 3 14 23 0 1 6 1 2 16 1 0 3 0 9 1 0 5
13374 1798 186 2096 7813 1489 1093 761 21 81 74 703 1 19 25 92 12 10 2 4 83 274 48 9 10 1 19 66 6983 12022 10466 338 204 20 9 1 6 50 73 8 554 5 39 3 4 1 2 6 7 4 98 124 735 998 397 61 14033 4 0 0 53 3 30 20 98 4 203 11 387 9 5 81 33 8 40 82 5 1 7 9 28 8 754 298 473 114 13 10 0 1 122 68 36 15 27 1199 22 141 35 78 0 0 2 0 1 13 0 0 6 3 13 8 0 1 0 0 0 1 1 2 2 2 1 1 8 0 2 1 0 1 0 0 0 6 0 4 2 0 19 9 6 2 5 0 2 2 1 0 0 38 1 0 4 0 0 1 1 0 1 1 4 1 1 1 0 0 2 7 0 0 2 4 0 0 2 11 1 1 17 1 10 17 4 0 6 23 0 0 3 1 4 1 1 0 4 0 3 0 0 2
3108 108 34 1221 14339 919 603 48 6 19 11 395 0 90 147 286 30 29 11 19 119 299 80 43 119 7 181 477 3276 10466 17610 364 176 51 51 14 19 94 266 42 726 13 79 3 1 5 18 9 10 3 64 74 436 666 227 66 8672 7 2 3 131 3 80 137 576 3 742 57 1312 14 8 83 49 17 754 121 7 0 11 3 25 1 671 615 796 515 409 8 2 2 236 65 20 8 52 8810 13 66 1200 5419 0 1 0 0 0 12 1 1 4 2 1 4 0 2 2 0 2 5 1 11 12 7 5 5 8 4 4 1 0 6 0 0 0 9 0 4 3 1 30 16 8 9 9 1 9 13 2 0 5 68 3 0 4 1 0 1 0 2 2 1 4 1 0 1 1 3 4 10 6 3 2 2 0 0 6 15 0 0 38 5 5 18 5 1 11 33 1 1 0 1 0 7 2 0 4 0 5 0 0 1
282 126 24 228 2218 5117 46 15 32 18 23 2009 2 0 5 9 6 1 3 2 62 147 32 4 1 1 3 5 30 338 364 6792 9350 313 0 1 8 89 4 0 152 2 9 4 2 2 1 0 1 3 6 22 56 31 33 10 7 2562 0 1 36 0 2 8 1 1 11 14 26 1 0 1282 209 39 1943 11 34 0 117 1 6 1 103 28 142 29 3 0 5 5 70 13 6 2 2 7066 116 14 12 7 3 1 13 4 1 60 0 0 12 8 20 21 0 1 0 0 0 0 2 2 6 0 1 11 4 1 1 0 1 0 2 0 1 21 0 5 0 0 24 17 1 4 1 3 14 1 1 0 3 12 0 0 0 0 0 0 1 1 1 1 11 3 2 0 0 0 1 3 0 3 8 4 0 0 1 4 0 0 5 1 39 37 11 1 0 80 1 0 0 2 8 0 0 0 27 4 5 2 1 6
228 66 44 94 931 1746 65 14 193 50 257 604 1 16 22 30 14 8 5 6 108 211 92 10 11 3 8 30 47 204 176 9350 6258 2683 11 2 16 311 10 6 289 2 16 6 5 3 62 1 2 9 38 37 118 49 82 11 7 2073 6 38 59 0 8 12 23 3 9 522 58 4 1 3609 1445 137 3213 15 223 3 103 1 14 6 136 39 160 50 35 3 1 7 116 26 13 3 14 4473 875 106 28 6 4 0 41 21 3 149 1 3 20 5 52 70 0 0 0 1 1 0 3 1 12 1 4 28 42 6 5 1 0 0 1 2 4 79 1 30 1 0 157 67 1 2 1 13 50 1 0 0 10 24 9 0 1 0 0 1 3 8 2 0 38 18 4 3 1 0 2 2 0 4 25 15 0 0 0 4 0 3 8 1 107 192 65 4 2 310 0 1 0 10 33 2 0 0 68 7 51 7 1 7
26 1 3 2 57 14 3 2 2 1 0 4 1 62 68 76 25 12 5 15 43 204 207 37 17 26 74 121 15 20 51 313 2683 7841 140 84 491 1056 47 48 237 1 28 5 7 9 1795 0 0 4 7 6 19 10 10 6 13 9662 1744 4375 53 3 9 36 70 1 14 4458 127 1 1 425 1184 87 4566 24 23 1 82 0 2 2 34 19 79 41 126 4 4 2 82 5 2 1 10 479 2 0 24 14 2 3 3 2 1 9 1 3 2 1 2 10 0 1 1 0 7 0 13 4 34 5 8 43 98 8 29 0 1 4 9 0 6 55 1 47 5 2 301 180 3 24 7 7 39 2 0 0 28 18 16 1 1 0 0 1 0 2 0 0 23 7 2 1 0 3 0 5 1 1 25 19 0 2 2 8 0 1 4 0 41 226 66 3 2 170 0 1 0 16 10 0 1 1 6 0 72 18 1 22
0 0 1 0 2 1 1 0 0 0 0 0 1 5669 2480 138 76 45 22 27 2 20 26 612 26 46 4007 277 66 9 51 0 11 140 8221 4012 539 149 11 1759 53 4 165 4 0 2 1979 1 3 0 1 1 8 17 3 0 64 28 854 586 7 1 15 186 131 0 46 138 142 1 0 0 11 33 210 2 0 0 1 0 0 0 5 14 14 11 65 0 0 0 3 1 0 2 18 9 0 0 35 110 1 0 0 0 1 0 0 0 0 0 0 1 10 7 4 6 15 131 25 64 136 218 141 5 5 14 47 9 5 28 0 0 0 1 1 4 28 14 60 138 5 135 4 1 65 8 0 0 39 17 29 2 0 2 1 0 0 2 0 0 1 0 0 0 2 7 2 10 4 0 0 2 1 7 0 3 1 2 4 1 0 21 27 2 1 13 0 0 1 1 0 1 4 0 0 0 7 4 1 4
0 0 0 0 1 0 0 0 0 0 0 0 2 4817 2248 146 305 11 4 37 0 7 6 253 12 15 833 365 10 1 14 1 2 84 4012 1428 953 87 69 436 40 4 66 2 0 0 373 0 3 0 0 0 2 4 0 0 9 14 3747 1545 11 0 13 232 160 0 6 75 92 0 0 2 3 6 74 2 1 0 1 0 0 0 1 4 1 2 12 0 0 0 5 1 0 0 3 4 0 0 9 20 1 0 0 0 0 0 0 0 0 0 0 0 1 2 1 0 2 9 5 9 32 17 19 0 5 4 11 1 0 5 0 0 0 0 0 0 5 4 20 29 2 43 1 0 10 4 0 0 15 9 16 0 0 0 1 0 0 0 0 0 0 0 0 0 1 1 0 2 0 0 2 0 0 1 0 3 0 0 3 0 2 12 4 1 0 3 0 0 0 0 0 1 1 0 0 0 2 2 1 0
5 0 0 2 9 4 1 0 0 0 0 2 0 308 1562 238 1475 163 327 356 17 62 258 107 17 99 267 180 9 6 19 8 16 491 539 953 7440 3908 30 202 1045 7 46 4 1 166 1975 0 13 1 1 1 2 3 2 0 9 604 4760 1320 400 0 9 97 96 0 5 1328 129 0 0 8 25 25 367 14 2 0 6 1 0 0 4 4 8 5 20 1 4 0 43 9 1 4 11 36 1 2 4 5 2 0 2 1 1 2 0 0 0 0 4 1 0 1 0 3 24 10 24 5 161 18 44 41 58 10 46 6 6 8 3 2 5 24 0 9 30 20 323 257 1 152 3 0 37 13 0 1 58 24 62 1 1 0 1 1 0 0 0 0 1 0 1 2 0 17 0 6 1 0 7 15 1 14 1 6 0 0 8 0 7 183 58 6 0 55 0 1 0 12 2 1 4 0 0 0 32 8 1 15
69 5 3 4 167 73 16 4 6 3 0 15 83 26 100 119 2466 210 1155 102 69 292 390 72 65 273 83 57 29 50 94 89 311 1056 149 87 3908 12324 12 235 949 17 55 1051 138 845 1349 0 11 63 6 16 18 18 16 4 15 1384 836 480 1051 3 17 55 37 47 23 1445 69 1 0 228 2950 907 1720 19 179 114 430 11 1 25 42 33 125 50 131 24 33 62 852 8 2 0 20 849 10 1 18 8 7 19 7 10 3 31 2 9 1 0 7 25 9 5 2 5 69 40 90 18 598 76 160 283 407 72 198 20 21 22 30 6 38 241 6 200 105 56 2126 1379 16 437 11 11 246 23 1 1 298 147 221 0 1 2 1 0 0 9 1 2 37 23 6 6 18 42 11 40 6 9 73 114 5 27 8 13 1 1 20 2 104 1351 453 16 7 602 1 3 3 89 27 6 10 2 15 9 261 82 10 100
53 1 1 2 20 3 20 3 0 0 0 1 4 105 1168 2623 5 2425 19 7 0 10 29 269 7 6 351 4312 147 73 266 4 10 47 11 69 30 12 9134 9 569 57 117 0 1 41 17 3 16 3 3 1 26 22 11 1 130 104 49 109 2754 1 35 121 2773 18 38 56 3130 2 0 6 14 7 776 154 0 0 1 0 1 0 28 14 17 20 2 1 3 1 72 22 3 3 30 52 0 6 23 74 0 2 0 0 0 0 0 0 0 0 0 0 0 463 69 2 3 125 0 480 7 110 1 0 1 1 3 16 1 197 7 9 0 4 3 9 1 2 3 11 604 5 522 2 9 26 7 8 13 1303 1 4 2 2 1 0 0 1 0 0 0 2 0 0 16 0 76 100 8 69 2 17 9 3 3 147 1 0 17 1 1 1 3 11 3 1 0 1 1 0 0 5 1 2 0 0 1 2 1 3
7 1 5 4 6 7 1 1 2 0 0 3 0 1056 879 235 185 73 284 357 35 2564 1153 6711 7692 7476 5247 58 201 8 42 0 6 48 1759 436 202 235 9 16595 930 130 1132 62 1 8 1318 3 65 2 6 9 66 127 37 9 127 17 120 167 44 10 107 366 82 1 526 121 150 3 1 6 61 87 132 10 1 0 8 1 1 1 134 272 340 392 903 0 8 0 47 36 4 14 213 28 0 1 465 174 1 0 1 2 0 3 0 1 0 1 0 0 29 10 4 10 45 121 89 35 378 281 313 34 26 26 114 19 30 48 2 0 1 8 6 15 108 51 199 342 3 469 10 0 164 24 0 0 84 32 120 7 2 4 5 0 0 2 0 1 2 3 0 0 4 36 3 31 5 0 3 9 2 17 2 7 2 2 4 2 4 91 75 8 2 27 0 3 2 5 3 5 20 0 1 0 15 6 5 12
2113 482 1379 817 774 1243 394 550 35 416 173 860 11 790 4329 3046 575 1554 444 512 1206 2057 8485 5671 214 3221 675 264 243 554 726 152 289 237 53 40 1045 949 569 930 8788 3397 1969 75 56 540 155 94 2556 114 1648 705 84 100 188 561 157 146 45 128 2025 120 364 251 368 33 97 212 1245 283 189 253 190 76 1125 524 52 7 78 37 277 54 650 112 1360 126 174 359 585 176 2031 4336 638 1068 2572 1211 63 37 75 166 4 3 21 4 1 48 1 5 12 4 24 33 5 57 12 1 11 23 12 78 63 79 31 24 33 7 19 7 3 37 12 12 0 43 1 24 19 6 110 99 92 69 68 4 52 55 11 2 28 434 22 40 59 2 1 22 10 7 12 20 17 8 1 1 13 2 24 72 31 22 10 23 2 2 40 164 33 54 208 25 56 118 35 17 103 161 19 33 209 12 15 143 40 2 29 1 30 7 4 8
8 1 0 1 7 3 2 2 0 1 0 2 2 18 146 284 23 170 28 31 31 256 1956 5511 48 163 133 24 15 5 13 2 2 1 4 4 7 17 57 130 3397 8225 3484 10 8 167 15 2 1114 4 9 1 8 11 3 0 12 5 3 4 683 7 50 59 106 4 19 9 445 10 1 4 10 1 39 105 0 0 2 0 3 0 15 16 30 28 20 3 15 10 685 242 13 37 146 16 0 0 13 5 0 0 0 0 0 0 0 0 0 0 0 0 0 7 1 0 0 2 1 3 4 6 0 0 0 0 1 3 0 3 8 1 0 2 0 2 2 0 6 8 18 3 17 1 1 12 2 0 4 136 2 1 1 1 0 2 0 1 0 0 0 0 1 0 2 0 10 17 6 9 0 4 2 0 6 41 1 4 42 7 0 3 1 2 13 0 0 4 7 0 1 11 3 0 0 0 0 0 0 1
41 6 10 7 28 15 17 5 2 2 0 8 8 57 318 402 65 526 138 160 81 2437 578 1434 932 441 371 71 223 39 79 9 16 28 165 66 46 55 117 1132 1969 3484 8479 56 72 641 531 29 2027 39 43 8 93 164 45 16 87 30 13 24 3215 64 1329 2845 484 52 426 98 3013 29 18 9 55 17 200 906 7 3 21 1 8 0 187 352 501 449 533 17 125 206 4495 689 43 209 4555 96 4 3 391 113 1 3 1 0 0 0 0 0 0 0 0 1 5 11 2 3 10 17 5 25 71 45 43 4 5 1 26 9 3 7 35 5 2 1 0 4 7 3 64 60 66 62 35 3 13 87 17 0 45 628 15 13 51 1 0 31 1 5 0 2 1 2 0 0 10 8 40 154 47 37 0 33 8 1 73 300 5 26 422 61 3 16 11 15 182 13 2 23 29 1 0 126 41 3 1 0 5 5 6 7
0 1 0 0 5 7 0 0 15 0 0 3 5727 0 9 15 21 187 7174 157 2 13 23 30 14 57 18 0 1 3 3 4 6 5 4 2 4 1051 0 62 75 10 56 10085 3440 715 18 7 11 484 7 80 2 0 1 0 0 5 1 0 321 7 35 28 4 1257 1 6 25 2 1 345 2756 2774 9 85 2146 1840 5518 62 17 180 1 3 3 2 9 192 158 530 2659 11 0 3 44 18 66 2 5 1 2 3 1 1 0 6 0 0 0 0 0 6 13 29 30 4 20 93 55 127 368 275 195 42 45 21 82 14 14 37 7 1 5 23 2 14 70 24 353 231 64 261 26 1 64 30 9 1 135 732 105 6 24 2 1 12 3 4 3 4 5 2 0 1 6 27 32 69 27 110 9 17 4 13 25 88 3 12 114 15 13 283 217 6 52 97 3 29 32 11 1 82 18 0 4 0 30 8 6 19
9 0 3 1 6 2 2 1 250 0 1 4 4816 0 5 12 9 19 1036 132 0 7 3 6 5 1 1 1 3 4 1 2 5 7 0 0 1 138 1 1 56 8 72 3440 19898 1812 0 8 10 4953 21 195 6 3 2 0 1 1 0 0 29 10 29 18 10 5074 1 2 51 8 11 292 424 445 5 45 2144 807 1362 217 37 852 7 1 1 9 1 676 472 2701 3150 11 2 2 99 19 714 24 6 2 0 3 0 0 0 3 0 2 1 0 0 2 0 6 14 0 0 7 1 43 25 24 3 2 2 0 3 3 2 1 22 13 1 4 0 9 0 0 40 29 22 5 18 7 2 88 44 2 36 1112 7 30 89 5 3 60 12 3 15 7 1 2 0 0 11 0 43 126 75 329 2 24 3 0 105 293 20 49 936 122 1 10 10 8 262 16 14 202 184 6 0 338 88 3 2 0 3 1 2 7
2 0 1 2 6 2 1 0 7 0 0 0 610 2 19 97 107 1700 1730 345 2 22 10 531 24 9 656 361 27 1 5 2 3 9 2 0 166 845 41 8 540 167 641 715 1812 3212 6 11 11 65 1 2 4 10 5 1 13 6 2 1 1048 15 106 886 272 2005 26 6 124 3 5 27 247 335 24 105 61 11 105 0 1 4 9 18 2 8 19 5 31 145 1907 16 1 2 133 30 22 1 19 13 0 11 0 0 0 0 0 0 0 0 0 1 1 966 447 14 9 209 4 1149 65 352 20 6 3 7 11 35 4 448 45 28 1 6 2 25 3 7 43 45 1358 12 1209 10 38 107 114 47 66 7085 13 7 9 1 0 13 0 3 0 1 2 0 0 1 50 5 245 404 31 897 5 59 18 5 23 672 4 6 226 15 1 8 35 41 28 13 1 16 16 8 1 34 13 8 1 3 2 1 10 16
2 0 2 6 1 2 0 0 0 1 0 0 0 58 68 25 18 18 27 24 27 301 157 791 1135 176 912 485 41 2 18 1 62 1795 1979 373 1975 1349 17 1318 155 15 531 18 0 6 4152 1 20 0 1 1 12 10 12 1 21 358 1507 485 42 7 139 775 557 1 56 2458 504 1 1 12 97 103 118 6 3 0 4 0 0 0 14 24 42 48 2348 0 2 1 46 7 2 3 112 9 1 0 75 27 2 3 2 4 0 8 0 1 0 0 1 3 5 5 0 2 76 23 61 10 303 46 119 79 91 42 123 13 12 19 6 1 7 42 0 40 60 33 631 818 4 337 2 3 161 13 2 1 102 47 112 3 2 2 0 0 0 3 0 0 10 5 1 0 4 20 1 19 6 0 12 24 2 7 1 10 0 0 14 2 11 233 100 11 4 61 0 0 0 20 6 10 8 0 1 3 59 29 4 33
7 0 1 1 1 2 0 1 3 1 0 0 2 1 4 10 1 2 6 8 0 21 3 8 11 1 7 4 12 6 9 0 1 0 1 0 0 0 3 3 94 2 29 7 8 11 1 18665 11 58 8 56 5 2 2 0 7 0 1 0 20 7813 560 40 13 6 9 1 4497 1542 3820 1 5 2 6 7878 5 1 2 5 669 24 1 3 7 3 5 1529 1704 44 416 47 35 132 266 2 1 1 7 5 0 0 0 0 0 0 0 0 0 0 0 0 0 0 0 1 0 1 2 0 1 1 1 0 2 0 7 2 4 0 1 2 0 0 0 3 0 0 5 2 1 10 1 1 4 29 9 1 4 32 3 176 310 4 2 59 10 14 7 35 0 0 0 0 1 0 6 37 96 14 0 3 3 2 118 28 115 149 189 57 0 4 1 7 253 9 35 64 655 1 0 809 184 1 1 0 1 0 0 6
33 10 23 11 6 12 3 4 1 6 1 8 3 19 218 79 54 34 31 108 43 363 296 541 46 125 31 1 8 7 10 1 2 0 3 3 13 11 16 65 2556 1114 2027 11 10 11 20 11 8884 19 64 2 3 5 4 5 6 0 0 2 53 27 44 7 5 9 9 2 108 34 12 3 5 7 12 100 7 1 0 0 22 2 13 19 78 25 9 15 133 42 305 4550 101 1526 5182 13 1 0 13 4 0 0 0 0 0 0 0 0 0 0 1 0 1 2 0 0 2 3 1 0 5 2 3 0 0 1 1 1 1 0 0 1 0 0 0 0 2 0 5 4 1 1 2 1 2 6 1 0 2 25 0 5 6 0 0 3 0 0 0 1 0 0 0 0 1 0 1 3 11 3 0 0 0 0 17 11 2 5 33 5 1 1 1 2 26 3 0 2 12 1 0 45 15 0 0 0 0 0 1 1
14 3 11 3 2 2 7 6 224 8 2 2 240 0 5 5 3 7 82 15 4 11 2 2 0 1 5 0 3 4 3 3 9 4 0 0 1 63 3 2 114 4 39 484 4953 65 0 58 19 7202 148 1651 2 2 3 3 0 1 0 0 15 71 99 9 5 2093 3 2 158 40 52 147 145 536 1 255 1648 703 447 1284 220 3234 5 3 7 4 1 2249 1945 4673 1703 40 3 16 163 12 759 27 1 1 0 0 0 0 0 1 1 4 0 1 2 1 0 0 5 1 2 0 0 0 8 0 6 0 7 3 3 2 4 5 5 5 0 0 0 0 1 0 15 6 2 2 3 6 4 72 27 4 43 93 1 66 190 2 5 168 45 17 65 58 0 0 0 0 3 1 6 106 88 133 0 6 1 3 172 62 68 126 638 99 1 16 2 8 368 30 86 624 589 1 0 693 168 0 9 0 1 2 5 3
457 72 194 92 68 67 110 165 16 111 22 63 1 4 27 11 2 9 5 16 10 20 17 23 4 4 8 1 46 98 64 6 38 7 1 0 1 6 3 6 1648 9 43 7 21 1 1 8 64 148 16006 18348 12 10 71 47 13 3 0 0 9 11 18 10 4 37 1 2 45 724 49 37 8 28 26 20 56 24 16 459 1387 313 160 7 57 7 5 302 59 10 51 7542 7489 169 122 63 27 7 5 10 1 0 0 1 0 7 0 1 1 1 2 4 0 0 0 0 0 0 1 0 0 1 0 1 5 0 0 0 0 0 0 0 0 8 0 5 0 1 13 1 0 1 0 12 6 1 0 1 2 5 0 4 8 5 0 5 177 49 234 91 0 1 0 0 1 0 0 1 2 3 0 2 0 0 1 2 28 43 6 1 9 21 5 0 5 22 61 6 102 2 2 12 6 0 2 1 4 0 0 2
577 97 209 90 85 99 140 201 87 132 37 81 17 1 8 2 3 0 4 3 8 14 4 4 2 0 1 4 66 124 74 22 37 6 1 0 1 16 1 9 705 1 8 80 195 2 1 56 2 1651 18348 18708 21 19 102 70 21 3 0 0 2 28 20 9 12 432 1 1 58 429 218 61 37 286 24 52 434 256 110 9258 3928 3935 252 10 60 9 6 2272 210 23 30 1458 3366 37 36 77 228 14 11 10 4 1 1 1 1 2 1 12 2 1 2 1 0 0 1 0 0 0 0 0 0 0 0 1 3 1 1 0 1 0 3 1 2 12 1 1 0 0 14 2 0 1 0 93 9 2 7 1 4 1 0 18 35 30 0 44 1530 669 2571 643 18 3 0 1 1 0 0 2 4 29 3 4 0 0 1 1 225 189 30 2 11 22 13 1 10 91 740 154 1146 0 14 73 40 0 23 1 2 4 1 2
2005 166 353 170 269 196 901 450 83 336 98 203 2 14 12 31 5 3 1 2 24 44 23 51 54 24 96 85 4527 735 436 56 118 19 8 2 2 18 26 66 84 8 93 2 6 4 12 5 3 2 12 21 13522 10701 2688 7 284 15 1 0 58 7 172 116 187 2 151 46 522 1 0 145 29 45 164 31 89 4 25 2 6 3 681 321 49 53 123 3 1 9 72 5 3 2 43 318 546 3868 107 188 0 0 5 4 0 26 1 1 4 4 7 10 0 0 0 0 3 0 1 1 2 0 0 14 22 1 4 0 0 0 1 0 1 25 1 11 1 1 73 34 3 3 1 1 14 0 2 0 2 17 2 0 0 0 0 0 0 1 1 0 3 6 1 0 0 0 2 0 0 1 5 3 0 0 0 3 0 0 3 1 44 72 18 0 1 89 0 0 1 6 1 0 0 0 9 0 12 3 0 1
2647 202 377 248 386 208 1242 525 44 261 70 180 1 10 16 40 1 1 0 0 18 86 43 104 63 38 153 131 10664 998 666 31 49 10 17 4 3 18 22 127 100 11 164 0 3 10 10 2 5 2 10 19 10701 14779 1117 30 420 10 0 0 95 9 251 253 355 3 1634 20 864 2 1 66 16 31 173 45 22 1 18 3 11 2 4055 9781 279 241 147 5 5 1 159 15 5 3 70 354 133 1353 267 365 0 0 4 3 0 13 0 1 3 0 4 8 0 2 0 0 0 0 2 0 5 1 1 8 5 2 1 1 0 0 0 1 0 16 0 12 0 2 53 41 5 2 3 0 8 2 1 0 4 47 1 0 0 0 0 1 0 0 0 0 4 2 1 0 0 0 10 4 0 4 4 4 0 0 1 20 0 0 10 1 21 47 13 0 2 54 0 0 0 5 4 3 0 0 7 0 7 5 1 2
1367 118 267 123 185 190 610 388 28 226 50 141 0 5 9 15 0 4 1 0 9 46 18 24 29 13 33 39 1059 397 227 33 82 10 3 0 2 16 11 37 188 3 45 1 2 5 12 2 4 3 71 102 2688 1117 19390 1229 121 12 1 0 20 1 59 35 73 0 87 34 208 10 2 90 23 27 117 18 30 2 19 6 14 5 5784 199 119 60 60 11 0 0 34 39 20 3 28 211 92 418 67 78 1 0 5 5 1 19 1 1 7 4 7 16 0 0 0 0 0 0 0 1 5 1 0 9 17 1 4 0 0 0 0 0 0 25 0 22 0 1 59 28 0 4 0 1 14 0 0 0 1 3 2 0 0 0 0 1 0 0 1 0 2 4 0 0 0 0 0 0 0 0 4 3 1 0 0 1 0 0 2 0 36 63 12 0 2 97 0 0 2 7 2 0 0 0 4 0 13 3 0 2
343 47 118 81 78 99 94 89 2 59 26 75 0 1 4 1 1 2 1 0 357 76 2 8 10 8 2 4 42 61 66 10 11 6 0 0 0 4 1 9 561 0 16 0 0 1 1 0 5 3 47 70 7 30 1229 2584 10 5 0 0 7 2 14 7 10 0 7 2 25 4 2 17 7 10 51 0 5 0 6 8 12 2 3929 18 3275 29 12 7 4 1 8 25 6 2 7 83 7 9 16 17 0 0 1 1 0 9 0 0 0 1 2 3 0 0 0 0 0 0 0 0 0 0 0 3 3 0 2 0 0 0 0 0 0 13 0 5 0 0 11 10 0 2 0 0 1 0 0 0 1 1 0 0 0 1 0 0 1 0 1 1 3 0 0 1 0 0 0 0 0 0 3 3 0 0 1 1 0 1 0 0 6 11 5 0 0 19 1 0 1 1 2 1 0 0 2 0 4 2 0 1
599 26 21 55 939 85 102 7 3 4 1 20 0 76 76 125 12 14 3 3 22 70 34 77 155 9 318 533 9249 14033 8672 7 7 13 64 9 9 15 130 127 157 12 87 0 1 13 21 7 6 0 13 21 284 420 121 10 12390 7 1 1 108 5 133 343 1008 0 7919 52 1662 3 3 5 8 6 1060 56 1 0 1 0 5 0 205 282 132 421 703 2 0 3 139 10 5 1 55 1937 0 16 1536 3805 0 0 0 0 0 0 0 0 0 0 0 0 0 8 1 0 3 3 1 5 12 7 5 2 5 0 1 0 0 1 1 1 0 2 0 2 2 3 13 28 12 10 11 0 8 14 3 0 5 93 4 0 1 2 0 0 1 1 0 0 0 0 0 0 2 1 8 12 0 4 0 1 1 0 3 43 0 1 31 4 0 7 6 1 11 3 0 0 0 0 0 4 5 0 0 0 3 2 1 1
9 0 1 2 8 33 1 0 2 1 0 6 0 50 162 256 90 52 11 45 57 142 128 24 5 1 51 99 7 4 7 2562 2073 9662 28 14 604 1384 104 17 146 5 30 5 1 6 358 0 0 1 3 3 15 10 12 5 7 6077 295 2612 135 2 6 24 70 3 4 3413 241 0 0 786 942 34 7135 44 5 1 161 0 1 0 24 15 68 16 44 1 2 5 153 8 3 0 8 998 1 0 11 11 1 0 1 1 1 6 0 1 1 0 4 4 0 1 0 0 5 0 2 4 18 0 2 15 23 4 7 1 0 1 3 0 1 15 0 16 1 1 72 46 8 4 5 1 10 1 0 0 7 43 4 0 1 1 0 1 0 0 1 1 6 2 0 0 0 1 4 4 0 6 6 7 0 0 1 12 0 0 16 1 14 49 18 1 0 50 0 1 0 6 7 1 2 1 5 1 11 3 0 3
1 0 0 0 0 0 0 0 0 0 0 0 0 228 130 106 3 4 5 3 3 14 21 47 4 39 227 398 3 0 2 0 6 1744 854 3747 4760 836 49 120 45 3 13 1 0 2 1507 1 0 0 0 0 1 0 1 0 1 295 4624 1389 5 0 5 44 219 0 3 1657 221 0 0 3 6 27 39 7 0 0 0 0 0 0 1 2 4 4 7 0 0 0 4 0 0 0 3 3 0 0 2 4 0 0 0 0 0 2 0 0 0 0 0 0 0 0 0 1 29 5 26 3 111 5 37 26 26 12 48 7 5 4 1 1 3 4 1 11 15 9 174 234 2 113 2 0 33 6 0 0 37 6 40 1 0 1 0 0 1 0 0 0 1 3 0 0 0 6 2 5 1 1 4 8 1 2 0 1 0 0 5 1 2 37 28 1 1 15 0 1 0 2 2 0 5 0 0 0 5 5 0 5
1 0 0 0 1 0 0 0 0 0 0 0 0 488 865 414 178 25 6 50 5 8 24 74 2 9 420 278 0 0 3 1 38 4375 586 1545 1320 480 109 167 128 4 24 0 0 1 485 0 2 0 0 0 0 0 0 0 1 2612 1389 1196 22 1 1 93 145 0 1 1075 146 0 1 2 15 5 409 7 0 0 0 0 0 0 2 1 1 3 7 0 1 0 10 2 0 0 5 6 0 0 6 2 0 0 0 0 0 0 0 0 0 0 0 0 1 4 0 0 3 8 1 6 14 6 1 1 2 1 7 1 1 2 0 0 1 2 0 0 2 2 23 30 6 18 3 0 4 2 0 0 5 7 3 0 0 0 0 0 0 0 0 0 1 0 0 0 1 2 0 1 0 0 0 0 0 1 1 3 0 1 0 0 0 10 5 0 0 5 0 0 0 0 0 0 0 0 0 0 0 4 0 2
63 5 3 6 77 31 21 1 1 1 0 5 9 15 126 272 122 1858 795 150 12 213 47 2386 206 30 1237 279 204 53 131 36 59 53 7 11 400 1051 2754 44 2025 683 3215 321 29 1048 42 20 53 15 9 2 58 95 20 7 108 135 5 22 10471 58 504 3160 764 212 160 24 5294 14 7 78 385 55 624 3848 11 0 69 1 7 0 62 140 85 119 75 3 41 31 3430 81 8 29 635 340 1 4 139 71 1 5 0 0 0 3 0 0 0 0 0 1 11 584 292 12 9 79 13 311 131 158 31 10 14 2 13 65 7 286 75 35 4 12 3 33 11 7 121 100 991 35 985 11 37 168 124 24 102 4338 20 11 10 0 3 24 0 8 1 0 6 4 1 0 56 7 284 506 29 349 13 120 54 13 28 821 5 9 256 27 7 41 29 89 36 27 2 10 7 18 2 44 30 10 1 1 12 11 16 24
5 1 1 0 0 0 1 0 0 0 0 2 4 2 21 35 4 21 7 17 8 115 17 18 32 7 1 9 15 3 3 0 0 3 1 0 0 3 1 10 120 7 64 7 10 15 7 7813 27 71 11 28 7 9 1 2 5 2 0 1 58 16851 3273 72 16 5 27 3 2090 7139 2882 1 5 5 12 1690 4 1 4 4 219 30 10 29 33 30 6 527 1372 50 351 57 35 419 4245 7 2 0 23 4 0 0 0 0 0 0 0 1 0 0 0 0 0 0 2 1 0 3 1 4 1 3 2 0 1 2 3 5 1 0 4 3 0 0 0 0 2 0 5 2 4 9 1 2 1 33 3 1 5 22 3 272 436 3 1 80 11 8 9 48 0 0 0 0 1 0 4 32 88 3 0 3 3 1 116 17 182 221 184 52 0 2 3 6 218 6 33 87 851 0 0 890 237 1 1 1 0 2 2 3
37 4 7 10 15 3 13 2 3 1 0 7 11 7 94 222 24 164 60 81 23 1300 56 103 756 53 125 40 416 30 80 2 8 9 15 13 9 17 35 107 364 50 1329 35 29 106 139 560 44 99 18 20 172 251 59 14 133 6 5 1 504 3273 23130 9873 3742 30 650 49 10264 1125 344 6 23 10 94 1141 10 1 6 5 68 10 213 442 380 500 285 107 506 156 2347 74 19 226 4362 59 5 4 435 145 1 3 0 0 0 0 0 0 0 0 0 0 0 4 0 3 1 7 11 10 29 24 22 3 5 2 11 11 2 0 19 10 3 1 0 4 4 6 23 27 11 27 15 6 8 111 17 1 28 244 11 102 255 5 2 65 1 6 1 12 0 0 0 2 3 0 20 185 171 40 4 12 6 5 245 166 52 99 704 133 1 7 8 17 582 21 6 79 242 3 0 896 269 3 7 0 1 1 4 9
30 4 6 7 19 12 14 2 0 1 1 5 13 198 256 179 7 398 90 25 23 1124 35 368 1438 51 3576 1192 465 20 137 8 12 36 186 232 97 55 121 366 251 59 2845 28 18 886 775 40 7 9 10 9 116 253 35 7 343 24 44 93 3160 72 9873 13763 8566 17 662 312 9595 15 17 15 45 20 317 322 2 0 12 0 9 3 158 448 329 525 1493 3 25 12 1777 20 3 13 1158 74 1 2 684 579 0 3 0 0 0 0 0 0 0 0 0 0 12 106 30 8 5 68 13 190 93 92 48 3 4 6 25 17 2 26 38 17 1 2 1 11 18 7 32 75 326 72 199 3 35 73 31 0 31 1455 29 9 15 1 0 8 0 1 0 0 1 0 0 0 14 6 114 192 16 46 4 25 16 6 26 369 4 6 184 25 0 19 18 33 66 11 0 10 6 4 1 74 20 5 1 0 4 1 6 13
65 3 3 4 37 11 42 2 0 0 3 3 5 253 687 161 6 313 18 6 3 275 19 160 519 9 854 1554 1221 98 576 1 23 70 131 160 96 37 2773 82 368 106 484 4 10 272 557 13 5 5 4 12 187 355 73 10 1008 70 219 145 764 16 3742 8566 12124 17 696 190 10112 7 7 9 24 7 992 66 0 0 3 0 2 0 183 328 167 348 439 0 10 4 233 25 2 7 212 66 1 16 685 1090 0 7 0 0 0 0 0 0 0 1 0 1 1 146 42 5 11 32 5 218 39 26 16 2 6 7 8 35 2 54 37 34 0 2 1 20 2 2 25 41 590 22 362 8 22 89 27 1 28 2935 12 7 8 4 0 5 0 1 0 0 1 1 2 0 33 2 261 264 15 84 6 45 20 8 16 643 2 3 122 12 0 8 8 34 26 7 0 4 7 10 1 23 17 11 0 0 9 4 6 11
7 1 3 0 3 2 3 2 62 1 0 0 2621 0 5 7 2 84 755 39 0 8 2 2 6 1 23 27 1 4 3 1 3 1 0 0 0 47 18 1 33 4 52 1257 5074 2005 1 6 9 2093 37 432 2 3 0 0 0 3 0 0 212 5 30 17 17 1912 2 0 56 4 11 35 130 428 11 65 579 858 250 247 47 506 3 2 3 1 2 472 232 711 3362 14 2 3 58 9 219 10 0 2 0 0 0 0 0 1 1 0 0 0 0 2 0 1 20 0 1 2 0 20 20 18 1 0 1 0 1 3 2 2 6 0 1 2 0 0 0 0 11 13 12 3 10 3 2 19 76 5 32 603 3 13 47 0 0 25 7 6 17 16 0 0 0 0 0 0 8 33 35 498 0 2 0 0 49 56 13 23 295 27 0 9 5 5 87 7 14 64 70 0 0 121 26 0 0 0 1 0 0 0
160 74 157 156 199 173 11 21 4 10 2 68 1 25 16 39 3 11 2 4 7 136 56 293 505 139 505 253 4938 203 742 11 9 14 46 6 5 23 38 526 97 19 426 1 1 26 56 9 9 3 1 1 151 1634 87 7 7919 4 3 1 160 27 650 662 696 2 14611 55 1279 3 2 15 23 25 572 56 5 1 8 0 1 0 351 7290 241 3070 537 4 11 3 233 11 1 5 220 299 8 2 2449 2127 0 0 1 1 0 5 0 1 1 0 1 1 0 4 2 0 1 2 2 6 5 1 1 7 18 3 7 0 0 2 1 2 1 11 0 22 0 0 69 53 14 7 8 0 16 11 0 0 5 78 2 0 1 0 0 1 1 2 0 0 3 1 2 0 2 0 9 19 2 1 4 4 0 0 3 28 0 2 36 5 11 43 10 0 7 33 0 3 2 4 9 10 1 0 3 0 15 1 0 4
11 2 9 3 7 5 2 0 1 3 0 6 1 57 92 87 13 20 8 14 64 278 239 145 99 23 373 241 37 11 57 14 522 4458 138 75 1328 1445 56 121 212 9 98 6 2 6 2458 1 2 2 2 1 46 20 34 2 52 3413 1657 1075 24 3 49 312 190 0 55 5867 211 1 0 54 681 142 2414 9 9 0 20 0 0 1 52 30 92 66 489 0 1 0 26 6 3 2 34 31 0 0 103 291 4 5 3 4 1 8 3 0 2 1 2 4 0 1 1 0 33 7 24 5 98 9 18 85 106 35 64 1 3 5 12 0 7 85 1 94 10 7 607 662 2 69 0 2 101 4 1 0 48 16 24 0 1 0 1 0 0 2 0 1 25 9 7 1 3 6 3 1 1 1 17 33 1 2 0 10 1 1 4 2 37 268 76 2 0 149 0 0 0 27 17 0 3 0 3 1 66 27 1 27
423 8 12 25 110 32 161 12 1 3 3 10 9 328 1361 333 14 501 59 49 32 966 37 398 1132 32 579 581 2345 387 1312 26 58 127 142 92 129 69 3130 150 1245 445 3013 25 51 124 504 4497 108 158 45 58 522 864 208 25 1662 241 221 146 5294 2090 10264 9595 10112 56 1279 211 13897 836 1590 44 85 14 1929 9213 6 5 21 2 402 13 486 880 518 792 579 406 822 109 3825 184 43 111 2041 330 11 56 1109 1241 1 16 0 0 0 0 0 5 0 0 0 1 2 35 22 6 12 20 15 63 109 38 23 17 17 8 21 40 9 21 113 64 5 9 1 32 13 7 118 79 239 45 174 42 26 585 147 8 164 2524 32 178 580 22 12 294 6 41 7 14 0 11 2 1 40 5 193 756 480 243 13 149 49 24 889 1333 89 278 2666 514 3 47 19 97 1893 80 29 217 461 18 1 2072 665 8 14 2 10 14 24 29
76 11 25 12 10 10 10 11 2 13 7 15 3 1 15 9 1 7 1 3 3 22 8 11 7 4 2 2 8 9 14 1 4 1 1 0 0 1 2 3 283 10 29 2 8 3 1 1542 34 40 724 429 1 2 10 4 3 0 0 0 14 7139 1125 15 7 4 3 1 836 7867 1212 5 3 1 7 349 3 1 2 11 382 40 14 4 11 4 1 511 370 19 111 773 3250 1383 539 13 4 1 11 2 0 0 0 0 0 0 0 0 0 0 0 0 0 1 1 1 0 0 1 1 1 0 1 1 3 0 3 2 1 0 1 0 0 0 0 2 0 0 0 1 3 4 1 1 6 10 2 0 2 7 1 267 279 8 3 50 68 80 96 213 1 2 0 0 2 0 0 11 49 8 0 1 0 2 42 9 375 392 82 24 0 1 1 2 84 14 231 64 1639 0 0 535 230 0 9 0 0 0 0 4
14 6 7 2 4 4 2 9 0 3 1 6 1 0 7 3 1 1 2 7 0 6 2 2 2 0 4 0 6 5 8 0 1 1 0 0 0 0 0 1 189 1 18 1 11 5 1 3820 12 52 49 218 0 1 2 2 3 0 0 1 7 2882 344 17 7 11 2 0 1590 1212 7420 1 2 7 6 1109 12 3 1 18 5860 116 6 2 6 1 1 2717 649 36 149 131 92 85 103 5 3 0 1 5 0 0 0 0 0 0 0 0 0 0 1 0 0 1 0 0 1 0 1 1 0 0 2 0 0 1 3 1 0 0 1 0 0 0 0 0 0 0 2 2 0 1 1 4 2 21 4 0 5 8 0 241 235 6 3 50 57 55 78 273 1 0 0 0 1 0 0 12 50 4 1 1 1 0 39 6 347 414 105 23 0 2 2 1 84 8 248 72 1935 0 0 404 205 0 3 0 0 0 0 1
94 9 26 23 362 575 53 13 981 123 135 369 111 7 11 12 6 12 15 5 98 248 133 6 11 3 1 7 64 81 83 1282 3609 425 0 2 8 228 6 6 253 4 9 345 292 27 12 1 3 147 37 61 145 66 90 17 5 786 3 2 78 1 6 15 9 35 15 54 44 5 1 7166 1433 1469 2353 34 5216 200 4657 21 17 86 162 41 158 39 13 95 48 122 382 10 11 2 10 3187 7384 406 25 5 26 9 93 54 5 316 10 12 41 18 102 139 0 0 1 1 19 5 18 3 70 10 34 116 160 23 51 0 4 3 20 3 15 343 1 148 11 3 560 266 0 38 2 28 168 7 2 0 50 45 10 1 3 1 0 1 14 16 2 1 113 70 12 15 14 8 0 9 0 3 82 58 0 1 2 14 2 2 16 2 409 760 353 2 7 1398 1 7 5 51 94 12 0 1 198 12 128 36 3 47
38 0 4 3 130 69 11 4 29 1 2 13 197 17 28 37 20 33 205 40 60 239 199 19 27 44 29 29 17 33 49 209 1445 1184 11 3 25 2950 14 61 190 10 55 2756 424 247 97 5 5 145 8 37 29 16 23 7 8 942 6 15 385 5 23 45 24 130 23 681 85 3 2 1433 10235 2617 2001 75 623 297 6050 21 1 71 41 41 114 49 82 62 74 166 1573 8 2 1 27 1139 72 4 36 7 10 8 15 13 5 38 1 6 2 3 12 20 7 5 6 4 80 36 77 13 449 65 134 217 293 62 135 10 14 13 31 10 19 316 2 197 39 35 1888 1479 19 229 14 13 231 19 5 3 209 241 72 5 4 0 0 1 4 14 1 2 58 44 9 4 18 17 10 31 5 30 78 81 2 12 9 44 4 4 45 7 216 1153 729 9 17 928 2 8 7 97 58 9 11 1 31 6 249 68 11 68
30 3 26 6 37 61 8 4 301 20 22 78 2056 8 20 27 62 1166 7389 696 25 128 20 20 54 24 69 15 16 8 17 39 137 87 33 6 25 907 7 87 76 1 17 2774 445 335 103 2 7 536 28 286 45 31 27 10 6 34 27 5 55 5 10 20 7 428 25 142 14 1 7 1469 2617 1519 144 19 5357 1384 5424 111 36 319 85 45 95 44 144 340 192 365 315 6 10 2 12 173 1903 42 30 4 1 4 5 5 2 32 1 6 4 4 5 11 12 25 57 3 7 49 20 170 168 609 81 35 50 15 29 12 9 44 2 0 2 41 2 21 30 11 253 113 10 87 9 1 53 13 0 3 143 136 38 2 7 0 0 1 11 3 14 10 6 6 2 1 0 7 1 12 2 12 13 18 2 4 1 14 7 5 25 4 54 305 982 2 15 293 15 5 46 20 7 26 5 0 23 5 30 2 2 12
