20.468088246964 24.9089919024533 23.6591690365267 39.1349093380547 51.5862855701415 50.6351736284521 32.2420953947264 26.8352859247238 71.1114389989283 52.7663692707049 86.7023394669944 61.5419968171696 248.205032348633 136.122492472331 118.9233253479 125.960569164421 110.139956792196 137.113242205452 124.43807220459 153.283794826931 116.111650047062 116.173734253301 109.7518603007 184.449507577079 148.918369293213 196.822077433268 155.9427863227 122.120341414112 35.3033751184635 26.5037294596821 49.4510666056796 59.1653297099661 84.6092299076549 114.183313223032 0 0 104.728552246094 113.919927071834 124.575987761875 200.539489746094 99.9979629426334 152.709535598755 188.601658146556 0 184.194464789497 130.911193847656 140.723514556885 207.252759660993 155.984275817871 185.742275782994 141.185890581728 160.751194826652 110.896542126282 84.7621734108977 122.942471089115 118.889620800408 49.323387346602 150.914219326443 136.093154907227 96.5947875976562 143.259044223362 205.850787353516 184.098449294632 192.059806315104 143.636404066819 186.997785295759 98.5532631397247 180.37289983576 147.181902765946 188.604739138955 203.353848048619 109.290456406614 123.2823297601 131.256059265137 155.267641167892 145.610384394614 154.963270187378 211.020309448242 128.267642094539 174.471830514761 187.098683566912 178.760520935059 120.839184671806 107.200448396693 116.423466929173 112.915675386469 170.022959195651 196.672874109069 206.183415222168 188.679092407227 161.871733072642 153.218422102408 175.119201872084 186.728006560227 187.419865397664 67.0113118330239 109.334734523998 58.3494443150769 142.124097290039 125.296811141968 192.771331787109 0 187.173380533854 190.830902099609 0 192.272101151316 0 148.353805541992 198.25466410319 0 182.119989013672 199.021793566252 0 209.318600463867 0 0 152.632827758789 161.231063842773 0 0 189.85440826416 236.682479858398 0 200.912017822266 197.632311503092 178.170094807943 201.775809151786 0 0 203.121963500977 0 227.241683959961 196.027160644531 190.111039055718 0 176.830682754517 0 0 192.685144175654 203.136228561401 191.390121459961 185.828572591146 204.423988342285 211.55234781901 197.547094726563 222.225189208984 176.897911071777 0 206.362584431966 207.704964888723 178.674677530924 242.193588256836 235.071060180664 0 0 196.73942565918 196.840471540179 235.232727050781 191.563557942708 222.338966369629 225.613059997559 225.839279174805 211.203521728516 0 239.505172729492 0 204.762268066406 232.167922973633 233.643493652344 0 211.850761413574 210.201461791992 0 0 214.765416463216 209.85279083252 209.797782897949 237.790771484375 214.349632664731 210.99914855957 181.864463112571 191.286500331334 150.388819694519 180.168533325195 217.016143798828 175.99639415741 216.893592834473 0 232.407302856445 191.621098836263 221.437390136719 235.171909332275 236.176910400391 0 183.067607655245 140.954727172852 203.173333062066 194.473637898763 0 168.095474243164
24.9089919024533 11.1333853461619 18.4367788399885 25.0017028262654 27.0802340228899 40.3697176408933 59.579825245477 54.4381041537229 89.2933894566127 69.3966120187338 61.6945392421035 60.4347592010498 238.866546630859 202.797027587891 112.976509094238 229.164001464844 0 139.748622894287 0 0 106.719607035319 117.278671465422 149.451045227051 199.177210489909 189.204170227051 0 161.162094116211 208.213607788086 89.5317419320345 23.4741406383716 64.9116315841675 49.1993618314228 68.5412471077659 177.736679077148 0 0 0 103.01785736084 115.516494750977 176.245422363281 105.009490096223 149.802108764648 203.870404561361 147.135787963867 0 0 0 0 163.194792175293 199.125005086263 154.549621793959 176.484012328472 139.762244396899 124.785164899165 148.888465040821 134.861906985019 99.1663488241342 0 0 0 165.526428222656 223.398498535156 212.697414398193 233.667495727539 227.755971272786 224.413513183594 107.718035620612 127.349338531494 194.10959815979 197.170177112926 197.325124104818 97.1979009840224 0 149.686314900716 171.870785522461 0 87.2112998962402 0 206.182830810547 167.205165863037 201.303208200555 0 138.353427051905 116.293028658452 123.761865369441 114.846714122875 223.909164428711 209.645636165843 205.217964172363 0 184.370989990234 166.196764353159 189.385076349432 193.043047078451 206.698244535006 119.997848002116 127.649824523926 89.3028205871582 128.358368937174 178.68384878976 196.152694702148 0 206.690434773763 176.434753417969 0 193.091789245605 230.985885620117 0 187.029510498047 145.695373535156 182.017936706543 193.873891830444 0 0 0 0 0 0 0 0 0 0 0 211.797999064128 223.451774597168 0 0 0 0 220.272583007812 238.062683105469 0 0 183.203681945801 0 0 0 0 184.33959197998 191.602996826172 0 0 0 189.911239624023 178.508234659831 0 0 0 0 0 0 0 0 0 0 0 0 189.636077880859 220.520942687988 242.41633605957 230.700210571289 219.698776245117 0 0 0 0 0 0 0 217.269989013672 0 0 0 0 0 238.220520019531 0 0 0 0 191.20387840271 187.970376968384 114.089477539062 0 0 165.254103088379 0 0 0 0 217.571899414062 0 0 0 161.10226579146 235.977233886719 201.158843994141 0 0 0
23.6591690365267 18.4367788399885 11.9631436859724 15.503438311581 95.6472322940826 35.0861031287429 70.1444781122129 28.6425975436667 77.0606702168783 18.1024874417554 41.3063609644554 24.7275457400111 0 0 189.637641906738 218.58056640625 245.105834960938 0 0 0 111.051587007484 115.085259366627 138.76274617513 189.185605367025 154.775340740497 0 205.835558573405 247.382522583008 93.7380102956938 74.1865704239056 143.002945619471 99.3985757827759 99.9391599134965 209.036656697591 231.709884643555 0 0 199.303573608398 125.933052062988 204.703549194336 101.866671307006 0 202.347782897949 0 187.825525919596 178.955261230469 135.197883605957 207.111068725586 170.583630105724 207.713871348988 152.120605311443 176.826513263027 138.752491570059 121.876131174103 146.520754410533 129.188315634 110.503153119768 97.9000625610352 0 0 190.894755045573 245.896682739258 207.134763445173 206.309013366699 220.843592325846 221.018096923828 102.937757990163 143.557575649685 190.084822336833 195.470958862305 204.285988943917 131.481537452111 200.396385192871 114.27450473492 163.579855138605 196.511709594727 144.592769622803 0 198.154670715332 166.438079833984 199.434753417969 186.353741455078 136.614567033176 115.374799838964 119.497988043325 110.156396659824 141.139574050903 205.209797785832 208.575389317104 224.147148132324 207.762090047201 161.927696228027 190.080732646741 191.615634840362 194.466615888807 139.284300910102 89.9430014702582 103.052579583062 142.388340722947 180.985569347035 206.725315974309 197.095645904541 190.950046183268 188.873143196106 184.58065032959 186.705847215902 161.893396230844 161.859019143241 186.597604266668 153.298747722919 175.403610005098 187.326679806057 0 0 0 0 0 0 0 0 178.862747192383 0 0 193.912448120117 197.169864654541 205.190602620443 0 0 0 0 240.420692443848 0 172.994984944661 176.161035391001 0 159.574876573351 0 0 177.659558382901 196.584665934245 0 176.602854410807 0 199.259389241536 188.698019481841 0 0 0 189.876678466797 238.489023844401 222.301040649414 241.27751159668 0 0 0 0 231.326103210449 233.736549377441 214.804260253906 0 222.267619132996 216.882818048651 217.963188171387 0 162.575592041016 0 0 0 0 0 208.107136027018 222.903180803571 0 0 0 0 0 0 224.787704467773 0 170.120608767948 172.30639907549 119.765868377686 0 0 151.058862113953 0 190.104187011719 239.68140411377 219.755508422852 216.287630434389 0 0 0 134.299429729486 165.4508934021 193.400533676147 0 0 171.108497619629
39.1349093380547 25.0017028262654 15.503438311581 12.5354226490605 21.1272129696844 16.7686179888213 67.7097815345315 50.7333735650142 73.8858164007013 67.2638557082728 47.8736718615646 31.4472694741592 0 0 190.282424926758 112.645503997803 105.96667098999 0 0 0 102.784746506635 111.064523106856 93.2393142700195 180.847400665283 152.410505022321 0 149.288040161133 150.479923248291 83.7910066668907 40.2109892914313 39.4721589107966 40.2421543640003 69.6327245590535 164.165126800537 0 0 138.953971862793 180.810737609863 120.751049041748 162.332565307617 96.3182462321063 161.881149291992 215.107881818499 0 184.691207885742 199.152130126953 158.388676961263 186.762573242188 150.387338811701 189.168055216471 148.428902004076 171.741232893202 136.796060808967 116.511504204042 144.762000417322 133.709698147244 77.7210791154341 114.739770889282 0 0 180.401575724284 0 204.218161010742 216.034534999302 167.308237075806 0 97.6583861571092 139.644109090169 171.212300109863 190.300404866536 182.77466583252 96.9822915118674 170.516746520996 146.618403116862 168.398983001709 185.446773529053 138.177341461182 0 139.724029541016 169.839660644531 195.271438598633 197.836769104004 132.814353284649 109.506850725984 114.861117682938 102.994368810821 143.943615253155 203.903694846413 207.400939941406 0 171.51095123291 166.721302563631 185.067304109272 190.976579284668 193.864979858398 99.1930117203017 82.8530469148055 87.9556016921997 119.934200369793 150.203864869617 208.056276957194 242.876556396484 191.876012529646 180.477105947641 183.152160644531 185.94432100108 166.188684082031 159.34455871582 183.517722659641 155.686822255452 178.180236167096 186.936582471504 0 0 0 0 0 0 0 234.54216003418 191.237564086914 0 0 197.207885742188 216.302558898926 0 0 0 0 0 216.012817382812 0 0 171.631432966752 0 162.196768188477 0 0 181.074578179253 187.331337822808 0 0 0 199.653972625732 183.845323944092 0 0 0 167.516098022461 201.524002075195 0 0 0 0 0 0 217.518676757812 213.653778076172 199.55620320638 0 218.54099382673 220.380833943685 212.736541748047 0 0 0 0 0 0 0 204.088439941406 213.3349609375 0 0 0 0 0 0 231.542785644531 0 165.481341818105 169.371170588902 125.574813842773 0 209.373138427734 146.020284098964 208.166687011719 205.121337890625 237.222778320312 196.138473510742 217.688676198324 0 231.859588623047 0 134.730241546631 173.503505706787 206.937176791104 203.935287475586 0 198.666717529297
51.5862855701415 27.0802340228899 95.6472322940826 21.1272129696844 15.1025919954058 25.6850276636225 59.1451009609215 70.865835584913 84.9778301532452 90.3460082553682 52.0346947297817 51.515761851188 115.647979736328 93.3782684326172 108.705288813664 107.933800437234 95.3782943725586 96.1579246520996 121.020617675781 92.4868835449219 97.0576942072505 93.9634481541348 85.6735683328965 150.101451526989 117.601240030924 133.67324924469 158.604497909546 114.57560811724 63.3540445732228 25.4866343368172 24.5886675766949 30.0540738492747 52.5302142974001 78.1581495853893 103.135524749756 78.0488052368164 99.3919101291233 86.2063584013613 113.980011367798 150.285634358724 89.1917337619673 142.889696393694 162.273011888776 70.6192199707031 123.560991923014 151.151769002279 115.902626037598 160.483444213867 147.216790517171 139.907318115234 141.893055410946 166.330508063821 127.119391827778 107.056887572293 138.722902411384 119.404460417919 46.1229788594353 55.8681664466858 0 77.3657379150391 114.057420804903 0 170.059325154622 161.355625353361 120.64133597709 141.71901957194 77.0432620024561 105.593383789062 135.874028361927 178.812687683105 182.356979370117 60.0857762500067 83.075766812838 90.1832953788139 72.7187187671661 128.877199663435 66.0124383814195 92.5889015197754 72.6964120864868 180.708160400391 192.760143777599 170.707992553711 125.961551351162 98.8239130530852 105.669943468125 90.3436152951029 101.579235839844 191.019374500621 199.957969665527 129.985000610352 141.399072912355 149.517980760144 172.090987594039 187.190789794922 177.640096187592 16.2589461639437 82.6916014671326 84.1402351379395 76.6373090923957 43.8139705147806 207.062133789062 212.10619354248 179.339962005615 165.18323135376 0 179.202038739179 167.042335510254 136.47428894043 177.649124145508 155.269115447998 168.815512084961 180.268822987874 0 183.33650970459 167.28141784668 0 161.820729573568 0 157.007390340169 0 169.710418701172 234.911468505859 159.98363494873 172.382619684393 174.35542755127 0 163.924362182617 0 0 197.116844177246 0 0 161.746040344238 162.937202052066 0 149.10901184082 178.913914998372 159.585388183594 168.809459407155 169.066400279169 174.64817199707 190.386957804362 189.7751121521 0 180.236028035482 0 184.588409423828 0 184.027842203776 192.131467736286 167.790702819824 0 230.867332458496 0 205.267288208008 0 197.53515625 0 210.238016764323 0 213.425886154175 212.019052124023 0 0 177.637817382812 0 189.052764892578 207.273056030273 0 136.107318878174 198.379493713379 192.854558308919 238.771331787109 0 239.667587280273 188.886119495739 0 0 200.886831110174 195.591690063477 151.210205459595 153.192247439653 122.966122218541 0 204.479904174805 145.572251582491 0 145.080902099609 0 177.537307739258 205.468617757161 219.63493347168 234.725463867188 0 128.68535559518 198.10791015625 175.320465087891 166.937271118164 0 192.488143920898
50.6351736284521 40.3697176408933 35.0861031287429 16.7686179888213 25.6850276636225 13.7342825846722 68.8859264303785 44.9520458636424 66.8529932274009 22.4976957736455 36.3095768356323 25.0970574365739 91.4192657470703 150.73844909668 147.192578125 120.905109405518 97.9269943237305 104.647174072266 154.684757232666 103.714069366455 99.7799593508244 98.8134272214474 91.2671102905273 181.902467515734 124.901465566535 149.712631225586 201.192933824327 175.370693206787 86.1287384693185 49.9616469465862 46.963528112177 18.1098303427705 34.6367525841362 92.9808431352888 233.6162109375 0 90.4228420257568 88.0830377030046 124.727368672689 167.51456124442 95.2426195551288 136.123174031576 190.343734741211 82.6578254699707 131.704238891602 190.698356628418 154.308853149414 181.880470275879 162.118045171102 182.737854003906 153.29810845674 181.632325451783 137.521098857023 127.110428076524 146.64072614971 127.628313083841 73.6509859421674 28.4036338401563 0 0 118.127894247732 0 193.893981933594 201.999703725179 157.6282972856 120.307163238525 98.134160477302 124.358842468262 147.695127487183 186.625894165039 191.068058013916 50.7734414540166 84.1115290323893 95.484634211806 91.9318470099034 145.254648648776 61.6556789792817 0 67.7891234657981 178.197460174561 199.39572282271 194.81831817627 137.460361626101 112.006664980639 115.548411631548 102.020650437641 133.521960258484 205.17238408869 190.000513712565 211.781555175781 148.15042478388 159.322468519211 188.259259454135 194.72879486084 186.205442729749 27.3332905527325 56.1508043012546 90.3175002204047 120.286430252923 143.948913172672 193.768166037167 0 185.558675443209 176.758177153918 165.404532296317 178.614253088417 159.787591552734 143.731669616699 176.356734381782 147.22699870234 168.82714488094 178.2823467931 0 202.654357910156 0 235.443054199219 146.768325805664 0 158.085601806641 185.332489013672 164.008804321289 148.928771972656 159.35090637207 166.782012939453 178.504577636719 141.181330362956 155.966794967651 0 0 0 205.996673583984 0 176.045913696289 167.400096012996 0 165.429544721331 0 0 166.189016432989 174.392861106179 177.704010009766 178.74133682251 203.520645141602 189.680718994141 174.197052001953 0 0 239.488052368164 160.260205078125 200.579183959961 174.17854309082 0 240.411209106445 225.237091064453 0 186.349411010742 235.799446105957 229.720785522461 237.606781005859 246.541839599609 210.307582092285 213.060221354167 0 198.234886169434 199.964370727539 0 183.11003112793 0 246.703628540039 161.124549865723 201.177911931818 187.270762125651 0 0 0 184.638102213542 238.685684204102 237.766632080078 201.257957458496 0 158.940636082699 160.540102738601 111.421472649825 0 0 139.113723144531 0 197.012741088867 243.993637084961 173.791976928711 209.000885009766 220.240005493164 0 0 128.820457111705 150.371448516846 196.366851806641 190.685180664062 0 151.48560333252
32.2420953947264 59.579825245477 70.1444781122129 67.7097815345315 59.1451009609215 68.8859264303785 15.4759698005765 29.8282661815229 18.6573994922418 38.5942681668093 61.3880202291141 75.2546472250793 0 116.768913269043 136.525265086781 125.862639835903 108.937288920085 168.332916259766 0 107.341972351074 113.244073275862 120.366704066594 107.796916668232 162.401473999023 178.740061442057 118.305847167969 174.042335510254 118.812721839318 23.3517707907832 50.3510641532542 56.5316246627377 57.7528896331787 86.4240094698392 96.2943115234375 126.671928405762 0 107.343338012695 111.797511577606 129.926122283936 232.721038818359 89.2288817003899 164.442451477051 181.424532722024 0 169.80052947998 148.419555664062 0 0 145.830780029297 175.894156319754 123.617910558527 144.01947719029 90.1102960482819 61.9753566348802 103.861322634337 97.2461039360533 55.1163860769833 198.960098266602 0 0 144.056211925688 190.195953369141 190.209706233098 181.009078979492 138.554425375802 183.989634195964 117.530213095925 116.231498718262 145.229009355818 176.092179870605 170.14421081543 84.275152818212 110.94071821733 126.393461704254 127.11742737714 156.386496225993 56.0477115924542 0 111.605176289876 140.425002204047 168.338324955532 151.879974365234 101.783627586744 99.8631451924642 103.60215475485 123.968662685818 124.796850585938 178.297152709961 209.40852355957 170.02082824707 160.742070388794 126.636463858865 157.390926784939 175.647223839393 175.499846825233 72.6515840024364 31.5508966012062 23.4776824826764 128.063271416558 127.22809566151 190.100250244141 0 180.653739929199 118.637588500977 0 152.434916569636 135.34939956665 0 156.034650166829 134.603533426921 151.47904586792 158.470640563965 0 0 185.612457275391 0 188.914413452148 0 0 208.979331970215 182.95258585612 185.444923400879 0 205.856567382812 220.20044708252 167.697509765625 225.795455932617 0 0 0 0 0 0 182.854645729065 0 175.758026123047 0 0 188.414956410726 202.004018147786 0 0 226.469718933105 0 178.062675476074 217.180206298828 0 0 199.541213989258 210.263061523438 0 0 0 0 0 0 246.135238647461 248.259460449219 0 227.855972290039 215.772895812988 182.108942667643 0 0 0 0 0 217.821701049805 0 162.019371032715 193.300710042318 0 0 0 0 212.849266052246 0 214.77360534668 209.398259480794 0 144.132256317139 172.391224947843 126.972442626953 236.016571044922 212.848220825195 160.558568137033 0 162.869445800781 212.886215209961 0 219.347526550293 243.811309814453 0 0 114.947329203288 129.05290222168 0 218.935272216797 0 0
26.8352859247238 54.4381041537229 28.6425975436667 50.7333735650142 70.865835584913 44.9520458636424 29.8282661815229 13.7040457290103 16.142859504557 19.4968958778231 44.378625420504 45.3633882830166 0 0 0 166.608001708984 147.892837524414 0 0 0 129.800039503309 147.046223110623 208.437072753906 206.292045593262 142.330032348633 0 0 173.970611572266 97.7264274218068 56.4004726835995 99.3430070082347 98.1256759643555 107.123188018799 127.861968994141 0 0 0 136.791648864746 196.436716715495 232.306243896484 92.6167672590776 156.371147155762 193.24221496582 0 223.561096191406 0 0 180.960845947266 143.368185043335 184.174919128418 137.521406832608 161.534084984319 116.491512129042 89.151627473377 126.135939312964 105.448835137185 110.438131604876 0 0 0 247.349578857422 0 226.288093566895 238.141563415527 157.950454711914 206.49080657959 115.983428955078 0 206.402556101481 177.475581776012 184.41736178928 142.42579298753 154.614116668701 127.108850479126 179.600662231445 196.333740234375 143.812566121419 0 169.42512512207 163.46665250338 183.101975940523 169.927210489909 118.874046925407 107.346973039717 107.691727943027 110.384403360301 183.84375 201.004456583659 200.492485046387 0 180.990036010742 141.295656169545 174.7502476207 179.034639146593 183.366719818115 119.087200501386 54.585378405414 47.7396229246388 154.525085449219 138.250728607178 156.09358215332 0 162.942400251116 169.309871673584 0 173.998645081812 129.260288238525 117.52739461263 172.552822875977 159.090047200521 161.181930541992 173.118792215983 0 0 0 0 0 0 176.506256103516 0 197.503829956055 0 0 0 0 0 0 0 0 0 0 0 0 187.721183776855 0 0 0 0 218.92737197876 181.464879353841 0 220.088188171387 0 0 155.336624145508 0 0 0 0 0 0 0 0 0 0 0 0 0 0 216.07112121582 228.256690979004 0 0 0 0 0 0 0 0 0 245.823379516602 218.999206542969 0 0 0 0 230.549789428711 240.381912231445 0 0 159.848713466099 203.119784268466 186.647430419922 0 231.382522583008 177.012570063273 0 0 222.83219909668 198.9716796875 221.693740844727 239.563461303711 0 0 113.496455964588 155.789708455404 168.647125244141 226.810806274414 0 0
71.1114389989283 89.2933894566127 77.0606702168783 73.8858164007013 84.9778301532452 66.8529932274009 18.6573994922418 16.142859504557 7.16696096338705 22.8561663905432 41.7833396295185 66.1518411483765 81.4976913189066 0 0 0 0 0 160.830505371094 168.672134399414 89.3776880900065 96.4058237075806 69.6679000854492 0 79.984489440918 159.893920898438 0 0 55.6611073811849 81.0614426022484 81.3251571655273 54.4404740333557 61.2281747729049 78.7630348205566 0 0 0 127.570744832357 0 146.018714904785 98.8099116734096 0 230.283683776855 115.989349873861 99.9367079467773 145.102594648089 0 188.190139770508 133.296783447266 108.797171320234 156.319076061249 150.470195638722 82.2893451552793 65.2735701474276 112.299641472953 124.828674316406 122.459790547689 58.6284046173096 0 0 103.226165771484 0 142.684382120768 0 0 93.0698576281148 92.8838520050049 107.731315612793 245.095443725586 179.544914245605 0 58.0699945113467 89.641293755893 38.5769874978303 106.931851704915 140.708689689636 41.2918067106112 51.46631569558 66.3890969085693 138.924031066895 168.257824984464 130.99820835429 120.561465236119 128.490249633789 110.530530782846 90.5651067097982 0 146.783234467378 144.084435798752 125.892468463415 131.427621424883 152.234588623047 156.362335205078 0 162.915682983398 83.1018137724503 17.315888291272 27.1220565242057 106.575622558594 173.384094238281 141.366088867188 218.996612548828 206.375671386719 144.857511901855 0 137.66216506958 213.860504150391 97.9692287445068 134.432327270508 172.647796630859 127.312632751465 140.474493546919 0 0 0 0 0 0 0 0 126.808944702148 0 0 0 127.981266566685 0 108.403221130371 0 0 0 135.453552246094 0 173.024185180664 118.067730174345 0 126.054092407227 0 170.84651184082 121.438748952505 140.144706726074 0 0 0 142.341415405273 117.975168863932 219.706771850586 0 0 109.664560953776 0 0 204.178375244141 170.332427978516 0 0 190.0126953125 195.693885803223 0 177.187647501628 0 199.275151570638 165.816539764404 0 0 146.007942199707 0 0 0 178.717864990234 107.084533691406 146.862380981445 129.138080596924 0 0 212.73073832194 208.399047851562 214.26171875 214.376708984375 187.724084036691 144.470840454102 116.02520350406 110.479398091634 52.7794632230486 0 187.168156941732 93.098749741264 164.719326019287 195.720591227214 225.504359654018 122.204296112061 163.075649261475 208.12572479248 205.635360717773 0 83.1404304504395 131.472864786784 155.416903177897 177.470932006836 0 111.999404907227
52.7663692707049 69.3966120187338 18.1024874417554 67.2638557082728 90.3460082553682 22.4976957736455 38.5942681668093 19.4968958778231 22.8561663905432 11.968983667773 20.4349378306257 22.6442282941538 0 213.195999145508 0 163.98908996582 0 0 0 108.430244445801 98.2192033131917 113.466448857234 0 179.100997924805 0 0 204.563568115234 0 81.038301176944 80.6427762537827 120.077804163883 68.8304821650187 71.1292045593262 232.268432617188 0 0 0 151.952463785807 0 0 87.8186459908119 123.623558044434 160.917320251465 0 0 0 136.186859130859 167.910934448242 165.790866851807 176.748523712158 132.790643846666 154.213215221058 100.511009182249 94.4963718136608 121.90077118325 111.671670428777 150.048805236816 60.3432273864746 0 0 150.093368530273 0 210.498107910156 225.132339477539 0 191.789169311523 114.681419372559 156.212242126465 174.289265950521 172.220786461463 168.439295450846 56.7394287915734 165.700103759766 69.3135520935059 197.033866882324 178.480234781901 28.738946606984 0 103.722363789876 150.965873718262 183.762648991176 175.466748046875 119.193706384169 103.773498496624 103.901211860097 112.259329223633 0 187.030543736049 191.83438873291 153.480758666992 208.949035644531 149.793200069004 164.284407842727 180.147196451823 183.580104827881 111.888269944624 16.4069280209249 47.9813886110376 93.4214706420898 157.648419698079 167.914182222806 184.521270751953 161.686686897278 153.389497005578 146.88939666748 154.662435276957 130.093410785382 112.96872414483 151.238999224724 118.015007573908 143.437693958551 155.681595237392 0 0 0 0 0 0 245.133026123047 0 0 0 132.221694946289 155.867421468099 191.656590779622 0 0 0 0 0 0 0 144.462280273438 146.382530975342 0 182.282808939616 0 0 181.266632080078 165.347579956055 0 0 0 164.003349304199 170.97887802124 167.071624755859 0 0 139.728271484375 0 0 0 0 0 0 144.007873535156 227.780433654785 217.778096516927 200.709625244141 0 200.682954788208 194.364107131958 188.977416992188 0 148.093063354492 0 0 0 0 116.705238342285 197.98105430603 0 0 0 0 0 214.636993408203 0 0 0 146.026152677314 147.424184279008 106.346909956499 0 0 130.986835811449 0 0 217.337344360352 213.030990600586 190.285841200087 0 0 0 104.894483035124 111.26987584432 176.118530273438 0 0 0
86.7023394669944 61.6945392421035 41.3063609644554 47.8736718615646 52.0346947297817 36.3095768356323 61.3880202291141 44.378625420504 41.7833396295185 20.4349378306257 8.08138113967362 16.3669636837173 0 148.652206420898 0 174.20783996582 0 0 0 0 99.5847511291504 103.084079742432 84.3207511901855 0 0 0 207.662612915039 0 108.593251777418 65.6788516173492 71.9034676985307 39.8586513270503 29.3053461735351 0 0 0 0 0 0 0 97.7510743334114 0 0 0 178.187881469727 0 0 0 179.492462158203 219.527359008789 147.062488902699 172.985824997361 122.54588387937 113.338698577881 141.920253448486 125.291140336257 79.8719177246094 0 0 0 0 0 0 161.623992919922 211.030344645182 0 115.684177398682 0 213.850616455078 200.63266645159 182.935134887695 29.531579068855 170.94132232666 74.2530968405984 179.86882019043 134.360733032227 43.4173032045364 0 72.2070989608765 0 195.730772752028 188.251579284668 136.445194606674 122.611000061035 114.947842435139 112.138153711955 0 199.56288655599 0 0 191.645431518555 164.10309753418 178.318739318848 189.445546468099 195.676409912109 147.794949054718 22.6658903356293 71.4751924697322 117.554487228394 195.762359619141 172.129957372492 195.207420349121 170.806815611113 167.751076739767 168.180938720703 164.887076824794 147.016894836426 133.979378170437 166.230972508022 128.276496108697 154.903721124354 163.046141433716 0 0 179.818450927734 0 0 0 0 0 0 0 0 160.643989562988 198.084869384766 0 0 0 0 0 240.298625946045 0 162.087105887277 158.766325683594 0 136.134620666504 0 0 166.8825340271 158.37300491333 0 0 0 186.556831359863 168.305672781808 0 120.231590270996 0 158.199249267578 161.818695068359 0 0 0 0 0 0 244.239318847656 223.518989562988 0 239.306594848633 205.287299156189 202.77591196696 180.526092529297 161.689094543457 0 0 0 0 0 119.957878112793 196.93434377817 181.613597869873 0 0 0 0 233.767608642578 0 0 0 147.99699083964 150.733802564216 98.6768910725911 0 0 120.188916602502 0 0 246.297454833984 185.456378936768 201.99107430198 0 0 0 112.226975457143 131.067983453924 182.103133307563 175.59587097168 0 162.574226379395
61.5419968171696 60.4347592010498 24.7275457400111 31.4472694741592 51.515761851188 25.0970574365739 75.2546472250793 45.3633882830166 66.1518411483765 22.6442282941538 16.3669636837173 12.1884959836861 222.615509033203 164.042205810547 120.364593505859 182.284820556641 177.080444335938 153.855244954427 0 124.119285583496 106.061420224748 107.924251849835 107.575569739709 203.703225272042 125.919541041056 193.084846496582 199.284732055664 204.513366699219 107.029613583587 66.4391524910418 63.4991156179694 18.2684503161771 22.5469075512412 165.278985977173 0 0 158.86791229248 120.154954020182 130.816650390625 186.719314575195 102.11591579526 153.59114074707 200.074647903442 96.6884104410807 164.215906143188 0 0 0 168.8346824646 198.89134979248 160.004579816546 176.096563833731 137.022629686177 130.942979939779 151.701990979783 133.893667093913 95.1272647857666 110.071311314901 0 0 165.699703979492 194.272354125977 204.33379473005 209.281060791016 203.388448079427 0 113.356798845179 155.515932718913 181.637689208984 208.535927327474 206.872988382975 40.0389812968288 140.749466529259 83.7910793989133 159.338979085286 156.853922526042 50.2307573679331 101.86446762085 105.271377722422 186.613864898682 207.147263420953 191.237142944336 145.337409973145 124.001058464376 122.607513989205 109.765048640789 137.716530539773 200.189466688368 221.376581827799 241.75798034668 148.333979662727 159.971426669034 193.707463418284 200.795555114746 211.780300685338 57.1024823732543 38.8428971982416 86.7640934526019 127.032059178208 162.902787780762 196.308615184966 198.28519984654 184.913534349011 179.004441948347 170.599099477132 180.016567755039 164.099684865851 155.992000702889 182.95620059967 143.562804298839 169.749797581475 179.556285119004 0 0 0 0 143.998458862305 0 176.083984375 0 190.120704650879 0 167.489028930664 184.34621221369 184.644776662191 180.780838012695 145.781623840332 0 184.896759033203 0 230.584335327148 150.534889221191 170.806915283203 167.337542057037 0 157.035602823893 0 0 167.627092285156 157.319250106812 0 167.814361572266 0 197.496035003662 181.862131500244 221.736068725586 0 0 144.400049845378 206.786308288574 200.063209533691 0 243.469085693359 213.230606079102 0 162.957443237305 236.068283081055 230.054013252258 231.485862731934 0 219.13758074651 210.999392032623 211.552797953288 222.202812194824 0 0 172.716812133789 0 0 152.075500488281 204.545234231388 197.571804340069 0 0 0 0 0 0 204.373783111572 0 162.677693255536 160.475937411316 108.076632591986 0 0 136.633119624594 0 193.753601074219 204.53662109375 199.151916503906 215.946091233638 211.239692687988 0 164.973892211914 125.428657515117 160.869828157647 192.403645164088 190.170593261719 0 180.77819442749
248.205032348633 238.866546630859 0 0 115.647979736328 91.4192657470703 0 0 81.4976913189066 0 0 222.615509033203 9.97892364366847 0 212.952346801758 114.315158843994 89.1392593383789 84.4907828381187 31.501257040375 60.0104546707668 0 197.166229248047 0 76.389638264974 0 0 67.0584879981147 83.4546893575917 118.929801940918 148.115875244141 0 93.650203704834 100.260620117188 148.333709716797 107.534790039062 133.893661499023 0 76.6491908797299 133.97043800354 0 84.1242932406339 90.5962142944336 100.858274459839 23.1778578467242 15.5631940205925 24.1913127125287 0 139.990161895752 92.3063252766927 55.1311519225438 98.2781982421875 98.0667159136604 170.800647735596 136.476577758789 0 0 0 0 0 0 139.041375054253 132.855955123901 100.810462258079 90.7144913306603 91.6681991577148 29.3835806680153 191.985702514648 72.9613723754883 132.726104736328 108.156572977702 88.5073471069336 82.0678156259898 77.5866064662256 33.9887381870923 124.437553405762 98.6275860713078 62.6747641745127 18.135488373543 62.0568385273421 78.7690452575684 110.830728530884 70.4661643084358 0 0 0 0 0 92.9895974311276 82.1658430099487 50.8223024606705 50.0441683534821 109.758768717448 0 0 86.2999219894409 100.824307759603 73.4861455312589 118.611770629883 183.195327758789 0 0 0 161.922454833984 0 0 167.792922973633 0 236.357299804688 0 0 0 0 0 99.7255617029527 83.7247001523894 100.00358581543 160.276847839355 102.700217022159 0 92.3852909550522 136.313196182251 99.5228777069976 139.627108764648 200.636444091797 0 107.446273803711 189.054534912109 124.731321970622 0 107.599484228319 172.324523925781 164.071273803711 162.767333984375 219.109527587891 0 146.62406539917 0 126.221618652344 139.220582580566 162.871463775635 89.1235379900251 180.161688232422 103.61065864563 0 137.300265919078 124.336495832963 83.9639190673828 78.1013650894165 112.89527130127 94.964611048635 0 144.635363260905 140.960848490397 179.042831420898 0 98.5440330505371 0 0 183.705505371094 156.43775177002 0 0 0 0 144.111434936523 154.597366333008 89.4197067260742 116.985107235792 130.459625244141 44.5432982290945 0 159.33464050293 164.659479777018 0 123.231168306791 95.4484797510607 152.023971557617 154.913083394368 110.342428056021 121.877550125122 0 161.079345703125 49.5671872088784 135.85823059082 120.725965118408 135.78345489502 154.280578613281 96.4940808614095 159.081039428711 162.312149047852 0 134.920171534761 140.442006429036 0 0 0 185.79606628418 167.182922363281 0 184.11051940918
136.122492472331 202.797027587891 0 0 93.3782684326172 150.73844909668 116.768913269043 0 0 213.195999145508 148.652206420898 164.042205810547 0 22.9394470503833 29.6577086048297 58.1397010621114 27.7099032438163 127.755920930342 145.729327610561 97.7180502755301 97.678108215332 128.582963562012 66.6613220659275 82.8227590591677 130.829605102539 72.1930015087128 49.1564632908998 41.1515495023047 118.475083719889 107.773198981034 86.7024243672689 0 84.3045153617859 79.0588964031589 35.0885760486809 21.8668636061083 26.3310906515493 82.4433573209322 60.4292203994024 51.0203893744584 74.5826757455174 83.8157068888346 87.9540579277172 0 0 177.94287109375 66.2904753191718 162.390289306641 100.162583200555 0 148.633413314819 183.62092590332 174.100335257394 147.715693664551 185.832141113281 142.845550537109 105.051523007845 66.5789863586426 50.6762171795494 33.3534415100442 112.489889272054 138.069976806641 126.111204964774 75.1496272424255 67.6642105193006 0 121.68196685791 70.6913557219924 76.9374367318502 135.851348876953 0 93.4597985403878 92.9323883056641 76.4696230888367 80.2256856094944 90.3379804823134 0 0 0 0 0 0 168.271029304056 136.501760694716 143.507030487061 132.11000932966 115.858278910319 0 137.199974060059 0 150.418532689412 125.344993954613 149.678909301758 131.906318664551 130.212384414673 91.0641682942708 0 0 99.3927591111925 83.2123268351835 0 0 0 0 0 0 0 0 0 0 0 0 143.411669921875 165.838259887695 111.013633728027 109.076988220215 129.899932861328 139.617356662093 147.363573247736 139.723866992527 149.443171977997 146.199978120865 136.139767279992 146.99543762207 0 124.885513305664 122.261968824599 224.869415283203 153.158172607422 148.643658108181 0 0 0 0 122.251091003418 143.245803833008 150.934186662946 135.30466003418 166.879413604736 153.307110126202 123.312362670898 147.900775146484 185.5953125 0 143.239300447352 151.499580383301 0 0 134.645164489746 162.083601209852 173.413749694824 0 187.027709960938 0 185.121871948242 0 0 0 0 0 180.674942016602 0 0 0 165.688499450684 0 0 179.21403503418 153.158386230469 0 0 153.896835327148 0 0 217.670753479004 198.770568847656 0 0 184.073394775391 0 0 140.371747334798 96.2732360839844 0 0 142.684745788574 0 0 0 164.030029296875 0 198.361557006836 182.980529785156 0 137.759124755859 0 199.118057250977 163.896179199219 152.249908447266 0
118.9233253479 112.976509094238 189.637641906738 190.282424926758 108.705288813664 147.192578125 136.525265086781 0 0 0 0 120.364593505859 212.952346801758 29.6577086048297 10.898754854871 30.349790664613 17.3600611165837 47.7642939879379 74.2259580641985 10.2355792444003 102.173961639404 135.583153533936 62.4708729515673 84.2330999783943 104.378484090169 73.968799350498 44.9771864513954 30.5848562898393 119.326344867085 107.863558654785 85.3077025121572 96.6078590393066 84.6601437655362 76.4920970131369 48.0425873358403 26.4627139614994 24.2198939903445 58.8002793884277 43.4176248605937 60.7025997109787 68.9475093206211 77.2825581276254 97.0315755088374 107.21911239624 144.075784301758 110.966571807861 78.7174962548649 153.055633544922 95.3200815533279 146.111241149902 121.29439912019 179.101314544678 169.858442942301 157.077635765076 177.836566501194 169.372264862061 107.693101782548 61.0731413570451 48.4840883401724 28.7557600495443 72.9220477967035 110.031357901437 109.453015104253 79.8916820585728 58.6508184652315 149.948164367676 144.316075325012 66.4174716783607 66.2217734629052 156.790784708659 160.434646606445 91.5649323896928 90.1337671279907 80.691467666626 75.3228491120908 98.4116141764323 219.966621398926 196.488967895508 186.381595611572 0 150.985499790737 0 184.739555358887 160.101707458496 148.685039813702 134.519190861629 134.709646860758 166.359937879774 131.207811991374 140.300235523897 128.566433234293 118.220595183196 145.623128051758 131.617411257616 119.682969338136 83.0998085685398 186.642852783203 149.512981414795 91.3842586170543 80.7792963001826 0 0 0 0 0 159.320388793945 0 0 0 0 0 0 114.483807155064 123.993879879222 140.337291717529 120.881404876709 165.892061869303 141.760421485232 141.196192423503 145.14467048645 131.818793184014 143.828552738313 133.192817247831 146.941040039062 168.339955647786 122.442649841309 128.856885433197 164.902715682983 142.628093372692 140.562848691587 227.929122924805 230.141693115234 0 161.706845092773 142.653396606445 165.56046295166 138.519370555878 114.853619257609 138.890926438935 140.35498609997 135.096866260875 135.853381577358 152.264501953125 194.805526733398 143.497751737896 175.259172227648 159.873428344727 179.511199951172 114.769769174081 144.232394478538 132.950392041888 198.077810668945 167.119895935059 0 0 184.048711140951 0 0 0 0 211.923049926758 0 0 0 152.212646484375 134.707777404785 130.08687210083 173.863145446777 197.536964416504 140.778623580933 180.5029296875 157.617279052734 224.790237426758 128.574289957682 182.005877176921 184.387491014269 0 215.501291910807 189.786065908579 178.386360168457 142.554512023926 127.408793585641 79.951805750529 0 172.640853881836 129.233204650879 222.221466064453 118.669746398926 200.276184082031 0 202.304229736328 193.213063557943 204.35912322998 0 0 0 158.000820159912 147.314559936523 172.790725708008 168.854225158691
