48751 10116 11761 2436 1828 3019 10563 12141 164 3389 145 2066 0 1 0 0 4 3 3 1 147 74 5 10 27 1 5 3 6363 12242 240 308 182 24 2 0 5 16 1 10 878 2 17 0 4 1 3 7 41 0 171 203 989 1447 481 118 79 13 1 2 1 11 19 2 5 1 636 14 32 35 6 117 29 26 179 10 81 0 66 9 128 4 1317 822 1028 141 19 44 19 0 3 332 111 34 33 141 87 1225 54 30 46 5 24 6 7 22 30 27 63 76 41 82 0 0 0 0 0 0 0 0 4 1 2 0 1 0 0 0 0 0 21 0 16 46 0 8 0 0 28 7 0 1 0 0 10 0 0 0 3 0 1 0 1 0 0 1 2 4 2 4 3 4 3 4 0 0 0 0 0 0 4 3 0 0 0 0 1 0 1 1 34 51 9 4 0 71 3 0 6 4 2 1 1 5 47 11 3 0 0 0
10116 20534 5148 7210 2987 2549 412 233 19 544 105 1518 0 0 0 0 3 0 3 0 68 45 3 3 14 2 3 1 489 2784 183 63 60 4 2 0 1 5 0 3 301 1 7 0 1 1 0 3 13 0 54 36 131 281 86 67 62 3 0 0 1 8 2 2 2 0 229 4 17 5 0 43 10 10 54 1 26 0 11 3 22 2 405 256 455 64 10 12 2 2 6 90 25 9 10 35 12 77 29 14 8 5 11 2 8 11 3 6 12 19 15 18 0 0 0 0 0 0 0 0 0 1 1 1 1 0 0 0 0 0 13 0 1 16 0 2 0 0 7 3 0 0 0 0 1 0 0 0 1 0 0 0 0 0 0 0 0 1 1 1 0 0 3 2 0 0 0 0 0 1 3 1 0 0 0 0 1 0 2 0 23 13 5 2 0 14 1 0 0 0 1 0 0 3 10 5 2 0 0 0
11761 5148 10711 15076 464 5894 529 5728 77 4165 684 11518 0 1 1 0 2 4 6 2 257 163 11 15 24 3 15 8 550 508 286 28 54 11 4 0 4 13 1 7 807 2 24 1 0 1 3 7 20 1 101 92 349 606 234 125 136 6 5 1 2 14 23 7 11 0 680 6 49 16 7 148 32 25 29 14 228 1 79 2 65 0 946 689 1187 177 22 19 6 4 7 190 45 26 22 39 62 112 80 34 30 24 80 16 14 41 20 27 71 85 56 88 0 0 0 0 0 0 0 0 1 1 0 4 1 0 0 1 0 0 47 0 17 62 1 17 0 0 42 16 1 0 0 0 11 0 0 0 7 2 1 0 0 1 0 0 1 1 2 2 6 10 4 6 0 0 0 0 0 0 6 2 0 0 0 0 0 0 0 0 82 81 4 4 0 87 2 0 1 0 16 0 0 6 39 13 10 0 0 1
2436 7210 15076 19659 7767 13294 337 184 10 692 303 3930 0 1 0 0 3 0 5 2 134 65 8 6 11 0 5 3 546 1602 691 59 50 5 1 0 1 4 1 5 406 4 15 0 0 0 0 3 8 0 35 36 146 287 97 50 128 0 1 0 1 5 15 2 6 1 391 5 32 10 3 80 9 17 51 0 92 0 44 0 17 2 368 352 536 82 9 15 2 3 1 71 25 4 13 38 39 47 32 16 18 13 56 6 7 17 9 6 21 41 34 33 0 0 1 1 0 0 0 0 1 0 0 2 2 0 0 0 0 0 23 2 7 42 0 7 0 0 15 8 0 1 0 0 6 0 0 0 1 1 0 0 0 0 0 0 1 0 0 0 3 5 0 3 0 0 0 0 0 0 7 2 0 0 0 0 2 0 1 0 38 30 1 3 0 46 1 0 0 0 5 0 0 1 7 2 3 0 0 1
1828 2987 464 7767 12530 11148 427 121 26 138 40 2314 0 0 3 7 2 3 1 1 80 76 2 4 13 1 10 10 851 6699 11747 1486 281 46 0 0 5 8 8 2 129 2 20 1 0 1 2 9 5 0 27 32 144 266 59 18 322 27 1 0 2 10 20 7 28 1 204 11 115 10 5 56 13 9 352 18 15 1 31 0 13 1 171 164 243 49 10 6 1 1 4 46 17 6 8 2227 31 88 24 47 8 4 11 4 6 10 5 4 19 25 16 27 0 0 0 0 1 0 0 1 1 0 0 0 2 0 0 0 0 0 14 0 3 27 0 6 0 0 15 3 0 0 1 0 2 0 0 0 3 2 0 0 0 0 0 0 3 1 1 0 0 1 2 1 0 0 0 1 0 0 3 3 0 0 0 1 0 0 3 1 18 26 2 1 0 29 0 0 0 0 2 0 1 1 8 2 2 0 0 0
3019 2549 5894 13294 11148 20378 664 314 48 1061 264 19709 0 0 3 8 4 1 2 3 241 195 8 7 24 2 7 12 994 4939 6485 2835 809 65 1 0 6 25 10 10 452 9 32 0 1 0 7 6 4 0 46 47 193 415 117 50 167 34 5 1 2 13 32 8 23 1 553 15 127 12 6 190 30 37 1854 10 112 1 95 2 35 0 394 357 725 145 20 8 8 3 2 78 29 6 8 1597 59 116 69 38 39 27 50 11 14 45 17 17 69 88 74 105 0 0 0 0 0 0 0 2 2 1 1 5 1 0 1 0 0 0 55 0 13 91 0 17 1 0 37 18 0 1 1 2 10 0 0 0 6 4 4 0 1 1 0 0 0 1 1 0 3 9 4 2 1 0 1 1 0 0 13 4 0 0 0 0 1 0 7 2 87 113 9 0 0 136 0 1 1 1 13 0 1 4 39 8 2 1 0 0
10563 412 529 337 427 664 11088 8589 1327 2959 95 545 0 0 0 2 0 0 1 0 32 31 2 5 6 1 2 3 2780 1998 104 187 78 12 2 0 1 7 0 1 90 0 15 2 1 0 2 2 10 0 57 58 749 878 166 16 12 13 0 2 0 1 13 0 2 0 117 6 19 16 4 126 16 12 79 2 86 4 58 4 29 1 266 152 133 21 6 11 1 2 0 91 40 7 7 117 258 5538 8 10 38 8 34 15 5 19 31 28 61 79 39 80 0 0 2 0 0 0 0 1 3 1 0 3 0 0 0 0 0 0 16 0 10 27 0 3 0 0 12 4 0 1 0 1 5 0 1 0 2 2 0 0 2 1 0 0 0 0 4 1 3 8 3 6 0 0 1 0 1 0 0 1 1 0 0 0 0 1 1 0 45 31 6 1 0 43 0 0 3 3 2 0 2 1 34 21 1 0 0 1
12141 233 5728 184 121 314 8589 26354 2250 31766 243 927 0 0 2 0 0 1 0 0 43 29 2 5 15 1 2 1 536 500 75 48 42 6 1 0 3 7 0 1 462 5 19 1 1 1 2 4 19 2 88 138 539 713 242 57 25 5 1 1 1 13 2 3 3 0 338 7 16 20 5 118 13 11 30 4 114 1 43 4 75 3 685 395 502 52 8 14 9 4 2 190 68 14 17 48 326 1426 25 9 66 12 41 23 13 38 40 58 75 81 71 80 0 0 0 0 0 0 1 0 1 0 0 2 3 0 1 0 0 0 16 0 11 40 0 3 0 0 15 6 0 1 0 0 2 0 0 0 4 2 0 0 0 0 0 0 1 3 4 9 3 4 9 6 0 0 0 0 0 0 3 3 0 0 0 0 2 0 2 0 59 32 5 2 0 34 2 0 2 3 2 0 2 2 54 26 2 2 0 0
164 19 77 10 26 48 1327 2250 1620 978 154 268 17 0 1 0 0 0 4 0 17 27 2 1 2 0 0 0 112 75 12 23 62 0 0 0 0 6 0 2 25 0 1 17 90 4 0 0 1 81 13 50 184 84 36 3 13 6 0 0 0 3 1 1 0 26 37 0 1 2 2 625 36 262 30 2 948 56 365 29 20 88 38 22 28 4 7 49 22 42 26 9 6 2 1 38 1748 884 7 4 24 8 8 7 2 9 7 20 21 27 27 24 0 0 0 0 0 0 7 2 17 7 20 1 4 0 1 0 1 0 11 0 4 13 0 6 0 0 31 23 1 0 0 2 3 0 1 0 17 5 0 1 1 1 0 0 0 2 2 2 1 4 2 2 0 0 0 1 0 2 2 2 0 0 0 1 1 0 9 0 19 49 33 2 0 39 2 1 9 0 3 5 0 2 15 13 4 0 0 1
3389 544 4165 692 138 1061 2959 31766 978 44899 20969 22288 0 0 2 0 0 4 1 2 174 98 7 6 17 2 7 2 470 381 98 55 155 9 1 0 5 26 2 4 457 4 26 2 6 2 7 4 17 1 94 120 452 607 204 83 54 7 1 1 1 11 11 4 7 0 515 19 31 18 3 2293 30 64 55 6 4851 1 545 5 47 2 622 387 620 90 19 20 8 3 3 179 47 13 16 62 6780 1056 46 15 168 65 169 52 46 137 108 134 257 303 197 408 0 0 0 0 0 1 0 1 9 2 1 9 6 0 3 0 0 0 141 6 61 234 0 22 0 0 92 32 1 0 0 3 24 0 0 0 5 6 1 2 0 0 0 0 3 7 3 1 20 28 13 27 3 0 1 0 0 0 23 12 1 1 1 3 3 0 2 2 266 201 16 3 2 285 1 2 9 8 18 0 0 15 195 83 17 5 0 1
145 105 684 303 40 264 95 243 154 20969 5110 5794 3 1 1 0 2 0 2 0 48 53 1 4 2 1 0 1 65 59 38 20 88 2 0 0 1 5 0 0 104 1 1 0 2 0 1 0 0 2 12 12 67 59 29 8 16 8 0 0 0 1 1 0 2 1 59 4 6 2 0 1355 15 52 28 5 2601 6 161 1 7 2 68 44 111 17 4 1 0 1 0 12 5 0 2 31 2258 252 13 5 132 70 148 68 50 147 53 81 261 288 243 392 0 0 0 0 0 1 1 0 3 1 1 8 6 0 2 0 0 0 93 4 49 243 0 7 0 0 67 15 0 1 0 2 20 0 2 0 5 3 2 0 1 3 0 0 2 1 1 0 6 16 8 10 2 0 1 0 0 0 26 11 0 0 0 2 1 0 3 0 328 182 7 1 0 262 2 0 1 6 14 0 0 12 188 38 19 2 0 4
2066 1518 11518 3930 2314 19709 545 927 268 22288 5794 46011 0 1 9 13 11 9 12 12 587 590 36 18 43 4 26 22 644 2227 1465 724 4378 118 5 0 16 75 29 14 809 4 60 5 2 2 21 24 19 1 39 47 304 476 125 75 156 90 6 8 19 30 63 16 48 2 801 61 279 25 16 1737 95 195 1098 65 2158 5 683 1 27 1 604 533 1240 224 51 9 5 1 14 129 36 19 25 793 1052 381 131 65 375 201 413 177 134 412 171 178 729 903 725 1188 1 0 3 0 1 1 0 3 9 6 6 38 25 0 1 0 0 1 434 11 191 781 1 84 0 0 258 68 4 4 1 17 85 2 1 0 14 24 8 0 0 1 2 2 3 7 1 0 37 77 17 22 7 0 0 1 0 2 105 36 3 2 1 7 6 0 10 6 825 683 45 20 3 936 2 0 2 16 76 2 0 30 490 99 55 10 3 6
0 0 0 0 0 0 0 0 17 0 3 0 7732 0 0 7 82 852 8202 102 0 2 2 34 2 1 13 18 2 0 1 0 12 0 1 0 0 450 7 1 7 3 44 4349 7564 2217 0 8 3 177 3 35 4 0 4 0 0 0 0 1 9 4 7 20 45 2736 0 1 19 3 4 38 347 1574 0 18 427 666 452 44 25 162 0 0 3 2 3 85 72 185 273 10 2 2 11 2 145 8 2 7 0 1 2 0 1 0 0 1 0 0 1 2 6 9 267 2 1 48 4 417 15 243 29 0 2 1 0 8 1 34 4 2 2 6 1 4 1 0 20 31 80 3 82 0 0 8 46 4 47 1253 2 2 11 0 0 3 1 1 2 7 1 0 0 0 4 1 92 84 12 440 1 2 4 2 17 110 1 1 210 15 3 19 82 5 21 12 1 8 26 1 0 25 4 4 3 0 2 0 0 0
1 0 1 1 0 0 0 0 0 0 1 1 0 8293 6042 274 517 116 8 22 27 12 98 98 8 6 1102 555 16 5 26 10 45 685 2697 6009 1380 94 50 40 241 23 37 2 0 2 89 2 13 0 1 0 2 3 2 0 25 74 808 934 3 5 23 40 83 0 18 147 54 1 1 9 11 17 273 6 0 0 1 0 0 0 2 6 9 3 46 1 2 0 1 7 1 2 10 56 1 0 6 108 1 0 0 0 0 0 0 0 1 2 0 2 2 2 1 0 1 12 13 10 27 76 48 1 1 0 0 1 0 9 3 0 0 2 0 3 1 0 3 34 1 5 0 0 2 0 0 1 11 2 1 0 0 0 0 0 0 0 0 0 1 1 0 0 0 1 0 1 0 0 0 0 0 1 0 1 0 0 2 0 1 6 8 1 1 2 0 0 0 0 2 0 0 0 2 0 1 0 0 1
0 0 1 0 3 3 0 2 1 2 1 9 0 6042 11240 5946 1159 3402 35 658 98 55 362 149 6 4 1305 2932 8 1 32 16 49 424 1542 1248 1153 112 383 35 851 77 58 0 1 15 61 2 40 1 2 0 4 3 3 0 8 52 294 481 19 8 74 87 337 0 21 85 276 6 1 9 21 12 204 22 1 0 4 0 0 0 7 2 23 3 28 10 7 0 13 40 5 9 25 59 1 0 4 76 2 0 0 0 0 1 0 1 1 1 1 0 5 1 4 0 0 18 8 10 39 91 56 1 1 0 0 0 2 11 4 0 1 1 0 2 4 0 16 55 1 7 3 0 4 2 1 0 23 19 8 0 0 0 0 0 0 0 0 1 0 2 0 0 0 2 0 4 0 1 3 8 0 3 1 3 0 0 3 1 0 3 12 8 1 5 1 0 1 3 1 1 1 0 1 1 3 1 2 3
0 0 0 0 7 8 2 0 0 0 0 13 7 274 5946 13139 1571 4772 1900 2026 32 34 213 155 9 12 472 4079 19 13 53 25 267 244 58 77 736 704 981 31 368 119 55 17 4 41 12 5 17 0 1 2 6 8 1 0 24 66 49 267 118 3 53 132 376 2 21 24 225 4 1 34 264 136 349 20 3 49 8 0 1 0 7 4 12 5 42 1 2 0 18 18 3 9 15 128 2 0 2 136 3 0 2 1 2 1 3 1 2 2 3 2 115 68 54 31 5 139 12 436 92 1360 62 5 9 4 7 27 20 269 9 8 1 3 0 7 60 4 29 61 74 66 57 1 5 12 7 13 180 89 45 5 1 0 1 0 1 2 0 1 1 3 2 0 0 20 5 57 8 3 4 10 5 21 2 30 1 0 14 3 4 17 134 16 0 32 0 0 3 17 2 0 5 2 2 1 4 6 4 6
4 3 2 3 2 4 0 0 0 0 2 11 82 517 1159 1571 2942 1329 2935 3907 177 331 484 82 59 42 67 191 4 4 7 4 43 53 107 225 2988 1035 400 134 704 17 62 33 39 204 55 6 12 4 2 2 6 17 4 5 7 13 75 176 363 12 28 30 148 7 38 27 237 7 3 8 37 129 30 34 7 31 7 2 3 5 19 33 132 44 18 3 6 3 119 11 1 3 15 21 0 1 44 16 3 7 2 1 0 1 0 15 11 5 18 4 6 1 22 3 7 13 48 57 256 159 107 28 27 0 9 2 0 22 24 15 4 8 1 18 9 1 127 249 18 47 22 5 32 4 3 3 179 58 58 0 1 4 0 1 0 1 0 1 8 11 4 2 3 8 6 14 1 4 18 34 8 26 3 10 1 0 15 3 7 205 101 105 2 168 0 0 1 23 9 2 3 5 22 4 27 6 4 21
3 0 4 0 3 1 0 1 0 4 0 9 852 116 3402 4772 1329 13638 1687 838 7 37 168 1041 23 12 584 374 12 5 7 16 356 67 47 25 445 853 3374 41 543 277 707 115 95 4985 14 12 73 4 4 4 4 7 4 3 28 20 16 61 2506 25 114 369 217 91 27 24 365 14 12 48 453 789 90 51 5 134 17 0 7 3 4 8 11 11 16 21 20 11 198 91 9 16 80 25 0 2 12 29 0 4 3 1 9 4 0 7 1 6 1 1 42 139 691 27 15 433 29 2453 203 3040 100 6 3 3 4 65 8 355 6 7 10 28 3 31 37 7 81 228 756 16 804 0 11 40 41 26 461 1359 13 3 1 0 1 2 0 1 1 1 1 0 0 4 11 12 95 414 24 144 2 8 9 6 11 406 1 1 57 11 6 62 431 17 11 57 1 0 2 2 2 12 11 18 4 0 4 2 2 0
3 3 6 5 1 2 1 0 4 1 2 12 8202 8 35 1900 2935 1687 49140 6087 121 262 139 219 64 49 304 89 8 3 7 8 106 20 46 0 28 2297 118 239 277 47 250 11702 1557 3241 39 26 27 60 3 20 7 17 6 6 13 2 14 7 337 32 71 119 77 545 54 29 73 31 24 38 349 8644 11 109 48 3707 70 19 24 63 40 47 86 62 23 77 107 150 1339 22 8 12 81 9 11 3 43 8 21 23 10 8 13 4 10 30 36 13 27 16 370 237 549 100 41 965 382 3134 1264 7558 1335 111 122 10 56 130 83 953 116 61 6 48 4 45 244 25 344 1142 446 377 385 5 74 94 51 51 1205 1273 282 20 12 8 8 9 3 6 3 8 13 30 1 4 20 100 66 320 39 177 61 132 30 151 29 211 8 2 296 45 13 322 1421 196 32 398 3 8 25 92 22 54 51 23 27 7 62 33 33 47
1 0 2 2 1 3 0 0 0 2 0 12 102 22 658 2026 3907 838 6087 4602 119 176 295 109 41 73 76 81 3 4 1 6 50 26 99 2 342 102 116 192 578 37 46 212 39 96 14 5 33 9 1 4 3 9 1 6 4 10 24 26 94 8 8 16 35 7 21 10 54 10 2 11 48 376 25 15 3 194 7 1 1 10 9 10 49 15 9 12 7 14 44 14 4 11 20 17 3 2 14 10 3 9 7 3 6 1 1 7 8 7 11 3 78 24 37 31 6 36 83 55 560 789 288 46 52 5 31 27 21 152 43 35 2 8 3 9 78 5 96 337 10 176 14 3 26 39 4 9 324 52 158 4 3 2 5 0 2 3 1 4 2 11 0 4 4 56 3 63 6 7 37 57 10 79 5 7 2 0 15 1 4 101 128 84 7 144 1 1 2 46 8 3 16 1 18 2 32 18 21 45
147 68 257 134 80 241 32 43 17 174 48 587 0 27 98 32 177 7 121 119 14694 11325 2993 270 221 187 57 9 73 145 199 200 850 218 45 3 208 552 13 305 1300 89 137 11 0 8 60 5 124 1 5 8 16 38 34 741 54 42 51 14 13 27 31 9 11 2 94 99 38 34 3 393 473 96 347 27 76 1 153 0 13 1 510 70 3607 181 64 21 39 7 34 75 9 42 123 312 64 15 415 78 4 8 7 3 6 6 5 4 8 12 14 25 0 0 0 0 0 1 13 3 32 11 26 7 3 1 2 0 0 1 14 4 4 20 0 7 0 0 53 64 2 1 1 1 4 0 2 1 21 6 5 0 1 0 0 1 0 0 0 0 2 3 0 3 1 0 0 0 0 0 11 10 2 5 0 2 0 0 2 1 5 81 38 14 2 84 0 0 1 3 5 0 0 1 10 1 4 1 1 5
74 45 163 65 76 195 31 29 27 98 53 590 2 12 55 34 331 37 262 176 11325 28521 4943 1496 5127 2631 243 12 115 162 217 300 1331 380 81 3 349 1010 22 3583 1267 350 1182 30 14 39 273 59 535 7 23 14 75 156 70 147 99 85 112 19 57 320 336 58 19 7 543 219 126 199 50 521 788 161 498 144 98 3 245 1 43 4 579 588 6194 1878 344 97 213 44 187 325 56 164 895 448 76 16 4589 199 5 6 6 5 6 12 1 7 23 15 24 22 0 1 2 1 2 7 20 6 78 63 44 9 6 1 1 1 0 2 23 3 5 28 0 7 0 1 76 140 1 6 2 2 10 1 1 0 54 13 16 2 5 0 0 3 1 0 3 3 3 6 0 1 0 3 2 6 4 2 9 12 0 3 9 1 1 1 26 2 18 108 69 19 1 103 3 1 7 5 5 7 2 4 20 0 5 3 4 6
5 3 11 8 2 8 2 2 2 7 1 36 2 98 362 213 484 168 139 295 2993 4943 14216 11896 581 6577 809 17 36 8 27 22 311 198 213 9 430 608 29 3283 6629 2130 694 6 3 29 214 17 365 1 2 4 12 61 19 16 56 7 48 19 35 72 68 24 14 2 300 122 25 43 7 82 194 20 72 40 19 2 29 0 15 1 77 102 402 169 135 27 47 14 69 172 15 53 283 29 10 1 181 47 1 1 2 1 0 2 0 1 1 0 2 2 0 0 1 0 0 2 13 6 19 17 17 2 2 0 0 0 0 1 5 0 1 1 0 1 0 0 12 27 0 2 3 1 2 0 4 1 16 7 2 1 1 1 0 0 0 0 0 0 1 0 0 0 1 0 2 2 1 1 1 0 0 2 0 0 1 0 9 0 0 22 8 5 4 10 0 0 4 0 3 4 0 0 1 1 1 0 0 1
10 3 15 6 4 7 5 5 1 6 4 18 34 98 149 155 82 1041 219 109 270 1496 11896 15253 1332 3615 5939 257 230 25 144 17 61 185 1273 19 206 153 478 5984 3688 5713 3433 11 32 2129 991 29 511 3 10 10 55 196 41 17 442 50 520 88 1561 95 253 985 500 10 1094 769 616 58 14 25 102 32 222 172 1 1 13 0 20 0 107 264 279 459 876 32 78 15 941 250 22 77 446 51 2 0 515 329 3 2 1 0 1 0 0 1 3 3 2 2 0 2 30 1 2 10 9 103 27 53 42 1 0 0 1 6 0 9 1 4 2 4 1 3 2 0 23 48 24 5 44 0 5 16 21 3 25 313 3 1 5 0 0 3 0 1 1 2 0 1 0 0 3 0 49 49 6 8 2 3 3 3 5 52 1 1 84 17 1 20 26 8 20 8 2 1 1 2 3 5 4 5 4 0 3 0 2 0
27 14 24 11 13 24 6 15 2 17 2 43 2 8 6 9 59 23 64 41 221 5127 581 1332 14975 948 357 4 132 23 91 20 111 55 72 5 61 173 11 6038 274 116 1013 12 3 22 2828 29 61 0 13 18 79 280 39 16 345 14 142 21 33 280 447 121 24 1 1528 472 165 130 24 73 206 65 95 51 16 1 26 1 24 1 209 542 845 1598 5052 18 53 8 92 65 25 48 430 34 14 0 2795 478 3 0 0 0 0 0 0 3 4 1 3 4 0 0 0 0 1 2 9 1 45 11 29 2 5 0 1 0 0 0 5 0 0 1 0 2 1 0 30 60 0 4 0 0 9 0 0 0 26 11 1 2 1 0 0 0 0 0 1 0 1 0 0 0 0 0 0 1 0 1 3 3 1 0 3 2 1 0 16 4 3 44 43 2 1 26 0 1 4 0 2 2 3 0 2 0 2 0 1 0
1 2 3 0 1 2 1 1 0 2 1 4 1 6 4 12 42 12 49 73 187 2631 6577 3615 948 7496 1546 9 23 2 13 4 22 11 233 1 13 45 1 9680 488 86 153 10 0 3 103 3 31 0 1 2 13 52 7 3 23 0 25 1 7 17 34 10 3 1 227 35 7 12 2 11 35 13 14 12 0 0 4 0 0 0 32 86 152 96 70 3 8 1 8 15 6 14 67 0 0 0 99 17 1 0 1 0 0 0 0 0 1 0 0 2 0 0 0 0 0 2 6 0 15 24 26 1 0 1 0 0 0 0 4 0 0 0 0 2 1 0 4 16 0 0 0 0 0 0 0 0 5 2 1 0 0 0 0 0 0 0 0 0 0 0 0 2 0 0 0 1 0 0 0 0 0 0 2 0 0 0 3 0 0 6 3 0 0 3 1 1 2 0 0 1 0 0 0 0 1 0 0 1
5 3 15 5 10 7 2 2 0 7 0 26 13 1102 1305 472 67 584 304 76 57 243 809 5939 357 1546 29234 5400 267 29 229 18 66 492 6235 72 497 83 186 3564 673 255 463 3 5 180 584 11 40 1 3 5 21 108 9 3 494 179 760 218 55 34 229 1566 1048 2 622 765 184 11 2 22 35 33 597 11 3 1 5 0 7 0 31 80 77 164 704 2 6 2 32 35 6 13 60 133 0 1 212 551 3 4 3 1 2 1 1 4 2 1 0 1 4 3 28 0 3 51 11 293 36 203 51 7 1 0 1 5 4 22 3 2 2 5 0 3 7 0 20 43 61 2 56 0 3 2 2 0 33 121 3 0 1 0 0 0 0 0 0 0 0 1 0 1 0 1 2 20 6 3 1 0 1 0 2 29 0 1 9 2 1 11 26 3 1 10 0 0 1 1 1 3 1 2 1 1 2 0 0 0
3 1 8 3 10 12 3 1 0 2 1 22 18 555 2932 4079 191 374 89 81 9 12 17 257 4 9 5400 9604 99 42 196 53 98 503 399 146 799 107 1543 43 74 27 146 2 7 118 40 3 7 0 0 0 10 14 3 0 143 236 350 357 119 11 282 1013 2466 2 79 182 425 1 1 4 31 18 1074 11 1 0 2 0 2 0 13 12 23 12 181 1 5 2 18 9 1 2 9 350 0 1 26 417 2 1 2 1 4 1 2 4 4 2 1 2 2 25 97 4 4 71 2 560 26 233 22 4 3 0 1 6 2 40 4 2 1 6 0 11 1 0 20 50 151 2 177 1 8 5 3 1 42 290 2 0 0 0 0 0 0 0 0 0 2 0 0 1 1 1 30 82 10 11 1 1 1 2 3 92 0 0 9 2 0 13 31 2 2 6 0 0 0 0 1 1 2 5 0 0 1 1 0 0
6363 489 550 546 851 994 2780 536 112 470 65 644 2 16 8 19 4 12 8 3 73 115 36 230 132 23 267 99 34206 17399 3093 536 443 89 73 2 18 57 32 121 177 23 534 9 6 28 48 87 26 8 106 132 2157 10543 370 35 2062 67 17 11 40 336 764 175 164 2 5608 100 790 150 70 438 194 87 615 137 209 1 344 5 78 6 586 854 311 104 254 36 57 7 77 197 65 53 246 1368 165 3602 281 1270 23 27 36 16 20 37 14 24 73 116 68 109 0 0 3 0 1 0 1 4 9 4 1 10 6 0 3 0 0 1 75 2 25 78 0 23 0 0 91 31 2 3 4 2 16 1 2 0 12 21 5 2 2 0 0 0 3 4 5 3 6 17 0 6 0 0 4 7 2 2 18 13 3 2 7 3 1 2 30 0 76 185 26 13 6 227 4 1 3 4 14 5 2 8 48 8 7 0 2 4
12242 2784 508 1602 6699 4939 1998 500 75 381 59 2227 0 5 1 13 4 5 3 4 145 162 8 25 23 2 29 42 17399 24283 3223 1649 618 83 7 0 9 35 23 7 253 2 95 2 3 6 6 28 16 2 79 109 650 1259 194 32 1698 53 2 4 5 53 119 24 62 0 742 30 304 36 20 269 58 38 707 59 95 1 152 5 50 0 448 298 418 75 16 16 10 3 15 151 49 13 28 1506 117 527 57 181 33 15 24 22 13 32 24 23 57 103 63 89 0 0 4 0 0 1 0 1 2 3 0 3 1 0 0 0 0 0 57 4 19 89 1 20 0 0 52 15 0 1 1 1 18 2 0 0 3 6 1 0 0 0 0 1 0 1 3 4 5 14 1 3 0 0 0 0 0 2 11 10 0 0 1 1 0 0 11 3 73 129 15 7 2 153 0 0 1 1 10 1 2 3 42 11 4 0 0 2
240 183 286 691 11747 6485 104 75 12 98 38 1465 1 26 32 53 7 7 7 1 199 217 27 144 91 13 229 196 3093 3223 17980 1954 693 221 72 4 22 64 102 60 300 12 300 4 4 23 23 73 21 0 47 54 306 793 122 62 9646 191 13 21 36 149 441 166 280 1 2985 147 971 58 49 188 95 32 1943 164 51 2 78 0 41 2 488 639 729 526 160 20 13 3 39 102 37 9 88 5750 44 51 1793 5965 14 4 13 7 2 9 3 6 14 34 15 34 1 0 2 0 0 1 1 7 8 5 0 3 2 0 0 0 0 0 15 2 5 35 0 7 0 0 32 9 2 0 2 0 4 1 2 0 6 21 0 0 2 0 0 1 2 2 1 0 2 2 0 0 0 0 5 1 5 1 5 5 0 0 2 3 2 0 34 2 33 59 4 4 5 61 1 0 2 0 2 3 0 1 15 0 6 0 1 0
308 63 28 59 1486 2835 187 48 23 55 20 724 0 10 16 25 4 16 8 6 200 300 22 17 20 4 18 53 536 1649 1954 5195 3780 2504 14 1 22 69 70 9 191 6 59 0 0 10 6 18 3 0 24 17 86 162 44 25 157 4177 14 31 25 25 55 14 82 0 172 185 298 27 12 170 73 29 7487 73 52 0 81 0 9 0 176 157 354 93 55 7 6 3 15 35 11 6 11 7310 61 60 46 205 22 18 21 14 10 36 14 17 46 68 45 77 0 0 1 0 0 1 0 3 2 1 0 1 3 1 1 0 0 0 55 3 15 63 0 11 0 0 44 17 0 2 0 0 8 1 2 0 4 14 0 1 0 0 0 0 3 0 1 1 7 4 2 3 0 0 1 3 1 2 11 7 1 0 1 0 3 0 10 2 64 87 7 3 3 87 0 0 1 2 8 2 1 6 28 1 6 1 0 1
182 60 54 50 281 809 78 42 62 155 88 4378 12 45 49 267 43 356 106 50 850 1331 311 61 111 22 66 98 443 618 693 3780 6009 7434 50 4 73 4515 278 69 671 12 134 7 19 192 44 15 18 3 27 33 155 230 81 42 262 1818 43 82 309 20 65 24 104 7 523 523 360 17 15 1054 2201 191 7887 98 135 16 327 1 13 4 276 259 737 201 469 10 11 5 129 59 17 11 33 1876 198 75 230 720 77 47 82 44 38 85 28 48 162 229 160 201 2 3 10 1 3 2 13 39 90 40 25 45 32 0 5 2 0 2 154 6 46 185 2 79 4 0 379 274 13 24 15 13 65 1 3 0 129 52 26 0 3 3 2 1 1 8 2 0 29 45 7 17 4 1 5 9 2 4 50 63 7 9 2 14 1 0 31 2 192 640 151 76 7 546 2 2 1 11 60 3 2 8 112 10 26 10 5 20
24 4 11 5 46 65 12 6 0 9 2 118 0 685 424 244 53 67 20 26 218 380 198 185 55 11 492 503 89 83 221 2504 7434 5476 622 120 916 592 168 192 242 8 143 1 2 24 311 6 10 1 16 12 78 116 38 9 127 2176 712 561 42 12 151 153 269 0 205 2041 317 12 5 73 154 45 5584 20 8 0 23 1 8 0 117 94 200 61 435 5 2 1 12 23 7 5 21 857 7 9 55 544 15 11 8 7 5 7 6 12 19 24 18 9 0 1 5 0 1 3 9 9 58 8 5 16 10 0 2 0 0 1 44 5 1 23 0 41 0 0 208 191 5 4 4 5 35 0 1 2 78 13 11 0 0 1 0 0 2 2 0 1 12 14 1 2 0 0 1 1 0 3 22 24 6 2 0 2 2 0 6 0 17 267 68 31 2 154 0 1 0 8 16 0 1 6 11 1 11 2 2 9
2 2 4 1 0 1 2 1 0 1 0 5 1 2697 1542 58 107 47 46 99 45 81 213 1273 72 233 6235 399 73 7 72 14 50 622 6765 1775 945 47 19 2545 234 44 205 2 2 9 1615 2 21 0 1 1 12 38 5 3 130 103 3320 461 8 14 64 212 51 0 195 438 64 6 3 6 15 34 270 6 2 0 3 0 2 0 15 35 27 73 153 1 5 2 12 10 1 5 35 62 0 0 80 171 2 2 0 1 0 1 1 2 2 2 0 0 8 3 3 0 0 18 32 10 73 148 105 2 9 0 0 2 1 12 9 2 0 3 0 4 9 0 18 63 0 14 1 0 3 1 1 0 44 6 8 0 0 0 1 0 0 0 0 0 0 1 0 0 1 1 1 5 0 0 2 5 0 0 1 2 0 1 2 0 1 16 18 7 1 11 0 0 0 7 1 0 5 1 0 0 2 1 1 2
0 0 0 0 0 0 0 0 0 0 0 0 0 6009 1248 77 225 25 0 2 3 3 9 19 5 1 72 146 2 0 4 1 4 120 1775 1521 395 21 36 306 16 0 14 0 0 2 1070 0 1 0 0 0 0 1 0 0 2 8 889 425 6 1 10 18 35 0 6 50 26 0 0 0 0 1 30 3 0 0 0 0 0 0 0 1 3 1 5 0 1 0 0 1 0 0 1 7 0 0 1 6 0 0 0 0 0 0 0 0 0 0 0 0 0 0 1 0 0 0 1 1 1 4 2 0 0 0 0 0 0 0 0 0 0 1 0 0 0 0 1 2 0 0 0 0 0 0 0 0 3 1 0 0 0 0 0 0 0 0 0 0 0 0 0 0 0 0 0 0 0 0 0 0 0 0 0 0 0 0 0 0 0 2 1 0 0 0 0 0 0 0 0 0 0 0 1 0 0 0 0 0
5 1 4 1 5 6 1 3 0 5 1 16 0 1380 1153 736 2988 445 28 342 208 349 430 206 61 13 497 799 18 9 22 22 73 916 945 395 5973 1066 495 266 401 16 135 3 1 24 351 9 1 1 1 6 18 34 10 3 23 95 1235 683 171 6 148 143 435 2 100 655 544 8 1 24 36 43 209 63 5 0 11 0 2 2 38 47 124 47 92 3 4 1 12 14 4 1 20 57 2 1 34 50 4 0 4 2 3 8 0 8 11 8 14 6 0 3 5 1 2 5 25 23 95 36 31 21 11 1 2 0 2 1 23 9 5 16 0 24 0 0 153 208 5 13 8 2 19 1 3 1 103 22 19 0 0 3 0 0 2 3 0 1 5 15 1 0 0 1 3 1 0 4 19 13 7 5 0 5 0 0 1 2 4 216 77 40 2 134 1 0 1 8 9 0 0 7 21 0 10 4 1 12
16 5 13 4 8 25 7 7 6 26 5 75 450 94 112 704 1035 853 2297 102 552 1010 608 153 173 45 83 107 57 35 64 69 4515 592 47 21 1066 13110 392 202 698 42 228 1500 430 1209 115 41 13 30 15 29 55 106 27 15 56 87 50 28 724 41 65 47 93 88 302 153 251 26 20 81 1785 985 405 155 25 265 28 8 6 25 137 163 420 183 157 50 56 53 1382 42 6 9 50 142 7 2 128 101 26 27 21 13 20 16 15 39 62 42 61 17 5 3 43 3 12 32 113 144 496 297 257 79 84 2 16 10 0 22 126 30 13 48 2 83 5 2 679 843 33 73 37 10 101 11 22 2 490 228 104 3 4 2 2 3 6 10 5 7 24 31 2 10 6 11 29 35 11 33 67 100 29 39 13 32 5 3 171 30 37 936 495 212 21 635 4 2 8 61 51 18 10 27 78 10 65 26 16 46
1 0 1 1 8 10 0 0 0 2 0 29 7 50 383 981 400 3374 118 116 13 22 29 478 11 1 186 1543 32 23 102 70 278 168 19 36 495 392 9465 17 218 104 587 7 6 766 9 19 38 1 5 1 4 12 3 2 46 118 51 131 5580 17 102 267 2267 6 44 51 2127 13 15 50 201 18 568 84 2 0 16 0 4 1 10 6 26 10 64 13 14 2 75 37 2 11 43 229 1 2 10 157 7 3 0 1 3 2 1 2 1 5 1 2 1 30 237 6 5 58 8 565 39 259 12 5 2 3 0 31 1 71 9 7 1 10 1 7 2 2 37 70 274 3 352 0 3 23 35 8 83 756 6 0 2 1 0 1 0 2 0 0 0 1 0 0 6 1 55 239 10 40 1 5 7 4 5 237 1 0 48 10 1 21 33 9 17 24 0 0 7 1 0 8 5 7 0 0 4 0 0 0
10 3 7 5 2 10 1 1 2 4 0 14 1 40 35 31 134 41 239 192 305 3583 3283 5984 6038 9680 3564 43 121 7 60 9 69 192 2545 306 266 202 17 11292 718 161 541 36 5 20 1966 12 55 0 3 4 41 142 24 10 244 36 1549 99 26 126 184 111 19 0 802 1053 53 61 10 20 125 103 123 33 4 0 13 0 9 0 66 213 271 447 616 13 31 4 51 36 9 24 166 20 2 0 507 196 3 2 2 0 1 4 3 3 4 8 2 3 2 1 5 0 3 22 70 1 163 147 157 15 7 2 3 1 1 7 9 1 2 4 0 13 3 3 63 188 2 24 0 0 12 4 1 0 77 11 17 1 1 0 0 0 2 0 1 0 0 3 0 1 0 8 0 5 3 1 9 15 1 12 3 0 2 0 14 0 4 43 43 9 1 26 0 0 2 14 6 0 2 1 6 1 5 3 3 1
878 301 807 406 129 452 90 462 25 457 104 809 7 241 851 368 704 543 277 578 1300 1267 6629 3688 274 488 673 74 177 253 300 191 671 242 234 16 401 698 218 718 7550 6162 1875 33 55 418 121 152 4498 30 340 106 129 113 1410 1928 132 57 75 28 619 200 185 70 132 25 270 189 436 201 93 280 380 75 388 476 128 3 212 7 255 12 2360 292 1794 155 137 397 570 160 1042 2078 283 372 985 369 77 29 146 114 10 7 9 8 8 10 4 9 17 40 29 35 1 0 3 0 2 2 8 7 37 19 13 9 10 0 2 0 0 4 27 3 6 36 1 16 0 0 54 60 3 7 4 2 11 1 8 0 27 49 7 8 13 0 0 9 5 4 6 11 8 2 0 3 0 0 7 10 3 6 10 7 0 2 15 9 5 6 72 7 37 127 40 21 9 133 12 3 48 5 6 27 7 2 25 2 7 4 1 3
2 1 2 4 2 9 0 5 0 4 1 4 3 23 77 119 17 277 47 37 89 350 2130 5713 116 86 255 27 23 2 12 6 12 8 44 0 16 42 104 161 6162 9551 3181 12 27 339 51 32 1976 3 5 4 11 26 38 4 28 1 17 3 518 55 54 29 71 6 135 28 252 43 16 6 23 6 27 193 3 0 2 0 35 0 36 63 83 56 51 45 101 31 801 395 31 108 369 17 2 1 53 23 0 0 0 0 1 0 0 0 0 0 0 0 0 0 4 0 1 0 1 2 3 3 3 0 0 0 0 0 0 0 2 0 0 0 0 1 0 0 0 7 1 0 2 0 0 6 9 0 4 56 0 0 2 0 0 1 0 0 0 3 0 1 0 0 0 0 12 6 4 6 0 0 0 0 4 11 0 0 77 8 0 3 1 0 8 2 0 0 2 0 0 6 6 0 0 0 0 0 0 0
17 7 24 15 20 32 15 19 1 26 1 60 44 37 58 55 62 707 250 46 137 1182 694 3433 1013 153 463 146 534 95 300 59 134 143 205 14 135 228 587 541 1875 3181 10917 98 280 2972 455 312 2153 26 31 21 110 370 61 23 895 101 216 58 4134 765 3875 4265 1429 96 2112 462 3181 321 127 50 170 29 621 2247 19 7 27 1 97 2 161 429 451 843 929 187 612 238 6108 588 109 326 4278 320 10 2 776 656 3 4 0 1 3 1 0 0 1 3 5 1 0 0 57 1 2 8 11 106 18 35 17 3 0 1 0 6 0 16 12 6 3 7 2 3 0 0 14 33 36 3 57 2 3 54 89 4 26 902 3 21 42 1 1 19 1 1 4 10 2 0 0 0 5 1 131 131 35 52 0 5 7 10 73 144 6 7 831 126 1 34 14 6 120 24 4 8 38 1 0 74 24 5 3 1 1 0 0 1
0 0 1 0 1 0 2 1 17 2 0 5 4349 2 0 17 33 115 11702 212 11 30 6 11 12 10 3 2 9 2 4 0 7 1 2 0 3 1500 7 36 33 12 98 17431 3551 1063 2 24 12 496 14 147 5 9 10 1 2 1 5 0 62 21 33 8 3 541 15 5 25 22 22 253 2540 4062 1 115 1480 4748 3510 156 83 537 10 6 14 9 8 314 200 451 1462 16 8 15 63 2 151 8 7 3 2 2 6 3 6 3 5 4 9 8 3 8 15 8 37 2 2 92 118 171 354 633 299 38 26 1 9 4 3 47 22 8 1 6 1 16 22 2 146 354 18 32 8 1 35 11 26 4 235 242 45 10 19 0 0 16 7 7 15 20 5 3 0 2 5 10 19 26 9 57 15 26 6 8 39 33 3 7 298 62 8 189 376 44 23 161 6 19 55 17 15 82 14 7 24 3 11 7 3 5
4 1 0 0 0 1 1 1 90 6 2 2 7564 0 1 4 39 95 1557 39 0 14 3 32 3 0 5 7 6 3 4 0 19 2 2 0 1 430 6 5 55 27 280 3551 17285 3521 5 53 35 3359 37 161 9 5 6 1 10 2 2 0 39 62 120 24 15 6450 27 2 121 51 38 103 486 716 5 111 1548 1319 1148 196 243 972 7 6 4 2 7 943 585 3823 4344 42 11 19 125 7 681 26 5 5 3 1 3 0 3 2 1 5 4 3 2 0 0 2 143 1 1 11 3 124 10 62 9 2 1 2 1 4 0 6 4 4 1 4 1 5 0 0 21 20 22 3 19 1 3 53 280 13 62 1415 2 45 175 2 3 84 10 9 44 52 1 1 0 0 5 1 119 115 84 554 1 4 4 1 250 107 18 35 2299 303 1 25 43 5 234 37 20 164 315 0 1 553 67 5 12 1 1 0 1 0
1 1 1 0 1 0 0 1 4 2 0 2 2217 2 15 41 204 4985 3241 96 8 39 29 2129 22 3 180 118 28 6 23 10 192 24 9 2 24 1209 766 20 418 339 2972 1063 3521 7713 20 51 79 16 1 2 5 7 8 0 56 15 13 6 395 102 487 736 430 1467 61 23 333 41 21 78 646 509 86 165 66 130 99 0 27 4 12 13 12 30 41 42 96 128 2634 82 14 40 305 29 18 1 35 46 5 9 1 0 20 0 1 7 5 2 8 3 7 33 1773 13 16 94 15 1166 77 447 33 3 4 5 1 184 1 206 26 41 5 26 8 26 8 3 69 138 489 7 961 0 7 283 591 47 281 6824 20 23 38 2 7 27 1 5 3 9 2 3 0 1 33 5 641 1452 71 1174 1 9 37 24 58 1020 1 7 1308 128 3 81 119 41 236 64 1 10 44 6 2 94 58 32 15 0 2 1 2 2
3 0 3 0 2 7 2 2 0 7 1 21 0 89 61 12 55 14 39 14 60 273 214 991 2828 103 584 40 48 6 23 6 44 311 1615 1070 351 115 9 1966 121 51 455 2 5 20 2186 11 19 2 2 1 18 78 5 2 131 53 4186 179 14 79 146 124 25 0 372 1756 78 32 9 15 91 36 114 10 8 0 8 0 5 1 30 84 117 213 1124 1 12 5 28 8 6 6 82 16 2 1 299 127 1 0 0 1 2 0 0 3 2 0 0 0 1 0 0 0 0 3 25 2 51 25 44 9 5 0 1 1 0 2 11 1 0 4 0 2 0 0 39 87 0 5 1 0 11 0 0 0 29 8 1 0 0 1 0 0 0 0 1 1 0 2 0 0 0 1 1 3 0 0 1 5 1 0 0 0 1 0 7 2 2 33 17 4 0 15 0 0 0 3 0 0 0 0 1 0 4 1 1 0
7 3 7 3 9 6 2 4 0 4 0 24 8 2 2 5 6 12 26 5 5 59 17 29 29 3 11 3 87 28 73 18 15 6 2 0 9 41 19 12 152 32 312 24 53 51 11 11562 71 65 4 14 11 48 7 6 92 24 4 2 352 6761 986 54 77 43 135 10 3675 1070 3859 4 27 8 169 7243 13 3 3 4 304 20 19 34 36 31 77 1438 4711 102 1413 127 54 155 568 133 1 0 47 110 1 2 0 0 3 0 0 6 3 3 4 0 0 1 8 0 0 1 0 5 1 2 0 0 0 1 2 2 1 0 3 5 2 1 1 0 0 0 4 3 1 5 2 0 1 20 78 14 17 99 5 108 531 2 0 274 9 8 21 100 3 3 0 0 2 1 9 41 110 52 2 0 2 3 279 21 21 89 852 134 0 11 10 3 272 20 93 59 642 3 0 771 101 2 4 0 1 2 1 0
41 13 20 8 5 4 10 19 1 17 0 19 3 13 40 17 12 73 27 33 124 535 365 511 61 31 40 7 26 16 21 3 18 10 21 1 1 13 38 55 4498 1976 2153 12 35 79 19 71 10553 8 45 19 30 46 127 53 17 2 4 0 100 153 111 6 17 8 130 7 83 191 60 12 15 7 9 200 2 0 5 1 152 5 148 146 164 88 20 277 449 107 450 6522 249 2403 5892 19 2 4 45 8 0 0 2 0 0 0 0 2 1 0 0 0 0 0 0 0 0 0 0 2 1 0 1 0 0 0 0 0 0 0 1 0 0 0 0 2 0 0 4 0 1 0 0 1 0 0 5 0 2 14 0 5 12 0 0 5 0 0 4 7 0 0 0 0 0 0 2 2 3 5 0 0 0 0 9 1 4 5 45 7 1 4 2 0 8 1 1 2 32 0 0 18 4 0 0 1 0 0 0 0
0 0 1 0 0 0 0 2 81 1 2 1 177 0 1 0 4 4 60 9 1 7 1 3 0 0 1 0 8 2 0 0 3 1 0 0 1 30 1 0 30 3 26 496 3359 16 2 65 8 6859 145 1420 7 4 26 5 1 0 0 0 11 48 15 2 0 1321 7 1 12 43 43 28 122 673 2 74 1156 694 475 1502 507 4247 15 10 1 0 1 1837 843 3544 678 37 18 23 46 3 513 24 3 2 0 0 0 0 2 0 0 3 3 4 1 1 0 2 6 0 0 2 1 3 3 3 3 0 0 0 1 1 2 1 6 3 0 2 0 1 0 0 8 1 1 1 0 0 5 13 111 12 27 90 1 52 296 5 2 254 40 23 123 153 5 0 0 0 0 1 0 8 44 140 0 3 1 0 145 10 35 61 1053 105 3 19 8 5 203 12 84 678 803 0 0 865 53 0 9 2 0 0 0 0
171 54 101 35 27 46 57 88 13 94 12 39 3 1 2 1 2 4 3 1 5 23 2 10 13 1 3 0 106 79 47 24 27 16 1 0 1 15 5 3 340 5 31 14 37 1 2 4 45 145 11759 17895 224 150 1342 97 29 2 3 1 3 27 22 2 1 126 97 11 13 212 4 25 24 78 15 3 87 54 53 755 2514 322 859 460 143 41 13 315 46 70 23 6667 7020 133 88 32 40 15 31 13 2 0 0 0 0 2 1 4 2 1 2 1 0 0 0 0 1 0 0 0 0 2 1 1 1 0 0 0 0 0 1 0 0 1 0 3 0 0 6 5 0 0 0 1 2 1 1 2 3 3 0 12 17 8 0 1 252 183 496 258 27 2 0 0 0 0 0 0 1 6 7 0 0 0 1 1 69 13 10 0 2 11 10 3 3 17 62 31 244 0 5 24 44 1 7 0 2 1 0 0
203 36 92 36 32 47 58 138 50 120 12 47 35 0 0 2 2 4 20 4 8 14 4 10 18 2 5 0 132 109 54 17 33 12 1 0 6 29 1 4 106 4 21 147 161 2 1 14 19 1420 17895 41851 359 162 1454 33 45 9 1 2 5 24 13 5 2 1005 120 13 8 378 66 31 61 523 16 11 536 353 200 13870 7505 2680 826 382 118 36 17 1179 145 218 47 1549 4785 104 71 25 278 30 32 17 3 0 0 1 0 0 3 24 9 9 9 1 0 0 0 0 0 0 0 6 3 3 4 1 2 0 2 2 1 0 6 0 1 5 0 1 0 0 7 13 3 2 3 12 11 6 23 9 17 7 3 42 60 31 2 25 1778 1416 4440 1034 181 8 3 2 0 0 0 2 5 75 4 2 0 0 7 1 296 74 71 9 3 24 96 2 8 129 323 147 1042 4 42 107 129 0 60 5 0 1 0 1
989 131 349 146 144 193 749 539 184 452 67 304 4 2 4 6 6 4 7 3 16 75 12 55 79 13 21 10 2157 650 306 86 155 78 12 0 18 55 4 41 129 11 110 5 9 5 18 11 30 7 224 359 19070 12080 7020 18 245 21 6 11 6 45 77 19 11 7 795 58 86 44 9 202 78 64 135 26 141 5 110 15 102 22 5494 1928 268 96 101 24 16 13 23 195 94 17 67 185 211 3795 158 138 6 9 6 2 5 7 8 5 17 33 20 14 0 0 0 0 0 0 2 0 7 4 10 5 1 0 0 0 0 0 16 1 3 15 0 13 0 0 51 25 0 2 0 0 7 0 1 0 23 1 3 0 1 0 0 0 7 3 9 4 2 3 0 0 1 0 1 0 0 1 1 0 0 2 1 2 2 0 2 0 16 99 27 17 0 54 3 1 10 0 4 0 1 2 22 6 4 0 0 1
1447 281 606 287 266 415 878 713 84 607 59 476 0 3 3 8 17 7 17 9 38 156 61 196 280 52 108 14 10543 1259 793 162 230 116 38 1 34 106 12 142 113 26 370 9 5 7 78 48 46 4 150 162 12080 18586 531 17 774 31 11 16 25 195 341 75 34 1 4949 83 195 94 34 195 146 79 267 67 102 1 138 8 71 6 2685 14934 304 204 267 28 64 12 58 181 71 42 239 435 79 1366 520 603 12 6 8 3 10 17 7 12 25 34 24 35 0 0 0 0 0 0 3 0 12 3 4 8 2 0 0 0 0 0 24 4 3 22 0 11 0 0 76 29 0 5 2 5 15 0 1 1 12 9 8 2 0 0 0 0 1 3 8 2 6 4 1 0 0 0 1 2 1 0 9 4 1 1 1 0 2 1 12 0 26 130 36 10 2 97 2 1 7 4 13 0 0 1 26 3 5 1 0 3
481 86 234 97 59 117 166 242 36 204 29 125 4 2 3 1 4 4 6 1 34 70 19 41 39 7 9 3 370 194 122 44 81 38 5 0 10 27 3 24 1410 38 61 10 6 8 5 7 127 26 1342 1454 7020 531 18301 694 73 18 0 1 24 20 41 9 8 14 190 25 26 65 11 59 42 35 56 21 40 11 42 84 314 37 6424 797 602 84 28 80 34 17 32 1970 239 66 60 75 51 440 92 56 1 2 7 0 1 2 1 2 10 13 9 9 0 0 0 0 0 1 0 0 8 1 1 1 1 0 0 0 0 0 4 0 0 9 0 6 0 0 21 14 0 1 0 2 3 0 0 0 8 1 4 2 0 1 0 0 17 18 44 23 3 2 1 2 1 0 0 0 0 0 3 3 0 0 2 0 3 4 5 2 8 42 11 3 0 26 10 3 27 1 1 6 2 0 9 1 2 0 0 0
118 67 125 50 18 50 16 57 3 83 8 75 0 0 0 0 5 3 6 6 741 147 16 17 16 3 3 0 35 32 62 25 42 9 3 0 3 15 2 10 1928 4 23 1 1 0 2 6 53 5 97 33 18 17 694 2181 24 2 1 1 2 8 7 0 3 0 23 7 6 17 7 24 17 11 24 6 10 0 14 1 43 4 2919 65 2272 36 7 21 22 5 11 299 49 25 34 40 8 5 41 15 0 0 0 0 0 0 1 0 1 3 3 0 0 0 0 0 1 0 1 0 4 0 2 0 0 0 0 0 0 0 0 1 1 1 0 1 0 0 9 2 0 0 0 0 4 0 0 0 0 0 0 0 1 0 0 2 0 1 0 1 0 0 0 0 0 0 1 0 0 0 0 0 0 0 0 0 0 1 4 1 2 7 2 0 0 6 0 0 5 0 0 1 0 0 1 0 1 1 0 1
79 62 136 128 322 167 12 25 13 54 16 156 0 25 8 24 7 28 13 4 54 99 56 442 345 23 494 143 2062 1698 9646 157 262 127 130 2 23 56 46 244 132 28 895 2 10 56 131 92 17 1 29 45 245 774 73 24 11614 114 12 27 44 388 1074 354 201 4 6855 326 1161 129 51 222 141 69 645 119 91 1 174 3 41 1 202 466 220 731 910 19 52 4 113 60 29 30 302 1409 61 18 2611 5534 6 8 10 5 9 10 4 9 21 30 19 25 1 0 1 0 0 1 3 3 15 4 2 9 6 0 0 0 1 0 17 1 5 38 0 17 0 0 47 25 7 0 0 1 7 1 2 0 13 32 8 1 2 0 1 1 1 3 1 1 3 3 0 1 0 0 3 7 1 5 6 13 1 0 9 11 1 0 34 3 30 77 23 9 8 78 1 0 4 3 2 7 2 1 11 0 8 2 1 2
13 3 6 0 27 34 13 5 6 7 8 90 0 74 52 66 13 20 2 10 42 85 7 50 14 0 179 236 67 53 191 4177 1818 2176 103 8 95 87 118 36 57 1 101 1 2 15 53 24 2 0 2 9 21 31 18 2 114 4408 307 4309 23 26 133 73 232 1 118 2431 498 19 8 83 77 8 6436 71 4 0 15 0 10 0 53 32 76 26 755 2 4 1 8 8 5 1 9 682 10 3 23 798 4 3 1 0 1 2 1 1 6 3 6 5 0 0 1 0 0 0 1 6 5 3 0 1 1 0 0 0 0 1 7 0 1 6 0 3 0 0 14 15 2 0 1 0 2 1 1 0 3 16 0 0 0 0 0 0 0 1 2 0 1 2 0 0 0 0 3 1 0 1 4 0 1 0 2 1 0 0 10 3 4 25 10 0 3 15 0 0 1 2 2 1 0 0 2 0 0 0 0 0
1 0 5 1 1 5 0 1 0 1 0 6 0 808 294 49 75 16 14 24 51 112 48 520 142 25 760 350 17 2 13 14 43 712 3320 889 1235 50 51 1549 75 17 216 5 2 13 4186 4 4 0 3 1 6 11 0 1 12 307 2953 1154 8 9 108 216 130 0 52 2212 112 0 1 1 18 14 259 3 2 0 4 0 2 0 18 19 60 27 120 0 2 1 7 2 1 1 24 26 1 0 12 47 3 1 1 0 6 2 1 3 5 8 2 0 1 0 1 0 5 5 9 5 73 21 33 10 5 1 2 0 0 0 8 2 3 7 0 9 1 0 67 151 2 4 2 0 9 1 0 0 58 11 4 0 0 0 0 0 1 1 0 0 3 2 0 0 0 1 0 3 1 1 6 8 0 3 0 6 1 0 1 0 1 70 32 10 1 40 0 1 0 2 7 0 0 2 4 0 4 0 1 2
2 0 1 0 0 1 2 1 0 1 0 8 1 934 481 267 176 61 7 26 14 19 19 88 21 1 218 357 11 4 21 31 82 561 461 425 683 28 131 99 28 3 58 0 0 6 179 2 0 0 1 2 11 16 1 1 27 4309 1154 574 13 4 56 72 181 0 35 3398 145 0 0 3 17 10 1462 9 0 0 2 0 0 0 12 13 15 12 359 1 1 0 2 4 1 0 5 31 0 1 4 126 0 1 2 1 0 1 0 2 1 1 0 2 0 0 2 0 1 2 4 3 14 6 0 3 1 0 0 0 0 0 4 0 3 0 0 2 0 0 27 30 2 3 0 0 1 1 1 0 6 6 0 0 0 0 0 0 0 0 0 0 2 0 0 0 0 0 0 0 0 0 2 1 1 0 0 0 0 1 2 0 2 28 13 1 0 23 0 0 1 1 2 0 0 1 1 0 2 2 0 1
1 1 2 1 2 2 0 1 0 1 0 19 9 3 19 118 363 2506 337 94 13 57 35 1561 33 7 55 119 40 5 36 25 309 42 8 6 171 724 5580 26 619 518 4134 62 39 395 14 352 100 11 3 5 6 25 24 2 44 23 8 13 4585 393 837 615 392 73 79 26 1648 245 272 96 445 13 143 6868 0 3 23 1 88 1 16 18 17 25 48 100 257 27 3256 99 36 81 432 61 2 0 32 56 1 6 0 0 6 0 1 5 5 0 0 2 1 4 243 1 3 8 1 87 13 38 4 0 2 2 2 28 2 26 14 7 2 7 6 9 0 0 23 24 57 4 163 0 1 135 304 26 54 1291 7 15 24 4 6 34 1 2 2 7 0 0 2 0 11 3 164 383 36 105 0 8 19 8 67 220 5 5 697 92 0 39 16 16 139 34 7 14 32 2 2 66 49 11 8 1 2 2 3 0
11 8 14 5 10 13 1 13 3 11 1 30 4 5 8 3 12 25 32 8 27 320 72 95 280 17 34 11 336 53 149 25 20 12 14 1 6 41 17 126 200 55 765 21 62 102 79 6761 153 48 27 24 45 195 20 8 388 26 9 4 393 9863 7453 211 98 35 870 56 2634 5610 2866 13 16 6 235 1799 7 3 11 6 483 33 68 182 146 226 233 873 1658 166 950 245 260 856 2837 196 4 1 220 237 0 3 0 0 0 0 1 2 1 0 0 1 0 0 8 0 0 0 0 8 2 3 1 0 1 3 2 0 2 1 5 8 1 2 0 2 1 0 1 5 2 3 1 1 3 21 64 11 15 77 6 149 723 6 6 245 10 8 46 152 3 1 1 0 3 1 15 32 109 38 0 8 2 1 195 19 38 159 636 105 1 12 7 6 283 23 122 72 983 1 0 833 151 0 5 1 0 0 2 0
19 2 23 15 20 32 13 2 1 11 1 63 7 23 74 53 28 114 71 8 31 336 68 253 447 34 229 282 764 119 441 55 65 151 64 10 148 65 102 184 185 54 3875 33 120 487 146 986 111 15 22 13 77 341 41 7 1074 133 108 56 837 7453 22472 5031 5187 38 1646 306 8480 879 379 11 44 15 860 1077 5 3 7 1 112 4 86 274 175 386 741 155 502 92 1620 235 96 391 3716 414 1 4 422 847 0 1 1 0 4 1 0 2 0 0 0 0 0 1 19 0 0 3 3 38 8 20 6 2 0 0 0 1 0 0 5 3 0 0 0 3 0 0 11 20 15 2 8 1 2 43 84 3 22 471 3 26 102 1 0 65 1 2 4 6 1 0 0 0 1 1 72 67 36 33 0 0 3 3 106 85 6 12 739 102 0 11 2 3 121 13 2 13 107 3 1 141 31 8 3 1 0 1 0 0
2 2 7 2 7 8 0 3 1 4 0 16 20 40 87 132 30 369 119 16 9 58 24 985 121 10 1566 1013 175 24 166 14 24 153 212 18 143 47 267 111 70 29 4265 8 24 736 124 54 6 2 2 5 19 75 9 0 354 73 216 72 615 211 5031 3902 7495 8 374 267 1741 61 12 12 28 7 365 208 1 0 4 0 8 0 19 51 32 109 365 4 23 3 334 12 3 15 328 128 1 1 137 334 1 0 1 0 0 0 0 3 0 0 2 1 0 1 52 0 1 17 4 166 16 68 13 2 0 0 1 9 0 13 5 3 0 3 1 4 0 0 16 29 75 1 75 0 0 17 23 3 19 397 2 2 2 0 1 0 0 0 2 0 1 0 0 0 5 1 62 68 3 11 0 2 2 1 6 88 0 0 110 12 1 10 4 5 20 8 0 1 0 2 1 4 4 8 1 0 2 0 0 0
5 2 11 6 28 23 2 3 0 7 2 48 45 83 337 376 148 217 77 35 11 19 14 500 24 3 1048 2466 164 62 280 82 104 269 51 35 435 93 2267 19 132 71 1429 3 15 430 25 77 17 0 1 2 11 34 8 3 201 232 130 181 392 98 5187 7495 8477 8 124 141 12568 38 29 17 23 15 1124 346 3 0 7 0 8 1 11 19 16 17 224 14 16 5 151 20 1 7 86 433 1 0 24 442 1 3 2 0 9 1 1 2 0 2 1 3 0 18 211 2 6 41 7 546 23 161 9 1 2 0 0 37 0 54 11 6 4 9 2 10 1 2 26 53 188 2 285 0 4 47 44 6 47 1096 3 2 4 1 0 2 0 0 0 0 0 1 0 0 11 2 131 273 15 45 2 4 7 5 11 225 1 2 155 13 1 26 10 9 54 17 1 1 4 1 0 10 14 14 1 0 2 1 0 0
1 0 0 1 1 1 0 0 26 0 1 2 2736 0 0 2 7 91 545 7 2 7 2 10 1 1 2 2 2 0 1 0 7 0 0 0 2 88 6 0 25 6 96 541 6450 1467 0 43 8 1321 126 1005 7 1 14 0 4 1 0 0 73 35 38 8 8 1452 8 1 74 30 34 23 78 1036 9 167 489 1194 226 878 149 1639 12 6 3 6 3 473 248 1116 2946 38 6 10 62 0 222 5 1 3 0 0 0 0 2 0 0 1 0 0 1 2 0 1 228 0 0 1 1 54 5 25 0 0 0 0 0 2 0 3 1 0 0 2 0 0 0 0 8 7 4 1 11 0 0 12 137 10 34 806 0 9 38 2 1 26 17 11 34 48 2 0 0 0 0 1 32 23 16 1658 0 0 2 0 49 21 10 7 664 64 1 12 39 2 48 12 14 33 122 0 0 137 23 1 2 0 0 0 0 0
636 229 680 391 204 553 117 338 37 515 59 801 0 18 21 21 38 27 54 21 94 543 300 1094 1528 227 622 79 5608 742 2985 172 523 205 195 6 100 302 44 802 270 135 2112 15 27 61 372 135 130 7 97 120 795 4949 190 23 6855 118 52 35 79 870 1646 374 124 8 18986 430 959 388 113 359 409 164 679 261 199 4 301 2 83 3 567 6813 525 3175 1831 76 245 36 289 229 99 125 1037 1215 113 46 4888 4470 11 15 17 3 15 16 6 16 35 47 26 29 0 0 2 0 2 1 9 15 47 15 18 16 9 1 2 0 0 0 44 4 12 38 0 22 0 0 143 109 3 7 2 2 31 3 9 0 49 40 20 2 7 1 0 3 0 3 3 3 10 13 1 6 3 1 4 7 3 5 19 16 2 3 8 5 4 3 45 6 38 264 81 27 8 205 1 0 6 5 12 10 1 3 31 4 7 0 3 6
14 4 6 5 11 15 6 7 0 19 4 61 1 147 85 24 27 24 29 10 99 219 122 769 472 35 765 182 100 30 147 185 523 2041 438 50 655 153 51 1053 189 28 462 5 2 23 1756 10 7 1 11 13 58 83 25 7 326 2431 2212 3398 26 56 306 267 141 1 430 3915 286 24 6 44 113 58 2605 21 7 0 22 0 9 0 90 126 168 177 1270 6 2 6 27 19 5 9 63 240 5 2 262 547 7 3 3 0 3 4 0 4 3 14 4 3 0 1 2 0 2 1 14 4 67 15 26 12 12 0 1 0 0 0 15 4 3 10 0 10 0 0 111 188 2 2 0 3 18 0 0 0 53 13 2 0 0 0 1 1 1 2 1 0 6 5 0 1 0 1 1 3 0 2 10 17 0 1 2 4 1 0 7 2 7 115 51 8 1 66 1 0 0 8 7 1 1 3 3 0 13 0 1 6
32 17 49 32 115 127 19 16 1 31 6 279 19 54 276 225 237 365 73 54 38 126 25 616 165 7 184 425 790 304 971 298 360 317 64 26 544 251 2127 53 436 252 3181 25 121 333 78 3675 83 12 13 8 86 195 26 6 1161 498 112 145 1648 2634 8480 1741 12568 74 959 286 10537 669 644 81 139 13 3266 5851 13 3 33 1 110 6 72 137 120 162 942 163 247 65 1529 104 62 134 891 1708 8 5 239 1560 2 6 1 0 14 3 0 6 3 4 3 7 1 2 130 0 1 12 0 97 11 26 8 1 3 0 1 25 2 9 9 14 1 5 1 7 1 1 33 26 28 4 96 0 3 133 304 8 63 1167 4 42 76 3 6 58 1 3 3 14 0 1 1 0 13 2 142 320 89 107 3 6 9 7 202 215 7 30 1576 227 5 47 17 13 237 54 9 21 88 2 1 180 75 11 16 1 0 0 0 0
35 5 16 10 10 12 16 20 2 18 2 25 3 1 6 4 7 14 31 10 34 199 43 58 130 12 11 1 150 36 58 27 17 12 6 0 8 26 13 61 201 43 321 22 51 41 32 1070 191 43 212 378 44 94 65 17 129 19 0 0 245 5610 879 61 38 30 388 24 669 11763 8171 9 25 15 118 764 11 6 13 16 5864 36 92 119 105 102 117 2086 961 170 672 724 3372 2819 1254 80 5 4 115 96 3 0 1 0 0 1 3 3 1 2 1 0 0 0 3 1 0 0 0 5 1 1 0 1 1 1 0 2 0 2 3 2 0 0 0 1 0 0 1 3 1 1 1 3 7 11 25 5 10 36 7 121 197 7 3 72 61 122 201 470 9 1 0 0 0 0 3 8 35 23 2 0 3 2 51 7 176 200 211 42 0 7 14 1 60 23 209 42 1307 0 4 295 227 2 10 2 0 0 0 0
6 0 7 3 5 6 4 5 2 3 0 16 4 1 1 1 3 12 24 2 3 50 7 14 24 2 2 1 70 20 49 12 15 5 3 0 1 20 15 10 93 16 127 22 38 21 9 3859 60 43 4 66 9 34 11 7 51 8 1 0 272 2866 379 12 29 34 113 6 644 8171 7228 5 18 3 79 1636 6 2 6 8 4417 15 24 25 15 19 42 1325 1758 161 777 146 891 615 379 54 7 3 26 44 1 0 0 0 0 0 0 3 0 0 0 1 0 1 2 0 0 1 0 4 1 1 0 0 0 0 2 1 1 0 1 1 0 1 0 0 0 1 3 0 2 3 0 1 3 9 28 5 8 28 2 95 247 5 4 64 10 14 35 147 4 1 0 0 1 1 5 9 35 20 0 2 2 2 58 6 54 100 218 40 0 7 6 4 70 11 123 34 710 1 2 285 89 0 1 0 0 0 0 0
117 43 148 80 56 190 126 118 625 2293 1355 1737 38 9 9 34 8 48 38 11 393 521 82 25 73 11 22 4 438 269 188 170 1054 73 6 0 24 81 50 20 280 6 50 253 103 78 15 4 12 28 25 31 202 195 59 24 222 83 1 3 96 13 11 12 17 23 359 44 81 9 5 6908 1879 860 438 30 4241 186 7782 11 11 28 167 147 392 121 233 23 7 23 109 32 7 8 12 327 7775 652 132 301 158 110 213 107 98 226 64 112 366 511 465 570 0 0 6 0 3 3 15 14 101 35 40 44 33 0 5 0 0 2 339 21 99 571 0 98 1 0 413 259 6 23 5 14 98 5 5 0 118 36 31 2 1 4 1 0 4 17 7 4 61 75 8 21 2 3 2 6 3 4 69 66 7 2 4 8 3 0 15 7 537 917 259 69 6 1059 1 3 9 26 80 5 7 28 323 47 60 10 5 13
29 10 32 9 13 30 16 13 36 30 15 95 347 11 21 264 37 453 349 48 473 788 194 102 206 35 35 31 194 58 95 73 2201 154 15 0 36 1785 201 125 380 23 170 2540 486 646 91 27 15 122 24 61 78 146 42 17 141 77 18 17 445 16 44 28 23 78 409 113 139 25 18 1879 7032 2446 330 103 976 867 3533 46 35 132 159 164 452 176 307 84 83 108 710 50 14 9 42 174 153 16 212 278 26 27 32 24 37 47 18 79 125 149 138 79 1 1 27 1 13 20 86 63 463 217 176 90 80 2 20 8 2 13 246 23 34 133 3 148 7 1 848 750 22 88 26 11 127 10 12 3 481 125 144 5 5 4 0 6 4 7 13 10 49 58 2 18 6 15 16 26 4 25 93 135 33 35 14 25 3 5 114 25 82 1459 905 292 19 1090 11 5 19 56 89 18 7 24 128 11 76 24 23 54
