28428 12521 12164 4372 4495 6255 7798 5640 428 416 42 2401 0 0 0 3 2 1 2 0 40 106 6 5 36 2 2 0 7458 4490 641 15 23 33 1 0 5 13 3 9 431 4 8 0 0 2 7 10 19 5 191 234 1211 937 710 137 69 5 0 1 6 42 16 3 7 2 396 14 39 26 51 16 12 3 57 8 9 1 9 27 172 5 3226 517 865 74 25 21 24 4 3 518 103 26 32 98 273 1756 34 10 76 5 208 276 0 354 49 38 41 171 196 259 0 0 1 0 0 0 0 0 0 0 0 0 1 0 0 0 0 0 11 0 9 49 0 5 0 0 2 2 0 0 0 8 7 0 1 0 1 1 1 0 0 3 0 1 9 3 13 5 3 2 3 7 1 0 0 0 0 0 7 2 0 0 1 0 1 1 2 0 119 4 0 0 0 36 2 1 5 1 11 0 0 2 185 13 4 0 0 0
12521 18370 4263 21029 2555 5872 215 121 53 125 55 1246 0 0 3 1 4 4 1 1 45 85 1 1 18 0 2 0 858 2575 94 9 14 27 0 0 0 13 0 6 343 6 12 0 1 5 11 5 28 2 133 130 226 216 146 107 42 4 2 2 5 30 6 2 0 3 246 5 4 20 37 23 4 8 38 6 6 0 8 10 133 7 936 225 670 51 17 18 30 10 6 294 73 17 37 44 116 175 36 7 25 4 114 152 1 319 16 12 10 50 95 204 0 0 0 0 0 0 0 0 1 0 0 1 1 0 0 0 0 0 15 1 9 55 0 3 0 0 1 1 0 0 0 4 5 0 1 0 0 2 0 0 0 3 0 0 2 7 6 3 4 3 1 2 1 0 0 0 0 0 6 7 0 0 0 1 2 0 1 1 151 8 0 0 0 37 2 1 1 1 17 0 0 2 70 9 4 1 0 0
12164 4263 25625 6455 218 2881 951 11317 421 6256 487 45197 0 0 2 0 2 2 1 1 90 133 3 4 39 2 2 0 832 183 61 12 31 24 0 0 5 7 0 12 493 10 18 3 0 0 16 14 28 6 192 186 438 351 302 129 58 8 1 0 5 57 5 4 2 2 401 10 18 25 51 50 10 11 74 8 15 2 25 28 182 6 1808 358 928 88 22 37 29 8 10 476 128 31 42 45 720 598 49 14 135 8 423 600 4 1057 58 68 71 283 380 731 0 0 0 0 0 0 0 1 1 1 0 1 4 0 0 0 0 0 46 1 35 187 0 15 0 0 3 2 1 1 0 16 11 0 0 0 0 2 2 0 1 15 0 3 21 27 12 9 11 4 8 8 7 0 1 0 0 1 19 24 0 1 0 0 1 3 3 2 526 12 2 0 1 113 3 0 5 3 39 1 3 8 344 27 9 0 0 0
4372 21029 6455 18023 7879 13901 79 94 51 156 70 3543 0 0 2 0 0 0 0 1 88 146 4 1 29 2 0 0 591 1901 379 13 23 8 0 0 3 12 0 3 320 4 11 0 0 2 9 10 16 1 84 79 128 126 70 117 47 5 0 0 1 29 2 1 0 1 218 5 7 13 22 41 5 8 29 7 20 0 11 10 78 1 638 157 649 69 14 18 16 9 6 248 46 18 24 38 238 110 48 2 56 7 219 358 1 635 31 32 28 112 214 435 0 0 0 0 0 0 0 0 0 0 1 2 2 0 1 0 0 0 37 0 24 147 0 8 0 0 6 0 0 0 0 13 14 0 1 0 0 0 0 1 0 5 0 0 5 12 2 0 11 11 7 12 4 0 0 0 0 0 16 19 0 0 1 0 2 1 0 1 374 13 2 0 0 75 4 0 1 1 27 1 0 9 145 22 7 1 0 0
4495 2555 218 7879 16559 14074 740 122 21 48 30 1713 1 3 6 7 12 4 2 4 123 371 5 6 52 2 17 19 4838 12043 12580 439 290 103 5 0 25 30 11 13 291 4 30 1 3 13 20 184 21 1 67 63 437 404 184 112 429 21 3 2 16 273 220 26 55 1 287 8 664 51 72 61 30 3 189 45 6 1 19 5 50 3 993 218 576 87 18 20 39 7 12 183 37 20 61 1756 37 550 74 13 13 3 24 55 3 77 6 3 2 19 31 66 1 0 2 0 1 0 0 1 1 4 2 1 2 0 1 2 0 0 5 0 6 29 0 11 0 0 2 6 0 4 0 6 4 2 0 0 2 10 0 2 7 2 0 8 2 6 2 3 4 5 2 1 2 0 1 3 2 0 9 3 0 1 2 5 0 0 11 1 79 11 2 0 5 21 4 0 8 2 11 4 2 3 24 1 1 0 0 0
6255 5872 2881 13901 14074 12832 441 237 80 308 154 18765 2 7 11 8 28 12 8 4 418 1057 39 14 149 10 7 15 1171 5682 1715 3508 1559 431 2 0 98 184 35 30 629 9 79 6 10 44 22 351 44 4 100 112 198 182 110 280 73 104 10 5 48 463 253 42 159 2 317 23 1449 89 125 435 181 26 163 152 46 2 78 7 98 6 1005 264 1169 207 33 35 100 17 35 332 66 34 108 1084 414 277 211 19 91 14 286 471 4 949 44 41 38 129 322 694 3 1 10 0 1 1 0 6 15 22 3 2 12 0 3 2 0 2 58 2 64 356 0 70 0 0 30 32 1 13 4 26 17 6 10 1 9 22 6 0 8 17 0 12 9 27 4 5 29 21 6 16 17 1 7 4 4 1 46 36 0 1 11 10 8 1 24 8 784 57 12 1 8 189 5 3 14 4 69 8 6 13 244 37 14 5 0 1
7798 215 951 79 740 441 6824 5428 619 2029 203 422 0 0 0 0 2 0 0 0 6 39 2 0 8 1 4 1 2740 541 511 8 10 11 1 0 1 10 0 2 51 1 5 2 9 3 2 9 3 7 17 23 1057 530 505 14 35 5 0 0 1 20 21 5 3 1 16 2 50 7 4 100 12 5 36 3 65 9 24 3 14 2 837 57 86 10 2 11 0 2 0 55 17 3 2 120 416 3728 11 4 15 0 32 36 0 69 11 3 7 21 24 43 0 0 0 0 0 0 0 0 0 0 0 0 0 0 0 0 0 0 2 0 3 8 0 1 0 0 2 0 0 0 0 1 1 0 0 0 0 0 0 0 0 0 0 1 0 1 2 1 4 0 0 4 1 0 0 0 0 0 1 0 0 0 0 0 2 0 1 0 28 2 0 0 0 5 0 1 3 0 4 0 2 0 30 2 0 0 0 0
5640 121 11317 94 122 237 5428 12787 3897 16737 1079 2497 0 0 1 0 0 1 0 0 7 26 1 1 6 0 0 0 312 62 41 4 10 9 0 0 0 4 0 1 92 0 1 0 1 1 5 4 1 2 33 52 448 209 276 30 14 2 0 0 0 4 0 0 2 1 65 5 10 1 4 17 3 7 12 2 7 0 8 7 16 1 963 90 103 7 4 5 5 1 0 106 22 6 3 21 553 1098 5 0 57 6 165 175 5 346 26 16 24 137 163 219 0 0 0 0 0 0 0 0 0 0 0 0 0 0 0 0 0 0 7 1 5 35 0 3 0 0 2 1 0 0 0 3 6 0 1 0 0 0 0 0 0 2 1 1 4 2 0 1 7 2 2 2 2 0 0 0 0 0 5 5 0 0 0 1 1 0 1 0 106 1 0 0 0 26 0 0 3 0 14 1 0 3 142 14 2 0 0 0
428 53 421 51 21 80 619 3897 2100 4571 428 474 6 0 0 0 1 0 2 0 1 4 1 0 0 0 1 0 68 42 8 12 60 9 0 0 1 8 0 0 11 0 1 15 181 3 0 1 1 299 9 52 93 13 56 2 2 1 0 0 0 3 2 0 0 29 10 0 6 2 1 465 54 136 4 3 360 86 274 41 22 104 104 7 15 2 0 126 20 86 25 9 4 0 1 20 1573 1292 1 1 9 1 30 50 0 96 4 2 2 17 24 57 0 0 0 0 0 0 0 0 1 4 0 0 2 0 0 1 0 0 5 0 8 31 0 5 1 0 7 3 0 1 0 1 1 0 2 0 2 4 0 2 2 2 0 3 7 1 14 7 5 2 0 2 1 1 0 0 0 0 4 4 0 0 8 3 4 2 11 0 73 12 4 0 2 31 3 2 10 0 6 2 2 3 22 5 1 2 0 0
416 125 6256 156 48 308 2029 16737 4571 26774 9803 19109 0 0 0 0 2 0 1 0 6 26 0 0 4 0 0 2 127 30 15 9 76 19 0 0 3 14 1 1 36 1 2 1 3 2 1 9 1 2 15 15 217 62 147 11 3 2 0 1 1 8 3 0 1 1 36 0 34 2 5 650 28 21 7 4 118 0 61 1 8 1 323 23 44 8 1 3 1 1 3 36 9 1 2 22 1809 2358 5 2 134 16 341 497 2 852 68 49 116 268 367 609 0 0 0 0 0 0 0 0 4 1 1 0 0 0 1 0 0 0 44 2 31 131 0 7 0 0 9 2 0 0 0 18 9 0 0 0 0 0 0 1 0 8 1 3 6 12 2 1 25 8 8 9 5 0 2 0 0 0 13 18 0 1 0 1 8 0 2 0 412 15 4 1 1 92 2 1 6 3 36 1 1 9 389 35 6 0 0 0
42 55 487 70 30 154 203 1079 428 9803 4115 3559 1 0 0 1 1 1 0 0 5 16 0 0 2 0 0 0 23 4 4 16 157 29 0 0 3 21 3 0 18 0 1 5 9 6 0 19 0 3 3 7 41 9 21 2 2 3 0 0 0 7 4 2 3 2 12 0 53 3 5 994 73 39 9 5 101 3 144 0 4 1 69 7 17 2 1 1 1 1 3 18 1 1 4 19 1066 371 0 0 36 7 126 187 2 352 19 16 15 79 116 250 1 1 1 0 1 0 1 0 11 3 0 1 2 0 0 0 0 0 22 1 18 124 0 27 1 0 10 8 0 1 0 17 9 0 2 0 4 3 0 0 1 8 0 1 6 14 2 1 5 8 4 5 10 1 1 2 0 0 16 14 0 2 0 0 9 0 2 2 307 27 8 0 0 89 1 0 0 2 31 1 1 11 113 4 8 0 0 0
2401 1246 45197 3543 1713 18765 422 2497 474 19109 3559 31887 4 1 8 7 22 9 15 6 253 706 24 9 88 5 5 8 365 530 131 1228 2146 371 3 1 67 229 19 18 520 14 53 3 1 43 17 181 29 3 72 81 156 88 115 160 38 81 3 0 24 166 90 14 64 2 312 19 658 21 77 1662 433 78 138 88 108 5 204 9 104 4 833 171 755 114 22 27 64 13 24 248 51 18 72 778 1937 678 118 12 219 51 808 1189 24 2267 98 117 100 391 778 1717 2 1 0 0 1 2 0 12 11 23 3 13 20 0 2 0 0 0 128 3 143 749 1 119 0 1 49 35 0 12 3 72 45 2 7 1 9 34 2 3 9 40 2 8 16 52 9 7 64 42 17 25 24 4 2 1 1 2 70 81 1 4 3 8 20 2 22 6 1813 129 14 3 0 501 8 2 17 8 147 9 4 44 692 85 30 6 2 2
0 0 0 0 1 2 0 0 6 0 1 4 5375 4 8 44 399 1134 6161 335 0 1 0 17 1 0 87 20 4 0 0 4 12 11 7 1 90 825 36 9 4 2 121 3806 2716 2319 3 4 1 106 0 3 1 0 1 0 3 3 7 0 13 3 13 159 83 2555 2 4 19 1 3 30 295 523 12 5 104 265 93 11 4 14 3 1 0 0 0 9 13 69 72 4 0 0 18 2 61 6 0 0 1 0 1 1 3 1 0 1 0 0 0 2 7 19 899 7 2 61 1 928 90 2432 29 2 5 0 0 56 2 27 3 0 4 14 1 16 1 3 48 47 156 5 138 1 6 42 614 113 75 2147 0 2 11 0 1 2 1 3 0 0 0 0 0 0 11 2 126 306 14 449 3 0 6 3 36 179 1 3 103 11 26 42 146 0 16 22 0 2 2 1 1 8 12 1 8 0 1 0 0 0
0 0 0 0 3 7 0 0 0 0 0 1 4 9209 4916 1411 1670 169 39 18 59 97 222 95 6 20 691 1049 8 1 2 8 9 246 7356 5847 1414 15 177 512 606 23 75 6 5 11 528 12 9 1 1 1 1 0 2 1 2 287 2324 402 17 16 89 203 185 1 10 584 236 2 3 1 8 1 551 8 0 0 3 0 6 0 8 4 12 2 3 1 4 0 5 40 1 2 12 40 0 0 2 1 0 2 0 0 0 0 0 0 1 0 1 4 51 26 17 10 15 20 8 15 105 293 74 5 17 1 6 12 3 17 1 0 1 9 2 38 10 5 46 83 3 37 6 1 8 3 2 2 17 40 13 0 0 0 0 0 1 1 0 0 1 3 0 0 2 16 7 7 1 2 9 6 0 6 1 8 0 0 4 2 15 48 4 2 1 27 0 0 0 4 4 1 4 0 0 0 2 5 1 2
0 3 2 2 6 11 0 1 0 0 0 8 8 4916 20908 15881 2960 2097 144 1054 125 196 757 200 23 61 818 4912 8 1 5 6 12 116 3139 584 260 39 924 433 2086 143 183 15 9 72 196 27 81 0 16 0 1 3 6 12 16 154 508 121 123 40 90 222 878 0 8 210 674 4 14 2 17 6 372 38 1 3 6 1 16 1 4 4 9 5 2 2 22 2 16 302 1 16 54 47 3 0 4 3 2 2 0 2 1 3 0 0 0 0 0 5 203 89 48 80 79 69 37 82 271 1030 235 30 46 6 31 42 28 76 9 2 3 16 20 71 71 32 82 178 17 188 25 7 12 42 15 9 65 117 41 4 2 0 2 1 2 2 0 0 2 5 1 2 5 98 14 45 5 5 26 26 5 42 7 27 1 0 17 4 26 171 23 2 2 72 0 0 2 18 13 4 15 2 1 0 19 3 3 6
3 1 0 0 7 8 0 0 0 0 1 7 44 1411 15881 20031 965 8735 2386 1313 4 23 276 195 8 18 373 4795 2 1 1 14 48 152 166 46 546 191 2127 121 1369 252 174 15 4 240 13 24 39 0 3 2 0 0 4 8 2 73 46 47 215 28 22 59 982 9 7 44 608 1 11 8 9 3 202 34 3 0 5 0 10 0 6 4 11 5 0 4 21 4 15 194 0 8 40 42 1 1 2 1 0 1 0 0 2 2 0 0 0 0 0 1 157 173 223 71 25 79 11 485 99 1751 89 3 10 10 8 75 34 114 3 1 4 14 6 22 41 20 49 58 155 44 127 2 10 31 62 92 68 222 6 2 1 0 0 1 0 3 0 0 1 2 0 0 9 44 11 50 11 19 7 5 3 17 11 35 2 0 13 3 15 67 34 1 4 35 0 3 2 1 3 6 3 1 0 0 3 1 1 1
2 4 2 0 12 28 2 0 1 2 1 22 399 1670 2960 965 2769 1119 1698 3854 118 312 385 71 50 46 118 216 9 1 3 40 39 165 362 267 745 582 379 192 839 29 78 73 94 1053 158 33 28 12 7 3 5 5 3 15 9 62 313 64 129 29 25 70 196 62 20 89 262 4 9 21 44 99 177 54 12 11 28 0 5 2 18 8 43 13 7 2 19 15 58 72 1 3 34 93 5 2 18 3 1 14 5 5 3 15 0 1 0 0 6 19 335 121 85 111 220 40 68 89 636 1264 268 91 208 20 99 113 58 120 49 15 9 99 49 272 133 78 306 611 24 660 33 13 77 94 38 16 189 169 229 11 6 4 2 4 10 15 1 2 36 65 5 7 25 211 12 99 22 27 131 90 16 138 15 25 13 1 40 13 113 680 127 19 3 420 2 4 13 68 83 13 48 11 2 4 100 28 20 34
1 4 2 0 4 12 0 1 0 0 1 9 1134 169 2097 8735 1119 14054 4081 923 2 10 103 514 4 11 1105 905 7 0 2 11 40 96 100 12 689 529 6268 159 863 96 986 96 99 11661 25 197 58 1 3 0 3 1 3 4 8 17 16 11 2530 86 103 307 559 203 7 23 1138 11 36 9 10 50 51 318 3 10 10 0 7 0 11 4 4 6 0 21 91 19 115 265 0 28 241 21 4 0 0 2 1 8 0 1 6 4 0 1 0 0 1 7 71 208 1434 52 33 189 4 1968 237 5099 77 6 10 3 8 364 15 300 11 3 19 41 9 83 20 11 118 148 820 35 891 1 14 147 542 366 163 1477 11 17 11 2 3 13 0 2 0 1 2 3 0 0 64 11 111 663 73 238 8 2 9 10 68 264 7 2 81 16 24 110 107 2 12 54 2 3 2 4 4 11 37 29 2 0 4 2 0 2
2 1 1 0 2 8 0 0 2 1 0 15 6161 39 144 2386 1698 4081 53968 6000 26 133 33 82 47 58 348 86 17 0 2 6 57 128 61 1 477 1008 80 546 151 18 161 5210 2008 6700 49 118 13 104 2 9 1 9 10 3 12 12 11 11 124 53 54 67 36 1310 21 35 106 6 33 36 364 2956 50 111 37 770 75 4 10 8 45 17 57 22 6 47 238 379 692 45 1 8 92 28 16 2 26 4 6 19 4 1 6 23 1 1 0 0 5 35 1486 1410 1949 585 315 735 176 2937 1986 21063 1521 95 272 81 142 471 236 807 49 15 16 212 67 440 413 183 902 1072 608 777 417 28 108 239 265 749 1489 1302 199 35 14 9 12 27 8 22 1 0 19 51 1 6 52 436 68 293 55 460 131 96 14 172 51 151 19 7 185 28 342 2113 1451 15 25 1138 5 5 10 72 77 32 72 20 7 4 96 38 22 47
0 1 1 1 4 4 0 0 0 0 0 6 335 18 1054 1313 3854 923 6000 7059 40 142 111 29 25 37 19 10 5 1 5 4 18 43 14 2 312 223 174 185 296 19 43 102 75 682 47 24 15 6 2 2 2 0 1 5 8 2 9 0 77 15 5 9 49 48 11 21 113 1 12 4 35 135 14 40 7 15 22 0 5 0 2 7 13 9 5 4 18 28 50 48 0 1 19 10 3 0 6 4 1 7 0 1 1 9 0 0 0 0 0 12 885 383 142 304 302 127 122 92 907 2479 624 75 190 37 117 147 95 280 22 11 10 61 49 184 303 173 288 535 32 712 39 16 61 121 32 10 300 147 173 20 9 3 9 6 2 10 1 3 13 28 1 2 15 423 8 69 17 31 91 51 17 140 12 27 6 2 41 6 105 717 159 17 7 414 1 1 6 46 40 10 52 11 1 1 50 20 14 30
40 45 90 88 123 418 6 7 1 6 5 253 0 59 125 4 118 2 26 40 7371 6610 2453 133 416 261 45 4 109 36 90 21 57 235 8 8 103 88 4 459 1503 19 91 10 0 4 314 12 28 0 10 6 20 13 11 1049 33 49 57 14 6 37 52 26 12 0 41 375 39 22 9 8 21 2 937 7 1 1 7 1 9 0 282 21 2448 46 115 1 15 1 5 119 3 18 71 282 2 21 86 22 0 1 1 1 0 1 0 0 0 0 1 3 10 2 2 1 8 1 0 1 21 24 8 4 5 0 2 2 0 3 1 1 1 11 1 18 3 3 10 31 0 6 0 0 0 0 1 0 6 4 2 0 0 1 0 2 0 1 0 1 1 2 0 0 4 4 1 3 0 0 1 1 0 3 2 2 0 0 3 0 13 17 4 0 0 13 0 0 1 2 1 1 0 1 0 0 3 0 1 0
106 85 133 146 371 1057 39 26 4 26 16 706 1 97 196 23 312 10 133 142 6610 21167 5745 370 7672 1428 181 12 535 130 281 89 244 843 28 12 516 520 15 3511 1786 157 716 67 3 28 1386 55 370 0 53 16 90 49 36 923 217 241 144 62 30 271 229 97 33 1 372 1514 158 130 97 36 116 6 4032 31 8 14 38 1 75 2 1574 303 4488 1087 801 18 96 21 35 1097 20 254 667 1131 12 54 3042 138 1 1 0 4 1 5 0 0 0 0 1 5 14 4 5 5 24 3 3 7 123 122 48 18 25 0 4 5 1 9 10 1 7 48 5 110 7 5 110 187 1 60 1 6 16 10 3 1 29 21 18 3 14 1 0 7 1 3 0 3 3 4 0 2 3 14 2 7 5 0 14 10 4 9 13 5 3 4 16 2 62 125 13 1 4 69 1 2 8 6 8 11 3 3 5 0 13 3 1 7
6 1 3 4 5 39 2 1 1 0 0 24 0 222 757 276 385 103 33 111 2453 5745 12624 4353 560 9871 604 29 37 3 9 11 20 179 42 34 276 74 27 6290 6538 1468 955 2 1 22 357 16 297 0 19 2 1 11 12 31 66 51 63 38 21 92 34 26 6 1 125 219 23 34 26 4 8 0 255 15 1 1 0 0 32 0 106 63 210 98 43 12 39 12 17 650 6 78 283 48 1 5 145 9 0 0 0 0 0 0 0 0 0 0 0 2 5 3 1 1 3 1 5 2 18 53 11 1 3 0 3 1 1 1 0 0 0 3 0 12 2 1 12 18 0 5 4 0 1 2 1 1 5 5 1 1 2 0 0 0 0 0 0 2 0 0 0 0 0 4 1 2 1 1 2 1 0 0 6 0 0 0 5 0 9 11 3 0 1 3 1 2 3 1 1 0 1 0 0 0 2 0 0 1
5 1 4 1 6 14 0 1 0 0 0 9 17 95 200 195 71 514 82 29 133 370 4353 8136 319 2776 4490 189 91 5 22 1 5 24 541 19 56 17 101 9988 2019 5537 1911 1 22 378 1176 17 285 0 11 3 18 19 9 14 188 20 312 14 209 64 35 125 52 1 303 251 71 22 22 5 6 1 184 21 1 0 2 1 18 0 85 74 114 113 44 14 47 13 93 569 1 40 197 17 1 2 63 73 0 0 1 0 0 0 0 0 0 0 0 0 8 15 23 2 1 17 2 67 26 273 34 0 1 0 0 2 0 2 0 0 0 3 0 5 0 2 10 18 17 4 10 0 3 4 11 7 10 131 0 1 2 0 0 1 0 0 0 0 0 0 0 0 1 2 19 27 1 5 0 0 0 2 10 33 0 0 27 2 3 16 3 0 4 9 2 1 2 0 1 2 2 0 0 0 0 0 0 0
36 18 39 29 52 149 8 6 0 4 2 88 1 6 23 8 50 4 47 25 416 7672 560 319 6945 210 134 3 175 25 140 11 45 162 10 0 90 132 2 2846 707 81 619 11 2 13 3645 22 109 0 17 22 71 155 19 109 539 34 23 8 13 134 130 61 3 0 1749 285 39 73 29 12 32 2 615 15 8 1 7 2 29 3 1201 1269 2734 3582 2262 7 40 6 18 332 17 113 433 157 2 9 2760 546 0 0 0 2 0 1 0 0 1 0 0 1 12 7 1 4 6 4 8 3 43 58 24 0 9 1 1 5 0 2 3 0 0 11 0 27 2 0 27 44 0 14 0 1 2 2 1 0 7 13 4 2 4 0 0 4 0 1 1 1 1 1 0 0 3 7 0 3 4 0 2 0 0 6 4 2 0 1 9 0 12 23 1 0 2 18 2 2 9 4 5 4 1 2 0 0 6 2 0 1
2 0 2 2 2 10 1 0 0 0 0 5 0 20 61 18 46 11 58 37 261 1428 9871 2776 210 4086 405 0 9 4 4 2 3 22 2 2 22 12 5 3452 2054 335 548 7 0 6 38 7 112 0 6 1 0 3 1 11 9 3 7 5 6 47 19 17 2 0 64 22 11 23 16 0 3 0 48 3 0 1 0 0 4 0 47 30 77 64 14 1 14 5 9 188 1 46 205 20 0 1 60 2 0 0 0 0 0 1 0 0 0 0 0 0 8 4 3 3 2 4 2 0 16 55 24 0 0 0 1 1 0 1 1 0 0 2 0 2 0 1 6 9 0 4 0 0 0 0 0 0 4 2 0 0 3 0 0 0 0 0 1 0 0 0 0 0 0 2 0 1 1 0 0 0 0 0 3 1 0 2 2 0 1 7 0 0 1 1 0 1 2 0 0 4 1 0 0 0 0 0 0 0
2 2 2 0 17 7 4 0 1 0 0 5 87 691 818 373 118 1105 348 19 45 181 604 4490 134 405 21955 6029 218 15 63 4 11 123 3328 209 191 22 329 4591 924 236 1909 14 22 666 1245 19 40 1 3 3 30 34 8 18 379 251 1080 132 76 50 148 1430 1769 12 320 905 212 6 13 2 3 3 1375 7 1 1 3 0 4 0 92 73 107 73 28 3 15 5 24 135 2 7 80 112 0 7 37 130 0 1 0 0 0 0 0 0 0 0 0 2 37 45 190 8 6 55 4 509 58 1231 87 1 3 4 1 26 5 31 3 0 2 12 3 20 8 2 23 34 137 8 114 0 2 17 54 24 27 464 1 0 1 0 0 1 0 0 0 0 1 0 0 0 7 7 48 79 12 16 0 0 1 5 11 60 0 1 19 0 4 39 6 0 5 11 1 0 1 0 2 0 5 4 0 0 0 1 0 1
0 0 0 0 19 15 1 0 0 2 0 8 20 1049 4912 4795 216 905 86 10 4 12 29 189 3 0 6029 5823 31 8 21 20 39 297 592 149 218 13 2842 182 138 20 323 0 12 298 99 15 6 2 1 1 5 5 2 1 46 441 395 224 117 19 61 854 2667 11 33 372 380 3 3 1 4 2 1059 10 2 0 2 0 3 0 16 4 16 5 1 2 4 6 18 24 1 3 12 142 1 3 0 10 0 2 0 0 2 2 0 0 0 0 0 1 9 21 260 4 3 45 2 613 23 793 16 1 2 0 1 48 1 30 2 0 4 5 1 31 1 1 24 27 176 1 170 0 3 20 91 23 8 592 1 2 2 1 0 0 0 0 1 0 0 0 0 0 8 5 39 128 18 36 1 0 3 0 10 57 0 0 25 1 6 17 3 0 7 5 0 1 0 0 0 1 8 4 0 0 0 0 0 0
7458 858 832 591 4838 1171 2740 312 68 127 23 365 4 8 8 2 9 7 17 5 109 535 37 91 175 9 218 31 48118 18684 9773 45 123 49 33 5 13 35 11 129 203 18 402 9 5 24 289 207 65 1 33 39 5105 8904 979 72 7970 10 24 3 45 936 1226 284 74 1 7026 331 707 335 131 36 25 4 3529 53 12 1 30 5 46 2 2066 687 353 98 447 7 90 12 59 235 7 268 494 2982 41 4032 94 602 11 1 33 53 0 78 6 8 8 16 30 57 4 0 2 1 3 1 0 0 9 16 10 1 6 0 2 0 0 3 4 0 10 42 0 23 2 4 20 31 0 2 0 5 3 0 5 1 2 28 2 2 10 2 0 10 3 3 1 0 8 3 1 2 4 2 7 6 0 1 5 8 0 1 9 12 0 1 27 3 78 16 2 1 5 23 4 3 9 1 5 7 1 1 15 6 0 0 0 0
4490 2575 183 1901 12043 5682 541 62 42 30 4 530 0 1 1 1 1 0 0 1 36 130 3 5 25 4 15 8 18684 20999 11400 7 22 21 2 0 5 8 2 9 206 2 20 1 0 1 3 36 12 0 70 72 667 636 261 65 5282 1 1 0 4 97 113 9 12 0 484 13 179 22 30 7 3 1 312 14 2 1 3 15 75 1 1241 244 402 48 18 12 14 7 4 169 47 13 31 1092 14 634 20 45 7 0 19 23 0 45 5 3 2 20 14 20 0 0 1 0 0 0 0 1 3 0 1 0 0 0 0 0 0 1 2 0 1 4 0 2 0 1 0 4 0 2 0 0 2 0 0 0 0 1 0 1 1 0 0 2 4 0 4 4 2 0 0 1 0 0 1 0 1 0 0 1 0 0 1 1 3 1 2 1 21 2 0 0 1 5 2 0 2 0 6 1 1 0 8 1 0 0 0 0
641 94 61 379 12580 1715 511 41 8 15 4 131 0 2 5 1 3 2 2 5 90 281 9 22 140 4 63 21 9773 11400 12924 13 37 33 11 0 9 10 7 38 441 6 81 2 3 8 127 79 19 0 78 95 836 689 298 115 7215 7 5 1 18 253 361 94 37 1 1478 226 390 59 57 2 6 2 2698 13 5 0 6 7 79 3 1592 485 877 451 1106 20 31 14 18 269 48 42 94 4775 9 674 904 2673 3 1 9 6 0 15 1 0 1 3 3 7 1 0 2 0 2 0 0 0 2 4 2 0 1 0 0 0 0 0 2 0 1 7 0 3 0 0 1 3 0 3 0 1 1 1 0 0 1 14 0 0 2 0 0 2 5 4 5 2 0 0 0 0 0 0 3 1 0 0 0 0 0 0 0 6 2 1 12 2 6 6 0 0 0 2 2 1 4 1 0 0 0 0 6 1 0 0 0 0
15 9 12 13 439 3508 8 4 12 9 16 1228 4 8 6 14 40 11 6 4 21 89 11 1 11 2 4 20 45 7 13 5255 6170 3492 11 4 137 272 35 4 103 2 46 5 6 42 10 125 5 1 10 18 18 15 29 12 18 2591 6 10 32 73 40 28 103 0 142 6 581 8 43 426 325 22 1470 82 9 3 94 2 34 1 206 53 69 14 9 8 36 5 24 86 8 7 29 5719 52 22 8 6 17 9 52 79 4 194 4 8 6 13 57 161 1 1 3 3 0 1 0 12 5 15 1 7 11 2 0 0 0 0 29 3 44 219 1 83 1 1 36 31 3 8 3 15 16 0 4 0 5 20 1 1 7 17 0 6 8 19 4 6 23 14 3 5 11 0 4 1 3 0 35 23 0 3 1 5 9 1 15 2 441 99 11 1 7 157 0 1 4 6 83 0 4 12 32 4 13 0 1 0
23 14 31 23 290 1559 10 10 60 76 157 2146 12 9 12 48 39 40 57 18 57 244 20 5 45 3 11 39 123 22 37 6170 10820 6568 13 2 306 1898 94 21 203 5 58 52 32 203 15 184 11 7 44 44 47 27 73 33 53 1496 14 10 94 157 88 34 130 3 248 21 729 21 42 2605 2230 163 1321 144 88 13 490 3 44 1 494 126 241 53 15 8 51 12 42 138 25 12 59 4318 281 79 55 12 42 16 112 187 10 358 11 17 9 22 116 426 9 8 23 4 15 2 3 19 70 80 14 42 81 2 15 4 4 11 79 6 72 800 2 551 2 0 305 153 8 81 7 57 78 13 13 6 30 77 20 3 1 54 1 10 48 83 7 20 81 46 6 20 31 6 9 9 4 4 145 85 8 15 8 13 36 8 38 4 1610 701 129 9 6 734 3 4 11 21 259 14 15 32 92 22 47 9 6 15
33 27 24 8 103 431 11 9 9 19 29 371 11 246 116 152 165 96 128 43 235 843 179 24 162 22 123 297 49 21 33 3492 6568 8296 223 130 2473 2314 200 84 560 13 62 88 22 177 142 87 22 9 88 114 61 52 134 65 44 2967 792 1909 132 86 112 106 351 9 273 743 795 16 39 571 685 67 3955 57 70 27 310 14 61 3 987 347 620 179 41 14 26 7 23 295 51 17 49 2384 25 13 185 20 16 13 36 68 11 155 8 6 4 8 44 191 23 5 20 2 29 5 6 42 129 122 29 57 126 4 18 17 11 17 79 8 68 844 8 847 7 1 444 310 12 164 5 60 91 23 24 6 58 118 72 11 4 41 1 5 60 89 10 27 119 70 3 16 41 14 21 22 5 6 183 90 15 32 3 25 38 9 30 10 1286 957 109 12 8 664 2 0 8 44 308 5 25 35 51 11 94 15 6 25
1 0 0 0 5 2 1 0 0 0 0 3 7 7356 3139 166 362 100 61 14 8 28 42 541 10 2 3328 592 33 2 11 11 13 223 4802 4326 558 12 30 4034 128 15 428 8 1 47 1390 11 3 0 0 1 1 4 3 1 34 280 1715 322 7 8 58 205 49 1 33 497 64 0 3 0 2 0 597 5 1 0 1 0 2 0 9 6 7 3 3 0 0 1 11 16 0 6 29 31 0 1 5 11 0 0 0 0 0 0 0 0 0 0 0 0 42 49 29 30 14 36 7 74 54 541 92 3 5 1 9 15 6 29 1 0 1 2 1 6 13 3 10 22 17 17 20 0 3 1 7 3 20 69 1 1 0 0 0 0 0 1 0 0 0 0 0 1 2 5 9 10 1 2 1 1 0 2 0 9 0 0 5 0 8 29 4 0 2 10 0 0 0 1 4 0 0 0 0 0 0 0 0 0
0 0 0 0 0 0 0 0 0 0 0 1 1 5847 584 46 267 12 1 2 8 12 34 19 0 2 209 149 5 0 0 4 2 130 4326 3204 1851 3 23 194 46 3 34 1 0 4 274 6 0 0 0 0 0 1 0 0 0 77 4138 558 6 5 32 84 41 0 0 279 51 0 3 0 2 0 101 0 0 1 0 0 0 0 1 0 0 1 1 0 1 0 2 3 0 2 5 4 0 0 1 0 0 0 0 0 0 0 0 0 0 0 0 0 3 0 0 0 1 0 0 3 2 13 2 0 1 0 0 0 0 1 0 0 0 2 0 2 0 0 4 6 0 3 0 0 0 0 0 0 1 13 1 0 0 0 0 0 0 0 0 0 0 1 0 0 0 0 2 1 0 0 2 0 0 0 1 5 1 0 4 0 2 2 1 0 0 2 0 0 0 1 0 1 1 0 0 0 0 0 0 1
5 0 5 3 25 98 1 0 1 3 3 67 90 1414 260 546 745 689 477 312 103 516 276 56 90 22 191 218 13 5 9 137 306 2473 558 1851 1450 824 319 141 529 8 73 55 47 711 310 69 14 10 10 15 11 11 21 20 13 608 2238 1186 216 55 43 86 181 37 38 614 434 4 18 61 112 45 726 65 23 25 54 0 8 1 122 59 153 58 11 4 33 12 64 80 7 2 41 293 11 4 79 7 11 7 5 3 5 25 2 1 1 0 5 44 59 29 53 15 100 10 12 55 296 337 56 75 225 11 67 56 17 43 54 10 10 205 24 457 44 28 344 501 21 453 21 22 69 56 33 11 108 187 178 11 5 8 4 7 14 29 0 6 36 65 4 11 22 55 18 69 14 16 153 87 20 123 12 22 19 4 42 9 215 698 73 21 7 495 4 6 7 67 99 6 33 15 12 2 117 32 10 41
13 13 7 12 30 184 10 4 8 14 21 229 825 15 39 191 582 529 1008 223 88 520 74 17 132 12 22 13 35 8 10 272 1898 2314 12 3 824 1725 272 79 218 13 145 561 640 2202 47 259 29 78 45 47 25 32 57 38 22 115 36 22 296 130 72 43 61 158 147 66 371 15 52 389 1483 565 260 195 81 53 324 8 37 10 400 158 380 134 37 39 188 178 386 148 26 13 112 351 47 12 148 21 22 35 27 28 13 82 4 7 3 4 23 134 135 91 138 57 137 49 33 135 582 1149 172 145 435 10 98 99 44 79 79 25 49 782 36 1067 69 35 910 870 31 627 38 55 189 96 110 26 308 378 255 12 16 45 5 32 31 73 5 12 116 128 7 14 46 73 29 85 27 57 355 148 40 111 26 62 39 7 147 26 1019 2006 429 38 14 1484 7 7 20 123 296 29 58 35 26 13 201 63 18 69
3 0 0 0 11 35 0 0 0 1 3 19 36 177 924 2127 379 6268 80 174 4 15 27 101 2 5 329 2842 11 2 7 35 94 200 30 23 319 272 13168 29 231 48 524 6 78 1471 12 118 24 8 4 5 2 4 9 2 19 163 70 79 9834 70 69 324 4284 15 15 92 2810 6 20 30 41 3 352 253 3 1 12 0 6 0 13 7 10 8 0 16 53 15 82 132 0 11 112 131 1 4 3 0 1 2 0 1 0 4 0 0 0 0 0 4 3 20 493 4 7 31 0 577 42 597 6 0 3 3 1 100 1 45 7 0 4 19 3 40 0 1 33 37 181 12 224 2 1 102 465 45 16 1871 1 9 11 1 1 5 0 4 0 0 1 2 0 0 18 2 248 594 36 56 5 0 6 4 65 363 3 2 136 17 16 51 4 1 35 29 2 3 7 1 7 9 23 13 5 0 1 1 0 0
9 6 12 3 13 30 2 1 0 1 0 18 9 512 433 121 192 159 546 185 459 3511 6290 9988 2846 3452 4591 182 129 9 38 4 21 84 4034 194 141 79 29 14173 3466 838 4008 48 7 64 2500 21 281 0 13 16 25 61 17 34 300 48 563 44 34 221 309 350 38 2 716 292 44 101 37 5 21 6 317 27 1 6 10 2 22 1 292 307 509 504 130 14 55 23 38 495 3 187 973 41 1 2 258 94 1 0 0 0 0 0 0 0 0 0 0 1 194 97 53 64 41 123 38 100 297 1590 423 5 18 3 14 17 7 39 0 1 0 17 2 23 44 28 69 146 11 59 7 0 13 8 8 9 70 41 8 6 11 0 0 9 0 2 1 1 5 2 1 0 2 57 1 9 4 7 5 4 0 11 10 12 0 1 19 2 17 103 14 0 8 57 4 3 4 3 4 8 10 1 1 0 5 2 0 2
431 343 493 320 291 629 51 92 11 36 18 520 4 606 2086 1369 839 863 151 296 1503 1786 6538 2019 707 2054 924 138 203 206 441 103 203 560 128 46 529 218 231 3466 5923 5470 2558 29 30 452 557 179 1204 12 406 197 40 36 938 1361 168 182 138 65 671 557 183 110 91 11 170 538 434 163 377 68 110 8 1532 435 15 7 52 13 357 8 841 106 607 151 183 160 795 289 825 2927 187 256 735 609 25 43 159 60 6 0 7 17 1 37 1 3 1 5 9 44 14 1 11 4 13 3 2 10 36 70 19 4 9 0 1 3 1 4 4 0 6 66 2 43 5 3 33 32 1 13 3 3 9 6 12 0 10 73 7 14 20 1 0 25 9 8 12 27 5 4 0 2 4 9 13 19 5 9 14 7 2 5 24 25 7 12 75 11 95 54 4 0 13 43 13 4 52 2 21 27 15 2 10 1 5 2 1 2
4 6 10 4 4 9 1 0 0 1 0 14 2 23 143 252 29 96 18 19 19 157 1468 5537 81 335 236 20 18 2 6 2 5 13 15 3 8 13 48 838 5470 7397 6438 4 9 132 83 34 2529 0 17 1 1 8 9 7 25 6 13 3 267 119 29 25 25 2 58 20 152 14 66 4 4 0 19 166 2 0 2 1 19 1 29 18 43 31 6 14 123 59 396 1865 1 84 370 8 0 0 23 4 0 1 0 0 0 0 0 0 0 0 0 0 1 0 2 1 0 1 1 6 2 5 4 0 0 0 0 0 0 0 1 0 0 0 0 2 0 0 3 1 0 0 0 0 0 2 5 0 1 32 1 1 3 0 0 1 0 1 0 1 0 0 0 0 0 0 2 0 2 0 0 1 1 1 6 14 1 0 33 4 1 2 0 0 4 1 1 2 2 1 0 2 2 0 0 0 0 0 0 0
8 12 18 11 30 79 5 1 1 2 1 53 121 75 183 174 78 986 161 43 91 716 955 1911 619 548 1909 323 402 20 81 46 58 62 428 34 73 145 524 4008 2558 6438 6604 27 274 2538 1490 178 2014 15 39 11 77 85 30 26 732 53 461 24 2525 335 878 5035 524 25 1048 454 1991 90 88 31 41 1 552 1110 7 1 17 2 47 3 311 297 370 368 115 28 455 411 3110 1751 5 183 3812 139 6 13 202 210 0 2 1 0 2 2 0 1 0 0 1 4 12 15 72 4 4 20 0 110 34 201 25 1 5 0 3 14 0 4 3 3 3 15 1 14 2 1 13 30 28 9 22 0 2 54 141 3 7 1261 1 10 32 0 1 29 0 0 0 2 0 0 2 0 5 4 240 254 33 30 1 2 4 5 94 370 12 4 507 39 16 37 5 0 59 20 8 17 26 3 0 47 34 6 1 0 1 0 0 0
0 0 3 0 1 6 2 0 15 1 5 3 3806 6 15 15 73 96 5210 102 10 67 2 1 11 7 14 0 9 1 2 5 52 88 8 1 55 561 6 48 29 4 27 7651 4153 768 6 60 6 1007 16 115 6 4 12 5 8 7 9 4 29 24 12 13 10 1164 20 19 50 3 17 146 806 2207 35 35 1197 2088 1538 104 49 205 67 14 40 16 3 207 184 583 584 31 5 8 37 12 194 20 15 1 2 8 2 4 5 16 0 5 1 2 5 19 98 87 167 39 34 93 19 188 465 2386 252 57 128 5 35 43 19 57 25 8 7 210 7 317 24 19 452 461 11 185 12 16 57 37 53 64 300 182 62 14 17 11 1 24 20 16 10 9 22 31 2 7 12 31 24 38 14 56 84 48 11 29 30 23 11 5 145 20 266 1044 628 11 21 681 8 13 35 34 70 38 29 7 11 6 63 14 10 19
0 1 0 0 3 10 9 1 181 3 9 1 2716 5 9 4 94 99 2008 75 0 3 1 22 2 0 22 12 5 0 3 6 32 22 1 0 47 640 78 7 30 9 274 4153 7290 451 4 46 11 4008 1 14 11 0 6 1 4 6 11 1 72 25 43 271 155 3162 12 14 138 1 29 107 644 425 32 40 2106 526 734 39 43 114 15 2 2 1 1 543 379 2349 1201 15 1 5 83 6 1551 138 0 3 0 3 3 3 2 12 1 2 0 1 6 10 1 1 349 3 3 16 0 184 33 169 3 3 2 1 1 38 0 3 20 1 4 32 1 44 0 1 43 25 51 5 42 3 3 151 894 7 37 4179 3 52 110 2 6 192 10 6 16 19 1 3 0 2 7 1 474 483 89 764 3 4 5 2 191 661 15 18 2543 181 59 88 22 0 188 96 18 162 130 1 4 265 84 11 11 0 0 0 1 2
2 5 0 2 13 44 3 1 3 2 6 43 2319 11 72 240 1053 11661 6700 682 4 28 22 378 13 6 666 298 24 1 8 42 203 177 47 4 711 2202 1471 64 452 132 2538 768 451 8756 34 76 72 15 16 1 1 8 3 3 48 32 38 10 372 87 207 1757 573 1989 48 46 226 13 32 80 250 60 106 105 36 59 87 3 27 3 21 9 19 11 4 16 96 178 1281 384 1 33 454 69 49 7 5 12 0 17 1 3 2 9 1 14 0 1 3 13 45 99 3148 28 23 101 8 2228 276 3420 49 5 14 5 8 411 9 148 14 5 16 59 11 127 7 2 150 170 570 33 643 3 16 524 3413 305 145 8921 9 48 41 9 9 31 0 11 1 2 3 5 0 1 51 21 747 2363 127 1121 10 5 17 23 225 1280 10 6 695 57 72 182 56 4 95 134 3 10 21 2 7 30 130 25 12 1 5 1 0 3
7 11 16 9 20 22 2 5 0 1 0 17 3 528 196 13 158 25 49 47 314 1386 357 1176 3645 38 1245 99 289 3 127 10 15 142 1390 274 310 47 12 2500 557 83 1490 6 4 34 5891 20 29 1 17 14 75 104 21 34 1001 60 916 162 35 102 318 411 62 0 1609 943 139 28 15 4 17 4 560 13 1 1 8 0 10 1 415 589 634 1054 4844 2 15 5 24 69 4 42 294 44 2 12 421 514 1 1 1 0 0 3 0 0 0 0 0 1 35 16 6 16 36 20 10 10 159 201 78 13 27 0 12 12 3 5 8 1 0 24 2 50 16 5 69 158 3 43 5 0 4 7 4 2 16 33 22 2 3 2 0 1 2 3 2 2 1 8 0 0 2 22 4 16 5 1 8 10 4 13 4 9 1 2 22 2 20 65 6 1 2 25 1 2 0 6 3 3 5 2 0 0 6 3 0 3
10 5 14 10 184 351 9 4 1 9 19 181 4 12 27 24 33 197 118 24 12 55 16 17 22 7 19 15 207 36 79 125 184 87 11 6 69 259 118 21 179 34 178 60 46 76 20 12715 157 79 15 13 28 17 12 4 108 97 48 23 326 9289 3644 242 100 34 103 88 8408 170 2393 62 68 6 741 8797 12 0 43 9 236 21 68 39 47 24 3 1207 6215 463 752 338 8 73 650 720 10 17 7 17 4 8 1 0 3 1 0 4 0 0 0 4 1 0 13 11 5 22 1 15 5 22 9 1 8 0 6 4 0 0 62 11 4 18 5 33 0 0 7 13 9 22 1 5 6 150 139 3 23 186 6 494 1367 14 13 1687 29 24 33 105 5 8 1 3 22 2 64 136 502 39 13 24 10 4 1349 128 153 225 2491 327 21 52 14 12 672 64 370 510 1165 7 3 1690 604 10 12 1 3 3 4 1
19 28 28 16 21 44 3 1 1 1 0 29 1 9 81 39 28 58 13 15 28 370 297 285 109 112 40 6 65 12 19 5 11 22 3 0 14 29 24 281 1204 2529 2014 6 11 72 29 157 10659 10 158 21 10 9 16 8 46 4 5 0 147 1558 94 12 7 11 133 11 127 145 243 3 8 0 69 309 0 0 7 0 154 3 91 70 125 88 14 101 855 408 404 10366 31 2120 7993 43 4 0 45 9 0 0 0 0 0 0 0 0 0 0 0 1 0 0 1 2 1 0 0 2 0 3 0 0 0 0 0 1 0 1 2 0 0 3 0 3 0 0 4 4 0 1 1 1 1 3 4 0 1 23 0 15 44 0 0 35 3 0 3 8 0 0 1 0 2 0 5 6 20 6 0 0 0 0 82 7 4 10 115 15 5 1 1 0 41 7 10 9 58 0 0 66 17 0 0 0 0 0 0 0
5 2 6 1 1 4 7 2 299 2 3 3 106 1 0 0 12 1 104 6 0 0 0 0 0 0 1 2 1 0 0 1 7 9 0 0 10 78 8 0 12 0 15 1007 4008 15 1 79 10 7846 129 1354 13 0 5 1 4 0 0 0 11 70 20 8 5 1900 2 1 56 16 45 48 194 1353 6 69 2855 474 488 1387 344 4316 6 1 3 1 1 3306 702 3673 206 26 7 13 45 1 2539 160 0 0 0 7 2 6 0 18 0 3 0 1 2 11 0 0 7 1 0 9 1 11 2 15 0 3 1 1 3 0 0 0 7 4 4 20 0 14 3 0 9 4 1 5 0 3 0 101 87 1 20 142 2 118 417 5 2 637 79 21 153 139 1 0 0 1 12 0 33 39 104 163 8 8 1 2 482 54 51 65 2513 178 34 32 12 1 265 43 99 734 599 1 1 1024 141 8 10 1 1 1 1 2
191 133 192 84 67 100 17 33 9 15 3 72 0 1 16 3 7 3 2 2 10 53 19 11 17 6 3 1 33 70 78 10 44 88 0 0 10 45 4 13 406 17 39 16 1 16 17 15 158 129 11743 16062 6 5 182 14 18 19 4 1 17 76 15 0 1 112 24 12 20 448 75 11 35 196 123 8 108 21 26 1146 3218 203 129 21 37 22 14 323 89 25 9 7933 10936 402 108 81 115 28 8 6 19 1 8 7 1 11 1 2 2 1 3 11 0 2 1 1 0 1 1 0 2 2 0 0 0 0 0 0 0 0 3 0 2 15 0 14 0 0 6 3 0 0 0 18 0 1 0 0 1 4 1 12 4 0 0 7 748 511 1133 495 56 3 0 2 4 0 0 0 0 7 5 1 0 0 2 1 114 70 17 0 21 8 8 0 0 12 118 27 359 1 39 23 5 1 6 4 1 1 0 0
234 130 186 79 63 112 23 52 52 15 7 81 3 1 0 2 3 0 9 2 6 16 2 3 22 1 3 1 39 72 95 18 44 114 1 0 15 47 5 16 197 1 11 115 14 1 14 13 21 1354 16062 18188 12 1 155 18 25 27 2 0 4 40 17 3 2 1006 10 13 8 372 102 28 74 1267 151 13 806 140 85 15118 5784 1293 109 3 33 8 11 651 90 31 5 2414 4016 110 29 81 690 51 7 7 44 7 23 16 2 22 5 10 5 3 10 24 0 0 0 1 0 1 0 0 1 1 1 2 1 0 0 0 0 0 14 2 4 22 1 10 1 1 9 3 0 1 0 35 3 1 7 1 4 5 1 58 15 1 0 19 3163 1865 6174 1877 153 5 0 0 4 0 0 0 4 50 16 2 1 1 2 1 401 211 80 2 50 19 38 2 5 39 381 79 1704 1 146 118 58 4 32 8 0 0 0 4
1211 226 438 128 437 198 1057 448 93 217 41 156 1 1 1 0 5 3 1 2 20 90 1 18 71 0 30 5 5105 667 836 18 47 61 1 0 11 25 2 25 40 1 77 6 11 1 75 28 10 13 6 12 5969 5214 5199 8 616 13 2 1 8 126 139 35 12 0 901 71 83 28 10 71 30 4 460 5 33 7 42 5 7 7 2349 378 87 72 134 8 14 5 12 45 4 40 96 286 118 4821 66 111 3 0 5 8 0 17 2 2 3 7 12 6 1 0 0 0 1 0 0 0 7 5 3 1 2 0 1 0 0 0 1 0 2 13 0 19 0 0 6 5 1 7 1 1 0 0 0 0 3 1 0 0 0 0 0 2 0 0 1 0 0 1 0 0 0 0 0 2 0 0 3 0 0 0 0 0 0 0 3 1 27 12 1 0 0 16 0 0 1 0 2 0 0 0 4 0 1 0 0 0
937 216 351 126 404 182 530 209 13 62 9 88 0 0 3 0 5 1 9 0 13 49 11 19 155 3 34 5 8904 636 689 15 27 52 4 1 11 32 4 61 36 8 85 4 0 8 104 17 9 0 5 1 5214 8011 110 7 757 13 4 1 11 126 181 36 10 0 2809 94 76 48 8 8 16 2 448 6 2 2 15 0 4 0 713 2531 71 139 213 0 17 3 13 45 2 42 113 284 16 1429 113 148 2 0 6 3 0 8 0 0 0 1 5 8 0 0 1 1 3 1 0 2 3 7 3 0 2 0 2 0 0 0 1 0 1 8 0 11 0 1 10 11 0 2 0 1 0 0 0 0 1 5 1 0 1 1 0 5 0 0 2 0 1 0 0 0 0 1 1 1 0 0 4 0 0 0 2 6 0 0 4 0 17 13 1 0 1 14 1 2 0 1 4 0 0 0 6 1 1 0 0 0
710 146 302 70 184 110 505 276 56 147 21 115 1 2 6 4 3 3 10 1 11 36 12 9 19 1 8 2 979 261 298 29 73 134 3 0 21 57 9 17 938 9 30 12 6 3 21 12 16 5 182 155 5199 110 17336 358 174 28 4 5 8 51 64 8 4 2 109 18 43 24 12 37 54 7 248 12 25 8 42 29 77 3 2250 20 45 14 32 8 15 11 13 547 59 19 35 135 73 2322 19 22 2 0 5 8 0 11 2 0 1 3 6 9 1 0 0 0 2 0 0 0 3 4 0 1 2 0 0 0 0 0 3 0 1 15 0 10 0 0 6 6 1 1 0 2 2 0 0 0 2 0 0 1 1 3 0 2 12 5 11 4 0 1 0 0 0 0 0 1 1 0 1 3 0 0 1 1 0 0 1 0 32 24 5 0 0 14 1 0 6 0 2 1 0 0 9 0 0 0 0 0
137 107 129 117 112 280 14 30 2 11 2 160 0 1 12 8 15 4 3 5 1049 923 31 14 109 11 18 1 72 65 115 12 33 65 1 0 20 38 2 34 1361 7 26 5 1 3 34 4 8 1 14 18 8 7 358 1525 27 19 8 5 6 23 31 8 5 0 17 48 21 14 3 6 23 3 282 3 1 1 11 1 16 0 578 12 1660 63 38 4 12 1 8 106 11 15 32 152 2 14 107 13 0 1 0 2 0 2 0 0 0 2 1 5 0 0 0 0 0 0 1 0 3 6 1 1 1 0 0 0 0 0 1 0 1 8 1 11 2 0 5 10 0 3 1 0 2 1 0 0 0 3 0 0 0 0 0 0 1 2 2 2 2 1 0 0 0 0 0 1 1 0 0 2 1 0 0 0 1 1 1 0 19 8 1 0 0 6 0 0 2 0 4 0 1 0 2 0 1 0 0 0
69 42 58 47 429 73 35 14 2 3 2 38 3 2 16 2 9 8 12 8 33 217 66 188 539 9 379 46 7970 5282 7215 18 53 44 34 0 13 22 19 300 168 25 732 8 4 48 1001 108 46 4 18 25 616 757 174 27 13501 15 54 4 50 792 1231 419 62 0 13527 1360 438 278 79 9 18 0 9587 47 0 0 17 0 28 0 935 1084 443 1326 3506 12 85 17 80 199 12 278 663 2935 5 227 1395 7027 0 0 2 3 0 4 0 0 0 0 2 3 5 0 2 1 3 0 0 5 15 22 9 0 4 0 2 2 1 1 0 0 0 8 0 10 1 0 13 20 0 3 0 0 0 1 8 1 5 50 2 7 15 1 0 9 0 1 0 0 2 1 0 0 0 2 10 8 4 0 2 2 0 1 14 19 2 2 38 6 10 10 3 0 8 14 1 2 11 1 2 12 1 0 1 1 2 1 0 0
5 4 8 5 21 104 5 2 1 2 3 81 3 287 154 73 62 17 12 2 49 241 51 20 34 3 251 441 10 1 7 2591 1496 2967 280 77 608 115 163 48 182 6 53 7 6 32 60 97 4 0 19 27 13 13 28 19 15 1596 612 684 46 84 232 172 428 2 108 613 1225 10 12 95 92 5 2567 49 15 4 45 5 22 0 240 71 121 30 7 4 9 2 10 86 9 4 27 510 6 2 41 10 7 2 12 15 1 50 2 2 2 1 16 44 1 0 4 1 2 0 0 10 11 7 2 1 9 0 0 2 0 0 10 1 9 101 0 60 0 0 34 35 1 9 1 7 8 0 11 0 8 58 2 2 2 5 0 2 10 12 0 4 13 5 0 5 3 0 9 9 2 0 12 6 0 1 4 14 5 1 13 5 199 78 6 1 1 54 1 1 5 7 36 4 3 5 4 3 10 1 0 2
0 2 1 0 3 10 0 0 0 0 0 3 7 2324 508 46 313 16 11 9 57 144 63 312 23 7 1080 395 24 1 5 6 14 792 1715 4138 2238 36 70 563 138 13 461 9 11 38 916 48 5 0 4 2 2 4 4 8 54 612 2695 2586 26 112 452 467 207 1 48 1527 614 14 11 4 8 1 984 13 2 1 4 1 4 0 28 12 40 25 11 3 7 4 19 13 0 11 106 26 0 1 17 13 0 0 0 1 0 0 0 0 0 0 0 2 8 3 5 0 4 8 2 7 48 76 19 9 14 3 4 6 3 2 5 0 1 26 1 49 4 4 38 61 4 17 1 3 5 7 8 2 7 65 8 2 3 0 1 1 0 2 1 0 1 0 0 1 3 6 13 16 0 1 5 2 2 4 2 17 1 0 18 1 8 41 2 1 0 18 1 0 0 6 5 3 0 0 0 0 3 0 0 0
1 2 0 0 2 5 0 0 0 1 0 0 0 402 121 47 64 11 11 0 14 62 38 14 8 5 132 224 3 0 1 10 10 1909 322 558 1186 22 79 44 65 3 24 4 1 10 162 23 0 0 1 0 1 1 5 5 4 684 2586 1339 10 17 64 78 168 2 5 1158 274 2 3 3 8 2 482 4 5 4 1 1 2 1 24 10 31 4 2 0 3 0 5 10 2 1 6 16 1 0 8 1 1 1 0 0 0 0 0 0 0 0 1 3 3 0 1 2 3 0 1 4 17 17 4 2 11 0 1 6 0 0 1 1 0 24 0 38 1 1 16 36 0 10 2 3 6 3 2 0 4 23 3 0 0 0 0 0 0 2 0 0 1 2 0 0 1 1 4 6 0 1 10 2 0 7 0 7 3 0 7 1 19 44 3 2 0 18 0 0 0 2 7 0 4 0 0 0 6 3 1 1
6 5 5 1 16 48 1 0 0 1 0 24 13 17 123 215 129 2530 124 77 6 30 21 209 13 6 76 117 45 4 18 32 94 132 7 6 216 296 9834 34 671 267 2525 29 72 372 35 326 147 11 17 4 8 11 8 6 50 46 26 10 5848 199 271 1044 916 62 58 51 3954 27 70 18 48 3 167 2289 6 1 20 1 33 1 26 14 14 17 4 44 375 75 1604 580 2 81 833 84 6 2 3 17 1 7 0 2 2 4 0 5 0 0 1 5 1 3 351 1 5 2 0 116 39 138 10 2 3 1 0 52 1 7 18 1 8 25 1 38 1 0 30 29 29 5 49 1 4 242 793 12 23 2095 3 28 36 3 4 49 1 7 0 2 1 1 2 0 11 1 297 799 71 128 4 4 5 8 131 650 10 6 797 65 24 49 6 1 73 62 7 9 20 1 5 45 82 13 11 0 0 2 0 1
42 30 57 29 273 463 20 4 3 8 7 166 3 16 40 28 29 86 53 15 37 271 92 64 134 47 50 19 936 97 253 73 157 86 8 5 55 130 70 221 557 119 335 24 25 87 102 9289 1558 70 76 40 126 126 51 23 792 84 112 17 199 18641 13305 763 110 5 827 243 3781 9295 1934 41 43 0 1350 1748 2 0 14 14 291 39 265 213 315 167 46 374 1164 353 612 1859 40 7741 6317 1006 8 59 89 116 0 7 1 1 1 4 0 2 0 1 0 2 1 1 5 13 3 35 1 17 6 17 8 3 8 2 5 1 1 0 48 8 5 4 1 7 0 2 7 7 5 11 6 2 2 102 84 3 9 140 5 539 1452 12 10 1151 40 36 39 176 2 3 0 0 6 2 49 58 407 38 14 30 6 2 927 101 201 271 1552 154 12 26 13 7 462 56 518 487 1645 5 1 1594 477 8 9 2 1 3 1 0
16 6 5 2 220 253 21 0 2 3 4 90 13 89 90 22 25 103 54 5 52 229 34 35 130 19 148 61 1226 113 361 40 88 112 58 32 43 72 69 309 183 29 878 12 43 207 318 3644 94 20 15 17 139 181 64 31 1231 232 452 64 271 13305 24608 8560 1154 10 1058 645 6339 1698 289 14 20 1 2388 1174 0 0 7 3 27 5 383 230 323 203 60 72 1392 375 937 164 8 955 4416 963 7 73 88 245 0 5 0 0 2 1 0 2 1 0 0 2 4 3 15 2 1 13 3 30 7 41 4 2 4 0 5 2 0 3 19 2 1 4 1 12 1 1 4 15 11 11 9 2 1 78 80 0 17 230 2 146 430 2 4 533 8 7 10 23 0 0 0 1 4 2 68 88 210 10 3 8 4 1 557 122 47 66 1052 111 8 24 4 2 311 30 97 112 313 1 2 476 196 9 1 0 1 2 0 1
3 2 4 1 26 42 5 0 0 0 2 14 159 203 222 59 70 307 67 9 26 97 26 125 61 17 1430 854 284 9 94 28 34 106 205 84 86 43 324 350 110 25 5035 13 271 1757 411 242 12 8 0 3 35 36 8 8 419 172 467 78 1044 763 8560 7679 5247 22 339 503 4309 140 42 13 12 1 1139 177 3 1 7 2 3 1 78 68 96 86 29 12 101 62 705 55 2 64 3046 192 4 11 32 134 1 5 0 0 1 0 0 1 0 0 0 2 4 5 134 3 2 8 0 142 25 143 6 1 1 1 2 33 0 7 8 2 1 7 1 11 2 3 12 13 45 1 23 1 0 89 221 2 15 1981 1 10 26 1 0 17 0 1 0 3 1 0 2 0 7 4 339 444 31 33 2 2 5 5 101 558 2 2 438 27 7 17 3 0 68 17 4 10 17 0 2 34 35 2 4 0 1 0 0 0
7 0 2 0 55 159 3 2 0 1 3 64 83 185 878 982 196 559 36 49 12 33 6 52 3 2 1769 2667 74 12 37 103 130 351 49 41 181 61 4284 38 91 25 524 10 155 573 62 100 7 5 1 2 12 10 4 5 62 428 207 168 916 110 1154 5247 8631 14 50 236 8612 10 14 12 11 0 1142 75 3 3 11 0 3 1 31 13 22 10 6 5 24 15 125 71 1 11 156 482 3 5 5 9 0 6 1 1 1 6 0 1 0 0 4 7 1 2 260 3 3 20 0 322 27 259 2 6 5 0 0 72 1 13 13 1 4 14 0 19 0 0 32 20 96 11 86 2 3 121 331 10 17 1963 3 14 14 2 2 10 0 2 0 0 0 3 0 0 16 1 271 591 30 43 6 3 4 5 84 474 3 4 271 18 22 42 2 1 31 25 1 1 1 2 5 15 23 7 2 1 5 0 0 0
2 3 2 1 1 2 1 1 29 1 2 2 2555 1 0 9 62 203 1310 48 0 1 1 1 0 0 12 11 1 0 1 0 3 9 1 0 37 158 15 2 11 2 25 1164 3162 1989 0 34 11 1900 112 1006 0 0 2 0 0 2 1 2 62 5 10 22 14 2083 1 2 21 2 18 16 67 1008 4 28 1276 1394 239 676 163 781 2 0 1 1 0 447 221 842 1089 23 3 2 27 4 391 30 0 0 1 2 0 0 1 3 0 4 0 0 0 3 5 0 348 2 0 7 0 156 30 361 3 0 2 1 0 15 1 5 1 0 0 10 0 11 0 0 26 14 6 4 10 1 3 34 445 38 33 1255 0 24 27 0 1 50 52 13 100 87 0 1 0 0 4 2 56 80 16 2330 2 2 3 1 50 55 18 15 601 17 10 37 23 2 20 38 12 33 81 1 2 59 28 1 3 3 1 0 1 2
396 246 401 218 287 317 16 65 10 36 12 312 2 10 8 7 20 7 21 11 41 372 125 303 1749 64 320 33 7026 484 1478 142 248 273 33 0 38 147 15 716 170 58 1048 20 12 48 1609 103 133 2 24 10 901 2809 109 17 13527 108 48 5 58 827 1058 339 50 1 12209 1045 276 369 105 106 148 6 4114 74 18 3 108 1 49 1 1642 6635 597 3009 3560 16 162 37 90 559 5 369 1063 894 43 35 1653 2061 3 3 17 33 0 64 2 3 1 5 21 59 10 5 4 0 8 2 2 5 35 33 8 1 11 0 0 4 0 2 12 0 9 100 2 47 1 0 36 37 0 10 0 6 12 5 5 0 5 62 3 4 15 3 0 9 6 10 1 2 14 6 1 3 7 5 9 15 8 0 11 7 0 3 19 12 3 4 47 5 208 92 6 0 6 80 10 9 20 2 31 16 7 8 10 5 3 2 1 1
14 5 10 5 8 23 2 5 0 0 0 19 4 584 210 44 89 23 35 21 375 1514 219 251 285 22 905 372 331 13 226 6 21 743 497 279 614 66 92 292 538 20 454 19 14 46 943 88 11 1 12 13 71 94 18 48 1360 613 1527 1158 51 243 645 503 236 2 1045 4857 811 53 24 8 22 4 2561 16 8 10 17 1 14 0 341 318 406 602 1555 3 15 7 30 74 7 29 158 76 5 9 328 1521 1 0 1 1 0 9 0 0 0 0 3 5 9 2 3 1 16 5 3 3 50 49 13 12 23 1 3 4 1 9 2 0 2 33 2 79 4 1 70 93 1 40 1 4 10 8 7 0 14 85 8 0 4 4 0 3 0 1 2 0 6 2 0 1 2 1 16 17 2 1 20 7 1 8 7 30 3 0 27 5 25 63 6 1 1 39 0 2 1 3 11 3 2 3 1 0 11 6 1 2
39 4 18 7 664 1449 50 10 6 34 53 658 19 236 674 608 262 1138 106 113 39 158 23 71 39 11 212 380 707 179 390 581 729 795 64 51 434 371 2810 44 434 152 1991 50 138 226 139 8408 127 56 20 8 83 76 43 21 438 1225 614 274 3954 3781 6339 4309 8612 21 276 811 11023 229 593 190 115 9 5589 7985 16 8 110 5 42 8 183 78 156 55 16 109 1111 190 1245 330 10 121 1433 3541 30 88 29 76 4 37 5 9 7 12 1 5 2 4 5 23 5 1 116 7 6 16 2 62 33 124 11 4 10 5 5 26 2 1 74 8 10 63 8 69 2 3 47 44 26 28 20 5 7 344 679 12 48 1520 11 164 220 13 7 541 2 20 8 22 5 9 1 5 26 5 374 685 244 94 12 26 16 14 424 880 43 56 3526 456 103 161 19 0 388 175 121 114 241 7 5 431 340 24 20 1 9 3 0 5
26 20 25 13 51 89 7 1 2 2 3 21 1 2 4 1 4 11 6 1 22 130 34 22 73 23 6 3 335 22 59 8 21 16 0 0 4 15 6 101 163 14 90 3 1 13 28 170 145 16 448 372 28 48 24 14 278 10 14 2 27 9295 1698 140 10 2 369 53 229 4084 4942 7 7 1 254 122 1 1 4 67 4922 227 130 101 133 86 10 453 189 94 112 773 1549 1077 839 164 2 13 33 44 0 2 0 0 0 0 0 2 0 0 0 0 0 0 1 1 2 6 1 1 0 7 1 0 3 0 1 1 0 0 5 0 1 4 1 3 1 0 2 0 1 2 0 1 2 8 9 0 2 14 0 129 162 3 1 58 159 124 211 635 2 0 0 0 0 0 4 10 23 7 1 3 0 0 65 9 308 283 181 21 4 2 10 0 29 10 384 61 1701 0 0 240 62 0 6 0 0 0 1 0
51 37 51 22 72 125 4 4 1 5 5 77 3 3 14 11 9 36 33 12 9 97 26 22 29 16 13 3 131 30 57 43 42 39 3 3 18 52 20 37 377 66 88 17 29 32 15 2393 243 45 75 102 10 8 12 3 79 12 11 3 70 1934 289 42 14 18 105 24 593 4942 3844 25 21 1 194 526 11 1 16 24 10289 69 53 30 76 25 5 817 1356 242 206 923 497 1263 350 201 10 10 8 9 2 4 2 0 1 0 1 2 0 0 1 1 0 1 1 10 0 21 0 3 2 6 4 3 2 5 5 1 1 0 15 2 3 1 0 4 1 0 2 3 2 6 1 0 0 19 15 0 2 37 1 337 567 5 0 242 88 80 123 493 2 2 0 0 3 0 13 12 76 21 5 15 2 2 160 16 318 308 433 32 10 9 13 2 61 21 650 210 2215 4 1 635 231 0 6 0 0 3 0 0
16 23 50 41 61 435 100 17 465 650 994 1662 30 1 2 8 21 9 36 4 8 36 4 5 12 0 2 1 36 7 2 426 2605 571 0 0 61 389 30 5 68 4 31 146 107 80 4 62 3 48 11 28 71 8 37 6 9 95 4 3 18 41 14 13 12 16 106 8 190 7 25 3436 1606 285 158 58 1803 74 2538 3 15 12 174 44 46 11 3 14 37 35 30 78 10 2 27 375 4153 769 10 1 39 16 160 214 5 522 23 24 13 79 162 477 10 4 5 4 5 4 2 13 49 58 8 31 40 2 5 3 2 4 53 4 98 695 2 285 2 1 167 113 4 41 1 47 71 5 9 3 23 31 14 1 5 33 2 8 47 61 8 11 80 35 5 17 30 1 6 6 4 6 124 57 8 7 5 13 35 3 27 3 1748 495 117 6 6 697 2 0 13 16 176 4 10 22 154 23 57 7 2 3
