13.9913776478503 21.0406252834022 25.049097573961 43.598994807595 46.0606533701879 53.2544269680691 27.6093664554242 20.9515340072043 54.6433185283269 52.8295759581603 93.7583054133824 57.5201543158961 0 0 0 219.669682820638 231.730857849121 189.264526367188 215.497360229492 0 130.328505516052 159.083119014524 178.980260213216 202.072311401367 190.445273293389 211.075141906738 186.621994018555 0 31.7992103164718 23.9033604617108 53.59180437942 132.195691680908 160.175136732019 188.154240232525 226.789443969727 0 167.423347473145 206.605772752028 167.888732910156 195.301727294922 104.505442431244 165.069816589355 187.127988815308 0 0 212.935668945312 189.220476422991 165.376200866699 151.219305339612 192.777661132813 139.300294766251 162.600716419709 108.070813501108 93.7321985584695 118.207084064752 118.954505586276 132.661349310391 181.600817871094 0 163.545974731445 194.110087076823 178.108830769857 175.139565467834 182.859553019206 176.703207833426 213.318824768066 89.5230876363889 176.913912636893 165.014336219201 174.362429692195 176.606823491115 124.979140281677 184.714027404785 92.777214050293 178.488881830584 170.598751068115 122.476136949327 242.109069824219 150.399723476834 153.288984510634 177.546079768691 198.832281494141 119.563348194271 102.789019350388 113.028847587453 136.169118932776 176.997645568848 189.908113025484 183.574982961019 197.810527801514 181.206614176432 135.838159156122 170.216011862153 174.931815514198 180.05086517334 106.765128777952 71.1197986253452 66.4820605530011 179.291018093334 139.456037139893 149.364594911274 200.050152587891 164.497350949508 169.741180309351 0 164.827837626139 147.977194961236 150.519178290116 152.45444730433 120.11206121612 153.757776493929 164.956043847279 0 0 193.262725830078 0 0 0 0 0 0 0 0 0 228.165283203125 0 0 0 0 0 194.539400967685 0 161.680625067817 176.864748896385 0 173.515036010742 0 0 236.190963745117 206.923309326172 0 0 0 209.49836730957 215.635203770229 0 186.97216796875 0 208.765365600586 206.369049072266 189.042083740234 0 0 210.86723836263 0 239.895248413086 204.095458984375 212.689982096354 190.492950439453 204.979425048828 222.039484659831 177.051696777344 159.257629394531 162.858116149902 162.648254394531 0 0 0 0 0 225.038168770926 196.406700134277 0 0 232.759719848633 0 247.388809204102 232.345031738281 220.806587219238 0 156.0914308564 177.363319396973 0 0 0 146.179492526584 201.138023376465 208.744567871094 215.444723510742 224.753997802734 223.462446732955 0 0 165.553375244141 107.729889699575 162.16665825477 207.054695129395 0 0 0
21.0406252834022 19.3996423179064 27.9119522356243 25.1405525177135 38.0665220718794 51.3474019390686 65.101698152409 63.931796586218 82.1493204944539 70.206859298706 68.678653717041 57.3354216953725 0 0 235.276321411133 224.412124633789 193.628608703613 213.282978057861 155.090789794922 223.963256835938 121.103173997667 148.40079202091 164.975189208984 175.661224365234 192.037164900038 0 189.327377319336 0 84.9325317658467 26.1911378869733 94.1049314864138 141.560733371311 167.40563419887 188.119784319842 0 0 0 205.274516179011 0 194.358907063802 107.637758038134 165.613815307617 189.634780883789 0 239.773239135742 216.829721069336 184.805000998757 190.827633666992 160.2108971732 206.360794067383 154.454486760878 172.582490891677 127.140083785606 110.687655307628 135.173883202958 125.853717839606 135.260798318045 188.243732452393 174.522644042969 182.868278503418 208.510931396484 186.328756713867 199.643063863118 177.116828918457 0 219.508982340495 97.4123082975062 189.011352539062 187.188510894775 192.251116943359 187.687671145877 124.301281141198 200.576713562012 121.476926803589 178.727965907047 181.117022196452 102.502232869466 0 120.031859397888 165.971549987793 189.301876670436 184.583380562919 135.534837845044 115.822381117079 121.776108847091 142.502376631194 187.777415556066 194.680566575792 190.407984924316 208.645220947266 185.093101501465 152.609695201017 182.083038330078 183.483984554515 196.601906853753 154.521618669683 85.2216066163162 93.4641256495885 171.410869386461 151.409953526088 184.299373168945 200.337520599365 177.271015234161 181.026704185887 192.454833984375 175.965023411479 184.102870941162 178.122606913249 176.442025756836 141.250527801514 166.701443481445 173.430094027052 0 0 0 0 0 0 0 0 205.194946289062 0 0 229.57746887207 234.727401733398 0 0 0 0 0 190.86945699056 167.352844238281 156.123455471463 163.472947831587 0 188.811808268229 0 0 163.998199462891 219.863754272461 0 0 0 200.38293838501 197.977505493164 0 186.794525146484 0 0 224.378044128418 0 0 0 214.135650634766 0 0 210.865211486816 207.79366847447 197.137453715007 219.399475097656 220.359268188477 208.314025878906 135.328659057617 199.324378967285 158.11018371582 0 0 0 0 0 205.68822479248 190.143942696708 0 0 0 248.360198974609 232.425270080566 0 204.003799438477 238.570571899414 155.259800790951 172.201620101929 0 0 0 148.1418811695 214.664894104004 235.98664855957 217.53727722168 196.060333251953 211.687128403608 0 0 211.267349243164 130.832883889335 200.270385742188 234.149356842041 200.547546386719 0 0
25.049097573961 27.9119522356243 13.5541161691526 25.8855030853189 91.4499912786921 43.8378072405639 56.7441810724236 20.0704611037702 70.8555980057161 18.9535835152849 43.9515156951528 28.5963050906293 0 0 232.44100189209 0 162.193328857422 233.133850097656 178.869888305664 236.643615722656 126.819604068332 148.669524859665 171.837799072266 199.182712554932 183.179790594639 183.46012878418 215.951805114746 0 88.9413082278692 97.0381925926834 155.060003562052 146.04700088501 146.838653564453 183.586818695068 0 0 202.315194702148 205.32190159389 0 188.629314422607 109.524243677847 158.454388427734 197.821175469293 185.630864461263 0 0 179.173848152161 181.948520115444 161.406023297991 203.562347412109 154.458537975947 171.353648031912 125.368483800322 111.683593597847 135.909136993206 127.77503689315 131.59438060892 174.5995054245 196.620162963867 0 208.217333984375 185.788045782792 197.470492553711 201.34001159668 224.011688232422 210.043128967285 100.606017800043 174.447494506836 171.388488769531 191.661079101563 184.361835255342 107.882886581421 162.311405944824 111.676661404696 179.125749330263 174.852252960205 111.261404927572 215.147026062012 137.808410644531 167.604491097587 189.447835733602 190.054499308268 134.161323226659 117.100731748442 122.275816687222 145.217133175243 169.900184631348 197.566176955764 196.242615798424 210.617330551147 208.542704772949 149.254341734558 182.176917672157 189.011978149414 184.50769624256 146.827652401394 74.9279790666368 90.2363040758216 163.075701810876 156.770501817976 169.139984526458 199.080183029175 174.926277142608 176.138968353271 188.250274658203 171.628942354287 168.507622817467 175.618419198429 170.220610497703 132.792969936196 162.879238429822 170.128021939509 0 0 0 0 0 0 0 226.958755493164 209.685134887695 235.669235229492 0 212.691436767578 234.762859344482 0 0 0 0 0 181.103977700938 155.557769775391 156.513912963867 164.845904100387 0 174.04353129069 0 0 151.925710042318 236.915176391602 242.36100769043 244.020065307617 0 193.641486167908 215.197303078391 0 0 0 0 198.972351074219 218.249778747559 0 228.524948120117 207.537110392253 0 193.433176676432 205.764304751442 216.257125289352 195.788121541341 223.906314425998 212.154105446555 201.788970947266 180.908283233643 198.24192237854 154.532769339425 0 247.789184570312 0 0 186.866104125977 204.641086779143 183.750531514486 0 213.427139282227 0 0 241.328948974609 232.682469685872 208.91933186849 232.001556396484 150.852706009897 170.883412043254 96.2540588378906 0 231.623275756836 141.5822700568 227.206741333008 0 225.75950012207 225.800537109375 218.539638812725 241.935821533203 238.79145304362 154.782466888428 119.498280724814 175.665320784957 214.138261583116 0 0 0
43.598994807595 25.1405525177135 25.8855030853189 16.8294553320965 28.917774156865 29.5860351024365 91.233241696901 77.3832731855677 82.1143406138701 58.9744051419772 71.2581627982003 28.8122267531299 0 0 205.802421569824 0 0 0 0 226.465515136719 119.772197896784 130.364281170989 201.34663772583 193.903457641602 157.898768984038 215.82413482666 0 0 89.2748992842466 44.8865396862341 40.9961215374023 117.395878131573 150.091562685759 195.400405883789 0 0 189.708206176758 188.529230753581 0 193.519902547201 108.981376481056 179.665660858154 182.037005337802 0 0 203.517417907715 169.541280110677 192.874208068848 165.343901634216 176.013076782227 155.440255664644 178.169379705115 138.626877903938 117.944294036381 143.086426326207 125.455128335545 121.902660451037 158.758935546875 0 0 173.98762512207 186.170769000876 199.094779968262 239.554550170898 0 205.878356933594 101.316702361501 215.798394775391 182.370343889509 187.322557889498 191.926328485662 103.927883241235 199.417926025391 90.483208656311 190.681025011786 193.92004612514 114.144088363647 0 125.322341225364 165.940159606934 193.289249713604 188.591384887695 142.943140263094 124.258496327005 124.511613161061 128.485711470894 188.041399274554 208.964633517795 197.978128433228 210.288694593641 194.798990885417 155.024820081649 185.921089835789 188.37208726671 185.251141230265 132.870910744918 80.3703005654471 100.698352744363 149.87712987264 140.017929077148 175.402020318168 197.395174298968 176.257982924649 180.027357900609 151.469833374023 174.146784264272 169.501758206275 180.011373519897 178.795206887381 140.533785615649 165.160035819651 171.453313893285 0 0 0 0 0 0 0 0 0 0 199.677017211914 185.290000915527 197.771881103516 0 190.602233886719 0 0 0 182.182760290197 0 160.155344009399 160.659270928831 0 185.360864639282 0 0 185.990280151367 0 0 0 0 198.318351158729 200.689593723842 0 184.490478515625 0 0 0 0 244.519912719727 0 214.707818603516 0 0 218.894348144531 221.61890411377 196.651214599609 0 215.928326693448 212.270814375444 188.225618634905 192.879854838053 159.783920288086 0 0 0 0 0 193.803186416626 175.63439700478 0 0 227.643264770508 0 236.14826965332 241.680755615234 0 245.128204345703 151.062459343895 159.369317861704 99.9868011474609 0 0 138.424596048991 200.854465484619 0 227.315322875977 227.84423828125 213.605389065213 217.464431762695 0 158.951802571615 129.789168364426 178.371570933949 204.079347882952 199.688217163086 0 0
46.0606533701879 38.0665220718794 91.4499912786921 28.917774156865 21.5076198718982 33.4108380267646 69.3275098491359 79.1768992377109 85.7215216500419 101.330599069595 65.5088368097941 54.7175097000648 102.773986816406 177.813379923503 162.645258585612 159.463216509138 132.864079793294 161.509880065918 145.934276580811 156.440675735474 104.721880532862 106.404569291683 122.084385681152 173.585235595703 145.270824725811 123.878219604492 133.860905366785 114.857753954436 64.0806486548447 40.5824579235566 23.2257116715177 39.8240444165971 69.5067907662227 88.5459086594072 112.029223632813 0 104.512963562012 112.114516703288 121.409560463645 138.122612586388 98.9230246789677 149.542381286621 157.933994293213 238.521728515625 150.310857137044 134.026219881498 158.71895980835 143.076762696971 165.897283644903 218.994216918945 142.980118139466 166.991991194468 121.703555318802 104.779934590406 134.451331263003 111.98765032632 55.3062619518289 73.3306986490885 115.810376485189 138.060291290283 128.04957151413 158.865721817855 140.572759558938 144.593316591703 128.174658480558 106.254249572754 82.3527912578516 157.691823959351 132.298837351512 174.185724595014 178.049718856812 77.9193880675269 97.8156644185384 83.3587303161621 94.6165520299679 155.485146077474 142.712022145589 86.0085144042969 115.595662568745 160.183108520508 180.962436523438 173.84684753418 129.961256659163 110.712765859901 115.435368948513 109.04494572782 158.31382115682 190.331525421143 174.16858575283 181.849533081055 158.215767542521 148.681398068621 174.470439601589 174.162702941895 170.024872451532 29.7528787730495 102.98755625132 86.0728275715221 135.190874666781 105.507419586182 171.023854182317 184.276112874349 178.823171615601 181.512568525835 208.918126424154 177.261757194222 165.141436258952 192.000615437826 167.956634521484 144.87946600663 171.738924580236 175.751582058993 151.287490844727 0 198.866836547852 0 141.594909667969 0 0 176.468215942383 170.558959960938 164.596691131592 209.45686340332 154.168350219727 190.914520263672 0 159.321212768555 191.652763366699 0 0 213.67839050293 0 159.7853418986 166.238953689049 0 183.693362149325 0 0 152.71036529541 173.460187276204 0 176.256053924561 0 197.566266377767 202.916328430176 208.372039794922 0 0 159.079048156738 182.966870117188 0 219.673141479492 218.826309204102 222.631301879883 0 209.196817398071 216.853820800781 214.20559946696 198.14981842041 230.744944254557 205.449169158936 204.764678955078 177.227569580078 162.859268188477 152.050819396973 0 238.622665405273 205.85834757487 220.548683166504 0 198.029719034831 176.70295715332 0 134.739456176758 209.232048034668 207.661605834961 0 0 202.325980446555 192.874420166016 155.037875694565 183.171329845082 157.339233398438 0 201.734341430664 149.987824576242 204.689781188965 0 226.60675239563 212.997589111328 207.895323319869 214.548389434814 235.82780456543 165.030283610026 131.072978655497 163.082977294922 174.585037231445 0 0 0
53.2544269680691 51.3474019390686 43.8378072405639 29.5860351024365 33.4108380267646 23.0558751352559 77.4003376863441 70.7953138069765 87.8347230434418 70.2225097371386 64.1956824389371 33.9571524285012 111.023975372314 140.144884381975 169.990300958807 137.151021957397 111.635625566755 149.193822860718 116.22524356842 168.584608078003 111.508060236297 111.741020671805 128.821884350899 163.328047616141 142.769144659874 135.55630645752 153.491324288504 119.142687479655 81.7005809226879 53.3397729370805 48.3144025140879 29.5972001018383 61.1530360043852 86.9342299724676 103.396831512451 0 97.0693268289371 101.54619227285 110.855778503418 153.302233886719 106.746589054174 152.910521613227 166.089449532424 155.720361073812 130.444149017334 140.084230422974 165.057117115368 145.497107763915 161.609539898959 179.088287353516 157.332405471802 178.555033275059 135.818153997864 119.581459464608 145.64485244751 120.510866573879 112.069747036451 70.324685390179 174.111277008057 187.708753967285 135.08725865682 161.217128728945 147.289080593426 147.041513352167 121.832031393951 224.206336975098 106.454824910931 176.47583306354 131.645863945687 176.920751335916 176.229025634766 70.498605311602 78.894647766872 87.4495559105506 144.730837090615 142.885950490048 82.1250970259957 122.231163024902 101.802773059943 160.837206159319 194.415857587542 201.222798665365 143.663944012846 124.467689369664 123.44294725064 123.279828721198 163.039435415557 194.611601911272 177.175776672363 165.62062701057 154.864888872419 159.107340410531 185.179201761882 185.263519287109 171.819575698287 58.3403352483612 77.8233249959163 100.213590050432 133.036243312167 163.714948553788 177.270218733903 187.864689418248 173.155684197699 173.864420929279 165.514682769775 169.688960373841 179.481978329745 170.597727705793 170.763595179508 136.993990166243 163.211095916558 165.555951857773 169.980611165365 136.165069580078 167.359313964844 0 227.583511352539 214.259979248047 0 189.345039367676 164.779921468099 185.944696599787 164.305165608724 196.531936645508 191.861764272054 0 165.260615030924 173.286979675293 0 183.643898010254 185.248192885826 181.749641418457 148.186414837837 158.674825175425 0 168.480744171143 0 0 167.863836161296 160.86945104599 198.394943237305 170.220248882587 180.880535125732 190.200467036321 183.84411351821 211.313166300456 173.347229003906 153.508865356445 141.25981648763 200.295759721236 162.560750325521 0 219.182769775391 207.852131563074 0 193.400182088216 233.084676106771 216.071719134295 193.47142791748 233.927563476563 210.699462890625 199.404326665969 200.587633768717 198.238466262817 159.398068147547 146.419799804688 198.14202444894 202.650173187256 194.267284393311 186.06559753418 198.7974448826 170.420995924208 0 165.300277709961 206.753481778232 210.917472839355 235.376695632935 229.577590942383 207.259488423665 212.620790481567 146.614126322221 154.746761121248 126.222382863363 237.281311035156 211.721706390381 134.750130870355 211.167578125 213.353759765625 230.57619040353 211.249340057373 206.533966506737 211.853120803833 233.550738016764 155.092468261719 125.188567771286 181.605052226299 198.516418457031 197.637692260742 0 149.642761230469
27.6093664554242 65.101698152409 56.7441810724236 91.233241696901 69.3275098491359 77.4003376863441 12.4180933454741 22.1796795394637 20.2408581392445 34.2362157564083 58.2420821918055 77.9027623633073 0 0 0 0 235.362648010254 0 0 0 129.207087198893 147.729586870242 192.048446655273 0 177.474674224854 151.788940429688 155.616836547852 147.307037353516 24.7985675347112 53.6931796294263 64.9050885329275 137.244989871979 138.473181533813 183.262763977051 112.850700378418 0 101.935661315918 170.539399719238 0 207.793807983398 111.901446398567 106.301429748535 184.577914428711 146.082912445068 115.809096442329 145.363566080729 144.018421173096 178.29886203342 133.337936401367 121.269893101283 125.797614153694 134.497422923212 76.8071343810804 60.3524886869035 86.428128406789 132.602227347238 79.805649457659 152.343416595459 0 0 193.545959472656 175.302755737305 155.500017438616 158.394920349121 157.570101420085 95.1938323974609 90.521824836731 120.381294250488 161.071998291016 189.930901663644 191.998912811279 61.8243341445923 140.918210983276 88.3467475891113 133.233037312826 161.215489705404 60.4099767244779 81.9254366556803 77.5648140907288 140.856870015462 176.229676927839 135.45140838623 94.2283984951079 85.2361009162769 129.091966495957 153.987741088867 194.774284362793 157.421721024947 0 169.517433166504 0 116.601948963512 150.649363798254 171.132471720378 187.870361328125 84.2036312103271 34.4870126591279 32.8968966614151 165.647877779874 109.147071838379 140.997122701009 0 147.162554502487 163.123596615262 0 153.87404709968 140.615724736994 164.426780700684 145.440137590681 111.050039745512 140.759990056356 151.709130398063 0 0 0 0 0 0 0 0 0 0 0 0 0 0 0 0 0 0 166.405342102051 0 139.501973470052 155.634952545166 0 178.929275512695 0 0 159.593658447266 0 0 0 0 200.222396850586 148.59114074707 0 0 0 0 0 0 0 0 0 0 165.144638061523 0 247.386184692383 158.28955078125 219.496047973633 186.876163482666 0 0 167.703271865845 173.03108215332 0 0 0 0 0 198.130844116211 0 0 0 0 0 236.580833435059 0 207.433044433594 0 149.700473512922 195.50904083252 0 0 0 156.428396606445 0 176.892700195312 228.653615315755 0 206.010475158691 0 202.207977294922 0 96.2984976450602 177.176040649414 0 0 0 0
20.9515340072043 63.931796586218 20.0704611037702 77.3832731855677 79.1768992377109 70.7953138069765 22.1796795394637 14.1323653833109 19.3111687255328 19.006324488608 47.2066388806333 57.396032455591 0 0 222.24870300293 0 0 182.598846435547 0 0 134.253070286342 161.130014859713 126.161476135254 128.175552368164 162.904012044271 0 0 0 65.0547926181402 82.6550382798718 113.228998695932 170.201892852783 172.155210876465 176.406099955241 0 0 0 157.481876373291 0 243.620498657227 99.0468757463538 0 224.825927734375 0 118.245918273926 159.943008422852 149.948260498047 194.662368774414 157.171508789062 149.11873626709 137.010894544197 150.210332430326 99.2864986147199 87.9810496243564 108.920659327853 123.512879435221 114.98513848441 193.911689758301 0 0 0 168.268436431885 0 0 169.169700622559 198.879180908203 85.7857059185321 223.398568725586 168.355308532715 162.827835083008 203.811508178711 87.7435419419233 158.791974385579 102.198257446289 152.214719136556 212.298416137695 99.3438023158482 0 98.5169897079468 154.919778006417 169.40590763092 137.156799316406 111.594261827003 92.5533944871691 116.07195844928 144.612978254046 146.488489151001 195.264199829102 198.384820556641 176.424850463867 0 124.664920303057 155.379021384499 158.200655619303 165.154830932617 136.851077488491 46.405535350872 59.7970461689058 194.193154907227 0 141.568091275399 184.297236124674 159.469079589844 164.923697553362 164.941687011719 161.321610621634 155.724622286283 156.33601474762 144.90703868866 114.9344284169 150.493472467902 161.499262038976 0 0 0 0 0 0 0 0 0 0 0 0 0 0 0 0 0 0 178.002299717494 176.604446411133 162.353964233398 163.123317173549 0 193.053497314453 0 0 136.605297088623 169.185440063477 0 0 0 198.606236775716 200.205101013184 0 156.958221435547 0 0 0 0 0 0 181.559043884277 239.676452636719 165.694915771484 224.038707733154 210.912437438965 0 201.435699462891 193.019570486886 193.908821105957 178.103435516357 170.706176757812 148.322410583496 0 0 0 0 0 201.802877807617 161.869595336914 0 0 0 223.822235107422 226.382232666016 0 185.682067871094 0 141.770037741031 166.665145874023 0 0 0 127.166069911076 0 0 202.741907755534 0 208.470886230469 211.191680908203 0 160.892435709635 93.5422312508167 151.454763684954 228.047370910645 0 0 0
54.6433185283269 82.1493204944539 70.8555980057161 82.1143406138701 85.7215216500419 87.8347230434418 20.2408581392445 19.3111687255328 6.93672131844929 26.708282586809 56.0518295742641 76.8292106435269 88.4869003295898 0 0 0 152.425308227539 0 176.622550964355 0 95.2969512939453 148.479557037354 112.84309387207 0 0 0 210.109619140625 0 57.2416012146894 75.5252306801932 79.8152799606323 78.9136832555135 79.0847449620565 87.918755001492 0 0 90.6151351928711 116.619935035706 0 0 116.957965504039 0 161.652206420898 73.4544085184733 103.711313658656 123.598617553711 0 145.363052368164 193.087356567383 113.370430349905 160.669246249729 158.878473428579 77.6589222979802 77.1692836468036 101.15069103241 123.020557403564 78.5688133239746 229.071166992188 0 0 0 173.410680135091 191.470802307129 0 0 81.7776334039096 99.6552757263184 0 172.454315185547 159.270538330078 188.313323974609 56.1179615389916 76.8336890185321 52.2564296862658 107.035861968994 178.703516642253 46.3133302476671 54.5266807467438 61.5566676759372 147.227017100264 158.612876198509 130.811405695402 109.833796281081 102.955328805106 116.657149759928 115.286087036133 0 147.520844898527 150.948532104492 127.039200538813 121.284440612793 166.141359965007 163.16609954834 0 189.693984985352 94.3730361938477 21.1964719695645 21.1772780721033 158.104354858398 212.045501708984 165.308836195204 161.157196044922 166.223697916667 164.052631530762 0 162.865968386332 149.484001159668 159.398208618164 195.947463989258 125.970888474408 152.007961908976 160.180042735317 0 0 0 0 0 0 0 0 132.016586303711 146.110557556152 0 0 139.658737182617 0 0 224.153656005859 0 0 187.257623291016 0 129.899406433105 141.512139351137 0 139.02360534668 150.452056884766 0 143.693056379046 190.905944824219 0 216.006408691406 0 194.378814697266 182.364837646484 0 155.936622619629 0 103.106594085693 168.499450683594 0 220.699653625488 191.975982666016 191.249542236328 0 189.73432413737 202.470001220703 190.925582885742 193.314166477748 208.264423915318 193.722790527344 204.735397338867 0 168.228721618652 158.099411010742 168.774215698242 0 0 0 0 178.45654296875 155.578971862793 0 0 206.398946762085 190.235148111979 229.309478759766 201.809494018555 185.86135448109 0 140.864104283999 140.795832316081 70.1959018707275 0 203.022979736328 127.65592956543 187.688634236654 160.108963012695 213.852305603027 0 201.018310546875 199.907646179199 200.08056640625 156.675359090169 119.645579251376 145.669454956055 232.16764831543 194.21639251709 0 0
52.8295759581603 70.206859298706 18.9535835152849 58.9744051419772 101.330599069595 70.2225097371386 34.2362157564083 19.006324488608 26.708282586809 13.0659778930702 20.2012655363391 28.9743898641908 0 0 0 0 151.550514221191 0 239.401229858398 0 119.617838541667 134.89784182035 0 0 172.912282943726 0 0 204.253601074219 76.4168675039697 108.431486256917 132.068462117513 98.2146932813856 73.8771195662649 136.022285662199 0 0 163.523030598958 132.330173492432 108.226425170898 244.505111694336 114.961817211575 137.082855224609 171.829521179199 210.720321655273 123.493471781413 176.877685546875 151.879425048828 162.96331193712 122.269065856934 138.418724060059 155.058299255371 168.645072937012 100.109355276081 99.3075172055152 113.257609516585 107.158281499689 165.820149739583 136.38249206543 0 223.154357910156 110.100151062012 163.252716064453 182.689870198568 0 104.117317199707 139.554046630859 90.845398373074 0 137.203511630788 169.063186645508 182.062808227539 37.1511959119943 86.3501604625157 59.602609361921 171.412501743862 140.64234161377 40.854485398632 0 75.3639108626569 194.761245727539 171.963535308838 212.609222412109 121.216900237943 114.064134348994 126.857298070734 160.384175300598 166.881576538086 217.954839070638 141.581359863281 149.554916381836 142.30392964681 129.291155921088 171.680143568251 195.416152954102 166.776214599609 128.644626790827 37.282660115154 45.5145297665228 149.53468170166 169.028259277344 127.846802455276 165.03767156601 139.112488844528 142.323734367877 154.440925598145 137.594214667737 125.088997279896 137.448013928472 67.9802928484719 95.3904492961827 127.609005390136 134.209737643037 0 0 0 0 0 0 0 0 149.860855102539 247.928924560547 204.978103637695 0 0 0 182.884292602539 0 0 0 159.568508321589 128.81111907959 131.503904035015 135.234077104175 0 136.234934125628 0 0 160.364508734809 167.320266723633 0 0 0 180.173301696777 176.46592203776 0 0 0 0 0 0 167.476654052734 0 198.939458847046 220.215026855469 170.296127319336 209.72395324707 195.43124516805 183.469985961914 231.881225585938 193.975383911133 175.664533615112 151.188802719116 170.330426534017 137.588735961914 0 205.000373840332 0 0 0 183.924274151142 160.508657243517 0 233.736419677734 0 180.776077270508 225.058517456055 0 211.289825439453 0 122.563536356954 125.953290812174 82.5481414794922 247.29231262207 231.424575805664 116.329321819803 153.261238098145 154.952682495117 191.761286417643 207.395502726237 194.094670189752 170.379699707031 236.532592773438 140.748902214898 75.9097845621771 143.735071454729 195.090318044027 0 0 0
93.7583054133824 68.678653717041 43.9515156951528 71.2581627982003 65.5088368097941 64.1956824389371 58.2420821918055 47.2066388806333 56.0518295742641 20.2012655363391 11.457955310759 27.2466233514875 90.4755477905273 0 0 118.634147644043 76.2310943603516 130.756546020508 0 0 117.877883911133 108.085808753967 0 0 151.083213806152 0 0 0 87.0833564426588 83.5110282897949 139.731304168701 75.0723748207092 54.5720631909219 97.7179953476478 0 0 104.159479777018 102.709905896868 103.564982096354 0 100.213019900852 0 145.57096862793 74.565193939209 99.8510530259874 132.43968073527 0 149.968166953639 0 140.385012308757 147.875371297201 178.130689348493 121.789511517781 113.812372843424 134.729576837449 105.655990600586 118.864643096924 78.5664087931315 0 0 0 183.290235246931 150.027187347412 123.667804718018 116.715957641602 88.5483207702637 96.6809768676758 0 130.056673877644 192.923955281576 167.474713134766 27.2413762620757 59.5637454725292 54.9372841272599 115.76628197564 129.010723876953 37.9139491355065 72.2403310139974 44.8928119738897 0 185.170082092285 228.299850463867 140.532133461773 118.592950003488 130.285386926988 108.67472076416 143.25358581543 184.864608764648 206.179748535156 129.361389160156 132.702204386393 137.712075127496 185.215682983398 167.876007080078 159.437065124512 93.5945775885331 44.1247629882247 72.5026199669851 0 0 148.753452512953 173.478576660156 150.771712227473 153.975409359855 165.366119384766 147.71950973164 162.890123869243 155.035549163818 153.777199808757 111.548090391521 138.024383281839 146.506539855957 164.669509887695 238.660720825195 140.101898193359 0 151.876342773438 0 159.647277832031 0 141.434182600542 139.935801188151 0 157.806106567383 176.569763183594 0 0 0 0 0 171.497741699219 179.91162109375 136.457874298096 135.475523671796 0 134.279676931876 206.943099975586 0 149.390682220459 148.677997589111 0 145.232238769531 0 178.03339879653 164.091766357422 0 164.345146179199 0 121.835054397583 186.204126993815 0 0 235.259414672852 186.113807678223 0 187.775543212891 230.474764506022 200.670364379883 207.778938293457 245.082778930664 203.409173583984 175.695613861084 188.152912139893 186.913928222656 147.012520599365 151.667205810547 184.928787231445 200.513000488281 0 0 174.844593048096 161.561522347587 0 149.059783935547 0 0 221.027615017361 0 213.875480651855 195.213035583496 126.280590368016 128.950544851798 79.6956386566162 0 0 114.258478057518 194.21630859375 0 0 208.527549743652 188.992292342647 212.625411987305 227.814880371094 150.835802251642 97.2780383287278 171.106822967529 207.380970001221 0 0 0
57.5201543158961 57.3354216953725 28.5963050906293 28.8122267531299 54.7175097000648 33.9571524285012 77.9027623633073 57.396032455591 76.8292106435269 28.9743898641908 27.2466233514875 18.8467343506063 126.851112365723 162.938812255859 157.603003501892 159.237613133022 128.56830180775 143.773985968696 156.998417154948 146.207332611084 117.852401069973 120.183727231985 128.504144350688 161.145020378961 151.192723534324 142.29210357666 188.50297088623 147.395163536072 108.411631147829 72.1112147709109 89.2334070860885 29.8585091936083 42.8285550747869 80.5184627646063 132.314188639323 141.12419128418 100.095960133111 89.9139866058483 120.162316573294 169.074822743734 112.647920564505 160.906502859933 163.626529045825 184.594914754232 123.124504089355 135.505011270213 167.192147198845 153.210484330825 175.113404898808 197.406275431315 161.815843370226 193.965252158083 145.320513945359 131.012335083701 152.365074423085 129.484552240372 142.545797247636 61.7279099122978 214.402359008789 0 127.353139877319 170.426550807723 154.124128044976 163.143067496163 126.022888183594 175.720066070557 112.028064996768 161.888048673931 137.473615443453 184.076560610817 185.727765566343 37.1575361392702 58.7533299532003 79.121327326848 139.490389201952 146.297265659679 79.4050720267826 170.830909729004 83.3271251659767 178.716352674696 201.081512304453 197.027847290039 151.157620982963 130.424398812634 129.624380099063 127.02327306647 173.016485387629 201.770316795067 174.27787399292 182.698499239408 146.667725245158 163.432277464098 191.604369518804 194.524000379774 181.624561945597 68.5811650734634 69.9567694302127 95.7755707484783 139.637628329002 161.985151926676 178.077942103556 187.318837483724 171.226338962517 173.046053527883 173.545324325562 166.459278613184 174.585656925124 172.120167006794 170.640423583984 131.465314099246 159.213671961296 162.638197479515 162.824607849121 154.721801757812 0 0 144.370758056641 195.698295593262 0 186.438390096029 158.397639881481 163.942775560462 157.557017008464 187.180721576397 194.433115386963 0 139.53689956665 0 0 0 176.89068198204 152.774739583333 144.921913627144 154.145821615914 152.350830078125 163.696116407378 0 220.869903564453 161.755694019551 161.173427908761 0 180.23150507609 177.157826741536 187.818487591214 183.279225328234 191.818130493164 169.401923043387 152.246551513672 163.448384602865 199.311771168428 153.893455505371 237.487548828125 222.164939032661 199.22661857605 226.037788391113 195.676719665527 235.482724189758 216.555826040415 223.487257215712 232.535420009068 209.243590593338 204.371344430106 197.203042423024 194.417919921875 143.72091070811 163.423561096191 235.886100769043 246.690017700195 207.61164855957 162.067718505859 195.435142735073 172.654469807943 234.9912109375 199.897510528564 204.851826985677 225.510429382324 235.69845123291 227.503913879395 203.528402848677 206.446108500163 142.174715680703 143.399004026901 105.256960732596 198.301376342773 0 130.924532679027 203.504726409912 218.801750183105 216.949953864602 213.224981307983 203.515296261327 215.202336629232 227.079391479492 162.686466563832 117.966868505313 177.572960887236 201.836739095052 212.491709391276 204.256057739258 200.449516296387
0 0 0 0 102.773986816406 111.023975372314 0 0 88.4869003295898 0 90.4755477905273 126.851112365723 11.5650995695425 117.651201248169 101.201035022736 42.6601133346558 43.1905174303174 28.6438981170587 43.1039425864697 47.9568368883275 0 112.702667236328 0 79.4381173077752 180.651550292969 0 79.649069292792 77.8140283584595 169.963439941406 0 0 102.453235626221 103.199482599894 120.278106689453 80.7896897452218 134.586135864258 58.4621601104736 66.9829086627382 72.9905349413554 98.7101830376519 79.5341358184814 44.5575389862061 71.6791113546072 33.2013169463785 18.7173914502928 26.2654175243279 117.799023946126 80.3660612106323 72.390266418457 40.6904594853239 0 122.153874715169 124.072982788086 0 200.488693237305 0 136.031926472982 108.847178141276 146.407678876604 0 130.245140075684 150.752182006836 75.2312199519231 65.7872788771143 54.0367306399058 28.6488888517518 163.527118682861 113.51487159729 126.397275824296 217.553466796875 146.767367045085 92.8122397104899 74.1180546388788 35.342177553341 135.165585199992 122.213399505615 72.222777733436 35.5379282420536 72.5251815139606 77.7462935014205 99.8904972076416 74.1049908229283 181.438720703125 176.967681884766 0 0 0 80.0037095811632 102.872849977933 70.6500225343566 96.9950145085653 100.226968765259 0 0 96.0601853264703 131.823551177979 77.8365082662614 131.354325612386 0 0 216.026412963867 0 174.446517944336 226.690780639648 154.645039876302 148.906677246094 0 178.800491333008 0 0 0 170.66771697998 127.375680106027 113.134849146793 77.2183709659088 118.612227303641 131.451515197754 103.451591366627 129.384521484375 88.1334565425741 123.036228773329 96.050327937854 120.780608078529 144.131164550781 172.028039550781 0 0 108.041178975786 106.124862670898 105.077717533818 196.149485270182 0 138.792579650879 152.475812639509 134.065139770508 141.459131240845 139.903381347656 126.043909708659 135.400318304698 134.635636025287 88.6673304239909 147.213446044922 90.8468540578649 204.716781616211 176.107058207194 111.241900671096 67.0809641661007 68.6802260474821 91.5451451619466 86.3954256588101 0 145.89525604248 148.761745799672 0 126.742317199707 133.205726623535 140.353210449219 175.841232299805 0 0 0 0 0 0 145.800307533958 141.157852172852 85.0228390769353 97.7461914611019 97.4804235185896 45.5363607852655 194.687204996745 0 175.420537312826 140.692176818848 110.359177271525 95.9526797246667 151.217864990234 138.011469523112 97.7914590928161 97.0488080111417 158.409417372483 132.899862380255 51.5759044542705 0 110.697397708893 124.651695598256 0 95.8825531005859 152.663932800293 161.617553710938 212.216201782227 129.194907188416 148.690814971924 161.005508422852 130.140161514282 0 234.067932128906 0 0 0
0 0 0 0 177.813379923503 140.144884381975 0 0 0 0 0 162.938812255859 117.651201248169 16.2501264016653 29.6491825287666 45.6010745958941 14.9275864084324 65.9319189398952 113.425981766138 101.517863379584 78.0811469514491 91.9330014494276 64.0991950507637 84.9342813190661 135.046227773031 92.4986099243164 58.7328172785846 46.379976544412 149.659935951233 89.6227340698242 193.23104095459 66.5543065071106 115.980375501845 66.3184524474105 32.4564007179059 18.9340701901609 21.9095255762044 136.758850097656 63.1932818094889 59.5843587480485 75.5252237225523 83.6088601817255 86.7751698811849 127.546254475911 113.240744018555 140.515613209118 56.1566189563636 108.529266357422 105.980489095052 102.636856079102 126.58203125 240.870193481445 119.400245666504 0 135.889137268066 117.420860290527 130.686264038086 62.0813417467921 52.017626994243 43.3952913141962 93.3181040146772 122.874034881592 92.0222449141942 75.4536006532866 68.3888555372084 85.3673934936523 152.934864807129 65.1976345336601 87.5073461209313 155.678558349609 151.073877970378 213.733383178711 159.011061668396 108.895820617676 81.0912987004607 101.13027381897 0 0 155.262822469076 0 163.738441467285 0 149.29519367218 185.728549957275 138.27672958374 133.809700012207 143.093353271484 158.486724853516 135.823734283447 0 107.125573730469 110.635672569275 162.490692138672 138.728118896484 120.961396535238 100.76960401535 0 0 90.3488960266113 74.0547637939453 0 184.270645141602 0 0 0 0 0 0 209.677307128906 0 153.271041870117 161.047927856445 125.077392727721 116.979873363788 131.602816413431 120.517233276367 118.719139099121 118.020979309082 136.624548912048 143.409104410807 123.060108221145 123.10347695725 121.485845823546 148.786309814453 147.088399999282 126.825622558594 106.618803660075 151.679007212321 128.65858968099 127.269627739401 152.799240112305 0 158.234176635742 150.74262491862 131.331474304199 133.85455342343 122.683302307129 115.113316345215 128.218724126401 128.827918179064 118.987294514974 126.261183248984 151.7234471639 229.732131958008 157.308814048767 175.731201171875 108.596561431885 107.119384765625 116.823247572955 148.310320281982 129.498109670786 0 0 0 0 0 215.559906005859 248.174774169922 0 0 205.575302124023 188.0322265625 0 0 170.485725402832 117.156720638275 148.933406284877 171.455374581473 159.302841186523 139.977279663086 175.296112060547 150.468457539876 0 119.689514160156 131.931884765625 144.763271331787 0 0 155.943130493164 180.98641204834 138.398064168294 124.38087161382 148.116286277771 191.747856140137 144.380477905273 119.736085679796 0 0 0 171.137718200684 213.141670227051 199.157638549805 187.149379730225 0 0 0 144.399612426758 135.150811767578 164.998931884766 152.878757476807
