39573 9974 9615 7042 1291 3364 10840 10904 574 965 111 2954 1 2 2 0 0 2 0 0 122 60 5 4 33 2 8 1 7200 3646 236 44 58 13 0 0 1 4 7 4 614 5 18 0 2 2 3 20 70 4 82 212 1500 1407 229 188 108 11 2 1 4 19 16 13 7 3 190 10 23 110 50 53 15 8 66 15 22 0 10 10 261 49 1254 466 908 105 16 101 45 17 13 398 240 50 77 43 43 1842 71 19 12 10 28 25 9 75 1 5 14 20 64 68 0 0 0 0 0 0 2 0 1 1 0 2 2 1 1 0 0 0 17 4 17 56 0 51 0 0 19 7 0 1 0 0 4 0 1 0 1 1 0 2 4 2 0 1 3 2 0 4 2 3 1 7 4 0 0 0 0 0 3 1 7 1 2 0 1 3 1 0 65 36 7 1 3 56 3 2 6 0 3 0 0 11 22 14 4 1 0 0
9974 15893 2619 21656 1801 4467 478 317 115 613 77 3184 0 1 1 0 0 2 1 1 206 90 5 5 44 2 6 3 742 1526 198 42 95 30 2 0 0 5 3 3 634 2 17 0 1 1 4 18 49 1 33 71 417 434 88 161 105 21 1 0 10 20 13 10 3 2 216 11 13 83 41 106 17 20 67 17 31 0 26 12 113 21 560 334 728 165 12 63 56 7 15 194 126 33 66 51 56 198 101 29 46 44 82 70 42 284 24 23 20 42 211 225 0 0 0 0 0 1 0 3 0 0 0 4 3 0 1 0 0 1 38 9 86 181 0 181 1 0 50 10 0 4 0 5 15 1 5 0 3 0 4 2 0 3 0 2 1 2 0 2 5 17 3 25 40 0 0 0 1 0 9 4 13 4 0 4 0 1 0 1 244 78 7 8 0 154 3 0 7 0 27 3 0 41 86 39 12 2 1 0
9615 2619 13961 3077 213 2584 1205 12090 600 7196 209 26421 0 0 1 1 1 0 0 0 190 84 3 8 78 5 8 2 602 352 65 38 134 32 0 0 0 6 3 2 604 11 20 0 3 0 7 23 57 4 76 133 668 555 164 172 51 20 1 1 5 24 7 11 6 1 192 13 17 90 46 140 13 21 90 20 49 0 32 13 181 33 795 400 779 133 17 87 38 9 18 254 183 42 82 82 186 546 121 19 69 43 152 126 65 436 25 52 58 105 370 400 1 0 0 1 1 0 1 3 4 1 0 2 5 0 0 0 0 0 46 3 113 263 0 248 0 0 67 12 0 1 1 11 18 1 5 1 5 0 1 3 1 6 0 3 1 8 0 2 13 28 9 34 45 1 3 1 0 1 23 9 17 1 0 3 1 1 0 1 401 111 11 5 0 216 1 2 5 2 21 1 1 60 163 62 21 1 0 0
7042 21656 3077 29933 8427 11151 456 296 86 316 83 5932 0 0 2 1 1 3 0 0 229 144 5 1 98 2 2 5 1015 2861 1706 202 305 29 0 1 2 9 3 10 516 3 12 0 2 1 5 13 34 0 27 59 282 339 46 104 166 24 2 0 10 11 18 12 14 1 145 9 36 28 16 147 41 11 145 9 29 1 19 2 75 13 410 242 560 151 14 31 27 10 8 106 64 24 34 106 88 206 168 47 44 31 57 81 59 250 13 23 30 67 176 224 1 1 0 0 0 0 0 3 3 1 0 3 3 0 1 0 0 0 45 5 60 173 2 172 0 0 50 13 2 2 0 9 9 0 2 0 3 1 0 1 3 4 0 3 1 4 3 0 8 19 4 22 26 0 2 0 1 0 7 4 11 2 1 2 0 0 1 1 217 75 9 1 2 122 4 0 1 4 17 0 1 37 107 30 17 0 1 1
1291 1801 213 8427 12301 5254 648 139 61 129 63 2056 1 30 27 6 5 6 1 2 277 357 33 6 107 9 21 50 2626 6500 15948 993 923 248 6 4 9 27 38 10 502 8 45 3 1 4 16 66 42 5 46 55 552 618 85 127 2622 265 12 12 29 34 108 73 93 1 354 36 208 51 37 175 84 15 1259 45 21 2 21 6 90 16 520 296 586 163 43 42 45 6 15 145 104 30 73 3229 60 396 178 153 11 12 13 18 22 85 3 10 6 8 45 75 0 0 1 0 1 0 2 5 7 7 2 0 3 0 1 0 0 1 21 2 35 80 4 81 0 0 46 19 5 1 2 5 4 0 1 0 5 8 1 1 2 4 0 5 1 5 1 1 2 7 0 7 14 0 4 2 1 0 5 3 10 7 0 7 2 3 10 10 100 55 12 4 6 90 1 0 10 3 7 8 1 13 27 10 7 1 0 4
3364 4467 2584 11151 5254 11801 436 387 111 271 90 8391 2 11 16 2 4 6 1 3 407 345 21 13 181 12 16 7 1199 2390 1692 4368 3355 338 2 2 7 49 27 5 631 11 44 9 10 8 10 37 38 5 22 51 358 403 56 97 322 330 8 10 30 28 41 31 28 1 234 23 87 42 29 443 244 28 1636 39 48 0 44 7 73 14 419 285 672 227 34 35 34 7 28 120 88 24 56 499 191 302 287 70 55 36 90 102 54 343 22 39 35 68 245 287 0 1 1 1 3 0 3 3 9 12 5 4 5 1 1 0 0 2 60 8 85 242 2 223 0 0 82 45 2 1 1 10 15 1 1 1 10 7 5 1 4 8 0 6 2 5 2 1 14 30 3 26 51 0 2 3 2 3 17 7 17 7 1 5 2 2 4 2 293 128 24 9 4 257 1 0 3 4 24 0 1 41 119 33 15 4 0 1
10840 478 1205 456 648 436 12125 6398 1662 1119 278 964 2 2 0 0 0 2 0 0 49 46 1 0 22 3 1 4 4696 1249 292 22 50 13 0 0 0 2 3 1 141 4 11 1 2 1 4 6 13 3 45 100 2492 1921 318 65 100 10 1 2 1 6 9 8 3 1 64 2 15 47 26 40 5 10 49 5 31 0 10 13 99 19 734 244 261 42 5 33 30 9 6 144 125 21 24 62 113 5402 16 8 5 5 7 5 2 40 2 5 3 8 26 22 0 0 1 0 0 0 0 0 1 1 0 1 1 0 0 0 0 0 2 0 18 20 0 25 0 0 11 3 1 0 0 0 0 0 1 0 2 0 0 0 3 1 0 0 0 0 1 6 1 2 0 4 4 0 0 0 2 0 1 2 2 2 0 0 1 6 0 1 39 16 1 0 0 26 3 0 4 0 1 0 0 3 14 5 3 1 0 0
10904 317 12090 296 139 387 6398 30370 4213 25367 2349 7869 1 0 0 0 1 1 0 0 40 17 3 3 18 0 0 2 352 275 35 9 27 2 0 0 0 2 0 1 178 4 9 0 2 1 1 5 14 4 27 64 582 392 74 65 20 1 0 1 0 9 2 3 0 1 78 4 7 51 27 63 4 6 19 5 13 0 14 5 95 23 462 154 264 37 8 41 18 5 8 109 97 15 25 14 236 1201 20 5 15 8 32 40 14 119 6 17 15 36 101 102 0 0 0 0 0 0 0 0 0 1 0 0 2 0 0 0 0 0 10 2 25 57 1 49 0 0 14 1 0 1 0 3 3 1 1 0 0 0 0 1 0 0 0 1 0 0 0 0 2 3 2 16 4 0 0 1 0 1 3 1 1 0 0 1 1 1 2 0 60 22 1 1 0 39 3 0 3 0 1 0 0 6 43 11 3 0 0 0
574 115 600 86 61 111 1662 4213 2187 2502 504 1015 23 0 0 0 0 1 3 0 9 7 1 0 6 0 0 0 91 100 17 35 150 19 0 0 0 1 1 1 34 2 1 3 188 26 1 2 5 93 9 35 411 119 33 14 4 11 1 0 5 3 5 1 1 19 18 2 0 5 12 625 34 145 54 5 950 32 146 11 17 46 79 30 40 4 1 45 27 54 52 15 7 0 8 28 1786 2132 2 0 8 7 15 9 13 66 4 3 5 5 33 40 1 0 6 1 1 8 1 5 7 33 3 1 1 0 0 0 0 1 10 2 22 55 0 88 0 0 31 12 0 1 3 5 2 0 2 0 11 11 1 4 0 2 0 0 1 3 1 1 4 3 2 1 5 1 5 2 2 1 7 1 6 1 2 7 4 2 13 4 64 36 17 1 5 51 1 2 6 1 5 10 2 9 21 5 5 0 1 3
965 613 7196 316 129 271 1119 25367 2502 34615 9843 26730 0 1 2 0 1 0 1 2 41 14 1 0 13 0 4 0 298 220 32 51 188 23 0 0 2 8 3 0 155 5 5 1 4 2 0 6 14 3 29 64 870 309 122 55 22 10 0 0 3 6 4 2 2 0 77 3 10 33 18 1421 26 27 74 4 823 1 157 5 62 10 345 112 216 19 7 44 15 6 6 92 61 23 22 39 8151 3401 14 5 97 29 184 145 72 581 36 56 69 154 493 429 0 0 0 0 0 1 1 2 2 5 1 2 5 0 0 0 0 0 64 8 81 249 1 154 0 0 61 16 1 2 1 7 16 0 2 1 3 1 2 2 2 9 0 4 2 12 1 3 7 26 6 40 19 1 1 0 2 0 11 2 13 2 2 3 4 5 6 1 388 77 16 2 1 169 3 1 11 3 33 3 4 40 235 78 22 2 1 2
111 77 209 83 63 90 278 2349 504 9843 6985 8669 5 0 1 0 0 1 1 0 20 13 0 1 3 0 1 0 59 39 10 11 89 4 0 0 1 5 0 1 69 0 3 0 26 2 1 2 8 19 6 20 150 83 19 14 11 2 1 0 1 5 0 0 0 8 16 0 4 7 3 941 14 75 15 0 635 38 100 5 25 15 81 41 89 10 1 22 6 8 8 23 22 3 8 14 986 405 9 3 35 22 85 70 38 290 14 29 23 69 206 239 0 0 0 0 1 1 2 0 0 2 1 1 1 0 1 0 0 0 39 5 58 158 1 119 0 0 42 9 0 0 1 5 7 0 3 0 3 4 0 1 4 5 1 2 3 8 0 5 9 12 13 32 17 0 2 0 0 5 11 10 2 0 0 4 6 0 2 1 270 68 28 2 1 151 1 2 3 0 16 2 1 14 133 38 17 0 2 0
2954 3184 26421 5932 2056 8391 964 7869 1015 26730 8669 24798 3 9 11 3 7 12 5 1 429 354 28 6 231 13 16 5 669 1067 416 806 3714 154 2 2 8 97 17 7 774 7 29 8 7 6 16 20 50 2 26 83 557 412 85 139 134 53 7 5 26 27 24 20 17 4 218 17 62 51 30 2000 773 77 390 36 175 2 104 9 113 12 520 324 789 246 24 36 23 6 23 158 96 27 58 236 1331 996 293 69 226 143 426 457 200 1549 99 146 190 307 1251 1267 2 0 2 2 3 0 10 7 24 9 7 11 10 3 2 0 0 1 189 28 306 828 9 598 0 1 241 78 3 7 1 25 50 0 13 1 18 21 4 2 2 20 0 6 2 22 2 1 39 96 26 139 118 0 6 3 0 2 55 19 50 15 3 6 9 4 17 3 1270 354 67 12 8 694 4 3 8 6 75 5 1 122 638 176 57 6 2 8
1 0 0 0 1 2 2 1 23 0 5 3 3643 1 6 38 60 1314 5804 23 0 8 0 13 2 1 21 27 1 0 0 1 9 10 0 0 36 815 22 0 8 9 27 3556 2398 1492 2 5 1 132 0 0 3 1 0 0 1 3 1 1 59 3 5 91 13 1456 1 1 13 1 2 44 293 317 3 2 310 842 324 0 4 12 0 2 4 2 2 19 13 24 43 2 0 2 7 0 97 13 2 0 1 0 0 0 1 1 0 3 0 0 0 1 6 37 912 13 6 107 12 1453 58 624 14 2 3 0 2 16 0 22 1 3 4 11 1 33 3 0 72 64 441 2 156 2 5 7 345 267 110 2420 3 6 9 0 0 15 0 0 0 1 0 0 0 1 2 0 787 69 30 258 1 2 4 1 22 392 0 4 437 142 2 11 99 2 107 9 0 10 9 0 0 42 6 5 2 1 0 0 0 1
2 1 0 0 30 11 2 0 0 1 0 9 1 15623 10410 637 1603 112 15 37 143 193 271 330 42 89 2989 1541 23 18 78 32 107 1935 4179 7068 4305 813 331 497 621 19 264 3 2 12 1063 31 24 2 0 1 7 14 1 6 41 490 2102 1175 63 27 91 790 554 0 28 431 393 5 6 12 25 10 820 44 4 0 15 0 7 0 11 9 24 13 16 5 7 2 14 17 0 5 40 124 1 2 9 25 0 3 0 0 4 2 0 1 0 0 0 3 10 3 10 15 28 25 41 35 97 150 45 13 16 3 6 0 1 6 0 0 7 15 7 50 0 1 142 177 17 17 7 2 7 0 6 2 57 35 23 2 2 2 1 3 1 1 0 1 1 5 0 0 3 1 12 4 5 0 5 2 10 25 2 21 2 3 15 4 12 62 9 7 7 42 1 1 4 1 2 5 2 4 5 1 14 2 2 10
2 1 1 2 27 16 0 0 0 2 1 11 6 10410 23538 8577 778 845 433 1653 240 227 416 97 58 191 1720 6116 25 17 52 26 104 742 1522 576 443 272 1690 103 1094 38 115 15 12 39 295 73 37 1 1 1 3 11 0 5 36 333 660 397 369 44 98 404 1001 2 18 189 1219 13 14 11 37 17 574 157 3 2 7 0 7 3 8 7 35 10 26 8 22 4 27 46 6 4 52 92 4 2 19 13 1 1 0 2 1 3 0 3 0 0 0 0 17 12 66 25 19 49 73 142 190 383 98 24 23 0 7 1 2 11 1 1 7 21 5 65 3 3 168 179 65 45 22 1 14 1 13 14 112 140 29 1 6 1 0 1 0 2 0 2 1 5 1 1 5 7 48 10 4 2 13 11 8 23 5 45 3 3 23 11 12 55 19 7 11 52 4 2 2 3 4 2 2 6 5 0 11 4 6 12
0 0 1 1 6 2 0 0 0 0 0 3 38 637 8577 13837 754 2972 2732 2136 13 19 122 54 10 19 157 5596 6 0 11 10 38 154 18 24 194 398 2567 21 349 34 53 39 5 35 4 25 13 0 0 2 1 3 1 1 10 45 8 43 445 10 22 78 229 7 5 23 558 2 1 3 14 28 104 158 3 3 5 2 5 1 2 2 7 2 3 5 9 2 25 16 8 0 11 18 0 0 7 1 0 1 0 0 2 2 0 2 0 0 1 0 35 99 403 36 6 299 44 882 191 1858 63 7 3 1 1 5 2 84 1 0 3 13 3 40 2 2 191 119 280 24 41 1 5 0 27 139 436 483 14 5 3 0 0 7 0 2 0 1 1 3 0 2 5 11 73 19 2 6 2 3 2 4 3 54 3 3 30 6 5 22 77 3 6 24 1 2 4 1 1 3 1 6 5 0 2 1 0 1
0 0 1 1 5 4 0 1 0 1 0 7 60 1603 778 754 1627 740 2273 1788 86 169 172 47 34 224 20 24 2 0 9 12 41 234 35 122 1231 653 164 108 237 15 51 151 13 156 84 10 29 2 1 2 3 1 1 2 5 58 83 42 525 7 3 18 5 7 5 51 43 18 2 11 28 65 107 29 2 2 11 0 2 0 3 5 11 10 6 4 15 5 45 40 4 13 32 20 3 0 11 1 2 3 1 2 4 7 0 13 0 1 3 6 39 13 57 47 31 39 173 94 483 712 208 48 55 5 19 4 2 15 7 6 12 52 8 94 7 4 464 404 24 96 8 2 28 6 9 13 389 66 87 6 2 2 0 7 0 5 0 2 4 6 2 3 7 18 16 19 3 11 21 22 6 46 3 20 5 6 29 9 26 139 71 9 7 120 2 0 8 15 8 2 4 6 25 2 24 18 13 26
2 2 0 3 6 6 2 1 1 0 1 12 1314 112 845 2972 740 10323 7668 431 3 28 81 609 24 15 602 1019 10 3 13 16 91 198 24 6 253 2606 7389 46 523 79 697 779 200 1699 27 36 33 23 2 1 3 7 2 3 13 21 12 16 5468 28 68 1097 302 163 21 19 481 16 10 52 366 161 51 328 23 23 36 1 10 1 3 14 11 11 3 12 40 12 144 51 2 2 70 10 3 0 9 8 0 4 0 1 9 7 0 2 0 0 2 3 25 440 2629 112 14 634 54 2547 274 2904 93 10 6 3 3 70 7 378 3 5 14 23 2 114 9 1 436 297 1838 10 602 2 9 19 527 1054 725 3971 10 10 21 2 0 18 0 3 1 3 0 2 0 2 28 2 730 235 62 68 2 4 19 6 21 604 11 6 191 56 5 59 162 9 71 15 3 3 10 0 1 24 14 11 2 1 3 0 0 2
0 1 0 0 1 1 0 0 3 1 1 5 5804 15 433 2732 2273 7668 50930 8691 3 17 27 129 7 47 187 202 4 0 4 6 49 90 4 1 293 7980 132 26 91 15 158 7114 619 3522 12 30 12 73 0 2 1 1 0 0 8 7 6 1 464 21 43 349 79 579 8 12 39 11 8 22 430 1766 10 44 48 28 53 1 7 12 2 1 4 7 1 32 36 44 254 13 1 4 52 1 21 1 5 3 1 3 1 1 5 11 1 15 0 0 3 3 121 380 3352 176 39 1468 223 4994 1040 10241 531 26 39 6 19 48 9 269 6 10 19 71 8 189 29 5 1022 669 1443 120 368 4 22 22 328 1195 2383 3892 65 14 25 2 1 39 2 4 3 8 1 7 2 4 22 33 814 166 50 134 18 22 17 16 28 421 5 18 363 116 27 172 1027 9 103 121 13 18 31 11 10 62 16 13 14 2 21 11 3 12
0 1 0 0 2 3 0 0 0 2 0 1 23 37 1653 2136 1788 431 8691 3647 26 38 32 29 12 137 21 10 2 1 1 5 12 54 1 2 78 501 84 65 106 2 17 85 2 70 7 9 16 2 0 2 0 2 1 2 1 7 4 5 263 6 4 3 9 1 1 7 21 2 4 1 9 44 11 12 2 2 1 0 2 1 0 0 6 5 1 3 17 4 15 18 3 5 6 5 1 0 1 1 0 8 0 0 5 7 0 15 0 0 0 0 59 21 126 39 12 104 92 198 287 1408 159 21 22 0 13 1 1 15 4 3 3 15 5 35 5 10 229 171 22 76 4 1 16 5 8 8 352 55 47 1 3 0 0 6 0 1 0 3 1 8 3 1 2 24 10 9 4 5 9 20 3 12 3 9 3 3 15 3 7 57 67 3 7 54 3 0 6 12 2 3 3 3 12 2 11 5 2 15
122 206 190 229 277 407 49 40 9 41 20 429 0 143 240 13 86 3 3 26 7940 7734 4438 55 939 401 52 8 196 188 253 85 268 464 7 12 86 262 23 296 1404 13 170 21 7 7 119 20 21 1 7 6 72 72 18 1477 164 122 23 17 35 30 71 77 22 0 64 102 56 23 9 122 167 13 541 22 38 0 99 0 10 1 276 83 3364 717 81 7 21 2 9 36 17 18 92 398 8 34 585 70 0 4 1 0 3 5 1 0 1 1 4 3 3 0 1 1 11 3 5 2 15 1 4 2 7 0 1 0 0 2 3 0 4 19 5 94 1 1 46 74 3 4 0 1 2 0 0 0 14 6 0 1 1 0 0 0 0 0 0 1 0 1 0 0 8 0 0 1 1 0 3 2 7 15 0 2 1 0 5 2 16 46 3 7 2 28 0 1 1 3 2 1 0 5 2 1 3 2 1 0
60 90 84 144 357 345 46 17 7 14 13 354 8 193 227 19 169 28 17 38 7734 29152 6078 259 8097 2882 159 27 259 181 265 118 453 867 17 17 197 880 50 1726 1420 101 1017 102 21 22 265 90 186 4 19 15 88 114 27 220 206 227 85 50 95 114 247 225 51 1 140 282 166 125 36 235 565 39 920 116 59 7 296 3 38 9 290 191 4579 2508 209 40 101 20 87 212 54 87 509 554 9 28 3060 122 0 2 0 2 6 3 0 1 1 1 6 2 4 1 3 6 21 0 19 4 35 11 6 6 18 0 1 2 0 1 0 2 10 35 9 162 0 1 144 197 0 7 0 3 10 2 0 0 27 8 16 4 9 3 0 3 1 1 0 2 1 2 0 2 17 0 3 6 3 1 2 2 11 29 2 7 3 6 19 6 24 101 19 11 9 54 1 1 12 7 4 15 1 9 4 0 6 2 0 10
5 5 3 5 33 21 1 3 1 1 0 28 0 271 416 122 172 81 27 32 4438 6078 7881 4527 687 4167 1017 71 35 14 21 24 84 320 85 28 186 320 71 1242 6322 1044 522 11 0 10 217 30 211 0 3 2 29 36 13 21 34 46 33 32 63 32 22 68 10 0 80 67 57 30 9 30 69 4 126 42 4 1 22 0 5 1 33 47 204 144 57 16 29 6 25 128 21 26 161 52 4 2 150 35 0 0 0 1 1 0 0 0 0 0 0 0 0 0 1 0 1 1 1 2 4 2 0 0 1 0 0 0 0 0 0 2 1 3 2 15 0 0 17 18 0 0 1 0 0 1 0 2 5 3 3 2 5 0 0 1 0 0 2 0 0 1 0 0 2 1 0 0 1 0 1 0 0 1 0 1 1 1 6 0 2 14 5 2 1 7 0 0 1 0 2 5 2 2 0 0 2 0 0 0
4 5 8 1 6 13 0 3 0 0 1 6 13 330 97 54 47 609 129 29 55 259 4527 9833 530 4029 7029 69 78 5 19 1 15 29 771 4 23 62 406 4723 2798 7064 2957 6 5 402 1904 55 565 2 17 6 33 56 11 18 75 31 304 12 1358 64 73 564 56 1 199 446 424 110 19 5 18 4 43 181 5 1 6 0 10 0 46 83 84 120 127 20 77 14 163 299 40 52 427 13 0 2 94 84 0 0 0 0 0 0 0 0 0 0 0 0 0 1 5 1 1 1 2 18 1 6 1 0 0 0 0 0 0 1 0 0 0 3 0 3 0 0 14 13 6 0 2 0 0 1 1 1 3 18 0 2 4 0 1 3 0 0 0 1 0 0 0 0 1 0 6 2 3 0 0 0 0 1 2 13 1 3 14 9 0 3 1 0 6 1 2 0 2 0 0 5 2 0 0 0 0 0 0 0
33 44 78 98 107 181 22 18 6 13 3 231 2 42 58 10 34 24 7 12 939 8097 687 530 10099 1484 318 39 203 73 149 38 110 196 19 3 61 320 25 3887 743 166 1189 59 14 38 1060 62 111 2 14 27 277 364 19 134 1149 36 24 10 128 117 335 483 36 1 854 539 172 118 30 74 197 16 247 57 33 2 147 7 52 9 461 937 1549 2781 1590 31 78 16 69 142 82 63 463 113 1 16 9300 3378 1 2 0 0 3 5 0 2 0 1 3 3 4 0 0 2 18 2 9 3 20 6 5 4 2 0 0 0 0 1 2 0 3 18 10 83 0 1 78 105 0 3 1 1 6 0 0 0 21 5 13 1 7 1 0 2 0 0 2 2 0 2 1 1 4 1 4 2 1 0 5 2 4 10 3 10 1 6 8 10 18 50 18 2 9 23 2 0 7 0 1 6 1 3 1 0 2 1 0 4
2 2 5 2 9 12 3 0 0 0 0 13 1 89 191 19 224 15 47 137 401 2882 4167 4029 1484 2070 539 13 30 4 8 5 20 42 150 6 63 221 18 3385 1779 179 342 9 3 2 286 11 62 0 3 3 26 43 4 13 16 8 38 0 35 8 19 34 1 0 58 34 26 22 2 8 30 1 32 23 1 0 6 0 7 1 42 48 95 89 31 9 19 3 13 52 10 24 78 15 0 0 106 19 0 0 0 0 0 0 0 0 0 0 0 0 0 0 0 0 1 0 0 0 3 2 1 0 1 0 0 0 0 0 0 0 0 1 0 1 0 0 3 6 0 0 1 0 0 0 0 0 0 1 0 0 1 0 0 1 0 0 0 0 0 0 0 0 0 0 0 0 0 1 0 0 0 0 0 1 0 0 0 1 0 4 2 0 1 3 1 1 0 0 1 2 0 0 0 0 0 0 0 0
8 6 8 2 21 16 1 0 0 4 1 16 21 2989 1720 157 20 602 187 21 52 159 1017 7029 318 539 23149 7759 232 19 190 3 18 148 4357 64 35 67 241 2455 1106 259 1114 6 5 46 2186 31 129 1 9 6 88 143 8 19 382 324 1227 119 175 27 99 2900 490 3 579 1110 192 26 7 10 20 5 301 36 5 8 24 0 10 2 89 106 97 186 124 6 20 4 30 86 11 34 121 65 0 1 136 159 0 0 0 0 0 0 0 0 0 0 0 0 1 11 56 9 5 70 8 328 39 277 17 0 0 0 1 0 0 6 1 1 3 5 2 30 0 0 32 46 45 0 7 0 0 1 4 15 38 111 1 2 2 0 0 1 0 0 0 0 0 0 0 0 0 0 25 3 2 1 0 0 2 2 1 17 0 1 17 7 4 14 5 0 8 2 1 0 0 1 0 6 2 1 1 0 1 0 0 1
1 3 2 5 50 7 4 2 0 0 0 5 27 1541 6116 5596 24 1019 202 10 8 27 71 69 39 13 7759 11722 120 16 194 7 23 264 414 43 72 51 2952 48 196 32 54 7 4 65 251 42 7 0 4 4 26 45 1 6 239 339 322 192 228 36 72 1694 3624 5 210 385 672 17 10 4 18 6 552 64 4 7 8 1 2 1 24 34 37 56 37 3 13 3 35 8 4 2 17 114 1 0 29 43 0 1 1 0 0 4 0 1 0 0 0 1 11 123 641 46 10 333 28 1794 95 1050 33 3 9 0 1 19 0 84 3 0 5 17 4 66 1 1 137 167 890 4 170 1 2 4 63 163 139 1526 1 6 12 0 0 4 0 1 0 1 0 0 0 1 13 1 395 39 25 12 2 0 4 8 20 202 3 1 49 33 3 30 20 2 35 9 3 1 1 1 2 7 8 8 1 0 2 1 0 0
7200 742 602 1015 2626 1199 4696 352 91 298 59 669 1 23 25 6 2 10 4 2 196 259 35 78 203 30 232 120 40869 10468 2841 149 258 148 13 3 7 40 47 50 403 21 510 6 5 18 88 127 60 8 101 159 4902 13385 417 142 2487 150 27 18 73 164 644 572 278 5 6578 308 602 118 67 135 54 47 1008 67 57 1 63 13 168 31 1696 842 686 161 544 60 61 13 53 283 168 49 348 1100 44 2343 176 651 3 9 11 16 21 61 2 7 4 5 42 61 1 0 0 4 5 0 6 5 7 4 1 4 4 0 2 1 0 1 13 5 36 92 2 188 0 0 78 49 6 0 3 4 16 1 4 0 11 19 3 4 4 3 0 4 4 3 1 2 5 8 1 7 26 0 9 9 6 1 7 3 19 9 4 14 4 3 18 5 117 81 20 3 9 97 8 1 19 0 15 14 2 21 31 5 11 1 1 1
3646 1526 352 2861 6500 2390 1249 275 100 220 39 1067 0 18 17 0 0 3 0 1 188 181 14 5 73 4 19 16 10468 14531 3800 146 249 97 2 1 5 19 20 9 428 10 61 3 1 6 12 57 41 1 41 96 1139 1365 127 129 4650 103 8 3 18 38 103 76 67 0 493 11 165 61 32 65 27 8 451 37 9 2 17 11 125 23 874 352 658 103 33 51 44 5 18 202 143 54 71 882 39 646 83 53 8 4 14 10 12 38 1 4 3 5 34 35 0 1 1 0 1 0 2 3 2 3 3 0 1 0 0 0 0 0 5 3 16 48 1 72 0 0 23 19 2 1 2 2 1 1 3 0 5 6 1 0 5 1 0 2 0 0 1 3 4 3 0 10 9 0 3 1 1 0 2 1 4 3 0 3 1 3 4 1 47 30 3 0 3 46 4 2 12 0 11 3 1 11 19 4 6 1 0 1
236 198 65 1706 15948 1692 292 35 17 32 10 416 0 78 52 11 9 13 4 1 253 265 21 19 149 8 190 194 2841 3800 18478 109 161 182 13 10 14 27 95 13 505 8 148 5 2 30 42 115 42 4 32 54 598 874 73 99 14061 229 54 32 52 96 355 492 415 1 1726 321 596 56 49 35 25 6 3068 65 6 0 12 4 71 11 562 410 681 269 1065 46 46 11 35 134 77 31 120 3902 8 226 410 5503 3 0 0 2 4 10 0 0 1 1 8 9 0 2 4 0 2 1 4 4 3 3 2 0 2 0 1 1 0 0 3 3 4 17 4 34 0 0 15 22 3 4 4 1 4 2 7 0 3 22 3 1 4 0 0 2 0 0 2 2 0 1 0 1 4 0 18 5 2 1 3 1 0 6 2 17 0 0 9 10 25 25 3 1 5 24 1 0 8 0 2 8 1 3 4 3 3 0 0 3
44 42 38 202 993 4368 22 9 35 51 11 806 1 32 26 10 12 16 6 5 85 118 24 1 38 5 3 7 149 146 109 3525 4066 1961 1 6 35 100 36 4 99 0 9 1 3 6 10 11 5 1 4 15 47 63 11 11 39 1017 62 66 37 6 11 10 4 0 37 55 61 5 6 159 144 18 2261 41 29 0 18 2 8 3 69 32 90 16 9 4 11 0 7 22 13 3 7 3540 76 59 19 6 18 16 23 21 33 88 7 9 10 13 62 76 3 0 1 0 4 4 6 1 7 3 4 3 4 0 0 0 0 0 20 3 34 103 5 150 1 0 66 35 2 3 1 5 11 0 1 1 5 9 2 1 2 3 0 1 1 14 0 0 7 11 2 14 25 0 3 2 0 1 12 3 9 9 2 0 4 1 2 2 134 94 13 4 2 141 2 2 4 3 9 1 1 25 46 10 8 4 0 3
58 95 134 305 923 3355 50 27 150 188 89 3714 9 107 104 38 41 91 49 12 268 453 84 15 110 20 18 23 258 249 161 4066 10464 3996 8 21 84 1458 193 12 326 7 55 22 29 36 45 33 22 13 18 31 135 119 29 35 77 520 133 145 186 25 21 11 21 3 81 187 150 27 16 1264 2887 140 3962 166 220 9 182 4 34 6 155 99 248 85 21 21 29 8 78 60 30 19 36 1157 428 164 92 13 43 48 71 63 103 295 11 25 32 40 167 238 11 10 17 14 23 10 41 30 77 62 19 34 43 0 9 1 1 7 73 12 149 416 22 738 0 1 406 277 17 27 8 23 60 8 11 4 83 41 28 3 7 12 0 13 2 20 3 2 18 48 7 40 116 5 19 11 9 1 37 27 101 71 7 27 18 6 21 8 463 489 88 59 12 642 3 2 10 9 50 8 10 113 149 52 50 9 6 36
13 30 32 29 248 338 13 2 19 23 4 154 10 1935 742 154 234 198 90 54 464 867 320 29 196 42 148 264 148 97 182 1961 3996 13656 209 701 1690 1725 564 55 592 16 135 23 25 57 631 107 21 6 15 17 78 75 24 25 139 5200 2857 6884 423 53 78 164 191 5 106 2031 664 27 23 200 596 100 4751 373 59 4 130 4 36 9 107 79 197 91 105 20 63 4 115 39 34 12 61 799 70 19 109 59 14 12 9 20 40 69 1 12 7 5 39 67 12 7 38 19 48 12 77 72 162 87 52 42 90 2 18 2 0 7 25 11 61 215 41 665 1 3 596 542 41 33 16 12 59 6 13 10 132 83 69 9 10 6 1 16 4 9 2 12 4 26 4 9 60 5 35 21 11 7 37 26 78 90 14 40 19 8 40 17 165 463 89 71 12 352 2 6 14 21 37 14 17 51 31 12 62 17 9 43
0 2 0 0 6 2 0 0 0 0 0 2 0 4179 1522 18 35 24 4 1 7 17 85 771 19 150 4357 414 13 2 13 1 8 209 5411 624 199 28 27 4110 146 35 490 3 2 8 2210 3 14 1 0 0 2 2 1 0 12 41 1384 208 24 5 46 808 161 0 17 130 98 1 2 2 4 0 53 5 0 0 4 0 0 0 0 0 3 4 8 2 5 1 6 4 3 2 31 10 0 0 7 6 0 0 0 0 0 0 0 0 0 0 0 0 1 1 14 2 1 26 5 24 29 125 17 0 1 0 0 1 0 0 1 0 0 1 0 8 0 0 14 16 3 4 1 0 0 0 0 1 17 12 1 0 0 0 0 0 0 0 0 1 0 0 0 0 0 0 2 3 0 0 0 0 1 3 2 8 0 0 3 2 0 3 1 0 5 1 1 0 0 0 1 0 1 0 0 0 0 0 1 0
0 0 0 1 4 2 0 0 0 0 0 2 0 7068 576 24 122 6 1 2 12 17 28 4 3 6 64 43 3 1 10 6 21 701 624 1485 1996 80 22 9 38 0 13 1 0 0 559 4 0 0 0 0 0 1 0 0 8 112 2851 595 5 0 4 20 16 0 1 158 22 1 0 6 6 0 140 2 1 1 0 1 0 0 1 2 4 1 6 0 0 1 0 0 1 0 1 15 0 0 0 6 0 0 1 0 0 1 0 0 0 0 0 2 0 0 0 0 0 0 12 0 9 5 1 1 5 0 1 0 0 1 3 0 0 4 1 10 0 0 17 20 2 2 0 0 2 0 1 0 5 1 3 0 0 0 0 0 0 0 0 0 0 0 0 0 2 0 0 0 0 0 0 1 1 3 0 3 3 0 0 0 3 7 0 3 0 8 0 0 0 0 0 0 1 0 1 0 3 0 0 4
1 0 0 2 9 7 0 0 0 2 1 8 36 4305 443 194 1231 253 293 78 86 197 186 23 61 63 35 72 7 5 14 35 84 1690 199 1996 2556 2228 169 42 272 5 24 120 4 61 376 11 11 0 0 1 4 5 1 4 10 241 593 386 205 6 5 16 26 2 12 203 72 6 2 15 24 19 272 38 6 2 16 0 5 1 9 13 18 23 11 4 8 3 29 15 4 2 22 31 2 0 15 2 0 2 0 2 6 5 0 4 0 0 5 10 23 1 25 22 30 24 87 56 207 210 100 28 36 0 7 2 1 5 3 5 10 29 3 128 1 4 256 276 15 41 5 2 22 4 4 2 150 41 45 4 5 2 0 1 0 2 0 2 4 12 2 1 7 3 10 5 1 5 11 10 11 28 0 19 1 1 11 4 15 114 36 11 5 88 4 3 4 5 6 3 6 10 15 2 26 4 4 26
4 5 6 9 27 49 2 2 1 8 5 97 815 813 272 398 653 2606 7980 501 262 880 320 62 320 221 67 51 40 19 27 100 1458 1725 28 80 2228 5349 386 167 385 29 193 3165 472 1488 175 53 46 92 4 20 22 29 8 15 28 162 121 76 1995 37 53 65 34 127 57 295 161 22 22 275 2833 907 279 292 64 20 250 6 20 25 60 60 117 122 71 38 83 52 478 56 10 18 72 54 24 7 91 20 5 11 5 9 43 61 1 53 1 3 37 37 134 49 381 143 162 329 588 592 1664 3009 669 158 222 9 47 9 5 33 24 24 64 231 52 769 13 19 1864 1771 121 295 44 18 138 15 94 69 1495 446 260 10 25 5 2 28 4 12 6 13 8 30 10 6 60 46 157 67 20 69 77 62 74 225 23 148 18 21 276 93 148 901 560 86 72 751 13 16 44 52 34 60 15 58 96 14 115 29 31 126
7 3 3 3 38 27 3 0 1 3 0 17 22 331 1690 2567 164 7389 132 84 23 50 71 406 25 18 241 2952 47 20 95 36 193 564 27 22 169 386 16489 25 644 157 541 20 8 86 23 151 83 4 3 2 9 20 4 6 73 284 33 71 8235 56 121 785 3978 2 40 108 6124 20 19 52 119 6 614 1070 8 6 24 1 7 2 16 10 27 16 17 11 77 9 234 85 6 8 94 132 1 5 20 20 3 2 0 0 5 6 0 2 0 1 2 2 13 124 791 33 4 182 21 916 101 552 24 3 6 2 1 39 2 109 4 2 8 13 3 68 1 0 123 108 763 5 331 3 5 10 306 212 143 1803 7 5 12 1 1 12 0 0 2 0 2 2 0 2 13 1 506 150 30 23 3 4 18 10 21 460 2 11 151 61 11 40 12 3 89 21 6 3 13 2 0 18 12 4 0 1 4 2 0 3
4 3 2 10 10 5 1 1 1 0 1 7 0 497 103 21 108 46 26 65 296 1726 1242 4723 3887 3385 2455 48 50 9 13 4 12 55 4110 9 42 167 25 11286 874 323 1299 6 1 12 2766 21 116 0 6 2 51 88 8 14 45 27 200 10 62 35 83 472 11 0 201 199 49 29 12 23 48 4 31 30 6 3 15 1 7 1 64 118 134 199 118 8 23 5 30 48 15 28 165 13 0 4 184 74 0 0 0 0 0 0 0 0 0 0 0 0 0 0 0 0 2 3 2 4 4 17 1 0 1 0 0 0 0 1 0 0 0 2 0 9 0 1 5 14 0 0 1 0 0 1 1 0 4 6 1 0 4 0 0 0 0 0 0 0 0 0 0 0 1 0 3 3 2 1 0 0 0 2 0 2 0 0 2 1 0 3 0 0 1 0 3 0 4 0 0 3 1 0 0 0 1 0 0 0
614 634 604 516 502 631 141 178 34 155 69 774 8 621 1094 349 237 523 91 106 1404 1420 6322 2798 743 1779 1106 196 403 428 505 99 326 592 146 38 272 385 644 874 9325 5210 1521 39 46 130 270 480 2171 32 135 74 118 131 532 1438 375 202 69 43 864 359 205 208 136 17 195 175 1266 444 335 182 166 52 689 1199 69 11 97 7 358 59 873 327 1127 366 134 489 854 203 916 2206 421 633 1388 484 40 64 288 120 1 7 9 7 11 21 0 7 2 3 26 35 0 1 7 4 6 1 9 19 9 14 3 9 7 0 2 0 0 3 6 1 29 68 9 168 0 0 123 70 7 4 2 3 15 6 7 2 17 33 7 38 63 4 0 29 2 3 6 19 2 3 0 3 26 3 12 13 17 7 5 8 29 15 20 10 7 40 73 14 68 118 12 14 33 83 35 10 154 1 7 94 19 20 6 6 7 2 0 5
5 2 11 3 8 11 4 4 2 5 0 7 9 19 38 34 15 79 15 2 13 101 1044 7064 166 179 259 32 21 10 8 0 7 16 35 0 5 29 157 323 5210 5416 3522 8 8 126 216 80 2085 3 7 2 12 21 9 19 23 9 25 3 613 38 41 40 61 2 48 65 710 85 20 5 7 1 48 372 3 0 0 0 14 0 24 19 28 51 32 17 92 18 346 465 35 58 267 20 1 0 39 18 0 0 0 0 0 2 0 0 0 0 0 0 0 0 2 0 0 0 0 3 0 3 0 0 0 0 0 0 0 1 0 0 1 2 1 3 0 0 6 0 1 0 1 0 0 2 1 0 1 5 0 1 3 0 0 4 0 0 0 1 0 0 0 0 1 0 1 3 2 2 0 0 1 0 9 5 1 2 11 5 0 1 0 0 4 1 2 4 4 0 0 9 1 0 0 0 0 0 0 0
18 17 20 12 45 44 11 9 1 5 3 29 27 264 115 53 51 697 158 17 170 1017 522 2957 1189 342 1114 54 510 61 148 9 55 135 490 13 24 193 541 1299 1521 3522 11152 56 94 967 1759 428 2734 10 41 21 238 428 27 65 492 143 410 24 3999 436 1082 8458 419 21 1101 735 4064 454 125 28 68 5 303 3556 15 10 35 5 62 7 281 442 379 544 192 92 492 248 3837 747 193 402 3532 85 7 6 398 186 0 0 0 0 0 0 0 2 0 0 0 1 1 1 13 1 3 5 1 19 3 13 3 2 0 0 0 0 0 1 1 0 0 7 2 26 0 0 16 16 8 3 10 2 1 14 47 0 9 106 1 20 46 3 0 42 0 1 2 4 0 0 0 0 1 0 44 47 29 20 0 1 4 7 50 74 1 19 326 127 3 10 2 3 143 4 3 25 46 0 0 153 17 2 3 0 0 2 0 0
0 0 0 0 3 9 1 0 3 1 0 8 3556 3 15 39 151 779 7114 85 21 102 11 6 59 9 6 7 6 3 5 1 22 23 3 1 120 3165 20 6 39 8 56 9663 3208 1449 16 26 10 479 10 56 3 1 4 3 9 7 3 0 278 18 28 16 4 305 7 44 19 4 14 61 1839 1343 19 40 155 2262 3282 41 21 192 4 8 13 18 7 117 93 165 364 12 0 0 25 5 24 3 17 6 0 7 0 2 11 10 0 17 0 1 6 7 38 18 355 52 59 310 148 842 550 2247 209 24 39 5 9 3 2 7 6 8 11 57 13 154 2 6 571 604 109 51 22 1 20 5 86 54 726 476 44 6 20 1 1 43 3 2 3 4 1 8 1 1 9 7 165 45 15 74 10 8 8 42 24 130 1 11 306 114 46 210 517 14 85 196 7 25 24 5 9 109 11 7 20 4 14 3 5 16
2 1 3 2 1 10 2 2 188 4 26 7 2398 2 12 5 13 200 619 2 7 21 0 5 14 3 5 4 5 1 2 3 29 25 2 0 4 472 8 1 46 8 94 3208 7006 2647 2 55 15 4519 17 35 26 7 6 3 4 4 2 4 75 79 64 25 14 2961 8 13 53 29 74 244 689 543 9 30 3077 2858 1839 39 113 605 10 3 6 7 2 741 379 1378 2027 37 12 10 75 2 928 73 6 4 1 1 0 0 1 3 0 8 0 0 0 2 3 5 97 4 2 7 5 140 29 83 7 1 2 1 1 9 0 7 7 1 1 9 3 49 0 1 52 49 41 9 20 5 5 50 498 35 59 1152 3 65 194 2 1 420 4 3 11 12 0 3 0 0 9 0 376 237 116 618 1 4 15 7 168 418 23 63 2586 652 10 35 28 4 609 35 36 392 248 1 1 859 68 7 10 0 2 0 0 0
2 1 0 1 4 8 1 1 26 2 2 6 1492 12 39 35 156 1699 3522 70 7 22 10 402 38 2 46 65 18 6 30 6 36 57 8 0 61 1488 86 12 130 126 967 1449 2647 5226 29 25 54 74 1 2 9 8 4 4 24 11 10 4 392 35 54 875 124 777 43 22 87 17 15 40 374 80 24 41 160 97 150 2 10 8 5 19 19 24 3 26 50 83 885 48 8 7 83 12 85 11 19 8 0 2 0 1 2 0 0 14 0 1 0 1 10 50 964 24 4 60 7 827 104 393 20 0 2 3 1 44 3 67 5 5 2 11 1 47 0 2 123 83 423 10 373 1 1 30 1286 282 219 4034 6 22 30 4 2 65 3 2 1 3 2 3 1 0 7 1 1332 329 79 447 1 4 13 5 75 1322 7 20 1624 479 6 26 30 5 375 31 4 21 30 0 0 108 22 14 15 0 0 1 0 0
3 4 7 5 16 10 4 1 1 0 1 16 2 1063 295 4 84 27 12 7 119 265 217 1904 1060 286 2186 251 88 12 42 10 45 631 2210 559 376 175 23 2766 270 216 1759 16 2 29 4036 18 100 2 9 4 68 78 7 19 174 124 1346 589 89 47 146 1352 94 1 286 2349 114 42 8 20 71 5 220 27 11 1 51 0 9 5 77 176 143 344 388 5 21 5 45 50 24 24 208 44 2 2 417 564 0 0 0 0 0 0 0 0 0 0 4 2 2 0 3 6 11 2 18 10 31 22 8 2 7 0 1 0 0 0 2 1 3 8 2 35 0 0 57 66 1 5 1 3 7 0 1 1 17 6 10 4 3 0 0 1 1 1 0 4 0 0 0 1 3 1 7 3 1 0 1 1 2 10 0 2 1 0 12 1 8 27 5 4 5 18 2 1 4 2 0 2 2 2 0 1 2 0 1 4
20 18 23 13 66 37 6 5 2 6 2 20 5 31 73 25 10 36 30 9 20 90 30 55 62 11 31 42 127 57 115 11 33 107 3 4 11 53 151 21 480 80 428 26 55 25 18 25461 431 62 15 24 36 75 20 23 142 102 9 18 203 11356 4142 248 408 16 157 72 5857 1128 3147 30 43 8 407 7260 22 6 24 3 365 44 46 50 42 41 30 879 4358 403 1405 373 69 161 812 145 8 5 33 26 0 0 0 0 0 1 0 3 0 0 1 0 2 0 5 1 1 4 1 7 6 2 1 1 1 3 0 3 3 3 2 4 2 4 2 14 1 0 8 8 2 1 3 2 2 99 39 0 14 54 10 219 658 3 4 246 9 2 18 41 0 2 0 0 5 0 11 124 230 31 0 3 5 2 241 40 37 250 532 110 1 7 9 3 386 22 88 68 712 1 0 883 170 8 3 1 2 1 0 2
70 49 57 34 42 38 13 14 5 14 8 50 1 24 37 13 29 33 12 16 21 186 211 565 111 62 129 7 60 41 42 5 22 21 14 0 11 46 83 116 2171 2085 2734 10 15 54 100 431 10123 17 84 27 19 33 61 71 33 19 21 2 264 259 143 81 45 11 69 52 479 537 201 11 13 7 46 815 17 2 14 2 131 12 116 74 68 71 28 209 658 143 703 5890 476 3215 8930 31 7 3 49 14 0 0 0 0 1 0 0 0 0 1 2 1 0 0 2 2 1 0 0 3 1 2 0 0 1 0 0 0 0 0 0 0 0 8 1 21 0 0 10 5 0 0 1 0 2 5 3 0 1 8 1 21 35 0 0 15 1 2 3 7 0 0 0 2 3 0 1 11 14 7 0 0 3 1 13 7 4 10 50 25 1 11 2 1 30 10 4 6 55 0 1 44 6 0 2 1 0 0 0 1
4 1 4 0 5 5 3 4 93 3 19 2 132 2 1 0 2 23 73 2 1 4 0 2 2 0 1 0 8 1 4 1 13 6 1 0 0 92 4 0 32 3 10 479 4519 74 2 62 17 7371 212 991 16 3 16 0 5 2 0 0 23 93 31 3 3 1516 2 6 29 64 84 89 157 778 3 54 2315 521 724 617 240 4056 12 6 7 5 0 2244 645 3385 488 53 14 10 56 1 537 45 2 2 0 1 0 0 1 2 0 2 0 0 1 0 3 1 12 2 0 1 1 12 4 8 1 0 0 4 1 4 0 4 4 4 1 3 2 22 0 0 15 16 5 3 1 5 2 66 70 1 13 109 5 114 298 1 1 287 23 12 66 75 1 1 0 0 4 0 25 122 136 53 0 2 5 0 191 33 27 149 879 154 1 12 8 3 515 12 115 504 589 0 1 1113 80 5 5 2 1 2 1 0
82 33 76 27 46 22 45 27 9 29 6 26 0 0 1 0 1 2 0 0 7 19 3 17 14 3 9 4 101 41 32 4 18 15 0 0 0 4 3 6 135 7 41 10 17 1 9 15 84 212 12198 12128 36 22 312 30 23 7 0 0 16 23 35 8 6 111 35 7 25 392 67 14 9 71 30 30 96 29 30 1674 2312 1531 409 88 54 54 7 519 61 35 33 3225 11412 125 140 21 20 17 17 9 1 0 0 0 3 1 0 1 0 1 2 0 0 0 1 0 0 0 0 0 0 0 0 0 0 0 0 0 0 0 0 0 5 11 0 21 0 0 10 8 0 0 0 1 1 0 2 0 3 2 0 18 35 1 0 12 179 43 356 230 5 0 0 0 0 0 0 2 6 1 0 0 1 2 2 1 31 72 16 5 8 15 2 2 9 13 83 12 201 0 3 47 11 1 2 1 0 0 0 0
212 71 133 59 55 51 100 64 35 64 20 83 0 1 1 2 2 1 2 2 6 15 2 6 27 3 6 4 159 96 54 15 31 17 0 0 1 20 2 2 74 2 21 56 35 2 4 24 27 991 12128 25681 61 39 321 32 38 11 2 1 8 44 26 16 7 378 35 14 9 168 115 30 27 309 63 10 329 94 109 15311 4589 3728 430 122 73 45 18 929 107 45 21 1208 2112 19 31 44 92 29 29 22 2 2 0 1 2 1 0 2 1 0 1 1 0 0 0 0 0 1 0 1 0 0 0 0 1 0 0 0 0 0 2 2 2 14 1 50 0 0 9 11 0 5 0 2 3 12 5 2 4 2 1 32 72 6 3 29 1298 437 2760 1082 20 7 0 1 5 0 0 8 31 4 4 0 3 4 10 0 189 172 44 8 16 24 12 2 13 45 557 52 806 0 26 129 72 7 9 1 1 0 0 0
1500 417 668 282 552 358 2492 582 411 870 150 557 3 7 3 1 3 3 1 0 72 88 29 33 277 26 88 26 4902 1139 598 47 135 78 2 0 4 22 9 51 118 12 238 3 26 9 68 36 19 16 36 61 7060 6399 2998 75 454 52 3 6 27 44 203 175 67 1 1055 206 122 41 15 272 34 46 311 30 184 1 65 4 39 23 3521 2014 941 492 223 22 23 10 20 94 49 17 100 222 346 7380 258 255 5 5 5 8 10 20 1 3 0 5 25 24 0 0 1 0 5 0 1 0 5 6 2 1 3 0 0 0 0 0 5 1 16 66 5 150 0 0 58 36 0 2 1 5 5 1 2 0 3 2 4 1 2 2 0 1 0 0 1 1 0 1 0 2 15 1 3 0 2 1 2 6 11 15 1 3 2 0 4 2 58 84 13 13 2 98 0 0 4 1 2 2 1 20 14 4 5 1 0 4
1407 434 555 339 618 403 1921 392 119 309 83 412 1 14 11 3 1 7 1 2 72 114 36 56 364 43 143 45 13385 1365 874 63 119 75 2 1 5 29 20 88 131 21 428 1 7 8 78 75 33 3 22 39 6399 12570 352 34 762 58 11 5 36 80 299 289 117 0 3989 271 214 52 17 121 37 38 405 43 57 1 58 2 37 5 1004 6014 442 354 392 18 36 10 24 58 39 18 174 366 68 3227 302 435 8 9 10 9 12 30 2 3 3 4 29 20 1 0 0 0 1 1 3 1 8 3 1 1 6 0 1 1 0 0 7 0 21 67 6 141 0 0 58 41 1 0 0 4 6 1 1 0 5 7 4 1 1 3 0 3 0 3 0 3 3 8 1 4 25 0 5 3 4 0 5 4 10 9 1 9 3 1 10 5 58 73 11 8 4 65 2 0 3 0 4 2 1 17 10 1 9 0 1 4
229 88 164 46 85 56 318 74 33 122 19 85 0 1 0 1 1 2 0 1 18 27 13 11 19 4 8 1 417 127 73 11 29 24 1 0 1 8 4 8 532 9 27 4 6 4 7 20 61 16 312 321 2998 352 11588 421 35 8 0 1 15 20 13 16 5 4 40 18 33 63 38 28 6 10 56 25 25 3 13 29 222 51 2114 117 90 43 18 78 39 15 26 904 255 51 64 39 36 759 20 15 0 1 1 2 1 5 0 0 2 1 1 1 0 0 0 0 2 0 0 0 0 0 0 0 0 0 0 0 0 0 2 0 2 13 1 40 0 0 18 18 0 0 0 0 0 0 0 0 2 3 0 3 3 1 0 2 5 1 9 7 0 0 0 0 1 0 1 0 1 0 2 0 4 2 2 0 2 4 4 0 20 19 2 2 0 19 4 0 12 0 0 5 1 5 0 1 0 0 0 0
188 161 172 104 127 97 65 65 14 55 14 139 0 6 5 1 2 3 0 2 1477 220 21 18 134 13 19 6 142 129 99 11 35 25 0 0 4 15 6 14 1438 19 65 3 3 4 19 23 71 0 30 32 75 34 421 1602 53 15 3 2 18 20 34 27 8 0 46 26 45 39 36 29 15 13 93 33 10 1 19 2 66 9 2869 175 980 195 28 40 33 6 23 314 72 37 77 70 12 21 134 33 2 2 1 0 7 5 0 0 0 1 2 6 0 0 0 0 0 0 1 0 1 1 0 1 1 1 0 0 0 0 1 0 5 18 3 47 0 0 20 14 0 1 0 1 3 0 1 0 6 2 1 4 10 1 0 1 0 1 0 4 0 1 0 0 13 0 0 0 1 0 1 2 5 2 1 0 1 5 1 2 20 34 5 2 2 15 4 1 13 0 1 1 0 4 3 2 6 0 0 0
108 105 51 166 2622 322 100 20 4 22 11 134 1 41 36 10 5 13 8 1 164 206 34 75 1149 16 382 239 2487 4650 14061 39 77 139 12 8 10 28 73 45 375 23 492 9 4 24 174 142 33 5 23 38 454 762 35 53 8431 194 35 34 66 134 584 902 443 0 3017 1110 674 67 48 26 20 10 2444 68 8 0 19 2 40 11 413 445 407 857 2034 40 53 9 51 81 55 21 239 2237 9 83 1696 3640 1 2 2 0 5 9 0 1 0 0 5 1 0 0 3 1 4 5 7 13 7 6 3 2 2 0 1 0 0 0 1 0 4 18 3 43 0 0 26 21 2 1 1 0 1 1 12 1 3 28 5 2 4 0 0 5 0 2 0 2 0 1 0 0 1 2 13 5 4 0 0 0 3 6 1 30 1 2 27 6 11 29 8 0 13 14 4 4 4 0 1 6 2 4 2 4 2 0 0 1
11 21 20 24 265 330 10 1 11 10 2 53 3 490 333 45 58 21 7 7 122 227 46 31 36 8 324 339 150 103 229 1017 520 5200 41 112 241 162 284 27 202 9 143 7 4 11 124 102 19 2 7 11 52 58 8 15 194 8253 1886 5786 132 57 121 389 360 2 100 2441 686 20 23 26 44 17 10597 205 25 1 22 0 23 1 64 42 107 34 100 9 36 3 37 34 13 6 50 1696 12 23 56 75 8 8 6 5 13 31 1 2 2 3 20 24 0 2 3 2 8 3 5 15 17 13 6 2 10 0 0 0 0 3 17 5 18 54 7 131 0 0 77 69 16 5 4 4 6 3 10 2 12 36 7 0 3 3 0 3 1 2 0 0 4 6 1 4 12 0 14 10 4 1 7 2 6 13 4 18 3 1 31 8 53 66 8 9 12 65 3 1 2 0 4 12 6 17 10 3 6 3 0 1
2 1 1 2 12 8 1 0 1 0 1 7 1 2102 660 8 83 12 6 4 23 85 33 304 24 38 1227 322 27 8 54 62 133 2857 1384 2851 593 121 33 200 69 25 410 3 2 10 1346 9 21 0 0 2 3 11 0 3 35 1886 3462 9277 33 19 68 779 169 1 29 3272 105 6 4 15 38 1 846 21 4 1 15 0 3 0 6 5 13 16 27 3 5 1 8 11 4 2 50 117 1 2 12 22 0 0 0 0 3 2 0 0 0 0 1 1 2 0 4 6 11 4 15 13 38 12 6 3 6 1 2 0 0 1 0 1 3 9 2 46 0 2 52 79 4 4 1 0 3 1 1 0 19 4 6 0 1 0 0 1 0 0 0 0 0 0 0 0 2 2 5 0 0 0 3 1 2 15 0 6 2 1 8 1 6 23 2 4 4 11 2 1 1 1 0 2 0 1 2 0 2 0 2 3
1 0 1 0 12 10 2 1 0 0 0 5 1 1175 397 43 42 16 1 5 17 50 32 12 10 0 119 192 18 3 32 66 145 6884 208 595 386 76 71 10 43 3 24 0 4 4 589 18 2 0 0 1 6 5 1 2 34 5786 9277 4945 19 5 23 105 112 0 17 2127 131 2 4 5 17 3 1393 17 4 2 9 1 0 1 12 4 9 9 24 2 5 3 2 4 3 1 5 71 1 0 8 23 1 1 0 1 1 3 0 0 1 0 1 2 0 0 2 1 3 0 2 4 11 4 1 4 7 0 2 0 0 2 1 0 2 6 8 26 0 0 29 43 2 6 1 0 1 0 2 0 6 16 6 0 0 0 0 0 0 2 0 1 0 1 0 0 3 1 3 4 2 1 2 0 2 7 1 2 0 2 2 2 3 23 1 2 3 5 0 0 2 0 2 5 0 5 0 1 4 2 0 5
4 10 5 10 29 30 1 0 5 3 1 26 59 63 369 445 525 5468 464 263 35 95 63 1358 128 35 175 228 73 18 52 37 186 423 24 5 205 1995 8235 62 864 613 3999 278 75 392 89 203 264 23 16 8 27 36 15 18 66 132 33 19 10632 181 234 1873 412 187 124 96 2734 103 68 92 354 34 329 3498 46 20 78 1 21 9 40 45 48 85 23 56 297 72 3027 266 32 66 442 81 11 6 62 28 0 4 1 2 7 4 0 13 0 2 1 1 20 100 725 29 5 136 19 599 123 524 30 9 6 0 0 51 1 93 7 13 7 15 4 71 1 1 175 122 510 7 369 3 4 58 1377 215 254 3433 7 51 71 3 1 148 3 5 3 6 3 4 1 0 22 2 882 499 130 247 5 12 21 11 149 1396 20 38 1821 591 9 38 30 6 482 52 7 17 45 0 3 196 31 25 23 2 5 0 0 2
19 20 24 11 34 28 6 9 3 6 5 27 3 27 44 10 7 28 21 6 30 114 32 64 117 8 27 36 164 38 96 6 25 53 5 0 6 37 56 35 359 38 436 18 79 35 47 11356 259 93 23 44 44 80 20 20 134 57 19 5 181 18950 14967 293 275 20 188 81 2170 6455 3656 13 17 13 300 1850 23 3 13 12 504 183 50 65 68 58 18 816 2531 458 1003 404 180 827 5545 109 7 5 41 29 1 1 0 0 1 2 1 1 0 0 0 0 3 2 2 4 2 4 2 9 4 1 0 1 1 4 3 15 3 8 1 7 2 4 1 16 4 0 9 8 2 9 1 4 5 118 32 1 9 41 6 439 1129 2 6 290 25 13 33 91 0 1 1 1 6 0 14 140 344 18 1 2 13 2 277 26 78 447 469 82 1 5 4 8 362 15 154 81 1285 1 2 1049 255 9 3 0 2 3 0 1
16 13 7 18 108 41 9 2 5 4 0 24 5 91 98 22 3 68 43 4 71 247 22 73 335 19 99 72 644 103 355 11 21 78 46 4 5 53 121 83 205 41 1082 28 64 54 146 4142 143 31 35 26 203 299 13 34 584 121 68 23 234 14967 15564 3898 1989 11 918 228 6415 2648 722 9 22 11 525 1900 14 4 15 4 141 29 149 231 190 287 82 292 1412 339 1530 169 132 433 3972 196 9 14 165 90 0 0 0 0 4 0 0 1 0 0 0 0 3 1 9 1 0 7 1 20 5 9 0 0 3 1 1 2 0 3 1 1 1 5 0 14 2 0 8 12 6 2 1 3 3 50 37 1 15 52 0 96 270 1 2 137 3 4 11 11 1 2 0 1 2 0 22 119 110 31 2 1 5 3 135 59 22 89 493 138 1 5 5 3 251 7 32 36 228 0 1 447 71 5 0 0 1 0 0 1
13 10 11 12 73 31 8 3 1 2 0 20 91 790 404 78 18 1097 349 3 77 225 68 564 483 34 2900 1694 572 76 492 10 11 164 808 20 16 65 785 472 208 40 8458 16 25 875 1352 248 81 3 8 16 175 289 16 27 902 389 779 105 1873 293 3898 9911 5134 8 1117 1016 2561 150 53 14 27 7 556 307 7 25 30 1 28 4 185 249 221 420 140 27 92 14 283 63 25 38 1857 184 3 6 339 293 0 1 0 0 2 2 0 3 0 1 1 1 2 6 66 5 3 36 6 247 28 107 3 1 1 0 0 9 1 10 1 2 1 5 3 20 1 0 26 32 89 1 56 1 1 8 90 9 36 460 2 4 18 0 0 7 1 1 1 0 0 0 1 0 5 0 285 74 13 21 0 3 5 5 22 323 4 10 305 122 4 12 8 1 116 5 2 4 16 0 0 35 7 5 0 0 1 1 0 0
7 3 6 14 93 28 3 0 1 2 0 17 13 554 1001 229 5 302 79 9 22 51 10 56 36 1 490 3624 278 67 415 4 21 191 161 16 26 34 3978 11 136 61 419 4 14 124 94 408 45 3 6 7 67 117 5 8 443 360 169 112 412 275 1989 5134 13159 3 381 332 12923 79 61 5 8 4 775 373 3 4 7 0 21 1 58 53 51 49 55 18 60 28 155 38 5 10 300 267 2 6 46 76 0 0 1 0 2 1 0 0 0 0 0 0 2 15 124 7 1 22 7 275 29 64 3 2 2 0 0 10 1 11 2 2 2 7 1 18 0 0 29 45 187 3 73 0 1 17 129 20 30 568 5 13 17 0 0 16 1 2 0 2 0 2 0 1 4 0 295 69 30 17 4 3 3 2 31 394 6 8 342 142 2 9 3 2 128 8 2 4 13 0 1 41 5 4 2 0 2 1 0 0
3 2 1 1 1 1 1 1 19 0 8 4 1456 0 2 7 7 163 579 1 0 1 0 1 1 0 3 5 5 0 1 0 3 5 0 0 2 127 2 0 17 2 21 305 2961 777 1 16 11 1516 111 378 1 0 4 0 0 2 1 0 187 20 11 8 3 1128 3 1 11 8 21 45 84 339 3 21 1184 718 393 258 54 711 2 1 2 2 0 354 97 239 778 16 4 2 17 0 158 15 0 3 0 1 0 0 0 1 0 1 0 0 1 0 1 1 237 2 1 5 1 158 14 85 3 0 0 0 0 3 0 6 1 0 1 5 1 11 0 0 19 10 34 0 18 0 1 9 236 120 34 686 1 10 37 0 1 65 14 2 18 23 0 0 0 1 1 0 142 29 11 503 0 2 1 3 30 58 3 16 511 82 5 10 42 1 80 10 9 47 38 0 0 106 7 1 2 0 0 0 0 0
190 216 192 145 354 234 64 78 18 77 16 218 1 28 18 5 5 21 8 1 64 140 80 199 854 58 579 210 6578 493 1726 37 81 106 17 1 12 57 40 201 195 48 1101 7 8 43 286 157 69 2 35 35 1055 3989 40 46 3017 100 29 17 124 188 918 1117 381 3 7080 1292 609 123 36 76 43 33 1118 104 21 0 46 4 50 11 902 5077 473 2122 1971 29 79 20 79 104 61 43 524 610 13 43 1188 2682 2 2 3 5 10 20 0 4 4 1 11 18 3 0 2 0 6 1 4 5 2 5 2 6 3 0 1 0 0 0 11 1 11 55 3 114 1 0 58 48 4 1 2 3 6 3 8 2 7 33 3 2 6 2 0 3 2 3 2 3 1 4 0 2 15 1 9 5 2 0 3 1 11 11 5 23 2 2 28 9 40 56 13 4 16 58 2 1 11 1 8 11 2 12 7 3 9 1 2 5
10 11 13 9 36 23 2 4 2 3 0 17 1 431 189 23 51 19 12 7 102 282 67 446 539 34 1110 385 308 11 321 55 187 2031 130 158 203 295 108 199 175 65 735 44 13 22 2349 72 52 6 7 14 206 271 18 26 1110 2441 3272 2127 96 81 228 1016 332 1 1292 4497 411 36 12 48 179 31 2736 85 36 2 168 2 30 4 206 360 276 852 1875 14 37 5 31 63 21 13 161 114 2 2 837 1925 2 4 1 3 5 4 0 0 1 1 4 3 5 0 2 5 30 3 28 15 69 14 19 15 18 1 3 0 0 2 3 2 12 30 10 214 0 1 184 234 4 14 2 4 20 1 3 0 49 28 25 3 6 1 0 4 1 5 0 0 3 1 0 2 5 4 12 5 3 0 7 1 21 37 5 14 3 3 12 11 33 120 24 13 8 48 0 2 6 4 2 7 3 12 1 0 11 2 3 11
23 13 17 36 208 87 15 7 0 10 4 62 13 393 1219 558 43 481 39 21 56 166 57 424 172 26 192 672 602 165 596 61 150 664 98 22 72 161 6124 49 1266 710 4064 19 53 87 114 5857 479 29 25 9 122 214 33 45 674 686 105 131 2734 2170 6415 2561 12923 11 609 411 19275 530 470 45 97 10 2028 6470 18 4 56 4 111 14 133 174 122 158 104 107 781 148 999 439 74 102 1410 594 4 14 86 138 0 5 0 1 3 4 0 4 0 0 1 3 5 5 39 5 7 10 7 59 21 35 8 4 4 3 0 12 1 12 6 9 4 8 2 46 1 1 66 64 32 6 46 7 10 52 277 5 50 484 5 49 105 1 2 239 3 2 4 3 0 5 1 2 9 1 202 246 108 63 5 5 14 17 197 393 15 46 1314 512 6 43 5 8 514 22 18 75 122 3 0 558 54 13 16 2 7 0 0 2
110 83 90 28 51 42 47 51 5 33 7 51 1 5 13 2 18 16 11 2 23 125 30 110 118 22 26 17 118 61 56 5 27 27 1 1 6 22 20 29 444 85 454 4 29 17 42 1128 537 64 392 168 41 52 63 39 67 20 6 2 103 6455 2648 150 79 8 123 36 530 8817 3304 21 13 15 93 455 24 4 10 27 1462 317 139 100 82 91 25 1398 1050 206 450 1941 2376 3371 3291 65 9 13 53 29 1 0 0 0 1 1 0 0 0 0 0 1 5 1 0 2 1 1 1 1 1 1 0 1 0 5 3 1 2 4 1 3 4 2 1 12 1 0 9 3 1 4 0 2 6 47 14 0 2 18 3 305 455 2 2 114 38 17 69 169 1 0 0 0 3 0 2 57 126 10 1 2 5 3 91 15 131 424 192 38 8 12 7 1 115 16 259 43 1335 0 0 425 155 5 3 0 1 0 0 1
50 41 46 16 37 29 26 27 12 18 3 30 2 6 14 1 2 10 8 4 9 36 9 19 30 2 7 10 67 32 49 6 16 23 2 0 2 22 19 12 335 20 125 14 74 15 8 3147 201 84 67 115 15 17 38 36 48 23 4 4 68 3656 722 53 61 21 36 12 470 3304 9891 13 13 24 103 549 34 4 13 39 6801 460 68 47 31 32 5 2306 2713 313 486 652 255 465 575 32 11 6 16 14 0 0 0 0 0 0 0 1 0 0 0 1 3 2 0 3 0 1 0 2 0 1 0 1 1 1 0 4 3 3 3 1 1 1 0 9 3 0 7 7 0 6 0 3 6 60 16 0 7 21 4 430 644 3 12 150 41 56 133 352 0 2 0 0 4 0 7 78 163 13 1 8 5 2 99 12 238 658 220 35 3 8 11 5 110 32 494 79 2196 0 2 536 244 2 2 0 0 0 0 2
53 106 140 147 175 443 40 63 625 1421 941 2000 44 12 11 3 11 52 22 1 122 235 30 5 74 8 10 4 135 65 35 159 1264 200 2 6 15 275 52 23 182 5 28 61 244 40 20 30 11 89 14 30 272 121 28 29 26 26 15 5 92 13 9 14 5 45 76 48 45 21 13 5151 2457 593 110 86 2377 120 4233 20 32 34 146 72 179 47 20 38 29 26 78 39 32 13 25 72 4182 703 50 10 104 105 120 147 170 584 21 64 50 85 391 493 8 3 27 18 44 19 50 24 174 127 48 44 58 3 9 0 0 3 156 19 279 830 35 1310 1 2 702 494 7 20 5 42 95 6 13 5 144 26 38 5 5 22 1 22 7 37 6 15 38 75 15 70 160 3 15 10 7 7 76 37 122 68 6 19 43 6 28 10 1021 868 227 70 12 1262 7 7 20 16 104 14 13 166 331 83 95 10 2 34
