29384 9525 14656 4119 1500 2306 9074 11128 614 1841 54 1295 0 2 1 1 3 2 2 2 32 11 2 13 38 6 12 5 10637 9814 452 31 24 5 1 0 6 12 1 18 743 9 16 0 2 1 13 2 47 2 70 170 1264 3419 447 180 328 9 5 1 2 11 5 16 4 0 381 17 9 36 30 27 10 17 47 1 26 3 17 3 41 4 2098 1093 696 147 35 21 24 5 3 306 135 42 27 187 159 3222 47 37 57 46 111 95 17 94 15 52 73 52 123 116 0 0 0 0 1 0 0 0 2 0 0 6 9 1 1 0 0 0 24 0 51 196 1 37 0 0 11 5 0 1 0 4 9 0 0 1 1 0 1 0 2 1 0 1 0 1 4 3 12 19 3 15 16 1 0 0 0 1 23 5 6 3 0 0 0 0 1 0 150 37 6 7 2 22 1 1 2 4 5 0 0 20 88 13 10 4 0 3
9525 14014 2718 14756 1257 1659 84 141 52 490 113 896 0 1 0 1 0 1 2 0 15 8 4 5 9 1 1 3 451 1054 98 1 1 0 0 1 0 1 0 1 252 3 10 0 0 1 5 4 18 0 17 30 185 508 57 58 46 0 1 0 0 1 0 1 1 0 218 4 1 7 2 4 1 7 8 3 4 0 15 0 14 0 504 307 314 79 13 9 7 3 0 57 23 8 5 10 194 119 19 5 82 71 160 166 41 148 41 70 99 93 188 162 0 0 0 0 0 0 0 0 0 0 0 4 5 0 2 0 0 0 45 2 65 309 0 70 0 0 11 1 0 1 0 1 10 0 1 0 0 0 1 0 0 0 1 0 1 0 1 0 11 16 2 17 31 0 0 0 0 0 27 7 11 1 1 0 0 0 1 0 255 63 6 5 0 33 1 1 1 6 17 0 2 42 143 31 9 8 0 5
14656 2718 11761 9375 96 3570 587 10113 434 7082 120 13849 0 4 0 1 0 2 2 0 24 9 0 11 24 2 7 5 552 494 25 2 6 1 0 0 0 1 1 7 542 5 19 0 0 0 3 5 29 7 56 98 466 1175 196 128 47 3 2 0 2 3 3 6 6 1 299 11 2 28 16 14 0 7 23 1 8 0 22 0 37 1 1326 726 539 114 27 18 19 2 1 185 121 26 21 36 180 407 25 18 87 72 244 153 21 132 26 62 125 122 179 180 0 0 0 0 1 0 0 0 1 0 0 9 7 0 0 0 0 0 30 6 71 297 1 46 0 0 18 6 0 1 0 6 12 0 0 0 0 0 4 0 1 4 0 0 1 1 2 0 6 9 8 21 22 0 0 0 0 0 20 6 11 2 0 0 1 0 1 0 258 49 5 5 0 30 3 0 4 3 15 0 1 24 131 27 9 4 0 1
4119 14756 9375 19104 8299 14543 258 201 105 763 119 5605 0 1 0 0 0 0 1 0 35 12 1 4 16 2 3 1 1245 6035 1456 10 9 2 0 0 1 1 1 6 343 3 11 1 0 0 4 0 17 1 17 23 249 916 72 92 889 1 0 0 0 1 2 8 2 0 323 6 2 14 7 9 5 19 11 1 10 0 26 0 11 0 705 463 434 107 14 4 9 1 3 87 41 17 5 57 339 308 30 19 126 92 377 227 47 233 46 126 157 131 278 303 1 0 0 0 1 0 0 0 0 1 0 10 9 0 0 0 0 0 53 7 116 519 2 91 0 0 22 2 1 4 0 8 17 0 1 0 2 1 1 0 1 4 0 0 1 3 0 0 16 32 7 32 52 1 0 0 0 0 42 12 28 1 0 1 0 0 1 0 394 77 10 3 0 63 3 1 1 13 23 0 0 59 193 58 16 6 0 4
1500 1257 96 8299 13518 12266 341 103 64 103 124 2431 0 51 29 12 18 15 6 10 138 71 19 16 18 7 16 47 3800 6571 10205 709 307 180 8 13 92 121 54 25 377 4 43 7 1 4 25 25 11 2 12 24 351 1317 83 92 6440 160 49 22 15 10 14 17 65 2 744 49 89 10 15 238 61 41 340 13 58 1 94 0 11 0 735 622 744 269 54 9 12 3 8 74 25 10 15 3884 328 510 89 443 29 34 78 80 16 63 8 42 50 29 72 92 5 2 2 1 4 2 4 1 6 7 4 5 11 2 2 1 0 2 25 3 59 210 6 71 1 1 37 32 0 12 0 3 20 4 3 0 7 2 6 0 0 0 0 0 2 0 1 2 2 14 2 11 23 5 2 1 1 0 35 3 20 12 0 6 1 0 5 0 129 51 11 4 0 34 0 0 3 4 12 1 0 26 60 14 22 3 0 6
2306 1659 3570 14543 12266 21821 593 442 286 1426 392 20233 7 8 6 4 3 14 7 1 223 139 25 14 39 8 6 11 3203 6345 3334 1540 594 26 2 3 13 53 6 30 756 7 31 15 1 4 27 8 26 5 32 59 516 1623 145 176 2565 94 13 3 8 8 10 17 11 1 579 33 17 23 21 915 109 100 284 8 223 5 325 1 27 4 1255 953 1319 348 43 15 9 7 11 121 57 19 13 5878 1170 764 107 94 208 195 401 412 105 380 76 203 291 297 495 478 1 0 0 2 3 1 5 1 9 3 8 38 33 3 2 0 1 2 108 13 224 1113 4 235 0 1 56 34 0 11 0 19 60 0 0 0 2 2 12 0 1 5 0 4 2 6 2 4 37 81 19 67 99 2 1 2 0 0 85 29 66 15 2 2 4 2 8 0 777 227 26 20 0 153 5 4 7 14 46 0 3 110 448 89 55 10 2 7
9074 84 587 258 341 593 13006 9100 1076 2054 269 611 0 2 0 1 0 0 0 0 10 7 0 4 14 3 4 2 3576 1776 152 14 8 2 2 0 1 3 1 6 89 2 16 1 0 0 4 3 11 0 29 61 866 2025 280 26 101 7 1 0 1 1 2 4 6 1 52 5 2 15 7 18 2 4 11 1 7 1 25 0 18 0 825 332 122 40 14 10 7 1 3 108 60 10 9 86 98 6062 10 22 5 5 9 17 4 12 1 8 14 9 17 21 0 0 0 0 0 0 0 0 0 0 0 0 3 0 1 0 0 1 6 1 6 35 0 8 0 0 5 1 0 0 0 0 2 0 0 0 0 0 4 1 0 0 0 0 2 0 0 0 0 1 0 3 4 0 0 0 0 0 2 1 0 2 0 0 0 2 0 0 23 15 0 0 0 6 1 0 0 0 1 0 0 9 8 2 1 1 0 1
11128 141 10113 201 103 442 9100 26644 6083 18539 76 1508 0 0 2 2 0 0 4 0 11 8 3 9 15 3 8 3 323 755 35 9 5 0 0 0 0 1 1 7 264 3 20 0 1 0 6 3 26 3 52 102 853 1546 301 81 40 2 0 1 2 2 3 9 3 5 119 5 5 22 4 4 5 15 15 3 6 0 7 1 29 4 1265 507 228 45 22 20 11 5 3 211 91 27 15 38 84 2853 26 15 26 16 32 41 8 28 13 27 36 30 62 45 0 0 0 0 0 0 0 0 0 1 0 1 3 0 1 0 0 0 4 0 13 51 0 12 0 0 7 2 0 0 0 3 2 0 0 0 0 2 2 0 3 1 0 1 0 1 0 0 2 2 5 5 4 0 0 1 0 0 4 1 5 0 0 0 0 1 0 0 48 6 1 0 0 5 0 0 0 0 2 1 0 5 30 11 3 0 0 1
614 52 434 105 64 286 1076 6083 2560 8639 854 1561 22 2 0 1 0 0 1 1 22 19 3 0 20 0 1 0 69 259 15 13 41 2 0 0 0 2 3 8 42 0 8 6 33 9 7 0 2 27 7 49 211 150 38 7 21 8 1 1 1 0 4 2 2 34 18 14 2 7 6 263 25 182 46 0 544 35 129 33 20 57 121 55 38 13 15 34 10 28 20 17 9 4 3 43 4111 1425 17 3 6 11 21 18 5 10 5 12 15 15 25 34 1 1 0 3 2 1 3 1 8 10 2 3 3 1 3 0 0 0 5 2 15 41 1 10 2 0 7 8 1 5 3 0 1 2 2 2 6 9 4 0 2 0 0 0 2 0 0 0 2 1 0 4 6 1 2 1 0 4 2 1 5 4 0 4 1 0 6 0 25 8 6 3 2 7 0 0 1 1 4 0 0 3 17 6 2 1 0 0
1841 490 7082 763 103 1426 2054 18539 8639 37109 14578 45526 0 1 0 2 0 2 1 1 4 7 2 12 19 1 3 1 223 478 38 8 1 0 0 1 0 4 1 8 188 9 12 1 3 0 4 2 15 5 33 53 611 826 195 49 35 3 1 0 0 0 3 7 0 0 94 10 3 21 11 24 5 23 23 3 37 0 1604 4 19 2 765 335 211 29 15 16 4 3 2 146 54 18 2 29 1657 2756 16 11 229 144 373 337 73 342 98 279 341 280 519 426 0 0 0 0 1 0 2 0 0 0 0 8 8 1 2 0 0 0 55 6 132 602 0 97 0 0 18 3 0 1 0 4 11 0 1 0 2 2 0 0 2 1 0 1 3 3 2 3 22 40 19 45 41 0 0 1 0 1 44 12 26 5 0 1 0 1 4 0 575 63 15 6 0 53 6 2 1 9 27 3 3 46 352 146 23 3 0 5
54 113 120 119 124 392 269 76 854 14578 4913 9461 12 1 0 0 0 2 2 0 45 20 6 1 8 1 2 1 129 79 38 19 49 3 1 0 2 4 0 2 92 2 3 20 11 3 2 0 2 6 2 10 90 80 28 16 61 2 2 0 1 0 3 3 0 6 47 6 2 1 1 540 11 59 5 0 610 60 808 3 6 6 147 72 145 27 3 7 3 7 3 24 9 2 1 81 3544 596 14 4 120 85 210 221 44 229 50 157 179 187 292 256 0 0 0 0 0 2 2 1 3 1 0 13 20 0 4 1 0 1 57 10 146 560 5 119 0 0 36 13 1 3 1 4 15 0 1 3 4 1 4 0 1 4 0 2 1 8 4 3 22 36 10 40 58 1 1 3 0 0 53 13 31 5 0 1 2 1 1 0 397 89 16 8 2 65 5 1 2 7 22 2 0 54 256 64 29 7 0 11
1295 896 13849 5605 2431 20233 611 1508 1561 45526 9461 47623 10 9 3 5 2 13 13 3 359 226 52 24 62 7 12 9 1588 1633 833 441 2494 44 1 2 15 80 7 31 794 10 44 19 2 18 26 7 35 2 37 86 475 1165 170 164 843 45 9 4 9 7 14 26 4 2 457 46 18 23 21 2773 183 201 228 7 968 17 1439 1 26 5 1337 902 1288 339 55 10 16 1 15 154 78 17 15 1888 5999 1200 150 77 519 457 1043 978 188 856 187 527 752 644 1263 1179 2 0 2 2 11 2 8 3 15 12 6 65 96 4 4 2 1 1 276 28 526 2546 4 519 1 2 137 50 2 25 1 40 110 2 3 1 11 6 27 0 1 17 0 3 10 11 2 3 76 139 58 152 250 3 0 3 0 7 203 59 172 37 0 5 3 1 6 0 1851 467 73 45 0 259 17 6 6 23 127 4 2 289 1125 228 116 22 3 24
0 0 0 0 0 7 0 0 22 0 12 10 8339 2 3 98 28 701 5593 45 1 5 2 74 3 2 22 28 4 1 2 2 30 4 1 0 7 401 53 5 22 34 141 7064 3568 4060 9 11 4 142 2 42 1 3 1 0 5 4 1 1 98 11 28 86 69 2978 4 5 45 11 28 449 414 1425 3 21 855 550 784 65 60 216 4 3 2 1 0 178 112 293 319 1 2 6 39 7 176 7 4 1 2 1 1 1 1 1 0 2 0 0 2 0 10 148 391 10 2 77 1 839 33 775 4 2 3 1 0 27 1 40 5 7 4 8 3 15 1 0 62 45 434 6 215 2 4 97 283 114 45 1350 6 4 13 0 0 24 2 0 5 7 0 1 0 2 3 2 295 156 10 414 8 12 13 15 18 447 3 8 206 16 1 5 110 10 24 9 2 19 16 0 1 39 7 4 9 0 0 2 2 0
2 1 4 1 51 8 2 0 2 1 1 9 2 9390 7068 1889 938 401 179 533 51 42 606 984 19 235 2313 1641 317 59 149 22 56 394 2369 4105 1128 112 293 450 872 50 288 12 4 11 392 15 8 4 2 5 25 173 5 2 300 604 1761 194 30 13 84 289 297 6 467 629 226 9 14 5 12 181 165 25 2 1 4 0 2 3 28 44 21 30 45 3 14 2 13 18 5 11 29 65 2 3 19 103 0 0 1 0 1 0 0 2 0 0 0 0 606 93 7 226 69 51 189 20 508 636 552 33 30 15 82 23 15 21 0 0 2 10 4 21 206 56 132 297 22 396 14 0 27 12 6 2 146 15 80 2 1 1 1 0 1 0 0 0 1 2 0 0 4 98 2 23 1 3 5 0 4 46 2 24 4 1 8 1 3 12 96 16 1 20 0 0 2 3 4 2 4 2 1 0 5 5 0 14
1 0 0 0 29 6 0 2 0 0 0 3 3 7068 16978 13485 1264 2320 364 1135 52 47 693 840 29 268 2613 4220 147 28 76 12 21 68 1034 536 231 77 765 438 1137 96 357 9 3 22 228 36 21 9 0 4 10 98 5 2 130 211 221 29 93 52 151 416 713 5 202 177 596 17 25 5 16 147 62 60 5 1 7 1 2 2 16 29 19 26 17 4 20 9 28 21 8 15 38 35 2 5 21 36 0 0 0 1 0 0 0 1 0 0 0 0 481 99 18 188 39 56 154 68 406 623 550 23 33 20 45 14 12 20 1 1 0 7 7 20 176 65 96 213 35 332 15 3 31 19 7 6 154 33 73 0 3 0 0 2 0 0 0 2 0 0 0 0 2 87 12 30 7 11 4 2 8 35 4 27 2 1 15 1 0 4 88 8 3 10 0 1 0 2 2 3 0 3 1 0 5 2 2 17
1 1 1 0 12 4 1 2 1 2 0 5 98 1889 13485 8665 555 2888 2126 1892 15 30 314 1437 37 175 3123 4190 48 8 34 8 113 120 344 37 382 667 992 124 1175 212 470 39 17 64 83 33 58 14 1 1 6 52 4 3 67 99 104 26 164 38 111 415 555 8 116 92 493 24 21 10 63 47 58 55 3 28 4 1 7 0 15 49 34 46 21 19 36 11 53 53 15 29 63 28 1 1 38 30 0 1 0 0 0 0 1 4 0 0 0 0 215 229 144 110 6 80 24 169 100 911 51 8 1 9 24 23 21 124 0 0 1 6 1 9 33 11 55 43 105 56 28 0 19 22 8 19 221 64 9 1 1 0 0 7 0 1 3 1 0 0 2 0 1 19 3 24 1 15 0 0 4 8 3 22 0 1 10 1 6 18 48 2 2 26 0 2 4 0 0 7 2 0 14 1 1 3 0 3
3 0 0 0 18 3 0 0 0 0 0 2 28 938 1264 555 883 851 971 1217 24 22 229 200 14 137 125 35 20 9 33 8 14 38 114 4 544 806 100 260 222 19 98 34 13 82 160 12 5 4 0 4 0 13 1 1 27 77 67 14 92 13 20 71 44 12 27 43 108 6 11 8 6 106 39 30 2 57 9 2 6 3 2 3 4 8 4 8 23 5 53 8 2 10 12 37 0 0 10 20 1 0 0 1 0 0 0 2 0 0 0 0 209 35 6 100 38 16 62 20 173 130 112 18 35 9 22 9 4 13 1 1 0 5 4 21 68 18 94 160 21 186 11 1 11 8 8 4 117 25 71 1 1 0 2 2 0 0 0 0 0 3 0 0 2 58 9 18 0 6 1 1 6 39 1 22 0 1 2 1 5 14 25 13 0 13 1 0 2 2 0 3 2 1 4 0 10 4 1 19
2 1 2 0 15 14 0 0 0 2 2 13 701 401 2320 2888 851 14358 6332 1286 23 47 181 3388 50 132 3425 1390 46 6 36 30 357 86 209 9 487 2658 4116 85 758 307 1522 758 112 914 117 91 49 30 2 7 11 61 4 4 43 79 42 22 3655 60 270 1665 531 207 120 77 947 38 45 91 688 201 106 207 22 56 72 6 14 19 25 49 39 58 20 19 82 30 435 43 15 49 118 50 14 1 36 25 3 2 0 0 0 0 0 22 2 0 2 0 168 855 1225 101 14 265 19 893 172 2258 62 14 13 14 21 130 29 376 7 6 3 15 3 49 19 8 211 157 1151 54 407 2 18 116 293 412 468 973 23 3 13 2 2 13 1 0 1 1 1 3 5 1 6 16 100 308 4 160 8 8 30 33 15 259 4 3 64 9 19 82 133 15 25 90 2 1 10 4 3 21 8 7 39 1 9 4 0 8
2 2 2 1 6 7 0 4 1 1 2 13 5593 179 364 2126 971 6332 47056 6934 15 49 254 1164 34 348 1314 255 10 8 11 8 297 28 189 4 277 4216 203 284 338 69 436 8437 290 1959 93 39 37 55 0 54 6 24 2 3 14 26 16 8 143 46 83 397 95 788 33 37 116 19 25 156 794 4860 57 44 87 2895 177 43 23 82 13 16 28 33 9 70 61 75 372 37 10 20 46 27 20 0 25 12 3 0 0 0 1 1 0 31 0 0 0 0 2130 1407 1089 1016 82 808 215 1624 1284 8846 1131 31 49 98 223 156 105 593 6 2 4 38 14 68 450 109 486 443 800 653 240 8 107 118 82 166 1649 782 95 3 2 2 2 14 4 1 2 15 2 5 3 3 6 230 63 221 9 186 7 5 29 64 20 141 4 8 93 12 42 121 803 18 7 166 3 6 10 3 1 27 19 11 83 3 10 3 3 17
2 0 0 0 10 1 0 0 1 1 0 3 45 533 1135 1892 1217 1286 6934 4665 34 28 392 561 11 347 376 62 8 2 12 4 8 7 220 8 21 62 229 537 395 75 224 47 17 73 141 27 14 10 1 7 3 6 2 2 17 37 25 0 142 14 40 128 67 9 16 18 189 14 13 9 14 129 15 39 2 66 7 3 3 8 6 9 11 18 6 5 24 10 58 23 7 20 38 13 2 1 12 11 0 1 0 0 0 0 0 1 0 0 0 0 670 154 23 317 38 48 115 37 391 498 248 26 23 21 63 27 24 57 1 1 0 10 5 12 201 47 101 191 33 313 15 2 25 22 4 13 256 39 62 1 5 1 0 1 0 0 0 2 1 0 0 0 2 105 11 33 2 1 4 1 4 30 3 26 1 3 12 1 0 13 44 10 4 15 0 1 3 1 2 5 5 0 2 0 2 5 0 9
32 15 24 35 138 223 10 11 22 4 45 359 1 51 52 15 24 23 15 34 4029 3307 2063 174 291 131 35 8 72 44 82 186 432 170 11 3 72 208 6 189 1004 23 131 17 2 8 80 7 14 1 2 5 15 35 3 541 81 107 19 15 21 12 18 41 6 5 31 44 25 9 0 334 200 149 223 18 123 8 141 0 4 0 224 49 2981 345 44 4 9 6 18 20 3 12 26 446 122 11 915 28 5 4 8 6 1 7 2 2 2 4 5 3 19 5 1 5 20 3 20 2 46 7 26 20 40 2 9 4 1 0 5 6 7 71 7 70 2 11 121 128 4 56 1 2 24 2 0 0 33 3 61 1 1 1 0 0 0 0 0 0 2 8 0 3 11 22 1 2 3 1 24 5 25 51 1 16 2 0 5 0 28 65 39 24 1 35 0 0 3 5 11 0 0 7 18 1 28 9 0 33
11 8 9 12 71 139 7 8 19 7 20 226 5 42 47 30 22 47 49 28 3307 15471 3306 773 2731 853 108 11 47 18 66 181 461 172 12 3 58 303 18 1382 729 107 606 15 15 24 235 11 37 12 0 22 22 73 7 98 64 132 16 18 41 39 77 105 23 4 74 66 54 53 17 344 284 309 227 32 120 18 174 0 3 4 318 227 3792 2093 91 11 32 13 52 48 27 37 117 313 113 8 4459 39 0 4 1 2 2 4 1 2 1 2 2 4 19 9 0 9 55 4 25 5 75 19 30 34 62 3 13 5 2 8 5 3 8 60 17 75 10 9 157 234 6 124 7 2 41 5 2 1 46 8 127 3 0 0 0 3 0 1 1 0 3 7 0 3 10 40 6 17 2 4 14 10 45 109 2 24 1 0 15 1 25 80 55 40 3 39 1 3 4 5 9 4 1 11 15 2 35 10 2 32
2 4 0 1 19 25 0 3 3 2 6 52 2 606 693 314 229 181 254 392 2063 3306 12561 8378 1045 6337 178 94 32 7 43 101 391 368 81 19 429 641 104 3398 5942 1322 537 81 10 29 494 20 86 17 5 7 16 56 3 14 32 103 117 44 40 29 29 44 27 11 67 96 54 22 13 167 272 223 143 33 70 11 103 0 12 4 74 126 318 198 44 19 40 22 73 79 23 55 87 105 32 4 269 34 1 2 2 0 0 6 2 2 2 1 1 5 100 22 3 30 42 10 59 11 130 114 105 22 47 11 12 10 3 15 3 3 1 42 15 53 31 17 136 175 11 160 11 8 19 5 4 1 74 11 109 1 2 1 1 1 0 0 1 2 0 1 1 0 8 50 6 16 5 2 12 2 12 67 5 32 2 3 9 7 19 56 53 16 3 39 3 3 5 5 5 4 0 6 8 3 12 5 1 28
13 5 11 4 16 14 4 9 0 12 1 24 74 984 840 1437 200 3388 1164 561 174 773 8378 14171 856 4442 4689 817 146 15 43 21 130 208 1917 85 262 416 1289 5639 3253 3545 3557 85 111 1027 2607 92 313 51 4 31 126 436 26 44 170 214 471 61 2013 147 169 1279 343 58 680 418 946 84 78 55 142 155 101 254 25 17 49 3 35 5 279 571 551 697 150 54 142 53 494 232 62 131 229 74 13 7 479 116 0 0 0 0 1 1 0 4 0 0 0 1 123 72 90 43 26 26 39 186 124 289 130 15 32 8 16 10 3 19 2 1 2 8 3 34 48 10 92 129 170 99 69 0 20 28 66 41 58 281 37 2 5 0 1 11 3 1 2 5 0 2 0 0 4 34 44 67 4 43 3 4 13 22 16 139 0 5 63 6 2 11 47 10 18 11 3 6 13 1 3 17 1 5 3 0 10 4 2 8
38 9 24 16 18 39 14 15 20 19 8 62 3 19 29 37 14 50 34 11 291 2731 1045 856 7160 1455 168 31 77 25 50 68 226 90 10 3 38 196 18 3715 244 81 650 18 6 16 2303 8 18 10 7 24 154 641 26 34 488 82 17 14 36 42 85 233 34 8 1183 198 63 53 12 179 237 459 153 36 181 16 123 3 15 1 505 1160 1268 2802 2003 8 22 16 57 46 30 40 85 84 67 5 4520 3669 2 1 10 5 1 0 1 5 1 2 5 3 31 4 4 8 77 8 35 4 88 23 42 47 66 9 9 1 3 12 4 4 4 79 15 116 12 6 269 346 6 126 8 8 51 10 5 0 68 10 135 0 4 2 0 4 2 0 0 1 7 10 0 1 11 41 4 22 2 0 27 4 41 128 3 41 2 4 10 0 24 78 123 40 4 43 0 1 4 10 12 3 2 7 11 3 59 17 1 35
6 1 2 2 7 8 3 3 0 1 1 7 2 235 268 175 137 132 348 347 131 853 6337 4442 1455 5680 1407 50 10 3 6 10 58 47 720 6 122 235 15 7067 612 68 204 42 3 11 300 2 19 2 2 9 19 53 6 11 15 15 41 5 23 11 9 37 5 3 59 19 16 14 2 22 75 115 20 5 7 4 29 1 4 1 85 140 242 215 25 3 6 9 16 20 8 22 23 28 7 0 199 8 0 0 0 1 0 0 0 0 0 0 0 1 101 16 1 33 13 11 36 4 85 116 105 7 12 5 14 4 1 11 0 3 0 8 1 16 35 9 44 77 2 51 1 1 10 4 1 0 41 3 21 0 0 0 0 1 0 0 0 0 0 0 0 0 1 11 1 6 0 2 2 1 1 13 1 6 1 2 5 0 3 7 36 10 1 3 1 1 0 0 0 1 1 2 4 0 2 3 0 11
12 1 7 3 16 6 4 8 1 3 2 12 22 2313 2613 3123 125 3425 1314 376 35 108 178 4689 168 1407 18313 7153 276 36 48 21 91 207 4343 209 179 218 676 3970 211 46 559 34 8 161 1245 15 10 3 5 8 89 522 13 13 325 468 525 97 187 12 133 874 174 17 1079 620 153 6 10 18 47 125 126 22 9 3 10 0 4 2 172 371 178 441 161 6 19 1 38 24 6 8 51 32 1 2 225 160 0 0 0 0 0 0 0 2 0 0 0 1 210 103 89 79 22 94 56 303 169 827 212 12 13 15 21 12 6 36 1 1 1 9 4 20 59 20 73 113 112 124 17 1 14 15 4 18 102 114 35 0 3 0 1 0 1 0 0 0 1 1 0 0 2 42 15 26 0 11 1 2 5 18 3 14 0 0 2 1 4 7 57 6 3 9 0 1 1 3 0 1 0 3 5 1 4 1 0 7
5 3 5 1 47 11 2 3 0 1 1 9 28 1641 4220 4190 35 1390 255 62 8 11 94 817 31 50 7153 17364 647 97 174 15 62 240 129 120 202 124 4684 64 347 106 289 18 10 189 333 18 8 3 1 5 84 504 9 6 614 806 389 157 198 27 133 1979 1217 40 1371 863 370 14 8 8 30 69 215 25 4 3 5 1 2 1 70 133 53 110 133 5 11 0 15 13 4 8 25 60 2 2 76 184 0 0 0 1 0 0 0 3 0 1 1 0 43 220 259 21 24 71 34 654 101 590 59 10 15 6 10 22 3 66 1 3 1 6 0 20 13 8 105 149 463 75 90 0 8 18 30 73 66 440 30 0 0 0 1 2 0 1 1 1 1 2 0 1 1 15 30 79 3 57 4 2 10 20 5 44 2 1 6 2 1 8 48 7 1 13 1 2 1 2 0 2 3 2 5 0 5 2 0 3
10637 451 552 1245 3800 3203 3576 323 69 223 129 1588 4 317 147 48 20 46 10 8 72 47 32 146 77 10 276 647 42570 19385 3147 341 251 265 135 65 196 127 170 109 187 14 262 5 7 8 212 33 9 5 13 24 695 8529 161 34 5627 127 274 50 56 40 216 276 288 9 8803 280 353 26 31 239 72 140 690 39 96 5 76 1 16 1 504 548 258 129 868 5 16 3 31 49 19 7 42 2186 290 3677 179 1529 20 33 55 57 17 44 8 22 42 29 42 55 6 3 1 2 16 5 7 6 10 6 7 32 37 3 5 3 0 5 27 3 47 216 10 104 2 4 85 94 13 27 5 6 34 5 6 0 16 15 43 0 0 2 0 1 1 2 0 2 10 17 0 20 33 11 5 6 0 1 35 6 34 44 2 16 0 0 4 0 110 88 31 20 1 46 0 2 1 4 20 4 1 32 54 12 27 4 0 13
9814 1054 494 6035 6571 6345 1776 755 259 478 79 1633 1 59 28 8 9 6 8 2 44 18 7 15 25 3 36 97 19385 19492 3967 143 94 67 10 16 56 27 32 16 345 4 30 0 2 3 37 15 27 0 34 68 617 2306 173 85 4485 40 51 7 9 16 30 35 39 1 1189 38 65 12 11 95 15 38 159 10 39 1 30 3 19 1 889 530 389 97 96 11 11 2 6 130 61 16 10 788 232 1420 37 295 44 26 93 70 14 73 14 31 51 46 71 63 2 0 0 0 5 1 4 1 3 3 2 4 14 1 0 1 0 0 14 5 44 220 1 59 1 0 28 20 1 4 2 2 15 1 2 0 3 1 8 0 1 0 0 0 0 2 0 0 6 14 1 16 31 3 1 2 1 0 16 7 28 7 0 5 1 0 3 0 113 37 6 3 1 27 0 1 2 7 11 0 1 34 59 19 8 4 1 5
452 98 25 1456 10205 3334 152 35 15 38 38 833 2 149 76 34 33 36 11 12 82 66 43 43 50 6 48 174 3147 3967 13233 650 491 509 38 36 270 302 90 46 229 9 62 10 3 6 69 43 6 1 5 17 213 1072 55 40 15648 357 137 66 30 20 36 49 130 1 2173 141 176 9 18 178 91 52 1493 39 27 2 59 0 12 1 421 533 397 278 323 5 12 2 10 36 20 4 13 4464 85 274 122 4130 10 4 32 19 3 15 3 9 7 17 21 24 7 2 2 4 4 0 7 5 17 8 7 7 7 0 5 0 0 1 11 1 21 79 6 35 3 2 41 39 9 21 0 3 15 5 5 3 9 3 18 0 0 1 1 0 0 1 0 1 1 4 2 11 14 12 1 2 0 0 8 2 17 14 1 8 0 1 0 0 43 24 15 15 0 20 1 1 3 4 7 0 0 10 26 9 10 2 0 8
31 1 2 10 709 1540 14 9 13 8 19 441 2 22 12 8 8 30 8 4 186 181 101 21 68 10 21 15 341 143 650 1722 1349 1189 3 10 62 272 23 41 221 4 30 5 3 8 103 10 4 0 1 9 38 177 22 24 390 1606 53 119 21 2 13 23 15 1 145 289 64 9 4 461 104 73 2796 12 79 8 98 0 5 0 166 176 358 114 76 3 6 0 9 16 9 1 2 5546 102 34 77 345 14 16 18 12 7 18 2 6 11 12 17 21 3 2 1 1 5 1 7 6 11 6 7 15 18 2 4 1 0 1 16 8 22 153 7 57 4 3 56 51 4 20 4 5 22 1 1 0 16 10 27 0 0 0 0 2 3 3 0 0 6 9 1 7 28 9 0 4 3 0 18 4 47 30 0 10 1 1 3 1 51 77 12 19 2 33 1 0 2 6 8 0 0 30 14 3 23 3 1 14
24 1 6 9 307 594 8 5 41 1 49 2494 30 56 21 113 14 357 297 8 432 461 391 130 226 58 91 62 251 94 491 1349 8063 2627 45 50 111 2525 66 207 328 21 116 41 17 92 469 32 6 3 5 12 45 141 10 36 263 1077 222 454 72 16 40 84 43 11 216 639 117 10 19 3406 1080 318 3704 33 312 69 485 4 10 4 176 165 429 186 201 8 11 9 78 19 7 11 10 2496 389 36 202 399 27 37 56 44 9 31 7 12 22 29 33 43 70 26 10 34 42 9 44 16 104 39 49 66 119 14 27 14 3 19 37 14 54 336 25 240 24 15 315 240 21 181 15 17 102 13 15 3 92 18 161 3 2 4 0 0 6 5 1 2 18 32 0 15 67 58 10 35 6 2 95 20 136 172 2 31 2 2 10 2 182 285 76 82 3 154 1 0 2 17 52 7 7 73 57 7 90 27 4 69
5 0 1 2 180 26 2 0 2 0 3 44 4 394 68 120 38 86 28 7 170 172 368 208 90 47 207 240 265 67 509 1189 2627 6297 801 983 1555 932 98 430 332 20 122 3 4 21 1444 19 2 1 1 2 26 176 9 11 395 2854 2579 5509 40 11 47 136 93 1 425 1763 133 2 13 269 91 123 1542 21 36 18 29 0 3 2 47 61 105 59 167 5 8 0 19 2 1 4 11 454 14 9 60 390 3 6 4 2 3 7 1 5 2 2 6 5 38 7 7 21 27 10 35 14 63 25 46 29 72 3 14 6 1 7 3 3 11 56 12 93 10 7 189 213 14 139 17 1 43 12 5 2 52 14 121 0 2 1 1 1 1 0 0 3 8 3 0 3 17 35 6 19 1 1 22 7 43 129 2 20 0 0 7 0 37 86 38 50 1 64 0 1 2 9 10 2 4 14 14 1 35 10 1 52
1 0 0 0 8 2 2 0 0 0 1 1 1 2369 1034 344 114 209 189 220 11 12 81 1917 10 720 4343 129 135 10 38 3 45 801 2941 2264 569 131 20 1204 46 27 267 4 0 6 604 2 3 0 1 1 16 140 1 3 111 255 2767 269 7 1 20 153 19 0 340 852 29 5 3 7 9 64 46 3 2 0 4 0 2 0 28 73 28 62 26 1 3 1 5 3 2 3 9 19 0 4 23 62 0 0 0 0 0 0 0 1 0 0 0 0 251 44 2 108 21 22 66 15 181 295 240 14 16 6 29 6 9 15 0 0 0 5 2 5 100 28 41 134 3 174 2 0 19 9 0 1 63 7 26 0 0 1 0 0 0 0 0 0 0 1 0 0 1 50 3 12 1 3 1 0 1 7 3 10 0 0 1 0 0 4 24 2 0 3 0 0 0 0 0 1 0 1 1 0 5 2 1 9
0 1 0 0 13 3 0 0 0 1 0 2 0 4105 536 37 4 9 4 8 3 3 19 85 3 6 209 120 65 16 36 10 50 983 2264 1475 350 48 8 199 26 1 35 0 0 0 681 0 0 0 0 0 7 45 0 0 86 646 4457 1388 0 0 9 37 13 1 137 904 15 1 1 5 8 13 52 1 0 0 0 0 0 0 4 8 5 7 18 0 0 0 1 2 0 0 4 7 0 0 5 33 0 0 0 0 0 0 0 0 0 0 0 0 38 5 0 13 10 2 16 0 22 27 37 0 2 1 1 2 0 2 0 0 0 1 2 3 8 3 8 19 0 33 1 0 2 3 0 0 6 1 1 0 0 0 0 0 0 0 0 0 0 0 0 0 0 7 0 3 0 0 0 0 1 4 0 2 1 0 0 0 0 0 3 2 0 2 0 0 0 1 0 0 0 0 0 0 1 0 0 1
6 0 0 1 92 13 1 0 0 0 2 15 7 1128 231 382 544 487 277 21 72 58 429 262 38 122 179 202 196 56 270 62 111 1555 569 350 2615 1027 151 483 443 28 150 15 9 49 757 21 7 4 0 5 14 69 2 4 254 869 1199 576 108 19 61 132 98 3 245 581 181 7 7 30 44 89 335 42 5 21 10 0 5 5 26 25 37 17 43 6 20 4 37 9 5 7 15 220 3 7 13 159 0 0 0 2 0 0 0 0 0 0 0 1 128 43 9 57 59 16 60 16 173 66 91 23 56 9 23 11 4 29 2 2 1 26 6 49 37 17 151 258 23 253 15 2 30 15 6 2 110 14 151 1 1 0 1 0 1 0 0 2 1 2 0 0 8 58 5 21 4 5 9 3 18 96 4 31 1 1 6 0 8 41 38 35 3 45 0 0 3 10 3 12 1 0 11 2 15 12 1 50
12 1 1 1 121 53 3 1 2 4 4 80 401 112 77 667 806 2658 4216 62 208 303 641 416 196 235 218 124 127 27 302 272 2525 932 131 48 1027 8244 221 615 357 67 441 1606 117 1140 771 144 13 28 3 24 22 102 4 12 153 647 279 218 373 68 106 202 120 120 160 449 370 21 60 727 2071 1346 779 150 94 483 152 33 31 56 62 70 169 99 136 43 98 42 484 15 5 15 56 483 34 10 97 257 5 3 2 8 3 6 2 7 4 7 7 5 529 142 58 263 144 86 241 105 733 715 452 105 205 35 112 36 19 70 7 13 13 107 44 188 180 75 565 889 89 762 56 10 124 57 56 25 415 160 431 4 5 1 0 11 4 4 2 5 6 14 1 1 26 236 50 99 6 34 51 18 74 340 13 169 5 3 66 9 61 178 231 117 7 171 4 5 10 33 13 20 8 30 38 4 72 37 8 135
1 0 1 1 54 6 1 1 3 1 0 7 53 293 765 992 100 4116 203 229 6 18 104 1289 18 15 676 4684 170 32 90 23 66 98 20 8 151 221 13361 38 377 227 963 30 22 256 71 128 33 6 1 1 13 97 1 1 147 205 60 26 5625 77 196 1705 3975 58 227 134 4023 20 42 20 57 44 97 346 8 7 16 1 14 6 19 39 26 30 18 16 76 13 240 30 10 26 94 91 6 2 20 63 0 1 0 0 0 0 0 0 1 1 1 0 13 306 461 5 11 50 8 699 61 400 15 7 14 4 6 44 5 52 7 3 2 8 3 25 4 0 88 98 826 15 209 1 5 39 136 168 67 893 22 0 2 1 0 6 1 0 1 4 0 3 0 0 3 11 95 166 4 80 0 5 9 19 15 169 1 6 52 0 2 7 30 9 11 8 0 2 7 4 3 17 6 2 4 0 3 1 0 4
18 1 7 6 25 30 6 7 8 8 2 31 5 450 438 124 260 85 284 537 189 1382 3398 5639 3715 7067 3970 64 109 16 46 41 207 430 1204 199 483 615 38 6711 511 179 899 71 7 24 3311 6 19 7 2 12 101 390 18 30 164 134 368 77 28 31 51 256 18 10 539 326 64 22 9 80 238 327 88 26 42 21 74 1 12 2 361 625 681 972 192 4 28 8 42 47 19 41 58 60 10 3 708 97 2 1 3 0 0 1 0 0 0 2 1 1 281 49 9 118 67 21 125 13 304 257 276 31 60 14 45 17 3 27 3 4 1 28 18 53 106 32 182 308 13 324 5 2 28 16 3 1 147 8 142 0 1 0 0 2 0 0 0 0 1 2 0 1 2 81 8 31 6 1 12 4 17 84 5 22 0 2 9 1 12 28 87 36 2 36 0 3 1 8 4 6 1 4 3 1 23 11 2 33
743 252 542 343 377 756 89 264 42 188 92 794 22 872 1137 1175 222 758 338 395 1004 729 5942 3253 244 612 211 347 187 345 229 221 328 332 46 26 443 357 377 511 6430 3944 1378 71 93 114 211 202 3847 155 123 228 72 122 2138 1699 317 164 153 39 265 231 106 91 76 50 120 213 230 307 251 250 167 154 406 223 137 13 122 10 204 42 2152 229 1132 186 149 407 800 192 490 2838 573 645 867 698 160 32 216 101 24 27 43 34 7 23 6 19 20 39 39 41 60 24 20 27 26 12 24 21 74 74 43 19 49 8 11 8 1 9 22 10 36 183 16 107 11 4 141 148 32 86 15 5 33 29 28 8 46 63 68 7 47 2 0 40 8 3 11 17 6 14 0 8 29 20 21 27 12 7 32 13 68 81 32 87 8 23 89 11 122 132 43 43 28 75 29 35 123 16 22 92 10 35 34 9 29 9 2 24
9 3 5 3 4 7 2 3 0 9 2 10 34 50 96 212 19 307 69 75 23 107 1322 3545 81 68 46 106 14 4 9 4 21 20 27 1 28 67 227 179 3944 5826 3951 55 240 184 139 69 1145 125 3 20 6 28 13 17 13 16 27 3 470 99 61 55 101 63 29 26 427 112 64 10 39 22 7 373 14 2 23 3 46 15 46 62 44 35 8 102 306 174 877 462 129 211 295 8 10 1 37 3 0 0 0 0 0 0 0 2 0 0 0 0 7 11 22 4 2 0 2 16 15 17 8 0 3 2 1 2 0 2 1 2 0 1 0 5 2 1 15 16 23 8 23 0 1 22 85 7 16 114 3 4 6 0 0 31 0 0 1 6 0 1 1 0 0 2 30 26 3 24 4 3 4 5 13 156 3 1 139 11 3 5 4 5 27 10 4 20 28 1 0 50 3 2 1 0 0 0 1 0
16 10 19 11 43 31 16 20 8 12 3 44 141 288 357 470 98 1522 436 224 131 606 537 3557 650 204 559 289 262 30 62 30 116 122 267 35 150 441 963 899 1378 3951 8844 327 1139 939 1283 533 2391 805 10 98 155 586 40 53 286 208 216 40 2849 1264 2880 6866 2336 313 979 368 4047 661 263 57 219 129 91 2468 80 29 86 9 119 39 383 674 604 859 155 204 1184 839 4217 973 419 1436 4995 74 25 7 541 149 1 3 1 0 0 0 0 4 0 0 0 1 48 69 123 28 18 18 43 109 70 129 59 7 8 3 7 11 1 11 3 13 3 14 3 21 16 7 57 101 141 80 132 4 9 161 495 41 69 573 35 18 58 0 2 187 1 1 4 26 3 5 0 1 1 11 181 158 16 93 7 13 13 37 87 803 9 44 694 66 10 23 39 22 187 39 18 112 120 6 1 230 12 3 17 0 6 3 2 18
0 0 0 1 7 15 1 0 6 1 20 19 7064 12 9 39 34 758 8437 47 17 15 81 85 18 42 34 18 5 0 10 5 41 3 4 0 15 1606 30 71 71 55 327 16322 1111 2255 60 83 13 288 8 130 1 6 0 0 5 6 8 0 141 67 104 60 28 922 9 12 91 29 87 722 1636 4115 10 66 1649 4264 4718 138 128 448 9 7 13 9 5 272 186 360 759 7 2 16 65 21 59 3 9 3 2 2 3 1 1 1 0 5 1 0 0 1 292 119 146 151 97 116 133 318 460 1168 378 46 65 9 59 28 11 45 5 3 4 30 11 83 77 33 308 447 143 306 71 3 36 48 105 32 282 302 156 3 8 1 1 21 9 2 6 13 3 4 1 0 6 95 82 69 15 90 12 7 19 109 14 239 3 12 158 22 15 56 351 36 22 60 4 16 13 6 6 37 5 5 9 0 26 12 3 43
2 0 0 0 1 1 0 1 33 3 11 2 3568 4 3 17 13 112 290 17 2 15 10 111 6 3 8 10 7 2 3 3 17 4 0 0 9 117 22 7 93 240 1139 1111 8978 2135 15 246 32 1981 0 50 6 14 2 3 3 4 1 2 120 172 355 71 38 3588 11 9 426 64 146 213 116 148 4 277 977 219 298 82 203 1107 15 13 18 10 4 1036 736 4051 2359 31 12 66 305 5 404 6 7 2 0 1 0 1 0 1 0 8 0 1 2 1 2 18 133 5 5 4 1 91 14 38 5 0 7 3 2 20 0 2 6 12 0 12 3 10 0 2 18 13 98 11 194 3 5 361 1068 34 39 1298 7 18 61 2 4 280 4 1 7 43 0 9 1 2 1 7 492 290 28 426 18 38 11 36 187 2004 13 46 1912 240 7 22 10 35 295 44 22 177 153 5 3 375 30 0 14 0 4 5 1 6
1 1 0 0 4 4 0 0 9 0 3 18 4060 11 22 64 82 914 1959 73 8 24 29 1027 16 11 161 189 8 3 6 8 92 21 6 0 49 1140 256 24 114 184 939 2255 2135 2123 32 34 16 60 1 44 4 18 4 1 20 17 4 0 354 41 76 717 198 1974 36 20 104 19 20 161 660 248 34 49 168 130 239 31 34 99 18 15 15 28 1 63 63 82 1046 14 9 17 80 38 70 0 10 15 1 3 1 2 0 0 0 3 1 2 0 1 13 472 1135 11 7 47 6 838 104 501 15 6 8 8 6 120 4 74 7 21 2 20 1 24 6 1 141 104 1231 25 700 3 6 213 851 525 101 2405 16 9 25 0 1 18 2 2 2 9 0 7 0 0 5 5 428 472 18 562 11 30 25 41 59 970 4 29 264 13 3 16 53 31 38 20 5 9 24 6 1 35 9 7 9 0 5 2 5 5
13 5 3 4 25 27 4 6 7 4 2 26 9 392 228 83 160 117 93 141 80 235 494 2607 2303 300 1245 333 212 37 69 103 469 1444 604 681 757 771 71 3311 211 139 1283 60 15 32 5179 17 19 8 4 9 94 438 12 19 339 1033 1290 587 56 46 177 668 116 8 881 1766 165 35 11 134 350 382 269 30 121 16 112 2 7 1 193 421 275 709 633 6 19 10 46 30 10 35 97 96 28 5 539 204 0 2 5 4 1 3 0 1 0 2 1 2 109 25 6 44 81 28 83 11 212 96 155 57 92 11 28 13 3 8 6 8 5 49 23 109 38 33 273 408 23 272 19 6 52 9 10 2 113 16 190 4 0 1 1 5 1 0 0 2 6 13 0 0 15 74 6 25 3 2 20 9 33 139 3 53 1 2 7 1 14 92 108 57 3 72 2 0 1 11 8 7 2 11 7 1 33 22 4 59
2 4 5 0 25 8 3 3 0 2 0 7 11 15 36 33 12 91 39 27 7 11 20 92 8 2 15 18 33 15 43 10 32 19 2 0 21 144 128 6 202 69 533 83 246 34 17 20619 65 370 0 36 7 32 5 7 34 42 7 4 1085 7720 2650 288 423 80 57 34 6112 718 5943 26 88 11 20 10747 10 5 24 6 396 180 32 26 19 19 4 1819 4112 307 1780 53 19 78 382 41 5 0 9 25 1 1 0 1 0 0 0 4 0 0 0 0 1 7 22 2 1 4 2 18 13 19 1 2 3 3 5 5 1 2 7 14 1 2 0 1 0 0 12 8 22 5 21 0 2 184 256 7 19 182 6 89 344 0 4 402 5 1 13 87 1 5 0 3 1 2 100 195 107 63 7 19 4 13 295 618 41 101 1299 152 6 20 8 13 448 23 62 210 543 4 1 890 90 1 19 0 5 7 1 1
47 18 29 17 11 26 11 26 2 15 2 35 4 8 21 58 5 49 37 14 14 37 86 313 18 19 10 8 9 27 6 4 6 2 3 0 7 13 33 19 3847 1145 2391 13 32 16 19 65 6372 134 12 71 9 26 108 85 5 5 2 1 50 398 111 7 13 15 18 7 61 237 88 5 7 14 8 63 7 1 6 3 64 14 212 86 90 31 8 156 240 94 166 4219 852 1753 3891 15 4 2 21 6 1 1 1 1 0 2 0 0 1 0 4 2 2 0 3 2 1 0 0 2 1 5 3 1 1 0 0 1 0 0 4 0 0 6 0 5 2 0 3 5 0 3 2 1 2 6 18 1 1 12 0 4 18 1 0 18 2 0 4 9 0 1 0 1 2 1 7 6 4 3 1 1 3 2 8 28 2 6 48 5 0 0 4 2 11 2 8 10 28 2 0 31 4 2 0 0 0 0 0 0
2 0 7 1 2 5 0 3 27 5 6 2 142 4 9 14 4 30 55 10 1 12 17 51 10 2 3 3 5 0 1 0 3 1 0 0 4 28 6 7 155 125 805 288 1981 60 8 370 134 5238 38 1034 5 8 6 7 3 1 1 0 44 537 378 13 8 1309 13 3 157 130 150 122 48 189 3 133 762 320 135 1556 497 5679 17 13 10 10 0 2100 1396 7026 894 41 38 96 605 3 280 3 5 0 0 2 0 0 0 0 0 1 0 0 0 0 0 4 10 1 2 4 0 11 6 13 4 0 0 1 2 2 0 0 5 6 1 5 1 1 0 0 14 3 9 5 12 0 4 168 158 8 28 167 8 62 319 1 2 693 22 1 33 115 2 1 1 3 1 1 67 188 89 54 6 20 4 5 320 638 25 96 1555 158 6 17 3 8 518 36 81 747 765 4 2 1100 57 0 16 0 0 6 1 2
70 17 56 17 12 32 29 52 7 33 2 37 2 2 0 1 0 2 0 1 2 0 5 4 7 2 5 1 13 34 5 1 5 1 1 0 0 3 1 2 123 3 10 8 0 1 4 0 12 38 6712 9906 45 47 413 62 11 1 0 1 2 3 1 3 0 40 15 2 2 41 5 9 2 16 20 0 30 6 3 267 108 25 463 79 59 22 13 3 1 1 1 4113 3129 20 3 17 24 8 5 3 0 1 1 2 0 3 0 0 1 4 2 2 0 0 0 0 1 0 0 0 1 0 0 1 2 0 1 0 0 0 0 0 2 5 0 4 0 1 1 1 0 2 0 0 0 0 0 0 0 0 0 1 1 0 0 0 45 9 110 58 0 0 0 0 1 0 0 0 0 1 0 2 2 1 0 0 14 4 0 0 6 8 0 1 0 1 4 1 12 1 1 0 4 2 3 0 1 1 0 0
170 30 98 23 24 59 61 102 49 53 10 86 42 5 4 1 4 7 54 7 5 22 7 31 24 9 8 5 24 68 17 9 12 2 1 0 5 24 1 12 228 20 98 130 50 44 9 36 71 1034 9906 32945 112 73 673 87 16 14 5 1 18 106 62 21 11 864 35 7 55 762 386 60 33 314 50 40 544 91 64 10733 4290 1190 878 169 118 55 24 353 104 37 76 3380 7962 233 144 38 489 24 22 12 7 1 7 1 1 2 1 6 4 2 9 2 0 0 0 2 0 1 1 2 0 1 1 1 4 1 1 1 0 0 1 3 5 26 0 9 1 0 10 3 3 1 0 11 4 12 9 1 6 6 2 66 97 18 1 35 2592 469 5747 2568 11 1 1 1 3 1 7 18 18 20 9 6 8 7 18 19 655 244 54 3 18 12 13 4 15 22 466 52 1398 2 16 95 220 3 18 1 2 1 0 3
1264 185 466 249 351 516 866 853 211 611 90 475 1 25 10 6 0 11 6 3 15 22 16 126 154 19 89 84 695 617 213 38 45 26 16 7 14 22 13 101 72 6 155 1 6 4 94 7 9 5 45 112 13329 11311 11052 21 254 24 31 1 18 9 88 103 27 2 602 130 41 22 14 65 18 62 257 10 59 5 23 2 14 3 2104 1014 91 184 321 8 11 2 15 126 47 7 26 278 314 4067 256 214 13 10 19 25 4 23 3 8 15 21 16 25 0 1 1 0 6 1 5 1 3 3 2 13 15 2 2 0 0 1 10 3 18 93 2 45 0 1 51 19 3 7 0 3 15 1 1 0 3 2 8 1 0 1 0 1 1 0 1 1 3 8 1 8 17 6 1 1 2 1 16 8 27 10 1 7 0 0 2 0 45 50 10 10 2 24 1 0 2 5 6 1 0 21 13 2 12 2 0 7
3419 508 1175 916 1317 1623 2025 1546 150 826 80 1165 3 173 98 52 13 61 24 6 35 73 56 436 641 53 522 504 8529 2306 1072 177 141 176 140 45 69 102 97 390 122 28 586 6 14 18 438 32 26 8 47 73 11311 16489 1809 22 1260 105 184 32 55 59 383 583 198 3 6299 565 262 67 33 123 74 99 701 62 102 4 64 3 32 4 2598 7919 224 533 1657 7 26 3 80 121 70 39 101 1044 200 3408 951 1222 19 19 41 45 20 37 7 23 37 33 45 51 4 3 2 1 15 3 9 3 14 9 4 14 31 3 4 1 0 3 24 3 41 220 11 85 1 4 86 71 10 43 6 4 29 5 6 0 25 10 33 1 1 1 0 2 1 2 1 2 8 19 4 15 32 9 4 6 1 0 29 5 32 42 1 19 0 1 9 2 92 92 18 18 3 35 2 2 1 10 18 3 1 40 52 8 15 9 0 10
447 57 196 72 83 145 280 301 38 195 28 170 1 5 5 4 1 4 2 2 3 7 3 26 26 6 13 9 161 173 55 22 10 9 1 0 2 4 1 18 2138 13 40 0 2 4 12 5 108 6 413 673 11052 1809 13190 439 53 12 2 1 4 8 13 11 4 8 59 27 10 82 46 17 9 18 104 8 20 1 8 14 108 10 4781 238 118 80 72 43 38 11 11 1092 443 66 32 86 75 1580 35 37 7 13 7 11 2 9 3 3 7 7 9 14 0 0 0 0 2 0 1 0 2 0 2 5 3 0 2 0 0 0 5 2 5 50 1 23 0 1 14 9 1 4 0 1 13 1 2 1 3 1 5 1 2 0 0 0 5 1 7 8 1 7 0 5 5 1 2 0 1 0 7 1 8 2 0 0 2 4 3 0 29 23 4 6 0 9 5 2 12 1 4 9 0 10 7 2 6 1 0 5
180 58 128 92 92 176 26 81 7 49 16 164 0 2 2 3 1 4 3 2 541 98 14 44 34 11 13 6 34 85 40 24 36 11 3 0 4 12 1 30 1699 17 53 0 3 1 19 7 85 7 62 87 21 22 439 2387 41 17 2 3 7 11 7 20 3 2 29 11 11 40 33 28 11 20 53 10 15 0 12 0 37 6 3397 72 1206 71 27 29 33 4 17 378 111 42 29 119 28 7 83 25 1 3 8 5 2 3 1 2 2 3 5 6 1 0 0 0 3 0 3 0 3 0 2 2 3 1 1 0 0 1 4 0 4 33 1 19 1 0 15 18 0 6 0 1 5 0 1 0 0 0 7 1 6 0 0 1 1 2 2 1 2 1 0 3 2 2 0 0 0 1 2 3 8 7 0 1 2 1 2 0 10 6 8 4 0 2 4 1 10 4 2 2 2 5 5 0 6 1 0 0
328 46 47 889 6440 2565 101 40 21 35 61 843 5 300 130 67 27 43 14 17 81 64 32 170 488 15 325 614 5627 4485 15648 390 263 395 111 86 254 153 147 164 317 13 286 5 3 20 339 34 5 3 11 16 254 1260 53 41 15040 186 321 55 47 34 208 398 272 2 7266 772 348 12 21 206 72 88 1547 32 49 5 73 1 10 1 494 764 424 1658 2678 7 20 7 21 38 21 16 45 2643 144 210 2837 6418 22 19 53 40 9 26 10 12 19 20 36 33 6 5 4 2 6 3 6 7 16 7 7 11 25 2 5 1 0 1 18 2 37 132 4 60 0 4 103 69 6 18 1 8 27 1 4 0 11 16 27 1 1 2 0 0 0 2 2 1 9 11 0 12 22 10 2 2 1 5 21 3 25 26 1 12 1 0 5 1 65 49 15 18 0 34 0 1 2 2 18 0 0 19 33 9 21 1 1 12
9 0 3 1 160 94 7 2 8 3 2 45 4 604 211 99 77 79 26 37 107 132 103 214 82 15 468 806 127 40 357 1606 1077 2854 255 646 869 647 205 134 164 16 208 6 4 17 1033 42 5 1 1 14 24 105 12 17 186 5537 2626 3269 43 34 121 305 303 3 199 5246 429 9 19 218 147 292 8630 43 125 9 53 0 12 0 91 97 164 66 240 5 13 0 24 13 5 5 26 1578 36 5 67 382 17 12 25 12 6 12 1 15 9 10 11 15 14 8 0 7 38 6 14 15 37 14 16 58 89 6 16 5 0 5 20 13 29 188 16 199 4 9 293 222 13 70 16 19 96 2 8 2 35 20 74 0 0 2 0 1 3 4 0 5 16 31 1 14 33 28 2 13 3 1 37 9 81 85 4 25 2 1 6 1 75 180 66 46 0 74 0 0 1 15 43 3 2 34 21 2 64 16 2 23
5 1 2 0 49 13 1 0 1 1 2 9 1 1761 221 104 67 42 16 25 19 16 117 471 17 41 525 389 274 51 137 53 222 2579 2767 4457 1199 279 60 368 153 27 216 8 1 4 1290 7 2 1 0 5 31 184 2 2 321 2626 4515 2557 21 15 63 211 100 1 564 2406 84 5 0 23 47 60 254 8 7 3 11 1 2 0 24 56 27 60 95 1 1 2 11 8 5 6 13 48 2 3 27 115 1 0 1 0 1 1 0 0 0 0 0 1 32 3 3 14 16 4 28 7 57 34 54 13 10 3 2 4 1 1 0 3 0 6 2 15 18 6 49 89 7 64 3 1 9 3 0 1 22 3 31 0 0 0 0 0 0 0 0 0 0 0 0 1 0 16 1 2 2 0 3 0 4 25 1 4 0 0 1 1 3 6 21 7 1 3 0 0 0 2 1 1 0 0 2 0 8 3 0 9
1 0 0 0 22 3 0 1 1 0 0 4 1 194 29 26 14 22 8 0 15 18 44 61 14 5 97 157 50 7 66 119 454 5509 269 1388 576 218 26 77 39 3 40 0 2 0 587 4 1 0 1 1 1 32 1 3 55 3269 2557 2563 4 3 20 62 28 1 89 1058 44 3 4 12 24 12 288 7 4 0 2 0 0 1 7 13 12 7 27 0 1 0 1 1 0 0 2 39 0 0 11 62 0 0 0 0 0 0 0 1 0 0 0 0 1 0 0 2 6 0 3 2 10 4 4 5 12 0 1 1 0 0 0 2 2 6 1 9 0 0 16 29 0 9 1 0 6 0 0 0 13 2 13 0 1 0 0 0 0 0 0 0 0 0 0 0 1 5 0 0 0 0 4 0 7 9 0 2 0 0 0 0 3 8 4 1 0 8 0 1 0 1 2 0 1 0 1 0 6 1 1 1
2 0 2 0 15 8 1 2 1 0 1 9 98 30 93 164 92 3655 143 142 21 41 40 2013 36 23 187 198 56 9 30 21 72 40 7 0 108 373 5625 28 265 470 2849 141 120 354 56 1085 50 44 2 18 18 55 4 7 47 43 21 4 6242 342 485 1629 435 159 103 46 1967 117 294 46 138 35 46 5423 18 17 28 4 71 9 36 41 46 55 12 80 1029 61 2541 56 28 78 289 39 18 2 34 23 2 1 0 1 0 2 0 2 0 0 0 0 14 224 538 6 2 19 3 200 49 147 5 2 6 5 3 69 5 38 4 16 0 9 3 12 1 0 60 57 555 22 406 1 2 192 748 259 52 1027 17 11 26 1 3 40 2 0 2 6 2 5 0 2 2 5 204 305 20 146 14 27 11 26 56 912 9 13 288 28 1 12 27 21 64 9 6 21 27 5 2 54 7 1 3 0 2 7 1 2
11 1 3 1 10 8 1 2 0 0 0 7 11 13 52 38 13 60 46 14 12 39 29 147 42 11 12 27 40 16 20 2 16 11 1 0 19 68 77 31 231 99 1264 67 172 41 46 7720 398 537 3 106 9 59 8 11 34 34 15 3 342 9886 11123 350 447 59 113 41 3898 5150 3951 10 34 21 20 1288 31 5 21 29 477 686 45 61 62 59 16 1028 1952 323 1118 541 325 3392 4414 20 11 1 36 13 1 1 0 1 0 0 0 3 0 1 0 1 5 4 12 5 5 7 2 17 12 23 8 2 6 2 3 5 1 2 6 2 0 3 1 4 2 0 14 10 15 19 10 2 3 172 110 5 24 120 1 206 663 3 4 353 13 1 64 378 2 3 0 0 1 2 61 169 128 26 11 12 7 4 261 332 135 319 855 77 1 12 13 7 366 31 386 199 1593 3 0 956 163 0 17 1 2 2 1 6
5 0 3 2 14 10 2 3 4 3 3 14 28 84 151 111 20 270 83 40 18 77 29 169 85 9 133 133 216 30 36 13 40 47 20 9 61 106 196 51 106 61 2880 104 355 76 177 2650 111 378 1 62 88 383 13 7 208 121 63 20 485 11123 8942 7001 4973 93 766 254 4558 2539 837 22 51 39 45 1569 19 5 14 3 187 47 117 223 148 272 68 232 1880 409 1501 170 164 1561 2322 20 7 1 116 87 0 0 0 0 0 0 0 8 0 0 1 0 18 12 20 9 4 10 6 39 27 42 24 2 7 4 1 7 0 4 7 6 0 3 2 5 3 3 19 27 26 17 25 1 3 108 233 7 31 200 6 26 55 1 0 148 4 1 2 23 0 5 2 0 0 7 69 102 28 37 5 10 4 10 93 447 10 54 580 77 0 22 6 10 213 32 11 99 135 6 1 268 31 1 12 1 1 5 0 4
16 1 6 8 17 17 4 9 2 7 3 26 86 289 416 415 71 1665 397 128 41 105 44 1279 233 37 874 1979 276 35 49 23 84 136 153 37 132 202 1705 256 91 55 6866 60 71 717 668 288 7 13 3 21 103 583 11 20 398 305 211 62 1629 350 7001 11587 9064 72 1156 486 4135 145 135 30 66 56 93 389 26 12 23 3 43 6 233 476 257 583 144 21 120 26 349 29 16 42 683 46 8 3 290 169 0 0 0 1 0 1 0 0 0 1 0 0 41 107 166 14 15 21 22 339 64 185 39 9 16 2 6 28 5 26 0 3 0 7 2 15 16 3 53 89 279 47 95 2 9 21 70 61 33 474 29 0 2 0 0 10 0 0 2 3 0 0 0 3 2 16 76 57 3 65 1 4 10 18 11 133 3 4 55 3 9 11 21 11 12 10 1 7 4 2 1 10 1 6 4 0 2 1 3 5
4 1 6 2 65 11 6 3 2 0 0 4 69 297 713 555 44 531 95 67 6 23 27 343 34 5 174 1217 288 39 130 15 43 93 19 13 98 120 3975 18 76 101 2336 28 38 198 116 423 13 8 0 11 27 198 4 3 272 303 100 28 435 447 4973 9064 7862 38 452 271 8506 132 184 10 47 31 112 425 4 1 12 0 52 9 49 99 55 90 40 23 98 15 133 17 5 44 356 109 8 1 51 94 0 0 0 0 1 0 0 0 0 0 0 0 12 96 151 7 14 12 10 227 37 143 27 3 7 3 3 36 0 12 1 1 0 6 5 11 9 0 31 47 257 32 109 1 4 45 101 63 34 449 13 1 9 0 0 9 1 1 2 1 1 0 0 0 0 8 99 80 2 55 1 4 5 22 8 180 2 5 68 12 1 6 9 10 7 5 0 6 9 2 1 12 0 1 0 0 3 4 1 7
0 0 1 0 2 1 1 5 34 0 6 2 2978 6 5 8 12 207 788 9 5 4 11 58 8 3 17 40 9 1 1 1 11 1 0 1 3 120 58 10 50 63 313 922 3588 1974 8 80 15 1309 40 864 2 3 8 2 2 3 1 1 159 59 93 72 38 1860 8 4 168 34 82 192 115 741 9 180 1153 866 217 874 326 1319 11 3 10 3 1 657 268 694 1742 23 15 20 90 3 409 6 5 1 0 1 0 0 0 0 0 1 0 1 1 0 2 21 92 2 0 4 1 71 8 66 3 1 2 0 1 8 1 4 1 3 0 6 0 1 1 1 16 4 52 2 44 0 1 45 204 35 16 287 1 13 17 0 0 53 19 0 39 37 0 2 0 1 0 2 51 63 8 571 0 3 4 4 29 220 12 21 254 16 1 9 6 9 36 4 9 39 59 1 1 58 9 0 5 0 0 1 2 0
381 218 299 323 744 579 52 119 18 94 47 457 4 467 202 116 27 120 33 16 31 74 67 680 1183 59 1079 1371 8803 1189 2173 145 216 425 340 137 245 160 227 539 120 29 979 9 11 36 881 57 18 13 15 35 602 6299 59 29 7266 199 564 89 103 113 766 1156 452 8 17747 1418 580 67 41 97 109 132 1865 81 92 7 59 0 22 3 912 6277 603 2306 4747 23 37 15 89 80 30 44 176 804 89 32 3057 5072 16 8 33 30 5 15 1 11 16 15 30 23 1 5 10 6 17 7 12 12 28 23 7 27 29 4 6 6 1 1 12 2 22 120 6 89 6 5 90 106 8 40 11 8 35 4 12 0 23 27 41 0 0 0 0 4 0 2 2 2 4 14 0 5 19 13 8 23 3 3 26 11 33 51 0 19 2 1 9 1 63 54 36 27 0 32 4 2 3 6 13 5 0 18 17 0 31 5 1 23
17 4 11 6 49 33 5 5 14 10 6 46 5 629 177 92 43 77 37 18 44 66 96 418 198 19 620 863 280 38 141 289 639 1763 852 904 581 449 134 326 213 26 368 12 9 20 1766 34 7 3 2 7 130 565 27 11 772 5246 2406 1058 46 41 254 486 271 4 1418 5296 309 20 20 269 289 595 2191 45 318 17 141 0 8 1 239 471 177 802 2681 7 16 7 32 22 12 13 42 118 103 6 638 559 6 8 10 8 4 5 0 3 3 2 6 6 15 12 3 13 65 15 27 7 82 20 36 90 127 18 20 8 0 11 10 7 17 163 28 248 13 18 477 433 18 136 17 9 128 9 8 3 83 22 146 2 4 4 0 2 0 4 1 2 19 10 0 5 35 47 11 10 5 7 41 8 120 192 6 34 1 1 8 1 48 200 142 73 2 131 0 2 7 14 28 4 2 30 32 4 73 21 0 53
9 1 2 2 89 17 2 5 2 3 2 18 45 226 596 493 108 947 116 189 25 54 54 946 63 16 153 370 353 65 176 64 117 133 29 15 181 370 4023 64 230 427 4047 91 426 104 165 6112 61 157 2 55 41 262 10 11 348 429 84 44 1967 3898 4558 4135 8506 168 580 309 6653 750 1868 38 116 28 172 4462 25 7 42 2 333 18 90 167 93 151 57 222 1451 226 1608 59 35 163 607 213 7 4 82 123 0 0 0 1 1 0 0 6 1 0 0 1 15 51 108 12 9 5 22 97 58 101 13 10 13 2 11 16 1 12 11 12 1 6 4 18 8 5 41 59 149 38 153 2 4 187 588 51 36 592 30 17 49 0 1 142 3 1 3 19 0 1 1 2 2 9 193 173 16 102 11 14 10 42 95 944 7 30 653 73 6 15 16 24 151 34 13 80 85 10 2 170 18 1 13 1 6 6 1 11
36 7 28 14 10 23 15 22 7 21 1 23 11 9 17 24 6 38 19 14 9 53 22 84 53 14 6 14 26 12 9 9 10 2 5 1 7 21 20 22 307 112 661 29 64 19 35 718 237 130 41 762 22 67 82 40 12 9 5 3 117 5150 2539 145 132 34 67 20 750 8614 919 5 21 11 12 289 14 3 8 123 753 588 186 99 72 78 14 226 331 97 320 476 3488 2900 1631 15 12 4 40 6 0 0 0 1 0 3 0 2 0 0 0 0 4 1 7 1 0 0 1 6 0 6 1 0 3 3 2 2 0 1 2 1 1 7 0 5 3 0 4 4 5 8 6 0 0 59 43 1 7 38 5 155 375 1 4 105 30 5 136 379 0 0 0 0 2 1 25 60 69 13 5 5 2 4 91 95 153 239 188 17 1 9 1 1 56 7 405 96 1223 1 0 368 117 1 6 1 2 1 1 3
