36847 11265 17897 6927 1468 6308 10858 11468 85 3858 110 2403 0 0 1 3 1 1 2 1 130 83 6 5 38 2 9 5 8903 6575 356 320 290 7 1 0 2 6 5 8 1398 4 4 0 2 5 2 6 4 7 193 169 376 833 288 307 244 18 3 0 6 8 3 12 17 3 1089 14 16 23 14 190 16 23 66 10 52 1 26 6 119 4 1199 758 1567 275 47 28 10 1 11 204 135 18 7 248 254 1640 126 60 76 7 217 82 4 142 16 34 67 81 101 113 0 0 0 0 0 1 2 0 7 2 0 4 8 0 0 0 0 0 16 1 37 81 0 26 0 1 16 5 0 1 0 5 13 0 1 1 4 3 1 0 0 0 0 2 8 1 3 2 8 13 2 15 3 0 1 0 0 1 19 7 3 0 0 0 3 0 2 2 104 32 10 2 0 64 3 0 5 10 16 2 1 7 102 12 7 0 0 1
11265 23307 3532 15874 345 3224 45 61 40 306 135 915 0 0 0 0 0 1 2 0 142 124 11 2 44 2 2 3 498 1383 88 24 98 1 0 0 0 6 3 5 812 2 2 1 0 1 8 1 2 0 57 52 39 66 50 117 161 8 0 2 2 4 1 8 14 2 594 7 4 6 1 157 9 37 29 4 60 3 24 3 47 1 315 253 976 317 35 6 4 0 6 55 52 9 3 45 336 44 166 21 133 13 439 171 9 335 28 64 145 124 273 297 0 0 0 0 0 0 1 1 4 0 0 0 5 1 0 0 0 1 30 3 66 158 1 51 1 0 15 10 1 5 1 10 20 0 1 0 1 7 2 2 1 1 0 2 1 4 3 2 20 20 2 44 21 0 0 0 0 1 49 18 3 1 1 0 2 0 1 0 221 26 10 5 0 126 2 0 1 3 27 2 0 18 292 24 12 2 4 3
17897 3532 13877 9146 112 9015 276 4354 126 4247 269 17008 1 0 2 1 0 0 1 0 104 126 8 1 35 1 7 4 903 675 101 42 78 2 0 0 0 1 3 6 784 5 6 1 1 2 3 2 6 0 96 77 90 158 106 159 126 11 0 1 3 2 1 4 6 1 643 9 5 12 4 128 7 28 54 3 82 0 35 3 70 2 495 389 950 240 39 13 5 1 3 88 75 10 6 70 600 155 153 23 233 15 682 263 9 515 54 118 226 273 437 464 0 0 0 0 0 2 1 1 5 2 0 5 11 0 4 0 0 0 43 3 77 186 0 36 0 0 17 4 0 3 1 7 17 0 2 1 5 2 2 0 1 2 0 4 2 7 3 2 27 37 13 56 14 1 0 0 0 1 50 20 3 1 1 2 3 0 4 0 348 41 20 2 0 150 5 0 3 6 27 0 0 10 433 34 8 2 0 0
6927 15874 9146 20050 5908 7181 46 31 6 47 32 570 0 0 0 0 0 0 0 0 51 61 0 0 14 0 1 0 303 8910 463 58 51 3 0 0 0 3 2 2 271 0 0 1 0 0 1 1 2 0 13 9 12 13 10 32 92 4 1 0 1 0 2 0 4 0 185 2 2 2 0 49 4 12 18 3 22 0 8 0 12 0 69 74 295 133 4 2 1 0 0 18 11 0 0 41 128 18 84 8 29 1 97 42 0 88 3 8 27 29 71 70 0 0 0 0 0 0 1 0 3 0 0 0 0 0 0 1 0 0 10 2 25 44 1 16 0 0 6 2 0 0 0 2 5 0 2 0 2 1 1 0 0 1 0 1 1 3 0 0 5 10 0 14 3 0 1 0 0 0 17 4 0 0 1 0 1 0 0 0 71 11 3 0 0 41 1 0 1 0 10 1 0 3 67 7 8 2 0 0
1468 345 112 5908 9979 9237 117 51 10 65 110 2254 1 2 0 4 1 8 1 1 102 209 30 11 32 0 11 36 1796 10221 10059 2170 1061 16 0 0 5 7 28 7 410 9 20 0 0 9 9 16 3 0 26 12 38 77 30 50 1700 71 1 1 24 12 15 15 43 0 508 15 73 5 17 292 47 19 255 32 43 1 45 0 15 1 177 160 417 200 54 5 6 3 12 17 22 2 11 1555 97 66 166 150 16 2 39 16 4 38 1 6 5 7 27 51 0 0 0 1 0 0 1 1 3 7 2 1 6 0 0 0 0 0 8 3 26 42 0 29 0 0 19 8 0 1 2 2 12 0 3 0 5 4 2 0 1 2 0 0 2 1 0 2 8 8 0 10 5 0 0 1 0 1 17 8 3 1 2 2 1 1 4 1 70 33 4 2 1 59 1 0 1 3 14 6 2 3 52 1 9 1 0 1
6308 3224 9015 7181 9237 17186 202 180 49 649 358 19002 0 0 2 2 1 2 2 3 162 313 24 7 80 1 6 19 1553 8456 6706 5606 1526 11 0 1 3 9 13 4 727 3 12 0 0 6 6 4 0 3 24 16 44 75 28 74 409 68 0 1 23 15 9 5 28 1 668 12 40 5 12 394 33 59 102 12 132 0 56 1 17 0 229 279 761 406 42 3 1 0 11 23 19 5 6 770 582 118 343 41 75 14 293 114 5 235 16 28 109 93 185 232 0 0 1 0 1 0 2 2 13 3 3 7 17 0 0 0 0 2 48 2 74 176 0 57 0 0 18 8 0 7 1 6 22 0 0 0 7 5 3 1 2 0 0 2 2 8 2 1 24 29 3 41 15 0 1 1 1 1 67 30 6 6 0 2 3 0 9 2 231 70 10 1 1 155 2 1 1 5 32 3 1 17 268 26 19 1 3 0
10858 45 276 46 117 202 7272 8701 1088 2573 187 575 2 0 0 1 0 0 0 0 3 20 3 1 5 0 1 3 4132 596 102 91 93 4 0 0 0 1 1 0 66 2 3 1 6 0 2 0 0 11 32 33 584 889 172 42 51 3 0 0 5 2 2 4 3 7 98 0 6 7 2 120 7 32 7 1 170 11 24 1 17 5 277 128 102 15 8 7 2 1 2 19 28 1 0 63 697 5046 13 5 19 2 54 25 0 45 10 13 27 24 36 33 0 1 0 0 0 2 1 0 3 2 1 2 1 0 0 0 0 0 2 1 8 14 0 6 0 0 2 3 0 1 0 1 0 1 0 0 0 2 0 0 0 0 0 2 0 0 3 3 1 2 1 3 2 0 1 0 1 0 2 1 0 0 0 0 0 0 2 1 41 10 7 1 1 20 0 0 1 0 6 2 0 2 30 4 3 1 1 0
11468 61 4354 31 51 180 8701 21295 1073 17422 574 1015 0 0 0 0 0 0 1 0 13 12 1 1 4 1 1 2 1553 583 46 40 62 1 0 0 0 2 3 2 325 1 2 2 14 0 2 2 0 4 66 65 314 627 171 122 33 3 0 0 1 1 0 1 9 4 295 1 1 7 1 105 9 27 9 2 122 5 13 7 33 2 582 300 260 37 9 8 3 1 2 58 39 7 2 51 681 1073 11 8 46 0 138 53 1 72 12 24 54 70 82 69 0 0 0 0 0 0 1 0 1 1 0 0 3 0 0 0 0 0 5 1 7 25 0 9 0 0 5 4 0 0 0 2 6 0 0 0 0 0 1 0 0 0 0 0 1 0 2 2 4 3 1 4 1 0 0 0 0 0 3 4 0 1 0 1 0 0 1 0 33 15 12 0 0 30 2 0 2 2 3 2 0 0 59 9 8 0 0 0
85 40 126 6 10 49 1088 1073 1784 843 120 340 7 0 0 0 0 0 2 1 7 14 1 0 4 0 0 0 63 27 8 21 84 0 0 0 0 5 0 1 9 0 1 4 115 7 0 0 0 108 2 47 231 20 33 2 20 0 0 0 0 0 0 0 2 63 23 0 0 0 1 262 26 347 2 0 865 58 143 36 15 61 24 7 16 4 0 39 8 24 12 2 4 0 0 15 3334 2065 4 3 9 3 23 8 2 17 3 7 12 9 17 20 1 1 4 3 0 4 0 2 17 36 11 7 16 0 2 0 0 1 4 0 4 32 0 26 1 1 26 21 2 2 2 2 11 1 1 0 24 17 1 0 3 2 0 3 5 1 4 3 8 4 0 3 1 0 2 1 1 2 12 4 1 2 1 3 2 1 8 1 50 57 61 2 2 97 1 2 4 5 9 8 0 2 44 4 11 3 0 0
3858 306 4247 47 65 649 2573 17422 843 30258 14029 32748 0 0 0 0 0 0 0 0 40 28 3 2 8 2 1 5 895 275 54 92 166 1 2 0 0 2 2 2 351 0 0 0 9 0 2 1 1 13 78 74 261 371 142 109 68 5 0 0 3 2 1 1 9 3 374 8 4 11 3 686 7 61 28 0 357 5 66 3 31 8 504 274 338 66 11 7 5 1 3 57 52 9 2 48 3634 786 27 18 299 12 785 298 8 520 86 127 279 372 487 457 0 0 0 0 0 0 0 2 5 1 2 1 12 1 2 0 0 0 35 5 75 135 0 43 1 0 17 8 0 1 0 8 15 0 0 0 4 3 1 0 2 1 0 3 7 2 1 3 17 27 7 35 7 0 0 0 0 0 51 17 3 2 1 0 0 1 6 0 237 30 24 1 0 134 7 1 2 5 20 0 1 10 337 61 15 5 0 0
110 135 269 32 110 358 187 574 120 14029 7807 8251 1 0 0 0 1 0 1 0 7 19 4 1 11 0 0 1 128 189 79 39 115 0 0 0 1 0 1 0 42 0 0 0 0 1 0 1 0 0 2 5 19 22 3 8 32 3 0 0 2 1 0 1 3 1 51 1 1 0 2 836 1 23 2 1 129 1 36 0 3 1 33 17 48 20 2 1 0 0 2 6 2 1 0 31 1754 88 19 2 120 5 287 121 7 218 13 44 107 129 192 197 0 0 0 0 0 0 0 0 2 1 0 1 5 0 2 0 1 0 33 0 49 109 0 19 0 1 4 6 0 2 0 4 9 0 1 0 3 2 2 0 1 0 0 0 0 2 0 0 12 13 2 27 14 1 0 0 1 1 35 17 0 1 1 2 1 1 3 0 163 22 9 2 0 77 1 0 5 4 19 2 0 8 221 16 11 1 0 2
2403 915 17008 570 2254 19002 575 1015 340 32748 8251 32121 3 0 2 11 1 7 2 1 195 394 34 4 84 4 4 11 1615 4133 2333 891 5598 23 2 0 5 17 23 9 809 3 21 4 6 15 10 15 0 4 31 36 103 128 61 96 472 20 2 0 28 17 15 14 35 3 898 20 38 14 16 2106 61 126 92 35 452 9 163 3 33 3 321 283 787 386 62 7 4 2 22 36 39 4 13 489 3295 312 330 46 412 50 1309 513 24 1006 76 157 396 422 798 925 1 2 2 2 1 1 3 2 18 8 1 23 38 2 7 0 0 2 133 15 219 584 1 177 0 1 65 30 2 12 4 30 70 2 5 1 21 22 7 3 4 10 1 6 8 20 1 2 85 89 12 166 56 3 2 1 3 7 165 70 11 2 4 6 5 5 20 0 777 147 35 15 3 493 3 0 13 23 107 4 7 44 915 67 61 13 1 2
0 0 1 0 1 0 2 0 7 0 1 3 4770 1 0 8 10 37 2789 66 0 0 0 3 2 0 14 8 5 0 2 0 8 0 0 0 4 185 16 2 7 3 10 4789 4373 5426 1 8 1 274 4 43 1 0 0 0 1 2 0 0 37 3 3 11 33 3151 2 0 12 4 7 217 296 1041 2 6 790 314 886 31 19 74 3 0 0 0 3 88 71 141 160 4 1 1 13 2 50 9 0 0 0 5 1 0 3 0 0 2 0 0 0 0 3 14 485 9 1 26 6 347 34 244 17 0 3 0 1 9 1 38 5 3 1 5 1 10 0 0 24 22 159 3 140 6 7 26 261 147 33 2576 0 15 29 0 0 52 7 3 5 11 0 0 0 0 10 1 108 52 23 353 1 2 10 0 53 152 1 5 1019 98 6 8 134 1 27 12 9 18 47 2 1 127 27 2 2 0 2 0 1 0
0 0 0 0 2 0 0 0 0 0 0 0 1 7931 6967 276 60 135 33 32 2 10 129 82 7 32 1836 569 7 2 7 6 26 230 1747 4818 1425 22 162 256 253 14 76 1 0 14 156 16 6 1 1 1 1 0 0 0 13 102 3647 585 43 26 36 104 138 0 9 301 123 12 11 2 10 2 84 32 1 0 2 0 3 0 4 0 3 1 6 5 12 4 30 6 4 9 41 11 0 0 4 9 0 0 0 0 0 0 0 0 0 0 0 0 14 7 21 9 2 18 7 37 33 212 15 0 1 1 1 2 3 24 2 0 0 1 1 3 8 1 4 12 4 5 2 0 1 3 1 1 17 23 0 0 1 0 0 3 0 0 0 1 0 0 0 0 1 1 0 1 1 2 0 0 0 2 2 2 0 0 4 1 0 1 5 0 0 3 1 1 3 0 1 3 1 1 0 0 1 1 0 0
1 0 2 0 0 2 0 0 0 0 0 2 0 6967 18858 7048 766 2256 94 1474 17 27 529 74 21 36 2253 3120 8 3 6 10 26 201 428 3645 1687 63 849 118 889 57 197 3 3 49 44 66 27 1 1 0 0 0 1 0 4 51 771 184 223 95 99 99 438 0 13 54 485 49 43 4 16 7 57 148 1 1 1 0 26 0 1 1 6 4 5 18 61 13 155 38 20 35 160 16 0 0 5 4 0 1 0 0 0 0 0 1 0 0 0 0 41 47 31 31 7 69 18 57 71 392 49 4 4 4 12 5 7 36 0 0 0 1 3 9 30 13 11 30 25 37 6 0 3 9 8 4 49 73 4 1 7 0 0 1 1 0 1 1 0 0 1 0 3 7 2 5 6 3 0 0 1 0 2 8 0 2 31 4 1 9 24 1 4 16 4 0 10 2 0 6 3 1 2 0 0 0 0 1
3 0 1 0 4 2 1 0 0 0 0 11 8 276 7048 10523 188 4702 1240 2263 5 19 288 102 29 80 524 2550 19 13 18 73 251 424 44 234 1049 380 1069 136 629 114 140 20 10 213 40 80 17 2 1 3 0 2 1 1 34 316 26 45 343 88 103 60 345 5 23 69 253 43 44 40 114 14 342 136 2 0 36 2 31 1 2 2 6 13 7 22 72 17 125 66 13 48 115 137 0 1 16 7 1 2 0 0 4 1 0 1 0 0 0 1 47 196 558 38 5 221 12 571 95 1165 29 3 2 1 3 25 8 257 6 3 5 6 0 29 20 5 31 44 453 14 241 2 13 19 32 248 109 1113 4 6 15 0 1 10 1 0 4 4 1 0 0 1 7 4 33 47 11 43 5 1 3 4 16 108 0 5 122 11 7 12 54 3 12 18 4 6 27 2 1 26 15 3 2 0 1 1 0 0
1 0 0 0 1 1 0 0 0 0 1 1 10 60 766 188 3793 185 2886 1421 21 66 278 12 20 5 21 202 2 2 3 3 22 40 6 302 2883 324 107 21 218 2 16 19 13 169 14 5 2 1 0 1 0 0 0 2 4 2 10 7 176 6 5 4 20 4 6 2 36 7 2 8 28 58 5 19 0 4 3 1 1 4 1 1 5 0 5 4 5 5 31 0 0 2 12 6 0 0 2 1 1 3 0 0 0 1 0 9 0 0 0 0 124 86 48 112 21 56 58 24 297 553 150 41 25 11 62 11 32 57 1 2 4 8 17 29 80 47 53 111 14 175 16 0 19 16 7 4 213 35 22 4 0 2 0 1 0 0 0 0 1 0 0 0 5 22 11 13 9 3 3 4 5 9 9 17 0 1 20 5 8 38 82 1 2 103 0 0 5 2 0 3 7 1 9 1 4 3 2 2
1 1 0 0 8 2 0 0 0 0 0 7 37 135 2256 4702 185 13290 1206 721 5 38 446 461 70 139 2141 1073 16 8 17 50 170 244 86 106 668 514 5100 293 965 298 195 59 22 4184 156 167 29 6 0 7 0 1 1 0 28 198 32 25 4234 133 70 133 474 21 41 50 491 45 110 35 109 32 187 584 8 0 31 6 36 3 4 12 5 22 36 47 64 30 180 81 20 62 84 87 1 0 39 19 0 7 0 0 2 1 0 5 0 0 1 0 19 198 1402 43 2 160 16 759 99 678 36 3 5 2 5 61 2 335 11 6 3 21 9 66 8 6 64 117 934 11 1102 4 31 85 239 548 120 2932 6 19 44 2 2 43 2 0 1 15 1 0 0 0 15 5 166 209 58 234 5 5 29 10 43 422 4 14 532 56 4 26 60 5 35 38 33 12 71 3 3 125 41 5 5 1 4 2 2 1
2 2 1 0 1 2 0 1 2 0 1 2 2789 33 94 1240 2886 1206 46160 10336 13 60 130 82 33 60 329 95 5 1 1 1 36 13 34 4 497 3137 60 127 184 53 67 10234 1059 3881 33 28 6 182 19 71 0 0 1 0 7 4 11 0 578 18 6 21 39 726 12 14 31 12 26 89 221 4000 10 95 97 755 207 69 33 109 1 2 6 6 11 133 116 135 639 7 4 12 35 5 6 2 8 0 0 12 0 0 2 2 0 16 0 0 0 6 672 967 3826 472 75 1768 156 4572 1236 12498 760 52 34 33 122 189 135 1411 18 12 9 52 39 168 325 123 292 493 1818 357 1170 8 88 149 278 1290 1370 7060 43 45 93 7 6 96 10 1 20 28 0 1 0 6 42 57 149 267 77 469 10 10 34 26 95 397 14 23 895 69 26 121 1199 16 62 262 50 37 105 4 1 208 100 17 28 3 12 12 0 6
1 0 0 0 1 3 0 0 1 0 0 1 66 32 1474 2263 1421 721 10336 2473 17 48 306 36 12 22 51 101 3 2 3 4 31 42 9 98 939 674 74 59 365 14 65 153 27 472 15 17 6 9 0 2 0 0 0 0 4 9 2 4 687 25 32 25 36 13 11 4 42 13 10 11 31 106 10 72 3 28 8 3 11 4 1 2 4 3 5 14 31 10 116 13 7 10 56 5 2 1 6 4 2 1 0 0 1 2 0 12 0 1 0 0 392 288 235 268 57 217 79 271 371 2032 206 31 22 15 94 58 58 320 2 4 1 5 23 44 190 76 62 142 82 260 41 1 19 42 14 46 390 281 30 17 13 3 5 6 3 1 3 3 1 0 0 1 7 29 16 30 17 11 8 1 10 11 12 24 3 4 51 4 5 12 117 7 6 108 8 6 11 3 2 20 24 3 10 1 7 1 1 2
130 142 104 51 102 162 3 13 7 40 7 195 0 2 17 5 21 5 13 17 5468 3567 2180 11 320 144 14 3 72 98 165 61 237 60 4 1 38 104 9 165 1134 5 28 12 2 7 83 5 1 0 5 2 1 3 4 1672 91 66 18 3 16 3 14 19 32 0 76 103 15 4 5 127 145 33 318 5 36 1 73 1 7 1 406 28 4553 237 185 0 5 1 13 6 4 1 10 342 21 6 359 53 0 1 2 0 0 3 0 2 0 0 0 1 2 1 0 5 0 2 7 1 25 25 15 5 6 1 3 0 0 1 6 0 3 13 1 22 0 1 39 44 0 14 0 1 8 1 0 0 28 1 1 0 1 0 0 1 0 0 0 0 1 1 0 0 3 1 0 1 0 1 8 0 3 5 1 2 1 1 3 1 20 38 24 2 0 42 3 1 2 0 4 1 1 2 4 0 4 4 0 1
83 124 126 61 209 313 20 12 14 28 19 394 0 10 27 19 66 38 60 48 3567 25269 8898 183 6375 3433 115 34 184 188 327 230 989 193 17 11 131 420 35 2382 1471 155 558 82 3 62 382 52 52 5 6 4 11 9 11 93 258 242 46 18 156 121 141 267 190 2 498 433 177 77 39 558 635 125 1297 151 147 4 402 2 26 6 109 166 2710 1540 917 26 81 27 179 50 37 66 342 1264 82 12 3904 192 2 2 3 2 1 6 0 4 1 1 0 9 7 9 6 13 8 23 53 7 259 134 120 28 31 3 19 5 3 4 9 2 7 43 4 95 16 9 155 237 9 65 4 4 24 7 3 1 149 12 20 6 2 3 1 4 2 1 0 4 5 6 0 4 7 4 8 5 3 1 19 5 9 8 15 9 0 5 27 7 45 134 183 8 3 151 3 0 14 11 12 16 7 8 24 0 20 2 0 5
6 11 8 0 30 24 3 1 1 3 4 34 0 129 529 288 278 446 130 306 2180 8898 21572 5232 3039 9203 559 64 66 22 46 49 385 207 128 42 233 553 62 4561 8575 1520 409 59 5 81 732 51 80 3 0 1 4 4 4 19 104 59 53 18 206 44 35 112 61 1 381 136 65 52 21 169 369 36 189 67 44 2 141 1 14 0 34 40 392 231 516 23 81 23 136 51 18 71 187 166 21 3 434 51 2 0 0 0 1 0 0 1 0 1 1 0 5 4 3 6 2 9 10 5 59 55 31 4 8 1 2 0 2 1 2 0 1 2 3 17 2 1 33 31 6 10 2 0 6 2 1 0 35 9 2 0 0 0 0 3 0 0 0 2 1 1 0 0 1 0 1 0 1 1 2 0 1 1 3 12 1 4 10 2 8 25 39 1 1 39 5 2 12 0 1 7 2 2 9 0 2 1 0 2
5 2 1 0 11 7 1 1 0 2 1 4 3 82 74 102 12 461 82 36 11 183 5232 10080 434 5148 3354 45 34 5 5 20 60 39 329 110 78 63 126 5614 2013 8265 2467 33 28 726 779 155 305 8 7 1 0 3 3 1 70 44 104 13 1432 116 177 338 301 6 149 95 557 118 64 26 38 2 82 709 2 0 30 0 40 0 15 17 29 66 150 45 172 60 1480 157 50 206 383 59 1 0 81 26 0 1 0 0 0 0 0 0 0 0 0 0 0 1 5 0 1 1 0 7 3 7 4 0 1 0 0 0 2 0 0 1 1 1 0 6 0 0 3 3 1 3 6 1 0 9 5 1 3 50 0 3 10 0 0 16 1 0 1 3 0 0 0 0 0 0 11 4 7 4 1 1 0 0 38 13 0 4 84 32 3 2 3 0 25 3 5 9 20 0 0 50 11 0 1 0 0 1 0 0
38 44 35 14 32 80 5 4 4 8 11 84 2 7 21 29 20 70 33 12 320 6375 3039 434 15932 2824 266 32 156 33 100 48 386 136 13 0 26 216 23 5344 1030 162 481 28 6 73 1520 36 27 0 13 11 26 18 22 61 264 73 8 7 164 103 164 503 360 0 2119 120 171 54 32 279 379 64 280 113 116 3 249 0 24 4 184 389 1213 2187 4341 12 34 16 126 24 25 47 265 236 21 3 5030 504 1 0 1 1 0 1 0 0 0 0 1 2 2 2 3 5 3 12 22 3 129 44 49 15 14 1 11 0 3 4 1 1 5 12 1 38 9 4 89 129 6 22 2 0 13 5 0 1 77 21 9 3 3 0 0 0 0 1 0 5 0 0 1 0 1 3 2 2 3 1 9 1 1 1 3 12 0 1 21 7 12 68 80 3 2 47 2 0 7 1 2 9 4 3 9 0 9 1 0 1
2 2 1 0 0 1 0 1 0 2 0 4 0 32 36 80 5 139 60 22 144 3433 9203 5148 2824 4728 1218 23 8 1 10 5 35 26 138 29 21 56 7 4826 1199 371 368 7 1 56 239 37 32 0 0 0 1 0 0 5 23 14 26 5 95 41 56 174 47 2 123 43 42 28 13 12 42 10 17 48 3 1 21 0 14 0 15 18 72 89 65 6 34 6 91 30 21 43 157 20 1 1 114 12 0 0 0 0 0 1 0 0 0 0 0 0 1 2 2 2 0 2 3 6 27 11 3 5 1 0 1 1 0 3 0 1 1 0 0 2 2 2 10 19 5 7 1 0 1 0 0 3 16 8 2 1 3 0 0 0 0 0 0 3 0 0 0 0 0 0 0 2 0 0 0 1 0 1 3 4 0 2 9 4 0 12 15 0 1 7 0 3 6 0 1 6 2 0 0 0 1 0 0 0
9 2 7 1 11 6 1 1 0 1 0 4 14 1836 2253 524 21 2141 329 51 14 115 559 3354 266 1218 34837 10492 139 17 49 18 94 204 5463 508 469 66 799 5483 824 553 1326 15 16 1528 1644 91 58 2 3 3 10 12 4 10 347 247 600 132 1874 237 484 3350 2587 9 417 858 581 106 57 20 38 7 371 325 7 0 18 0 43 1 31 27 63 133 239 23 94 26 660 79 26 90 512 100 1 0 184 189 0 4 0 0 0 0 0 0 0 0 0 0 1 15 100 12 1 10 6 106 21 71 8 2 1 0 0 7 1 16 4 4 1 4 0 12 1 1 6 19 58 2 75 2 2 22 44 14 23 715 0 6 15 1 0 17 2 0 3 3 0 1 0 1 1 0 105 34 13 25 0 5 8 0 21 140 2 6 465 56 0 6 11 4 12 6 4 8 26 3 0 41 8 6 0 0 1 1 0 0
5 3 4 0 36 19 3 2 0 5 1 11 8 569 3120 2550 202 1073 95 101 3 34 64 45 32 23 10492 10183 130 45 133 83 206 607 108 217 1032 99 4361 122 152 33 36 4 4 273 463 30 4 0 3 0 3 3 3 4 325 849 302 169 199 33 34 128 1255 2 158 770 378 9 15 17 47 5 1344 56 4 0 13 0 6 2 17 24 30 30 54 6 15 4 39 11 2 9 22 332 0 2 63 132 0 2 0 0 0 0 0 0 0 0 1 1 1 20 130 7 3 19 3 124 18 81 6 3 3 0 2 6 0 34 2 3 1 6 0 11 2 1 21 24 106 9 138 1 2 18 49 44 20 775 0 5 9 1 0 9 0 0 1 2 0 0 0 1 5 0 90 43 11 22 1 7 10 0 14 137 2 4 316 27 3 11 10 1 14 10 4 6 12 1 1 24 6 1 1 0 2 0 1 0
8903 498 903 303 1796 1553 4132 1553 63 895 128 1615 5 7 8 19 2 16 5 3 72 184 66 34 156 8 139 130 58118 8552 2427 817 966 35 12 1 10 22 86 40 528 16 103 6 4 29 36 37 8 5 205 177 3336 12918 1062 259 3737 110 3 1 75 86 127 146 374 6 7823 133 284 56 35 567 62 89 1192 59 154 1 165 2 94 6 3900 2757 903 164 836 16 12 2 68 126 126 19 96 1687 298 4774 314 708 34 12 73 31 10 69 6 20 18 33 42 87 1 1 1 2 1 1 3 3 13 10 7 17 24 1 5 1 1 5 55 4 54 167 1 109 2 1 69 28 4 11 4 16 56 2 5 1 13 15 2 3 3 4 0 10 1 8 5 4 31 38 2 30 30 2 5 2 3 1 81 37 15 3 4 9 3 1 24 7 214 148 28 7 3 311 4 1 9 9 37 15 3 19 197 6 38 10 1 7
6575 1383 675 8910 10221 8456 596 583 27 275 189 4133 0 2 3 13 2 8 1 2 98 188 22 5 33 1 17 45 8552 17909 4791 1626 1065 19 0 0 0 10 39 5 562 9 17 3 2 4 8 22 6 2 60 51 116 274 123 125 2922 67 4 1 24 28 11 12 49 0 773 27 78 13 12 349 48 32 224 35 68 4 47 1 53 0 499 305 637 191 41 11 1 0 13 57 51 7 12 1414 162 218 116 167 19 7 54 26 4 54 6 9 20 21 49 60 0 0 0 0 0 1 0 3 6 1 2 3 9 0 2 0 1 2 13 4 35 67 0 38 1 4 17 10 0 5 0 5 17 1 2 1 5 11 0 1 0 1 1 1 2 0 2 0 9 11 0 13 9 1 0 2 0 0 39 6 4 3 1 3 2 0 9 1 72 48 9 0 3 80 0 2 1 8 14 5 1 8 74 2 9 2 1 2
356 88 101 463 10059 6706 102 46 8 54 79 2333 2 7 6 18 3 17 1 3 165 327 46 5 100 10 49 133 2427 4791 17111 1325 907 27 4 2 12 11 128 13 665 11 44 1 4 14 12 40 2 1 26 17 52 127 42 65 7007 112 12 6 45 69 46 40 190 1 1206 83 241 17 36 243 50 17 1832 54 26 1 44 0 43 2 268 328 730 481 360 9 6 3 25 19 25 8 48 5858 76 92 506 5210 9 2 21 8 1 8 2 1 2 5 12 13 0 0 1 0 0 1 0 1 4 2 6 2 9 0 0 0 0 0 12 1 11 53 0 30 1 0 17 13 2 4 3 1 8 3 1 1 5 20 3 2 0 1 0 3 0 0 1 1 7 7 0 4 6 1 3 0 2 1 24 5 4 2 6 2 1 1 16 5 36 29 10 1 3 54 4 1 7 6 8 10 1 1 32 3 8 1 1 0
320 24 42 58 2170 5606 91 40 21 92 39 891 0 6 10 73 3 50 1 4 61 230 49 20 48 5 18 83 817 1626 1325 4246 4066 886 1 0 67 23 122 6 208 15 45 3 2 10 41 45 3 1 12 10 22 46 27 20 237 2389 35 59 81 51 14 13 57 1 319 117 137 13 48 276 368 20 1213 112 48 1 61 0 21 1 98 92 132 62 33 9 4 3 40 18 7 3 18 4391 179 53 101 30 12 3 29 18 3 29 1 4 11 10 14 44 0 0 7 1 0 0 2 5 11 3 2 9 6 0 2 0 0 1 13 2 24 69 0 39 2 0 25 28 2 3 9 3 11 2 4 0 5 26 2 2 1 0 0 6 2 5 1 2 9 18 0 7 11 0 7 0 1 1 20 10 7 3 8 6 1 0 20 3 77 52 12 1 5 141 0 1 6 5 9 10 4 12 75 5 12 6 1 1
290 98 78 51 1061 1526 93 62 84 166 115 5598 8 26 26 251 22 170 36 31 237 989 385 60 386 35 94 206 966 1065 907 4066 10128 3871 14 11 199 658 293 109 540 48 105 47 20 114 207 116 6 7 28 28 53 96 61 67 419 4323 147 260 374 86 31 51 112 3 652 605 250 32 93 3685 4191 154 1906 358 285 21 733 2 53 2 273 204 410 239 273 22 20 4 139 39 33 13 61 2937 689 95 297 99 39 33 99 47 11 94 3 22 19 34 55 102 6 7 29 11 4 5 29 18 141 46 45 83 92 4 24 10 6 12 64 16 89 294 5 292 17 13 336 248 15 72 17 23 103 13 15 4 184 70 25 13 14 5 2 13 7 17 1 8 56 54 4 25 65 10 18 16 21 3 150 59 70 26 23 25 22 7 65 7 342 455 147 32 6 803 5 4 18 36 93 43 19 43 275 13 79 31 9 18
7 1 2 3 16 11 4 1 0 1 0 23 0 230 201 424 40 244 13 42 60 193 207 39 136 26 204 607 35 19 27 886 3871 7593 204 86 2574 1893 332 163 158 17 33 14 3 26 1233 9 2 0 6 3 9 6 6 9 43 5952 1212 4412 147 22 15 37 205 0 85 2605 178 3 12 241 544 40 1999 71 23 2 94 0 10 2 32 43 74 45 90 3 1 2 24 12 6 0 6 298 6 3 67 17 1 6 3 1 0 4 0 5 0 0 1 4 11 14 8 13 11 14 46 9 254 71 101 62 77 10 32 6 4 15 5 3 10 44 8 102 9 8 279 328 11 94 14 3 39 12 6 1 213 35 28 9 3 0 1 2 0 2 1 1 7 5 0 2 11 14 10 3 7 2 22 4 27 15 5 23 5 0 29 1 36 211 121 9 7 286 1 1 10 4 11 10 8 10 21 1 20 11 3 8
1 0 0 0 0 0 0 0 0 2 0 2 0 1747 428 44 6 86 34 9 4 17 128 329 13 138 5463 108 12 0 4 1 14 204 3332 2371 650 14 15 1812 166 40 102 0 1 36 988 14 8 0 1 0 1 1 0 0 40 88 1741 202 34 18 23 165 118 1 29 486 34 9 7 0 7 1 80 25 0 0 1 0 3 0 2 7 2 6 27 4 11 3 29 6 0 12 35 12 0 0 13 22 0 0 0 0 0 0 0 0 0 0 0 0 5 1 6 8 0 2 0 12 8 58 10 1 1 0 0 1 1 6 0 0 0 0 0 2 1 0 0 6 2 1 7 0 1 1 0 0 5 20 0 0 1 0 0 0 0 0 0 0 0 0 0 0 0 0 0 0 1 2 2 0 0 1 1 3 0 0 1 2 0 1 4 0 0 2 0 0 2 0 0 1 1 0 0 0 0 0 0 0
0 0 0 0 0 1 0 0 0 0 0 0 0 4818 3645 234 302 106 4 98 1 11 42 110 0 29 508 217 1 0 2 0 11 86 2371 1412 819 7 66 198 22 18 56 0 0 7 2172 2 4 0 0 0 0 0 0 1 1 17 4093 81 24 7 7 103 111 2 3 310 36 5 3 0 2 0 14 10 0 0 0 0 1 0 1 1 1 1 2 2 5 0 9 1 0 3 15 5 0 0 4 0 2 0 0 0 0 0 0 0 0 0 0 0 2 5 1 2 2 1 0 2 13 20 7 3 1 0 3 0 0 3 0 0 0 1 1 1 4 1 2 7 1 8 2 0 0 2 0 1 4 9 1 1 1 0 0 0 0 0 0 0 0 0 0 0 0 0 0 0 1 2 0 0 0 0 0 2 0 0 3 1 0 0 6 0 1 3 1 0 0 0 0 2 0 1 1 0 0 0 0 0
2 0 0 0 5 3 0 0 0 0 1 5 4 1425 1687 1049 2883 668 497 939 38 131 233 78 26 21 469 1032 10 0 12 67 199 2574 650 819 5229 2087 416 216 182 25 45 12 4 289 1292 14 6 3 0 2 1 1 2 2 17 844 1155 1395 659 13 12 101 272 1 21 1006 200 3 20 13 70 36 454 110 6 4 12 0 4 1 2 8 18 8 23 4 5 3 78 3 2 5 25 104 3 1 21 5 1 4 1 0 1 2 0 5 0 0 1 3 52 34 19 64 20 37 65 23 362 275 160 44 64 12 49 5 7 28 3 3 6 24 14 64 49 33 138 283 16 161 26 0 23 14 6 9 245 68 30 8 6 0 0 2 0 1 0 1 0 0 0 0 11 26 8 14 14 0 1 2 10 10 13 26 2 2 29 7 12 99 139 4 7 163 3 0 5 3 3 8 13 2 11 0 10 4 2 4
6 6 1 3 7 9 1 2 5 2 0 17 185 22 63 380 324 514 3137 674 104 420 553 63 216 56 66 99 22 10 11 23 658 1893 14 7 2087 7265 116 236 343 64 143 2089 124 2093 403 42 3 41 11 33 3 2 2 7 37 173 62 33 1735 18 12 58 50 69 85 254 80 8 21 212 2183 750 103 369 148 195 247 19 13 37 20 22 62 45 129 37 43 40 672 13 7 9 46 45 29 4 93 13 4 18 3 3 12 11 0 26 1 0 3 8 188 124 126 131 63 112 172 107 1077 1198 497 224 193 26 138 24 41 73 19 9 19 112 43 304 132 104 846 958 76 441 53 8 87 56 50 23 942 272 117 15 25 2 2 24 11 2 8 12 9 5 4 10 43 68 44 46 35 32 40 16 75 43 58 106 6 4 148 38 103 551 794 34 32 1016 8 10 18 21 20 83 52 10 49 4 70 35 2 33
5 3 3 2 28 13 1 3 0 2 1 23 16 162 849 1069 107 5100 60 74 9 35 62 126 23 7 799 4361 86 39 128 122 293 332 15 66 416 116 19070 48 259 110 117 4 18 445 115 187 10 2 1 3 2 5 0 5 205 795 64 57 9459 108 46 95 3327 7 118 225 2079 32 104 52 77 3 1169 1489 2 0 27 0 38 1 15 7 23 29 26 20 33 12 219 18 10 17 60 420 2 2 31 95 0 1 0 0 0 0 0 2 0 0 0 1 3 8 104 3 0 10 3 79 22 16 11 3 1 0 0 11 0 11 10 3 4 1 4 13 0 0 14 15 50 5 143 7 5 42 131 10 18 882 3 11 16 0 0 42 6 0 1 1 3 3 0 1 9 1 158 84 34 32 2 5 11 3 67 270 1 3 784 137 1 10 11 4 62 6 9 9 20 1 1 64 23 4 1 0 4 0 2 3
8 5 6 2 7 4 0 2 1 2 0 9 2 256 118 136 21 293 127 59 165 2382 4561 5614 5344 4826 5483 122 40 5 13 6 109 163 1812 198 216 236 48 11083 2070 701 1002 26 7 179 3375 82 68 1 1 4 2 8 5 18 71 44 258 27 308 133 217 890 523 3 367 238 235 89 39 77 159 35 72 168 21 1 61 1 17 0 31 51 147 240 350 17 77 19 221 73 24 92 386 51 1 1 349 49 1 1 0 1 0 0 0 0 0 0 1 1 5 7 10 11 4 15 18 15 84 102 56 5 4 3 8 1 0 7 0 0 0 1 2 12 7 4 29 58 9 22 13 1 1 2 3 1 59 41 5 4 9 0 0 3 0 0 0 1 0 0 0 0 0 1 6 3 4 2 2 0 1 1 6 7 3 0 28 4 8 18 42 0 3 25 2 0 15 0 1 30 1 2 1 0 1 1 0 1
1398 812 784 271 410 727 66 325 9 351 42 809 7 253 889 629 218 965 184 365 1134 1471 8575 2013 1030 1199 824 152 528 562 665 208 540 158 166 22 182 343 259 2070 13218 5983 968 83 51 507 451 769 1465 27 530 235 23 29 434 1373 350 218 32 22 1268 244 172 160 271 19 517 238 590 267 419 249 303 46 880 975 128 4 227 16 436 16 304 206 1129 370 479 484 1008 312 1747 1326 566 642 456 826 84 33 640 265 5 8 13 9 2 16 4 6 5 2 10 11 3 5 6 4 5 4 8 5 60 35 20 19 22 3 6 0 4 1 19 4 19 71 2 69 4 1 119 78 8 19 1 4 24 13 8 2 51 49 4 28 61 0 0 49 12 5 20 43 12 10 0 11 16 4 9 11 17 6 31 12 19 7 49 18 10 13 109 19 82 109 53 8 19 177 44 16 149 3 13 130 21 10 56 2 22 7 2 5
4 2 5 0 9 3 2 1 0 0 0 3 3 14 57 114 2 298 53 14 5 155 1520 8265 162 371 553 33 16 9 11 15 48 17 40 18 25 64 110 701 5983 8431 2261 46 41 304 130 231 1581 16 8 0 3 1 3 5 42 38 15 3 842 99 92 60 182 12 80 23 590 126 93 22 37 6 76 847 5 1 23 1 44 2 8 9 20 34 64 91 394 136 1628 332 84 361 380 45 0 1 38 17 0 0 1 0 0 0 0 0 0 0 0 0 0 0 1 0 0 0 1 1 2 1 2 0 0 0 0 1 0 1 0 1 0 1 0 2 0 0 3 3 1 2 4 1 1 12 12 1 1 19 0 15 21 1 1 23 4 0 4 10 0 0 0 0 1 1 2 6 11 1 0 0 0 0 26 15 1 8 69 27 0 1 1 0 26 3 10 8 43 0 0 84 13 1 0 0 0 0 0 1
4 2 6 0 20 12 3 2 1 0 0 21 10 76 197 140 16 195 67 65 28 558 409 2467 481 368 1326 36 103 17 44 45 105 33 102 56 45 143 117 1002 968 2261 5710 108 98 432 452 870 3437 66 18 10 4 13 2 9 196 84 33 7 1332 591 2611 4825 1350 27 442 84 1854 410 233 58 85 8 227 2507 12 0 61 2 161 7 41 46 100 208 180 238 1364 527 4170 778 192 1406 3950 174 6 3 242 102 0 0 2 0 0 0 0 1 0 0 0 0 0 0 8 1 0 0 2 4 7 4 1 0 1 0 3 0 0 1 2 1 0 1 0 1 1 0 5 7 0 0 2 5 6 25 10 0 8 42 1 58 130 2 1 49 5 0 12 57 0 0 0 0 2 0 7 9 29 8 3 1 3 0 83 23 19 51 182 63 0 4 4 0 60 10 40 29 263 1 0 308 61 2 1 0 2 0 0 0
0 1 1 1 0 0 1 2 4 0 0 4 4789 1 3 20 19 59 10234 153 12 82 59 33 28 7 15 4 6 3 1 3 47 14 0 0 12 2089 4 26 83 46 108 9695 1852 3278 31 29 4 401 19 102 1 0 0 1 3 6 1 0 291 8 10 24 10 607 9 31 18 7 30 387 3117 2505 8 124 1160 2897 2680 72 29 182 3 1 22 7 13 123 128 154 650 8 4 6 41 8 42 4 19 1 4 3 0 1 2 2 0 9 0 0 0 5 85 66 290 65 21 210 63 438 474 1803 257 68 54 13 58 25 13 84 7 1 2 34 19 91 73 30 330 377 80 153 59 5 38 43 48 56 472 834 29 23 28 1 1 46 8 4 6 25 2 3 1 2 15 24 24 31 32 79 9 7 17 12 66 77 5 4 246 54 23 200 606 9 42 394 12 19 44 3 4 172 46 4 26 2 13 10 0 11
2 0 1 0 0 0 6 14 115 9 0 6 4373 0 3 10 13 22 1059 27 2 3 5 28 6 1 16 4 4 2 4 2 20 3 1 0 4 124 18 7 51 41 98 1852 10556 2610 2 40 13 5100 17 111 12 0 3 1 9 4 0 1 31 31 17 19 36 4881 13 1 52 17 48 288 249 290 8 33 3197 1142 1146 135 171 443 3 1 6 3 5 852 484 2148 2056 15 14 22 78 2 529 78 3 2 1 9 4 1 0 1 0 1 0 1 5 0 3 0 53 2 0 5 0 28 20 26 3 4 6 1 4 3 1 3 14 12 6 6 1 16 0 0 20 9 10 4 15 16 14 216 204 13 40 586 0 97 215 4 4 409 26 3 33 60 0 1 0 4 10 3 63 101 147 313 10 12 13 2 521 157 27 44 2120 659 6 15 25 4 316 22 92 249 326 5 5 1514 231 7 1 1 3 2 1 1
5 1 2 0 9 6 0 0 7 0 1 15 5426 14 49 213 169 4184 3881 472 7 62 81 726 73 56 1528 273 29 4 14 10 114 26 36 7 289 2093 445 179 507 304 432 3278 2610 6101 66 64 24 112 4 20 0 3 2 3 42 21 10 0 3818 28 33 447 871 2593 82 19 227 26 40 143 469 324 69 230 188 21 370 20 29 42 11 9 23 32 20 103 135 167 867 43 11 38 97 29 24 3 50 27 1 24 0 0 2 3 0 9 0 0 1 1 15 41 1477 19 6 42 11 547 105 270 38 8 14 1 4 75 2 122 46 39 7 15 6 69 6 7 67 86 302 15 1121 35 22 288 1465 233 154 7415 5 35 96 7 4 484 37 6 63 22 0 9 0 12 43 6 703 546 238 861 13 22 53 11 564 1544 11 13 5259 790 11 45 65 16 328 77 107 56 202 9 2 596 188 23 14 3 10 3 15 5
2 8 3 1 9 6 2 2 0 2 0 10 1 156 44 40 14 156 33 15 83 382 732 779 1520 239 1644 463 36 8 12 41 207 1233 988 2172 1292 403 115 3375 451 130 452 31 2 66 7094 29 17 1 1 5 1 5 2 11 86 514 2111 255 120 55 168 720 1227 1 168 2405 408 43 19 62 174 31 274 61 10 0 35 0 9 0 14 19 80 94 1278 3 16 8 63 14 11 26 153 67 0 1 158 54 1 3 0 1 0 2 1 3 0 0 0 3 20 19 10 19 13 21 49 11 258 166 130 28 31 3 30 1 6 8 3 0 5 13 7 44 33 16 97 219 17 96 6 1 10 7 2 2 156 22 27 3 10 0 0 4 1 0 0 3 0 0 1 0 6 10 5 3 5 2 5 1 5 5 6 26 1 2 23 5 15 71 85 1 10 85 0 4 9 1 2 6 7 4 4 1 10 3 0 1
6 1 2 1 16 4 0 2 0 1 1 15 8 16 66 80 5 167 28 17 5 52 51 155 36 37 91 30 37 22 40 45 116 9 14 2 14 42 187 82 769 231 870 29 40 64 29 13944 544 64 7 30 0 4 2 6 67 77 2 1 212 7341 839 101 166 9 63 21 3925 514 5114 39 34 1 242 14679 4 2 40 3 523 33 10 6 7 9 11 1895 3938 274 3052 304 99 289 2208 182 0 0 33 30 0 1 1 0 1 1 1 2 0 0 1 0 0 0 1 0 0 6 0 4 2 9 1 0 2 0 3 0 0 1 8 7 1 1 0 6 0 0 4 6 2 3 4 29 4 126 9 0 7 17 3 370 869 8 13 359 41 8 58 232 1 1 0 0 2 1 14 8 111 10 7 14 1 3 235 24 109 359 382 65 2 3 3 1 187 17 432 157 1569 0 1 1375 314 2 2 0 1 0 0 2
4 2 6 2 3 0 0 0 0 1 0 0 1 6 27 17 2 29 6 6 1 52 80 305 27 32 58 4 8 6 2 3 6 2 8 4 6 3 10 68 1465 1581 3437 4 13 24 17 544 5974 19 38 6 0 1 0 1 12 7 5 1 68 162 43 13 22 5 16 9 68 272 309 5 6 0 17 180 2 0 1 3 171 6 4 3 4 7 16 247 631 130 310 4053 379 3993 1792 10 1 0 7 3 0 0 0 0 0 0 0 0 0 0 0 1 0 0 0 0 0 0 0 0 0 0 0 0 0 0 0 0 0 0 0 0 0 0 0 0 0 0 0 2 0 0 1 0 0 6 1 0 0 3 0 11 33 1 0 12 7 0 6 19 0 0 0 0 0 0 0 1 5 0 0 0 0 0 8 2 5 21 6 4 0 0 0 0 5 0 21 12 103 0 0 54 9 0 0 0 0 0 0 0
7 0 0 0 0 3 11 4 108 13 0 4 274 1 1 2 1 6 182 9 0 5 3 8 0 0 2 0 5 2 1 1 7 0 0 0 3 41 2 1 27 16 66 401 5100 112 1 64 19 9585 129 1071 11 1 4 1 2 4 0 0 16 43 22 6 5 1263 6 1 21 22 68 114 70 583 2 51 2224 606 396 1442 487 4731 5 3 1 1 2 3196 648 2882 499 17 21 28 90 2 383 53 2 1 1 2 1 0 0 3 1 2 1 0 1 2 1 0 8 0 0 6 1 6 8 7 1 1 2 1 2 3 1 1 8 5 0 3 1 5 1 0 10 1 0 5 3 26 11 166 22 3 13 28 1 213 431 6 8 411 110 5 114 192 0 1 0 0 2 1 14 31 126 24 7 5 5 0 267 19 54 97 861 142 1 8 6 3 238 17 209 551 871 5 0 1768 304 1 9 2 1 2 3 2
193 57 96 13 26 24 32 66 2 78 2 31 4 1 1 1 0 0 19 0 5 6 0 7 13 0 3 3 205 60 26 12 28 6 1 0 0 11 1 1 530 8 18 19 17 4 1 7 38 129 12031 12025 13 40 214 115 33 5 0 1 5 3 2 4 8 93 141 9 12 296 20 32 14 109 49 7 114 13 35 251 1314 213 256 73 72 25 24 140 50 24 25 4252 6188 182 28 38 42 9 26 14 0 0 0 0 0 0 0 0 0 0 1 2 0 0 0 0 0 0 0 0 3 0 0 4 4 0 2 0 0 0 0 1 2 7 0 7 0 0 7 6 0 1 0 1 2 0 0 0 7 0 0 5 5 0 0 2 71 3 102 111 2 1 0 2 3 0 0 1 2 2 2 0 1 0 0 0 9 9 7 1 8 9 4 1 1 20 31 9 83 0 0 27 5 1 6 0 2 1 0 0
169 52 77 9 12 16 33 65 47 74 5 36 43 1 0 3 1 7 71 2 2 4 1 1 11 0 3 0 177 51 17 10 28 3 0 0 2 33 3 4 235 0 10 102 111 20 5 30 6 1071 12025 31230 14 23 187 111 37 9 0 2 2 26 8 1 3 613 125 8 13 89 23 73 51 542 51 20 663 98 127 11310 5766 2456 290 75 43 26 19 1365 330 214 72 651 3462 39 20 35 183 34 26 13 3 0 1 2 1 1 0 8 0 3 0 1 0 0 3 0 0 1 0 0 3 2 0 0 1 0 1 0 0 0 2 0 0 5 0 6 0 0 9 8 0 1 0 5 4 10 4 0 7 2 0 42 68 5 1 65 3265 120 3888 1957 6 0 1 0 3 0 1 0 3 33 10 0 3 1 5 3 189 147 70 6 5 10 28 1 6 44 344 89 1376 1 8 263 20 1 16 1 2 0 0 1
376 39 90 12 38 44 584 314 231 261 19 103 1 1 0 0 0 0 0 0 1 11 4 0 26 1 10 3 3336 116 52 22 53 9 1 0 1 3 2 2 23 3 4 1 12 0 1 0 0 11 13 14 8262 7167 4470 12 69 8 1 0 2 3 4 6 18 6 591 17 12 3 0 69 14 33 64 1 100 9 28 6 5 7 1663 515 194 48 43 7 5 2 3 3 5 2 2 60 261 4862 33 36 0 0 2 3 2 3 0 0 1 3 3 4 0 0 0 0 0 0 1 2 5 4 1 5 4 0 1 0 0 0 6 0 3 18 0 9 0 0 7 8 0 0 0 1 6 0 1 0 5 0 0 0 0 0 0 1 1 0 1 0 3 1 0 0 2 1 0 1 0 0 4 0 2 0 0 1 1 0 0 0 20 24 13 0 0 32 0 1 1 3 2 3 0 0 19 0 5 2 0 0
833 66 158 13 77 75 889 627 20 371 22 128 0 0 0 2 0 1 0 0 3 9 4 3 18 0 12 3 12918 274 127 46 96 6 1 0 1 2 5 8 29 1 13 0 0 3 5 4 1 1 40 23 7167 17658 1081 26 197 17 0 0 5 2 7 11 31 0 1512 8 21 3 0 67 18 9 119 3 32 0 31 1 15 0 2909 6865 195 57 65 3 2 0 5 14 15 0 7 112 49 3084 54 80 1 3 5 3 0 4 0 2 2 2 2 4 0 0 0 0 0 0 0 0 3 0 0 3 8 0 1 0 0 0 5 1 7 20 0 18 0 0 14 4 0 2 0 1 6 0 2 0 5 1 2 0 0 2 0 1 1 1 0 2 4 3 0 3 2 0 0 0 1 0 12 1 2 0 0 1 0 0 1 1 21 22 10 1 0 38 0 0 2 4 3 1 0 3 22 0 11 2 0 0
288 50 106 10 30 28 172 171 33 142 3 61 0 0 1 1 0 1 1 0 4 11 4 3 22 0 4 3 1062 123 42 27 61 6 0 0 2 2 0 5 434 3 2 0 3 2 2 2 0 4 214 187 4470 1081 14132 622 66 15 0 0 2 2 0 6 12 2 406 16 10 9 1 45 15 9 78 5 36 0 17 6 73 9 5750 213 181 49 25 11 2 2 7 101 68 7 5 61 43 961 32 27 0 0 3 0 0 4 0 1 0 0 2 0 0 0 0 1 0 0 0 1 2 0 0 6 3 0 1 0 0 1 2 1 3 15 0 16 0 0 12 9 0 2 0 4 4 0 1 0 5 0 0 0 0 0 0 0 2 0 0 7 0 4 0 2 2 1 0 0 1 1 5 2 1 0 0 0 0 2 0 1 10 26 7 2 0 28 2 0 6 1 4 3 0 1 13 0 1 1 0 1
307 117 159 32 50 74 42 122 2 109 8 96 0 0 0 1 2 0 0 0 1672 93 19 1 61 5 10 4 259 125 65 20 67 9 0 1 2 7 5 18 1373 5 9 1 1 3 11 6 1 1 115 111 12 26 622 2827 56 19 2 0 3 7 4 3 16 0 181 19 11 10 1 35 25 7 93 3 13 0 22 3 43 1 3473 133 3912 132 47 8 3 0 10 72 55 2 11 82 15 13 127 35 2 0 0 1 0 1 0 0 2 3 1 5 0 0 0 0 0 0 0 0 5 1 0 6 4 0 2 0 0 0 3 0 3 19 0 14 0 0 18 13 0 1 0 0 5 0 2 0 12 2 1 0 0 0 1 0 1 0 3 1 0 2 0 1 6 1 1 0 0 0 4 3 1 0 1 1 0 1 1 0 24 18 6 2 0 36 3 0 2 1 4 1 0 2 11 1 4 1 0 2
244 161 126 92 1700 409 51 33 20 68 32 472 1 13 4 34 4 28 7 4 91 258 104 70 264 23 347 325 3737 2922 7007 237 419 43 40 1 17 37 205 71 350 42 196 3 9 42 86 67 12 2 33 37 69 197 66 56 8390 145 8 4 131 193 245 341 946 2 5196 314 693 61 80 260 41 19 4319 121 143 0 83 2 59 3 316 231 387 318 2437 9 34 6 132 50 38 44 187 3902 160 94 2043 5062 21 12 46 27 5 55 0 14 8 13 20 50 1 1 1 3 0 1 2 8 13 10 6 13 14 1 0 0 0 0 22 6 36 103 1 57 3 3 39 18 3 8 4 7 23 4 7 1 26 31 5 3 5 2 1 7 2 3 0 3 14 17 1 17 25 2 7 8 5 0 42 20 6 2 9 15 6 5 40 11 162 79 20 6 12 233 4 3 13 11 33 28 2 10 123 8 26 6 2 3
18 8 11 4 71 68 3 3 0 5 3 20 2 102 51 316 2 198 4 9 66 242 59 44 73 14 247 849 110 67 112 2389 4323 5952 88 17 844 173 795 44 218 38 84 6 4 21 514 77 7 4 5 9 8 17 15 19 145 10068 659 3301 161 81 50 82 436 1 204 3203 729 33 109 338 757 21 7185 275 11 0 88 0 46 0 101 60 131 79 83 26 13 4 63 14 11 13 48 1079 6 3 109 70 4 3 3 2 2 5 0 0 0 0 0 8 1 4 8 4 4 6 6 9 57 13 23 10 20 2 7 1 1 1 2 2 5 34 4 52 4 0 84 65 7 16 14 3 13 6 6 1 35 64 4 3 8 1 0 5 0 0 1 1 3 5 1 3 9 1 14 7 4 7 11 0 10 4 13 14 1 3 49 14 33 85 25 3 6 87 4 2 7 3 11 23 5 6 19 2 12 4 1 7
3 0 0 1 1 0 0 0 0 0 0 2 0 3647 771 26 10 32 11 2 18 46 53 104 8 26 600 302 3 4 12 35 147 1212 1741 4093 1155 62 64 258 32 15 33 1 0 10 2111 2 5 0 0 0 1 0 0 2 8 659 3159 1170 19 7 8 133 222 0 11 2956 75 4 1 7 43 11 235 7 2 0 4 0 2 1 2 3 3 6 10 0 5 2 7 0 0 3 15 43 0 0 10 3 0 0 0 0 0 0 0 3 0 0 1 0 21 8 3 11 2 14 18 0 94 96 55 9 8 2 12 1 4 4 1 0 0 6 7 18 10 9 35 79 6 38 3 0 4 1 2 2 59 5 3 1 3 0 1 0 0 0 1 0 0 1 0 0 3 9 1 1 5 1 1 1 0 2 3 5 0 0 2 1 1 25 43 1 0 26 0 1 0 0 0 0 2 0 1 0 3 0 0 1
0 2 1 0 1 1 0 0 0 0 0 0 0 585 184 45 7 25 0 4 3 18 18 13 7 5 132 169 1 1 6 59 260 4412 202 81 1395 33 57 27 22 3 7 0 1 0 255 1 1 0 1 2 0 0 0 0 4 3301 1170 1382 6 1 3 16 58 0 4 1128 29 1 1 7 47 3 440 9 1 0 2 0 0 0 6 0 4 4 5 1 0 0 1 0 1 0 4 24 0 0 3 2 0 1 0 0 0 1 0 0 0 0 0 0 7 1 3 2 2 3 4 0 30 21 17 6 6 4 3 1 1 1 1 1 0 1 1 8 3 2 14 31 0 19 1 1 0 0 0 0 22 1 5 1 1 0 0 0 0 0 0 0 0 1 0 0 0 0 0 0 0 0 0 0 0 2 2 2 0 0 1 0 2 6 7 0 0 16 1 0 1 0 1 1 0 0 4 0 1 1 0 1
6 2 3 1 24 23 5 1 0 3 2 28 37 43 223 343 176 4234 578 687 16 156 206 1432 164 95 1874 199 75 24 45 81 374 147 34 24 659 1735 9459 308 1268 842 1332 291 31 3818 120 212 68 16 5 2 2 5 2 3 131 161 19 6 16734 171 122 990 776 81 194 50 2224 89 140 175 343 13 310 8046 9 3 174 1 58 1 16 22 44 72 54 67 146 44 3075 112 40 109 268 205 9 3 107 68 0 6 0 0 1 0 0 5 0 1 0 2 14 13 227 11 5 26 7 117 49 114 21 5 5 2 8 16 1 41 12 20 4 9 5 30 12 3 26 28 63 12 257 8 10 157 425 34 55 1472 0 23 48 1 7 243 14 1 20 4 0 4 0 8 16 4 203 204 134 113 9 17 20 5 331 616 6 8 1520 301 4 28 21 9 166 28 45 34 96 3 1 303 86 10 2 1 6 8 2 1
8 4 2 0 12 15 2 1 0 2 1 17 3 26 95 88 6 133 18 25 3 121 44 116 103 41 237 33 86 28 69 51 86 22 18 7 13 18 108 133 244 99 591 8 31 28 55 7341 162 43 3 26 3 2 2 7 193 81 7 1 171 17725 10504 598 972 11 233 38 2720 4762 6869 18 25 3 305 1548 5 0 24 10 1266 48 7 16 39 62 35 552 789 182 972 147 159 273 3742 266 1 2 78 49 0 1 0 0 0 1 0 1 0 0 0 0 1 0 0 0 0 2 1 1 2 0 0 0 1 0 0 1 0 1 1 4 0 1 0 5 0 0 1 2 1 2 1 11 6 42 4 0 5 8 1 176 414 8 4 96 33 5 38 200 0 0 0 0 1 0 10 3 36 5 1 5 0 0 70 2 52 187 135 27 0 1 2 1 49 3 268 80 1118 2 1 632 112 0 1 0 0 1 0 1
3 1 1 2 15 9 2 0 0 1 0 15 3 36 99 103 5 70 6 32 14 141 35 177 164 56 484 34 127 11 46 14 31 15 23 7 12 12 46 217 172 92 2611 10 17 33 168 839 43 22 2 8 4 7 0 4 245 50 8 3 122 10504 26381 4266 4747 7 457 53 4011 814 710 9 10 2 175 620 4 0 11 2 307 9 20 34 44 93 79 83 292 99 505 31 67 129 5331 112 0 3 136 83 0 0 0 0 0 0 0 1 0 0 0 0 0 0 2 1 0 2 0 1 0 1 1 1 2 0 1 0 0 0 0 2 0 0 0 3 1 0 0 3 0 0 2 4 1 47 3 0 2 6 0 84 161 3 2 117 4 0 11 33 0 2 0 2 1 0 3 9 60 2 0 3 2 1 102 6 23 66 165 20 0 0 2 0 67 3 76 46 268 0 0 364 82 1 1 0 0 0 0 1
12 8 4 0 15 5 4 1 0 1 1 14 11 104 99 60 4 133 21 25 19 267 112 338 503 174 3350 128 146 12 40 13 51 37 165 103 101 58 95 890 160 60 4825 24 19 447 720 101 13 6 4 1 6 11 6 3 341 82 133 16 990 598 4266 5916 10020 6 674 254 2115 158 106 30 26 6 222 824 9 1 22 0 60 0 40 49 105 276 264 12 64 17 865 22 23 51 1657 107 5 1 351 203 0 1 0 1 0 0 0 0 0 0 0 0 0 1 7 1 0 0 0 9 6 9 1 1 1 0 0 1 0 2 2 1 2 2 1 2 1 0 6 8 2 2 5 2 3 13 20 0 5 131 0 6 8 0 0 10 0 0 4 4 1 0 0 0 2 0 27 10 11 7 1 0 1 0 36 62 3 10 232 55 1 7 1 0 14 4 4 5 16 0 0 62 7 0 1 0 0 0 0 0
17 14 6 4 43 28 3 9 2 9 3 35 33 138 438 345 20 474 39 36 32 190 61 301 360 47 2587 1255 374 49 190 57 112 205 118 111 272 50 3327 523 271 182 1350 10 36 871 1227 166 22 5 8 3 18 31 12 16 946 436 222 58 776 972 4747 10020 12566 16 1118 915 9349 225 218 37 46 7 1187 258 8 0 23 0 157 0 76 90 184 259 320 28 46 15 508 25 37 56 991 348 3 3 437 511 0 8 0 0 2 0 0 1 0 0 1 2 2 1 51 2 0 4 2 32 9 13 7 0 1 0 0 8 0 3 12 6 4 1 1 14 0 0 8 15 26 5 54 4 3 40 92 4 16 674 2 10 27 0 1 43 3 1 6 7 0 0 0 3 5 1 137 56 36 56 6 8 7 1 90 237 1 8 911 195 2 10 1 3 59 16 7 18 30 0 1 118 42 5 1 0 1 1 0 1
3 2 1 0 0 1 7 4 63 3 1 3 3151 0 0 5 4 21 726 13 0 2 1 6 0 2 9 2 6 0 1 1 3 0 1 2 1 69 7 3 19 12 27 607 4881 2593 1 9 5 1263 93 613 6 0 2 0 2 1 0 0 81 11 7 6 16 993 1 0 21 5 12 69 51 676 7 23 1528 975 306 377 55 619 5 1 1 0 0 221 134 256 665 10 1 5 31 2 304 34 4 1 0 0 1 1 0 0 0 0 0 0 0 0 0 1 92 0 1 1 1 24 12 25 6 0 2 0 1 3 1 7 1 1 0 3 0 3 0 0 11 4 9 1 26 3 2 39 170 21 18 379 0 18 45 0 1 156 42 3 49 29 0 0 0 1 4 0 14 21 15 280 1 0 2 0 80 28 5 13 587 82 3 7 9 1 31 8 45 40 92 1 0 248 39 2 1 0 0 0 0 0
1089 594 643 185 508 668 98 295 23 374 51 898 2 9 13 23 6 41 12 11 76 498 381 149 2119 123 417 158 7823 773 1206 319 652 85 29 3 21 85 118 367 517 80 442 9 13 82 168 63 16 6 141 125 591 1512 406 181 5196 204 11 4 194 233 457 674 1118 1 16504 316 558 82 55 495 151 76 2889 177 199 2 258 7 96 5 2565 8809 1927 4908 4176 29 42 18 188 97 87 47 337 1414 147 68 5158 4320 18 9 29 10 3 22 1 12 6 18 21 45 3 4 2 6 3 4 7 3 40 22 16 33 38 1 6 1 0 1 37 6 38 144 5 142 4 0 149 69 5 16 5 13 43 2 9 3 51 18 10 2 7 4 1 11 4 8 3 3 33 28 3 15 38 4 4 6 2 0 74 21 23 8 8 14 2 4 32 13 185 196 55 12 8 359 4 0 17 21 34 17 4 13 144 3 29 5 1 3
14 7 9 2 15 12 0 1 0 8 1 20 0 301 54 69 2 50 14 4 103 433 136 95 120 43 858 770 133 27 83 117 605 2605 486 310 1006 254 225 238 238 23 84 31 1 19 2405 21 9 1 9 8 17 8 16 19 314 3203 2956 1128 50 38 53 254 915 0 316 7881 442 18 7 74 235 38 1686 28 14 0 49 0 4 0 80 50 156 128 1720 2 8 3 21 14 7 6 50 146 6 3 246 260 1 5 1 0 0 2 0 3 0 0 0 2 12 15 1 18 11 23 63 6 259 84 116 46 39 9 25 2 2 5 2 4 5 28 2 97 14 14 185 340 14 70 13 1 24 10 5 0 190 19 26 4 9 0 0 1 1 1 0 2 2 2 0 1 9 7 7 10 3 0 9 1 10 6 10 29 0 1 16 7 20 110 99 3 6 121 3 4 0 5 5 2 4 2 5 1 16 14 1 6
16 4 5 2 73 40 6 1 0 4 1 38 12 123 485 253 36 491 31 42 15 177 65 557 171 42 581 378 284 78 241 137 250 178 34 36 200 80 2079 235 590 590 1854 18 52 227 408 3925 68 21 12 13 12 21 10 11 693 729 75 29 2224 2720 4011 2115 9349 21 558 442 10092 531 1384 61 61 3 1673 8734 10 0 31 4 499 8 47 52 85 157 109 217 335 105 932 99 81 134 1209 691 6 5 186 304 0 3 0 1 1 0 0 1 0 0 1 1 1 1 8 0 0 5 3 8 10 13 2 1 7 0 2 2 1 1 11 6 3 3 1 12 0 0 15 10 6 5 10 15 8 131 54 5 16 168 1 102 176 2 2 280 11 2 19 41 0 1 0 4 7 0 54 66 117 23 7 11 9 0 412 169 19 46 812 277 7 14 8 2 240 14 75 72 249 3 1 771 186 3 2 0 1 4 4 1
23 6 12 2 5 5 7 7 0 11 0 14 4 12 49 43 7 45 12 13 4 77 52 118 54 28 106 9 56 13 17 13 32 3 9 5 3 8 32 89 267 126 410 7 17 26 43 514 272 22 296 89 3 3 9 10 61 33 4 1 89 4762 814 158 225 5 82 18 531 3019 2422 15 13 3 104 501 7 0 10 27 984 145 25 11 24 30 19 487 522 126 514 1089 3032 2022 2312 92 6 0 34 21 1 0 0 0 0 0 0 0 0 0 0 0 0 0 0 0 0 2 0 2 0 0 0 1 0 0 1 0 0 1 0 2 0 2 0 0 0 0 2 1 0 1 0 4 1 9 2 1 1 9 0 88 165 3 1 45 49 4 119 286 1 0 0 0 1 0 1 2 14 1 1 1 0 0 24 1 32 189 70 12 0 4 6 0 23 2 204 36 970 1 1 304 30 1 3 0 0 0 0 0
14 1 4 0 17 12 2 1 1 3 2 16 7 11 43 44 2 110 26 10 5 39 21 64 32 13 57 15 35 12 36 48 93 12 7 3 20 21 104 39 419 93 233 30 48 40 19 5114 309 68 20 23 0 0 1 1 80 109 1 1 140 6869 710 106 218 12 55 7 1384 2422 5556 30 30 2 272 1866 16 1 28 8 3584 83 6 8 14 12 6 676 847 373 1176 599 253 219 845 182 1 0 13 14 0 0 0 0 0 0 0 1 0 0 0 1 0 0 0 0 0 0 0 1 0 3 0 0 1 1 0 0 0 0 3 0 0 1 0 2 0 0 2 2 1 1 0 5 2 17 1 0 0 6 0 71 146 4 2 63 23 3 60 190 0 0 0 0 2 0 2 2 15 3 1 1 2 0 39 7 44 119 72 19 1 4 7 1 33 4 200 43 853 1 1 304 50 0 3 0 0 1 1 0
190 157 128 49 292 394 120 105 262 686 836 2106 217 2 4 40 8 35 89 11 127 558 169 26 279 12 20 17 567 349 243 276 3685 241 0 0 13 212 52 77 249 22 58 387 288 143 62 39 5 114 32 73 69 67 45 35 260 338 7 7 175 18 9 30 37 69 495 74 61 15 30 5495 5513 554 238 169 3245 506 6586 32 29 77 174 140 284 169 246 64 15 31 136 21 27 5 32 269 3770 233 226 56 84 35 182 74 19 175 8 39 51 51 125 188 16 9 21 13 2 19 16 16 158 147 62 83 102 8 16 5 4 11 91 19 134 441 7 377 12 7 332 227 12 54 11 33 116 5 17 10 157 58 26 5 12 6 0 17 13 25 9 13 84 98 5 60 69 5 8 9 9 9 205 78 51 10 17 18 14 6 45 11 552 521 274 20 10 1024 7 8 16 51 113 27 17 32 469 24 112 31 8 18
16 9 7 4 47 33 7 9 26 7 1 61 296 10 16 114 28 109 221 31 145 635 369 38 379 42 38 47 62 48 50 368 4191 544 7 2 70 2183 77 159 303 37 85 3117 249 469 174 34 6 70 14 51 14 18 15 25 41 757 43 47 343 25 10 26 46 51 151 235 61 13 30 5513 8838 1098 415 206 929 533 3700 35 15 60 74 63 172 96 215 41 32 30 227 10 10 4 38 271 152 27 167 24 9 24 12 11 14 11 0 24 0 5 4 16 41 20 37 21 19 31 73 45 568 289 169 163 199 10 56 13 5 26 28 19 29 169 9 421 29 18 999 840 28 167 27 25 122 19 29 9 636 118 65 10 17 4 1 24 5 16 6 8 25 29 1 10 64 25 22 30 21 13 110 25 110 36 35 47 10 10 82 23 213 955 634 66 20 1051 18 8 19 28 62 54 18 40 64 4 112 44 7 31
