21598 6276 8238 2850 551 628 7695 6152 250 505 147 305 1 0 2 8 2 12 9 1 72 38 6 4 21 1 1 3 4335 9482 285 47 29 12 0 0 5 20 9 1 689 13 14 0 3 2 3 84 261 5 136 289 699 614 296 182 125 9 3 0 16 49 10 10 12 4 417 1 10 281 188 91 57 38 19 23 73 2 49 3 438 14 1029 776 692 315 4 236 73 13 22 857 539 234 73 57 82 1837 32 16 106 350 245 397 217 606 3 28 49 178 245 334 0 0 0 0 1 0 0 0 1 0 0 13 4 0 4 0 0 0 84 1 188 104 0 32 0 1 20 4 0 1 0 23 33 3 1 0 5 3 0 2 5 28 1 2 6 4 4 6 16 10 2 29 63 2 0 0 1 2 21 7 2 0 1 1 11 9 5 0 265 38 31 2 1 43 3 0 6 2 34 9 2 18 152 28 24 1 0 1
6276 11279 419 8217 1710 1964 17 20 23 25 52 120 1 0 1 0 0 1 0 1 41 16 2 0 3 0 0 1 185 2312 84 7 5 1 0 0 1 5 2 1 156 6 5 0 1 2 0 12 51 0 10 22 60 31 38 50 55 2 1 0 3 12 3 1 1 1 90 0 0 30 41 35 14 12 6 8 19 0 24 4 48 1 146 148 211 97 0 36 17 1 12 104 73 44 16 7 24 34 13 4 49 166 98 167 109 267 2 5 16 69 103 164 0 0 0 0 1 0 0 0 0 0 0 4 2 0 1 0 0 0 49 2 84 45 0 11 0 0 7 3 0 1 0 7 11 1 0 0 2 0 0 0 1 10 0 0 0 5 0 0 2 8 0 7 28 0 1 0 1 0 4 2 1 2 0 1 2 0 3 0 129 13 7 1 1 20 0 0 4 0 6 0 2 5 55 10 7 0 0 1
8238 419 11540 3126 309 10046 751 3140 436 2902 148 9356 0 0 1 5 0 10 6 5 59 32 7 3 9 0 2 2 743 521 86 30 18 4 0 0 2 14 5 5 367 13 12 1 1 1 2 63 129 5 70 114 250 255 144 110 73 5 1 0 8 32 10 7 5 0 231 4 10 117 130 66 33 26 17 21 58 2 55 3 219 6 541 394 416 175 3 123 36 6 18 415 283 122 46 39 152 371 28 10 107 448 308 654 308 861 10 28 77 246 362 483 0 0 2 0 0 0 1 0 0 0 0 10 5 1 2 0 0 1 116 0 194 86 0 22 0 0 11 3 0 0 0 23 24 0 4 1 4 0 1 2 5 27 2 3 6 3 4 4 17 7 3 40 43 0 1 0 1 1 17 11 3 3 0 0 8 1 1 0 322 35 20 3 0 54 1 1 8 3 27 4 4 9 213 37 15 3 1 0
2850 8217 3126 16760 5350 10207 1 8 32 41 70 261 0 0 0 1 0 0 3 1 74 34 1 2 3 0 0 1 170 2330 232 16 14 0 0 0 1 12 5 1 262 2 3 4 3 2 0 18 46 1 6 25 59 21 42 43 122 7 1 2 8 11 5 1 1 0 151 2 4 26 22 39 21 16 7 12 26 0 14 1 51 2 161 170 306 170 5 32 14 5 9 109 60 26 15 8 44 28 24 5 49 210 165 279 170 436 7 16 29 136 167 259 0 0 0 0 0 0 0 0 0 1 0 2 4 0 0 0 0 0 47 0 131 54 1 14 1 0 15 3 0 0 0 9 16 0 5 0 1 1 2 1 0 8 0 0 3 1 1 1 7 7 1 16 37 0 0 0 0 0 7 2 0 2 0 0 9 5 3 0 190 31 9 0 1 30 0 0 2 1 18 5 2 10 105 11 18 1 0 0
551 1710 309 5350 14080 15883 34 25 46 43 688 3770 4 6 17 20 5 13 13 3 215 252 36 7 47 0 15 55 629 6839 11090 4022 812 123 0 1 2 129 61 8 503 13 28 6 4 5 14 182 80 5 20 46 114 81 47 73 2656 140 42 39 32 142 68 41 134 3 666 96 74 68 108 478 387 83 280 20 112 3 403 0 90 4 277 386 528 499 30 65 27 8 30 155 84 57 24 2882 141 59 135 42 78 323 179 334 226 479 4 15 18 143 168 341 0 2 4 0 1 0 0 3 1 0 1 28 10 2 7 0 0 0 118 1 266 169 1 53 1 1 48 9 5 3 2 26 52 5 7 2 21 9 2 4 4 32 6 1 4 6 3 8 29 12 2 25 117 1 7 2 4 2 16 12 9 1 4 4 18 7 15 5 353 77 31 6 5 62 0 0 4 2 43 9 6 27 134 21 30 5 1 1
628 1964 10046 10207 15883 14663 29 160 163 387 443 15896 3 1 6 4 2 4 12 4 233 125 6 1 14 0 7 7 259 1903 2967 3039 348 37 0 0 6 95 15 4 639 5 11 5 0 2 4 35 72 4 15 40 95 78 47 98 494 27 5 4 10 38 35 10 36 0 556 20 14 46 52 359 179 77 98 13 106 1 696 5 63 4 246 406 570 432 12 28 29 6 26 162 78 48 22 334 239 74 76 27 128 573 413 655 412 1017 11 52 48 319 401 605 0 0 1 0 0 2 1 0 1 3 2 14 2 1 8 0 0 1 160 2 350 175 0 60 0 1 32 2 2 1 0 30 39 3 2 0 7 7 3 3 1 23 5 2 6 11 2 14 35 26 1 46 131 3 2 1 0 1 22 11 4 2 0 1 23 12 7 1 551 74 46 3 2 103 0 0 9 8 54 3 7 21 295 49 39 7 0 0
7695 17 751 1 34 29 8047 5984 564 1387 147 114 3 0 0 2 1 2 0 0 1 2 0 0 2 0 0 0 2861 1566 69 16 16 3 0 0 0 4 0 0 55 0 2 2 14 3 0 6 12 10 28 90 569 646 105 17 14 7 0 0 1 1 0 1 0 3 32 1 1 45 18 45 32 42 3 2 84 14 53 5 76 7 205 113 40 14 2 26 4 1 4 123 113 29 2 12 155 4890 3 3 7 17 16 22 9 42 1 2 6 15 21 20 0 0 0 0 0 0 0 0 0 0 0 4 2 0 5 0 0 0 8 0 8 18 0 9 0 0 2 0 0 0 0 5 2 0 2 0 3 0 0 0 1 2 0 2 3 4 0 4 4 2 0 3 9 0 2 1 0 0 0 3 3 1 0 0 3 1 1 0 15 16 10 1 1 12 0 0 3 0 5 1 0 1 13 5 7 2 0 0
6152 20 3140 8 25 160 5984 14275 4712 6797 1026 1292 0 0 0 3 0 2 0 0 5 9 1 1 2 0 0 0 757 532 24 6 9 1 0 0 1 4 0 1 169 4 5 0 2 2 1 23 67 3 59 147 516 551 113 51 20 3 0 0 0 14 2 0 2 1 91 0 0 93 65 12 12 11 3 6 177 2 101 4 186 4 379 256 139 42 3 62 13 0 5 320 210 77 16 10 37 1475 4 8 11 60 70 87 42 168 4 7 19 52 63 79 0 0 1 1 0 0 0 0 0 0 0 3 0 0 0 0 0 0 17 0 28 11 0 3 0 0 2 1 0 0 0 4 2 1 1 0 1 1 1 0 2 1 1 0 1 0 1 3 5 4 1 9 10 0 0 0 0 0 1 1 0 0 0 0 1 3 0 0 43 3 11 1 0 11 3 0 4 0 5 1 0 2 37 10 5 2 0 1
250 23 436 32 46 163 564 4712 1399 4635 1467 977 92 0 0 0 0 0 5 0 4 7 0 1 3 0 0 0 162 257 31 27 33 4 0 0 0 9 2 0 16 0 7 82 197 19 0 7 9 207 12 70 189 152 39 0 30 4 0 0 5 6 3 1 5 85 12 2 2 7 9 554 135 850 2 4 1378 592 368 76 41 215 33 24 10 9 4 220 62 106 21 26 25 7 4 4 4929 888 3 3 2 17 10 21 19 12 0 4 1 7 9 17 0 1 1 1 0 0 0 0 0 2 0 4 3 1 1 0 0 1 8 1 19 11 0 13 0 0 5 0 0 0 1 3 5 1 3 0 1 12 0 4 2 2 0 1 16 2 7 21 1 2 1 3 13 1 3 2 1 5 6 5 3 1 0 4 5 3 19 1 45 23 52 8 3 32 1 3 7 0 5 9 5 1 12 4 3 2 0 1
505 25 2902 41 43 387 1387 6797 4635 9239 8117 19474 1 0 0 1 0 1 1 0 5 5 0 0 2 0 0 0 441 286 33 21 9 0 0 0 0 3 1 0 69 2 3 4 1 2 1 15 38 3 31 109 388 462 85 25 21 6 0 0 2 7 3 0 0 1 32 0 2 47 24 127 18 23 1 0 2135 7 461 2 97 0 195 121 52 23 0 33 8 4 6 186 108 30 3 7 1011 1610 2 2 49 232 220 316 203 575 10 19 47 205 280 343 0 0 0 0 1 0 0 0 0 2 0 2 2 1 1 0 0 0 42 1 164 53 1 12 0 0 14 0 0 0 0 6 8 1 7 0 1 0 0 2 0 7 1 3 1 6 4 7 11 5 2 25 34 0 0 0 0 0 8 3 2 0 0 1 12 1 4 0 256 30 24 3 0 37 2 2 3 0 18 1 3 6 222 41 10 4 1 0
147 52 148 70 688 443 147 1026 1467 8117 4940 5297 7 1 0 0 0 2 0 1 31 29 4 1 5 0 1 1 142 526 245 155 73 11 0 0 0 29 1 1 54 2 5 2 5 3 3 6 16 8 0 20 99 92 16 5 154 4 1 2 4 5 4 1 0 0 41 2 3 11 10 1338 198 143 10 0 3174 9 2256 1 24 5 47 32 29 27 6 13 8 5 12 48 40 7 8 54 1028 358 5 1 66 302 188 327 195 429 4 34 26 139 216 339 1 2 2 0 0 0 0 0 1 1 1 23 3 2 5 0 0 1 107 1 257 193 2 59 0 0 41 3 0 0 0 21 37 4 2 4 11 3 2 3 3 30 7 1 11 22 1 13 29 13 3 19 129 1 2 0 0 1 21 18 8 2 0 0 17 13 4 0 496 102 45 1 1 113 3 1 7 3 37 4 5 26 196 24 29 8 0 1
305 120 9356 261 3770 15896 114 1292 977 19474 5297 20041 11 2 2 4 2 6 17 2 159 145 35 7 39 3 4 4 286 904 787 1790 1655 66 0 1 5 246 9 4 274 9 13 11 13 6 14 43 54 6 19 39 144 88 52 42 370 47 10 12 16 36 17 6 12 1 306 23 16 31 31 2453 1072 178 73 4 546 16 2702 6 73 3 163 190 221 173 29 30 14 7 31 119 74 35 17 485 769 303 55 16 171 730 441 737 462 1136 22 61 69 347 465 772 0 1 4 2 4 4 4 3 6 4 2 46 13 3 16 0 0 0 256 3 519 320 1 101 2 2 87 12 2 4 0 46 83 6 24 3 30 8 5 3 5 58 2 6 16 25 3 24 51 34 9 76 228 2 4 1 2 3 44 30 23 3 0 1 45 20 6 1 1068 198 93 13 1 210 1 0 13 10 94 11 19 46 422 51 70 18 0 3
1 1 0 0 4 3 3 0 92 1 7 11 5395 5 6 61 75 268 5146 868 1 7 8 40 9 3 138 101 12 5 9 6 33 4 6 0 5 277 136 7 14 9 22 5867 1995 1558 10 16 8 404 1 2 6 2 0 0 9 14 4 4 101 6 18 138 235 1786 10 14 28 1 1 31 401 471 17 11 292 654 447 2 14 75 2 3 4 6 6 117 86 181 151 5 2 3 12 11 192 60 9 3 0 1 0 0 3 2 0 1 1 3 0 0 2 103 647 9 4 24 0 445 7 291 4 4 0 4 8 30 1 224 4 4 6 4 1 5 15 2 6 17 491 10 180 0 3 4 170 4 32 2068 4 4 5 1 1 2 0 1 0 5 1 0 0 0 8 6 125 54 22 930 1 7 6 2 7 83 1 2 205 21 4 6 65 1 24 6 1 4 15 0 1 23 7 6 3 0 1 1 1 1
0 0 0 0 6 1 0 0 0 0 1 2 5 3462 6942 765 725 106 174 162 11 11 126 123 8 15 1193 869 5 2 6 29 34 241 2557 2931 192 59 112 354 111 11 80 117 2 15 233 27 9 0 0 0 0 0 0 1 6 151 866 1293 33 13 31 65 126 1 5 42 40 1 2 4 17 445 116 4 1 10 5 0 2 0 1 1 4 5 2 2 2 1 24 1 1 1 7 50 0 0 3 1 0 0 0 0 0 0 0 0 0 0 0 1 73 209 11 130 14 119 26 113 166 605 270 6 2 4 28 5 9 129 4 3 0 0 2 9 191 23 7 103 8 187 7 1 5 6 1 0 198 35 15 1 2 0 0 0 1 0 0 1 0 1 0 1 3 11 2 7 6 2 0 7 1 3 3 12 1 1 6 1 2 7 329 6 1 4 0 0 0 1 1 2 3 1 0 0 3 3 0 3
2 1 1 0 17 6 0 0 0 0 0 2 6 6942 17824 14615 590 1870 249 869 88 50 1359 168 19 43 995 4919 13 6 15 24 67 302 937 1580 697 135 518 204 1451 60 116 77 5 64 188 105 142 3 1 0 1 0 9 6 8 156 1326 1670 166 36 37 69 443 5 7 53 148 14 14 8 41 500 129 29 2 11 10 0 3 0 12 2 7 5 5 13 11 2 38 35 3 12 47 50 1 0 9 0 0 0 0 2 2 0 0 0 0 0 0 1 71 201 8 93 9 127 30 171 129 621 203 6 2 4 33 4 11 139 3 2 1 3 1 4 161 24 6 75 18 152 13 0 1 10 7 3 128 69 19 2 3 0 1 0 0 0 0 0 0 1 0 1 3 12 5 10 17 10 2 6 2 4 4 14 1 2 15 2 1 12 273 5 1 4 0 0 3 3 0 6 9 2 1 0 5 6 0 6
8 0 5 1 20 4 2 3 0 1 0 4 61 765 14615 10016 163 3198 3195 321 58 47 853 587 26 106 819 5014 14 15 22 32 34 226 78 107 493 273 1491 149 1769 226 388 18 11 318 43 104 780 9 5 0 3 5 42 37 16 118 74 778 393 82 31 44 103 15 15 50 62 86 68 9 34 90 124 46 1 2 5 0 15 5 24 9 2 9 12 50 46 16 57 202 35 156 424 58 0 2 6 2 0 0 0 0 0 1 0 0 0 0 0 0 27 107 84 46 0 14 7 121 22 285 10 1 2 5 9 23 11 258 1 1 1 0 0 3 105 3 0 18 89 40 34 0 0 9 12 2 47 144 6 5 4 0 1 1 0 2 0 0 0 0 0 0 3 7 5 20 10 25 0 0 0 6 4 18 2 4 32 4 1 2 60 2 4 0 0 2 12 0 0 16 9 3 1 0 1 0 1 1
2 0 0 0 5 2 1 0 0 0 0 2 75 725 590 163 511 392 398 1338 79 135 781 70 70 47 34 35 5 5 7 10 19 98 98 1016 876 435 19 267 389 24 40 18 35 387 258 7 30 6 0 1 4 3 4 1 4 27 483 827 629 13 6 9 29 27 14 33 10 5 3 3 33 206 11 5 0 4 3 1 1 1 6 7 26 25 13 9 8 6 158 6 2 4 17 11 2 0 18 4 0 1 0 0 2 0 0 0 0 0 1 2 82 67 14 94 19 25 48 13 182 243 135 25 9 20 95 4 5 47 9 5 3 4 2 16 102 44 26 172 12 221 23 0 8 6 9 2 205 71 76 5 1 0 0 0 0 0 0 1 1 0 0 0 5 24 10 13 13 15 4 17 3 9 10 17 2 1 13 2 5 31 130 14 5 17 0 1 0 5 4 2 7 0 3 0 7 13 2 8
12 1 10 0 13 4 2 2 0 1 2 6 268 106 1870 3198 392 4582 4940 424 19 34 252 1685 27 115 3501 751 10 11 17 16 47 116 189 76 828 505 1494 107 583 129 545 23 26 6013 78 103 497 9 8 2 6 1 16 18 13 28 74 367 2443 102 58 205 190 81 16 26 69 144 98 9 56 185 24 60 3 4 10 0 21 5 11 8 10 17 17 60 50 15 106 217 56 200 482 21 4 0 17 5 2 2 0 0 0 0 0 1 0 0 0 0 17 393 609 37 1 101 2 390 8 1005 8 0 1 3 6 116 15 1496 9 3 3 0 0 7 70 11 2 26 457 23 174 0 12 15 98 29 96 751 9 1 7 1 1 1 0 0 0 2 0 0 0 1 9 8 10 123 22 219 0 5 5 4 13 102 0 0 49 3 1 5 93 3 11 3 2 2 14 2 0 18 12 2 1 1 1 0 0 1
9 0 6 3 13 12 0 0 5 1 0 17 5146 174 249 3195 398 4940 18474 4420 103 294 375 678 191 254 2344 424 23 3 14 23 74 18 505 16 136 1319 64 680 249 53 238 5615 931 2242 402 53 193 261 5 11 13 4 6 3 17 15 127 40 490 59 80 79 93 479 42 118 35 43 35 40 220 3081 41 40 17 230 31 16 21 80 13 35 46 75 73 188 141 172 893 77 14 82 184 22 9 2 77 23 1 6 1 1 7 4 0 2 0 0 0 1 159 681 497 250 43 256 83 1313 338 2351 324 87 25 35 171 73 51 1606 23 15 11 6 10 52 548 83 62 384 471 415 138 2 33 54 125 23 621 961 121 13 10 4 7 4 5 2 0 9 6 3 1 4 31 50 81 117 78 421 11 39 23 27 32 153 6 3 268 35 11 85 837 53 46 48 1 6 18 29 9 34 34 10 7 1 23 29 13 27
1 1 5 1 3 4 0 0 0 0 1 2 868 162 869 321 1338 424 4420 3262 65 94 730 201 62 124 158 31 3 2 3 6 14 42 137 157 210 206 12 480 526 43 109 445 204 782 218 18 82 63 0 2 7 1 3 4 3 18 178 207 397 22 24 13 21 92 4 29 12 14 7 3 19 451 9 16 4 50 8 1 4 13 6 4 9 10 13 31 28 46 263 14 2 19 63 5 2 1 11 8 0 0 1 0 3 0 0 2 0 0 1 0 134 185 43 203 17 74 35 88 196 545 168 15 4 15 100 5 36 170 1 5 5 0 9 11 289 38 24 166 31 346 19 2 14 20 15 2 245 148 57 8 7 0 1 3 0 0 0 4 0 2 0 0 4 42 16 21 22 53 5 8 4 10 7 32 1 3 59 5 2 21 237 15 13 10 0 2 5 8 1 4 10 4 1 0 4 9 4 16
72 41 59 74 215 233 1 5 4 5 31 159 1 11 88 58 79 19 103 65 5855 6967 2741 65 206 33 11 15 40 164 232 226 324 256 5 2 163 627 13 121 815 28 75 30 5 7 77 50 87 0 4 5 20 12 32 1186 140 191 28 40 17 59 49 9 18 1 44 34 16 46 39 150 667 169 180 14 38 5 154 0 9 2 347 56 5206 277 16 14 8 6 38 38 12 31 62 548 7 5 287 11 3 7 3 8 3 2 0 11 1 1 3 7 3 0 4 6 4 3 4 1 16 13 13 40 16 4 25 0 0 1 16 2 20 26 3 37 5 4 36 48 0 13 1 8 16 3 4 0 50 6 14 2 3 7 0 0 2 4 0 1 11 9 1 0 42 8 10 5 3 4 16 26 19 7 4 1 4 4 7 0 33 45 56 22 1 61 1 1 4 7 10 5 3 5 23 7 13 12 1 4
38 16 32 34 252 125 2 9 7 5 29 145 7 11 50 47 135 34 294 94 6967 21215 4552 599 6227 589 173 15 64 151 228 378 636 578 16 5 381 1400 51 2082 686 166 1003 124 21 44 768 186 330 35 11 29 92 27 52 149 154 363 70 81 161 666 493 138 57 7 375 80 63 556 146 230 1338 326 295 146 45 9 257 1 73 2 376 553 6607 2988 176 99 79 57 209 183 61 311 869 691 9 6 4444 75 0 5 6 5 9 4 1 6 1 2 0 9 5 4 3 22 14 8 19 1 43 45 55 54 17 17 58 0 1 11 19 3 15 17 0 39 10 18 35 119 5 51 3 6 20 2 9 2 132 25 36 16 28 2 1 7 2 2 2 3 10 5 0 2 23 14 10 12 27 6 12 36 16 10 26 17 8 9 47 9 33 65 100 30 26 64 3 7 31 7 16 77 18 7 17 1 23 18 4 10
6 2 7 1 36 6 0 1 0 0 4 35 8 126 1359 853 781 252 375 730 2741 4552 14377 7120 1030 6218 686 113 33 16 23 102 196 410 45 29 760 1027 175 3799 7831 3330 1645 79 12 32 918 121 993 17 3 1 6 7 60 50 31 69 86 149 213 138 101 54 26 6 111 53 57 143 59 80 300 122 69 83 12 9 57 0 30 1 54 40 133 144 36 71 74 48 149 174 32 144 556 73 8 5 135 17 0 1 1 0 3 3 0 1 0 3 0 4 11 23 1 24 9 11 15 13 49 72 41 35 6 5 29 0 3 15 7 1 5 12 1 15 25 13 14 54 5 43 2 0 8 2 1 0 57 17 17 2 19 3 1 2 4 0 1 1 3 2 0 2 6 9 5 12 21 2 4 10 8 6 7 6 2 3 31 11 7 13 52 14 10 26 3 1 14 9 8 35 7 2 8 1 3 11 2 5
4 0 3 2 7 1 0 1 1 0 1 7 40 123 168 587 70 1685 678 201 65 599 7120 13094 848 3488 6443 320 69 6 71 10 17 34 596 25 40 100 1056 4238 1981 3384 3630 32 35 885 2554 125 843 17 0 0 14 5 36 36 88 54 435 37 2857 201 320 1691 338 30 184 263 467 140 60 9 54 204 184 276 4 4 7 0 13 1 32 42 34 177 134 34 56 28 746 131 17 81 404 28 0 1 186 77 0 1 0 0 0 0 0 2 0 0 0 0 6 68 70 17 2 41 3 170 16 237 38 5 1 3 5 4 3 111 2 0 0 0 0 5 43 2 5 11 80 19 24 0 1 4 26 2 44 208 2 7 12 0 1 6 0 0 1 0 0 0 0 0 9 0 27 19 22 34 2 6 0 3 8 42 1 4 76 10 0 3 73 1 20 1 0 0 19 0 0 28 9 1 2 0 1 0 1 0
21 3 9 3 47 14 2 2 3 2 5 39 9 8 19 26 70 27 191 62 206 6227 1030 848 18872 519 222 15 158 35 136 93 234 114 19 5 114 627 43 3751 215 172 1181 85 21 90 3103 228 147 25 17 21 57 37 27 41 246 96 32 13 252 841 715 235 157 7 1198 70 98 421 169 69 798 245 188 127 21 6 156 1 51 2 174 461 784 2829 3837 54 83 34 209 88 44 133 458 207 4 2 4931 766 0 1 1 3 4 1 1 1 0 0 1 0 19 16 6 17 14 11 16 6 64 43 53 35 8 8 58 0 0 7 7 1 4 6 0 24 3 14 26 104 5 44 5 4 17 3 8 0 88 22 26 12 21 2 0 2 3 0 0 2 3 2 0 0 13 6 4 10 18 6 6 12 9 5 16 10 3 3 50 6 8 35 67 12 14 12 0 3 16 5 6 48 14 0 4 0 5 11 3 1
1 0 0 0 0 0 0 0 0 0 0 3 3 15 43 106 47 115 254 124 33 589 6218 3488 519 5211 1098 6 6 0 0 2 1 5 47 3 10 39 10 3764 326 125 199 40 0 17 512 8 44 3 1 1 2 3 5 1 12 1 22 0 32 22 15 10 7 0 43 3 2 14 9 3 17 84 1 1 0 3 1 0 0 0 3 14 23 43 11 3 6 4 14 8 3 11 51 6 0 0 44 4 0 0 0 0 0 0 0 0 0 0 0 0 9 43 5 14 3 9 3 44 22 102 28 0 1 3 1 0 1 35 0 0 0 0 0 1 23 4 5 14 1 26 1 0 0 1 0 0 26 10 0 1 0 1 0 0 0 0 0 0 0 0 0 0 0 2 2 0 3 1 0 1 1 0 0 4 0 2 2 0 1 1 51 1 1 0 0 0 0 0 0 2 1 0 0 0 1 0 0 1
1 0 2 0 15 7 0 0 0 0 1 4 138 1193 995 819 34 3501 2344 158 11 173 686 6443 222 1098 22837 8972 149 15 145 18 23 52 4612 179 38 86 608 2060 250 155 1165 55 30 1565 1587 63 84 12 1 4 9 11 1 12 191 188 1697 181 1348 195 686 1473 1785 83 170 540 152 61 29 6 37 911 469 56 1 6 9 0 6 1 21 27 20 98 131 10 23 11 209 21 6 27 119 85 1 2 118 90 0 5 1 1 0 0 0 0 0 0 0 0 42 407 262 64 1 143 7 1112 33 1287 53 3 1 4 13 30 14 718 8 5 0 3 3 5 232 8 4 36 404 54 108 1 7 15 51 7 101 974 10 4 7 0 1 4 0 0 0 1 1 0 0 0 9 7 60 40 18 198 0 7 2 5 11 77 0 2 62 9 0 5 309 7 11 0 0 3 1 0 1 11 7 2 0 0 0 2 1 3
3 1 2 1 55 7 0 0 0 0 1 4 101 869 4919 5014 35 751 424 31 15 15 113 320 15 6 8972 8248 129 21 150 43 44 214 423 185 167 58 4461 30 299 76 100 9 21 662 157 89 112 4 0 1 10 11 10 6 188 533 802 930 378 75 150 392 1753 92 81 424 210 14 22 6 19 406 820 29 1 0 2 0 3 0 11 27 8 19 67 11 15 5 94 39 7 22 31 310 0 1 31 33 0 1 0 1 2 0 0 1 0 0 0 0 20 272 499 22 5 64 2 892 16 840 20 4 2 4 5 40 9 679 3 3 4 2 0 6 75 4 6 33 605 38 139 0 3 12 57 9 60 1324 7 0 3 1 1 2 0 0 0 0 0 0 0 0 8 2 44 65 21 254 2 1 4 3 8 62 1 2 47 2 1 5 119 1 5 2 0 1 5 1 0 7 4 2 0 0 0 0 0 1
4335 185 743 170 629 259 2861 757 162 441 142 286 12 5 13 14 5 10 23 3 40 64 33 69 158 6 149 129 33017 9388 1877 279 251 38 3 0 12 144 69 43 166 18 178 6 22 38 73 342 50 19 180 496 5314 11458 490 21 4714 118 15 10 91 862 795 306 514 8 4103 268 238 473 252 322 392 196 1033 71 119 9 286 7 352 7 1480 1446 173 166 328 66 31 23 86 539 435 131 126 1211 64 5725 306 949 32 112 76 105 75 132 3 17 10 31 59 108 0 3 6 1 0 1 2 5 3 7 4 53 13 6 17 0 1 1 71 4 139 161 0 67 1 2 46 15 11 5 7 22 42 1 14 0 25 30 3 6 15 27 0 6 20 9 9 9 24 11 3 17 137 4 6 15 14 4 20 21 39 2 14 13 15 9 42 9 235 104 85 21 21 112 4 3 24 8 45 22 24 14 63 14 28 13 2 1
9482 2312 521 2330 6839 1903 1566 532 257 286 526 904 5 2 6 15 5 11 3 2 164 151 16 6 35 0 15 21 9388 31179 5076 624 319 31 1 2 9 65 34 1 698 16 30 7 6 14 7 148 236 13 126 318 730 655 242 179 4008 47 14 7 36 125 39 37 70 5 725 52 58 266 240 539 198 182 157 18 218 0 152 2 438 11 1032 818 775 428 22 192 63 16 51 803 485 242 81 632 219 1431 90 39 188 768 453 889 550 1128 15 36 67 253 414 756 1 0 4 1 2 0 0 2 3 1 2 54 17 1 13 0 0 0 287 5 500 310 4 84 0 1 75 6 1 2 0 64 79 10 10 2 14 14 2 4 6 74 5 1 23 16 5 14 61 40 3 66 263 1 6 1 10 3 44 33 17 2 4 4 42 20 9 3 759 161 75 8 8 154 2 1 28 7 101 11 20 35 240 48 78 12 0 2
285 84 86 232 11090 2967 69 24 31 33 245 787 9 6 15 22 7 17 14 3 232 228 23 71 136 0 145 150 1877 5076 14506 595 228 44 1 1 8 111 114 8 523 23 113 8 12 33 77 327 123 14 39 72 200 147 95 116 12150 93 31 35 124 432 478 237 541 6 2136 308 263 186 175 203 183 72 2765 53 79 0 106 1 142 3 489 632 759 991 409 93 45 21 79 256 130 91 97 4678 90 86 1076 4327 63 285 165 289 171 387 5 15 12 70 146 272 0 3 5 4 2 1 3 2 6 7 3 17 6 3 5 0 1 2 105 3 159 116 0 45 2 1 24 8 12 3 11 20 35 3 10 1 9 32 3 4 11 17 2 4 9 5 3 10 25 8 1 23 85 2 4 9 13 2 14 10 1 3 10 9 16 7 21 3 319 48 25 5 11 58 2 3 9 3 30 22 9 18 90 16 20 4 1 2
47 7 30 16 4022 3039 16 6 27 21 155 1790 6 29 24 32 10 16 23 6 226 378 102 10 93 2 18 43 279 624 595 5331 7841 3786 3 2 26 555 98 5 221 4 35 11 2 11 29 165 48 6 19 47 74 46 35 33 323 2392 85 699 52 89 38 37 81 3 275 208 70 44 71 619 725 131 2893 31 107 7 225 1 64 1 149 196 276 269 64 43 19 7 66 102 80 48 25 5421 85 37 154 19 31 96 55 92 61 99 4 14 4 8 41 108 1 2 6 0 4 0 2 3 3 8 3 28 15 2 10 1 0 6 81 2 154 133 1 58 2 1 54 16 8 4 1 17 34 4 9 0 23 18 5 2 3 22 2 0 6 13 0 10 30 13 2 16 138 4 7 5 3 3 24 25 25 9 3 7 28 13 19 3 279 96 84 12 6 126 2 4 12 11 45 9 12 19 70 17 29 16 0 2
29 5 18 14 812 348 16 9 33 9 73 1655 33 34 67 34 19 47 74 14 324 636 196 17 234 1 23 44 251 319 228 7841 9172 3857 5 2 43 4589 91 21 253 11 42 322 26 37 95 96 52 8 17 42 105 52 39 26 218 817 96 543 103 61 31 29 83 9 307 339 44 53 57 3148 3083 381 1175 46 156 65 461 4 85 8 193 212 304 330 218 57 25 11 135 138 78 37 30 2042 155 39 215 50 13 73 28 53 51 58 0 14 2 11 16 57 3 7 9 10 8 4 9 3 18 14 27 72 25 11 28 0 3 7 82 2 123 131 1 91 6 5 72 66 7 16 4 16 41 4 8 0 85 27 23 8 7 26 3 4 13 12 5 8 44 10 4 8 129 4 7 4 5 0 22 37 60 17 3 10 28 20 22 1 243 146 138 45 5 146 2 0 7 7 50 8 15 23 73 14 37 15 1 10
12 1 4 0 123 37 3 1 4 0 11 66 4 241 302 226 98 116 18 42 256 578 410 34 114 5 52 214 38 31 44 3786 3857 5391 7 38 678 367 280 16 143 18 51 2 5 17 164 119 26 1 1 15 24 19 10 5 35 1140 3844 7398 158 46 38 49 235 5 122 2457 102 18 31 80 103 62 938 57 9 2 17 0 16 0 49 54 132 143 248 14 15 3 130 33 9 11 20 357 6 4 108 27 0 2 4 4 5 2 0 3 0 2 1 0 3 2 7 1 2 1 6 5 6 7 9 11 8 1 12 0 0 12 7 1 18 15 0 9 2 5 14 15 14 13 6 1 9 0 9 0 20 28 13 0 2 6 0 3 2 0 1 2 0 1 0 1 8 1 4 5 3 10 1 11 4 10 1 7 2 1 15 0 18 35 18 11 5 40 0 2 1 2 8 1 3 2 4 1 6 2 0 3
0 0 0 0 0 0 0 0 0 0 0 0 6 2557 937 78 98 189 505 137 5 16 45 596 19 47 4612 423 3 1 1 3 5 7 5797 778 15 36 9 1796 27 45 227 69 2 26 2472 8 6 0 1 0 0 0 0 0 5 21 1572 58 32 10 32 82 52 2 8 58 6 3 1 0 16 417 38 5 0 10 10 0 0 0 0 2 1 3 12 1 1 0 10 0 0 2 6 6 0 0 3 5 0 0 0 0 0 0 0 0 0 0 0 0 61 244 10 86 7 129 19 240 105 578 169 5 3 10 18 5 10 203 5 3 0 0 1 1 154 22 6 73 11 124 5 0 4 8 7 2 121 42 16 3 1 0 0 0 0 0 0 0 0 0 0 0 1 9 2 9 5 6 3 6 2 2 7 10 1 1 4 1 2 6 231 3 2 1 0 0 0 2 0 1 3 1 0 0 0 1 0 3
0 0 0 0 1 0 0 0 0 0 0 1 0 2931 1580 107 1016 76 16 157 2 5 29 25 5 3 179 185 0 2 1 2 2 38 778 159 266 5 87 81 11 2 21 5 1 4 133 5 4 1 0 0 0 0 1 0 1 11 902 361 29 7 4 20 57 1 1 6 15 3 2 0 0 16 13 3 0 1 1 0 0 0 0 1 0 0 1 1 0 0 7 0 0 0 2 4 0 0 1 0 0 0 0 0 1 0 0 0 0 0 0 0 5 10 1 13 4 2 10 8 16 28 31 3 1 3 14 1 0 6 1 0 0 0 0 2 8 5 8 14 3 13 3 0 1 4 0 0 29 4 10 0 1 0 0 0 1 0 0 0 0 1 0 0 1 2 2 2 2 0 1 3 0 1 0 3 1 0 3 0 0 5 13 1 0 1 0 0 0 2 1 0 0 1 0 0 1 1 1 2
5 1 2 1 2 6 0 1 0 0 0 5 5 192 697 493 876 828 136 210 163 381 760 40 114 10 38 167 12 9 8 26 43 678 15 266 5409 1197 231 54 173 21 44 5 8 103 181 39 19 4 0 3 9 2 3 1 11 58 3928 2337 548 20 27 44 94 8 33 1225 38 6 7 11 31 80 44 63 0 0 5 0 5 0 17 24 49 60 52 7 11 4 350 8 3 2 13 20 1 0 56 10 0 2 2 0 2 2 0 1 0 0 0 2 10 7 8 9 16 5 16 6 39 41 39 36 19 6 45 1 0 10 17 3 4 8 0 30 15 12 32 104 13 58 13 1 9 2 7 0 91 33 42 6 1 2 1 1 1 0 0 0 2 2 0 2 7 10 12 11 7 12 11 20 10 14 5 9 3 2 15 5 8 43 55 31 3 33 0 0 0 10 2 6 5 2 4 0 8 19 4 9
20 5 14 12 129 95 4 4 9 3 29 246 277 59 135 273 435 505 1319 206 627 1400 1027 100 627 39 86 58 144 65 111 555 4589 367 36 5 1197 12231 153 228 401 35 216 601 183 425 661 114 75 34 14 49 155 41 52 30 181 336 250 281 757 77 82 82 133 76 323 734 76 57 67 898 3285 1545 373 125 47 85 284 2 51 16 138 197 372 485 625 58 59 53 1272 95 68 34 60 262 27 11 418 133 8 34 12 21 26 11 0 22 0 4 4 17 77 53 49 79 62 35 69 37 207 237 209 259 109 47 248 5 7 65 90 15 53 55 6 118 88 66 160 435 34 251 25 18 82 14 22 2 550 166 181 8 9 20 4 2 4 7 4 4 27 20 3 14 85 50 64 52 40 49 61 147 109 48 23 66 9 9 115 16 77 275 397 175 34 238 0 4 11 64 44 28 27 18 60 9 100 95 17 53
9 2 5 5 61 15 0 0 2 1 1 9 136 112 518 1491 19 1494 64 12 13 51 175 1056 43 10 608 4461 69 34 114 98 91 280 9 87 231 153 14222 17 727 317 716 9 38 490 53 865 360 15 1 3 8 3 24 18 115 603 89 888 4227 245 119 738 7628 99 47 217 3337 67 173 14 38 50 690 557 3 0 9 0 56 1 23 17 16 30 24 69 125 23 472 137 20 68 156 334 2 4 40 16 0 2 0 0 0 0 0 0 0 0 0 1 0 187 623 9 1 23 2 486 3 353 8 2 0 1 4 37 1 461 4 2 1 2 0 9 4 5 8 14 682 7 287 0 4 7 141 7 22 1918 4 11 11 0 1 5 0 0 0 1 1 1 0 0 8 2 139 104 28 285 0 2 4 6 18 86 1 3 145 19 2 4 11 1 18 4 0 4 15 0 1 28 5 2 1 0 6 0 1 3
1 1 5 1 8 4 0 1 0 0 1 4 7 354 204 149 267 107 680 480 121 2082 3799 4238 3751 3764 2060 30 43 1 8 5 21 16 1796 81 54 228 17 5380 427 285 835 239 11 51 3679 45 104 7 1 1 14 8 6 8 52 7 280 3 111 146 169 112 47 2 244 30 20 92 17 9 84 449 12 45 3 23 29 1 12 0 29 85 85 291 74 10 15 16 55 24 10 23 172 6 0 0 253 25 0 0 1 0 2 2 0 1 0 0 0 1 69 196 9 124 23 92 33 112 204 546 297 13 12 11 42 4 12 146 2 4 2 5 2 6 202 42 19 161 6 211 7 1 9 12 4 1 240 30 43 5 8 1 0 0 0 0 0 1 1 1 0 0 3 20 5 16 14 3 1 7 6 1 11 16 5 2 15 2 1 15 248 9 4 7 2 1 3 4 0 12 4 1 0 1 5 9 4 4
689 156 367 262 503 639 55 169 16 69 54 274 14 111 1451 1769 389 583 249 526 815 686 7831 1981 215 326 250 299 166 698 523 221 253 143 27 11 173 401 727 427 4914 3372 611 29 26 150 154 507 2393 44 39 27 67 28 955 741 320 151 22 73 822 262 123 58 135 31 133 49 353 229 298 212 412 170 192 401 88 10 203 0 185 12 1187 270 578 261 37 362 434 125 559 1190 267 440 347 525 26 26 162 59 16 48 24 45 39 39 2 18 4 8 26 48 2 11 10 3 5 6 3 10 17 26 19 49 7 5 24 1 1 17 47 4 64 69 1 44 6 2 37 25 8 15 6 11 30 3 10 1 32 52 9 10 14 20 3 6 3 4 6 10 19 8 0 5 100 6 10 9 13 15 17 23 40 12 20 19 9 15 58 20 136 67 52 23 21 99 1 7 33 6 29 47 21 18 37 3 25 12 3 9
13 6 13 2 13 5 0 4 0 2 2 9 9 11 60 226 24 129 53 43 28 166 3330 3384 172 125 155 76 18 16 23 4 11 18 45 2 21 35 317 285 3372 5327 3251 11 18 94 340 136 2557 15 3 3 2 1 41 27 21 11 24 10 1047 56 61 34 92 14 49 26 382 39 41 3 27 20 26 268 1 1 4 0 11 0 25 11 20 36 21 53 92 26 483 367 29 58 193 9 1 0 43 5 0 0 0 0 0 0 0 0 0 0 0 0 2 6 3 1 0 2 2 5 2 20 3 1 0 0 1 0 0 5 1 0 0 0 0 3 3 0 0 6 7 2 12 0 0 0 11 0 7 41 0 1 3 0 0 5 0 0 0 0 0 0 0 0 0 1 16 8 10 8 1 1 1 0 9 20 1 3 29 7 4 1 9 0 4 1 0 2 6 0 1 16 3 0 0 0 0 0 0 0
14 5 12 3 28 11 2 5 7 3 5 13 22 80 116 388 40 545 238 109 75 1003 1645 3630 1181 199 1165 100 178 30 113 35 42 51 227 21 44 216 716 835 611 3251 4135 54 331 554 1920 444 2156 215 7 5 27 11 16 15 232 122 313 54 4362 722 1328 5967 1079 243 470 346 2403 467 120 21 116 66 315 2285 21 4 22 0 40 8 37 103 80 379 211 157 332 357 4724 201 84 394 4690 77 9 8 473 158 0 7 0 1 1 1 0 0 0 0 0 0 1 30 22 14 2 11 5 53 13 69 9 3 4 1 9 3 1 29 19 5 3 1 0 8 24 3 6 12 24 13 54 2 3 37 136 1 28 255 8 77 114 0 6 74 2 1 1 6 0 0 0 0 13 8 105 172 214 113 1 3 7 12 171 281 4 33 681 142 2 8 33 5 196 10 17 34 119 1 0 313 110 5 5 0 1 5 0 4
0 0 1 4 6 5 2 0 82 4 2 11 5867 117 77 18 18 23 5615 445 30 124 79 32 85 40 55 9 6 7 8 11 322 2 69 5 5 601 9 239 29 11 54 5762 1961 221 210 35 15 681 5 42 10 2 4 3 8 5 70 3 45 18 42 24 29 319 18 87 31 4 9 49 2846 3104 17 26 289 2385 2202 55 50 313 9 19 22 42 35 423 163 303 251 9 3 3 29 10 143 52 33 11 1 6 2 1 1 1 0 4 0 1 0 3 71 167 43 145 21 94 38 164 216 558 206 63 29 17 83 10 18 154 26 9 7 13 6 38 182 43 59 228 34 230 15 1 15 15 29 0 386 213 78 8 20 2 1 3 6 1 9 18 4 2 0 2 13 25 49 34 28 113 7 28 7 13 16 61 3 4 128 19 12 71 514 46 25 38 4 10 25 12 5 29 13 4 3 0 11 18 5 21
3 1 1 3 4 0 14 2 197 1 5 13 1995 2 5 11 35 26 931 204 5 21 12 35 21 0 30 21 22 6 12 2 26 5 2 1 8 183 38 11 26 18 331 1961 5478 2070 13 245 106 7737 19 154 6 6 2 2 18 11 7 7 121 70 345 176 375 4673 25 16 333 22 55 46 304 580 27 196 1181 1782 733 312 181 1790 6 7 4 18 10 1947 1048 3179 1173 16 5 18 183 21 450 143 26 3 2 6 1 4 3 7 0 2 0 3 1 7 7 29 120 9 2 5 1 72 6 42 4 2 0 4 9 7 5 37 25 12 1 2 1 14 4 9 5 7 98 12 227 3 6 55 466 1 41 1701 9 53 97 3 5 61 24 2 22 58 0 1 0 3 41 11 389 382 310 1095 3 14 12 12 237 738 12 31 2247 437 9 10 16 14 394 25 13 69 132 0 2 330 107 23 24 4 2 4 2 3
2 2 1 2 5 2 3 2 19 2 3 6 1558 15 64 318 387 6013 2242 782 7 44 32 885 90 17 1565 662 38 14 33 11 37 17 26 4 103 425 490 51 150 94 554 221 2070 4714 80 47 85 59 2 3 7 4 6 4 58 46 45 45 2351 27 79 807 1328 1994 56 70 104 26 14 17 88 236 53 41 50 16 33 1 9 5 12 15 10 38 33 37 69 74 3159 51 9 24 88 33 49 17 55 20 1 7 0 1 3 1 0 3 0 1 0 0 8 373 1760 30 3 32 2 828 9 738 6 6 0 6 9 121 6 954 22 16 3 4 1 15 21 9 16 34 1355 20 837 1 8 29 813 32 81 5574 9 2 12 0 2 7 0 0 0 1 0 0 0 2 27 17 506 335 34 1777 3 17 21 11 27 464 0 2 913 42 2 12 58 15 32 24 1 13 15 2 1 35 11 16 8 1 1 0 1 2
3 0 2 0 14 4 0 1 0 1 3 14 10 233 188 43 258 78 402 218 77 768 918 2554 3103 512 1587 157 73 7 77 29 95 164 2472 133 181 661 53 3679 154 340 1920 210 13 80 5710 159 117 13 3 5 14 10 5 8 134 122 925 170 251 585 589 624 411 9 278 838 119 281 98 34 314 599 319 65 3 10 41 0 21 1 49 89 81 402 2000 25 27 15 154 23 13 57 310 55 2 1 515 202 0 5 3 3 3 0 1 1 0 0 0 0 94 100 6 161 63 72 114 32 383 412 471 78 27 40 179 8 7 84 22 9 5 6 3 57 103 113 53 446 12 399 15 2 19 17 7 1 419 48 118 17 20 3 1 1 0 1 0 6 3 4 0 2 12 52 20 33 40 6 11 38 19 18 18 42 4 8 44 9 7 68 225 34 13 32 2 4 12 18 7 30 18 6 5 0 18 32 5 23
84 12 63 18 182 35 6 23 7 15 6 43 16 27 105 104 7 103 53 18 50 186 121 125 228 8 63 89 342 148 327 165 96 119 8 5 39 114 865 45 507 136 444 35 245 47 159 18085 1309 766 3 26 28 11 11 11 436 685 29 196 411 10920 5216 274 805 49 320 429 5039 651 2183 45 99 31 1180 13523 37 4 40 3 373 55 40 77 67 180 266 5399 5077 632 3852 367 53 267 1623 768 14 11 147 67 0 9 0 5 4 5 1 0 0 2 2 4 1 6 11 3 2 4 0 4 1 4 2 3 2 4 40 7 9 11 29 18 11 6 0 6 3 5 6 12 8 21 20 6 2 175 149 3 15 85 12 1136 1538 14 41 459 21 4 50 96 2 2 0 1 25 4 46 199 1153 62 1 32 14 9 692 81 75 321 1664 262 10 15 16 11 753 30 222 391 1702 2 1 3383 1095 7 4 1 3 7 3 10
261 51 129 46 80 72 12 67 9 38 16 54 8 9 142 780 30 497 193 82 87 330 993 843 147 44 84 112 50 236 123 48 52 26 6 4 19 75 360 104 2393 2557 2156 15 106 85 117 1309 10269 174 26 8 3 10 26 8 65 48 7 14 679 511 152 50 101 90 99 18 415 503 328 47 103 61 62 912 39 4 36 2 116 7 35 46 66 126 19 548 1011 420 1424 3487 478 2186 5130 94 14 8 62 25 1 16 4 15 7 8 0 3 0 4 5 13 2 3 5 0 0 1 1 9 3 15 3 11 2 0 9 1 0 8 10 5 24 22 1 9 3 1 5 5 5 2 7 3 8 11 33 2 6 57 2 56 87 3 0 25 2 0 3 5 5 0 0 0 20 0 11 37 79 20 5 7 6 2 77 44 4 14 226 51 22 18 16 3 84 18 14 16 106 5 7 223 39 5 11 2 12 1 1 1
5 0 5 1 5 4 10 3 207 3 8 6 404 0 3 9 6 9 261 63 0 35 17 17 25 3 12 4 19 13 14 6 8 1 0 1 4 34 15 7 44 15 215 681 7737 59 13 766 174 8547 27 396 13 10 11 3 23 9 3 5 24 271 523 61 28 845 37 9 226 79 95 30 174 556 20 472 941 305 358 984 399 5836 4 10 4 24 9 4177 2161 7625 1323 38 7 54 446 14 442 80 13 4 1 7 0 3 2 3 0 0 0 3 2 5 0 2 10 4 0 3 1 9 6 19 2 5 1 3 12 0 4 11 13 9 1 2 1 5 1 1 0 2 8 5 6 2 4 35 90 2 10 89 7 258 471 0 4 164 36 3 38 129 0 0 0 1 8 1 39 107 451 92 2 8 5 5 325 74 20 104 992 225 2 4 9 7 432 9 41 243 581 2 0 1313 221 2 8 1 1 1 1 0
136 10 70 6 20 15 28 59 12 31 0 19 1 0 1 5 0 8 5 0 4 11 3 0 17 1 1 0 180 126 39 19 17 1 1 0 0 14 1 1 39 3 7 5 19 2 3 3 26 27 11719 14990 120 66 701 15 32 6 0 0 4 15 10 4 7 29 53 2 1 317 19 21 45 39 18 1 39 6 59 663 887 85 345 170 33 61 6 18 1 1 4 9511 5427 173 30 35 14 29 18 6 2 4 1 5 3 8 0 3 0 2 3 3 0 0 0 0 0 0 0 1 0 0 0 2 0 0 4 0 0 0 5 0 8 11 0 6 0 0 4 3 0 0 0 4 5 1 1 0 2 0 1 8 2 1 0 3 431 29 338 254 6 1 0 1 8 0 0 0 1 12 2 4 2 3 1 0 29 17 1 1 20 9 18 3 0 12 32 8 73 2 3 7 2 1 3 0 5 2 0 3
289 22 114 25 46 40 90 147 70 109 20 39 2 0 0 0 1 2 11 2 5 29 1 0 21 1 4 1 496 318 72 47 42 15 0 0 3 49 3 1 27 3 5 42 154 3 5 26 8 396 14990 21418 231 118 1257 18 74 21 0 0 4 25 21 6 17 252 143 12 9 297 58 66 118 322 44 4 316 68 112 13789 3278 1173 721 308 61 88 10 175 17 3 9 3386 2216 69 18 91 135 122 37 30 11 20 3 18 16 14 0 17 2 1 12 22 0 1 0 0 1 1 0 0 0 2 1 12 0 3 7 1 1 0 23 0 21 24 0 27 0 0 15 2 0 1 0 32 9 5 27 2 18 3 9 45 8 16 2 68 5375 335 6305 3782 60 8 0 2 38 0 0 0 5 125 11 13 11 1 0 1 520 243 24 0 59 47 140 9 0 168 476 131 1372 2 31 51 67 4 51 10 5 5 1 2
699 60 250 59 114 95 569 516 189 388 99 144 6 0 1 3 4 6 13 7 20 92 6 14 57 2 9 10 5314 730 200 74 105 24 0 0 9 155 8 14 67 2 27 10 6 7 14 28 3 13 120 231 12708 6416 9599 20 217 33 1 5 7 76 52 30 34 4 841 20 12 58 30 108 327 182 103 6 167 30 202 15 90 5 2322 2781 451 340 18 16 7 3 10 213 178 29 25 184 134 7318 125 68 6 33 24 33 26 37 0 11 7 21 25 31 1 2 0 1 1 0 0 0 0 2 2 39 12 6 22 0 0 1 30 3 46 57 0 33 1 2 32 19 0 5 2 16 24 0 6 0 22 6 11 0 0 18 0 1 11 4 10 4 27 5 3 4 64 4 4 2 1 2 14 29 31 9 1 1 1 2 4 1 105 82 66 27 1 90 0 0 2 13 20 2 1 8 42 3 19 16 1 3
614 31 255 21 81 78 646 551 152 462 92 88 2 0 0 5 3 1 4 1 12 27 7 5 37 3 11 11 11458 655 147 46 52 19 0 0 2 41 3 8 28 1 11 2 6 4 10 11 10 10 66 118 6416 13786 416 4 217 24 4 1 6 67 65 19 31 2 731 20 15 47 30 57 122 63 65 5 76 15 99 8 88 10 1760 6066 50 135 30 11 4 0 16 145 130 25 19 121 79 4996 49 53 8 24 15 20 11 41 0 4 2 9 14 26 0 0 1 2 0 1 0 0 1 2 1 17 6 1 3 0 0 0 18 2 20 28 0 11 0 1 12 2 1 0 1 4 13 0 1 0 6 7 2 0 0 10 0 0 8 2 4 3 10 10 0 5 31 0 3 1 2 1 6 8 13 2 0 1 2 1 2 0 37 31 22 13 2 28 0 0 3 2 10 4 0 4 27 2 17 7 0 1
296 38 144 42 47 47 105 113 39 85 16 52 0 0 9 42 4 16 6 3 32 52 60 36 27 5 1 10 490 242 95 35 39 10 0 1 3 52 24 6 955 41 16 4 2 6 5 11 26 11 701 1257 9599 416 24338 405 80 11 2 3 16 28 13 8 12 2 129 5 14 100 25 43 116 60 36 3 40 3 74 80 255 11 10279 383 308 152 7 14 5 0 4 1868 510 50 12 66 20 1291 35 18 4 11 3 12 12 11 1 1 0 4 6 22 0 0 0 0 0 0 0 0 0 1 0 16 3 4 2 0 0 0 16 0 20 28 0 18 0 0 9 10 0 1 0 6 10 0 1 1 5 0 5 3 0 6 0 0 78 4 51 36 9 5 1 1 29 0 0 1 4 2 3 8 12 3 0 0 4 1 2 2 38 25 20 10 0 30 3 2 15 1 8 5 1 2 9 2 8 3 0 3
182 50 110 43 73 98 17 51 0 25 5 42 0 1 6 37 1 18 3 4 1186 149 50 36 41 1 12 6 21 179 116 33 26 5 0 0 1 30 18 8 741 27 15 3 2 4 8 11 8 3 15 18 20 4 405 1750 81 21 0 2 26 30 14 7 6 0 38 6 4 12 5 29 70 20 29 5 14 1 36 0 13 0 4048 81 2242 163 6 5 2 0 8 147 18 17 11 85 4 8 80 28 2 10 5 8 3 9 1 1 0 0 7 11 0 0 1 0 2 0 0 0 0 0 0 11 5 1 2 0 0 0 8 0 12 13 0 6 0 0 9 4 0 1 0 2 5 1 0 0 1 1 5 1 0 2 0 0 0 2 0 0 5 2 0 0 12 0 1 0 1 0 1 4 4 0 0 0 1 0 2 0 34 10 11 3 0 10 3 1 0 1 6 3 0 3 6 1 2 1 0 0
125 55 73 122 2656 494 14 20 30 21 154 370 9 6 8 16 4 13 17 3 140 154 31 88 246 12 191 188 4714 4008 12150 323 218 35 5 1 11 181 115 52 320 21 232 8 18 58 134 436 65 23 32 74 217 217 80 81 13226 105 21 17 142 924 858 392 730 6 3341 357 335 361 270 269 286 149 1799 88 69 2 138 2 110 2 354 452 346 897 503 51 37 23 132 191 108 104 145 2002 68 85 1051 1840 34 140 71 130 92 154 1 13 4 13 55 121 1 2 8 2 1 1 2 13 8 10 9 22 9 4 17 0 0 5 56 1 147 103 0 58 1 1 35 13 12 6 11 22 26 5 16 0 13 42 3 6 18 31 2 7 6 10 3 8 16 12 3 10 116 0 9 5 24 10 21 11 21 3 13 19 17 9 47 9 199 82 46 11 19 68 2 2 15 2 36 33 13 17 46 9 22 12 0 5
9 2 5 7 140 27 7 3 4 6 4 47 14 151 156 118 27 28 15 18 191 363 69 54 96 1 188 533 118 47 93 2392 817 1140 21 11 58 336 603 7 151 11 122 5 11 46 122 685 48 9 6 21 33 24 11 21 105 7889 572 6228 238 467 196 204 994 7 235 3673 402 99 261 93 320 58 3279 114 27 0 43 0 84 1 73 122 180 234 243 43 40 7 66 54 28 24 45 1991 12 5 132 18 1 20 9 10 12 15 0 4 0 2 4 11 0 8 19 0 1 2 2 5 9 12 9 21 7 3 10 1 0 9 28 2 43 47 0 30 0 1 20 14 27 4 18 12 8 5 12 0 15 92 6 10 11 14 3 7 3 6 0 11 12 3 0 4 49 0 14 14 22 18 5 9 23 1 9 27 10 0 57 14 77 27 51 4 14 45 0 3 14 2 11 24 10 5 20 5 14 4 1 0
3 1 1 1 42 5 0 0 0 0 1 10 4 866 1326 74 483 74 127 178 28 70 86 435 32 22 1697 802 15 14 31 85 96 3844 1572 902 3928 250 89 280 22 24 313 70 7 45 925 29 7 3 0 0 1 4 2 0 21 572 4667 7065 99 50 154 373 592 4 27 1053 80 14 4 7 54 349 406 6 0 2 8 0 3 0 6 12 10 21 33 0 3 6 60 4 3 3 25 147 1 0 29 1 2 5 1 2 2 3 0 1 0 0 0 1 98 75 7 106 48 57 87 31 311 295 354 62 20 20 153 2 8 45 15 6 7 8 4 47 87 87 47 347 15 282 13 2 14 7 3 1 308 41 118 14 7 1 1 0 0 2 0 0 2 2 0 0 7 30 21 22 27 8 11 32 14 7 6 42 10 4 13 6 6 39 177 18 6 16 0 0 0 24 7 6 13 3 0 0 14 28 4 22
0 0 0 2 39 4 0 0 0 0 2 12 4 1293 1670 778 827 367 40 207 40 81 149 37 13 0 181 930 10 7 35 699 543 7398 58 361 2337 281 888 3 73 10 54 3 7 45 170 196 14 5 0 0 5 1 3 2 17 6228 7065 3642 309 87 107 185 876 7 23 5342 263 15 43 22 60 18 1160 55 2 1 8 0 9 0 11 7 22 23 96 5 7 1 89 11 2 8 16 178 3 0 14 4 0 1 3 1 0 1 0 0 0 0 0 1 3 5 18 1 1 3 2 18 9 21 7 4 2 1 6 2 0 10 3 1 2 4 0 2 6 3 2 7 26 13 13 1 5 0 10 1 12 62 5 0 5 1 0 2 1 0 0 0 0 1 0 0 4 1 3 8 7 11 2 2 0 0 15 5 0 1 27 5 2 2 2 2 5 3 0 0 6 2 1 5 4 2 0 2 2 3 1 1
16 3 8 8 32 10 1 0 5 2 4 16 101 33 166 393 629 2443 490 397 17 161 213 2857 252 32 1348 378 91 36 124 52 103 158 32 29 548 757 4227 111 822 1047 4362 45 121 2351 251 411 679 24 4 4 7 6 16 26 142 238 99 309 5907 198 301 1788 2336 339 143 156 1988 106 131 31 117 55 282 549 7 1 17 0 47 4 36 31 40 117 82 99 152 56 2544 328 44 142 570 126 4 2 134 73 0 8 1 1 5 2 0 2 0 0 0 0 12 145 741 16 6 13 1 213 9 192 13 2 1 2 6 49 4 411 30 26 3 3 2 10 15 9 8 19 591 20 689 0 3 41 693 11 56 2793 11 21 27 0 1 17 1 1 1 4 1 2 0 2 20 12 303 352 62 612 1 17 26 16 63 556 2 8 734 53 6 11 30 10 85 26 6 7 21 3 1 43 26 16 15 3 1 0 0 3
49 12 32 11 142 38 1 14 6 7 5 36 6 13 36 82 13 102 59 22 59 666 138 201 841 22 195 75 862 125 432 89 61 46 10 7 20 77 245 146 262 56 722 18 70 27 585 10920 511 271 15 25 76 67 28 30 924 467 50 87 198 27918 16367 713 741 20 1070 456 1865 9637 3653 23 67 40 1183 940 6 2 25 4 442 111 136 195 178 536 704 950 838 397 607 313 158 2744 4540 678 7 10 524 173 2 6 2 3 0 0 0 1 0 1 0 2 0 8 2 1 1 1 1 8 10 16 6 2 1 2 17 2 4 11 19 13 5 6 0 1 3 5 3 4 3 12 11 8 9 135 52 1 14 36 10 1025 763 4 25 152 26 5 41 85 1 0 0 1 10 7 31 104 605 25 1 14 4 2 182 45 80 340 565 60 4 11 14 7 185 14 235 170 1814 4 1 2077 684 6 4 1 3 4 2 6
10 3 10 5 68 35 0 2 3 3 4 17 18 31 37 31 6 58 80 24 49 493 101 320 715 15 686 150 795 39 478 38 31 38 32 4 27 82 119 169 123 61 1328 42 345 79 589 5216 152 523 10 21 52 65 13 14 858 196 154 107 301 16367 21761 5108 6209 109 1039 416 3804 2852 639 10 69 34 635 1207 14 1 13 1 132 20 94 180 154 473 369 308 889 552 2025 110 76 593 2587 221 6 15 544 235 0 7 0 0 1 0 0 6 0 1 1 1 2 13 9 5 3 6 2 9 9 17 12 7 3 4 15 3 4 11 16 9 2 1 0 2 3 10 3 6 15 15 41 3 5 104 222 5 23 199 8 306 526 4 18 184 3 2 8 25 0 0 0 0 12 12 120 339 734 119 3 16 8 10 470 379 26 106 1460 358 0 2 14 7 539 10 21 107 353 5 0 1288 460 8 8 0 3 1 2 2
10 1 7 1 41 10 1 0 1 0 1 6 138 65 69 44 9 205 79 13 9 138 54 1691 235 10 1473 392 306 37 237 37 29 49 82 20 44 82 738 112 58 34 5967 24 176 807 624 274 50 61 4 6 30 19 8 7 392 204 373 185 1788 713 5108 7503 9859 91 359 378 2142 223 75 11 38 30 558 579 1 0 21 0 22 3 27 44 41 160 145 29 58 92 1486 44 18 134 1177 141 7 8 234 124 0 2 1 0 1 0 0 1 0 0 0 0 1 31 137 5 1 2 0 107 3 59 7 4 1 0 4 5 1 59 6 3 4 0 1 4 5 5 2 6 179 10 139 0 0 28 154 0 11 740 5 25 23 0 0 23 0 0 1 3 0 0 0 0 6 4 131 114 90 125 0 7 4 6 73 216 2 10 397 87 1 3 11 6 97 6 0 14 29 0 0 92 38 4 4 0 0 1 2 0
12 1 5 1 134 36 0 2 5 0 0 12 235 126 443 103 29 190 93 21 18 57 26 338 157 7 1785 1753 514 70 541 81 83 235 52 57 94 133 7628 47 135 92 1079 29 375 1328 411 805 101 28 7 17 34 31 12 6 730 994 592 876 2336 741 6209 9859 9137 161 380 863 9806 126 159 13 74 42 1714 771 13 4 19 0 64 2 45 83 65 148 235 34 59 43 1851 53 12 39 198 739 11 12 225 163 0 7 0 2 8 1 0 4 0 0 0 0 3 54 245 19 1 7 0 186 6 114 4 5 1 2 15 22 1 143 28 20 2 0 1 6 3 16 5 14 364 10 457 0 1 46 380 1 31 2037 9 15 33 2 4 23 0 0 2 3 0 1 1 0 29 12 387 262 114 322 2 11 25 11 79 638 1 4 968 94 1 2 14 7 115 12 1 6 13 4 0 57 30 16 9 1 2 3 3 4
4 1 0 0 3 0 3 1 85 1 0 1 1786 1 5 15 27 81 479 92 1 7 6 30 7 0 83 92 8 5 6 3 9 5 2 1 8 76 99 2 31 14 243 319 4673 1994 9 49 90 845 29 252 4 2 2 0 6 7 4 7 339 20 109 91 161 2366 6 6 120 11 3 11 59 1044 11 104 543 564 140 404 48 425 8 0 2 3 2 192 288 444 1815 16 5 8 138 8 174 44 3 0 0 2 0 1 1 4 0 2 0 0 0 1 0 11 306 3 1 1 0 54 3 43 0 1 1 1 2 7 0 28 7 2 1 1 0 3 4 5 2 6 40 5 61 1 1 15 255 6 20 940 1 7 12 0 0 7 15 0 14 25 0 0 0 1 7 3 70 83 43 3703 0 1 4 2 48 147 3 5 465 55 4 4 10 2 67 10 3 14 28 1 1 65 22 2 5 1 1 0 2 0
417 90 231 151 666 556 32 91 12 32 41 306 10 5 7 15 14 16 42 4 44 375 111 184 1198 43 170 81 4103 725 2136 275 307 122 8 1 33 323 47 244 133 49 470 18 25 56 278 320 99 37 53 143 841 731 129 38 3341 235 27 23 143 1070 1039 359 380 6 9626 227 220 690 260 191 600 188 1097 135 115 16 304 6 127 4 676 4471 590 3903 809 78 49 32 172 221 149 207 450 1615 24 56 2745 1536 13 44 17 28 22 28 0 23 1 6 10 38 3 3 7 2 4 2 2 2 10 13 17 76 23 5 38 0 0 5 52 3 64 82 0 57 4 4 46 36 12 15 5 22 41 6 16 2 54 40 21 18 16 21 2 16 8 6 2 4 25 14 1 8 110 8 6 8 28 5 27 52 60 9 23 10 22 9 51 8 126 114 96 42 15 140 0 3 23 11 34 52 25 7 55 9 36 15 1 10
1 0 4 2 96 20 1 0 2 0 2 23 14 42 53 50 33 26 118 29 34 80 53 263 70 3 540 424 268 52 308 208 339 2457 58 6 1225 734 217 30 49 26 346 87 16 70 838 429 18 9 2 12 20 20 5 6 357 3673 1053 5342 156 456 416 378 863 6 227 5650 319 81 144 43 344 273 6539 64 4 2 35 0 44 1 35 42 39 74 2471 21 14 4 98 27 9 14 50 500 1 6 95 150 0 5 0 3 1 0 0 2 0 1 0 3 17 15 7 28 32 11 46 11 93 59 96 62 19 20 102 4 2 19 9 2 9 4 1 28 19 39 50 204 16 79 15 3 12 3 11 1 188 65 54 4 11 0 2 3 0 1 0 4 1 2 0 1 11 13 14 19 16 5 11 29 7 8 10 31 1 1 39 5 3 47 83 15 18 12 1 2 8 18 7 21 10 2 1 0 14 23 3 9
10 0 10 4 74 14 1 0 2 2 3 16 28 40 148 62 10 69 35 12 16 63 57 467 98 2 152 210 238 58 263 70 44 102 6 15 38 76 3337 20 353 382 2403 31 333 104 119 5039 415 226 1 9 12 15 14 4 335 402 80 263 1988 1865 3804 2142 9806 120 220 319 7731 269 627 15 48 11 675 9587 8 2 11 0 170 6 29 43 30 90 132 188 342 163 1161 142 25 69 524 399 4 6 94 59 0 13 0 0 4 0 0 0 0 1 0 1 0 11 16 12 1 4 0 20 2 11 1 3 2 1 7 1 0 25 29 17 1 1 0 4 3 6 6 5 26 4 129 6 6 83 332 2 16 571 3 80 210 5 12 116 0 0 1 11 1 2 0 1 29 14 232 436 451 162 0 11 15 17 390 705 10 46 1766 423 3 5 5 15 536 19 7 74 105 3 1 537 207 14 10 2 6 1 2 0
281 30 117 26 68 46 45 93 7 47 11 31 1 1 14 86 5 144 43 14 46 556 143 140 421 14 61 14 473 266 186 44 53 18 3 3 6 57 67 92 229 39 467 4 22 26 281 651 503 79 317 297 58 47 100 12 361 99 14 15 106 9637 2852 223 126 11 690 81 269 5718 3243 49 99 46 230 277 41 5 51 27 1239 323 159 218 138 411 242 1038 312 141 283 1220 4968 3614 2552 164 5 18 314 69 1 14 2 4 12 5 0 3 0 1 6 12 2 3 0 0 1 0 0 8 4 5 3 15 2 4 14 1 0 5 19 2 17 24 0 10 1 3 16 11 0 8 2 2 13 48 14 1 8 13 4 553 240 7 10 36 29 4 84 396 1 0 0 0 24 1 4 16 124 14 0 14 10 1 35 10 116 469 141 17 33 15 19 6 45 26 304 71 2536 4 0 702 261 5 13 0 6 5 0 2
188 41 130 22 108 52 18 65 9 24 10 31 1 2 14 68 3 98 35 7 39 146 59 60 169 9 29 22 252 240 175 71 57 31 1 2 7 67 173 17 298 41 120 9 55 14 98 2183 328 95 19 58 30 30 25 5 270 261 4 43 131 3653 639 75 159 3 260 144 627 3243 9913 52 85 34 483 760 35 3 32 17 4188 320 73 67 61 152 160 1536 261 126 425 373 118 832 775 355 11 17 110 48 2 16 0 5 4 3 0 1 0 1 4 3 0 1 1 0 0 0 0 2 4 3 2 11 1 3 15 0 2 2 9 1 16 15 0 7 0 1 11 2 0 8 2 8 3 60 15 0 5 9 2 623 198 3 16 44 37 10 90 546 1 0 0 0 18 0 2 15 106 15 2 12 8 2 29 10 157 643 155 13 30 15 28 3 31 22 457 97 3323 0 1 735 330 1 14 1 1 4 1 3
