55219 12512 7371 3587 1269 2094 7789 10324 47 702 90 1521 0 3 2 5 2 16 5 2 25 24 21 10 19 1 7 35 7700 6899 70 156 219 14 0 2 8 4 28 1 458 10 16 5 7 8 3 159 45 1 58 463 515 875 252 219 10 2 3 4 39 59 14 4 30 2 67 17 78 250 92 133 11 6 36 146 13 0 25 7 333 5 1700 715 537 30 10 132 248 20 129 614 288 182 65 54 48 1470 10 19 6 7 19 13 8 30 2 5 21 9 28 54 0 0 0 0 0 0 0 0 1 0 0 0 0 0 0 0 0 0 10 0 7 19 1 22 0 0 7 7 1 0 0 3 5 0 0 0 1 3 0 0 5 0 0 0 0 1 0 2 3 0 2 2 18 0 0 0 0 0 1 0 6 0 0 0 1 9 2 0 44 16 4 1 0 17 3 0 12 0 2 3 0 10 26 1 0 1 0 0
12512 9058 1609 12459 3323 2901 356 171 3 355 29 1674 0 3 3 5 1 14 1 2 28 20 8 5 16 0 8 18 327 1603 35 63 108 4 2 3 1 3 23 0 330 10 11 2 2 6 2 98 15 0 18 224 139 348 95 143 11 11 0 0 35 32 7 3 19 1 50 3 42 151 52 84 12 4 14 107 2 0 17 5 174 3 897 395 415 28 5 65 117 17 78 304 143 108 40 35 22 199 8 9 8 8 30 18 11 58 2 3 32 5 30 95 0 0 0 0 0 0 0 1 0 2 0 1 1 0 0 0 0 1 6 0 15 32 0 32 0 0 7 8 0 0 0 2 5 0 2 0 0 3 0 0 1 3 0 0 1 0 0 1 1 1 1 3 20 0 0 0 0 0 1 0 12 2 0 0 1 8 0 0 71 11 4 2 0 29 0 2 8 0 5 2 0 12 33 2 0 0 0 0
7371 1609 9643 9214 255 4995 751 9700 56 1950 25 14468 2 4 4 8 1 11 5 1 21 25 14 3 18 0 5 24 248 429 40 26 80 6 1 0 5 3 20 1 308 11 17 3 5 10 6 148 25 1 34 257 169 318 124 150 8 6 3 3 40 32 7 5 18 0 48 9 60 164 54 132 6 3 16 133 13 1 11 3 217 4 858 375 350 37 15 84 166 18 97 368 219 157 57 44 48 263 15 8 12 18 66 52 13 124 11 2 56 16 66 171 0 0 0 0 0 0 0 1 2 0 1 0 1 0 0 0 0 0 23 2 14 50 1 45 0 0 8 6 0 0 0 5 5 0 2 1 1 2 2 2 2 2 0 3 3 2 1 1 4 1 4 9 34 0 0 0 0 1 1 1 19 0 0 0 1 3 5 0 109 28 10 2 0 66 1 1 7 0 6 0 0 19 70 9 1 0 0 0
3587 12459 9214 16209 8401 10539 148 51 7 290 18 3977 0 1 2 2 2 9 1 1 46 9 9 4 9 0 3 14 248 2560 127 41 104 4 0 0 7 4 11 0 340 10 1 1 2 6 3 63 13 1 10 144 64 186 41 79 16 2 0 0 18 28 5 3 15 0 33 7 21 90 43 115 4 0 15 55 6 0 11 2 119 4 510 345 369 25 4 45 96 7 49 152 79 66 23 37 18 88 10 6 16 18 53 48 17 106 11 8 56 29 73 183 0 0 0 0 0 0 0 2 1 1 0 2 2 0 0 0 0 0 19 1 29 52 0 43 0 0 7 5 1 0 0 5 3 0 0 1 1 1 0 0 1 1 0 1 0 1 0 0 9 7 0 7 19 0 0 0 0 0 1 2 9 2 0 1 1 1 1 0 110 20 8 1 1 63 1 0 5 0 3 2 0 20 68 9 3 0 0 0
1269 3323 255 8401 13104 18344 581 95 6 88 76 5464 1 2 2 5 3 16 15 3 123 90 12 1 15 0 2 10 2706 4767 8638 1680 1286 137 1 0 12 28 11 0 358 6 12 5 4 5 4 42 9 1 14 102 176 459 58 89 1427 52 2 1 25 21 9 7 11 0 421 8 22 62 22 288 62 3 107 58 4 2 46 2 92 3 645 374 492 51 11 42 71 7 58 155 73 42 18 1979 19 502 28 381 13 15 29 23 5 60 2 2 16 9 37 90 0 2 5 0 0 1 0 7 4 4 0 3 2 0 0 0 0 0 19 2 14 38 1 28 0 0 16 14 1 1 0 5 4 0 4 0 4 10 1 1 1 2 0 2 1 2 0 1 2 4 0 4 20 0 1 0 0 0 1 1 10 4 0 1 0 2 8 0 69 26 10 3 0 27 2 0 4 0 11 1 1 18 32 0 2 1 0 1
2094 2901 4995 10539 18344 10270 1086 192 23 1130 84 12172 2 1 0 2 2 8 5 5 133 92 7 2 20 0 3 13 1460 5503 2179 2410 1698 60 1 0 4 16 15 2 482 5 7 5 2 9 5 58 17 1 12 102 152 259 78 127 59 19 0 2 20 12 8 6 18 2 55 8 34 77 33 426 38 4 47 63 51 0 41 2 83 4 599 262 532 37 5 39 97 6 56 155 89 62 17 374 101 563 22 5 64 57 210 149 56 355 35 16 189 75 234 590 2 0 0 0 0 0 4 3 3 3 8 5 4 1 2 0 0 0 61 1 83 172 2 123 0 0 36 17 0 0 1 11 24 1 5 1 2 5 5 0 2 4 0 4 0 3 0 1 15 9 3 15 90 0 0 0 0 2 7 2 50 8 0 0 3 1 6 0 380 65 24 2 0 215 2 1 8 2 23 2 2 58 283 14 6 0 0 0
7789 356 751 148 581 1086 11143 8775 532 2465 800 1385 0 4 2 6 1 13 8 0 25 24 9 1 3 0 3 12 3255 2138 313 370 446 38 2 0 6 16 13 0 144 5 9 2 3 7 2 56 18 2 23 272 851 1177 340 95 9 10 0 7 15 27 4 6 19 2 13 4 50 117 36 271 17 3 26 45 54 2 32 4 141 12 1342 148 180 6 5 49 110 6 56 350 161 88 20 188 265 6034 3 5 5 5 21 9 1 32 3 3 16 11 26 44 0 0 2 0 0 0 1 2 3 0 0 0 0 0 0 0 0 0 4 1 5 20 0 22 0 0 8 1 1 0 0 0 2 1 1 0 0 8 0 0 2 1 0 2 0 0 1 1 2 0 0 3 17 0 0 3 1 1 1 0 4 0 0 1 0 4 3 0 38 10 10 2 0 21 6 3 5 0 1 4 0 7 32 3 0 0 0 0
10324 171 9700 51 95 192 8775 17087 2238 16544 1625 1359 1 2 2 3 2 3 0 0 7 9 8 2 4 0 1 10 237 426 79 64 99 11 0 0 4 4 6 1 140 5 5 1 1 1 0 49 12 1 25 224 329 327 173 66 2 3 0 3 14 19 5 3 11 2 16 4 33 110 40 127 1 2 4 50 86 2 15 8 147 3 780 162 190 9 7 52 92 11 41 260 130 68 22 61 82 1139 3 3 2 0 17 9 3 19 5 4 9 16 20 37 0 0 0 0 0 0 0 0 0 0 0 0 0 0 0 0 0 0 1 0 2 14 0 6 0 0 4 1 0 0 0 1 4 0 1 0 0 0 0 0 1 0 0 2 0 0 0 1 0 0 1 0 10 0 0 0 0 0 0 2 2 0 0 0 1 2 1 0 27 8 1 0 0 11 3 0 3 0 1 1 0 4 30 1 0 0 0 0
47 3 56 7 6 23 532 2238 1553 1880 445 283 8 0 0 0 3 2 3 0 13 3 2 0 0 0 0 0 25 27 5 10 79 10 0 0 0 5 0 0 16 0 0 8 275 9 0 5 1 323 1 64 141 123 72 3 1 1 0 0 0 1 1 0 0 124 1 0 1 4 2 1075 31 94 5 4 656 95 185 61 50 234 92 5 9 0 2 102 44 103 59 12 12 7 3 13 2087 1812 0 0 2 1 2 5 2 5 0 0 4 1 5 11 0 0 6 1 0 0 2 10 4 15 3 0 0 0 0 0 0 0 1 0 1 7 1 16 0 0 11 2 0 1 2 1 0 0 12 2 5 65 0 1 4 0 0 0 2 0 3 7 0 0 0 0 5 0 1 1 2 2 0 0 4 0 0 3 3 8 31 2 9 13 9 2 2 14 4 5 21 0 1 17 0 2 9 1 0 0 0 0
702 355 1950 290 88 1130 2465 16544 1880 12908 20488 40612 1 1 1 5 2 6 3 0 5 8 2 4 0 0 2 7 132 188 35 49 297 9 0 0 3 3 10 0 84 5 4 4 5 2 1 33 5 1 8 120 265 164 154 44 1 2 0 0 11 12 2 0 2 0 5 1 20 58 20 557 8 3 10 31 4305 0 23 2 66 3 322 79 93 4 3 23 39 8 18 125 59 34 8 18 455 1519 3 1 51 30 116 77 13 246 33 20 136 81 180 324 0 0 1 0 1 0 1 1 0 3 1 3 3 0 0 0 0 0 38 1 33 58 1 54 0 0 6 4 0 0 0 4 12 0 2 0 1 6 0 0 1 2 0 4 1 4 0 0 7 5 3 8 23 0 0 0 0 0 2 0 15 1 0 1 5 0 2 0 185 22 9 0 0 77 1 0 7 1 10 2 0 29 249 9 2 1 0 2
90 29 25 18 76 84 800 1625 445 20488 3801 2954 0 0 0 0 0 1 1 0 9 6 0 0 1 0 0 1 40 109 20 10 134 5 0 0 0 2 2 0 22 0 0 2 0 0 2 2 1 0 2 10 51 56 34 5 1 1 0 1 2 2 0 1 4 0 0 1 4 5 4 337 8 2 2 4 858 0 9 0 10 0 75 2 27 4 0 3 4 0 2 23 14 8 1 7 245 363 1 0 30 30 117 61 26 164 12 19 102 53 113 240 0 0 0 0 0 0 0 0 3 1 0 3 1 0 0 0 0 0 27 1 20 55 1 30 0 0 9 3 0 1 0 9 7 0 2 2 3 2 1 1 0 0 0 3 1 5 0 0 8 4 3 9 28 0 0 0 0 0 3 2 11 1 0 0 3 0 3 0 128 21 11 1 1 59 4 1 5 0 5 0 2 19 163 10 2 0 1 1
1521 1674 14468 3977 5464 12172 1385 1359 283 40612 2954 17951 3 1 2 4 11 16 26 11 198 157 14 3 16 0 6 9 882 3986 1291 239 3657 38 1 0 15 39 16 3 580 5 12 15 7 25 6 58 11 0 19 130 229 231 88 127 17 14 3 6 33 16 4 0 13 2 38 10 30 77 29 1107 60 24 41 76 1317 3 98 1 115 4 625 217 626 53 13 31 69 9 62 198 77 60 17 196 680 852 42 2 191 187 690 467 176 1357 108 57 631 274 791 1970 2 0 4 3 0 6 5 11 22 19 6 16 15 1 2 1 1 2 219 6 241 483 1 325 0 0 91 41 2 1 2 39 82 1 19 3 20 22 7 1 0 22 0 15 2 19 2 4 50 22 25 59 255 3 4 2 0 0 17 4 150 4 1 5 9 10 27 0 1184 197 103 10 0 671 12 2 9 4 85 9 9 200 1111 68 7 2 1 5
0 0 2 0 1 2 0 1 8 1 0 3 6416 2 0 4 22 2206 9266 138 4 3 0 1 3 1 8 45 2 0 2 0 13 1 0 1 1 592 21 0 20 5 30 7185 3539 2786 1 13 4 31 0 2 1 3 0 2 0 0 1 1 54 5 23 49 34 46 2 0 15 6 25 173 611 61 3 17 281 263 740 2 17 10 0 1 3 1 1 41 81 56 712 6 0 4 34 8 29 8 0 0 0 5 0 0 10 5 0 2 0 0 0 3 7 95 1354 24 3 142 13 2040 213 1701 44 5 1 1 1 2 0 13 23 4 10 21 1 13 0 2 143 85 224 2 70 5 8 12 388 548 298 3172 3 6 18 0 1 22 0 1 2 2 5 5 0 2 6 3 45 39 12 34 3 7 14 0 8 40 3 12 298 18 14 36 43 2 16 22 6 5 40 1 1 81 2 25 6 0 0 2 0 2
3 3 4 1 2 1 4 2 0 1 0 1 2 8554 6073 1749 487 188 18 18 55 57 679 610 49 7 7282 3888 301 7 12 4 7 36 4997 7846 1599 44 359 961 1108 37 1704 7 0 8 452 77 25 0 1 19 106 350 8 19 192 85 1425 278 56 259 105 937 993 0 575 454 757 124 18 10 8 0 302 35 0 0 5 0 18 1 151 204 52 72 157 8 19 3 26 72 10 62 179 13 2 11 56 51 0 0 0 0 0 0 0 3 0 0 0 2 16 3 5 6 4 3 18 2 73 23 21 2 0 0 2 1 0 0 0 2 2 11 0 11 0 3 60 56 0 4 1 1 3 3 0 0 32 13 21 0 0 0 0 0 0 0 0 0 0 0 0 0 3 10 1 2 0 0 3 1 16 7 1 2 0 0 3 1 12 46 7 5 0 16 1 0 2 1 0 1 0 4 3 0 1 0 0 1
2 3 4 2 2 0 2 2 0 1 0 2 0 6073 20059 16246 2867 1343 411 1251 49 49 376 196 13 3 2623 5866 107 7 4 1 18 40 945 549 612 272 837 241 1005 76 765 7 2 12 86 141 71 0 1 6 45 130 9 19 91 46 262 67 151 546 196 447 807 0 171 132 1838 255 24 8 33 2 170 88 2 0 10 0 4 0 45 80 37 33 43 5 21 5 34 118 6 124 277 19 1 6 11 19 0 1 0 1 0 0 0 4 1 0 0 4 18 4 12 13 7 4 33 25 115 47 26 4 3 0 2 1 0 1 1 0 2 20 1 25 1 4 89 126 7 20 2 0 3 0 15 2 73 63 43 5 2 0 0 0 0 0 0 1 1 0 1 0 3 12 2 7 2 1 2 1 13 11 0 5 0 3 10 2 26 70 11 12 0 31 1 0 1 1 3 5 1 4 6 1 2 0 1 6
5 5 8 2 5 2 6 3 0 5 0 4 4 1749 16246 23831 307 1798 3291 1853 38 34 317 68 5 1 313 5262 253 15 10 2 29 67 49 33 180 170 959 9 937 88 308 11 2 13 21 76 104 1 0 6 109 275 20 18 152 69 30 26 106 184 59 91 225 0 330 41 1008 140 13 15 41 2 313 53 0 0 4 0 13 0 110 100 34 23 39 18 45 5 41 160 18 144 189 27 1 13 17 21 0 2 0 0 0 3 1 0 1 1 0 3 21 10 45 14 2 21 4 118 55 259 3 2 0 0 0 1 0 3 2 1 1 16 1 34 0 0 62 48 7 0 7 0 1 1 4 15 57 57 9 0 0 1 0 0 0 1 0 0 0 0 0 1 9 3 2 5 0 0 0 1 10 13 0 4 0 3 7 0 4 45 7 5 1 10 2 1 4 0 0 1 0 4 1 1 1 0 0 0
2 1 1 2 3 2 1 2 3 2 0 11 22 487 2867 307 3124 216 596 2053 72 63 244 43 3 1 41 29 71 9 6 1 54 70 13 11 1127 890 28 5 275 16 124 44 6 78 14 8 16 0 1 4 13 48 4 5 54 66 16 26 34 79 48 16 16 0 93 24 69 49 4 19 75 21 190 11 4 1 32 0 4 1 34 12 23 2 26 0 10 1 17 25 6 33 60 30 3 7 15 12 1 3 2 0 0 2 0 10 0 1 1 10 87 4 29 41 15 21 89 23 278 96 117 10 14 2 3 3 2 5 4 0 3 59 5 61 4 14 277 277 3 67 1 4 15 5 6 6 236 58 116 3 3 0 0 3 0 0 0 0 1 1 5 2 6 56 2 13 1 0 3 2 36 37 0 3 2 2 9 0 56 197 49 32 1 100 0 0 2 5 2 4 1 13 34 2 6 0 1 9
16 14 11 9 16 8 13 3 2 6 1 16 2206 188 1343 1798 216 14510 4127 1127 81 70 186 82 11 0 714 610 98 24 18 4 178 173 62 10 386 1731 4454 6 907 91 722 369 102 6001 17 148 85 3 3 4 19 60 8 30 54 45 14 16 4949 257 161 774 160 1 65 23 1027 197 89 91 694 33 166 301 20 5 104 1 10 0 43 42 47 14 18 17 71 14 393 224 16 157 352 68 4 18 9 8 1 27 1 2 19 15 1 6 0 0 4 15 98 509 1568 138 12 534 37 3301 453 3712 129 18 10 9 1 36 3 108 65 12 24 72 8 81 1 7 362 237 765 13 353 10 20 11 339 687 602 3118 30 6 13 1 1 18 0 4 1 2 10 12 2 11 26 15 51 183 20 13 13 27 67 26 1 68 6 16 209 12 55 171 58 27 8 51 5 2 35 3 11 36 9 66 12 3 3 0 1 5
5 1 5 1 15 5 8 0 3 3 1 26 9266 18 411 3291 596 4127 39926 9870 72 66 114 28 7 2 88 55 44 22 19 3 173 146 13 2 583 4777 39 10 151 11 150 4548 912 4477 22 44 20 14 0 6 5 22 4 7 27 40 11 12 223 66 57 104 53 7 13 20 47 41 78 217 1076 221 105 103 40 20 345 2 12 6 28 15 35 3 9 26 95 41 957 39 4 33 156 71 17 9 7 2 3 9 4 1 20 10 0 16 5 0 3 23 539 240 2056 337 34 803 170 3212 1577 9870 462 26 13 7 11 16 5 58 30 6 20 131 5 90 8 60 845 622 222 111 54 10 12 13 340 950 2253 1934 173 17 24 2 0 39 0 3 4 1 7 3 4 6 19 94 39 68 20 37 6 13 42 51 5 82 5 14 382 18 140 461 334 38 17 232 11 6 39 5 7 88 7 43 61 4 11 2 1 11
2 2 1 1 3 5 0 0 0 0 0 11 138 18 1251 1853 2053 1127 9870 4251 18 35 79 47 2 1 53 17 14 6 6 1 47 45 11 2 420 2106 34 8 180 24 183 183 32 168 13 18 32 0 0 1 3 12 4 5 10 16 6 5 60 100 46 24 17 0 17 9 87 74 14 39 161 22 43 20 3 2 45 0 2 1 11 2 11 2 6 6 13 2 47 56 5 57 116 15 1 3 2 1 3 0 2 1 1 0 1 11 1 1 3 7 184 6 65 92 18 44 90 41 400 360 144 9 10 3 7 7 2 7 3 3 1 42 3 39 7 32 228 230 1 95 3 3 7 5 8 30 348 97 105 6 2 1 0 1 0 3 0 1 1 0 1 0 5 67 3 7 5 5 3 3 14 24 1 4 2 1 22 2 48 174 88 15 2 108 0 1 5 1 1 6 2 5 34 3 1 4 2 5
25 28 21 46 123 133 25 7 13 5 9 198 4 55 49 38 72 81 72 18 8421 10167 2801 293 266 48 244 28 246 122 114 83 627 911 22 5 284 398 17 99 853 71 599 14 2 27 142 27 54 1 2 12 28 82 11 1999 101 364 48 171 45 404 443 184 109 0 51 139 132 175 8 299 382 24 946 40 11 1 205 0 8 0 604 83 3668 166 73 1 28 3 32 76 5 79 352 775 24 31 310 63 1 0 2 3 3 5 1 4 1 0 4 17 0 1 5 0 2 0 1 10 8 6 1 1 1 1 0 1 0 1 2 0 6 41 1 44 2 0 54 35 4 2 4 1 4 0 7 2 9 20 7 0 2 0 0 1 0 0 0 1 4 0 0 0 21 0 3 0 0 2 2 0 21 7 0 2 0 0 1 0 35 54 16 5 0 23 0 0 1 0 3 2 0 4 4 1 0 1 0 0
24 20 25 9 90 92 24 9 3 8 6 157 3 57 49 34 63 70 66 35 10167 24439 3333 1037 9637 2430 796 290 306 96 90 72 766 1033 79 17 259 379 72 1452 777 117 2053 30 10 40 1263 94 155 1 2 60 57 290 29 367 118 379 96 237 85 1122 1707 1198 742 2 401 160 447 500 36 301 430 14 1025 98 10 2 209 1 51 1 1443 1460 6309 1811 500 32 89 14 90 233 52 217 1141 738 9 61 3281 89 0 1 2 0 1 1 0 1 0 0 1 13 1 0 2 0 0 0 5 12 10 3 1 1 0 0 0 0 0 0 0 0 1 22 0 23 0 0 39 28 3 2 0 0 2 0 6 0 10 25 2 1 0 0 0 1 0 1 0 0 3 0 0 1 8 1 0 3 0 0 1 0 8 7 1 3 0 1 4 2 31 52 8 4 1 12 0 0 7 0 0 1 1 6 3 0 0 0 0 1
21 8 14 9 12 7 9 8 2 2 0 14 0 679 376 317 244 186 114 79 2801 3333 6691 6045 702 2216 638 132 40 20 17 7 232 811 69 78 1047 557 120 1440 8278 1245 3501 13 2 24 822 61 482 0 3 4 14 45 19 52 28 88 204 229 95 368 604 292 54 0 75 216 273 248 19 44 242 9 116 93 5 0 46 0 15 0 101 120 271 56 33 12 64 13 72 359 29 255 811 43 4 7 104 11 1 0 0 0 1 1 0 1 0 0 0 2 0 0 10 2 1 1 0 6 8 8 0 0 1 0 0 1 0 1 2 1 0 11 1 15 0 0 23 8 4 1 2 0 1 0 8 0 4 21 4 1 0 0 0 0 0 0 0 0 0 0 0 0 6 6 0 3 0 0 0 1 2 2 1 3 0 1 6 0 8 19 6 2 0 10 2 0 4 1 0 6 0 0 0 0 0 0 1 0
10 5 3 4 1 2 1 2 0 4 0 3 1 610 196 68 43 82 28 47 293 1037 6045 6685 663 4760 2579 110 28 6 4 2 5 8 757 282 94 22 131 6975 1830 2052 1514 5 1 25 1865 21 275 0 1 10 22 89 3 29 9 2 652 86 89 56 60 106 42 0 85 292 97 69 10 3 11 0 15 47 1 0 7 1 9 0 169 279 213 95 17 9 30 6 37 151 14 84 208 4 0 3 56 9 0 0 0 0 0 0 0 0 0 0 0 0 0 0 0 0 1 0 3 0 11 3 4 0 0 0 0 0 0 0 0 0 0 1 0 2 0 0 10 16 0 0 0 0 0 0 0 0 10 5 0 0 1 0 0 0 0 0 0 0 1 0 0 0 0 0 0 0 0 0 0 0 0 1 1 0 0 3 1 0 0 8 0 0 0 2 0 0 0 0 0 2 0 0 1 0 0 0 0 0
19 16 18 9 15 20 3 4 0 0 1 16 3 49 13 5 3 11 7 2 266 9637 702 663 10415 734 524 353 133 14 28 5 55 81 98 13 22 28 62 2787 189 35 1138 4 0 11 4818 67 53 1 6 58 96 701 13 152 41 51 71 29 9 258 364 858 722 0 1081 279 171 129 27 38 28 4 287 45 3 0 17 0 49 1 1419 3013 2945 3699 1649 20 45 10 33 140 46 75 391 104 3 6 4201 477 0 0 0 0 0 2 0 0 0 0 0 1 0 0 1 0 0 0 3 4 3 2 1 0 1 0 0 0 0 0 0 0 0 11 1 12 0 0 11 10 0 1 0 0 0 0 0 0 3 4 0 1 0 0 0 0 0 1 0 0 0 0 0 0 4 1 1 1 0 1 0 0 0 0 0 0 2 2 3 0 3 12 5 0 0 2 2 0 3 0 0 2 0 0 1 0 0 0 0 0
1 0 0 0 0 0 0 0 0 0 0 0 1 7 3 1 1 0 2 1 48 2430 2216 4760 734 2696 97 6 1 0 1 0 4 1 15 5 4 2 1 3343 92 19 274 0 0 0 301 1 18 0 0 0 1 10 0 1 0 1 29 2 1 22 35 28 4 0 11 15 5 16 0 0 0 0 0 3 0 0 1 0 1 0 18 24 22 8 1 0 4 1 1 9 0 10 58 0 0 0 3 0 0 0 0 0 0 0 0 0 0 0 0 0 0 0 0 0 0 0 0 0 1 1 0 0 0 0 0 0 0 0 0 0 0 0 1 0 0 0 0 1 0 0 0 0 0 0 0 0 0 0 0 0 0 0 0 0 0 0 0 0 0 0 0 0 0 0 0 0 0 0 0 0 0 0 0 0 0 0 0 1 0 1 0 0 0 0 0 0 0 0 0 0 0 0 0 0 0 0 0 0
7 8 5 3 2 3 3 1 0 2 0 6 8 7282 2623 313 41 714 88 53 244 796 638 2579 524 97 16499 10778 92 4 8 2 6 36 8863 1034 226 14 240 3416 381 79 2517 11 2 29 1150 46 39 1 3 41 54 412 13 65 28 4 913 177 25 82 52 1344 1146 0 330 372 159 44 9 10 10 1 29 20 0 0 4 1 27 1 513 846 553 285 55 11 29 3 19 78 17 45 93 14 1 2 136 22 0 0 0 0 0 0 0 0 0 0 0 0 1 2 2 1 0 1 5 8 10 9 3 0 0 1 0 0 0 0 2 0 0 2 0 4 0 0 8 6 1 1 1 0 0 0 0 1 3 13 2 0 0 0 0 0 0 0 1 0 0 0 0 0 1 0 0 1 0 0 0 0 0 2 0 0 1 1 0 0 3 9 1 0 0 1 0 0 0 0 0 1 0 0 0 0 0 0 0 0
35 18 24 14 10 13 12 10 0 7 1 9 45 3888 5866 5262 29 610 55 17 28 290 132 110 353 6 10778 15452 591 36 19 5 16 22 642 401 251 7 5620 29 1311 195 783 6 2 142 460 194 201 0 8 60 247 1237 37 69 237 34 614 165 204 506 298 2122 3557 0 1529 405 1277 282 56 10 9 0 173 93 1 0 9 3 66 1 657 1361 258 522 227 54 113 7 87 426 69 263 348 21 1 15 221 102 0 1 0 0 1 0 0 0 0 0 0 0 1 16 43 3 0 15 2 169 13 59 7 0 1 0 0 4 0 2 3 2 1 1 0 4 0 0 13 7 37 0 24 0 3 0 17 11 9 304 1 0 1 0 0 2 1 0 0 4 0 0 1 0 0 1 8 12 1 3 1 1 5 0 1 4 1 5 16 2 0 2 1 0 2 2 0 0 7 0 2 6 0 1 0 0 0 0 0 0
7700 327 248 248 2706 1460 3255 237 25 132 40 882 2 301 107 253 71 98 44 14 246 306 40 28 133 1 92 591 49196 12191 4633 822 1151 1297 25 57 659 277 252 18 425 24 227 6 2 30 112 366 31 1 18 203 2689 12837 318 128 1027 472 156 581 102 504 166 175 633 0 6620 679 1474 177 94 341 174 12 1156 154 14 5 76 11 139 2 1966 857 473 101 509 46 85 10 57 285 128 95 151 3290 54 4334 248 1081 3 13 27 21 7 51 3 4 16 7 32 98 0 1 8 1 2 1 3 17 11 12 3 4 1 1 0 1 0 2 14 0 14 58 4 64 0 0 37 32 8 2 4 5 9 1 19 3 9 78 3 0 3 4 0 6 1 1 1 2 12 1 2 4 40 1 6 10 2 1 1 3 31 18 0 8 4 1 46 6 101 49 28 9 4 62 2 2 7 2 11 11 1 19 21 4 2 0 0 0
6899 1603 429 2560 4767 5503 2138 426 27 188 109 3986 0 7 7 15 9 24 22 6 122 96 20 6 14 0 4 36 12191 18674 6389 1689 1789 282 1 2 40 75 26 2 389 9 21 4 4 19 4 89 24 0 31 254 405 859 170 169 2411 97 5 25 44 37 8 8 20 0 1272 21 68 121 39 484 117 13 265 89 9 1 72 4 205 3 1153 490 451 39 13 64 105 11 84 348 157 112 52 2021 48 1284 25 32 5 14 24 24 11 65 1 3 17 10 32 83 0 0 3 1 1 0 1 5 6 5 3 2 2 0 0 0 0 0 10 2 19 45 1 42 0 0 28 19 2 0 0 2 6 0 7 2 5 19 1 0 1 1 1 0 0 0 2 0 1 1 1 2 31 1 2 0 0 1 3 1 16 6 0 2 0 6 6 1 87 35 11 0 1 49 0 0 11 1 1 4 0 15 33 3 1 0 0 0
70 35 40 127 8638 2179 313 79 5 35 20 1291 2 12 4 10 6 18 19 6 114 90 17 4 28 1 8 19 4633 6389 13788 1225 1070 283 2 1 46 54 21 3 386 9 16 1 3 15 9 65 16 0 11 103 261 691 65 119 11072 161 12 87 35 25 5 10 20 0 1621 51 66 71 34 271 93 6 495 76 4 0 46 3 97 4 818 557 505 116 34 37 81 7 53 214 81 72 28 4341 8 395 260 2897 4 3 8 4 4 15 1 0 4 1 9 15 0 0 2 0 0 0 1 3 6 3 2 3 2 0 0 2 0 1 5 0 4 20 0 16 0 1 10 11 1 1 0 2 3 0 3 1 4 17 1 0 1 0 0 0 0 1 1 1 2 1 0 0 11 0 2 2 0 0 0 1 10 5 0 0 4 4 2 0 31 16 13 2 0 22 4 0 5 0 2 1 1 4 9 1 0 0 0 1
156 63 26 41 1680 2410 370 64 10 49 10 239 0 4 1 2 1 4 3 1 83 72 7 2 5 0 2 5 822 1689 1225 3085 2873 485 0 0 4 17 5 0 167 2 4 2 0 6 1 30 3 0 8 53 79 138 27 41 43 2823 1 0 11 11 5 3 3 1 55 2 21 29 14 173 24 4 2714 42 3 0 24 4 32 0 280 86 203 16 12 13 22 4 24 59 43 24 8 5623 25 257 15 4 9 10 23 23 7 39 3 2 20 11 21 88 0 0 1 0 0 1 1 4 1 2 0 2 2 0 0 0 0 0 14 1 14 33 2 38 0 0 13 8 2 0 0 4 5 1 3 1 0 6 2 0 1 2 0 1 0 3 0 1 1 2 1 6 23 0 2 2 0 1 5 1 16 0 0 2 1 1 6 1 67 20 5 0 0 42 0 1 3 0 1 6 2 12 49 2 1 0 0 0
219 108 80 104 1286 1698 446 99 79 297 134 3657 13 7 18 29 54 178 173 47 627 766 232 5 55 4 6 16 1151 1789 1070 2873 8574 3752 1 1 116 829 22 3 694 11 59 12 10 118 25 74 25 6 12 104 164 271 80 105 303 2044 16 172 113 51 16 45 16 3 182 106 99 70 34 3389 1324 58 3561 88 30 8 367 3 89 4 577 197 702 60 75 28 57 5 97 130 64 51 33 4993 195 404 104 21 45 64 150 122 58 325 16 18 145 52 167 535 9 7 16 5 8 12 12 29 64 44 13 27 21 2 1 3 0 9 91 9 80 329 20 337 0 0 214 142 3 9 11 19 52 4 15 8 47 112 28 5 4 11 0 3 4 9 3 1 33 19 7 26 189 10 7 13 3 3 10 4 199 66 1 6 15 7 34 2 527 296 125 57 2 370 4 0 11 1 42 9 7 94 257 21 9 0 0 15
14 4 6 4 137 60 38 11 10 9 5 38 1 36 40 67 70 173 146 45 911 1033 811 8 81 1 36 22 1297 282 283 485 3752 10842 14 116 2040 1419 24 16 564 5 57 8 3 56 80 40 15 0 10 59 209 547 37 90 1284 3616 162 5257 64 53 19 44 30 0 1033 647 162 31 18 314 873 38 5839 48 13 0 68 1 32 0 526 309 658 125 349 11 33 3 39 85 30 15 34 1580 15 138 170 211 6 14 18 7 11 25 3 3 9 3 12 45 4 2 9 4 4 2 10 24 61 13 5 16 11 2 2 1 0 4 12 4 14 151 14 232 0 3 259 143 5 8 5 11 25 2 11 3 44 47 28 1 1 2 0 0 0 4 1 2 6 5 4 4 101 11 5 8 4 3 10 2 131 70 0 5 6 4 11 1 151 213 48 67 2 102 0 0 3 4 19 1 4 25 15 6 5 1 1 5
0 2 1 0 1 1 2 0 0 0 0 1 0 4997 945 49 13 62 13 11 22 79 69 757 98 15 8863 642 25 1 2 0 1 14 4437 2459 187 10 28 1214 39 9 1187 4 0 3 1670 14 6 0 0 7 10 85 1 10 10 3 1981 200 1 17 16 362 231 0 105 364 51 6 4 0 3 0 7 3 0 0 3 0 3 1 60 133 65 67 12 1 3 0 3 9 3 4 40 2 0 1 24 6 0 0 0 0 0 0 0 0 0 0 0 0 0 0 0 0 0 0 1 0 11 7 2 0 0 0 0 0 0 0 0 1 0 2 0 0 0 0 15 8 0 1 0 0 0 0 1 0 10 3 1 0 0 0 0 0 0 0 0 0 0 0 0 0 1 0 0 0 0 0 0 0 0 0 0 0 0 0 0 0 2 9 0 0 0 1 0 0 0 0 0 1 0 0 0 1 0 0 0 0
2 3 0 0 0 0 0 0 0 0 0 0 1 7846 549 33 11 10 2 2 5 17 78 282 13 5 1034 401 57 2 1 0 1 116 2459 2510 2777 2 32 569 72 5 535 0 0 2 461 5 2 0 0 1 12 62 2 5 44 23 2050 283 0 13 18 222 130 0 131 359 66 3 2 1 3 0 72 1 0 0 4 0 3 0 23 45 6 21 80 2 3 0 1 7 2 3 42 1 0 1 20 29 1 0 0 0 0 0 0 0 0 0 0 0 1 0 0 0 1 0 1 2 4 1 0 1 0 0 0 1 0 0 0 0 0 2 0 0 0 0 7 9 0 0 0 0 0 0 0 0 5 0 1 0 0 0 0 0 0 0 0 0 0 0 0 0 1 1 0 0 0 0 0 0 2 2 0 0 0 0 0 0 2 9 0 2 0 0 0 0 0 0 0 0 0 0 1 0 0 0 0 0
8 1 5 7 12 4 6 4 0 3 0 15 1 1599 612 180 1127 386 583 420 284 259 1047 94 22 4 226 251 659 40 46 4 116 2040 187 2777 2548 1956 39 100 520 6 186 16 2 112 247 20 4 1 3 13 160 485 20 20 663 726 548 686 41 30 13 107 125 0 874 606 95 21 7 25 90 7 1576 13 10 0 26 0 8 0 207 181 90 86 373 6 13 0 24 40 14 10 39 77 2 24 84 128 0 2 3 3 5 8 0 4 4 0 5 11 7 1 7 6 18 7 29 15 114 19 27 15 17 3 1 1 1 4 8 3 7 120 1 139 2 2 263 186 3 27 2 6 14 3 4 2 82 14 55 3 3 1 0 0 1 1 1 2 9 3 1 0 40 27 4 5 5 0 8 4 72 82 0 5 0 0 3 0 81 193 35 58 0 81 1 0 1 0 20 2 2 14 25 0 6 1 0 2
4 3 3 4 28 16 16 4 5 3 2 39 592 44 272 170 890 1731 4777 2106 398 379 557 22 28 2 14 7 277 75 54 17 829 1419 10 2 1956 11743 18 12 315 12 90 1375 175 1996 55 17 8 7 1 15 51 99 10 16 269 501 29 293 463 34 25 23 12 2 193 146 36 21 25 168 2166 125 898 61 34 9 206 5 13 8 99 61 181 23 92 11 26 7 454 31 8 18 48 200 14 36 32 21 4 3 7 5 6 25 4 23 3 4 10 50 228 17 167 141 60 88 264 148 857 648 288 48 31 8 21 5 2 17 19 15 22 330 22 357 7 41 998 896 21 167 13 14 58 4 81 62 775 368 328 14 5 6 1 12 3 5 0 3 6 12 12 4 90 170 21 37 19 16 24 9 185 171 5 35 6 6 78 6 320 809 252 152 9 427 4 1 10 11 20 20 7 36 96 13 15 10 6 32
28 23 20 11 11 15 13 6 0 10 2 16 21 359 837 959 28 4454 39 34 17 72 120 131 62 1 240 5620 252 26 21 5 22 24 28 32 39 18 11465 10 1205 291 1771 15 8 115 67 386 120 0 2 10 84 375 22 64 133 36 58 23 6730 1059 566 2087 5222 0 466 52 8358 374 170 10 25 2 194 468 3 1 13 1 25 1 194 227 76 92 86 26 84 16 106 297 30 199 465 35 2 8 69 30 0 3 1 0 1 1 0 1 0 1 0 2 4 67 169 9 3 27 5 338 38 112 13 4 2 0 0 15 1 16 12 9 4 11 1 16 0 0 36 17 188 2 138 1 3 11 118 39 51 947 3 4 8 0 1 6 0 0 0 2 5 6 1 2 6 1 36 91 9 2 5 12 13 2 0 56 0 4 91 7 7 26 4 6 3 11 6 0 6 4 2 22 3 9 0 0 2 0 3 1
1 0 1 0 0 2 0 1 0 0 0 3 0 961 241 9 5 6 10 8 99 1452 1440 6975 2787 3343 3416 29 18 2 3 0 3 16 1214 569 100 12 10 3643 227 52 1520 1 0 4 3617 15 43 0 2 10 15 70 3 19 3 1 909 120 10 45 95 189 45 0 73 344 23 39 2 1 4 0 5 10 0 0 2 0 7 0 134 183 189 83 24 3 8 2 9 41 5 23 181 2 2 0 42 7 0 0 0 0 0 0 0 0 0 0 0 0 0 0 4 0 0 2 5 0 17 5 8 0 0 0 0 0 0 0 0 0 0 3 0 2 0 0 8 8 0 3 0 0 0 0 0 0 9 4 1 0 0 0 0 0 0 0 0 1 0 0 0 0 1 1 1 0 0 0 0 0 0 0 1 0 0 0 0 0 3 8 1 0 0 3 0 0 1 0 0 1 0 0 2 0 0 0 0 0
458 330 308 340 358 482 144 140 16 84 22 580 20 1108 1005 937 275 907 151 180 853 777 8278 1830 189 92 381 1311 425 389 386 167 694 564 39 72 520 315 1205 227 5745 3882 1152 76 50 284 143 1023 915 6 15 90 87 247 745 876 115 292 56 112 1024 608 352 196 458 2 242 96 1419 496 190 370 357 16 1054 1725 25 3 193 5 169 8 849 232 817 115 94 241 1128 108 1350 2391 218 930 865 1120 31 90 95 198 2 8 9 2 4 23 1 1 8 2 12 38 2 3 14 3 1 2 4 13 21 24 6 7 6 1 1 1 0 1 12 2 14 62 2 67 0 0 73 34 7 1 5 6 8 1 30 3 11 101 8 8 19 1 0 11 1 0 5 16 3 2 0 3 31 1 13 7 8 4 1 0 27 7 5 10 10 39 78 6 70 72 42 9 6 60 16 1 74 2 7 50 7 20 13 4 2 1 0 1
10 10 11 10 6 5 5 5 0 5 0 5 5 37 76 88 16 91 11 24 71 117 1245 2052 35 19 79 195 24 9 9 2 11 5 9 5 6 12 291 52 3882 2054 3674 4 2 66 44 48 424 3 0 0 14 32 16 26 5 5 13 1 233 30 11 21 83 0 25 9 215 19 12 10 15 0 15 107 1 0 7 0 4 0 28 29 34 14 6 6 46 0 90 297 4 45 84 16 0 3 7 5 0 0 0 0 0 0 0 0 0 0 0 1 0 0 1 0 0 0 0 1 0 0 0 0 0 0 0 0 0 1 0 0 2 1 0 0 0 0 2 1 0 1 0 0 0 0 2 0 0 11 0 0 0 0 0 1 0 0 0 1 0 0 0 0 2 0 0 0 0 1 0 0 0 0 0 0 0 0 4 1 4 3 2 0 1 0 0 0 0 0 0 1 0 0 0 0 0 0 0 0
16 11 17 1 12 7 9 5 0 4 0 12 30 1704 765 308 124 722 150 183 599 2053 3501 1514 1138 274 2517 783 227 21 16 4 59 57 1187 535 186 90 1771 1520 1152 3674 3072 90 44 437 2349 174 2042 1 1 35 103 416 21 88 65 45 964 155 2101 135 98 2952 776 0 424 514 2555 112 48 41 116 4 165 1292 2 1 53 0 39 0 535 830 720 348 78 31 137 16 1986 407 38 201 544 45 1 20 188 21 0 0 0 0 0 0 0 1 0 0 0 1 0 0 9 2 0 2 3 26 17 21 9 0 0 0 0 1 0 0 1 0 0 8 1 8 0 1 24 21 3 1 3 1 1 2 34 3 16 124 3 1 6 0 0 3 0 0 2 1 0 0 0 0 1 0 21 10 3 6 1 1 1 0 2 20 1 3 83 12 9 6 3 1 2 5 1 0 9 0 0 15 2 0 3 0 1 0 0 0
5 2 3 1 5 5 2 1 8 4 2 15 7185 7 7 11 44 369 4548 183 14 30 13 5 4 0 11 6 6 4 1 2 12 8 4 0 16 1375 15 1 76 4 90 8118 4518 2565 18 43 6 612 0 30 1 5 5 3 0 4 6 2 317 17 23 25 11 512 1 15 20 11 130 296 3966 677 5 125 720 3804 2836 51 41 144 8 5 8 3 2 124 137 136 1563 9 3 10 111 6 41 9 0 0 4 4 5 0 3 5 1 18 0 0 3 14 198 44 910 107 34 231 153 1119 790 3256 214 26 15 3 11 9 3 16 9 8 9 137 4 78 3 29 627 480 76 64 32 7 23 13 331 431 1034 1438 128 14 28 0 0 41 1 2 2 7 6 2 7 3 15 65 74 58 24 61 11 3 43 44 10 73 5 26 481 36 132 481 386 31 30 256 8 8 53 1 6 180 10 31 65 11 3 3 3 14
7 2 5 2 4 2 3 1 275 5 0 7 3539 0 2 2 6 102 912 32 2 10 2 1 0 0 2 2 2 4 3 0 10 3 0 0 2 175 8 0 50 2 44 4518 10332 1232 1 32 14 2256 2 23 23 7 11 9 2 0 1 0 66 24 64 7 3 891 1 3 58 20 90 503 559 406 4 49 2297 2430 2392 82 104 782 4 2 2 1 1 975 425 970 2091 10 10 7 105 5 1006 157 0 1 3 5 0 1 2 8 0 7 0 0 2 6 3 10 604 9 0 32 5 482 80 236 23 3 0 0 5 5 1 3 24 1 2 26 2 18 1 0 86 48 65 5 35 19 9 45 1841 103 177 4968 5 66 189 2 2 440 9 6 20 41 10 11 5 2 7 1 403 207 74 1089 17 11 11 5 53 377 41 167 3898 303 21 80 41 3 194 136 77 118 507 2 12 1368 43 14 28 3 1 0 1 2
8 6 10 6 5 9 7 1 9 2 0 25 2786 8 12 13 78 6001 4477 168 27 40 24 25 11 0 29 142 30 19 15 6 118 56 3 2 112 1996 115 4 284 66 437 2565 1232 4615 8 77 20 18 0 5 8 17 9 11 10 17 7 2 219 65 73 576 189 28 16 5 64 44 90 253 1645 51 28 165 118 40 541 2 21 5 33 25 34 18 6 43 105 50 2280 41 7 17 160 41 38 12 5 3 2 22 0 3 17 6 1 6 1 0 1 9 55 348 2417 71 9 254 47 2937 496 1267 125 15 13 7 2 73 1 90 100 49 28 66 11 50 3 6 341 223 1088 16 698 20 26 43 2239 698 640 10450 35 17 25 2 1 39 1 5 3 1 17 19 10 7 23 21 334 517 68 265 27 57 48 36 15 312 11 14 759 33 56 148 87 32 17 103 9 5 46 9 15 93 15 59 26 7 6 4 3 7
3 2 6 3 4 5 2 0 0 1 2 6 1 452 86 21 14 17 22 13 142 1263 822 1865 4818 301 1150 460 112 4 9 1 25 80 1670 461 247 55 67 3617 143 44 2349 18 1 8 11539 21 69 0 3 27 48 410 9 34 50 28 1689 262 14 117 244 938 562 0 588 1843 139 57 14 18 75 6 167 17 0 0 21 1 16 1 401 1026 484 712 1894 11 20 1 12 51 11 41 375 17 2 1 319 55 0 0 0 0 0 0 0 0 0 0 0 2 4 2 6 0 4 1 13 3 34 17 11 2 1 1 0 1 0 0 0 0 2 21 1 23 0 0 57 40 2 0 1 0 0 0 0 1 27 4 4 0 1 1 0 0 0 0 0 0 0 0 0 0 6 2 2 2 1 1 0 0 6 2 0 1 0 0 1 0 14 45 4 2 0 7 0 0 1 0 1 0 0 3 3 0 0 0 0 0
159 98 148 63 42 58 56 49 5 33 2 58 13 77 141 76 8 148 44 18 27 94 61 21 67 1 46 194 366 89 65 30 74 40 14 5 20 17 386 15 1023 48 174 43 32 77 21 18735 258 5 1 49 121 391 72 112 109 51 8 21 1563 14272 598 150 1324 0 318 24 11470 752 7065 53 55 3 219 8128 5 1 28 11 269 16 231 289 99 92 52 635 2389 66 983 434 25 353 1275 108 6 48 47 31 1 0 2 0 1 2 0 3 0 1 2 6 0 1 12 2 0 2 0 11 7 8 2 0 0 1 0 1 1 0 14 3 5 14 0 9 0 0 10 10 6 11 6 11 3 28 65 2 13 141 8 260 805 2 0 229 7 3 15 74 3 3 1 2 6 3 29 37 119 21 14 11 6 4 83 82 246 741 711 98 6 20 18 8 139 40 290 23 1165 3 5 1300 116 4 10 2 0 1 0 1
45 15 25 13 9 17 18 12 1 5 1 11 4 25 71 104 16 85 20 32 54 155 482 275 53 18 39 201 31 24 16 3 25 15 6 2 4 8 120 43 915 424 2042 6 14 20 69 258 2731 0 0 3 4 19 20 53 7 2 11 4 93 250 61 9 44 1 20 15 113 817 50 15 11 1 20 455 1 0 7 1 13 0 44 50 43 24 8 64 247 34 323 8056 114 3336 4246 18 0 6 14 7 0 0 2 1 0 0 0 0 0 0 3 0 0 0 2 0 0 0 0 1 0 0 0 0 0 0 0 0 0 0 1 0 2 5 0 2 0 1 2 0 0 0 0 0 1 2 1 0 1 9 0 0 3 0 0 2 1 0 0 5 0 0 0 0 1 0 1 1 1 1 0 0 1 0 0 4 1 7 12 1 1 1 0 1 2 1 4 1 17 0 1 9 0 0 2 0 0 0 0 0
1 0 1 1 1 1 2 1 323 1 0 0 31 0 0 1 0 3 14 0 1 1 0 0 1 0 1 0 1 0 0 0 6 0 0 0 1 7 0 0 6 3 1 612 2256 18 0 5 0 3759 9 318 31 5 16 0 0 0 0 0 7 4 0 0 0 1001 0 0 5 10 34 227 113 1425 0 15 2253 1435 813 640 261 3212 3 2 1 0 1 1417 228 1335 148 2 22 1 1 1 1378 215 1 1 1 2 1 0 0 0 0 3 0 2 1 3 1 0 3 1 1 0 0 4 3 10 1 0 0 1 0 0 0 0 1 0 1 4 0 4 0 0 7 4 1 1 0 3 0 9 74 1 13 118 2 30 118 0 0 114 22 2 47 48 2 1 0 0 2 1 16 8 15 37 2 1 1 0 13 16 30 87 862 58 13 21 11 1 51 18 46 98 329 0 2 695 10 0 6 0 0 0 0 0
58 18 34 10 14 12 23 25 1 8 2 19 0 1 1 0 1 3 0 0 2 2 3 1 6 0 3 8 18 31 11 8 12 10 0 0 3 1 2 2 15 0 1 0 2 0 3 1 0 9 6790 10662 8 8 121 18 1 2 0 1 0 8 3 4 11 0 6 2 6 56 3 11 3 46 13 1 8 0 6 126 444 32 57 7 9 5 5 11 0 1 1 1768 3563 42 4 11 17 5 3 7 0 0 1 0 0 1 0 0 0 0 0 5 0 0 0 0 0 0 0 0 0 0 0 0 0 0 0 0 0 0 0 0 0 1 0 3 0 0 0 1 0 0 0 0 0 0 0 0 1 1 0 0 0 0 0 1 7 0 6 5 0 0 0 0 0 0 0 0 0 1 0 0 2 0 0 0 0 3 1 0 2 1 3 0 0 2 2 1 6 0 0 5 0 0 0 0 0 0 0 0
463 224 257 144 102 102 272 224 64 120 10 130 2 19 6 6 4 4 6 1 12 60 4 10 58 0 41 60 203 254 103 53 104 59 7 1 13 15 10 10 90 0 35 30 23 5 27 49 3 318 10662 22485 57 54 843 69 9 21 6 12 4 83 47 33 90 91 30 25 98 399 78 186 65 1306 91 7 252 53 95 6411 4714 1529 370 57 39 42 26 845 126 88 39 3260 4225 28 11 140 394 113 41 61 6 4 10 8 2 13 6 17 8 0 3 19 0 0 2 0 0 1 1 1 0 8 0 2 0 0 2 0 0 0 3 2 6 32 0 39 0 0 25 11 1 0 0 3 7 2 42 4 13 31 1 26 73 3 0 48 2597 113 3135 2758 12 1 1 0 23 1 3 0 2 83 0 0 21 2 0 3 393 483 151 1 40 43 173 3 4 240 422 238 1536 1 3 233 60 6 45 5 1 0 1 0
515 139 169 64 176 152 851 329 141 265 51 229 1 106 45 109 13 19 5 3 28 57 14 22 96 1 54 247 2689 405 261 79 164 209 10 12 160 51 84 15 87 14 103 1 23 8 48 121 4 31 8 57 8741 11659 2107 21 70 83 37 126 17 255 108 75 304 12 370 215 511 65 19 376 31 10 257 22 103 10 43 12 23 15 1546 864 125 77 184 4 12 9 11 78 28 28 53 350 550 6501 92 294 2 2 8 7 4 7 1 0 4 0 5 11 0 0 0 0 1 0 0 0 3 3 0 1 1 0 0 0 0 0 1 1 5 21 0 17 0 0 15 5 0 0 2 3 2 0 9 0 1 21 1 0 0 0 0 2 0 0 0 0 2 1 1 0 8 0 4 1 1 0 1 0 9 2 0 1 1 0 8 2 28 18 4 1 0 13 0 0 4 0 2 1 0 3 11 2 0 0 0 0
875 348 318 186 459 259 1177 327 123 164 56 231 3 350 130 275 48 60 22 12 82 290 45 89 701 10 412 1237 12837 859 691 138 271 547 85 62 485 99 375 70 247 32 416 5 7 17 410 391 19 5 8 54 11659 15373 1197 34 313 247 175 420 65 974 465 404 1452 2 6062 857 1783 284 78 221 59 9 771 78 44 2 40 1 32 4 3443 8774 360 613 1272 10 29 4 25 100 23 68 250 960 253 2770 872 1678 5 6 7 9 5 21 2 0 3 7 9 23 0 0 2 1 0 0 1 5 4 4 1 0 1 0 0 1 0 0 6 0 9 18 0 31 0 0 17 15 5 0 11 0 4 1 13 1 2 48 1 2 2 0 0 4 0 0 0 1 1 0 1 0 20 0 7 4 1 1 0 1 11 4 0 11 1 0 27 5 39 14 14 1 4 21 0 0 2 0 1 8 0 6 12 0 1 0 0 0
252 95 124 41 58 78 340 173 72 154 34 88 0 8 9 20 4 8 4 4 11 29 19 3 13 0 13 37 318 170 65 27 80 37 1 2 20 10 22 3 745 16 21 5 11 9 9 72 20 16 121 843 2107 1197 23474 692 6 16 4 19 36 49 18 17 59 3 37 18 79 153 36 200 16 14 26 63 55 5 23 23 281 9 6576 24 20 17 17 51 76 9 65 1024 327 133 32 76 277 2602 12 21 1 3 3 1 4 5 0 0 4 1 7 8 0 0 0 0 0 0 0 1 2 0 2 0 0 0 0 0 0 0 2 1 2 15 0 10 0 0 7 5 1 0 0 2 2 0 6 0 0 8 1 0 6 1 0 1 1 0 3 0 2 1 0 2 5 0 0 0 0 0 1 0 7 5 1 0 3 6 4 0 18 13 8 0 0 10 4 0 12 0 0 5 1 5 2 0 1 0 0 0
219 143 150 79 89 127 95 66 3 44 5 127 2 19 19 18 5 30 7 5 1999 367 52 29 152 1 65 69 128 169 119 41 105 90 10 5 20 16 64 19 876 26 88 3 9 11 34 112 53 0 18 69 21 34 692 3984 13 44 4 21 45 167 122 71 122 1 53 29 138 185 44 65 44 5 216 129 1 0 33 0 83 1 8908 234 2007 156 51 50 116 26 120 521 104 154 107 289 14 24 106 79 0 1 0 1 2 5 0 2 2 0 6 12 1 0 1 0 0 0 0 0 1 1 0 0 0 0 1 0 0 0 2 0 5 11 0 16 0 0 7 5 0 0 0 1 1 0 3 1 0 8 0 3 7 0 0 2 0 1 0 5 0 0 0 0 12 1 1 1 0 0 1 0 7 0 0 1 1 10 6 0 8 17 5 0 1 8 1 0 13 0 1 11 1 4 3 1 0 0 0 1
10 11 8 16 1427 59 9 2 1 1 1 17 0 192 91 152 54 54 27 10 101 118 28 9 41 0 28 237 1027 2411 11072 43 303 1284 10 44 663 269 133 3 115 5 65 0 2 10 50 109 7 0 1 9 70 313 6 13 3239 669 147 903 32 117 21 42 177 0 1548 849 632 27 25 32 89 2 2276 52 3 1 17 1 10 0 120 142 143 76 440 4 8 0 16 26 8 8 46 4566 3 25 442 5738 0 1 2 2 0 2 0 1 0 0 2 7 0 0 1 1 0 0 0 6 1 1 0 0 0 0 0 0 0 0 2 0 1 4 0 15 0 0 12 8 2 0 0 0 1 0 2 1 2 42 1 2 0 1 0 1 0 0 0 0 1 2 0 0 3 0 2 8 2 1 1 0 5 3 1 5 0 1 20 2 10 13 4 0 3 7 1 0 0 1 1 4 0 2 3 0 0 0 1 1
2 11 6 2 52 19 10 3 1 2 1 14 0 85 46 69 66 45 40 16 364 379 88 2 51 1 4 34 472 97 161 2823 2044 3616 3 23 726 501 36 1 292 5 45 4 0 17 28 51 2 0 2 21 83 247 16 44 669 4324 952 4960 26 60 17 26 37 0 420 3906 204 27 18 139 179 11 7918 41 3 0 53 0 16 0 261 191 416 80 809 9 16 2 19 34 13 15 18 1471 5 46 84 154 1 3 1 1 4 5 0 1 2 0 4 14 0 1 2 1 0 1 1 11 2 2 2 2 0 0 0 1 0 0 5 1 4 14 2 26 0 0 25 14 1 1 3 0 2 1 5 0 6 32 1 1 1 1 0 1 0 2 0 0 0 0 0 0 7 1 3 4 1 0 0 1 12 3 0 2 1 0 16 2 23 19 14 2 1 14 0 0 0 0 4 1 1 4 4 1 0 0 1 1
3 0 3 0 2 0 0 0 0 0 0 3 1 1425 262 30 16 14 11 6 48 96 204 652 71 29 913 614 156 5 12 1 16 162 1981 2050 548 29 58 909 56 13 964 6 1 7 1689 8 11 0 0 6 37 175 4 4 147 952 2624 2159 9 26 50 336 247 0 333 3509 122 9 3 13 44 1 904 6 0 0 11 0 3 0 45 125 29 81 246 2 2 0 7 15 3 4 95 5 0 1 48 73 0 0 0 0 0 0 0 1 0 0 0 5 2 0 2 2 2 2 7 2 27 5 7 0 2 1 0 1 0 0 1 1 1 17 1 21 0 0 62 50 1 2 1 1 0 0 0 0 16 1 8 0 0 0 0 0 0 0 0 0 0 1 0 0 1 3 0 3 0 0 0 0 11 10 0 1 0 0 1 0 14 47 3 7 0 6 0 0 0 0 0 0 0 1 0 0 1 0 0 0
4 0 3 0 1 2 7 3 0 0 1 6 1 278 67 26 26 16 12 5 171 237 229 86 29 2 177 165 581 25 87 0 172 5257 200 283 686 293 23 120 112 1 155 2 0 2 262 21 4 0 1 12 126 420 19 21 903 4960 2159 4651 11 14 11 61 71 0 977 4000 81 11 0 9 78 1 4125 6 0 0 11 1 11 0 232 217 156 123 554 5 9 3 4 31 12 12 28 59 0 32 111 259 0 1 0 1 1 0 0 1 0 0 0 1 2 1 0 2 0 0 0 2 9 4 0 3 1 1 0 3 0 1 0 1 0 26 1 47 0 0 56 34 0 0 2 1 2 1 0 0 7 5 8 0 0 0 0 0 0 1 0 0 1 0 0 0 8 3 0 2 0 0 0 1 10 9 1 0 1 2 0 1 24 39 2 4 0 12 1 0 2 1 2 0 1 3 0 1 1 0 0 0
39 35 40 18 25 20 15 14 0 11 2 33 54 56 151 106 34 4949 223 60 45 85 95 89 9 1 25 204 102 44 35 11 113 64 1 0 41 463 6730 10 1024 233 2101 317 66 219 14 1563 93 7 0 4 17 65 36 45 32 26 9 11 12406 877 400 1136 160 3 86 15 4823 300 1027 181 623 25 107 9200 20 9 174 2 50 3 57 61 50 18 19 27 276 41 2745 142 13 109 1034 84 12 10 20 5 2 10 1 3 9 5 0 11 2 0 3 13 41 78 551 32 3 36 18 696 179 257 40 13 9 1 6 33 1 47 64 24 7 53 6 50 1 7 177 122 397 9 387 7 7 66 1055 124 205 4567 17 23 19 1 0 62 2 5 1 1 13 21 2 9 16 12 359 557 67 72 31 44 44 30 16 487 7 30 909 61 30 135 41 36 36 103 7 10 50 3 14 130 14 41 24 4 4 4 9 11
59 32 32 28 21 12 27 19 1 12 2 16 5 259 546 184 79 257 66 100 404 1122 368 56 258 22 82 506 504 37 25 11 51 53 17 13 30 34 1059 45 608 30 135 17 24 65 117 14272 250 4 8 83 255 974 49 167 117 60 26 14 877 12281 10809 1080 2810 0 623 32 9139 4440 801 23 29 2 246 3201 4 0 19 11 87 8 952 1180 1059 294 132 144 571 94 743 287 56 1279 2281 63 4 16 250 35 0 1 0 0 1 0 0 2 0 0 1 1 1 1 4 2 0 3 2 4 3 5 2 1 1 2 2 0 2 0 6 1 0 4 0 8 0 0 15 9 4 1 3 2 3 5 44 3 7 84 3 162 430 0 0 135 4 4 11 42 3 0 0 0 0 1 23 14 47 12 5 3 1 2 51 34 151 506 320 38 3 10 15 2 79 15 171 12 633 0 2 659 59 6 5 1 2 0 0 0
14 7 7 5 9 8 4 5 1 2 0 4 23 105 196 59 48 161 57 46 443 1707 604 60 364 35 52 298 166 8 5 5 16 19 16 18 13 25 566 95 352 11 98 23 64 73 244 598 61 0 3 47 108 465 18 122 21 17 50 11 400 10809 13159 5029 3645 0 277 35 4603 1863 146 13 35 1 59 847 2 1 22 1 60 1 815 1099 1105 326 55 26 198 49 1370 125 31 434 3051 22 1 6 226 12 0 2 0 0 0 2 0 2 0 0 0 1 1 1 6 0 0 2 1 6 4 5 3 0 0 0 0 2 0 0 6 1 1 2 0 2 0 0 9 1 3 2 1 3 0 10 67 2 6 207 2 11 26 0 0 25 0 0 0 1 5 2 0 0 1 0 60 31 32 8 3 1 1 1 13 119 4 20 417 47 2 8 1 2 35 12 9 1 31 0 2 90 5 4 2 0 0 1 0 0
4 3 5 3 7 6 6 3 0 0 1 0 49 937 447 91 16 774 104 24 184 1198 292 106 858 28 1344 2122 175 8 10 3 45 44 362 222 107 23 2087 189 196 21 2952 25 7 576 938 150 9 0 4 33 75 404 17 71 42 26 336 61 1136 1080 5029 3912 4334 0 410 185 2249 306 51 33 51 1 87 100 0 0 18 0 29 1 606 982 713 409 104 16 64 4 198 72 25 90 2031 45 2 11 210 34 0 0 0 0 0 0 0 0 0 0 0 1 0 5 17 0 2 2 2 43 7 9 3 1 0 1 0 3 0 3 2 0 1 4 0 6 0 0 21 13 16 0 13 2 1 3 21 2 11 194 1 1 3 0 0 2 0 0 0 2 3 0 0 0 3 0 12 14 5 0 3 0 2 2 0 10 1 3 39 4 4 11 6 0 1 4 0 0 5 0 0 7 0 4 0 0 0 0 0 0
30 19 18 15 11 18 19 11 0 2 4 13 34 993 807 225 16 160 53 17 109 742 54 42 722 4 1146 3557 633 20 20 3 16 30 231 130 125 12 5222 45 458 83 776 11 3 189 562 1324 44 0 11 90 304 1452 59 122 177 37 247 71 160 2810 3645 4334 11889 0 1475 183 15150 584 225 9 15 3 181 109 2 0 7 4 78 2 1210 1894 885 732 187 40 93 18 95 249 90 197 697 50 1 14 341 100 0 0 0 0 1 1 0 0 0 0 0 1 0 5 23 0 0 2 2 69 6 12 1 0 0 0 0 0 0 2 4 1 0 5 0 5 0 0 6 6 27 0 13 1 1 3 27 3 7 256 0 3 5 0 0 3 0 0 0 0 1 2 0 1 1 2 19 22 1 0 1 5 3 2 1 19 0 3 64 5 1 1 1 1 1 1 3 0 9 1 2 10 2 1 1 1 0 0 0 0
2 1 0 0 0 2 2 2 124 0 0 2 46 0 0 0 0 1 7 0 0 2 0 0 0 0 0 0 0 0 0 1 3 0 0 0 0 2 0 0 2 0 0 512 891 28 0 0 1 1001 0 91 12 2 3 1 0 0 0 0 3 0 0 0 0 1079 0 0 1 1 6 89 66 493 0 3 1500 2630 567 97 50 414 1 0 0 0 0 89 16 42 180 1 5 0 4 0 438 71 0 0 0 0 1 0 0 0 0 1 0 0 0 0 0 0 6 0 0 0 1 2 2 4 1 0 1 0 1 0 0 0 0 0 0 2 0 6 0 0 5 5 0 0 0 1 1 0 18 0 3 38 1 2 10 0 0 4 3 0 7 6 0 0 0 0 0 1 2 2 3 106 0 0 0 0 1 5 0 8 47 4 2 3 2 0 4 2 2 2 19 0 0 35 1 1 2 0 0 0 0 0
67 50 48 33 421 55 13 16 1 5 0 38 2 575 171 330 93 65 13 17 51 401 75 85 1081 11 330 1529 6620 1272 1621 55 182 1033 105 131 874 193 466 73 242 25 424 1 1 16 588 318 20 0 6 30 370 6062 37 53 1548 420 333 977 86 623 277 410 1475 0 16308 1846 1943 149 58 40 52 1 1305 92 2 0 23 1 24 0 806 7933 638 3780 2362 12 26 1 20 86 22 56 178 1410 1 24 2113 4882 0 0 4 0 0 1 0 0 0 0 2 6 0 0 3 0 0 0 1 7 4 1 1 0 0 0 0 1 0 0 0 0 0 7 0 10 0 0 14 9 4 0 2 0 0 0 11 0 4 54 0 2 0 0 0 1 0 0 0 1 0 0 0 1 4 0 2 1 2 0 0 0 2 2 0 7 1 2 26 1 7 11 3 1 1 6 2 0 2 0 0 4 1 2 1 0 0 0 0 0
17 3 9 7 8 8 4 4 0 1 1 10 0 454 132 41 24 23 20 9 139 160 216 292 279 15 372 405 679 21 51 2 106 647 364 359 606 146 52 344 96 9 514 15 3 5 1843 24 15 0 2 25 215 857 18 29 849 3906 3509 4000 15 32 35 185 183 0 1846 2889 123 16 10 41 173 9 5348 9 3 0 59 0 15 0 338 656 156 497 3315 7 18 2 8 47 27 22 72 56 2 23 346 419 1 0 0 1 0 3 0 2 1 1 3 1 1 0 1 0 2 1 2 1 25 2 6 3 1 0 0 0 0 0 3 1 2 57 3 54 0 0 122 86 0 0 2 1 2 0 0 0 26 3 10 0 0 0 0 0 0 0 0 0 0 1 1 0 15 4 0 2 1 0 3 0 12 13 0 0 3 3 1 0 28 92 8 12 0 18 2 0 1 1 3 0 0 3 1 1 1 0 0 1
78 42 60 21 22 34 50 33 1 20 4 30 15 757 1838 1008 69 1027 47 87 132 447 273 97 171 5 159 1277 1474 68 66 21 99 162 51 66 95 36 8358 23 1419 215 2555 20 58 64 139 11470 113 5 6 98 511 1783 79 138 632 204 122 81 4823 9139 4603 2249 15150 1 1943 123 13808 1390 1529 54 57 6 1084 4267 4 0 32 1 101 1 1033 1226 517 349 304 70 176 30 777 308 79 335 1999 169 4 86 180 103 2 3 2 1 1 2 0 6 0 0 3 2 2 5 71 5 3 6 4 91 31 31 7 1 2 0 0 7 1 3 26 6 3 30 3 37 0 1 89 57 22 4 48 6 8 41 243 13 37 968 10 25 14 2 0 89 0 5 1 3 7 10 1 5 9 3 174 193 107 12 10 7 12 7 48 352 11 20 1069 156 18 64 13 10 108 67 9 7 61 3 6 212 15 13 20 4 2 0 3 1
250 151 164 90 62 77 117 110 4 58 5 77 6 124 255 140 49 197 41 74 175 500 248 69 129 16 44 282 177 121 71 29 70 31 6 3 21 21 374 39 496 19 112 11 20 44 57 752 817 10 56 399 65 284 153 185 27 27 9 11 300 4440 1863 306 584 1 149 16 1390 3294 854 70 28 12 112 658 7 1 23 19 969 40 418 422 388 127 47 233 469 76 490 1254 1801 4916 2053 127 11 41 100 34 7 1 0 2 0 1 1 4 0 0 3 2 0 0 1 0 0 1 0 2 1 3 0 0 0 2 1 0 0 0 1 0 6 8 0 15 0 0 7 3 0 0 0 7 6 4 40 1 3 48 1 95 256 0 0 60 20 13 61 196 0 0 0 0 10 0 5 8 11 9 1 2 8 0 10 6 230 675 129 10 16 12 12 2 19 30 260 12 885 2 1 263 40 3 8 3 0 0 0 1
92 52 54 43 22 33 36 40 2 20 4 29 25 18 24 13 4 89 78 14 8 36 19 10 27 0 9 56 94 39 34 14 34 18 4 2 7 25 170 2 190 12 48 130 90 90 14 7065 50 34 3 78 19 78 36 44 25 18 3 0 1027 801 146 51 225 6 58 10 1529 854 5486 49 73 20 71 2440 22 7 62 37 1277 123 54 64 36 28 20 1377 2421 258 1507 104 15 52 177 49 19 11 8 17 11 3 11 4 1 0 2 7 1 0 2 2 0 0 24 2 0 2 1 32 5 23 1 2 1 3 4 0 3 2 6 1 1 7 0 5 0 2 8 3 10 4 3 23 7 17 113 2 21 184 2 232 464 4 4 118 27 30 132 461 4 1 0 1 5 0 16 16 31 25 4 2 3 1 27 20 595 1655 460 31 6 13 36 3 42 67 729 52 2535 0 4 560 108 3 21 3 0 0 0 0
133 84 132 115 288 426 271 127 1075 557 337 1107 173 10 8 15 19 91 217 39 299 301 44 3 38 0 10 10 341 484 271 173 3389 314 0 1 25 168 10 1 370 10 41 296 503 253 18 53 15 227 11 186 376 221 200 65 32 139 13 9 181 23 13 33 9 89 40 41 54 70 49 7832 910 691 304 83 5461 472 3215 42 107 120 376 80 294 40 41 78 82 74 243 138 52 43 45 774 6760 1804 39 2 137 168 401 261 149 762 55 53 350 136 469 1281 48 9 69 27 21 27 55 113 277 288 76 53 37 4 8 3 0 7 201 20 286 1010 23 999 2 3 622 392 17 18 9 73 125 2 93 34 284 275 55 1 15 27 2 37 11 42 7 20 70 34 18 60 544 33 22 32 10 13 33 14 388 97 2 20 34 14 108 13 1631 1009 570 94 6 1261 11 6 31 10 123 55 14 254 732 64 31 10 1 28
11 12 6 4 62 38 17 1 31 8 8 60 611 8 33 41 75 694 1076 161 382 430 242 11 28 0 10 9 174 117 93 24 1324 873 3 3 90 2166 25 4 357 15 116 3966 559 1645 75 55 11 113 3 65 31 59 16 44 89 179 44 78 623 29 35 51 15 66 52 173 57 28 73 910 9035 830 413 159 448 408 4752 26 41 97 123 48 260 27 93 50 74 49 798 33 12 17 126 357 99 40 52 10 11 17 32 20 16 44 2 20 15 7 20 109 134 28 257 77 51 84 191 344 800 836 197 73 64 4 13 4 3 22 43 20 30 527 23 602 4 31 1437 963 45 128 41 22 100 14 175 95 785 776 274 14 11 7 0 26 4 14 4 6 32 14 14 2 224 112 56 64 31 29 35 16 327 303 10 72 23 14 243 26 570 1249 599 208 19 653 6 1 34 12 35 62 17 58 131 21 27 11 5 46
