53628 17165 7589 10486 2540 4611 9194 15311 249 1284 124 2900 1 58 27 9 4 3 2 0 167 85 4 7 16 0 2 25 6579 13345 873 91 175 20 8 3 10 17 6 6 707 5 25 2 10 2 5 43 53 18 101 411 1435 968 981 327 73 54 4 0 0 103 71 9 58 8 263 13 132 141 70 51 63 14 210 12 26 1 55 11 286 15 3627 433 916 217 8 92 70 9 20 439 250 32 76 567 63 3183 43 30 2 1 32 22 4 97 2 5 5 29 64 120 0 0 1 0 1 0 0 1 0 2 0 2 0 0 0 0 0 0 2 0 27 25 1 22 0 0 9 1 0 0 0 2 7 0 2 0 1 5 2 0 1 2 0 0 9 5 4 5 6 5 0 0 10 3 0 2 0 0 17 4 1 1 2 5 0 1 3 0 94 27 5 1 2 38 8 4 2 0 14 2 2 1 30 3 8 0 0 0
17165 18214 6985 7618 1510 1192 162 547 49 237 42 724 0 1 0 0 1 0 1 0 154 29 0 1 6 0 0 0 160 2351 39 8 18 10 0 1 0 7 0 3 497 3 7 2 1 0 1 10 26 3 19 104 126 152 135 175 16 3 1 0 3 11 4 2 0 3 145 6 1 34 26 23 20 3 11 3 9 1 28 5 88 4 883 225 710 168 2 30 34 1 5 123 74 16 13 18 24 129 19 1 2 0 36 22 7 86 1 4 7 21 42 90 0 0 0 0 1 0 0 0 0 0 0 0 0 0 0 0 0 0 0 0 23 22 0 16 0 0 1 1 0 0 0 2 2 0 0 0 1 0 0 0 0 0 0 1 0 2 3 0 1 2 0 0 14 0 0 0 0 0 12 5 0 0 0 0 0 0 1 0 66 24 1 0 1 22 1 0 0 2 9 1 0 4 27 0 5 0 0 0
7589 6985 38191 4485 43 1075 496 12303 344 6310 313 20117 0 2 1 1 2 0 2 1 324 73 2 4 27 4 4 0 179 224 15 34 70 11 0 0 0 7 1 12 934 10 25 2 3 2 5 24 64 22 77 240 408 375 378 394 29 12 3 0 2 25 5 5 4 1 259 9 3 114 45 66 31 6 34 7 31 0 56 5 215 13 2242 420 1248 279 6 71 71 7 9 346 218 33 37 33 197 371 64 10 15 4 361 185 23 649 10 20 54 211 293 599 0 0 0 0 0 0 0 0 1 0 0 8 1 0 1 0 0 0 3 0 121 84 1 54 0 0 8 2 0 0 0 14 27 0 0 0 2 0 0 0 1 0 0 1 4 4 3 0 7 14 0 1 45 0 0 0 0 0 60 7 6 0 0 1 0 0 1 0 325 49 20 0 0 118 3 4 1 3 35 1 0 10 214 10 28 1 0 0
10486 7618 4485 19693 5543 9078 369 526 65 327 89 7003 0 1 4 1 2 0 1 0 357 155 3 0 15 0 1 2 590 6907 701 52 144 10 2 0 0 15 0 9 516 4 13 2 2 0 11 6 17 5 25 80 153 166 146 166 139 7 2 1 2 10 7 2 5 2 169 10 2 29 18 68 40 6 46 6 28 0 40 3 71 5 919 251 834 270 5 22 20 0 5 115 64 15 15 386 112 182 112 4 9 2 168 98 17 376 3 18 33 100 177 393 0 0 0 0 0 0 0 0 1 1 0 5 1 0 0 0 0 0 4 1 97 66 0 38 0 0 11 4 0 0 0 5 29 0 0 0 0 0 0 0 1 2 0 1 1 1 2 0 7 14 0 1 26 0 0 0 0 0 33 10 1 1 0 0 0 0 1 1 251 39 13 0 1 83 1 1 1 2 46 0 0 3 118 8 19 0 0 0
2540 1510 43 5543 4812 2129 436 115 4 74 40 592 0 31 13 7 3 2 0 0 258 196 5 2 19 1 4 15 2340 6873 4328 331 436 20 2 2 9 25 10 14 264 0 11 2 2 0 8 31 11 3 15 44 229 195 118 74 1540 85 1 1 1 57 38 4 33 0 427 7 92 19 18 124 89 1 347 5 66 1 135 1 42 5 574 131 451 186 3 15 12 1 3 47 34 7 14 2060 40 281 87 22 0 0 0 1 0 6 0 0 0 1 2 7 0 0 1 0 0 0 0 0 1 2 0 0 0 0 0 0 0 0 1 0 0 4 0 4 0 0 4 5 0 0 0 0 0 0 2 0 0 1 0 0 3 0 0 1 1 0 2 0 1 2 0 0 5 0 0 1 1 1 1 0 1 1 0 1 0 1 4 0 7 9 1 0 3 1 1 3 1 0 1 3 0 1 1 0 1 0 0 0
4611 1192 1075 9078 2129 13394 505 422 62 510 273 11668 0 28 15 5 1 0 3 1 944 658 34 7 48 4 5 18 1039 4743 347 2900 2136 51 4 3 3 19 10 13 1022 2 13 1 9 3 16 31 20 3 27 98 209 229 167 204 168 65 2 1 2 63 57 10 30 0 262 20 102 56 41 557 228 9 257 5 339 3 529 3 88 2 1015 272 1232 431 7 24 20 2 14 96 80 14 13 5951 299 264 285 12 12 2 105 94 17 366 6 10 29 86 204 371 0 0 0 0 1 0 0 0 1 1 1 6 2 0 0 0 0 0 3 0 103 72 1 55 0 0 21 5 0 0 1 8 27 1 0 0 2 2 1 0 0 5 0 1 3 8 1 0 11 14 0 3 39 0 2 1 4 0 38 3 1 0 0 2 0 1 4 0 253 64 14 1 3 109 3 1 1 9 51 6 1 9 141 7 32 0 0 0
9194 162 496 369 436 505 6057 8628 645 2655 418 1222 0 40 25 2 5 0 0 0 28 36 5 3 2 1 3 24 870 545 245 39 84 9 3 5 7 18 2 4 67 6 6 1 9 2 3 20 4 4 22 98 1080 405 627 33 24 25 3 1 1 53 39 14 41 3 42 4 93 27 14 66 32 14 149 2 36 1 38 3 65 6 1006 30 62 9 2 14 7 3 7 71 61 13 9 224 461 3159 18 16 0 0 14 19 1 46 2 3 4 16 20 30 0 0 0 0 0 1 0 1 0 2 0 1 0 0 0 0 0 0 2 0 8 8 0 4 0 0 3 3 0 1 0 2 2 0 1 0 1 1 1 0 0 0 0 0 1 0 3 1 0 2 0 0 2 2 1 0 0 0 7 0 0 0 0 2 0 0 5 0 34 11 9 0 0 19 1 0 0 0 3 2 0 0 18 1 4 0 0 0
15311 547 12303 526 115 422 8628 24074 4944 32851 1356 6718 0 9 6 0 2 1 0 0 64 7 1 2 5 2 1 5 257 283 54 9 31 11 3 0 0 8 3 1 483 1 15 1 4 1 7 9 40 10 84 378 1106 608 931 208 15 18 0 0 1 24 14 3 5 6 128 3 16 119 35 31 34 8 54 2 12 0 23 6 265 11 3024 236 515 67 4 57 54 0 10 331 220 26 28 49 227 2578 13 11 6 1 51 36 0 109 3 7 15 55 54 105 0 0 0 0 0 0 0 0 1 0 0 2 2 0 0 0 0 0 0 0 11 14 0 11 0 0 4 0 0 1 1 1 0 0 0 0 1 1 0 0 4 0 0 1 7 1 4 1 0 0 1 0 3 0 1 0 0 0 4 2 1 0 0 0 1 0 0 0 50 11 9 0 1 22 1 2 5 0 5 0 0 1 45 3 4 0 0 0
249 49 344 65 4 62 645 4944 2130 5743 661 1029 2 1 0 0 1 0 1 0 9 2 0 2 0 0 0 0 8 12 5 29 72 5 0 0 0 7 0 1 34 1 8 3 39 3 1 1 4 25 5 28 165 30 55 10 2 2 0 1 0 2 5 0 0 11 11 0 0 7 3 248 59 94 11 1 219 6 156 11 13 29 128 10 23 11 2 14 13 11 16 16 9 2 6 23 1388 1712 1 0 2 0 16 15 1 27 0 2 4 18 24 42 0 0 0 0 0 1 0 0 2 11 2 0 0 0 0 0 0 0 1 0 8 11 0 12 0 0 8 5 0 0 0 2 5 0 0 0 5 1 0 0 2 0 0 0 0 1 0 0 0 1 0 0 1 0 0 0 0 1 1 0 0 1 1 3 0 0 3 0 26 20 19 1 0 21 0 1 1 0 4 1 0 0 16 3 2 0 0 0
1284 237 6310 327 74 510 2655 32851 5743 33338 17771 40215 3 2 8 0 0 0 6 0 47 29 0 1 3 0 1 2 85 78 26 431 1000 20 1 0 1 5 2 2 205 1 6 2 27 5 3 6 11 21 19 103 481 172 309 66 5 25 0 0 1 9 5 2 9 14 48 3 8 26 19 3181 148 70 90 4 4759 15 922 7 88 17 897 78 160 44 2 27 17 7 12 106 80 8 18 377 4574 3047 6 6 31 8 419 356 31 1023 18 72 109 528 462 1015 0 0 0 0 0 0 0 0 4 1 2 8 2 0 0 0 0 0 2 0 139 100 1 56 0 0 12 5 0 3 0 12 21 1 1 1 1 0 2 1 0 2 0 2 1 7 0 2 11 6 3 2 34 0 0 0 0 1 52 7 2 2 0 0 0 1 0 0 384 62 50 1 1 174 1 2 1 5 47 4 0 9 465 24 26 0 0 0
124 42 313 89 40 273 418 1356 661 17771 4108 6970 2 2 2 0 0 0 5 2 97 84 6 0 5 0 2 0 23 16 13 156 508 8 1 0 3 11 1 2 144 0 3 0 8 0 0 5 11 3 11 49 98 59 88 33 7 14 0 0 0 4 3 0 2 2 39 4 3 12 7 2098 54 15 49 1 1172 2 403 1 30 2 320 44 81 23 1 9 8 1 2 45 31 3 3 177 1330 482 23 4 19 5 238 226 19 678 7 50 77 267 328 650 1 0 0 0 0 0 0 0 1 1 1 6 2 0 1 0 0 0 3 0 117 73 0 43 1 0 8 1 0 0 0 11 21 0 0 0 0 0 0 0 0 2 0 1 1 4 0 1 18 12 0 0 41 1 0 0 0 0 41 9 2 0 0 0 3 0 2 0 328 49 20 0 0 117 1 1 0 2 46 1 0 5 324 10 27 1 0 0
2900 724 20117 7003 592 11668 1222 6718 1029 40215 6970 48301 0 4 11 1 2 0 11 1 952 564 14 5 57 2 5 7 330 1979 70 193 677 15 3 1 0 24 1 18 1176 5 21 18 5 1 13 13 36 12 58 213 412 300 354 285 33 19 3 1 1 30 24 6 8 2 246 19 26 76 35 607 119 23 101 6 395 3 386 4 159 4 1752 327 1298 360 8 42 32 1 5 231 138 24 30 681 1156 889 254 13 57 11 795 547 75 2047 24 86 192 607 1030 2014 0 1 0 0 2 0 0 1 1 1 1 13 1 0 2 0 0 0 7 0 383 308 2 176 0 0 24 7 0 1 0 45 97 0 1 1 0 2 0 0 0 6 1 0 1 17 4 0 46 35 5 10 165 0 0 0 0 0 160 35 17 5 0 1 1 0 2 0 1123 205 43 1 0 418 2 4 0 18 187 2 0 22 720 34 76 2 0 0
1 0 0 0 0 0 0 0 2 3 2 0 4397 0 3 15 5 1275 10708 935 0 1 1 0 0 0 2 2 0 0 1 0 2 1 0 0 0 302 2 0 21 3 12 4692 3982 1047 0 16 2 110 0 7 1 0 0 0 0 0 0 0 8 3 9 5 8 1894 1 1 4 0 10 16 228 1911 0 7 607 1218 773 14 17 14 0 0 0 0 0 71 104 176 548 3 0 2 13 0 26 6 0 0 0 0 0 0 1 0 0 0 0 0 1 0 0 11 503 3 0 101 2 628 37 1770 10 0 0 0 0 3 0 13 0 0 1 0 0 3 0 0 16 18 105 1 28 0 1 9 71 104 85 485 0 6 11 1 2 7 0 1 2 3 0 0 0 0 2 1 66 59 8 231 0 0 4 0 12 77 0 4 149 13 1 7 170 1 17 7 1 3 11 0 0 42 12 3 0 0 0 0 0 0
58 1 2 1 31 28 40 9 1 2 2 4 0 9404 7862 1221 2540 82 82 277 52 131 399 910 10 11 2076 1310 243 70 188 5 132 722 6587 3424 1553 1532 509 333 1325 120 502 7 1 22 603 27 54 7 6 3 66 61 29 11 282 119 1181 616 25 76 161 372 473 4 165 118 434 25 12 3 59 2 555 23 2 0 9 0 7 1 88 17 46 39 14 13 21 2 34 56 11 33 133 70 0 76 29 35 1 0 0 1 0 2 0 0 0 0 1 0 8 1 7 11 6 18 31 10 80 57 66 6 4 2 9 2 0 9 2 0 2 29 2 23 20 4 121 97 1 31 3 0 6 5 2 1 57 19 18 0 3 0 0 1 1 0 0 2 1 3 0 3 1 13 6 11 5 1 8 10 1 16 3 5 2 1 17 1 6 62 10 0 6 20 0 0 3 2 1 7 5 1 9 0 3 1 2 3
27 0 1 4 13 15 25 6 0 8 2 11 3 7862 17194 12591 1772 464 159 3027 33 74 344 546 11 10 3059 5616 131 36 126 1 30 185 2320 360 48 563 1362 130 1159 222 546 6 4 68 141 98 126 3 19 3 52 48 19 3 243 59 233 123 106 307 417 310 880 12 142 58 1061 76 44 2 22 4 216 107 10 0 9 2 44 0 43 19 29 30 5 15 69 11 98 167 39 102 219 37 2 57 21 16 0 0 0 1 1 0 0 0 0 0 0 0 10 4 20 28 12 20 21 32 134 185 76 8 7 3 17 8 0 17 4 0 1 23 1 11 19 0 149 112 8 50 7 0 9 6 8 3 115 39 20 3 5 2 2 1 1 0 0 1 3 6 0 0 0 14 16 17 7 4 11 5 1 7 14 28 2 1 38 3 2 65 18 0 11 25 1 4 5 8 2 17 4 4 13 3 6 5 1 2
9 0 1 1 7 5 2 0 0 0 0 1 15 1221 12591 12246 1178 2567 3676 1388 2 15 104 121 8 4 345 6150 20 10 21 1 26 54 36 21 35 175 3379 20 715 246 169 9 7 92 22 156 77 10 6 2 10 5 1 1 53 16 40 37 157 295 236 73 359 18 43 14 716 72 57 0 17 8 65 108 4 2 4 0 44 2 9 5 2 7 3 21 63 3 48 69 13 67 100 6 0 8 3 5 0 0 0 0 0 0 0 1 0 0 0 0 16 113 200 31 4 297 10 191 92 1731 51 0 0 1 0 6 3 103 1 0 1 1 1 1 4 0 51 34 156 3 44 0 1 6 8 56 190 55 1 3 8 0 0 8 1 1 4 3 1 0 0 0 0 1 18 21 2 9 0 2 0 0 10 29 2 5 47 3 1 28 74 0 3 19 4 7 11 1 0 17 6 1 6 0 0 0 0 0
4 1 2 2 3 1 5 2 1 0 0 2 5 2540 1772 1178 1466 292 1807 1913 55 211 238 56 21 13 43 57 17 6 15 2 37 121 92 75 326 1326 168 57 602 42 120 11 1 96 61 53 35 3 3 0 1 0 5 1 14 14 127 34 116 50 43 17 55 3 10 16 124 19 15 1 22 27 81 76 5 1 4 0 13 1 10 1 13 15 2 10 13 4 37 35 16 20 74 15 3 8 25 5 1 1 1 0 2 3 1 7 0 0 2 5 27 27 29 41 20 80 53 36 305 473 144 40 20 9 27 8 8 56 14 3 0 94 7 72 41 11 483 305 10 131 6 1 18 18 4 5 271 19 59 6 7 0 0 0 3 2 1 3 5 15 0 6 3 34 6 19 4 1 30 30 4 23 12 14 5 2 15 2 16 235 98 7 1 104 1 1 2 20 12 13 7 7 39 4 18 8 7 5
3 0 0 0 2 0 0 1 0 0 0 0 1275 82 464 2567 292 10508 5330 915 3 23 34 463 9 3 293 620 5 1 3 0 9 14 11 3 11 939 5748 26 701 196 529 23 10 1367 14 987 105 7 1 4 2 2 1 1 15 1 11 5 5960 420 117 352 402 59 23 4 1667 81 310 0 32 47 16 1206 11 0 5 1 241 6 7 3 4 9 0 121 154 7 232 50 13 39 116 0 1 2 6 0 0 0 0 0 0 0 0 0 0 0 0 1 5 102 653 18 7 183 4 811 64 2182 25 0 0 1 0 8 1 65 0 1 0 1 2 6 0 2 40 47 317 0 92 0 0 15 54 257 178 492 0 6 33 0 2 30 1 0 8 6 0 0 0 0 7 2 80 85 19 73 0 0 5 2 25 123 1 18 141 12 0 11 60 0 35 5 7 18 25 0 0 52 10 5 1 0 0 0 0 0
2 1 2 1 0 3 0 0 1 6 5 11 10708 82 159 3676 1807 5330 54533 13282 62 197 75 393 30 14 220 230 1 3 4 1 4 10 18 3 10 13383 315 122 507 116 610 3419 526 4831 40 358 100 113 15 57 3 5 1 4 20 2 19 3 542 115 153 343 193 898 21 9 221 37 99 3 399 4555 7 464 32 144 159 46 105 111 11 7 26 24 1 194 240 110 1198 81 16 46 199 1 6 3 33 4 2 1 0 4 8 5 1 31 0 0 11 3 151 669 2856 348 78 2268 258 3254 1890 18622 1144 97 66 24 76 88 21 672 30 12 11 194 17 130 209 26 1831 1137 1149 391 351 3 41 104 147 789 3192 1205 116 21 41 2 8 60 10 7 8 20 8 8 18 11 18 84 181 235 36 321 61 53 17 51 51 276 21 41 384 25 59 1066 2370 10 67 597 24 32 70 53 26 99 41 25 189 18 64 24 7 11
0 0 1 0 0 1 0 0 0 0 2 1 935 277 3027 1388 1913 915 13282 1470 6 65 60 90 10 11 45 67 0 0 2 0 3 3 7 0 8 566 334 49 289 63 298 219 138 716 9 127 52 19 8 10 1 0 2 0 6 0 6 2 294 73 93 28 52 111 1 2 188 27 46 0 19 548 2 174 7 9 21 6 31 14 1 2 2 9 2 52 87 37 361 96 19 33 112 0 2 1 7 0 0 1 0 1 2 2 0 10 0 0 5 2 48 75 178 95 19 295 72 146 518 2063 326 32 15 10 24 25 6 134 14 4 1 38 4 32 62 14 448 285 53 123 39 1 7 39 35 22 720 175 29 5 8 0 3 13 5 4 0 3 4 5 4 2 2 22 60 72 11 27 20 20 1 14 19 107 5 8 206 11 14 248 374 2 36 147 4 9 4 9 3 47 14 2 49 15 6 8 5 4
167 154 324 357 258 944 28 64 9 47 97 952 0 52 33 2 55 3 62 6 8037 9697 1559 107 624 218 41 31 85 82 139 151 400 278 15 2 29 452 3 432 1073 24 178 29 1 9 302 11 8 3 2 6 23 21 13 1998 116 307 110 13 4 62 147 64 64 5 96 759 68 14 10 65 340 17 1416 9 45 0 130 0 10 1 234 29 2701 419 395 4 5 1 30 21 5 12 65 529 55 33 806 159 0 0 5 2 4 9 0 1 0 5 6 12 0 0 1 1 0 0 2 0 9 1 6 3 1 0 2 0 0 0 0 0 7 22 0 20 0 0 45 38 0 1 1 3 6 0 4 0 9 1 3 1 0 1 0 1 0 0 0 0 4 1 0 0 6 1 2 0 0 0 4 3 0 1 0 2 0 0 3 0 33 46 8 0 1 17 0 1 0 3 3 0 0 1 7 1 2 0 0 1
85 29 73 155 196 658 36 7 2 29 84 564 1 131 74 15 211 23 197 65 9697 28924 3874 737 7115 3183 228 37 95 57 88 125 450 455 72 1 67 1143 10 3940 483 136 1295 99 3 72 890 42 87 7 17 11 27 36 30 123 133 269 202 28 95 431 744 195 98 31 201 1093 165 100 22 59 643 18 1407 94 51 2 160 0 19 3 205 100 5516 934 708 22 58 8 203 113 39 113 478 487 39 36 3196 155 0 1 3 2 2 5 0 0 0 1 3 7 0 1 4 2 6 2 13 2 30 8 27 11 7 1 3 0 1 4 1 0 1 37 1 31 8 0 120 93 0 13 1 0 5 1 2 1 31 14 4 2 2 0 0 7 0 0 0 2 5 2 0 0 2 5 8 9 2 2 9 10 1 8 8 17 0 3 36 3 24 62 17 1 13 21 2 2 4 3 6 12 0 0 3 5 4 1 2 0
4 0 2 3 5 34 5 1 0 0 6 14 1 399 344 104 238 34 75 60 1559 3874 8497 4803 1901 3897 369 39 9 7 12 10 132 274 113 14 103 535 19 5259 5163 2218 1195 10 2 27 743 26 189 5 8 0 11 16 3 4 40 43 90 25 29 103 159 35 18 12 78 282 42 33 13 11 145 2 177 33 6 1 22 0 6 1 28 20 55 97 54 16 41 11 59 74 19 56 217 20 8 5 111 10 0 0 0 0 0 1 0 0 0 0 0 0 0 0 3 1 0 1 1 1 11 5 8 2 0 0 1 0 0 0 1 0 0 3 0 3 2 0 15 9 0 3 0 0 0 2 1 0 4 5 1 1 5 0 0 2 0 0 0 0 0 0 0 0 0 1 1 2 1 1 2 2 0 0 3 12 0 1 22 1 2 5 1 0 7 4 1 2 2 0 1 21 1 0 1 0 0 0 0 0
7 1 4 0 2 7 3 2 2 1 0 5 0 910 546 121 56 463 393 90 107 737 4803 11389 1355 2989 4247 402 28 1 16 1 20 45 1736 15 26 127 80 10004 1994 2669 3007 16 6 665 2539 28 289 10 11 3 32 65 16 9 251 12 512 47 536 141 171 594 169 53 371 184 105 46 19 3 31 4 37 40 12 5 12 0 15 1 95 74 89 303 32 28 106 12 217 96 26 49 231 6 4 14 247 13 0 0 0 0 0 1 0 0 0 0 0 0 0 0 32 1 1 1 3 30 11 53 5 1 0 0 0 0 0 0 0 0 0 3 1 2 0 0 5 15 9 2 12 0 1 1 20 3 14 79 1 0 8 0 0 4 0 0 0 1 0 0 0 0 0 0 27 13 2 11 0 0 2 1 6 38 1 1 61 5 2 2 3 0 13 2 2 5 6 0 0 5 4 0 0 1 0 0 0 0
16 6 27 15 19 48 2 5 0 3 5 57 0 10 11 8 21 9 30 10 624 7115 1901 1355 6085 1440 96 25 46 7 46 9 25 40 25 2 6 88 4 2696 568 124 406 10 4 25 1110 9 16 5 6 7 116 167 68 53 767 60 45 3 37 126 344 203 67 9 1574 896 72 25 10 8 60 2 800 20 7 0 8 0 9 1 477 407 797 2603 1851 12 16 4 69 25 19 26 151 35 2 14 3397 205 0 0 0 0 0 0 0 0 0 0 1 0 1 0 2 1 3 0 4 0 11 5 12 0 0 0 0 1 0 0 1 0 0 5 0 7 0 1 18 19 0 2 2 0 0 0 2 1 8 7 1 1 1 0 0 2 0 0 1 1 1 0 0 0 0 2 1 2 2 2 0 0 0 2 4 4 1 0 5 1 0 16 1 0 3 3 0 0 2 1 0 0 0 0 1 0 1 0 0 0
0 0 4 0 1 4 1 2 0 0 0 2 0 11 10 4 13 3 14 11 218 3183 3897 2989 1440 2575 324 0 3 0 2 2 12 17 33 0 4 43 0 5559 635 84 186 3 1 6 158 2 7 3 0 0 5 6 3 1 13 1 8 1 5 30 51 5 4 2 73 14 2 8 1 1 11 0 5 6 3 0 4 0 3 0 39 29 66 125 4 3 5 0 25 8 1 12 39 1 0 1 122 4 0 0 0 0 1 0 0 0 0 0 0 0 0 1 0 0 1 0 0 0 2 3 1 0 0 1 0 0 0 0 0 0 0 0 0 0 0 0 4 5 0 1 0 0 0 0 0 0 0 2 0 0 1 0 0 0 0 0 0 0 0 0 0 0 0 0 0 2 2 1 0 0 0 0 0 0 0 1 2 0 0 0 0 0 2 0 0 0 0 0 0 3 0 0 0 0 0 0 0 0
2 0 4 1 4 5 3 1 0 1 2 5 2 2076 3059 345 43 293 220 45 41 228 369 4247 96 324 15087 4064 45 5 53 0 23 83 4152 54 42 62 149 1740 670 256 483 1 2 107 446 14 59 1 2 4 34 41 11 8 360 23 279 84 53 48 143 1885 314 3 277 84 79 12 7 0 14 1 76 8 1 0 1 0 4 0 72 34 42 147 9 6 13 5 20 14 4 17 52 5 1 25 105 11 0 0 0 0 0 0 0 0 0 0 0 0 1 5 33 2 0 48 1 70 6 202 10 0 0 0 1 0 0 1 2 0 0 1 0 2 0 0 11 9 15 0 6 0 0 2 5 6 10 61 0 0 3 0 0 2 0 0 0 1 0 0 0 0 0 0 12 4 0 1 1 2 0 0 1 17 0 1 8 1 2 1 4 1 3 0 1 1 1 0 0 2 0 0 1 0 0 0 0 0
25 0 0 2 15 18 24 5 0 2 0 7 2 1310 5616 6150 57 620 230 67 31 37 39 402 25 0 4064 7822 208 41 184 5 50 269 315 119 97 159 2696 41 219 53 222 8 3 238 175 30 20 0 2 6 67 76 40 2 586 93 388 188 72 85 167 1054 1184 3 319 118 475 29 9 3 27 0 283 14 3 1 4 0 7 1 89 30 36 63 11 5 10 1 23 12 5 14 31 19 0 75 57 28 0 0 0 0 0 0 0 0 0 0 0 0 0 9 214 4 4 67 0 382 21 558 9 0 0 0 1 5 0 13 2 0 1 0 0 5 1 0 21 19 70 2 31 0 1 3 34 33 28 342 0 0 2 0 0 2 0 0 2 0 0 0 0 0 1 0 91 29 4 11 1 1 1 0 2 69 0 0 32 1 2 5 3 0 10 1 0 0 1 0 1 8 2 0 0 1 0 0 0 0
6579 160 179 590 2340 1039 870 257 8 85 23 330 0 243 131 20 17 5 1 0 85 95 9 28 46 3 45 208 25929 9175 2860 132 272 41 59 17 25 44 43 36 108 11 63 3 1 9 67 88 8 7 17 73 5822 6953 1481 35 1606 170 17 8 19 328 349 72 299 8 10254 45 497 68 49 65 105 5 1050 25 20 1 123 2 55 4 2484 274 79 68 64 12 10 2 30 40 34 33 49 1211 19 6092 70 448 0 0 6 2 0 18 0 3 1 5 5 13 0 0 1 0 0 0 0 2 1 3 0 1 0 0 1 0 0 0 0 0 3 11 0 7 1 0 11 5 0 3 3 1 1 1 8 2 3 10 1 1 0 0 0 1 1 1 1 0 3 0 0 0 3 0 5 3 0 1 5 1 0 0 1 10 1 0 20 1 24 16 1 0 5 7 0 0 1 2 10 6 0 0 8 1 1 0 0 0
13345 2351 224 6907 6873 4743 545 283 12 78 16 1979 0 70 36 10 6 1 3 0 82 57 7 1 7 0 5 41 9175 12810 4598 109 147 17 8 5 13 18 6 3 121 4 9 2 2 2 10 35 11 5 15 64 625 518 291 48 2249 53 3 4 2 81 73 6 75 0 1148 6 165 31 25 43 44 5 332 6 5 1 66 1 41 1 755 110 180 54 9 8 9 2 6 56 45 16 10 849 13 581 20 84 0 0 6 1 0 19 0 1 0 3 5 15 1 0 1 0 1 0 0 0 1 0 0 0 0 0 1 0 0 0 0 0 2 2 0 8 0 0 7 3 0 1 0 0 3 0 2 0 1 5 0 0 0 0 0 2 1 0 1 0 1 2 0 0 0 0 2 1 1 1 6 2 1 0 1 5 0 0 6 0 16 18 0 0 3 6 0 3 1 1 2 3 0 0 4 1 1 0 0 0
873 39 15 701 4328 347 245 54 5 26 13 70 1 188 126 21 15 3 4 2 139 88 12 16 46 2 53 184 2860 4598 10369 168 368 50 43 8 33 34 40 17 213 6 44 1 0 4 78 58 9 1 9 15 313 299 127 45 12139 249 19 8 9 160 171 71 292 1 1879 104 402 34 25 97 137 0 3369 18 28 1 140 1 41 1 497 164 347 470 756 5 9 2 13 31 16 8 26 5191 21 347 982 10537 0 0 1 0 0 3 0 0 0 1 2 1 0 1 0 0 0 1 0 1 1 3 0 0 1 0 0 0 0 0 0 0 1 5 0 3 0 0 3 2 1 1 3 0 0 2 0 0 0 5 0 1 6 0 0 2 1 0 0 0 0 1 0 0 1 0 1 7 1 2 0 0 0 0 4 11 0 1 18 1 3 6 0 0 4 0 0 2 1 0 1 5 0 0 2 0 1 0 0 0
91 8 34 52 331 2900 39 9 29 431 156 193 0 5 1 1 2 0 1 0 151 125 10 1 9 2 0 5 132 109 168 4937 4902 84 0 0 0 4 1 3 157 1 3 0 4 2 3 7 3 0 6 30 33 41 49 22 59 912 2 0 0 8 4 1 6 1 73 17 20 15 10 841 293 7 3474 0 550 4 670 1 29 1 207 32 116 35 4 4 6 0 1 27 26 1 6 5735 344 69 47 25 2 0 10 4 5 37 0 1 2 10 23 57 0 0 0 0 0 0 0 0 1 0 0 3 0 0 0 0 0 0 0 0 17 19 0 15 0 0 3 0 0 0 0 2 7 0 1 0 0 1 0 0 0 1 0 0 2 1 0 0 5 5 0 1 6 0 0 0 0 0 6 3 0 0 0 0 0 0 2 1 53 13 9 0 0 19 0 0 0 1 8 0 0 0 24 0 6 0 0 0
175 18 70 144 436 2136 84 31 72 1000 508 677 2 132 30 26 37 9 4 3 400 450 132 20 25 12 23 50 272 147 368 4902 7213 3776 97 86 84 1713 58 16 565 6 27 5 5 10 46 37 15 8 18 92 105 116 125 74 115 1115 295 48 7 53 25 18 81 3 178 353 180 37 26 2401 1768 49 4075 24 1145 3 768 2 62 5 653 122 278 101 34 24 10 4 12 84 47 13 31 3072 830 140 112 62 2 1 22 19 4 98 0 4 5 21 68 117 2 0 4 3 4 1 5 8 21 12 12 12 9 0 7 1 2 3 6 0 44 146 4 89 7 1 176 53 2 14 0 12 33 1 4 1 26 3 13 0 4 3 0 0 2 7 2 1 15 20 2 2 22 7 1 3 0 2 54 14 3 7 2 3 1 2 15 2 205 216 49 2 2 120 0 0 2 7 68 5 1 2 59 4 23 3 1 0
20 10 11 10 20 51 9 11 5 20 8 15 1 722 185 54 121 14 10 3 278 455 274 45 40 17 83 269 41 17 50 84 3776 4871 316 380 708 1835 127 29 602 11 56 4 1 8 186 75 7 3 10 28 42 39 62 31 56 1820 2729 1766 13 141 113 110 301 4 84 2119 476 35 46 158 466 36 1452 30 31 1 42 1 54 2 262 60 132 68 34 7 13 2 15 40 25 13 25 106 25 13 112 26 2 1 3 2 1 13 1 1 0 0 6 17 0 0 4 1 3 1 2 6 20 12 15 11 7 0 5 0 2 0 4 1 6 105 4 70 2 0 169 53 1 10 0 7 12 1 2 0 24 11 12 1 2 1 0 4 1 1 0 1 19 7 0 4 5 3 3 8 3 1 20 11 0 11 2 4 1 0 18 0 44 155 22 1 1 54 0 2 2 7 38 8 1 3 13 1 11 1 2 0
8 0 0 2 2 4 3 3 0 1 1 3 0 6587 2320 36 92 11 18 7 15 72 113 1736 25 33 4152 315 59 8 43 0 97 316 4075 3419 681 490 16 1864 111 68 530 1 0 25 513 3 9 1 1 2 24 40 16 1 206 34 1358 455 6 14 89 337 191 0 139 41 76 3 1 2 28 0 76 8 1 0 1 0 2 1 40 22 22 55 5 1 4 0 14 11 1 7 84 3 0 26 37 8 0 0 0 0 2 1 0 0 0 0 0 0 3 2 3 3 6 11 5 2 38 44 31 4 0 0 2 1 0 1 3 0 0 3 0 5 3 1 51 42 0 8 0 0 0 0 1 0 23 3 1 1 1 0 0 0 0 0 0 0 0 2 0 2 0 6 3 2 1 0 1 3 1 1 1 1 0 0 0 0 0 10 1 1 1 4 0 0 1 1 1 2 1 0 0 1 0 0 0 0
3 1 0 0 2 3 5 0 0 0 0 1 0 3424 360 21 75 3 3 0 2 1 14 15 2 0 54 119 17 5 8 0 86 380 3419 2074 1563 725 33 3 24 3 10 0 0 1 197 2 0 0 0 0 2 2 0 0 19 25 2171 1047 0 1 18 31 89 1 16 13 56 1 4 0 21 0 78 0 0 0 0 0 1 0 6 0 4 1 1 0 0 0 0 3 0 0 3 5 0 5 1 3 0 0 0 0 0 0 0 0 0 0 0 0 0 0 2 0 0 1 0 1 0 1 0 0 0 0 0 0 0 0 0 0 2 0 0 2 0 0 3 10 0 0 0 0 0 0 0 0 3 1 0 0 0 0 0 0 0 0 0 0 0 0 0 0 0 0 0 1 0 0 0 0 0 0 0 0 0 0 0 0 0 2 0 0 0 1 0 0 0 0 0 0 0 0 0 0 0 0 0 0
10 0 0 0 9 3 7 0 0 1 3 0 0 1553 48 35 326 11 10 8 29 67 103 26 6 4 42 97 25 13 33 0 84 708 681 1563 1499 2161 55 8 309 5 15 2 1 4 179 9 3 0 0 1 9 7 4 1 23 71 804 458 4 17 17 34 66 0 22 76 92 5 2 3 26 3 215 9 0 1 1 0 2 0 16 7 13 9 8 1 0 0 4 2 2 2 3 21 1 6 14 7 0 0 1 1 0 1 0 2 0 0 0 1 1 0 2 4 4 2 6 2 31 13 11 7 4 0 1 1 0 2 3 0 0 25 2 21 3 0 112 48 1 9 0 0 3 1 0 0 20 1 10 1 0 0 0 0 1 2 0 0 3 2 0 1 0 4 0 2 2 0 5 2 0 6 0 0 1 1 1 0 4 43 10 0 1 11 0 1 0 4 5 0 1 3 6 0 4 1 1 1
17 7 7 15 25 19 18 8 7 5 11 24 302 1532 563 175 1326 939 13383 566 452 1143 535 127 88 43 62 159 44 18 34 4 1713 1835 490 725 2161 9770 437 150 1273 84 329 1068 76 991 256 358 48 27 8 41 27 17 49 29 56 72 837 336 505 187 144 97 243 82 56 158 743 44 109 14 2141 618 305 346 153 47 438 7 68 13 189 44 199 138 16 58 130 21 481 90 24 22 140 35 34 20 210 16 8 15 12 8 12 28 1 38 0 2 29 22 53 22 87 101 94 70 217 108 1046 595 506 195 135 25 163 37 20 87 79 15 25 796 32 551 192 25 3161 1447 22 591 42 14 95 50 47 21 990 180 243 16 21 5 6 16 9 15 3 9 64 63 4 34 15 163 49 100 28 51 189 128 9 149 29 142 17 12 253 21 192 1769 654 18 49 670 7 11 25 94 122 61 20 44 256 41 137 55 23 29
6 0 1 0 10 10 2 3 0 2 1 1 2 509 1362 3379 168 5748 315 334 3 10 19 80 4 0 149 2696 43 6 40 1 58 127 16 33 55 437 12885 8 171 29 110 9 2 1077 13 333 32 4 1 1 14 8 3 2 40 18 38 49 7355 171 31 75 4044 9 30 13 3859 17 85 1 73 5 78 931 1 1 4 0 59 1 16 3 2 10 2 28 49 4 216 14 4 8 29 8 0 9 6 3 0 0 0 0 0 0 0 0 0 0 0 0 0 13 419 2 2 39 2 454 31 698 13 0 0 0 1 10 0 15 3 1 0 4 0 4 1 0 31 23 83 0 71 0 1 20 145 65 61 784 0 6 9 0 1 12 1 0 2 2 0 1 0 0 0 0 192 102 11 37 0 3 4 1 15 202 2 10 142 8 0 12 3 1 25 1 7 8 10 1 1 26 5 0 1 0 0 1 0 0
6 3 12 9 14 13 4 1 1 2 2 18 0 333 130 20 57 26 122 49 432 3940 5259 10004 2696 5559 1740 41 36 3 17 3 16 29 1864 3 8 150 8 8413 1661 439 885 12 2 29 3326 7 44 6 4 6 86 146 30 20 231 11 29 3 18 56 177 109 19 6 718 58 16 16 10 2 42 2 39 17 4 0 10 0 7 1 242 195 249 792 35 7 22 2 38 29 8 22 140 19 1 13 701 25 0 0 1 1 1 2 0 0 0 0 0 0 1 0 1 7 5 11 20 1 59 28 61 2 2 1 4 1 0 4 2 0 1 3 0 8 3 1 67 78 1 12 2 0 1 2 5 0 41 1 3 1 1 0 0 3 0 0 0 1 1 2 0 1 0 4 1 4 0 0 2 3 0 1 1 6 0 0 6 0 3 28 9 0 1 10 0 2 0 1 1 4 0 1 1 0 1 0 2 1
707 497 934 516 264 1022 67 483 34 205 144 1176 21 1325 1159 715 602 701 507 289 1073 483 5163 1994 568 635 670 219 108 121 213 157 565 602 111 24 309 1273 171 1661 8566 3528 2682 147 128 749 480 445 2398 275 145 161 43 39 280 1104 204 259 132 40 883 441 290 157 291 199 179 601 458 313 368 158 602 75 1007 333 346 29 239 7 527 67 679 183 603 296 240 515 1324 173 1247 1834 391 253 934 452 170 67 173 104 4 2 14 9 8 82 1 3 1 13 63 87 0 0 42 2 2 3 3 42 17 41 7 9 3 0 6 2 0 7 5 1 34 104 6 66 3 0 73 25 7 12 17 17 20 29 57 6 22 230 3 16 97 3 3 84 7 5 11 22 15 15 0 1 21 5 61 77 38 53 43 7 2 5 82 165 14 25 342 34 168 143 24 1 97 90 35 81 107 4 45 210 37 2 30 2 25 1 1 0
5 3 10 4 0 2 6 1 1 1 0 5 3 120 222 246 42 196 116 63 24 136 2218 2669 124 84 256 53 11 4 6 1 6 11 68 3 5 84 29 439 3528 7294 6553 29 10 269 194 44 1882 21 10 1 4 7 3 3 38 0 28 4 448 116 71 39 137 109 39 17 177 59 32 3 21 8 20 97 52 3 22 0 19 3 13 9 9 29 5 40 119 18 635 184 42 82 340 4 10 6 21 0 0 0 0 0 0 0 0 0 0 0 0 0 0 0 16 1 1 0 0 22 2 23 3 0 0 0 0 1 0 1 1 0 0 0 0 0 1 0 1 2 4 1 21 0 0 11 37 1 10 100 1 4 10 0 1 13 0 0 0 1 0 0 0 0 0 0 44 51 9 27 0 2 1 1 17 79 1 8 179 11 0 5 1 0 30 1 2 10 13 0 0 31 4 0 0 0 0 1 0 0
25 7 25 13 11 13 6 15 8 6 3 21 12 502 546 169 120 529 610 298 178 1295 1195 3007 406 186 483 222 63 9 44 3 27 56 530 10 15 329 110 885 2682 6553 8605 182 131 1539 864 445 3044 225 66 13 102 141 37 26 340 11 312 19 2428 1175 1459 2986 646 629 649 125 1096 327 148 14 121 44 72 599 318 32 131 5 103 20 233 175 229 560 38 192 673 133 3742 860 251 645 3264 19 54 32 559 20 0 2 0 0 3 2 0 0 0 0 0 0 0 0 112 3 5 7 0 125 18 122 10 1 1 1 2 1 0 8 2 0 3 3 4 9 1 0 16 17 22 3 48 0 1 56 152 17 52 571 2 26 131 1 1 120 1 0 5 16 0 0 0 3 4 6 180 221 71 139 2 3 11 4 210 467 9 29 999 101 1 14 3 2 241 17 24 93 59 1 0 268 47 2 1 0 1 0 1 1
2 2 2 2 2 1 1 1 3 2 0 18 4692 7 6 9 11 23 3419 219 29 99 10 16 10 3 1 8 3 2 1 0 5 4 1 0 2 1068 9 12 147 29 182 4681 3149 668 10 161 35 295 4 52 6 6 13 2 6 0 5 0 56 36 87 11 15 1015 17 0 42 10 65 14 1134 2134 3 116 421 929 2636 47 62 105 41 12 20 20 1 268 416 344 1437 29 11 12 148 4 17 2 32 0 2 2 4 2 8 7 3 12 0 1 11 5 18 13 263 37 15 148 68 220 383 1259 273 35 20 3 31 8 2 30 16 2 5 151 5 121 34 1 692 352 25 90 24 6 16 32 70 36 473 356 44 7 32 0 1 32 2 4 3 6 13 14 4 7 4 19 83 97 25 132 23 19 3 22 55 166 8 18 338 27 63 519 525 3 59 198 7 23 21 13 25 115 9 3 78 11 15 11 3 6
10 1 3 2 2 9 9 4 39 27 8 5 3982 1 4 7 1 10 526 138 1 3 2 6 4 1 2 3 1 2 0 4 5 1 0 0 1 76 2 2 128 10 131 3149 8427 2059 0 60 57 3698 3 55 4 3 3 2 3 1 0 0 28 42 67 6 11 1465 5 0 55 8 64 123 525 324 2 67 4427 1262 2006 138 208 510 7 3 3 8 0 1133 841 2449 1668 21 5 11 92 3 302 37 0 0 1 2 0 1 1 3 0 0 0 0 1 2 2 0 129 4 10 9 2 125 22 115 10 2 0 1 2 8 0 12 25 0 4 7 7 15 0 3 37 16 43 2 116 0 4 81 343 14 88 1007 2 30 128 3 3 166 10 2 22 29 2 4 0 8 3 6 351 424 106 373 6 17 16 5 203 888 17 44 2466 173 3 32 16 3 321 22 31 82 112 1 2 446 45 17 1 2 1 0 0 0
2 0 2 0 0 3 2 1 3 5 0 1 1047 22 68 92 96 1367 4831 716 9 72 27 665 25 6 107 238 9 2 4 2 10 8 25 1 4 991 1077 29 749 269 1539 668 2059 9955 16 228 123 21 5 2 12 13 3 1 58 2 11 2 1938 177 169 824 497 1081 63 9 339 50 49 8 192 80 7 282 134 7 154 1 38 5 24 26 11 47 2 67 169 165 2576 34 11 43 219 0 29 12 38 3 0 1 2 0 1 0 0 0 0 0 2 0 1 9 1889 7 6 49 5 1262 122 1978 32 1 0 1 2 67 0 51 7 1 1 6 6 11 1 2 74 46 179 3 311 0 0 97 862 277 288 3949 1 15 47 2 4 46 0 1 6 10 0 2 0 3 2 5 682 486 45 646 3 7 14 4 49 875 11 20 1372 39 2 45 36 5 83 36 14 13 45 0 0 102 21 7 0 0 1 1 1 0
5 1 5 11 8 16 3 7 1 3 0 13 0 603 141 22 61 14 40 9 302 890 743 2539 1110 158 446 175 67 10 78 3 46 186 513 197 179 256 13 3326 480 194 864 10 0 16 9276 6 19 1 3 7 81 150 43 14 1018 40 1126 118 16 51 258 336 169 3 972 2525 115 14 4 4 40 4 127 9 1 0 8 0 7 1 183 124 166 701 422 1 13 0 20 22 10 11 140 13 0 29 596 48 0 1 0 0 1 0 0 0 0 0 0 0 0 0 0 4 2 4 11 2 52 12 43 10 5 1 5 1 0 2 2 0 2 18 0 13 13 2 83 80 0 14 2 0 3 0 1 1 28 5 2 1 3 0 0 1 0 0 0 1 0 0 0 0 1 2 6 2 1 0 4 4 0 3 1 3 1 0 6 0 6 39 4 0 0 6 1 0 2 2 3 4 2 2 0 1 4 0 1 0
43 10 24 6 31 31 20 9 1 6 5 13 16 27 98 156 53 987 358 127 11 42 26 28 9 2 14 30 88 35 58 7 37 75 3 2 9 358 333 7 445 44 445 161 60 228 6 33206 222 201 3 17 16 25 16 10 97 20 30 15 609 8902 1251 99 143 78 90 40 9141 431 5895 2 155 11 185 9797 92 5 89 3 1771 170 42 11 19 31 5 2239 3474 147 1730 113 24 139 737 56 11 24 32 13 0 1 0 0 3 2 0 0 0 0 0 0 3 3 29 5 10 14 6 38 7 24 6 1 1 0 7 7 1 10 9 0 2 2 9 4 3 6 15 10 23 8 27 0 3 126 100 9 39 137 14 188 1102 8 9 548 19 6 13 75 1 2 0 1 5 13 63 311 309 33 3 12 9 6 784 609 70 276 1169 174 1 15 12 2 691 28 148 437 786 3 3 1665 328 8 1 1 1 2 2 3
53 26 64 17 11 20 4 40 4 11 11 36 2 54 126 77 35 105 100 52 8 87 189 289 16 7 59 20 8 11 9 3 15 7 9 0 3 48 32 44 2398 1882 3044 35 57 123 19 222 6710 88 80 5 2 3 19 31 17 11 3 1 147 469 89 28 37 78 38 10 68 199 132 8 39 18 22 169 86 7 38 4 91 9 46 8 15 34 2 175 570 67 361 2093 304 385 3301 9 16 6 12 1 0 0 0 0 0 1 0 0 0 1 2 0 0 0 10 0 0 0 1 4 2 2 1 0 0 0 2 0 0 0 0 0 1 2 0 0 0 0 5 1 1 0 8 0 1 11 11 1 6 39 1 5 21 0 0 27 0 0 1 3 0 0 0 0 2 0 16 24 13 14 1 1 0 0 27 47 1 12 114 15 5 7 1 0 39 7 5 19 31 0 0 80 11 0 1 0 0 0 0 0
18 3 22 5 3 3 4 10 25 21 3 12 110 7 3 10 3 7 113 19 3 7 5 10 5 3 1 0 7 5 1 0 8 3 1 0 0 27 4 6 275 21 225 295 3698 21 1 201 88 6922 47 745 2 2 7 7 5 1 1 0 32 173 229 4 8 1566 11 1 97 44 98 59 94 692 7 194 2767 614 416 1370 733 4163 18 3 2 6 0 2749 1441 3589 717 46 7 30 257 5 284 41 3 0 0 1 0 0 1 1 0 1 0 2 2 0 0 1 15 3 5 7 2 18 4 15 6 0 1 3 7 3 0 3 1 0 5 2 2 7 4 0 10 6 18 5 9 0 1 85 41 2 18 94 8 81 501 3 5 281 37 6 63 79 0 1 0 1 3 2 43 175 145 46 2 4 2 7 395 293 34 123 760 87 4 13 10 1 418 20 96 576 435 3 1 1015 119 5 0 1 1 0 1 0
101 19 77 25 15 27 22 84 5 19 11 58 0 6 19 6 3 1 15 8 2 17 8 11 6 0 2 2 17 15 9 6 18 10 1 0 0 8 1 4 145 10 66 4 3 5 3 3 80 47 10536 12839 1 3 96 53 5 10 2 1 6 16 10 1 3 33 16 7 3 162 4 9 34 24 25 4 45 6 18 290 555 93 236 16 10 31 0 7 10 3 9 5193 5178 124 133 8 11 5 8 0 0 0 0 1 0 3 0 0 1 0 3 1 0 0 1 0 0 0 0 0 1 0 1 0 0 0 0 0 0 0 0 0 2 5 0 2 0 0 3 1 0 0 0 0 1 0 1 0 0 2 0 1 0 0 0 3 196 40 294 55 5 0 0 0 1 1 0 1 0 1 2 0 0 0 2 1 1 4 7 0 6 8 6 0 1 16 19 7 39 0 4 9 0 0 2 0 0 0 0 0
411 104 240 80 44 98 98 378 28 103 49 213 7 3 3 2 0 4 57 10 6 11 0 3 7 0 4 6 73 64 15 30 92 28 2 0 1 41 1 6 161 1 13 52 55 2 7 17 5 745 12839 27088 2 4 501 92 18 47 0 2 3 9 12 4 3 473 42 16 10 71 36 63 157 312 139 7 647 65 140 9004 9002 1351 864 47 37 74 7 646 137 54 48 1867 4281 35 24 43 114 27 16 8 2 0 3 2 3 3 0 4 0 1 7 4 0 0 0 1 1 1 0 1 4 2 0 0 1 0 1 1 0 2 1 0 5 13 0 8 0 0 19 3 1 2 5 16 5 5 17 4 9 8 2 24 52 11 0 105 3398 639 8476 1319 52 1 0 0 3 0 3 5 8 30 5 1 0 0 3 10 304 152 175 7 24 44 31 2 9 106 501 149 1837 0 46 215 52 1 7 1 1 0 2 0
1435 126 408 153 229 209 1080 1106 165 481 98 412 1 66 52 10 1 2 3 1 23 27 11 32 116 5 34 67 5822 625 313 33 105 42 24 2 9 27 14 86 43 4 102 6 4 12 81 16 2 2 1 2 7148 4362 7342 7 437 63 15 1 14 129 223 79 151 5 815 52 165 22 3 84 146 27 343 8 77 0 113 1 1 1 675 67 35 110 86 4 6 0 33 12 6 23 44 185 158 5359 66 150 1 0 3 4 0 26 0 0 2 5 20 28 0 0 2 0 0 1 0 0 0 4 1 4 1 0 0 0 0 0 1 0 11 32 1 14 2 0 17 6 0 2 2 4 7 1 3 0 1 2 0 0 0 2 0 0 0 1 0 0 3 3 0 2 10 0 0 1 1 0 9 3 0 1 0 2 0 0 4 0 50 52 9 0 0 39 0 0 0 3 9 0 0 1 10 0 2 0 0 0
968 152 375 166 195 229 405 608 30 172 59 300 0 61 48 5 0 2 5 0 21 36 16 65 167 6 41 76 6953 518 299 41 116 39 40 2 7 17 8 146 39 7 141 6 3 13 150 25 3 2 3 4 4362 6781 474 2 695 48 13 4 24 155 250 91 130 3 3081 77 154 37 10 50 133 19 406 18 46 0 84 0 5 1 1263 3619 30 283 102 1 14 1 46 6 6 22 79 146 50 584 129 198 0 0 3 7 1 15 0 1 0 1 20 33 0 0 1 0 0 1 0 0 1 1 0 1 0 0 0 0 0 0 0 0 13 31 0 31 0 0 15 7 1 1 1 5 15 1 3 0 2 3 1 0 1 0 0 3 1 0 0 0 5 4 0 0 3 1 3 2 0 2 14 1 0 1 3 4 0 0 5 0 64 50 8 0 0 27 0 1 1 1 20 0 1 1 10 0 6 0 0 0
981 135 378 146 118 167 627 931 55 309 88 354 0 29 19 1 5 1 1 2 13 30 3 16 68 3 11 40 1481 291 127 49 125 62 16 0 4 49 3 30 280 3 37 13 3 3 43 16 19 7 96 501 7342 474 16681 473 158 61 14 2 4 55 100 27 75 3 282 51 79 78 25 81 242 42 260 9 81 1 158 17 200 6 3339 133 55 77 57 22 9 0 11 414 257 47 40 118 86 2334 58 76 0 0 7 2 3 21 0 2 0 5 17 15 0 0 0 0 0 0 1 0 2 1 1 4 2 0 0 0 0 0 2 0 14 58 1 35 0 1 50 16 0 0 0 3 4 0 1 0 2 0 1 0 3 0 0 0 6 2 14 4 0 3 0 0 8 1 1 0 0 0 12 3 1 3 0 1 1 0 2 0 91 108 15 0 0 52 0 0 5 1 12 2 0 1 17 1 6 0 0 0
327 175 394 166 74 204 33 208 10 66 33 285 0 11 3 1 1 1 4 0 1998 123 4 9 53 1 8 2 35 48 45 22 74 31 1 0 1 29 2 20 1104 3 26 2 2 1 14 10 31 7 53 92 7 2 473 2603 36 23 3 1 1 24 25 7 13 2 48 20 21 34 26 41 101 12 148 3 30 1 50 5 93 5 2115 94 1057 156 12 21 15 5 9 254 105 22 31 59 24 22 87 27 0 0 5 1 0 22 0 2 0 5 8 15 0 0 0 0 0 0 0 0 1 0 0 2 0 0 0 0 0 0 0 0 6 26 1 17 0 0 13 5 1 2 0 2 8 0 0 0 2 2 0 0 2 0 0 1 0 0 2 1 2 2 0 0 5 0 1 1 0 0 9 0 1 0 2 1 1 1 1 0 33 29 2 0 1 14 0 4 3 0 6 2 2 1 4 0 4 0 0 0
73 16 29 139 1540 168 24 15 2 5 7 33 0 282 243 53 14 15 20 6 116 133 40 251 767 13 360 586 1606 2249 12139 59 115 56 206 19 23 56 40 231 204 38 340 6 3 58 1018 97 17 5 5 18 437 695 158 36 7852 287 136 8 84 682 1371 659 1145 13 11123 1064 1001 142 62 33 100 4 4181 66 11 0 72 0 40 2 577 292 278 865 1323 18 52 8 141 47 20 108 250 1243 5 142 1809 4790 0 0 0 0 1 0 0 0 0 0 1 0 0 0 4 0 0 2 0 5 1 6 2 1 0 0 0 0 0 1 1 0 1 4 0 4 0 0 9 4 1 1 2 0 1 7 17 2 4 46 0 1 6 0 0 6 0 0 1 0 0 0 0 0 0 0 15 10 8 1 0 1 0 0 4 23 0 0 43 4 4 9 0 0 14 3 1 1 4 0 1 7 0 0 1 0 1 0 0 0
54 3 12 7 85 65 25 18 2 25 14 19 0 119 59 16 14 1 2 0 307 269 43 12 60 1 23 93 170 53 249 912 1115 1820 34 25 71 72 18 11 259 0 11 0 1 2 40 20 11 1 10 47 63 48 61 23 287 7535 997 1784 2 40 48 31 114 1 162 1571 116 23 16 130 398 7 10769 6 21 0 199 4 41 1 327 56 165 126 86 9 9 0 2 42 27 5 12 688 15 40 143 108 0 0 1 1 0 6 0 0 0 0 0 4 0 0 0 1 1 0 1 1 1 2 0 0 1 0 1 1 0 0 0 0 3 9 1 6 0 1 14 4 0 0 0 1 2 0 0 0 2 5 0 0 2 0 0 0 0 0 0 0 1 2 0 1 1 0 0 1 0 0 3 0 1 0 2 5 0 0 4 0 8 15 5 0 2 5 1 1 1 0 5 1 0 1 1 0 2 0 0 0
4 1 3 2 1 2 3 0 0 0 0 3 0 1181 233 40 127 11 19 6 110 202 90 512 45 8 279 388 17 3 19 2 295 2729 1358 2171 804 837 38 29 132 28 312 5 0 11 1126 30 3 1 2 0 15 13 14 3 136 997 2418 5409 6 105 300 343 390 2 88 396 372 23 20 3 126 3 925 12 0 0 5 0 16 0 32 11 27 48 14 4 3 2 14 6 7 12 86 3 1 3 51 11 0 1 1 0 0 1 0 1 0 0 1 1 0 0 4 0 2 0 4 1 15 4 13 4 0 0 2 0 0 1 0 0 0 11 1 15 1 0 46 22 0 4 1 4 2 1 5 0 6 23 1 0 2 0 0 2 2 0 0 0 1 0 1 2 1 2 5 7 1 1 4 1 0 2 4 11 1 3 17 0 0 30 1 0 7 4 1 0 3 1 1 2 0 1 1 0 2 1 0 0
0 0 0 1 1 1 1 0 1 0 0 1 0 616 123 37 34 5 3 2 13 28 25 47 3 1 84 188 8 4 8 0 48 1766 455 1047 458 336 49 3 40 4 19 0 0 2 118 15 1 0 1 2 1 4 2 1 8 1784 5409 2752 3 29 64 60 182 0 11 825 151 7 7 3 18 0 354 6 2 0 0 0 5 0 10 0 10 7 0 1 2 0 7 0 1 2 9 1 0 1 8 2 1 0 0 0 0 1 0 0 0 0 0 1 0 0 0 0 0 1 0 2 0 1 0 0 0 0 0 0 0 0 0 0 1 3 0 5 1 0 4 2 0 0 1 0 0 0 1 0 1 2 0 0 0 0 0 1 0 0 0 0 0 1 0 0 0 2 1 1 0 0 1 0 1 0 1 4 0 0 1 1 1 6 0 0 0 3 0 0 0 0 2 1 1 0 0 0 1 0 0 0
0 3 2 2 1 2 1 1 0 1 0 1 8 25 106 157 116 5960 542 294 4 95 29 536 37 5 53 72 19 2 9 0 7 13 6 0 4 505 7355 18 883 448 2428 56 28 1938 16 609 147 32 6 3 14 24 4 1 84 2 6 3 7603 387 684 770 249 74 101 5 4950 70 115 1 48 12 14 7476 28 4 16 1 95 8 34 17 21 70 3 111 249 34 1252 57 25 70 566 3 6 9 45 4 0 1 0 0 1 0 0 0 0 0 0 0 1 4 429 7 11 17 4 258 37 334 5 0 1 2 1 35 1 26 18 2 2 2 9 5 0 3 38 22 68 2 208 0 1 88 620 54 120 1165 0 10 48 1 8 80 4 1 0 14 0 4 0 8 10 14 255 380 37 111 2 12 11 3 66 639 5 20 790 49 3 28 3 6 102 35 13 27 28 2 0 106 21 13 1 0 0 0 1 0
103 11 25 10 57 63 53 24 2 9 4 30 3 76 307 295 50 420 115 73 62 431 103 141 126 30 48 85 328 81 160 8 53 141 14 1 17 187 171 56 441 116 1175 36 42 177 51 8902 469 173 16 9 129 155 55 24 682 40 105 29 387 15483 12977 1137 588 82 610 90 4020 6172 3202 7 80 14 314 1009 77 2 40 8 913 239 221 102 121 290 13 571 687 89 588 336 168 2962 3945 112 18 109 202 36 0 2 0 0 2 0 0 0 0 0 0 0 0 1 22 2 3 10 1 23 6 21 7 1 1 1 7 3 0 6 10 1 0 4 4 4 5 2 13 8 9 11 21 1 3 87 54 4 21 106 7 135 769 7 11 333 14 6 13 65 0 1 0 2 3 3 43 163 203 34 0 6 4 5 434 339 48 233 734 85 1 8 6 5 388 29 159 284 663 2 0 1034 223 3 2 0 1 1 0 0
71 4 5 7 38 57 39 14 5 5 3 24 9 161 417 236 43 117 153 93 147 744 159 171 344 51 143 167 349 73 171 4 25 113 89 18 17 144 31 177 290 71 1459 87 67 169 258 1251 89 229 10 12 223 250 100 25 1371 48 300 64 684 12977 29707 6956 6812 189 1394 197 8846 1693 310 5 76 21 241 828 120 8 54 3 169 20 399 186 191 684 27 146 665 78 1766 151 74 1086 4950 79 12 150 475 39 0 1 0 0 0 0 0 0 0 0 0 0 1 1 30 2 5 15 5 24 14 35 18 2 0 0 3 5 2 5 5 1 1 6 3 6 3 2 20 12 10 2 27 0 1 74 71 2 26 150 9 56 273 2 4 210 7 2 3 23 0 0 1 2 0 11 66 250 151 31 2 7 7 5 466 472 17 82 915 98 2 18 5 2 490 19 32 148 130 0 0 711 100 12 2 0 2 0 1 1
9 2 5 2 4 10 14 3 0 2 0 6 5 372 310 73 17 352 343 28 64 195 35 594 203 5 1885 1054 72 6 71 1 18 110 337 31 34 97 75 109 157 39 2986 11 6 824 336 99 28 4 1 4 79 91 27 7 659 31 343 60 770 1137 6956 5214 2777 38 515 140 1333 243 72 0 22 3 72 66 3 0 10 1 45 5 121 77 78 277 30 23 53 6 290 24 14 141 977 9 0 19 222 31 1 0 0 0 0 0 0 0 0 0 0 0 1 0 98 0 4 8 2 103 8 140 4 0 0 0 0 3 0 3 0 0 0 2 2 0 1 0 9 13 17 0 28 0 0 14 44 8 20 298 1 2 11 0 0 6 2 0 0 1 0 0 0 0 0 0 89 56 5 19 0 1 3 0 14 106 2 1 122 6 0 8 2 0 28 7 4 8 8 0 0 23 6 1 0 0 0 0 0 0
58 0 4 5 33 30 41 5 0 9 2 8 8 473 880 359 55 402 193 52 64 98 18 169 67 4 314 1184 299 75 292 6 81 301 191 89 66 243 4044 19 291 137 646 15 11 497 169 143 37 8 3 3 151 130 75 13 1145 114 390 182 249 588 6812 2777 6126 20 621 165 7959 109 72 4 61 7 398 56 5 0 6 3 55 5 198 54 95 179 20 23 37 8 251 18 9 38 320 56 3 120 125 52 0 0 0 0 0 0 0 0 0 0 0 0 1 1 468 3 3 17 5 513 33 482 16 2 0 0 0 17 0 16 8 0 1 6 2 8 0 0 28 24 49 3 135 0 0 40 230 58 55 1304 3 8 18 0 2 16 0 1 0 5 0 1 0 1 4 3 379 179 24 45 2 6 4 1 25 448 4 13 381 17 3 19 4 1 52 16 5 12 12 1 1 30 13 10 1 0 0 0 0 1
8 3 1 2 0 0 3 6 11 14 2 2 1894 4 12 18 3 59 898 111 5 31 12 53 9 2 3 3 8 0 1 1 3 4 0 1 0 82 9 6 199 109 629 1015 1465 1081 3 78 78 1566 33 473 5 3 3 2 13 1 2 0 74 82 189 38 20 1980 12 0 133 27 42 37 118 1025 6 76 1688 1196 281 440 229 723 12 8 1 21 0 363 252 298 744 49 11 40 257 1 160 22 19 1 1 0 0 0 0 0 0 0 0 0 0 0 0 1 376 1 2 18 2 171 23 558 4 0 0 0 0 10 1 5 2 0 0 4 0 0 1 0 23 11 13 0 11 0 0 29 173 63 82 434 1 3 25 0 1 30 12 3 37 8 0 1 0 1 2 0 47 73 17 1942 1 1 1 2 32 71 3 11 371 27 1 14 77 1 52 15 10 15 44 0 1 62 12 1 0 0 0 0 0 1
263 145 259 169 427 262 42 128 11 48 39 246 1 165 142 43 10 23 21 1 96 201 78 371 1574 73 277 319 10254 1148 1879 73 178 84 139 16 22 56 30 718 179 39 649 17 5 63 972 90 38 11 16 42 815 3081 282 48 11123 162 88 11 101 610 1394 515 621 12 9127 700 646 145 36 57 213 14 1610 82 60 3 141 0 38 3 2081 5630 307 1234 1037 22 65 3 190 84 45 142 372 538 42 209 1204 1400 2 1 3 3 2 28 0 0 2 3 15 24 0 0 5 0 0 1 0 6 5 8 1 4 0 0 1 0 0 0 0 0 8 36 1 19 0 0 21 9 0 2 2 6 7 4 15 0 1 24 0 0 9 0 0 6 2 0 1 0 4 6 0 1 8 0 14 10 3 4 19 3 0 3 10 31 0 1 55 3 51 41 11 0 12 29 0 6 2 1 19 7 1 1 11 0 4 0 0 0
13 6 9 10 7 20 4 3 0 3 4 19 1 118 58 14 16 4 9 2 759 1093 282 184 896 14 84 118 45 6 104 17 353 2119 41 13 76 158 13 58 601 17 125 0 0 9 2525 40 10 1 7 16 52 77 51 20 1064 1571 396 825 5 90 197 140 165 0 700 3934 169 32 17 26 224 1 1790 8 4 1 27 0 18 0 217 110 256 808 1560 3 6 2 18 13 5 13 46 14 2 25 991 148 0 0 0 1 0 0 0 0 0 0 1 0 0 1 2 1 3 1 1 5 3 2 2 0 0 0 2 0 0 0 0 0 1 10 0 8 0 0 27 22 0 2 1 0 2 0 2 1 6 14 1 0 1 0 0 1 0 0 0 1 3 0 0 1 0 0 7 3 1 2 0 1 0 1 2 6 0 1 9 1 3 23 3 0 1 6 0 1 0 1 3 4 0 0 0 0 0 0 0 0
132 1 3 2 92 102 93 16 0 8 3 26 4 434 1061 716 124 1667 221 188 68 165 42 105 72 2 79 475 497 165 402 20 180 476 76 56 92 743 3859 16 458 177 1096 42 55 339 115 9141 68 97 3 10 165 154 79 21 1001 116 372 151 4950 4020 8846 1333 7959 133 646 169 19094 256 512 7 234 6 593 6485 27 3 31 4 326 8 266 84 121 185 18 149 288 87 1751 44 22 78 714 152 11 182 158 72 2 5 1 0 8 3 0 1 0 0 1 1 1 4 261 12 34 29 14 249 56 182 21 2 1 6 7 22 1 30 40 3 5 7 18 24 6 4 81 74 97 15 287 0 6 226 747 33 194 1485 14 64 283 2 11 300 4 3 10 43 0 4 1 7 23 23 585 1074 304 153 13 42 34 23 585 1865 25 103 3025 334 5 55 3 17 801 50 24 169 122 5 0 782 106 24 3 1 3 2 2 0
141 34 114 29 19 56 27 119 7 26 12 76 0 25 76 72 19 81 37 27 14 100 33 46 25 8 12 29 68 31 34 15 37 35 3 1 5 44 17 16 313 59 327 10 8 50 14 431 199 44 162 71 22 37 78 34 142 23 23 7 70 6172 1693 243 109 27 145 32 256 4103 809 16 61 11 81 74 37 0 35 28 1190 219 190 35 35 84 6 295 160 27 139 760 1635 2253 1152 23 16 43 55 10 0 0 0 0 0 0 0 1 0 1 0 0 0 0 5 1 0 2 0 1 2 6 3 0 0 1 1 1 0 1 0 0 0 3 3 1 1 0 3 2 3 1 3 0 0 16 17 1 4 28 4 59 173 0 2 55 9 2 16 54 0 0 0 0 1 0 7 28 32 7 2 0 2 4 47 49 33 115 102 10 4 10 5 0 45 7 126 77 379 1 0 221 56 0 1 0 0 0 0 1
70 26 45 18 18 41 14 35 3 19 7 35 10 12 44 57 15 310 99 46 10 22 13 19 10 1 7 9 49 25 25 10 26 46 1 4 2 109 85 10 368 32 148 65 64 49 4 5895 132 98 4 36 3 10 25 26 62 16 20 7 115 3202 310 72 72 42 36 17 512 809 8922 7 57 15 112 460 59 11 56 36 6956 334 61 18 8 24 4 1102 820 119 341 226 39 223 386 31 9 23 11 7 0 0 0 0 0 0 0 0 0 0 0 0 2 0 11 1 1 0 1 3 4 7 3 1 1 0 3 3 0 2 2 1 1 0 1 3 1 0 2 1 3 6 8 0 1 29 36 2 10 26 4 85 453 2 5 117 23 0 13 103 0 0 0 0 1 3 15 36 75 20 0 2 1 0 81 71 69 261 180 13 2 4 6 0 88 12 293 139 743 2 0 387 105 1 1 0 0 0 2 0
51 23 66 68 124 557 66 31 248 3181 2098 607 16 3 2 0 1 0 3 0 65 59 11 3 8 1 0 3 65 43 97 841 2401 158 2 0 3 14 1 2 158 3 14 14 123 8 4 2 8 59 9 63 84 50 81 41 33 130 3 3 1 7 5 0 4 37 57 26 7 16 7 3410 2003 274 769 2 5556 144 2250 15 48 22 365 47 84 23 6 31 23 11 11 64 36 8 11 1121 4469 294 16 8 8 4 61 66 21 260 7 14 18 60 159 241 0 0 0 0 0 0 2 0 11 7 1 34 2 2 2 0 0 0 6 0 115 221 1 137 0 0 72 22 0 1 0 34 91 0 2 0 13 1 4 0 0 6 0 1 6 30 5 1 44 41 2 9 53 0 0 1 1 0 134 15 2 1 1 2 8 0 5 0 436 365 99 1 3 265 0 2 2 11 186 3 1 7 92 7 50 1 0 1
63 20 31 40 89 228 32 34 59 148 54 119 228 59 22 17 22 32 399 19 340 643 145 31 60 11 14 27 105 44 137 293 1768 466 28 21 26 2141 73 42 602 21 121 1134 525 192 40 155 39 94 34 157 146 133 242 101 100 398 126 18 48 80 76 22 61 118 213 224 234 61 57 2003 6722 1484 1276 172 1272 230 4661 31 162 45 1051 181 360 199 45 122 139 76 497 149 99 26 90 582 517 122 216 48 10 8 21 21 15 89 3 32 3 20 108 103 19 6 66 30 37 34 69 46 385 319 221 96 44 10 45 11 3 32 44 4 62 982 26 619 57 6 1591 596 10 128 13 59 144 15 8 18 407 78 93 7 13 14 0 14 10 64 6 8 144 99 7 29 62 34 24 52 12 15 242 77 15 85 21 58 18 9 107 10 607 2058 678 17 32 818 3 7 9 36 368 38 7 25 177 30 110 16 11 7
