29155 8554 14025 3045 1615 2936 10719 17231 291 2488 59 1948 0 6 9 9 3 4 3 0 231 119 5 12 56 4 3 18 4856 7500 561 242 591 66 0 0 8 11 10 7 2017 11 18 1 6 8 28 15 11 11 78 317 1855 1826 1027 315 195 16 3 0 11 36 35 10 25 6 129 66 103 70 56 137 36 26 103 22 55 1 41 5 193 22 1713 569 610 63 9 59 72 8 47 267 164 29 30 383 122 2329 58 179 58 15 119 198 15 294 14 15 46 33 110 272 0 1 1 0 2 0 3 2 5 2 2 8 3 0 2 0 0 0 9 1 48 169 3 34 0 0 12 14 5 1 1 22 19 2 4 1 0 11 9 4 3 6 1 2 7 8 6 3 25 14 3 7 19 0 1 1 2 1 23 0 6 5 1 11 0 6 8 1 179 16 4 1 3 27 1 1 12 1 51 3 2 6 105 10 14 1 0 6
8554 3183 4146 12220 2052 1805 104 235 9 48 26 477 0 0 0 2 0 1 0 1 87 26 0 2 8 1 2 3 213 1248 152 65 152 10 0 0 1 1 0 2 461 1 1 0 0 1 6 2 0 1 4 29 181 193 128 79 16 2 0 0 3 4 2 2 1 1 26 8 5 2 6 48 4 4 16 2 17 0 9 0 24 2 346 137 183 11 1 1 10 2 5 29 16 5 1 32 33 76 12 14 45 23 80 156 12 229 3 3 31 22 73 174 0 0 0 0 0 0 0 0 0 0 0 2 4 0 0 0 0 0 8 1 41 108 0 19 1 0 4 7 0 0 0 23 13 1 1 0 1 0 2 0 1 2 0 1 0 3 1 1 14 12 1 5 11 0 0 0 0 0 13 1 4 3 0 0 1 0 2 0 111 8 5 1 0 19 0 1 1 2 32 0 0 4 52 5 7 1 0 5
14025 4146 7093 14235 358 3682 652 8937 243 3215 147 8191 1 1 1 1 0 4 0 0 158 44 0 2 23 1 1 2 203 191 89 59 217 12 0 0 1 3 4 2 1053 1 5 0 3 1 8 4 7 4 27 88 551 550 336 138 16 2 0 0 5 6 5 4 3 4 50 17 5 23 10 56 14 18 40 5 37 1 18 3 66 6 769 247 329 30 8 14 15 4 14 80 47 10 5 42 159 333 27 19 171 70 440 674 45 1004 36 27 156 143 368 796 0 0 0 0 2 0 0 2 4 0 0 19 10 0 3 0 0 0 35 1 117 248 4 49 1 0 13 6 0 8 0 51 20 0 5 1 2 3 7 0 5 5 1 5 1 7 3 1 46 22 4 24 25 1 1 0 1 0 38 3 8 4 1 0 0 0 2 0 373 12 14 3 0 70 1 0 2 5 90 1 0 4 199 45 15 1 0 6
3045 12220 14235 16382 5420 13561 40 105 17 68 56 1877 0 0 1 2 1 1 1 0 223 58 1 1 14 0 0 3 247 605 1207 80 284 13 0 0 1 6 2 1 735 3 3 0 0 1 6 4 2 2 9 24 250 263 158 114 31 2 0 0 3 4 5 0 3 0 62 11 11 9 5 84 13 17 19 1 16 1 25 0 23 4 540 191 388 40 5 3 11 3 1 25 15 1 0 54 104 82 35 50 111 66 394 607 37 870 19 28 128 102 293 660 0 0 0 0 3 0 2 1 1 0 1 12 17 1 0 0 0 0 25 0 125 315 2 55 0 0 17 10 0 6 0 47 28 1 3 0 1 4 10 0 0 8 0 0 4 16 0 1 64 23 7 23 34 1 0 0 0 0 37 3 8 5 0 0 0 1 3 1 354 18 19 2 0 53 0 0 1 8 90 1 1 17 172 27 19 2 0 11
1615 2052 358 5420 11065 11851 390 75 13 77 19 1611 0 6 6 7 4 3 0 1 160 96 0 1 23 2 0 3 1317 4772 7205 1218 1515 268 0 0 2 3 7 4 455 4 9 0 1 0 8 18 1 3 15 46 327 387 200 48 297 13 1 0 7 19 23 6 17 3 55 15 89 11 9 348 93 9 189 15 79 0 99 1 25 4 365 153 217 35 3 4 7 0 15 36 20 8 4 368 155 372 49 566 43 13 79 125 7 167 0 4 33 14 59 129 0 1 4 0 2 0 0 1 1 0 1 11 3 0 1 2 0 0 10 0 44 93 0 18 0 0 7 12 4 1 1 29 26 0 0 0 1 6 0 0 2 4 0 1 7 3 0 0 16 9 1 7 7 0 0 0 0 0 17 0 3 2 4 7 2 1 3 4 106 8 5 0 0 21 0 0 1 7 47 1 5 1 70 8 17 2 0 2
2936 1805 3682 13561 11851 23349 353 229 55 518 89 22017 0 2 10 7 0 3 2 1 627 297 7 11 62 0 8 12 713 2721 4712 4127 5471 219 0 0 4 5 6 8 1083 5 12 3 0 3 24 12 0 2 12 57 500 701 307 182 91 9 2 0 3 14 27 4 13 3 135 31 63 20 12 405 81 26 140 7 117 0 131 1 41 3 902 443 815 143 6 15 18 2 12 52 28 7 8 2569 357 313 148 428 152 72 359 623 44 935 29 26 139 112 324 777 0 0 2 0 5 1 4 1 3 1 3 18 21 0 0 1 0 0 29 0 135 324 1 60 0 0 15 15 7 7 1 49 30 1 3 0 4 4 10 1 2 9 0 3 1 12 2 0 51 24 4 24 49 1 4 2 1 0 55 2 13 2 2 2 3 0 6 1 385 20 20 1 3 78 0 0 3 4 87 2 5 15 229 27 16 2 1 12
10719 104 652 40 390 353 7300 9953 1134 4856 145 762 0 5 6 6 4 3 0 1 53 50 1 7 20 0 7 6 1591 1347 226 86 196 21 0 0 2 3 10 4 359 5 10 0 5 6 14 8 8 3 57 181 1774 1150 879 54 100 7 1 0 4 17 21 5 19 2 33 25 92 23 19 78 18 7 44 9 36 0 38 1 90 9 396 132 68 17 8 24 22 9 21 154 68 13 16 279 187 5536 15 94 15 3 24 42 1 54 2 1 3 8 18 41 0 0 2 0 0 0 1 0 1 0 0 0 5 0 0 0 0 0 1 0 5 27 0 7 0 0 4 3 0 2 0 4 3 1 1 0 1 2 1 2 0 1 0 0 1 1 5 2 3 4 0 2 1 0 0 2 0 0 2 0 0 1 0 7 1 3 5 1 25 2 1 1 2 10 2 0 5 1 8 3 0 1 13 1 5 1 0 3
17231 235 8937 105 75 229 9953 22031 3986 37366 240 3024 1 3 4 5 0 3 2 0 39 28 4 7 15 1 3 6 299 359 54 21 83 15 1 0 6 3 2 4 1108 11 9 0 3 3 19 7 11 13 74 270 1919 1417 1008 133 28 5 1 1 11 8 9 4 4 9 51 41 21 49 40 55 6 13 29 17 31 0 9 6 172 12 850 281 183 15 8 47 41 9 28 217 119 27 9 62 630 3976 23 32 28 6 58 73 5 132 9 10 51 68 81 109 0 0 0 0 1 0 2 0 0 0 0 2 1 0 1 0 0 0 1 0 11 36 1 7 0 0 2 1 1 0 0 3 6 1 0 0 0 1 1 0 5 0 0 4 3 3 8 6 2 4 4 5 1 0 0 0 1 0 2 0 2 1 1 4 3 5 4 0 50 6 6 0 1 12 1 2 9 0 4 3 4 0 46 11 2 0 0 0
291 9 243 17 13 55 1134 3986 2690 7506 1059 941 10 0 0 0 0 0 0 0 25 49 1 3 10 0 1 1 29 40 11 44 295 2 0 0 0 0 0 2 55 2 3 1 32 4 5 2 1 48 1 52 230 95 118 7 5 2 0 0 0 0 1 4 0 18 2 2 5 3 1 260 9 29 3 3 316 18 71 15 31 48 39 12 21 6 0 34 13 33 10 8 7 5 3 9 2732 1284 6 5 6 3 19 21 1 48 4 4 15 21 18 27 0 0 0 0 0 0 0 0 0 0 0 0 4 0 0 0 0 0 0 0 2 8 0 1 0 0 0 0 0 0 0 0 3 0 2 1 0 2 0 2 3 0 0 1 1 1 3 8 2 0 1 0 0 0 1 1 0 0 0 0 0 0 0 6 1 1 9 0 10 2 0 0 4 1 1 0 6 0 0 8 1 0 18 5 1 0 0 1
2488 48 3215 68 77 518 4856 37366 7506 28851 11916 18643 1 0 1 2 1 0 0 2 34 29 2 3 15 3 1 3 214 215 62 93 875 15 0 1 0 0 3 5 548 4 12 0 11 9 12 5 10 18 54 138 1429 902 691 72 22 3 1 1 1 12 6 5 5 1 31 20 20 31 22 821 5 39 28 9 540 3 39 3 87 13 447 141 116 13 12 20 26 10 17 135 64 22 11 40 2597 4441 13 25 152 34 467 492 20 1044 103 88 276 384 524 816 0 0 0 0 2 0 2 1 0 0 0 12 7 0 1 0 0 1 19 1 55 124 4 13 0 0 2 3 0 0 0 15 16 1 4 1 2 4 2 0 4 4 0 8 5 3 8 2 17 8 16 19 7 1 1 0 0 0 15 0 3 3 1 4 3 4 7 0 289 8 34 0 2 58 7 2 7 1 21 1 1 4 296 66 15 3 0 11
59 26 147 56 19 89 145 240 1059 11916 7805 14755 0 2 0 0 0 0 1 0 28 12 0 0 4 0 2 0 14 29 35 59 1872 3 0 0 0 1 1 0 59 1 1 0 1 0 1 0 0 2 2 11 125 49 82 4 3 0 0 0 0 1 2 0 0 0 2 0 1 3 2 1668 2 10 1 0 2266 0 23 0 6 2 42 12 19 2 0 1 3 1 1 7 6 0 1 13 1313 635 9 9 90 24 257 297 22 598 31 31 127 156 286 458 0 0 0 0 2 0 1 1 0 0 1 8 9 0 2 0 0 0 9 0 47 91 1 12 0 0 6 4 0 4 0 17 14 0 2 0 0 2 5 0 0 2 0 4 3 5 2 1 15 9 5 16 6 1 0 0 1 0 12 1 2 1 0 1 2 0 8 0 183 3 13 0 0 33 1 1 0 8 31 0 3 1 159 28 11 0 0 4
1948 477 8191 1877 1611 22017 762 3024 941 18643 14755 54998 0 0 5 4 3 1 0 2 625 288 2 5 79 1 7 3 418 920 949 434 3523 30 1 1 3 11 4 7 1408 3 10 1 6 4 28 2 4 4 26 111 765 840 453 184 42 4 3 1 6 8 14 4 5 3 152 23 29 20 15 610 31 41 45 6 710 2 79 4 67 6 982 399 708 189 20 13 18 5 7 72 29 10 10 239 1999 1251 194 151 501 178 1307 2032 122 3087 95 98 479 516 1074 2446 0 2 1 0 3 0 3 6 5 1 3 35 31 2 6 0 0 0 99 5 336 788 5 106 0 0 27 25 1 13 0 121 111 7 20 2 6 18 18 0 1 20 0 11 15 38 4 1 130 53 16 83 75 2 2 2 0 8 98 8 17 6 0 2 8 0 12 2 1137 44 88 6 0 223 2 5 8 28 223 1 8 32 786 119 57 4 0 33
0 0 1 0 0 0 0 1 10 1 0 0 2811 1 0 12 3 1913 4799 11 0 0 4 30 0 0 42 143 2 0 1 0 1 1 0 0 2 296 261 1 13 3 35 2709 2214 1601 0 7 6 133 0 17 5 3 2 2 1 3 2 2 133 6 22 79 281 1544 4 5 112 4 1 92 603 1252 7 10 732 52 1082 6 20 20 1 2 0 1 0 31 54 108 66 9 0 2 15 5 97 12 1 0 0 11 1 1 5 0 0 0 0 0 0 2 2 198 529 8 3 148 8 1393 27 746 4 3 1 1 1 55 2 85 19 12 6 2 1 6 0 0 14 28 758 3 365 3 7 25 26 136 62 1196 3 8 13 0 1 9 1 0 1 4 1 4 0 7 5 0 55 66 16 40 3 6 3 0 20 141 0 5 69 17 10 1 7 2 10 2 1 7 9 0 1 27 9 24 2 2 2 1 0 0
6 0 1 0 6 2 5 3 0 0 2 0 1 11793 7532 869 2367 199 59 57 75 175 872 1023 15 74 3556 1021 260 19 76 1 2 179 5231 5381 848 18 140 705 592 45 258 7 1 4 378 5 15 1 6 2 58 111 36 4 149 180 1147 995 11 10 71 114 92 0 96 558 98 3 4 2 21 13 590 6 2 0 6 0 4 0 26 22 11 3 6 1 6 1 13 32 1 5 34 82 1 22 23 66 0 2 1 0 0 0 0 0 0 1 0 1 10 15 8 8 18 25 97 9 135 95 104 13 5 11 10 5 4 21 0 0 0 3 1 2 6 1 25 37 21 44 5 1 12 2 0 2 35 10 16 1 0 0 0 0 1 2 0 0 0 0 0 0 0 5 2 7 1 0 2 0 1 2 0 4 0 0 1 0 4 5 13 0 0 2 0 0 0 1 1 4 1 1 0 0 6 1 1 1
9 0 1 1 6 10 6 4 0 1 0 5 0 7532 25088 15505 617 2434 211 233 127 233 1539 1500 30 224 3297 3358 261 17 74 3 10 128 1734 438 140 54 739 975 1660 184 523 12 3 22 256 42 64 4 35 8 56 80 45 20 123 114 348 191 53 35 122 140 285 10 76 348 353 39 14 2 43 25 476 42 5 0 16 0 26 1 39 22 24 13 7 20 67 8 62 282 20 47 113 80 2 30 23 69 0 2 1 0 0 1 2 1 0 1 2 4 28 50 13 17 29 80 176 93 342 320 228 24 8 17 16 19 8 80 0 1 3 10 0 5 28 5 76 96 53 120 29 7 25 16 3 1 92 40 28 5 9 1 0 1 0 1 0 0 1 0 1 0 4 16 6 11 3 2 3 0 0 3 3 17 2 1 10 4 17 18 22 7 3 6 0 0 3 3 3 11 10 5 6 0 6 4 1 3
9 2 1 2 7 7 6 5 0 2 0 4 12 869 15505 12232 279 6170 3368 955 44 89 529 1291 19 110 1753 4252 313 28 90 1 64 248 194 129 509 241 1624 273 1390 317 535 6 8 130 105 36 70 9 29 7 76 98 101 27 134 143 276 206 171 56 77 85 176 22 80 455 440 37 16 2 77 53 522 81 1 0 10 0 39 2 43 35 18 6 6 22 66 14 71 310 26 40 115 110 3 30 26 66 1 5 0 0 1 1 0 0 1 1 0 2 46 348 223 53 27 468 93 1076 263 1795 137 16 5 10 10 91 14 268 10 10 3 5 5 10 43 6 21 62 659 59 228 4 29 26 10 59 167 227 14 3 7 1 0 5 0 4 1 3 1 2 0 1 5 9 8 37 14 9 7 9 10 4 3 66 1 1 20 2 7 12 9 4 9 4 1 1 6 0 1 25 18 7 3 0 2 1 1 4
3 0 0 1 4 0 4 0 0 1 0 3 3 2367 617 279 1514 273 1046 1205 129 315 716 398 28 274 313 40 62 15 19 1 12 67 497 527 379 483 85 1164 341 39 156 7 0 201 542 13 7 2 2 0 12 21 8 2 25 93 248 247 44 17 34 38 24 4 10 242 93 11 2 4 22 124 275 17 5 3 12 0 3 0 8 11 12 7 2 3 14 4 18 30 2 4 34 61 2 6 11 18 1 3 0 3 2 3 0 4 1 3 6 6 17 15 3 7 72 14 195 25 332 77 157 64 34 19 28 15 3 28 3 1 2 27 3 7 16 0 176 166 18 177 16 6 56 8 3 1 145 15 118 2 4 0 0 1 0 0 0 0 5 3 0 1 1 12 6 6 1 1 13 3 3 25 1 14 1 0 9 2 51 46 43 6 1 31 0 0 1 14 13 3 3 5 11 2 14 3 2 12
4 1 4 1 3 3 3 3 0 0 0 1 1913 199 2434 6170 273 12169 2267 444 39 82 264 2109 17 33 3163 1309 32 8 5 2 191 295 73 13 528 858 3447 60 1148 275 851 13 27 5881 90 170 70 13 26 5 26 39 80 20 12 47 30 22 4232 198 308 465 317 84 34 71 1583 96 71 21 282 152 191 537 2 0 14 0 40 4 16 13 6 7 2 45 67 7 292 240 15 51 244 54 1 7 11 8 2 30 0 3 17 8 0 0 1 1 0 5 22 1078 1186 118 51 1063 65 2910 271 4180 69 6 3 1 4 279 10 754 55 69 16 15 10 28 7 8 31 90 2479 12 1066 6 50 42 42 371 281 1020 9 10 11 2 0 17 0 5 1 6 2 6 2 18 29 3 27 155 38 32 8 26 30 13 21 215 3 17 77 12 5 1 13 8 14 3 1 11 11 2 3 34 25 65 2 2 3 2 0 5
3 0 0 1 0 2 0 2 0 0 1 0 4799 59 211 3368 1046 2267 41457 7663 27 90 151 468 26 187 774 446 9 2 1 2 51 46 81 4 320 3482 90 439 238 61 271 2508 231 4986 83 36 43 59 14 7 12 19 20 2 3 4 6 1 92 40 85 72 58 476 7 3 65 31 26 1 170 7638 11 69 6 1 16 4 25 10 9 8 3 7 1 56 116 92 166 118 9 30 130 4 5 6 4 0 3 4 0 1 3 3 0 1 0 3 3 4 197 1091 1204 251 121 2329 760 4323 2483 12519 1243 96 34 45 61 239 85 988 24 17 10 34 9 13 147 15 261 438 1480 521 506 18 135 88 44 311 1681 691 106 11 18 2 3 14 1 15 0 11 6 3 4 8 4 33 33 179 39 43 23 13 11 24 16 226 4 13 85 18 63 68 256 14 20 64 6 12 9 12 10 36 45 19 16 2 11 5 0 15
0 1 0 0 1 1 1 0 0 2 0 2 11 57 233 955 1205 444 7663 4992 37 91 214 504 30 310 394 38 4 0 0 0 2 6 127 2 51 338 46 833 225 61 220 11 1 91 109 16 23 6 9 2 5 13 11 1 1 1 9 1 33 32 59 49 6 4 8 7 60 20 16 1 23 251 7 33 4 0 5 0 4 1 8 12 6 6 3 15 25 4 35 107 2 19 65 3 1 0 5 0 1 2 0 1 1 4 0 0 0 1 5 2 65 104 15 45 53 75 306 47 784 629 368 50 17 28 26 49 25 166 4 0 4 16 1 7 75 8 138 171 10 270 27 3 52 37 2 3 315 27 69 6 3 2 1 5 0 2 0 1 1 2 0 0 1 32 0 45 7 1 16 3 4 9 4 10 0 3 12 0 45 33 56 5 1 40 0 0 3 5 10 9 12 7 7 2 5 3 1 12
231 87 158 223 160 627 53 39 25 34 28 625 0 75 127 44 129 39 27 37 5857 9589 1682 254 918 411 73 22 173 201 144 143 474 768 17 2 508 593 16 352 849 39 151 10 2 3 277 10 20 3 4 5 84 68 61 2074 47 94 72 15 16 43 85 65 31 4 31 368 86 25 6 117 689 255 496 21 194 5 192 0 5 1 1225 49 2403 331 34 3 21 5 32 60 5 23 85 608 310 88 942 135 4 6 6 22 7 28 0 4 5 8 17 53 0 1 3 2 22 2 14 11 35 5 18 43 36 4 6 1 0 0 1 1 17 180 4 73 2 1 86 94 5 20 0 14 38 3 4 1 18 15 32 0 2 2 0 3 2 1 1 2 16 10 1 1 18 2 0 2 1 1 21 4 11 4 4 5 4 0 8 1 165 82 27 4 1 61 1 1 1 11 34 4 1 4 38 5 27 7 0 29
119 26 44 58 96 297 50 28 49 29 12 288 0 175 233 89 315 82 90 91 9589 33965 5120 1333 8314 3995 364 22 218 170 63 125 798 1686 35 10 1403 1555 53 2883 961 155 1023 34 3 19 942 56 81 16 22 17 166 232 188 204 51 126 113 23 42 179 368 248 26 11 138 484 152 66 18 293 1646 603 557 95 327 6 363 1 23 4 1039 386 4245 1190 87 26 105 20 140 345 19 123 480 578 500 121 2567 75 11 9 19 28 11 37 2 4 6 5 24 57 1 3 8 1 38 3 50 23 92 12 43 77 39 7 8 0 1 2 7 3 25 214 10 89 2 0 196 176 12 38 13 16 66 2 6 0 59 39 65 4 12 2 0 9 2 7 0 6 28 14 3 2 23 4 3 4 5 1 41 2 18 28 10 27 6 10 23 7 199 93 47 6 12 68 2 5 14 10 49 24 4 10 41 2 44 5 2 46
5 0 0 1 0 7 1 4 1 2 0 2 4 872 1539 529 716 264 151 214 1682 5120 8916 9343 152 8302 427 43 18 6 7 3 72 425 81 34 1392 737 132 2188 5118 1347 937 10 2 28 435 10 77 3 10 2 29 44 69 19 6 40 75 42 53 12 25 13 21 10 43 139 82 5 7 32 276 116 98 23 26 0 55 0 8 1 25 57 31 24 3 6 15 7 33 181 8 15 71 42 14 2 39 3 1 0 0 1 0 2 0 0 0 1 1 1 2 6 5 1 15 8 29 22 35 20 26 16 10 1 0 4 0 6 1 0 1 34 1 19 0 0 62 43 7 26 12 2 12 2 2 1 20 15 8 1 1 1 0 2 1 0 0 0 1 2 1 0 3 4 2 4 0 0 7 0 2 8 1 11 0 3 6 0 22 16 13 1 1 6 0 0 0 5 4 4 2 1 2 0 5 2 0 4
12 2 2 1 1 11 7 7 3 3 0 5 30 1023 1500 1291 398 2109 468 504 254 1333 9343 13129 540 2440 6832 1459 188 7 7 3 37 94 1285 124 348 209 383 3742 2886 5647 2243 20 9 646 2653 21 241 5 23 10 244 565 182 42 73 26 506 56 1039 36 86 213 202 182 634 406 214 26 24 10 128 47 92 57 18 1 23 2 35 4 161 328 153 170 38 17 38 5 594 415 23 39 132 48 11 7 239 5 1 1 0 1 2 0 0 0 0 0 0 0 2 70 69 2 3 52 40 255 50 151 35 10 2 3 1 10 1 29 2 3 2 2 0 4 2 0 12 25 194 9 106 3 3 5 5 11 15 250 8 5 6 0 0 2 1 0 0 2 0 0 0 0 2 1 29 35 5 7 2 4 4 3 2 54 0 4 20 2 3 3 5 2 3 0 2 1 3 0 2 9 4 3 0 0 1 0 1 1
56 8 23 14 23 62 20 15 10 15 4 79 0 15 30 19 28 17 26 30 918 8314 152 540 11595 290 299 37 368 46 38 31 187 308 13 1 128 305 9 3101 283 31 488 8 3 14 6137 30 31 6 15 31 538 1319 253 119 205 24 67 6 16 85 382 269 20 11 2148 2273 85 60 16 58 445 316 265 36 65 3 91 1 26 5 1128 1681 1654 2629 2450 23 74 12 61 133 27 70 310 156 69 46 3375 129 1 0 1 6 0 4 2 0 0 1 3 5 1 0 1 1 12 4 10 7 15 5 5 22 11 2 2 0 0 3 3 0 1 42 5 29 0 0 75 56 7 7 3 3 19 1 3 0 7 14 11 1 6 1 0 2 3 0 1 2 9 3 1 0 2 0 2 3 4 0 12 0 2 8 0 6 3 6 20 2 27 39 7 0 8 9 5 1 5 2 16 7 0 2 3 2 5 3 0 2
4 1 1 0 2 0 0 1 0 3 0 1 0 74 224 110 274 33 187 310 411 3995 8302 2440 290 6675 799 3 19 3 4 0 35 65 30 3 204 423 7 4521 548 96 238 10 2 7 348 2 33 1 4 2 19 59 16 5 2 6 10 5 15 9 15 11 3 2 50 23 8 4 4 10 171 96 16 13 8 0 33 0 5 1 36 46 49 24 1 5 7 3 21 67 3 19 61 10 6 2 35 1 0 0 0 1 1 1 0 1 0 0 0 1 0 6 0 5 14 10 42 1 53 14 31 9 2 1 3 0 0 4 0 0 1 5 0 4 2 0 34 48 1 14 3 2 4 1 0 0 20 1 8 1 4 0 0 2 0 0 0 2 3 1 0 0 1 2 1 5 0 0 1 0 0 3 3 3 0 2 0 2 5 6 8 0 2 2 1 0 0 0 3 3 0 0 3 0 2 0 0 0
3 2 1 0 0 8 7 3 1 1 2 7 42 3556 3297 1753 313 3163 774 394 73 364 427 6832 299 799 20675 12101 231 7 15 0 9 65 2198 284 386 57 117 1868 219 69 597 8 16 231 1119 2 17 0 11 7 218 513 43 10 164 21 521 138 251 12 114 816 586 48 762 373 77 14 9 6 32 29 60 8 2 0 5 0 15 0 106 204 95 118 30 6 13 3 49 55 10 11 69 19 1 10 177 12 0 1 0 1 2 0 0 0 0 0 0 1 8 120 81 11 5 140 46 488 89 382 60 8 1 3 1 27 2 64 8 4 3 1 1 3 8 1 16 18 276 22 185 0 7 8 4 19 29 175 5 0 4 0 1 1 0 0 0 0 1 1 0 2 1 5 13 23 3 4 0 1 1 2 0 35 0 3 11 1 1 3 5 1 1 4 1 0 3 2 1 11 4 13 0 0 1 0 0 0
18 3 2 3 3 12 6 6 1 3 0 3 143 1021 3358 4252 40 1309 446 38 22 22 43 1459 37 3 12101 10485 944 40 220 2 7 133 337 184 111 19 1370 40 206 32 73 7 45 485 208 5 8 2 9 18 293 527 96 19 685 123 687 153 264 27 279 1379 2024 93 692 550 298 33 15 2 14 35 467 10 1 0 5 1 29 3 112 113 42 24 30 14 8 2 43 37 17 9 35 109 2 108 119 201 1 12 0 1 10 2 0 0 0 0 0 6 7 521 334 33 31 339 20 2312 35 896 18 3 4 0 0 114 3 223 44 26 12 8 3 12 2 6 14 34 1849 6 839 6 19 26 12 60 30 1060 0 3 3 1 0 2 0 1 0 3 0 1 0 20 18 2 43 119 15 20 5 8 21 3 3 135 2 2 14 4 1 0 4 4 2 0 0 1 6 1 1 9 15 72 0 1 4 1 0 2
4856 213 203 247 1317 713 1591 299 29 214 14 418 2 260 261 313 62 32 9 4 173 218 18 188 368 19 231 944 30628 10431 3316 148 361 157 41 11 129 37 352 103 302 36 241 6 7 31 347 109 27 12 59 121 3294 12962 744 62 6184 23 23 15 51 405 1080 346 1011 11 7538 1031 2499 221 42 197 87 14 2287 125 116 4 71 2 90 8 350 575 186 177 828 41 80 12 143 179 56 107 345 2296 89 3777 610 2939 16 7 30 62 6 62 2 5 9 6 29 72 0 8 6 0 1 2 7 35 5 6 2 7 7 2 0 2 0 1 8 2 25 170 2 26 0 0 23 25 25 5 32 12 22 9 12 1 5 80 8 4 11 5 0 12 9 7 4 1 14 2 0 8 30 0 17 25 10 5 16 3 9 5 15 125 2 7 46 17 128 20 11 0 17 42 2 0 6 4 25 14 5 8 35 3 5 1 0 10
7500 1248 191 605 4772 2721 1347 359 40 215 29 920 0 19 17 28 15 8 2 0 201 170 6 7 46 3 7 40 10431 19284 5457 445 798 134 1 1 25 14 24 8 911 6 19 0 0 7 16 35 11 6 35 125 1090 1210 521 134 3523 9 1 3 8 69 58 3 71 3 171 29 317 57 26 270 90 14 210 44 44 2 84 1 71 3 776 337 368 76 19 24 37 6 32 92 39 15 22 2154 114 1278 71 1631 29 9 58 89 13 151 2 4 12 13 47 132 0 1 5 0 2 0 1 10 1 1 3 11 10 0 2 1 0 0 9 0 34 117 3 23 0 0 12 21 5 4 6 25 14 3 2 0 2 17 4 1 5 1 1 5 9 6 3 1 24 11 1 10 12 1 3 3 2 0 19 0 7 1 8 38 6 2 12 2 120 17 7 0 3 16 2 1 2 1 40 5 2 10 44 9 8 1 0 8
561 152 89 1207 7205 4712 226 54 11 62 35 949 1 76 74 90 19 5 1 0 144 63 7 7 38 4 15 220 3316 5457 6658 342 691 61 4 4 40 6 101 5 492 3 16 1 1 3 8 18 5 0 13 59 598 832 275 84 4431 5 3 8 9 50 75 5 233 1 491 182 453 32 15 151 20 7 2726 11 54 1 46 1 30 3 447 251 264 50 540 11 14 5 24 65 22 5 22 1295 120 423 941 9100 48 21 148 219 24 280 3 4 35 17 102 228 0 2 2 0 1 1 2 5 1 3 0 18 8 1 1 0 0 1 15 1 66 213 2 28 1 0 6 13 2 5 2 46 37 0 1 0 5 10 5 1 2 6 0 1 4 13 4 4 42 19 2 14 27 0 3 2 2 2 24 4 8 2 0 25 5 2 8 5 218 13 14 0 2 57 2 2 0 6 74 5 3 11 89 9 13 0 0 6
242 65 59 80 1218 4127 86 21 44 93 59 434 0 1 3 1 1 2 2 0 143 125 3 3 31 0 0 2 148 445 342 5088 2953 2580 0 0 4 7 1 2 262 0 1 0 1 4 7 4 3 0 5 18 128 124 74 32 29 412 0 0 0 4 4 1 1 0 34 9 15 7 7 423 286 8 2160 4 233 1 126 1 17 1 160 79 124 43 6 3 3 0 6 16 7 1 3 4205 780 164 47 101 55 24 112 159 13 225 1 7 32 27 82 207 1 0 0 0 0 0 2 2 3 0 1 13 19 0 3 0 1 0 11 0 62 184 3 32 0 0 14 8 0 5 1 15 21 4 1 0 3 4 7 1 1 4 0 0 2 10 1 4 23 16 1 6 17 0 1 0 0 0 39 4 11 4 4 4 3 0 4 0 251 18 17 3 0 62 2 0 5 7 45 1 3 6 105 9 18 0 0 19
591 152 217 284 1515 5471 196 83 295 875 1872 3523 1 2 10 64 12 191 51 2 474 798 72 37 187 35 9 7 361 798 691 2953 4627 2822 7 1 92 2884 31 160 815 14 60 7 2 88 330 25 4 3 28 66 378 286 251 79 57 308 22 4 179 19 29 24 9 9 60 94 64 29 15 973 2321 151 1338 33 894 3 195 1 45 1 443 158 266 77 13 24 13 4 26 56 24 11 32 3038 4957 686 106 157 106 52 235 427 41 631 23 22 85 100 281 600 0 2 4 6 10 2 10 20 26 12 5 57 55 3 7 5 0 3 32 4 126 636 11 172 2 0 115 79 13 21 12 95 110 7 17 1 28 42 37 2 3 14 2 6 25 29 2 8 91 52 10 36 77 3 10 4 4 2 80 13 35 12 1 25 24 4 19 2 648 126 50 8 1 187 5 2 10 21 156 8 14 30 312 32 63 10 1 49
66 10 12 13 268 219 21 15 2 15 3 30 1 179 128 248 67 295 46 6 768 1686 425 94 308 65 65 133 157 134 61 2580 2822 12418 116 94 1149 2299 144 295 965 12 78 2 2 31 690 22 9 5 24 129 288 226 281 74 38 7444 1584 5372 88 33 30 22 68 4 29 4828 228 45 23 304 1483 178 10111 50 38 6 145 0 68 7 414 125 215 88 25 19 18 4 24 86 39 12 36 4010 31 31 107 36 22 5 11 41 5 47 2 4 4 5 19 31 0 5 7 1 26 3 15 22 35 10 14 67 38 5 9 3 1 4 9 0 28 358 18 174 3 0 193 192 28 22 16 44 79 2 2 2 23 33 25 0 0 3 1 1 13 19 4 11 51 22 0 5 39 7 5 3 2 0 57 8 24 25 7 28 18 3 14 4 155 143 32 7 3 50 0 0 1 16 90 8 12 17 24 3 41 2 1 27
0 0 0 0 0 0 0 1 0 0 0 1 0 5231 1734 194 497 73 81 127 17 35 81 1285 13 30 2198 337 41 1 4 0 7 116 3995 2712 985 121 40 1067 46 20 332 4 0 2 1571 1 2 0 0 0 19 40 3 5 36 14 1301 409 6 3 27 35 86 5 83 251 82 2 0 2 29 12 36 3 0 0 5 0 0 0 6 10 4 7 3 0 1 1 3 10 0 1 25 4 0 0 19 3 0 0 0 0 0 0 0 0 0 0 0 0 1 6 1 0 7 11 15 9 35 31 20 2 0 1 0 2 1 6 0 0 0 3 0 0 3 0 9 11 5 13 4 0 3 4 0 0 12 3 1 0 1 0 0 0 0 0 0 0 0 0 0 0 0 0 1 3 0 0 0 0 0 0 0 3 0 0 0 0 1 3 2 0 0 0 0 0 0 0 1 1 1 1 0 0 1 0 0 0
0 0 0 0 0 0 0 0 0 1 0 1 0 5381 438 129 527 13 4 2 2 10 34 124 1 3 284 184 11 1 4 0 1 94 2712 2112 1298 10 75 162 18 3 28 1 0 1 245 1 1 0 0 0 2 3 2 0 7 22 2102 1275 3 5 9 17 48 0 8 140 45 1 0 0 1 1 57 0 0 0 1 0 0 0 1 3 1 0 1 0 1 0 2 4 0 0 6 4 0 0 2 1 0 0 0 0 0 0 0 0 0 0 0 0 0 1 0 0 0 0 1 3 3 1 1 0 0 0 0 0 0 0 0 0 1 0 0 0 0 0 2 2 0 0 1 0 0 0 0 0 1 1 0 0 1 0 0 0 0 1 0 0 0 0 0 0 0 0 1 0 0 0 0 0 0 0 0 2 0 0 1 0 0 0 1 0 0 0 0 0 0 0 0 0 0 0 0 0 0 0 0 0
8 1 1 1 2 4 2 6 0 0 0 3 2 848 140 509 379 528 320 51 508 1403 1392 348 128 204 386 111 129 25 40 4 92 1149 985 1298 2546 1138 189 911 571 26 136 12 0 270 1244 14 10 1 1 5 33 46 27 11 50 444 1666 2361 183 18 41 49 64 4 43 1774 225 9 8 6 59 54 1134 27 5 5 35 1 4 2 36 20 45 17 10 6 8 1 25 25 5 6 32 124 2 8 26 30 1 3 6 4 3 6 1 0 1 1 10 9 2 3 9 3 23 5 61 24 85 17 43 37 28 8 9 0 2 4 1 2 4 55 6 38 3 0 145 150 27 45 15 13 32 5 1 5 62 23 96 2 0 2 0 2 3 4 0 0 12 6 0 1 12 7 9 5 1 1 15 1 7 40 1 17 2 0 5 1 41 51 16 6 0 14 1 0 1 7 15 1 1 2 6 3 13 3 0 13
11 1 3 6 3 5 3 3 0 0 1 11 296 18 54 241 483 858 3482 338 593 1555 737 209 305 423 57 19 37 14 6 7 2884 2299 121 10 1138 9236 50 1216 572 107 424 192 78 3545 1421 126 31 48 4 19 52 52 76 17 6 228 167 32 1142 107 160 108 18 194 29 243 182 72 70 22 1641 1594 574 232 17 24 73 0 55 8 72 38 76 35 10 121 176 49 256 78 12 28 220 158 5 8 60 8 8 14 3 14 12 22 1 11 8 4 24 22 16 39 54 11 168 50 271 168 583 255 253 193 102 21 49 12 7 42 18 6 22 303 25 146 28 2 798 576 95 252 93 32 139 43 32 7 340 518 303 17 20 4 1 10 10 11 1 11 40 19 4 5 19 17 95 70 25 10 72 17 32 102 27 401 11 10 175 30 191 258 127 28 37 97 2 11 11 36 77 46 44 18 27 4 57 6 4 82
10 0 4 2 7 6 10 2 0 3 1 4 261 140 739 1624 85 3447 90 46 16 53 132 383 9 7 117 1370 352 24 101 1 31 144 40 75 189 50 8940 25 483 171 332 8 98 374 56 139 35 8 11 12 71 146 67 8 191 132 265 131 6075 134 118 201 2466 43 99 392 6467 86 42 5 57 13 564 1125 0 0 8 0 24 2 45 35 24 9 12 27 42 11 359 91 9 22 93 168 0 53 18 114 1 31 2 4 18 7 2 1 0 0 2 7 8 524 496 39 22 242 35 1640 34 499 17 2 8 1 0 142 1 212 83 45 21 16 4 21 1 3 15 56 1854 7 1264 2 24 52 42 60 42 1636 6 6 15 1 2 7 1 3 2 2 2 11 0 15 21 5 81 224 23 19 16 21 34 1 18 294 2 3 59 11 4 2 5 14 10 2 0 2 5 4 6 25 24 89 1 0 6 0 0 0
7 2 2 1 4 8 4 4 2 5 0 7 1 705 975 273 1164 60 439 833 352 2883 2188 3742 3101 4521 1868 40 103 8 5 2 160 295 1067 162 911 1216 25 7654 345 109 595 25 1 8 3451 12 28 3 5 6 163 329 56 24 25 19 330 49 22 25 60 44 15 5 352 244 60 21 4 30 614 401 78 21 25 1 86 2 6 2 159 294 197 198 24 5 24 4 32 83 8 22 139 38 16 10 185 3 1 0 0 2 1 4 0 1 0 0 1 6 10 6 4 11 33 30 96 6 161 76 100 29 14 16 11 7 2 18 1 0 2 34 0 23 16 3 102 111 6 42 7 6 25 1 0 0 53 6 19 0 2 0 0 0 0 1 0 1 4 1 0 1 2 3 0 8 1 0 8 0 2 10 1 6 0 1 9 1 16 34 25 1 5 8 0 2 0 2 4 4 7 4 3 4 11 0 0 3
2017 461 1053 735 455 1083 359 1108 55 548 59 1408 13 592 1660 1390 341 1148 238 225 849 961 5118 2886 283 548 219 206 302 911 492 262 815 965 46 18 571 572 483 345 4446 3572 1392 74 78 460 310 412 1525 237 226 304 313 222 1806 1057 285 205 70 38 948 460 408 83 198 321 78 548 855 462 374 301 715 279 1425 618 382 14 417 11 499 70 1175 123 322 82 101 442 1283 251 1803 1968 363 450 593 948 303 171 111 457 25 27 44 78 17 107 2 5 15 22 72 129 2 22 61 3 22 15 32 124 62 62 12 80 55 4 19 13 0 10 18 13 68 651 16 307 1 1 144 105 96 34 86 47 76 37 39 8 72 382 61 44 97 11 1 61 11 15 21 46 45 33 3 13 75 1 62 51 39 13 94 17 50 21 88 314 17 67 259 51 514 237 40 8 52 206 38 31 136 15 101 190 70 24 112 9 52 12 2 55
11 1 1 3 4 5 5 11 2 4 1 3 3 45 184 317 39 275 61 61 39 155 1347 5647 31 96 69 32 36 6 3 0 14 12 20 3 26 107 171 109 3572 4635 2276 17 17 140 109 55 430 18 3 3 37 39 161 32 11 4 12 1 376 49 142 24 43 143 27 27 388 28 9 7 91 12 38 188 11 1 19 0 12 0 16 18 9 14 2 13 57 11 781 461 5 29 52 37 11 6 11 2 0 1 0 2 0 1 0 0 0 0 0 0 0 6 22 1 1 3 3 32 5 15 2 0 0 0 1 3 0 1 8 1 0 2 0 3 0 0 6 2 24 0 31 1 0 11 13 1 14 174 0 3 6 0 1 8 0 1 1 2 0 1 1 2 0 0 40 25 15 4 3 9 0 0 9 131 0 3 46 12 4 3 1 0 13 1 1 1 8 0 0 14 9 1 0 0 1 0 1 1
18 1 5 3 9 12 10 9 3 12 1 10 35 258 523 535 156 851 271 220 151 1023 937 2243 488 238 597 73 241 19 16 1 60 78 332 28 136 424 332 595 1392 2276 8130 149 79 1385 877 311 1413 124 57 27 314 627 247 55 92 24 193 18 2725 303 2325 5111 316 863 579 222 2241 177 78 29 458 41 133 1078 111 2 119 1 99 11 191 372 195 185 36 89 308 88 6140 1690 36 624 2136 110 71 31 220 18 0 2 1 2 2 3 0 0 0 0 1 1 1 34 109 4 5 36 13 303 47 65 18 4 1 2 1 15 1 31 20 7 3 4 2 3 3 3 26 26 185 3 218 4 7 63 47 11 43 1147 1 27 55 0 3 34 0 4 5 13 4 7 0 2 6 0 206 114 41 24 11 27 8 2 61 677 4 30 266 54 5 7 4 5 82 4 1 12 22 1 2 77 55 8 3 1 1 1 1 0
1 0 0 0 0 3 0 0 1 0 0 1 2709 7 12 6 7 13 2508 11 10 34 10 20 8 10 8 7 6 0 1 0 7 2 4 1 12 192 8 25 74 17 149 4292 1267 1431 10 59 32 241 5 35 8 7 22 11 0 0 3 0 43 42 71 18 7 371 2 7 46 31 44 17 1469 2661 2 71 270 686 1792 17 56 81 1 3 5 4 0 114 242 275 332 46 6 18 133 2 6 2 2 1 1 4 1 0 3 2 0 2 0 0 3 1 11 26 45 11 43 68 130 169 280 317 106 46 7 12 15 10 4 24 5 2 0 33 4 14 12 1 171 185 72 65 35 5 25 35 28 12 161 279 34 22 42 1 2 34 2 2 8 11 7 3 0 2 3 2 65 31 27 13 10 4 1 6 56 270 2 27 250 49 34 33 82 3 62 19 2 20 25 8 7 108 40 8 4 1 10 3 2 5
6 0 3 0 1 0 5 3 32 11 1 6 2214 1 3 8 0 27 231 1 2 3 2 9 3 2 16 45 7 0 1 1 2 2 0 0 0 78 98 1 78 17 79 1267 5678 903 1 91 15 3595 7 135 24 10 30 4 3 1 0 0 76 63 81 33 133 2757 16 3 267 46 34 131 294 167 9 99 2443 303 1632 78 187 504 9 1 4 2 0 308 487 1642 1610 69 7 31 106 5 546 55 0 1 4 11 2 2 3 7 2 1 3 1 6 10 0 16 155 1 5 9 6 255 28 25 3 4 5 1 0 11 3 6 23 18 5 10 3 7 1 0 39 21 154 10 308 21 5 153 177 9 91 2770 1 79 133 3 5 79 9 12 21 51 4 23 2 10 2 0 594 322 90 78 26 78 13 2 176 1819 9 73 958 155 10 10 5 8 215 7 19 70 131 12 6 338 126 16 17 1 1 1 0 2
8 1 1 1 0 3 6 3 4 9 0 4 1601 4 22 130 201 5881 4986 91 3 19 28 646 14 7 231 485 31 7 3 4 88 31 2 1 270 3545 374 8 460 140 1385 1431 903 6746 18 81 45 60 39 7 39 36 87 16 6 12 3 0 298 74 436 939 776 3144 41 16 635 54 28 44 1790 120 34 123 112 1 245 2 44 6 14 15 4 2 3 48 112 115 849 255 10 37 246 24 52 8 9 3 2 58 3 8 32 10 0 1 3 1 1 17 14 817 2506 45 53 338 64 3918 120 1185 29 12 8 7 4 420 14 351 149 114 41 38 11 33 3 5 61 113 3470 7 3513 15 32 283 205 433 286 7982 10 26 25 3 1 19 1 5 1 14 8 44 2 38 54 3 847 995 72 122 57 109 74 15 33 1972 10 20 237 24 6 8 12 20 50 7 5 19 31 20 9 58 98 181 4 6 13 7 5 3
28 6 8 6 8 24 14 19 5 12 1 28 0 378 256 105 542 90 83 109 277 942 435 2653 6137 348 1119 208 347 16 8 7 330 690 1571 245 1244 1421 56 3451 310 109 877 10 1 18 7252 15 28 3 10 40 474 1221 180 38 119 25 888 217 28 22 206 156 140 2 2137 1742 171 23 12 50 1079 448 109 15 61 6 143 0 20 5 379 1035 382 984 1065 15 21 4 40 89 10 22 214 60 51 9 857 18 1 0 1 0 1 1 0 1 0 0 0 0 0 4 1 1 10 4 18 14 27 5 9 15 6 2 2 2 0 6 2 0 0 31 5 21 0 0 62 71 8 14 5 10 18 1 1 1 17 11 7 1 5 0 0 0 0 2 1 2 9 5 1 0 2 1 3 3 1 0 9 2 2 7 1 8 1 3 8 1 14 29 10 2 2 8 1 1 0 5 13 5 2 0 5 1 10 1 0 4
15 2 4 4 18 12 8 7 2 5 0 2 7 5 42 36 13 170 36 16 10 56 10 21 30 2 2 5 109 35 18 4 25 22 1 1 14 126 139 12 412 55 311 59 91 81 15 20080 219 349 24 45 42 81 145 36 25 35 8 1 143 8457 765 31 22 38 63 30 2898 2481 1902 12 154 20 197 7233 33 3 47 9 414 50 30 30 21 12 4 3936 4097 229 1595 403 81 352 976 156 25 22 30 23 3 6 1 1 2 1 0 4 0 1 2 0 1 1 26 7 4 8 1 31 22 11 3 1 6 2 6 1 4 2 28 16 3 9 1 6 0 0 36 23 22 13 38 27 3 212 165 9 148 387 5 618 1390 11 11 529 23 13 24 158 0 16 4 5 7 0 93 101 255 33 15 68 4 8 827 1305 97 470 1832 298 6 14 12 11 541 30 128 261 629 15 3 1901 649 14 19 4 4 0 2 0
11 0 7 2 1 0 8 11 1 10 0 4 6 15 64 70 7 70 43 23 20 81 77 241 31 33 17 8 27 11 5 3 4 9 2 1 10 31 35 28 1525 430 1413 32 15 45 28 219 6056 107 89 13 67 39 270 54 9 3 5 0 108 209 131 10 18 81 20 14 173 172 170 6 72 11 19 329 27 1 22 1 115 10 35 19 13 9 1 153 538 94 732 7646 55 2268 3206 23 15 7 7 3 0 1 0 0 0 2 0 0 0 0 0 1 1 0 5 0 0 4 0 19 5 3 2 2 0 0 0 0 0 0 1 1 0 2 0 0 0 0 2 2 9 1 6 2 0 19 13 1 15 66 0 32 55 0 0 26 3 1 1 7 0 2 1 0 1 0 21 12 17 9 2 4 2 1 47 130 2 19 122 25 3 0 2 0 45 5 2 17 34 0 1 99 45 1 1 0 0 1 0 1
11 1 4 2 3 2 3 13 48 18 2 4 133 1 4 9 2 13 59 6 3 16 3 5 6 1 0 2 12 6 0 0 3 5 0 0 1 48 8 3 237 18 124 241 3595 60 3 349 107 6943 42 1256 53 17 145 18 5 5 1 0 22 317 110 5 3 1441 11 5 115 184 130 61 115 560 17 222 1610 244 450 773 663 5569 15 6 0 3 1 1553 1749 5590 1300 256 39 110 288 9 610 54 2 5 2 2 1 4 0 10 1 4 1 4 5 13 0 0 13 4 2 1 0 22 14 10 0 1 3 1 2 1 0 1 12 1 4 11 1 1 0 0 18 6 19 4 12 10 4 105 119 8 65 354 2 186 372 9 6 178 67 15 140 197 4 6 0 3 1 0 40 57 91 73 5 20 6 4 283 465 44 210 1033 152 21 10 6 8 215 19 69 200 451 7 4 822 223 5 17 2 5 2 2 2
78 4 27 9 15 12 57 74 1 54 2 26 0 6 35 29 2 26 14 9 4 22 10 23 15 4 11 9 59 35 13 5 28 24 0 0 1 4 11 5 226 3 57 5 7 39 10 24 89 42 8341 5929 359 87 1962 41 17 10 1 1 81 25 27 8 11 26 14 30 48 221 23 7 23 34 54 24 31 2 13 232 950 102 85 21 8 18 8 120 113 37 90 7210 3960 152 103 19 30 47 10 12 1 0 0 0 0 3 0 0 1 2 1 3 0 1 3 0 1 1 0 7 2 2 0 2 1 0 0 0 0 1 1 0 1 15 0 18 0 0 1 3 6 0 4 2 2 0 2 1 5 14 0 6 11 2 0 12 230 54 494 209 3 0 0 0 3 0 1 1 2 6 2 0 2 0 3 11 43 19 27 3 12 8 6 0 3 12 30 12 119 1 0 23 8 1 3 1 2 0 0 1
317 29 88 24 46 57 181 270 52 138 11 111 17 2 8 7 0 5 7 2 5 17 2 10 31 2 7 18 121 125 59 18 66 129 0 0 5 19 12 6 304 3 27 35 135 7 40 45 13 1256 5929 13502 694 194 2924 21 53 52 3 5 14 53 36 14 25 494 24 134 57 571 109 43 88 674 267 40 754 167 153 5482 4929 3201 189 39 11 18 27 2139 559 453 154 2202 3723 43 35 91 464 141 20 40 3 1 0 4 0 3 1 11 0 4 7 5 2 2 3 0 1 1 1 3 2 5 1 3 3 1 2 1 1 0 1 1 4 84 5 41 0 0 16 12 6 2 6 6 1 3 40 18 19 16 3 37 75 16 0 182 1758 1087 4891 1265 39 5 4 0 13 0 2 2 7 104 2 1 9 4 10 11 524 147 102 4 66 48 141 1 12 142 417 122 1492 2 4 148 51 4 81 6 1 0 0 3
1855 181 551 250 327 500 1774 1919 230 1429 125 765 5 58 56 76 12 26 12 5 84 166 29 244 538 19 218 293 3294 1090 598 128 378 288 19 2 33 52 71 163 313 37 314 8 24 39 474 42 67 53 359 694 9705 8476 8204 121 852 117 20 12 61 228 736 323 389 39 1201 969 711 126 69 227 163 152 1151 65 197 14 192 28 215 52 957 1308 378 422 403 85 133 40 175 774 238 106 282 612 613 2183 574 611 15 6 22 38 7 69 8 1 14 16 40 64 1 1 5 1 3 0 6 14 5 1 2 23 18 1 4 0 0 0 3 3 32 264 4 136 0 0 61 40 7 5 13 19 30 4 6 0 6 36 14 6 7 1 0 7 18 5 30 8 6 7 0 5 25 2 7 5 2 5 28 0 18 13 9 34 6 13 26 5 173 76 11 1 6 65 4 7 35 2 18 21 8 11 38 2 13 3 2 15
1826 193 550 263 387 701 1150 1417 95 902 49 840 3 111 80 98 21 39 19 13 68 232 44 565 1319 59 513 527 12962 1210 832 124 286 226 40 3 46 52 146 329 222 39 627 7 10 36 1221 81 39 17 87 194 8476 12068 1157 38 1803 67 44 7 66 359 1653 742 640 20 5886 1661 1180 172 39 101 145 113 1602 102 90 5 93 5 92 13 1447 7363 360 885 1072 42 136 20 220 354 98 119 569 933 161 980 1553 975 8 4 14 26 4 33 1 2 6 5 21 35 0 2 7 0 6 1 2 24 10 4 5 10 10 0 3 1 0 1 2 0 17 157 7 77 0 0 45 28 21 4 25 9 26 4 10 3 8 73 7 4 12 0 0 4 4 1 12 5 6 11 0 1 10 1 11 16 6 2 13 2 13 7 14 65 2 4 28 6 122 49 9 2 13 57 1 2 17 4 16 17 4 10 28 1 12 1 0 14
1027 128 336 158 200 307 879 1008 118 691 82 453 2 36 45 101 8 80 20 11 61 188 69 182 253 16 43 96 744 521 275 74 251 281 3 2 27 76 67 56 1806 161 247 22 30 87 180 145 270 145 1962 2924 8204 1157 18729 894 276 109 9 13 205 246 262 91 108 95 170 471 409 372 284 133 231 138 762 191 190 12 196 118 828 145 2736 447 359 238 120 323 515 98 490 3336 868 270 309 330 255 962 238 240 8 3 11 30 2 40 1 5 13 4 26 44 0 1 4 0 6 2 3 24 12 3 1 26 14 2 3 0 0 1 1 2 32 220 8 126 0 0 61 41 16 8 11 10 25 14 6 2 9 113 18 23 66 1 0 27 76 12 115 53 12 4 1 1 33 1 8 13 14 4 20 6 14 10 26 80 16 45 77 20 173 74 18 1 18 53 27 20 111 5 5 65 37 7 28 2 26 2 0 16
315 79 138 114 48 182 54 133 7 72 4 184 2 4 20 27 2 20 2 1 2074 204 19 42 119 5 10 19 62 134 84 32 79 74 5 0 11 17 8 24 1057 32 55 11 4 16 38 36 54 18 41 21 121 38 894 2876 41 16 2 2 36 40 51 13 23 20 15 44 85 43 40 31 50 34 149 35 24 0 32 0 59 6 2932 22 533 41 14 46 119 21 103 242 44 39 72 135 33 26 118 65 0 0 4 3 0 8 0 1 1 4 6 13 0 2 1 0 1 0 1 3 1 2 0 7 6 0 0 0 0 0 1 3 4 46 0 18 0 0 8 8 2 1 7 3 6 0 3 0 4 29 1 1 11 1 0 8 3 0 3 3 2 0 0 1 4 0 5 4 1 1 9 3 2 4 4 22 1 10 11 4 33 14 1 2 6 15 3 1 10 2 4 15 3 2 7 1 2 0 0 6
195 16 16 31 297 91 100 28 5 22 3 42 1 149 123 134 25 12 3 1 47 51 6 73 205 2 164 685 6184 3523 4431 29 57 38 36 7 50 6 191 25 285 11 92 0 3 6 119 25 9 5 17 53 852 1803 276 41 6688 3 9 5 23 167 556 139 791 4 2067 1321 1426 59 13 26 31 2 2739 31 1 1 6 4 42 4 284 320 112 645 1430 11 20 5 39 61 27 27 127 1299 19 413 2704 3896 2 1 8 13 2 12 0 0 1 3 10 22 0 3 4 1 0 2 0 18 2 3 1 0 3 0 0 0 0 0 1 1 5 22 0 8 0 0 4 2 8 1 17 1 4 4 4 0 3 37 1 2 1 1 0 3 2 4 6 4 4 2 0 0 3 0 10 8 2 1 7 0 1 1 3 40 3 0 14 4 16 2 2 0 7 3 0 1 4 0 14 6 4 0 5 1 4 0 0 0
16 2 2 2 13 9 7 5 2 3 0 4 3 180 114 143 93 47 4 1 94 126 40 26 24 6 21 123 23 9 5 412 308 7444 14 22 444 228 132 19 205 4 24 0 1 12 25 35 3 5 10 52 117 67 109 16 3 4052 455 2188 25 41 19 5 92 3 12 3485 377 35 11 66 191 43 6894 65 4 1 37 0 34 0 95 26 57 10 2 14 12 6 25 21 15 5 26 332 1 5 16 3 4 3 4 6 4 2 0 0 1 0 2 8 0 20 14 1 4 7 2 27 4 12 1 11 6 1 0 4 0 6 1 0 2 41 3 32 0 0 35 58 37 1 20 11 8 3 4 1 6 31 5 2 3 0 0 1 2 7 1 4 9 4 0 3 3 0 3 3 4 0 7 2 3 5 6 25 3 1 15 2 19 19 4 1 2 3 2 2 5 1 16 5 1 4 2 3 9 0 0 6
3 0 0 0 1 2 1 1 0 1 0 3 2 1147 348 276 248 30 6 9 72 113 75 506 67 10 521 687 23 1 3 0 22 1584 1301 2102 1666 167 265 330 70 12 193 3 0 3 888 8 5 1 1 3 20 44 9 2 9 455 3974 5898 6 20 123 113 387 3 62 1017 433 6 3 6 60 23 69 7 2 1 20 0 2 0 10 35 13 14 11 2 5 0 15 15 0 6 65 11 2 0 29 2 1 0 0 1 1 1 0 0 0 0 2 0 0 0 2 0 9 2 13 10 7 6 5 6 1 2 1 0 0 0 0 0 0 4 1 2 0 0 13 30 5 1 8 0 3 1 0 0 8 12 4 2 2 1 0 0 1 0 0 2 0 0 1 0 0 0 2 0 0 0 1 0 0 1 3 12 0 2 3 0 3 4 5 0 1 0 1 0 0 1 3 2 3 0 0 0 2 0 0 0
0 0 0 0 0 0 0 1 0 1 0 1 2 995 191 206 247 22 1 1 15 23 42 56 6 5 138 153 15 3 8 0 4 5372 409 1275 2361 32 131 49 38 1 18 0 0 0 217 1 0 0 1 5 12 7 13 2 5 2188 5898 2345 4 7 17 10 94 0 6 1841 169 6 1 0 6 5 860 3 1 1 5 0 3 0 11 4 5 0 0 0 0 1 5 4 2 0 6 7 0 0 5 5 1 0 0 0 0 2 0 0 0 0 3 1 0 0 0 0 3 0 4 4 3 1 1 5 1 2 0 0 0 0 1 0 1 5 1 3 0 0 10 13 3 1 2 0 4 0 0 0 2 6 1 0 0 0 0 0 1 1 0 2 2 2 0 0 0 0 1 1 0 0 1 0 0 0 0 4 2 0 2 0 1 4 3 0 0 2 0 0 0 0 3 1 0 2 0 0 1 0 0 0
11 3 5 3 7 3 4 11 0 1 0 6 133 11 53 171 44 4232 92 33 16 42 53 1039 16 15 251 264 51 8 9 0 179 88 6 3 183 1142 6075 22 948 376 2725 43 76 298 28 143 108 22 81 14 61 66 205 36 23 25 6 4 7800 174 949 1927 1028 153 65 33 3858 99 63 11 531 8 93 2691 3 0 24 0 70 5 28 20 8 7 3 54 107 16 1216 582 37 80 467 60 1 9 8 6 1 26 2 1 12 9 2 1 1 0 2 8 6 245 794 17 19 79 26 738 58 203 10 10 8 1 2 194 3 112 70 53 16 19 3 20 1 7 29 52 1078 12 1671 6 15 115 72 61 105 2752 1 18 18 1 3 15 0 1 1 8 3 26 3 18 25 5 320 506 43 40 24 63 33 9 19 896 5 15 93 13 10 3 5 12 18 3 7 4 20 11 5 31 49 66 1 0 7 2 3 6
36 4 6 4 19 14 17 8 0 12 1 8 6 10 35 56 17 198 40 32 43 179 12 36 85 9 12 27 405 69 50 4 19 33 3 5 18 107 134 25 460 49 303 42 63 74 22 8457 209 317 25 53 228 359 246 40 167 41 20 7 174 19042 9898 273 160 63 265 69 3263 11950 858 15 143 16 329 1384 42 2 41 10 253 75 105 129 64 54 22 319 1010 199 1292 699 111 1916 2219 283 15 46 82 45 5 6 0 0 3 0 2 4 0 0 0 1 0 1 23 6 0 6 6 31 24 14 5 7 3 3 4 2 1 2 21 10 2 2 2 4 1 0 25 13 16 9 29 31 5 154 115 10 81 286 4 673 1558 17 15 427 33 13 27 250 3 13 2 7 1 1 71 71 224 27 16 48 10 9 631 817 108 617 1409 175 10 15 12 13 400 26 172 224 909 12 5 1829 602 20 21 6 2 1 3 3
35 2 5 5 23 27 21 9 1 6 2 14 22 71 122 77 34 308 85 59 85 368 25 86 382 15 114 279 1080 58 75 4 29 30 27 9 41 160 118 60 408 142 2325 71 81 436 206 765 131 110 27 36 736 1653 262 51 556 19 123 17 949 9898 35154 6840 5909 147 1707 176 8083 1593 83 20 199 17 162 1112 42 5 52 0 62 13 304 506 182 198 48 87 451 100 2971 458 35 927 6119 157 26 123 300 56 3 6 0 1 3 0 0 2 0 0 2 1 1 23 43 1 1 13 4 138 12 30 5 1 2 1 0 6 3 10 21 17 7 5 2 4 0 1 18 10 110 2 123 13 3 80 63 5 59 608 4 88 146 1 3 103 1 2 4 31 1 9 1 4 0 0 123 92 92 16 10 23 2 3 224 842 5 64 557 129 2 2 2 7 198 10 9 36 71 5 1 300 135 13 8 1 1 1 3 0
10 2 4 0 6 4 5 4 4 5 0 4 79 114 140 85 38 465 72 49 65 248 13 213 269 11 816 1379 346 3 5 1 24 22 35 17 49 108 201 44 83 24 5111 18 33 939 156 31 10 5 8 14 323 742 91 13 139 5 113 10 1927 273 6840 4745 6986 161 914 143 3348 122 23 8 128 16 46 127 14 0 18 0 33 3 147 233 115 148 30 20 27 9 1688 48 18 47 1464 33 13 22 200 13 0 5 0 0 3 1 0 1 0 0 0 1 0 90 123 5 5 42 9 440 10 79 2 0 3 0 0 24 0 30 16 8 6 5 0 2 0 1 6 14 392 0 374 1 7 24 18 10 15 761 3 2 5 1 1 2 0 1 0 6 1 9 0 6 6 1 111 96 14 8 7 20 3 1 7 329 4 5 31 6 0 3 0 2 9 0 1 2 9 2 1 13 8 13 1 0 1 0 0 0
25 1 3 3 17 13 19 4 0 5 0 5 281 92 285 176 24 317 58 6 31 26 21 202 20 3 586 2024 1011 71 233 1 9 68 86 48 64 18 2466 15 198 43 316 7 133 776 140 22 18 3 11 25 389 640 108 23 791 92 387 94 1028 160 5909 6986 8357 128 728 398 7006 96 28 4 15 6 557 34 0 0 3 0 56 2 148 142 68 29 35 16 33 6 305 77 27 35 253 203 3 145 93 205 2 10 0 2 6 5 0 0 0 0 0 4 2 216 315 18 14 87 14 1295 32 188 9 2 9 2 0 117 1 105 49 34 10 10 1 7 1 2 22 39 1338 3 1457 2 12 66 21 26 33 2311 3 3 10 2 0 4 1 1 1 6 3 17 2 9 17 2 326 376 19 12 17 38 23 2 10 718 4 8 37 2 0 2 3 12 6 1 1 2 12 5 4 17 28 55 0 0 5 0 1 0
6 1 4 0 3 3 2 9 18 1 0 3 1544 0 10 22 4 84 476 4 4 11 10 182 11 2 48 93 11 3 1 0 9 4 5 0 4 194 43 5 321 143 863 371 2757 3144 2 38 81 1441 26 494 39 20 95 20 4 3 3 0 153 63 147 161 128 1860 14 9 210 50 24 22 195 922 13 69 1082 1049 566 221 122 562 14 7 3 5 3 182 200 327 1530 169 5 45 300 9 284 26 7 1 0 7 0 0 1 6 0 2 0 0 0 4 0 30 704 3 5 19 7 290 27 198 0 0 0 0 0 41 2 15 8 9 2 1 1 3 0 0 21 15 133 1 166 5 3 46 76 204 139 1090 3 21 41 2 2 31 15 5 34 47 5 5 0 1 7 0 81 100 33 156 14 13 4 0 49 311 6 17 247 40 4 5 11 1 71 3 9 19 51 1 0 121 52 13 2 1 1 0 2 1
129 26 50 62 55 135 33 51 2 31 2 152 4 96 76 80 10 34 7 8 31 138 43 634 2148 50 762 692 7538 171 491 34 60 29 83 8 43 29 99 352 78 27 579 2 16 41 2137 63 20 11 14 24 1201 5886 170 15 2067 12 62 6 65 265 1707 914 728 14 12881 4734 1014 101 24 11 38 30 2168 62 18 0 17 0 24 4 222 2832 83 3071 3249 22 79 15 148 113 22 109 510 299 25 66 6010 1242 0 1 0 1 0 4 0 1 0 0 2 1 0 5 12 0 2 1 3 37 1 3 0 1 1 0 0 1 0 2 1 0 4 15 0 5 0 0 6 6 28 0 47 1 5 2 5 0 3 77 1 3 16 0 0 3 0 0 1 0 0 1 0 1 1 0 11 15 7 2 2 0 3 1 7 50 0 3 22 1 13 8 1 0 3 6 0 1 5 1 4 13 7 4 6 0 1 1 0 2
66 8 17 11 15 31 25 41 2 20 0 23 5 558 348 455 242 71 3 7 368 484 139 406 2273 23 373 550 1031 29 182 9 94 4828 251 140 1774 243 392 244 548 27 222 7 3 16 1742 30 14 5 30 134 969 1661 471 44 1321 3485 1017 1841 33 69 176 143 398 9 4734 9154 952 51 34 19 174 87 2770 49 15 11 89 3 84 7 461 872 234 1397 3026 23 22 6 38 108 55 23 119 57 8 71 2337 393 2 0 4 8 1 8 1 1 1 0 2 12 0 10 8 0 42 7 16 47 29 10 9 37 9 2 4 5 0 2 2 0 6 31 5 42 0 1 106 198 55 6 25 10 36 1 2 1 25 29 3 2 3 0 1 3 9 3 2 4 21 5 0 0 4 0 4 7 1 1 14 1 3 7 9 27 1 2 19 5 11 21 14 0 3 7 1 2 4 3 24 4 8 3 1 1 10 0 0 1
103 5 5 11 89 63 92 21 5 20 1 29 112 98 353 440 93 1583 65 60 86 152 82 214 85 8 77 298 2499 317 453 15 64 228 82 45 225 182 6467 60 855 388 2241 46 267 635 171 2898 173 115 48 57 711 1180 409 85 1426 377 433 169 3858 3263 8083 3348 7006 210 1014 952 12621 1339 223 26 205 9 2559 9416 27 0 43 3 149 18 370 268 171 64 83 180 392 79 3541 483 74 309 1544 1269 21 318 162 434 5 38 0 9 19 2 0 1 0 0 4 11 5 86 404 17 21 53 23 655 102 114 10 13 11 1 1 114 10 66 127 98 20 16 8 20 1 4 99 92 682 13 1752 34 19 431 382 19 261 5577 10 110 163 7 5 187 4 8 3 54 16 78 6 26 22 4 1347 1174 294 88 120 264 32 17 283 5486 18 115 1297 350 15 19 13 22 520 18 8 46 90 32 12 287 303 61 9 4 11 3 10 8
70 2 23 9 11 20 23 49 3 31 3 20 4 3 39 37 11 96 31 20 25 66 5 26 60 4 14 33 221 57 32 7 29 45 2 1 9 72 86 21 462 28 177 31 46 54 23 2481 172 184 221 571 126 172 372 43 59 35 6 6 99 11950 1593 122 96 50 101 51 1339 7601 1986 10 91 17 228 651 32 1 31 24 1738 291 94 70 41 20 15 561 930 182 589 1520 1031 2063 786 197 13 32 34 18 8 2 1 1 1 0 0 3 0 0 0 1 0 2 9 7 4 5 1 16 6 8 4 1 1 1 4 0 1 2 10 4 3 16 0 3 0 1 9 9 14 4 14 27 3 76 45 9 53 133 4 506 1250 27 8 269 96 67 112 457 5 3 0 4 2 0 25 25 91 27 7 15 1 2 261 249 287 791 691 56 9 14 14 4 138 21 276 166 1643 11 0 1259 442 2 24 1 3 3 1 2
56 6 10 5 9 12 19 40 1 22 2 15 1 4 14 16 2 71 26 16 6 18 7 24 16 4 9 15 42 26 15 7 15 23 0 0 8 70 42 4 374 9 78 44 34 28 12 1902 170 130 23 109 69 39 284 40 13 11 3 1 63 858 83 23 28 24 24 34 223 1986 6750 15 85 9 80 546 36 1 35 9 8103 261 37 13 2 8 2 1364 2378 145 655 641 253 257 199 81 14 9 8 14 2 0 1 0 0 0 2 0 0 0 0 1 0 2 5 2 0 4 1 8 1 4 1 2 3 0 5 0 2 0 1 1 2 4 1 6 0 0 4 1 6 9 7 19 0 39 23 1 16 46 2 292 623 10 5 118 59 47 61 318 2 1 0 0 0 0 7 10 26 6 0 5 4 0 47 56 176 678 248 19 7 10 4 4 39 11 218 72 1343 3 2 581 216 0 8 0 1 0 1 0
