33754 2946 17673 2850 1025 3151 15310 14396 308 1503 215 1801 2 2 6 5 0 9 3 3 276 52 9 15 45 3 5 3 10831 10188 283 53 73 9 1 0 4 6 14 7 2479 17 18 2 7 16 3 18 40 5 25 94 1679 959 403 504 212 12 1 0 24 10 10 9 19 5 267 6 35 134 11 104 13 29 39 45 75 2 31 5 213 2 1311 644 1006 144 19 33 74 5 32 329 127 76 78 239 285 3668 69 36 23 27 184 122 14 382 6 24 84 166 285 323 0 0 1 0 0 0 0 2 0 0 1 16 18 2 3 0 1 1 92 3 111 92 0 33 1 1 17 4 2 1 0 16 30 0 2 0 4 6 2 1 1 3 0 2 5 2 7 9 17 23 1 50 47 0 1 0 1 0 39 21 16 0 1 4 6 1 5 0 172 80 23 11 0 30 2 1 5 7 32 1 0 55 97 15 14 13 1 4
2946 10764 4706 10336 2251 2715 174 118 18 373 77 1122 0 0 3 1 1 1 1 0 224 51 3 5 30 0 7 2 394 2317 111 23 28 7 0 1 1 3 5 4 1030 9 7 0 0 7 3 3 13 0 5 20 235 105 57 233 151 8 0 0 4 4 9 4 8 0 172 8 12 15 2 19 11 6 23 12 8 3 7 2 39 0 368 228 595 144 15 6 13 1 10 70 31 10 25 74 25 125 100 24 32 24 300 210 31 593 3 19 118 178 417 422 0 2 0 1 1 0 0 0 2 0 1 9 5 1 0 0 0 0 110 4 116 104 0 16 0 0 4 7 0 1 1 8 40 1 1 0 2 1 2 0 0 2 0 1 1 4 0 4 21 33 2 71 39 0 0 0 0 1 34 26 19 1 0 1 2 1 3 0 204 39 11 6 0 35 0 0 1 2 47 0 3 82 115 13 14 0 0 3
17673 4706 8640 6788 203 6123 1237 3614 335 7414 336 27077 0 2 6 3 4 8 2 2 366 77 5 33 73 1 9 18 711 697 111 57 56 5 1 0 2 8 11 7 2090 21 26 2 4 17 8 16 30 3 13 76 808 419 271 451 188 12 1 0 20 13 10 10 15 3 315 18 29 88 11 96 17 20 34 37 44 1 9 6 118 4 899 520 1034 178 37 19 46 9 24 218 101 58 68 121 328 603 160 42 116 98 946 601 103 2007 16 78 495 654 1515 1405 0 0 2 0 2 0 3 0 6 6 1 36 22 4 1 0 0 1 281 9 338 344 0 51 0 0 14 11 3 5 1 29 116 1 1 0 2 11 4 2 0 11 1 2 7 13 4 5 49 57 7 195 92 0 1 1 2 1 68 57 53 2 0 6 13 1 11 1 654 97 40 8 0 108 2 2 8 12 123 2 8 148 479 73 32 13 4 4
2850 10336 6788 15187 7260 10399 56 29 27 363 101 2235 1 1 3 1 1 0 0 1 375 84 3 7 62 0 10 1 263 3443 560 20 26 7 0 0 1 3 2 7 995 5 7 0 1 2 2 6 4 0 4 15 154 81 43 199 195 8 0 0 4 5 7 2 6 2 258 8 9 14 0 27 6 6 31 6 9 1 6 1 16 0 326 271 750 183 53 1 12 0 5 36 18 8 11 100 56 76 199 51 77 92 606 382 90 1308 5 35 322 351 917 963 0 0 2 0 1 1 2 0 1 1 0 17 22 5 3 0 0 0 244 7 268 249 0 34 0 0 8 3 2 2 0 31 91 1 2 0 2 2 2 2 0 12 1 1 10 11 2 1 32 59 3 142 72 0 0 0 1 1 52 38 48 2 0 2 19 1 4 1 510 69 19 11 0 62 3 2 3 7 84 2 8 139 269 38 20 10 0 5
1025 2251 203 7260 13526 8321 193 74 14 130 146 1061 2 1 5 4 0 10 11 3 130 51 2 2 40 1 4 6 1355 10699 13879 64 102 20 2 0 4 25 8 5 493 1 2 3 0 7 6 1 13 0 2 2 197 144 45 101 1232 15 5 0 19 3 3 2 2 0 163 13 26 11 1 32 41 4 77 12 12 1 9 2 18 0 179 151 277 73 19 1 7 1 10 31 20 5 10 1713 14 257 64 85 7 5 41 40 0 87 1 3 17 24 76 97 0 0 1 0 0 0 0 0 0 0 0 6 5 3 1 1 0 0 34 0 38 25 0 12 0 0 6 4 1 1 1 8 13 0 0 0 1 4 1 0 0 4 0 0 2 1 1 0 6 8 0 22 15 0 0 0 0 0 17 8 9 0 0 0 0 1 3 0 85 32 8 4 0 17 1 0 3 1 18 2 1 23 22 7 5 4 0 1
3151 2715 6123 10399 8321 10150 441 157 74 587 494 14346 1 3 7 3 5 32 35 4 708 293 16 21 144 1 12 13 1351 5817 5267 1095 890 46 4 0 10 65 11 14 1252 6 8 4 1 34 24 9 13 2 3 30 424 241 84 279 621 18 20 4 28 6 11 12 18 0 631 33 37 45 0 126 107 25 57 16 40 4 31 2 42 1 485 453 1051 339 131 4 10 4 27 65 37 13 20 1403 193 362 457 136 93 128 773 517 105 1665 17 46 369 397 1251 1326 0 1 1 1 0 1 0 1 3 3 3 31 27 12 4 0 0 0 364 5 375 450 1 69 4 0 21 14 2 6 1 36 127 2 2 1 7 9 2 3 1 24 1 2 7 13 5 10 58 104 5 190 131 1 1 1 0 1 109 72 64 1 0 5 21 0 7 0 915 154 53 17 0 159 7 3 5 10 130 4 13 182 385 55 37 26 1 17
15310 174 1237 56 193 441 11445 17325 2719 4822 184 484 1 0 1 0 1 2 2 0 21 7 1 2 4 0 0 0 3559 2014 146 19 35 1 0 0 0 3 0 3 137 4 5 0 8 8 0 6 14 6 7 20 895 668 147 70 20 1 0 0 5 1 0 4 1 9 42 6 6 24 1 129 6 20 8 7 112 4 9 4 46 11 259 137 95 12 6 16 17 7 12 76 37 15 16 134 701 6043 6 7 2 0 13 11 3 44 0 10 11 33 38 41 0 0 0 0 0 0 0 0 0 0 0 13 1 1 1 0 0 0 9 0 10 15 1 7 0 0 6 2 0 1 0 2 5 0 1 0 0 5 1 0 0 0 0 1 3 0 0 2 3 7 1 8 10 0 0 0 0 0 9 6 5 0 0 1 2 0 0 0 39 27 10 1 1 15 0 0 4 3 4 0 2 5 19 6 2 1 0 1
14396 118 3614 29 74 157 17325 22928 6391 11247 121 251 1 0 2 4 0 3 1 0 49 23 3 6 11 0 1 7 516 1285 49 13 29 4 1 0 0 2 4 2 669 9 11 1 11 5 1 14 23 3 14 61 1116 582 285 190 26 8 0 0 8 6 9 1 6 7 90 4 11 67 11 103 8 16 8 24 85 3 9 1 133 1 648 314 275 34 7 16 23 1 20 204 82 42 37 47 452 1758 20 10 9 4 35 19 2 58 4 24 48 89 92 77 0 0 0 0 0 0 0 0 0 0 0 3 3 1 0 0 0 0 7 0 11 7 0 6 0 0 7 1 0 0 1 0 7 0 0 0 0 2 0 0 0 0 0 1 4 1 0 5 1 0 0 3 4 0 0 0 0 0 4 1 3 0 0 3 0 1 1 0 38 19 12 3 0 15 1 1 3 1 10 0 1 8 43 5 1 0 0 0
308 18 335 27 14 74 2719 6391 2050 5467 403 487 9 0 1 0 0 1 2 0 8 23 1 3 23 1 2 2 62 134 9 25 111 3 0 0 1 2 1 2 24 1 1 5 99 7 1 1 0 95 11 62 269 90 38 11 25 4 2 0 1 2 3 0 4 45 43 5 5 3 2 736 16 181 3 6 1255 60 62 26 13 105 29 31 20 11 14 95 52 33 10 11 7 1 5 23 4843 1958 18 7 2 1 9 2 1 18 0 1 4 5 11 10 0 0 0 1 0 1 0 1 3 0 0 8 3 0 0 0 0 0 2 0 3 7 0 9 0 0 8 3 0 1 1 1 5 1 0 0 4 11 3 2 1 1 0 2 14 1 1 13 3 1 0 1 2 0 1 1 1 0 6 2 1 0 1 8 4 4 11 0 15 23 14 2 1 11 0 2 11 0 6 6 3 3 1 2 3 3 0 3
1503 373 7414 363 130 587 4822 11247 5467 22528 11227 21608 2 0 2 2 0 2 1 2 44 17 4 5 16 0 6 6 384 712 254 19 57 4 0 0 0 5 2 1 416 12 9 0 15 20 2 12 20 8 12 75 978 445 232 145 35 12 1 0 9 7 3 2 5 14 115 5 21 68 4 212 13 38 12 19 181 7 27 6 96 10 469 217 225 24 6 18 18 11 16 161 70 24 37 58 1480 2658 25 8 98 61 560 300 54 1187 34 141 421 794 1201 994 0 0 0 1 0 0 0 1 1 1 2 10 8 1 0 0 0 0 117 1 114 192 1 23 0 0 2 8 0 0 0 9 60 0 2 1 1 7 0 1 0 7 0 5 11 4 3 3 24 18 5 50 35 0 0 0 0 5 39 19 14 1 1 0 10 1 11 0 551 62 35 4 1 112 6 3 7 4 44 1 3 67 666 53 21 5 1 6
215 77 336 101 146 494 184 121 403 11227 5726 4455 1 1 0 0 2 2 3 0 90 38 1 1 22 0 1 1 223 348 280 31 35 2 1 1 1 3 2 1 109 1 6 1 1 4 3 2 1 0 1 6 147 71 24 40 131 5 0 1 3 1 1 2 3 0 102 8 9 10 1 297 15 6 11 4 80 1 5 0 8 1 76 62 91 38 26 1 2 0 1 15 5 5 3 68 1894 412 49 18 53 76 510 276 64 1071 16 46 253 411 1022 1055 0 0 0 0 1 1 1 0 3 2 0 42 29 1 5 0 0 0 170 3 260 431 0 60 0 0 10 3 0 3 0 20 82 1 1 0 2 3 5 1 0 11 0 7 6 12 3 6 43 39 8 100 78 0 0 1 0 3 66 51 54 1 1 1 20 2 9 0 1035 172 58 13 2 238 6 3 12 8 90 1 9 126 451 40 32 10 1 9
1801 1122 27077 2235 1061 14346 484 251 487 21608 4455 25776 15 3 7 3 5 32 44 3 607 324 16 14 166 3 8 11 1115 2454 1478 1119 2228 48 2 0 14 45 6 13 1021 7 24 2 6 35 36 4 13 2 6 20 535 303 106 238 685 36 9 2 34 4 6 12 20 2 601 35 31 25 2 673 234 66 52 11 341 6 103 5 60 1 440 438 727 236 119 9 18 6 31 85 35 15 22 1370 1606 677 382 117 173 244 1326 940 176 3109 20 122 717 962 2525 2632 0 3 3 2 1 3 7 0 7 12 4 103 86 24 9 0 1 3 576 19 752 1041 1 190 3 2 38 34 3 10 2 68 299 3 9 1 13 15 10 7 2 32 3 16 15 24 5 10 142 178 7 325 290 1 4 3 3 9 224 161 175 3 0 7 48 6 21 0 2409 461 151 36 3 480 13 2 24 40 312 6 31 372 950 104 112 43 5 25
2 0 0 1 2 1 1 1 9 2 1 15 8592 1 1 29 153 1993 5042 290 3 9 7 13 1 1 31 39 5 2 1 12 25 6 4 0 25 2204 41 4 51 11 86 9540 3628 4687 11 2 5 543 11 74 1 3 0 0 2 3 2 0 17 6 19 78 65 3729 5 1 61 8 0 154 1403 1600 6 21 332 511 820 88 49 344 1 1 2 1 1 296 172 329 156 14 0 4 20 24 30 5 1 2 0 1 0 0 0 1 0 0 0 0 1 2 13 133 823 51 0 72 21 519 27 671 70 3 2 3 10 14 0 62 20 12 3 1 1 10 13 5 13 21 320 12 190 4 7 13 212 74 45 2625 4 10 10 1 0 2 9 2 6 22 2 3 0 4 7 1 175 132 8 1156 19 24 7 2 22 356 1 14 191 12 4 13 184 11 24 2 3 18 38 7 3 37 21 0 2 0 3 14 3 1
2 0 2 1 1 3 0 0 0 0 1 3 1 9546 8660 181 631 125 28 87 7 5 30 420 10 14 2399 1318 106 5 91 0 8 88 3829 5070 1590 22 37 836 134 6 90 0 0 7 196 3 9 0 0 1 18 24 6 4 356 219 563 48 21 4 5 46 42 0 134 490 26 0 0 4 4 39 326 4 1 1 4 0 3 0 13 35 16 41 20 0 0 0 4 11 1 2 13 8 0 7 34 107 0 0 0 0 0 1 0 0 1 0 0 2 30 46 8 107 3 61 67 9 25 102 162 3 2 3 7 5 0 33 2 0 0 0 1 3 43 8 9 37 5 31 3 1 11 5 0 0 30 22 2 0 0 0 0 0 0 0 0 0 1 1 1 0 2 2 1 13 4 1 1 1 4 0 0 4 1 0 1 0 1 16 45 2 3 7 0 0 0 2 1 0 3 0 1 0 2 2 0 2
6 3 6 3 5 7 1 2 1 2 0 7 1 8660 24191 8321 1096 4270 326 223 55 45 408 641 64 115 2826 4480 202 8 185 12 32 157 2592 895 1516 61 572 1607 1660 157 550 4 6 65 314 35 134 0 6 0 47 51 9 14 746 812 676 130 425 82 172 177 100 2 240 817 269 37 1 11 23 132 1397 81 3 3 7 1 13 0 31 57 51 69 33 3 32 7 56 370 19 46 348 12 0 9 56 245 0 0 1 1 0 2 0 1 1 0 0 8 172 180 32 449 29 141 238 42 120 312 441 43 18 19 49 23 5 164 6 1 4 3 2 8 208 34 63 197 36 172 18 3 36 21 4 0 131 132 30 6 3 0 0 0 0 1 0 0 5 2 0 0 3 28 6 24 8 6 11 6 9 4 10 60 2 1 17 2 12 110 105 12 9 27 0 0 2 3 6 6 17 2 10 0 6 7 2 15
5 1 3 1 4 3 0 4 0 2 0 3 29 181 8321 11365 187 5708 5263 364 13 25 97 292 39 41 1674 3720 197 10 117 7 28 70 276 32 230 276 2153 274 689 119 273 9 3 56 142 27 74 2 7 2 34 48 8 7 589 356 164 45 254 73 138 97 82 4 213 287 180 16 4 4 35 32 711 58 3 4 12 0 12 0 34 40 40 49 25 5 15 2 53 251 13 32 237 18 1 5 25 154 0 0 0 0 1 0 0 0 1 0 0 1 97 218 104 162 13 56 50 190 42 521 52 16 9 12 8 15 4 161 1 4 3 2 3 4 95 8 19 62 116 64 29 2 8 9 7 7 61 205 7 2 2 0 0 4 0 3 0 1 4 4 1 0 2 3 6 22 6 20 8 4 6 4 4 24 0 0 18 5 3 28 57 4 8 18 0 0 7 2 4 11 14 3 0 0 9 6 2 2
0 1 4 1 0 5 1 0 0 0 2 5 153 631 1096 187 918 234 549 2177 22 30 140 84 28 62 208 88 22 2 27 11 66 128 519 153 498 927 17 678 310 17 110 211 13 94 169 2 21 0 1 1 8 6 1 3 55 323 72 71 53 13 16 36 12 8 21 103 23 4 1 6 40 225 376 9 1 40 18 0 3 0 5 2 5 6 7 5 7 4 41 37 1 5 46 10 1 0 6 30 1 0 2 1 0 0 0 4 0 0 2 3 101 95 8 246 30 48 234 12 184 105 233 97 72 35 66 19 3 105 6 4 7 16 4 20 125 48 127 321 43 235 25 5 51 19 2 1 199 73 84 3 6 4 0 2 2 2 0 1 5 3 2 1 7 41 12 53 10 2 13 15 2 8 3 110 3 1 14 3 13 212 70 24 9 91 0 1 1 12 22 8 13 7 18 2 19 17 4 46
9 1 8 0 10 32 2 3 1 2 2 32 1993 125 4270 5708 234 26187 5485 790 27 65 206 1209 90 65 4394 1741 124 22 78 63 192 319 305 36 408 1977 7993 342 1618 205 1122 612 15 7054 277 53 123 9 10 2 26 28 11 16 276 590 102 89 4071 132 329 1862 735 135 124 195 1532 50 11 67 808 293 860 415 6 51 156 1 26 3 19 55 35 54 28 14 58 19 149 422 26 67 449 159 1 7 31 90 0 3 1 1 1 2 0 3 0 1 1 7 53 1470 2582 190 27 344 97 1307 136 2954 210 76 49 23 22 88 6 1514 66 56 9 10 10 44 82 17 98 210 2403 66 1457 18 64 40 145 482 198 2827 31 13 9 3 0 4 2 5 1 4 14 20 1 13 34 22 33 534 40 535 42 62 32 38 26 283 6 4 96 19 13 137 332 33 18 34 0 4 10 18 35 35 28 8 8 3 28 22 9 33
3 1 2 0 11 35 2 1 2 1 3 44 5042 28 326 5263 549 5485 29166 13475 14 38 69 272 31 42 1276 467 18 7 8 72 157 121 141 5 356 4139 46 275 296 43 307 6006 248 2966 138 31 42 51 6 9 7 11 2 4 25 109 15 26 166 68 123 263 149 200 43 13 94 19 7 84 1248 4375 111 77 20 1228 250 16 27 35 5 22 14 19 8 51 116 110 443 158 10 27 198 134 5 1 10 9 0 3 1 0 0 0 0 3 1 2 3 8 344 1410 2145 924 65 690 381 1512 355 5685 737 84 65 42 68 96 12 1511 16 18 10 18 5 22 412 48 140 398 1053 331 359 27 88 80 26 183 381 2273 89 18 12 6 2 3 0 6 1 8 8 8 0 1 22 42 42 195 38 747 25 32 17 14 17 239 4 18 137 26 19 180 1453 34 18 78 3 8 12 11 26 25 84 7 5 0 28 30 10 33
3 0 2 1 3 4 0 0 0 2 0 3 290 87 223 364 2177 790 13475 8992 12 32 115 165 35 103 457 80 16 4 11 7 20 51 274 14 35 1380 16 583 398 31 226 452 18 238 62 7 51 6 2 0 3 1 1 4 25 135 24 27 97 28 68 79 33 15 12 41 37 8 0 6 39 314 155 29 5 73 10 1 3 2 3 8 7 10 5 7 12 10 82 135 11 19 134 7 1 0 6 16 0 1 1 1 0 2 0 2 0 0 1 0 320 399 68 707 42 85 354 48 272 396 386 59 55 37 102 54 12 359 7 1 5 9 2 17 394 70 125 334 52 407 41 1 41 53 5 1 247 137 81 13 3 1 0 0 0 0 0 1 4 1 0 0 17 66 14 51 17 10 9 12 9 11 8 135 3 3 21 5 15 186 98 20 13 58 0 2 3 3 15 9 40 5 9 1 12 10 3 28
276 224 366 375 130 708 21 49 8 44 90 607 3 7 55 13 22 27 14 12 7868 9463 2905 100 999 96 66 32 99 132 264 376 544 350 14 0 23 89 32 150 2274 19 124 9 3 33 77 5 16 3 1 6 83 19 48 2110 150 430 17 12 34 12 76 81 86 6 72 87 97 6 3 244 256 220 927 15 145 26 195 1 7 2 1059 112 2849 1059 140 3 5 1 13 34 7 7 74 1019 65 18 2643 216 1 4 8 1 2 22 0 7 3 2 15 46 1 11 0 22 9 7 57 11 43 17 36 97 59 24 22 2 2 8 26 5 29 62 5 65 7 8 135 168 11 33 6 15 60 4 2 0 62 34 31 0 0 15 0 1 5 6 0 3 28 39 1 7 54 7 3 7 3 0 76 42 42 12 0 29 10 1 2 0 119 234 162 60 4 129 1 0 1 27 79 6 8 20 15 2 30 31 12 31
52 51 77 84 51 293 7 23 23 17 38 324 9 5 45 25 30 65 38 32 9463 22704 5710 944 4969 1978 753 103 129 89 155 398 847 630 101 1 52 273 65 2499 1214 145 1227 18 10 150 347 16 121 8 5 7 130 29 23 512 207 652 31 27 165 136 592 823 385 13 173 102 235 35 2 388 733 760 1254 47 176 67 482 4 18 5 512 255 4583 1189 310 15 20 7 71 154 13 54 504 771 70 22 4429 207 4 1 8 11 4 14 0 0 1 2 15 29 14 32 10 58 33 29 132 18 85 31 137 226 156 64 64 6 0 26 17 11 34 77 9 97 18 22 292 371 37 85 15 30 164 9 4 0 169 68 76 7 4 17 2 1 11 11 0 6 54 50 1 7 42 20 18 20 10 3 110 58 40 16 6 95 21 3 22 2 137 457 375 87 15 168 1 0 7 32 101 15 17 24 32 1 74 65 16 89
9 3 5 3 2 16 1 3 1 4 1 16 7 30 408 97 140 206 69 115 2905 5710 9156 7910 317 6337 565 42 18 14 19 40 178 173 49 4 180 242 53 2628 7270 1253 1389 12 2 74 145 15 216 0 3 3 15 7 5 33 31 76 18 12 123 67 197 245 67 3 20 12 55 17 0 78 258 195 145 56 23 27 110 1 9 0 16 31 67 33 15 4 20 4 61 380 14 36 438 50 6 7 160 15 0 0 5 1 0 1 0 2 0 0 3 1 11 13 1 34 11 15 56 7 21 17 51 43 34 10 22 1 0 7 1 1 8 9 2 14 13 6 67 105 10 31 9 4 32 6 1 0 47 30 21 3 3 1 0 1 1 0 0 0 6 8 0 0 5 10 2 9 1 4 11 10 4 5 5 35 1 2 16 2 21 93 64 17 5 46 0 1 3 7 18 6 9 6 3 0 11 11 4 18
15 5 33 7 2 21 2 6 3 5 1 14 13 420 641 292 84 1209 272 165 100 944 7910 6415 622 5063 7260 659 28 10 16 9 22 25 1092 36 93 101 134 7618 4924 5011 3987 6 13 1399 1698 13 631 4 10 0 43 31 13 47 48 33 47 7 1568 55 144 577 382 8 237 38 208 25 1 7 48 116 50 141 3 1 27 0 16 1 65 111 178 169 73 6 31 5 247 877 31 59 536 22 1 2 136 18 0 0 0 0 0 0 0 0 0 0 0 0 12 23 25 42 2 29 26 45 21 89 64 10 7 9 4 3 0 18 1 1 0 2 0 7 14 3 14 34 45 16 23 1 9 1 10 2 18 128 4 1 0 1 0 2 0 0 0 0 0 1 0 1 2 3 10 16 4 12 3 4 2 1 5 19 1 2 26 2 2 17 40 4 3 6 0 0 8 3 1 4 3 0 0 0 2 2 0 3
45 30 73 62 40 144 4 11 23 16 22 166 1 10 64 39 28 90 31 35 999 4969 317 622 10913 327 854 334 44 29 66 138 480 322 59 4 35 168 107 7208 498 28 694 15 6 156 3099 12 32 5 0 8 266 78 38 262 136 239 19 36 144 89 475 792 638 6 954 257 327 18 2 316 537 513 577 32 136 78 398 1 15 5 481 777 2986 2887 2964 5 16 6 37 38 8 15 257 379 65 21 3566 546 2 3 5 2 6 14 0 1 1 1 4 23 7 14 6 42 14 18 61 13 36 38 50 176 107 37 22 7 1 12 18 10 22 32 7 84 6 6 234 225 18 53 21 28 147 9 3 0 95 56 31 1 1 12 1 0 4 15 1 3 41 38 1 4 48 9 9 10 0 3 128 55 27 21 2 39 19 4 16 2 73 401 306 85 8 89 0 0 2 29 89 3 21 14 11 0 61 55 7 52
3 0 1 0 1 1 0 0 1 0 0 3 1 14 115 41 62 65 42 103 96 1978 6337 5063 327 4774 1488 11 4 2 1 7 7 10 53 1 27 71 4 2627 1703 171 778 10 1 29 50 2 67 0 1 0 12 4 1 8 7 5 2 1 38 14 82 149 30 2 34 6 22 11 0 8 34 154 5 11 1 0 12 0 2 0 15 33 32 40 16 3 3 1 28 95 6 17 193 1 0 0 38 3 0 0 0 1 0 0 0 0 0 0 0 1 6 5 3 25 1 12 24 3 9 19 62 12 8 1 5 5 1 4 0 0 0 1 0 3 5 4 10 26 5 15 3 0 3 1 2 0 23 15 4 0 1 0 0 0 0 0 0 0 0 1 0 0 2 1 1 1 2 1 3 1 0 1 2 5 0 0 6 0 3 16 24 1 3 5 0 0 0 0 0 1 0 0 1 0 1 0 1 3
5 7 9 10 4 12 0 1 2 6 1 8 31 2399 2826 1674 208 4394 1276 457 66 753 565 7260 854 1488 22827 10526 49 3 13 10 17 40 5365 303 331 84 312 6459 765 212 692 7 3 420 1642 7 46 2 6 1 106 84 10 18 188 49 217 16 497 41 233 1459 1254 5 734 112 234 13 1 18 43 267 83 32 7 1 13 0 4 0 73 330 264 415 195 4 13 6 159 116 3 14 171 20 3 4 228 60 0 0 0 1 0 2 0 1 0 0 1 1 40 125 103 234 8 166 75 236 48 773 198 15 10 13 8 13 0 76 4 3 0 1 0 6 88 11 22 81 76 36 25 3 26 10 0 1 46 378 6 3 1 0 0 1 0 0 0 0 1 4 0 1 5 7 4 20 4 24 6 10 2 2 5 28 0 0 15 2 3 27 161 4 5 6 0 1 1 1 3 4 5 2 0 0 2 5 2 6
3 2 18 1 6 13 0 7 2 6 1 11 39 1318 4480 3720 88 1741 467 80 32 103 42 659 334 11 10526 11117 381 18 207 6 15 44 767 184 210 31 4157 363 230 34 136 4 1 367 798 13 8 1 2 5 191 190 19 32 1463 174 653 25 293 46 49 620 1107 4 1435 597 588 12 2 17 33 108 430 38 5 0 16 0 15 1 86 336 231 577 287 2 15 14 71 33 10 10 30 20 1 11 358 349 0 1 1 0 0 0 0 1 0 0 2 3 65 374 623 186 6 249 83 1415 39 1654 159 10 12 5 8 22 0 224 22 9 7 5 3 8 72 8 20 52 780 49 265 5 17 15 10 36 69 1714 10 3 3 1 0 1 0 2 0 1 3 5 0 7 16 3 14 91 8 102 5 17 9 5 4 75 0 0 33 12 7 27 105 8 3 6 0 0 3 2 9 12 10 2 2 0 0 1 1 5
10831 394 711 263 1355 1351 3559 516 62 384 223 1115 5 106 202 197 22 124 18 16 99 129 18 28 44 4 49 381 32046 13279 2739 280 504 93 23 30 83 45 482 41 307 13 61 1 11 53 18 43 16 3 3 73 3212 6153 460 143 6961 173 17 9 276 128 181 62 308 7 3798 221 1021 75 13 414 85 86 923 81 330 0 118 3 101 0 722 861 243 66 133 9 26 3 36 153 98 33 77 2353 129 1717 64 821 23 33 132 78 22 227 2 3 38 28 158 303 1 7 7 3 1 1 3 9 0 8 4 98 52 15 7 0 0 4 119 6 206 326 1 188 0 0 83 22 10 7 9 40 168 4 10 2 12 50 4 5 0 29 1 2 14 32 5 9 64 98 1 75 194 1 1 10 3 6 156 102 126 6 2 16 30 1 12 4 478 313 67 45 3 148 0 0 11 25 161 3 17 106 38 8 62 34 5 23
10188 2317 697 3443 10699 5817 2014 1285 134 712 348 2454 2 5 8 10 2 22 7 4 132 89 14 10 29 2 3 18 13279 19815 6119 114 124 16 1 2 12 15 21 3 872 12 16 0 4 27 9 8 20 1 13 49 780 610 183 226 2927 46 2 5 45 11 12 4 16 1 285 13 73 59 10 102 39 15 174 31 36 3 18 1 90 2 527 315 450 66 27 14 31 1 17 160 81 28 54 2448 140 1386 44 132 12 20 117 68 18 257 2 3 43 59 149 220 2 1 0 1 1 0 0 0 1 2 0 17 18 3 4 0 0 0 52 2 101 123 0 46 1 0 20 7 1 2 2 8 43 0 2 0 2 5 1 2 1 2 0 3 2 6 2 7 20 31 0 40 57 0 1 2 1 1 35 24 38 4 0 1 3 4 7 0 208 96 22 6 3 32 0 1 2 13 56 2 6 56 30 12 26 9 1 8
283 111 111 560 13879 5267 146 49 9 254 280 1478 1 91 185 117 27 78 8 11 264 155 19 16 66 1 13 207 2739 6119 20063 164 154 64 8 29 81 67 284 10 753 9 19 0 5 39 31 18 16 3 3 23 401 333 97 156 8680 231 12 22 167 40 58 13 141 1 640 581 601 44 7 80 34 24 2392 58 17 1 16 0 52 1 362 325 540 244 394 8 17 5 22 78 48 15 24 13058 35 320 749 9565 10 17 122 79 16 235 0 5 48 32 147 212 0 1 6 1 0 0 1 10 1 6 3 31 19 4 0 0 0 1 70 4 83 104 0 36 2 0 27 6 4 0 6 16 49 0 2 1 2 29 0 2 0 6 0 1 2 6 2 5 22 29 1 43 54 0 4 4 0 0 41 25 33 0 2 6 6 1 7 0 173 67 15 7 1 42 0 1 3 8 51 1 5 60 23 13 10 9 2 6
53 23 57 20 64 1095 19 13 25 19 31 1119 12 0 12 7 11 63 72 7 376 398 40 9 138 7 10 6 280 114 164 2239 4785 588 7 1 32 130 12 26 361 9 15 8 2 44 78 2 2 1 2 7 165 83 43 64 303 1362 39 18 95 3 5 7 5 2 269 40 70 8 1 370 396 41 521 41 100 4 82 2 11 1 138 197 263 127 89 4 11 3 50 22 10 6 8 7627 109 45 184 64 12 28 76 63 23 188 0 3 31 24 140 218 3 0 4 3 0 1 2 3 7 5 5 59 42 9 6 0 0 2 75 6 163 262 0 115 3 0 44 17 5 6 4 32 120 1 2 1 7 13 6 1 0 20 1 1 8 16 3 6 43 56 1 51 132 3 2 2 0 1 94 73 74 4 2 4 27 1 4 1 423 188 65 23 1 128 2 0 7 21 111 3 13 121 35 14 45 16 6 17
73 28 56 26 102 890 35 29 111 57 35 2228 25 8 32 28 66 192 157 20 544 847 178 22 480 7 17 15 504 124 154 4785 17047 5427 26 10 289 2546 55 64 583 13 34 25 8 130 520 8 6 2 4 21 311 202 82 90 372 1957 253 523 309 6 9 27 24 4 426 370 200 18 2 2621 2922 132 1128 137 454 9 663 3 22 3 211 272 324 149 264 10 21 8 115 53 18 13 22 5368 619 113 224 62 32 16 115 114 34 262 3 10 41 23 176 373 3 7 6 7 3 4 18 7 14 19 10 191 134 33 16 1 2 5 174 21 272 550 3 319 5 2 133 75 8 23 9 73 267 3 3 1 37 50 14 9 4 35 1 4 15 28 1 13 114 132 3 80 326 3 3 5 3 4 276 208 204 15 0 9 59 6 14 3 838 649 191 113 2 302 3 0 8 52 323 10 29 197 67 10 99 60 13 53
9 7 5 7 20 46 1 4 3 4 2 48 6 88 157 70 128 319 121 51 350 630 173 25 322 10 40 44 93 16 64 588 5427 3726 638 462 2025 3652 130 146 366 5 28 8 1 111 496 4 3 0 1 6 76 58 18 33 110 5751 1305 3620 577 18 13 26 29 4 140 949 514 3 3 56 983 78 2572 197 43 7 50 0 11 1 73 109 148 50 197 6 10 2 90 13 3 0 17 1611 1 2 106 97 3 3 13 6 5 32 2 5 5 1 23 48 3 5 13 7 5 7 10 19 19 15 7 96 69 17 12 1 0 7 31 6 51 92 4 117 4 4 163 120 10 19 9 27 128 4 3 1 38 56 17 2 1 12 1 0 8 17 1 9 39 43 1 12 95 3 7 6 1 4 148 68 76 14 5 15 30 1 9 2 103 294 66 57 4 77 0 0 4 39 144 2 24 49 8 3 52 35 5 52
1 0 1 0 2 4 0 1 0 0 1 2 4 3829 2592 276 519 305 141 274 14 101 49 1092 59 53 5365 767 23 1 8 7 26 638 3630 5351 2424 277 129 2934 75 11 211 9 2 34 575 2 9 3 0 1 17 11 1 4 84 83 838 834 58 8 27 175 158 3 102 179 109 3 0 9 84 152 67 5 2 9 25 1 0 2 10 32 44 55 34 0 1 0 14 12 1 0 37 10 0 0 30 15 1 0 0 0 0 2 0 0 0 0 0 2 34 60 8 132 16 66 101 28 54 195 162 68 41 13 15 9 0 38 3 1 0 6 2 7 46 19 51 148 20 61 7 3 53 6 0 1 78 79 27 1 2 1 0 0 3 2 0 0 7 1 0 1 5 15 3 11 6 0 8 10 1 8 2 31 4 0 4 1 4 79 84 6 4 13 0 0 1 7 14 1 8 4 4 0 12 9 4 15
0 1 0 0 0 0 0 0 0 0 1 0 0 5070 895 32 153 36 5 14 0 1 4 36 4 1 303 184 30 2 29 1 10 462 5351 3090 1010 39 22 1210 22 1 15 0 0 1 206 0 0 0 0 0 6 2 0 1 87 213 1837 1965 6 2 1 8 7 0 22 284 17 0 0 2 2 6 189 1 0 2 1 0 1 0 2 3 6 5 8 0 1 0 0 2 0 0 0 3 0 0 8 23 0 0 0 0 0 0 0 1 0 0 0 0 2 3 0 8 2 7 4 2 5 8 6 5 5 2 0 0 0 2 1 1 1 0 0 1 3 0 20 18 0 5 0 1 9 0 0 0 2 4 5 0 0 0 0 0 1 0 0 0 2 0 0 0 0 2 1 1 0 0 1 3 0 4 0 0 1 0 0 0 3 11 7 5 0 7 0 0 0 1 1 1 0 1 0 0 1 0 0 3
4 1 2 1 4 10 0 0 1 0 1 14 25 1590 1516 230 498 408 356 35 23 52 180 93 35 27 331 210 83 12 81 32 289 2025 2424 1010 4161 1393 46 1139 378 7 51 7 4 41 524 2 7 1 0 0 22 18 4 3 266 2440 1512 1617 64 5 24 42 23 4 76 960 67 0 0 14 130 135 2033 10 10 21 25 0 3 1 9 31 27 27 20 2 0 2 11 20 1 0 20 41 6 4 24 139 6 1 6 6 3 6 2 5 1 1 3 14 24 20 7 77 18 28 135 15 111 28 76 152 128 28 37 8 2 29 20 14 10 31 7 59 30 18 232 333 38 111 20 21 124 10 0 1 128 42 89 3 2 10 0 0 6 13 2 3 26 24 1 3 31 20 14 20 7 2 74 41 43 29 3 73 15 2 8 1 43 314 75 89 9 130 0 0 3 30 83 2 18 9 19 1 50 36 18 75
6 3 8 3 25 65 3 2 2 5 3 45 2204 22 61 276 927 1977 4139 1380 89 273 242 101 168 71 84 31 45 15 67 130 2546 3652 277 39 1393 5783 22 715 372 14 118 986 117 1593 668 3 7 32 2 8 32 19 2 9 96 1468 384 1204 403 11 29 46 31 84 40 288 90 5 2 95 6216 1282 1105 61 42 318 284 9 22 23 20 34 31 33 57 44 91 83 566 33 7 2 49 357 9 3 33 48 11 4 9 6 7 15 1 12 3 1 14 39 172 172 81 367 87 122 422 71 327 259 487 389 285 102 154 35 17 144 39 30 38 79 9 195 205 75 566 812 101 358 63 47 302 31 30 4 435 298 153 14 10 25 1 4 18 32 2 17 83 70 1 15 95 73 39 81 23 49 210 130 81 40 17 206 52 8 59 14 106 883 419 201 29 294 4 7 14 64 221 18 50 32 39 10 120 101 27 185
14 5 11 2 8 11 0 4 1 2 2 6 41 37 572 2153 17 7993 46 16 32 65 53 134 107 4 312 4157 482 21 284 12 55 130 129 22 46 22 13736 93 377 48 287 10 3 1305 206 26 10 2 1 7 162 176 20 36 1531 581 261 62 15849 70 258 1276 2746 19 983 457 8549 25 5 12 13 16 1404 910 2 2 8 0 18 0 91 199 159 274 124 2 19 10 102 63 8 17 120 26 3 9 193 397 1 2 1 1 1 1 0 0 0 0 0 2 2 254 487 16 3 60 15 715 11 564 31 6 7 5 2 25 4 208 53 22 9 6 2 11 4 3 15 28 793 7 602 5 8 13 45 59 44 2005 5 1 5 0 0 0 0 0 0 0 4 13 0 11 24 3 78 233 10 125 9 26 10 14 2 219 0 1 47 7 4 21 29 4 8 5 0 1 3 4 7 9 8 9 0 0 5 2 2 4
7 4 7 7 5 14 3 2 2 1 1 13 4 836 1607 274 678 342 275 583 150 2499 2628 7618 7208 2627 6459 363 41 3 10 26 64 146 2934 1210 1139 715 93 7904 1328 236 1772 48 2 85 4657 8 106 2 3 3 83 55 6 22 87 35 201 41 159 43 205 528 211 6 356 84 106 14 1 55 258 1107 49 23 13 26 145 2 7 2 86 208 273 299 144 5 19 3 54 110 11 17 314 46 4 1 166 29 0 0 4 1 0 2 0 1 0 0 6 9 108 123 13 396 27 154 318 35 191 204 603 109 75 57 64 15 0 82 1 4 11 11 2 10 141 43 129 383 69 149 21 5 80 21 1 0 200 102 53 3 5 4 0 0 1 1 0 2 9 13 0 0 7 35 6 24 16 5 12 11 3 10 7 93 2 1 11 4 14 194 319 20 7 58 1 1 1 7 21 4 15 3 6 1 18 11 9 34
2479 1030 2090 995 493 1252 137 669 24 416 109 1021 51 134 1660 689 310 1618 296 398 2274 1214 7270 4924 498 1703 765 230 307 872 753 361 583 366 75 22 378 372 377 1328 8615 6055 1996 54 115 1200 180 454 1656 40 124 250 171 74 1302 1951 338 417 42 17 1549 167 355 212 326 64 141 130 744 421 104 381 378 287 851 1112 377 32 245 28 674 16 923 121 525 196 147 257 943 145 1298 3703 600 509 1521 1100 77 96 409 259 16 15 50 32 7 101 2 2 26 18 83 105 10 23 52 50 11 23 68 31 46 72 62 138 90 35 32 5 0 17 66 16 93 211 4 161 12 5 163 167 45 49 50 35 142 15 66 1 73 312 48 32 25 25 1 15 60 19 45 73 64 86 3 26 120 12 36 36 25 35 151 102 94 22 38 170 23 26 186 20 302 381 148 106 36 184 8 12 118 36 155 60 58 61 29 14 77 46 15 56
17 9 21 5 1 6 4 9 1 12 1 7 11 6 157 119 17 205 43 31 19 145 1253 5011 28 171 212 34 13 12 9 9 13 5 11 1 7 14 48 236 6055 5655 2466 5 25 653 46 11 1989 4 6 1 11 0 16 28 14 15 1 0 728 25 59 35 68 11 17 2 177 24 3 7 6 13 16 144 4 1 3 0 15 1 22 12 16 11 7 8 50 20 408 1935 22 44 328 8 0 0 7 4 1 0 1 0 0 0 0 0 0 1 0 1 2 3 15 3 1 3 4 5 1 11 8 0 0 1 3 3 0 2 2 4 2 1 0 1 2 2 1 3 4 1 12 0 1 1 13 0 3 92 0 1 2 1 0 2 0 0 0 3 0 1 0 0 2 0 6 12 1 8 4 5 4 2 8 32 1 2 30 5 2 7 8 1 3 3 0 1 9 2 3 4 8 1 2 0 1 1 0 1
18 7 26 7 2 8 5 11 1 9 6 24 86 90 550 273 110 1122 307 226 124 1227 1389 3987 694 778 692 136 61 16 19 15 34 28 211 15 51 118 287 1772 1996 2466 7981 84 284 4573 827 91 2268 33 19 4 90 70 29 47 156 57 27 8 5799 332 2377 5796 1222 106 343 31 1825 95 28 24 75 136 96 1469 21 3 51 2 102 7 72 167 221 268 124 62 323 202 3630 1701 71 188 6272 32 6 6 165 35 0 1 1 0 1 2 0 3 0 0 1 2 12 30 93 42 1 24 28 61 17 98 59 7 6 7 6 6 1 19 2 5 3 4 1 6 18 4 19 36 60 21 98 1 11 28 159 4 42 900 3 16 21 1 1 14 0 1 1 7 1 2 0 3 8 2 139 139 29 77 7 18 6 7 67 468 0 9 456 48 8 48 44 4 95 16 0 17 34 6 3 64 44 0 2 0 5 7 5 8
2 0 2 0 3 4 0 1 5 0 1 2 9540 0 4 9 211 612 6006 452 9 18 12 6 15 10 7 4 1 0 0 8 25 8 9 0 7 986 10 48 54 5 84 12218 3870 3029 38 4 16 981 31 221 4 2 3 2 3 16 10 1 61 25 32 16 16 1538 5 4 43 3 9 382 5875 2216 8 47 1184 1635 5491 233 142 696 0 4 4 1 2 695 523 631 1241 38 4 5 72 23 37 8 1 0 1 0 0 1 0 0 0 1 1 1 1 4 44 78 81 142 15 84 106 84 75 268 235 59 52 31 28 11 3 57 2 6 3 9 2 10 61 25 61 154 54 88 42 4 48 10 67 6 118 611 30 17 16 4 0 12 19 1 22 65 4 6 0 0 4 12 70 54 25 122 19 18 3 6 47 196 6 37 316 33 19 136 301 14 37 38 7 23 105 13 12 68 27 3 4 1 14 11 2 14
7 0 4 1 0 1 8 11 99 15 1 6 3628 0 6 3 13 15 248 18 3 10 2 13 6 1 3 1 11 4 5 2 8 1 2 0 4 117 3 2 115 25 284 3870 11402 1469 4 18 33 5358 18 91 20 4 5 4 7 7 2 0 43 58 108 13 111 3450 9 1 185 30 9 298 530 328 7 62 1888 747 1827 154 342 955 0 2 3 2 1 2063 1942 3593 1038 71 8 15 176 7 364 58 2 2 2 0 0 0 0 3 1 6 1 1 9 3 1 5 251 3 1 3 2 42 10 18 10 2 4 0 3 7 0 5 23 23 2 5 1 4 1 0 41 21 24 3 84 9 14 72 586 9 100 2684 1 83 52 1 1 64 14 3 31 142 1 6 0 5 6 0 437 216 60 594 22 73 6 5 187 1081 8 97 1835 167 9 53 17 5 200 45 27 246 385 20 2 298 92 4 4 1 2 9 7 5
16 7 17 2 7 34 8 5 7 20 4 35 4687 7 65 56 94 7054 2966 238 33 150 74 1399 156 29 420 367 53 27 39 44 130 111 34 1 41 1593 1305 85 1200 653 4573 3029 1469 8270 56 55 203 187 8 12 51 55 18 33 164 121 16 13 2879 202 619 3258 1107 4032 217 18 931 64 22 103 1557 482 160 264 83 55 579 5 109 55 41 95 93 107 64 244 381 1257 4273 638 25 61 1077 86 24 4 81 32 3 7 1 0 3 6 0 2 0 0 1 4 17 524 3580 73 8 99 44 1204 86 844 139 17 28 14 14 139 1 496 119 149 10 13 7 56 23 10 63 78 1827 30 3538 17 34 143 2153 262 256 12460 23 45 41 3 1 40 3 3 7 20 18 21 0 30 56 7 822 1790 96 3498 55 184 61 58 68 2316 6 25 739 65 11 76 164 72 103 31 9 51 92 35 37 160 136 15 2 0 24 38 48 43
3 3 8 2 6 24 0 1 1 2 3 36 11 196 314 142 169 277 138 62 77 347 145 1698 3099 50 1642 798 18 9 31 78 520 496 575 206 524 668 206 4657 180 46 827 38 4 56 3729 1 29 5 0 2 30 15 6 17 59 154 268 125 77 30 115 510 427 13 140 1109 211 3 0 254 925 541 151 15 61 80 526 2 3 4 37 88 134 180 686 4 6 5 25 33 3 11 143 133 12 5 107 27 2 2 4 1 2 2 0 1 1 1 6 14 17 33 13 86 33 45 162 30 85 45 158 166 130 42 61 5 2 22 14 13 27 20 5 77 27 23 224 325 45 94 16 20 116 9 1 0 147 49 75 2 2 13 0 0 7 12 0 2 36 24 1 2 32 27 17 27 16 3 72 44 23 14 2 61 15 3 9 2 30 325 262 63 12 88 0 0 1 39 87 3 8 12 6 1 54 36 9 67
18 3 16 6 1 9 6 14 1 12 2 4 2 3 35 27 2 53 31 7 5 16 15 13 12 2 7 13 43 8 18 2 8 4 2 0 2 3 26 8 454 11 91 4 18 55 1 12441 66 24 16 11 19 16 10 19 80 23 1 1 240 5630 1652 101 812 9 54 2 7107 672 2983 4 6 4 81 4241 6 2 2 5 1112 11 22 11 12 15 7 984 1122 36 317 564 10 191 353 8 1 3 5 20 1 2 0 0 1 0 0 4 0 0 2 1 1 3 8 5 1 4 3 14 7 10 7 3 5 3 2 2 2 4 15 13 1 2 0 4 1 0 12 6 29 9 13 5 12 60 303 7 54 490 2 326 397 8 4 217 2 5 14 50 4 3 2 2 4 0 65 74 287 46 5 22 4 8 606 446 15 88 1027 93 2 44 8 4 375 40 8 39 620 6 4 638 488 1 2 0 3 3 5 6
40 13 30 4 13 13 14 23 0 20 1 13 5 9 134 74 21 123 42 51 16 121 216 631 32 67 46 8 16 20 16 2 6 3 9 0 7 7 10 106 1656 1989 2268 16 33 203 29 66 7970 6 63 2 27 11 40 52 9 9 4 0 251 51 89 36 52 22 16 2 152 149 11 4 4 13 12 284 6 1 8 0 53 3 40 21 15 6 6 27 200 51 442 9061 290 709 4324 16 2 6 6 6 0 0 2 0 0 1 0 1 0 0 3 0 1 3 6 6 0 6 3 4 3 7 6 3 1 1 0 1 0 2 1 2 0 4 0 1 2 0 7 0 4 1 10 2 3 7 23 0 4 125 0 11 7 0 2 3 0 0 0 1 2 1 1 2 5 0 19 7 15 15 5 2 1 0 45 114 0 5 133 19 4 13 8 2 38 7 0 3 13 3 1 33 15 1 0 0 2 0 0 3
5 0 3 0 0 2 6 3 95 8 0 2 543 0 0 2 0 9 51 6 3 8 0 4 5 0 2 1 3 1 3 1 2 0 3 0 1 32 2 2 40 4 33 981 5358 187 5 24 6 7807 170 1693 15 8 10 4 4 0 1 0 25 24 20 1 10 2205 2 0 39 9 11 80 109 799 1 73 1413 696 537 1433 340 6068 5 2 2 0 0 3528 1714 3248 561 40 1 3 46 5 297 61 3 0 0 0 1 1 0 8 0 3 0 5 8 4 0 2 20 1 1 3 2 11 2 7 5 5 1 0 1 2 0 1 2 4 0 4 0 1 0 0 4 2 13 2 17 2 7 11 210 0 17 405 0 96 91 2 1 286 62 2 69 231 0 1 0 2 4 0 27 22 58 118 2 10 4 1 196 136 18 112 870 64 2 21 10 2 108 19 55 871 741 2 3 406 66 0 6 0 2 2 2 1
25 5 13 4 2 3 7 14 11 12 1 6 11 0 6 7 1 10 6 2 1 5 3 10 0 1 6 2 3 13 3 2 4 1 0 0 0 2 1 3 124 6 19 31 18 8 0 16 63 170 7238 12106 32 15 81 33 5 0 0 0 16 8 9 2 10 89 2 2 17 1949 48 7 8 91 5 44 123 47 33 1085 2767 110 35 4 6 2 2 90 59 9 44 3085 10650 330 88 6 51 5 0 0 0 0 3 0 0 1 0 3 0 2 5 2 0 1 3 0 0 1 0 0 0 0 0 2 1 0 0 0 0 0 2 0 2 1 0 1 0 0 3 2 0 1 1 1 4 2 11 0 5 9 0 5 3 1 0 47 1666 4 1122 891 2 0 0 0 3 0 1 1 1 7 2 1 0 1 4 6 35 8 25 2 0 9 15 0 1 17 29 28 206 1 3 8 1 0 4 1 0 0 0 0
94 20 76 15 2 30 20 61 62 75 6 20 74 1 0 2 1 2 9 0 6 7 3 0 8 0 1 5 73 49 23 7 21 6 1 0 0 8 7 3 250 1 4 221 91 12 2 11 2 1693 12106 15896 219 48 549 84 15 6 1 0 9 22 4 0 16 671 27 5 33 743 89 56 33 725 29 25 744 255 176 9679 8364 1475 217 36 22 12 6 518 166 35 29 1492 1672 13 9 25 251 62 8 8 0 1 4 3 0 4 0 18 4 4 7 8 0 0 0 0 0 1 0 0 1 1 1 5 3 1 1 0 0 1 5 0 4 15 0 10 0 0 12 1 0 0 1 7 14 0 85 5 39 23 1 20 14 2 0 337 2614 9 3148 3738 2 3 0 0 12 0 1 2 4 27 7 3 3 1 3 10 139 137 137 0 18 54 47 4 3 125 294 186 1335 2 0 40 11 3 28 3 3 1 0 2
1679 235 808 154 197 424 895 1116 269 978 147 535 1 18 47 34 8 26 7 3 83 130 15 43 266 12 106 191 3212 780 401 165 311 76 17 6 22 32 162 83 171 11 90 4 20 51 30 19 27 15 32 219 9129 11109 6855 128 454 108 12 7 74 42 132 107 238 15 1911 172 344 128 14 401 120 154 483 33 463 17 129 32 199 15 4353 3445 1367 496 309 32 39 9 27 312 231 52 80 469 756 7668 405 284 7 9 35 22 12 73 0 2 17 10 60 122 0 2 5 4 2 3 11 6 9 11 8 98 79 14 8 1 0 3 59 9 75 194 5 182 3 1 125 71 4 17 2 38 127 3 4 0 29 28 20 0 0 12 1 2 44 15 18 20 63 60 0 24 142 1 2 5 0 1 143 90 81 13 4 14 4 1 11 0 267 357 103 76 1 135 2 1 12 38 151 2 3 51 18 8 56 30 8 32
959 105 419 81 144 241 668 582 90 445 71 303 3 24 51 48 6 28 11 1 19 29 7 31 78 4 84 190 6153 610 333 83 202 58 11 2 18 19 176 55 74 0 70 2 4 55 15 16 11 8 15 48 11109 14251 357 37 653 79 8 7 46 39 125 76 223 3 3072 123 327 22 6 249 71 87 402 22 269 1 96 4 53 6 407 3122 122 92 157 9 13 4 15 103 52 15 50 388 157 2970 103 228 7 7 24 27 8 43 0 2 4 4 39 69 0 0 3 2 3 4 3 0 3 4 2 59 29 10 4 2 0 1 37 4 66 116 1 107 0 1 72 26 2 4 9 20 86 0 1 0 4 19 6 1 0 9 0 1 7 11 1 7 31 50 0 18 102 1 3 1 2 1 84 60 73 6 3 3 9 1 5 1 174 229 71 33 0 90 0 0 3 21 91 1 13 47 19 6 38 29 6 21
403 57 271 43 45 84 147 285 38 232 24 106 0 6 9 8 1 11 2 1 48 23 5 13 38 1 10 19 460 183 97 43 82 18 1 0 4 2 20 6 1302 16 29 3 5 18 6 10 40 10 81 549 6855 357 19678 1152 58 19 5 0 22 8 18 14 23 10 121 21 44 218 14 71 20 31 64 29 90 7 35 45 388 14 3352 168 215 51 26 37 42 4 18 1272 399 54 66 106 73 700 59 27 2 1 6 14 1 18 0 0 1 1 9 29 0 1 1 1 1 1 5 0 3 1 0 21 13 4 4 0 0 1 13 2 26 48 0 49 0 0 28 18 2 1 1 12 29 0 1 0 5 4 6 6 1 6 0 3 80 7 68 37 23 24 1 3 42 0 0 2 0 2 29 17 24 5 2 7 3 2 6 1 75 75 24 27 0 40 2 3 22 10 41 2 2 14 9 0 12 4 0 7
504 233 451 199 101 279 70 190 11 145 40 238 0 4 14 7 3 16 4 4 2110 512 33 47 262 8 18 32 143 226 156 64 90 33 4 1 3 9 36 22 1951 28 47 2 4 33 17 19 52 4 33 84 128 37 1152 2060 95 64 5 6 43 27 57 34 61 2 53 39 86 83 8 79 41 49 138 41 79 1 43 6 89 3 3583 99 838 250 78 24 55 8 47 306 102 57 81 276 20 22 541 81 1 5 8 9 1 22 0 0 3 2 11 20 1 0 2 2 2 1 4 1 3 3 2 23 18 4 4 0 0 1 10 1 24 31 2 42 0 1 37 23 0 7 0 7 31 0 2 1 9 12 5 1 1 3 0 4 14 1 7 11 13 9 1 6 31 0 1 0 1 1 34 25 27 4 3 5 5 2 12 0 66 85 44 15 3 28 0 0 13 11 39 3 3 17 0 1 8 10 3 11
212 151 188 195 1232 621 20 26 25 35 131 685 2 356 746 589 55 276 25 25 150 207 31 48 136 7 188 1463 6961 2927 8680 303 372 110 84 87 266 96 1531 87 338 14 156 3 7 164 59 80 9 4 5 15 454 653 58 95 10139 348 59 40 600 310 517 143 1089 1 1380 1516 2956 41 23 256 81 53 4432 155 159 1 59 0 41 2 213 408 289 336 1234 6 13 1 41 67 33 12 133 5083 48 145 2592 7086 9 12 87 58 12 170 0 3 28 21 113 186 2 7 23 5 1 4 7 18 1 22 6 60 38 8 5 2 0 7 88 5 169 241 0 110 1 2 53 28 14 9 25 38 126 5 14 2 7 103 7 4 0 16 1 6 7 13 1 8 33 52 2 52 126 2 11 12 1 7 86 48 83 2 4 51 19 0 31 4 366 230 62 36 5 112 0 0 4 21 103 4 14 83 26 15 54 26 5 20
12 8 12 8 15 18 1 8 4 12 5 36 3 219 812 356 323 590 109 135 430 652 76 33 239 5 49 174 173 46 231 1362 1957 5751 83 213 2440 1468 581 35 417 15 57 16 7 121 154 23 9 0 0 6 108 79 19 64 348 4056 1890 4578 973 63 37 44 88 5 258 1982 1172 13 12 101 507 36 4047 239 71 4 64 0 14 2 116 154 299 189 195 2 8 4 100 33 9 4 27 416 10 14 247 501 3 7 20 22 8 58 0 0 6 2 38 70 1 13 23 4 2 7 4 16 6 17 2 55 43 8 7 1 0 10 42 4 49 103 2 87 3 0 79 45 26 10 29 22 76 1 5 4 25 82 5 3 1 11 1 0 6 12 0 2 40 45 0 23 80 2 9 13 3 5 85 39 56 8 4 24 13 4 12 1 137 161 46 37 3 52 0 0 5 20 90 4 15 52 6 1 38 17 7 27
1 0 1 0 5 20 0 0 2 1 0 9 2 563 676 164 72 102 15 24 17 31 18 47 19 2 217 653 17 2 12 39 253 1305 838 1837 1512 384 261 201 42 1 27 10 2 16 268 1 4 1 0 1 12 8 5 5 59 1890 1591 3485 44 2 11 50 118 1 36 2400 244 0 0 114 426 146 369 7 13 16 186 0 2 3 11 13 19 11 17 0 0 4 3 5 0 1 6 69 2 2 17 20 0 0 2 1 1 3 0 2 0 0 1 3 3 8 7 16 13 14 40 13 27 9 30 131 68 28 12 3 0 4 8 2 8 9 3 41 4 2 132 149 15 24 10 12 101 2 0 0 42 12 32 1 2 12 0 0 2 10 0 3 29 24 0 2 9 5 5 5 2 1 59 20 15 14 1 24 7 1 5 3 18 150 123 39 5 21 0 0 2 14 63 0 6 6 4 1 30 30 6 33
0 0 0 0 0 4 0 0 0 0 1 2 0 48 130 45 71 89 26 27 12 27 12 7 36 1 16 25 9 5 22 18 523 3620 834 1965 1617 1204 62 41 17 0 8 1 0 13 125 1 0 0 0 0 7 7 0 6 40 4578 3485 5477 87 1 1 7 7 0 11 1334 99 1 1 2 220 7 1572 27 2 1 9 0 2 0 3 9 4 5 16 0 4 1 15 3 0 0 4 19 1 0 2 31 0 0 1 0 0 1 0 0 1 1 1 1 0 2 1 0 1 1 7 2 4 2 1 13 16 3 1 0 0 2 4 4 6 6 0 13 0 0 27 22 2 4 3 3 17 0 0 0 8 10 3 0 0 0 2 0 0 2 0 1 4 10 0 0 5 0 1 1 0 0 21 9 7 4 0 1 3 0 1 0 8 35 11 15 0 6 0 0 0 8 23 0 0 1 2 0 6 7 1 7
24 4 20 4 19 28 5 8 1 9 3 34 17 21 425 254 53 4071 166 97 34 165 123 1568 144 38 497 293 276 45 167 95 309 577 58 6 64 403 15849 159 1549 728 5799 61 43 2879 77 240 251 25 16 9 74 46 22 43 600 973 44 87 10368 540 1182 3424 579 61 195 127 7374 189 168 46 293 65 1528 9071 11 5 70 2 248 5 43 93 92 91 50 57 604 41 3652 842 36 115 1669 144 2 14 79 182 0 1 1 1 0 1 0 2 0 0 0 4 13 223 703 44 9 27 31 279 41 240 70 33 25 10 8 48 2 188 36 68 8 12 6 32 10 5 57 90 650 25 1359 16 36 48 598 86 105 2681 16 18 17 2 2 14 0 1 1 10 15 15 0 10 18 3 287 639 54 293 30 59 32 27 62 973 4 17 347 33 11 71 71 44 89 25 1 12 33 21 23 73 68 6 0 0 13 25 15 17
10 4 13 5 3 6 1 6 2 7 1 4 6 4 82 73 13 132 68 28 12 136 67 55 89 14 41 46 128 11 40 3 6 18 8 2 5 11 70 43 167 25 332 25 58 202 30 5630 51 24 8 22 42 39 8 27 310 63 2 1 540 5335 6537 777 2008 24 241 17 7007 5813 969 3 17 15 206 1212 8 3 13 7 833 61 23 66 82 92 31 139 457 66 993 498 44 1560 1677 13 5 4 48 38 2 3 0 0 1 2 0 4 0 0 0 3 2 9 22 6 1 7 7 15 8 35 13 3 6 4 12 3 4 7 28 28 4 2 0 7 5 0 20 11 34 10 19 10 23 87 426 17 83 838 1 609 630 12 6 364 7 11 31 165 3 5 0 5 3 1 90 139 550 83 5 49 11 2 1070 721 27 285 1650 176 5 52 11 4 590 43 13 71 1032 5 5 949 820 3 11 3 3 5 10 4
10 9 10 7 3 11 0 9 3 3 1 6 19 5 172 138 16 329 123 68 76 592 197 144 475 82 233 49 181 12 58 5 9 13 27 1 24 29 258 205 355 59 2377 32 108 619 115 1652 89 20 9 4 132 125 18 57 517 37 11 1 1182 6537 21627 10724 7893 45 780 26 8667 365 100 15 32 40 161 911 20 4 15 2 112 3 85 276 281 337 147 46 301 90 1177 486 66 484 4276 12 9 6 193 81 0 1 0 1 0 0 0 6 0 2 0 1 5 14 62 26 1 15 13 29 17 55 35 8 5 1 7 3 1 7 16 15 2 4 1 7 6 1 15 18 25 7 30 5 13 62 246 0 72 954 1 50 79 0 2 46 1 1 3 7 3 4 0 1 7 0 146 109 93 59 12 28 3 1 292 647 2 15 804 93 4 49 33 6 237 29 2 28 51 8 2 187 142 2 3 3 2 6 4 5
9 4 10 2 2 12 4 1 0 2 2 12 78 46 177 97 36 1862 263 79 81 823 245 577 792 149 1459 620 62 4 13 7 27 26 175 8 42 46 1276 528 212 35 5796 16 13 3258 510 101 36 1 2 0 107 76 14 34 143 44 50 7 3424 777 10724 8036 7026 13 588 43 2918 59 7 11 32 61 80 366 3 1 23 0 20 3 82 251 335 442 168 7 41 30 456 101 7 57 2107 25 3 1 230 49 1 0 1 0 0 0 0 0 0 0 0 0 2 35 104 31 2 30 22 172 6 128 44 4 4 4 3 6 0 25 11 5 2 2 1 11 7 1 15 21 171 11 140 2 13 7 29 3 20 653 1 1 5 1 0 1 0 1 0 1 2 3 0 4 4 2 39 48 6 53 7 13 2 1 16 91 0 2 72 8 7 22 27 6 14 6 2 2 4 4 4 13 14 0 0 0 1 4 3 2
19 8 15 6 2 18 1 6 4 5 3 20 65 42 100 82 12 735 149 33 86 385 67 382 638 30 1254 1107 308 16 141 5 24 29 158 7 23 31 2746 211 326 68 1222 16 111 1107 427 812 52 10 10 16 238 223 23 61 1089 88 118 7 579 2008 7893 7026 10351 36 1499 126 15257 235 319 12 25 45 309 1269 17 6 22 2 257 3 136 496 420 739 277 54 219 28 493 192 23 80 872 37 4 7 405 198 0 1 4 0 0 0 0 0 1 0 0 3 5 35 262 18 2 24 11 223 9 155 36 9 11 4 4 15 0 32 20 23 2 7 0 5 5 1 15 25 187 13 305 4 16 40 227 5 35 1856 6 17 29 0 1 15 0 0 0 4 2 6 0 6 9 3 319 230 46 80 14 65 8 5 78 924 3 5 384 50 5 40 36 16 97 15 2 7 15 21 10 65 65 3 2 0 4 17 13 12
5 0 3 2 0 0 9 7 45 14 0 2 3729 0 2 4 8 135 200 15 6 13 3 8 6 2 5 4 7 1 1 2 4 4 3 0 4 84 19 6 64 11 106 1538 3450 4032 13 9 22 2205 89 671 15 3 10 2 1 5 1 0 61 24 45 13 36 3130 5 3 47 13 3 72 153 1181 4 57 1099 2098 509 625 160 1168 2 6 3 1 3 709 386 896 1423 50 5 5 79 4 236 37 3 1 0 1 0 0 2 6 0 1 3 2 2 3 0 11 446 2 1 8 4 76 10 67 10 1 2 1 0 6 0 11 6 3 3 4 0 4 0 0 9 13 80 1 74 5 3 18 377 27 62 1530 0 28 19 0 0 22 41 1 37 80 2 1 0 0 3 0 59 64 13 2310 7 5 3 1 42 160 9 26 402 37 11 17 20 1 53 18 13 49 125 2 2 81 31 1 4 1 2 2 2 0
267 172 315 258 163 631 42 90 43 115 102 601 5 134 240 213 21 124 43 12 72 173 20 237 954 34 734 1435 3798 285 640 269 426 140 102 22 76 40 983 356 141 17 343 5 9 217 140 54 16 2 2 27 1911 3072 121 53 1380 258 36 11 195 241 780 588 1499 5 12390 1231 1720 32 8 455 201 195 2932 66 514 6 272 3 42 3 467 7179 1415 2272 2556 8 13 3 56 71 20 26 234 1072 90 42 1714 2359 4 8 34 27 10 65 0 3 7 4 45 105 3 12 15 5 4 7 10 19 8 34 11 143 63 25 11 2 0 6 69 9 106 228 2 219 9 1 144 56 11 16 14 33 147 3 9 0 18 105 8 2 2 22 1 2 16 26 0 7 80 70 4 20 162 4 9 15 3 5 173 112 123 9 9 20 34 3 23 3 322 457 154 76 7 198 0 1 4 31 156 2 17 74 28 7 71 46 5 28
6 8 18 8 13 33 6 4 5 5 8 35 1 490 817 287 103 195 13 41 87 102 12 38 257 6 112 597 221 13 581 40 370 949 179 284 960 288 457 84 130 2 31 4 1 18 1109 2 2 0 2 5 172 123 21 39 1516 1982 2400 1334 127 17 26 43 126 3 1231 2227 477 14 1 211 582 250 2629 26 52 9 320 2 16 1 131 357 290 1206 1786 1 0 1 6 21 13 6 12 114 9 4 1288 1449 8 3 3 5 2 5 0 0 2 1 5 5 0 3 8 7 11 5 20 10 14 17 11 136 103 30 16 1 0 4 14 5 13 21 5 68 5 1 192 132 11 13 5 21 158 3 3 0 66 25 17 0 0 20 0 0 14 14 0 3 41 65 1 0 30 0 2 14 1 2 127 59 28 11 1 10 22 1 4 2 30 273 180 70 2 47 0 0 3 34 99 2 3 7 7 1 49 51 10 44
35 12 29 9 26 37 6 11 5 21 9 31 61 26 269 180 23 1532 94 37 97 235 55 208 327 22 234 588 1021 73 601 70 200 514 109 17 67 90 8549 106 744 177 1825 43 185 931 211 7107 152 39 17 33 344 327 44 86 2956 1172 244 99 7374 7007 8667 2918 15257 47 1720 477 9913 822 2013 29 105 36 3069 7413 30 6 45 4 1194 4 185 450 335 576 231 251 720 70 1192 479 36 200 1631 120 17 41 371 681 3 2 1 0 1 2 0 14 0 2 2 12 2 37 414 24 1 17 13 174 30 73 35 13 16 4 11 28 1 52 46 53 9 12 0 16 5 2 66 48 213 17 584 15 37 185 1083 22 254 4252 11 122 129 5 2 127 2 4 7 15 2 17 1 8 18 2 666 552 182 293 38 109 25 17 535 2480 7 31 1742 270 15 142 60 23 696 118 1 58 127 27 16 358 361 12 20 3 21 21 22 17
134 15 88 14 11 45 24 67 3 68 10 25 8 0 37 16 4 50 19 8 6 35 17 25 18 11 13 12 75 59 44 8 18 3 3 0 0 5 25 14 421 24 95 3 30 64 3 672 149 9 1949 743 128 22 218 83 41 13 0 1 189 5813 365 59 235 13 32 14 822 1328 2350 18 9 11 45 350 24 1 11 25 3728 127 106 49 23 14 13 388 430 34 259 2639 1118 1121 1284 27 4 15 17 8 1 1 4 4 0 4 0 1 1 0 5 8 0 1 3 0 1 3 2 7 3 7 4 9 2 1 2 0 1 1 7 6 8 18 1 8 0 0 14 10 2 2 4 4 14 16 73 7 27 120 0 426 236 3 0 108 67 6 136 1037 2 2 0 5 7 0 24 16 131 15 2 16 6 2 199 108 73 463 433 27 23 49 14 5 89 45 84 47 1863 4 2 341 269 6 2 2 1 1 0 5
