28341 7405 14725 2132 1995 4130 14962 7063 160 3228 131 1585 3 2 10 3 2 1 0 1 50 36 8 2 25 0 7 7 6549 6608 1234 359 267 115 2 3 7 6 3 5 808 5 23 11 5 3 23 4 47 12 88 240 410 2453 375 188 162 92 6 4 10 21 12 8 47 8 770 17 65 41 28 360 60 74 115 9 136 9 93 19 105 10 1211 1511 703 634 20 73 39 8 22 348 139 70 46 263 93 2058 89 32 29 13 177 144 39 210 9 5 91 67 140 259 0 0 0 0 0 0 1 0 4 3 0 24 15 0 3 0 0 0 21 8 176 191 3 145 0 1 21 24 0 4 0 12 34 0 1 0 6 3 5 1 4 8 0 2 13 16 5 10 21 55 3 8 72 0 0 0 1 1 64 8 35 6 1 3 8 5 4 0 259 111 36 14 0 95 3 6 9 8 40 4 4 102 74 14 27 4 0 10
7405 11138 11144 8959 1240 5399 332 165 13 289 11 337 1 0 1 0 0 1 0 0 16 10 2 2 11 0 0 1 312 2892 208 93 74 10 0 0 0 1 0 2 355 2 4 1 1 1 2 0 22 4 21 92 55 314 68 62 40 11 1 1 1 8 1 2 0 0 213 8 4 22 13 86 5 11 17 2 38 7 21 2 29 1 233 345 331 336 2 22 15 4 11 100 49 19 20 32 9 84 62 7 29 12 123 82 30 128 4 5 57 44 99 162 0 0 0 0 0 0 0 0 0 0 0 10 6 0 0 0 0 0 9 2 107 91 1 24 0 0 0 2 0 0 1 6 13 0 0 0 1 0 0 0 1 2 0 0 4 5 0 3 12 10 1 4 24 0 0 0 0 0 25 5 8 0 0 0 0 3 0 0 124 15 6 1 0 49 0 2 3 2 12 0 1 68 42 4 12 2 0 0
14725 11144 12627 1598 104 3229 709 6448 95 4058 276 11542 1 0 3 1 0 1 1 1 25 8 2 4 18 0 1 2 756 334 65 186 116 22 0 1 4 0 1 1 590 10 13 2 2 4 6 4 53 11 91 168 136 795 195 154 65 17 3 3 1 17 5 2 7 7 512 19 5 43 19 199 12 20 39 5 97 12 46 17 85 17 642 778 586 485 10 52 41 11 19 268 118 47 43 51 55 174 53 13 58 33 355 291 83 382 10 22 190 159 256 551 0 0 0 0 0 0 0 0 0 0 0 20 12 0 2 0 0 0 35 3 284 204 1 61 0 0 8 5 0 1 0 12 39 1 0 0 2 1 0 2 7 11 1 3 6 11 4 1 16 32 3 12 43 0 1 0 0 2 59 5 17 1 0 1 11 2 1 1 380 44 23 2 0 128 6 0 14 12 26 7 6 133 140 13 28 4 0 5
2132 8959 1598 16885 4468 17723 249 157 23 459 48 2378 0 0 0 1 0 0 0 0 50 15 0 0 14 1 1 0 246 3179 587 247 136 10 0 1 0 1 0 2 556 0 7 4 1 1 2 3 18 4 26 71 49 191 55 73 59 13 1 2 1 1 0 1 2 2 181 10 4 15 4 239 6 15 21 2 102 3 50 8 34 4 244 324 504 523 3 16 17 1 10 91 54 18 18 54 49 91 75 11 51 28 370 284 92 421 11 14 167 157 310 568 0 0 0 0 0 0 1 0 0 0 0 19 11 0 1 0 0 0 21 4 309 232 0 63 0 0 5 5 0 0 0 13 27 0 2 0 0 0 0 2 1 11 0 2 6 10 4 3 21 32 1 5 61 1 0 0 1 1 42 5 21 0 0 0 6 0 4 0 383 38 24 3 0 129 3 2 3 6 25 2 3 147 141 8 31 6 0 2
1995 1240 104 4468 8625 8830 581 57 12 170 71 1356 0 7 12 3 3 2 2 5 153 100 28 1 49 2 3 6 1054 7139 7944 1964 920 215 0 7 7 5 8 8 650 3 11 3 0 3 28 2 14 8 20 67 58 402 60 93 950 232 10 3 12 12 6 11 33 3 388 20 41 10 4 688 70 35 117 7 107 11 109 4 29 3 333 509 706 864 6 17 19 1 11 87 33 17 17 2183 80 319 221 225 17 18 127 114 35 127 1 2 42 34 109 182 0 0 3 0 1 1 0 0 3 1 0 21 6 0 6 0 0 0 16 6 118 113 3 63 0 0 32 23 1 0 0 1 23 1 1 1 10 8 8 0 3 2 0 2 4 5 3 3 14 17 4 6 43 0 2 2 0 0 27 7 20 4 2 2 5 0 2 0 198 49 21 19 2 66 3 5 4 7 12 4 2 73 51 8 20 1 0 4
4130 5399 3229 17723 8830 23793 723 403 90 1916 525 22408 0 0 3 2 1 0 1 1 281 116 20 3 40 2 2 3 739 2595 2844 12417 2466 215 3 5 5 4 4 6 1212 3 16 6 1 5 24 5 25 7 33 94 83 569 126 135 194 223 0 2 6 8 9 6 7 1 536 21 12 20 15 1579 59 36 116 3 282 10 234 9 40 5 525 777 1198 1238 15 28 25 7 10 126 85 25 26 1820 293 310 270 25 128 69 781 621 152 873 17 50 344 376 682 1156 0 0 0 0 0 0 0 1 8 0 0 42 26 1 8 0 0 0 41 19 665 443 3 122 0 0 29 23 0 2 0 21 89 0 4 0 7 7 4 2 4 18 0 4 9 10 5 8 49 96 1 16 128 0 0 0 1 2 112 22 59 1 1 1 10 3 5 0 863 63 72 11 1 312 10 3 13 15 55 4 8 350 322 23 71 11 0 2
14962 332 709 249 581 723 11614 6076 1852 5578 145 580 1 1 5 2 1 2 2 0 20 15 7 1 5 0 1 6 1157 1267 497 140 161 109 1 2 3 4 2 0 88 0 2 4 3 0 6 2 7 3 18 33 259 1002 146 32 46 69 5 2 4 5 8 3 12 1 79 18 41 7 5 203 54 57 103 2 90 11 55 6 27 0 385 341 97 77 9 2 3 0 4 50 38 4 8 116 268 3527 22 15 21 10 88 66 15 92 12 11 57 59 87 136 1 0 0 1 1 0 0 0 3 0 0 9 6 0 1 0 0 0 14 6 77 105 1 109 0 0 20 16 0 1 0 7 26 0 1 0 9 3 4 0 4 6 0 2 3 7 2 1 16 37 2 2 45 0 0 0 0 0 27 6 23 2 0 1 7 1 2 1 148 82 21 3 0 56 4 0 4 2 19 2 3 45 47 5 18 0 0 0
7063 165 6448 157 57 403 6076 13144 1870 21043 384 2217 0 0 0 0 1 1 0 0 8 6 1 2 12 0 0 1 380 140 34 51 27 12 1 0 1 3 0 0 155 1 2 0 0 1 1 0 10 2 32 58 193 1010 157 49 19 3 1 1 1 2 5 3 4 4 179 5 5 13 7 47 13 12 22 0 34 2 19 4 23 7 439 512 137 126 8 13 11 2 2 117 43 16 17 10 35 480 12 6 12 2 81 57 11 95 1 9 42 73 83 134 0 0 0 0 0 0 0 0 0 0 0 1 0 0 0 0 0 0 5 0 41 40 0 21 0 0 5 4 0 0 0 1 7 2 0 0 0 0 0 0 1 0 0 0 2 2 0 3 6 4 0 0 15 1 0 0 1 1 6 3 6 1 0 0 0 1 2 0 61 19 3 5 0 26 2 1 1 3 5 1 0 13 49 9 4 1 0 1
160 13 95 23 12 90 1852 1870 2036 3362 131 270 14 0 0 0 0 0 0 1 29 26 6 0 12 1 0 0 52 22 10 58 95 23 0 0 0 1 0 1 34 0 1 1 44 7 1 0 0 48 7 23 68 119 39 5 14 5 1 0 0 0 0 0 0 19 26 1 1 2 2 373 27 140 6 0 927 54 89 14 6 20 65 69 35 18 2 28 26 26 11 15 4 2 0 11 2967 1178 15 0 5 1 11 10 4 8 1 0 5 12 9 17 0 0 0 1 0 0 1 0 2 4 3 2 1 0 0 0 0 0 0 1 8 11 0 6 1 0 2 4 0 1 0 1 3 0 4 0 2 4 0 1 0 0 0 0 1 2 2 2 3 4 0 0 2 0 2 2 0 0 4 0 7 0 2 2 1 2 4 0 15 10 6 2 0 11 0 0 2 0 0 0 0 7 3 1 1 0 0 1
3228 289 4058 459 170 1916 5578 21043 3362 15224 14079 23413 0 1 1 3 1 1 0 0 31 12 5 0 16 0 0 1 563 283 106 294 237 23 0 0 2 1 2 1 208 7 7 1 4 2 2 2 21 10 39 119 249 1125 214 76 40 15 2 1 4 6 3 1 3 3 274 11 2 18 12 1618 23 31 39 1 624 5 38 6 57 9 569 548 213 155 6 19 19 4 11 165 66 27 28 42 3376 1014 21 10 124 42 642 456 104 759 29 54 353 506 674 1064 1 0 0 0 0 0 0 0 0 0 0 17 28 0 0 0 0 0 22 6 420 280 0 75 0 0 4 5 0 1 0 9 39 0 3 0 2 0 1 0 6 6 0 8 15 9 4 5 31 38 1 10 61 0 1 2 1 2 58 9 18 0 0 1 8 4 5 0 675 46 45 8 0 197 8 3 14 7 22 4 10 182 503 14 37 4 0 8
131 11 276 48 71 525 145 384 131 14079 4948 8214 0 0 0 0 0 0 0 0 14 9 0 0 2 0 1 0 62 33 33 168 331 3 0 0 0 0 0 0 40 1 2 1 0 0 0 0 1 1 1 6 27 82 11 10 6 2 0 0 0 0 0 0 0 0 36 1 0 0 1 2710 3 8 3 0 315 0 17 0 3 0 44 42 54 39 2 2 2 1 0 9 7 1 0 10 603 116 19 1 44 18 262 194 44 290 10 9 140 120 283 348 0 0 0 0 0 0 0 0 0 0 0 8 8 0 1 0 0 0 17 3 210 134 0 28 0 0 1 0 0 0 0 4 17 0 4 0 0 0 0 0 0 9 0 3 7 11 1 2 24 24 2 7 31 0 0 0 0 1 33 7 22 0 0 0 4 0 2 0 240 21 21 2 0 96 7 2 2 3 20 2 2 89 151 8 21 3 1 1
1585 337 11542 2378 1356 22408 580 2217 270 23413 8214 47805 1 0 0 2 2 0 0 0 245 82 5 1 28 1 1 0 351 324 949 1921 5443 40 0 0 0 1 0 0 825 3 6 4 2 2 4 2 20 3 11 69 67 505 95 94 96 22 6 1 7 10 5 3 2 3 401 5 5 17 5 1098 21 45 26 4 228 4 130 6 16 2 346 492 806 655 8 15 17 1 3 83 34 15 15 266 1038 334 182 6 201 95 1320 972 217 1556 34 88 651 687 1231 2125 0 0 0 0 0 0 0 0 1 0 0 50 61 1 4 0 0 0 79 12 1079 708 1 151 0 0 6 7 1 2 0 14 81 0 5 0 3 0 2 3 9 27 1 9 9 18 12 4 60 96 11 19 174 0 0 0 0 6 117 25 61 1 0 0 16 6 12 2 1402 57 92 8 0 455 32 9 28 13 76 7 10 495 694 32 63 15 2 3
3 1 1 0 0 0 1 0 14 0 0 1 6985 1 2 14 108 1171 3811 238 0 5 1 7 0 3 12 9 1 0 1 1 73 7 0 1 40 709 11 0 17 18 69 7286 4027 5614 3 8 21 413 9 25 1 1 0 1 1 3 3 0 62 8 9 23 27 2290 3 2 17 3 7 148 299 1515 1 3 514 782 601 28 27 60 0 1 0 3 1 52 88 347 317 6 5 4 25 3 66 5 0 1 0 0 0 2 0 0 0 0 0 0 0 0 2 19 294 16 2 157 11 451 25 918 78 0 0 1 0 5 0 8 1 0 1 11 6 10 0 1 23 51 264 4 32 0 1 28 282 435 33 1857 3 4 18 1 0 22 3 2 3 5 3 0 0 1 9 1 160 124 56 429 1 0 3 2 37 204 3 6 278 69 3 19 146 1 47 4 1 9 15 0 0 46 6 0 1 1 0 0 0 1
2 0 0 0 7 0 1 0 0 1 0 0 1 7441 12947 314 376 85 20 28 6 42 455 67 9 89 2016 822 31 30 35 0 26 181 3691 7858 636 26 122 867 672 29 88 6 2 7 217 0 19 0 0 1 1 9 0 2 43 249 1269 2271 21 4 25 169 220 0 15 237 52 1 2 6 6 13 237 2 0 2 3 0 2 0 8 10 7 13 2 2 8 0 14 6 0 2 7 78 0 6 8 51 0 1 0 0 0 0 0 0 0 0 0 0 0 3 3 6 3 24 19 5 37 55 74 13 3 1 7 1 0 4 0 3 0 4 0 3 0 1 19 54 3 18 1 0 6 2 3 2 19 11 11 0 0 0 0 0 0 0 0 1 0 1 0 0 1 5 2 7 3 3 1 1 1 9 0 10 0 0 1 0 0 2 7 2 0 0 0 1 0 0 0 0 2 0 0 0 1 2 2 0
10 1 3 0 12 3 5 0 0 1 0 0 2 12947 21514 8406 1215 3187 521 360 9 91 1328 351 20 221 1894 1538 47 46 74 7 33 320 2141 3349 317 79 747 1091 2518 179 420 19 5 38 253 5 228 1 1 0 2 10 5 8 99 378 1582 1860 246 9 61 271 480 2 35 344 148 11 7 15 24 31 444 10 0 13 2 0 0 1 7 20 11 27 0 10 24 3 43 95 5 30 97 154 1 3 18 66 1 2 0 1 2 1 0 0 0 0 0 0 22 8 21 43 8 75 71 49 210 370 262 30 25 14 54 4 6 30 6 17 1 21 4 29 15 3 77 220 21 99 9 0 20 12 9 19 128 64 43 2 3 1 1 2 1 1 0 2 1 1 0 2 5 39 10 27 11 2 9 9 5 17 2 31 0 3 8 4 4 28 28 16 3 2 1 1 2 5 2 1 5 1 0 0 4 5 3 6
3 0 1 1 3 2 2 0 0 3 0 2 14 314 8406 18983 167 9797 6107 840 1 19 401 236 10 135 637 3399 12 15 9 1 34 41 43 120 276 175 1683 214 1690 153 313 31 2 73 44 1 247 6 1 1 0 6 3 8 31 37 161 227 177 27 30 142 508 5 9 56 223 14 5 6 30 41 73 19 1 9 1 0 3 0 5 8 7 6 0 19 23 2 45 101 4 44 78 26 0 1 5 22 0 1 0 0 0 0 0 0 0 0 0 0 64 49 177 55 9 320 36 446 188 1319 291 11 7 12 22 7 3 102 2 8 0 8 3 13 52 6 54 112 131 57 32 0 6 10 20 176 124 262 20 1 3 0 2 2 0 0 1 2 0 1 0 1 4 23 13 34 9 19 5 3 0 10 3 32 1 3 6 2 2 9 67 3 3 2 0 4 5 3 0 4 2 1 0 0 2 1 1 3
2 0 0 0 3 1 1 1 0 1 0 2 108 376 1215 167 770 858 732 1026 32 175 689 92 44 145 102 17 7 8 3 0 15 80 256 307 648 1185 25 542 528 19 133 75 15 151 198 1 12 10 2 7 1 12 2 5 26 35 278 713 136 4 17 47 17 6 29 36 26 2 1 1 15 183 35 3 1 86 8 1 1 3 5 13 14 24 0 5 7 4 18 6 0 6 13 11 0 0 22 10 5 6 1 1 0 1 0 0 0 0 1 1 17 3 10 40 12 31 57 3 320 162 163 86 63 17 106 6 6 16 35 41 3 40 11 80 9 4 133 362 12 120 4 3 35 30 5 3 218 22 81 2 5 1 3 3 2 1 1 4 4 9 0 5 16 72 3 37 15 1 34 17 14 68 2 41 2 4 7 1 6 58 51 34 3 4 0 1 3 23 7 5 14 6 0 2 25 12 8 27
1 1 1 0 2 0 2 1 0 1 0 0 1171 85 3187 9797 858 11227 5861 3136 5 16 157 328 16 96 1361 844 9 2 7 1 307 92 35 49 921 1720 2934 112 2079 269 772 631 12 4242 35 126 161 5 1 1 1 4 3 19 22 19 63 159 4085 69 167 1016 824 341 22 25 624 33 72 20 370 699 29 194 4 51 35 0 43 0 7 5 4 10 0 43 62 12 183 77 8 40 109 9 0 2 12 10 2 0 0 0 0 0 0 0 0 0 0 0 153 326 1727 159 10 1253 95 2376 292 5988 543 3 2 6 2 33 11 439 1 1 0 35 24 55 67 7 164 289 1414 27 352 0 17 25 328 2874 332 3663 17 1 3 1 1 11 2 0 1 3 1 0 0 0 18 12 108 255 53 459 1 0 13 14 4 141 2 2 48 5 3 45 454 2 16 6 0 1 12 0 0 12 6 0 0 0 0 1 0 1
0 0 1 0 2 1 2 0 0 0 0 0 3811 20 521 6107 732 5861 52293 11406 32 141 303 231 40 219 485 139 6 6 4 1 99 29 53 11 175 1856 87 354 473 62 278 4127 209 3566 70 10 48 56 3 20 1 2 0 4 8 9 44 11 271 17 42 163 102 96 6 14 48 8 6 6 174 3866 10 14 9 1752 17 7 11 15 3 10 26 13 1 36 34 45 189 27 6 8 47 5 2 1 16 5 0 3 1 0 1 0 0 0 0 1 2 1 292 147 702 291 45 2039 365 1495 1206 7719 2595 85 59 40 142 40 11 451 22 31 1 82 27 113 174 15 453 1049 233 332 60 0 45 49 78 636 816 652 155 3 8 0 4 6 0 2 3 7 4 1 0 4 22 161 33 149 45 82 21 15 14 84 12 120 0 1 62 16 9 123 1095 30 14 6 0 1 9 23 4 14 11 6 0 0 19 18 2 22
1 0 1 0 5 1 0 0 1 0 0 0 238 28 360 840 1026 3136 11406 5075 20 129 568 183 45 259 154 24 5 4 6 0 13 50 137 49 69 192 54 558 629 50 259 135 29 227 138 2 40 12 0 7 1 2 1 1 14 24 109 183 456 6 24 76 31 4 12 25 21 5 1 8 12 269 21 5 3 157 5 2 1 8 2 5 16 15 0 11 9 10 32 14 1 0 44 13 0 1 29 4 1 4 0 1 0 1 0 1 0 1 0 1 47 20 46 93 21 119 108 39 577 720 589 89 69 28 149 9 3 61 26 41 0 37 15 47 59 11 188 527 18 236 23 0 30 38 8 16 385 42 141 3 5 1 3 4 0 1 0 3 4 7 0 7 15 126 4 104 37 4 24 26 13 55 8 68 3 0 10 4 6 63 147 31 2 5 1 1 8 28 13 6 13 7 0 0 27 23 8 32
50 16 25 50 153 281 20 8 29 31 14 245 0 6 9 1 32 5 32 20 9678 6060 2177 26 122 22 19 2 33 63 107 172 292 439 14 5 111 108 0 38 913 9 42 72 1 2 100 1 14 3 2 6 11 20 10 1912 41 315 123 41 4 4 14 22 18 0 18 360 9 6 3 248 188 95 819 2 147 55 115 0 3 3 223 22 7030 141 104 8 5 3 8 11 2 5 28 418 175 23 561 93 5 6 9 9 5 10 0 5 2 2 4 12 1 1 2 2 6 2 6 1 40 13 16 20 22 2 15 0 1 0 8 10 22 60 9 67 4 3 60 116 5 13 0 2 18 0 2 2 30 10 33 0 3 2 0 1 0 2 1 0 9 10 1 2 35 6 0 5 3 0 20 5 24 25 1 4 1 2 2 2 60 66 34 35 0 38 1 0 2 5 13 1 3 28 7 4 12 3 4 12
36 10 8 15 100 116 15 6 26 12 9 82 5 42 91 19 175 16 141 129 6060 23924 5049 731 5615 1663 220 7 82 125 103 153 655 1402 49 22 542 465 15 3788 691 227 1848 248 8 23 564 9 285 5 3 11 12 60 18 108 116 665 320 203 94 196 174 260 61 10 177 815 75 86 15 412 570 196 1146 59 167 74 164 2 3 4 185 205 5016 1298 179 22 102 17 247 128 17 119 578 402 143 29 7398 80 3 10 3 5 3 5 1 1 2 2 2 8 1 0 4 9 7 6 32 2 129 25 51 59 61 4 38 0 0 3 27 23 8 78 12 104 2 1 109 334 5 29 1 1 42 5 10 4 107 16 52 6 20 2 0 5 2 1 3 7 8 18 2 2 36 34 7 13 4 2 32 19 35 65 10 23 4 7 24 4 50 92 60 70 5 34 3 4 21 8 17 13 6 22 5 0 24 13 2 18
8 2 2 0 28 20 7 1 6 5 0 5 1 455 1328 401 689 157 303 568 2177 5049 13825 7285 925 7378 546 110 39 41 28 24 260 510 74 106 864 629 109 2805 8172 2002 2440 133 7 25 259 3 457 4 1 1 2 31 5 15 92 206 263 306 56 45 59 150 52 6 76 295 42 21 5 97 244 120 255 14 31 33 51 1 6 0 17 34 129 68 37 20 47 5 89 113 6 62 281 94 38 12 109 22 0 3 0 2 2 2 0 1 1 0 0 3 5 1 8 12 2 13 31 10 80 53 80 36 24 2 21 0 1 3 13 18 2 27 2 28 4 2 74 161 9 28 3 1 11 3 7 6 75 27 41 0 5 1 0 5 3 1 0 2 3 4 0 0 10 26 3 9 8 2 7 2 7 29 3 10 1 3 6 1 16 36 34 29 0 8 1 2 12 4 4 7 2 9 4 0 4 4 2 10
2 2 4 0 1 3 1 2 0 0 0 1 7 67 351 236 92 328 231 183 26 731 7285 12559 304 11813 4623 75 16 9 6 0 28 25 192 24 87 84 67 3310 2932 4547 5410 24 4 268 349 10 331 3 1 1 1 31 10 13 60 5 171 25 633 29 43 1481 78 7 116 44 68 15 6 2 22 19 11 9 2 2 4 1 2 0 17 62 19 130 2 12 17 4 207 83 4 40 156 7 0 3 125 16 0 0 0 0 0 0 0 0 0 0 0 1 1 0 8 1 1 15 7 17 22 35 16 4 3 0 2 0 1 1 0 0 0 1 1 7 1 0 17 29 18 1 3 1 0 1 15 5 7 99 4 0 2 0 0 0 0 0 0 1 1 0 0 0 3 4 19 16 3 12 1 0 2 2 3 22 0 1 12 0 0 1 6 3 1 1 0 1 3 0 0 5 2 1 0 0 1 1 1 0
25 11 18 14 49 40 5 12 12 16 2 28 0 9 20 10 44 16 40 45 122 5615 925 304 14486 1243 217 9 130 90 52 54 309 483 141 2 211 159 4 4058 218 44 637 104 1 22 5166 2 45 5 14 36 74 395 78 33 734 213 142 62 45 61 93 226 42 5 1524 723 45 26 5 141 290 123 493 8 45 57 118 2 6 2 288 777 544 2860 2492 12 16 3 71 53 19 16 139 186 34 16 9202 886 5 2 5 2 0 5 0 0 4 1 1 0 1 0 0 1 2 0 6 1 39 6 13 33 10 4 5 1 1 0 8 9 1 54 7 101 1 0 88 136 1 6 0 1 13 0 5 1 44 9 17 0 0 0 0 0 4 0 0 2 9 5 2 2 14 6 3 3 0 0 8 4 40 27 2 5 5 2 4 1 21 95 34 36 2 24 0 1 2 2 3 4 1 4 0 0 7 6 0 4
0 0 0 1 2 2 0 0 1 0 0 1 3 89 221 135 145 96 219 259 22 1663 7378 11813 1243 5005 1419 90 8 3 2 2 23 24 286 60 116 105 20 3937 585 83 803 36 0 10 221 1 48 2 1 1 2 15 2 2 32 9 121 20 20 18 32 385 59 3 69 18 16 6 1 0 33 25 7 5 1 3 6 0 1 0 3 34 21 89 3 0 9 1 32 17 1 11 76 5 0 0 83 14 0 0 0 0 0 0 0 0 0 0 0 0 0 1 1 4 0 15 14 3 27 27 26 3 4 0 4 0 0 1 2 2 0 2 1 6 0 0 11 46 2 6 1 0 3 0 1 0 17 12 5 1 0 0 0 0 0 0 0 0 0 0 0 0 0 4 0 4 2 1 0 0 1 3 1 3 1 0 5 1 0 1 10 0 0 1 0 0 1 1 0 4 0 1 0 0 1 1 1 2
7 0 1 1 3 2 1 0 0 0 1 1 12 2016 1894 637 102 1361 485 154 19 220 546 4623 217 1419 34551 10784 110 94 35 3 22 70 6519 1355 102 68 761 4772 925 152 1164 20 3 220 1162 2 90 2 2 3 8 91 13 7 439 41 1772 91 127 22 103 3391 2383 8 372 354 107 9 6 4 23 22 108 9 1 4 4 0 2 1 30 126 35 218 13 4 3 1 37 29 6 14 55 33 0 7 239 219 0 1 0 0 0 0 0 0 0 0 0 1 5 15 91 16 3 158 19 320 42 613 134 4 6 2 8 1 0 22 4 2 0 11 1 16 5 0 32 73 126 10 14 0 3 7 26 85 35 359 17 0 1 0 1 1 0 0 0 0 1 1 1 0 4 8 13 22 7 17 2 1 6 9 1 16 0 0 5 0 0 14 27 2 2 3 0 0 3 0 0 3 2 0 0 0 2 0 0 1
7 1 2 0 6 3 6 1 0 1 0 0 9 822 1538 3399 17 844 139 24 2 7 110 75 9 90 10784 9160 66 62 37 1 5 58 636 910 28 20 5475 396 502 47 82 9 2 167 167 1 54 0 0 2 7 23 2 4 146 69 826 142 96 9 35 649 3146 6 45 197 165 2 1 2 2 18 234 6 0 2 1 1 1 0 10 18 14 31 2 4 4 4 16 20 4 3 19 50 0 6 23 110 0 0 0 0 0 0 0 0 0 0 1 0 7 34 154 17 2 128 18 399 44 621 83 5 1 1 8 8 1 19 2 0 0 4 7 7 4 1 23 45 283 3 54 0 5 10 66 228 18 873 3 0 0 0 0 0 1 0 0 0 1 0 0 0 1 4 50 65 30 36 0 1 4 7 1 47 0 0 11 1 2 6 25 2 1 1 0 0 2 2 0 1 1 1 0 0 0 3 0 1
6549 312 756 246 1054 739 1157 380 52 563 62 351 1 31 47 12 7 9 6 5 33 82 39 16 130 8 110 66 25017 9009 2313 506 436 158 13 26 35 38 24 29 78 8 151 7 1 12 91 6 5 5 3 16 516 5845 163 12 2771 222 30 26 48 51 279 244 399 3 6276 105 424 17 14 666 98 98 463 18 398 19 162 1 4 3 424 1555 55 79 350 6 6 1 42 27 10 5 48 804 144 2423 118 565 65 38 215 146 57 185 3 9 60 41 113 263 2 0 1 0 2 1 1 3 14 7 0 37 25 2 9 0 0 0 52 11 179 341 6 205 1 0 45 75 0 10 0 7 45 2 10 1 28 23 15 4 1 16 0 2 7 16 3 10 58 84 7 6 153 6 9 12 4 7 110 16 54 10 1 18 10 8 9 3 502 155 46 24 5 213 6 3 9 14 56 8 12 157 50 23 39 10 0 8
6608 2892 334 3179 7139 2595 1267 140 22 283 33 324 0 30 46 15 8 2 6 4 63 125 41 9 90 3 94 62 9009 20247 11576 486 396 133 10 27 40 28 38 23 314 4 64 24 5 10 68 10 16 7 12 77 177 1036 90 52 5382 139 31 14 48 29 215 151 411 7 898 89 423 26 17 506 58 79 347 29 190 25 109 2 25 2 324 496 342 402 265 17 13 3 45 80 42 13 38 861 83 1089 115 744 29 18 123 103 38 126 5 7 49 33 83 159 0 0 2 2 4 1 1 2 20 3 3 38 20 1 8 0 2 0 20 4 147 186 7 113 0 0 46 95 1 5 1 9 40 2 12 2 25 26 12 0 6 13 0 1 4 6 2 9 23 39 2 11 73 6 9 8 2 2 51 14 24 25 0 11 6 4 13 2 247 76 33 22 0 119 1 2 8 10 28 8 5 96 22 10 27 7 0 8
1234 208 65 587 7944 2844 497 34 10 106 33 949 1 35 74 9 3 7 4 6 107 103 28 6 52 2 35 37 2313 11576 9036 501 321 151 6 33 13 5 53 10 458 6 37 10 1 4 47 7 12 4 14 50 90 494 72 57 7118 125 16 15 23 8 68 53 223 4 488 81 303 13 7 357 42 17 366 18 98 17 63 1 23 4 254 443 558 744 168 15 18 1 18 75 44 13 26 3025 49 369 240 4869 16 19 90 70 16 90 3 5 29 28 60 148 0 0 0 0 0 1 1 3 10 1 0 15 10 0 12 0 1 0 19 7 85 93 5 60 0 0 29 40 2 6 1 9 17 4 4 2 19 24 5 3 1 3 2 2 5 6 3 2 14 15 3 2 38 3 3 3 3 0 27 4 20 15 1 6 5 1 7 1 163 58 9 21 2 54 3 1 7 7 12 0 2 52 24 5 14 3 1 3
359 93 186 247 1964 12417 140 51 58 294 168 1921 1 0 7 1 0 1 1 0 172 153 24 0 54 2 3 1 506 486 501 11262 5006 2255 0 2 2 14 2 1 245 0 5 2 1 2 5 4 7 8 19 39 75 380 88 44 106 3028 27 2 2 5 3 3 8 3 367 168 8 5 5 1133 171 66 1592 1 259 5 153 3 20 2 231 304 365 207 9 9 9 4 2 82 20 13 10 7378 426 170 93 10 66 42 309 273 95 340 11 11 135 88 241 522 0 0 1 0 0 0 0 1 1 0 1 37 42 0 4 0 0 0 32 18 383 387 5 159 0 0 18 7 1 1 0 16 74 2 4 0 3 0 0 1 1 22 0 6 15 11 11 13 55 91 7 10 130 0 0 0 0 1 101 25 61 0 0 1 13 4 3 0 750 102 75 8 0 302 10 0 12 14 52 4 9 225 140 15 56 8 1 1
267 74 116 136 920 2466 161 27 95 237 331 5443 73 26 33 34 15 307 99 13 292 655 260 28 309 23 22 5 436 396 321 5006 7969 2393 42 10 35 2259 36 94 334 5 58 108 12 316 325 20 13 13 20 73 143 543 158 62 163 890 199 23 341 11 14 29 28 14 441 310 56 17 24 3434 3170 578 714 27 375 134 366 9 33 3 409 448 384 221 54 29 19 11 35 90 41 18 17 3256 618 185 241 13 71 38 238 223 83 264 10 22 109 81 180 403 4 6 5 4 4 8 9 7 85 40 33 101 88 4 32 0 0 2 78 30 288 774 15 605 3 0 216 255 11 44 2 26 116 6 14 9 134 59 79 3 12 27 2 10 9 38 12 20 122 191 13 21 286 28 4 16 3 5 190 36 185 81 3 23 19 10 9 2 709 806 222 175 4 518 9 3 13 31 100 8 30 229 120 42 115 14 8 30
115 10 22 10 215 215 109 12 23 23 3 40 7 181 320 41 80 92 29 50 439 1402 510 25 483 24 70 58 158 133 151 2255 2393 6559 65 149 659 941 159 145 384 19 94 42 8 80 577 37 20 9 27 60 116 432 133 55 120 3255 1691 2974 209 22 45 62 229 9 230 2884 333 22 52 526 658 276 2257 72 181 169 248 8 64 4 353 300 480 211 142 21 22 8 30 81 35 17 30 1418 104 89 270 30 56 16 50 41 28 48 7 16 29 9 18 61 5 2 4 4 2 2 10 9 47 27 14 76 72 7 29 2 0 3 54 24 86 615 31 555 2 1 242 251 31 25 7 15 81 8 16 18 123 92 65 3 6 15 3 7 12 19 7 16 97 127 8 8 239 21 5 22 9 5 128 24 194 102 4 15 16 7 6 2 399 710 125 222 4 371 10 5 15 20 74 8 17 101 33 38 69 13 1 38
2 0 0 0 0 3 1 1 0 0 0 0 0 3691 2141 43 256 35 53 137 14 49 74 192 141 286 6519 636 13 10 6 0 42 65 10622 4316 282 125 63 4655 58 5 303 38 1 16 2818 2 7 1 1 0 2 18 3 2 51 22 2013 275 33 13 180 555 292 0 52 131 119 6 1 4 45 22 32 6 1 6 10 0 2 0 9 22 10 34 2 2 6 0 44 4 1 4 36 12 0 1 38 30 2 3 0 0 0 1 0 0 0 0 0 0 0 3 2 17 4 20 39 10 70 72 95 31 9 2 20 1 0 2 7 4 0 9 4 16 4 0 54 143 0 42 1 0 6 3 7 1 54 16 19 0 0 0 0 0 0 1 0 0 1 3 0 1 4 24 4 7 2 0 6 4 5 19 2 17 1 1 12 2 0 11 12 8 2 5 0 2 2 0 3 1 0 2 0 0 2 5 2 5
3 0 1 1 7 5 2 0 0 0 0 0 1 7858 3349 120 307 49 11 49 5 22 106 24 2 60 1355 910 26 27 33 2 10 149 4316 7938 503 50 261 436 168 7 52 1 0 9 298 3 12 0 0 1 1 8 2 0 41 212 3672 3121 29 5 113 372 868 1 17 269 233 2 1 1 5 8 165 8 0 3 1 0 0 0 3 6 3 8 1 0 2 0 15 2 0 3 7 41 0 4 7 38 0 0 0 0 0 0 0 0 0 0 0 0 4 1 3 1 1 5 9 9 20 30 18 6 8 2 16 0 0 1 2 7 0 1 0 6 1 0 12 44 6 9 2 0 5 2 0 2 15 23 15 0 0 0 0 0 0 0 0 0 0 1 0 0 0 7 3 5 2 1 2 3 3 3 0 9 0 0 7 0 2 4 5 3 1 0 0 0 0 5 0 1 2 1 0 0 1 1 2 1
7 0 4 0 7 5 3 1 0 2 0 0 40 636 317 276 648 921 175 69 111 542 864 87 211 116 102 28 35 40 13 2 35 659 282 503 1630 1012 273 516 607 26 159 63 4 590 455 60 12 5 3 6 14 37 15 4 89 96 697 3487 1266 18 39 95 152 2 67 216 232 11 42 20 43 240 58 97 18 64 43 0 28 2 23 51 116 89 16 16 12 7 55 17 5 10 38 34 2 7 103 23 10 14 2 0 5 5 0 1 0 1 2 2 6 8 27 20 8 23 44 17 187 92 90 75 94 8 66 3 3 11 45 37 14 156 25 188 7 6 219 465 44 76 11 5 58 13 18 23 249 139 141 5 8 1 3 6 3 6 0 1 8 16 1 6 70 57 14 44 12 10 50 26 101 143 6 32 3 11 33 8 64 258 105 170 5 66 4 4 8 33 23 11 10 26 5 1 41 20 5 40
6 1 0 1 5 4 4 3 1 1 0 1 709 26 79 175 1185 1720 1856 192 108 465 629 84 159 105 68 20 38 28 5 14 2259 941 125 50 1012 5392 71 510 356 17 158 815 67 1504 312 23 14 26 5 11 13 43 17 13 75 38 184 163 1515 11 18 74 40 25 61 107 86 8 19 32 1481 985 36 52 13 285 35 4 15 11 39 46 97 83 11 17 20 26 105 19 7 5 32 23 6 9 69 12 10 13 6 1 6 4 1 2 3 3 2 6 25 12 31 39 17 76 127 43 496 364 377 170 124 21 138 4 3 19 54 66 2 199 42 299 14 12 435 945 42 112 18 5 89 24 30 36 475 126 200 6 12 3 4 7 4 6 1 5 18 27 3 5 86 101 19 52 15 18 65 49 78 192 7 75 5 8 33 8 36 315 263 200 8 73 7 3 13 48 25 15 16 27 2 2 58 22 9 41
3 0 1 0 8 4 2 0 0 2 0 0 11 122 747 1683 25 2934 87 54 0 15 109 67 4 20 761 5475 24 38 53 2 36 159 63 261 273 71 10623 65 847 103 204 15 4 313 51 175 39 0 0 1 2 10 3 7 81 150 506 641 9353 60 84 347 8433 21 20 147 6444 38 106 9 13 15 202 627 0 2 3 0 62 1 4 21 7 16 2 43 31 1 116 24 3 9 31 76 0 2 14 67 2 0 0 1 1 0 0 0 0 0 0 0 8 81 467 19 1 122 19 529 41 697 69 3 6 1 4 14 1 48 3 3 1 8 12 30 4 2 37 73 766 5 181 0 2 21 248 546 20 1974 4 1 5 0 2 5 0 2 0 0 0 0 0 0 6 7 173 232 113 81 0 1 10 2 7 140 0 1 56 11 0 9 35 2 13 1 0 1 3 0 0 12 5 3 0 0 0 0 0 2
5 2 1 2 8 6 0 0 1 1 0 0 0 867 1091 214 542 112 354 558 38 3788 2805 3310 4058 3937 4772 396 29 23 10 1 94 145 4655 436 516 510 65 10335 566 161 1684 124 6 28 2941 1 79 1 0 2 3 50 6 4 158 30 611 158 74 87 172 754 177 7 239 136 92 41 3 18 114 90 42 19 7 15 21 1 2 1 36 104 71 249 7 6 29 13 103 31 1 24 211 27 1 7 307 46 1 3 0 0 1 0 0 0 0 0 0 0 2 2 3 17 4 27 51 8 114 116 150 28 14 4 35 2 1 8 10 11 1 17 4 32 7 0 83 210 7 34 4 1 10 3 3 5 64 34 38 3 0 1 0 1 1 0 1 0 2 5 0 1 5 21 3 12 5 5 2 7 4 20 6 16 1 1 7 0 4 19 29 19 6 3 0 0 7 4 3 11 6 1 0 0 7 7 1 4
808 355 590 556 650 1212 88 155 34 208 40 825 17 672 2518 1690 528 2079 473 629 913 691 8172 2932 218 585 925 502 78 314 458 245 334 384 58 168 607 356 847 566 7079 4548 2775 110 70 747 186 128 2861 169 296 247 13 43 425 1390 122 291 195 267 1577 279 208 491 439 101 91 320 376 346 218 320 210 145 733 242 152 75 145 23 326 87 795 213 1969 341 130 642 1277 227 1466 4270 606 842 1185 508 131 42 176 193 18 9 37 31 15 26 1 5 11 13 20 60 1 6 39 9 5 27 16 55 48 116 46 22 13 1 14 2 0 7 15 11 49 123 5 102 2 3 53 113 74 20 16 2 20 12 62 43 46 333 25 16 78 2 1 38 9 10 13 45 16 19 2 0 44 9 41 36 24 47 26 9 29 21 49 78 21 55 132 28 117 94 36 63 44 86 28 64 162 8 9 119 28 29 12 4 21 3 3 3
5 2 10 0 3 3 0 1 0 7 1 3 18 29 179 153 19 269 62 50 9 227 2002 4547 44 83 152 47 8 4 6 0 5 19 5 7 26 17 103 161 4548 5368 3972 37 44 235 36 23 1480 26 1 0 1 4 6 19 21 5 22 15 763 53 62 98 128 59 25 8 216 40 13 6 13 3 9 198 2 2 7 0 6 3 12 18 16 32 1 17 75 92 1289 282 5 76 307 14 2 2 26 4 0 0 0 0 0 1 0 0 0 0 0 0 0 0 4 3 0 2 3 4 4 15 8 0 0 0 1 1 0 1 2 0 0 1 2 4 0 0 5 6 13 0 1 0 0 19 62 8 2 123 1 3 15 0 1 24 0 0 0 3 0 0 0 0 1 0 25 34 6 30 0 0 1 2 25 74 0 2 114 29 1 3 1 3 19 1 4 3 14 0 0 34 3 0 2 0 0 0 0 0
23 4 13 7 11 16 2 2 1 7 2 6 69 88 420 313 133 772 278 259 42 1848 2440 5410 637 803 1164 82 151 64 37 5 58 94 303 52 159 158 204 1684 2775 3972 9283 116 207 1575 877 85 2072 85 1 7 14 176 20 41 433 57 544 68 4496 371 1748 14524 912 200 738 200 1612 138 47 24 69 38 75 647 11 10 22 2 23 3 79 299 143 591 15 71 235 302 6118 458 39 190 2241 42 6 8 592 135 2 0 0 0 0 1 0 0 0 0 0 0 1 6 28 4 2 20 14 39 26 73 42 5 6 1 6 3 1 2 3 4 0 6 1 17 1 2 22 65 68 4 12 2 3 58 278 29 17 790 6 26 78 0 0 162 0 0 2 15 0 0 1 0 5 7 167 183 56 131 1 1 7 5 185 458 3 27 587 180 2 13 20 6 147 7 10 49 60 0 0 186 43 6 2 0 0 0 0 0
11 1 2 4 3 6 4 0 1 1 1 4 7286 6 19 31 75 631 4127 135 72 248 133 24 104 36 20 9 7 24 10 2 108 42 38 1 63 815 15 124 110 37 116 9353 1744 2178 157 21 16 430 38 100 11 23 9 6 41 18 82 12 578 16 21 28 14 257 33 113 26 16 20 108 3300 2456 21 19 204 3117 3316 99 46 202 18 20 90 57 22 183 158 281 363 28 11 5 47 12 16 6 65 13 2 13 3 2 0 2 0 0 5 0 1 1 12 12 45 52 10 127 154 119 535 698 544 142 97 15 146 8 5 13 42 44 3 146 29 190 21 6 423 924 35 134 7 3 72 29 54 66 536 227 152 3 22 4 1 10 6 10 13 20 12 20 1 6 44 94 17 66 32 47 44 26 57 135 21 129 8 13 94 33 27 234 366 136 30 38 4 10 51 34 22 35 21 16 0 1 46 25 10 39
5 1 2 1 0 1 3 0 44 4 0 2 4027 2 5 2 15 12 209 29 1 8 7 4 1 0 3 2 1 5 1 1 12 8 1 0 4 67 4 6 70 44 207 1744 13427 2631 4 23 59 4532 25 115 5 12 2 2 1 2 6 0 33 35 43 36 17 5311 3 5 48 17 41 136 103 568 3 23 1266 963 522 107 95 315 3 1 6 3 1 403 687 5540 2140 41 7 10 111 3 265 29 7 2 3 0 2 0 1 1 0 0 0 0 1 1 0 4 31 1 0 5 3 19 6 22 8 2 2 0 2 1 0 2 3 6 1 8 3 17 0 1 18 16 49 2 10 1 4 113 568 19 14 1186 3 29 99 0 2 148 11 10 15 35 0 1 0 0 6 3 271 229 48 505 0 1 5 8 181 604 16 50 1344 370 8 19 7 4 251 12 9 98 108 0 0 301 35 5 4 2 2 1 1 0
3 1 4 1 3 5 0 1 7 2 0 2 5614 7 38 73 151 4242 3566 227 2 23 25 268 22 10 220 167 12 10 4 2 316 80 16 9 590 1504 313 28 747 235 1575 2178 2631 8361 51 56 131 86 2 3 2 6 4 12 46 13 38 24 945 70 90 1507 872 2842 34 20 330 36 44 111 702 726 16 86 85 48 188 1 17 4 10 15 11 25 0 50 98 364 1666 136 6 35 149 12 18 4 20 11 0 0 1 0 1 0 0 0 1 1 0 0 10 118 1225 42 5 255 51 939 119 1735 146 3 0 2 3 35 4 77 5 1 0 29 10 49 11 4 87 175 1248 11 282 2 3 163 1729 1469 79 6829 7 5 19 1 3 33 1 0 1 7 0 0 0 0 24 11 791 1097 346 1337 0 0 20 12 40 854 1 8 560 91 3 29 179 5 110 6 7 7 17 0 0 39 28 1 0 1 2 1 0 1
23 2 6 2 28 24 6 1 1 2 0 4 3 217 253 44 198 35 70 138 100 564 259 349 5166 221 1162 167 91 68 47 5 325 577 2818 298 455 312 51 2941 186 36 877 157 4 51 13488 2 23 3 1 20 43 172 55 20 472 123 1515 189 115 108 497 845 517 4 570 945 362 58 11 73 349 136 96 27 16 69 102 1 6 2 115 212 120 466 2773 5 27 3 135 32 14 18 182 72 1 12 682 157 3 2 2 1 4 1 0 1 0 3 1 0 1 1 5 12 6 4 32 5 88 33 40 54 29 0 29 0 1 1 20 14 6 43 15 102 2 0 115 240 8 31 2 1 33 9 10 6 98 42 36 0 9 3 0 2 0 2 1 2 8 15 1 1 31 23 11 14 8 5 11 9 32 58 1 25 1 0 9 3 10 64 38 47 8 10 0 0 6 6 7 4 1 7 2 1 16 8 3 13
4 0 4 3 2 5 2 0 0 2 0 2 8 0 5 1 1 126 10 2 1 9 3 10 2 1 2 1 6 10 7 4 20 37 2 3 60 23 175 1 128 23 85 21 23 56 2 12917 78 260 1 22 0 5 3 9 10 41 23 52 894 2988 201 38 43 20 5 11 3395 346 7073 7 14 4 28 10865 4 1 3 7 394 93 3 7 3 9 1 1818 4522 126 2593 55 11 71 131 15 1 0 5 3 0 0 0 0 0 0 0 7 0 0 0 0 1 0 3 2 0 0 0 3 1 5 0 0 1 0 1 0 2 1 3 5 0 3 1 5 0 1 1 2 8 2 1 4 7 124 64 2 12 80 3 204 1189 3 11 551 12 11 54 339 2 0 0 0 7 2 10 115 113 28 2 3 4 2 500 122 114 589 987 114 0 19 6 2 296 42 252 583 1722 0 2 1516 273 2 5 2 2 1 1 1
47 22 53 18 14 25 7 10 0 21 1 20 21 19 228 247 12 161 48 40 14 285 457 331 45 48 90 54 5 16 12 7 13 20 7 12 12 14 39 79 2861 1480 2072 16 59 131 23 78 13695 102 6 5 4 11 25 90 15 19 14 9 307 258 158 56 52 43 16 16 86 193 66 15 13 9 21 197 10 8 13 0 24 16 69 41 34 78 5 227 860 182 990 7816 174 2747 7565 21 3 6 30 8 1 2 0 3 0 0 0 0 0 0 2 2 1 0 3 1 0 1 1 4 0 3 1 1 0 0 0 0 0 1 1 1 1 3 0 6 0 0 9 4 1 1 0 0 2 12 12 1 2 48 0 15 79 0 1 44 1 3 5 31 0 0 0 0 5 0 14 22 9 18 1 0 3 0 65 33 12 50 132 24 9 8 3 3 39 6 10 47 122 0 0 145 22 2 3 0 0 0 0 0
12 4 11 4 8 7 3 2 48 10 1 3 413 0 1 6 10 5 56 12 3 5 4 3 5 2 2 0 5 7 4 8 13 9 1 0 5 26 0 1 169 26 85 430 4532 86 3 260 102 14582 274 1318 1 3 18 8 4 2 2 0 32 262 114 7 9 1559 7 8 89 68 122 69 46 861 3 154 948 540 188 1266 346 3350 13 10 5 4 1 1834 4415 11398 1815 208 31 32 165 4 233 26 3 1 1 0 1 3 0 1 0 2 0 2 0 4 2 0 7 0 0 1 1 2 4 5 1 1 1 1 1 2 0 1 3 0 3 6 0 6 0 0 10 4 2 2 0 4 5 76 71 5 14 100 5 133 717 1 4 251 44 35 116 327 2 0 0 0 3 4 8 95 46 196 4 1 2 1 325 117 122 413 937 164 12 22 5 9 255 17 167 1052 1220 1 1 1070 167 6 4 0 2 0 0 0
88 21 91 26 20 33 18 32 7 39 1 11 9 0 1 1 2 1 3 0 2 3 1 1 14 1 2 0 3 12 14 19 20 27 1 0 3 5 0 0 296 1 1 38 25 2 1 1 6 274 7986 10215 6 14 314 105 5 21 4 3 2 4 1 2 0 169 9 17 3 118 30 29 13 105 33 2 89 68 20 969 494 298 191 59 21 62 9 76 5 6 1 7458 6039 68 15 18 35 25 5 11 0 2 4 5 3 2 0 0 1 2 0 2 0 0 0 0 0 0 0 0 0 2 1 2 3 0 0 0 0 0 0 0 5 16 0 11 0 0 4 4 0 1 0 1 2 0 2 0 2 0 0 3 5 5 1 3 187 110 267 243 9 1 0 0 3 1 0 1 0 4 3 0 3 4 0 0 111 28 2 0 7 15 8 3 0 12 26 4 119 0 4 7 24 3 2 1 3 0 0 0
240 92 168 71 67 94 33 58 23 119 6 69 25 1 0 1 7 1 20 7 6 11 1 1 36 1 3 2 16 77 50 39 73 60 0 1 6 11 1 2 247 0 7 100 115 3 20 22 5 1318 10215 18711 23 26 633 152 8 52 11 3 4 20 9 8 6 666 17 54 16 170 222 84 42 420 104 17 360 209 70 8977 4983 1486 395 96 67 102 18 1546 324 164 73 1959 4861 24 14 57 176 31 13 22 18 5 18 7 4 16 3 11 4 6 12 17 0 0 0 0 0 1 0 0 1 1 0 5 5 0 1 0 0 1 4 5 12 49 0 42 1 0 5 14 0 2 0 26 9 9 13 1 6 3 4 14 22 67 5 35 1911 1759 3771 1354 104 13 11 3 26 1 0 3 3 23 28 4 11 4 10 1 569 133 41 2 45 56 40 14 3 119 234 85 1253 3 61 72 141 14 27 7 8 3 0 1
410 55 136 49 58 83 259 193 68 249 27 67 1 1 2 0 1 1 1 1 11 12 2 1 74 2 8 7 516 177 90 75 143 116 2 1 14 13 2 3 13 1 14 11 5 2 43 0 4 1 6 23 13271 6894 10095 7 59 93 26 2 1 5 18 25 33 4 78 145 24 1 1 167 90 64 222 0 120 42 99 2 5 2 1217 367 21 54 102 2 1 3 6 15 8 1 6 91 207 4354 39 45 12 4 17 14 5 20 1 2 9 2 14 28 0 0 0 0 1 2 1 1 5 2 2 9 6 1 2 0 1 0 8 3 19 97 4 71 0 0 28 21 1 0 0 2 13 1 0 0 10 0 5 0 1 1 0 1 0 4 0 0 11 21 3 0 36 2 1 0 0 0 26 5 23 6 0 0 1 1 1 0 81 97 18 25 1 56 0 0 2 6 9 1 1 36 9 2 4 1 1 1
2453 314 795 191 402 569 1002 1010 119 1125 82 505 1 9 10 6 12 4 2 2 20 60 31 31 395 15 91 23 5845 1036 494 380 543 432 18 8 37 43 10 50 43 4 176 23 12 6 172 5 11 3 14 26 6894 12122 717 30 624 353 60 20 38 35 108 158 176 6 1972 320 147 14 6 644 248 173 870 11 275 73 301 2 9 1 1698 5526 64 321 453 8 5 2 42 44 12 9 58 531 257 4075 324 447 54 30 108 98 40 91 5 9 41 21 52 142 0 1 0 1 0 0 1 1 15 0 0 21 21 2 6 0 0 0 32 15 115 353 5 287 1 0 71 69 0 4 0 8 47 5 0 1 26 16 17 0 8 9 1 0 3 7 3 5 40 78 11 7 144 7 6 3 0 0 99 29 84 18 1 7 4 5 6 3 389 276 70 56 1 221 3 0 6 10 43 2 5 121 31 12 34 5 0 2
375 68 195 55 60 126 146 157 39 214 11 95 0 0 5 3 2 3 0 1 10 18 5 10 78 2 13 2 163 90 72 88 158 133 3 2 15 17 3 6 425 6 20 9 2 4 55 3 25 18 314 633 10095 717 20017 735 32 108 37 5 11 6 22 15 19 13 56 140 22 44 15 167 75 56 251 3 84 38 106 49 116 24 8681 509 127 164 84 47 28 5 11 937 279 46 19 101 106 1560 46 35 7 13 25 17 11 10 1 3 5 4 11 46 0 0 0 0 0 0 1 0 4 1 0 18 6 0 2 0 0 1 8 5 22 100 3 93 0 0 18 22 1 2 0 4 12 0 2 1 7 3 2 0 4 1 0 1 11 7 13 15 8 16 2 1 34 1 1 1 0 0 26 4 29 7 0 2 5 1 3 0 103 79 17 31 0 67 3 1 9 2 5 3 0 28 8 8 8 0 0 2
188 62 154 73 93 135 32 49 5 76 10 94 1 2 8 8 5 19 4 1 1912 108 15 13 33 2 7 4 12 52 57 44 62 55 2 0 4 13 7 4 1390 19 41 6 2 12 20 9 90 8 105 152 7 30 735 2449 20 46 9 2 23 11 14 19 16 6 37 62 15 48 24 61 35 25 131 8 34 13 35 6 95 14 13254 298 5969 282 28 72 51 12 34 838 184 88 71 97 28 17 90 35 2 3 6 7 0 6 1 0 9 1 4 17 0 0 0 0 0 0 0 1 1 0 1 3 4 1 0 0 0 0 4 1 4 47 1 34 0 0 11 15 0 1 0 0 6 1 0 0 4 7 4 1 2 0 0 1 5 1 1 6 5 5 1 2 16 1 1 1 0 2 9 4 14 0 1 1 3 3 1 0 38 24 8 2 0 22 5 4 5 1 4 7 3 9 2 1 0 1 0 2
162 40 65 59 950 194 46 19 14 40 6 96 1 43 99 31 26 22 8 14 41 116 92 60 734 32 439 146 2771 5382 7118 106 163 120 51 41 89 75 81 158 122 21 433 41 1 46 472 10 15 4 5 8 59 624 32 20 6426 91 103 33 158 127 696 761 1019 6 7703 444 909 36 18 165 72 49 1248 49 75 10 51 0 12 1 132 642 104 936 2245 3 11 3 146 24 3 13 121 1457 43 81 3309 7941 2 2 53 30 15 39 1 3 16 12 27 43 0 1 2 0 2 1 9 1 34 10 5 15 13 1 5 1 1 0 4 6 38 89 6 68 0 0 48 99 7 6 1 2 21 2 17 1 36 63 25 1 1 1 0 6 2 4 0 1 17 22 1 0 24 8 24 14 7 8 29 6 30 20 4 33 1 3 19 4 107 40 16 25 9 50 1 0 5 7 13 7 3 41 9 1 9 4 1 7
92 11 17 13 232 223 69 3 5 15 2 22 3 249 378 37 35 19 9 24 315 665 206 5 213 9 41 69 222 139 125 3028 890 3255 22 212 96 38 150 30 291 5 57 18 2 13 123 41 19 2 21 52 93 353 108 46 91 11349 2842 224 30 24 41 60 347 1 189 11301 426 15 40 276 121 66 8238 51 42 43 99 2 32 2 276 316 434 223 127 22 11 1 26 86 30 13 20 4371 21 83 204 51 19 7 24 27 9 26 2 5 12 5 24 56 2 3 8 3 1 2 3 7 23 9 4 29 17 1 10 2 0 0 17 4 34 151 8 193 0 1 82 94 9 10 6 7 42 5 15 7 36 62 35 3 6 4 0 1 2 13 1 6 24 46 3 5 96 6 10 12 4 5 49 4 44 43 2 10 8 1 11 5 114 183 26 73 4 79 3 2 8 13 24 5 6 49 8 9 34 2 0 9
6 1 3 1 10 0 5 1 1 2 0 6 3 1269 1582 161 278 63 44 109 123 320 263 171 142 121 1772 826 30 31 16 27 199 1691 2013 3672 697 184 506 611 195 22 544 82 6 38 1515 23 14 2 4 11 26 60 37 9 103 2842 10100 4608 176 92 689 1350 2270 4 103 3381 1726 18 20 38 126 96 446 72 10 90 72 1 17 0 66 68 101 104 176 2 9 4 97 13 8 9 90 40 3 5 107 54 2 3 4 2 1 2 4 1 2 2 0 4 3 3 9 5 6 10 32 17 107 48 57 61 53 6 37 0 1 4 21 28 4 69 28 174 3 3 174 348 26 38 4 1 46 10 35 14 104 113 60 4 9 0 3 5 4 1 0 3 10 14 0 4 49 29 23 36 10 9 23 12 52 83 7 58 1 2 52 7 16 83 25 92 3 15 3 4 0 7 5 9 4 12 0 2 18 8 6 14
4 1 3 2 3 2 2 1 0 1 0 1 0 2271 1860 227 713 159 11 183 41 203 306 25 62 20 91 142 26 14 15 2 23 2974 275 3121 3487 163 641 158 267 15 68 12 0 24 189 52 9 0 3 3 2 20 5 2 33 224 4608 2998 166 31 38 82 456 2 18 532 553 4 27 8 25 41 81 84 2 35 16 0 20 1 11 18 37 27 9 6 9 1 31 9 1 3 16 28 0 5 37 30 0 3 3 0 1 0 0 0 2 0 1 0 1 4 14 1 2 5 5 20 30 26 13 23 14 2 19 0 2 5 12 9 3 49 6 37 2 1 36 89 48 15 5 1 18 3 16 22 44 116 30 1 3 2 0 3 1 1 1 0 5 6 1 1 14 9 11 13 6 9 12 8 34 45 1 9 0 0 11 2 9 72 12 51 3 20 2 1 3 2 5 5 2 6 1 0 14 3 0 14
10 1 1 1 12 6 4 1 0 4 0 7 62 21 246 177 136 4085 271 456 4 94 56 633 45 20 127 96 48 48 23 2 341 209 33 29 1266 1515 9353 74 1577 763 4496 578 33 945 115 894 307 32 2 4 1 38 11 23 158 30 176 166 12960 226 372 2751 1823 303 148 59 9159 114 398 90 490 22 65 7344 10 3 53 1 215 2 26 54 18 85 6 239 335 32 4298 236 36 100 502 34 7 3 68 47 0 1 0 0 0 0 0 0 0 0 0 0 7 29 396 23 5 60 21 116 46 250 38 3 2 2 3 29 1 23 4 4 0 11 12 28 5 7 43 78 554 4 184 1 6 200 1377 442 33 2905 5 13 43 0 1 108 0 0 3 15 0 0 0 1 22 5 601 1029 205 403 2 0 11 7 80 998 5 23 794 181 2 15 16 6 196 8 4 8 36 1 0 53 30 7 1 1 0 1 0 0
21 8 17 1 12 8 5 2 0 6 0 10 8 4 9 27 4 69 17 6 4 196 45 29 61 18 22 9 51 29 8 5 11 22 13 5 18 11 60 87 279 53 371 16 35 70 108 2988 258 262 4 20 5 35 6 11 127 24 92 31 226 16722 16001 353 188 24 109 38 2624 6075 2830 7 7 2 28 295 1 2 4 8 245 264 20 50 19 82 2 418 261 109 783 245 38 1709 1591 29 2 5 78 21 1 0 0 0 0 0 0 2 0 1 0 0 1 0 3 1 1 5 0 2 4 6 3 0 0 0 3 2 1 1 3 1 1 5 1 4 1 0 4 2 6 2 0 7 9 74 58 4 11 76 6 251 1376 9 10 326 31 16 74 548 1 1 0 0 3 1 11 96 95 39 2 0 7 1 356 136 231 955 867 99 2 12 7 2 213 29 448 499 2497 0 2 1441 320 2 11 3 0 1 1 1
12 1 5 0 6 9 8 5 0 3 0 5 9 25 61 30 17 167 42 24 14 174 59 43 93 32 103 35 279 215 68 3 14 45 180 113 39 18 84 172 208 62 1748 21 43 90 497 201 158 114 1 9 18 108 22 14 696 41 689 38 372 16001 20114 8558 6863 34 527 278 2537 1245 707 7 11 5 108 234 2 5 3 1 93 11 49 198 59 230 4 65 153 81 948 179 28 460 3544 36 2 25 213 209 1 0 0 0 0 0 0 1 0 0 0 0 1 1 11 3 0 7 4 17 4 21 13 0 1 0 1 1 1 2 0 1 0 6 1 3 0 0 5 17 23 1 2 5 4 83 86 9 18 154 3 56 312 0 8 355 2 2 8 72 0 0 0 0 7 3 35 131 61 43 1 1 4 5 357 203 29 108 705 139 0 11 8 3 241 23 49 174 307 0 0 592 115 1 1 1 0 1 0 1
8 2 2 1 11 6 3 3 0 1 0 3 23 169 271 142 47 1016 163 76 22 260 150 1481 226 385 3391 649 244 151 53 3 29 62 555 372 95 74 347 754 491 98 14524 28 36 1507 845 38 56 7 2 8 25 158 15 19 761 60 1350 82 2751 353 8558 15492 12901 116 637 367 2733 81 35 8 30 19 121 145 4 6 5 1 11 2 74 243 66 398 21 12 35 23 1467 42 8 35 699 43 0 13 368 317 1 0 0 1 0 0 0 0 0 0 0 0 3 16 116 8 2 46 11 125 21 159 39 5 3 1 5 8 0 6 4 2 0 3 4 14 4 2 24 68 318 1 47 0 3 40 252 107 18 1480 4 4 11 0 1 11 0 1 0 1 1 1 0 0 7 4 211 235 94 108 1 1 5 6 17 267 0 4 181 37 1 12 13 2 48 0 1 4 7 3 0 30 8 0 0 0 1 0 0 1
47 0 7 2 33 7 12 4 0 3 0 2 27 220 480 508 17 824 102 31 18 61 52 78 42 59 2383 3146 399 411 223 8 28 229 292 868 152 40 8433 177 439 128 912 14 17 872 517 43 52 9 0 6 33 176 19 16 1019 347 2270 456 1823 188 6863 12901 13256 80 397 758 11286 44 47 20 16 20 792 113 1 5 9 2 33 0 73 160 85 214 17 13 22 18 344 39 9 20 192 195 3 44 160 579 0 1 0 0 0 2 0 0 0 0 0 0 2 43 318 22 6 44 31 248 71 282 52 5 3 4 7 30 0 25 2 6 0 12 10 38 3 4 46 125 822 15 160 1 2 104 563 261 29 3368 13 1 12 0 0 22 0 1 0 5 0 3 0 0 17 14 520 651 266 162 2 2 8 8 25 587 0 1 293 59 4 11 13 3 83 1 0 2 3 4 2 23 7 1 0 0 4 1 0 4
8 0 7 2 3 1 1 4 19 3 0 3 2290 0 2 5 6 341 96 4 0 10 6 7 5 3 8 6 3 7 4 3 14 9 0 1 2 25 21 7 101 59 200 257 5311 2842 4 20 43 1559 169 666 4 6 13 6 6 1 4 2 303 24 34 116 80 3514 6 8 108 20 33 24 30 1120 4 48 428 574 75 589 151 745 12 3 2 5 1 569 336 988 1568 106 36 15 86 4 103 12 3 2 0 0 1 0 0 1 0 1 1 1 0 1 0 1 142 2 0 1 4 31 16 92 8 0 0 0 0 2 0 2 0 1 1 12 0 4 0 0 8 13 48 0 9 0 1 49 457 155 7 1024 2 4 33 2 3 42 24 20 50 55 3 1 0 0 3 1 89 103 22 2461 2 0 3 1 54 141 32 25 288 95 3 10 74 5 66 4 14 24 82 0 2 90 21 0 1 1 0 0 0 0
770 213 512 181 388 536 79 179 26 274 36 401 3 15 35 9 29 22 6 12 18 177 76 116 1524 69 372 45 6276 898 488 367 441 230 52 17 67 61 20 239 91 25 738 33 3 34 570 5 16 7 9 17 78 1972 56 37 7703 189 103 18 148 109 527 637 397 6 11114 364 316 40 19 481 142 95 1237 23 170 17 139 1 7 0 288 7132 446 4023 1621 10 25 5 147 49 13 22 202 662 120 64 2109 2337 35 24 104 96 23 91 3 7 23 17 50 129 0 0 1 1 1 3 5 1 22 4 4 23 25 2 5 0 1 3 28 8 96 221 4 154 0 0 48 61 6 6 3 8 37 5 18 1 22 35 13 1 5 14 1 2 5 9 3 5 28 37 5 8 67 6 12 10 7 3 64 16 37 13 1 26 5 6 13 3 269 135 40 16 4 159 6 2 9 4 33 8 6 95 25 7 27 3 1 2
17 8 19 10 20 21 18 5 1 11 1 5 2 237 344 56 36 25 14 25 360 815 295 44 723 18 354 197 105 89 81 168 310 2884 131 269 216 107 147 136 320 8 200 113 5 20 945 11 16 8 17 54 145 320 140 62 444 11301 3381 532 59 38 278 367 758 8 364 3933 677 30 19 185 228 206 4152 44 27 154 199 5 21 1 340 303 333 337 5059 13 10 5 47 64 29 14 51 135 3 24 389 507 16 11 3 5 5 5 3 0 5 1 4 9 2 0 7 2 3 4 9 4 76 16 15 70 30 2 24 2 0 2 29 24 8 156 36 305 1 2 247 359 11 24 3 3 73 4 15 5 84 52 65 0 3 4 1 1 7 8 1 5 22 30 1 4 90 23 11 15 7 2 40 10 102 69 1 24 3 5 24 5 38 221 50 141 2 40 3 1 2 10 26 7 12 15 3 2 34 8 3 21
65 4 5 4 41 12 41 5 1 2 0 5 17 52 148 223 26 624 48 21 9 75 42 68 45 16 107 165 424 423 303 8 56 333 119 233 232 86 6444 92 376 216 1612 26 48 330 362 3395 86 89 3 16 24 147 22 15 909 426 1726 553 9159 2624 2537 2733 11286 108 316 677 13224 476 1404 33 25 6 855 4611 3 2 8 2 415 7 56 141 73 213 16 265 280 98 2218 63 28 90 673 277 1 58 153 378 2 1 0 1 0 0 0 3 0 0 0 2 3 5 54 8 1 15 10 37 38 45 28 2 5 3 8 11 1 4 11 3 1 14 5 21 2 1 31 60 124 13 25 1 11 287 865 32 37 1731 10 66 219 1 9 550 5 1 6 50 0 1 0 1 13 5 493 727 198 203 3 0 4 10 513 1418 32 67 1841 502 2 29 7 11 516 22 26 133 186 4 0 549 123 2 3 1 0 4 0 1
41 22 43 15 10 20 7 13 2 18 0 17 3 1 11 14 2 33 8 5 6 86 21 15 26 6 9 2 17 26 13 5 17 22 6 2 11 8 38 41 346 40 138 16 17 36 58 346 193 68 118 170 1 14 44 48 36 15 18 4 114 6075 1245 81 44 20 40 30 476 2192 1197 18 12 12 38 124 11 3 12 10 1098 267 72 39 13 59 8 877 193 73 361 713 1630 1294 1015 24 5 6 32 11 0 0 0 0 2 1 0 4 1 0 1 2 0 0 0 0 0 4 0 0 1 3 0 1 1 0 2 0 0 0 0 1 8 6 0 3 0 0 5 1 4 0 0 6 7 13 16 1 3 35 2 71 243 14 3 84 48 158 165 542 3 1 0 0 4 0 7 12 15 16 1 0 7 1 56 39 336 417 162 33 3 12 12 1 35 27 342 87 1280 1 2 260 168 1 5 2 2 2 0 0
28 13 19 4 4 15 5 7 2 12 1 5 7 2 7 5 1 72 6 1 3 15 5 6 5 1 6 1 14 17 7 5 24 52 1 1 42 19 106 3 218 13 47 20 41 44 11 7073 66 122 30 222 1 6 15 24 18 40 20 27 398 2830 707 35 47 33 19 19 1404 1197 14752 6 16 13 44 763 10 7 5 30 7154 546 37 20 6 25 4 4186 608 169 1215 200 356 149 120 25 4 4 7 10 3 0 1 0 0 1 1 5 0 1 0 1 1 0 0 1 0 0 1 1 2 1 0 1 0 0 0 0 2 0 0 2 1 6 1 2 0 0 1 1 4 4 0 8 9 29 25 0 4 39 2 111 404 26 10 148 85 207 312 1009 8 1 0 0 3 2 8 32 34 28 5 0 4 1 126 69 519 820 299 38 2 13 19 3 73 43 638 212 2416 1 4 450 279 2 12 1 1 0 0 0
