32355 8133 8649 630 3663 4518 10457 7342 222 1092 184 6150 3 2 7 2 5 7 4 10 137 126 14 12 60 5 17 7 5039 7936 1496 50 115 25 1 2 4 32 7 17 745 26 54 6 2 7 13 83 83 18 299 441 1004 713 735 302 51 19 1 0 18 137 38 24 25 6 235 36 68 108 117 54 54 11 111 63 32 1 51 18 368 21 1697 943 975 192 26 99 224 10 79 558 174 68 139 1397 177 2127 54 57 93 9 95 106 2 134 51 19 57 86 116 385 0 0 0 0 0 1 3 2 7 1 0 13 6 0 0 0 0 0 13 0 96 83 1 20 0 0 51 12 3 4 1 5 14 0 2 0 4 7 2 2 4 1 0 5 7 4 8 4 4 8 4 11 18 1 1 2 2 1 5 1 3 2 0 1 3 6 11 1 111 23 3 1 2 42 3 1 22 3 5 8 2 30 71 10 3 2 1 0
8133 22271 9315 12418 2395 8981 424 250 33 170 67 6252 2 0 3 2 0 2 3 3 182 101 11 3 35 3 0 2 875 2222 48 29 63 8 1 0 0 8 0 6 661 7 22 0 3 1 6 28 38 4 72 97 192 149 227 239 3 5 0 1 7 53 15 7 9 1 103 12 13 38 43 32 12 9 17 17 13 0 13 5 137 3 687 368 777 183 6 34 106 7 36 189 54 26 50 131 176 161 42 10 71 15 70 166 6 232 23 17 41 67 114 628 0 0 0 0 0 0 0 0 0 1 0 7 6 1 0 0 0 0 25 0 209 137 1 23 0 0 37 4 0 0 0 6 18 0 0 1 4 1 1 0 0 2 0 0 2 3 4 2 8 16 5 24 40 0 1 0 0 0 4 3 6 4 0 1 2 3 3 0 222 27 6 3 0 77 1 1 5 1 3 1 1 45 117 17 5 2 2 1
8649 9315 16770 2196 70 1271 438 8407 150 3605 133 33838 0 1 2 2 1 1 0 0 126 95 4 6 25 2 1 1 679 145 23 11 30 6 1 0 4 9 3 4 405 6 10 1 3 6 5 34 21 6 83 148 223 153 179 134 3 7 0 0 1 40 10 6 5 1 103 6 14 30 44 29 12 11 19 20 10 0 12 4 101 5 503 314 434 76 10 33 77 7 23 180 56 21 47 59 372 343 29 9 115 12 359 225 8 325 56 27 124 137 191 840 0 0 0 0 1 0 0 0 1 0 0 4 8 0 0 0 0 0 13 0 244 122 0 14 0 0 22 6 0 1 0 4 11 0 2 0 0 0 0 0 0 0 0 3 4 2 2 1 2 11 4 23 30 0 0 1 0 1 6 4 5 3 0 0 1 1 5 0 218 23 4 3 1 75 3 3 3 2 7 3 0 49 202 14 5 0 0 1
630 12418 2196 12412 3376 17658 29 22 21 49 34 7481 0 0 0 1 1 3 2 1 128 75 0 1 16 0 3 1 149 774 20 8 42 2 0 0 1 4 0 6 248 4 5 1 1 1 1 4 4 2 14 30 25 26 46 84 2 4 0 0 2 9 2 1 3 2 26 0 2 6 13 19 10 3 10 7 12 0 13 0 31 0 196 94 356 93 3 9 17 0 11 52 10 5 11 69 149 45 31 3 65 16 78 158 10 216 30 16 35 91 109 608 0 1 0 0 0 0 0 0 1 0 0 7 8 1 1 0 0 0 21 0 242 118 0 26 0 0 22 5 1 0 0 8 17 1 0 0 0 0 0 0 0 1 0 0 2 4 0 1 2 13 2 17 20 0 1 0 0 0 5 11 6 0 0 0 1 0 1 0 201 18 4 2 0 59 1 0 0 1 13 0 0 51 145 18 4 4 1 1
3663 2395 70 3376 10947 8361 853 75 16 35 109 4596 0 3 4 5 4 9 2 8 280 234 23 2 60 8 3 7 2085 9829 7524 95 102 29 0 0 1 33 1 7 568 6 18 2 0 2 5 26 14 2 47 67 137 127 138 208 156 36 1 0 9 32 17 12 10 0 188 27 41 23 19 43 82 4 177 22 18 0 34 2 88 1 540 309 810 200 32 21 58 0 23 126 35 23 27 1923 53 239 93 55 5 1 4 14 1 19 0 3 4 5 7 49 0 0 0 0 4 0 2 1 2 3 3 3 2 0 1 0 0 0 0 0 19 14 1 10 0 0 16 10 0 1 0 0 4 1 2 0 6 3 0 0 1 0 0 0 0 0 3 3 1 1 0 0 5 0 2 0 0 0 0 2 0 1 1 2 0 0 0 0 30 12 3 0 1 3 0 0 5 0 2 0 0 7 7 2 0 0 0 0
4518 8981 1271 17658 8361 13752 752 98 62 136 333 15058 0 0 5 0 6 2 2 4 398 375 20 7 83 3 4 2 676 4739 747 1454 433 16 0 0 0 25 2 15 500 5 15 1 0 1 7 21 13 4 34 52 112 98 102 170 10 10 1 0 5 27 7 4 2 0 59 13 27 9 15 147 87 29 54 9 44 0 71 0 45 1 383 184 671 148 10 16 35 2 14 70 22 14 22 3043 316 244 127 13 111 22 107 219 13 298 32 17 60 94 189 881 0 0 0 1 2 1 1 1 6 1 1 14 9 1 1 0 0 0 31 1 322 236 1 52 0 0 49 9 0 3 1 8 21 1 0 0 3 3 3 1 0 2 0 3 1 3 0 2 16 14 11 30 53 0 0 2 0 0 15 6 11 3 0 1 0 0 4 1 330 32 8 6 0 94 0 0 0 2 12 0 1 79 225 22 20 3 1 0
10457 424 438 29 853 752 12440 4967 761 2062 277 1560 3 2 4 8 5 1 2 4 50 80 13 2 23 1 3 3 4638 1368 582 47 112 15 0 0 5 25 7 10 105 6 23 5 13 3 8 33 23 14 150 186 743 361 405 40 25 21 1 2 9 44 20 8 20 6 75 22 52 52 45 119 25 18 102 14 216 8 85 4 159 17 635 271 175 31 16 38 82 12 23 180 72 17 39 645 1069 6881 16 46 15 3 11 24 0 26 18 2 15 26 19 60 0 1 0 0 1 0 1 2 4 1 0 2 0 0 0 1 0 0 7 0 28 36 0 12 0 0 19 15 0 0 0 1 7 1 1 1 2 7 2 0 3 0 0 2 1 2 3 3 1 2 0 3 4 0 1 1 2 1 4 0 1 3 0 3 3 2 4 0 25 10 3 5 1 12 1 0 7 0 2 1 4 8 14 5 3 0 0 0
7342 250 8407 22 75 98 4967 24667 2618 23083 1190 2851 1 3 0 2 1 1 2 0 8 14 2 1 7 2 5 3 545 147 32 13 54 3 0 0 0 6 1 5 196 2 12 2 4 5 2 23 26 9 100 147 384 207 240 77 0 2 0 0 4 50 8 9 9 1 74 7 10 37 34 68 16 6 16 8 127 0 42 5 139 12 517 270 235 30 11 34 56 2 29 186 65 20 41 55 1766 1378 8 8 79 6 104 41 12 56 51 14 167 59 74 231 0 0 0 0 0 0 0 0 0 0 0 2 1 0 0 0 0 0 7 0 38 29 0 5 0 0 8 2 0 0 0 1 4 0 0 0 0 0 1 0 0 1 0 2 1 1 2 1 3 3 3 7 3 0 0 0 0 0 3 1 0 1 0 0 2 2 2 0 52 4 1 1 0 23 0 1 7 0 2 1 3 4 58 12 1 1 0 0
222 33 150 21 16 62 761 2618 1838 1434 442 887 47 1 1 0 1 2 6 1 4 9 2 0 4 0 0 0 64 21 6 65 225 3 0 0 0 1 0 2 8 1 1 12 146 19 0 5 4 141 17 44 86 18 25 5 1 3 0 0 0 3 1 1 0 34 10 0 2 6 4 376 30 104 15 1 596 37 307 18 23 97 37 17 6 4 0 119 57 63 82 19 5 1 3 78 3062 1479 6 1 7 1 3 5 1 4 3 1 6 2 4 17 0 1 1 0 0 0 2 8 2 7 3 4 0 0 0 0 0 0 0 0 4 13 0 8 0 0 12 4 2 2 2 0 2 0 1 0 3 9 2 0 1 0 0 0 2 2 6 8 0 1 0 3 2 0 4 1 2 1 1 0 0 2 0 3 1 3 13 1 14 10 6 0 2 5 3 3 6 0 0 3 1 2 2 1 2 0 1 0
1092 170 3605 49 35 136 2062 23083 1434 22869 14382 21148 1 1 2 1 1 0 2 0 23 23 7 4 10 0 2 1 236 62 19 22 89 1 0 0 0 4 0 5 71 5 7 1 2 0 2 10 16 5 48 58 223 89 110 34 0 2 0 0 3 12 4 5 0 1 35 3 8 23 20 143 11 3 10 8 128 1 38 2 59 5 240 95 100 22 3 14 27 3 16 77 25 7 12 49 3958 1673 4 2 204 12 111 189 9 284 71 37 129 222 197 789 0 0 1 0 0 0 0 0 3 1 2 5 9 0 2 1 0 0 17 0 155 77 0 10 0 0 9 0 1 1 0 3 8 0 2 0 0 4 1 0 0 2 0 2 1 3 2 2 6 16 8 15 13 0 1 0 0 0 3 1 4 2 0 0 0 0 5 1 138 5 3 1 0 43 0 1 3 1 3 2 0 20 147 20 6 2 0 0
184 67 133 34 109 333 277 1190 442 14382 3400 10148 0 0 0 2 0 1 0 0 48 44 3 1 6 0 1 1 75 125 37 65 184 3 0 0 0 1 0 3 35 1 2 2 3 2 0 0 1 1 4 8 54 14 13 12 2 0 0 0 0 5 1 1 1 3 12 1 4 1 2 786 9 15 4 1 210 1 74 1 9 2 43 19 31 9 1 4 11 1 2 8 3 2 4 316 2292 557 8 1 115 14 87 149 18 251 33 20 65 128 172 670 0 0 0 0 0 0 2 0 1 2 0 5 5 0 1 0 0 0 19 1 197 140 0 19 0 0 19 3 0 0 0 3 16 1 4 0 0 4 1 0 0 2 0 2 1 1 0 2 5 14 5 13 33 0 1 1 0 0 3 4 8 0 0 0 2 0 0 0 197 10 5 1 0 68 1 1 1 2 5 1 1 43 155 23 9 1 0 1
6150 6252 33838 7481 4596 15058 1560 2851 887 21148 10148 37452 4 4 13 8 10 11 8 9 1001 1158 51 13 213 13 10 4 1108 5083 394 2061 2417 60 3 0 8 80 2 25 1041 7 36 6 8 6 12 33 27 10 84 114 286 158 204 253 9 64 0 0 7 38 20 22 17 0 122 30 48 37 32 2959 247 92 256 26 895 3 522 9 126 3 659 371 1155 295 21 29 76 2 15 135 46 18 51 4380 5926 1476 261 18 498 89 470 1056 46 1366 182 125 295 529 846 4002 0 1 2 0 2 3 1 0 23 3 6 65 43 3 2 1 1 0 150 7 1486 919 2 156 0 1 205 57 1 5 0 35 121 0 13 1 22 12 2 1 1 6 0 2 4 14 2 2 35 86 32 143 249 0 2 1 1 1 46 59 52 6 0 4 9 2 10 0 1412 161 38 14 3 424 3 1 4 10 44 0 2 319 939 113 41 12 2 11
3 2 0 0 0 0 3 1 47 1 0 4 5560 0 1 19 27 1411 8289 87 0 4 6 3 0 1 3 2 2 3 0 1 1 2 0 0 2 541 15 0 17 3 18 3559 3015 2190 2 26 3 317 2 3 3 1 0 0 0 1 0 0 27 9 9 6 6 4245 1 1 14 2 6 66 251 455 5 16 555 761 990 5 14 25 1 1 1 0 0 99 180 144 191 10 0 0 13 6 200 38 3 0 0 0 0 1 0 0 0 1 0 0 1 1 5 21 207 4 9 44 16 521 81 747 37 2 3 0 0 4 1 31 8 1 4 7 1 16 1 1 29 58 204 11 145 1 0 21 18 11 50 501 7 2 15 1 1 8 1 3 2 6 3 6 1 2 9 5 79 76 16 187 3 5 0 3 12 105 1 6 123 17 4 9 42 3 24 7 2 13 23 1 0 23 4 5 2 0 1 0 0 0
2 0 1 0 3 0 2 3 1 1 0 4 0 13934 9815 446 1383 70 31 403 32 22 166 111 3 9 1803 1422 245 5 25 2 27 264 6071 7287 1315 334 125 245 510 27 111 9 0 3 799 16 4 0 2 0 6 12 4 0 41 103 1551 1130 9 16 35 181 203 0 125 838 253 2 4 2 19 16 37 12 2 3 3 0 10 0 9 6 7 5 12 2 15 0 10 28 2 12 20 12 0 4 10 11 0 0 0 0 0 0 0 0 0 0 0 0 28 13 1 16 30 71 90 21 138 367 204 3 9 4 12 3 2 25 0 0 0 4 2 8 21 7 43 161 2 78 3 0 5 4 1 0 45 9 31 3 3 0 1 1 0 0 0 0 1 0 0 0 6 13 4 13 1 1 0 2 0 10 0 4 2 1 4 1 1 6 17 2 1 4 0 0 1 1 0 0 8 1 0 0 2 1 0 4
7 3 2 0 4 5 4 0 1 2 0 13 1 9815 16454 4784 1976 811 74 1749 58 42 346 159 7 36 983 2437 243 17 39 3 39 244 1526 838 543 431 519 115 1301 54 127 9 1 11 240 49 45 3 5 3 6 7 2 4 43 68 548 539 35 38 43 70 410 1 92 453 710 12 7 6 22 16 49 36 4 0 8 0 6 0 11 6 10 7 3 6 50 2 40 114 4 14 55 30 0 4 6 13 1 0 0 0 0 0 0 0 0 0 1 1 32 24 5 19 23 48 68 42 119 296 176 2 10 6 12 5 3 21 1 0 0 7 2 17 18 7 52 123 20 84 10 0 6 14 2 0 59 18 45 1 1 0 1 0 0 1 0 1 0 1 0 0 5 14 5 15 5 0 1 3 2 9 2 6 1 1 6 0 1 12 15 5 3 4 0 0 2 1 1 2 4 1 0 0 4 0 1 1
2 2 2 1 5 0 8 2 0 1 2 8 19 446 4784 25559 1147 8271 3612 2395 22 25 247 198 8 23 446 3335 156 11 21 2 18 180 105 76 241 526 3574 52 1715 90 198 22 4 17 47 48 44 1 7 0 4 2 6 2 16 58 112 210 126 24 30 84 339 2 49 193 1393 13 8 1 43 31 45 67 1 1 2 0 7 0 6 5 2 0 5 6 53 6 41 99 5 17 62 29 1 2 8 2 0 0 0 1 0 0 0 0 0 0 0 0 36 159 133 21 11 296 22 407 82 1565 89 5 5 4 7 27 5 262 7 1 2 3 1 20 21 5 29 64 322 34 169 0 4 27 2 6 112 41 14 5 7 0 0 2 0 1 0 0 0 1 0 1 23 5 16 75 8 7 0 0 4 10 2 41 1 3 12 2 0 9 55 6 2 7 0 1 0 1 0 2 3 3 0 0 4 0 0 3
5 0 1 1 4 6 5 1 1 1 0 10 27 1383 1976 1147 1347 423 620 2910 55 40 232 67 7 16 58 41 123 20 30 3 58 334 242 964 632 3276 95 58 643 35 56 23 7 17 120 24 19 2 3 1 1 3 1 0 22 77 414 752 44 10 17 19 23 4 46 304 87 10 4 5 49 62 83 22 2 10 7 1 3 1 13 1 6 5 7 5 26 4 39 66 4 10 23 39 0 5 5 16 2 0 1 0 0 0 0 1 0 0 0 1 48 20 10 31 47 26 119 19 239 167 168 29 55 9 43 8 8 19 1 0 0 6 6 51 37 9 158 232 8 166 10 2 9 20 5 1 186 10 102 5 2 2 1 2 0 3 0 0 1 1 0 0 7 22 3 39 6 3 3 0 2 34 2 12 0 2 3 1 6 59 17 12 2 37 1 2 2 2 2 6 14 5 0 1 8 8 2 11
7 2 1 3 9 2 1 1 2 0 1 11 1411 70 811 8271 423 13588 4876 2179 13 32 131 510 12 13 506 243 58 6 19 5 39 103 25 24 227 3063 3461 34 1500 82 1194 337 96 3521 25 125 68 15 5 6 4 9 15 5 4 25 39 95 3961 90 91 452 187 579 35 66 1505 28 22 6 430 159 77 593 6 27 18 0 10 0 16 12 13 10 5 17 106 16 721 98 1 26 242 38 0 7 10 5 0 2 0 1 2 1 0 5 0 0 0 1 52 555 913 60 24 637 100 2054 312 4825 168 7 11 8 7 126 16 630 63 11 6 16 7 100 26 7 120 217 1780 46 1411 2 11 115 71 137 369 950 19 18 15 0 1 6 0 6 0 3 6 15 1 16 61 8 379 675 34 329 6 24 37 27 15 307 6 10 93 13 8 26 133 14 20 16 1 4 7 7 2 23 29 29 4 1 4 3 2 2
4 3 0 2 2 2 2 2 6 2 0 8 8289 31 74 3612 620 4876 82671 10810 12 14 54 206 12 15 253 62 21 7 7 5 13 16 48 5 63 5716 115 90 498 57 320 12052 469 2379 42 214 41 90 5 3 3 4 6 5 3 7 9 5 382 105 79 149 42 1517 14 31 168 19 56 13 917 5060 55 183 39 1593 161 2 20 17 10 11 13 5 7 86 334 72 692 106 2 17 154 39 24 4 4 2 2 2 0 1 2 1 0 4 0 0 0 1 498 979 1243 381 182 2273 524 2864 1954 16453 1463 49 103 49 128 166 60 1426 24 9 4 31 24 184 283 50 427 1059 1392 701 729 8 33 197 74 72 1898 499 237 30 23 4 6 13 0 9 4 11 5 13 1 10 66 130 112 478 56 349 8 18 33 80 32 232 5 20 177 27 10 145 1601 23 30 94 1 9 21 7 9 41 66 26 8 2 10 10 8 39
10 3 0 1 8 4 4 0 1 0 0 9 87 403 1749 2395 2910 2179 10810 6171 40 38 221 130 13 31 98 45 78 8 22 2 39 252 106 162 328 1627 201 66 790 64 147 37 5 61 61 44 62 1 6 2 1 2 13 2 14 72 153 333 107 46 27 26 19 12 34 152 159 20 10 2 55 81 75 73 2 22 13 0 9 0 12 4 7 2 8 15 87 4 93 211 2 36 88 35 1 6 6 8 0 1 0 1 1 1 0 0 0 0 0 1 123 56 34 69 66 56 112 35 429 608 259 37 67 20 56 26 8 81 3 3 0 9 14 43 62 9 130 259 32 279 39 2 11 43 9 5 275 30 117 11 4 0 2 4 0 4 1 4 2 1 0 0 17 43 7 72 10 10 8 3 3 47 3 19 5 6 16 0 6 57 34 13 3 25 0 3 3 4 4 10 23 4 3 0 13 8 4 22
137 182 126 128 280 398 50 8 4 23 48 1001 0 32 58 22 55 13 12 40 6702 4863 3250 78 798 207 26 13 207 160 333 110 286 283 4 4 45 366 11 247 829 27 87 5 0 5 63 17 14 0 18 5 21 10 70 1447 31 251 10 4 20 38 62 40 24 1 69 267 82 10 1 40 382 29 1105 18 17 0 45 1 6 1 899 49 3416 427 96 1 23 0 22 38 2 15 83 821 23 24 585 138 0 1 2 4 0 2 0 1 1 3 5 11 1 1 2 0 2 1 6 3 17 3 8 7 7 0 1 0 0 0 0 0 8 28 1 25 1 0 72 37 3 4 1 1 9 2 1 0 21 8 2 0 0 0 0 1 0 0 0 0 2 3 0 0 10 0 1 3 0 0 5 0 0 6 0 5 0 0 4 1 22 23 9 4 2 17 0 1 1 1 3 0 2 6 4 0 1 0 0 0
126 101 95 75 234 375 80 14 9 23 44 1158 4 22 42 25 40 32 14 38 4863 23444 3678 554 8886 2091 264 32 377 171 400 165 398 540 24 6 49 717 21 2349 899 161 802 20 3 12 279 100 93 2 15 16 32 40 49 382 78 478 37 18 69 222 352 254 84 3 261 564 168 71 22 85 746 42 1984 81 31 0 137 0 26 2 558 220 3746 1344 337 21 93 4 123 161 13 78 683 1290 33 45 2693 254 1 0 0 0 1 3 0 0 0 1 2 11 2 1 2 4 12 6 13 6 51 14 24 11 9 3 3 3 0 2 0 3 9 42 5 54 1 1 171 156 6 16 5 7 9 6 1 0 49 17 11 4 5 2 0 1 0 1 1 2 6 5 0 2 15 3 3 13 6 1 2 4 5 13 5 19 2 0 29 6 31 63 17 6 8 17 0 1 5 0 2 11 5 9 5 1 1 2 3 2
14 11 4 0 23 20 13 2 2 7 3 51 6 166 346 247 232 131 54 221 3250 3678 7312 5879 532 7326 864 121 161 31 41 18 133 423 27 14 186 877 150 4750 5635 2151 1077 8 5 11 178 40 174 2 8 7 16 14 16 20 26 255 52 52 50 78 102 91 55 1 86 436 143 25 13 11 238 8 495 54 3 3 23 0 8 1 60 70 151 98 91 9 74 7 68 192 10 51 329 151 4 13 131 25 1 1 0 1 0 0 0 0 0 0 1 2 0 2 1 2 1 5 2 9 12 18 6 6 4 2 1 0 0 2 1 0 1 6 0 9 1 0 27 36 5 9 8 2 2 2 1 0 9 10 4 0 4 0 0 1 0 1 0 0 1 2 0 0 3 2 1 8 4 0 0 0 3 3 7 13 0 1 13 1 5 10 2 0 6 5 0 1 2 0 5 5 2 1 2 0 0 1 0 1
12 3 6 1 2 7 2 1 0 4 1 13 3 111 159 198 67 510 206 130 78 554 5879 12369 422 10642 2994 258 200 7 11 1 6 27 281 12 19 88 259 4188 2776 4218 3267 7 3 179 930 27 204 4 5 8 16 48 25 10 9 15 96 18 399 62 61 282 122 3 245 411 153 18 13 3 31 6 20 55 2 3 7 0 16 0 79 134 110 111 227 13 76 3 137 235 7 33 231 28 0 10 125 14 0 0 0 0 0 0 0 0 0 0 0 0 0 5 5 3 3 21 14 64 19 82 24 3 2 0 3 1 1 5 1 0 0 1 1 9 1 3 17 26 62 9 19 1 0 2 3 2 9 50 3 1 2 0 0 1 0 0 0 0 0 1 0 1 1 5 10 22 2 0 0 1 2 3 4 12 1 0 7 4 1 4 3 1 3 2 2 0 1 0 0 7 7 0 1 1 0 0 0 2
60 35 25 16 60 83 23 7 4 10 6 213 0 3 7 8 7 12 12 13 798 8886 532 422 13511 633 265 54 679 46 131 35 83 95 33 1 14 190 5 4748 338 71 696 12 0 17 2510 54 37 2 26 23 97 191 79 168 1053 67 15 3 61 164 407 551 97 2 1925 957 96 50 15 17 329 21 254 34 3 1 46 1 34 0 627 991 1916 2828 4974 9 67 6 69 94 20 76 577 207 12 21 5167 459 1 0 1 0 0 0 0 0 1 0 0 4 3 2 2 3 7 1 24 7 33 23 29 8 6 2 6 1 0 2 1 3 0 17 2 37 2 1 99 105 2 23 3 2 8 1 3 1 31 11 6 0 2 0 0 2 1 0 1 0 0 0 0 1 15 5 3 3 5 0 3 0 5 14 3 12 0 1 12 5 7 32 3 1 6 6 0 3 2 0 1 3 1 1 1 0 1 2 0 1
5 3 2 0 8 3 1 2 0 0 0 13 1 9 36 23 16 13 15 31 207 2091 7326 10642 633 5214 611 17 38 3 7 4 4 7 24 5 2 40 16 13048 1093 368 1000 6 1 5 243 10 47 0 3 0 4 16 4 10 2 5 6 2 21 44 76 66 19 1 82 64 19 9 1 2 20 5 14 19 1 1 7 0 5 0 33 54 53 54 88 1 21 1 23 41 1 22 255 15 0 0 70 5 0 0 0 0 0 1 0 0 0 0 0 0 1 1 0 1 2 1 7 0 17 17 12 2 1 1 2 0 0 1 0 0 1 1 0 3 0 0 13 19 1 5 0 0 0 0 1 0 6 7 3 1 0 0 0 0 0 0 0 0 0 0 0 0 1 1 1 5 2 0 0 0 0 3 2 4 0 0 7 2 1 3 2 0 4 0 0 2 2 0 0 3 1 0 0 0 0 0 0 0
17 0 1 3 3 4 3 5 0 2 1 10 3 1803 983 446 58 506 253 98 26 264 864 2994 265 611 15171 6700 505 3 9 3 5 45 4351 111 49 94 215 3232 599 112 712 4 0 14 1496 18 15 0 3 8 47 82 18 8 29 35 501 80 35 33 115 2363 295 1 425 888 94 13 9 2 24 16 15 11 1 1 5 0 8 0 90 177 98 110 129 2 15 0 20 28 3 11 115 8 2 13 96 28 0 0 0 0 0 0 0 0 0 0 0 0 12 48 30 13 15 177 29 290 57 736 80 2 5 1 2 10 1 70 3 0 0 2 1 14 6 5 27 80 116 30 48 0 6 8 3 3 36 26 14 3 0 0 0 0 0 0 0 0 1 0 0 1 9 7 6 23 2 3 0 1 5 6 0 22 0 3 4 2 1 8 21 2 0 2 0 0 2 0 2 3 1 0 0 0 0 0 0 1
7 2 1 1 7 2 3 3 0 1 1 4 2 1422 2437 3335 41 243 62 45 13 32 121 258 54 17 6700 11785 981 18 42 1 15 149 662 291 163 162 4566 192 948 54 280 6 1 43 467 42 31 1 4 2 59 75 31 7 115 96 800 275 119 87 192 2453 1959 6 666 1124 1378 17 5 2 21 14 37 26 1 0 1 0 9 0 82 107 31 50 57 4 21 1 35 50 1 9 96 5 1 28 39 35 1 0 0 0 1 1 0 0 0 0 0 0 13 106 111 13 13 203 36 742 83 1008 69 3 5 4 3 23 4 126 13 1 2 6 4 29 10 2 40 105 650 26 359 2 4 22 4 21 47 186 11 4 3 0 0 1 0 1 0 0 1 3 0 6 18 2 89 179 10 25 3 1 9 11 0 91 0 1 16 7 1 8 9 7 2 3 1 0 2 1 0 5 5 8 0 0 1 2 0 2
5039 875 679 149 2085 676 4638 545 64 236 75 1108 2 245 243 156 123 58 21 78 207 377 161 200 679 38 505 981 44533 12846 5191 158 460 418 127 59 137 448 245 576 335 46 692 17 8 59 625 411 73 9 149 179 3291 6608 982 56 1707 1130 100 67 163 1205 2096 1253 1841 8 6786 2474 2057 350 74 144 402 108 3501 166 54 3 143 3 155 7 2103 4052 392 193 2536 38 143 7 198 280 88 205 902 1982 143 5794 405 1562 18 7 13 45 14 68 8 10 12 28 35 204 1 4 9 0 18 3 19 34 52 36 22 47 30 2 6 6 1 9 36 2 154 291 3 133 3 1 280 141 15 20 25 13 43 14 9 3 52 122 16 5 14 6 2 11 1 9 7 7 13 31 5 40 86 2 40 44 18 1 15 20 21 15 16 70 5 5 67 10 330 166 48 12 15 99 2 0 13 3 14 15 14 67 84 12 14 4 2 4
7936 2222 145 774 9829 4739 1368 147 21 62 125 5083 3 5 17 11 20 6 7 8 160 171 31 7 46 3 3 18 12846 16377 8247 69 142 64 4 5 13 68 10 13 461 5 29 2 1 5 11 30 26 7 71 116 397 337 248 133 2060 104 5 2 13 78 44 25 58 2 769 82 122 47 45 49 105 19 488 23 18 0 43 2 124 3 745 483 619 160 90 25 70 4 36 170 45 26 48 2732 69 689 74 371 15 1 18 27 3 40 9 1 8 8 22 118 0 0 0 1 1 0 3 2 9 5 3 3 2 0 0 0 0 1 8 0 50 37 0 13 0 0 38 21 2 1 1 2 11 3 3 0 10 13 2 3 1 1 0 2 1 1 3 2 5 6 0 5 13 1 5 5 1 1 6 2 7 4 0 2 1 2 4 0 68 29 6 2 2 28 1 0 7 2 6 1 3 7 21 1 4 1 0 1
1496 48 23 20 7524 747 582 32 6 19 37 394 0 25 39 21 30 19 7 22 333 400 41 11 131 7 9 42 5191 8247 11208 16 94 195 3 11 45 158 31 16 420 3 25 2 0 3 19 42 12 3 42 40 150 125 91 131 6553 607 5 9 10 52 45 37 113 1 3188 640 262 25 16 19 129 6 3780 24 7 0 10 3 49 5 409 325 584 290 1024 8 41 1 20 60 19 13 45 1767 13 237 299 9947 0 0 2 1 0 3 1 1 0 0 0 6 1 2 2 0 2 0 3 5 11 8 5 4 3 0 1 0 0 1 0 0 6 9 2 11 0 0 29 16 3 1 2 0 2 1 0 0 6 12 2 1 0 0 0 4 1 1 0 2 1 1 0 1 2 1 3 3 2 0 1 1 1 3 0 5 1 1 6 0 7 9 2 1 2 5 0 1 2 0 0 3 0 2 4 0 0 2 0 1
50 29 11 8 95 1454 47 13 65 22 65 2061 1 2 3 2 3 5 5 2 110 165 18 1 35 4 3 1 158 69 16 3075 4498 668 0 1 1 173 5 7 89 1 6 3 4 4 3 12 2 0 11 13 28 25 23 17 1 1081 0 0 7 10 7 2 3 2 18 8 18 9 5 540 916 34 3306 20 118 1 271 1 8 1 60 43 63 22 5 2 7 0 11 19 6 2 5 6958 429 104 16 1 11 7 9 26 3 42 5 3 8 6 32 117 0 0 2 1 5 0 4 2 18 5 6 14 14 2 2 0 0 0 11 3 84 79 1 32 0 1 62 30 3 4 0 3 10 0 0 0 5 5 8 0 0 0 0 1 1 0 0 2 2 10 1 9 28 1 1 2 5 0 8 5 7 7 1 3 1 0 2 1 94 45 8 2 0 36 0 3 0 1 6 1 1 20 54 6 5 4 0 1
115 63 30 42 102 433 112 54 225 89 184 2417 1 27 39 18 58 39 13 39 286 398 133 6 83 4 5 15 460 142 94 4498 10844 4670 7 10 153 2759 27 19 258 3 20 3 9 8 27 34 7 5 26 39 95 68 61 33 24 961 36 93 26 46 26 10 59 6 105 88 213 20 13 3694 4123 131 7759 44 711 2 618 0 35 3 193 147 212 81 38 11 29 2 22 67 20 7 18 3555 1839 362 96 34 45 12 40 105 16 128 20 19 12 33 102 474 2 2 4 0 8 3 9 5 48 11 12 48 42 6 4 0 1 2 40 1 279 431 3 159 1 0 307 109 7 12 13 10 63 4 7 0 47 10 15 0 1 8 0 2 3 12 0 5 31 52 4 42 133 2 3 8 2 1 36 26 30 12 1 11 5 3 5 3 578 218 56 12 1 160 0 0 9 6 28 2 5 91 141 23 34 10 4 10
25 8 6 2 29 16 15 3 3 1 3 60 2 264 244 180 334 103 16 252 283 540 423 27 95 7 45 149 418 64 195 668 4670 3635 73 118 1171 2482 157 38 279 12 48 5 0 4 96 102 9 1 12 24 30 29 33 23 166 800 619 598 52 116 116 71 273 1 280 1006 1101 42 14 149 856 14 4333 100 5 0 49 0 27 1 85 80 159 111 89 7 22 1 29 44 5 8 43 691 6 19 85 122 5 1 1 2 1 4 2 2 2 0 1 8 2 10 8 1 8 5 18 33 44 49 13 29 25 2 8 2 1 8 3 0 17 78 2 96 3 1 190 109 18 10 19 5 17 9 6 1 26 50 16 2 3 0 0 0 0 4 0 2 7 7 2 5 29 2 4 13 2 3 6 3 6 24 4 17 1 0 25 4 51 95 13 9 1 28 0 2 6 2 9 7 5 12 3 3 10 2 0 3
1 1 1 0 0 0 0 0 0 0 0 3 0 6071 1526 105 242 25 48 106 4 24 27 281 33 24 4351 662 127 4 3 0 7 73 6955 3316 279 105 30 3178 65 2 183 5 1 4 2219 9 3 0 0 1 9 14 4 1 14 29 2867 275 5 15 52 407 196 0 109 712 72 4 1 1 11 19 8 3 0 3 6 0 1 0 18 41 11 23 15 1 3 0 5 7 2 2 25 5 0 4 14 8 0 0 0 0 0 0 0 0 0 0 0 0 15 20 5 16 28 62 70 28 116 319 164 3 10 2 12 4 2 22 0 0 1 2 0 24 32 3 38 114 10 69 5 1 3 9 1 0 37 6 19 3 0 0 1 0 0 0 0 0 1 0 0 1 4 11 0 21 10 0 1 1 1 6 1 3 1 1 3 1 1 5 13 2 1 3 0 0 0 2 2 0 6 0 0 0 1 2 1 2
2 0 0 0 0 0 0 0 0 0 0 0 0 7287 838 76 964 24 5 162 4 6 14 12 1 5 111 291 59 5 11 1 10 118 3316 3212 877 185 61 74 55 3 20 1 0 0 442 5 2 0 0 0 1 4 0 0 6 38 3166 991 1 5 14 41 73 0 31 617 131 1 0 0 5 1 7 2 2 0 0 0 0 0 3 0 2 0 1 1 0 0 0 3 0 0 5 3 0 0 1 1 0 1 0 0 0 0 0 0 0 0 0 0 1 2 0 3 2 3 8 4 25 22 19 2 4 1 4 0 0 4 0 0 0 0 1 2 3 0 6 22 1 9 3 0 0 1 0 0 8 3 3 1 2 0 0 0 0 0 0 0 0 0 0 0 0 0 1 2 0 2 0 0 1 0 0 2 0 0 1 0 0 3 2 2 0 1 0 0 0 0 0 0 1 0 0 0 0 0 0 1
4 0 4 1 1 0 5 0 0 0 0 8 2 1315 543 241 632 227 63 328 45 49 186 19 14 2 49 163 137 13 45 1 153 1171 279 877 1418 1832 157 51 271 10 35 3 0 2 159 50 1 0 0 1 7 4 3 2 39 75 1134 4692 36 54 47 51 229 2 72 573 878 11 5 3 48 8 75 75 2 1 6 0 5 0 16 7 11 8 15 1 4 0 18 11 0 7 22 38 1 1 4 15 1 1 0 0 0 0 0 0 0 0 0 1 5 5 7 6 11 6 23 24 47 49 21 6 10 1 6 3 1 11 0 0 1 14 4 26 1 2 78 90 25 22 11 1 7 4 1 0 37 32 11 3 3 0 0 3 0 1 0 0 2 1 0 0 5 5 5 13 3 2 0 1 3 7 2 7 0 2 15 1 6 16 6 7 4 13 0 0 1 3 1 4 3 0 1 0 1 1 0 2
32 8 9 4 33 25 25 6 1 4 1 80 541 334 431 526 3276 3063 5716 1627 366 717 877 88 190 40 94 162 448 68 158 173 2759 2482 105 185 1832 16653 552 151 1150 76 292 1641 100 443 251 486 45 38 16 17 53 46 34 38 121 278 570 1260 836 342 255 114 304 174 221 623 2259 91 61 53 2142 875 1826 835 30 110 129 6 51 8 112 128 251 133 112 52 248 20 716 113 14 33 221 610 16 23 156 87 10 9 8 4 4 14 1 2 1 0 2 15 110 70 101 73 215 97 454 249 1087 740 529 225 243 32 121 41 11 125 17 16 41 287 38 571 73 40 1602 1613 187 526 139 20 133 92 55 15 953 385 342 23 20 4 4 16 8 15 3 6 24 29 6 13 119 88 73 205 53 39 41 29 57 204 24 175 10 18 154 14 168 713 202 71 41 304 4 8 31 29 38 35 56 36 12 6 70 53 19 81
7 0 3 0 1 2 7 1 0 0 0 2 15 125 519 3574 95 3461 115 201 11 21 150 259 5 16 215 4566 245 10 31 5 27 157 30 61 157 552 8239 10 1168 105 502 15 7 59 51 138 44 2 5 2 10 16 6 7 33 62 165 154 5443 81 59 263 1416 16 104 231 7863 21 10 2 77 7 73 1392 0 0 6 0 11 1 17 5 9 4 6 3 70 3 206 82 3 13 120 37 2 9 5 7 1 1 0 0 1 2 0 1 1 0 0 1 8 270 416 24 13 226 37 1237 159 1491 101 6 11 4 8 66 2 217 44 7 4 11 4 61 10 3 72 169 1313 18 1126 5 5 65 38 111 152 574 17 5 8 1 1 6 1 2 0 4 3 15 2 13 51 3 306 524 19 96 11 22 26 23 9 218 1 4 44 8 2 10 10 5 11 14 0 4 5 3 2 16 14 16 5 0 3 3 2 6
17 6 4 6 7 15 10 5 2 5 3 25 0 245 115 52 58 34 90 66 247 2349 4750 4188 4748 13048 3232 192 576 13 16 7 19 38 3178 74 51 151 10 18177 891 269 1896 25 2 17 3857 24 47 1 12 12 66 153 43 33 41 24 343 45 28 67 168 703 90 1 752 824 70 21 7 5 88 55 33 24 7 10 25 0 20 1 213 402 291 316 708 5 36 3 35 74 7 31 370 35 2 15 288 67 0 0 0 1 0 0 1 0 0 0 0 0 36 24 0 20 52 38 119 21 155 245 215 10 18 9 18 11 3 24 1 1 0 4 4 36 26 8 94 264 4 114 6 3 7 16 0 0 90 9 49 4 4 0 1 2 0 0 0 4 0 1 0 2 5 30 5 25 4 0 3 0 0 16 2 2 3 5 8 1 2 22 16 1 1 12 0 0 1 4 3 2 8 1 0 0 4 1 2 4
745 661 405 248 568 500 105 196 8 71 35 1041 17 510 1301 1715 643 1500 498 790 829 899 5635 2776 338 1093 599 948 335 461 420 89 258 279 65 55 271 1150 1168 891 15137 4186 3306 104 25 389 169 554 2273 34 308 110 90 34 723 730 69 155 68 75 958 593 358 369 696 34 193 277 993 260 265 59 339 44 697 650 33 3 67 11 398 23 606 132 480 280 87 299 1380 97 1340 3408 161 441 1238 679 37 45 246 124 6 4 3 11 1 14 1 1 5 2 12 43 1 10 17 3 3 18 7 48 39 66 4 9 7 0 5 1 0 8 11 0 36 72 1 42 2 1 101 55 31 9 27 3 13 21 10 2 33 126 4 29 40 0 1 18 6 5 11 22 3 4 0 8 33 3 23 39 24 5 7 5 9 7 30 63 3 29 91 13 77 63 15 6 22 35 28 24 84 0 8 41 32 19 15 3 5 1 2 4
26 7 6 4 6 5 6 2 1 5 1 7 3 27 54 90 35 82 57 64 27 161 2151 4218 71 368 112 54 46 5 3 1 3 12 2 3 10 76 105 269 4186 4829 7042 28 7 107 90 107 1343 3 7 5 6 7 31 15 5 4 7 5 230 102 86 44 121 5 38 55 239 44 27 2 24 1 12 174 0 0 8 0 34 0 27 30 32 24 28 21 204 9 537 711 9 87 385 10 1 2 24 5 0 0 0 0 0 0 0 0 0 0 0 0 0 0 4 0 1 0 3 9 5 13 4 0 0 0 0 0 0 1 0 0 1 2 0 1 0 0 3 5 3 0 2 2 1 6 6 0 5 52 1 4 7 1 0 0 0 0 0 1 0 0 0 0 0 1 9 9 6 3 1 2 2 0 8 34 1 1 29 1 3 3 1 0 7 0 1 3 8 0 0 15 2 2 0 0 0 0 0 1
54 22 10 5 18 15 23 12 1 7 2 36 18 111 127 198 56 1194 320 147 87 802 1077 3267 696 1000 712 280 692 29 25 6 20 48 183 20 35 292 502 1896 3306 7042 7567 145 28 1279 1003 317 5156 12 34 21 80 129 92 41 23 42 155 24 2597 351 525 5722 855 43 612 654 1498 105 78 4 168 20 69 647 10 3 22 2 55 1 235 411 268 285 273 49 429 35 2518 1254 26 271 4054 34 4 30 271 45 2 0 0 0 0 0 0 0 0 0 0 2 3 10 53 3 11 21 23 142 30 153 25 2 5 2 4 3 0 13 15 2 0 4 0 19 2 3 30 63 94 14 115 0 2 38 26 4 32 555 11 18 17 2 1 6 1 2 0 5 3 3 0 9 8 3 96 138 31 14 2 14 5 4 30 203 3 10 207 36 2 5 4 3 40 6 1 6 19 1 0 27 17 4 2 0 1 1 3 0
6 0 1 1 2 1 5 2 12 1 2 6 3559 9 9 22 23 337 12052 37 5 20 8 7 12 6 4 6 17 2 2 3 3 5 5 1 3 1641 15 25 104 28 145 9528 1480 1086 13 390 29 387 6 36 3 6 9 5 1 1 6 0 132 121 101 23 12 766 11 18 154 25 104 153 3926 2360 8 311 381 1296 3714 24 57 98 9 2 5 3 3 198 667 226 1042 46 6 15 167 13 58 12 7 0 0 0 1 1 0 4 1 0 0 0 0 4 29 59 104 24 61 156 132 268 404 1407 274 42 37 5 29 8 4 53 6 0 5 35 6 101 25 3 357 460 68 118 43 4 24 49 36 10 345 365 46 15 25 2 2 19 2 2 7 17 3 2 0 2 21 20 36 101 39 75 4 1 6 34 33 133 9 18 285 46 35 176 423 13 54 65 6 28 34 5 5 81 50 7 2 0 13 6 3 15
2 3 3 1 0 0 13 4 146 2 3 8 3015 0 1 4 7 96 469 5 0 3 5 3 0 1 0 1 8 1 0 4 9 0 1 0 0 100 7 2 25 7 28 1480 9945 3301 1 45 10 5082 16 57 14 1 2 1 0 1 0 0 8 19 23 6 8 4006 4 0 12 8 31 134 205 375 1 9 1586 2147 1650 71 111 309 4 5 0 1 2 936 779 3113 1236 19 2 11 35 4 932 153 0 0 2 0 0 1 0 3 1 1 0 0 0 3 1 3 58 1 2 7 7 75 31 121 10 3 3 0 4 1 0 4 5 2 0 9 1 11 0 0 32 29 19 6 17 1 2 44 85 5 44 721 5 24 44 4 3 47 7 9 17 38 4 1 1 4 4 2 61 104 53 107 0 1 3 2 63 202 13 36 667 108 11 23 27 1 108 10 25 63 108 1 2 195 53 4 6 3 2 0 0 1
7 1 6 1 2 1 3 5 19 0 2 6 2190 3 11 17 17 3521 2379 61 5 12 11 179 17 5 14 43 59 5 3 4 8 4 4 0 2 443 59 17 389 107 1279 1086 3301 5423 14 81 50 214 7 4 10 7 13 6 3 1 5 2 139 66 105 315 104 3427 46 20 168 15 21 28 275 168 6 126 144 44 230 2 29 15 20 19 17 7 2 116 300 161 1431 123 2 27 342 9 112 25 7 2 2 5 1 0 4 1 0 14 0 1 0 1 2 68 1003 7 15 58 39 1278 282 1348 76 6 15 5 8 38 0 60 89 20 1 5 5 41 0 2 79 162 577 25 853 15 6 180 255 163 343 3410 26 28 30 5 0 37 0 9 1 8 8 32 4 31 35 6 744 651 47 468 23 52 32 17 31 794 4 32 554 51 6 13 52 25 88 36 1 18 27 13 10 59 34 19 20 6 7 6 15 11
13 6 5 1 5 7 8 2 0 2 0 12 2 799 240 47 120 25 42 61 63 279 178 930 2510 243 1496 467 625 11 19 3 27 96 2219 442 159 251 51 3857 169 90 1003 13 1 14 9356 32 22 1 13 10 61 132 36 28 94 61 1716 157 20 104 260 945 345 1 938 3250 230 23 13 7 175 41 51 14 6 2 43 0 8 2 151 322 211 288 1739 7 22 1 29 37 4 24 319 20 1 20 271 150 1 0 0 1 0 2 0 0 0 0 0 2 27 14 3 16 37 32 82 27 157 152 158 26 23 5 17 4 1 9 2 1 4 20 5 68 23 4 169 291 7 90 9 1 13 16 0 3 85 11 41 4 3 0 1 0 0 3 0 1 1 4 0 1 10 12 4 19 2 1 1 6 5 23 3 10 0 0 5 1 0 59 21 4 4 14 0 1 3 2 1 1 5 7 0 1 6 4 1 5
83 28 34 4 26 21 33 23 5 10 0 33 26 16 49 48 24 125 214 44 17 100 40 27 54 10 18 42 411 30 42 12 34 102 9 5 50 486 138 24 554 107 317 390 45 81 32 21748 278 207 36 35 27 40 62 16 39 59 38 37 372 11583 5703 218 586 59 151 165 6677 1301 1461 10 393 17 111 8014 23 9 135 5 357 52 96 75 51 51 13 1147 7840 125 1396 555 55 248 738 85 18 26 52 19 1 1 1 0 0 0 0 5 0 0 0 2 0 3 24 2 4 13 7 33 22 46 9 3 11 12 22 7 2 7 24 10 1 11 1 14 1 1 27 28 5 25 30 12 6 185 90 15 47 315 27 292 829 11 26 405 19 27 34 153 6 6 0 7 12 4 44 341 699 41 8 18 7 7 543 487 82 286 966 173 10 15 13 9 541 37 208 272 1124 1 2 1030 707 6 11 9 4 8 4 6
83 38 21 4 14 13 23 26 4 16 1 27 3 4 45 44 19 68 41 62 14 93 174 204 37 47 15 31 73 26 12 2 7 9 3 2 1 45 44 47 2273 1343 5156 29 10 50 22 278 10759 11 41 12 10 13 64 31 1 3 6 5 141 445 164 44 66 13 37 20 186 163 113 4 30 8 19 186 0 0 9 1 112 3 58 39 31 39 9 74 539 32 415 8567 31 2387 4451 18 7 9 28 9 0 0 0 0 0 0 0 0 0 0 0 1 0 0 4 0 0 1 0 6 5 6 1 0 0 0 0 0 0 0 1 1 2 2 0 0 0 0 4 5 2 1 2 1 1 6 2 0 2 31 1 9 14 0 0 2 0 1 1 8 0 0 0 0 1 0 6 14 15 1 0 0 1 1 13 36 2 5 46 8 2 3 1 0 17 5 4 8 18 0 0 30 17 3 2 0 0 1 0 0
18 4 6 2 2 4 14 9 141 5 1 10 317 0 3 1 2 15 90 1 0 2 2 4 2 0 0 1 9 7 3 0 5 1 0 0 0 38 2 1 34 3 12 387 5082 214 1 207 11 10353 310 1815 10 3 19 6 0 0 0 0 9 340 47 3 3 1194 4 2 22 119 126 68 80 994 3 64 1500 1141 693 1424 516 4840 12 3 6 2 0 5181 1961 6797 1572 110 41 43 34 7 1108 149 3 1 0 0 2 0 0 1 1 1 1 1 0 2 0 4 2 0 1 2 1 15 11 20 5 3 2 1 2 0 3 0 2 2 1 4 1 7 0 0 15 15 5 6 2 6 3 36 27 2 14 97 7 108 233 8 5 79 68 22 152 236 4 1 1 0 1 1 5 63 96 19 3 2 2 4 126 84 50 142 359 62 6 6 12 2 125 11 145 259 575 0 2 451 144 0 5 1 0 0 1 2
299 72 83 14 47 34 150 100 17 48 4 84 2 2 5 7 3 5 5 6 18 15 8 5 26 3 3 4 149 71 42 11 26 12 0 0 0 16 5 12 308 7 34 6 16 7 13 36 41 310 17873 19747 280 46 1335 129 3 7 0 0 6 73 26 17 16 182 58 19 32 444 69 15 36 235 31 19 103 58 33 708 3606 451 812 97 117 53 16 327 129 14 53 7582 4899 69 49 44 100 114 14 15 3 0 0 0 0 1 0 1 0 1 0 7 0 0 1 0 1 0 0 0 2 1 1 4 0 0 1 0 0 0 2 0 3 7 0 4 0 0 19 5 0 0 0 3 4 0 2 1 3 1 0 11 10 4 0 9 437 56 720 614 5 2 0 1 5 1 1 0 4 8 3 0 0 1 1 2 130 30 4 0 14 12 10 1 3 18 147 38 157 1 1 13 18 4 3 1 1 0 0 0
441 97 148 30 67 52 186 147 44 58 8 114 3 0 3 0 1 6 3 2 5 16 7 8 23 0 8 2 179 116 40 13 39 24 1 0 1 17 2 12 110 5 21 36 57 4 10 35 12 1815 19747 30926 344 54 1129 66 3 12 1 0 8 59 20 22 23 780 55 38 19 477 55 30 44 748 65 9 438 257 118 9567 6151 2740 673 89 108 66 18 1146 178 41 36 2782 4910 45 27 55 392 194 16 19 3 1 1 1 1 0 3 14 0 2 3 9 0 2 0 0 1 0 0 1 2 0 0 1 1 1 1 0 0 1 0 0 8 30 0 13 0 0 31 10 3 1 1 7 8 16 22 6 11 5 2 36 35 23 2 42 1917 361 4396 1701 27 3 4 2 5 0 0 3 9 69 5 3 2 1 3 4 587 107 22 2 40 34 78 1 2 103 1100 261 891 3 10 57 65 8 21 7 1 0 0 1
1004 192 223 25 137 112 743 384 86 223 54 286 3 6 6 4 1 4 3 1 21 32 16 16 97 4 47 59 3291 397 150 28 95 30 9 1 7 53 10 66 90 6 80 3 14 10 61 27 10 10 280 344 8404 7261 12142 44 23 32 4 2 15 97 169 123 94 7 198 155 91 52 12 54 75 32 158 17 68 2 58 15 104 16 1119 534 189 58 157 19 36 1 31 178 53 22 94 167 245 5248 40 66 3 2 1 6 2 9 0 0 1 4 5 18 0 0 1 0 2 0 2 1 5 3 4 4 2 0 0 0 0 0 5 0 17 44 1 25 0 0 38 26 4 0 3 0 8 1 0 0 5 9 2 0 1 2 0 0 5 1 7 4 2 2 0 4 11 0 3 1 1 0 1 0 3 2 1 5 0 5 6 2 46 25 4 1 1 18 1 0 3 0 2 3 3 6 15 1 3 1 0 1
713 149 153 26 127 98 361 207 18 89 14 158 1 12 7 2 3 9 4 2 10 40 14 48 191 16 82 75 6608 337 125 25 68 29 14 4 4 46 16 153 34 7 129 6 1 7 132 40 13 3 46 54 7261 16396 872 9 44 70 13 3 25 141 231 202 160 1 601 233 109 45 5 38 85 27 194 21 10 1 25 3 31 1 1447 4474 128 39 255 3 23 3 30 50 16 26 161 112 31 4683 84 105 4 0 2 5 2 8 0 1 0 3 2 25 0 1 1 0 0 1 2 1 10 4 2 8 3 0 1 0 0 1 8 1 16 44 0 29 0 0 46 26 3 0 4 3 10 4 0 0 2 8 1 0 1 0 0 1 0 0 0 1 2 5 0 2 10 1 4 3 2 0 4 3 1 1 1 6 0 2 6 0 38 38 5 1 3 10 1 0 1 0 2 2 1 9 5 2 3 1 0 1
735 227 179 46 138 102 405 240 25 110 13 204 0 4 2 6 1 15 6 13 70 49 16 25 79 4 18 31 982 248 91 23 61 33 4 0 3 34 6 43 723 31 92 9 2 13 36 62 64 19 1335 1129 12142 872 11130 693 17 31 3 1 45 87 78 37 70 8 111 74 62 96 64 30 67 27 118 52 12 2 30 39 394 23 2408 241 507 144 64 71 118 16 114 1101 238 51 93 118 43 1104 61 34 4 1 3 3 0 4 2 1 2 4 6 20 0 0 0 0 2 0 2 1 7 2 4 6 4 1 0 0 0 1 2 0 14 36 0 19 0 0 41 17 1 0 0 2 6 3 1 0 2 5 4 4 3 0 0 1 11 2 17 15 1 5 0 3 8 1 4 4 1 0 2 4 2 1 1 5 5 5 11 2 50 29 6 0 3 13 10 2 19 0 0 3 6 5 3 1 2 0 0 0
302 239 134 84 208 170 40 77 5 34 12 253 0 0 4 2 0 5 5 2 1447 382 20 10 168 10 8 7 56 133 131 17 33 23 1 0 2 38 7 33 730 15 41 5 1 6 28 16 31 6 129 66 44 9 693 2454 15 26 0 3 14 44 39 23 14 0 53 28 41 19 42 13 68 4 96 16 3 0 19 3 79 4 2661 50 1948 238 26 20 51 4 24 278 58 14 39 136 10 17 187 24 0 0 0 0 0 2 0 2 0 0 5 8 0 0 0 0 1 0 1 0 5 1 0 3 3 1 0 0 0 0 0 0 10 18 1 12 0 0 24 10 0 1 0 0 2 0 1 0 1 5 0 0 3 1 0 1 1 0 0 6 2 2 0 3 1 0 0 0 0 0 1 1 1 0 1 2 1 2 6 2 23 13 7 2 1 6 0 0 5 0 1 3 1 3 7 0 2 0 0 1
51 3 3 2 156 10 25 0 1 0 2 9 0 41 43 16 22 4 3 14 31 78 26 9 1053 2 29 115 1707 2060 6553 1 24 166 14 6 39 121 33 41 69 5 23 1 0 3 94 39 1 0 3 3 23 44 17 15 7318 715 15 15 9 39 86 112 197 1 3691 1145 295 7 5 3 34 1 1930 18 0 0 2 0 10 1 100 221 139 539 2014 3 14 1 9 16 2 8 35 369 0 18 3264 4853 0 0 0 0 0 0 0 0 0 0 0 2 0 1 3 0 1 0 1 4 7 4 1 1 1 0 0 0 0 0 0 0 1 0 0 5 0 0 13 10 4 0 3 0 0 2 1 0 0 16 0 1 0 0 0 1 0 0 0 0 0 0 0 0 0 1 3 2 2 0 1 0 0 0 2 6 0 1 6 0 0 4 2 0 2 1 0 0 1 0 0 1 0 0 0 0 2 0 0 1
19 5 7 4 36 10 21 2 3 2 0 64 1 103 68 58 77 25 7 72 251 478 255 15 67 5 35 96 1130 104 607 1081 961 800 29 38 75 278 62 24 155 4 42 1 1 1 61 59 3 0 7 12 32 70 31 26 715 1056 250 32 22 80 106 56 175 1 1078 4809 410 24 6 138 489 13 5316 44 2 2 70 0 20 0 102 122 116 108 1101 4 10 0 14 29 8 15 37 1704 14 33 113 553 0 1 1 2 0 5 1 0 0 0 4 10 2 2 2 3 3 4 6 5 24 11 8 14 12 0 2 2 1 2 6 0 11 39 1 55 0 0 105 67 6 4 6 2 11 5 1 0 20 17 8 2 3 0 0 0 0 3 1 0 2 5 0 3 10 3 2 7 4 4 2 0 2 11 0 8 0 0 12 2 19 45 9 1 2 6 0 1 0 2 3 3 2 4 7 1 5 1 0 1
1 0 0 0 1 1 1 0 0 0 0 0 0 1551 548 112 414 39 9 153 10 37 52 96 15 6 501 800 100 5 5 0 36 619 2867 3166 1134 570 165 343 68 7 155 6 0 5 1716 38 6 0 0 1 4 13 3 0 15 250 3296 3063 20 61 142 339 608 1 88 3309 753 24 5 3 41 7 34 15 0 4 9 0 4 0 12 22 9 9 18 0 7 0 14 1 1 4 64 8 0 0 15 14 0 0 0 1 0 0 0 0 0 0 0 1 2 3 2 3 18 13 40 13 43 46 46 3 7 1 6 2 0 6 0 0 0 8 1 21 9 0 57 81 6 21 5 1 3 2 2 0 31 13 20 4 1 0 0 0 0 0 0 1 0 1 0 0 4 6 6 7 1 0 2 2 1 8 0 12 0 2 11 3 4 15 4 3 3 4 1 0 0 1 1 0 4 0 0 0 1 2 0 1
0 1 0 0 0 0 2 0 0 0 0 0 0 1130 539 210 752 95 5 333 4 18 52 18 3 2 80 275 67 2 9 0 93 598 275 991 4692 1260 154 45 75 5 24 0 0 2 157 37 5 0 0 0 2 3 1 3 15 32 3063 1229 21 28 44 38 262 0 38 796 677 4 3 0 17 0 14 33 1 0 3 0 1 0 3 4 5 3 11 0 5 0 6 5 0 1 17 5 0 1 0 7 0 0 0 0 0 0 0 0 0 0 0 0 0 0 3 0 8 4 4 12 7 15 8 3 0 1 1 1 0 2 0 0 0 1 2 8 0 0 13 20 8 1 6 0 2 2 0 0 6 13 3 0 0 0 0 1 0 0 0 0 0 0 0 0 1 0 3 4 1 1 0 0 1 0 2 7 0 0 5 0 0 8 2 0 1 0 0 0 4 1 0 2 1 0 0 0 1 1 0 0
18 7 1 2 9 5 9 4 0 3 0 7 27 9 35 126 44 3961 382 107 20 69 50 399 61 21 35 119 163 13 10 7 26 52 5 1 36 836 5443 28 958 230 2597 132 8 139 20 372 141 9 6 8 15 25 45 14 9 22 20 21 11307 207 424 726 338 272 107 61 6880 55 32 4 233 12 64 9548 5 6 13 0 25 4 37 56 34 32 10 26 270 19 2301 306 15 61 723 60 8 9 30 7 4 2 0 0 0 0 1 8 0 0 0 0 4 40 652 6 11 31 23 567 211 570 61 6 15 5 4 35 4 51 95 21 1 5 9 39 6 1 46 94 406 27 820 13 12 175 250 122 226 1967 30 26 16 6 2 24 0 7 0 10 6 31 3 27 28 4 605 616 45 124 25 70 21 28 22 562 7 19 310 38 2 14 27 30 45 39 1 12 29 14 13 39 40 20 17 4 12 7 22 17
137 53 40 9 32 27 44 50 3 12 5 38 9 16 38 24 10 90 105 46 38 222 78 62 164 44 33 87 1205 78 52 10 46 116 15 5 54 342 81 67 593 102 351 121 19 66 104 11583 445 340 73 59 97 141 87 44 39 80 61 28 207 21660 10241 839 1021 19 398 410 2761 14017 3440 8 229 9 99 1029 14 3 43 12 599 117 219 202 174 131 38 286 1095 86 825 1814 332 4604 4466 73 6 57 102 21 4 1 1 1 3 0 1 5 1 0 0 2 1 2 11 1 4 8 3 29 17 39 4 6 11 7 18 8 10 5 14 7 3 8 2 4 0 1 17 21 8 36 23 7 4 181 61 12 40 207 29 505 1074 27 22 349 36 46 72 340 10 5 1 9 12 2 29 242 583 31 4 16 7 15 372 282 145 527 607 120 6 14 16 8 340 31 418 361 1668 8 3 1068 832 6 9 7 3 6 3 9
38 15 10 2 17 7 20 8 1 4 1 20 9 35 43 30 17 91 79 27 62 352 102 61 407 76 115 192 2096 44 45 7 26 116 52 14 47 255 59 168 358 86 525 101 23 105 260 5703 164 47 26 20 169 231 78 39 86 106 142 44 424 10241 24779 7114 8316 19 1116 692 5412 1199 81 7 141 10 101 604 4 2 27 2 63 2 268 486 261 234 124 35 420 30 1407 433 45 1104 3076 52 4 74 214 51 0 0 0 0 1 0 0 0 0 0 0 0 3 4 9 5 5 4 8 33 22 54 23 5 4 3 5 3 0 3 10 2 0 4 1 11 4 2 18 38 28 22 21 3 1 68 37 5 31 249 12 39 135 0 3 59 3 3 2 13 3 1 0 5 7 2 49 135 200 18 1 2 6 4 153 227 9 28 345 60 2 9 7 0 167 11 6 36 104 1 3 230 135 4 1 1 1 2 2 5
24 7 6 1 12 4 8 9 1 5 1 22 6 181 70 84 19 452 149 26 40 254 91 282 551 66 2363 2453 1253 25 37 2 10 71 407 41 51 114 263 703 369 44 5722 23 6 315 945 218 44 3 17 22 123 202 37 23 112 56 339 38 726 839 7114 8862 6767 8 1282 892 1085 201 20 3 52 15 51 103 3 3 14 2 24 1 249 452 224 306 179 8 71 1 290 88 17 142 2006 32 4 46 220 89 1 1 1 0 0 0 0 0 0 0 0 1 6 39 82 6 10 48 34 378 62 330 44 3 4 1 1 17 1 33 26 3 1 5 2 30 6 0 34 81 321 15 283 4 1 23 5 17 45 332 14 6 6 2 0 1 1 1 0 1 1 13 3 4 12 2 144 197 16 14 6 10 7 12 10 136 0 8 55 6 0 12 10 5 14 7 4 4 7 3 0 12 11 6 2 0 2 3 2 5
25 9 5 3 10 2 20 9 0 0 1 17 6 203 410 339 23 187 42 19 24 84 55 122 97 19 295 1959 1841 58 113 3 59 273 196 73 229 304 1416 90 696 121 855 12 8 104 345 586 66 3 16 23 94 160 70 14 197 175 608 262 338 1021 8316 6767 8977 4 1106 1202 10235 206 38 4 52 5 133 124 0 0 1 0 26 0 142 223 94 101 90 15 80 6 180 173 15 91 715 39 4 62 86 52 1 1 0 0 1 0 0 2 0 0 0 0 3 45 113 4 14 38 17 419 74 309 46 5 5 3 6 10 2 36 44 7 0 3 0 21 3 0 40 76 344 17 375 6 2 58 35 27 61 594 17 13 19 1 1 6 1 1 0 5 3 11 1 7 17 2 223 267 13 23 9 19 11 10 17 239 0 9 119 15 1 4 3 6 17 6 3 7 19 6 5 27 18 8 3 0 4 1 5 3
6 1 1 2 0 0 6 1 34 1 3 0 4245 0 1 2 4 579 1517 12 1 3 1 3 2 1 1 6 8 2 1 2 6 1 0 0 2 174 16 1 34 5 43 766 4006 3427 1 59 13 1194 182 780 7 1 8 0 1 1 1 0 272 19 19 8 4 1873 2 1 62 6 25 21 129 522 6 65 470 713 214 416 111 1108 2 6 3 2 0 810 473 517 2169 62 18 4 32 8 229 25 0 1 0 0 0 1 0 0 0 0 0 0 1 0 0 5 176 0 6 12 4 163 36 273 10 1 1 0 1 3 0 5 1 1 2 2 0 5 2 0 12 24 40 2 36 1 0 26 65 14 46 508 1 11 37 1 1 23 32 4 78 81 1 2 0 1 3 0 35 53 33 185 2 0 1 1 45 98 9 19 210 31 2 5 28 2 54 6 11 25 69 0 0 62 27 0 3 0 0 1 0 0
235 103 103 26 188 59 75 74 10 35 12 122 1 125 92 49 46 35 14 34 69 261 86 245 1925 82 425 666 6786 769 3188 18 105 280 109 31 72 221 104 752 193 38 612 11 4 46 938 151 37 4 58 55 198 601 111 53 3691 1078 88 38 107 398 1116 1282 1106 2 12954 3289 919 134 40 25 185 21 2555 64 10 1 46 1 58 2 1121 6304 1318 4725 4211 9 87 2 110 126 28 82 683 462 11 47 1747 2855 2 1 0 0 1 5 0 0 2 2 1 16 3 3 9 0 8 5 12 19 33 22 16 8 7 0 5 1 0 2 6 0 7 37 1 33 0 1 74 60 13 8 15 0 12 9 8 0 25 64 7 3 3 0 0 1 0 1 1 1 4 3 0 2 16 1 18 21 7 2 5 1 0 4 6 39 0 2 20 8 33 52 7 1 9 9 1 5 5 1 1 9 6 2 4 0 5 3 0 1
36 12 6 0 27 13 22 7 0 3 1 30 1 838 453 193 304 66 31 152 267 564 436 411 957 64 888 1124 2474 82 640 8 88 1006 712 617 573 623 231 824 277 55 654 18 0 20 3250 165 20 2 19 38 155 233 74 28 1145 4809 3309 796 61 410 692 892 1202 1 3289 6590 1616 105 30 21 332 45 3281 54 12 6 80 1 48 2 288 598 360 654 4657 7 33 2 55 80 13 55 367 126 4 52 572 781 4 1 3 3 1 3 0 0 0 0 1 6 5 8 6 11 39 13 43 21 132 78 86 46 29 5 12 3 0 9 5 0 4 67 12 150 7 5 342 327 18 45 19 8 26 15 9 1 88 85 31 8 4 2 0 2 2 3 0 2 4 7 0 5 33 8 24 22 6 1 6 4 6 28 7 33 3 7 43 5 27 142 21 5 11 24 2 1 4 0 11 2 9 6 1 4 6 5 0 9
68 13 14 2 41 27 52 10 2 8 4 48 14 253 710 1393 87 1505 168 159 82 168 143 153 96 19 94 1378 2057 122 262 18 213 1101 72 131 878 2259 7863 70 993 239 1498 154 12 168 230 6677 186 22 32 19 91 109 62 41 295 410 753 677 6880 2761 5412 1085 10235 62 919 1616 18499 538 182 18 628 18 667 10866 10 6 55 3 84 5 133 136 116 92 68 77 654 20 1861 370 33 178 1141 299 5 66 73 115 2 0 0 0 3 0 0 7 0 0 1 4 7 36 286 5 17 40 54 457 211 398 92 12 31 6 17 22 6 38 97 23 3 15 3 46 5 1 114 176 289 46 600 14 13 239 225 54 216 2139 39 83 129 6 10 123 0 13 3 20 12 31 0 41 32 10 516 790 235 75 14 60 22 28 189 1001 6 60 1146 173 10 41 21 30 266 38 11 41 99 11 12 237 198 27 16 10 5 17 11 16
108 38 30 6 23 9 52 37 6 23 1 37 2 2 12 13 10 28 19 20 10 71 25 18 50 9 13 17 350 47 25 9 20 42 4 1 11 91 21 21 260 44 105 25 8 15 23 1301 163 119 444 477 52 45 96 19 7 24 24 4 55 14017 1199 201 206 6 134 105 538 3372 1682 3 88 8 60 173 7 2 18 15 1076 149 152 75 72 60 20 158 225 30 175 1572 1853 1437 740 45 6 29 44 11 3 0 0 0 0 0 0 5 0 0 0 1 0 2 4 1 0 4 0 9 3 2 1 2 5 1 9 1 2 1 7 2 1 7 0 4 1 0 12 9 7 8 4 4 5 61 18 3 5 55 7 152 280 17 14 102 37 77 124 432 4 1 1 0 1 1 9 52 156 9 3 3 1 2 82 64 154 295 141 31 4 6 8 3 65 8 268 118 873 2 1 292 283 2 2 2 1 2 1 4
117 43 44 13 19 15 45 34 4 20 2 32 6 4 7 8 4 22 56 10 1 22 13 13 15 1 9 5 74 45 16 5 13 14 1 0 5 61 10 7 265 27 78 104 31 21 13 1461 113 126 69 55 12 5 64 42 5 6 5 3 32 3440 81 20 38 25 40 30 182 1682 3283 9 84 11 21 315 20 8 45 11 3160 172 96 32 43 28 7 941 1922 92 358 836 167 255 103 35 18 30 11 5 1 0 0 0 0 0 0 3 2 0 1 1 1 0 4 1 1 1 2 3 6 6 0 1 4 1 3 1 0 1 5 2 1 3 0 2 0 0 11 3 2 8 1 2 0 35 23 4 6 38 0 182 240 13 7 76 43 48 96 393 4 0 0 0 0 0 3 40 103 14 0 2 2 5 55 39 122 358 117 30 7 8 2 2 54 8 281 93 1009 0 1 245 237 0 2 3 1 0 0 2
54 32 29 19 43 147 119 68 376 143 786 2959 66 2 6 1 5 6 13 2 40 85 11 3 17 2 2 2 144 49 19 540 3694 149 1 0 3 53 2 5 59 2 4 153 134 28 7 10 4 68 15 30 54 38 30 13 3 138 3 0 4 8 7 3 4 21 25 21 18 3 9 4947 1292 661 733 18 2627 178 6511 17 22 50 69 38 62 26 16 41 41 41 60 22 3 3 11 1110 3351 532 20 3 52 14 38 73 10 97 15 20 12 35 92 365 5 2 6 1 7 6 14 6 96 37 18 77 63 7 10 1 2 4 40 10 307 582 4 195 4 2 497 156 1 19 2 28 85 6 7 0 78 3 19 1 2 5 0 9 7 15 5 8 38 75 5 43 136 0 2 5 4 3 39 37 26 18 2 11 9 6 10 0 679 423 147 15 2 251 2 4 12 13 40 5 3 132 157 20 42 13 2 20
