32649 8337 12383 3047 3611 6248 8057 8987 355 1298 367 1998 0 5 6 18 0 8 4 3 32 30 9 9 26 1 16 14 9628 6175 746 109 108 30 3 1 2 25 24 5 512 42 22 6 5 8 4 126 156 6 136 199 808 1514 264 160 119 5 1 2 33 69 32 11 68 6 194 4 162 38 100 30 15 1 51 63 9 3 14 7 153 10 1354 1080 282 50 16 133 102 9 55 375 198 58 65 38 78 2361 39 27 36 19 70 85 32 78 16 27 46 74 111 142 0 0 2 0 1 0 0 10 1 3 0 3 0 0 0 0 0 0 9 1 65 63 0 32 0 1 10 6 1 0 3 1 12 0 4 0 1 10 0 4 6 3 3 4 7 2 8 5 2 2 1 5 5 0 3 3 2 0 3 7 6 1 3 8 4 5 9 1 123 19 2 0 5 28 5 7 10 2 3 10 2 16 35 10 8 1 0 0
8337 27528 3635 15880 4640 6628 241 170 53 1007 462 1639 1 4 5 11 1 7 2 0 65 38 6 13 20 4 9 5 1297 3548 546 59 70 20 1 0 4 14 18 5 434 34 24 2 2 5 7 78 102 1 76 124 278 563 88 222 94 2 1 0 20 47 20 13 52 4 269 1 92 27 88 27 9 2 33 45 12 0 5 4 97 5 847 720 414 64 13 84 82 8 26 228 102 67 45 19 64 232 37 18 57 29 86 141 55 141 17 47 81 89 147 185 0 0 0 0 0 0 0 5 4 0 1 3 1 0 0 0 0 0 18 4 106 90 0 36 0 0 8 3 2 0 3 4 17 0 1 0 1 10 0 2 3 2 0 1 6 3 5 1 1 8 2 8 24 0 3 0 3 2 6 6 14 1 4 1 5 1 5 5 176 14 2 0 2 51 5 7 8 0 10 3 1 17 59 23 7 0 0 1
12383 3635 21767 5669 222 5941 647 7191 396 4648 512 13482 0 3 2 5 0 2 4 1 37 35 7 22 21 5 9 5 985 235 93 25 38 12 2 0 1 4 4 6 512 30 32 2 1 11 11 122 129 3 111 139 439 851 167 207 25 2 1 1 12 39 16 6 23 4 218 2 48 39 100 23 4 4 27 40 10 0 9 10 124 6 1152 920 359 62 16 137 94 15 61 322 208 61 67 17 108 475 24 7 45 22 100 164 54 135 24 32 83 93 170 164 0 0 2 0 0 0 0 0 1 0 0 5 1 0 0 0 0 0 11 1 117 83 1 38 0 0 8 0 2 0 4 3 11 3 0 0 1 3 0 4 8 0 1 5 4 2 6 5 1 4 3 11 22 0 3 4 0 0 6 2 5 0 5 5 1 6 4 2 178 22 0 0 8 53 4 4 7 3 4 7 1 24 69 23 6 0 0 0
3047 15880 5669 18642 4238 9781 105 127 24 509 290 2416 0 6 6 8 0 5 1 4 52 28 1 6 5 2 8 15 480 1704 280 43 44 8 2 0 2 10 21 1 209 12 10 0 0 10 3 35 33 0 20 46 83 171 43 99 43 1 2 0 3 11 7 4 51 2 135 0 109 13 24 20 13 0 18 18 7 0 5 0 28 0 329 306 282 43 9 31 21 2 14 70 42 22 24 16 77 66 9 16 53 32 92 176 59 138 25 41 92 93 143 171 0 0 1 0 0 0 0 2 1 2 1 4 0 0 1 0 0 0 16 8 80 83 0 34 0 0 8 5 2 0 1 1 17 1 2 0 4 4 0 1 0 0 0 3 5 0 2 1 3 5 3 8 22 0 1 2 0 1 2 3 7 0 1 4 1 3 1 0 208 25 2 0 3 46 1 1 4 3 12 2 0 23 73 15 8 0 0 0
3611 4640 222 4238 14602 10938 410 87 13 170 87 1778 0 72 79 150 6 111 13 8 162 149 18 18 40 9 35 108 3452 6134 7071 3782 2343 904 16 27 62 352 357 18 368 13 31 2 5 28 27 133 48 2 27 71 260 492 74 160 781 336 9 8 57 127 105 38 732 4 380 43 1736 36 71 366 364 6 992 362 17 0 107 2 108 4 537 546 466 92 71 28 36 1 45 104 58 26 45 1438 40 460 85 522 29 10 50 84 29 73 3 14 37 30 59 96 0 2 13 1 1 6 0 49 12 10 6 6 6 0 1 0 0 1 13 4 66 108 5 87 0 0 39 25 23 1 18 2 12 3 2 0 5 53 1 2 10 2 1 4 2 3 2 1 7 0 1 5 29 0 18 15 4 3 10 3 20 1 5 36 5 1 21 4 174 92 4 0 11 78 4 6 11 7 9 9 6 41 26 6 15 2 0 1
6248 6628 5941 9781 10938 27081 386 571 121 2072 945 23171 1 14 37 82 3 54 6 2 220 157 7 17 49 4 19 72 1234 2456 2164 6017 2480 758 10 7 27 241 139 11 630 25 35 5 5 21 21 100 68 2 57 110 307 478 92 263 239 299 5 4 48 95 63 29 397 3 402 19 951 43 61 414 262 9 1275 221 52 2 94 2 97 0 849 760 682 129 56 65 54 6 42 174 108 26 54 1395 441 294 86 93 197 95 338 562 183 520 78 124 311 346 566 622 1 4 8 1 2 2 6 41 12 3 5 19 7 3 1 1 0 0 71 13 406 412 4 228 0 0 50 39 18 2 9 8 53 5 1 1 5 41 0 3 6 3 0 2 5 5 5 3 12 16 8 40 93 0 12 7 2 3 29 13 43 6 6 27 4 3 22 3 829 137 8 5 9 233 5 6 11 5 36 8 6 110 205 47 32 5 1 4
8057 241 647 105 410 386 9545 7401 1287 1774 96 666 0 8 3 14 0 8 1 0 9 13 1 3 4 1 6 21 2077 252 423 47 61 26 2 2 2 13 21 6 67 5 5 1 1 4 3 30 18 1 21 37 431 490 105 30 115 9 1 2 6 18 11 2 51 0 37 2 138 15 27 18 13 1 29 24 2 0 6 1 34 1 342 218 72 14 9 24 13 0 15 64 45 12 13 33 54 5008 18 42 7 1 15 19 7 23 4 7 11 10 24 27 0 0 0 0 1 0 0 3 2 0 0 1 0 0 0 0 0 0 3 0 10 18 0 7 0 0 1 1 0 0 2 1 2 0 0 0 2 7 0 0 2 0 0 0 1 1 0 0 1 0 0 1 3 0 2 0 1 0 0 0 4 0 2 2 3 1 5 1 19 6 2 1 0 9 0 0 4 0 2 2 0 1 12 3 0 1 0 0
8987 170 7191 127 87 571 7401 20149 3487 19165 191 4434 1 1 2 1 0 4 2 1 6 4 4 5 5 0 6 2 598 47 31 14 13 6 1 0 0 4 0 0 225 19 19 2 3 2 2 56 93 3 87 126 745 963 211 82 11 1 0 0 15 29 9 4 10 1 46 0 19 27 64 12 4 1 9 25 5 1 4 3 79 5 853 679 80 13 5 75 56 11 39 248 124 48 33 9 106 1224 18 7 23 9 31 41 12 49 15 15 39 43 57 49 0 0 0 0 0 0 0 3 0 0 0 1 0 0 0 0 0 0 4 1 28 29 0 20 0 0 0 0 1 0 1 0 4 1 0 0 0 2 0 1 4 0 0 2 1 2 3 2 0 0 3 6 5 0 4 1 2 1 2 0 3 0 2 5 2 5 6 0 54 7 1 1 1 25 7 3 11 0 4 6 2 7 19 9 0 0 0 0
355 53 396 24 13 121 1287 3487 1674 3794 260 585 23 0 0 2 0 1 0 0 8 14 0 1 5 0 1 0 38 7 11 24 80 6 0 1 0 6 1 1 37 4 7 7 98 10 0 5 10 64 6 72 147 102 36 8 4 4 0 0 1 4 2 1 2 44 6 1 15 4 4 383 27 120 11 4 1411 57 159 45 31 65 109 66 14 3 1 41 17 38 23 20 5 4 6 5 2360 1627 4 1 3 2 11 16 4 16 1 10 12 8 18 20 0 0 0 0 0 1 0 0 5 7 4 1 0 1 0 0 0 0 1 0 10 13 0 11 0 0 5 1 0 1 0 1 3 1 2 0 2 2 0 1 4 0 0 1 15 2 10 4 0 0 1 0 3 0 1 3 1 0 1 3 2 0 1 1 0 1 3 0 29 15 1 0 2 13 1 2 3 0 3 1 0 1 11 1 0 0 0 0
1298 1007 4648 509 170 2072 1774 19165 3794 38644 18285 31592 3 2 3 4 0 5 1 2 28 16 0 10 7 2 3 6 282 59 50 111 279 18 2 0 0 22 9 3 248 32 27 3 3 3 4 68 90 5 67 127 550 644 162 87 8 6 0 0 15 21 9 7 17 2 68 3 70 18 81 344 23 9 19 42 96 0 39 6 96 6 881 652 146 25 11 80 56 8 40 221 119 42 44 23 2449 1399 22 12 158 91 284 506 167 442 74 149 279 335 513 532 0 0 1 0 1 1 1 2 2 2 0 8 6 0 1 0 0 1 47 7 272 247 1 117 0 0 16 7 0 0 0 4 38 4 2 0 2 3 0 4 3 2 1 4 11 3 4 4 9 17 8 23 53 1 3 0 2 3 25 11 18 1 2 8 6 4 9 1 584 52 3 2 5 143 4 7 3 9 24 5 1 39 252 69 20 2 1 3
367 462 512 290 87 945 96 191 260 18285 10067 9631 2 0 3 3 0 5 2 2 20 19 3 0 6 1 1 2 47 31 27 77 551 15 1 1 0 24 12 2 67 3 0 2 2 4 1 18 6 0 8 19 85 95 21 27 5 3 1 0 4 8 2 1 9 2 12 5 51 7 10 1016 28 10 12 31 175 2 132 1 29 1 139 102 28 7 7 17 6 1 9 34 13 4 4 19 2032 290 7 2 138 62 213 317 114 288 39 79 179 204 314 374 0 0 0 0 1 2 0 2 1 2 0 8 6 0 0 0 0 0 40 3 210 240 0 102 0 0 18 14 5 1 3 11 27 0 1 0 0 5 0 2 2 2 1 0 4 5 2 2 7 7 4 20 50 0 0 2 0 1 9 14 23 0 0 1 6 1 2 0 466 55 5 2 0 148 2 0 0 4 10 0 2 48 139 42 22 2 0 3
1998 1639 13482 2416 1778 23171 666 4434 585 31592 9631 45047 0 10 20 31 2 22 6 8 148 163 9 7 40 2 26 34 544 424 624 1106 2491 193 6 1 10 188 50 11 488 9 32 5 7 7 13 77 62 1 66 100 372 502 132 158 82 64 3 1 31 46 32 25 161 4 229 21 450 21 57 2187 171 17 190 151 237 1 194 5 90 4 762 650 429 82 40 63 62 9 47 176 85 28 53 238 1706 610 62 31 349 191 611 986 371 848 103 243 561 647 1032 1091 1 0 5 2 1 4 2 21 11 10 2 34 10 0 2 0 0 2 123 35 680 653 2 317 0 0 87 29 7 1 8 16 82 2 3 0 15 26 0 0 4 11 2 6 4 10 1 5 20 25 23 59 140 1 15 6 1 6 46 28 71 5 0 10 3 1 13 3 1417 244 19 1 6 412 3 6 14 21 63 9 3 147 414 126 59 11 2 4
0 1 0 0 0 1 0 1 23 3 2 0 5415 1 1 6 8 83 3972 60 0 1 0 5 0 0 12 15 2 0 2 0 3 0 1 0 32 318 2 1 10 0 17 3943 2644 3296 2 17 3 52 0 6 1 2 1 0 0 0 0 1 4 8 10 8 12 868 0 1 14 0 11 65 224 1036 0 38 289 593 364 5 15 27 1 0 0 0 0 52 92 476 604 3 4 1 36 0 141 8 0 0 0 0 0 0 1 0 0 0 0 0 1 0 1 8 304 7 0 145 1 773 23 1123 7 0 0 1 1 1 0 3 0 1 2 3 1 13 0 0 7 8 125 0 57 1 0 10 15 15 55 430 1 2 6 0 1 6 4 0 3 1 0 1 0 1 1 1 64 20 9 267 0 1 1 0 12 66 0 0 62 5 3 8 302 0 18 4 0 5 16 0 0 24 4 0 1 0 0 0 1 0
5 4 3 6 72 14 8 1 0 2 0 10 1 10580 8485 131 263 69 237 103 45 38 114 375 11 90 1778 812 193 23 157 6 16 137 4419 6768 2337 285 84 470 315 29 118 5 1 7 456 9 5 1 4 3 16 32 10 6 80 58 962 599 15 10 30 175 218 4 91 479 85 3 3 9 17 10 338 13 2 2 13 0 3 0 34 36 12 9 45 5 12 0 10 33 2 7 42 232 1 11 19 58 0 2 0 1 5 1 0 0 0 0 0 2 12 2 6 40 55 118 50 10 332 491 380 16 8 1 5 2 1 4 0 2 2 6 9 21 7 0 65 133 2 20 0 1 19 2 0 0 144 8 16 0 0 0 0 0 1 0 0 0 0 1 1 0 0 12 1 7 1 1 9 3 2 8 0 6 0 0 2 0 4 75 10 1 0 31 1 0 0 2 1 1 3 1 1 0 10 2 1 3
6 5 2 6 79 37 3 2 0 3 3 20 1 8485 21439 10329 1143 1358 580 1878 154 166 675 441 37 201 1495 2662 123 17 156 8 30 104 1165 673 3670 686 831 345 1240 123 445 28 5 29 195 60 41 2 22 2 13 33 27 15 50 55 380 245 35 55 78 205 515 1 82 310 290 20 12 15 32 43 288 45 1 6 22 0 4 0 33 28 40 13 45 3 40 4 28 161 21 42 159 225 1 9 34 41 1 6 0 1 8 0 0 2 0 0 2 1 127 13 26 256 98 231 184 54 957 1132 810 57 26 6 27 11 6 28 4 1 11 19 29 65 65 6 168 278 25 148 11 1 31 11 2 3 481 23 61 0 1 0 0 2 0 0 1 0 2 1 0 0 1 68 3 27 0 2 11 9 7 47 7 25 3 3 11 0 17 272 25 4 1 139 2 2 7 10 2 4 1 3 4 0 35 13 2 11
18 11 5 8 150 82 14 1 2 4 3 31 6 131 10329 16719 111 3317 2255 648 18 29 59 163 14 33 563 1610 99 26 196 24 40 132 159 135 1267 621 368 60 425 64 193 14 1 65 85 57 22 1 15 1 13 27 15 3 41 126 216 271 32 34 63 129 74 1 26 298 158 18 4 43 72 12 511 62 5 1 28 0 1 1 22 21 14 13 67 4 36 0 17 126 13 26 103 438 5 15 8 27 0 2 2 0 3 1 0 2 0 0 2 2 126 25 114 139 2 240 20 249 122 1475 66 4 2 0 4 5 0 26 3 1 3 10 3 19 22 1 25 36 30 25 3 1 3 5 0 8 139 46 5 1 4 0 0 1 0 0 0 0 0 0 0 0 2 8 2 13 2 12 4 0 0 7 5 5 1 1 28 0 4 41 52 0 2 24 0 1 4 0 0 9 1 5 2 0 5 1 1 3
0 1 0 0 6 3 0 0 0 0 0 2 8 263 1143 111 2422 223 159 2637 89 109 409 82 42 85 96 30 17 2 13 1 15 11 106 174 2610 1037 47 185 315 19 53 32 10 69 126 10 1 1 4 2 2 3 3 6 12 8 75 17 13 4 12 51 23 4 21 24 46 1 1 4 23 57 20 21 2 16 17 0 3 1 5 11 18 5 16 1 4 4 21 18 2 4 30 15 0 2 17 11 2 2 1 1 2 1 0 0 0 0 0 2 14 3 9 25 43 23 56 24 327 107 164 27 24 0 11 4 3 7 2 4 11 12 22 56 15 2 128 166 2 29 0 0 14 3 1 0 184 7 19 0 0 0 0 2 1 1 0 2 1 0 0 1 2 20 3 4 0 2 11 1 5 17 1 6 0 0 4 2 13 213 35 2 5 75 1 0 3 4 2 3 3 3 0 0 25 6 0 10
8 7 2 5 111 54 8 4 1 5 5 22 83 69 1358 3317 223 7995 8486 2302 19 31 61 338 12 24 1391 1706 65 9 70 17 44 48 165 35 1061 1501 3625 46 672 92 299 337 9 2322 53 78 25 2 34 8 7 9 22 5 37 68 67 73 1938 78 175 582 451 31 36 99 1017 47 17 57 209 105 180 341 10 46 73 0 10 1 29 16 12 13 30 4 52 6 142 118 12 53 180 190 5 7 17 20 2 0 0 0 7 1 0 0 0 1 0 5 81 99 1217 91 8 871 27 1841 90 5744 77 6 1 0 3 11 3 158 1 2 5 14 12 38 25 1 54 33 534 19 124 0 1 7 13 109 458 422 7 5 4 1 0 5 1 0 0 2 0 3 0 1 2 6 13 42 3 195 1 1 5 5 4 26 1 1 65 4 14 51 341 1 10 23 2 3 6 0 0 15 3 5 0 0 2 2 1 0
4 2 4 1 13 6 1 2 0 1 2 6 3972 237 580 2255 159 8486 23373 6572 29 57 141 335 34 176 795 424 25 4 9 5 10 7 324 14 455 1243 131 222 308 66 346 9640 662 3684 39 124 29 61 18 28 2 5 9 8 13 3 17 8 53 76 149 273 141 174 23 10 110 37 31 39 252 3232 14 171 24 1773 105 27 44 39 11 14 16 7 12 46 160 308 702 140 16 53 254 10 8 0 7 5 2 3 0 1 15 2 0 2 0 0 1 1 820 175 1242 1156 149 1918 362 1883 1989 13774 1693 89 40 5 48 41 14 190 6 6 14 26 60 73 193 8 227 319 292 371 80 1 53 43 7 137 2036 551 122 7 13 1 1 18 10 3 7 4 1 3 0 1 3 92 53 110 15 283 23 6 16 54 13 99 7 9 171 12 14 433 1325 9 45 381 3 7 22 13 6 50 9 7 1 0 48 13 1 12
3 0 1 4 8 2 0 1 0 2 2 8 60 103 1878 648 2637 2302 6572 2844 102 147 476 278 47 229 222 48 17 1 9 1 5 8 105 20 429 335 39 241 653 83 285 134 62 217 67 38 23 4 14 7 2 5 12 7 14 8 14 13 28 39 57 105 27 3 32 13 44 15 9 8 21 129 15 38 3 65 26 7 6 6 16 15 31 10 16 7 41 33 46 121 12 35 110 14 4 0 14 5 1 0 1 2 7 1 0 2 0 0 2 1 201 27 43 349 90 115 199 51 979 820 537 55 45 2 34 12 9 35 2 2 3 13 29 63 96 9 171 176 24 236 22 2 31 17 6 2 526 26 110 3 4 1 1 6 2 1 0 3 0 0 0 0 1 89 7 43 1 9 17 6 7 65 1 20 0 1 15 0 20 358 54 3 7 271 0 2 10 20 6 10 5 3 1 0 41 18 2 16
32 65 37 52 162 220 9 6 8 28 20 148 0 45 154 18 89 19 29 102 6274 5109 2869 452 568 495 155 10 129 31 135 67 326 363 55 8 200 738 15 350 1169 34 139 19 1 11 263 8 3 1 3 5 18 40 13 349 38 64 15 12 12 22 49 62 24 1 65 54 35 7 1 361 268 23 271 15 93 1 240 0 6 0 73 69 1516 139 149 2 4 0 17 15 3 7 73 269 71 29 358 39 5 4 3 7 6 7 0 2 2 2 3 9 0 0 2 4 2 4 0 4 24 10 8 3 4 1 0 0 0 0 1 0 14 38 4 42 1 0 37 31 1 3 2 0 8 0 1 0 13 5 2 0 1 0 0 0 0 0 0 0 0 1 0 0 7 0 1 1 0 0 4 1 3 1 0 2 0 0 1 0 32 55 5 0 1 24 0 2 1 1 0 0 0 6 1 0 4 1 0 0
30 38 35 28 149 157 13 4 14 16 19 163 1 38 166 29 109 31 57 147 5109 22871 6098 1378 8676 2766 430 19 165 25 129 59 451 463 49 9 240 959 23 1649 1086 118 946 43 2 34 614 59 34 2 18 19 28 115 28 481 129 82 15 15 64 106 299 352 33 6 395 84 81 32 14 469 328 48 351 58 84 1 335 3 14 0 1077 706 5017 1721 388 22 31 7 40 78 30 57 507 324 91 21 3971 82 3 1 4 4 7 3 2 0 2 4 8 9 0 0 2 0 5 8 5 9 76 23 30 4 2 0 1 1 0 1 3 2 12 38 4 68 0 0 63 44 5 2 1 3 10 1 2 0 42 9 3 0 1 0 1 2 0 1 1 1 1 1 0 0 9 1 2 5 1 0 3 0 13 2 2 7 0 1 4 0 53 92 8 0 7 30 1 1 7 1 3 8 2 9 4 2 9 2 0 0
9 6 7 1 18 7 1 4 0 0 3 9 0 114 675 59 409 61 141 476 2869 6098 10972 7853 407 5748 306 22 61 2 24 8 31 57 36 37 408 681 17 566 5334 897 1157 38 2 43 159 24 46 0 5 1 9 33 54 39 29 13 10 10 30 47 61 116 23 5 137 18 22 17 3 33 125 28 20 21 8 0 38 0 2 0 74 135 251 76 32 7 24 4 41 67 12 31 323 32 7 5 156 11 0 0 0 1 2 1 0 0 0 0 0 0 0 0 1 2 4 4 3 13 41 19 22 2 0 0 1 0 0 0 0 0 1 6 0 12 0 0 22 26 5 0 1 0 4 0 0 0 17 6 1 1 2 0 0 1 0 0 0 0 0 0 0 0 2 3 2 4 1 0 3 2 0 2 1 5 1 0 7 1 1 26 3 0 2 11 0 0 0 1 0 2 1 1 1 0 1 1 0 1
9 13 22 6 18 17 3 5 1 10 0 7 5 375 441 163 82 338 335 278 452 1378 7853 8823 780 8458 4233 145 382 8 73 4 14 39 1349 146 142 190 79 4697 2243 3885 1193 32 8 500 682 28 79 0 24 12 36 152 80 67 298 3 139 39 635 63 96 508 159 36 788 52 185 17 7 25 42 14 29 64 5 2 21 0 10 1 220 428 236 226 132 7 26 8 468 160 19 35 359 27 5 5 439 72 0 1 0 0 2 1 0 0 0 0 0 0 3 2 24 5 13 25 9 174 86 110 97 2 1 0 2 0 0 6 1 2 0 1 3 21 2 0 24 36 55 6 31 0 8 5 5 2 39 158 3 1 2 0 0 1 0 0 0 0 0 0 0 0 0 2 41 10 1 20 2 0 1 2 2 34 1 1 31 3 2 21 4 1 7 6 2 1 9 1 0 2 0 0 0 0 2 0 0 0
26 20 21 5 40 49 4 5 5 7 6 40 0 11 37 14 42 12 34 47 568 8676 407 780 10759 1749 505 39 416 13 115 13 99 80 66 8 73 249 7 4596 375 55 472 26 3 23 2881 32 28 5 13 16 56 218 17 179 763 23 12 9 48 54 227 383 37 4 1651 30 86 29 21 99 77 18 101 21 18 1 71 0 12 1 733 1226 1605 1445 1841 18 23 4 57 66 17 18 285 75 8 10 5674 889 0 0 2 1 0 3 0 0 0 1 0 2 0 1 4 2 6 4 5 10 59 16 27 2 0 0 1 0 0 2 1 1 4 11 4 28 1 0 47 60 1 1 5 0 2 2 0 0 36 8 1 0 2 0 0 0 2 1 3 2 0 0 0 1 0 0 3 0 0 1 2 0 3 5 0 3 0 1 4 0 13 36 6 0 4 6 0 1 7 1 0 1 1 0 0 0 0 0 0 1
1 4 5 2 9 4 1 0 0 2 1 2 0 90 201 33 85 24 176 229 495 2766 5748 8458 1749 7153 1073 12 160 5 21 4 8 16 337 32 56 155 4 4475 1019 119 553 31 0 11 373 11 12 1 8 2 18 95 17 43 125 0 31 12 9 24 52 106 10 1 448 12 14 14 4 18 40 22 6 5 5 0 14 0 6 0 130 270 229 188 53 3 8 2 12 32 2 12 191 13 2 1 293 37 0 1 0 1 0 0 0 0 0 0 0 0 5 1 0 3 15 11 8 5 78 50 69 3 2 0 3 1 0 0 0 0 1 5 1 2 1 0 27 40 1 7 2 0 5 0 0 0 41 5 5 0 0 0 0 0 0 0 0 0 1 0 0 1 0 5 2 1 0 0 1 0 1 2 0 1 1 1 4 1 2 23 12 0 0 7 0 0 4 0 1 3 0 0 0 0 3 2 0 1
16 9 9 8 35 19 6 6 1 3 1 26 12 1778 1495 563 96 1391 795 222 155 430 306 4233 505 1073 29568 5977 1148 15 263 5 22 120 9348 718 394 239 344 4968 530 74 345 24 1 402 1299 18 36 0 10 15 63 257 26 53 732 19 567 157 213 41 236 2749 504 10 1451 248 227 11 11 16 45 17 99 30 4 2 16 0 8 0 235 485 225 261 198 6 17 1 98 71 16 15 108 98 1 8 482 242 0 3 0 0 6 0 0 0 0 1 0 1 11 15 69 13 24 98 18 358 166 489 156 7 1 0 6 2 0 3 0 2 7 3 7 25 10 1 40 67 78 10 28 0 9 0 1 5 83 93 10 0 1 0 0 2 2 0 0 0 1 1 0 0 0 4 3 2 2 8 1 0 2 4 0 12 1 3 6 0 5 40 12 0 2 11 0 3 3 3 1 1 2 1 1 0 4 1 0 2
14 5 5 15 108 72 21 2 0 6 2 34 15 812 2662 1610 30 1706 424 48 10 19 22 145 39 12 5977 13568 853 47 391 11 18 95 560 310 265 123 5396 135 274 32 89 22 3 552 636 22 7 0 13 4 46 165 16 18 353 33 631 189 168 40 191 933 3329 6 556 458 781 12 10 10 22 7 283 47 2 3 14 0 10 0 93 133 46 29 116 6 7 3 63 27 7 11 36 330 0 35 68 201 1 1 1 0 6 0 0 0 0 1 0 0 2 16 199 8 11 154 10 1033 53 783 54 3 1 0 0 1 0 12 0 0 4 7 5 34 5 0 20 20 237 3 69 0 2 0 2 4 56 180 2 1 2 0 0 5 1 0 0 1 0 1 0 0 1 1 11 3 2 29 1 0 0 2 0 24 0 0 13 0 3 21 30 1 8 7 1 2 0 1 0 5 2 3 1 0 3 0 0 0
9628 1297 985 480 3452 1234 2077 598 38 282 47 544 2 193 123 99 17 65 25 17 129 165 61 382 416 160 1148 853 50614 13779 8627 190 293 170 257 56 91 145 305 503 194 17 305 9 8 73 443 101 34 3 30 49 1229 6037 204 90 4749 42 68 10 173 201 820 903 1220 6 4573 104 1158 86 33 84 93 3 1610 179 12 2 34 0 47 1 485 3366 271 106 1692 28 44 8 125 97 64 46 298 1054 24 5693 452 2380 6 7 17 30 14 22 1 5 8 13 24 29 0 3 13 1 4 4 2 70 18 17 8 4 1 0 2 0 0 1 6 2 25 50 5 41 0 0 29 36 23 1 24 1 10 2 7 0 13 59 2 0 3 0 0 5 1 1 1 1 0 0 0 1 10 2 20 6 2 2 2 0 6 2 4 22 0 0 16 4 58 46 2 0 12 34 3 1 1 1 8 7 2 4 11 3 5 0 0 1
6175 3548 235 1704 6134 2456 252 47 7 59 31 424 0 23 17 26 2 9 4 1 31 25 2 8 13 5 15 47 13779 27146 3686 99 97 40 8 10 6 25 68 4 173 15 12 3 1 5 11 33 35 3 22 48 313 833 68 66 3300 7 2 1 14 28 25 15 160 1 533 7 247 15 33 27 14 0 97 37 3 0 6 1 45 2 394 397 129 26 37 41 24 2 10 96 40 16 21 115 16 691 23 252 10 5 15 28 6 34 4 3 14 18 28 28 0 1 3 0 0 0 1 4 2 1 0 0 0 0 2 0 0 0 2 0 23 22 1 17 0 0 5 7 2 0 2 2 2 0 1 0 0 5 0 1 5 0 0 2 2 1 3 0 0 0 0 2 9 0 5 2 0 2 0 2 3 0 3 6 1 2 5 3 40 15 0 1 2 8 2 0 6 0 3 3 1 2 8 5 3 1 0 0
746 546 93 280 7071 2164 423 31 11 50 27 624 2 157 156 196 13 70 9 9 135 129 24 73 115 21 263 391 8627 3686 14677 754 806 430 113 40 107 207 451 118 422 26 67 10 2 16 219 104 61 4 53 92 470 1267 106 135 13367 100 31 17 79 96 125 189 985 4 3084 57 1460 48 75 176 135 5 2129 213 11 1 76 3 78 3 776 920 435 144 981 56 40 7 66 153 90 36 85 2411 15 705 1364 10047 12 8 16 34 18 24 3 4 12 16 23 26 0 0 12 0 2 5 3 53 29 16 13 7 1 0 0 0 0 2 5 4 25 57 2 64 0 0 42 47 16 1 14 1 10 2 6 0 15 36 1 0 5 0 1 2 1 2 3 2 1 3 0 5 10 0 16 7 3 1 3 0 7 2 5 25 1 1 24 4 97 61 2 0 11 37 4 1 9 0 3 8 5 9 11 0 5 3 0 0
109 59 25 43 3782 6017 47 14 24 111 77 1106 0 6 8 24 1 17 5 1 67 59 8 4 13 4 5 11 190 99 754 7836 4723 1500 3 2 7 152 34 1 120 3 17 1 1 6 9 25 8 0 7 27 75 92 20 40 104 433 1 4 9 9 11 7 74 1 56 19 225 8 10 284 282 5 2314 89 28 0 60 0 18 0 133 111 105 24 19 11 9 2 12 40 17 8 7 3743 98 79 27 49 51 37 72 140 60 105 10 12 45 50 119 135 0 0 1 0 1 2 0 10 3 8 1 14 6 1 3 0 0 1 19 3 110 167 0 128 0 0 22 9 12 0 9 3 21 2 1 0 7 17 1 0 0 2 1 2 1 2 1 2 5 8 3 10 45 0 2 4 2 0 14 12 28 0 1 7 3 2 3 0 361 74 2 1 4 122 0 1 2 7 18 3 3 40 47 11 18 3 1 2
108 70 38 44 2343 2480 61 13 80 279 551 2491 3 16 30 40 15 44 10 5 326 451 31 14 99 8 22 18 293 97 806 4723 8832 3002 11 10 40 2392 46 15 341 6 24 9 5 19 47 31 20 3 17 36 126 155 49 76 145 1019 18 20 15 17 15 12 54 2 100 407 220 15 13 2929 2680 34 2237 73 303 8 423 3 28 2 294 229 319 76 115 28 19 9 27 52 34 5 20 3249 672 147 133 121 102 62 106 232 152 213 22 49 96 95 211 209 0 0 3 0 5 3 4 15 21 8 5 52 9 1 4 0 0 1 65 16 270 675 5 529 1 0 167 54 5 1 6 15 80 3 1 1 6 15 3 1 3 2 2 2 3 8 1 4 16 11 5 25 150 0 8 2 1 1 40 22 122 5 4 18 6 4 8 0 1002 557 22 2 7 554 3 3 5 16 36 6 6 142 104 26 79 8 1 6
30 20 12 8 904 758 26 6 6 18 15 193 0 137 104 132 11 48 7 8 363 463 57 39 80 16 120 95 170 40 430 1500 3002 13793 149 165 1560 2588 147 83 295 2 29 7 4 7 620 16 11 0 8 13 63 59 19 53 123 4298 1279 3364 7 26 44 41 157 1 87 8458 274 12 8 659 617 48 5872 45 52 4 203 0 10 0 134 99 245 64 566 13 7 3 28 25 18 10 25 2305 60 40 121 93 19 24 19 35 41 31 7 14 7 8 29 31 0 1 2 0 7 12 0 13 57 12 10 32 10 0 5 1 0 2 15 13 65 420 28 762 1 0 447 185 2 2 1 2 64 2 3 1 37 9 4 0 5 3 2 5 6 6 2 2 11 8 0 3 52 0 5 8 4 2 24 8 98 16 7 12 5 6 9 2 338 847 42 2 5 396 4 1 8 9 22 7 2 55 28 5 54 7 2 4
3 1 2 2 16 10 2 1 0 2 1 6 1 4419 1165 159 106 165 324 105 55 49 36 1349 66 337 9348 560 257 8 113 3 11 149 6493 5288 773 153 85 3834 84 14 130 19 2 16 2077 6 7 0 2 3 10 61 4 10 167 21 2243 425 22 7 66 373 190 0 306 415 102 5 1 6 19 10 143 7 1 1 12 1 2 0 31 84 41 44 58 1 2 2 9 17 2 2 42 80 2 4 69 88 0 0 0 0 1 0 0 0 0 0 0 0 4 2 3 13 19 53 15 15 92 182 93 8 3 2 3 0 0 4 1 0 4 5 4 17 5 0 48 61 3 12 0 0 5 0 0 0 55 2 5 0 0 0 0 0 0 0 0 0 0 1 0 0 0 2 1 2 0 1 3 0 1 5 1 1 0 0 2 0 3 44 8 0 0 13 0 0 0 2 0 0 0 0 0 0 3 2 1 0
1 0 0 0 27 7 2 0 1 0 1 1 0 6768 673 135 174 35 14 20 8 9 37 146 8 32 718 310 56 10 40 2 10 165 5288 7805 1786 104 153 272 40 2 34 3 1 4 578 2 1 0 0 1 7 11 0 1 25 27 3569 1536 1 0 19 73 172 0 44 694 77 1 1 3 7 2 214 4 0 1 3 0 0 1 7 18 6 4 26 1 1 1 1 2 1 1 5 99 1 5 8 26 0 1 0 1 1 0 0 0 0 0 0 0 1 0 1 0 7 6 5 5 43 28 30 1 2 0 1 0 0 0 2 1 1 2 2 17 0 1 21 34 1 3 0 0 4 0 1 0 24 3 1 0 0 0 0 0 0 0 0 0 0 0 0 2 0 1 1 0 1 1 1 0 0 0 0 1 0 0 0 0 1 20 2 0 0 3 0 0 0 0 2 0 0 0 0 0 1 0 0 0
2 4 1 2 62 27 2 0 0 0 0 10 32 2337 3670 1267 2610 1061 455 429 200 240 408 142 73 56 394 265 91 6 107 7 40 1560 773 1786 4900 4283 413 329 327 15 64 137 4 444 760 25 4 0 4 6 8 15 6 18 49 216 1344 842 78 16 28 104 165 9 84 1876 344 5 3 26 56 57 623 107 6 11 32 0 15 1 28 24 64 16 134 4 9 1 44 11 6 1 34 218 6 11 63 58 5 19 4 10 35 8 0 5 0 0 4 14 6 5 21 15 37 28 33 72 203 115 78 29 22 2 9 2 1 4 5 12 34 88 39 341 5 0 401 325 33 19 11 4 26 1 2 2 164 28 14 1 1 0 0 2 1 2 2 0 4 3 0 4 8 0 8 1 4 11 13 6 20 25 0 18 2 1 8 0 41 637 58 5 2 200 0 1 2 8 5 3 1 20 7 5 40 8 2 6
25 14 4 10 352 241 13 4 6 22 24 188 318 285 686 621 1037 1501 1243 335 738 959 681 190 249 155 239 123 145 25 207 152 2392 2588 153 104 4283 12909 264 496 773 33 230 1112 173 1669 518 143 7 17 8 26 32 38 13 55 116 411 444 124 216 88 153 162 106 47 143 1548 555 37 32 993 2669 784 953 510 225 185 591 11 68 15 110 84 293 73 225 32 90 83 380 38 10 21 201 538 60 21 150 63 24 54 17 40 106 29 3 25 9 12 19 28 41 13 98 73 144 159 161 276 1167 711 658 147 90 2 38 4 2 13 30 29 114 563 128 1585 46 3 1699 1156 80 89 33 10 121 17 17 8 802 163 83 5 17 3 1 12 6 5 6 8 10 12 7 12 47 41 75 36 14 39 76 16 144 115 10 93 12 7 94 13 299 3338 338 16 34 1363 17 11 24 50 40 31 13 80 57 17 150 37 6 31
24 18 4 21 357 139 21 0 1 9 12 50 2 84 831 368 47 3625 131 39 15 23 17 79 7 4 344 5396 305 68 451 34 46 147 85 153 413 264 8487 39 163 29 82 20 0 1799 149 47 10 0 8 8 24 76 16 11 124 121 457 222 5804 24 38 140 1637 3 88 511 4027 12 6 46 60 3 634 558 6 4 36 0 12 0 44 45 27 4 63 5 19 3 82 35 7 11 48 719 0 41 23 106 4 3 1 4 10 2 1 0 0 0 1 3 4 54 286 6 7 106 6 1121 65 604 21 3 2 2 2 4 0 37 0 1 2 12 9 54 0 0 24 24 398 4 136 0 3 4 3 10 56 236 2 0 1 0 0 2 0 0 0 2 0 0 0 1 2 0 18 9 1 36 1 2 2 3 3 29 1 1 16 0 8 32 35 2 9 12 0 2 1 0 0 9 1 5 0 0 2 0 0 0
5 5 6 1 18 11 6 0 1 3 2 11 1 470 345 60 185 46 222 241 350 1649 566 4697 4596 4475 4968 135 503 4 118 1 15 83 3834 272 329 496 39 10449 419 74 701 52 1 23 2198 20 12 1 6 6 25 171 9 42 455 5 248 77 31 34 128 484 103 0 1181 103 75 11 5 26 108 42 59 14 7 4 32 0 7 0 215 500 291 284 317 13 16 2 29 29 7 11 246 36 4 6 680 146 1 4 1 2 4 0 0 1 0 0 1 0 5 0 4 26 30 39 28 18 179 130 160 8 3 1 7 0 0 1 0 1 3 8 10 38 6 0 59 123 2 13 4 0 6 1 1 0 108 5 5 0 1 0 0 2 0 0 0 0 0 0 0 0 0 6 2 0 1 1 2 1 3 6 0 6 0 0 3 1 8 79 12 2 1 13 1 0 2 4 0 1 0 2 0 0 6 1 0 2
512 434 512 209 368 630 67 225 37 248 67 488 10 315 1240 425 315 672 308 653 1169 1086 5334 2243 375 1019 530 274 194 173 422 120 341 295 84 40 327 773 163 419 3845 3710 1479 96 82 483 176 769 2188 34 142 70 70 87 1735 1357 186 72 28 8 696 297 204 228 353 115 149 75 409 124 262 279 300 32 436 631 87 15 201 11 105 16 1153 276 476 164 180 448 927 138 1052 979 146 326 796 378 94 65 292 135 9 12 11 20 15 23 3 7 12 22 18 38 1 2 39 3 3 9 6 142 35 41 25 5 2 1 1 0 0 4 7 3 31 82 7 96 1 0 51 22 38 4 49 3 10 27 37 3 29 225 4 21 46 2 6 38 10 4 16 25 1 0 0 5 23 2 71 56 20 31 3 1 14 3 44 150 10 18 166 29 119 95 11 1 92 86 24 25 102 3 2 118 29 20 7 0 16 1 1 0
42 34 30 12 13 25 5 19 4 32 3 9 0 29 123 64 19 92 66 83 34 118 897 3885 55 119 74 32 17 15 26 3 6 2 14 2 15 33 29 74 3710 5995 4440 17 15 75 13 87 1495 8 47 3 8 9 169 19 17 1 3 3 219 78 25 30 59 30 33 3 82 24 25 6 12 8 8 114 5 2 17 1 15 1 90 36 21 15 12 47 83 19 316 439 30 99 482 10 7 5 32 10 0 0 1 0 2 0 0 0 0 0 0 3 0 0 9 1 1 3 2 27 6 8 2 0 0 0 0 0 0 1 2 1 1 2 0 1 0 0 7 3 10 0 18 0 1 7 8 0 2 67 0 2 7 0 1 3 0 0 1 1 0 0 0 0 1 0 22 15 2 6 0 1 1 0 10 27 0 4 37 5 3 6 1 0 10 4 3 3 9 0 0 10 5 2 2 0 4 1 0 0
22 24 32 10 31 35 5 19 7 27 0 32 17 118 445 193 53 299 346 285 139 946 1157 1193 472 553 345 89 305 12 67 17 24 29 130 34 64 230 82 701 1479 4440 4466 172 99 653 245 140 1400 44 52 17 37 129 106 60 218 5 46 12 1547 200 1139 785 348 243 568 52 770 53 56 35 150 21 31 882 46 11 71 1 19 5 235 450 306 238 106 48 263 144 2592 594 35 113 4577 32 35 7 383 55 1 1 0 1 7 3 0 1 0 0 0 0 2 3 85 4 4 15 5 345 39 85 49 1 2 0 1 0 0 3 6 8 1 7 7 21 2 0 17 16 95 1 110 9 9 57 107 3 39 614 6 8 35 1 4 38 2 5 2 8 1 1 0 1 1 1 208 107 34 65 2 6 5 6 45 278 8 12 361 60 5 21 9 0 145 11 5 10 36 1 0 83 21 5 1 0 3 0 0 0
6 2 2 0 2 5 1 2 7 3 2 5 3943 5 28 14 32 337 9640 134 19 43 38 32 26 31 24 22 9 3 10 1 9 7 19 3 137 1112 20 52 96 17 172 9551 2891 2414 29 121 23 422 4 158 3 4 5 2 6 1 8 4 68 50 79 29 19 287 13 9 160 20 51 189 1844 2084 7 338 660 2468 2725 122 155 295 12 11 11 8 6 251 312 913 1294 22 3 10 257 4 68 9 4 6 1 9 1 4 10 3 1 2 1 0 2 2 10 8 103 62 87 221 99 255 845 1183 624 44 27 0 15 8 3 13 5 13 16 42 23 120 20 1 339 357 50 55 52 11 37 23 26 16 588 278 40 6 32 0 3 33 36 7 29 11 1 0 0 3 6 29 99 50 28 74 8 10 8 24 34 152 8 13 190 33 17 578 387 4 70 181 14 19 39 14 1 73 26 9 3 0 34 13 4 10
5 2 1 0 5 5 1 3 98 3 2 7 2644 1 5 1 10 9 662 62 1 2 2 8 3 0 1 3 8 1 2 1 5 4 2 1 4 173 0 1 82 15 99 2891 4273 684 4 82 20 2842 6 212 1 3 1 1 4 1 0 0 30 66 82 12 28 1128 4 5 199 18 27 194 267 250 2 127 1664 1109 1126 185 266 992 5 5 4 0 1 932 445 2774 1889 10 4 11 182 5 701 48 1 2 1 7 3 5 12 2 0 2 2 0 2 5 0 0 202 1 3 6 2 522 37 64 17 2 1 3 3 8 0 10 10 18 6 14 9 38 0 0 22 24 115 4 284 20 18 126 274 7 50 1861 19 26 113 4 9 147 51 12 27 32 1 0 0 1 4 4 894 296 104 269 1 17 10 15 130 941 25 31 1321 183 10 37 10 4 388 46 27 99 173 7 2 346 84 8 5 1 6 3 3 3
8 5 11 10 28 21 4 2 10 3 4 7 3296 7 29 65 69 2322 3684 217 11 34 43 500 23 11 402 552 73 5 16 6 19 7 16 4 444 1669 1799 23 483 75 653 2414 684 3503 30 67 31 17 14 6 7 18 23 6 33 2 12 2 852 60 200 1162 873 1449 61 36 1043 26 7 103 733 319 10 151 150 196 301 3 20 5 29 25 16 11 11 18 55 69 1062 93 9 35 388 18 83 15 21 9 1 13 0 4 26 8 0 1 1 2 1 4 4 150 2368 9 14 183 10 4533 151 2070 22 3 0 3 3 12 1 121 11 14 21 12 31 108 1 0 73 66 1512 8 892 5 15 43 128 118 194 3852 7 5 10 1 0 37 0 0 1 4 2 1 1 1 5 13 436 181 18 1115 2 8 14 15 18 527 3 6 324 14 11 66 343 3 58 35 3 6 17 5 0 49 13 13 4 4 2 1 1 0
4 7 11 3 27 21 3 2 0 4 1 13 2 456 195 85 126 53 39 67 263 614 159 682 2881 373 1299 636 443 11 219 9 47 620 2077 578 760 518 149 2198 176 13 245 29 4 30 4495 36 9 2 12 7 27 100 3 28 652 74 1849 415 65 86 256 479 697 1 1057 1549 425 23 15 46 107 19 329 34 5 2 34 0 8 0 121 301 217 313 1807 4 17 2 49 12 8 18 151 56 3 3 739 342 1 6 2 0 9 2 1 0 1 0 0 3 0 0 5 3 25 16 16 37 104 22 42 16 3 0 3 0 0 1 1 5 11 20 22 110 0 1 137 179 9 5 8 0 16 0 1 0 79 27 11 1 1 0 0 0 0 0 0 0 1 1 0 0 0 1 6 5 1 1 4 4 2 7 1 11 0 0 7 1 10 144 20 2 2 26 0 2 1 2 3 5 3 5 1 3 6 3 0 2
126 78 122 35 133 100 30 56 5 68 18 77 17 9 60 57 10 78 124 38 8 59 24 28 32 11 18 22 101 33 104 25 31 16 6 2 25 143 47 20 769 87 140 121 82 67 36 22598 250 134 73 236 5 32 96 23 37 7 12 1 351 11141 635 64 103 43 40 33 5889 348 2275 77 102 22 28 5814 32 11 98 14 968 114 130 90 41 24 23 2038 3666 208 952 587 140 252 1964 47 29 18 42 10 1 4 1 4 13 2 1 4 3 0 2 4 1 0 29 3 2 4 1 91 21 25 4 7 7 19 19 9 6 4 13 10 10 12 8 39 2 0 13 10 17 25 43 55 36 401 193 12 76 265 39 419 1201 10 71 1005 53 24 76 270 6 1 0 3 4 7 266 682 648 56 3 24 4 22 1386 1202 228 416 1252 333 11 39 19 5 1543 95 478 452 1547 9 3 2211 834 7 18 5 2 9 6 3
156 102 129 33 48 68 18 93 10 90 6 62 3 5 41 22 1 25 29 23 3 34 46 79 28 12 36 7 34 35 61 8 20 11 7 1 4 7 10 12 2188 1495 1400 23 20 31 9 250 5185 22 267 14 18 18 196 38 25 3 0 0 51 279 27 21 23 29 19 5 49 56 123 13 9 4 36 195 14 5 11 0 44 7 227 90 34 34 20 153 292 59 182 9714 150 2047 2440 29 8 25 46 23 1 0 2 2 1 1 0 2 2 1 1 3 0 1 2 1 1 1 2 10 0 2 1 2 0 0 1 0 0 2 0 1 2 9 0 10 0 0 4 2 1 2 5 3 0 8 9 1 3 31 0 12 31 0 1 26 8 1 4 11 1 0 0 0 4 0 17 26 10 7 0 0 0 0 30 45 9 13 58 12 9 16 0 1 43 7 13 13 42 0 0 45 15 2 4 0 0 1 0 0
6 1 3 0 2 2 1 3 64 5 0 1 52 1 2 1 1 2 61 4 1 2 0 0 5 1 0 0 3 3 4 0 3 0 0 0 0 17 0 1 34 8 44 422 2842 17 2 134 22 6575 15 990 3 0 3 1 4 0 0 0 2 170 47 0 3 1809 2 2 97 35 58 72 54 596 3 137 1084 461 333 1457 773 6835 6 3 0 1 2 4367 1369 3056 738 15 16 15 116 1 564 46 0 0 1 1 0 4 8 0 0 2 1 0 3 3 1 0 6 0 3 4 1 14 9 7 3 2 0 7 3 4 0 3 6 4 3 5 0 11 0 0 7 3 7 5 9 20 28 104 58 2 12 68 4 65 369 2 12 391 167 29 129 102 4 0 0 4 1 3 47 226 165 16 1 14 3 3 430 328 66 73 541 65 18 5 5 3 484 38 129 582 575 1 6 1073 175 5 4 0 1 2 4 1
136 76 111 20 27 57 21 87 6 67 8 66 0 4 22 15 4 34 18 14 3 18 5 24 13 8 10 13 30 22 53 7 17 8 2 0 4 8 8 6 142 47 52 4 6 14 12 73 267 15 14595 14778 52 9 269 17 10 4 1 0 18 58 11 15 17 12 11 1 17 226 88 9 6 5 15 24 11 7 2 402 1118 19 320 77 12 15 13 109 69 10 26 8976 4740 201 126 20 13 39 22 10 1 0 2 2 2 1 1 2 0 1 5 0 0 0 1 0 0 0 0 2 0 0 0 0 0 1 0 0 0 0 1 0 5 7 0 6 0 0 3 1 2 0 0 1 4 6 4 1 1 4 0 9 15 4 2 11 981 270 771 422 4 1 0 1 1 0 1 2 5 1 2 0 2 0 2 5 138 36 7 1 12 13 0 0 1 19 124 25 92 0 7 23 19 1 1 2 2 2 0 0
199 124 139 46 71 110 37 126 72 127 19 100 6 3 2 1 2 8 28 7 5 19 1 12 16 2 15 4 49 48 92 27 36 13 3 1 6 26 8 6 70 3 17 158 212 6 7 236 14 990 14778 34052 123 49 416 10 22 15 4 1 13 149 35 15 21 369 22 14 187 375 772 55 41 379 60 82 436 139 158 13360 8693 1419 434 83 22 14 18 972 195 61 51 1538 4658 43 33 45 397 122 33 19 13 8 7 15 10 2 5 18 5 2 6 4 0 0 3 0 0 2 0 15 8 4 1 2 2 5 3 1 1 1 7 3 9 17 0 19 0 0 9 0 2 2 2 14 14 26 32 1 20 25 2 62 119 56 28 100 5220 2951 6491 1678 71 13 3 2 1 1 13 15 29 44 11 5 2 3 48 26 590 201 42 5 29 32 42 2 23 142 863 261 667 0 86 185 151 3 44 6 4 1 2 1
808 278 439 83 260 307 431 745 147 550 85 372 1 16 13 13 2 7 2 2 18 28 9 36 56 18 63 46 1229 313 470 75 126 63 10 7 8 32 24 25 70 8 37 3 1 7 27 5 18 3 52 123 9103 8064 9578 21 179 31 2 1 13 20 69 54 94 3 215 13 102 22 26 90 25 4 259 20 61 1 28 4 52 2 3489 805 82 83 72 19 9 4 20 162 83 15 42 164 124 6050 74 113 14 10 11 20 14 16 3 5 6 11 19 30 0 1 1 0 0 0 1 1 2 2 0 6 0 0 0 0 0 0 7 4 24 69 3 69 0 0 25 4 0 0 2 0 6 0 0 1 1 5 0 1 3 0 0 0 5 1 3 3 1 0 0 1 18 0 1 0 0 0 2 0 10 1 2 0 2 0 1 0 92 53 5 0 2 63 1 1 3 0 4 2 1 10 12 4 8 2 0 0
1514 563 851 171 492 478 490 963 102 644 95 502 2 32 33 27 3 9 5 5 40 115 33 152 218 95 257 165 6037 833 1267 92 155 59 61 11 15 38 76 171 87 9 129 4 3 18 100 32 18 0 9 49 8064 9485 1265 39 562 21 17 1 49 73 205 219 226 1 3169 22 282 19 18 80 33 5 370 36 27 2 38 1 21 2 1594 9540 190 249 305 13 23 4 32 57 26 14 113 265 49 4488 378 340 3 6 9 29 12 19 2 2 10 10 18 24 0 2 4 0 2 1 1 17 7 3 7 3 0 0 0 0 0 0 7 1 21 68 2 46 0 0 22 18 4 0 6 0 3 1 0 3 7 19 2 0 2 0 0 0 0 1 0 1 0 1 0 4 16 0 3 1 0 2 4 0 9 2 1 4 0 1 1 1 83 59 0 0 0 43 3 1 2 0 6 3 1 12 14 1 10 1 0 0
264 88 167 43 74 92 105 211 36 162 21 132 1 10 27 15 3 22 9 12 13 28 54 80 17 17 26 16 204 68 106 20 49 19 4 0 6 13 16 9 1735 169 106 5 1 23 3 96 196 3 269 416 9578 1265 13540 799 37 8 0 0 76 35 27 21 44 18 24 5 61 48 98 37 10 1 74 52 21 1 15 11 149 6 5660 57 21 25 27 129 87 14 150 1630 223 53 64 54 20 1149 20 31 1 2 1 9 4 3 1 0 1 5 3 10 1 0 2 0 0 0 0 9 2 2 0 0 0 0 0 0 0 1 4 1 12 24 0 19 0 0 5 1 4 1 4 2 5 1 5 0 0 22 1 5 9 0 0 6 16 3 12 9 0 0 0 0 5 0 10 8 2 2 1 0 9 0 5 25 4 3 21 3 27 24 1 0 2 13 7 3 18 0 0 7 4 5 0 0 2 0 0 0
160 222 207 99 160 263 30 82 8 87 27 158 0 6 15 3 6 5 8 7 349 481 39 67 179 43 53 18 90 66 135 40 76 53 10 1 18 55 11 42 1357 19 60 2 1 6 28 23 38 1 17 10 21 39 799 1744 78 15 2 1 14 19 43 51 34 3 39 11 34 11 32 81 43 9 92 19 31 0 48 0 19 2 2273 193 1886 205 50 31 15 5 23 107 12 16 42 155 19 36 277 42 2 1 6 5 1 5 0 3 4 0 2 5 0 0 1 0 1 1 0 5 5 4 1 0 0 0 0 0 0 0 2 0 8 22 2 24 0 0 10 9 2 0 0 0 1 0 1 0 2 5 1 0 2 0 0 1 1 1 1 0 1 0 1 1 2 0 1 0 1 0 1 0 4 0 1 1 0 0 3 2 30 29 2 0 1 12 0 0 5 0 1 5 0 4 3 1 2 0 0 0
119 94 25 43 781 239 115 11 4 8 5 82 0 80 50 41 12 37 13 14 38 129 29 298 763 125 732 353 4749 3300 13367 104 145 123 167 25 49 116 124 455 186 17 218 6 4 33 652 37 25 4 10 22 179 562 37 78 7584 37 46 4 73 56 274 558 422 6 4537 98 464 13 27 63 51 7 1534 52 3 0 40 0 32 1 337 716 202 447 2257 19 23 4 74 62 31 19 161 742 8 285 2255 3054 2 0 1 3 3 3 0 0 4 1 2 2 0 0 5 0 4 3 1 31 16 11 14 3 0 0 0 0 0 2 2 3 2 11 1 19 1 0 23 27 5 0 8 0 4 0 2 0 14 25 1 2 4 0 0 1 5 0 1 1 0 0 0 1 1 0 4 3 2 1 0 0 0 0 1 7 3 1 5 0 10 27 4 0 0 6 1 0 5 0 0 1 0 3 4 0 1 0 0 0
5 2 2 1 336 299 9 1 4 6 3 64 0 58 55 126 8 68 3 8 64 82 13 3 23 0 19 33 42 7 100 433 1019 4298 21 27 216 411 121 5 72 1 5 1 1 2 74 7 3 0 4 15 31 21 8 15 37 3895 179 791 6 4 4 4 69 2 43 3725 155 3 5 170 179 8 9336 24 11 0 62 0 7 0 68 45 57 16 174 2 3 1 8 12 7 0 3 2626 13 9 42 45 7 7 3 15 13 8 1 3 2 3 9 16 0 0 2 0 2 0 1 14 8 3 0 7 1 0 1 0 0 0 8 3 29 102 3 150 0 0 56 18 1 0 1 2 12 1 0 1 7 2 1 0 1 0 0 1 1 2 0 1 1 1 0 0 17 1 0 1 0 0 7 3 28 1 0 3 1 0 1 0 97 164 5 0 2 78 1 0 0 4 9 0 1 22 9 2 9 1 0 0
1 1 1 2 9 5 1 0 0 0 1 3 0 962 380 216 75 67 17 14 15 15 10 139 12 31 567 631 68 2 31 1 18 1279 2243 3569 1344 444 457 248 28 3 46 8 0 12 1849 12 0 0 1 4 2 17 0 2 46 179 5283 2562 37 38 97 149 830 2 73 4588 524 14 9 24 44 14 285 26 0 4 13 0 7 0 6 14 10 3 57 0 3 0 35 5 1 3 23 60 2 2 33 26 3 7 0 1 13 2 0 0 1 0 0 1 1 2 0 0 21 7 10 20 123 23 31 8 2 0 5 0 0 1 0 4 8 29 26 126 2 0 148 194 7 5 4 2 11 0 1 0 71 22 3 0 0 0 0 1 0 0 0 0 2 2 1 1 2 0 1 4 2 0 2 0 4 5 2 8 1 0 1 1 6 141 12 1 4 20 0 1 0 2 4 2 0 12 0 0 7 2 0 1
2 0 1 0 8 4 2 0 0 0 0 1 1 599 245 271 17 73 8 13 12 15 10 39 9 12 157 189 10 1 17 4 20 3364 425 1536 842 124 222 77 8 3 12 4 0 2 415 1 0 0 0 1 1 1 0 1 4 791 2562 1496 4 1 12 38 127 0 11 3579 192 3 0 7 14 0 428 4 0 2 5 0 4 0 4 4 5 3 44 0 1 0 3 0 0 0 1 39 1 1 14 7 1 5 0 2 5 1 0 0 0 2 0 1 0 0 2 1 6 2 2 5 30 10 10 4 3 0 1 0 0 0 0 2 6 15 12 47 1 0 60 49 3 1 0 0 3 1 0 0 15 2 1 1 0 0 0 0 1 0 0 2 0 1 0 1 1 0 0 0 0 1 0 1 3 4 0 3 0 0 0 0 3 64 3 0 1 16 0 0 0 0 2 1 0 3 0 0 7 1 0 0
33 20 12 3 57 48 6 15 1 15 4 31 4 15 35 32 13 1938 53 28 12 64 30 635 48 9 213 168 173 14 79 9 15 7 22 1 78 216 5804 31 696 219 1547 68 30 852 65 351 51 2 18 13 13 49 76 14 73 6 37 4 4380 172 617 1543 862 88 146 67 10675 44 44 42 92 12 27 7975 12 3 41 1 78 1 65 88 40 44 28 41 137 14 1614 83 12 52 935 53 4 10 56 20 2 6 2 0 7 3 0 1 0 1 0 3 1 28 498 2 5 19 0 801 42 118 8 1 2 1 3 9 1 34 8 14 12 6 8 45 0 0 23 24 368 6 607 6 9 42 126 13 45 1470 9 11 18 2 0 29 1 2 7 4 1 2 1 1 2 2 293 212 31 120 2 13 6 15 13 548 3 12 282 37 2 25 18 5 80 19 9 4 26 2 0 56 16 10 4 0 1 6 2 0
69 47 39 11 127 95 18 29 4 21 8 46 8 10 55 34 4 78 76 39 22 106 47 63 54 24 41 40 201 28 96 9 17 26 7 0 16 88 24 34 297 78 200 50 66 60 86 11141 279 170 58 149 20 73 35 19 56 4 38 1 172 15725 12370 368 236 38 118 129 3816 4771 1517 31 43 12 35 741 16 8 32 41 560 352 109 109 42 29 55 910 962 172 520 1260 403 2933 3329 65 14 25 77 32 1 5 1 1 7 3 0 3 1 1 1 2 1 3 22 3 3 10 0 87 9 21 6 3 9 11 20 7 5 5 10 11 5 2 5 11 5 2 7 2 15 29 36 35 32 207 48 7 25 170 30 553 1221 9 74 449 98 33 106 370 5 1 0 1 1 4 137 273 441 40 2 11 5 12 993 449 284 531 497 108 3 25 10 3 588 61 683 441 1862 7 2 1744 855 6 23 2 3 9 7 6
32 20 16 7 105 63 11 9 2 9 2 32 10 30 78 63 12 175 149 57 49 299 61 96 227 52 236 191 820 25 125 11 15 44 66 19 28 153 38 128 204 25 1139 79 82 200 256 635 27 47 11 35 69 205 27 43 274 4 97 12 617 12370 20509 10219 2364 90 747 223 4969 1264 278 32 71 20 40 811 20 13 22 2 70 10 216 431 179 145 129 80 457 132 1236 88 97 407 6267 90 15 19 231 83 1 2 0 0 3 2 0 3 0 0 1 0 3 5 27 3 5 16 2 149 22 60 25 5 0 0 1 3 1 1 2 5 4 3 3 17 0 0 14 12 45 1 53 8 18 92 69 2 29 266 6 38 165 2 7 165 10 7 15 32 1 1 0 0 1 2 149 172 127 31 0 10 4 6 281 385 34 52 416 105 3 18 8 1 354 15 54 68 178 0 0 353 120 4 3 1 0 2 1 0
11 13 6 4 38 29 2 4 1 7 1 25 8 175 205 129 51 582 273 105 62 352 116 508 383 106 2749 933 903 15 189 7 12 41 373 73 104 162 140 484 228 30 785 29 12 1162 479 64 21 0 15 15 54 219 21 51 558 4 149 38 1543 368 10219 5904 10228 52 1278 73 3783 79 38 10 55 6 51 187 4 1 20 1 27 0 225 504 215 235 159 17 31 19 1039 41 21 40 1445 40 2 9 408 123 0 1 0 1 4 1 0 0 0 2 0 1 0 21 129 11 5 50 8 723 61 257 75 1 1 1 1 0 0 14 4 5 3 5 10 16 1 0 27 38 252 7 117 1 4 7 9 4 42 358 1 3 4 1 1 7 1 1 0 2 0 0 0 0 0 1 61 22 7 39 1 0 1 3 11 90 2 2 41 9 2 18 4 0 17 4 1 1 7 0 0 14 5 1 0 0 0 2 0 0
68 52 23 51 732 397 51 10 2 17 9 161 12 218 515 74 23 451 141 27 24 33 23 159 37 10 504 3329 1220 160 985 74 54 157 190 172 165 106 1637 103 353 59 348 19 28 873 697 103 23 3 17 21 94 226 44 34 422 69 830 127 862 236 2364 10228 8404 30 519 833 15923 67 48 33 40 7 606 257 8 2 44 1 56 2 165 253 66 29 120 14 23 6 395 46 29 17 297 932 12 99 82 284 1 8 1 3 7 2 0 0 1 2 1 1 2 43 399 3 8 66 4 2043 68 482 43 1 1 2 2 7 1 35 8 11 8 8 14 61 0 0 34 36 757 3 449 6 10 11 28 9 48 1128 4 1 13 1 0 10 2 4 2 1 0 0 0 0 2 1 199 72 13 65 1 4 8 9 12 291 3 3 95 13 6 34 15 2 29 11 4 3 13 1 1 14 11 14 3 2 2 1 1 0
6 4 4 2 4 3 0 1 44 2 2 4 868 4 1 1 4 31 174 3 1 6 5 36 4 1 10 6 6 1 4 1 2 1 0 0 9 47 3 0 115 30 243 287 1128 1449 1 43 29 1809 12 369 3 1 18 3 6 2 2 0 88 38 90 52 30 2541 1 3 102 18 12 36 60 1169 1 96 692 811 162 471 176 969 9 9 1 4 0 243 119 365 750 23 6 7 252 6 311 25 4 0 0 0 2 1 2 2 0 4 1 1 0 0 0 2 488 1 0 4 1 165 12 49 5 2 1 2 0 4 1 2 6 2 1 0 1 1 1 0 12 2 15 2 46 8 7 40 184 5 16 932 2 8 18 0 1 54 79 14 38 21 0 0 0 2 0 1 116 86 16 1041 1 4 0 3 20 88 8 12 264 27 2 12 31 0 63 28 14 12 46 1 3 66 21 3 2 1 1 1 1 0
194 269 218 135 380 402 37 46 6 68 12 229 0 91 82 26 21 36 23 32 65 395 137 788 1651 448 1451 556 4573 533 3084 56 100 87 306 44 84 143 88 1181 149 33 568 13 4 61 1057 40 19 2 11 22 215 3169 24 39 4537 43 73 11 146 118 747 1278 519 1 8087 133 349 51 16 53 46 9 1675 53 11 0 37 0 15 2 472 8128 257 1649 3179 21 33 4 110 63 29 24 432 814 19 53 2130 2888 3 1 3 3 2 4 0 1 3 4 3 5 0 3 9 0 5 1 6 40 30 16 14 1 1 0 0 0 0 2 0 1 6 13 4 43 0 0 26 34 16 0 15 0 5 4 2 0 19 34 0 0 0 1 0 0 1 1 2 0 0 0 0 1 2 0 11 0 1 1 0 1 2 1 1 22 1 1 9 1 14 41 4 0 1 12 0 1 2 0 0 3 0 1 0 0 1 1 0 0
4 1 2 0 43 19 2 0 1 3 5 21 1 479 310 298 24 99 10 13 54 84 18 52 30 12 248 458 104 7 57 19 407 8458 415 694 1876 1548 511 103 75 3 52 9 5 36 1549 33 5 2 1 14 13 22 5 11 98 3725 4588 3579 67 129 223 73 833 3 133 10096 1149 41 34 203 225 21 5906 86 11 0 94 0 17 0 34 53 45 29 1961 3 7 3 46 12 12 13 71 206 6 5 84 79 5 18 3 8 25 6 1 3 2 1 2 12 0 0 9 0 16 9 3 56 152 25 25 12 7 0 1 0 0 0 6 7 23 117 64 468 0 0 436 327 23 1 12 7 40 5 3 0 89 35 2 1 4 1 0 2 1 2 2 0 2 2 0 4 9 0 16 8 4 2 20 2 21 16 3 13 2 1 16 1 29 472 25 1 10 92 4 0 3 4 6 14 4 20 3 3 20 6 0 1
162 92 48 109 1736 951 138 19 15 70 51 450 14 85 290 158 46 1017 110 44 35 81 22 185 86 14 227 781 1158 247 1460 225 220 274 102 77 344 555 4027 75 409 82 770 160 199 1043 425 5889 49 97 17 187 102 282 61 34 464 155 524 192 10675 3816 4969 3783 15923 102 349 1149 9864 487 590 269 292 36 813 10262 82 12 310 2 504 10 189 222 92 56 194 101 375 155 2094 76 111 131 1379 1385 43 164 87 282 8 12 6 6 34 12 0 4 2 6 7 10 2 39 391 6 11 45 9 1692 94 318 25 4 4 6 8 6 1 33 24 27 15 22 16 99 2 1 74 56 707 11 624 41 38 215 280 15 105 1739 33 90 252 4 26 319 17 14 16 76 2 2 0 5 9 6 745 580 234 78 7 23 10 47 301 1472 73 105 1287 309 30 92 23 7 896 72 105 90 292 6 8 550 231 31 8 3 3 6 5 3
38 27 39 13 36 43 15 27 4 18 7 21 0 3 20 18 1 47 37 15 7 32 17 17 29 14 11 12 86 15 48 8 15 12 5 1 5 37 12 11 124 24 53 20 18 26 23 348 56 35 226 375 22 19 48 11 13 3 14 3 44 4771 1264 79 67 18 51 41 487 3448 1864 5 12 6 19 142 7 2 9 66 912 256 86 71 23 12 23 289 88 34 148 485 1288 1828 500 29 4 15 22 13 1 1 1 1 2 1 0 3 0 0 1 0 0 1 5 1 1 1 2 26 2 13 1 0 1 3 3 1 2 3 0 1 4 3 0 5 0 0 6 2 4 8 8 12 12 43 16 2 6 44 7 172 172 11 22 44 180 90 277 569 3 0 0 1 1 0 23 55 58 14 0 2 2 1 62 79 364 358 92 18 5 4 3 1 65 25 498 81 738 0 0 178 349 3 7 1 0 3 0 2
100 88 100 24 71 61 27 64 4 81 10 57 11 3 12 4 1 17 31 9 1 14 3 7 21 4 11 10 33 33 75 10 13 8 1 1 3 32 6 5 262 25 56 51 27 7 15 2275 123 58 88 772 26 18 98 32 27 5 9 0 44 1517 278 38 48 12 16 34 590 1864 8065 18 37 6 34 468 13 4 34 85 8101 618 157 49 13 18 16 1114 501 103 221 693 925 393 234 38 9 25 36 10 2 5 1 4 4 0 0 5 0 1 1 0 0 0 4 1 2 3 0 22 4 11 3 3 3 20 18 6 3 1 3 2 0 6 1 7 1 0 2 4 3 7 5 27 34 131 23 2 12 43 12 554 569 22 126 156 273 120 373 1012 4 4 1 0 3 1 36 92 125 18 7 13 2 4 203 100 634 936 139 29 7 16 17 2 128 39 1180 212 1969 5 6 574 1012 1 11 0 1 5 2 5
