40419 8160 11926 6070 2097 12015 10699 8068 81 1410 83 8272 1 16 24 12 11 8 15 5 111 77 3 13 77 2 9 10 6851 5172 812 246 351 66 6 0 18 78 14 11 543 8 14 7 3 3 9 42 56 13 168 205 412 1034 222 315 84 46 3 2 14 37 12 13 50 14 527 14 74 64 70 355 47 72 198 37 121 2 112 7 183 9 1318 395 1199 264 86 153 47 9 38 397 144 27 19 516 210 1859 179 56 91 49 288 213 45 440 39 41 90 149 110 371 0 1 1 2 3 3 0 3 9 2 3 12 50 0 3 0 0 1 120 17 146 436 7 74 0 0 50 46 0 2 0 14 23 0 3 0 20 12 12 7 2 4 0 7 10 7 6 9 27 36 6 64 34 1 4 0 3 1 53 42 9 2 1 3 3 4 12 2 286 89 17 4 9 69 5 4 26 14 40 9 1 35 89 44 22 8 3 16
8160 15328 3215 19757 2787 10320 78 76 3 36 15 1633 0 1 3 0 1 0 6 0 43 22 0 2 20 0 3 5 683 2155 268 35 107 8 0 1 1 11 2 3 204 4 1 0 0 1 2 4 22 1 32 53 44 135 61 105 31 1 0 0 4 8 6 3 10 0 126 2 4 9 10 116 8 26 27 8 29 0 29 2 33 2 284 88 505 180 22 40 12 1 10 112 44 8 4 33 60 54 47 9 40 23 129 101 22 196 9 9 33 53 59 189 0 0 0 0 3 0 0 0 6 0 1 5 10 0 1 0 0 1 44 9 61 155 1 31 0 1 16 11 0 1 1 3 9 0 3 0 1 3 4 1 1 2 0 1 0 2 1 3 9 8 0 30 7 0 1 1 3 1 19 16 2 0 0 1 0 1 2 0 143 10 2 1 3 22 4 2 5 5 10 0 0 11 46 8 4 1 1 9
11926 3215 21855 12984 57 10800 335 9770 77 5822 83 34823 2 1 3 0 2 1 2 1 75 48 1 4 22 1 1 6 755 169 58 42 134 12 3 0 1 18 0 4 298 3 5 4 0 0 1 5 20 2 51 74 95 166 90 169 34 6 0 0 4 7 6 3 9 3 175 8 8 16 16 180 12 41 33 15 51 1 41 3 52 7 430 127 694 298 38 51 11 1 10 129 61 8 9 56 192 252 117 15 117 36 474 268 48 504 26 50 118 203 148 412 0 0 0 0 2 2 0 0 7 0 3 7 28 0 4 0 1 0 53 12 127 226 1 26 0 0 22 13 0 2 0 11 15 0 2 1 4 3 5 2 2 0 0 3 4 5 1 4 15 11 3 51 8 0 0 0 2 0 29 14 0 3 0 0 0 2 6 1 206 16 1 3 1 22 3 2 9 7 22 4 2 20 114 34 11 2 0 12
6070 19757 12984 20806 4402 12422 49 38 4 29 22 1268 0 1 1 1 1 0 4 0 83 55 3 2 28 2 1 1 403 1519 837 39 85 13 1 1 3 13 1 3 322 2 3 1 2 0 0 11 15 0 38 25 32 52 46 137 35 6 0 0 8 8 2 2 4 1 114 5 9 15 13 110 9 31 16 8 30 0 17 0 47 0 272 73 682 339 17 46 15 1 9 102 30 8 2 31 100 51 117 16 77 31 208 164 36 313 14 22 72 105 72 272 0 0 0 0 3 2 1 0 4 1 4 3 16 0 1 0 1 0 53 9 90 154 0 17 0 0 4 6 0 4 1 8 14 1 4 0 4 4 1 1 2 1 1 1 1 2 1 4 7 11 2 28 13 0 0 3 0 0 13 19 2 0 0 0 0 4 2 0 147 18 1 1 1 20 0 1 2 6 10 2 1 9 72 20 5 2 1 7
2097 2787 57 4402 10934 13402 216 51 6 49 55 2175 2 28 56 13 20 12 13 4 65 128 4 4 46 0 6 30 1247 7396 8426 970 595 215 3 7 52 165 32 2 150 4 7 1 2 5 2 61 12 6 12 22 26 91 19 39 335 197 4 2 20 43 10 1 49 0 117 11 104 20 57 227 83 29 694 42 12 2 36 1 67 1 122 52 293 201 45 51 21 1 17 45 12 8 14 5600 162 147 205 245 38 15 158 109 16 224 5 11 25 80 61 208 0 0 2 1 5 1 0 7 4 0 2 4 9 0 0 0 0 0 46 11 81 141 3 15 0 0 25 10 2 3 2 13 10 1 1 0 7 11 3 1 0 3 0 1 3 3 1 0 2 10 0 33 8 0 2 0 0 1 10 11 0 3 2 5 1 0 5 1 153 20 2 2 1 26 4 0 6 4 11 0 0 11 47 11 5 2 1 6
12015 10320 10800 12422 13402 14781 367 404 37 449 207 13253 1 22 40 13 12 12 25 5 279 306 7 8 163 4 6 9 1062 5690 7127 5664 1763 349 0 2 42 212 20 5 803 4 14 7 5 3 4 64 29 5 55 66 49 181 96 344 101 270 1 0 34 48 13 6 35 2 281 9 100 40 100 638 211 47 428 77 21 0 105 1 127 1 603 264 1729 1065 88 126 48 5 31 207 62 12 16 2949 347 232 771 150 149 53 543 363 76 791 47 72 146 293 228 665 1 0 3 1 4 2 4 2 11 3 4 11 21 0 1 0 0 0 94 12 179 251 4 50 1 1 24 23 2 6 3 8 21 1 6 0 12 12 6 5 0 4 0 5 3 9 2 5 14 17 11 57 11 0 3 1 3 2 22 37 3 3 1 9 3 4 12 2 304 20 12 5 7 36 7 2 6 9 23 7 1 25 194 46 15 7 2 18
10699 78 335 49 216 367 11088 9373 723 2493 314 908 6 1 6 5 1 4 7 2 31 48 4 7 47 0 4 9 6324 844 157 55 87 22 4 1 9 47 6 5 109 4 8 9 29 2 6 21 20 47 88 140 681 1729 217 106 33 27 0 0 12 20 8 7 23 45 182 5 40 25 29 229 33 63 123 15 158 28 76 19 91 39 861 200 342 58 56 71 31 34 22 183 88 9 13 241 542 8020 79 21 11 9 28 19 7 44 3 4 8 12 6 57 0 0 0 1 3 7 6 2 11 4 9 8 11 0 1 0 0 0 22 4 20 97 3 31 0 0 37 26 0 1 1 3 5 0 1 0 21 5 11 3 0 1 0 5 5 2 4 7 5 10 0 13 14 0 1 0 1 0 11 9 0 2 1 3 1 4 14 2 61 61 15 2 2 26 6 0 9 3 8 8 2 7 7 4 2 3 3 8
8068 76 9770 38 51 404 9373 31004 1789 18224 1211 6690 5 2 1 2 0 3 3 3 30 27 1 1 20 0 2 4 1492 460 57 26 55 21 1 0 4 25 3 0 161 7 9 2 10 1 5 6 32 22 87 128 318 651 141 113 26 11 0 0 4 14 9 6 12 12 218 10 22 18 14 162 27 35 48 9 39 11 31 8 89 18 795 203 379 75 44 77 19 16 12 188 63 14 16 64 336 2815 59 11 49 8 98 63 9 134 35 31 43 93 45 88 0 0 1 2 0 3 2 1 6 4 5 3 8 0 0 0 0 0 16 0 21 44 1 12 0 0 12 15 0 1 0 3 5 0 2 0 8 1 4 0 2 1 0 0 2 2 2 3 2 4 1 8 1 0 0 1 0 1 10 12 2 2 0 1 0 3 2 0 45 13 8 0 0 16 5 1 8 2 1 3 0 7 26 14 6 1 0 6
81 3 77 4 6 37 723 1789 875 1504 197 340 50 1 1 0 1 0 3 0 8 36 4 0 7 0 0 2 40 9 8 6 11 2 0 0 0 2 0 0 28 5 9 21 110 4 0 2 7 318 80 136 111 45 23 3 3 1 0 0 3 6 5 0 3 86 6 1 2 2 7 116 8 241 4 7 441 98 45 193 65 250 24 7 23 14 3 218 84 214 57 34 10 3 8 7 1150 2428 23 1 1 0 3 3 1 7 1 3 0 5 2 4 0 0 0 1 0 6 5 0 9 12 30 0 1 0 0 0 0 0 0 0 0 5 0 2 0 0 3 3 0 2 0 0 2 4 3 0 17 1 1 2 1 0 0 5 3 0 9 12 0 0 0 0 0 0 3 1 3 0 1 1 0 0 3 5 2 4 7 1 4 3 13 0 1 7 9 4 6 0 0 4 3 0 4 0 0 0 0 1
1410 36 5822 29 49 449 2493 18224 1504 28645 9750 35102 7 2 3 1 2 4 1 2 41 48 2 2 33 2 3 3 381 81 41 54 197 8 0 0 2 23 2 0 71 0 3 9 10 0 1 5 7 26 28 27 140 186 53 50 7 3 1 0 0 3 3 4 8 16 61 6 10 7 9 1246 18 23 21 3 128 5 59 12 29 14 224 71 168 81 21 30 9 13 10 56 21 3 4 36 2510 2047 92 7 104 19 296 166 31 437 82 136 241 246 147 291 0 0 0 0 0 2 1 1 7 3 6 6 9 0 0 0 0 0 15 8 34 57 0 5 0 0 3 5 0 0 1 4 5 0 2 0 8 1 1 0 0 1 0 2 0 1 1 2 8 3 3 14 1 0 0 1 0 0 9 2 2 1 0 4 1 3 2 1 72 6 8 1 1 9 3 2 6 0 6 3 0 1 123 50 3 2 0 8
83 15 83 22 55 207 314 1211 197 9750 1918 4827 9 1 1 1 1 3 1 1 23 44 1 0 25 0 1 1 68 67 56 38 101 11 0 0 1 13 1 0 49 0 0 22 17 1 1 2 2 35 15 5 12 23 6 12 3 8 1 1 1 0 1 0 3 18 31 0 5 2 5 699 26 60 16 4 510 59 170 10 15 25 50 11 67 63 5 30 12 19 8 9 3 0 0 43 1010 334 60 5 43 15 123 113 12 226 30 40 55 88 69 160 0 0 0 0 1 1 2 0 6 2 9 1 6 0 0 0 0 0 22 7 32 57 0 9 0 0 6 4 0 2 0 4 2 0 1 0 7 1 1 0 0 2 0 1 0 0 0 4 3 4 0 15 0 0 0 0 0 1 5 4 0 0 0 1 1 0 1 2 67 9 3 0 0 17 0 0 1 2 3 2 0 6 66 15 1 1 0 2
8272 1633 34823 1268 2175 13253 908 6690 340 35102 4827 31105 17 15 25 14 8 26 65 8 407 581 11 16 279 2 15 13 1036 2163 1954 2241 2071 308 1 2 17 281 12 11 879 5 26 50 19 9 8 56 35 24 57 75 117 264 93 268 73 234 0 0 21 46 6 18 33 20 423 21 94 36 100 3985 347 120 357 52 291 53 267 5 114 12 624 282 1621 1133 114 137 52 22 38 173 48 9 23 1708 2084 949 1197 65 373 147 1274 877 184 1774 161 237 542 766 516 1397 0 1 3 3 6 11 17 9 39 17 27 18 82 1 7 0 0 0 174 37 300 619 4 98 1 0 91 68 7 9 1 18 47 3 6 0 45 26 13 2 0 8 0 7 10 11 3 2 32 42 10 133 45 1 4 4 1 0 74 57 7 3 0 6 4 2 18 8 674 120 47 13 7 118 3 7 15 15 75 5 1 43 534 116 41 11 4 33
1 0 2 0 2 1 6 5 50 7 9 17 5659 0 5 22 8 1459 7047 25 1 4 2 9 4 1 17 35 8 3 1 1 12 2 0 0 6 129 28 0 20 9 51 4001 1229 2281 1 4 16 461 8 12 5 3 1 0 0 1 0 0 63 7 3 21 42 140 3 1 14 0 14 175 295 310 3 19 448 103 678 19 33 88 5 1 2 4 0 172 165 306 425 15 3 5 26 5 127 69 1 0 4 0 0 0 5 2 0 8 0 0 1 5 1 9 1115 7 4 314 11 1684 49 1653 106 0 4 4 0 4 0 9 7 1 4 24 2 5 0 2 33 28 230 6 157 1 1 39 236 81 267 2731 5 16 18 2 1 16 4 0 5 17 1 1 1 0 4 1 448 95 15 419 1 8 1 3 16 215 4 12 498 28 24 43 474 0 42 56 8 20 38 0 0 65 4 5 8 1 1 0 3 5
16 1 1 1 28 22 1 2 1 2 1 15 0 12854 9063 1159 836 190 33 51 51 104 630 575 26 80 3356 1975 362 149 103 3 6 483 5333 3758 2532 205 345 1535 792 32 324 3 1 5 709 9 29 0 4 4 7 28 1 6 137 498 967 422 21 24 23 327 357 0 76 712 179 13 12 10 1 1 781 19 0 0 2 1 13 1 22 19 24 21 100 11 7 2 11 58 6 21 67 114 1 4 25 36 0 0 1 0 0 0 0 0 0 0 0 2 4 0 2 8 0 68 12 15 23 134 92 0 1 1 0 0 0 2 0 0 0 4 0 2 1 0 8 6 8 3 3 0 0 0 1 0 26 27 1 0 0 0 0 0 0 0 0 1 0 0 0 0 0 0 5 1 0 2 0 0 0 0 1 5 0 1 10 1 5 7 4 0 2 10 0 1 5 0 0 1 0 0 0 1 1 0 0 0
24 3 3 1 56 40 6 1 1 3 1 25 5 9063 17516 10263 1801 1776 312 374 142 246 1027 728 31 126 3047 5593 371 204 172 6 14 337 2088 718 2253 282 1272 727 2025 108 424 6 2 26 321 40 134 1 12 14 11 26 7 4 159 428 334 170 85 124 82 299 653 1 56 489 489 78 54 9 12 3 869 110 4 2 6 0 49 1 17 9 34 25 91 81 57 8 62 379 57 103 189 198 5 9 47 21 0 0 1 0 0 0 0 0 0 1 0 4 17 5 6 27 5 87 35 57 54 174 128 5 8 3 3 1 2 1 2 2 2 6 0 0 2 2 7 25 19 19 9 1 4 6 10 0 63 75 5 3 7 1 0 2 0 0 3 9 0 0 0 1 1 6 16 8 4 1 1 0 0 1 3 12 1 1 20 4 21 22 5 1 4 27 2 3 10 1 1 6 2 0 4 1 1 0 0 8
12 0 0 1 13 13 5 2 0 1 1 14 22 1159 10263 17011 381 6081 1201 1355 61 113 283 759 19 56 1425 8570 162 67 60 6 10 227 324 59 769 729 3065 83 1163 271 334 31 4 110 38 71 103 2 15 15 2 13 1 1 61 196 35 99 248 86 48 185 594 0 34 214 601 68 76 9 29 9 443 183 2 1 10 0 49 0 18 5 19 19 53 93 62 4 80 360 49 76 127 108 4 9 22 9 1 1 0 0 1 1 0 14 0 0 1 5 19 11 132 27 3 186 7 515 45 788 71 0 3 0 3 0 0 2 2 1 2 10 1 8 2 0 13 16 71 8 32 1 6 2 26 5 139 360 2 3 3 0 0 7 2 0 2 9 0 1 2 1 1 4 34 15 3 5 4 5 0 0 4 28 0 1 36 2 23 30 12 1 8 58 7 7 6 1 2 8 1 0 8 5 0 0 0 8
11 1 2 1 20 12 1 0 1 2 1 8 8 836 1801 381 1508 338 860 1435 78 225 466 155 36 99 78 65 69 58 71 3 15 89 94 83 1464 1677 56 225 563 14 93 11 10 36 132 12 53 7 3 4 2 8 3 4 18 103 60 32 60 46 23 31 50 1 13 104 72 28 17 11 12 6 296 22 1 1 7 2 14 4 14 5 8 9 9 27 26 6 34 95 15 26 67 117 1 2 35 3 2 2 0 0 1 1 0 6 0 0 3 3 44 9 2 79 20 55 134 7 311 186 358 14 72 13 42 8 7 5 4 1 5 19 3 9 18 2 47 90 12 131 10 2 25 14 13 1 235 30 46 5 4 2 1 1 0 1 2 2 2 5 0 1 7 20 7 9 8 1 7 6 4 9 5 33 1 0 18 1 33 52 14 7 7 149 2 0 3 8 6 4 0 1 7 2 17 5 2 52
8 0 1 0 12 12 4 3 0 4 3 26 1459 190 1776 6081 338 11675 9836 1514 37 121 191 2492 40 38 2051 1508 78 26 20 17 50 177 187 26 578 1915 6184 72 1344 411 2047 486 38 5938 46 306 89 10 13 17 10 19 4 6 39 99 25 30 7505 124 73 927 809 4 37 98 917 73 263 50 197 26 237 1257 8 10 57 0 193 5 22 13 19 22 25 349 240 14 644 252 40 60 269 117 3 5 50 6 2 19 3 0 16 9 1 24 0 0 3 24 24 63 1489 64 14 596 42 2499 137 3151 208 4 19 4 11 24 4 46 13 15 24 59 5 27 0 1 69 73 532 23 439 4 13 48 216 72 571 2944 18 11 11 3 2 23 2 3 4 15 3 8 1 11 17 5 202 192 13 56 10 11 8 6 6 176 5 9 155 10 47 77 82 10 24 95 7 6 14 4 5 26 5 28 31 9 8 1 6 24
15 6 2 4 13 25 7 3 3 1 1 65 7047 33 312 1201 860 9836 70377 8556 72 270 191 524 82 72 927 287 88 26 21 30 112 53 120 5 388 5782 88 197 446 80 430 7675 356 3902 83 33 90 230 26 17 4 20 3 4 13 30 11 4 340 61 47 229 131 27 31 25 43 40 52 261 1203 670 95 102 44 68 446 22 85 72 19 9 27 38 15 245 187 221 537 211 32 60 145 90 20 10 69 1 5 4 6 5 15 7 2 166 2 2 5 48 390 109 1858 587 121 2534 702 4552 1496 10971 2951 53 214 46 115 28 32 65 32 15 28 195 11 65 77 34 362 529 477 357 169 6 81 67 207 136 2556 2560 146 30 26 11 5 26 5 4 10 21 12 6 12 10 30 94 170 136 45 93 27 32 10 25 36 245 21 20 292 36 425 614 793 27 79 1206 17 20 33 17 9 75 21 27 210 95 31 19 13 168
5 0 1 0 4 5 2 3 0 2 1 8 25 51 374 1355 1435 1514 8556 5197 31 87 182 349 18 133 236 38 25 15 14 4 7 34 118 2 196 344 64 342 483 48 185 63 13 83 40 39 135 8 12 4 1 3 2 0 14 25 6 3 89 118 69 63 49 2 8 25 56 117 45 7 27 8 59 91 1 0 15 1 32 3 10 5 7 1 8 78 78 21 66 330 47 116 194 22 2 0 13 2 3 1 0 1 1 1 0 32 0 1 1 5 151 19 27 171 26 141 95 39 232 520 464 10 28 12 37 4 12 19 2 0 1 32 1 5 23 13 69 78 15 102 20 2 17 16 20 6 286 66 40 8 10 4 1 6 2 4 2 3 0 1 1 1 4 45 14 26 12 8 3 1 1 9 8 38 5 4 32 5 50 104 22 1 17 176 5 3 13 1 0 13 5 5 26 7 6 0 3 32
111 43 75 83 65 279 31 30 8 41 23 407 1 51 142 61 78 37 72 31 8137 9610 2282 102 325 87 18 19 100 134 127 24 70 299 3 6 180 567 20 74 2100 17 59 17 3 6 57 11 31 1 4 11 7 25 11 1800 29 90 9 14 31 23 17 16 16 1 19 97 35 15 16 62 117 62 552 18 57 5 27 0 12 2 396 20 4300 977 136 19 9 2 21 48 8 11 33 143 147 66 990 37 8 6 27 15 10 28 0 2 7 15 10 36 4 0 2 5 5 8 29 4 86 18 68 11 28 0 5 2 0 0 18 2 30 102 2 32 2 0 53 73 2 17 2 4 7 2 5 0 73 10 25 0 0 1 0 0 0 1 0 1 5 5 1 7 4 0 4 3 2 0 14 7 3 11 0 6 2 0 2 1 68 41 22 11 3 46 0 3 5 6 8 2 0 7 12 3 6 2 0 31
77 22 48 55 128 306 48 27 36 48 44 581 4 104 246 113 225 121 270 87 9610 14673 5995 909 6995 840 106 31 288 244 191 82 214 1192 23 12 662 1919 45 1563 1965 166 853 74 8 37 457 66 219 16 13 30 22 71 27 354 115 368 31 34 165 399 408 227 126 4 198 397 203 179 106 170 366 182 2137 170 193 10 116 1 65 3 253 95 3378 1249 659 98 86 13 156 253 65 173 693 426 364 131 3856 81 28 28 56 55 11 95 6 4 18 19 26 78 11 1 3 30 40 43 146 11 337 75 280 30 80 4 19 2 2 3 66 11 63 245 11 62 7 2 170 210 13 81 8 8 34 7 6 2 254 38 60 2 8 4 0 2 8 5 2 7 16 14 3 37 23 6 13 15 6 3 27 26 11 18 6 37 3 3 42 5 176 129 64 19 9 170 7 4 15 27 26 15 4 14 29 5 18 9 15 80
3 0 1 3 4 7 4 1 4 2 1 11 2 630 1027 283 466 191 191 182 2282 5995 6896 6245 495 3399 141 56 29 10 8 6 17 312 14 55 575 630 108 1868 5304 1223 743 14 4 21 207 33 412 6 18 15 6 18 5 9 14 67 38 30 79 97 76 62 43 3 59 70 117 49 28 15 42 20 156 70 7 0 8 0 38 1 34 20 69 72 37 48 44 8 74 312 35 93 330 23 3 5 235 11 2 0 0 0 0 1 0 0 0 0 0 1 3 1 2 5 3 24 16 5 36 18 64 1 6 1 1 0 0 2 0 0 1 8 0 4 1 1 17 22 4 7 1 0 2 3 4 0 36 16 4 2 2 0 0 3 2 0 0 6 0 1 0 3 2 0 3 3 1 1 1 1 1 0 2 7 2 3 17 1 10 11 10 1 4 21 1 1 5 0 0 8 1 0 0 0 0 0 2 6
13 2 4 2 4 8 7 1 0 2 0 16 9 575 728 759 155 2492 524 349 102 909 6245 12262 956 6364 5473 415 224 24 22 0 4 166 325 168 262 147 347 4091 2375 4459 2456 6 5 439 1406 11 378 1 19 9 34 109 8 18 170 135 489 108 1168 83 107 484 170 6 351 654 133 42 34 2 26 11 196 46 2 0 4 0 38 1 76 90 91 181 290 38 25 4 409 294 41 61 261 29 3 6 290 74 1 1 1 1 0 0 0 2 0 0 0 7 2 0 22 12 6 48 19 66 34 82 64 2 7 0 5 0 0 1 1 1 0 7 2 5 2 0 16 18 18 5 14 0 1 3 10 2 38 177 3 1 2 0 0 1 1 0 0 4 0 0 0 1 0 1 34 9 1 7 0 2 2 2 1 21 3 4 55 5 15 11 8 2 2 17 3 1 2 0 1 5 2 1 2 0 0 0 1 1
77 20 22 28 46 163 47 20 7 33 25 279 4 26 31 19 36 40 82 18 325 6995 495 956 11005 776 175 48 421 122 95 28 53 133 19 1 107 524 24 3385 601 129 1021 32 7 34 2477 30 90 7 31 50 110 344 37 106 430 59 42 10 139 369 368 427 168 2 1391 953 159 127 83 57 154 93 547 99 33 2 34 2 71 1 496 434 1016 1841 4787 58 46 2 140 146 49 113 593 149 123 43 5312 932 3 5 15 21 6 16 0 1 3 8 4 30 5 2 2 26 23 29 122 8 214 38 195 5 54 3 11 2 1 0 17 3 11 90 0 21 3 1 118 164 6 39 8 7 25 7 8 1 131 39 35 6 2 2 0 2 1 2 3 9 1 3 0 6 6 3 10 8 3 3 11 12 3 17 7 23 2 9 34 3 66 65 59 5 4 97 3 4 9 6 7 12 2 5 9 1 9 3 2 34
2 0 1 2 0 4 0 0 0 2 0 2 1 80 126 56 99 38 72 133 87 840 3399 6364 776 2415 241 15 24 3 1 1 3 10 61 17 30 47 10 4716 615 161 434 3 1 4 376 2 51 0 2 1 5 20 1 3 13 7 33 6 19 15 30 42 11 0 54 40 8 8 6 1 7 7 17 11 1 0 2 0 6 1 13 20 25 56 34 4 5 0 15 33 9 16 99 5 3 3 124 6 0 0 0 0 0 0 0 0 0 0 0 0 2 0 2 6 2 40 9 5 25 41 59 2 3 0 1 0 0 0 0 0 0 3 0 2 0 0 7 7 0 2 0 0 2 1 0 0 19 10 0 0 0 0 0 1 0 0 1 3 0 0 1 1 1 1 2 3 1 0 0 0 0 0 4 4 0 2 1 1 1 4 5 0 0 8 0 1 2 0 0 1 0 0 2 0 0 0 0 0
9 3 1 1 6 6 4 2 0 3 1 15 17 3356 3047 1425 78 2051 927 236 18 106 141 5473 175 241 17802 4684 388 24 47 3 3 324 4113 593 437 120 146 1392 169 39 1362 5 0 103 837 4 12 0 4 3 20 63 3 6 252 334 741 266 94 26 27 1076 238 0 267 851 52 8 5 1 5 3 380 6 3 0 3 0 4 0 45 48 39 78 215 7 3 0 43 18 7 4 39 34 2 5 94 94 2 1 0 0 1 2 0 1 0 0 0 0 4 4 28 25 2 105 14 197 28 251 72 0 0 1 2 0 0 0 0 1 2 7 0 3 2 1 8 15 24 4 10 0 1 1 2 3 30 163 0 0 1 0 0 0 0 0 0 1 0 1 0 0 1 2 21 2 1 2 0 0 0 1 1 15 0 0 13 0 6 11 4 1 3 17 0 0 2 1 0 1 0 2 3 0 0 0 0 2
10 5 6 1 30 9 9 4 2 3 1 13 35 1975 5593 8570 65 1508 287 38 19 31 56 415 48 15 4684 8364 742 172 132 6 9 365 300 260 344 98 2912 110 150 38 1095 12 5 276 208 9 6 0 4 5 26 88 6 4 416 515 271 272 190 27 23 974 700 1 241 894 303 9 15 2 9 2 859 18 0 1 0 0 10 0 43 30 43 45 246 6 8 1 51 12 7 2 19 88 2 8 59 117 0 0 1 0 2 0 0 0 0 0 1 7 0 12 159 4 1 100 7 634 16 201 23 0 2 0 2 0 0 1 4 2 7 7 0 4 0 1 6 12 222 3 120 0 2 9 31 2 29 1189 3 0 1 1 0 4 0 1 0 3 0 0 0 0 0 0 177 23 2 4 1 4 2 1 2 88 0 2 81 1 7 11 7 1 4 11 1 1 2 1 0 2 1 5 0 0 0 1 1 0
6851 683 755 403 1247 1062 6324 1492 40 381 68 1036 8 362 371 162 69 78 88 25 100 288 29 224 421 24 388 742 34993 8115 2259 620 1196 690 154 60 124 666 273 124 293 27 452 34 6 37 145 480 50 18 78 130 2128 10165 405 112 6403 458 39 12 135 928 553 361 1477 8 2947 312 1977 327 498 1054 432 211 4260 182 268 37 482 6 354 15 1597 1761 503 327 2482 178 69 8 125 209 86 121 254 4355 221 3432 535 1770 134 64 288 277 82 332 9 14 50 68 60 331 4 1 11 12 28 18 25 12 93 31 36 65 187 5 14 4 1 3 329 57 281 1663 40 660 3 0 529 377 17 42 12 64 122 12 39 3 168 77 85 10 7 38 4 14 31 37 7 24 100 150 20 171 238 5 29 25 11 6 279 241 61 51 10 49 21 9 55 20 933 775 105 80 18 332 19 1 19 95 155 22 3 135 91 39 89 32 29 133
5172 2155 169 1519 7396 5690 844 460 9 81 67 2163 3 149 204 67 58 26 26 15 134 244 10 24 122 3 24 172 8115 14372 6834 739 867 272 19 30 105 299 150 11 332 4 54 11 1 13 21 178 19 11 32 64 114 347 70 132 4119 193 14 9 39 184 57 46 287 1 420 30 480 72 244 691 97 90 1038 108 162 11 263 1 181 7 420 168 677 409 259 152 48 5 51 118 46 24 43 4134 163 352 433 805 111 60 355 296 67 440 16 10 92 109 84 428 0 1 3 0 4 4 5 10 18 8 9 27 70 0 6 1 0 0 172 24 257 692 3 162 0 0 85 45 4 10 3 29 42 3 12 4 20 29 8 3 4 16 0 6 11 13 4 10 36 50 13 145 53 1 10 2 4 2 91 72 9 3 4 10 8 1 15 7 576 117 11 13 12 80 2 2 11 28 56 5 1 47 75 34 36 13 7 30
812 268 58 837 8426 7127 157 57 8 41 56 1954 1 103 172 60 71 20 21 14 127 191 8 22 95 1 47 132 2259 6834 13434 590 485 274 25 18 103 197 105 20 355 12 51 3 0 6 25 120 13 4 23 36 49 142 38 143 5299 164 8 10 38 102 41 66 254 0 325 44 377 52 150 317 78 29 1630 98 48 0 63 2 109 0 336 140 955 690 746 99 47 6 40 92 26 19 32 6409 119 100 421 3946 57 39 210 143 22 263 9 9 45 76 65 280 0 0 6 1 2 1 4 14 8 6 3 6 18 0 1 0 0 1 97 11 124 268 1 42 0 1 17 19 2 1 2 10 19 0 5 0 10 34 1 2 2 5 1 6 2 7 2 3 18 29 6 63 19 1 5 6 2 2 32 29 8 2 3 11 2 4 20 3 243 35 10 1 10 47 5 1 9 11 32 8 2 15 52 30 12 2 1 15
246 35 42 39 970 5664 55 26 6 54 38 2241 1 3 6 6 3 17 30 4 24 82 6 0 28 1 3 6 620 739 590 10290 8123 1611 1 1 9 294 5 1 57 1 1 3 1 0 0 10 2 0 4 11 22 60 6 17 44 1556 1 4 16 6 4 4 4 1 82 1 29 5 23 1123 487 19 1615 9 9 0 128 0 20 0 67 31 92 68 11 19 10 3 8 16 7 4 10 7230 48 53 86 18 12 3 32 24 6 52 2 2 9 12 7 53 0 0 1 0 0 0 0 1 6 1 4 4 14 0 0 1 0 0 24 1 45 131 1 38 0 0 40 13 0 1 0 2 7 0 0 0 9 6 4 0 0 5 0 0 0 2 0 3 8 7 1 20 11 0 1 2 0 0 12 15 3 1 0 2 0 0 0 0 47 31 2 3 2 10 1 0 3 3 13 0 1 8 10 8 5 1 1 6
351 107 134 85 595 1763 87 55 11 197 101 2071 12 6 14 10 15 50 112 7 70 214 17 4 53 3 3 9 1196 867 485 8123 7923 3614 2 1 32 1400 11 3 154 3 18 56 9 19 7 16 11 10 12 24 63 197 17 29 99 821 1 1 34 11 4 7 18 6 184 13 19 5 30 3230 1830 113 2516 15 109 31 537 3 28 9 166 63 152 90 23 34 23 9 32 57 14 1 8 4362 322 132 134 18 42 15 101 82 23 164 6 13 20 51 29 191 0 1 4 0 11 6 24 4 53 8 31 28 61 1 8 2 0 0 147 9 113 612 21 241 1 0 276 151 6 18 1 24 54 1 4 4 71 23 31 2 2 11 0 7 7 23 4 2 41 50 2 99 74 3 5 7 8 1 100 70 16 16 3 8 9 0 10 3 331 326 67 31 3 122 2 1 10 24 72 4 0 46 48 18 19 12 11 45
66 8 12 13 215 349 22 21 2 8 11 308 2 483 337 227 89 177 53 34 299 1192 312 166 133 10 324 365 690 272 274 1611 3614 11269 418 680 2673 2792 202 80 448 11 152 4 0 20 745 74 18 3 16 25 45 137 20 38 86 3224 1283 4921 72 65 32 161 360 0 198 2255 375 29 94 355 242 19 5416 98 5 18 61 0 77 3 176 70 169 126 325 65 24 3 24 52 21 10 35 2464 21 36 290 39 13 6 8 9 7 10 0 1 2 3 0 20 1 1 2 1 12 6 12 17 44 12 17 7 38 0 2 0 0 1 33 4 25 184 12 113 0 0 108 102 7 18 3 8 24 2 6 0 41 56 30 0 1 7 1 3 4 5 2 9 8 19 2 19 35 6 2 7 5 0 41 32 18 10 2 11 3 1 13 5 60 124 22 12 9 56 2 2 4 16 17 3 2 7 6 5 15 9 4 37
6 0 3 1 3 0 4 1 0 0 0 1 0 5333 2088 324 94 187 120 118 3 23 14 325 19 61 4113 300 154 19 25 1 2 418 5518 3738 805 110 20 2466 23 7 147 1 0 9 1487 1 1 0 2 0 8 21 2 0 77 219 1535 446 7 3 3 159 62 1 81 430 23 1 0 0 1 0 204 4 0 0 1 0 2 0 8 10 10 14 79 1 0 0 2 7 0 4 17 23 0 0 10 19 1 0 0 0 1 0 0 0 0 0 0 2 5 0 3 15 1 92 16 16 22 148 75 0 1 1 0 1 0 2 0 0 0 7 0 1 2 1 3 10 2 0 1 0 1 1 0 1 22 32 1 0 0 1 0 0 0 0 0 0 1 0 0 0 0 1 2 2 2 0 0 0 0 1 1 4 0 0 5 0 8 6 5 0 0 7 1 0 1 1 1 1 0 1 1 2 0 0 0 1
0 1 0 1 7 2 1 0 0 0 0 2 0 3758 718 59 83 26 5 2 6 12 55 168 1 17 593 260 60 30 18 1 1 680 3738 1547 1281 104 25 340 62 1 129 0 1 2 456 3 5 0 0 2 3 5 1 0 24 213 2898 755 2 7 5 126 102 0 13 460 28 2 2 0 1 0 241 4 0 0 0 0 2 0 6 2 4 4 24 0 1 0 5 1 0 2 10 20 1 1 8 12 0 0 0 0 0 1 0 0 0 0 0 0 0 0 1 0 0 3 0 3 2 7 6 0 1 0 0 0 0 0 0 0 0 1 0 1 0 0 0 0 1 1 0 0 0 0 0 0 3 5 0 0 0 0 0 0 0 0 0 0 0 0 0 0 1 0 0 0 0 0 0 0 0 0 0 0 0 0 2 0 0 0 1 0 1 0 0 0 0 0 0 0 0 0 1 0 0 0 0 0
18 1 1 3 52 42 9 4 0 2 1 17 6 2532 2253 769 1464 578 388 196 180 662 575 262 107 30 437 344 124 105 103 9 32 2673 805 1281 3175 4033 230 190 526 16 195 11 2 46 802 26 20 0 8 7 7 21 9 6 60 769 1433 1538 126 32 16 160 263 0 25 1443 204 15 23 21 29 7 1213 63 5 6 6 0 20 3 25 11 31 41 148 28 16 4 31 28 2 8 36 278 4 7 95 17 2 1 1 2 4 2 0 1 2 0 1 4 13 2 1 20 16 24 50 16 155 27 90 8 47 2 14 2 2 3 2 3 4 20 2 17 3 5 39 55 14 47 5 1 20 3 5 1 117 34 37 2 0 0 0 1 2 2 1 0 0 3 0 3 0 4 13 14 2 0 13 8 6 14 2 17 1 1 14 0 15 24 12 13 2 59 0 1 0 10 1 2 2 3 1 1 10 9 1 55
78 11 18 13 165 212 47 25 2 23 13 281 129 205 282 729 1677 1915 5782 344 567 1919 630 147 524 47 120 98 666 299 197 294 1400 2792 110 104 4033 13658 133 169 961 33 170 2093 70 763 415 72 35 38 29 33 80 173 34 52 78 646 296 257 566 52 30 67 117 10 238 632 137 37 90 705 3301 229 1887 178 67 120 598 6 91 19 288 98 298 218 211 178 101 43 336 122 31 24 71 1315 44 36 462 33 22 20 15 22 17 27 2 25 4 3 11 63 79 10 47 116 106 159 408 85 1029 443 905 85 299 16 76 10 8 24 99 19 53 536 42 339 29 15 689 681 35 347 37 47 133 29 47 8 939 216 333 9 11 19 1 8 14 19 6 20 39 49 5 41 111 49 52 58 24 12 132 116 92 152 20 122 11 9 94 15 315 714 217 113 35 619 3 8 27 80 81 22 3 43 51 18 75 48 29 367
14 2 0 1 32 20 6 3 0 2 1 12 28 345 1272 3065 56 6184 88 64 20 45 108 347 24 10 146 2912 273 150 105 5 11 202 20 25 230 133 13456 18 433 166 479 13 18 290 41 218 34 6 4 2 6 27 3 3 144 257 37 98 7168 97 23 196 4691 1 59 290 5953 36 167 3 4 3 529 1966 1 3 3 0 71 1 16 11 21 16 73 167 122 6 686 73 11 19 77 119 2 3 24 33 0 5 0 0 4 1 0 1 0 0 0 15 2 11 199 6 0 54 0 557 17 137 12 0 3 0 1 8 1 9 14 5 6 14 1 12 0 1 14 8 258 6 249 0 1 35 138 11 60 1686 7 4 11 1 2 9 5 0 3 15 1 1 0 4 6 0 485 88 3 15 8 10 1 4 8 270 5 13 345 19 9 11 3 5 36 5 3 2 28 4 4 23 9 5 2 0 0 0 3 2
11 3 4 3 2 5 5 0 0 0 0 11 0 1535 727 83 225 72 197 342 74 1563 1868 4091 3385 4716 1392 110 124 11 20 1 3 80 2466 340 190 169 18 4087 379 141 941 8 0 10 4350 5 37 2 6 6 32 84 10 16 127 74 515 81 22 24 32 207 60 1 333 297 21 9 8 6 9 18 83 16 3 1 2 0 11 1 77 78 119 207 139 8 6 0 20 34 9 8 105 12 1 4 316 44 2 0 1 2 0 2 0 0 0 0 0 3 15 5 5 41 8 101 51 17 96 189 245 4 11 3 2 0 0 2 0 0 1 9 0 5 2 4 20 42 3 19 1 3 7 3 4 0 74 25 7 0 1 0 0 1 1 0 0 1 1 1 0 0 1 4 2 3 1 1 0 1 1 3 0 11 0 1 6 2 21 24 21 0 6 43 0 0 2 3 0 2 2 1 5 2 1 0 0 6
543 204 298 322 150 803 109 161 28 71 49 879 20 792 2025 1163 563 1344 446 483 2100 1965 5304 2375 601 615 169 150 293 332 355 57 154 448 23 62 526 961 433 379 7031 4836 1048 72 42 359 169 194 1895 54 111 96 34 72 1596 851 72 152 40 32 1373 145 110 94 321 46 128 249 550 118 123 119 178 105 998 615 151 10 103 5 217 14 1346 125 1319 351 387 648 588 101 1210 2966 175 196 375 365 183 112 476 58 23 18 42 44 14 50 3 7 12 16 11 75 4 2 18 12 20 17 42 34 116 43 78 18 57 2 16 3 1 4 47 8 38 235 5 93 7 2 117 97 19 53 9 7 22 20 45 4 125 129 51 23 37 9 1 31 9 6 11 38 16 13 2 22 26 5 32 35 36 25 38 36 14 22 34 59 22 40 188 22 142 142 40 23 40 93 29 33 116 18 29 94 18 17 18 10 13 7 6 66
8 4 3 2 4 4 4 7 5 0 0 5 9 32 108 271 14 411 80 48 17 166 1223 4459 129 161 39 38 27 4 12 1 3 11 7 1 16 33 166 141 4836 4929 3378 24 32 240 92 25 914 10 18 11 4 17 5 1 13 4 12 1 884 65 70 36 208 37 31 41 319 28 29 11 14 8 22 140 15 1 19 0 51 2 11 10 24 24 19 60 64 7 664 654 45 51 297 6 5 5 41 8 0 1 0 1 1 0 0 1 0 0 0 0 0 0 14 2 0 6 3 16 5 6 9 0 0 0 0 0 0 1 0 0 0 3 0 1 0 0 5 6 4 2 4 0 0 6 29 0 13 79 2 5 8 0 0 6 1 0 4 13 0 0 0 1 1 0 37 14 5 11 0 2 0 0 4 18 2 5 94 10 2 7 4 1 8 1 3 3 10 0 0 16 3 0 1 2 0 0 1 2
14 1 5 3 7 14 8 9 9 3 0 26 51 324 424 334 93 2047 430 185 59 853 743 2456 1021 434 1362 1095 452 54 51 1 18 152 147 129 195 170 479 941 1048 3378 5831 143 97 1059 833 98 3348 34 31 29 65 164 13 15 301 178 335 105 4392 708 1811 7045 2284 163 639 711 2068 205 112 37 66 24 285 512 54 4 97 0 108 8 134 141 165 312 303 82 82 27 3567 529 72 273 2154 47 28 24 462 146 0 0 1 1 2 1 0 2 0 0 2 0 5 5 74 8 1 44 14 135 31 96 49 1 2 1 2 2 2 0 6 1 3 18 0 6 0 0 16 15 55 7 46 0 4 27 129 6 49 616 4 18 25 2 4 17 9 0 9 30 0 3 0 1 1 2 215 56 22 91 0 4 1 3 17 150 7 12 494 64 15 17 10 2 64 17 16 15 37 0 0 55 7 0 3 1 0 3 1 3
7 0 4 1 1 7 9 2 21 9 22 50 4001 3 6 31 11 486 7675 63 17 74 14 6 32 3 5 12 34 11 3 3 56 4 1 0 11 2093 13 8 72 24 143 11579 1556 680 21 14 47 1233 75 93 8 9 3 2 2 0 0 0 144 15 20 9 10 615 20 9 13 13 61 494 1863 1398 12 66 1437 1949 3497 177 153 586 24 6 12 18 11 603 359 744 679 75 13 11 89 7 90 40 16 1 4 5 2 1 1 10 1 40 1 0 3 30 38 11 345 91 39 496 166 793 522 2002 786 17 89 12 18 4 4 6 15 8 9 137 4 49 9 8 226 234 65 99 36 4 32 27 75 40 670 719 83 18 24 5 3 36 10 2 22 47 6 8 5 6 8 5 110 63 29 114 19 18 18 29 31 130 8 26 238 24 154 262 751 18 60 433 15 30 59 11 8 98 14 6 57 25 20 10 8 91
3 0 0 2 2 5 29 10 110 10 17 19 1229 1 2 4 10 38 356 13 3 8 4 5 7 1 0 5 6 1 0 1 9 0 0 1 2 70 18 0 42 32 97 1556 13748 3568 3 10 38 5988 40 57 5 2 3 1 3 0 0 0 104 29 11 8 19 1083 5 0 43 11 24 170 187 239 4 79 841 103 676 122 141 730 5 2 5 0 1 1005 841 3550 4896 69 18 13 69 3 285 171 1 0 0 2 1 1 3 2 1 10 1 1 2 12 2 1 141 3 3 23 2 83 22 57 28 0 9 4 4 10 0 2 16 7 5 30 2 8 2 0 37 23 53 9 80 5 9 197 767 15 90 1735 9 90 129 23 10 209 30 13 54 200 2 4 0 6 2 0 946 367 105 412 14 11 5 6 153 757 47 130 3628 416 21 30 21 9 442 40 66 137 287 4 1 518 52 3 8 1 1 4 6 8
3 1 0 0 5 3 2 1 4 0 1 9 2281 5 26 110 36 5938 3902 83 6 37 21 439 34 4 103 276 37 13 6 0 19 20 9 2 46 763 290 10 359 240 1059 680 3568 5622 10 24 41 57 4 5 2 15 2 2 17 14 2 1 3523 24 19 503 467 123 39 10 165 8 23 38 175 32 38 97 23 8 62 2 33 7 14 5 9 17 8 108 120 74 1481 65 6 17 173 15 7 8 30 7 3 8 1 1 18 4 0 6 1 0 4 19 10 28 1600 17 20 195 20 1309 104 721 119 5 11 8 6 44 3 40 24 22 31 63 4 26 0 1 89 52 676 21 655 4 18 153 1233 101 427 5722 18 24 33 11 9 49 10 5 8 39 5 11 0 7 17 3 1291 425 32 489 33 33 11 13 30 703 16 31 1740 84 35 59 60 22 124 76 16 15 54 15 7 86 23 19 15 4 3 12 19 21
9 2 1 0 2 4 6 5 0 1 1 8 1 709 321 38 132 46 83 40 57 457 207 1406 2477 376 837 208 145 21 25 0 7 745 1487 456 802 415 41 4350 169 92 833 21 3 10 9291 15 37 0 3 7 9 41 3 16 110 373 1298 363 33 57 49 372 165 0 170 1676 94 16 8 24 56 41 314 29 4 1 11 0 12 1 45 48 91 145 1008 16 4 1 22 22 6 23 178 21 5 4 198 37 1 1 0 1 4 1 0 0 0 0 1 4 7 2 4 20 28 58 106 9 198 70 274 12 23 1 4 2 1 1 3 1 3 26 1 9 3 1 58 102 4 34 4 2 20 1 3 0 132 24 24 0 3 1 0 2 1 1 0 2 2 2 0 0 2 4 3 4 2 0 4 3 6 2 1 15 0 0 18 3 26 35 34 4 5 64 0 1 1 3 1 5 1 4 3 1 4 5 2 17
42 4 5 11 61 64 21 6 2 5 2 56 4 9 40 71 12 306 33 39 11 66 33 11 30 2 4 9 480 178 120 10 16 74 1 3 26 72 218 5 194 25 98 14 10 24 15 15750 171 92 26 38 10 47 9 6 144 73 5 12 266 4778 693 111 234 9 112 62 7900 398 5858 16 19 9 342 6473 4 0 6 7 621 32 42 23 52 36 40 2675 1257 33 357 389 81 373 387 157 4 9 45 27 1 1 0 0 0 2 0 3 1 1 0 0 0 0 8 5 2 9 1 6 13 11 4 0 0 1 6 1 1 1 3 0 0 8 0 2 1 0 12 5 3 6 3 1 5 101 55 4 15 22 6 285 427 28 19 314 52 5 77 451 0 0 0 1 1 0 18 207 164 17 3 3 3 3 245 130 119 364 720 53 10 5 12 3 297 20 198 119 891 1 0 735 159 0 10 1 0 0 0 5
56 22 20 15 12 29 20 32 7 7 2 35 16 29 134 103 53 89 90 135 31 219 412 378 90 51 12 6 50 19 13 2 11 18 1 5 20 35 34 37 1895 914 3348 47 38 41 37 171 10382 48 201 109 9 25 22 10 32 5 8 2 277 143 125 38 59 44 55 27 308 249 145 10 30 28 36 633 44 2 34 5 270 9 98 33 77 48 26 621 555 77 752 11307 677 1604 2996 32 21 15 70 13 1 0 2 1 0 0 0 1 0 0 0 5 1 0 6 0 0 5 1 1 4 10 9 0 2 0 0 2 1 0 3 0 2 10 0 6 0 0 13 6 0 0 2 1 3 15 27 0 13 34 2 16 24 3 3 29 9 2 11 56 0 0 0 1 0 0 14 30 8 15 1 2 2 1 26 49 12 20 169 34 5 9 2 0 59 6 20 24 91 1 0 81 11 1 3 0 0 1 0 1
13 1 2 0 6 5 47 22 318 26 35 24 461 0 1 2 7 10 230 8 1 16 6 1 7 0 0 0 18 11 4 0 10 3 0 0 0 38 6 2 54 10 34 1233 5988 57 0 92 48 7463 340 965 20 6 16 2 2 2 0 0 57 123 43 7 5 507 3 1 53 38 38 215 160 867 6 107 1849 163 848 1630 472 5302 17 6 9 5 6 2483 1263 8239 1203 188 31 48 93 2 717 429 3 0 0 2 0 3 1 3 0 1 2 2 0 1 0 0 13 3 1 5 4 12 11 20 9 0 2 2 3 1 0 0 2 0 0 13 0 3 1 0 7 1 3 3 3 3 9 64 41 1 20 42 2 214 226 26 12 164 75 6 139 503 0 1 0 1 2 0 22 131 69 27 2 1 1 3 109 93 77 297 448 67 7 17 10 0 165 8 198 205 826 1 0 423 100 1 4 3 1 0 1 0
168 32 51 38 12 55 88 87 80 28 15 57 8 4 12 15 3 13 26 12 4 13 18 19 31 2 4 4 78 32 23 4 12 16 2 0 8 29 4 6 111 18 31 75 40 4 3 26 201 340 12932 13756 40 106 687 39 8 12 0 0 21 20 14 8 10 155 53 6 24 300 82 28 36 688 75 55 443 20 68 1394 1622 963 870 62 150 35 39 530 84 36 83 6761 7225 106 70 40 158 126 18 13 0 1 3 0 0 1 0 0 0 1 2 5 0 0 1 1 1 2 0 1 9 3 5 1 2 1 0 0 0 1 6 1 3 34 1 19 0 0 13 8 1 7 0 3 3 10 4 0 11 3 5 55 31 7 0 19 236 3 425 386 1 1 0 4 7 0 2 8 12 4 3 5 1 1 7 5 36 79 45 4 14 28 7 4 9 13 116 55 346 1 1 57 14 3 1 1 3 0 0 4
205 53 74 25 22 66 140 128 136 27 5 75 12 4 14 15 4 17 17 4 11 30 15 9 50 1 3 5 130 64 36 11 24 25 0 2 7 33 2 6 96 11 29 93 57 5 7 38 109 965 13756 19125 56 173 924 58 20 11 1 2 35 63 29 9 18 268 84 21 72 485 126 33 49 1104 94 57 571 30 118 12723 9269 1874 1000 99 156 37 57 1902 170 138 135 2318 5611 242 140 59 261 179 34 12 1 0 2 2 1 2 0 4 0 2 0 4 0 0 0 0 1 3 2 2 18 0 2 3 5 2 2 0 0 1 3 1 4 44 4 32 2 0 36 24 1 5 1 2 8 18 7 1 19 5 9 82 64 17 9 82 2836 105 7150 2333 3 2 0 2 4 3 2 17 17 18 2 5 3 1 13 10 202 242 113 9 23 45 15 1 12 29 883 98 1714 2 10 121 63 1 7 0 0 2 0 6
412 44 95 32 26 49 681 318 111 140 12 117 5 7 11 2 2 10 4 1 7 22 6 34 110 5 20 26 2128 114 49 22 63 45 8 3 7 80 6 32 34 4 65 8 5 2 9 10 9 20 40 56 10406 10683 5794 7 108 29 2 3 14 55 72 43 64 22 674 35 76 23 19 51 58 41 301 10 54 12 25 9 21 16 2940 693 64 75 258 19 15 8 21 61 18 14 44 126 74 6459 81 90 8 4 11 12 3 16 0 1 3 4 6 25 1 0 0 1 6 4 4 0 20 3 12 3 17 2 4 0 0 0 27 1 16 99 6 49 0 0 78 60 0 11 0 3 8 0 4 2 39 9 16 0 1 0 0 0 0 1 3 0 2 3 0 7 16 0 3 3 1 1 16 26 6 12 1 3 1 0 4 0 60 75 19 7 0 31 1 1 2 5 8 0 0 3 9 2 5 3 1 24
1034 135 166 52 91 181 1729 651 45 186 23 264 3 28 26 13 8 19 20 3 25 71 18 109 344 20 63 88 10165 347 142 60 197 137 21 5 21 173 27 84 72 17 164 9 2 15 41 47 25 6 106 173 10683 15105 883 37 283 100 8 1 52 202 154 106 182 7 2715 104 242 67 76 143 111 64 862 28 69 19 78 9 75 9 5749 6976 366 187 711 48 21 6 38 156 66 43 110 420 109 3904 267 265 32 12 37 35 11 42 1 7 10 9 11 40 1 0 0 1 19 6 9 4 49 3 15 14 39 1 4 1 0 3 54 11 38 349 16 192 1 1 175 111 4 16 5 16 18 3 4 2 81 22 59 3 2 0 0 3 6 4 6 8 23 23 5 27 61 3 2 10 0 1 62 54 28 28 1 9 4 2 16 1 176 240 53 24 4 91 7 2 10 19 35 3 2 24 21 11 25 9 14 52
222 61 90 46 19 96 217 141 23 53 6 93 1 1 7 1 3 4 3 2 11 27 5 8 37 1 3 6 405 70 38 6 17 20 2 1 9 34 3 10 1596 5 13 3 3 2 3 9 22 16 687 924 5794 883 12673 461 21 13 1 0 9 19 11 7 13 6 98 13 22 48 29 17 25 41 88 12 21 8 12 60 185 25 2670 106 108 37 81 80 13 8 16 1386 206 16 18 59 31 1338 24 15 2 4 2 1 0 6 0 0 1 2 2 4 1 0 0 0 1 0 3 0 9 0 4 1 5 0 1 0 1 0 5 1 6 44 1 31 1 0 23 36 0 1 0 0 5 1 0 0 14 1 8 2 2 1 0 3 13 1 18 19 0 1 0 4 9 0 0 1 0 0 11 10 3 6 1 0 3 2 3 0 18 35 5 2 1 17 7 6 15 1 2 3 0 3 3 2 3 1 1 7
315 105 169 137 39 344 106 113 3 50 12 268 0 6 4 1 4 6 4 0 1800 354 9 18 106 3 6 4 112 132 143 17 29 38 0 0 6 52 3 16 851 1 15 2 1 2 16 6 10 2 39 58 7 37 461 4332 21 19 1 2 5 18 13 9 21 1 56 24 11 8 7 30 36 22 152 8 19 5 14 0 40 2 3916 109 2254 358 86 29 10 4 8 183 37 3 15 109 43 29 268 22 6 4 8 5 3 14 0 1 2 3 3 12 1 0 1 1 2 2 4 1 13 1 5 5 16 0 0 1 0 1 4 1 17 58 1 29 0 0 28 30 0 8 2 1 10 1 0 0 25 5 3 1 2 1 0 0 0 0 0 4 1 1 0 5 13 1 0 1 0 0 17 10 6 6 0 4 0 0 1 1 33 47 7 8 0 18 4 1 7 3 2 1 1 3 3 0 0 2 1 10
84 31 34 35 335 101 33 26 3 7 3 73 0 137 159 61 18 39 13 14 29 115 14 170 430 13 252 416 6403 4119 5299 44 99 86 77 24 60 78 144 127 72 13 301 2 3 17 110 144 32 2 8 20 108 283 21 21 5439 83 29 8 75 309 256 383 925 1 3032 255 918 103 172 78 26 30 3090 58 23 0 25 1 96 0 148 223 199 412 3770 52 15 2 55 35 10 54 165 2157 17 30 1124 6203 10 2 19 10 6 19 2 2 5 4 9 35 0 0 6 0 3 3 2 9 11 4 7 7 8 0 3 0 0 0 24 4 28 107 2 42 0 0 30 26 2 2 4 1 7 0 10 0 11 41 5 4 5 1 0 2 1 2 2 7 8 5 1 18 12 0 15 5 3 3 10 18 2 2 3 13 2 4 33 3 64 58 9 4 9 30 1 1 13 4 17 13 6 6 7 4 2 4 3 6
46 1 6 6 197 270 27 11 1 3 8 234 1 498 428 196 103 99 30 25 90 368 67 135 59 7 334 515 458 193 164 1556 821 3224 219 213 769 646 257 74 152 4 178 0 0 14 373 73 5 2 12 11 29 100 13 19 83 4854 1207 1387 53 74 39 176 582 0 128 4011 558 25 92 175 100 1 12076 75 3 1 33 0 56 0 91 30 111 64 341 50 14 0 31 27 8 11 45 2691 12 12 122 33 1 1 2 5 0 4 1 0 1 3 0 7 2 0 6 1 0 3 4 11 11 8 12 0 6 0 0 2 0 0 4 1 4 32 2 22 0 0 10 18 9 6 4 5 4 1 4 0 12 54 4 0 2 0 0 2 2 0 0 3 1 5 0 4 2 0 10 2 0 0 5 10 2 4 3 9 0 5 15 1 13 14 3 1 5 3 4 2 3 1 4 6 0 2 0 1 3 1 0 8
3 0 0 0 4 1 0 0 0 1 1 0 0 967 334 35 60 25 11 6 9 31 38 489 42 33 741 271 39 14 8 1 1 1283 1535 2898 1433 296 37 515 40 12 335 0 0 2 1298 5 8 0 0 1 2 8 1 1 29 1207 1156 4130 7 11 21 213 174 0 21 1611 73 5 3 0 2 1 385 8 0 0 0 0 0 0 2 0 5 11 78 4 3 0 11 2 1 1 39 17 0 2 8 5 0 0 0 0 0 1 0 0 0 0 0 0 0 1 0 2 2 3 6 2 15 19 41 2 3 0 0 0 1 0 0 0 0 0 1 0 0 1 3 6 2 1 1 0 3 0 0 0 6 16 0 1 0 0 0 0 0 0 0 1 0 0 0 0 0 0 2 1 0 0 0 0 0 0 1 4 0 0 1 0 2 5 0 0 0 5 0 0 0 0 0 0 0 0 0 0 0 2 0 0
2 0 0 0 2 0 0 0 0 0 1 0 0 422 170 99 32 30 4 3 14 34 30 108 10 6 266 272 12 9 10 4 1 4921 446 755 1538 257 98 81 32 1 105 0 0 1 363 12 2 0 0 2 3 1 0 2 8 1387 4130 2728 8 11 8 112 181 0 8 2138 134 4 10 0 3 0 567 14 0 0 0 0 6 0 0 1 1 7 81 5 2 0 3 1 2 4 19 21 0 1 7 0 0 0 0 0 0 0 0 0 0 0 0 0 0 0 0 1 1 1 1 3 1 3 2 0 0 0 0 0 0 0 0 0 0 0 0 0 0 0 1 2 1 0 1 0 1 0 2 0 0 10 0 0 1 0 0 0 1 0 0 0 0 0 0 0 0 0 1 0 0 1 0 0 0 1 0 0 0 0 2 0 0 1 0 0 0 0 0 0 0 0 0 2 0 0 0 0 0 0 0 0
14 4 4 8 20 34 12 4 3 0 1 21 63 21 85 248 60 7505 340 89 31 165 79 1168 139 19 94 190 135 39 38 16 34 72 7 2 126 566 7168 22 1373 884 4392 144 104 3523 33 266 277 57 21 35 14 52 9 5 75 53 7 8 15701 224 290 837 850 49 147 49 4045 109 231 33 118 21 154 9073 11 3 45 9 223 31 63 52 69 104 54 556 601 88 4074 458 46 110 1137 90 11 6 100 34 2 14 0 1 14 6 0 24 0 0 2 14 8 8 407 8 15 78 9 312 68 252 78 3 17 14 6 15 3 21 29 14 23 63 2 18 3 1 79 59 283 28 373 4 8 221 1037 37 215 1795 25 75 79 15 4 138 32 9 51 146 5 9 4 7 9 2 565 402 53 92 31 39 6 14 79 650 50 86 1586 187 28 69 31 28 257 63 61 44 220 19 10 234 69 18 16 8 8 5 20 23
37 8 7 8 43 48 20 14 6 3 0 46 7 24 124 86 46 124 61 118 23 399 97 83 369 15 26 27 928 184 102 6 11 65 3 7 32 52 97 24 145 65 708 15 29 24 57 4778 143 123 20 63 55 202 19 18 309 74 11 11 224 15515 8756 1156 974 8 596 151 6476 6011 1892 10 17 11 278 925 6 1 4 11 578 98 132 134 142 219 110 888 518 34 516 812 372 5007 2953 89 11 23 292 77 0 0 0 0 0 0 0 4 0 0 1 1 1 1 2 4 0 13 3 6 8 9 16 0 1 4 1 1 0 1 1 1 1 0 1 3 0 1 4 6 2 7 5 1 6 82 32 1 17 17 1 264 349 25 16 223 49 13 66 376 0 1 0 0 0 0 12 135 139 17 1 2 0 0 149 92 70 292 526 36 4 10 11 2 192 11 158 107 815 3 0 604 120 1 2 1 0 2 1 4
12 6 6 2 10 13 8 9 5 3 1 6 3 23 82 48 23 73 47 69 17 408 76 107 368 30 27 23 553 57 41 4 4 32 3 5 16 30 23 32 110 70 1811 20 11 19 49 693 125 43 14 29 72 154 11 13 256 39 21 8 290 8756 15231 3530 4377 13 521 133 3547 918 360 12 8 10 116 595 10 2 16 0 157 14 118 115 131 214 120 125 216 30 607 691 214 939 4052 27 5 9 300 89 0 1 0 0 1 0 0 2 0 0 0 0 2 0 6 6 2 8 5 7 6 17 19 1 2 0 3 1 0 0 3 0 2 5 0 3 0 0 11 6 1 2 1 1 0 43 53 0 27 18 1 68 71 7 3 81 19 2 41 132 0 0 0 0 0 1 14 96 56 15 0 1 0 0 96 117 24 84 341 55 4 5 2 2 144 9 43 29 222 0 0 263 36 0 0 2 0 0 0 0
13 3 3 2 1 6 7 6 0 4 0 18 21 327 299 185 31 927 229 63 16 227 62 484 427 42 1076 974 361 46 66 4 7 161 159 126 160 67 196 207 94 36 7045 9 8 503 372 111 38 7 8 9 43 106 7 9 383 176 213 112 837 1156 3530 5970 7006 3 527 546 1344 282 164 7 6 4 283 73 2 0 9 0 100 1 90 113 90 253 210 39 47 5 475 77 31 158 1936 37 6 8 296 185 0 1 1 0 0 0 0 0 0 0 0 4 5 2 78 5 2 26 3 180 9 50 21 1 4 0 0 0 0 2 3 2 3 12 2 3 0 0 12 13 89 0 74 0 1 14 39 1 27 740 3 7 8 0 0 8 1 0 2 9 0 2 0 1 1 2 218 31 5 17 4 4 2 0 12 113 2 8 142 5 5 9 2 3 14 1 9 2 12 0 2 18 3 4 0 0 0 0 1 2
50 10 9 4 49 35 23 12 3 8 3 33 42 357 653 594 50 809 131 49 16 126 43 170 168 11 238 700 1477 287 254 4 18 360 62 102 263 117 4691 60 321 208 2284 10 19 467 165 234 59 5 10 18 64 182 13 21 925 582 174 181 850 974 4377 7006 8226 10 769 967 14038 224 292 3 12 6 1192 98 2 0 10 0 148 9 104 125 140 188 344 105 39 8 491 134 29 128 1134 179 3 25 184 272 1 0 2 1 2 2 1 2 0 0 0 10 0 2 129 10 3 23 2 294 14 58 18 1 5 1 0 4 0 7 8 6 4 19 0 9 0 0 13 19 216 2 221 1 0 42 176 2 62 1672 4 11 19 1 1 14 7 1 8 22 0 0 0 2 4 0 585 87 12 32 7 18 1 7 15 316 3 16 523 34 6 15 7 6 66 15 7 8 53 1 3 40 11 7 7 2 1 3 4 2
14 0 3 1 0 2 45 12 86 16 18 20 140 0 1 0 1 4 27 2 1 4 3 6 2 0 0 1 8 1 0 1 6 0 1 0 0 10 1 1 46 37 163 615 1083 123 0 9 44 507 155 268 22 7 6 1 1 0 0 0 49 8 13 3 10 1064 3 0 15 8 10 104 55 260 1 15 1181 541 613 498 133 554 14 3 0 2 1 211 52 101 378 62 10 4 87 1 298 218 3 0 0 0 1 0 0 2 0 0 0 0 0 1 0 0 7 2 2 0 1 1 5 7 3 0 0 0 0 0 0 1 0 0 2 4 0 2 0 0 8 2 0 1 1 1 1 15 32 1 9 30 0 3 9 0 1 12 9 0 17 16 0 0 1 0 0 0 5 15 4 27 0 1 0 1 7 9 4 2 72 5 7 6 3 0 7 7 7 2 28 0 0 19 3 0 0 0 0 1 1 2
527 126 175 114 117 281 182 218 6 61 31 423 3 76 56 34 13 37 31 8 19 198 59 351 1391 54 267 241 2947 420 325 82 184 198 81 13 25 238 59 333 128 31 639 20 5 39 170 112 55 3 53 84 674 2715 98 56 3032 128 21 8 147 596 521 527 769 3 6272 314 704 205 163 99 164 81 2183 101 71 19 71 5 104 5 1592 4792 1468 2580 3510 80 52 4 120 173 60 122 341 686 105 108 1661 1949 25 12 40 43 19 47 5 3 10 18 9 80 1 1 6 2 16 11 14 5 51 10 22 16 46 2 4 0 0 2 57 20 45 391 16 180 0 1 172 140 6 16 8 15 30 4 13 1 69 57 48 4 5 4 2 5 7 16 3 10 24 28 4 35 74 1 18 15 5 7 61 41 22 29 4 14 5 5 42 4 194 260 29 28 9 125 2 3 16 23 50 11 2 21 18 8 19 10 8 58
14 2 8 5 11 9 5 10 1 6 0 21 1 712 489 214 104 98 25 25 97 397 70 654 953 40 851 894 312 30 44 1 13 2255 430 460 1443 632 290 297 249 41 711 9 0 10 1676 62 27 1 6 21 35 104 13 24 255 4011 1611 2138 49 151 133 546 967 0 314 6558 737 36 100 14 35 12 5895 72 3 1 6 1 58 4 138 95 148 224 4737 44 12 1 22 59 15 24 159 81 6 7 336 172 1 0 0 1 1 1 0 0 1 0 0 1 2 3 3 7 21 7 34 6 58 17 70 1 15 0 4 1 0 0 3 2 2 20 2 5 0 1 41 69 5 11 2 2 3 2 3 1 44 41 11 2 2 0 0 1 2 0 3 3 1 2 0 3 6 0 9 3 1 0 3 4 3 6 4 8 1 3 17 5 12 14 18 2 5 16 1 0 5 3 1 3 2 0 4 2 3 0 1 12
74 4 8 9 104 100 40 22 2 10 5 94 14 179 489 601 72 917 43 56 35 203 117 133 159 8 52 303 1977 480 377 29 19 375 23 28 204 137 5953 21 550 319 2068 13 43 165 94 7900 308 53 24 72 76 242 22 11 918 558 73 134 4045 6476 3547 1344 14038 15 704 737 24507 1012 2536 14 12 10 1525 5641 8 0 4 9 924 51 141 112 150 183 291 1068 397 54 1335 322 119 401 1714 362 4 34 194 209 1 2 1 2 2 3 0 8 1 2 3 6 1 0 47 6 6 14 10 66 30 34 31 0 4 3 9 4 3 2 20 7 12 26 2 8 2 1 36 17 54 15 56 3 11 184 441 12 89 569 8 157 193 14 18 206 69 15 97 328 3 8 1 5 3 3 428 367 164 38 11 15 5 6 233 709 81 192 1648 310 25 31 11 10 462 44 155 86 492 5 1 521 105 6 6 4 4 2 7 5
64 9 16 15 20 40 25 18 2 7 2 36 0 13 78 68 28 73 40 117 15 179 49 42 127 8 8 9 327 72 52 5 5 29 1 2 15 37 36 9 118 28 205 13 11 8 16 398 249 38 300 485 23 67 48 8 103 25 5 4 109 6011 918 282 224 8 205 36 1012 4204 2516 5 17 20 112 222 17 1 7 27 914 138 151 69 103 84 51 899 178 27 247 912 1455 2368 1110 47 12 14 139 23 0 0 1 0 0 0 0 0 0 0 0 1 1 0 1 1 0 11 1 1 5 7 3 1 2 2 5 2 0 0 1 0 0 12 0 5 1 0 3 5 0 1 1 1 4 31 7 0 5 10 3 109 91 7 8 65 49 8 112 264 1 0 0 0 0 0 6 31 33 1 0 0 0 2 25 28 45 135 120 10 3 11 6 1 53 8 150 55 480 1 1 136 47 0 2 0 1 0 0 3
70 10 16 13 57 100 29 14 7 9 5 100 14 12 54 76 17 263 52 45 16 106 28 34 83 6 5 15 498 244 150 23 30 94 0 2 23 90 167 8 123 29 112 61 24 23 8 5858 145 38 82 126 19 76 29 7 172 92 3 10 231 1892 360 164 292 10 163 100 2536 2516 3293 26 47 20 409 826 19 3 36 24 2061 168 96 44 86 59 63 3024 177 32 367 528 319 730 267 196 9 27 80 28 1 0 1 0 0 0 0 0 0 0 0 1 0 0 2 2 0 6 3 1 9 10 11 0 3 1 2 0 0 0 1 0 0 10 0 2 0 1 7 5 0 4 4 1 1 16 18 1 13 31 1 108 92 8 5 58 43 6 118 281 0 0 0 1 1 0 4 31 47 6 1 2 0 0 25 16 51 151 128 14 4 3 5 2 40 11 173 49 546 1 0 138 45 1 1 0 0 1 0 3
