15.4002493365656 26.6723139718467 23.137341157674 34.8353626587442 38.7963302395829 44.6493779293954 22.7129073400611 25.6521138157594 59.7385148413387 37.3038832407471 75.2097524619964 53.4991517943155 193.205520629883 120.514526844025 114.141817728678 120.930238723755 126.15340423584 143.203189849854 148.983619181315 166.346328735352 122.829831303777 136.569312950233 142.744272867839 169.844393803523 133.504233422217 207.456954956055 176.14392513699 162.52752456665 43.9850301734202 26.7661459738214 52.9205551100482 76.3893202960007 97.0512541746482 121.58725715406 163.560958862305 0 129.411667293972 138.81856243427 140.946172986712 170.767400568182 99.4149580546286 141.464978218079 182.559997558594 167.565943036761 211.122975667318 160.567067464193 155.728278266059 169.960276285807 144.483444486346 165.236014732948 143.205195426941 164.027203890172 111.230376317663 84.923682380691 123.166951394296 109.707861618769 79.067738147009 91.0485911991285 169.935740152995 104.68102645874 188.785279410226 191.537273922482 203.521830240885 186.062642024114 155.827559204102 139.844468797956 98.9435261069484 151.996097019741 158.169869706437 178.087112426758 179.08832484654 90.7348784003459 135.158385094176 122.055772410499 129.09808476766 167.408377776275 92.0229262359871 97.3334312438965 106.800993374416 165.883211408343 181.111047046432 171.48530069987 121.972043148845 106.312853888017 109.751449355888 102.351708672263 141.858396485794 181.716460184334 186.894759807181 199.409010145399 199.844782377544 138.877246251334 164.663534588284 188.413429542824 183.852039537932 81.2029930306959 76.6133778708322 55.8127190152312 111.730883209399 106.752419335502 163.020827660194 164.934461632553 165.588629722595 165.156286463491 165.413053724501 159.226728231257 151.768298809345 120.181513716535 156.298905690511 120.46568646527 141.845435749401 152.691933603621 0 242.626205444336 167.883453369141 224.433181762695 195.530690511068 154.481648763021 0 191.641540527344 188.028732299805 208.098808288574 170.173690795898 172.85124206543 178.24012298584 0 153.533788045247 0 0 183.002700805664 169.997522481283 166.784122242647 143.144513273892 151.852527075951 154.740998404367 162.361168938714 0 0 169.424713439941 177.661259195079 0 241.96215057373 0 195.006712777274 169.73079979938 0 182.324010213216 0 185.227320098877 204.061566670736 195.524954477946 231.585211617606 219.677207946777 203.220878601074 0 206.528634207589 230.933274841309 222.765274047852 202.708834330241 223.767279730903 208.873304578993 203.234110938178 194.557810465495 170.908730745316 157.191147523768 190.445877075195 225.261604309082 0 224.616078694661 202.752380371094 201.200563538749 178.805352710542 207.06085035536 178.053955078125 231.771774291992 205.098556518555 220.351679484049 228.932502746582 225.48007329305 231.524887084961 143.157994410375 151.015010362261 121.467136158663 176.285678863525 221.298529730903 138.640205383301 203.98420715332 192.411926269531 225.228209862342 195.048978533064 208.84153213501 226.334686279297 213.264831542969 161.535974557059 108.546386975921 158.213279203935 191.849228598855 176.848039627075 192.725290934245 185.950622558594
26.6723139718467 15.8814697140567 24.0807068406516 24.2728715401378 22.1865813164117 41.2679490952529 81.4690032861172 78.6741061210632 84.436772664388 85.6100304921468 85.8043930053711 55.2006887983706 0 196.053421020508 230.736724853516 0 124.693450927734 0 195.874231974284 0 126.059353673181 142.729421095415 0 204.190551757812 156.188677215576 0 214.500254313151 181.401126098633 84.0077005193663 24.9201009793514 51.8317538731134 94.7832092285156 104.046645405137 127.91881942749 0 206.799514770508 159.773803710938 169.259137933904 185.262626647949 187.172587076823 105.054778716143 135.745546340942 186.00651550293 0 0 166.670639038086 192.900184631348 177.193058013916 156.743447043679 212.301086425781 154.606379508972 177.79261060031 134.090081995184 106.709016870569 135.712030629643 116.654951113746 94.1544470017956 241.612640380859 0 0 204.462692260742 208.760583877563 210.932551066081 210.972457885742 177.500115966797 0 106.130479661245 147.156784057617 224.317234039307 194.391357421875 190.018455505371 96.4047770006903 167.650140762329 115.233548091008 167.404287550184 173.299171447754 98.0240904709388 0 122.613632202148 178.143997192383 192.253625118371 189.428009033203 132.705519071767 112.729742050171 116.419429136975 103.679302385118 155.494159351696 189.818878555298 189.836827596029 244.644088745117 212.072540283203 151.299326828548 172.4556870894 191.415060043335 192.798625946045 142.788772583008 88.7173283894857 94.8711905302825 123.237722356269 134.334882100423 172.04903678894 167.15174666695 170.756863379663 168.903091732818 162.457698475231 164.28591568616 152.446539984809 137.468997531467 162.256266276042 128.958735052145 145.751008502508 156.719556657095 0 0 0 0 193.290939331055 0 0 0 195.525726318359 0 207.783721923828 178.512542724609 187.876519775391 0 165.741836547852 0 0 214.731689453125 173.117907784202 174.472876654731 147.376557772277 155.66361152895 136.205612182617 168.513370144752 0 234.581146240234 178.824802398682 194.828972556374 0 237.987823486328 176.285293579102 202.984710693359 171.450200398763 0 223.888376871745 0 213.363372802734 201.283223470052 175.478504180908 233.462615966797 223.405410766602 218.071876525879 0 234.090377807617 0 218.571228027344 192.202514648438 221.756408691406 218.313742743598 191.776527404785 0 173.099917602539 156.29490007673 0 170.407531738281 221.824279785156 221.23366800944 184.849212646484 202.421299181486 184.620055198669 190.739273071289 0 0 239.022399902344 0 241.341888427734 236.116363525391 0 144.177219470898 173.011364746094 121.819042205811 227.800811767578 224.810241699219 136.463336250999 214.934734344482 197.803642272949 227.590264892578 193.239093017578 214.226010131836 0 0 158.606206720526 110.224762128747 172.045524597168 193.711402893066 166.577423095703 202.810241699219 177.18716261122
23.137341157674 24.0807068406516 11.8764651911397 21.6698375253015 88.6584186888578 32.6188965200936 57.0049510443389 13.6461743273779 59.8057556152344 16.4044114983561 61.3587493207081 30.0651520252693 178.140670776367 207.223602294922 224.831527709961 0 197.261642456055 150.076995849609 182.121444702148 221.383026123047 122.142144877116 124.88662815094 198.181838989258 201.456336975098 135.424515464089 183.14631652832 208.118942260742 193.955665588379 85.2961297900471 87.2345333437948 96.0235037968076 91.5596624101911 102.351839521038 132.91105333964 196.445302327474 0 116.932548522949 167.026391771105 0 191.122436523438 102.519972372375 154.639684041341 196.37160949707 193.349216461182 0 0 226.527618408203 183.128405761719 156.40842590332 176.515380859375 150.004180908203 174.847180340741 129.429143564325 107.956636497773 134.292160542806 116.65365144628 108.11197942846 116.386328379313 0 0 218.228931427002 186.035770961217 212.28811899821 202.92116800944 187.360913594564 163.382792154948 106.12270464216 160.268146514893 192.663818359375 185.478867530823 191.01895236969 91.5893207973904 132.501169840495 101.057843278094 156.704237042051 180.148340861003 92.3143466126685 142.242874145508 118.219569136457 151.97108968099 187.813230661245 183.626314435686 134.210059409918 114.882208576353 117.120077061722 99.0143144850763 157.027612786544 192.479325238396 195.197262850675 183.470977783203 199.907801818848 147.560629319775 175.096131621814 193.114980697632 195.896682739258 134.890670640128 72.4395744601886 83.3982497775365 116.120827894944 152.423737080892 166.710087140401 166.846279144287 144.881112833063 164.054646904789 156.233119646708 160.963825256105 155.298077803392 112.418011016846 142.681326486297 119.17067196099 143.372374611932 154.505973741846 0 0 0 0 221.63272857666 201.423278808594 0 0 201.620398385184 0 183.991287231445 172.291865757533 195.16707447597 0 171.443027496338 0 212.643692016602 0 170.824886106095 170.313818613688 146.572846360094 154.187196140796 226.633377075195 168.639328589806 0 0 192.304429487749 191.893572293795 0 223.974197387695 0 198.926080877131 188.089344278971 0 174.524520874023 191.541778564453 209.294452667236 210.624776204427 183.926739501953 231.885719299316 234.797309875488 0 0 224.459081013997 235.077533721924 222.279718017578 219.288864135742 227.834629058838 216.702866617839 208.088661887429 189.611465454102 173.661854463465 158.706220626831 0 0 0 229.305122375488 0 197.694091796875 181.09606715611 0 182.203333536784 0 0 0 238.189102172852 203.639752705892 216.218002319336 140.395944761998 173.338757514954 179.610733032227 188.315078735352 184.741104125977 138.128714821555 206.347920735677 198.508323669434 228.767901950412 212.241354806083 215.574250654741 230.004291534424 241.666114807129 154.122411346436 107.042088960346 140.66117253023 198.53179099343 159.217384338379 0 192.733163197835
34.8353626587442 24.2728715401378 21.6698375253015 11.3531573475479 19.1378424814862 24.9676494861528 95.3668736049107 97.4804691515471 105.868997573853 101.386059728162 85.5395858071067 48.1583503383191 0 90.9475250244141 101.135223388672 245.418960571289 247.658142089844 0 195.172790527344 0 113.342080357563 120.643923256614 174.476303100586 209.415374755859 135.640795298985 162.887153625488 186.980407714844 152.268493652344 80.9733411017482 33.8299410332183 34.4607576993489 88.2027996747922 93.6866342432359 133.102981567383 166.738540649414 181.307739257812 186.558741251628 167.81688279372 182.921279907227 199.791188557943 96.6758681350613 138.771286010742 192.154134114583 169.076324462891 192.986175537109 0 0 165.439780495384 161.445758056641 0 145.005453410902 173.638165283203 135.441250801086 110.401505543635 125.287966189177 110.970123736528 85.6236911228725 138.530078887939 0 0 195.60514831543 197.960363388062 196.244140625 213.561531066895 195.021137237549 177.712417602539 103.735337909899 175.799282836914 183.776040818956 186.388245646159 173.738767183744 90.2070374922319 177.799319797092 110.515567533432 147.527541160583 178.684642791748 101.023777516683 0 109.725797316607 0 182.235189559612 0 126.149763163398 115.894223565925 110.324914165955 87.5166582203193 153.712402792538 183.730516184931 185.949185180664 184.548843383789 188.91596476237 147.229167938232 163.355719502767 195.178991317749 163.130752563477 114.381462343277 74.5628684616089 91.5962259629193 102.892693544045 108.795768022537 164.24312046596 160.739244030368 163.081245055565 160.783340547143 155.132948557536 156.963174716352 148.123434884208 112.346463983709 154.097823248969 115.62923794701 134.882528093126 147.449870333952 0 0 0 0 202.539560953776 173.614013671875 177.139724731445 0 199.478267669678 234.167510986328 177.844081878662 177.693873087565 179.479529380798 0 175.760101318359 0 224.230194091797 0 166.137089567364 161.910868326823 145.160101996528 147.469927899249 0 166.655770694508 0 0 212.850067138672 175.877685546875 0 202.210336685181 224.022079467773 188.255672454834 182.043041774205 243.781112670898 167.020393371582 0 191.863922119141 208.487869262695 204.063705444336 224.456558227539 227.61808013916 224.128555297852 231.400360107422 176.315017700195 246.904769897461 211.748672485352 239.181716918945 241.266250610352 201.208038330078 201.350548484109 199.675933837891 180.141967773438 149.596869835487 0 0 240.775797526042 0 0 201.949999295748 174.239362214741 219.60954284668 0 0 0 0 228.536388397217 219.472465515137 0 135.194721247874 178.624622344971 110.828170776367 204.520843505859 242.229690551758 131.065072631836 0 164.442031860352 232.257377624512 193.879750569661 215.128746032715 224.982864379883 245.361373901367 152.533860948351 104.800739500258 161.390763473511 196.573663330078 201.212142944336 163.413818359375 199.8363167899
38.7963302395829 22.1865813164117 88.6584186888578 19.1378424814862 14.9207170531195 33.1430855131989 61.8893123467763 78.3897422341739 86.1076552073161 88.6972437488789 53.565939469771 60.3781253911161 190.362342834473 89.8706847599575 93.1659799984523 120.420163081242 85.9453910827637 120.080983479818 102.945394075834 90.4747104644775 106.091069735014 101.93317347765 89.6838397979736 145.11378288269 99.2865031698476 0 138.690082550049 108.296234130859 66.3363024964749 29.9774727381649 26.2093772239366 48.9141342517027 69.5664063077013 68.2999195365019 132.429608662923 86.0532673427037 82.3496055603027 86.8738640987512 103.893447160721 123.943447113037 92.0192764027913 144.700092315674 156.991317749023 80.9051818847656 188.838066101074 158.807336425781 90.8938598632812 146.984354738329 149.586025238037 182.816426595052 151.598655064901 178.312790610574 122.078269078181 105.735137268737 134.229571693822 107.881947639661 58.5598181994993 49.7110943770046 126.572822570801 74.2439765930176 130.679007720947 165.241444432458 155.630098724365 170.171020507812 110.542368051957 0 98.3864339192708 70.8374706615101 135.185763652508 178.124440765381 167.574307625754 75.487181558483 83.0334576066718 71.295933953647 49.5730866685037 139.51722135998 107.199414571126 133.545806884766 91.2472517225477 203.915420532227 181.179479570531 153.827178955078 128.69449277784 108.228403384869 106.263865057519 87.1126372873487 98.9228458404541 172.306968838561 158.262350173224 220.38542175293 147.735176984002 140.663005405002 185.183762868245 179.527105331421 161.581465584891 25.9531203592249 58.1935681237115 75.9097049220079 87.1828745586116 42.6394328292535 151.725025980096 156.078251139323 154.355515974986 149.39510408454 158.57598733902 145.011848381587 137.611903381348 94.3116066672585 140.340070495605 111.9978474617 133.755059539295 142.455543334668 0 0 150.020957946777 188.885452270508 169.564242553711 150.368362426758 0 169.427531651088 177.532810211182 0 141.18953704834 162.8268699646 194.77884250217 0 0 0 0 0 151.066710762356 147.100187821822 133.642488738637 141.76290671707 161.765253702799 148.696656799316 0 0 158.108004150391 183.595550537109 197.48641204834 186.24863688151 208.134574890137 189.958989070012 175.773876953125 201.657379150391 225.153228759766 0 161.68578011649 165.314310247248 186.405532836914 197.808090209961 0 209.28141784668 0 239.725280761719 217.988677978516 213.705520629883 236.396148681641 0 208.788787841797 203.277262878418 0 156.336305560488 162.57718372345 0 185.696640014648 0 0 161.803314208984 198.916120910645 176.906211159446 0 168.623245239258 196.938858032227 193.171212768555 223.994918823242 0 203.151715087891 190.910308837891 130.007585413316 142.064933776855 84.2089424133301 185.468597412109 184.561904907227 125.292389209454 197.942436218262 0 218.361272176107 165.443599700928 204.880963412198 0 0 159.009847467596 92.391663409294 169.690068331632 208.479431152344 184.372863769531 228.660751342773 199.183059692383
44.6493779293954 41.2679490952529 32.6188965200936 24.9676494861528 33.1430855131989 19.5819805271852 74.9640153890085 64.6442916416886 74.2898396672429 47.275365723268 45.6322814185838 34.697822320365 106.051628112793 120.394227808172 107.435933303833 138.857107309195 80.6327883402507 117.404909133911 123.721040649414 157.485990905762 110.649199509706 106.250208125395 125.050761631557 148.518432617188 106.383405299274 178.506977081299 162.58194732666 131.363711886936 80.5149980282828 52.0313855997498 42.5354987029794 29.1824961163651 56.1744250987513 73.0084599601505 0 79.3901443481445 96.1186272757394 96.8997230349847 109.099622344971 170.034463500977 96.7256716232965 132.03589630127 181.677586146763 156.737287248884 185.117140197754 156.263740539551 164.121417999268 153.569893360138 150.352687967235 174.598199462891 151.556479991566 176.871895298813 139.533001646704 115.148371996801 133.400445461273 113.444283285806 89.8867620335947 53.4762191136678 115.7421875 0 136.445239796358 169.750141143799 183.831540621244 173.030125935872 139.808250427246 188.906593322754 108.887267903501 155.425642225477 142.629855880737 178.588279724121 166.77896484375 70.872343924352 80.7967005544364 105.147138068017 79.8061515594197 141.047615546685 96.3137719290597 0 99.1480805533273 203.038864135742 183.723221065491 206.912902832031 132.593283670656 116.312613371647 111.590179849319 91.1973392325388 138.341915910894 178.794828869048 171.276819229126 197.404238891602 164.615501649918 146.476751097159 172.110776839718 186.040732065837 190.90611076355 38.8230051780078 66.6911304374937 85.2522095811778 94.143548369253 61.2602138519287 160.608109903016 164.385268877137 159.95689179928 156.512088407826 157.795708304957 152.688842879535 144.234051968189 115.832655270894 151.540566849382 115.580827602347 135.466595766837 147.096474313377 239.653717041016 0 145.886123657227 210.26139831543 179.989120483398 159.960464477539 190.517871856689 174.877502441406 188.098815917969 166.28456624349 169.184745788574 186.327796242454 182.976462227958 0 212.542404174805 0 0 0 168.2639718563 150.687800089518 142.356196185064 151.529606640576 150.576551437378 161.575687408447 227.047668457031 228.268341064453 185.482032140096 188.949143782906 146.708831787109 167.239807128906 157.996775309245 212.190479278564 178.734696161179 234.942047119141 192.094128926595 0 165.470531463623 192.096121470133 202.137349446615 234.697793579102 0 217.560691833496 0 212.047842407227 221.046890258789 222.979536268446 212.29231262207 232.231262207031 211.000917707171 196.658365586225 173.377883911133 175.392519231428 161.811298023571 0 159.810419718424 190.839569091797 209.628087361654 168.67342376709 199.405512029474 175.170119002059 181.622884114583 173.335942586263 226.923477172852 207.002646552192 236.540410359701 239.988201141357 214.465380350749 218.507385253906 131.949593920457 165.678762054443 150.850634256999 202.082089233398 212.379045758929 131.403764088949 205.281154087612 178.0009765625 214.842188517253 196.525472005208 214.549577132515 221.825356619699 227.227096557617 159.587412414551 98.611244398294 162.15913357942 196.042953491211 173.549534388951 208.453956604004 185.539604187012
22.7129073400611 81.4690032861172 57.0049510443389 95.3668736049107 61.8893123467763 74.9640153890085 10.4518491412912 22.0374280533922 9.77401821544062 32.1747145591564 43.8307798531405 70.8172872055995 96.6691640218099 146.979690551758 133.054047902425 172.963241577148 158.401306152344 159.35961151123 160.478477478027 204.727188110352 110.291985296434 111.350574175517 154.325391769409 151.270869663783 115.993743409502 0 190.209789276123 139.172559950087 27.236853118074 42.5171720213235 68.9164761464307 79.9745207353072 94.4924386123131 98.4346157420765 139.565507888794 91.0709609985352 131.185070461697 125.33400417896 146.081286112467 134.20891418457 90.7311313524159 136.25313949585 174.699318885803 91.165835486518 124.224460470265 123.497730255127 137.237028757731 154.850392659505 132.287489318848 127.086719431776 114.160749175332 137.835160064697 76.0221026080295 50.288047933937 91.3742437055034 92.2931220576448 85.819593371767 96.1909168384693 0 0 178.132275899251 183.837620544434 177.153799057007 162.413837977818 160.776971236519 90.9710623847114 87.3815112061553 122.011514282227 157.924538421631 153.978340759277 169.851043438089 66.351249894721 109.47627397017 86.7342172047449 115.357726926726 155.500859578451 57.0250485215006 68.060199873788 100.665341879192 138.09766588713 157.901961777236 142.518158937112 89.4054619039254 81.2263088989258 91.2014030880398 105.672146172359 118.560783794948 163.63421985465 163.974871727728 144.376024807201 148.819169824774 109.013751754344 131.41817855835 186.576992458767 168.741106473483 88.1039740218167 29.8326381792441 21.1749480367004 107.727431188656 118.812342507499 180.941529707475 160.594446818034 175.632225581578 169.346666837993 166.514805385045 166.689425901933 169.101837158203 110.298740386963 181.819118499756 121.164958953857 150.642073313395 161.452490020217 0 0 0 192.28173828125 136.112121582031 144.405245099749 181.551561991374 202.332359313965 134.562552018599 131.678281784058 152.131651984321 173.047018051147 194.489956942472 0 200.020950317383 0 0 0 170.211946660822 175.925956726074 151.678147506714 160.099103711315 156.121208190918 157.172722355012 0 0 151.563026634422 153.837353926439 0 159.723175048828 166.52180480957 201.944427490234 172.867660522461 0 159.090148925781 0 138.924629211426 180.955950927734 169.427825927734 197.495686848958 0 197.526809692383 0 192.258221435547 196.214294433594 191.899887084961 199.288314819336 207.336696079799 228.474645996094 199.772050476074 0 180.325664813702 154.838653019496 0 180.106399536133 0 197.008758544922 0 200.621326793324 183.702763875326 0 170.391784667969 223.384399414062 207.451080322266 232.101547241211 221.107208251953 193.288400922503 231.219802856445 151.0101270832 148.472523673636 97.7660166422526 190.078071594238 225.767623901367 136.452900813176 170.202519734701 0 193.978173149957 171.495269775391 216.388067245483 208.167676925659 191.174629211426 187.749197823661 142.863146100725 159.799118041992 185.963920593262 178.177261352539 209.458638509115 172.301992416382
25.6521138157594 78.6741061210632 13.6461743273779 97.4804691515471 78.3897422341739 64.6442916416886 22.0374280533922 11.5720457414199 16.6754299830697 17.6797173777832 37.6175621506796 50.9265577490198 134.65499420166 162.744102478027 203.005111694336 169.83366394043 0 189.870290120443 191.472813924154 213.749618530273 121.815832265218 139.403594122993 168.412948608398 164.240112304688 148.790520477295 0 209.414810180664 170.51057434082 68.9002161767464 56.3343630500462 112.166348574454 97.8294668931227 102.363495358554 139.650046212333 182.736770629883 0 163.336984634399 162.502715759277 195.356521606445 0 95.3534276974127 160.421597072056 184.206734551324 113.762348175049 129.94284286499 211.447357177734 174.140121459961 189.109588623047 139.259647846222 145.624095569957 138.701868517645 157.99405258894 101.680827758597 81.0520426842474 116.781320937136 102.366539845424 111.987161196195 125.79936911843 0 0 158.73815536499 217.088153294155 208.264477199978 165.613511403402 175.494433085124 121.003703435262 100.712059843431 169.410873413086 190.349564985795 167.854389614529 161.018819536482 72.5846792385902 158.097878632722 114.159168897356 158.424650828044 181.404115464952 87.5153799790602 98.1337633999911 117.088022047474 167.781183242798 180.208459404077 162.50894970364 111.719105980831 103.029595605258 104.707305525727 112.549010416667 144.870260758833 177.103604007077 180.469391672235 179.946563720703 180.353312174479 128.602393698185 158.595565069289 181.505640302386 194.217523574829 126.525433957577 45.7833915040607 44.7353874796026 132.978765713967 122.481353759766 156.059292540258 155.044473648071 164.477795036472 162.127258664086 157.742261250814 156.110377582152 127.339732578823 101.659625022642 148.02731340985 109.5217192455 134.724925062391 155.2577716654 0 0 208.823394775391 127.649784088135 0 159.056416829427 219.351837158203 244.049179077148 209.97270711263 171.113945007324 150.627882385254 208.481384277344 192.030082702637 0 0 0 0 0 180.60479927063 0 142.991926284063 172.905308810147 133.247039794922 195.522391001383 0 0 173.619778951009 196.372116088867 0 210.963851928711 0 212.003036499023 198.821047973633 0 171.922264099121 0 156.924431800842 200.19367980957 194.681129455566 0 215.106178283691 205.701583862305 0 0 229.899803161621 211.365005493164 184.91934967041 228.649805704753 223.976409912109 200.9270362854 110.49186706543 176.199794769287 152.856292724609 0 0 200.56120300293 0 136.451843261719 202.311849975586 207.674681345622 222.070785522461 208.785636901855 0 236.715591430664 0 206.820434570312 229.954566955566 0 153.863363986545 182.108518160306 143.088416099548 0 0 156.259244441986 206.781567382813 198.040191650391 226.690301895142 214.296897888184 216.011322021484 221.951243082682 0 164.418590000698 104.866658137395 143.873244694301 209.949335734049 191.004089355469 0 190.753011067708
59.7385148413387 84.436772664388 59.8057556152344 105.868997573853 86.1076552073161 74.2898396672429 9.77401821544062 16.6754299830697 5.23677095740182 18.4712030248756 40.9676517254205 61.966542412253 85.884149017334 186.950805664062 188.479782104492 0 134.331848144531 0 191.494364420573 0 87.1435470581055 91.2182218763563 146.718601226807 0 107.006828308105 0 0 234.703514099121 80.7802241325378 65.0039346483019 68.6300282478333 64.8470230102539 79.5581085898659 108.060241699219 0 0 0 172.857360839844 0 0 111.993541445051 115.175024414063 128.395427280002 86.6672230675107 112.902072559703 142.465999603271 0 149.699951171875 140.50787789481 110.905954756827 151.490219402313 153.455066680908 53.204350308255 73.9416850619846 97.2567894977072 119.037455240885 77.7821858723958 76.0380249023438 0 0 146.689331054688 156.165448506673 150.551895141602 0 204.705673217773 77.846677292225 99.4635950724284 88.8926467895508 180.037014007568 187.306465148926 156.886073521205 50.8908367485836 98.7857637405396 47.2944696988308 127.006700515747 143.864092145647 32.1568935485113 50.2100331442697 70.9694636027018 132.725181737712 157.227319335937 126.749073669434 134.828458150228 146.106263296945 114.743887528129 88.6230114528111 79.7201639811198 141.706112432917 139.922828765143 129.627234343056 139.94784599438 154.754005207735 166.385464477539 174.090784708659 146.081020355225 113.2629939488 13.0661693411288 16.4358630957085 99.6026316103728 177.104675292969 161.599487304688 0 145.53379313151 132.741439819336 95.9005355834961 134.285513741629 77.8335647583008 100.194822947184 0 95.464192199707 75.8478088378906 105.734495162964 0 0 0 98.1209945678711 0 121.315600077311 137.042189025879 0 117.267489115397 119.323476791382 114.636694590251 0 177.601867675781 0 0 0 0 0 0 0 0 152.019401550293 0 173.058563232422 0 0 120.681025187174 156.200775146484 0 134.025901794434 0 0 107.652454376221 162.781997680664 143.640920003255 0 98.8881642958697 134.677810668945 146.993301391602 175.050315856934 164.119995117188 0 0 189.778381347656 218.009755452474 0 205.918309529622 219.765769958496 0 0 0 0 0 0 174.548207600911 173.799194335938 166.526794433594 0 170.574722290039 142.171813964844 0 0 181.015665690104 184.992623901367 227.358612060547 209.126777648926 170.551945277623 157.57568359375 128.5126953125 124.547714233398 62.027957035945 0 188.912353515625 116.043199811663 193.46664598253 163.830015182495 214.495295206706 0 0 198.403667449951 211.841857910156 0 107.131510734558 0 0 0 0 135.966049194336
37.3038832407471 85.6100304921468 16.4044114983561 101.386059728162 88.6972437488789 47.275365723268 32.1747145591564 17.6797173777832 18.4712030248756 8.92193066150361 14.4566786497801 23.5405411276544 82.3407669067383 118.057910919189 176.896982828776 161.757354736328 131.869178771973 170.104650497437 98.993049621582 206.08780670166 99.2321497289146 112.527798255285 132.924667358398 205.177406311035 111.057239994858 218.159339904785 185.586512247721 172.801457722982 79.7692668744585 92.3895565080054 87.7143130418731 66.3052601637664 55.7133463554576 100.934674263 0 0 163.418304443359 110.551453797714 176.153854370117 0 102.220167777908 0 170.756149291992 103.423232608371 117.310145568848 0 176.448196411133 174.679077148438 147.151821681431 127.043017754188 146.651744570051 161.621064645273 100.585629217965 93.7820408933906 120.532317539431 112.050052032471 108.506561279297 131.886980692546 204.2958984375 0 0 193.092742919922 171.340703328451 208.82593536377 175.358966827393 102.203887939453 100.039893478644 155.176513671875 172.884917449951 193.781932285854 178.505611843533 34.567099898049 109.514046139187 82.426360918128 126.27197992234 151.224116007487 43.9694076403975 78.3372283935547 64.071097616422 143.56485303243 182.27441301017 138.778314317976 120.963094779423 105.986096341845 110.155942780631 99.0670683119032 135.6322878883 172.025751241048 170.470436943902 154.986088679387 180.25167388916 134.943777356829 162.383956182571 215.966150919596 178.466049194336 97.8229002422757 20.0918737470391 46.9891386591171 94.8574718392414 127.726106916155 130.097346599285 136.646149083188 134.645050976727 135.306227810412 136.619868370794 130.720716428429 110.639872853349 81.1139908117406 70.2411741715744 89.54944919183 113.798506496715 128.700385182174 0 0 0 0 0 168.417320251465 231.795227050781 176.759017944336 163.360683986119 168.906865437826 157.915262858073 168.920855204264 188.688461303711 0 0 0 0 0 147.169710286458 161.461463928223 124.123063255759 135.213877493875 0 175.697564697266 0 0 178.336563110352 169.304977416992 0 0 199.359710693359 162.831722259521 173.620812988281 0 134.216842651367 0 157.254011154175 154.102996826172 210.105712890625 0 0 227.586135864258 0 183.816093444824 0 191.990249633789 203.798553466797 235.440368652344 181.409353256226 160.117248535156 166.342664082845 143.444669451032 216.778472900391 0 0 246.648284912109 0 0 199.125556945801 168.223197937012 175.460746765137 244.818939208984 0 190.545127868652 228.027114868164 206.887018839518 211.789962768555 221.199295043945 115.177947468228 189.177165985107 108.791721343994 197.871307373047 185.285034179688 119.275863647461 205.052281697591 166.417961120605 209.520604451497 0 196.323463439941 213.164255777995 0 191.116561889648 75.0159252445872 109.832676391602 164.906707763672 152.689559936523 0 178.631681442261
75.2097524619964 85.8043930053711 61.3587493207081 85.5395858071067 53.565939469771 45.6322814185838 43.8307798531405 37.6175621506796 40.9676517254205 14.4566786497801 8.91745661520734 19.0461257376828 95.9939532809787 81.2038497924805 113.206253051758 78.1864929199219 81.3666305541992 144.701067606608 136.005126953125 222.098358154297 95.9477359937585 92.9837010123513 145.311706542969 0 86.0765728759766 0 186.151947021484 220.560729980469 91.7122687171487 74.139628509977 65.3915546962193 58.3372945785522 53.635280731881 61.9741727655584 0 0 76.2036590576172 96.9193972074068 248.549880981445 0 88.3398598651497 0 0 57.4549088911577 114.202819375431 212.582000732422 159.877990722656 150.537185668945 126.031475067139 118.365112304688 158.696113077799 163.810848999023 114.540294647217 105.409390325132 136.499941507975 113.186432520549 140.278821309408 105.627766132355 153.145874023438 159.214859008789 230.100540161133 0 203.767303466797 0 145.168482462565 88.0480901930067 110.008724581811 0 154.966636657715 183.33032989502 172.159967041016 22.7812350539861 78.2526107201209 48.8980308850606 83.0183122158051 122.747915267944 22.9228877268586 55.8392193681103 37.6697863971486 142.00485534668 182.463427734375 133.309721984863 134.509239349365 104.282367359508 108.200882299622 89.2440183124845 117.082075500488 151.835538736979 145.487676620483 135.334220083136 163.046544075012 150.405884636773 199.463241577148 0 0 64.8912095801775 27.0063603049458 59.7173124987208 93.4169413884481 131.225288391113 135.691878740178 127.226661682129 137.947954441474 134.70604131918 135.039783477783 132.187951349579 121.518819173177 87.0182680130005 123.807784340598 96.7677047035911 115.423285663992 128.210713005066 0 0 0 0 101.789596557617 120.927337646484 139.538818359375 0 145.779387156169 131.422904968262 127.504520840115 142.922805786133 163.700037638346 0 0 0 0 0 135.474642320113 139.145435878209 125.354839324951 124.834600214373 0 118.700285169813 0 0 125.106582641602 129.745355606079 0 142.088912963867 0 191.411212921143 163.420291900635 0 167.17790222168 0 115.604858398438 172.645782470703 136.73681640625 0 0 209.569290161133 0 150.919723510742 0 0 0 219.789390563965 197.948603312174 165.594635009766 0 149.712138875326 0 0 0 0 0 166.994323730469 174.427877807617 167.117023468018 0 0 0 247.469985961914 238.006057739258 0 165.114410400391 154.839385986328 102.094303871269 122.051360236274 76.8964614868164 0 0 117.261970968807 0 0 197.217041015625 172.766883850098 189.217330932617 193.794677734375 0 133.998580932617 76.6162994269169 120.930271402995 247.772399902344 153.583999633789 0 144.009071350098
53.4991517943155 55.2006887983706 30.0651520252693 48.1583503383191 60.3781253911161 34.697822320365 70.8172872055995 50.9265577490198 61.966542412253 23.5405411276544 19.0461257376828 14.8138129338787 98.1685355691349 118.71826578776 129.858998413086 116.454504830497 123.11395072937 129.077007880578 103.909101926363 148.187397956848 115.147611444647 109.780551516456 124.630909312855 174.873766422272 109.330902017573 157.001514434814 168.404341125488 149.787036015437 98.3074820345433 74.3795429270299 65.8798396345781 40.3323264762473 48.3170137853222 78.9397344836941 183.137222290039 99.1998023986816 100.620758056641 89.7285674017095 132.169394175212 161.987165971236 103.445036774202 163.789929199219 177.512437086839 81.1950440979004 123.48777369449 134.105497572157 142.761278152466 165.394006184169 164.12504599435 144.508006095886 163.474578322026 186.756281738281 138.47683774508 121.134834289551 143.429578637564 123.287090643128 101.56647951309 61.5778531294603 0 0 136.526107424781 182.12463113536 188.82644144694 193.876150767008 148.559998483369 101.02366104126 114.094618614684 148.724421546573 151.383092920831 189.159439934625 181.642878265381 25.5517462620921 78.1121827546045 70.4701814810435 91.7796663663634 155.475707567655 46.7361616219852 68.7968482251437 63.6260871976502 177.252862548828 192.750059027421 154.435447692871 142.986909279457 123.742371335943 120.283451087382 99.9525580881764 136.62957469204 186.006779580221 184.520038604736 161.534786571156 168.863038314016 157.198540351294 184.204828898112 199.486612955729 192.766739555027 65.3239864540882 53.8886056582438 81.3164681493922 100.875294754678 113.77281535222 156.807201334363 156.595262799944 158.244425140333 157.018754852539 152.38891162043 152.903452545304 144.402889844053 110.101673657381 117.796924814527 114.282366849735 134.168914927993 146.580712964898 0 153.960205078125 156.039835611979 180.456548055013 140.344673156738 174.710895885121 145.092409470502 169.698918660482 152.148750500801 162.499371248133 154.109439143428 167.751634385851 169.299671638303 202.802505493164 156.573759896415 0 0 0 157.937848014393 160.751295347471 137.823229395549 138.809699248035 122.770385742188 140.725470640221 210.961074829102 0 142.381767272949 154.370359084185 180.792770385742 163.475638495551 175.257019042969 184.974015977648 164.026526593147 191.114110310872 167.595011393229 0 133.370051235623 182.608796339769 163.561147836538 197.434455871582 0 206.712310791016 0 185.863252912249 223.000840759277 217.677032470703 216.756790161133 241.099754333496 199.154211997986 185.582980564662 179.066822814941 160.248904751656 141.087497117784 153.46403503418 172.131397247314 203.741500854492 219.010360717773 0 186.233656805915 164.454008269728 176.942969185965 170.115628560384 0 189.061037699382 223.024929046631 202.146606445312 213.195409986708 209.812395095825 127.606514441153 138.225142542521 94.4660625051945 188.422390864446 201.208879743304 119.387344489663 210.599614461263 200.676328386579 217.955979410807 187.262606811523 201.751822509766 210.090151977539 196.670257568359 151.308500600416 96.6474029669601 144.925244166933 189.550091255002 168.635013927113 197.940158843994 169.28974868312
193.205520629883 0 178.140670776367 0 190.362342834473 106.051628112793 96.6691640218099 134.65499420166 85.884149017334 82.3407669067383 95.9939532809787 98.1685355691349 8.0503031096498 0 93.0171142578125 50.0164407383312 94.5293111801147 25.2853324705808 19.7525847336748 70.0420680999756 218.671539306641 128.547046661377 108.833690643311 74.6946682400174 196.599815368652 114.50951385498 71.1062913782456 64.4449426923479 175.774639129639 132.27321879069 108.18921661377 85.5914916992188 85.3843161265055 152.458198547363 0 0 81.0997234980265 74.1583438548007 65.9041485105242 0 103.956098937988 70.7862981160482 73.2007895824956 26.7552329169247 23.817311424662 17.2455443379546 180.165786743164 154.273648262024 85.2272291183472 49.472316439912 111.995051383972 117.557531356812 127.617999267578 161.697296142578 150.735733032227 0 0 88.6415176391602 0 0 78.7803616902185 114.986945016044 71.7199325561523 79.0248324076335 76.5744619823637 22.1533349445888 178.799789428711 131.02262878418 130.760681969779 0 109.970182691302 87.1355802263532 75.6050671205682 41.8586142047759 116.803690592448 112.348825153552 74.1245613268444 41.696574053718 75.4493386203912 96.8111220911929 108.707022927024 70.1605684540489 186.453414916992 161.601303100586 191.507034301758 153.117618560791 0 91.2221689446028 80.9070182337905 64.9842687681609 59.1791636814791 105.968859354655 111.087710062663 141.478790283203 81.9354302332952 128.702809143066 78.888777364896 100.501333485479 187.442474365234 0 188.684329986572 0 0 0 146.299060058594 155.784400939941 0 112.336802482605 0 0 147.559982299805 159.722158813477 100.996208190918 92.0119603474935 65.9727731063227 92.2117135184152 139.319969177246 90.8872325435566 123.542728077282 80.0734997928284 126.170446590501 86.1480189125536 103.916087024617 0 155.221530914307 137.742046356201 0 91.8130512237549 0 100.449936760796 184.278708321708 246.533798217773 157.021423339844 134.483774820964 133.255928039551 144.193034362793 0 111.302783966064 127.092718644576 121.040830884661 79.1417170648989 135.107564290365 87.9946564595411 164.572525024414 92.812255859375 118.125723227476 63.9926036091174 56.8285735801414 81.8600939489929 83.9498715926247 159.109175109863 144.264960289001 137.480954488118 132.370849609375 184.542907714844 117.844078540802 142.919082641602 0 132.606959533691 148.655512641458 216.939086914062 194.210678100586 135.77326965332 0 139.898872375488 135.612396240234 77.3480913043022 106.174401212993 120.288235982259 33.612801681555 173.323806762695 158.978425979614 182.012359619141 161.079767862956 117.407898426056 91.8484713532204 168.163181304932 154.426258087158 94.5085315321344 106.03000831604 131.111342112223 118.171278665232 36.1306642138002 0 103.025522322882 107.405811309814 120.023302078247 84.141206741333 138.119559438605 0 0 125.957955697867 161.296356201172 145.055560302734 109.98433303833 120.45947265625 176.870269775391 0 131.590746561686 143.989135742188
