39015 6792 10415 6326 2768 2588 8425 11983 214 930 54 1701 5 27 26 36 11 9 11 2 121 75 18 34 56 3 27 38 8539 11858 1007 90 205 16 6 1 7 32 69 8 724 21 49 1 20 36 19 100 78 12 217 527 1254 1008 572 406 155 5 4 3 58 96 81 13 95 3 602 8 83 249 109 152 38 25 38 58 49 1 59 51 495 30 1509 893 1296 465 40 157 117 40 103 550 380 70 60 281 329 1341 193 19 35 6 112 145 10 326 6 15 39 57 96 294 0 0 2 0 3 1 4 4 19 2 2 12 6 0 2 1 1 1 18 0 31 56 0 15 0 0 16 18 1 6 5 15 11 2 6 1 10 26 6 4 5 4 1 1 17 5 12 4 11 10 6 11 9 0 3 2 0 2 13 6 4 5 6 7 5 0 13 2 159 33 8 2 2 48 3 2 8 3 18 2 1 4 119 7 27 3 1 1
6792 12634 3106 13500 1818 2874 342 228 54 42 10 910 0 1 1 3 0 2 0 0 38 16 2 3 12 0 3 1 668 3315 230 14 21 2 0 0 1 1 5 1 228 8 7 1 3 5 1 18 15 3 44 91 157 149 108 125 32 2 0 0 11 12 11 0 7 1 165 0 3 44 20 35 2 11 11 22 9 0 9 8 98 6 287 249 425 179 9 48 37 12 26 130 91 15 6 31 255 139 56 9 43 10 125 153 18 322 12 8 32 70 89 354 0 0 0 0 0 0 0 0 0 0 1 6 7 0 0 0 0 0 15 1 29 53 1 5 0 0 10 4 0 1 0 9 11 0 1 0 0 3 0 0 2 4 0 3 2 7 1 0 11 9 1 14 5 0 0 1 0 1 14 4 1 0 0 0 2 1 1 0 147 12 5 3 1 53 0 0 4 1 19 0 0 1 111 12 16 1 0 0
10415 3106 15823 3221 93 4032 218 3962 55 4240 50 23015 0 0 2 1 0 1 1 1 54 10 1 8 15 0 3 2 534 206 68 8 15 1 0 0 0 2 3 2 264 7 6 1 10 3 3 17 22 5 56 122 154 166 142 144 52 1 0 1 8 13 2 5 3 0 206 3 4 66 32 36 6 14 15 20 20 0 22 13 141 8 386 294 518 175 8 62 45 15 32 151 128 23 14 23 258 134 56 10 62 11 159 196 19 359 22 12 51 91 123 426 0 0 0 0 0 0 0 0 2 0 0 7 4 0 0 1 0 0 20 1 31 55 0 9 0 0 7 7 0 1 0 12 11 0 1 0 2 1 1 2 1 5 0 0 1 7 5 0 7 7 2 10 8 0 1 1 0 0 7 5 0 0 3 0 1 1 3 0 166 25 9 0 1 56 2 0 6 0 17 0 0 4 143 13 22 5 0 1
6326 13500 3221 10359 6243 7826 56 63 47 34 10 2964 1 0 2 1 0 2 0 1 41 12 4 3 8 0 2 3 181 695 1360 8 14 0 0 1 2 2 3 1 223 2 3 0 2 4 1 5 12 1 24 55 68 55 64 82 20 0 0 0 4 7 6 2 3 1 117 3 2 34 22 31 4 9 11 13 10 1 10 1 74 5 168 192 352 176 2 22 20 6 17 65 53 14 10 21 193 79 43 3 29 5 110 139 13 272 13 8 25 52 96 329 0 0 0 0 0 0 0 0 0 0 0 7 5 0 1 0 0 0 15 0 36 50 1 2 0 0 4 3 0 1 0 11 10 1 3 0 1 1 0 0 0 5 0 1 1 5 1 0 19 13 2 14 3 0 0 0 0 0 11 0 0 2 0 1 0 0 0 0 123 16 8 1 0 38 0 0 2 5 10 1 0 2 118 10 16 3 1 0
2768 1818 93 6243 10771 7953 492 196 52 70 46 2031 4 50 49 47 16 12 9 9 139 142 10 36 51 0 36 83 2530 6705 11249 314 620 37 18 6 19 72 117 16 432 9 65 0 8 45 30 92 28 5 44 120 265 209 130 174 2419 14 5 0 54 130 139 30 181 7 511 30 172 95 67 367 100 15 132 33 8 1 102 6 124 9 406 367 738 457 30 54 39 20 63 141 96 21 81 2781 161 166 230 44 37 6 79 98 12 234 7 6 19 39 73 290 0 0 9 0 5 1 2 12 23 7 4 18 13 0 3 1 0 2 15 1 33 81 3 27 0 0 31 45 3 6 3 20 17 4 5 3 17 51 6 1 1 3 0 2 4 11 1 1 12 11 3 18 14 2 15 7 3 1 27 4 3 4 3 15 3 2 26 2 171 49 14 3 2 69 1 2 7 3 24 2 1 9 101 9 32 9 3 0
2588 2874 4032 7826 7953 23573 415 459 202 1193 316 19675 16 31 42 21 17 28 35 16 214 233 18 49 71 3 12 29 1015 1789 4037 2598 2351 95 6 4 45 221 124 7 565 21 143 16 14 83 16 87 45 12 57 134 183 221 120 219 195 34 3 6 65 120 108 24 114 15 417 12 173 109 85 1862 339 55 77 29 69 1 427 10 164 9 423 403 841 488 26 50 42 18 122 193 141 36 153 1475 625 329 331 15 98 23 269 329 48 703 28 19 64 120 282 849 0 2 8 1 6 3 7 15 41 15 9 47 38 0 16 2 4 5 74 4 120 222 3 79 1 0 74 103 3 9 8 52 60 1 12 7 38 85 16 0 3 11 3 4 15 26 1 1 65 35 11 46 26 6 23 6 1 9 40 18 9 3 4 23 12 1 35 8 563 168 40 4 6 220 2 1 7 17 71 1 1 11 329 32 69 15 1 6
8425 342 218 56 492 415 15928 11673 1524 4507 656 1150 0 2 11 4 1 2 2 0 21 17 5 12 15 0 2 11 5087 910 194 30 44 5 2 1 2 6 17 1 94 7 16 3 25 9 2 27 20 17 72 199 2085 983 682 58 40 2 1 0 11 24 23 9 23 13 87 3 26 69 29 235 13 33 19 14 330 6 119 23 125 16 635 211 222 71 11 47 28 10 26 176 146 30 10 85 1554 5552 33 13 6 1 10 12 4 31 2 0 2 1 16 33 0 0 1 0 1 0 1 1 2 0 1 3 4 0 2 0 0 0 3 0 7 11 0 3 0 0 5 8 0 1 0 0 6 0 0 0 4 6 3 1 0 0 0 0 7 1 5 4 2 0 0 4 4 0 5 0 0 1 3 1 2 0 2 3 1 3 2 0 27 11 5 0 1 9 1 2 5 1 2 2 0 2 12 3 6 1 1 1
11983 228 3962 63 196 459 11673 33722 1153 19623 1261 3941 2 1 6 3 1 0 0 0 22 12 5 8 9 0 0 3 1213 767 85 14 16 4 0 0 1 4 12 3 183 8 9 1 16 9 5 32 27 11 125 318 707 526 334 130 45 2 0 1 14 19 17 3 12 5 203 7 10 98 46 102 3 15 18 20 146 2 44 19 238 18 799 404 438 106 16 77 52 23 45 249 198 42 10 52 449 1636 54 11 8 3 22 29 4 65 1 2 9 14 31 73 0 0 0 0 1 0 0 0 2 1 0 3 2 0 0 0 0 0 1 0 6 19 0 6 0 0 3 4 0 1 0 3 4 1 2 0 1 2 1 2 3 0 0 1 1 1 4 1 2 1 0 4 3 0 1 0 0 0 4 1 1 0 0 1 2 2 1 0 40 8 2 0 1 10 2 1 7 1 6 5 0 0 24 3 6 1 0 0
214 54 55 47 52 202 1524 1153 1697 1500 247 866 26 0 1 0 0 0 0 0 5 8 0 1 7 1 1 0 115 53 19 20 33 1 0 0 0 8 2 0 11 0 6 4 149 5 0 3 2 100 8 28 68 28 34 6 14 0 0 0 2 2 4 0 1 82 50 0 3 7 4 535 21 247 1 0 915 64 387 43 40 74 41 25 28 15 1 37 7 31 18 11 15 0 7 11 3755 2664 21 1 1 0 10 5 1 24 0 0 1 2 5 24 0 0 1 0 0 0 1 1 4 6 4 2 2 0 1 0 0 1 3 0 5 22 0 9 1 0 8 8 0 3 0 2 8 0 0 0 5 1 0 0 0 0 0 1 7 0 4 2 1 2 2 1 2 0 1 0 0 1 3 1 1 1 1 1 1 1 1 0 42 25 8 0 0 23 1 2 3 4 8 0 2 1 25 1 10 2 0 1
930 42 4240 34 70 1193 4507 19623 1500 25145 8338 22180 0 0 0 1 0 3 0 0 7 7 2 4 3 0 0 4 417 95 52 15 10 0 0 0 0 4 5 2 53 3 9 2 17 7 1 8 5 3 49 129 447 228 141 35 14 1 0 0 2 7 6 1 5 8 45 3 8 34 17 562 6 27 8 6 783 1 217 12 85 3 315 109 126 34 3 35 21 13 11 88 77 18 11 14 2760 1718 17 2 12 6 60 86 10 158 4 5 24 32 61 176 0 0 0 0 1 0 0 0 2 0 1 5 3 0 1 0 0 0 10 0 15 31 0 7 0 0 10 4 0 0 0 4 13 1 2 0 1 3 3 0 1 2 0 1 2 9 4 2 9 0 1 9 1 0 0 0 0 2 7 4 0 1 0 3 2 1 1 0 73 19 6 0 1 19 1 0 0 1 5 0 1 1 69 2 12 2 0 0
54 10 50 10 46 316 656 1261 247 8338 6074 7220 5 0 1 0 2 0 1 0 5 7 0 1 5 0 1 0 92 23 26 17 7 0 1 0 0 5 2 1 22 1 5 3 29 5 1 5 2 12 8 13 63 46 22 5 3 1 0 0 1 6 4 0 7 9 16 0 0 5 3 361 3 52 0 1 767 40 112 4 11 12 48 29 24 6 1 7 5 4 2 21 8 2 3 6 1599 363 8 1 25 2 86 64 4 151 4 5 14 33 55 172 1 0 0 0 1 0 0 0 0 3 0 4 5 0 1 0 0 0 12 0 15 35 0 7 0 0 8 4 0 0 0 9 6 0 0 0 5 2 0 0 0 0 0 0 3 4 2 1 14 7 2 2 4 0 2 0 0 1 5 5 2 1 0 3 1 0 2 0 121 13 7 0 1 31 0 0 2 2 12 0 0 3 75 8 22 1 0 3
1701 910 23015 2964 2031 19675 1150 3941 866 22180 7220 28132 37 31 59 42 44 26 45 25 207 242 16 54 73 0 8 42 1268 614 1161 2426 4081 173 7 6 55 356 133 8 608 26 107 36 46 66 26 84 42 27 63 165 297 317 181 200 224 112 2 6 59 108 113 23 157 21 495 18 148 99 76 3982 569 232 195 43 492 32 836 23 170 26 507 451 766 429 31 75 51 28 114 199 121 26 161 2682 3066 1068 309 25 180 53 518 696 100 1371 57 39 152 238 525 1756 1 0 10 5 14 2 13 30 45 20 7 91 103 6 40 3 0 3 145 4 242 619 7 183 0 0 169 132 5 14 7 100 153 4 24 8 63 104 15 0 1 37 0 4 17 97 4 7 156 91 11 95 89 4 18 15 1 18 107 53 13 11 4 17 31 3 51 2 1273 403 96 17 10 476 5 5 8 38 152 3 5 48 772 53 209 41 5 12
5 0 0 1 4 16 0 2 26 0 5 37 6992 0 16 14 26 1333 4956 137 2 1 1 34 3 0 27 29 9 0 5 6 44 3 3 0 7 130 48 2 33 14 64 6056 6858 4361 3 6 24 420 5 15 2 2 0 0 8 4 2 1 28 17 18 45 73 2385 4 2 45 9 11 192 675 642 5 5 775 164 1343 53 48 82 4 2 3 2 1 91 54 203 246 38 4 13 104 4 149 22 2 1 1 2 0 1 2 1 0 2 0 1 1 2 16 41 753 16 15 101 13 910 84 974 24 2 2 3 2 31 3 60 10 4 4 7 0 4 4 3 17 52 115 6 103 1 3 19 85 52 114 1564 7 7 19 1 0 14 9 0 4 10 1 1 0 0 3 2 107 86 17 425 3 7 8 3 28 135 3 9 294 21 2 5 116 2 52 7 3 16 42 0 2 39 7 9 0 0 5 0 1 0
27 1 0 0 50 31 2 1 0 0 0 31 0 12815 9411 2212 871 161 25 32 15 23 169 146 22 10 614 2703 203 138 113 29 137 1193 4662 8377 1056 173 235 994 241 12 83 1 4 57 668 26 15 0 2 0 10 13 4 10 145 1108 2421 2741 32 52 161 95 422 5 47 561 140 24 7 3 9 1 1461 9 0 0 5 0 6 0 14 12 19 12 6 5 11 4 27 31 5 18 92 270 1 2 7 8 0 0 0 0 0 0 0 0 0 0 0 0 1 2 2 13 3 18 9 13 33 101 46 4 5 0 5 1 1 3 2 0 0 2 0 2 1 1 3 19 1 1 2 0 0 2 0 1 26 24 1 0 0 0 0 0 0 0 0 0 0 0 0 1 0 0 7 2 0 4 1 0 0 0 6 7 1 0 6 2 0 2 5 0 2 1 0 0 3 0 0 0 0 0 0 0 0 1 1 0
26 1 2 2 49 42 11 6 1 0 1 59 16 9411 19403 13374 1901 831 577 1173 100 163 632 403 54 74 1117 4883 77 89 79 25 147 572 2081 1171 970 203 917 768 1082 124 204 70 10 119 294 89 126 6 9 3 7 7 4 4 67 552 511 1191 220 148 247 72 592 5 16 167 304 148 51 8 38 20 784 45 0 1 6 0 45 1 12 17 16 19 4 30 48 14 108 226 40 105 163 173 0 2 19 5 1 6 0 1 0 3 0 0 0 0 0 5 44 19 40 54 33 41 96 53 275 302 214 28 29 14 61 12 14 18 21 2 6 2 4 5 16 11 15 88 21 77 21 2 7 13 6 0 109 82 28 1 4 3 0 0 2 2 0 1 1 0 0 3 3 6 16 28 7 6 13 17 10 17 3 33 5 3 24 1 4 9 21 9 7 6 1 0 8 6 5 4 5 4 0 1 16 0 2 11
36 3 1 1 47 21 4 3 0 1 0 42 14 2212 13374 20155 218 7248 4778 296 22 44 271 605 30 50 1443 4190 73 58 51 20 117 277 394 79 675 243 4309 520 899 280 365 32 19 370 131 128 147 5 11 6 6 11 5 5 44 276 60 478 721 163 296 166 570 10 21 75 315 223 51 6 41 7 517 70 2 0 8 0 67 2 16 7 14 16 5 51 53 16 111 371 68 192 277 133 3 3 12 5 0 2 0 0 0 0 0 0 0 0 0 3 54 50 233 47 9 59 17 267 77 468 68 6 5 4 25 33 17 88 5 3 0 3 0 0 14 9 5 37 88 24 47 1 3 12 8 28 81 268 10 8 9 0 0 2 0 3 0 2 0 1 0 0 4 3 20 44 8 25 2 3 1 4 4 41 1 1 15 0 8 7 14 2 5 2 2 0 12 2 1 5 8 2 0 0 2 3 0 0
11 0 0 0 16 17 1 1 0 0 2 44 26 871 1901 218 4771 408 3254 1260 23 97 270 59 52 15 53 51 18 12 10 8 75 153 71 430 1418 287 48 325 285 8 36 278 15 75 174 5 5 5 0 0 1 3 0 2 8 78 56 610 50 2 16 13 25 3 3 12 17 8 3 9 83 35 167 5 0 6 14 0 4 2 2 1 5 5 0 3 4 3 8 10 1 0 12 68 0 0 10 0 2 8 0 0 4 4 0 1 0 1 2 3 47 16 31 59 53 36 113 41 376 258 295 35 47 36 80 12 16 20 32 8 5 2 2 5 38 9 31 149 13 107 13 7 17 21 3 3 168 35 45 8 5 2 2 0 1 10 0 3 3 3 0 5 8 8 8 25 4 5 11 31 11 38 1 35 2 0 13 0 4 7 28 10 0 3 0 2 2 19 4 5 6 7 3 1 41 17 3 7
9 2 1 2 12 28 2 0 0 3 0 26 1333 161 831 7248 408 17418 7545 771 6 44 80 1323 34 37 2313 665 38 12 14 7 74 57 280 12 603 621 5325 340 518 214 990 534 59 3660 80 127 165 11 9 7 5 10 2 3 25 55 33 58 5459 145 214 543 640 244 31 41 565 113 42 19 325 114 84 88 11 20 78 1 93 1 7 12 9 18 3 30 48 22 194 327 43 81 341 26 1 2 22 6 1 5 0 0 6 7 0 1 0 0 1 6 76 204 1907 84 19 260 22 1669 214 2084 54 10 4 9 10 128 9 545 19 11 8 8 2 4 42 13 18 124 604 16 456 3 10 27 67 182 253 1861 6 6 10 2 3 7 3 3 0 1 1 2 0 2 9 9 74 280 34 362 2 11 13 6 16 176 7 8 80 2 6 7 100 6 11 7 1 2 18 3 1 12 6 6 1 0 5 2 0 1
11 0 1 0 9 35 2 0 0 0 1 45 4956 25 577 4778 3254 7545 64083 5314 26 133 142 245 56 37 428 95 10 8 9 10 136 25 116 3 488 1491 66 277 218 57 171 10617 829 3440 61 21 52 145 3 15 2 3 2 5 10 12 12 13 124 12 55 108 59 299 9 11 35 21 9 69 1171 1317 16 13 18 575 301 25 36 62 3 2 9 15 2 52 47 97 201 67 6 21 131 21 6 1 15 1 8 30 0 0 11 20 0 1 0 2 5 27 593 547 2585 575 162 853 386 2149 1365 7669 1079 88 125 81 301 197 146 840 112 20 17 26 4 25 303 63 116 532 350 356 222 16 65 112 91 419 1378 1301 116 20 18 11 3 8 8 14 1 9 12 6 0 8 22 65 70 300 51 303 37 79 37 82 34 180 10 3 127 15 27 53 453 36 17 29 2 10 23 26 10 22 25 34 6 3 100 23 19 27
2 0 1 1 9 16 0 0 0 0 0 25 137 32 1173 296 1260 771 5314 1445 35 107 183 91 46 47 75 13 9 7 1 4 35 22 53 35 135 126 31 310 228 17 30 577 92 122 82 4 13 12 2 0 0 0 1 5 3 23 10 56 39 5 9 22 17 17 3 11 5 8 1 7 125 125 41 9 1 35 28 2 5 6 4 0 5 4 1 15 9 7 21 24 0 8 21 13 1 1 11 0 4 10 0 1 2 9 0 0 0 1 2 8 163 66 101 198 59 68 168 71 571 779 381 55 59 31 165 34 58 92 24 4 2 4 2 6 90 28 24 170 22 159 26 2 31 44 13 27 297 80 65 9 5 5 1 1 6 4 0 2 4 9 0 4 13 16 15 59 8 13 17 53 16 35 4 67 5 4 23 3 4 7 48 12 3 7 0 0 2 12 6 7 10 10 0 0 45 16 9 21
121 38 54 41 139 214 21 22 5 7 5 207 2 15 100 22 23 6 26 35 4023 5475 1388 77 456 50 18 7 90 100 109 17 210 135 2 5 106 261 9 115 2073 16 29 10 1 13 44 7 11 2 3 4 9 16 23 473 56 27 9 31 7 18 36 7 24 1 45 19 11 12 7 43 162 39 237 4 25 0 33 2 9 0 94 53 4359 1553 54 6 6 2 11 20 7 7 36 238 27 10 1146 28 3 3 0 2 5 4 0 0 1 1 2 13 0 0 0 1 12 2 13 1 41 5 13 7 14 1 8 2 2 2 12 0 11 17 0 17 1 0 50 79 0 9 0 5 5 2 1 3 26 6 10 0 0 1 0 0 1 1 0 0 3 0 1 2 3 2 4 3 1 0 7 7 4 9 2 2 1 0 1 0 22 39 26 2 0 16 0 0 0 2 5 0 0 5 4 1 12 4 1 4
75 16 10 12 142 233 17 12 8 7 7 242 1 23 163 44 97 44 133 107 5475 28204 7099 746 8879 1255 187 13 149 99 122 71 848 1028 13 12 566 1822 47 2734 1554 191 346 116 10 68 290 64 173 2 9 16 32 29 21 178 108 118 23 189 84 95 253 88 36 8 147 96 35 180 27 108 671 189 807 89 23 1 124 2 52 1 119 172 2646 2187 271 52 85 22 137 204 61 129 445 449 60 13 5420 63 5 19 1 0 9 16 1 3 0 1 4 25 6 3 7 19 51 16 75 9 278 86 133 59 54 11 48 3 2 6 47 7 24 32 5 33 5 0 138 286 3 61 2 9 36 4 4 2 176 18 48 3 4 1 0 0 1 5 2 3 12 4 1 8 20 6 10 5 2 1 21 23 19 47 6 18 4 0 15 0 37 86 94 17 5 45 2 1 8 10 14 4 2 10 13 4 53 22 4 13
18 2 1 4 10 18 5 5 0 2 0 16 1 169 632 271 270 80 142 183 1388 7099 8846 5030 803 5390 528 32 38 13 14 5 57 114 42 57 402 324 63 2607 5792 2179 335 30 5 59 118 24 261 0 8 6 9 17 12 17 40 25 20 146 54 31 65 19 19 2 49 18 15 47 10 11 61 16 65 30 2 0 12 1 26 1 21 34 131 147 38 31 52 14 89 317 29 76 203 38 2 1 327 12 1 2 0 0 1 0 0 0 0 0 0 3 2 0 4 5 10 5 11 5 37 24 29 3 3 0 4 1 2 2 6 2 1 1 1 4 1 0 20 25 2 3 3 0 2 1 2 0 13 10 13 1 4 0 0 0 2 0 0 1 1 0 2 0 0 1 3 3 1 0 2 4 1 3 3 8 1 1 13 0 6 7 10 2 0 5 0 0 1 0 0 5 0 0 2 0 5 1 0 0
34 3 8 3 36 49 12 8 1 4 1 54 34 146 403 605 59 1323 245 91 77 746 5030 8886 667 4997 3428 166 166 38 140 7 46 79 562 59 133 112 342 5212 1782 3564 1550 30 31 2107 878 45 503 1 6 12 57 79 30 23 355 85 227 62 1366 70 158 638 147 37 261 384 110 100 19 7 61 14 293 59 1 0 16 1 38 0 99 147 135 194 121 34 55 28 280 505 46 125 302 122 3 3 316 53 0 2 0 0 0 1 0 0 0 0 1 0 1 4 25 6 3 4 11 53 20 60 23 4 0 0 4 2 0 4 2 0 1 3 0 3 1 0 6 16 14 4 16 1 0 4 9 0 10 223 0 4 4 0 0 0 0 0 0 2 0 0 0 0 0 0 15 13 2 26 0 2 0 1 13 34 0 0 29 2 2 3 8 0 2 2 0 1 6 0 0 3 0 0 0 0 2 1 0 0
56 12 15 8 51 71 15 9 7 3 5 73 3 22 54 30 52 34 56 46 456 8879 803 667 13659 1537 148 16 231 38 143 8 159 110 15 8 174 426 12 2808 430 104 322 36 7 67 3346 37 87 2 18 33 121 163 50 124 457 25 53 34 68 57 246 112 44 3 642 191 24 121 13 17 162 82 254 44 15 0 29 1 41 2 327 535 1210 1948 2275 36 56 17 129 122 54 73 399 174 18 11 5768 201 3 2 1 3 3 4 0 1 0 0 3 13 2 2 2 12 29 10 44 7 134 58 77 9 10 1 18 0 1 1 10 1 6 10 1 13 1 0 55 125 3 24 0 1 8 2 2 0 59 16 9 2 3 0 0 1 2 2 0 2 2 1 0 3 5 0 4 2 0 0 3 4 3 8 2 11 0 0 9 1 19 29 41 3 2 17 0 3 4 4 2 1 1 4 0 0 7 7 1 5
3 0 0 0 0 3 0 0 1 0 0 0 0 10 74 50 15 37 37 47 50 1255 5390 4997 1537 4093 473 2 11 2 4 0 5 7 12 2 24 15 4 3531 612 264 176 9 1 27 60 7 62 0 0 4 7 8 3 3 17 3 7 4 13 10 28 8 4 0 24 6 4 13 8 1 10 12 14 13 0 0 2 0 5 0 8 23 24 43 11 8 13 8 25 31 7 22 82 1 0 1 90 3 0 0 0 0 0 0 0 0 0 0 0 0 0 0 3 7 5 2 4 0 24 24 10 1 0 2 0 0 0 0 0 0 0 1 0 0 0 0 2 12 1 2 0 0 1 0 1 0 2 3 1 0 0 0 0 0 0 0 0 0 0 0 0 0 0 0 1 0 0 0 0 0 1 1 0 1 0 0 6 0 0 0 4 0 0 0 0 0 3 0 0 0 0 0 0 0 1 1 1 0
27 3 3 2 36 12 2 0 1 0 1 8 27 614 1117 1443 53 2313 428 75 18 187 528 3428 148 473 21903 7887 290 62 211 5 36 190 3910 138 143 94 383 3013 298 96 1256 31 11 1064 785 13 42 0 6 8 39 58 13 9 408 245 524 155 152 52 269 3767 287 63 264 701 70 35 8 3 23 8 676 13 0 0 6 0 6 2 40 80 42 93 53 4 19 8 41 56 12 30 163 175 1 0 105 58 1 1 0 0 0 3 0 0 0 0 0 2 2 2 188 2 0 11 3 487 25 187 11 1 3 0 4 10 0 12 4 0 0 3 1 1 4 1 4 16 81 2 66 0 3 4 4 2 19 721 1 2 3 0 0 1 0 0 0 0 0 0 0 1 0 2 24 34 4 104 0 2 3 1 3 48 0 0 21 0 0 4 11 0 0 1 0 1 2 0 0 1 0 2 0 0 0 0 0 0
38 1 2 3 83 29 11 3 0 4 0 42 29 2703 4883 4190 51 665 95 13 7 13 32 166 16 2 7887 10849 283 167 213 22 109 450 1564 155 204 76 5907 202 111 39 250 8 14 1038 130 45 17 1 3 3 15 20 11 6 242 696 456 475 336 110 451 2388 2331 41 107 508 463 41 17 4 18 3 1246 15 1 0 4 0 11 0 28 22 27 25 6 8 9 13 46 40 6 19 93 304 0 6 15 33 0 1 0 0 0 0 0 0 0 0 0 1 1 2 220 6 2 8 4 581 30 206 7 1 0 0 0 30 0 39 7 2 1 2 2 2 0 1 5 14 140 2 133 0 0 9 20 3 24 1100 0 0 2 0 0 1 0 0 1 2 0 2 0 1 1 1 73 77 12 85 1 4 1 2 8 132 0 0 35 1 1 2 4 1 4 0 1 1 1 0 0 5 2 5 1 0 2 0 0 0
8539 668 534 181 2530 1015 5087 1213 115 417 92 1268 9 203 77 73 18 38 10 9 90 149 38 166 231 11 290 283 41151 8748 2894 125 503 26 72 14 26 64 198 115 247 37 241 7 25 111 267 221 69 14 138 309 6268 11513 1165 114 3773 19 49 6 110 509 1060 211 700 13 5035 286 576 341 110 328 64 77 666 73 59 2 110 31 251 11 1627 903 459 293 769 79 67 19 141 373 210 89 326 2096 290 4412 418 916 19 19 44 61 19 183 2 4 16 16 61 273 0 0 5 0 12 1 10 16 47 11 15 47 47 2 16 0 1 2 35 4 79 266 2 119 1 1 91 79 2 11 5 30 61 3 12 6 39 81 14 2 3 6 1 5 13 24 10 2 46 13 1 33 74 5 5 15 2 17 40 19 12 13 4 32 8 0 43 2 308 241 41 8 11 183 6 5 9 8 38 3 0 32 101 10 85 29 2 7
11858 3315 206 695 6705 1789 910 767 53 95 23 614 0 138 89 58 12 12 8 7 100 99 13 38 38 2 62 167 8748 18758 5150 79 272 31 22 9 22 50 157 31 427 14 83 2 4 46 36 151 30 10 58 176 482 434 192 163 3441 10 10 5 62 225 305 48 371 7 633 51 340 164 79 148 54 19 118 24 17 0 45 14 209 12 563 372 599 312 33 59 41 10 73 171 159 51 102 1653 120 292 183 59 9 7 45 67 14 158 8 3 21 21 67 192 0 0 8 1 8 0 5 11 23 9 12 15 20 1 6 1 0 1 19 2 27 54 1 19 1 1 23 53 1 13 6 18 18 2 9 3 25 52 7 1 2 2 0 0 3 7 4 2 15 9 0 9 7 1 8 5 3 5 10 5 3 12 4 19 2 3 19 0 155 36 10 5 10 41 1 4 2 11 17 6 1 5 68 4 27 7 0 1
1007 230 68 1360 11249 4037 194 85 19 52 26 1161 5 113 79 51 10 14 9 1 109 122 14 140 143 4 211 213 2894 5150 10193 95 451 23 77 13 15 70 139 120 452 24 191 0 13 88 239 113 25 5 42 112 261 329 117 166 7479 21 35 7 81 221 568 225 441 9 1292 436 310 144 64 175 70 19 837 42 7 0 46 9 135 4 429 548 758 611 696 50 35 9 106 170 89 54 194 7064 62 90 995 5197 17 6 35 34 9 90 0 5 7 27 26 116 0 0 4 0 7 0 2 8 18 4 6 11 11 1 2 1 0 4 11 0 23 40 3 13 2 0 24 42 4 5 6 9 17 5 4 0 19 76 5 2 4 1 0 1 3 5 2 0 6 6 3 7 7 1 15 6 0 3 10 4 3 10 6 27 3 0 36 1 86 37 14 3 12 20 0 1 6 2 6 4 1 4 45 7 20 3 0 0
90 14 8 8 314 2598 30 14 20 15 17 2426 6 29 25 20 8 7 10 4 17 71 5 7 8 0 5 22 125 79 95 3141 6316 204 2 6 10 161 22 4 45 2 22 2 1 21 4 10 4 1 3 20 29 34 14 9 16 1573 19 16 13 16 16 3 21 6 43 22 23 9 3 1490 380 10 915 6 9 0 202 5 13 0 36 35 43 28 2 6 3 1 14 22 4 2 29 1343 50 32 28 1 5 6 17 20 9 58 2 1 5 8 17 81 0 0 1 1 4 1 0 5 11 3 3 19 23 0 5 1 1 0 23 0 28 75 1 49 0 0 29 30 4 4 0 10 24 0 3 3 9 13 5 0 1 2 0 0 6 10 1 3 6 7 2 10 16 0 5 3 0 3 15 4 7 2 1 7 11 0 5 0 101 54 10 0 1 57 0 1 1 4 12 1 0 9 28 2 31 4 0 3
205 21 15 14 620 2351 44 16 33 10 7 4081 44 137 147 117 75 74 136 35 210 848 57 46 159 5 36 109 503 272 451 6316 14095 1728 19 23 141 2550 193 34 370 20 76 152 39 118 55 64 18 10 30 93 123 150 83 81 189 4349 81 75 87 68 94 35 205 17 263 139 160 59 32 3996 6063 402 4402 24 60 18 1232 10 98 8 259 211 443 271 31 24 30 13 54 108 62 17 100 4078 110 70 419 19 21 32 21 35 30 93 2 3 9 18 38 207 3 0 17 6 48 6 28 39 207 33 53 129 135 2 50 5 2 5 65 10 130 594 22 457 5 3 477 491 9 53 8 73 148 7 19 10 276 88 61 3 3 23 2 6 41 65 4 10 92 46 5 35 219 11 11 8 4 8 89 57 69 52 4 16 48 5 32 1 447 760 168 43 7 352 6 0 4 35 98 4 7 72 84 12 231 54 6 20
16 2 1 0 37 95 5 4 1 0 0 173 3 1193 572 277 153 57 25 22 135 1028 114 79 110 7 190 450 26 31 23 204 1728 8010 560 580 1082 3743 299 383 215 16 70 5 3 46 499 39 14 1 6 11 6 10 6 19 15 3874 3065 4646 66 85 102 81 424 9 25 1697 163 24 12 77 102 18 2203 10 2 0 42 2 21 0 32 32 153 102 19 9 12 2 33 32 11 6 51 304 4 4 214 4 5 13 3 4 7 10 1 1 0 3 1 22 0 3 8 7 36 2 21 24 131 13 26 21 39 2 29 3 3 5 30 3 23 87 5 103 4 0 132 187 7 34 5 12 29 3 5 1 108 39 37 4 2 2 0 2 7 11 0 2 22 6 0 7 37 6 12 4 1 3 16 31 30 27 2 14 12 0 16 1 38 137 32 19 1 41 1 0 4 8 21 1 0 21 4 2 68 20 6 7
6 0 0 0 18 6 2 0 0 0 1 7 3 4662 2081 394 71 280 116 53 2 13 42 562 15 12 3910 1564 72 22 77 2 19 560 4217 3559 361 56 39 3083 61 14 290 4 3 67 2587 13 6 0 0 0 5 15 0 0 80 306 2452 579 21 21 163 503 152 1 35 595 47 12 3 0 4 2 416 5 0 0 0 0 3 0 11 5 7 8 6 3 4 3 12 6 1 3 65 63 0 1 5 10 0 0 0 0 0 0 0 0 0 0 0 0 0 2 14 5 0 8 2 29 12 37 7 0 0 0 0 3 0 0 0 0 1 0 0 0 0 0 1 5 3 0 7 0 1 0 0 0 5 36 0 0 2 0 0 0 0 0 0 0 0 0 0 0 0 0 4 2 1 2 0 0 0 0 1 3 0 0 7 0 0 0 4 0 0 0 0 0 0 0 0 0 0 0 0 0 0 0 0 0
1 0 0 1 6 4 1 0 0 0 0 6 0 8377 1171 79 430 12 3 35 5 12 57 59 8 2 138 155 14 9 13 6 23 580 3559 4245 472 62 41 672 22 3 28 1 2 5 1397 1 1 0 0 0 0 1 2 0 15 221 5846 1605 3 7 34 40 76 0 8 218 15 4 0 0 3 2 218 0 0 0 0 0 0 0 1 4 3 0 1 0 1 1 3 2 2 1 12 30 0 1 1 2 0 1 0 0 1 0 0 0 0 0 0 0 2 0 0 1 1 4 3 0 7 12 12 1 1 0 3 0 0 0 1 0 0 0 0 0 0 1 2 6 0 2 1 1 1 0 0 1 1 3 0 0 0 0 0 0 0 0 0 0 0 0 0 1 0 1 1 1 0 1 0 1 1 0 0 1 0 0 0 0 0 0 1 0 0 0 0 0 0 0 0 0 0 1 0 0 1 0 1 0
7 1 0 2 19 45 2 1 0 0 0 55 7 1056 970 675 1418 603 488 135 106 566 402 133 174 24 143 204 26 22 15 10 141 1082 361 472 6665 2580 260 472 314 28 106 65 14 176 390 28 12 2 1 1 4 4 3 6 12 274 964 905 240 27 65 53 179 12 17 234 113 16 9 24 48 50 181 15 1 2 25 1 12 1 9 5 34 42 12 2 7 5 24 34 3 6 54 72 1 0 65 3 11 47 1 6 16 28 2 3 1 2 4 41 25 6 40 44 74 15 131 49 486 115 212 118 159 20 157 21 22 23 98 17 23 26 12 26 24 8 146 370 16 212 20 14 68 23 7 5 234 91 183 4 2 5 2 1 6 13 0 2 23 15 1 12 20 33 13 27 3 4 61 83 50 132 2 39 5 2 20 3 35 72 47 63 1 34 0 0 4 38 36 3 11 19 13 6 125 30 21 32
32 1 2 2 72 221 6 4 8 4 5 356 130 173 203 243 287 621 1491 126 261 1822 324 112 426 15 94 76 64 50 70 161 2550 3743 56 62 2580 7416 189 180 474 35 165 1426 82 329 356 21 18 25 7 23 10 11 11 42 31 608 370 351 212 32 67 53 138 31 52 443 100 32 20 550 3208 878 757 27 35 30 1315 6 28 13 52 52 242 199 46 14 22 10 97 47 20 16 114 264 13 19 379 2 57 107 1 21 63 74 5 14 5 14 24 135 18 13 68 50 216 31 179 82 1085 178 289 305 496 46 290 36 26 35 301 48 102 318 61 356 44 10 849 1452 27 443 20 64 210 57 26 17 779 162 467 7 4 16 1 8 34 64 5 8 90 63 8 45 182 51 23 66 14 23 177 235 177 370 7 70 25 7 36 2 235 614 309 210 6 298 1 3 8 109 97 6 10 90 60 25 458 156 47 108
69 5 3 3 117 124 17 12 2 5 2 133 48 235 917 4309 48 5325 66 31 9 47 63 342 12 4 383 5907 198 157 139 22 193 299 39 41 260 189 14355 41 280 145 325 14 8 1176 32 173 56 2 2 6 12 13 13 8 149 439 83 306 6701 201 144 369 6776 38 53 174 4979 71 56 8 49 2 935 123 0 0 12 0 81 2 12 21 40 20 5 15 32 9 113 152 25 29 185 329 1 12 20 5 0 5 0 0 1 1 0 0 0 0 1 3 1 15 376 10 8 16 6 813 53 281 9 8 5 0 3 41 0 83 13 4 2 2 2 1 3 1 9 41 250 6 225 0 2 16 26 5 28 1479 5 4 6 1 0 1 3 0 1 3 0 4 0 0 5 3 80 147 16 73 4 7 4 6 15 173 2 1 70 3 3 4 10 2 10 1 1 1 6 0 1 5 4 8 2 0 2 1 0 1
8 1 2 1 16 7 1 3 0 2 1 8 2 994 768 520 325 340 277 310 115 2734 2607 5212 2808 3531 3013 202 115 31 120 4 34 383 3083 672 472 180 41 10139 874 195 702 46 6 75 4421 18 74 1 6 11 23 45 5 18 244 325 1385 350 45 26 119 339 92 4 181 922 39 44 8 7 43 35 472 19 0 0 6 1 17 0 48 86 93 181 87 14 28 10 57 91 19 37 204 105 1 0 306 42 1 0 0 0 1 2 0 0 0 0 1 1 0 0 12 13 8 14 23 11 78 119 67 2 1 1 5 1 1 1 2 0 0 3 0 2 2 0 12 43 3 3 4 0 2 1 1 0 41 26 4 2 3 1 0 0 0 0 0 1 0 0 0 0 0 0 1 4 0 3 1 2 1 1 0 9 0 0 3 1 5 3 22 1 1 1 0 0 3 0 1 2 0 0 0 0 2 3 0 1
724 228 264 223 432 565 94 183 11 53 22 608 33 241 1082 899 285 518 218 228 2073 1554 5792 1782 430 612 298 111 247 427 452 45 370 215 61 22 314 474 280 874 8136 3685 765 61 155 880 139 225 1526 28 48 55 42 46 260 343 271 68 33 109 938 183 195 75 160 33 162 89 240 258 137 81 193 45 571 445 31 1 67 4 206 19 360 150 788 332 110 272 522 232 1368 913 178 207 309 528 33 37 582 63 2 6 2 6 2 16 3 2 0 2 4 27 4 0 18 6 19 3 12 22 65 29 37 25 22 1 19 3 2 2 18 7 14 84 5 66 3 1 73 108 7 18 13 4 11 11 22 1 62 133 27 9 21 7 0 8 8 3 5 14 5 9 0 6 36 6 27 24 6 10 19 25 15 18 32 51 10 13 111 12 53 104 21 13 32 44 7 5 51 10 5 43 16 5 12 0 37 5 1 6
21 8 7 2 9 21 7 8 0 3 1 26 14 12 124 280 8 214 57 17 16 191 2179 3564 104 264 96 39 37 14 24 2 20 16 14 3 28 35 145 195 3685 4763 2605 10 32 663 88 36 1914 1 2 2 7 19 13 14 61 16 17 14 555 32 36 9 62 19 53 32 92 62 14 12 27 6 49 85 0 0 12 0 21 0 27 40 26 43 19 33 64 43 475 751 38 101 261 26 0 1 71 12 0 0 0 0 0 0 0 0 0 0 0 0 0 3 6 1 1 1 2 9 8 13 4 0 0 0 0 1 0 0 6 1 1 3 0 2 0 0 1 5 3 1 6 0 0 2 5 0 3 51 1 2 4 0 0 2 0 1 0 1 0 0 0 0 2 0 10 5 1 4 0 0 0 1 6 28 0 3 35 7 0 2 3 0 11 0 0 1 6 1 1 7 1 1 1 0 0 0 0 0
49 7 6 3 65 143 16 9 6 9 5 107 64 83 204 365 36 990 171 30 29 346 335 1550 322 176 1256 250 241 83 191 22 76 70 290 28 106 165 325 702 765 2605 5863 75 295 3214 533 112 2417 23 9 14 58 90 17 27 424 59 195 46 3290 247 881 4390 774 92 306 313 640 214 37 31 135 12 328 528 21 1 69 3 78 5 116 153 149 206 92 79 157 219 3315 536 57 172 1821 150 6 8 284 69 0 4 0 0 1 0 0 0 0 0 1 4 5 1 41 5 5 8 6 62 23 39 12 0 1 1 4 9 0 7 8 4 1 2 0 3 2 0 6 18 21 6 31 1 1 24 31 1 23 367 3 6 25 1 1 11 2 2 4 7 0 0 0 2 4 3 71 44 8 41 0 7 6 2 51 161 8 7 210 17 3 10 8 0 54 2 3 10 23 0 0 31 13 5 0 0 0 2 0 0
1 1 1 0 0 16 3 1 4 2 3 36 6056 1 70 32 278 534 10617 577 10 116 30 30 36 9 31 8 7 2 0 2 152 5 4 1 65 1426 14 46 61 10 75 7533 2259 676 29 13 18 325 6 33 0 1 3 1 3 1 4 3 54 14 36 18 28 452 6 6 22 14 6 286 2865 1675 13 8 1301 1478 4563 105 52 187 4 1 14 12 6 91 45 152 183 30 2 10 106 6 33 4 9 0 19 47 1 2 15 21 1 2 1 6 3 40 63 43 301 120 123 167 216 362 872 1308 511 129 162 36 187 30 37 75 97 22 18 26 12 38 53 13 186 477 43 284 29 9 64 35 39 57 475 309 143 8 6 2 1 5 17 20 9 4 19 13 1 13 23 30 44 58 6 62 51 83 58 124 14 77 11 3 94 11 43 63 292 45 14 46 5 7 16 35 29 18 13 22 14 7 104 48 13 40
20 3 10 2 8 14 25 16 149 17 29 46 6858 4 10 19 15 59 829 92 1 10 5 31 7 1 11 14 25 4 13 1 39 3 3 2 14 82 8 6 155 32 295 2259 18639 3740 11 74 130 6430 22 126 9 5 6 5 19 4 4 2 77 123 175 31 106 3808 12 5 192 92 61 370 540 530 9 55 2892 460 2121 385 430 622 12 14 10 10 3 1003 292 5331 3866 177 18 52 403 11 1177 189 11 3 4 12 0 3 1 3 0 1 0 1 0 9 1 1 55 4 6 10 2 52 22 52 2 3 4 3 3 14 2 7 30 7 9 5 4 5 4 2 16 29 11 4 28 4 5 74 230 9 37 1237 6 70 141 8 3 132 43 15 55 61 3 2 0 1 7 7 282 125 34 240 2 16 10 5 230 547 28 36 1513 139 14 15 12 5 322 26 24 118 277 4 3 292 59 19 8 0 3 1 0 1
36 5 3 4 45 83 9 9 5 7 5 66 4361 57 119 370 75 3660 3440 122 13 68 59 2107 67 27 1064 1038 111 46 88 21 118 46 67 5 176 329 1176 75 880 663 3214 676 3740 12095 81 175 364 250 24 31 14 25 20 25 175 37 71 23 2263 242 743 1795 1378 3270 144 144 579 194 108 85 461 143 140 257 136 16 350 38 154 66 31 78 73 79 36 211 285 451 6517 725 93 202 1463 79 52 15 88 35 2 27 1 0 15 13 0 2 1 0 1 25 15 54 1968 54 35 80 32 2543 211 924 55 7 11 15 19 431 9 390 90 48 14 17 16 19 29 13 41 133 733 22 1556 5 11 189 431 93 259 9304 33 42 51 12 1 36 6 7 6 19 9 7 0 6 26 29 684 1168 148 973 21 68 44 39 105 1241 16 15 828 45 19 26 100 14 107 16 10 26 95 5 6 100 34 46 7 2 14 7 2 1
19 1 3 1 30 16 2 5 0 1 1 26 3 668 294 131 174 80 61 82 44 290 118 878 3346 60 785 130 267 36 239 4 55 499 2587 1397 390 356 32 4421 139 88 533 29 11 81 6794 38 31 0 10 21 70 130 23 22 675 319 3445 345 61 48 341 408 270 3 431 1789 114 47 7 8 54 28 707 25 1 0 14 0 15 0 131 221 150 312 728 11 16 7 75 40 17 29 243 159 2 5 427 192 0 4 0 0 1 2 0 0 1 0 0 2 2 0 5 5 22 6 19 8 69 41 42 7 6 2 9 0 0 1 4 2 3 2 0 2 1 1 25 62 5 11 2 3 6 3 4 0 27 18 3 0 2 0 0 1 0 0 1 1 0 0 2 3 0 2 3 4 0 1 0 4 0 0 2 13 0 0 8 3 7 8 20 0 3 8 0 0 1 0 1 2 0 0 1 2 8 3 1 0
100 18 17 5 92 87 27 32 3 8 5 84 6 26 89 128 5 127 21 4 7 64 24 45 37 7 13 45 221 151 113 10 64 39 13 1 28 21 173 18 225 36 112 13 74 175 38 24282 339 91 4 32 22 18 11 14 189 71 33 25 1697 12516 989 97 827 24 123 78 6167 1124 6864 14 19 7 265 8983 7 0 13 15 1795 15 64 63 53 53 14 768 1291 186 1919 453 126 679 1090 163 5 11 57 15 2 7 0 1 3 1 0 1 0 0 0 0 1 0 11 5 3 3 0 9 9 7 5 1 0 5 2 5 3 1 11 1 0 1 1 1 2 2 5 8 2 4 7 4 0 78 106 2 15 218 8 228 385 15 4 226 17 10 12 67 1 0 0 1 5 2 61 94 90 30 5 7 3 8 643 301 54 105 1073 168 2 12 7 1 626 14 42 100 414 0 0 592 131 9 3 2 2 0 0 0
78 15 22 12 28 45 20 27 2 5 2 42 24 15 126 147 5 165 52 13 11 173 261 503 87 62 42 17 69 30 25 4 18 14 6 1 12 18 56 74 1526 1914 2417 18 130 364 31 339 7660 36 29 48 13 21 22 23 55 20 11 9 448 362 173 29 42 27 52 21 143 666 215 3 21 5 56 763 5 0 10 5 237 14 60 63 62 74 16 458 855 379 1449 6488 608 4463 3203 29 5 11 97 12 0 0 0 0 2 0 0 0 0 0 1 1 0 0 10 2 4 1 1 8 5 12 2 0 0 0 3 1 1 2 5 2 1 5 0 3 1 0 3 6 2 0 0 2 0 12 18 0 7 51 0 40 65 1 1 18 7 1 6 24 0 0 0 0 0 0 17 14 6 9 0 0 2 3 67 48 15 27 117 15 1 5 2 0 47 6 10 15 84 0 0 86 18 2 1 0 1 0 0 0
12 3 5 1 5 12 17 11 100 3 12 27 420 0 6 5 5 11 145 12 2 2 0 1 2 0 0 1 14 10 5 1 10 1 0 0 2 25 2 1 28 1 23 325 6430 250 0 91 36 9702 107 525 1 3 12 3 4 2 0 0 24 85 49 1 18 1147 2 2 133 104 72 115 109 690 4 98 1272 174 527 1772 825 4020 12 6 10 2 1 1828 253 4316 693 77 31 40 78 4 707 84 7 1 5 1 1 0 0 1 0 0 0 0 0 2 0 0 7 0 0 0 1 11 7 5 3 1 0 4 1 4 0 3 3 2 0 1 0 2 1 3 3 9 0 2 3 4 3 56 83 4 11 166 1 82 346 8 5 248 132 13 160 161 2 0 1 0 2 1 33 43 25 46 1 0 1 0 305 111 80 65 1019 93 4 8 9 1 318 17 76 418 707 2 1 739 81 1 3 0 2 0 0 0
217 44 56 24 44 57 72 125 8 49 8 63 5 2 9 11 0 9 3 2 3 9 8 6 18 0 6 3 138 58 42 3 30 6 0 0 1 7 2 6 48 2 9 6 22 24 10 4 29 107 12638 13491 68 33 553 35 45 4 1 0 14 9 13 2 7 37 39 4 7 474 20 17 8 62 50 10 42 3 21 1141 1064 372 745 102 134 56 28 124 37 56 46 4320 7756 92 25 45 50 56 57 13 0 0 2 0 0 1 0 0 0 0 0 4 0 0 0 0 0 0 0 0 4 1 1 4 1 0 1 0 0 0 2 0 4 10 1 12 0 1 14 8 0 1 0 0 2 3 2 0 9 10 2 7 9 1 0 5 519 24 551 285 8 0 0 0 4 0 1 0 0 6 1 1 0 0 4 4 108 33 18 1 17 27 6 0 2 20 96 14 201 2 3 18 4 2 10 0 0 2 0 0
527 91 122 55 120 134 199 318 28 129 13 165 15 0 3 6 0 7 15 0 4 16 6 12 33 4 8 3 309 176 112 20 93 11 0 0 1 23 6 11 55 2 14 33 126 31 21 32 48 525 13491 21852 132 57 1185 50 86 13 2 0 25 50 16 11 11 248 89 17 24 242 116 57 31 241 165 43 200 23 86 15615 5793 1204 1325 166 192 77 55 670 113 215 113 1545 2879 66 64 105 138 143 116 40 8 0 5 2 2 4 1 2 0 0 1 4 0 0 3 0 1 0 0 4 4 1 1 0 1 0 1 0 2 0 5 1 7 17 1 19 1 0 23 20 1 1 1 4 0 8 12 0 23 41 3 31 45 12 1 45 1806 200 3817 1049 35 5 3 3 12 0 9 6 2 56 11 1 6 0 28 20 504 98 76 4 28 47 46 3 9 74 672 60 1018 3 14 70 71 6 27 8 2 3 0 2
1254 157 154 68 265 183 2085 707 68 447 63 297 2 10 7 6 1 5 2 0 9 32 9 57 121 7 39 15 6268 482 261 29 123 6 5 0 4 10 12 23 42 7 58 0 9 14 70 22 13 1 68 132 12097 6097 3919 24 428 19 9 1 26 51 142 40 53 2 382 58 48 42 7 77 23 29 271 10 48 0 22 14 47 6 3172 622 161 150 313 10 14 6 25 63 65 24 57 268 146 8906 347 242 3 3 3 7 2 27 0 3 4 3 10 28 0 0 0 0 1 0 3 1 8 2 0 13 14 0 6 0 0 1 10 0 11 83 2 65 0 1 54 32 0 4 0 2 19 1 3 0 20 2 4 0 1 0 0 2 5 0 6 4 1 1 0 0 29 0 1 0 0 0 4 5 8 5 0 1 0 0 1 0 56 100 16 5 0 55 0 0 2 2 1 0 1 7 11 0 12 3 2 1
1008 149 166 55 209 221 983 526 28 228 46 317 2 13 7 11 3 10 3 0 16 29 17 79 163 8 58 20 11513 434 329 34 150 10 15 1 4 11 13 45 46 19 90 1 5 25 130 18 21 3 33 57 6097 5922 677 16 1071 19 7 2 26 67 219 60 69 3 1988 102 58 61 11 63 21 24 289 25 23 0 22 5 39 3 987 3821 73 157 473 14 15 3 54 50 48 22 88 368 85 1836 473 393 3 0 3 8 3 19 1 2 1 3 8 46 0 0 2 1 2 0 2 1 6 2 0 19 15 0 6 0 0 1 3 0 20 75 1 54 0 0 38 27 0 3 1 7 13 0 1 1 14 16 8 0 0 0 0 0 5 3 4 1 6 2 1 3 26 0 3 2 1 2 8 3 11 1 1 3 0 0 3 0 77 77 15 3 1 42 0 2 1 5 4 0 0 7 21 0 20 4 0 4
572 108 142 64 130 120 682 334 34 141 22 181 0 4 4 5 0 2 2 1 23 21 12 30 50 3 13 11 1165 192 117 14 83 6 0 2 3 11 13 5 260 13 17 3 6 20 23 11 22 12 553 1185 3919 677 15935 461 120 7 1 1 24 14 45 13 22 11 104 25 11 67 14 30 22 22 138 17 24 0 18 138 176 23 3568 145 209 86 92 30 18 16 37 755 256 23 24 131 72 3275 137 67 1 1 2 2 1 6 0 0 0 2 3 12 0 0 1 0 1 0 0 1 4 0 0 1 6 0 0 0 0 0 2 0 7 35 3 34 0 0 45 24 0 1 0 1 8 0 1 0 13 4 4 1 1 0 0 0 43 1 37 9 0 0 0 1 20 1 0 0 2 1 3 3 3 3 0 2 11 1 4 0 37 62 10 1 0 27 2 1 15 2 2 4 1 4 9 0 4 6 1 2
406 125 144 82 174 219 58 130 6 35 5 200 0 10 4 5 2 3 5 5 473 178 17 23 124 3 9 6 114 163 166 9 81 19 0 0 6 42 8 18 343 14 27 1 5 25 22 14 23 3 35 50 24 16 461 1091 123 9 2 3 14 19 36 5 19 1 70 26 19 36 18 26 24 16 122 6 11 0 18 2 32 0 2931 211 1847 422 79 18 21 5 51 205 48 18 24 184 35 29 397 41 1 0 1 2 2 2 0 0 0 1 1 8 0 0 0 0 0 0 0 0 12 0 1 5 4 0 3 0 0 1 6 0 4 26 1 19 1 0 20 22 0 3 0 2 4 2 0 0 10 7 2 2 0 0 0 1 1 0 1 1 0 3 0 4 7 0 0 0 0 1 3 2 6 0 3 1 0 1 2 1 28 23 6 1 1 18 0 0 2 5 1 0 0 0 4 2 9 2 0 3
155 32 52 20 2419 195 40 45 14 14 3 224 8 145 67 44 8 25 10 3 56 108 40 355 457 17 408 242 3773 3441 7479 16 189 15 80 15 12 31 149 244 271 61 424 3 19 175 675 189 55 4 45 86 428 1071 120 123 10695 22 69 4 193 446 1384 541 853 13 7877 776 587 267 77 33 21 25 1562 70 14 0 15 2 118 7 803 1578 522 1440 2343 46 60 23 223 172 109 104 520 3657 61 45 3868 4879 3 3 3 3 2 18 0 1 0 0 7 28 0 0 2 2 4 0 7 10 23 2 9 7 10 0 1 3 0 1 6 0 9 40 1 16 2 0 32 42 2 2 5 5 7 1 5 1 17 87 2 1 2 0 0 2 3 4 5 2 7 1 0 0 16 0 24 12 2 4 3 6 0 4 9 28 1 0 37 5 55 52 12 1 5 37 1 4 2 2 9 8 1 2 9 2 19 5 0 0
5 2 1 0 14 34 2 2 0 1 1 112 4 1108 552 276 78 55 12 23 27 118 25 85 25 3 245 696 19 10 21 1573 4349 3874 306 221 274 608 439 325 68 16 59 1 4 37 319 71 20 2 4 13 19 19 7 9 22 5535 1187 2104 35 123 234 107 784 4 29 3829 316 37 16 124 410 8 6807 12 0 0 65 1 38 0 32 29 47 26 13 6 3 2 34 29 12 10 64 502 1 5 36 7 1 1 1 0 1 2 0 0 1 0 2 8 0 0 3 2 9 0 3 24 31 7 8 11 11 1 10 0 0 2 3 0 3 45 2 22 0 0 45 60 5 8 4 6 11 1 5 0 23 59 5 1 2 2 0 0 4 2 0 1 3 2 1 1 10 1 7 8 2 3 4 3 3 2 2 14 5 1 20 0 17 51 7 3 3 9 0 0 0 3 7 0 0 3 2 0 22 2 1 2
4 0 0 0 5 3 1 0 0 0 0 2 2 2421 511 60 56 33 12 10 9 23 20 227 53 7 524 456 49 10 35 19 81 3065 2452 5846 964 370 83 1385 33 17 195 4 4 71 3445 33 11 0 1 2 9 7 1 2 69 1187 7366 2458 46 99 418 390 525 4 33 1915 181 21 7 1 20 5 511 13 1 0 4 0 11 0 15 9 4 9 3 4 4 5 32 5 2 6 118 57 0 1 9 6 0 1 0 0 1 1 0 0 0 0 0 0 0 1 3 3 8 0 10 5 16 14 16 4 4 0 2 0 0 0 3 0 1 1 0 2 1 0 12 34 1 1 3 0 1 1 0 0 12 43 0 0 2 0 0 1 0 0 0 0 1 0 0 0 0 0 3 1 3 2 0 1 2 1 5 12 0 0 12 1 1 0 6 0 1 0 0 1 0 1 2 3 0 3 0 0 1 0 0 0
3 0 1 0 0 6 0 1 0 0 0 6 1 2741 1191 478 610 58 13 56 31 189 146 62 34 4 155 475 6 5 7 16 75 4646 579 1605 905 351 306 350 109 14 46 3 2 23 345 25 9 0 0 0 1 2 1 3 4 2104 2458 1186 56 25 81 66 317 1 3 529 109 16 8 3 12 4 527 5 0 0 2 0 9 0 3 2 5 12 2 1 3 3 15 21 4 5 26 23 0 0 19 3 1 6 0 0 2 3 0 0 0 0 0 2 2 1 14 4 12 1 8 15 42 19 26 9 22 3 12 0 1 2 8 2 2 3 4 5 4 1 14 44 4 11 6 3 7 3 1 0 25 28 16 0 0 1 1 0 1 2 0 0 5 1 0 3 0 4 3 6 2 2 5 5 6 11 1 4 1 0 4 0 3 15 6 7 2 1 0 1 2 1 6 1 1 4 2 0 10 4 1 2
58 11 8 4 54 65 11 14 2 2 1 59 28 32 220 721 50 5459 124 39 7 84 54 1366 68 13 152 336 110 62 81 13 87 66 21 3 240 212 6701 45 938 555 3290 54 77 2263 61 1697 448 24 14 25 26 26 24 14 193 35 46 56 16897 1534 2201 871 3161 161 149 80 13299 562 585 17 93 10 168 10655 8 0 28 8 696 8 66 83 59 107 26 158 280 99 7096 789 143 304 2697 98 7 6 115 18 4 9 0 1 5 2 0 0 0 0 1 8 7 6 161 5 15 4 9 172 44 51 8 3 3 2 3 99 2 46 46 11 8 5 3 8 3 5 28 33 53 9 248 3 3 73 185 15 55 1734 19 25 40 2 4 35 11 5 4 14 1 3 2 3 11 5 259 320 62 81 10 20 17 8 87 539 13 12 569 42 7 12 8 3 126 11 8 20 78 1 2 82 26 17 1 0 2 7 2 0
96 12 13 7 130 120 24 19 2 7 6 108 17 52 148 163 2 145 12 5 18 95 31 70 57 10 52 110 509 225 221 16 68 85 21 7 27 32 201 26 183 32 247 14 123 242 48 12516 362 85 9 50 51 67 14 19 446 123 99 25 1534 17411 8490 519 823 33 272 171 3542 12284 2178 10 29 5 414 3217 4 0 21 12 1276 55 75 110 92 86 29 775 1172 456 2139 423 565 2702 2641 260 7 8 97 36 0 7 2 1 2 1 0 1 0 0 1 0 3 1 7 4 4 3 0 9 13 8 3 1 2 5 4 3 5 1 12 4 4 2 3 5 5 1 7 8 2 3 9 5 2 124 87 3 20 208 6 505 798 19 16 235 38 10 31 119 1 0 1 1 1 1 87 91 88 50 1 8 5 8 808 245 121 206 1065 129 2 5 7 0 514 14 96 109 994 1 0 1025 297 6 6 3 0 2 1 1
81 11 2 6 139 108 23 17 4 6 4 113 18 161 247 296 16 214 55 9 36 253 65 158 246 28 269 451 1060 305 568 16 94 102 163 34 65 67 144 119 195 36 881 36 175 743 341 989 173 49 13 16 142 219 45 36 1384 234 418 81 2201 8490 22944 7865 6661 56 815 669 5482 3126 200 23 53 4 909 965 12 0 33 4 124 6 219 277 186 299 100 161 444 254 3179 230 147 993 8273 449 7 20 362 118 1 2 0 0 0 0 0 0 0 0 0 5 1 1 8 2 5 0 3 20 6 13 9 3 3 0 2 3 0 4 6 0 0 3 1 2 1 0 5 15 4 1 10 1 0 24 58 2 10 254 3 38 87 6 3 43 4 4 2 16 0 0 0 0 4 3 94 74 25 20 0 4 2 6 182 228 9 24 469 82 2 5 7 0 204 5 8 24 84 1 0 142 23 8 2 1 0 0 1 0
13 0 5 2 30 24 9 3 0 1 0 23 45 95 72 166 13 543 108 22 7 88 19 638 112 8 3767 2388 211 48 225 3 35 81 503 40 53 53 369 339 75 9 4390 18 31 1795 408 97 29 1 2 11 40 60 13 5 541 107 390 66 871 519 7865 6148 5736 37 295 502 931 296 42 5 21 4 428 74 1 1 11 1 32 1 65 106 76 128 51 16 39 13 224 50 37 43 1707 154 0 1 170 84 0 3 0 0 0 1 0 0 0 0 1 0 0 1 61 3 3 2 0 126 10 49 4 0 0 0 2 7 0 4 4 0 1 1 0 2 1 0 4 10 22 1 35 0 1 7 11 2 13 570 0 3 7 0 0 1 0 0 0 2 0 0 0 0 0 1 41 41 8 43 0 1 1 2 4 102 0 0 51 3 0 3 1 0 6 1 1 0 6 1 0 10 1 2 2 0 1 2 0 0
95 7 3 3 181 114 23 12 1 5 7 157 73 422 592 570 25 640 59 17 24 36 19 147 44 4 287 2331 700 371 441 21 205 424 152 76 179 138 6776 92 160 62 774 28 106 1378 270 827 42 18 7 11 53 69 22 19 853 784 525 317 3161 823 6661 5736 9112 125 311 896 11615 198 149 12 55 3 1886 751 2 1 19 1 159 4 70 103 83 73 35 33 42 34 715 107 24 28 724 627 3 14 77 79 2 3 0 1 5 4 0 0 0 1 0 7 4 9 86 5 8 8 12 244 34 57 10 3 5 2 3 45 2 21 31 15 6 2 1 10 6 7 11 38 46 10 176 4 5 67 134 3 48 1930 11 5 14 8 2 14 1 6 1 4 3 3 0 1 5 4 316 214 39 78 3 14 12 8 51 551 5 8 548 36 3 5 6 3 86 7 3 6 39 1 3 42 15 13 1 2 7 3 0 1
3 1 0 1 7 15 13 5 82 8 9 21 2385 5 5 10 3 244 299 17 1 8 2 37 3 0 63 41 13 7 9 6 17 9 1 0 12 31 38 4 33 19 92 452 3808 3270 3 24 27 1147 37 248 2 3 11 1 13 4 4 1 161 33 56 37 125 1994 9 4 190 10 17 110 168 873 16 37 1606 521 570 611 270 695 12 3 5 5 3 208 57 326 854 53 2 7 114 9 398 65 2 1 0 3 0 0 3 4 0 1 0 0 1 2 1 1 180 1 2 4 4 79 24 75 5 0 0 1 1 11 0 11 6 1 3 1 0 0 1 1 11 10 15 2 31 1 3 13 68 16 28 517 2 11 19 0 0 18 29 3 32 22 1 0 1 1 1 3 43 42 8 246 1 4 2 4 30 76 11 9 177 19 4 13 36 1 39 7 10 17 62 0 1 32 6 1 0 0 2 0 0 0
602 165 206 117 511 417 87 203 50 45 16 495 4 47 16 21 3 31 9 3 45 147 49 261 642 24 264 107 5035 633 1292 43 263 25 35 8 17 52 53 181 162 53 306 6 12 144 431 123 52 2 39 89 382 1988 104 70 7877 29 33 3 149 272 815 295 311 9 16052 414 244 213 40 87 47 62 935 57 31 1 33 6 85 6 1291 5385 577 2542 1687 44 56 14 183 182 78 105 424 1268 134 72 3105 1639 9 1 7 7 4 36 1 1 1 6 11 50 0 0 2 1 7 1 4 10 16 3 8 21 35 3 3 1 1 0 13 1 31 108 4 69 1 0 69 65 2 6 3 13 26 1 5 2 26 37 10 0 5 4 0 0 3 8 3 2 14 10 4 7 36 0 7 6 0 5 15 8 15 4 2 16 0 1 20 2 99 116 17 4 5 74 0 3 3 5 17 4 0 12 30 4 42 14 2 3
8 0 3 3 30 12 3 7 0 3 0 18 2 561 167 75 12 41 11 11 19 96 18 384 191 6 701 508 286 51 436 22 139 1697 595 218 234 443 174 922 89 32 313 6 5 144 1789 78 21 2 4 17 58 102 25 26 776 3829 1915 529 80 171 669 502 896 4 414 4390 367 62 19 3 34 33 7058 23 1 0 7 0 21 0 76 130 101 201 835 9 9 8 64 30 18 18 251 288 0 5 318 601 3 8 2 0 8 3 1 1 0 0 3 12 0 0 6 4 27 0 10 3 100 8 16 21 19 1 11 1 0 0 12 2 5 9 1 16 1 0 60 163 1 6 1 4 14 2 4 0 83 62 8 2 2 0 0 2 2 0 0 0 4 1 0 2 2 2 8 5 1 3 1 3 1 6 4 15 1 0 31 1 17 28 37 1 3 13 1 0 0 4 1 1 1 1 2 2 11 5 0 6
83 3 4 2 172 173 26 10 3 8 0 148 45 140 304 315 17 565 35 5 11 35 15 110 24 4 70 463 576 340 310 23 160 163 47 15 113 100 4979 39 240 92 640 22 192 579 114 6167 143 133 7 24 48 58 11 19 587 316 181 109 13299 3542 5482 931 11615 190 244 367 13396 444 641 18 50 3 1018 10629 9 0 21 12 628 17 72 61 65 72 22 71 144 90 2177 224 53 82 1092 423 3 14 45 30 6 18 0 0 7 5 0 1 0 3 2 4 2 3 46 3 5 7 4 73 35 23 9 3 9 3 7 26 2 10 45 17 10 5 4 7 2 3 12 38 9 10 54 3 2 109 226 5 34 1575 7 54 88 11 6 74 11 6 3 32 1 2 1 5 8 15 489 245 71 129 10 21 13 17 355 1065 20 40 1602 180 5 13 12 8 447 11 10 32 124 2 2 164 59 28 6 2 9 1 3 0
249 44 66 34 95 109 69 98 7 34 5 99 9 24 148 223 8 113 21 8 12 180 47 100 121 13 35 41 341 164 144 9 59 24 12 4 16 32 71 44 258 62 214 14 92 194 47 1124 666 104 474 242 42 61 67 36 267 37 21 16 562 12284 3126 296 198 10 213 62 444 6221 3004 13 18 15 171 774 14 0 14 53 2080 327 201 152 143 139 52 1358 974 349 1091 1361 2125 2531 2185 146 25 27 224 22 2 2 1 0 0 1 0 0 0 0 0 3 0 0 5 1 2 0 2 12 3 2 2 0 2 8 1 1 0 0 6 1 2 4 0 4 0 1 9 10 0 4 1 5 2 34 31 2 9 73 3 297 392 13 10 96 108 42 189 305 2 0 0 0 2 0 20 36 29 15 3 4 2 3 253 74 248 225 336 31 7 12 8 0 157 13 173 56 1191 1 1 468 227 3 5 4 0 2 1 0
109 20 32 22 67 85 29 46 4 17 3 76 11 7 51 51 3 42 9 1 7 27 10 19 13 8 8 17 110 79 64 3 32 12 3 0 9 20 56 8 137 14 37 6 61 108 7 6864 215 72 20 116 7 11 14 18 77 16 7 8 585 2178 200 42 149 17 40 19 641 3004 6220 7 8 8 80 1645 8 0 12 26 7263 170 49 40 42 36 18 1479 814 230 1169 413 403 420 310 77 17 10 41 9 2 0 0 2 0 1 0 0 1 0 0 0 0 0 2 0 1 1 2 7 2 2 2 0 0 1 1 1 0 1 1 1 1 3 0 2 0 1 5 4 1 6 0 2 0 22 25 1 5 58 0 211 198 9 9 70 95 25 126 263 1 0 0 1 2 1 11 16 17 9 1 0 5 3 118 40 237 207 208 18 2 6 4 0 83 4 177 38 963 1 0 274 175 2 4 1 0 1 0 0
