17.5162711545105 30.756315734628 24.4864820710868 28.3624534495375 47.1730080718939 52.8572963776507 25.8573515934477 23.7427093268615 67.7061336196472 47.448001152982 91.6919609352394 63.7879629432279 172.605963134766 118.643987584997 132.085706564096 133.851471583048 122.485015869141 195.182234022352 154.846491033381 239.373359680176 125.306395916899 136.407186075846 156.422559526232 180.769502078786 153.581656728472 188.098648071289 163.067048249421 129.719300320274 34.8504495452922 26.9689456689295 54.943829368811 69.6059084574381 93.9640922360304 119.772524833679 127.816062927246 107.161911010742 100.396051679339 134.544090509415 134.408610910609 175.947170257568 107.57702664644 157.619833446684 178.48344203404 241.134246826172 178.77253074646 187.084668477376 154.646695187217 176.995785522461 155.117045671512 177.396200815837 152.98662535496 174.163550302697 112.23503766828 91.2330234164283 126.53568255818 121.640816730819 100.819455842049 135.372779846191 133.06418800354 143.157338460286 182.320605705524 181.405708154043 175.523567293897 164.218173687275 145.850946848016 181.497950236003 95.7506500066713 152.896209716797 155.363443857216 182.535653110489 185.855633096957 86.8126093964828 122.519275062963 128.55613494873 160.700801447818 186.966804504395 102.860248409972 132.372711181641 116.281361983994 161.75381529565 188.988607294873 173.844324747721 128.639041953722 109.723271313333 122.619518568486 110.73951398788 160.529612731934 194.108012691425 194.766718546549 191.24790687561 196.140727811647 148.705442255194 170.638458673578 176.935154288156 194.316250101725 87.2797756534454 75.5491486523289 65.9886234363098 144.168831345949 148.57525654843 174.98463570731 190.358874003092 179.791947773525 177.861104820515 171.965200805664 174.8671974697 191.667188008626 153.869324747721 175.493067814754 141.691728692306 158.751831372579 172.98345415284 0 0 180.86026763916 0 208.332255045573 204.371826171875 202.699016571045 204.090057373047 188.46302956029 190.594627380371 183.387084960938 195.889595031738 195.165273030599 0 152.840118408203 230.077606201172 160.189468383789 172.635452270508 187.628167894151 0 161.194757276966 173.774203436715 0 182.496772257487 0 0 193.626279830933 191.283060709635 191.827102661133 191.292238871257 211.294906616211 200.200817871094 192.377843683416 206.298721313477 217.5822168986 173.862380981445 162.720852661133 207.061042198768 179.386678059896 225.503223419189 220.766482543945 214.708076477051 239.091278076172 247.041015625 200.126284431009 236.100042724609 204.225950876872 232.990245819092 223.1130398837 220.923249816895 213.568219502767 194.140305952592 164.324603610569 0 193.125640869141 213.064788818359 0 221.403198242188 211.229006253756 195.763631184896 180.558017730713 173.819311523438 224.785738627116 218.208735874721 237.657424926758 0 222.725067138672 224.366104125977 153.802875590774 177.676923347242 137.654262542725 165.839752197266 215.297317504883 156.677874406179 221.876983642578 232.788017272949 235.03303527832 209.34023030599 223.410057067871 229.418838500977 223.391479492188 166.884490966797 126.272439523905 196.980342320033 210.829716435185 188.22812906901 188.635696411133 179.129577636719
30.756315734628 14.0103241025562 23.7583550902543 22.1211122850136 26.4566122441664 41.0791765052408 56.4824299282498 62.5323873737402 79.0479946136475 78.6817788623628 84.3095069885254 50.7739990066696 0 215.947021484375 193.485412597656 185.992190043132 0 210.516059875488 0 0 134.655772359748 154.840030670166 208.793975830078 191.678034464518 182.400367736816 0 190.308390299479 209.530548095703 73.8420457069031 25.9998882428913 54.0307999527973 72.6797049386161 153.238214765276 155.803833007812 0 0 211.427322387695 155.552459716797 181.824990844727 183.635848999023 114.96753782975 158.060897827148 201.106576102121 140.256439208984 187.658772786458 205.563159179687 155.898696899414 189.352750142415 156.612345377604 202.515965779622 165.993296883323 183.455481728355 132.82726579411 108.501283018381 142.015454751474 126.693504760742 125.566427946091 197.911308288574 0 0 207.129508278587 190.128355662028 174.535074407404 0 171.323477608817 246.71630859375 104.274851296165 0 163.469278971354 194.624271739613 196.13860244751 94.5770794459752 155.547588348389 132.100465947931 174.386804754084 187.444284612482 95.5096672905816 0 130.196097479926 171.22518157959 198.456857953753 211.531313578288 141.267725874738 121.472379814669 129.309479729148 113.656713858663 185.127629597982 201.788545608521 204.356848227011 206.991466522217 207.447633596567 158.27594035222 182.171456473214 185.690895589193 204.753667195638 118.817432157455 75.1514807906805 85.7937827899302 148.518854413714 162.67062886556 178.380823889444 189.039562988281 179.008883422852 176.471917345633 167.141810099284 174.53608092314 190.125203450521 166.277368545532 171.848415851593 140.538121032715 163.333502265844 170.962952522235 0 0 0 0 0 0 0 0 0 0 215.552841186523 211.740063985189 199.102279663086 0 0 0 0 0 174.866856892904 216.283233642578 154.48144636483 166.892206156029 137.268600463867 154.111743164062 0 0 205.009341430664 177.113910675049 0 215.954971313477 0 204.529510498047 186.061025446112 0 210.483413696289 0 0 220.691696166992 0 0 225.997909545898 214.028461456299 0 217.654963175456 212.999526977539 228.843767438616 185.971755981445 0 229.028699007901 218.240865071615 248.098266601562 190.128199986049 180.390032958984 0 0 211.832290649414 0 182.161865234375 214.174927847726 187.923294067383 199.680603027344 0 0 0 247.812828063965 238.93473815918 202.555480957031 0 149.469913301014 170.803775787354 116.992863464355 230.641947428385 230.259231567383 145.596260358702 0 0 230.639530181885 175.93180847168 222.100431743421 0 0 156.239929199219 124.656643223118 182.235237121582 208.155117034912 189.329849243164 0 0
24.4864820710868 23.7583550902543 10.7139348882358 14.1813976293171 87.998723881219 31.6484993333145 68.3716230829921 26.2465021258229 72.1643974304199 14.3722906007519 57.4708999633789 24.0545775889418 0 0 161.671325683594 155.322952270508 0 212.792572021484 152.571838378906 108.559020996094 138.690445370144 150.322257995605 201.638595581055 202.558849334717 187.502058919271 0 172.427098592122 192.28263092041 89.7369846458292 74.1498356421017 99.0914711110732 94.5742435455322 172.241075134277 221.933517456055 0 0 0 188.227058410645 190.115280151367 190.933853149414 115.661044294184 167.194608415876 200.655682881673 242.575729370117 210.244653320312 208.493682861328 216.573379516602 187.066041834214 164.926399924538 219.584487915039 167.680874143328 187.762720326908 136.925312785359 111.104881930064 147.143192022619 128.307046042548 149.075516187228 238.615524291992 0 200.699005126953 207.396036148071 188.92499600924 215.115577697754 197.078430175781 198.168090820312 0 106.077745937607 186.527211507161 186.477104187012 193.717386419123 199.148025035858 102.482789039612 197.463666280111 132.750173841204 181.558992004395 190.477522277832 120.613679122925 0 135.042169050737 170.277482252855 200.982957664111 184.222408294678 144.109286846892 122.691192289599 131.234829449746 118.444735717773 188.838737487793 202.277820217994 202.438739352756 216.669279988607 205.919346809387 161.566413424662 184.746429085732 187.487248959749 195.217529296875 175.450341597847 76.5957902716112 94.6373514773241 157.88555090768 159.203102111816 182.211110514979 183.04160378196 180.965503620652 179.311548116256 167.485162032278 176.336774948248 180.369462446733 159.258587519328 175.955955056583 144.924764109182 164.940777290158 174.258433668826 0 0 0 0 0 0 0 0 221.480651855469 0 0 190.653396606445 204.307750701904 0 0 226.40495300293 0 0 181.252602386475 231.112380981445 157.925542523784 167.382268177379 0 165.615561591254 0 0 196.525830950056 199.210499354771 0 227.347137451172 0 201.804423014323 190.221220536665 0 170.23762512207 0 201.169128417969 196.127151489258 240.661285400391 240.907096862793 239.129013061523 223.389797973633 0 0 193.167556762695 236.394415719169 231.436703491211 0 229.189969744001 216.013399396624 204.100631713867 204.957914733887 170.606964111328 0 179.892135620117 222.663879394531 0 0 207.207451956613 206.969033813477 0 0 239.512807210286 0 247.926742553711 245.375885009766 234.529205322266 0 154.489671913974 176.706021118164 145.526168823242 0 222.484603881836 150.326159613473 225.74055480957 0 240.368258158366 0 221.383302576402 0 0 156.586418151855 135.634700695118 175.36534001277 209.891194430265 184.072616577148 0 213.402877807617
28.3624534495375 22.1211122850136 14.1813976293171 16.8770050366121 22.3712538397314 26.8477654340107 73.6741898059845 78.7576360551138 74.7510703066562 93.7644699882059 73.1139797210693 23.1108527230187 199.625350952148 0 167.291309356689 158.41975402832 0 209.930328369141 0 211.846450805664 125.991313841285 160.527936935425 165.027770996094 184.270172119141 179.424256324768 0 224.995918273926 147.93307240804 90.8566454681902 45.8112244201221 29.4058199461769 102.149118423462 131.823380334037 0 0 198.616561889648 173.348728179932 151.784255981445 188.960418701172 185.059982299805 110.742155750771 144.372535705566 183.607681274414 0 197.050254821777 187.492664337158 176.045639038086 175.877734375 166.278012593587 202.431259155273 165.540642420451 189.496921331232 139.933510499842 115.732039572976 148.153653264046 125.429679219316 125.887783050537 0 0 0 201.560333251953 201.929783412388 202.572672526042 213.301216125488 188.55800374349 185.548416137695 106.047230255909 153.241572062174 201.366882324219 193.784337212058 193.525771401145 112.963314302506 155.949592590332 92.2093955145942 181.814082752575 192.550787118765 103.887967681885 98.2282562255859 107.496161651611 148.285308837891 205.271071769096 204.568124389648 144.177691686721 123.399508674939 127.50437003916 111.928375764327 184.581314086914 209.361937782981 201.673763275146 198.419212341309 209.821990966797 160.970803363507 187.68046022811 188.257117135184 213.536170959473 131.353292919341 74.5409591556213 94.1221664042412 145.298486753952 182.06428527832 181.218471658641 192.154483032227 181.235397893732 178.839116926674 167.147041907677 175.659265966976 184.125292264498 142.043943405151 180.932904052734 139.054735183716 163.734872659047 172.743226071622 0 0 0 0 0 0 0 0 0 0 0 181.689904349191 204.499047851562 0 163.092071533203 0 0 0 175.047082519531 0 160.162879096137 162.885654907227 166.798492431641 209.590782165527 0 0 181.477024078369 165.804046630859 0 189.178909301758 0 205.10844560103 190.93903503418 242.170837402344 201.810089111328 0 207.91032409668 248.212310791016 0 0 0 219.541549682617 0 177.432098388672 243.629333496094 235.309384155273 248.526794433594 0 225.247354607833 217.531036376953 231.579627990723 189.546046665737 152.048299153646 0 0 0 0 0 219.438293457031 0 0 214.071479797363 0 243.818542480469 0 0 0 0 151.433487124559 167.566431999207 176.25754737854 229.889907836914 0 144.62777147795 0 0 243.606491088867 206.982022094727 227.673466491699 233.854370117188 0 163.330200195312 131.049241340767 187.056045532227 215.895176887512 178.61843363444 226.221878051758 0
47.1730080718939 26.4566122441664 87.998723881219 22.3712538397314 13.6492536996978 36.1502902471208 60.6774518276618 85.3715837439712 75.449716934791 88.0357694353376 68.3644885187564 58.0578730459697 128.276731491089 95.6159603881836 103.267918489417 119.268345771952 98.5425491333008 125.142649332682 125.167759365506 112.006932576497 113.255484162475 112.965970428897 146.174230194092 148.269647598267 135.966784009746 0 126.622748904758 111.774612794439 58.5917647953561 32.1271910598792 18.6552958463243 44.4372570499493 63.6071684591232 95.3151131707269 88.8581920199924 88.6570510864258 105.871058413857 96.8959599600898 114.443160097823 101.542560100555 100.824286814089 151.390640258789 153.574697875977 0 159.544443130493 150.812146674262 90.0888366699219 161.489726771479 156.468849182129 171.839297485352 158.080428036776 178.588683446248 125.578133090037 101.020597923315 139.890284200815 117.062980213385 35.1321084074562 84.2910137176514 96.2459991455078 0 144.205892350939 169.013040043758 146.354734242391 150.3975537618 122.556112847934 151.663520812988 79.188167362997 78.5542532602946 135.475870176803 185.515496826172 184.151831555722 65.982315157025 88.703356552124 117.196583048503 70.8304842854991 173.324642759381 81.0410308837891 184.626358032227 80.3310523313635 161.67337290446 194.268324698171 184.81637234158 134.379993382346 110.862550740671 115.343821073289 97.8602976475555 114.45188331604 196.135553713198 183.591672848432 193.760091400146 179.044714185927 154.562631106546 173.419598897298 188.10081917899 171.098089147497 25.302327476616 73.1565154650197 89.1435983726777 117.093297361291 81.5976411646063 176.496987420159 169.809595743815 175.598917128165 172.418580191476 174.399491628011 168.844377892649 182.76216343471 164.255751291911 167.842534918534 140.359267210349 155.592498361248 166.318389155947 0 0 172.172407362196 0 181.244055175781 148.812042236328 157.584594726562 191.941254933675 165.45620130456 191.634371076311 168.131237030029 184.484339396159 195.201668372521 0 226.357279459635 190.92366027832 0 184.739929199219 173.51911315918 150.085754394531 155.821851325758 162.210460333177 164.665837605794 170.054714061596 0 0 161.750666956748 164.854372151693 182.000427246094 180.24223836263 193.341451009115 199.939237213135 184.026875215418 198.254199981689 207.392138671875 165.808125813802 161.560548221364 192.411224066042 166.711390177409 245.467636108398 218.76921081543 205.154403686523 0 219.49161529541 231.895439147949 236.726308649237 227.927551269531 244.971908569336 217.933457692464 205.740854436701 206.504358927409 190.669086032444 165.010586329869 157.346237182617 198.778473917643 201.227783203125 202.543741861979 127.791557312012 204.080303615994 189.70405960083 161.620427449544 164.76448059082 233.621348063151 199.154787190755 236.164927164714 234.441917419434 205.976162837102 214.114410400391 145.336934050621 157.793895332181 109.065648215158 177.955729166667 205.675643920898 147.686737171118 224.912353515625 212.704620361328 228.647890363421 179.053833007812 216.026490529378 217.014892578125 243.299209594727 153.833628336589 124.921274166296 183.832490709093 201.186277389526 173.507208930122 194.686762491862 0
52.8572963776507 41.0791765052408 31.6484993333145 26.8477654340107 36.1502902471208 20.1297281269041 68.5745501139078 62.1320951748518 70.6255232367185 38.6811586561467 45.7425125973134 33.2807184921953 123.385103225708 101.131221155966 106.816985539028 112.627334594727 107.964009004481 133.781667981829 113.665586199079 90.4006605148315 122.567063697031 117.310760072373 114.923967573378 165.652044179488 129.015174113529 150.233622233073 171.452096303304 124.608516298491 85.214657051575 53.8550538926101 41.3421800890741 29.0807483723936 54.4002382070751 82.5018868697317 127.561316172282 107.304830551147 89.7558965894911 92.7122144742249 121.042336863856 144.646575927734 112.481945206634 151.443614051456 169.136335572996 138.113073825836 148.778245653425 147.807684289404 155.623278141022 163.665437369511 169.939492797852 176.201905568441 172.43154157672 186.005390907401 141.75604931774 118.093846731056 149.506871986389 124.537174729996 88.7425566648826 67.5235873671139 128.334597269694 104.700859069824 142.341043795072 172.792383448283 160.286504462913 154.48039372762 133.861178013316 136.329773457845 101.772546324513 180.999638239543 143.196397682146 196.831896580687 188.672544771082 57.1515233759977 82.3799211732757 86.4107202009721 110.687385113208 177.522318346747 82.9620862214462 131.092498779297 71.7881354704953 183.941650390625 204.333084943818 195.908979627821 146.704875125389 123.487800806391 127.278113701964 109.452158943551 149.063840425931 206.713029785156 198.923465910412 197.61105855306 171.018164462731 165.465156317993 187.870028232006 192.18188434177 173.206388785169 25.6034787805202 69.536164541626 93.2227278364466 120.112583483094 157.825750223796 179.2514042757 192.487796285878 175.235910181662 175.066764437319 165.380058924357 171.98841315279 177.76929473877 157.640541478207 173.596825838089 137.777243169149 159.374195342368 168.458931337678 0 214.141059875488 178.609010696411 229.951400756836 168.116386413574 174.325668334961 189.360375540597 185.929638671875 171.437007997094 180.821621704102 176.365069919162 180.246303801841 186.935052972091 0 165.454741477966 220.259483337402 206.226631164551 199.432794189453 174.16460624901 213.9538230896 153.237895520528 155.937235170656 138.353912353516 163.782276974449 174.766036987305 0 171.441221082533 167.225542235143 165.176188151042 191.942967732747 188.218946456909 198.280577439528 185.397546132406 246.534912109375 187.606154123942 169.351876395089 153.89459248593 195.288583374023 189.536689758301 0 228.410573323568 211.549535577947 233.836095174154 206.41251373291 232.135837809245 231.955155592698 167.856674194336 248.286331176758 222.432558265099 211.601089477539 209.667545665394 191.273093182108 152.866926046518 166.808067321777 191.476558519446 211.317906697591 186.145309448242 164.837012396918 203.661962127686 189.686793857151 178.251888699002 178.567932128906 218.940982818604 195.166990860649 239.413812001546 240.476501464844 205.024763706752 210.664121627808 146.028645517136 154.008319990976 128.046053695679 173.979106903076 190.452977498372 137.484131275524 213.865928649902 227.49201965332 221.699116298131 193.774555879481 219.657278141505 217.040496826172 238.279876708984 162.539068048651 123.466315249179 191.097491264343 200.786558068317 172.056571451823 220.373687744141 195.728014628092
25.8573515934477 56.4824299282498 68.3716230829921 73.6741898059845 60.6774518276618 68.5745501139078 10.4866789162219 22.3794192684286 12.1245248439744 35.6076240589276 51.0141993208629 69.0875655431333 0 134.439376831055 142.843254089355 140.161590576172 127.109352111816 181.382118225098 113.458446502686 0 141.588186718169 143.131237703211 161.381521606445 177.069189707438 148.227045694987 0 201.509002685547 149.190342989835 22.6387372391384 47.6623665862031 65.1216152033855 72.6237781524658 93.2481037486683 134.390870666504 158.96605682373 96.6185607910156 143.393672943115 154.292837778727 149.20024692311 113.425933837891 100.491405405897 147.559928894043 171.888253211975 171.204541524251 125.422256469727 180.368489583333 157.165603637695 167.356819435402 135.596133041382 138.986810123219 122.486560715569 142.706727339395 77.2239959277695 57.1899951282862 88.8964649715032 104.509306545915 101.094979286194 185.013313293457 120.62036895752 0 166.099017056552 179.851439793905 182.456709820291 171.044670952691 153.033411440642 101.994555546687 94.5742678587464 122.090283711751 158.187490023099 162.997480309528 168.009325224778 66.4368758992946 116.100649907039 86.9840648535526 170.047115928248 171.731892177037 50.8993074821703 58.0341510772705 73.5446077234605 134.83684904679 164.603478210449 150.504082679749 95.7548409589632 87.6985184909043 107.898526526786 116.928287989657 166.287467956543 170.466238792906 164.048259190151 161.930239868164 178.457317645733 122.283497853713 144.481049367826 164.220131174723 182.425189208984 84.1844522812787 24.7763372449494 25.7864733378293 138.161187605424 157.771463834322 186.614082336426 181.707412719727 189.188528442383 171.15483601888 163.352836608887 185.967078424269 219.166839599609 0 174.347625732422 167.094009399414 173.047047138214 169.883441809452 0 0 231.851135253906 0 200.790908813477 0 231.688369750977 193.897720336914 168.864280700684 0 151.438491821289 179.275029500326 216.562393188477 0 218.901519775391 0 0 0 205.105234781901 0 172.131354195731 177.049939242276 0 191.672190348307 0 0 159.337382507324 172.625514984131 0 203.992614746094 0 0 204.474497477214 0 0 0 179.193054199219 211.01488494873 177.62282816569 191.69938659668 0 0 0 0 162.10875919887 228.270599365234 176.241302490234 223.521141052246 218.387802124023 0 0 195.844779968262 183.039859771729 0 198.486218261719 0 0 146.586547851562 197.144393920898 245.859970092773 176.566551208496 0 192.490768432617 202.472539265951 168.314865112305 211.142293294271 229.648529052734 0 155.985979998553 160.917008833452 171.586819458008 0 217.912948608398 124.429564581977 209.205642700195 170.097511291504 206.098489379883 208.482482910156 210.913414001465 219.499626159668 0 124.232288360596 135.005915959676 197.634475708008 204.114339192708 191.96842956543 221.585983276367 177.658599853516
23.7427093268615 62.5323873737402 26.2465021258229 78.7576360551138 85.3715837439712 62.1320951748518 22.3794192684286 12.6026861431491 21.6312321150499 19.9077169321087 39.5893628636964 50.1312753858375 205.69172668457 167.301864624023 146.70108795166 167.871241251628 158.875 0 0 0 136.586363358931 182.489788691203 150.106254577637 188.198127746582 177.714772542318 0 0 155.836120605469 71.9565694263329 56.4349693934952 95.7042995228487 111.286430903843 145.655888080597 165.132659912109 0 0 157.682403564453 157.527927398682 166.51703008016 196.278274536133 103.65219424722 158.703402519226 187.581254747179 213.008819580078 169.602117061615 206.240926106771 206.497796630859 185.869227409363 148.385378519694 187.207820545543 148.087711486816 167.021646703564 113.240483598291 90.3804346889597 123.765109147854 113.555824984037 141.429957580566 129.596290588379 0 217.410079956055 188.605031694685 182.508635671515 199.84118383071 197.901875813802 185.570981343587 169.526637268066 95.2099530638145 178.04541015625 201.672608947754 178.901498288524 181.224020253057 75.8405484592213 168.483779907227 95.645923614502 184.519810146756 185.55844039917 57.6651287862699 112.173847198486 93.8555519797585 162.736971403423 186.190116433536 183.458330790202 123.554108601786 107.131001821839 119.893526277586 113.756395735831 164.940361976624 189.283841219815 192.85013785729 190.19920216436 199.699096340603 141.078496358481 168.485787593957 176.904778253464 194.854934692383 130.960262298584 47.4336190956473 53.6846798719579 156.967480270951 175.96156241677 184.944881439209 160.417246500651 183.641844315962 175.970315341292 185.051647186279 172.463435950646 204.1220703125 158.719799041748 160.234398735894 133.660186222621 165.449262557491 171.88453841536 0 0 0 0 181.692153930664 0 0 0 225.813522338867 166.231353759766 0 206.024149576823 198.212417602539 0 0 0 0 0 139.251800537109 0 153.889994303385 193.186266447368 0 201.644638061523 0 0 236.023956298828 190.934463500977 0 206.930084228516 0 217.898015340169 191.674404144287 239.538879394531 203.736541748047 0 233.786666870117 229.844146728516 217.502029418945 232.70662689209 230.390670776367 0 0 194.342651367188 224.099594116211 244.791107177734 230.428607940674 206.470581054688 228.366340637207 205.793365478516 0 192.271060943604 174.817301432292 0 244.924209594727 0 0 0 217.396881103516 244.509292602539 177.19465637207 0 0 241.369171142578 219.404937744141 243.459716796875 240.959442138672 0 159.925040626526 176.364418029785 146.376560211182 0 230.057479858398 158.737933349609 208.739448547363 235.301986694336 228.269664219448 192.835556030273 230.841748555501 216.102764892578 0 0 119.62898572286 204.4111328125 217.211499532064 158.314147949219 0 0
67.7061336196472 79.0479946136475 72.1643974304199 74.7510703066562 75.449716934791 70.6255232367185 12.1245248439744 21.6312321150499 5.68969505045368 25.246509903272 51.5235177630838 67.4137993739879 92.6617977435772 0 205.447891235352 0 0 0 0 0 114.603921508789 93.8893146514893 0 196.999130249023 113.070799691336 177.168411254883 136.593032836914 0 80.028657730766 74.3303308307 94.3114941245631 67.1761074066162 72.5625031211159 162.362838745117 0 0 0 132.637568473816 149.849983215332 0 113.880378029563 0 173.852467854818 92.9782028198242 97.66660785035 110.196723937988 0 182.417668660482 181.805587768555 116.931660461426 155.132963180542 175.806595938546 90.0511893665089 95.557544027056 113.60785966761 139.488605499268 78.7769914354597 0 0 0 143.34769821167 174.717864990234 201.811882019043 0 181.128662109375 86.3550688580769 100.226233520508 0 172.624277750651 167.402917044503 189.242980957031 51.6422654517343 89.8530785696847 46.5670605786899 209.840347290039 0 43.2531904314385 56.215649664402 63.5627427704883 143.798476108285 169.342285919189 134.847360662512 122.3634997112 118.142620544434 127.095181056431 113.932954915365 183.797225952148 158.337301718222 164.144696916853 135.169696684807 158.969793107775 152.165519020774 172.851896158854 0 186.149239676339 112.955715873025 16.5580221842196 16.3793774752824 113.580638703846 132.71809387207 170.207397460938 0 156.295397186279 165.393701171875 167.057342529297 159.77450021108 0 0 135.548095703125 146.840709686279 166.598159790039 149.505318641663 0 0 165.59114074707 0 0 0 152.19059753418 123.382255554199 150.142810821533 130.819100697835 139.344409942627 119.75564956665 162.980491638184 0 171.76643371582 0 0 141.547348022461 124.069905598958 0 108.554057312012 123.152167233554 0 129.469722323947 150.610443115234 0 138.138851165771 155.200922012329 0 193.165934244792 0 136.520378112793 148.972317695618 0 0 0 136.534208679199 139.923690795898 0 0 0 0 0 149.603729248047 206.22246660505 0 204.030811309814 229.861351013184 178.997009277344 158.000373840332 192.754440307617 199.516647338867 103.615371704102 0 217.774032592773 0 0 132.229431152344 206.129297892253 199.364440917969 126.099769592285 148.126022338867 213.81770324707 192.424743652344 199.482864379883 237.310699462891 173.829467773438 0 122.12862941197 121.161727294922 83.8454818725586 0 0 95.6723020802373 232.038665771484 178.877799987793 207.075536092122 184.766819000244 174.207368850708 0 221.860137939453 201.421173095703 93.6562939453125 124.262092590332 152.466156005859 162.866241455078 0 190.603500366211
47.448001152982 78.6817788623628 14.3722906007519 93.7644699882059 88.0357694353376 38.6811586561467 35.6076240589276 19.9077169321087 25.246509903272 10.2503770878974 21.1774650451862 27.5441852113596 0 0 0 196.383651733398 0 215.011377970378 0 0 142.460344587054 172.980725969587 145.111808776855 190.652816772461 198.586278279622 0 0 184.902984619141 79.0450531938951 92.6394278676886 95.7879142027635 77.0797711690267 128.441278076172 0 0 0 0 186.039379119873 170.88483581543 191.602935791016 111.219074177292 150.432154337565 176.7603386773 139.358425140381 132.555044735179 183.932640075684 151.164367675781 190.871267318726 145.788781738281 173.497904459635 151.474699215013 168.032054102698 113.967776304923 91.0650943287632 123.739945540191 119.753167942592 127.40045438494 174.469757080078 0 0 181.710144042969 199.006855555943 192.221071879069 192.780883789062 162.943014526367 137.271729469299 99.4613023546007 149.323557535807 188.482837677002 185.63363423067 178.122448191923 45.5751188488617 142.213200887044 78.6564920213487 187.038396835327 200.811096191406 27.0806224163465 83.5562362670898 68.1198931926956 160.896158854167 185.854314467486 183.590632120768 122.446757071359 109.089131976486 126.672461797321 131.517627940458 173.724985758464 191.601079450335 188.265824817476 189.469381479117 182.65124650435 142.883762186224 169.122776774617 174.011925591363 187.041219537908 133.07860156468 21.4801105350688 49.1928468855213 151.814590005314 161.141639709473 164.030671437581 177.80069732666 155.064314142863 155.948032556578 152.287688446045 155.806083824061 167.786312103271 100.26837387085 164.525810559591 116.607158780098 146.331803118596 159.469533356753 0 0 0 0 242.819641113281 0 0 0 144.442329406738 0 146.522079467773 184.64384765625 194.876210530599 0 158.416976928711 0 0 0 186.566682434082 0 146.832583618164 154.345309349798 0 152.178163800921 0 0 160.639405822754 144.476879119873 0 0 0 203.321281433105 186.62159376878 246.565689086914 164.30362701416 0 234.151794433594 215.673177083333 173.017954508464 0 224.753601074219 213.491401672363 0 238.528030395508 181.219299316406 229.761498345269 202.950954437256 239.620094299316 216.878802829319 0 215.782958984375 185.427051968045 156.242904663086 0 0 0 0 139.846778869629 198.880201067243 182.606426239014 0 191.772842407227 0 200.484288533529 238.826683044434 224.660430908203 200.41064453125 0 139.028082233586 165.775558873227 111.11723836263 0 202.773590087891 131.867046958522 217.832916259766 0 0 199.709045410156 214.966030883789 0 247.781005859375 154.058715820312 117.579311260279 159.409980773926 203.393681844076 178.268341064453 0 0
91.6919609352394 84.3095069885254 57.4708999633789 73.1139797210693 68.3644885187564 45.7425125973134 51.0141993208629 39.5893628636964 51.5235177630838 21.1774650451862 11.0125589121083 23.3474632292903 90.4974044799805 0 231.002334594727 0 109.088874816895 0 99.2345581054688 0 132.684707641602 113.27341897147 0 135.080017089844 107.206875610352 0 135.26057434082 0 81.9599198465762 90.8513800579569 73.5963208125188 48.6592688840978 83.7047511509487 0 165.673675537109 0 0 142.186221313477 146.129028320312 185.249618530273 125.838106328791 174.11735534668 156.38616027832 65.2804158528646 108.992297731597 147.625123596191 84.8433227539062 162.930834960937 199.285118103027 123.820869445801 169.811332702637 176.82219519982 125.234060620505 101.041403563126 127.24566823786 134.747402954102 88.173334757487 175.335342407227 0 0 153.556533813477 189.492795308431 153.218105316162 0 175.998179844448 103.048214382595 104.276790857315 0 0 191.040884399414 194.286214192708 28.0710780812102 118.392635345459 61.0702224144569 0 174.076965332031 24.7165480486883 58.3612872123718 62.3045989189829 170.376823425293 190.782458218661 145.852521896362 135.032941659292 122.420845031738 121.714947382609 98.4227638244629 171.760314941406 198.928296770368 202.978182983398 175.618209838867 167.267593383789 161.668367295038 180.498569488525 191.487281799316 181.064361572266 139.301020304362 27.272426332661 68.8275411726686 146.834723472595 180.260025024414 159.126642150879 182.313995361328 164.220723351767 157.861906528473 165.039646148682 160.035853657501 172.004760742188 142.270391845703 164.903638567243 126.707225683964 145.899702314897 154.998041330382 129.864730834961 0 0 0 229.370147705078 0 0 0 0 137.445755004883 0 169.278282165527 181.895614624023 0 121.129356384277 0 0 0 162.288276672363 0 150.551746622721 143.632089233398 0 157.522626604353 0 0 158.101362228394 178.192008972168 0 0 0 189.132193671332 176.638671875 0 0 0 110.808457946777 180.356903076172 0 0 0 0 0 0 221.794367472331 219.69425201416 218.882598876953 246.284515380859 216.769082205636 199.066674368722 190.910705566406 183.936019897461 143.073184967041 0 175.105560302734 0 0 243.872055053711 181.397183227539 193.860443115234 184.891136169434 132.561645507812 0 191.906366984049 247.430465698242 0 231.263763427734 0 134.808161333573 146.540561969464 90.352530343192 0 243.647277832031 133.272176681026 0 0 228.734329223633 188.003303527832 207.542105356852 0 0 177.125350952148 112.609214935303 196.251064300537 182.530144431374 212.402923583984 0 184.442021687826
63.7879629432279 50.7739990066696 24.0545775889418 23.1108527230187 58.0578730459697 33.2807184921953 69.0875655431333 50.1312753858375 67.4137993739879 27.5441852113596 23.3474632292903 18.1085779011783 108.436196404534 104.553881245275 105.999479778742 112.318785167876 99.6693933660334 135.172236809364 113.407180277507 97.1293603515625 124.318913445956 120.086814691213 112.790699481964 164.653250235098 134.610751321871 0 159.917307853699 119.949057624454 93.331977690808 75.633522592849 61.389621659048 27.5329332220977 39.9143869559048 66.4080074288252 135.300546918597 79.715882619222 93.3493170304732 88.7346573090285 112.589096011972 170.113160133362 117.711777323171 146.389195075402 167.048819283459 112.335739453634 140.140433601711 133.314757029215 157.860991551326 166.625698271252 175.407359531948 160.330068800184 174.698748149569 193.090601926861 142.00725768632 118.745959718145 152.720785067226 132.335465240479 93.6668712241309 45.3373104333878 161.971290588379 96.9217758178711 128.768694602837 172.966842368797 160.301394099683 159.645713142727 130.569472975032 140.834396362305 103.591501270641 138.582584381104 139.321306434838 197.985505999941 198.982454400314 33.1414509501546 70.4527657346273 78.6578502490603 72.8197668075561 175.871412765148 60.3096917780434 79.0138237476349 61.6922921070642 184.60303795856 204.414815386604 186.172963655912 149.628416102784 125.662052924247 131.260466373932 111.363587830728 155.116781173214 211.152909749349 205.050698972216 187.467306409563 168.672805317661 169.781582932975 190.457389137962 196.656402587891 171.42195119917 25.689319815945 55.4349593214171 87.4747648131981 119.521073227176 162.359486541748 174.031096225315 175.564571164689 178.650607547245 176.148656011998 163.442010421753 172.230960787516 179.613178453947 153.554093776605 174.69598820335 142.720333932829 159.127788841611 167.08581430005 205.88899230957 0 166.408070373535 166.780978393555 165.580018179757 180.470405578613 159.216519869291 187.082177225749 164.19891933865 178.431985473633 167.741895403181 177.365823095971 180.328768683869 183.083366394043 175.443378829956 209.537241617839 0 187.955215454102 174.972163548963 190.349105834961 149.687363931955 152.744000165258 168.092989240374 151.123396034449 0 0 157.19200815957 160.477424505985 173.113430786133 185.236176627023 192.208783830915 196.084047698975 177.849617552913 207.584251403809 188.901679356893 176.978769302368 146.735430520678 192.225839027992 176.04096883138 0 248.603485107422 216.514813397382 0 190.955028533936 234.514196956859 226.931725413529 237.646324157715 246.279290335519 218.13964560093 208.628746284233 202.026206276634 186.585047511051 151.190982947189 197.651512145996 191.196035597059 206.658437093099 171.928955078125 159.970586564806 200.429301324292 184.509785490216 172.341930682843 170.515853881836 232.001075744629 206.31662346335 240.222731067288 240.25868733724 197.185860428156 210.516807556152 142.799793414216 143.35152022596 114.299854675929 204.447302425609 219.115289306641 134.489479497701 209.033001708984 197.832791137695 233.823354721069 191.406493337531 212.994378441258 225.671244303385 243.255773925781 166.074170748393 123.513442390323 187.864191739064 195.141630619907 170.985929907822 193.950308227539 195.121468861898
172.605963134766 0 0 199.625350952148 128.276731491089 123.385103225708 0 205.69172668457 92.6617977435772 0 90.4974044799805 108.436196404534 11.3965212566697 0 92.791380405426 86.2127335412162 62.2618539516742 21.7893544808421 28.689456848823 49.2823351421495 125.29260635376 126.294990539551 129.165023803711 84.85274180244 181.360504150391 0 83.0444112707067 73.0365111252357 152.92626953125 0 161.665016174316 107.051906585693 88.0700831846757 94.5593897501628 65.5508639017741 0 100.192324502128 79.1820272885836 52.1141435305277 102.938697814941 94.5860724015669 70.9346675872803 85.1886746287346 25.3657862874759 17.4794071650637 19.8671477104485 123.246406555176 95.3318589528402 89.9751634597778 54.749075571696 127.446006774902 107.919828796387 176.42276763916 185.166374206543 0 0 150.433181762695 135.261806488037 119.083038330078 131.086608886719 81.459157875606 114.051298702464 84.8358781602648 75.4140546162923 61.209205052624 31.1654073705213 188.39977645874 144.538932800293 87.567426639133 109.99944474962 119.200449163263 85.5517044862111 75.5065624491374 33.8760788923483 139.694117736816 127.750338745117 79.409256645941 41.1316549545381 75.4081197583844 93.4315738318101 118.338775157928 84.2241924099806 154.001636505127 180.417640686035 190.002695719401 196.239303588867 167.235244750977 89.3135191110464 103.730687883165 63.6829557371844 68.5248183196153 105.848003989772 115.400743484497 114.178983835074 98.1874235593356 115.302814483643 81.7502401979178 117.551653428511 146.184089660645 186.577941894531 169.626113891602 198.606483459473 0 173.950592041016 169.708221435547 171.757629394531 0 189.437026977539 0 135.938507080078 194.729064941406 164.61190032959 115.299312114716 89.5008664014863 78.6746880580705 120.376016616821 130.510278320312 107.013700050883 128.812355041504 90.5520989260831 130.25811395191 100.695291170594 118.316950798035 153.408313751221 183.952407836914 157.828119913737 118.805381774902 115.558494321762 146.151082356771 104.904311752319 195.858767700195 157.08362197876 169.983776092529 182.349260602679 0 170.130275726318 113.944108963013 134.350377400716 159.285792631262 137.645922000592 88.1704184822414 141.908467610677 100.343445490865 234.921279907227 193.481084187826 139.344634206671 87.7533729553223 74.3247445913462 110.969710969088 92.6115651362387 149.244408743722 147.132928030831 140.390423021818 209.341598510742 0 119.597775595529 167.688083224826 0 176.832229614258 172.12811126709 229.750549316406 223.709899902344 0 0 166.239863077799 173.287307739258 91.6122296057015 116.950595944427 102.324475456687 43.7820071186739 208.931650797526 191.916730608259 165.043272018433 137.310348510742 122.077341897147 103.05199375859 154.654088338216 165.485597398546 107.448581098699 119.011914207822 182.972343444824 149.741003417969 56.1717481448733 196.419174194336 116.915435204139 159.976213727679 154.883959452311 82.2970690727234 141.774967920213 0 224.782508850098 139.35255256066 176.669154575893 174.36584133572 0 0 213.411880493164 0 157.938873291016 0
118.643987584997 215.947021484375 0 0 95.6159603881836 101.131221155966 134.439376831055 167.301864624023 0 0 0 104.553881245275 0 18.38596565689 22.0403971166137 43.0470846177872 19.0755772070551 62.4227062722911 86.6027687072754 50.9250128567219 78.6141721089681 100.355763974397 57.5079423351401 70.3773800053009 77.0067280856046 73.4316432952881 38.7791581720793 26.0038550447809 111.184571327247 105.365235922993 88.0076246008409 72.5461758580701 81.1783248455855 58.5624879355802 16.5990939082019 19.2979091180314 39.6796948358868 73.3275511416397 60.8265781321424 43.1261111476292 81.861519619637 74.2491890589396 78.2533624488187 151.420349121094 95.4394760131836 108.070189225046 34.3726176801556 110.997312692495 115.11839650472 0 203.98900604248 0 187.169464111328 153.333595275879 190.060001373291 156.750595092773 103.656155711207 58.6703770306997 36.1753943509083 36.3808415938972 123.251418113708 120.921065844022 96.6669798904324 73.5367697866339 70.77879272931 94.3019317626953 118.807008134558 64.6709543863932 87.9711218697684 131.569135030111 135.94586617606 119.199022928874 92.2664574517144 52.1570167541504 72.8522192989613 125.350361294217 0 0 98.9740798950195 0 148.916847229004 0 170.257261548724 158.642031351725 159.059904801218 142.644364674886 111.370093027751 143.170956420898 148.875342629173 135.023284912109 134.285268147786 119.071250915527 129.410479736328 128.45980919732 103.510903026747 84.7055653607404 179.281707763672 141.292991638184 159.346700395857 91.3485717773438 0 0 0 0 0 0 0 0 0 0 0 0 120.853073120117 127.68420791626 116.87003326416 117.267761230469 131.03919728597 111.958224402534 123.32428571913 142.823637742263 133.195135174376 120.9271721415 123.063870969026 174.822124481201 145.04616394043 0 112.850088500977 148.814697265625 126.499992370605 131.619794209798 177.04662322998 0 0 151.974021911621 0 185.935668945312 117.601829528809 125.351020812988 180.517171223958 136.524949324758 124.659034729004 139.520858764648 183.621788024902 0 0 207.30094909668 0 100.82413482666 125.786246666541 147.868673960368 209.278137207031 0 0 0 0 0 0 0 0 0 0 0 0 181.633361816406 0 0 136.361576625279 171.284454345703 0 133.667547225952 192.853820800781 0 0 0 162.494043986003 153.429565429688 193.350646972656 0 148.465896606445 172.242240905762 0 185.277473449707 77.5398223876953 0 171.533660888672 177.117614746094 0 0 207.622411092122 0 0 0 0 0 0 0 0 145.310317993164 143.856826782227 0
