32291 7687 12578 3237 2025 2413 10103 12658 311 1402 180 2182 0 7 6 17 2 4 9 1 45 47 6 10 29 2 6 10 6074 6368 660 198 479 125 1 1 62 121 10 2 1108 7 30 1 17 17 11 41 68 14 162 215 1535 2134 324 343 37 31 16 10 30 25 28 7 32 18 176 53 60 88 47 269 123 62 177 54 19 2 58 40 250 20 1745 1437 664 163 31 81 57 19 101 397 235 94 27 421 394 1466 60 17 128 25 235 319 53 394 18 16 103 108 122 226 3 3 7 1 5 0 3 7 7 4 8 7 8 1 3 0 0 1 12 0 85 72 0 38 1 1 16 16 5 4 3 19 27 0 3 0 5 5 7 3 2 3 0 0 12 22 6 7 20 22 4 8 18 1 1 5 0 2 19 5 1 5 4 3 5 2 3 3 120 29 19 1 5 71 12 3 17 2 20 3 0 24 85 15 15 1 0 2
7687 17767 5431 16345 1347 2818 516 319 124 217 233 1012 0 1 0 1 0 0 2 1 54 36 3 4 14 3 4 2 1392 3431 191 41 151 21 1 0 16 23 2 4 966 9 9 0 0 1 11 8 49 7 55 77 342 617 97 241 37 12 4 0 6 10 9 2 5 1 117 12 14 52 29 77 44 65 70 10 8 1 19 16 106 9 787 705 638 235 12 44 27 4 12 192 93 47 18 181 621 218 41 8 214 59 420 664 143 803 37 16 145 166 210 490 0 0 3 0 1 1 0 1 0 4 3 9 8 0 2 0 0 1 17 0 201 138 0 57 0 0 19 13 0 1 0 37 50 1 0 0 0 2 2 1 2 6 0 3 5 35 4 4 39 34 1 8 38 0 0 1 0 3 43 5 0 0 1 0 10 4 2 1 189 47 13 3 2 123 12 2 14 1 24 3 3 26 173 28 41 5 0 0
12578 5431 13836 11478 107 3092 1319 11970 901 4150 920 22276 0 0 2 0 4 3 0 0 59 28 5 4 16 1 4 3 949 333 41 16 107 19 3 0 7 13 1 5 653 4 6 3 2 2 4 12 66 7 117 134 777 1220 212 226 29 13 3 1 2 12 10 5 4 4 154 9 7 78 36 74 22 43 58 2 22 2 22 18 149 11 1069 747 531 138 23 45 39 8 10 260 143 65 24 99 1111 654 59 19 474 86 960 1302 221 1550 114 54 432 465 485 861 1 1 1 1 5 0 0 2 0 0 0 14 9 0 0 0 0 0 38 1 239 147 1 60 0 0 20 15 0 1 0 26 47 0 8 0 2 3 7 7 6 12 0 3 9 46 8 8 45 35 10 22 40 0 2 2 1 0 39 6 4 1 0 0 12 5 3 2 314 48 18 2 1 148 11 3 25 2 40 7 4 39 308 81 50 4 1 4
3237 16345 11478 15135 4089 6833 331 451 145 254 284 2587 1 2 2 2 0 0 0 1 149 75 1 6 25 1 4 2 725 3527 279 30 141 9 0 0 7 17 2 4 807 7 9 1 2 2 15 5 21 2 44 41 236 359 61 266 64 8 10 0 2 10 10 2 6 5 93 13 24 27 18 74 15 47 73 5 14 1 10 9 56 3 540 440 793 285 20 21 19 2 13 99 50 24 14 163 774 184 145 26 322 70 617 927 182 1114 56 42 256 251 329 689 0 0 2 1 1 0 3 1 0 1 0 14 14 0 1 1 0 0 25 0 220 177 0 36 0 0 14 22 2 3 0 35 41 0 6 0 1 2 1 2 1 5 1 6 6 41 5 4 38 27 14 14 35 1 0 1 1 4 41 5 0 2 0 0 3 3 2 3 283 42 11 0 1 163 3 3 5 3 41 1 2 50 247 43 41 5 1 1
2025 1347 107 4089 11929 6924 745 83 62 59 115 981 2 17 7 25 1 12 15 3 113 96 7 6 39 4 12 18 3347 6991 4222 721 1101 194 1 1 123 193 16 7 859 7 8 4 10 15 29 51 28 2 27 51 347 541 67 177 401 103 43 22 27 16 20 1 55 4 148 68 111 32 19 431 294 76 472 68 33 1 101 2 49 2 547 564 646 276 72 14 29 12 122 98 48 29 13 2230 445 306 118 111 51 20 84 170 28 199 7 5 33 19 54 165 8 2 3 3 9 1 7 5 8 9 7 10 12 1 0 0 1 2 6 0 90 88 2 41 1 4 23 24 4 1 2 25 36 1 2 0 7 14 12 3 5 2 0 3 8 22 5 5 27 20 4 8 20 2 1 0 0 1 28 6 1 1 2 8 9 3 7 1 115 37 18 3 2 88 3 1 7 0 23 2 2 22 55 10 14 1 1 1
2413 2818 3092 6833 6924 11090 640 508 129 270 371 13970 3 2 7 6 6 1 2 3 314 158 16 10 54 6 7 9 1004 3465 1012 3681 2618 44 1 0 32 57 2 10 1059 6 19 2 13 12 23 24 15 6 34 56 335 611 75 287 102 67 10 2 7 21 23 2 28 6 195 32 69 24 17 609 150 94 211 21 37 5 126 6 68 5 626 522 1065 405 52 21 20 2 59 106 71 22 12 927 954 249 347 71 168 42 364 469 69 599 33 18 119 128 164 355 4 2 3 2 7 3 2 4 17 4 5 11 10 1 3 0 0 1 21 0 138 115 2 50 1 0 17 29 2 4 1 29 30 2 2 0 7 5 4 1 2 2 0 2 5 26 4 5 33 32 5 8 26 0 2 0 0 1 27 10 2 1 0 3 6 1 9 1 215 48 15 0 2 124 5 2 8 2 31 2 2 23 167 23 37 2 1 3
10103 516 1319 331 745 640 10882 9963 939 3806 567 1242 0 6 0 9 2 3 1 0 19 17 2 3 15 2 6 3 1768 1289 291 79 188 63 0 0 45 51 6 2 98 2 8 0 3 10 5 18 7 2 44 64 1173 737 277 42 10 14 7 3 8 6 5 3 13 7 21 17 41 23 6 173 40 25 94 27 49 1 49 10 44 2 477 181 65 35 6 8 13 0 50 52 41 8 5 184 607 4673 29 6 12 3 19 33 7 32 5 1 10 15 11 32 2 0 3 1 3 2 2 0 2 3 0 1 5 0 0 1 0 1 3 1 13 19 0 16 0 0 10 16 2 1 3 5 8 0 0 0 0 3 0 0 0 0 0 1 4 3 4 5 5 4 0 3 3 0 0 2 1 0 8 1 1 2 1 2 4 2 0 0 23 11 8 1 0 22 6 1 4 0 3 2 2 2 8 1 7 1 0 0
12658 319 11970 451 83 508 9963 22184 3438 18310 1550 5144 0 2 0 0 1 2 0 0 8 3 2 4 7 0 1 1 1012 316 26 10 38 3 0 0 3 6 2 1 356 3 8 0 3 2 2 3 31 8 93 171 1567 1418 313 133 7 4 2 0 2 14 6 2 6 6 91 3 6 49 26 24 14 18 25 1 24 1 34 28 143 9 1132 687 171 54 12 27 17 1 3 212 121 25 9 32 263 1256 11 4 80 12 175 173 29 227 41 13 68 101 67 118 0 0 1 0 0 0 0 0 0 0 0 1 2 0 1 0 0 0 4 0 20 17 0 10 0 0 2 3 0 1 0 4 6 0 0 1 0 1 1 3 1 1 0 0 3 3 6 5 9 4 2 6 9 0 1 0 0 0 5 3 0 0 0 0 8 2 0 0 37 10 4 1 0 21 9 1 9 0 4 2 1 3 35 18 3 0 0 0
311 124 901 145 62 129 939 3438 1329 4207 1243 1146 2 0 0 0 2 2 0 0 27 12 1 2 4 0 1 0 140 71 9 19 143 5 0 0 0 3 1 0 70 5 7 1 54 14 0 3 7 20 14 23 428 148 106 20 10 3 0 0 1 4 3 1 2 28 24 2 1 5 3 774 19 167 20 0 367 8 137 7 30 32 102 65 31 17 1 37 16 29 31 21 14 6 7 44 2060 2745 3 3 16 1 28 36 4 33 4 0 8 21 7 22 1 0 0 0 1 0 0 0 1 1 0 3 1 0 1 0 0 0 1 0 5 18 0 12 0 0 5 2 0 1 0 1 8 1 0 0 0 2 0 3 0 3 0 0 1 2 1 3 5 5 0 2 2 0 1 1 1 0 4 0 0 0 1 1 3 0 2 1 33 17 13 0 0 13 3 1 3 0 2 0 1 1 13 2 5 0 0 0
1402 217 4150 254 59 270 3806 18310 4207 28155 12176 32435 3 1 1 1 1 0 0 0 14 12 2 3 5 1 3 0 527 129 21 11 87 3 1 0 1 7 2 0 173 3 0 0 2 1 1 1 18 3 61 89 1008 803 217 77 9 5 0 1 0 6 3 1 1 6 60 3 6 31 11 216 5 19 17 3 272 0 272 10 72 5 651 344 103 22 6 16 15 3 6 127 68 17 9 25 2579 1531 8 7 240 31 474 499 57 625 99 52 262 324 275 288 0 0 1 1 0 0 0 0 0 0 0 0 4 0 0 1 0 1 15 0 53 48 1 19 0 0 3 5 0 0 0 9 13 0 3 0 2 1 0 3 2 3 0 1 3 14 3 6 15 17 7 9 3 2 0 1 0 0 14 2 1 1 0 3 1 2 3 1 89 8 4 0 0 50 3 5 11 0 16 0 3 15 143 52 16 3 0 2
180 233 920 284 115 371 567 1550 1243 12176 7035 6429 1 2 0 1 1 0 3 1 69 41 0 0 14 2 0 2 252 110 30 26 469 6 0 0 7 12 0 0 188 3 1 1 15 7 5 4 6 3 19 21 182 223 27 39 11 4 1 0 3 8 4 0 3 1 63 1 13 8 4 1195 25 105 28 10 493 4 66 1 19 4 184 152 122 65 6 11 4 2 20 24 15 10 5 61 3616 470 38 10 166 37 326 418 60 551 42 19 162 181 165 379 1 0 1 1 1 1 3 3 7 2 2 9 17 0 1 1 1 0 17 0 109 132 0 48 0 0 19 26 0 4 0 29 42 1 1 0 1 4 2 1 1 6 0 4 8 22 2 10 31 25 3 16 20 2 0 0 0 1 36 9 1 0 0 1 5 2 3 0 202 48 25 1 1 121 5 0 5 4 31 4 2 40 163 31 28 4 0 2
2182 1012 22276 2587 981 13970 1242 5144 1146 32435 6429 16932 8 9 6 5 1 3 5 3 347 184 10 8 68 5 10 7 1071 1180 251 805 1581 71 3 0 46 63 6 10 1173 9 26 8 37 22 32 33 37 14 71 111 724 1042 148 316 83 59 8 4 15 14 20 10 21 24 317 40 71 47 13 1300 197 285 264 32 414 25 287 23 106 14 911 760 1001 379 61 34 28 21 98 179 80 42 21 979 3966 865 319 50 488 86 961 1374 225 1646 130 66 418 459 488 1041 5 3 3 3 15 8 6 6 16 10 10 26 34 1 6 2 0 0 42 1 340 324 0 161 2 0 54 68 2 11 2 66 107 0 7 1 7 6 10 1 3 27 0 6 27 79 12 13 68 81 13 35 66 1 3 3 3 4 89 32 3 3 3 5 18 4 16 3 549 115 60 5 2 301 3 3 10 5 81 5 1 67 453 77 86 8 2 9
0 0 0 1 2 3 0 0 2 3 1 8 5952 6 16 33 26 1695 5113 93 3 3 0 13 1 1 14 29 4 3 7 2 17 7 1 0 19 374 51 1 16 9 21 3268 2561 1620 1 5 1 35 0 0 2 4 0 1 1 0 0 0 40 0 3 10 23 1129 4 0 14 2 1 51 429 254 2 12 65 212 277 1 3 5 1 1 3 2 0 36 37 52 340 2 1 3 8 7 9 2 0 0 1 17 0 0 14 12 0 2 0 0 0 5 66 357 993 29 29 412 25 3111 94 1422 56 1 1 5 13 52 8 240 18 5 9 5 7 18 13 1 41 148 641 8 396 4 28 27 69 222 117 1774 11 10 12 3 0 22 0 1 0 0 5 16 1 14 3 11 191 112 8 199 3 18 7 8 6 223 0 0 104 30 7 15 185 4 30 16 1 4 11 2 4 20 17 8 3 1 3 1 0 1
7 1 0 2 17 2 6 2 0 1 2 9 6 10307 4996 1481 212 145 72 35 136 108 907 241 13 123 1837 1482 186 156 71 3 11 189 1976 5382 455 33 331 755 1389 31 116 16 0 11 226 18 14 0 0 2 21 43 2 8 129 330 1339 118 17 13 57 132 542 6 47 529 265 5 1 4 33 17 476 23 0 4 10 0 4 0 20 26 42 26 27 1 5 2 11 8 3 4 23 59 1 6 18 71 1 1 0 0 13 7 0 0 0 0 2 10 146 26 28 101 94 151 123 56 276 304 255 31 34 2 33 8 4 24 10 2 10 18 4 41 20 20 85 264 17 130 18 4 37 7 4 6 99 20 91 5 2 0 1 0 1 1 0 0 4 10 1 7 7 54 6 7 6 3 15 13 9 25 2 33 0 0 4 0 18 60 35 6 3 10 0 0 0 2 2 2 5 7 1 0 12 4 1 13
6 0 2 2 7 7 0 0 0 1 0 6 16 4996 15452 14585 274 1436 446 372 121 79 989 252 10 138 1726 4444 92 59 36 0 10 82 855 1742 121 107 1569 313 2683 131 163 44 7 62 66 111 20 2 1 1 7 13 1 6 55 165 183 37 127 36 60 120 1622 17 30 215 1192 19 7 3 20 30 193 308 4 4 9 0 3 0 6 12 17 15 14 6 35 13 113 18 2 15 46 21 1 3 7 27 2 11 4 0 13 11 0 0 0 0 0 12 338 96 71 194 92 323 196 264 472 629 402 39 31 4 95 17 19 66 8 3 7 15 15 28 20 19 68 301 65 160 43 0 40 11 9 21 214 80 106 7 9 0 1 2 1 2 0 0 3 7 0 5 11 85 8 21 5 12 11 18 6 32 4 74 0 0 13 9 21 38 47 6 13 15 1 0 7 3 3 9 10 5 1 3 16 1 2 7
17 1 0 2 25 6 9 0 0 1 1 5 33 1481 14585 10899 284 3635 2453 1453 14 38 337 293 10 30 404 3564 238 145 82 3 21 128 48 72 305 313 1134 49 1821 317 221 25 8 148 73 31 47 3 2 2 18 32 5 4 120 203 30 28 195 40 55 98 328 19 44 158 320 13 7 3 78 72 349 191 4 9 5 0 7 0 17 17 22 18 21 7 51 13 77 33 0 24 63 71 4 7 12 69 0 9 0 0 9 15 0 0 0 1 0 5 340 445 344 95 29 756 40 1631 185 1730 106 9 9 7 43 49 33 320 7 1 4 8 6 15 39 13 57 144 400 41 192 2 20 17 23 227 300 224 28 8 7 1 0 7 0 1 0 0 1 4 0 5 9 35 14 54 11 28 5 6 8 15 4 67 0 3 27 6 5 16 138 4 13 7 0 2 4 0 1 8 13 9 1 1 5 0 0 1
2 0 4 0 1 6 2 1 2 1 1 1 26 212 274 284 1292 225 1513 1278 71 63 218 103 4 124 26 8 24 21 14 2 15 30 27 93 280 214 46 161 461 23 59 57 20 83 49 5 6 4 1 2 2 3 0 4 7 13 14 0 54 6 14 6 44 4 4 9 52 4 2 1 16 36 46 78 1 5 6 1 0 0 2 4 19 13 3 2 9 8 154 9 0 8 24 7 2 3 4 7 3 10 2 2 9 17 0 0 0 0 5 20 347 70 40 116 101 96 142 58 478 191 251 59 71 20 95 9 14 50 11 4 18 23 6 40 35 35 120 324 43 244 27 6 60 14 7 9 207 30 145 10 5 1 0 5 0 5 0 0 6 11 1 4 7 101 21 23 16 5 19 25 10 45 6 73 0 6 15 7 18 66 37 10 16 24 1 1 5 5 5 3 13 2 3 1 20 7 3 26
4 0 3 0 12 1 3 2 2 0 0 3 1695 145 1436 3635 225 3403 1309 744 13 52 195 842 24 42 472 390 37 41 25 2 47 60 24 4 222 736 4569 45 1475 526 866 236 38 6964 49 81 98 9 0 0 3 16 9 6 13 33 14 6 2433 79 145 369 462 123 22 29 683 32 28 6 230 109 62 935 10 16 29 0 24 0 8 13 13 12 1 19 126 42 608 79 6 45 153 38 1 1 18 8 4 44 0 2 14 16 0 1 0 0 3 26 279 1032 1298 98 61 811 52 2866 200 2121 111 8 5 11 23 158 66 870 47 5 16 7 19 39 70 11 53 242 1077 44 821 8 61 53 137 488 350 887 39 23 15 5 6 34 0 6 1 5 7 20 1 20 21 50 106 243 30 79 5 24 19 20 18 232 3 4 64 25 11 23 172 6 36 20 11 5 26 0 6 23 38 28 11 5 5 1 1 3
9 2 0 0 15 2 1 0 0 0 3 5 5113 72 446 2453 1513 1309 31820 5707 52 84 136 405 20 210 524 173 32 19 28 2 93 72 125 8 483 3722 169 205 618 118 337 5238 901 2030 80 42 48 21 3 1 8 17 0 5 3 15 35 3 227 60 111 104 110 207 7 23 75 23 5 16 794 1597 44 131 11 72 40 1 11 6 8 11 20 17 6 42 131 102 1804 39 6 25 120 33 9 1 6 2 5 52 0 3 22 35 0 0 0 0 4 47 2785 1409 1729 982 288 3490 598 4391 2552 8602 1520 120 115 63 414 156 188 1112 45 20 42 58 40 97 209 122 307 1123 956 602 428 13 173 108 105 976 2250 760 359 49 46 10 14 28 1 13 0 2 14 32 3 25 33 402 81 168 48 144 32 46 30 88 36 392 8 14 115 43 54 139 995 32 67 63 2 7 19 13 8 36 71 30 9 4 31 7 1 48
1 1 0 1 3 3 0 0 0 0 1 3 93 35 372 1453 1278 744 5707 3130 41 48 236 166 8 142 65 16 15 10 6 2 14 18 33 1 157 277 189 147 878 64 143 144 40 172 26 23 26 3 0 0 2 2 0 1 11 5 3 0 153 22 46 16 106 15 3 9 234 8 5 2 62 57 28 258 2 5 10 1 3 1 3 0 9 5 4 2 30 14 276 8 2 9 49 7 3 0 4 1 0 5 1 0 10 8 0 1 0 1 3 21 801 136 74 261 100 234 203 174 742 583 395 50 45 16 137 25 49 91 17 5 8 7 7 39 43 36 97 370 62 243 50 4 56 28 11 15 283 89 155 7 6 3 3 4 1 8 1 0 3 7 1 9 3 149 27 26 16 9 14 13 8 42 3 106 2 1 32 8 14 47 57 11 20 27 1 0 1 5 7 9 21 8 8 2 17 6 3 21
45 54 59 149 113 314 19 8 27 14 69 347 3 136 121 14 71 13 52 41 4925 5769 3890 345 308 375 105 24 140 135 233 63 542 436 25 7 247 445 15 329 812 83 320 28 3 35 223 18 21 1 4 4 22 44 9 628 49 333 69 17 10 39 143 56 62 5 43 141 69 20 6 143 406 146 1454 17 63 1 93 0 5 1 118 44 2684 603 82 3 18 5 43 18 2 17 66 364 103 47 186 41 8 3 8 10 5 21 1 1 1 4 7 40 3 1 4 4 42 3 10 12 23 12 14 36 44 1 8 3 2 5 10 0 22 82 5 138 2 1 158 184 2 39 2 8 46 1 4 4 16 12 54 1 1 1 0 1 2 13 0 1 12 13 1 10 18 6 2 4 2 0 15 12 9 15 0 9 2 0 5 1 112 130 57 10 4 46 2 1 0 1 13 1 2 11 16 1 38 2 1 12
47 36 28 75 96 158 17 3 12 12 41 184 3 108 79 38 63 52 84 48 5769 20975 4060 1845 5477 3539 571 38 197 148 188 60 606 618 39 7 271 693 27 2959 781 365 1930 46 12 112 729 73 65 7 7 13 73 188 11 319 84 347 95 21 70 272 1147 518 262 40 205 268 289 79 11 115 607 249 1493 55 53 5 138 0 14 1 456 350 3762 3295 251 13 78 37 164 45 14 77 522 330 81 23 3857 51 6 5 5 8 7 21 1 0 1 1 6 39 4 5 14 7 93 9 18 54 40 21 12 42 76 3 5 0 4 6 18 2 29 86 13 203 2 1 291 332 12 67 14 12 74 7 12 3 56 57 78 3 6 1 0 7 1 10 1 4 21 22 1 17 15 12 13 7 10 6 34 22 16 34 3 23 2 2 19 5 108 227 97 15 9 57 0 2 4 6 13 17 6 12 6 1 40 10 0 21
6 3 5 1 7 16 2 2 1 2 0 10 0 907 989 337 218 195 136 236 3890 4060 16991 8254 215 4791 564 62 47 21 19 9 119 232 71 27 340 405 46 1434 7227 2288 995 15 5 64 415 20 180 4 2 2 17 59 3 64 31 36 98 33 52 51 135 82 56 21 74 161 61 21 2 16 137 30 148 19 10 0 18 0 3 2 59 75 351 251 31 18 52 24 70 50 4 47 190 32 11 5 164 11 0 2 0 0 1 2 0 0 1 0 0 7 5 4 6 6 21 18 16 42 12 34 13 6 7 0 3 0 0 3 3 0 1 7 1 21 0 0 24 47 8 12 11 1 9 1 3 1 6 27 17 3 2 0 0 3 1 0 0 0 3 6 1 0 5 3 4 1 3 2 2 4 0 3 3 11 0 1 11 6 13 25 23 1 3 5 1 1 5 0 1 5 3 2 1 1 8 1 2 3
10 4 4 6 6 10 3 4 2 3 0 8 13 241 252 293 103 842 405 166 345 1845 8254 12634 566 4459 6055 65 113 31 20 4 30 89 858 73 74 158 144 4953 4315 4541 2869 27 24 649 2189 55 306 9 2 4 68 231 17 26 82 22 524 14 420 103 367 714 246 177 378 344 183 48 14 9 86 73 72 34 8 2 19 1 16 1 117 248 262 493 117 26 101 32 189 131 6 84 249 14 5 4 368 21 0 5 1 0 2 2 0 0 0 0 0 5 49 38 111 32 22 101 28 339 84 308 60 10 6 0 6 9 3 31 2 3 3 5 5 20 7 4 54 82 56 23 58 0 12 5 21 13 44 233 24 4 10 0 0 6 0 2 0 0 0 3 1 5 4 12 29 19 2 43 5 4 0 8 11 65 1 0 29 11 9 21 40 1 15 7 2 1 7 1 3 11 8 1 0 0 2 0 1 5
29 14 16 25 39 54 15 7 4 5 14 68 1 13 10 10 4 24 20 8 308 5477 215 566 7118 485 364 51 263 99 79 20 228 210 32 4 63 304 17 2319 244 121 723 5 4 41 4031 41 21 4 11 12 151 593 23 83 314 107 25 1 11 93 622 291 232 15 1185 614 188 33 10 45 343 145 589 27 39 2 75 2 11 1 386 783 941 2400 856 10 22 10 63 31 19 34 174 187 23 11 5564 219 1 8 1 2 2 8 2 1 0 1 2 18 1 3 8 4 31 6 5 19 15 9 9 26 43 1 1 1 0 3 6 2 13 70 10 136 1 1 151 163 5 28 15 5 35 3 4 4 14 34 32 1 1 1 0 3 4 3 0 4 9 10 1 7 16 0 6 3 3 2 19 16 9 14 0 15 2 0 7 3 50 130 69 7 5 33 0 1 4 2 10 4 2 7 6 2 18 5 0 11
2 3 1 1 4 6 2 0 0 1 2 5 1 123 138 30 124 42 210 142 375 3539 4791 4459 485 7360 492 13 31 11 12 1 27 53 590 57 87 207 4 8097 882 105 220 42 0 26 712 2 8 4 3 0 30 117 2 25 15 10 253 13 8 12 64 37 14 0 134 100 16 9 5 7 72 30 36 4 9 0 18 0 1 2 82 162 268 420 35 3 4 0 6 10 1 7 30 12 3 1 288 7 1 1 0 0 3 1 0 0 0 0 1 8 49 12 13 41 28 48 50 31 114 131 88 7 6 1 13 0 2 5 3 2 2 9 1 15 3 6 33 105 5 37 3 0 5 0 2 1 51 8 23 1 2 0 1 1 1 0 0 0 1 4 0 3 1 15 3 7 0 0 3 3 4 3 1 16 0 0 2 2 6 14 15 4 3 3 0 1 2 1 1 1 3 3 0 3 4 0 1 4
6 4 4 4 12 7 6 1 1 3 0 10 14 1837 1726 404 26 472 524 65 105 571 564 6055 364 492 18188 4083 311 93 38 5 17 124 4549 724 44 87 115 2077 1065 267 550 12 5 69 1617 12 37 1 5 6 65 347 9 30 320 183 1914 64 28 42 183 1033 515 27 722 797 137 9 6 4 34 141 194 11 3 3 9 0 4 0 84 229 133 335 164 1 14 5 27 32 5 12 58 22 1 4 289 68 1 5 0 0 3 3 0 0 0 0 1 7 147 179 195 74 38 721 45 1035 181 1325 156 9 10 5 12 12 6 115 10 3 10 5 6 17 17 9 30 82 158 39 59 1 16 7 5 77 191 144 29 3 7 1 1 5 1 4 0 0 3 3 0 4 7 26 6 18 3 15 6 4 2 15 4 49 2 2 16 1 7 18 156 1 10 11 2 1 2 1 3 5 4 7 0 0 2 1 1 4
10 2 3 2 18 9 3 1 0 0 2 7 29 1482 4444 3564 8 390 173 16 24 38 62 65 51 13 4083 10491 851 378 176 0 16 287 268 201 35 23 1078 23 355 80 96 8 3 87 319 35 6 1 0 5 71 251 5 16 627 714 372 84 46 29 164 773 1866 81 507 944 299 8 1 8 21 67 787 20 0 2 7 0 10 2 47 101 45 84 145 12 7 2 24 6 2 9 25 51 2 12 54 192 0 8 0 0 11 8 0 0 0 0 0 10 49 333 437 31 31 363 17 2051 70 979 35 7 11 4 4 58 12 272 23 2 6 7 5 34 20 4 45 134 540 24 334 0 31 19 29 93 87 725 18 8 5 1 1 2 1 5 0 0 4 15 1 14 10 8 58 80 8 42 8 7 11 8 3 121 3 2 27 12 9 25 86 2 20 11 1 0 6 2 2 8 15 10 0 1 3 0 0 4
6074 1392 949 725 3347 1004 1768 1012 140 527 252 1071 4 186 92 238 24 37 32 15 140 197 47 113 263 31 311 851 25464 18361 3759 346 1039 820 90 31 521 496 241 86 357 82 402 7 30 69 345 387 29 8 33 40 2410 8636 319 68 3075 286 585 97 112 246 903 194 1698 15 3840 696 1650 89 81 834 393 205 3018 272 88 6 212 5 61 3 590 710 284 284 1382 24 120 33 314 50 40 41 187 1649 417 3375 549 1391 70 16 83 129 54 170 7 6 21 25 48 207 22 4 21 8 21 12 3 35 29 31 12 30 40 3 3 1 1 11 17 4 158 326 4 146 0 0 92 91 22 24 19 31 93 3 16 8 19 82 30 2 7 11 0 12 5 35 5 3 61 47 6 24 59 3 28 18 7 4 69 19 6 12 18 42 7 4 46 16 530 167 65 5 17 221 2 3 12 6 69 16 3 30 84 11 82 10 1 6
6368 3431 333 3527 6991 3465 1289 316 71 129 110 1180 3 156 59 145 21 41 19 10 135 148 21 31 99 11 93 378 18361 19679 6925 418 1158 823 28 23 541 510 151 13 622 45 121 10 31 52 119 247 39 11 48 58 602 1147 107 162 3320 202 366 80 78 135 245 47 768 17 964 417 983 71 62 546 425 97 1540 244 43 5 172 10 102 10 654 635 505 273 435 47 81 16 281 122 73 42 93 2057 336 593 244 838 42 13 79 146 31 185 7 3 24 26 53 133 13 8 20 7 13 8 6 30 34 21 12 24 28 1 3 0 1 3 13 0 65 121 5 85 1 1 51 71 16 13 13 23 47 2 17 2 4 46 25 6 7 1 1 12 4 17 5 3 22 25 2 7 23 4 9 8 5 1 38 12 5 4 12 33 4 3 29 7 200 61 31 4 15 117 6 1 8 3 26 14 5 18 66 10 26 6 0 2
660 191 41 279 4222 1012 291 26 9 21 30 251 7 71 36 82 14 25 28 6 233 188 19 20 79 12 38 176 3759 6925 9101 239 959 651 13 9 324 460 67 17 964 20 49 3 9 41 84 113 30 4 31 31 310 682 62 249 6749 250 198 55 43 54 80 15 312 2 913 302 415 33 35 389 468 35 2670 104 13 2 120 5 60 3 682 719 1077 566 636 25 48 10 188 96 52 24 16 5214 104 173 651 4104 11 3 22 30 4 46 2 0 3 4 13 37 11 2 3 4 8 2 2 29 21 11 10 6 7 0 7 2 0 4 4 0 22 41 4 27 0 1 27 43 14 11 5 8 16 1 4 3 7 31 9 2 2 2 1 9 5 3 4 3 10 8 2 7 2 1 2 3 2 0 9 8 1 7 7 6 0 0 12 4 51 39 13 2 3 27 2 2 11 3 3 4 1 7 13 0 10 0 1 3
198 41 16 30 721 3681 79 10 19 11 26 805 2 3 0 3 2 2 2 2 63 60 9 4 20 1 5 0 346 418 239 3171 5295 148 0 0 45 72 1 3 123 1 4 1 4 4 17 4 3 1 8 12 100 158 12 34 25 728 7 12 3 3 6 0 5 2 41 30 20 8 6 752 206 29 1693 7 20 0 112 3 18 5 105 103 99 52 12 5 2 1 26 27 18 3 3 4715 152 44 34 10 9 5 17 34 11 41 1 0 10 3 6 36 2 0 2 2 1 0 2 0 1 3 3 5 6 0 2 0 0 0 2 0 28 41 0 16 0 0 8 8 0 3 1 7 14 0 1 0 0 4 1 0 0 0 0 2 3 10 3 1 10 15 1 4 10 1 0 0 0 0 9 4 0 0 1 2 2 1 1 0 73 21 7 3 0 38 3 0 2 1 8 1 0 3 12 2 12 0 0 0
479 151 107 141 1101 2618 188 38 143 87 469 1581 17 11 10 21 15 47 93 14 542 606 119 30 228 27 17 16 1039 1158 959 5295 8572 3125 8 3 465 2243 13 95 624 14 47 28 44 74 310 48 21 13 43 49 359 597 77 122 139 862 82 147 39 21 26 15 35 13 222 396 125 45 23 3880 2247 196 3712 89 145 12 648 16 61 10 515 478 465 291 123 25 38 14 215 115 69 24 22 4745 1158 219 162 66 47 22 88 148 52 171 5 6 15 17 45 223 30 9 13 10 43 16 25 16 71 23 36 53 72 2 12 5 1 8 22 1 110 239 6 200 6 2 158 189 6 79 10 43 120 4 13 2 46 29 68 3 0 7 1 4 11 63 5 12 52 55 2 31 36 8 6 7 7 1 82 30 17 24 4 16 11 5 20 6 396 236 79 22 6 226 5 3 9 10 59 4 9 30 82 8 78 12 6 22
125 21 19 9 194 44 63 3 5 3 6 71 7 189 82 128 30 60 72 18 436 618 232 89 210 53 124 287 820 823 651 148 3125 10044 198 75 2767 2561 100 370 513 23 86 8 5 47 1213 77 15 5 10 23 117 231 26 76 315 2049 2340 4433 44 23 79 40 295 3 150 3270 338 17 25 205 609 53 3788 106 2 0 48 2 27 2 194 202 358 191 180 12 34 4 116 32 20 14 25 714 14 49 126 212 8 5 3 3 12 24 1 1 2 2 2 33 15 5 8 9 92 14 39 23 52 25 30 45 52 3 17 2 3 12 17 2 18 62 16 161 9 4 216 329 8 81 9 9 66 3 8 2 41 19 81 1 2 2 1 5 3 6 2 0 19 21 2 15 24 5 4 11 7 2 38 39 24 40 7 15 3 0 7 4 71 168 56 14 6 50 2 0 4 12 23 4 3 9 9 3 40 12 5 27
1 1 3 0 1 1 0 0 0 1 0 3 1 1976 855 48 27 24 125 33 25 39 71 858 32 590 4549 268 90 28 13 0 8 198 5951 1609 112 126 15 2158 177 44 264 9 1 11 1431 5 2 0 0 2 3 33 1 1 48 99 2846 137 2 6 79 266 121 2 63 672 40 4 0 1 23 30 75 5 0 3 5 0 0 0 11 28 13 12 17 0 3 3 7 3 1 5 20 4 0 0 9 16 0 5 0 1 2 3 0 0 0 1 0 5 113 35 25 70 51 218 69 91 216 436 204 14 15 4 20 2 5 20 7 2 2 4 6 26 15 10 49 163 14 54 9 1 23 3 4 3 70 10 37 3 1 0 0 1 0 2 0 0 3 2 1 1 2 27 2 1 1 3 3 12 4 17 1 20 0 0 2 0 7 18 28 2 4 7 0 0 1 1 2 2 7 0 0 1 7 0 0 8
1 0 0 0 1 0 0 0 0 0 0 0 0 5382 1742 72 93 4 8 1 7 7 27 73 4 57 724 201 31 23 9 0 3 75 1609 1560 46 6 28 288 90 6 43 1 0 1 153 3 1 0 1 0 2 5 0 0 10 288 1223 182 2 5 16 69 105 1 4 279 30 0 2 0 2 2 87 0 0 0 0 0 0 0 1 3 3 0 5 0 0 0 0 1 0 1 1 3 0 0 1 9 0 0 0 0 0 0 0 0 0 0 0 2 9 3 0 3 9 2 8 4 18 15 26 3 4 0 3 0 1 0 4 0 0 2 0 4 2 0 3 20 1 7 2 1 0 1 1 0 11 1 7 0 0 0 0 0 0 0 0 0 0 0 0 1 0 1 3 1 0 0 1 1 0 4 0 2 0 0 1 0 1 1 3 0 0 1 0 0 0 0 1 0 2 0 0 0 1 0 0 0
62 16 7 7 123 32 45 3 0 1 7 46 19 455 121 305 280 222 483 157 247 271 340 74 63 87 44 35 521 541 324 45 465 2767 112 46 2755 765 29 430 511 14 57 11 5 98 688 8 6 3 6 10 35 73 10 21 200 425 291 278 27 4 18 17 36 1 51 393 75 4 2 25 146 39 1475 37 3 9 18 1 9 0 79 71 128 66 41 2 6 1 55 7 9 1 6 316 4 25 50 139 9 17 4 3 18 43 0 2 0 2 7 56 56 15 17 33 123 19 63 23 208 50 88 112 170 10 41 8 5 23 25 5 36 60 9 144 24 11 296 445 23 284 15 8 83 8 10 7 103 34 220 7 0 1 1 2 1 8 0 2 21 30 3 12 26 45 8 19 11 4 67 70 31 77 2 29 1 2 11 1 69 209 52 27 8 77 2 1 2 14 26 1 14 20 6 6 75 21 17 38
121 23 13 17 193 57 51 6 3 7 12 63 374 33 107 313 214 736 3722 277 445 693 405 158 304 207 87 23 496 510 460 72 2243 2561 126 6 765 5051 56 727 604 43 175 423 279 1166 1427 27 15 16 21 16 130 180 36 75 142 190 262 111 231 19 67 56 72 69 125 684 94 20 12 57 3152 432 907 115 23 23 124 5 24 14 184 182 303 240 107 24 70 45 1162 35 25 15 34 526 21 48 146 76 17 39 6 15 35 103 2 6 10 2 22 162 488 104 94 191 398 201 285 190 936 419 451 257 352 24 147 25 41 81 80 14 101 221 60 498 84 40 866 1380 90 692 68 31 257 33 51 26 429 165 573 23 17 6 3 10 16 26 6 5 45 84 3 45 73 161 46 66 26 16 156 153 70 171 7 163 7 5 62 13 246 691 271 63 34 209 8 3 8 41 69 22 34 34 20 8 175 34 15 98
10 2 1 2 16 2 6 2 1 2 0 6 51 331 1569 1134 46 4569 169 189 15 27 46 144 17 4 115 1078 241 151 67 1 13 100 15 28 29 56 9669 12 359 145 226 13 37 1183 51 66 32 3 0 1 22 40 4 6 133 219 53 25 5832 43 47 166 2296 65 82 199 2199 15 15 2 26 22 313 1536 4 7 6 0 12 1 23 36 25 17 31 12 69 16 606 24 2 7 30 53 3 4 16 65 4 30 0 1 20 16 0 4 0 0 2 10 46 414 757 15 46 212 17 1920 55 595 20 12 6 7 4 112 14 368 40 16 11 7 11 47 28 8 41 157 715 21 860 4 32 33 119 133 52 1421 23 14 11 3 2 22 1 7 0 1 11 15 1 19 24 8 259 291 30 57 13 35 15 20 13 464 0 7 96 27 11 17 49 13 34 20 3 4 12 1 7 21 25 19 5 2 5 1 3 3
2 4 5 4 7 10 2 1 0 0 0 10 1 755 313 49 161 45 205 147 329 2959 1434 4953 2319 8097 2077 23 86 13 17 3 95 370 2158 288 430 727 12 5364 805 168 454 41 3 36 794 7 12 1 3 4 49 211 9 31 37 34 1303 47 26 18 107 110 38 5 268 552 42 9 1 14 183 43 69 22 7 6 32 0 9 0 75 220 241 397 68 6 10 5 30 13 1 6 44 18 3 0 311 10 0 5 0 0 15 14 1 0 0 2 2 11 48 8 8 36 81 37 56 33 108 77 92 33 38 1 6 6 5 8 11 1 8 28 9 74 5 3 112 231 12 73 8 1 44 4 5 5 65 6 76 0 3 0 0 1 0 2 0 0 7 16 2 5 7 23 8 5 0 0 22 13 4 19 3 22 0 0 8 1 26 63 31 9 2 19 0 0 0 3 2 2 1 9 3 3 18 4 2 6
1108 966 653 807 859 1059 98 356 70 173 188 1173 16 1389 2683 1821 461 1475 618 878 812 781 7227 4315 244 882 1065 355 357 622 964 123 624 513 177 90 511 604 359 805 7803 4124 1325 67 128 789 385 337 3636 112 375 221 92 173 3435 1095 201 364 113 53 564 546 388 249 595 329 176 356 644 511 396 346 398 216 1617 254 165 17 167 36 607 36 567 286 683 329 155 842 1503 337 902 2056 416 912 839 740 177 132 330 132 18 20 24 46 23 60 1 4 12 8 20 76 11 34 111 17 42 60 16 324 33 170 23 43 49 2 5 9 4 26 16 2 74 196 14 169 6 2 159 187 71 49 76 14 65 19 58 16 42 399 52 58 95 6 5 81 13 25 12 28 33 29 0 20 43 5 57 32 30 44 39 30 22 22 43 137 14 33 148 31 310 197 107 14 60 130 64 30 164 5 42 141 55 15 45 10 44 11 2 12
7 9 4 7 7 6 2 3 5 3 3 9 9 31 131 317 23 526 118 64 83 365 2288 4541 121 105 267 80 82 45 20 1 14 23 44 6 14 43 145 168 4124 5712 4681 25 88 716 183 147 1639 28 3 2 24 69 12 20 47 19 15 5 499 193 228 184 560 251 109 55 667 79 42 17 41 44 53 246 38 6 18 0 33 0 38 68 58 100 29 72 276 133 1113 332 17 201 369 16 14 2 65 11 0 6 0 0 0 1 0 0 0 0 0 2 4 9 106 2 4 26 1 165 11 78 10 2 1 1 2 6 2 16 3 2 0 3 3 12 0 0 21 31 29 7 60 0 1 11 93 6 25 385 6 8 19 0 2 51 0 1 0 0 0 3 0 1 2 2 73 30 14 37 3 4 2 2 25 146 0 3 161 50 6 11 11 1 47 11 6 7 23 0 1 44 13 2 5 0 0 0 0 2
30 9 6 9 8 19 8 8 7 0 1 26 21 116 163 221 59 866 337 143 320 1930 995 2869 723 220 550 96 402 121 49 4 47 86 264 43 57 175 226 454 1325 4681 3806 75 195 1596 763 513 2513 59 15 6 106 446 21 67 240 42 257 7 1385 881 4273 5751 1621 657 800 319 2362 342 102 41 138 100 176 605 122 9 70 2 67 2 192 409 444 638 139 97 612 341 3475 395 25 568 2197 56 37 14 553 45 2 9 0 0 2 4 0 3 0 0 0 8 38 51 214 10 20 121 18 575 54 318 28 3 7 3 6 15 4 40 15 4 5 13 4 28 2 2 52 68 118 19 147 1 8 31 200 26 45 851 18 28 60 2 3 112 1 1 0 3 0 7 0 10 11 7 175 68 37 115 9 19 8 6 78 386 2 9 356 132 16 36 42 6 125 27 11 12 38 0 2 119 40 5 2 0 1 1 0 4
1 0 3 1 4 2 0 0 1 0 1 8 3268 16 44 25 57 236 5238 144 28 46 15 27 5 42 12 8 7 10 3 1 28 8 9 1 11 423 13 41 67 25 75 6918 3524 1626 38 41 24 507 19 39 3 3 3 2 1 2 17 1 85 33 30 9 13 542 5 22 20 12 13 57 1552 1061 6 47 75 2437 1059 42 71 191 4 7 17 15 2 429 234 407 1416 10 4 14 40 0 5 2 3 0 2 7 1 1 7 29 0 1 0 0 2 23 484 144 193 187 100 598 164 636 706 1351 414 48 65 11 89 24 23 110 12 7 21 37 8 54 44 32 167 426 102 210 49 4 65 19 25 71 414 186 144 19 28 4 5 27 4 7 5 5 11 19 1 11 9 101 29 28 14 27 28 19 18 46 30 111 3 8 78 25 34 135 336 11 28 45 11 10 23 6 11 46 33 9 5 1 33 6 4 26
17 0 2 2 10 13 3 3 54 2 15 37 2561 0 7 8 20 38 901 40 3 12 5 24 4 0 5 3 30 31 9 4 44 5 1 0 5 279 37 3 128 88 195 3524 6021 2477 5 186 74 1600 7 53 10 20 4 3 5 0 2 0 77 110 136 21 65 3166 9 6 113 42 43 617 1205 368 12 135 1667 1001 2164 38 177 350 8 12 6 4 0 1599 1152 2364 1562 41 14 37 196 13 354 46 5 0 1 8 2 2 7 3 1 5 0 2 0 11 3 14 125 4 5 38 4 230 20 63 3 5 4 2 2 7 0 16 23 2 6 4 3 7 3 2 34 52 52 10 108 3 15 58 432 11 47 922 14 72 143 6 3 393 2 6 7 11 8 15 1 10 10 1 198 97 99 177 8 20 7 9 299 590 9 30 1189 432 28 27 11 1 351 43 36 63 191 1 1 447 97 8 14 1 2 2 0 2
17 1 2 2 15 12 10 2 14 1 7 22 1620 11 62 148 83 6964 2030 172 35 112 64 649 41 26 69 87 69 52 41 4 74 47 11 1 98 1166 1183 36 789 716 1596 1626 2477 2269 39 70 214 27 2 1 12 43 11 8 20 12 1 1 1436 161 388 373 629 2049 47 20 391 62 26 146 895 166 41 372 303 77 425 0 15 5 25 35 29 53 11 58 206 129 2927 90 6 64 286 51 96 15 45 3 3 52 0 2 17 20 0 26 0 2 4 20 167 358 1873 69 55 298 50 2599 189 811 91 10 12 13 25 160 32 409 93 29 5 16 28 67 31 14 116 246 645 67 1535 8 34 116 622 243 193 4971 39 33 56 7 10 107 3 16 1 1 12 53 4 38 48 49 1102 501 68 342 46 122 42 45 56 1968 8 11 785 202 31 89 112 18 226 124 21 19 61 5 15 91 75 34 56 11 7 4 4 9
11 11 4 15 29 23 5 2 0 1 5 32 1 226 66 73 49 49 80 26 223 729 415 2189 4031 712 1617 319 345 119 84 17 310 1213 1431 153 688 1427 51 794 385 183 763 38 5 39 4109 32 23 1 3 8 96 353 16 23 367 275 1838 113 39 44 347 328 441 11 871 2372 252 19 8 37 456 148 381 42 21 1 72 0 13 1 122 291 195 525 1115 10 17 7 62 23 5 9 86 75 4 11 523 86 9 8 1 4 10 13 0 0 0 0 5 35 10 10 6 14 109 14 23 32 64 38 32 56 76 2 11 4 2 6 22 2 17 61 14 184 12 1 255 367 13 88 21 6 63 2 7 4 47 34 110 6 3 3 0 5 5 6 0 1 19 22 0 22 23 16 6 6 8 1 39 34 11 45 2 24 3 4 8 7 73 181 61 12 11 43 1 2 1 4 16 2 3 8 2 3 41 12 5 16
41 8 12 5 51 24 18 3 3 1 4 33 5 18 111 31 5 81 42 23 18 73 20 55 41 2 12 35 387 247 113 4 48 77 5 3 8 27 66 7 337 147 513 41 186 70 32 15406 245 237 4 5 38 113 6 13 154 93 9 3 95 9600 1488 232 327 154 151 179 3918 1508 5995 29 60 47 371 4436 115 11 52 9 1201 9 52 73 58 48 48 1728 6181 715 1480 154 96 381 653 85 27 22 46 63 0 4 0 2 3 1 0 2 0 0 0 2 2 4 33 0 2 17 0 60 9 10 4 1 7 7 2 2 1 4 16 0 1 4 2 5 0 0 18 21 10 19 33 5 3 80 126 2 14 149 7 289 641 9 11 605 5 10 7 19 0 8 0 3 6 0 38 77 213 60 7 10 3 6 354 193 17 147 644 202 11 20 14 4 271 36 164 140 693 0 1 1007 258 5 7 2 0 0 0 1
68 49 66 21 28 15 7 31 7 18 6 37 1 14 20 47 6 98 48 26 21 65 180 306 21 8 37 6 29 39 30 3 21 15 2 1 6 15 32 12 3636 1639 2513 24 74 214 23 245 9831 72 14 2 5 24 52 14 18 11 3 0 149 318 147 30 124 117 27 18 238 286 181 23 33 25 44 144 51 8 28 1 121 8 29 49 18 50 8 337 825 229 519 7132 156 3510 3810 21 18 12 25 11 1 1 0 2 1 2 0 1 0 0 0 2 3 3 25 0 1 10 2 43 5 25 3 0 1 1 0 1 0 5 2 0 0 11 3 14 0 0 9 8 12 6 17 0 8 7 30 4 9 100 1 24 50 1 4 57 0 1 4 2 0 3 0 3 1 0 21 9 24 21 2 3 0 1 32 65 3 10 114 33 14 12 7 1 36 19 16 14 77 0 1 81 27 1 6 1 0 1 0 0
14 7 7 2 2 6 2 8 20 3 3 14 35 0 2 3 4 9 21 3 1 7 4 9 4 4 1 1 8 11 4 1 13 5 0 0 3 16 3 1 112 28 59 507 1600 27 1 237 72 4222 449 1215 8 3 22 6 5 0 0 0 9 229 72 6 13 2081 3 1 49 99 89 224 201 389 11 107 845 378 958 866 793 3959 13 7 2 6 2 2897 838 1610 197 120 51 54 149 4 137 19 3 2 1 8 2 1 2 1 1 2 0 0 0 0 3 3 19 4 1 13 1 28 2 10 4 1 1 14 2 3 3 1 4 4 1 3 0 4 2 0 16 13 4 15 7 5 8 44 109 2 15 108 5 331 766 16 6 884 65 47 63 140 1 8 1 3 2 1 14 34 158 66 7 4 2 2 270 61 68 151 608 155 10 21 15 1 174 35 331 390 1150 2 2 1328 267 1 4 2 0 0 0 4
162 55 117 44 27 34 44 93 14 61 19 71 0 0 1 2 1 0 3 0 4 7 2 2 11 3 5 0 33 48 31 8 43 10 0 1 6 21 0 3 375 3 15 19 7 2 3 4 14 449 16898 21383 59 17 312 92 15 15 1 2 0 4 12 1 7 406 12 8 8 540 18 56 45 236 121 2 156 21 79 2126 1796 712 222 76 46 51 15 190 15 8 3 6319 7292 83 9 35 62 64 26 12 6 0 2 8 5 6 0 0 1 1 1 5 1 0 0 1 1 4 0 1 1 0 0 6 2 0 0 0 0 0 3 0 7 27 0 21 0 0 12 10 0 1 0 9 11 1 0 0 0 0 1 19 5 6 0 3 481 393 634 444 4 2 0 1 5 0 0 0 1 5 8 2 1 1 1 1 187 60 2 0 44 22 11 3 1 18 320 12 182 0 3 11 37 2 8 0 4 0 0 1
215 77 134 41 51 56 64 171 23 89 21 111 0 2 1 2 2 0 1 0 4 13 2 4 12 0 6 5 40 58 31 12 49 23 2 0 10 16 1 4 221 2 6 39 53 1 8 5 2 1215 21383 29972 109 29 522 97 9 35 7 0 0 15 11 5 7 936 15 13 13 936 34 103 81 395 190 4 313 65 173 14052 4327 2773 379 69 47 64 22 560 31 15 7 2450 9122 32 4 42 127 96 48 7 45 4 22 11 11 8 6 3 3 2 1 16 1 0 1 1 2 1 1 2 3 2 2 6 6 1 0 2 0 0 4 1 14 37 0 32 0 0 22 17 0 3 0 24 19 8 5 1 1 5 5 65 25 31 3 11 2481 2137 4177 2156 29 4 2 4 21 0 2 1 4 34 21 3 5 2 5 3 817 166 12 1 80 36 55 6 2 63 1737 155 784 2 28 56 166 6 20 3 1 2 2 2
1535 342 777 236 347 335 1173 1567 428 1008 182 724 2 21 7 18 2 3 8 2 22 73 17 68 151 30 65 71 2410 602 310 100 359 117 3 2 35 130 22 49 92 24 106 3 10 12 96 38 5 8 59 109 13644 8550 6228 33 205 154 31 7 8 29 171 66 175 8 228 119 171 37 11 387 202 169 1071 18 112 0 143 12 53 13 2781 1096 259 384 303 14 20 9 41 54 57 13 41 266 326 11940 436 154 9 6 29 38 10 51 5 5 10 7 21 74 2 0 3 2 15 0 2 8 4 2 3 24 43 2 2 1 2 1 5 0 51 181 3 143 1 1 79 70 0 15 5 24 52 0 0 2 10 14 17 1 1 7 0 1 7 8 12 1 22 20 3 11 32 1 2 4 1 3 41 12 9 13 1 3 1 0 2 1 324 187 56 13 2 146 5 3 5 4 23 1 1 10 35 6 47 7 1 4
2134 617 1220 359 541 611 737 1418 148 803 223 1042 4 43 13 32 3 16 17 2 44 188 59 231 593 117 347 251 8636 1147 682 158 597 231 33 5 73 180 40 211 173 69 446 3 20 43 353 113 24 3 17 29 8550 16373 607 43 1301 248 103 16 35 156 824 246 814 12 4954 368 654 52 19 491 304 251 2141 43 93 4 180 7 21 2 1714 4483 286 881 1279 11 56 11 84 40 25 41 190 712 263 1930 1477 766 27 13 46 71 26 114 1 3 16 12 23 112 7 6 10 0 22 3 7 29 16 8 2 32 44 0 7 2 1 5 14 2 98 324 10 209 1 0 148 91 16 18 13 26 117 2 9 1 7 50 30 1 1 1 0 5 2 23 2 4 56 45 4 11 49 0 16 6 2 3 59 20 14 18 4 19 1 1 20 5 488 246 101 7 3 225 3 2 4 5 62 3 1 11 54 6 58 5 4 8
324 97 212 61 67 75 277 313 106 217 27 148 0 2 1 5 0 9 0 0 9 11 3 17 23 2 9 5 319 107 62 12 77 26 1 0 10 36 4 9 3435 12 21 3 4 11 16 6 52 22 312 522 6228 607 13234 1287 20 33 7 2 3 14 16 11 22 12 27 18 29 69 22 74 56 53 198 3 27 0 34 87 210 21 3647 192 224 83 35 37 19 6 12 536 279 44 14 52 77 3706 75 18 6 0 4 8 0 8 0 0 0 2 1 12 0 0 1 0 2 2 1 2 3 4 0 8 7 0 0 1 0 0 3 0 11 32 0 29 0 0 24 18 0 2 1 2 10 0 1 0 4 5 3 2 3 2 0 0 20 18 18 15 2 7 0 3 13 0 1 1 0 1 7 4 3 4 1 3 6 3 0 1 81 33 22 0 1 28 5 2 12 0 3 2 3 1 7 1 14 1 1 1
343 241 226 266 177 287 42 133 20 77 39 316 1 8 6 4 4 6 5 1 628 319 64 26 83 25 30 16 68 162 249 34 122 76 1 0 21 75 6 31 1095 20 67 2 3 8 23 13 14 6 92 97 33 43 1287 2834 45 67 11 5 9 17 51 15 31 10 40 47 42 27 10 61 77 65 334 12 18 2 33 10 44 8 3225 181 2639 366 49 17 13 1 23 131 71 14 22 171 40 63 214 38 5 0 5 4 4 13 0 1 7 4 4 15 1 0 2 1 6 0 2 1 3 1 1 8 13 0 2 1 0 1 1 0 24 56 4 39 0 0 45 39 0 9 0 4 16 1 2 0 4 3 13 0 0 3 0 0 2 9 3 2 11 7 0 3 13 0 0 0 0 0 13 2 2 6 0 3 0 1 3 1 62 52 25 4 0 40 6 0 5 1 11 2 1 2 11 1 16 5 0 2
37 37 29 64 401 102 10 7 10 9 11 83 1 129 55 120 7 13 3 11 49 84 31 82 314 15 320 627 3075 3320 6749 25 139 315 48 10 200 142 133 37 201 47 240 1 5 20 367 154 18 5 15 9 205 1301 20 45 8371 138 318 44 29 114 489 184 1284 5 9061 696 1049 26 35 48 74 36 3455 67 5 0 21 4 28 1 200 626 189 847 4282 11 37 9 80 18 7 21 98 642 23 29 3929 7423 2 0 6 6 2 9 0 1 0 1 3 13 1 4 15 4 5 5 4 31 5 10 3 5 4 1 4 3 0 3 2 0 10 22 2 21 2 0 29 37 7 7 12 3 12 1 6 2 6 50 7 0 2 0 0 6 0 3 1 0 2 4 0 1 3 1 10 1 6 2 5 2 0 5 6 10 0 1 16 7 37 30 11 0 5 14 1 0 1 0 4 6 4 6 6 0 9 0 0 2
31 12 13 8 103 67 14 4 3 5 4 59 0 330 165 203 13 33 15 5 333 347 36 22 107 10 183 714 286 202 250 728 862 2049 99 288 425 190 219 34 364 19 42 2 0 12 275 93 11 0 15 35 154 248 33 67 138 7564 2345 1707 13 37 79 33 656 1 172 3139 491 21 14 200 114 20 12904 42 9 0 39 3 41 0 250 257 298 158 453 9 21 9 38 50 26 15 21 827 20 12 138 147 4 1 2 6 2 10 0 0 1 0 3 18 7 0 3 1 10 5 3 14 3 13 5 3 7 0 2 1 0 4 3 0 9 18 2 33 0 1 26 23 3 5 4 2 16 0 4 0 7 11 6 1 0 2 0 3 2 6 2 2 6 14 1 2 3 1 2 3 1 3 3 5 3 2 1 8 3 1 6 4 30 25 11 0 4 27 4 0 4 1 15 6 1 1 1 0 10 2 0 2
16 4 3 10 43 10 7 2 0 0 1 8 0 1339 183 30 14 14 35 3 69 95 98 524 25 253 1914 372 585 366 198 7 82 2340 2846 1223 291 262 53 1303 113 15 257 17 2 1 1838 9 3 0 1 7 31 103 7 11 318 2345 3608 2443 10 8 107 267 347 4 133 4368 149 7 1 5 56 14 1712 5 2 2 14 1 3 0 46 64 54 43 101 0 4 1 12 5 1 4 23 135 0 17 25 161 4 5 3 1 7 17 0 2 0 0 0 10 11 1 2 15 96 17 47 16 47 16 45 34 47 1 8 2 3 5 11 6 2 23 11 79 3 3 147 319 12 89 7 4 47 2 2 1 31 13 73 1 0 0 0 0 1 4 0 0 7 16 1 4 8 16 4 11 3 1 16 16 2 14 2 14 0 0 5 0 25 64 14 5 3 13 1 0 1 5 3 1 3 5 2 1 23 6 3 13
10 0 1 0 22 2 3 0 0 1 0 4 0 118 37 28 0 6 3 0 17 21 33 14 1 13 64 84 97 80 55 12 147 4433 137 182 278 111 25 47 53 5 7 1 0 1 113 3 0 0 2 0 7 16 2 5 44 1707 2443 2006 3 1 5 4 52 0 13 1184 40 2 0 3 15 1 779 1 0 0 5 0 0 0 8 15 13 10 8 1 0 0 5 2 3 3 1 65 1 7 4 34 0 0 0 1 0 1 0 0 0 0 2 2 0 0 1 2 6 2 4 3 4 0 2 4 6 0 1 0 0 0 0 0 0 7 0 8 1 0 20 26 2 12 0 0 5 0 1 0 4 1 12 3 0 0 0 0 1 1 0 0 1 1 0 2 1 0 0 0 1 1 2 5 0 6 0 2 0 0 0 0 4 13 1 0 1 2 1 0 0 0 0 1 1 1 1 1 2 1 0 1
30 6 2 2 27 7 8 2 1 0 3 15 40 17 127 195 54 2433 227 153 10 70 52 420 11 8 28 46 112 78 43 3 39 44 2 2 27 231 5832 26 564 499 1385 85 77 1436 39 95 149 9 0 0 8 35 3 9 29 13 10 3 9812 155 405 250 1319 145 36 23 2053 61 31 22 149 13 73 3675 16 9 40 0 18 2 16 25 33 36 6 38 143 54 3284 62 6 68 267 55 13 11 29 12 1 18 0 2 8 7 0 10 0 0 0 9 21 83 478 16 11 57 8 591 40 167 9 8 6 1 1 48 5 91 39 14 7 17 13 22 10 3 45 74 189 21 492 1 11 38 294 52 49 1375 17 17 21 1 2 60 0 6 1 2 8 16 3 11 15 6 355 221 38 73 18 44 24 22 40 805 3 6 299 81 17 43 16 8 112 71 7 10 23 3 3 46 31 10 21 7 3 2 3 5
25 10 12 10 16 21 6 14 4 6 8 14 0 13 36 40 6 79 60 22 39 272 51 103 93 12 42 29 246 135 54 3 21 23 6 5 4 19 43 18 546 193 881 33 110 161 44 9600 318 229 4 15 29 156 14 17 114 37 8 1 155 12961 8141 469 375 156 209 108 1875 8790 3608 19 36 47 174 414 66 9 43 15 755 41 41 115 59 119 49 1181 1535 444 834 265 152 4975 4411 40 28 14 83 40 0 4 1 1 1 2 0 5 0 0 0 4 3 7 21 5 3 23 1 66 12 36 5 3 4 8 2 9 1 1 8 2 1 3 0 8 1 0 7 16 7 16 19 3 3 62 70 4 18 137 2 359 645 14 14 362 10 18 21 39 0 6 0 3 1 2 24 35 165 48 3 7 1 3 208 111 27 171 414 153 6 11 19 0 152 28 331 181 803 1 0 939 314 0 7 1 1 0 1 6
28 9 10 10 20 23 5 6 3 3 4 20 3 57 60 55 14 145 111 46 143 1147 135 367 622 64 183 164 903 245 80 6 26 79 79 16 18 67 47 107 388 228 4273 30 136 388 347 1488 147 72 12 11 171 824 16 51 489 79 107 5 405 8141 25843 7289 5234 180 1379 371 5853 1631 274 22 61 58 242 421 72 8 38 1 95 3 228 564 313 646 203 74 474 359 1936 80 41 905 7164 65 22 27 547 95 0 0 0 0 1 2 0 0 0 0 1 5 14 10 45 5 7 30 6 122 16 96 22 2 3 1 3 5 1 11 4 3 0 7 1 13 1 0 19 43 19 12 37 0 5 27 87 12 18 215 8 58 122 1 5 173 1 2 2 3 1 6 1 2 3 5 35 35 52 41 4 6 2 3 128 179 4 12 311 117 9 21 15 0 147 23 15 26 95 0 1 249 56 0 1 0 2 3 0 2
7 2 5 2 1 2 3 2 1 1 0 10 10 132 120 98 6 369 104 16 56 518 82 714 291 37 1033 773 194 47 15 0 15 40 266 69 17 56 166 110 249 184 5751 9 21 373 328 232 30 6 1 5 66 246 11 15 184 33 267 4 250 469 7289 5783 7770 140 513 226 1889 127 45 2 29 56 69 54 13 1 4 0 18 0 56 225 137 284 88 18 80 36 302 16 7 59 611 17 2 4 226 36 2 3 0 0 1 7 0 1 0 0 0 5 11 99 194 8 16 102 11 817 19 270 10 1 4 1 1 17 3 72 9 3 4 2 3 8 7 0 22 60 179 7 148 0 7 5 28 36 28 538 5 5 11 2 1 8 1 0 0 0 2 4 0 5 4 5 69 37 10 35 4 8 0 9 10 128 0 1 53 19 3 13 40 1 13 9 1 3 1 1 1 20 2 6 2 1 2 0 0 3
32 5 4 6 55 28 13 6 2 1 3 21 23 542 1622 328 44 462 110 106 62 262 56 246 232 14 515 1866 1698 768 312 5 35 295 121 105 36 72 2296 38 595 560 1621 13 65 629 441 327 124 13 7 7 175 814 22 31 1284 656 347 52 1319 375 5234 7770 8843 203 1528 1224 7872 107 56 12 42 48 1087 291 9 2 24 3 34 0 149 425 160 332 252 35 133 57 502 60 17 85 475 150 10 39 294 320 3 21 0 1 10 11 0 11 0 1 3 15 22 191 514 13 59 108 12 1547 43 258 14 16 20 4 2 75 9 162 58 12 13 23 12 45 11 4 92 160 399 42 752 7 29 45 310 47 60 2535 36 18 26 0 5 47 0 5 1 1 10 26 2 30 17 15 533 241 30 103 28 56 21 29 39 1121 2 9 424 103 18 69 44 13 147 57 8 3 24 1 7 63 49 17 13 0 12 3 1 8
18 1 4 5 4 6 7 6 28 6 1 24 1129 6 17 19 4 123 207 15 5 40 21 177 15 0 27 81 15 17 2 2 13 3 2 1 1 69 65 5 329 251 657 542 3166 2049 11 154 117 2081 406 936 8 12 12 10 5 1 4 0 145 156 180 140 203 2084 27 5 174 81 41 337 203 1414 17 142 1742 1071 1579 560 354 1265 14 4 5 16 8 1015 720 826 1480 126 34 51 343 8 204 37 11 2 0 4 1 0 3 2 0 4 0 0 0 1 12 18 271 3 10 20 2 219 19 94 7 0 2 4 1 15 4 29 6 0 1 9 1 5 7 1 23 39 29 7 77 0 4 26 284 78 23 381 3 32 37 4 2 142 61 26 46 64 4 4 0 1 4 1 40 35 22 100 0 5 5 2 46 122 37 22 218 55 9 23 19 0 44 32 54 6 106 0 2 102 36 1 9 1 1 0 1 0
176 117 154 93 148 195 21 91 24 60 63 317 4 47 30 44 4 22 7 3 43 205 74 378 1185 134 722 507 3840 964 913 41 222 150 63 4 51 125 82 268 176 109 800 5 9 47 871 151 27 3 12 15 228 4954 27 40 9061 172 133 13 36 209 1379 513 1528 27 13273 771 1186 76 32 175 177 110 2706 37 33 1 53 1 26 0 261 5128 211 3978 4355 9 44 19 104 43 8 35 236 449 105 45 3725 3465 7 3 13 24 4 40 1 0 2 4 11 51 6 5 16 0 23 8 3 48 8 8 5 24 20 0 3 3 2 2 7 2 25 91 5 91 1 1 56 83 8 10 19 10 26 2 12 4 5 72 10 0 5 7 0 6 3 6 1 0 24 18 5 8 19 2 12 7 2 8 23 8 6 16 3 26 2 0 18 8 149 100 47 1 11 59 0 1 5 1 15 4 2 6 22 2 16 2 0 4
53 12 9 13 68 32 17 3 2 3 1 40 0 529 215 158 9 29 23 9 141 268 161 344 614 100 797 944 696 417 302 30 396 3270 672 279 393 684 199 552 356 55 319 22 6 20 2372 179 18 1 8 13 119 368 18 47 696 3139 4368 1184 23 108 371 226 1224 5 771 2735 1101 29 46 32 392 132 3912 43 7 3 62 1 28 3 165 293 186 411 1006 8 35 10 67 27 17 17 86 204 15 20 353 277 5 4 3 4 9 25 0 0 2 1 5 32 5 1 15 5 107 14 21 31 38 29 23 50 61 2 13 4 1 7 25 1 25 92 22 255 4 4 284 434 11 84 12 11 83 2 6 1 37 34 81 2 1 0 0 5 5 5 1 1 19 32 2 21 28 8 13 10 1 5 31 32 15 44 2 25 5 0 23 3 89 200 81 9 12 40 2 0 2 6 22 8 4 12 4 6 45 13 1 22
60 14 7 24 111 69 41 6 1 6 13 71 14 265 1192 320 52 683 75 234 69 289 61 183 188 16 137 299 1650 983 415 20 125 338 40 30 75 94 2199 42 644 667 2362 20 113 391 252 3918 238 49 8 13 171 654 29 42 1049 491 149 40 2053 1875 5853 1889 7872 174 1186 1101 6527 508 594 20 70 22 1550 9618 30 4 18 1 243 6 185 408 201 338 273 178 1532 249 2413 76 49 207 1264 329 19 46 253 284 3 23 1 1 8 7 0 10 0 0 1 22 13 17 152 6 41 25 8 277 39 64 12 16 14 6 5 26 6 32 32 11 9 15 7 62 11 2 114 141 53 39 226 3 21 73 411 7 56 1206 35 75 108 8 2 222 1 4 2 4 8 32 2 15 15 5 297 184 99 93 27 55 14 17 217 1024 5 25 913 267 32 76 22 8 308 58 25 30 105 5 8 277 103 16 23 6 9 2 6 10
