23272 6370 7210 1700 1838 1324 9784 12959 67 2381 34 430 0 0 0 0 0 0 0 0 64 3 2 0 3 0 0 0 7899 11225 225 34 39 1 0 1 2 1 0 1 1652 0 1 1 1 0 0 0 0 1 50 34 375 350 144 404 92 4 0 3 0 1 2 0 3 0 290 1 2 0 1 33 0 93 22 0 28 0 11 9 15 3 1230 329 1068 334 6 1 0 1 0 23 10 1 3 52 40 1440 2 0 1 0 5 2 2 9 0 4 2 16 10 12 0 0 0 0 0 0 0 0 0 0 0 7 0 0 12 0 0 0 0 1 18 9 0 2 0 1 6 4 0 0 0 2 18 0 0 0 0 1 0 0 1 0 0 0 1 0 0 0 2 1 0 0 0 0 0 0 0 0 1 2 0 0 1 0 0 0 0 0 19 20 22 0 0 20 1 0 0 0 0 0 0 0 16 0 5 0 0 5
6370 15533 2350 11397 3662 1493 618 55 4 10 21 487 0 0 0 0 0 0 0 0 77 1 0 1 1 0 0 0 350 2472 150 9 7 0 0 0 0 2 0 0 516 0 0 0 0 1 0 0 0 0 7 5 44 78 22 77 48 0 0 0 0 1 1 0 1 0 171 1 0 1 0 12 0 13 4 0 2 0 3 2 0 0 207 74 274 143 1 0 0 0 0 4 2 0 0 6 3 163 0 1 0 0 8 0 2 10 0 0 1 4 3 3 0 0 0 0 0 0 0 0 0 0 0 2 0 0 1 0 0 0 1 0 5 1 0 0 0 0 0 0 1 0 0 2 4 0 0 0 0 0 0 0 0 0 0 0 0 1 0 0 0 0 0 0 0 0 0 0 0 0 2 0 0 0 0 0 0 0 0 0 7 0 4 0 0 10 0 0 0 1 1 0 0 1 7 0 5 0 0 0
7210 2350 19826 5730 29 1798 256 7194 17 6565 131 8343 0 0 0 0 1 0 1 0 231 12 4 0 3 0 2 1 136 236 43 60 44 3 0 1 1 1 0 1 1106 0 2 1 1 1 1 1 0 0 8 11 74 105 40 154 101 0 0 1 0 3 3 1 4 0 368 1 6 0 0 67 1 50 15 0 25 1 17 5 7 2 309 190 652 396 4 4 2 0 1 5 2 0 1 40 64 88 1 4 9 3 150 13 50 181 5 37 21 120 160 183 0 0 0 0 2 1 1 1 0 0 1 17 1 0 31 0 0 0 21 2 210 26 0 14 0 0 13 6 1 2 0 10 96 0 6 0 1 0 0 0 0 1 0 4 0 0 0 0 7 2 0 5 2 1 1 1 1 2 14 3 0 0 0 0 1 0 0 0 159 40 89 5 0 247 2 0 0 1 27 2 1 18 193 1 21 10 0 6
1700 11397 5730 31517 9701 11650 323 8 4 39 103 4855 0 2 0 0 0 0 0 0 536 48 14 1 2 0 4 2 274 898 381 107 52 1 1 0 3 0 2 0 818 0 5 0 1 0 2 3 0 1 8 8 71 104 17 123 229 7 2 2 0 4 10 2 10 0 501 4 10 6 1 114 1 56 22 2 24 2 41 1 0 1 269 230 791 651 3 0 3 1 2 3 2 1 5 67 38 101 14 7 8 5 132 14 41 163 6 20 19 85 141 177 1 0 0 0 0 0 0 2 0 0 0 14 1 1 42 0 0 1 21 0 164 33 0 16 0 0 10 7 1 0 0 9 99 0 2 0 1 0 1 0 2 0 0 3 0 1 1 0 14 7 0 3 8 1 0 0 1 2 14 6 0 0 0 0 0 0 1 0 169 44 71 6 0 225 1 1 1 4 19 0 1 21 137 1 25 7 0 8
1838 3662 29 9701 20875 9822 1792 18 3 21 1 162 0 1 0 3 1 5 0 2 255 66 31 1 6 0 3 9 1709 7603 10416 661 100 18 0 0 25 16 14 1 689 0 4 0 0 0 10 20 0 2 19 12 145 206 45 201 755 12 2 13 2 14 13 5 20 0 401 4 53 6 9 38 7 44 59 7 6 1 12 3 5 0 510 183 593 398 14 0 1 0 6 8 10 0 7 1875 12 924 9 23 0 0 6 1 2 7 0 0 3 0 6 10 0 0 0 0 2 0 3 0 1 0 1 6 1 2 4 0 0 0 4 0 11 9 0 5 0 0 15 12 2 0 2 1 15 0 1 0 1 2 2 0 0 0 0 0 3 0 0 0 1 0 0 1 2 0 1 0 0 3 1 1 0 0 2 3 0 0 3 0 25 15 14 2 3 18 0 0 2 1 5 1 1 2 5 0 4 1 0 4
1324 1493 1798 11650 9822 11540 961 16 17 2422 551 10782 0 6 3 3 4 2 1 0 923 250 119 6 19 1 5 29 840 1879 1478 3621 276 22 0 6 44 23 27 4 846 4 9 4 4 1 22 38 1 14 9 17 154 231 41 204 364 12 11 10 5 40 47 9 39 0 685 15 127 6 11 296 15 142 112 15 44 3 69 2 11 3 565 360 1271 757 27 3 9 2 7 8 8 4 21 4580 114 510 23 33 17 14 356 21 76 353 6 55 45 194 387 409 0 2 1 0 3 1 5 3 1 2 4 36 4 1 91 1 0 3 41 5 334 58 1 26 0 3 33 23 3 0 3 19 162 2 9 0 4 9 2 0 3 2 0 4 1 3 0 1 21 14 0 4 9 3 2 2 3 2 45 12 1 1 2 2 0 0 11 0 341 120 159 6 4 610 1 0 6 9 61 5 4 51 426 3 54 17 0 15
9784 618 256 323 1792 961 10088 7701 1266 2546 177 82 1 0 0 1 0 0 0 0 23 8 8 1 9 0 0 0 4047 1251 312 122 38 3 1 0 3 2 2 0 307 0 1 4 3 0 2 2 1 2 18 14 158 119 85 148 31 4 0 2 0 3 2 1 2 0 38 0 12 1 0 39 2 70 20 3 56 2 15 5 2 2 540 58 274 47 0 1 1 0 0 6 2 1 0 194 120 3876 2 1 2 0 3 0 4 11 0 9 2 8 16 12 0 0 0 0 0 0 1 0 1 0 0 8 0 0 13 0 0 0 2 1 15 14 0 5 0 0 6 6 0 0 2 1 22 0 2 0 0 1 0 0 0 0 0 2 1 0 0 0 0 2 0 0 0 0 1 0 0 0 0 1 1 0 0 0 0 0 1 0 15 16 24 0 1 23 0 0 0 0 3 0 0 3 18 0 8 2 0 2
12959 55 7194 8 18 16 7701 23403 5299 20147 459 45 1 0 0 0 0 1 0 0 7 0 1 0 0 0 1 1 23 25 0 5 7 0 0 0 0 0 0 0 166 0 0 1 1 0 0 1 0 1 6 2 58 34 27 45 5 1 0 0 0 0 1 0 1 1 37 0 0 0 0 14 0 22 0 0 60 0 5 0 4 0 169 28 128 28 0 1 0 0 2 2 0 0 0 6 196 995 1 1 2 0 14 0 1 18 0 13 2 29 22 17 0 0 0 0 0 0 0 0 0 0 0 1 0 0 1 0 0 0 5 0 7 1 0 1 0 0 1 1 0 0 0 1 3 0 0 0 0 0 0 0 1 1 0 2 0 0 1 0 0 0 0 1 0 0 0 0 0 0 0 0 0 0 0 0 0 0 2 0 13 3 15 0 0 16 0 0 0 1 1 1 0 0 29 0 0 0 0 0
67 4 17 4 3 17 1266 5299 4024 2263 349 73 20 0 0 1 1 0 0 0 7 3 6 0 1 0 1 0 1 4 0 38 49 0 0 0 0 0 1 0 10 0 1 29 61 1 2 0 0 23 3 7 17 12 3 5 3 1 0 0 2 1 2 0 0 0 7 0 1 0 0 143 3 136 11 1 1356 21 55 6 7 7 9 2 1 3 4 13 7 5 5 0 0 1 2 9 4684 945 1 0 4 2 11 0 4 12 2 17 5 25 26 20 0 0 0 0 0 0 0 0 0 0 1 2 0 0 3 0 0 0 1 0 8 1 0 1 0 0 0 1 0 0 0 0 2 0 2 0 1 1 1 1 0 0 0 4 1 0 1 0 1 0 0 0 0 0 0 1 0 1 0 1 0 0 0 0 0 1 1 0 21 3 16 0 0 20 0 1 1 0 2 1 0 2 37 0 2 0 0 1
2381 10 6565 39 21 2422 2546 20147 2263 32235 13541 14161 4 1 0 0 2 0 0 0 58 10 6 0 0 0 0 0 20 24 29 56 24 1 0 2 2 1 1 0 111 0 1 6 6 2 3 1 0 6 7 4 48 43 17 43 4 1 0 0 2 6 2 1 3 0 54 0 4 1 2 158 4 66 10 0 607 1 12 1 2 3 166 33 117 52 2 4 3 2 3 3 2 0 2 13 3497 1142 0 3 33 4 211 35 64 433 18 171 73 453 531 487 0 1 0 1 1 0 1 2 0 0 0 22 2 1 37 0 0 0 22 7 292 35 0 17 1 0 13 6 0 1 0 10 91 1 41 2 2 1 1 0 2 0 0 39 0 0 3 3 10 4 2 9 12 0 2 3 1 4 20 8 3 1 0 0 0 0 8 0 354 43 267 4 0 533 6 2 10 2 29 11 0 18 807 1 38 5 0 7
34 21 131 103 1 551 177 459 349 13541 11576 8405 1 0 0 0 1 0 0 1 42 20 12 0 1 0 0 2 5 7 13 161 30 2 0 0 1 3 2 1 66 1 1 7 0 1 3 2 0 1 2 1 9 10 4 11 5 0 0 0 2 4 3 0 4 0 49 0 6 0 1 1033 0 76 4 1 692 3 73 0 3 0 29 13 41 28 1 0 1 1 1 0 0 1 1 9 1766 159 1 1 21 8 270 31 90 453 21 112 63 434 557 512 0 0 0 0 1 0 0 1 0 0 0 23 3 1 68 1 0 0 46 6 421 31 0 11 0 0 7 8 3 2 0 12 149 0 21 0 3 1 3 0 1 0 0 27 1 0 2 0 20 11 3 15 3 0 0 0 0 7 16 12 0 0 1 2 0 0 6 0 376 32 231 2 1 659 9 0 10 9 45 6 0 35 605 1 31 10 0 5
430 487 8343 4855 162 10782 82 45 73 14161 8405 23755 0 3 0 0 0 2 2 2 336 73 49 0 5 0 2 3 84 169 127 2606 248 5 0 0 11 2 6 1 356 0 2 9 2 0 7 13 0 1 3 3 34 44 18 57 43 87 0 4 1 12 9 2 6 0 267 1 29 0 3 1517 7 193 99 4 282 6 103 0 5 0 126 117 330 243 13 1 4 3 5 4 0 1 4 289 504 91 6 8 24 12 1060 28 143 593 14 103 57 366 551 539 0 1 0 0 2 2 2 3 2 1 5 46 6 1 95 0 0 0 63 8 548 67 0 17 0 0 36 20 4 2 1 25 257 0 13 0 2 1 0 0 0 1 0 18 0 3 0 0 24 17 3 21 14 0 1 2 2 2 38 22 2 1 1 1 0 0 3 1 540 140 206 2 3 742 1 3 4 9 72 4 1 53 533 4 79 21 0 7
0 0 0 0 0 0 1 1 20 4 1 0 7142 0 0 1 20 138 5328 41 1 3 0 0 0 0 0 2 0 0 0 3 28 0 0 0 1 140 10 0 11 1 17 8614 6907 1651 0 18 11 487 1 13 1 1 1 3 0 0 0 1 8 49 50 7 4 1973 2 0 9 22 21 57 229 1222 1 4 389 685 104 10 46 85 0 1 2 1 0 305 306 279 133 7 2 2 44 3 204 5 0 0 0 0 0 0 0 1 0 0 0 1 1 2 2 14 115 2 2 38 2 528 12 442 6 0 0 1 3 11 0 24 2 0 2 1 0 1 0 2 20 7 100 2 72 1 0 2 24 0 19 877 3 18 24 0 2 0 4 1 4 6 0 0 0 1 3 1 84 36 13 918 0 2 0 0 9 15 4 6 48 6 0 3 140 2 32 4 4 4 11 0 0 32 15 2 1 0 0 0 0 1
0 0 0 2 1 6 0 0 0 1 0 3 0 3040 3811 55 160 6 5 46 10 37 55 24 5 28 1548 322 4 12 21 8 10 70 3175 6905 555 22 13 50 23 5 16 0 0 1 162 1 0 0 0 0 0 2 3 0 7 69 528 497 0 1 7 5 24 0 23 76 14 0 2 1 1 94 83 0 1 0 0 0 0 0 4 5 2 2 5 0 0 1 1 1 1 0 2 25 0 0 1 4 0 0 0 1 0 2 0 2 0 1 0 1 29 30 3 16 48 113 103 12 61 210 301 11 1 5 29 5 2 15 13 10 4 11 0 12 31 34 76 77 0 46 1 1 22 5 1 0 58 1 40 0 1 0 0 0 0 1 0 0 3 0 0 0 3 16 3 8 4 0 4 10 1 10 0 6 0 0 0 0 13 38 74 8 0 20 0 1 0 5 8 2 1 0 0 0 8 3 0 18
0 0 0 0 0 3 0 0 0 0 0 0 0 3811 14309 7155 467 859 26 222 0 8 679 215 5 60 1220 2046 2 2 7 6 11 21 2038 1566 981 13 329 75 1003 140 139 0 1 14 16 44 28 3 0 0 0 0 12 8 0 13 7 55 37 36 68 20 419 0 4 9 316 2 3 2 7 100 5 3 0 0 1 0 0 0 3 1 0 3 5 0 5 2 8 68 0 6 38 7 0 0 0 0 1 0 0 0 0 0 0 1 0 0 0 2 39 47 14 32 22 200 53 52 38 373 313 6 0 4 15 3 0 29 2 0 1 0 0 4 47 42 16 18 11 43 9 1 1 6 3 0 35 13 5 1 1 0 0 0 0 0 0 0 0 0 0 0 0 7 4 8 5 2 5 1 0 0 5 2 0 2 3 0 3 6 84 1 4 10 0 0 0 4 0 2 3 0 2 0 4 1 0 5
0 0 0 0 3 3 1 0 1 0 0 0 1 55 7155 10724 133 10455 3864 230 0 17 206 191 3 26 141 2985 7 14 23 27 95 66 16 188 645 88 2607 12 552 234 226 4 0 66 14 21 56 14 1 0 1 1 22 11 8 50 11 252 473 26 29 24 210 28 12 16 276 9 10 2 34 98 69 21 0 0 0 0 2 3 2 2 4 5 2 6 25 10 31 103 0 12 79 46 0 1 0 3 0 0 0 0 1 0 0 2 0 0 0 0 76 157 166 64 6 139 10 790 34 859 64 4 1 5 10 17 1 211 2 1 3 6 0 5 14 8 31 18 181 27 154 0 2 4 2 5 71 250 5 4 6 0 1 0 0 0 0 0 0 0 0 0 2 7 15 13 10 60 2 1 0 0 6 6 1 0 8 1 1 15 156 3 4 9 1 1 2 2 0 1 4 1 2 0 1 0 0 5
0 0 1 0 1 4 0 0 1 2 1 0 20 160 467 133 1585 377 357 2127 4 36 399 115 13 146 46 19 0 2 4 7 57 9 70 70 848 651 183 129 471 17 101 23 21 65 74 36 14 12 0 2 1 0 3 0 0 1 11 25 221 26 23 32 13 3 5 8 80 4 9 2 15 567 6 58 1 0 3 1 0 2 2 0 2 1 6 6 40 5 84 15 0 7 36 22 3 0 1 1 0 0 0 1 5 6 0 1 0 2 3 2 67 52 9 67 66 61 224 39 360 188 550 12 15 7 77 18 2 49 26 15 19 14 2 26 51 111 186 178 21 149 26 0 31 14 4 1 269 59 134 2 6 0 0 1 0 1 0 0 3 0 0 2 13 61 13 30 10 19 37 53 9 39 4 17 1 0 9 0 58 172 178 26 7 139 0 0 0 17 8 8 9 16 15 0 24 14 2 49
0 0 0 0 5 2 0 1 0 0 0 2 138 6 859 10455 377 9041 3601 1018 0 13 266 485 8 18 1644 473 3 2 7 34 270 42 12 56 446 408 2663 11 1023 474 1050 116 19 4323 17 110 140 84 2 4 0 5 45 16 8 19 4 88 2839 187 216 298 158 457 8 12 312 52 40 7 163 609 24 112 1 4 3 2 15 38 3 1 3 8 5 48 152 64 95 278 5 81 434 36 2 0 5 0 0 1 0 1 4 1 0 1 1 0 0 0 24 670 1141 38 23 564 11 2232 45 2267 32 17 0 12 16 134 5 1568 3 3 18 15 4 9 29 11 74 41 888 22 1397 1 13 33 5 25 171 1164 8 16 17 0 2 2 1 0 0 3 0 0 0 0 13 9 40 102 46 480 2 3 7 3 13 19 1 5 24 0 4 16 540 5 13 1 5 1 18 2 0 21 13 16 0 0 2 1 0 6
0 0 1 0 0 1 0 0 0 0 0 2 5328 5 26 3864 357 3601 46366 12012 2 11 102 154 7 133 320 61 2 0 0 3 54 3 8 2 24 2215 73 62 185 50 285 5605 544 4390 25 88 27 148 2 8 3 0 8 3 0 0 3 3 720 116 130 107 57 799 5 1 74 26 30 13 83 6929 3 88 3 124 7 4 15 25 2 1 0 1 5 73 248 97 494 39 1 28 137 5 1 1 1 0 0 1 0 1 5 0 0 2 0 3 0 1 326 556 783 246 109 1420 244 2940 250 5661 918 27 3 37 65 48 5 650 15 9 21 21 1 12 138 116 153 169 318 169 272 0 32 29 24 25 408 920 70 16 27 1 0 3 0 1 1 3 2 1 0 1 10 50 121 63 42 508 16 29 6 10 33 39 2 5 96 13 30 82 2038 4 55 58 1 9 7 9 6 45 32 14 9 2 12 8 2 36
0 0 0 0 2 0 0 0 0 0 1 2 41 46 222 230 2127 1018 12012 3584 0 28 637 309 14 354 111 66 0 1 3 12 161 19 133 13 474 1125 206 150 871 50 223 111 26 98 16 10 15 14 1 1 0 0 1 1 1 3 4 28 397 10 21 28 12 0 2 1 37 4 2 3 64 517 5 11 0 1 2 0 3 1 1 2 3 4 2 15 25 9 36 37 0 9 70 14 2 0 1 0 0 1 1 0 4 1 0 2 0 0 1 4 216 119 28 189 48 109 146 37 286 631 645 8 1 6 58 15 3 90 15 7 3 8 2 6 79 123 81 73 8 165 14 2 8 13 4 6 240 48 66 9 7 0 0 0 0 1 0 0 1 2 1 0 1 41 4 25 12 12 18 40 1 16 3 18 0 1 10 3 14 52 248 9 4 48 1 0 1 16 4 10 15 5 9 0 11 9 0 24
64 77 231 536 255 923 23 7 7 58 42 336 1 10 0 0 4 0 2 0 10990 10393 2825 68 60 23 41 7 44 123 419 449 370 100 3 6 23 25 8 24 754 1 61 1 2 1 18 10 0 4 1 1 4 6 2 344 49 79 1 21 7 21 62 52 35 0 29 13 38 4 3 132 65 253 532 6 82 5 40 3 1 1 79 13 5915 78 21 2 7 3 3 3 0 10 70 720 48 21 85 52 2 4 9 2 3 9 0 0 0 4 4 8 0 1 2 0 21 1 8 1 12 2 10 23 4 3 25 0 0 4 8 1 18 29 0 32 0 2 88 49 3 8 0 4 38 0 0 0 10 2 19 1 0 0 0 0 0 0 0 0 3 2 0 1 7 3 0 0 0 0 4 7 0 7 0 0 0 0 2 0 69 93 77 15 1 74 0 0 1 4 8 1 0 9 11 0 13 6 0 19
3 1 12 48 66 250 8 0 3 10 20 73 3 37 8 17 36 13 11 28 10393 32327 5290 1088 6116 2645 492 15 33 95 125 451 553 329 26 49 86 78 23 2017 293 87 1548 7 7 10 493 16 74 6 2 4 7 26 4 84 18 239 39 59 18 105 398 391 54 4 285 73 54 33 8 153 138 276 1395 9 97 5 51 0 1 5 123 165 6105 4492 221 8 17 4 34 60 5 61 757 770 42 10 6675 27 1 4 4 2 8 10 0 0 1 0 6 8 5 10 0 6 52 11 59 8 87 21 100 27 13 3 54 4 1 8 21 5 23 52 2 50 6 27 172 166 4 48 5 4 35 2 1 0 62 9 82 6 9 1 0 0 0 0 0 0 3 6 0 2 4 16 4 12 5 0 27 33 11 18 3 4 0 2 5 0 109 204 89 30 5 95 0 0 3 8 20 6 4 12 11 0 25 11 3 42
2 0 4 14 31 119 8 1 6 6 12 49 0 55 679 206 399 266 102 637 2825 5290 16865 13335 291 11641 761 45 15 35 64 320 760 323 69 94 548 394 101 947 5619 3694 3682 14 1 46 254 7 231 9 2 1 1 9 28 24 14 126 38 153 73 42 87 105 21 1 76 37 53 19 6 122 221 189 624 8 100 3 41 0 4 3 18 19 109 71 37 5 15 4 43 208 4 73 446 494 34 9 18 13 2 1 0 1 7 4 0 0 2 0 4 6 24 23 12 21 37 34 87 19 109 110 204 25 6 7 52 8 3 38 13 15 20 51 0 26 19 41 122 122 15 65 12 6 33 5 1 1 94 20 76 1 6 0 1 1 0 0 0 0 6 5 1 2 4 37 5 10 10 5 33 41 5 30 5 6 0 3 5 1 92 161 89 24 8 102 1 0 3 16 11 7 10 14 10 1 17 5 1 54
0 1 0 1 1 6 1 0 0 0 0 0 0 24 215 191 115 485 154 309 68 1088 13335 27034 841 8892 5774 76 8 1 18 15 70 12 341 37 66 62 185 2815 1684 4287 7101 19 3 447 1815 4 282 7 0 0 10 31 41 21 17 10 84 30 448 16 51 696 36 1 427 90 10 8 4 21 52 167 20 2 4 0 6 0 6 0 39 107 79 294 351 5 10 1 67 238 1 46 239 13 1 0 73 9 0 1 0 1 0 1 0 0 0 0 0 1 26 27 10 27 24 106 60 101 31 257 213 7 0 2 11 8 1 27 1 0 2 1 0 6 19 21 46 46 40 36 34 4 7 5 4 0 39 144 12 2 3 0 0 0 0 0 0 1 0 0 0 0 3 10 27 22 9 29 3 8 0 6 1 4 0 0 16 4 9 28 71 2 4 9 0 1 1 2 3 5 3 2 0 0 4 5 0 5
3 1 3 2 6 19 9 0 1 0 1 5 0 5 5 3 13 8 7 14 60 6116 291 841 13955 732 588 24 27 14 54 69 271 42 6 8 48 61 13 4776 111 23 916 4 4 8 6091 17 8 13 1 1 31 104 9 14 28 10 5 25 15 56 242 441 106 0 1576 42 26 21 3 136 150 357 53 3 57 6 55 0 2 0 150 335 692 3359 2686 2 11 1 16 10 1 22 364 69 7 2 5373 481 1 0 3 1 2 2 0 1 0 0 1 5 0 1 1 0 36 6 34 5 28 11 55 17 7 4 29 0 0 4 8 4 9 22 0 32 1 6 169 130 2 11 3 3 34 0 1 0 34 9 22 1 6 0 0 0 0 1 0 0 4 3 0 2 1 4 7 2 1 2 6 6 0 5 5 0 0 0 3 0 33 124 64 12 2 26 0 0 2 6 6 5 1 13 2 0 11 9 0 19
0 0 0 0 0 1 0 0 0 0 0 0 0 28 60 26 146 18 133 354 23 2645 11641 8892 732 6499 2959 3 3 1 1 2 14 3 176 35 34 33 3 6528 1298 124 670 3 0 13 617 1 28 5 0 0 2 10 7 14 0 0 21 5 8 10 33 58 4 1 171 20 6 5 4 5 19 249 3 0 2 0 1 0 4 0 17 34 43 154 54 0 0 0 5 38 0 14 155 4 0 0 24 0 0 1 0 1 0 2 0 0 0 0 0 2 60 43 6 36 33 164 137 21 73 286 417 4 1 8 29 6 0 22 5 5 5 7 0 5 65 49 48 53 4 69 0 0 13 4 0 0 64 1 30 0 3 1 0 0 0 0 0 0 2 0 0 0 1 11 4 13 4 1 7 20 1 2 0 6 1 0 2 2 3 32 106 5 1 11 0 0 1 2 6 4 2 6 0 1 6 4 2 15
0 0 2 4 3 5 0 1 1 0 0 2 0 1548 1220 141 46 1644 320 111 41 492 761 5774 588 2959 30228 9622 60 13 103 27 116 78 6051 1248 185 59 648 4819 353 145 1928 11 2 321 2012 14 21 8 1 0 30 132 18 17 115 98 513 279 239 19 56 2643 1719 17 947 490 56 9 9 26 42 201 129 6 7 2 12 0 5 4 106 202 160 427 765 7 18 7 17 45 0 7 76 36 1 1 178 35 0 1 0 0 1 1 0 0 0 0 1 1 58 139 173 40 28 288 57 942 34 1138 175 9 2 6 24 25 3 231 3 2 6 9 2 8 24 23 57 56 235 36 224 2 14 10 12 4 56 519 17 3 2 0 0 0 0 1 0 0 0 2 0 0 1 9 53 27 15 102 7 5 0 1 5 13 0 1 8 1 6 29 183 6 8 13 0 0 3 4 3 4 3 8 2 0 3 2 0 12
0 0 1 2 9 29 0 1 0 0 2 3 2 322 2046 2985 19 473 61 66 7 15 45 76 24 3 9622 9112 57 27 247 35 67 153 219 629 493 50 6800 8 150 60 105 7 2 246 215 45 14 7 0 2 23 92 13 9 197 271 304 1249 228 27 67 1170 2940 31 530 452 571 7 3 11 18 42 408 7 1 1 4 0 1 4 64 104 63 96 252 4 14 4 27 18 0 4 27 63 0 3 73 69 0 1 1 0 2 1 0 0 0 1 0 0 10 106 184 8 16 115 11 1226 17 763 22 5 1 3 12 51 0 223 6 3 11 13 2 4 4 5 56 31 404 8 449 0 6 16 14 0 49 931 21 4 6 1 0 0 0 0 0 1 1 1 0 0 5 4 95 67 31 186 4 3 6 4 1 21 1 1 17 3 14 17 58 5 9 1 0 0 3 2 1 10 8 8 2 0 1 1 1 4
7899 350 136 274 1709 840 4047 23 1 20 5 84 0 4 2 7 0 3 2 0 44 33 15 8 27 3 60 57 36428 12076 1188 134 72 12 0 6 18 14 23 5 265 1 47 1 2 5 7 51 1 3 21 16 2720 15566 822 345 1141 8 6 8 3 62 148 73 141 1 10093 47 196 21 3 52 6 80 103 5 15 2 13 2 3 3 2861 1836 568 78 167 1 5 0 10 8 6 4 68 420 18 8290 31 103 1 1 2 0 1 7 0 0 0 5 9 8 0 0 1 0 1 0 0 4 0 0 2 4 1 0 7 1 0 0 1 0 13 9 0 2 0 1 8 9 4 2 0 0 16 0 0 0 1 0 0 0 5 0 0 0 0 0 1 2 0 1 0 0 2 0 1 0 2 0 3 1 1 0 6 0 0 1 6 1 32 22 23 1 4 37 1 0 3 0 4 2 1 2 13 0 6 0 0 4
11225 2472 236 898 7603 1879 1251 25 4 24 7 169 0 12 2 14 2 2 0 1 123 95 35 1 14 1 13 27 12076 29051 9560 287 117 24 2 12 57 33 41 0 552 3 14 4 2 0 5 93 3 8 35 41 665 1402 223 299 13792 11 11 23 6 71 113 14 89 0 1770 31 263 16 15 62 4 84 116 13 33 2 25 9 7 6 1466 414 856 232 56 2 4 1 10 19 9 6 31 1171 20 1888 254 82 1 0 9 1 9 9 0 1 2 2 10 23 0 1 2 0 3 0 2 8 0 2 2 6 1 0 13 0 0 1 9 0 15 12 0 8 0 1 11 5 4 1 4 1 15 2 3 0 1 6 1 2 2 0 0 0 0 0 1 0 3 0 0 0 0 1 2 2 5 1 7 2 0 0 5 1 0 0 5 2 58 26 32 3 10 55 1 1 1 0 6 5 7 6 11 0 9 3 0 3
225 150 43 381 10416 1478 312 0 0 29 13 127 0 21 7 23 4 7 0 3 419 125 64 18 54 1 103 247 1188 9560 10355 198 77 47 4 13 99 47 90 4 439 6 34 0 1 5 31 137 2 10 10 7 150 438 48 110 7467 55 21 86 9 86 222 97 386 0 2688 278 454 23 9 18 5 26 770 20 4 1 3 4 3 1 421 528 806 1044 1128 2 6 2 14 11 3 4 54 4142 5 289 1471 6822 0 0 1 1 0 6 0 0 0 1 3 5 0 1 1 0 0 1 3 4 1 6 1 4 1 0 4 0 0 3 1 2 5 5 0 4 0 0 11 7 2 0 8 1 4 0 0 0 3 10 0 3 5 0 0 1 0 0 0 1 2 1 0 0 0 1 4 9 5 2 1 1 0 0 8 0 0 0 19 4 14 15 10 1 14 3 0 2 0 1 2 13 3 1 3 0 1 0 0 0
34 9 60 107 661 3621 122 5 38 56 161 2606 3 8 6 27 7 34 3 12 449 451 320 15 69 2 27 35 134 287 198 1298 3720 1255 2 9 213 154 101 17 364 11 54 21 12 5 101 119 3 23 9 16 54 83 38 91 86 1518 29 260 15 92 60 22 92 4 201 94 318 29 30 2539 45 326 5067 65 71 21 582 3 2 3 194 103 483 209 149 11 47 4 44 9 4 8 33 8817 286 96 34 24 15 9 102 22 60 238 6 26 22 111 194 253 1 4 5 0 19 1 13 19 6 12 18 34 7 1 80 5 0 4 46 7 249 74 0 36 0 4 82 68 12 12 19 14 155 3 5 1 24 41 7 3 8 1 0 2 2 1 2 0 26 8 2 23 17 2 6 7 6 5 42 20 3 2 8 6 0 0 19 1 305 168 145 18 21 554 1 2 4 11 46 16 11 43 246 1 60 9 0 27
39 7 44 52 100 276 38 7 49 24 30 248 28 10 11 95 57 270 54 161 370 553 760 70 271 14 116 67 72 117 77 3720 14265 1610 20 44 867 4360 328 50 553 33 141 51 22 66 482 213 19 24 9 13 61 66 44 99 49 607 166 731 341 201 120 70 114 9 138 336 383 42 53 1313 2977 1213 1888 197 363 40 65 3 9 4 254 94 387 212 558 13 123 7 165 29 3 7 97 3058 327 31 31 20 13 10 47 13 47 85 2 9 4 32 69 88 14 17 8 12 57 11 85 62 75 58 107 90 18 9 166 7 0 21 49 11 147 185 1 151 8 21 362 265 37 44 47 13 221 3 8 1 105 127 71 6 14 0 0 5 0 3 0 0 23 11 2 10 20 12 21 19 14 16 54 55 7 17 20 12 0 1 34 9 455 594 436 83 39 491 1 4 6 24 73 34 12 50 83 0 91 25 0 104
1 0 3 1 18 22 3 0 0 1 2 5 0 70 21 66 9 42 3 19 100 329 323 12 42 3 78 153 12 24 47 1255 1610 2870 22 358 2236 795 173 14 110 7 25 0 0 4 302 78 5 10 3 0 11 2 2 17 4 1515 606 3826 12 61 56 25 175 3 30 370 379 11 13 6 37 54 1320 31 2 1 1 0 2 0 29 10 57 44 137 2 9 1 7 10 1 0 16 554 1 4 8 24 1 1 1 0 5 3 0 0 0 1 2 3 0 0 2 1 20 2 8 21 7 3 14 8 4 2 14 3 0 9 4 0 3 12 0 14 0 1 52 43 6 5 16 2 22 2 1 0 11 23 6 2 3 0 0 0 0 0 0 1 2 1 0 1 3 2 2 6 3 3 5 3 1 0 5 3 0 0 11 3 26 73 16 8 19 22 0 0 3 1 6 11 9 3 2 1 4 2 0 10
0 0 0 1 0 0 1 0 0 0 0 0 0 3175 2038 16 70 12 8 133 3 26 69 341 6 176 6051 219 0 2 4 2 20 22 7729 1760 374 20 5 1569 11 3 307 0 0 4 1253 3 1 0 0 0 0 0 0 0 2 4 1192 57 1 2 7 74 9 0 7 280 6 0 0 0 4 88 9 0 2 0 1 0 0 0 2 0 1 3 31 0 1 0 1 1 0 0 14 5 0 0 2 3 0 1 2 0 1 0 0 0 0 0 0 1 35 33 5 35 31 72 94 12 76 131 244 6 7 4 19 7 2 15 4 2 6 3 0 11 31 35 44 49 4 53 0 1 10 1 0 0 52 1 27 0 0 0 0 0 0 0 0 0 0 1 0 0 2 22 1 3 2 0 8 8 1 4 2 3 0 0 0 0 9 36 38 3 1 15 0 0 0 8 2 0 2 3 4 0 4 4 0 13
1 0 1 0 0 6 0 0 0 2 0 0 0 6905 1566 188 70 56 2 13 6 49 94 37 8 35 1248 629 6 12 13 9 44 358 1760 1571 2585 37 90 99 13 5 42 0 0 2 190 2 2 0 0 0 0 1 0 0 9 40 1423 1781 2 2 9 41 76 0 7 104 56 2 0 1 4 58 49 1 3 0 1 0 0 1 3 1 2 2 4 0 0 0 1 1 0 0 5 18 3 0 1 4 1 1 2 0 4 3 0 1 1 1 2 6 14 15 0 7 38 21 96 6 102 32 187 11 4 2 38 5 1 14 8 7 15 19 0 22 13 49 112 84 8 65 3 1 23 5 0 0 99 3 93 3 1 0 1 1 0 1 0 1 4 3 0 0 6 26 3 8 5 0 19 38 0 27 1 2 0 0 2 1 40 105 49 17 2 63 0 0 0 10 10 0 1 14 2 0 27 9 0 30
2 0 1 3 25 44 3 0 0 2 1 11 1 555 981 645 848 446 24 474 23 86 548 66 48 34 185 493 18 57 99 213 867 2236 374 2585 9212 1650 628 125 439 29 56 0 1 10 804 30 10 10 0 1 11 2 5 4 19 240 2122 3390 41 20 15 20 212 0 24 502 378 3 5 7 46 193 385 36 4 0 4 0 4 2 10 7 26 21 72 2 15 1 18 13 0 3 23 476 4 6 3 24 3 5 9 3 15 7 0 0 0 4 3 10 10 22 13 10 101 17 152 49 165 53 197 56 22 12 122 5 3 32 45 14 44 78 1 86 8 53 367 288 22 98 30 2 79 5 2 0 189 44 123 3 4 1 1 3 0 1 0 0 6 5 0 1 14 36 2 7 7 6 42 79 10 43 6 10 0 0 11 1 179 401 138 67 8 206 0 1 0 22 22 6 6 29 21 0 50 16 2 109
1 2 1 0 16 23 2 0 0 1 3 2 140 22 13 88 651 408 2215 1125 25 78 394 62 61 33 59 50 14 33 47 154 4360 795 20 37 1650 8525 196 71 228 22 151 368 39 275 349 138 8 45 1 0 3 6 16 6 5 51 162 854 932 116 91 96 101 13 20 204 222 17 26 17 1789 1241 109 174 6 7 4 2 4 4 14 6 15 15 83 30 138 11 321 28 1 13 80 259 5 2 2 6 0 5 2 7 5 14 0 4 0 2 11 7 33 39 11 17 149 77 217 87 178 241 414 34 16 11 91 11 1 23 24 18 32 70 2 64 28 57 355 307 56 85 48 5 66 12 17 1 200 242 110 15 19 0 2 2 0 0 0 1 8 4 1 1 11 37 57 39 21 63 38 54 8 29 23 22 0 0 64 9 141 310 314 38 47 148 0 6 1 26 23 25 11 28 10 0 31 9 1 75
0 0 0 2 14 27 2 0 1 1 2 6 10 13 329 2607 183 2663 73 206 8 23 101 185 13 3 648 6800 23 41 90 101 328 173 5 90 628 196 9685 7 377 223 548 16 2 350 32 219 58 21 0 0 10 18 33 16 53 158 33 569 5160 168 105 401 3416 40 90 78 8613 41 32 19 93 33 222 355 2 0 0 1 9 0 17 19 35 30 26 23 99 9 223 128 4 45 168 192 4 1 9 10 1 0 0 1 5 4 0 0 0 0 1 5 0 179 299 7 31 66 19 1495 40 746 34 14 1 14 16 193 2 525 8 11 17 12 8 12 2 14 124 56 947 13 1392 8 13 63 55 6 70 2282 24 14 23 2 0 1 0 0 0 0 0 1 0 1 15 10 247 169 72 412 8 9 13 6 15 51 1 4 103 9 10 41 41 16 38 16 1 3 14 5 2 22 29 36 2 1 6 0 1 9
1 0 1 0 1 4 0 0 0 0 1 1 0 50 75 12 129 11 62 150 24 2017 947 2815 4776 6528 4819 8 5 0 4 17 50 14 1569 99 125 71 7 10644 166 12 450 5 0 4 1568 3 4 2 0 0 4 18 2 3 3 3 57 18 4 10 33 64 7 0 264 28 9 1 4 12 33 381 6 1 8 0 5 0 0 0 25 45 60 229 122 0 0 0 2 6 1 1 85 9 0 0 60 2 0 0 1 0 5 2 1 0 0 1 6 1 65 61 5 57 73 187 295 29 172 317 711 16 7 9 56 10 2 41 15 6 13 10 0 9 68 104 119 110 6 138 2 5 18 10 0 0 141 9 73 5 5 0 0 1 0 0 0 0 4 5 0 2 5 45 6 19 8 0 21 29 1 15 5 14 1 4 2 0 21 65 152 17 3 31 0 0 0 18 9 1 4 11 1 0 12 6 1 38
1652 516 1106 818 689 846 307 166 10 111 66 356 11 23 1003 552 471 1023 185 871 754 293 5619 1684 111 1298 353 150 265 552 439 364 553 110 11 13 439 228 377 166 14962 3009 1765 75 71 327 76 96 1394 167 2010 1390 26 35 763 1138 146 102 11 63 627 120 193 127 191 26 195 63 224 195 126 231 123 579 494 66 210 14 104 246 817 136 419 85 594 244 154 225 262 59 533 4856 913 661 858 592 106 101 41 92 4 5 42 1 22 45 0 5 7 8 36 70 7 10 6 1 11 16 8 39 11 51 30 41 4 3 55 3 0 19 17 4 52 113 0 63 2 9 80 60 21 10 26 13 105 7 7 0 26 112 15 22 35 1 0 5 21 18 55 37 14 6 1 4 16 2 26 19 17 12 33 15 4 4 25 17 13 9 64 14 232 204 194 35 76 271 16 14 44 9 33 49 30 32 55 1 39 10 1 33
0 0 0 0 0 4 0 0 0 0 1 0 1 5 140 234 17 474 50 50 1 87 3694 4287 23 124 145 60 1 3 6 11 33 7 3 5 29 22 223 12 3009 5392 11768 25 21 175 14 7 1601 15 2 0 2 3 51 27 3 7 1 24 335 13 28 18 71 19 36 4 70 10 6 5 22 8 17 32 1 1 0 0 9 0 5 2 4 20 4 6 26 9 355 355 5 104 224 18 1 1 3 0 0 0 0 0 1 0 0 0 0 0 0 1 1 4 6 2 3 4 3 18 2 13 7 0 0 0 1 5 0 5 0 0 0 0 0 0 2 1 4 5 10 3 19 1 0 5 9 0 2 46 1 8 15 0 0 2 0 0 0 0 0 0 0 0 1 0 16 30 12 12 0 2 0 0 14 9 1 1 54 7 0 4 10 0 26 1 0 0 4 0 0 15 9 3 1 0 0 0 0 0
1 0 2 5 4 9 1 0 1 1 1 2 17 16 139 226 101 1050 285 223 61 1548 3682 7101 916 670 1928 105 47 14 34 54 141 25 307 42 56 151 548 450 1765 11768 12243 226 171 2230 974 78 2855 212 4 1 27 118 80 44 58 18 94 50 3154 88 687 4419 478 141 952 81 518 36 21 27 195 111 42 208 10 3 18 0 22 2 107 220 237 569 421 43 133 101 2883 690 17 409 4626 51 7 4 182 11 0 3 0 0 3 1 0 0 0 1 1 0 14 19 20 13 27 53 37 182 39 169 98 7 2 5 17 18 2 28 6 7 11 5 4 16 5 12 67 28 100 23 92 5 7 49 73 4 46 791 27 87 181 2 6 16 1 0 3 4 1 0 0 0 11 9 262 217 184 170 4 4 3 5 272 140 8 23 483 93 6 29 38 3 510 10 8 34 28 4 0 319 192 18 1 0 2 1 0 3
1 0 1 0 0 4 4 1 29 6 7 9 8614 0 0 4 23 116 5605 111 1 7 14 19 4 3 11 7 1 4 0 21 51 0 0 0 0 368 16 5 75 25 226 11402 3080 662 9 193 38 614 9 25 2 3 5 6 0 0 1 0 211 254 252 73 49 326 7 1 69 78 94 1060 6560 4626 3 118 3477 3799 13229 27 69 100 2 1 10 4 9 373 665 417 835 28 3 38 296 9 340 5 0 0 0 1 1 0 5 0 0 0 2 2 4 6 34 29 53 20 38 117 105 222 88 484 216 6 2 1 31 11 0 19 9 8 14 21 2 9 16 24 118 100 42 37 43 1 19 12 45 4 123 589 34 36 80 0 0 9 3 1 4 11 1 1 0 0 6 10 164 71 46 198 10 17 3 4 55 45 4 14 162 24 36 108 357 9 121 52 6 27 25 2 4 123 59 9 10 0 12 1 0 13
1 0 1 1 0 4 3 1 61 6 0 2 6907 0 1 0 21 19 544 26 2 7 1 3 4 0 2 2 2 2 1 12 22 0 0 0 1 39 2 0 71 21 171 3080 19692 885 4 78 47 6519 17 56 0 1 2 2 0 0 0 0 31 276 261 33 29 3205 3 1 43 75 105 78 78 1204 2 24 1099 1725 197 86 241 950 4 1 3 4 4 2424 1251 3663 1770 51 3 45 376 1 831 10 1 0 0 0 1 1 4 5 0 0 1 8 3 5 0 2 7 0 7 4 3 55 6 26 4 1 0 2 2 2 1 4 5 2 8 1 3 1 0 1 19 6 9 3 11 4 1 18 82 2 14 508 2 67 120 0 0 6 5 5 16 24 0 0 0 0 5 1 222 127 99 310 1 3 3 2 99 121 13 33 598 94 7 0 19 1 258 8 24 33 63 0 0 185 83 11 6 0 0 0 0 4
0 1 1 0 0 1 0 0 1 2 1 0 1651 1 14 66 65 4323 4390 98 1 10 46 447 8 13 321 246 5 0 5 5 66 4 4 2 10 275 350 4 327 175 2230 662 885 11171 6 56 80 130 1 1 1 3 52 23 4 1 2 7 2729 89 219 1383 661 1169 14 5 241 39 15 12 142 114 4 103 19 5 14 0 7 1 3 7 6 7 6 35 138 111 1579 113 3 39 412 6 22 1 1 0 0 5 0 1 5 1 0 0 0 0 0 2 1 98 307 2 21 34 10 1113 65 648 15 1 0 12 13 173 5 260 20 25 25 3 5 14 4 9 89 57 739 18 932 5 10 121 300 9 134 3914 24 56 74 2 2 5 1 0 1 5 0 0 0 2 27 11 708 452 125 1620 9 13 12 4 93 251 4 10 680 79 7 11 42 14 150 13 1 13 22 2 0 77 84 49 7 0 8 3 0 13
0 0 1 2 10 22 2 0 2 3 3 7 0 162 16 14 74 17 25 16 18 493 254 1815 6091 617 2012 215 7 5 31 101 482 302 1253 190 804 349 32 1568 76 14 974 9 4 6 8738 7 5 2 0 1 8 28 4 10 13 44 300 493 13 24 89 328 117 0 306 639 73 0 1 102 191 430 73 3 33 2 47 2 1 0 32 80 71 373 3062 2 10 0 5 4 0 5 100 123 2 1 188 21 1 0 4 1 10 4 1 4 0 5 3 6 15 23 3 11 150 32 233 25 154 39 307 31 11 7 101 7 0 14 29 19 38 34 1 71 19 51 377 291 6 63 5 6 77 6 2 0 136 18 110 1 2 0 0 0 0 1 0 0 2 9 0 3 8 35 5 12 5 1 27 34 3 26 3 4 0 0 2 1 81 247 155 34 1 68 1 0 1 5 12 0 4 24 8 0 31 20 2 48
0 0 1 3 20 38 2 1 0 1 2 13 18 1 44 21 36 110 88 10 10 16 7 4 17 1 14 45 51 93 137 119 213 78 3 2 30 138 219 3 96 7 78 193 78 56 7 33367 69 889 1 9 16 59 7 11 121 107 6 102 434 11272 1885 413 1220 16 307 61 8494 1382 4733 70 266 32 219 8711 8 3 15 5 272 125 37 46 46 62 37 1828 6011 192 1124 60 15 161 361 162 10 2 17 15 0 1 0 1 1 1 0 0 0 0 0 1 3 9 17 2 14 16 21 60 10 39 31 1 2 3 12 8 3 15 7 4 6 5 1 7 4 10 27 21 18 21 10 2 9 29 18 3 16 40 19 596 935 6 18 99 10 10 22 123 1 1 0 0 2 7 22 66 213 14 7 11 0 3 106 32 88 215 326 36 3 20 10 7 457 9 135 171 780 2 1 1192 509 6 2 0 1 1 1 9
0 0 0 0 0 1 1 0 0 0 0 0 11 0 28 56 14 140 27 15 0 74 231 282 8 28 21 14 1 3 2 3 19 5 1 2 10 8 58 4 1394 1601 2855 38 47 80 5 69 13177 144 6 3 1 1 26 16 1 1 0 3 184 70 33 6 33 17 14 1 77 58 59 5 23 9 6 86 4 3 2 0 59 1 2 10 3 18 2 84 251 62 354 6052 30 4437 5817 3 5 0 0 0 0 0 0 0 0 0 0 0 0 0 0 0 0 0 2 0 1 7 3 6 1 11 9 0 0 0 0 2 0 2 0 0 1 0 1 2 1 4 3 2 4 2 0 0 2 2 3 0 3 21 0 19 63 1 1 1 0 2 0 4 0 0 0 0 1 1 9 18 28 5 0 0 0 0 29 8 7 21 52 9 0 0 1 0 80 2 0 7 22 0 0 88 41 1 0 0 0 0 1 0
1 0 0 1 2 14 2 1 23 6 1 1 487 0 3 14 12 84 148 14 4 6 9 7 13 5 8 7 3 8 10 23 24 10 0 0 10 45 21 2 167 15 212 614 6519 130 2 889 144 14633 274 1308 3 5 14 3 4 7 1 7 179 1430 915 17 42 320 11 6 546 386 416 44 81 868 13 577 426 398 86 1372 1362 10290 12 4 10 4 8 10434 5340 14437 4045 172 42 188 1194 17 462 11 2 0 0 1 1 1 2 2 0 0 1 5 2 2 4 5 3 1 6 8 17 54 7 36 32 2 0 0 10 7 0 11 3 1 4 2 0 6 7 10 12 10 6 15 6 1 6 18 29 1 11 35 6 280 564 5 7 111 118 62 168 224 0 1 0 0 2 1 29 69 149 25 4 1 0 2 119 26 82 111 510 53 4 8 7 4 557 9 107 2221 437 1 3 981 274 5 8 0 0 2 0 7
50 7 8 8 19 9 18 6 3 7 2 3 1 0 0 1 0 2 2 1 1 2 2 0 1 0 1 0 21 35 10 9 9 3 0 0 0 1 0 0 2010 2 4 9 17 1 0 1 6 274 14553 14663 3 1 757 612 4 3 1 1 1 10 2 3 1 15 12 0 2 291 30 12 5 91 13 1 25 15 7 2630 2725 913 22 1 18 3 3 323 25 11 5 8677 9221 192 32 9 14 9 2 0 0 1 0 0 0 0 0 0 0 0 0 0 0 0 0 0 1 0 2 1 0 0 1 1 0 0 1 0 0 0 2 1 0 4 0 1 0 0 2 1 0 0 0 5 4 0 2 0 1 0 1 13 1 2 0 12 356 185 450 308 9 0 0 0 1 0 0 0 0 3 0 0 0 0 0 0 78 21 4 0 11 8 19 1 1 14 103 12 84 0 3 5 9 1 3 0 0 0 0 1
34 5 11 8 12 17 14 2 7 4 1 3 13 0 0 0 2 4 8 1 1 4 1 0 1 0 0 2 16 41 7 16 13 0 0 0 1 0 0 0 1390 0 1 25 56 1 1 9 3 1308 14663 45172 2 2 370 291 5 1 0 0 0 15 3 0 1 57 5 0 2 218 43 11 8 259 7 2 91 79 10 18750 8140 4016 14 2 27 4 5 1044 79 35 13 1597 5568 88 9 9 100 7 0 2 0 0 2 0 0 0 0 1 0 0 0 1 0 0 0 0 0 0 0 0 2 0 0 0 0 0 2 0 1 1 0 0 0 3 0 4 0 0 7 3 0 0 0 31 14 2 8 1 6 0 0 39 16 27 0 87 1585 885 2558 962 37 1 0 2 0 0 0 0 0 16 3 0 0 0 1 1 358 77 5 1 7 5 30 1 0 57 526 85 377 0 23 18 40 0 11 1 0 0 0 0
375 44 74 71 145 154 158 58 17 48 9 34 1 0 0 1 1 0 3 0 4 7 1 10 31 2 30 23 2720 665 150 54 61 11 0 0 11 3 10 4 26 2 27 2 0 1 8 16 1 3 3 2 10206 9532 7374 139 230 16 1 4 5 18 79 41 56 0 576 16 43 5 0 36 10 134 66 3 30 5 22 0 2 3 3180 205 171 40 107 0 2 1 6 0 1 2 40 101 41 5170 33 33 1 3 3 1 0 6 0 0 0 0 2 7 0 0 0 0 1 0 1 1 1 0 5 9 1 1 11 0 0 0 5 0 9 14 0 12 0 0 23 24 1 2 1 1 26 0 0 0 8 1 4 0 0 0 0 1 0 0 0 0 1 0 0 0 3 1 0 3 0 1 4 1 2 0 0 0 0 0 1 0 30 57 29 8 0 42 0 0 0 2 9 0 0 4 5 0 6 4 0 10
350 78 105 104 206 231 119 34 12 43 10 44 1 2 0 1 0 5 0 0 6 26 9 31 104 10 132 92 15566 1402 438 83 66 2 0 1 2 6 18 18 35 3 118 3 1 3 28 59 1 5 1 2 9532 11935 1787 53 609 25 3 1 8 57 275 172 235 0 4679 57 170 15 2 43 6 104 162 3 29 1 14 1 1 2 1992 6493 198 49 421 0 7 1 7 3 0 17 96 161 31 5278 112 200 0 2 5 0 5 4 0 0 0 4 5 4 0 0 0 0 5 0 1 2 1 0 0 5 0 0 4 0 0 1 3 0 9 10 0 7 1 1 15 12 0 0 0 1 28 0 0 0 2 6 1 0 1 0 0 0 0 0 0 0 0 0 0 0 1 0 3 0 1 0 5 4 1 0 5 1 0 0 3 1 24 39 25 3 3 19 0 0 0 0 2 1 0 1 1 0 4 3 0 2
144 22 40 17 45 41 85 27 3 17 4 18 1 3 12 22 3 45 8 1 2 4 28 41 9 7 18 13 822 223 48 38 44 2 0 0 5 16 33 2 763 51 80 5 2 52 4 7 26 14 757 370 7374 1787 19114 1689 53 7 2 2 103 13 17 15 28 1 153 5 24 18 5 30 15 80 42 3 17 1 7 79 97 50 3609 36 72 18 21 18 13 4 54 586 97 35 20 27 20 904 4 11 0 1 2 1 1 5 0 0 0 1 2 3 0 0 0 0 6 1 1 3 0 1 1 10 2 0 8 0 0 1 1 1 4 19 0 6 1 0 21 10 2 3 2 5 16 1 1 0 7 16 0 2 2 0 0 1 6 3 12 3 1 1 0 0 2 0 5 6 2 9 2 6 2 1 5 6 4 0 2 0 22 46 27 11 0 24 2 1 1 3 3 3 3 3 4 0 1 0 1 10
404 77 154 123 201 204 148 45 5 43 11 57 3 0 8 11 0 16 3 1 344 84 24 21 14 14 17 9 345 299 110 91 99 17 0 0 4 6 16 3 1138 27 44 6 2 23 10 11 16 3 612 291 139 53 1689 2591 68 21 2 3 37 23 45 32 28 1 102 10 34 18 3 56 13 165 139 4 51 3 21 54 71 24 11521 102 3292 137 37 12 13 1 21 549 93 13 36 140 28 126 24 18 0 1 8 1 4 11 0 0 1 5 7 11 1 0 1 0 3 0 1 0 1 0 3 15 2 0 21 0 0 0 3 2 15 34 0 30 1 1 34 15 5 2 0 3 33 0 1 0 5 9 3 0 4 0 0 0 4 3 7 6 5 5 0 1 3 0 1 2 2 5 12 6 2 1 1 1 0 0 1 0 56 66 48 9 3 73 3 0 2 3 6 0 2 11 12 1 9 4 0 19
92 48 101 229 755 364 31 5 3 4 5 43 0 7 0 8 0 8 0 1 49 18 14 17 28 0 115 197 1141 13792 7467 86 49 4 2 9 19 5 53 3 146 3 58 0 0 4 13 121 1 4 4 5 230 609 53 68 18601 42 8 6 11 84 254 155 370 0 5729 160 359 23 15 37 4 41 253 6 15 0 14 3 1 0 480 310 253 687 704 2 7 0 9 7 4 14 85 365 10 142 4576 1410 0 0 6 0 4 4 0 1 1 2 7 8 0 0 0 0 0 0 2 3 0 0 0 3 0 0 4 0 0 0 0 1 3 10 0 3 0 0 3 2 0 0 2 0 7 1 0 0 1 5 1 2 3 0 0 1 0 0 0 0 1 0 1 0 2 0 2 1 2 2 3 0 0 0 2 4 0 0 10 4 21 15 18 1 9 13 0 0 1 0 5 4 4 0 3 0 3 0 0 3
4 0 0 7 12 12 4 1 1 1 0 87 0 69 13 50 1 19 0 3 79 239 126 10 10 0 98 271 8 11 55 1518 607 1515 4 40 240 51 158 3 102 7 18 0 0 1 44 107 1 7 3 1 16 25 7 21 42 3315 244 1398 15 87 151 43 393 0 125 1678 637 18 14 30 4 27 6971 11 7 0 3 0 1 0 42 24 74 57 523 1 6 1 14 2 0 2 32 1546 10 4 37 95 0 0 2 0 3 3 0 1 0 0 3 7 0 3 0 0 1 1 0 14 2 9 1 4 1 0 7 1 0 1 1 0 8 5 0 3 0 1 11 3 7 2 3 4 9 1 0 0 2 10 1 4 7 0 0 0 0 0 0 0 0 1 0 1 2 0 3 1 4 2 0 0 0 0 6 3 0 1 13 1 13 10 15 1 21 18 0 3 3 1 1 10 6 2 6 0 0 0 0 2
0 0 0 2 2 11 0 0 0 0 0 0 0 528 7 11 11 4 3 4 1 39 38 84 5 21 513 304 6 11 21 29 166 606 1192 1423 2122 162 33 57 11 1 94 1 0 2 300 6 0 1 1 0 1 3 2 2 8 244 1254 4176 0 6 19 76 83 1 19 901 41 2 1 5 8 43 78 0 0 0 1 0 1 0 2 1 0 5 53 0 0 1 0 0 0 0 10 45 1 1 0 2 1 1 0 1 2 1 0 0 1 1 1 3 4 6 1 3 32 6 48 6 35 9 75 11 2 3 18 0 0 2 7 3 9 9 1 17 6 20 94 77 1 25 2 0 21 0 0 0 28 3 26 1 0 0 0 0 0 0 0 0 6 1 0 2 4 7 5 1 2 0 9 10 2 12 1 1 0 0 0 0 16 49 29 6 1 12 0 0 0 5 5 1 2 5 1 0 6 4 0 16
3 0 1 2 13 10 2 0 0 0 0 4 1 497 55 252 25 88 3 28 21 59 153 30 25 5 279 1249 8 23 86 260 731 3826 57 1781 3390 854 569 18 63 24 50 0 0 7 493 102 3 7 1 0 4 1 2 3 6 1398 4176 3306 26 67 115 92 779 2 19 1790 923 16 9 5 15 15 881 24 0 1 2 0 1 0 6 10 13 10 271 3 10 1 11 21 0 3 26 504 1 0 3 40 0 0 1 0 1 0 0 1 0 0 1 1 1 7 8 0 3 0 6 45 2 19 2 1 0 0 2 4 0 13 0 3 4 4 0 5 0 0 19 13 13 3 36 0 4 2 0 0 2 33 5 2 7 0 0 0 0 0 0 0 0 0 0 0 2 0 4 6 8 6 3 3 0 1 10 3 0 0 8 1 8 10 8 4 20 5 0 1 1 1 3 9 2 1 0 0 3 0 0 3
0 0 0 0 2 5 0 0 2 2 2 1 8 0 37 473 221 2839 720 397 7 18 73 448 15 8 239 228 3 6 9 15 341 12 1 2 41 932 5160 4 627 335 3154 211 31 2729 13 434 184 179 1 0 5 8 103 37 11 15 0 26 11988 515 883 1758 1334 107 47 7 7652 155 111 16 324 16 22 4427 1 2 3 2 26 7 10 1 1 18 9 44 508 36 7761 227 10 117 1130 25 3 0 5 1 0 9 1 0 6 1 0 1 0 0 0 1 0 55 91 2 6 27 2 290 39 189 18 2 0 2 10 97 1 143 28 25 21 8 4 10 3 13 80 31 293 18 453 7 6 119 371 6 81 2027 21 113 161 7 10 20 0 3 1 4 0 1 0 1 19 4 444 523 172 349 8 8 10 2 229 269 7 24 722 113 8 21 18 8 319 14 4 26 31 2 2 166 155 40 10 0 5 4 0 6
1 1 3 4 14 40 3 0 1 6 4 12 49 1 36 26 26 187 116 10 21 105 42 16 56 10 19 27 62 71 86 92 201 61 2 2 20 116 168 10 120 13 88 254 276 89 24 11272 70 1430 10 15 18 57 13 23 84 87 6 67 515 13192 10979 512 862 49 394 40 3791 4779 2692 60 284 30 173 2495 16 5 24 6 177 567 69 90 97 130 56 1702 3042 367 1834 77 18 554 2535 143 26 3 22 18 0 2 0 0 1 0 0 0 0 2 3 1 2 24 15 4 14 28 49 111 13 72 60 9 2 8 26 11 1 39 7 4 8 9 0 9 5 17 33 33 16 47 19 4 14 53 37 1 15 48 24 1156 1525 13 34 213 14 11 70 262 2 2 0 0 5 16 38 98 319 30 6 11 2 4 145 41 195 512 480 78 7 15 19 8 542 19 406 260 1676 2 1 1670 865 5 3 0 2 3 0 18
2 1 3 10 13 47 2 1 2 2 3 9 50 7 68 29 23 216 130 21 62 398 87 51 242 33 56 67 148 113 222 60 120 56 7 9 15 91 105 33 193 28 687 252 261 219 89 1885 33 915 2 3 79 275 17 45 254 151 19 115 883 10979 12587 11091 5982 64 1356 97 6668 866 149 47 164 30 273 1023 19 6 17 3 44 7 227 296 296 499 156 67 1355 312 2548 37 9 292 4479 95 19 6 141 32 0 3 0 0 0 2 0 0 0 0 0 0 1 8 9 4 6 15 17 59 12 46 41 2 1 2 12 6 0 23 3 3 6 1 1 4 4 9 25 23 21 22 26 1 7 35 29 2 11 100 10 198 460 5 4 48 0 3 4 11 2 0 0 0 6 6 52 110 212 36 5 1 0 1 224 60 12 58 451 75 5 13 11 5 637 5 16 91 168 1 0 742 323 5 1 0 2 3 0 4
0 0 1 2 5 9 1 0 0 1 0 2 7 5 20 24 32 298 107 28 52 391 105 696 441 58 2643 1170 73 14 97 22 70 25 74 41 20 96 401 64 127 18 4419 73 33 1383 328 413 6 17 3 0 41 172 15 32 155 43 76 92 1758 512 11091 11054 6869 39 1148 120 1526 88 29 35 93 48 99 56 9 0 4 0 6 2 133 277 192 511 352 10 34 8 1292 4 3 30 2780 25 0 4 184 39 0 4 1 0 3 0 0 0 0 0 0 1 0 20 49 4 7 24 4 302 24 137 27 2 1 2 6 40 0 40 14 17 12 6 1 12 1 10 51 19 182 14 245 4 5 36 82 2 42 1495 18 29 53 2 2 1 1 0 0 0 0 0 0 0 11 6 512 219 57 257 5 10 5 2 38 134 2 6 269 41 5 27 19 11 56 12 0 6 4 1 1 37 39 30 4 0 1 1 0 3
3 1 4 10 20 39 2 1 0 3 4 6 4 24 419 210 13 158 57 12 35 54 21 36 106 4 1719 2940 141 89 386 92 114 175 9 76 212 101 3416 7 191 71 478 49 29 661 117 1220 33 42 1 1 56 235 28 28 370 393 83 779 1334 862 5982 6869 7510 74 1314 294 10991 192 52 7 63 21 643 67 5 0 5 0 12 6 168 233 185 322 262 15 60 17 819 26 4 46 720 209 1 5 139 102 2 2 0 0 7 1 0 0 0 1 0 2 1 41 46 3 22 19 14 463 55 156 16 6 2 11 27 67 4 81 32 21 33 25 3 23 0 13 102 52 321 36 332 5 8 111 247 3 81 2585 26 111 139 2 7 13 2 1 0 2 1 3 0 3 24 7 864 579 188 349 12 10 19 3 165 350 3 17 789 118 28 48 18 19 233 36 1 17 20 5 6 103 127 54 9 0 6 6 1 10
0 0 0 0 0 0 0 1 0 0 0 0 1973 0 0 28 3 457 799 0 0 4 1 1 0 1 17 31 1 0 0 4 9 3 0 0 0 13 40 0 26 19 141 326 3205 1169 0 16 17 320 15 57 0 0 1 1 0 0 1 2 107 49 64 39 74 233 0 0 148 31 12 12 14 651 1 13 156 708 26 33 26 59 1 0 1 1 3 90 95 149 1306 16 0 16 170 0 87 1 0 0 0 0 0 0 0 1 0 0 0 0 0 0 0 2 21 0 0 1 0 20 3 21 0 0 0 1 0 0 0 4 0 0 0 0 0 0 0 0 1 2 4 0 3 1 1 2 3 0 9 47 1 10 11 0 0 0 0 1 2 3 0 0 0 0 0 0 4 9 5 76 0 0 1 0 13 3 3 0 26 3 1 0 23 0 15 1 0 3 6 0 0 14 4 0 0 0 0 0 0 0
290 171 368 501 401 685 38 37 7 54 49 267 2 23 4 12 5 8 5 2 29 285 76 427 1576 171 947 530 10093 1770 2688 201 138 30 7 7 24 20 90 264 195 36 952 7 3 14 306 307 14 11 12 5 576 4679 153 102 5729 125 19 19 47 394 1356 1148 1314 0 26113 461 919 94 31 98 27 200 1060 25 79 1 39 0 11 2 1242 8042 1065 3427 3149 6 21 6 63 25 9 61 746 1015 40 131 3144 1860 1 1 16 2 4 10 0 2 3 3 8 16 1 0 3 0 8 4 10 12 3 9 5 13 3 1 14 0 0 5 5 2 16 29 0 13 0 2 37 27 4 1 4 1 25 6 1 0 7 24 8 6 7 0 0 1 0 0 0 0 4 3 0 2 6 0 9 16 12 7 6 8 0 0 9 10 0 1 29 4 64 75 59 9 16 68 0 4 1 1 11 15 6 7 14 0 13 4 0 11
1 1 1 4 4 15 0 0 0 0 0 1 0 76 9 16 8 12 1 1 13 73 37 90 42 20 490 452 47 31 278 94 336 370 280 104 502 204 78 28 63 4 81 1 1 5 639 61 1 6 0 0 16 57 5 10 160 1678 901 1790 7 40 97 120 294 0 461 3698 323 12 9 66 81 90 2192 2 10 0 35 0 3 2 59 64 49 95 3289 2 3 5 9 2 0 1 22 123 4 2 102 620 1 0 1 0 1 2 1 0 0 1 2 0 2 2 1 1 22 0 17 9 8 5 20 8 0 1 20 0 0 0 5 1 4 8 0 12 1 3 53 55 4 10 2 2 20 1 0 0 21 8 14 2 1 0 0 0 0 0 1 0 3 0 1 0 3 5 4 4 4 1 9 4 1 2 5 6 0 0 4 1 11 54 20 7 5 4 0 0 1 3 2 4 3 8 1 0 7 4 0 11
2 0 6 10 53 127 12 0 1 4 6 29 9 14 316 276 80 312 74 37 38 54 53 10 26 6 56 571 196 263 454 318 383 379 6 56 378 222 8613 9 224 70 518 69 43 241 73 8494 77 546 2 2 43 170 24 34 359 637 41 923 7652 3791 6668 1526 10991 148 919 323 7447 642 605 61 210 38 1088 6135 8 0 14 0 84 9 156 153 138 170 135 76 875 92 1580 43 22 129 1147 600 2 12 53 68 0 7 0 0 8 6 0 3 0 0 1 7 1 15 11 4 26 11 16 146 44 35 14 9 3 5 43 40 3 32 40 18 34 26 3 28 4 20 104 66 105 41 132 7 30 147 227 8 100 1591 42 250 517 15 18 78 1 4 2 11 1 2 1 3 30 8 837 709 490 233 18 21 9 8 847 604 17 60 2028 340 42 85 33 27 1692 33 10 121 103 6 4 951 549 58 13 0 13 7 0 24
0 1 0 6 6 6 1 0 0 1 0 0 22 0 2 9 4 52 26 4 4 33 19 8 21 5 9 7 21 16 23 29 42 11 0 2 3 17 41 1 195 10 36 78 75 39 0 1382 58 386 291 218 5 15 18 18 23 18 2 16 155 4779 866 88 192 31 94 12 642 8441 3059 12 52 19 41 369 3 3 9 47 1036 751 17 20 22 39 15 1433 994 103 659 712 1813 2064 303 33 4 0 8 1 0 0 0 1 1 0 0 0 0 0 0 1 0 6 8 2 2 5 17 26 4 25 22 0 1 2 7 3 1 9 0 0 3 1 0 0 5 12 4 14 6 18 9 5 6 26 9 2 8 11 11 397 490 11 13 79 63 61 220 417 1 0 0 0 0 5 13 25 115 14 1 0 2 2 46 12 205 228 137 21 3 8 3 0 150 9 386 116 1050 1 3 526 337 0 2 0 1 0 0 5
1 0 0 1 9 11 0 0 0 2 1 3 21 2 3 10 9 40 30 2 3 8 6 4 3 4 9 3 3 15 9 30 53 13 0 0 5 26 32 4 126 6 21 94 105 15 1 4733 59 416 30 43 0 2 5 3 15 14 1 9 111 2692 149 29 52 12 31 9 605 3059 11677 18 67 11 31 642 15 2 8 27 4323 571 8 8 10 9 3 3103 1666 153 523 426 194 302 152 27 4 1 1 2 0 0 0 0 1 0 0 0 0 0 1 1 1 4 4 1 8 5 18 32 7 19 13 1 0 1 9 1 3 12 2 1 3 1 0 3 3 6 9 3 6 16 3 4 4 30 12 0 3 15 13 383 447 10 11 91 44 56 175 532 0 0 0 0 0 0 5 24 82 9 1 2 0 2 25 10 216 272 104 12 0 3 9 4 103 6 400 115 1070 4 0 473 334 6 2 0 1 0 0 1
33 12 67 114 38 296 39 14 143 158 1033 1517 57 1 2 2 2 7 13 3 132 153 122 21 136 5 26 11 52 62 18 2539 1313 6 0 1 7 17 19 12 231 5 27 1060 78 12 102 70 5 44 12 11 36 43 30 56 37 30 5 5 16 60 47 35 7 12 98 66 61 12 18 4996 2751 2195 34 50 3718 324 6204 7 10 11 183 70 189 66 254 22 45 17 70 7 1 3 28 429 2908 90 21 7 13 22 138 20 107 326 7 44 20 150 300 328 2 4 0 1 30 3 33 19 21 10 50 90 16 5 193 0 0 5 65 12 436 160 0 77 1 5 205 119 8 21 5 31 338 2 10 0 43 46 27 4 7 0 0 8 2 1 3 0 45 22 2 24 26 4 14 10 7 17 67 34 9 2 6 7 1 0 20 5 591 372 542 41 20 878 5 3 8 17 107 11 6 56 284 11 104 22 0 60
0 0 1 1 7 15 2 0 3 4 0 7 229 1 7 34 15 163 83 64 65 138 221 52 150 19 42 18 6 4 5 45 2977 37 4 4 46 1789 93 33 123 22 195 6560 78 142 191 266 23 81 5 8 10 6 15 13 4 4 8 15 324 284 164 93 63 14 27 81 210 52 67 2751 8804 2190 26 279 120 154 1717 5 8 11 44 12 53 45 222 38 205 37 414 14 1 19 126 67 37 2 12 5 2 1 6 3 12 5 0 0 0 3 5 10 17 21 15 16 89 39 141 57 130 87 181 59 17 9 96 10 2 18 21 18 43 98 1 79 13 32 432 259 31 72 53 8 83 13 17 1 198 237 91 16 32 1 0 5 0 1 0 0 11 7 0 5 13 21 43 46 32 55 40 48 7 18 39 23 0 3 58 13 182 423 349 66 62 193 2 5 10 11 28 48 24 26 28 0 37 21 1 73
93 13 50 56 44 142 70 22 136 66 76 193 1222 94 100 98 567 609 6929 517 253 276 189 167 357 249 201 42 80 84 26 326 1213 54 88 58 193 1241 33 381 579 8 111 4626 1204 114 430 32 9 868 91 259 134 104 80 165 41 27 43 15 16 30 30 48 21 651 200 90 38 19 11 2195 2190 6148 154 7 5289 2755 3273 154 117 218 492 159 433 193 581 269 116 66 77 40 8 8 40 289 3138 54 41 6 1 5 16 4 21 42 0 3 5 29 61 49 15 21 69 22 23 52 35 79 85 372 118 41 18 3 71 3 0 31 20 5 65 69 2 32 10 11 175 78 13 32 7 6 93 0 7 3 135 41 25 2 4 0 0 4 18 6 27 24 10 2 5 3 4 4 6 6 5 72 31 35 2 7 4 4 3 1 9 2 248 345 1613 49 7 324 3 4 7 11 21 5 7 20 71 1 26 16 0 54
