34980 6172 15498 2346 1736 920 8159 9960 79 1974 55 1334 0 7 2 3 3 1 1 0 182 39 3 10 13 1 10 5 9262 7199 423 116 129 20 0 0 12 25 11 2 975 2 29 6 5 0 2 8 30 7 247 137 1010 587 398 277 252 18 1 1 7 7 8 8 8 3 326 14 21 33 11 122 35 14 22 8 27 3 98 3 74 11 2422 671 1737 101 20 26 13 0 5 378 186 60 60 54 57 677 32 10 14 59 23 36 35 59 14 9 30 61 26 81 0 0 0 0 0 0 0 4 1 2 1 4 3 1 0 0 0 1 46 1 27 27 0 8 0 0 2 7 0 0 0 7 10 0 1 0 2 5 1 0 2 3 0 1 4 4 5 5 28 12 0 22 4 0 1 0 0 1 19 19 1 0 0 1 9 3 3 0 16 13 2 0 0 17 6 1 8 1 21 2 4 0 10 5 4 2 0 1
6172 9369 8383 5962 1109 2411 290 88 19 315 164 1848 0 0 1 1 0 4 1 1 112 25 0 2 9 0 1 2 803 1933 27 22 44 1 1 0 0 4 0 0 367 0 7 1 0 0 1 1 7 3 49 35 138 141 60 104 16 3 0 0 2 2 2 2 0 0 156 4 7 9 3 59 11 3 2 2 16 0 48 2 19 2 496 183 644 51 5 2 2 2 5 95 34 9 15 8 34 73 8 2 17 61 39 57 38 64 10 11 40 61 43 101 0 0 0 0 0 0 0 0 0 0 0 4 1 0 0 0 0 0 40 1 43 20 0 3 0 0 4 1 0 0 0 6 12 1 0 0 0 0 0 0 0 1 0 0 2 5 0 0 10 15 2 22 2 0 0 0 0 0 30 15 0 0 0 1 2 0 0 0 8 5 1 0 1 9 1 0 2 1 27 1 2 0 11 8 4 1 0 0
15498 8383 16867 9990 208 2223 738 3558 68 3507 137 5669 1 1 0 1 1 0 1 1 281 43 6 8 15 1 5 1 1403 247 47 17 76 11 1 0 1 8 3 5 1156 3 17 3 4 1 0 5 23 6 161 99 517 424 235 299 38 7 0 0 4 2 6 2 4 1 390 10 12 26 6 177 23 5 16 3 39 1 193 4 52 14 1515 547 1843 97 11 20 9 1 10 221 137 42 39 13 76 280 23 5 17 121 42 78 63 96 12 17 47 106 39 166 1 0 0 0 0 0 0 0 0 0 0 5 5 0 1 0 0 0 75 1 77 32 0 7 0 0 4 3 0 0 0 6 13 0 1 0 1 2 0 0 2 4 1 2 2 9 2 2 25 18 1 32 5 0 0 1 1 2 20 41 1 0 0 0 3 0 2 1 26 10 4 0 0 22 3 3 5 3 33 1 1 0 19 15 8 2 0 1
2346 5962 9990 18585 2867 10596 222 80 46 490 213 7969 1 3 0 0 1 0 1 1 205 45 2 4 7 0 2 3 635 1222 100 45 102 4 0 0 5 8 0 3 421 0 9 1 1 0 0 2 8 1 32 28 95 103 38 125 29 5 1 0 1 1 3 0 1 0 181 3 5 3 1 135 8 2 6 1 35 0 81 2 11 3 447 274 853 74 8 4 2 0 3 63 32 7 7 8 56 82 16 8 26 121 43 89 53 110 20 23 65 114 42 197 0 0 0 0 0 0 0 0 1 0 0 6 3 0 1 0 0 0 91 1 89 24 0 6 0 0 7 2 0 0 0 8 20 0 2 1 1 0 0 0 0 2 0 0 0 9 3 2 14 26 2 41 4 0 0 0 0 1 16 25 2 0 0 0 3 0 0 0 18 2 4 0 0 19 0 1 1 3 32 0 1 1 19 22 6 3 0 1
1736 1109 208 2867 6192 17001 383 51 143 178 90 5455 2 56 37 20 15 18 9 12 345 163 9 13 19 2 8 30 1925 4666 3498 4589 2450 302 3 1 74 202 35 4 493 3 34 13 4 2 2 28 15 4 43 27 178 162 68 121 437 462 4 10 35 11 17 14 38 1 496 13 133 9 6 1381 381 20 296 44 106 0 685 2 13 4 533 461 1038 150 17 6 3 0 14 63 34 18 23 1837 264 188 69 25 54 224 97 163 135 222 37 31 101 187 90 366 1 0 7 0 0 0 1 6 1 3 0 18 5 2 2 0 0 1 223 1 158 73 0 25 0 0 17 7 0 0 1 23 40 1 8 1 5 20 1 0 1 6 0 2 3 14 5 3 49 60 4 80 13 1 3 0 0 3 64 91 3 0 0 3 5 0 19 0 47 13 18 0 1 51 2 0 3 9 89 1 5 5 46 13 26 4 3 0
920 2411 2223 10596 17001 15623 235 182 203 1813 106 21214 0 12 15 7 10 2 5 7 488 182 5 12 18 2 10 9 900 1638 3996 5757 2470 141 0 0 31 113 12 1 710 2 21 11 1 1 3 11 3 2 45 26 162 181 49 130 233 279 3 8 14 4 10 5 13 1 563 9 55 9 2 1217 266 11 108 20 82 1 602 0 14 1 522 622 1201 178 12 6 3 2 5 47 35 7 14 473 387 206 77 9 88 298 122 203 169 275 55 39 160 247 97 512 0 0 0 1 0 1 0 2 1 1 1 14 8 3 2 0 0 0 228 1 175 89 0 13 0 0 7 10 0 1 0 34 50 2 2 0 0 7 1 0 0 10 0 0 4 22 5 1 90 66 6 110 13 0 0 0 0 3 63 87 0 0 2 2 2 0 3 0 58 15 18 0 1 41 1 1 1 5 114 1 2 5 53 38 25 7 1 2
8159 290 738 222 383 235 13928 9696 907 6938 1090 1513 0 3 6 1 2 0 1 0 54 26 2 5 12 0 6 4 4994 955 228 91 495 10 0 0 5 14 5 0 144 2 11 3 5 0 2 4 16 4 102 78 1036 300 387 45 112 14 1 0 4 5 13 2 3 4 76 4 13 8 2 477 38 10 24 4 139 9 164 4 25 6 1102 179 313 24 8 10 7 3 4 168 65 25 19 38 931 3128 17 2 7 21 8 18 14 26 3 5 17 20 8 36 0 0 0 0 1 0 0 1 0 0 0 5 2 0 0 0 0 0 29 0 14 11 0 6 0 0 7 6 0 0 0 4 6 0 1 0 1 1 0 2 3 1 0 0 1 5 3 3 7 9 0 11 4 0 0 0 1 1 13 13 0 0 0 0 3 1 2 2 5 9 2 0 0 13 0 2 1 0 9 1 1 1 4 2 4 0 0 1
9960 88 3558 80 51 182 9696 30103 1033 15550 420 1628 1 0 0 1 0 0 2 0 34 11 0 5 8 1 4 2 980 111 13 11 122 5 0 0 0 7 0 2 474 1 9 2 3 0 3 4 20 3 149 98 984 341 431 103 16 3 0 0 1 4 6 4 3 2 159 4 4 18 6 91 13 7 8 1 23 2 101 1 43 3 1573 309 630 25 7 18 3 2 7 224 112 29 30 8 113 949 9 3 10 12 9 8 8 26 16 16 25 34 12 21 0 0 0 0 0 0 0 0 0 0 0 0 0 0 1 0 0 0 14 0 7 8 1 1 0 0 3 1 0 0 0 3 3 0 0 0 0 1 0 0 1 3 0 0 1 3 5 2 2 0 1 0 2 0 0 0 0 1 4 2 0 0 1 1 1 2 3 0 4 12 2 0 0 9 1 2 3 0 3 2 1 0 6 2 3 0 0 0
79 19 68 46 143 203 907 1033 1352 4246 680 992 12 2 2 1 1 0 4 0 70 84 3 10 16 0 0 0 112 70 106 156 513 4 0 0 0 6 2 1 43 3 29 9 75 12 0 6 0 80 24 71 92 15 27 6 60 26 0 1 15 5 4 8 4 48 26 9 12 8 5 748 35 362 62 6 1304 196 327 27 45 84 81 52 65 30 34 114 45 40 47 11 8 3 16 61 3044 929 30 0 1 4 1 2 3 2 0 2 1 4 3 6 1 0 1 1 0 0 0 1 1 1 1 4 0 0 0 0 0 1 10 0 5 7 0 4 0 0 11 5 0 0 0 1 6 3 2 0 4 6 1 0 1 1 0 2 1 3 4 5 5 1 0 2 1 1 1 3 2 3 4 1 0 1 1 1 2 1 24 2 6 11 4 0 0 13 2 4 5 1 3 1 0 0 7 1 1 0 0 0
1974 315 3507 490 178 1813 6938 15550 4246 31679 7706 21581 5 2 1 1 1 0 4 0 141 55 5 10 7 2 3 2 801 96 77 165 2313 8 0 0 1 24 2 5 526 2 9 13 1 4 2 2 13 5 157 98 806 281 327 134 24 16 0 0 0 5 10 7 0 1 219 14 7 20 6 3369 111 17 24 9 328 7 1486 10 45 11 1378 394 782 53 13 18 10 0 11 206 106 28 27 28 5636 2397 28 3 137 248 129 209 138 332 158 139 297 525 201 571 0 0 0 0 0 1 1 0 1 1 2 10 7 0 0 0 0 0 124 0 145 54 1 13 0 0 5 3 1 0 0 19 25 0 0 0 2 2 0 0 0 5 0 1 3 13 4 2 50 35 5 63 3 0 0 0 0 1 51 47 0 0 0 0 7 1 5 0 53 18 15 1 0 30 2 1 5 2 51 3 4 3 73 65 23 5 0 0
55 164 137 213 90 106 1090 420 680 7706 6653 6797 1 0 0 0 0 1 2 1 43 30 0 0 4 0 1 0 53 24 42 131 2768 1 1 0 0 4 0 0 43 0 3 2 0 0 1 2 0 0 3 5 60 14 14 8 15 8 0 0 1 0 2 2 0 1 44 2 0 0 0 3529 29 3 3 2 98 1 648 0 2 0 47 37 63 15 3 0 0 1 2 5 5 0 0 23 2025 591 12 1 71 152 87 120 86 189 63 67 150 259 101 323 1 0 0 0 0 0 1 0 0 0 1 4 1 0 0 0 0 0 64 0 73 26 0 2 0 0 1 2 0 0 0 10 12 1 0 1 1 0 0 0 0 3 0 0 2 3 0 0 22 20 2 35 0 0 0 0 0 0 27 26 0 0 0 0 2 0 1 0 27 5 4 0 0 18 0 0 0 1 34 3 0 3 43 22 7 3 1 0
1334 1848 5669 7969 5455 21214 1513 1628 992 21581 6797 68242 1 12 14 3 4 7 7 4 560 238 4 7 18 2 4 4 782 924 1007 1058 3890 40 2 0 18 37 6 7 960 2 21 9 0 0 0 6 10 1 53 47 357 247 129 180 95 41 0 1 9 8 7 7 7 1 661 4 41 10 2 3487 66 16 44 6 120 2 3333 1 23 3 883 827 1500 229 16 6 5 1 6 116 49 15 23 126 1151 958 62 11 292 851 425 717 475 992 257 204 626 1016 447 1691 0 1 1 0 0 0 1 1 2 0 0 17 19 2 8 0 0 0 509 3 483 169 0 44 0 0 7 11 0 0 0 72 103 0 12 2 4 3 0 0 0 23 0 0 7 35 2 1 161 153 13 275 16 0 0 1 1 3 156 188 3 0 1 1 5 1 6 0 111 24 40 0 1 118 3 3 1 14 229 1 2 5 204 100 59 25 1 4
0 0 1 1 2 0 0 1 12 5 1 1 9361 3 8 13 23 746 3190 20 2 4 6 65 3 1 58 52 9 0 0 0 7 2 0 0 3 193 45 1 19 6 72 5223 5790 2712 3 24 6 76 0 0 0 2 1 0 0 0 0 0 159 17 34 80 50 1930 7 1 34 5 5 18 529 907 3 32 171 658 716 1 16 13 4 2 1 0 0 72 128 374 1153 3 3 5 34 0 62 5 5 0 0 3 0 1 2 1 2 4 0 0 1 2 9 57 333 10 3 244 3 1653 69 1499 49 1 0 2 1 37 4 221 9 1 2 8 1 1 4 1 27 31 361 2 228 2 3 23 18 21 75 914 1 5 8 1 4 13 2 1 3 1 1 0 0 3 2 0 101 96 37 111 0 2 10 1 28 175 4 0 115 8 1 11 122 4 13 17 1 15 2 0 1 28 14 1 11 2 0 1 0 2
7 0 1 3 56 12 3 0 2 2 0 12 3 8101 4685 1143 331 373 65 292 102 92 349 359 114 100 1080 916 1085 30 207 29 22 288 3814 4461 780 63 113 417 531 14 101 26 2 3 1866 3 14 0 2 3 27 89 7 4 583 1057 2158 374 21 4 37 58 96 2 607 870 83 1 1 10 41 65 579 5 0 0 12 0 2 0 58 59 98 42 201 1 2 0 1 4 1 10 19 96 1 19 35 55 0 2 0 3 1 2 1 18 0 3 1 1 97 23 14 114 57 112 151 71 629 736 696 18 3 12 12 21 12 69 4 0 4 44 1 89 59 9 339 585 8 114 3 1 12 10 0 1 209 31 20 0 2 0 0 0 0 0 0 0 2 3 0 1 1 20 3 23 4 4 5 3 3 17 2 7 0 3 7 0 9 57 98 2 1 41 0 0 2 0 0 2 5 2 26 3 4 2 0 1
2 1 0 0 37 15 6 0 2 1 0 14 8 4685 14432 7684 1602 3335 342 747 240 115 961 539 47 175 1606 3679 498 24 117 16 26 77 1043 203 794 102 489 284 1783 81 123 50 5 23 415 12 65 2 7 2 18 31 6 5 279 202 140 27 82 10 43 43 218 4 237 120 279 5 1 19 57 99 177 19 3 3 26 0 5 1 40 32 54 24 43 5 4 4 29 38 9 22 41 50 4 11 18 15 2 4 0 2 0 2 1 6 5 3 1 0 221 41 22 181 38 121 190 99 604 843 737 22 10 11 25 30 28 135 7 0 6 38 0 80 78 14 354 648 13 175 12 2 25 24 2 3 196 41 48 1 1 3 0 1 0 1 0 0 3 2 1 3 3 33 6 43 5 5 5 1 3 19 10 17 1 1 17 0 7 71 94 5 0 32 0 2 1 1 5 5 10 0 35 4 7 4 1 1
3 1 1 0 20 7 1 1 1 1 0 3 13 1143 7684 8610 135 3373 2567 518 34 32 287 601 30 44 1475 4038 296 16 85 9 9 211 115 30 724 344 1054 52 887 73 131 10 2 26 75 4 30 0 1 0 11 20 2 2 152 312 27 48 98 6 16 32 248 5 173 217 178 0 1 7 17 14 211 13 1 4 8 0 3 0 27 24 24 20 65 5 3 0 5 24 4 9 27 24 0 3 18 12 0 1 0 0 0 2 1 3 0 0 0 0 102 55 56 67 2 147 17 125 89 643 86 2 2 3 1 35 18 154 1 1 0 4 0 17 38 7 36 59 51 21 36 0 5 9 3 3 55 21 1 0 0 0 2 3 1 0 0 0 0 0 0 0 0 3 4 24 3 3 1 0 2 0 4 18 4 0 0 0 0 10 19 0 1 6 0 0 2 0 4 3 4 2 3 2 1 0 0 0
3 0 1 1 15 10 2 0 1 1 0 4 23 331 1602 135 2616 622 1574 1650 94 101 338 104 46 124 40 12 86 11 49 12 5 35 69 62 1108 546 37 142 324 8 53 114 19 96 107 5 4 7 0 2 2 8 2 1 61 123 27 5 197 5 8 19 13 7 30 32 121 1 3 2 23 92 97 53 3 11 3 3 1 3 12 11 31 12 8 6 14 6 92 4 1 2 16 22 2 1 19 2 1 2 1 0 0 0 3 15 1 1 4 0 211 24 17 163 53 31 221 87 358 200 271 21 23 17 31 42 27 104 4 0 1 65 1 93 115 20 245 473 14 248 14 4 14 34 4 5 155 30 76 6 2 0 6 1 0 0 4 0 9 3 0 0 3 68 4 57 8 5 4 3 6 49 12 11 2 2 11 0 21 90 51 3 0 77 0 1 2 3 8 2 24 1 41 0 15 5 1 4
1 4 0 0 18 2 0 0 0 0 1 7 746 373 3335 3373 622 11530 2597 1043 35 69 259 3814 62 37 1780 810 113 12 35 6 11 232 124 7 965 1795 3543 65 1265 148 1503 303 83 2031 59 43 58 1 1 1 4 12 8 3 106 162 18 16 4199 26 163 652 381 193 105 105 1604 15 5 7 62 83 116 407 2 72 16 0 5 3 18 26 32 31 32 8 27 5 107 66 4 24 160 13 5 5 39 4 1 7 0 0 0 0 0 21 2 0 3 1 197 482 743 135 12 660 21 1237 212 3232 194 6 3 9 8 195 39 1567 21 6 2 17 0 12 85 7 75 123 1103 26 866 4 8 36 18 66 238 372 5 7 6 2 4 5 1 2 0 2 0 5 0 2 12 7 36 261 33 56 2 13 21 10 44 241 5 0 33 2 5 37 74 11 13 47 1 3 3 1 1 12 22 13 29 6 1 1 1 0
1 1 1 1 9 5 1 2 4 4 2 7 3190 65 342 2567 1574 2597 39150 8279 73 110 340 2043 69 309 1408 500 25 5 17 7 15 55 191 1 587 3640 283 388 434 48 613 7036 656 2089 101 40 60 45 5 23 1 6 0 3 22 45 3 5 453 43 129 268 162 418 44 29 211 15 18 11 415 1679 35 149 9 1920 89 4 16 32 19 31 27 22 21 101 123 139 813 28 9 30 127 13 11 2 35 1 1 4 1 0 3 0 4 81 7 2 9 5 2220 918 975 1281 92 1377 472 1527 2027 8814 2145 58 27 112 124 556 303 3082 26 15 3 123 6 103 822 93 694 1080 931 620 615 11 54 178 50 141 1156 305 102 15 9 14 13 14 4 3 2 2 4 3 7 2 18 101 26 411 70 96 8 24 36 47 101 292 5 1 164 15 42 200 556 18 15 207 1 10 12 4 6 34 77 17 157 14 15 9 3 10
0 1 1 1 12 7 0 0 0 0 1 4 20 292 747 518 1650 1043 8279 5968 148 107 594 479 30 283 131 14 45 6 41 3 9 50 88 14 639 192 53 310 737 37 120 102 17 51 70 4 48 4 2 1 5 2 1 1 31 39 9 1 71 2 4 15 9 10 26 19 76 4 2 2 28 87 41 16 2 18 16 0 2 2 10 5 22 7 11 9 5 2 28 28 6 18 33 14 5 2 2 0 0 2 1 0 2 0 1 25 2 2 2 1 614 102 29 433 69 94 289 63 618 544 520 26 20 36 55 110 96 387 1 4 4 60 6 87 292 43 267 464 13 358 12 5 20 69 5 14 226 53 88 3 2 2 5 2 1 2 0 2 2 0 1 1 3 73 4 96 21 14 4 5 4 36 11 33 0 0 25 1 11 68 53 4 4 59 0 1 3 3 6 6 35 2 55 3 6 9 0 3
182 112 281 205 345 488 54 34 70 141 43 560 2 102 240 34 94 35 73 148 13337 7799 3553 254 155 159 77 34 133 226 342 403 762 580 23 3 159 955 31 162 689 39 360 104 9 12 48 24 116 10 4 5 12 2 4 2141 140 275 11 18 40 21 60 54 24 13 38 36 119 19 6 508 1014 102 281 33 116 9 535 3 13 3 67 30 4745 341 42 14 16 3 21 84 38 48 166 294 213 63 221 17 9 32 16 27 25 24 2 16 25 30 14 49 11 1 1 15 12 6 28 8 74 26 39 18 9 3 4 5 1 3 66 0 25 134 2 102 4 2 207 215 1 20 1 4 17 2 4 0 45 19 11 1 1 2 0 3 2 3 1 2 19 18 1 16 8 2 5 8 2 3 23 40 6 10 2 2 4 1 14 3 29 127 45 0 5 103 0 4 6 3 30 7 3 4 49 2 13 4 0 1
39 25 43 45 163 182 26 11 84 55 30 238 4 92 115 32 101 69 110 107 7799 24078 3912 1439 4928 1949 268 41 83 83 186 393 730 743 50 1 119 1208 42 1869 462 159 1996 178 15 27 154 41 298 30 8 4 38 31 10 118 70 375 9 29 141 77 266 252 34 34 299 92 174 89 25 508 1455 179 292 87 120 9 622 1 27 10 299 503 4694 2027 298 35 46 17 64 215 88 177 882 204 207 55 4141 35 5 23 6 11 18 31 4 12 12 20 13 36 23 2 12 27 19 8 51 38 160 62 99 23 15 2 6 9 2 15 37 1 26 140 2 165 9 6 375 429 4 39 1 8 15 7 7 1 91 41 16 2 15 6 3 15 2 4 2 4 18 19 0 6 7 15 12 15 7 13 19 21 0 13 7 12 7 3 51 7 18 167 84 1 5 101 5 15 10 4 23 16 5 3 53 2 16 4 0 2
3 0 6 2 9 5 2 0 3 5 0 4 6 349 961 287 338 259 340 594 3553 3912 10484 10544 285 5742 266 70 27 5 13 18 72 442 55 9 423 649 136 2411 6229 1615 1489 93 8 33 189 16 529 14 6 0 6 10 8 15 13 78 14 27 130 22 28 51 30 15 109 39 118 29 10 28 281 36 39 50 17 1 53 2 20 7 42 109 227 115 34 22 34 13 56 274 81 134 363 8 21 8 130 4 2 0 2 1 0 2 0 4 5 2 1 1 18 2 4 19 18 19 23 24 96 84 116 13 3 1 4 2 4 17 2 2 2 24 0 34 8 3 102 170 4 22 4 0 5 8 5 0 57 23 14 2 3 1 0 8 1 4 0 2 2 0 1 2 1 4 5 12 3 4 6 3 1 7 4 7 2 2 30 0 3 31 20 0 3 18 1 3 8 2 2 14 10 0 10 0 1 1 0 0
10 2 8 4 13 12 5 5 10 10 0 7 65 359 539 601 104 3814 2043 479 254 1439 10544 21385 1453 3772 8833 366 402 8 25 9 16 94 1094 19 108 271 810 3627 2854 4997 3991 115 21 887 2382 15 480 8 11 2 43 105 23 24 116 202 223 42 2337 25 141 645 128 316 999 589 463 33 7 12 115 64 58 172 18 3 50 0 7 2 173 509 359 437 446 16 26 9 166 181 34 64 593 10 21 10 571 28 0 2 0 1 0 0 1 5 3 1 1 1 33 25 101 24 10 111 56 631 258 764 334 2 1 2 2 13 7 76 6 0 1 25 0 42 21 6 155 263 121 27 74 1 5 13 14 6 130 462 9 1 4 0 3 4 0 2 0 1 1 0 0 1 0 7 42 46 15 47 3 3 7 4 7 106 3 1 52 5 1 35 56 1 3 22 0 3 4 1 3 2 7 1 21 1 3 0 0 2
13 9 15 7 19 18 12 8 16 7 4 18 3 114 47 30 46 62 69 30 155 4928 285 1453 4946 493 549 83 127 9 28 37 147 252 45 12 107 421 38 4199 91 49 986 88 7 22 1303 30 35 4 4 3 47 65 10 36 221 96 63 57 81 45 288 317 27 23 923 191 151 33 13 88 559 128 63 44 59 7 224 0 10 3 269 751 825 1319 1269 5 16 5 21 25 17 29 372 19 66 16 5487 171 0 4 3 2 0 2 1 8 6 7 3 7 17 1 4 25 19 12 47 29 128 50 80 13 4 3 2 6 3 6 12 0 1 87 2 104 10 1 329 409 5 30 7 2 13 9 1 0 70 42 10 1 1 1 3 1 1 4 0 0 7 5 0 4 0 14 1 8 2 7 3 3 0 14 2 7 5 0 18 2 12 144 55 0 3 89 0 1 1 2 14 5 1 2 31 3 14 4 0 1
1 0 1 0 2 2 0 1 0 2 0 2 1 100 175 44 124 37 309 283 159 1949 5742 3772 493 6463 721 4 30 0 1 2 5 9 293 2 14 141 7 4024 364 47 226 78 0 9 163 3 36 4 1 0 9 16 2 4 5 6 18 0 18 2 15 15 7 4 109 12 9 5 4 5 55 50 2 3 1 0 6 0 2 1 35 104 119 82 19 2 4 1 6 11 4 12 68 3 4 2 94 1 1 1 1 0 0 1 0 6 1 1 1 1 36 5 4 33 15 27 38 18 164 132 176 10 3 4 3 10 4 8 1 0 2 19 1 26 16 4 110 226 4 32 1 1 8 6 0 2 72 15 7 0 0 1 0 0 1 1 0 0 2 0 1 0 1 5 1 4 0 1 0 0 0 1 1 2 0 0 3 1 2 21 25 2 0 11 0 0 1 1 3 0 0 1 14 0 3 1 0 0
10 1 5 2 8 10 6 4 0 3 1 4 58 1080 1606 1475 40 1780 1408 131 77 268 266 8833 549 721 21834 6588 1109 8 52 10 17 174 5986 24 135 98 396 2901 231 24 1884 44 4 104 2088 11 14 3 14 1 81 190 11 13 336 533 457 100 117 13 312 512 377 48 1425 986 186 13 3 10 47 67 164 8 6 1 15 0 3 2 183 366 270 286 425 2 4 3 14 22 9 11 160 15 10 16 403 98 0 4 0 0 3 0 1 14 2 2 2 1 112 42 59 84 17 188 85 317 424 1264 561 12 5 4 8 31 19 143 2 0 3 25 0 26 49 10 180 305 94 34 55 2 5 3 3 2 152 78 9 0 1 0 4 1 0 1 1 1 1 0 0 0 0 3 7 28 8 6 2 4 2 9 8 25 0 1 15 1 2 45 76 0 0 20 0 3 0 0 4 6 3 3 20 1 6 0 0 1
5 2 1 3 30 9 4 2 0 2 0 4 52 916 3679 4038 12 810 500 14 34 41 70 366 83 4 6588 9251 1126 15 121 9 8 84 255 24 63 39 2630 22 236 14 415 18 1 125 199 22 6 0 3 3 38 100 3 3 498 500 77 70 450 11 120 334 1243 41 871 593 365 1 2 5 23 36 363 23 2 1 4 0 1 0 87 96 116 60 187 4 3 0 11 11 3 4 14 30 4 20 42 47 0 1 0 0 0 0 0 3 2 1 0 1 21 40 101 24 7 198 28 623 116 941 113 4 1 2 2 19 3 174 11 5 1 18 1 26 11 2 80 134 214 21 114 0 9 6 2 11 54 96 6 0 1 0 1 0 0 0 0 0 0 0 1 2 5 1 10 30 7 17 4 3 5 9 6 49 1 0 9 2 2 10 26 1 0 10 0 0 0 0 1 2 1 4 11 0 4 1 0 0
9262 803 1403 635 1925 900 4994 980 112 801 53 782 9 1085 498 296 86 113 25 45 133 83 27 402 127 30 1109 1126 47749 8305 4938 607 619 728 276 61 315 373 412 143 286 28 567 35 12 24 254 293 42 15 58 38 2992 8195 869 55 7461 587 112 97 116 327 1379 841 855 24 3863 371 1868 96 36 647 429 66 2437 184 219 5 487 1 37 4 1422 1537 444 110 702 27 56 11 90 138 57 45 456 2235 228 10126 208 892 21 116 59 89 60 94 10 19 48 72 35 174 2 3 9 3 3 5 6 47 18 38 10 23 9 1 0 2 1 7 195 3 86 172 2 102 1 0 67 53 8 4 13 38 54 13 22 3 16 89 6 1 7 7 1 2 5 19 1 2 61 52 6 59 35 0 21 22 6 7 72 109 10 1 9 23 10 0 50 4 62 158 42 0 10 164 2 8 7 6 79 22 10 9 56 16 37 9 0 3
7199 1933 247 1222 4666 1638 955 111 70 96 24 924 0 30 24 16 11 12 5 6 226 83 5 8 9 0 8 15 8305 20502 3257 597 547 80 4 1 38 69 23 1 518 4 20 6 1 0 1 23 8 1 69 34 279 269 132 155 2223 35 2 8 12 9 27 9 11 1 339 6 84 10 1 375 113 7 63 18 90 1 165 3 24 0 750 347 1048 99 7 13 10 2 4 107 49 20 28 203 160 254 30 8 20 152 54 89 86 131 9 7 56 114 25 238 0 0 1 0 0 0 0 2 0 0 1 10 5 1 2 1 0 0 180 3 85 45 0 14 0 0 6 4 0 0 0 23 16 3 4 1 1 15 0 0 2 5 1 1 4 10 3 1 37 48 4 44 8 0 0 1 0 1 52 67 2 0 2 6 6 1 6 1 27 11 10 0 0 23 3 1 2 4 59 0 5 3 27 11 22 4 0 1
423 27 47 100 3498 3996 228 13 106 77 42 1007 0 207 117 85 49 35 17 41 342 186 13 25 28 1 52 121 4938 3257 10861 2023 1681 608 21 15 217 361 96 8 387 7 60 16 4 4 22 55 19 0 33 17 186 259 61 123 11303 331 24 46 62 47 101 41 108 7 3773 187 346 6 4 1108 497 17 1824 77 188 2 552 3 16 1 560 592 936 536 325 8 11 2 19 49 19 12 41 4729 217 188 612 2843 36 176 87 123 86 159 20 19 71 132 53 262 2 0 5 1 1 4 0 8 1 4 3 13 9 1 3 0 0 3 189 3 107 84 0 33 1 0 23 14 4 4 1 18 27 4 9 3 4 30 2 0 8 4 2 0 4 17 2 1 47 59 5 59 22 1 4 10 2 7 59 81 1 0 2 13 6 0 21 1 53 19 17 0 1 55 0 4 3 0 74 2 5 2 31 14 24 6 0 1
116 22 17 45 4589 5757 91 11 156 165 131 1058 0 29 16 9 12 6 7 3 403 393 18 9 37 2 10 9 607 597 2023 18836 13985 2275 4 4 48 454 23 1 359 2 15 9 1 0 2 6 7 0 15 13 84 93 48 48 224 4515 5 47 16 7 13 7 7 2 370 66 66 3 0 3668 1891 7 1202 19 59 1 1802 1 5 1 262 363 507 149 51 2 1 0 6 26 10 5 10 4523 361 180 118 8 28 99 42 78 46 101 10 11 36 73 31 147 0 0 4 0 0 2 1 3 4 0 1 5 8 1 1 0 0 1 84 2 69 31 0 9 1 0 16 12 1 1 0 10 20 1 4 1 3 9 0 0 0 2 0 0 6 11 2 0 21 16 2 34 1 0 2 3 1 2 27 32 0 0 0 4 2 0 6 0 17 15 12 0 1 29 0 1 3 2 34 0 2 0 40 8 14 4 0 0
129 44 76 102 2450 2470 495 122 513 2313 2768 3890 7 22 26 9 5 11 15 9 762 730 72 16 147 5 17 8 619 547 1681 13985 4714 2311 4 1 39 1378 13 15 517 3 26 28 15 6 21 10 4 8 30 15 161 128 60 71 306 2109 3 30 35 5 19 11 4 4 454 174 64 2 0 3001 2269 57 1247 18 83 22 798 0 9 2 348 537 745 266 183 4 6 4 21 46 17 6 23 1937 1034 506 215 15 81 319 114 201 152 350 74 75 201 295 127 506 2 0 4 3 1 3 5 5 10 4 6 13 17 2 3 1 0 1 186 4 172 117 1 60 0 0 56 46 1 5 0 26 51 0 4 0 12 7 3 0 1 10 1 0 2 11 1 0 58 57 7 75 10 0 1 0 1 1 66 78 2 2 1 2 3 1 7 0 67 96 36 1 0 112 2 1 3 5 73 2 3 5 96 28 34 3 0 2
20 1 11 4 302 141 10 5 4 8 1 40 2 288 77 211 35 232 55 50 580 743 442 94 252 9 174 84 728 80 608 2275 2311 4567 159 215 606 1344 170 48 390 4 51 8 0 8 698 8 4 1 12 8 58 86 20 22 585 9801 647 5297 72 9 25 45 50 3 536 2158 266 4 0 222 724 25 3999 36 6 0 113 1 5 0 157 204 315 137 518 1 2 1 8 23 7 3 10 830 22 15 134 69 0 3 3 1 2 2 0 7 1 2 0 3 8 3 4 6 2 15 9 25 30 18 9 8 1 0 1 1 1 7 16 0 2 80 1 57 6 0 119 91 9 9 3 4 8 0 2 1 21 17 6 0 0 2 0 0 1 2 0 1 12 3 1 3 7 5 3 4 1 2 8 7 2 6 1 4 1 0 3 0 8 95 22 0 0 62 3 0 0 0 13 2 0 3 10 2 5 3 0 1
0 1 1 0 3 0 0 0 0 0 1 2 0 3814 1043 115 69 124 191 88 23 50 55 1094 45 293 5986 255 276 4 21 4 4 159 6238 1132 243 31 20 4408 54 6 159 12 2 7 1045 2 2 1 2 0 23 33 7 7 87 157 1126 149 16 1 36 51 22 3 280 185 32 0 0 1 15 31 57 6 2 0 0 0 0 0 31 62 37 35 63 0 0 0 4 4 1 1 22 1 0 8 54 20 0 1 0 1 0 0 1 12 0 0 3 1 95 15 13 80 13 68 87 60 327 528 500 7 1 7 8 20 10 71 1 0 2 24 0 32 67 8 169 315 4 66 3 1 13 7 1 1 119 24 12 0 0 1 3 1 0 0 0 0 1 0 1 0 1 11 2 16 3 8 0 2 1 4 7 5 1 0 4 0 9 27 53 0 0 21 0 0 0 1 1 1 4 1 21 0 2 1 0 0
0 0 0 0 1 0 0 0 0 0 0 0 0 4461 203 30 62 7 1 14 3 1 9 19 12 2 24 24 61 1 15 4 1 215 1132 1908 200 10 6 7 13 1 9 0 0 1 532 0 1 0 0 0 4 9 1 0 42 229 2057 898 0 0 5 7 2 0 42 297 1 0 0 0 1 4 45 0 1 0 0 0 0 0 1 3 3 1 36 1 0 0 1 0 1 0 1 4 0 2 2 4 0 0 0 0 0 0 0 0 0 1 0 0 9 1 0 3 0 4 10 1 19 9 17 0 1 1 0 3 0 2 0 0 0 3 0 1 3 0 21 26 0 8 1 0 1 0 0 0 8 1 1 0 0 0 0 0 0 0 0 0 0 0 0 0 1 2 1 1 0 0 0 0 0 1 0 0 0 0 0 0 2 3 3 0 0 2 0 0 0 0 0 0 0 0 0 0 0 0 0 0
12 0 1 5 74 31 5 0 0 1 0 18 3 780 794 724 1108 965 587 639 159 119 423 108 107 14 135 63 315 38 217 48 39 606 243 200 3170 801 297 105 359 9 37 7 1 33 681 4 9 0 3 0 7 32 6 6 300 1500 743 719 181 4 23 26 35 6 167 779 525 2 1 16 44 25 713 66 1 0 11 0 1 0 32 45 75 22 179 3 4 0 18 7 5 2 9 117 4 6 27 26 1 1 0 0 1 0 1 8 1 1 1 1 50 9 9 30 17 16 55 56 93 66 44 4 6 1 3 7 5 25 5 0 1 71 0 72 15 3 148 188 19 55 13 1 10 4 1 0 52 30 28 1 0 3 2 0 0 2 0 1 4 1 0 1 3 23 3 12 1 6 4 5 2 24 6 7 0 0 8 0 9 136 12 1 2 69 0 0 0 3 14 3 5 1 22 1 6 2 0 2
25 4 8 8 202 113 14 7 6 24 4 37 193 63 102 344 546 1795 3640 192 955 1208 649 271 421 141 98 39 373 69 361 454 1378 1344 31 10 801 3638 252 242 582 17 197 1197 158 619 210 101 17 26 13 15 61 52 37 26 269 2024 40 203 1370 46 66 67 57 66 287 632 827 13 14 165 3362 426 1430 463 30 103 116 4 19 7 168 220 402 191 431 69 88 46 673 37 20 9 70 469 36 17 238 25 6 8 7 5 3 5 3 56 8 6 7 6 224 32 64 171 90 76 270 285 519 467 358 58 46 18 29 57 29 146 20 1 15 529 12 429 103 25 820 945 73 291 46 17 66 57 21 12 334 172 144 5 6 11 8 7 5 8 2 2 31 13 8 6 22 81 21 87 22 31 23 32 8 79 25 44 13 0 84 13 45 887 237 6 4 650 3 8 6 9 37 14 19 9 164 6 54 15 1 11
11 0 3 0 35 12 5 0 2 2 0 6 45 113 489 1054 37 3543 283 53 31 42 136 810 38 7 396 2630 412 23 96 23 13 170 20 6 297 252 15532 18 811 161 571 47 11 167 42 115 48 4 5 1 9 30 12 5 213 242 14 38 5232 79 180 700 5314 136 236 155 7373 17 9 3 42 14 198 758 2 1 10 0 4 1 33 22 40 11 53 12 14 6 80 43 7 13 84 50 5 10 21 19 0 3 0 1 1 0 0 1 1 0 0 0 19 68 313 11 6 157 16 1330 65 752 33 4 4 5 2 83 2 288 11 4 5 14 0 18 3 1 60 108 440 10 409 2 4 28 19 16 45 1006 2 1 3 0 2 1 0 0 0 1 3 2 0 1 5 4 142 173 38 69 3 8 4 2 13 282 1 0 55 6 2 16 25 3 6 23 1 3 1 1 2 10 7 7 4 1 1 1 0 2
2 0 5 3 4 1 0 2 1 5 0 7 1 417 284 52 142 65 388 310 162 1869 2411 3627 4199 4024 2901 22 143 1 8 1 15 48 4408 7 105 242 18 6450 382 71 603 119 3 20 1550 6 42 0 7 1 18 60 7 17 39 26 65 6 33 8 55 84 7 8 510 91 34 9 1 9 88 102 9 14 5 0 19 0 2 2 96 295 262 272 121 1 8 3 13 23 8 17 139 2 4 6 403 7 0 1 1 3 1 0 1 13 4 0 3 2 117 12 8 97 38 43 159 46 407 270 379 20 3 11 14 22 10 41 6 2 3 46 0 71 60 13 298 537 7 92 10 3 15 17 0 1 139 30 32 0 1 1 1 0 1 1 0 0 6 1 0 2 1 28 3 30 3 2 7 2 2 9 5 9 1 0 4 0 7 62 72 2 1 30 0 2 0 1 6 2 2 0 21 1 10 2 0 2
975 367 1156 421 493 710 144 474 43 526 43 960 19 531 1783 887 324 1265 434 737 689 462 6229 2854 91 364 231 236 286 518 387 359 517 390 54 13 359 582 811 382 5625 3150 1428 129 61 223 77 257 2045 103 515 160 98 20 843 590 197 234 14 23 1227 191 133 89 162 145 127 52 1233 235 102 341 554 94 256 885 107 14 369 10 257 94 1494 101 722 90 49 326 339 84 640 3024 643 741 1230 272 117 79 81 17 13 40 13 31 12 40 6 12 15 24 19 36 13 8 25 10 10 6 13 88 52 74 33 11 5 1 1 12 1 18 74 3 29 175 3 104 7 5 111 123 26 17 26 11 22 32 39 5 32 237 8 30 47 7 7 23 7 19 15 6 39 25 1 20 36 3 32 56 18 28 26 35 7 6 29 60 38 20 172 23 46 138 54 0 22 168 17 41 64 6 48 88 45 6 46 5 21 7 2 0
2 0 3 0 3 2 2 1 3 2 0 2 6 14 81 73 8 148 48 37 39 159 1615 4997 49 47 24 14 28 4 7 2 3 4 6 1 9 17 161 71 3150 5636 2927 38 13 128 30 23 922 5 3 1 3 5 11 4 18 5 0 0 613 20 19 39 47 104 26 10 439 25 7 0 16 6 11 263 9 0 8 0 8 4 13 42 39 34 8 16 26 19 294 240 22 53 130 0 5 0 23 0 0 0 1 0 0 0 0 1 0 0 0 0 1 0 17 0 1 3 5 53 10 21 8 0 0 1 0 2 1 9 1 0 0 3 0 0 0 0 5 7 10 0 8 0 0 13 18 1 4 157 1 0 2 0 0 4 0 0 0 0 0 0 0 1 0 0 23 28 8 17 1 2 0 0 3 48 1 0 60 2 0 1 0 0 8 1 1 4 3 0 1 7 6 0 2 0 0 0 0 0
29 7 17 9 34 21 11 9 29 9 3 21 72 101 123 131 53 1503 613 120 360 1996 1489 3991 986 226 1884 415 567 20 60 15 26 51 159 9 37 197 571 603 1428 2927 11994 313 225 915 708 271 3468 218 30 19 78 176 21 30 148 130 67 17 2894 180 1173 8793 345 1005 1347 361 2241 225 84 20 146 70 76 1899 73 25 137 6 86 27 317 865 701 584 297 183 333 237 3037 908 298 749 5629 24 81 23 793 23 0 5 0 0 3 0 1 16 0 0 0 1 17 3 194 18 10 42 26 780 117 312 80 1 4 3 2 32 0 40 17 4 2 17 0 30 6 1 101 121 134 18 101 9 6 231 235 21 99 1832 2 41 89 14 7 103 1 1 5 19 2 2 0 5 2 6 299 330 103 213 7 23 6 3 166 444 45 16 1154 122 8 23 28 11 127 42 9 77 47 2 1 187 123 5 21 1 4 0 1 2
6 1 3 1 13 11 3 2 9 13 2 9 5223 26 50 10 114 303 7036 102 104 178 93 115 88 78 44 18 35 6 16 9 28 8 12 0 7 1197 47 119 129 38 313 11456 3075 1773 64 260 35 564 22 83 13 6 4 3 11 46 5 2 823 162 126 80 47 510 29 37 314 38 51 24 2531 2729 47 476 229 3479 2715 48 94 206 28 46 68 33 55 559 569 758 2927 42 13 24 194 14 46 11 43 4 2 4 3 2 2 4 1 44 10 5 6 4 273 61 159 188 50 260 181 372 589 1531 466 45 29 24 44 53 36 210 10 3 5 218 14 193 110 17 616 633 90 212 56 6 38 88 75 21 373 345 78 18 37 6 6 39 4 7 4 3 7 6 3 1 10 54 50 127 31 90 9 11 8 54 49 96 23 2 377 35 38 416 373 2 37 341 8 38 36 2 24 71 38 4 120 7 23 5 1 5
5 0 4 1 4 1 5 3 75 1 0 0 5790 2 5 2 19 83 656 17 9 15 8 21 7 0 4 1 12 1 4 1 15 0 2 0 1 158 11 3 61 13 225 3075 10495 4450 0 143 45 6105 59 250 5 1 3 0 2 2 0 1 145 153 135 20 21 3793 2 2 197 87 70 25 391 268 6 111 446 856 855 184 313 933 7 6 9 5 1 1888 1250 3592 3883 38 43 56 295 2 220 22 3 0 0 6 2 1 2 1 0 8 3 3 4 3 5 2 128 3 2 18 0 319 38 114 16 1 1 0 1 21 1 18 26 2 2 10 0 5 0 0 25 26 30 3 38 6 2 224 340 23 71 2107 2 37 96 12 4 67 8 26 26 18 1 2 2 4 2 1 316 325 83 655 4 28 5 0 152 473 41 18 1440 109 7 17 28 2 121 36 11 117 74 1 0 187 116 6 16 5 1 2 1 2
0 0 1 0 2 1 0 0 12 4 0 0 2712 3 23 26 96 2031 2089 51 12 27 33 887 22 9 104 125 24 0 4 0 6 8 7 1 33 619 167 20 223 128 915 1773 4450 6175 15 31 21 12 2 0 6 5 5 2 19 9 4 0 699 23 155 617 227 1760 39 10 263 13 11 10 333 116 6 61 108 77 292 1 7 4 9 19 15 19 9 45 56 86 2339 26 4 10 97 0 84 16 36 2 0 1 1 0 3 0 0 6 0 0 0 1 12 65 696 9 5 110 4 1906 88 852 50 2 0 2 2 105 7 255 16 4 8 8 0 4 9 4 48 55 386 6 535 6 2 91 192 37 71 3588 2 10 15 4 3 9 0 0 4 5 3 1 0 1 5 0 411 395 119 318 1 16 13 3 34 819 5 2 249 9 5 6 29 13 33 10 1 6 13 0 3 25 23 7 5 2 1 0 1 1
2 1 0 0 2 3 2 3 0 2 1 0 3 1866 415 75 107 59 101 70 48 154 189 2382 1303 163 2088 199 254 1 22 2 21 698 1045 532 681 210 42 1550 77 30 708 64 0 15 3555 5 11 1 1 1 12 43 3 8 90 344 409 627 56 6 81 206 43 7 316 828 76 4 2 7 100 50 68 6 6 0 18 0 3 2 47 98 72 90 759 0 2 1 12 7 1 6 116 12 4 3 105 12 0 2 1 0 1 0 1 11 1 0 2 2 43 2 4 45 37 18 85 24 243 78 164 13 8 2 7 10 0 15 2 0 2 64 5 101 23 14 290 468 4 57 3 3 10 6 1 2 114 25 30 1 0 1 2 1 1 1 1 0 5 1 0 3 0 12 3 12 2 3 5 4 0 12 3 7 1 0 7 0 5 85 50 0 0 43 0 0 0 2 8 0 1 0 26 1 6 4 0 2
8 1 5 2 28 11 4 4 6 2 2 6 24 3 12 4 5 43 40 4 24 41 16 15 30 3 11 22 293 23 55 6 10 8 2 0 4 101 115 6 257 23 271 260 143 31 5 17873 93 439 14 38 11 23 7 3 124 41 0 1 309 10713 2690 112 346 131 130 27 6994 1742 3098 6 99 20 85 13875 27 15 39 7 891 132 29 37 42 22 20 1894 6047 254 1539 179 65 384 898 25 14 7 20 2 0 3 0 0 0 0 1 11 1 0 1 0 1 1 32 5 2 13 3 22 23 27 4 1 1 1 10 3 0 2 10 3 2 7 0 6 1 1 25 27 4 2 4 8 6 184 146 20 47 288 4 210 612 41 39 411 13 13 26 53 1 1 1 1 0 1 62 179 202 85 5 23 4 1 356 83 130 58 1255 171 7 17 14 10 215 31 49 518 441 1 1 1180 431 4 24 0 0 0 0 6
30 7 23 8 15 3 16 20 0 13 0 10 6 14 65 30 4 58 60 48 116 298 529 480 35 36 14 6 42 8 19 7 4 4 2 1 9 17 48 42 2045 922 3468 35 45 21 11 93 11864 58 52 20 6 8 24 7 10 4 2 1 172 68 33 12 16 62 38 7 227 193 49 4 19 16 2 309 10 6 16 5 84 13 33 40 67 39 8 88 127 57 403 4280 647 2928 6095 3 11 6 31 2 0 1 0 0 0 0 0 2 1 0 0 0 0 0 8 1 2 0 4 18 15 11 11 0 1 0 0 0 0 1 2 0 1 2 0 0 0 0 11 8 3 1 2 0 1 42 41 2 12 120 0 13 32 4 1 33 1 2 6 8 0 0 0 3 0 0 25 34 27 26 0 3 3 0 40 34 22 7 261 22 1 2 4 0 25 11 6 32 34 0 0 68 39 1 3 0 1 0 0 1
7 3 6 1 4 2 4 3 80 5 0 1 76 0 2 0 7 1 45 4 10 30 14 8 4 4 3 0 15 1 0 0 8 1 1 0 0 26 4 0 103 5 218 564 6105 12 1 439 58 9692 289 1297 3 1 16 0 3 2 0 0 25 552 159 10 4 1401 10 2 86 331 199 13 115 476 5 269 337 326 376 1040 1037 5394 22 6 5 4 4 7331 3084 8433 1065 151 84 177 591 1 329 47 4 0 1 0 1 2 1 0 0 6 0 1 1 3 0 1 8 0 0 1 1 13 4 6 4 1 1 1 1 1 0 1 1 1 0 3 0 1 0 0 4 2 3 2 0 5 2 58 64 3 11 95 2 81 203 20 14 112 41 55 79 57 2 0 0 1 0 1 16 48 75 126 3 9 2 0 114 19 103 46 460 60 3 2 7 3 68 17 70 373 293 1 1 467 169 2 9 0 2 0 0 2
247 49 161 32 43 45 102 149 24 157 3 53 0 2 7 1 0 1 5 2 4 8 6 11 4 1 14 3 58 69 33 15 30 12 2 0 3 13 5 7 515 3 30 22 59 2 1 14 52 289 13092 14554 123 5 756 43 21 16 0 0 9 14 11 5 2 202 11 7 13 165 33 10 45 79 18 15 46 34 57 1040 2002 353 658 14 35 3 8 139 28 9 22 9627 6328 84 86 16 66 51 3 2 4 6 3 4 2 2 5 2 4 4 0 8 0 0 0 0 0 1 0 3 1 4 2 1 1 0 0 1 0 1 6 2 1 13 1 15 0 0 10 8 0 0 0 8 4 5 2 0 3 5 0 52 26 70 10 24 740 1066 1526 1000 25 1 0 3 3 0 1 4 13 11 3 7 0 0 5 4 1134 155 22 7 5 14 7 2 2 34 432 61 808 2 16 34 273 1 4 3 3 2 0 2
137 35 99 28 27 26 78 98 71 98 5 47 0 3 2 0 2 1 23 1 5 4 0 2 3 0 1 3 38 34 17 13 15 8 0 0 0 15 1 1 160 1 19 83 250 0 1 38 20 1297 14554 31229 106 2 450 21 10 16 0 1 4 50 17 5 2 701 7 4 14 262 106 23 80 326 12 11 145 125 133 15626 5181 2082 430 4 30 6 7 730 47 31 23 1579 3669 87 73 7 252 55 4 0 14 6 8 9 4 6 5 11 5 5 2 8 0 0 4 0 0 0 0 5 0 4 0 0 2 1 1 2 0 1 16 1 5 21 0 6 0 0 10 5 1 3 0 22 8 12 13 0 10 10 1 83 60 119 18 84 2403 2875 3718 1383 108 4 0 3 4 0 5 5 17 44 7 9 2 1 23 2 1749 188 53 7 16 24 19 7 7 23 663 172 1186 4 26 87 369 1 18 6 2 2 0 2
1010 138 517 95 178 162 1036 984 92 806 60 357 0 27 18 11 2 4 1 5 12 38 6 43 47 9 81 38 2992 279 186 84 161 58 23 4 7 61 9 18 98 3 78 13 5 6 12 11 6 3 123 106 15658 11154 5558 54 159 98 1 5 12 16 84 55 25 4 231 43 65 9 4 112 175 43 147 14 94 7 170 6 30 5 3445 263 231 36 110 7 5 1 6 152 52 9 67 114 164 6835 59 63 0 7 5 4 2 7 1 6 7 9 8 15 0 0 3 0 2 3 0 8 8 1 1 6 1 0 0 0 0 0 26 0 10 101 1 55 0 0 48 31 0 0 0 12 23 0 1 0 3 3 2 0 0 1 0 0 2 3 1 1 16 6 1 8 13 0 1 0 1 2 20 15 1 1 0 5 3 0 3 1 23 63 27 1 0 81 0 1 3 0 23 0 0 3 14 2 12 5 0 0
587 141 424 103 162 181 300 341 15 281 14 247 2 89 31 20 8 12 6 2 2 31 10 105 65 16 190 100 8195 269 259 93 128 86 33 9 32 52 30 60 20 5 176 6 1 5 43 23 8 1 5 2 11154 5883 1520 4 197 101 7 12 14 25 139 120 61 3 495 74 166 11 0 73 116 17 281 15 36 0 105 1 3 0 853 820 32 7 203 1 4 1 13 10 3 9 91 242 33 2472 86 91 2 12 3 9 6 10 2 1 6 11 6 17 0 1 4 3 1 2 2 10 4 6 4 3 2 1 0 0 0 2 27 0 18 49 0 41 1 0 20 17 1 0 0 8 7 1 3 0 9 8 0 0 0 1 1 1 0 4 0 0 21 10 0 5 10 0 2 3 1 2 16 11 2 2 0 6 0 0 9 1 11 47 13 0 0 50 0 1 1 1 12 2 0 2 11 2 5 0 0 0
398 60 235 38 68 49 387 431 27 327 14 129 1 7 6 2 2 8 0 1 4 10 8 23 10 2 11 3 869 132 61 48 60 20 7 1 6 37 12 7 843 11 21 4 3 5 3 7 24 16 756 450 5558 1520 15759 882 32 47 0 1 17 8 17 16 7 5 32 14 33 33 10 48 91 22 51 16 29 3 85 11 144 16 2513 23 144 10 20 21 4 0 6 1787 272 52 38 30 21 1035 14 18 0 6 0 2 1 6 0 0 3 7 2 4 0 0 0 0 0 0 1 3 3 0 1 3 3 1 0 0 0 0 12 0 11 37 0 27 0 0 25 29 0 0 1 2 11 0 2 0 2 5 0 2 0 1 0 0 4 6 10 7 7 0 0 3 8 1 0 1 0 0 7 12 1 0 0 0 7 2 3 1 12 51 16 0 1 60 2 2 9 0 13 0 4 3 6 0 3 1 1 0
277 104 299 125 121 130 45 103 6 134 8 180 0 4 5 2 1 3 3 1 2141 118 15 24 36 4 13 3 55 155 123 48 71 22 7 0 6 26 5 17 590 4 30 3 0 2 8 3 7 0 43 21 54 4 882 2535 55 29 1 3 5 3 22 17 7 1 13 7 22 3 1 53 82 15 46 4 22 2 51 1 13 2 4565 16 3628 32 20 4 1 0 5 163 29 23 24 45 22 22 21 8 0 5 1 1 3 9 0 1 1 0 0 8 0 0 0 0 0 1 0 1 5 1 1 0 1 0 0 0 0 0 8 0 4 23 0 16 0 0 20 17 0 0 0 4 5 0 0 0 1 2 1 0 1 0 0 0 0 4 2 0 3 7 0 2 6 1 0 2 0 0 4 5 1 0 0 1 2 0 2 0 6 24 5 0 0 21 0 0 1 0 10 0 2 0 4 0 1 1 0 0
252 16 38 29 437 233 112 16 60 24 15 95 0 583 279 152 61 106 22 31 140 70 13 116 221 5 336 498 7461 2223 11303 224 306 585 87 42 300 269 213 39 197 18 148 11 2 19 90 124 10 3 21 10 159 197 32 55 14059 636 69 106 105 93 349 207 410 12 6537 917 714 25 8 495 224 27 4240 99 191 2 337 1 11 3 358 433 545 1646 1669 9 19 1 45 28 19 19 128 2875 141 138 2351 4834 23 135 57 95 58 101 9 12 47 96 34 177 3 1 5 5 0 2 3 34 9 19 3 16 8 1 4 0 0 7 204 2 94 97 0 47 0 0 30 33 1 1 4 34 33 5 6 1 9 42 1 3 4 10 0 0 3 22 8 1 60 40 7 62 28 0 6 8 3 7 72 87 5 0 3 15 4 1 29 1 46 49 17 1 6 62 2 3 2 6 89 2 9 9 29 19 25 7 0 1
18 3 7 5 462 279 14 3 26 16 8 41 0 1057 202 312 123 162 45 39 275 375 78 202 96 6 533 500 587 35 331 4515 2109 9801 157 229 1500 2024 242 26 234 5 130 46 2 9 344 41 4 2 16 16 98 101 47 29 636 9171 608 7665 80 47 152 150 217 11 1018 1406 438 9 5 647 1616 37 4917 62 36 2 539 1 3 1 210 373 349 253 360 2 7 0 25 34 14 11 43 2034 75 33 313 439 1 6 3 0 2 2 0 4 0 5 2 7 0 1 6 0 0 3 7 30 20 33 8 8 2 1 1 0 1 3 16 0 6 42 0 39 0 1 72 70 7 2 6 2 12 3 2 0 6 35 2 0 1 1 0 0 1 2 0 1 4 4 0 7 3 3 4 6 3 4 10 5 0 0 3 9 1 0 16 1 4 44 14 0 2 27 0 1 1 0 9 3 0 1 10 1 2 0 0 0
1 0 0 1 4 3 1 0 0 0 0 0 0 2158 140 27 27 18 3 9 11 9 14 223 63 18 457 77 112 2 24 5 3 647 1126 2057 743 40 14 65 14 0 67 5 0 4 409 0 2 0 0 0 1 7 0 1 69 608 1358 2248 4 1 25 47 16 1 85 733 17 0 0 1 17 9 116 2 0 0 0 0 1 0 6 13 14 3 83 0 0 0 2 1 0 0 9 8 1 2 2 2 0 0 0 0 0 0 1 0 0 0 0 1 2 0 0 1 2 0 7 3 22 5 16 1 1 2 1 0 0 1 0 0 0 2 0 14 1 1 25 44 0 5 2 0 1 0 0 0 8 4 1 0 0 0 0 0 0 0 0 0 0 1 0 0 0 1 1 1 1 0 0 0 0 1 0 2 0 1 0 0 0 6 3 0 0 5 0 0 0 0 0 1 0 0 0 0 0 0 0 0
1 0 0 0 10 8 0 0 1 0 0 1 0 374 27 48 5 16 5 1 18 29 27 42 57 0 100 70 97 8 46 47 30 5297 149 898 719 203 38 6 23 0 17 2 1 0 627 1 1 0 0 1 5 12 1 3 106 7665 2248 2762 6 4 15 35 19 2 81 1755 27 0 0 2 38 0 972 5 0 0 3 0 1 0 8 9 17 6 163 0 1 0 2 0 1 0 5 39 2 4 5 23 0 0 0 0 0 0 0 2 0 0 0 0 0 0 0 1 0 1 1 4 8 4 1 1 0 0 0 1 0 1 0 0 0 1 0 4 0 0 10 11 0 2 0 0 0 0 0 0 2 1 0 0 0 0 0 0 0 1 0 0 0 0 0 0 0 1 1 0 0 0 1 1 0 0 0 1 0 0 0 0 0 9 1 0 0 2 0 0 0 0 0 0 0 0 1 0 0 0 0 0
7 2 4 1 35 14 4 1 15 0 1 9 159 21 82 98 197 4199 453 71 40 141 130 2337 81 18 117 450 116 12 62 16 35 72 16 0 181 1370 5232 33 1227 613 2894 823 145 699 56 309 172 25 9 4 12 14 17 5 105 80 4 6 5331 173 452 1590 1549 343 113 50 2237 48 25 12 349 25 104 2170 12 11 32 2 27 6 37 49 51 72 41 92 198 18 1209 172 24 74 351 47 18 8 88 7 0 1 0 0 4 0 0 5 0 0 0 1 20 34 539 14 3 48 15 1057 84 577 37 3 0 4 4 121 2 170 15 1 4 15 0 20 2 3 91 100 300 8 504 6 5 107 250 56 69 1962 6 9 31 6 8 24 1 2 2 3 2 1 0 2 8 1 238 430 113 142 5 23 6 5 47 774 10 0 253 22 2 24 28 7 54 19 4 16 12 0 0 46 41 11 5 1 1 1 1 1
7 2 2 1 11 4 5 4 5 5 0 8 17 4 10 6 5 26 43 2 21 77 22 25 45 2 13 11 327 9 47 7 5 9 1 0 4 46 79 8 191 20 180 162 153 23 6 10713 68 552 14 50 16 25 8 3 93 47 1 4 173 14927 5821 127 199 147 147 27 2990 5141 3226 0 58 21 51 3661 21 8 46 23 908 245 32 54 45 35 33 3060 1896 237 1035 170 143 2105 1905 23 24 9 32 3 1 2 0 0 0 0 0 7 1 0 2 0 2 1 22 2 1 11 6 28 16 26 11 0 1 1 5 3 0 0 11 3 0 12 0 2 2 0 12 14 3 4 2 9 5 171 100 9 25 244 3 268 718 38 49 381 9 20 32 74 2 2 0 1 0 3 54 149 189 69 5 25 7 2 258 69 171 104 1022 134 3 25 17 7 186 29 86 459 624 2 1 1130 439 2 23 2 0 0 0 7
8 2 6 3 17 10 13 6 4 10 2 7 34 37 43 16 8 163 129 4 60 266 28 141 288 15 312 120 1379 27 101 13 19 25 36 5 23 66 180 55 133 19 1173 126 135 155 81 2690 33 159 11 17 84 139 17 22 349 152 25 15 452 5821 13301 4599 640 330 1183 243 6946 1448 230 8 78 30 148 2018 29 10 61 4 168 21 193 340 341 253 232 207 592 155 1284 102 95 1123 7620 40 16 29 359 33 0 1 0 0 0 0 0 4 1 0 0 0 6 1 74 13 2 16 10 176 51 88 34 2 1 5 3 6 0 28 11 2 2 18 0 15 7 3 49 79 33 10 22 4 2 112 141 9 49 819 4 34 98 5 9 109 7 5 3 12 2 1 1 2 1 2 110 151 74 79 2 12 2 3 103 210 27 10 566 64 3 12 26 4 78 17 14 74 72 0 1 208 102 1 12 0 2 3 0 1
8 2 2 0 14 5 2 4 8 7 2 7 80 58 43 32 19 652 268 15 54 252 51 645 317 15 512 334 841 9 41 7 11 45 51 7 26 67 700 84 89 39 8793 80 20 617 206 112 12 10 5 5 55 120 16 17 207 150 47 35 1590 127 4599 11006 1399 547 1029 328 2356 85 23 11 39 16 98 328 13 3 40 0 18 3 159 347 278 228 185 16 29 20 293 18 17 48 2465 24 19 7 324 48 0 0 0 1 2 0 0 2 0 0 0 0 8 18 174 7 6 48 8 1629 47 449 49 3 1 1 2 37 1 106 7 1 0 11 1 13 5 1 51 80 345 13 263 0 2 38 33 11 41 1410 2 1 3 0 1 3 0 0 0 0 1 1 1 0 4 3 174 139 56 103 2 6 5 0 6 341 3 2 93 6 2 9 9 5 4 7 2 3 5 1 2 13 11 2 2 0 3 0 0 0
8 0 4 1 38 13 3 3 4 0 0 7 50 96 218 248 13 381 162 9 24 34 30 128 27 7 377 1243 855 11 108 7 4 50 22 2 35 57 5314 7 162 47 345 47 21 227 43 346 16 4 2 2 25 61 7 7 410 217 16 19 1549 199 640 1399 6605 252 433 201 7951 43 20 6 28 12 204 545 7 0 15 0 11 1 50 48 62 27 65 13 40 16 319 20 4 16 160 38 9 11 35 13 0 3 0 0 1 0 0 3 2 1 0 1 8 33 182 13 6 77 17 1154 45 444 29 5 1 0 4 34 0 112 11 7 1 7 0 22 2 2 61 108 267 12 206 3 4 38 71 11 37 1398 4 1 10 3 2 5 2 0 1 3 1 1 0 3 3 3 180 150 52 52 0 5 6 1 19 340 2 2 202 5 3 16 18 2 18 9 0 3 5 1 2 17 13 6 2 0 0 2 1 1
3 0 1 0 1 1 4 2 48 1 1 1 1930 2 4 5 7 193 418 10 13 34 15 316 23 4 48 41 24 1 7 2 4 3 3 0 6 66 136 8 145 104 1005 510 3793 1760 7 131 62 1401 202 701 4 3 5 1 12 11 1 2 343 147 330 547 252 2614 33 6 541 83 54 8 85 1060 6 137 262 489 253 469 354 1066 18 22 19 21 4 1271 486 762 1322 60 40 49 291 4 266 25 26 1 0 1 0 0 2 1 0 7 1 0 0 2 5 4 162 1 0 12 1 143 23 116 7 0 0 1 3 6 0 15 13 2 0 2 0 1 2 1 18 8 15 3 30 0 0 60 144 22 34 738 4 26 36 3 5 36 26 25 45 29 2 0 1 1 0 1 61 117 25 713 1 7 2 1 50 149 35 16 381 33 0 7 20 3 39 21 18 48 54 0 0 51 55 0 12 0 0 0 0 1
326 156 390 181 496 563 76 159 26 219 44 661 7 607 237 173 30 105 44 26 38 299 109 999 923 109 1425 871 3863 339 3773 370 454 536 280 42 167 287 236 510 127 26 1347 29 2 39 316 130 38 10 11 7 231 495 32 13 6537 1018 85 81 113 147 1183 1029 433 33 11297 1367 975 59 16 242 391 70 4058 79 79 6 283 2 23 1 625 4306 531 4493 3687 16 39 5 54 36 14 53 627 2002 84 58 2551 4077 6 28 12 17 21 32 1 13 14 27 14 43 6 1 14 5 2 9 8 54 21 46 23 14 4 1 2 5 2 11 46 2 19 137 1 74 5 0 89 79 11 9 11 5 22 4 10 3 24 84 9 0 2 3 0 6 0 12 3 1 21 12 3 15 27 3 9 16 4 6 32 34 2 4 8 26 3 0 26 5 25 138 40 0 6 116 1 5 5 3 28 14 1 7 32 4 11 3 1 1
14 4 10 3 13 9 4 4 9 14 2 4 1 870 120 217 32 105 29 19 36 92 39 589 191 12 986 593 371 6 187 66 174 2158 185 297 779 632 155 91 52 10 361 37 2 10 828 27 7 2 7 4 43 74 14 7 917 1406 733 1755 50 27 243 328 201 6 1367 2238 288 9 1 43 546 55 840 31 32 0 170 0 9 0 157 313 208 496 1140 3 0 3 18 9 5 6 126 44 32 20 774 1123 3 2 1 1 0 1 0 9 3 0 2 4 7 2 2 4 9 8 15 15 45 35 15 1 2 5 1 1 1 2 5 0 0 60 0 90 3 0 170 175 3 12 1 2 12 2 3 0 38 23 5 0 0 1 0 1 0 2 1 0 5 2 0 0 1 3 6 1 3 1 4 5 0 5 2 10 0 2 9 0 6 82 32 0 2 39 0 1 0 1 7 0 2 0 16 2 8 1 0 1
21 7 12 5 133 55 13 4 12 7 0 41 34 83 279 178 121 1604 211 76 119 174 118 463 151 9 186 365 1868 84 346 66 64 266 32 1 525 827 7373 34 1233 439 2241 314 197 263 76 6994 227 86 13 14 65 166 33 22 714 438 17 27 2237 2990 6946 2356 7951 541 975 288 16633 450 226 16 208 42 476 11065 28 10 58 1 133 16 142 216 246 92 202 189 521 194 2081 205 65 188 1533 161 39 49 152 40 0 8 1 2 2 4 1 14 4 4 2 1 15 10 293 17 11 39 24 836 93 261 39 8 10 5 4 35 3 43 33 8 6 50 3 58 4 4 140 185 102 17 190 14 9 271 377 35 125 2814 10 37 59 16 7 57 8 9 4 10 10 6 2 4 2 6 429 520 161 241 9 27 12 9 166 801 28 15 1273 97 7 79 45 11 124 64 9 46 47 2 9 127 108 7 22 4 5 2 1 3
33 9 26 3 9 9 8 18 8 20 0 10 5 1 5 0 1 15 15 4 19 89 29 33 33 5 13 1 96 10 6 3 2 4 0 0 2 13 17 9 235 25 225 38 87 13 4 1742 193 331 165 262 9 11 33 3 25 9 0 0 48 5141 1448 85 43 83 59 9 450 3156 2171 5 24 22 19 440 19 16 31 142 2490 961 59 45 49 28 12 2403 587 101 417 592 1114 2429 2550 5 21 12 24 0 1 1 0 1 0 0 1 9 0 1 0 2 0 0 13 3 1 8 0 15 5 14 4 2 2 2 5 2 0 1 5 6 1 1 0 4 1 0 4 5 2 3 2 7 4 80 58 4 15 99 2 427 490 89 38 177 54 197 296 286 10 5 0 2 0 2 26 61 84 45 4 12 5 2 115 43 711 290 431 65 0 9 10 8 69 18 517 269 1500 2 2 671 557 2 9 2 0 5 2 4
11 3 6 1 6 2 2 6 5 6 0 2 5 1 1 1 3 5 18 2 6 25 10 7 13 4 3 2 36 1 4 0 0 0 0 0 1 14 9 1 102 7 84 51 70 11 2 3098 49 199 33 106 4 0 10 1 8 5 0 0 25 3226 230 23 20 54 16 1 226 2171 8730 1 8 18 4 422 11 7 19 64 4998 494 19 14 15 8 5 2968 479 88 247 157 168 302 396 1 15 3 12 1 0 0 0 0 0 0 1 4 2 0 0 0 0 0 8 0 0 4 0 10 1 4 0 1 2 3 5 1 0 0 2 3 0 2 0 3 0 0 3 2 4 0 4 8 1 45 33 2 5 44 2 290 310 39 24 104 27 81 122 170 5 1 1 0 1 0 15 38 62 25 2 9 2 0 75 33 367 167 260 29 1 0 6 4 60 10 314 219 922 1 1 463 319 3 5 0 0 1 0 0
122 59 177 135 1381 1217 477 91 748 3369 3529 3487 18 10 19 7 2 7 11 2 508 508 28 12 88 5 10 5 647 375 1108 3668 3001 222 1 0 16 165 3 9 341 0 20 24 25 10 7 6 4 13 10 23 112 73 48 53 495 647 1 2 12 0 8 11 6 8 242 43 16 5 1 6416 1378 171 445 13 1726 84 5793 2 15 2 262 339 527 156 95 11 5 9 17 33 18 8 10 1471 5058 928 160 8 46 166 58 130 83 189 35 39 117 190 83 320 3 0 2 2 1 0 3 0 8 3 2 10 9 1 1 0 0 2 119 1 107 77 0 32 0 0 54 39 1 1 0 20 32 1 2 0 10 6 2 0 0 6 0 2 2 16 2 3 42 44 9 50 6 0 2 2 1 1 51 61 0 0 1 1 2 0 4 0 38 41 21 0 0 57 2 2 0 0 51 0 5 1 59 15 14 3 0 0
