34850 9434 11883 5734 944 1597 13525 11197 284 2734 76 703 0 11 6 23 10 5 0 0 88 31 1 5 12 0 15 38 6303 9193 307 32 32 45 5 4 28 16 25 6 1863 2 14 0 6 7 8 30 25 11 38 475 865 2030 396 477 164 7 9 0 10 52 33 24 41 2 634 6 41 68 38 53 14 10 79 4 32 0 19 11 160 3 2800 1382 1769 190 7 36 76 9 12 287 196 52 48 96 182 2112 52 25 22 11 158 135 9 143 11 8 54 26 56 109 0 1 0 0 0 2 0 4 3 4 2 2 5 1 2 0 0 2 12 1 36 41 1 29 1 0 6 5 1 1 0 4 10 0 0 0 2 3 0 0 1 2 0 1 3 1 0 0 2 4 0 3 9 1 5 0 0 1 14 3 1 1 0 3 1 0 0 0 115 17 9 0 2 42 1 0 0 1 10 1 1 1 29 6 4 1 0 0
9434 10046 3814 9006 789 1291 260 147 80 178 56 440 2 0 0 2 0 1 3 0 123 61 2 1 16 0 7 4 451 973 186 19 33 21 0 0 1 6 6 2 922 1 3 1 1 3 3 9 8 2 7 106 159 211 104 159 54 4 1 0 1 11 6 12 8 2 287 4 2 18 15 63 9 8 33 3 19 0 14 0 48 1 864 547 1267 233 4 9 15 0 3 68 44 15 17 34 354 143 69 14 96 47 487 371 21 449 47 27 147 70 121 349 2 0 0 3 0 2 0 5 0 9 1 5 6 0 1 0 0 0 23 3 59 88 0 70 0 1 6 7 1 0 1 3 26 0 1 0 2 1 0 0 0 2 0 0 3 5 0 0 6 15 2 6 19 0 1 1 1 1 23 8 0 5 1 5 2 0 1 0 279 11 4 0 0 68 0 1 3 5 16 0 0 5 90 31 22 3 0 1
11883 3814 15923 4568 346 1258 811 8587 181 3575 74 10668 0 1 0 0 1 6 0 0 161 75 3 3 39 1 11 4 734 675 103 55 39 28 0 0 1 13 5 4 1298 2 9 0 3 3 2 11 18 2 17 237 330 577 193 285 53 16 2 0 3 20 11 11 11 1 445 3 8 36 21 89 10 10 45 4 33 0 23 4 68 4 1593 868 1482 244 10 20 34 6 2 172 81 25 16 59 466 407 112 12 93 49 465 387 23 431 39 32 152 75 152 375 3 1 1 0 0 2 0 4 2 10 2 4 6 1 0 0 0 5 24 1 66 99 2 76 3 0 4 11 1 6 6 4 27 0 0 0 2 0 1 0 1 3 0 0 0 2 0 1 1 11 5 14 18 2 5 0 0 0 28 6 1 2 0 2 0 0 1 0 277 16 9 0 0 99 1 0 1 2 19 1 0 5 120 32 13 3 0 2
5734 9006 4568 14943 6560 6790 247 107 113 194 56 2545 0 1 2 2 5 6 0 1 176 104 4 1 19 2 4 3 359 2030 1132 29 33 18 0 0 1 7 5 0 698 2 4 0 1 3 5 8 7 1 4 57 114 151 53 132 68 9 0 0 1 5 8 14 17 0 258 0 14 11 6 78 8 10 47 2 25 0 11 1 23 1 622 399 1177 340 3 3 9 2 2 36 18 10 14 51 449 148 109 9 95 44 460 389 24 421 43 28 204 75 167 390 0 3 1 0 1 7 1 3 1 9 2 2 8 0 0 2 0 4 30 0 67 108 2 66 0 0 6 10 3 2 2 12 36 1 0 0 2 2 8 0 0 5 0 0 5 6 2 1 5 21 6 17 17 0 6 0 1 0 26 10 2 1 0 4 1 0 0 0 313 29 6 0 0 102 0 0 1 3 15 0 1 11 113 22 25 4 0 3
944 789 346 6560 11691 5620 377 93 55 96 126 1876 0 8 14 42 31 57 2 1 332 339 17 27 86 6 31 58 2181 10223 10606 776 417 244 3 6 48 86 101 14 771 5 23 0 0 11 12 78 8 2 11 79 150 282 72 181 2894 119 9 1 77 40 54 39 147 0 370 11 179 21 20 176 30 11 542 6 49 1 33 2 25 2 833 612 2038 701 15 4 18 1 10 64 29 24 50 1024 242 261 345 42 52 39 294 249 13 281 27 27 99 43 103 291 3 2 4 5 2 4 4 13 7 12 4 8 8 0 0 1 0 7 28 1 48 103 1 62 0 0 10 13 9 12 10 2 20 2 1 0 5 9 9 0 0 5 0 0 2 2 1 1 4 21 2 14 29 4 4 5 1 0 22 11 3 2 3 3 3 0 3 1 266 27 8 2 2 107 0 0 2 3 13 0 1 13 95 15 17 2 0 6
1597 1291 1258 6790 5620 12850 457 158 109 220 320 13120 2 6 12 34 36 100 4 1 281 353 16 29 59 2 27 16 816 3354 1502 3572 1142 232 1 1 43 112 153 21 898 9 45 1 1 20 15 90 9 3 5 76 160 201 74 150 220 136 2 1 140 57 35 33 223 1 291 7 229 26 19 355 72 17 478 1 131 0 28 3 28 0 628 526 1395 484 7 8 14 1 13 61 26 13 31 713 577 292 266 20 78 55 414 350 40 406 37 43 157 71 160 476 8 1 11 10 3 7 4 24 10 18 12 10 15 0 1 4 1 11 34 1 101 194 4 127 4 0 19 27 25 11 18 8 44 3 3 6 13 14 10 3 0 8 0 2 8 3 0 0 8 27 7 21 40 5 10 4 1 2 44 11 4 5 2 4 1 1 4 1 487 58 15 3 2 226 0 0 1 3 34 1 2 7 171 24 25 5 0 9
13525 260 811 247 377 457 13292 10790 1271 3384 427 616 3 4 6 9 4 4 0 1 12 10 1 1 6 1 6 12 3131 1683 146 23 29 17 1 1 9 4 8 1 186 1 4 0 4 3 4 18 5 7 15 156 632 1885 227 126 53 4 9 1 3 18 13 6 24 7 61 5 15 19 10 83 4 11 22 1 93 1 15 4 42 4 764 294 123 23 1 7 24 2 2 100 53 13 13 37 528 6153 14 5 9 4 27 20 4 26 2 1 6 4 10 21 0 0 0 0 0 0 0 1 0 2 0 1 1 0 0 0 0 1 1 0 5 17 0 12 0 0 0 4 1 0 0 1 1 0 0 0 2 1 0 0 0 0 0 0 4 1 2 3 1 0 0 1 5 0 0 0 1 0 4 2 0 0 0 2 0 0 0 0 23 7 3 0 0 16 1 0 2 0 2 1 0 0 8 4 1 0 0 0
11197 147 8587 107 93 158 10790 35984 3095 24643 883 1919 1 0 1 2 0 0 0 0 16 3 1 1 0 1 4 2 578 479 27 5 8 8 0 0 0 3 0 3 602 1 4 0 6 5 1 13 15 8 21 284 595 1194 275 249 20 3 0 1 1 17 10 0 2 6 191 0 5 42 33 41 1 4 15 0 43 0 30 9 87 6 1366 564 323 32 3 26 32 6 5 194 104 40 18 19 236 1692 10 8 9 3 36 16 3 35 2 2 7 4 11 21 0 0 0 0 0 0 1 1 0 0 0 0 0 0 0 0 0 0 1 0 3 7 0 6 0 0 1 2 0 0 1 0 0 0 0 0 0 1 0 0 0 0 0 0 0 1 1 0 0 3 0 1 1 0 0 0 0 0 3 1 0 1 0 1 0 0 1 0 10 3 2 0 0 11 0 0 0 0 0 2 0 0 5 7 1 0 0 2
284 80 181 113 55 109 1271 3095 1614 4112 1104 954 82 0 0 0 1 2 9 0 10 13 1 0 4 2 0 0 93 93 13 59 99 12 0 0 0 3 0 1 52 1 2 7 244 27 1 2 3 310 19 132 198 278 102 27 3 2 0 0 2 3 2 1 7 60 21 0 4 4 2 1052 10 122 10 0 1605 28 120 110 38 268 160 52 34 8 3 60 34 50 42 18 14 2 4 25 5457 1352 16 4 6 1 28 20 3 15 4 3 8 6 9 26 1 0 0 1 0 1 1 3 0 0 0 0 0 0 0 1 0 0 1 0 3 11 0 5 0 0 2 1 1 1 1 0 2 1 2 0 0 11 1 0 1 1 0 2 13 5 20 12 0 1 0 1 2 1 5 1 1 3 3 2 0 0 1 1 3 1 12 1 33 8 2 0 4 11 5 2 9 1 0 5 2 0 11 1 2 0 0 0
2734 178 3575 194 96 220 3384 24643 4112 37779 13280 18785 2 1 0 1 2 1 0 1 19 11 0 4 6 0 3 1 419 223 34 25 42 10 0 1 1 8 1 0 398 2 7 2 16 1 1 15 18 5 17 198 497 797 266 169 19 4 1 0 1 19 7 1 4 4 138 1 2 28 22 319 6 8 17 1 130 1 163 11 79 7 972 411 324 33 4 23 21 4 9 112 76 26 15 23 4446 2097 13 5 47 17 217 197 16 181 17 22 108 29 80 152 0 0 0 0 0 3 0 0 0 2 0 3 4 0 0 1 0 2 12 2 26 44 0 22 0 0 2 3 4 1 3 8 11 0 0 0 1 2 0 0 0 1 0 1 4 3 1 1 1 7 2 5 5 0 1 0 0 3 10 5 1 0 0 0 1 0 1 0 120 3 1 0 0 32 0 0 1 1 11 1 1 2 46 9 5 2 0 2
76 56 74 56 126 320 427 883 1104 13280 8179 5893 3 0 3 1 1 7 1 0 28 37 0 1 7 0 3 2 113 83 26 62 82 12 0 0 3 4 9 0 172 0 4 0 16 3 0 6 1 21 2 41 134 115 63 36 11 2 1 0 8 3 2 4 22 3 54 0 14 4 3 672 0 31 21 0 356 13 100 4 11 13 159 76 146 30 1 3 5 5 1 18 7 2 1 71 4051 588 26 2 65 38 338 267 21 340 26 26 110 68 128 308 0 1 1 1 0 4 0 1 2 5 2 5 11 0 1 0 0 3 14 0 75 144 0 109 0 0 8 5 4 0 0 7 25 0 1 0 1 1 1 0 1 6 0 0 2 7 0 2 3 24 2 9 19 0 5 1 0 0 52 4 3 0 0 4 2 3 1 0 345 18 6 3 0 122 1 0 2 3 29 0 1 9 146 16 33 4 0 4
703 440 10668 2545 1876 13120 616 1919 954 18785 5893 27307 7 5 12 18 21 69 16 1 396 453 28 17 101 11 26 14 687 1147 446 1133 2714 268 0 0 24 124 80 25 1021 4 25 2 14 23 32 47 12 4 10 112 335 345 183 175 101 78 1 0 79 41 21 27 134 3 384 13 149 23 16 1909 477 109 236 5 594 2 252 5 47 8 906 616 1415 514 18 10 18 6 12 75 42 18 35 1131 4618 858 301 23 276 152 1227 1052 105 1280 99 135 442 244 515 1420 6 12 7 16 5 23 11 26 20 58 17 30 62 5 4 5 0 18 82 3 264 768 8 505 4 2 91 85 29 28 25 43 146 4 3 0 26 12 34 5 2 33 0 2 12 31 0 3 44 127 14 60 123 12 17 3 3 3 185 57 16 13 0 5 8 4 6 1 1730 183 44 11 3 810 0 1 2 11 139 1 6 34 591 86 125 23 2 29
0 2 0 0 0 2 3 1 82 2 3 7 4959 0 1 3 1 620 4177 26 0 1 1 1 0 0 1 2 1 0 0 1 7 3 0 0 0 406 10 0 9 6 14 6848 4994 1563 0 10 8 226 1 10 9 1 2 1 0 0 0 0 6 9 19 3 1 3024 0 0 9 5 3 51 663 2064 0 10 1462 251 1422 14 13 47 2 0 1 1 1 39 95 245 279 5 1 1 34 0 139 41 2 1 3 1 0 1 3 1 0 1 0 0 1 4 0 33 726 5 2 121 5 1534 16 716 10 0 2 1 0 34 1 79 26 15 2 6 3 14 2 0 33 27 421 3 268 1 5 36 66 100 102 1346 0 10 28 2 1 22 1 1 5 8 0 4 0 7 9 0 562 138 28 829 1 20 22 4 24 259 2 10 133 23 8 27 157 8 43 6 2 10 34 2 0 72 18 9 1 0 3 1 3 1
11 0 1 1 8 6 4 0 0 1 0 5 0 7355 4758 2121 1329 234 26 109 46 70 243 277 11 19 3174 1825 109 75 26 2 7 228 3244 1939 881 111 435 309 818 40 110 0 1 18 150 39 45 0 0 2 3 7 4 2 114 55 422 19 27 53 108 311 532 0 27 38 163 28 10 0 3 14 140 9 1 0 3 1 1 0 11 20 19 16 4 3 16 2 22 21 5 25 85 55 1 4 14 17 0 0 1 0 0 1 0 0 1 0 0 2 20 12 12 32 3 167 32 54 165 507 144 1 3 1 1 11 4 43 1 1 0 4 0 8 35 0 66 62 11 51 16 0 5 3 1 0 90 11 2 1 3 0 0 2 0 0 0 2 0 0 0 0 0 13 9 10 3 0 1 1 0 6 2 1 0 2 4 1 2 4 52 0 1 2 1 0 5 0 0 2 1 0 0 0 1 3 0 3
6 0 0 2 14 12 6 1 0 0 3 12 1 4758 11874 8411 2709 662 54 736 56 89 316 263 20 38 2206 3857 70 60 33 7 7 123 682 122 235 131 713 268 984 61 133 2 5 23 38 57 78 2 1 2 2 8 1 1 70 41 52 8 53 96 146 220 619 1 19 21 195 48 15 1 6 5 137 17 0 0 5 0 8 0 6 10 24 15 2 6 47 3 40 54 9 58 154 53 1 2 6 12 0 0 0 0 1 0 0 1 0 0 0 1 20 15 9 24 1 68 12 72 67 226 53 3 6 5 2 6 2 52 5 0 0 4 1 5 24 1 25 24 54 39 29 0 4 3 0 2 40 18 5 2 2 0 0 2 0 1 0 0 0 2 0 0 0 13 10 14 4 3 2 0 0 2 1 7 0 1 9 1 0 7 20 0 3 1 1 1 5 0 0 4 2 1 0 0 2 1 1 4
23 2 0 2 42 34 9 2 0 1 1 18 3 2121 8411 8791 3217 3280 1646 1331 33 53 123 443 24 31 2458 4745 256 235 116 22 16 439 127 14 451 800 402 93 913 112 186 4 7 50 34 59 85 3 3 8 12 30 3 3 301 253 11 54 275 102 75 293 241 3 46 84 229 37 12 7 23 27 678 20 0 0 5 4 19 1 21 34 60 45 11 6 44 9 43 86 3 44 180 190 1 4 28 64 1 3 3 3 8 4 0 0 2 1 2 11 13 255 338 29 9 288 11 929 42 1337 26 2 7 3 0 53 6 513 25 8 7 9 7 39 16 1 25 30 914 16 881 1 8 6 6 43 136 98 6 7 11 1 1 4 1 1 2 7 2 2 0 2 13 3 97 75 19 26 3 8 27 8 15 81 2 3 11 1 7 15 34 5 6 7 0 0 9 0 1 8 10 9 2 1 5 1 1 2
10 0 1 5 31 36 4 0 1 2 1 21 1 1329 2709 3217 1439 437 946 1898 80 235 449 306 47 92 1452 490 60 99 30 7 13 146 305 38 1428 3207 198 501 1080 44 123 6 2 24 85 13 65 1 0 11 3 4 1 2 75 55 86 5 57 71 34 154 93 1 14 10 56 38 14 6 18 40 227 11 1 2 4 1 5 0 6 11 34 20 8 4 21 0 31 44 1 47 147 112 1 1 30 18 1 0 2 1 3 5 0 0 1 1 0 2 104 89 50 140 20 181 66 156 216 696 136 21 35 22 15 34 9 236 3 3 0 17 4 31 84 11 134 144 125 196 119 1 12 11 2 0 205 10 36 10 3 2 1 1 2 2 1 2 2 2 1 0 4 67 14 27 6 4 12 19 2 17 6 18 2 3 5 1 18 59 49 9 4 9 1 0 5 8 0 9 12 1 0 0 9 4 5 15
5 1 6 6 57 100 4 0 2 1 7 69 620 234 662 3280 437 12198 4526 396 30 91 101 1965 117 27 1012 580 135 105 56 42 92 327 11 4 434 3279 6668 51 1079 354 1728 260 29 2082 40 261 216 15 3 25 8 17 5 8 193 118 7 17 1956 199 135 3450 849 210 78 66 1015 75 51 48 595 48 358 94 36 2 86 5 38 4 40 47 51 88 39 22 150 49 228 252 15 72 695 212 13 6 135 64 3 20 6 3 15 12 1 3 1 1 4 24 10 157 2148 18 15 102 15 2647 57 917 23 9 21 8 6 467 6 605 141 138 21 35 16 116 5 2 126 83 2735 13 3669 2 22 143 71 610 296 2434 13 41 71 4 6 32 2 2 5 14 1 46 2 32 48 8 1865 830 105 376 43 148 169 23 56 627 5 15 127 43 29 77 69 68 56 21 3 11 71 14 4 143 56 93 3 9 19 9 40 14
0 3 0 0 2 4 0 0 9 0 1 16 4177 26 54 1646 946 4526 43677 11656 19 66 81 650 40 54 1257 271 16 8 3 8 25 30 50 2 250 9283 206 271 380 69 348 6003 456 6462 15 77 66 60 6 27 1 4 3 0 26 6 0 4 132 94 65 855 160 313 17 7 86 32 23 36 942 4648 30 52 67 29 195 17 35 23 5 5 12 18 8 34 128 95 426 69 6 38 217 9 23 4 19 16 14 27 2 5 31 18 0 2 3 1 4 42 360 1518 3011 475 54 2656 127 6564 951 12273 637 32 49 40 27 474 55 2874 116 74 37 106 24 232 243 31 504 470 4966 401 4808 4 81 131 57 581 1810 1608 45 71 83 4 7 34 21 4 12 29 1 27 2 32 98 94 1122 684 181 391 38 90 144 31 67 615 15 29 123 26 45 205 1335 48 35 65 2 6 82 11 6 129 75 54 5 4 14 19 35 29
0 0 0 1 1 1 1 0 0 1 0 1 26 109 736 1331 1898 396 11656 2107 23 41 124 276 14 71 1038 221 4 5 2 0 0 24 109 0 141 889 134 348 264 26 102 21 11 52 10 18 50 3 3 5 1 1 0 1 6 5 1 1 65 66 20 90 35 2 6 5 42 29 4 1 21 142 19 20 1 1 5 1 17 6 1 1 5 2 1 3 33 10 39 44 3 57 137 6 1 0 10 3 2 1 0 0 4 2 0 0 0 0 1 3 108 372 181 138 13 560 18 616 173 2377 131 8 19 9 5 57 13 716 10 11 2 17 5 36 69 6 96 81 595 112 465 2 12 15 5 9 376 20 14 14 11 0 2 1 5 0 4 2 0 5 0 3 16 30 27 67 36 7 3 11 17 8 13 87 5 5 16 3 8 39 134 2 5 14 1 0 11 4 1 13 18 7 1 0 3 4 3 6
88 123 161 176 332 281 12 16 10 19 28 396 0 46 56 33 80 30 19 23 12146 6663 2721 78 331 194 45 20 65 151 240 144 324 911 4 2 45 383 32 161 1847 22 48 3 0 4 58 12 23 1 0 7 10 20 11 1912 84 174 10 2 10 27 21 25 32 1 36 30 36 14 5 167 195 47 1045 1 13 0 97 0 1 0 153 34 3332 367 63 2 9 2 6 19 4 17 101 510 16 13 467 142 1 1 4 7 1 5 3 1 2 3 4 17 7 4 2 19 9 8 16 5 28 26 39 7 10 1 1 3 0 10 1 0 3 28 5 35 9 3 52 56 5 22 5 1 9 2 1 0 22 6 12 0 1 0 0 0 0 1 0 0 2 4 1 0 2 4 2 4 0 1 12 1 0 2 1 3 1 0 1 1 53 52 25 0 0 57 0 0 1 2 6 3 1 0 14 1 8 3 1 8
31 61 75 104 339 353 10 3 13 11 37 453 1 70 89 53 235 91 66 41 6663 30661 5521 882 7935 4868 460 51 97 132 251 280 895 2816 7 7 157 1687 75 4021 1545 175 870 21 10 41 268 40 202 9 3 10 9 17 10 68 150 382 22 4 97 388 168 230 83 3 101 101 94 226 23 374 722 173 2206 43 51 0 324 0 21 2 127 110 3308 2172 335 12 105 18 116 117 25 174 1355 741 23 11 4607 329 0 2 4 7 4 8 0 1 6 1 0 19 36 8 4 65 15 61 75 17 188 151 154 12 22 6 8 20 4 37 3 0 8 75 3 107 58 7 199 227 7 100 12 2 24 4 3 0 115 8 38 4 7 0 0 5 1 2 1 2 3 7 0 3 4 56 6 9 5 5 10 8 1 12 4 8 1 2 24 5 76 143 85 1 13 93 0 1 8 2 7 20 12 1 15 5 18 7 0 24
1 2 3 4 17 16 1 1 1 0 0 28 1 243 316 123 449 101 81 124 2721 5521 10656 6198 993 4208 494 45 24 16 10 24 98 705 15 12 280 765 39 3995 6527 1314 980 12 8 54 182 43 437 5 0 7 4 5 3 5 35 65 21 8 69 154 43 70 34 3 29 39 52 85 14 42 133 16 194 41 1 1 42 0 20 0 16 26 161 133 21 10 99 13 95 193 16 112 687 38 5 0 264 42 0 0 1 0 0 0 0 0 1 1 2 0 11 1 1 13 2 15 12 4 26 63 30 0 2 2 1 2 0 15 1 1 1 13 0 3 8 0 24 32 4 21 4 0 4 1 1 0 20 5 8 0 3 0 0 4 1 0 0 0 1 3 0 0 1 8 6 5 1 2 0 3 1 3 4 5 0 1 17 5 14 15 7 1 3 14 1 1 2 0 1 9 2 0 0 0 0 2 1 1
5 1 3 1 27 29 1 1 0 4 1 17 1 277 263 443 306 1965 650 276 78 882 6198 16031 708 3166 3930 48 77 28 40 7 27 394 381 109 274 418 137 5712 3838 8912 2727 12 11 723 1115 93 758 10 5 12 7 15 5 3 178 172 246 43 845 244 81 500 266 2 175 286 267 103 43 14 99 10 350 58 5 0 16 1 40 0 23 93 77 240 124 23 181 24 203 403 27 149 1026 66 1 1 360 219 0 1 0 0 0 0 0 0 0 0 0 0 14 4 22 17 2 87 17 75 62 231 66 2 3 1 0 11 0 16 5 1 2 7 0 9 16 1 21 40 33 23 40 2 6 3 5 3 43 61 4 0 9 0 0 7 1 0 2 4 0 1 0 0 1 7 38 9 2 5 2 1 1 0 3 25 1 2 21 9 7 13 23 0 6 8 0 1 16 1 1 20 2 0 1 0 0 0 0 0
12 16 39 19 86 59 6 0 4 6 7 101 0 11 20 24 47 117 40 14 331 7935 993 708 14354 754 944 72 66 41 179 39 353 923 7 4 31 660 35 4580 453 73 703 8 5 114 2895 52 76 3 1 27 37 32 18 33 381 201 9 8 157 387 409 869 118 4 358 790 116 230 9 144 374 100 1294 42 16 0 207 0 29 1 238 390 1315 1852 4429 1 64 16 103 43 17 90 1119 142 13 10 5714 2713 0 1 3 1 0 2 0 1 1 2 2 13 9 4 3 18 7 19 18 9 62 60 40 10 16 2 3 7 4 12 1 0 4 50 2 45 15 3 82 87 4 33 6 3 12 2 4 0 35 11 14 0 14 1 0 5 1 3 1 1 0 5 0 1 1 18 6 3 1 0 11 2 0 4 1 8 3 2 25 5 68 58 48 0 12 69 1 2 6 0 6 30 2 0 6 0 7 3 3 5
0 0 1 2 6 2 1 1 2 0 0 11 0 19 38 31 92 27 54 71 194 4868 4208 3166 754 1670 1324 9 9 2 10 5 45 199 39 8 32 209 3 7636 1103 226 244 3 1 17 87 6 80 0 0 1 2 4 2 1 19 21 10 1 14 56 19 29 2 0 20 12 14 27 6 15 50 17 99 14 2 0 20 0 11 0 8 17 92 104 18 5 14 6 26 42 5 27 182 20 1 3 256 13 1 0 0 0 0 0 0 1 0 0 0 1 1 1 1 9 0 12 7 5 32 56 34 1 2 2 0 4 2 6 0 0 0 3 1 6 7 1 12 18 1 18 1 0 1 0 0 0 22 1 1 1 1 0 0 2 0 1 0 0 0 0 0 0 0 4 1 2 1 0 0 0 0 0 0 1 0 0 5 0 4 5 13 0 1 4 2 0 2 0 0 4 1 0 0 0 1 0 0 3
15 7 11 4 31 27 6 4 0 3 3 26 1 3174 2206 2458 1452 1012 1257 1038 45 460 494 3930 944 1324 19901 9308 439 97 221 18 35 1532 4252 496 1465 560 244 5419 913 190 366 10 0 79 772 33 119 0 2 9 30 63 11 15 1059 860 495 218 55 88 124 1188 498 3 603 1045 92 39 9 13 65 23 1622 15 4 0 9 0 15 0 91 241 203 499 477 14 37 7 44 111 12 40 233 123 2 7 790 627 1 0 1 2 2 1 0 1 0 0 1 4 14 41 145 32 1 318 27 743 130 1056 124 3 8 2 2 29 2 105 10 3 2 8 1 12 23 2 61 85 420 30 242 0 7 5 1 7 118 134 7 3 7 0 2 5 3 0 1 6 0 2 0 3 9 9 122 35 9 10 0 2 1 1 4 32 4 3 9 1 12 28 89 0 2 6 0 0 13 0 0 16 6 4 0 0 3 1 2 0
38 4 4 3 58 16 12 2 0 1 2 14 2 1825 3857 4745 490 580 271 221 20 51 45 48 72 9 9308 12171 626 285 279 30 12 955 287 85 690 245 1791 19 393 51 66 8 6 86 45 66 35 0 0 7 24 57 12 14 1131 791 44 159 70 55 203 1443 2119 4 314 545 179 13 9 5 14 6 1753 14 1 0 6 1 10 1 76 108 132 156 99 4 34 8 25 46 2 17 61 210 4 14 147 339 3 3 2 1 3 1 2 0 1 0 3 14 6 67 424 10 5 72 5 1499 36 518 19 2 8 6 0 70 0 153 28 17 7 15 2 29 4 2 26 36 932 12 870 0 9 12 6 71 54 434 8 7 11 0 0 3 0 0 1 2 0 8 0 11 15 3 517 129 13 42 6 17 34 5 5 99 2 2 6 1 7 14 29 7 6 5 0 2 10 2 1 14 4 9 2 0 4 4 6 4
6303 451 734 359 2181 816 3131 578 93 419 113 687 1 109 70 256 60 135 16 4 65 97 24 77 66 9 439 626 40875 11285 2347 133 121 272 60 32 177 91 341 51 298 18 180 2 6 62 98 182 35 3 13 151 1509 8264 261 130 3964 80 185 9 125 455 726 536 716 3 7218 78 486 154 34 196 31 28 887 37 76 0 34 1 62 4 1010 2496 329 125 153 6 47 17 59 114 42 77 280 656 100 3000 202 413 24 9 94 68 5 86 5 8 25 14 34 103 2 1 8 2 4 5 1 17 2 12 3 6 10 1 0 2 0 7 6 1 21 109 3 72 1 0 24 21 15 6 11 5 26 1 4 0 6 31 8 1 2 6 0 4 4 3 3 1 5 14 1 5 14 5 22 0 1 3 29 7 4 5 5 8 1 1 13 4 198 49 17 2 4 118 1 1 12 3 25 9 1 2 42 5 17 3 0 9
9193 973 675 2030 10223 3354 1683 479 93 223 83 1147 0 75 60 235 99 105 8 5 151 132 16 28 41 2 97 285 11285 18644 9398 175 145 393 15 23 215 132 265 12 764 9 54 1 0 9 34 142 24 2 21 169 387 863 145 223 7514 102 68 11 88 107 173 93 389 1 636 44 340 64 23 98 20 8 626 6 33 0 10 3 73 1 1294 825 1414 287 10 14 51 7 11 125 82 29 78 869 129 620 147 104 27 18 128 123 12 115 14 8 53 19 49 124 3 1 7 4 2 1 5 15 1 10 1 3 2 0 2 3 0 7 5 1 33 56 1 24 1 2 11 11 18 2 13 1 13 0 5 1 5 13 8 0 1 6 0 2 3 2 2 1 1 11 0 7 8 2 11 3 0 2 9 1 1 2 3 4 3 0 1 3 109 16 4 1 4 46 0 0 1 0 5 6 1 3 34 3 5 1 0 5
307 186 103 1132 10606 1502 146 27 13 34 26 446 0 26 33 116 30 56 3 2 240 251 10 40 179 10 221 279 2347 9398 8618 51 33 162 13 11 84 47 122 46 578 8 65 0 2 17 101 46 5 0 5 48 102 230 44 134 8266 78 52 3 38 78 167 221 212 0 902 119 129 25 10 38 15 10 1430 4 14 0 11 1 18 3 602 768 1699 1046 413 3 15 3 7 26 25 17 89 1962 53 123 854 4403 24 6 83 71 8 77 6 5 41 16 43 75 0 1 6 1 0 0 3 8 7 6 1 1 2 1 0 0 0 4 2 0 12 22 1 22 0 0 3 7 7 2 4 1 11 1 1 0 3 5 1 0 3 0 0 1 0 0 0 0 0 2 3 3 2 1 6 1 0 0 2 3 2 2 1 5 1 0 1 2 74 17 5 1 2 43 0 0 0 0 3 1 0 4 20 5 2 1 0 2
32 19 55 29 776 3572 23 5 59 25 62 1133 1 2 7 22 7 42 8 0 144 280 24 7 39 5 18 30 133 175 51 5005 3375 1168 1 1 16 86 84 15 184 3 14 0 3 11 44 18 2 0 1 26 45 49 18 33 48 1585 9 2 51 21 14 23 81 1 105 17 87 8 3 334 78 16 3076 2 120 0 39 2 14 1 145 111 267 103 8 2 6 1 2 18 7 3 15 6851 238 59 105 16 30 6 79 84 15 123 4 11 25 23 51 166 4 3 3 5 3 5 2 10 8 10 3 12 18 0 2 3 0 5 12 1 44 129 0 116 2 0 27 21 5 14 6 11 31 0 0 0 7 5 7 2 1 9 0 2 8 10 1 4 9 33 4 16 26 4 9 1 2 0 45 5 5 2 0 2 6 3 2 0 303 61 10 1 2 185 0 0 0 2 32 2 3 5 91 9 25 8 2 4
32 33 39 33 417 1142 29 8 99 42 82 2714 7 7 7 16 13 92 25 0 324 895 98 27 353 45 35 12 121 145 33 3375 12867 1199 0 1 6 283 55 115 365 6 34 5 5 48 190 18 7 1 3 31 77 72 51 49 51 241 3 0 68 8 14 29 44 2 165 18 46 17 5 2954 1152 175 696 2 310 2 305 1 18 2 253 237 521 334 65 0 7 2 11 27 14 8 25 1958 426 108 398 20 34 21 101 111 23 123 12 17 43 33 86 316 12 8 8 21 37 18 24 21 59 45 40 54 89 2 7 11 2 29 42 4 84 485 11 315 23 9 176 163 24 66 27 28 113 8 1 1 52 5 73 3 0 14 0 2 13 27 4 5 19 70 7 25 64 42 9 12 4 5 147 45 12 31 2 6 21 8 5 0 969 378 80 8 1 717 1 0 2 10 98 3 11 13 164 25 72 21 5 55
45 21 28 18 244 232 17 8 12 10 12 268 3 228 123 439 146 327 30 24 911 2816 705 394 923 199 1532 955 272 393 162 1168 1199 9365 783 126 1217 383 411 797 1047 22 176 1 0 34 3885 53 23 2 3 40 72 79 40 55 335 4470 1669 3825 102 66 136 703 442 0 297 2492 210 22 5 174 65 57 4602 7 47 0 61 0 16 1 292 336 891 792 185 3 10 5 16 48 19 12 149 1217 40 30 864 96 11 12 26 24 11 33 4 12 11 11 17 72 34 15 16 39 47 26 37 38 62 81 56 54 83 7 15 20 0 55 17 6 21 224 18 183 24 10 206 179 41 109 42 12 60 7 0 1 59 18 93 6 3 5 0 0 8 13 4 3 7 26 1 11 15 68 19 22 4 1 55 26 9 62 3 8 7 4 6 3 334 325 56 11 4 342 0 0 5 4 35 2 10 9 34 5 52 26 7 66
5 0 0 0 3 1 1 0 0 0 0 0 0 3244 682 127 305 11 50 109 4 7 15 381 7 39 4252 287 60 15 13 1 0 783 6670 494 861 110 5 528 28 3 38 1 0 0 915 1 1 0 0 3 3 4 0 2 63 164 1956 138 2 4 9 134 13 0 25 264 5 2 0 1 1 11 137 1 0 0 0 0 2 1 5 8 7 10 2 0 1 0 2 0 0 0 7 13 0 1 9 18 0 0 0 0 0 0 0 0 0 0 0 0 11 15 10 37 3 147 17 26 99 418 130 2 1 10 2 8 1 34 0 0 0 7 0 7 23 1 30 42 6 47 4 0 4 3 0 0 86 3 1 5 0 0 0 0 1 0 0 1 0 0 0 0 0 5 1 6 3 0 0 1 0 0 0 0 2 0 0 1 0 9 40 0 0 9 0 0 4 1 0 1 1 0 0 0 0 0 1 0
4 0 0 0 6 1 1 0 0 1 0 0 0 1939 122 14 38 4 2 0 2 7 12 109 4 8 496 85 32 23 11 1 1 126 494 82 77 5 7 105 28 3 26 1 0 1 707 0 0 0 0 0 1 5 0 0 49 74 1376 62 2 3 3 73 14 0 12 169 1 0 0 0 0 1 81 1 0 0 0 0 2 0 4 6 7 6 2 0 0 0 0 0 0 0 7 12 0 2 4 14 0 0 0 0 0 1 0 0 0 0 0 0 3 0 1 3 0 1 1 1 8 7 4 0 1 0 0 0 1 2 0 0 0 0 0 0 1 0 2 3 0 5 2 0 0 0 0 0 3 0 0 0 0 0 0 0 0 0 0 0 0 0 0 0 0 1 0 3 1 0 0 0 0 0 0 0 0 0 0 0 0 1 1 0 0 1 0 0 0 0 0 0 1 0 0 0 0 0 0 0
28 1 1 1 48 43 9 0 0 1 3 24 0 881 235 451 1428 434 250 141 45 157 280 274 31 32 1465 690 177 215 84 16 6 1217 861 77 2258 2383 224 373 542 14 81 1 0 10 1168 16 26 1 0 0 8 23 0 4 216 484 934 365 63 20 39 322 153 0 49 232 73 7 0 6 4 15 737 2 0 0 2 0 2 0 15 16 62 45 9 2 7 5 10 18 2 13 45 195 4 4 23 53 0 0 5 2 2 5 0 0 1 2 1 0 47 14 7 63 12 21 35 30 80 79 70 13 33 6 10 14 2 37 2 1 0 13 6 23 36 11 64 74 25 86 24 1 9 5 0 2 40 9 31 4 1 0 0 0 0 1 0 1 0 3 0 2 3 32 7 11 2 3 5 9 2 18 1 4 1 1 3 1 12 51 9 1 1 10 0 0 0 2 0 0 4 3 1 0 7 5 4 19
16 6 13 7 86 112 4 3 3 8 4 124 406 111 131 800 3207 3279 9283 889 383 1687 765 418 660 209 560 245 91 132 47 86 283 383 110 5 2383 14380 851 1203 1243 83 309 373 99 978 687 122 62 22 1 17 14 18 4 17 96 195 103 39 720 110 75 312 280 43 91 133 451 49 25 77 734 753 462 26 16 28 92 13 30 6 95 117 317 269 84 14 60 40 305 32 13 20 233 283 14 7 380 49 9 9 10 11 8 14 4 2 5 4 6 32 499 142 183 631 177 334 359 447 1054 1354 725 169 410 73 89 181 40 480 25 14 9 331 68 380 351 98 1178 999 282 971 360 10 128 65 11 24 918 263 407 53 24 5 9 12 3 1 3 11 9 18 2 10 25 482 202 152 29 59 74 103 27 239 22 83 13 7 44 10 241 955 325 29 11 335 1 0 24 49 27 33 47 19 14 4 91 67 30 261
25 6 5 5 101 153 8 0 0 1 9 80 10 435 713 402 198 6668 206 134 32 75 39 137 35 3 244 1791 341 265 122 84 55 411 5 7 224 851 9206 16 248 74 256 5 4 145 24 259 43 5 1 10 10 42 6 6 527 281 12 25 7172 179 525 2316 3999 9 101 146 2786 32 29 30 61 4 928 24 4 0 4 0 25 1 51 55 121 66 34 7 32 14 40 49 5 14 133 390 9 9 62 134 4 5 10 3 2 5 0 1 2 1 4 8 9 20 406 19 5 21 5 1105 33 133 14 4 13 5 4 114 1 120 59 56 6 13 6 33 9 3 45 36 738 19 864 1 9 43 14 68 50 756 12 20 32 0 4 8 2 2 1 5 0 21 2 17 20 7 926 250 56 61 12 48 58 9 22 236 3 11 36 16 13 28 8 23 19 8 1 1 41 2 2 72 15 27 4 0 10 7 16 13
6 2 4 0 14 21 1 3 1 0 0 25 0 309 268 93 501 51 271 348 161 4021 3995 5712 4580 7636 5419 19 51 12 46 15 115 797 528 105 373 1203 16 10558 1077 253 601 27 2 15 672 16 83 2 1 2 14 19 1 10 196 236 342 75 32 104 47 283 31 0 206 437 24 56 6 54 239 79 427 13 3 0 59 1 13 1 36 127 178 358 229 3 31 7 34 49 9 37 467 27 6 1 644 220 0 1 0 0 0 1 0 1 0 0 1 3 72 29 14 121 13 271 72 39 298 748 314 12 11 15 8 32 10 85 1 0 2 21 0 23 84 8 127 176 8 163 15 2 21 6 0 0 198 5 21 2 2 1 1 2 1 0 1 0 0 1 0 1 3 27 3 16 7 1 3 5 1 8 2 5 0 1 4 1 20 51 87 0 4 13 0 0 10 4 1 7 11 0 2 0 3 2 2 7
1863 922 1298 698 771 898 186 602 52 398 172 1021 9 818 984 913 1080 1079 380 264 1847 1545 6527 3838 453 1103 913 393 298 764 578 184 365 1047 28 28 542 1243 248 1077 11153 3298 1274 28 49 436 134 615 1722 74 81 502 74 72 1023 1484 267 219 17 9 530 1057 213 212 260 19 134 74 374 561 576 308 267 55 1116 412 137 0 145 18 624 13 866 181 1339 195 93 359 1414 227 858 3067 513 893 1152 599 82 79 319 225 7 6 40 43 5 47 8 6 17 10 25 76 20 13 17 21 19 20 17 29 44 97 65 18 37 0 4 10 4 28 14 2 33 111 13 86 18 4 75 69 32 40 22 3 19 9 15 1 41 68 44 8 28 0 0 44 11 6 20 17 3 24 2 10 19 26 28 23 7 10 23 10 6 16 10 19 4 10 72 16 233 131 27 5 24 207 11 12 81 8 21 76 13 6 51 1 30 4 2 28
2 1 2 2 5 9 1 1 1 2 0 4 6 40 61 112 44 354 69 26 22 175 1314 8912 73 226 190 51 18 9 8 3 6 22 3 3 14 83 74 253 3298 7555 5307 10 28 514 64 142 2943 9 4 15 1 4 4 5 29 15 3 2 519 187 80 76 217 6 21 20 360 80 40 5 37 2 34 98 3 0 10 0 36 2 6 7 18 37 18 15 204 52 437 453 30 158 652 22 1 1 45 19 0 0 0 0 0 0 0 0 0 0 0 0 1 0 7 0 0 2 2 10 4 7 3 0 0 1 0 0 0 0 0 0 1 0 0 2 2 0 5 4 3 0 7 0 0 4 8 1 2 39 1 1 10 0 1 7 1 0 2 1 0 0 0 0 0 0 18 6 0 4 0 0 2 1 5 21 0 2 33 4 2 1 0 1 8 2 1 3 9 1 0 22 2 0 0 0 1 0 0 0
14 3 9 4 23 45 4 4 2 7 4 25 14 110 133 186 123 1728 348 102 48 870 980 2727 703 244 366 66 180 54 65 14 34 176 38 26 81 309 256 601 1274 5307 4696 41 90 2129 278 384 2759 25 7 23 23 31 8 8 333 137 56 23 2443 470 480 4801 1115 25 314 201 1625 181 68 19 119 10 287 279 6 0 28 1 68 2 61 167 127 380 158 39 297 144 1362 481 36 247 4195 62 4 5 498 198 0 0 0 0 0 0 0 0 1 0 0 3 2 0 20 6 0 16 6 50 19 53 22 2 0 1 0 5 1 7 8 1 1 4 0 3 2 0 7 16 20 6 24 0 2 13 32 2 28 152 0 11 41 0 0 22 0 0 4 8 0 0 0 1 0 3 72 29 9 23 0 3 4 0 17 87 2 2 126 21 3 8 7 0 39 7 1 2 27 0 0 52 8 2 3 1 0 0 1 2
0 1 0 0 0 1 0 0 7 2 0 2 6848 0 2 4 6 260 6003 21 3 21 12 12 8 3 10 8 2 1 0 0 5 1 1 1 1 373 5 27 28 10 41 6140 2339 1606 4 33 16 456 6 42 0 1 0 2 1 1 1 0 33 22 49 25 10 429 2 2 24 10 12 77 1946 2739 3 16 683 989 4482 73 29 222 0 1 2 3 1 81 119 246 656 20 3 5 77 1 19 7 4 0 1 0 0 0 2 1 0 0 0 0 0 3 55 39 171 110 11 232 65 418 295 885 229 9 19 13 5 28 4 106 6 6 0 32 2 43 67 10 175 182 151 114 112 2 7 13 37 23 290 252 20 15 35 1 1 33 9 0 12 8 0 3 0 1 2 45 119 30 15 89 4 11 6 18 21 92 7 7 138 39 7 101 317 1 29 26 1 7 19 3 1 68 8 3 2 0 9 5 3 14
6 1 3 1 0 1 4 6 244 16 16 14 4994 1 5 7 2 29 456 11 0 10 8 11 5 1 0 6 6 0 2 3 5 0 0 0 0 99 4 2 49 28 90 2339 13098 1438 1 64 49 6077 19 178 30 16 28 1 3 0 0 0 18 91 113 9 13 4951 5 1 36 34 35 72 247 400 5 22 4023 789 1895 165 100 964 4 1 3 4 2 646 718 2040 1255 34 3 20 274 2 783 175 6 3 2 3 1 3 1 6 0 2 0 0 1 5 0 1 194 4 1 12 5 240 8 43 3 0 1 1 1 6 2 4 25 7 0 8 0 16 0 0 29 5 50 1 23 0 0 77 516 7 63 1876 0 40 225 4 1 329 38 10 84 65 0 4 0 4 1 1 491 176 77 546 3 16 15 0 125 597 11 27 1212 266 8 21 7 5 354 18 30 80 230 0 1 567 47 9 4 0 3 3 2 3
7 3 3 3 11 20 3 5 27 1 3 23 1563 18 23 50 24 2082 6462 52 4 41 54 723 114 17 79 86 62 9 17 11 48 34 0 1 10 978 145 15 436 514 2129 1606 1438 7308 20 254 218 160 6 34 14 14 4 8 144 28 2 3 169 437 342 1216 142 1977 78 38 170 142 80 55 1026 405 68 209 279 28 381 4 85 22 20 36 37 64 37 72 434 831 3477 200 22 129 1379 25 97 17 120 67 5 13 1 2 5 4 1 7 0 0 0 16 4 44 1784 9 1 51 7 2158 76 611 23 2 14 10 7 225 3 176 123 97 13 43 6 66 2 1 164 81 988 11 942 4 13 370 962 256 340 5745 5 77 237 9 9 188 15 2 21 44 3 36 0 28 27 3 2132 930 224 1111 21 67 97 12 214 1915 19 44 906 226 12 83 92 58 307 28 24 22 190 7 1 385 136 40 9 1 7 7 16 11
8 3 2 5 12 15 4 1 1 1 0 32 0 150 38 34 85 40 15 10 58 268 182 1115 2895 87 772 45 98 34 101 44 190 3885 915 707 1168 687 24 672 134 64 278 4 1 20 2993 11 29 1 1 2 13 20 6 7 307 2649 3937 1051 20 40 46 276 33 0 135 3779 23 33 4 78 243 67 2586 3 5 0 125 0 6 1 23 97 159 239 1502 1 7 1 15 13 2 20 182 61 0 3 593 660 0 0 0 1 0 1 0 0 0 0 0 2 28 13 3 83 9 120 63 17 173 320 188 11 21 10 2 18 5 48 3 0 2 23 0 32 49 3 116 126 7 109 12 2 14 1 1 0 107 2 19 6 4 0 0 1 0 1 1 1 3 4 0 1 0 33 4 11 3 0 4 4 0 3 0 1 1 1 5 0 42 39 54 2 1 26 0 0 4 3 1 6 5 0 1 0 3 2 2 2
30 9 11 8 78 90 18 13 2 15 6 47 10 39 57 59 13 261 77 18 12 40 43 93 52 6 33 66 182 142 46 18 18 53 1 0 16 122 259 16 615 142 384 33 64 254 11 20638 422 152 13 234 15 18 10 25 201 56 1 5 2641 3526 1475 530 1140 20 84 30 9447 368 2298 10 54 8 196 7951 7 0 12 23 1277 34 37 41 53 66 20 423 3102 193 2525 444 30 138 814 161 8 9 46 50 1 0 0 0 0 1 0 2 1 0 1 1 2 1 21 3 0 9 2 20 5 9 1 3 4 1 3 2 0 3 11 10 0 3 1 7 0 0 18 2 13 3 13 2 10 66 237 7 29 356 0 102 572 5 1 848 46 8 103 156 0 1 1 5 0 1 77 116 138 56 1 8 8 1 288 195 19 129 1633 358 2 24 4 6 843 29 94 145 854 1 0 1567 93 4 10 0 0 3 0 1
25 8 18 7 8 9 5 15 3 18 1 12 8 45 78 85 65 216 66 50 23 202 437 758 76 80 119 35 35 24 5 2 7 23 1 0 26 62 43 83 1722 2943 2759 16 49 218 29 422 11890 35 34 102 8 11 37 52 33 11 2 0 294 2813 217 36 88 14 43 7 192 618 221 6 22 5 26 342 7 1 5 3 228 8 33 30 28 59 3 91 1003 165 687 4447 325 4714 6276 17 9 3 64 17 0 0 1 0 0 0 0 0 0 0 1 1 0 0 1 0 0 6 1 2 2 8 6 0 0 0 0 0 0 0 0 0 0 2 0 4 0 0 1 4 3 3 2 0 1 1 15 1 6 37 0 2 24 0 0 29 3 1 7 16 1 0 0 0 0 0 8 4 5 4 1 1 0 0 12 14 1 8 65 21 5 2 3 0 31 4 5 5 43 0 0 60 3 0 1 0 0 0 0 0
11 2 2 1 2 3 7 8 310 5 21 4 226 0 2 3 1 15 60 3 1 9 5 10 3 0 0 0 3 2 0 0 1 2 0 0 1 22 5 2 74 9 25 456 6077 160 1 152 35 11815 201 1778 35 10 41 2 6 0 0 0 22 92 70 6 8 1143 4 0 35 33 55 59 94 802 5 145 3428 259 674 1847 440 9807 16 4 1 0 2 3029 1736 5132 956 50 11 14 141 0 933 155 4 1 3 0 3 3 0 2 0 4 0 0 1 3 0 0 15 1 0 0 0 17 2 5 0 0 1 4 1 0 1 0 6 2 0 4 1 1 0 1 2 0 9 0 0 2 4 19 211 2 23 259 0 56 321 3 0 940 262 47 427 346 4 3 0 3 1 0 37 46 33 77 3 3 1 0 81 71 48 98 1160 171 3 8 2 2 347 15 238 401 1286 0 3 1367 40 1 5 2 0 0 1 2
38 7 17 4 11 5 15 21 19 17 2 10 1 0 1 3 0 3 6 3 0 3 0 5 1 0 2 0 13 21 5 1 3 3 0 0 0 1 1 1 81 4 7 6 19 6 1 13 34 201 10028 18156 46 26 262 57 3 1 1 0 4 16 4 1 0 59 12 1 8 184 28 4 2 74 4 7 162 16 22 696 937 222 105 17 4 2 0 173 82 16 25 3502 4632 125 31 6 56 20 3 2 1 0 0 1 0 0 0 1 1 0 0 1 0 0 0 1 0 0 0 0 0 0 2 0 1 0 0 0 0 0 1 0 0 6 0 0 0 0 0 0 1 0 0 2 2 0 0 0 0 0 0 1 2 1 0 4 609 144 407 201 13 1 0 0 1 0 0 0 0 2 1 0 0 0 0 0 58 17 6 0 3 1 3 0 5 5 31 3 90 0 15 26 7 0 0 1 1 2 0 0
475 106 237 57 79 76 156 284 132 198 41 112 10 2 2 8 11 25 27 5 7 10 7 12 27 1 9 7 151 169 48 26 31 40 3 0 0 17 10 2 502 15 23 42 178 34 2 234 102 1778 18156 41461 330 141 1815 246 27 20 1 0 73 324 62 32 25 539 50 13 137 1309 1596 68 36 564 71 136 1066 93 114 12978 8444 2168 999 106 58 27 7 2163 1421 382 415 5174 7370 257 147 46 303 135 40 18 5 0 6 4 2 5 0 5 8 1 2 6 2 1 8 3 3 3 1 3 0 2 1 4 3 1 1 0 0 3 1 0 3 23 0 17 0 0 17 10 0 3 0 16 6 6 35 4 7 30 11 8 53 9 1 101 2983 1232 4022 1130 104 24 2 4 4 4 5 5 0 25 16 1 2 4 5 5 360 142 124 9 43 30 15 2 18 95 497 70 916 0 79 204 61 1 18 3 4 3 0 8
865 159 330 114 150 160 632 595 198 497 134 335 9 3 2 12 3 8 1 1 10 9 4 7 37 2 30 24 1509 387 102 45 77 72 3 1 8 14 10 14 74 1 23 0 30 14 13 15 8 35 46 330 6246 5951 10412 132 161 26 8 0 13 40 55 39 28 13 631 10 25 43 13 217 24 39 110 7 218 6 60 20 60 30 2395 703 158 53 38 11 13 10 6 140 90 30 37 83 476 3345 85 52 5 0 9 12 1 9 3 3 3 3 3 19 1 1 0 5 2 0 2 1 4 7 2 10 9 1 1 0 0 2 5 0 3 40 2 25 1 0 19 8 3 6 1 0 13 0 0 0 2 2 10 0 0 1 0 0 4 4 7 4 1 9 0 0 2 9 0 0 0 1 7 4 2 4 0 1 0 0 1 0 83 44 8 1 1 58 1 0 1 1 8 0 1 0 15 1 8 3 1 7
2030 211 577 151 282 201 1885 1194 278 797 115 345 1 7 8 30 4 17 4 1 20 17 5 15 32 4 63 57 8264 863 230 49 72 79 4 5 23 18 42 19 72 4 31 1 16 14 20 18 11 10 26 141 5951 14881 663 70 355 31 23 2 13 72 102 95 74 10 1869 27 78 38 5 181 21 18 171 7 150 1 46 8 36 11 1293 3876 99 76 59 18 13 7 11 66 37 23 81 114 356 6103 132 119 3 2 23 18 0 29 1 5 8 3 3 26 0 1 1 2 0 0 4 6 4 3 3 6 12 0 0 0 0 2 3 0 16 31 3 44 2 0 16 18 5 3 2 0 11 2 1 0 3 6 9 0 0 3 0 0 3 4 2 0 0 4 1 4 2 7 2 0 1 0 9 4 1 5 0 3 0 0 2 0 87 38 11 2 2 75 0 0 2 1 6 1 1 2 16 2 10 3 2 7
396 104 193 53 72 74 227 275 102 266 63 183 2 4 1 3 1 5 3 0 11 10 3 5 18 2 11 12 261 145 44 18 51 40 0 0 0 4 6 1 1023 4 8 0 28 4 6 10 37 41 262 1815 10412 663 24801 358 35 10 0 0 6 39 13 14 18 10 86 7 17 112 44 135 13 40 44 1 165 6 31 60 221 37 9884 211 119 29 5 53 75 11 21 1264 471 58 37 46 324 2618 28 13 1 0 4 3 1 4 0 0 4 0 2 7 1 0 1 3 2 0 3 0 3 2 1 2 12 1 0 1 0 3 1 1 5 29 2 14 1 1 7 9 0 4 0 1 3 0 2 0 1 3 6 1 1 0 0 5 26 6 22 11 3 2 0 2 2 4 0 0 0 0 4 3 0 5 0 0 0 3 0 1 40 20 12 0 0 40 4 1 7 1 3 0 0 1 7 0 3 3 0 3
477 159 285 132 181 150 126 249 27 169 36 175 1 2 1 3 2 8 0 1 1912 68 5 3 33 1 15 14 130 223 134 33 49 55 2 0 4 17 6 10 1484 5 8 2 1 8 7 25 52 2 57 246 132 70 358 1601 42 18 2 0 14 61 17 14 18 2 52 4 16 77 48 54 19 8 145 4 29 1 25 6 89 1 3070 177 1668 71 14 46 72 7 23 452 174 85 44 107 30 48 75 45 2 1 4 5 2 3 0 0 7 1 1 9 1 0 0 3 3 2 1 2 3 1 1 5 8 2 0 0 0 3 2 0 1 26 2 24 3 2 13 10 0 6 2 0 5 0 1 0 3 2 5 0 2 2 0 3 1 2 3 3 1 5 0 0 1 2 1 1 0 0 1 5 0 4 0 1 3 1 2 1 61 39 7 0 0 52 1 0 8 1 4 1 0 0 14 0 5 1 0 5
164 54 53 68 2894 220 53 20 3 19 11 101 0 114 70 301 75 193 26 6 84 150 35 178 381 19 1059 1131 3964 7514 8266 48 51 335 63 49 216 96 527 196 267 29 333 1 3 144 307 201 33 6 3 27 161 355 35 42 9762 149 256 16 206 593 1150 1396 1062 4 2234 355 646 218 23 32 28 11 3565 45 12 0 23 0 28 0 349 865 459 1362 1386 4 61 9 95 45 13 64 491 1345 10 68 2937 3451 3 1 9 3 3 5 2 2 0 2 2 13 1 2 7 1 4 1 2 30 5 12 0 2 2 1 1 1 0 2 1 4 7 19 1 13 3 0 8 9 21 2 12 0 3 0 4 2 4 37 3 1 8 0 0 7 1 0 1 3 0 0 1 0 3 2 26 9 3 4 0 1 1 0 8 15 0 0 12 6 32 16 7 0 6 24 1 1 10 0 0 22 2 1 1 1 4 1 0 0
7 4 16 9 119 136 4 3 2 4 2 78 0 55 41 253 55 118 6 5 174 382 65 172 201 21 860 791 80 102 78 1585 241 4470 164 74 484 195 281 236 219 15 137 1 0 28 2649 56 11 0 1 20 26 31 10 18 149 7691 885 1698 59 68 162 544 440 1 84 4499 188 26 4 33 15 7 8847 5 20 0 9 0 6 0 99 108 250 164 248 1 8 4 5 16 2 3 97 1900 9 7 191 146 4 1 9 9 0 14 1 2 3 1 9 15 2 3 4 0 0 1 2 21 4 8 1 5 6 1 1 0 0 1 4 1 6 38 0 23 1 0 14 11 16 1 4 1 11 0 2 2 3 12 5 1 2 1 0 2 2 0 0 1 1 11 1 2 3 4 8 2 2 0 6 3 0 0 2 4 0 1 3 2 69 21 3 2 1 45 0 0 1 1 13 3 1 1 10 1 5 0 1 3
9 1 2 0 9 2 9 0 0 1 1 1 0 422 52 11 86 7 0 1 10 22 21 246 9 10 495 44 185 68 52 9 3 1669 1956 1376 934 103 12 342 17 3 56 1 0 2 3937 1 2 0 1 1 8 23 0 2 256 885 3040 1730 5 2 3 106 12 0 70 1203 3 1 0 2 0 12 545 0 1 0 1 0 3 0 9 28 28 25 8 0 0 0 0 3 0 0 15 35 0 5 10 41 0 0 0 0 0 0 0 0 0 0 0 0 14 7 2 17 0 67 23 10 81 191 89 2 3 6 2 9 1 25 0 0 0 2 0 9 14 2 33 46 1 38 2 0 5 3 0 1 44 1 7 4 1 0 0 0 0 0 0 0 0 0 0 0 0 6 0 4 0 1 0 1 0 1 0 0 1 2 0 0 1 11 15 0 0 3 0 0 0 1 1 1 5 0 0 0 0 1 1 2
0 0 0 0 1 1 1 1 0 0 0 0 0 19 8 54 5 17 4 1 2 4 8 43 8 1 218 159 9 11 3 2 0 3825 138 62 365 39 25 75 9 2 23 0 0 3 1051 5 0 0 0 0 0 2 0 0 16 1698 1730 862 5 5 17 96 41 0 7 1502 12 0 0 0 0 0 470 0 0 0 0 0 0 0 1 5 4 2 2 0 1 0 3 0 0 0 9 12 1 1 2 4 0 0 0 0 0 0 0 0 0 0 1 0 0 0 0 0 0 0 1 1 1 3 1 0 1 1 0 0 0 2 1 0 0 0 1 0 1 0 1 1 1 1 1 0 0 0 0 0 2 2 0 0 0 0 0 0 0 0 0 0 0 0 0 0 0 0 1 0 0 0 0 0 0 0 0 0 0 0 0 0 1 0 0 0 0 0 0 0 0 0 0 0 0 0 0 0 0 0 0 0
10 1 3 1 77 140 3 1 2 1 8 79 6 27 53 275 57 1956 132 65 10 97 69 845 157 14 55 70 125 88 38 51 68 102 2 2 63 720 7172 32 530 519 2443 33 18 169 20 2641 294 22 4 73 13 13 6 14 206 59 5 5 4135 1147 922 1960 2242 25 115 58 6582 306 487 34 194 1 240 6212 5 0 21 0 327 3 46 74 63 108 56 27 796 47 4229 240 30 158 1605 199 9 7 136 100 1 4 3 0 1 4 0 1 0 2 1 8 2 2 111 2 1 3 3 106 14 35 6 4 1 4 2 20 0 7 14 9 1 15 3 16 2 0 40 17 52 10 54 1 3 84 281 9 72 931 3 30 99 0 2 91 2 1 9 8 0 6 1 10 3 1 275 164 53 82 5 13 11 1 72 436 4 14 319 97 11 23 7 9 143 7 11 5 63 0 1 189 32 6 6 1 2 2 4 2
52 11 20 5 40 57 18 17 3 19 3 41 9 53 96 102 71 199 94 66 27 388 154 244 387 56 88 55 455 107 78 21 8 66 4 3 20 110 179 104 1057 187 470 22 91 437 40 3526 2813 92 16 324 40 72 39 61 593 68 2 5 1147 17567 12686 1179 790 20 553 65 2967 8375 1565 7 52 7 206 890 5 0 18 40 918 86 119 205 141 366 99 106 819 194 1683 1071 207 3118 6124 108 3 13 374 172 0 0 0 0 0 1 0 5 0 1 0 0 2 1 17 1 1 2 2 14 3 24 4 1 1 1 1 3 0 2 4 4 0 7 0 5 0 1 8 8 11 3 13 2 6 23 101 0 13 191 1 57 337 0 2 369 39 8 110 180 0 1 1 0 1 1 43 51 83 33 1 4 1 1 97 111 31 100 778 126 5 10 1 2 334 18 93 105 838 0 0 1017 41 2 3 2 0 0 0 0
33 6 11 8 54 35 13 10 2 7 2 21 19 108 146 75 34 135 65 20 21 168 43 81 409 19 124 203 726 173 167 14 14 136 9 3 39 75 525 47 213 80 480 49 113 342 46 1475 217 70 4 62 55 102 13 17 1150 162 3 17 922 12686 24192 5462 7079 32 668 163 6649 2249 187 10 44 14 471 716 15 1 14 3 145 5 129 249 153 381 177 27 522 256 1952 185 29 469 3047 106 8 17 456 321 0 0 1 0 0 1 0 1 0 0 0 1 3 1 14 3 1 11 2 36 9 23 5 0 2 0 1 9 1 4 3 2 0 3 0 4 1 0 9 8 16 2 17 2 1 36 93 2 19 201 0 31 235 1 3 249 7 2 29 42 0 1 1 2 2 1 65 53 79 27 0 3 4 2 108 115 6 30 596 177 5 6 5 4 301 15 19 41 176 1 0 572 42 3 6 0 0 0 0 0
24 12 11 14 39 33 6 0 1 1 4 27 3 311 220 293 154 3450 855 90 25 230 70 500 869 29 1188 1443 536 93 221 23 29 703 134 73 322 312 2316 283 212 76 4801 25 9 1216 276 530 36 6 1 32 39 95 14 14 1396 544 106 96 1960 1179 5462 11119 9038 9 777 867 2429 295 53 11 103 13 1269 120 4 0 11 1 50 2 107 283 193 578 512 5 98 39 304 40 15 76 3374 106 7 13 848 757 0 5 0 1 1 1 0 0 2 1 0 3 9 14 172 8 1 41 9 761 31 186 36 2 1 3 0 31 0 43 23 17 1 7 1 16 6 4 12 33 409 7 304 0 4 12 18 16 37 377 1 6 27 0 1 19 1 0 1 9 0 4 0 7 5 5 429 82 17 29 2 9 24 2 7 107 4 2 62 19 8 18 17 7 33 4 0 4 40 1 0 69 6 11 1 0 1 2 3 1
41 8 11 17 147 223 24 2 7 4 22 134 1 532 619 241 93 849 160 35 32 83 34 266 118 2 498 2119 716 389 212 81 44 442 13 14 153 280 3999 31 260 217 1115 10 13 142 33 1140 88 8 0 25 28 74 18 18 1062 440 12 41 2242 790 7079 9038 10472 7 297 373 8616 174 75 29 43 2 1254 74 7 0 10 1 52 2 90 113 158 168 124 8 88 21 104 76 14 67 761 422 4 19 196 349 3 2 9 8 1 6 2 0 1 3 2 8 9 9 122 8 5 7 8 391 15 78 11 4 5 1 0 23 0 34 19 7 4 13 3 13 3 0 22 11 224 12 231 0 3 23 34 10 28 372 5 8 39 1 0 16 0 0 4 10 0 9 0 3 7 7 282 85 26 26 7 14 10 2 22 149 0 9 64 21 15 14 9 2 35 11 0 1 30 1 1 52 8 2 5 0 3 1 5 5
2 2 1 0 0 1 7 6 60 4 3 3 3024 0 1 3 1 210 313 2 1 3 3 2 4 0 3 4 3 1 0 1 2 0 0 0 0 43 9 0 19 6 25 429 4951 1977 0 20 14 1143 59 539 13 10 10 2 4 1 0 0 25 20 32 9 7 1074 1 0 19 8 13 13 87 679 0 10 1658 595 396 507 64 779 4 2 2 3 0 120 141 403 709 4 2 9 85 0 243 35 1 0 0 0 1 1 0 1 0 1 0 0 1 2 0 1 204 0 0 3 0 116 3 57 1 0 1 0 0 4 0 10 5 0 1 1 0 6 0 0 9 4 26 1 34 0 0 16 123 37 26 443 0 6 31 0 0 41 38 4 48 35 0 2 0 1 4 0 89 37 12 404 0 2 3 0 15 71 3 9 160 28 2 8 12 2 34 3 12 8 42 0 1 71 7 4 0 0 0 0 0 0
634 287 445 258 370 291 61 191 21 138 54 384 0 27 19 46 14 78 17 6 36 101 29 175 358 20 603 314 7218 636 902 105 165 297 25 12 49 91 101 206 134 21 314 2 5 78 135 84 43 4 12 50 631 1869 86 52 2234 84 70 7 115 553 668 777 297 1 6629 164 252 204 23 203 72 48 1013 39 99 1 101 2 25 1 732 4396 269 2063 741 8 49 12 77 55 30 103 606 344 61 62 1750 1244 5 5 20 28 6 50 2 5 14 7 18 68 2 8 6 8 14 8 8 19 12 9 5 20 23 0 1 1 0 9 9 4 24 94 6 68 6 4 29 33 6 17 7 6 32 1 9 2 7 15 19 6 5 4 0 4 2 5 3 2 3 19 1 9 13 8 16 4 1 1 31 13 3 7 3 13 2 1 20 2 193 92 32 2 8 216 1 1 3 1 21 12 3 5 37 3 21 10 1 16
6 4 3 0 11 7 5 0 0 1 0 13 0 38 21 84 10 66 7 5 30 101 39 286 790 12 1045 545 78 44 119 17 18 2492 264 169 232 133 146 437 74 20 201 2 1 38 3779 30 7 0 1 13 10 27 7 4 355 4499 1203 1502 58 65 163 867 373 0 164 3553 149 18 4 3 9 4 3348 6 0 0 12 1 3 0 53 90 101 214 1054 0 4 1 11 11 3 5 149 33 1 2 443 1268 0 0 0 0 0 0 0 0 0 0 0 0 0 0 2 3 1 7 1 15 5 10 9 1 1 1 0 0 0 0 1 0 0 7 0 7 2 2 2 3 0 6 3 0 0 0 2 0 2 6 1 1 2 0 1 0 0 0 0 0 0 1 0 0 0 1 7 2 0 0 1 0 1 1 0 8 0 0 2 1 2 4 7 1 2 3 0 2 1 0 2 0 1 0 0 0 0 0 0 0
41 2 8 14 179 229 15 5 4 2 14 149 9 163 195 229 56 1015 86 42 36 94 52 267 116 14 92 179 486 340 129 87 46 210 5 1 73 451 2786 24 374 360 1625 24 36 170 23 9447 192 35 8 137 25 78 17 16 646 188 3 12 6582 2967 6649 2429 8616 19 252 149 8771 579 681 25 97 5 653 2926 11 0 20 2 411 5 75 104 132 144 78 25 484 58 1346 130 35 117 1813 437 5 19 171 158 2 3 4 5 1 7 0 0 0 2 3 11 2 1 54 1 2 2 2 69 6 23 2 1 4 3 2 7 0 8 12 7 2 14 0 7 4 1 18 12 17 4 28 0 5 70 266 8 28 617 2 42 185 4 5 164 2 1 6 18 0 6 1 6 3 5 182 128 76 78 3 12 11 3 139 364 3 25 595 185 14 14 4 7 270 13 4 13 74 0 0 236 49 5 3 1 1 1 1 2
68 18 36 11 21 26 19 42 4 28 4 23 5 28 48 37 38 75 32 29 14 226 85 103 230 27 39 13 154 64 25 8 17 22 2 0 7 49 32 56 561 80 181 10 34 142 33 368 618 33 184 1309 43 38 112 77 218 26 1 0 306 8375 2249 295 174 8 204 18 579 5407 1315 11 13 15 80 246 25 0 16 167 867 211 101 104 78 185 49 138 348 65 502 1134 2141 1895 2352 26 10 17 191 56 0 0 0 1 0 0 0 1 0 2 0 0 0 0 6 2 0 2 1 6 1 8 0 0 0 0 0 0 0 1 2 0 2 6 0 4 2 0 1 2 1 2 2 0 2 6 26 0 4 57 2 5 55 2 0 60 147 26 329 303 1 0 0 0 1 0 13 7 7 8 0 2 0 1 16 21 70 85 119 23 7 10 6 0 43 20 143 30 516 0 1 148 19 1 4 0 0 0 0 0
38 15 21 6 20 19 10 33 2 22 3 16 3 10 15 12 14 51 23 4 5 23 14 43 9 6 9 9 34 23 10 3 5 5 0 0 0 25 29 6 576 40 68 12 35 80 4 2298 221 55 28 1596 13 5 44 48 23 4 0 0 487 1565 187 53 75 13 23 4 681 1315 8795 8 20 7 21 746 13 0 15 81 9259 148 37 22 19 15 3 666 2473 151 788 583 159 99 310 40 7 6 14 9 0 0 1 1 0 0 0 0 0 0 0 0 0 0 5 0 1 0 1 5 2 3 0 0 0 1 0 0 0 1 0 1 0 4 0 0 0 0 4 1 0 1 2 0 0 7 29 2 5 49 0 12 94 3 0 116 122 38 292 249 1 0 0 0 0 0 8 7 13 14 1 0 1 0 13 14 70 113 160 12 7 7 3 0 35 15 137 44 726 0 0 294 17 1 3 0 0 0 0 0
53 63 89 78 176 355 83 41 1052 319 672 1909 51 0 1 7 6 48 36 1 167 374 42 14 144 15 13 5 196 98 38 334 2954 174 1 0 6 77 30 54 308 5 19 77 72 55 78 10 6 59 4 68 217 181 135 54 32 33 2 0 34 7 10 11 29 13 203 3 25 11 8 4298 871 790 145 2 3087 63 1827 14 22 32 282 217 329 201 29 13 10 14 16 38 17 6 20 383 4770 827 227 13 87 37 269 263 52 318 29 49 104 95 166 721 8 9 7 26 30 14 27 21 55 62 39 91 121 3 9 14 2 22 51 11 221 950 19 647 14 8 251 195 21 66 15 56 219 9 4 2 54 13 67 10 8 38 2 2 40 45 7 14 29 160 11 54 114 30 9 10 1 3 250 57 17 28 3 10 37 10 5 2 2047 524 147 19 3 1402 0 0 5 14 163 6 26 39 495 68 166 42 5 53
