27762 7347 10391 1685 1864 2535 11842 7328 202 482 81 775 0 0 0 3 0 2 0 0 73 21 3 4 13 3 3 0 5639 7903 525 50 46 5 1 0 5 10 4 4 616 2 13 1 1 0 3 14 44 3 76 141 970 446 617 230 688 17 1 1 4 25 14 0 6 3 313 11 30 86 40 29 24 24 68 8 40 1 22 7 252 10 1502 548 659 78 22 80 24 5 18 304 200 92 66 375 82 2232 24 16 31 3 115 77 4 280 11 11 56 113 115 191 0 0 1 0 3 0 0 1 1 0 0 3 3 0 1 0 0 0 10 0 24 51 0 11 0 1 12 3 0 0 0 7 10 0 1 0 0 1 2 1 1 2 0 1 3 2 5 14 12 8 1 12 18 1 0 1 0 0 8 2 3 1 0 1 2 8 1 0 111 18 8 4 1 61 5 3 10 0 8 4 0 24 77 26 4 0 1 0
7347 17890 2852 15733 2511 3024 469 127 50 125 42 953 0 0 2 0 0 2 0 0 118 42 0 2 16 2 4 0 920 4080 457 41 53 3 0 0 0 5 2 4 708 3 13 0 1 2 1 5 51 5 71 87 295 171 216 182 628 8 0 0 6 24 11 1 2 1 309 14 9 52 44 86 14 17 46 11 59 0 21 9 186 6 806 449 807 109 11 53 28 2 10 209 123 56 79 91 127 235 21 8 33 19 315 299 9 844 10 18 88 124 251 588 0 0 0 0 1 0 1 0 0 0 0 5 3 0 2 0 0 0 34 2 119 238 1 50 0 0 14 5 0 0 0 25 33 1 4 0 1 1 2 1 3 11 0 1 3 11 3 12 63 20 6 53 52 0 1 1 0 1 39 11 5 5 1 1 7 3 4 0 382 41 13 2 0 215 8 1 8 2 38 9 1 93 190 53 11 0 1 1
10391 2852 28343 3769 391 3054 2873 8718 334 3663 470 21997 0 0 2 4 0 3 1 2 145 55 5 7 19 2 2 3 1271 523 135 48 54 6 1 0 2 6 3 4 862 5 15 1 2 0 4 12 74 9 146 177 697 331 500 319 141 18 1 0 13 34 19 2 6 4 454 27 25 105 62 102 25 17 93 15 185 3 31 5 320 23 1496 702 975 109 32 119 45 9 21 474 287 118 144 139 302 944 24 26 99 19 480 478 34 1282 53 46 216 417 540 963 0 0 0 0 3 0 0 0 0 0 1 1 7 1 1 0 0 0 35 3 117 221 1 44 0 1 11 6 0 1 0 14 33 1 4 0 3 1 5 1 8 8 0 8 3 8 10 7 49 14 6 35 42 1 0 1 0 2 49 14 8 2 2 4 6 5 3 0 599 54 27 2 2 254 7 7 18 4 33 6 5 63 449 80 15 1 2 1
1685 15733 3769 20735 6974 7538 182 73 20 50 36 2091 0 0 0 0 0 0 1 0 80 19 3 3 7 2 0 0 277 1622 2121 33 25 1 1 0 2 3 0 3 288 1 3 0 0 1 0 2 17 7 19 21 107 59 69 86 220 3 2 0 2 7 6 0 1 0 146 1 11 22 21 69 4 16 20 0 41 0 11 3 59 5 296 183 377 41 10 22 6 0 7 80 40 15 24 61 98 92 9 3 32 19 311 302 22 807 9 17 76 137 258 591 0 0 1 0 0 0 0 1 0 0 0 7 3 1 1 0 0 0 41 2 99 236 0 29 0 0 10 4 0 0 0 25 24 2 0 0 0 1 2 0 0 11 1 2 2 13 2 2 39 17 4 29 46 0 0 1 0 0 41 10 1 0 0 0 6 1 3 1 360 21 14 4 1 204 0 1 4 3 34 2 4 78 218 44 20 2 1 2
1864 2511 391 6974 11156 7955 1010 240 35 72 86 1775 0 1 0 4 0 4 2 0 191 60 6 9 42 0 8 1 2092 3711 9930 400 338 22 0 0 11 50 9 5 425 4 14 1 0 1 2 35 34 5 27 48 231 150 150 105 2440 19 0 2 10 32 15 6 6 2 762 9 52 30 23 175 86 19 137 37 71 0 63 1 105 7 543 372 554 116 17 33 23 5 20 112 57 29 51 1104 133 554 39 55 31 13 233 246 17 597 11 18 59 96 181 437 0 0 1 0 1 0 1 2 0 0 1 9 8 0 1 0 0 0 43 3 111 253 0 39 0 0 14 8 1 1 0 18 28 0 8 0 2 8 2 4 3 13 0 4 6 10 4 8 45 16 11 27 51 3 0 0 2 2 35 11 6 1 5 8 11 3 16 3 319 39 15 2 7 207 1 4 9 6 48 5 5 68 150 48 11 4 1 4
2535 3024 3054 7538 7955 18495 754 360 97 343 385 22661 0 1 2 3 0 1 3 2 294 86 3 4 37 2 5 1 727 988 2712 2029 1910 12 0 1 4 35 4 4 587 2 11 2 1 0 4 14 24 5 36 33 219 134 142 137 353 21 0 1 4 14 9 0 2 2 485 11 16 27 16 266 88 33 64 14 141 0 79 1 86 8 569 335 732 138 23 34 16 1 13 118 69 36 29 2752 466 375 32 56 95 27 680 674 42 1687 37 50 189 333 613 1327 0 0 1 0 4 0 2 2 0 1 0 17 9 0 2 0 0 0 81 7 218 491 2 99 0 0 25 21 2 3 0 38 54 0 2 0 1 6 2 2 1 32 2 5 14 28 4 14 107 50 16 66 111 2 0 1 1 3 96 24 17 2 2 5 17 8 15 0 925 72 38 5 5 536 0 1 7 12 92 8 3 154 473 104 31 8 1 4
11842 469 2873 182 1010 754 8372 10150 435 4743 1367 1538 0 0 1 1 0 0 1 1 30 19 0 3 11 0 5 0 1656 1904 727 63 61 9 0 0 7 16 4 2 91 0 6 1 6 1 0 40 7 3 27 30 623 266 326 42 554 10 1 1 4 19 14 3 5 1 159 10 42 20 11 69 14 16 118 14 226 0 35 1 62 6 538 140 107 28 10 17 7 4 13 60 54 13 19 397 691 2961 16 18 11 1 26 31 1 95 4 4 13 29 32 71 0 0 0 0 0 0 0 0 0 0 0 0 2 0 0 0 0 0 8 5 15 34 0 20 0 1 4 1 1 0 0 5 3 0 3 0 0 7 2 0 2 1 0 0 1 3 2 2 8 3 2 5 12 0 2 0 1 1 8 3 8 1 1 5 1 0 7 1 60 19 6 3 6 48 2 0 1 1 7 1 0 13 28 8 2 2 0 0
7328 127 8718 73 240 360 10150 21997 814 14118 2161 2525 0 0 0 0 0 1 1 0 16 4 0 0 2 0 1 0 559 183 65 15 18 5 0 0 1 4 0 2 178 0 6 0 2 0 0 2 14 4 42 64 730 257 415 68 40 3 1 0 1 9 6 0 1 1 86 6 10 25 10 18 7 9 17 1 247 0 4 1 88 4 792 162 150 13 9 20 4 5 6 119 70 20 20 84 825 1168 6 8 13 4 71 45 5 160 11 3 38 84 76 109 0 0 2 0 0 0 0 0 0 0 0 1 0 0 0 0 0 0 1 1 5 26 0 6 0 0 1 1 0 1 0 1 3 0 1 0 1 0 0 1 0 0 0 0 1 2 3 7 4 2 1 5 1 0 0 0 0 0 0 0 2 0 0 0 1 1 0 1 62 8 7 1 0 35 3 1 1 1 5 0 1 10 60 8 1 0 0 0
202 50 334 20 35 97 435 814 604 3324 540 742 4 0 0 0 0 0 1 0 31 11 2 0 9 0 1 1 88 74 21 18 71 0 0 0 0 2 0 0 21 1 3 1 90 9 0 2 3 83 4 23 143 21 52 6 26 6 0 0 1 2 3 0 0 12 46 2 0 5 1 257 11 89 3 1 543 14 73 12 14 50 59 21 30 5 7 53 29 44 46 7 3 0 5 48 2659 1029 8 5 2 2 14 6 0 18 0 1 6 3 1 19 0 0 1 1 0 0 0 0 0 1 0 0 0 0 1 0 0 0 1 0 2 5 2 7 0 0 7 7 0 0 0 3 1 0 1 0 1 0 2 0 3 0 0 3 10 0 7 3 7 4 0 2 2 0 1 0 1 1 4 0 2 3 1 8 0 0 9 1 17 15 4 1 7 22 1 1 3 0 2 4 0 3 13 1 0 0 0 0
482 125 3663 50 72 343 4743 14118 3324 22445 17251 26092 0 1 1 0 0 1 2 1 21 6 0 1 3 1 1 2 273 157 40 22 76 1 0 0 0 9 0 0 88 0 2 0 3 0 2 0 9 1 17 30 381 101 237 24 34 3 0 0 1 7 3 0 1 0 58 4 10 16 5 198 11 12 31 1 3635 0 15 2 55 6 368 112 86 15 8 11 3 2 5 64 60 9 17 51 2144 1696 2 4 82 17 418 364 22 1172 53 39 242 451 579 847 0 0 0 0 0 0 0 1 0 0 0 1 1 0 1 0 0 0 21 1 63 162 0 15 0 0 13 3 0 0 0 6 9 1 2 0 1 2 1 0 1 5 0 6 3 5 1 1 29 17 1 10 15 0 1 0 1 1 23 3 2 1 1 0 5 0 4 0 451 20 36 0 0 184 5 0 5 3 19 3 3 32 517 51 7 0 1 1
81 42 470 36 86 385 1367 2161 540 17251 5200 5342 0 0 0 1 0 0 2 0 15 7 0 0 3 0 3 1 129 40 25 29 65 0 0 0 0 2 0 1 70 1 2 2 3 0 0 3 3 1 7 10 180 47 115 22 19 2 0 0 2 5 6 0 1 0 62 3 4 9 5 232 14 7 11 1 529 0 18 1 30 2 183 57 57 8 6 6 1 0 2 29 27 4 9 47 1709 759 3 3 84 15 480 407 14 1189 27 30 192 365 508 822 0 1 0 0 0 0 0 0 0 0 0 1 2 0 2 0 0 0 26 4 86 263 0 28 0 0 7 6 0 1 0 19 22 0 4 1 2 0 1 0 2 8 0 6 4 16 0 7 56 15 6 28 35 0 0 1 0 0 43 12 3 1 0 0 3 1 6 1 535 31 34 2 2 243 1 2 5 1 37 4 1 56 507 56 12 0 1 0
775 953 21997 2091 1775 22661 1538 2525 742 26092 5342 36596 1 1 0 0 1 0 5 0 339 99 20 6 63 1 4 3 669 271 688 1410 4170 11 0 0 5 59 1 8 576 4 11 0 4 3 1 29 21 8 27 56 386 153 220 145 298 69 0 2 4 21 15 0 4 1 654 19 36 51 23 1531 211 99 148 23 1887 1 454 6 91 6 618 310 727 137 31 31 10 1 21 116 73 40 54 2608 3148 1170 59 65 245 68 1687 1765 112 4913 95 116 569 1069 1810 3506 0 0 5 0 3 0 0 0 1 0 0 26 29 2 5 0 0 1 216 16 515 1311 1 206 0 0 50 28 0 2 2 82 128 5 10 4 8 11 4 1 2 72 3 38 13 59 6 8 256 117 39 191 255 2 2 6 3 11 242 52 27 4 6 8 30 7 24 3 2412 180 124 13 5 1387 10 2 18 5 180 21 13 369 1649 279 65 10 5 7
0 0 0 0 0 0 0 0 4 0 0 1 3473 2 6 246 224 540 11126 331 0 0 1 23 1 1 52 55 0 0 0 0 20 1 2 2 25 473 40 0 24 4 27 4045 2332 2071 1 4 1 19 0 0 0 0 0 0 1 2 2 0 16 5 5 24 46 2059 2 3 14 0 1 75 292 1307 4 6 366 104 533 2 1 5 3 1 2 1 1 7 11 17 135 0 0 0 9 1 32 11 0 0 0 0 0 0 1 1 0 0 0 0 0 2 26 121 958 14 18 115 11 1059 38 511 27 1 1 0 4 3 0 93 0 0 1 3 0 7 7 2 32 83 297 7 72 1 0 16 40 97 129 2119 2 2 9 0 0 2 2 0 0 0 1 4 0 0 4 3 126 36 11 338 4 9 17 3 8 79 2 0 103 1 1 5 404 3 7 3 1 1 2 1 0 21 2 4 1 0 0 0 1 0
0 0 0 0 1 1 0 0 0 1 0 1 2 8726 15485 310 183 121 125 149 15 30 233 609 14 93 3458 2041 12 0 7 1 13 51 2460 6848 1301 45 92 432 533 20 181 9 0 9 177 6 18 2 1 0 3 3 3 0 11 321 3652 111 34 24 26 83 143 2 33 563 225 3 3 2 17 124 143 19 0 1 6 0 3 0 9 9 10 5 7 0 5 2 9 17 2 2 46 9 0 0 0 0 0 1 0 0 0 1 0 0 0 0 0 2 36 80 66 57 63 271 111 247 108 875 341 4 5 8 17 15 11 113 1 2 2 6 0 11 124 46 85 176 7 248 6 0 2 15 3 2 189 60 59 3 2 0 0 0 0 0 0 0 1 0 0 0 2 36 10 44 12 1 3 3 3 25 6 18 3 0 5 0 3 49 57 4 2 16 0 1 3 1 0 3 2 0 0 0 3 2 1 2
0 2 2 0 0 2 1 0 0 1 0 0 6 15485 22796 8521 698 3054 259 2072 58 69 980 655 20 134 1493 3226 15 0 9 1 13 56 633 1868 834 95 435 188 2672 153 326 14 5 37 38 92 140 7 0 0 2 1 2 1 5 317 1171 61 190 94 79 77 129 10 23 243 342 35 17 5 17 120 181 201 2 1 10 0 12 0 6 4 16 10 8 19 56 10 91 93 7 19 264 19 0 4 3 3 0 3 0 0 0 0 0 1 1 1 1 1 61 114 84 111 71 235 146 203 145 770 332 5 5 17 25 30 30 167 1 1 0 12 1 5 161 74 117 205 18 370 28 1 3 33 11 9 210 129 67 3 2 1 2 9 0 1 0 0 0 1 0 3 3 58 12 66 23 3 2 1 6 25 21 31 3 4 26 9 4 54 78 2 23 22 1 6 5 0 2 13 7 2 0 1 2 1 0 3
3 0 4 0 4 3 1 0 0 0 1 0 246 310 8521 12449 167 3433 2145 2103 17 37 216 540 10 47 964 2985 20 1 21 7 29 53 64 179 608 230 1324 73 1372 155 340 9 10 293 37 79 153 1 1 1 4 6 4 2 19 291 61 28 104 112 101 51 139 29 28 176 194 36 17 1 23 57 188 130 1 1 11 0 14 0 0 10 13 12 15 18 75 18 90 116 8 17 294 31 1 1 1 0 0 0 0 0 0 0 0 0 0 0 0 3 146 426 517 46 30 288 21 899 66 968 69 0 1 6 7 33 27 632 4 1 0 4 3 9 136 8 67 74 330 84 84 2 2 39 15 40 221 767 8 9 17 1 1 7 0 2 0 1 1 0 1 2 0 4 19 93 35 20 0 2 7 11 38 91 1 7 53 9 3 28 134 1 31 11 0 3 6 0 0 27 4 2 0 0 1 0 0 0
0 0 0 0 0 0 0 0 0 0 0 1 224 183 698 167 1247 257 807 1716 47 47 278 69 20 72 37 30 2 1 0 0 3 11 32 179 1466 663 78 94 497 15 40 41 60 274 44 26 7 7 0 0 0 0 0 0 2 19 69 2 57 19 15 11 14 30 4 20 34 5 2 1 10 150 10 32 2 15 4 4 1 6 2 6 9 1 3 12 9 7 66 3 1 2 25 10 1 1 5 2 1 0 0 1 2 1 0 1 0 0 0 1 35 37 40 82 111 68 135 44 114 234 184 14 7 13 37 17 20 50 1 0 3 11 6 17 69 72 136 242 7 360 8 2 10 15 5 6 125 49 116 2 5 0 0 0 0 0 0 0 1 1 0 1 3 103 5 30 13 5 12 3 5 65 9 22 0 0 17 3 6 73 65 2 10 33 0 2 4 3 2 5 2 1 1 1 4 2 3 9
2 2 3 0 4 1 0 1 0 1 0 0 540 121 3054 3433 257 16316 5863 568 13 41 162 1732 45 33 2352 1218 30 4 13 1 44 27 63 109 348 585 6252 102 2033 416 1406 113 42 1858 93 391 187 8 1 2 8 5 2 7 12 132 44 10 1660 188 193 738 467 171 48 95 512 51 38 4 95 66 107 836 3 2 9 0 30 0 12 20 18 26 32 47 134 17 480 138 15 24 368 29 0 4 3 2 0 2 0 0 0 1 0 0 0 0 1 3 155 779 1664 52 30 253 32 1219 110 884 51 3 1 4 8 33 7 718 2 4 2 7 11 34 59 6 69 200 750 36 357 8 3 48 139 169 280 2309 9 13 25 1 1 15 1 1 0 0 2 4 0 1 29 4 181 174 63 118 4 6 22 13 51 313 3 4 183 27 3 13 133 10 88 9 0 9 15 1 3 47 11 5 0 1 2 2 2 1
0 0 1 1 2 3 1 1 1 2 2 5 11126 125 259 2145 807 5863 46037 8119 60 75 235 612 54 227 1465 476 5 2 2 7 70 11 231 15 268 3248 229 452 658 120 538 5990 2515 3824 112 150 86 163 1 18 4 2 0 3 6 19 58 0 242 205 195 189 166 989 18 60 107 43 39 11 259 5088 20 211 51 1013 83 22 23 95 10 16 20 28 28 153 228 172 2170 64 2 7 344 18 7 1 6 3 1 6 0 0 8 12 1 2 1 3 0 23 602 1703 2956 396 235 1660 426 3981 750 6649 1140 31 34 84 85 201 130 2134 6 6 6 57 9 79 787 205 589 974 1008 1300 409 13 32 194 104 321 1811 3130 259 40 55 5 9 25 12 3 8 2 3 3 1 4 25 238 135 462 173 273 18 9 41 139 140 382 9 20 325 44 27 390 2048 20 145 137 5 10 22 11 5 137 33 18 10 6 14 11 6 27
0 0 2 0 0 2 1 0 0 1 0 0 331 149 2072 2103 1716 568 8119 5624 37 35 282 234 33 160 187 36 4 0 1 2 7 12 83 81 290 133 194 256 650 45 157 39 47 338 31 33 62 10 1 1 0 0 0 2 2 12 34 1 90 67 45 28 12 23 6 8 42 16 10 0 10 155 6 70 0 48 7 1 8 7 0 4 5 5 4 16 31 15 67 30 4 11 124 3 2 1 1 0 0 0 1 1 1 2 0 0 0 0 0 2 119 187 107 157 78 136 185 120 209 701 301 6 6 37 26 66 50 277 1 1 4 5 1 19 288 113 99 248 21 573 35 1 6 38 12 10 301 77 101 11 13 1 1 3 1 1 1 0 2 0 0 0 5 93 7 96 40 4 1 3 3 45 24 39 3 4 23 4 7 101 134 4 9 40 0 1 2 4 2 11 9 1 2 3 3 3 1 3
73 118 145 80 191 294 30 16 31 21 15 339 0 15 58 17 47 13 60 37 11125 11410 5560 211 1017 399 120 12 100 86 291 136 458 235 14 11 187 595 18 242 1216 46 182 21 5 14 142 42 39 4 2 5 17 11 61 2402 79 215 57 10 53 259 237 28 25 2 82 303 119 58 22 243 785 305 805 34 188 6 354 0 33 0 997 72 4708 276 189 14 23 7 53 38 17 7 193 624 124 67 1277 97 4 0 16 8 2 19 2 2 0 3 3 25 5 4 8 5 58 6 28 7 26 8 25 16 14 2 12 0 1 6 9 0 13 59 4 63 2 16 133 195 1 60 1 6 16 4 6 2 51 20 52 1 4 2 0 2 2 3 1 3 16 8 1 3 19 27 4 7 5 2 16 6 18 43 4 12 2 1 15 5 57 140 71 17 10 173 2 1 4 4 11 7 2 16 9 6 13 2 1 18
21 42 55 19 60 86 19 4 11 6 7 99 0 30 69 37 47 41 75 35 11410 27380 4925 852 5931 2770 475 15 52 29 85 68 366 248 37 15 152 583 54 2892 950 144 808 23 8 43 242 40 85 5 5 9 35 22 51 377 30 144 104 11 182 647 859 113 33 14 172 269 166 99 27 141 642 340 449 83 116 8 258 0 41 2 667 310 4905 1461 338 19 43 18 125 77 28 37 778 298 61 49 5536 275 0 1 3 2 1 6 1 3 1 1 2 18 8 1 5 12 87 12 52 14 46 36 63 4 12 6 19 2 2 9 5 1 9 35 2 38 13 35 188 253 4 86 3 6 12 6 8 1 56 35 64 1 5 0 1 3 0 5 3 1 5 3 1 3 7 43 8 22 9 6 12 8 17 59 16 27 4 4 22 2 29 123 58 13 42 104 0 2 10 2 10 15 3 7 5 2 4 1 1 13
3 0 5 3 6 3 0 0 2 0 0 20 1 233 980 216 278 162 235 282 5560 4925 9766 7831 462 6000 354 30 6 2 7 17 211 219 34 51 466 812 67 1402 6064 856 519 46 1 21 157 15 154 5 1 1 6 4 3 25 4 41 61 10 78 80 75 17 1 3 19 90 20 26 4 45 420 154 86 32 43 4 110 1 9 0 39 32 223 51 59 24 23 6 37 83 11 14 259 53 17 4 99 8 1 0 1 1 1 2 0 0 0 0 0 5 4 0 9 11 32 17 17 7 16 45 28 4 2 0 13 2 2 5 2 1 3 10 2 18 12 20 56 90 0 56 1 4 2 2 2 1 35 17 35 3 1 1 0 2 0 3 0 0 2 2 0 1 2 23 3 7 4 2 3 2 6 17 15 6 0 1 12 1 9 50 25 6 12 38 0 3 4 2 2 5 2 4 0 0 5 0 0 9
4 2 7 3 9 4 3 0 0 1 0 6 23 609 655 540 69 1732 612 234 211 852 7831 13335 901 5240 4555 379 51 2 6 7 24 17 1011 261 127 147 927 6379 3976 3948 1994 28 8 688 2171 22 443 6 1 2 33 29 18 18 15 59 487 5 1557 162 294 726 223 65 228 467 187 50 12 10 52 69 80 111 3 1 11 0 25 1 80 157 245 204 413 23 35 8 410 187 18 28 541 36 2 0 73 12 0 1 0 0 2 0 0 0 0 0 1 1 9 18 93 10 8 64 18 172 19 180 80 2 1 0 4 2 3 23 2 1 0 3 0 7 15 8 39 59 42 55 22 2 1 4 19 5 39 316 15 2 7 0 2 2 0 0 3 1 1 0 0 0 4 13 41 23 15 28 1 1 5 7 14 68 0 2 69 8 1 9 35 1 30 8 0 4 2 0 1 17 1 3 2 0 0 0 2 1
13 16 19 7 42 37 11 2 9 3 3 63 1 14 20 10 20 45 54 33 1017 5931 462 901 8780 2502 466 33 143 16 41 46 111 54 55 4 62 158 50 2827 396 94 665 9 5 47 1305 30 45 5 15 7 99 131 71 171 50 80 42 10 178 366 605 131 45 11 1002 197 199 67 20 70 168 357 346 35 53 0 124 1 49 1 710 1036 2868 2701 2307 25 23 4 102 74 28 18 350 192 31 34 4963 1545 0 0 2 1 2 7 0 0 2 0 2 9 5 3 7 10 91 14 45 11 55 51 68 8 11 3 23 2 2 4 3 2 4 25 6 38 9 33 220 306 1 94 3 1 15 4 5 0 89 37 75 0 6 0 0 4 1 0 0 3 2 3 0 2 10 50 11 12 4 3 10 4 14 50 10 26 4 1 16 4 21 102 69 12 17 75 0 2 4 2 6 6 1 4 1 1 3 2 1 5
3 2 2 2 0 2 0 0 0 1 0 1 1 93 134 47 72 33 227 160 399 2770 6000 5240 2502 2449 719 14 5 0 0 0 5 4 370 14 39 97 24 8587 1207 172 254 22 1 18 159 5 43 0 2 1 8 8 9 21 2 3 51 0 31 39 48 17 3 1 49 29 6 12 2 4 26 127 12 7 2 0 6 0 6 0 86 81 250 108 67 5 11 6 24 25 6 6 112 9 0 2 53 5 0 0 0 0 0 0 0 0 0 0 0 1 10 9 9 23 33 69 54 49 56 159 137 4 1 3 10 8 4 15 0 0 0 3 1 2 31 30 64 127 1 119 3 1 2 5 1 2 68 22 32 1 2 0 0 2 1 0 0 0 0 0 0 0 0 22 1 9 5 2 0 0 1 8 5 2 0 0 1 1 1 24 35 0 5 7 0 0 2 1 2 0 1 0 0 1 0 1 0 0
3 4 2 0 8 5 5 1 1 1 3 4 52 3458 1493 964 37 2352 1465 187 120 475 354 4555 466 719 33610 12372 213 5 20 4 15 19 5049 451 130 101 781 4573 479 115 803 26 14 508 1401 31 34 0 4 6 97 102 54 35 73 133 1049 15 441 212 449 1319 1300 63 820 1132 482 24 1 3 38 105 129 39 1 1 11 0 20 0 206 335 344 368 420 8 21 3 100 55 19 4 124 39 2 4 99 34 0 0 1 0 2 0 0 0 0 0 0 2 106 374 532 55 37 689 55 1738 111 2021 255 2 0 9 10 36 22 493 3 3 2 5 2 10 153 22 79 147 300 126 105 1 6 28 25 36 267 1060 16 4 11 2 1 3 0 0 0 1 1 0 1 0 8 7 66 81 35 38 0 2 5 9 26 94 2 0 59 7 3 26 219 6 14 9 1 1 2 1 0 25 3 5 0 0 0 0 0 0
0 0 3 0 1 1 0 0 1 2 1 3 55 2041 3226 2985 30 1218 476 36 12 15 30 379 33 14 12372 9592 150 1 30 2 14 42 178 407 125 43 3120 37 191 27 115 6 23 370 238 76 9 2 3 0 37 28 10 5 122 459 636 36 232 105 124 528 2801 87 443 1213 1534 13 7 0 16 57 267 30 1 0 5 0 2 0 31 64 37 74 99 7 19 5 43 13 1 3 42 21 1 3 21 8 0 0 0 0 4 0 0 0 0 0 1 4 87 390 819 39 30 359 33 1931 62 998 116 2 1 6 8 20 2 336 4 0 1 1 6 19 55 10 46 143 630 61 172 1 2 20 41 62 182 2316 7 2 4 1 0 1 0 1 0 0 2 0 0 2 11 9 142 68 28 59 1 3 7 4 12 112 0 3 108 5 3 11 158 3 12 3 1 5 4 0 0 23 1 2 1 2 1 1 0 2
5639 920 1271 277 2092 727 1656 559 88 273 129 669 0 12 15 20 2 30 5 4 100 52 6 51 143 5 213 150 33646 12232 4348 145 276 90 36 1 29 106 83 70 176 10 108 0 11 16 22 446 13 5 18 48 3674 5385 1156 48 6092 254 6 2 71 700 530 68 340 8 6031 339 1722 101 39 231 248 256 3508 147 261 0 313 7 108 4 1222 1965 213 65 623 20 29 14 84 74 45 19 134 1604 166 3706 143 634 18 10 68 72 11 152 6 16 27 30 50 142 0 0 10 0 13 0 1 12 4 5 2 34 28 0 7 1 0 4 57 11 93 338 11 236 0 1 114 54 4 12 8 39 69 13 25 1 12 77 27 3 4 28 1 8 11 35 4 5 109 59 13 39 143 5 19 22 6 9 101 12 95 34 25 64 15 6 55 8 329 360 139 49 64 573 3 1 9 7 99 23 3 84 51 40 50 6 4 10
7903 4080 523 1622 3711 988 1904 183 74 157 40 271 0 0 0 1 1 4 2 0 86 29 2 2 16 0 5 1 12232 24810 4291 43 63 10 1 0 5 18 2 4 462 1 8 2 3 0 0 21 33 6 65 70 506 292 312 128 11432 13 1 1 5 35 14 6 5 0 889 16 50 53 17 69 27 27 131 19 48 0 28 2 146 5 867 415 571 85 20 51 17 2 19 170 114 43 57 606 67 1254 25 25 20 4 87 79 10 273 10 3 41 58 100 171 0 1 1 0 2 0 0 0 0 0 0 1 2 1 1 0 0 0 16 3 27 79 0 24 0 1 5 1 0 0 2 5 12 0 1 0 2 2 0 3 2 10 0 5 7 4 3 6 31 12 2 12 26 0 1 2 2 1 30 2 7 2 3 3 5 3 5 0 136 26 16 3 3 87 3 4 9 2 19 1 3 34 57 20 8 0 1 1
525 457 135 2121 9930 2712 727 65 21 40 25 688 0 7 9 21 0 13 2 1 291 85 7 6 41 0 20 30 4348 4291 17262 63 133 65 1 0 51 79 44 4 720 13 30 0 5 6 6 129 33 4 39 63 498 370 208 168 12615 74 7 6 28 112 48 7 46 5 4152 47 450 51 37 80 93 27 3532 110 44 1 49 4 108 5 848 647 996 349 128 53 32 7 46 145 84 28 59 2589 66 704 334 3622 7 5 83 68 10 153 0 3 21 14 48 126 0 2 9 0 2 2 0 6 1 1 2 9 3 0 0 0 0 0 11 3 34 111 1 26 0 0 6 9 3 0 3 10 17 4 6 1 2 25 2 7 8 5 1 3 5 6 1 13 36 12 2 15 29 0 6 6 2 4 26 4 6 0 8 22 4 3 26 7 119 31 16 3 25 105 2 3 7 1 22 13 3 39 45 15 6 0 1 1
50 41 48 33 400 2029 63 15 18 22 29 1410 0 1 1 7 0 1 7 2 136 68 17 7 46 0 4 2 145 43 63 5932 5794 110 1 0 19 114 4 6 82 3 8 1 0 0 7 20 4 0 3 7 46 32 22 23 73 3007 2 7 3 8 3 2 2 1 200 22 15 5 3 655 543 26 1716 23 92 1 196 0 19 2 88 37 129 30 21 8 9 2 8 22 9 2 13 6793 174 67 38 19 18 7 69 75 9 173 1 5 10 26 52 192 0 0 0 0 0 1 1 1 0 1 1 10 3 2 3 0 0 1 34 2 54 157 0 56 0 0 21 15 0 2 0 12 20 1 1 1 3 2 2 3 0 14 0 3 7 14 1 5 52 19 2 22 44 0 1 3 1 1 38 11 15 5 2 9 13 3 4 1 192 48 24 2 8 201 6 1 2 1 43 6 3 54 77 24 17 2 0 2
46 53 54 25 338 1910 61 18 71 76 65 4170 20 13 13 29 3 44 70 7 458 366 211 24 111 5 15 14 276 63 133 5794 10008 6155 1 1 138 1233 38 12 366 7 34 51 19 46 31 41 7 4 9 7 83 39 50 41 96 3716 52 682 23 24 18 6 9 6 279 461 68 19 7 2658 1897 181 3547 71 255 4 410 1 34 2 190 85 265 43 49 24 15 2 78 34 21 7 28 4724 481 144 70 29 29 9 123 100 22 287 7 5 20 35 78 330 2 6 5 6 61 2 21 20 29 10 12 37 31 1 11 0 0 3 57 8 97 386 12 190 7 12 182 139 4 55 3 41 63 3 6 0 37 35 85 4 6 21 0 4 12 31 3 12 111 42 7 48 101 24 13 16 4 3 105 16 96 75 6 21 19 3 21 2 351 318 83 37 12 439 4 1 4 6 101 12 8 136 90 50 37 2 5 33
5 3 6 1 22 12 9 5 0 1 0 11 1 51 56 53 11 27 11 12 235 248 219 17 54 4 19 42 90 10 65 110 6155 6425 16 7 1895 1300 53 15 179 8 22 4 1 10 161 37 4 0 2 8 38 18 35 19 21 6625 1076 3947 23 13 6 12 13 4 83 3571 155 6 6 40 212 75 2280 57 12 2 43 0 17 1 89 45 111 30 43 11 10 0 17 9 10 6 11 406 3 14 26 14 4 3 2 9 3 9 0 2 0 0 0 10 4 1 10 4 83 6 24 4 35 8 15 14 20 3 12 0 0 2 7 2 5 47 6 94 2 13 234 284 9 53 5 3 14 2 7 0 53 26 85 1 1 1 0 1 2 2 0 2 17 5 1 4 14 28 8 3 3 2 30 2 55 65 1 11 1 1 7 4 23 176 37 39 5 118 1 0 1 4 11 6 1 6 6 5 9 3 3 25
1 0 1 1 0 0 0 0 0 0 0 0 2 2460 633 64 32 63 231 83 14 37 34 1011 55 370 5049 178 36 1 1 1 1 16 4367 3909 99 36 37 2636 68 18 382 8 1 16 2336 5 6 1 0 1 6 20 5 5 10 98 3193 23 43 28 63 134 75 4 99 731 91 8 3 1 21 77 44 5 0 0 8 0 6 0 34 36 34 36 51 0 2 2 12 5 0 1 55 3 0 2 12 1 1 0 0 0 2 0 0 0 0 0 0 1 36 90 68 53 44 253 83 195 117 638 208 5 3 8 17 22 18 117 1 0 0 1 0 5 110 43 66 162 18 221 7 1 4 20 2 5 162 51 47 1 2 0 0 0 0 1 0 0 1 0 0 0 2 42 5 37 18 2 1 2 1 21 8 16 0 0 7 2 3 34 50 1 2 12 0 0 1 1 0 6 1 1 0 1 4 2 0 2
0 0 0 0 0 1 0 0 0 0 0 0 2 6848 1868 179 179 109 15 81 11 15 51 261 4 14 451 407 1 0 0 0 1 7 3909 1261 152 10 88 683 88 6 134 2 0 10 245 22 2 0 0 1 0 1 0 0 1 23 2172 17 40 14 42 95 133 1 3 258 218 1 0 0 1 12 18 24 1 0 1 0 2 0 0 4 0 2 1 1 2 0 14 1 0 1 17 0 0 0 0 0 0 0 0 0 0 0 0 0 0 0 0 0 8 8 4 16 30 22 34 22 43 69 62 3 0 4 8 0 5 10 0 0 0 2 1 5 17 30 25 64 0 105 3 0 0 7 3 1 43 36 36 1 1 0 0 0 0 0 0 0 0 0 0 1 1 30 4 6 4 0 3 0 2 21 2 8 0 0 5 0 2 13 8 1 2 6 0 0 0 0 2 1 1 1 0 0 0 2 0 2
5 0 2 2 11 4 7 1 0 0 0 5 25 1301 834 608 1466 348 268 290 187 152 466 127 62 39 130 125 29 5 51 19 138 1895 99 152 6421 2460 305 105 737 38 119 9 16 136 468 71 15 3 3 5 10 8 7 12 24 1815 1980 968 167 41 27 41 60 13 29 2368 229 10 7 7 68 183 769 164 11 5 22 0 8 1 44 20 77 25 58 10 31 5 76 15 5 4 40 157 2 3 24 4 2 3 3 1 4 4 0 0 0 0 0 8 28 17 37 39 329 26 144 45 154 87 140 38 45 13 72 9 13 31 4 7 6 70 9 118 37 110 465 768 14 363 11 2 22 12 5 3 213 101 360 2 3 1 1 1 1 1 0 1 13 3 1 0 16 157 16 21 10 6 20 14 46 243 8 23 1 4 30 3 14 274 95 42 24 67 1 1 1 17 8 12 2 10 4 3 27 12 4 41
10 5 6 3 50 35 16 4 2 9 2 59 473 45 95 230 663 585 3248 133 595 583 812 147 158 97 101 43 106 18 79 114 1233 1300 36 10 2460 12894 313 147 838 55 178 266 314 787 154 142 27 22 9 13 63 26 48 34 43 1986 231 303 233 94 68 54 32 111 118 785 114 15 24 290 2870 902 1522 184 58 108 199 5 34 17 124 79 211 57 89 58 101 50 636 45 14 10 103 719 17 27 47 20 9 6 9 13 16 14 2 6 2 2 5 29 84 92 108 118 507 138 352 129 358 417 401 77 81 27 113 27 32 97 15 7 17 155 29 259 143 213 982 1365 34 717 26 13 47 49 25 17 525 247 547 12 14 7 1 12 5 11 2 5 23 11 0 8 40 280 36 94 42 30 52 13 122 389 42 96 7 5 97 13 74 730 355 109 73 338 5 5 9 26 31 38 6 27 12 11 51 23 8 87
4 2 3 0 9 4 4 0 0 0 0 1 40 92 435 1324 78 6252 229 194 18 54 67 927 50 24 781 3120 83 2 44 4 38 53 37 88 305 313 15885 61 1541 425 1079 29 53 571 95 532 108 2 2 2 17 11 4 6 80 422 62 22 7367 219 118 696 5926 82 139 355 9155 21 38 8 59 35 324 968 2 0 11 1 9 0 30 32 46 26 38 45 84 15 379 116 4 15 196 58 3 1 11 4 0 0 0 0 2 1 0 0 0 0 0 0 33 247 763 24 26 91 24 1090 37 300 45 4 0 1 5 20 1 190 7 7 1 7 5 28 13 6 37 126 494 18 243 6 2 45 154 57 76 2840 8 2 19 2 1 11 0 1 0 1 2 6 0 1 21 2 342 138 83 97 6 11 32 19 40 372 2 2 281 19 0 8 69 9 89 7 0 2 9 2 2 54 8 10 0 1 1 1 1 2
4 4 4 3 5 4 2 2 0 0 1 8 0 432 188 73 94 102 452 256 242 2892 1402 6379 2827 8587 4573 37 70 4 4 6 12 15 2636 683 105 147 61 4751 658 287 1138 46 2 45 2727 17 94 1 4 3 55 72 35 27 16 51 699 12 153 64 138 76 20 7 346 346 43 22 3 3 50 363 28 24 4 1 20 0 13 2 198 287 394 333 206 7 14 7 49 66 10 13 264 7 0 1 109 22 0 1 0 0 1 0 0 0 0 0 0 2 44 48 44 114 162 255 230 115 227 677 486 6 8 23 39 25 22 60 0 1 4 14 2 9 150 121 223 428 0 478 14 0 4 28 3 7 297 47 119 6 4 1 1 2 0 0 0 0 2 1 0 1 3 96 7 50 19 4 7 4 3 64 12 16 1 2 9 2 2 83 123 2 4 31 0 1 0 1 2 9 2 1 1 2 6 3 1 10
616 708 862 288 425 587 91 178 21 88 70 576 24 533 2672 1372 497 2033 658 650 1216 950 6064 3976 396 1207 479 191 176 462 720 82 366 179 68 88 737 838 1541 658 5630 3802 2063 105 76 419 186 308 2907 117 293 170 73 17 1560 519 330 260 41 9 1710 585 306 45 78 90 153 312 783 501 475 177 490 248 1053 788 217 10 271 15 779 85 586 113 800 185 204 779 822 177 1566 4873 675 870 2272 664 99 89 196 65 11 6 14 15 5 45 2 2 3 8 13 47 5 22 61 15 41 12 19 68 17 58 30 19 14 6 10 2 2 13 20 8 29 109 4 96 6 6 125 132 21 50 15 13 30 37 65 3 44 237 49 82 137 17 5 26 25 20 40 99 44 20 4 2 39 27 71 85 41 34 39 16 40 37 81 195 42 112 190 31 105 199 77 32 175 248 81 85 280 5 29 195 31 33 18 8 15 5 2 11
2 3 5 1 4 2 0 0 1 0 1 4 4 20 153 155 15 416 120 45 46 144 856 3948 94 172 115 27 10 1 13 3 7 8 18 6 38 55 425 287 3802 3052 4480 15 21 173 133 36 1017 9 2 2 2 5 4 3 11 24 8 2 780 45 23 10 19 44 26 17 260 27 16 2 15 10 42 228 5 1 6 0 13 0 12 14 26 17 37 45 79 17 656 373 24 35 284 21 4 2 8 1 0 0 0 0 0 0 0 0 0 0 0 0 0 9 23 1 2 2 3 16 3 13 9 0 1 0 0 2 2 4 0 0 0 1 0 1 0 1 7 12 7 5 4 1 1 14 43 2 9 92 2 4 12 0 2 6 1 0 2 0 0 1 0 1 4 3 31 28 14 13 0 0 3 2 14 89 0 0 74 6 0 4 10 0 51 0 0 3 10 0 0 17 4 2 0 0 0 0 0 0
13 13 15 3 14 11 6 6 3 2 2 11 27 181 326 340 40 1406 538 157 182 808 519 1994 665 254 803 115 108 8 30 8 34 22 382 134 119 178 1079 1138 2063 4480 8591 89 179 1271 1442 221 2046 28 10 8 47 37 23 24 47 56 288 2 5318 340 1747 5745 302 414 316 420 2172 116 48 18 94 63 120 1572 46 4 42 2 44 1 139 235 309 233 373 117 176 129 5378 522 58 104 2465 85 17 10 94 22 0 0 0 0 1 3 0 1 1 0 0 3 4 15 84 15 18 27 20 122 23 93 38 3 4 1 6 7 2 15 2 6 0 6 5 22 7 14 29 62 32 34 41 2 0 86 266 6 52 764 16 20 59 2 6 36 0 1 2 3 1 1 0 2 24 16 219 268 102 130 4 18 28 14 149 809 3 3 677 81 2 11 23 10 476 10 2 22 20 0 0 99 13 3 0 0 1 3 0 1
1 0 1 0 1 2 1 0 1 0 2 0 4045 9 14 9 41 113 5990 39 21 23 46 28 9 22 26 6 0 2 0 1 51 4 8 2 9 266 29 46 105 15 89 10141 6458 889 30 95 18 769 7 80 2 1 2 3 2 3 9 0 86 86 77 12 3 627 7 24 48 15 27 269 2451 2610 4 114 1052 3306 6678 80 48 384 4 3 10 6 7 392 262 532 2280 22 4 8 113 8 23 5 4 0 2 2 1 0 2 1 0 0 3 0 1 3 19 56 139 53 144 152 139 254 182 593 260 18 25 13 50 10 5 53 4 4 4 29 2 39 81 76 323 444 34 276 20 4 13 37 37 8 337 261 142 19 42 1 1 14 45 7 40 29 3 1 1 0 2 93 38 87 31 68 19 5 15 76 75 118 6 12 174 33 14 198 408 11 147 58 6 14 28 8 0 87 8 2 2 0 16 4 3 15
1 1 2 0 0 1 6 2 90 3 3 4 2332 0 5 10 60 42 2515 47 5 8 1 8 5 1 14 23 11 3 5 0 19 1 1 0 16 314 53 2 76 21 179 6458 9634 2160 9 104 52 5180 9 154 10 6 7 1 7 4 0 0 97 211 168 61 72 4344 14 7 256 71 60 401 572 872 7 100 3352 1332 2042 164 166 453 6 4 1 4 2 1183 670 4005 3356 39 4 20 221 4 655 174 2 0 1 0 5 2 2 6 0 1 0 4 3 8 2 18 340 7 11 15 7 193 26 43 21 0 0 1 6 10 2 11 11 8 1 3 4 28 1 3 21 39 55 22 144 26 4 193 570 28 69 2504 13 63 236 4 8 142 79 13 68 70 3 5 2 2 22 3 545 614 255 508 17 21 46 18 497 1428 25 51 1836 293 7 12 24 8 1265 32 35 129 179 2 1 633 43 6 5 2 3 0 1 0
0 2 0 1 1 0 1 0 9 0 0 3 2071 9 37 293 274 1858 3824 338 14 43 21 688 47 18 508 370 16 0 6 0 46 10 16 10 136 787 571 45 419 173 1271 889 2160 7170 72 56 58 9 1 1 9 5 5 5 13 16 14 0 243 72 86 852 550 1581 87 38 178 11 15 25 290 85 21 104 123 15 146 1 11 2 19 25 25 37 31 15 54 13 1964 54 2 8 153 19 29 9 11 2 0 0 0 0 1 3 0 0 0 0 1 1 23 192 1937 19 36 55 26 1124 74 270 29 1 1 2 5 40 3 131 8 17 2 4 7 46 11 6 49 173 505 16 437 8 2 123 479 197 140 5345 12 5 22 1 3 12 0 1 0 1 6 12 0 5 30 5 624 402 118 505 8 17 65 28 31 850 0 2 581 19 1 11 79 18 81 6 1 2 11 2 2 40 9 8 1 1 0 3 3 3
3 1 4 0 2 4 0 0 0 2 0 1 1 177 38 37 44 93 112 31 142 242 157 2171 1305 159 1401 238 22 0 6 7 31 161 2336 245 468 154 95 2727 186 133 1442 30 9 72 2826 27 59 2 2 1 19 13 11 11 5 84 1469 28 249 147 509 519 372 10 129 2316 446 25 7 14 55 317 51 32 7 0 27 0 5 1 61 66 124 130 3279 4 16 5 115 24 5 11 280 7 1 3 80 48 0 1 1 1 0 5 0 2 2 0 0 6 30 25 25 77 299 81 263 52 206 185 311 23 24 12 77 9 11 20 3 5 5 31 12 45 78 152 392 764 10 496 5 3 11 18 6 6 292 80 286 4 2 0 0 0 0 1 0 2 4 2 0 2 4 180 10 33 9 8 9 3 21 186 14 32 3 0 27 1 8 152 115 21 8 39 1 1 6 9 1 8 3 3 2 1 14 9 1 16
14 5 12 2 35 14 40 2 2 0 3 29 4 6 92 79 26 391 150 33 42 40 15 22 30 5 31 76 446 21 129 20 41 37 5 22 71 142 532 17 308 36 221 95 104 56 27 32186 232 110 3 15 67 53 33 17 369 289 13 7 643 13410 1262 114 146 74 770 176 8743 1074 2347 28 102 20 632 12416 18 3 44 4 532 13 86 93 88 62 23 1151 4287 259 2160 150 24 145 885 369 6 48 16 18 0 1 0 0 0 3 0 6 1 0 0 0 1 1 11 2 10 10 4 22 3 13 10 1 1 1 7 3 1 4 11 15 0 0 2 19 3 7 18 18 5 18 11 19 7 279 157 6 30 106 26 270 1093 5 13 470 11 4 28 30 3 5 0 4 13 9 120 675 447 83 18 24 30 18 1055 563 28 186 1145 241 1 18 17 9 1695 58 57 256 554 4 3 1684 225 5 7 2 2 3 0 4
44 51 74 17 34 24 7 14 3 9 3 21 1 18 140 153 7 187 86 62 39 85 154 443 45 43 34 9 13 33 33 4 7 4 6 2 15 27 108 94 2907 1017 2046 18 52 58 59 232 10107 46 104 15 5 4 25 14 19 20 10 1 267 443 251 14 9 29 26 19 187 311 166 8 18 21 46 491 21 2 27 2 328 6 31 15 38 22 29 340 719 143 827 6512 475 2032 7963 42 14 8 5 4 0 0 0 0 0 2 0 0 0 0 0 2 0 1 5 1 2 4 3 8 2 14 3 0 1 2 1 0 0 4 2 2 0 3 1 6 2 1 8 13 1 9 4 2 1 24 20 1 5 36 4 25 74 2 2 37 6 1 8 11 1 0 1 0 5 1 20 73 31 15 3 3 10 2 119 80 3 11 152 30 7 8 7 2 174 20 9 36 50 0 0 147 17 0 0 0 1 0 0 0
3 5 9 7 5 5 3 4 83 1 1 8 19 2 7 1 7 8 163 10 4 5 5 6 5 0 0 2 5 6 4 0 4 0 1 0 3 22 2 1 117 9 28 769 5180 9 2 110 46 7743 41 1269 11 2 6 3 5 3 0 0 29 321 72 5 1 1819 13 1 32 103 120 156 74 1251 11 70 2403 617 657 1565 387 6101 4 9 2 1 3 3798 1520 3668 701 67 15 47 168 4 586 146 1 0 0 1 3 4 0 5 0 2 3 2 4 4 0 0 5 1 0 7 0 6 1 3 2 1 1 0 3 2 1 1 3 1 2 1 0 4 0 1 9 2 0 7 1 14 3 87 23 2 9 37 2 127 344 6 7 141 561 72 472 283 17 1 1 3 4 0 18 164 108 95 12 8 6 2 299 67 75 114 470 79 3 5 13 2 474 35 96 723 465 2 8 810 52 4 18 5 0 1 2 0
76 71 146 19 27 36 27 42 4 17 7 27 0 1 0 1 0 1 1 1 2 5 1 1 15 2 4 3 18 65 39 3 9 2 0 0 3 9 2 4 293 2 10 7 9 1 2 3 104 41 14131 11406 16 14 167 27 19 14 0 0 1 12 19 0 4 16 13 8 10 594 26 9 15 15 57 3 22 3 19 235 2215 80 172 39 55 24 11 186 31 30 21 7479 11235 171 165 32 7 19 7 6 2 0 0 0 0 1 0 0 0 0 0 1 0 0 0 0 0 0 0 0 0 0 0 2 0 0 0 0 0 0 1 0 1 16 0 6 0 0 4 2 0 0 0 1 0 0 0 0 0 0 1 15 18 1 0 1 113 15 136 88 5 0 0 0 2 1 0 1 0 6 4 1 1 1 2 2 24 21 5 0 11 10 4 4 7 14 22 9 48 0 3 8 1 0 4 0 0 0 0 2
141 87 177 21 48 33 30 64 23 30 10 56 0 0 0 1 0 2 18 1 5 9 1 2 7 1 6 0 48 70 63 7 7 8 1 1 5 13 2 3 170 2 8 80 154 1 1 15 15 1269 11406 32896 28 10 252 22 27 16 0 0 8 93 15 2 6 393 29 21 14 315 216 34 29 423 110 25 410 93 100 9124 5094 1937 213 50 51 19 18 2400 412 385 116 1390 2863 95 54 42 111 45 7 11 11 0 12 6 0 6 0 19 2 2 3 2 0 0 0 1 1 1 1 0 0 1 1 1 2 0 4 0 0 0 1 1 5 15 0 14 0 0 14 5 1 8 0 42 8 12 17 7 8 5 7 169 139 20 6 72 3042 611 4244 1702 132 6 3 0 7 1 7 11 8 204 19 3 15 3 18 5 568 516 92 6 11 36 171 3 23 243 514 600 890 4 35 197 75 9 58 6 2 4 0 3
970 295 697 107 231 219 623 730 143 381 180 386 0 3 2 4 0 8 4 0 17 35 6 33 99 8 97 37 3674 506 498 46 83 38 6 0 10 63 17 55 73 2 47 2 10 9 19 67 5 11 16 28 6208 4458 5828 9 323 154 0 1 27 198 189 30 88 1 632 267 311 29 11 99 125 86 936 31 173 2 149 2 37 7 932 353 43 66 342 11 9 7 28 35 20 4 46 256 314 4530 114 192 6 5 9 17 2 42 0 1 2 9 12 35 1 4 6 0 10 0 2 1 2 5 0 9 16 1 1 0 0 4 8 1 20 81 5 78 2 0 63 36 2 8 3 7 23 1 5 1 9 26 19 0 0 5 0 3 1 1 0 3 23 7 3 6 40 4 4 5 1 3 25 5 64 26 2 11 1 1 8 0 97 164 46 34 4 185 0 0 1 2 22 0 0 20 14 5 14 2 1 11
446 171 331 59 150 134 266 257 21 101 47 153 0 3 1 6 0 5 2 0 11 22 4 29 131 8 102 28 5385 292 370 32 39 18 20 1 8 26 11 72 17 5 37 1 6 5 13 53 4 2 14 10 4458 4596 894 5 222 65 5 2 25 185 168 28 68 2 2415 146 286 26 7 52 64 51 578 24 72 0 64 2 12 0 589 2608 109 98 294 2 11 2 33 10 16 4 50 220 42 676 129 216 5 1 5 7 0 12 0 1 1 2 7 17 0 0 1 0 5 0 0 5 2 2 0 7 2 0 1 1 0 1 9 4 9 32 0 58 0 3 35 24 1 2 0 4 10 1 5 0 5 15 9 0 0 2 0 1 1 4 0 1 16 6 1 4 18 1 2 9 4 1 16 4 23 8 5 8 0 0 5 0 46 83 20 16 5 117 1 0 1 0 10 2 1 18 8 1 7 1 0 3
617 216 500 69 150 142 326 415 52 237 115 220 0 3 2 4 0 2 0 0 61 51 3 18 71 9 54 10 1156 312 208 22 50 35 5 0 7 48 4 35 1560 4 23 2 7 5 11 33 25 6 167 252 5828 894 14693 1828 145 89 0 1 16 93 109 14 29 1 221 156 126 82 34 85 99 67 526 15 113 1 101 14 272 12 4008 249 255 128 164 49 12 4 12 477 252 35 57 164 118 2425 66 79 6 2 6 7 5 26 1 1 1 9 2 24 1 0 0 1 10 0 0 1 5 0 1 11 3 0 3 0 0 3 7 3 13 60 5 65 0 1 54 38 0 3 0 7 12 0 5 1 6 12 13 1 1 3 0 0 7 1 11 19 12 7 2 3 19 1 0 3 1 1 19 4 39 20 1 5 0 6 10 0 49 119 35 19 2 121 7 3 8 1 13 2 0 25 11 6 10 0 0 12
230 182 319 86 105 137 42 68 6 24 22 145 0 0 1 2 0 7 3 2 2402 377 25 18 171 21 35 5 48 128 168 23 41 19 5 0 12 34 6 27 519 3 24 3 1 5 11 17 14 3 27 22 9 5 1828 1173 89 37 8 4 8 89 60 5 14 0 57 58 58 28 16 47 64 54 262 11 39 0 58 3 38 3 3090 91 1368 167 73 18 6 2 8 117 46 19 54 153 11 19 181 46 4 1 7 8 0 11 0 2 0 2 8 13 0 0 1 1 8 0 1 1 2 0 3 5 1 0 1 0 0 0 4 1 6 34 3 35 0 1 19 18 1 2 0 4 6 1 0 0 3 5 5 0 1 2 0 0 1 3 3 10 9 10 1 2 6 1 1 3 2 0 8 2 14 5 3 0 4 4 8 2 33 48 16 9 0 61 1 1 7 0 10 5 0 4 5 1 5 1 0 6
688 628 141 220 2440 353 554 40 26 34 19 298 1 11 5 19 2 12 6 2 79 30 4 15 50 2 73 122 6092 11432 12615 73 96 21 10 1 24 43 80 16 330 11 47 2 7 13 5 369 19 5 19 27 323 222 145 89 16330 139 8 1 50 409 231 31 301 6 4991 278 1595 64 43 84 63 93 6074 126 79 1 58 0 83 4 412 253 328 177 929 32 20 9 62 90 44 27 71 1758 98 652 1230 4856 15 5 38 29 5 74 1 7 9 17 28 87 1 4 6 0 1 0 0 14 2 2 2 10 9 0 1 0 0 1 21 2 43 157 2 73 0 1 14 11 4 1 6 19 37 4 15 2 1 69 2 4 7 12 0 4 6 12 0 5 30 16 5 15 45 2 15 17 8 4 50 6 16 0 26 38 4 2 53 12 141 90 48 2 57 164 1 1 8 1 42 10 4 53 20 12 17 2 0 3
17 8 18 3 19 21 10 3 6 3 2 69 2 321 317 291 19 132 19 12 215 144 41 59 80 3 133 459 254 13 74 3007 3716 6625 98 23 1815 1986 422 51 260 24 56 3 4 16 84 289 20 3 14 16 154 65 89 37 139 4365 1008 2242 136 94 28 48 371 12 405 2898 1582 23 19 275 840 66 2646 248 46 1 157 0 54 2 261 135 223 60 59 27 25 3 59 58 28 10 42 526 16 32 56 35 10 4 18 13 3 30 1 3 1 0 8 22 2 10 28 2 59 4 10 27 18 22 16 14 17 5 8 0 1 9 19 5 21 79 11 117 4 8 150 177 23 28 20 8 19 5 15 6 28 105 73 5 3 7 0 4 3 8 1 4 39 20 5 11 41 14 25 26 10 8 32 3 86 72 24 44 11 5 37 6 63 205 46 44 43 182 2 1 5 4 35 12 5 29 13 9 16 4 2 16
1 0 1 2 0 0 1 1 0 0 0 0 2 3652 1171 61 69 44 58 34 57 104 61 487 42 51 1049 636 6 1 7 2 52 1076 3193 2172 1980 231 62 699 41 8 288 9 0 14 1469 13 10 0 0 0 0 5 0 8 8 1008 4823 965 53 21 88 138 245 6 23 3850 359 1 0 5 34 158 151 12 2 0 8 0 4 0 28 11 49 16 20 3 4 0 28 2 4 2 41 6 0 1 11 1 0 1 0 0 2 3 0 0 1 0 1 8 35 22 23 79 251 85 233 58 206 246 306 26 15 16 61 17 19 47 1 4 3 26 5 50 84 168 326 679 8 426 6 2 14 14 1 4 294 38 280 1 0 0 0 1 0 2 0 0 2 4 0 0 5 176 8 31 8 1 14 2 15 166 5 12 2 0 8 0 12 143 79 14 6 35 0 0 0 12 2 4 3 6 1 1 15 8 4 21
1 0 0 0 2 1 1 0 0 0 0 2 0 111 61 28 2 10 0 1 10 11 10 5 10 0 15 36 2 1 6 7 682 3947 23 17 968 303 22 12 9 2 2 0 0 0 28 7 1 0 0 0 1 2 1 4 1 2242 965 854 6 1 3 2 21 0 4 1447 61 0 0 2 30 12 201 3 0 0 1 0 0 0 5 2 9 1 5 0 2 1 3 2 1 0 1 13 0 0 0 0 0 0 0 0 0 1 0 1 0 0 0 0 1 0 2 4 13 2 5 3 4 6 3 2 2 0 2 0 0 0 0 0 0 4 0 4 0 3 22 33 1 13 0 1 1 0 0 0 7 6 14 0 0 0 0 1 1 0 0 0 0 0 0 0 0 6 0 1 1 0 1 0 1 7 0 4 0 0 0 0 2 11 6 8 2 7 0 0 0 0 0 1 0 1 1 0 1 0 0 0
4 6 13 2 10 4 4 1 1 1 2 4 16 34 190 104 57 1660 242 90 53 182 78 1557 178 31 441 232 71 5 28 3 23 23 43 40 167 233 7367 153 1710 780 5318 86 97 243 249 643 267 29 1 8 27 25 16 8 50 136 53 6 4423 453 512 2403 730 261 260 178 2817 97 97 9 60 17 190 8696 21 3 23 1 48 4 66 97 147 154 122 146 449 60 5114 365 15 41 913 70 6 7 61 16 1 3 0 0 1 1 0 0 0 0 0 4 4 43 454 12 26 14 18 240 18 63 20 2 1 5 5 45 2 36 20 23 1 5 14 55 5 10 25 70 125 35 317 9 5 188 745 39 72 2852 18 25 50 4 3 29 2 1 2 2 7 12 0 1 40 13 550 591 172 183 11 36 75 40 108 1669 3 17 1026 73 0 11 6 22 415 14 3 14 29 1 2 93 19 13 1 2 7 5 1 2
25 24 34 7 32 14 19 9 2 7 5 21 5 24 94 112 19 188 205 67 259 647 80 162 366 39 212 105 700 35 112 8 24 13 28 14 41 94 219 64 585 45 340 86 211 72 147 13410 443 321 12 93 198 185 93 89 409 94 21 1 453 18539 5993 913 294 92 1826 164 3800 5420 5111 17 76 41 293 3525 65 7 48 19 820 93 425 519 651 550 141 2744 3389 616 2550 321 66 661 4209 176 17 33 203 60 2 4 3 2 3 1 1 8 1 0 0 2 1 10 23 17 13 23 14 38 18 49 18 3 1 5 16 9 5 23 19 13 1 3 3 16 12 8 21 23 12 64 17 28 9 585 122 4 37 148 24 760 2175 27 43 888 48 8 96 195 4 8 1 6 26 4 143 1071 698 127 28 47 38 32 1898 478 105 617 1664 317 6 17 37 21 2502 95 215 584 1552 10 3 3104 487 7 18 3 4 13 6 6
14 11 19 6 15 9 14 6 3 3 6 15 5 26 79 101 15 193 195 45 237 859 75 294 605 48 449 124 530 14 48 3 18 6 63 42 27 68 118 138 306 23 1747 77 168 86 509 1262 251 72 19 15 189 168 109 60 231 28 88 3 512 5993 11572 6421 3429 178 1682 381 6390 625 135 14 54 38 143 1605 38 2 31 1 100 4 437 583 760 696 326 144 543 300 2545 211 62 109 4132 60 20 19 216 69 0 1 0 0 1 0 0 1 0 0 0 1 6 22 21 15 12 32 9 47 19 79 24 1 1 0 4 7 0 13 8 7 1 6 1 16 7 3 18 28 14 29 22 14 3 146 272 2 43 200 15 48 157 10 2 169 2 1 5 4 2 3 1 6 22 3 153 435 228 108 14 13 27 9 663 890 9 22 967 263 3 20 22 6 1344 21 6 46 60 1 0 449 53 7 3 2 1 0 2 1
0 1 2 0 6 0 3 0 0 0 0 0 24 83 77 51 11 738 189 28 28 113 17 726 131 17 1319 528 68 6 7 2 6 12 134 95 41 54 696 76 45 10 5745 12 61 852 519 114 14 5 0 2 30 28 14 5 31 48 138 2 2403 913 6421 4721 2576 144 346 351 2771 127 26 7 20 18 59 326 9 0 8 0 14 1 76 99 89 156 176 9 31 16 999 22 8 12 561 33 3 3 24 11 0 1 0 0 1 0 0 1 0 0 0 0 2 26 123 8 3 20 3 208 12 53 16 0 1 0 3 3 0 11 2 1 0 1 2 7 5 4 5 25 74 14 53 0 1 35 74 8 23 872 5 6 8 0 1 2 0 1 0 1 1 1 1 1 12 5 153 94 38 62 3 6 13 5 41 259 1 2 203 18 0 4 16 3 81 7 0 5 3 2 0 20 4 4 1 0 0 1 2 1
6 2 6 1 6 2 5 1 0 1 1 4 46 143 129 139 14 467 166 12 25 33 1 223 45 3 1300 2801 340 5 46 2 9 13 75 133 60 32 5926 20 78 19 302 3 72 550 372 146 9 1 4 6 88 68 29 14 301 371 245 21 730 294 3429 2576 10653 131 989 1254 8837 29 19 2 16 12 335 52 5 0 7 1 18 0 112 131 83 163 165 9 24 7 335 17 5 9 81 42 3 12 44 22 0 0 0 0 0 1 0 2 0 0 0 0 5 40 266 5 10 45 6 450 21 82 22 0 2 1 2 10 1 27 7 6 0 2 3 19 4 3 12 29 149 10 143 1 1 43 164 15 40 2135 4 3 6 2 1 1 0 0 0 0 1 6 1 3 17 5 428 131 64 88 3 8 28 13 19 534 0 0 409 9 0 6 19 14 43 5 2 4 6 1 0 17 3 4 0 2 1 2 1 0
3 1 4 0 2 2 1 1 12 0 0 1 2059 2 10 29 30 171 989 23 2 14 3 65 11 1 63 87 8 0 5 1 6 4 4 1 13 111 82 7 90 44 414 627 4344 1581 10 74 29 1819 16 393 1 2 1 0 6 12 6 0 261 92 178 144 131 1676 23 9 263 32 22 53 81 876 14 124 990 1023 290 509 87 1539 1 5 8 12 4 592 208 727 1546 43 10 13 189 11 156 36 4 1 1 1 0 1 0 3 0 1 0 3 0 0 0 17 765 5 4 10 5 146 21 66 6 0 0 1 2 5 2 11 1 2 0 1 3 4 0 1 16 24 20 4 25 3 0 44 146 119 45 937 2 22 53 1 0 33 203 22 172 91 7 4 0 1 4 2 67 102 38 1171 1 0 9 6 80 177 20 26 241 42 2 4 130 5 159 13 17 28 58 0 3 86 4 2 4 0 0 0 1 0
313 309 454 146 762 485 159 86 46 58 62 654 2 33 23 28 4 48 18 6 82 172 19 228 1002 49 820 443 6031 889 4152 200 279 83 99 3 29 118 139 346 153 26 316 7 14 87 129 770 26 13 13 29 632 2415 221 57 4991 405 23 4 260 1826 1682 346 989 23 14075 1395 4050 242 105 273 260 322 8648 216 297 4 357 0 89 2 1213 6743 835 2715 4408 37 62 17 215 65 39 21 325 1913 155 247 1488 5188 33 16 62 63 17 120 3 7 14 16 35 139 1 10 25 2 15 10 6 35 9 21 3 36 35 2 12 3 0 10 81 17 81 376 16 299 1 3 142 77 21 11 16 52 60 14 53 7 19 192 27 4 12 21 2 16 15 39 4 8 138 57 11 46 149 5 44 62 27 17 144 35 147 46 59 134 25 7 109 11 337 454 169 51 103 693 2 3 11 10 94 42 17 98 38 50 56 8 4 21
11 14 27 1 9 11 10 6 2 4 3 19 3 563 243 176 20 95 60 8 303 269 90 467 197 29 1132 1213 339 16 47 22 461 3571 731 258 2368 785 355 346 312 17 420 24 7 38 2316 176 19 1 8 21 267 146 156 58 278 2898 3850 1447 178 164 381 351 1254 9 1395 5969 2562 46 15 24 156 400 657 75 24 0 53 3 53 2 435 406 434 713 437 16 11 4 65 66 41 11 100 67 8 21 380 100 2 6 2 1 8 6 1 4 3 0 1 8 22 25 40 38 486 40 166 50 187 96 181 33 36 17 59 9 3 36 7 5 7 84 26 181 27 129 760 1288 20 389 10 5 36 20 13 5 301 176 370 5 13 2 0 6 0 3 0 4 17 4 0 7 31 150 28 39 13 7 29 7 76 256 16 57 1 2 28 4 29 378 151 55 19 136 0 1 1 11 18 7 3 14 7 5 31 7 5 49
30 9 25 11 52 16 42 10 0 10 4 36 14 225 342 194 34 512 107 42 119 166 20 187 199 6 482 1534 1722 50 450 15 68 155 91 218 229 114 9155 43 783 260 2172 48 256 178 446 8743 187 32 10 14 311 286 126 58 1595 1582 359 61 2817 3800 6390 2771 8837 263 4050 2562 15182 346 373 16 44 39 1945 4951 41 1 19 2 211 5 394 474 413 532 275 170 315 111 2092 201 31 85 1042 405 24 96 154 92 0 1 1 0 1 5 0 1 0 0 1 9 6 32 109 20 36 26 24 100 42 78 47 1 9 5 12 24 5 26 24 26 2 10 16 78 7 14 68 85 51 50 118 18 1 304 1183 9 106 1801 52 75 137 7 5 104 2 3 2 4 10 13 0 10 85 19 790 1043 395 271 20 39 121 48 563 3548 14 29 2444 338 3 31 14 24 1873 50 12 38 71 4 2 355 59 27 10 4 6 7 2 6
86 52 105 22 30 27 20 25 5 16 9 51 0 3 35 36 5 51 43 16 58 99 26 50 67 12 24 13 101 53 51 5 19 6 8 1 10 15 21 22 501 27 116 15 71 11 25 1074 311 103 594 315 29 26 82 28 64 23 1 0 97 5420 625 127 29 32 242 46 346 2618 2451 11 23 27 84 399 36 1 18 58 1682 187 122 102 139 85 30 1611 989 166 485 1215 1068 3616 1365 31 12 21 40 11 2 1 5 3 1 5 0 5 3 1 1 1 1 0 8 2 1 8 1 13 4 6 3 1 2 3 11 1 2 1 3 2 1 13 1 9 2 1 5 5 1 28 3 14 6 125 20 2 6 30 16 425 671 21 12 176 194 61 223 682 8 0 0 1 12 1 19 207 137 27 9 4 9 3 293 79 276 545 293 48 7 18 33 5 389 65 300 234 1230 2 10 788 184 2 8 2 2 3 2 2
40 44 62 21 23 16 11 10 1 5 5 23 1 3 17 17 2 38 39 10 22 27 4 12 20 2 1 7 39 17 37 3 7 6 3 0 7 24 38 3 475 16 48 27 60 15 7 2347 166 120 26 216 11 7 34 16 43 19 0 0 97 5111 135 26 19 22 105 15 373 2451 16850 7 24 20 73 685 36 6 31 44 8859 259 50 25 46 31 16 1963 1626 170 546 567 128 1647 747 46 11 9 6 4 5 0 7 4 1 3 0 0 2 0 0 2 0 0 6 5 1 6 1 6 0 6 2 0 4 2 12 7 2 2 3 3 2 2 0 6 1 4 11 4 2 23 1 19 14 94 26 0 3 27 10 794 840 23 14 133 161 50 201 810 17 3 1 0 3 2 15 142 129 38 12 5 10 3 228 48 313 1036 300 34 3 14 17 3 273 40 512 312 2094 1 6 859 253 5 7 1 2 2 1 4
