41976 13851 10772 7826 4489 6532 13169 15678 355 2725 209 2541 0 11 4 1 9 4 1 3 218 80 17 11 32 1 8 1 7662 11665 454 54 214 20 3 1 7 9 2 12 2204 14 31 1 3 3 11 15 94 8 156 386 893 2653 279 119 111 14 5 2 11 34 13 17 20 1 232 46 15 149 72 63 17 24 57 15 69 2 18 27 292 11 1323 1123 1221 391 13 65 108 13 17 669 377 152 51 99 477 2946 42 49 183 38 386 354 83 333 98 19 263 176 288 300 0 0 2 0 0 0 2 0 3 0 2 9 13 1 1 0 0 0 69 1 59 98 1 36 0 0 10 8 2 1 0 5 29 0 1 0 2 6 1 6 9 4 0 2 5 6 9 25 7 26 3 18 43 2 2 1 4 2 30 49 33 2 2 2 8 10 5 0 99 35 11 1 6 48 14 2 50 7 21 19 5 35 118 27 14 4 0 1
13851 8040 1551 9700 3377 4743 97 233 47 283 170 1814 0 0 0 1 1 2 0 0 188 36 1 1 15 1 2 0 376 3517 171 18 52 8 0 0 3 3 2 6 1481 10 12 0 0 0 2 4 35 1 20 59 97 292 41 59 127 4 1 1 1 9 2 5 2 0 132 11 7 42 16 12 5 6 21 4 12 0 8 1 57 4 358 325 768 273 6 22 22 2 8 149 74 33 10 39 199 73 22 14 121 21 318 261 72 229 63 12 167 122 200 232 0 0 0 0 0 0 0 0 0 2 0 9 11 0 3 0 0 0 37 0 45 60 0 14 0 0 8 1 0 0 0 8 21 1 1 0 1 2 0 2 1 3 0 1 2 2 4 2 5 21 3 10 24 0 1 0 0 0 22 27 35 1 0 0 9 5 0 0 56 14 10 2 1 29 2 1 8 7 9 5 2 18 78 13 12 3 0 1
10772 1551 9666 5619 599 5463 715 15200 373 10257 1262 27015 0 3 4 1 11 1 2 1 251 99 12 8 17 0 5 3 519 487 88 31 181 22 0 0 3 11 1 12 1164 8 25 0 3 2 10 14 56 2 75 174 275 626 104 95 38 8 4 1 6 19 9 7 5 3 128 39 7 79 49 51 20 19 49 12 52 0 13 15 172 10 664 524 1100 315 13 43 64 2 18 413 174 74 30 70 673 338 56 30 468 106 919 888 225 665 288 52 634 423 739 647 1 0 0 0 1 0 1 0 0 0 3 19 36 0 3 0 0 0 91 1 113 131 2 40 0 0 12 5 0 0 2 5 38 0 4 0 1 2 1 4 4 7 2 6 5 3 11 6 16 45 7 33 46 1 2 3 1 2 52 72 66 3 0 1 4 13 5 1 184 31 33 1 2 87 10 5 20 16 28 7 7 50 283 64 14 5 0 8
7826 9700 5619 17398 4312 7855 40 357 75 412 233 2343 0 1 1 0 5 2 0 0 318 97 4 0 22 0 3 0 143 1105 115 19 69 11 2 0 6 7 1 1 1245 3 6 0 2 0 5 1 11 1 10 37 33 151 21 51 92 4 0 0 1 2 2 2 4 3 97 13 5 8 4 34 4 8 30 1 13 0 8 2 28 3 260 346 852 466 6 4 5 0 6 64 17 12 13 55 316 63 35 23 184 45 449 384 122 343 87 26 275 201 314 329 0 0 0 0 1 0 2 0 0 0 0 11 11 0 1 0 0 0 65 4 60 90 0 18 0 0 7 8 0 0 0 9 27 0 0 1 1 1 3 2 2 5 0 1 0 2 0 2 6 24 5 16 42 2 1 0 0 1 30 49 33 2 0 1 4 2 2 0 102 21 8 1 1 46 1 1 6 9 18 0 1 34 114 33 13 4 0 0
4489 3377 599 4312 8922 5658 301 342 47 204 81 3121 0 8 8 2 25 3 2 1 319 272 10 3 40 0 1 8 753 7439 4131 758 1079 80 2 1 27 19 3 6 747 5 13 0 0 5 7 9 12 1 13 47 93 301 31 33 879 45 4 2 2 5 11 6 18 0 131 12 29 23 11 202 88 13 125 10 48 0 58 6 32 2 248 356 736 412 8 13 14 1 6 87 46 17 8 985 338 180 79 58 93 28 236 202 64 188 31 10 108 98 142 176 0 0 1 2 1 0 0 1 3 3 5 15 11 0 2 1 0 1 62 2 40 97 1 34 0 0 19 9 1 2 0 7 25 1 0 0 2 5 2 0 2 4 0 3 3 1 0 3 13 26 0 13 30 0 4 2 0 1 26 34 39 4 0 3 2 2 1 1 90 31 8 0 0 50 2 1 5 8 13 4 2 34 63 15 12 0 1 0
6532 4743 5463 7855 5658 17195 326 739 123 790 237 17558 0 11 10 1 42 3 1 3 502 413 16 4 47 1 5 7 453 2550 608 4648 3945 173 4 1 17 43 3 10 885 0 12 2 1 4 9 7 11 3 22 43 106 330 36 50 111 128 2 3 5 5 8 5 21 0 175 18 29 13 18 590 236 33 292 19 96 0 119 3 45 2 302 407 972 540 12 12 18 1 6 103 30 23 9 1497 679 170 134 31 153 57 373 361 101 318 73 16 263 145 296 301 2 0 0 0 2 0 1 2 5 5 2 25 33 0 4 0 0 0 70 1 109 124 1 38 0 0 13 18 0 1 3 8 33 1 2 0 1 2 1 2 2 2 1 1 4 7 3 5 11 31 2 26 62 1 1 1 1 0 54 60 57 8 1 4 8 2 4 0 156 41 8 1 0 77 3 0 6 12 16 5 9 51 120 19 14 5 2 7
13169 97 715 40 301 326 8523 8595 1024 2541 188 710 1 3 3 0 6 0 0 0 25 33 2 1 7 2 5 0 1419 1158 144 30 121 10 0 0 4 8 1 0 123 1 8 1 9 2 6 5 19 18 57 141 611 1449 167 14 18 5 1 2 2 10 4 5 7 2 37 13 3 24 13 117 13 14 20 8 131 10 39 11 87 9 380 212 121 46 6 18 22 2 8 150 98 27 12 55 1079 3589 13 18 32 5 62 46 6 38 21 1 44 36 43 44 0 0 0 0 0 0 1 0 1 0 1 6 2 0 0 0 0 0 5 0 9 15 0 10 0 0 4 2 0 0 0 4 3 1 1 0 1 0 0 1 1 1 0 2 1 3 5 10 0 6 0 3 4 0 0 1 0 1 8 10 5 3 1 1 0 3 1 1 20 12 5 1 1 11 4 0 9 0 0 3 3 2 13 9 1 2 0 0
15678 233 15200 357 342 739 8595 16257 3220 27651 766 2990 0 5 2 2 1 2 0 0 50 13 6 7 13 1 4 1 616 486 61 20 75 1 0 0 0 2 1 9 642 5 16 1 6 2 6 11 42 8 69 213 457 1069 128 45 14 6 2 0 4 19 8 2 7 1 64 22 7 52 51 53 14 11 21 10 57 9 34 19 160 8 536 365 302 86 11 36 48 6 11 330 180 71 20 24 648 1383 13 16 97 25 205 173 58 129 83 16 205 121 222 147 0 0 0 0 1 0 1 0 2 0 0 8 7 0 0 0 0 0 26 0 16 28 1 8 0 0 6 2 0 0 0 2 11 1 1 0 0 2 2 2 7 0 0 3 1 2 10 10 2 6 7 5 16 0 0 0 1 1 9 13 7 3 0 2 1 2 2 0 23 10 8 0 0 15 6 4 17 1 4 5 1 7 87 25 3 2 0 1
355 47 373 75 47 123 1024 3220 1537 2399 276 731 14 0 0 1 2 2 1 1 16 32 2 2 3 0 1 0 50 62 17 41 303 8 1 0 0 6 0 2 40 4 13 11 154 26 2 6 2 181 11 37 163 125 46 2 4 5 0 0 0 5 7 0 1 64 9 3 5 4 7 470 58 222 14 2 760 125 324 49 33 151 36 34 22 13 0 78 84 99 82 15 16 9 15 36 3275 1412 9 1 16 2 40 34 11 31 12 4 25 29 32 24 0 0 0 0 0 0 0 0 3 3 0 7 4 1 1 0 0 0 14 0 6 24 0 19 0 0 10 3 1 2 0 3 5 6 4 0 0 5 0 3 4 2 0 4 9 2 9 7 4 3 0 3 12 0 2 7 0 10 11 9 12 1 8 7 1 3 25 11 21 25 9 0 7 17 2 1 6 1 2 12 1 2 18 3 2 0 0 0
2725 283 10257 412 204 790 2541 27651 2399 32327 20666 28112 0 3 2 0 4 2 0 2 56 53 3 3 10 0 2 0 188 147 37 37 345 10 1 0 1 2 1 0 273 2 4 2 16 1 2 2 17 10 28 68 244 365 62 15 11 3 1 1 1 4 1 2 3 4 34 3 3 14 10 256 23 28 10 5 251 16 75 6 36 15 168 129 147 74 1 14 17 7 7 109 63 9 6 36 4907 1154 11 5 418 78 965 816 185 797 380 83 850 614 951 768 0 0 0 0 0 0 0 0 0 0 0 22 19 2 4 0 0 0 67 1 102 134 0 19 0 0 3 3 1 1 0 12 29 1 7 1 4 1 1 1 0 1 1 5 2 5 1 8 14 41 5 20 36 1 1 0 1 6 34 43 33 2 0 3 8 6 7 0 147 14 24 2 1 62 4 4 6 16 25 6 4 49 420 84 28 11 0 1
209 170 1262 233 81 237 188 766 276 20666 6683 10000 0 0 1 0 1 0 0 0 40 50 1 0 6 0 1 0 40 54 12 38 630 3 0 0 0 4 0 1 101 1 0 0 0 0 0 0 1 1 3 9 26 64 11 5 5 2 0 0 1 0 0 1 0 0 22 0 0 3 4 423 13 12 4 0 161 0 21 0 2 0 28 26 69 28 2 0 3 0 0 14 5 4 1 47 3613 180 14 1 164 42 399 283 98 293 98 34 253 174 320 281 2 0 0 0 0 0 0 0 0 0 0 11 34 0 0 0 0 0 55 3 75 98 0 15 0 0 0 1 0 0 0 6 24 1 2 0 0 2 0 1 1 3 0 2 3 8 1 4 8 35 1 21 56 2 2 2 0 0 30 50 34 2 0 0 8 4 2 1 109 17 21 0 1 55 0 0 2 6 16 2 6 34 150 24 10 2 1 2
2541 1814 27015 2343 3121 17558 710 2990 731 28112 10000 24588 2 7 7 0 19 3 2 2 609 578 13 4 57 0 4 2 346 1342 272 612 4132 42 3 0 16 36 3 11 1203 4 12 6 3 5 5 4 15 4 19 48 161 382 54 61 62 37 5 3 4 3 10 4 12 1 236 22 13 13 18 2068 188 74 114 10 537 8 205 5 45 5 320 504 1087 559 13 10 22 2 7 120 57 19 11 886 5143 556 173 24 661 163 1564 1469 410 1306 353 92 1043 650 1264 1207 3 3 1 0 2 0 2 2 5 2 7 80 95 1 8 0 0 0 292 7 330 497 2 117 0 1 21 9 3 2 0 26 143 0 6 0 2 4 5 3 3 21 3 7 8 20 4 11 32 100 18 60 195 0 3 0 3 0 149 208 185 7 1 5 22 3 4 0 558 148 57 3 3 278 10 3 11 36 57 7 12 177 583 86 43 16 6 13
0 0 0 0 0 0 1 0 14 0 0 2 4676 0 0 3 106 1244 6511 49 1 0 1 6 1 0 6 8 0 0 1 1 8 9 0 0 3 457 16 2 12 2 14 3456 1752 1351 3 3 2 30 0 0 2 0 0 0 0 0 0 0 25 2 3 11 21 1136 0 1 11 1 7 27 171 651 3 8 173 238 306 3 5 16 0 0 1 0 0 10 20 19 256 2 0 0 8 1 44 10 0 0 1 1 2 0 3 1 0 0 0 0 1 0 1 57 341 4 0 22 1 814 4 975 8 0 0 2 0 8 0 52 2 0 1 2 2 4 0 0 10 6 226 1 131 0 2 8 80 23 25 1422 5 1 2 1 0 2 0 0 0 1 0 0 0 1 1 3 89 39 3 299 0 4 5 4 7 31 0 1 30 20 1 3 152 1 8 1 2 0 5 0 0 17 4 3 0 0 0 0 0 0
11 0 3 1 8 11 3 5 0 3 0 7 0 6006 2722 789 979 194 10 6 13 71 284 548 34 6 5672 2239 323 162 85 7 42 313 2220 2363 342 10 263 872 729 44 630 4 1 19 1260 12 33 0 1 4 23 79 8 1 391 327 1929 217 26 37 281 858 1660 2 187 621 615 22 21 6 17 9 326 21 0 4 8 1 7 2 20 19 33 26 16 7 31 4 28 24 2 12 129 87 0 9 14 326 0 1 1 0 0 0 0 1 1 0 0 0 35 25 12 21 14 59 45 150 87 473 170 3 12 0 6 3 3 25 2 0 0 4 4 35 29 5 96 77 15 48 9 0 3 1 3 3 32 77 46 4 7 0 0 1 1 1 2 1 0 0 0 0 2 24 8 7 3 2 6 3 8 9 2 4 0 2 14 2 1 19 10 2 2 17 1 1 3 1 1 6 4 0 1 1 3 5 1 6
4 0 4 1 8 10 3 2 0 2 1 7 0 2722 10672 9737 324 2322 86 79 23 85 501 235 25 5 2138 3901 137 121 48 6 41 262 517 290 11 16 841 252 1247 30 402 5 7 16 137 36 62 5 3 1 10 22 7 2 146 152 94 46 54 50 246 569 2364 1 56 161 1788 28 16 6 17 12 292 121 4 2 15 0 8 3 13 26 20 22 5 7 46 5 38 31 6 15 112 80 2 6 12 170 1 1 1 1 1 0 0 1 0 0 0 1 47 42 24 36 23 83 40 171 171 613 221 19 39 2 16 2 1 34 2 1 4 12 1 53 21 4 144 88 38 77 16 1 8 1 11 2 79 113 66 2 5 0 0 4 2 0 0 4 2 4 0 0 5 28 12 12 10 4 3 1 14 13 7 17 0 3 18 12 8 22 33 1 4 32 3 2 11 6 3 15 8 2 1 0 1 6 1 12
1 1 1 0 2 1 0 2 1 0 0 0 3 789 9737 13530 851 7679 393 3222 3 15 111 48 6 0 59 947 14 17 5 5 68 178 8 7 37 193 1149 10 616 28 175 3 7 32 8 34 18 4 0 0 1 5 2 2 26 22 2 20 69 66 85 25 528 5 5 19 1182 21 25 3 56 21 57 254 3 2 7 0 3 1 3 8 6 5 1 6 38 2 31 20 2 9 93 21 1 0 3 32 0 1 0 0 2 1 0 0 0 0 0 0 112 237 214 63 8 279 17 1284 61 1961 78 2 8 2 6 12 1 454 2 1 0 7 1 25 77 4 53 29 170 50 68 0 6 7 25 15 134 190 46 4 11 0 1 1 0 0 0 1 0 1 0 0 0 23 10 28 2 16 4 2 4 9 5 14 0 2 25 7 2 15 93 1 7 7 2 3 10 2 1 15 7 0 1 0 1 0 0 6
9 1 11 5 25 42 6 1 2 4 1 19 106 979 324 851 2680 1678 2626 1389 100 470 721 64 60 12 48 73 141 234 144 21 234 1521 46 63 760 519 192 69 1047 16 120 179 35 377 135 14 29 2 2 6 14 31 5 2 285 560 178 500 99 17 30 27 168 11 76 341 282 9 10 8 101 143 1180 110 13 22 51 0 6 0 19 24 79 83 16 8 14 4 47 22 2 9 46 309 3 3 52 383 7 2 0 3 5 0 1 9 0 0 1 2 135 58 42 122 92 89 144 160 665 1187 842 81 205 12 69 9 3 62 10 4 2 87 14 279 82 27 743 549 28 315 52 4 24 15 32 21 356 264 278 6 10 2 2 11 1 5 0 2 3 13 2 0 31 132 34 49 22 18 29 20 46 113 14 45 1 5 29 9 45 194 165 28 5 285 4 2 10 35 10 15 12 1 10 4 23 33 10 84
4 2 1 2 3 3 0 2 2 2 0 3 1244 194 2322 7679 1678 10917 1721 2584 7 45 184 590 34 13 770 356 26 17 10 3 174 362 16 7 80 924 8907 63 1927 139 726 141 27 3061 21 161 135 8 0 0 4 12 35 11 20 17 3 14 2032 133 200 212 405 84 17 29 1852 64 96 16 261 213 83 1560 11 41 20 0 24 6 29 16 9 18 12 20 103 11 189 91 3 52 218 37 5 2 11 18 0 1 0 1 3 0 1 1 1 0 0 1 130 1073 1158 80 9 712 7 3723 47 4708 59 3 3 10 5 44 8 1697 18 5 5 20 6 73 81 5 74 74 1152 35 796 1 13 32 132 94 330 1174 49 10 32 0 2 21 1 2 1 7 2 2 1 3 12 36 67 191 14 124 3 12 12 18 22 74 2 7 148 31 1 38 476 4 33 22 4 7 38 0 2 82 14 9 2 0 0 1 1 2
1 0 2 0 2 1 0 0 1 0 0 2 6511 10 86 393 2626 1721 47169 11711 16 56 127 83 7 3 128 63 5 2 1 1 53 91 10 2 67 3292 116 20 398 26 137 3308 811 3121 9 28 17 26 1 1 0 1 3 2 1 3 4 0 111 24 51 39 40 331 1 6 74 13 37 6 132 5195 11 97 8 1177 30 4 9 14 7 3 3 8 1 22 41 20 372 11 0 6 69 7 0 0 8 2 2 2 1 0 6 0 0 7 2 0 2 2 671 988 1861 439 86 1779 191 7046 1147 16018 1742 44 114 24 59 41 11 1538 4 5 4 27 12 122 497 52 696 407 722 571 334 2 26 51 145 199 1242 1492 394 3 22 3 3 36 0 3 0 5 3 10 1 1 19 245 67 141 27 188 10 18 37 55 23 91 4 3 123 22 13 110 2596 12 20 143 2 4 24 27 4 61 15 7 6 0 15 25 4 48
3 0 1 0 1 3 0 0 1 2 0 2 49 6 79 3222 1389 2584 11711 5186 27 107 196 44 21 5 30 8 5 10 12 5 26 99 18 3 2 40 170 25 510 11 79 72 22 224 17 16 12 1 1 0 0 5 4 2 13 27 7 19 83 25 23 8 35 5 4 7 236 7 15 2 10 77 84 170 4 2 9 1 1 1 3 6 7 7 1 3 10 4 29 10 0 7 42 26 0 0 11 24 0 1 0 0 1 2 1 6 1 0 0 1 191 78 58 103 32 96 69 213 415 1353 507 38 82 8 39 8 3 66 2 2 1 11 5 64 114 16 336 184 24 253 29 2 13 12 33 18 241 243 170 1 9 1 0 6 0 2 0 0 3 0 0 0 6 87 16 23 15 23 14 13 21 39 6 32 1 5 10 6 18 71 114 6 4 100 2 1 7 16 1 12 10 1 4 3 8 14 6 45
218 188 251 318 319 502 25 50 16 56 40 609 1 13 23 3 100 7 16 27 4528 3708 1936 56 298 30 35 5 111 349 440 112 456 209 7 4 36 132 6 163 1102 11 134 6 4 5 68 5 17 0 2 1 13 43 6 820 122 77 17 6 15 20 30 29 24 1 37 154 32 13 7 123 141 40 454 10 40 4 77 1 6 1 366 53 5069 249 62 1 18 2 16 19 6 3 58 583 70 27 259 199 3 5 8 6 4 8 3 0 6 2 7 10 0 2 0 2 13 3 14 3 32 21 41 4 15 1 3 0 0 0 4 0 5 41 5 47 1 1 54 78 2 8 1 0 5 1 3 0 12 7 16 0 4 0 0 0 1 2 0 0 2 6 0 0 13 5 1 1 0 0 4 10 16 10 0 0 0 1 4 0 17 48 21 4 2 25 2 2 3 5 2 2 2 4 6 0 3 1 0 2
80 36 99 97 272 413 33 13 32 53 50 578 0 71 85 15 470 45 56 107 3708 18035 4596 646 9552 633 278 18 256 388 362 184 1078 727 16 9 180 674 21 3261 1718 105 1611 29 9 48 318 59 175 4 10 16 45 199 25 44 217 235 33 34 95 180 199 210 78 1 559 447 140 115 68 301 533 155 997 69 90 3 196 0 26 3 193 466 1712 2708 629 24 121 14 95 87 24 65 708 985 113 39 4022 352 4 2 14 16 5 9 5 1 3 5 8 10 5 3 0 10 45 6 56 22 152 89 162 15 30 3 5 1 0 6 9 1 8 83 9 180 2 4 235 255 8 29 7 5 14 2 8 0 51 53 30 10 10 1 1 4 2 6 2 7 2 8 1 1 27 20 10 13 10 1 15 14 42 40 6 18 2 5 20 3 43 120 49 4 9 59 2 4 28 7 7 21 10 6 4 0 2 3 4 6
17 1 12 4 10 16 2 6 2 3 1 13 1 284 501 111 721 184 127 196 1936 4596 12019 7816 2149 6545 1045 24 76 38 22 13 203 457 87 25 160 220 34 5902 6522 1862 1606 7 9 34 362 38 426 6 1 4 13 57 37 10 48 55 40 72 77 123 60 78 43 6 168 112 89 89 72 39 172 16 172 46 8 3 35 0 29 3 44 68 103 190 226 28 116 17 65 178 5 91 441 51 13 4 155 29 1 0 0 0 0 1 0 0 0 0 0 0 2 1 6 2 1 5 10 23 17 46 25 2 6 3 1 1 0 1 0 0 0 12 0 25 3 0 36 25 6 6 7 1 3 1 4 0 6 37 6 1 7 1 0 9 1 0 0 4 0 1 0 1 2 1 4 0 4 1 4 4 3 3 2 4 1 6 16 2 5 14 10 2 6 6 4 5 26 1 1 18 7 0 0 0 1 2 0 0
11 1 8 0 3 4 1 7 2 3 0 4 6 548 235 48 64 590 83 44 56 646 7816 14605 827 4943 4071 101 127 18 13 3 10 27 509 174 6 28 329 4893 4059 6176 4006 12 42 443 991 50 739 16 0 7 22 82 61 18 39 11 242 11 1047 144 134 285 118 68 309 290 281 101 86 5 13 7 32 179 0 1 2 2 36 7 59 100 80 204 198 45 179 25 712 260 11 100 563 16 5 3 112 43 0 0 0 0 1 0 0 1 0 0 0 1 2 19 45 5 5 16 6 176 12 205 25 0 2 0 3 2 1 22 7 2 1 3 3 10 1 0 12 18 65 4 75 1 1 18 75 1 4 491 3 9 31 0 0 9 1 0 3 4 0 2 0 0 1 3 63 29 5 44 5 8 4 5 12 61 1 11 118 21 2 6 10 1 29 3 2 7 38 0 1 48 14 1 0 0 0 1 1 1
32 15 17 22 40 47 7 13 3 10 6 57 1 34 25 6 60 34 7 21 298 9552 2149 827 5989 1397 394 5 611 68 76 16 84 114 14 8 30 104 9 3415 850 136 1148 10 7 26 518 17 77 2 10 22 102 589 29 25 353 23 33 11 50 70 99 212 33 0 2718 392 57 47 23 31 59 60 172 12 5 1 22 1 21 0 220 842 992 3969 2649 17 49 4 55 72 26 33 325 90 10 3 4376 548 0 0 1 1 0 4 1 0 2 0 1 1 3 4 1 9 21 10 22 11 62 105 94 9 9 1 3 1 0 6 3 0 0 23 7 84 10 2 90 120 3 11 3 1 8 1 3 1 18 25 20 3 6 0 0 1 0 0 0 3 1 3 0 0 5 7 6 2 3 0 6 2 15 20 1 4 0 5 13 1 4 41 26 4 3 24 0 2 6 3 0 11 0 2 1 0 3 1 1 2
1 1 0 0 0 1 2 1 0 0 0 0 0 6 5 0 12 13 3 5 30 633 6545 4943 1397 2904 718 2 17 2 3 0 3 3 23 11 0 2 5 3386 510 86 278 0 1 5 92 2 42 2 0 0 5 22 3 0 3 0 17 1 7 12 4 11 2 0 67 9 2 8 5 0 1 0 2 0 0 0 1 2 3 0 15 52 53 128 23 2 12 2 5 11 0 10 53 3 0 1 40 4 0 0 0 0 1 0 0 0 0 0 0 0 0 0 0 0 0 3 4 4 8 21 9 0 0 1 0 0 1 0 0 0 0 1 0 1 3 0 1 4 0 1 0 0 0 1 1 0 0 2 0 1 2 0 0 0 0 0 1 0 0 0 0 0 0 0 3 0 1 0 0 0 0 0 1 0 1 0 0 0 1 0 1 0 2 0 0 1 0 0 0 2 1 0 0 0 0 0 0 0
8 2 5 3 1 5 5 4 1 2 1 4 6 5672 2138 59 48 770 128 30 35 278 1045 4071 394 718 21847 5543 434 44 21 2 7 48 5682 870 35 21 234 4508 1610 264 2607 2 16 195 1438 27 127 4 4 12 46 186 23 10 236 41 697 47 226 76 312 1172 1955 21 743 810 284 49 36 3 9 18 52 27 2 0 3 0 14 4 54 138 75 258 177 23 67 4 82 67 16 38 300 20 0 6 127 111 1 0 0 0 0 0 0 0 0 0 0 0 15 108 147 14 8 152 10 1104 23 974 53 0 1 0 2 6 1 141 5 0 2 11 3 48 12 3 40 54 271 10 146 3 10 9 40 6 24 575 11 5 8 0 0 1 0 0 1 3 0 0 0 1 2 8 38 31 4 28 6 4 9 12 2 23 1 3 20 7 2 16 41 0 5 9 3 3 11 1 0 16 4 3 0 0 1 3 0 1
1 0 3 0 8 7 0 1 0 0 0 2 8 2239 3901 947 73 356 63 8 5 18 24 101 5 2 5543 6937 157 67 36 2 25 93 145 47 52 13 1163 19 231 8 116 4 3 48 35 6 3 1 0 4 5 45 1 0 167 89 75 45 29 16 45 1038 2313 11 99 193 284 5 2 5 5 11 138 21 1 0 3 1 1 0 12 15 7 12 5 1 9 0 10 13 0 7 21 42 1 2 2 127 0 2 1 1 1 0 0 2 1 0 0 0 12 384 333 19 6 240 6 2286 15 2044 16 2 3 1 1 14 1 495 5 0 3 3 1 25 10 2 24 44 642 7 327 2 2 4 15 26 50 769 13 3 1 0 0 3 0 2 0 1 3 0 0 0 3 8 18 57 1 35 2 1 11 8 2 27 0 0 12 2 1 5 92 0 1 5 1 0 4 0 0 6 4 4 2 0 0 0 0 1
7662 376 519 143 753 453 1419 616 50 188 40 346 0 323 137 14 141 26 5 5 111 256 76 127 611 17 434 157 25329 11415 2001 112 310 230 148 59 162 35 29 359 421 27 573 1 13 36 771 25 27 2 37 76 1695 7067 266 16 3727 118 318 98 100 69 706 616 857 8 5458 2075 616 44 25 106 47 38 1832 81 89 0 23 12 61 5 551 749 271 296 1091 13 41 4 123 121 76 35 263 1051 164 1898 476 2808 32 16 73 77 39 46 15 7 45 29 49 67 1 2 5 2 2 4 2 26 5 20 9 22 22 0 4 0 0 2 45 1 55 156 1 95 2 0 49 28 11 2 12 10 38 8 16 1 7 62 2 5 5 2 0 4 3 4 2 10 15 18 0 2 63 2 16 12 0 3 34 42 70 9 6 20 3 3 36 10 97 83 22 5 7 74 3 0 15 6 18 12 8 35 14 5 9 3 4 0
11665 3517 487 1105 7439 2550 1158 486 62 147 54 1342 0 162 121 17 234 17 2 10 349 388 38 18 68 2 44 67 11415 20616 10285 205 554 397 31 31 214 61 36 20 1159 5 95 0 6 10 95 16 45 1 72 193 650 1883 157 62 3401 89 127 74 19 29 114 57 317 2 685 276 268 67 40 137 114 17 628 64 37 1 38 14 131 4 672 784 970 518 46 25 41 3 33 322 199 53 65 3420 193 1129 116 1584 66 21 195 152 49 147 30 10 111 54 111 116 1 1 2 2 2 0 1 6 10 10 8 19 19 0 2 0 0 3 32 1 34 79 2 55 1 0 35 21 8 2 3 10 19 2 9 0 7 30 3 5 7 3 0 7 4 2 6 13 8 22 3 13 36 2 11 3 2 2 32 49 48 13 7 7 8 9 16 2 87 41 13 2 9 32 6 1 18 5 18 14 7 31 44 14 8 1 0 1
454 171 88 115 4131 608 144 61 17 37 12 272 1 85 48 5 144 10 1 12 440 362 22 13 76 3 21 36 2001 10285 11574 129 481 204 7 12 113 69 11 8 1162 5 37 2 5 4 55 8 15 0 22 48 154 534 41 69 8212 82 48 53 12 14 54 34 122 0 927 308 126 21 18 155 115 15 529 25 15 0 38 7 50 0 412 713 1346 1181 128 16 24 0 18 116 48 20 25 2961 60 124 421 5574 17 5 52 53 13 42 14 3 35 15 33 33 0 1 1 0 0 2 1 6 6 4 6 7 10 1 1 0 0 0 12 0 12 40 3 35 0 0 20 14 1 1 3 4 5 1 5 0 3 14 3 1 1 2 0 3 1 6 1 8 0 8 0 4 16 1 3 2 0 1 14 13 11 3 1 4 0 2 11 3 23 22 9 3 0 17 1 1 11 3 3 0 1 5 12 5 2 1 0 0
54 18 31 19 758 4648 30 20 41 37 38 612 1 7 6 5 21 3 1 5 112 184 13 3 16 0 2 2 112 205 129 5152 6981 942 0 1 22 37 1 1 148 2 5 0 1 3 3 1 4 0 6 11 16 66 10 5 14 2245 4 7 3 3 5 2 2 0 49 5 14 2 3 655 317 16 3546 10 62 0 109 1 7 0 55 57 142 82 2 1 0 0 4 17 12 5 3 4811 322 49 41 25 22 14 53 73 26 43 10 6 29 18 34 34 0 0 0 0 1 0 0 3 2 5 0 13 17 2 2 0 0 0 27 1 31 81 2 30 0 0 11 6 0 0 0 6 10 1 2 0 1 2 1 0 0 3 0 0 1 4 0 1 8 11 3 7 30 0 1 0 0 0 35 30 37 2 1 0 3 0 1 0 75 26 8 2 1 38 1 0 1 3 14 2 2 28 27 3 6 4 1 2
214 52 181 69 1079 3945 121 75 303 345 630 4132 8 42 41 68 234 174 53 26 456 1078 203 10 84 3 7 25 310 554 481 6981 12547 5004 4 9 238 1016 32 13 744 8 39 22 13 124 29 15 12 4 16 61 95 219 39 23 147 1847 34 161 37 13 34 16 57 3 150 114 160 12 12 4510 3623 269 4496 95 648 14 468 5 37 8 168 182 397 241 13 14 10 3 47 77 40 21 32 6182 2809 239 123 246 127 67 338 323 136 281 64 27 147 107 226 309 7 13 6 12 32 10 23 37 140 85 96 106 160 3 15 0 1 7 182 6 178 904 15 653 2 1 413 234 11 21 13 23 129 6 9 1 73 61 44 4 5 18 2 5 20 27 2 23 58 121 2 34 363 27 30 13 4 8 201 208 292 69 9 21 26 7 20 5 517 656 171 15 3 365 6 2 19 42 82 13 38 136 143 21 47 28 5 22
20 8 22 11 80 173 10 1 8 10 3 42 9 313 262 178 1521 362 91 99 209 727 457 27 114 3 48 93 230 397 204 942 5004 9359 26 337 1843 2133 166 26 674 11 97 21 22 95 259 40 7 7 8 21 39 81 17 6 357 5251 877 6084 86 21 93 50 313 3 111 1342 640 13 15 97 957 197 7595 259 71 9 83 1 15 4 54 54 148 116 22 5 19 3 50 38 25 14 46 1602 43 9 86 1287 10 7 17 18 16 18 11 8 9 7 13 15 14 16 13 14 65 18 56 99 198 183 151 52 108 3 20 2 0 21 27 3 22 411 19 727 8 0 621 446 26 50 22 6 60 7 17 1 141 115 99 0 10 10 3 10 5 19 1 9 14 42 2 3 170 36 30 20 10 7 85 66 206 135 11 25 9 4 39 8 110 544 147 17 9 213 1 3 9 36 37 17 22 18 22 7 25 8 2 18
3 0 0 2 2 4 0 0 1 1 0 3 0 2220 517 8 46 16 10 18 7 16 87 509 14 23 5682 145 148 31 7 0 4 26 4157 736 42 0 2 1558 238 21 396 1 1 5 779 0 6 1 0 2 11 53 1 3 69 26 931 71 10 7 59 168 115 1 114 237 48 3 2 0 3 3 41 2 0 0 3 0 2 0 15 24 19 13 23 0 8 0 3 9 1 1 31 7 0 1 13 33 0 0 0 0 0 1 0 0 0 0 0 0 10 10 7 13 9 31 10 88 36 188 87 3 4 2 1 0 0 9 1 0 0 4 0 9 8 1 16 28 5 17 4 0 1 0 4 2 6 31 11 0 0 0 0 0 0 0 0 0 0 0 0 0 2 3 1 0 2 2 3 2 2 2 0 1 0 0 1 2 0 3 5 0 1 2 0 1 4 1 0 2 1 0 0 0 0 0 0 3
1 0 0 0 1 1 0 0 0 0 0 0 0 2363 290 7 63 7 2 3 4 9 25 174 8 11 870 47 59 31 12 1 9 337 736 608 146 11 7 393 44 11 166 1 0 0 2696 1 5 0 0 0 4 13 0 1 57 548 4458 761 3 2 13 76 68 0 41 937 30 0 1 1 0 3 83 3 0 0 2 0 0 1 7 5 5 5 7 0 0 0 4 2 1 2 19 7 0 1 4 57 0 0 0 0 0 0 0 1 0 0 0 0 1 1 3 1 5 3 5 10 18 36 18 3 4 0 0 0 0 2 0 0 0 7 0 20 0 0 9 14 1 7 4 0 1 1 1 1 2 6 6 0 0 0 0 0 0 0 1 0 0 0 0 0 3 2 3 1 1 0 1 0 0 5 0 2 0 0 4 0 1 5 6 1 0 3 0 1 0 0 0 1 0 0 0 0 1 0 0 0
7 3 3 6 27 17 4 0 0 1 0 16 3 342 11 37 760 80 67 2 36 180 160 6 30 0 35 52 162 214 113 22 238 1843 42 146 1893 186 28 28 200 2 29 10 3 22 276 5 5 1 2 9 14 33 2 2 316 632 492 1484 9 1 15 24 77 2 82 603 71 3 1 9 84 16 1045 16 1 4 22 0 2 1 11 24 38 33 10 1 3 0 4 4 2 3 5 284 1 3 24 504 2 1 1 1 3 0 0 1 0 1 0 1 15 8 3 11 26 7 26 13 129 109 122 21 48 4 11 0 0 12 3 0 1 26 6 109 5 6 165 125 3 19 7 1 7 2 2 3 73 37 42 1 2 1 0 1 1 3 0 2 1 7 0 1 18 24 6 7 1 1 8 6 23 40 1 7 3 2 5 0 20 73 37 7 1 55 2 0 3 7 5 1 3 1 2 0 6 5 1 19
9 3 11 7 19 43 8 2 6 2 4 36 457 10 16 193 519 924 3292 40 132 674 220 28 104 2 21 13 35 61 69 37 1016 2133 0 11 186 5539 69 25 400 22 140 1162 283 2357 27 50 7 19 2 1 10 19 7 4 49 112 21 129 251 27 69 36 28 55 43 51 169 11 36 112 2135 958 425 266 74 70 213 0 5 7 19 36 89 76 27 10 46 24 463 10 3 3 56 256 25 8 114 77 4 3 12 5 7 4 5 15 6 0 7 13 97 44 56 83 139 108 190 238 1058 1304 1057 130 328 11 70 9 1 78 31 6 13 293 42 856 73 20 1481 1109 40 266 76 11 68 20 74 23 583 525 385 11 16 8 4 25 2 7 1 8 16 27 1 6 91 140 93 50 13 48 67 52 147 236 22 80 6 7 102 20 126 615 439 45 24 548 7 7 14 59 30 26 30 9 14 7 39 29 14 122
2 2 1 1 3 3 1 1 0 1 0 3 16 263 841 1149 192 8907 116 170 6 21 34 329 9 5 234 1163 29 36 11 1 32 166 2 7 28 69 14049 17 555 69 458 8 26 410 11 122 45 4 0 3 3 14 17 3 50 36 16 31 3593 46 76 228 1820 50 29 33 3712 14 70 5 26 21 85 1655 4 2 5 0 8 1 13 5 11 11 4 9 48 3 197 36 2 13 69 30 1 0 5 58 0 1 1 0 1 3 0 0 0 0 1 1 16 386 452 6 7 196 9 1830 23 1670 14 1 6 3 5 24 0 449 17 8 3 10 2 43 5 1 31 44 772 14 740 1 4 31 167 39 66 1798 21 4 14 0 2 9 0 4 1 2 2 4 0 0 8 8 160 184 5 75 4 14 24 12 17 132 1 3 72 18 2 12 89 0 19 8 3 4 21 1 3 45 8 10 0 1 2 1 1 3
12 6 12 1 6 10 0 9 2 0 1 11 2 872 252 10 69 63 20 25 163 3261 5902 4893 3415 3386 4508 19 359 20 8 1 13 26 1558 393 28 25 17 11980 1707 396 1959 3 5 21 713 18 148 1 9 10 61 270 29 12 72 13 277 24 57 59 71 139 27 3 927 181 33 38 28 3 7 8 16 16 1 0 3 0 20 0 96 330 293 808 138 8 45 4 43 69 15 28 349 17 1 3 388 55 0 0 1 1 0 0 0 1 0 0 0 0 19 13 6 11 9 59 27 57 73 274 193 4 7 2 5 0 0 3 0 0 0 4 3 14 26 4 43 39 5 20 4 0 0 2 2 2 16 42 25 2 8 0 0 1 2 0 1 3 0 0 0 0 1 11 6 6 1 4 1 1 4 5 3 2 1 4 5 1 0 8 11 0 6 8 2 2 10 3 1 12 2 2 0 0 1 1 1 1
2204 1481 1164 1245 747 885 123 642 40 273 101 1203 12 729 1247 616 1047 1927 398 510 1102 1718 6522 4059 850 510 1610 231 421 1159 1162 148 744 674 238 44 200 400 555 1707 6671 3315 1936 44 134 448 410 383 1711 98 96 89 55 204 2231 1074 418 227 89 76 1001 494 247 268 245 112 337 455 518 415 501 200 299 96 1036 559 131 4 135 16 491 53 1375 416 1540 371 278 407 1121 110 1118 2104 242 718 949 930 210 64 233 387 29 14 51 81 29 43 15 18 43 16 42 56 3 25 65 2 12 21 12 179 52 195 46 36 42 4 6 7 2 34 44 4 37 263 12 269 3 2 180 119 74 8 69 10 34 51 120 6 52 487 27 77 134 4 4 74 13 12 21 69 17 33 0 6 125 12 70 56 35 75 60 59 112 48 59 90 21 66 271 81 164 196 58 13 100 128 53 58 387 12 19 340 96 18 29 4 14 5 1 15
14 10 8 3 5 0 1 5 4 2 1 4 2 44 30 28 16 139 26 11 11 105 1862 6176 136 86 264 8 27 5 5 2 8 11 21 11 2 22 69 396 3315 4328 3396 33 93 125 90 72 952 35 0 2 6 25 56 22 10 3 6 2 392 85 88 39 50 76 40 29 304 53 71 4 10 6 15 413 11 1 8 1 33 1 53 26 18 33 26 33 147 34 917 189 6 89 248 8 8 1 17 7 0 1 2 1 0 1 0 0 0 0 0 0 1 2 14 1 1 1 0 18 4 16 2 0 1 1 2 2 0 2 2 1 2 3 0 7 1 0 7 7 3 3 10 1 2 34 68 2 7 164 0 12 36 3 2 46 1 0 1 6 0 1 0 1 2 2 27 48 17 45 1 0 2 2 78 76 2 7 231 68 2 9 1 0 74 2 5 16 39 1 1 98 27 3 1 0 0 0 0 0
31 12 25 6 13 12 8 16 13 4 0 12 14 630 402 175 120 726 137 79 134 1611 1606 4006 1148 278 2607 116 573 95 37 5 39 97 396 166 29 140 458 1959 1936 3396 7962 158 525 1050 1079 527 3821 255 5 25 89 326 69 25 204 38 246 20 3548 665 2532 9535 590 382 1266 596 2667 602 315 21 72 45 112 2538 59 5 62 4 98 31 148 385 302 844 342 136 999 222 5620 469 99 1179 4047 68 44 10 449 106 1 11 0 2 7 2 0 5 1 0 2 2 8 28 94 5 10 28 15 236 46 291 98 8 4 1 10 5 4 33 27 3 4 10 8 34 5 1 51 63 77 22 149 8 9 141 407 14 25 1345 23 69 194 5 6 324 5 7 12 57 2 5 0 3 5 14 233 299 109 241 11 20 16 15 306 385 10 47 1238 423 7 20 30 3 425 28 25 115 340 6 0 787 220 10 2 1 1 3 5 5
1 0 0 0 0 2 1 1 11 2 0 6 3456 4 5 3 179 141 3308 72 6 29 7 12 10 0 2 4 1 0 2 0 22 21 1 1 10 1162 8 3 44 33 158 7906 3762 3367 7 60 6 387 0 5 2 4 3 1 1 2 3 0 94 26 72 13 11 606 4 6 46 16 47 132 2078 3802 4 120 698 1846 5381 25 48 172 0 1 4 8 3 146 188 246 1404 5 1 10 120 4 43 7 6 0 0 3 3 1 4 1 0 9 0 0 1 2 34 34 168 37 73 119 122 547 591 1760 662 38 91 6 25 4 2 40 5 2 2 54 6 235 32 13 701 519 62 96 41 2 17 22 68 21 353 530 129 4 21 5 1 40 3 4 5 5 1 3 0 1 24 53 60 62 17 114 13 19 36 63 29 69 6 4 157 70 39 203 583 17 55 198 4 15 37 13 3 68 24 2 8 2 10 9 5 32
3 0 3 2 0 1 9 6 154 16 0 3 1752 1 7 7 35 27 811 22 4 9 9 42 7 1 16 3 13 6 5 1 13 22 1 0 3 283 26 5 134 93 525 3762 8287 569 5 119 43 4625 1 26 11 9 8 5 10 7 1 1 98 82 219 59 91 2045 9 4 290 64 197 133 256 482 9 193 1585 807 1581 75 246 605 8 6 8 8 1 781 1630 3711 4174 27 6 31 324 6 559 68 2 7 2 7 5 2 12 4 1 10 3 3 2 6 0 4 115 4 2 7 1 97 17 69 17 1 4 5 8 10 3 8 44 10 7 4 1 11 5 0 29 14 30 14 153 8 13 244 881 9 41 2453 19 57 194 16 12 359 5 10 15 67 4 10 0 5 4 5 394 431 122 633 11 36 20 12 408 619 14 47 2233 561 7 14 29 2 525 32 30 204 334 4 2 788 233 9 9 0 2 1 1 5
3 0 2 0 5 4 2 2 26 1 0 5 1351 19 16 32 377 3061 3121 224 5 48 34 443 26 5 195 48 36 10 4 3 124 95 5 0 22 2357 410 21 448 125 1050 3367 569 3608 12 33 44 5 1 1 6 16 15 6 14 6 2 1 299 32 166 458 187 1588 50 16 415 18 41 57 988 403 23 225 158 62 313 1 4 2 18 16 15 14 10 15 65 16 779 28 3 14 109 25 87 13 9 11 0 16 0 1 11 4 2 6 2 1 0 5 8 223 947 5 6 82 7 1648 23 1812 40 1 6 4 3 57 1 237 78 21 11 18 5 53 15 2 58 27 717 35 987 8 20 184 1102 80 109 6400 44 6 19 6 5 46 0 2 0 5 2 14 0 6 14 15 690 387 19 723 12 56 34 28 50 747 3 5 649 90 6 31 186 7 69 43 2 4 19 8 6 60 41 28 12 2 7 6 9 4
11 2 10 5 7 9 6 6 2 2 0 5 3 1260 137 8 135 21 9 17 68 318 362 991 518 92 1438 35 771 95 55 3 29 259 779 2696 276 27 11 713 410 90 1079 7 5 12 4500 3 30 0 10 13 72 287 22 5 395 177 2193 430 22 27 122 308 112 2 1027 4926 94 17 10 6 17 27 151 12 2 1 12 1 16 2 93 218 123 330 1321 7 15 2 20 40 13 10 131 59 0 9 176 199 3 0 1 0 1 0 2 1 0 0 1 0 12 10 0 18 32 23 37 28 105 190 171 5 16 2 2 0 0 5 4 1 0 28 4 96 9 2 111 163 4 27 6 1 6 1 6 1 32 40 45 1 3 0 0 0 2 0 1 2 0 2 0 0 13 15 9 6 6 3 5 0 13 27 1 8 2 1 5 1 4 36 27 3 1 15 0 1 8 2 2 8 3 0 1 0 4 2 1 2
15 4 14 1 9 7 5 11 6 2 0 4 3 12 36 34 14 161 28 16 5 59 38 50 17 2 27 6 25 16 8 1 15 40 0 1 5 50 122 18 383 72 527 60 119 33 3 12813 351 362 2 24 4 9 25 10 17 17 2 3 274 9766 3139 59 103 57 38 9 1638 960 4200 8 31 9 29 7972 21 2 31 17 271 68 39 18 20 28 4 614 4464 181 1423 118 43 169 1413 15 18 7 10 13 0 8 2 3 5 0 1 2 1 0 0 3 0 3 2 4 3 4 1 11 6 14 4 3 7 9 13 8 7 7 23 7 1 1 2 12 11 0 4 4 3 25 16 7 17 94 49 2 11 93 22 356 911 7 19 429 13 16 63 195 3 1 0 0 4 4 36 105 227 29 4 18 6 8 315 87 48 236 851 194 2 4 12 5 598 14 165 172 1491 5 1 2153 365 0 8 1 5 6 2 4
94 35 56 11 12 11 19 42 2 17 1 15 2 33 62 18 29 135 17 12 17 175 426 739 77 42 127 3 27 45 15 4 12 7 6 5 5 7 45 148 1711 952 3821 6 43 44 30 351 9140 113 14 6 3 38 83 26 10 4 1 1 112 568 87 15 22 30 37 21 62 537 487 3 10 13 20 207 11 2 5 8 172 22 124 66 31 66 15 278 898 80 407 5197 81 4516 5043 16 9 7 23 9 2 2 0 2 1 1 1 1 0 0 0 0 1 0 5 0 0 0 1 6 1 14 4 2 1 0 1 0 1 4 5 0 1 8 0 3 1 0 5 4 6 0 8 3 2 11 4 1 1 48 2 66 139 0 2 47 5 2 16 70 0 0 0 0 5 1 7 11 18 10 1 4 1 2 39 18 16 50 112 30 4 11 1 1 56 4 29 36 272 0 1 286 48 3 0 0 1 2 0 1
8 1 2 1 1 3 18 8 181 10 1 4 30 0 5 4 2 8 26 1 0 4 6 16 2 2 4 1 2 1 0 0 4 7 1 0 1 19 4 1 98 35 255 387 4625 5 0 362 113 10783 25 349 8 1 10 0 2 0 0 0 5 442 307 2 8 1787 2 2 121 174 135 57 50 1467 3 105 1483 468 523 1024 809 3886 14 1 2 4 0 2930 2509 5221 912 42 31 72 671 1 762 71 5 2 1 1 4 2 3 3 1 1 7 2 3 5 1 0 0 3 1 1 1 2 2 4 5 1 4 5 6 2 0 3 14 1 2 5 0 4 3 0 4 4 1 17 2 6 8 52 27 2 10 53 6 252 639 4 3 457 75 15 132 253 2 2 0 3 0 0 13 49 117 51 6 12 4 3 170 46 49 187 556 107 2 8 14 0 356 12 107 763 1518 0 2 1719 248 1 12 3 1 2 3 2
156 20 75 10 13 22 57 69 11 28 3 19 0 1 3 0 2 0 1 1 2 10 1 0 10 0 4 0 37 72 22 6 16 8 0 0 2 2 0 9 96 0 5 0 1 1 10 2 14 25 10586 6980 14 90 285 16 10 9 2 0 1 3 4 8 4 7 22 23 6 129 16 9 3 26 29 0 22 2 4 705 632 155 351 100 16 30 8 24 8 1 4 6169 5751 69 4 16 14 18 8 15 1 0 4 3 2 1 0 0 2 2 1 0 0 0 0 1 0 0 1 0 1 0 0 0 3 0 0 0 0 0 4 0 3 6 1 18 0 0 9 9 0 1 0 1 2 0 1 0 2 0 0 9 5 0 0 1 59 15 137 62 3 0 0 0 3 0 1 0 1 2 3 5 5 2 0 0 15 7 0 0 10 11 5 0 0 6 13 10 42 2 0 10 8 0 1 0 0 0 0 0
386 59 174 37 47 43 141 213 37 68 9 48 0 4 1 0 6 0 1 0 1 16 4 7 22 0 12 4 76 193 48 11 61 21 2 0 9 1 3 10 89 2 25 5 26 1 13 24 6 349 6980 12495 55 186 450 22 18 30 8 1 3 40 23 10 14 97 37 51 13 74 54 23 21 360 132 7 151 19 36 10381 2479 1171 566 193 48 56 27 400 256 51 21 1889 1453 27 28 46 99 58 15 39 8 3 6 8 9 2 5 12 3 0 9 8 0 0 0 0 1 0 2 2 5 1 2 6 8 4 2 0 0 2 4 0 6 61 0 43 2 0 17 10 0 1 1 3 10 9 9 3 12 3 6 96 47 8 5 33 2452 269 4319 1563 26 6 2 0 14 1 2 1 14 174 14 10 12 5 1 3 463 264 34 8 19 37 148 2 6 85 365 334 803 4 10 133 123 7 33 7 3 3 1 2
893 97 275 33 93 106 611 457 163 244 26 161 2 23 10 1 14 4 0 0 13 45 13 22 102 5 46 5 1695 650 154 16 95 39 11 4 14 10 3 61 55 6 89 2 11 6 72 4 3 8 14 55 7913 4744 5535 3 129 30 20 5 9 9 58 63 57 8 295 198 38 8 6 69 25 33 218 6 78 6 39 7 20 11 2981 362 67 108 117 11 11 4 20 43 38 4 46 77 231 3914 85 182 7 4 14 14 4 24 8 1 17 9 14 11 0 1 0 0 1 0 0 0 6 1 1 7 10 0 1 0 0 1 8 0 8 56 3 49 0 1 20 13 1 1 0 2 7 1 1 0 8 6 1 0 0 3 1 0 0 0 0 1 4 8 1 1 40 0 1 0 1 0 13 13 21 7 0 6 0 1 3 1 36 38 13 1 0 23 0 0 3 3 6 0 1 6 5 1 0 1 0 0
2653 292 626 151 301 330 1449 1069 125 365 64 382 0 79 22 5 31 12 1 5 43 199 57 82 589 22 186 45 7067 1883 534 66 219 81 53 13 33 19 14 270 204 25 326 4 9 16 287 9 38 1 90 186 4744 9192 783 6 421 86 69 17 47 47 256 234 249 5 1594 719 162 52 18 73 52 48 739 16 115 4 42 19 97 11 3923 4380 257 627 602 15 34 5 62 237 159 45 136 357 249 3536 448 727 23 3 46 34 13 39 10 4 18 9 25 43 0 2 2 0 1 2 1 9 14 12 3 26 25 0 2 0 0 2 21 1 25 189 2 124 1 1 60 49 0 1 5 7 12 4 10 0 10 25 7 0 3 1 0 6 3 4 5 11 9 23 0 2 77 4 12 1 0 1 28 32 59 12 3 8 2 0 15 3 93 115 29 2 5 83 1 3 10 7 10 14 5 25 20 6 5 6 1 5
279 41 104 21 31 36 167 128 46 62 11 54 0 8 7 2 5 35 3 4 6 25 37 61 29 3 23 1 266 157 41 10 39 17 1 0 2 7 17 29 2231 56 69 3 8 15 22 25 83 10 285 450 5535 783 17427 248 30 8 4 3 49 42 22 18 24 5 47 51 35 68 53 19 13 7 85 28 20 1 7 24 177 11 5654 372 69 47 27 50 98 13 57 815 306 96 54 29 50 784 20 52 1 0 1 1 1 4 1 0 1 1 1 2 1 0 0 0 0 0 0 3 0 1 2 1 4 1 0 0 0 0 3 0 4 16 0 16 0 0 11 2 1 0 1 2 0 2 4 0 1 13 0 5 7 0 3 1 6 0 6 14 2 2 0 3 19 0 6 1 2 3 5 5 10 8 1 2 5 6 16 4 11 21 1 1 4 8 7 6 36 0 1 15 5 2 4 0 2 0 0 0
119 59 95 51 33 50 14 45 2 15 5 61 0 1 2 2 2 11 2 2 820 44 10 18 25 0 10 0 16 62 69 5 23 6 3 1 2 4 3 12 1074 22 25 1 5 6 5 10 26 0 16 22 3 6 248 3352 26 2 2 2 6 13 12 11 9 2 12 35 9 15 13 8 5 1 28 9 3 0 1 1 26 3 2092 30 2946 70 10 12 27 3 21 111 29 13 24 40 5 9 28 31 0 0 0 2 0 0 0 0 0 0 0 2 0 0 0 0 0 0 0 2 1 0 2 0 1 0 0 0 0 1 0 0 1 10 0 3 0 0 6 6 0 0 0 0 0 0 1 0 0 2 0 3 6 0 0 0 1 0 1 1 0 2 0 2 3 0 2 0 0 0 0 3 3 2 1 0 1 3 7 4 3 5 0 1 5 4 3 1 6 0 0 9 2 0 0 0 0 0 0 0
111 127 38 92 879 111 18 14 4 11 5 62 0 391 146 26 285 20 1 13 122 217 48 39 353 3 236 167 3727 3401 8212 14 147 357 69 57 316 49 50 72 418 10 204 1 10 14 395 17 10 2 10 18 129 421 30 26 5479 134 257 121 37 30 439 341 818 1 7139 2355 521 13 13 27 43 7 2597 59 14 0 9 1 25 4 220 376 446 1783 1060 5 24 1 69 72 31 12 115 2511 22 27 1676 8224 5 3 18 21 5 13 4 3 6 11 11 10 0 3 2 2 1 1 3 9 6 15 6 7 5 0 0 0 0 3 8 0 3 33 2 46 0 0 28 32 5 0 4 2 5 1 7 0 8 36 5 3 2 1 1 2 0 1 0 2 3 5 0 4 15 0 7 7 1 2 11 12 11 9 3 4 3 3 28 4 23 22 6 3 2 13 0 0 7 2 3 9 1 3 6 0 1 0 1 0
14 4 8 4 45 128 5 6 5 3 2 37 0 327 152 22 560 17 3 27 77 235 55 11 23 0 41 89 118 89 82 2245 1847 5251 26 548 632 112 36 13 227 3 38 2 7 6 177 17 4 0 9 30 30 86 8 2 134 11779 1139 1348 15 10 63 61 294 1 90 2546 308 9 14 150 167 50 15011 61 24 0 28 0 14 1 74 61 72 56 7 5 4 0 20 31 19 7 22 1367 34 6 52 680 6 2 11 14 6 9 4 2 7 4 7 20 0 2 3 1 7 2 1 14 18 17 8 8 16 2 2 1 0 1 8 2 9 106 11 159 0 1 75 69 3 2 2 6 9 0 6 1 12 35 6 1 3 1 0 2 4 6 0 2 8 25 0 1 48 4 5 4 1 3 28 19 51 18 3 10 13 1 12 4 34 116 32 5 1 23 0 0 5 6 11 3 2 5 4 1 5 0 2 2
5 1 4 0 4 2 1 2 0 1 0 5 0 1929 94 2 178 3 4 7 17 33 40 242 33 17 697 75 318 127 48 4 34 877 931 4458 492 21 16 277 89 6 246 3 1 2 2193 2 1 0 2 8 20 69 4 2 257 1139 2569 1961 10 4 47 99 179 0 160 1784 88 3 2 1 10 7 334 9 0 1 2 0 3 0 19 27 25 36 17 0 1 0 7 7 5 2 26 63 0 2 16 276 0 1 1 0 0 1 0 0 0 1 0 0 5 1 3 1 15 10 7 9 50 62 66 5 5 1 1 0 0 1 0 0 0 11 3 45 6 0 45 84 4 9 2 1 1 1 1 1 15 16 17 0 1 0 0 0 1 1 0 1 2 2 0 0 5 10 2 4 2 1 3 4 18 17 2 5 1 2 5 1 3 28 10 4 1 12 0 0 2 1 1 1 3 0 1 0 3 0 0 3
2 1 1 0 2 3 2 0 0 1 0 3 0 217 46 20 500 14 0 19 6 34 72 11 11 1 47 45 98 74 53 7 161 6084 71 761 1484 129 31 24 76 2 20 0 1 1 430 3 1 0 0 1 5 17 3 2 121 1348 1961 2809 5 2 11 17 114 0 34 1068 120 4 1 3 19 5 567 20 5 0 0 0 2 0 3 16 11 8 8 0 0 0 3 5 1 0 5 62 0 2 3 244 0 0 0 0 0 0 1 0 0 0 0 0 1 3 0 0 2 0 1 4 9 10 7 1 3 0 2 0 0 3 0 0 1 10 0 36 0 2 21 16 2 4 6 0 2 0 2 0 4 6 7 0 0 0 0 1 0 0 0 0 2 1 0 0 4 2 0 2 1 1 3 3 3 6 0 1 0 1 2 1 2 16 6 1 0 5 0 0 0 1 0 2 2 0 0 0 0 0 0 1
11 1 6 1 2 5 2 4 0 1 1 4 25 26 54 69 99 2032 111 83 15 95 77 1047 50 7 226 29 100 19 12 3 37 86 10 3 9 251 3593 57 1001 392 3548 94 98 299 22 274 112 5 1 3 9 47 49 6 37 15 10 5 7897 227 842 1133 327 156 174 34 4305 94 157 10 109 17 58 6843 10 2 23 1 35 1 42 58 22 81 12 40 238 24 1533 84 8 48 641 21 5 4 36 29 0 14 2 5 16 0 0 9 2 0 3 5 7 85 340 7 6 21 3 332 19 351 13 2 8 10 7 34 3 109 66 19 15 12 1 28 12 0 30 32 250 26 661 3 9 206 910 50 50 2759 59 20 54 7 4 110 0 4 7 9 2 21 0 4 7 10 387 403 58 199 14 59 38 28 112 667 4 22 662 131 3 26 40 8 139 22 3 11 49 4 5 160 77 20 7 4 7 2 6 7
34 9 19 2 5 5 10 19 5 4 0 3 2 37 50 66 17 133 24 25 20 180 123 144 70 12 76 16 69 29 14 3 13 21 7 2 1 27 46 59 494 85 665 26 82 32 27 9766 568 442 3 40 9 47 42 13 30 10 4 2 227 16693 21268 197 91 42 144 21 1361 8812 6836 5 16 18 33 1151 21 1 22 26 576 301 67 55 41 98 18 962 2719 169 722 212 353 1810 3980 18 13 6 58 22 3 5 3 2 2 1 1 0 3 0 0 1 1 0 0 0 1 4 3 10 8 23 14 4 4 6 8 7 4 6 10 0 0 6 1 3 5 1 5 20 0 14 8 8 10 39 33 1 9 49 13 612 963 11 13 107 25 16 85 388 1 0 0 0 5 1 11 50 180 23 10 7 5 3 98 35 93 391 269 64 3 5 8 2 193 3 266 127 1976 2 0 1358 298 2 3 1 4 2 0 4
13 2 9 2 11 8 4 8 7 1 0 10 3 281 246 85 30 200 51 23 30 199 60 134 99 4 312 45 706 114 54 5 34 93 59 13 15 69 76 71 247 88 2532 72 219 166 122 3139 87 307 4 23 58 256 22 12 439 63 47 11 842 21268 23949 7992 6071 113 919 264 12629 2137 1780 10 50 29 176 2106 37 5 42 7 157 49 75 188 90 291 48 232 2086 180 2191 79 102 218 3818 72 16 9 152 225 2 8 2 0 2 0 0 4 0 0 0 1 3 13 27 8 15 8 11 77 32 81 58 4 11 7 6 5 1 13 17 3 3 15 4 36 6 1 49 57 33 22 59 2 5 94 111 1 22 474 23 165 363 3 10 267 9 5 24 80 2 5 0 2 3 4 83 117 105 76 6 12 11 18 227 134 13 100 663 198 3 24 11 3 380 21 56 87 571 5 2 1045 204 1 9 1 2 2 4 5
17 5 7 2 6 5 5 2 0 2 1 4 11 858 569 25 27 212 39 8 29 210 78 285 212 11 1172 1038 616 57 34 2 16 50 168 76 24 36 228 139 268 39 9535 13 59 458 308 59 15 2 8 10 63 234 18 11 341 61 99 17 1133 197 7992 7411 2211 78 931 494 1431 63 56 2 22 11 75 263 1 2 7 1 17 2 58 192 104 316 121 21 88 9 731 34 15 15 1688 25 1 3 171 173 0 2 0 0 2 0 0 2 0 0 1 0 6 34 127 1 8 11 8 502 19 369 24 3 5 2 2 6 0 42 19 4 2 11 1 42 1 0 37 39 226 13 249 2 6 26 137 12 22 1548 22 4 11 0 0 14 1 0 1 2 2 1 0 3 7 5 228 63 10 70 10 15 16 13 18 140 2 4 95 19 2 22 20 1 29 11 0 9 21 2 2 53 9 3 1 1 2 1 2 1
20 2 5 4 18 21 7 7 1 3 0 12 21 1660 2364 528 168 405 40 35 24 78 43 118 33 2 1955 2313 857 317 122 2 57 313 115 68 77 28 1820 27 245 50 590 11 91 187 112 103 22 8 4 14 57 249 24 9 818 294 179 114 327 91 6071 2211 5741 74 634 620 7739 29 38 8 25 21 451 445 7 7 11 0 15 4 76 101 69 111 37 11 28 6 249 29 9 11 338 133 1 14 62 514 0 9 0 1 9 1 0 3 1 0 1 0 5 148 327 11 18 29 18 1244 58 977 56 4 17 2 10 19 2 167 38 13 4 19 4 75 7 1 92 93 622 28 602 5 9 73 354 38 42 3109 49 1 19 0 2 35 1 1 0 6 6 10 0 1 18 19 368 176 13 75 8 33 40 32 32 305 3 6 233 49 10 39 34 9 61 27 1 4 24 10 2 49 22 17 6 1 4 6 4 9
1 0 3 3 0 0 2 1 64 4 0 1 1136 2 1 5 11 84 331 5 1 1 6 68 0 0 21 11 8 2 0 0 3 3 1 0 2 55 50 3 112 76 382 606 2045 1588 2 57 30 1787 7 97 8 5 5 2 1 1 0 0 156 42 113 78 74 2836 4 0 105 29 61 38 39 1110 4 117 787 912 316 194 162 878 7 2 1 0 2 486 328 629 1477 20 3 11 229 0 296 30 3 0 0 4 2 1 3 2 1 1 1 0 0 3 0 2 104 0 0 2 0 41 6 70 5 0 2 1 1 5 0 11 9 4 1 0 1 3 3 0 10 5 13 7 36 2 1 72 233 23 13 927 4 11 29 1 3 32 24 5 34 32 2 1 1 0 0 2 53 122 15 1528 0 6 3 3 49 82 6 15 405 91 3 8 25 1 57 10 8 13 49 0 1 102 39 6 5 1 0 0 0 0
232 132 128 97 131 175 37 64 9 34 22 236 0 187 56 5 76 17 1 4 37 559 168 309 2718 67 743 99 5458 685 927 49 150 111 114 41 82 43 29 927 337 40 1266 4 9 50 1027 38 37 2 22 37 295 1594 47 12 7139 90 160 34 174 144 919 931 634 4 7645 3113 569 72 33 35 37 28 2156 58 45 1 14 3 39 1 301 3526 443 2556 3845 17 63 4 161 92 38 24 556 462 48 21 3154 3993 3 2 13 11 8 10 6 3 6 4 19 15 1 3 6 4 8 3 1 23 21 29 12 9 20 0 2 1 0 4 12 1 13 106 1 98 2 0 57 40 10 5 6 3 27 5 13 1 8 81 8 2 8 1 0 9 2 1 2 4 3 14 0 1 32 5 15 15 3 5 21 19 39 13 6 16 4 2 27 7 55 69 14 8 10 37 1 3 14 3 9 17 3 13 6 0 2 1 1 2
46 11 39 13 12 18 13 22 3 3 0 22 1 621 161 19 341 29 6 7 154 447 112 290 392 9 810 193 2075 276 308 5 114 1342 237 937 603 51 33 181 455 29 596 6 4 16 4926 9 21 2 23 51 198 719 51 35 2355 2546 1784 1068 34 21 264 494 620 0 3113 3567 438 21 16 9 31 60 3205 45 12 1 17 4 43 2 224 505 377 1116 533 13 24 2 38 113 52 31 110 76 2 12 1217 2344 5 2 3 5 2 1 3 4 1 0 1 2 10 5 4 6 41 10 29 35 117 72 79 28 44 0 3 1 0 10 8 2 2 137 23 387 0 1 323 349 13 17 8 5 36 3 6 1 58 45 57 3 7 1 1 2 3 4 2 6 12 22 0 0 62 23 26 13 4 4 35 17 97 113 0 5 11 2 15 5 31 195 71 14 6 70 1 1 7 9 12 10 6 3 4 1 7 8 2 10
15 7 7 5 29 29 3 7 5 3 0 13 11 615 1788 1182 282 1852 74 236 32 140 89 281 57 2 284 284 616 268 126 14 160 640 48 30 71 169 3712 33 518 304 2667 46 290 415 94 1638 62 121 6 13 38 162 35 9 521 308 88 120 4305 1361 12629 1431 7739 105 569 438 8180 267 565 19 124 35 618 4601 24 5 47 1 65 15 68 107 78 131 30 40 233 50 1273 55 21 57 1507 242 13 11 67 428 2 16 1 1 17 8 2 10 1 0 4 11 10 42 244 7 17 15 25 459 72 299 88 11 29 7 18 19 2 62 87 17 11 32 6 140 14 3 140 154 265 51 559 7 18 223 905 18 66 3811 95 50 171 5 22 386 2 6 10 32 6 26 1 5 28 25 716 405 131 134 27 63 68 60 346 843 11 34 1205 331 16 64 58 17 518 63 20 79 238 14 11 866 221 21 14 3 10 11 9 10
149 42 79 8 23 13 24 52 4 14 3 13 1 22 28 21 9 64 13 7 13 115 89 101 47 8 49 5 44 67 21 2 12 13 3 0 3 11 14 38 415 53 602 16 64 18 17 960 537 174 129 74 8 52 68 15 13 9 3 4 94 8812 2137 63 29 29 72 21 267 10734 3603 6 11 17 38 275 20 4 12 122 1625 641 164 70 36 73 19 878 1110 128 379 1322 2616 2215 2876 23 17 10 33 16 6 1 0 2 2 2 1 1 3 2 0 1 2 0 2 0 2 3 1 4 4 14 4 2 4 5 1 1 0 2 5 1 1 15 3 12 2 0 8 5 2 7 3 10 9 19 11 1 4 22 4 343 256 14 11 40 169 59 429 1018 4 1 0 2 4 0 8 23 43 18 4 5 9 3 39 16 295 538 118 43 7 17 8 1 54 10 409 63 1432 2 1 322 304 5 4 2 2 0 0 2
72 16 49 4 11 18 13 51 7 10 4 18 7 21 16 25 10 96 37 15 7 68 72 86 23 5 36 2 25 40 18 3 12 15 2 1 1 36 70 28 501 71 315 47 197 41 10 4200 487 135 16 54 6 18 53 13 13 14 2 1 157 6836 1780 56 38 61 33 16 565 3603 9840 7 28 28 39 1328 38 6 27 52 4167 373 82 59 20 48 6 1244 2235 299 989 523 214 598 969 13 22 6 12 12 12 5 3 0 3 4 7 1 3 0 2 1 0 1 2 1 0 2 0 4 4 11 3 2 4 4 5 6 3 3 3 1 1 13 2 12 3 0 9 4 5 7 2 8 8 30 23 1 11 54 6 364 320 14 6 72 98 33 234 675 4 3 0 1 7 0 13 30 72 17 7 3 5 2 49 26 204 476 157 54 4 5 6 2 60 15 311 71 1451 3 0 456 307 3 4 0 1 6 0 0
