44283 6482 8908 3594 1702 3670 14618 10467 270 3197 136 2885 2 21 27 3 4 9 1 3 31 55 13 6 26 2 3 15 2663 6506 516 73 48 18 4 9 10 4 15 16 627 15 21 1 4 6 12 47 176 5 135 163 759 1733 701 212 139 5 8 2 12 151 31 5 20 0 235 11 51 186 74 60 12 3 36 21 15 1 23 1 186 2 1718 596 941 113 6 72 94 18 25 403 296 222 57 116 83 2741 39 16 53 14 111 94 22 123 16 72 112 67 126 140 0 0 0 0 0 0 0 0 2 0 0 5 9 3 5 0 0 0 43 3 21 38 0 10 0 0 5 1 0 3 2 2 7 0 3 0 3 2 0 0 1 0 1 1 4 0 5 1 4 2 1 32 4 0 1 0 2 0 9 6 18 0 0 2 0 1 0 1 120 10 5 2 0 30 1 0 4 0 2 1 0 13 74 22 3 4 0 4
6482 7886 6282 9495 1192 4312 269 17 14 555 121 2583 0 7 3 2 0 1 0 0 22 17 7 1 5 1 0 3 262 3728 129 16 10 4 0 4 2 0 3 4 326 2 5 4 2 2 4 17 40 0 35 43 109 157 151 76 44 0 3 0 8 52 9 0 4 1 62 5 16 45 18 23 1 5 18 6 7 0 15 1 56 1 482 198 473 67 1 14 21 4 8 94 67 51 16 18 40 192 13 8 40 18 77 81 24 104 17 53 72 67 109 121 0 0 0 0 0 0 1 1 0 0 0 4 7 5 3 0 0 0 34 3 16 32 0 8 0 0 5 3 0 0 1 3 6 0 0 0 1 0 0 0 0 0 0 2 0 0 0 0 2 0 0 24 5 0 0 0 0 0 9 2 11 0 0 0 1 0 0 0 91 1 1 2 0 22 1 0 0 3 8 0 1 14 66 12 6 4 0 1
8908 6282 25036 1666 335 1911 1521 1975 490 7163 432 10839 2 13 7 6 3 8 3 2 68 52 22 8 13 2 4 14 455 491 95 35 23 8 5 7 10 6 6 7 685 22 26 0 4 11 15 30 222 5 132 135 500 726 641 252 104 0 3 1 29 154 22 4 13 2 192 8 31 168 74 80 9 7 38 15 33 1 187 5 171 6 1633 598 1217 117 6 78 124 26 29 428 314 221 68 48 181 966 36 24 160 50 317 292 78 433 77 203 348 216 342 426 0 0 0 0 0 2 2 2 1 0 1 17 21 2 11 0 0 0 122 6 73 102 1 25 1 0 4 9 1 3 0 8 15 0 2 0 4 2 4 2 0 4 1 0 3 3 5 2 11 11 3 86 17 0 0 0 1 1 26 16 34 1 1 2 0 1 0 1 303 16 4 2 0 68 2 0 4 6 18 0 0 35 265 58 10 11 0 5
3594 9495 1666 16317 3465 19329 163 30 24 834 94 7029 0 11 3 1 4 5 0 1 34 38 8 4 9 2 6 8 191 1330 194 40 20 3 2 4 7 2 4 3 405 2 5 2 1 1 10 19 55 0 25 34 92 95 138 101 73 5 10 0 7 47 18 5 12 0 103 10 14 45 14 30 8 4 35 9 8 0 24 0 47 0 489 241 609 122 0 15 29 2 13 82 68 51 10 60 56 150 15 12 64 24 128 113 39 143 28 73 131 87 141 160 0 0 0 0 0 0 1 1 1 0 0 9 9 2 8 0 0 0 71 2 39 45 0 9 0 0 5 1 0 1 0 5 7 0 2 0 0 0 1 0 0 0 0 0 0 1 0 0 4 3 0 33 6 0 0 0 0 0 12 10 10 0 0 0 0 0 0 0 161 10 6 2 0 36 2 1 3 3 11 2 0 9 116 26 7 4 0 4
1702 1192 335 3465 11439 10438 482 24 36 237 190 5677 1 92 95 17 24 13 3 18 97 170 43 13 52 1 11 75 871 6048 9945 1441 780 151 22 69 137 38 82 24 482 14 48 2 2 6 43 85 59 0 27 31 173 185 162 113 1538 48 55 23 26 153 89 21 86 2 286 40 287 68 23 497 117 11 225 32 20 0 76 0 32 0 534 409 724 243 17 12 32 5 12 88 57 82 51 3609 97 453 84 76 50 13 89 100 30 97 22 50 84 56 117 122 0 0 2 0 0 2 1 6 4 1 2 9 9 4 3 0 1 1 33 7 23 54 1 20 0 0 11 9 2 5 2 6 8 0 1 0 5 7 6 0 1 0 1 0 0 3 4 0 6 2 2 28 4 0 1 1 2 0 11 3 10 2 1 2 1 2 2 0 153 23 7 0 1 33 2 0 0 5 6 1 1 13 77 16 4 6 1 3
3670 4312 1911 19329 10438 22984 273 36 53 680 261 27179 0 57 45 8 14 9 1 16 102 208 56 7 35 1 8 36 293 1971 809 7152 3261 150 7 43 81 25 43 15 441 6 25 3 2 2 29 65 29 3 8 20 106 130 123 80 176 58 26 19 16 80 56 8 45 1 279 38 175 60 18 808 103 7 237 22 16 2 89 1 36 0 363 294 578 199 10 10 20 2 11 70 38 44 28 1762 158 192 57 24 68 24 133 123 42 152 37 68 165 120 186 189 0 0 1 0 0 0 5 0 4 2 0 13 12 6 10 0 0 0 54 1 28 81 2 30 0 0 10 5 3 2 1 2 12 1 2 0 4 6 3 1 0 1 4 2 1 1 0 0 4 6 2 33 1 0 1 1 0 0 18 3 20 2 0 6 1 2 2 1 159 25 5 2 2 41 0 0 0 2 17 3 0 12 114 14 5 3 0 4
14618 269 1521 163 482 273 17685 6406 3459 2795 142 336 1 20 14 2 4 5 0 2 12 38 20 6 11 1 4 11 4273 2169 209 35 17 4 1 12 9 0 5 4 104 3 12 0 13 2 15 15 65 9 68 67 872 1452 455 35 357 2 8 3 4 56 15 5 10 5 171 17 37 64 29 110 4 17 40 13 28 3 15 2 90 11 785 207 210 31 9 43 38 8 15 202 163 84 34 110 326 7504 17 10 6 3 30 21 6 27 4 13 20 15 26 30 0 0 0 0 0 0 0 0 1 0 0 7 6 1 3 0 0 0 9 0 2 9 0 6 0 0 0 1 1 0 0 1 2 0 0 0 0 1 0 2 0 0 0 0 2 4 2 2 1 1 0 5 3 0 1 0 0 0 4 0 2 0 0 0 0 0 0 0 33 4 1 0 0 6 1 1 2 0 1 2 0 5 17 1 1 2 0 0
10467 17 1975 30 24 36 6406 14736 3301 11119 102 212 0 0 1 3 0 1 1 0 3 9 7 0 2 0 0 1 79 42 11 4 3 0 2 0 1 1 0 1 123 5 3 0 3 1 3 9 30 3 35 31 210 470 191 39 24 0 0 1 1 27 1 0 1 2 50 3 6 27 12 24 3 4 5 3 6 0 14 0 49 2 393 97 154 14 1 20 17 7 9 96 69 48 13 6 62 782 2 3 12 5 21 14 11 33 5 25 41 21 40 29 0 0 0 0 0 0 0 0 0 0 0 0 0 0 1 0 0 0 9 0 7 6 0 1 0 0 1 0 0 0 0 1 4 0 1 0 0 0 0 0 0 0 0 0 3 1 2 0 0 0 0 5 2 0 0 0 0 0 2 0 3 0 0 0 0 0 0 0 19 2 0 1 0 4 0 0 0 0 3 0 0 1 16 9 2 1 0 0
270 14 490 24 36 53 3459 3301 1293 4126 393 422 37 5 0 0 0 1 2 0 24 96 75 6 63 8 3 2 17 37 23 44 31 3 3 3 5 1 2 16 42 4 14 14 150 9 88 5 1 250 29 84 167 33 47 9 7 47 15 1 2 4 11 2 2 36 16 119 9 6 0 813 21 183 148 1 675 63 67 104 6 208 28 19 57 22 55 74 15 34 23 3 3 1 8 71 6057 2658 25 8 3 3 14 9 6 15 4 11 14 5 15 22 0 0 1 0 0 0 3 3 1 0 1 3 3 1 1 0 0 0 4 0 4 9 0 2 0 0 5 2 0 0 0 0 3 0 1 0 1 1 0 1 1 0 0 1 8 1 21 3 1 2 0 1 0 0 2 0 0 1 1 1 3 0 1 1 1 2 3 0 13 8 3 0 0 7 0 1 5 0 0 1 0 1 13 4 0 1 0 0
3197 555 7163 834 237 680 2795 11119 4126 29355 17170 30258 0 4 3 1 2 2 1 1 17 38 7 1 8 0 1 6 64 110 31 52 93 11 2 4 2 1 4 1 160 2 1 0 2 2 8 10 17 8 20 26 217 231 131 45 27 4 3 2 3 36 12 2 9 1 57 3 13 22 6 1268 10 7 25 0 352 1 1442 2 22 4 270 96 178 37 1 13 20 2 3 80 60 34 10 35 1614 1317 10 2 212 45 464 386 111 576 117 310 572 386 645 680 0 0 0 0 0 0 0 2 2 0 0 8 9 1 11 0 0 0 135 9 88 81 2 19 0 0 4 2 1 0 0 9 20 0 0 1 2 0 4 0 0 3 4 5 1 0 2 0 9 6 10 69 4 0 1 0 0 2 26 16 20 0 0 1 1 1 0 0 293 12 4 0 0 43 1 0 3 5 27 1 1 16 362 81 9 14 0 4
136 121 432 94 190 261 142 102 393 17170 4203 3577 0 3 1 3 1 1 0 1 12 31 11 0 3 1 1 3 15 56 36 51 66 9 0 2 4 8 4 5 51 1 3 1 0 1 5 4 4 2 1 1 41 8 15 8 15 5 4 0 1 8 6 1 6 0 26 3 9 5 0 1511 14 7 31 2 46 0 194 0 4 1 41 27 72 27 2 3 1 1 4 8 6 2 5 65 1620 325 8 3 99 23 211 195 62 288 65 154 277 191 353 361 0 0 0 0 0 0 0 1 0 1 0 10 10 3 11 0 0 1 85 5 46 63 0 17 0 0 3 3 0 2 0 5 18 0 2 0 0 1 1 1 1 2 0 1 1 0 0 1 8 6 3 50 2 0 0 0 0 2 17 5 14 0 0 0 1 0 1 0 201 10 4 1 0 41 2 0 1 2 10 0 1 23 214 43 10 5 0 2
2885 2583 10839 7029 5677 27179 336 212 422 30258 3577 51959 2 55 48 14 16 13 2 16 169 303 84 14 84 2 10 57 241 1497 780 1771 3534 121 17 60 54 37 47 14 679 9 27 6 7 5 89 56 60 3 21 28 194 165 162 131 151 161 47 11 13 114 73 16 65 0 379 90 224 67 14 1729 99 29 385 23 161 1 1261 3 28 4 543 373 880 292 27 16 24 5 13 88 50 56 61 1206 1149 434 126 38 297 101 647 592 166 798 166 373 690 450 816 870 0 0 0 0 1 3 2 5 6 3 2 48 41 9 26 0 0 1 216 8 129 180 5 54 0 0 22 15 4 6 1 20 32 3 3 0 6 3 4 0 1 1 8 4 2 3 2 0 22 13 14 136 29 0 0 1 0 4 69 18 42 0 1 4 0 3 5 0 553 45 17 6 0 150 4 0 5 8 40 2 1 42 510 122 23 24 1 16
2 0 2 0 1 0 1 0 37 0 0 2 7552 1 0 3 458 1423 6160 495 0 4 9 29 3 3 31 33 1 1 0 2 82 22 3 2 49 571 29 11 13 5 77 7501 6994 6701 4 50 8 198 2 34 6 0 0 0 1 2 1 0 42 23 19 35 24 1684 1 2 12 6 16 86 408 876 3 7 297 434 275 12 5 39 1 2 0 2 0 126 162 325 1101 9 0 5 62 2 108 21 1 0 0 3 0 0 2 1 0 0 0 0 1 0 5 93 720 15 4 69 56 1618 156 878 78 2 2 6 8 37 1 76 7 5 2 7 2 6 14 4 47 36 454 16 338 2 2 33 168 93 295 943 8 11 19 3 2 39 5 1 6 1 1 2 1 13 5 1 230 175 45 108 9 15 14 2 46 434 2 3 283 65 10 41 94 8 80 10 5 15 19 1 2 43 11 8 2 3 1 1 2 4
21 7 13 11 92 57 20 0 5 4 3 55 1 8538 8494 229 569 209 58 155 0 7 527 298 4 8 1425 1912 126 126 316 29 30 51 1399 5123 1861 42 269 271 418 22 259 5 2 21 292 48 22 0 5 3 17 32 6 7 365 199 1584 358 31 97 205 308 513 1 77 262 424 42 3 38 22 16 711 14 1 2 7 0 5 0 25 25 35 10 6 3 8 1 8 26 11 43 134 388 5 36 10 8 0 0 0 1 1 1 0 1 2 0 0 0 0 3 6 8 0 14 34 11 63 70 65 0 0 1 0 0 0 1 0 0 0 2 1 1 0 1 10 15 1 0 1 1 0 0 1 1 33 9 1 1 1 0 0 0 0 0 0 0 0 0 0 0 1 1 5 1 0 0 3 0 1 1 1 6 0 1 1 1 1 5 20 0 1 4 0 0 0 0 0 0 1 0 0 0 1 0 0 0
27 3 7 3 95 45 14 1 0 3 1 48 0 8494 22487 6798 451 2369 160 389 4 8 880 305 18 54 1796 5360 67 109 200 28 35 34 708 320 708 45 1094 397 900 77 372 7 6 30 204 166 71 0 16 9 10 18 5 4 217 112 239 97 113 378 425 225 622 1 46 138 1028 184 27 24 18 15 428 71 3 0 7 0 9 0 17 17 30 14 2 6 28 6 22 152 23 211 396 400 4 22 6 10 0 0 0 0 0 0 0 1 1 0 0 0 3 6 25 7 3 12 62 22 68 98 72 1 0 0 4 2 0 1 2 0 0 5 1 2 1 6 13 23 13 4 3 0 0 1 4 5 57 18 2 1 1 1 1 0 0 0 0 1 1 0 0 1 0 1 4 8 1 1 0 1 1 2 2 20 1 1 10 1 10 17 20 0 6 10 2 0 1 0 1 4 3 2 2 0 0 0 0 0
3 2 6 1 17 8 2 3 0 1 3 14 3 229 6798 6599 175 7502 2323 773 0 10 127 232 2 15 579 2552 8 21 34 7 21 14 178 90 375 90 2409 57 616 46 268 7 1 36 64 103 78 0 27 12 4 8 5 1 55 29 24 22 100 472 358 64 193 2 23 44 624 265 22 5 15 6 103 55 2 1 1 0 8 1 8 5 6 8 2 17 51 7 27 157 48 316 353 68 0 4 2 1 0 0 0 0 0 0 0 1 0 0 0 0 3 20 51 2 0 16 5 71 32 109 10 2 1 2 0 1 0 9 3 0 0 2 0 2 0 3 5 6 35 0 17 0 0 0 2 5 34 28 0 0 2 1 1 1 0 0 0 0 0 0 0 1 1 1 4 3 1 1 0 1 0 1 4 13 1 0 8 2 0 5 3 0 1 2 2 0 2 1 0 4 2 2 0 0 1 0 0 1
4 0 3 4 24 14 4 0 0 2 1 16 458 569 451 175 1019 1661 3126 1900 6 17 272 221 17 76 134 66 12 24 54 20 55 22 209 191 1678 2249 133 468 290 35 215 418 28 243 276 33 23 9 9 3 1 2 2 1 43 59 182 33 55 97 80 54 42 27 18 43 73 37 7 18 125 137 144 27 5 62 19 0 6 13 9 8 3 8 2 3 17 9 18 27 10 42 122 130 3 8 10 1 0 2 0 0 0 0 1 8 0 2 0 5 25 23 78 46 28 57 239 94 531 339 318 19 12 17 29 3 8 12 0 3 3 26 10 16 8 54 160 210 37 97 19 4 9 3 6 11 443 33 48 5 16 0 1 4 5 2 2 0 0 0 0 3 2 41 13 15 5 4 1 2 9 24 5 22 1 4 8 5 67 172 89 7 6 169 1 2 2 1 1 4 2 3 14 4 9 1 1 2
9 1 8 5 13 9 5 1 1 2 1 13 1423 209 2369 7502 1661 18987 8003 2690 1 14 154 1854 21 40 3445 1398 15 22 32 15 369 159 641 132 1491 1946 10028 143 742 151 3782 533 72 3263 133 711 129 7 44 36 2 3 8 2 60 35 89 32 5308 1075 508 1331 645 245 48 54 1312 458 109 48 350 95 116 787 15 56 21 0 35 2 14 14 20 20 0 41 156 34 269 299 38 409 795 85 9 6 19 4 0 2 1 2 4 0 0 4 0 0 0 5 20 446 1831 27 2 150 66 2058 353 1721 91 4 5 11 11 133 4 302 24 20 4 23 9 27 64 10 99 63 1285 30 945 7 6 109 266 289 819 1188 22 25 38 7 6 18 1 1 3 4 5 0 0 16 14 9 192 516 85 66 22 20 49 13 38 479 2 14 137 22 12 83 63 23 37 23 12 5 14 5 4 31 22 18 6 2 3 5 4 9
1 0 3 0 3 1 0 1 2 1 0 2 6160 58 160 2323 3126 8003 44453 14540 5 9 94 411 19 48 983 252 7 2 5 1 207 40 319 19 373 3559 197 153 238 24 429 6253 155 5796 71 100 21 25 5 10 0 3 1 1 13 7 32 5 110 267 171 158 82 249 11 18 247 123 22 23 328 1946 18 57 23 471 30 2 5 10 3 7 2 2 1 28 35 28 178 37 6 97 157 17 2 2 5 0 0 2 0 0 4 0 0 3 0 1 0 1 103 389 1605 139 28 305 443 1750 958 3834 589 8 8 18 17 36 10 267 5 8 4 37 10 18 62 68 196 236 728 69 291 1 12 36 67 206 1420 381 44 5 15 3 1 12 2 1 1 0 1 0 0 3 5 22 60 113 17 31 6 8 18 19 12 123 1 6 47 13 49 198 319 5 18 119 6 3 7 1 1 7 13 9 12 1 1 2 2 3
3 0 2 1 18 16 2 0 0 1 1 16 495 155 389 773 1900 2690 14540 4358 1 7 341 355 12 98 229 64 12 31 46 18 26 11 375 88 107 103 160 502 453 39 212 671 12 192 238 22 34 5 8 1 6 7 2 0 28 36 107 17 60 137 115 36 36 18 15 22 120 56 5 8 26 218 108 15 1 89 6 0 1 2 6 5 4 2 1 4 21 7 41 55 10 78 185 112 4 5 6 3 0 1 0 0 0 1 0 5 0 0 0 0 40 39 114 82 17 77 207 71 503 516 262 6 4 6 10 3 10 13 0 1 1 10 7 10 3 43 80 117 31 60 13 2 8 3 7 16 444 30 28 4 3 0 1 2 0 0 0 0 0 0 2 0 0 32 4 8 4 2 1 0 2 12 3 11 1 2 6 4 26 102 82 4 3 79 2 0 0 0 0 0 3 4 9 0 0 0 0 1
31 22 68 34 97 102 12 3 24 17 12 169 0 0 4 0 6 1 5 1 7580 6331 2338 23 222 18 4 7 22 71 82 69 91 23 2 0 25 39 2 45 642 8 29 14 1 3 33 2 6 1 3 0 8 3 12 1465 59 8 2 3 5 28 35 4 10 0 17 7 14 11 1 194 115 41 38 1 134 4 94 0 1 2 739 6 4903 208 7 1 3 0 2 14 2 14 42 116 92 29 265 21 2 1 1 3 3 5 0 4 5 2 5 6 0 0 1 0 0 3 9 2 7 4 2 38 19 11 22 0 0 1 0 1 14 77 3 71 0 0 33 22 0 10 2 3 24 0 0 0 11 1 7 1 2 0 1 0 0 1 0 0 3 6 2 4 32 2 1 0 0 0 16 1 96 4 0 2 0 1 2 0 142 77 14 6 2 88 0 0 0 4 7 0 0 11 9 1 19 8 0 8
55 17 52 38 170 208 38 9 96 38 31 303 4 7 8 10 17 14 9 7 6331 20715 6126 279 6937 2454 37 19 63 126 127 224 288 68 2 3 39 102 14 1371 489 56 304 45 6 23 334 10 58 3 15 9 44 36 62 348 118 23 5 4 23 176 236 69 30 3 369 49 95 79 5 733 320 145 164 7 417 32 321 0 16 1 585 430 5384 1732 251 19 23 7 20 91 24 98 412 293 332 102 5490 240 9 7 10 12 12 18 9 21 9 7 16 31 1 0 4 0 5 5 36 17 54 7 9 69 62 21 52 1 3 4 11 5 57 232 19 226 2 0 104 56 5 34 4 15 53 3 2 3 55 9 37 1 1 0 6 3 1 2 2 0 14 13 0 16 88 3 5 5 2 3 70 8 224 11 6 9 1 2 7 1 432 214 54 23 0 306 0 1 1 6 27 7 7 41 42 7 39 20 3 30
13 7 22 8 43 56 20 7 75 7 11 84 9 527 880 127 272 154 94 341 2338 6126 15734 5679 860 4570 197 150 34 22 44 108 524 323 43 220 676 505 72 1572 6914 2228 1315 98 12 35 248 36 380 15 31 3 32 18 23 83 80 47 52 22 40 226 130 33 20 3 141 32 42 137 15 766 811 219 105 40 654 62 494 5 14 10 125 113 697 229 30 15 88 8 50 412 48 240 727 95 349 65 369 23 6 5 10 12 11 9 2 12 5 5 11 26 2 4 7 6 10 9 48 27 90 12 37 88 101 28 79 3 4 7 7 11 79 353 33 360 4 4 179 129 5 75 6 20 69 5 2 2 64 14 86 6 11 2 3 3 2 4 1 3 18 16 2 9 131 5 7 3 3 1 82 14 467 25 11 9 4 4 2 2 509 376 65 41 4 470 1 1 9 7 36 7 5 50 41 3 50 28 0 60
6 1 8 4 13 7 6 0 6 1 0 14 29 298 305 232 221 1854 411 355 23 279 5679 15262 632 5558 3095 421 73 19 46 12 143 132 1215 279 460 268 277 5783 1183 6195 2211 81 10 552 2602 27 174 3 26 6 27 40 20 7 272 25 602 81 441 95 48 245 129 10 304 195 44 44 9 54 206 75 181 10 38 15 42 1 2 1 70 102 99 151 42 11 32 5 37 209 19 95 336 62 29 14 179 24 0 2 1 0 0 1 0 1 0 1 1 1 0 2 19 2 0 5 9 65 8 32 5 4 4 2 1 3 1 3 2 0 0 8 2 9 0 1 9 14 19 5 12 0 4 1 5 1 14 31 1 0 2 0 0 0 0 0 0 0 0 0 0 3 0 0 12 8 3 2 3 0 6 1 1 16 0 0 9 1 24 20 6 2 2 10 0 0 0 0 1 0 1 0 0 0 1 1 0 2
26 5 13 9 52 35 11 2 63 8 3 84 3 4 18 2 17 21 19 12 222 6937 860 632 12402 1854 74 14 92 32 42 48 171 98 12 14 112 158 12 6002 216 90 521 36 5 18 3606 4 38 1 7 8 114 90 76 94 213 7 18 9 13 86 149 73 26 2 1156 224 56 54 6 256 282 137 225 6 168 24 161 4 15 4 499 842 2065 2137 1842 6 18 5 9 65 26 61 308 69 152 39 4078 322 2 1 4 2 0 4 0 3 1 2 0 6 1 1 2 0 1 0 15 11 18 2 10 24 20 16 20 0 0 2 4 0 11 71 7 58 0 1 56 35 2 14 1 4 10 0 1 0 34 3 16 1 0 1 0 0 0 1 0 0 1 3 0 5 11 1 4 2 0 1 14 0 41 6 1 3 0 1 4 1 99 91 27 4 0 95 0 1 1 1 7 0 1 6 8 1 5 11 0 7
2 1 2 2 1 1 1 0 8 0 1 2 3 8 54 15 76 40 48 98 18 2454 4570 5558 1854 3955 1086 4 7 1 4 6 44 18 47 13 58 81 6 3548 236 35 406 39 1 8 267 3 10 5 5 1 9 6 4 8 17 2 34 4 6 31 30 15 2 0 102 3 7 13 2 30 113 72 10 1 35 8 25 2 2 1 44 72 76 68 1 3 5 0 2 21 3 24 95 4 11 1 47 1 0 0 0 0 0 1 0 2 0 0 1 0 0 0 1 0 0 1 11 1 12 4 7 3 0 5 3 0 0 1 0 0 0 11 3 4 0 0 17 11 0 4 0 0 0 0 0 0 11 1 1 0 0 0 0 0 0 0 0 0 0 0 0 1 0 1 2 1 0 0 0 1 7 0 0 1 0 0 0 0 8 26 18 2 0 14 0 0 0 0 1 0 0 0 0 0 1 2 0 3
3 0 4 6 11 8 4 0 3 1 1 10 31 1425 1796 579 134 3445 983 229 4 37 197 3095 74 1086 25810 10664 92 11 73 7 61 82 11628 360 380 120 394 5548 123 28 1284 40 2 322 1623 9 20 0 7 0 33 46 19 8 409 42 939 117 103 45 223 2655 1518 11 273 177 301 18 0 44 88 31 221 4 14 3 17 0 3 0 59 73 53 76 12 1 6 3 6 20 4 18 106 45 10 11 97 16 0 0 1 0 0 0 0 0 0 0 1 0 4 13 87 1 0 15 8 217 21 220 9 0 1 1 3 6 0 8 0 1 0 2 0 4 1 1 10 6 58 2 46 0 0 4 5 13 34 94 0 1 0 0 0 0 0 0 0 0 0 0 0 0 1 0 17 17 3 2 3 0 4 0 1 21 0 1 5 1 7 7 19 1 2 5 0 0 0 0 0 1 0 1 1 0 0 4 0 1
15 3 14 8 75 36 11 1 2 6 3 57 33 1912 5360 2552 66 1398 252 64 7 19 150 421 14 4 10664 15560 147 95 247 28 51 46 1297 201 268 57 7542 66 578 78 600 25 3 390 174 108 83 0 17 4 30 71 20 9 541 123 208 156 247 202 259 1806 4618 17 271 218 1035 67 10 27 40 8 563 34 15 2 16 0 5 0 51 58 46 35 10 7 41 7 27 169 18 81 168 261 8 29 54 22 1 1 0 1 0 0 0 1 2 0 1 0 0 17 193 4 0 11 11 755 29 109 12 2 1 1 1 18 2 21 2 1 2 3 2 5 1 1 15 17 221 5 167 1 0 12 27 15 45 285 2 4 1 0 0 2 0 0 0 0 0 0 0 3 3 1 56 71 8 15 3 5 6 1 4 75 0 0 15 3 4 12 6 3 5 6 0 0 0 2 1 6 4 4 1 0 2 2 0 1
2663 262 455 191 871 293 4273 79 17 64 15 241 1 126 67 8 12 15 7 12 22 63 34 73 92 7 92 147 42905 4280 805 78 50 26 38 90 69 19 83 77 151 10 161 0 1 10 179 60 43 1 32 37 2816 6760 559 32 4755 10 87 19 25 213 388 101 226 0 4086 124 443 91 8 74 19 3 549 14 14 1 19 1 30 0 812 894 173 52 205 14 21 2 10 104 69 89 189 685 24 5450 149 456 9 5 19 23 6 17 5 7 21 14 20 34 0 0 1 0 0 0 0 4 3 1 0 7 5 2 6 0 0 0 7 1 7 17 2 10 0 0 3 2 0 0 2 2 4 0 3 0 1 2 0 1 1 1 0 0 1 0 0 0 1 2 0 14 6 0 1 0 2 0 8 4 14 0 1 7 0 1 1 0 61 12 4 0 1 14 1 0 1 4 3 0 0 4 19 2 1 4 0 0
6506 3728 491 1330 6048 1971 2169 42 37 110 56 1497 1 126 109 21 24 22 2 31 71 126 22 19 32 1 11 95 4280 18306 5430 381 233 68 20 136 120 26 100 21 422 10 45 6 3 4 24 102 48 1 36 39 280 645 207 96 1563 15 48 14 20 197 127 17 113 2 440 30 362 97 31 208 50 4 125 37 22 3 40 0 42 2 618 359 511 165 14 20 40 9 7 141 75 64 63 1092 63 1613 54 47 28 7 69 48 18 68 21 41 58 43 61 88 0 1 1 0 2 1 2 2 4 3 0 12 6 3 4 0 0 1 31 1 22 46 2 15 0 0 4 1 2 1 2 4 2 0 1 1 2 3 1 0 2 3 1 2 1 0 2 1 3 3 0 20 4 0 2 3 1 0 11 4 19 1 0 5 1 0 3 1 94 12 6 2 3 40 1 2 1 1 12 1 2 14 54 10 5 5 0 2
516 129 95 194 9945 809 209 11 23 31 36 780 0 316 200 34 54 32 5 46 82 127 44 46 42 4 73 247 805 5430 12380 238 241 102 54 223 233 49 187 70 677 13 113 5 3 11 213 156 69 4 36 41 188 267 177 118 7515 32 193 52 44 290 298 71 302 1 564 184 671 136 37 197 71 10 1545 65 18 0 39 1 57 0 708 591 979 321 66 21 46 9 10 135 52 115 136 4973 62 292 214 3913 29 9 86 55 21 83 19 34 55 41 78 110 0 0 1 0 1 1 3 5 4 4 3 16 10 3 14 0 1 3 35 4 23 61 3 14 1 0 6 9 3 3 2 10 11 1 5 0 3 11 0 0 1 0 1 2 4 0 1 0 5 5 2 29 10 0 4 4 0 0 15 4 14 0 2 11 2 2 5 3 154 11 4 0 0 46 1 0 3 1 9 3 1 20 60 11 10 9 0 4
73 16 35 40 1441 7152 35 4 44 52 51 1771 2 29 28 7 20 15 1 18 69 224 108 12 48 6 7 28 78 381 238 10869 7914 2918 4 34 131 84 50 30 162 4 30 7 1 8 73 48 10 0 5 2 32 30 19 15 77 3935 39 374 12 55 32 7 38 1 83 104 125 32 4 1332 485 7 1699 20 26 3 210 1 6 1 92 70 198 115 27 6 7 2 2 14 6 15 22 7934 133 64 55 5 17 4 15 17 8 28 6 19 16 15 25 22 0 0 1 0 0 0 1 2 4 0 2 15 11 0 11 0 1 0 13 1 13 29 1 17 0 1 7 5 1 3 2 4 3 1 1 0 2 8 1 0 2 1 0 0 1 0 0 0 4 0 0 10 12 0 1 0 0 0 7 6 7 1 0 7 0 1 6 1 71 20 6 4 0 39 0 0 0 0 10 1 0 4 24 6 7 2 0 3
48 10 23 20 780 3261 17 3 31 93 66 3534 82 30 35 21 55 369 207 26 91 288 524 143 171 44 61 51 50 233 241 7914 10725 7057 43 65 605 2452 99 279 253 14 205 117 14 131 737 63 14 10 5 5 22 16 17 19 84 2810 507 189 45 97 66 50 52 8 69 1089 145 50 13 2307 1886 107 4083 50 131 32 336 4 5 7 66 52 139 83 70 5 13 6 14 18 4 21 85 3767 234 58 52 19 21 13 25 36 14 27 5 19 23 20 34 45 2 6 22 7 5 12 44 51 86 22 29 55 50 23 56 2 3 4 14 3 30 136 13 121 0 5 130 76 18 45 12 8 37 4 5 2 84 16 35 3 3 0 1 0 0 0 1 1 8 5 0 9 37 7 4 10 4 1 33 7 97 5 6 8 2 2 7 3 237 265 54 15 5 156 2 0 1 3 11 0 0 14 38 2 31 19 1 19
18 4 8 3 151 150 4 0 3 11 9 121 22 51 34 14 22 159 40 11 23 68 323 132 98 18 82 46 26 68 102 2918 7057 17280 119 223 2563 1070 79 325 120 12 142 18 4 55 1023 20 10 2 3 0 4 11 6 4 97 5612 2754 5829 30 56 64 40 43 4 34 2913 72 17 4 544 548 47 6612 16 49 10 125 0 0 0 18 19 40 21 28 2 5 1 8 12 4 20 96 2034 23 11 19 9 2 0 2 4 0 2 0 3 1 2 2 7 0 0 4 1 5 2 21 23 36 10 9 27 13 15 21 2 3 3 1 2 6 69 5 52 0 1 79 52 6 15 2 5 20 2 5 4 23 7 20 2 0 0 0 1 0 0 1 0 1 3 0 1 15 1 5 3 0 1 12 2 31 5 4 7 0 1 6 3 70 123 17 11 1 67 0 1 0 0 4 1 0 5 7 1 15 7 0 15
4 0 5 2 22 7 1 2 3 2 0 17 3 1399 708 178 209 641 319 375 2 2 43 1215 12 47 11628 1297 38 20 54 4 43 119 9017 2204 564 91 91 2298 32 13 643 17 1 32 5108 15 4 1 0 1 6 13 4 3 177 64 1714 550 28 33 168 565 557 0 83 347 255 7 2 14 67 29 292 3 8 1 19 0 0 0 14 13 16 15 4 1 2 1 3 7 4 4 100 70 5 9 25 7 0 0 0 0 0 0 0 0 0 0 0 0 1 2 24 1 0 9 12 35 21 112 14 0 0 1 0 0 0 1 1 0 0 3 0 0 0 1 2 1 4 0 2 0 0 1 2 2 18 5 1 0 0 0 0 0 0 0 0 0 0 0 0 0 0 0 3 5 1 0 0 0 1 0 0 3 0 0 3 0 1 6 8 0 0 5 0 0 0 0 0 1 0 0 0 0 1 0 0 0
9 4 7 4 69 43 12 0 3 4 2 60 2 5123 320 90 191 132 19 88 0 3 220 279 14 13 360 201 90 136 223 34 65 223 2204 5764 4068 95 135 589 183 6 255 4 0 10 1776 15 13 0 3 1 17 22 9 2 265 299 8469 2725 16 43 63 131 119 2 70 624 112 11 3 27 38 2 948 10 6 0 17 1 2 0 27 17 19 6 6 0 3 0 4 19 5 24 75 356 4 26 5 11 0 0 0 0 1 0 0 1 2 0 1 1 0 1 2 2 0 4 16 5 18 14 11 0 0 0 0 0 1 0 0 0 1 1 0 1 0 0 8 10 1 1 1 0 1 0 0 1 10 2 1 0 1 0 0 2 0 0 0 0 0 0 0 1 1 1 1 0 1 0 0 0 2 0 1 2 0 0 2 0 4 6 7 0 0 6 0 0 0 0 0 0 1 0 0 0 0 0 0 1
10 2 10 7 137 81 9 1 5 2 4 54 49 1861 708 375 1678 1491 373 107 25 39 676 460 112 58 380 268 69 120 233 131 605 2563 564 4068 13749 4012 583 1113 712 43 520 42 11 123 1796 102 40 5 8 7 8 20 9 3 221 850 2789 3265 133 211 228 159 199 7 78 1135 308 80 9 100 171 66 1495 66 19 20 50 1 7 3 26 23 27 24 14 5 17 2 31 63 12 70 247 800 18 22 26 11 1 1 1 1 1 0 0 1 0 0 1 2 6 6 20 8 9 21 117 45 201 48 116 29 14 13 40 6 10 9 1 2 1 42 6 29 2 15 132 132 16 66 20 4 12 3 11 2 129 19 32 2 7 0 0 1 1 1 0 0 0 0 1 3 6 17 11 11 4 1 3 2 10 10 5 22 1 2 3 3 78 146 37 8 7 82 0 0 4 2 2 1 4 10 11 0 8 2 0 9
4 0 6 2 38 25 0 1 1 1 8 37 571 42 45 90 2249 1946 3559 103 39 102 505 268 158 81 120 57 19 26 49 84 2452 1070 91 95 4012 18307 350 709 377 48 419 1254 55 811 782 175 25 33 9 13 2 2 8 3 45 224 402 76 170 270 128 96 57 73 36 485 184 86 28 221 1655 517 389 108 63 94 126 6 11 14 18 13 22 21 17 12 37 15 80 29 6 67 223 306 20 7 37 7 1 3 1 3 2 1 0 16 0 0 3 5 10 21 103 15 30 50 368 249 560 295 269 73 40 47 65 9 10 19 3 5 17 118 12 66 6 34 300 282 92 110 55 6 32 10 20 18 422 100 52 5 6 2 3 3 1 1 2 2 0 2 0 3 27 17 29 28 8 11 17 3 40 18 11 69 1 6 19 5 156 389 137 11 14 186 1 0 5 5 10 5 2 12 13 2 10 14 2 30
15 3 6 4 82 43 5 0 2 4 4 47 29 269 1094 2409 133 10028 197 160 2 14 72 277 12 6 394 7542 83 100 187 50 99 79 91 135 583 350 18176 53 483 137 1133 43 15 565 108 736 96 1 22 7 6 27 5 6 218 104 88 61 7392 487 210 602 3475 77 63 146 4796 104 44 30 93 4 377 1007 11 1 9 0 17 1 26 14 19 9 5 14 98 9 108 128 12 63 255 321 3 17 12 5 0 2 0 0 2 0 0 2 0 0 0 1 0 30 333 8 0 21 16 854 67 133 24 3 3 5 10 48 1 36 12 11 3 9 2 11 6 3 44 28 383 13 374 5 6 31 116 59 80 698 19 5 10 0 3 5 1 0 0 0 3 0 0 9 7 3 182 215 42 35 9 10 16 3 19 311 0 2 74 25 7 22 4 9 26 8 1 0 4 6 4 8 4 16 0 0 4 3 0 5
16 4 7 3 24 15 4 1 16 1 5 14 11 271 397 57 468 143 153 502 45 1371 1572 5783 6002 3548 5548 66 77 21 70 30 279 325 2298 589 1113 709 53 10562 374 203 1642 141 9 27 5585 15 42 8 11 9 52 53 35 21 349 83 937 226 29 78 114 95 38 3 461 387 45 27 2 162 503 208 268 14 125 66 114 3 6 5 157 242 240 304 40 5 9 7 10 43 20 41 419 114 43 24 275 33 1 2 0 2 0 1 0 1 0 0 4 2 0 2 8 2 2 4 25 11 48 21 25 11 18 8 20 2 1 0 0 2 9 52 2 35 0 1 52 34 6 13 3 2 10 0 3 0 23 6 9 1 0 1 0 0 2 0 0 0 1 0 0 1 10 1 0 0 3 1 7 3 21 4 2 3 0 2 4 3 58 89 28 7 3 59 0 1 1 2 1 1 0 5 13 1 6 3 0 3
627 326 685 405 482 441 104 123 42 160 51 679 13 418 900 616 290 742 238 453 642 489 6914 1183 216 236 123 578 151 422 677 162 253 120 32 183 712 377 483 374 4718 4389 1004 83 42 229 167 272 1895 11 69 28 46 40 944 1266 354 52 35 24 684 562 155 51 166 2 148 45 241 226 89 398 296 158 258 292 235 68 208 4 81 4 841 111 885 181 36 116 626 97 478 1185 158 392 555 450 131 122 165 55 8 5 12 11 6 17 4 17 8 4 11 16 2 3 2 1 3 4 18 17 49 7 20 58 34 20 36 2 3 4 10 5 36 195 16 143 3 1 80 69 7 28 5 7 21 3 6 3 33 26 27 8 8 3 3 7 4 3 2 0 17 9 0 13 54 6 11 7 2 2 38 10 138 4 9 18 3 3 17 2 246 159 28 28 5 180 9 4 9 2 9 11 2 19 22 2 29 11 1 20
15 2 22 2 14 6 3 5 4 2 1 9 5 22 77 46 35 151 24 39 8 56 2228 6195 90 35 28 78 10 10 13 4 14 12 13 6 43 48 137 203 4389 5053 5689 12 15 229 91 55 1499 0 40 3 4 10 4 2 38 3 5 7 386 128 29 9 65 3 44 9 55 65 12 9 25 8 13 71 8 7 3 0 7 0 19 25 20 32 3 15 116 25 178 761 37 191 564 7 4 4 35 4 0 0 0 0 0 0 0 0 0 0 0 0 0 1 0 0 0 0 4 9 2 1 3 3 2 1 1 1 0 1 0 0 0 3 0 1 0 0 3 1 3 0 2 0 0 2 7 0 2 7 2 0 3 0 0 0 0 0 0 0 0 0 0 0 3 0 6 9 1 4 1 0 1 0 1 19 1 1 8 1 4 6 2 0 1 1 1 1 1 0 1 2 0 1 1 0 0 0 0 1
21 5 26 5 48 25 12 3 14 1 3 27 77 259 372 268 215 3782 429 212 29 304 1315 2211 521 406 1284 600 161 45 113 30 205 142 643 255 520 419 1133 1642 1004 5689 8398 122 237 3664 1861 139 1423 8 38 11 91 101 44 25 559 39 448 91 4411 388 439 4438 817 108 741 191 825 78 13 108 317 78 279 330 69 17 68 2 12 1 172 255 201 291 36 24 169 146 2444 348 28 177 4674 144 40 27 325 47 1 1 0 0 2 0 0 1 0 0 2 2 1 4 49 1 2 4 11 212 19 25 13 9 6 7 8 7 1 2 2 4 1 16 3 16 1 0 11 17 62 8 72 2 5 22 90 5 19 317 6 4 5 1 0 9 0 0 1 0 1 2 0 5 1 1 132 81 24 11 7 6 16 3 16 278 0 2 192 37 24 39 12 6 56 27 2 2 8 0 2 15 6 4 1 0 3 1 1 3
1 4 0 2 2 3 0 0 14 0 1 6 7501 5 7 7 418 533 6253 671 14 45 98 81 36 39 40 25 0 6 5 7 117 18 17 4 42 1254 43 141 83 12 122 15518 2642 1210 72 98 7 1053 17 107 1 1 0 4 3 3 6 0 73 116 44 32 25 798 10 12 78 44 13 425 3566 2854 7 47 1181 4148 2960 131 22 440 7 6 6 6 0 200 104 251 493 19 5 24 75 13 80 19 10 0 0 0 1 1 2 0 0 3 0 2 0 1 30 53 446 28 6 115 361 870 513 1180 351 13 13 23 47 9 10 43 0 1 7 50 9 36 19 20 169 218 199 55 106 4 21 10 46 59 557 261 39 7 18 1 1 16 16 6 13 4 1 2 1 6 5 16 63 60 17 42 8 3 15 13 22 135 3 6 101 31 81 245 278 6 27 118 17 8 21 1 2 21 5 10 13 1 5 5 2 6
4 2 4 1 2 2 13 3 150 2 0 7 6994 2 6 1 28 72 155 12 1 6 12 10 5 1 2 3 1 3 3 1 14 4 1 0 11 55 15 9 42 15 237 2642 12439 3146 7 204 100 3870 30 207 15 6 4 1 4 0 1 0 82 144 263 18 12 1980 4 3 88 49 53 214 309 547 5 61 1802 1077 794 144 83 541 2 3 6 2 0 1853 997 4608 4693 29 9 36 367 0 732 136 3 2 1 0 2 0 0 1 0 2 1 0 1 1 0 2 33 4 2 6 5 162 16 21 12 2 2 4 4 8 3 1 4 13 2 5 2 6 1 0 8 5 31 13 48 3 4 77 728 8 33 767 7 51 161 4 12 493 49 19 55 37 3 3 0 8 4 1 231 220 174 156 14 11 14 4 400 1163 22 59 1580 354 17 10 6 11 447 9 91 157 322 4 9 513 76 5 2 1 2 2 0 6
6 2 11 1 6 2 2 1 9 2 1 5 6701 21 30 36 243 3263 5796 192 3 23 35 552 18 8 322 390 10 4 11 8 131 55 32 10 123 811 565 27 229 229 3664 1210 3146 12789 33 457 129 28 23 22 9 8 3 2 38 7 11 2 1442 393 182 1458 534 2179 34 15 288 107 65 40 328 87 21 459 105 125 105 3 15 9 17 19 13 18 1 65 268 252 4124 167 19 112 883 23 43 7 17 1 0 8 0 0 3 1 1 7 0 0 0 2 3 109 1112 25 6 58 39 1941 183 367 76 6 8 21 25 99 10 123 23 57 7 14 5 21 10 7 77 69 894 65 1014 17 9 245 823 167 352 2815 63 25 54 6 13 93 6 1 5 1 5 11 0 25 18 14 888 882 187 227 45 44 73 18 98 1842 4 20 933 198 10 51 26 46 244 36 16 14 29 17 7 119 59 21 14 3 1 18 9 29
12 4 15 10 43 29 15 3 88 8 5 89 4 292 204 64 276 133 71 238 33 334 248 2602 3606 267 1623 174 179 24 213 73 737 1023 5108 1776 1796 782 108 5585 167 91 1861 72 7 33 13907 12 33 5 14 10 106 124 65 41 1164 218 4791 1147 42 68 164 249 119 4 1132 4223 120 24 8 647 1003 207 1517 14 472 39 335 0 14 8 258 459 447 862 3399 6 13 6 15 55 22 38 355 187 249 76 1260 344 5 2 1 4 4 4 0 8 4 1 5 6 0 2 4 0 1 4 13 9 21 10 10 42 37 20 28 1 0 1 2 1 16 129 14 109 1 1 74 41 10 15 11 6 17 1 2 1 30 5 26 2 2 1 0 0 0 2 2 0 3 3 0 8 41 1 2 4 3 1 44 3 120 7 3 5 0 1 5 2 173 166 38 9 2 177 2 0 3 5 12 3 1 11 27 1 18 15 1 12
47 17 30 19 85 65 15 9 5 10 4 56 50 48 166 103 33 711 100 22 2 10 36 27 4 3 9 108 60 102 156 48 63 20 15 15 102 175 736 15 272 55 139 98 204 457 12 12471 187 34 51 24 7 16 13 7 142 44 19 9 2581 6394 1024 22 376 39 38 32 4586 192 806 33 88 16 126 7104 11 5 26 6 103 12 16 15 31 17 0 648 4736 485 2887 274 17 158 701 291 12 23 16 8 0 1 0 0 1 0 1 2 2 0 2 0 0 0 10 2 1 4 4 55 14 4 3 5 2 4 4 1 0 4 1 4 1 4 2 3 0 2 6 9 19 8 15 10 2 112 227 4 10 166 11 214 441 7 31 419 16 7 21 20 1 1 0 11 3 1 62 142 372 35 7 9 11 4 793 604 25 107 803 159 11 13 7 4 323 10 105 69 423 4 0 735 246 7 1 2 1 6 0 3
176 40 222 55 59 29 65 30 1 17 4 60 8 22 71 78 23 129 21 34 6 58 380 174 38 10 20 83 43 48 69 10 14 10 4 13 40 25 96 42 1895 1499 1423 7 100 129 33 187 7112 3 154 18 10 17 33 44 103 3 4 3 293 561 74 13 58 5 78 9 74 366 38 12 19 7 25 262 8 3 13 1 48 3 53 40 45 51 7 43 448 198 642 8016 267 2318 5739 49 6 24 42 16 0 0 0 0 1 1 0 1 1 1 2 0 0 0 0 0 0 0 3 9 2 1 0 1 2 0 1 0 0 0 1 0 1 7 0 3 0 0 1 2 3 0 1 0 2 2 6 1 3 12 1 3 8 0 0 5 2 0 1 2 0 3 0 2 2 0 8 2 3 0 0 0 1 0 1 21 0 1 20 4 8 8 2 1 7 5 2 1 8 0 0 11 5 2 1 0 0 2 0 0
5 0 5 0 0 3 9 3 250 8 2 3 198 0 0 0 9 7 25 5 1 3 15 3 1 5 0 0 1 1 4 0 10 2 1 0 5 33 1 8 11 0 8 1053 3870 28 5 34 3 4191 146 927 13 1 2 1 1 0 1 0 14 41 33 1 1 1131 2 2 13 11 18 169 160 1250 1 33 1676 576 535 1371 100 3200 1 2 2 2 1 2137 321 3587 298 11 5 4 34 2 946 160 1 0 0 1 4 3 1 3 0 5 1 2 4 2 0 0 5 0 0 2 1 35 4 5 3 1 0 3 4 0 1 1 5 3 0 4 1 1 0 0 1 5 15 3 7 4 6 37 165 1 4 111 5 79 407 3 14 712 88 32 105 62 4 3 0 8 2 0 24 57 186 25 7 6 5 3 642 256 23 84 1059 136 11 7 2 1 246 12 173 460 754 0 2 1284 93 2 3 2 0 0 1 2
135 35 132 25 27 8 68 35 29 20 1 21 2 5 16 27 9 44 5 8 3 15 31 26 7 5 7 17 32 36 36 5 5 3 0 3 8 9 22 11 69 40 38 17 30 23 14 51 154 146 13412 13204 23 30 136 44 33 0 0 0 59 51 17 4 7 91 62 3 17 324 23 14 8 312 5 72 75 19 24 924 1021 273 129 43 19 21 4 205 223 61 101 6692 4869 591 85 21 88 49 14 9 1 0 0 0 0 0 1 2 1 0 1 0 0 0 0 0 0 0 0 4 2 0 0 1 1 0 0 0 1 0 0 0 1 3 0 3 0 0 1 0 0 0 1 0 0 0 7 0 1 7 1 13 32 3 2 6 701 287 602 220 3 0 0 1 1 1 1 4 4 5 2 2 1 0 2 4 99 48 12 4 5 4 3 0 0 9 59 19 205 1 3 37 14 0 1 1 0 1 0 1
163 43 135 34 31 20 67 31 84 26 1 28 34 3 9 12 3 36 10 1 0 9 3 6 8 1 0 4 37 39 41 2 5 0 1 1 7 13 7 9 28 3 11 107 207 22 10 24 18 927 13204 28620 35 32 198 25 42 1 3 0 34 68 15 3 8 338 43 4 22 1171 684 24 29 971 7 14 331 53 60 12111 6207 1222 153 44 13 11 5 2031 391 316 120 1659 10547 223 29 26 313 104 24 4 0 0 2 1 0 2 0 12 0 1 5 4 0 0 1 1 0 0 2 8 2 4 0 3 4 2 14 1 0 0 3 1 1 4 0 5 0 0 4 1 1 2 3 6 2 10 35 0 3 20 1 70 151 7 11 55 3022 1314 2933 1026 15 4 0 6 1 0 9 13 42 17 15 12 5 1 44 27 562 282 130 11 9 9 24 0 23 20 470 109 1069 2 5 223 135 2 17 1 1 1 0 0
759 109 500 92 173 106 872 210 167 217 41 194 6 17 10 4 1 2 0 6 8 44 32 27 114 9 33 30 2816 280 188 32 22 4 6 17 8 2 6 52 46 4 91 1 15 9 106 7 10 13 23 35 16270 12815 9318 6 530 1 10 2 17 62 167 49 70 5 1573 65 99 27 6 64 10 28 148 1 37 5 15 8 22 8 3843 1059 65 130 78 10 7 6 3 48 45 39 86 144 154 7282 190 177 3 1 3 6 3 3 1 4 5 8 6 8 0 0 0 0 0 0 1 0 2 0 0 5 4 2 5 0 0 0 1 1 3 10 1 14 0 0 4 4 0 2 0 0 1 0 0 0 1 1 2 1 0 0 0 0 2 0 1 0 0 0 0 4 8 0 0 0 1 0 1 0 7 1 1 0 1 0 0 0 23 15 4 0 0 17 0 0 0 1 0 0 0 3 3 4 1 1 0 0
1733 157 726 95 185 130 1452 470 33 231 8 165 0 32 18 8 2 3 3 7 3 36 18 40 90 6 46 71 6760 645 267 30 16 11 13 22 20 2 27 53 40 10 101 1 6 8 124 16 17 1 30 32 12815 11285 1065 10 842 10 29 1 8 119 175 45 87 0 2925 76 205 55 10 36 9 5 278 8 8 3 4 1 20 2 1890 3398 61 76 121 7 7 2 5 52 56 39 99 215 27 3080 137 234 5 3 5 9 1 11 6 1 11 7 5 14 0 0 1 0 0 0 0 0 1 1 0 7 4 0 3 0 0 1 3 1 5 20 1 6 0 0 5 1 1 1 0 1 5 0 0 0 0 1 1 0 1 0 0 1 0 1 0 1 0 0 0 2 1 0 1 0 0 0 4 0 12 0 1 2 0 0 3 1 37 6 1 1 0 18 1 0 1 0 4 0 0 1 6 2 2 2 0 1
701 151 641 138 162 123 455 191 47 131 15 162 0 6 5 5 2 8 1 2 12 62 23 20 76 4 19 20 559 207 177 19 17 6 4 9 9 8 5 35 944 4 44 0 4 3 65 13 33 2 136 198 9318 1065 18294 1497 261 2 7 2 5 47 66 28 26 2 395 18 60 99 23 52 12 15 69 5 24 2 13 5 113 3 4395 293 111 155 43 14 14 3 5 564 258 93 54 84 37 1802 115 83 2 3 5 5 0 5 1 5 2 0 3 5 0 0 2 0 0 0 0 0 4 1 0 5 4 6 4 0 0 0 4 1 4 19 2 15 1 0 11 6 0 1 0 0 3 1 0 0 1 1 1 0 2 0 0 1 2 2 2 2 0 1 0 4 6 0 0 0 2 1 3 1 13 0 1 0 1 0 0 0 27 14 5 1 0 21 0 0 4 0 2 0 0 6 4 0 6 1 0 3
212 76 252 101 113 80 35 39 9 45 8 131 0 7 4 1 1 2 1 0 1465 348 83 7 94 8 8 9 32 96 118 15 19 4 3 2 3 3 6 21 1266 2 25 4 1 2 41 7 44 1 44 25 6 10 1497 2824 84 1 3 0 3 58 30 9 19 0 69 10 29 46 18 37 7 11 36 3 20 0 15 1 28 1 5505 54 2147 211 7 18 13 1 9 266 69 64 43 74 14 34 93 26 0 0 0 1 1 0 0 3 2 2 4 2 0 0 0 0 0 0 0 0 1 0 2 8 4 1 1 0 0 0 1 1 4 11 0 7 0 0 6 4 1 1 0 0 1 0 1 0 0 0 3 1 0 0 0 0 1 0 1 0 2 0 0 1 5 0 0 0 0 0 2 1 14 0 0 0 0 0 1 0 18 9 0 1 1 9 1 0 1 0 2 0 0 1 2 0 2 3 0 2
139 44 104 73 1538 176 357 24 7 27 15 151 1 365 217 55 43 60 13 28 59 118 80 272 213 17 409 541 4755 1563 7515 77 84 97 177 265 221 45 218 349 354 38 559 3 4 38 1164 142 103 1 33 42 530 842 261 84 7011 89 424 46 76 620 1230 410 770 2 6864 997 1593 254 37 110 63 8 4344 46 30 1 35 3 49 2 820 727 658 315 784 27 48 15 35 171 115 241 569 2889 22 805 1222 6100 4 1 11 10 1 7 5 3 6 6 9 11 0 0 2 0 0 0 2 4 2 4 3 12 7 0 3 0 0 0 1 1 7 27 0 19 0 0 5 1 5 3 8 1 9 1 5 1 3 14 3 3 4 0 1 3 1 0 2 0 0 0 0 3 5 0 7 6 0 1 11 1 6 2 5 13 1 1 10 0 51 5 4 1 4 29 1 1 3 1 2 3 2 4 12 0 3 1 0 1
5 0 0 5 48 58 2 0 47 4 5 161 2 199 112 29 59 35 7 36 8 23 47 25 7 2 42 123 10 15 32 3935 2810 5612 64 299 850 224 104 83 52 3 39 3 0 7 218 44 3 0 0 1 1 10 2 1 89 4171 1390 5507 32 40 39 26 86 1 46 5056 132 15 2 889 681 15 4880 20 63 1 218 0 1 0 13 17 22 21 37 0 2 1 1 4 2 8 41 1511 92 26 16 18 0 0 4 2 0 1 0 2 3 0 2 3 0 1 0 0 0 2 4 11 1 1 1 9 5 4 7 0 0 2 2 2 5 15 0 9 0 0 5 8 6 1 3 0 4 1 2 1 3 2 3 0 0 0 0 0 0 0 0 0 3 0 0 2 4 0 0 2 0 2 2 0 11 0 0 2 0 0 1 0 34 13 5 0 1 23 0 1 0 0 3 2 0 1 3 0 5 1 1 1
8 3 3 10 55 26 8 0 15 3 4 47 1 1584 239 24 182 89 32 107 2 5 52 602 18 34 939 208 87 48 193 39 507 2754 1714 8469 2789 402 88 937 35 5 448 6 1 11 4791 19 4 1 0 3 10 29 7 3 424 1390 6740 7977 21 42 76 177 125 0 100 2644 105 10 0 161 327 20 1768 8 41 3 80 0 1 0 32 22 19 23 14 1 3 0 5 5 5 14 93 230 33 24 39 20 0 0 1 0 0 0 1 1 0 1 1 3 0 2 5 1 0 1 13 5 5 6 4 3 4 3 4 1 0 0 2 0 4 8 0 6 0 0 8 4 2 2 1 0 5 0 0 0 13 3 1 1 0 0 0 0 0 0 1 0 0 0 0 0 0 0 2 0 1 0 1 0 10 1 0 5 0 1 2 1 22 15 4 1 1 12 0 0 0 0 0 0 0 1 0 0 1 0 0 2
2 0 1 0 23 19 3 1 1 2 0 11 0 358 97 22 33 32 5 17 3 4 22 81 9 4 117 156 19 14 52 374 189 5829 550 2725 3265 76 61 226 24 7 91 0 0 2 1147 9 3 0 0 0 2 1 2 0 46 5507 7977 3434 7 20 54 54 107 1 11 3444 102 5 0 41 59 1 3221 4 2 0 12 0 0 0 7 1 6 3 3 1 1 1 2 6 0 5 33 560 1 3 5 3 0 0 0 0 0 0 0 1 0 0 0 1 0 0 1 0 0 0 0 5 0 2 2 3 1 1 1 0 0 0 1 0 2 2 0 6 0 1 0 2 2 1 0 1 0 0 1 0 2 1 0 0 0 0 0 0 0 0 0 0 0 0 0 0 2 0 1 0 0 0 0 0 1 0 0 2 0 0 1 0 5 6 3 0 0 4 0 0 0 0 2 0 0 0 1 0 2 1 0 0
12 8 29 7 26 16 4 1 2 3 1 13 42 31 113 100 55 5308 110 60 5 23 40 441 13 6 103 247 25 20 44 12 45 30 28 16 133 170 7392 29 684 386 4411 73 82 1442 42 2581 293 14 59 34 17 8 5 3 76 32 21 7 17664 1271 516 1076 417 247 82 17 6449 233 175 14 69 14 84 11042 15 10 15 0 38 5 22 23 24 26 1 94 683 76 3486 349 38 212 1876 73 8 9 42 6 1 1 1 0 0 1 0 0 2 0 0 0 2 6 201 4 5 12 14 294 47 47 12 4 2 6 14 34 6 19 7 17 2 7 2 12 2 4 20 17 143 28 243 4 5 125 527 32 94 1133 30 23 77 4 10 95 7 2 3 5 5 5 0 12 10 4 434 462 124 58 24 31 33 7 123 1465 4 15 717 176 8 18 11 19 266 21 13 7 51 10 8 107 47 11 3 4 5 11 5 5
151 52 154 47 153 80 56 27 4 36 8 114 23 97 378 472 97 1075 267 137 28 176 226 95 86 31 45 202 213 197 290 55 97 56 33 43 211 270 487 78 562 128 388 116 144 393 68 6394 561 41 51 68 62 119 47 58 620 40 42 20 1271 16385 16342 205 403 33 456 69 1854 6763 1512 60 177 43 201 522 20 10 22 11 277 45 166 185 204 157 14 258 1016 372 1182 795 119 4698 3597 351 17 58 138 20 1 1 2 0 1 0 1 3 4 0 1 3 0 0 5 2 1 1 6 39 11 4 6 3 3 7 10 5 3 2 4 0 0 8 0 7 0 2 17 3 6 9 12 5 5 45 78 2 16 92 8 248 618 7 49 205 50 15 53 30 2 3 0 6 4 0 46 92 247 14 8 4 16 1 387 306 60 172 437 99 14 13 7 3 133 8 256 73 632 1 3 676 283 6 4 0 2 5 1 1
31 9 22 18 89 56 15 1 11 12 6 73 19 205 425 358 80 508 171 115 35 236 130 48 149 30 223 259 388 127 298 32 66 64 168 63 228 128 210 114 155 29 439 44 263 182 164 1024 74 33 17 15 167 175 66 30 1230 39 76 54 516 16342 18652 4643 2572 12 1081 118 7069 1806 121 61 105 44 284 784 26 12 35 1 36 6 253 359 314 293 13 52 592 355 1147 104 44 947 8001 240 21 56 296 57 0 0 0 0 0 0 0 2 1 0 1 2 1 0 6 2 0 4 6 40 9 4 3 4 2 4 8 1 1 2 0 5 2 10 2 7 1 0 11 5 17 6 14 1 1 32 148 1 7 155 6 56 109 1 12 112 2 0 3 6 1 1 0 2 2 0 46 88 113 10 7 6 9 1 246 459 4 30 445 127 13 9 4 0 167 15 18 29 102 1 0 224 65 0 1 0 2 1 1 2
5 0 4 5 21 8 5 0 2 2 1 16 35 308 225 64 54 1331 158 36 4 69 33 245 73 15 2655 1806 101 17 71 7 50 40 565 131 159 96 602 95 51 9 4438 32 18 1458 249 22 13 1 4 3 49 45 28 9 410 26 177 54 1076 205 4643 8319 6361 89 354 89 2006 42 2 37 73 13 127 22 16 5 21 1 2 0 74 105 115 107 9 5 13 11 109 11 9 48 1331 50 9 15 122 21 0 0 0 0 2 0 0 2 0 0 0 0 0 3 75 1 0 3 5 362 9 25 4 1 4 4 1 13 0 8 2 3 1 3 0 3 0 0 5 5 105 7 110 1 2 18 66 8 25 455 11 1 5 0 2 3 0 0 0 0 0 0 0 6 3 0 166 103 22 9 5 5 14 3 5 240 0 1 77 11 9 14 3 6 12 6 2 0 0 2 0 8 3 5 0 1 1 3 2 5
20 4 13 12 86 45 10 1 2 9 6 65 24 513 622 193 42 645 82 36 10 30 20 129 26 2 1518 4618 226 113 302 38 52 43 557 119 199 57 3475 38 166 65 817 25 12 534 119 376 58 1 7 8 70 87 26 19 770 86 125 107 417 403 2572 6361 6833 82 367 197 6402 139 13 45 38 7 399 108 13 2 22 1 10 1 120 99 105 79 13 13 31 8 58 78 13 64 471 248 12 37 101 33 1 0 0 0 0 1 0 0 0 1 1 1 0 2 93 2 0 6 2 370 25 26 6 1 1 1 8 16 0 5 5 6 2 3 1 3 0 5 12 6 128 10 137 2 2 35 109 11 27 484 7 5 7 0 1 5 0 0 0 0 2 2 0 7 2 0 159 119 33 15 13 5 14 0 13 340 1 1 136 29 5 11 0 6 51 9 1 0 6 2 2 16 7 3 2 0 0 4 0 1
0 1 2 0 2 1 5 2 36 1 0 0 1684 1 1 2 27 245 249 18 0 3 3 10 2 0 11 17 0 2 1 1 8 4 0 2 7 73 77 3 2 3 108 798 1980 2179 4 39 5 1131 91 338 5 0 2 0 2 1 0 1 247 33 12 89 82 1838 2 1 54 6 6 75 92 1128 2 13 759 796 236 488 21 736 2 2 1 2 0 147 78 187 723 12 2 6 59 1 335 39 1 0 1 1 1 0 1 1 0 0 0 1 4 1 1 6 159 2 1 4 3 129 26 65 5 0 1 0 1 5 0 8 2 4 0 2 0 0 1 1 4 7 55 2 36 0 0 10 51 22 50 126 2 5 17 0 0 15 31 3 22 11 0 1 0 0 1 0 21 33 12 36 0 0 3 0 16 61 2 5 77 15 4 2 14 1 18 7 9 9 22 0 0 23 4 0 2 0 1 0 0 2
235 62 192 103 286 279 171 50 16 57 26 379 1 77 46 23 18 48 11 15 17 369 141 304 1156 102 273 271 4086 440 564 83 69 34 83 70 78 36 63 461 148 44 741 10 4 34 1132 38 78 2 62 43 1573 2925 395 69 6864 46 100 11 82 456 1081 354 367 2 5626 568 878 198 23 106 41 14 1348 21 30 6 31 1 68 1 1507 8028 714 3923 1099 15 35 9 31 229 124 181 679 821 35 438 2252 2236 5 2 3 8 3 3 1 3 5 3 5 6 0 0 1 0 1 1 2 5 1 3 3 5 4 7 4 1 0 0 6 1 4 37 0 18 0 0 10 6 1 2 0 1 5 0 2 0 3 10 2 1 1 0 0 1 2 0 1 1 2 1 0 2 3 0 4 4 2 0 8 0 14 0 4 11 0 4 7 1 44 8 7 1 0 30 1 1 4 1 2 2 1 7 12 3 3 1 0 2
11 5 8 10 40 38 17 3 119 3 3 90 2 262 138 44 43 54 18 22 7 49 32 195 224 3 177 218 124 30 184 104 1089 2913 347 624 1135 485 146 387 45 9 191 12 3 15 4223 32 9 2 3 4 65 76 18 10 997 5056 2644 3444 17 69 118 89 197 1 568 6996 224 15 3 887 1068 81 7362 18 379 12 460 1 6 1 89 153 93 325 963 2 8 1 5 13 11 21 69 199 330 63 642 476 3 3 5 2 3 3 1 7 3 3 7 10 0 0 1 0 0 1 3 15 11 4 4 36 22 11 24 1 0 0 4 2 17 72 4 76 1 0 29 17 3 8 3 4 18 2 1 0 9 7 9 1 0 0 1 1 0 0 0 0 4 5 0 4 27 0 2 2 1 0 22 0 78 4 0 6 0 0 0 0 141 97 15 8 1 92 1 1 0 2 13 0 1 7 11 1 14 12 0 6
51 16 31 14 287 175 37 6 9 13 9 224 12 424 1028 624 73 1312 247 120 14 95 42 44 56 7 301 1035 443 362 671 125 145 72 255 112 308 184 4796 45 241 55 825 78 88 288 120 4586 74 13 17 22 99 205 60 29 1593 132 105 102 6449 1854 7069 2006 6402 54 878 224 12028 455 86 112 124 15 650 3231 13 4 23 1 23 2 247 207 247 187 16 29 191 71 459 90 30 199 1160 811 13 101 181 55 0 0 1 0 2 1 0 2 0 3 0 1 0 2 48 3 2 5 6 156 27 23 3 5 5 9 11 8 1 11 9 7 4 6 5 6 0 6 11 13 54 16 107 8 2 89 501 8 49 739 16 32 44 2 5 134 4 0 4 2 4 3 0 9 5 2 361 312 163 36 14 17 27 5 241 1643 4 19 1011 316 11 16 8 14 433 19 7 10 48 2 3 166 50 8 5 1 1 5 1 8
186 45 168 45 68 60 64 27 6 22 5 67 6 42 184 265 37 458 123 56 11 79 137 44 54 13 18 67 91 97 136 32 50 17 7 11 80 86 104 27 226 65 78 44 49 107 24 192 366 11 324 1171 27 55 99 46 254 15 10 5 233 6763 1806 42 139 6 198 15 455 1725 1413 28 44 12 71 76 10 6 17 36 1075 56 125 94 80 72 13 362 245 107 244 1088 1805 1272 808 154 7 37 82 22 0 1 1 0 0 0 2 2 0 2 1 0 0 0 4 0 0 1 1 10 3 3 2 3 0 2 4 0 0 0 2 2 1 5 1 6 0 0 6 4 5 5 2 1 2 11 38 1 4 43 2 100 181 2 17 25 181 102 279 127 1 0 0 3 3 0 16 26 44 5 6 1 4 0 55 120 113 221 125 35 12 11 4 2 40 12 194 18 644 1 1 189 120 2 2 0 0 1 0 0
74 18 74 14 23 18 29 12 0 6 0 14 16 3 27 22 7 109 22 5 1 5 15 9 6 2 0 10 8 31 37 4 13 4 2 3 9 28 44 2 89 12 13 13 53 65 8 806 38 18 23 684 6 10 23 18 37 2 0 0 175 1512 121 2 13 6 23 3 86 1413 6285 7 22 5 13 70 4 1 5 27 6686 35 23 8 7 11 3 829 1200 130 370 214 324 182 64 28 7 12 13 11 0 0 2 0 0 0 1 4 2 0 0 0 0 0 2 0 0 0 1 5 1 0 0 2 0 2 5 0 0 0 1 0 1 1 0 1 0 1 0 0 1 2 2 1 1 14 28 1 2 20 0 163 382 6 19 39 183 97 267 139 1 1 0 1 0 0 4 9 41 8 7 1 4 0 58 31 111 327 107 16 5 3 3 3 14 2 328 47 965 0 4 283 182 1 1 2 0 0 0 1
60 23 80 30 497 808 110 24 813 1268 1511 1729 86 38 24 5 18 48 23 8 194 733 766 54 256 30 44 27 74 208 197 1332 2307 544 14 27 100 221 30 162 398 9 108 425 214 40 647 33 12 169 14 24 64 36 52 37 110 889 161 41 14 60 61 37 45 75 106 887 112 28 7 9232 2786 395 1878 21 2752 372 2911 33 14 86 133 112 316 145 176 42 21 36 50 24 9 23 64 2253 4323 471 108 23 83 37 159 149 58 186 58 112 154 102 201 237 1 1 4 2 4 3 44 28 45 4 23 192 140 90 136 1 2 5 101 28 152 537 20 307 1 1 167 88 11 29 8 29 107 4 7 4 39 17 37 3 11 10 3 4 4 3 1 1 34 37 7 74 92 4 7 11 2 7 170 27 262 11 5 8 3 4 10 2 971 339 110 32 4 538 7 4 15 20 60 6 9 97 216 33 79 71 3 55
