11.9118195900283 22.3776060370007 25.1480681448706 42.530723490845 45.9897099830009 51.5307014647232 23.3345370117984 12.5195507240168 54.4347524501659 26.8134104277068 57.2263977247126 64.2399603931288 225.078186035156 106.814557756696 131.071756998698 196.482849121094 138.318769454956 189.06194474962 156.335983276367 171.588116963704 125.969359367124 131.772894425826 165.701869084285 199.717590332031 148.439826085017 207.475128173828 191.191218058268 139.795553588867 29.5824011072287 23.3720017854815 49.2601820184279 73.9595751305149 89.2413152853648 125.311699761285 124.537353515625 109.05797153049 122.635227203369 182.655361175537 140.188860066732 186.382667541504 99.3021790353875 146.984367879232 170.688720703125 159.498443603516 207.333915710449 185.588719685872 162.721876780192 166.154558222345 141.563154133883 173.837194824219 142.495128546821 161.753561569869 113.099601780787 75.4674515017043 122.364939593044 111.328151702881 81.8668700979768 157.483306884766 114.624011039734 90.2578468322754 158.58032989502 169.907076601951 172.866701187626 181.428771972656 164.964019012451 0 107.264895207831 155.424810929732 161.043231290929 171.024112824471 174.775804468103 107.442469724019 144.695737202962 165.880055745443 118.123647477892 164.860799880255 126.456637827555 151.517913818359 114.557624485182 148.97233581543 175.079324865854 157.096809387207 115.493280077702 100.954523969817 108.949959336381 107.545043067595 174.520395914714 183.510082244873 181.41910650375 183.524520026313 194.456481933594 135.284129651545 158.785014874226 167.468408017545 170.66577764143 88.7295510193397 87.6961097257683 55.3896511398672 140.712195958847 144.086197853088 162.741172214724 156.523828778948 161.681452020869 163.936595673257 142.890931909735 155.946414668386 141.887569904327 124.738867971632 146.785105705261 122.98607703821 136.943069336906 154.449653679984 0 0 0 0 0 0 0 0 189.834884643555 0 0 140.250112915039 169.197497897678 160.687347412109 145.27039642334 0 0 0 157.087010228357 126.140019734701 146.869895935059 157.769952472888 0 166.503924560547 0 0 184.14035949707 238.962661743164 0 207.798670450846 197.934196472168 196.922332763672 178.238189697266 0 192.870188395182 0 190.480901082357 214.594749450684 0 0 240.954467773438 0 235.766479492188 213.703598022461 188.427345275879 0 214.425735473633 215.585342407227 184.891937255859 195.301002502441 190.807464599609 170.558804512024 141.660556793213 0 220.046783447266 0 246.41104888916 0 187.237933688694 145.905396779378 172.647891150581 0 0 186.824409484863 0 245.909423828125 0 197.278396606445 135.690826797485 184.194552612305 157.215728759766 176.042999267578 0 137.226954142253 216.017837524414 0 234.038780212402 0 189.501007080078 223.978820800781 0 156.695189255935 112.286043218664 150.458193345503 191.547358194987 172.773639678955 0 196.296691894531
22.3776060370007 12.7024552635575 22.3557099662211 27.3667105982089 34.8449976196225 46.3650205055725 63.2376600286774 70.0684743769029 75.5667070661272 50.0098870217263 60.0326363114286 59.9652692873811 0 146.77855682373 119.699735005697 201.429397583008 0 238.802947998047 0 0 127.391220786355 118.96001479205 160.319304330008 124.286178588867 174.674572753906 197.791412353516 0 137.770927429199 76.5572036859643 23.3207038203534 53.8262517470722 79.792998790741 97.0937828063965 139.00602722168 0 114.887521743774 112.786140441895 0 158.087875366211 157.553314208984 102.72514706009 152.318634033203 187.705639648438 149.290718078613 187.805030822754 195.940292358398 161.71529006958 180.971967809341 154.428503417969 0 159.183920288086 172.517767263013 136.44988999673 105.520513012151 142.418116891621 121.553332077829 102.286791107871 0 112.302258809408 0 200.86784362793 180.338027660663 194.234547932943 0 132.861438751221 216.985412597656 109.767294976019 121.568115234375 160.360009670258 183.227671305339 185.971772935655 104.776773369831 144.871475219727 157.502697753906 111.089393191867 184.449259440104 158.316127232143 0 119.789726765951 239.900466918945 189.152273450579 205.32405090332 130.472039820248 110.869113498264 118.414399161147 103.176135048937 159.254165649414 195.466623578753 196.41329738072 199.32133102417 208.82147026062 152.351674343677 171.699488853341 177.895067701153 182.565005302429 111.392959594727 83.8933155059814 90.153074324131 140.078200707069 132.590771198273 166.623921585083 161.868159823947 166.991604495358 168.970361780237 151.810804367065 161.501562925485 151.677100237678 132.218740067392 152.539045969645 130.810915932727 140.023208758153 164.181142129189 0 0 0 0 0 0 206.510284423828 231.143157958984 0 0 0 162.064487457275 176.395010811942 178.983828735352 171.745145161947 0 0 0 152.30450035544 151.879506429036 145.776478767395 149.444270849228 0 169.003004074097 0 0 179.106829833984 159.360066731771 0 0 190.463577270508 200.041631062826 178.239448547363 0 0 0 201.374465942383 0 0 0 0 0 0 189.162330627441 0 0 0 0 209.919418334961 0 0 178.546038945516 152.947898864746 0 0 0 0 0 182.644307454427 137.017578125 173.880257346413 0 0 0 189.940368652344 0 0 0 140.051988203447 173.588287353516 158.634552001953 218.026184082031 0 133.397417935458 207.868438720703 0 0 189.279159545898 212.026330947876 0 239.270721435547 158.727857317243 117.055085846872 158.143013000488 212.981564839681 147.662586212158 0 142.570556640625
25.1480681448706 22.3557099662211 12.749483109349 40.5078423089054 84.4960699622311 47.7523360788853 51.3910790260962 21.7565746913379 60.8061963918258 28.239600235401 52.1833903171398 35.1632021692519 202.563629150391 141.066831148588 158.704827444894 218.607429504395 197.758585611979 196.645797729492 201.464604695638 196.515663146973 128.148162280812 141.73718393766 180.941216902299 196.504270553589 152.992886469914 161.78205871582 182.541404724121 148.718599591936 88.9117880349631 79.0302145777312 114.960072125887 112.27151184082 138.068645311439 156.85675907135 155.63662109375 134.949889046805 186.290121459961 180.08080291748 198.765317281087 187.583777291434 105.082201379929 157.512334997004 177.836245023287 0 186.053268432617 209.238030173562 169.070068868001 179.834399922689 150.297979612608 185.349578857422 153.813326575539 172.262630264847 130.997403915405 94.1234277352157 136.142692304067 118.78983206976 110.604000201592 0 145.637682596842 137.285339355469 186.243910164669 179.371933478814 185.690788269043 213.530097961426 171.773383507362 179.015830993652 115.182570656141 161.691118240356 179.454964422411 183.816053390503 185.243801632443 101.561869478226 179.689985487196 138.225179399763 139.496655715139 187.435563151042 100.056418274388 115.78296661377 55.0260031899029 183.220523071289 185.659092953331 183.874249776204 128.265945892427 111.883033841749 117.339649886897 112.362980638814 142.639044443766 191.027706439678 192.484332669166 201.356292724609 200.806982106176 148.877977460344 172.336435111465 174.952510367691 178.762406517478 137.421748399734 78.9639638616235 84.9850686549153 153.219841427273 154.419474601746 161.23248167038 155.457821655273 162.760663053591 164.175146338058 149.135848705585 157.735832002917 145.2846448824 128.400414715847 147.735618898238 130.506691720751 137.787779110914 155.615829700595 0 0 0 0 0 186.307243347168 216.842430114746 226.114555358887 223.282745361328 0 199.501022338867 184.121032714844 174.985903058733 188.848609924316 165.367846402255 0 0 0 153.942803804992 181.867691040039 145.181435258421 151.247490228391 191.063812255859 166.137899169922 240.634567260742 0 176.018417358398 181.343082004123 224.941680908203 196.005956013997 0 192.839767456055 186.282715861003 0 202.419120788574 0 219.554859161377 202.098579406738 200.117473602295 238.057052612305 0 201.812519073486 222.334197998047 0 219.879709879557 214.074493408203 205.57958984375 211.89151763916 210.907596934925 209.387256969105 162.100428263346 166.02371801332 166.447039884679 0 0 0 244.147659301758 144.790908813477 187.528614924504 160.212401390076 156.077132729923 129.268890380859 248.093963623047 214.029975891113 0 239.649353027344 0 201.16552734375 136.31329612606 169.045452594757 148.182363510132 205.386650085449 0 143.805961833281 214.748146057129 0 238.617359161377 198.252942403158 207.725819905599 0 0 156.411311122349 114.696589919756 151.124083157243 190.585350036621 174.080053156072 0 182.119009399414
42.530723490845 27.3667105982089 40.5078423089054 12.9022486602631 21.332572311894 19.9815744194478 70.2466728701913 92.1576015472412 72.1685093243917 36.2993217497993 61.8896533479082 33.6729042474432 0 120.557689319957 167.07679494222 234.546447753906 199.570301055908 188.13046875 0 184.845474243164 116.017900354722 123.203788155004 118.016314506531 150.91870880127 149.677660624186 153.396282196045 155.534721374512 141.049376487732 83.1146207479906 47.3258442971939 49.0354287648938 72.2623184204102 77.9440845489502 166.283800760905 120.126178741455 118.605270385742 95.0336358206613 159.13020324707 140.666326522827 136.074099222819 97.2169094132788 151.202812194824 171.999920654297 185.631088256836 204.196395874023 176.350646972656 134.313916015625 176.651851453279 150.520945878462 0 159.321577148438 173.074578677907 131.315481268841 106.848911566483 136.675461478855 114.553531608959 93.3113017670096 114.634144592285 125.451354980469 0 200.911483764648 176.177017536569 172.656027899848 141.353468322754 145.233399709066 0 104.060131554465 116.226000213623 154.457332066127 188.343743896484 176.406390598842 108.408819325765 164.850083351135 150.695732116699 104.241944667271 178.262217203776 120.24964427948 0 115.541678110758 0 186.339485980095 0 128.272391773684 109.38815184154 113.750257833446 98.9979946261547 0 200.407524617513 186.976326251852 205.859001159668 203.013621403621 146.771228697242 171.396663665771 177.243104523303 171.47035369873 70.1502724488576 80.6979553358895 89.7450881958008 136.448842366536 88.5343834559123 160.661550402641 151.408050537109 161.915216326714 161.536127951293 149.351266322992 155.196900801225 144.035464150565 135.028933381381 147.076258186166 125.61944913316 135.480708237235 154.524664497375 0 0 0 0 0 0 147.548873901367 165.823913574219 207.854888916016 0 0 181.445756700304 175.19133843316 190.052467346191 157.822281837463 0 0 0 148.739175501004 115.869598388672 145.794237772624 153.519040595161 0 144.504119873047 0 0 203.635122680664 191.934616088867 0 154.581161499023 0 179.128829956055 180.405713762556 0 163.381126403809 0 0 0 146.281280517578 0 0 0 0 0 0 222.457504272461 0 0 197.690196990967 199.705851236979 0 166.667129978989 161.844301859538 0 0 0 0 0 196.799793243408 157.422373962402 142.299554443359 0 0 0 0 0 0 0 130.940664208454 192.074028015137 140.364587148031 193.917465209961 0 132.54055235121 208.268028259277 191.744827270508 233.496256510417 188.672088623047 199.308661720969 226.08837890625 0 139.762908087836 108.774528240335 143.471947890062 186.432002476283 167.968616485596 0 165.403797149658
45.9897099830009 34.8449976196225 84.4960699622311 21.332572311894 10.9408129864571 30.7686547324401 58.5646992046309 106.667978922526 83.3286049101088 71.0053210439561 52.3269881700215 55.8653274342609 149.793899536133 88.5511455535889 90.3053071273001 127.171189700856 86.3716376622518 130.221080486591 117.325215657552 94.687936147054 97.4875546878146 96.649215743121 110.506460145462 136.464266850398 116.336644099309 125.885536193848 128.085587241433 94.3563350423177 57.5117570612105 36.6100343852526 13.6348687964028 40.342755948397 61.887995944879 73.2569001557811 95.5980522849343 84.0339127692623 77.3952339060985 100.546843077007 101.320057008325 113.611285209656 85.5815146592643 132.857795715332 142.772536118825 219.778282165527 195.997589111328 141.954303741455 101.55087271402 142.536129581227 134.193940631414 0 146.414263407389 161.221766810263 120.544851181824 91.0382566709776 124.864147374659 104.101850661556 38.1298350463143 78.8723002274831 93.4063606955788 69.3216580929963 128.455673217773 156.718740675184 138.054916038942 124.258149646577 119.717311859131 120.84965133667 82.897572510726 105.373965454102 127.836822828765 166.150099361644 163.323553997537 68.6478714396057 85.4335675361829 116.677406311035 84.1367037116157 144.719003915787 116.530604553223 0 88.3624665109735 0 175.870625495911 0 113.736851381452 95.8225383805179 100.263857952139 85.9619408124759 100.762339648078 178.49550374349 173.953372478485 184.107678222656 181.862449645996 139.089393875816 156.494467752022 161.01186594149 152.374984142827 21.5637135214342 71.4384301962312 70.5934823817238 105.951386224656 61.1315645920603 153.080882568359 140.659980773926 153.856816323955 149.831829223633 137.309320576986 148.976908890242 130.050786105069 126.18177230835 135.329196112497 117.31691632952 126.240669576531 143.121197747403 0 0 181.570159912109 0 0 157.251289367676 170.820510864258 162.373138427734 171.115543365479 174.857406616211 149.490837097168 169.565680609809 157.362987942166 140.450849533081 167.017199198405 0 169.853240966797 179.786560058594 142.09244629831 153.530664716448 130.56987861965 144.323536060475 155.654693603516 145.188436889648 0 0 164.488593361594 166.826989915636 160.178123474121 182.684396362305 160.89599609375 192.595217386882 164.138313293457 0 187.446334838867 0 170.059448242188 173.910223824637 139.780886332194 0 230.002807617188 0 220.104721069336 0 0 185.439300537109 215.522373199463 0 180.6574122111 192.799110412598 187.53352355957 156.134910038539 116.592060089111 0 206.100830078125 205.412445068359 173.936515808105 0 176.164539683949 148.562474568685 164.35085144043 166.246452331543 196.730926513672 208.879440307617 242.433242797852 239.57731628418 188.70858001709 0 121.641490312963 158.246256620988 115.810606820243 0 206.254592895508 130.311309814453 196.504043579102 0 0 168.874258422852 202.243370056152 194.830139160156 241.965957641602 146.145025400015 99.0396914296336 143.990486621857 186.629177093506 148.922452290853 133.255935668945 181.909108479818
51.5307014647232 46.3650205055725 47.7523360788853 19.9815744194478 30.7686547324401 14.7925364527394 72.73016224676 62.9109546873305 71.466679339139 45.2199581763324 44.7214103311414 25.4064635649401 0 98.4444857145611 92.0439247979058 124.11567401886 93.4393201555525 121.308099534776 144.224304199219 93.9484887123108 99.2603708902995 94.1108374228844 95.0259483882359 134.433241707938 107.179063524519 120.981071472168 128.597288131714 103.789038764106 80.5729201124797 52.9766598676801 44.1402511077994 19.5906501732417 24.7163587093207 68.2431709925334 111.393119812012 86.4115094916765 86.1829885317955 90.7468415832519 108.702038609704 105.327489725749 98.159958681552 179.455396016439 153.888738098145 131.777956644694 192.857124328613 113.249565124512 97.7285606121195 148.07038269043 149.042082424822 141.40461730957 159.465860366821 167.216948699951 137.531548985895 110.454656512921 137.708745568748 117.598086071014 72.3219637654044 72.8377266587882 97.7765658451961 57.2768853840075 151.499623298645 164.687368392944 146.609666279384 140.03081703186 128.315850321452 112.036735534668 96.3025535392078 97.6419356496711 133.876559317453 173.501849619548 179.138837178548 55.7041550272762 80.1814642230284 119.8730872018 85.3620842881344 146.865449038419 93.2801187038422 108.290664672852 67.9852473012517 163.378372192383 194.101206885444 0 131.62668090484 106.10621209696 111.943071860343 93.8356866884471 89.6689567565918 193.515602111816 191.429007720947 196.475616455078 175.853106412021 152.120560455322 181.678009033203 178.809385126287 159.064517974854 34.7965493656856 63.1097301290005 93.1126207113266 112.732795046087 94.9419271151225 155.161115870756 153.547108332316 155.546434388125 156.303280093806 143.921616145543 152.861956947728 138.207526129645 128.300335267011 141.022703552246 119.847204081217 129.742318594328 150.11141931443 0 0 192.549865722656 0 0 0 166.286572265625 0 154.756172180176 164.032989501953 0 170.494662945087 183.091561635335 155.261391957601 123.915893554688 0 0 0 147.438696543376 159.400512695312 147.399148123605 140.810812585148 129.35115814209 148.244940185547 0 0 159.965754699707 180.067413330078 164.365193684896 199.453804016113 159.775421142578 182.60001373291 171.663266499837 196.925964355469 170.599494934082 0 198.944499969482 167.218073527018 159.775856018066 234.364074707031 0 243.573516845703 215.859027862549 220.429992675781 211.381057739258 216.905197143555 0 0 199.859024047852 188.785875956217 172.127372741699 168.283424608635 171.445465087891 0 172.20817565918 150.639694213867 0 0 182.621948242188 139.650416056315 149.01925239563 176.118515014648 0 197.178309122721 224.514678955078 235.764137268066 209.338485717773 208.944961547852 126.926357341263 148.775408630371 118.425144958496 165.969230651855 231.255073547363 121.364327407465 0 0 0 167.651145935059 204.105865478516 223.828969319661 0 144.898077646891 106.662061590897 171.78984614781 179.65637512207 162.777277628581 0 157.520874023438
23.3345370117984 63.2376600286774 51.3910790260962 70.2466728701913 58.5646992046309 72.73016224676 9.63296315859427 14.4192009198081 10.9258231862358 25.3950191074706 47.5188492519755 80.9101631073725 137.803161621094 109.028568649292 117.756864275251 136.816741943359 141.445306777954 178.848852539063 0 113.96276473999 103.329930623372 125.151461952611 91.8121192932129 153.472468058268 123.647080161355 95.0195465087891 154.734788894653 132.709218805487 16.7286046262148 35.4258074529603 55.2109283602409 74.745272391183 78.8361820894129 95.9685440063477 191.631454467773 108.114786148071 132.772809346517 0 128.63913269043 198.045970916748 90.352737903595 116.775975545247 165.738689422607 0 123.889127878042 192.140190124512 126.931398010254 152.859723917643 118.098542198768 125.034973992242 112.200216517729 129.950065726665 79.0526139189344 48.0214760204977 90.1606811942635 87.434393964495 48.3175695563565 100.161544799805 119.401670455933 116.162366231283 170.11413192749 146.673248699733 177.447711181641 159.267001342773 145.406650543213 101.778297424316 72.0615343127334 104.300016066607 156.369138150602 144.376315236092 144.969617909399 72.0672303286466 106.289791107178 71.5173312916475 97.7624368667603 156.50380061223 56.5836950710842 50.1501973470052 69.2490277608236 176.403938293457 145.904417080349 135.595327203924 88.0034360460415 80.4036486528922 92.6041837056478 104.115938002063 140.140218946669 150.320160266965 151.975803576018 178.000480651855 165.422213745117 109.998141902508 133.009838829743 136.38172576541 160.496372671688 81.3358206315474 34.564360010112 25.9933738324688 128.777868383071 119.682387542725 141.881861368815 177.963719685872 156.19468536377 141.665781293597 130.649349212646 134.139967459219 125.503246307373 108.227839249831 124.373610687256 104.525480143229 121.444493513841 134.979596201579 0 0 0 0 0 0 0 0 118.546035766602 0 0 178.289136614118 190.650604248047 200.957504272461 135.072959899902 0 0 0 145.532736884223 0 174.911926269531 138.628486633301 0 183.863815307617 0 0 0 247.774597167969 237.537521362305 0 0 187.775787353516 219.911720275879 0 0 0 0 190.090209960938 0 226.311470031738 0 0 0 0 159.166946411133 160.863739013672 177.863136291504 179.823822021484 234.156845092773 211.325454711914 0 177.03137512207 179.872144063314 0 213.023635864258 0 0 0 197.53356552124 0 185.121292114258 0 0 0 0 0 0 0 130.050929445209 172.776069641113 86.8161926269531 0 0 123.892836252848 126.186653137207 203.43977355957 212.483123779297 0 244.796203613281 213.042900085449 0 157.91272277832 103.073493508732 148.520278930664 174.712219238281 158.658073425293 0 0
12.5195507240168 70.0684743769029 21.7565746913379 92.1576015472412 106.667978922526 62.9109546873305 14.4192009198081 7.66961706315656 18.5513080416647 15.4876485883852 51.5271799798105 65.0869998392069 0 0 193.802841186523 200.908732096354 0 193.260971069336 240.711059570312 0 142.000798543294 140.486362881131 143.617104666574 0 127.864849090576 0 0 244.366928100586 74.6676984859418 87.6965445109776 128.029044064608 133.08650302887 102.106493631999 0 187.543525695801 0 180.34196472168 119.886848449707 0 194.316665649414 95.9387203309594 153.235794067383 173.660939534505 0 173.95090230306 185.154251098633 142.904673258464 166.320356580946 140.118524678548 152.27480061849 140.695918055943 161.09420382592 110.538953472319 73.8259372143035 121.102644196356 111.986556419959 102.461880524953 0 0 85.3492126464844 171.165710449219 172.419040821217 164.247543334961 0 221.024154663086 162.387058258057 102.836947631836 157.24875386556 214.493166605632 172.315133553964 171.557374318441 92.640197912852 149.933118184408 71.2298288345337 147.001007080078 175.459899902344 61.7718722025553 0 82.0721885136196 0 174.20455839196 161.052764892578 114.702045411554 99.4084928846851 107.342000490659 118.783037458147 187.138656616211 177.308292388916 182.871964398552 187.296794346401 196.244371202257 131.446155707041 156.839106684146 166.86998907725 175.550628662109 154.894747416178 63.3633762175037 59.0512787753054 163.460021972656 184.520080566406 147.696354548136 160.392465209961 151.641298566546 150.925973074777 155.041795903986 150.708150690252 139.851989746094 111.643813476562 135.855045969893 106.2363684518 127.300131416321 142.941394674367 0 0 0 0 0 0 0 0 0 0 0 0 0 0 205.720916748047 0 0 0 141.091277228461 0 138.933626447405 130.999505360921 0 217.86003112793 0 0 147.223541259766 0 0 0 0 187.400253295898 196.207759857178 0 237.379241943359 0 0 0 0 0 0 0 0 0 199.182306925456 215.03450012207 196.53914642334 0 0 0 0 155.270011901855 184.119331359863 0 0 0 0 0 171.420219421387 0 169.806467692057 0 0 0 0 0 0 0 124.52899290386 182.078994750977 0 224.220748901367 0 177.400869369507 0 0 0 0 220.185882568359 0 0 138.896514892578 106.763261318207 109.1998079088 224.169967651367 211.181442260742 0 0
54.4347524501659 75.5667070661272 60.8061963918258 72.1685093243917 83.3286049101088 71.466679339139 10.9258231862358 18.5513080416647 8.99728882321994 25.1358435664776 41.7487843637248 63.008020545634 88.14501953125 92.0854858398438 0 0 0 126.348472595215 93.3924140930176 0 85.0609563191732 88.267446398735 67.4206047058105 133.787677764893 78.3374017382425 82.4960551261902 121.261344909668 117.089004516602 75.2980111066033 76.4701698921822 82.2173878213634 54.403524052013 68.0118270381804 110.246991475423 105.859230041504 102.408747355143 114.052604675293 156.740600585938 131.425891876221 91.0571942329407 97.2550482977004 115.167701721191 128.003401620047 81.8224656241281 101.793169708252 122.207571241591 84.7923354235562 137.118496704102 151.032089233398 110.719097900391 150.350251822636 152.022629147484 59.6191140134891 66.1167412960168 89.2192391740515 118.733304341634 93.1430587768555 70.2753664381961 84.0642074584961 58.233528137207 171.72533416748 150.23405456543 141.404875321822 109.61890411377 114.992572784424 82.6424768235948 112.491076469421 78.0467452682367 133.888854132758 177.235771179199 0 45.7962363854252 74.9742331731887 42.2259612161605 71.5592925097491 128.818267822266 31.3386970929746 48.0927109491257 62.0380686859586 133.026949662429 152.916180928548 124.407732413365 117.718809672764 105.967594749049 109.15971334357 100.534803563898 71.7906712618741 143.642109020336 157.402786763509 129.044242185705 127.65666497272 125.289560953776 165.385579427083 174.20361328125 156.825605392456 76.8193327675403 16.3789266990478 16.6985454173623 97.9237048339844 95.8283863067627 124.858563741048 147.893180847168 117.222709110805 110.250918918186 85.0721575419108 127.609585571289 125.760286331177 84.3041596846147 113.405861990792 92.0714698791504 110.023102060954 126.003360748291 0 0 116.240287780762 0 0 0 111.68904876709 170.924926757812 114.330558776855 0 115.66349029541 136.350359598796 129.5128809611 104.008460998535 169.452392578125 0 0 0 143.218259811401 0 94.271297454834 111.394391377767 0 87.8961639404297 0 0 119.092973327637 129.491020202637 0 0 0 0 164.375666300456 0 154.353591918945 0 100.050003051758 190.478530883789 0 200.3046875 189.791732788086 0 0 158.300750732422 196.758096694946 187.989395141602 181.542614164807 203.766128540039 226.277694702148 151.758964538574 0 165.536331176758 0 0 139.185157775879 0 0 124.17253112793 133.119903564453 132.047393798828 108.796702067057 0 203.011108398438 156.51237487793 194.486312866211 213.537582397461 171.864624023438 0 104.769736069899 118.13712978363 72.4195594787598 0 0 92.3003643580845 0 191.941497802734 200.602661132812 0 0 209.522994995117 0 87.2489929199219 100.369623771081 112.910249710083 0 233.234573364258 0 0
26.8134104277068 50.0098870217263 28.239600235401 36.2993217497993 71.0053210439561 45.2199581763324 25.3950191074706 15.4876485883852 25.1358435664776 9.90592961180578 14.9926711242978 22.8603262860017 0 105.235120773315 147.938824971517 158.099838256836 155.815734863281 207.564888000488 147.870300292969 97.0588073730469 106.895466524012 109.446098829571 100.729135785784 107.99959564209 117.734930992126 0 150.777267456055 111.30340830485 84.8617631196976 73.8781687649814 66.9318412657707 53.8301685773409 57.5617435004121 75.6068614612926 103.217037200928 113.857038497925 90.1899070739746 110.718078613281 106.301603317261 147.110504150391 99.436234331131 166.917518615723 155.118896484375 0 147.516471862793 148.98023223877 105.862292289734 170.395732116699 139.33478231991 166.995359420776 144.305123901367 156.443041874812 106.432817045994 82.2765509370086 122.05147249644 112.880037095812 103.117218865289 97.9390239715576 178.598823547363 145.504505157471 171.297510782878 167.970973120795 169.15056737264 205.477020263672 138.378035651313 127.538314819336 92.5443900928163 114.872497558594 148.446434020996 173.774852405895 176.155990600586 32.8438355317251 108.839585876465 88.8728692190988 103.208270874023 0 26.268721667203 105.788017272949 29.2503841416019 167.473030090332 178.170897743919 164.765613555908 119.026456423159 102.507667223612 110.517270463236 101.745448756862 115.398056030273 181.542735173152 182.86254196167 191.163078308105 204.075856526693 132.108792591095 161.929466247559 165.929871054257 172.923770141602 86.4920312064035 23.9333319003697 56.9934313947175 119.114656066895 110.873363494873 129.107813601224 129.225362481011 131.651525069927 130.797258900855 115.607868366413 127.289278215832 117.859000051123 92.2592500748173 114.925380106573 95.4781804850682 108.584808633494 126.049229588228 0 0 0 0 0 0 0 196.521278381348 185.039573669434 0 0 135.004063606262 143.99708726671 116.729194641113 134.085998535156 0 0 0 129.027682777687 143.358049180773 117.406892603094 123.295743589048 136.700218200684 144.764173407304 0 0 130.727186203003 233.124496459961 209.688232421875 0 0 168.675455729167 176.719316864014 0 0 119.37996673584 169.355834960938 0 163.522481918335 0 0 168.302495320638 213.5940284729 160.784039306641 181.578018188477 0 200.014511108398 0 177.922098795573 179.597651163737 126.61257019043 146.439697597338 113.296586990356 0 163.19921875 0 0 124.673294067383 172.292284745436 132.413036823273 123.151706314087 0 0 213.555953979492 203.439498901367 206.531158447266 0 0 105.264447964092 149.398966471354 80.2743148803711 0 0 109.299964638643 149.743621826172 0 218.690704345703 184.848867797852 196.093039618598 201.583023071289 190.663513183594 130.385007858276 84.471381508843 117.081473268109 172.295215182834 150.018357958112 0 148.115295410156
57.2263977247126 60.0326363114286 52.1833903171398 61.8896533479082 52.3269881700215 44.7214103311414 47.5188492519755 51.5271799798105 41.7487843637248 14.9926711242978 8.97744121790897 21.4078703632493 0 86.4670282999675 127.601501464844 123.472806294759 125.257484436035 132.99641418457 0 168.609985351562 100.336663564046 92.0984092220183 80.5673349553888 0 111.536214192708 110.500114440918 118.86767578125 104.441787719727 89.2885597229004 68.921683379582 56.2637407514784 42.9392800237618 48.3245292721373 59.4683950212267 0 93.6845817565918 108.904491424561 86.4685163497925 112.606618881226 121.253723144531 88.6321055094401 135.779479980469 140.264770507812 63.4746246337891 0 220.423797607422 90.8094604492187 167.808155059814 178.366146087646 132.958240509033 157.262817382812 226.236038208008 113.168176790563 109.368321418762 127.115125528971 120.040253639221 88.4724848429362 61.9512626647949 89.2379207611084 0 109.995452880859 169.047079086304 139.960566202799 140.217010498047 124.050135294596 0 92.5430280245267 86.2668113708496 128.749357435438 169.965179443359 0 16.3596315133027 79.370197568621 52.9490051269531 77.5228947054955 139.7919921875 25.1862266841142 0 23.3211132423165 0 177.584926605225 153.576309204102 124.915160574564 108.513185571741 107.142389403449 88.4606747097439 122.104337692261 189.960072835286 182.119934082031 166.586380004883 170.893768310547 143.904481887817 192.859741210938 167.269462585449 154.20964050293 62.058946286715 22.196601539188 64.0526603346605 94.3630485534668 97.811762491862 130.394816851375 128.593555948009 133.848019785226 136.634011136569 120.263748168945 129.906043370565 122.281164198655 93.6612627351439 119.046409524305 100.499832392987 107.905256579348 127.085618713886 0 0 0 0 0 0 0 200.522476196289 0 169.555084228516 0 134.154287719727 141.724989318848 123.862917582194 115.65867545388 0 0 236.340682983398 126.906196235208 155.963163757324 117.70410338692 117.668302021329 0 118.238458970014 0 0 126.991996765137 160.40584564209 0 150.982349395752 0 194.517837524414 173.859443240696 0 141.880996704102 0 0 164.368499755859 145.75341796875 232.203704833984 241.847473144531 202.370506286621 0 162.665374755859 221.609268188477 0 0 231.888381958008 182.492782592773 171.610158284505 110.196690877279 141.554832000732 95.3998374938965 0 0 0 0 121.479385375977 172.427448048311 129.590213012695 119.322929382324 0 0 0 204.861358642578 0 182.437561035156 0 102.143471675133 147.391246032715 97.53830909729 145.412307739258 0 99.5059313890411 164.795028686523 0 186.440811157227 150.419006347656 181.054042053223 0 215.020217895508 127.605245175569 83.4025207412577 125.50115718398 166.835739898682 124.898260498047 0 132.947822570801
64.2399603931288 59.9652692873811 35.1632021692519 33.6729042474432 55.8653274342609 25.4064635649401 80.9101631073725 65.0869998392069 63.008020545634 22.8603262860017 21.4078703632493 15.3487402122027 117.405807495117 109.031529374556 112.649232387543 140.407272338867 109.366967201233 129.573542081393 159.163055419922 123.491281986237 109.24762454964 101.766292446124 104.073704992022 157.986233302525 112.365717660813 104.487686157227 149.143730926514 114.652019969204 97.0846904422238 71.1332121411402 62.7888916798127 32.275716106613 20.9388499203279 63.9531225251757 112.195634280934 103.624422073364 106.349938710531 98.0058017421413 116.827989131846 123.761454990932 102.451984096521 143.917762756348 157.289594862196 102.686908721924 174.112846374512 186.045193481445 113.381482070751 164.212202889579 157.104906717936 163.856806437174 176.986582438151 191.1136605399 141.243960626347 126.25589169589 145.581392641421 126.195469106427 98.1722113754576 66.6521430045181 104.713387834265 60.2953869212757 143.40087714562 175.505844651607 160.371293995478 149.564514160156 138.303869981032 0 103.284346628315 92.3709637959798 145.779665402004 189.956399262841 190.698832920619 31.3395261611464 78.1969409904095 100.411934819715 81.1707315816508 164.964562457541 26.4336778021747 144.749740600586 16.2950257343682 172.420481363932 200.434537070138 153.866830825806 139.626877870788 117.683220421021 119.879099837216 101.269246846029 100.617232852512 197.462767601013 197.232994715373 179.957034301758 198.891168447641 167.553516214544 188.634106140137 185.784408841814 177.488963643058 65.7580976581099 52.6078544663179 89.8383661173456 115.192082844083 94.8889826724404 152.638069692284 151.415270739263 154.90175458858 156.140319038082 140.211455885186 150.397394854323 137.628563294928 117.923895050949 139.163564256309 117.89077846951 129.086234270358 147.364056563103 0 0 0 0 236.269729614258 210.057144165039 205.674758911133 171.554676818848 173.215301513672 193.368876139323 183.542022705078 153.044683615367 170.999342011242 146.136795043945 146.333327366756 0 0 193.761749267578 149.535271609271 127.147477149963 138.346511426822 141.359441079034 170.265287780762 154.594032287598 0 0 137.871741901744 170.649143981934 201.67565536499 164.828732808431 167.806762695312 192.359072113037 182.87842464447 197.278518676758 188.651519775391 0 146.253170013428 174.330856323242 181.434635162354 0 226.116394042969 210.239929199219 215.485559463501 184.376449584961 221.149505615234 214.932759602865 202.783256530762 0 199.981649225408 193.745958768404 151.790329524449 164.695524776683 137.938283986059 0 0 230.899475097656 0 146.906112670898 178.012282882912 157.756668938531 139.59378306071 0 222.90185546875 201.333202362061 0 238.03554280599 205.656289672852 0 123.148189523983 150.710689968533 133.471400541418 173.670453389486 0 121.007966206868 190.595905303955 0 207.055871582031 198.657558441162 193.948263549805 241.511589050293 243.120468139648 145.201053437733 103.681751984241 141.340553658908 175.460917597232 173.736897468567 167.607696533203 174.557733535767
225.078186035156 0 202.563629150391 0 149.793899536133 0 137.803161621094 0 88.14501953125 0 0 117.405807495117 10.601332125396 80.8235168457031 0 32.2542133331299 40.6628283663088 24.6938181613753 28.6107976313922 42.0972063006777 0 115.339122772217 99.5120188395182 81.4395202110554 106.762433369954 84.9708836873372 71.67065183578 57.9212492740515 243.782943725586 151.646881103516 0 76.761646270752 62.4698415616663 71.6983672055331 94.7679265340169 57.8316326141357 56.4053661579988 60.5059934973508 58.7843117549502 105.704609264027 90.8597221374512 71.0689346313477 80.6071606425496 27.9658966481789 17.3016610344308 20.4729176596588 129.230316162109 82.1845018005371 80.1566958427429 46.7763458887736 88.2063484191895 95.3303099239574 151.103229522705 0 0 0 127.546539306641 125.832294464111 82.7999877929688 0 70.0411564963205 94.437474458114 67.6130449395431 71.0684690202986 63.2094850540161 28.2406475543976 167.457321166992 128.842952728271 100.056939442952 116.086647033691 80.8594613075256 86.135223299958 74.3491496011323 35.3457308523187 161.164265950521 97.6689371381487 80.1343428743407 33.0897117682866 74.3055046081543 79.23637231191 88.531982421875 71.0328801472982 217.590255737305 161.412261962891 0 167.335235595703 0 76.6910808502682 71.4822452215501 59.6251425053523 44.2929840469014 108.284641689724 0 112.387693786621 84.5104862951463 119.428375244141 82.165611161126 114.439950125558 137.927993774414 0 0 153.261784871419 0 0 144.374794006348 213.322113037109 0 0 0 0 161.90495300293 0 102.724792480469 90.3159674367597 74.2805249532064 106.993391927083 130.010307312012 99.4998888762101 110.194937297276 83.5837220898075 113.529591829349 90.409039425687 105.711163349641 154.549728393555 161.170524597168 101.004261016846 116.250475883484 94.5836693016258 125.252433776855 96.2308750152588 172.417853219169 145.953759765625 139.200508117676 132.668501717704 118.664161682129 127.679162343343 99.7593972342355 115.041160583496 125.016511957696 123.676670074463 79.5285103835724 136.815792560577 89.380752224894 113.870281219482 117.638751983643 96.7953195282907 75.8291965666271 65.3570696923041 90.3785056162689 84.9861007277811 132.848140716553 142.110364740545 133.883871781199 125.897783915202 159.582359313965 98.9832063332582 150.094360351562 130.144668579102 166.620569864909 148.080322265625 220.854782104492 201.642189025879 174.384735107422 173.549384483924 139.067256164551 154.214569091797 80.3704432943593 94.3873237391881 96.0564046223958 45.7401888458817 183.1101498074 179.295516967773 141.73707144601 131.980690002441 106.463489532471 94.6337226129347 157.372985839844 141.817095438639 97.7647865484123 98.7162598830003 134.74161529541 120.966261886969 52.8478202211096 142.03164100647 100.916176509857 132.36870803833 124.937861633301 73.3451667785644 131.394844055176 183.115905761719 204.319534301758 120.7167904876 126.526782642711 140.67489528656 126.7268409729 169.368535359701 164.676300048828 138.396850585938 160.571434020996 139.567909240723
106.814557756696 146.77855682373 141.066831148588 120.557689319957 88.5511455535889 98.4444857145611 109.028568649292 0 92.0854858398438 105.235120773315 86.4670282999675 109.031529374556 80.8235168457031 10.2149877031895 11.3188237805127 48.7653677411475 17.8788116418205 74.9556689558987 90.9329973418137 63.6998796032321 0 140.417686462402 47.0651032992513 61.3631728319514 156.420053482056 69.9907417297363 44.7856635900129 31.7391899811673 107.59305511959 94.4109701126341 74.5353033331376 84.1051185870993 88.3397283554077 83.6495140674067 21.7045270420126 16.5642687580024 20.0298239246996 66.892068090893 53.9768721640775 51.0506799071477 72.0833917097612 68.4073148207231 73.3253563840417 85.2742431640625 161.634220123291 105.495284670875 56.0056840981523 98.4512778917948 112.416567715732 0 134.490299987793 190.951782226562 163.590634514304 125.797677755356 146.617450714111 133.987200055804 93.3872059025177 61.6634297203179 29.0463429841429 35.0813044649263 73.9909414475964 110.776657812374 85.7099411568991 62.6819377007423 56.275454619707 80.7633895874023 113.457354458896 65.6104483422432 79.3363339855986 126.426530020578 160.980252583822 108.905992809095 106.588325847279 56.6668195724487 69.1162019614261 113.860768999372 83.0532531738281 51.4782733917236 122.051103864397 0 213.008236694336 0 152.975843200684 133.023375244141 140.124210466657 129.038410949707 78.4713153839111 159.986724853516 166.702919960022 167.449844360352 157.534798622131 114.089563223032 143.204048156738 130.616998539415 93.0676624810518 78.414821074181 101.41022644043 114.354742685954 118.415177154541 95.8396224975586 0 0 0 222.704559326172 245.036697387695 212.622467041016 0 156.435119628906 220.642791748047 0 0 0 0 117.354751586914 102.912891387939 103.534049987793 0 98.7726723807199 107.165695414824 119.535184686834 114.616634550549 108.40483442034 104.583683894231 0 0 98.7050247192383 0 0 0 97.4815063476562 0 0 0 181.262847900391 177.918594360352 119.565994262695 0 101.773124694824 122.858253479004 120.670282491048 110.168510437012 0 115.689384460449 125.723907470703 0 0 147.526977539062 83.3890838623047 106.167740792939 154.149067348904 119.497085571289 176.824722290039 230.340560913086 0 0 0 0 0 0 0 0 0 0 0 160.005142211914 99.3982391357422 146.91494140625 127.693725585938 0 0 176.245737711589 0 145.286071777344 117.45874786377 145.056396484375 167.259791056315 0 153.470306396484 218.326904296875 149.471878051758 123.27693939209 106.734538269043 62.0724689483643 0 148.609390258789 123.364912033081 0 0 0 0 0 0 160.767333984375 0 0 0 143.078155517578 0 0 0
