21008 6233 5590 3598 1004 5798 11507 11573 169 273 132 3135 0 1 2 0 0 0 0 2 152 124 3 4 34 0 3 1 10831 4930 168 20 193 20 1 0 2 9 1 1 295 0 2 1 5 0 7 3 10 5 60 191 1878 2458 551 146 111 3 0 1 2 12 7 1 1 1 261 12 11 20 4 54 21 16 45 2 25 1 27 14 63 3 1141 414 480 76 32 4 6 1 4 147 59 21 20 445 109 3258 74 17 6 1 43 22 14 88 7 3 12 20 56 143 0 0 0 0 1 0 1 1 9 0 0 2 8 0 1 0 0 0 6 0 29 96 0 54 0 0 14 16 0 1 1 13 19 0 0 0 4 5 0 1 0 2 0 0 1 4 3 2 13 13 0 11 19 0 1 0 0 1 24 6 1 0 0 1 1 1 0 1 125 88 10 1 0 49 3 1 3 0 27 1 1 8 43 7 21 2 0 0
6233 20848 4675 23649 3681 13010 407 649 82 629 509 7177 0 3 5 1 0 0 0 2 250 215 6 4 55 2 3 8 792 4877 390 53 279 27 1 1 7 15 1 10 603 0 9 2 1 1 14 5 22 2 70 131 726 1194 309 273 215 10 1 0 4 10 5 0 4 1 459 29 20 33 12 90 20 30 68 3 42 0 74 11 62 6 1147 546 1002 180 32 12 9 0 9 215 64 40 24 715 69 363 146 18 18 10 124 57 61 232 8 6 32 84 155 350 0 0 0 0 0 2 2 0 18 1 4 15 29 0 0 0 0 1 8 4 99 224 1 127 0 0 43 23 1 0 0 19 45 0 1 0 6 2 4 4 0 1 0 1 0 5 2 1 29 44 5 32 69 0 1 0 0 1 65 7 9 0 1 3 0 0 0 0 314 182 12 1 1 136 2 1 3 3 107 0 0 14 88 19 46 2 0 2
5590 4675 42535 11301 174 4984 975 7820 421 14352 1313 29210 0 1 2 2 1 2 1 2 290 198 7 5 73 2 1 1 677 261 92 27 207 39 0 0 8 24 1 5 1156 1 13 0 3 0 24 3 29 10 218 427 1983 2160 853 618 105 16 1 1 3 23 10 2 4 4 676 33 11 80 12 136 52 41 100 1 65 0 98 23 202 21 2858 1081 1649 228 42 33 15 4 14 560 190 84 59 161 252 723 166 40 19 4 147 93 64 340 13 16 53 123 229 477 0 0 1 0 0 1 1 1 12 1 7 18 42 1 0 0 0 0 12 3 131 286 2 184 0 0 60 34 0 1 1 33 71 2 0 0 6 1 4 2 2 3 0 0 3 8 6 5 33 66 2 44 62 0 2 0 0 1 88 6 5 2 1 4 2 4 2 1 386 262 23 2 0 175 11 3 6 4 124 3 0 22 148 28 63 4 0 3
3598 23649 11301 20000 3626 17074 177 169 13 149 305 5910 0 1 2 2 1 0 1 0 121 138 4 3 22 0 1 1 272 726 249 15 101 7 0 0 3 13 0 4 225 1 5 0 1 0 2 1 3 0 27 45 256 378 103 88 113 4 0 1 1 6 2 2 0 0 180 11 6 6 4 34 12 13 26 2 13 0 23 3 15 4 361 193 397 69 11 4 6 0 1 80 20 12 13 274 34 136 96 8 7 3 50 30 34 121 5 3 13 36 60 170 0 0 0 0 0 1 2 0 8 0 1 6 9 0 0 0 0 0 5 0 53 95 0 70 0 0 27 8 0 1 0 25 24 1 0 0 1 1 2 0 0 3 0 0 1 0 1 0 13 18 2 7 23 0 0 0 0 0 35 7 3 1 0 1 0 1 1 0 141 112 5 0 0 52 0 1 0 2 52 0 0 10 61 6 21 1 0 2
1004 3681 174 3626 7567 6565 326 87 28 62 25 2800 1 37 78 16 58 5 16 53 377 733 54 12 103 2 12 35 1983 5887 4778 1759 2589 268 12 6 19 205 34 52 419 8 38 6 0 8 69 71 11 3 29 81 867 1437 237 114 2512 79 12 3 29 165 44 7 13 3 577 40 258 23 74 580 188 57 308 79 36 2 151 3 58 5 591 413 628 157 49 6 12 0 12 95 30 10 45 3488 175 595 227 53 10 9 56 28 20 102 1 5 25 41 87 166 1 1 3 0 6 2 16 23 119 14 33 17 45 0 2 0 0 0 1 1 48 110 2 69 0 1 142 72 2 8 2 12 31 2 2 1 42 37 4 0 0 2 0 2 1 1 2 2 4 16 3 11 20 1 4 7 0 2 34 2 2 1 4 12 0 1 7 1 103 126 32 1 2 97 1 0 5 8 39 4 3 7 80 7 21 0 0 5
5798 13010 4984 17074 6565 17001 418 291 34 202 161 16613 0 9 13 3 28 4 5 20 304 492 27 5 55 2 3 10 521 1996 832 3555 3318 237 3 0 12 155 9 30 355 6 13 3 0 1 28 20 5 5 24 46 361 604 128 142 417 58 2 1 14 44 21 4 3 2 236 20 80 16 27 522 134 48 199 40 34 0 116 3 43 6 500 206 570 135 37 13 8 0 9 82 30 15 33 5953 178 286 198 23 20 7 102 48 46 204 6 7 43 97 164 388 0 1 2 0 3 1 7 6 70 6 16 15 35 0 1 0 0 0 13 1 96 197 1 120 1 0 62 50 4 2 2 19 32 1 1 0 21 22 2 2 1 2 0 2 3 3 2 0 16 26 3 17 49 0 2 2 0 0 64 2 4 2 2 7 1 1 7 1 227 156 17 3 2 134 2 0 0 6 76 1 0 21 112 16 40 3 0 1
11507 407 975 177 326 418 6723 6774 1011 634 92 440 0 1 4 2 0 0 0 1 31 43 1 1 10 0 0 1 766 548 111 9 39 4 0 0 1 4 0 3 44 0 2 1 3 1 1 0 3 0 32 50 854 582 241 23 57 2 0 0 0 7 4 0 2 0 50 6 3 1 3 35 10 9 11 2 40 0 17 5 20 2 366 78 80 17 7 1 4 1 1 42 19 3 4 94 201 3277 26 8 0 0 5 2 4 11 2 2 2 4 8 25 0 0 0 0 0 0 0 0 8 0 1 1 6 0 0 0 0 0 0 0 4 9 0 9 0 0 7 4 0 1 0 2 5 0 0 0 0 0 0 1 1 1 0 0 1 3 2 0 1 2 0 1 2 0 0 0 0 0 5 0 0 0 0 2 0 0 1 0 19 13 1 2 0 17 0 0 1 0 14 0 0 0 8 1 3 0 1 0
11573 649 7820 169 87 291 6774 25312 4120 25043 1785 3781 1 1 1 0 1 0 0 0 41 23 2 3 18 0 0 2 446 183 28 8 82 9 1 0 0 5 2 0 232 0 6 3 1 1 4 2 4 5 85 244 1996 1638 748 155 26 3 1 0 2 8 5 0 0 7 183 11 3 21 6 98 19 23 34 0 84 1 64 17 87 6 1503 434 375 58 21 8 5 1 4 201 72 20 16 61 605 2142 25 9 9 1 47 14 20 98 3 2 8 30 57 129 0 0 0 0 0 0 0 0 4 1 0 6 11 1 1 0 0 0 3 0 36 90 2 46 0 0 15 13 0 0 0 17 25 0 0 0 0 0 0 2 0 2 0 0 0 7 2 0 12 25 1 9 20 0 0 0 1 0 26 5 3 0 0 0 0 3 0 0 101 99 3 1 0 71 3 0 5 2 35 0 0 5 30 6 12 0 0 1
169 82 421 13 28 34 1011 4120 3859 3797 467 630 1 0 1 0 0 0 2 0 9 23 1 0 4 1 0 0 43 25 5 6 89 9 0 0 0 7 0 0 28 0 0 2 50 5 2 0 0 31 16 31 352 141 123 15 2 4 0 0 0 0 0 0 0 29 17 5 0 3 0 281 15 86 10 1 551 21 169 21 16 42 122 31 32 5 0 21 11 21 10 20 5 1 3 24 3174 918 4 0 3 1 15 11 7 33 1 1 5 14 28 43 0 0 0 0 0 0 0 0 7 2 1 5 8 0 0 0 0 0 4 0 8 41 0 18 0 0 9 6 0 0 0 5 11 0 1 0 1 0 0 0 1 0 0 0 3 2 3 2 4 8 0 6 5 0 0 0 0 0 20 2 3 1 0 0 0 0 1 0 47 50 7 0 0 23 0 0 2 3 21 1 0 2 12 4 9 0 0 0
273 629 14352 149 62 202 634 25043 3797 47119 12927 21459 3 0 1 0 0 0 3 1 58 73 3 1 23 0 0 1 98 42 22 33 593 19 0 0 3 11 0 1 188 0 2 5 39 5 3 4 6 20 46 102 751 441 311 108 25 6 0 1 0 1 2 0 1 12 80 8 0 6 1 1534 61 109 32 2 1564 27 415 23 41 35 600 180 233 35 9 17 12 15 16 91 29 14 16 83 7711 1152 23 8 73 20 277 142 94 653 35 28 174 293 433 949 0 0 1 1 1 1 2 1 23 2 2 29 48 1 1 0 0 1 20 3 228 436 2 229 0 0 75 49 2 4 1 53 83 1 4 0 4 3 3 4 0 7 0 1 4 11 7 4 48 90 11 45 91 0 3 0 0 0 129 19 12 2 0 6 7 0 2 1 516 359 34 4 1 258 5 1 5 11 191 0 6 22 254 46 79 4 1 6
132 509 1313 305 25 161 92 1785 467 12927 6397 10393 6 0 0 0 1 0 0 1 14 30 3 0 3 0 0 0 31 17 4 6 502 7 0 0 1 3 0 3 25 0 3 2 48 6 3 0 1 22 10 27 110 56 38 11 4 2 0 0 0 2 2 0 0 9 14 0 2 0 1 996 18 107 5 1 1387 36 391 20 14 44 73 23 22 7 4 17 12 15 14 12 3 1 1 30 2169 243 10 0 30 10 107 74 42 318 15 16 49 187 229 461 0 1 0 0 1 0 0 1 15 2 4 14 11 1 1 1 0 0 14 1 109 160 0 80 0 0 32 22 1 0 0 15 22 0 2 0 6 0 0 0 0 2 0 1 2 2 5 1 18 34 4 18 38 0 1 0 0 1 43 9 2 3 0 2 3 0 2 0 225 123 16 0 0 84 1 0 0 4 60 2 1 8 133 27 25 0 0 3
3135 7177 29210 5910 2800 16613 440 3781 630 21459 10393 73970 1 7 4 3 6 0 4 7 456 760 26 9 71 3 5 5 319 1115 412 211 3899 70 2 0 9 81 3 25 508 1 16 6 7 4 22 10 11 2 34 99 541 570 258 201 217 40 1 0 6 20 11 2 1 3 267 29 33 11 15 2448 114 61 163 16 490 0 202 4 47 5 705 289 872 203 37 4 6 1 3 113 45 17 24 3069 3866 603 274 30 174 57 991 478 306 1975 82 88 363 926 1344 3017 1 1 0 0 5 3 6 7 59 4 8 44 123 1 4 1 0 0 62 8 712 1161 1 612 0 0 106 80 2 7 1 129 203 4 4 0 14 9 13 1 0 13 0 2 3 20 0 1 123 195 16 152 261 0 3 2 1 1 278 35 17 1 2 12 4 1 1 0 1490 584 62 7 0 661 2 0 2 26 341 3 1 93 805 84 138 7 4 7
0 0 0 0 1 0 0 1 1 3 6 1 4712 2 0 7 7 878 2737 20 0 2 1 16 0 0 3 20 0 0 0 1 1 0 1 0 2 238 17 0 20 8 97 3097 2327 2594 3 4 4 44 1 11 0 0 2 0 0 1 2 0 33 10 5 30 8 1522 0 4 37 2 4 20 127 895 1 7 193 382 360 16 12 41 0 0 1 1 0 31 55 32 153 3 0 1 14 3 20 2 0 0 0 0 0 0 0 0 0 0 0 0 2 1 0 14 473 1 2 105 1 1058 44 1237 14 0 0 0 1 15 0 21 0 0 0 1 0 6 0 0 18 9 225 2 49 3 1 40 18 120 29 1821 0 1 5 0 0 2 1 0 3 1 0 0 0 0 1 0 52 103 10 106 0 0 1 2 2 38 1 2 37 10 2 2 158 3 3 14 1 4 10 0 1 20 6 2 1 0 0 0 0 1
1 3 1 1 37 9 1 1 0 0 0 7 2 8846 6453 1065 590 183 227 608 17 23 47 282 18 1 2055 1247 43 16 105 2 15 661 3889 3282 1252 270 202 542 336 19 125 18 1 10 475 16 50 0 0 2 30 52 6 1 59 684 1386 2585 30 53 132 121 117 0 45 1045 487 11 10 2 22 1 741 12 0 1 4 0 4 0 9 11 8 0 9 1 3 0 10 22 1 4 71 116 1 10 9 10 0 0 0 0 1 0 0 2 0 0 0 0 2 1 7 0 1 16 22 18 179 330 156 2 6 1 2 0 0 1 2 0 0 1 0 2 0 1 16 21 0 14 0 0 1 3 0 0 57 15 4 0 0 0 0 0 0 0 0 0 0 1 0 0 0 11 0 1 0 1 0 1 0 1 1 4 1 0 3 0 1 10 7 0 0 15 0 0 2 0 0 0 0 0 2 1 0 1 0 2
2 5 2 2 78 13 4 1 1 1 0 4 0 6453 15715 12404 284 1862 223 952 51 73 165 276 35 32 2081 3360 47 21 133 0 22 616 1454 470 819 304 664 427 1087 61 234 13 1 19 381 28 202 5 0 5 26 40 16 4 59 689 714 1111 333 122 177 111 200 5 44 908 1143 17 24 1 24 2 925 28 2 1 11 0 18 2 18 10 10 3 11 8 24 4 28 84 4 38 190 205 0 9 10 30 0 1 0 0 0 2 0 7 0 1 1 0 6 2 11 0 0 16 18 35 320 340 174 8 14 2 3 5 1 3 2 0 0 3 1 5 5 2 55 43 3 42 4 2 12 6 2 5 101 30 26 2 3 0 0 0 0 0 1 2 1 4 2 0 1 29 3 3 3 1 7 9 0 3 2 3 0 2 8 0 0 22 18 4 2 42 1 0 6 3 2 6 1 1 18 1 2 0 0 1
0 1 2 2 16 3 2 0 0 0 0 3 7 1065 12404 13192 249 2349 3820 1656 14 24 142 449 26 24 1607 5800 11 2 28 0 5 93 195 15 128 253 1506 93 1306 69 254 9 2 44 116 18 167 3 0 0 8 16 14 7 10 85 88 66 339 53 63 129 96 4 14 184 741 19 10 3 8 16 132 46 2 20 6 0 13 2 9 2 4 1 2 7 18 1 24 78 7 28 147 41 0 2 1 2 0 0 0 0 0 0 0 0 0 0 1 1 9 19 131 1 1 115 5 346 234 1728 62 2 5 0 2 8 2 17 0 0 0 0 1 4 7 3 20 11 31 34 22 2 4 12 8 53 116 86 15 3 0 0 1 5 0 1 0 0 0 2 0 0 0 20 2 31 4 3 3 3 3 0 5 10 2 2 13 1 1 9 73 1 1 67 1 2 7 3 2 1 5 0 15 4 1 0 0 2
0 0 1 1 58 28 0 1 0 0 1 6 7 590 284 249 1415 191 222 2014 50 157 148 177 55 47 211 115 10 3 23 5 11 434 317 220 2742 1418 92 444 348 25 187 30 4 56 521 14 59 3 0 1 6 8 3 1 12 236 318 608 300 38 72 47 23 8 10 225 115 3 13 4 23 40 384 43 1 3 24 0 8 1 4 5 10 8 5 5 12 1 64 24 1 6 100 106 2 2 12 6 2 2 1 2 1 0 0 20 0 1 1 1 5 1 9 3 4 8 49 19 634 205 208 14 42 3 11 8 0 5 8 3 3 16 2 29 10 6 186 122 4 96 0 4 26 10 7 3 205 18 67 1 2 0 2 2 0 1 0 0 2 10 4 1 2 40 1 8 2 3 20 20 0 7 1 14 2 0 18 3 15 121 66 6 3 102 3 0 6 11 9 4 3 2 65 13 19 2 2 11
0 0 2 0 5 4 0 0 0 0 0 0 878 183 1862 2349 191 13757 3803 833 5 37 163 1656 42 59 1300 1812 5 1 5 0 2 40 49 7 130 1515 4011 73 1960 166 747 529 12 1061 113 70 72 2 0 1 3 5 28 9 6 30 56 15 7253 98 187 543 108 104 9 71 966 11 55 3 46 490 47 162 1 68 10 0 26 1 10 5 8 1 5 7 31 4 167 32 2 20 204 16 1 0 4 2 0 1 1 0 2 0 0 1 0 1 0 3 1 189 1727 11 9 904 15 3292 409 6437 120 5 8 6 4 197 7 193 4 2 2 22 1 35 11 0 124 153 447 20 339 15 18 176 36 845 206 1926 4 7 10 0 1 8 0 1 1 2 0 0 1 0 3 8 19 426 52 84 0 1 8 7 7 107 0 1 59 4 1 17 686 21 11 44 4 2 16 0 0 25 20 8 6 0 1 0 1 0
0 0 1 1 16 5 0 0 2 3 0 4 2737 227 223 3820 222 3803 31374 6916 40 174 139 275 71 54 315 106 5 3 9 2 10 24 155 7 149 2396 57 375 600 46 265 4906 290 2520 263 65 142 36 1 10 7 8 8 3 3 19 66 6 384 64 102 55 14 168 7 51 104 11 47 12 103 4383 36 121 11 436 52 1 35 16 6 4 17 9 4 63 184 37 651 69 4 25 244 37 2 0 12 0 3 0 2 2 1 3 1 52 0 3 4 6 74 78 1236 20 10 799 139 2115 3223 18005 1513 45 109 11 37 79 10 98 13 10 4 24 4 47 53 24 525 350 139 384 84 22 52 105 57 437 1632 889 174 16 15 2 4 10 2 2 4 5 4 16 7 2 4 181 28 155 25 70 46 54 13 21 34 138 2 12 195 48 14 292 1609 23 17 757 14 11 28 23 15 53 19 3 166 21 30 4 11 29
2 2 2 0 53 20 1 0 0 1 1 7 20 608 952 1656 2014 833 6916 4672 53 181 165 340 103 110 525 219 3 8 22 8 22 241 444 41 313 367 206 774 555 62 400 69 17 205 650 34 237 9 0 3 7 14 5 4 10 185 256 159 1357 53 149 71 35 7 22 170 164 15 28 7 27 148 260 84 3 9 23 0 20 1 2 8 14 9 4 15 49 6 159 87 6 54 237 126 3 0 9 3 3 3 6 3 6 2 2 46 2 4 2 4 49 7 60 5 4 32 47 45 1719 1364 508 40 112 10 30 17 4 12 17 16 1 13 1 20 49 20 355 194 9 392 12 6 49 33 37 4 630 73 162 8 3 1 2 6 0 2 1 3 6 16 10 4 3 142 13 24 1 9 40 40 6 24 2 36 1 2 32 11 17 169 182 24 6 415 2 3 6 28 20 18 11 2 143 20 29 8 8 24
152 250 290 121 377 304 31 41 9 58 14 456 0 17 51 14 50 5 40 53 7263 8462 1468 99 820 99 33 7 106 110 180 100 342 386 8 2 92 364 2 299 873 30 109 35 1 3 297 5 53 2 3 13 106 155 45 775 115 137 19 15 5 30 38 6 3 1 131 308 19 13 13 182 323 110 582 1 71 2 203 1 16 2 216 48 4075 215 157 3 14 1 5 32 10 20 79 630 68 57 495 36 3 1 10 7 4 31 0 8 4 5 13 42 2 0 0 0 4 1 19 1 125 19 38 16 21 0 1 0 2 0 0 1 3 43 0 46 0 0 123 68 0 8 0 6 26 1 3 0 36 2 12 2 0 1 0 0 0 1 0 1 3 8 1 0 4 0 2 0 1 0 15 4 2 2 2 2 1 0 2 0 51 153 32 1 0 84 3 0 2 5 20 1 2 0 24 1 17 1 2 4
124 215 198 138 733 492 43 23 23 73 30 760 2 23 73 24 157 37 174 181 8462 29231 5739 676 9920 1122 180 29 261 196 360 240 804 1005 22 3 230 1299 4 2638 2620 213 1107 153 6 13 1464 33 488 18 14 36 218 380 79 403 210 334 71 38 42 217 218 55 22 6 317 876 67 87 58 440 1015 284 1452 45 194 8 619 3 82 6 486 205 4167 549 457 24 112 11 86 227 26 94 877 1259 185 107 2509 80 11 2 27 19 11 76 3 14 12 20 31 88 2 0 5 1 8 4 71 5 552 63 175 46 101 5 6 2 1 2 5 5 32 116 8 121 1 0 426 275 7 46 2 18 81 5 1 1 212 15 28 7 0 4 0 6 0 5 1 0 11 16 6 8 21 8 2 5 3 2 50 13 8 2 2 10 6 4 27 4 122 379 149 9 5 204 4 5 22 8 44 15 0 4 82 6 46 4 1 11
3 6 7 4 54 27 1 2 1 3 3 26 1 47 165 142 148 163 139 165 1468 5739 9053 6081 1265 3757 443 45 51 16 39 14 63 222 19 2 128 468 16 2647 7487 1240 715 28 0 9 353 6 152 1 0 3 31 84 13 16 42 42 33 20 60 28 35 27 6 2 85 141 13 11 3 30 141 32 145 4 21 0 62 0 9 0 38 44 132 30 43 2 8 2 9 58 4 13 136 89 16 11 81 10 0 0 1 4 3 4 0 2 1 2 2 3 0 2 1 0 0 2 10 7 73 34 41 4 5 0 1 0 0 0 2 1 1 11 0 7 0 0 27 18 1 7 0 0 2 3 0 0 35 11 3 1 0 0 0 0 1 0 0 0 2 2 0 0 2 3 1 1 1 1 2 1 0 0 1 2 0 0 5 3 4 30 20 2 0 20 1 1 2 3 5 5 1 1 3 0 6 1 0 0
4 4 5 3 12 5 1 3 0 1 0 9 16 282 276 449 177 1656 275 340 99 676 6081 14255 734 4888 7187 934 42 3 23 5 9 75 532 32 93 263 141 5279 4421 3699 3549 33 21 878 2028 10 415 2 1 9 55 155 36 17 69 96 577 57 1942 67 126 810 38 55 199 691 61 23 10 6 55 32 124 17 1 6 16 0 25 0 48 62 64 48 59 7 32 0 103 103 10 30 471 34 2 10 83 9 0 0 0 0 0 1 0 0 0 0 0 0 0 5 64 1 0 26 5 234 75 185 39 0 2 1 3 4 0 2 1 0 0 3 0 6 2 0 23 14 49 6 12 2 1 12 1 9 17 334 1 3 2 0 0 0 0 0 1 1 0 0 0 0 1 1 8 29 0 16 0 1 1 0 1 6 0 1 15 3 1 8 22 1 1 6 2 3 5 1 1 10 3 1 1 0 0 0 0 0
34 55 73 22 103 55 10 18 4 23 3 71 0 18 35 26 55 42 71 103 820 9920 1265 734 15670 1844 294 37 133 30 93 23 90 187 55 1 60 430 17 2321 1091 103 1007 46 7 21 7473 32 228 26 25 62 396 1062 121 191 456 54 107 7 60 394 506 121 30 7 1557 1643 102 102 78 64 280 116 791 39 49 2 110 4 110 10 982 1053 2150 1199 3641 15 109 11 83 129 38 77 995 177 29 22 4150 904 2 0 3 1 4 5 0 3 2 2 6 5 0 0 0 0 2 2 16 6 103 21 44 7 23 0 1 0 0 0 0 0 3 19 0 22 1 0 98 56 5 9 1 3 7 5 4 0 29 11 2 6 5 0 0 1 1 2 2 0 1 2 2 0 3 2 4 7 1 1 9 0 0 2 8 7 2 1 22 5 12 77 31 0 7 29 2 2 24 6 7 15 5 0 12 1 10 1 0 1
0 2 2 0 2 2 0 0 1 0 0 3 0 1 32 24 47 59 54 110 99 1122 3757 4888 1844 5645 1553 9 3 0 1 0 2 5 3 1 6 73 3 13253 1558 658 773 3 2 8 95 5 102 1 0 2 2 11 6 2 1 3 6 1 20 13 11 26 3 1 9 19 3 11 4 4 11 7 13 2 1 0 4 0 9 0 8 3 22 12 2 2 2 0 10 30 5 6 106 4 1 0 12 0 0 0 0 0 0 0 0 0 0 0 0 0 0 0 0 0 0 3 2 4 16 12 8 0 0 0 0 0 0 0 0 0 0 0 0 0 1 0 5 4 1 0 0 0 1 0 0 0 4 5 0 2 0 0 0 1 0 0 0 0 0 1 0 0 0 1 0 1 0 0 1 0 0 1 0 2 1 0 1 0 1 0 1 0 0 4 0 1 1 0 0 0 0 0 0 0 0 0 0 0
3 3 1 1 12 3 0 0 0 0 0 5 3 2055 2081 1607 211 1300 315 525 33 180 443 7187 294 1553 17888 8621 57 5 60 0 8 182 2985 97 200 218 263 5430 898 179 848 17 1 120 1807 8 82 3 0 5 56 109 7 7 101 228 977 177 236 85 302 731 228 5 174 1090 258 9 8 4 25 12 240 7 0 7 7 0 11 0 36 44 30 22 24 2 11 1 18 28 1 9 228 36 0 13 37 12 0 0 0 0 0 0 0 0 0 0 0 2 1 5 45 1 0 29 5 233 66 266 77 1 1 0 3 5 0 1 0 0 1 0 0 6 0 0 11 16 20 5 10 1 2 4 1 10 19 113 1 0 1 0 0 0 0 0 0 0 0 0 0 0 1 5 2 6 1 3 1 2 0 0 0 4 0 0 4 2 2 8 14 0 2 7 0 2 2 0 0 4 1 0 2 0 0 0 0 0
1 8 1 1 35 10 1 2 0 1 0 5 20 1247 3360 5800 115 1812 106 219 7 29 45 934 37 9 8621 11069 111 14 124 2 13 254 274 52 240 124 6478 118 340 26 476 12 14 502 384 15 12 0 0 3 46 108 19 5 132 311 485 218 1556 50 220 1009 770 24 155 1103 746 3 8 4 8 4 536 17 2 46 4 0 6 0 25 24 19 6 21 0 4 0 43 11 3 2 144 114 0 19 18 20 0 0 0 0 1 1 0 0 1 0 0 0 0 63 369 2 2 184 10 1763 110 928 45 2 1 0 0 40 1 38 1 0 2 6 0 14 0 2 31 28 408 4 142 5 1 62 12 111 41 1570 3 3 2 0 0 0 0 1 0 0 0 0 1 1 4 2 21 173 9 25 0 1 4 3 1 47 0 1 11 1 0 5 74 3 0 7 0 0 2 0 0 5 2 4 4 1 0 0 0 0
10831 792 677 272 1983 521 766 446 43 98 31 319 0 43 47 11 10 5 5 3 106 261 51 42 133 3 57 111 30655 11043 2712 27 153 38 23 3 7 39 25 31 127 6 46 5 1 3 60 30 18 3 20 42 2659 9730 384 30 4363 22 18 2 13 229 297 39 74 2 8511 178 304 31 36 88 50 23 820 26 27 2 58 3 45 0 413 654 178 94 583 7 26 1 17 32 12 10 134 980 32 4445 182 607 1 1 18 12 12 31 0 1 5 14 15 53 0 0 0 0 0 1 1 7 21 0 3 3 8 0 0 0 0 1 0 0 18 63 0 31 0 0 26 18 1 2 1 11 18 1 0 0 12 8 8 0 1 1 0 0 0 2 0 1 6 6 2 8 13 0 0 2 0 1 20 1 0 1 2 2 0 0 3 4 60 77 8 2 1 52 1 1 2 2 24 2 0 2 20 1 16 1 0 1
4930 4877 261 726 5887 1996 548 183 25 42 17 1115 0 16 21 2 3 1 3 8 110 196 16 3 30 0 5 14 11043 12515 3289 54 181 16 2 1 4 26 9 17 179 2 15 1 1 0 15 10 10 0 47 62 1355 2261 297 84 5282 5 3 0 4 45 39 3 11 1 694 28 75 8 17 48 18 9 121 4 9 0 26 2 28 0 585 323 287 76 57 7 7 0 2 66 28 19 19 702 44 1109 83 85 4 0 13 10 3 36 1 1 1 6 24 55 0 0 0 0 1 1 1 0 19 2 3 5 6 0 1 0 0 0 2 0 24 24 0 26 0 0 19 19 1 0 0 5 12 0 0 2 4 3 2 0 0 0 0 0 2 0 1 1 7 5 0 3 7 0 0 1 0 0 16 2 0 0 0 2 0 0 0 0 47 46 9 1 1 25 1 0 4 0 11 0 0 0 25 3 2 0 0 1
168 390 92 249 4778 832 111 28 5 22 4 412 0 105 133 28 23 5 9 22 180 360 39 23 93 1 60 124 2712 3289 9409 197 367 70 12 7 21 60 47 37 275 5 27 8 0 1 54 52 11 1 28 55 972 2201 216 97 12932 35 6 5 11 228 143 20 62 1 4544 92 427 27 54 98 63 22 881 45 7 3 45 2 54 2 596 759 447 527 811 6 17 1 14 67 23 20 86 2654 44 390 2732 6178 2 1 11 4 4 21 1 4 4 5 14 35 0 0 3 0 2 0 8 9 66 1 9 6 11 0 0 0 0 1 2 1 8 29 0 22 0 0 55 29 3 3 3 4 11 0 3 0 16 19 3 0 1 0 0 0 0 1 0 0 6 3 1 2 7 2 0 3 1 0 4 1 1 1 2 4 1 1 6 3 20 54 15 0 1 16 1 0 4 2 2 5 1 1 13 1 11 1 0 1
20 53 27 15 1759 3555 9 8 6 33 6 211 1 2 0 0 5 0 2 8 100 240 14 5 23 0 0 2 27 54 197 7393 6099 1884 0 0 18 155 2 14 121 0 13 1 0 0 7 9 1 0 4 17 54 42 40 23 13 1018 3 0 3 12 3 1 0 0 17 6 18 6 13 410 136 18 2578 21 10 1 55 2 10 1 103 31 100 11 3 2 3 1 3 23 4 4 9 5329 83 16 21 2 6 4 17 12 5 45 0 0 5 21 25 71 0 0 0 0 0 0 6 1 29 3 7 2 7 0 0 0 0 0 0 0 18 44 0 28 1 0 27 19 0 0 0 6 11 0 1 0 7 7 1 0 0 2 0 0 0 2 0 0 3 7 0 5 8 1 0 1 0 0 12 3 0 1 1 3 0 0 4 0 43 46 8 0 0 17 0 0 0 2 21 1 1 4 19 4 7 1 0 1
193 279 207 101 2589 3318 39 82 89 593 502 3899 1 15 22 5 11 2 10 22 342 804 63 9 90 2 8 13 153 181 367 6099 7463 4563 7 2 86 860 13 37 317 2 20 4 1 2 57 13 5 1 20 68 220 195 134 90 78 2104 27 8 13 29 15 9 2 1 110 166 56 8 15 1705 2755 83 4293 29 209 1 217 2 27 1 294 96 322 60 18 4 7 0 9 71 9 11 15 6925 1827 174 103 10 35 11 166 93 65 350 17 22 65 193 266 568 0 0 3 0 3 2 10 4 66 7 16 22 43 1 2 0 0 1 18 2 160 296 5 192 0 0 111 49 1 3 3 34 50 4 2 0 13 8 9 1 0 2 0 0 3 13 2 1 39 54 5 28 67 0 0 2 1 2 78 10 5 2 2 7 5 0 9 2 420 275 34 3 0 205 1 1 2 8 93 1 2 13 220 25 62 2 0 6
20 27 39 7 268 237 4 9 9 19 7 70 0 661 616 93 434 40 24 241 386 1005 222 75 187 5 182 254 38 16 70 1884 4563 3101 261 137 1333 562 117 131 470 6 64 6 0 5 350 37 15 2 14 37 142 130 95 63 29 1776 1347 446 88 132 116 48 40 0 102 1287 282 20 48 729 826 95 1706 62 44 5 170 2 40 3 257 93 270 68 29 6 7 1 23 37 13 12 72 1473 35 13 146 5 1 0 11 11 6 18 0 2 6 5 6 36 0 0 4 1 5 3 13 20 130 35 31 25 48 0 7 1 0 1 1 1 11 96 1 101 0 0 189 131 5 11 6 22 42 2 1 3 39 24 16 0 1 0 0 2 1 7 0 2 8 11 0 1 9 1 2 5 1 2 41 10 5 4 0 6 0 0 6 1 53 303 52 8 0 85 0 0 3 8 49 3 1 2 13 5 46 3 0 9
1 1 0 0 12 3 0 1 0 0 0 2 1 3889 1454 195 317 49 155 444 8 22 19 532 55 3 2985 274 23 2 12 0 7 261 2657 1527 445 229 37 641 75 5 198 16 2 4 1311 3 9 0 0 2 7 18 0 0 18 271 1736 670 26 37 96 124 45 0 44 611 119 7 4 4 12 5 191 4 0 0 5 0 1 0 8 14 9 3 10 0 5 0 3 6 1 6 65 15 0 2 6 2 0 0 0 0 0 0 0 1 0 0 0 0 0 0 1 0 0 2 5 13 76 114 62 1 2 0 0 0 0 0 0 0 1 1 0 2 1 1 17 15 3 9 1 0 0 0 1 1 23 6 3 0 0 1 0 0 0 0 0 0 0 1 0 0 0 5 0 1 0 0 0 2 0 0 0 2 0 1 3 0 1 3 5 0 0 2 0 0 1 0 0 1 1 0 1 0 1 0 0 0
0 1 0 0 6 0 0 0 0 0 0 0 0 3282 470 15 220 7 7 41 2 3 2 32 1 1 97 52 3 1 7 0 2 137 1527 632 281 44 3 108 14 2 18 3 0 1 180 0 1 0 0 0 2 1 0 0 1 107 920 786 3 3 26 16 7 0 3 113 13 0 2 0 3 0 63 3 0 0 1 0 0 0 0 4 0 0 1 0 0 0 1 1 0 0 12 14 0 0 0 1 0 0 0 0 0 0 0 0 0 0 0 0 1 0 0 0 0 1 2 2 5 6 7 0 0 0 0 0 0 0 0 0 0 0 0 0 0 0 0 3 1 0 1 0 0 0 0 0 3 1 0 0 0 0 0 0 0 0 0 0 0 0 0 0 0 1 0 0 0 0 0 0 0 0 0 0 0 0 1 0 0 1 2 0 0 0 0 0 0 0 0 0 0 0 0 0 0 0 0 0
2 7 8 3 19 12 1 0 0 3 1 9 2 1252 819 128 2742 130 149 313 92 230 128 93 60 6 200 240 7 4 21 18 86 1333 445 281 1686 543 98 226 238 16 73 11 2 46 472 18 8 2 4 6 25 17 10 12 9 393 1636 2332 258 73 80 45 42 2 34 744 257 6 33 19 38 44 379 66 6 0 21 0 12 1 29 19 52 24 7 2 12 0 49 16 3 3 52 73 2 7 25 2 0 1 1 1 2 4 0 6 1 1 2 3 3 1 3 1 3 4 22 25 144 40 72 9 17 1 3 3 0 2 0 0 0 21 1 29 3 1 86 55 5 15 2 2 12 0 1 2 44 22 16 2 0 0 0 3 0 1 0 0 4 2 0 0 0 5 6 2 0 0 15 3 3 1 1 9 0 0 14 3 9 91 32 1 0 42 1 0 1 2 1 3 1 2 13 2 16 0 0 7
9 15 24 13 205 155 4 5 7 11 3 81 238 270 304 253 1418 1515 2396 367 364 1299 468 263 430 73 218 124 39 26 60 155 860 562 229 44 543 5517 197 731 879 48 365 970 93 1492 1010 136 68 25 12 25 71 108 51 43 38 518 435 85 1918 151 193 65 49 86 112 529 389 16 107 213 763 935 757 387 146 46 228 3 56 15 162 95 293 122 35 49 154 30 1157 55 10 25 292 576 30 12 232 9 6 5 26 13 19 42 6 88 7 13 32 48 23 7 72 5 44 50 190 101 2287 1096 799 130 361 14 49 10 3 11 23 18 20 189 15 308 25 11 1259 727 30 279 24 29 172 41 66 11 932 271 174 11 15 4 1 13 5 12 8 4 19 20 17 5 9 75 48 51 16 32 153 53 18 22 31 166 9 13 248 55 102 1163 628 41 20 782 7 6 15 67 96 40 12 7 271 60 197 19 14 71
1 1 1 0 34 9 0 2 0 0 0 3 17 202 664 1506 92 4011 57 206 2 4 16 141 17 3 263 6478 25 9 47 2 13 117 37 3 98 197 10248 19 261 42 407 9 31 499 88 67 8 2 0 0 16 24 8 1 49 117 120 80 6836 147 825 1169 1759 48 40 317 5382 7 47 3 7 7 240 383 0 16 4 0 19 0 9 12 5 3 9 10 8 0 75 1 1 2 305 78 0 4 9 8 0 0 0 0 0 0 0 0 0 0 0 0 0 47 394 4 0 126 3 990 66 490 31 4 3 1 0 43 4 27 0 0 0 3 0 12 1 1 18 23 498 7 148 3 4 85 15 79 24 1921 3 7 1 0 0 0 0 0 2 0 0 0 0 0 1 0 87 265 12 35 2 0 7 1 3 65 1 0 37 5 0 6 46 4 8 9 1 0 5 0 1 15 4 1 1 2 1 0 0 0
1 10 5 4 52 30 3 0 0 1 3 25 0 542 427 93 444 73 375 774 299 2638 2647 5279 2321 13253 5430 118 31 17 37 14 37 131 641 108 226 731 19 10193 1005 200 1089 94 2 20 3069 8 109 2 3 2 40 93 16 15 51 88 414 137 58 47 102 207 29 0 114 478 58 14 8 21 164 52 168 7 12 0 51 0 20 0 48 71 109 62 68 2 19 1 22 37 5 22 234 100 7 3 111 17 1 0 2 0 0 1 1 3 2 0 1 3 0 1 3 0 4 7 23 16 202 136 116 6 12 0 2 1 0 0 3 0 0 6 0 10 1 1 60 35 2 18 1 0 6 1 2 0 54 15 11 1 0 0 0 1 0 1 0 0 0 1 1 0 1 7 0 3 2 0 2 5 0 1 3 2 1 0 6 1 5 31 21 1 0 27 1 1 3 0 1 2 2 0 14 3 1 0 1 1
295 603 1156 225 419 355 44 232 28 188 25 508 20 336 1087 1306 348 1960 600 555 873 2620 7487 4421 1091 1558 898 340 127 179 275 121 317 470 75 14 238 879 261 1005 7526 5077 4381 89 58 610 623 136 2855 96 245 216 122 196 289 815 223 152 84 55 3226 288 145 100 35 95 208 336 216 215 138 188 343 112 659 292 106 8 240 15 325 51 415 91 574 107 184 171 418 52 1751 1823 298 400 1098 688 83 49 294 57 5 1 23 14 6 42 2 5 13 15 39 42 1 5 57 0 7 15 18 151 153 197 58 8 28 1 4 6 0 6 1 1 15 87 1 66 1 1 135 67 45 13 16 13 34 24 45 10 58 349 9 47 26 4 0 26 9 12 18 37 4 12 2 3 14 2 35 34 21 34 39 3 5 3 29 81 23 34 184 32 75 209 51 8 21 86 41 25 167 4 37 116 25 5 35 6 31 3 4 3
0 0 1 1 8 6 0 0 0 0 0 1 8 19 61 69 25 166 46 62 30 213 1240 3699 103 658 179 26 6 2 5 0 2 6 5 2 16 48 42 200 5077 6202 6797 13 15 230 102 9 1226 7 0 1 3 17 26 13 5 8 22 0 749 14 20 14 3 27 14 16 22 18 7 0 7 2 17 27 1 1 4 0 9 1 14 12 15 9 6 4 22 4 273 121 6 31 167 10 2 0 33 1 0 0 0 0 1 0 0 0 0 0 0 0 0 3 17 0 0 2 1 28 10 19 6 0 0 0 0 1 0 1 0 0 0 2 0 0 0 0 5 0 11 1 5 0 0 6 7 1 3 91 1 1 1 0 0 1 0 0 2 1 0 0 0 0 0 0 6 7 1 6 0 2 0 0 2 16 1 2 18 1 0 3 2 1 3 2 1 1 7 0 0 3 2 0 0 0 0 0 0 0
2 9 13 5 38 13 2 6 0 2 3 16 97 125 234 254 187 747 265 400 109 1107 715 3549 1007 773 848 476 46 15 27 13 20 64 198 18 73 365 407 1089 4381 6797 7314 56 172 2108 1750 89 3879 54 2 20 79 232 99 42 84 53 452 21 4646 184 431 5870 651 254 319 574 499 114 59 6 57 19 125 158 12 7 17 1 76 4 123 147 186 117 74 31 132 10 2094 587 32 172 3159 86 5 6 231 12 0 0 0 0 0 0 1 0 0 1 0 1 0 7 123 1 1 20 10 215 56 117 36 3 2 1 1 12 0 2 1 3 0 1 0 5 0 0 14 16 159 6 58 3 4 53 80 13 24 1143 2 21 23 0 1 9 0 1 4 3 0 0 0 0 1 1 147 122 19 73 3 1 2 1 26 268 0 18 307 71 0 11 16 5 41 7 5 8 26 0 0 77 15 4 1 0 1 0 0 0
1 2 0 0 6 3 1 3 2 5 2 6 3097 18 13 9 30 529 4906 69 35 153 28 33 46 3 17 12 5 1 8 1 4 6 16 3 11 970 9 94 89 13 56 6185 2756 2402 73 64 15 337 7 96 3 2 6 3 5 5 10 2 111 25 27 4 1 209 9 15 63 10 37 22 862 1486 16 72 154 1411 1521 98 99 330 13 1 10 12 3 188 293 223 983 22 2 5 73 17 10 1 14 0 3 0 3 2 5 4 2 44 2 4 3 5 10 3 99 1 8 56 104 194 1223 1245 459 43 85 9 15 6 0 8 2 5 8 28 5 36 12 4 447 234 11 102 11 8 39 25 28 20 523 150 47 14 17 0 1 12 4 4 11 8 6 2 8 2 4 27 27 30 18 19 30 12 3 11 33 94 4 7 164 53 26 315 496 9 28 355 5 10 33 22 7 74 21 4 142 18 44 4 7 13
5 1 3 1 0 0 3 1 50 39 48 7 2327 1 1 2 4 12 290 17 1 6 0 21 7 2 1 14 1 1 0 0 1 0 2 0 2 93 31 2 58 15 172 2756 12816 1742 9 95 28 5071 30 210 8 4 7 1 4 1 3 0 58 89 66 29 14 4542 3 4 204 39 88 65 388 348 2 62 2407 1426 2015 244 506 1366 6 4 4 3 2 1250 1705 3998 3229 50 12 35 181 1 827 37 5 0 1 2 5 1 0 4 0 1 0 6 1 4 0 2 147 0 1 3 1 85 37 27 20 0 2 0 1 1 2 2 3 1 4 6 0 3 0 1 13 6 150 1 53 3 2 58 264 7 37 1424 3 104 113 1 1 120 17 11 56 60 0 0 0 1 0 2 187 140 50 255 2 4 4 1 143 495 28 69 1192 209 4 9 17 9 138 13 43 102 342 0 2 499 77 1 6 0 1 0 0 1
0 1 0 0 8 1 1 1 5 5 6 4 2594 10 19 44 56 1061 2520 205 3 13 9 878 21 8 120 502 3 0 1 0 2 5 4 1 46 1492 499 20 610 230 2108 2402 1742 4850 52 23 53 25 0 5 3 4 12 7 2 8 14 6 3557 43 163 1083 362 4568 5 26 589 14 13 21 253 353 14 70 278 66 476 3 21 9 7 2 3 1 4 42 118 50 1817 33 1 11 322 7 77 5 6 1 0 2 1 0 1 1 0 4 0 0 0 1 0 113 3490 2 6 172 9 2585 206 1266 42 0 2 3 7 188 3 141 1 7 1 8 3 25 4 2 57 72 1814 17 624 19 9 545 302 348 119 12588 11 20 11 3 3 11 1 0 3 9 0 2 2 0 5 3 534 1360 58 713 2 4 18 6 28 382 6 10 418 37 2 19 395 24 44 40 4 13 39 3 1 91 65 11 3 2 2 0 2 2
7 14 24 2 69 28 1 4 2 3 3 22 3 475 381 116 521 113 263 650 297 1464 353 2028 7473 95 1807 384 60 15 54 7 57 350 1311 180 472 1010 88 3069 623 102 1750 73 9 52 6612 45 123 9 8 12 134 435 38 50 105 154 1583 212 116 541 1032 507 175 7 611 1326 480 92 72 37 279 67 284 32 25 1 96 1 73 2 219 304 385 304 1094 18 94 4 59 60 15 39 1081 116 10 5 499 47 0 1 2 0 1 1 0 2 1 2 0 1 1 0 7 0 2 10 21 31 228 94 122 7 8 0 3 1 0 0 2 1 1 10 0 20 0 0 63 43 7 11 1 0 8 2 1 1 63 36 3 6 2 0 0 3 0 2 1 0 0 1 2 0 2 7 0 5 3 0 5 5 2 0 4 6 0 1 22 3 8 42 30 2 7 28 2 1 5 1 4 13 1 0 5 0 2 1 3 1
3 5 3 1 71 20 0 2 0 4 0 10 4 16 28 18 14 70 65 34 5 33 6 10 32 5 8 15 30 10 52 9 13 37 3 0 18 136 67 8 136 9 89 64 95 23 45 21257 118 492 2 37 20 62 8 2 37 64 22 7 1097 7005 409 10 37 57 54 154 2258 258 5592 4 22 10 224 5070 24 10 24 11 903 97 17 22 18 16 5 1437 2190 107 1985 161 14 71 454 132 6 10 9 12 0 1 0 0 0 0 0 1 0 0 1 1 1 0 29 1 1 2 0 11 13 14 7 3 6 0 9 4 1 0 3 3 0 2 0 1 0 0 4 2 4 16 10 5 1 115 103 9 35 181 5 668 789 4 9 482 16 4 89 184 1 0 0 0 3 1 31 150 209 49 6 7 5 2 599 342 70 310 1538 235 0 9 7 13 514 17 100 131 1483 2 2 2439 265 2 5 1 1 1 1 8
10 22 29 3 11 5 3 4 0 6 1 11 4 50 202 167 59 72 142 237 53 488 152 415 228 102 82 12 18 10 11 1 5 15 9 1 8 68 8 109 2855 1226 3879 15 28 53 123 118 15081 87 6 70 32 64 71 31 18 7 10 6 253 341 178 10 7 36 67 56 49 359 109 5 18 8 17 96 11 2 10 5 322 25 68 56 56 40 17 115 400 32 573 5364 245 2388 9678 13 3 1 81 0 0 0 0 0 1 0 0 1 0 0 0 0 0 0 5 0 0 0 4 10 9 17 5 0 2 0 0 0 0 0 1 0 0 0 1 0 0 0 9 3 5 1 6 3 2 8 16 2 10 69 1 37 35 0 0 20 1 1 12 17 0 0 0 0 0 0 18 17 13 14 1 0 0 1 33 55 5 24 133 30 1 6 2 0 23 3 11 21 141 0 0 118 23 0 0 0 1 0 0 1
5 2 10 0 3 5 0 5 31 20 22 2 44 0 5 3 3 2 36 9 2 18 1 2 26 1 3 0 3 0 1 0 1 2 0 0 2 25 2 2 96 7 54 337 5071 25 9 492 87 8454 145 1487 6 12 25 5 8 3 1 0 33 497 127 1 5 1169 16 6 254 147 303 18 77 484 12 207 1255 343 527 2280 844 6561 11 7 5 3 2 2556 2305 5390 909 132 13 67 258 1 593 22 8 0 0 0 4 1 1 3 0 0 1 1 3 0 0 0 10 0 1 2 0 0 7 5 4 0 2 0 3 0 0 0 0 1 1 3 0 2 0 0 1 2 4 4 3 14 1 33 71 7 11 67 2 436 375 4 2 204 57 77 186 176 1 1 0 0 0 0 19 27 79 69 2 1 1 1 113 40 69 193 569 52 0 5 6 2 129 7 126 193 1107 0 2 956 188 0 4 1 0 0 0 0
60 70 218 27 29 24 32 85 16 46 10 34 1 0 0 0 0 0 1 0 3 14 0 1 25 0 0 0 20 47 28 4 20 14 0 0 4 12 0 3 245 0 2 7 30 0 8 2 6 145 14853 17631 129 19 1461 105 20 5 0 0 1 12 7 3 0 137 21 16 4 76 7 11 25 106 33 1 149 50 44 1499 1112 81 564 39 54 20 12 45 18 2 3 9341 2497 102 30 30 77 25 18 4 1 1 1 0 1 2 0 2 0 1 0 5 0 0 1 0 0 1 0 0 2 1 0 3 7 0 0 0 0 0 0 0 0 10 1 9 0 0 11 13 0 0 0 3 4 2 0 0 1 1 0 3 1 0 0 5 376 292 893 260 11 2 0 2 1 0 0 0 0 3 3 0 0 0 0 1 71 11 2 0 13 25 5 0 0 7 122 8 84 0 13 4 25 0 3 0 2 0 1 0
191 131 427 45 81 46 50 244 31 102 27 99 11 2 5 0 1 1 10 3 13 36 3 9 62 2 5 3 42 62 55 17 68 37 2 0 6 25 0 2 216 1 20 96 210 5 12 37 70 1487 17631 19750 218 42 1790 127 51 20 3 0 9 84 21 2 1 1084 48 23 18 336 69 41 93 634 93 17 815 201 249 10334 6112 1012 951 69 122 35 35 794 364 59 119 4007 5113 234 168 76 511 58 40 13 13 1 2 5 0 7 5 5 2 5 9 8 0 0 0 0 2 0 1 0 20 0 1 5 7 0 1 0 0 0 1 1 9 25 0 29 0 0 26 12 0 1 0 15 7 7 25 1 10 8 1 57 19 20 2 43 1309 2053 3553 834 88 7 2 0 4 0 2 1 5 21 9 2 0 0 8 4 487 78 53 6 36 81 26 1 4 60 895 63 776 0 82 68 186 2 31 14 6 1 0 0
1878 726 1983 256 867 361 854 1996 352 751 110 541 0 30 26 8 6 3 7 7 106 218 31 55 396 2 56 46 2659 1355 972 54 220 142 7 2 25 71 16 40 122 3 79 3 8 3 134 20 32 6 129 218 9469 8510 4796 46 1076 46 5 4 5 174 200 20 33 15 1394 216 167 21 24 182 148 90 679 7 208 3 210 17 40 15 4353 1428 478 335 558 4 27 5 20 100 32 15 151 655 426 6388 327 403 3 0 48 12 9 51 2 1 13 12 34 49 0 0 1 0 3 2 5 1 26 3 2 12 30 0 5 0 0 0 2 0 21 118 1 88 0 0 91 60 1 7 0 18 34 0 0 0 13 1 10 2 2 1 0 1 3 1 4 6 4 17 0 3 16 0 0 0 0 0 38 4 2 0 0 1 1 0 0 1 111 288 38 5 0 90 4 0 3 4 41 1 0 11 30 3 36 0 0 4
2458 1194 2160 378 1437 604 582 1638 141 441 56 570 0 52 40 16 8 5 8 14 155 380 84 155 1062 11 109 108 9730 2261 2201 42 195 130 18 1 17 108 24 93 196 17 232 2 4 4 435 62 64 12 19 42 8510 16535 430 34 2792 50 26 2 14 381 493 84 90 3 5924 656 357 71 51 131 169 75 1396 28 88 1 147 2 75 4 1368 6646 331 704 1944 7 68 5 47 45 13 42 393 1122 99 2798 1210 1331 4 3 35 12 11 48 0 4 10 9 34 63 0 1 3 0 3 1 3 0 37 1 9 13 20 2 2 0 0 1 0 0 20 99 3 69 0 0 77 47 1 6 0 22 34 1 2 0 16 9 4 1 2 1 0 4 1 2 1 0 12 5 2 3 15 0 1 5 1 0 31 4 2 1 1 6 0 1 7 1 90 193 15 1 1 82 0 1 6 4 42 6 1 1 33 1 25 1 0 4
551 309 853 103 237 128 241 748 123 311 38 258 2 6 16 14 3 28 8 5 45 79 13 36 121 6 7 19 384 297 216 40 134 95 0 0 10 51 8 16 289 26 99 6 7 12 38 8 71 25 1461 1790 4796 430 14232 439 206 34 4 0 87 42 43 7 11 16 185 65 32 41 21 99 106 59 256 13 123 4 143 155 264 13 8119 216 470 152 142 25 38 5 99 1558 300 56 87 214 183 1894 125 78 1 1 15 14 4 31 1 1 5 12 16 34 0 0 3 0 3 1 4 5 26 2 5 13 13 1 0 0 0 0 1 2 9 74 0 63 0 0 56 27 2 3 0 12 32 1 2 0 12 10 4 2 3 0 0 1 20 12 54 13 3 8 0 6 13 0 0 3 2 7 34 0 0 0 1 6 5 3 4 2 62 161 19 2 0 68 3 1 11 4 30 4 2 5 17 2 24 0 0 1
146 273 618 88 114 142 23 155 15 108 11 201 0 1 4 7 1 9 3 4 775 403 16 17 191 2 7 5 30 84 97 23 90 63 0 0 12 43 1 15 815 13 42 3 1 7 50 2 31 5 105 127 46 34 439 2435 68 32 2 0 35 22 18 1 3 1 41 47 21 19 7 48 70 42 128 6 43 0 70 11 50 4 4400 54 2546 107 54 13 17 1 22 406 53 33 47 133 33 26 199 25 0 2 5 9 2 15 0 1 6 2 6 9 0 0 1 0 0 0 3 1 18 1 1 5 7 0 1 1 0 0 2 1 4 26 0 24 0 0 28 29 1 1 0 8 8 0 1 0 4 2 3 1 1 2 0 1 0 1 1 7 1 3 0 1 3 0 0 0 0 0 18 2 1 1 1 2 3 1 1 0 29 79 8 1 1 19 1 0 5 4 13 4 3 1 6 0 15 1 0 2
111 215 105 113 2512 417 57 26 2 25 4 217 0 59 59 10 12 6 3 10 115 210 42 69 456 1 101 132 4363 5282 12932 13 78 29 18 1 9 38 49 51 223 5 84 5 4 2 105 37 18 8 20 51 1076 2792 206 68 13496 21 12 1 19 296 333 55 95 0 6746 487 434 48 41 30 35 17 2274 9 14 0 28 5 49 0 628 1209 429 1127 2095 3 21 3 18 64 12 18 194 1899 12 388 3986 4054 1 0 5 3 2 8 0 0 0 2 4 8 0 0 1 0 1 0 4 6 29 1 4 6 5 0 0 1 0 0 1 0 5 10 0 8 0 0 21 11 4 0 0 3 9 1 0 0 16 7 1 0 1 0 0 0 1 0 1 0 4 3 1 0 3 1 1 2 0 1 3 3 1 0 2 4 1 0 5 1 16 34 9 0 0 19 1 1 1 0 4 1 1 0 4 1 5 0 0 0
3 10 16 4 79 58 2 3 4 6 2 40 1 684 689 85 236 30 19 185 137 334 42 96 54 3 228 311 22 5 35 1018 2104 1776 271 107 393 518 117 88 152 8 53 5 1 8 154 64 7 3 5 20 46 50 34 32 21 4947 3370 931 43 207 147 69 82 3 33 4259 542 21 86 699 828 34 3606 73 8 0 253 2 44 1 99 41 75 34 11 14 8 0 15 22 6 3 65 647 19 5 47 6 0 2 3 3 3 6 0 1 0 0 3 11 0 0 5 0 1 5 6 25 56 20 14 9 9 0 1 2 0 2 0 0 9 14 0 28 0 1 54 34 8 4 4 3 6 2 0 2 19 30 3 2 2 0 0 0 0 1 0 1 5 2 0 4 3 1 4 7 1 1 17 3 1 1 2 7 1 0 15 4 16 61 20 1 3 18 0 1 2 1 12 2 6 0 6 1 6 4 0 0
0 1 1 0 12 2 0 1 0 0 0 1 2 1386 714 88 318 56 66 256 19 71 33 577 107 6 977 485 18 3 6 3 27 1347 1736 920 1636 435 120 414 84 22 452 10 3 14 1583 22 10 1 0 3 5 26 4 2 12 3370 2352 6618 58 195 486 239 137 1 36 852 577 34 37 8 45 8 297 24 0 0 9 0 20 1 9 13 10 8 6 6 3 1 18 6 1 7 295 20 0 1 6 6 1 0 0 0 0 0 0 1 1 0 0 1 1 0 6 0 0 3 15 14 61 38 33 2 2 0 1 1 0 0 0 1 0 2 0 4 0 0 16 10 4 4 2 1 5 1 0 0 14 26 4 1 1 0 0 0 0 0 0 0 0 0 0 0 0 2 1 3 0 0 2 0 0 0 3 3 0 0 12 3 0 12 6 1 3 5 0 0 0 0 1 0 2 0 1 0 6 0 0 0
1 0 1 1 3 1 0 0 0 1 0 0 0 2585 1111 66 608 15 6 159 15 38 20 57 7 1 177 218 2 0 5 0 8 446 670 786 2332 85 80 137 55 0 21 2 0 6 212 7 6 0 0 0 4 2 0 0 1 931 6618 4137 13 39 74 39 37 0 1 766 162 4 8 1 7 1 147 17 2 0 1 0 3 0 4 2 2 2 3 0 0 0 4 0 0 1 33 13 0 0 4 1 0 0 1 0 0 0 0 1 0 0 0 1 0 1 3 0 0 2 3 5 13 11 10 0 1 0 1 0 0 0 0 0 0 1 0 3 0 0 7 6 3 1 0 0 0 1 1 0 6 7 0 0 2 0 0 0 0 0 0 0 0 0 0 0 0 0 1 1 0 0 0 0 0 0 0 2 1 0 3 0 1 7 0 0 0 1 0 0 0 0 1 0 0 0 0 0 0 0 0 0
2 4 3 1 29 14 0 2 0 0 0 6 33 30 333 339 300 7253 384 1357 5 42 60 1942 60 20 236 1556 13 4 11 3 13 88 26 3 258 1918 6836 58 3226 749 4646 111 58 3557 116 1097 253 33 1 9 5 14 87 35 19 43 58 13 17491 656 588 1988 416 200 12 110 11374 72 600 7 68 16 112 19953 6 12 17 2 239 11 36 8 12 2 5 144 471 27 2107 174 11 50 1167 63 1 2 8 3 1 0 0 0 1 0 0 0 0 0 1 0 1 59 1334 4 6 126 9 1165 118 494 28 2 5 1 1 99 3 70 3 4 1 9 3 19 3 0 44 53 837 20 493 6 6 338 344 159 76 4612 10 37 61 0 3 23 2 0 3 7 0 2 0 0 6 0 359 959 83 194 3 5 20 7 65 661 7 27 559 104 0 16 140 30 59 13 1 14 79 0 0 132 59 20 4 0 1 0 0 2
12 10 23 6 165 44 7 8 0 1 2 20 10 53 122 53 38 98 64 53 30 217 28 67 394 13 85 50 229 45 228 12 29 132 37 3 73 151 147 47 288 14 184 25 89 43 541 7005 341 497 12 84 174 381 42 22 296 207 195 39 656 8395 6528 122 460 44 527 945 5973 3264 3559 9 22 14 657 670 30 9 24 40 1108 356 99 157 130 88 74 1130 1379 98 782 311 65 468 2258 304 7 32 152 62 0 0 0 0 2 0 0 1 0 0 0 0 0 1 18 0 0 2 1 24 16 22 13 2 4 0 9 0 1 0 8 5 0 0 1 2 0 0 9 4 9 7 14 20 3 95 74 6 27 185 4 745 484 16 8 232 15 33 141 280 3 0 0 0 3 1 30 76 153 28 3 5 4 4 210 173 178 433 729 94 1 6 7 8 194 11 268 105 1828 4 5 1173 370 2 6 2 1 1 1 4
7 5 10 2 44 21 4 5 0 2 2 11 5 132 177 63 72 187 102 149 38 218 35 126 506 11 302 220 297 39 143 3 15 116 96 26 80 193 825 102 145 20 431 27 66 163 1032 409 178 127 7 21 200 493 43 18 333 147 486 74 588 6528 13535 3227 6911 115 694 1469 6592 481 174 2 21 14 412 314 16 3 22 2 155 13 140 183 117 106 98 36 273 56 1451 106 51 229 8116 85 10 33 152 43 0 3 0 0 1 0 0 0 0 0 1 0 0 2 38 0 2 12 3 71 29 64 16 0 3 0 0 3 0 1 1 2 1 1 1 4 0 0 12 11 28 3 53 4 0 58 98 8 21 495 4 98 126 0 1 57 2 1 13 18 0 1 0 0 3 2 118 107 67 67 4 2 11 2 163 612 7 51 864 212 1 4 11 9 118 6 16 20 137 4 0 320 44 3 0 1 1 0 2 2
1 0 2 2 7 4 0 0 0 0 0 2 30 121 111 129 47 543 55 71 6 55 27 810 121 26 731 1009 39 3 20 1 9 48 124 16 45 65 1169 207 100 14 5870 4 29 1083 507 10 10 1 3 2 20 84 7 1 55 69 239 39 1988 122 3227 4918 2038 59 130 438 982 17 11 2 6 4 83 13 2 1 2 1 5 0 14 23 21 17 7 2 9 2 98 7 4 4 1593 25 0 3 25 5 0 0 0 0 0 0 0 0 0 0 0 0 0 10 111 3 1 21 1 311 16 129 9 0 0 0 0 8 1 8 0 0 0 1 0 2 0 0 10 5 137 0 35 0 1 18 3 18 7 620 1 1 1 0 0 1 0 0 0 0 0 0 0 0 0 0 22 62 3 10 0 0 1 1 1 16 0 1 12 2 1 1 9 1 1 3 1 1 2 0 0 1 1 1 2 1 0 0 0 0
1 4 4 0 13 3 2 0 0 1 0 1 8 117 200 96 23 108 14 35 3 22 6 38 30 3 228 770 74 11 62 0 2 40 45 7 42 49 1759 29 35 3 651 1 14 362 175 37 7 5 0 1 33 90 11 3 95 82 137 37 416 460 6911 2038 3982 55 97 402 8935 37 31 0 5 3 144 11 0 3 2 0 17 1 16 23 11 5 28 4 9 0 169 8 2 13 1086 34 0 7 20 10 0 1 0 0 0 0 0 0 0 0 0 0 1 6 97 1 3 15 1 178 11 75 3 0 0 0 0 10 1 1 0 0 0 0 0 0 0 0 3 3 94 3 44 1 0 18 22 4 1 600 1 3 5 0 0 3 0 0 0 1 0 1 0 0 0 0 76 75 9 13 0 0 1 0 8 86 2 2 68 11 0 2 10 1 4 4 1 1 5 0 0 9 3 1 0 0 0 0 0 0
1 1 4 0 3 2 0 7 29 12 9 3 1522 0 5 4 8 104 168 7 1 6 2 55 7 1 5 24 2 1 1 0 1 0 0 0 2 86 48 0 95 27 254 209 4542 4568 7 57 36 1169 137 1084 15 3 16 1 0 3 1 0 200 44 115 59 55 1869 1 2 295 27 59 10 49 633 4 81 657 478 341 909 311 1073 10 1 3 1 1 505 493 545 2846 51 9 16 160 3 433 9 1 1 0 0 2 1 0 1 0 0 0 1 3 9 0 2 321 0 0 2 1 68 12 42 7 0 1 0 4 8 1 7 0 0 2 1 0 1 0 1 6 3 27 2 13 3 0 45 444 21 23 1087 1 27 34 3 0 33 35 34 111 49 1 1 0 0 0 0 53 55 12 1059 1 2 1 1 33 83 18 17 367 44 1 7 48 4 43 9 30 19 94 1 3 114 22 0 2 0 0 0 0 0
261 459 676 180 577 236 50 183 17 80 14 267 0 45 44 14 10 9 7 22 131 317 85 199 1557 9 174 155 8511 694 4544 17 110 102 44 3 34 112 40 114 208 14 319 9 3 5 611 54 67 16 21 48 1394 5924 185 41 6746 33 36 1 12 527 694 130 97 1 15388 1346 464 77 73 60 135 56 2927 32 46 0 72 1 78 1 968 3225 946 5652 4201 13 72 4 63 46 16 44 497 1812 26 215 4614 3645 2 1 14 3 4 18 0 1 3 7 8 18 0 0 1 0 0 0 5 8 25 8 8 4 12 1 1 1 0 0 0 0 1 37 1 19 0 0 36 17 2 3 1 4 11 2 7 1 14 2 2 4 0 2 0 6 0 0 0 0 2 4 0 0 4 1 2 1 5 1 13 2 3 1 3 4 0 1 13 1 25 73 11 2 1 29 2 0 10 4 16 9 3 1 13 1 11 0 1 0
12 29 33 11 40 20 6 11 5 8 0 29 4 1045 908 184 225 71 51 170 308 876 141 691 1643 19 1090 1103 178 28 92 6 166 1287 611 113 744 529 317 478 336 16 574 15 4 26 1326 154 56 6 16 23 216 656 65 47 487 4259 852 766 110 945 1469 438 402 2 1346 1555 1948 105 189 48 289 42 1735 103 15 1 72 2 152 6 297 447 403 362 1159 12 54 5 54 57 13 39 655 59 7 19 1232 180 0 0 0 1 1 7 0 1 1 1 0 3 0 1 14 0 4 6 17 18 100 38 37 5 16 0 0 1 0 0 0 0 3 10 0 12 0 0 60 46 11 5 7 5 11 2 1 0 33 47 6 1 10 0 0 4 0 0 0 3 2 0 0 0 2 2 7 4 3 1 8 1 0 1 7 23 0 2 26 12 4 43 23 1 5 16 1 2 9 0 2 17 8 0 1 2 8 0 0 1
11 20 11 6 258 80 3 3 0 0 2 33 37 487 1143 741 115 966 104 164 19 67 13 61 102 3 258 746 304 75 427 18 56 282 119 13 257 389 5382 58 216 22 499 63 204 589 480 2258 49 254 4 18 167 357 32 21 434 542 577 162 11374 5973 6592 982 8935 295 464 1948 11340 231 1168 11 49 19 1519 2911 21 5 26 3 504 5 68 81 79 32 58 158 292 77 2913 45 10 42 1677 552 12 51 73 92 0 2 0 0 5 0 0 0 0 1 0 3 2 4 440 3 5 20 14 307 135 116 62 3 9 1 7 16 1 11 5 16 0 3 6 15 1 0 40 24 510 22 393 10 3 321 512 32 97 4177 11 186 228 3 2 145 3 1 9 29 1 2 0 1 3 7 764 820 214 251 5 17 31 20 454 2517 16 123 2855 748 2 18 26 42 337 30 23 74 212 2 5 657 150 17 14 1 3 0 4 4
20 33 80 6 23 16 1 21 3 6 0 11 2 11 17 19 3 11 11 15 13 87 11 23 102 11 9 3 31 8 27 6 8 20 7 0 6 16 7 14 215 18 114 10 39 14 92 258 359 147 76 336 21 71 41 19 48 21 34 4 72 3264 481 17 37 27 77 105 231 6677 732 5 8 9 65 63 16 1 13 70 1105 414 59 40 34 19 15 622 461 48 204 870 502 2917 2517 38 5 10 39 6 1 0 1 0 2 0 0 0 0 0 0 0 0 0 5 0 0 4 4 2 5 6 1 0 2 1 3 0 1 0 1 0 0 3 0 3 0 0 1 2 1 3 0 11 2 30 16 1 1 30 2 324 108 21 5 56 54 155 198 453 5 1 0 0 0 0 7 16 37 9 2 1 2 1 29 24 279 301 139 14 2 14 1 2 27 9 386 36 1172 0 6 248 293 0 7 1 0 0 0 2
4 12 12 4 74 27 3 6 0 1 1 15 4 10 24 10 13 55 47 28 13 58 3 10 78 4 8 8 36 17 54 13 15 48 4 2 33 107 47 8 138 7 59 37 88 13 72 5592 109 303 7 69 24 51 21 7 41 86 37 8 600 3559 174 11 31 59 73 189 1168 732 6941 5 20 11 271 637 30 6 13 35 3140 373 23 20 27 18 18 2460 1637 118 843 236 52 200 349 169 14 5 28 9 1 1 0 0 0 0 0 0 0 0 1 0 0 1 13 0 0 0 2 7 8 6 3 0 5 1 6 1 0 1 1 3 1 0 0 0 0 0 2 2 2 11 2 14 2 59 35 2 12 66 2 471 225 14 5 114 31 63 139 367 4 0 0 0 0 1 10 26 68 25 3 4 4 3 75 69 251 364 324 43 0 1 5 3 64 6 316 80 1530 3 5 575 400 0 4 0 1 0 0 3
54 90 136 34 580 522 35 98 281 1534 996 2448 20 2 1 3 4 3 12 7 182 440 30 6 64 4 4 4 88 48 98 410 1705 729 4 0 19 213 3 21 188 0 6 22 65 21 37 4 5 18 11 41 182 131 99 48 30 699 8 1 7 9 2 2 0 10 60 48 11 5 5 2026 1073 262 1898 12 2720 39 3708 10 30 21 238 61 171 47 18 16 12 9 29 39 11 6 23 2260 6868 372 78 15 54 22 237 123 84 454 23 31 83 191 360 647 0 1 2 2 3 3 17 1 134 17 37 47 93 3 3 0 0 0 27 5 218 422 3 264 1 0 166 105 0 10 2 62 115 2 3 0 47 5 15 0 1 3 0 2 4 16 4 4 58 69 5 62 91 1 3 1 0 3 125 18 13 1 2 7 6 2 10 0 620 535 80 14 5 436 4 2 3 18 185 5 5 27 291 32 100 7 0 11
