30611 11652 9479 5512 1218 3381 7686 11091 14 209 35 3829 0 2 5 1 0 6 0 0 18 34 2 3 14 1 0 6 5044 6560 412 226 386 6 1 0 1 4 1 2 410 4 4 2 2 8 9 9 32 6 167 155 2037 1227 774 192 23 7 0 2 15 9 2 0 5 0 44 5 10 42 21 58 30 5 9 11 35 2 30 9 183 9 1292 466 180 52 16 72 41 16 18 239 76 33 13 216 48 2337 21 15 0 0 9 2 1 7 2 3 0 8 13 33 0 0 0 0 0 0 0 1 0 1 0 0 0 0 0 0 1 0 4 0 1 5 0 1 0 0 1 2 0 0 0 0 1 0 0 0 0 1 0 1 0 0 0 0 2 2 6 1 0 0 0 3 0 1 0 0 0 0 0 0 0 0 0 0 0 2 0 0 19 5 2 0 0 17 1 0 4 0 0 2 0 0 16 1 0 0 0 0
11652 27634 7162 17010 2806 3209 118 217 9 56 24 2500 0 1 3 0 0 3 0 0 5 10 0 3 5 0 0 3 526 5137 673 138 169 1 0 0 0 1 0 0 286 4 5 0 3 2 3 1 17 1 69 50 333 253 212 100 17 0 0 0 1 4 0 0 2 1 82 4 6 27 10 18 3 2 3 3 13 0 8 3 74 2 444 164 101 26 5 29 21 13 10 99 32 12 2 50 16 144 6 5 1 0 11 0 0 6 1 2 5 1 8 21 0 0 0 0 0 0 0 0 0 0 0 0 0 0 0 0 0 0 2 0 8 4 0 0 0 0 1 0 0 0 0 0 1 0 1 0 0 0 0 0 0 0 0 0 0 0 0 0 0 0 0 1 1 0 0 0 0 0 0 0 0 0 0 0 0 0 0 1 11 5 1 0 0 16 1 0 2 0 1 0 0 2 16 1 0 0 0 0
9479 7162 14956 17805 279 7775 673 9109 95 1961 25 18727 0 4 4 2 2 8 3 0 16 39 3 6 18 3 4 3 869 403 86 14 54 6 1 0 2 1 3 8 1032 12 6 0 6 9 12 7 51 8 306 221 2375 1228 1106 313 40 3 3 0 12 9 4 2 6 4 170 7 7 53 44 33 20 8 3 13 48 1 35 25 319 14 1959 668 297 61 6 118 49 17 41 442 157 32 26 55 79 1017 29 14 21 4 51 19 5 62 14 15 26 46 62 260 0 0 0 0 0 0 0 0 0 0 0 0 0 0 0 0 0 0 14 1 50 19 0 4 0 0 9 1 1 0 0 2 3 0 1 0 1 1 0 1 1 0 0 1 3 3 4 7 4 3 2 4 4 0 0 0 0 0 1 0 0 0 0 0 0 0 1 1 135 21 2 0 2 99 5 1 7 0 4 0 1 3 117 22 2 0 0 0
5512 17010 17805 14578 3913 13513 126 149 13 109 13 5688 1 1 1 0 1 3 0 0 11 12 2 2 4 1 0 0 414 3682 958 122 176 2 0 0 0 0 0 1 221 2 2 1 0 4 3 0 11 0 39 30 218 169 120 81 24 4 1 0 2 1 4 0 1 0 135 0 3 7 8 38 8 3 2 4 32 0 23 2 39 1 271 109 89 13 0 13 6 2 6 55 17 3 3 53 57 116 1 4 12 1 125 12 3 43 6 9 12 20 42 137 0 0 0 0 0 0 0 0 1 0 0 2 0 1 0 0 0 0 7 0 33 16 0 4 0 1 1 1 0 0 0 0 4 0 0 1 1 0 1 0 1 0 0 1 0 1 0 1 2 2 3 5 3 0 0 0 0 0 1 0 0 2 1 0 0 0 0 0 64 16 1 0 0 64 2 1 0 0 6 0 0 0 79 17 1 0 0 0
1218 2806 279 3913 10571 14215 513 118 18 36 18 6214 2 9 11 4 15 25 5 1 117 158 10 6 18 3 9 22 4629 4750 9842 1489 1684 232 2 5 51 106 31 5 524 9 25 8 11 18 24 27 20 4 97 55 1259 965 368 178 1226 79 25 12 153 27 44 7 108 2 828 58 151 34 19 304 362 21 117 22 73 6 232 10 83 2 772 433 331 81 27 32 18 12 32 98 37 19 42 2291 97 839 111 590 7 5 2 8 1 28 2 4 9 5 17 63 2 4 12 0 3 1 2 12 5 5 11 2 0 0 0 0 1 1 5 0 8 15 0 3 1 1 7 13 4 2 4 1 7 2 1 0 7 13 2 1 3 1 0 1 0 1 0 3 0 2 2 3 0 0 2 1 1 1 2 0 2 6 1 5 0 1 10 0 41 29 12 0 3 50 3 1 1 0 3 3 0 0 33 1 2 0 0 1
3381 3209 7775 13513 14215 19183 384 278 34 346 42 22604 4 1 3 0 0 3 1 2 62 68 3 1 8 0 0 7 1229 3147 1415 1962 1633 35 3 0 8 17 3 4 459 0 4 5 4 4 11 5 5 2 56 38 470 308 197 129 61 61 2 0 23 11 18 2 16 3 300 8 34 17 10 150 109 13 26 5 86 3 98 7 65 7 467 185 241 29 4 15 17 3 12 94 24 9 15 1201 114 370 21 10 19 6 72 21 9 92 8 17 26 44 64 301 0 1 0 0 0 0 0 2 2 2 2 2 1 0 1 0 0 0 15 2 46 23 0 5 0 0 6 3 0 2 0 2 8 0 1 0 5 3 0 1 0 0 0 0 0 1 0 1 3 4 2 6 5 0 1 0 0 1 6 0 0 3 2 0 0 0 8 0 131 25 5 0 0 102 1 0 1 0 6 1 0 3 135 24 3 0 0 0
7686 118 673 126 513 384 5392 7658 602 2653 1602 1709 1 0 4 0 0 3 0 0 16 14 1 0 8 0 2 1 1894 370 311 154 257 9 0 0 2 3 1 0 50 2 0 2 3 1 2 0 2 2 19 22 904 670 190 23 8 9 2 1 12 1 3 0 6 1 15 1 13 5 2 103 22 8 9 0 310 2 58 1 30 2 211 46 35 7 1 6 7 1 0 34 9 3 4 363 595 5216 4 3 3 1 1 2 0 8 2 2 2 1 2 31 0 0 1 0 0 0 0 0 2 1 2 2 0 0 0 0 0 0 1 0 6 0 0 0 0 0 4 1 1 0 0 0 1 1 0 0 1 0 0 0 0 0 0 1 0 1 1 1 0 1 1 0 1 0 0 0 0 0 0 0 0 1 0 0 0 0 2 0 9 5 3 0 0 12 2 0 0 0 0 0 0 0 12 2 1 0 0 1
11091 217 9109 149 118 278 7658 22444 761 17819 605 2558 0 3 2 0 1 3 2 0 2 16 3 3 11 0 3 4 510 184 57 59 82 7 1 0 1 0 3 1 220 6 4 0 0 3 6 10 15 8 171 125 2671 1505 849 129 5 1 0 0 7 3 4 0 6 1 11 9 6 23 16 30 9 5 9 4 168 3 21 5 176 10 1187 277 112 27 7 42 31 11 18 191 78 22 10 99 49 3704 4 5 1 1 0 2 0 5 2 2 2 4 2 34 0 0 0 0 0 0 0 0 0 0 0 1 0 0 0 0 0 0 2 0 4 1 0 0 0 0 1 1 0 0 0 0 0 0 0 0 1 0 0 1 0 0 0 0 1 0 4 2 0 1 0 1 0 0 0 0 0 0 0 0 0 0 1 0 1 1 1 0 14 2 0 0 0 14 3 0 2 0 0 1 1 0 20 6 0 0 0 0
14 9 95 13 18 34 602 761 1304 3750 1039 1065 4 0 0 0 0 0 1 1 9 18 2 0 5 0 0 2 14 9 6 13 102 3 2 0 0 4 0 5 24 0 0 12 35 1 4 1 0 37 12 20 168 17 67 5 2 4 0 0 0 4 2 0 0 12 3 6 3 2 2 330 94 153 9 1 1171 28 294 8 5 20 37 10 14 2 1 23 12 23 13 5 2 1 7 42 2870 1571 6 2 1 0 0 2 1 6 2 3 3 2 5 14 1 1 2 0 0 0 4 2 10 8 5 0 1 1 1 0 1 0 1 0 8 9 0 2 1 3 18 7 0 2 0 0 0 1 2 2 16 3 2 1 0 0 0 1 1 1 3 1 0 0 1 0 2 1 0 0 0 0 0 1 0 0 1 2 1 0 4 3 12 22 11 0 0 31 1 1 1 0 3 3 0 1 9 0 0 0 0 0
209 56 1961 109 36 346 2653 17819 3750 19992 13688 32272 1 0 0 1 1 0 0 0 1 13 0 2 2 1 0 2 112 26 15 7 84 2 0 0 0 0 0 0 120 0 3 0 7 3 3 2 13 5 61 52 877 406 313 46 2 3 1 0 2 1 0 1 0 4 19 3 4 14 10 161 11 19 4 5 2040 10 54 8 59 3 418 104 58 13 5 24 15 6 5 78 40 6 7 19 1140 2992 5 2 12 0 12 10 2 47 11 19 16 27 43 179 0 0 0 0 0 0 0 1 2 0 0 2 0 0 0 0 0 0 3 0 17 7 0 3 0 0 5 0 0 1 0 0 2 0 0 0 2 1 0 0 0 0 0 0 0 0 3 0 0 0 0 0 2 0 0 0 0 0 2 0 0 0 0 0 0 0 2 0 70 7 0 0 0 39 1 0 1 0 2 0 0 0 89 26 0 0 0 0
35 24 25 13 18 42 1602 605 1039 13688 7863 8438 0 0 0 0 0 0 0 0 9 13 1 1 2 0 2 0 16 27 3 1 225 1 0 0 0 1 0 1 40 0 1 0 1 0 1 1 1 3 1 6 175 16 74 13 1 0 1 0 0 1 0 0 1 1 3 2 0 0 0 492 3 12 2 1 1567 0 84 2 4 0 50 8 19 2 1 2 2 1 2 7 0 1 2 7 1658 1383 3 1 26 10 16 12 7 115 14 22 24 47 106 352 0 1 1 0 0 0 1 0 0 1 0 0 1 0 0 0 0 0 9 2 65 13 0 3 0 1 3 2 0 1 0 2 4 1 0 1 7 0 1 0 0 0 0 1 0 2 0 0 3 6 4 8 5 2 0 0 0 0 2 2 0 1 0 1 0 0 1 0 129 14 2 0 0 83 2 0 0 0 1 0 0 0 205 42 1 0 0 0
3829 2500 18727 5688 6214 22604 1709 2558 1065 32272 8438 45844 5 2 4 0 5 9 3 0 248 248 15 6 56 1 8 7 1378 3111 1026 627 1698 43 0 3 17 21 5 10 1239 8 13 30 28 6 26 13 21 18 138 106 1188 597 629 368 83 93 7 2 21 11 18 2 22 12 432 8 44 23 20 2023 317 75 164 14 1346 36 634 13 130 12 1257 397 691 84 8 49 33 12 23 198 55 20 24 798 3193 2214 83 17 161 51 102 158 57 670 96 141 212 326 635 2349 5 1 2 1 2 0 8 7 14 6 7 13 5 4 1 2 1 3 71 3 459 139 1 21 2 3 47 24 3 6 1 6 36 5 3 2 26 7 7 0 0 3 0 0 2 4 4 0 39 13 23 45 33 8 2 2 0 2 17 6 3 6 0 5 0 4 3 0 926 137 36 1 0 750 1 1 0 1 48 1 0 14 1171 202 9 3 0 0
0 0 0 1 2 4 1 0 4 1 0 5 9012 0 21 24 3 945 7892 10 2 3 2 14 0 1 34 126 5 1 2 4 10 5 5 0 4 769 76 2 23 8 80 4307 5911 5804 5 42 12 112 7 23 6 6 3 2 8 1 2 1 54 33 23 46 110 1933 11 1 51 7 53 38 277 840 5 31 101 1193 179 6 19 22 4 7 1 4 0 92 77 93 397 15 1 14 90 10 42 4 3 1 2 2 1 0 1 1 0 2 0 0 0 2 6 100 1046 11 3 161 18 2102 86 1090 53 0 0 7 3 27 4 99 1 2 7 26 2 31 6 4 64 25 356 4 191 5 3 30 168 201 130 1807 1 9 32 3 0 31 4 3 3 6 0 0 0 7 8 2 142 97 21 175 0 0 16 1 24 178 2 5 449 30 3 23 185 5 48 58 2 11 25 0 0 53 16 5 14 0 0 0 0 1
2 1 4 1 9 1 0 3 0 0 0 2 0 4775 2991 556 266 299 120 28 14 19 284 777 7 131 1767 1159 164 6 25 6 32 222 3619 6219 1031 72 246 1056 429 52 555 28 3 34 402 6 22 1 0 3 76 72 17 9 133 137 1041 487 131 11 46 134 346 4 245 532 154 7 1 10 36 47 146 10 6 18 14 2 6 1 36 46 11 29 76 3 12 3 11 45 3 22 136 40 5 16 35 50 0 0 0 0 1 0 0 4 0 1 2 4 19 7 10 19 8 38 52 44 145 206 128 10 2 9 6 7 16 19 0 0 0 17 4 44 16 10 113 89 4 42 2 0 9 6 5 3 124 15 26 0 2 2 0 0 0 0 0 0 0 0 1 0 3 16 2 7 1 1 2 1 0 26 0 8 0 0 1 1 4 89 26 0 2 110 0 0 3 2 3 3 0 0 8 3 0 0 0 3
5 3 4 1 11 3 4 2 0 0 0 4 21 2991 12707 7545 465 3891 406 844 15 23 415 684 10 114 3403 3929 145 5 27 4 13 55 1181 495 238 71 912 443 979 91 615 52 6 129 159 22 82 0 13 2 55 56 43 13 82 67 226 112 589 27 92 147 743 6 144 257 468 23 9 3 33 46 116 40 11 28 5 1 22 1 24 44 9 17 40 14 25 8 64 142 4 62 194 56 3 14 17 24 1 0 0 0 0 3 0 0 0 0 0 2 33 36 62 37 21 107 73 277 236 467 197 5 2 4 20 24 14 35 0 0 2 22 9 35 22 24 112 125 36 59 18 1 7 16 4 14 176 43 38 1 2 0 0 2 0 0 0 0 0 0 1 0 2 25 3 7 1 4 7 0 2 24 2 12 0 1 24 3 4 77 49 0 4 155 1 0 7 1 3 3 4 1 20 1 4 0 1 0
1 0 2 0 4 0 0 0 0 1 0 0 24 556 7545 4695 147 5734 2223 844 2 14 61 306 2 34 651 3561 36 2 4 0 12 42 161 35 367 338 359 59 311 58 218 22 4 46 34 7 71 2 7 1 19 23 21 7 24 16 31 13 181 23 26 34 166 0 42 61 86 18 14 1 16 33 33 18 0 20 4 0 12 0 13 15 3 4 15 12 19 11 30 128 1 61 129 12 0 5 7 6 0 0 0 0 1 2 1 4 0 0 0 2 75 69 82 40 3 107 34 248 147 516 74 3 1 10 7 19 29 72 1 0 2 12 4 8 18 12 37 26 19 33 11 1 2 15 3 29 133 27 17 1 6 0 0 0 0 1 0 0 0 0 0 0 1 12 3 7 2 1 1 2 1 7 2 5 0 0 12 3 5 23 47 0 1 68 0 0 9 0 0 3 1 0 12 2 0 1 0 1
0 0 2 1 15 0 0 1 0 1 0 5 3 266 465 147 896 178 331 494 36 46 446 122 14 80 61 41 45 3 12 0 15 31 148 180 471 898 36 159 416 16 64 17 3 16 119 3 19 1 0 2 18 8 7 5 20 30 86 36 28 9 22 9 30 3 35 87 19 3 2 3 20 68 104 12 11 25 16 1 3 0 10 13 15 5 5 4 8 2 21 21 0 10 59 61 4 5 5 23 3 0 0 0 3 0 0 6 1 0 0 6 44 10 13 50 29 9 77 15 228 69 129 31 13 17 31 27 37 28 3 1 11 68 21 80 41 37 223 162 4 136 9 1 23 24 3 6 202 15 88 0 3 1 0 3 0 0 0 0 3 2 2 0 1 70 4 9 1 6 11 5 4 75 2 10 0 1 5 0 15 197 125 2 0 337 0 3 0 3 5 0 1 6 70 2 8 1 0 5
6 3 8 3 25 3 3 3 0 0 0 9 945 299 3891 5734 178 13006 2434 956 12 49 192 1497 34 39 2148 4116 68 4 15 6 57 122 314 22 561 1819 5265 93 772 265 1975 208 76 5581 116 56 214 8 24 6 34 37 106 28 45 21 39 16 1742 86 143 540 758 69 103 97 354 75 40 5 185 218 100 93 6 96 10 2 43 0 41 32 19 26 11 53 85 32 285 512 18 275 503 84 3 5 21 11 0 4 0 0 6 0 0 4 0 0 0 3 121 468 1661 84 12 360 53 1720 345 2458 187 5 1 14 15 98 48 528 2 2 4 31 11 55 34 25 106 72 515 57 280 4 16 70 94 489 371 865 20 6 8 4 1 19 1 1 0 4 0 2 1 3 19 20 41 78 28 74 0 6 24 10 11 102 2 5 71 7 7 48 256 6 12 200 2 3 14 1 0 20 18 16 44 2 3 1 0 0
0 0 3 0 5 1 0 2 1 0 0 3 7892 120 406 2223 331 2434 39686 6685 17 55 200 671 23 234 909 428 11 0 3 3 21 60 232 12 408 5098 174 369 275 93 528 6556 568 6541 123 69 85 74 6 23 7 13 29 13 10 4 30 4 80 62 121 113 117 274 29 20 69 45 60 13 340 2437 21 84 32 1763 40 13 22 31 9 15 8 11 4 91 116 52 488 170 3 113 421 17 24 4 5 2 2 4 1 0 10 5 0 55 1 3 4 15 725 591 1526 492 98 1040 501 2671 2517 6881 1574 21 21 85 116 259 331 729 7 2 16 145 47 212 266 202 775 720 292 691 145 4 51 220 90 560 2179 694 226 8 23 3 3 21 0 3 4 3 2 6 10 2 12 214 45 129 18 83 18 17 16 174 25 75 4 3 258 30 31 618 1244 5 53 1716 6 3 20 6 5 45 27 13 280 19 16 3 0 9
0 0 0 0 1 2 0 0 1 0 0 0 10 28 844 844 494 956 6685 1857 10 22 158 248 8 96 96 42 11 0 2 0 3 3 41 4 44 163 53 137 261 44 132 25 4 53 58 2 35 1 3 2 5 2 5 5 1 3 10 3 40 13 19 14 29 0 9 9 23 6 3 0 11 46 15 12 5 17 6 0 4 3 4 4 8 2 2 6 8 4 23 43 2 28 78 8 2 0 1 1 0 1 0 1 0 1 0 8 0 0 1 0 111 44 31 81 28 21 81 27 318 195 177 5 9 15 26 44 70 69 0 0 2 28 8 30 45 40 104 108 6 168 5 0 8 33 9 21 222 8 50 1 2 1 2 5 0 0 0 1 1 0 0 2 5 53 2 13 1 3 5 2 2 49 2 5 0 0 4 1 4 106 106 3 3 257 1 0 4 2 3 2 2 2 29 0 1 0 0 3
18 5 16 11 117 62 16 2 9 1 9 248 2 14 15 2 36 12 17 10 7946 9786 3256 91 222 99 12 11 39 17 32 65 285 129 7 3 69 182 6 144 785 21 80 11 4 22 150 10 17 2 2 0 26 15 25 825 8 21 31 5 25 36 59 11 11 1 26 31 34 14 4 139 481 79 97 11 49 5 129 0 5 0 269 20 3732 99 23 4 7 1 25 21 0 27 159 284 59 27 179 10 0 1 0 1 2 3 0 1 3 0 2 7 0 1 0 0 6 0 6 7 13 5 14 4 0 0 0 1 1 0 1 0 3 41 0 14 0 3 37 18 0 2 1 1 3 1 1 0 18 3 4 1 0 0 0 0 0 0 0 0 1 2 0 2 1 2 2 2 0 0 4 0 0 5 1 2 0 0 5 0 16 66 14 0 2 67 0 1 0 0 4 2 1 2 12 0 0 0 0 2
34 10 39 12 158 68 14 16 18 13 13 248 3 19 23 14 46 49 55 22 9786 24967 2968 759 6723 1473 56 34 136 20 43 95 400 134 26 4 74 212 10 2466 1003 113 522 21 8 80 1519 20 89 8 38 23 214 310 317 1581 35 30 43 5 69 145 238 50 58 6 318 113 58 102 15 172 710 180 133 47 75 13 187 0 32 2 2538 1024 9432 1389 292 25 38 15 88 134 17 130 812 448 97 26 2008 99 1 0 0 2 3 2 0 4 2 1 4 17 2 3 4 4 9 7 19 8 27 19 24 8 2 1 3 3 0 4 2 0 1 66 3 50 0 2 80 51 1 7 2 1 6 6 3 0 60 9 10 0 6 0 0 3 0 0 0 0 2 0 0 1 1 4 3 3 1 0 7 0 0 15 1 5 0 1 24 3 36 127 25 0 3 140 0 2 4 0 3 12 3 1 13 0 2 0 0 1
2 0 3 2 10 3 1 3 2 0 1 15 2 284 415 61 446 192 200 158 3256 2968 12571 7505 281 5690 91 28 36 0 9 12 158 324 49 29 735 733 42 2096 5338 1018 505 27 3 70 517 17 174 3 9 4 42 78 119 112 3 27 56 31 72 19 40 13 24 2 100 50 22 23 10 44 320 101 63 26 12 12 42 3 12 0 175 118 358 67 20 10 48 17 72 118 4 61 351 51 8 4 97 9 1 1 0 0 0 1 0 3 1 0 1 4 2 1 15 3 4 8 17 14 39 31 34 2 4 1 6 4 1 3 0 0 1 20 0 11 2 1 45 37 0 6 4 0 1 1 1 1 46 15 9 0 4 0 0 2 0 0 0 1 1 2 0 0 0 3 1 4 1 0 1 1 1 5 1 4 0 3 6 4 13 34 22 0 6 65 0 1 4 0 1 11 2 0 5 0 2 1 0 2
3 3 6 2 6 1 0 3 0 2 1 6 14 777 684 306 122 1497 671 248 91 759 7505 10085 300 5693 3714 157 146 1 10 4 13 59 2914 181 131 137 139 6125 2065 3514 3043 53 17 771 1916 20 321 4 15 6 96 120 145 72 61 34 469 86 345 42 58 108 75 39 385 239 46 32 18 4 78 165 22 31 10 27 12 3 19 1 177 250 129 84 60 21 37 17 131 186 7 105 527 22 8 1 84 28 0 0 0 0 1 1 0 3 0 0 0 0 7 14 44 9 9 73 39 167 139 241 121 1 1 0 11 3 4 11 0 0 3 23 3 18 5 6 85 86 24 14 13 0 3 7 5 11 102 95 17 0 7 0 0 5 0 0 0 2 0 0 1 0 0 14 6 7 4 7 2 1 1 10 3 7 0 0 18 2 4 53 39 0 4 80 1 0 3 1 1 6 3 1 14 1 3 0 0 0
14 5 18 4 18 8 8 11 5 2 2 56 0 7 10 2 14 34 23 8 222 6723 281 300 7036 381 65 21 161 10 26 21 64 20 14 3 13 45 10 3087 246 27 318 9 3 50 3953 11 25 2 23 8 334 470 144 244 99 6 22 4 44 67 191 53 60 2 924 200 46 39 7 17 119 66 43 18 12 7 44 0 16 2 1135 1575 1530 1579 1635 9 16 4 34 49 6 35 417 94 27 12 3422 1862 1 0 0 0 0 3 1 1 0 0 0 4 1 1 5 1 3 3 14 9 27 9 18 3 2 0 3 2 0 0 0 0 3 36 1 19 4 4 54 33 1 6 6 0 2 1 0 0 25 5 7 2 3 0 0 0 0 0 1 1 2 0 1 0 0 5 3 0 0 0 1 1 0 1 1 2 0 0 4 1 17 56 18 0 2 47 1 0 2 0 2 3 1 0 7 1 3 0 0 0
1 0 3 1 3 0 0 0 0 1 0 1 1 131 114 34 80 39 234 96 99 1473 5690 5693 381 5087 520 17 40 0 2 4 9 12 309 22 28 74 5 7591 619 156 234 23 6 15 451 4 38 0 4 4 43 55 24 36 9 5 64 14 18 9 24 4 7 3 136 24 3 11 5 3 34 63 4 8 5 11 5 0 3 1 111 141 126 52 17 4 8 4 18 35 4 22 173 6 2 1 67 7 0 0 0 0 0 0 0 1 0 0 0 0 5 4 2 4 3 14 21 9 48 78 67 1 0 0 1 2 0 5 0 0 0 13 0 14 3 9 48 51 0 6 0 1 1 1 0 2 54 4 7 0 2 0 0 1 0 0 0 0 0 0 0 0 0 6 1 1 0 0 1 0 0 2 0 3 0 1 3 0 4 33 20 1 2 60 0 0 0 0 0 0 1 0 8 0 0 0 0 0
0 0 4 0 9 0 2 3 0 0 2 8 34 1767 3403 651 61 2148 909 96 12 56 91 3714 65 520 28113 8179 355 1 27 3 15 66 8850 248 202 86 381 4810 177 38 2935 58 10 216 740 5 26 3 1 2 184 187 33 18 200 62 413 157 54 24 136 1414 769 10 696 416 167 12 4 4 47 123 41 8 6 19 8 2 8 0 100 197 38 76 63 5 9 3 36 41 1 19 144 14 3 19 51 38 0 0 0 0 1 0 0 1 1 0 1 3 17 45 104 23 12 148 45 600 172 715 160 2 1 2 8 17 10 39 0 0 2 25 3 22 14 9 70 75 79 30 11 0 2 12 7 35 127 83 10 1 0 0 0 0 0 0 0 0 0 0 1 1 3 12 2 9 1 2 1 0 1 12 0 9 0 0 12 1 10 62 64 0 0 97 0 0 2 0 1 1 4 4 15 2 2 0 0 0
6 3 3 0 22 7 1 4 2 2 0 7 126 1159 3929 3561 41 4116 428 42 11 34 28 157 21 17 8179 10874 726 9 62 8 27 97 529 175 193 117 3839 69 150 20 1023 86 11 719 393 11 13 0 12 7 324 351 69 19 405 73 317 137 771 40 143 1258 2125 65 997 653 300 11 5 6 53 146 124 16 5 16 10 3 18 1 147 214 51 71 150 11 14 1 51 41 7 9 143 48 3 54 57 87 1 2 0 0 6 1 0 3 0 0 0 2 13 264 546 30 10 238 31 2239 70 1190 95 3 1 5 4 20 2 167 1 2 6 26 2 41 11 8 55 58 507 12 124 1 8 20 25 133 92 598 12 1 1 1 0 3 0 4 0 1 1 0 0 0 10 6 21 25 10 31 2 1 11 9 7 47 1 0 22 0 5 37 68 1 3 83 0 1 1 1 0 3 3 21 7 0 0 0 0 1
5044 526 869 414 4629 1229 1894 510 14 112 16 1378 5 164 145 36 45 68 11 11 39 136 36 146 161 40 355 726 43676 8687 8314 369 546 279 124 27 140 94 229 164 126 20 285 8 23 109 433 69 30 6 55 37 7326 14411 600 77 1889 81 65 36 290 262 918 190 731 7 4330 786 851 114 29 121 118 22 860 80 57 7 83 5 56 5 657 936 101 129 739 36 50 12 82 117 25 70 378 2235 64 7886 342 1699 4 0 6 5 3 23 0 5 7 8 23 58 1 2 12 1 2 3 0 24 8 15 7 0 0 0 1 3 0 4 4 0 10 28 0 5 1 1 19 6 6 1 10 0 1 2 2 2 12 49 2 1 0 0 1 3 0 1 1 0 0 1 0 3 1 2 3 2 0 1 2 2 1 1 3 10 0 0 30 0 44 36 7 0 8 62 0 0 0 0 4 8 2 2 36 1 0 0 0 0
6560 5137 403 3682 4750 3147 370 184 9 26 27 3111 1 6 5 2 3 4 0 0 17 20 0 1 10 0 1 9 8687 12223 6342 446 566 9 1 1 9 10 11 1 95 2 3 3 4 3 2 1 1 2 10 11 513 386 108 29 1930 18 1 0 18 4 15 2 29 0 47 7 29 5 3 76 39 3 18 3 25 1 33 1 22 1 190 78 55 12 6 4 3 3 5 29 14 6 5 648 26 818 9 25 0 1 5 0 0 11 0 5 4 6 4 27 0 0 0 0 1 0 0 1 3 3 1 1 0 0 0 0 0 0 0 0 3 4 1 0 1 0 1 0 0 0 0 0 1 0 1 0 2 2 0 0 0 0 0 1 1 0 2 0 0 0 0 1 0 0 1 0 0 1 0 0 0 1 0 0 1 0 1 0 16 10 0 0 0 17 0 0 1 0 2 0 0 0 12 1 1 0 0 0
412 673 86 958 9842 1415 311 57 6 15 3 1026 2 25 27 4 12 15 3 2 32 43 9 10 26 2 27 62 8314 6342 12120 379 472 118 15 6 59 43 35 12 342 6 19 5 3 12 34 5 16 2 88 59 1682 1428 410 118 9482 48 29 11 59 14 34 8 92 1 2218 193 80 12 17 74 87 11 476 11 12 0 48 9 92 3 764 709 202 510 110 35 22 4 12 125 40 10 31 3802 23 986 1554 3789 2 0 1 0 0 7 1 1 2 2 4 10 0 0 2 0 0 0 0 7 0 4 2 0 0 0 0 0 0 0 0 0 6 7 0 1 0 0 4 4 3 0 1 0 1 1 1 2 4 7 1 0 1 0 0 0 1 1 3 4 0 1 0 0 0 0 0 1 0 0 0 0 0 1 0 2 1 2 8 0 9 5 1 0 2 17 2 1 2 0 0 0 2 0 9 0 1 0 0 0
226 138 14 122 1489 1962 154 59 13 7 1 627 4 6 4 0 0 6 3 0 65 95 12 4 21 4 3 8 369 446 379 4613 4821 1187 3 5 16 35 9 2 140 1 5 15 19 4 16 4 4 5 15 9 133 61 38 38 22 3758 51 63 40 6 10 5 24 5 42 137 45 6 3 1542 727 36 3417 2 80 9 653 1 14 3 154 52 110 13 15 6 5 2 12 15 6 6 12 4666 78 149 21 22 2 2 1 2 1 17 1 4 9 7 10 52 0 2 1 1 2 1 4 6 5 7 4 4 0 0 1 0 0 0 3 0 8 24 0 5 0 2 22 14 0 3 0 0 4 1 3 0 6 6 3 0 0 0 0 0 0 0 0 1 0 0 0 3 1 1 1 0 0 0 1 0 0 6 0 3 0 1 6 0 38 32 10 0 1 59 0 0 0 0 1 2 0 1 21 1 0 0 0 1
386 169 54 176 1684 1633 257 82 102 84 225 1698 10 32 13 12 15 57 21 3 285 400 158 13 64 9 15 27 546 566 472 4821 5360 2174 18 22 118 218 21 21 446 3 34 46 33 46 130 7 7 9 16 26 282 140 140 113 92 2563 338 194 66 18 19 8 42 10 158 947 52 15 4 4652 1288 137 5170 18 317 38 1448 1 37 4 301 100 313 66 98 18 7 13 64 44 5 12 43 4457 553 336 72 71 23 3 27 29 7 109 12 35 32 52 79 328 4 5 13 3 8 4 5 12 31 16 21 24 14 4 12 3 3 5 22 1 74 148 2 59 4 4 116 55 3 25 4 7 26 7 5 2 69 24 25 0 1 0 0 1 0 1 2 0 15 6 3 14 10 14 6 5 0 1 19 8 3 11 1 7 1 0 20 7 228 263 47 1 2 440 2 0 0 1 32 2 1 9 195 13 7 1 0 0
6 1 6 2 232 35 9 7 3 2 1 43 5 222 55 42 31 122 60 3 129 134 324 59 20 12 66 97 279 9 118 1187 2174 8762 284 164 809 876 44 75 245 10 57 40 8 51 559 7 8 0 5 7 143 107 34 26 206 6469 3748 3594 66 6 41 14 60 3 332 4130 38 3 0 256 286 116 6495 5 77 31 168 2 8 2 94 95 62 59 162 8 5 0 53 12 1 4 42 1153 12 29 67 268 10 4 5 5 10 15 1 8 1 10 4 43 2 9 9 8 19 7 24 12 56 16 30 22 19 5 11 4 3 5 12 4 18 192 4 113 3 5 223 114 2 36 4 4 25 5 4 3 71 12 39 0 1 0 0 0 0 4 0 1 16 5 1 2 8 19 7 4 1 1 21 7 6 46 1 15 1 0 13 2 97 342 58 3 2 307 0 0 1 3 14 3 3 7 34 3 10 2 0 8
1 0 1 0 2 3 0 1 2 0 0 0 5 3619 1181 161 148 314 232 41 7 26 49 2914 14 309 8850 529 124 1 15 3 18 284 10064 3315 575 76 45 3140 37 24 1765 20 3 46 2416 4 3 0 2 1 52 61 14 5 103 72 2526 668 26 13 57 355 146 2 235 401 46 6 2 6 30 51 46 2 4 12 10 0 1 0 34 66 19 31 50 2 1 1 9 3 1 6 175 20 4 9 23 23 1 0 0 0 0 2 0 2 0 1 1 5 12 12 18 21 26 50 38 58 126 172 102 9 4 2 6 4 6 10 1 0 1 43 1 38 11 11 92 79 8 32 5 1 4 5 0 2 109 7 25 0 2 0 0 1 0 0 0 0 2 1 1 0 0 18 1 1 0 1 4 3 2 24 1 2 0 0 2 0 11 67 30 0 2 93 0 0 1 1 2 0 1 0 10 0 1 0 0 1
0 0 0 0 5 0 0 0 0 0 0 3 0 6219 495 35 180 22 12 4 3 4 29 181 3 22 248 175 27 1 6 5 22 164 3315 1907 1012 38 25 440 36 1 146 3 1 12 164 0 3 0 1 0 6 6 4 1 19 81 2320 513 15 2 24 34 61 0 26 242 35 1 0 5 4 8 35 3 3 6 3 0 2 0 4 11 1 1 8 0 2 0 1 0 0 2 40 7 0 0 2 7 1 0 0 1 0 0 0 0 0 0 0 1 1 0 2 4 2 6 3 4 13 9 15 2 2 2 2 1 0 1 1 0 0 4 0 6 0 2 13 25 0 8 0 0 2 3 0 1 18 1 7 0 0 0 0 0 0 0 0 0 1 0 0 1 0 4 0 1 0 0 1 0 0 2 0 1 0 0 0 0 0 15 4 0 0 15 0 0 0 0 1 1 0 0 3 0 1 0 0 0
1 0 2 0 51 8 2 1 0 0 0 17 4 1031 238 367 471 561 408 44 69 74 735 131 13 28 202 193 140 9 59 16 118 809 575 1012 3876 1086 151 193 397 10 134 22 0 92 376 2 10 3 3 5 64 54 21 20 108 335 1047 682 86 7 31 26 85 1 132 797 53 5 2 17 62 60 601 12 34 15 45 1 3 1 35 42 26 20 75 5 4 0 50 18 2 15 55 161 1 9 26 71 2 2 2 0 2 4 0 3 0 2 1 2 18 6 16 4 16 11 34 45 97 45 67 25 14 6 18 8 5 8 4 3 5 83 9 67 12 12 169 121 12 39 2 3 9 10 5 2 98 10 56 1 0 2 2 0 1 0 1 0 4 6 0 2 5 29 7 4 0 3 15 6 2 51 1 7 0 0 11 0 37 239 69 3 1 203 0 0 3 2 9 0 3 5 34 0 12 5 1 6
4 1 1 0 106 17 3 0 4 0 1 21 769 72 71 338 898 1819 5098 163 182 212 733 137 45 74 86 117 94 10 43 35 218 876 76 38 1086 12612 172 166 435 46 220 1926 151 1689 327 75 35 12 4 14 58 35 38 44 51 284 329 79 314 74 134 44 70 107 94 510 108 20 51 33 597 980 798 103 123 300 154 5 20 7 77 55 75 35 62 45 61 32 1103 47 3 42 386 402 19 16 41 44 9 10 5 5 23 16 4 45 5 8 5 36 83 89 252 83 109 155 246 517 739 862 538 117 64 27 72 54 64 101 13 3 40 394 35 348 63 75 886 709 93 308 60 4 59 70 57 78 785 351 241 12 16 2 1 9 0 8 1 1 16 17 4 4 18 136 61 83 11 32 61 26 15 217 34 113 0 5 305 35 126 1023 499 13 65 1305 1 6 7 18 37 32 25 25 237 15 44 4 0 21
1 0 3 0 31 3 1 3 0 0 0 5 76 246 912 359 36 5265 174 53 6 10 42 139 10 5 381 3839 229 11 35 9 21 44 45 25 151 172 11592 19 175 56 382 37 34 1183 74 31 28 3 13 6 92 95 46 19 104 34 71 34 10806 48 143 329 6941 47 183 182 2435 16 17 0 36 32 146 88 3 2 2 0 11 0 58 59 14 15 50 7 14 2 118 56 4 25 136 76 1 32 12 28 1 1 1 0 6 1 0 3 1 1 0 0 4 293 819 10 5 95 11 1587 43 551 21 5 1 4 1 45 1 162 3 2 10 30 1 38 3 8 39 25 615 9 277 2 7 22 78 202 58 1129 6 4 5 0 0 12 0 2 1 0 2 0 0 1 16 2 41 43 13 73 2 2 16 0 4 95 1 3 66 7 4 20 30 1 4 23 0 0 1 0 0 12 8 19 4 1 1 0 0 2
2 0 8 1 5 4 0 1 5 0 1 10 2 1056 443 59 159 93 369 137 144 2466 2096 6125 3087 7591 4810 69 164 1 12 2 21 75 3140 440 193 166 19 9223 427 181 1182 78 2 47 5541 5 47 2 10 7 176 246 69 61 66 33 712 140 42 25 91 85 41 4 605 276 31 17 6 9 96 151 15 12 20 33 15 0 10 0 297 472 263 208 137 9 9 2 29 30 7 21 357 12 9 3 234 42 0 0 0 0 3 0 1 2 0 0 0 3 4 7 10 11 27 24 69 15 170 128 152 5 6 4 12 2 11 14 2 0 5 44 4 41 13 13 149 137 4 38 1 1 5 8 4 5 143 6 21 0 2 0 0 2 0 0 0 0 0 0 0 2 3 17 2 3 1 1 5 1 0 20 2 2 0 0 2 0 13 118 40 1 0 131 0 0 4 1 4 8 0 1 24 0 1 0 0 2
410 286 1032 221 524 459 50 220 24 120 40 1239 23 429 979 311 416 772 275 261 785 1003 5338 2065 246 619 177 150 126 95 342 140 446 245 37 36 397 435 175 427 7754 3762 1031 55 107 432 299 155 1506 48 367 130 106 71 1015 1825 53 68 54 27 494 216 265 53 170 40 116 122 251 174 174 183 597 111 251 370 115 16 178 23 335 14 898 122 575 82 143 285 685 211 747 978 168 327 646 621 129 57 121 146 5 2 2 5 4 14 3 7 6 10 15 61 5 8 32 6 6 11 10 89 36 56 22 7 7 0 4 3 2 6 3 1 10 47 2 30 1 3 50 36 8 9 8 3 4 15 17 9 49 70 9 18 44 2 2 38 8 7 10 19 4 1 1 2 2 5 17 19 13 8 8 2 4 15 10 20 14 21 100 14 51 87 27 1 27 120 23 10 109 1 3 86 20 4 21 2 5 2 0 0
4 4 12 2 9 0 2 6 0 0 0 8 8 52 91 58 16 265 93 44 21 113 1018 3514 27 156 38 20 20 2 6 1 3 10 24 1 10 46 56 181 3762 5934 3137 14 21 356 122 24 1917 11 11 2 18 19 160 59 6 2 13 5 406 27 18 11 44 22 45 20 97 22 17 2 26 20 12 124 3 5 9 0 25 3 47 41 32 12 4 32 92 32 462 267 9 107 701 18 3 1 21 4 0 0 0 0 0 0 0 0 0 0 0 0 0 1 13 2 0 3 2 28 10 24 11 0 0 0 0 0 1 0 0 0 1 4 0 1 1 2 9 8 3 2 6 1 0 0 9 3 12 54 0 4 5 0 0 2 0 0 0 3 0 0 0 0 0 1 9 4 0 2 0 0 0 0 9 21 0 2 44 6 2 4 2 0 12 16 2 1 12 0 0 19 4 0 0 0 0 0 0 0
4 5 6 2 25 4 0 4 0 3 1 13 80 555 615 218 64 1975 528 132 80 522 505 3043 318 234 2935 1023 285 3 19 5 34 57 1765 146 134 220 382 1182 1031 3137 5275 75 133 3112 1426 58 2280 24 32 6 176 262 146 84 112 34 436 74 2441 177 710 3006 2277 160 701 360 519 74 33 8 121 142 79 190 16 11 16 0 34 3 254 429 202 133 69 34 82 62 1667 349 18 167 3702 73 14 7 155 39 0 1 0 0 3 1 0 5 0 2 1 3 9 34 179 4 10 43 26 442 78 258 65 3 2 4 4 9 3 19 1 0 2 27 1 23 3 5 73 66 73 13 57 0 2 18 38 17 76 436 7 10 17 1 0 17 0 1 0 1 0 0 0 2 2 14 55 37 11 34 1 2 1 10 22 93 0 5 261 22 15 54 37 3 37 75 0 1 16 1 1 27 8 4 11 0 1 1 0 0
2 0 0 1 8 5 2 0 12 0 0 30 4307 28 52 22 17 208 6556 25 11 21 27 53 9 23 58 86 8 3 5 15 46 40 20 3 22 1926 37 78 55 14 75 8571 2228 1218 75 102 27 411 28 82 12 8 13 9 2 6 33 4 45 80 87 24 49 606 14 30 79 28 98 72 1878 1574 41 60 324 3753 1397 45 38 123 11 9 19 5 3 221 170 213 719 32 4 31 229 58 89 12 6 3 6 5 3 1 6 17 0 24 5 2 1 35 93 90 388 74 61 271 164 698 733 1416 465 46 18 21 39 38 53 103 12 2 23 257 16 176 53 69 498 386 91 152 36 9 40 48 46 81 683 386 84 15 47 6 2 42 3 5 5 5 5 4 2 5 12 62 54 46 19 42 27 12 12 88 50 64 7 8 309 43 122 644 423 8 73 1011 9 6 33 3 21 70 30 9 158 13 15 5 0 8
2 3 6 0 11 4 3 0 35 7 1 28 5911 3 6 4 3 76 568 4 4 8 3 17 3 6 10 11 23 4 3 19 33 8 3 1 0 151 34 2 107 21 133 2228 12333 6351 12 336 76 4014 49 85 18 5 23 5 5 8 6 2 209 310 244 35 144 3012 19 6 464 105 185 98 376 269 17 194 1080 1927 743 82 199 257 11 8 2 4 3 974 739 2613 6577 116 4 126 616 55 439 47 3 0 0 1 0 1 6 4 1 1 3 1 2 9 1 4 186 10 4 12 5 177 48 80 15 0 4 1 1 9 0 7 12 3 8 30 1 22 0 3 82 22 26 8 44 8 6 181 416 19 106 1227 9 126 379 11 9 315 12 12 18 34 4 3 1 6 7 3 255 293 135 227 6 18 13 4 314 256 39 76 2593 353 14 33 15 11 560 62 30 169 306 1 5 837 191 6 9 1 0 1 2 6
8 2 9 4 18 4 1 3 1 3 0 6 5804 34 129 46 16 5581 6541 53 22 80 70 771 50 15 216 719 109 3 12 4 46 51 46 12 92 1689 1183 47 432 356 3112 1218 6351 15656 139 100 152 51 15 7 55 82 104 42 39 18 46 8 1949 139 436 1010 1642 2178 213 73 701 54 50 15 495 270 69 122 95 203 85 1 24 4 82 106 46 45 26 63 121 83 2693 172 11 116 1155 73 38 12 39 14 1 1 2 0 10 1 0 5 0 0 1 17 14 603 4461 23 16 135 33 2718 328 1192 88 7 2 16 10 259 7 458 14 6 21 123 14 206 8 14 471 166 1221 19 1758 13 16 225 1092 978 677 8247 17 16 55 6 4 92 3 5 3 10 2 1 1 8 56 14 841 748 108 503 7 8 55 17 91 1201 9 14 1994 112 17 94 216 14 161 168 7 12 54 3 4 84 68 41 31 3 1 2 0 10
9 3 12 3 24 11 2 6 4 3 1 26 5 402 159 34 119 116 123 58 150 1519 517 1916 3953 451 740 393 433 2 34 16 130 559 2416 164 376 327 74 5541 299 122 1426 75 12 139 7977 14 27 5 29 10 385 633 119 103 306 239 1115 349 81 67 411 253 321 14 1950 1366 198 42 4 35 431 347 126 24 63 50 91 1 11 1 645 1535 582 933 1191 9 24 5 44 69 19 48 758 49 59 6 1142 465 6 1 2 2 9 5 0 10 1 3 2 17 7 2 15 9 39 15 82 26 191 64 144 22 11 9 15 9 4 9 10 0 19 237 7 126 11 12 350 293 6 40 5 4 24 7 2 3 200 30 57 1 2 2 0 0 1 3 1 1 2 14 1 4 4 29 7 8 1 4 15 4 5 52 4 23 2 0 11 1 73 383 104 3 4 317 0 0 5 3 16 3 2 5 43 2 12 0 0 5
9 1 7 0 27 5 0 10 1 2 1 13 42 6 22 7 3 56 69 2 10 20 17 20 11 4 5 11 69 1 5 4 7 7 4 0 2 75 31 5 155 24 58 102 336 100 14 19544 164 101 19 18 42 43 29 15 14 5 3 1 1195 7906 1415 66 205 53 77 26 4741 618 1717 5 56 22 61 10579 54 13 22 7 452 38 40 45 17 8 5 2178 3293 445 2796 233 26 378 804 82 60 7 7 3 0 1 0 0 1 0 0 0 0 0 0 0 0 1 24 4 3 5 2 25 17 12 4 3 5 2 7 2 0 1 6 3 0 6 0 11 0 1 27 6 3 4 10 13 7 110 119 5 45 113 11 270 690 10 20 644 13 6 24 97 1 2 0 2 3 0 75 131 199 39 8 8 10 0 335 51 87 147 1137 261 0 14 15 12 480 22 70 102 710 0 2 1355 282 2 9 1 0 0 1 3
32 17 51 11 20 5 2 15 0 13 1 21 12 22 82 71 19 214 85 35 17 89 174 321 25 38 26 13 30 1 16 4 7 8 3 3 10 35 28 47 1506 1917 2280 27 76 152 27 164 6560 43 54 12 30 19 176 58 8 4 4 1 236 107 33 1 34 20 31 9 97 145 116 8 24 22 6 330 7 3 4 4 104 12 52 33 32 15 4 148 512 206 708 4506 55 2385 4016 21 13 4 11 3 0 0 0 0 0 0 0 1 0 0 0 2 1 1 8 1 2 2 1 23 4 9 5 0 0 0 0 1 0 1 0 0 1 3 1 5 0 1 8 4 14 1 4 0 1 9 11 4 10 41 2 29 79 0 2 39 2 1 5 5 0 0 0 0 1 1 16 19 32 9 1 0 2 0 45 11 5 22 141 32 2 7 1 1 37 15 13 6 73 0 1 144 22 1 3 0 0 0 0 1
6 1 8 0 4 2 2 8 37 5 3 18 112 1 0 2 1 8 74 1 2 8 3 4 2 0 3 0 6 2 2 5 9 0 0 0 3 12 3 2 48 11 24 411 4014 51 5 101 43 6467 348 1175 6 2 12 4 1 1 2 1 15 170 47 5 9 901 2 2 40 117 116 39 98 390 7 52 770 797 350 986 365 3671 14 8 3 1 0 3094 945 3264 482 109 15 106 199 21 332 28 1 0 0 0 0 0 0 0 1 1 0 1 1 0 1 1 13 2 2 2 3 14 15 12 9 0 5 0 1 5 0 2 2 0 4 6 0 7 0 1 12 8 2 1 1 11 4 70 90 4 19 39 1 145 315 14 11 276 47 24 73 112 1 1 0 3 1 0 12 56 86 54 3 5 5 4 110 17 74 91 579 67 3 8 9 4 122 34 92 202 694 0 2 852 158 0 8 1 0 0 0 0
167 69 306 39 97 56 19 171 12 61 1 138 7 0 13 7 0 24 6 3 2 38 9 15 23 4 1 12 55 10 88 15 16 5 2 1 3 4 13 10 367 11 32 28 49 15 29 19 54 348 20982 18823 217 26 1037 73 10 1 2 1 20 21 19 4 27 109 7 20 23 333 49 16 34 93 20 48 89 53 54 2367 3575 757 281 18 35 16 19 625 155 194 101 7059 8159 107 51 68 61 14 21 22 4 0 0 2 0 4 1 1 1 1 5 9 0 0 0 1 0 0 0 2 2 2 0 0 1 0 0 0 0 0 4 0 1 8 0 1 0 0 4 2 0 0 0 10 4 4 4 1 1 2 1 17 18 29 2 19 318 356 607 800 10 1 0 1 1 1 2 0 3 7 1 0 0 0 3 2 270 99 16 4 11 17 2 0 5 26 251 26 334 0 6 60 97 0 4 0 1 0 0 0
155 50 221 30 55 38 22 125 20 52 6 106 23 3 2 1 2 6 23 2 0 23 4 6 8 4 2 7 37 11 59 9 26 7 1 0 5 14 6 7 130 2 6 82 85 7 10 18 12 1175 18823 38698 126 9 490 32 8 0 2 1 4 25 18 5 13 591 8 9 16 233 46 26 46 420 7 8 357 190 119 16791 8398 2003 156 10 17 11 14 2168 448 332 63 1715 4822 53 22 50 223 36 8 13 20 1 5 0 0 5 5 2 8 2 1 4 0 0 3 0 1 2 4 3 8 2 1 2 2 0 0 1 0 0 0 2 0 3 0 3 0 0 5 7 1 3 0 25 21 8 31 3 4 5 3 34 37 116 13 58 1230 1969 2964 1863 63 11 2 5 0 0 2 6 8 17 4 3 0 3 8 1 819 236 41 2 12 20 25 0 6 54 681 81 1121 0 51 149 265 2 30 2 0 1 0 3
2037 333 2375 218 1259 470 904 2671 168 877 175 1188 6 76 55 19 18 34 7 5 26 214 42 96 334 43 184 324 7326 513 1682 133 282 143 52 6 64 58 92 176 106 18 176 12 18 55 385 42 30 6 217 126 16562 9209 8364 41 590 53 40 11 161 185 529 91 379 12 1765 440 420 89 26 194 243 68 402 41 209 10 252 20 141 19 2643 1815 262 483 444 32 36 11 57 142 75 62 289 982 402 3916 325 791 3 3 7 5 3 28 1 10 8 14 26 92 1 0 8 0 2 0 4 10 8 9 5 5 0 0 1 0 0 1 5 0 26 32 1 15 0 0 14 7 3 3 4 0 9 0 5 1 14 19 6 0 0 0 0 2 3 4 2 7 0 0 1 2 3 1 1 1 0 0 1 2 0 7 0 2 3 1 11 1 85 64 14 0 1 164 3 0 10 0 6 2 0 4 49 4 2 0 0 0
1227 253 1228 169 965 308 670 1505 17 406 16 597 6 72 56 23 8 37 13 2 15 310 78 120 470 55 187 351 14411 386 1428 61 140 107 61 6 54 35 95 246 71 19 262 8 5 82 633 43 19 2 26 9 9209 11218 414 17 696 53 52 9 146 182 503 123 362 7 5176 616 431 84 7 51 107 34 470 44 45 3 85 1 18 2 1099 9060 139 1198 658 8 19 7 48 43 9 65 362 791 61 2781 404 815 3 2 0 3 3 11 0 3 6 7 10 42 0 0 6 1 0 2 1 7 7 9 5 0 2 1 0 0 0 3 2 0 7 20 1 9 1 0 14 17 2 1 1 0 4 1 1 3 11 19 0 0 0 0 0 1 1 0 0 1 0 1 0 0 2 2 3 2 2 1 3 0 1 3 0 4 0 0 10 4 22 35 8 0 2 64 1 0 0 0 2 0 0 1 18 3 2 0 0 0
774 212 1106 120 368 197 190 849 67 313 74 629 3 17 43 21 7 106 29 5 25 317 119 145 144 24 33 69 600 108 410 38 140 34 14 4 21 38 46 69 1015 160 146 13 23 104 119 29 176 12 1037 490 8364 414 32395 505 76 15 5 5 153 65 136 10 117 13 106 72 135 77 44 121 158 47 104 85 102 4 142 47 415 22 9069 269 648 264 99 149 138 44 179 914 233 77 141 302 191 579 198 147 3 1 3 3 2 18 1 2 6 3 18 58 0 1 8 1 0 1 2 16 7 8 4 2 0 0 0 0 0 0 5 0 11 12 0 12 0 0 15 6 1 1 0 0 2 0 1 4 7 12 1 5 11 2 0 4 13 14 21 17 1 0 1 3 1 1 3 2 3 0 2 1 0 0 2 7 8 4 20 2 56 45 8 0 5 97 14 4 38 1 2 15 10 1 33 1 1 0 0 0
192 100 313 81 178 129 23 129 5 46 13 368 2 9 13 7 5 28 13 5 825 1581 112 72 244 36 18 19 77 29 118 38 113 26 5 1 20 44 19 61 1825 59 84 9 5 42 103 15 58 4 73 32 41 17 505 2397 15 13 8 2 42 48 92 23 58 5 28 39 58 32 13 50 144 26 57 30 32 3 64 3 39 2 2998 56 2535 139 58 18 52 17 62 163 34 38 153 223 42 25 199 54 2 0 4 0 0 4 1 2 2 2 2 4 0 1 5 0 2 0 2 8 3 4 2 1 0 0 1 0 0 0 1 0 0 19 0 6 0 2 16 5 1 3 0 1 1 0 0 2 6 11 1 0 2 0 0 3 0 0 2 2 0 1 1 0 0 0 2 2 1 0 0 0 0 0 0 1 2 0 7 3 16 32 8 0 3 35 3 1 10 0 1 2 2 0 7 0 0 0 0 0
23 17 40 24 1226 61 8 5 2 2 1 83 8 133 82 24 20 45 10 1 8 35 3 61 99 9 200 405 1889 1930 9482 22 92 206 103 19 108 51 104 66 53 6 112 2 5 39 306 14 8 1 10 8 590 696 76 15 4260 117 94 35 89 46 261 75 300 3 2984 1263 305 7 2 33 92 13 1695 12 6 1 16 1 8 0 162 722 47 893 859 5 7 2 30 16 6 7 124 1458 3 103 1780 3316 0 0 0 0 1 0 0 1 0 0 0 2 0 0 6 3 1 0 1 20 3 9 8 1 2 0 0 0 0 3 0 0 0 7 2 7 0 0 15 7 3 1 4 0 0 3 2 1 5 10 2 0 1 0 0 0 0 0 0 0 0 1 0 1 0 0 4 0 0 0 1 0 0 1 0 4 0 0 10 0 5 13 3 0 0 20 0 0 0 1 0 1 2 0 1 0 1 0 0 0
7 0 3 4 79 61 9 1 4 3 0 93 1 137 67 16 30 21 4 3 21 30 27 34 6 5 62 73 81 18 48 3758 2563 6469 72 81 335 284 34 33 68 2 34 6 8 18 239 5 4 1 1 0 53 53 15 13 117 8317 1500 4745 67 16 24 11 77 2 196 2502 95 4 6 1028 768 26 6718 7 36 2 315 0 4 1 27 82 21 69 102 4 1 1 11 5 0 1 31 1212 23 20 57 171 1 0 0 1 2 2 0 3 1 2 4 9 1 0 1 0 3 1 5 14 7 8 7 4 2 0 0 1 1 3 1 1 4 23 0 15 0 0 27 14 3 2 3 1 5 0 0 1 14 4 2 0 1 0 0 0 0 1 0 0 1 0 1 1 2 4 2 0 0 1 2 0 0 3 0 1 0 0 8 0 11 35 6 0 2 38 0 0 0 0 4 1 0 1 11 1 2 0 0 0
0 0 3 1 25 2 2 0 0 1 1 7 2 1041 226 31 86 39 30 10 31 43 56 469 22 64 413 317 65 1 29 51 338 3748 2526 2320 1047 329 71 712 54 13 436 33 6 46 1115 3 4 2 2 2 40 52 5 8 94 1500 4492 2832 46 15 100 83 157 2 191 2694 79 3 2 42 172 103 659 2 29 21 47 0 1 0 27 53 27 41 54 3 0 1 12 2 1 8 135 114 8 8 31 80 3 1 0 2 5 2 1 7 2 4 2 10 4 2 2 3 32 6 57 7 121 27 74 32 7 7 17 8 6 7 2 1 18 136 15 107 6 15 242 209 3 36 7 1 19 5 3 0 109 9 34 0 0 0 0 1 0 0 0 0 1 4 1 4 0 29 4 6 0 2 9 3 6 53 0 11 0 0 8 0 25 229 52 2 0 188 0 1 0 3 12 2 1 4 19 1 9 0 0 6
2 0 0 0 12 0 1 0 0 0 0 2 1 487 112 13 36 16 4 3 5 5 31 86 4 14 157 137 36 0 11 63 194 3594 668 513 682 79 34 140 27 5 74 4 2 8 349 1 1 1 1 1 11 9 5 2 35 4745 2832 1801 14 4 22 22 58 1 55 1437 30 1 0 18 38 4 1723 3 4 0 5 0 1 0 11 13 4 11 26 0 1 0 3 4 1 0 21 50 0 3 2 38 0 1 0 0 1 0 0 2 0 0 1 0 1 1 1 1 5 1 6 2 9 7 10 6 7 2 4 0 0 2 2 0 1 11 1 15 2 2 22 26 0 11 0 0 2 3 1 2 16 2 8 0 0 0 0 0 0 0 0 0 0 0 0 0 1 4 0 0 0 0 4 1 1 4 0 4 0 0 1 0 6 23 6 0 0 29 0 0 0 0 5 0 0 1 5 0 1 0 0 0
15 1 12 2 153 23 12 7 0 2 0 21 54 131 589 181 28 1742 80 40 25 69 72 345 44 18 54 771 290 18 59 40 66 66 26 15 86 314 10806 42 494 406 2441 45 209 1949 81 1195 236 15 20 4 161 146 153 42 89 67 46 14 8375 1222 1871 591 5609 58 235 250 9821 382 339 18 119 27 488 8905 18 10 21 0 213 5 99 127 50 42 81 181 253 67 5457 180 23 256 2379 462 21 47 28 48 0 1 0 0 3 1 0 1 1 0 1 4 2 55 303 9 4 19 7 215 57 85 24 1 0 3 6 28 2 34 6 1 5 23 5 34 0 3 108 32 99 7 275 1 2 91 321 91 110 1349 16 31 84 6 3 74 1 3 4 4 2 4 2 6 14 4 341 270 67 35 8 9 13 2 124 456 7 15 1308 154 9 42 17 4 254 51 7 12 46 1 2 116 44 6 11 0 1 0 0 1
9 4 9 1 27 11 1 3 4 1 1 11 33 11 27 23 9 86 62 13 36 145 19 42 67 9 24 40 262 4 14 6 18 6 13 2 7 74 48 25 216 27 177 80 310 139 67 7906 107 170 21 25 185 182 65 48 46 16 15 4 1222 18436 11493 341 534 54 346 83 2801 8963 2052 3 66 32 113 1823 42 13 19 16 379 101 170 193 116 55 31 470 820 510 2025 286 52 2161 3327 99 31 21 48 14 0 0 1 0 1 0 1 1 0 1 1 1 1 2 20 5 2 5 3 29 5 17 9 0 3 0 4 5 0 1 6 2 1 11 2 8 0 2 24 8 7 3 11 20 3 104 84 3 28 96 6 293 831 9 25 656 20 14 42 79 0 0 0 3 2 1 72 107 174 34 3 9 7 3 322 70 95 223 1075 171 3 6 16 5 423 40 114 120 1017 2 4 1713 300 2 5 0 0 0 1 3
2 0 4 4 44 18 3 4 2 0 0 18 23 46 92 26 22 143 121 19 59 238 40 58 191 24 136 143 918 15 34 10 19 41 57 24 31 134 143 91 265 18 710 87 244 436 411 1415 33 47 19 18 529 503 136 92 261 24 100 22 1871 11493 27444 7415 7092 74 1317 274 8724 1276 200 8 98 35 146 897 34 18 13 0 84 4 375 522 251 158 87 65 185 107 2463 102 21 714 4323 134 26 74 127 38 0 1 0 1 2 0 1 0 0 0 0 3 4 6 45 3 2 14 8 76 25 29 18 0 1 1 0 5 1 5 2 1 2 12 2 19 4 0 35 18 26 3 18 5 0 45 73 6 32 282 4 25 98 1 2 69 1 1 5 5 1 2 0 6 2 4 101 85 34 25 0 3 5 1 92 100 5 15 562 87 6 17 13 8 158 25 1 6 59 0 2 169 38 2 3 0 0 1 1 3
0 0 2 0 7 2 0 0 0 1 0 2 46 134 147 34 9 540 113 14 11 50 13 108 53 4 1414 1258 190 2 8 5 8 14 355 34 26 44 329 85 53 11 3006 24 35 1010 253 66 1 5 4 5 91 123 10 23 75 11 83 22 591 341 7415 5331 4924 70 358 122 1112 72 19 2 26 43 22 65 5 6 5 0 10 0 68 152 41 43 38 9 18 8 220 16 3 47 1522 25 2 8 38 12 0 0 0 0 0 0 0 0 0 0 0 0 2 26 133 3 2 31 4 396 16 127 21 1 0 2 0 9 2 22 1 1 2 9 1 10 0 1 16 12 104 10 42 0 1 4 13 23 21 263 3 5 2 0 0 5 0 0 1 0 0 0 0 0 3 1 21 9 3 11 1 0 2 4 4 36 1 1 46 3 2 10 12 0 4 21 1 0 3 0 0 11 3 3 0 0 0 0 0 1
5 2 6 1 108 16 6 6 0 0 1 22 110 346 743 166 30 758 117 29 11 58 24 75 60 7 769 2125 731 29 92 24 42 60 146 61 85 70 6941 41 170 44 2277 49 144 1642 321 205 34 9 27 13 379 362 117 58 300 77 157 58 5609 534 7092 4924 6784 114 945 494 6847 169 65 12 51 54 387 202 20 13 9 1 35 2 225 310 105 95 173 27 35 20 573 50 14 83 1602 283 13 92 52 92 0 0 0 1 1 2 0 2 0 0 0 3 5 77 317 10 4 34 13 809 40 231 38 2 1 3 3 18 1 49 2 2 4 31 3 25 1 4 56 38 206 6 164 3 4 23 76 66 59 948 6 10 18 1 1 8 0 0 0 1 0 3 0 1 5 1 148 99 9 30 2 2 4 2 31 259 4 4 515 59 2 32 27 1 67 41 3 1 5 1 0 27 10 6 8 2 0 0 0 1
0 1 4 0 2 3 1 1 12 4 1 12 1933 4 6 0 3 69 274 0 1 6 2 39 2 3 10 65 7 0 1 5 10 3 2 0 1 107 47 4 40 22 160 606 3012 2178 14 53 20 901 109 591 12 7 13 5 3 2 2 1 58 54 74 70 114 1477 11 7 85 23 55 11 99 752 10 36 683 1887 252 342 74 622 14 9 6 5 2 402 193 269 1318 31 1 26 197 13 190 20 4 3 0 1 0 0 1 1 0 0 0 0 0 1 0 8 394 2 1 8 5 121 37 80 13 1 1 3 2 23 1 31 2 0 4 8 1 9 1 2 47 17 13 3 46 1 3 26 112 74 79 508 1 19 29 2 2 38 2 3 14 7 0 2 0 0 0 1 29 58 11 131 2 1 2 1 16 40 11 10 203 24 0 23 30 0 38 24 11 11 37 0 3 72 18 0 6 0 0 0 0 0
44 82 170 135 828 300 15 11 3 19 3 432 11 245 144 42 35 103 29 9 26 318 100 385 924 136 696 997 4330 47 2218 42 158 332 235 26 132 94 183 605 116 45 701 14 19 213 1950 77 31 2 7 8 1765 5176 106 28 2984 196 191 55 235 346 1317 358 945 11 12240 3364 866 156 26 48 167 68 2206 98 21 6 30 0 13 2 255 8064 62 1571 2865 19 46 14 120 61 10 129 837 1129 23 36 2199 3578 1 1 3 1 0 2 1 1 0 5 2 7 2 5 17 1 7 7 14 45 22 25 14 7 0 0 2 4 3 1 2 1 4 35 1 25 1 2 44 36 10 6 9 0 4 5 11 2 28 77 6 0 2 0 0 5 0 0 0 0 1 0 0 0 2 1 11 8 1 0 1 0 1 9 4 15 0 1 24 3 16 81 13 1 2 57 0 0 0 0 0 5 1 2 13 1 1 0 0 1
5 4 7 0 58 8 1 9 6 3 2 8 1 532 257 61 87 97 20 9 31 113 50 239 200 24 416 653 786 7 193 137 947 4130 401 242 797 510 182 276 122 20 360 30 6 73 1366 26 9 2 20 9 440 616 72 39 1263 2502 2694 1437 250 83 274 122 494 7 3364 4425 487 19 23 242 1174 152 3862 27 57 9 193 1 23 4 261 1445 187 1298 3360 9 10 3 44 30 7 14 212 223 65 23 1192 2403 1 1 1 1 4 3 0 2 1 1 2 16 7 7 12 1 16 5 33 22 46 25 45 21 9 9 9 1 2 6 7 1 16 130 2 92 1 7 180 120 9 16 11 2 21 3 5 4 69 27 20 2 1 1 0 2 0 1 0 1 6 4 1 5 5 8 10 2 3 1 7 3 1 22 8 19 1 0 21 6 71 265 51 0 6 192 2 0 1 1 9 7 0 6 23 3 5 0 0 2
10 6 7 3 151 34 13 6 3 4 0 44 51 154 468 86 19 354 69 23 34 58 22 46 46 3 167 300 851 29 80 45 52 38 46 35 53 108 2435 31 251 97 519 79 464 701 198 4741 97 40 23 16 420 431 135 58 305 95 79 30 9821 2801 8724 1112 6847 85 866 487 9815 559 629 17 92 39 679 7182 52 20 24 5 327 2 260 311 83 86 209 279 346 127 3227 120 24 203 1899 471 58 106 55 81 0 0 0 0 0 0 0 1 0 1 0 1 3 22 123 8 2 15 6 179 33 51 17 2 4 1 3 12 1 11 10 4 4 32 4 29 0 0 80 23 43 2 76 7 2 114 225 27 98 824 5 50 196 3 4 168 0 1 2 17 5 6 0 5 13 2 353 272 87 41 0 10 12 6 233 476 17 34 1797 267 5 26 16 10 482 32 4 22 71 0 2 303 85 10 7 1 0 1 1 7
42 27 53 7 34 17 5 23 2 14 0 23 7 7 23 18 3 75 45 6 14 102 23 32 39 11 12 11 114 5 12 6 15 3 6 1 5 20 16 17 174 22 74 28 105 54 42 618 145 117 333 233 89 84 77 32 7 4 3 1 382 8963 1276 72 169 23 156 19 559 10236 3320 3 24 16 42 305 10 4 11 31 2481 330 96 78 72 25 15 824 552 313 678 1722 2754 3186 1092 43 18 9 33 7 0 0 0 0 0 0 0 1 0 0 0 0 1 0 7 2 2 1 0 6 3 3 4 1 4 0 1 0 0 2 3 0 0 2 0 4 0 0 4 0 1 3 0 10 7 33 34 3 10 28 2 255 394 25 18 208 45 37 127 213 4 0 0 2 0 1 23 41 93 14 0 4 3 3 111 19 155 276 353 55 2 3 9 2 133 21 260 87 1043 0 4 818 273 1 6 0 1 0 0 4
21 10 44 8 19 10 2 16 2 10 0 20 53 1 9 14 2 40 60 3 4 15 10 18 7 5 4 5 29 3 17 3 4 0 2 0 2 51 17 6 174 17 33 98 185 50 4 1717 116 116 49 46 26 7 44 13 2 6 2 0 339 2052 200 19 65 55 26 23 629 3320 7855 3 36 10 38 980 43 15 15 21 7504 286 11 11 16 9 7 1120 2044 409 1107 875 270 762 259 42 36 9 3 5 0 0 1 0 0 0 0 0 0 0 0 0 0 1 8 1 1 5 0 14 3 12 1 0 0 1 3 4 0 0 2 0 0 2 0 4 0 0 5 4 1 4 3 7 1 42 30 6 11 40 1 325 444 17 18 171 29 20 90 170 4 1 0 4 0 1 18 24 76 23 2 3 3 1 82 9 149 254 298 34 0 5 13 2 90 19 299 110 1319 0 0 814 341 1 5 0 1 0 0 1
58 18 33 38 304 150 103 30 330 161 492 2023 38 10 3 1 3 5 13 0 139 172 44 4 17 3 4 6 121 76 74 1542 4652 256 6 5 17 33 0 9 183 2 8 72 98 15 35 5 8 39 16 26 194 51 121 50 33 1028 42 18 18 3 8 2 12 11 48 242 17 3 3 5126 1440 154 2694 8 3832 109 3213 11 25 18 158 56 114 19 20 29 14 22 25 20 4 5 15 2293 4595 624 34 22 29 12 20 36 16 163 16 30 43 70 106 461 5 3 5 5 5 5 10 10 26 23 15 7 5 1 2 4 1 5 20 3 85 97 2 30 1 6 85 33 4 12 2 3 25 4 1 3 46 7 7 1 0 2 0 1 2 3 1 1 12 4 6 16 12 9 1 1 2 0 12 7 1 7 3 5 2 0 7 3 270 175 37 0 1 377 0 0 1 0 22 2 1 5 275 34 10 0 0 0
