31645 4475 7304 3169 3720 3130 11465 7612 100 113 40 1069 0 1 15 10 0 7 2 5 124 108 9 18 34 1 4 2 5802 11809 3251 122 220 6 3 0 0 9 7 3 1908 43 44 2 14 9 5 70 133 25 205 223 1173 3649 953 589 405 4 0 0 34 53 26 13 21 3 439 7 56 115 57 119 24 8 28 50 60 0 41 4 288 12 3906 2935 1722 194 39 114 255 105 134 886 365 142 84 469 40 3525 79 9 7 3 59 62 41 195 3 3 23 22 17 194 0 0 0 0 1 0 0 0 1 0 1 3 11 1 1 0 0 0 23 0 88 44 3 31 0 0 11 2 0 2 0 6 25 0 1 1 0 3 0 4 6 3 0 1 4 2 1 4 2 38 0 28 6 0 0 3 0 3 19 15 0 2 1 10 9 8 9 4 37 13 3 1 4 35 7 1 11 2 16 10 9 6 22 4 13 4 0 2
4475 12947 1835 15247 3117 4370 113 54 1 26 17 640 0 1 2 1 0 0 0 0 84 27 0 5 12 1 2 0 479 3148 398 28 109 1 0 0 1 7 2 0 556 10 9 0 2 0 2 12 19 2 23 21 97 363 67 161 41 1 1 0 8 9 12 3 5 1 203 4 3 20 4 71 7 3 5 7 26 1 12 0 38 2 760 594 807 102 10 12 39 15 25 114 62 22 16 36 26 149 25 5 6 9 51 70 27 180 5 2 16 13 23 205 0 0 0 0 0 0 0 0 0 0 0 3 6 0 0 0 0 0 19 0 59 26 0 9 0 0 1 2 0 0 0 5 15 0 0 0 0 1 2 0 0 2 0 0 1 2 0 0 3 20 0 23 2 0 0 0 0 0 10 6 1 0 0 0 1 3 0 0 30 2 1 0 0 18 4 0 2 0 12 0 0 6 11 3 10 2 0 2
7304 1835 17757 2684 481 7228 1091 10751 208 4095 99 17160 1 0 4 4 0 6 0 1 143 72 10 10 33 0 7 2 887 729 103 80 325 7 0 0 1 9 4 3 1516 27 27 0 9 3 4 45 84 13 100 97 485 1411 384 459 37 5 0 0 19 22 18 13 14 3 357 4 17 69 35 155 20 4 20 36 61 0 36 0 165 18 2549 1837 1905 209 27 50 151 85 77 487 222 82 61 78 181 786 59 15 27 19 296 240 83 647 12 14 69 84 81 760 0 0 0 0 3 0 0 0 1 0 1 9 13 0 2 0 0 0 49 0 190 104 1 30 0 0 5 7 0 2 0 15 39 1 2 0 0 0 1 2 4 9 0 1 6 3 1 4 6 57 0 73 9 0 0 2 2 0 23 19 1 2 4 1 13 9 4 3 101 14 7 0 1 48 6 3 11 1 35 8 4 11 75 22 28 9 0 3
3169 15247 2684 12463 8488 9470 209 63 9 25 19 2100 0 0 1 1 0 2 0 2 125 83 6 2 15 0 2 0 420 3539 1590 271 267 4 0 0 1 3 1 2 367 7 9 0 1 1 4 6 10 2 12 9 54 203 43 96 171 4 0 0 6 1 4 4 3 1 148 0 13 10 6 102 10 1 8 13 44 0 19 0 27 3 471 379 680 150 7 6 14 8 13 53 17 11 8 242 68 148 68 6 11 17 92 136 51 368 11 6 38 35 53 384 0 0 0 0 1 0 0 0 0 0 0 3 6 0 0 0 0 0 46 1 138 72 1 12 0 0 1 6 0 1 0 13 24 0 0 0 1 0 0 0 2 7 1 0 0 6 0 4 5 34 0 63 3 0 0 0 0 1 24 16 1 0 1 2 4 5 3 1 75 8 2 0 0 23 0 0 3 2 21 0 0 7 35 10 22 10 0 0
3720 3117 481 8488 11103 7507 702 104 14 33 46 2737 0 4 34 9 5 3 3 6 293 338 4 11 67 2 10 17 3044 5508 7331 944 825 8 2 2 6 19 39 5 845 7 16 1 1 5 8 29 18 7 28 35 220 985 167 190 3349 6 2 3 21 17 37 8 65 2 696 6 105 22 6 251 59 6 135 21 69 0 76 1 44 4 1097 1038 1548 588 38 17 43 22 26 116 63 14 17 3368 76 929 257 167 11 19 104 164 94 421 8 8 39 32 44 489 0 0 1 0 0 3 1 3 0 0 1 6 19 1 1 1 0 0 57 1 155 75 1 36 0 0 3 8 5 1 1 25 34 0 2 0 0 5 2 0 3 7 0 0 5 7 0 1 5 61 0 94 5 0 0 2 0 0 30 21 0 1 1 4 17 8 6 3 74 12 7 1 1 58 1 0 7 5 35 6 2 18 55 16 31 5 0 4
3130 4370 7228 9470 7507 16389 271 112 50 183 80 15661 0 2 10 4 1 3 0 3 351 369 10 4 56 1 4 0 732 2103 1058 3561 1496 7 1 0 0 15 6 3 773 9 16 0 2 2 2 18 16 5 28 16 91 375 67 185 243 8 1 1 9 11 11 12 25 1 343 2 38 10 9 306 35 12 24 9 87 0 58 0 32 2 891 752 1565 575 17 10 23 18 17 108 38 19 19 2112 273 298 254 21 28 36 293 352 124 959 23 19 93 91 125 1131 0 0 0 1 0 0 2 0 1 0 3 7 24 0 0 0 0 0 84 2 268 186 1 32 0 0 6 6 0 0 1 28 51 0 1 0 0 1 3 2 3 13 0 0 7 7 0 5 3 94 4 117 9 0 0 0 2 2 48 37 0 0 1 3 15 4 6 3 168 7 7 0 1 71 4 0 4 6 39 3 3 20 117 33 36 19 1 3
11465 113 1091 209 702 271 7820 12588 154 4807 1133 1526 0 1 1 2 1 1 0 0 18 23 6 2 11 2 1 1 1543 484 413 49 212 0 0 0 0 3 1 1 124 7 3 0 2 4 1 17 27 9 46 40 523 1328 392 49 57 0 0 0 4 13 10 2 4 1 31 1 14 25 18 195 7 4 8 15 78 0 15 0 54 2 786 304 122 33 3 13 48 30 37 201 73 27 16 220 560 3702 11 0 1 4 14 25 15 47 3 0 2 1 10 63 0 0 0 0 0 0 0 0 0 0 1 1 3 0 0 0 0 0 13 0 25 9 0 8 0 0 3 0 0 0 0 3 4 1 0 0 1 0 0 0 1 1 0 0 1 5 1 2 1 9 0 8 3 0 1 0 0 1 3 9 0 1 1 0 2 1 3 0 13 0 2 0 1 8 2 0 3 0 3 1 2 3 11 3 7 2 0 0
7612 54 10751 63 104 112 12588 31124 1527 11619 1745 3256 0 1 2 3 0 5 2 2 15 24 7 5 10 2 1 2 450 131 48 28 119 3 0 0 0 7 2 0 582 42 15 1 8 3 1 50 72 9 109 145 897 2106 779 187 11 1 0 0 8 26 19 3 5 5 82 2 19 83 32 64 7 6 4 35 25 1 9 0 196 13 2102 1203 374 27 14 48 124 49 56 605 222 88 54 52 121 3344 15 1 5 2 24 15 5 46 2 1 8 8 6 46 0 0 0 0 0 0 0 0 0 0 0 1 1 0 1 0 0 0 4 0 22 10 2 9 0 0 3 1 0 1 0 1 2 0 0 0 0 3 0 3 2 0 1 1 0 0 1 2 0 1 0 5 1 0 1 0 1 0 2 3 0 0 3 2 3 1 3 3 5 3 2 0 0 10 5 1 3 0 2 4 3 0 5 0 3 2 0 1
100 1 208 9 14 50 154 1527 1585 2751 554 805 6 0 0 0 0 0 0 0 15 28 4 2 4 0 0 0 18 6 9 31 203 2 1 0 0 0 0 0 32 1 5 3 105 5 2 0 2 113 8 26 125 17 78 4 3 0 0 0 0 0 2 0 1 40 4 1 0 0 0 375 14 190 2 1 866 29 70 33 71 68 31 27 31 13 1 22 13 97 61 8 0 1 0 17 2123 1513 11 0 0 0 6 2 3 10 0 0 1 1 3 12 0 1 0 0 0 0 0 0 0 0 0 5 5 0 0 0 0 0 0 0 5 11 0 16 0 0 1 0 0 0 0 3 9 0 0 0 0 2 0 0 1 0 1 1 1 0 4 3 0 1 0 4 2 0 0 1 1 0 4 1 0 0 0 0 3 0 3 2 7 5 2 0 0 10 0 1 2 0 2 1 0 1 2 0 4 3 0 1
113 26 4095 25 33 183 4807 11619 2751 16983 7463 25705 0 0 1 0 1 2 0 0 6 13 1 1 1 0 2 0 44 17 10 68 285 1 0 0 0 2 0 0 95 10 4 0 3 0 3 16 21 4 36 34 282 428 196 27 5 2 0 0 3 6 3 1 1 1 14 0 1 20 13 192 5 4 0 14 53 0 8 2 53 4 469 173 59 19 1 4 28 15 17 149 52 16 5 30 825 2429 6 0 24 9 225 93 30 443 9 8 53 80 59 444 0 0 0 0 0 0 0 0 0 0 0 2 3 0 0 0 0 0 15 1 51 46 0 1 0 0 0 0 0 0 0 7 3 0 1 0 0 0 1 3 4 4 0 2 0 1 0 5 0 16 0 18 2 0 0 0 0 1 9 6 0 0 1 1 1 4 1 1 38 0 5 0 1 12 6 1 6 0 13 4 2 3 75 12 5 3 0 1
40 17 99 19 46 80 1133 1745 554 7463 4259 6228 0 0 0 3 0 0 1 1 17 16 0 0 1 0 0 0 73 60 22 38 729 3 0 0 0 2 1 0 29 2 0 1 6 4 0 4 6 4 9 4 78 107 50 12 18 0 0 0 6 0 1 0 3 1 7 0 0 6 1 995 1 6 1 2 82 1 73 0 12 0 125 76 36 8 0 1 9 8 13 48 13 8 2 34 770 875 10 0 5 14 104 96 47 363 10 2 37 51 66 377 0 0 1 0 0 0 0 0 0 0 0 5 14 0 0 0 0 0 29 1 89 63 1 9 0 0 0 1 0 0 1 5 15 0 0 1 0 0 1 0 0 1 0 1 2 2 0 2 2 27 0 23 0 0 0 0 0 0 13 13 0 0 0 0 1 1 0 0 59 2 3 0 0 9 3 0 6 1 10 3 0 5 52 9 8 3 0 2
1069 640 17160 2100 2737 15661 1526 3256 805 25705 6228 30284 2 1 7 4 0 2 1 2 411 467 13 7 68 2 4 4 494 632 369 1238 2485 5 0 0 2 17 5 3 706 11 17 0 1 1 3 12 22 1 33 32 196 463 132 126 115 16 0 0 12 8 18 10 20 3 306 2 25 20 12 544 30 21 43 13 134 0 72 1 31 2 820 688 1350 580 16 12 35 15 23 132 53 23 20 755 1800 1757 316 5 92 106 2021 1019 378 3083 67 48 273 347 445 3318 2 1 0 3 1 1 1 0 0 1 2 29 52 0 2 0 0 0 265 5 884 555 2 36 0 0 1 9 0 4 0 71 119 0 2 0 1 3 0 2 7 25 0 2 15 18 0 9 23 183 6 317 15 0 0 0 0 3 126 97 3 0 1 2 40 9 4 2 459 18 16 2 3 133 6 5 15 11 117 8 4 68 489 82 99 32 1 6
0 0 1 0 0 0 0 0 6 0 0 2 4623 3 6 148 58 5360 6197 279 0 4 10 92 1 1 87 206 3 1 0 1 6 8 1 0 118 660 181 2 53 17 80 4629 6006 2756 4 1 4 32 1 0 0 1 0 0 2 1 6 2 857 1 10 98 63 2550 1 4 27 1 3 71 221 1825 5 21 264 94 603 4 5 5 1 1 3 1 1 2 8 55 586 7 0 2 10 4 26 1 0 1 1 2 0 0 1 0 0 0 0 0 0 0 14 300 1230 11 8 203 5 788 43 545 19 0 2 4 0 96 1 178 7 1 5 5 4 36 3 1 67 84 959 7 831 12 16 149 579 163 86 2332 10 4 4 0 0 4 0 0 0 0 0 2 0 1 9 4 350 266 21 374 3 16 22 21 2 375 3 2 206 12 5 8 62 7 8 1 5 0 5 1 0 6 5 14 1 0 1 4 4 0
1 1 0 0 4 2 1 1 0 0 0 1 3 7070 8724 156 182 30 29 65 13 38 97 142 4 42 1344 749 34 26 19 9 17 181 6718 6447 439 101 63 724 197 14 81 4 1 6 181 1 23 1 2 0 1 14 3 2 20 159 2085 2533 19 4 19 184 144 1 14 236 21 1 1 2 3 21 514 9 0 1 0 0 0 0 5 10 9 5 48 0 1 1 14 15 2 2 20 83 0 2 7 38 0 0 0 0 1 0 0 0 0 0 0 0 63 22 11 71 12 165 38 35 70 415 173 16 22 22 19 4 2 16 1 0 7 3 2 25 24 3 57 110 7 42 14 1 13 9 1 0 39 23 10 3 1 0 3 1 1 0 0 0 0 2 0 0 2 6 9 16 5 0 6 6 1 3 6 48 2 1 11 1 9 13 18 0 3 4 0 0 0 1 1 1 3 1 0 1 7 4 1 5
15 2 4 1 34 10 1 2 0 1 0 7 6 8724 27079 8913 1022 819 86 1474 67 126 816 515 12 126 955 1196 137 87 87 98 132 583 2541 969 1687 353 339 358 2239 145 253 5 5 16 58 13 147 1 5 1 3 37 11 11 52 1472 471 2390 68 14 33 133 312 0 44 462 114 9 0 23 58 39 3598 23 1 0 11 0 6 2 36 34 37 24 178 5 7 6 35 163 18 34 74 379 1 12 28 107 1 1 0 1 2 1 0 0 0 0 3 1 181 37 46 195 53 380 106 111 270 860 469 50 56 44 55 16 12 53 4 1 6 18 6 118 85 8 155 285 31 130 43 2 52 22 11 8 112 81 32 14 3 1 0 0 1 0 0 0 0 10 0 1 7 10 20 45 16 1 18 13 13 13 12 112 4 3 14 4 16 40 33 9 5 23 1 0 1 7 4 3 10 12 1 0 18 22 2 20
10 1 4 1 9 4 2 3 0 0 3 4 148 156 8913 21720 150 3609 1585 1510 23 67 465 692 12 74 1340 1318 53 25 41 40 70 253 268 52 553 394 3112 143 1877 269 374 12 8 45 35 40 150 7 5 3 3 10 12 13 16 440 258 835 313 22 49 96 111 17 45 193 777 23 10 23 55 41 1138 148 5 0 22 0 7 2 17 15 18 10 52 7 36 15 75 265 47 76 160 135 1 5 14 47 1 2 0 0 1 1 0 1 0 0 0 0 124 243 486 78 23 316 37 465 87 997 99 15 17 23 8 32 12 161 3 1 5 7 6 40 22 3 78 121 489 31 258 5 19 27 49 91 138 593 9 4 3 0 1 5 1 0 0 3 0 1 0 1 6 5 47 87 16 20 2 8 12 6 3 68 0 2 42 6 6 10 28 1 6 3 0 1 3 1 0 3 7 12 0 0 3 6 2 5
0 0 0 0 5 1 1 0 0 1 0 0 58 182 1022 150 1721 123 194 1545 36 100 319 51 9 73 30 13 11 7 6 39 45 125 32 172 2385 563 53 131 591 9 22 12 21 29 57 1 10 3 0 0 1 1 1 0 3 332 49 534 178 0 2 10 8 3 6 49 10 1 0 13 37 45 568 14 2 2 13 1 2 1 5 4 9 10 26 0 1 2 27 5 6 1 4 62 0 1 10 7 0 1 3 0 2 0 0 1 0 0 0 0 130 24 13 119 53 70 109 11 190 156 301 45 84 32 36 13 10 20 7 3 11 22 14 106 44 4 185 315 13 103 25 2 54 28 10 4 93 27 55 10 0 2 1 2 1 2 0 0 1 14 0 0 4 10 22 39 6 1 27 30 9 18 6 86 4 3 6 6 23 69 31 9 6 30 0 0 1 6 10 4 7 18 1 1 28 20 4 19
7 0 6 2 3 3 1 5 0 2 0 2 5360 30 819 3609 123 10348 2987 1021 5 32 281 1328 16 53 2022 450 9 6 6 15 18 73 238 6 509 914 3361 81 1745 386 705 460 86 3798 33 46 111 11 7 0 4 8 22 7 11 121 31 130 4487 45 120 421 79 69 32 59 939 23 14 19 81 220 215 812 4 1 18 0 12 5 16 12 7 11 21 12 39 34 331 331 59 120 253 34 0 2 13 10 0 1 1 0 13 0 0 0 0 0 3 1 167 1346 2832 74 13 1021 18 1729 141 3172 90 8 7 22 9 155 15 719 13 9 23 15 11 111 36 7 213 215 1995 23 1227 14 43 120 262 726 369 2339 11 10 6 2 3 2 0 0 0 0 0 3 1 3 40 22 95 407 22 78 1 10 53 35 17 242 2 3 114 25 10 26 101 10 15 7 0 4 4 0 0 8 19 34 0 1 2 4 2 6
2 0 0 0 3 0 0 2 0 0 1 1 6197 29 86 1585 194 2987 28840 5318 39 128 292 360 23 291 488 60 3 0 1 5 20 23 133 5 172 3083 104 359 527 44 233 8342 1745 2150 90 18 54 69 1 5 0 5 2 0 4 43 31 11 1126 13 28 65 16 221 16 34 34 8 7 36 192 5053 87 61 11 109 44 7 29 10 6 7 14 8 4 11 30 154 934 58 9 25 77 32 1 2 9 1 2 2 1 2 11 1 0 1 0 0 12 4 1094 760 1833 904 118 2915 333 2104 1335 9300 1675 106 127 199 175 113 94 526 22 6 20 71 20 262 357 53 912 985 872 465 328 19 213 140 138 503 1180 1679 132 42 24 7 10 9 2 10 1 5 1 22 0 1 23 31 87 286 56 63 41 43 30 47 58 365 9 20 136 25 73 195 473 21 31 66 6 1 11 16 9 25 59 25 1 1 40 46 11 38
5 0 1 2 6 3 0 2 0 0 1 2 279 65 1474 1510 1545 1021 5318 3242 62 163 539 316 17 303 220 14 10 8 6 76 107 122 48 43 311 850 59 327 1076 48 154 537 247 109 61 10 37 18 1 2 1 4 5 7 13 413 36 228 746 8 20 30 11 30 14 82 24 7 6 61 136 275 700 13 8 7 63 1 9 3 7 11 28 22 23 4 7 37 150 47 6 11 31 157 0 3 18 8 0 1 2 2 4 2 0 0 0 0 5 0 581 120 74 423 79 325 238 102 548 1120 612 72 97 103 88 42 56 121 13 2 24 31 12 87 176 24 334 437 39 321 73 8 106 73 50 13 334 126 70 21 10 2 3 0 1 3 0 1 1 15 1 1 11 17 29 144 36 4 28 20 19 16 18 163 6 7 37 12 33 80 68 7 20 61 4 0 2 18 2 8 37 18 0 0 27 18 7 25
124 84 143 125 293 351 18 15 15 6 17 411 0 13 67 23 36 5 39 62 7654 4957 2146 114 79 132 30 9 47 76 122 220 490 314 9 1 83 676 13 79 812 27 78 13 1 2 54 4 37 0 3 0 5 21 3 543 33 93 21 33 13 3 14 12 10 0 8 68 31 3 0 230 452 77 446 14 60 1 147 0 5 0 238 28 5346 523 46 3 7 5 18 47 16 8 37 675 50 26 316 13 1 1 6 9 9 6 2 1 2 3 8 18 12 3 2 26 27 11 13 3 35 19 64 27 63 5 11 1 0 1 19 1 15 69 21 188 3 2 82 120 3 19 4 11 35 4 3 0 10 6 23 2 0 5 1 0 1 1 0 0 5 6 0 9 23 3 4 2 0 0 13 19 3 20 1 9 4 1 3 1 44 62 31 5 3 41 0 1 2 8 12 2 0 9 7 1 30 17 2 21
108 27 72 83 338 369 23 24 28 13 16 467 4 38 126 67 100 32 128 163 4957 20448 5768 1466 5531 3458 457 20 136 128 134 618 1304 1154 45 7 320 2375 57 2452 748 240 1479 63 14 29 310 59 415 5 17 2 26 123 43 135 107 265 63 112 95 105 377 269 50 15 462 175 129 60 12 486 1410 237 1333 125 108 2 395 1 21 3 669 757 3453 2388 183 10 85 58 223 419 75 174 680 1250 106 59 3464 50 1 6 7 11 19 16 1 2 2 2 21 40 52 6 3 95 143 59 120 11 165 124 282 107 180 38 44 5 2 13 42 3 33 136 57 526 25 4 312 633 19 95 18 17 133 21 12 0 69 36 88 6 7 7 2 5 2 7 0 3 4 49 0 15 31 5 15 25 8 2 64 50 20 56 10 75 10 7 39 16 82 199 132 20 6 93 3 1 9 20 36 11 16 31 10 6 106 63 8 64
9 0 10 6 4 10 6 7 4 1 0 13 10 97 816 465 319 281 292 539 2146 5768 11491 10186 146 4909 752 48 8 3 1 39 106 437 38 5 779 1161 166 887 7290 1765 1322 44 4 33 130 29 429 6 6 1 1 18 16 14 4 30 39 39 125 28 61 70 11 7 63 50 80 24 2 44 260 49 86 68 9 2 59 1 12 0 38 64 246 119 10 7 28 19 95 282 26 80 321 42 10 4 171 2 0 1 0 1 2 2 0 0 0 0 3 1 33 9 6 39 15 53 26 11 70 92 103 18 32 16 8 4 3 7 4 0 2 23 9 70 10 1 63 108 8 26 10 1 19 5 4 2 24 18 22 3 1 0 0 3 1 3 0 0 0 7 0 1 9 3 11 17 1 4 16 8 6 12 2 40 3 1 16 4 10 35 20 7 4 14 1 2 1 6 7 3 6 2 3 0 17 8 2 15
18 5 10 2 11 4 2 5 2 1 0 7 92 142 515 692 51 1328 360 316 114 1466 10186 16439 452 5228 6908 535 117 4 20 6 8 19 411 8 41 130 655 2138 3337 4725 3540 40 58 932 1002 22 342 1 3 4 19 141 37 20 46 8 387 18 2205 34 82 649 67 116 526 503 170 21 5 14 41 16 30 191 5 0 12 0 6 3 107 268 140 311 20 5 18 13 518 162 14 53 259 22 1 4 282 45 0 2 0 0 0 0 0 0 0 0 0 1 20 19 55 15 10 68 16 60 37 152 70 7 5 5 9 4 1 16 2 2 1 6 2 21 7 0 26 47 87 6 91 2 8 19 74 1 16 228 9 0 0 0 2 0 0 0 0 0 0 1 0 0 0 2 62 31 4 19 3 2 3 2 4 115 0 1 76 10 3 13 11 0 3 3 1 0 2 2 0 5 1 3 1 0 1 3 0 5
34 12 33 15 67 56 11 10 4 1 1 68 1 4 12 12 9 16 23 17 79 5531 146 452 10562 1110 271 18 305 24 85 53 115 149 58 0 39 410 8 4491 134 44 608 17 5 20 4694 34 68 1 5 5 42 371 29 25 370 20 47 19 47 43 229 272 57 2 2629 307 65 18 5 81 226 105 95 73 27 0 63 0 10 0 367 1089 721 3021 1734 5 31 20 98 36 17 39 262 131 15 11 7677 3726 0 2 1 1 4 2 0 1 0 0 5 6 9 1 1 23 66 13 48 6 53 25 99 74 79 14 25 2 1 1 18 2 12 66 37 393 3 0 222 298 8 40 3 8 60 4 2 1 24 14 54 4 5 1 1 3 2 1 0 1 2 13 0 6 19 4 5 9 2 0 40 37 20 35 6 31 4 3 10 4 47 112 61 19 1 38 0 0 4 12 20 3 3 11 3 3 51 39 3 44
1 1 0 0 2 1 2 2 0 0 0 2 1 42 126 74 73 53 291 303 132 3458 4909 5228 1110 6845 2236 16 19 1 2 1 3 28 152 1 64 281 33 3815 883 138 466 36 0 10 485 8 86 0 1 0 3 27 1 5 2 1 66 9 31 15 40 64 6 5 169 85 22 9 3 6 41 51 8 21 0 0 11 0 5 1 36 95 86 132 4 0 14 8 42 30 6 21 134 7 2 0 137 4 1 0 0 0 2 1 0 1 0 0 1 0 43 6 6 67 23 101 28 21 107 207 186 11 18 20 15 4 5 10 1 0 0 4 3 32 10 3 70 109 5 35 13 4 22 8 4 1 32 6 14 4 3 0 0 2 0 0 0 0 0 2 0 0 2 1 10 14 5 2 4 1 2 1 2 46 1 0 5 1 4 16 31 2 2 6 0 0 0 1 1 5 6 2 0 0 5 9 0 2
4 2 7 2 10 4 1 1 0 2 0 4 87 1344 955 1340 30 2022 488 220 30 457 752 6908 271 2236 19757 5697 405 40 67 3 6 39 5164 217 52 84 402 2447 522 117 1283 11 4 290 1366 12 53 1 3 2 25 205 21 8 153 16 1605 229 678 11 104 3794 234 41 741 1145 37 8 0 3 16 47 113 30 0 0 6 0 6 0 71 260 75 243 48 0 7 5 77 48 6 16 131 18 1 8 249 178 0 0 0 0 1 0 0 0 0 0 3 0 31 78 152 38 10 258 17 253 51 604 108 3 6 4 11 11 1 49 3 0 1 0 7 17 8 2 55 49 277 14 142 3 13 21 52 20 45 436 8 0 0 1 0 0 0 0 0 0 0 1 0 0 4 0 51 55 7 25 1 3 6 4 4 74 1 0 26 5 8 9 19 2 3 4 1 0 0 1 0 4 2 4 1 0 4 3 0 1
2 0 2 0 17 0 1 2 0 0 0 4 206 749 1196 1318 13 450 60 14 9 20 48 535 18 16 5697 9660 454 131 164 9 11 168 664 154 79 82 5896 46 228 46 268 40 39 951 121 40 17 0 1 2 16 127 10 9 186 112 1003 527 1315 16 129 3236 3145 188 350 832 777 10 3 10 33 19 717 88 0 0 9 0 3 0 53 83 26 56 107 0 5 4 169 45 7 17 36 103 1 10 59 242 0 1 0 1 6 2 0 0 0 0 0 2 25 290 619 21 5 202 3 509 20 446 33 3 6 9 6 66 2 119 11 4 5 3 5 29 5 0 37 44 979 13 768 9 13 102 265 55 42 1697 9 3 1 2 1 1 0 0 0 0 1 5 0 2 6 8 376 206 18 84 2 16 12 17 1 410 1 3 171 8 2 4 11 5 1 3 0 0 2 3 0 3 4 11 0 0 1 2 0 2
5802 479 887 420 3044 732 1543 450 18 44 73 494 3 34 137 53 11 9 3 10 47 136 8 117 305 19 405 454 28789 5805 4170 252 632 12 45 1 12 23 350 56 138 25 419 2 27 46 103 173 26 7 4 15 698 7296 241 25 2681 75 9 6 225 132 982 463 1545 19 6125 159 1120 41 8 480 90 14 2092 178 220 0 198 0 19 2 428 2337 179 118 782 8 34 18 204 85 32 43 225 1981 26 5295 160 1389 10 16 68 116 59 229 8 9 28 11 75 304 1 0 1 2 1 1 0 3 1 7 3 27 52 1 5 1 0 1 65 3 138 119 0 85 0 0 10 8 13 4 20 31 65 10 20 0 3 39 4 3 3 7 3 3 7 3 1 2 14 91 1 75 39 1 20 13 5 0 51 42 4 3 7 47 16 5 51 23 174 57 13 1 7 171 2 0 6 10 44 8 1 31 39 14 61 18 4 11
11809 3148 729 3539 5508 2103 484 131 6 17 60 632 1 26 87 25 7 6 0 8 76 128 3 4 24 1 40 131 5805 8593 9783 166 519 6 4 2 11 9 138 1 354 11 41 0 5 9 9 51 13 4 17 15 299 1254 175 79 6260 29 3 1 39 29 162 30 423 2 900 28 372 14 4 420 24 6 677 33 166 0 113 0 26 4 610 437 439 133 102 11 26 18 44 100 43 20 25 2159 35 932 101 920 4 15 73 127 74 258 5 2 25 15 49 321 0 0 0 0 0 2 0 1 3 0 2 11 25 2 1 0 0 1 55 2 124 96 0 38 0 0 7 1 3 1 5 18 36 3 4 0 1 16 4 0 1 14 2 2 7 10 1 6 7 71 0 72 17 0 4 4 6 0 44 26 1 0 1 10 12 7 11 5 116 19 5 0 4 78 2 1 7 7 30 2 5 13 35 9 38 14 0 7
3251 398 103 1590 7331 1058 413 48 9 10 22 369 0 19 87 41 6 6 1 6 122 134 1 20 85 2 67 164 4170 9783 9204 106 203 5 15 0 8 11 150 7 613 5 48 0 6 10 20 31 16 0 10 15 182 877 107 115 8130 48 0 1 49 13 79 72 467 2 2208 104 322 14 8 116 23 2 2347 31 44 0 23 0 20 3 619 742 779 441 466 3 17 12 23 90 38 18 27 2379 30 589 436 2940 4 6 48 58 37 179 3 4 8 15 17 205 0 1 1 1 1 2 1 0 1 2 1 13 10 2 0 0 1 0 25 1 63 29 4 15 0 0 6 8 3 2 3 12 22 3 5 0 0 14 0 1 1 5 1 0 0 2 0 3 5 39 0 38 2 0 2 3 1 0 17 6 1 1 0 13 8 1 8 0 33 6 4 0 1 24 0 0 3 1 12 1 2 6 15 6 16 9 2 3
122 28 80 271 944 3561 49 28 31 68 38 1238 1 9 98 40 39 15 5 76 220 618 39 6 53 1 3 9 252 166 106 6105 4881 1339 1 3 35 158 32 4 392 8 8 0 2 3 4 21 8 1 12 12 40 140 30 57 63 3534 35 77 22 17 16 7 44 1 90 262 174 7 2 294 189 5 2861 17 37 0 97 0 14 2 243 249 544 267 41 3 13 4 12 44 13 9 10 7831 89 108 198 10 10 15 79 86 49 235 2 2 26 23 33 296 0 0 2 0 2 2 0 2 2 0 1 12 17 2 0 0 0 0 32 1 98 77 4 36 0 0 5 2 4 4 1 19 37 1 1 0 0 3 2 0 2 8 0 1 6 6 0 1 5 47 0 62 5 0 5 0 0 0 20 16 1 4 0 4 10 2 1 1 60 15 5 1 1 49 0 0 3 4 17 4 2 11 34 4 35 4 1 4
220 109 325 267 825 1496 212 119 203 285 729 2485 6 17 132 70 45 18 20 107 490 1304 106 8 115 3 6 11 632 519 203 4881 6133 3310 7 4 53 1330 73 10 818 11 12 8 10 21 18 20 10 6 19 24 94 345 94 86 187 2157 69 134 108 14 27 12 43 4 136 665 180 9 5 1601 1167 41 3371 55 66 0 87 1 40 4 478 416 858 375 74 10 24 14 75 99 42 24 16 5826 617 509 351 26 19 29 153 224 139 601 16 15 40 62 108 720 3 1 7 9 6 2 6 9 4 3 9 52 92 2 7 0 0 1 112 3 308 209 15 232 0 0 64 40 13 10 12 45 122 1 2 2 5 18 14 2 4 21 1 0 8 17 0 10 18 136 1 184 43 0 3 4 0 1 82 59 9 8 3 6 20 14 7 1 224 66 33 7 2 158 3 0 10 7 65 2 11 48 99 23 99 33 1 26
6 1 7 4 8 7 0 3 2 1 3 5 8 181 583 253 125 73 23 122 314 1154 437 19 149 28 39 168 12 6 5 1339 3310 7979 107 74 878 1462 297 58 456 9 21 7 6 19 152 8 3 1 3 7 17 29 23 19 8 4003 1503 2308 99 2 12 19 117 1 42 4094 180 5 1 44 309 36 3451 30 15 5 37 0 11 1 98 91 223 114 255 3 6 2 46 32 9 2 6 307 2 4 141 67 6 7 6 14 10 8 1 5 1 0 12 11 4 4 4 15 72 4 26 10 29 7 47 82 160 8 21 2 1 2 54 2 23 250 105 847 1 0 305 352 5 55 6 31 107 2 2 0 26 17 147 2 2 6 1 1 5 5 0 4 12 58 1 11 86 5 8 8 2 0 83 59 70 149 1 14 9 4 5 2 102 371 58 71 1 117 2 1 7 31 48 3 6 32 6 3 119 52 7 121
3 0 0 0 2 1 0 0 1 0 0 0 1 6718 2541 268 32 238 133 48 9 45 38 411 58 152 5164 664 45 4 15 1 7 107 3946 2032 78 124 45 2116 51 16 249 9 2 13 1697 2 9 0 0 0 3 15 3 1 14 16 2343 588 27 5 57 295 89 2 65 430 24 2 0 1 13 24 48 6 2 0 3 0 0 0 6 19 14 22 12 0 2 0 11 3 1 6 38 2 0 1 19 35 0 0 0 0 2 0 0 0 0 0 1 1 35 18 15 35 24 168 28 62 80 412 144 12 20 10 6 3 3 13 2 1 3 2 2 21 11 2 47 82 11 18 10 0 15 7 7 4 35 30 16 3 1 2 0 1 0 0 0 0 1 1 0 1 1 4 7 6 3 0 4 5 1 3 3 26 0 0 3 4 2 10 13 3 3 2 0 0 0 3 3 1 2 3 0 0 5 8 0 8
0 0 0 0 2 0 0 0 0 0 0 0 0 6447 969 52 172 6 5 43 1 7 5 8 0 1 217 154 1 2 0 3 4 74 2032 1257 405 52 39 123 7 1 14 0 2 0 30 1 0 0 0 0 0 0 0 0 0 43 1461 2266 1 0 2 21 48 0 3 71 17 0 1 0 4 2 74 2 0 0 1 0 0 0 1 1 0 0 7 0 0 0 1 0 0 0 1 2 0 0 1 3 0 0 0 0 0 0 0 0 0 0 0 0 2 1 3 7 2 4 4 2 5 17 22 2 1 1 3 1 0 1 2 0 0 1 1 4 0 0 7 14 1 2 3 0 3 1 0 1 0 3 3 0 0 0 0 0 1 0 0 0 0 0 0 0 0 0 0 0 0 0 2 3 0 1 0 2 0 0 0 0 1 0 0 1 0 0 0 0 1 1 1 0 0 2 0 0 1 0 0 0
0 1 1 1 6 0 0 0 0 0 0 2 118 439 1687 553 2385 509 172 311 83 320 779 41 39 64 52 79 12 11 8 35 53 878 78 405 3642 2208 264 127 662 7 25 12 5 70 136 0 2 0 0 0 1 4 0 2 4 341 812 2934 882 0 3 20 36 1 10 319 64 0 0 4 24 36 591 32 1 2 5 0 0 0 2 9 40 20 27 0 0 1 35 5 2 3 4 64 2 3 37 10 1 5 2 6 10 2 2 1 0 0 4 4 38 6 7 68 95 46 94 9 114 76 191 77 153 24 31 0 6 4 28 6 14 70 55 270 20 1 251 481 9 84 14 18 80 17 2 2 48 19 157 7 1 3 3 0 1 4 0 1 2 42 0 4 12 5 12 11 5 0 67 84 36 94 3 34 11 0 2 0 54 149 42 49 0 56 1 0 2 33 20 1 3 16 1 1 88 43 9 55
9 7 9 3 19 15 3 7 0 2 2 17 660 101 353 394 563 914 3083 850 676 2375 1161 130 410 281 84 82 23 9 11 158 1330 1462 124 52 2208 10707 434 584 1151 23 90 1077 341 1196 877 7 7 42 6 10 13 23 10 24 9 585 616 423 3044 8 20 86 59 72 58 1765 99 6 1 211 2568 1053 922 199 106 221 394 10 15 15 112 125 408 201 194 9 9 43 1061 42 10 6 25 215 11 4 305 30 9 21 19 14 49 26 1 21 3 0 38 28 198 39 52 248 283 211 237 61 406 417 663 267 599 89 105 19 9 55 194 32 88 814 254 2074 59 5 1289 1597 49 343 77 63 348 48 36 14 246 176 613 21 7 19 3 5 11 32 2 16 16 221 2 30 224 21 33 62 18 8 353 294 219 587 15 148 46 23 48 8 352 1441 384 224 11 415 6 0 16 128 143 9 31 111 17 10 420 218 41 394
7 2 4 1 39 6 1 2 0 0 1 5 181 63 339 3112 53 3361 104 59 13 57 166 655 8 33 402 5896 350 138 150 32 73 297 45 39 264 434 18836 34 1321 279 502 52 42 429 27 53 37 0 3 0 11 85 23 10 158 500 332 753 7123 48 73 446 2893 115 169 559 10414 18 11 31 103 16 1794 2201 2 0 32 0 9 1 61 43 45 31 185 5 10 3 338 129 16 28 85 277 1 24 41 165 0 4 0 1 8 2 0 1 0 0 2 1 51 543 1326 39 17 189 29 602 61 206 91 13 12 28 8 195 7 300 30 7 5 7 7 60 18 3 73 119 1500 29 1844 15 21 206 614 90 61 2553 14 6 8 2 4 5 0 0 0 0 1 10 0 2 20 12 497 521 35 99 6 28 30 26 3 702 2 2 254 17 5 12 14 6 6 10 1 1 4 2 2 5 19 21 3 0 3 10 2 5
3 0 3 2 5 3 1 0 0 0 0 3 2 724 358 143 131 81 359 327 79 2452 887 2138 4491 3815 2447 46 56 1 7 4 10 58 2116 123 127 584 34 7582 350 61 487 68 0 4 2903 4 37 1 0 0 13 60 8 4 12 4 722 74 42 6 40 170 28 2 342 496 30 5 2 19 105 100 28 21 0 0 20 0 2 0 57 184 111 241 14 0 7 7 21 23 5 10 116 10 1 1 221 27 0 0 0 0 0 1 0 0 0 0 2 0 92 27 12 110 46 186 74 32 177 463 375 39 40 53 32 9 8 22 2 1 7 14 15 108 39 6 171 247 15 67 17 5 41 12 3 1 70 39 23 8 2 1 0 1 1 1 0 0 0 8 0 3 5 6 12 27 9 0 8 10 4 14 8 93 3 0 8 2 20 46 57 9 4 6 0 0 1 7 2 2 6 4 2 0 12 14 1 12
1908 556 1516 367 845 773 124 582 32 95 29 706 53 197 2239 1877 591 1745 527 1076 812 748 7290 3337 134 883 522 228 138 354 613 392 818 456 51 7 662 1151 1321 350 8594 4764 1264 98 166 477 141 591 1924 152 132 70 23 93 1253 1626 141 140 43 60 1937 328 296 133 164 116 104 185 670 252 127 407 721 130 650 1276 173 6 316 2 371 64 1168 104 394 116 144 247 1350 831 2214 1481 429 618 741 1003 107 104 118 60 4 14 24 38 27 87 7 8 5 3 31 67 15 21 58 38 24 29 31 36 50 81 76 64 119 15 12 7 0 15 48 5 74 236 36 432 11 3 148 143 57 38 71 29 105 36 62 2 28 127 46 24 35 9 7 41 10 15 5 19 6 75 0 48 78 2 45 77 36 17 72 60 19 51 65 165 35 22 280 65 189 204 72 17 57 233 41 10 52 15 55 76 45 33 25 6 91 35 2 42
43 10 27 7 7 9 7 42 1 10 2 11 17 14 145 269 9 386 44 48 27 240 1765 4725 44 138 117 46 25 11 5 8 11 9 16 1 7 23 279 61 4764 6853 4401 28 94 259 54 84 1993 24 10 3 4 24 71 47 10 7 14 0 1122 37 245 81 131 127 39 32 813 18 9 11 21 13 17 859 14 1 19 0 13 1 84 37 26 29 6 3 45 67 1580 755 30 47 137 14 8 10 41 3 0 1 0 1 3 0 0 0 0 0 2 0 1 6 9 3 0 5 2 6 5 7 9 1 4 1 1 2 0 1 3 1 1 4 0 11 0 0 3 4 9 3 22 4 3 23 54 0 3 96 0 3 9 0 3 5 1 0 0 1 0 2 0 1 4 1 38 51 9 7 1 1 4 4 31 165 1 2 260 87 3 2 1 1 27 6 2 3 9 0 0 6 9 2 0 1 0 0 1 0
44 9 27 9 16 16 3 15 5 4 0 17 80 81 253 374 22 705 233 154 78 1479 1322 3540 608 466 1283 268 419 41 48 8 12 21 249 14 25 90 502 487 1264 4401 8716 71 285 1181 774 292 1053 47 16 2 50 352 45 36 119 18 305 13 3941 251 1743 7588 833 414 1184 560 2592 83 37 24 67 27 95 2955 36 11 41 1 43 2 196 612 232 536 49 12 186 232 4841 450 80 254 6120 42 17 8 509 113 0 1 0 0 0 1 0 0 0 0 0 2 8 15 56 16 11 36 11 34 16 111 31 6 6 3 7 12 0 4 9 3 0 6 1 26 2 0 22 33 56 9 85 6 10 76 148 2 10 269 6 9 13 6 6 29 0 1 0 1 1 2 0 3 1 0 96 105 33 31 2 10 12 5 97 421 4 10 609 176 5 11 8 2 61 8 7 4 22 0 0 33 35 3 2 0 2 1 1 2
2 0 0 0 1 0 0 1 3 0 1 0 4629 4 5 12 12 460 8342 537 13 63 44 40 17 36 11 40 2 0 0 0 8 7 9 0 12 1077 52 68 98 28 71 7429 6841 2075 61 9 12 457 9 44 1 3 2 4 1 0 11 6 1288 6 24 51 30 1737 7 24 19 7 16 127 3751 3800 9 101 356 1417 2309 56 105 163 6 4 6 6 0 41 59 593 3524 12 4 4 28 2 14 1 4 3 0 1 1 5 3 6 0 0 1 0 6 4 163 64 287 173 59 425 115 338 308 1172 446 82 121 56 42 22 22 65 44 4 18 66 33 252 37 4 382 578 166 130 117 4 82 58 114 57 231 545 129 12 14 1 4 18 6 6 3 3 1 39 0 4 12 11 95 73 16 81 60 68 43 72 26 163 6 7 120 28 67 194 238 36 25 83 7 9 14 38 25 33 20 17 1 0 66 48 5 72
14 2 9 1 1 2 2 8 105 3 6 1 6006 1 5 8 21 86 1745 247 1 14 4 58 5 0 4 39 27 5 6 2 10 6 2 2 5 341 42 0 166 94 285 6841 13564 1509 5 76 66 3810 3 29 4 11 10 5 12 2 2 1 137 51 117 118 255 3676 31 8 181 35 35 462 791 842 19 82 2095 885 2839 79 374 307 20 10 5 5 2 194 251 2700 2921 80 8 18 154 4 545 65 7 3 3 5 4 4 3 7 0 0 2 1 2 7 4 7 82 2 4 14 0 39 12 42 10 5 4 4 4 17 2 8 29 7 7 8 4 17 2 0 31 26 64 9 174 12 3 242 557 3 27 1007 11 43 103 7 21 171 4 0 4 18 1 5 0 5 5 9 437 309 138 152 4 29 37 28 328 1207 18 48 2651 656 5 16 13 12 319 29 41 76 123 3 1 332 128 19 9 0 2 1 2 1
9 0 3 1 5 2 4 3 5 0 4 1 2756 6 16 45 29 3798 2150 109 2 29 33 932 20 10 290 951 46 9 10 3 21 19 13 0 70 1196 429 4 477 259 1181 2075 1509 1735 14 8 39 13 3 1 8 43 11 4 19 5 16 4 1909 8 66 1314 741 1242 65 23 163 7 2 72 481 111 32 225 94 13 219 0 6 1 26 29 17 18 6 5 15 13 2329 97 11 18 115 20 23 4 18 17 1 3 0 0 3 2 0 2 0 0 1 0 22 359 1289 16 8 129 6 393 41 311 28 3 4 10 3 148 4 199 44 6 8 8 13 39 8 2 53 60 890 17 1405 18 5 268 1273 168 68 2684 23 3 7 3 5 8 0 1 0 1 0 12 0 4 23 7 683 553 49 166 7 40 62 38 22 1057 0 1 797 100 7 14 25 11 33 8 4 3 7 5 4 13 12 26 2 2 1 6 0 2
5 2 4 4 8 2 1 1 2 3 0 3 4 181 58 35 57 33 90 61 54 310 130 1002 4694 485 1366 121 103 9 20 4 18 152 1697 30 136 877 27 2903 141 54 774 61 5 14 5752 15 45 3 3 2 21 92 9 8 77 2 419 58 48 14 176 518 152 5 392 495 39 12 2 24 246 106 17 34 11 2 29 0 4 0 56 156 88 273 145 1 6 6 40 14 7 17 186 5 5 3 316 93 0 3 1 2 1 1 0 0 0 0 4 1 41 12 5 87 103 68 122 6 160 79 255 53 115 31 37 3 6 11 8 0 13 40 35 292 16 3 238 490 18 78 7 6 81 4 3 0 55 29 56 4 2 4 4 1 1 2 0 1 0 14 0 2 14 2 13 11 8 2 32 32 7 17 3 66 6 1 3 1 34 96 72 8 2 14 0 0 0 6 10 2 6 3 4 0 38 33 3 26
70 12 45 6 29 18 17 50 0 16 4 12 1 1 13 40 1 46 18 10 4 59 29 22 34 8 12 40 173 51 31 21 20 8 2 1 0 7 53 4 591 84 292 9 76 8 15 12577 312 252 25 18 4 76 43 40 55 40 6 2 506 14083 6460 274 350 40 153 30 5215 2621 3257 17 15 11 230 10876 16 8 23 0 662 103 101 83 39 42 7 490 2527 427 3022 642 73 278 956 87 10 14 32 27 12 3 7 7 4 2 1 4 0 0 3 5 2 1 2 12 3 10 0 9 1 12 8 3 11 7 20 3 6 5 32 10 5 4 3 10 1 2 18 13 12 31 11 50 8 173 167 1 15 32 19 410 792 36 173 874 14 10 8 126 0 16 0 5 1 5 21 167 532 22 9 36 14 20 803 396 161 357 1205 276 10 37 17 10 581 55 463 109 1115 6 5 1283 720 3 4 0 5 8 6 4
133 19 84 10 18 16 27 72 2 21 6 22 4 23 147 150 10 111 54 37 37 415 429 342 68 86 53 17 26 13 16 8 10 3 9 0 2 7 37 37 1924 1993 1053 12 66 39 45 312 9298 57 37 5 3 28 67 62 9 1 7 0 181 245 155 24 23 59 76 26 192 270 63 12 14 9 16 621 19 5 21 0 82 12 152 53 36 65 7 81 662 423 1356 9434 951 3429 6286 22 7 13 67 7 0 0 0 0 0 0 0 0 0 0 0 1 0 0 2 2 0 3 1 2 1 4 5 4 6 1 0 0 0 2 2 0 0 9 5 16 0 0 2 1 2 2 3 4 4 7 16 0 1 13 2 8 20 3 3 29 1 0 3 3 0 1 0 0 3 0 5 17 22 4 3 1 2 1 53 54 5 11 152 36 3 5 4 0 33 7 7 6 26 0 1 45 32 1 0 0 5 1 0 2
25 2 13 2 7 5 9 9 113 4 4 1 32 1 1 7 3 11 69 18 0 5 6 1 1 0 1 0 7 4 0 1 6 1 0 0 0 42 0 1 152 24 47 457 3810 13 3 252 57 13356 98 1332 7 2 17 7 1 0 1 0 22 246 80 4 6 2697 7 2 83 83 57 172 145 1728 4 247 1322 657 937 2417 2630 7912 27 5 2 6 0 1722 844 8513 1305 126 12 30 135 2 542 59 3 0 7 2 3 5 4 6 1 2 0 0 2 6 0 3 1 1 2 5 1 3 4 6 1 7 8 7 6 1 0 2 5 1 3 1 2 7 2 0 8 7 5 7 3 30 9 132 268 1 12 17 10 152 364 23 53 706 67 14 39 120 0 6 0 3 1 2 10 130 247 39 7 16 5 8 359 244 73 181 1199 144 11 17 6 1 361 26 198 323 610 2 1 910 298 2 8 0 0 4 4 0
205 23 100 12 28 28 46 109 8 36 9 33 1 2 5 5 0 7 1 1 3 17 6 3 5 1 3 1 4 17 10 12 19 3 0 0 0 6 3 0 132 10 16 9 3 3 3 25 37 98 14995 12912 11 15 569 27 7 1 0 0 9 19 9 5 6 71 13 1 8 105 21 25 32 87 7 34 36 13 34 152 923 64 395 18 10 6 8 4 50 43 52 8222 6008 49 20 18 20 30 2 5 0 0 4 1 3 4 0 2 1 0 2 6 0 0 0 0 1 0 0 0 0 0 1 3 6 0 1 0 0 1 0 0 4 14 2 32 0 0 7 3 1 1 0 2 8 2 1 0 0 0 0 2 1 4 1 1 137 36 88 63 0 5 0 5 5 0 1 0 1 3 1 3 0 1 0 2 18 6 2 1 10 6 4 1 1 9 19 2 33 1 2 3 6 1 1 0 2 2 0 1
223 21 97 9 35 16 40 145 26 34 4 32 0 0 1 3 0 0 5 2 0 2 1 4 5 0 2 2 15 15 15 12 24 7 0 0 0 10 0 0 70 3 2 44 29 1 2 18 5 1332 12912 19036 10 21 559 11 5 4 0 0 7 43 11 1 3 642 6 1 4 191 93 44 44 723 13 8 250 68 118 11256 2752 1610 343 9 12 6 6 99 33 67 20 929 1614 22 32 25 144 48 1 3 11 3 9 7 7 4 0 1 1 0 1 8 0 0 1 2 0 2 0 0 0 1 0 5 9 1 0 0 0 0 7 0 6 15 6 31 0 0 10 2 2 1 0 7 10 3 14 1 2 2 2 37 25 28 1 41 5857 1230 3642 1929 9 10 0 2 7 0 0 1 2 38 11 4 1 1 8 4 1189 211 26 1 16 18 49 0 4 60 610 67 723 2 15 55 137 3 16 5 3 3 2 1
1173 97 485 54 220 91 523 897 125 282 78 196 0 1 3 3 1 4 0 1 5 26 1 19 42 3 25 16 698 299 182 40 94 17 3 0 1 13 11 13 23 4 50 1 4 8 21 4 3 7 11 10 5098 8063 6708 3 80 12 3 0 18 13 75 61 100 2 113 10 66 5 1 104 64 25 86 21 96 1 57 0 6 1 1280 307 37 27 87 5 5 10 31 26 14 6 23 168 127 5478 24 63 0 1 2 10 5 20 0 2 1 0 9 27 0 0 0 0 0 2 2 0 0 1 0 9 27 0 0 0 0 0 11 0 18 24 5 68 0 0 12 4 0 4 0 4 21 0 1 1 0 3 3 0 0 2 0 1 1 1 0 0 2 18 0 10 14 0 1 2 0 0 8 9 2 1 0 4 1 0 5 2 18 19 8 1 1 31 0 0 0 1 15 0 2 4 4 0 20 6 0 6
3649 363 1411 203 985 375 1328 2106 17 428 107 463 1 14 37 10 1 8 5 4 21 123 18 141 371 27 205 127 7296 1254 877 140 345 29 15 0 4 23 85 60 93 24 352 3 11 43 92 76 28 2 15 21 8063 9574 1016 25 438 36 11 3 117 79 535 343 538 13 1882 58 412 28 4 275 154 33 523 107 115 2 174 1 20 1 2169 5310 107 118 461 6 34 16 123 107 32 50 201 742 52 2493 162 399 8 11 34 61 41 100 0 6 6 5 32 142 1 1 1 2 3 4 2 3 2 3 5 31 45 1 7 1 0 1 41 1 56 110 11 187 0 0 37 19 2 16 10 31 60 5 7 0 2 21 5 1 5 8 3 5 4 7 1 3 3 59 0 41 37 0 5 6 1 3 45 26 7 11 4 18 6 0 31 4 109 60 21 5 6 120 1 0 3 5 31 2 5 14 16 9 48 24 2 18
953 67 384 43 167 67 392 779 78 196 50 132 0 3 11 12 1 22 2 5 3 43 16 37 29 1 21 10 241 175 107 30 94 23 3 0 0 10 23 8 1253 71 45 2 10 11 9 43 67 17 569 559 6708 1016 20729 159 31 12 3 4 50 43 48 20 41 11 40 7 39 50 32 87 73 19 64 51 54 0 60 8 177 12 7185 123 43 28 49 41 144 69 125 2099 377 65 81 131 67 1493 21 33 0 2 2 9 8 18 2 2 3 1 7 17 0 0 2 0 1 1 1 1 0 0 3 15 27 2 3 0 0 0 8 0 18 41 4 108 0 0 18 3 0 4 1 1 22 2 2 0 1 3 3 0 6 3 1 2 6 2 5 6 1 9 0 9 23 0 2 2 2 1 19 7 2 1 5 6 2 2 15 4 31 35 8 1 1 40 4 1 12 1 7 6 2 8 9 3 18 9 0 7
589 161 459 96 190 185 49 187 4 27 12 126 0 2 11 13 0 7 0 7 543 135 14 20 25 5 8 9 25 79 115 57 86 19 1 0 2 24 10 4 1626 47 36 4 5 4 8 40 62 7 27 11 3 25 159 2312 33 10 1 2 27 22 26 10 23 3 23 15 27 20 7 58 60 13 69 43 20 0 59 0 39 3 6291 43 996 112 25 32 106 58 75 334 45 53 67 154 17 20 52 7 1 0 3 4 5 14 0 0 0 1 9 21 0 1 0 1 1 2 0 3 0 1 3 10 25 0 3 0 0 0 9 0 5 36 6 67 0 0 13 8 0 4 0 5 18 3 2 0 0 2 7 1 6 2 0 3 0 0 0 1 1 13 0 12 18 0 1 2 0 0 6 5 4 2 4 5 1 1 7 4 31 25 8 5 0 27 3 0 4 0 11 6 4 6 5 1 16 2 2 6
405 41 37 171 3349 243 57 11 3 5 18 115 2 20 52 16 3 11 4 13 33 107 4 46 370 2 153 186 2681 6260 8130 63 187 8 14 0 4 9 158 12 141 10 119 1 12 19 77 55 9 1 7 5 80 438 31 33 4718 37 0 0 65 23 252 200 642 6 2552 106 426 12 3 137 19 5 1316 44 69 0 51 1 7 0 186 209 192 374 1168 1 6 2 63 29 13 12 42 2171 17 201 1324 3411 4 2 16 41 28 102 2 0 5 8 10 110 0 1 6 2 1 2 1 2 1 1 1 4 12 1 2 0 0 0 23 0 55 22 1 15 0 0 1 5 6 0 6 12 14 1 5 0 3 17 2 0 0 5 0 1 4 5 0 0 2 25 1 26 6 0 3 2 2 3 13 8 1 2 1 12 8 3 20 2 35 7 2 0 1 33 0 0 2 2 14 3 1 7 8 6 14 9 0 1
4 1 5 4 6 8 0 1 0 2 0 16 1 159 1472 440 332 121 43 413 93 265 30 8 20 1 16 112 75 29 48 3534 2157 4003 16 43 341 585 500 4 140 7 18 0 2 5 2 40 1 0 1 4 12 36 12 10 37 5395 545 3049 90 24 60 12 285 2 60 2834 853 17 6 130 421 2 4148 92 2 0 43 0 1 0 66 55 112 66 213 2 6 2 12 15 4 8 10 378 0 6 57 83 0 0 1 3 3 4 1 0 0 0 1 6 0 6 17 5 13 3 6 12 2 2 4 13 21 7 3 0 0 2 6 0 6 18 11 104 0 0 37 62 26 6 21 2 19 10 9 0 3 44 17 2 0 2 0 2 1 1 0 0 0 11 0 3 12 0 11 6 0 1 4 6 6 9 1 13 3 0 7 2 10 18 9 8 0 7 0 0 0 2 4 1 2 4 0 0 17 6 1 5
0 1 0 0 2 1 0 0 0 0 0 0 6 2085 471 258 49 31 31 36 21 63 39 387 47 66 1605 1003 9 3 0 35 69 1503 2343 1461 812 616 332 722 43 14 305 11 2 16 419 6 7 1 0 0 3 11 3 1 0 545 2483 2927 42 10 146 540 566 3 25 1154 163 5 0 10 34 25 172 36 0 0 5 0 1 0 9 16 15 31 11 0 0 3 24 3 3 6 82 11 0 1 19 6 1 2 2 1 3 1 0 1 0 0 5 4 34 7 3 79 137 45 107 17 144 59 258 63 100 34 23 7 4 11 17 4 18 39 29 246 13 3 196 467 17 64 12 3 74 9 5 3 49 23 80 1 3 0 0 1 0 2 0 0 3 25 1 2 7 7 10 10 4 0 30 50 9 42 1 50 2 1 8 3 38 68 27 15 2 17 0 0 5 14 14 2 12 15 1 1 46 38 5 30
0 0 0 0 3 1 0 0 0 0 0 0 2 2533 2390 835 534 130 11 228 33 112 39 18 19 9 229 527 6 1 1 77 134 2308 588 2266 2934 423 753 74 60 0 13 6 1 4 58 2 0 0 0 0 0 3 4 2 0 3049 2927 1362 26 1 9 37 194 0 12 3213 220 0 1 1 20 4 711 13 0 0 6 0 2 0 9 5 38 29 51 0 0 0 1 2 1 0 2 9 1 0 19 17 5 4 2 0 5 2 0 0 0 0 6 1 4 3 3 15 72 16 28 6 29 17 61 41 88 4 7 1 0 6 34 3 12 58 76 329 1 0 154 318 15 40 5 5 40 3 5 1 14 11 97 0 0 2 0 0 3 4 1 5 4 26 1 6 12 3 5 2 0 0 43 37 29 92 0 14 13 5 4 0 47 141 17 34 0 26 0 1 3 18 20 2 1 13 3 2 61 32 5 58
34 8 19 6 21 9 4 8 0 3 6 12 857 19 68 313 178 4487 1126 746 13 95 125 2205 47 31 678 1315 225 39 49 22 108 99 27 1 882 3044 7123 42 1937 1122 3941 1288 137 1909 48 506 181 22 9 7 18 117 50 27 65 90 42 26 4892 386 852 3250 1655 372 235 88 2733 215 176 211 691 41 354 3115 46 4 302 0 98 5 114 123 49 99 24 18 85 42 1688 363 50 82 709 148 8 8 77 41 1 6 0 1 9 1 0 2 1 0 2 0 25 398 1050 32 13 123 14 271 51 154 49 5 8 9 13 120 3 233 48 13 12 7 9 64 16 0 88 81 776 30 1406 22 16 370 1220 86 57 2156 23 16 26 3 7 34 0 0 5 2 0 8 0 8 29 11 501 639 78 74 6 40 58 63 61 1315 3 18 1078 210 7 28 23 10 101 31 13 11 21 3 1 40 39 34 9 2 8 7 3 5
53 9 22 1 17 11 13 26 0 6 0 8 1 4 14 22 0 45 13 8 3 105 28 34 43 15 11 16 132 29 13 17 14 2 5 0 0 8 48 6 328 37 251 6 51 8 14 14083 245 246 19 43 13 79 43 22 23 24 10 1 386 6319 7190 188 131 32 167 25 2027 8074 1176 8 16 5 135 3382 13 4 15 3 552 135 93 75 35 55 11 270 805 373 1153 417 307 1246 3772 56 3 9 48 12 5 0 3 4 1 1 1 4 0 0 1 1 2 0 0 2 0 9 2 6 1 5 4 5 4 4 12 1 1 2 9 2 1 7 2 5 2 0 8 5 14 12 2 25 8 81 42 2 6 22 7 390 557 29 106 328 14 15 17 114 0 5 0 4 4 3 8 73 256 14 3 18 5 9 297 135 145 318 552 111 10 13 5 7 238 20 368 74 817 2 2 692 458 3 3 0 3 6 3 4
26 12 18 4 37 11 10 19 2 3 1 18 10 19 33 49 2 120 28 20 14 377 61 82 229 40 104 129 982 162 79 16 27 12 57 2 3 20 73 40 296 245 1743 24 117 66 176 6460 155 80 9 11 75 535 48 26 252 60 146 9 852 7190 23553 7346 4174 84 1201 272 8263 363 69 17 17 10 368 2711 15 5 31 0 63 3 235 548 179 378 48 26 581 346 2573 190 64 229 4665 159 5 43 295 126 2 1 1 0 0 0 0 0 0 0 0 0 2 5 9 5 1 15 2 14 5 24 5 3 5 4 4 1 0 2 5 2 2 3 0 9 3 0 12 9 8 3 9 8 2 70 103 0 7 60 6 27 66 5 14 105 0 1 0 3 0 4 0 0 2 1 21 128 107 19 4 4 6 6 271 368 6 24 730 241 4 9 7 2 212 8 21 16 43 1 0 223 108 7 4 0 1 2 1 1
13 3 13 4 8 12 2 3 0 1 0 10 98 184 133 96 10 421 65 30 12 269 70 649 272 64 3794 3236 463 30 72 7 12 19 295 21 20 86 446 170 133 81 7588 51 118 1314 518 274 24 4 5 1 61 343 20 10 200 12 540 37 3250 188 7346 7740 6685 188 970 694 1776 35 7 8 44 9 73 887 5 0 26 0 13 1 137 408 104 364 46 4 37 21 1368 36 11 17 561 32 3 6 383 196 0 1 0 0 2 0 1 0 0 0 0 0 4 29 105 8 5 25 4 59 11 70 28 3 4 3 2 14 0 12 7 1 1 5 2 12 7 1 15 24 116 9 148 1 4 42 133 1 11 453 8 1 6 0 3 4 0 0 1 0 0 6 0 0 2 2 157 77 11 29 0 10 11 8 8 216 1 1 203 33 1 2 7 4 9 4 3 0 3 0 0 10 3 8 0 0 1 1 0 4
21 5 14 3 65 25 4 5 1 1 3 20 63 144 312 111 8 79 16 11 10 50 11 67 57 6 234 3145 1545 423 467 44 43 117 89 48 36 59 2893 28 164 131 833 30 255 741 152 350 23 6 6 3 100 538 41 23 642 285 566 194 1655 131 4174 6685 9857 197 1188 1005 8983 32 8 22 32 5 1847 625 6 0 11 0 17 1 187 367 148 219 199 2 26 13 804 35 13 17 247 453 1 65 284 591 0 1 1 1 4 1 0 1 0 1 2 1 8 20 132 9 6 17 6 67 9 25 18 0 5 4 2 17 1 15 30 4 3 3 4 17 5 1 23 18 153 7 270 3 6 106 292 3 13 801 15 5 8 3 4 4 0 2 0 2 0 12 0 5 5 1 384 177 29 30 3 12 17 15 24 624 6 3 634 103 5 9 5 6 34 8 2 1 6 1 0 7 11 19 0 1 1 2 0 2
3 1 3 1 2 1 1 5 40 1 1 3 2550 1 0 17 3 69 221 30 0 15 7 116 2 5 41 188 19 2 2 1 4 1 2 0 1 72 115 2 116 127 414 1737 3676 1242 5 40 59 2697 71 642 2 13 11 3 6 2 3 0 372 32 84 188 197 1668 18 8 136 15 34 87 175 1551 10 92 657 916 796 584 547 1099 10 7 9 5 3 192 122 1022 2906 53 7 12 120 5 238 27 7 1 0 0 0 1 1 3 0 2 0 1 1 4 2 20 139 1 0 19 3 18 3 45 6 0 0 1 2 20 1 20 5 1 2 2 0 5 3 0 12 12 41 4 122 5 3 59 261 12 2 323 6 5 19 1 6 19 23 4 19 37 0 3 0 1 0 2 50 75 26 58 1 9 5 4 48 147 15 15 435 74 1 7 11 1 29 5 19 10 31 1 2 58 24 0 1 1 1 0 0 0
439 203 357 148 696 343 31 82 4 14 7 306 1 14 44 45 6 32 16 14 8 462 63 526 2629 169 741 350 6125 900 2208 90 136 42 65 3 10 58 169 342 104 39 1184 7 31 65 392 153 76 7 13 6 113 1882 40 23 2552 60 25 12 235 167 1201 970 1188 18 6271 314 660 49 4 68 112 34 1870 237 31 0 81 0 19 1 510 5299 435 2057 2558 4 73 34 320 86 27 101 554 943 20 30 2257 2832 0 0 3 10 13 12 0 2 0 0 5 18 2 4 4 8 12 7 7 6 12 20 14 19 29 3 9 1 2 0 11 1 14 49 14 126 1 0 38 47 5 10 15 9 33 7 24 0 5 42 16 1 1 5 0 5 0 2 0 2 2 20 0 10 16 0 17 18 5 0 16 11 3 9 8 31 5 3 65 9 36 41 8 5 11 35 2 1 2 7 12 8 6 9 2 0 28 17 0 10
7 4 4 0 6 2 1 2 1 0 0 2 4 236 462 193 49 59 34 82 68 175 50 503 307 85 1145 832 159 28 104 262 665 4094 430 71 319 1765 559 496 185 32 560 24 8 23 495 30 26 2 1 1 10 58 7 15 106 2834 1154 3213 88 25 272 694 1005 8 314 2281 409 9 4 40 323 83 4607 58 10 1 51 0 8 1 59 108 133 177 2445 0 12 2 65 23 9 12 122 80 6 5 179 801 2 4 5 4 5 6 0 0 0 0 11 8 27 13 14 109 263 45 192 14 176 40 301 174 255 44 58 5 2 4 34 4 21 115 125 827 10 1 541 1118 17 122 19 8 172 11 7 1 77 50 170 1 1 7 0 0 2 2 1 3 4 57 0 8 34 7 22 11 4 3 84 82 49 121 1 61 9 3 13 0 83 206 76 41 1 44 0 0 2 30 35 3 3 26 2 2 170 112 9 87
56 3 17 13 105 38 14 19 0 1 0 25 27 21 114 777 10 939 34 24 31 129 80 170 65 22 37 777 1120 372 322 174 180 180 24 17 64 99 10414 30 670 813 2592 19 181 163 39 5215 192 83 8 4 66 412 39 27 426 853 163 220 2733 2027 8263 1776 8983 136 660 409 9583 592 640 58 126 12 3833 19226 13 0 43 0 270 8 190 333 164 171 211 46 274 85 1663 218 31 86 1012 931 5 68 148 334 0 3 0 3 6 4 0 3 0 0 0 0 36 19 52 41 14 33 21 41 46 91 87 4 13 13 13 21 3 23 24 7 11 11 8 24 10 5 65 68 69 31 158 21 18 274 419 2 37 625 19 31 57 5 10 85 1 1 1 5 0 8 0 4 14 7 271 403 120 46 3 21 35 29 288 1430 12 29 1976 625 10 25 9 3 272 28 15 13 36 2 1 160 114 25 5 1 6 6 3 4
115 20 69 10 22 10 25 83 0 20 6 20 1 1 9 23 1 23 8 7 3 60 24 21 18 9 8 10 41 14 14 7 9 5 2 0 0 6 18 5 252 18 83 7 35 7 12 2621 270 83 105 191 5 28 50 20 12 17 5 0 215 8074 363 35 32 15 49 9 592 4947 2926 10 16 9 53 1151 17 3 13 50 3502 565 98 27 14 17 6 870 706 348 635 885 1725 741 1962 31 1 21 15 3 7 2 5 5 3 4 0 1 2 0 0 2 1 0 0 0 0 1 2 5 1 2 5 5 5 9 6 0 1 0 4 0 4 9 2 15 2 0 5 5 2 12 3 30 9 27 24 0 1 5 9 294 262 26 53 95 159 84 237 546 0 2 0 1 2 1 7 13 65 9 7 12 2 2 88 41 503 517 169 38 5 16 11 2 52 25 519 35 1302 5 1 294 401 2 5 2 4 4 1 2
57 4 35 6 6 9 18 32 0 13 1 12 3 1 0 10 0 14 7 6 0 12 2 5 5 3 0 3 8 4 8 2 5 1 0 1 0 1 11 2 127 9 37 16 35 2 2 3257 63 57 21 93 1 4 32 7 3 6 0 1 176 1176 69 7 8 34 4 4 640 2926 2674 10 9 9 17 2366 18 3 9 41 2948 313 45 7 2 7 1 603 1290 388 1348 504 169 208 141 12 10 3 4 1 4 1 4 1 1 3 0 0 1 0 1 0 0 0 0 1 0 1 0 2 0 2 1 1 5 2 8 0 0 2 3 0 4 7 0 7 0 0 3 4 1 3 1 13 2 14 15 0 2 3 1 172 188 18 21 76 124 85 238 457 2 3 0 0 1 0 3 17 39 14 8 4 1 0 57 34 347 307 127 32 2 8 6 2 46 9 376 28 855 1 0 170 233 3 0 0 0 2 1 1
