15.7434783779891 31.3031756069674 28.0344909512788 39.6581130829772 35.9703713593944 48.3038626552009 27.2260322427729 23.2014869406107 53.7457342147827 69.295082472067 91.6853825569153 64.4437836075186 0 216.363586425781 162.288324483236 198.527714538574 0 191.342520577567 238.541793823242 131.944540405273 100.158329686811 127.951053690027 143.741625467936 172.027748955621 132.883996402516 176.405120849609 186.215343475342 137.096420288086 32.7996328684512 19.9646681355869 32.483622257323 65.1560889697466 84.2705169157548 179.418955485026 190.935404459635 0 0 163.038115607368 150.029444013323 164.836502075195 86.7624697695238 119.297548515852 166.915693283081 192.159561157227 176.959567478725 175.240178426107 151.655757141113 153.566458347866 132.612689599059 167.393763427734 127.580995773688 146.725789844188 100.293086901548 81.6259825746469 105.753268583124 93.0738004674733 39.1695974326428 136.660499572754 0 0 165.250242345473 165.60000178499 168.742198650654 175.184447068435 159.487618582589 170.54167175293 88.5480811916343 161.516754150391 160.207815170288 163.026247903575 160.807664570056 86.0269243576947 148.211939811707 164.608137130737 158.735216413225 169.625993041992 93.4105650583903 0 124.018279378007 151.945850372314 162.072223451402 162.714021046956 107.145334367806 88.5772990433077 98.4697364691935 97.9432183688449 146.934019528902 167.447343926681 168.240748027727 167.161505272275 173.272971993062 118.35050813662 148.478658346934 155.28438401558 165.53226852417 65.2027184541292 83.1023554801941 54.7297182483538 114.007266756854 115.966201782227 170.230198451451 144.053868611654 154.448596049163 155.299018490699 141.892473918636 151.114835651104 159.431345621745 126.448557535807 151.65657043457 111.283610950817 126.565108355354 147.61675667517 0 0 0 0 237.955047607422 0 0 0 170.682174682617 0 221.051742553711 172.633504231771 176.040979558771 212.871841430664 136.270141601562 0 0 0 154.431325829547 0 135.768716812134 157.430505405773 215.530197143555 199.587969872259 0 0 210.314874822443 216.029731750488 0 234.819152832031 0 188.313596089681 162.957947387695 0 183.340545654297 205.117919921875 0 187.820485432943 0 226.103282928467 208.592768351237 197.592341105143 0 191.567810058594 211.310009002686 228.426086425781 201.020660400391 224.597965240479 177.704460144043 180.514543232165 0 166.935852050781 159.059341430664 0 0 227.674580891927 0 186.112579345703 177.941182186729 161.225618489583 0 230.636245727539 230.559326171875 213.291889953613 216.947718302409 212.646926879883 216.280114067925 205.801254272461 128.879864254513 171.474697406475 148.779563903809 234.591506958008 212.088012695312 132.833151681083 183.86697605678 185.09049987793 215.332756736062 157.820877075195 191.677855491638 216.437242126465 213.879128350152 138.214115142822 102.55290222168 205.702919006348 175.349401620718 176.2463722229 0 178.594947814941
31.3031756069674 16.1289851209174 39.515874044252 23.5656601612534 27.4264134255441 42.2420593342465 69.149250334343 114.106237552784 71.3517074584961 53.1416228367732 92.9618615543141 60.3339165687561 0 226.146743774414 208.886894226074 213.666290283203 0 0 0 0 109.610091073172 132.614477934661 0 181.174984741211 153.590671539307 158.188323974609 180.145202636719 0 80.5268381791722 32.58049563274 38.3569059204217 105.034673145839 92.5417424473194 171.310852050781 0 0 205.622085571289 190.207281930106 159.712909698486 0 97.8129577225061 136.516912841797 177.140123155382 0 192.798347473145 0 175.286582946777 183.848843892415 164.005553396125 171.99543762207 146.458831455397 169.705839611235 125.880851745605 104.15587296499 128.994799371976 109.875000047388 81.410571121588 242.789108276367 223.499908447266 0 195.739084243774 183.856274074978 205.21780649821 189.945917765299 181.875869750977 195.574493408203 97.8322315685855 177.503635406494 199.723119099935 180.289779663086 202.550285339355 96.1200156413334 182.8772517613 220.744532267253 157.695707702637 188.97146824428 90.8700590867263 159.352203369141 112.320351918538 0 180.730218184622 169.331680297852 125.400389912254 107.033580702965 112.051805621482 103.46843697043 174.356634521484 194.924084981283 189.958228869316 186.641416422526 193.245999145508 141.390284354227 166.280226676695 170.763911160556 186.608839035034 127.669426070319 88.3883301661565 84.6779724479522 120.882507324219 87.3350967407227 169.013666788737 155.262135823568 166.683888753255 163.151649911063 152.983132256402 162.856223466661 190.091320800781 185.253059387207 160.323510169983 115.122126065768 145.087215257728 159.420988985387 0 0 0 0 0 0 0 0 0 0 0 205.375701904297 194.24112701416 0 0 0 0 0 155.835670872738 0 147.63618883036 158.705129183256 0 191.097251044379 0 0 204.701538085938 209.715469360352 0 0 0 184.644772338867 175.46803894043 0 0 0 0 231.506454467773 192.604309082031 0 0 201.642784118652 0 0 215.397888183594 210.591896057129 0 0 214.252517700195 188.292007446289 0 168.94184610118 188.635803222656 0 0 0 0 0 200.553379821777 165.605748494466 133.820861816406 0 0 0 239.143203735352 230.83544921875 0 0 143.629877217611 173.217071533203 121.32145690918 0 0 141.049740685357 194.391414642334 0 213.918556213379 0 205.986970265706 0 0 154.123138427734 120.716880104759 178.869791666667 180.88737487793 211.577987670898 0 183.392486572266
28.0344909512788 39.515874044252 13.054901231602 23.9085805292634 67.2932696392036 23.3321859795017 52.9191066783902 17.0087188742081 55.5807849443876 19.7626402218554 64.5395593354196 20.5940830350756 176.773330688477 0 194.41482925415 200.255020141602 0 211.93598429362 0 216.805328369141 106.437743927215 128.264748785231 170.411799621582 165.211492919922 148.660566618948 0 189.518942696708 172.518390655518 79.0129616747042 51.9588243853408 85.3627441184035 94.396209025383 85.9346873943622 185.675955636161 0 0 196.185684204102 194.366512722439 181.164897918701 159.692042032878 94.4800225964951 129.236347339771 177.048755787037 0 185.410373263889 187.628061930339 162.963954925537 164.847047593859 144.219977696737 182.719338050255 141.502710418701 159.725537644219 115.957568123414 98.5302069249684 122.079478243987 103.875748162696 84.822965982798 147.851898193359 0 0 189.392864026521 177.746174205433 186.559430440267 195.33949984037 198.303502764021 164.854476928711 95.981437170205 158.533760070801 192.761527566349 171.203582100246 170.552332850865 90.5448875673356 175.60475769043 216.633808135986 189.468639373779 176.662086486816 97.0841031934394 0 130.893597920736 0 174.16999317516 163.316841973199 120.459695890119 100.267143561 107.523152833473 103.240107924174 153.64471718117 182.048858947754 179.731977955395 178.458258415671 184.17332617029 133.279671075653 159.846066311673 169.708113135361 176.94687414951 134.42701955942 67.9580251577809 75.3889564290908 123.255949375993 145.908405558268 159.277941668475 150.918742932771 102.945820908289 159.22370707194 143.503365757954 154.955502446689 161.785987218221 137.21841267177 156.977929820185 120.081690470378 141.095122537495 153.575767717863 0 0 0 0 224.222732543945 0 0 0 238.343505859375 0 228.568176269531 182.655227661133 180.720700777494 0 234.663269042969 0 0 0 153.035185677665 0 141.618468435187 150.455207237831 127.667839050293 180.078071594238 0 0 215.241674804688 229.733363560268 0 215.494003295898 0 192.120815022786 166.054828741612 199.821441650391 180.390113830566 0 0 0 202.225830078125 215.225883483887 228.908718109131 197.763629489475 0 217.57975769043 225.290766398112 223.041763305664 237.237411499023 227.091938018799 203.698644002279 185.289295932703 0 167.594647760261 170.766343010796 0 0 243.365386962891 221.187301635742 0 192.242939161218 167.933131167763 134.165725708008 193.836608886719 216.611358642578 228.528442382812 226.963252140925 237.287970648872 203.245964050293 226.716237386068 135.610083853844 165.112510136196 136.994497026716 0 209.294784545898 139.096163590749 192.451680501302 186.693166097005 216.891625144265 191.873764038086 198.746647862026 223.571464538574 220.594333648682 141.563061107289 112.378747965495 186.483629053289 183.111668178013 169.920074462891 0 170.91726175944
39.6581130829772 23.5656601612534 23.9085805292634 10.907323780923 24.1925179883627 22.4512100780904 55.6081085661382 71.9383923364064 75.6792458428277 66.0197975158691 71.775383196379 34.6173746129445 0 0 84.5955963134766 196.184768676758 0 209.398780822754 0 194.740669250488 101.070536315918 111.820839020143 139.712449391683 194.896484375 132.971164449056 0 192.450187683105 0 72.4942003749666 34.1333387560277 31.3933488264024 44.4483350986044 71.9611047609022 160.802759170532 0 0 72.2191619873047 186.406834920247 102.723556518555 182.211204528809 92.898396879191 131.480566842215 195.153898451063 0 219.982666015625 148.933212280273 167.357446670532 163.426526387533 151.860442352295 190.674240112305 140.4972559611 158.874386257595 118.904209843388 99.3199946398805 120.890848559003 100.954805135727 50.8414531953154 130.347821235657 0 0 185.778678894043 192.041839599609 169.367137908936 170.75857925415 157.85292561849 214.606231689453 92.3971309661865 0 153.759473947378 171.841999816895 167.285720825195 76.9194417093314 133.060332489014 136.60041809082 167.99733543396 185.338113051194 83.0953457572243 0 93.5690913953279 0 177.588266443323 167.914189656576 119.900344702848 101.258318737503 105.282435159122 91.792556254069 161.144195556641 181.995745340983 182.751462663923 181.791646957397 183.719865065355 138.053843516224 156.481369916131 176.20205411044 178.663011550903 43.6711242139832 69.0598280850579 79.1538710723052 108.96080308802 95.2223243713379 163.430836070668 143.596379897174 153.414940295012 154.412988045636 136.649918948903 150.668322583903 166.569492686879 165.858904520671 153.372324491802 111.67740914481 134.78676835546 147.274684210618 0 0 0 0 164.550765991211 0 0 0 0 0 0 193.965225219727 176.414349873861 0 0 0 0 0 149.069289000138 143.251861572266 131.614534129267 139.714387575785 206.418792724609 179.235051472982 0 0 238.747528076172 220.233942667643 0 146.594665527344 0 185.363729623648 167.959939320882 0 0 0 227.470794677734 0 0 0 227.56428527832 182.98418535505 183.366897583008 0 0 207.714192708333 0 232.272602081299 197.148992919922 183.601359647863 0 160.161850459992 170.350850423177 0 0 0 0 151.549621582031 177.637098948161 162.41867351532 132.523880004883 0 219.33837890625 222.919921875 218.180751800537 232.220953369141 228.182093302409 236.814422607422 124.372423502604 132.622811317444 107.257446289062 0 0 121.380316029424 0 0 230.742482503255 160.533241271973 195.831938970657 0 0 129.722501482282 112.813905770438 182.982029724121 184.106643676758 171.392221069336 0 0
35.9703713593944 27.4264134255441 67.2932696392036 24.1925179883627 11.3895874345538 30.6792643962345 46.7949574027646 78.5518507223863 77.068092073713 95.7503169666637 56.8319889566173 48.9609764490765 0 86.3511409759521 81.1656951904297 81.3976092868381 86.5603866577148 114.69268544515 85.3132807413737 77.5267232259115 89.8950270434695 89.4504294987966 143.04740524292 171.000835071911 101.915059730188 116.715366363525 143.579978179932 102.103115306181 51.6181337141019 31.0030378685884 18.8135934151824 33.8731731630988 55.8014271291097 100.010944366455 105.823345184326 66.2774887084961 88.5689392089844 164.604158903423 95.7709336892152 141.062088012695 77.365563292193 121.239461626325 164.631726741791 176.384918212891 186.301345825195 141.071127319336 135.983713150024 153.769104266989 134.629759046766 172.531448364258 126.240440641131 152.417562212263 103.447339283336 80.6902376862347 107.11254594997 92.5543300026341 34.2020325657858 74.2813994089762 161.154365539551 149.154630025228 136.489817664737 156.574832243078 134.156230617214 143.515248298645 113.75322465163 170.056335449219 68.2657806352637 97.8525085449219 116.243841116769 174.528863386674 160.029637654622 66.6474419703997 93.089400210623 132.364939371745 65.7700409694954 139.203035990397 70.8438244142394 0 91.5890147058587 172.746170043945 162.79133051092 146.471126556396 106.089830167313 87.8580849009902 89.8923719711698 76.2886742896774 103.91337997035 172.192834293141 168.560899956282 169.231255271218 155.21517269428 119.665505573667 148.469746302045 158.093679155622 167.630634981043 20.798319326727 75.2821117702283 64.3039819904241 89.3463191911868 44.9172851768082 172.321144104004 137.945807206003 142.94907613901 146.102952026739 127.673386999901 143.480682155582 147.854648590088 138.653547286987 146.386029952612 105.838770627975 122.482396039096 138.11293028225 0 0 134.292907714844 0 0 205.177561442057 133.081344604492 160.672403971354 0 0 212.44401550293 154.638532002767 154.396108526933 186.812591552734 132.860137939453 230.987701416016 0 0 137.650710256476 141.845642089844 124.779831326392 135.729529418945 135.397033691406 172.698758443197 0 0 201.751556396484 201.233287811279 148.622817993164 231.076324462891 202.246978759766 172.898889160156 150.166307337144 0 172.472564697266 0 0 160.913430786133 244.426025390625 0 207.918741861979 184.69864327567 0 0 209.386328125 201.712199619838 0 247.941162109375 187.040576171875 175.333052338147 0 149.90439070032 156.07847442627 0 0 181.679267883301 0 0 171.890910339355 148.461479913621 0 241.409774780273 174.955688476562 181.429920196533 221.834518432617 218.35075378418 211.119875590007 200.378265380859 120.07611630414 146.932496388753 125.199292864118 232.086776733398 216.055236816406 115.563107983819 170.020935058594 0 221.641276768276 169.424993896484 185.977578735352 225.363545735677 210.041770935059 121.790849473741 96.5918741399592 155.556255340576 162.305662093624 147.531127929688 0 163.371921539307
48.3038626552009 42.2420593342465 23.3321859795017 22.4512100780904 30.6792643962345 12.9398024406884 62.2988012461645 84.7205497877938 65.8451787567139 41.9033846464313 59.4217367172241 21.5715432892159 0 87.3423805236816 122.488571929932 188.708675384521 82.9354705810547 216.608535766602 0 120.454447428385 97.1130720502631 94.8384504860979 116.263452529907 171.448768615723 116.617027691432 91.1872177124023 154.021112442017 0 73.0872591779532 46.9695449344782 45.0836077241231 17.7619385644982 41.650056698743 131.956734793527 181.853515625 0 0 147.724020894368 105.974446614583 158.716153462728 87.7800565919469 134.868599785699 180.073310375214 0 207.718246459961 201.20573425293 128.498931884766 163.338798946804 146.621472835541 192.042767333984 140.148629052298 164.097678184509 122.308694944277 100.552543802897 125.229339371866 102.329876379065 59.3972131627087 88.606146812439 230.035797119141 176.717086791992 181.976161532932 170.288031838157 189.382263183594 175.411219278971 144.614669189453 183.122314453125 90.241019068237 180.569671630859 127.854873456453 171.338119506836 179.606216430664 68.9394309473973 108.960491398403 156.175612449646 147.049177010854 176.278787400987 74.7849621389104 0 80.772216796875 0 175.305202484131 172.335884094238 120.335061857864 101.323333395288 102.523233865854 86.2077950320036 154.987821691176 189.40404510498 183.743660304857 179.169448852539 184.061432782341 138.158517201742 161.907465081466 174.097621716951 186.070940519634 20.8020409513829 63.2712708357926 81.1013815322978 96.298887478085 95.6666583106631 162.660678318569 148.694274054633 133.398392316018 149.552254199982 135.664687248968 147.559102843029 158.739852241848 150.907104492188 146.822281129899 108.670209696005 130.921023681641 144.698881795193 0 0 0 205.054382324219 0 0 180.230979919434 0 228.656997680664 0 211.252604166667 168.343108040946 169.007195790609 0 0 0 0 0 149.218077250889 140.51823425293 130.785678721186 140.347689884965 209.788009643555 157.631670713425 0 0 189.836764017741 218.83647664388 0 0 156.232955932617 181.374509538923 162.619680367264 0 147.360931396484 0 0 141.560592651367 197.160832722982 244.641265869141 231.349065144857 197.89909362793 0 0 230.125241960798 203.209714617048 0 232.573773193359 185.879765828451 174.393611339813 183.204093933105 163.222051767203 143.329880608453 0 0 0 221.477645874023 200.62336730957 178.33723227183 161.148915883657 0 0 178.389465332031 198.586013793945 224.129814656576 221.70299911499 213.394215901693 209.637624104818 123.491251673017 152.762153625488 122.036370413644 0 216.03010559082 119.518132062025 211.838417053223 0 234.898582458496 182.831965128581 194.458577473958 233.050008138021 223.557556152344 130.066416931152 98.2488834022457 172.530273668694 172.93779542711 156.848418787906 195.353149414062 174.213012695312
27.2260322427729 69.149250334343 52.9191066783902 55.6081085661382 46.7949574027646 62.2988012461645 11.256860648793 22.7142408554577 17.4975212796942 31.3858001896267 43.0654564324671 61.5329924167218 0 182.447036743164 163.44694519043 173.14086151123 112.751312255859 136.002792358398 0 0 109.785239749485 109.555577817171 151.122790018717 165.338508605957 128.498481056907 173.662734985352 152.870864868164 196.3134765625 24.242899078096 41.4595080584534 44.327377619524 62.9487772571797 72.6980466842651 0 0 0 0 142.675366719564 123.944427490234 162.139144897461 89.5916230909286 96.3776147024972 140.592053731283 0 142.34349822998 192.21520614624 163.445648193359 133.634589700138 109.300880997269 139.763934665256 104.810298422109 120.457311439514 77.4823695268503 59.5537019407893 82.6835278783526 84.6681544245506 54.5495028579444 0 0 0 148.928062438965 139.445208622859 150.73544921875 216.480293273926 149.796529769897 169.916061401367 96.7882903314406 100.80729675293 147.046758379255 138.343531799316 138.466904110379 55.5893995823004 125.390181405204 118.803363800049 115.677358627319 136.173024495443 58.930551577837 0 116.845546976725 0 142.910145936189 131.696895599365 86.2862410460416 75.8819924279263 97.4018242632756 106.846655412154 138.356203715007 157.797490046575 147.892268975576 147.737012481689 146.4660999195 96.3505734685642 126.242714659808 132.795648080331 137.947598934174 65.4292983661998 27.7856109329632 27.9504213466443 113.106063842773 0 170.252639770508 149.019092559814 157.169535500663 157.088129272461 148.005331420898 158.20695722864 171.976104736328 0 159.894645690918 175.267715454102 149.642785644531 148.883178832039 0 0 0 0 0 0 0 0 0 0 240.460327148438 194.872192382812 206.018178304036 0 0 0 0 0 147.772573617788 0 142.379721679687 145.75442759196 0 174.870538711548 0 0 175.180450439453 0 0 0 0 175.197387695312 174.905620574951 181.95849609375 0 0 181.977844238281 0 0 0 228.651763916016 199.161026000977 0 0 212.262985229492 199.34919128418 223.775405883789 210.797012329102 186.785095214844 186.384877522786 0 183.744331359863 136.458401997884 0 223.669952392578 0 0 158.841552734375 175.389948527018 168.356065538194 0 193.912094116211 192.909072875977 0 229.619132995605 242.900482177734 199.314325968424 0 131.839488689716 0 197.61222076416 0 171.114929199219 147.764348983765 180.337982177734 0 180.990575154622 0 190.506713867188 246.059265136719 172.566131591797 144.608896891276 105.970266168768 161.158055623372 170.979038783482 204.625061035156 0 0
23.2014869406107 114.106237552784 17.0087188742081 71.9383923364064 78.5518507223863 84.7205497877938 22.7142408554577 13.0228743820812 16.5028761612018 22.0565521718098 35.7940109395024 48.1964546122774 0 218.296859741211 170.797836303711 208.505767822266 0 182.293981933594 211.712844848633 173.192161560059 111.962181599935 152.844940503438 139.262945992606 166.867712402344 142.029684448242 157.589096069336 181.366226196289 175.395469665527 62.5076236597697 61.9954504056741 72.5935216347377 61.9443994249616 71.9096922994662 197.757573445638 0 0 0 181.075214930943 158.41731262207 0 86.9587351874388 116.768222445533 157.213907368978 222.984176635742 163.008800506592 186.088078816732 138.573089599609 157.660307312012 131.808056195577 159.831464979384 123.280864120623 143.454575111126 96.5651851938986 78.2459605217886 100.94697195697 90.3515617248209 108.837458523837 164.722137451172 0 0 178.779237747192 159.231195889986 180.803960699784 182.145314534505 177.555157470703 165.229159545898 89.2654697139089 182.302810668945 184.614520424291 157.287602987634 155.940727710724 75.5199171304703 149.001901899065 127.03470102946 159.446300506592 158.347365025112 97.4466804504395 218.429351806641 161.15481906467 0 161.092857983648 149.25109745906 102.813131388656 85.091002384227 97.6866438758564 117.113221910265 160.911636897496 165.643974622091 165.996775596373 164.492766711177 170.561498097011 110.906659553465 144.184255685892 152.428090702404 163.84135889124 97.638907799354 58.1499750121566 48.4512141737641 140.047429402669 74.1661987304688 140.436827087402 175.130447387695 94.9241886138916 162.64255472819 163.061508178711 152.164023026176 191.935607910156 94.9387359619141 149.720606803894 111.984951019287 131.461400349935 157.892251719599 0 0 0 0 0 0 0 0 0 0 0 177.377624511719 234.866790771484 0 131.55500793457 0 0 0 159.290718078613 0 153.472533832897 175.463687133789 224.97184753418 218.860034518772 0 0 195.001469930013 224.532363891602 0 241.750564575195 0 188.149307250977 176.722679138184 0 0 0 0 209.589146931966 0 199.167449951172 190.73518371582 0 194.907196044922 243.951354980469 0 0 201.477127075195 220.98120880127 0 189.817626953125 0 194.958563232422 186.656814575195 0 186.108169555664 0 190.427642822266 0 214.820976257324 192.476140340169 0 0 233.935801188151 209.295486450195 205.954366048177 187.4375 214.703104654948 198.265192667643 135.529547119141 199.221369425456 192.69017791748 0 0 169.78737411499 202.494818115234 189.43635559082 218.529149373372 0 203.932357788086 213.610523223877 201.891296386719 0 124.530430603027 0 199.309575398763 186.975677490234 0 160.332168579102
53.7457342147827 71.3517074584961 55.5807849443876 75.6792458428277 77.068092073713 65.8451787567139 17.4975212796942 16.5028761612018 6.13681114299064 20.8976882573519 42.1335907120137 61.875831409715 72.712085723877 0 0 0 0 0 0 0 86.5581807454427 107.065126827785 99.8187084197998 229.982025146484 93.8650932312012 0 0 0 91.771938112047 110.002792358398 67.1019838121202 57.2233355122228 58.8359962425796 151.626445770264 183.925094604492 0 0 0 0 0 97.8387734889984 110.01309967041 132.910562133789 106.119850158691 91.1180151076544 104.950602722168 80.5766487121582 0 132.469863891602 110.871331679083 143.110147476196 147.636061448317 50.3267847900391 99.2027951408835 68.7242964231051 112.144733428955 63.2982546488444 0 0 0 0 0 148.001884460449 0 187.356491088867 77.1160370826721 108.834226608276 180.412048339844 0 0 0 47.3006005859375 80.9608124324254 38.3593730826127 179.376365661621 176.091583251953 38.0260894546333 51.0801253483213 57.8408220018659 129.922771800648 150.12414271395 120.5671525843 121.763835537818 104.309125547056 110.923461175734 95.1764121422401 68.1157989501953 143.86488272927 138.676208496094 118.433151402424 115.344777216677 141.917314529419 0 137.818801879883 0 76.7862589219037 16.5805388475105 20.2057797472286 92.439807545055 0 0 0 139.135107676188 182.018447875977 138.684458414714 163.818984985352 0 0 145.515411376953 62.0779800415039 131.909032185872 157.510709762573 0 160.602645874023 0 0 0 0 0 0 0 0 0 114.308102416992 121.480690002441 0 0 0 0 0 0 0 162.138430786133 116.773436806419 0 102.480187892914 0 0 97.2503890991211 0 0 0 0 145.571177164714 136.260570949978 0 0 0 0 161.535171508789 0 0 171.843307495117 0 168.741287231445 160.24983215332 202.853454589844 0 173.340259552002 198.206344604492 0 144.367385864258 0 130.500303268433 103.26834487915 0 0 157.677276611328 148.318572998047 0 201.506446838379 144.920471191406 0 0 0 0 194.890029907227 0 167.808929443359 178.142456054688 110.320210048131 98.8382949829102 54.0936603546143 0 0 95.2758117675781 0 164.063323974609 228.845748901367 0 164.048797607422 187.349029541016 0 115.962097167969 66.6917533874512 0 136.984354019165 119.175656636556 0 119.803085327148
69.295082472067 53.1416228367732 19.7626402218554 66.0197975158691 95.7503169666637 41.9033846464313 31.3858001896267 22.0565521718098 20.8976882573519 10.2936729708163 15.9771192826807 21.0944556505711 0 0 197.820648193359 0 187.688949584961 189.764869689941 0 0 119.325838724772 122.410230783316 101.026397705078 131.85563659668 131.605010986328 0 175.205322265625 0 86.1507208564065 91.7867999357336 112.175071716309 46.3097874978009 45.2118329165275 152.793975830078 0 0 0 182.557174682617 0 0 96.6654952601383 112.490047454834 155.61795425415 0 147.363377888997 0 185.404612223307 150.522874832153 132.444862729027 146.606830596924 125.406520207723 147.772261226878 91.5441945934972 86.1834357341873 102.56561287082 96.8149586430302 149.975392150879 66.5832233428955 0 0 155.446278889974 165.993901570638 159.672922770182 234.045196533203 156.146682739258 180.708206176758 127.906109946115 0 166.149688720703 156.129782104492 156.766967773438 42.2603708207607 164.676066589355 90.236665725708 0 169.382671901158 53.2829018089007 0 112.437899589539 191.968635559082 160.207597840507 140.209457397461 105.783589621343 89.6997252447757 104.065960253699 111.062584324887 189.667343139648 171.504291534424 172.164693014962 167.483358764648 165.170148961684 117.571590705206 146.722297521738 155.057761192322 154.656916809082 100.056351025899 26.5719397342566 43.3167589960298 120.033602396647 0 123.018588383993 123.21381632487 80.7920360628764 133.83429168373 132.072264099121 129.830009150451 118.813663058811 114.894661426544 120.961885992086 83.5373991966248 115.999206672281 129.035574440484 0 0 0 0 0 0 0 0 0 0 0 169.043838500977 157.52680460612 0 0 0 0 0 154.062589518229 138.673736572266 123.197726530187 122.53869131337 0 194.423477172852 0 0 0 0 0 0 0 182.47777230399 145.100507100423 0 136.762451171875 0 0 0 232.391967773438 217.8876953125 228.130783081055 192.487747192383 0 185.186157226562 0 198.378570556641 0 223.240005493164 0 184.091883659363 0 155.933619181315 112.608047485352 0 0 0 0 117.060981750488 191.530452304416 173.017860412598 0 0 183.214706420898 203.11735534668 227.430953979492 223.717277526855 209.725234985352 198.00260925293 107.380157470703 0 69.1825462341309 0 217.972702026367 124.620766957601 181.016220092773 192.642227172852 212.845540364583 0 192.96674992488 225.8967628479 210.88028717041 128.201978047689 82.1989410400391 137.992631276449 187.114855957031 154.163914998372 0 159.424163818359
91.6853825569153 92.9618615543141 64.5395593354196 71.775383196379 56.8319889566173 59.4217367172241 43.0654564324671 35.7940109395024 42.1335907120137 15.9771192826807 7.90851397787525 18.2507381855331 0 0 0 144.427927652995 0 0 84.5970001220703 170.327453613281 89.8453817928539 96.8535852432251 0 0 193.978088378906 0 0 0 77.3810494305336 63.0269096374512 88.9945290305398 42.8048479933488 27.100835164388 112.306435902913 0 0 0 103.997352600098 165.689239501953 0 86.5160743450296 129.365825653076 0 55.9066123962402 97.1383934020996 101.494758605957 0 170.862873077393 150.783934275309 98.7822780609131 129.767540825738 145.655292510986 100.166107079922 93.206942478073 112.637704162598 99.5026982625325 72.0727424621582 0 0 0 102.143375396729 0 160.552612304688 0 139.930389404297 73.6470184326172 103.587881905692 0 0 173.039594014486 160.998779296875 15.6068836077973 189.705657958984 63.72469774882 45.9908866882324 100.073547363281 38.8330327766698 55.5647811889648 24.9966486708759 0 171.034395853678 0 113.978985900879 96.0872801730507 103.376801808675 91.4468507766724 0 181.863586425781 172.54797024197 145.61696434021 125.54251568134 128.310251235962 154.771545410156 158.404932022095 156.507987976074 64.1951595194199 34.3900429611082 57.1353458339146 105.992060852051 0 135.369267272949 127.521320887974 135.58104625115 131.370280345281 118.981380219155 129.708999738877 131.629668426514 162.444747924805 129.473928503088 94.2197035247204 117.55045596036 127.661195324966 0 0 120.748161315918 0 0 0 0 0 0 0 0 157.837532043457 134.062617710658 0 0 0 0 0 129.21166229248 113.966552734375 110.001335744108 122.671285720099 91.0157318115234 128.26512061225 0 0 0 116.671272277832 0 0 132.011184692383 146.002090454102 147.239004516602 0 0 168.719940185547 0 0 180.216400146484 0 0 166.218460083008 0 150.869827270508 215.836891174316 182.949363708496 0 237.557922363281 197.579711914062 163.985757898401 0 152.984672214674 0 0 0 0 0 0 161.78771855281 149.781592149001 0 0 0 0 209.247512817383 218.657608032227 0 0 106.731754496946 104.278026580811 67.0902684529622 0 0 89.4170930650499 193.067469278971 0 208.251976013184 176.024627685547 185.260401916504 198.395034790039 0 113.732264709473 77.1724843978882 156.365599738227 149.297636032104 133.872502644857 0 124.097297668457
64.4437836075186 60.3339165687561 20.5940830350756 34.6173746129445 48.9609764490765 21.5715432892159 61.5329924167218 48.1964546122774 61.875831409715 21.0944556505711 18.2507381855331 18.3735015016852 167.166999816895 79.8167419433594 127.199884687151 129.483104705811 0 226.106582641602 238.370513916016 146.162359237671 104.442251646316 102.921223544462 124.043851999136 182.064834594727 111.008566351498 168.340431213379 177.534633636475 151.462854385376 85.4766534118035 63.7706864332851 59.3184900257969 33.3479916471657 33.6075757656059 185.296322631836 0 0 186.935180664062 185.498132144704 141.822300720215 173.828221638997 95.1337092132136 139.63946463845 178.937431784237 0 189.107772827148 208.692123413086 152.230178833008 158.088958104452 159.091129649769 234.719375610352 148.494731787479 173.919661045074 118.252195825382 109.528186674509 127.82925490177 109.713724227179 79.5057746887207 60.6876118183136 0 0 185.842695871989 185.818780899048 194.032363467746 190.52866973877 144.831655502319 181.808807373047 100.085304908503 132.9970703125 128.794660339355 185.825124359131 182.443297068278 63.4625943798353 139.662795257568 100.082327524821 103.324516562528 179.497553311861 85.6363754841819 0 96.6089148786333 167.263275146484 183.320142192225 166.363891601562 127.245414854841 108.388347015824 109.169330071343 94.2943802274507 144.760635852814 194.849793752035 187.88244367327 184.173060099284 189.283519579017 138.742567466967 168.317329550689 178.030130137568 182.683029174805 56.9965735707062 56.3820220571094 74.9001057298603 105.084763442414 114.927586364746 157.42085000743 150.03625963319 74.3410236447356 150.281867748856 134.22294840737 147.392818514032 158.326196471257 147.442398866018 150.37648552416 108.344813607955 131.019285223457 144.333218103723 225.296928405762 220.316345214844 0 198.669245402018 215.642761230469 160.814300537109 235.664505004883 0 0 144.322540283203 220.369850158691 153.542360766181 169.400791901809 0 136.46851348877 0 0 0 145.233354158222 138.261824035645 128.871885921081 139.351716668756 154.881084442139 157.937457826402 0 0 207.322143554688 218.775585598416 0 151.678657531738 0 179.961172399387 166.920273275936 0 205.881492614746 0 207.50944519043 206.503494262695 0 215.313720703125 231.773374285017 189.344146728516 0 184.739051818848 221.068907674154 211.285653856066 0 231.473573472765 196.554917045262 179.305046873666 183.298671722412 160.117713013658 139.670883687337 0 0 0 0 141.735692342122 176.070697723873 160.939472945695 169.744583129883 0 227.397811889648 222.862335205078 225.536238479614 234.71388414171 181.877082824707 238.194129943848 122.158943658301 143.73014026218 101.706541061401 198.284950256348 212.28212483724 118.626863379227 202.237045288086 174.890927124023 220.931360880534 167.469963767312 192.042790730794 229.6998462677 229.643287658691 128.975633396822 97.8485938152165 168.603626809469 179.107290402807 151.206826448441 198.251907348633 164.437258402507
0 0 176.773330688477 0 0 0 0 0 72.712085723877 0 0 167.166999816895 9.24439420953809 153.751167297363 142.901114145915 45.3911386438318 56.3360450021152 24.0679279829139 25.1600130453444 42.9610069917522 0 138.897197723389 100.217203903198 71.6516222331835 85.337890625 87.6946258544922 76.7483864269037 65.5188982695052 165.397262573242 101.171195983887 0 90.1871185302734 69.7456919352214 73.8514142036438 175.562408447266 0 49.2963989710404 51.0710051276467 64.6650212851677 98.3373603820801 74.2756608207271 58.2960667329676 76.4128940582275 22.7978590024576 18.1460823824197 12.3619623108076 141.560699462891 168.384796142578 80.8883609771729 61.9927852153778 200.725616455078 0 0 128.628067016602 0 0 120.462757110596 205.819351196289 137.688999176025 127.953643798828 26.7149310429149 153.875015258789 73.5818870544434 66.9279618944441 63.6066246638222 25.0479497492547 183.849319458008 135.108699798584 97.207142441361 112.67643737793 113.736012776693 70.6044483453455 62.1103999970725 28.1894968435209 122.999279785156 71.8120761144729 57.0446037090186 29.3018199230762 56.3670264065365 78.674388885498 117.383952331543 70.4749404907227 177.373840332031 122.800453186035 184.255544026693 110.1533203125 228.377105712891 76.8116226196289 103.754478931427 65.3976568048651 46.3171573124648 108.747744968959 0 119.965866088867 101.729665374756 139.804246902466 71.063961322491 94.523681640625 0 137.582901000977 246.184600830078 149.548637390137 0 0 152.803588867188 0 0 0 0 0 0 0 126.113027300153 92.1396287536621 75.5657537723944 108.722246343439 112.101837158203 97.7439657878406 120.443862915039 86.2577531785529 117.43694695761 92.3794896397022 114.373070967825 0 126.196491241455 121.843790054321 0 103.710167725881 107.710891723633 101.770334008035 149.035572596959 123.270721435547 147.492004394531 130.609030151367 132.200286865234 125.320006900363 113.033162434896 189.026977539062 112.635044838066 116.796629951114 82.2179834367834 127.406361171177 92.6093301509118 110.390230178833 103.631971359253 107.574628893961 64.2673573271598 64.3495893185855 88.3571515194205 84.5323215504249 138.002537536621 152.099899291992 151.16347694397 0 0 105.059183120728 0 0 0 0 0 194.985015869141 0 157.516403198242 141.714450412326 140.101123809814 78.192232698713 101.648218886297 88.4415099734352 41.5876633241215 158.921412150065 158.564451217651 145.243620439009 143.612757728213 113.546016693115 86.5784253845215 181.464833577474 167.544883728027 87.1997521409711 123.792260487874 125.343438720703 116.585755348206 55.8220236685968 136.482731410435 127.427439689636 102.286552429199 123.911338806152 0 122.818218994141 157.16178894043 0 124.391510009766 148.126721191406 143.260810852051 103.085647583008 0 163.613494873047 145.073421478271 135.918493270874 0
216.363586425781 226.146743774414 0 0 86.3511409759521 87.3423805236816 182.447036743164 218.296859741211 0 0 0 79.8167419433594 153.751167297363 21.4826872003466 19.9064605655008 37.495828750806 44.3907470585226 88.7368410746256 98.899054560168 46.8659798255334 85.1663783146785 76.3753619946932 59.024829864502 75.0586990302717 98.7625732421875 61.8958253406343 50.7501824313686 36.8102843229857 96.2656844643985 82.9643365419828 68.5428964715255 61.6984227498372 75.9467198988971 54.8606047024384 33.2080264400251 20.7559671151244 42.3818395610279 64.967568841311 69.0968171377031 48.8563481589049 70.1260384496698 70.0404968261719 81.6612945839211 125.874544143677 183.912368774414 108.450673421224 47.3031290380994 105.032135009766 84.6684606800909 126.685516357422 107.219036102295 0 128.450942993164 119.783369336809 130.816340128581 108.209274291992 84.7737007141113 61.4312548127564 38.1001838573163 28.0162256879389 110.206783495451 142.536993026733 87.0596791317588 66.659666724827 59.171702226003 159.729614257812 108.990743364607 59.6229066848755 85.086314973377 152.304733276367 143.063934326172 135.714069366455 101.960666656494 55.9500289190383 68.8388571312455 115.305367363824 0 179.877029418945 0 0 0 0 132.688729858398 116.311595153809 115.653322855632 92.6170562744141 62.776867389679 0 111.76823425293 123.53263092041 132.531194414411 97.5457382202148 106.283740997314 115.005428314209 102.860279846191 74.6163667885654 0 136.014259338379 133.474896567208 71.6467663614373 0 0 0 0 205.159378051758 0 0 0 0 0 0 0 119.27392735557 112.196774569425 104.610862038352 106.63701275033 102.492501576742 115.168061828613 116.900139658075 118.332169015067 116.647365461077 119.600910839403 110.796866709097 122.053384304047 131.693829623136 100.291224392978 98.7850847746196 137.263648986816 112.132949829102 119.828345775604 145.431137084961 0 140.354468209403 122.750574747721 105.215690612793 123.03524597168 116.723340988159 106.419293721517 116.456727814256 114.796460654519 139.093675885882 116.245693751744 133.69359261649 190.953414916992 113.218683096079 141.476515028212 128.081359863281 0 101.929164788662 131.383646094281 125.585913848877 183.79296875 173.970565795898 0 152.409932454427 189.000335693359 225.290863037109 0 0 0 0 166.360000610352 0 0 124.901443481445 131.628584543864 125.169786241319 141.749129295349 143.932431030273 0 150.678110758464 134.889282226562 119.928596496582 130.672149658203 145.90579477946 130.847328503927 198.683822631836 178.073211669922 163.850154529918 157.352432250977 130.889720492893 105.194957439716 74.4583155314128 0 135.052398681641 127.127655029297 0 0 0 138.485778808594 166.772430419922 213.920104980469 161.548146565755 128.983810424805 0 233.113327026367 133.31358228411 111.621040344238 104.371253967285 126.669017028809
