30118 4957 17798 2522 1720 2483 11202 9208 329 1531 375 1979 1 2 3 0 1 4 3 5 111 64 5 5 20 3 3 1 10696 14458 1188 161 149 15 0 1 5 27 0 5 1105 8 10 3 1 6 7 9 38 5 97 163 2064 891 866 385 131 17 2 3 9 33 10 5 3 2 1017 21 12 59 27 277 102 69 59 7 48 3 102 9 200 11 1820 678 960 178 19 109 71 15 18 275 61 26 41 234 194 3679 37 34 164 63 769 164 79 674 107 63 130 145 165 392 0 1 0 0 10 1 1 3 1 0 1 12 5 1 0 0 0 0 69 2 113 267 20 140 0 1 40 18 0 1 1 13 43 1 1 0 1 1 6 2 3 12 1 2 6 16 6 3 60 23 31 93 46 3 0 0 3 0 59 39 19 6 1 1 4 4 2 0 352 128 16 3 1 92 7 2 15 7 83 9 4 35 160 60 29 5 1 1
4957 8807 8157 11630 2443 2422 48 44 23 186 106 911 0 1 1 0 0 0 0 0 35 16 2 1 2 3 0 0 357 3063 545 29 51 4 0 0 0 4 0 1 311 0 2 1 0 0 5 0 5 1 7 14 115 50 69 56 71 4 0 0 1 1 1 2 4 0 217 3 2 6 5 127 26 25 13 2 15 0 41 0 26 1 275 136 284 69 6 11 8 0 1 27 4 3 4 26 66 57 7 4 29 22 67 85 30 237 16 10 40 38 56 123 0 0 0 0 3 0 0 0 0 0 0 5 1 0 0 0 0 0 41 0 50 134 7 59 1 0 14 11 0 0 0 8 19 1 1 0 1 2 2 1 0 9 0 1 0 5 0 1 33 18 11 37 26 0 0 0 0 0 41 15 14 3 0 0 2 1 0 0 153 61 5 0 0 31 2 1 1 2 41 1 0 21 66 20 13 0 0 3
17798 8157 12859 7158 534 9865 1090 11513 516 8686 1246 27474 0 2 1 4 3 1 0 2 129 61 2 3 14 6 7 2 2107 1821 289 95 159 18 2 1 2 20 1 3 1072 11 12 9 2 6 6 11 27 5 82 136 952 416 581 339 93 25 4 4 1 20 10 7 6 4 850 21 6 42 32 474 109 108 38 11 75 1 151 8 135 11 1362 561 999 158 12 115 53 20 20 259 48 21 22 86 492 944 36 31 282 122 886 370 187 1556 160 153 297 364 373 852 0 1 0 0 11 2 1 1 0 0 0 25 10 0 0 0 1 0 141 12 281 660 24 274 0 0 66 47 0 2 1 32 92 2 4 0 3 5 3 1 7 28 6 5 6 28 2 4 106 72 57 164 124 1 1 3 1 4 115 59 42 15 0 2 9 3 5 2 810 250 41 4 2 183 8 1 9 13 204 4 4 57 369 135 59 6 1 2
2522 11630 7158 23754 9490 11736 38 26 24 129 150 2952 0 0 1 0 1 0 0 3 70 61 2 0 3 0 1 0 226 2628 1923 59 96 6 0 1 4 10 1 1 428 1 4 0 0 0 3 2 5 2 4 13 96 43 87 65 27 7 0 1 0 1 2 0 1 0 167 6 3 2 3 271 33 31 23 1 30 0 80 0 20 0 292 147 387 106 6 11 7 1 1 18 7 1 2 57 86 71 15 4 81 45 115 148 65 524 37 23 67 85 120 262 0 0 0 0 4 0 0 1 0 0 0 6 5 0 0 0 0 0 60 2 90 268 7 149 0 0 23 8 0 2 0 14 32 1 2 0 0 1 1 1 1 10 1 2 1 14 0 1 48 36 22 76 49 1 0 1 0 1 51 27 16 4 0 0 6 1 1 1 312 99 15 0 0 78 0 0 3 4 91 2 1 32 109 36 26 3 2 2
1720 2443 534 9490 14431 8041 243 108 31 110 51 2365 0 11 6 4 6 3 1 2 161 154 10 4 13 2 1 6 1913 6116 10802 663 316 27 1 1 12 31 7 1 442 5 16 0 0 7 1 20 7 1 17 29 266 132 145 103 864 24 2 7 9 24 30 4 29 0 411 13 42 7 12 153 117 15 111 6 8 1 55 1 29 6 382 212 526 140 14 17 13 5 7 56 9 8 18 1274 69 216 53 35 32 12 42 50 23 211 8 8 26 39 49 103 1 1 1 0 2 0 0 2 0 1 0 1 3 0 2 0 0 0 35 0 36 94 4 60 0 0 16 10 3 1 1 5 11 1 1 1 1 7 3 1 1 3 0 2 1 6 1 5 20 8 2 26 17 0 2 1 0 1 27 7 5 1 1 0 4 1 1 1 126 36 4 1 2 25 2 2 0 2 36 4 2 16 49 11 12 2 0 0
2483 2422 9865 11736 8041 17112 180 251 58 951 189 17949 0 4 7 1 5 0 2 2 285 223 15 3 22 4 1 0 476 2940 2990 3290 933 49 0 0 7 55 0 1 752 7 3 4 2 6 3 17 5 0 16 18 223 84 172 131 40 23 4 3 1 30 3 2 10 0 236 18 17 8 11 470 249 70 48 5 38 0 133 1 38 0 504 194 739 156 13 18 13 5 10 41 6 7 3 494 253 210 46 9 145 79 332 224 113 915 70 53 135 161 207 526 1 2 0 1 7 3 0 3 2 2 1 15 3 0 0 0 0 2 96 6 183 478 19 201 0 0 35 23 2 0 0 18 47 1 6 0 3 3 2 0 2 23 1 2 6 18 1 4 77 40 31 124 78 1 0 1 1 3 86 26 21 9 1 2 4 5 5 0 530 155 39 3 1 99 3 0 5 9 126 7 5 43 226 68 63 5 0 5
11202 48 1090 38 243 180 13501 8264 1952 1756 161 418 3 2 0 1 0 0 0 0 13 7 1 1 3 0 3 1 2903 1792 244 35 47 7 0 0 0 4 0 0 161 4 8 3 3 3 1 2 9 3 36 62 2204 590 625 99 18 1 0 1 3 3 0 1 1 2 76 7 6 12 11 118 50 20 26 5 43 4 38 4 80 4 573 73 98 13 4 38 17 8 4 125 21 14 8 82 253 8394 4 8 53 18 78 29 27 160 19 19 53 48 48 78 0 1 0 0 1 0 0 1 1 0 1 1 0 1 0 0 0 0 10 2 16 48 4 32 0 0 16 12 0 0 1 6 8 0 0 0 2 5 1 2 1 0 0 1 3 3 0 5 14 4 7 12 6 0 2 2 0 0 13 3 4 2 0 0 5 2 4 1 74 23 3 2 1 21 2 0 10 0 11 1 0 6 38 26 6 0 0 0
9208 44 11513 26 108 251 8264 20055 3689 13349 602 1347 0 0 1 0 0 0 0 0 10 3 0 0 1 0 1 0 909 778 90 25 29 2 0 0 0 4 0 1 263 3 4 1 0 1 2 5 11 4 33 53 973 347 421 130 10 7 0 1 1 14 5 1 0 0 199 5 1 16 8 63 14 27 12 2 17 1 19 3 66 2 608 138 173 23 2 41 31 3 9 132 23 12 14 34 615 2003 7 6 111 26 869 84 49 436 60 72 112 122 126 216 0 1 0 0 10 1 0 0 0 1 2 4 4 1 0 0 0 0 29 0 64 122 6 39 0 0 8 3 0 0 0 2 17 0 1 0 2 2 0 2 1 5 1 3 3 3 2 5 23 10 9 44 27 0 0 0 0 0 22 16 5 1 0 1 2 0 2 0 139 31 7 2 0 30 1 0 6 1 35 2 1 8 93 37 6 0 0 0
329 23 516 24 31 58 1952 3689 2142 3026 168 365 34 0 0 1 0 0 1 0 9 10 3 0 0 1 0 0 130 149 14 29 51 2 0 0 0 4 1 1 64 2 2 18 141 5 0 3 4 126 11 21 203 42 105 26 1 2 0 0 1 6 2 1 0 51 52 5 4 0 0 292 24 325 4 1 315 72 70 23 13 63 106 19 29 8 1 70 30 35 25 32 5 5 3 15 1794 2674 2 1 23 6 58 23 6 83 14 20 32 24 27 61 0 0 0 3 6 6 4 0 3 1 6 3 2 1 1 0 0 0 14 0 14 44 6 34 0 0 25 42 0 1 0 3 13 4 2 0 9 7 2 2 5 4 0 0 3 2 5 14 12 10 8 16 9 0 0 0 2 1 13 3 3 3 0 2 2 2 11 1 52 35 22 2 2 40 0 3 6 1 19 6 1 9 22 9 7 1 0 0
1531 186 8686 129 110 951 1756 13349 3026 29039 16722 20970 2 1 1 1 2 0 3 0 21 22 2 0 2 0 1 0 511 528 76 86 226 8 0 0 1 11 0 3 204 2 2 5 5 0 1 2 11 6 17 30 445 138 207 68 9 11 3 0 1 4 3 1 1 2 140 4 1 9 6 1793 65 105 15 5 578 4 261 2 40 4 349 88 134 17 1 29 10 4 4 64 8 4 8 42 4384 2401 4 6 349 109 546 398 210 1848 225 234 378 508 472 904 1 0 2 1 14 2 1 1 0 1 1 25 11 0 1 0 0 1 149 10 265 620 30 332 0 0 60 43 0 3 2 31 72 0 3 2 2 6 8 4 6 35 5 7 10 28 3 12 117 73 50 193 105 4 0 3 2 5 134 58 47 16 0 5 14 10 7 0 824 228 46 5 4 230 8 4 24 6 209 6 9 75 461 161 68 9 3 4
375 106 1246 150 51 189 161 602 168 16722 3816 4032 0 0 0 0 0 0 0 0 9 15 0 0 1 0 0 0 50 66 25 32 86 0 0 0 0 5 0 1 32 1 1 0 2 0 0 1 0 0 2 0 59 15 29 13 2 2 0 0 0 0 2 0 0 0 26 0 0 0 1 409 22 23 4 0 18 1 39 1 5 0 51 12 36 3 0 5 3 0 1 6 0 1 0 20 1156 414 3 0 94 38 166 127 57 711 71 73 100 196 160 352 0 0 0 0 5 1 0 1 2 1 0 1 8 0 0 0 0 0 30 1 89 210 8 86 0 0 14 10 0 1 0 4 15 0 2 0 1 3 1 0 0 12 0 3 2 6 2 7 24 15 11 52 34 0 1 0 1 3 25 17 9 1 0 0 4 4 4 0 326 52 13 2 0 56 2 0 3 1 46 3 2 19 209 47 15 1 1 0
1979 911 27474 2952 2365 17949 418 1347 365 20970 4032 23215 0 2 4 1 4 1 5 2 231 247 16 3 20 3 2 1 424 1442 1010 1510 2091 38 1 0 8 64 1 2 666 3 5 5 0 9 6 9 4 2 12 37 284 100 229 136 28 70 3 1 3 11 12 1 1 3 252 16 8 10 11 1757 410 113 37 7 70 2 226 2 29 0 469 175 567 119 8 16 11 0 4 68 15 5 10 776 1668 940 29 9 292 165 1033 501 277 2337 162 172 505 481 645 1237 0 0 0 0 9 2 0 1 1 0 0 18 21 3 1 0 0 1 181 9 349 927 24 346 0 0 60 41 1 3 0 43 78 1 6 0 1 5 6 1 2 27 0 10 9 37 3 8 97 63 71 223 152 2 1 5 1 3 158 58 47 10 0 2 17 4 5 1 1289 260 42 11 0 196 8 2 9 12 236 7 9 66 636 156 86 8 2 6
1 0 0 0 0 0 3 0 34 2 0 0 7785 8 3 8 77 437 8103 223 2 2 4 22 2 1 21 45 4 0 1 1 5 2 6 0 38 611 18 7 55 26 37 5027 4035 2189 7 13 14 313 1 12 3 1 1 1 0 3 2 0 31 17 17 28 31 3225 1 7 17 6 5 148 143 1461 8 21 697 431 346 17 15 54 5 2 4 1 0 113 183 534 247 10 1 1 48 4 177 51 1 0 0 0 0 1 0 1 0 3 1 3 0 2 11 84 381 9 15 233 19 1520 50 624 45 5 4 11 4 20 1 122 4 4 1 2 2 4 9 0 72 78 262 12 245 0 2 48 70 20 82 1625 6 13 17 0 1 17 0 0 1 6 2 3 1 1 4 7 164 159 31 665 3 12 8 10 20 180 2 14 220 28 7 19 216 8 30 18 0 26 17 1 3 52 13 3 4 1 5 1 2 1
2 1 2 0 11 4 2 0 0 1 0 2 8 9827 8087 1044 999 299 97 100 101 97 624 1254 56 158 3495 2032 158 19 49 7 39 795 2699 3299 5708 396 318 955 1497 211 627 62 4 62 2670 55 61 1 0 0 18 12 13 4 127 1623 4919 1199 143 146 408 399 998 1 62 1439 479 28 11 8 49 73 1600 46 7 0 17 0 5 0 19 25 22 14 20 17 45 7 80 29 3 19 152 249 0 10 9 17 1 0 0 1 1 1 1 0 0 0 0 0 84 42 7 62 167 90 121 58 155 172 176 60 47 20 28 18 3 82 1 0 0 3 14 46 41 36 307 406 15 118 28 0 25 8 6 3 216 57 64 5 3 3 0 0 0 1 0 1 3 2 1 2 9 46 9 31 4 2 5 3 3 36 0 26 3 0 11 1 3 80 108 15 4 41 0 0 2 5 9 5 3 5 0 0 18 6 0 19
3 1 1 1 6 7 0 1 0 1 0 4 3 8087 26928 11370 1014 2672 157 951 118 82 653 754 57 235 1279 3684 64 9 22 6 12 40 393 57 596 51 1153 344 2627 337 525 27 7 86 397 92 97 1 0 0 3 3 7 8 43 384 470 96 282 224 417 176 1747 1 25 271 1208 52 27 4 32 62 476 109 1 0 15 0 13 0 10 12 30 7 9 17 70 23 136 63 3 32 233 106 0 2 8 6 1 0 0 0 1 0 1 0 0 0 0 0 50 38 15 47 114 78 81 148 69 147 102 35 23 15 12 11 7 70 2 0 1 4 12 20 20 30 212 247 29 60 40 1 18 8 5 8 120 100 58 4 1 0 1 3 1 1 0 1 0 0 0 1 5 27 12 31 11 8 6 4 8 25 1 37 0 2 24 5 2 59 101 8 4 17 0 3 5 1 3 12 2 2 1 3 14 2 1 16
0 0 4 0 4 1 1 0 1 1 0 1 8 1044 11370 16931 553 7434 3133 1250 12 26 149 1089 19 79 2311 4082 19 0 4 3 23 76 124 9 707 410 3231 46 1553 383 455 31 11 149 61 58 157 3 1 1 3 2 12 7 8 113 68 36 280 120 160 109 611 4 14 68 622 58 22 3 23 35 131 76 3 1 4 0 10 1 14 5 5 8 8 35 105 23 175 142 12 58 221 30 1 1 6 1 0 0 0 0 0 0 0 0 0 0 0 0 144 239 148 78 19 587 19 764 155 1423 128 7 8 9 4 40 17 476 3 1 0 0 3 13 81 14 101 84 236 55 114 1 7 32 18 27 220 160 22 4 7 3 1 6 0 1 0 1 0 0 0 0 2 26 20 63 8 32 1 3 10 20 3 35 0 6 22 4 1 33 103 8 4 32 2 4 6 0 2 20 7 4 0 0 7 0 2 12
1 0 3 1 6 5 0 0 0 2 0 4 77 999 1014 553 3131 425 1305 2797 84 103 441 209 34 148 203 30 32 6 11 3 18 198 83 49 3033 2167 89 257 934 80 138 52 9 279 181 22 21 1 0 1 8 2 3 6 11 509 294 203 164 30 33 29 45 14 9 208 92 11 9 6 24 96 521 40 8 4 7 1 3 1 5 5 28 12 8 9 32 10 103 13 2 12 40 123 0 3 4 1 0 0 2 1 0 0 0 1 0 0 0 0 88 30 13 39 176 31 68 73 94 113 57 58 50 15 17 11 5 97 3 1 1 6 40 70 41 20 290 264 13 149 16 2 41 12 9 2 133 66 123 3 0 2 1 3 2 2 0 1 5 3 0 1 11 56 17 29 11 12 7 6 19 103 4 17 4 0 21 4 5 119 101 14 9 72 0 0 5 5 12 12 6 8 0 0 26 6 2 38
4 0 1 0 3 0 0 0 0 0 0 1 437 299 2672 7434 425 14125 3007 852 8 37 100 2290 40 46 2986 1546 20 2 8 3 22 60 106 7 677 684 5687 53 1727 734 1600 114 30 6491 105 151 155 6 0 0 4 4 12 7 23 70 42 28 4570 166 407 749 918 86 33 72 1001 67 44 3 59 92 99 283 1 1 6 0 12 0 16 13 23 15 11 58 136 44 448 146 7 54 315 35 2 1 14 1 0 0 0 0 1 1 1 4 0 0 0 0 78 576 725 55 33 848 24 2215 160 2589 94 9 1 7 3 122 15 879 13 5 0 4 5 12 43 12 163 147 847 37 840 0 10 61 56 117 303 1380 16 11 12 5 0 12 1 0 1 3 3 1 1 2 9 23 186 463 37 154 7 14 37 37 17 242 1 3 106 9 3 29 233 19 16 31 5 2 19 3 3 35 19 3 6 3 4 2 1 1
3 0 0 0 1 2 0 0 1 3 0 5 8103 97 157 3133 1305 3007 55644 8517 20 37 67 658 21 79 1217 546 14 1 3 1 52 32 124 5 928 5042 147 144 694 195 410 9167 799 7405 72 86 87 211 0 16 5 1 9 1 6 14 20 4 265 83 129 201 103 936 8 24 92 29 38 16 240 4214 20 102 22 207 35 21 13 57 9 8 9 8 4 154 366 473 734 75 6 33 165 14 9 4 8 2 0 0 0 0 1 0 0 3 2 1 0 1 768 982 1009 371 304 2761 287 3811 996 8032 1098 111 96 44 53 216 72 2207 17 6 1 12 45 95 401 105 1101 1030 851 363 577 8 77 140 114 217 1568 1503 180 11 30 4 2 33 4 1 1 2 2 3 2 12 25 163 143 389 78 463 10 19 44 157 33 229 4 18 293 39 14 293 1893 45 47 267 6 11 46 7 15 127 55 21 10 1 45 15 13 75
5 0 2 3 2 2 0 0 0 0 0 2 223 100 951 1250 2797 852 8517 8005 30 23 182 422 38 200 464 39 7 3 7 3 5 6 116 1 727 864 95 282 798 125 191 334 49 293 66 35 47 8 0 3 1 2 4 2 4 20 17 3 165 35 73 34 44 28 4 15 93 16 11 2 29 171 34 63 4 11 9 0 4 6 7 2 4 6 7 26 50 22 116 31 4 13 85 12 1 3 6 1 2 0 0 1 0 0 0 0 0 0 0 1 284 119 32 114 140 111 103 98 237 360 180 90 68 20 40 39 18 300 4 1 2 4 20 46 123 52 371 302 21 220 25 1 36 28 17 6 322 96 103 4 4 1 0 1 0 2 0 0 3 0 0 0 6 92 15 53 11 19 10 5 8 79 5 19 2 2 18 1 6 133 180 31 1 143 0 0 4 2 10 6 13 4 1 3 47 13 4 44
111 35 129 70 161 285 13 10 9 21 9 231 2 101 118 12 84 8 20 30 9740 5913 2273 112 304 234 25 2 76 133 188 219 494 365 3 6 269 767 9 132 1894 52 98 96 3 18 102 13 18 2 5 0 19 11 30 1814 13 189 35 38 25 20 47 28 19 1 29 87 38 8 7 259 726 95 290 20 58 1 221 0 8 1 382 23 3527 172 89 8 9 5 37 9 3 5 49 638 31 13 306 36 0 2 6 4 1 12 0 3 1 0 2 9 1 2 2 0 28 7 4 8 1 1 1 11 2 2 0 0 0 3 3 0 2 18 16 57 2 4 80 85 0 12 3 5 13 2 1 1 9 8 9 0 1 0 0 0 1 1 0 1 6 4 1 7 3 7 7 6 0 1 9 4 10 22 0 7 1 0 0 0 18 70 28 5 1 42 0 1 1 2 11 2 2 4 3 4 5 1 2 4
64 16 61 61 154 223 7 3 10 22 15 247 2 97 82 26 103 37 37 23 5913 22756 4293 668 5024 2114 118 14 97 121 179 287 656 671 10 22 373 1261 30 1208 1979 262 763 151 6 45 752 53 75 1 11 6 88 25 107 414 25 216 58 86 79 108 300 133 52 0 158 249 144 62 13 280 1034 119 394 85 83 1 277 0 18 0 837 249 6208 1902 685 20 80 17 167 75 9 43 259 764 36 31 3228 88 2 0 4 5 0 14 1 5 1 2 10 7 3 3 1 3 78 10 9 11 2 5 7 15 7 3 3 1 0 3 2 0 4 22 21 52 2 5 156 145 3 15 8 0 12 5 4 0 18 16 23 0 6 3 0 0 0 1 0 0 12 5 4 4 16 6 6 10 4 2 9 2 9 41 5 15 0 4 11 4 25 102 35 7 4 63 2 1 4 2 11 13 6 3 0 4 11 1 1 11
5 2 2 2 10 15 1 0 3 2 0 16 4 624 653 149 441 100 67 182 2273 4293 8866 4938 564 5599 244 42 38 7 12 26 142 321 107 17 634 813 52 1101 6090 1336 285 73 0 35 401 13 76 1 0 2 19 14 25 43 19 65 77 51 41 23 36 14 28 0 73 58 83 11 4 51 258 17 87 33 19 2 61 0 6 1 102 57 360 112 81 14 32 6 66 39 3 15 87 53 2 1 141 3 0 1 1 3 0 1 0 0 0 0 0 3 1 2 2 2 22 2 5 14 0 2 4 5 7 3 3 0 0 6 0 0 0 2 8 24 0 1 56 34 3 9 6 1 2 1 3 0 11 8 7 0 1 0 0 5 0 1 0 1 3 0 1 1 4 8 0 4 0 2 5 1 0 12 2 6 1 0 7 0 5 21 14 4 0 19 1 0 2 2 5 3 0 1 0 0 5 2 0 5
5 1 3 0 4 3 1 0 0 0 0 3 22 1254 754 1089 209 2290 658 422 112 668 4938 13193 819 3117 6839 583 102 9 27 3 23 28 2028 60 191 196 349 4982 3346 6093 1909 76 17 964 2459 41 243 4 4 5 52 41 31 20 77 58 373 25 1123 72 164 498 194 3 270 322 218 42 15 12 76 51 77 103 9 0 16 1 8 1 103 146 209 205 178 40 99 31 339 158 10 36 236 29 5 8 197 21 0 0 0 0 0 0 0 0 0 0 0 0 14 28 26 12 24 86 23 214 24 129 38 7 4 3 4 10 1 40 0 1 0 2 6 14 5 4 71 71 63 10 64 0 5 5 7 2 47 119 2 1 3 0 1 4 0 0 0 2 2 0 0 0 0 3 20 30 8 7 0 2 5 7 2 45 0 1 12 1 2 19 39 1 5 7 0 1 4 0 0 7 3 2 1 1 2 0 0 2
20 2 14 3 13 22 3 1 0 2 1 20 2 56 57 19 34 40 21 38 304 5024 564 819 8133 2174 245 23 116 11 35 17 55 33 59 12 80 238 12 1715 587 212 594 97 5 30 3328 19 44 1 4 10 153 105 100 104 100 24 77 2 45 59 236 156 38 2 719 443 82 23 4 45 203 65 113 40 34 1 86 0 14 0 669 529 1610 1733 3594 16 40 18 85 54 7 15 171 87 3 3 2830 293 0 0 3 0 1 1 0 0 0 0 0 1 6 0 2 1 42 4 11 4 4 3 5 7 7 1 2 4 0 6 1 0 1 6 6 24 1 5 78 89 1 5 0 0 11 1 0 0 12 6 10 3 2 0 0 0 0 0 0 0 1 1 0 0 1 6 2 2 4 1 2 1 3 10 1 4 1 1 6 0 5 23 33 1 0 15 0 0 2 0 2 4 0 2 0 0 3 0 0 2
3 3 6 0 2 4 0 0 1 0 0 3 1 158 235 79 148 46 79 200 234 2114 5599 3117 2174 4151 793 11 24 4 4 3 12 5 438 9 97 126 7 4439 1689 356 301 45 2 20 603 3 63 1 1 3 43 19 19 18 12 11 56 3 23 26 51 23 13 0 122 40 38 18 4 7 46 20 12 21 0 1 7 0 9 0 109 86 252 181 73 5 21 9 62 28 1 20 100 16 1 0 195 7 0 0 0 0 0 0 0 0 0 0 0 1 3 2 0 7 25 9 25 2 17 11 19 10 9 3 3 0 0 2 0 0 0 1 1 5 2 7 52 79 0 7 0 1 4 1 2 0 37 5 6 0 1 0 0 1 0 0 0 0 0 0 0 0 1 9 0 0 1 0 0 1 1 2 0 4 0 0 3 1 0 9 31 2 0 7 0 0 0 0 0 3 2 1 0 0 2 3 2 6
3 0 7 1 1 1 3 1 0 1 0 2 21 3495 1279 2311 203 2986 1217 464 25 118 244 6839 245 793 28395 10155 153 6 31 2 11 23 7849 77 142 144 182 1517 452 232 1475 66 3 297 2012 19 47 4 1 2 59 32 26 18 160 95 514 25 174 44 259 2593 441 5 285 500 87 19 7 14 42 59 132 22 9 0 19 0 7 0 97 107 98 156 107 14 28 11 54 22 3 6 131 36 1 8 130 38 1 0 1 0 0 0 0 0 1 0 0 1 75 137 58 60 58 381 84 601 127 672 247 15 19 15 6 20 5 187 0 0 0 2 3 20 27 17 191 189 162 52 92 5 8 13 4 8 143 122 22 3 3 1 3 2 0 0 0 0 2 0 0 1 2 24 20 49 7 15 2 1 11 12 1 21 0 2 13 1 0 45 119 3 2 32 1 2 1 1 2 6 7 2 1 0 7 2 0 4
1 0 2 0 6 0 1 0 0 0 0 1 45 2032 3684 4082 30 1546 546 39 2 14 42 583 23 11 10155 8705 96 8 23 2 2 22 348 25 44 59 3221 28 351 114 891 39 3 604 256 50 36 5 0 1 12 16 10 4 121 231 303 33 568 116 556 3003 3334 12 95 348 639 22 11 3 16 53 262 46 1 0 7 0 7 0 20 35 23 28 21 10 25 9 106 19 1 14 109 47 1 4 22 11 0 0 0 0 1 0 0 0 0 0 0 0 30 467 238 39 39 1034 20 2877 63 1733 81 7 6 6 5 94 9 485 7 2 1 0 6 8 20 8 92 110 924 30 757 0 3 29 12 41 153 1026 19 1 8 1 2 6 0 0 0 3 2 1 2 5 5 15 185 340 25 42 4 12 33 28 2 193 0 5 21 3 3 20 141 10 3 22 0 2 6 1 1 12 11 8 1 0 8 1 3 5
10696 357 2107 226 1913 476 2903 909 130 511 50 424 4 158 64 19 32 20 14 7 76 97 38 102 116 24 153 96 36353 10246 6107 177 297 65 11 10 54 134 32 52 288 37 287 19 4 68 119 66 41 2 33 53 4240 4989 522 82 6541 213 65 12 98 184 521 170 299 2 8769 392 232 77 22 539 427 181 2058 48 196 2 330 2 51 2 698 921 210 113 282 44 73 17 107 131 31 34 132 2849 198 2657 246 1321 48 24 95 73 38 214 23 13 37 27 50 129 2 4 5 3 23 4 6 14 3 11 5 5 8 3 0 3 0 8 65 4 48 206 22 197 1 0 99 80 5 5 16 16 35 5 12 0 10 64 8 1 6 5 3 3 3 13 1 6 48 26 18 72 61 9 14 14 6 5 57 26 24 20 3 38 9 5 14 3 226 163 20 4 2 116 0 2 7 5 95 4 5 37 77 22 26 4 0 7
14458 3063 1821 2628 6116 2940 1792 778 149 528 66 1442 0 19 9 0 6 2 1 3 133 121 7 9 11 4 6 8 10246 19447 10964 316 253 27 2 1 9 28 2 1 532 7 14 4 0 18 5 15 18 0 32 75 831 393 334 170 4007 29 5 1 13 37 34 9 34 1 795 25 35 16 20 259 121 56 325 12 47 0 109 1 80 5 652 276 497 103 17 44 30 6 16 122 28 14 21 1491 127 1404 37 69 91 54 141 91 64 394 41 30 75 67 104 216 2 0 0 0 5 1 0 3 0 1 0 8 5 0 2 0 0 0 52 2 84 204 5 109 0 0 21 22 0 3 1 12 27 0 1 0 0 10 2 2 3 9 1 2 2 7 2 4 31 33 14 67 51 0 3 1 3 1 30 29 10 3 1 4 8 2 5 0 278 86 16 4 0 76 2 3 8 2 64 3 2 17 90 40 23 3 1 3
1188 545 289 1923 10802 2990 244 90 14 76 25 1010 1 49 22 4 11 8 3 7 188 179 12 27 35 4 31 23 6107 10964 20140 210 166 41 7 3 34 63 14 6 733 15 58 4 1 27 39 41 14 2 27 47 541 356 254 189 8794 95 27 6 48 69 120 50 111 0 1766 312 110 35 17 99 86 28 1773 14 14 0 39 3 54 5 830 508 853 420 121 38 23 7 34 98 18 20 33 5595 39 361 505 4719 14 4 24 22 7 63 3 6 8 13 14 40 0 0 2 1 7 5 1 5 2 2 1 5 2 0 0 0 0 3 13 1 15 33 4 29 0 0 18 13 0 0 4 3 13 3 4 0 4 23 6 0 1 0 0 1 1 0 3 0 7 9 2 9 10 1 6 7 2 1 9 2 2 2 0 9 2 2 9 1 54 23 4 1 1 18 0 0 6 1 14 3 3 7 28 10 0 0 0 1
161 29 95 59 663 3290 35 25 29 86 32 1510 1 7 6 3 3 3 1 3 219 287 26 3 17 3 2 2 177 316 210 6572 6396 1365 3 1 24 164 10 1 336 5 13 6 0 7 0 22 5 1 9 7 121 24 86 60 8 4185 5 92 12 30 20 1 8 0 98 26 38 14 12 1250 1466 30 590 18 22 1 350 0 18 1 200 60 285 67 14 14 8 0 7 23 4 4 8 3978 116 95 32 6 33 19 24 49 22 186 10 8 29 32 52 123 0 0 0 0 10 1 0 7 0 2 0 6 4 0 0 0 0 0 31 1 51 144 2 73 0 0 29 19 3 2 3 4 14 1 2 0 2 8 3 1 0 6 1 1 2 6 1 5 17 12 12 29 28 0 1 1 2 1 23 13 5 5 1 3 6 3 4 0 167 56 12 3 2 45 0 0 4 2 49 0 3 20 75 10 15 0 1 0
149 51 159 96 316 933 47 29 51 226 86 2091 5 39 12 23 18 22 52 5 494 656 142 23 55 12 11 2 297 253 166 6396 8649 4593 4 15 146 2464 16 16 655 8 20 8 4 28 85 23 8 3 27 32 232 70 191 104 32 3045 211 1273 34 28 24 15 22 4 246 231 54 12 19 1820 3951 104 1306 14 35 2 279 7 38 4 390 118 471 119 27 11 29 8 35 71 9 8 17 3106 395 181 61 18 35 26 64 60 30 242 13 13 26 48 66 151 3 2 1 3 55 8 4 14 7 4 5 28 19 1 0 1 0 10 58 6 58 184 53 235 1 2 194 158 6 21 5 14 51 7 8 1 14 22 35 3 2 12 2 0 9 15 1 4 57 33 29 55 50 10 14 7 2 3 54 21 51 49 1 15 15 6 8 1 264 244 36 13 1 202 1 0 7 3 102 3 6 35 88 34 35 6 0 14
15 4 18 6 27 49 7 2 2 8 0 38 2 795 40 76 198 60 32 6 365 671 321 28 33 5 23 22 65 27 41 1365 4593 7390 27 187 961 2568 53 31 488 12 23 5 2 22 165 28 12 0 8 11 76 32 52 39 31 5633 1505 7525 67 52 22 13 58 0 83 823 112 5 17 170 394 29 2762 29 23 1 29 0 10 0 114 34 189 55 16 11 9 4 28 27 4 0 21 1137 11 6 25 13 9 2 7 7 5 10 2 1 0 2 2 3 2 6 3 2 53 3 2 25 5 11 2 6 10 2 1 1 0 6 17 3 7 32 26 111 2 1 114 117 11 7 9 7 18 9 4 1 7 30 17 3 6 2 2 2 1 9 0 2 33 16 4 10 14 10 8 5 2 1 20 8 21 30 1 12 4 4 12 4 36 120 23 14 3 78 0 0 2 6 37 3 5 13 7 6 17 0 0 11
0 0 2 0 1 0 0 0 0 0 0 1 6 2699 393 124 83 106 124 116 3 10 107 2028 59 438 7849 348 11 2 7 3 4 27 6557 801 154 57 17 3159 98 186 520 49 0 44 3982 6 20 1 0 1 2 2 3 4 16 31 679 68 22 22 121 303 110 2 21 136 50 8 2 2 18 42 35 10 3 1 10 0 1 0 9 8 7 12 15 0 8 2 22 8 0 4 68 8 2 0 13 2 0 0 0 0 0 0 0 0 0 0 0 0 75 23 4 44 93 84 102 23 93 140 153 34 25 14 14 5 7 50 1 0 0 4 11 17 27 20 211 231 3 68 3 1 14 9 1 2 158 26 29 1 1 1 0 1 0 0 0 0 0 1 0 0 1 25 1 13 1 3 0 1 4 17 0 6 0 0 3 0 1 44 101 2 2 28 0 1 1 1 4 2 2 2 0 0 15 4 2 10
1 0 1 1 1 0 0 0 0 0 0 0 0 3299 57 9 49 7 5 1 6 22 17 60 12 9 77 25 10 1 3 1 15 187 801 1740 1154 54 7 162 38 6 40 10 0 1 2387 2 2 0 1 0 3 1 1 3 19 219 3508 766 4 5 26 22 31 0 6 401 16 1 0 3 12 8 143 1 2 0 6 0 1 0 1 4 5 4 4 1 0 0 2 2 0 2 11 6 0 1 3 0 0 0 0 0 1 0 0 0 0 0 0 0 1 1 0 2 23 6 5 1 7 6 4 5 3 0 1 0 0 3 1 0 0 1 4 8 2 3 27 27 1 5 0 1 2 0 0 0 9 3 7 0 0 0 0 0 0 0 0 0 0 0 0 0 2 4 0 3 0 2 1 1 2 5 0 0 0 0 0 0 0 10 7 0 0 6 0 0 0 0 1 0 0 0 0 1 2 1 0 1
5 0 2 4 12 7 0 0 0 1 0 8 38 5708 596 707 3033 677 928 727 269 373 634 191 80 97 142 44 54 9 34 24 146 961 154 1154 4313 1895 129 242 834 78 154 34 5 349 774 52 16 0 0 1 16 12 9 10 40 1499 1642 1380 355 32 54 54 66 14 39 815 153 13 13 7 51 57 1307 67 8 0 14 0 6 0 30 6 73 32 17 14 34 5 134 13 1 6 44 218 2 1 26 2 4 1 4 0 2 3 1 1 1 1 0 1 41 28 25 18 198 31 55 78 54 52 39 36 40 12 16 8 5 60 3 5 0 8 64 121 15 17 342 242 29 75 46 3 30 16 11 4 73 123 105 4 4 3 2 1 0 3 0 2 13 2 4 3 9 50 21 46 6 6 14 4 28 119 4 36 5 1 30 4 14 156 68 38 1 118 0 0 5 7 24 5 10 8 2 1 37 9 4 47
27 4 20 10 31 55 4 4 4 11 5 64 611 396 51 410 2167 684 5042 864 767 1261 813 196 238 126 144 59 134 28 63 164 2464 2568 57 54 1895 8477 108 229 1167 142 309 1632 68 1290 583 152 54 13 12 20 111 33 84 73 88 1361 473 893 553 91 129 92 66 120 193 708 187 24 55 108 1977 713 1205 221 46 18 109 2 24 6 212 100 463 172 139 64 164 120 545 69 11 18 105 702 17 20 147 30 17 7 21 16 8 18 5 15 5 0 9 12 94 69 90 60 679 136 133 293 174 299 132 161 146 40 34 25 7 128 51 13 10 118 225 601 42 40 1436 1245 85 245 97 24 135 41 49 12 327 414 309 9 14 18 3 14 12 38 1 14 80 41 20 40 89 148 81 112 38 59 124 48 98 379 17 149 29 23 150 19 154 867 480 117 25 598 4 10 16 20 141 52 19 65 21 19 143 28 18 121
0 0 1 1 7 0 0 0 1 0 0 1 18 318 1153 3231 89 5687 147 95 9 30 52 349 12 7 182 3221 32 2 14 10 16 53 17 7 129 108 10776 12 444 259 414 23 7 450 18 165 40 0 0 0 4 5 10 2 18 287 81 61 7638 105 135 227 5133 12 17 112 4274 24 26 4 17 14 391 269 4 1 4 0 6 0 11 1 9 8 6 26 43 10 204 29 6 16 96 134 0 0 3 1 0 0 1 0 0 0 0 0 0 0 0 0 6 297 292 8 19 502 4 1768 41 802 20 1 3 6 1 66 4 340 10 3 0 2 2 7 4 5 46 94 639 9 701 3 4 40 19 28 69 1015 7 6 8 1 0 9 0 2 0 0 2 1 1 1 2 8 207 380 38 40 5 6 17 24 6 231 1 3 71 4 1 15 56 8 5 8 1 1 4 2 2 14 8 5 1 0 4 3 2 3
5 1 3 1 1 1 0 1 1 3 1 2 7 955 344 46 257 53 144 282 132 1208 1101 4982 1715 4439 1517 28 52 1 6 1 16 31 3159 162 242 229 12 9353 562 417 368 172 3 28 2282 4 32 1 1 4 44 32 26 34 45 36 407 39 21 22 64 47 11 0 215 147 26 18 3 10 100 59 29 16 16 1 30 0 2 1 112 129 224 195 88 10 18 7 32 26 3 7 74 14 1 3 163 14 1 1 0 0 0 1 0 0 0 0 1 1 34 12 2 42 186 33 86 12 71 51 104 44 53 21 13 5 4 24 0 0 0 5 16 35 14 24 293 306 4 77 3 2 22 4 3 1 117 9 49 1 1 0 0 0 0 1 0 2 3 1 2 0 3 43 3 7 2 1 5 3 5 49 0 4 2 2 3 0 2 77 116 4 1 25 0 1 1 3 6 1 1 5 0 1 12 6 2 17
1105 311 1072 428 442 752 161 263 64 204 32 666 55 1497 2627 1553 934 1727 694 798 1894 1979 6090 3346 587 1689 452 351 288 532 733 336 655 488 98 38 834 1167 444 562 11568 5491 1206 229 137 1136 415 555 2807 75 138 172 114 49 1411 1412 120 407 190 75 1155 702 363 118 316 25 229 342 1120 538 338 453 916 167 671 947 193 6 375 9 574 46 822 137 1490 255 240 1178 1947 531 1993 2759 230 672 1272 1058 204 151 373 188 17 19 54 47 19 121 6 14 24 7 25 56 22 22 47 9 63 65 16 200 20 137 23 26 18 6 10 7 0 51 29 9 30 144 32 182 5 5 183 145 61 18 67 11 37 40 60 6 39 259 29 41 108 10 5 37 9 16 9 44 48 16 20 44 48 17 56 84 68 28 50 34 40 47 48 132 28 42 171 23 170 204 67 17 68 166 33 34 170 6 72 150 53 26 39 17 30 4 5 16
8 0 11 1 5 7 4 3 2 2 1 3 26 211 337 383 80 734 195 125 52 262 1336 6093 212 356 232 114 37 7 15 5 8 12 186 6 78 142 259 417 5491 6308 3915 79 83 1050 400 151 1769 8 1 1 27 7 38 31 36 64 68 4 1127 177 233 52 345 9 75 92 1240 103 34 7 35 14 97 675 5 1 12 0 28 2 46 39 64 69 46 103 294 99 1566 470 15 153 1124 51 0 5 71 8 0 0 0 1 0 1 0 1 1 0 0 0 6 10 31 5 8 11 2 85 8 49 8 1 1 1 0 3 0 26 3 0 0 0 1 4 0 0 19 20 27 3 41 0 2 15 28 2 20 242 5 7 12 1 0 14 0 0 1 2 1 1 1 1 1 2 54 65 16 14 5 2 8 1 11 98 2 2 101 18 1 8 6 5 15 6 2 8 25 1 2 33 7 3 1 0 2 3 2 1
10 2 12 4 16 3 8 4 2 2 1 5 37 627 525 455 138 1600 410 191 98 763 285 1909 594 301 1475 891 287 14 58 13 20 23 520 40 154 309 414 368 1206 3915 10705 140 117 2050 1090 350 1382 16 6 9 141 91 61 60 281 147 279 18 3137 551 3079 4500 2083 17 662 491 2999 268 81 23 106 29 260 1270 12 1 34 1 47 1 280 292 434 423 249 125 419 147 3559 377 34 236 3333 111 5 17 357 61 0 0 0 0 1 2 0 0 0 1 1 1 6 19 58 6 18 65 15 244 18 82 24 2 1 3 3 8 3 43 3 0 0 1 4 15 4 3 44 39 78 9 83 1 4 41 79 5 30 433 13 15 20 2 2 16 0 1 0 4 0 1 0 0 1 4 94 87 25 33 9 9 14 7 22 136 2 7 149 24 2 18 29 5 25 16 4 9 25 1 5 51 12 1 1 0 1 5 1 4
3 1 9 0 0 4 3 1 18 5 0 5 5027 62 27 31 52 114 9167 334 96 151 73 76 97 45 66 39 19 4 4 6 8 5 49 10 34 1632 23 172 229 79 140 7490 2224 788 312 62 48 572 7 73 15 9 18 15 14 11 70 6 95 77 83 21 20 396 43 137 44 27 28 335 1811 3671 38 95 1023 1595 2309 92 35 230 29 26 88 39 44 288 465 741 640 39 4 16 103 19 83 22 52 2 7 3 2 5 2 10 0 7 1 0 2 5 161 91 107 88 392 353 137 409 260 868 296 125 104 32 41 27 11 206 15 4 6 36 93 249 60 51 999 817 59 228 77 13 73 70 106 24 463 438 223 17 42 4 3 35 9 9 11 19 18 16 5 6 42 107 68 112 54 125 39 25 30 193 43 147 14 25 262 49 48 500 971 46 50 271 5 35 37 10 29 124 38 18 4 8 61 20 10 89
1 0 2 0 0 2 3 0 141 5 2 0 4035 4 7 11 9 30 799 49 3 6 0 17 5 2 3 3 4 0 1 0 4 2 0 0 5 68 7 3 137 83 117 2224 11322 1948 4 67 65 4689 3 70 8 1 12 4 8 8 1 0 36 93 62 13 20 5226 6 7 79 28 27 227 135 335 12 45 1898 789 727 90 71 342 8 2 4 3 1 664 644 3560 4293 54 10 24 129 5 591 164 6 0 0 0 3 2 0 2 0 5 0 4 1 5 1 9 154 10 5 13 6 120 24 78 14 2 6 5 9 5 3 16 32 9 0 6 0 11 1 1 64 35 14 6 46 7 11 201 663 20 81 1992 14 62 153 10 8 121 10 4 11 29 4 7 5 7 8 2 386 259 168 1021 22 36 39 18 142 676 23 74 2022 251 10 14 20 26 232 35 27 257 158 15 11 552 99 14 7 5 12 10 7 4
6 0 6 0 7 6 3 1 5 0 0 9 2189 62 86 149 279 6491 7405 293 18 45 35 964 30 20 297 604 68 18 27 7 28 22 44 1 349 1290 450 28 1136 1050 2050 788 1948 7873 49 112 174 63 2 4 14 15 12 10 81 103 33 6 1254 163 525 772 713 2119 69 102 376 65 41 17 119 151 137 315 45 17 49 0 15 2 23 23 32 30 16 96 298 416 1903 139 11 41 431 66 23 7 19 10 0 0 1 1 1 0 0 7 1 0 0 0 46 266 2457 46 75 223 24 3930 200 976 84 8 27 10 12 221 4 580 49 34 0 2 5 29 21 11 227 276 992 37 2057 7 19 290 728 102 365 9627 48 20 40 9 6 44 0 5 2 4 8 6 5 12 20 21 1300 1761 146 1370 48 84 87 74 42 1779 6 26 931 68 9 53 152 75 53 47 8 19 52 18 19 113 42 18 7 3 31 15 23 19
7 5 6 3 1 3 1 2 0 1 0 6 7 2670 397 61 181 105 72 66 102 752 401 2459 3328 603 2012 256 119 5 39 0 85 165 3982 2387 774 583 18 2282 415 400 1090 312 4 49 8603 27 66 1 1 4 109 71 50 41 155 150 3149 211 67 66 386 550 209 3 566 968 98 38 5 133 495 234 141 41 91 0 185 0 12 0 302 293 389 524 1675 20 30 19 108 41 9 35 230 39 11 15 671 79 2 0 0 1 2 1 0 0 0 0 0 3 72 21 2 43 271 55 103 30 101 68 96 55 43 15 15 10 5 39 2 1 0 11 32 94 28 42 379 482 7 63 7 3 32 5 0 0 136 28 71 2 2 0 0 2 1 5 0 0 6 2 3 0 9 36 9 15 6 0 10 5 7 56 3 9 2 1 8 1 17 128 145 19 3 69 1 0 3 3 14 5 6 8 2 1 20 5 1 18
9 0 11 2 20 17 2 5 3 2 1 9 13 55 92 58 22 151 86 35 13 53 13 41 19 3 19 50 66 15 41 22 23 28 6 2 52 152 165 4 555 151 350 62 67 112 27 17610 378 73 3 17 13 4 46 19 36 221 23 6 681 6213 1530 133 343 13 53 75 5716 405 2046 23 59 21 383 9455 32 6 11 7 132 10 29 12 24 28 15 2196 7056 275 1360 248 35 120 667 233 11 12 19 6 2 1 0 0 0 0 0 0 0 0 0 0 1 4 21 11 3 12 3 40 16 14 3 9 8 6 14 11 1 5 13 4 0 5 6 10 3 1 32 19 10 33 13 12 17 263 158 10 50 224 7 242 875 15 29 349 6 7 4 39 6 4 2 9 1 4 106 294 512 42 13 28 20 9 716 470 40 179 1172 234 6 31 5 20 1033 52 55 150 600 4 5 1573 373 3 9 6 11 10 12 10
38 5 27 5 7 5 9 11 4 11 0 4 14 61 97 157 21 155 87 47 18 75 76 243 44 63 47 36 41 18 14 5 8 12 20 2 16 54 40 32 2807 1769 1382 48 65 174 66 378 11009 38 26 23 19 12 109 78 19 24 16 3 209 546 271 44 75 11 55 48 368 537 167 13 25 11 50 445 18 3 13 0 202 12 51 35 31 36 8 634 1714 367 948 6038 245 3620 9647 36 10 7 37 7 0 0 2 0 0 2 0 0 0 0 2 0 1 1 2 1 0 6 1 22 1 10 1 1 2 1 0 1 0 4 2 1 0 2 0 4 0 0 12 9 5 0 6 1 2 32 20 1 6 54 3 20 55 1 1 16 0 0 2 14 1 2 2 0 0 0 11 33 39 6 2 5 4 2 61 54 5 26 134 23 2 6 3 1 64 6 12 22 73 1 0 129 27 2 1 0 1 1 2 3
5 1 5 2 1 0 3 4 126 6 0 2 313 1 1 3 1 6 211 8 2 1 1 4 1 1 4 5 2 0 2 1 3 0 1 0 0 13 0 1 75 8 16 572 4689 63 1 73 38 9009 38 906 5 1 15 6 2 1 1 0 19 71 17 5 6 1187 2 1 26 58 50 145 54 614 3 47 1305 494 347 945 322 4179 7 1 3 0 0 3690 826 3384 357 96 41 24 71 2 447 107 1 3 3 0 2 0 0 4 1 3 1 0 2 1 1 2 10 6 5 7 3 21 4 15 2 6 3 3 4 5 1 2 2 1 0 3 0 5 3 1 20 12 4 13 6 3 5 130 144 4 29 200 3 96 365 8 10 163 78 19 104 154 1 2 0 1 2 0 49 117 159 79 7 12 7 5 190 194 53 115 887 142 2 8 14 6 400 32 74 784 593 2 3 1137 149 5 6 3 6 1 5 3
97 7 82 4 17 16 36 33 11 17 2 12 1 0 0 1 0 0 0 0 5 11 0 4 4 1 1 0 33 32 27 9 27 8 0 1 0 12 0 1 138 1 6 7 3 2 1 3 26 38 12315 12295 33 6 445 56 11 5 2 0 1 13 5 3 1 35 19 6 2 110 28 33 35 32 19 2 25 3 24 252 3428 132 114 15 5 15 12 253 23 9 4 4298 3411 119 15 21 14 51 15 12 2 0 5 3 0 4 0 4 1 1 3 4 0 0 2 1 2 0 0 1 0 0 0 0 0 0 1 0 0 0 3 0 1 12 2 14 0 0 9 4 0 0 0 5 3 1 3 0 0 4 1 23 10 5 2 6 288 57 262 429 5 1 0 3 1 0 1 1 4 12 2 0 4 3 0 3 104 54 6 0 9 12 9 1 2 16 142 17 260 0 0 29 25 3 3 2 5 1 0 1
163 14 136 13 29 18 62 53 21 30 0 37 12 0 0 1 1 0 16 3 0 6 2 5 10 3 2 1 53 75 47 7 32 11 1 0 1 20 0 4 172 1 9 73 70 4 4 17 23 906 12295 24878 88 9 640 54 11 10 1 0 5 36 8 3 4 577 23 16 10 285 59 73 77 382 30 6 301 103 84 8962 8257 2337 197 23 22 31 10 1317 86 61 22 2995 4378 141 47 38 126 71 17 14 3 0 10 2 4 6 1 15 4 3 3 3 0 1 7 2 4 3 0 2 1 5 1 1 2 1 3 0 0 0 1 2 1 11 0 8 0 0 16 10 0 3 1 8 7 12 14 1 2 7 0 88 107 10 7 63 3541 484 3894 2454 22 5 1 4 2 2 4 17 30 98 8 0 5 3 18 9 618 263 54 6 18 28 67 3 19 79 855 188 1421 0 14 179 179 3 40 11 1 1 0 1
2064 115 952 96 266 223 2204 973 203 445 59 284 3 18 3 3 8 4 5 1 19 88 19 52 153 43 59 12 4240 831 541 121 232 76 2 3 16 111 4 44 114 27 141 15 8 14 109 13 19 5 33 88 9140 11030 3922 24 442 113 28 10 33 37 139 74 60 5 1178 260 65 25 5 328 524 117 398 12 215 9 286 5 52 6 1184 1775 220 430 351 24 17 7 30 85 26 20 67 431 246 9436 409 472 27 20 49 39 23 95 12 8 13 16 31 61 2 0 3 2 24 4 5 8 1 6 1 19 9 5 1 1 0 2 34 1 25 135 21 167 2 1 123 93 1 4 6 16 31 1 2 0 3 6 13 1 0 8 0 1 6 5 1 2 49 22 19 59 49 5 2 3 1 1 36 23 42 21 1 5 0 1 2 0 179 183 25 7 2 171 2 1 3 4 81 1 2 24 30 21 34 5 1 9
891 50 416 43 132 84 590 347 42 138 15 100 1 12 3 2 2 4 1 2 11 25 14 41 105 19 32 16 4989 393 356 24 70 32 2 1 12 33 5 32 49 7 91 9 1 15 71 4 12 1 6 9 11030 4422 164 5 386 43 15 2 13 24 110 49 52 0 1018 182 37 14 2 114 148 40 227 22 70 4 92 2 8 1 627 1839 53 220 214 5 11 4 26 16 1 9 44 240 48 1281 299 442 8 2 14 15 4 32 7 2 5 13 15 21 2 0 1 0 5 2 2 4 0 7 0 3 3 1 0 1 0 2 16 0 6 36 9 48 0 0 22 19 0 1 2 4 11 0 1 0 2 4 2 0 1 2 0 1 0 0 0 3 14 3 4 12 15 1 3 3 1 0 12 6 9 2 0 4 0 0 3 0 40 47 5 1 0 31 0 0 1 1 17 1 0 9 11 8 7 1 1 2
866 69 581 87 145 172 625 421 105 207 29 229 1 13 7 12 3 12 9 4 30 107 25 31 100 19 26 10 522 334 254 86 191 52 3 1 9 84 10 26 1411 38 61 18 12 12 50 46 109 15 445 640 3922 164 11763 366 92 104 13 4 24 85 84 23 25 7 179 105 42 90 68 233 367 92 210 35 166 3 212 46 447 19 1808 234 203 220 142 211 136 39 92 1295 159 73 86 243 165 1540 198 139 13 8 23 26 9 61 3 10 10 4 19 27 1 0 2 1 25 2 2 4 2 1 2 7 5 1 2 0 1 4 31 1 22 124 23 123 0 0 105 68 0 2 2 6 23 1 3 0 6 9 10 12 16 3 0 4 21 8 33 15 20 14 10 35 31 2 1 3 4 2 31 26 30 17 3 3 2 11 14 4 131 143 19 7 2 112 11 4 37 2 56 10 4 21 27 13 17 1 1 5
385 56 339 65 103 131 99 130 26 68 13 136 1 4 8 7 6 7 1 2 1814 414 43 20 104 18 18 4 82 170 189 60 104 39 4 3 10 73 2 34 1412 31 60 15 4 10 41 19 78 6 56 54 24 5 366 3497 22 45 9 2 10 48 36 14 12 1 40 64 36 45 32 123 167 60 117 32 58 3 86 3 96 14 3758 25 1813 118 80 108 114 30 49 319 38 42 72 179 65 67 129 55 5 4 15 13 7 29 3 3 3 4 12 29 0 0 0 0 14 2 2 0 0 3 2 3 3 0 0 1 0 0 16 1 10 44 7 46 0 1 37 28 1 3 4 1 15 1 4 0 5 4 2 3 5 4 0 1 2 2 1 6 19 7 1 12 14 0 5 2 3 1 17 4 13 11 2 5 1 4 5 1 51 58 6 4 2 45 8 1 19 2 31 9 5 5 9 8 12 0 0 5
131 71 93 27 864 40 18 10 1 9 2 28 0 127 43 8 11 23 6 4 13 25 19 77 100 12 160 121 6541 4007 8794 8 32 31 16 19 40 88 18 45 120 36 281 14 8 81 155 36 19 2 11 11 442 386 92 22 7620 178 115 16 90 133 501 262 399 0 5952 1021 222 41 14 69 159 47 3155 49 37 0 71 1 17 0 267 435 79 824 424 27 34 6 88 43 4 14 132 4214 17 139 1812 5194 3 1 3 6 0 6 0 1 4 1 0 8 2 3 5 2 15 5 1 19 5 5 1 1 2 4 0 1 0 4 3 0 1 8 7 28 2 1 28 50 1 7 14 2 7 2 1 1 12 51 4 1 2 0 1 1 0 3 0 2 5 4 2 6 3 2 9 16 2 2 4 1 0 3 4 20 0 0 5 3 15 35 9 1 1 16 0 2 3 0 12 1 0 6 9 1 2 0 1 0
17 4 25 7 24 23 1 7 2 11 2 70 3 1623 384 113 509 70 14 20 189 216 65 58 24 11 95 231 213 29 95 4185 3045 5633 31 219 1499 1361 287 36 407 64 147 11 8 103 150 221 24 1 5 10 113 43 104 45 178 6221 1319 5006 218 355 298 59 634 1 164 2356 1020 59 79 467 1333 52 3017 73 37 1 190 0 34 1 162 50 159 69 8 42 32 5 86 39 7 18 106 552 15 27 49 50 6 0 7 3 6 11 0 4 4 1 2 9 1 9 8 4 25 9 3 51 8 25 9 4 2 1 0 4 0 12 14 1 7 15 13 52 0 1 67 78 18 5 20 5 6 5 11 2 8 57 2 4 1 3 0 6 1 4 0 2 8 9 3 9 10 3 22 28 10 5 7 4 12 12 7 37 3 3 33 5 30 61 15 4 8 48 1 3 2 1 13 19 7 8 5 4 4 2 1 0
2 0 4 0 2 4 0 0 0 3 0 3 2 4919 470 68 294 42 20 17 35 58 77 373 77 56 514 303 65 5 27 5 211 1505 679 3508 1642 473 81 407 190 68 279 70 1 33 3149 23 16 1 2 1 28 15 13 9 115 1319 2753 3800 45 92 241 273 463 2 147 1556 220 13 7 57 208 93 368 20 32 0 78 0 5 1 39 34 58 70 34 7 14 8 41 16 6 8 81 39 0 4 71 60 1 1 0 2 0 2 0 1 0 1 0 0 17 7 2 18 115 24 39 21 30 22 48 27 16 9 7 0 0 20 3 1 0 9 13 80 7 6 201 238 4 20 8 1 16 2 4 0 59 33 29 2 1 2 0 0 2 3 0 1 11 2 1 1 9 12 7 9 1 2 5 2 9 25 1 7 1 2 8 0 7 97 53 9 1 42 0 0 2 1 15 3 3 4 0 1 13 4 0 4
3 0 4 1 7 3 1 1 0 0 0 1 0 1199 96 36 203 28 4 3 38 86 51 25 2 3 25 33 12 1 6 92 1273 7525 68 766 1380 893 61 39 75 4 18 6 0 6 211 6 3 0 0 0 10 2 4 2 16 5006 3800 3831 35 9 15 6 57 0 6 919 71 0 1 12 172 5 995 8 2 0 6 0 1 0 14 4 19 5 2 0 5 1 5 3 0 0 2 104 0 3 6 2 0 0 0 1 0 1 0 1 0 1 0 0 1 0 0 3 2 3 1 11 1 4 2 0 0 0 0 1 0 2 0 0 0 6 1 10 0 0 19 18 2 1 0 2 1 1 0 0 0 12 0 1 1 2 1 0 0 1 0 0 0 1 1 1 5 1 3 1 1 1 2 0 1 3 0 1 0 0 1 0 2 15 6 0 0 9 0 0 0 0 2 0 0 0 0 0 3 0 0 1
9 1 1 0 9 1 3 1 1 1 0 3 31 143 282 280 164 4570 265 165 25 79 41 1123 45 23 174 568 98 13 48 12 34 67 22 4 355 553 7638 21 1155 1127 3137 95 36 1254 67 681 209 19 1 5 33 13 24 10 90 218 45 35 9302 427 1135 982 2246 60 93 172 5010 141 142 12 68 24 395 7684 6 1 10 0 32 3 32 38 46 55 16 171 407 78 4042 156 21 89 724 148 7 8 33 9 0 2 1 1 0 0 0 1 0 0 0 0 14 40 470 13 20 50 8 701 47 178 23 4 3 6 1 53 4 148 11 17 0 2 3 14 8 3 73 85 206 23 617 1 9 154 374 33 106 2646 15 18 44 5 3 27 0 7 1 3 2 7 2 7 8 9 479 656 82 140 20 50 34 27 37 765 8 11 483 50 2 18 23 30 47 25 14 15 29 9 6 94 40 7 2 1 9 14 8 9
33 1 20 1 24 30 3 14 6 4 0 11 17 146 224 120 30 166 83 35 20 108 23 72 59 26 44 116 184 37 69 30 28 52 22 5 32 91 105 22 702 177 551 77 93 163 66 6213 546 71 13 36 37 24 85 48 133 355 92 9 427 18300 10830 512 1400 13 165 233 4641 10228 1461 27 73 20 624 1596 31 6 41 10 510 85 72 61 85 91 40 622 1085 444 1227 618 271 1891 5724 359 18 21 48 20 2 0 2 0 0 1 0 5 1 0 0 0 5 4 19 15 3 19 8 46 6 24 8 7 9 8 13 11 5 6 8 8 1 2 2 7 4 1 25 17 9 38 16 12 13 202 101 2 29 189 14 405 1228 10 42 382 9 7 16 116 4 3 0 5 4 5 88 270 490 30 17 21 18 11 648 357 92 296 999 186 6 24 20 16 891 36 167 176 1125 6 4 1732 517 2 8 1 4 5 10 9
10 1 10 2 30 3 0 5 2 3 2 12 17 408 417 160 33 407 129 73 47 300 36 164 236 51 259 556 521 34 120 20 24 22 121 26 54 129 135 64 363 233 3079 83 62 525 386 1530 271 17 5 8 139 110 84 36 501 298 241 15 1135 10830 29714 8189 12298 8 718 644 6755 1464 140 18 56 23 693 1118 13 1 21 1 57 3 250 266 293 356 156 137 617 233 2100 149 84 513 5983 274 7 26 254 65 0 0 1 1 0 0 0 3 0 0 0 2 2 12 19 7 12 18 5 83 6 38 6 1 2 0 0 9 1 20 3 3 0 1 2 11 1 5 23 22 33 3 41 4 3 41 51 3 20 192 5 21 75 3 4 44 1 1 1 5 1 0 0 2 1 3 47 72 61 14 0 2 3 6 99 112 7 22 233 35 2 8 11 6 141 10 12 29 62 1 4 193 43 2 1 1 1 0 0 3
5 2 7 0 4 2 1 1 1 1 0 1 28 399 176 109 29 749 201 34 28 133 14 498 156 23 2593 3003 170 9 50 1 15 13 303 22 54 92 227 47 118 52 4500 21 13 772 550 133 44 5 3 3 74 49 23 14 262 59 273 6 982 512 8189 7339 6463 9 412 394 929 133 30 9 23 11 111 117 2 1 12 0 20 0 123 154 148 190 91 27 71 17 358 27 7 43 536 29 1 13 157 70 0 0 0 1 0 1 0 0 0 0 1 0 2 54 76 4 9 93 7 431 8 106 5 2 3 2 1 13 1 65 0 2 0 2 1 7 1 1 21 31 150 2 160 0 3 19 3 5 14 328 4 3 6 0 1 1 1 1 0 2 0 0 1 0 4 3 73 105 10 17 3 1 5 6 6 84 1 5 30 7 1 7 18 3 5 6 2 1 7 0 1 14 4 2 0 0 0 2 0 0
3 4 6 1 29 10 1 0 0 1 0 1 31 998 1747 611 45 918 103 44 19 52 28 194 38 13 441 3334 299 34 111 8 22 58 110 31 66 66 5133 11 316 345 2083 20 20 713 209 343 75 6 1 4 60 52 25 12 399 634 463 57 2246 1400 12298 6463 12972 6 300 830 10713 284 84 12 23 12 901 180 9 1 7 1 18 2 72 80 76 87 30 24 115 21 403 63 21 73 713 212 4 14 52 53 0 1 0 0 0 1 0 1 0 0 0 0 2 62 192 7 16 82 3 832 22 132 9 2 3 3 1 40 2 126 3 2 0 2 4 7 2 1 33 42 273 5 510 0 10 51 56 12 30 1243 10 4 18 2 0 11 0 4 0 0 1 3 0 3 3 11 228 400 47 45 10 12 20 18 7 368 1 6 94 8 1 7 17 13 16 7 0 2 13 2 0 35 9 3 1 0 4 4 3 3
2 0 4 0 0 0 2 0 51 2 0 3 3225 1 1 4 14 86 936 28 1 0 0 3 2 0 5 12 2 1 0 0 4 0 2 0 14 120 12 0 25 9 17 396 5226 2119 3 13 11 1187 35 577 5 0 7 1 0 1 2 0 60 13 8 9 6 1708 1 1 11 9 4 59 34 538 2 14 607 557 173 578 89 855 4 1 2 2 0 454 119 328 561 18 5 5 23 1 205 40 1 0 0 0 0 0 0 0 0 1 0 0 1 0 4 13 631 2 3 43 1 274 26 162 9 3 3 1 2 4 1 20 1 0 0 2 0 2 1 1 37 36 15 3 23 0 1 29 159 23 57 1241 1 9 14 2 2 15 70 1 63 50 2 0 1 1 0 0 49 63 22 2188 2 1 8 5 17 66 9 10 241 25 2 6 45 4 18 16 22 29 42 1 1 56 6 2 4 1 0 2 1 1
1017 217 850 167 411 236 76 199 52 140 26 252 1 62 25 14 9 33 8 4 29 158 73 270 719 122 285 95 8769 795 1766 98 246 83 21 6 39 193 17 215 229 75 662 43 6 69 566 53 55 2 19 23 1178 1018 179 40 5952 164 147 6 93 165 718 412 300 1 14271 1512 207 67 10 332 486 130 1574 80 170 1 277 1 28 2 825 3564 593 3548 1711 31 76 16 131 70 9 41 267 1203 159 298 2744 3632 18 12 32 25 17 79 5 12 15 5 16 39 8 2 7 6 33 1 6 19 5 9 11 9 8 1 3 1 0 10 25 2 27 100 25 131 1 1 103 100 4 6 7 9 26 4 6 1 13 26 12 2 5 6 2 4 2 9 2 2 33 15 14 35 35 6 11 8 3 3 27 12 31 28 2 8 7 1 10 5 115 132 35 8 2 91 2 1 7 1 50 4 2 28 31 16 8 2 0 8
21 3 21 6 13 18 7 5 5 4 0 16 7 1439 271 68 208 72 24 15 87 249 58 322 443 40 500 348 392 25 312 26 231 823 136 401 815 708 112 147 342 92 491 137 7 102 968 75 48 1 6 16 260 182 105 64 1021 2356 1556 919 172 233 644 394 830 1 1512 1929 484 82 30 299 854 299 2442 57 183 3 332 2 21 3 459 543 535 1008 649 31 46 17 129 56 12 24 196 101 14 21 1260 1224 3 4 5 3 1 2 0 4 0 0 1 3 8 4 6 9 98 15 14 43 19 35 13 28 10 10 5 5 1 17 5 1 1 29 30 134 8 8 229 259 8 14 14 6 21 3 4 1 35 83 13 2 2 2 1 1 1 5 0 2 13 7 8 7 8 10 24 19 6 0 10 11 14 24 1 22 5 2 25 2 28 160 71 11 4 108 3 2 8 2 27 12 4 18 6 2 19 2 0 6
12 2 6 3 42 17 6 1 4 1 0 8 17 479 1208 622 92 1001 92 93 38 144 83 218 82 38 87 639 232 35 110 38 54 112 50 16 153 187 4274 26 1120 1240 2999 44 79 376 98 5716 368 26 2 10 65 37 42 36 222 1020 220 71 5010 4641 6755 929 10713 11 207 484 15460 709 735 19 66 25 1471 6145 25 4 24 1 149 6 85 82 101 90 49 342 718 120 1638 228 46 191 1515 565 20 17 82 23 0 0 3 0 0 3 0 2 0 0 0 0 1 17 189 14 18 29 8 308 27 86 9 3 6 3 5 19 4 63 32 16 0 2 10 13 1 2 64 56 68 25 285 2 11 207 392 21 73 1609 15 56 121 7 5 99 0 2 2 8 7 11 5 8 10 10 439 439 168 67 31 55 51 31 127 830 18 41 915 171 4 15 15 50 158 24 18 34 95 10 15 233 90 14 5 1 21 10 18 6
59 6 42 2 7 8 12 16 0 9 0 10 6 28 52 58 11 67 29 16 8 62 11 42 23 18 19 22 77 16 35 14 12 5 8 1 13 24 24 18 538 103 268 27 28 65 38 405 537 58 110 285 25 14 90 45 41 59 13 0 141 10228 1464 133 284 9 67 82 709 7766 3781 17 24 7 124 330 19 0 14 35 3084 344 68 23 40 48 22 1570 580 205 476 1508 2060 3250 3509 63 7 10 30 9 0 0 2 1 0 1 0 1 0 0 0 0 0 3 9 7 2 5 2 16 3 5 3 1 3 2 5 1 1 0 7 2 1 1 2 8 0 0 14 10 3 10 7 6 5 79 29 2 11 64 3 245 473 9 23 138 32 26 80 334 2 0 0 0 3 1 26 79 167 10 4 6 5 7 167 94 168 345 296 50 8 7 7 1 255 18 277 105 1373 1 0 724 275 6 6 0 1 7 1 3
27 5 32 3 12 11 11 8 0 6 1 11 5 11 27 22 9 44 38 11 7 13 4 15 4 4 7 11 22 20 17 12 19 17 2 0 13 55 26 3 338 34 81 28 27 41 5 2046 167 50 28 59 5 2 68 32 14 79 7 1 142 1461 140 30 84 4 10 30 735 3781 6106 11 31 10 129 1054 18 0 17 27 5218 227 17 3 11 11 7 1297 1052 200 499 910 619 360 263 86 5 7 9 2 2 0 3 1 0 3 0 1 1 1 0 0 1 1 4 3 0 4 1 11 1 7 1 4 4 2 2 1 1 2 0 0 0 3 0 8 3 1 6 6 5 13 9 8 7 62 41 3 4 57 3 242 594 17 9 125 12 14 45 244 1 0 1 0 1 2 21 78 178 12 5 11 3 5 103 62 131 314 238 29 2 9 6 10 172 18 207 101 1266 1 7 684 297 4 3 0 1 2 2 2
