16.1199945297697 24.3781025955122 26.9108726055599 39.8389382528748 46.580715757747 53.130442884724 22.7683580397623 21.7432181994673 48.6973724075364 49.9211547398084 61.4239433898926 65.0392368542178 128.085540771484 144.508995056152 200.088857014974 0 187.73210144043 214.42748260498 210.928217569987 217.403265380859 114.121108596389 121.819019913673 153.270562744141 163.101936340332 163.367267227173 199.199635823568 204.386057535807 101.259422302246 36.0093372822833 29.1003261475762 52.0302574602442 74.3110001842428 106.545560567971 159.545252990723 0 113.082633972168 150.942556762695 167.825355529785 0 180.998236083984 95.1286311878877 157.307236671448 191.548168945313 149.797373453776 132.344482421875 182.493670145671 189.025767735073 178.569953070747 148.946994781494 169.679888916016 147.555448001193 154.140615217525 101.319542670435 87.5562739431122 117.366853260278 105.653185470383 77.8095029001018 120.118536556468 144.637676239014 145.676244099935 177.520599365234 175.248371471058 182.430354309082 193.933511352539 152.350626627604 165.948486328125 81.9818053906646 158.050368172782 176.360970815023 180.859797332246 175.588044343171 97.4529279302604 144.787615682565 103.340208136517 122.202255636959 174.299224853516 130.997077782949 116.476247151693 126.008366603477 168.798941718207 182.836956863403 162.253698175604 115.838087769393 101.138162483508 111.986503783862 99.1175331158584 149.768585606625 187.405304655023 188.55512807067 185.316149902344 185.454216851128 137.069884726784 168.694787572642 176.597593454214 181.170762224895 81.7752650171264 83.5676345923512 50.0917266152028 134.058757678883 121.983846552232 151.435818509358 162.30553012424 59.4715739883899 165.471955369158 162.52447915379 154.413825762378 141.184088234589 127.1910672869 145.633438931979 114.275998345737 142.168576650909 156.712403005483 0 162.679992675781 0 0 154.33357925415 231.242706298828 238.195831298828 192.200622558594 208.943054199219 0 187.713500976562 180.034543355306 184.826605224609 163.734283447266 0 0 0 0 166.200858959253 141.94856262207 158.881761939125 157.800044827693 147.661483764648 156.820287595476 0 208.182418823242 172.377275848389 186.602644178602 0 224.929153442383 190.141555786133 193.759271474985 183.045541452807 196.063735961914 199.357406616211 0 220.852996826172 165.039184570312 211.627141316732 241.781311035156 234.722880045573 208.399159749349 232.937026977539 220.850601196289 196.552591959635 232.797989845276 192.431900024414 227.008906046549 207.278206380208 197.943539826766 194.856697328629 176.943977437994 149.292846016262 148.100362141927 0 0 228.011133829753 0 193.992929490946 177.327289679112 166.522195113333 166.119436899821 240.053985595703 177.152221679688 222.745018005371 214.419521331787 204.877815246582 0 144.754423271526 152.822442531586 140.88495016098 168.759112040202 198.594924926758 147.429244165835 218.241638183594 203.624557495117 217.282897949219 184.674591064453 203.355899121388 229.644641452365 236.08910369873 157.070524379185 118.815648150444 152.432650629679 194.083101469895 170.65329284668 177.225967407227 187.101715087891
24.3781025955122 14.314094857757 20.3933380573159 24.3443754606788 27.0844857334554 46.1763853203847 73.2860647042592 93.9683496301824 85.492232778798 64.8189122702486 62.8008423931194 59.3321607235889 0 153.200775146484 161.900772094727 0 0 0 0 0 125.708164760045 132.236969947815 157.433975219727 196.616424560547 126.883152008057 176.97455851237 0 0 78.9210621328915 30.2998928704606 41.3736963464579 90.197951875884 99.9082110535865 134.096670150757 0 0 0 167.526317596436 0 178.362655639648 105.00689513277 0 224.33895111084 247.708602905273 0 0 201.453872680664 0 158.431671142578 216.474014282227 156.958849225725 182.413557870047 131.35688801641 116.997382507324 136.433294876762 121.330208642142 72.0971351408623 158.331300735474 0 0 157.521728515625 179.894561767578 220.22233581543 194.043228149414 199.875198364258 0 93.5235675864505 163.373392740885 168.150428771973 195.73117574056 188.253671264648 97.9620728079728 157.003584935115 87.3660348510742 142.035602276142 193.058624267578 108.230385335286 0 117.359364393281 0 200.96382023738 203.426452636719 132.642557705966 113.480308196124 120.040295318818 106.067102515179 141.92213567098 202.480601917614 204.581153869629 0 183.01416015625 159.723181265372 175.300350189209 183.841201782227 175.406024932861 134.015538435716 93.5004652196711 107.251850529721 146.901548113142 118.44319152832 168.873004781789 170.861405806108 153.055144580443 169.040590892119 166.366234842936 160.158282251801 158.107354164124 154.315763092041 166.457869720459 129.284281278911 149.537524087088 160.896175601618 0 0 0 0 188.510009765625 0 0 0 0 0 0 193.479946899414 235.653442382812 0 0 0 0 0 169.723781678735 0 157.98807800293 156.784804728494 156.133581978934 156.582159785901 175.887969970703 0 158.136053902762 160.700225830078 0 0 0 188.129281997681 180.041898225483 218.411697387695 163.135025024414 0 205.883392333984 186.693092346191 156.310646057129 232.824325561523 0 218.164591471354 0 189.939895629883 0 232.76526184082 0 220.460998535156 209.833685672644 201.161865234375 197.30752286044 173.592471560916 151.981334392841 0 0 0 0 0 195.135366300257 183.144661458333 166.397923060826 171.97683207194 0 0 244.580322265625 245.470947265625 0 0 150.177920123331 153.126434576316 124.913938903809 0 0 142.161912487399 221.742095947266 202.314346313477 224.205337524414 186.268035888672 204.521735586771 208.470031738281 0 162.097139630999 125.263735568885 174.784120178223 197.178763756385 0 0 184.890375773112
26.9108726055599 20.3933380573159 15.0807595493097 26.031614744087 68.7955256829994 33.0107661313474 50.5174143747452 20.2651764169241 55.2791787598484 23.9770622217735 47.6663976442756 24.6224970911722 0 170.315330505371 178.264877319336 201.694477081299 201.176071166992 241.123428344727 0 154.629295349121 120.918230396833 132.740845602067 124.846424102783 199.497451782227 156.738392966134 179.280026753743 185.703680855887 205.956069946289 78.8520983409474 60.7594835007996 88.5412175399622 95.3214273151599 113.741668509237 160.648402320014 208.12622833252 212.295440673828 187.82982635498 173.315689468384 167.943466186523 174.581960042318 100.270158547074 167.552914706143 196.047265370687 171.85316128201 189.22191619873 207.72048441569 169.447308858236 197.257127241655 168.759201049805 209.640530395508 156.978624111269 169.022696214564 124.227873906368 108.949858683806 132.051668964852 116.277016001113 90.4342108695738 130.575393676758 163.810939788818 163.915267944336 159.149536132812 186.864496612549 211.816456604004 194.490611485073 192.770291646322 207.067260742188 90.2349619697122 153.028428577241 189.608278910319 190.802622840518 187.71444940567 96.4740692492779 166.050799238572 106.601730311358 156.513295826159 197.576809969815 124.165782979329 95.0313034057617 118.732111141382 164.854114532471 192.293509250217 185.315360329368 127.819955498111 108.294751607586 118.191352431839 109.362842608102 168.846636454264 199.082963761039 199.573798125645 203.138531494141 200.041617584229 150.820674380741 178.261001586914 183.034936814081 192.307688626376 138.487059615379 73.6498456272653 83.8653243598291 142.406049304538 150.685126766082 159.021745208307 159.009885819232 76.4489637885083 163.574179778228 164.103863068443 154.194572752729 152.660934400558 129.614807178772 148.548253512944 118.428948769203 142.726873259762 155.481738578546 0 231.116424560547 0 0 153.690932533958 180.677368164062 205.470886230469 163.577621459961 0 0 0 189.660709838867 174.245710754395 0 0 0 230.665008544922 0 165.921319569256 186.553384145101 153.743429245049 153.958436850345 144.420289357503 152.980218762029 0 0 160.285064234878 159.40512344685 0 168.634719848633 248.694381713867 191.931556224823 176.425498962402 210.191848754883 176.295360565186 0 148.258733113607 205.737210083008 184.668741861979 244.794708251953 226.730211530413 212.195818764823 231.449475606283 192.775161743164 233.813652038574 228.660893576486 210.993232727051 235.444961547852 205.309527271199 197.442743725247 198.037692153663 170.663872509468 143.110236875473 161.701293945312 164.584045410156 213.591323852539 241.054351806641 158.535488128662 194.306772912067 173.812763278767 154.191446940104 154.902493286133 0 177.679412841797 231.384167141385 237.421498616536 207.398706054687 244.347068786621 144.523230507933 151.149500427246 136.140203522473 218.053226470947 203.760368347168 136.232910906682 214.29522895813 209.875534057617 223.481109619141 189.244827270508 200.707603753782 227.937919616699 240.390983581543 155.974672819439 117.698884814089 164.248762286151 185.884171825344 206.461802164714 245.762466430664 182.328941345215
39.8389382528748 24.3443754606788 26.031614744087 14.2452640307113 22.7341636767252 20.729143720463 74.515900160137 120.816323500413 81.4667188326518 63.761200912239 54.6202091217041 29.0284276459275 0 0 115.131851196289 0 247.102951049805 0 0 139.074490865072 106.091589791434 117.73307925365 147.852012634277 0 178.989298502604 0 168.383941650391 0 79.1684752438976 39.3345401584648 36.1694423622968 70.1210136736854 89.0553267796834 114.502764383952 0 139.709732055664 148.76672744751 171.679608154297 145.329727172852 182.992630004883 95.8323702767631 137.25358581543 180.478401184082 0 0 0 178.280512491862 183.773612976074 164.917224121094 203.975082397461 170.438957214355 169.195010845478 132.09356379509 116.83505763564 135.467464403174 115.158988952637 71.2648135997631 110.98887525286 0 120.459785461426 0 240.85009765625 175.258728027344 0 152.741790771484 0 95.5960056053664 181.008491516113 168.482747395833 239.282836914062 186.096878051758 83.6413098718847 146.826057665276 72.9195949185279 117.555231509001 197.469207763672 106.323155975342 0 104.629456806183 0 192.295539855957 0 129.337712849656 108.985489514409 113.643782958196 95.7817400086601 153.532338460286 192.314350474964 219.708018711635 198.882766723633 180.600509643555 170.592685699463 184.181993756975 194.86897277832 180.52961730957 96.4182932000411 76.6014035247093 103.106435856349 113.635397338867 110.209501266479 166.730592798304 151.404820760091 155.314109006135 157.88214327838 157.381209153395 153.331411652893 159.129410614838 144.486765654191 152.799953745372 117.388743860581 137.477974573771 151.076997917117 0 0 0 0 140.570789337158 0 0 167.779113769531 0 0 0 176.384791056315 190.352459716797 0 0 0 0 0 165.668031056722 144.3984375 153.606210327148 149.96493792178 131.65435900007 148.28646594566 0 0 157.200530342434 166.198791503906 0 166.616752624512 0 182.174402509417 170.786310195923 231.316421508789 146.012367248535 0 0 179.595993041992 136.492904663086 247.301315307617 248.04020690918 211.402297973633 220.657760620117 168.383148193359 224.420715332031 231.559742518834 0 240.944061279297 200.239089647929 191.424377865262 190.878569863059 167.26275654843 133.743091505401 133.148101806641 0 216.847808837891 0 218.301208496094 192.966022267061 170.573205453378 149.402464866638 153.951560974121 0 0 238.307807922363 237.229034423828 199.547027587891 241.443283081055 140.37142100701 143.393077349422 146.682187398275 0 0 131.309440123729 0 0 205.633982340495 176.82080078125 198.225792685708 210.552467346191 242.451141357422 144.199283838272 118.693379953367 165.677275127835 179.8396189763 179.999170939128 186.758583068848 190.184600830078
46.580715757747 27.0844857334554 68.7955256829994 22.7341636767252 17.1970649117963 31.3277313057841 54.1021698296315 69.3806032251429 79.2293853759766 80.9113220908425 59.4453449997247 49.5980584747443 0 106.588332436301 123.395524342855 172.91382598877 73.6922378540039 178.36675008138 104.419227600098 138.992225646973 97.2417307788541 99.1198819891199 125.651342773438 135.27335357666 110.820203340971 111.08154296875 230.375701904297 127.434885660807 51.1788454170446 35.5448565182926 20.3576529045675 37.6171283721924 61.2007501940184 83.937594237151 134.470581054688 110.077377319336 104.400804519653 103.160496127221 108.194778442383 124.482879638672 88.992689253518 130.504518127441 155.789116859436 0 0 123.738901410784 172.125198364258 145.804599761963 158.923396519252 190.980880737305 153.545943765079 162.222947482405 116.631849848238 101.067841240854 125.155996020087 111.308806780473 33.6170986427201 86.129998366038 168.714488983154 84.0888530186244 130.270074632433 152.934132258097 148.211852010091 176.081399917603 117.976161299081 0 71.3308782554311 127.618043165941 128.741697402227 176.870034354074 179.519470214844 78.6592984417685 92.9188121567425 82.1845044453939 77.6527036031087 148.231178283691 101.742054462433 162.854537963867 97.7734958301891 159.773147583008 182.40440842201 174.507049560547 119.942674986355 99.5442116395483 104.174780269086 86.5444395610264 143.596393585205 186.371848611271 183.545023991511 181.393124389648 185.075803484235 145.486471993583 171.695661756727 183.736974716187 170.90508863661 24.2430613542464 77.8670990432518 79.8495314209549 113.489632228635 75.0780276707241 158.313442707062 155.676247278849 146.482970828102 155.592454376221 148.257737201193 153.000132700843 142.85072517395 134.201557159424 155.27433189979 120.5534178905 137.55456480688 153.331664224273 195.628768920898 193.728973388672 159.453872680664 0 156.075996398926 0 0 166.166595458984 0 171.160873413086 0 172.492904663086 193.330057779948 0 199.253974914551 0 0 0 151.622094290597 0 143.930518680149 144.864416812329 140.592376708984 146.677081298828 0 0 156.681221485138 158.66342010498 196.596964518229 135.409606933594 159.978286743164 179.048895263672 180.051391601562 192.959594726562 158.434234619141 128.795379638672 174.611968994141 178.917332240513 140.057067871094 238.631195068359 186.702529907227 204.440795898438 0 207.848960876465 173.828140258789 224.041328430176 166.3642578125 227.987655639648 201.55884475708 189.908706665039 199.956283569336 177.139909597544 133.079897712259 0 188.960098266602 166.174774169922 0 215.853912353516 192.077985975477 160.281202043806 143.780450439453 217.644104003906 188.204818725586 0 231.623847961426 240.652740478516 232.134475708008 187.249099731445 138.120132204086 140.305450227526 117.775224685669 206.657684326172 217.710113525391 132.901368103027 206.83145904541 174.655944824219 0 182.183570861816 198.746872795953 194.133857727051 239.998077392578 160.154423713684 116.602131746253 169.4705768932 173.734069824219 150.377044677734 0 0
53.130442884724 46.1763853203847 33.0107661313474 20.729143720463 31.3277313057841 13.3023494422547 66.8706065283881 66.4086712841019 85.0359178082696 41.1951732134092 58.47602121666 24.0525801341722 0 142.41766166687 137.581295558384 167.402084350586 161.662130737305 0 183.616035461426 144.617530822754 100.2581425717 103.252136435744 102.942251841227 173.178548177083 130.076214877042 148.510517120361 173.729675292969 0 83.5189939546986 54.6012490843429 41.8308872200574 21.4580898766822 48.5278183879832 83.1099849623077 0 0 97.9868518284389 105.335149036754 0 178.081008911133 97.2683505504689 133.941991533552 196.337575276693 155.799686431885 185.430648803711 146.457721710205 140.608965555827 148.645420747645 193.400704956055 0 166.128496646881 173.619277106391 134.962107637003 122.406758081345 139.973057458567 119.07655608199 74.9744427680969 98.4963405443275 127.423971176147 112.587874094645 110.196189880371 165.580355326335 165.496958414714 175.897911071777 170.541555786133 0 98.5899192680747 177.52177005344 134.540954141056 192.478485107422 184.36811135032 76.2213811549735 82.2706583475013 78.9058347429548 106.091220458349 138.35453338623 107.655184795982 0 90.7595007473365 184.705764770508 196.794151306152 0 132.548171376425 112.182219554469 113.750191674342 101.288764366737 145.314014141376 199.441864861382 197.310376680814 189.927474975586 171.023417663574 155.970515367461 197.764892578125 186.169093540737 180.037114461263 47.8517997221425 69.4868000166218 90.8155393509638 108.984409332275 137.552230834961 160.574904501027 154.987343993368 113.870693680752 156.019931009838 156.421900588854 147.931931992828 151.458759416853 140.217945170852 144.074701528196 111.66689437961 133.364976155009 147.396887920655 142.581039428711 187.315437316895 0 212.371063232422 151.325674874442 193.833485921224 0 157.093521118164 194.393104553223 196.202796936035 168.599807739258 162.847927856445 178.182871500651 0 0 0 0 171.734474182129 164.156355698903 181.238156636556 147.206841515713 145.636413526336 132.047855176424 144.653326271778 0 0 160.394570704869 159.919761657715 147.896354675293 0 0 180.969090779622 171.682857756919 212.962738037109 169.181935628255 0 139.643193562826 223.191421508789 133.059745788574 0 242.649337768555 211.766940572987 211.669937133789 184.215209960938 230.845364888509 226.988410101997 222.975570678711 232.912326812744 201.82347998681 195.528038024902 193.967880249023 166.561476184476 137.515657082582 199.238235473633 0 170.441940307617 182.606307983398 191.64892578125 188.988466839458 173.714789757362 153.434921991257 169.467363145616 176.345184326172 180.054023742676 236.570854187012 242.298309326172 204.821997070313 0 135.801122370306 143.265096602901 115.023961580717 219.555358886719 220.258819580078 126.689877365575 195.348047892253 0 195.700283813477 189.579260932075 197.536122639974 214.626133510045 234.823266601562 146.469041868698 110.016545287276 162.691324121812 180.54737296937 189.686373901367 0 204.778869628906
22.7683580397623 73.2860647042592 50.5174143747452 74.515900160137 54.1021698296315 66.8706065283881 10.2772555027915 18.4285945711154 11.469848977982 34.563460825516 59.6803735294697 74.5598279597086 86.4690500895182 120.68822479248 0 128.95198059082 0 0 0 0 106.238468463604 131.193623134068 176.335021972656 141.16242980957 159.871701558431 0 158.171310424805 116.437705993652 27.5597992696476 40.9155324090804 56.0036794865718 73.3179306030273 88.210740272035 86.0163285391671 0 0 0 145.532962799072 0 0 83.7104608050044 117.550519943237 163.085844993591 150.658782958984 123.297693888346 175.062840779622 230.75422668457 142.983734130859 129.607814364963 155.068944295247 120.711428324382 135.882681446691 76.8122910674384 61.1687302443941 89.5618151489258 78.2180442424736 86.3863934410943 145.242904663086 0 95.6287689208984 170.047058105469 169.201329549154 0 207.379989624023 174.746841430664 82.4751281738281 74.078829263386 168.023330688477 162.553067525228 151.342592875163 148.037680886009 76.1392039282847 103.308744812012 81.7189809799194 99.9946676400992 152.421646118164 76.1630273419757 75.4450664520264 97.3134336973491 127.36537361145 158.358222198486 144.453800201416 90.0215540248478 81.6317931397321 99.5553170028998 102.887754293588 150.362331390381 162.527483488384 164.029813878676 163.62329864502 166.040145874023 111.790612365723 148.831504458473 154.605321611677 149.062673568726 70.3421544796083 36.2070417027228 23.1960455370938 137.583980560303 115.571668624878 116.504655514123 148.287482791477 118.254896212847 157.515703924771 148.183433250145 147.54739689827 126.134020755166 94.7909220645302 128.197589802292 101.714267969131 132.141002972921 142.066675235064 0 115.752899169922 0 0 110.207984924316 0 0 215.226318359375 130.726379394531 0 123.975898742676 166.820297241211 0 158.723846435547 0 0 0 0 157.802325439453 136.34614944458 141.733576774597 144.775228182475 110.936443328857 144.913811206818 0 0 157.618067264557 132.300758361816 0 0 180.072387695312 205.219301859538 168.034379959106 0 0 0 141.029369354248 191.438226318359 152.663284301758 215.082260131836 218.280120849609 0 0 211.200714111328 186.833831787109 221.127772013346 0 213.936859130859 199.408232552665 169.441524505615 181.811848231724 164.897981007894 143.465700785319 0 146.272796630859 212.518737792969 0 0 189.24548457219 173.010650634766 174.837169647217 151.327816009521 0 0 214.502069091797 206.722633361816 212.199867248535 180.156921386719 143.081455127613 142.989605779233 77.853510538737 175.871566772461 203.972427368164 129.572258903867 183.736785888672 0 206.120811462402 0 183.009090076793 204.381149291992 0 176.779495239258 110.775101310328 125.69420506404 174.150690714518 0 0 0
21.7432181994673 93.9683496301824 20.2651764169241 120.816323500413 69.3806032251429 66.4086712841019 18.4285945711154 10.1787475173772 14.025092127718 18.0538405121306 49.3833778989671 59.7028698910584 0 0 239.333312988281 0 0 0 0 0 133.351959228516 125.481536865234 0 0 172.030410766602 0 148.846603393555 0 63.2476000203551 52.8338175334783 76.1406661563449 103.967268371582 119.643645714069 163.982685089111 0 0 0 179.062141418457 0 158.443664550781 91.1099468709851 128.376551310221 203.821460723877 224.855972290039 0 210.075408935547 203.04549407959 195.672149658203 145.595294605602 178.42554473877 136.750865820682 152.606142295981 99.2725304880956 85.5860608895162 111.688401355879 96.1759346595177 100.849305725098 180.077602931431 0 168.453674316406 190.18782043457 172.620799473354 180.111920166016 187.427383422852 0 0 78.892483140955 122.091156005859 188.570739746094 178.34588432312 176.35548210144 91.5427841307625 155.92155947004 91.6681652775517 152.53288269043 214.994338989258 76.3217122695025 64.9837341308594 133.064434653834 160.197326660156 174.075366627086 157.238159179688 109.107062917007 90.8332705566849 105.794760952106 106.202380968177 145.889030456543 181.252223317216 180.741895121913 174.408411661784 186.147644042969 128.546423536358 167.632867564326 180.592082977295 172.207993643624 115.026095222024 25.3533582935488 49.2519667283095 132.725047520229 129.944208780924 143.322912680136 148.083484943096 38.9771394575973 160.776084445772 155.234485859774 149.298272789071 142.305089314779 109.415207015143 139.284812518529 108.457609520584 136.110496642098 151.093282417015 0 183.875885009766 0 0 142.866746520996 159.565032958984 0 0 0 194.395278930664 225.252426147461 170.195552825928 178.102973937988 170.174087524414 0 0 0 0 167.398147319925 0 147.894498109818 151.5758934021 137.600021362305 147.695246965457 0 0 142.441537857056 193.689509073893 0 0 0 191.192176818848 181.80385499842 0 134.383804321289 0 183.877021789551 200.5263671875 0 213.840553283691 214.481811523438 204.893356323242 248.350402832031 170.74766031901 196.467264811198 227.52012125651 178.823020935059 204.049234008789 199.862002165421 183.937045288086 192.778027004666 174.848095286976 136.523916739005 0 0 0 0 0 193.376837990501 175.177894592285 152.640887451172 174.346527099609 0 180.511474609375 225.105560302734 0 218.606903076172 0 145.261502711893 154.542213193832 121.433079310826 186.359466552734 0 125.022616322835 202.348037719727 0 219.214909871419 179.675979614258 201.292326572963 202.761520385742 236.181854248047 159.552577972412 119.85434919788 143.879776825776 186.481063842773 0 0 0
48.6973724075364 85.492232778798 55.2791787598484 81.4667188326518 79.2293853759766 85.0359178082696 11.469848977982 14.025092127718 6.46987322710253 19.180898004073 51.5897814092182 72.1995688869529 74.4422335905187 0 0 114.698165893555 0 0 172.250564575195 0 95.3796615600586 116.169616699219 105.653065999349 0 0 133.744613647461 0 0 72.8161100534292 64.5141604122699 80.6043483189174 63.0380768611513 74.3899460586847 184.372276306152 0 0 0 138.922731399536 127.726699829102 208.656509399414 98.4172617793083 177.237075805664 125.02808380127 112.371677398682 98.6356611860559 116.875323486328 0 159.837173461914 143.510469436646 110.5934554206 131.120158108798 157.030377342587 91.9597570297166 84.9847337631952 110.833603631882 101.942968221811 89.9260940551758 66.2059745788574 0 0 115.15404510498 185.440045674642 192.498756408691 178.73469543457 0 85.4483884923598 92.3097092555119 106.624526977539 138.55717086792 0 0 53.9640949850213 103.520594755809 48.4001666289109 134.936920166016 117.660980224609 35.4022107987177 58.5714850955539 68.3493119376046 145.230214657991 174.833131056565 129.065813579257 113.29355383819 96.7195516887464 113.856715498299 112.93964099884 184.818740844727 150.346703992571 147.141719309489 124.94675554548 125.641862487793 125.573482751846 155.184326171875 186.499691772461 206.545944213867 93.8155100504557 17.0407645108309 20.8575007384093 138.166152954102 147.125045776367 122.305449112602 122.684374491374 104.19430936616 156.138861283012 125.386744181315 143.120933992317 116.151147569929 105.969281959534 124.00808596611 92.3579079310099 120.296076739276 143.903064290031 0 0 0 110.067426045736 108.398062388102 112.031576792399 121.925447463989 0 127.647468566895 144.009811401367 119.262200673421 144.096974690755 138.774005889893 155.047286987305 96.3806838989258 0 0 0 165.345692225865 0 141.013147081648 135.395174199885 108.372131347656 129.511155296774 0 0 124.074716491699 122.109669458298 0 148.032638549805 0 175.264623006185 163.389385516827 194.047576904297 162.044364929199 0 109.7392578125 165.229971749442 129.916011810303 190.225219726562 189.432971191406 197.880722045898 0 0 198.511535644531 188.960716247559 196.043963623047 217.843876429967 196.754909515381 177.405757141113 175.286098480225 147.725319862366 145.364343431261 0 0 0 161.30152130127 171.738540649414 169.568860567533 157.402521769206 129.076245625814 145.118367513021 0 159.273483276367 220.396026611328 226.937629699707 172.507292314009 158.557571411133 123.742576452402 117.982069832938 76.1420818675648 186.135383605957 181.839576721191 112.507042121887 0 161.105428059896 218.383527119954 143.914581298828 183.065668206466 190.999664306641 166.34797668457 149.006830003526 93.4747144525701 130.199010637071 151.517944335938 134.285217285156 0 0
49.9211547398084 64.8189122702486 23.9770622217735 63.761200912239 80.9113220908425 41.1951732134092 34.563460825516 18.0538405121306 19.180898004073 10.6852168129136 16.3188091178871 25.1204581853032 92.0232620239258 237.030868530273 246.207626342773 206.353317260742 120.507400512695 0 208.920379638672 0 120.088691348121 117.441140608354 147.44898223877 0 168.36792755127 0 239.113616943359 0 67.7057477238127 61.1227759989825 83.563833588048 64.6502434930136 63.5252109206883 152.051145076752 0 0 192.015640258789 170.186211325906 0 151.063023885091 96.1237486110014 173.121276855469 197.490074157715 121.077239990234 115.397166442871 0 142.424438476562 162.239837646484 153.736369739879 125.473509470622 143.858660080854 157.778858184814 107.836831004968 95.2672221142313 120.665634118416 103.197345958037 111.223643832737 96.2713838057085 211.026682535807 0 204.024459838867 196.502494812012 212.068394978841 208.849807739258 245.868041992188 93.5870895385742 82.106248147147 149.96185874939 225.879348754883 175.352981567383 199.051793416341 40.8053756225594 108.188597224309 62.8688570295061 149.410420481364 207.532037353516 37.3071236412418 67.0992965698242 62.9994675939567 183.895484924316 178.59860496521 173.075511932373 116.011170133137 99.0398513187062 112.783282664285 105.300559548771 146.771438598633 186.027095400054 189.517189025879 141.166973114014 177.154964447021 140.0703561306 166.165050506592 171.234981536865 168.735389709473 116.445677984328 16.7188007780453 47.2923568374462 140.6439037323 132.390219370524 129.742090525805 136.246433223059 126.016614672902 139.214237098119 134.781083679199 127.755785306295 123.288389146593 94.2193421909952 123.697851534243 89.3085110206304 115.116728103767 129.701305870461 127.568984985352 0 126.608692169189 135.425964355469 123.411414010184 131.608871459961 134.735122680664 215.896423339844 0 138.833587646484 134.750015258789 146.489909057617 160.190687699751 0 136.854293823242 0 0 216.186859130859 144.048535903828 152.905516052246 128.879747182018 127.93747514294 106.843571472168 126.852199370603 0 0 129.833208592733 136.616450287575 0 123.765436808268 176.355964660645 162.967914212135 156.841438717312 0 154.870890299479 134.958019256592 139.690284729004 172.842333475749 151.010627746582 216.528118133545 233.613817850749 187.605698067801 210.403170776367 149.079459054129 220.542852783203 207.759755815778 188.202509562174 227.993000030518 184.52731897077 171.825149954182 176.835077514648 148.732612293619 115.821800667899 112.849426269531 0 205.164840698242 202.67000579834 115.070458984375 171.956802937522 154.148362258385 126.785757024237 125.123805999756 0 194.473513793945 218.18106842041 229.178784179688 172.345373971122 0 118.011294392706 122.682485613907 94.3259867792544 206.83503112793 226.716690063477 108.43107347903 185.005163192749 196.306419372559 213.014921824137 184.388298034668 177.56243407327 219.189666748047 223.096374511719 132.504605407715 91.5687052257149 129.785158216583 167.093783995684 147.288569980197 156.741694132487 159.314426422119
61.4239433898926 62.8008423931194 47.6663976442756 54.6202091217041 59.4453449997247 58.47602121666 59.6803735294697 49.3833778989671 51.5897814092182 16.3188091178871 7.84878097277767 20.2144633286174 0 0 0 0 0 0 0 0 90.7628801133898 111.123086547852 0 0 175.167709350586 0 0 0 89.7055573272705 72.4830032117439 79.7145875549316 63.9463055729866 61.4268320771151 0 0 0 0 139.534593963623 0 149.076644897461 100.37041926384 149.95182800293 145.567520141602 0 174.063804626465 0 0 195.093521118164 0 0 141.447479248047 0 127.511024475098 121.853256225586 135.319211236362 119.108714177058 105.238384246826 98.8621826171875 0 0 0 0 137.869380950928 0 0 0 109.839081690862 0 0 0 207.953369140625 38.5680510053425 99.5420128215443 80.6763151417608 108.180917739868 0 75.470701429579 130.210098266602 68.4552051348564 226.135803222656 205.415277099609 0 138.34455168481 106.074911117554 126.229381561279 135.462910970052 0 215.641790771484 211.74208577474 0 203.46044921875 167.009442647298 0 180.113845825195 0 84.554133605957 27.8467923281102 66.9329717239896 100.248776753743 0 137.492345525863 132.615545373214 131.125231340707 136.918255843515 135.596853423537 128.12258663258 129.963336031202 104.201350068393 125.290205993652 91.3873006081095 117.373796987534 129.068587693301 0 0 0 0 132.15703125 142.662780761719 0 233.691207885742 147.84391784668 190.005661010742 0 122.131057739258 170.820678710938 0 0 0 0 0 140.962526448568 171.259094238281 127.971429889122 127.219926198324 128.743869781494 126.034386479577 0 0 128.441353389195 129.206198883057 0 133.172546386719 0 165.743541717529 163.887856038411 0 144.740776062012 0 126.844451904297 161.258712768555 214.687759399414 0 0 195.784113566081 0 156.444295247396 239.860733032227 217.589866638184 201.128540039062 230.014981951032 185.212490081787 169.705043538411 169.757682106712 153.033007108248 120.255920858944 0 142.360168457031 0 214.121078491211 124.570658365885 173.933767089844 163.195826810949 127.683362325033 145.734512329102 0 0 227.078105926514 228.816139221191 182.314041137695 0 120.359406828149 127.7288209475 96.2163162231445 189.55339050293 0 107.922685555049 176.580596923828 0 222.961603800456 152.481658935547 181.198048467221 207.802973429362 223.888061523438 134.072592885871 91.9581050781542 143.875389748431 171.262508138021 135.920623779297 236.511642456055 0
65.0392368542178 59.3321607235889 24.6224970911722 29.0284276459275 49.5980584747443 24.0525801341722 74.5598279597086 59.7028698910584 72.1995688869529 25.1204581853032 20.2144633286174 17.6790740813363 0 147.058235168457 200.220211029053 103.579078674316 199.330535888672 116.77978515625 201.896780395508 175.156089782715 101.549450597722 105.366641859294 119.913258552551 185.246114095052 117.035047912598 146.711227416992 156.859153747559 110.147415161133 95.0641498115828 70.2390753763228 59.5073711319725 28.326024826473 28.4992265447026 91.1807916540849 215.350021362305 0 140.734884262085 121.505860209465 114.859245300293 173.256889343262 104.590322339857 170.687016805013 182.451406860352 170.07200012207 0 148.891297234429 173.129711151123 165.171010335286 163.313739776611 202.618911743164 172.320266723633 189.696787241343 137.380627242612 127.250841064453 144.826931749369 125.746578440947 104.177902766636 68.8174712044852 166.494489034017 35.353832244873 121.832623799642 188.626668756658 183.873931884766 220.791305541992 145.94189453125 229.37727355957 104.044153758458 148.601421356201 129.284843444824 192.964971923828 191.426896528764 36.7668860949232 69.1117696110795 91.009452009623 97.7024788727631 203.004610334124 97.6929168156215 96.4586906433105 75.3869334533151 190.594657897949 211.972472618366 0 140.321610033893 122.445002920968 122.042011429183 106.842037104759 174.002708435059 199.773469924927 204.456445867365 0 196.496234893799 161.861032598159 190.416842651367 201.567596435547 183.392443847656 61.1628821633526 49.7338229117634 85.3802225559316 117.620759898219 144.115775214301 158.644900465665 151.197109707919 86.2992288565474 153.276492059826 153.038035891977 145.27574864503 154.744319068061 124.809968061225 107.886662907175 109.674589827254 132.628942646352 145.095569447153 0 0 0 0 155.027346293132 149.40731048584 0 221.794631958008 223.259704589844 0 0 164.904251098633 185.6692439488 161.480555216471 174.41828918457 0 0 182.979141235352 158.026682985422 191.492968241374 144.763462886428 142.55420544078 133.116331736247 141.137617651438 0 0 155.156770324707 153.753068691347 175.995590209961 202.453653971354 0 182.875678128974 174.142692565918 240.438568115234 163.061576843262 0 186.809494018555 195.130899047852 164.47105662028 220.840469360352 227.057739257812 204.973171092846 0 175.930039978027 231.938351101345 222.777564383842 211.751622517904 240.129947662354 198.813468539838 193.888879200769 186.796824065732 165.201516463618 133.668302385431 139.733963012695 176.918411254883 203.11301574707 211.777359008789 143.80327351888 189.792680185052 164.053354197535 151.750800274788 140.700852203369 0 204.578536987305 236.020562564625 238.839290618896 206.799157714844 198.398101806641 134.484825021819 141.19763714717 121.316862378802 194.396138277921 0 126.254000196652 202.373058319092 158.484199523926 218.730628119575 186.971165974935 195.095119799598 225.207406180246 232.398244222005 149.588536580404 107.503761591401 163.262747593415 181.660111183344 180.089027404785 228.785224914551 178.787928263346
128.085540771484 0 0 0 0 0 86.4690500895182 0 74.4422335905187 92.0232620239258 0 0 10.6731776427978 135.87179851532 134.801691691081 144.790989875793 43.9992066420518 31.346567808627 29.5932202680779 41.8704844675791 149.83203125 125.111583709717 114.006076812744 84.5770596590909 129.503425598145 101.783164978027 100.65871720087 75.3361552768283 143.931205749512 0 95.9507369995117 191.860992431641 119.151346588135 121.849521636963 97.7954343159993 0 44.8761648880808 55.8371667409294 97.2160684797499 117.723098754883 102.555908064409 74.2250799032358 101.23985795717 22.8401055430854 18.4326028625909 19.0638430271044 174.552119663783 130.761804140531 99.5987374441964 45.4704954738434 99.2161865234375 106.09867032369 141.816177368164 140.70182800293 172.529556274414 161.203842163086 0 137.874799092611 89.5268630981445 0 127.796075328704 108.591267305262 93.2638267068302 70.4251214436122 66.7719316790181 26.1408962430141 170.049728393555 146.806312561035 98.1569478652057 106.996180216471 133.489517211914 72.7766630842879 68.3827712585876 28.2824849168541 147.330950737 117.898217337472 63.7091788424652 22.5598642101421 59.4754511662301 79.4934032664579 125.759684244792 70.0768366919623 171.471795654297 138.344367980957 194.653327941895 233.513671875 0 90.0083206649375 82.5745483148293 55.717742841342 74.3061238107411 133.146479797363 97.1287841796875 107.608291625977 108.189929803212 140.524374008179 67.0073024728204 94.6575571695964 157.771286010742 0 0 0 0 193.102447509766 0 147.383316040039 0 113.664090474447 126.120086669922 99.1943435668945 0 163.184097290039 123.374158685858 99.6746625446138 70.879563208953 107.988582187229 122.892302958171 97.56808779475 127.139319971988 84.8675743253607 123.18795501709 95.3938241616274 118.786766899957 137.451219177246 166.448490142822 125.276185469194 131.899198532104 116.19221496582 124.868095397949 100.912498286513 181.59992980957 157.798404693604 142.045501708984 166.138702392578 138.583793640137 120.090398788452 121.208263821072 0 127.426892015669 124.244554764185 82.4277890183543 143.273028055827 92.3747553144183 0 142.109558105469 122.72446902593 86.4339234488351 76.733295249939 103.380075687315 84.6083077838604 134.790493011475 141.051454397348 134.447985480813 0 108.505355834961 104.311591428869 0 0 107.358184814453 164.746671040853 205.953880310059 204.485768636068 210.772613525391 156.322952270508 142.935361862183 123.293147495815 84.94027314535 101.314184656683 97.6850926799159 37.9652403006876 170.270533243815 165.028587341309 141.880876541138 143.867636871338 116.701902389526 95.1334330664741 204.119583129883 154.32056753976 98.5550068248402 104.873890740531 135.117146083287 119.186446742008 54.9914381945575 146.898664474487 107.203730773926 140.518201616075 0 77.7980016561655 147.624005934771 167.515930175781 198.006103515625 120.526309526884 136.811489985539 140.802744547526 124.095659255981 156.050567626953 184.519250488281 182.799270629883 129.674110412598 117.470222473145
144.508995056152 153.200775146484 170.315330505371 0 106.588332436301 142.41766166687 120.68822479248 0 0 237.030868530273 0 147.058235168457 135.87179851532 12.6379702734634 18.4398078636022 43.8001320864506 18.1494387783207 72.3399608318622 104.701083114467 72.9280147838593 74.8513878548499 83.1854171359662 56.6048848995796 65.6704808863346 65.1826150757926 54.5141757047629 40.676853259882 34.2408565846015 100.471912818619 93.0572493703742 74.7405279509875 77.8666027614048 75.9475784301758 41.2583146401171 18.0135770359053 23.1709491204189 20.5633641669779 46.308381417785 57.2873485613169 45.8931186361463 72.5868359669575 71.1423742827646 80.83351590949 85.47513094256 119.168199539185 116.962087692753 42.4069151999799 115.167514038086 103.695979008909 235.16455078125 0 0 151.125389946832 135.829655329386 153.617239145132 154.662717819214 90.5463320814718 59.6098421864207 34.3722000316915 35.1319191577138 85.2687122104885 116.989679205908 91.8287123698814 66.0662406978751 66.6008463995251 192.542327880859 109.607376467797 63.2426175269259 83.2268863192182 136.891936165946 136.250696355646 135.825573921204 121.220987047468 56.1487695876866 70.1671322083473 125.784160614014 136.261210850307 0 116.976483962115 0 165.441360473633 0 148.982890078896 137.582384338379 120.843605735085 118.512659345354 98.1538469314575 161.449273502125 139.862172105577 153.864606584821 131.100589942932 121.912236443881 151.385462443034 122.749773928994 106.426790086847 75.4164964147361 0 127.551116943359 96.9019461737739 97.7637023925781 180.660949707031 0 0 203.728729248047 227.753021240234 216.135375976562 203.760818481445 0 0 0 0 0 119.237411317371 116.158146449498 123.229027884347 116.865123625725 107.89762613445 116.216629452176 118.680701011469 142.516408459894 126.196470002205 129.091612749322 116.27112124183 121.695555241903 133.033316916608 122.079325866699 110.019911629813 147.618159823947 142.932545979818 128.362104741538 186.792816162109 0 0 128.863082885742 120.838896070208 128.355096899945 124.59513557248 108.972087436252 125.105960336493 120.65836725094 134.201282246908 125.389961436643 140.290813173567 0 131.133008728027 167.648874282837 129.34287516276 133.349095662435 107.472662219295 138.49260698285 122.016780853271 192.344253540039 172.798456827799 172.145284016927 0 0 0 201.459930419922 0 233.531723022461 210.270818074544 190.045532226562 223.937622070312 187.849868774414 135.294148763021 115.470202902089 126.559493170844 162.085264882734 153.674779891968 116.530334472656 165.359371948242 178.485677083333 147.138554890951 128.56197335985 0 146.176892207219 210.90505472819 0 165.555398420854 146.629989624023 138.172276814779 120.410155773163 73.29712761773 139.544277445475 180.9303855896 118.101536448409 0 0 196.725280761719 156.585565185547 180.67408074273 200.923025512695 185.571161905924 179.775625610352 0 0 149.29978773329 137.384311676025 0 131.349965948808
