41028 13630 7985 7538 1206 3315 14039 12037 152 1571 268 2217 4 13 29 52 36 40 12 24 298 122 19 19 37 4 16 39 5834 9255 435 35 21 83 1 0 114 118 75 15 1466 10 25 5 10 11 10 104 54 21 98 171 325 609 250 204 149 13 9 12 48 118 40 32 83 8 426 59 164 71 130 58 17 22 156 33 73 6 16 14 397 29 685 342 918 209 41 156 87 10 42 244 197 92 84 217 283 3180 70 6 67 50 184 349 73 570 18 14 58 95 178 194 0 0 5 1 1 0 1 7 5 6 4 7 0 0 0 0 0 3 5 2 41 115 0 49 1 0 23 13 3 2 4 0 14 1 1 1 2 24 1 0 1 0 0 1 1 0 2 1 3 4 1 10 24 0 3 4 0 2 10 1 1 1 2 5 1 0 10 3 154 49 13 1 1 98 4 0 11 0 4 4 0 8 120 28 3 0 0 0
13630 3521 2168 8534 606 1332 67 108 33 94 75 427 1 1 0 1 1 3 1 1 132 27 4 0 7 1 3 1 345 6572 158 18 7 3 1 0 8 7 4 6 678 1 2 1 1 4 3 8 5 2 9 18 18 31 39 45 14 2 1 2 2 10 6 2 2 2 99 5 10 7 29 41 2 34 14 1 25 0 6 3 68 5 72 85 319 82 4 18 15 0 4 24 22 10 7 23 129 53 19 0 122 90 245 473 110 946 23 27 68 143 335 460 0 0 1 0 0 1 3 2 3 2 2 11 5 0 0 0 0 0 27 3 94 233 0 55 1 0 5 5 1 1 0 4 29 0 1 0 0 7 0 0 0 2 0 0 0 1 0 0 15 13 1 25 42 0 0 0 0 0 12 4 0 1 0 1 0 1 3 0 455 49 21 0 0 248 2 0 1 1 9 0 2 20 268 49 6 0 0 0
7985 2168 10593 7120 42 1630 463 11171 164 6131 893 23658 1 0 1 4 1 2 1 6 98 23 3 2 7 1 6 2 364 278 34 17 11 7 1 0 9 11 2 2 507 1 9 2 12 2 1 10 14 6 16 34 63 58 73 67 10 5 3 0 3 24 5 6 10 0 117 16 12 17 19 77 6 47 11 3 72 1 14 2 95 11 107 87 306 75 7 31 21 3 12 59 43 15 23 21 549 271 30 1 234 155 540 1036 216 1897 34 55 192 394 642 725 0 0 0 3 0 0 1 3 4 2 0 11 2 1 0 0 0 0 39 0 119 287 0 59 0 0 9 7 0 2 0 4 34 1 1 2 0 3 2 1 0 2 1 0 0 4 0 1 8 15 6 27 41 0 0 1 0 0 18 5 0 0 0 1 0 1 1 1 596 44 26 0 0 273 1 0 1 6 10 2 0 18 564 85 7 0 0 0
7538 8534 7120 21116 7696 6640 71 152 93 132 131 1673 0 0 2 7 6 8 4 4 308 78 6 5 10 2 3 2 306 5566 1989 17 18 17 0 0 16 29 11 2 858 3 6 3 5 3 1 11 10 4 8 20 19 32 18 50 15 4 3 5 5 8 3 6 9 0 89 4 15 5 12 102 3 54 27 3 55 1 12 1 40 2 64 83 352 109 6 17 11 3 5 24 15 6 12 49 301 62 41 0 194 158 391 671 194 1526 36 51 130 252 545 783 0 0 3 0 0 1 0 7 3 4 2 12 6 2 0 0 0 0 54 8 160 388 0 96 0 0 10 8 0 2 0 7 38 1 4 0 0 8 2 1 0 0 0 0 1 1 0 0 15 23 4 36 85 0 1 0 0 1 22 5 0 0 0 0 0 0 2 2 816 77 31 1 0 440 0 0 1 3 6 4 0 24 499 100 7 0 0 1
1206 606 42 7696 17056 8520 200 51 14 27 161 1119 22 30 72 128 147 184 167 91 791 352 57 24 30 6 12 53 1742 4495 8545 356 181 311 4 2 545 780 173 12 1093 14 31 22 10 71 12 52 20 3 9 27 23 81 44 71 1707 31 36 63 103 52 31 45 132 11 343 97 235 14 38 100 122 18 591 18 21 1 10 2 58 1 106 179 608 282 104 31 24 2 96 39 43 17 29 1793 63 148 113 175 11 9 12 19 4 87 1 2 3 7 30 48 0 1 11 1 0 0 2 31 8 11 3 5 1 0 0 1 0 3 5 3 13 65 0 37 1 1 14 9 12 1 7 3 6 1 8 1 4 73 3 0 0 0 0 1 0 1 0 0 1 3 0 2 15 1 6 13 2 3 2 2 1 0 0 6 0 0 27 4 92 35 12 0 4 56 1 1 5 1 0 5 1 8 35 3 0 0 0 0
3315 1332 1630 6640 8520 13950 176 238 118 536 868 16220 80 13 59 106 183 263 431 147 977 583 83 28 34 10 22 16 242 4963 3456 5635 834 295 2 1 400 1360 106 9 967 19 53 74 54 162 8 73 43 13 5 25 43 44 29 51 27 60 13 30 133 57 24 34 79 34 83 46 231 7 54 457 259 149 174 23 158 13 53 2 48 5 92 123 541 256 11 30 25 12 259 36 19 17 34 923 852 175 137 2 135 128 259 550 169 1198 13 50 80 118 436 707 0 1 28 1 0 8 8 59 18 40 10 20 6 1 0 0 0 8 40 7 176 570 1 194 2 3 48 39 24 2 17 6 65 4 35 1 13 139 3 0 1 1 0 1 0 5 0 3 23 32 8 34 133 0 8 19 3 16 24 12 1 0 3 18 2 2 44 7 1004 149 69 3 6 641 1 0 6 9 22 16 5 39 486 75 15 2 2 1
14039 67 463 71 200 176 12305 12058 748 3263 669 436 3 2 6 3 13 14 5 6 68 21 6 2 9 2 2 6 2635 1199 102 13 11 16 1 0 35 28 15 2 282 1 10 4 36 5 4 26 35 32 43 95 416 690 198 99 23 7 1 3 8 44 10 6 18 18 125 17 24 41 72 174 11 41 39 10 267 22 51 19 203 25 468 141 249 46 15 105 52 11 24 112 78 33 30 68 1283 6730 17 3 16 11 41 97 15 125 2 4 16 30 40 48 0 0 0 0 0 0 0 5 1 4 2 2 0 1 1 0 0 0 2 1 17 32 0 35 0 0 7 8 0 1 0 1 2 0 4 0 1 7 0 0 1 0 0 1 1 1 2 2 3 0 0 1 12 1 2 0 1 1 1 0 2 0 0 1 1 0 6 2 55 29 8 0 2 29 3 1 10 0 3 7 0 1 23 4 1 0 0 0
12037 108 11171 152 51 238 12058 33272 355 22367 1835 3265 2 2 0 1 4 0 2 1 66 12 1 3 10 0 6 5 673 688 18 16 7 6 0 1 8 9 6 5 543 3 3 2 4 2 5 34 27 8 38 89 191 251 129 92 19 6 2 2 7 23 10 6 7 5 120 10 16 42 38 63 2 15 22 11 119 4 14 5 202 11 287 141 344 58 9 65 41 12 19 86 70 31 27 22 522 1341 13 0 64 43 158 325 51 456 16 7 44 117 150 144 0 0 0 0 1 0 2 0 1 0 2 6 1 0 0 0 0 1 7 0 19 47 0 21 1 0 6 6 0 0 0 1 6 1 1 0 1 2 0 1 0 1 0 0 1 1 0 2 0 4 0 3 8 0 1 0 0 0 2 1 0 2 0 1 0 2 2 0 94 16 4 0 0 38 2 0 1 0 3 3 0 4 65 17 5 1 0 0
152 33 164 93 14 118 748 355 1446 1164 470 397 18 1 1 0 0 1 2 2 47 18 9 1 5 0 0 0 78 40 6 60 60 2 0 0 2 9 1 1 27 0 9 20 244 16 2 6 5 338 26 87 290 64 71 2 0 4 0 1 3 1 5 2 0 80 12 0 2 3 12 480 40 224 18 3 1007 102 129 120 95 224 23 10 20 5 1 315 134 193 122 6 5 1 10 35 5152 1890 7 0 2 3 3 10 1 19 0 4 1 2 3 9 0 0 2 3 0 1 2 1 1 6 3 2 1 0 1 0 0 1 1 0 4 17 0 11 0 0 7 4 0 1 1 0 3 2 3 0 4 13 0 0 5 0 0 1 8 1 8 13 1 0 0 1 6 1 1 4 2 2 0 0 0 0 3 9 1 2 43 3 26 25 21 1 3 29 2 4 8 0 1 26 1 1 13 5 1 0 0 0
1571 94 6131 132 27 536 3263 22367 1164 31901 16412 24869 1 3 2 2 4 0 2 1 45 9 0 2 10 1 1 2 359 146 20 25 12 4 1 1 7 15 1 2 183 0 1 1 13 1 0 17 10 17 16 27 227 148 99 34 12 4 0 0 3 15 4 0 3 10 71 11 11 12 25 192 6 47 14 6 662 12 24 8 65 13 131 57 138 22 5 38 26 8 15 51 30 14 17 21 1764 1382 8 0 157 83 480 833 133 1319 35 29 134 345 372 423 0 0 2 1 0 0 0 0 4 1 0 6 4 0 1 0 0 1 18 3 32 127 0 34 1 0 7 7 0 0 0 1 18 0 3 0 3 3 1 0 0 0 1 1 1 0 0 3 9 9 7 15 16 0 0 0 1 1 6 2 0 0 1 1 1 0 3 0 209 15 17 0 3 85 1 0 4 0 3 1 2 5 266 55 3 0 0 0
268 75 893 131 161 868 669 1835 470 16412 10103 5582 42 1 5 3 20 34 98 18 140 86 20 6 3 1 4 2 102 174 46 72 103 19 0 0 20 199 16 3 194 3 12 38 73 72 0 14 7 22 5 10 99 37 15 15 4 7 0 2 16 5 5 5 7 26 36 1 23 3 13 718 61 193 32 11 582 23 101 4 20 8 43 34 99 32 3 20 14 9 134 17 6 5 5 137 5630 440 22 0 160 128 353 611 174 1256 32 75 88 243 477 598 0 0 8 2 1 2 3 21 10 15 14 30 3 2 0 0 0 0 33 2 164 446 0 169 1 1 21 21 5 3 1 4 58 4 13 3 6 43 1 1 2 1 1 1 4 6 3 1 16 24 3 35 95 3 5 6 2 3 27 14 1 0 2 4 6 6 23 6 823 148 64 0 5 498 4 2 8 5 21 11 5 35 465 68 21 0 0 0
2217 427 23658 1673 1119 16220 436 3265 397 24869 5582 24617 94 5 26 44 81 81 310 71 628 334 48 6 23 9 3 6 176 1485 501 1377 1872 132 1 0 153 691 52 7 726 5 24 168 79 135 7 33 14 24 4 25 106 38 45 36 12 93 14 14 46 26 12 17 43 36 62 20 99 5 25 1461 241 313 167 16 449 30 205 13 64 16 81 63 329 153 11 40 31 22 205 25 22 6 22 602 4003 401 92 1 298 264 562 1083 309 2328 44 99 182 329 865 1229 1 0 24 1 1 11 9 29 22 29 24 40 16 3 1 2 0 1 77 9 335 933 1 365 2 3 81 56 10 5 3 12 111 2 20 1 16 108 1 0 1 1 0 2 3 5 2 3 34 39 7 74 196 4 8 6 2 8 37 13 1 3 3 5 6 2 35 4 1670 314 116 3 4 1039 1 1 8 7 29 6 1 71 900 167 28 3 1 0
4 1 1 0 22 80 3 2 18 1 42 94 8723 2 4 7 13 1114 3503 55 1 12 1 66 1 4 67 24 6 3 6 126 65 4 2 1 3 317 26 7 63 12 83 3701 7012 9089 4 13 12 964 21 58 2 1 0 0 1 6 2 0 27 8 20 110 46 3893 6 6 21 2 11 343 294 2065 17 8 200 298 235 124 42 245 3 4 3 2 0 194 125 263 718 11 2 2 24 84 40 11 6 0 3 5 0 3 10 9 0 5 0 0 3 5 11 21 1161 21 5 120 22 1252 135 1063 84 7 3 2 4 17 7 81 23 3 15 15 3 40 26 6 94 85 271 32 129 1 15 36 606 33 187 3582 7 1 8 3 1 8 5 7 9 5 3 2 1 2 9 6 194 170 28 287 8 19 4 2 7 71 4 3 272 18 20 83 100 6 10 57 0 18 32 5 1 77 6 9 14 4 3 4 3 1
13 1 0 0 30 13 2 2 1 3 1 5 2 7538 8538 485 1381 138 68 18 46 29 364 923 6 121 6782 1290 215 26 122 1 1 39 4735 6492 791 18 147 501 732 23 157 2 1 13 588 6 32 1 3 2 6 9 4 8 144 73 473 87 20 13 15 150 321 0 105 537 58 11 8 4 4 9 218 3 0 6 0 0 9 0 13 19 38 17 22 5 4 0 9 15 6 7 41 43 0 2 7 26 1 1 0 0 1 1 0 0 0 0 0 2 38 54 21 87 2 207 40 228 165 695 314 7 5 5 3 30 66 185 3 0 3 4 1 4 141 19 28 49 13 127 10 0 9 22 7 3 88 59 23 2 6 0 2 1 0 0 0 0 0 0 0 0 3 20 5 41 6 1 2 0 1 4 2 3 0 7 6 3 4 16 41 2 3 37 0 0 3 0 1 6 9 1 2 0 0 1 0 0
29 0 1 2 72 59 6 0 1 2 5 26 4 8538 14334 11299 1815 1738 141 1122 118 50 728 466 10 73 2948 2946 211 74 135 7 8 46 891 397 753 23 686 154 2133 60 139 4 0 27 145 40 160 1 6 2 4 4 8 7 103 67 136 34 147 38 26 92 405 1 58 255 282 16 28 4 5 21 170 23 1 7 1 1 19 0 20 20 30 11 13 14 16 4 27 85 13 29 137 165 5 6 9 22 1 0 0 0 1 6 0 1 0 0 0 4 48 54 27 100 9 232 73 202 201 649 368 16 7 9 6 43 87 179 2 0 2 9 0 5 146 26 56 99 26 193 30 0 12 26 8 2 120 98 31 11 4 0 1 2 0 1 1 0 0 1 0 0 4 30 5 50 3 3 1 2 1 4 3 3 2 9 15 1 9 41 44 3 1 44 0 1 12 1 1 10 12 2 2 1 0 2 1 0
52 1 4 7 128 106 3 1 0 2 3 44 7 485 11299 9868 234 4644 2123 1494 35 21 198 174 8 41 146 2365 331 145 217 16 8 68 14 58 432 75 1670 32 1665 83 84 4 2 56 53 35 87 0 5 3 1 17 6 4 155 82 52 36 125 22 16 59 100 3 74 230 280 15 19 3 8 21 185 19 2 3 1 0 22 1 21 18 37 12 5 14 7 1 16 60 11 18 86 280 1 10 5 21 1 1 1 1 2 2 0 1 0 0 0 3 46 73 133 41 9 183 35 530 130 846 101 4 4 14 5 36 68 326 5 1 8 9 1 19 93 15 67 84 151 85 156 2 15 29 35 16 115 347 16 3 7 3 0 2 0 3 0 0 1 2 0 0 8 11 13 89 10 10 3 5 4 6 4 25 2 2 10 2 15 51 43 7 2 57 0 0 5 1 0 13 6 9 4 0 2 3 0 1
36 1 1 6 147 183 13 4 0 4 20 81 13 1381 1815 234 3320 290 763 1359 93 102 316 47 13 18 37 44 112 105 149 54 36 57 116 127 1476 744 24 25 495 4 26 16 10 16 74 6 27 2 1 4 2 9 2 3 42 81 62 18 10 9 4 7 18 6 22 149 20 3 7 32 41 76 158 4 5 43 9 0 5 2 5 13 34 18 13 4 4 2 10 23 5 8 29 412 4 9 12 14 3 5 1 1 7 15 1 1 0 0 4 13 53 26 19 120 22 104 157 39 476 130 449 29 21 13 20 24 55 38 3 1 33 33 3 47 119 59 199 242 7 344 8 1 20 25 2 2 181 32 128 6 3 0 0 2 0 1 0 0 1 1 0 1 14 115 10 21 5 4 2 2 4 14 1 11 0 1 9 12 41 222 87 11 5 158 0 0 3 5 1 5 12 5 10 4 7 1 2 0
40 3 2 8 184 263 14 0 1 0 34 81 1114 138 1738 4644 290 14728 2074 1253 51 70 187 1176 14 53 1410 310 129 122 138 115 66 73 61 11 315 436 4353 58 1772 154 659 91 76 2291 45 165 134 13 8 4 2 9 2 4 36 60 21 30 5703 105 117 781 355 287 39 60 490 34 79 96 123 301 149 70 16 20 28 1 20 1 12 18 45 15 3 37 45 11 329 100 12 18 199 604 5 9 13 7 5 9 0 0 16 34 0 4 0 2 2 28 99 312 2001 157 12 702 88 2805 623 5452 320 17 11 24 16 201 166 1794 39 23 62 39 4 64 279 39 284 254 936 256 1210 3 22 109 664 235 788 3929 65 13 21 4 3 18 0 2 1 0 9 8 0 6 43 54 134 660 82 135 20 53 10 21 28 180 4 5 149 24 55 182 255 38 11 169 1 2 14 11 2 43 29 43 14 6 13 10 7 0
12 1 1 4 167 431 5 2 2 2 98 310 3503 68 141 2123 763 2074 54885 8213 43 80 112 210 7 24 543 68 25 79 70 424 271 71 57 4 206 4847 52 53 238 10 70 6852 1492 2282 41 18 65 134 4 2 4 1 4 3 4 43 7 7 33 40 32 77 59 592 10 20 24 19 22 727 689 5582 181 13 94 435 269 10 34 41 9 8 27 20 6 39 66 103 664 45 10 19 92 767 9 5 15 1 9 10 0 2 25 38 1 12 0 2 7 32 292 507 1353 445 58 1552 359 3875 1711 9601 1748 66 46 79 42 253 378 1748 24 13 48 85 6 165 740 119 650 659 535 805 517 4 64 145 168 147 1453 1853 244 38 28 4 10 16 1 4 5 2 5 5 1 8 39 159 56 303 38 128 9 17 14 28 17 101 4 22 115 27 117 643 1098 28 14 518 3 4 25 3 1 64 64 25 32 8 2 8 6 3
24 1 6 4 91 147 6 1 2 1 18 71 55 18 1122 1494 1359 1253 8213 2743 71 62 213 50 7 19 15 4 32 46 74 82 48 52 5 0 537 1370 37 28 427 18 57 364 44 43 20 23 143 16 8 1 2 6 3 5 10 30 2 10 17 49 17 4 5 17 11 22 16 26 29 69 89 265 79 19 13 29 24 0 13 1 6 6 21 15 5 14 17 7 40 84 22 36 176 362 4 4 6 2 1 2 1 1 3 10 0 2 0 1 8 7 160 173 68 229 26 213 151 82 720 762 544 24 23 39 29 93 202 270 1 5 11 19 1 41 378 86 176 220 7 594 20 1 30 105 12 11 447 78 140 18 13 6 3 8 1 3 2 0 2 3 0 5 11 119 18 76 13 7 2 7 5 22 2 16 2 12 19 7 40 234 199 9 4 277 3 2 8 10 1 26 39 5 20 4 7 3 0 2
298 132 98 308 791 977 68 66 47 45 140 628 1 46 118 35 93 51 43 71 12118 7669 4834 225 521 423 88 24 253 542 630 108 95 208 38 7 153 208 36 681 1419 39 127 6 9 27 316 62 70 3 8 4 12 19 33 2943 186 118 64 20 41 219 185 131 81 1 75 214 127 56 50 52 61 78 568 23 73 22 4 0 25 7 281 79 5029 1028 122 15 11 1 30 33 14 15 246 1061 78 48 968 40 6 4 2 7 7 18 0 8 1 5 8 23 8 1 5 17 3 13 28 7 61 23 77 9 3 1 2 1 1 6 3 0 22 40 1 76 13 4 77 78 1 35 2 1 11 2 6 1 28 23 16 1 0 0 0 1 0 0 1 0 1 2 1 0 18 24 3 3 1 1 5 0 0 3 1 4 1 0 17 1 68 86 30 2 3 95 3 1 7 3 2 8 3 6 30 1 4 0 0 1
122 27 23 78 352 583 21 12 18 9 86 334 12 29 50 21 102 70 80 62 7669 29250 6738 607 5614 3539 297 24 181 224 278 86 68 148 76 7 121 233 65 5995 1120 92 600 17 10 86 1167 132 152 6 11 9 5 20 16 184 102 96 48 18 134 660 787 534 103 0 318 337 267 236 159 25 62 53 382 43 43 37 5 1 64 2 85 256 3380 2534 491 34 24 12 114 92 33 47 925 765 48 29 3901 17 2 2 1 2 4 5 0 1 0 1 5 5 12 3 4 18 6 18 45 14 94 25 131 10 1 4 3 4 4 9 1 1 7 23 0 54 25 8 72 107 2 59 3 0 5 7 8 1 33 57 32 1 4 0 0 3 0 0 1 1 1 0 0 0 10 26 10 13 5 2 1 1 1 0 4 18 0 3 50 8 33 82 21 2 3 58 1 1 13 3 1 28 1 4 5 3 1 0 0 0
19 4 3 6 57 83 6 1 9 0 20 48 1 364 728 198 316 187 112 213 4834 6738 15577 4782 2063 7344 656 39 51 35 33 25 39 114 180 38 319 307 93 5492 10319 1677 785 10 8 66 2272 54 383 1 8 4 0 10 9 37 32 75 97 16 80 194 238 116 28 4 150 270 104 114 64 12 27 18 148 44 30 17 3 1 46 4 32 95 305 266 112 18 26 7 63 156 31 48 680 128 26 7 237 1 0 0 0 0 0 3 0 0 0 1 1 4 8 1 4 17 2 20 20 10 37 34 67 7 0 0 2 1 7 9 1 1 2 15 0 22 14 12 24 39 3 34 0 0 7 3 3 1 12 31 12 1 4 0 1 1 0 1 0 2 0 0 0 0 4 10 6 8 7 1 0 0 0 1 3 7 1 3 25 2 11 32 14 0 5 28 1 0 13 0 0 13 5 3 6 5 1 0 0 0
19 0 2 5 24 28 2 3 1 2 6 6 66 923 466 174 47 1176 210 50 225 607 4782 11259 185 5568 6063 302 129 21 25 4 3 12 756 309 97 10 872 1410 5272 8622 2663 4 17 913 1067 38 728 2 10 2 2 20 12 29 94 8 304 39 702 109 126 375 324 8 250 431 227 64 54 2 2 14 52 40 3 0 1 0 37 1 33 96 168 204 76 29 26 6 234 194 33 53 719 49 1 4 125 11 0 1 0 0 2 1 0 0 0 0 0 1 7 16 35 12 3 88 11 264 36 345 67 1 0 2 0 11 8 63 4 0 4 4 0 6 31 3 12 16 57 22 38 0 2 6 24 2 17 237 8 1 2 0 0 1 0 0 0 1 0 1 0 1 3 0 17 21 8 3 2 3 1 0 6 14 1 3 37 6 5 9 6 3 3 5 2 0 3 0 0 21 4 0 1 0 1 0 2 0
37 7 7 10 30 34 9 10 5 10 3 23 1 6 10 8 13 14 7 7 521 5614 2063 185 5833 191 153 18 359 34 298 3 5 8 17 0 19 15 20 2580 745 22 166 1 4 28 1059 39 25 1 10 17 16 64 24 102 978 3 4 3 27 164 158 216 72 3 1459 373 105 53 40 3 3 4 78 5 2 4 0 0 34 0 138 714 1322 2359 2022 14 6 0 29 36 20 12 173 65 7 6 4417 413 0 0 0 1 0 0 0 0 0 0 0 3 0 1 1 2 2 1 4 0 11 6 13 2 1 1 0 0 2 2 1 0 3 2 0 10 3 2 14 13 1 5 1 0 0 1 3 0 6 19 2 2 2 0 0 1 0 0 0 0 0 0 0 0 2 2 2 2 0 0 0 1 1 1 2 3 0 1 10 0 4 12 2 0 0 2 0 0 3 0 0 2 0 2 1 1 0 0 0 0
4 1 1 2 6 10 2 0 0 1 1 9 4 121 73 41 18 53 24 19 423 3539 7344 5568 191 2615 546 18 17 3 1 7 3 6 712 51 32 8 26 3698 2214 486 358 0 4 21 880 10 109 0 1 4 1 8 5 7 9 5 49 6 26 51 84 63 10 4 65 35 29 25 10 0 1 6 6 8 3 2 1 0 14 0 12 62 159 187 12 6 5 4 27 53 10 11 193 14 1 4 126 1 0 0 0 0 1 0 0 1 0 0 0 0 7 4 1 12 0 28 5 20 20 99 55 1 0 2 0 7 14 16 0 0 1 0 0 2 17 1 4 8 3 15 4 1 3 2 1 0 5 10 2 1 1 0 0 1 0 0 0 0 0 0 0 0 0 1 0 6 2 0 0 0 0 0 0 1 0 1 8 1 1 2 3 3 0 3 0 0 4 1 0 5 2 0 0 0 0 0 0 0
16 3 6 3 12 22 2 6 0 1 4 3 67 6782 2948 146 37 1410 543 15 88 297 656 6063 153 546 23498 7775 348 17 67 7 0 17 8442 630 185 16 455 1168 1072 310 361 9 4 388 949 54 94 2 7 7 5 38 9 21 264 21 498 80 189 110 69 545 2597 11 570 940 131 17 32 0 3 28 147 14 3 0 0 0 25 0 56 147 181 262 132 11 13 2 41 41 11 18 118 32 1 8 144 23 2 1 0 0 2 0 0 1 0 0 0 2 28 89 122 62 3 376 20 1130 108 1586 168 3 1 7 2 37 52 352 10 2 3 2 0 2 130 10 16 31 202 74 166 5 7 19 23 10 72 485 14 9 4 1 1 0 1 1 0 0 1 2 0 3 6 3 21 80 12 6 3 2 2 5 5 29 0 1 16 3 2 11 35 3 1 16 0 0 4 2 0 8 11 8 0 0 0 1 1 1
39 1 2 2 53 16 6 5 0 2 2 6 24 1290 2946 2365 44 310 68 4 24 24 39 302 18 18 7775 10997 653 62 230 1 2 34 146 442 107 15 1968 23 429 24 42 4 3 120 267 59 8 0 3 15 7 40 15 21 485 87 306 90 53 69 33 460 2002 1 492 924 333 8 21 0 3 2 392 10 0 0 1 0 22 1 72 101 107 87 63 10 9 2 22 21 9 1 37 51 0 10 55 66 4 3 0 0 5 3 0 0 0 0 0 1 4 27 111 11 0 105 1 616 31 558 25 3 0 4 2 25 10 168 16 2 8 6 0 4 14 5 8 13 237 13 163 0 3 10 41 20 36 566 5 1 1 1 1 0 0 0 0 0 0 1 0 1 2 3 31 72 7 8 4 4 2 3 3 18 0 1 7 3 2 7 15 6 1 1 0 0 0 1 0 3 4 3 0 0 0 0 2 1
5834 345 364 306 1742 242 2635 673 78 359 102 176 6 215 211 331 112 129 25 32 253 181 51 129 359 17 348 653 44222 10280 3024 21 32 228 56 20 462 198 638 99 937 29 148 1 13 60 238 635 168 18 148 317 1536 7969 1184 373 5095 72 83 65 163 907 554 625 1274 8 5544 936 1760 208 357 48 41 25 2119 76 53 5 5 16 636 39 3295 2548 1447 313 1296 272 128 22 77 500 306 146 254 794 144 4932 349 274 15 18 28 49 10 71 0 4 5 11 22 38 0 2 12 3 1 3 3 26 7 16 10 5 3 0 0 3 2 5 5 1 12 51 0 79 3 0 44 24 12 2 9 0 9 1 28 3 6 136 4 1 12 0 0 1 1 0 11 7 7 1 1 2 26 2 14 29 4 1 0 3 1 3 2 16 0 4 39 5 71 59 7 2 2 62 12 1 43 1 2 33 2 4 18 4 2 0 1 0
9255 6572 278 5566 4495 4963 1199 688 40 146 174 1485 3 26 74 145 105 122 79 46 542 224 35 21 34 3 17 62 10280 19614 6214 28 53 231 2 4 433 368 158 10 1258 9 44 8 10 32 13 96 44 10 38 82 100 287 128 141 2894 20 24 47 88 114 32 39 152 3 805 130 290 43 87 43 43 15 511 33 22 0 3 2 219 16 381 253 813 242 49 100 48 5 44 113 105 37 64 889 99 768 107 27 32 26 43 100 32 183 5 8 22 18 58 102 1 1 6 1 1 0 0 12 3 6 1 1 1 0 0 0 1 2 9 2 23 69 1 26 0 1 14 6 8 2 9 2 11 0 6 2 0 59 1 1 1 0 0 1 0 0 2 2 3 9 2 5 16 1 2 5 1 0 2 3 2 1 2 6 0 0 16 2 98 38 8 0 4 73 0 1 6 0 3 7 1 7 48 17 3 0 0 0
435 158 34 1989 8545 3456 102 18 6 20 46 501 6 122 135 217 149 138 70 74 630 278 33 25 298 1 67 230 3024 6214 14318 14 71 417 14 12 718 437 242 20 1420 12 21 2 4 31 39 65 31 2 9 32 26 95 48 82 8346 63 60 93 88 76 49 74 294 3 802 404 344 21 44 37 59 10 4921 14 5 0 1 0 63 2 144 250 805 380 2417 44 18 1 28 54 34 16 28 2904 24 122 1016 4891 5 7 7 16 4 42 0 1 3 4 7 32 1 0 9 1 0 3 2 13 7 2 2 3 2 0 0 1 0 1 0 0 11 29 0 20 0 0 8 6 6 4 3 0 5 4 9 2 3 44 0 0 0 0 0 0 1 0 0 1 2 1 0 3 5 1 1 3 2 2 2 1 0 2 0 7 1 2 15 1 27 23 5 1 1 32 0 1 4 0 2 2 0 1 21 4 1 0 1 0
35 18 17 17 356 5635 13 16 60 25 72 1377 126 1 7 16 54 115 424 82 108 86 25 4 3 7 7 1 21 28 14 4846 3821 929 0 0 52 1057 10 2 116 2 13 116 59 166 1 7 5 4 3 6 18 8 5 5 1 1931 0 6 46 9 6 8 7 33 13 3 16 1 7 965 542 97 2634 3 71 19 28 2 12 3 12 14 48 11 4 7 8 2 195 9 4 1 10 4223 212 51 17 0 24 10 14 43 29 105 2 14 4 4 42 97 0 1 14 2 0 2 5 16 15 22 9 14 4 0 4 0 0 2 12 0 45 154 0 163 1 2 62 28 8 2 6 5 27 1 11 2 12 85 2 0 1 0 0 0 0 2 0 4 8 9 1 10 70 0 6 7 0 6 10 4 3 2 2 4 0 1 24 3 245 119 30 0 0 232 0 1 5 1 5 9 1 22 67 23 2 0 0 0
21 7 11 18 181 834 11 7 60 12 103 1872 65 1 8 8 36 66 271 48 95 68 39 3 5 3 0 2 32 53 71 3821 5975 3841 0 1 78 1482 7 3 82 3 6 127 53 93 3 6 0 14 4 9 13 11 7 5 7 2700 8 67 16 4 2 2 4 25 13 30 4 0 7 3120 2128 197 2608 2 114 13 101 4 16 2 21 8 47 16 5 3 7 7 101 7 3 2 3 3012 234 36 13 2 25 19 8 26 18 69 3 19 3 7 40 76 0 1 14 3 7 13 11 27 22 34 19 28 6 1 1 1 1 4 16 3 63 265 11 489 4 3 267 177 5 6 2 4 44 1 15 0 13 55 7 0 0 2 0 8 3 7 1 2 7 12 1 6 127 7 8 5 0 4 15 6 9 10 1 1 2 3 12 3 322 415 72 11 2 409 2 5 2 2 8 4 5 33 74 27 15 0 0 2
83 3 7 17 311 295 16 6 2 4 19 132 4 39 46 68 57 73 71 52 208 148 114 12 8 6 17 34 228 231 417 929 3841 6572 14 40 3381 4867 53 11 207 2 4 8 4 8 77 5 2 0 3 5 4 12 8 13 76 4590 386 6763 12 9 1 5 27 2 58 1329 13 2 7 610 4143 46 4012 1 17 2 9 0 16 1 33 33 98 48 6 3 3 2 8 7 4 3 5 2071 9 12 31 26 5 4 1 4 14 17 0 9 0 1 12 31 2 1 9 6 13 26 35 27 71 28 44 23 9 3 3 2 1 6 6 0 35 144 7 492 0 6 378 248 0 18 2 2 20 0 8 2 29 29 20 1 1 0 0 4 2 1 0 3 4 7 0 3 96 15 3 9 4 3 7 5 15 27 1 5 3 0 5 4 147 493 38 13 0 237 3 0 7 4 7 4 2 11 42 15 9 3 0 1
1 1 1 0 4 2 1 0 0 1 0 1 2 4735 891 14 116 61 57 5 38 76 180 756 17 712 8442 146 56 2 14 0 0 14 2714 3303 524 3 9 3589 128 30 144 0 1 7 877 2 2 0 1 2 2 4 5 4 30 18 1078 75 5 5 12 55 66 1 71 274 14 5 3 0 0 6 33 5 0 1 0 0 5 0 13 28 46 47 11 0 0 0 7 3 2 2 30 3 0 1 21 4 1 0 0 0 0 0 0 0 0 0 0 0 19 38 7 44 3 133 28 131 85 414 130 3 1 10 0 20 42 104 1 0 1 1 1 2 85 5 7 29 8 80 12 1 6 22 0 1 48 22 14 3 2 1 2 1 0 1 0 0 0 0 0 0 1 6 3 13 2 0 1 1 0 2 1 3 1 4 5 0 3 11 21 3 0 16 0 0 3 0 0 2 5 1 0 0 1 1 0 0
0 0 0 0 2 1 0 1 0 1 0 0 1 6492 397 58 127 11 4 0 7 7 38 309 0 51 630 442 20 4 12 0 1 40 3303 2146 2593 4 67 151 32 9 132 0 0 4 1136 3 6 0 0 1 0 0 0 0 19 24 2291 157 9 0 8 88 144 0 14 314 34 4 0 0 0 0 35 1 0 3 0 0 0 0 1 5 4 5 5 0 1 0 4 2 0 0 19 7 0 0 3 8 0 0 0 0 0 0 0 0 0 0 0 0 1 2 2 7 0 6 11 7 18 18 20 1 3 0 3 3 2 2 0 0 1 0 0 1 5 3 0 8 4 11 2 0 0 1 1 0 3 7 1 0 0 0 0 1 0 0 0 0 0 0 0 0 0 6 0 3 0 0 0 0 0 0 0 0 0 1 0 0 2 4 2 0 0 3 0 0 0 0 0 0 1 0 0 0 0 0 0 0
114 8 9 16 545 400 35 8 2 7 20 153 3 791 753 432 1476 315 206 537 153 121 319 97 19 32 185 107 462 433 718 52 78 3381 524 2593 4189 1290 62 82 423 10 35 5 0 5 514 9 13 1 2 7 5 20 8 11 251 1113 761 2920 13 19 12 33 47 1 109 1719 30 4 10 18 61 25 1135 3 6 63 7 1 17 2 29 31 118 55 24 5 1 1 3 7 7 1 23 1679 5 25 36 85 4 10 0 1 3 21 0 4 0 2 4 15 28 11 5 51 25 82 155 28 351 59 258 30 27 13 10 16 27 15 4 3 36 40 1 112 55 35 300 299 11 196 7 0 15 18 3 2 112 34 113 1 2 1 0 6 0 0 0 0 0 1 0 2 15 103 22 23 1 0 6 2 5 22 0 10 0 4 11 10 47 328 29 16 3 144 0 1 3 6 4 6 2 7 18 4 10 3 0 0
118 7 11 29 780 1360 28 9 9 15 199 691 317 18 23 75 744 436 4847 1370 208 233 307 10 15 8 16 15 198 368 437 1057 1482 4867 3 4 1290 16597 15 20 293 3 10 855 154 187 47 4 11 25 4 9 6 15 7 13 68 657 111 955 13 4 5 7 16 57 47 377 9 5 3 1181 6608 1604 1372 4 174 216 191 3 14 11 20 32 98 58 12 14 10 17 164 11 3 2 12 3591 45 30 39 19 22 33 6 9 32 70 0 20 1 3 17 70 83 40 47 168 92 235 529 179 1230 360 1052 130 74 27 35 39 55 64 21 5 114 304 25 895 142 93 2097 1627 29 456 20 3 66 29 34 11 613 179 272 4 6 2 2 11 2 2 3 4 16 11 3 4 111 211 55 48 7 9 17 9 29 83 5 34 3 4 39 19 345 2041 475 65 12 899 5 1 9 14 8 26 16 42 106 24 33 8 1 4
75 4 2 11 173 106 15 6 1 1 16 52 26 147 686 1670 24 4353 52 37 36 65 93 872 20 26 455 1968 638 158 242 10 7 53 9 67 62 15 15940 31 1465 233 653 10 25 597 68 232 120 6 1 7 2 39 13 19 278 66 115 30 5045 267 167 1619 2631 22 288 322 4165 19 85 2 3 8 260 76 3 7 2 0 39 1 56 45 88 51 23 36 42 7 397 106 9 11 128 331 0 12 33 41 3 6 0 1 10 11 0 3 0 1 1 11 6 24 497 16 6 55 24 748 117 404 44 7 5 1 2 26 5 128 25 7 21 13 1 17 11 11 67 58 407 22 338 1 11 30 284 97 92 1841 18 4 7 1 1 4 0 2 0 0 0 5 0 2 6 9 116 240 26 31 6 41 4 7 7 67 1 2 92 14 7 62 15 8 8 25 2 0 16 16 1 26 5 10 2 3 4 5 7 1
15 6 2 2 12 9 2 5 1 2 3 7 7 501 154 32 25 58 53 28 681 5995 5492 1410 2580 3698 1168 23 99 10 20 2 3 11 3589 151 82 20 31 8140 1667 152 480 3 2 36 5528 21 72 1 5 6 0 28 10 35 66 8 214 35 41 89 138 194 43 0 482 146 68 18 23 4 3 18 37 3 3 10 1 0 29 1 56 285 447 683 84 7 6 0 44 35 18 10 237 16 1 4 447 0 0 2 0 0 0 0 0 0 0 0 0 0 26 31 12 48 5 126 40 83 103 352 185 11 5 9 5 18 52 73 3 0 2 5 0 5 80 15 15 51 3 96 6 0 8 14 4 0 42 40 21 5 2 1 2 0 0 0 0 0 0 0 0 0 5 16 3 26 1 4 0 1 0 1 2 9 0 2 14 3 5 16 11 1 2 12 1 1 3 0 0 11 6 2 1 0 3 0 0 1
1466 678 507 858 1093 967 282 543 27 183 194 726 63 732 2133 1665 495 1772 238 427 1419 1120 10319 5272 745 2214 1072 429 937 1258 1420 116 82 207 128 32 423 293 1465 1667 12419 5309 2573 26 84 634 895 2162 3741 95 181 116 87 120 2310 2426 708 129 88 30 1394 1453 507 331 622 54 423 409 1736 466 1202 91 64 63 727 1328 103 9 22 5 917 76 1443 302 1433 684 298 1257 1426 209 1357 2157 395 608 1965 1020 119 123 831 113 8 10 13 26 14 55 0 12 2 17 32 59 6 6 26 9 7 17 18 47 47 61 48 14 5 2 2 10 3 15 10 2 40 119 1 131 18 10 98 76 13 32 20 2 24 19 38 2 32 225 13 4 41 1 0 25 12 6 16 32 10 6 0 1 62 12 15 31 15 11 3 6 2 5 20 50 2 37 206 6 172 161 30 4 18 203 29 28 221 3 3 134 20 8 50 9 3 1 2 1
10 1 1 3 14 19 1 3 0 0 3 5 12 23 60 83 4 154 10 18 39 92 1677 8622 22 486 310 24 29 9 12 2 3 2 30 9 10 3 233 152 5309 7189 4969 1 19 243 107 35 1882 4 3 0 0 2 8 8 12 6 17 0 446 37 40 43 153 2 16 40 380 19 35 1 1 2 7 65 0 0 1 0 25 0 9 12 24 16 3 23 28 8 242 256 22 50 368 30 1 3 16 0 0 0 0 0 0 0 0 0 0 0 0 1 1 0 1 2 0 2 0 5 1 11 5 0 0 1 1 0 0 1 2 0 0 1 0 1 1 1 1 0 3 0 1 0 1 2 8 0 2 65 0 2 2 0 0 1 0 0 0 0 0 0 0 0 0 1 8 8 1 2 0 0 0 1 1 11 0 2 37 4 0 4 2 0 4 2 1 1 6 0 0 8 0 0 1 0 0 0 0 0
25 2 9 6 31 53 10 3 9 1 12 24 83 157 139 84 26 659 70 57 127 600 785 2663 166 358 361 42 148 44 21 13 6 4 144 132 35 10 653 480 2573 4969 5992 20 289 1227 645 208 2988 34 24 9 8 21 21 30 60 8 121 20 1727 615 1002 6272 243 39 236 287 1141 489 283 13 9 9 34 349 39 1 12 1 152 9 61 126 198 224 50 99 130 70 2035 589 118 238 5462 83 17 7 114 5 1 0 0 0 2 0 0 0 0 0 0 0 5 11 21 11 0 29 7 66 10 65 26 1 0 2 1 7 1 17 2 1 2 2 0 1 10 0 18 16 24 13 14 3 1 27 52 0 21 474 3 7 19 1 1 10 0 0 5 4 0 0 0 2 2 4 36 82 22 17 3 7 1 0 30 133 0 13 502 38 1 16 6 4 43 11 8 12 69 4 0 120 15 0 3 1 0 1 0 0
5 1 2 3 22 74 4 2 20 1 38 168 3701 2 4 4 16 91 6852 364 6 17 10 4 1 0 9 4 1 8 2 116 127 8 0 0 5 855 10 3 26 1 20 9886 3223 576 3 16 12 1207 43 154 3 1 3 1 0 1 1 1 22 6 21 13 2 683 1 2 7 1 13 1011 2244 5673 19 19 1976 3890 6466 275 105 586 1 2 4 6 0 441 239 459 1084 7 1 1 23 77 67 9 2 0 4 7 0 1 8 20 1 6 0 0 6 20 37 16 132 75 19 159 169 396 571 836 446 20 13 4 9 10 15 59 4 0 34 63 5 147 46 27 745 586 54 98 32 1 13 17 66 9 395 428 50 7 10 1 0 6 9 7 17 11 3 1 1 4 11 58 29 47 12 27 4 2 9 8 10 37 1 13 195 16 106 683 430 11 22 290 8 21 50 2 1 88 4 12 20 4 8 2 0 1
10 1 12 5 10 54 36 4 244 13 73 79 7012 1 0 2 10 76 1492 44 9 10 8 17 4 4 4 3 13 10 4 59 53 4 1 0 0 154 25 2 84 19 289 3223 10328 2416 6 46 48 6573 4 27 18 5 3 6 4 2 1 0 72 32 184 96 31 2987 10 3 176 10 53 474 280 272 6 40 2039 110 771 78 113 341 10 3 2 4 0 489 751 1396 2213 17 4 9 209 40 515 99 9 0 6 5 0 2 1 9 0 6 1 0 0 13 1 4 277 5 3 13 2 215 39 93 29 3 1 0 2 2 2 15 27 4 20 8 0 11 6 2 61 36 66 12 36 3 8 70 602 7 107 3556 10 23 55 4 0 50 2 5 8 8 0 7 1 4 3 4 273 311 64 399 9 32 1 2 75 470 2 29 2200 144 17 50 19 5 133 48 15 85 228 11 4 465 30 12 15 5 3 12 6 1
11 4 2 3 71 162 5 2 16 1 72 135 9089 13 27 56 16 2291 2282 43 27 86 66 913 28 21 388 120 60 32 31 166 93 8 7 4 5 187 597 36 634 243 1227 576 2416 7546 42 98 104 135 1 2 1 7 5 7 22 6 9 5 2041 90 160 1864 394 2884 72 33 460 21 33 266 214 355 55 54 135 27 145 2 23 12 9 22 54 52 10 55 121 91 1819 66 8 10 191 246 43 12 33 4 11 13 0 1 10 34 0 8 0 0 5 29 15 41 2492 40 7 95 46 1687 322 937 134 14 14 9 13 45 20 175 65 22 46 36 2 44 34 13 222 146 562 55 417 5 29 134 2041 112 403 9071 36 14 20 3 0 30 1 3 4 1 3 11 0 8 22 19 531 746 75 704 25 106 11 8 35 420 2 23 1085 107 47 163 105 29 54 149 5 34 70 24 4 174 19 25 30 10 16 19 14 2
10 3 1 1 12 8 4 5 2 0 0 7 4 588 145 53 74 45 41 20 316 1167 2272 1067 1059 880 949 267 238 13 39 1 3 77 877 1136 514 47 68 5528 895 107 645 3 6 42 5783 14 36 1 1 9 6 27 13 41 239 31 1539 313 67 75 154 374 208 2 593 1193 102 18 12 0 3 22 90 4 0 35 4 2 18 3 68 214 293 476 215 11 9 1 37 17 9 7 184 22 0 2 276 16 2 3 0 0 4 2 0 1 0 0 2 5 30 18 5 60 23 74 109 33 199 96 314 21 13 4 14 13 25 37 2 2 8 15 1 27 60 20 107 182 9 116 6 1 7 13 3 0 60 45 51 4 3 0 0 0 1 0 0 1 1 0 0 0 3 51 13 12 4 2 3 3 3 9 1 7 2 2 9 3 11 66 14 2 1 38 0 0 3 5 0 7 8 7 7 0 5 2 0 0
104 8 10 11 52 73 26 34 6 17 14 33 13 6 40 35 6 165 18 23 62 132 54 38 39 10 54 59 635 96 65 7 6 5 2 3 9 4 232 21 2162 35 208 16 46 98 14 20247 1320 207 5 20 16 55 82 100 127 8 5 4 1630 7793 1571 485 879 24 528 35 5287 104 2638 8 1 8 36 9045 34 0 11 6 403 44 216 162 233 193 24 2965 6579 252 2054 320 37 67 560 115 12 33 81 10 2 2 2 0 0 4 0 5 0 0 1 2 2 4 5 7 2 9 6 11 13 20 15 4 6 2 12 5 5 9 10 4 6 4 1 8 4 0 23 7 8 7 10 6 9 253 108 0 32 194 8 125 289 11 8 316 5 8 45 26 0 1 0 0 3 2 22 298 251 50 17 20 4 2 314 296 6 150 1829 61 8 19 10 5 271 21 76 154 972 7 0 1928 207 4 12 1 12 9 3 0
54 5 14 10 20 43 35 27 5 10 7 14 12 32 160 87 27 134 65 143 70 152 383 728 25 109 94 8 168 44 31 5 0 2 2 6 13 11 120 72 3741 1882 2988 12 48 104 36 1320 12620 46 186 56 16 23 124 99 31 2 3 2 513 926 117 66 113 34 80 17 555 417 802 2 0 9 25 993 13 4 3 4 413 22 199 71 114 65 13 607 776 109 826 4039 613 3073 9440 49 5 15 32 1 0 1 1 1 1 0 0 0 0 0 0 1 3 2 1 3 2 8 2 3 5 31 10 0 0 0 1 1 0 1 0 1 0 6 1 6 1 1 5 12 1 7 0 1 1 15 9 0 6 46 0 8 30 0 1 10 2 1 3 10 0 0 0 0 0 1 1 7 7 6 0 0 0 2 6 21 5 16 130 5 2 8 3 0 14 4 14 13 139 2 0 111 16 0 1 0 0 1 0 0
21 2 6 4 3 13 32 8 338 17 22 24 964 1 1 0 2 13 134 16 3 6 1 2 1 0 2 0 18 10 2 4 14 0 0 0 1 25 6 1 95 4 34 1207 6573 135 1 207 46 10814 184 881 37 5 19 3 1 0 0 0 45 90 51 10 3 1526 7 1 35 22 133 220 72 405 2 167 3439 535 730 1698 632 4304 17 7 6 4 1 3112 3037 4637 1638 41 7 12 68 8 838 158 3 0 2 0 1 4 3 4 0 5 1 1 1 5 0 2 10 0 0 2 0 11 4 12 2 2 3 0 4 2 1 0 3 1 0 2 0 3 1 0 12 10 6 4 5 6 5 71 78 0 19 177 1 74 197 5 0 198 79 40 105 85 2 1 0 0 3 0 10 82 101 44 1 10 0 0 114 191 22 126 1252 31 1 14 10 1 114 22 73 299 812 4 1 1272 78 3 12 0 3 1 0 0
98 9 16 8 9 5 43 38 26 16 5 4 21 3 6 5 1 8 4 8 8 11 8 10 10 1 7 3 148 38 9 3 4 3 1 0 2 4 1 5 181 3 24 43 4 1 1 5 186 184 8920 19455 27 41 334 45 13 4 1 1 10 20 10 4 12 178 41 4 8 232 35 10 6 146 15 5 261 46 23 585 2920 631 225 60 52 36 10 305 14 5 8 6676 7290 356 245 12 54 30 11 2 0 0 0 1 0 2 1 0 0 0 0 0 0 1 1 0 0 1 0 1 1 3 2 0 0 0 0 0 0 0 0 0 2 4 0 10 1 0 3 2 0 1 0 4 1 1 1 0 0 5 0 5 6 4 0 6 139 64 150 136 3 0 0 0 0 1 0 0 0 4 2 1 1 0 0 0 10 21 4 0 3 8 5 0 0 11 35 10 103 0 1 8 9 1 5 1 1 0 0 0
171 18 34 20 27 25 95 89 87 27 10 25 58 2 2 3 4 4 2 1 4 9 4 2 17 4 7 15 317 82 32 6 9 5 2 1 7 9 7 6 116 0 9 154 27 2 9 20 56 881 19455 34086 45 56 389 26 30 9 2 0 6 27 11 12 12 651 76 20 22 104 42 42 16 387 55 6 989 155 93 8955 7701 3782 286 67 80 27 17 1364 57 38 9 2211 2462 80 68 29 224 98 13 2 10 2 1 1 3 2 0 33 1 0 1 1 0 0 0 0 0 0 0 1 0 1 1 0 2 1 1 0 0 0 1 1 2 9 0 27 1 0 7 8 3 0 0 61 5 9 28 1 5 2 0 30 22 27 0 86 1984 1099 2809 1496 53 8 2 0 2 0 1 6 3 93 18 5 0 0 0 1 227 191 42 0 15 24 91 4 0 163 490 207 1160 7 18 98 116 0 83 9 9 1 0 1
325 18 63 19 23 43 416 191 290 227 99 106 2 6 4 1 2 2 4 2 12 5 0 2 16 1 5 7 1536 100 26 18 13 4 2 0 5 6 2 0 87 0 8 3 18 1 6 16 16 37 27 45 8401 2951 7236 55 26 6 3 5 1 27 14 12 23 11 86 26 36 15 17 77 10 20 57 1 96 14 18 15 60 32 1330 158 46 13 25 56 28 10 8 107 42 20 15 25 382 4444 7 4 1 1 6 3 3 13 0 1 1 2 2 4 0 0 1 0 0 0 2 0 2 5 1 2 0 0 0 0 0 0 0 0 1 15 0 18 1 0 13 4 0 0 0 0 2 0 0 0 0 2 0 0 0 0 0 0 3 0 0 2 6 2 0 0 2 0 0 0 0 0 0 0 0 0 0 3 1 1 4 2 16 21 6 2 0 15 2 0 5 0 1 2 1 0 6 1 0 0 0 0
609 31 58 32 81 44 690 251 64 148 37 38 1 9 4 17 9 9 1 6 19 20 10 20 64 8 38 40 7969 287 95 8 11 12 4 0 20 15 39 28 120 2 21 1 5 7 27 55 23 5 41 56 2951 7900 999 67 142 10 4 1 11 112 64 69 78 7 1064 70 102 29 62 29 7 12 143 4 37 1 8 7 116 7 1556 4217 373 64 106 40 28 7 9 107 59 27 37 50 111 2858 100 7 2 1 2 10 2 15 0 0 2 3 5 5 0 0 1 1 0 0 3 4 1 1 1 2 0 1 0 0 0 1 0 0 2 11 0 26 1 0 26 12 0 1 0 0 6 0 3 0 2 8 0 0 0 0 0 0 2 2 0 2 3 2 0 1 6 0 1 2 0 1 0 1 0 0 0 2 2 2 3 0 18 21 2 1 1 20 1 0 6 0 1 4 0 0 8 0 0 0 0 0
250 39 73 18 44 29 198 129 71 99 15 45 0 4 8 6 2 2 4 3 33 16 9 12 24 5 9 15 1184 128 48 5 7 8 5 0 8 7 13 10 2310 8 21 3 3 5 13 82 124 19 334 389 7236 999 18088 858 48 8 1 3 7 94 33 26 43 5 163 27 44 128 175 14 1 13 64 18 36 7 5 16 753 39 5790 240 324 105 34 235 63 17 19 1885 417 189 169 32 70 924 30 4 3 1 0 1 0 5 1 0 0 2 2 6 0 0 1 1 0 0 0 0 3 3 1 3 0 0 0 1 0 0 0 0 3 15 0 33 0 0 16 13 1 1 1 0 3 0 2 0 3 7 1 0 10 0 0 3 7 2 11 8 6 3 0 0 5 0 1 0 3 0 3 0 1 0 1 1 3 10 6 0 26 28 1 0 1 29 11 2 38 0 1 16 2 0 7 1 0 0 0 0
204 45 67 50 71 51 99 92 2 34 15 36 0 8 7 4 3 4 3 5 2943 184 37 29 102 7 21 21 373 141 82 5 5 13 4 0 11 13 19 35 2426 8 30 1 6 7 41 100 99 3 45 26 55 67 858 2461 91 5 3 4 17 128 56 44 45 1 212 53 95 78 114 6 6 9 66 24 6 1 0 2 177 6 3116 275 2999 631 75 128 52 6 41 339 72 82 98 64 9 33 235 14 2 2 1 4 1 7 0 1 1 0 0 4 0 0 0 1 1 2 1 3 7 2 1 1 0 0 0 0 0 1 0 0 3 5 2 20 1 0 15 12 2 2 1 0 3 2 2 0 4 10 1 0 2 0 0 0 0 0 4 4 1 0 0 0 4 2 1 1 2 1 0 0 0 0 0 1 0 5 11 0 14 19 2 2 2 18 2 1 22 0 0 10 3 2 4 0 1 0 0 0
149 14 10 15 1707 27 23 19 0 12 4 12 1 144 103 155 42 36 4 10 186 102 32 94 978 9 264 485 5095 2894 8346 1 7 76 30 19 251 68 278 66 708 12 60 0 4 22 239 127 31 1 13 30 26 142 48 91 6460 32 33 27 55 192 177 357 597 0 4563 1031 538 31 59 1 6 5 3291 18 4 1 0 0 69 2 256 774 724 1241 3427 34 12 2 19 50 27 13 65 628 4 40 2362 2310 0 0 0 1 0 1 0 0 0 0 2 0 0 2 6 0 0 2 2 10 5 4 2 0 0 0 0 1 0 2 0 0 2 3 0 10 0 0 9 7 9 4 7 0 0 0 7 1 1 38 2 0 0 0 0 0 0 0 0 0 0 0 0 0 1 1 7 7 1 4 1 2 0 0 1 6 0 0 12 1 5 6 2 0 1 9 0 0 4 0 0 2 0 0 0 0 0 0 0 0
13 2 5 4 31 60 7 6 4 4 7 93 6 73 67 82 81 60 43 30 118 96 75 8 3 5 21 87 72 20 63 1931 2700 4590 18 24 1113 657 66 8 129 6 8 1 2 6 31 8 2 0 4 9 6 10 8 5 32 5837 595 1205 22 9 5 13 58 1 25 4026 43 6 5 486 339 27 5751 1 8 0 5 0 16 3 27 18 50 29 7 6 2 0 19 11 2 3 5 861 22 9 17 13 11 6 3 4 6 31 2 12 2 3 8 34 0 0 2 3 1 9 12 6 13 12 11 8 6 2 1 1 0 2 4 1 32 103 7 231 1 0 116 90 5 6 2 3 12 1 3 0 9 16 2 1 0 1 0 2 1 0 1 4 5 4 2 4 64 2 3 2 0 1 8 2 3 1 0 1 2 0 0 3 173 179 22 6 1 191 0 0 2 3 8 1 0 10 45 9 2 2 0 1
9 1 3 3 36 13 1 2 0 0 0 14 2 473 136 52 62 21 7 2 64 48 97 304 4 49 498 306 83 24 60 0 8 386 1078 2291 761 111 115 214 88 17 121 1 1 9 1539 5 3 0 1 2 3 4 1 3 33 595 3658 1606 16 13 21 114 206 0 23 2216 59 3 2 1 9 14 203 1 0 12 5 0 1 2 3 8 16 25 6 0 1 2 11 4 1 3 26 46 0 0 16 8 1 0 0 0 3 6 0 1 0 1 3 8 8 7 2 31 15 28 99 23 136 41 209 12 3 7 5 3 10 9 2 0 12 20 2 49 16 13 139 233 7 53 0 0 3 2 4 1 49 21 41 0 0 0 1 0 0 0 0 1 2 1 0 1 4 22 11 5 0 2 1 4 1 9 0 2 0 1 4 2 14 83 3 3 1 21 0 0 1 4 1 3 2 1 2 0 3 2 1 0
12 2 0 5 63 30 3 2 1 0 2 14 0 87 34 36 18 30 7 10 20 18 16 39 3 6 80 90 65 47 93 6 67 6763 75 157 2920 955 30 35 30 0 20 1 0 5 313 4 2 0 1 0 5 1 3 4 27 1205 1606 1168 4 1 1 18 46 0 21 3313 15 1 2 4 61 8 374 1 1 4 1 0 2 0 1 9 16 12 3 1 0 0 2 3 1 0 6 185 0 2 5 12 2 2 0 0 1 0 1 0 0 0 1 2 5 1 2 10 3 7 20 6 30 6 55 6 2 0 0 2 2 8 1 0 3 9 0 37 9 3 51 60 0 26 0 0 2 1 0 0 11 6 7 0 0 0 0 0 0 0 0 1 0 0 0 0 4 10 3 3 1 1 1 0 2 2 0 2 0 0 1 3 7 42 2 1 0 13 0 0 2 1 3 2 1 2 5 0 0 0 0 0
48 2 3 5 103 133 8 7 3 3 16 46 27 20 147 125 10 5703 33 17 41 134 80 702 27 26 189 53 163 88 88 46 16 12 5 9 13 13 5045 41 1394 446 1727 22 72 2041 67 1630 513 45 10 6 1 11 7 17 55 22 16 4 8232 491 396 1902 577 204 140 57 2718 50 495 15 15 19 60 4446 23 6 7 0 154 4 43 35 70 88 14 337 615 58 2770 288 27 52 569 258 12 2 35 9 4 7 1 0 6 14 0 5 0 0 2 14 1 13 384 10 7 29 16 321 96 227 38 6 13 2 8 16 5 58 24 10 19 12 0 20 7 0 68 65 123 27 121 2 11 71 502 31 91 2002 15 14 25 4 1 50 0 1 3 1 1 5 0 3 9 8 130 318 50 105 10 35 2 7 43 329 2 11 1074 86 12 63 19 9 73 60 7 27 91 11 0 179 19 7 10 4 7 7 4 2
118 10 24 8 52 57 44 23 1 15 5 26 8 13 38 22 9 105 40 49 219 660 194 109 164 51 110 69 907 114 76 9 4 9 5 0 19 4 267 89 1453 37 615 6 32 90 75 7793 926 90 20 27 27 112 94 128 192 9 13 1 491 28948 11055 1235 1142 9 986 82 3976 7461 4009 3 0 8 72 1325 8 1 0 2 575 38 280 385 606 559 55 367 149 32 326 417 114 261 6570 82 3 30 281 21 1 0 0 0 0 1 0 2 0 1 2 2 4 7 7 11 0 41 5 27 31 122 43 4 11 5 12 7 15 22 6 3 0 3 0 5 23 3 16 11 11 23 8 7 9 121 48 0 25 134 6 111 256 16 7 133 3 10 32 29 2 1 0 0 1 0 19 189 154 19 3 10 1 1 164 155 10 132 876 42 5 6 4 1 119 26 94 95 870 1 2 1227 140 1 6 0 7 5 0 0
40 6 5 3 31 24 10 10 5 4 5 12 20 15 26 16 4 117 32 17 185 787 238 126 158 84 69 33 554 32 49 6 2 1 12 8 12 5 167 138 507 40 1002 21 184 160 154 1571 117 51 10 11 14 64 33 56 177 5 21 1 396 11055 14743 5787 806 17 867 111 7504 1153 682 6 3 10 48 349 23 1 5 0 185 15 154 329 471 510 48 135 116 65 848 111 68 87 4879 28 11 12 255 9 3 7 0 0 2 3 1 1 0 0 0 4 6 8 10 12 0 27 6 42 28 92 35 1 2 1 6 7 8 17 10 2 15 5 1 6 21 2 12 14 10 17 11 3 4 106 90 2 43 388 3 36 98 4 1 88 1 3 6 7 0 0 0 4 2 2 22 198 90 36 5 16 2 2 134 388 3 40 1648 94 6 23 14 4 166 20 24 46 235 9 0 700 80 6 3 1 1 2 1 0
32 2 6 6 45 34 6 6 2 0 5 17 110 150 92 59 7 781 77 4 131 534 116 375 216 63 545 460 625 39 74 8 2 5 55 88 33 7 1619 194 331 43 6272 13 96 1864 374 485 66 10 4 12 12 69 26 44 357 13 114 18 1902 1235 5787 8460 4413 29 927 521 2745 160 172 3 4 6 105 67 4 0 4 0 65 2 107 202 365 448 131 49 49 14 982 43 17 14 2009 58 1 5 236 20 1 1 0 0 4 0 0 2 0 0 1 1 3 3 81 6 2 17 5 228 21 79 26 1 2 1 2 5 2 23 15 4 4 4 0 6 9 1 19 11 111 14 57 2 6 30 127 4 29 1124 5 10 5 1 0 8 0 1 0 1 1 4 0 2 4 4 109 147 22 32 3 18 3 3 4 108 0 4 257 27 7 16 8 5 13 12 0 3 25 3 0 60 7 5 6 2 2 2 1 0
83 2 10 9 132 79 18 7 0 3 7 43 46 321 405 100 18 355 59 5 81 103 28 324 72 10 2597 2002 1274 152 294 7 4 27 66 144 47 16 2631 43 622 153 243 2 31 394 208 879 113 3 12 12 23 78 43 45 597 58 206 46 577 1142 806 4413 14757 7 898 765 11605 78 257 2 5 4 354 103 2 0 0 0 68 2 149 205 274 217 101 40 31 7 147 83 26 19 150 157 1 33 121 70 0 1 0 0 5 3 0 0 0 0 2 1 1 15 102 6 0 21 0 277 21 140 16 1 2 2 4 7 5 32 8 3 7 5 0 6 2 1 19 10 137 10 84 2 3 18 68 16 24 756 2 3 2 0 0 6 0 1 0 0 0 0 0 0 2 1 66 78 21 9 2 14 2 3 15 86 0 2 209 10 1 13 7 3 19 9 2 3 9 4 0 38 2 0 0 1 2 0 1 0
8 2 0 0 11 34 18 5 80 10 26 36 3893 0 1 3 6 287 592 17 1 0 4 8 3 4 11 1 8 3 3 33 25 2 1 0 1 57 22 0 54 2 39 683 2987 2884 2 24 34 1526 178 651 11 7 5 1 0 1 0 0 204 9 17 29 7 2861 3 1 45 4 35 136 94 359 9 112 1566 648 295 1056 305 859 7 1 2 1 0 691 218 436 3621 16 1 0 35 33 241 50 1 1 0 0 1 1 1 5 0 0 0 0 0 2 0 1 401 2 2 16 5 103 40 92 13 0 0 1 0 2 2 12 2 1 7 3 0 9 0 2 37 17 16 7 11 0 1 16 268 11 65 771 4 5 11 3 0 16 49 31 80 52 1 0 0 0 1 1 26 28 14 345 1 8 1 0 20 56 4 12 287 20 3 14 18 0 15 15 16 21 78 2 1 117 15 4 5 3 1 0 0 0
426 99 117 89 343 83 125 120 12 71 36 62 6 105 58 74 22 39 10 11 75 318 150 250 1459 65 570 492 5544 805 802 13 13 58 71 14 109 47 288 482 423 16 236 1 10 72 593 528 80 7 41 76 86 1064 163 212 4563 25 23 21 140 986 867 927 898 3 8679 1387 1202 187 222 11 17 27 1382 38 16 8 2 1 187 8 1223 4793 1770 3789 2307 93 48 12 90 170 97 50 342 274 17 86 2278 334 2 2 2 4 2 5 1 1 0 2 6 4 1 0 6 3 2 4 4 18 12 13 15 3 4 1 1 1 0 3 2 0 7 18 1 43 2 0 56 55 6 5 4 1 1 1 12 0 9 93 5 2 2 0 0 3 1 2 6 4 2 0 0 1 21 0 7 15 2 3 1 0 3 2 2 9 1 3 35 2 27 54 7 5 5 45 3 1 14 0 1 15 2 2 13 1 1 0 0 0
59 5 16 4 97 46 17 10 0 11 1 20 6 537 255 230 149 60 20 22 214 337 270 431 373 35 940 924 936 130 404 3 30 1329 274 314 1719 377 322 146 409 40 287 2 3 33 1193 35 17 1 4 20 26 70 27 53 1031 4026 2216 3313 57 82 111 521 765 1 1387 4865 303 18 33 6 23 21 2600 10 4 24 0 0 32 0 116 365 344 614 2879 21 7 0 19 37 13 12 89 215 4 14 514 183 1 3 0 0 9 7 0 0 0 0 2 12 19 1 10 29 21 23 132 44 225 53 245 21 9 6 14 7 2 10 7 2 16 26 4 119 18 21 272 362 10 99 3 0 15 5 2 0 70 57 66 1 1 1 0 2 0 1 1 1 3 2 0 1 9 55 18 10 0 0 3 1 4 14 0 10 0 0 16 8 26 159 13 10 2 39 0 0 5 4 2 2 2 10 6 2 4 2 0 0
164 10 12 15 235 231 24 16 2 11 23 99 21 58 282 280 20 490 24 16 127 267 104 227 105 29 131 333 1760 290 344 16 4 13 14 34 30 9 4165 68 1736 380 1141 7 176 460 102 5287 555 35 8 22 36 102 44 95 538 43 59 15 2718 3976 7504 2745 11605 45 1202 303 10175 158 1023 10 4 6 221 2395 16 1 5 2 224 9 182 278 466 367 75 324 248 29 924 294 56 50 1177 392 11 29 163 63 1 0 0 0 3 3 0 4 1 0 2 6 2 4 34 3 1 6 2 41 31 45 25 2 1 2 5 6 4 10 15 2 10 15 0 11 7 3 27 37 23 10 11 2 7 117 226 3 59 924 13 26 56 6 3 106 0 2 10 9 0 3 1 2 2 5 70 224 74 57 11 25 2 1 117 480 1 22 1943 130 12 31 10 4 184 32 11 49 128 7 1 446 43 5 7 1 7 8 2 0
71 7 17 5 14 7 41 42 3 12 3 5 2 11 16 15 3 34 19 26 56 236 114 64 53 25 17 8 208 43 21 1 0 2 5 4 4 5 19 18 466 19 489 1 10 21 18 104 417 22 232 104 15 29 128 78 31 6 3 1 50 7461 1153 160 78 4 187 18 158 3988 3854 2 2 1 19 69 4 1 0 15 1327 135 194 92 158 141 18 298 61 16 84 1015 1854 4039 6444 12 6 18 79 1 0 0 0 0 0 0 0 2 1 0 1 0 3 6 1 7 0 14 1 8 15 48 21 1 0 3 0 3 9 19 1 0 2 3 0 4 18 1 5 5 2 12 1 5 3 17 12 0 8 30 2 59 127 6 1 42 28 32 74 152 1 1 1 0 1 0 2 23 30 10 1 0 0 1 14 21 42 145 97 6 1 7 7 0 13 17 170 40 773 2 0 258 112 0 8 1 4 1 0 0
130 29 19 12 38 54 72 38 12 25 13 25 11 8 28 19 7 79 22 29 50 159 64 54 40 10 32 21 357 87 44 7 7 7 3 0 10 3 85 23 1202 35 283 13 53 33 12 2638 802 133 35 42 17 62 175 114 59 5 2 2 495 4009 682 172 257 35 222 33 1023 3854 7603 5 8 12 50 1079 30 0 12 15 4816 196 275 126 222 136 32 1688 630 149 619 723 281 622 2032 52 20 27 77 4 1 0 0 0 0 1 0 7 0 0 2 0 3 7 3 4 1 8 2 14 11 33 19 1 2 1 9 3 7 10 2 0 3 7 0 7 9 1 7 6 5 11 5 14 8 65 41 0 9 71 1 124 248 26 2 125 34 47 100 183 2 1 0 0 2 1 9 61 75 11 4 5 1 2 44 41 52 276 408 15 11 14 7 1 36 35 279 124 1535 5 1 761 206 1 15 5 6 3 0 1
58 41 77 102 100 457 174 63 480 192 718 1461 343 4 4 3 32 96 727 69 52 25 12 2 3 0 0 0 48 43 37 965 3120 610 0 0 18 1181 2 4 91 1 13 1011 474 266 0 8 2 220 10 42 77 29 14 6 1 486 1 4 15 3 6 3 2 136 11 6 10 2 5 3276 6010 1343 808 8 3175 470 3128 59 45 136 19 9 29 16 1 134 66 99 413 14 7 2 11 1328 3337 368 8 0 66 44 40 101 81 324 6 96 12 27 140 281 1 2 48 7 6 21 26 66 82 121 83 68 18 1 2 2 0 5 40 4 201 732 12 1026 6 1 557 312 19 9 5 21 102 2 36 4 44 152 12 2 5 3 0 8 6 15 4 13 32 27 8 26 300 14 9 12 4 11 28 12 14 12 5 12 6 6 68 5 1044 954 317 23 6 1284 11 7 17 3 36 25 8 65 343 60 37 1 0 2
