18.529758472941 26.8678523866201 24.2635434519446 38.118557491553 53.3461358527441 52.5158367018894 25.5463237176891 26.9494672609522 68.9278081090827 43.2521943618051 81.8167614438641 56.7230911100024 138.915937423706 118.957320580116 117.690327874545 118.722470356868 107.183036592272 123.646731376648 115.640223821004 112.661892255147 109.776648847849 118.633281144939 135.500043367085 164.787935758892 142.72205641463 123.496711730957 177.964719772339 132.404881208371 36.0898843315067 27.8325305106896 61.4678445355646 94.1921089172363 126.812556312198 105.258690615734 213.284606933594 0 100.753257015295 110.427147364212 128.421011250814 168.38051554362 95.9524644588871 148.009768676758 169.430454101563 140.633981323242 165.639150238037 164.804966319691 168.612640380859 166.559790464548 145.548760449445 182.401136852446 158.887428828648 175.743637843439 103.696808248667 82.0391876771924 120.009843811035 108.448559424456 87.4107480017131 123.066619873047 78.3131552802192 90.8952248891195 147.22126865387 174.680221492961 191.28055973053 172.727207422256 146.568590003324 169.358496665955 98.7484424752249 123.58713958223 148.021208739862 176.535764452437 179.952624746469 115.974752886542 131.576012106503 111.834167133678 101.792598553193 166.834021366004 101.011797238703 131.454853057861 114.922904491425 191.32837677002 180.675807501267 179.285238331762 115.538368102582 104.313232031482 106.815327808488 105.990117178009 140.150280463986 185.409027882111 184.193464958805 191.527656555176 182.163289024716 154.753477784454 169.371397221754 167.200123330821 177.065749577114 80.8046738409227 81.9161613518273 50.1883012993531 133.26775490897 147.724486033122 170.475747179629 166.420844421387 172.519474278326 167.570514995936 162.034781260033 166.951157579924 154.455499013265 141.43889944894 164.615481672616 130.180743167275 162.605038846477 170.275119152266 0 0 200.805349731445 143.324111938477 209.103988647461 0 175.543716430664 192.352460588728 196.894009399414 190.085233052572 167.852535247803 189.183349609375 0 0 0 0 0 198.883234659831 172.096975708008 178.930946350098 167.415407134265 164.700066607931 0 170.848472128109 220.176452636719 0 179.646041870117 180.727446336013 189.653747558594 143.505966186523 192.207897186279 0 187.077644348145 197.511184692383 188.670989990234 166.299163818359 129.376232147217 199.720048268636 147.455383300781 0 244.08561706543 0 0 219.297454833984 226.168533325195 0 216.927932739258 240.446899414062 234.673044840495 191.409358978271 124.235626220703 196.024736022949 186.344650904338 0 204.55158996582 198.181381225586 0 170.62141418457 202.519967651367 218.928009033203 137.759567260742 140.195770263672 222.325996398926 210.61750793457 240.867172241211 0 213.138961791992 210.570729573568 156.785176066609 172.781048833107 132.096625107985 123.825271606445 208.330871582031 150.426450612594 194.752944946289 0 224.887914484197 0 202.297004699707 222.283500671387 0 165.592794418335 138.495175997416 183.255473273141 201.676111857096 0 0 0
26.8678523866201 19.7552740376837 13.0098880046628 25.0697158790177 26.9361315017486 47.7814649017723 83.1864321125087 72.0672137207455 79.6427089806759 80.8094823309716 85.6722559611003 65.1566268241936 160.781372070312 120.753883361816 0 125.082450866699 156.499450683594 160.437713623047 171.752090454102 109.828918457031 106.910450790868 124.995220325611 126.291976928711 0 148.541245596749 152.480728149414 229.052820841471 201.781311035156 91.9693420133729 23.168898075039 38.1315833526322 102.873687320285 138.801810128348 121.371030171712 192.218109130859 0 111.995827674866 172.860266549247 151.432664871216 159.979764302572 98.123641337617 219.520278930664 171.325736999512 210.125564575195 204.695205688477 213.2961769104 190.771677652995 198.605054855347 180.262100219727 180.559051513672 169.027820163303 185.743119981554 137.893703460693 117.584688002063 146.157653221717 119.56603902181 110.977758135114 187.266830444336 132.593475341797 108.726673126221 156.372444152832 192.597241210938 199.696848551432 198.052993774414 163.214859008789 130.344680786133 103.019724373866 176.613897705078 183.064646911621 195.048839024135 194.78735509412 115.441201372844 186.717346191406 86.1723821303424 164.157901763916 186.946853637695 97.4680514526367 0 143.368478139242 191.021392822266 200.52315678316 184.848245239258 141.901526874966 118.437212416705 120.17408790708 114.491608968595 154.039566040039 203.022407531738 200.232214355469 0 190.831123352051 173.490180651347 180.57835596258 189.264744567871 202.389155796596 111.55317837259 79.1881904897764 99.5100671300348 130.054662604081 0 180.869512964468 169.015837944878 173.594800178372 171.785266384262 164.095107477361 170.100658473202 173.284845103388 129.431205749512 169.447831097771 135.552403376653 160.191185908531 166.720137156611 0 0 191.226318359375 0 0 237.333557128906 189.045186360677 193.386680603027 154.708323160807 188.530624389648 178.962783813477 196.974126642401 199.636627197266 0 0 0 0 0 175.427199187102 163.104476928711 162.355249283162 158.68232799088 0 159.692226895419 150.921752929688 0 171.95283203125 197.202563476562 237.932235717773 158.751953125 0 186.905883789062 194.141963037951 0 227.530044555664 0 0 222.745934622628 0 0 0 221.128082275391 0 0 0 247.363494873047 0 0 202.724227905273 204.56723844088 231.81657409668 194.936382446289 162.627512977237 0 0 0 0 0 203.86141204834 188.210838317871 0 158.674057006836 0 225.431884765625 0 246.915496826172 219.980926513672 0 149.627835015936 159.674718428631 101.295103890555 0 0 142.135568649538 196.10668182373 0 205.862808227539 228.095520019531 212.121064927843 0 248.239753723145 160.035284423828 130.780433113895 174.116315569196 225.422803243001 0 0 0
24.2635434519446 13.0098880046628 8.78598120502222 15.2185466273112 87.929330371675 34.2246849621732 62.6842369631609 16.2125793240745 71.1683864360902 23.7859433897361 47.6975583934036 23.3305778103937 161.677581787109 0 137.530258178711 169.4423828125 113.083534240723 199.103050231934 114.963394165039 152.174708048503 113.650987508346 120.95448701278 161.901496887207 182.533508300781 153.576220921108 151.881118774414 197.563570658366 191.834144592285 96.4451767638489 72.135065970661 116.658089581658 123.433559642119 136.832593744451 149.765966142927 182.604019165039 0 140.495338439941 153.672293229537 166.973579406738 150.934906005859 100.188574420395 131.931427001953 192.864846123589 201.693450927734 165.339989344279 204.332153320312 206.767547607422 188.551097106934 170.854837690081 181.838737487793 182.359716415405 182.100188760196 126.16676294236 116.516404645196 141.205238760334 125.007425906053 154.653814697266 149.009385681152 172.961959838867 0 188.534973144531 195.510996500651 206.351208496094 205.47694905599 185.161267089844 0 107.502055241511 150.802050113678 199.881304423014 190.380590102252 190.660433317486 109.206444876535 189.998115539551 101.224471071933 145.72970234264 190.757629394531 85.6218785179986 113.569946289062 113.258506229946 177.47647857666 195.329778089021 190.759902954102 136.236551516524 116.929493345063 117.752752017352 112.633815205892 160.320457458496 203.675969277659 204.20798601423 192.489903767904 186.473224639893 166.928791886669 179.899768563204 187.75825398763 199.879793250042 137.172341119675 72.8450799605017 88.5708233597534 144.586837768555 140.273330688477 176.835235432682 169.680413424584 173.424099957501 170.236487738414 163.590202472828 168.781887587335 158.832552517162 131.180055791681 163.988510211309 135.109564534299 159.311053861339 166.62628775761 0 0 0 195.947092692057 0 0 221.057815551758 219.183939615885 182.690093994141 210.996368408203 0 179.012460882013 187.121612548828 145.633056640625 0 0 0 0 175.081087943835 0 160.964129536092 158.635200633405 0 159.523001460706 0 0 182.65625 187.081039428711 0 192.28946685791 0 182.009407043457 201.291425368365 199.429748535156 177.371459960938 187.675857543945 0 215.539174397786 200.597831726074 235.800811767578 0 233.46802520752 243.306900024414 0 0 235.375053405762 0 246.600189208984 200.121284484863 204.996424357096 200.937080383301 190.633442066334 161.055441507479 0 0 234.853698730469 0 0 202.712927924262 189.339669799805 0 0 0 192.935272216797 0 208.440963745117 209.189437866211 214.671966552734 149.351606689044 163.227151003751 109.429356501653 0 0 137.623272934239 241.780258178711 0 218.245239257812 209.395411173503 219.26457824707 212.43090057373 0 162.882681104872 129.34929999223 172.241084289551 207.029575892857 0 0 0
38.118557491553 25.0697158790177 15.2185466273112 13.2482426499842 22.3703539310461 20.3097812222788 83.3802915761169 67.4751954204158 76.0731263109433 74.346066532713 85.2973596703915 26.2162212168322 0 0 92.7267456054688 149.8613684518 107.366241455078 115.577119827271 138.217073440552 108.984964370728 96.3566831365808 107.035753592467 120.844769795736 161.245558166504 135.480049133301 117.942680358887 190.950719197591 122.653156280518 87.6531144684436 37.5769804873314 31.8889629825268 98.8861335305607 112.568411933051 116.371882270364 0 0 97.4444298744202 123.362675370841 130.348329717463 155.026100158691 94.3142241987037 160.803253173828 180.774358113607 161.17184193929 159.362377929688 153.655802408854 117.104042053223 187.798568725586 151.602186584473 146.088668823242 190.323486328125 191.492081451416 132.407965007581 114.979362010956 140.273743947347 125.092734069824 105.785263824463 139.90180015564 142.43460337321 101.582768249512 153.041963195801 204.68176651001 226.487192789714 172.336931864421 157.54424794515 0 106.252345910233 114.729019165039 178.690838623047 210.749264526367 194.0145556132 99.3531165029488 180.692982991536 89.930684266267 126.518181129738 191.214680989583 94.8758926391602 109.38134765625 131.179361979167 161.328399658203 200.677889633179 185.544151306152 135.14490044117 110.669678010136 112.901998888363 102.770870908685 167.602513631185 201.919167013729 194.166442871094 169.165008544922 174.194564819336 176.906569163005 185.026860555013 180.385930379232 205.560961405436 102.666565797767 72.293966679874 102.948059512723 119.683689396556 0 175.920095030794 164.183141732518 171.323528241014 167.358434844834 160.530953161495 164.796416396395 160.361715104845 119.828651727415 163.733623563326 131.282379786173 154.55432068711 162.980340813921 0 0 184.275293986003 0 0 163.696365356445 0 209.547977992467 183.734166463216 202.371711730957 201.244529724121 183.640870412191 199.572392781576 150.708366394043 0 0 0 0 179.319274619774 157.793901443481 155.509281539917 153.874207801426 0 151.888878742854 0 0 180.39925994873 170.25511932373 0 160.113471984863 0 202.60695539202 188.477722971063 248.373168945312 199.13805770874 0 0 211.945249557495 193.327621459961 238.505279541016 0 0 0 0 230.238815307617 242.375900268555 0 0 205.119795735677 214.511763199516 192.238395690918 189.691304100884 152.448921652401 0 243.625289916992 0 0 206.180206298828 204.704139709473 193.974792480469 0 0 0 0 0 0 201.22191619873 225.664237976074 144.399576458276 157.73836289443 95.3111385222404 230.759124755859 0 133.472431789745 0 0 235.674896240234 199.524525960286 205.179130554199 223.738040924072 0 158.302092870077 128.22420864067 167.529341430664 190.134179251535 0 0 234.249923706055
53.3461358527441 26.9361315017486 87.929330371675 22.3703539310461 12.5192015201944 28.6871426779899 69.1509680366516 107.103315091601 85.8706087384905 96.1955248514811 48.1911716698119 48.4965228591251 109.557856126265 94.0185694376628 89.4700243208143 95.7609283328056 81.4283138716302 97.8941728757775 93.7981271344031 80.3092663943113 83.9903959812015 90.3148332292383 93.3453017786929 145.183072090149 107.27295328776 121.82962290446 131.479526519775 106.546025402141 57.200464871666 36.7482519922055 20.3305657627012 32.278288621581 60.798370761766 76.5054122581359 104.79907989502 81.0931854248047 73.404997127428 79.618781329424 104.316510944697 132.881863276164 82.1143790696154 134.282175881522 156.295869396579 79.9770806052468 111.39469833374 114.528600558429 110.581591924032 154.433502197266 156.195147323608 173.718124389648 170.46795823839 172.647434658474 134.040061618971 99.3219024281443 127.95489432595 103.295673424089 35.9874975906175 77.6974766638971 72.9413708580865 72.2251029241653 113.66351881305 171.399065751296 155.331014571651 140.69057091607 121.035296411225 126.495167125355 68.5184425709894 78.6171269760918 125.842831713088 186.870815822056 173.120930320338 82.1625862121582 78.2040453426173 108.730276743571 64.8347519618001 147.261157989502 98.9683559962681 71.7532958984375 98.6348476409912 210.418876647949 184.626306731125 240.449737548828 123.024075202222 92.2612425308654 94.4634252974862 83.3296653395849 74.9491684253399 182.416719498173 174.001768747965 162.339256286621 125.298070112864 167.507377233261 173.469679011855 176.711003920611 182.505111694336 26.1553110196081 73.2138973417736 78.0717557700905 93.9165139493689 33.6708901868548 191.205874356357 169.971152411567 170.079420725505 163.572427850021 161.394454956055 166.609794178228 144.799346923828 134.205932617188 163.615295410156 141.307851518903 154.826104990641 159.503409703573 0 143.86750793457 160.745659568093 175.295211791992 0 0 191.172386169434 171.718672229398 198.142189025879 177.054777665572 178.348770141602 174.290106201172 243.138122558594 0 0 170.531448364258 0 196.125066121419 174.508554077148 185.091776529948 148.20293367826 149.777549274151 0 148.196865184887 168.729949951172 149.696090698242 163.630730765206 193.834769354926 169.17800394694 190.398422241211 171.027123587472 188.634633382161 198.314880371094 226.725540161133 161.986478805542 160.655685424805 179.089294433594 180.311730998836 147.824005126953 0 0 0 0 173.754043579102 0 216.205627441406 0 0 242.700469970703 215.968744913737 0 191.697814941406 152.996283467611 173.403823852539 185.600288391113 187.214229877178 201.741806030273 144.951230367025 187.996284484863 187.606636047363 217.578964233398 0 0 191.699747721354 0 0 198.038224396882 203.415863037109 140.312746462615 158.887089756557 116.408500671387 0 202.832698822021 134.346559797015 246.256774902344 237.951263427734 231.667681884766 216.941192626953 0 214.320758056641 194.026092529297 157.750581741333 126.041541617257 181.470270792643 0 0 0 0
52.5158367018894 47.7814649017723 34.2246849621732 20.3097812222788 28.6871426779899 14.566451275323 75.1496751091697 65.2732350806228 72.3647283133814 43.2484544568987 43.0658515032535 22.4412187557479 104.955206871033 108.743385314941 103.458160012455 96.5042647595675 83.548883385997 103.401132300779 94.3437436805247 84.7690783909389 93.0998404355474 95.6817975641319 85.465174709458 149.818105152675 131.862036312328 110.051789093018 153.736022949219 137.710947990417 88.2926080246602 46.3153029700669 37.7456298641585 14.3330425622089 39.1393690280777 79.3466994592699 146.341102600098 106.692543029785 77.7996389865875 81.2955851554871 102.477973002308 129.644631279839 99.8310812444204 136.01476809853 152.80957376732 75.209473996549 120.992965415672 117.331478872417 132.783390045166 165.051404352057 152.134213469749 157.416690532978 203.230715942383 187.543031616211 127.046842353289 122.066772460938 147.366208569757 125.703524122051 116.036212497287 79.919541200002 81.9961183988131 92.5058712005615 114.749729701451 166.348291229783 174.96079826355 148.250797720516 130.378149781046 125.936337639304 112.73975501003 102.695361510567 128.912893088865 192.425881522042 178.494635687934 70.257835417399 77.3223710667673 82.9480819958168 79.3284275559173 158.489379882812 77.4275450404686 78.498345888578 79.379808461891 208.863021850586 198.123290697734 180.864135742188 140.586250222248 116.85918469933 115.06556989349 104.16793602705 139.825301777233 188.314758809408 180.824061889648 151.407210032145 125.444841303881 172.292251163059 188.297811407792 188.915679034065 174.766266766716 44.9544954049368 60.9991492396789 92.4018903241839 109.867169011248 94.4688949584961 174.713742404514 162.011916875839 168.323314710934 164.484339377663 156.229831853562 163.269880011404 177.506646963266 136.133307342529 162.610628128052 133.073680425094 151.718857406476 159.320071391709 0 215.492965698242 162.569068363735 223.411056518555 0 191.330518722534 172.122304916382 176.359937247583 171.959141625298 178.897885513306 151.799849700928 173.405977249146 198.048533121745 234.072326660156 0 0 0 190.502220153809 167.198401641846 166.663122994559 153.288313432173 150.204173586661 123.455093383789 146.627045542923 144.646179199219 173.132181803385 162.504870414734 168.404227623573 166.234410603841 173.818214416504 189.693352194393 199.909001668294 174.352447040264 216.338176727295 176.977074323382 158.656188964844 156.839029752291 187.671014470162 192.726338704427 0 226.054122924805 230.523727416992 0 188.23860168457 0 226.318658447266 0 237.198984781901 198.919347348421 202.77508687973 185.479522705078 189.640655517578 148.067790268059 0 181.214046478271 192.744228162264 195.576787312826 150.214879989624 191.966123580933 178.836013793945 140.502639770508 0 185.894027709961 191.861328125 239.696914672852 241.475975036621 197.19731799039 189.853746686663 141.124802783191 145.527449793464 99.4313084146251 182.971440633138 203.164321899414 131.711385325225 218.413055419922 0 215.904238382975 190.614844428168 198.078930941495 212.742520332336 235.230075073242 147.52051172501 125.16193622228 174.599819234212 190.469309488932 186.279647827148 215.370185852051 209.662109375
25.5463237176891 83.1864321125087 62.6842369631609 83.3802915761169 69.1509680366516 75.1496751091697 11.7405009390619 21.4967541695827 20.0971896116109 35.1417037395111 53.9667795463528 71.8477552658921 168.584543863932 120.325798034668 134.913698832194 131.544034322103 119.310134887695 131.454606737409 157.493844604492 125.779980977376 116.777971716488 109.465898786272 113.79692586263 145.945278167725 144.050312466092 120.640266418457 191.14720916748 158.974025726318 36.64056306202 44.2974494173688 69.8568390490962 80.6636050297664 99.0653925808993 119.75888967514 121.57398223877 0 116.801879228864 115.710311344692 139.188871765137 181.604804992676 92.5338468213453 158.825393676758 159.856938934326 122.587448120117 124.360799153646 149.534985351563 154.267719268799 159.793273045466 119.241310773577 118.673678398132 142.089275271394 155.858217500385 74.1357597754552 57.5178208005601 91.9429615868463 84.2276311161542 110.032819664997 96.7605340140206 86.7763137817383 128.669634501139 164.968212127686 175.906242717396 182.709283447266 177.32360458374 164.117923312717 110.518207126194 94.579787689209 120.385467978085 161.568518002828 149.243750223299 159.168259938558 77.0698469973158 88.2030466253107 71.9807508049942 108.241745386368 157.799063110352 59.3682537864657 76.090014891191 75.0997199264227 160.614953292044 156.591921876804 138.796126403809 87.8135305714404 89.7024042927627 91.4184276933172 102.914896757706 134.938821919759 168.053343854632 168.113990343534 161.818685358221 161.524738311768 124.57088967732 150.808339143411 150.131945985736 153.171229807536 85.9148094513837 32.2612770872941 22.7944213264587 123.297808927648 115.345418294271 167.698244571686 153.275749900124 152.857844096858 148.112587525673 134.521259562174 150.733310302734 119.487865447998 134.835857391357 153.145594596863 121.276981099447 142.767807769775 152.947374661764 0 0 0 0 0 0 0 187.466217041016 186.279830932617 179.956214904785 137.960391998291 151.535018920898 0 133.62483215332 147.886047363281 0 0 0 177.27201461792 137.962005615234 144.914139691521 154.876502990723 0 158.819185529436 0 0 156.999308994838 162.095254898071 0 123.970199584961 0 205.900405883789 175.945983886719 0 197.010803222656 0 211.148590087891 204.624064854213 0 0 203.002670288086 0 0 223.591567993164 221.496032714844 212.932693481445 194.391342163086 246.517967224121 180.423619588216 0 0 142.676528930664 149.611263910929 107.810615539551 202.546272277832 0 245.717178344727 217.807495117188 220.916412353516 0 189.666046142578 0 0 174.828125 222.135101318359 0 198.214879353841 235.766815185547 144.745034512607 148.675726265743 100.696892738342 0 234.109474182129 144.190328137628 208.86366780599 156.585403442383 217.499444580078 0 214.613037109375 198.942132132394 0 231.701858520508 116.507362199866 168.350559234619 167.461135864258 0 0 0
26.9494672609522 72.0672137207455 16.2125793240745 67.4751954204158 107.103315091601 65.2732350806228 21.4967541695827 13.3208265009552 39.0126255404781 18.640943083418 41.8037013799683 44.9502031977655 164.202861785889 148.063995361328 0 136.363754272461 138.85199546814 0 123.010887145996 152.974029541016 118.359360492591 139.137745539347 233.871429443359 196.710159301758 135.51654510498 0 198.056747436523 193.342044067383 83.0547026539274 61.6861795103827 115.589565700955 114.862516403198 134.619962419782 165.645374298096 0 207.672653198242 154.752412796021 137.103399488661 183.992764790853 169.893890380859 93.2316992954655 151.71869913737 198.431406656901 103.372753143311 137.718902587891 191.308235168457 163.654600524902 172.97449313893 147.885695280852 180.494619369507 160.751426496004 172.22017918276 99.0066706073222 91.8895221421443 122.550919111385 104.790980297586 136.221415469521 144.414166768392 130.259761810303 156.976055145264 170.3050667899 189.690743487814 191.741639709473 204.340637207031 193.18217250279 133.426737976074 93.4015987078349 148.730867767334 191.600388526917 181.6107308524 174.496394508763 92.4554076421828 114.795032501221 90.5001945495605 154.324067202481 173.085417314009 64.5506826769404 103.897043228149 101.151187896729 191.398699951172 181.490817985912 177.035651467063 114.774716500206 102.501855160328 106.220339664193 98.7586103636643 159.275611877441 184.557435960036 182.269444163253 183.812302907308 186.784515380859 162.402539275413 167.897852216448 167.141773346932 175.247938368056 123.912154457786 46.2563334169059 57.1546744397112 135.042859590971 0 166.608113646507 157.426332340684 164.197175038012 160.842305415227 157.121964996936 161.653718329313 170.428781509399 160.461153302874 156.832185225053 128.690968440129 154.288021189372 163.564882066515 0 0 0 0 182.178604125977 0 159.275245666504 0 206.794570922852 0 197.67155456543 187.007469177246 163.638305664062 0 0 0 0 170.311004638672 161.681304931641 0 161.556488438656 158.495262632979 0 171.690702529181 208.381103515625 0 190.35991414388 189.635729471842 0 0 0 227.413040161133 180.30940246582 209.108291625977 230.78874206543 0 135.854568481445 212.301406860352 0 190.217651367188 0 213.875366210938 0 0 235.157699584961 235.805023193359 0 237.816665649414 0 202.458667755127 0 191.993504842122 157.069248199463 0 174.564559936523 0 0 0 191.657035827637 159.9521484375 0 169.471328735352 0 223.371368408203 0 221.824104309082 210.994094848633 0 154.908374055903 166.770085334778 136.989458084106 0 0 154.963959543329 212.78946685791 0 236.624465942383 0 209.228754679362 233.836837768555 0 162.638000488281 132.791519282414 182.007642409381 207.837152099609 192.039413452148 0 0
68.9278081090827 79.6427089806759 71.1683864360902 76.0731263109433 85.8706087384905 72.3647283133814 20.0971896116109 39.0126255404781 6.53980868255119 24.4346703837827 50.8130618480926 70.7847686786796 112.464927249485 114.919921875 114.755073547363 0 0 98.3351211547852 179.292236328125 121.468040466309 88.2719791493517 99.6477550930447 69.7374386257596 110.483741760254 123.898010253906 0 0 0 74.752552325909 74.1745352745056 127.63085047404 58.2745356877645 67.7038663864136 112.137130737305 0 0 125.446048736572 97.1990432739258 229.993179321289 210.292694091797 118.917141949689 0 132.751754760742 105.027926826477 102.245709090936 122.62183713913 212.109733581543 145.643553415934 145.692391967773 112.319490692319 163.230543283316 161.129196342381 50.9358419878729 60.1707565188408 73.8980482934226 133.035713195801 0 52.3149280548096 0 159.439346313477 150.564592997233 148.069229125977 136.136039733887 140.639739990234 0 81.6185076713562 117.177071889242 0 173.371967315674 161.382553100586 164.049603780111 54.9688896576564 70.2573655128479 46.2084009902818 74.4344993167453 100.409238179525 40.8136369275242 57.2747479233087 58.218703839206 142.029474957784 170.043650898181 129.912672996521 88.6785918526028 99.2710876464844 120.701317977905 107.757881164551 114.900993347168 151.170873999217 138.067359184151 125.267249112302 126.258268262519 181.415180206299 163.275704956055 127.248466491699 154.907247924805 80.2095627920968 14.613714344707 22.3229487749635 121.407189505441 0 143.601036071777 178.20982615153 167.555712381999 173.33161239624 166.254821777344 145.344529402883 0 89.666036605835 127.014495849609 86.42919921875 145.196095784505 150.846346537272 0 0 182.616722106934 144.471422831217 0 104.624626159668 133.131549835205 222.043609619141 189.043014526367 125.539502461751 130.656776428223 158.936225891113 125.3359375 0 188.988220214844 0 0 100.18083190918 127.406860351562 0 127.074810028076 128.160509446088 0 107.698308771307 0 0 114.921966552734 113.70848274231 0 242.007843017578 241.260986328125 0 142.801635742188 159.704391479492 189.911069234212 0 114.280868530273 179.350105872521 0 0 220.095352172852 0 0 231.17724609375 187.144739151001 169.085433959961 196.426700592041 215.206778893104 160.530227661133 0 0 144.720672607422 140.371337890625 159.492904663086 194.497329711914 191.594596862793 211.688285827637 122.545330047607 0 0 0 0 208.107696533203 167.123887803819 202.966430664062 208.429054260254 177.998523091161 172.540980021159 106.744106292725 121.416098937988 62.9552899315244 119.276809692383 174.930689493815 104.43579259412 178.874984741211 155.950901031494 212.261768341064 0 243.154663085938 209.720556405874 186.454742431641 178.160415649414 90.1303819509653 160.308795166016 122.698295593262 0 0 0
43.2521943618051 80.8094823309716 23.7859433897361 74.346066532713 96.1955248514811 43.2484544568987 35.1417037395111 18.640943083418 24.4346703837827 13.1979378078325 17.6212462507862 23.5031517205803 68.096565246582 151.577967325846 158.332546234131 183.63109588623 132.731164932251 0 144.533824920654 157.604919433594 113.926586405436 130.376290215386 0 150.596069335938 147.684733581543 127.524299621582 168.44140625 221.581100463867 85.6423195225283 86.4764922677654 109.570706939697 89.9411630249023 84.4681011835734 164.451000213623 245.462066650391 103.788589477539 145.520935058594 174.145850118001 143.633865356445 199.899467468262 97.9978405478222 0 180.407638549805 74.3452758789062 125.15076153095 177.613235473633 0 163.283064898323 145.28992767334 158.483583786908 164.078783512115 174.799965469925 84.0095075699726 85.9183617153683 112.49737379286 110.262815138873 142.035514831543 169.861736297607 0 0 183.079391479492 180.031270345052 176.057342529297 0 204.360794067383 89.9016983032227 104.08348029768 157.647026755593 169.69618918679 170.600879669189 184.567329711914 65.8024436930815 111.726849873861 78.9630607848472 141.559397016253 178.505317687988 30.5488916552679 71.6710716883342 82.9463159243266 169.870275497437 181.885703688401 165.128103989821 112.931854772204 103.843219824005 106.35731661147 107.031983809038 143.77314453125 178.658417551141 176.269795931303 158.344880104065 172.495881144206 153.305750678567 169.452708943685 162.335546221052 169.341541065889 126.35460844494 29.6925757258387 49.6008665226993 124.463646888733 0 142.565083740623 137.056702303599 141.103551801046 137.546014600298 130.463696357899 138.011937798651 128.354696437291 92.7682847647831 130.875051754624 100.498063151042 129.262913098899 140.098220698941 0 0 189.659927368164 218.296020507812 0 0 0 0 143.715246200562 196.174499511719 0 193.618031819661 186.140369415283 0 90.0397109985352 0 0 247.700546264648 156.392439524333 124.53347269694 145.840949296951 140.238516679899 0 150.686362322639 132.513656616211 0 157.862203325544 185.164100646973 0 0 0 190.02961730957 184.224033355713 0 204.572280883789 0 119.278811136882 196.48806254069 151.250152587891 0 0 0 216.673858642578 227.307037353516 234.502227783203 0 0 222.841944376628 194.593702528212 194.435862223307 152.685903276716 160.723896789551 149.242430210114 0 0 0 239.643295288086 173.427062988281 190.581194559733 162.6572265625 0 0 159.854110717773 229.746963500977 209.836868286133 0 198.479354858398 0 127.36845992969 147.816836547852 81.1122075249167 0 221.366414388021 118.651036296171 191.811599731445 0 219.388977050781 0 173.728876749674 196.818084716797 204.662536621094 129.775408935547 101.955502804061 138.06579617587 188.832804361979 0 0 0
81.8167614438641 85.6722559611003 47.6975583934036 85.2973596703915 48.1911716698119 43.0658515032535 53.9667795463528 41.8037013799683 50.8130618480926 17.6212462507862 10.6122153076714 23.251781708662 92.5014775594075 122.709976196289 111.345077514648 91.1383285522461 82.4379447937012 110.366390003878 85.4261230157346 91.9455131954617 91.6307927812849 95.0632905738298 96.2672779083252 153.965329488118 134.274658203125 131.767868041992 160.628675460815 165.970054626465 99.6696980046291 67.8920859852056 55.8186288916546 53.7691943248113 52.889990667695 93.0946850023772 0 0 86.7813142776489 75.3946505215899 104.38791847229 128.28931427002 97.2768058186954 138.512090047201 153.734325408936 66.3998257486444 112.270131463874 107.447632577684 0 158.070095607213 142.222490583147 141.421497691761 192.273651123047 186.036750793457 105.968047402122 109.304797816921 125.753762817383 120.168676757813 126.718265533447 96.0794105529785 0 85.9611511230469 120.425154209137 206.630920410156 146.266120910645 168.31865234375 129.838087899344 105.271968841553 121.617028766208 153.334091186523 136.657376496688 188.837122599284 171.747293325571 38.8252433790802 77.1189058647781 61.70249257063 90.6964436769485 152.333550193093 49.5527027353798 73.272182630456 39.5305585577936 183.66695022583 184.326840209961 156.319409370422 127.700326431629 116.513092938591 113.021440833506 98.0057947635651 169.290171305339 184.039824676514 168.034228733608 171.705189175076 117.529865378764 169.316209680894 179.850156148275 188.51448059082 166.726934814453 52.6176273457325 37.0099870937967 72.983957082575 106.224416559393 0 157.950024843216 150.202407062054 150.915772543413 149.148832967355 141.75037704117 147.865770522197 140.820330381393 104.181015167236 143.690276059237 113.610438060368 137.757562361423 145.810758303639 0 0 153.761720657349 161.446022033691 155.138931274414 136.099346160889 138.054916381836 162.503197806222 143.706472015381 153.745243835449 143.51414162772 160.380000050863 144.518007914225 139.867889404297 0 0 0 0 172.466099132191 117.502075195312 138.484076941886 133.652627388993 0 130.97669617241 140.24137878418 116.179107666016 136.883181254069 142.595249720982 159.235888671875 134.410184224447 238.040908813477 161.654766082764 159.080921304637 216.736610412598 163.36994934082 179.762980143229 123.521896362305 172.553478861964 149.740493774414 226.420379638672 233.040481567383 232.740692138672 220.62092590332 191.464584350586 226.079975128174 221.483324686686 231.032948811849 248.51887512207 194.690987586975 188.651513417562 162.694129943848 174.789010620117 132.477524446186 139.480819702148 173.179898071289 199.572537740072 195.560470581055 115.205073038737 180.338931048358 183.43312399728 157.502975463867 0 183.742622375488 196.807994842529 236.860422770182 238.252344767253 188.927742999533 203.243431091309 125.597928952186 131.171647046063 80.0524283051491 0 195.233004760742 115.88334716276 192.108196258545 134.656745910645 216.874143600464 217.323962402344 187.344513666062 215.668977217241 228.827456665039 149.766679382324 106.250122053905 153.939248926499 180.259237380255 0 0 0
56.7230911100024 65.1566268241936 23.3305778103937 26.2162212168322 48.4965228591251 22.4412187557479 71.8477552658921 44.9502031977655 70.7847686786796 23.5031517205803 23.251781708662 14.0481682986526 97.2053610619078 146.288433837891 121.085678980901 115.00222344832 92.431266878858 102.596548763322 94.9310734902659 97.4229456941846 100.147049205318 104.128411504323 97.3299686113993 144.293638865153 126.130874965502 129.809865315755 152.919387817383 163.010681152344 109.353683623401 60.7110358883636 57.2823981553495 23.7570937564603 18.7289247098896 71.6966797221791 180.261962890625 0 95.213680342132 82.7821686133289 114.666619520921 155.665016174316 106.27115168716 144.431109619141 166.883399963379 74.925087247576 118.403714143777 113.170314025879 162.9720589774 170.724576083097 164.525181361607 144.08723004659 187.061584472656 199.26866027832 124.55804983175 132.662625764546 147.67005581326 128.120047887166 129.437094370524 69.1727079165879 108.633337838309 98.7064339773996 123.631610870361 183.013313880334 174.38222249349 158.823434717515 137.951834922613 121.838910208808 117.707844764956 127.944264221191 140.724449851296 198.158682250977 186.624807739258 35.9999938309805 70.1891352863233 76.5376616773514 78.0138334628351 153.163824558258 67.5136266259149 71.3320945739746 43.8360457629692 189.650962242713 203.226544141769 182.9672498703 146.057059205609 121.823856414311 118.135678671051 106.007381115084 159.843299865723 195.230628967285 175.863555908203 160.727606339888 125.064830761421 175.18506652832 191.436217568137 204.431533813477 182.234979109331 60.8014602217563 54.7739753299077 92.2516428788107 115.53110338294 117.501770019531 175.451860978299 162.616119731556 169.230553650771 165.822498508217 157.998119934477 163.497853115252 160.701736970381 122.158476781363 160.607291672256 129.039268377704 153.536192136555 160.100185049754 181.876373291016 0 168.896643638611 146.586288452148 231.21598815918 172.532585837624 160.829484727648 173.707938884867 162.633330605247 173.76046174148 147.760919570923 162.989630126953 186.799006462097 161.322865804036 132.854476928711 190.406265258789 0 174.368270874023 171.195008315049 169.464163886176 151.801071531381 148.037165103107 135.572982788086 140.422790025685 169.860458374023 151.470176696777 147.990507337782 156.44361782074 166.060777282715 171.32123260498 178.40581258138 185.960297902425 171.736125774212 230.292419433594 176.510108947754 163.047912597656 156.5199842453 184.190552888093 141.243637084961 0 228.768371582031 247.859954833984 0 188.283882141113 230.264490763346 225.580639648438 247.46208190918 245.048487345378 208.393149432014 203.261908897987 181.279503958566 186.730449573414 146.159636166631 156.093589782715 183.351198196411 205.286348978678 203.648490905762 143.934511184692 190.768350549646 194.987728412335 179.480712890625 209.449778238932 217.267913818359 192.823712158203 242.997817993164 246.75887298584 197.744361659459 198.379119873047 141.325330974099 143.057800900405 96.4983169292582 174.468083699544 192.234172821045 129.964040857192 209.331039428711 171.620162963867 216.616533279419 191.796556745257 202.636797148606 219.702936808268 245.448486328125 154.377336099114 122.631762915717 171.607218211283 197.335963112967 193.467651367188 222.484436035156 0
138.915937423706 160.781372070312 161.677581787109 0 109.557856126265 104.955206871033 168.584543863932 164.202861785889 112.464927249485 68.096565246582 92.5014775594075 97.2053610619078 11.5849490359769 162.644523620605 119.465356826782 124.786168779646 51.2630741412823 23.8752537261648 27.4130757918128 64.2518183274703 107.297805786133 118.178451538086 57.4325828552246 71.3670835206003 106.199859619141 97.4588069915771 80.8099054934374 79.0261731147766 149.479265848796 130.1921971639 103.405707041423 79.3517078823513 85.1790209843562 99.9419250488281 117.477661132812 113.596237182617 176.479937235514 65.6408845137346 110.935578859769 110.660972595215 84.2241067432222 59.1339645385742 70.9960920954325 25.2238738101999 23.1079627782089 16.6334672469172 99.6817436218262 110.5359080388 85.8490645090739 41.5961919661874 108.241446358817 103.490566385203 122.085105895996 140.878524780273 0 0 206.097854614258 78.112803141276 99.8887023925781 0 94.2828805005109 129.872763633728 88.9212022781372 61.9073058735241 71.1767163483993 28.5905606539673 160.615018208822 161.49046198527 101.298615591867 112.35608291626 137.205875743519 83.0556591022814 71.3511753860785 33.4481470556005 96.5346136654125 155.611862182617 79.4501830673218 18.593669398519 65.3591897031094 83.8244368030179 121.148181370326 66.5471804404745 199.994054158529 147.876705169678 169.478973388672 167.351364135742 0 95.8491533220429 85.1416484375 67.7062350806175 57.5425180459089 90.0741618763317 120.452907562256 160.801345825195 87.555461247762 100.849743706839 87.9607093811035 116.196749600497 152.20837020874 0 183.388239542643 180.845532226563 0 233.441009521484 170.840686035156 180.086142645942 0 143.82261505127 0 0 171.816131591797 181.511447143555 144.83704514937 112.836076645624 75.1313144805409 125.925712222145 141.234716796875 117.652805328369 150.103238886053 96.0530566377 132.457133370859 105.955072189432 125.692959285918 166.724062238421 158.159642537435 159.13606262207 141.368412017822 123.440067964442 128.186339242118 118.013661043144 178.10334180749 142.303479512533 164.313525390625 170.816813151042 139.092351277669 152.787739181519 134.639038672814 137.61323038737 140.836599471721 140.829704912971 93.9793824199381 136.981981992722 105.870110681815 235.239944458008 165.963588460286 140.086015701294 66.9883322385278 76.7475065751509 112.395010514693 92.3114150146876 139.815679277693 126.742820739746 151.029653549194 177.980458577474 159.457870483398 121.846767425537 165.691442871094 179.456657409668 153.513926188151 189.327911376953 204.249282836914 215.452117919922 222.923065185547 204.015586853027 155.57046339247 144.823196411133 87.0439105476301 111.936239489387 107.345210484096 45.8958575218812 183.731691360474 168.025858828896 145.169231414795 150.469825744629 124.474990844727 106.335350573902 197.369655609131 177.883308410645 108.232425689697 109.314085642497 161.119869995117 138.975575182811 66.3092778587341 145.638175964355 122.83431854248 133.273240340383 0 112.471629884508 156.869419336319 169.046212768555 246.644958496094 135.489879657696 155.044581095378 178.277328491211 128.571178436279 193.427295684814 198.461034138997 141.067127227783 147.506286621094 130.464401245117
