29130 5868 8782 2050 889 2445 10703 14372 271 919 29 1898 0 4 3 7 2 6 1 2 197 69 4 9 41 4 3 10 5767 11466 851 214 224 34 0 0 1 4 1 15 1776 4 25 1 4 6 26 29 120 7 121 414 1532 2655 982 364 184 18 1 2 14 56 53 8 13 0 374 52 56 105 62 177 71 86 137 20 18 0 89 13 249 18 3021 1366 1354 238 71 139 48 12 22 455 184 131 58 594 189 2095 89 95 29 25 44 57 16 123 9 27 44 42 50 170 0 0 1 0 3 0 3 2 0 1 1 23 17 0 7 0 0 0 35 2 36 179 1 35 0 1 21 20 1 3 1 9 63 0 0 0 0 2 4 0 3 3 1 1 3 4 4 0 16 28 4 49 9 0 0 0 1 0 25 7 1 0 1 4 2 0 1 2 200 31 30 1 0 53 6 2 8 3 18 1 1 5 61 11 35 4 1 3
5868 7430 3598 7034 2781 2980 111 82 10 28 5 2422 0 0 1 2 0 3 0 0 79 10 0 1 12 0 1 1 232 1902 441 60 16 4 0 0 0 1 0 5 494 1 5 0 0 1 0 6 19 0 11 52 81 279 78 132 32 1 0 0 1 5 9 0 1 0 130 8 4 12 9 14 9 49 15 1 0 0 5 1 27 0 487 342 511 123 23 18 9 6 1 66 27 16 6 125 14 51 28 12 11 10 39 49 8 92 1 8 18 7 28 110 0 0 0 0 0 1 0 1 0 0 0 9 14 0 4 0 0 0 24 0 49 124 5 18 0 0 1 10 0 0 0 6 32 1 0 0 0 1 0 0 0 4 0 0 0 2 0 0 12 22 4 38 4 0 2 0 0 0 19 2 0 0 0 1 0 0 0 0 123 23 16 1 0 29 0 0 2 0 15 0 0 4 32 8 26 3 0 4
8782 3598 11848 6542 124 5622 316 7411 91 5481 32 20130 0 0 1 1 0 1 0 1 120 22 1 2 24 1 0 1 257 208 74 19 36 11 1 0 2 1 2 8 616 2 7 1 2 0 11 10 43 2 37 128 253 497 214 206 36 4 0 0 4 11 12 1 5 2 147 17 9 38 18 44 16 66 22 5 6 1 16 7 92 3 919 493 684 109 29 44 15 5 2 167 68 28 16 25 125 224 35 13 59 44 162 151 30 384 9 53 110 122 146 524 0 0 1 0 0 0 1 0 0 0 0 38 27 4 1 0 0 0 69 2 108 322 3 51 0 0 15 22 1 3 0 18 83 1 0 0 1 1 2 0 0 8 0 2 3 3 1 0 34 66 14 116 9 0 0 0 0 1 41 6 3 0 0 1 4 1 1 0 393 45 27 0 0 72 1 1 2 5 34 0 2 12 134 31 53 9 0 7
2050 7034 6542 19948 5525 12822 34 20 8 52 16 6037 0 0 1 1 0 0 0 0 163 42 0 2 19 2 0 0 110 743 793 130 38 9 0 0 0 0 0 3 526 0 1 0 0 0 5 2 10 1 9 25 30 141 37 91 31 1 0 0 1 4 2 1 2 0 108 13 3 8 3 57 17 78 15 2 4 0 18 1 14 1 375 284 649 147 10 9 4 0 1 28 13 16 1 253 46 12 36 23 34 35 116 118 40 312 7 27 64 55 108 347 0 0 0 0 0 0 0 0 1 0 0 40 26 3 2 0 0 0 56 1 102 287 5 40 0 0 10 9 2 0 0 20 99 0 0 0 0 0 0 0 0 6 0 1 1 3 1 0 24 64 11 98 13 0 0 0 0 0 39 7 1 0 0 1 3 0 0 0 322 36 20 2 0 69 1 1 0 5 34 0 2 8 105 27 45 7 1 4
889 2781 124 5525 12285 10741 214 45 21 26 26 3724 0 3 1 0 0 0 0 2 202 93 6 2 30 2 3 4 810 6674 7621 1230 559 34 0 0 3 0 3 6 462 2 8 0 0 1 9 11 9 0 6 44 158 398 99 109 292 22 0 1 3 7 11 2 7 1 156 10 39 12 9 165 147 32 104 13 4 0 83 3 23 1 539 384 724 220 13 15 13 1 3 41 19 11 8 1873 73 135 54 57 6 10 16 13 8 54 1 5 11 8 17 60 0 0 1 1 2 0 1 0 0 0 0 10 4 0 4 0 0 0 8 1 20 39 1 8 0 0 5 16 0 0 1 5 25 0 1 0 1 2 2 0 1 1 1 1 1 0 0 0 6 8 2 17 2 0 0 0 0 0 8 4 0 0 0 2 1 0 0 0 73 7 11 1 3 21 1 0 0 2 7 3 1 4 29 5 7 3 0 1
2445 2980 5622 12822 10741 11695 257 84 50 443 17 10873 1 2 3 3 2 1 0 2 330 183 1 6 49 3 1 4 578 5107 3826 2692 1371 46 1 0 0 4 4 4 561 2 11 0 1 2 12 8 9 2 7 40 107 291 79 120 92 56 0 1 2 11 12 0 7 1 116 11 37 12 4 418 246 90 162 26 12 0 173 0 18 0 405 316 817 208 17 9 7 0 3 39 15 17 10 1686 182 147 64 22 45 37 121 124 33 336 9 29 86 78 157 403 0 0 1 0 5 1 1 3 0 0 1 27 28 3 4 0 0 0 57 1 95 306 5 37 0 0 11 28 2 3 1 13 73 0 1 0 1 3 1 0 0 5 0 0 2 3 0 0 32 66 7 91 13 0 0 0 0 1 33 10 2 0 0 1 5 0 2 0 359 29 40 1 0 91 1 1 2 7 27 0 0 12 162 23 59 5 0 5
10703 111 316 34 214 257 10120 6051 1620 2392 210 409 0 1 1 0 0 3 0 0 17 13 0 1 8 0 1 4 2273 3167 208 78 82 14 1 0 1 2 4 2 91 2 3 0 3 1 7 7 24 0 24 77 1443 1692 602 24 35 1 0 0 2 14 9 0 3 2 27 6 10 26 9 114 29 15 37 2 36 4 50 3 65 2 778 131 84 25 23 39 11 1 9 117 54 26 17 167 218 5556 17 16 3 1 9 3 1 16 4 5 4 4 6 20 0 0 0 0 0 0 0 0 0 0 0 2 3 0 0 0 0 1 2 0 6 33 0 4 0 0 4 9 0 1 1 0 7 0 0 0 0 3 0 0 4 0 0 1 0 0 1 1 0 3 1 3 4 0 0 0 0 0 5 2 0 0 0 0 1 0 1 0 24 6 4 0 2 11 2 0 3 0 3 1 0 3 6 1 8 0 0 0
14372 82 7411 20 45 84 6051 26690 4182 19498 607 1781 0 1 0 0 1 2 1 0 10 6 0 0 11 0 1 4 214 1153 48 11 22 4 0 0 0 0 0 2 343 0 6 0 3 0 7 8 39 0 39 156 652 857 475 48 25 1 0 0 3 5 12 0 2 1 40 5 3 38 22 87 10 4 10 6 45 4 35 6 86 1 1009 282 179 18 15 44 22 2 6 178 78 40 17 34 274 2515 9 5 15 3 15 6 2 43 8 22 16 41 24 39 0 0 0 0 0 0 1 0 0 0 0 0 0 0 0 0 0 0 3 0 5 11 0 3 0 0 4 4 0 0 0 1 2 0 0 0 0 0 0 0 0 0 0 0 0 0 1 2 0 0 2 5 2 0 0 0 0 0 0 0 0 1 0 0 1 0 0 0 7 0 4 0 1 0 2 1 1 0 0 0 0 0 8 7 1 0 0 1
271 10 91 8 21 50 1620 4182 3124 4480 735 611 1 0 0 0 0 0 1 0 24 20 2 1 8 0 1 0 66 78 18 49 127 3 0 0 0 0 0 0 23 1 1 0 64 11 1 1 4 37 3 15 302 184 86 3 14 2 0 1 0 1 3 0 0 31 8 2 0 1 2 755 61 193 18 1 417 14 368 4 12 23 68 16 24 6 4 33 17 34 9 10 3 6 7 39 1974 1816 4 5 15 6 5 4 4 21 6 27 13 38 26 42 1 0 0 0 1 1 8 0 1 1 5 3 0 0 0 1 0 0 1 0 3 21 0 3 0 1 3 14 0 0 0 0 7 1 0 0 0 1 1 0 2 0 0 1 1 1 1 0 0 0 1 4 0 1 0 0 0 1 2 1 0 0 0 1 0 0 1 1 13 3 9 0 3 8 0 1 0 0 1 1 0 2 22 2 3 0 0 3
919 28 5481 52 26 443 2392 19498 4480 28680 11316 23726 0 2 0 3 0 0 2 1 17 11 0 1 5 0 0 4 140 104 29 24 51 1 0 0 0 2 0 4 248 1 3 0 2 0 4 8 24 3 25 115 507 646 370 43 16 0 0 1 3 9 3 0 3 1 33 4 7 22 31 279 11 17 13 3 82 2 71 3 73 4 801 173 125 14 4 34 15 3 8 146 69 40 21 20 1554 1930 13 9 201 36 138 120 41 438 56 233 183 486 418 751 0 0 0 0 1 0 0 0 0 0 0 7 5 0 1 0 0 0 12 0 71 194 1 3 0 0 1 3 1 0 0 1 12 1 0 0 1 0 0 0 0 2 0 4 1 2 0 0 7 20 9 43 1 0 0 0 0 0 7 3 0 0 0 3 0 0 0 0 209 3 12 0 0 22 1 3 1 1 7 2 0 6 308 30 12 1 1 1
29 5 32 16 26 17 210 607 735 11316 5831 5439 0 0 0 0 0 0 1 1 36 17 1 0 2 0 0 0 28 50 20 33 84 1 0 0 0 0 0 0 26 0 0 1 1 0 0 0 0 0 2 5 59 54 19 7 4 1 0 0 0 2 0 0 0 0 8 0 2 2 2 495 7 11 1 0 45 2 60 1 0 1 47 8 30 10 1 0 0 0 2 6 5 2 2 14 1480 287 5 0 106 35 161 132 37 433 30 175 146 338 333 735 0 0 0 0 1 0 0 0 0 0 1 13 8 1 0 0 0 0 26 1 114 247 0 12 0 0 3 6 0 0 0 4 21 1 1 0 0 0 1 0 0 3 0 0 0 1 0 2 9 25 11 41 1 0 0 0 0 1 17 6 1 0 0 1 2 0 3 0 294 6 13 0 0 53 0 1 0 2 22 1 3 11 333 24 17 2 0 1
1898 2422 20130 6037 3724 10873 409 1781 611 23726 5439 36209 0 1 5 1 1 2 1 1 748 417 11 1 84 4 4 1 352 3043 1416 3650 1513 14 2 0 1 4 0 2 1001 3 10 0 3 3 12 21 17 1 24 95 180 361 126 158 50 47 0 0 7 10 25 1 9 3 157 14 52 17 6 704 102 185 87 23 76 1 130 2 43 2 575 403 1330 287 16 15 14 6 3 75 33 18 18 798 2613 529 195 15 343 200 794 715 200 2293 91 448 658 941 1301 3367 0 0 1 0 5 1 2 4 1 3 0 109 104 7 17 0 1 0 214 5 638 1507 10 98 0 0 21 54 0 2 0 74 258 6 2 0 1 2 4 0 1 21 8 6 6 12 3 1 106 209 37 386 43 1 2 0 0 2 141 29 3 0 1 1 13 0 6 0 1840 69 118 1 3 327 1 2 4 16 118 3 11 65 1276 153 172 21 5 19
0 0 0 0 0 1 0 0 1 0 0 0 7245 3 6 26 143 179 6478 109 2 5 2 13 2 1 25 117 4 0 0 2 134 24 3 0 156 1824 53 2 27 1 38 3824 2163 2065 1 10 9 145 0 0 1 2 0 0 3 0 1 0 42 9 13 22 28 2360 6 3 16 3 4 23 534 1965 7 14 106 518 160 0 6 6 1 1 2 4 1 38 87 155 125 6 0 4 16 4 47 2 1 0 0 1 0 0 1 0 0 1 0 0 0 0 13 182 319 17 8 325 8 1031 21 414 17 2 0 2 0 19 1 124 11 4 5 6 0 11 17 4 45 32 373 6 295 2 7 46 55 26 21 1032 5 7 10 0 4 11 0 1 0 1 1 1 0 1 15 3 270 96 7 119 0 11 14 4 7 201 2 4 111 13 1 2 90 7 16 1 0 3 14 1 1 24 9 17 0 1 4 0 0 1
4 0 0 0 3 2 1 1 0 2 0 1 3 13061 6695 1571 1225 475 173 176 84 116 756 1634 28 285 2855 2139 221 15 36 11 45 709 4548 5008 1926 102 418 2103 1859 287 933 1 3 22 1419 81 75 0 0 0 24 72 4 4 359 499 1816 431 64 56 293 281 788 2 239 1569 1350 15 13 3 41 93 1560 82 1 1 1 0 5 3 28 43 30 37 54 9 37 5 21 24 4 12 101 79 0 3 38 157 0 0 0 0 1 0 0 3 0 0 0 1 242 45 7 106 37 379 238 51 96 359 456 21 17 24 25 29 5 98 1 2 2 17 1 18 107 57 83 206 17 213 12 0 25 43 1 0 42 42 69 5 5 1 0 3 0 0 0 0 2 9 0 0 2 68 11 23 6 2 6 13 2 6 6 22 1 1 14 1 11 22 63 5 6 15 1 1 4 1 3 14 1 10 4 1 10 2 1 13
3 1 1 1 1 3 1 0 0 0 0 5 6 6695 18188 10566 688 2476 111 578 69 148 777 560 27 143 926 4587 96 5 10 10 33 178 652 108 324 72 1304 562 3118 363 426 6 5 32 161 208 148 4 1 2 6 22 4 0 106 150 150 50 153 160 286 103 1195 5 58 330 4023 34 33 5 22 57 549 301 0 3 1 0 19 1 6 12 16 16 18 33 99 19 55 106 7 32 187 40 1 6 25 42 0 0 0 0 3 0 0 2 0 0 0 2 138 35 14 84 26 269 206 73 84 239 362 28 19 13 12 19 5 68 4 0 1 22 0 16 77 35 77 176 45 155 31 0 23 22 2 2 33 80 58 7 8 0 1 8 0 0 0 1 1 2 0 0 5 51 34 30 4 4 9 7 6 7 2 38 0 2 30 6 10 29 41 8 20 13 1 0 10 0 1 22 9 3 9 0 12 3 2 24
7 2 1 1 0 3 0 0 0 3 0 1 26 1571 10566 15941 634 3818 1576 2478 24 43 175 1189 40 103 2022 4249 52 7 4 6 56 288 374 12 241 329 1287 176 3408 587 998 10 21 55 81 167 409 8 2 4 5 15 5 1 55 74 39 26 210 181 211 291 194 29 49 132 851 54 42 2 26 95 244 224 1 33 3 2 29 2 11 8 15 28 12 85 202 61 102 323 22 97 334 17 0 2 21 15 0 4 1 0 6 0 0 0 0 0 1 2 353 874 310 192 33 777 61 746 118 1237 159 8 5 13 16 114 29 762 11 10 13 31 3 15 143 51 62 93 729 169 508 3 17 128 11 17 59 293 26 11 7 3 5 13 1 0 0 3 2 3 0 6 25 37 39 211 8 21 13 8 18 14 13 109 2 6 36 8 3 8 64 10 20 9 1 2 14 1 0 21 15 33 4 1 8 2 0 9
2 0 0 0 0 2 0 1 0 0 0 1 143 1225 688 634 1588 744 1941 1580 80 173 394 285 40 225 125 83 9 4 2 1 17 80 52 72 1018 1361 264 606 873 123 220 73 75 148 125 28 51 28 2 10 2 8 2 2 18 37 20 26 221 30 57 46 56 26 15 32 271 6 6 1 23 203 120 135 3 33 8 1 11 7 4 12 24 17 4 20 53 34 77 31 0 14 83 9 4 0 21 6 0 0 0 1 2 0 0 9 0 0 0 8 372 94 46 204 77 85 414 73 227 221 289 77 85 26 46 58 20 140 8 4 7 110 5 101 129 38 453 501 43 437 48 4 53 55 6 5 163 54 220 5 4 1 0 7 0 3 1 2 0 17 4 3 13 110 28 48 5 11 17 30 7 16 5 35 2 3 40 6 41 125 98 21 6 58 0 2 1 19 3 5 4 22 29 1 38 15 12 110
6 3 1 0 0 1 3 2 0 0 0 2 179 475 2476 3818 744 9005 2220 1310 9 53 51 1178 73 38 2404 1575 53 2 7 2 135 233 233 7 320 1605 4397 74 2258 398 2016 119 56 645 85 200 244 12 0 1 10 50 10 1 44 14 13 9 2263 163 230 1216 569 269 133 52 1129 30 37 1 161 273 82 1037 7 58 2 0 26 2 25 40 24 61 29 105 294 62 384 256 14 76 359 11 3 0 55 23 1 22 0 1 35 5 0 0 1 1 1 16 145 2401 1607 212 58 1160 75 2531 143 2318 137 7 5 12 5 209 19 1900 43 21 66 82 12 44 126 26 144 171 2909 55 2566 11 25 328 145 135 141 2161 33 32 32 7 8 25 0 1 0 5 3 8 0 8 98 13 310 776 31 192 13 24 98 35 36 611 13 13 160 16 11 13 161 31 49 4 3 6 18 3 6 57 37 172 1 2 9 7 2 13
1 0 0 0 0 0 0 1 1 2 1 1 6478 173 111 1576 1941 2220 24193 3598 11 28 68 443 18 90 998 475 9 0 2 1 60 45 165 5 106 5723 169 195 610 106 369 4467 760 1892 33 55 82 82 0 7 0 8 2 3 13 4 6 0 342 63 73 223 81 431 24 17 98 19 17 5 2007 5934 25 133 14 1435 19 5 17 19 5 5 6 10 12 80 187 166 305 61 3 23 120 4 8 0 10 3 0 17 0 1 18 2 0 6 0 1 2 10 1099 2396 1244 542 95 4249 368 3362 491 5354 918 35 38 39 44 275 68 2295 45 15 37 107 11 65 489 137 350 510 2000 586 1121 16 67 277 40 64 270 890 141 30 30 2 8 12 2 3 1 2 3 20 2 7 55 139 145 487 27 190 23 48 42 31 24 330 14 10 137 13 12 72 866 24 29 39 1 10 23 23 5 46 31 91 10 2 13 11 8 54
2 0 1 0 2 2 0 0 0 1 1 1 109 176 578 2478 1580 1310 3598 1957 36 79 231 391 47 223 253 87 7 2 3 2 19 33 128 2 56 233 518 450 811 129 293 37 46 155 65 44 85 20 1 4 1 5 0 0 8 7 8 3 376 42 62 53 54 17 12 12 409 11 8 1 18 125 23 208 2 44 5 2 6 10 4 10 10 20 10 32 51 30 79 37 1 19 95 4 0 2 14 5 0 2 0 0 3 2 0 8 0 0 0 2 600 160 58 280 53 130 306 95 272 372 249 54 55 33 36 97 22 246 16 5 8 70 1 54 164 65 305 319 61 474 79 4 33 83 12 6 133 96 196 7 7 0 5 3 1 1 0 3 6 16 4 5 8 173 41 64 6 3 14 24 4 20 3 55 3 1 28 2 22 72 58 9 10 54 2 1 3 25 1 14 11 14 13 4 20 12 6 61
197 79 120 163 202 330 17 10 24 17 36 748 2 84 69 24 80 9 11 36 8253 7878 2478 109 826 212 35 11 216 233 344 242 1141 1287 11 8 182 323 13 189 1320 61 132 3 3 6 121 21 28 1 1 4 25 37 19 872 153 98 1 21 26 32 86 17 17 2 38 61 79 8 5 272 794 289 762 37 87 6 175 1 1 1 165 52 3807 378 166 13 27 13 27 15 3 13 91 840 117 42 920 129 2 2 5 2 1 10 0 2 2 2 2 22 10 3 0 16 31 13 98 3 13 11 75 56 39 16 9 3 0 2 6 1 7 115 1 64 2 1 118 298 3 32 3 6 67 2 1 0 15 8 41 0 0 3 0 2 1 1 0 0 8 16 3 11 3 6 3 2 0 0 32 16 0 6 1 4 1 0 7 0 88 75 65 11 1 31 0 0 1 8 14 3 1 8 21 5 47 10 3 50
69 10 22 42 93 183 13 6 20 11 17 417 5 116 148 43 173 53 28 79 7878 21154 4685 811 7058 1989 175 25 248 145 146 228 1681 2440 17 10 302 671 43 1953 846 414 704 8 13 33 547 85 184 7 1 6 29 86 13 69 186 149 8 30 106 197 383 40 38 4 118 160 112 30 21 323 1218 569 930 94 86 15 188 2 16 0 160 181 3143 674 496 30 136 30 124 62 7 60 511 655 114 39 2463 119 3 4 7 2 2 15 0 0 2 4 4 18 21 7 3 17 61 29 201 6 44 18 178 78 73 21 12 4 0 7 16 4 13 136 1 87 12 7 203 550 6 64 4 3 95 7 1 0 40 18 66 1 2 1 1 6 1 3 0 0 11 21 1 12 12 20 11 3 1 1 27 18 0 4 4 10 2 1 18 2 90 121 118 13 10 53 0 2 6 15 13 14 3 9 16 3 58 31 5 76
4 0 1 0 6 1 0 0 2 0 1 11 2 756 777 175 394 51 68 231 2478 4685 8460 4278 489 5137 279 38 21 3 9 11 145 633 15 25 472 437 32 1715 4795 2629 717 5 1 5 220 32 196 5 1 1 5 22 4 16 21 36 17 29 27 67 61 15 9 6 62 35 47 13 8 12 181 78 102 46 6 4 7 0 8 2 27 61 229 107 43 18 48 17 48 46 6 24 239 20 6 1 128 4 1 2 0 0 0 0 0 0 0 0 0 1 29 9 1 21 16 26 77 2 29 23 98 15 15 8 5 4 2 13 1 0 0 20 0 15 20 6 29 100 2 35 0 2 10 8 2 0 6 4 21 1 1 0 0 2 0 0 1 0 1 2 2 1 0 11 5 3 2 0 8 11 3 2 2 7 0 1 4 2 7 22 30 2 3 7 0 1 1 5 3 7 5 2 2 0 12 1 2 14
9 1 2 2 2 6 1 0 1 1 0 1 13 1634 560 1189 285 1178 443 391 109 811 4278 13274 493 4585 3830 370 84 7 9 4 79 200 1274 43 202 258 285 3443 1871 4023 2460 6 7 116 1139 26 193 3 1 1 17 92 11 4 72 22 95 17 204 86 161 236 64 6 348 207 71 12 10 4 77 66 91 45 2 1 5 0 7 3 48 142 114 171 79 20 54 20 61 61 3 22 263 15 0 1 153 22 0 0 0 0 0 0 0 1 0 0 0 0 32 12 9 27 15 138 78 67 24 93 140 6 7 6 7 5 3 25 0 0 2 7 0 8 26 6 25 88 27 47 16 0 8 8 3 1 11 34 23 1 2 0 0 0 0 0 0 2 0 3 0 0 4 14 23 12 1 1 1 1 4 1 1 25 0 0 15 2 4 7 25 4 2 5 0 1 1 2 0 4 4 2 3 0 6 2 0 9
41 12 24 19 30 49 8 11 8 5 2 84 2 28 27 40 40 73 18 47 826 7058 489 493 6650 1062 153 20 149 25 64 50 503 552 11 2 68 210 40 2386 374 237 645 1 13 35 1179 74 108 2 4 9 44 372 29 85 87 25 5 3 127 161 495 83 41 6 819 319 89 32 10 59 561 506 193 82 51 14 54 0 9 1 336 968 1914 2205 3056 36 90 33 99 25 6 46 426 129 39 18 5733 731 1 2 0 1 2 2 0 0 0 2 0 3 11 4 1 12 32 13 126 2 22 4 77 44 35 24 16 1 1 3 4 5 4 85 2 62 1 4 122 374 2 28 3 4 48 3 2 0 12 13 20 0 3 1 0 0 0 0 0 1 2 10 0 6 5 7 10 2 0 0 22 12 2 3 1 6 1 1 13 1 29 68 103 6 2 21 0 1 5 3 12 7 1 6 8 1 39 9 3 41
4 0 1 2 2 3 0 0 0 0 0 4 1 285 143 103 225 38 90 223 212 1989 5137 4585 1062 5433 906 16 26 6 4 3 46 113 202 7 104 200 9 8404 731 458 466 3 4 5 470 13 65 1 0 4 5 52 8 6 15 4 5 1 22 29 68 19 10 3 121 31 17 7 3 1 73 84 29 21 2 4 2 0 1 1 31 93 132 148 62 3 31 8 28 14 1 19 146 7 1 0 126 13 0 0 0 0 0 0 0 1 0 0 0 0 28 5 2 21 24 63 79 2 38 43 96 10 11 7 5 5 0 14 2 1 1 17 0 10 23 9 40 94 3 39 1 2 10 5 0 0 9 4 19 3 1 0 0 0 0 0 0 0 0 2 0 0 2 12 0 0 1 2 5 3 1 4 0 6 0 0 5 3 6 12 19 3 2 4 0 0 0 3 1 1 0 4 4 0 8 1 2 10
3 1 0 0 3 1 1 1 1 0 0 4 25 2855 926 2022 125 2404 998 253 35 175 279 3830 153 906 15244 10666 129 9 8 4 43 131 3409 34 118 146 352 1484 362 182 1533 5 9 168 454 45 37 0 0 0 26 107 15 2 116 28 102 20 224 114 574 1262 669 11 375 294 254 14 11 1 48 42 129 36 1 8 0 0 5 1 36 99 71 105 75 13 33 7 68 13 3 16 188 18 0 1 95 31 0 0 0 0 3 0 0 1 0 0 0 1 50 103 48 27 4 493 43 416 27 354 99 5 6 2 4 15 1 105 1 2 1 4 2 6 35 10 21 53 158 55 70 1 6 19 3 1 14 105 13 0 2 0 0 3 0 0 0 1 0 2 0 0 6 13 22 30 0 11 1 4 4 1 2 40 1 0 17 1 1 5 29 2 9 0 0 0 0 0 0 9 1 5 0 0 3 0 0 5
10 1 1 0 4 4 4 4 0 4 0 1 117 2139 4587 4249 83 1575 475 87 11 25 38 370 20 16 10666 16054 289 16 31 8 68 227 415 71 196 96 5973 82 628 127 642 6 69 403 239 168 79 4 0 4 27 93 16 3 364 283 251 102 471 118 548 1659 1658 88 382 830 1770 21 14 4 45 31 1195 105 2 126 0 0 16 2 29 53 41 59 58 19 52 16 57 52 2 18 116 83 1 6 41 187 0 2 2 1 11 1 0 0 0 1 1 5 24 593 317 41 18 741 37 2039 19 636 52 1 1 2 0 48 2 365 22 7 15 29 7 8 25 6 22 55 1066 15 600 4 7 82 22 18 22 958 14 5 10 1 3 4 0 0 0 1 0 4 0 2 33 13 229 211 4 40 6 9 29 7 12 259 2 2 75 9 3 6 44 12 23 0 3 4 5 2 4 23 8 39 1 1 4 0 2 5
5767 232 257 110 810 578 2273 214 66 140 28 352 4 221 96 52 9 53 9 7 216 248 21 84 149 26 129 289 38387 8476 3019 283 889 484 56 9 67 39 106 151 297 18 171 3 12 55 116 335 78 1 13 68 2830 12088 738 48 10338 124 24 22 106 409 1054 73 654 6 7066 304 1340 62 43 650 547 307 2144 140 63 3 373 2 59 3 956 919 359 174 823 37 94 15 99 109 37 42 191 2568 257 3467 309 1751 28 33 68 85 33 170 3 8 37 15 49 173 1 2 8 2 18 3 12 26 6 6 9 68 51 6 10 1 0 4 74 4 72 600 17 221 1 0 101 180 16 19 10 51 183 5 7 0 5 42 23 4 12 22 2 8 5 7 3 8 52 98 14 103 37 0 22 8 8 3 104 43 6 4 6 48 16 2 68 10 560 230 104 7 30 145 4 2 3 19 64 27 7 18 101 39 131 14 4 41
11466 1902 208 743 6674 5107 3167 1153 78 104 50 3043 0 15 5 7 4 2 0 2 233 145 3 7 25 6 9 16 8476 18921 7050 965 584 97 5 0 10 6 11 13 686 4 15 0 1 0 18 55 47 1 45 136 745 1496 431 172 2671 26 1 3 10 41 40 2 23 3 405 37 142 40 27 290 182 86 415 57 16 0 126 6 85 3 1270 665 722 153 41 40 24 5 20 167 83 46 29 2259 142 930 71 189 16 20 33 35 17 95 1 9 26 15 35 126 1 0 1 0 1 1 0 2 2 3 6 26 15 3 3 0 0 0 20 0 36 135 2 27 1 0 12 25 4 0 2 17 50 1 1 0 0 3 3 0 2 4 0 2 0 3 2 1 15 25 5 43 4 0 6 1 0 0 21 3 2 0 1 10 1 0 2 1 187 29 30 1 4 39 1 0 5 6 12 8 4 7 46 6 29 5 0 7
851 441 74 793 7621 3826 208 48 18 29 20 1416 0 36 10 4 2 7 2 3 344 146 9 9 64 4 8 31 3019 7050 14881 919 619 195 10 2 14 8 24 22 1214 10 32 0 3 6 44 50 39 0 27 86 312 1032 196 328 5923 63 4 10 15 50 85 16 40 1 841 115 233 35 23 222 236 69 1479 59 8 0 110 2 69 2 1195 1318 2014 902 383 18 24 1 24 110 48 31 39 6629 81 240 792 6356 4 6 14 10 2 43 0 2 6 16 13 54 0 0 1 0 4 1 5 3 0 1 4 7 7 4 1 0 0 0 11 1 23 75 1 12 1 0 10 26 3 2 1 9 29 3 1 0 2 4 2 1 1 0 0 4 3 2 1 2 4 14 1 17 2 0 3 0 0 2 7 3 3 0 2 8 0 1 7 1 84 10 18 1 2 22 1 1 2 2 8 3 3 1 29 6 19 5 0 8
214 60 19 130 1230 2692 78 11 49 24 33 3650 2 11 10 6 1 2 1 2 242 228 11 4 50 3 4 8 283 965 919 5637 7099 1019 2 1 9 5 13 10 255 5 17 1 2 3 18 42 4 0 4 15 41 102 25 38 130 1410 4 63 9 24 25 2 17 1 47 37 164 6 5 625 535 51 2201 61 15 0 220 2 6 0 130 80 314 102 7 3 14 1 6 16 3 6 10 5509 212 59 68 20 12 7 29 35 13 87 1 16 21 28 25 144 1 0 0 0 2 1 3 3 2 1 5 21 17 2 1 0 1 0 25 0 35 107 1 9 0 0 12 25 1 0 1 3 28 1 0 0 1 5 0 0 0 2 0 1 1 0 0 0 11 20 5 24 2 0 1 1 1 0 20 1 2 0 3 8 4 0 6 1 140 13 14 1 5 26 0 1 2 2 4 2 1 3 58 8 17 2 0 3
224 16 36 38 559 1371 82 22 127 51 84 1513 134 45 33 56 17 135 60 19 1141 1681 145 79 503 46 43 68 889 584 619 7099 9912 3358 11 2 68 701 73 190 903 47 146 300 86 132 481 91 41 35 9 32 162 330 95 93 553 1288 85 64 109 67 66 45 68 43 272 714 401 13 16 2990 3026 394 4483 278 203 55 614 6 32 7 369 251 783 236 246 27 107 50 110 54 13 19 78 4917 942 202 348 90 22 35 92 67 11 191 4 27 62 56 92 296 45 34 31 31 28 41 95 47 48 45 85 87 97 23 15 7 4 35 42 5 85 394 11 144 15 5 233 305 39 89 33 16 118 20 12 3 49 79 109 1 9 16 2 6 2 6 1 6 29 55 12 87 21 11 33 27 7 8 48 32 5 14 9 48 7 4 28 4 447 171 118 26 14 148 1 4 3 29 36 20 4 23 180 23 110 17 7 123
34 4 11 9 34 46 14 4 3 1 1 14 24 709 178 288 80 233 45 33 1287 2440 633 200 552 113 131 227 484 97 195 1019 3358 16031 315 858 2655 358 272 713 1548 103 314 10 18 51 2251 136 40 4 4 11 36 178 28 52 685 4369 3302 9619 172 82 140 59 204 21 419 6177 1012 12 28 61 187 144 8004 402 8 6 34 0 23 0 166 166 599 247 304 27 106 19 117 34 8 16 80 571 13 14 303 242 1 4 3 2 4 1 0 2 2 0 0 5 43 40 27 43 43 41 118 66 39 53 89 74 69 21 29 6 2 36 18 4 11 150 5 109 13 7 262 335 59 96 56 10 86 14 7 2 49 100 89 7 3 1 1 4 3 1 0 1 6 23 1 4 6 19 27 25 3 4 42 33 13 21 6 42 2 1 21 7 76 119 54 29 23 32 1 2 3 28 9 18 9 13 13 3 75 17 5 145
0 0 1 0 0 1 1 0 0 0 0 2 3 4548 652 374 52 233 165 128 11 17 15 1274 11 202 3409 415 56 5 10 2 11 315 3319 1374 666 50 29 1465 40 58 519 1 0 12 1882 7 4 1 0 1 9 31 5 0 90 46 758 114 8 12 65 165 137 0 122 440 68 1 1 1 7 22 173 5 0 0 1 0 0 0 12 25 8 31 25 0 4 2 6 2 0 5 31 3 0 1 20 33 0 0 0 0 0 0 0 0 0 0 0 0 45 12 2 17 9 140 41 31 28 123 115 4 6 9 4 8 3 30 3 1 0 2 0 2 32 8 11 57 11 49 2 0 8 6 0 0 8 6 14 0 0 0 0 0 0 0 0 0 1 0 0 0 0 18 2 5 1 0 0 1 0 0 1 3 1 0 2 0 1 0 18 1 0 2 0 0 2 1 0 1 3 1 1 0 1 2 0 1
0 0 0 0 0 0 0 0 0 0 0 0 0 5008 108 12 72 7 5 2 8 10 25 43 2 7 34 71 9 0 2 1 2 858 1374 2422 3308 10 10 317 40 3 29 0 0 0 528 3 2 0 0 0 0 6 0 0 18 59 2598 385 2 2 18 14 46 0 17 346 35 1 1 1 3 2 98 1 0 0 0 0 0 0 0 1 4 1 6 0 0 0 2 1 0 0 6 5 0 1 5 8 0 0 0 0 1 0 0 0 0 0 0 0 2 1 0 1 0 2 2 4 1 2 11 1 0 0 1 0 0 0 0 0 0 1 0 0 1 0 2 5 0 0 0 0 1 0 1 0 1 0 1 0 0 0 0 0 0 0 0 0 0 0 0 0 0 3 1 0 0 0 0 0 0 0 0 1 0 0 0 0 0 0 1 2 0 1 0 0 0 1 0 1 0 0 0 0 0 0 0 0
1 0 2 0 3 0 1 0 0 0 0 1 156 1926 324 241 1018 320 106 56 182 302 472 202 68 104 118 196 67 10 14 9 68 2655 666 3308 5597 901 194 919 779 83 214 237 62 139 933 52 28 24 4 0 4 16 4 3 81 432 1097 1003 131 35 90 52 149 26 55 1071 321 4 8 4 31 278 930 118 2 40 5 0 9 7 13 16 34 22 23 13 51 39 85 14 2 5 64 35 2 3 17 49 2 0 0 0 2 1 0 4 0 0 0 2 114 36 20 67 55 58 249 46 99 77 209 66 70 22 23 18 7 50 6 3 8 65 0 70 32 9 297 428 27 129 26 0 49 18 3 1 59 67 105 1 5 1 3 2 0 2 0 0 1 12 2 3 10 27 36 17 4 5 29 15 6 8 4 46 4 1 24 9 32 95 66 19 7 27 1 1 4 16 5 10 10 18 11 1 43 17 5 77
4 1 1 0 0 4 2 0 0 2 0 4 1824 102 72 329 1361 1605 5723 233 323 671 437 258 210 200 146 96 39 6 8 5 701 358 50 10 901 7922 264 630 896 146 468 3967 778 1292 603 144 72 186 6 33 7 43 10 13 53 75 158 29 623 75 115 101 67 333 91 423 428 9 31 6 2206 2315 240 536 23 424 43 13 34 39 22 31 111 62 86 132 430 285 656 52 2 21 192 21 13 2 83 19 3 1 1 3 12 4 1 15 0 1 0 6 511 163 124 298 213 483 1014 302 415 639 1016 223 218 93 90 80 22 235 34 15 22 344 6 278 184 80 929 1679 216 644 176 10 200 104 45 17 303 395 359 16 27 4 6 21 0 2 1 2 8 34 4 9 39 186 181 96 10 41 86 87 26 38 19 225 6 3 184 25 127 325 514 58 51 141 3 18 15 45 15 40 22 43 56 5 165 46 11 318
1 0 2 0 3 4 4 0 0 0 0 0 53 418 1304 1287 264 4397 169 518 13 43 32 285 40 9 352 5973 106 11 24 13 73 272 29 10 194 264 9190 46 1481 339 1141 7 60 164 63 306 157 10 2 2 7 52 6 1 121 109 62 42 1700 130 225 477 3528 63 126 242 9359 23 46 1 46 21 423 1239 0 70 3 1 34 2 13 28 33 41 28 56 193 28 247 141 7 35 200 46 3 3 34 38 0 8 0 1 9 1 0 0 0 0 0 4 13 353 381 25 22 216 15 1044 25 328 27 2 2 2 1 49 1 215 15 12 16 23 4 5 7 1 29 53 730 6 790 4 3 105 90 33 19 1143 7 15 23 0 1 17 0 2 0 2 0 2 0 5 25 2 337 253 18 47 7 19 32 7 27 394 4 6 90 12 4 7 18 20 34 5 0 8 10 2 1 47 13 52 1 1 6 2 1 6
15 5 8 3 6 4 2 2 0 4 0 2 2 2103 562 176 606 74 195 450 189 1953 1715 3443 2386 8404 1484 82 151 13 22 10 190 713 1465 317 919 630 46 7835 453 462 757 10 7 17 4853 19 73 4 3 4 38 203 18 7 158 66 449 95 30 39 159 59 51 0 656 573 75 11 8 4 219 255 199 25 7 7 11 1 5 2 90 236 211 421 288 8 28 10 35 12 7 19 154 37 5 3 386 78 1 0 0 0 0 0 0 1 0 1 1 1 114 17 0 82 65 155 261 6 101 119 361 40 32 24 18 14 4 53 3 2 2 61 0 42 48 33 138 332 4 202 8 2 30 22 0 1 55 12 76 1 1 1 0 2 1 1 0 1 1 8 2 0 8 43 5 10 0 0 11 9 1 9 4 5 1 1 7 1 25 52 70 13 3 14 0 1 2 5 3 3 1 5 3 0 18 8 2 35
1776 494 616 526 462 561 91 343 23 248 26 1001 27 1859 3118 3408 873 2258 610 811 1320 846 4795 1871 374 731 362 628 297 686 1214 255 903 1548 40 40 779 896 1481 453 8525 4025 1356 70 141 488 186 621 2850 59 85 273 47 136 1790 856 362 179 35 60 1541 648 416 185 117 57 189 171 648 340 342 318 859 199 1052 898 126 23 190 20 501 35 1434 254 654 121 148 840 1226 366 1400 1890 296 665 772 879 128 43 119 264 6 9 15 25 6 44 2 4 8 1 26 46 37 35 43 28 33 92 92 124 28 81 92 58 73 11 18 8 3 35 43 2 20 387 16 205 21 4 177 290 70 87 44 26 106 30 29 2 18 125 86 20 48 4 4 36 17 13 19 34 16 41 2 36 18 14 92 36 13 16 59 36 8 23 26 112 18 27 140 23 273 236 115 21 68 93 38 27 109 21 24 81 16 19 36 7 98 14 4 102
4 1 2 0 2 2 2 0 1 1 0 3 1 287 363 587 123 398 106 129 61 414 2629 4023 237 458 182 127 18 4 10 5 47 103 58 3 83 146 339 462 4025 5850 5355 13 55 173 322 71 1523 4 0 3 8 37 3 1 22 18 19 13 562 90 106 53 32 14 77 38 208 26 31 4 44 27 93 202 4 3 2 0 20 1 22 50 75 76 38 62 135 59 520 196 13 73 365 10 4 1 70 13 0 0 0 0 0 0 0 0 0 0 0 1 10 9 7 5 3 36 27 21 11 19 37 2 3 1 2 2 1 4 0 0 0 5 0 1 3 2 12 28 17 21 9 0 2 4 4 0 4 46 5 3 6 0 1 5 1 0 3 2 0 1 0 0 0 4 30 6 0 2 2 3 0 1 4 42 0 0 42 11 0 2 5 1 14 0 3 4 8 2 0 10 1 3 1 0 4 1 0 4
25 5 7 1 8 11 3 6 1 3 0 10 38 933 426 998 220 2016 369 293 132 704 717 2460 645 466 1533 642 171 15 32 17 146 314 519 29 214 468 1141 757 1356 5355 5791 68 260 1290 960 342 1917 17 3 5 34 201 35 17 167 57 118 27 4068 436 2788 4495 976 57 698 268 994 71 55 4 153 53 277 1080 10 9 13 2 26 6 103 277 193 399 139 135 645 257 3304 272 24 139 2382 61 3 4 330 69 0 1 0 0 1 2 0 0 0 0 0 1 37 18 49 17 13 85 57 136 22 78 85 10 5 6 7 11 2 20 7 1 4 8 0 15 15 7 47 72 48 41 46 1 6 18 36 1 12 274 13 11 23 0 1 17 0 0 0 5 0 0 1 0 1 15 243 21 8 12 4 7 3 2 14 256 4 12 244 43 4 11 26 4 66 4 2 12 20 0 1 66 7 7 1 0 7 2 2 5
1 0 1 0 0 0 0 0 0 0 1 0 3824 1 6 10 73 119 4467 37 3 8 5 6 1 3 5 6 3 0 0 1 300 10 1 0 237 3967 7 10 70 13 68 11239 3502 757 6 56 37 965 21 111 0 1 0 1 3 0 2 0 97 32 32 8 8 921 3 1 18 3 19 109 3367 1993 4 91 442 2977 2846 107 124 304 3 3 3 6 0 405 375 593 602 12 2 11 90 0 28 1 1 1 0 1 0 0 0 2 0 2 0 0 0 0 114 33 44 62 28 203 110 156 109 246 163 32 18 17 9 21 4 48 6 1 5 47 0 26 30 15 373 223 56 138 28 1 31 24 31 2 47 164 43 7 17 0 0 25 5 1 8 11 1 7 1 2 6 31 99 28 7 37 9 11 6 5 20 92 6 11 143 26 15 57 115 10 41 21 8 20 39 6 2 69 10 14 9 1 19 4 4 24
4 0 2 0 0 1 3 3 64 2 1 3 2163 3 5 21 75 56 760 46 3 13 1 7 13 4 9 69 12 1 3 2 86 18 0 0 62 778 60 7 141 55 260 3502 6311 1252 9 61 87 3425 0 23 5 8 4 1 5 0 0 0 98 74 125 34 78 5485 19 13 121 14 15 158 943 429 12 46 1505 1001 1926 32 59 168 2 8 2 9 4 487 661 2441 2005 34 3 18 176 2 616 35 5 3 2 4 1 0 1 2 0 0 0 0 1 0 2 10 262 3 8 26 11 376 25 50 16 2 1 2 1 9 0 9 24 6 7 23 2 12 1 1 60 69 99 3 112 2 2 97 407 12 25 1487 9 49 106 2 8 136 2 0 7 21 1 6 1 11 17 0 833 126 51 258 4 25 19 8 76 1001 11 41 1473 219 6 14 5 13 258 9 11 106 87 2 2 255 34 25 2 1 4 1 2 3
6 1 0 0 1 2 1 0 11 0 0 3 2065 22 32 55 148 645 1892 155 6 33 5 116 35 5 168 403 55 0 6 3 132 51 12 0 139 1292 164 17 488 173 1290 757 1252 1848 33 59 135 89 0 4 7 45 7 1 61 9 6 2 97 49 151 406 572 1976 128 42 161 13 14 12 374 297 54 126 108 61 168 0 15 3 17 33 24 54 14 52 140 144 873 62 7 34 220 12 72 2 30 12 0 8 0 0 9 2 0 0 1 0 1 7 12 184 1149 24 23 143 20 1400 44 486 37 0 0 1 1 57 4 157 45 33 18 34 5 24 7 2 63 112 777 13 1048 10 4 278 587 91 66 3100 8 21 27 4 6 29 0 2 0 4 1 17 1 10 26 9 886 441 28 194 18 36 49 27 41 1060 7 14 432 39 2 15 52 33 60 7 3 14 13 4 2 43 19 50 1 2 1 2 1 10
26 0 11 5 9 12 7 7 1 4 0 12 1 1419 161 81 125 85 33 65 121 547 220 1139 1179 470 454 239 116 18 44 18 481 2251 1882 528 933 603 63 4853 186 322 960 6 9 33 4071 60 55 5 0 6 36 246 24 20 108 58 883 273 80 105 471 173 274 5 779 544 226 13 7 24 540 354 265 58 24 7 28 1 5 0 146 434 343 961 512 17 51 13 58 24 4 23 261 63 22 7 1029 254 1 2 0 1 0 1 0 0 1 0 0 2 13 2 3 13 36 28 95 11 38 24 90 50 38 17 16 4 2 5 4 1 1 52 0 49 11 6 112 366 3 41 3 4 54 3 3 0 20 17 22 0 5 0 0 3 0 0 0 2 5 7 0 3 7 9 8 1 0 0 15 9 3 5 1 14 1 1 12 2 28 69 59 8 4 21 0 1 3 3 5 4 0 6 1 0 18 17 3 44
29 6 10 2 11 8 7 8 1 8 0 21 10 81 208 167 28 200 55 44 21 85 32 26 74 13 45 168 335 55 50 42 91 136 7 3 52 144 306 19 621 71 342 56 61 59 60 26204 865 97 6 57 36 145 21 6 368 156 21 22 428 11989 2744 265 347 57 364 337 10574 1180 4662 16 94 16 1126 7286 14 4 25 7 1219 37 73 116 78 89 63 2105 5588 551 756 305 53 379 1955 166 16 15 52 121 1 1 0 0 0 0 0 1 0 0 0 1 1 2 18 4 1 15 10 28 3 9 9 4 2 2 3 2 1 6 3 5 5 3 1 11 1 1 9 14 18 13 8 3 8 48 70 1 11 84 10 280 613 3 14 355 8 5 25 120 0 3 0 3 3 0 95 83 111 18 4 8 10 8 281 308 60 243 739 96 4 11 6 14 603 7 130 167 642 3 2 1180 212 8 4 0 2 1 2 7
120 19 43 10 9 9 24 39 4 24 0 17 9 75 148 409 51 244 82 85 28 184 196 193 108 65 37 79 78 47 39 4 41 40 4 2 28 72 157 73 2850 1523 1917 37 87 135 55 865 9857 78 15 35 12 97 123 38 52 11 3 5 471 908 351 58 25 43 86 57 291 359 430 13 47 21 78 753 13 5 25 6 279 152 236 99 55 58 27 1111 1869 567 943 6319 310 2937 4849 19 12 7 49 21 0 0 0 0 1 0 0 0 0 0 0 0 2 2 8 6 0 17 5 20 4 11 7 4 2 0 0 0 0 1 0 0 0 7 1 3 2 1 6 12 7 3 0 3 2 5 21 0 0 40 4 26 50 0 1 35 3 1 5 26 0 1 0 2 2 3 37 7 5 3 2 1 2 1 31 77 6 27 141 21 12 7 2 1 86 3 19 23 106 1 0 128 15 0 0 0 2 0 0 3
7 0 2 1 0 2 0 0 37 3 0 1 145 0 4 8 28 12 82 20 1 7 5 3 2 1 0 4 1 1 0 0 35 4 1 0 24 186 10 4 59 4 17 965 3425 89 5 97 78 8880 217 1546 1 6 10 3 0 0 0 0 15 166 33 0 4 2414 5 3 39 48 46 108 400 616 7 72 1377 949 1161 1510 875 5370 17 3 3 1 2 3645 1025 3453 551 64 11 26 183 3 529 21 2 0 1 1 0 0 2 2 0 2 0 1 1 2 1 0 24 3 3 9 1 45 9 12 11 2 1 4 2 0 0 4 6 1 2 7 1 5 0 1 12 26 21 5 12 8 7 53 282 3 14 206 5 140 323 4 8 515 51 12 74 103 1 4 0 1 8 0 105 61 52 160 7 5 7 3 182 328 40 128 1366 247 6 18 5 9 565 8 115 677 547 1 2 1199 101 8 9 1 1 0 5 4
121 11 37 9 6 7 24 39 3 25 2 24 0 0 1 2 2 0 0 1 1 1 1 1 4 0 0 0 13 45 27 4 9 4 0 0 4 6 2 3 85 0 3 21 0 0 0 6 15 217 10490 22995 39 42 572 21 16 1 0 0 6 6 4 0 0 107 5 4 4 302 17 13 21 66 7 2 52 39 23 1023 915 200 250 28 8 5 2 48 21 5 4 5440 4372 155 25 7 25 9 3 9 0 1 0 0 1 0 0 2 0 1 1 1 0 0 0 0 2 0 1 1 0 2 1 3 2 2 1 0 0 0 0 0 2 12 1 2 0 0 4 8 0 1 0 0 6 1 0 0 2 0 2 0 1 2 0 2 712 188 740 158 3 0 0 0 0 0 0 1 0 4 0 0 0 1 0 1 37 8 1 0 10 8 6 0 0 8 68 19 81 0 1 6 2 1 1 0 3 0 0 0
414 52 128 25 44 40 77 156 15 115 5 95 0 0 2 4 10 1 7 4 4 6 1 1 9 4 0 4 68 136 86 15 32 11 1 0 0 33 2 4 273 3 5 111 23 4 6 57 35 1546 22995 26692 82 92 1154 25 45 3 0 2 6 66 19 3 5 582 28 13 21 320 212 41 117 359 20 13 257 178 142 14764 6352 2040 636 90 41 17 21 784 263 78 23 5842 3437 164 44 43 151 25 14 27 8 2 4 4 0 6 1 6 2 2 1 7 0 1 2 2 2 1 1 1 2 2 2 7 3 1 0 0 0 0 10 0 4 56 6 25 0 0 19 27 0 6 0 11 13 15 7 0 7 2 5 15 47 23 6 51 2826 1612 4997 1817 36 4 1 3 4 0 1 4 2 18 9 0 1 3 5 5 633 175 49 5 29 46 41 3 11 52 1103 133 1495 0 19 134 63 0 21 2 9 1 3 7
1532 81 253 30 158 107 1443 652 302 507 59 180 1 24 6 5 2 10 0 1 25 29 5 17 44 5 26 27 2830 745 312 41 162 36 9 0 4 7 7 38 47 8 34 0 5 7 36 36 12 1 39 82 17872 9219 8399 9 453 6 2 3 28 38 146 18 67 1 447 101 108 11 11 201 82 80 168 22 61 2 133 3 30 2 1230 406 47 62 177 13 16 5 17 65 26 15 39 228 335 7561 69 137 4 4 11 6 6 26 1 1 6 2 5 22 0 0 0 1 1 2 3 1 0 1 1 20 5 1 1 0 0 0 10 1 7 79 4 29 0 0 20 35 0 4 0 4 22 0 1 0 1 2 6 0 1 4 0 1 1 0 2 0 3 11 1 13 2 0 4 0 0 2 4 3 0 0 0 4 0 1 1 0 71 42 18 0 2 18 1 0 5 1 5 1 0 4 12 4 13 1 1 5
2655 279 497 141 398 291 1692 857 184 646 54 361 2 72 22 15 8 50 8 5 37 86 22 92 372 52 107 93 12088 1496 1032 102 330 178 31 6 16 43 52 203 136 37 201 1 8 45 246 145 97 6 42 92 9219 13367 1959 25 1632 33 14 4 96 192 660 75 294 1 2985 487 383 48 27 264 318 191 672 68 57 4 159 5 71 5 4578 3939 335 376 980 64 54 19 74 179 77 53 204 678 295 1960 383 671 7 5 16 27 12 57 0 4 15 11 16 59 3 2 4 0 3 4 9 14 3 0 10 43 29 8 4 1 0 2 27 1 25 236 8 105 0 0 53 105 2 10 1 18 73 4 4 0 5 27 23 1 4 6 1 4 1 4 2 1 11 41 3 41 12 0 16 1 0 0 40 17 3 5 1 23 3 3 11 2 235 105 38 6 8 56 5 4 8 12 24 8 4 13 33 11 67 6 1 35
982 78 214 37 99 79 602 475 86 370 19 126 0 4 4 5 2 10 2 0 19 13 4 11 29 8 15 16 738 431 196 25 95 28 5 0 4 10 6 18 1790 3 35 0 4 7 24 21 123 10 572 1154 8399 1959 20840 915 250 7 1 0 13 34 86 3 25 6 171 54 53 151 61 82 74 49 82 10 18 0 47 53 399 21 4577 338 81 51 82 122 29 8 17 2000 470 130 60 116 136 1230 37 71 4 1 10 6 1 22 0 2 1 1 5 14 0 0 0 0 2 1 1 0 0 2 0 14 9 4 2 0 1 0 5 0 8 93 4 43 0 0 21 48 2 6 0 3 22 0 1 0 2 3 7 2 4 1 0 3 18 13 19 13 2 8 1 15 7 1 0 0 0 0 11 3 1 0 1 5 4 5 2 1 57 29 16 2 0 28 10 1 29 4 6 2 0 2 7 1 16 2 1 11
364 132 206 91 109 120 24 48 3 43 7 158 0 4 0 1 2 1 3 0 872 69 16 4 85 6 2 3 48 172 328 38 93 52 0 0 3 13 1 7 856 1 17 1 1 1 20 6 38 3 21 25 9 25 915 3051 63 10 0 1 3 16 17 3 1 0 12 14 19 25 17 45 62 36 128 5 6 1 20 2 31 2 4547 115 1492 50 29 26 16 1 6 190 30 26 26 168 16 9 52 55 0 0 2 1 1 9 0 0 2 1 3 4 0 0 0 0 0 1 8 0 1 1 3 1 5 2 1 0 0 0 0 0 8 41 3 15 0 0 17 33 0 2 0 3 13 0 0 0 1 0 4 0 0 1 0 0 0 1 0 2 0 6 0 2 0 0 0 0 1 0 6 3 0 2 0 1 0 1 4 0 18 13 8 1 1 9 1 2 4 3 3 1 0 0 2 0 10 3 0 8
184 32 36 31 292 92 35 25 14 16 4 50 3 359 106 55 18 44 13 8 153 186 21 72 87 15 116 364 10338 2671 5923 130 553 685 90 18 81 53 121 158 362 22 167 3 5 61 108 368 52 0 16 45 453 1632 250 63 10199 195 30 36 96 356 923 82 839 1 6671 893 1618 51 48 175 266 177 5229 170 17 3 109 1 51 1 625 781 582 939 1944 22 76 15 72 80 33 33 133 4569 65 134 991 8408 10 5 8 20 5 30 1 2 5 1 8 34 0 1 8 1 13 8 20 17 2 10 13 25 23 8 7 0 0 1 19 3 10 103 4 46 1 2 35 99 8 5 8 12 49 5 11 1 3 48 8 2 4 5 3 11 3 4 4 1 17 28 2 35 3 0 33 8 8 2 29 3 1 0 17 49 6 7 56 5 101 35 41 0 24 30 1 3 8 4 14 38 7 5 10 6 28 6 0 14
18 1 4 1 22 56 1 1 2 0 1 47 0 499 150 74 37 14 4 7 98 149 36 22 25 4 28 283 124 26 63 1410 1288 4369 46 59 432 75 109 66 179 18 57 0 0 9 58 156 11 0 1 3 6 33 7 10 195 4673 510 4006 38 85 117 16 206 2 88 2259 1039 13 15 106 231 22 6578 209 0 0 29 0 9 1 35 47 101 47 19 6 36 3 33 4 1 3 29 460 3 6 39 63 1 1 1 2 0 2 0 0 0 0 1 2 0 3 5 1 4 6 6 15 3 7 3 11 10 1 0 0 0 5 5 0 0 1 0 9 0 1 13 38 12 5 12 0 5 1 1 0 1 29 2 1 3 0 1 4 0 0 0 2 0 1 0 1 1 0 13 5 0 2 3 0 2 0 8 18 0 0 15 4 6 5 1 1 17 0 0 4 1 0 1 17 3 0 2 0 4 0 1 2
1 0 0 0 0 0 0 0 0 0 0 0 1 1816 150 39 20 13 6 8 1 8 17 95 5 5 102 251 24 1 4 4 85 3302 758 2598 1097 158 62 449 35 19 118 2 0 6 883 21 3 0 0 0 2 14 1 0 30 510 3000 5151 11 22 123 55 301 1 54 1341 330 2 4 0 51 15 250 16 1 0 2 0 2 0 2 6 7 17 10 1 4 2 8 2 1 3 21 5 0 0 10 12 0 0 0 0 0 0 0 0 0 0 0 0 7 1 1 4 4 5 15 6 5 2 23 3 1 2 1 0 0 2 0 1 1 4 0 2 1 2 6 37 1 6 0 0 2 1 0 0 0 4 2 0 1 0 0 0 0 0 0 0 0 0 0 0 1 2 7 1 1 0 0 1 0 0 0 8 2 0 4 0 0 4 1 0 1 2 0 0 0 0 0 5 0 1 0 0 3 0 0 2
2 0 0 0 1 1 0 0 1 1 0 0 0 431 50 26 26 9 0 3 21 30 29 17 3 1 20 102 22 3 10 63 64 9619 114 385 1003 29 42 95 60 13 27 0 0 2 273 22 5 0 0 2 3 4 0 1 36 4006 5151 4384 8 14 26 8 72 1 29 2241 221 2 0 3 8 1 2416 31 0 0 1 0 2 0 1 12 6 5 5 0 6 4 0 1 1 0 7 16 1 0 4 24 0 0 0 0 0 0 0 0 0 0 0 0 0 0 0 0 0 1 2 6 0 3 1 1 1 1 0 0 1 1 0 0 0 1 0 0 0 0 2 5 5 3 2 0 0 1 0 0 0 3 0 1 0 0 0 0 0 0 0 0 0 0 0 1 0 1 0 0 0 0 0 1 0 0 4 2 0 0 4 1 1 2 0 0 2 0 0 0 0 0 0 2 0 0 0 0 0 0 0 0
14 1 4 1 3 2 2 3 0 3 0 7 42 64 153 210 221 2263 342 376 26 106 27 204 127 22 224 471 106 10 15 9 109 172 8 2 131 623 1700 30 1541 562 4068 97 98 97 80 428 471 15 6 6 28 96 13 3 96 38 11 8 7850 296 909 752 879 251 309 86 4221 54 79 7 150 27 151 5605 16 9 31 2 42 1 53 95 74 118 51 150 609 107 1732 255 18 114 1215 34 25 4 98 39 0 1 0 0 7 1 0 1 0 0 0 2 5 63 930 23 17 68 21 632 44 213 35 1 3 3 1 49 2 58 63 42 22 42 3 18 3 1 58 101 421 11 752 9 9 299 749 97 52 2668 17 35 89 5 5 60 2 0 1 14 5 21 0 6 28 1 874 423 32 83 18 56 45 32 64 1553 10 19 620 88 3 14 30 46 115 7 6 19 33 6 6 90 34 37 2 0 7 1 9 15
56 5 11 4 7 11 14 5 1 9 2 10 9 56 160 181 30 163 63 42 32 197 67 86 161 29 114 118 409 41 50 24 67 82 12 2 35 75 130 39 648 90 436 32 74 49 105 11989 908 166 6 66 38 192 34 16 356 85 22 14 296 22097 6756 399 315 31 564 374 2900 7923 3826 7 46 24 786 1417 18 10 25 18 1327 227 126 145 117 128 93 1367 2128 664 676 418 159 2472 5926 112 10 8 105 105 0 0 0 1 1 0 1 0 0 0 1 0 3 1 11 9 0 15 8 19 2 22 11 1 1 2 4 0 1 2 4 0 1 6 1 8 2 0 7 18 11 16 8 8 5 47 28 2 9 69 10 288 552 4 15 233 16 3 20 156 0 2 0 0 1 3 35 39 68 26 4 9 5 3 182 164 112 354 493 63 3 14 5 5 392 12 207 207 1180 0 0 1148 177 5 2 0 1 0 3 5
53 9 12 2 11 12 9 12 3 3 0 25 13 293 286 211 57 230 73 62 86 383 61 161 495 68 574 548 1054 40 85 25 66 140 65 18 90 115 225 159 416 106 2788 32 125 151 471 2744 351 33 4 19 146 660 86 17 923 117 123 26 909 6756 23456 4196 4218 29 2378 855 3717 485 171 7 59 35 1024 1558 6 3 17 0 91 10 216 505 266 606 281 228 1180 295 1523 182 30 372 5357 131 6 20 433 281 0 0 0 0 1 0 0 0 0 0 1 2 11 4 10 11 12 35 27 58 15 22 34 2 7 1 2 1 1 5 5 6 1 10 3 4 4 5 16 31 25 24 16 4 4 41 80 2 7 183 10 43 138 1 3 84 0 0 2 16 0 1 0 2 10 7 213 56 53 17 3 8 4 1 122 534 17 39 689 141 6 7 10 6 375 3 9 29 56 1 0 288 40 13 0 0 1 2 3 4
8 0 1 1 2 0 0 0 0 0 0 1 22 281 103 291 46 1216 223 53 17 40 15 236 83 19 1262 1659 73 2 16 2 45 59 165 14 52 101 477 59 185 53 4495 8 34 406 173 265 58 0 0 3 18 75 3 3 82 16 55 8 752 399 4196 4412 3223 20 320 129 607 46 24 2 41 15 104 134 0 7 4 0 9 2 38 92 53 131 61 22 78 24 257 17 1 40 777 12 0 2 103 28 0 0 0 0 0 0 0 0 0 0 0 0 6 8 30 4 3 36 12 178 10 42 19 2 2 0 1 3 0 10 1 1 0 4 0 2 4 1 10 10 61 8 47 0 4 11 7 1 2 159 0 0 3 0 0 5 0 0 1 0 0 1 0 0 3 1 75 17 4 10 1 1 1 3 6 70 1 1 53 11 1 2 8 3 19 0 0 4 2 0 0 19 3 3 0 0 0 0 0 1
13 1 5 2 7 7 3 2 0 3 0 9 28 788 1195 194 56 569 81 54 17 38 9 64 41 10 669 1658 654 23 40 17 68 204 137 46 149 67 3528 51 117 32 976 8 78 572 274 347 25 4 0 5 67 294 25 1 839 206 301 72 879 315 4218 3223 4654 43 1072 942 6661 41 25 3 40 5 1075 160 2 6 3 0 16 2 96 159 71 180 111 16 53 16 296 33 5 16 355 93 2 12 118 225 0 0 0 0 1 0 0 0 0 0 0 3 3 17 88 5 8 42 11 299 11 42 14 0 1 1 0 3 0 17 17 11 1 9 4 3 1 1 16 28 120 7 113 1 1 48 55 3 9 690 5 4 12 0 0 11 0 0 0 2 1 1 0 2 4 5 552 61 6 27 5 7 16 2 18 587 0 10 305 29 1 2 9 2 38 0 2 4 9 3 0 42 7 11 1 0 0 2 1 4
0 0 2 0 1 1 2 1 31 1 0 3 2360 2 5 29 26 269 431 17 2 4 6 6 6 3 11 88 6 3 1 1 43 21 0 0 26 333 63 0 57 14 57 921 5485 1976 5 57 43 2414 107 582 1 1 6 0 1 2 1 1 251 31 29 20 43 2642 14 4 71 6 23 73 294 1078 11 86 907 1529 809 484 340 957 4 4 4 1 0 830 382 802 1023 32 3 5 75 3 298 16 5 1 0 0 1 0 3 0 0 0 0 0 0 2 6 38 838 8 16 30 14 447 45 322 22 0 0 3 1 35 0 53 8 6 7 24 1 13 0 2 61 78 165 2 284 4 4 109 620 100 58 1494 3 15 40 1 4 67 19 6 27 29 1 5 0 2 8 1 147 196 26 927 4 11 7 5 24 179 13 21 319 30 4 9 34 22 65 5 15 36 61 1 2 118 26 16 1 2 1 0 1 3
374 130 147 108 156 116 27 40 8 33 8 157 6 239 58 49 15 133 24 12 38 118 62 348 819 121 375 382 7066 405 841 47 272 419 122 17 55 91 126 656 189 77 698 3 19 128 779 364 86 5 5 28 447 2985 171 12 6671 88 54 29 309 564 2378 320 1072 14 10700 2777 1146 55 37 105 338 195 2583 139 45 5 80 1 30 3 465 3620 361 3104 5983 41 109 28 244 65 19 55 549 379 38 29 2136 3631 4 1 8 7 1 7 0 0 4 1 3 23 0 3 12 2 10 12 16 38 4 12 16 26 22 8 5 0 2 5 11 0 12 132 6 61 1 0 76 119 14 6 10 9 51 9 6 1 9 60 21 6 8 5 1 5 0 2 0 1 9 15 0 10 11 1 52 16 0 6 19 10 1 1 14 71 1 8 50 16 93 69 31 10 21 34 1 3 7 12 13 31 7 7 10 3 32 5 2 23
52 8 17 13 10 11 6 5 2 4 0 14 3 1569 330 132 32 52 17 12 61 160 35 207 319 31 294 830 304 37 115 37 714 6177 440 346 1071 423 242 573 171 38 268 1 13 42 544 337 57 3 4 13 101 487 54 14 893 2259 1341 2241 86 374 855 129 942 4 2777 4245 1730 43 29 36 661 479 1536 134 47 9 33 0 30 1 188 750 278 1921 1322 18 55 22 77 24 8 20 159 50 39 6 1774 966 0 2 0 0 2 3 0 0 0 0 0 1 1 3 9 3 31 11 60 20 11 4 31 52 26 15 15 2 0 2 2 1 3 58 0 51 6 0 73 315 10 29 6 3 41 5 7 0 4 37 13 4 4 3 0 10 3 0 1 1 2 8 0 2 3 1 25 9 4 2 19 9 1 1 10 39 5 3 41 14 34 37 90 0 38 10 0 1 5 9 8 36 1 4 4 0 30 12 2 29
56 4 9 3 39 37 10 3 0 7 2 52 16 1350 4023 851 271 1129 98 409 79 112 47 71 89 17 254 1770 1340 142 233 164 401 1012 68 35 321 428 9359 75 648 208 994 18 121 161 226 10574 291 39 4 21 108 383 53 19 1618 1039 330 221 4221 2900 3717 607 6661 71 1146 1730 27979 423 606 41 196 24 5656 11065 5 1 20 3 387 5 161 219 177 200 201 294 1048 177 1573 151 31 150 935 617 8 39 115 564 0 9 0 0 8 0 0 0 0 0 0 6 4 29 201 11 20 73 29 423 39 84 32 6 6 4 5 13 2 42 71 27 11 43 2 36 4 5 65 111 195 17 238 8 17 261 435 13 40 1613 19 148 353 3 12 288 2 4 2 31 3 20 1 14 41 5 1575 313 170 121 16 46 79 20 346 3149 29 118 2666 505 7 20 23 31 924 9 25 78 127 6 1 699 118 57 3 3 4 3 4 16
105 12 38 8 12 12 26 38 1 22 2 17 3 15 34 54 6 30 19 11 8 30 13 12 32 7 14 21 62 40 35 6 13 12 1 1 4 9 23 11 340 26 71 3 14 13 13 1180 359 48 302 320 11 48 151 25 51 13 2 2 54 7923 485 46 41 6 55 43 423 2961 4038 9 13 10 133 222 11 2 4 24 1631 211 172 51 32 25 15 734 426 130 126 1806 1619 1295 1021 36 3 10 26 21 1 0 1 0 1 0 0 0 0 0 0 0 0 0 1 0 3 5 2 2 0 2 3 1 2 0 0 0 2 0 1 0 2 14 3 4 1 0 8 3 5 1 1 4 1 7 4 1 1 5 1 88 151 1 1 78 30 13 72 243 0 2 0 0 2 1 8 12 17 5 1 0 0 0 33 26 106 260 85 7 5 7 5 1 64 10 235 57 958 0 0 258 46 0 3 1 1 0 1 1
62 9 18 3 9 4 9 22 2 31 2 6 4 13 33 42 6 37 17 8 5 21 8 10 10 3 11 14 43 27 23 5 16 28 1 1 8 31 46 8 342 31 55 19 15 14 7 4662 430 46 17 212 11 27 61 17 48 15 4 0 79 3826 171 24 25 23 37 29 606 4038 9980 3 19 12 130 416 14 2 11 20 9617 173 97 28 17 19 9 683 500 111 141 395 223 1040 953 29 11 4 10 20 0 0 0 0 0 0 0 0 0 0 0 0 0 0 5 0 1 6 3 8 3 1 1 0 0 1 0 1 0 0 2 0 0 6 1 4 0 0 4 9 2 0 2 3 5 18 11 0 2 17 1 103 201 1 3 91 33 12 68 282 2 1 0 0 0 0 8 8 20 2 1 1 1 3 33 30 106 305 130 13 5 7 6 6 52 8 296 78 1149 1 2 306 63 1 3 0 1 1 3 1
