33060 12956 12360 2703 290 1907 6823 12577 54 1060 393 1422 0 1 0 1 0 0 0 0 7 12 2 2 15 1 3 0 6748 5539 132 31 47 5 0 1 0 2 2 3 164 1 2 0 0 1 5 2 8 0 45 55 1200 851 515 51 19 1 0 0 2 3 6 1 0 0 53 2 2 5 6 26 0 5 10 2 119 0 7 6 58 1 923 58 230 15 7 5 1 1 2 122 47 7 1 12 54 1536 14 18 2 6 2 5 3 9 2 6 4 5 33 15 0 0 0 0 0 0 0 0 0 1 0 0 0 1 0 0 0 0 5 0 7 12 0 10 0 0 2 2 0 0 0 0 1 0 0 0 3 0 0 0 0 0 0 0 2 0 1 0 1 0 0 1 1 0 0 0 0 0 0 0 0 0 0 0 0 1 0 0 17 9 2 0 0 16 0 1 0 0 0 0 0 0 13 8 0 0 0 0
12956 15477 8036 10636 1940 4181 2001 393 31 411 324 2531 0 3 0 0 0 1 0 0 10 9 1 2 11 0 3 0 3481 4698 543 52 152 1 0 0 1 1 0 1 188 1 5 0 0 0 6 4 17 0 63 49 864 776 330 53 30 4 3 0 2 2 6 1 4 0 80 5 6 14 6 43 1 4 13 4 106 0 10 4 52 1 722 71 261 16 13 7 2 2 2 121 50 9 5 18 41 984 17 9 4 1 4 4 2 13 0 3 11 4 25 27 0 0 0 0 0 0 0 0 2 1 0 1 0 0 0 0 0 0 2 0 1 17 0 6 0 0 7 3 0 0 0 0 0 0 0 0 2 0 0 0 0 0 0 0 3 0 0 1 0 0 1 1 0 0 0 0 0 1 3 0 0 0 0 0 0 0 0 0 31 7 4 0 0 11 1 0 0 0 2 0 0 0 27 6 0 0 0 0
12360 8036 16884 14277 125 2916 2007 12833 243 5843 476 27926 0 3 0 3 1 2 2 0 57 36 4 3 36 3 9 3 897 197 103 11 56 3 0 0 1 1 2 6 470 2 7 1 3 0 12 4 43 1 187 142 1612 1182 838 184 58 1 2 0 3 5 4 1 8 2 124 5 9 33 20 81 6 11 15 4 170 0 16 24 137 8 1979 198 736 57 24 16 9 1 4 384 159 27 13 12 195 946 47 40 11 22 50 25 19 105 13 36 63 27 150 126 0 0 0 0 0 0 0 0 1 1 0 0 1 0 0 0 0 0 11 0 18 63 0 29 0 0 16 2 0 0 0 1 5 0 0 0 0 0 0 0 0 0 0 3 5 0 4 4 2 4 2 14 4 0 0 0 0 0 5 3 0 0 0 0 0 1 0 0 125 36 9 0 0 68 1 0 0 1 9 0 0 1 86 39 5 0 0 0
2703 10636 14277 13928 9439 9225 665 153 24 251 118 6631 0 7 0 1 0 2 1 1 31 20 4 1 13 1 2 3 1176 1155 2739 245 326 7 2 0 7 2 3 2 208 1 3 0 1 2 3 3 8 0 40 31 503 548 198 82 101 6 3 0 3 8 6 2 8 0 104 5 12 9 9 64 3 6 23 5 49 0 11 1 25 1 516 71 265 13 8 2 3 1 4 84 33 4 1 38 65 406 16 18 3 6 10 10 8 28 8 4 18 12 57 45 0 0 0 0 2 0 0 0 0 1 0 1 0 0 0 0 0 0 6 0 10 31 0 15 0 0 3 7 0 0 0 0 3 0 0 0 0 3 0 0 0 0 0 1 2 0 0 1 1 4 0 3 2 0 0 0 0 1 1 1 0 0 1 0 0 0 1 0 48 12 9 0 0 30 0 0 0 0 4 1 0 0 30 9 1 1 0 0
290 1940 125 9439 12302 7869 373 38 30 59 48 1993 4 127 24 52 4 38 29 4 125 100 13 4 31 5 14 47 4391 2721 8071 2962 1796 442 11 7 151 121 68 20 314 1 20 6 4 28 30 79 19 0 37 28 750 1210 255 125 1969 223 26 21 45 129 82 22 103 1 546 55 275 106 116 474 102 34 249 64 114 3 102 0 89 5 760 138 548 32 32 19 36 1 53 93 31 16 38 1071 255 673 55 238 10 21 34 26 18 84 12 33 44 23 140 120 0 0 3 1 3 1 1 13 11 9 1 6 0 0 0 0 0 0 12 0 33 127 0 51 0 0 53 33 1 0 2 1 14 2 5 4 10 22 1 0 4 2 0 3 1 2 1 0 5 11 3 7 11 0 1 0 1 1 13 6 1 2 3 3 1 0 15 1 156 78 27 0 0 124 0 0 5 0 7 5 1 2 87 17 2 0 0 0
1907 4181 2916 9225 7869 28877 740 144 68 384 194 22529 3 55 13 27 4 31 24 3 189 134 29 6 40 2 6 23 1736 1197 2494 5381 4633 280 3 6 115 70 27 13 539 1 7 3 2 26 22 44 22 0 38 45 774 991 303 200 349 201 15 2 27 82 35 14 50 1 232 43 171 66 77 722 106 61 273 41 177 3 130 4 75 4 910 121 804 45 23 22 22 1 27 132 54 10 23 1460 448 628 66 46 31 49 106 62 54 266 29 65 133 43 364 356 0 0 6 0 1 1 2 10 12 13 1 9 1 0 1 0 0 0 46 0 87 276 0 96 0 0 70 36 2 0 0 3 19 0 1 3 11 18 1 0 4 3 0 6 2 0 1 0 16 28 6 40 7 1 0 0 0 1 27 2 1 0 0 3 2 0 4 2 396 132 39 2 1 218 1 0 1 1 19 2 5 6 249 47 18 2 0 1
6823 2001 2007 665 373 740 7069 4625 963 2193 157 990 0 3 1 0 0 1 0 0 8 4 3 2 5 0 0 0 1126 1006 146 47 92 4 0 0 2 0 1 5 72 0 2 0 2 1 3 1 5 0 34 24 1035 465 351 28 8 3 0 0 3 5 2 1 1 0 8 1 9 5 3 47 0 6 13 1 66 0 8 3 15 0 417 20 66 8 3 3 0 0 1 53 31 2 2 24 169 2727 9 7 3 4 17 5 2 12 4 5 13 7 43 26 0 0 0 0 0 0 0 0 0 0 0 0 0 0 0 0 0 0 5 1 10 12 0 3 0 0 4 4 1 0 0 0 2 0 0 0 0 1 0 0 0 0 0 0 0 0 2 0 1 1 1 1 1 0 0 0 0 0 1 0 0 0 0 0 0 0 0 0 27 15 0 0 0 16 1 1 0 2 1 0 0 0 16 4 1 0 0 0
12577 393 12833 153 38 144 4625 10068 1267 16257 535 1954 1 0 0 1 0 0 0 0 4 16 2 3 24 1 1 0 407 126 28 8 14 4 2 1 1 0 1 4 245 0 5 0 1 0 5 0 12 0 87 95 1668 784 705 63 2 1 0 0 2 2 4 5 4 0 17 4 2 9 5 41 2 4 8 2 170 0 6 15 66 1 1313 93 279 16 16 7 5 0 0 190 87 9 8 13 303 1487 21 10 11 4 13 10 5 29 8 8 40 12 57 33 0 0 0 0 0 0 0 0 2 0 0 3 0 0 0 0 0 0 5 0 9 18 0 4 0 0 6 1 0 0 0 1 4 0 0 0 0 1 0 0 0 0 0 0 1 4 7 1 4 2 3 5 0 0 0 0 0 0 4 1 0 0 0 0 0 0 0 0 25 10 1 0 0 15 0 0 1 0 1 0 0 0 31 27 0 0 0 1
54 31 243 24 30 68 963 1267 426 2786 362 354 6 0 0 0 0 1 1 0 20 16 2 0 3 0 1 1 20 5 11 17 70 3 0 0 3 3 0 0 34 1 0 7 47 2 6 0 4 72 9 17 330 36 71 14 2 8 0 0 0 2 0 2 1 35 4 8 1 3 1 296 15 130 29 0 335 57 94 14 19 54 111 9 29 6 4 35 9 33 12 20 2 0 3 31 1441 2007 2 1 2 8 11 11 4 20 4 20 10 13 43 34 0 0 0 0 0 0 1 0 7 1 1 0 1 0 0 0 0 0 4 1 8 28 0 16 0 0 42 16 0 0 1 2 6 0 1 0 5 1 0 0 1 1 0 1 1 1 1 2 2 1 3 4 0 0 0 0 0 0 4 1 1 0 0 1 0 0 1 0 46 42 22 0 0 44 2 0 1 0 2 4 0 0 41 22 2 0 0 0
1060 411 5843 251 59 384 2193 16257 2786 22878 12270 26180 0 1 0 1 0 0 1 0 31 35 5 3 23 0 0 1 173 37 27 25 132 5 0 0 2 4 1 4 297 0 10 5 9 1 12 3 20 9 81 81 1128 470 516 84 10 11 0 0 2 3 7 4 6 9 27 5 7 15 4 1053 6 37 21 1 4870 17 95 14 73 15 1074 70 313 23 13 12 2 3 3 179 73 10 5 21 3670 1373 20 22 47 37 92 47 45 208 50 79 128 79 371 257 0 0 0 0 0 0 0 1 6 1 1 8 3 1 0 0 0 0 21 1 33 136 0 52 0 0 30 12 0 0 0 5 17 0 0 1 4 0 0 0 0 2 1 0 4 1 1 3 5 13 16 25 2 0 0 0 0 1 16 3 1 0 0 0 1 0 1 0 219 62 19 1 0 92 2 1 0 1 7 0 0 2 237 90 7 0 0 1
393 324 476 118 48 194 157 535 362 12270 6539 9781 1 3 0 0 0 0 2 0 16 14 2 1 7 0 1 0 79 38 13 20 206 4 0 0 0 3 0 4 151 0 0 1 1 1 4 0 5 1 21 22 259 112 109 32 2 4 0 0 1 0 1 1 1 1 15 5 3 0 3 1139 5 12 7 1 2994 3 157 2 25 2 300 20 113 11 1 2 1 1 1 58 24 0 3 16 2055 190 7 2 31 34 125 54 34 218 33 68 125 99 438 311 0 0 1 0 1 0 0 1 1 0 0 4 3 0 1 0 0 0 41 0 47 166 0 26 0 0 18 12 0 0 0 4 23 0 1 0 1 0 0 0 0 0 0 0 0 1 2 1 13 15 10 22 3 0 0 0 0 0 13 3 1 0 0 1 0 0 1 0 234 42 18 0 0 107 0 1 0 1 18 0 0 3 274 94 8 2 0 0
1422 2531 27926 6631 1993 22529 990 1954 354 26180 9781 60822 10 14 6 9 2 14 33 1 268 200 29 2 51 4 5 4 1032 650 907 658 4370 101 5 0 28 62 9 17 857 1 12 29 8 28 31 7 24 7 70 89 1003 1052 433 230 124 124 1 3 18 24 23 9 32 2 204 49 58 35 27 5081 68 110 248 13 1878 17 811 10 75 8 1242 163 1026 65 31 12 12 4 27 211 90 9 12 402 3633 882 78 31 106 188 460 295 206 1152 130 222 567 338 1704 1398 0 0 2 0 3 1 3 5 25 10 10 26 12 4 1 0 0 0 153 1 263 851 0 245 0 0 156 89 0 0 0 17 70 0 4 4 34 18 0 0 0 6 0 4 1 5 0 1 32 61 44 132 23 1 0 0 0 2 88 23 0 0 0 1 1 0 6 0 1238 274 83 0 0 598 7 0 1 8 71 1 0 13 1126 264 52 1 0 2
0 0 0 0 4 3 0 1 6 0 1 10 6417 6 7 16 59 337 4770 123 0 4 2 2 0 1 11 26 0 0 0 3 54 19 1 1 93 608 20 3 15 1 21 7537 4541 3557 8 3 3 197 8 19 1 7 0 1 1 3 0 1 48 3 2 23 53 1778 2 5 13 4 7 178 544 1213 10 2 507 324 636 20 22 122 4 0 7 1 0 83 43 185 331 2 1 1 6 7 61 1 2 0 0 4 0 1 4 7 0 1 1 0 1 3 0 7 906 1 5 27 9 1661 132 1767 68 0 0 2 1 1 0 5 6 5 7 4 1 5 0 2 35 70 70 1 54 0 2 6 141 114 162 2735 5 2 5 1 1 16 1 0 3 0 3 3 0 6 11 0 59 21 3 1188 4 11 20 2 5 76 0 5 186 14 4 8 338 1 12 12 1 8 18 0 2 34 5 15 2 1 2 0 2 0
1 3 3 7 127 55 3 0 0 1 3 14 6 15679 5489 812 77 183 83 27 52 26 334 1295 42 701 6046 1329 286 2 170 31 50 1271 7995 2976 3024 77 471 5814 951 28 519 7 7 31 1370 32 14 0 2 4 109 267 36 12 194 609 2352 467 53 33 139 531 607 1 208 1355 409 29 27 28 31 5 833 33 10 0 16 1 18 0 99 35 70 17 54 6 22 0 49 27 5 12 128 338 7 15 18 122 1 0 1 0 1 1 0 2 0 0 0 0 0 0 11 1 16 8 26 24 164 127 83 4 0 1 1 1 0 0 2 0 1 9 0 8 0 1 76 147 1 1 2 1 5 0 3 1 53 33 0 0 1 0 0 0 0 0 0 0 0 0 0 0 0 4 3 0 0 1 0 0 1 2 2 1 0 0 5 0 10 32 20 0 0 12 0 0 1 1 0 7 0 0 6 0 2 0 0 0
0 0 0 0 24 13 1 0 0 0 0 6 7 5489 19604 8428 745 1274 223 827 43 15 372 339 9 139 2212 3183 39 1 19 16 22 342 523 344 4405 161 1434 589 1160 15 206 5 8 96 96 47 40 2 0 0 15 44 4 5 14 39 23 12 115 68 93 279 1281 3 18 95 1047 41 59 12 42 6 119 95 6 1 7 0 17 0 20 6 20 2 2 13 33 2 81 42 7 11 72 52 2 2 4 9 0 1 0 0 0 0 0 2 0 0 0 1 1 0 16 3 33 9 48 56 312 240 185 11 2 3 0 0 0 1 0 0 0 6 0 6 2 2 63 172 2 3 2 0 6 0 7 5 105 80 20 0 2 1 0 8 0 0 0 0 0 0 0 0 1 7 1 2 1 8 1 0 3 7 1 4 0 0 17 3 13 28 43 0 0 39 0 3 1 1 1 8 0 0 2 0 2 0 0 0
1 0 3 1 52 27 0 1 0 1 0 9 16 812 8428 13357 83 4074 5100 936 5 13 112 144 6 8 463 4254 50 2 31 42 123 638 60 10 1508 415 1994 87 843 65 161 22 11 193 86 32 76 2 2 0 15 29 4 4 14 90 30 16 67 43 38 78 275 1 24 122 246 16 33 64 173 26 221 82 4 0 37 0 15 0 15 1 13 5 6 18 54 7 68 78 2 19 52 136 2 2 2 21 0 0 0 0 1 4 0 2 0 0 2 2 0 2 113 2 2 12 7 222 113 966 46 1 0 0 0 0 0 3 0 2 1 12 0 7 0 0 33 46 11 4 10 0 0 1 32 17 99 160 1 1 1 0 0 2 0 0 0 0 1 0 0 0 1 3 2 4 0 13 1 1 0 1 0 2 0 0 18 0 5 19 27 0 1 12 0 0 3 1 2 2 2 1 0 0 0 0 0 0
0 0 1 0 4 4 0 0 0 0 0 2 59 77 745 83 2279 89 1362 1254 15 12 52 5 3 29 5 3 3 0 1 6 37 131 10 33 3399 555 7 117 107 6 21 66 42 83 10 3 9 6 0 0 1 0 3 1 0 3 0 0 18 3 5 3 4 3 1 3 6 3 0 24 129 26 8 7 0 12 17 1 1 4 1 0 10 1 0 3 11 8 63 11 0 3 11 5 2 1 1 1 0 1 1 1 2 1 0 2 1 0 2 5 0 0 10 1 25 5 38 39 431 186 222 27 2 2 3 0 0 1 0 0 4 12 2 6 3 0 99 266 0 11 1 0 9 1 4 7 162 37 15 0 1 0 0 0 0 1 3 0 0 0 0 0 0 12 0 2 0 2 0 0 1 6 2 0 1 0 6 0 20 59 37 1 0 76 1 1 2 0 2 0 0 1 4 0 6 1 0 0
0 1 2 2 38 31 1 0 1 0 0 14 337 183 1274 4074 89 13655 4241 507 10 7 36 386 8 15 714 956 24 1 15 32 148 440 34 3 1000 563 3150 70 794 41 494 175 27 6830 73 186 58 2 2 3 12 29 2 4 9 61 9 10 3366 108 99 462 885 42 16 51 895 73 283 117 436 45 127 826 14 2 72 0 93 2 19 12 19 3 9 85 279 6 597 40 4 13 170 104 3 1 4 6 1 8 0 1 7 9 0 2 0 1 0 3 0 16 652 0 7 39 14 961 172 1695 80 5 0 0 0 1 0 21 9 9 2 10 1 9 1 1 58 80 114 2 96 0 1 4 129 92 176 1135 6 1 6 2 0 17 0 0 0 1 0 6 2 3 8 4 29 36 4 173 12 13 26 5 3 68 0 2 84 2 11 21 81 7 2 11 9 5 16 3 2 31 4 12 1 2 4 1 4 0
0 0 2 1 29 24 0 0 1 1 2 33 4770 83 223 5100 1362 4241 50826 8267 29 30 56 93 9 11 252 127 12 2 9 31 363 426 28 2 1882 4763 88 74 196 9 81 9971 917 6357 45 23 12 114 4 6 15 9 3 5 3 15 13 0 85 13 29 73 99 203 1 29 57 14 31 383 1728 1517 60 52 52 90 542 7 23 90 20 3 41 4 1 85 68 195 673 7 6 9 33 58 8 0 6 4 2 3 0 1 3 7 0 3 1 0 4 5 1 25 1324 21 67 240 187 3454 1821 10260 1323 27 4 7 1 3 1 30 9 2 3 29 2 29 10 2 278 769 136 22 65 1 18 7 121 212 1048 1432 48 2 6 1 0 19 0 0 1 2 3 4 1 7 16 34 12 16 0 516 4 8 15 20 3 28 2 0 97 6 29 92 1108 2 3 124 6 13 11 1 2 28 3 12 6 2 18 0 0 1
0 0 0 1 4 3 0 0 0 0 0 1 123 27 827 936 1254 507 8267 1264 25 11 86 14 5 27 22 6 1 0 3 11 52 113 9 4 1260 677 11 80 196 19 56 255 140 322 15 11 29 18 0 2 1 3 0 2 2 3 1 0 42 2 5 4 11 4 1 1 12 7 11 44 220 47 4 10 7 17 32 1 4 9 5 2 7 1 0 16 16 38 110 17 0 12 30 5 3 0 2 0 0 1 0 0 0 0 1 2 0 0 3 4 3 0 43 7 44 20 83 91 771 698 481 17 1 3 1 4 0 7 0 0 2 16 0 3 7 0 119 357 1 14 4 3 17 2 9 20 323 119 40 1 1 0 0 2 1 0 1 1 0 0 0 0 1 36 1 2 1 13 4 0 3 19 0 1 0 0 15 0 24 87 69 2 0 113 9 2 1 0 2 1 0 0 1 0 7 2 0 0
7 10 57 31 125 189 8 4 20 31 16 268 0 52 43 5 15 10 29 25 5591 6593 3896 54 280 188 35 9 58 9 44 107 367 80 10 3 56 78 4 291 610 11 158 32 4 7 138 7 25 2 1 2 30 53 7 1328 25 13 7 3 32 44 84 49 31 0 13 51 46 45 11 417 110 31 90 18 178 1 251 0 10 2 128 20 3657 87 49 12 35 2 68 24 4 35 145 96 95 21 283 59 0 2 4 5 1 12 1 7 1 2 13 13 0 0 2 0 3 0 8 11 51 8 11 6 1 1 2 0 0 0 1 0 6 40 1 29 0 0 87 84 0 1 0 0 5 0 0 0 29 5 2 0 2 0 0 1 0 0 0 0 0 1 0 0 4 0 1 1 0 1 1 2 0 0 0 0 0 0 1 1 34 48 26 0 1 48 1 1 2 1 0 4 0 0 15 4 1 0 0 0
12 9 36 20 100 134 4 16 16 35 14 200 4 26 15 13 12 7 30 11 6593 16502 2745 408 5212 1514 147 21 65 14 48 121 355 88 19 0 57 96 6 2489 709 110 733 27 6 30 381 28 79 1 31 18 214 303 119 559 54 14 4 3 82 91 250 157 77 2 110 46 90 116 21 394 119 43 103 39 150 5 235 2 26 2 1170 386 6951 893 233 14 116 5 134 107 36 105 489 82 66 27 2108 370 2 2 4 3 1 8 2 8 7 4 11 22 0 0 1 0 7 1 9 6 51 4 17 2 1 0 2 0 0 0 0 0 1 39 1 19 0 0 107 97 0 1 1 1 7 0 3 0 31 9 0 2 5 0 0 7 0 0 1 0 0 2 0 2 2 1 0 1 0 1 2 1 0 3 1 2 0 1 5 2 35 37 24 0 1 34 4 2 4 0 6 10 1 0 10 1 5 1 0 0
2 1 4 4 13 29 3 2 2 5 2 29 2 334 372 112 52 36 56 86 3896 2745 9179 7635 421 12688 366 14 7 1 8 39 152 140 64 5 118 130 20 2133 7377 1317 1027 15 3 24 203 23 275 1 13 5 43 74 23 180 4 13 19 1 32 47 83 63 31 1 22 28 36 58 18 193 139 6 34 30 75 2 174 0 18 1 142 36 780 48 24 22 66 7 70 154 13 94 357 24 23 2 106 22 0 0 1 0 0 3 0 2 0 0 3 3 0 0 0 0 3 0 4 3 32 14 8 2 0 1 0 0 1 0 0 0 0 10 0 7 0 0 18 28 0 0 1 0 2 0 2 1 11 5 0 2 3 1 0 3 0 0 0 0 0 1 0 1 0 0 1 0 0 1 1 0 0 1 1 0 0 0 4 0 17 16 10 1 0 15 2 1 3 0 1 6 1 0 4 1 1 0 0 0
2 2 3 1 4 6 2 3 0 3 1 2 2 1295 339 144 5 386 93 14 54 408 7635 18248 414 9917 9170 337 66 1 17 5 31 124 1228 7 58 45 68 6333 3196 3705 3199 9 2 283 1031 19 303 1 11 11 139 343 29 25 77 38 92 19 368 59 164 718 271 4 139 156 117 62 18 23 28 2 24 27 9 1 26 1 20 0 196 78 204 62 76 20 56 6 270 93 10 74 351 16 3 7 82 23 0 0 0 0 0 0 0 1 0 0 0 0 0 1 6 0 1 0 5 17 8 22 2 0 0 0 0 0 0 1 0 0 1 5 0 1 0 0 13 9 0 1 0 0 2 1 5 1 7 44 1 1 4 0 0 5 1 0 0 0 0 0 0 0 0 0 4 2 0 3 1 1 0 0 3 4 0 0 12 0 5 8 2 0 3 2 1 0 1 0 0 17 2 0 0 0 0 0 0 0
15 11 36 13 31 40 5 24 3 23 7 51 0 42 9 6 3 8 9 5 280 5212 421 414 11147 602 243 48 140 7 119 25 120 92 42 1 45 68 5 2985 350 31 542 9 2 20 3146 24 31 0 42 22 685 1716 161 155 441 7 11 2 76 49 230 257 109 2 657 142 94 73 16 164 81 20 151 19 63 1 134 1 27 0 1723 1022 2835 1382 2559 7 29 1 58 86 22 44 311 41 26 6 2139 619 2 0 0 0 0 1 0 2 0 2 3 3 0 0 2 0 2 0 3 1 29 4 5 3 1 1 1 0 0 0 1 0 3 13 0 6 0 0 55 40 0 0 0 0 2 0 0 0 11 8 0 0 0 1 0 2 2 0 0 1 0 1 0 0 0 0 1 0 0 1 0 2 1 0 1 1 0 0 4 0 23 18 11 0 1 16 3 0 1 0 0 5 0 0 3 1 0 0 0 0
1 0 3 1 5 2 0 1 0 0 0 4 1 701 139 8 29 15 11 27 188 1514 12688 9917 602 7799 1241 10 5 0 2 3 9 51 233 6 110 79 4 6174 1999 237 980 5 0 14 80 7 129 0 3 1 26 75 7 30 9 3 21 0 32 32 71 72 14 0 15 13 12 32 11 18 27 1 3 13 2 0 12 0 10 1 133 33 220 33 6 13 32 4 51 50 10 64 409 5 2 1 47 7 0 0 0 0 0 0 0 0 0 0 0 0 0 0 0 1 2 1 4 5 25 24 21 0 0 0 0 0 0 0 0 0 0 0 0 0 0 0 7 18 0 0 0 0 0 0 1 0 9 5 0 0 6 0 0 3 0 0 0 0 0 0 1 0 0 0 0 0 0 0 0 0 0 0 0 0 0 1 3 0 3 5 7 0 0 1 0 0 2 0 0 5 0 0 0 0 0 0 0 0
3 3 9 2 14 6 0 1 1 0 1 5 11 6046 2212 463 5 714 252 22 35 147 366 9170 243 1241 27585 4976 166 1 77 11 43 226 7008 20 114 51 92 4598 742 82 1388 4 0 244 1371 25 51 0 7 6 197 528 46 28 196 126 308 59 84 49 204 2858 952 1 324 439 109 38 22 30 29 4 99 13 15 0 21 1 14 0 233 105 184 74 96 9 15 3 51 40 10 17 135 54 0 6 72 64 0 0 0 0 0 1 0 1 1 0 0 0 0 0 18 0 0 2 0 51 15 45 5 1 0 0 0 0 0 1 0 0 1 5 0 8 0 0 24 17 6 0 7 0 1 0 9 1 11 89 0 1 0 0 0 1 0 0 0 0 0 0 0 0 1 0 3 1 0 5 4 0 2 0 0 6 1 0 9 0 4 10 4 0 0 6 1 0 2 0 0 1 1 1 0 0 2 0 0 0
0 0 3 3 47 23 0 0 1 1 0 4 26 1329 3183 4254 3 956 127 6 9 21 14 337 48 10 4976 9428 255 2 113 17 26 192 222 7 103 33 3528 156 186 9 160 2 2 415 527 28 7 0 8 5 189 392 35 10 173 140 168 52 117 61 75 1496 1710 3 294 572 312 31 30 13 29 4 300 28 10 0 14 0 9 0 158 58 91 31 41 10 15 0 74 29 6 7 32 137 4 14 32 87 0 0 0 0 1 2 0 2 0 0 0 0 0 3 101 0 1 6 2 312 21 146 6 0 0 0 0 2 0 3 4 0 2 3 0 4 0 0 10 21 20 0 26 0 0 0 21 18 12 417 1 1 4 0 0 3 0 0 1 0 1 3 0 3 2 0 12 10 3 25 1 4 8 2 3 21 0 1 20 1 3 5 7 0 1 5 0 1 3 0 1 8 0 3 1 0 0 0 1 0
6748 3481 897 1176 4391 1736 1126 407 20 173 79 1032 0 286 39 50 3 24 12 1 58 65 7 66 140 5 166 255 44957 15605 5458 264 374 298 26 11 100 34 87 108 95 2 136 3 4 32 226 82 12 1 19 17 1502 14450 241 49 1939 62 55 27 57 161 295 127 412 1 7454 227 479 125 92 200 30 14 954 55 89 1 48 2 45 1 390 342 262 75 590 9 34 0 50 41 7 20 108 1533 116 3692 166 1683 5 10 24 7 7 48 4 20 16 11 79 64 0 0 7 0 1 0 1 6 7 6 1 1 1 0 0 0 0 0 5 1 17 85 0 30 0 0 30 18 2 0 0 1 1 0 7 1 8 30 1 1 2 1 0 5 2 0 2 0 0 2 2 7 2 0 0 0 0 1 8 1 0 0 2 7 0 0 10 1 100 54 11 0 1 76 4 2 3 0 2 9 1 1 45 8 1 0 0 0
5539 4698 197 1155 2721 1197 1006 126 5 37 38 650 0 2 1 2 0 1 2 0 9 14 1 1 7 0 1 2 15605 18130 2607 93 152 14 1 1 5 3 4 5 53 1 3 0 0 2 4 3 5 0 18 13 676 1136 191 15 2104 6 1 1 1 5 3 1 9 0 262 8 19 10 7 38 2 4 27 3 16 0 10 3 9 0 340 37 70 11 4 4 3 0 2 29 21 1 1 70 31 1280 7 45 2 1 5 4 2 12 1 1 6 4 22 16 0 0 1 0 0 0 0 0 2 1 0 0 0 0 0 0 0 0 2 0 2 13 0 6 0 0 4 2 0 0 0 0 0 0 0 0 2 0 0 0 0 0 0 0 0 1 0 0 0 0 0 2 0 0 0 0 0 0 1 0 0 0 0 0 0 0 0 0 17 6 2 0 0 14 0 0 0 0 0 0 0 0 7 2 0 0 0 0
132 543 103 2739 8071 2494 146 28 11 27 13 907 0 170 19 31 1 15 9 3 44 48 8 17 119 2 77 113 5458 2607 9986 479 482 217 18 7 68 45 33 32 212 1 30 1 2 18 97 32 6 0 27 30 869 2040 250 48 7918 80 29 14 38 66 81 49 182 0 2522 227 209 48 66 180 44 26 944 38 51 1 49 4 43 3 734 301 415 427 1150 7 13 1 27 85 36 3 27 2362 52 438 1360 5901 1 4 6 8 10 19 1 2 10 4 37 26 0 0 2 0 1 0 0 6 5 0 1 0 1 0 0 0 0 0 2 0 5 32 0 17 0 0 33 22 0 0 2 1 4 0 4 1 2 9 0 0 2 0 0 1 1 1 1 1 1 3 0 4 0 1 0 1 0 1 1 1 0 0 0 2 0 0 7 0 48 26 8 0 0 33 0 0 0 0 5 3 0 1 14 2 1 0 0 0
31 52 11 245 2962 5381 47 8 17 25 20 658 3 31 16 42 6 32 31 11 107 121 39 5 25 3 11 17 264 93 479 17251 10471 1982 17 4 171 276 29 26 122 2 10 6 2 35 72 36 1 5 1 7 99 132 33 50 42 7863 25 26 33 51 21 9 34 1 35 286 106 37 62 1367 676 50 5312 43 97 2 185 0 26 2 157 24 262 29 16 10 25 1 30 19 5 3 15 8518 165 72 21 56 5 13 25 15 12 56 1 18 28 12 60 81 0 0 7 0 2 0 0 8 24 8 4 8 3 0 0 0 0 0 14 0 17 148 0 86 0 0 97 61 0 0 1 3 21 0 2 0 11 21 0 0 1 0 0 2 1 0 0 2 5 7 0 7 5 1 1 1 0 1 9 6 4 0 3 2 2 0 4 0 177 110 34 0 0 111 0 1 0 1 15 2 0 2 63 9 11 0 1 1
47 152 56 326 1796 4633 92 14 70 132 206 4370 54 50 22 123 37 148 363 52 367 355 152 31 120 9 43 26 374 152 482 10471 15907 4996 78 14 122 2011 29 195 389 2 39 67 26 323 421 19 12 15 13 17 211 266 81 116 93 2889 154 178 84 33 31 33 45 10 94 770 96 32 45 6339 3282 187 4991 41 341 22 544 1 29 9 352 63 582 44 43 15 28 8 134 60 12 14 28 2972 725 213 76 74 23 58 92 43 44 198 26 118 80 50 278 266 0 1 7 0 15 3 8 27 133 33 26 16 11 3 1 0 0 2 27 1 78 530 3 203 0 0 495 289 0 0 0 11 54 0 13 3 79 39 4 1 1 3 1 5 0 1 1 0 19 22 5 29 16 3 1 0 1 3 44 16 0 2 0 0 1 1 10 2 529 510 162 2 0 469 7 1 3 1 38 5 1 13 233 47 35 2 1 2
5 1 3 7 442 280 4 4 3 5 4 101 19 1271 342 638 131 440 426 113 80 88 140 124 92 51 226 192 298 14 217 1982 4996 12483 1403 526 3390 2322 124 1335 202 2 129 14 11 263 2151 28 7 6 3 7 87 198 33 20 117 4951 2407 6162 132 39 65 118 165 5 127 3246 159 24 26 682 1118 101 4557 52 129 10 207 2 12 5 89 25 139 18 69 8 17 3 109 14 5 6 62 1777 57 19 20 152 5 3 7 9 11 15 1 68 5 1 28 69 0 0 7 0 24 1 12 31 204 53 23 24 6 0 0 0 0 2 7 0 12 248 0 162 0 0 639 424 4 2 0 3 33 0 4 2 157 47 2 0 0 2 0 8 0 2 0 1 4 9 4 3 13 6 2 1 0 5 25 3 4 2 2 3 3 0 11 0 224 475 103 1 1 279 5 3 8 2 10 1 1 1 72 11 18 3 1 1
0 0 0 2 11 3 0 2 0 0 0 5 1 7995 523 60 10 34 28 9 10 19 64 1228 42 233 7008 222 26 1 18 17 78 1403 7980 2423 725 84 23 3819 147 16 401 4 0 24 1357 8 6 0 1 1 30 81 11 6 28 313 1616 567 17 11 60 334 122 0 39 657 41 15 2 14 29 3 118 5 10 0 18 0 1 0 38 13 24 5 18 1 1 1 16 7 1 6 69 34 3 1 6 18 0 0 0 1 0 1 0 1 0 0 1 0 0 0 1 0 2 0 2 8 9 8 15 1 0 0 0 0 0 0 0 0 0 3 0 3 0 0 16 29 0 0 0 0 0 0 0 0 16 2 0 0 0 0 0 0 0 0 0 0 0 1 0 0 1 0 0 0 0 1 0 0 0 1 0 2 0 0 1 0 1 8 2 0 0 5 0 0 0 0 0 1 0 0 0 0 0 0 0 0
1 0 0 0 7 6 0 1 0 0 0 0 1 2976 344 10 33 3 2 4 3 0 5 7 1 6 20 7 11 1 7 4 14 526 2423 1429 445 9 4 217 10 0 3 0 0 0 342 3 0 0 0 0 4 7 1 0 4 183 3212 377 0 1 6 7 8 0 6 532 13 1 0 4 2 0 68 1 1 0 3 0 0 0 3 0 2 1 1 0 0 0 0 1 0 0 2 25 0 0 1 5 0 0 0 0 1 0 0 0 0 0 0 0 0 0 0 0 1 0 1 1 11 5 2 0 0 0 0 0 0 0 0 0 0 1 0 1 0 0 9 3 0 0 0 0 0 0 0 0 4 0 0 0 0 0 0 0 1 0 0 0 0 0 0 0 0 0 0 0 0 0 0 0 0 0 0 0 0 0 0 0 0 5 0 0 0 2 0 1 0 0 0 1 0 0 0 0 0 0 0 0
0 1 1 7 151 115 2 1 3 2 0 28 93 3024 4405 1508 3399 1000 1882 1260 56 57 118 58 45 110 114 103 100 5 68 171 122 3390 725 445 3515 1581 139 1280 244 4 54 39 27 635 592 22 9 2 2 1 40 76 10 12 55 610 465 285 201 20 36 31 87 5 47 609 91 23 23 62 89 29 833 49 22 5 59 1 14 5 46 7 66 4 14 8 20 8 165 9 3 3 29 485 10 11 16 46 1 4 3 1 0 8 1 17 1 4 11 20 0 4 16 2 32 4 40 64 358 137 116 37 6 0 2 0 0 5 0 0 3 95 0 47 2 0 434 439 5 7 4 0 17 1 8 10 221 53 22 0 0 0 2 6 0 0 2 0 1 0 1 0 2 16 1 0 1 10 8 1 1 10 1 3 0 2 13 1 79 234 51 2 2 149 2 1 4 0 2 7 0 0 15 7 14 2 0 0
2 1 1 2 121 70 0 0 3 4 3 62 608 77 161 415 555 563 4763 677 78 96 130 45 68 79 51 33 34 3 45 276 2011 2322 84 9 1581 7951 37 751 155 5 83 1052 256 1706 463 28 12 44 7 11 20 50 6 23 16 356 97 55 310 28 41 40 43 20 20 229 71 28 77 425 2698 276 485 98 88 62 640 4 50 22 39 7 100 6 21 45 64 61 610 17 2 10 73 380 19 4 24 23 1 6 6 5 12 26 0 50 0 0 27 44 3 0 40 4 112 21 145 145 1274 605 577 62 16 5 10 0 2 8 6 0 18 228 1 154 1 2 1257 1420 2 9 1 7 60 2 14 11 702 123 37 3 2 1 0 16 1 5 1 0 3 11 2 0 7 24 1 10 2 16 21 4 3 26 4 4 2 1 35 10 217 595 326 4 2 351 13 5 13 3 15 18 1 5 51 12 38 1 1 1
2 0 2 3 68 27 1 1 0 1 0 9 20 471 1434 1994 7 3150 88 11 4 6 20 68 5 4 92 3528 87 4 33 29 29 124 23 4 139 37 9831 48 282 21 135 8 8 1737 81 266 23 3 3 6 46 86 4 8 33 103 29 16 6607 142 54 92 3747 9 47 225 5684 86 326 12 20 1 281 1922 4 0 13 0 78 1 39 8 18 2 6 76 273 3 1009 25 4 19 72 119 1 8 6 37 0 3 0 1 1 1 0 0 0 0 0 2 0 5 254 0 2 4 6 445 32 174 7 2 3 1 0 3 0 8 5 7 5 5 0 6 0 1 34 33 43 1 55 1 3 8 129 17 23 1131 1 2 10 0 0 25 1 0 2 3 3 7 0 3 10 1 59 25 5 64 5 14 13 1 11 87 0 3 159 10 3 8 3 2 7 5 9 4 13 3 2 37 8 16 0 0 2 0 3 1
3 1 6 2 20 13 5 4 0 4 4 17 3 5814 589 87 117 70 74 80 291 2489 2133 6333 2985 6174 4598 156 108 5 32 26 195 1335 3819 217 1280 751 48 15134 1408 191 1506 58 4 40 4748 11 73 0 13 16 276 795 63 95 170 123 636 86 61 52 192 406 148 0 310 360 101 66 16 91 279 24 106 19 36 7 88 1 18 1 617 296 755 210 228 10 46 6 69 72 16 51 502 49 10 3 239 89 0 0 0 0 0 4 0 1 0 0 5 3 0 0 3 0 12 3 13 14 72 58 56 1 0 1 0 0 0 1 1 0 0 14 0 10 0 0 55 91 1 1 0 0 2 2 2 0 31 23 3 1 0 0 0 3 1 0 1 0 0 0 0 0 0 0 2 0 0 0 0 0 0 1 0 0 1 0 7 1 15 29 18 0 0 21 0 0 3 0 0 6 0 1 1 1 4 0 0 0
164 188 470 208 314 539 72 245 34 297 151 857 15 951 1160 843 107 794 196 196 610 709 7377 3196 350 1999 742 186 95 53 212 122 389 202 147 10 244 155 282 1408 5824 3057 1962 38 10 319 307 149 2075 14 240 125 129 159 2254 1201 81 40 23 3 550 186 278 232 380 6 75 87 367 262 226 435 143 34 270 152 231 5 276 6 348 12 731 39 609 58 140 235 389 29 687 2092 256 373 681 210 159 57 116 181 8 9 8 5 9 27 3 35 8 6 45 41 0 0 11 0 7 2 7 16 50 29 19 2 0 1 0 0 0 0 4 0 14 81 0 31 0 1 80 84 1 0 2 0 6 2 17 2 33 74 2 6 22 0 0 13 1 0 8 16 3 4 0 1 2 1 3 3 0 6 5 2 1 1 6 4 4 10 32 5 112 96 26 0 3 116 8 11 19 1 2 23 1 1 29 10 4 1 0 1
1 1 2 1 1 1 0 0 1 0 0 1 1 28 15 65 6 41 9 19 11 110 1317 3705 31 237 82 9 2 1 1 2 2 2 16 0 4 5 21 191 3057 4008 3847 4 3 40 51 17 522 0 1 2 9 29 4 6 2 0 2 1 142 20 23 17 42 1 9 6 57 38 8 1 3 0 1 31 2 0 2 0 7 0 27 11 51 6 6 7 37 10 158 103 4 92 188 2 0 0 13 6 0 0 0 0 0 0 0 0 0 0 0 0 0 0 1 0 0 0 0 1 2 4 2 0 0 0 0 0 0 0 0 0 1 0 0 0 0 0 2 3 0 0 0 0 0 0 0 0 2 5 0 0 1 0 0 4 0 0 0 1 0 0 0 0 0 0 0 0 0 1 0 0 0 0 0 1 1 0 2 2 0 1 1 0 0 0 0 0 4 0 0 4 1 0 0 0 0 0 0 0
2 5 7 3 20 7 2 5 0 10 0 12 21 519 206 161 21 494 81 56 158 733 1027 3199 542 980 1388 160 136 3 30 10 39 129 401 3 54 83 135 1506 1962 3847 6361 57 42 769 995 215 1393 10 22 10 248 613 54 70 123 36 88 16 2081 369 1984 5842 1066 21 261 171 1490 386 107 36 64 14 43 537 22 1 47 2 79 1 471 187 563 126 79 120 346 98 2779 489 57 687 6980 41 1 9 136 44 0 1 0 0 0 2 0 0 0 0 1 1 0 0 21 0 1 0 3 26 18 38 10 1 0 0 1 1 0 1 0 2 0 1 0 4 0 0 12 15 4 2 2 0 0 4 22 0 8 177 0 7 42 1 1 28 3 1 2 2 0 0 0 0 1 0 11 8 2 17 0 1 1 1 21 16 0 7 129 21 4 4 5 0 16 6 3 11 29 0 1 104 5 2 0 1 0 0 0 0
0 0 1 0 6 3 0 0 7 5 1 29 7537 7 5 22 66 175 9971 255 32 27 15 9 9 5 4 2 3 0 1 6 67 14 4 0 39 1052 8 58 38 4 57 13601 3850 2959 18 41 9 860 22 78 1 11 3 6 0 5 1 1 182 45 36 9 9 333 2 7 62 46 172 540 3381 1408 10 123 1808 2715 7799 97 165 576 12 2 18 0 0 374 278 658 1922 18 7 8 105 9 74 5 7 2 1 1 4 3 1 8 0 26 3 0 8 15 1 1 103 7 73 47 100 319 890 1204 448 29 3 3 6 2 1 4 3 0 4 84 3 60 3 2 586 712 7 9 2 2 18 6 30 24 545 259 29 9 23 2 0 37 12 4 8 11 1 3 0 1 4 18 2 5 2 68 11 1 4 11 14 20 1 6 145 27 78 269 543 1 12 189 12 19 38 1 4 90 6 6 17 3 15 1 0 0
0 0 3 1 4 2 2 1 47 9 1 8 4541 7 8 11 42 27 917 140 4 6 3 2 2 0 0 2 4 0 2 2 26 11 0 0 27 256 8 4 10 3 42 3850 17118 5157 3 9 14 2540 23 83 8 2 1 0 2 0 1 0 28 6 19 9 17 3069 1 2 24 14 34 253 321 296 6 9 2348 830 1540 104 84 641 9 3 7 0 0 671 273 2547 1515 5 3 8 51 3 541 37 1 2 1 1 0 1 0 1 0 0 0 0 1 3 0 0 115 0 1 4 3 90 31 133 20 1 1 0 1 0 0 1 3 1 1 5 0 10 0 0 15 23 5 0 6 0 1 23 216 5 44 1231 0 18 135 4 3 193 5 7 10 20 0 3 0 4 0 1 69 33 9 405 2 2 2 0 106 125 7 28 1197 210 2 11 46 3 91 5 30 149 117 1 1 581 50 12 3 1 3 2 0 0
1 0 0 2 28 26 1 0 2 1 1 28 3557 31 96 193 83 6830 6357 322 7 30 24 283 20 14 244 415 32 2 18 35 323 263 24 0 635 1706 1737 40 319 40 769 2959 5157 11920 51 40 31 22 2 4 29 67 7 7 14 31 8 2 1194 44 56 587 927 944 28 41 348 27 55 439 1861 204 72 199 87 18 512 1 16 10 49 20 59 8 9 48 63 60 2545 22 7 17 226 58 12 3 20 11 0 17 1 2 14 8 1 2 1 0 1 6 0 20 1423 0 10 55 23 1862 290 1901 170 4 1 1 3 10 0 26 20 20 8 13 0 22 0 2 88 134 173 5 166 5 6 21 616 169 277 4860 8 7 19 2 1 38 0 4 0 2 3 9 4 14 31 9 144 90 11 913 22 23 51 14 17 317 0 7 833 55 16 21 167 10 40 22 10 12 12 8 3 116 21 35 3 0 4 1 6 2
5 6 12 3 30 22 3 5 6 12 4 31 8 1370 96 86 10 73 45 15 138 381 203 1031 3146 80 1371 527 226 4 97 72 421 2151 1357 342 592 463 81 4748 307 51 995 18 3 51 8357 56 26 6 19 8 379 945 91 52 456 640 965 492 97 118 392 599 534 1 541 5790 304 92 61 350 307 59 410 28 201 4 305 3 31 1 523 390 482 336 2886 11 30 3 85 46 13 38 432 86 39 8 344 143 1 0 4 3 1 1 2 10 2 0 7 10 0 0 5 0 10 1 5 10 83 10 8 7 1 0 0 0 0 0 1 0 4 58 0 32 0 0 193 145 0 0 0 0 9 0 8 1 33 26 0 1 3 0 0 6 2 0 0 0 1 2 1 0 1 0 1 0 0 1 0 0 2 1 2 1 0 0 9 1 27 93 38 1 1 36 2 0 2 2 3 10 0 2 7 3 7 0 0 0
2 4 4 3 79 44 1 0 0 3 0 7 3 32 47 32 3 186 23 11 7 28 23 19 24 7 25 28 82 3 32 36 19 28 8 3 22 28 266 11 149 17 215 41 9 40 56 16788 157 24 17 22 38 90 15 7 28 18 7 2 146 10305 1992 231 328 6 43 46 6564 1847 9005 12 36 3 142 5343 7 0 34 5 678 29 57 10 49 7 10 740 3733 93 725 244 60 225 707 131 1 6 7 18 0 0 0 0 1 1 0 5 0 0 1 1 0 0 5 0 1 1 1 7 2 6 4 0 1 0 1 2 0 1 2 1 1 0 0 3 0 0 9 8 0 4 3 5 2 28 17 3 14 46 0 250 732 19 6 947 16 8 44 111 0 2 0 0 1 1 13 14 12 8 6 4 5 1 203 30 31 235 608 54 1 7 4 1 157 20 312 353 981 2 1 1289 86 2 5 0 1 0 0 0
8 17 43 8 19 22 5 12 4 20 5 24 3 14 40 76 9 58 12 29 25 79 275 303 31 129 51 7 12 5 6 1 12 7 6 0 9 12 23 73 2075 522 1393 9 14 31 26 157 7416 4 70 17 18 34 42 20 5 1 1 0 109 151 40 26 32 1 7 8 94 231 187 16 9 1 5 110 4 1 8 1 139 4 51 11 58 6 9 230 382 32 339 8090 203 2664 2493 15 4 1 16 11 0 0 0 0 0 0 0 1 1 0 0 1 0 0 0 0 1 2 0 2 4 10 5 1 0 0 1 0 0 0 0 0 1 0 0 1 0 0 5 2 0 0 0 0 1 1 0 0 1 11 0 7 28 0 0 18 3 0 1 7 0 0 0 0 0 0 1 0 0 1 0 0 0 0 6 5 2 5 22 3 2 2 3 0 4 7 7 5 41 0 0 71 1 0 0 0 0 0 0 0
0 0 1 0 0 0 0 0 72 9 1 7 197 0 2 2 6 2 114 18 2 1 1 1 0 0 0 0 1 0 0 5 15 6 0 0 2 44 3 0 14 0 10 860 2540 22 6 24 4 5780 102 534 7 1 1 0 1 1 0 0 4 16 3 1 2 1031 3 2 41 12 41 98 98 651 8 29 2101 629 666 627 266 4437 1 0 3 0 0 1963 512 2279 668 12 13 4 19 1 674 27 1 0 0 0 0 1 0 0 0 4 0 0 3 1 0 0 4 0 0 0 1 8 3 5 2 0 0 1 1 1 0 1 1 2 1 2 0 1 0 0 4 2 2 0 1 1 0 20 11 3 14 41 1 95 312 11 3 349 37 11 42 81 0 1 0 1 1 0 5 8 5 22 2 2 1 0 84 13 16 104 379 31 2 3 8 0 59 12 146 660 643 0 1 792 31 0 3 1 1 0 1 1
45 63 187 40 37 38 34 87 9 81 21 70 8 2 0 2 0 2 4 0 1 31 13 11 42 3 7 8 19 18 27 1 13 3 1 0 2 7 3 13 240 1 22 22 23 2 19 17 70 102 20208 20161 42 11 318 24 13 3 1 0 12 30 12 12 9 59 5 7 16 72 34 19 6 97 27 8 122 25 27 1492 1934 348 162 6 29 8 24 241 30 6 18 3794 7822 232 66 9 57 21 18 22 1 1 1 0 1 2 1 5 1 0 3 5 0 0 0 0 0 0 0 0 1 0 0 0 0 0 0 0 0 0 1 0 0 5 0 1 0 0 12 6 0 0 0 1 2 2 3 0 3 4 0 4 11 7 1 3 754 318 643 323 6 1 0 1 0 0 1 0 0 9 0 0 0 0 0 0 84 35 5 0 6 11 5 0 0 20 137 11 102 0 4 16 6 0 2 1 0 0 0 0
55 49 142 31 28 45 24 95 17 81 22 89 19 4 0 0 0 3 6 2 2 18 5 11 22 1 6 5 17 13 30 7 17 7 1 0 1 11 6 16 125 2 10 78 83 4 8 22 17 534 20161 28618 57 14 324 25 2 3 1 0 5 19 18 13 12 299 6 6 15 136 57 16 10 303 20 8 351 103 63 17901 5918 2350 165 7 30 5 18 1274 48 36 24 1011 3730 66 19 25 136 24 16 12 3 0 4 2 2 0 0 25 0 0 1 2 0 0 1 0 0 0 0 0 1 3 0 0 0 0 0 0 0 0 0 0 2 7 0 5 0 0 9 5 0 0 1 12 3 8 20 3 10 4 1 30 33 30 0 19 3032 1352 3189 1116 43 3 0 1 0 0 1 1 0 76 4 0 0 0 1 0 292 149 20 2 14 18 40 1 1 101 587 106 591 0 17 71 31 0 20 5 0 0 0 0
1200 864 1612 503 750 774 1035 1668 330 1128 259 1003 1 109 15 15 1 12 15 1 30 214 43 139 685 26 197 189 1502 676 869 99 211 87 30 4 40 20 46 276 129 9 248 1 8 29 379 38 18 7 42 57 19513 10847 6357 31 452 38 28 9 68 120 315 172 294 5 456 166 280 88 41 236 22 40 492 32 173 3 104 8 46 1 3939 1007 584 406 773 13 38 2 90 72 47 27 200 383 452 10372 689 863 10 6 19 8 5 50 4 39 30 15 91 64 0 0 3 0 2 0 0 2 8 5 1 1 0 1 1 0 0 0 4 0 15 76 0 35 0 0 97 44 0 0 0 0 5 0 6 0 10 17 1 1 3 0 0 3 1 0 5 2 1 4 3 5 3 0 2 0 0 5 5 4 0 0 0 1 0 1 3 0 126 96 34 0 2 84 0 0 0 2 3 4 1 1 52 21 4 0 0 0
851 776 1182 548 1210 991 465 784 36 470 112 1052 7 267 44 29 0 29 9 3 53 303 74 343 1716 75 528 392 14450 1136 2040 132 266 198 81 7 76 50 86 795 159 29 613 11 2 67 945 90 34 1 11 14 10847 12356 731 32 2394 47 47 5 134 266 801 482 611 1 6802 459 540 191 77 227 38 26 1213 64 125 6 115 0 38 1 1770 3711 454 1484 2476 9 70 7 134 57 21 54 474 656 115 3486 1692 2330 2 12 16 7 9 32 5 16 14 9 48 68 0 0 3 0 2 0 2 6 12 5 3 3 1 0 0 0 0 0 4 1 15 84 1 28 0 0 71 39 2 1 0 0 2 0 11 0 17 41 0 0 4 0 0 5 0 0 1 0 0 3 1 3 1 0 3 1 1 1 3 2 1 0 2 4 0 0 16 2 105 68 23 1 1 83 1 2 1 0 4 5 2 1 41 8 7 0 0 0
515 330 838 198 255 303 351 705 71 516 109 433 0 36 4 4 3 2 3 0 7 119 23 29 161 7 46 35 241 191 250 33 81 33 11 1 10 6 4 63 2254 4 54 3 1 7 91 15 42 1 318 324 6357 731 22304 499 74 13 5 5 19 34 83 45 64 1 61 38 81 52 21 98 8 33 118 11 78 0 43 36 222 13 4115 64 440 97 140 27 14 1 36 870 237 44 57 105 75 1764 191 181 1 3 3 6 5 13 3 19 4 4 12 17 0 0 0 0 0 0 0 1 11 3 1 0 0 1 0 0 0 0 0 0 6 41 1 21 0 0 44 28 0 0 0 0 2 0 1 1 9 4 0 1 0 0 0 0 14 7 10 9 0 1 0 1 1 0 1 0 0 1 1 0 0 1 0 0 0 1 3 1 44 36 11 0 0 41 1 1 1 1 1 3 0 0 14 5 0 0 0 0
51 53 184 82 125 200 28 63 14 84 32 230 1 12 5 4 1 4 5 2 1328 559 180 25 155 30 28 10 49 15 48 50 116 20 6 0 12 23 8 95 1201 6 70 6 0 7 52 7 20 0 24 25 31 32 499 1691 23 2 2 0 16 17 49 27 32 0 11 17 27 26 11 117 24 19 77 5 48 2 83 3 32 1 2145 9 2962 67 62 3 12 5 27 105 22 19 62 88 48 21 161 72 0 1 2 0 3 2 0 7 1 1 10 9 0 0 0 0 2 0 1 2 15 1 3 1 0 1 0 0 0 0 2 0 0 12 0 7 0 0 29 37 0 0 0 0 2 0 0 0 5 3 0 0 1 0 0 0 0 0 2 0 0 1 0 0 0 0 0 1 0 0 1 1 0 2 0 0 0 0 0 0 22 24 12 0 0 25 1 0 3 1 1 3 0 1 5 1 0 0 0 0
19 30 58 101 1969 349 8 2 2 10 2 124 1 194 14 14 0 9 3 2 25 54 4 77 441 9 196 173 1939 2104 7918 42 93 117 28 4 55 16 33 170 81 2 123 0 2 14 456 28 5 1 13 2 452 2394 74 23 6905 26 33 9 40 73 171 162 301 0 6537 435 243 47 32 65 28 13 1458 20 24 0 29 0 22 0 380 609 221 481 1946 10 12 2 49 18 10 13 105 1495 18 25 1479 3551 0 1 0 1 1 3 0 5 1 0 5 5 0 0 2 0 0 0 0 1 12 2 1 2 0 0 0 0 0 0 0 0 3 11 0 9 0 0 27 17 0 0 0 0 0 0 2 0 10 13 0 0 2 0 0 0 0 0 0 0 0 0 1 2 0 0 2 0 0 2 0 0 0 0 2 1 0 0 4 2 12 15 7 0 0 8 0 2 0 0 1 3 0 0 3 0 0 0 0 0
1 4 1 6 223 201 3 1 8 11 4 124 3 609 39 90 3 61 15 3 13 14 13 38 7 3 126 140 62 6 80 7863 2889 4951 313 183 610 356 103 123 40 0 36 5 0 31 640 18 1 1 3 3 38 47 13 2 26 11343 1846 1452 35 54 36 52 175 3 27 2721 199 45 59 743 520 55 9660 47 88 0 186 2 15 2 61 14 48 5 12 7 18 1 35 5 2 5 24 2197 53 14 8 61 1 8 4 0 1 12 0 16 5 1 15 15 0 0 3 0 4 0 1 9 29 10 6 1 2 2 0 0 0 0 4 0 7 103 0 79 0 1 123 73 0 0 0 0 19 0 0 3 22 24 0 0 2 1 1 0 0 0 0 0 3 10 1 6 4 0 1 2 0 1 9 2 1 0 0 1 0 0 6 1 101 112 30 0 0 88 1 2 3 0 11 4 0 1 16 3 2 0 0 0
0 3 2 3 26 15 0 0 0 0 0 1 0 2352 23 30 0 9 13 1 7 4 19 92 11 21 308 168 55 1 29 25 154 2407 1616 3212 465 97 29 636 23 2 88 1 1 8 965 7 1 0 1 1 28 47 5 2 33 1846 3008 2081 14 19 53 83 138 0 30 3876 68 17 10 32 55 3 361 8 7 0 36 0 6 0 30 3 16 8 10 1 4 0 17 5 2 2 13 89 3 2 3 36 0 0 1 0 0 0 0 2 0 0 1 2 0 0 2 0 2 0 0 1 9 7 1 1 0 0 0 0 0 0 0 0 0 17 0 6 0 0 40 20 0 0 0 0 2 0 0 1 9 5 0 0 0 1 0 1 0 0 0 0 0 0 0 0 0 0 1 0 0 0 0 0 0 1 0 0 0 0 2 0 1 12 4 0 0 7 1 0 0 0 2 0 0 0 0 1 1 0 0 0
0 0 0 0 21 2 0 0 0 0 0 3 1 467 12 16 0 10 0 0 3 3 1 19 2 0 59 52 27 1 14 26 178 6162 567 377 285 55 16 86 3 1 16 1 0 2 492 2 0 0 0 0 9 5 5 0 9 1452 2081 2364 3 1 7 25 55 0 10 1084 35 2 3 7 19 2 345 1 1 0 4 0 1 0 5 1 8 1 5 0 4 0 2 1 0 1 1 77 1 1 1 16 0 0 1 0 0 0 0 1 0 0 0 0 0 0 2 0 2 0 0 0 2 1 2 0 0 0 0 0 0 0 0 0 0 1 0 2 0 0 4 4 0 0 0 0 0 0 0 0 1 2 0 0 1 0 0 0 0 0 0 0 0 0 0 0 0 0 0 0 0 0 0 0 0 0 0 1 0 0 1 0 2 5 1 0 0 4 0 0 0 0 0 0 0 0 0 0 0 0 0 0
2 2 3 3 45 27 3 2 0 2 1 18 48 53 115 67 18 3366 85 42 32 82 32 368 76 32 84 117 57 1 38 33 84 132 17 0 201 310 6607 61 550 142 2081 182 28 1194 97 146 109 4 12 5 68 134 19 16 40 35 14 3 7370 151 347 739 1351 105 71 70 6757 152 155 91 238 18 117 5510 12 0 69 0 46 3 119 57 118 31 24 94 291 14 4406 107 17 100 963 98 2 2 30 18 0 4 1 1 8 3 0 0 0 0 2 3 0 3 281 0 4 3 2 174 49 163 12 1 2 0 1 3 0 6 11 7 5 12 0 9 0 0 30 37 29 3 47 2 0 36 546 31 56 1775 2 8 27 4 2 61 0 0 3 2 2 6 1 3 3 2 88 73 9 173 4 9 18 4 36 220 1 7 901 92 3 13 16 1 36 7 7 9 28 7 2 177 37 9 2 1 1 0 2 0
3 2 5 8 129 82 5 2 2 3 0 24 3 33 68 43 3 108 13 2 44 91 47 59 49 32 49 61 161 5 66 51 33 39 11 1 20 28 142 52 186 20 369 45 6 44 118 10305 151 16 30 19 120 266 34 17 73 54 19 1 151 14349 8752 630 729 7 107 152 5459 8209 3707 21 26 7 274 559 6 0 20 5 358 21 182 40 145 18 43 387 724 83 629 341 165 1096 3115 239 1 13 26 34 0 0 0 0 0 3 0 3 0 0 0 0 0 0 4 0 1 0 0 4 9 5 1 0 1 0 1 0 1 2 0 0 0 5 0 1 0 0 8 16 4 1 1 0 2 7 21 1 7 44 2 202 497 11 4 475 24 8 35 108 0 0 0 0 0 0 9 10 6 6 5 2 0 1 87 15 30 204 310 30 0 4 3 1 57 18 277 262 746 0 0 723 43 1 2 0 1 0 0 1
6 6 4 6 82 35 2 4 0 7 1 23 2 139 93 38 5 99 29 5 84 250 83 164 230 71 204 75 295 3 81 21 31 65 60 6 36 41 54 192 278 23 1984 36 19 56 392 1992 40 3 12 18 315 801 83 49 171 36 53 7 347 8752 19878 6730 3600 8 384 187 6534 4004 248 24 52 4 143 722 6 0 26 0 90 3 492 170 393 113 82 138 1027 96 1289 138 99 439 4499 108 4 18 104 63 0 1 0 0 0 0 0 0 0 0 1 0 0 1 7 0 1 1 1 9 13 4 1 0 0 0 0 1 0 0 0 1 0 1 0 1 0 0 7 18 0 0 4 0 1 6 19 1 6 65 0 27 105 2 0 138 2 0 6 10 0 0 0 0 1 1 7 9 2 8 1 5 0 0 51 19 3 16 190 34 0 3 6 0 43 4 12 24 78 0 0 238 14 2 2 0 0 1 0 1
1 1 1 2 22 14 1 5 2 4 1 9 23 531 279 78 3 462 73 4 49 157 63 718 257 72 2858 1496 127 1 49 9 33 118 334 7 31 40 92 406 232 17 5842 9 9 587 599 231 26 1 12 13 172 482 45 27 162 52 83 25 739 630 6730 6260 8986 1 299 182 1437 375 68 29 28 1 54 89 8 0 21 1 30 0 258 145 239 83 86 20 104 7 545 34 25 64 2388 32 3 8 89 48 0 0 0 0 2 0 0 1 0 0 0 0 0 0 33 0 2 1 1 84 8 21 3 0 0 0 0 0 0 2 1 1 1 3 0 6 0 0 11 4 7 0 8 0 0 2 34 2 6 245 0 5 10 0 0 7 2 0 1 0 0 1 0 1 0 0 13 10 0 11 1 2 4 0 5 19 0 1 37 3 3 5 7 0 4 5 0 2 7 2 0 19 1 0 1 0 0 0 1 0
0 4 8 8 103 50 1 4 1 6 1 32 53 607 1281 275 4 885 99 11 31 77 31 271 109 14 952 1710 412 9 182 34 45 165 122 8 87 43 3747 148 380 42 1066 9 17 927 534 328 32 2 9 12 294 611 64 32 301 175 138 55 1351 729 3600 8986 6499 22 442 590 9317 438 301 20 27 5 444 284 16 1 12 3 81 1 328 132 207 71 86 46 125 17 654 52 24 49 652 230 4 25 67 134 0 5 0 0 3 3 0 2 0 0 0 1 0 2 218 0 5 3 3 335 31 79 7 4 1 0 1 4 0 4 4 8 2 7 0 9 0 0 30 33 34 1 44 0 3 15 213 22 38 1680 5 8 17 1 1 28 3 1 2 2 2 6 0 2 4 1 106 49 7 73 2 11 20 5 12 165 0 11 454 43 4 16 7 5 28 3 7 4 17 3 2 84 15 14 3 0 2 2 0 0
0 0 2 0 1 1 0 0 35 9 1 2 1778 1 3 1 3 42 203 4 0 2 1 4 2 0 1 3 1 0 0 1 10 5 0 0 5 20 9 0 6 1 21 333 3069 944 1 6 1 1031 59 299 5 1 1 0 0 3 0 0 105 7 8 1 22 1401 0 3 56 3 10 27 44 862 7 41 1124 703 189 333 78 893 4 0 1 1 0 300 115 716 1647 9 13 4 16 3 380 25 0 0 0 0 1 0 0 0 0 1 0 0 1 3 0 0 26 0 0 1 0 12 7 29 2 0 0 0 0 0 0 0 1 0 0 1 0 2 0 0 3 10 1 0 0 0 0 2 23 5 4 193 0 4 14 0 0 35 13 8 13 16 0 0 0 0 0 0 2 6 0 96 2 0 0 0 5 14 6 12 105 7 1 3 9 0 9 3 3 17 23 1 1 61 6 0 1 0 0 0 0 0
53 80 124 104 546 232 8 17 4 27 15 204 2 208 18 24 1 16 1 1 13 110 22 139 657 15 324 294 7454 262 2522 35 94 127 39 6 47 20 47 310 75 9 261 2 1 28 541 43 7 3 5 6 456 6802 61 11 6537 27 30 10 71 107 384 299 442 0 10189 360 337 99 47 79 32 8 1188 37 58 0 40 0 15 1 418 2342 421 1367 1657 4 27 0 65 19 9 27 182 734 26 34 805 2117 0 1 1 1 0 6 0 3 1 0 11 9 0 0 4 0 2 0 0 1 5 2 1 1 0 0 0 0 0 1 1 0 3 28 0 5 0 0 33 23 0 0 0 0 2 0 6 0 8 27 1 0 2 0 0 5 0 0 0 0 0 1 2 1 0 0 0 0 0 0 0 0 0 0 2 0 0 0 8 0 25 19 12 0 1 26 2 0 2 0 1 6 0 0 12 2 1 0 0 0
2 5 5 5 55 43 1 4 8 5 5 49 5 1355 95 122 3 51 29 1 51 46 28 156 142 13 439 572 227 8 227 286 770 3246 657 532 609 229 225 360 87 6 171 7 2 41 5790 46 8 2 7 6 166 459 38 17 435 2721 3876 1084 70 152 187 182 590 3 360 9679 599 97 85 481 291 129 3349 60 234 4 322 0 41 3 174 102 155 92 1814 14 31 6 69 34 10 13 101 329 63 19 139 346 1 2 7 3 2 12 2 14 1 1 6 19 0 0 6 0 6 1 2 11 44 8 3 8 1 1 0 0 1 0 2 0 4 89 0 47 0 0 203 149 0 0 3 1 12 4 7 1 27 31 2 1 1 0 0 5 0 0 0 1 5 5 0 2 2 2 1 0 0 2 9 1 1 0 1 4 1 1 11 2 72 113 57 0 0 68 0 2 4 1 6 9 0 3 10 2 7 0 0 0
2 6 9 12 275 171 9 2 1 7 3 58 13 409 1047 246 6 895 57 12 46 90 36 117 94 12 109 312 479 19 209 106 96 159 41 13 91 71 5684 101 367 57 1490 62 24 348 304 6564 94 41 16 15 280 540 81 27 243 199 68 35 6757 5459 6534 1437 9317 56 337 599 15965 2042 3012 34 61 4 744 9316 13 0 44 4 586 8 337 102 240 52 103 482 2396 60 3302 149 72 214 1809 608 7 26 54 122 1 3 1 1 5 3 0 3 0 1 1 3 0 1 101 0 15 0 5 56 49 23 4 2 4 0 0 2 0 0 6 6 8 12 0 12 0 0 43 51 10 1 18 3 7 64 389 6 39 1342 7 77 177 3 6 394 5 1 8 17 0 7 0 6 12 0 136 64 20 104 13 11 22 4 211 276 11 55 1718 237 18 18 9 4 207 15 67 83 148 4 2 746 121 12 0 1 3 0 2 1
5 14 33 9 106 66 5 9 3 15 0 35 4 29 41 16 3 73 14 7 45 116 58 62 73 32 38 31 125 10 48 37 32 24 15 1 23 28 86 66 262 38 386 46 14 27 92 1847 231 12 72 136 88 191 52 26 47 45 17 2 152 8209 4004 375 438 3 99 97 2042 7762 2176 14 24 9 197 446 11 1 20 20 2136 153 138 44 149 22 31 547 628 55 654 816 2138 1455 2329 157 5 7 38 28 0 0 0 0 0 0 0 1 0 0 0 0 0 0 3 0 1 0 1 5 7 6 4 0 1 0 0 0 1 1 0 0 0 2 0 3 0 0 13 2 1 0 1 1 2 7 13 3 10 46 1 129 194 8 2 89 75 70 87 378 1 1 0 0 2 0 4 6 1 11 2 0 1 0 19 9 139 430 104 15 4 10 3 0 11 24 588 126 750 0 2 197 64 1 6 0 0 1 0 1
6 6 20 9 116 77 3 5 1 4 3 27 7 27 59 33 0 283 31 11 11 21 18 18 16 11 22 30 92 7 66 62 45 26 2 0 23 77 326 16 226 8 107 172 34 55 61 9005 187 41 34 57 41 77 21 11 32 59 10 3 155 3707 248 68 301 10 47 85 3012 2176 12997 36 80 14 229 1294 26 1 65 19 9826 175 48 10 31 9 15 1906 1155 121 766 460 112 181 348 243 4 6 4 27 0 0 0 0 0 0 0 2 1 0 3 1 0 0 5 0 0 0 2 10 19 21 3 2 1 1 1 1 0 0 1 0 0 4 0 4 0 0 12 19 1 0 0 4 1 18 17 2 16 54 1 185 296 15 4 106 71 56 113 426 1 2 0 2 3 0 7 6 5 18 1 2 1 0 20 18 190 788 144 12 3 8 7 1 19 13 1033 208 1196 0 1 250 101 1 4 0 1 0 0 0
26 43 81 64 474 722 47 41 296 1053 1139 5081 178 28 12 64 24 117 383 44 417 394 193 23 164 18 30 13 200 38 180 1367 6339 682 14 4 62 425 12 91 435 1 36 540 253 439 350 12 16 98 19 16 236 227 98 117 65 743 32 7 91 21 24 29 20 27 79 481 34 14 36 13092 4721 632 1668 34 7080 269 12063 18 40 77 308 60 561 65 80 52 40 79 240 52 19 7 30 994 8329 578 72 54 42 127 184 92 79 420 47 225 179 104 625 638 0 0 9 0 34 7 25 26 238 68 69 35 11 6 8 0 0 2 62 0 130 837 0 367 0 1 725 436 0 2 1 13 75 1 8 11 181 42 10 0 5 3 0 8 5 2 1 0 38 54 17 60 29 2 3 2 0 9 92 23 4 5 2 5 2 0 19 2 954 779 348 4 2 881 6 1 10 6 78 7 2 12 526 113 43 1 0 4
0 1 6 3 102 106 0 2 15 6 5 68 544 31 42 173 129 436 1728 220 110 119 139 28 81 27 29 29 30 2 44 676 3282 1118 29 2 89 2698 20 279 143 3 64 3381 321 1861 307 36 9 98 6 10 22 38 8 24 28 520 55 19 238 26 52 28 27 44 32 291 61 24 80 4721 12975 552 815 75 773 243 8542 10 62 73 77 13 135 16 38 78 87 86 702 16 9 13 57 439 101 11 26 15 6 12 15 9 22 38 4 129 7 6 36 97 1 0 23 1 82 3 72 77 696 193 199 52 11 8 4 0 0 1 8 0 28 416 1 286 0 3 1485 1200 5 3 3 7 66 1 16 13 481 88 17 3 9 1 0 12 0 1 3 3 6 16 3 12 17 12 6 3 0 19 37 4 8 17 6 8 2 1 28 4 393 836 375 3 8 509 8 3 11 4 31 20 3 3 101 17 31 0 1 1
5 4 11 6 34 61 6 4 130 37 12 110 1213 5 6 26 26 45 1517 47 31 43 6 2 20 1 4 4 14 4 26 50 187 101 3 0 29 276 1 24 34 0 14 1408 296 204 59 3 1 651 97 303 40 26 33 19 13 55 3 2 18 7 4 1 5 862 8 129 4 9 14 632 552 2719 224 3 4149 271 2843 267 121 954 69 12 67 8 31 353 56 222 153 9 12 4 6 73 2140 107 12 10 4 4 4 4 8 23 5 65 10 6 25 34 0 0 14 0 1 1 7 14 107 72 41 8 0 2 0 0 0 1 2 0 6 133 0 47 0 0 144 94 0 1 2 3 14 0 5 6 99 18 5 2 7 1 1 9 20 5 13 12 2 6 0 2 4 2 1 0 1 18 8 0 0 0 2 2 3 12 15 1 149 207 594 1 0 275 11 9 11 0 3 11 2 1 60 10 4 0 0 0
