31385 10753 7403 5176 1340 1744 12739 14848 6 1638 75 736 0 8 15 0 6 6 1 9 30 38 2 3 18 0 6 14 4810 10805 248 206 80 31 1 3 15 27 14 3 705 2 6 2 1 4 9 5 18 3 33 55 1025 1251 709 200 43 25 10 3 4 7 15 8 8 0 154 9 13 19 2 40 18 5 67 1 6 1 30 2 115 6 2137 1774 685 105 3 33 15 2 6 134 43 31 21 131 14 1386 15 7 4 2 47 22 1 40 1 5 1 23 36 23 0 0 1 0 0 0 0 2 0 0 0 2 0 0 0 0 0 0 0 0 12 14 0 4 0 0 0 1 1 0 2 1 3 0 0 0 1 1 1 3 1 1 0 0 0 0 2 2 1 6 0 4 5 0 0 0 0 0 4 0 2 0 1 4 0 0 0 0 37 15 6 0 0 15 0 0 1 0 5 2 0 5 18 2 3 1 0 0
10753 17090 2705 12923 1662 1429 213 111 4 154 17 128 0 0 3 1 1 1 2 3 24 6 0 3 8 0 2 2 206 2691 54 35 12 3 0 0 2 2 2 1 365 3 6 1 0 1 7 1 7 0 16 13 151 277 116 83 12 7 1 0 0 4 2 9 8 0 125 6 3 3 3 16 3 0 19 0 8 0 18 1 39 2 524 603 364 52 1 9 7 0 3 58 21 10 12 13 13 64 6 1 8 2 88 43 7 92 0 8 6 38 82 63 0 0 0 0 0 0 0 0 0 0 0 0 3 1 1 0 0 0 0 1 18 23 0 5 0 0 1 0 0 0 0 6 7 0 1 0 0 1 0 0 0 0 0 0 0 0 0 0 3 8 0 5 6 0 0 0 0 0 9 4 0 2 0 0 0 0 0 0 70 19 1 0 0 21 0 0 0 1 17 0 0 2 36 7 5 0 0 0
7403 2705 12177 10433 209 3179 1316 4217 88 3597 677 18742 0 1 5 1 3 1 3 4 71 43 4 5 20 2 4 10 470 672 72 130 43 16 1 0 8 10 5 1 779 8 7 1 2 1 14 7 19 2 47 36 505 747 385 220 33 13 0 1 3 4 8 5 11 0 193 24 9 16 5 104 13 9 32 0 27 0 57 5 91 1 1759 1482 809 140 1 32 20 1 6 134 59 28 14 31 98 464 14 6 66 26 906 379 29 634 22 58 91 276 620 553 1 1 0 3 0 0 1 1 0 0 2 7 0 2 3 0 0 0 15 5 130 154 0 24 0 0 1 1 3 4 1 31 50 0 0 0 0 1 3 2 0 5 0 1 0 4 0 1 18 64 1 18 20 0 1 0 0 0 38 17 4 0 0 0 0 0 1 0 401 77 4 2 0 114 3 1 5 2 67 1 4 13 323 32 25 1 0 0
5176 12923 10433 22589 10120 11444 221 116 15 175 168 1783 0 2 17 1 5 3 4 9 96 39 3 1 11 0 10 10 402 6997 1209 198 55 16 1 0 12 22 11 0 500 1 7 0 0 3 9 6 8 2 18 12 171 372 132 137 116 15 5 3 2 6 16 21 18 0 227 11 17 6 3 86 18 3 63 1 15 0 35 2 42 1 631 780 623 118 8 8 10 1 1 58 18 13 12 65 60 89 15 9 35 7 269 180 17 348 10 22 37 132 305 292 0 0 1 0 1 1 0 2 0 1 1 6 2 1 5 0 0 0 11 2 72 110 0 10 0 0 2 2 1 0 2 12 21 0 0 0 0 2 0 0 0 0 1 1 0 1 2 0 12 40 1 18 12 0 0 2 0 0 21 8 2 1 0 1 1 0 2 0 226 45 3 0 0 67 3 0 2 0 44 1 0 12 173 13 18 1 0 0
1340 1662 209 10120 13543 4050 530 51 4 46 140 687 0 26 84 11 73 21 9 62 103 90 25 5 23 1 26 59 3044 8053 14498 3859 1071 393 16 18 121 199 52 18 357 11 20 1 1 6 15 10 7 0 16 14 444 790 263 97 2541 486 9 30 23 22 45 37 50 1 404 25 51 20 9 470 164 6 417 7 5 0 242 1 26 3 837 882 477 86 12 10 8 0 14 39 14 17 16 3625 19 350 24 51 0 2 22 16 0 30 2 0 0 16 18 28 0 1 3 1 0 0 0 7 1 4 0 3 3 0 4 1 0 1 0 0 11 27 0 4 0 1 3 4 4 2 5 1 2 0 1 0 1 4 4 0 1 0 0 0 0 0 0 0 2 2 0 3 3 1 2 3 0 1 3 0 2 2 0 3 0 0 9 1 29 8 5 0 2 12 0 0 1 0 4 1 2 1 8 1 3 0 0 0
1744 1429 3179 11444 4050 18579 252 106 37 333 862 11436 1 25 84 2 59 20 7 58 215 132 27 2 37 1 22 46 575 2890 1476 8497 1104 236 8 8 112 164 56 9 570 6 18 3 2 7 20 10 14 3 21 16 219 410 186 163 229 515 8 12 12 19 39 29 50 0 276 26 62 12 4 608 124 9 412 1 38 1 363 1 53 3 780 846 761 154 6 10 9 1 15 54 24 19 23 1231 196 146 21 31 50 17 402 261 26 412 12 30 43 160 412 334 0 0 3 0 1 2 1 6 0 6 1 8 1 1 2 0 0 0 15 2 92 154 0 21 1 1 8 3 8 5 9 22 32 2 1 0 2 12 5 0 1 4 0 0 3 5 0 0 10 63 1 16 24 1 3 3 0 3 25 9 3 2 1 8 2 0 7 0 320 75 6 0 0 85 0 0 0 2 44 0 2 13 236 15 21 0 1 2
12739 213 1316 221 530 252 7145 8989 360 5502 342 631 0 5 18 1 9 0 2 6 15 13 3 1 4 1 4 9 4433 3022 153 142 73 24 1 2 13 10 8 0 45 1 3 0 0 1 5 0 4 0 5 6 1036 677 647 21 16 28 3 2 0 7 7 8 9 0 16 3 10 6 0 54 14 1 27 1 28 1 32 0 20 1 550 227 55 8 1 6 4 0 1 27 10 6 2 104 142 4319 3 2 3 3 28 21 1 39 2 4 3 16 37 20 0 0 0 0 0 0 0 2 0 0 0 0 0 1 1 0 0 0 2 2 2 7 0 3 0 0 0 1 2 1 1 0 0 1 0 0 0 3 2 3 0 0 0 0 1 2 0 0 1 4 0 3 2 0 0 1 0 0 1 1 0 0 1 1 1 0 1 2 11 6 0 0 0 4 0 1 1 0 0 0 0 3 16 3 2 0 0 0
14848 111 4217 116 51 106 8989 11958 1055 17207 221 920 0 2 1 1 1 2 0 2 3 6 1 1 5 0 1 2 465 396 15 15 9 4 0 2 3 3 0 1 231 1 5 0 0 0 4 0 9 0 10 22 828 633 573 77 4 6 0 0 1 1 0 1 2 0 26 6 2 9 2 22 3 3 11 1 6 0 6 4 50 1 1204 695 160 26 0 10 7 1 3 60 31 24 11 9 47 1310 3 0 4 1 48 20 0 36 2 5 3 14 40 36 0 0 0 0 0 0 1 0 0 0 0 1 0 0 0 0 0 0 2 0 3 12 0 0 0 0 1 1 0 0 0 1 1 0 0 0 0 0 1 2 0 0 0 1 0 1 0 1 3 1 0 1 1 0 0 0 0 0 1 1 0 0 0 0 1 0 1 0 18 6 2 0 0 8 1 0 2 0 3 1 1 2 16 1 1 0 1 0
6 4 88 15 4 37 360 1055 484 2619 433 189 3 0 0 1 0 1 0 0 8 9 5 0 2 0 0 0 12 3 2 62 25 1 0 0 0 1 0 0 8 1 2 9 19 8 4 0 0 27 2 13 110 14 28 0 1 1 0 0 0 0 0 0 0 16 0 0 1 1 0 245 5 74 0 0 1118 27 107 11 7 19 24 12 12 2 0 33 14 13 2 2 4 1 2 2 2541 804 2 0 3 0 12 6 0 6 0 1 1 6 15 10 0 0 0 0 0 0 0 0 0 0 0 2 0 0 0 0 0 0 0 0 2 8 0 3 0 0 0 0 0 1 0 1 3 0 0 0 0 2 1 0 1 0 0 0 1 0 1 0 0 5 0 0 0 0 1 1 0 0 0 0 0 0 1 1 0 0 2 1 8 5 1 0 0 6 0 0 0 2 1 1 3 0 8 0 2 0 0 0
1638 154 3597 175 46 333 5502 17207 2619 25133 16399 16020 0 1 4 0 5 2 1 1 5 8 3 0 9 0 6 1 408 103 37 169 100 5 0 0 3 5 0 2 215 2 1 3 0 1 5 3 12 2 16 29 870 578 535 80 10 9 0 0 2 1 3 3 6 1 18 5 3 9 2 342 8 10 12 0 131 0 120 2 43 8 1135 617 182 25 3 18 10 0 1 78 32 14 16 18 1056 1818 6 0 25 13 351 228 15 398 15 38 54 194 352 255 0 0 0 0 0 0 0 2 0 0 0 6 3 1 4 0 0 0 10 0 67 78 0 17 0 2 5 1 2 2 0 10 25 1 1 0 0 1 4 2 2 2 0 1 1 5 0 1 12 57 0 16 15 0 0 0 0 0 19 8 6 0 1 1 9 4 1 0 220 38 3 1 1 51 5 1 14 2 35 1 10 8 181 27 16 0 0 1
75 17 677 168 140 862 342 221 433 16399 8543 6143 0 2 11 0 3 0 0 8 45 41 1 0 3 0 1 6 60 98 39 1016 390 15 1 2 8 22 4 3 112 2 2 2 0 0 2 1 3 0 4 9 131 122 112 44 4 9 1 1 1 6 0 0 2 0 25 5 5 4 0 589 9 4 13 0 104 0 380 0 15 1 312 229 138 30 1 3 1 0 3 16 5 8 1 39 1690 375 6 0 81 27 528 392 32 719 17 57 76 318 667 558 0 1 0 0 1 1 1 4 0 1 0 9 1 1 3 0 0 0 22 1 121 165 1 17 0 0 1 2 6 1 2 18 43 0 0 0 0 1 2 0 0 5 0 1 3 3 1 2 20 71 0 31 16 0 0 0 0 0 27 20 4 1 0 1 3 1 1 0 442 80 3 0 0 111 0 0 3 2 65 2 3 22 340 38 22 0 1 1
736 128 18742 1783 687 11436 631 920 189 16020 6143 20730 1 7 31 0 12 14 7 14 173 132 27 3 48 3 12 17 315 690 209 1784 1679 140 5 5 41 64 16 6 575 7 12 6 0 3 20 3 10 1 16 33 386 408 344 154 33 109 1 5 6 6 16 13 30 1 121 13 24 9 4 808 141 12 133 9 80 1 400 1 56 2 1127 964 576 120 2 17 4 1 8 75 26 26 18 263 1195 448 18 11 106 44 904 542 47 975 38 82 105 443 920 790 1 0 1 0 3 0 1 6 1 3 2 19 3 5 6 0 0 0 29 1 214 323 1 65 0 2 9 9 2 7 4 54 79 0 1 0 6 2 8 0 1 9 0 2 5 11 1 2 37 131 2 46 48 2 2 2 1 0 61 29 16 2 2 6 0 0 5 1 810 176 13 2 2 252 3 1 5 5 151 2 4 39 569 57 43 1 1 8
0 0 0 0 0 1 0 0 3 0 0 1 6170 0 0 3 77 80 4605 62 1 4 4 0 0 0 1 2 2 0 0 0 6 0 0 0 16 687 4 4 12 5 27 6668 4452 4776 2 13 3 283 2 15 3 1 0 1 0 3 0 0 8 18 33 8 9 2468 0 0 15 15 3 60 109 988 0 7 148 401 202 14 23 52 4 3 1 0 0 66 140 214 287 9 1 7 50 1 48 5 0 0 0 1 0 0 3 0 0 0 0 0 0 1 1 5 229 2 1 50 0 341 10 400 14 0 1 3 1 0 1 19 4 3 0 3 1 10 0 0 21 19 118 1 103 4 1 47 18 14 35 782 0 26 36 3 8 14 0 3 1 3 1 6 0 1 6 0 112 100 42 143 3 8 2 0 59 420 4 8 293 29 2 3 129 2 70 2 7 13 31 0 0 81 51 4 1 0 0 0 0 1
8 0 1 2 26 25 5 2 0 1 2 7 0 6490 9498 104 860 9 16 120 8 10 228 454 11 10 3574 1429 104 18 63 8 22 86 2094 5518 235 30 24 601 160 47 249 2 0 0 183 5 3 0 0 0 20 43 13 8 23 175 464 252 5 7 23 172 62 0 62 197 16 1 1 4 3 20 241 0 0 0 3 0 3 0 54 82 23 15 0 0 1 0 4 5 0 1 16 122 1 5 7 7 0 0 0 0 0 0 0 0 0 0 0 0 12 14 1 16 4 29 2 1 31 100 98 2 1 3 14 7 1 9 0 0 0 10 1 10 15 18 14 61 3 28 3 1 2 8 0 0 14 2 11 1 0 0 1 0 0 0 0 0 0 2 0 0 0 14 1 2 0 0 4 1 0 5 1 3 0 0 2 0 0 8 8 1 0 3 0 0 0 1 0 0 3 0 0 0 3 0 0 1
15 3 5 17 84 84 18 1 0 4 11 31 0 9498 21835 3084 1644 109 52 998 40 39 1013 500 28 52 3271 4013 200 73 149 42 36 79 1460 476 256 40 732 834 1124 188 478 3 0 11 212 19 41 0 12 0 48 96 24 19 53 238 262 145 51 63 123 335 348 1 76 261 268 18 13 13 10 55 428 3 2 0 5 0 24 2 113 144 48 12 6 3 8 0 13 99 5 23 115 299 0 13 12 8 0 0 0 0 2 0 0 1 1 1 1 0 48 39 8 53 9 41 22 22 91 248 180 24 14 18 62 5 10 29 2 0 2 14 5 46 87 47 94 141 20 186 17 2 12 10 1 0 59 22 53 4 5 1 2 1 0 0 0 1 3 13 0 0 1 57 8 23 3 1 15 8 2 48 5 14 0 2 6 4 5 39 17 4 4 14 0 0 1 7 5 5 10 0 3 0 12 3 1 6
0 1 1 1 11 2 1 1 1 0 0 0 3 104 3084 6942 1421 2574 3101 2841 3 27 445 686 15 15 2734 7311 24 4 8 4 33 23 145 11 173 90 1635 148 458 268 730 3 0 30 16 18 103 6 30 3 2 12 7 5 10 9 13 7 192 73 171 350 276 6 15 11 198 40 23 9 9 44 24 22 1 5 3 0 25 0 14 19 3 3 1 9 19 2 40 258 5 70 203 21 2 1 1 5 1 0 0 2 2 0 0 0 0 0 0 0 47 105 121 50 5 149 16 259 60 1709 67 5 5 10 30 22 9 607 0 1 2 10 0 19 75 21 35 73 253 112 317 2 4 35 6 15 191 63 17 16 16 2 0 1 0 0 0 1 0 2 0 2 5 28 16 125 26 8 1 6 1 7 17 80 2 3 29 1 6 9 89 1 6 11 0 1 7 2 0 10 18 1 8 0 3 0 0 1
6 1 3 5 73 59 9 1 0 5 3 12 77 860 1644 1421 428 626 2078 1291 23 62 396 157 41 74 282 185 35 33 43 32 28 30 225 139 113 423 165 415 205 60 179 171 13 126 121 4 23 11 2 2 12 17 4 2 9 88 68 37 18 17 44 88 70 28 11 100 35 5 7 25 26 174 135 12 1 54 15 2 4 5 17 24 20 12 0 15 8 5 59 30 3 7 48 71 2 6 15 3 1 3 1 2 2 1 0 3 0 0 1 6 40 31 24 58 12 16 29 33 88 153 77 46 35 15 111 7 10 32 3 5 7 35 2 77 92 71 155 159 17 253 30 3 21 21 1 1 135 39 148 8 9 1 1 1 0 0 0 0 10 18 0 2 11 104 11 22 7 5 36 22 2 95 9 36 1 3 16 2 10 113 69 8 9 44 1 0 3 17 9 12 8 5 5 1 31 8 7 20
6 1 1 3 21 20 0 2 1 2 0 14 80 9 109 2574 626 12158 3597 1112 17 53 273 572 21 8 683 2744 11 13 6 20 165 32 14 5 422 1347 5958 37 544 537 1759 127 20 1567 48 72 125 21 42 12 8 7 14 6 7 40 15 7 2940 152 300 2854 1191 326 20 17 500 79 35 72 144 43 41 226 3 3 55 3 58 21 34 25 8 10 2 58 108 9 712 468 27 109 311 40 4 2 13 4 0 2 0 2 5 4 0 2 0 0 4 2 5 23 1014 7 3 55 5 716 31 952 32 0 3 8 7 51 3 174 10 9 3 19 4 38 1 4 52 81 470 17 1128 11 13 136 46 102 133 1382 4 68 78 9 18 12 2 3 1 14 4 8 0 4 16 11 225 755 178 210 6 27 7 11 70 930 17 35 182 22 5 36 54 13 58 13 24 3 72 1 8 86 123 18 4 1 2 2 2 4
1 2 3 4 9 7 2 0 0 1 0 7 4605 16 52 3101 2078 3597 48458 9255 5 36 233 650 28 51 1077 496 8 4 5 7 82 8 69 7 264 3277 224 224 312 307 1089 7090 114 3329 31 43 108 66 29 6 4 4 4 7 1 10 6 1 168 99 255 1390 622 984 18 6 151 65 35 54 1130 4558 13 152 9 834 29 9 49 27 16 21 7 4 0 52 130 35 562 342 14 70 296 22 18 0 2 1 1 7 1 4 9 0 0 5 0 0 5 8 244 504 2116 293 39 1310 55 3165 588 11378 1001 22 14 52 200 173 69 1645 13 6 9 84 17 198 297 114 367 740 1874 531 2498 8 33 225 67 254 1005 2074 79 98 106 6 17 20 3 13 1 23 1 21 1 6 36 142 254 1299 270 410 20 27 13 48 103 1187 12 34 276 28 17 137 1578 15 60 52 24 10 77 13 8 91 145 15 14 1 15 5 6 10
9 3 4 9 62 58 6 2 0 1 8 14 62 120 998 2841 1291 1112 9255 1189 18 60 653 491 43 160 680 133 42 45 28 32 84 25 247 15 548 522 184 692 387 217 421 478 5 89 94 5 76 11 6 1 8 8 5 2 15 57 33 24 37 30 55 170 47 8 26 41 35 12 7 28 93 281 102 14 6 133 14 1 8 1 27 21 14 8 1 12 16 3 65 108 5 27 119 82 0 4 8 5 1 4 2 0 1 1 0 4 2 0 0 7 169 118 17 235 26 65 64 46 214 744 195 52 42 41 234 21 42 82 3 1 6 41 11 99 259 140 204 313 31 736 27 5 34 60 6 7 348 33 195 16 2 2 4 0 0 1 0 4 6 23 1 3 5 228 10 67 11 6 37 30 8 113 7 27 2 4 15 3 15 115 113 19 9 57 1 0 4 25 15 12 31 5 11 1 49 14 11 25
30 24 71 96 103 215 15 3 8 5 45 173 1 8 40 3 23 17 5 18 8924 10151 3229 18 238 11 27 28 34 50 51 151 426 308 13 12 85 225 32 30 769 15 47 16 1 7 103 8 8 3 2 0 10 15 21 1571 22 244 36 106 15 21 85 33 33 2 18 95 29 19 2 359 240 105 334 3 33 0 242 0 8 2 115 23 5047 204 14 3 5 1 13 12 2 7 38 330 55 14 119 7 2 6 4 21 3 13 1 0 0 1 16 17 2 2 2 2 1 0 2 5 1 2 6 14 10 3 12 1 0 0 2 1 4 42 1 48 2 5 43 31 2 22 3 12 25 3 0 0 10 5 16 4 2 0 0 0 1 4 0 0 14 23 1 4 7 4 3 2 1 0 13 3 3 10 2 3 2 2 2 0 47 104 35 5 1 65 2 1 1 0 22 3 3 7 20 3 22 2 2 8
38 6 43 39 90 132 13 6 9 8 41 132 4 10 39 27 62 53 36 60 10151 29961 7162 1001 5207 1221 587 44 51 55 39 168 792 666 36 20 168 450 47 3248 583 274 1155 64 1 9 223 13 98 12 19 12 30 136 51 473 22 458 69 248 24 72 295 402 37 6 325 129 29 70 6 563 461 297 470 23 52 1 423 0 38 4 797 1013 7948 4884 15 19 45 2 54 226 28 112 497 310 90 24 1916 19 7 5 11 3 2 9 2 0 2 3 11 15 7 0 3 8 7 3 11 10 17 19 24 40 29 7 36 1 2 3 6 0 14 67 3 101 10 13 107 96 10 70 9 8 31 4 2 1 49 15 61 13 7 3 1 4 1 5 1 2 11 35 1 11 12 26 4 4 5 1 26 11 7 44 10 19 3 0 8 3 62 156 81 4 6 98 1 1 13 11 45 16 15 8 20 0 41 5 4 11
2 0 4 3 25 27 3 1 5 3 1 27 4 228 1013 445 396 273 233 653 3229 7162 11493 4502 269 4707 546 282 23 13 16 37 628 819 59 189 1005 1047 273 1933 4545 3248 772 74 4 32 171 11 173 8 14 2 14 18 20 45 16 142 65 299 80 42 52 92 94 2 40 79 86 23 6 279 486 176 125 10 23 6 187 0 12 2 46 76 298 72 5 8 23 0 38 192 4 35 118 93 26 10 28 8 1 2 1 8 4 4 2 0 1 3 5 5 26 14 13 13 14 27 20 21 37 104 71 32 27 11 48 5 4 11 4 2 8 36 4 72 33 33 113 97 27 116 31 5 24 16 2 1 58 26 71 3 9 0 1 2 0 2 1 2 9 23 2 3 11 47 2 25 2 1 25 14 5 70 4 22 1 5 15 1 27 107 54 4 6 71 0 0 9 16 21 17 15 2 6 0 18 5 5 15
3 3 5 1 5 2 1 1 0 0 0 3 0 454 500 686 157 572 650 491 18 1001 4502 13207 392 4129 5516 276 55 12 12 1 43 59 2008 180 149 235 121 4772 878 6686 4367 55 0 156 700 5 254 3 5 3 16 127 17 8 68 33 127 42 87 11 10 151 79 15 357 54 26 8 0 21 30 70 44 12 3 0 17 0 10 0 78 346 63 147 7 3 16 0 43 215 9 36 116 13 1 0 133 68 0 0 0 0 1 0 0 0 0 0 0 0 17 12 11 19 7 28 11 41 35 141 86 5 3 6 15 7 1 14 1 0 1 13 0 18 13 15 34 75 26 35 26 0 7 8 0 3 21 25 12 5 4 0 0 0 0 0 0 2 1 2 0 0 1 10 2 23 6 3 3 0 0 11 4 24 0 0 6 1 3 24 17 1 2 3 0 0 7 1 2 7 8 1 0 0 1 0 0 1
18 8 20 11 23 37 4 5 2 9 3 48 0 11 28 15 41 21 28 43 238 5207 269 392 6616 284 339 41 68 29 19 23 242 206 32 16 87 219 24 5600 211 126 756 43 1 9 7009 5 41 6 5 12 99 388 167 123 140 337 27 88 15 66 274 577 54 2 1276 2611 27 40 5 202 147 159 500 11 10 2 162 0 23 1 844 1932 2829 4146 1296 13 17 1 21 77 21 50 278 81 17 4 8086 482 0 1 3 3 2 2 1 0 0 0 1 2 3 0 2 2 5 0 5 10 10 25 25 10 1 2 17 0 1 1 0 0 4 22 0 38 4 5 44 53 7 13 5 1 9 5 1 0 12 8 7 4 0 0 0 1 0 1 1 1 6 4 0 4 1 7 1 2 2 0 7 1 1 10 0 4 0 2 5 1 12 46 39 1 3 14 0 0 2 1 16 9 4 1 2 0 11 2 0 2
0 0 2 0 1 1 1 0 0 0 0 3 0 10 52 15 74 8 51 160 11 1221 4707 4129 284 5906 1107 2 3 0 0 1 11 12 102 4 55 167 5 2360 295 86 82 55 1 1 16 0 14 0 1 0 2 9 1 1 1 0 1 3 2 5 7 2 4 2 19 2 2 0 0 12 31 97 2 1 2 1 12 0 0 2 12 36 8 13 0 1 2 0 3 10 2 5 15 0 0 0 6 1 0 0 1 0 0 0 0 0 0 1 0 0 13 3 0 12 6 11 10 2 27 27 64 6 2 9 18 1 1 4 0 0 0 3 1 15 10 10 33 63 1 39 1 0 6 0 0 0 24 2 13 0 1 0 0 0 1 0 0 1 1 3 0 1 1 10 0 4 0 0 0 2 0 8 1 3 0 0 0 1 4 20 16 1 0 7 0 0 0 0 2 2 4 0 0 0 6 0 0 0
6 2 4 10 26 22 4 1 0 6 1 12 1 3574 3271 2734 282 683 1077 680 27 587 546 5516 339 1107 24798 8534 274 67 121 7 68 122 9770 793 306 162 230 5487 192 274 1449 11 0 41 537 5 26 1 0 2 58 364 32 20 285 134 389 170 17 10 80 1759 1363 9 925 169 28 5 5 20 22 112 218 5 0 0 16 0 8 4 168 677 119 286 11 2 10 2 13 33 6 16 50 63 2 3 243 170 0 1 0 0 1 0 0 0 0 0 0 0 64 104 71 72 12 322 28 463 151 1580 386 9 2 11 52 20 19 165 0 0 1 22 0 39 123 37 61 192 222 168 227 0 2 33 1 0 93 107 24 7 5 0 2 1 0 0 0 0 2 4 0 1 4 28 9 82 15 7 6 3 1 16 5 52 0 2 10 1 3 13 71 1 3 5 0 1 0 4 3 5 14 0 1 0 3 1 2 1
14 2 10 10 59 46 9 2 0 1 6 17 2 1429 4013 7311 185 2744 496 133 28 44 282 276 41 2 8534 10555 349 70 186 15 34 140 454 708 261 79 6366 120 260 72 149 12 1 112 200 28 19 2 5 2 71 209 39 11 136 232 386 215 693 76 205 789 4166 31 326 301 573 19 15 13 22 82 430 9 1 0 7 0 25 4 144 254 65 47 5 14 13 3 26 41 2 9 37 187 0 12 42 38 0 5 1 0 4 2 0 0 0 0 0 0 25 79 305 38 7 278 19 1161 84 1718 181 6 3 10 29 30 9 277 4 4 4 17 2 54 53 23 69 147 867 89 1022 3 14 56 8 23 92 745 11 18 33 1 4 3 0 1 0 7 0 6 0 1 18 20 86 492 99 41 1 15 1 10 18 420 6 15 53 7 6 23 71 5 10 5 6 2 15 2 4 16 48 12 3 0 2 2 0 1
4810 206 470 402 3044 575 4433 465 12 408 60 315 2 104 200 24 35 11 8 42 34 51 23 55 68 3 274 349 36413 9665 5424 335 256 141 78 49 107 72 58 47 128 16 130 2 1 31 66 28 8 4 10 21 5817 12536 1728 52 4379 187 9 32 26 155 620 441 487 7 8436 106 304 43 18 140 49 10 1115 10 9 0 68 3 42 3 3578 2225 158 82 236 5 12 1 32 76 23 17 162 1481 18 5505 101 304 1 3 15 12 3 23 2 0 5 7 14 15 0 1 4 0 0 0 0 11 0 5 0 4 1 2 2 0 0 5 2 0 6 18 0 4 0 0 3 6 4 0 5 4 8 1 2 0 4 23 3 1 4 1 1 1 1 1 0 0 5 8 0 2 5 0 7 7 3 3 7 2 5 2 4 30 0 1 11 1 24 21 5 0 3 25 2 2 1 0 8 8 3 3 11 1 6 1 2 4
10805 2691 672 6997 8053 2890 3022 396 3 103 98 690 0 18 73 4 33 13 4 45 50 55 13 12 29 0 67 70 9665 16616 4196 624 234 102 26 8 72 79 39 15 426 8 38 0 0 4 24 11 12 1 25 23 786 1177 469 133 6484 93 10 6 11 27 102 119 131 1 996 49 84 24 7 88 41 5 451 6 3 0 55 1 49 1 1355 1306 485 101 59 11 15 1 9 82 27 25 41 660 12 871 30 204 0 1 18 13 2 25 1 1 4 6 12 17 0 0 0 0 0 0 0 6 1 3 1 1 0 1 0 0 0 1 1 2 10 15 0 12 0 0 2 2 1 2 4 3 4 0 0 0 1 9 1 1 2 0 0 0 0 0 1 0 3 5 0 1 2 1 1 3 1 0 1 2 2 2 0 6 0 0 8 0 18 14 1 0 0 12 1 2 2 3 4 5 4 0 20 3 1 0 0 1
248 54 72 1209 14498 1476 153 15 2 37 39 209 0 63 149 8 43 6 5 28 51 39 16 12 19 0 121 186 5424 4196 11011 510 230 140 41 34 81 75 51 17 239 2 37 2 2 10 32 12 10 1 10 10 550 1121 264 59 18578 131 14 15 16 65 198 141 259 4 1684 52 138 22 7 122 54 4 915 3 4 0 71 1 35 2 793 1155 357 103 109 12 9 0 10 46 6 16 42 2146 5 280 177 1785 0 1 2 3 1 0 0 1 0 2 6 5 0 1 1 1 0 1 0 9 0 3 0 1 0 0 1 0 0 1 0 0 2 3 0 0 0 0 3 4 1 0 4 4 4 3 1 0 0 8 1 3 0 0 1 0 0 0 0 0 1 1 0 0 0 0 4 3 1 2 0 1 0 1 3 12 0 1 6 0 4 9 1 0 1 7 1 0 3 0 1 1 2 2 3 0 1 0 1 0
206 35 130 198 3859 8497 142 15 62 169 1016 1784 0 8 42 4 32 20 7 32 151 168 37 1 23 1 7 15 335 624 510 6544 4216 737 2 10 83 133 35 3 232 6 5 2 0 3 15 5 7 0 7 10 171 163 192 56 67 2015 9 14 7 7 12 12 13 0 42 20 35 6 3 1144 185 9 1699 4 47 1 607 0 30 0 586 384 290 88 2 6 7 0 19 50 16 7 6 4132 437 150 18 3 27 9 177 143 20 238 6 18 21 92 243 209 1 0 0 1 1 0 3 5 2 3 3 17 6 2 4 0 0 0 11 2 73 117 0 21 1 0 8 8 6 4 6 19 22 2 1 1 2 5 1 2 0 1 0 0 4 3 0 2 16 68 1 16 23 0 0 1 0 1 16 13 9 2 1 6 1 1 5 2 274 78 0 2 1 93 1 1 2 1 51 0 5 13 169 12 27 2 1 4
80 12 43 55 1071 1104 73 9 25 100 390 1679 6 22 36 33 28 165 82 84 426 792 628 43 242 11 68 34 256 234 230 4216 9713 6092 72 44 286 525 138 259 266 24 64 17 3 18 782 9 17 0 14 13 208 139 217 78 82 2115 234 286 44 9 36 68 42 5 94 463 32 16 10 3820 2574 81 2863 24 28 2 912 0 24 4 603 431 494 140 16 11 13 1 52 51 10 9 19 2896 251 96 83 44 17 18 82 83 18 121 8 8 8 39 122 90 5 2 11 4 4 3 3 13 10 16 10 48 42 9 33 2 3 5 17 8 45 194 1 129 6 3 108 57 18 69 26 31 96 9 0 0 29 19 61 6 4 8 3 1 2 5 0 4 43 114 1 20 42 15 3 19 6 5 59 20 27 38 5 14 11 1 10 0 246 292 63 6 6 195 4 1 6 11 107 9 8 32 80 7 52 9 3 38
31 3 16 16 393 236 24 4 1 5 15 140 0 86 79 23 30 32 8 25 308 666 819 59 206 12 122 140 141 102 140 737 6092 10718 399 1005 886 373 96 208 172 12 58 2 0 4 794 6 4 1 5 8 117 100 125 48 63 3488 1512 10955 16 19 39 76 88 0 99 2008 28 7 1 767 266 27 2501 6 5 0 249 1 11 2 285 250 257 138 17 2 4 1 8 18 7 7 22 1523 4 39 94 46 1 8 10 5 3 9 4 2 2 0 16 9 2 1 4 1 3 3 4 7 1 11 12 21 23 5 15 0 1 3 8 1 10 60 2 74 5 4 56 33 2 29 12 16 30 0 1 1 10 7 28 4 3 2 1 1 0 4 0 0 11 51 1 5 19 8 0 5 2 0 23 7 11 23 1 6 5 1 5 0 47 120 18 2 0 67 3 0 5 6 48 2 7 8 7 1 31 2 1 14
1 0 1 1 16 8 1 0 0 0 1 5 0 2094 1460 145 225 14 69 247 13 36 59 2008 32 102 9770 454 78 26 41 2 72 399 6540 7696 880 145 45 3964 60 159 867 6 0 11 885 6 12 1 1 0 7 64 15 4 82 181 1067 648 5 15 60 390 153 3 125 192 50 7 0 12 19 53 171 2 0 0 5 0 1 0 45 70 18 35 7 0 7 1 2 8 3 7 47 41 0 5 38 30 1 0 0 0 1 0 0 0 0 0 1 1 33 20 1 38 16 51 10 18 61 226 135 9 6 11 33 3 7 10 2 1 1 9 0 29 56 37 44 104 8 102 4 1 8 17 0 0 46 10 29 3 3 1 2 0 0 0 0 3 3 9 0 0 2 28 1 8 1 0 5 5 0 12 2 11 1 0 6 0 6 22 32 0 5 8 0 1 1 1 7 3 5 3 1 0 9 0 1 1
3 0 0 0 18 8 2 2 0 0 2 5 0 5518 476 11 139 5 7 15 12 20 189 180 16 4 793 708 49 8 34 10 44 1005 7696 5277 4440 75 24 574 67 14 211 0 0 4 306 3 2 1 0 0 13 12 7 0 16 412 3107 2272 8 13 51 321 170 0 21 479 29 5 2 2 0 4 293 0 0 0 6 0 0 0 37 28 8 8 2 0 2 0 3 4 1 2 19 86 0 1 8 4 0 1 0 0 0 1 0 0 0 0 1 1 0 1 0 2 0 7 1 3 6 23 13 3 3 1 7 0 0 1 1 0 0 7 0 15 5 3 16 17 3 13 5 1 4 2 0 0 6 4 4 1 2 0 0 0 1 0 0 0 1 0 0 0 2 5 0 3 0 0 4 1 1 9 1 4 1 0 1 0 2 11 3 0 1 3 0 1 0 4 6 0 2 0 0 0 1 1 0 2
15 2 8 12 121 112 13 3 0 3 8 41 16 235 256 173 113 422 264 548 85 168 1005 149 87 55 306 261 107 72 81 83 286 886 880 4440 3102 2011 496 569 241 55 215 22 2 35 597 15 7 3 4 0 23 35 24 15 27 542 908 1501 86 29 60 173 139 10 38 625 78 11 7 45 47 53 580 29 6 12 29 0 10 1 69 47 38 25 2 4 12 4 63 33 6 5 28 283 3 15 14 16 2 4 2 3 0 2 1 1 1 1 2 5 13 9 12 17 13 4 11 47 23 62 25 36 23 7 28 3 2 14 0 4 11 31 1 69 28 21 129 74 37 121 48 5 18 9 6 4 65 45 91 9 3 2 0 1 2 2 0 2 6 20 0 1 7 33 8 20 5 8 17 9 5 103 6 28 2 0 24 4 12 113 35 11 4 40 0 1 8 13 18 7 7 2 3 0 36 4 7 23
27 2 10 22 199 164 10 3 1 5 22 64 687 30 40 90 423 1347 3277 522 225 450 1047 235 219 167 162 79 72 79 75 133 525 373 145 75 2011 5169 242 908 216 115 317 2597 91 984 1055 29 30 61 10 13 41 37 49 24 40 324 229 125 112 48 102 211 83 194 47 260 72 43 25 318 1061 1182 334 110 28 373 212 4 34 19 110 79 156 67 7 34 110 20 575 69 2 23 147 315 17 14 33 20 7 10 8 10 12 15 4 5 2 3 11 20 76 42 110 88 40 67 53 174 166 471 239 135 102 47 237 23 12 47 17 12 28 155 14 273 119 116 426 463 113 544 179 15 83 47 9 15 349 285 330 24 35 1 10 12 5 5 2 9 35 96 3 7 32 165 51 117 35 46 94 58 30 240 53 164 13 14 141 26 63 513 226 24 56 187 4 2 20 27 79 58 62 16 18 4 92 25 17 64
14 2 5 11 52 56 8 0 0 0 4 16 4 24 732 1635 165 5958 224 184 32 47 273 121 24 5 230 6366 58 39 51 35 138 96 45 24 496 242 8154 89 237 153 339 9 6 232 114 61 27 9 16 5 20 36 15 8 15 121 65 46 7464 110 149 429 1939 37 23 96 1169 50 44 39 52 18 148 98 2 0 28 1 58 5 42 45 23 16 2 29 30 4 315 136 10 31 122 132 0 11 9 3 1 7 1 0 2 2 0 0 0 0 3 4 2 27 382 7 5 71 4 886 25 883 37 4 8 6 9 44 4 205 11 3 6 30 6 47 2 6 77 62 726 25 1231 3 13 74 14 42 64 793 24 37 37 8 8 4 0 5 0 12 6 14 0 5 18 7 141 590 110 42 10 14 7 24 30 612 8 22 109 11 7 40 28 7 21 11 13 1 40 3 5 46 67 9 5 0 4 0 1 5
3 1 1 0 18 9 0 1 0 2 3 6 4 601 834 148 415 37 224 692 30 3248 1933 4772 5600 2360 5487 120 47 15 17 3 259 208 3964 574 569 908 89 7104 257 472 918 198 2 15 3384 6 53 4 5 1 22 210 20 7 59 77 196 107 26 32 62 189 65 2 519 85 54 16 9 96 233 513 74 3 11 6 80 0 12 2 95 510 76 247 8 4 10 0 21 37 2 16 91 29 7 3 194 93 1 2 4 1 2 2 0 0 0 1 1 6 106 47 7 100 35 99 72 16 217 323 419 46 19 47 141 13 19 34 2 1 10 80 6 140 154 113 238 446 23 367 9 2 30 29 0 0 145 25 98 6 12 1 2 1 3 2 1 0 10 21 0 1 3 129 3 34 6 4 24 11 2 73 7 23 2 1 13 1 16 134 116 12 4 35 0 2 3 7 17 6 12 4 2 0 44 5 4 15
705 365 779 500 357 570 45 231 8 215 112 575 12 160 1124 458 205 544 312 387 769 583 4545 878 211 295 192 260 128 426 239 232 266 172 60 67 241 216 237 257 8645 3141 868 41 41 280 181 175 1709 87 441 199 26 45 569 1702 104 197 45 55 355 165 248 140 198 39 73 162 253 184 95 211 129 58 547 205 47 4 146 12 464 87 2115 150 1258 129 59 467 675 43 519 3466 224 776 806 433 56 31 103 37 13 6 42 52 9 51 2 5 8 8 52 51 7 7 11 9 3 10 2 31 5 64 32 20 15 5 22 1 3 8 8 1 32 84 3 52 14 11 38 35 22 43 20 16 21 12 11 4 22 62 28 40 51 4 5 19 8 9 7 20 14 37 1 10 27 9 6 29 14 10 21 6 14 19 30 61 22 12 71 7 146 116 19 3 35 111 17 23 96 5 37 84 66 9 44 2 19 3 3 7
2 3 8 1 11 6 1 1 1 2 2 7 5 47 188 268 60 537 307 217 15 274 3248 6686 126 86 274 72 16 8 2 6 24 12 159 14 55 115 153 472 3141 6749 9130 46 22 447 169 22 1988 21 19 2 6 25 10 4 12 12 13 10 474 29 17 46 104 40 47 7 174 17 10 20 20 20 17 123 0 0 14 0 28 5 12 53 9 30 1 35 107 18 652 781 9 123 486 20 1 2 8 12 1 0 0 0 0 0 0 0 0 0 1 0 3 3 19 5 2 4 1 5 4 36 16 3 0 3 7 1 0 2 1 1 0 2 0 7 5 1 10 16 14 6 11 1 0 13 6 1 13 59 4 13 23 1 1 9 2 1 0 2 1 0 0 1 0 1 15 22 6 4 1 1 0 1 34 57 3 4 83 10 1 6 5 0 39 0 3 2 13 0 0 47 19 0 0 0 2 0 0 1
6 6 7 7 20 18 3 5 2 1 2 12 27 249 478 730 179 1759 1089 421 47 1155 772 4367 756 82 1449 149 130 38 37 5 64 58 867 211 215 317 339 918 868 9130 10253 161 117 2598 826 118 3042 124 21 10 66 339 41 28 220 64 218 51 1954 103 986 6291 326 149 970 78 1039 80 44 53 61 60 90 655 7 1 46 3 60 6 205 842 198 428 17 47 355 69 3388 744 12 153 1541 37 10 8 321 160 0 0 0 0 0 0 0 0 0 0 0 2 13 12 41 16 5 38 10 71 46 192 79 6 7 5 18 7 1 15 7 1 1 17 2 30 24 17 43 82 52 45 38 7 8 67 30 9 51 351 11 49 65 7 7 40 2 2 2 9 1 3 0 5 3 17 84 92 52 48 4 6 2 9 168 366 11 11 427 61 3 18 28 1 189 2 9 14 28 1 1 159 117 1 1 0 7 0 1 1
2 1 1 0 1 3 0 0 9 3 2 6 6668 2 3 3 171 127 7090 478 16 64 74 55 43 55 11 12 2 0 2 2 17 2 6 0 22 2597 9 198 41 46 161 11354 2342 2621 99 35 9 1326 22 258 8 2 7 1 0 2 6 1 19 46 94 38 21 789 8 3 31 30 17 630 1760 4381 5 81 1357 4246 6055 334 95 769 19 5 10 3 0 720 407 457 712 30 3 22 142 4 150 8 5 0 4 5 2 6 4 5 1 2 0 1 7 9 37 22 91 62 32 93 46 175 156 636 226 70 67 26 138 6 6 31 6 3 12 126 6 235 62 59 385 429 62 241 87 22 76 41 6 15 275 320 138 41 57 6 4 20 15 8 8 18 26 54 2 8 14 87 43 67 48 48 54 31 8 89 69 200 8 16 184 32 44 313 417 10 89 140 9 7 31 13 49 97 65 10 15 0 66 11 9 24
1 0 2 0 1 2 0 0 19 0 0 0 4452 0 0 0 13 20 114 5 1 1 4 0 1 1 0 1 1 0 2 0 3 0 0 0 2 91 6 2 41 22 117 2342 12603 2653 1 50 20 6243 3 35 3 1 1 2 1 0 0 0 23 90 95 10 7 3846 5 1 100 61 18 83 68 201 0 59 812 815 475 70 118 392 2 5 1 0 0 618 1252 3811 6421 47 1 25 193 0 250 13 0 0 0 1 1 0 0 2 0 0 0 0 1 3 1 1 49 0 0 3 2 33 4 24 7 0 0 0 2 4 0 2 8 0 0 4 2 6 1 1 13 10 12 7 22 4 5 97 40 18 51 638 0 104 221 5 13 97 1 4 1 34 0 6 0 0 7 0 150 127 103 88 2 9 3 2 291 585 15 45 1018 142 3 9 11 1 372 2 29 85 114 0 2 521 236 3 6 1 3 0 2 0
4 1 1 3 6 7 1 0 8 1 0 3 4776 0 11 30 126 1567 3329 89 7 9 32 156 9 1 41 112 31 4 10 3 18 4 11 4 35 984 232 15 280 447 2598 2621 2653 7202 13 96 103 245 16 24 5 20 4 5 7 9 3 4 647 176 246 3294 865 5072 52 2 715 118 58 82 149 299 8 234 162 75 173 12 144 98 12 35 22 12 1 233 313 277 5196 262 31 113 499 8 135 4 3 6 1 4 0 1 9 4 0 1 1 2 2 6 3 3 1210 5 3 17 1 749 45 597 43 4 3 8 8 29 2 18 37 17 2 38 7 68 0 0 112 98 293 15 500 25 11 399 198 134 341 5195 9 179 197 17 36 61 9 8 4 37 3 18 0 8 48 11 768 929 294 777 12 69 19 7 217 3318 31 77 1325 66 16 38 66 23 287 21 41 27 162 1 1 247 333 33 8 1 7 0 16 5
9 7 14 9 15 20 5 4 4 5 2 20 2 183 212 16 121 48 31 94 103 223 171 700 7009 16 537 200 66 24 32 15 782 794 885 306 597 1055 114 3384 181 169 826 99 1 13 10461 4 26 0 6 12 209 184 409 39 148 285 326 546 27 44 154 515 177 4 717 3671 75 13 3 306 611 380 316 12 23 4 216 1 28 2 762 478 151 384 2000 5 15 2 36 61 8 21 112 62 35 13 799 268 2 1 2 3 3 1 0 0 0 0 3 9 26 3 4 11 16 6 20 15 36 20 51 39 22 21 41 0 0 5 4 2 4 66 4 134 15 25 162 179 6 33 16 6 34 5 0 0 41 24 33 5 7 1 0 0 2 1 0 5 10 23 0 4 3 16 1 10 5 1 11 11 3 21 1 18 2 4 8 3 21 128 114 3 3 50 1 3 1 9 37 7 3 0 3 0 35 6 2 5
5 1 7 6 10 10 0 0 0 3 1 3 13 5 19 18 4 72 43 5 8 13 11 5 5 0 5 28 28 11 12 5 9 6 6 3 15 29 61 6 175 22 118 35 50 96 4 24668 66 359 11 36 11 22 4 7 12 9 5 4 1044 12364 3398 137 204 36 32 8 2160 1844 5857 9 5 11 24 9302 10 5 6 5 2333 132 24 56 26 10 0 903 3858 74 902 152 62 173 515 18 15 4 8 3 0 3 0 0 2 0 0 0 0 0 0 1 0 0 11 1 0 6 2 14 1 12 8 3 1 1 9 3 3 2 6 2 1 1 5 5 0 0 5 6 14 17 7 4 6 104 74 14 46 110 10 488 877 4 62 354 14 5 4 52 0 0 0 0 11 4 33 41 304 59 1 5 3 6 634 139 55 141 1010 85 1 6 4 6 809 5 62 152 432 2 1 1325 691 1 3 0 1 1 1 1
18 7 19 8 7 14 4 9 0 12 3 10 3 3 41 103 23 125 108 76 8 98 173 254 41 14 26 19 8 12 10 7 17 4 12 2 7 30 27 53 1709 1988 3042 9 20 103 26 66 8305 69 110 13 5 9 8 17 2 5 3 2 117 76 36 22 20 10 26 4 49 61 28 6 7 8 8 196 6 1 7 2 101 13 71 49 35 26 0 74 399 43 356 6797 65 2639 5406 7 5 1 13 3 0 0 0 1 0 1 0 0 0 0 1 0 1 1 2 1 0 3 0 9 3 15 6 0 0 3 3 2 1 3 3 0 2 4 0 5 1 0 4 5 7 3 4 1 2 9 3 2 5 18 4 61 100 1 2 25 2 0 2 9 0 1 0 0 1 2 2 2 32 5 1 1 0 1 46 31 11 18 93 12 1 4 2 1 40 2 8 18 60 0 1 130 79 1 4 0 1 0 1 0
3 0 2 2 0 3 0 0 27 2 0 1 283 0 0 6 11 21 66 11 3 12 8 3 6 0 1 2 4 1 1 0 0 1 1 1 3 61 9 4 87 21 124 1326 6243 245 0 359 69 10653 41 1128 7 3 5 4 2 1 2 2 56 593 403 18 14 2217 5 0 254 277 106 77 45 612 1 203 1055 763 380 1903 465 5700 21 5 4 7 0 4197 4060 9348 1418 114 22 99 625 0 393 18 4 2 3 0 2 3 0 2 0 1 0 2 0 0 0 1 10 1 2 3 1 12 2 16 3 0 0 0 12 2 1 2 3 3 0 5 1 3 0 2 7 4 12 4 1 5 6 65 72 9 21 87 6 400 454 7 28 371 61 32 46 76 2 4 0 1 3 1 26 28 117 40 2 5 0 0 222 85 82 154 702 45 4 10 6 0 273 7 113 776 629 0 0 1032 401 1 5 0 1 1 1 1
33 16 47 18 16 21 5 10 2 16 4 16 2 0 12 30 2 42 29 6 2 19 14 5 5 1 0 5 10 25 10 7 14 5 1 0 4 10 16 5 441 19 21 22 3 16 6 11 110 41 12131 14246 5 8 333 100 2 8 3 2 18 16 6 5 6 31 4 13 8 419 8 15 8 47 17 15 43 14 11 1211 4178 249 644 30 24 15 0 311 72 10 36 6600 9910 482 135 12 22 3 3 1 0 1 1 0 0 1 0 0 0 0 2 2 0 0 1 0 0 0 0 2 0 6 2 0 0 1 2 0 0 0 1 1 1 6 0 2 1 0 5 1 1 0 1 3 1 1 6 0 6 1 1 12 2 5 0 17 270 97 278 203 4 3 0 0 1 0 1 1 1 15 2 0 0 0 1 2 71 18 7 1 2 10 16 0 0 11 103 14 97 1 7 21 20 0 9 1 0 0 0 0
55 13 36 12 14 16 6 22 13 29 9 33 15 0 0 3 2 12 6 1 0 12 2 3 12 0 2 2 21 23 10 10 13 8 0 0 0 13 5 1 199 2 10 258 35 24 12 36 13 1128 14246 46962 2 4 528 82 4 7 1 3 13 39 10 4 11 460 4 15 18 401 27 52 14 415 25 13 415 237 107 15388 7083 1059 873 23 26 21 2 1292 171 30 47 940 6438 103 22 20 198 15 10 2 5 3 1 3 1 5 2 8 2 0 1 1 0 0 1 1 0 0 0 1 0 6 1 0 1 0 8 0 0 0 0 2 2 6 0 3 0 0 9 3 1 3 0 55 5 7 41 10 31 5 1 56 25 90 3 143 2626 1378 2699 1439 84 10 1 3 3 0 0 0 0 104 1 1 0 0 6 4 621 140 67 2 9 23 168 0 2 150 927 140 983 0 47 129 123 3 101 1 2 0 0 0
1025 151 505 171 444 219 1036 828 110 870 131 386 3 20 48 2 12 8 4 8 10 30 14 16 99 2 58 71 5817 786 550 171 208 117 7 13 23 41 20 22 26 6 66 8 3 5 209 11 5 7 5 2 15933 6175 8956 6 205 244 26 25 3 31 144 98 118 2 277 350 75 19 4 275 92 42 672 3 197 0 204 2 11 1 1268 605 38 61 98 3 3 1 5 12 4 10 56 376 367 7659 49 74 11 14 47 46 12 63 1 4 4 10 59 55 1 1 1 1 1 0 0 1 0 0 2 20 24 3 14 0 0 1 11 0 28 152 0 79 0 0 24 12 3 12 2 16 46 1 0 0 5 2 12 3 0 5 1 2 0 3 0 1 27 78 1 7 49 2 0 4 0 0 36 13 22 8 0 11 0 2 4 0 173 166 28 1 1 175 0 1 2 7 87 2 3 20 37 4 46 3 2 16
1251 277 747 372 790 410 677 633 14 578 122 408 1 43 96 12 17 7 4 8 15 136 18 127 388 9 364 209 12536 1177 1121 163 139 100 64 12 35 37 36 210 45 25 339 2 1 20 184 22 9 3 8 4 6175 10433 742 13 766 189 10 27 17 169 669 624 352 3 5067 166 203 51 11 105 45 19 842 9 29 0 89 1 15 2 2469 5460 43 233 189 7 14 1 23 62 6 33 255 594 33 2216 255 253 7 2 23 25 4 38 1 4 5 7 37 35 0 1 1 0 0 0 1 4 1 5 1 15 9 2 3 0 1 0 4 0 13 45 0 22 0 0 8 3 10 4 6 6 19 0 1 0 3 13 12 5 1 0 1 3 0 2 0 0 8 24 0 7 14 1 4 5 3 2 3 8 11 3 1 20 1 1 13 1 79 59 9 5 1 41 2 0 4 0 31 5 10 7 33 1 4 1 1 3
709 116 385 132 263 186 647 573 28 535 112 344 0 13 24 7 4 14 4 5 21 51 20 17 167 1 32 39 1728 469 264 192 217 125 15 7 24 49 15 20 569 10 41 7 1 4 409 4 8 5 333 528 8956 742 16061 1257 97 327 99 43 16 27 67 63 56 5 110 595 38 66 10 243 108 33 706 1 98 0 191 61 440 23 4818 605 83 121 95 45 10 3 13 645 422 51 43 326 115 3639 102 50 14 18 46 44 17 63 2 5 11 16 46 56 0 0 1 2 1 1 2 1 0 1 4 30 32 5 11 1 0 0 14 7 40 174 1 120 1 3 54 18 2 32 1 26 51 0 2 0 5 2 31 8 3 4 3 1 11 8 8 9 29 101 6 12 47 1 1 1 1 1 56 22 25 15 0 3 6 4 2 0 191 204 36 3 1 221 13 0 16 9 75 2 9 37 42 3 41 3 2 26
200 83 220 137 97 163 21 77 0 80 44 154 1 8 19 5 2 6 7 2 1571 473 45 8 123 1 20 11 52 133 59 56 78 48 4 0 15 24 8 7 1702 4 28 1 2 5 39 7 17 4 100 82 6 13 1257 6341 23 71 7 10 4 20 43 37 28 5 34 64 22 19 4 78 33 16 120 2 7 1 38 6 95 5 9511 156 5937 177 15 31 13 1 10 395 101 46 39 114 17 8 61 20 2 0 7 6 4 22 3 0 0 3 11 17 0 0 0 0 0 0 0 1 0 2 0 7 4 0 2 0 0 0 4 1 7 33 0 24 0 0 8 7 0 3 1 4 5 1 0 0 1 5 4 1 4 1 0 1 2 0 1 0 5 10 0 0 5 1 0 1 0 0 9 1 6 3 0 1 2 4 0 0 23 35 4 3 2 29 4 0 7 2 5 5 4 9 21 0 13 1 0 3
43 12 33 116 2541 229 16 4 1 10 4 33 0 23 53 10 9 7 1 15 22 22 16 68 140 1 285 136 4379 6484 18578 67 82 63 82 16 27 40 15 59 104 12 220 0 1 7 148 12 2 2 2 4 205 766 97 23 6436 146 11 21 5 57 354 568 258 2 5344 357 112 29 4 35 15 2 2614 3 1 0 23 1 11 1 323 1051 95 759 513 3 7 1 17 23 11 14 117 1228 0 60 410 2901 2 0 2 1 1 0 0 0 0 1 1 1 0 0 2 2 0 0 0 5 0 2 3 0 0 0 0 0 0 0 0 0 1 1 1 1 0 1 2 0 2 1 5 0 0 1 1 0 1 7 1 1 1 0 0 2 0 0 0 1 0 0 0 0 0 0 8 2 2 0 1 0 0 1 1 8 0 1 5 0 2 4 0 0 2 3 0 0 0 0 0 1 4 0 2 0 0 0 0 0
25 7 13 15 486 515 28 6 1 9 9 109 3 175 238 9 88 40 10 57 244 458 142 33 337 0 134 232 187 93 131 2015 2115 3488 181 412 542 324 121 77 197 12 64 2 0 9 285 9 5 1 8 7 244 189 327 71 146 9205 1618 4540 17 28 77 122 195 3 274 5478 79 15 10 496 193 9 11936 3 4 0 163 2 30 0 734 454 374 258 122 2 4 0 18 25 11 8 29 4063 6 44 304 219 2 1 11 7 2 9 0 0 0 2 11 15 0 1 2 2 2 1 1 4 2 8 7 4 1 3 1 0 0 2 1 0 5 32 0 18 0 2 11 4 8 10 8 4 12 1 0 0 2 5 4 2 1 3 0 0 0 2 1 2 5 17 0 2 8 3 1 4 3 1 5 2 4 3 3 10 0 2 1 1 32 36 8 0 0 26 0 0 3 0 19 4 2 1 3 0 4 2 0 1
10 1 0 5 9 8 3 0 0 0 1 1 0 464 262 13 68 15 6 33 36 69 65 127 27 1 389 386 9 10 14 9 234 1512 1067 3107 908 229 65 196 45 13 218 6 0 3 326 5 3 2 3 1 26 10 99 7 11 1618 2691 5343 14 27 86 270 224 0 16 1530 87 18 7 25 45 12 271 3 0 0 13 0 9 0 131 23 19 14 4 1 0 1 7 12 2 3 27 42 0 2 17 8 1 1 1 1 1 0 0 0 0 0 1 1 3 0 1 2 1 2 4 2 3 5 6 7 5 2 7 0 1 1 1 0 2 19 0 23 1 3 31 22 7 4 3 5 9 1 1 0 10 5 6 2 0 0 0 0 0 2 0 1 4 13 0 2 3 2 0 5 1 0 7 2 0 6 2 7 0 0 1 0 3 21 10 0 0 7 0 0 0 2 10 3 4 1 0 0 8 0 0 1
3 0 1 3 30 12 2 0 0 0 1 5 0 252 145 7 37 7 1 24 106 248 299 42 88 3 170 215 32 6 15 14 286 10955 648 2272 1501 125 46 107 55 10 51 1 0 4 546 4 2 2 2 3 25 27 43 10 21 4540 5343 5731 6 15 48 121 108 0 49 3233 40 1 3 46 37 12 2460 2 0 0 12 0 3 0 113 88 58 54 15 5 0 0 6 9 3 3 10 228 0 7 58 38 3 0 3 3 2 1 1 0 0 0 1 3 0 0 0 0 1 1 1 6 0 4 5 9 9 4 7 0 0 0 6 0 1 30 0 49 1 5 24 26 2 10 5 5 12 1 0 0 9 1 10 4 1 1 0 0 1 0 0 0 6 15 0 0 4 1 1 3 1 1 10 3 4 13 2 3 4 0 0 0 13 42 13 3 0 12 1 0 3 0 22 2 4 2 0 1 7 3 1 4
4 0 3 2 23 12 0 1 0 2 1 6 8 5 51 192 18 2940 168 37 15 24 80 87 15 2 17 693 26 11 16 7 44 16 5 8 86 112 7464 26 355 474 1954 19 23 647 27 1044 117 56 18 13 3 17 16 4 5 17 14 6 14002 1169 990 1815 1028 86 33 13 9868 415 626 19 27 11 21 6633 2 1 16 6 506 24 18 31 10 14 1 75 332 10 3171 261 27 126 632 27 4 1 7 7 0 1 0 0 4 0 0 0 0 0 1 1 1 3 78 3 2 6 0 62 8 44 8 4 0 2 7 1 1 2 11 5 0 15 3 23 0 1 25 33 48 7 52 10 7 113 68 21 126 721 4 106 176 10 12 33 5 2 1 16 2 9 0 5 10 4 208 220 102 59 3 8 7 9 194 855 9 30 701 67 1 14 9 5 239 10 14 26 70 3 1 224 181 7 2 0 1 0 3 2
7 4 4 6 22 19 7 1 0 1 6 6 18 7 63 73 17 152 99 30 21 72 42 11 66 5 10 76 155 27 65 7 9 19 15 13 29 48 110 32 165 29 103 46 90 176 44 12364 76 593 16 39 31 169 27 20 57 28 27 15 1169 10434 12390 455 581 46 257 23 2464 3479 4826 9 13 9 53 1742 19 4 9 16 971 463 96 250 92 46 1 1085 3320 143 1213 191 24 366 3295 43 8 3 33 24 0 1 0 1 1 0 0 0 0 0 0 1 3 2 10 4 1 5 0 19 4 17 8 1 1 5 15 3 1 2 3 2 0 4 0 7 5 4 13 13 17 22 11 9 2 54 35 3 32 88 7 687 569 20 52 157 17 21 14 117 2 1 0 1 2 6 26 36 98 27 1 8 1 3 224 138 146 236 486 57 0 7 10 2 251 10 173 101 1018 2 2 1075 678 4 1 0 2 0 0 3
15 2 8 16 45 39 7 0 0 3 0 16 33 23 123 171 44 300 255 55 85 295 52 10 274 7 80 205 620 102 198 12 36 39 60 51 60 102 149 62 248 17 986 94 95 246 154 3398 36 403 6 10 144 669 67 43 354 77 86 48 990 12390 17565 8224 4797 87 1223 78 7253 1695 349 25 12 34 161 1663 11 4 17 5 231 26 368 1135 314 320 8 170 1718 123 1967 109 23 239 3809 97 8 5 191 135 0 0 0 0 1 0 0 0 0 0 0 0 5 3 22 5 3 19 3 73 23 104 39 0 4 4 14 5 2 11 3 2 0 3 1 10 10 7 17 41 35 25 58 2 3 67 38 10 34 153 10 310 444 3 32 171 7 1 2 19 2 0 0 1 4 9 44 70 135 34 2 10 1 1 292 160 20 58 543 59 3 17 11 5 341 7 19 77 272 1 2 675 394 2 1 0 0 3 1 4
8 9 5 21 37 29 8 1 0 3 0 13 8 172 335 350 88 2854 1390 170 33 402 92 151 577 2 1759 789 441 119 141 12 68 76 390 321 173 211 429 189 140 46 6291 38 10 3294 515 137 22 18 5 4 98 624 63 37 568 122 270 121 1815 455 8224 11973 10019 246 1877 166 2850 121 20 39 48 50 213 129 0 0 27 2 44 13 289 1130 219 613 28 28 78 10 764 40 15 47 610 71 2 8 592 439 0 0 1 0 1 0 1 0 0 0 0 1 13 28 138 25 6 36 11 269 42 356 65 7 1 5 20 9 8 23 13 2 0 15 2 33 26 10 51 71 138 69 309 7 5 80 10 6 43 925 12 33 40 4 6 9 1 1 2 9 0 7 0 5 15 10 110 236 80 46 7 11 5 12 38 695 7 22 138 17 5 28 22 6 43 7 9 5 40 1 1 45 69 7 0 0 3 0 3 3
8 8 11 18 50 50 9 2 0 6 2 30 9 62 348 276 70 1191 622 47 33 37 94 79 54 4 1363 4166 487 131 259 13 42 88 153 170 139 83 1939 65 198 104 326 21 7 865 177 204 20 14 6 11 118 352 56 28 258 195 224 108 1028 581 4797 10019 10955 112 637 185 8605 140 72 17 15 23 319 33 0 0 7 6 83 32 240 516 144 88 10 76 49 2 140 50 16 30 242 187 1 23 61 69 0 1 0 1 3 1 0 0 0 0 0 0 12 24 251 11 4 28 7 553 27 413 33 4 1 4 15 16 5 44 12 5 1 20 6 48 11 11 36 77 380 37 660 13 5 119 20 18 49 1546 12 54 68 7 10 12 2 4 5 13 1 19 0 8 23 16 271 571 145 55 4 21 9 13 65 1229 14 38 232 12 5 24 15 5 43 3 14 8 62 4 1 81 112 11 2 1 4 1 5 5
0 0 0 0 1 0 0 0 16 1 0 1 2468 0 1 6 28 326 984 8 2 6 2 15 2 2 9 31 7 1 4 0 5 0 3 0 10 194 37 2 39 40 149 789 3846 5072 4 36 10 2217 31 460 2 3 5 5 2 3 0 0 86 46 87 246 112 3426 10 1 157 24 8 53 33 1200 3 57 539 1113 188 610 99 625 6 3 2 2 0 399 242 385 1953 32 4 9 124 9 301 12 1 0 0 0 0 0 1 1 0 0 0 0 0 2 0 0 663 0 0 3 0 212 14 198 7 1 0 1 0 2 0 2 2 2 0 8 0 13 0 1 21 29 42 5 89 5 0 56 49 77 111 1123 2 32 52 2 3 27 23 5 17 11 3 1 0 1 3 0 100 118 40 2207 1 2 0 2 67 258 9 10 466 25 2 8 37 1 79 10 12 8 39 0 1 106 58 2 3 1 1 0 0 0
154 125 193 227 404 276 16 26 0 18 25 121 0 62 76 15 11 20 18 26 18 325 40 357 1276 19 925 326 8436 996 1684 42 94 99 125 21 38 47 23 519 73 47 970 8 5 52 717 32 26 5 4 4 277 5067 110 34 5344 274 16 49 33 257 1223 1877 637 10 22062 633 219 132 7 54 27 12 2425 27 3 1 36 1 28 2 553 7119 652 2746 607 7 30 3 60 87 4 66 577 754 11 23 1175 1005 0 1 2 1 0 6 0 1 1 1 2 2 0 1 1 1 0 0 0 10 1 14 5 3 3 1 1 1 0 1 2 0 2 8 0 8 2 1 7 6 7 2 6 2 3 6 0 0 3 21 1 6 8 0 0 3 1 0 0 1 0 6 0 0 1 1 4 5 2 0 1 2 0 2 7 24 1 1 23 1 3 11 3 0 8 7 1 1 3 0 3 7 8 1 3 0 1 0 0 0
9 6 24 11 25 26 3 6 0 5 5 13 0 197 261 11 100 17 6 41 95 129 79 54 2611 2 169 301 106 49 52 20 463 2008 192 479 625 260 96 85 162 7 78 3 1 2 3671 8 4 0 13 15 350 166 595 64 357 5478 1530 3233 13 23 78 166 185 1 633 8764 93 12 5 95 84 15 3856 6 1 0 32 0 33 1 1164 484 180 484 1972 6 2 0 10 49 20 11 25 94 1 37 1297 922 2 2 2 2 0 2 0 0 0 0 3 2 0 0 1 0 1 4 0 8 3 9 0 6 2 2 1 0 0 1 1 0 1 11 1 17 1 1 18 11 7 2 6 4 6 1 0 0 3 14 4 1 1 0 0 0 0 0 0 0 6 8 0 1 1 1 3 6 1 1 1 1 0 1 2 5 0 0 4 1 4 8 4 1 1 7 0 2 0 0 5 0 2 3 2 0 6 0 0 0
13 3 9 17 51 62 10 2 1 3 5 24 15 16 268 198 35 500 151 35 29 29 86 26 27 2 28 573 304 84 138 35 32 28 50 29 78 72 1169 54 253 174 1039 31 100 715 75 2160 49 254 8 18 75 203 38 22 112 79 87 40 9868 2464 7253 2850 8605 157 219 93 9256 596 606 11 10 15 200 7356 6 1 12 10 487 44 143 272 114 33 3 136 389 38 1579 107 37 94 740 148 7 17 25 25 1 4 0 0 4 1 0 2 0 0 0 1 5 6 126 6 1 14 7 137 25 99 13 6 1 5 10 9 3 12 16 9 3 9 4 36 10 11 38 53 101 34 78 26 9 323 110 24 168 1419 18 211 380 17 35 171 5 6 2 38 1 17 0 11 17 12 417 354 290 120 10 27 16 8 864 1910 36 69 1968 275 4 25 20 4 983 11 27 44 122 4 0 812 553 18 0 0 6 0 9 1
19 3 16 6 20 12 6 9 1 9 4 9 15 1 18 40 5 79 65 12 19 70 23 8 40 0 5 19 43 24 22 6 16 7 7 5 11 43 50 16 184 17 80 30 61 118 13 1844 61 277 419 401 19 51 66 19 29 15 18 1 415 3479 1695 121 140 24 132 12 596 6781 1771 13 8 13 23 610 13 4 13 90 2645 717 161 130 60 64 0 1511 1603 102 617 582 1674 684 447 16 11 4 28 14 0 0 1 0 0 1 0 1 0 0 0 0 0 0 7 3 0 3 1 17 3 16 9 1 2 2 5 0 3 1 3 0 1 3 0 3 3 3 4 7 10 10 5 3 2 35 31 7 14 35 5 428 280 43 38 154 104 151 139 404 4 1 0 0 2 4 15 23 45 21 0 3 1 0 91 44 348 304 235 19 0 8 9 1 92 9 427 85 1344 2 6 560 484 2 1 0 1 0 1 0
2 3 5 3 9 4 0 2 0 2 0 4 3 1 13 23 7 35 35 7 2 6 6 0 5 0 5 15 18 7 7 3 10 1 0 2 7 25 44 9 95 10 44 17 18 58 3 5857 28 106 8 27 4 11 10 4 4 10 7 3 626 4826 349 20 72 8 7 5 606 1771 10007 4 6 0 12 1049 4 1 2 10 5859 251 34 12 14 4 1 1874 2072 27 453 119 53 222 161 20 5 1 3 0 0 1 0 0 0 0 0 1 0 0 0 1 0 0 3 2 0 0 0 7 1 3 2 0 0 2 6 1 0 1 0 1 0 1 0 2 1 0 1 0 0 4 9 9 1 25 18 2 8 21 1 204 121 14 9 45 12 20 22 113 1 0 0 0 0 2 7 16 22 8 0 4 0 1 42 28 96 107 122 12 0 0 5 1 40 4 136 29 508 0 1 235 177 1 2 1 0 0 0 0
40 16 104 86 470 608 54 22 245 342 589 808 60 4 13 9 25 72 54 28 359 563 279 21 202 12 20 13 140 88 122 1144 3820 767 12 2 45 318 39 96 211 20 53 630 83 82 306 9 6 77 15 52 275 105 243 78 35 496 25 46 19 9 25 39 17 53 54 95 11 13 4 5442 3678 848 512 17 4145 257 7655 29 41 57 631 335 432 126 6 82 37 33 87 42 14 12 24 942 4650 433 41 18 85 58 442 301 64 537 18 37 51 179 550 552 9 8 7 6 7 5 12 18 14 18 24 125 94 30 60 1 0 8 58 7 231 791 6 280 7 12 160 102 28 91 18 102 217 5 2 1 54 28 79 9 7 18 4 6 14 26 8 10 110 341 3 67 144 18 5 21 8 1 156 55 63 38 1 33 19 5 29 3 1197 832 160 12 5 955 7 1 15 31 369 9 24 90 485 23 169 21 5 67
