15.210126224475 21.6705471475346 26.8202327385023 36.7035653799358 45.4112242534979 50.4617890928863 25.7774339772551 19.2877604850439 82.8231213887533 26.2173357469841 86.2727839914958 57.3753823715708 0 123.798846244812 130.615686543783 0 95.9684155782064 178.795880635579 224.361053466797 105.110775417752 118.159446716309 126.246860905697 132.421867370605 173.917022705078 138.582782321506 0 142.832513173421 147.416228158133 35.1294403267502 25.5549356448656 61.3863417948446 70.0740672917042 102.925891923904 102.394954558342 127.102272033691 87.4958826700846 100.834921264648 127.907721342864 122.72539629255 118.871808369954 93.7631866671515 152.122116088867 183.732749938965 130.295322418213 218.492324829102 181.960460662842 163.28525797526 176.199557495117 161.397419399685 224.279561360677 149.463271169951 164.517153098366 105.522341557945 84.4976443588781 113.146437705488 104.371812324524 72.5418249174606 106.23897064209 149.170691680908 205.552983601888 166.336303710938 199.521109444754 195.733801269531 184.181907653809 165.319094657898 0 88.2469144548689 141.515467325846 169.345545842097 189.802446064196 202.856384277344 118.840033912659 132.814594692654 173.6517578125 125.311837836878 235.740905761719 132.104228973389 247.684768676758 135.368474578857 177.091064453125 184.119765837296 181.957903544108 113.479687335059 91.5063743913859 108.403450379755 108.634272402809 131.949933369954 189.418626265092 191.183045450846 189.67716217041 196.188552856445 138.979028559443 170.03509787626 171.326626193139 180.878577096122 87.4919223931 106.197154726301 52.9450909090249 134.257950846354 93.1891697474888 188.183544158936 210.241500854492 175.597161232157 191.544675653631 179.169631958008 187.580328369141 232.605514526367 126.140509033203 202.282974243164 156.442676378333 170.28410466512 176.758107060971 0 0 187.207015991211 0 0 0 0 199.530548095703 0 0 0 165.234825134277 0 0 0 0 0 0 0 0 183.752352396647 171.366812569754 0 183.997970581055 0 0 0 189.976760864258 183.867004394531 0 194.383903503418 181.785629272461 204.34641011556 0 0 0 161.665023803711 220.411865234375 207.828186035156 242.996922810872 228.305130004883 202.697265625 0 0 0 0 190.721778869629 236.02961730957 203.414352416992 217.098693847656 0 178.161828994751 196.999279785156 0 0 0 0 0 199.64192199707 0 152.880340576172 0 224.477737426758 208.717517852783 0 0 0 0 177.947528323612 200.964733886719 160.200519561768 0 0 189.843408203125 0 0 234.200775146484 0 216.662246704102 225.55835723877 0 170.186471557617 155.859705183241 126.366226196289 219.516464233398 243.044204711914 0 0
21.6705471475346 11.1742153050399 21.9035452156102 17.6939767335559 18.4690859613292 41.3241121914105 62.0300528477055 39.3303772522523 71.9053525924683 63.6750604951537 85.3913672952091 78.0907009243965 0 0 111.378885904948 231.363388061523 113.931617736816 214.511383056641 214.689613342285 165.301615397135 115.318196296692 136.121921539307 0 199.302032470703 168.971691131592 0 210.414443969727 157.529708862305 79.5016019136003 28.4590083109495 44.3041904060929 101.054637690953 138.185510635376 120.654530843099 0 0 110.079944610596 114.427726745605 213.087196350098 201.260803222656 100.049248933139 159.365056355794 215.953364054362 247.90364074707 0 193.474975585938 166.129735674177 192.075576782227 162.96219090053 0 158.181554794312 184.213072556716 128.511490676577 107.002146889587 135.684126163351 112.884596307594 91.4626814524333 176.947150094169 128.316589355469 0 0 212.816070556641 192.070198059082 187.521577623155 158.011278152466 0 96.6858452148438 159.137456258138 154.394454956055 191.137145996094 184.695088704427 144.632821083069 198.962580362956 0 137.465391460218 0 129.882163047791 0 142.773701561822 174.941223144531 197.354392418495 207.09546661377 131.656128526644 105.530915027827 115.900194985526 118.377852073083 127.469123840332 198.245803833008 198.602587018694 0 220.036127726237 152.976952256828 184.451221284412 179.941986083984 190.75327428182 130.208645160382 91.8101583627554 90.0813667178154 139.160230000814 85.5983123779297 185.623952865601 172.702293395996 184.014648610895 179.673565531886 176.549137660435 177.464517510456 0 125.899596214294 177.043769836426 139.008401770341 167.965835199123 173.612177530924 0 0 0 0 0 0 0 0 0 0 0 0 179.629826863607 153.244216918945 179.190841674805 0 0 0 0 159.420471191406 170.867805480957 172.751042905061 0 175.279995727539 0 0 245.518814086914 0 0 0 0 191.761418660482 191.322884695871 0 172.13671875 0 0 224.595016479492 0 0 0 0 0 0 0 0 0 0 219.302073160807 212.595041275024 0 168.594351196289 171.167495727539 0 0 0 0 0 203.711764865451 179.234428405762 0 172.912696838379 0 0 0 0 0 0 163.392530386789 162.530879773592 172.278396606445 0 0 166.822557721819 0 0 0 192.802215576172 215.563996258904 0 0 153.884559631348 138.868355645074 147.548587254116 196.089276123047 0 0 0
26.8202327385023 21.9035452156102 10.9224998089855 17.5112139086795 77.6034952008553 31.6243284089868 53.2550719008982 27.836225367056 62.7695164246993 28.6112819995223 45.5404882811373 18.9245861307074 0 113.350357055664 178.888128662109 101.728340148926 139.371594746908 218.357543945312 210.85927327474 112.667459487915 111.204625626685 134.962005792662 173.172477722168 209.039318847656 156.856174850464 190.157524108887 208.051174163818 150.942053985596 86.8001292533063 63.0030344639506 99.1196312904358 84.6356388972356 138.630689044331 145.316497802734 147.975738525391 0 128.05249786377 153.276134490967 162.426097106934 163.360260009766 99.6674102959492 178.420639038086 188.190545218331 146.468032836914 215.568069458008 226.541625976562 170.392601013184 195.801302228655 164.981230886359 188.650970458984 153.859053753792 172.259354061551 122.492529916291 102.56606977021 129.645253050172 112.524185978283 95.2149038603812 148.957571176382 0 196.287521362305 182.73063659668 200.985347747803 209.134418487549 197.1796875 162.200471357866 0 99.5617743773782 179.135825475057 166.92435031467 189.843401908875 200.18688659668 111.648652883676 175.336824270395 165.990253024631 159.893280029297 0 112.85570497866 0 137.111509222733 173.615020751953 195.084983574165 171.979949951172 127.833928002492 102.780542129125 116.449556263475 114.276393726894 86.4048309326172 199.417254447937 199.288271331787 193.832092285156 193.392407735189 153.938900847933 177.503180810961 184.097019740513 183.274058750698 143.413773075227 94.1402852583905 77.5740224657388 137.722739083426 138.385706583659 182.833850282611 173.27814072829 108.859491134585 178.777294350174 179.850167110048 174.444853677359 185.602659052069 124.697727992617 99.6044641222273 135.625620302947 164.640529583346 172.779508456184 180.826400756836 184.616317749023 0 191.436848958333 0 0 193.644989013672 199.828887939453 0 0 206.867752075195 202.600276402065 0 185.346893310547 167.370686848958 0 0 0 172.942248535156 200.040866088867 163.819142855131 169.868893511884 0 175.405380884806 0 0 234.834487915039 189.387008666992 204.242584228516 195.28210067749 214.285598754883 195.127087500788 185.036761779785 0 0 0 0 190.41325378418 179.843785603841 236.195487976074 0 211.580017089844 0 188.575256347656 0 235.68962097168 0 204.922668457031 212.460217793783 206.314829587936 225.996856689453 184.753167894151 157.133238983154 0 213.241241455078 0 0 0 196.320156298186 186.73494496065 182.764377593994 0 0 0 0 0 236.082656860352 0 160.661901041159 163.316464312665 166.640029907227 157.393836975098 0 151.551646249336 207.057240804036 230.293487548828 213.053405761719 217.340553283691 215.501981137404 241.204284667969 235.060203552246 165.90732046274 131.999468705972 136.682975053787 191.949818115234 224.935623168945 0 0
36.7035653799358 17.6939767335559 17.5112139086795 12.4967164464499 20.3858835514826 17.1731321714592 59.2407140170827 62.5685065039273 83.8148333231608 60.8271239634923 60.1960648298264 28.4578826804544 0 111.716674804688 99.2854932897231 163.639801025391 91.1556991577148 169.637710571289 228.785320281982 99.1546927558051 101.680632352829 121.733373593061 125.186693827311 179.887588500977 139.08244601163 0 123.115294647217 128.955570983887 72.844702668451 37.4070079718145 37.0013253154392 59.7118367281827 106.71260209517 112.271933078766 176.30387878418 0 119.649831771851 127.351586081765 125.248909690163 0 95.3246562652588 153.186782836914 183.550064086914 0 0 190.760335286458 149.769915262858 173.61548614502 155.479251861572 209.633605957031 156.64267900255 181.624608357747 123.889968381291 101.810417811076 133.739809383046 112.051754805293 63.6575884161324 111.757952372233 159.783081054688 123.125653584798 162.045349121094 201.267550150553 184.156093597412 151.624051411947 145.63843536377 0 89.7056205850341 156.95011138916 166.037841796875 196.838531494141 173.184127807617 106.156536057938 130.387040879991 140.995658874512 105.462564983065 137.058441162109 125.259135945638 0 100.933290536063 183.74885559082 192.629450843448 206.514602661133 129.24130470288 101.181386160239 109.994968102028 104.002018750724 116.909107685089 198.65159034729 206.447822570801 234.6494140625 214.954559326172 154.035158091578 182.500317891439 179.458027766301 185.914606730143 111.277296565129 89.6249187469482 84.2320164026839 119.101773325602 72.3658311631944 178.795288521903 161.168029785156 175.716842651367 173.096920606825 167.80075970818 168.589288251153 170.610401916504 127.980439966375 172.065385560732 128.402294563525 158.56974454786 166.419601074637 0 0 213.322296142578 0 172.878677368164 187.512145996094 0 197.869621276855 0 170.604873657227 179.798828125 171.065259297689 214.11897277832 188.514770507812 174.05676574707 0 0 0 168.55448774858 223.844825744629 152.752602895101 163.335020169345 0 166.437840270996 0 0 211.597312927246 217.64778137207 186.425582885742 0 198.663360595703 190.341798146566 175.946477980841 0 0 0 0 195.948417663574 0 0 0 0 207.043594360352 246.415573120117 0 245.993392944336 238.953506469727 0 207.224365234375 205.298767089844 196.432632446289 163.701443142361 148.339477539062 0 0 226.143424987793 0 0 191.367530459449 180.668888092041 196.925720214844 175.656692504883 0 192.355972290039 230.040664672852 0 207.280097961426 0 155.656462610295 159.26572265625 172.645701090495 0 0 145.669436326667 181.980621337891 0 214.188507080078 0 209.724528572776 192.811645507812 0 153.66721979777 128.677118025763 148.264857952411 196.576122707791 183.665100097656 0 0
45.4112242534979 18.4690859613292 77.6034952008553 20.3858835514826 13.1240245205854 33.2066827619812 53.3659134019096 96.6628696217256 117.592933654785 113.708630935006 51.1501192365374 61.2465451947119 0 93.2897905203012 85.0305569966634 111.993299310858 76.8323986628284 125.685107639858 103.399975246853 82.0961785470286 92.9726112884225 93.1676812913683 110.664860839844 144.868760681152 91.4837084231169 136.285568237305 124.128173534687 109.635274790101 54.559334963286 28.3988624632499 18.0320276483567 33.4821807708602 62.0348847653686 65.6093317861775 114.078137874603 86.6941708458795 78.3384440713677 81.8569226672302 106.274972915649 117.306066724989 86.6555185718697 139.641967079856 160.751216125488 87.2220077514648 192.007385253906 140.409643809001 117.393747965495 147.75795135498 145.662604195731 0 141.144331455231 165.72208077567 112.675038415032 87.2902148234693 120.445361322323 99.9695543112214 34.7808151969474 43.416728875274 114.388561672635 61.3868055979411 111.551374020784 163.076659462669 150.335266282823 139.644206897633 117.877220458984 129.358749389648 70.665219901812 90.5474403381348 125.517226424872 187.982001495361 174.593619452582 70.2314765605521 77.5171893050031 125.309618631999 63.0789196782832 160.885234287807 151.01922454834 0 77.6207339231633 167.057235717773 187.219465989333 190.395278930664 115.655679463486 90.6814337663369 99.5014777193529 94.0569892705873 80.7510255177816 193.323649597168 177.639984130859 0 141.313726152693 138.354435260479 166.4762033735 172.827752506032 163.34875202179 21.0620652298105 95.6678051195647 72.5674799455915 96.1907162666321 65.2980422225653 0 174.083976745605 182.135328119451 175.93625831604 0 174.784875996908 207.502891540527 0 0 148.997026443481 172.25075785319 181.512005942208 0 197.6708984375 179.927652994792 189.443267822266 0 0 0 174.097139630999 164.642318725586 185.036502838135 0 171.483759562174 181.831680297852 0 169.820373535156 192.547592163086 0 182.683334350586 0 0 173.115621393377 170.54093085395 0 212.489562988281 0 162.6640625 181.802800496419 180.195644378662 178.699279785156 185.685531616211 182.084487915039 189.791748046875 199.367446899414 0 171.465682983398 0 157.688095092773 193.755947113037 173.518013000488 0 213.137466430664 0 0 0 0 0 0 0 210.660919189453 220.86156463623 0 172.159083048503 177.362635294596 182.797561645508 173.161544799805 188.524983723958 0 199.648773193359 225.496332804362 0 147.39771270752 221.485870361328 0 198.197723388672 0 0 200.607706705729 193.283798217773 164.239603239914 173.266935348511 127.820472717285 0 200.218414306641 152.799518585205 0 0 228.706512451172 0 222.11939239502 230.684555053711 226.13484954834 154.477279663086 147.366748809814 114.39315032959 206.649073282878 0 0 0
50.4617890928863 41.3241121914105 31.6243284089868 17.1731321714592 33.2066827619812 13.1603157241311 65.1517604797606 63.0596452389123 68.2386516880345 53.6264861596597 32.2894377276958 18.2037039818193 99.0316314697266 88.660456237793 86.7206101644607 67.6066131591797 82.2183534007961 115.171555328369 135.764523097447 89.0454088408372 96.4262002989303 96.782285083424 106.033871262162 163.062271118164 113.220004107501 97.88134765625 131.097200567072 115.984260559082 73.7830426622474 49.5904678529522 39.0484607736593 21.1945730144871 57.4525716952656 66.9047927694806 97.8307571411133 103.248384952545 82.5504333632333 80.9458458598067 111.581456729344 132.172105577257 94.4931916086297 152.593008677165 159.860104878743 168.100677490234 179.506340026855 140.010464259556 129.495505905151 170.040133666992 157.972543988909 178.083847045898 154.166374569847 181.457358360291 126.993234399247 102.982809327288 133.710322062174 109.505983645199 54.7847639108849 44.4020725657639 122.905734062195 89.3518451054891 115.237173716227 184.48283868087 159.132107465695 136.487437018033 114.050135345459 0 88.3575098894645 111.484869150015 129.256774410125 187.278864542643 168.02575302124 66.8965356287203 75.7345796708138 99.9801500108507 62.1852822535246 178.694091796875 97.8528511649684 77.5363540649414 76.5129187612823 137.217971801758 188.143537989203 204.931172688802 127.756466997587 102.902363057959 106.568836297375 97.7689708362926 102.033592224121 196.050860595703 198.984612358941 180.427688598633 143.729787190755 151.757538124367 174.500602086385 188.912476389032 178.673733918563 33.9062824818683 57.751323748608 82.9861937483696 92.7453727722168 71.2419023821431 175.02077911377 163.735161276425 169.969894105522 168.595821570619 173.208133404072 162.59142383094 167.659144083659 119.962609608968 162.095188939294 126.058012390137 152.798136350021 160.749000138151 0 0 167.860992431641 0 172.237838745117 187.686515808105 164.334747314453 172.626892089844 0 193.258733113607 163.413314819336 192.353551864624 213.532745361328 195.215194702148 172.874336242676 0 0 0 170.218663533529 192.346672058105 148.099277910979 158.541833555544 0 174.496744791667 159.843643188477 154.856094360352 165.508333206177 168.551762898763 180.812936782837 184.752548217773 203.494196573893 179.387736233798 176.149408817291 193.513038635254 201.352767944336 0 234.672584533691 184.861614227295 195.875311279297 0 208.467269897461 218.377796173096 0 0 227.226582845052 223.725112915039 0 0 207.308145141602 198.533183022151 245.95866394043 181.629428386688 155.154185295105 154.390808105469 202.288457234701 218.50222269694 0 203.422688802083 183.306109008789 180.925586276584 143.873463948568 145.352210998535 229.120269775391 199.990129470825 239.010581970215 0 198.655410766602 0 149.186822605133 147.113315327962 144.065931955973 0 0 137.570795485553 0 0 0 175.62141418457 204.258281707764 0 221.354560852051 140.933800917405 122.649649830188 129.111511739095 182.314091273717 0 246.651336669922 203.296447753906
25.7774339772551 62.0300528477055 53.2550719008982 59.2407140170827 53.3659134019096 65.1517604797606 10.3385236017015 24.6102381846387 11.722377383709 30.9575429282072 53.7048536378738 66.4438086387284 0 95.7336151123047 99.3234087626139 112.61067199707 111.465577867296 0 110.040958404541 105.533438364665 114.171053059896 115.039229759803 138.87705485026 169.267837524414 96.5046768188477 240.850738525391 138.277683258057 125.012878417969 26.7219163507741 35.254411138816 60.9119851604786 62.346295558231 91.0662146790387 95.6004117329915 122.835586547852 103.083145141602 97.9487650944636 104.135173797607 123.679160118103 0 103.470811631944 136.332702636719 167.446141560872 0 0 182.476791381836 144.435260009766 0 129.995994567871 0 117.414666748047 157.422704060872 75.3871632321921 52.2212217576042 82.4893039190419 98.5808730352493 83.0553157329559 74.1878080368042 130.248715718587 78.880989074707 0 181.22598702567 159.82801600865 162.460536956787 129.292219373915 0 108.418585777283 133.195561726888 154.176997375488 176.72620900472 0 79.5521628768356 102.254423958915 57.9509887695312 101.272034256547 156.656829833984 63.4051215308053 113.395378112793 99.1054668426514 0 178.7578125 194.171722412109 89.493332679055 77.8625876640958 111.892384615811 110.003324508667 81.5825805664062 174.818496704102 189.725093841553 0 226.827865600586 124.583495246039 140.661430358887 139.198599497477 177.517890930176 69.8726720443139 35.9865019757983 21.5334925545562 95.3514633178711 105.67333984375 133.618789672852 189.46474202474 139.840878895351 160.812202090309 106.53450012207 142.477502676157 118.474285125732 100.728075027466 113.459459940592 99.5329651832581 128.915103603054 144.704904174805 0 0 0 0 0 0 0 183.110656738281 0 0 0 0 0 219.825714111328 238.999389648438 0 0 0 172.051322937012 103.559024810791 113.296886444092 136.979033333915 0 137.005254109701 0 0 0 215.301666259766 163.783592224121 118.256080627441 188.955703735352 0 0 227.680633544922 0 0 0 218.229731241862 160.994972229004 174.456181844076 0 0 0 0 166.201141357422 212.499305725098 0 0 165.470336914062 198.373336791992 0 122.911092122396 109.820625305176 0 0 239.234848022461 0 0 132.594100952148 135.959426879883 0 0 247.869125366211 222.304962158203 226.838729858398 0 207.950149536133 213.146179199219 125.013721812855 157.42776743571 0 0 0 104.453990936279 0 220.930267333984 142.133834838867 0 0 0 0 158.424875895182 107.804474830627 74.8488845825195 168.03182220459 0 0 0
19.2877604850439 39.3303772522523 27.836225367056 62.5685065039273 96.6628696217256 63.0596452389123 24.6102381846387 13.3928025342047 9.52337213082336 13.2922325755299 51.9508935574493 48.5670635078264 0 153.887901306152 185.712554931641 243.114242553711 119.457046508789 194.700256347656 0 120.122497558594 123.564002990723 136.549279530843 197.425399780273 175.794494628906 136.406875610352 0 179.884353637695 174.463012695312 69.0252138978692 49.440845696613 122.082922363281 109.269064331055 149.302396138509 155.570575714111 0 135.408813476562 108.434239705404 208.900919596354 0 232.462875366211 95.2096001431023 194.106262207031 190.193786621094 0 0 0 160.561599731445 0 150.863591512044 0 140.037216949463 168.440937389027 100.304488850101 79.6991189109959 107.542469630483 100.348754882812 121.942129135132 180.407572428385 0 0 222.582580566406 193.988876342773 0 216.627197265625 243.624084472656 0 96.2119739239032 171.621564229329 193.641082763672 177.249079386393 183.378372192383 118.303329641169 188.882334391276 145.509885152181 167.31415904652 201.919189453125 117.084863026937 0 140.68901570638 186.768531799316 182.283118286133 175.881973266602 110.575729046945 89.4011996481916 109.333618545532 113.272741464468 0 194.412265014648 192.100725446429 224.292984008789 205.786753336589 146.35976524353 172.767944335938 173.623030980428 184.603124445135 141.129828559028 68.7850366146006 52.4803354015787 155.371465047201 0 159.967262268066 158.455276489258 147.833971937497 164.242826080322 0 163.442023383247 147.795204162598 104.412683105469 184.103434244792 124.52687399728 152.969024848938 166.915345933702 0 0 0 0 0 0 145.539810180664 0 0 0 0 156.595520019531 0 0 0 0 0 0 156.296157836914 0 170.371795654297 164.803049087524 0 0 0 0 237.667922973633 124.067604064941 0 0 0 181.982574462891 143.320953369141 0 0 0 0 0 149.122512817383 179.759399414062 0 0 0 214.718688964844 0 193.312026977539 0 228.32160949707 195.835998535156 215.596572875977 0 200.781356811523 218.113357543945 0 0 0 0 0 214.756454467773 167.544219970703 0 0 0 0 187.684783935547 0 205.522811889648 0 159.045862833659 172.409378051758 154.906360626221 0 0 194.4289894104 171.859420776367 0 210.287574768066 0 202.093729654948 232.256134033203 167.34587097168 146.366973876953 137.529208660126 107.086769104004 245.296478271484 0 151.597579956055 0
82.8231213887533 71.9053525924683 62.7695164246993 83.8148333231608 117.592933654785 68.2386516880345 11.722377383709 9.52337213082336 7.30986230678795 15.4445657940392 38.7780850170391 65.4057614967306 91.2251281738281 0 0 148.989730834961 0 231.860443115234 0 0 108.448590278625 86.395014444987 72.4722991943359 0 59.8503437042236 0 0 0 74.5708440144857 94.9418869018555 121.069404602051 53.8157082834551 67.7049742126465 74.4987869262695 0 0 0 70.1505889892578 0 0 110.119665145874 207.196823120117 154.938034057617 58.203726026747 94.9029781943873 100.291222572327 84.7794589996338 0 0 112.959078753436 163.495590209961 151.388705913837 54.1856026042591 82.3423897879464 94.0937254769461 0 99.5622634887695 56.8353309631348 0 0 0 0 0 0 0 76.681453704834 0 0 114.24543762207 213.198226928711 0 52.4721437571 76.0397605895996 51.8422247654683 0 0 39.4634983450014 42.2296505680791 64.8874252889758 135.16675567627 172.323926653181 134.866744995117 127.790780385335 108.744147618612 116.569283167521 84.6527824401855 0 147.548280195756 152.796361650739 129.788894066444 185.735069274902 189.501991271973 183.915287017822 151.346298217773 152.927658081055 103.001091003418 22.1862725369905 23.7049252227764 115.035907745361 0 203.956817626953 0 159.643650054932 172.346893310547 0 146.805988311768 0 81.9539489746094 116.779075622559 114.965031941732 141.157372538249 128.163157653809 0 0 0 0 0 0 0 0 0 0 0 131.97017288208 0 0 0 0 0 0 0 0 122.96223449707 137.888439178467 0 130.192906697591 0 0 0 0 0 215.947662353516 0 163.643096923828 160.755462646484 0 0 0 0 153.772201538086 169.443313598633 0 224.501266479492 0 0 0 190.178207397461 0 179.34700012207 0 0 172.53994140625 0 0 0 0 130.211883544922 193.322250366211 0 0 0 0 0 0 187.96549987793 147.995422363281 0 0 141.258972167969 149.50227355957 134.637072563171 132.522601318359 102.133201599121 0 0 108.899689992269 0 0 0 154.566177368164 195.696701049805 184.604995727539 169.678792317708 0 131.932622909546 0 190.010131835938 0 0 0
26.2173357469841 63.6750604951537 28.6112819995223 60.8271239634923 113.708630935006 53.6264861596597 30.9575429282072 13.2922325755299 15.4445657940392 13.1477186618464 19.0169784706085 22.1914752877309 0 133.083160400391 126.93217086792 0 137.294770812988 163.843086242676 128.212371826172 96.3073120117188 110.421382141113 145.400106430054 208.33506266276 0 130.086401197645 0 197.935251871745 196.771408081055 76.128526874617 80.9305402700183 130.273854848501 55.1839380659295 68.8232096862793 127.100225830078 0 0 121.863919576009 158.970889282227 0 195.146423339844 99.2138370247774 145.482398986816 158.720092773438 233.492604573568 0 174.016616821289 149.119366455078 187.735844930013 145.935319900513 173.133209228516 140.628756046295 174.31184176741 102.425356218185 84.7107829717616 111.591664793781 104.707475662231 138.99712677002 142.618881649441 0 0 184.90983581543 164.833572387695 235.359171549479 195.649881998698 194.421737670898 84.5651931762695 99.6324818929036 161.291647338867 206.877904256185 174.969560411241 162.820541381836 52.2351668173807 143.855802536011 66.3289386749268 143.944491068522 0 72.3435696609148 0 85.8585735956828 147.697189331055 182.138537739598 176.231004714966 113.90590571601 92.6387539497264 108.66757451571 115.138309326172 150.783147176107 187.789961073134 189.314291381836 0 167.702850341797 134.18416204208 169.715061903 172.489907400949 184.79597568512 123.007620281643 28.0011843411308 49.2530473031358 146.439081827799 0 146.265654602051 158.149688133827 149.120108742999 150.492496323167 142.662142944336 143.615817927835 146.05810953776 97.6895288166247 130.175114949544 102.312489342444 133.080554030158 141.772337042117 0 0 0 0 0 0 0 170.231605529785 0 0 0 151.788478851318 147.66069539388 175.378204345703 152.752080917358 0 0 0 149.907734680176 0 135.566135121815 141.718040661934 0 149.335463131175 0 121.200496673584 164.48158416748 239.977066040039 159.37126159668 175.228126525879 0 164.727665710449 164.609973754883 181.870315551758 140.662704467773 0 0 195.224990844727 152.94585609436 185.604110717773 173.807838439941 183.597106933594 0 196.032638549805 217.613754272461 225.929901123047 0 236.370635986328 189.965235392253 182.272812960441 0 147.286129951477 130.793048095703 0 0 0 0 0 169.792903699373 153.051852226257 127.205407460531 0 235.991058349609 229.188446044922 200.597600301107 172.517372131348 185.364105224609 0 132.414834594727 132.598729986894 175.110397338867 237.678939819336 242.478652954102 126.565606509938 165.563751220703 171.860122680664 182.580186026437 206.433296203613 186.263544137137 219.919876098633 181.74347076416 126.91930103302 102.313958521047 93.5896688390661 161.945809841156 0 0 141.710983276367
86.2727839914958 85.3913672952091 45.5404882811373 60.1960648298264 51.1501192365374 32.2894377276958 53.7048536378738 51.9508935574493 38.7780850170391 19.0169784706085 8.41796051527959 18.5625755630874 0 86.5046577453613 87.6004388982599 0 83.6538238525391 0 0 81.6495800018311 91.0280943128798 94.4079576817955 126.507438659668 0 98.5376764933268 0 214.979644775391 86.4457651774089 86.8549384435018 68.7288331401591 67.8784161103077 24.2028590081714 37.5485694518456 92.8700747172038 122.732368469238 82.3517265319824 79.6515803337097 90.8338116732511 100.733613967896 144.955454508464 99.3547979763576 132.400501251221 154.166656494141 146.642395019531 0 0 163.450233459473 219.542358398438 164.907109578451 0 140.076488494873 176.806008232964 116.648646463875 98.6099841633781 126.821125439235 109.438272649592 79.055591583252 97.4742605421278 120.490852355957 102.585876464844 109.61799621582 172.479746500651 0 0 153.334522247314 0 97.4002102661133 142.181536865234 129.223858642578 179.751979827881 0 46.0288038573565 81.5048285590278 83.2802352905273 114.233305711013 0 70.6775380831498 0 59.1616668851752 0 196.455803426107 178.319915771484 123.412073575533 103.01099645623 109.463383550229 102.837062072754 184.996109008789 202.374303181966 173.568740844727 0 145.670305887858 143.202356338501 173.469198608398 178.766012191772 160.961502075195 77.4519347166404 26.6529708045474 65.003538289388 126.639264424642 0 158.221364339193 151.579956902398 155.659060059172 152.665610352341 147.169380426407 150.473358546908 155.92191808364 106.499300371137 147.786823272705 112.8832007834 137.627577465692 146.978762746285 0 148.615463256836 0 0 169.959136962891 201.424545288086 183.791442871094 182.387886047363 0 174.735580444336 0 167.615954928928 235.862869262695 172.505889892578 168.870478312174 0 0 0 149.565352353183 230.397842407227 141.836035168861 144.616036339962 136.857498168945 152.000967586742 0 0 134.730712890625 117.703945159912 168.11509958903 116.256774902344 213.117195129395 170.813563876682 169.551757102789 0 0 0 0 178.801086425781 183.123668670654 0 0 200.629342651367 0 153.466766357422 211.889368693034 193.145568847656 204.310302734375 201.02278137207 195.796008300781 181.885403700278 0 152.766022220735 140.268346786499 0 0 0 0 0 174.664068151403 167.528200531006 135.143033981323 128.410430908203 0 240.75749206543 211.269434611003 190.201812744141 182.189758300781 0 135.607071354378 134.071976566315 131.900286356608 0 0 123.196959349486 0 0 191.666936238607 188.956718444824 192.76667973445 181.344314575195 231.04795328776 129.885906913064 108.890655113669 119.013705604955 183.516706986861 0 228.460113525391 132.6416015625
57.3753823715708 78.0907009243965 18.9245861307074 28.4578826804544 61.2465451947119 18.2037039818193 66.4438086387284 48.5670635078264 65.4057614967306 22.1914752877309 18.5625755630874 15.0522451118864 115.036109924316 102.916393824986 102.765396364274 0 90.0394121805827 118.664380209787 142.596885681152 106.014121464321 101.63187792122 93.9883860674771 91.5928461993182 138.391255696615 101.139029343923 143.706878662109 163.53337542216 135.331028657801 96.3111424279591 69.8526192817135 71.7122880853534 36.0628316065656 22.7266897511951 57.3873482295445 117.016302490234 133.414157104492 102.680263240163 87.6906146407127 125.416270256042 142.780766805013 106.442355903957 147.348434448242 182.474917093913 84.7843386332194 0 140.530726114909 108.555118560791 178.420572916667 184.237342834473 178.779083251953 169.684597969055 187.828647035541 131.493775975519 112.478934194527 138.427648655204 119.744564948144 81.7390103195653 63.2788639768548 205.243118286133 64.5694137573242 120.400385538737 191.788592020671 171.140636444092 157.530787541316 135.985664113363 237.367095947266 103.160538224149 131.690281207745 149.573362350464 199.376466539171 192.711280822754 42.988461125015 70.2206427662085 90.8192202250163 79.1448729092017 196.596074422201 94.1715116024017 70.0818939208984 56.5728457951546 208.380462646484 204.773322514125 218.49471282959 136.383806738054 112.202838011302 119.660490552584 110.718441645304 106.364646911621 205.695544972139 208.259086608887 166.558013916016 159.025936126709 153.789518025716 188.809248704177 195.846820537861 194.632452223036 72.799554164872 46.5675419268748 87.0422507865088 111.039291381836 87.6774978637695 175.554832026644 170.242322401567 163.301962879643 172.144593495724 169.491832651991 167.518199885442 171.727582831132 126.606868371731 149.399716068449 128.516021280741 156.842543419548 163.756780213948 141.854309082031 0 203.507888793945 0 177.474741617839 0 149.346954345703 175.121109008789 213.988143920898 186.858057657878 168.88501739502 171.042385703639 179.271184285482 188.61633605957 179.121777852376 0 0 0 167.621574138773 138.152313232422 151.807582605665 157.961297475148 232.665924072266 159.086650672326 0 186.050861358643 166.074810451931 151.405400594076 178.00611114502 160.932861328125 191.175384521484 182.411862973814 177.315724046924 0 173.14973449707 0 132.840114593506 170.365295410156 172.8791847229 0 173.017761230469 205.625810411241 0 214.116668701172 233.186459350586 222.224107222124 211.285980224609 204.821014404297 199.926532642261 193.934661981714 193.506256103516 170.916486325471 157.153349558512 155.195693969727 198.690872192383 201.827514648438 165.581634521484 0 187.027592893507 178.494734139278 148.060461044312 156.049171447754 214.110641479492 216.491691589355 0 0 214.079064941406 246.517761230469 151.433723449707 144.380313743245 105.559967041016 141.620552062988 219.063652038574 133.82160825578 195.65712483724 223.868789672852 209.789645385742 196.126013183594 205.210064919579 242.235687255859 228.676006317139 155.267444708408 125.417119420057 135.59878553424 184.285543397416 152.33805847168 226.777481079102 172.416118621826
0 0 0 0 0 99.0316314697266 0 0 91.2251281738281 0 0 115.036109924316 10.8138392245943 0 0 121.502020517985 54.4032660149909 33.5672378540039 30.5703392203804 51.121365270307 118.431251525879 110.283180236816 109.596639633179 0 0 0 86.0256195068359 55.4667434692383 144.960632324219 0 0 0 73.9180806477865 0 0 0 61.3436385393143 65.5704857938675 155.802869796753 101.288829803467 103.152610143026 64.6504013061523 82.0326967592593 23.7806109289388 15.0122567002878 17.4199564926189 101.592163085938 100.936383174016 79.4839528401693 50.0270141561124 100.460105895996 104.619249471029 159.992078145345 218.409820556641 0 167.743347167969 0 112.267100016276 0 0 152.553595542908 99.537840101454 84.6016297773881 78.445098400116 58.3669620090061 25.5891414189068 0 0 116.237135823568 119.467584737142 84.6910629272461 76.5626356760661 71.7931662743245 30.0870863773562 0 69.0065950666155 67.2269368300567 13.7615718449143 65.2849028559014 78.285470690046 107.442934450896 75.4588937759399 163.126502990723 215.870783487956 154.530426025391 0 0 95.3976658329819 68.4757500512259 50.6171565546054 56.0105672829658 94.4263593885634 100.692077636719 110.147536141532 88.6535768127441 177.478210449219 79.5526700814565 112.551698303223 0 0 0 146.160430908203 0 0 172.198689778646 0 0 0 0 0 0 139.690719604492 100.630439758301 109.978634643555 72.1952302424668 105.268119812012 183.403411865234 103.779402770996 0 88.6679107576521 124.077342224121 93.7422639846802 128.647336142404 0 180.700119018555 124.613774617513 112.403999328613 0 104.173980712891 97.8092783877724 174.131446838379 154.034057617188 0 155.451792399089 129.169860839844 152.225273132324 0 0 131.718914213635 126.160648948268 85.9499254711604 134.029174804688 93.242073059082 129.869062423706 168.701019287109 100.236381368434 73.3858869340685 94.7746374947684 111.878551374163 82.2688055843343 0 132.253755716177 131.821565839979 147.184855143229 126.724779129028 106.321457454136 0 156.194618225098 199.64208984375 129.420127868652 211.091049194336 220.00558980306 0 158.378829956055 148.622711181641 0 83.0127098560333 95.4337608337402 92.0225090753464 41.3582342721366 176.01047261556 162.772300720215 137.961219787598 0 112.24279112735 88.7555169060117 136.192707061768 130.802170753479 97.7137925340047 103.042910608752 156.748443603516 138.922777811686 45.5504184693329 163.127326965332 99.9323133196149 152.506729125977 103.124623979841 110.240866147555 137.783398782053 0 0 123.233851868429 133.463248159371 141.672779083252 231.942855834961 0 0 0 0 150.202926635742
123.798846244812 0 113.350357055664 111.716674804688 93.2897905203012 88.660456237793 95.7336151123047 153.887901306152 0 133.083160400391 86.5046577453613 102.916393824986 0 17.9869548081617 15.1250257636151 40.2529650101295 20.3136279544165 104.156304253472 89.0918385982513 42.8336601734161 102.415474891663 94.2214962005615 53.7537175897966 61.6228041207738 83.6604343761097 60.3303974151611 26.2394438027402 27.4626881213685 107.762788332426 101.376201205783 67.9336662897988 91.5650043487549 86.5028155933727 71.5538792277491 36.3155723532382 17.1921341800309 35.5891600842172 82.4230904897054 59.6028736432393 48.2915674009656 77.2841208934784 59.7930214252878 74.9266590899732 80.4242668151855 0 0 58.8335081527793 99.3156936645508 90.9523518880208 0 0 0 149.594866943359 128.668488790823 162.224402794471 128.082138061523 89.8305946018385 59.282844456264 40.1625265119405 41.6521177518935 99.5871894836426 125.403667994908 111.608182492463 71.8336437136628 72.8935949264034 0 112.504528660928 66.3206644009818 87.8756821155548 125.556793212891 139.779083251953 117.928768157959 109.44718170166 66.0992700576782 71.9841615194107 0 0 0 92.8524754842122 0 189.519424438477 0 151.817476625796 130.615665435791 133.342297097911 114.910209655762 0 0 178.274688720703 0 140.857950210571 129.691363525391 0 144.690628051758 116.843499660492 76.4950654076748 151.736846923828 116.733659362793 79.8856604439872 85.5090528215681 0 0 0 0 0 0 0 0 0 0 0 0 130.552398045858 118.091549464634 115.584884643555 128.037694454193 133.247095108032 121.045305186305 124.844951629639 154.104446411133 132.912486168646 130.467901916504 119.538351409289 118.609920501709 152.511489868164 122.43839263916 115.826978410993 152.796319144113 133.090530395508 119.859471638997 0 0 0 142.670613098145 113.527359008789 133.991047668457 127.370610046387 115.405894385444 132.26441356114 125.729805993252 139.332471211751 130.690094811576 195.430643717448 191.973999023438 169.524749755859 159.096343994141 0 0 112.244760240827 170.966377258301 133.131640347567 207.535461425781 0 0 165.690887451172 0 0 0 0 0 0 163.401443481445 0 0 0 133.916257585798 147.689743041992 169.028198242188 0 0 179.09538269043 159.436920166016 0 117.784944152832 191.477157592773 146.114613850911 0 0 211.638710021973 0 0 126.654314994812 72.5520839691162 130.586639404297 0 106.135340372721 0 0 0 164.142837524414 0 0 196.72807820638 0 0 0 147.753789265951 0 0 145.10498046875
130.615686543783 111.378885904948 178.888128662109 99.2854932897231 85.0305569966634 86.7206101644607 99.3234087626139 185.712554931641 0 126.93217086792 87.6004388982599 102.765396364274 0 15.1250257636151 9.81239671998693 16.8871104248767 19.2537561887082 62.0732376116131 105.747159664447 20.9832721650003 75.1486912727356 92.6037250420986 51.7435920259677 73.1185021209717 77.8247314180647 58.6558468892024 32.8398435756505 21.9774135394849 103.542589607239 95.5647484766294 66.2777776270105 87.6827602386475 88.0214474995931 72.8218731457674 45.0961196131902 35.3364034365205 24.7801018897444 80.9179103851318 35.0145593197619 55.3959705092066 66.8417920625082 68.7569627761841 82.9531970243574 136.625022888184 0 105.075263283469 64.717779771337 93.4776960674085 89.2280225055974 0 118.789747873942 0 149.511492570241 127.696780602137 151.619831085205 120.841890033923 90.2286199893592 57.8848080995704 56.481671660911 50.0904084172742 65.1160231197582 104.857926868257 94.8900021808903 71.969844578985 55.974640966832 181.237228393555 115.59641737687 64.6454062041652 63.7735254230784 118.407518598768 120.06763458252 100.041799398569 135.260792922974 55.0236959977583 69.7185785347056 94.9773775736491 200.590400695801 0 97.1152008056641 0 150.947791735331 150.756252288818 150.282805181183 126.65452003479 130.810453891754 113.710581461589 85.5081583658854 135.001233418783 153.545864105225 0 141.953943692721 110.622251106031 161.977851867676 128.790530660878 106.971789219068 72.9717174900017 0 120.533816997822 81.5577192306519 79.1073064804077 0 0 0 0 165.739074707031 0 0 116.083541870117 236.487976074219 129.263214111328 221.935165405273 0 115.311665534973 103.172938615848 122.824604034424 113.232526527261 112.107440524631 121.446615079554 115.001124642112 124.111577120694 123.530020745246 122.683113036617 114.361882230971 135.067850112915 138.940502166748 118.799305809869 106.525227208291 135.222006225586 130.252690124512 115.595982255607 166.61385345459 0 158.083755493164 146.736908503941 111.28606262207 132.343014924423 112.654716053228 103.719055662764 121.189631198315 120.044749050276 116.235536956787 114.993602629631 131.165025150075 175.431007385254 141.350739796956 148.725411987305 99.5632858276367 0 94.502643649861 153.739654887806 120.766931209924 211.602207183838 170.686761474609 167.685348510742 151.445373535156 137.341094970703 0 0 0 209.244598388672 185.671208699544 166.473909818209 0 0 128.640579223633 120.999146310907 145.389142036438 151.901305488918 164.364649454753 164.772048950195 166.04128112793 140.275107383728 133.327903747559 117.695336659749 154.463088989258 141.923716408866 0 192.648216247559 150.485720316569 159.435581207275 188.349749755859 117.47630681747 72.9501086964327 137.539379119873 201.382843017578 99.2254769461496 0 0 148.564041137695 167.976874215262 188.096841430664 195.36774597168 183.022993469238 0 129.890393575033 0 155.978762944539 115.675422668457 174.828536987305 135.181765238444
