33361 16886 11032 6079 1011 5011 10752 8619 112 213 50 1720 2 0 0 3 2 3 4 1 122 47 5 4 8 0 2 1 9457 9227 48 43 143 13 2 0 5 5 4 3 2299 5 9 6 1 8 6 6 24 6 44 142 1077 1042 575 459 69 2 0 0 5 4 1 4 7 2 99 8 6 20 6 78 20 22 20 2 29 1 21 30 160 14 2755 1368 1069 215 6 32 1 6 6 204 61 8 5 25 88 2885 17 5 24 17 94 60 2 78 9 60 74 63 93 44 0 0 2 1 0 0 0 1 4 2 1 11 5 0 1 0 0 0 43 4 10 13 0 13 0 0 15 7 0 2 1 4 38 0 0 1 2 2 3 0 2 2 0 2 2 0 6 1 17 27 1 33 2 0 0 0 0 1 39 5 0 0 0 1 1 1 4 0 16 15 6 2 0 21 1 0 8 3 11 2 0 3 15 11 15 4 0 0
16886 14766 8022 15807 2118 4412 462 277 15 40 13 1043 0 0 2 1 0 1 0 1 119 25 0 1 8 1 4 0 752 3620 56 10 44 1 0 0 2 0 0 0 873 1 4 2 1 4 3 1 2 3 9 24 207 273 112 108 107 2 0 0 1 2 4 0 4 0 55 0 1 0 5 41 6 12 8 1 11 1 5 1 28 2 747 557 607 141 2 14 2 0 1 36 10 1 4 14 30 299 24 1 15 16 45 27 5 52 7 22 50 28 45 28 0 0 0 0 0 0 0 0 2 1 0 8 5 2 2 0 0 0 26 0 9 6 0 4 0 0 0 4 0 0 0 3 23 0 2 0 2 1 1 0 0 1 0 0 1 0 1 1 4 21 0 13 0 0 0 0 0 0 22 1 0 0 0 0 0 0 0 0 18 9 6 1 0 4 0 0 3 1 9 1 0 2 6 3 11 3 0 0
11032 8022 15608 9399 156 3802 1195 6843 290 3849 204 20333 1 0 0 2 2 2 3 1 319 73 6 3 11 1 1 4 454 407 23 8 28 7 0 0 3 3 3 5 2370 2 5 2 2 4 5 5 15 8 38 83 455 508 262 274 90 9 1 0 7 2 2 3 10 3 114 3 5 7 1 97 14 54 13 2 37 2 22 10 112 7 1871 1254 1532 310 9 33 10 2 11 113 50 8 8 19 274 546 45 5 227 86 567 283 27 451 141 421 671 405 720 326 0 0 3 0 0 0 0 2 9 3 3 27 10 0 13 0 0 0 211 4 35 48 0 21 0 0 19 20 0 4 0 24 177 1 9 0 4 8 5 1 1 7 0 3 6 3 0 3 52 149 3 105 6 1 0 1 1 1 140 9 1 2 0 0 2 3 6 0 113 49 33 1 0 105 4 2 7 9 63 4 0 12 92 62 56 19 0 1
6079 15807 9399 17871 8784 7226 199 90 22 18 18 2147 0 0 0 0 1 0 0 0 165 46 2 2 4 0 1 0 590 3302 206 15 62 6 0 0 0 2 0 1 647 0 3 1 1 2 0 0 3 0 6 10 132 151 58 79 139 3 0 0 0 1 0 1 4 0 44 1 1 0 0 62 8 16 2 3 21 0 21 1 10 0 439 344 513 101 3 4 3 0 1 16 8 1 0 4 51 200 25 1 14 21 79 64 4 78 10 32 90 40 79 65 0 0 0 0 0 0 0 0 6 0 0 17 7 2 6 0 0 0 59 1 14 18 0 11 0 0 7 3 0 1 0 6 33 0 4 0 2 0 1 0 0 4 0 0 0 1 0 0 13 41 1 21 3 0 1 1 0 1 32 3 0 0 0 0 0 0 1 0 21 9 11 3 0 20 0 0 1 1 24 0 0 3 13 13 16 7 0 2
1011 2118 156 8784 10535 11556 474 65 37 24 44 3072 12 1 2 17 12 22 48 2 349 176 30 7 18 3 11 10 2550 7626 6011 2023 1690 279 2 0 42 68 27 10 863 6 24 9 10 57 8 7 8 6 22 32 357 528 163 138 1885 86 4 3 59 5 10 10 33 5 162 17 44 9 7 473 247 38 123 53 21 3 95 4 39 1 959 734 854 195 18 8 2 2 42 59 21 5 9 544 173 645 78 55 22 28 103 70 8 92 16 29 118 50 130 78 0 0 4 0 0 0 0 1 5 6 0 9 0 1 2 0 0 2 60 0 10 21 0 9 0 0 6 12 0 1 3 4 54 1 3 1 5 8 3 0 1 2 0 0 0 0 0 3 21 45 1 30 4 0 0 1 0 2 26 5 0 0 1 0 0 0 5 0 32 16 15 1 1 30 1 1 2 3 12 2 1 5 19 11 15 4 0 1
5011 4412 3802 7226 11556 15936 557 153 81 173 477 10737 5 0 4 18 7 19 40 0 780 524 38 5 35 4 5 12 1509 4593 1451 3912 2898 185 3 0 31 57 24 8 1243 10 23 10 8 57 7 6 3 1 16 35 324 443 153 156 398 44 2 4 34 6 8 11 32 3 146 7 48 7 8 640 227 61 53 43 72 4 171 4 36 3 1063 937 1470 244 22 8 3 1 27 52 12 2 10 466 332 558 103 10 97 94 372 295 48 476 49 157 492 234 535 297 1 2 2 0 1 0 3 5 3 1 2 19 13 3 6 1 0 0 188 7 56 69 1 17 0 0 18 31 3 4 2 15 135 1 11 2 4 13 4 0 0 7 1 4 1 5 1 3 43 99 8 90 11 0 1 1 0 3 108 17 0 1 0 2 1 0 10 0 110 46 35 6 1 91 3 1 2 9 64 1 2 9 90 40 40 6 0 4
10752 462 1195 199 474 557 11948 10649 1047 2723 612 675 5 0 0 1 0 6 3 0 49 28 8 0 2 1 0 0 3795 1309 64 31 99 18 1 0 2 5 3 4 390 4 7 1 9 9 1 1 6 8 34 95 920 596 444 184 13 3 0 0 4 5 3 1 6 1 17 1 5 12 5 97 13 13 13 6 47 3 28 15 106 9 1087 228 132 14 1 28 5 3 9 136 47 6 6 43 227 6502 3 1 13 10 53 42 5 49 17 50 66 49 52 39 0 0 0 0 0 0 0 1 0 0 1 5 4 1 2 0 0 0 23 1 10 14 0 4 0 0 6 5 0 2 1 6 28 0 3 0 0 1 2 0 2 2 0 0 0 1 3 5 2 16 1 14 3 0 0 0 0 2 17 1 0 0 1 0 0 0 0 0 17 14 9 0 0 10 0 1 4 2 10 2 0 4 21 4 5 3 0 1
8619 277 6843 90 65 153 10649 25994 3214 11842 1306 1686 0 0 1 4 1 3 0 0 32 16 9 3 9 0 2 0 412 325 19 9 18 3 0 0 1 2 2 0 1924 4 5 1 7 3 1 2 18 7 55 151 763 643 488 405 13 3 0 0 4 3 0 3 5 2 29 3 5 16 18 21 7 19 9 4 33 1 9 17 179 17 2253 780 608 85 6 43 13 2 11 210 65 13 6 20 160 2135 8 6 53 10 83 39 5 57 25 147 108 105 142 42 0 0 0 0 0 0 1 0 2 1 0 1 3 0 1 0 0 0 15 0 8 7 0 4 0 0 4 4 0 0 0 0 19 0 1 0 3 1 0 0 1 0 0 3 0 1 2 5 4 13 1 13 1 0 0 0 0 0 9 1 0 0 0 0 0 0 0 0 21 12 6 1 2 14 0 1 2 0 6 2 0 3 26 15 6 2 0 1
112 15 290 22 37 81 1047 3214 1767 3784 1397 726 38 0 1 1 0 1 3 0 64 100 24 2 1 0 2 0 39 72 4 20 60 2 0 0 4 3 1 3 81 0 13 20 192 8 3 3 4 87 3 15 153 44 29 18 23 3 0 0 4 5 5 3 1 35 5 3 11 2 2 396 53 208 5 7 457 83 137 5 18 18 87 32 43 9 6 9 4 8 28 7 1 2 10 12 2984 1415 4 0 54 6 94 33 4 68 39 213 173 126 166 41 0 0 0 0 0 0 0 1 0 0 0 2 0 0 1 0 0 1 12 0 6 11 0 2 0 0 6 3 0 1 0 0 10 2 1 0 2 3 0 0 0 0 0 0 0 1 1 1 1 3 1 8 1 0 1 0 0 0 6 0 0 0 1 0 1 0 5 0 33 10 6 1 0 22 0 0 0 0 4 1 0 1 47 13 4 1 0 0
213 40 3849 18 24 173 2723 11842 3784 34292 9575 25375 0 0 0 1 0 3 0 1 64 67 9 0 6 0 1 0 95 59 5 2 30 4 0 0 1 3 1 1 686 2 2 0 5 3 1 3 6 6 15 49 321 194 186 142 5 1 0 0 2 1 2 2 4 3 7 1 2 8 6 82 7 12 7 2 123 0 17 4 61 2 835 225 235 22 4 9 2 2 5 86 14 7 3 12 1057 1553 3 2 192 48 334 229 18 355 164 795 614 529 750 276 0 1 1 0 1 0 0 2 1 0 0 14 4 1 2 0 0 0 64 1 19 36 0 4 0 0 9 7 0 0 0 5 70 2 3 0 3 1 3 0 1 4 0 5 0 1 3 2 21 73 5 48 2 0 0 0 0 3 59 2 0 0 0 0 1 2 8 0 104 28 21 0 1 95 1 0 5 4 38 3 1 3 175 66 24 10 1 0
50 13 204 18 44 477 612 1306 1397 9575 3453 4523 29 0 3 0 2 2 22 1 173 138 36 1 10 1 1 1 54 36 5 27 115 5 0 0 3 17 3 4 181 0 4 43 27 28 5 2 2 8 1 17 88 43 27 32 5 2 0 0 9 3 2 1 0 6 5 4 4 5 4 1172 102 83 14 8 614 29 309 1 23 3 159 51 116 10 6 2 1 0 13 14 6 0 3 26 3305 646 11 1 177 68 457 284 33 491 97 688 774 583 994 426 0 1 0 0 0 2 0 0 9 3 2 15 8 0 4 0 0 1 90 6 22 49 0 11 0 0 17 14 0 3 0 10 66 1 17 0 4 1 2 1 2 5 0 6 3 2 5 3 24 61 6 55 1 0 1 2 0 7 65 4 1 0 2 0 0 1 10 1 168 39 54 4 1 152 4 2 12 5 36 3 1 6 216 66 27 19 0 3
1720 1043 20333 2147 3072 10737 675 1686 726 25375 4523 26930 26 0 3 11 4 30 85 1 1012 967 93 10 36 6 7 17 588 1368 304 506 1526 133 6 0 25 64 21 16 1215 1 20 49 33 79 16 12 4 12 12 34 219 346 115 172 115 56 1 1 41 11 5 3 42 9 100 8 49 8 6 2749 586 152 85 45 190 19 969 3 27 2 819 682 1191 176 33 9 2 2 38 32 13 0 15 497 2093 766 103 7 382 322 1388 919 128 1512 226 1069 2023 1141 2302 1100 1 1 7 1 3 5 2 10 16 12 5 70 38 4 32 0 0 2 476 17 130 195 1 50 0 0 54 61 1 5 2 31 320 3 22 1 13 21 8 0 0 24 1 11 4 4 5 2 113 280 19 221 26 2 4 2 2 16 269 39 3 0 1 3 3 2 22 0 403 128 126 14 0 339 10 5 9 24 148 8 1 24 433 131 120 44 2 3
2 0 1 0 12 5 5 0 38 0 29 26 5296 2 1 11 46 383 3295 105 7 25 9 10 2 3 25 30 14 6 2 12 96 25 1 1 32 1054 29 7 44 13 44 7833 2998 3547 6 9 6 90 0 1 6 7 3 0 4 2 2 0 10 6 8 23 30 1262 2 3 11 4 7 214 675 845 5 11 1120 550 986 0 7 17 7 7 5 6 2 27 10 8 98 1 1 8 38 16 319 13 1 0 1 1 7 8 0 6 0 7 6 7 12 5 18 82 265 18 2 84 14 532 50 426 45 3 2 0 2 4 0 52 8 3 3 1 0 1 5 1 36 24 99 11 26 1 5 2 17 22 42 380 3 0 0 0 0 0 0 0 1 2 2 4 0 4 1 1 27 10 1 170 6 3 1 0 2 5 0 0 11 0 7 3 110 1 1 11 1 3 1 2 0 3 2 1 3 0 4 0 0 0
0 0 0 0 1 0 0 0 0 0 0 0 2 3061 4272 293 703 57 14 34 4 5 213 26 0 5 799 592 17 6 16 4 8 103 2798 3807 853 3 66 50 216 1 14 1 2 5 93 1 0 1 0 0 6 8 1 1 29 292 357 489 9 1 7 37 131 3 5 167 76 3 2 3 4 360 137 26 1 10 1 0 0 1 4 18 2 1 6 0 0 1 6 0 0 0 5 18 2 0 8 23 0 0 1 0 0 0 0 0 0 0 1 0 61 27 12 40 8 25 102 22 157 192 286 4 0 7 2 4 1 29 1 1 0 2 0 0 15 6 4 50 2 22 3 0 6 2 0 0 40 21 0 0 0 0 0 0 0 0 0 0 1 1 0 1 0 2 1 7 0 2 1 1 0 0 0 4 0 0 5 0 2 12 104 0 0 3 0 1 0 0 0 0 4 1 1 0 2 0 0 0
0 2 0 0 2 4 0 1 1 0 3 3 1 4272 17812 8489 753 2277 38 225 21 45 1507 145 13 33 1267 2655 34 10 30 12 42 154 2461 1524 1214 20 508 166 1736 37 116 4 9 34 246 16 15 10 0 0 16 17 9 6 52 492 370 418 147 23 31 81 750 26 11 251 661 15 10 5 15 681 269 284 2 20 3 0 9 1 17 40 8 5 13 7 8 7 82 14 1 12 40 32 1 4 4 39 0 1 0 0 0 0 0 0 0 0 4 2 103 59 22 86 10 47 141 43 222 326 493 8 0 8 10 7 0 44 0 0 2 5 2 7 27 8 19 82 9 25 3 2 9 2 2 0 62 62 3 1 1 1 0 1 0 0 0 1 0 2 0 0 0 4 8 14 0 0 2 1 0 0 1 10 0 0 15 0 6 15 171 0 3 10 0 3 1 0 1 3 4 3 0 1 0 2 0 1
3 1 2 0 17 18 1 4 1 1 0 11 11 293 8489 8806 655 4071 1357 2605 35 64 781 873 24 66 2835 5694 108 45 49 44 179 324 452 105 696 96 1027 156 2784 385 647 17 26 155 195 77 136 33 4 1 37 59 56 38 124 744 93 150 183 78 147 276 218 78 44 207 128 70 30 15 70 97 505 126 7 8 9 2 40 3 46 75 24 24 16 49 84 62 124 145 34 81 199 115 10 8 21 71 0 0 1 0 0 1 0 1 0 1 0 0 13 77 156 13 2 126 8 374 29 502 26 2 1 0 2 6 0 83 0 1 0 0 1 1 3 2 12 14 67 2 8 1 3 6 7 13 56 156 2 2 10 0 1 2 0 0 0 2 0 2 0 0 1 1 3 13 2 38 0 0 1 0 8 11 1 3 22 2 1 3 47 1 4 1 0 4 7 0 2 15 2 0 1 0 1 0 0 1
2 0 2 1 12 7 0 1 0 0 2 4 46 703 753 655 1851 542 784 922 46 122 1140 191 61 120 414 149 33 23 13 20 78 142 718 502 1494 164 98 705 766 29 177 20 42 132 774 14 18 12 0 0 18 35 10 5 38 239 386 49 93 33 85 65 111 10 32 234 64 10 5 10 31 317 152 58 5 14 15 0 10 0 22 67 29 32 33 9 16 17 46 12 1 16 73 62 5 4 25 12 2 2 0 2 0 3 0 2 1 1 2 7 42 21 14 38 36 10 100 27 419 76 150 48 60 18 30 5 3 32 7 3 9 25 0 8 23 2 128 397 4 67 4 0 34 6 4 1 194 67 23 1 1 0 0 4 0 1 0 2 3 9 0 0 2 15 7 5 0 3 23 12 2 1 5 4 3 0 9 1 19 142 161 8 1 53 0 1 1 13 13 2 11 5 9 1 27 17 2 10
3 1 2 0 22 19 6 3 1 3 2 30 383 57 2277 4071 542 9109 6219 1855 34 74 450 1080 27 45 3057 853 57 18 22 39 364 383 215 12 563 494 6373 126 1473 461 1373 181 64 3038 154 65 115 37 5 4 24 52 76 35 62 248 45 45 1379 83 249 1029 490 166 47 126 135 55 27 64 338 221 229 207 10 66 41 1 38 3 35 72 23 24 39 53 72 60 212 94 19 87 385 143 9 7 24 19 0 1 0 0 0 0 0 1 1 0 3 0 47 214 500 45 3 213 17 682 68 989 39 6 5 4 4 9 2 263 5 0 2 3 2 6 17 2 23 26 161 14 80 3 14 13 39 49 129 524 3 5 10 1 1 2 1 0 0 2 0 2 0 2 2 6 40 43 6 76 3 1 2 5 13 20 3 2 42 5 5 22 97 0 11 6 1 9 9 1 3 14 3 2 0 2 1 1 0 0
4 0 3 0 48 40 3 0 3 0 22 85 3295 14 38 1357 784 6219 44490 10602 64 137 271 576 51 125 2350 660 51 32 30 69 797 348 475 4 565 6266 252 362 587 133 657 9596 612 2994 284 64 44 92 1 2 17 35 24 18 45 87 57 12 126 91 186 633 404 246 31 81 45 49 31 310 1758 4866 103 71 96 1813 375 2 26 10 44 69 50 27 39 44 66 46 262 53 14 59 238 174 38 11 20 16 1 6 10 6 6 5 0 5 7 6 7 13 542 549 974 399 62 894 313 1471 795 4458 630 59 35 21 68 45 9 1029 13 9 19 40 10 21 148 20 241 402 168 195 93 3 62 20 112 117 741 746 39 4 4 1 1 7 0 3 3 0 7 7 0 4 8 37 79 121 24 115 37 10 8 14 19 47 4 2 75 2 29 158 1015 18 7 67 4 9 6 6 6 17 19 12 13 0 18 10 3 11
1 1 1 0 2 0 0 0 0 1 1 1 105 34 225 2605 922 1855 10602 4979 25 68 594 411 47 190 1139 109 7 4 3 3 50 41 733 7 199 99 231 847 772 64 369 51 52 308 504 32 35 21 2 1 6 14 4 5 15 34 112 10 302 57 140 131 86 21 15 70 73 28 15 11 48 407 33 91 7 44 11 0 13 0 15 29 16 14 8 22 27 21 84 28 7 31 149 15 4 0 11 6 1 0 2 1 0 2 0 0 1 3 5 2 208 114 22 138 24 23 144 38 273 180 230 27 11 10 34 9 4 129 5 1 6 15 1 5 64 6 45 167 15 106 14 2 23 14 4 4 96 57 26 5 7 0 0 1 0 0 0 0 4 2 0 2 2 37 7 34 6 5 11 7 3 7 6 11 0 1 12 0 7 56 130 9 5 16 0 5 5 5 3 12 5 1 6 0 6 4 2 6
122 119 319 165 349 780 49 32 64 64 173 1012 7 4 21 35 46 34 64 25 9214 11121 4127 154 422 107 59 7 120 117 124 192 548 294 9 3 98 141 16 144 979 32 100 28 12 51 62 16 9 10 1 3 31 37 13 1029 74 49 4 2 21 18 42 39 38 4 24 25 29 5 4 251 272 220 165 17 222 9 173 0 3 0 303 90 3363 147 124 2 4 5 24 6 1 3 42 202 427 71 510 25 10 19 30 17 4 48 6 16 43 22 59 40 1 0 5 2 9 3 13 10 57 12 15 27 26 4 16 0 0 1 29 0 10 26 1 21 1 0 90 118 1 16 0 4 44 0 2 0 39 19 14 0 1 1 1 0 2 0 0 1 8 26 0 13 4 2 7 3 2 0 35 5 1 4 1 0 0 2 1 0 31 73 67 5 0 48 0 4 2 7 18 4 1 4 22 3 28 8 2 4
47 25 73 46 176 524 28 16 100 67 138 967 25 5 45 64 122 74 137 68 11121 34804 5480 982 5898 2095 329 13 179 133 96 275 1097 843 40 0 235 433 43 4311 469 174 936 58 47 161 438 51 54 26 1 5 82 170 45 189 133 152 13 13 123 123 431 208 155 17 120 141 75 65 29 492 570 599 343 82 455 20 318 2 18 4 718 730 6456 1253 730 37 55 35 133 49 15 82 438 287 761 96 2435 52 19 36 84 43 13 79 18 24 69 36 89 59 1 2 11 3 29 7 47 26 258 46 41 66 44 17 35 0 1 1 59 5 22 48 3 32 6 1 229 367 3 31 2 12 92 5 14 0 157 81 32 3 6 8 0 4 2 1 2 1 23 42 2 37 4 2 9 3 5 5 67 19 1 3 10 4 3 2 15 0 50 199 163 11 5 108 3 3 4 16 40 9 4 10 33 10 52 19 1 17
5 0 6 2 30 38 8 9 24 9 36 93 9 213 1507 781 1140 450 271 594 4127 5480 17750 10589 1411 5985 544 144 31 24 20 56 452 664 32 94 1526 707 384 2342 8513 2071 1560 63 51 219 176 63 207 37 4 3 19 50 74 72 40 123 28 58 206 91 194 65 82 31 19 42 99 60 35 129 276 220 101 108 158 6 125 0 30 4 107 186 320 87 34 51 90 66 171 115 31 121 418 64 238 25 65 5 6 13 19 15 6 21 3 8 19 9 27 13 6 7 21 7 26 4 41 21 163 49 55 45 35 5 23 1 1 8 17 6 10 21 0 6 8 1 97 179 2 39 4 8 44 6 6 4 87 54 14 1 6 4 1 3 1 0 1 6 12 15 1 9 1 8 6 5 4 3 20 9 0 3 5 2 1 4 21 3 29 106 69 15 6 55 1 9 7 10 20 11 9 9 10 2 26 11 1 12
4 1 3 2 7 5 0 3 2 0 1 10 10 26 145 873 191 1080 576 411 154 982 10589 10451 1059 9920 3280 45 28 11 14 8 64 100 910 6 165 172 458 4654 2356 3380 1483 25 64 956 2323 57 220 38 2 2 44 171 80 51 61 89 403 9 479 66 170 242 160 110 119 266 96 40 21 12 46 177 57 65 16 10 21 1 26 4 178 403 217 163 138 42 58 63 287 92 17 81 338 26 17 3 75 13 1 0 0 0 1 0 0 1 0 0 5 1 4 13 34 4 4 6 26 46 59 44 35 5 4 1 5 1 0 9 1 1 3 3 1 1 1 0 22 80 18 9 18 0 5 3 13 1 35 106 1 1 8 0 0 2 0 0 1 2 0 0 0 0 2 1 16 10 6 19 3 1 0 1 11 8 1 1 21 3 0 22 45 1 6 8 0 7 7 1 2 6 5 2 0 0 4 1 0 0
8 8 11 4 18 35 2 9 1 6 10 36 2 0 13 24 61 27 51 47 422 5898 1411 1059 6785 1249 250 19 46 8 20 13 66 73 15 0 66 126 13 3525 221 55 489 10 4 43 1913 25 19 9 5 9 142 590 73 73 75 52 12 2 40 55 194 177 124 5 412 334 48 31 11 23 74 142 111 16 39 6 44 2 18 1 750 2070 2144 2014 2995 12 16 11 43 23 13 28 184 23 24 3 4206 371 0 2 3 1 1 3 0 1 1 1 2 4 3 0 1 2 5 4 11 3 53 8 12 5 10 3 2 0 0 1 0 0 1 2 0 7 2 0 34 57 1 9 2 0 10 0 3 0 25 12 4 0 3 0 0 0 0 0 0 0 1 3 0 2 1 1 0 1 0 1 4 3 0 0 4 6 2 0 6 0 2 28 20 0 2 13 0 2 2 1 0 2 0 0 1 0 1 4 0 1
0 1 1 0 3 4 1 0 0 0 1 6 3 5 33 66 120 45 125 190 107 2095 5985 9920 1249 3741 841 4 10 0 0 2 20 30 169 0 53 91 14 5025 322 93 387 10 9 27 745 10 13 7 0 2 24 48 8 10 6 4 46 1 31 29 62 26 16 3 26 18 8 10 3 7 18 107 4 10 4 1 15 0 6 0 72 115 148 58 20 14 14 6 35 16 6 21 140 3 2 0 35 2 0 0 0 0 0 1 0 0 0 0 0 0 3 0 1 1 6 1 17 3 55 10 15 2 4 0 5 0 0 0 0 0 0 2 0 2 1 0 20 63 0 5 0 0 4 1 0 0 23 6 2 1 3 0 0 0 0 0 0 0 0 1 0 1 0 2 1 0 0 1 1 1 0 0 0 1 0 0 2 0 3 8 22 2 0 2 0 2 2 1 1 3 0 0 1 0 1 3 0 0
2 4 1 1 11 5 0 2 2 1 1 7 25 799 1267 2835 414 3057 2350 1139 59 329 544 3280 250 841 17116 8683 189 23 73 16 99 269 4745 164 453 111 615 2858 307 72 632 25 17 520 2607 24 18 9 2 4 127 346 36 27 334 514 994 310 129 47 176 1982 2075 173 328 934 200 21 12 10 46 913 239 40 17 47 10 0 14 1 212 610 207 283 175 9 9 7 68 17 7 14 97 62 5 6 182 103 0 2 1 0 1 1 0 0 0 0 0 3 66 70 155 59 4 146 105 460 165 830 314 1 2 3 3 3 1 50 1 2 4 5 0 3 14 5 12 46 50 13 13 0 13 0 14 9 85 167 3 1 1 0 0 1 0 0 0 0 0 1 0 0 0 2 13 12 1 49 3 3 1 0 3 12 0 0 10 1 4 15 222 2 1 11 1 2 2 0 0 2 2 2 2 0 1 2 0 0
1 0 4 0 10 12 0 0 0 0 1 17 30 592 2655 5694 149 853 660 109 7 13 144 45 19 4 8683 8415 241 31 141 29 66 254 508 182 336 25 2807 30 344 36 60 5 14 562 333 14 7 4 0 6 96 189 28 8 437 1285 323 412 128 15 44 979 1924 439 184 854 388 4 8 9 24 374 778 80 4 12 7 1 5 0 98 259 40 91 96 2 0 4 53 7 1 1 23 102 4 6 80 259 0 0 0 0 0 0 0 0 0 0 0 0 16 96 227 20 3 139 29 750 60 712 116 0 1 2 2 2 0 47 0 0 1 6 0 1 8 3 6 14 109 3 18 0 7 5 17 9 49 357 0 0 1 0 0 5 0 0 0 0 0 2 0 1 0 0 21 9 2 108 0 0 0 0 1 15 0 0 19 0 0 9 146 2 3 3 0 1 0 0 1 2 0 1 1 0 0 0 0 0
9457 752 454 590 2550 1509 3795 412 39 95 54 588 14 17 34 108 33 57 51 7 120 179 31 28 46 10 189 241 41266 12246 2111 245 573 502 33 5 154 89 193 34 581 19 130 13 34 91 71 69 18 21 31 129 4059 6675 915 217 2765 287 35 40 176 110 307 117 564 23 2430 125 456 45 48 389 179 218 1714 240 146 7 116 23 150 11 1935 1691 291 78 210 34 16 8 120 168 38 17 92 1810 313 3940 153 693 46 71 184 130 18 162 31 63 199 77 141 119 0 2 4 1 5 4 3 8 14 15 6 52 39 7 12 0 1 1 189 10 46 85 0 54 1 0 64 54 1 11 7 18 178 4 7 0 12 37 25 1 3 24 3 2 5 7 5 4 54 153 6 93 17 1 13 12 2 6 152 12 0 2 4 9 1 0 22 2 62 83 72 23 1 106 2 2 3 13 78 6 1 11 35 22 75 12 1 8
9227 3620 407 3302 7626 4593 1309 325 72 59 36 1368 6 6 10 45 23 18 32 4 117 133 24 11 8 0 23 31 12246 26902 5631 297 638 247 1 0 95 65 44 7 871 14 40 7 5 55 21 28 13 8 29 102 990 1054 413 229 4417 69 9 11 98 14 34 15 92 8 137 14 120 16 8 222 140 60 415 106 35 3 68 19 88 9 1632 871 508 133 12 20 8 1 73 102 30 8 20 1542 172 1653 29 155 16 26 85 59 3 106 15 43 115 51 99 70 0 0 5 0 1 0 1 3 2 5 1 10 9 1 4 1 0 1 58 1 21 20 0 11 0 0 15 11 5 2 2 10 39 0 4 2 4 16 2 0 0 3 0 5 0 2 2 1 10 56 4 33 3 1 4 2 1 3 51 3 0 0 2 5 2 1 8 2 35 27 13 4 0 23 0 2 1 5 16 0 0 5 24 6 11 6 0 4
48 56 23 206 6011 1451 64 19 4 5 5 304 2 16 30 49 13 22 30 3 124 96 20 14 20 0 73 141 2111 5631 5792 259 480 253 25 3 86 51 106 5 485 6 43 6 9 66 20 20 8 4 4 16 316 550 95 70 8375 467 31 22 57 36 87 45 427 6 667 61 241 17 20 113 114 23 3128 97 16 0 26 1 30 1 603 941 552 583 180 6 0 4 41 20 8 7 24 3148 37 186 1733 3562 3 5 6 10 5 12 2 3 12 8 12 11 0 2 7 1 1 1 0 5 3 0 2 6 2 0 1 0 0 0 5 0 0 4 0 3 0 0 4 2 3 1 1 2 11 1 2 0 3 11 0 0 0 0 0 0 0 0 1 0 3 3 0 5 0 0 4 1 0 2 5 0 0 0 0 4 0 1 10 0 10 5 3 0 0 5 0 0 1 0 1 0 0 1 3 0 4 1 0 1
43 10 8 15 2023 3912 31 9 20 2 27 506 12 4 12 44 20 39 69 3 192 275 56 8 13 2 16 29 245 297 259 8496 8436 1746 7 0 113 81 53 9 153 5 24 7 8 82 9 9 4 0 5 4 53 76 22 21 116 2006 17 39 67 9 9 4 72 9 24 28 90 5 9 1018 662 25 1170 98 19 4 229 0 10 1 127 117 171 41 15 1 1 2 44 12 2 0 11 6915 87 78 34 35 4 11 25 16 5 28 5 13 22 24 48 17 1 2 3 0 1 0 2 4 7 2 2 6 5 0 3 0 0 2 8 1 4 5 0 1 0 0 9 10 5 0 1 1 12 0 4 0 8 25 0 1 0 0 0 0 0 0 0 0 1 9 1 4 1 0 1 0 0 1 6 0 0 0 2 1 1 0 3 1 5 6 8 0 1 7 1 0 0 1 3 0 1 2 8 7 10 1 0 0
143 44 28 62 1690 2898 99 18 60 30 115 1526 96 8 42 179 78 364 797 50 548 1097 452 64 66 20 99 66 573 638 480 8436 10062 7751 34 6 461 3630 131 86 445 18 107 75 54 434 252 10 4 9 2 11 132 227 57 57 421 2415 60 164 185 22 40 56 129 16 96 225 172 9 12 3727 2692 140 2379 135 49 26 546 0 15 2 325 341 428 101 174 2 6 5 93 24 7 9 50 6926 435 187 93 85 22 36 73 48 8 115 10 55 113 81 149 69 10 6 11 4 6 4 9 9 37 16 11 14 11 4 8 3 0 4 39 2 16 13 2 15 1 2 43 54 4 4 2 6 38 1 4 1 22 37 4 1 0 4 1 0 0 0 0 2 8 25 3 30 4 0 4 1 0 2 43 8 0 3 0 4 2 0 13 1 55 47 36 1 2 44 1 2 7 5 23 4 0 4 28 11 11 5 1 6
13 1 7 6 279 185 18 3 2 4 5 133 25 103 154 324 142 383 348 41 294 843 664 100 73 30 269 254 502 247 253 1746 7751 8214 304 121 1406 1052 221 200 323 17 157 11 15 181 853 21 5 6 2 4 119 202 35 18 496 8304 1683 4447 201 16 70 131 375 19 156 1336 289 9 9 270 661 53 3672 197 18 5 46 2 9 2 189 288 203 80 180 7 6 10 92 13 6 9 60 2437 25 36 88 194 1 2 2 2 0 4 1 4 2 1 9 3 8 8 9 5 2 5 6 14 25 11 9 7 5 1 4 1 0 2 3 0 3 4 0 2 1 3 33 45 3 6 5 1 9 1 3 0 17 36 6 1 0 0 0 0 0 0 0 0 1 4 0 2 0 1 2 2 1 4 7 1 0 1 0 3 0 0 13 0 1 23 18 4 0 12 0 0 1 3 4 1 0 1 2 0 4 4 0 1
2 0 0 0 2 3 1 0 0 0 0 6 1 2798 2461 452 718 215 475 733 9 40 32 910 15 169 4745 508 33 1 25 7 34 304 4949 1844 1045 90 38 878 28 5 487 3 1 49 1063 2 4 5 1 0 16 54 6 4 71 443 1271 1068 17 10 49 524 320 14 37 513 75 3 4 4 18 603 146 15 2 32 2 0 3 0 30 75 20 23 34 1 2 2 19 3 2 7 89 25 0 1 17 35 0 0 0 0 0 0 0 0 0 0 1 0 57 46 26 55 7 50 116 50 195 375 414 2 1 3 5 8 0 32 1 0 2 4 0 1 13 9 16 64 2 18 3 0 8 5 3 3 62 53 4 0 0 0 0 1 0 0 0 0 0 1 0 0 1 1 2 17 2 4 1 0 0 0 1 6 1 0 6 0 4 14 141 1 1 10 0 2 0 0 0 3 2 1 0 1 1 0 0 1
0 0 0 0 0 0 0 0 0 0 0 0 1 3807 1524 105 502 12 4 7 3 0 94 6 0 0 164 182 5 0 3 0 6 121 1844 1958 401 5 32 9 72 3 8 0 0 3 99 1 0 0 0 0 1 6 2 0 9 165 2751 995 4 2 9 25 87 2 6 300 30 0 1 1 2 31 65 11 0 4 1 0 0 0 2 7 1 2 0 0 0 0 3 0 0 1 1 14 0 0 7 4 1 0 0 0 0 0 0 0 0 0 0 0 4 1 1 5 1 4 9 1 18 14 23 1 0 0 0 1 0 2 0 0 0 0 0 1 0 0 0 10 0 1 0 0 1 0 0 0 6 1 0 0 0 0 0 0 0 0 0 0 0 0 0 0 0 0 0 0 0 1 0 0 0 0 0 0 0 0 1 0 0 0 5 0 0 0 0 0 0 0 0 0 0 0 1 0 0 0 0 0
5 2 3 0 42 31 2 1 4 1 3 25 32 853 1214 696 1494 563 565 199 98 235 1526 165 66 53 453 336 154 95 86 113 461 1406 1045 401 2840 256 216 559 896 16 136 12 10 124 1421 9 6 2 0 1 44 85 20 10 172 1914 1863 705 139 19 58 101 308 10 72 1033 124 12 5 33 138 109 935 72 13 2 14 1 5 2 80 157 79 79 100 3 6 5 50 16 4 7 44 303 8 11 43 63 1 1 0 5 1 2 1 0 3 0 8 4 11 5 10 9 19 4 31 27 157 31 37 40 29 7 18 2 1 9 2 2 10 11 1 8 5 1 97 215 4 29 4 3 22 1 6 2 85 22 10 1 1 1 1 2 0 0 1 0 6 5 0 0 1 6 4 6 1 0 15 7 1 1 4 3 1 1 6 0 17 105 63 9 0 54 0 1 0 9 9 5 1 1 1 2 22 5 0 16
5 0 3 2 68 57 5 2 3 3 17 64 1054 3 20 96 164 494 6266 99 141 433 707 172 126 91 111 25 89 65 51 81 3630 1052 90 5 256 2491 47 411 293 28 142 1018 348 1764 457 23 10 48 1 1 25 78 15 19 109 311 127 37 145 22 61 57 54 57 57 233 55 12 10 176 3243 1273 348 60 53 153 187 1 7 7 80 147 115 68 143 18 29 8 213 14 4 18 91 298 31 12 51 28 3 4 9 6 3 10 6 3 3 8 19 12 31 28 43 30 47 25 105 78 482 172 135 108 113 21 64 3 3 33 11 1 33 43 1 24 19 2 343 580 14 70 4 9 89 9 11 5 293 109 48 0 0 4 1 1 1 2 2 2 11 16 0 6 3 11 10 17 6 4 80 16 1 7 5 9 7 0 20 0 33 336 343 16 3 150 1 2 2 18 28 3 4 2 11 3 55 31 6 41
4 0 3 0 27 24 3 2 1 1 3 21 29 66 508 1027 98 6373 252 231 16 43 384 458 13 14 615 2807 193 44 106 53 131 221 38 32 216 47 13252 28 1095 452 868 26 44 1945 123 62 71 14 2 1 47 111 86 40 253 755 63 147 6914 49 130 629 2263 475 72 305 2159 29 23 23 43 42 648 1082 14 2 17 0 13 0 75 125 46 42 59 23 22 28 373 59 6 42 200 165 11 6 36 129 0 0 0 0 0 0 0 1 1 2 1 0 0 160 373 0 0 38 1 409 10 186 4 1 0 1 1 11 1 57 5 1 3 1 1 1 2 0 2 8 231 1 121 0 3 11 51 13 27 1015 1 2 3 1 0 5 0 0 0 0 0 1 0 4 3 1 93 58 4 100 4 2 1 0 3 40 1 0 76 2 0 4 14 2 8 2 0 2 8 0 2 7 4 2 0 0 0 1 0 1
3 0 5 1 10 8 4 0 3 1 4 16 7 50 166 156 705 126 362 847 144 4311 2342 4654 3525 5025 2858 30 34 7 5 9 86 200 878 9 559 411 28 6231 253 111 1051 36 22 96 2215 30 36 18 1 6 60 193 26 22 45 49 104 32 67 81 274 261 80 16 146 95 48 45 10 25 76 430 30 41 34 8 29 0 12 5 229 523 369 229 129 20 34 17 82 22 16 53 386 23 13 1 151 7 2 1 2 0 1 0 1 3 0 2 5 2 12 8 11 13 25 9 80 16 223 75 146 23 13 6 17 1 3 8 1 2 4 9 0 8 9 3 67 178 3 29 2 1 19 3 5 1 94 34 9 0 2 2 0 2 0 0 0 1 1 2 0 1 1 4 7 8 3 4 7 5 3 0 5 2 2 0 14 0 7 63 113 4 3 25 1 1 1 2 4 3 2 1 5 1 12 10 0 2
2299 873 2370 647 863 1243 390 1924 81 686 181 1215 44 216 1736 2784 766 1473 587 772 979 469 8513 2356 221 322 307 344 581 871 485 153 445 323 28 72 896 293 1095 253 7989 3552 1299 106 491 1132 94 365 2172 495 346 574 69 102 956 2809 253 192 25 37 855 197 233 81 465 294 60 93 533 263 270 286 289 688 350 584 280 24 198 69 1323 126 829 130 1240 57 121 1037 653 643 1802 2980 616 575 526 311 423 156 122 84 45 46 135 111 22 130 13 62 154 95 127 70 4 28 68 7 14 16 20 77 100 80 26 122 109 20 49 6 2 19 215 15 47 122 4 157 4 1 297 367 46 52 28 66 481 57 61 10 95 232 60 23 156 36 8 37 4 20 27 66 103 231 5 102 27 5 63 44 44 39 340 51 6 10 110 109 24 33 305 20 84 377 221 39 79 310 23 55 169 43 199 170 75 25 81 15 142 57 5 55
5 1 2 0 6 10 4 4 0 2 0 1 13 1 37 385 29 461 133 64 32 174 2071 3380 55 93 72 36 19 14 6 5 18 17 5 3 16 28 452 111 3552 4548 4411 30 201 729 48 63 1886 77 3 4 9 21 139 100 25 30 7 5 732 55 75 41 250 136 10 15 200 82 38 5 13 20 31 140 18 1 15 2 54 6 22 42 28 18 5 83 102 103 1093 206 37 170 287 15 14 0 5 5 0 1 0 0 0 0 0 0 1 0 0 0 1 11 28 1 1 4 0 19 8 10 1 1 0 0 0 0 0 2 3 0 0 0 0 2 0 0 0 5 27 2 16 0 3 14 18 2 5 114 0 6 15 0 0 7 0 0 0 2 0 1 0 0 1 0 19 19 7 20 1 2 2 0 23 46 1 5 112 9 0 0 3 2 12 3 0 12 13 0 1 24 11 0 0 0 2 0 1 0
9 4 5 3 24 23 7 5 13 2 4 20 44 14 116 647 177 1373 657 369 100 936 1560 1483 489 387 632 60 130 40 43 24 107 157 487 8 136 142 868 1051 1299 4411 4298 151 1069 2970 1258 347 2792 401 12 7 115 303 86 58 206 208 266 26 2459 356 2168 3637 1606 748 320 455 1279 224 136 44 122 162 193 860 137 13 103 2 138 22 270 789 314 331 197 247 438 778 5372 494 77 497 6365 62 81 11 192 45 1 1 5 0 0 1 0 0 2 1 5 0 2 25 78 2 2 15 16 55 34 54 23 3 2 4 3 6 0 7 9 2 1 2 0 5 2 0 14 38 90 5 67 1 7 86 95 5 21 373 3 11 62 1 3 36 0 1 3 9 0 2 0 0 6 0 76 61 53 87 5 4 3 4 136 281 4 25 578 57 3 15 16 4 83 7 5 54 58 1 2 122 53 1 4 0 2 1 0 2
6 2 2 1 9 10 1 1 20 0 43 49 7833 1 4 17 20 181 9596 51 28 58 63 25 10 10 25 5 13 7 6 7 75 11 3 0 12 1018 26 36 106 30 151 11618 3500 2814 18 46 38 488 3 11 3 12 0 2 9 10 4 0 66 40 61 21 28 557 10 23 42 25 26 632 3223 2305 27 44 2457 2769 5873 20 51 77 16 22 24 8 34 103 36 46 514 19 11 29 173 16 218 12 5 1 3 4 6 15 1 8 4 2 9 6 7 11 19 33 59 19 13 51 35 142 191 338 78 53 41 6 33 1 2 35 4 2 7 29 2 13 7 1 249 228 31 31 4 9 46 8 11 4 152 114 18 2 2 5 0 3 1 3 0 14 7 11 0 4 2 5 12 14 4 25 37 6 0 2 5 17 2 1 41 2 15 171 269 9 3 66 0 9 7 11 10 8 6 6 6 1 25 14 0 13
1 1 2 1 10 8 9 7 192 5 27 33 2998 2 9 26 42 64 612 52 12 47 51 64 4 9 17 14 34 5 9 8 54 15 1 0 10 348 44 22 491 201 1069 3500 17733 2367 20 429 230 6734 16 28 32 18 19 16 32 21 6 0 84 401 428 72 344 2956 19 20 701 174 170 339 504 1337 39 217 3832 835 1831 41 426 633 29 39 13 9 17 1100 399 1966 4096 152 63 183 934 8 1742 89 6 4 6 8 13 7 0 14 2 13 17 28 35 15 2 24 99 1 2 9 2 118 13 56 5 7 4 2 1 6 0 6 12 4 5 6 1 1 0 0 12 8 80 3 33 2 11 52 84 2 11 475 2 6 27 1 3 26 4 0 16 53 1 6 0 4 1 2 96 49 32 120 12 4 3 1 63 172 9 8 519 47 8 2 18 2 42 17 6 86 63 2 1 83 38 2 25 3 4 2 0 0
8 4 4 2 57 57 9 3 8 3 28 79 3547 5 34 155 132 3038 2994 308 51 161 219 956 43 27 520 562 91 55 66 82 434 181 49 3 124 1764 1945 96 1132 729 2970 2814 2367 6554 113 125 143 95 10 3 25 83 106 70 114 165 21 14 1206 152 402 1612 1795 1653 85 110 482 73 45 322 1333 774 176 548 289 348 559 0 64 13 73 136 75 48 74 60 98 72 3794 111 39 141 810 210 101 20 50 31 0 4 7 10 1 9 1 3 6 2 7 4 64 357 1055 50 7 163 28 958 105 744 97 8 10 8 5 31 3 194 17 6 3 7 4 10 14 6 53 37 400 15 230 9 18 25 154 36 120 1602 2 3 8 1 2 12 0 0 0 5 2 10 0 2 10 3 141 131 18 334 8 7 10 4 24 72 3 5 216 17 7 21 161 4 21 13 0 9 13 4 4 26 15 3 4 2 3 0 0 1
6 3 5 0 8 7 1 1 3 1 5 16 6 93 246 195 774 154 284 504 62 438 176 2323 1913 745 2607 333 71 21 20 9 252 853 1063 99 1421 457 123 2215 94 48 1258 18 20 113 5459 29 30 7 3 5 101 352 41 22 169 521 680 289 106 89 290 730 604 18 360 1872 184 38 12 26 99 308 119 61 66 11 54 0 16 2 288 953 394 620 1341 14 19 17 71 23 9 36 339 36 19 3 313 38 0 2 2 1 0 3 0 2 0 1 0 2 18 11 10 12 3 4 59 15 114 60 105 12 6 4 10 2 1 8 0 1 1 3 0 4 4 1 39 92 2 11 1 1 8 3 2 4 51 29 2 1 4 1 0 0 2 0 0 1 3 3 0 0 0 4 5 0 3 0 4 1 0 1 4 4 0 0 8 0 6 38 63 2 1 14 0 1 1 1 4 5 1 0 0 0 3 2 0 2
6 1 5 0 7 6 1 2 3 3 2 12 9 1 16 77 14 65 64 32 16 51 63 57 25 10 24 14 69 28 20 9 10 21 2 1 9 23 62 30 365 63 347 46 429 125 29 25735 346 830 11 8 22 55 14 13 70 65 3 7 436 9036 2898 206 412 110 56 55 4606 1257 7985 7 17 48 113 11381 36 2 22 6 1290 34 47 83 44 19 25 3044 3151 1066 3489 262 174 424 1589 30 24 2 23 21 0 0 0 0 0 0 0 2 0 0 0 1 1 4 5 2 0 0 1 3 6 3 4 1 0 1 5 1 1 0 2 1 1 1 1 0 0 0 2 5 13 6 2 0 4 108 22 0 2 48 2 22 119 0 5 44 0 1 2 34 0 6 0 2 2 1 15 22 33 9 5 1 3 0 223 124 15 28 629 54 1 3 2 1 146 4 3 149 86 0 0 350 91 1 0 0 1 1 0 0
24 2 15 3 8 3 6 18 4 6 2 4 6 0 15 136 18 115 44 35 9 54 207 220 19 13 18 7 18 13 8 4 4 5 4 0 6 10 71 36 2172 1886 2792 38 230 143 30 346 8552 395 20 14 8 6 18 41 12 11 3 1 155 159 62 14 57 75 9 8 117 292 165 5 18 48 16 370 40 6 29 1 289 46 21 30 17 5 3 672 661 638 998 5353 250 3482 1712 15 33 8 8 0 0 1 1 0 0 0 0 0 1 1 1 0 0 3 4 1 0 1 0 7 2 4 1 0 0 0 3 1 1 2 5 1 0 1 0 0 0 0 3 3 10 1 4 1 2 42 17 0 2 35 2 22 118 1 5 17 0 0 1 15 1 1 0 0 1 0 9 17 23 9 2 0 0 0 104 33 11 28 208 13 0 5 2 0 56 2 4 62 77 1 0 134 60 1 2 0 0 1 0 0
6 3 8 0 6 1 8 7 87 6 8 12 90 1 10 33 12 37 92 21 10 26 37 38 9 7 9 4 21 8 4 0 9 6 5 0 2 48 14 18 495 77 401 488 6734 95 7 830 395 13582 73 579 10 16 11 15 7 7 2 1 67 1065 239 18 36 2153 7 7 271 350 486 102 99 1550 24 242 2047 392 545 1000 2586 8273 21 19 6 13 14 4717 911 4465 1291 345 146 430 1096 5 1000 51 4 5 4 4 5 2 2 12 1 4 10 2 12 7 0 5 11 4 0 4 0 5 4 4 1 2 1 1 8 4 6 0 9 3 2 1 1 4 1 0 4 2 14 6 8 4 6 114 70 2 6 81 1 47 183 3 13 55 40 0 103 326 1 6 0 3 2 0 16 33 50 74 6 4 1 3 159 127 54 75 581 42 9 2 11 2 108 12 37 361 387 0 1 359 86 2 16 0 3 0 0 1
44 9 38 6 22 16 34 55 3 15 1 12 0 0 0 4 0 5 1 2 1 1 4 2 5 0 2 0 31 29 4 5 2 2 1 0 0 1 2 1 346 3 12 3 16 10 3 11 20 73 9048 13293 15 5 182 121 5 0 0 0 5 6 4 3 4 13 3 2 10 104 13 2 3 21 3 11 11 5 3 1093 3781 463 87 5 6 8 7 321 34 29 41 3281 4191 122 13 1 8 22 5 1 0 0 0 0 0 0 0 1 0 1 0 0 0 0 0 0 0 1 0 2 0 0 0 0 0 0 1 0 0 0 0 0 0 0 0 2 0 0 2 5 0 0 0 1 2 4 0 2 0 0 1 3 5 0 0 3 75 3 173 131 0 1 0 0 0 0 1 0 0 3 0 1 0 0 2 0 4 9 15 0 0 4 8 0 0 4 22 9 76 0 0 13 0 0 2 0 0 0 0 0
142 24 83 10 32 35 95 151 15 49 17 34 1 0 0 1 0 4 2 1 3 5 3 2 9 2 4 6 129 102 16 4 11 4 0 0 1 1 1 6 574 4 7 11 28 3 5 8 14 579 13293 16682 42 34 583 250 11 9 0 0 5 12 6 2 13 268 3 6 8 124 9 9 14 186 12 10 107 24 19 11963 3818 2744 219 15 7 15 11 337 35 20 16 3567 2016 163 19 21 49 46 12 7 1 0 1 0 0 1 0 10 2 3 2 0 0 0 2 0 0 1 1 0 2 0 1 1 0 0 1 0 0 0 2 0 0 3 0 4 0 0 10 9 0 1 0 3 4 4 4 4 14 2 0 4 14 4 0 35 967 58 2648 1377 2 0 1 1 0 0 0 0 2 92 0 0 0 0 4 2 23 14 35 1 1 13 100 0 2 70 299 101 432 0 4 46 10 0 42 0 1 0 0 2
1077 207 455 132 357 324 920 763 153 321 88 219 6 6 16 37 18 24 17 6 31 82 19 44 142 24 127 96 4059 990 316 53 132 119 16 1 44 25 47 60 69 9 115 3 32 25 101 22 8 10 15 42 8652 5600 3601 25 406 108 10 4 41 52 185 108 273 11 272 146 162 20 12 129 73 146 487 58 98 10 55 5 26 4 978 165 84 87 260 3 8 1 44 30 20 12 71 291 243 6912 149 209 9 36 59 58 7 58 3 31 75 32 53 27 1 4 3 1 3 1 3 4 14 4 3 35 18 2 8 0 0 1 64 5 17 30 0 21 0 0 57 47 1 11 0 8 107 0 5 0 13 15 12 0 0 3 0 2 0 0 1 0 0 34 1 30 9 1 4 0 0 1 56 8 0 3 0 1 0 0 6 2 35 79 42 5 0 65 1 1 0 10 16 0 0 4 14 7 31 8 1 3
1042 273 508 151 528 443 596 643 44 194 43 346 7 8 17 59 35 52 35 14 37 170 50 171 590 48 346 189 6675 1054 550 76 227 202 54 6 85 78 111 193 102 21 303 12 18 83 352 55 6 16 5 34 5600 7091 782 22 1194 462 39 12 97 106 463 284 706 9 3570 622 304 41 26 152 120 201 1173 84 136 9 79 3 25 1 522 4040 146 502 1113 13 15 8 77 32 12 19 180 418 181 2031 711 547 14 33 69 49 5 62 11 31 84 39 61 38 0 4 10 0 3 3 11 7 28 13 6 54 28 4 8 0 0 1 92 6 17 45 2 51 0 0 79 70 5 14 4 18 135 0 10 0 14 36 23 0 0 6 0 1 0 1 1 1 12 48 1 45 8 2 5 3 0 4 104 14 2 4 4 2 0 0 10 2 51 114 79 20 1 77 0 2 1 11 40 1 0 8 31 7 48 13 3 9
575 112 262 58 163 153 444 488 29 186 27 115 3 1 9 56 10 76 24 4 13 45 74 80 73 8 36 28 915 413 95 22 57 35 6 2 20 15 86 26 956 139 86 0 19 106 41 14 18 11 182 583 3601 782 20457 732 94 42 5 1 61 15 54 33 100 21 29 52 47 23 9 48 33 79 116 21 35 3 22 79 280 34 3230 74 47 58 100 52 16 8 63 581 101 13 35 92 60 483 51 38 5 12 26 14 3 21 5 7 23 14 28 11 2 1 6 1 2 1 1 5 8 3 2 12 4 1 6 0 1 1 26 1 6 14 0 9 0 0 20 28 7 5 4 3 36 1 2 1 10 15 5 1 4 1 0 2 4 0 14 8 4 8 0 11 1 1 4 3 0 2 17 5 0 0 5 2 1 2 8 1 9 31 9 3 0 20 4 1 6 2 6 4 2 1 8 3 10 3 0 1
459 108 274 79 138 156 184 405 18 142 32 172 0 1 6 38 5 35 18 5 1029 189 72 51 73 10 27 8 217 229 70 21 57 18 4 0 10 19 40 22 2809 100 58 2 16 70 22 13 41 15 121 250 25 22 732 2845 40 15 1 2 44 11 26 22 40 13 4 36 30 17 9 35 25 41 42 15 21 3 19 36 183 17 4592 21 2375 53 63 36 14 14 39 468 100 13 31 82 37 76 77 26 6 6 21 6 1 16 2 5 29 9 11 6 1 1 2 0 1 2 0 4 9 2 1 12 7 2 4 0 0 1 27 1 3 11 0 10 0 0 21 27 2 3 6 4 38 1 1 0 8 10 6 1 1 2 1 1 2 1 12 4 1 14 1 8 3 1 6 1 1 2 31 4 2 0 2 2 0 2 4 0 3 36 17 4 0 20 1 1 9 3 15 3 2 0 7 0 23 9 0 3
69 107 90 139 1885 398 13 13 23 5 5 115 4 29 52 124 38 62 45 15 74 133 40 61 75 6 334 437 2765 4417 8375 116 421 496 71 9 172 109 253 45 253 25 206 9 32 114 169 70 12 7 5 11 406 1194 94 40 6686 1097 62 28 163 112 381 229 1384 27 4877 467 744 56 37 82 169 186 4339 244 131 6 71 1 20 5 398 1445 311 631 619 13 9 8 142 11 8 24 124 2883 116 50 2661 2380 6 9 14 9 0 14 2 9 9 7 14 6 0 2 7 0 1 1 3 7 15 7 4 14 7 1 2 0 0 0 22 2 2 10 0 8 0 0 35 39 10 0 4 4 44 4 4 0 10 50 2 1 2 3 0 4 0 1 0 0 10 26 1 10 1 1 12 3 0 4 28 7 0 2 4 11 1 1 19 2 11 34 35 1 3 23 2 2 2 2 14 3 0 3 6 2 11 6 0 3
2 2 9 3 86 44 3 3 3 1 2 56 2 292 492 744 239 248 87 34 49 152 123 89 52 4 514 1285 287 69 467 2006 2415 8304 443 165 1914 311 755 49 192 30 208 10 21 165 521 65 11 7 0 9 108 462 42 15 1097 10078 1939 5977 383 73 229 249 1961 33 660 2505 1146 27 28 223 248 79 6471 563 43 3 101 4 16 1 162 930 138 979 1204 7 10 8 203 12 2 7 90 1292 25 14 980 1221 0 0 0 3 0 1 0 0 0 2 3 2 1 7 8 2 1 3 1 10 12 18 3 2 1 0 2 2 0 0 0 1 0 1 1 1 0 0 8 17 5 3 5 0 4 3 10 0 7 84 3 0 0 1 0 1 0 0 1 2 0 3 0 0 1 0 11 2 2 14 2 1 0 0 4 13 1 0 30 6 3 7 9 0 3 3 0 5 1 0 2 1 0 0 1 0 3 1 1 0
0 0 1 0 4 2 0 0 0 0 0 1 2 357 370 93 386 45 57 112 4 13 28 403 12 46 994 323 35 9 31 17 60 1683 1271 2751 1863 127 63 104 25 7 266 4 6 21 680 3 3 2 0 0 10 39 5 1 62 1939 2332 5342 23 11 70 331 407 9 36 1476 67 3 2 4 16 66 474 19 4 3 4 0 1 1 19 38 12 25 22 2 4 4 14 3 1 8 57 44 0 1 25 36 0 0 0 0 0 0 0 0 1 0 0 0 4 2 6 5 3 3 20 11 38 21 48 2 1 2 2 0 0 3 1 0 2 1 0 1 1 2 7 17 1 8 1 0 1 0 1 1 6 11 1 0 0 0 0 0 0 0 0 0 0 3 0 0 0 0 0 1 0 2 0 0 0 0 1 2 0 0 4 0 0 2 13 0 1 0 0 0 0 0 0 0 0 0 0 0 0 0 0 0
0 0 0 0 3 4 0 0 0 0 0 1 0 489 418 150 49 45 12 10 2 13 58 9 2 1 310 412 40 11 22 39 164 4447 1068 995 705 37 147 32 37 5 26 0 0 14 289 7 1 1 0 0 4 12 1 2 28 5977 5342 2109 36 5 22 71 326 4 8 1919 92 1 1 0 3 5 557 22 3 0 1 0 0 0 13 11 3 10 9 3 0 0 9 1 1 1 12 44 1 0 7 25 0 0 0 0 0 0 0 0 0 0 0 0 0 0 0 1 0 4 2 3 3 5 6 0 0 0 0 0 0 2 1 0 0 0 0 0 0 0 1 2 1 1 1 0 0 0 1 0 1 11 0 0 0 0 0 0 0 0 0 0 0 0 0 0 0 0 0 1 0 0 0 0 0 0 0 0 0 0 3 0 0 1 6 0 0 1 0 0 1 0 0 0 1 0 0 0 0 0 0 0
5 1 7 0 59 34 4 4 4 2 9 41 10 9 147 183 93 1379 126 302 21 123 206 479 40 31 129 128 176 98 57 67 185 201 17 4 139 145 6914 67 855 732 2459 66 84 1206 106 436 155 67 5 5 41 97 61 44 163 383 23 36 10264 271 655 539 1084 154 69 82 2699 110 130 51 116 40 451 8720 31 0 42 0 77 2 84 112 47 33 42 75 112 94 3469 78 39 110 773 228 25 17 35 44 0 3 1 4 0 1 0 0 0 0 4 0 2 28 78 2 0 7 0 30 13 11 1 0 3 0 1 3 0 10 3 3 1 1 0 4 2 1 6 7 59 1 48 1 4 27 67 0 14 274 1 5 18 0 2 4 0 0 1 4 2 3 0 0 3 4 68 54 8 49 4 4 1 2 12 84 1 6 198 19 0 11 8 2 21 3 1 8 13 0 0 28 12 3 1 0 2 2 1 0
4 2 2 1 5 6 5 3 5 1 3 11 6 1 23 78 33 83 91 57 18 123 91 66 55 29 47 15 110 14 36 9 22 16 10 2 19 22 49 81 197 55 356 40 401 152 89 9036 159 1065 6 12 52 106 15 11 112 73 11 5 271 27110 7558 458 684 97 93 91 1898 6724 5400 9 30 71 111 1517 43 1 29 2 687 129 70 178 84 51 44 951 1303 1136 2324 158 524 1109 4294 25 29 2 35 33 0 1 0 0 0 0 0 0 1 0 1 1 1 2 4 2 0 2 5 2 5 5 6 1 0 2 10 0 3 1 2 1 1 1 0 1 0 0 2 5 12 11 2 1 4 103 18 1 4 35 1 75 362 1 14 52 1 1 3 60 0 0 0 0 0 0 15 13 40 12 3 5 1 2 209 52 25 54 444 33 0 2 9 0 184 2 12 197 254 2 2 588 133 0 2 0 2 2 0 0
1 4 2 0 10 8 3 0 5 2 2 5 8 7 31 147 85 249 186 140 42 431 194 170 194 62 176 44 307 34 87 9 40 70 49 9 58 61 130 274 233 75 2168 61 428 402 290 2898 62 239 4 6 185 463 54 26 381 229 70 22 655 7558 30458 8331 7902 204 449 397 4362 957 515 12 45 52 223 1032 56 8 46 1 128 16 299 764 248 269 199 173 322 372 2820 68 163 407 5339 75 40 8 160 125 0 2 0 0 0 0 0 1 0 0 2 1 2 6 16 1 0 4 4 13 17 12 5 2 1 0 3 0 1 0 1 4 0 0 0 0 0 0 9 15 9 2 5 1 2 35 19 0 9 74 2 8 32 1 1 10 1 0 1 6 0 1 0 0 0 2 29 26 19 21 4 6 1 1 84 118 4 8 303 39 2 4 12 1 51 3 3 43 17 2 0 78 24 1 2 0 1 1 0 0
4 0 3 1 10 11 1 3 3 2 1 3 23 37 81 276 65 1029 633 131 39 208 65 242 177 26 1982 979 117 15 45 4 56 131 524 25 101 57 629 261 81 41 3637 21 72 1612 730 206 14 18 3 2 108 284 33 22 229 249 331 71 539 458 8331 6817 6917 482 296 461 1039 127 62 4 33 124 114 90 21 10 17 0 23 4 156 601 152 261 146 22 38 28 250 15 24 63 1103 39 7 1 163 59 0 2 1 0 0 0 0 0 1 1 1 1 3 53 185 2 1 26 11 253 24 153 29 1 2 0 4 1 0 19 4 1 1 0 0 2 1 0 6 15 108 1 50 0 3 10 20 6 17 422 0 1 4 1 0 5 0 0 0 2 1 0 0 0 3 0 56 17 4 84 1 1 1 1 8 19 1 1 56 3 0 4 20 0 7 3 1 3 4 0 0 7 5 0 0 0 0 1 0 0
7 4 10 4 33 32 6 5 1 4 0 42 30 131 750 218 111 490 404 86 38 155 82 160 124 16 2075 1924 564 92 427 72 129 375 320 87 308 54 2263 80 465 250 1606 28 344 1795 604 412 57 36 4 13 273 706 100 40 1384 1961 407 326 1084 684 7902 6917 6373 781 793 1737 9666 200 174 28 45 100 1547 352 22 9 34 1 69 5 402 1103 232 412 435 44 49 43 634 51 36 84 923 265 25 8 390 592 0 6 3 0 0 3 0 1 6 1 2 2 7 115 319 9 1 37 10 345 39 169 28 2 4 3 1 13 1 33 17 10 1 2 1 9 2 2 8 17 281 6 123 3 7 42 135 9 28 1276 3 3 8 1 1 7 0 0 2 8 1 2 0 4 10 2 241 91 27 184 10 7 6 1 24 170 2 3 362 47 2 11 26 4 30 8 3 9 7 1 3 28 15 7 1 0 1 2 0 1
2 0 3 0 5 3 1 2 35 3 6 9 1262 3 26 78 10 166 246 21 4 17 31 110 5 3 173 439 23 8 6 9 16 19 14 2 10 57 475 16 294 136 748 557 2956 1653 18 110 75 2153 13 268 11 9 21 13 27 33 9 4 154 97 204 482 781 1089 18 27 825 37 62 63 72 863 58 250 1355 910 499 194 334 690 19 24 8 11 9 352 81 186 1119 55 24 72 379 15 446 25 11 14 3 3 0 1 0 3 0 0 4 2 3 0 3 50 344 2 0 11 2 119 11 55 2 4 0 0 0 9 0 27 4 2 0 2 0 1 0 0 4 1 59 2 64 2 2 24 96 14 23 521 2 3 15 0 0 10 7 0 19 22 0 3 0 2 2 3 61 49 7 439 2 5 4 0 8 26 3 5 171 9 2 5 25 3 9 4 5 9 22 0 0 25 8 4 2 0 0 0 0 0
99 55 114 44 162 146 17 29 5 7 5 100 2 5 11 44 32 47 31 15 24 120 19 119 412 26 328 184 2430 137 667 24 96 156 37 6 72 57 72 146 60 10 320 10 19 85 360 56 9 7 3 3 272 3570 29 4 4877 660 36 8 69 93 449 296 793 18 5611 818 303 36 17 38 72 144 1615 66 88 10 54 0 9 1 185 7188 113 2118 1315 4 14 5 57 10 4 26 160 339 77 15 976 903 3 3 17 8 0 10 1 1 10 3 12 7 0 1 5 0 0 2 6 9 18 6 3 14 10 5 6 0 0 1 21 1 7 7 1 29 0 0 57 29 3 6 2 3 40 5 3 1 14 32 9 0 2 6 0 1 1 3 1 1 10 25 0 15 5 0 4 4 2 1 44 8 0 1 2 4 1 0 14 3 12 56 45 4 0 48 0 1 2 3 24 3 0 2 5 0 15 8 0 4
8 0 3 1 17 7 1 3 3 1 4 8 3 167 251 207 234 126 81 70 25 141 42 266 334 18 934 854 125 14 61 28 225 1336 513 300 1033 233 305 95 93 15 455 23 20 110 1872 55 8 7 2 6 146 622 52 36 467 2505 1476 1919 82 91 397 461 1737 27 818 3041 657 41 23 34 153 182 977 86 121 4 92 1 14 4 356 1598 419 1550 2137 18 7 6 94 14 9 17 207 51 35 3 927 298 0 1 0 1 0 0 0 0 2 1 3 0 2 4 8 3 4 3 13 12 27 15 17 5 4 2 3 0 0 2 3 0 1 3 0 5 0 0 25 59 6 5 4 2 12 2 2 0 18 37 1 0 4 1 1 1 0 0 1 0 0 5 0 0 0 0 6 5 1 5 1 0 0 0 2 8 0 0 26 3 3 27 39 0 1 11 0 1 1 0 5 3 2 0 1 0 2 4 0 1
6 1 5 1 44 48 5 5 11 2 4 49 11 76 661 128 64 135 45 73 29 75 99 96 48 8 200 388 456 120 241 90 172 289 75 30 124 55 2159 48 533 200 1279 42 701 482 184 4606 117 271 10 8 162 304 47 30 744 1146 67 92 2699 1898 4362 1039 9666 825 303 657 7209 642 1529 47 46 54 1454 4534 37 0 39 0 411 13 211 399 104 120 201 189 275 232 3157 81 76 153 1109 287 50 26 130 287 0 2 0 1 0 8 0 2 2 0 5 2 2 15 34 0 1 4 1 18 16 18 6 2 3 1 4 6 1 4 7 6 3 3 2 4 2 2 4 5 70 0 24 2 5 133 119 1 6 442 2 19 19 2 5 34 0 1 0 6 2 6 0 0 9 1 168 140 101 149 6 9 8 5 186 625 4 14 1203 144 1 6 2 14 134 4 6 74 27 4 1 130 78 3 4 0 2 1 1 1
20 0 7 0 9 7 12 16 2 8 5 8 4 3 15 70 10 55 49 28 5 65 60 40 31 10 21 4 45 16 17 5 9 9 3 0 12 12 29 45 263 82 224 25 174 73 38 1257 292 350 104 124 20 41 23 17 56 27 3 1 110 6724 957 127 200 37 36 41 642 5750 1931 4 8 36 50 567 38 2 17 7 898 250 43 79 38 20 20 1116 506 449 964 688 2983 1402 1540 12 22 9 10 10 0 0 0 0 0 0 0 0 0 0 0 0 0 4 1 0 0 2 1 1 2 2 4 0 0 1 3 0 0 1 0 0 0 0 0 0 0 0 1 1 5 1 2 0 2 32 12 1 3 23 0 48 230 4 10 20 5 2 14 209 0 0 0 0 0 0 8 11 12 9 0 0 0 0 57 21 50 100 146 13 0 1 1 2 50 3 27 102 470 0 1 248 52 0 4 0 0 0 0 0
6 5 1 0 7 8 5 18 2 6 4 6 7 2 10 30 5 27 31 15 4 29 35 21 11 3 12 8 48 8 20 9 12 9 4 1 5 10 23 10 270 38 136 26 170 45 12 7985 165 486 13 9 12 26 9 9 37 28 2 1 130 5400 515 62 174 62 17 23 1529 1931 7980 5 14 42 71 1992 39 1 23 6 5418 262 21 31 15 12 8 2223 1109 659 1604 302 249 373 528 19 21 5 16 9 0 0 0 0 0 0 0 2 1 0 1 1 0 3 5 1 0 0 1 0 0 1 1 1 0 0 3 0 1 2 1 0 0 0 0 0 0 0 0 1 4 2 2 2 2 38 3 1 0 15 0 91 305 0 10 21 5 1 21 193 0 0 0 0 0 0 7 11 16 7 0 0 1 0 85 30 57 110 179 11 1 3 4 0 43 3 54 139 689 2 0 355 60 0 0 1 1 2 0 1
78 41 97 62 473 640 97 21 396 82 1172 2749 214 3 5 15 10 64 310 11 251 492 129 12 23 7 10 9 389 222 113 1018 3727 270 4 1 33 176 23 25 286 5 44 632 339 322 26 7 5 102 2 9 129 152 48 35 82 223 4 0 51 9 12 4 28 63 38 34 47 4 5 8016 5117 701 445 43 2612 383 6335 2 9 11 247 171 229 39 70 18 8 12 82 13 2 5 39 1420 3799 430 23 11 57 62 196 151 23 254 34 148 249 171 380 234 3 3 5 1 9 4 9 20 52 15 10 46 28 5 23 2 0 4 162 4 33 76 0 27 0 0 72 108 2 12 0 11 108 2 10 1 40 22 5 0 0 5 0 8 2 3 0 3 40 91 8 86 14 2 7 0 3 5 100 9 3 3 0 2 1 0 14 0 121 112 123 6 0 113 1 3 5 9 40 3 1 17 110 17 42 12 0 9
