13.3878012366984 15.985959042916 24.1677846368713 32.9467150503367 42.4516698575987 49.6069763513221 26.9765628541021 22.2263185526216 68.6475928851536 63.8194482695888 99.8156471252441 60.3724244439325 162.335876464844 0 0 203.393763224284 197.937324523926 184.028071085612 154.993328094482 170.094451904297 112.464069241383 124.869067739933 169.493215942383 213.62926864624 160.015151977539 0 176.694442749023 240.613616943359 30.5449595663378 19.1006105183599 76.1556342840195 77.412615399028 83.2464373661922 137.28289266733 181.864540100098 0 171.564031982422 161.779298400879 164.9485206604 162.090866088867 89.5197198493629 154.862512207031 183.19024488661 153.337359110514 218.218887329102 193.968040466309 145.895814259847 179.71115620931 143.932756741842 203.426348368327 140.102497794411 165.707402887479 107.677310157287 102.05556995077 118.003353483781 99.0072190860258 66.0769982268845 183.52271270752 0 0 157.126040649414 200.562408447266 245.714416503906 193.780044555664 171.420739310128 194.921569824219 88.0626206831499 157.071154594421 197.365135192871 183.389084625244 178.268877665202 88.3659019470215 135.128997039795 160.286655079235 151.422436904907 191.375785827637 127.446516102758 129.387435913086 113.33422088623 158.565564982096 181.288243484497 185.269757952009 115.207637755018 101.285991320136 109.694147632767 92.2809366625409 165.746950785319 189.690565109253 162.858505249023 198.99866994222 198.358512878418 137.356274810492 173.138947033491 189.043800354004 168.174703979492 113.02219833374 97.4027150327509 54.7579826371509 129.26537322998 150.34554901123 167.573198318481 159.822649787454 167.336087206577 171.339937845866 183.084678649902 169.909069550343 181.799615648058 130.303061803182 161.076285594218 133.287999107724 148.699210874496 165.435736569491 0 0 194.206535339355 187.570297241211 0 0 0 244.873458862305 222.03588104248 172.824409484863 223.801788330078 184.233782681552 194.634631347656 0 155.193023681641 0 0 0 161.461190157158 147.058540344238 148.310119628906 155.641441932091 0 181.006850022536 0 0 200.722803751628 209.69412449428 0 167.696266174316 223.126129150391 208.295021057129 180.686823794716 0 0 150.924530029297 178.482978820801 191.057807922363 179.307393391927 0 217.520736694336 195.903755187988 0 180.835151672363 205.931312561035 0 201.862785339355 230.823928833008 219.866334802964 208.044336954753 206.183242797852 182.372809207801 133.840789794922 0 0 0 0 169.719299316406 193.088461460211 191.673815917969 0 0 0 221.240264892578 241.40364074707 240.6103515625 234.564456939697 0 161.172166824341 163.259482828776 184.848848978678 140.950424194336 0 162.166467939104 201.99186706543 0 229.809568405151 174.797251383464 214.263241854581 226.045043945312 0 179.827087402344 123.883091227214 179.169253956188 195.580293782552 163.374347686768 0 0
15.985959042916 15.1311059248862 24.1957494652322 24.1050567351083 23.1784143784454 46.2243652823613 55.7171238407944 58.3666346098972 95.1266639709473 102.794151210785 98.7596649756798 57.2023771840111 0 0 206.667839050293 188.517456054688 0 192.928848266602 0 220.129791259766 105.966080224815 121.800922851563 0 195.480728149414 149.950945854187 151.160018920898 201.949863433838 0 65.7990269052221 27.8429578046772 55.7472092083522 91.8696384429932 91.2862117940729 113.628730773926 0 0 178.834182739258 0 0 0 97.8169021519053 167.329864501953 188.573921203613 165.161891937256 212.97883605957 175.587703704834 187.326543172201 195.238403320312 141.347526550293 193.559143066406 159.847964816623 175.238929748535 126.72391849094 117.343302101443 134.815922464643 115.114056410613 64.2297362924736 123.404487609863 0 0 209.549224853516 208.532768249512 209.379322052002 0 200.934108734131 0 90.7089771617543 0 229.813217163086 0 195.324267578125 95.20728571822 156.993785858154 158.66202100118 137.454951286316 231.104888916016 112.989691300826 134.044143676758 146.28742980957 173.838150024414 196.828280312674 205.664161682129 129.687008746657 111.287160822048 118.131140682214 99.0146844201054 177.744468688965 206.087988717215 226.762115478516 0 181.5400390625 152.626121732924 177.727265930176 202.091949462891 199.120090484619 138.579500198364 105.856039428711 77.373802006444 112.89600721995 175.089324951172 180.331683349609 158.137205123901 171.080485873752 178.688552856445 196.694909667969 168.887219942533 187.22853742327 137.339052373713 169.028370056152 147.383788517543 158.364801534017 172.426433563232 0 0 0 0 0 0 0 0 229.624572753906 179.852600097656 0 172.131851196289 186.420162963867 157.813957214355 155.85807800293 0 0 0 166.172394972581 0 174.572224934896 154.772567749023 0 198.958889007568 0 0 0 205.331241607666 0 0 0 202.720581054688 185.70361328125 0 191.636436462402 0 230.456413269043 191.664047241211 153.412002563477 0 0 222.485778808594 0 0 213.358673095703 0 183.165740966797 236.073837280273 219.556541442871 213.147003900437 0 184.609399648813 0 0 0 0 0 0 204.116981506348 169.404693603516 0 0 0 0 0 0 0 0 153.717547946506 155.796893649631 162.15743637085 165.376251220703 0 158.506195068359 0 0 238.040512084961 205.928939819336 216.287138197157 236.456665039062 0 158.606155395508 126.363185882568 199.167922973633 197.909737326882 175.795979817708 0 0
24.1677846368713 24.1957494652322 16.0626523222054 22.6240162730712 74.9944323148483 38.2337610208631 52.1649019680263 26.6810390080309 66.3010703119738 18.3025097255429 66.0332570169486 20.9623467447906 132.308563232422 0 0 184.805381774902 146.468948364258 205.556663513184 192.543492635091 220.334335327148 108.297410851362 116.637996516816 133.244120279948 217.309265136719 141.123019131747 176.186340332031 241.38346862793 130.123277664185 87.0350093001311 63.6170234117813 117.913703089175 150.171262741089 148.77663898468 173.133912222726 0 0 175.263946533203 184.978113810221 176.687810262044 183.372406005859 97.3510740642306 151.373870849609 175.98219909668 112.402584075928 160.11971282959 182.809173583984 170.737393188477 194.99397277832 155.124965413411 203.634050369263 163.891583492881 177.48129732063 128.43354879526 121.367280254214 134.166350357405 113.971186505617 86.0175791422526 162.404349433051 169.59814453125 0 200.451117379325 222.941024780273 214.846504211426 196.969365437826 183.31490020752 196.257288614909 90.102000989412 187.702590942383 176.644750976563 182.039666312081 181.181503295898 98.3188200095265 146.016817365374 135.914533968325 147.772288395808 190.659858703613 115.08427759119 189.504417419434 115.423573233865 170.401962280273 195.073133877345 181.415174211775 130.080521681932 111.657544295754 118.181788098407 99.0741463199738 161.217787000868 203.832246722597 213.492852783203 203.064147949219 205.379670576616 149.186607833457 183.34332244873 183.277658462524 208.844240188599 172.36843229595 84.5621172076594 83.5703398666102 125.266840108236 134.294047546387 104.740010895918 160.329977700877 123.934750801672 166.892927594404 162.208200525354 157.405950643535 99.7804355756611 120.873129964724 123.025012223447 127.71279382588 142.743850586149 156.015265950396 0 0 205.797246297201 0 0 0 0 192.087120056152 198.999922010634 206.013946533203 213.825673421224 171.469891583478 183.002641296387 0 164.159652709961 0 0 0 164.995955842366 180.649959564209 150.514635140555 153.280968030294 0 156.851658775693 0 0 170.45629682039 182.902513122559 0 152.753192901611 0 199.754746754964 178.210027705478 216.475921630859 181.540542602539 0 185.857383728027 196.229022979736 196.154766845703 241.951843261719 227.600631713867 213.2278376988 0 187.399327596029 236.597539265951 230.228454589844 0 213.626083374023 219.489321782039 205.945459506656 194.777633666992 179.083323887416 158.789651234945 155.751266479492 0 208.124038696289 217.746536254883 159.833602905273 197.953910010202 180.241190592448 151.696426391602 150.851379394531 0 0 223.875717163086 241.118743896484 212.716356913249 0 150.877048661224 157.507369060906 113.584957931981 162.071090698242 0 143.608059837705 208.29806137085 182.911026000977 235.168633597238 189.838300916884 208.826326642718 223.328353881836 0 151.909301757812 104.565324617469 170.916877869637 190.162953785488 170.566137615003 0 180.349899291992
32.9467150503367 24.1050567351083 22.6240162730712 13.2732082981114 21.0357323588841 31.2795069928384 60.8046831293921 65.3778373718262 84.7409392270175 92.2067479027642 94.3877470228407 35.745890038592 0 0 0 0 136.766098022461 0 0 0 104.806264888879 103.430472498355 117.930881500244 181.910842895508 137.273057937622 0 182.08447265625 0 63.6254005787736 30.8661070565322 31.4368764312522 63.280933380127 75.8254341617707 151.247539520264 0 0 0 221.081184387207 0 169.921661376953 94.2820478200544 0 193.655944824219 98.9331283569336 109.998252868652 151.405288696289 0 0 153.926971435547 0 174.950815836589 182.754789733887 125.004363840277 117.483585433455 132.074301884092 113.384142911887 52.8613652496887 106.813367207845 0 0 0 245.63215637207 0 239.783966064453 190.876976013184 0 85.9951787428422 170.324462890625 143.30322265625 0 0 92.1922939054428 114.851613044739 123.222848415375 161.281623840332 204.754653930664 103.715293884277 0 97.252876826695 187.291122436523 189.502789306641 0 130.113665048517 111.405651646991 113.315190276207 94.6479120160093 166.487182617188 195.755905151367 201.412256876628 0 197.187362670898 159.947481155396 173.507682800293 149.596450805664 0 122.916524887085 83.350622513715 75.3303950500488 107.796796264648 164.685165405273 187.863735743931 152.765036446708 142.527922244012 169.469468355179 161.842475891113 163.979318472055 163.731053161621 139.432921648026 158.082643752628 137.227864646912 145.48791059663 162.116259061373 0 0 0 0 0 0 0 0 210.828318277995 0 0 175.661194745232 189.152930123465 150.38484954834 172.862965901693 0 0 0 159.998028512728 157.251266479492 148.781095232282 153.10553656684 0 155.709555192427 0 0 154.874505179269 172.46494547526 0 203.262023925781 0 197.022900899251 177.619535966353 0 187.25919342041 0 171.024765014648 0 172.036102294922 0 0 203.608924865723 0 0 0 220.700912475586 0 0 220.148674598107 205.286009625691 222.586883544922 180.202152070545 140.210871378581 0 149.288558959961 205.108505249023 0 153.905685424805 196.648950099945 185.715799967448 0 0 0 0 0 0 223.411270141602 0 145.335778009324 161.653145684136 132.361667979847 201.758585611979 0 138.603338623047 0 0 234.620208740234 195.631805419922 208.061768213908 0 0 141.784840901693 110.12540435791 191.32670710637 187.662398338318 172.637285505022 0 157.800437927246
42.4516698575987 23.1784143784454 74.9944323148483 21.0357323588841 12.4082568536622 32.4124497500783 57.3973746360103 91.619471858098 84.1060705442686 92.5633500417074 68.5635590553284 48.2102369212856 125.906394322713 105.731513977051 123.550582885742 114.244396434111 90.9033203125 117.16748046875 114.452448527018 111.1686668396 91.0494562165443 93.960789420388 105.794761403402 154.894955226353 109.931942833794 138.271347045898 151.950868779963 129.984014129639 54.8779621827369 31.9037345625927 19.7066839725756 31.085338432955 54.7708459696121 68.7098780943074 140.272384643555 0 90.4016063326881 91.8825203390683 109.590405499494 144.334992218018 82.3095551465367 140.081869761149 154.624025980632 89.4660907321506 126.384227752686 126.209785059879 118.987759590149 171.803950718471 152.046239852905 171.939556121826 149.558425209739 170.500843524933 113.010607273305 103.874499328209 122.976542139346 105.711986707604 35.7102592007867 68.3765738731207 125.497634887695 80.214609781901 122.990919856702 176.680783081055 168.921362304688 144.289385986328 124.309603835597 157.400839233398 68.8310750090046 117.492278603946 133.769290750677 187.42349073622 175.17907496861 67.194587352664 73.4881609248729 108.345115661621 76.5442768810241 128.410124580815 106.494444347563 94.0640029907227 74.1825169613487 145.895839691162 186.670300214719 193.755950927734 115.537472865132 96.6184906920555 98.8385788249746 77.6891856266902 112.382979075114 195.445310592651 193.683616638184 176.538864135742 146.12108975365 138.531391467078 172.558202107747 184.370315551758 172.076083713108 39.0626902291003 72.2555319063925 69.296883072964 85.4611468192859 42.81968980269 170.647923556241 150.594317299979 157.522702855971 156.794641767229 146.350465774536 150.634744478309 154.341396331787 122.368290868299 148.702414625782 120.646153869629 132.102328960712 146.050334441356 0 0 177.912986755371 0 0 0 0 158.208572387695 187.033972167969 200.971827189128 0 182.884009467231 0 124.153999328613 137.438007354736 0 0 179.677307128906 151.452990722656 0 136.465191650391 140.977949959891 0 138.686351352268 0 0 162.533322652181 168.429486592611 0 129.489074707031 191.134709676107 186.36226272583 173.091741491247 196.409286499023 157.146713256836 172.570663452148 161.926333618164 195.798955917358 179.812143961589 0 219.441268920898 192.470191955566 0 0 0 0 0 228.762802124023 208.679412841797 199.465236070421 193.535659790039 170.30620880127 119.122282028198 0 0 196.564559936523 0 165.176422119141 192.78182220459 189.876821899414 0 0 193.135055541992 0 0 0 198.451467895508 0 143.561319351196 142.992251873016 108.521751912435 144.705749511719 162.249572753906 132.653937530518 189.531097412109 165.103332519531 241.111885070801 182.290232340495 200.615618387858 187.09464263916 234.72721862793 181.654397583008 91.7427878128855 187.269463279031 182.618888346354 161.748489379883 0 170.486114501953
49.6069763513221 46.2243652823613 38.2337610208631 31.2795069928384 32.4124497500783 19.3097572199342 68.2331530915128 85.618359833761 80.1801526575913 51.5123343715778 34.5354540542986 27.2559051335363 112.264492797852 0 117.967451095581 130.244209713406 113.496674673898 126.43872271086 126.691003608704 0 99.3205497937325 96.8249805101001 93.7323910562616 153.319583129883 122.504815455845 164.55283164978 155.770529174805 115.12801361084 73.3633043126131 49.3256123997717 36.8960531130895 26.4781922578568 41.8466583272356 78.3194851024731 109.165613810221 0 99.1692561487998 105.37317617316 117.417415618896 144.597817420959 95.0031422793817 143.601326751709 164.836560456649 121.882335662842 145.030913352966 126.931272540176 134.766888209752 173.53421274821 159.979141235352 246.724243164062 175.353132247925 180.9959904262 130.142288584768 119.279275622917 138.910060458713 114.729348304944 55.3531121536715 75.8740356185219 141.014770507812 115.341257095337 137.38422685511 167.83916982015 185.128461837769 153.545869307085 139.275453329086 183.343119303385 87.915957176522 132.842577253069 134.431011517843 193.785509381975 179.401977539062 69.8368099808693 78.8303423137917 125.117744008049 98.8961323432203 140.945607562398 93.9880757066939 99.6820869445801 76.4332852503013 177.156833648682 199.431807623969 184.557973225911 130.066044919578 110.681083296508 113.031794910042 95.3919523426744 131.540729175914 215.092803955078 213.779439290365 242.580917358398 156.766697636357 157.308594923753 186.528096516927 186.138130187988 189.662814331055 47.234297154799 75.9509597111897 85.6917103524704 101.301679407509 121.922605133057 165.041367914259 147.876332222147 149.526954250951 159.366516423629 144.898277441661 153.978837534159 163.398346414371 123.181003692044 149.068746334169 125.193732139392 139.152949980263 151.823969291918 242.361465454102 189.498794555664 158.070465087891 0 202.176483154297 0 204.306467692057 200.692041015625 162.810241699219 200.229019165039 186.407196044922 181.663742868524 190.151592548077 156.323516845703 165.28037516276 188.794723510742 0 0 157.419169486837 150.766684395926 143.182420321873 143.567056296528 143.443450927734 135.874665204216 0 0 162.232964833577 176.661348650532 187.015314737956 172.406505584717 183.809181213379 191.596706136068 174.835485274703 186.473281860352 158.8619370894 180.955360412598 166.478090286255 185.184104332557 186.878150939941 0 0 213.042083740234 244.108062744141 173.560089111328 227.563949584961 225.893420410156 205.815155029297 229.643615722656 212.711302291515 200.166751129459 185.61952495575 175.879293145074 136.05317549272 0 224.619689941406 199.729904174805 0 181.106292724609 194.631369696723 175.833983477424 0 248.199295043945 0 202.606903076172 221.412811279297 0 196.032867431641 0 143.502770094438 151.467279019563 116.585071890695 155.029774983724 247.745300292969 139.217635689201 222.828216552734 179.687911987305 217.462028503418 181.157214694553 208.90703701973 194.603057861328 223.857666015625 149.066465589735 106.995155249702 173.488116455078 181.14488067627 185.748657226562 0 175.907138824463
26.9765628541021 55.7171238407944 52.1649019680263 60.8046831293921 57.3973746360103 68.2331530915128 10.8871008022836 24.1530264419551 15.6395887750154 42.1073105313346 55.5725824630338 71.7063585747613 149.894888305664 0 0 162.957748413086 0 153.494150797526 122.862861633301 0 122.291174752372 115.500739233834 126.464207649231 0 150.392517089844 219.415939331055 0 0 19.8557797158031 44.2166959101048 58.1102991104126 64.955134361021 88.0481207876494 105.06516816881 245.11865234375 0 136.045986175537 138.278117370605 129.269190470378 172.569664001465 82.905246304243 96.9806976318359 171.35238974435 102.530403137207 127.348453097873 151.574435763889 154.715576171875 220.899993896484 107.31495030721 159.754766464233 124.293823017794 140.039646108527 79.9803266069163 73.2190980431217 92.9061863615706 74.7358112127885 89.447927915133 70.8756154378255 0 0 162.114482879639 200.653533935547 217.845784505208 187.323425292969 161.979276021322 208.846755981445 110.377012589399 174.867080688477 151.937872314453 156.833981831868 163.171380615234 86.3146300954917 114.012198814979 124.297235929049 123.981342609112 178.835540771484 83.5419313958351 113.825843811035 99.2447052001953 131.246864827474 158.347286584242 161.513860066732 91.264192375878 88.3592571292007 104.288505467502 97.5296352931431 206.363891601562 164.054019383022 173.327453613281 165.667907714844 171.511006673177 109.831492031322 142.344406452585 161.069299062093 163.536023457845 91.4983999562818 58.8088498010509 24.9870111825685 127.575035095215 151.140380859375 165.979310842661 155.155146789551 176.1448996202 173.782756987072 161.424255371094 172.646944941307 143.864970038919 104.649594268799 156.526470762311 126.415295814981 155.898583925687 166.254017365284 0 0 0 0 0 0 0 184.057312011719 0 0 191.629135131836 175.474649047852 191.682624816895 156.831787109375 153.553291320801 0 0 0 170.847912332286 243.773895263672 169.268063354492 153.118342808315 0 164.459377288818 0 0 181.832888285319 170.843899536133 0 181.285430908203 196.91081237793 217.977961222331 187.227179391044 0 191.215403238932 0 0 196.215377807617 156.822494506836 0 219.154922485352 219.126434326172 0 0 0 227.936660766602 146.143623352051 198.528762817383 230.469520568848 217.661490440369 197.6220703125 186.257253374372 140.83576965332 0 0 0 0 189.341491699219 200.908450855928 173.147323608398 0 0 225.687164306641 0 0 0 0 0 153.132186889648 157.945595877511 121.827844407823 0 0 146.653633117676 0 199.430450439453 211.757659912109 244.08145904541 206.263409423828 217.745994567871 0 165.513320922852 111.387993767148 141.291400909424 202.913116455078 191.469858805339 0 159.741439819336
22.2263185526216 58.3666346098972 26.6810390080309 65.3778373718262 91.619471858098 85.618359833761 24.1530264419551 15.6099940541066 20.1184365787933 26.7787519975845 45.0584879870802 51.3052189907287 0 0 194.145492553711 184.308647155762 226.3955078125 203.722798665365 0 0 115.138924598694 120.597485542297 136.935520595974 175.9130859375 150.675922817654 0 159.557411193848 0 71.6124803117178 56.9476725064791 132.861669440019 120.132986280653 128.38792292277 163.250831604004 0 0 223.432601928711 214.646339416504 172.61164855957 0 86.52458308095 127.719945907593 181.866339111328 228.15266418457 163.375061035156 165.663497924805 146.194183349609 167.963844299316 145.858273400201 193.00311933245 141.77782273726 162.570655469073 107.094741711298 100.831457692765 115.525574824849 95.5212672951781 116.801213484544 170.859219868978 0 0 181.401084899902 211.840606689453 0 201.670903523763 206.129058837891 161.721221923828 101.155902204842 153.769409179688 181.614520263672 174.145662307739 178.56473965115 122.170300074986 166.358637128557 161.45057075902 165.815929836697 186.228164672852 83.0225135340835 146.135437011719 144.922566731771 157.990526087144 178.94262354334 174.506786570829 113.217412245099 98.1671965623513 105.951056856858 95.8149049646714 141.25478108724 186.098557228266 196.872024536133 188.700576782227 199.113980379972 135.159562901088 164.83215214656 172.442606999324 187.495867411296 122.670747375488 80.7331495404243 55.4991112840818 142.768362998962 142.105470021566 142.968029094192 170.872373962402 166.302509169981 169.752697284405 167.634786987305 166.670084769266 139.34145324707 109.289144451115 149.882074073509 119.595262799944 142.4223954644 161.183518182664 0 0 0 0 0 0 217.444152832031 0 230.630317687988 245.798065185547 0 187.303421020508 194.752599080404 0 206.684936523438 0 0 0 165.366518147786 0 164.004219055176 151.268724714007 0 191.660255432129 0 0 215.027671813965 236.171607971191 0 0 0 0 191.458251150031 0 195.395812988281 0 222.046106974284 218.503219604492 0 0 212.531463623047 0 0 194.528691609701 0 196.664047241211 192.465209960938 222.338958740234 219.393093109131 204.430078359751 124.705543518066 181.223421536959 135.718643188477 0 0 0 0 0 194.830598619249 186.776168823242 0 0 0 0 0 0 0 0 157.132603963216 165.97572072347 127.269280751546 224.502090454102 214.536270141602 166.809753962925 0 186.141616821289 244.296737670898 0 214.774200439453 215.779594421387 0 136.284103393555 110.511810302734 138.456985982259 185.634318033854 197.874694824219 0 240.65559387207
68.6475928851536 95.1266639709473 66.3010703119738 84.7409392270175 84.1060705442686 80.1801526575913 15.6395887750154 20.1184365787933 9.52175513768372 30.2626501455367 48.0676854201189 63.7917767096485 87.0192768699244 0 169.526901245117 162.019271850586 0 144.196929931641 156.844973246257 0 103.031002879143 87.5104418945313 84.7959003448486 137.796192169189 127.889457702637 0 175.974922180176 0 88.4865898719201 77.9008170763652 77.5733051300049 61.6068807601929 74.951914469401 139.315402984619 0 0 112.587812423706 99.7040939331055 167.257095336914 104.084393819173 108.61227115584 0 148.391980097844 75.2787418365479 96.1112674077352 136.142946243286 89.6040217081706 158.830759684245 143.764547348022 112.415121407344 160.10117594401 174.447365315755 71.8841504863664 103.62581651861 122.496935614224 99.0213368733724 89.0469088347062 83.774897257487 0 0 159.629068374634 164.100250244141 146.245809936523 147.432164510091 182.911102294922 85.1659081595285 88.935676574707 101.28502146403 140.122055747292 169.530708312988 154.906532287598 53.7131536753491 68.221293683322 49.8394234914046 93.4559112548828 170.220921107701 43.8418060945473 55.8568992155144 64.2813142372744 155.510473632813 168.698122660319 128.225802527534 122.362996419271 117.933248519897 122.112590523653 111.875944349501 107.710697174072 174.582702636719 175.842681884766 150.852391242981 137.946181161063 146.195908682687 186.23811340332 186.191024780273 169.046592712402 92.4512478510539 17.0745536164049 22.9557345584088 114.5530128479 0 106.265594199852 122.931709289551 122.501747699494 123.31559753418 151.964847564697 119.437931060791 103.777578500601 68.7702842676584 112.749131153085 83.5472347017319 102.698985134263 121.06943586396 0 0 0 0 0 0 0 197.402847290039 0 0 0 145.99584197998 0 0 89.1661224365234 0 0 129.94482421875 146.615524291992 0 109.707809448242 129.587494590066 0 126.771297454834 0 0 174.944320678711 181.420557657878 0 222.074829101562 0 0 167.871558380127 223.496315002441 111.751121520996 0 134.497840881348 175.781005859375 0 0 0 0 0 0 0 157.387130737305 179.216018676758 190.030120849609 238.288925170898 210.854573567708 174.680618286133 172.954571723938 99.1825180053711 0 165.203521728516 0 0 0 183.865697224935 0 0 0 167.109771728516 0 213.294708251953 0 211.557424926758 0 115.822377985174 133.56178894043 108.409346898397 165.190246582031 0 108.677965857766 0 0 0 0 176.897041320801 177.61360168457 0 141.612609863281 70.0897957010472 96.6860964848445 166.402675628662 142.975875854492 0 0
63.8194482695888 102.794151210785 18.3025097255429 92.2067479027642 92.5633500417074 51.5123343715778 42.1073105313346 26.7787519975845 30.2626501455367 12.8967666805076 20.9921943506186 25.9016240470398 0 0 0 169.743713378906 0 155.819152832031 0 173.089080810547 104.304882407188 102.470915438524 99.700926038954 0 144.305302937826 0 210.24772644043 0 100.77949977674 93.505961337332 159.468154907227 121.620758056641 89.6121523539225 148.714838027954 0 0 171.715042114258 137.074193318685 185.784545898438 200.020980834961 94.9791195927834 142.462982177734 232.36198425293 0 182.340454101562 192.270197550456 202.636657714844 192.274826049805 160.435132344564 179.359059651693 153.800344848633 173.427247650769 113.463466311541 109.97343484151 124.095394257576 104.210241398341 127.019575500488 227.248962402344 0 0 163.408340454102 207.596405029297 216.879501342773 203.652465820312 205.748294830322 192.989557902018 120.597436087472 154.129028320312 153.234519958496 175.219757080078 182.769818623861 69.1257711503564 105.778536115374 113.897388776143 180.003750392369 128.151672363281 31.5462596939831 0 98.503365909352 153.374996185303 186.32224786477 183.30101776123 121.647959561833 107.410973578559 113.160190241388 106.621320897883 181.615528106689 198.787016126845 194.390167236328 222.616691589355 178.681823730469 140.162543629491 174.385512215751 180.462408883231 169.463897705078 137.836968104045 27.6653960224808 62.4507800247772 122.660621643066 158.97802734375 128.223415921132 140.90389585495 143.52905223184 149.512519320026 150.934758928087 142.086134252414 96.7688055096603 93.3201663755021 130.794778023947 104.332211196986 123.229861862183 140.81075911591 0 232.97819519043 154.233520507812 0 229.437301635742 0 0 165.628486633301 137.545791625977 0 0 169.870464869908 168.157032012939 133.980392456055 173.813659667969 0 0 0 149.951511621475 134.477508544922 137.848980552272 141.201651467217 0 148.716066360474 0 0 176.021071539985 190.002016339983 0 0 0 164.543479919434 172.603833661761 204.836753845215 158.338923136393 0 146.499954223633 170.412399291992 218.994425455729 0 223.500732421875 199.125484466553 0 183.380358886719 0 205.229934692383 222.557871500651 232.200180053711 203.806836809431 195.476081325583 145.676699829102 172.417679150899 134.556869506836 0 0 0 0 129.036465962728 184.510112568484 164.600067138672 0 0 0 0 198.857650756836 238.702774047852 187.836715698242 0 128.853744910314 137.511953898839 89.8311011904762 0 221.293472290039 124.575570397628 230.701599121094 0 201.228091430664 192.8056640625 203.863277033756 200.658930460612 228.64387512207 170.561543782552 85.4389348057338 127.58957937992 185.661594390869 193.814413452148 214.298858642578 0
99.8156471252441 98.7596649756798 66.0332570169486 94.3877470228407 68.5635590553284 34.5354540542986 55.5725824630338 45.0584879870802 48.0676854201189 20.9921943506186 10.6752985043696 23.3856790271871 88.9721050920158 0 159.959019978841 0 74.9459114074707 132.37532043457 99.0969429016113 64.1976776123047 89.6616822171073 81.4062813192174 77.5874631669786 199.836853027344 112.367929840088 215.164169311523 173.971252441406 95.0192947387695 101.550729892872 85.5385144551595 82.0308250427246 62.4635546648944 56.4731381126072 87.5631973266602 0 0 94.7857513427734 86.9016016791849 136.107340494792 91.2420959472656 95.6364750308885 0 173.498252868652 54.7420089189396 101.276917916757 108.0097555433 92.2866348266602 141.803146362305 173.187622070312 114.947165489197 207.498687744141 189.393070894129 117.685898087241 120.276786626771 128.137777257849 112.483910560608 91.0126251220703 96.7277336120605 0 0 110.537209404839 158.971598307292 185.417739868164 153.709426879883 0 124.116054534912 95.5389236450195 125.590923309326 129.828660964966 187.158499145508 174.607421875 27.8269423230109 54.2242854810229 61.4758157385401 78.578859601702 118.48832321167 20.8478453815566 61.2204593789989 37.4086823448008 162.616775512695 197.513393899669 152.203821818034 129.672450515459 113.249207440545 108.657224392069 116.556871032715 104.469645182292 200.315956115723 200.93147277832 0 123.567114609938 139.231985909598 184.988650004069 0 145.739893595378 85.5223664503831 27.4925673877958 69.5169574926512 99.2790104259144 65.4528961181641 141.718791552183 129.253315981697 142.482059069744 143.136684229676 138.393463828347 136.599593246056 141.605409681183 95.8994002952132 131.275624060816 104.132760206586 119.121147286244 135.926885846635 0 169.370819091797 0 0 0 153.774154663086 0 0 146.435415479872 166.963628133138 137.296955108643 175.393310038249 143.171504974365 0 138.565076828003 0 0 154.983001708984 140.297187974718 142.776063283285 128.205110376531 127.180464919733 0 138.30534917658 0 0 129.275582257439 140.482343946184 0 164.03938293457 0 167.440922546387 168.269014531916 201.902938842773 150.254782284007 0 156.271780014038 167.868896484375 169.090866088867 216.594207763672 224.632278442383 204.049346923828 0 159.414863586426 234.675821940104 207.724578857422 206.120059204102 227.062866210938 201.940243403117 190.396790051069 182.798950195312 162.573275479403 106.49568939209 0 211.969375610352 177.129447937012 0 135.261498587472 186.500586172251 176.105159759521 241.744705200195 0 182.364685058594 0 0 240.737823486328 183.12184753418 218.553741455078 125.158047176543 125.934734442295 87.7453776465522 185.231121063232 180.424057006836 118.019735336304 190.69571685791 170.928779602051 201.091688791911 178.803552246094 197.012035793728 206.647893269857 207.418090820312 139.351824442546 85.6020452181498 147.373574690385 178.946948016131 163.445768657484 0 161.610315958659
60.3724244439325 57.2023771840111 20.9623467447906 35.745890038592 48.2102369212856 27.2559051335363 71.7063585747613 51.3052189907287 63.7917767096485 25.9016240470398 23.3856790271871 18.9485752380873 107.97779083252 0 112.603830973307 125.97178996693 113.63730430603 110.175091552734 108.231738460765 128.571640014648 102.690402660445 96.5861504563624 88.4110524167297 156.918329620361 133.463441636827 128.166487375895 140.327954973493 122.212662191952 89.036940496795 62.474897959079 57.9924114754325 48.4100586142936 41.7941560910851 71.7185880044349 119.289953867594 0 100.36127532959 88.201379776001 117.626072838193 124.751528263092 99.7063924153646 149.727081298828 158.945001983643 83.3859487261091 135.131887031324 119.992016562933 140.366147994995 145.829524358114 172.537376403809 149.853242874146 166.376074473063 189.360847024357 135.540314940013 130.009504571815 145.141766158394 120.529539108276 81.7269819176715 68.580265385764 158.999725341797 99.0109176635742 139.076337860852 171.878666270863 172.143869018555 155.596557617188 140.12358274914 137.50218963623 100.934686813354 125.880614280701 137.340057840153 187.857881546021 184.880546569824 32.6225043528728 56.6159974511573 87.7650080982008 94.8174424564137 145.521891784668 63.1522391921596 105.42548069201 32.5884415591587 199.795547485352 207.31399818703 197.707916259766 138.239129118867 118.628614185143 119.050432206802 106.632602128116 119.068050268925 204.724438137478 196.555130004883 155.678436279297 145.937731893439 158.375247955322 191.476774949294 0 180.263511149089 61.4771765741544 54.2189402281811 88.1699263620003 110.124905114035 111.365874154227 161.943074451067 145.875914176799 150.885175493334 158.345460594933 152.112080514431 152.321229021385 156.723445588509 115.986641272749 145.000978735845 119.537675895992 134.449348665133 150.38323975303 168.199417114258 175.794067382812 183.093364170619 135.002319335938 172.098403930664 191.470092773438 187.414459228516 186.623616027832 174.430358886719 179.441276550293 176.470831298828 174.204936436244 185.509479723479 172.448467254639 154.404071092606 0 0 181.603202819824 154.460339458049 146.883241092457 139.608035571759 142.678193155924 152.330093383789 144.834583587646 0 0 148.811465369331 165.456868030986 200.052169799805 162.190310668945 201.816345214844 190.354523197297 174.613144159317 220.11865234375 158.810161243786 172.744003295898 162.388641357422 195.277949015299 177.992288589478 0 0 204.475272496541 211.251052856445 170.99143149636 230.555896759033 216.28035736084 217.630471801758 228.409538269043 215.743281136572 199.763863318307 198.534724185341 175.359688461097 133.09615443303 176.386177062988 182.591373443604 208.531951904297 176.147911071777 156.461778640747 193.362560626743 177.309384468274 139.751820882161 0 225.756713867188 201.278264363607 236.743275960286 235.138671875 193.253415888006 0 139.637838245326 141.672352850437 99.1389100816515 160.387581961496 0 130.654218240473 192.130961608887 159.319720458984 217.849555121528 187.621299743652 209.664921013085 210.722942352295 246.65071105957 151.646498680115 99.4788989712405 171.923219345908 185.350903574626 169.891799579967 160.360580444336 184.979578653971
162.335876464844 0 132.308563232422 0 125.906394322713 112.264492797852 149.894888305664 0 87.0192768699244 0 88.9721050920158 107.97779083252 8.98198470991004 71.8372688293457 59.8538284301758 66.5072943947532 66.3028176349142 27.6158920965369 32.3319193895742 50.686072358631 128.740754263742 103.627637023926 104.266847822401 108.210720062256 116.602264404297 85.8685811360677 91.5309715270996 64.7080571492513 143.417533329555 138.327851613363 103.704078674316 95.8680534362793 80.5833461284637 79.0049200439453 75.3770446777344 88.2662887573242 52.306961774826 58.7802146752374 53.4363106694715 112.713238307408 107.302021546797 90.1092268136831 86.0535819313743 30.1827059781949 16.9153704590762 15.0699711545004 113.336011250814 92.1471765306261 83.1141274770101 54.6087409337362 0 205.120422363281 145.062367757161 168.933386666434 101.451484680176 0 120.849702835083 99.9553298950195 143.158592224121 0 89.8151546478271 116.506973266602 87.1426343917847 69.2980933811354 60.0439623514811 25.8941928112375 110.214569091797 114.867645263672 70.5232491926713 132.171279907227 100.184929983956 81.661601146805 71.9243657938639 42.4306230691763 116.745434570312 111.515012567694 71.9771859032767 32.5185372426293 69.2641845204042 0 130.379421779088 92.6141821917366 177.680546351842 155.9973689488 142.953103637695 126.091692606608 187.533378601074 99.9176562273944 116.649504852295 96.9191555976868 68.4567466852616 231.665740966797 189.417846679688 130.969099998474 97.3500400342439 108.450352668762 78.4391154106882 105.624481201172 168.552352905273 0 177.498031616211 177.338439941406 170.244914463588 180.986093521118 0 163.68394724528 0 138.317428588867 158.224283854167 143.372292654855 147.207092920939 168.874981689453 123.302950117323 91.7447778655261 79.6798510857348 115.22593943278 139.519691467285 92.3191281273251 119.189559936523 84.4468041900405 123.428439178467 94.0798282891932 113.030732218424 174.275604248047 162.48021697998 0 144.05154800415 117.207864761353 0 106.97339630127 184.515724182129 172.200373331706 164.375996907552 132.983200073242 0 164.814102172852 124.624237060547 121.842880249023 86.9856159422133 143.685133298238 83.9864107382418 123.008426319469 98.9934178865873 184.998123168945 156.368757629395 131.637176513672 95.3944684196921 75.3669471740723 97.5501861572266 91.9073708584434 168.023859659831 0 0 0 0 0 0 0 168.815368652344 166.179397583008 220.217292785645 206.559288024902 0 180.001880645752 134.133880615234 136.127746582031 87.0502548217773 122.805550384521 84.3221435546875 39.7352762110093 204.86775970459 186.020197550456 181.149658203125 0 111.316875457764 101.520054626465 0 0 119.390265031294 0 145.553527832031 128.375938415527 53.7728287610141 148.683334350586 98.8478240966797 126.721337058327 213.159378051758 98.4636637369792 116.740753173828 177.822723388672 0 122.688168843587 155.252166748047 200.995666503906 117.717717488607 0 196.853454589844 0 0 0
0 0 0 0 105.731513977051 0 0 0 0 0 0 0 71.8372688293457 19.9641667686619 26.8852908691663 52.3895655036379 25.8638113830371 67.5148718984504 124.067641666957 68.9228653066299 89.9931945800781 99.3522644042969 56.9820259882251 87.6666409419133 0 67.3012649536133 38.175538131382 29.71442650621 112.873174330767 110.773387908936 83.9809641838074 85.9034748077393 85.5886821746826 68.8466619473059 32.2022433905537 20.7986096516663 40.1452426826549 106.290049235026 65.1916072151878 51.9055025863647 73.3596161559776 82.5688934326172 108.825551169259 56.8658752441406 119.998348236084 132.580953979492 56.2717224859422 117.670822143555 0 101.44157409668 0 0 153.453051249186 134.787633895874 173.328079223633 90.6851501464844 102.363308084422 67.0162811540578 50.033192690681 43.0952480448779 93.2711020575629 120.604225158691 87.6749071393694 72.7075596371212 69.3266887227998 92.1327845255534 101.820822143555 66.3208509662194 79.2746797862806 151.724817911784 127.527202606201 122.406461079915 130.554382324219 56.8150959014893 78.8650194432614 85.9145176227276 84.6393814086914 57.5394176483154 121.528060913086 0 0 119.125686645508 140.891731262207 133.754476335314 170.165191650391 151.143783569336 73.0195662180583 0 0 142.393630981445 106.699876149495 0 0 0 131.559217834473 94.3862105475532 90.492359161377 0 91.0546236038208 75.7432741911515 0 0 227.263000488281 0 0 0 0 0 0 0 149.054656982422 0 121.130873883357 112.537400422273 115.144265492757 115.297738075256 116.8745470047 103.878700866699 116.677273245419 134.311132604426 125.714491048436 121.734790205956 117.806782088913 140.890567779541 0 105.550068446568 111.44263458252 155.45947265625 114.820747375488 124.079099984005 159.937606811523 198.775207519531 0 157.050369262695 0 0 120.560739644368 109.717681884766 122.597505569458 119.922331542969 159.44059753418 126.796422091397 156.706568400065 0 138.01465733846 151.9462890625 0 0 109.737161064148 149.133989606585 0 0 0 0 0 0 0 0 0 0 192.020202636719 191.772842407227 0 189.903564453125 0 124.795497894287 136.480361938477 148.403799874442 0 115.840236663818 195.992660522461 145.467926025391 0 0 0 141.316841125488 0 0 152.686712646484 0 135.514572143555 127.104420979818 71.7789254188538 0 0 119.514994303385 0 180.070495605469 0 0 0 0 171.153289794922 243.239166259766 141.430892944336 0 184.680458068848 0 0 0
