37529 6597 10652 4018 1188 5674 7849 7998 198 289 175 3723 3 1 3 6 0 4 18 5 282 216 4 22 23 2 6 8 6701 8255 255 96 166 39 0 0 3 33 11 2 828 14 36 5 6 9 16 8 110 22 352 284 1606 1502 1025 477 36 4 0 0 20 11 11 2 6 11 274 20 22 44 48 127 108 21 68 20 33 4 84 40 333 20 3308 905 2739 316 35 101 57 20 31 820 192 59 130 140 230 1965 145 16 53 13 81 79 11 211 21 11 45 80 155 412 0 0 0 1 2 0 2 1 8 6 1 2 5 0 0 0 0 0 23 0 26 42 2 23 0 0 31 7 0 0 0 14 11 0 1 1 2 1 2 1 1 3 0 1 3 8 16 13 11 9 2 15 19 1 0 1 1 2 11 4 5 1 2 1 3 3 5 0 184 36 5 1 2 32 11 2 9 1 24 4 0 19 137 12 8 1 0 0
6597 16133 2048 18190 1420 8872 111 68 13 10 19 1228 0 1 1 4 1 1 13 2 211 138 5 8 12 2 1 1 389 1224 72 66 80 14 0 0 1 12 7 1 253 7 7 1 3 5 6 2 29 5 66 55 142 190 124 151 9 1 0 0 6 5 2 1 0 2 103 3 8 17 18 69 34 7 37 8 9 0 33 4 57 4 377 166 709 92 5 43 24 5 13 202 50 20 45 70 52 65 64 3 7 11 51 88 12 187 4 6 10 22 88 360 0 0 0 1 2 1 1 1 3 3 1 2 3 0 0 0 0 0 20 1 40 53 2 16 0 0 24 8 0 0 0 7 5 0 2 0 1 2 1 0 1 1 0 0 1 2 1 1 5 7 1 14 23 0 0 0 3 0 23 11 4 0 0 1 0 1 0 0 199 27 3 0 0 35 1 1 3 1 21 2 0 17 130 6 9 0 0 0
10652 2048 27440 7485 111 3237 432 2996 118 3378 225 35628 3 1 4 5 2 8 13 2 230 188 5 12 9 0 5 2 473 230 65 11 50 22 0 0 1 8 6 4 381 10 22 3 2 5 8 3 54 7 115 113 321 341 328 234 15 3 0 0 23 4 6 2 5 5 136 11 10 36 30 152 49 17 31 10 27 6 53 11 129 11 950 295 1195 158 17 43 48 19 18 414 94 41 79 57 302 331 74 9 86 16 310 307 33 747 35 38 201 211 427 1288 0 0 3 0 0 1 0 2 8 7 0 8 4 0 2 0 0 0 64 2 76 161 1 39 0 0 40 12 0 0 1 15 29 0 2 0 2 1 4 2 1 12 0 1 4 5 3 4 19 19 4 46 33 0 0 0 1 0 40 6 11 8 0 4 1 0 4 1 661 65 9 4 3 85 3 2 4 1 35 3 1 34 542 43 19 1 0 0
4018 18190 7485 13377 5434 14838 119 63 11 26 22 3313 1 2 3 8 3 4 16 5 250 256 4 3 8 1 3 0 450 2035 401 617 383 72 0 0 4 23 4 9 237 2 7 4 0 7 7 3 21 4 16 18 107 122 81 81 16 9 1 0 12 4 10 1 0 4 89 7 12 5 6 152 81 6 74 9 11 2 66 2 34 1 230 91 448 66 10 9 7 2 4 90 19 13 32 320 93 69 74 6 22 12 87 130 17 320 10 15 19 63 167 489 0 0 3 0 1 0 0 2 7 4 2 5 6 0 0 0 0 0 20 1 46 82 1 28 0 0 32 8 0 2 0 11 16 0 1 0 4 1 3 0 0 4 0 0 1 2 0 3 8 7 0 14 20 0 0 0 0 0 15 4 9 1 1 1 0 0 1 1 315 47 3 5 1 43 2 0 1 1 26 3 0 19 220 12 16 1 0 0
1188 1420 111 5434 8697 5174 414 182 15 31 31 1800 2 63 100 49 83 28 74 29 743 1144 19 33 68 7 28 74 2725 9307 8313 1957 1175 498 15 10 58 125 53 24 508 21 109 13 11 27 39 37 61 10 49 45 409 556 216 169 1376 150 27 9 80 65 180 22 90 4 460 68 211 44 21 323 260 16 982 22 16 2 107 7 61 8 723 311 1116 288 38 34 29 6 30 231 49 37 172 6092 89 327 311 38 4 6 24 39 4 51 2 0 3 8 37 118 1 0 7 4 4 4 6 8 37 23 7 10 8 1 0 2 0 2 23 0 19 72 3 34 0 0 39 33 5 1 6 5 12 5 5 1 15 27 13 1 2 4 1 4 0 2 4 4 11 8 0 9 21 5 5 9 2 2 13 9 4 4 3 11 0 4 21 1 123 50 10 3 6 49 5 1 7 0 20 3 0 14 59 6 12 0 1 0
5674 8872 3237 14838 5174 13682 141 162 31 82 64 16435 2 2 2 9 10 11 26 6 477 628 10 13 23 2 1 1 460 1786 196 3350 2003 231 0 0 8 67 10 8 425 7 19 7 5 17 15 3 36 5 47 27 108 210 89 98 14 71 1 0 35 11 8 2 6 2 131 8 14 19 12 468 272 21 341 8 23 1 143 5 35 1 329 160 677 197 8 23 13 3 19 133 22 25 49 947 266 89 191 7 47 27 219 319 49 777 25 22 53 144 390 1303 0 1 3 2 3 2 2 2 20 15 6 10 12 3 3 0 0 0 76 2 97 246 3 59 0 0 73 24 0 2 1 21 34 0 2 0 8 4 11 0 3 16 0 1 4 9 3 0 28 16 2 62 50 3 2 2 0 2 54 12 7 6 0 3 1 0 4 1 788 82 8 5 0 125 2 1 0 3 63 3 0 57 565 30 21 2 0 1
7849 111 432 119 414 141 12704 13306 1813 1474 1014 1589 10 0 1 0 0 0 1 0 25 35 1 5 8 1 0 2 3755 1073 137 24 45 14 1 0 3 8 1 0 61 0 3 4 12 8 4 1 3 15 52 56 1314 1053 437 40 12 2 0 0 2 0 4 0 1 6 19 3 1 10 4 113 43 27 18 1 50 15 56 10 28 10 1099 137 304 38 5 12 3 7 4 43 23 3 11 56 632 7382 16 4 14 3 8 18 2 39 10 6 8 16 38 72 0 0 0 0 0 0 2 0 6 2 0 2 0 0 0 0 0 0 5 0 7 14 0 5 0 0 5 5 0 0 0 1 1 0 0 0 0 2 1 0 0 1 0 1 1 4 2 0 3 3 1 5 2 0 0 1 0 0 3 0 0 0 1 0 0 0 3 0 44 9 2 0 1 6 1 0 1 1 4 2 1 2 27 2 1 0 0 0
7998 68 2996 63 182 162 13306 25333 2401 6455 3965 10896 3 0 2 1 0 0 5 1 44 33 1 6 4 0 2 3 741 441 56 16 42 12 0 0 2 5 4 0 130 1 8 2 6 4 3 0 18 7 111 114 870 676 436 98 8 2 0 0 3 4 4 0 1 4 39 6 1 10 7 122 29 11 12 2 31 9 46 13 68 5 1379 246 649 61 8 28 9 6 5 190 56 18 21 22 482 2524 28 4 60 7 58 74 4 225 18 12 57 99 162 297 0 0 0 0 0 1 0 1 1 4 0 0 2 1 0 0 0 0 19 0 10 28 1 7 0 0 13 3 0 0 0 2 1 0 1 1 3 0 1 0 0 2 0 1 2 0 3 5 0 1 1 10 6 0 0 0 0 0 8 1 0 0 1 0 0 1 0 0 125 14 6 1 1 19 1 1 1 0 7 0 1 6 132 22 1 0 0 0
198 13 118 11 15 31 1813 2401 1712 1855 825 911 147 0 0 0 0 4 29 0 13 17 2 0 2 1 0 0 59 44 8 4 48 5 0 0 0 2 0 1 13 0 4 10 146 92 1 3 2 202 15 19 343 93 70 3 2 2 0 0 3 7 8 0 0 51 5 4 2 8 4 476 95 366 5 4 332 152 215 19 22 146 112 19 22 2 1 88 49 104 39 7 2 1 21 12 3001 2100 8 0 5 1 4 6 1 26 1 1 4 12 11 45 3 0 7 0 0 10 2 7 10 74 11 2 0 0 2 1 0 0 3 0 0 4 0 4 0 0 13 6 0 2 1 1 0 3 3 0 10 10 4 2 3 0 0 0 1 0 6 5 1 0 0 1 1 2 2 13 6 4 2 1 1 2 7 14 0 2 23 11 21 9 23 1 11 5 0 3 3 0 3 8 0 4 21 1 4 0 0 1
289 10 3378 26 31 82 1474 6455 1855 17451 15103 23474 6 0 0 0 0 0 1 0 6 11 0 0 4 0 0 0 61 52 7 10 47 4 0 0 1 1 0 0 17 0 0 1 7 2 1 1 1 8 8 6 299 110 91 13 0 1 0 0 1 0 0 0 0 2 7 0 0 0 1 594 43 8 3 0 145 16 135 1 13 5 178 25 58 8 6 1 0 2 1 13 4 0 1 11 2134 1345 5 0 88 15 81 117 6 350 48 33 86 163 328 506 0 0 1 0 0 0 0 0 5 0 1 1 0 0 2 0 0 0 22 2 19 28 1 11 0 0 4 1 0 0 0 1 5 0 1 0 0 1 2 0 0 1 0 1 3 3 2 0 7 8 3 30 3 0 0 2 2 0 11 0 1 0 0 0 1 0 2 0 219 14 3 2 1 20 0 1 0 0 5 1 0 8 317 26 5 1 0 0
175 19 225 22 31 64 1014 3965 825 15103 6392 5840 2 0 1 0 0 0 3 0 28 13 0 1 0 0 0 0 60 47 6 6 58 6 0 0 1 2 0 0 19 0 2 1 5 3 0 0 0 5 10 11 173 82 63 10 1 0 0 0 1 1 0 0 0 0 4 0 1 1 0 1197 31 10 1 0 105 7 383 4 4 3 171 29 73 8 0 1 1 1 1 13 6 2 0 4 1177 779 9 0 98 10 138 138 12 450 42 45 67 205 300 718 1 0 0 0 1 1 0 0 2 1 0 3 1 0 0 0 0 0 20 1 21 45 0 19 0 0 9 5 0 0 0 3 8 1 0 0 2 0 3 0 0 1 0 2 0 3 1 2 6 9 4 21 11 0 0 0 0 0 11 1 1 0 0 0 0 0 0 0 316 21 5 0 0 47 0 0 0 0 15 0 0 9 368 34 5 1 0 1
3723 1228 35628 3313 1800 16435 1589 10896 911 23474 5840 30266 6 3 4 10 5 18 60 4 693 855 11 11 45 7 0 2 572 1238 152 1279 2360 235 1 0 14 122 15 18 464 8 17 6 10 19 22 1 25 5 49 36 397 346 199 113 14 18 1 0 32 6 7 1 1 2 136 13 10 15 9 2298 668 69 212 9 96 9 623 6 50 9 604 223 753 241 21 12 15 2 15 142 31 13 51 474 3518 1139 278 13 330 95 892 1333 130 3395 173 142 277 781 1771 5372 4 1 7 1 6 7 1 8 40 30 11 37 27 2 4 0 1 1 227 6 303 705 9 182 0 0 191 66 2 8 0 56 62 1 6 5 34 15 17 0 0 23 1 4 6 20 3 0 67 52 14 143 136 5 0 1 1 4 154 41 31 25 0 2 3 1 6 1 2941 269 45 9 0 416 3 2 2 3 182 3 2 134 2550 159 56 4 2 7
3 0 3 1 2 2 10 3 147 6 2 6 4727 4 7 19 4 590 6586 9 0 8 2 18 2 2 33 68 6 3 2 0 6 0 1 0 1 128 68 0 31 8 72 3212 1926 1905 4 16 6 103 1 1 18 3 2 1 0 0 1 0 64 10 20 51 121 2191 4 2 61 18 15 191 648 1211 8 12 678 550 719 7 9 20 0 2 4 1 1 32 72 148 89 6 2 5 46 3 439 81 1 0 0 1 1 1 1 2 0 8 2 0 5 4 6 29 481 4 4 55 2 638 28 1256 11 1 1 1 1 21 2 65 4 1 0 1 1 2 5 1 16 12 174 0 99 3 1 67 67 49 31 1832 4 17 16 5 0 10 0 2 1 0 2 1 1 4 6 1 152 153 37 383 2 2 7 2 31 270 3 12 567 51 7 14 194 4 77 13 5 8 16 2 1 57 6 2 12 6 1 0 0 0
1 1 1 2 63 2 0 0 0 0 0 3 4 14925 12043 940 2240 128 526 104 41 45 182 204 5 73 966 549 58 30 177 3 7 746 5300 4503 1275 217 58 280 555 52 105 15 2 20 419 9 17 0 1 1 3 11 2 1 73 271 2140 1102 25 27 128 55 207 2 65 218 114 9 3 2 15 63 1201 4 0 0 2 0 2 0 5 1 7 4 144 0 7 3 6 14 3 10 117 125 0 0 7 10 0 0 0 0 0 0 0 0 0 0 0 0 27 6 12 18 5 41 17 20 114 673 263 1 3 2 1 0 4 3 0 0 0 0 0 2 3 0 11 55 2 11 1 0 2 2 0 0 24 39 15 0 1 0 0 1 0 0 0 0 0 2 0 0 1 32 1 5 4 1 0 3 1 2 2 7 0 0 5 2 0 3 76 2 5 5 0 0 0 0 2 5 1 0 0 0 0 0 0 1
3 1 4 3 100 2 1 2 0 0 1 4 7 12043 19327 11326 3187 1432 732 1472 150 182 499 508 12 98 2029 3601 58 24 220 4 34 586 5005 797 1122 323 393 446 1608 179 409 16 7 40 348 45 81 1 4 1 10 14 10 4 84 292 762 553 65 74 378 129 810 5 45 236 401 37 8 4 39 44 1383 25 0 0 2 0 7 0 12 5 16 17 172 9 38 10 32 79 2 32 341 166 1 0 14 21 0 0 0 0 0 1 0 0 0 0 0 1 38 10 38 18 9 49 15 65 129 495 169 5 3 2 5 5 4 10 3 0 1 2 1 0 9 2 10 62 12 26 7 1 5 7 4 3 26 83 20 2 8 0 0 4 0 1 0 0 0 1 0 2 0 22 6 15 11 6 2 6 1 3 3 28 0 4 32 3 0 7 36 2 10 2 0 0 2 0 0 17 2 1 2 0 1 0 0 1
6 4 5 8 49 9 0 1 0 0 0 10 19 940 11326 20128 597 3889 5759 940 45 88 214 845 23 183 1772 6669 40 26 55 4 76 173 370 29 529 392 2963 162 1528 224 465 3 12 73 87 31 129 9 2 5 4 21 23 2 24 78 55 38 210 63 191 152 964 15 38 72 546 38 14 11 54 12 384 44 5 0 2 0 8 1 22 10 14 11 37 11 57 16 60 111 2 51 327 80 3 0 17 8 0 0 1 0 0 0 0 0 0 0 0 2 58 59 176 36 6 64 7 354 35 1018 24 2 1 4 3 29 11 110 3 2 0 3 4 4 32 5 11 21 72 18 49 1 1 16 3 42 52 322 15 2 5 3 0 4 0 1 3 3 2 0 0 0 3 16 7 37 15 15 1 3 4 3 8 25 1 0 53 4 0 11 40 3 19 3 1 1 16 0 2 29 0 0 1 0 0 0 0 0
0 1 2 3 83 10 0 0 0 0 0 5 4 2240 3187 597 5760 275 1537 2876 169 407 380 213 41 131 125 38 42 20 123 5 55 563 546 1610 2642 1919 46 1115 635 37 105 25 3 25 570 5 23 2 1 0 8 25 3 7 54 216 615 605 39 7 16 23 19 1 60 262 26 4 3 7 54 47 979 7 2 25 12 0 5 1 22 10 47 27 111 0 10 1 11 27 1 11 87 158 2 1 47 19 3 0 3 2 0 3 0 1 0 0 0 5 63 17 17 43 43 8 64 11 347 168 166 49 54 12 25 5 5 8 16 5 1 5 4 22 7 1 76 248 2 89 3 4 29 16 7 3 151 24 101 1 2 2 0 5 2 1 2 0 6 15 0 8 4 51 5 11 4 2 33 55 5 26 3 3 0 1 7 2 8 49 31 8 1 30 1 0 3 17 7 5 0 3 5 1 21 7 5 6
4 1 8 4 28 11 0 0 4 0 0 18 590 128 1432 3889 275 11711 3929 373 49 125 84 1692 25 84 1526 783 44 13 26 10 180 79 110 14 353 776 4247 104 726 122 1463 104 20 515 78 35 78 10 6 3 7 27 22 11 23 14 48 18 2835 48 138 600 423 150 47 78 391 23 10 40 356 135 122 65 9 19 22 3 11 6 30 17 37 26 13 15 21 13 84 61 4 30 288 40 28 2 36 4 0 0 0 0 0 5 0 0 0 0 1 6 46 183 1154 36 16 190 9 1178 133 2830 43 8 4 3 7 170 45 587 8 3 1 6 6 16 80 8 55 79 337 22 311 6 13 95 29 336 127 1511 28 11 13 2 2 8 1 5 0 1 2 1 1 4 17 18 25 117 31 171 10 8 15 22 15 96 1 6 146 8 10 41 209 15 15 19 0 0 7 2 6 30 6 6 4 0 6 0 0 2
18 13 13 16 74 26 1 5 29 1 3 60 6586 526 732 5759 1537 3929 76177 5737 198 675 226 1083 135 476 1809 468 90 47 60 24 273 90 964 10 309 6615 262 1028 593 122 698 10384 57 2963 309 27 108 137 13 11 28 57 28 20 56 27 100 21 268 40 69 283 175 950 99 119 82 38 33 94 1743 3552 212 58 57 312 159 10 29 106 65 55 103 69 25 97 102 124 291 146 16 58 362 88 73 13 125 13 3 6 2 6 0 4 0 7 0 2 3 13 994 484 2347 666 168 806 316 2774 1795 14657 1333 131 143 71 103 233 117 600 49 13 8 28 25 86 243 79 382 865 374 560 283 21 131 189 65 441 1106 3018 391 11 22 12 17 21 0 7 6 2 18 30 0 22 16 479 53 196 37 436 86 123 26 110 36 137 5 11 419 32 36 179 1905 48 43 112 5 15 36 33 48 87 30 12 19 7 62 16 13 19
5 2 2 5 29 6 0 1 0 0 0 4 9 104 1472 940 2876 373 5737 5747 75 151 231 325 32 171 148 22 17 8 32 3 25 90 198 16 189 393 44 408 405 77 163 24 5 27 130 13 54 4 1 0 1 8 4 3 19 68 61 31 41 4 13 11 13 7 18 45 15 8 5 6 39 35 254 22 3 6 4 0 2 3 11 10 18 13 21 8 30 9 19 65 3 20 122 56 2 0 18 3 1 0 1 1 1 1 0 2 0 0 0 3 170 28 30 106 20 18 53 21 308 343 186 23 18 11 31 7 11 16 5 3 2 2 3 14 19 4 43 174 3 128 2 4 16 23 5 6 158 48 77 1 14 0 2 3 0 5 0 1 3 8 0 4 1 120 2 15 6 1 18 27 6 19 7 2 0 1 21 1 6 25 48 14 4 16 1 0 4 8 11 12 3 3 2 1 14 4 1 3
282 211 230 250 743 477 25 44 13 6 28 693 0 41 150 45 169 49 198 75 13762 17281 1324 129 335 225 47 16 100 286 366 102 601 982 8 6 243 834 26 300 966 32 98 55 0 32 125 6 19 4 12 7 33 37 27 2398 33 128 10 4 37 9 26 3 8 0 41 44 24 8 2 119 641 34 715 14 30 3 106 1 7 2 332 52 5940 362 86 8 23 4 11 48 6 13 95 556 19 30 931 23 1 2 2 8 3 10 1 3 1 1 2 25 8 0 4 2 13 3 10 3 79 26 24 17 13 0 5 2 1 3 10 3 7 32 11 28 0 0 82 98 0 9 1 6 19 3 4 1 33 16 19 1 2 2 0 2 1 4 0 0 2 4 1 2 5 7 0 4 4 1 14 9 5 10 4 1 4 0 5 2 37 103 16 4 3 31 1 1 1 5 15 4 1 8 8 1 11 1 0 2
216 138 188 256 1144 628 35 33 17 11 13 855 8 45 182 88 407 125 675 151 17281 29825 3127 875 7047 2285 190 24 203 427 606 168 1131 2393 45 10 708 2680 56 2813 1268 160 662 163 13 70 1069 18 170 22 13 8 60 136 33 303 108 282 26 15 111 67 83 28 36 12 173 279 46 89 18 261 1660 68 1647 78 52 14 273 1 23 3 283 197 5998 1378 501 18 108 27 88 176 15 109 789 1067 46 34 3259 153 9 5 2 9 7 14 0 2 1 2 11 38 11 0 5 12 57 16 26 15 254 92 68 47 34 4 6 7 0 3 25 2 18 53 15 74 1 3 212 256 2 34 2 17 45 13 6 2 108 36 88 5 27 6 0 10 0 4 1 1 15 12 0 7 16 20 4 17 20 5 29 30 21 37 14 20 7 5 42 8 62 169 51 22 31 51 2 1 18 13 29 49 6 11 18 5 36 10 0 4
4 5 5 4 19 10 1 1 2 0 0 11 2 182 499 214 380 84 226 231 1324 3127 8710 7108 369 5239 540 75 41 13 18 4 64 200 66 7 306 529 74 1994 8058 1184 669 27 5 22 220 8 153 10 1 1 17 57 18 12 31 23 17 9 52 11 24 13 24 3 99 27 24 22 6 9 134 9 104 33 7 3 27 0 10 4 36 28 73 60 8 10 41 11 38 94 10 42 321 27 4 0 116 10 1 0 0 3 0 0 0 0 0 0 0 1 3 0 5 3 7 6 2 1 24 39 16 4 0 0 2 0 1 3 0 0 1 3 0 7 0 0 13 31 3 9 0 1 5 0 2 1 10 11 8 2 14 0 0 3 0 0 0 2 0 2 0 3 1 6 1 6 7 0 2 5 0 2 4 5 0 0 22 4 5 9 9 0 11 6 0 2 7 1 2 24 3 0 0 1 3 1 1 0
22 8 12 3 33 13 5 6 0 0 1 11 18 204 508 845 213 1692 1083 325 129 875 7108 16432 270 2443 5803 933 214 48 40 1 46 140 1335 24 131 202 943 2556 3538 4933 3533 32 9 543 829 8 383 11 7 1 49 133 44 15 174 26 349 44 874 26 68 454 304 21 414 323 183 22 10 13 80 19 154 83 5 1 11 1 10 0 77 98 81 113 53 14 61 11 77 177 11 37 438 32 1 0 197 35 0 0 0 0 0 0 0 1 0 1 0 0 9 15 65 4 5 15 6 140 46 231 40 4 2 1 1 7 2 13 1 0 0 1 0 2 3 2 5 20 37 2 25 0 4 8 3 5 8 203 3 2 15 2 0 2 1 1 1 0 0 2 0 0 2 4 7 21 7 14 3 1 1 2 9 14 1 0 34 6 3 6 18 0 12 2 2 6 4 0 0 25 2 1 1 0 0 0 1 0
23 12 9 8 68 23 8 4 2 4 0 45 2 5 12 23 41 25 135 32 335 7047 369 270 6816 1196 80 8 156 35 46 7 84 205 14 0 68 495 4 1288 337 32 296 41 5 20 1237 8 50 5 6 4 61 244 18 38 119 13 2 0 33 35 64 30 11 3 407 326 15 45 9 30 350 12 103 35 12 3 63 0 11 2 183 326 469 499 1748 5 37 9 36 64 9 63 437 60 6 2 2233 305 0 1 0 1 0 2 0 0 0 0 0 2 2 0 0 2 13 0 8 6 47 19 19 6 7 0 0 0 2 3 3 0 2 6 2 11 0 0 34 55 1 5 0 2 5 2 1 0 22 7 11 2 10 1 0 0 0 0 0 1 1 1 0 0 1 3 1 8 6 0 5 2 1 4 8 2 1 4 17 2 3 29 9 1 18 9 0 3 4 0 8 23 1 3 2 0 1 1 0 0
2 2 0 1 7 2 1 0 1 0 0 7 2 73 98 183 131 84 476 171 225 2285 5239 2443 1196 3337 1480 23 42 5 7 3 18 46 1838 3 75 202 29 8132 845 144 422 19 1 14 722 11 58 7 1 0 8 36 3 2 16 3 47 5 33 21 27 28 8 2 63 65 12 32 4 3 62 17 21 31 1 1 10 0 3 0 22 25 30 39 25 3 33 7 39 39 4 41 342 4 0 0 69 6 0 0 0 0 0 0 0 0 0 0 1 1 6 1 4 5 2 4 4 5 33 98 41 4 1 0 0 0 1 1 1 0 0 0 0 1 1 0 9 17 2 2 1 1 1 5 0 0 5 13 6 3 14 0 0 0 0 0 0 0 0 1 0 0 0 5 0 2 4 1 0 2 0 0 9 4 1 2 12 1 1 9 15 0 4 2 0 1 9 0 0 22 1 0 0 0 0 0 0 0
6 1 5 3 28 1 0 2 0 0 0 0 33 966 2029 1772 125 1526 1809 148 47 190 540 5803 80 1480 17215 8053 238 107 129 2 21 175 5922 42 175 105 551 1236 586 172 841 25 4 135 590 5 25 3 0 2 35 114 6 9 300 49 538 106 146 39 166 964 166 14 398 371 75 22 4 3 54 22 378 17 4 0 5 0 2 0 47 66 42 58 94 2 8 3 26 25 2 14 346 38 1 0 102 27 0 0 0 0 0 0 0 0 0 0 0 0 14 31 162 5 1 60 3 495 47 1025 67 0 1 0 2 12 7 70 1 0 1 2 1 2 7 2 7 23 92 8 40 1 4 10 5 21 5 357 4 1 1 0 0 0 0 0 0 0 0 0 0 0 1 7 7 23 3 26 0 1 4 1 3 12 1 1 23 0 0 4 34 2 8 2 1 0 3 0 1 11 1 0 0 0 1 0 0 0
8 1 2 0 74 1 2 3 0 0 0 2 68 549 3601 6669 38 783 468 22 16 24 75 933 8 23 8053 10858 143 114 240 1 12 207 248 27 199 57 2375 100 755 99 881 9 36 412 124 17 45 6 3 2 10 22 19 5 191 148 210 98 350 77 477 1656 2137 22 161 234 277 36 9 0 15 10 884 26 1 0 4 0 4 2 19 9 19 18 135 9 26 6 39 49 6 31 421 107 2 2 21 23 0 0 0 0 0 1 0 0 0 0 0 0 5 68 286 11 1 57 0 729 25 855 14 2 1 0 0 51 13 162 0 3 1 2 0 2 14 2 10 8 254 2 158 0 1 32 12 29 24 1204 3 2 8 3 0 2 0 0 0 1 1 0 0 0 3 2 34 53 11 59 0 0 6 4 10 31 1 5 69 7 2 3 29 4 8 5 0 1 7 0 0 15 3 1 4 0 0 0 0 0
6701 389 473 450 2725 460 3755 741 59 61 60 572 6 58 58 40 42 44 90 17 100 203 41 214 156 42 238 143 44492 11298 2283 120 427 423 40 2 105 318 34 78 189 40 432 20 10 32 299 28 35 9 71 51 8259 18572 1370 60 2087 103 45 8 59 104 380 144 106 7 6479 743 156 97 15 363 367 45 1795 45 101 5 146 8 43 8 2917 489 489 112 1110 10 60 12 56 102 29 69 666 522 118 3736 158 360 11 11 36 42 8 84 1 2 4 1 48 199 2 1 6 1 6 13 4 5 44 40 6 30 17 2 2 0 0 3 50 7 61 153 4 97 0 2 120 54 6 4 3 24 45 2 5 1 24 42 22 0 10 19 0 5 1 12 2 5 25 27 3 37 63 1 3 20 13 8 69 9 23 9 15 17 2 2 28 2 245 161 24 11 8 104 3 1 5 5 63 22 2 32 65 9 43 5 1 4
8255 1224 230 2035 9307 1786 1073 441 44 52 47 1238 3 30 24 26 20 13 47 8 286 427 13 48 35 5 107 114 11298 19772 6091 314 459 226 14 2 41 122 38 14 346 8 157 4 5 29 45 18 36 6 65 61 970 1085 366 147 5750 62 19 8 55 72 232 73 110 2 1039 175 113 61 19 384 216 17 1008 29 47 3 174 7 76 12 1073 348 846 170 185 30 35 11 24 189 61 39 275 728 136 818 154 95 15 13 31 63 16 127 0 5 4 17 55 304 0 4 2 2 1 6 4 8 26 21 9 15 14 1 0 0 0 1 38 1 55 139 1 56 2 0 79 45 4 2 3 10 27 0 3 2 10 18 12 1 9 9 0 3 3 4 4 3 19 17 4 28 43 1 2 7 6 4 40 12 22 6 5 7 2 3 16 1 266 78 15 8 7 84 3 3 12 3 52 6 2 35 79 5 27 1 1 2
255 72 65 401 8313 196 137 56 8 7 6 152 2 177 220 55 123 26 60 32 366 606 18 40 46 7 129 240 2283 6091 8790 133 222 407 23 26 98 126 63 30 340 26 204 11 4 31 58 49 35 5 31 28 240 484 111 89 6488 259 95 31 77 116 411 90 254 2 1894 309 339 80 15 56 103 9 5508 22 9 1 38 5 39 1 419 272 665 344 387 14 22 7 18 107 29 49 301 3862 11 97 449 3403 0 3 5 6 3 5 1 1 1 1 10 33 3 1 9 3 9 5 5 9 32 37 12 9 4 1 6 0 0 3 2 1 4 22 3 12 1 0 25 22 7 1 2 2 5 5 3 1 9 27 9 1 5 2 1 0 2 3 0 1 2 1 0 6 4 2 4 16 4 4 4 2 0 1 6 24 1 1 23 2 28 17 7 4 9 14 1 1 5 0 5 5 1 5 6 2 6 0 0 1
96 66 11 617 1957 3350 24 16 4 10 6 1279 0 3 4 4 5 10 24 3 102 168 4 1 7 3 2 1 120 314 133 2350 3939 615 0 0 7 42 5 5 53 0 7 2 3 7 6 5 0 0 4 4 24 27 22 14 3 323 1 0 29 1 4 0 2 0 23 7 6 1 2 388 182 4 990 2 8 0 107 0 4 0 45 29 88 19 5 3 0 0 3 11 5 4 8 2098 77 38 49 1 2 5 19 32 7 67 2 5 5 6 30 129 1 0 1 0 3 2 1 0 6 6 0 3 9 0 2 0 0 0 14 0 18 30 2 10 0 0 18 8 0 1 0 6 10 0 1 0 3 8 2 0 1 4 0 0 0 1 0 2 5 4 0 8 9 0 0 0 0 2 7 6 2 1 0 2 2 0 1 0 100 33 3 1 0 21 0 0 0 0 18 0 0 9 45 4 7 0 0 1
166 80 50 383 1175 2003 45 42 48 47 58 2360 6 7 34 76 55 180 273 25 601 1131 64 46 84 18 21 12 427 459 222 3939 9698 5897 12 2 121 2003 65 56 388 12 59 16 3 48 125 10 24 3 38 37 127 206 117 75 34 555 27 10 111 16 26 14 9 3 160 171 53 17 8 2172 3536 41 4136 6 105 3 421 6 31 5 376 179 500 143 62 12 9 1 14 119 24 13 60 3394 347 86 230 9 27 19 54 94 23 161 6 11 14 19 108 425 2 1 15 0 14 16 5 10 66 38 15 39 40 5 8 3 0 3 63 0 81 204 4 113 0 0 210 69 2 11 2 23 50 4 2 5 35 34 27 0 1 25 1 1 11 17 0 4 29 35 6 56 65 5 4 4 1 2 79 31 28 18 2 6 13 2 13 5 387 269 58 20 4 192 0 2 3 6 111 0 2 70 209 13 43 2 0 4
39 14 22 72 498 231 14 12 5 4 6 235 0 746 586 173 563 79 90 90 982 2393 200 140 205 46 175 207 423 226 407 615 5897 12668 148 217 1740 1166 139 251 576 20 196 13 2 31 788 23 27 1 31 45 112 262 107 65 187 4774 2171 2003 138 42 123 67 129 4 413 2941 158 31 11 313 505 14 9391 21 21 2 53 2 39 1 316 221 490 212 599 12 14 1 19 98 24 18 189 1537 41 8 332 48 5 5 9 17 4 23 1 1 1 4 15 54 2 1 7 2 7 10 9 13 62 54 13 21 20 2 3 1 0 3 29 2 12 72 14 61 0 0 145 73 8 7 4 12 37 4 3 3 36 21 31 1 0 8 2 4 4 10 3 6 16 13 0 22 27 4 5 4 2 1 48 15 19 23 1 9 4 0 22 1 77 172 32 14 7 87 0 1 3 7 34 5 3 15 18 4 27 4 3 2
0 0 0 0 15 0 1 0 0 0 0 1 1 5300 5005 370 546 110 964 198 8 45 66 1335 14 1838 5922 248 40 14 23 0 12 148 4117 1142 446 112 37 1720 131 30 238 21 0 21 1225 2 5 1 1 0 9 22 2 0 43 36 1852 429 25 14 80 127 45 1 69 173 26 17 1 1 20 63 150 8 0 0 4 0 0 0 7 15 10 13 27 0 0 2 5 9 2 7 154 14 2 0 30 5 1 0 0 0 0 0 0 0 0 0 0 0 73 13 30 39 15 60 22 32 160 663 242 1 2 2 2 4 6 5 0 0 0 0 1 2 5 3 8 42 1 28 6 3 6 5 0 1 31 46 15 1 2 1 0 1 0 0 0 0 0 0 0 0 0 36 1 6 2 2 3 2 0 4 2 4 0 0 5 0 0 7 56 2 1 4 0 0 0 0 2 2 1 0 0 0 0 0 0 0
0 0 0 0 10 0 0 0 0 0 0 0 0 4503 797 29 1610 14 10 16 6 10 7 24 0 3 42 27 2 2 26 0 2 217 1142 1510 1099 67 12 182 45 3 11 2 0 0 298 0 0 0 0 0 1 1 0 0 7 36 1500 765 2 1 2 4 12 0 7 55 11 1 2 0 2 1 174 1 0 0 0 0 1 0 1 1 3 3 14 0 1 0 2 0 0 0 7 14 0 0 1 1 0 0 0 0 0 0 0 0 0 0 0 0 1 0 1 1 0 1 1 3 7 21 3 0 1 0 0 0 0 0 0 0 0 0 0 0 0 0 0 2 1 3 1 0 0 1 0 0 1 4 0 0 0 0 0 0 0 0 0 0 0 0 0 0 0 0 0 0 0 0 0 1 0 0 0 0 0 0 0 0 0 1 0 0 0 0 0 0 0 0 0 0 0 0 0 0 0 0 0 0
3 1 1 4 58 8 3 2 0 1 1 14 1 1275 1122 529 2642 353 309 189 243 708 306 131 68 75 175 199 105 41 98 7 121 1740 446 1099 5418 2538 209 819 496 13 128 8 2 41 1306 25 10 0 6 5 22 59 12 10 61 155 2169 5283 165 34 84 59 154 2 124 1486 145 18 8 10 37 18 769 16 4 6 4 0 6 1 42 48 85 62 102 2 4 1 10 12 0 10 112 103 5 1 91 14 1 1 2 1 2 0 1 0 0 0 1 2 4 6 12 2 19 8 11 29 136 79 27 20 26 3 9 4 2 9 14 0 2 12 3 20 4 0 90 116 8 20 5 5 24 1 7 4 49 53 41 1 3 3 0 4 1 4 1 1 7 13 0 3 4 10 5 8 3 2 24 21 5 29 0 6 0 1 14 3 13 65 11 14 3 20 3 1 3 6 15 4 1 3 5 1 13 3 1 3
33 12 8 23 125 67 8 5 2 1 2 122 128 217 323 392 1919 776 6615 393 834 2680 529 202 495 202 105 57 318 122 126 42 2003 1166 112 67 2538 11096 186 1182 991 30 216 3176 12 585 1030 17 32 19 38 22 111 205 85 49 114 119 651 256 527 39 70 52 44 21 310 1085 134 27 20 206 3401 584 611 32 24 136 129 1 19 3 302 230 477 251 162 18 15 10 120 81 16 25 188 230 24 6 433 33 15 10 10 13 8 12 1 8 4 0 7 30 102 22 70 81 183 68 117 127 1133 553 364 223 180 12 62 15 7 28 92 16 18 101 60 222 13 6 802 972 30 171 9 45 171 26 27 13 506 188 363 3 6 26 1 9 15 18 8 10 49 68 3 51 53 108 10 32 7 22 128 130 43 181 13 37 9 5 67 12 128 586 222 74 16 234 3 5 7 32 153 13 11 31 41 11 124 22 20 23
11 7 6 4 53 10 1 4 0 0 0 15 68 58 393 2963 46 4247 262 44 26 56 74 943 4 29 551 2375 34 38 63 5 65 139 37 12 209 186 11786 51 778 179 1457 10 41 330 45 173 82 11 1 2 4 16 32 3 40 77 32 25 4105 223 382 782 3028 26 47 58 3419 111 40 6 26 15 399 297 1 0 4 0 18 2 9 4 11 4 40 20 63 8 78 77 2 44 398 91 4 0 11 4 0 1 0 1 2 0 0 2 1 0 0 3 11 76 482 2 2 53 2 706 20 728 6 2 2 0 0 105 12 244 6 4 2 5 6 7 31 5 10 12 350 4 226 0 1 71 45 82 25 1723 5 11 14 1 2 8 1 1 0 1 1 1 0 4 7 2 68 142 20 66 1 2 9 11 20 117 1 4 173 11 1 6 23 11 26 10 1 7 17 0 2 34 7 5 4 2 0 0 0 0
2 1 4 9 24 8 0 0 1 0 0 18 0 280 446 162 1115 104 1028 408 300 2813 1994 2556 1288 8132 1236 100 78 14 30 5 56 251 1720 182 819 1182 51 8640 848 130 899 106 11 40 4577 19 92 9 1 1 17 80 13 12 47 46 1166 109 60 58 152 112 37 7 151 380 61 93 8 21 294 44 155 86 3 1 44 0 14 0 48 75 74 96 36 15 95 23 86 65 9 98 857 32 2 3 181 20 0 0 0 2 1 0 0 1 0 0 1 0 41 2 16 20 12 23 21 18 182 397 214 10 3 6 10 3 2 9 2 1 0 3 1 6 1 1 25 89 7 24 3 1 13 15 8 2 51 37 26 2 27 1 1 4 0 0 0 3 0 2 0 0 1 34 2 14 24 5 6 2 1 8 18 13 4 6 31 1 1 8 55 0 28 5 1 2 11 3 3 55 2 0 1 0 3 1 0 0
828 253 381 237 508 425 61 130 13 17 19 464 31 555 1608 1528 635 726 593 405 966 1268 8058 3538 337 845 586 755 189 346 340 53 388 576 131 45 496 991 778 848 11059 5668 2377 62 146 529 196 101 2125 91 146 64 89 89 877 873 89 111 33 19 1089 84 120 70 433 111 146 79 680 135 175 121 382 35 672 634 55 5 92 12 190 22 401 73 586 135 99 281 678 171 1122 2521 112 335 1247 384 50 27 522 31 3 3 8 6 1 10 0 4 0 2 9 33 8 4 30 5 12 8 13 48 74 76 26 26 10 1 3 8 1 8 26 3 9 47 4 45 3 1 87 73 15 13 15 9 16 32 46 6 31 142 32 15 71 6 1 19 6 4 16 17 9 7 0 9 10 8 25 69 38 27 20 21 7 16 49 97 12 29 166 40 47 119 22 15 92 52 24 27 103 1 20 121 27 10 19 0 17 3 0 1
14 7 10 2 21 7 0 1 0 0 0 8 8 52 179 224 37 122 122 77 32 160 1184 4933 32 144 172 99 40 8 26 0 12 20 30 3 13 30 179 130 5668 5505 4627 5 18 228 67 6 702 8 5 2 8 15 53 9 12 10 12 1 462 11 15 21 155 31 41 18 245 12 8 4 14 1 56 120 3 1 4 0 9 0 16 8 12 12 11 13 51 9 306 147 7 26 182 14 4 0 32 0 0 0 0 1 0 0 0 0 0 0 0 0 1 1 14 1 0 2 0 10 5 15 2 0 1 0 0 0 1 1 0 0 0 1 1 0 0 0 4 3 9 0 4 0 1 14 14 0 3 39 0 2 7 0 0 4 0 0 1 0 1 0 0 0 1 0 4 22 7 7 0 2 0 0 6 28 1 2 41 11 0 3 3 0 19 0 3 0 10 0 0 15 1 0 1 0 1 0 0 0
36 7 22 7 109 19 3 8 4 0 2 17 72 105 409 465 105 1463 698 163 98 662 669 3533 296 422 841 881 432 157 204 7 59 196 238 11 128 216 1457 899 2377 4627 9368 52 222 2270 534 116 3196 72 15 9 61 216 63 16 410 94 284 49 4764 125 574 4943 1996 283 669 352 2421 100 67 20 108 30 610 1248 18 3 24 5 46 14 117 143 164 179 110 70 338 87 2491 701 25 214 4827 102 30 6 279 55 0 1 0 0 0 0 0 1 0 0 0 4 4 12 79 1 5 17 2 130 16 177 20 1 1 0 3 12 0 18 6 2 0 4 0 7 5 1 23 8 92 8 53 0 3 58 72 7 34 642 10 23 79 4 3 34 2 1 4 3 0 2 0 0 8 2 76 235 62 78 2 5 6 5 96 341 11 21 454 101 5 8 12 4 159 11 7 16 75 1 1 181 15 0 8 3 0 0 0 1
5 1 3 4 13 7 4 2 10 1 1 6 3212 15 16 3 25 104 10384 24 55 163 27 32 41 19 25 9 20 4 11 2 16 13 21 2 8 3176 10 106 62 5 52 8742 1080 816 39 14 7 247 8 23 13 22 11 11 4 3 4 1 46 21 23 5 3 253 22 20 13 13 24 364 1454 1837 32 13 933 2216 3654 29 24 117 20 19 40 22 13 79 76 189 248 16 2 6 75 16 52 10 36 5 0 7 1 1 1 4 2 2 1 0 1 10 90 22 131 53 99 110 122 213 738 1918 506 61 47 17 23 10 5 13 18 4 4 25 6 48 14 10 287 501 19 100 2 12 45 24 22 11 285 215 104 5 14 9 0 10 6 7 1 7 12 11 0 9 6 73 14 53 19 31 28 42 9 23 20 68 4 4 131 30 26 197 555 12 40 67 4 6 23 6 28 49 7 2 11 1 28 5 7 11
6 3 2 0 11 5 12 6 146 7 5 10 1926 2 7 12 3 20 57 5 0 13 5 9 5 1 4 36 10 5 4 3 3 2 0 0 2 12 41 11 146 18 222 1080 14816 995 4 147 88 5176 27 50 18 8 8 5 7 2 0 0 85 165 204 23 69 2286 9 2 235 179 213 184 148 268 6 108 1375 693 696 59 209 596 8 1 3 3 1 943 1050 5278 2988 83 19 108 565 7 456 86 2 0 1 1 1 0 0 1 0 3 0 1 0 2 3 4 63 6 1 6 3 34 14 41 5 1 1 1 2 11 2 12 7 2 0 1 5 4 3 5 12 8 59 5 42 5 4 195 208 4 31 731 11 98 352 16 4 63 24 9 18 40 2 1 0 1 3 3 131 593 307 326 4 13 6 4 385 773 35 112 1668 343 3 17 26 13 757 24 54 129 322 1 1 1050 89 5 13 3 2 0 1 1
9 5 5 7 27 17 8 4 92 2 3 19 1905 20 40 73 25 515 2963 27 32 70 22 543 20 14 135 412 32 29 31 7 48 31 21 0 41 585 330 40 529 228 2270 816 995 7412 29 40 75 52 2 6 18 29 24 8 40 36 7 3 256 87 168 720 656 3002 40 21 270 53 36 70 387 277 139 67 183 74 187 1 19 9 16 9 16 10 13 48 120 72 1049 84 9 47 511 50 318 51 13 6 3 2 0 3 0 5 1 32 1 3 3 15 15 66 1597 16 11 45 17 979 90 956 44 10 8 5 4 139 10 215 18 15 5 3 9 17 21 2 36 47 604 14 440 7 9 312 475 200 95 5763 22 32 63 12 9 36 0 7 3 6 2 4 3 6 28 13 419 777 96 950 7 26 36 24 66 958 10 17 1553 166 12 26 79 23 214 71 8 22 60 3 2 152 17 3 35 12 3 1 1 2
16 6 8 7 39 15 4 3 1 1 0 22 4 419 348 87 570 78 309 130 125 1069 220 829 1237 722 590 124 299 45 58 6 125 788 1225 298 1306 1030 45 4577 196 67 534 39 4 29 3171 10 28 9 3 2 69 310 27 26 353 104 3222 313 44 27 105 113 36 4 678 3591 42 24 4 22 267 27 357 24 8 0 34 0 6 1 167 288 269 389 492 9 34 8 27 40 9 23 319 46 6 4 1100 136 0 2 0 0 0 2 0 0 1 0 1 7 14 3 6 9 8 9 14 15 72 144 63 14 4 1 3 3 1 4 1 0 4 4 2 5 2 0 46 62 4 9 2 2 10 5 2 1 25 16 13 1 4 1 0 0 1 0 0 0 1 3 0 2 1 13 5 7 3 1 6 5 3 5 3 4 3 0 6 0 8 28 26 2 3 5 2 0 5 2 7 22 3 0 0 0 3 0 2 1
8 2 3 3 37 3 1 0 3 1 0 1 16 9 45 31 5 35 27 13 6 18 8 8 8 11 5 17 28 18 49 5 10 23 2 0 25 17 173 19 101 6 116 14 147 40 10 24394 100 355 8 8 3 11 7 1 24 39 3 3 458 11619 1298 51 398 67 19 7 8589 1938 3634 5 11 5 229 10610 22 5 6 9 211 58 3 8 5 3 17 1256 3658 255 1324 97 35 398 732 60 13 2 5 2 0 0 0 0 0 1 0 5 0 0 1 0 2 2 8 4 3 17 3 22 6 12 7 1 2 8 5 7 6 3 8 2 0 1 4 1 3 2 2 3 14 18 15 5 2 219 116 3 10 135 22 343 1109 26 10 241 15 17 25 61 0 2 2 0 3 5 30 599 605 72 6 16 9 11 510 289 96 324 1070 164 3 3 23 18 800 32 154 247 1104 2 2 2005 345 3 10 3 2 0 0 2
110 29 54 21 61 36 3 18 2 1 0 25 6 17 81 129 23 78 108 54 19 170 153 383 50 58 25 45 35 36 35 0 24 27 5 0 10 32 82 92 2125 702 3196 7 88 75 28 100 11430 110 22 20 8 16 67 33 9 5 3 3 186 126 95 7 43 61 49 10 122 181 120 8 31 11 34 430 13 2 6 4 119 19 29 24 21 30 6 219 859 208 631 6486 124 1994 9170 30 12 8 44 2 0 0 0 0 1 1 0 0 0 0 0 1 0 0 3 2 0 3 0 3 3 11 2 0 0 0 1 0 0 1 1 0 0 2 0 1 0 0 8 4 2 1 1 2 3 24 8 0 3 29 3 17 123 0 0 18 6 2 5 15 1 1 0 0 1 1 1 60 82 15 1 2 0 1 63 36 12 33 114 14 1 4 5 3 95 9 27 24 90 0 2 244 32 1 2 0 1 0 0 0
22 5 7 4 10 5 15 7 202 8 5 5 103 0 1 9 2 10 137 4 4 22 10 11 5 7 3 6 9 6 5 0 3 1 1 0 0 19 11 9 91 8 72 247 5176 52 9 355 110 11457 297 755 15 6 13 2 4 0 1 0 40 344 252 4 16 1527 15 1 150 203 193 102 108 1063 15 285 1507 334 304 886 591 7523 17 4 5 5 2 2867 1417 6947 781 146 34 129 530 3 692 105 5 0 0 0 1 0 0 2 0 2 0 1 1 3 0 0 4 3 3 6 0 6 9 11 4 1 0 1 2 2 0 3 3 2 0 2 0 1 1 0 1 4 4 5 3 1 1 68 38 1 4 46 7 110 303 13 2 116 38 19 101 108 1 2 1 1 1 0 7 108 122 42 1 0 2 3 83 36 54 137 367 25 3 4 15 4 152 8 157 391 628 0 1 710 111 1 12 3 0 0 0 1
352 66 115 16 49 47 52 111 15 8 10 49 1 1 4 2 1 6 13 1 12 13 1 7 6 1 0 3 71 65 31 4 38 31 1 0 6 38 1 1 146 5 15 8 27 2 3 8 22 297 13265 19315 60 16 657 54 6 3 0 0 20 14 0 0 3 287 10 10 2 141 29 22 68 197 28 16 113 27 37 3053 2901 401 280 26 69 19 6 301 70 44 31 7854 6250 52 44 20 46 23 16 2 3 2 1 1 0 0 0 0 0 1 4 6 0 0 0 0 2 0 0 0 8 4 0 5 2 0 0 1 0 0 3 2 3 18 1 9 0 0 36 12 0 1 0 6 8 5 4 1 4 2 5 8 9 6 0 7 563 202 1236 786 8 1 0 0 6 0 0 0 3 9 5 4 9 1 0 1 117 29 11 2 20 36 8 3 2 23 233 18 229 1 6 28 19 6 1 1 4 0 0 2
284 55 113 18 45 27 56 114 19 6 11 36 1 1 1 5 0 3 11 0 7 8 1 1 4 0 2 2 51 61 28 4 37 45 0 0 5 22 2 1 64 2 9 23 50 6 2 8 20 755 19315 13425 54 14 409 28 8 0 2 0 11 17 6 0 1 732 10 5 4 86 33 24 61 400 17 9 197 53 51 6135 1035 684 189 15 35 15 6 229 74 32 21 982 1910 37 38 16 74 27 21 3 4 0 2 1 0 1 0 2 1 0 2 7 0 0 0 0 1 1 2 0 8 0 0 0 3 1 0 0 0 0 2 0 1 15 1 9 0 0 19 9 0 2 0 6 1 7 2 0 6 1 3 8 4 24 1 15 859 616 2204 542 22 3 2 2 2 0 0 4 4 8 5 1 1 5 2 2 194 29 22 0 16 18 16 3 0 28 295 67 270 0 23 36 28 3 9 0 0 2 0 0
1606 142 321 107 409 108 1314 870 343 299 173 397 18 3 10 4 8 7 28 1 33 60 17 49 61 8 35 10 8259 970 240 24 127 112 9 1 22 111 4 17 89 8 61 13 18 18 69 3 8 15 60 54 12140 11718 7939 93 133 16 4 0 17 8 36 17 12 11 513 123 18 14 3 197 218 52 203 8 82 30 134 6 38 15 1419 622 209 183 221 8 17 15 13 70 16 11 110 102 455 6296 138 85 6 1 4 10 3 17 4 1 4 9 16 41 0 0 2 1 3 2 4 4 12 8 4 8 13 0 0 0 0 1 5 3 10 30 3 40 0 0 79 37 1 2 0 10 16 0 3 0 14 4 10 0 3 2 0 2 0 1 0 1 1 9 0 14 14 1 0 2 1 0 19 10 8 8 1 7 0 0 4 1 47 85 13 8 4 44 0 2 0 1 16 3 0 4 15 1 11 1 0 1
1502 190 341 122 556 210 1053 676 93 110 82 346 3 11 14 21 25 27 57 8 37 136 57 133 244 36 114 22 18572 1085 484 27 206 262 22 1 59 205 16 80 89 15 216 22 8 29 310 11 16 6 16 14 11718 16605 699 18 633 34 12 6 29 50 146 44 23 4 3837 440 36 43 8 120 320 30 710 23 59 8 115 2 15 4 2419 7507 191 423 864 7 31 9 32 37 10 39 328 196 152 2392 339 402 3 3 10 11 2 15 2 1 1 5 13 52 1 1 6 3 8 6 6 4 30 16 8 12 16 1 1 0 0 0 19 1 13 63 4 51 0 0 117 37 2 6 0 11 20 5 5 2 27 9 11 0 5 6 0 3 1 5 1 0 9 16 0 15 20 2 5 1 4 0 26 8 12 6 2 4 2 1 9 4 66 121 41 5 8 56 1 1 3 4 51 10 1 20 20 5 15 0 2 0
1025 124 328 81 216 89 437 436 70 91 63 199 2 2 10 23 3 22 28 4 27 33 18 44 18 3 6 19 1370 366 111 22 117 107 2 0 12 85 32 13 877 53 63 11 8 24 27 7 67 13 657 409 7939 699 20070 1417 35 4 1 0 57 5 13 9 25 18 84 28 32 35 21 75 177 38 80 39 63 7 77 58 221 19 4458 149 241 80 40 46 39 8 66 572 151 22 89 59 104 1153 82 11 1 2 3 1 1 11 1 2 1 0 7 24 1 0 0 1 3 3 0 1 19 6 0 14 5 1 3 0 0 0 9 0 4 44 3 39 1 0 84 32 1 3 0 4 15 2 4 1 14 6 7 1 4 5 0 2 5 3 18 8 1 6 0 8 8 0 3 9 1 2 18 7 13 11 2 3 6 2 8 1 40 102 18 10 4 40 4 2 10 1 15 10 2 12 14 2 7 2 0 1
477 151 234 81 169 98 40 98 3 13 10 113 1 1 4 2 7 11 20 3 2398 303 12 15 38 2 9 5 60 147 89 14 75 65 0 0 10 49 3 12 873 9 16 11 5 8 26 1 33 2 54 28 93 18 1417 3666 13 5 0 1 14 3 9 4 8 2 13 27 5 7 2 30 120 11 73 5 16 1 35 1 19 2 3944 37 2087 154 25 11 8 5 9 116 16 10 48 60 8 12 274 12 0 0 2 5 0 0 0 0 0 2 4 11 0 0 1 0 2 3 1 2 6 2 3 6 2 0 0 0 0 0 10 2 3 37 4 21 0 0 30 18 1 1 0 1 9 1 0 0 9 3 9 0 1 3 0 1 0 4 1 2 3 3 0 5 9 2 0 5 0 1 8 2 2 3 0 0 0 0 4 0 22 49 7 0 1 13 3 0 3 3 11 2 0 5 7 1 4 1 0 0
36 9 15 16 1376 14 12 8 2 0 1 14 0 73 84 24 54 23 56 19 33 108 31 174 119 16 300 191 2087 5750 6488 3 34 187 43 7 61 114 40 47 89 12 410 4 7 40 353 24 9 4 6 8 133 633 35 13 11377 219 78 24 64 107 367 179 150 4 6698 1256 161 69 8 11 88 4 5968 30 4 1 18 1 5 0 326 617 274 1796 2645 3 29 5 31 27 10 44 603 740 5 5 2617 6365 0 0 1 0 0 2 0 0 0 0 0 0 4 1 2 2 1 2 3 5 7 23 5 3 0 0 0 1 0 2 0 0 0 3 1 8 0 0 17 10 5 0 1 2 0 6 5 1 4 26 3 1 8 1 0 2 0 1 2 2 0 0 0 2 1 0 2 6 5 2 2 2 1 3 7 14 0 4 25 3 6 9 6 0 4 5 0 2 2 0 1 20 2 0 1 0 1 0 0 0
4 1 3 9 150 71 2 2 2 1 0 18 0 271 292 78 216 14 27 68 128 282 23 26 13 3 49 148 103 62 259 323 555 4774 36 36 155 119 77 46 111 10 94 3 2 36 104 39 5 0 3 0 16 34 4 5 219 13219 934 3810 112 52 134 36 133 2 160 2060 203 43 6 25 49 3 14651 10 3 0 11 0 5 0 26 32 61 38 570 2 6 1 9 14 2 10 126 856 7 1 68 126 0 0 1 0 0 1 0 0 0 0 1 4 0 1 0 0 1 1 3 8 14 25 8 2 2 0 0 0 0 4 3 0 1 3 0 5 0 0 15 14 3 1 2 1 4 4 2 0 5 28 3 1 2 1 0 2 2 0 1 0 1 1 0 0 0 0 5 8 5 2 1 3 0 2 3 19 0 3 15 6 7 7 4 1 7 2 0 1 0 0 1 9 2 0 5 0 1 0 0 0
0 0 0 1 27 1 0 0 0 0 0 1 1 2140 762 55 615 48 100 61 10 26 17 349 2 47 538 210 45 19 95 1 27 2171 1852 1500 2169 651 32 1166 33 12 284 4 0 7 3222 3 3 1 0 2 4 12 1 0 78 934 3359 6518 22 10 89 111 48 1 65 1787 38 6 1 2 33 7 1688 5 1 0 5 0 0 0 6 8 5 9 156 1 4 0 0 3 0 10 120 56 0 0 5 20 0 0 0 0 0 0 0 0 0 0 0 1 1 1 3 3 3 3 8 7 23 86 34 0 0 0 2 0 0 0 0 0 0 2 0 1 2 0 8 9 2 3 0 0 0 0 0 0 6 7 1 0 0 0 0 0 0 0 0 0 1 0 0 0 0 2 0 4 0 3 0 3 0 2 2 2 0 0 2 0 1 1 7 1 5 1 0 0 0 0 0 1 1 0 0 0 1 0 0 0
0 0 0 0 9 0 0 0 0 0 0 0 0 1102 553 38 605 18 21 31 4 15 9 44 0 5 106 98 8 8 31 0 10 2003 429 765 5283 256 25 109 19 1 49 1 0 3 313 3 3 0 0 0 0 6 0 1 24 3810 6518 2927 8 7 40 27 39 1 40 2761 29 5 2 0 2 1 1428 4 0 0 0 1 0 0 0 1 3 4 90 0 0 1 2 2 0 3 42 35 0 0 5 16 0 0 0 0 0 0 0 0 0 0 0 0 1 3 3 0 0 1 2 2 4 25 10 0 1 0 1 0 0 0 1 0 0 0 0 0 0 1 0 2 0 1 1 0 1 0 0 0 2 5 0 0 0 0 0 0 0 0 0 0 0 0 0 1 2 0 2 2 2 0 0 0 0 1 0 0 0 0 1 0 1 1 3 0 1 0 0 0 0 0 0 1 0 0 0 0 0 0 0 0
20 6 23 12 80 35 2 3 3 1 1 32 64 25 65 210 39 2835 268 41 37 111 52 874 33 33 146 350 59 55 77 29 111 138 25 2 165 527 4105 60 1089 462 4764 46 85 256 44 458 186 40 20 11 17 29 57 14 64 112 22 8 4630 650 785 1304 765 309 79 50 2953 266 348 41 163 18 470 3123 10 3 14 2 36 10 31 18 54 41 27 75 404 32 4455 196 12 122 1609 142 12 2 47 9 1 1 0 1 1 0 1 16 0 0 0 3 3 24 520 10 4 24 4 303 31 236 10 2 3 1 3 68 9 97 10 5 1 7 6 12 7 1 31 25 300 8 202 6 6 234 321 69 51 2087 18 36 83 11 2 49 1 6 2 4 1 3 6 2 10 6 196 612 90 263 4 8 28 13 63 734 8 27 837 136 17 27 24 9 225 58 7 11 67 4 5 186 25 8 28 6 2 1 1 1
11 5 4 4 65 11 0 4 7 0 1 6 10 27 74 63 7 48 40 4 9 67 11 26 35 21 39 77 104 72 116 1 16 42 14 1 34 39 223 58 84 11 125 21 165 87 27 11619 126 344 14 17 8 50 5 3 107 52 10 7 650 12054 9254 309 650 70 111 33 4165 6160 2783 5 18 19 429 4779 27 5 6 11 314 252 22 30 39 34 40 973 3111 432 1645 133 64 1337 5183 98 17 2 37 13 0 1 0 0 0 2 0 8 0 0 0 0 1 1 11 8 2 10 1 20 4 9 3 0 0 2 3 11 3 17 12 8 0 0 0 3 1 2 0 7 23 24 7 2 5 287 80 1 9 108 22 484 1256 34 13 244 49 49 47 119 4 1 0 2 0 2 25 520 579 57 7 28 8 12 298 148 193 522 773 82 1 3 20 24 370 21 415 310 1822 2 5 1867 543 0 10 5 0 1 1 3
11 2 6 10 180 8 4 4 8 0 0 7 20 128 378 191 16 138 69 13 26 83 24 68 64 27 166 477 380 232 411 4 26 123 80 2 84 70 382 152 120 15 574 23 204 168 105 1298 95 252 0 6 36 146 13 9 367 134 89 40 785 9254 17201 7963 5544 181 484 163 9373 989 177 5 43 18 1041 1944 28 2 18 2 54 18 65 46 70 80 140 108 1179 304 1810 171 45 579 6057 175 24 5 78 37 0 1 0 0 0 0 0 2 0 0 1 1 4 3 19 7 2 14 4 35 5 49 7 0 0 2 4 7 1 13 3 4 0 0 0 2 2 0 5 7 32 7 14 2 6 122 103 2 9 169 12 80 431 9 6 132 2 2 3 11 0 2 0 1 2 1 35 392 326 65 0 14 5 5 340 331 26 74 778 137 3 9 12 13 564 22 18 76 221 4 0 882 97 1 10 1 0 0 1 1
2 1 2 1 22 2 0 0 0 0 0 1 51 55 129 152 23 600 283 11 3 28 13 454 30 28 964 1656 144 73 90 0 14 67 127 4 59 52 782 112 70 21 4943 5 23 720 113 51 7 4 0 0 17 44 9 4 179 36 111 27 1304 309 7963 5633 5058 22 203 128 1581 118 9 3 18 7 249 115 0 0 4 0 6 0 18 18 22 44 38 10 20 9 82 10 2 72 3304 34 0 2 43 16 0 0 0 0 0 0 0 1 0 0 0 0 2 12 116 1 1 5 1 189 8 182 7 1 0 0 0 23 0 37 1 0 1 0 0 1 0 0 5 3 70 2 47 0 1 12 19 7 7 605 1 3 8 0 0 5 0 1 0 0 0 0 0 1 1 3 21 32 11 27 2 1 3 1 8 32 0 1 67 10 1 2 15 3 12 1 0 0 6 0 0 23 7 2 1 0 1 0 0 0
6 0 5 0 90 6 1 1 0 0 0 1 121 207 810 964 19 423 175 13 8 36 24 304 11 8 166 2137 106 110 254 2 9 129 45 12 154 44 3028 37 433 155 1996 3 69 656 36 398 43 16 3 1 12 23 25 8 150 133 48 39 765 650 5544 5058 7618 45 119 100 10423 230 48 2 10 9 905 239 0 0 2 0 18 4 11 12 18 18 138 22 82 17 126 31 5 80 1681 126 4 1 16 25 0 0 0 1 0 0 0 6 0 0 0 0 1 17 212 2 1 9 2 223 7 161 5 0 0 0 0 47 3 62 7 8 0 0 1 1 3 1 7 10 210 2 140 0 1 82 66 29 15 1347 5 2 26 2 1 8 0 2 0 4 0 0 0 1 9 0 106 205 36 75 0 3 9 8 34 281 4 5 313 51 0 4 13 6 84 18 6 6 18 0 0 64 8 1 10 3 2 0 0 0
11 2 5 4 4 2 6 4 51 2 0 2 2191 2 5 15 1 150 950 7 0 12 3 21 3 2 14 22 7 2 2 0 3 4 1 0 2 21 26 7 111 31 283 253 2286 3002 4 67 61 1527 287 732 11 4 18 2 4 2 1 1 309 70 181 22 45 1867 6 3 128 67 47 66 63 896 10 50 583 558 195 682 295 1613 8 3 2 1 0 852 181 271 1006 51 12 34 518 2 186 30 5 1 0 0 0 0 0 0 0 2 0 0 2 0 3 9 429 2 0 11 0 177 12 408 3 1 0 0 1 15 1 42 1 0 0 1 1 2 2 0 8 4 27 1 20 0 2 47 64 91 17 524 5 16 40 5 1 9 29 13 88 67 0 0 0 0 1 1 25 88 41 816 0 2 1 5 52 115 13 22 348 66 2 8 91 5 88 12 26 17 61 0 0 105 17 0 5 0 0 0 0 0
274 103 136 89 460 131 19 39 5 7 4 136 4 65 45 38 60 47 99 18 41 173 99 414 407 63 398 161 6479 1039 1894 23 160 413 69 7 124 310 47 151 146 41 669 22 9 40 678 19 49 15 10 10 513 3837 84 13 6698 160 65 40 79 111 484 203 119 6 6446 1767 127 123 16 59 243 27 3807 58 32 1 60 0 14 2 573 2046 252 1752 3216 6 73 11 71 60 18 97 994 420 17 26 566 1658 2 3 4 3 6 5 0 1 0 0 8 27 1 2 13 2 7 8 4 8 34 33 11 16 8 1 1 0 0 1 11 1 9 36 4 31 0 0 63 28 6 2 3 4 15 6 6 1 12 30 10 2 12 7 0 10 1 2 1 0 4 9 1 5 15 2 6 12 13 2 14 6 5 6 19 9 2 5 21 4 52 65 14 1 16 42 1 6 5 3 17 31 2 10 9 1 12 3 0 1
20 3 11 7 68 8 3 6 4 0 0 13 2 218 236 72 262 78 119 45 44 279 27 323 326 65 371 234 743 175 309 7 171 2941 173 55 1486 1085 58 380 79 18 352 20 2 21 3591 7 10 1 10 5 123 440 28 27 1256 2060 1787 2761 50 33 163 128 100 3 1767 4621 124 22 3 18 231 18 3767 9 11 3 35 0 10 0 199 304 196 488 2019 1 13 0 5 26 6 12 252 93 2 1 1053 355 0 1 0 1 0 2 0 0 0 0 0 3 7 1 6 1 3 3 6 19 44 64 21 9 6 0 0 1 0 3 2 0 2 6 3 13 0 1 39 41 5 3 0 1 5 4 2 0 17 16 8 1 2 0 0 1 0 3 0 1 2 3 0 5 2 2 1 6 4 5 8 5 4 6 8 8 0 1 6 1 6 22 14 3 3 8 0 0 2 0 7 6 2 1 2 0 3 1 0 1
22 8 10 12 211 14 1 1 2 0 1 10 61 114 401 546 26 391 82 15 24 46 24 183 15 12 75 277 156 113 339 6 53 158 26 11 145 134 3419 61 680 245 2421 13 235 270 42 8589 122 150 2 4 18 36 32 5 161 203 38 29 2953 4165 9373 1581 10423 128 127 124 11409 1449 1031 13 25 11 1397 10608 19 5 8 1 98 12 30 20 37 25 133 88 469 82 975 130 24 297 2686 276 11 3 26 28 0 3 1 0 0 1 0 13 0 0 0 0 3 9 97 5 5 22 3 82 13 37 5 1 1 1 2 18 0 27 8 6 0 3 6 3 1 1 14 10 146 13 74 5 0 209 283 11 38 850 14 69 178 15 8 123 3 8 2 15 0 5 2 2 9 6 174 744 242 169 2 15 12 9 340 1179 20 71 1416 382 6 13 19 22 683 32 20 50 119 0 1 625 57 3 14 3 2 0 2 2
44 17 36 5 44 19 10 10 8 0 1 15 18 9 37 38 4 23 38 8 8 89 22 22 45 32 22 36 97 61 80 1 17 31 17 1 18 27 111 93 135 12 100 13 179 53 24 1938 181 203 141 86 14 43 35 7 69 43 6 5 266 6160 989 118 230 67 123 22 1449 3720 3619 13 14 26 247 1368 29 7 16 45 1480 650 33 26 32 29 21 1393 1482 282 815 1057 1059 1497 1609 49 11 5 43 10 3 1 0 1 1 0 1 7 0 0 0 0 1 1 6 6 2 8 2 6 4 8 2 0 2 3 4 7 0 3 2 3 0 0 3 0 2 3 2 3 7 10 10 2 1 183 40 3 6 41 13 361 550 45 10 120 136 274 225 599 5 0 0 0 2 3 10 226 192 35 4 5 5 3 107 62 488 629 315 33 3 3 21 6 140 18 756 166 1733 1 6 778 392 0 7 2 1 0 2 2
48 18 30 6 21 12 4 7 4 1 0 9 15 3 8 14 3 10 33 5 2 18 6 10 9 4 4 9 15 19 15 2 8 11 1 2 8 20 40 8 175 8 67 24 213 36 4 3634 120 193 29 33 3 8 21 2 8 6 1 2 348 2783 177 9 48 47 16 3 1031 3619 8885 4 15 26 60 2317 49 5 12 39 3089 626 5 4 7 6 3 2757 2690 327 1354 481 201 989 651 18 27 7 8 2 0 0 0 2 0 0 0 4 0 0 0 1 1 1 2 4 0 7 0 4 2 3 1 0 1 2 2 4 1 2 0 1 0 1 0 0 0 0 2 0 4 4 3 2 3 96 17 1 1 24 0 295 329 32 3 65 74 143 146 354 2 1 0 0 1 0 6 119 115 21 3 3 1 3 47 26 318 540 172 23 0 4 15 6 75 5 625 132 1509 1 1 459 285 0 2 2 0 2 0 1
127 69 152 152 323 468 113 122 476 594 1197 2298 191 2 4 11 7 40 94 6 119 261 9 13 30 3 3 0 363 384 56 388 2172 313 1 0 10 206 6 21 121 4 20 364 184 70 22 5 8 102 22 24 197 120 75 30 11 25 2 0 41 5 5 3 2 66 59 18 13 13 4 12784 4181 597 267 0 4882 619 5058 15 37 68 228 90 192 46 13 46 32 47 29 53 11 9 33 446 8940 600 42 3 54 59 203 329 69 649 22 38 44 96 402 1439 6 3 16 5 14 12 8 12 117 83 34 69 45 7 11 0 0 2 167 6 220 660 13 237 3 1 386 165 1 16 1 55 112 6 8 7 79 32 59 1 2 35 0 7 19 38 6 17 77 84 11 118 176 10 5 9 5 4 175 36 58 13 2 13 21 2 33 5 1226 557 172 37 7 446 3 1 12 8 213 6 2 142 672 42 94 3 2 6
