45742 6634 19203 3367 546 990 10569 11457 358 1701 126 2049 0 1 4 4 3 2 5 2 58 36 8 7 35 2 13 8 8939 5942 147 88 465 10 3 1 13 10 0 2 806 3 14 0 1 1 1 9 27 3 58 63 357 1180 337 74 16 1 0 1 4 18 6 12 27 0 140 10 22 46 18 95 24 13 8 4 7 0 57 5 74 1 1100 389 821 87 19 27 12 4 8 133 92 34 30 17 52 3163 41 10 3 5 27 6 4 35 2 1 4 3 21 74 0 0 0 0 1 0 0 0 0 0 0 4 1 0 0 0 0 0 33 0 40 62 1 21 0 0 13 11 0 1 0 1 8 0 0 0 1 1 0 0 1 0 0 0 5 0 1 3 5 7 1 5 7 1 0 1 0 0 7 1 2 0 0 0 0 1 0 1 69 15 11 1 0 38 1 0 6 2 5 1 0 11 17 5 2 2 0 0
6634 10382 11144 11393 795 1145 613 298 34 254 52 1974 0 0 2 1 0 2 0 0 38 15 3 2 6 0 4 2 634 3786 188 15 190 2 1 1 2 3 0 2 347 0 3 0 0 1 0 1 10 0 11 13 83 224 74 24 8 0 0 1 1 7 4 2 8 2 32 1 5 14 5 37 3 9 3 0 1 1 59 0 22 0 268 150 328 46 4 7 2 0 1 36 20 3 7 4 9 401 14 2 1 0 25 1 4 19 0 1 4 3 3 20 0 0 0 0 1 0 0 0 0 0 0 4 0 1 0 0 0 0 17 0 15 20 0 11 0 0 6 2 0 0 0 3 9 0 0 0 0 0 0 0 0 0 0 0 0 0 0 0 4 3 1 3 7 0 0 0 0 0 4 0 1 0 0 0 0 1 0 0 28 10 3 0 0 19 1 0 0 1 2 0 0 5 9 1 3 1 0 0
19203 11144 17042 8711 152 2612 1713 11341 383 6847 464 9807 0 1 3 2 0 6 1 2 139 62 11 8 44 5 20 11 1282 572 95 30 82 17 3 2 10 18 3 6 1457 6 13 2 1 4 3 5 45 2 36 58 252 882 326 84 35 4 1 1 2 13 5 16 19 0 173 12 10 38 19 88 26 30 13 1 5 0 65 1 75 1 1309 595 1380 170 21 23 6 1 5 134 78 46 33 16 58 785 49 14 12 11 191 2 18 83 4 5 15 8 30 126 0 0 0 0 3 0 0 0 1 1 0 14 5 2 0 0 0 0 60 0 61 170 3 51 0 0 24 14 0 1 0 8 36 1 0 0 0 0 0 1 0 0 0 0 1 1 0 0 15 6 2 25 25 0 0 0 0 1 12 4 4 0 1 0 0 1 0 0 158 45 15 0 0 84 0 0 2 5 18 1 0 9 31 6 8 3 0 1
3367 11393 8711 8657 4381 9278 669 148 41 336 106 11374 0 2 2 2 0 1 1 0 88 27 8 4 10 1 1 3 790 5379 934 164 1153 7 1 1 7 4 0 2 397 1 3 0 0 0 1 4 11 1 20 28 68 238 93 41 31 3 0 1 0 3 0 4 6 0 43 0 4 13 9 176 10 12 3 1 4 0 287 0 23 0 359 198 484 87 8 7 1 0 3 38 24 7 9 14 29 437 33 5 2 5 312 8 10 43 2 4 5 8 18 88 0 0 0 0 1 0 0 0 2 0 0 5 2 1 0 0 0 0 19 0 41 69 1 13 0 0 5 9 0 0 0 7 15 0 0 0 0 0 0 0 1 0 0 0 1 1 0 0 4 3 0 12 12 0 0 1 0 0 8 3 2 1 0 0 0 1 0 0 84 20 3 0 0 37 0 0 1 0 11 0 0 6 14 7 2 0 0 1
546 795 152 4381 5118 7556 384 47 32 78 68 4891 0 7 9 16 16 34 6 8 233 157 41 6 34 1 9 5 2357 5234 5626 2125 3568 312 1 8 127 206 11 3 466 6 12 8 0 14 2 28 6 0 6 16 71 252 53 41 925 60 14 46 12 6 9 9 18 0 203 19 50 9 17 496 189 10 62 13 5 0 221 1 20 0 294 261 666 146 7 13 5 0 10 25 16 10 12 2115 55 468 65 151 9 16 22 8 21 86 3 3 7 16 36 161 0 3 3 1 2 1 2 3 1 0 0 8 1 1 1 0 1 0 45 0 56 110 0 18 0 0 15 13 3 0 1 4 22 0 1 0 0 8 0 0 0 4 0 1 1 0 0 0 11 10 1 17 13 0 1 1 0 0 10 2 2 2 0 0 0 0 2 0 108 18 7 1 0 50 0 0 1 1 13 0 0 13 34 11 8 0 0 0
990 1145 2612 9278 7556 9620 469 72 47 215 65 13566 0 1 4 4 3 10 7 1 256 176 36 3 29 0 0 2 1128 2995 1240 4339 5220 99 0 2 75 135 4 5 603 6 5 5 1 4 3 13 8 0 10 12 81 219 68 35 196 22 0 8 7 12 4 2 4 0 66 1 20 15 3 653 255 22 17 6 5 0 229 0 24 0 318 261 714 145 11 2 1 2 5 24 19 1 8 375 91 384 74 11 19 29 160 23 27 133 8 10 22 28 72 317 0 0 0 0 3 2 0 2 2 3 0 18 5 3 0 0 0 0 79 0 100 255 1 41 0 0 20 14 2 1 1 7 43 1 1 0 1 3 1 0 0 0 0 1 0 1 1 0 17 11 5 37 32 0 0 0 0 0 25 5 1 0 0 1 1 0 1 0 216 29 13 1 1 89 0 0 0 2 20 1 1 17 84 16 14 3 0 2
10569 613 1713 669 384 469 12694 10293 1721 3569 329 1392 1 1 3 3 2 1 2 1 31 29 10 5 21 2 10 10 3481 1282 153 104 377 18 0 0 11 24 4 4 311 3 17 3 0 5 2 13 27 3 57 67 640 1569 299 35 22 2 0 1 4 16 13 9 7 0 68 4 30 29 17 111 19 11 17 6 6 0 45 4 50 3 782 238 307 39 16 17 16 1 7 117 63 21 21 22 251 9057 32 12 4 5 14 8 12 31 1 2 5 3 12 68 0 0 0 0 0 0 0 0 0 0 1 6 0 0 0 0 0 0 25 0 35 50 0 23 0 0 9 14 0 0 0 2 18 0 0 0 0 0 0 0 0 0 0 0 0 2 1 2 5 4 1 12 10 0 0 0 0 0 4 1 2 0 0 0 0 0 1 0 72 24 8 0 0 17 0 0 5 0 1 2 0 6 24 2 4 2 0 0
11457 298 11341 148 47 72 10293 21549 2497 19294 745 1585 0 1 3 2 0 0 0 0 10 16 4 2 16 0 12 8 565 123 30 6 44 7 1 0 1 6 1 3 471 3 13 0 2 2 0 0 11 1 23 46 258 819 239 46 12 0 0 3 2 3 5 9 12 0 102 10 15 24 12 41 12 5 3 2 1 1 42 1 54 1 777 227 458 35 14 10 6 1 9 90 54 16 15 4 105 1585 27 5 0 1 4 0 3 7 0 0 0 2 4 16 0 0 0 0 0 0 0 0 0 0 0 6 0 0 0 0 0 0 12 0 14 26 0 16 0 0 5 4 0 1 0 0 4 0 0 0 1 0 0 1 1 0 0 0 1 0 1 0 1 2 0 2 3 1 0 0 0 0 3 1 1 0 0 0 0 1 0 0 20 9 6 0 0 8 1 0 0 1 1 1 0 3 5 0 1 0 1 0
358 34 383 41 32 47 1721 2497 2017 3754 368 710 25 1 0 0 0 2 5 0 5 3 7 0 2 0 0 0 105 47 19 17 207 4 0 1 2 8 0 0 72 0 1 45 203 13 0 2 2 170 7 54 171 145 48 5 9 1 1 0 0 3 2 0 1 43 22 0 4 6 0 1085 87 184 1 2 797 107 390 58 47 100 134 40 68 3 1 85 24 50 23 8 9 2 1 11 3955 2760 2 2 1 2 4 1 2 2 0 0 0 3 2 19 0 0 0 0 2 0 0 3 7 12 9 3 0 0 0 0 0 0 3 0 6 17 0 20 1 0 6 7 2 3 3 1 6 1 4 0 5 12 0 1 3 0 0 1 10 0 12 5 0 2 0 6 2 0 5 1 0 5 1 0 0 0 2 2 0 4 22 1 9 9 11 0 2 11 2 2 9 1 2 3 0 0 1 2 0 0 0 0
1701 254 6847 336 78 215 3569 19294 3754 16846 12738 22189 5 0 2 0 0 7 0 0 47 19 3 4 9 1 4 9 475 135 34 19 1230 6 2 0 7 11 1 3 452 8 4 20 58 3 2 2 18 32 18 39 248 581 188 48 11 1 0 2 2 6 4 10 8 11 101 3 15 14 8 444 35 64 3 4 558 87 816 11 40 19 615 210 433 55 5 26 6 14 7 66 48 10 22 9 1184 1858 25 11 12 21 54 14 16 124 1 7 18 16 65 252 0 0 0 0 1 0 0 0 3 0 2 20 4 2 0 0 0 0 77 0 95 211 1 61 0 0 19 15 0 1 0 9 33 0 2 0 1 3 1 3 0 3 0 0 3 6 1 1 21 14 2 38 32 0 1 0 0 1 22 5 6 1 0 1 2 1 2 0 217 45 23 0 0 127 2 0 0 0 21 0 1 24 67 10 14 2 0 0
126 52 464 106 68 65 329 745 368 12738 5460 7033 0 0 0 0 0 0 0 0 6 4 0 1 4 0 2 1 56 62 15 5 772 2 0 0 3 2 0 1 60 0 0 1 0 0 0 1 3 0 5 6 35 78 28 3 1 0 0 0 0 2 0 0 1 0 17 0 3 3 1 239 4 10 2 0 19 0 636 0 3 0 71 29 64 6 0 0 0 0 1 7 4 1 0 0 410 217 3 3 13 17 29 14 13 80 7 9 16 25 58 241 0 0 0 0 0 0 0 0 0 1 0 8 3 1 0 0 0 0 30 0 60 110 0 9 0 0 3 3 0 1 0 5 13 0 0 0 0 0 0 0 0 0 0 0 0 0 0 1 6 10 3 19 19 0 0 0 0 0 6 0 4 0 0 0 0 0 0 0 114 12 7 0 0 39 0 0 0 1 11 0 0 10 58 11 5 1 0 0
2049 1974 9807 11374 4891 13566 1392 1585 710 22189 7033 40147 0 1 0 2 0 6 2 0 389 226 49 4 57 1 5 3 1033 4265 1053 229 4604 33 0 0 31 53 1 4 1163 8 10 6 2 8 1 8 19 1 13 29 174 424 154 81 58 16 2 3 5 5 6 10 10 0 104 2 13 29 5 1705 105 73 22 6 57 0 2079 1 30 0 669 429 1268 227 13 10 5 4 4 65 51 10 14 184 1545 1014 130 9 90 186 394 171 174 1036 60 62 158 198 506 2222 1 0 1 2 6 0 0 0 5 3 5 79 34 5 3 0 1 0 467 3 663 1321 3 160 2 0 64 50 0 3 0 52 193 1 0 0 5 6 3 0 0 7 0 1 2 11 3 0 131 73 27 224 203 2 1 0 0 4 105 40 26 9 0 1 6 0 1 0 1305 171 73 6 1 565 0 1 3 10 106 0 2 126 569 96 70 16 2 4
0 0 0 0 0 0 1 0 25 5 0 0 2468 1 1 3 27 101 5659 147 0 2 2 2 0 0 6 11 1 0 1 1 2 0 0 0 12 132 5 3 9 8 10 3622 3558 1741 0 11 4 156 2 13 0 2 0 0 1 0 0 0 7 4 3 11 22 1625 2 0 3 2 3 43 95 372 0 1 297 431 269 13 37 47 3 0 0 0 0 139 154 358 307 7 1 2 6 2 139 12 0 1 0 0 0 0 0 0 0 0 0 0 1 1 0 37 187 3 2 100 5 421 33 181 24 3 1 1 1 3 0 30 11 5 2 5 0 7 2 0 24 22 175 4 142 0 2 10 82 38 55 1002 3 8 17 0 0 10 3 1 1 9 0 2 0 3 0 0 52 26 0 465 4 6 4 0 10 100 1 10 187 6 4 5 146 1 8 5 2 19 17 1 0 29 6 5 0 1 3 1 2 0
1 0 1 2 7 1 1 1 1 0 0 1 1 9902 5875 629 425 220 21 41 1 7 1274 197 17 35 2053 2161 662 0 127 1 3 64 5791 6913 267 43 127 2159 1427 57 78 2 0 6 601 22 7 1 1 3 28 182 14 2 592 110 747 225 4 15 18 75 199 0 1294 1240 217 6 6 2 14 1 282 12 1 0 2 0 1 0 31 61 15 32 19 5 2 2 10 3 1 3 16 32 0 12 28 63 1 0 0 0 0 0 0 0 0 0 0 0 0 1 1 0 1 0 1 3 0 1 0 1 0 0 0 0 0 2 1 0 0 1 1 6 0 0 7 14 1 0 2 0 4 0 0 0 0 7 0 0 0 0 0 0 0 0 0 0 0 0 0 0 0 0 0 0 0 0 1 1 0 0 0 0 0 0 0 0 1 2 4 0 1 0 0 0 1 0 1 0 0 0 0 0 1 0 0 0
4 2 3 2 9 4 3 3 0 2 0 0 1 5875 16734 6745 1078 2319 75 1053 6 21 1501 790 20 109 2342 3041 566 6 148 1 4 76 1818 1426 1365 39 415 1874 2743 201 384 0 0 20 348 63 86 2 4 6 15 113 17 4 562 118 363 99 51 48 57 182 296 2 855 732 507 48 19 4 7 12 355 57 2 1 2 1 22 0 22 54 30 22 26 18 34 5 34 32 16 17 74 50 0 16 19 73 0 0 0 0 0 0 0 1 0 0 0 2 2 7 12 2 11 20 19 17 114 45 41 7 3 4 7 0 1 11 0 0 0 3 2 15 2 0 37 50 5 26 5 0 9 6 0 1 37 16 4 1 3 1 0 1 1 0 0 0 2 0 0 0 1 2 2 2 1 4 0 0 1 3 1 5 0 0 9 0 4 9 5 0 0 13 0 0 1 1 0 2 1 1 2 0 6 1 0 6
4 1 2 2 16 4 3 2 0 0 0 2 3 629 6745 10675 321 7542 1616 659 7 21 373 275 8 29 1919 2108 308 7 148 2 1 73 207 276 904 104 3129 305 1631 299 252 5 6 44 89 99 155 2 10 8 9 39 9 4 232 44 69 28 108 82 51 187 273 1 347 128 494 65 43 3 18 19 138 118 0 7 1 1 22 0 15 15 12 11 9 44 89 12 87 68 29 33 75 117 0 10 4 62 0 0 0 0 0 2 0 0 0 0 0 0 62 165 240 30 5 308 15 336 138 1101 88 12 2 5 4 8 9 202 1 1 0 8 4 37 24 4 48 82 96 31 64 0 6 9 3 27 139 231 5 1 0 0 0 4 0 1 1 1 5 1 0 2 1 4 4 10 2 16 2 4 5 6 7 29 0 2 8 1 3 9 85 1 2 17 1 0 3 0 1 4 1 0 1 0 2 0 1 1
3 0 0 0 16 3 2 0 0 0 0 0 27 425 1078 321 3274 399 1407 2085 17 37 361 696 16 169 416 62 154 1 89 2 5 48 252 475 2096 1098 42 1518 952 112 272 31 15 51 162 10 67 7 2 3 2 25 2 1 134 42 109 22 18 23 37 94 45 2 173 116 25 23 5 12 25 123 124 9 0 23 2 1 5 5 8 16 10 4 13 8 20 9 34 10 2 16 31 57 0 1 8 29 0 0 0 0 1 2 0 2 2 1 1 3 28 7 22 25 78 48 122 22 685 256 296 113 68 33 53 9 35 40 2 3 1 17 9 74 46 8 222 324 5 243 7 3 60 23 7 3 342 30 36 6 3 2 1 0 2 1 0 1 5 2 1 0 3 24 5 20 16 6 15 4 3 16 4 6 2 2 17 2 6 107 48 8 2 139 0 0 2 8 8 3 7 3 14 1 42 22 2 33
2 2 6 1 34 10 1 0 2 7 0 6 101 220 2319 7542 399 9796 5288 1026 12 33 300 907 18 30 2680 1009 223 11 143 7 11 75 95 137 1906 1095 5254 342 2541 625 1496 167 33 1050 118 646 344 7 23 13 6 38 8 2 123 47 59 23 5110 202 129 2305 940 90 150 77 1230 118 98 28 137 143 152 1016 6 8 15 1 77 2 26 21 34 12 9 153 281 41 786 177 60 94 238 183 3 8 13 47 1 6 0 0 2 0 0 1 0 0 1 2 50 779 899 33 39 758 50 1283 250 1829 174 31 12 13 14 19 17 950 30 10 3 22 6 108 30 12 196 281 891 61 901 2 45 33 128 161 422 1714 15 14 10 0 0 7 0 1 2 3 5 4 0 6 6 10 70 85 14 248 16 12 17 16 13 233 4 8 58 4 13 29 239 9 2 33 2 5 12 7 11 14 4 18 3 1 18 3 3 5
5 0 1 1 6 7 2 0 5 0 0 2 5659 21 75 1616 1407 5288 55596 6346 15 47 156 350 18 68 1074 588 40 0 21 3 18 39 43 15 1226 2436 105 348 886 188 416 8145 1591 6873 70 75 121 135 10 33 8 16 0 0 16 11 22 2 149 53 40 953 418 647 34 22 78 28 26 44 199 4100 53 94 11 1779 29 30 61 95 7 7 20 7 2 164 158 292 1167 29 7 35 71 57 6 1 6 7 0 4 0 2 0 1 1 4 1 0 3 5 443 1070 2370 289 195 3362 481 3652 2416 11394 2071 159 47 64 82 48 75 1715 21 15 3 39 9 175 217 32 571 924 974 458 735 10 148 76 183 411 1949 2691 89 17 16 6 1 9 6 3 4 16 7 13 3 2 10 50 105 136 38 714 29 20 18 31 8 298 12 5 205 6 20 162 2718 23 8 197 2 12 18 16 13 27 33 25 35 3 49 21 7 46
2 0 2 0 8 1 1 0 0 0 0 0 147 41 1053 659 2085 1026 6346 2928 3 23 236 910 13 148 797 102 43 2 28 1 3 32 222 22 1079 521 42 1096 815 122 376 355 65 104 92 8 70 17 0 7 0 15 2 0 39 14 34 11 56 34 39 135 85 10 33 20 33 16 6 7 27 273 41 21 2 71 3 4 11 15 6 10 8 3 6 23 38 21 78 19 12 19 62 30 1 3 5 12 2 0 3 0 2 0 0 5 0 0 0 1 129 70 95 70 75 135 148 49 1161 978 542 107 56 36 64 28 40 143 1 3 2 15 4 45 91 13 217 342 13 317 8 1 85 38 13 11 671 47 47 5 3 1 3 2 3 4 0 0 1 1 2 0 0 31 3 30 17 17 12 4 2 16 3 25 5 3 22 9 4 112 123 2 3 155 0 3 3 6 3 4 16 3 13 1 34 10 3 20
58 38 139 88 233 256 31 10 5 47 6 389 0 1 6 7 17 12 15 3 10732 9300 2650 146 500 86 55 6 309 157 286 321 506 187 1 2 54 231 6 84 1381 24 145 18 0 15 28 5 18 0 3 1 7 42 8 1111 123 153 1 18 8 32 47 73 41 0 47 17 29 17 5 291 365 42 104 7 18 0 117 0 2 0 419 39 5532 731 45 2 5 2 32 10 7 9 52 387 15 62 641 91 2 1 6 1 7 7 2 2 1 2 10 14 0 0 0 3 25 4 17 1 43 3 20 19 13 5 4 0 0 5 3 1 9 27 3 117 0 1 128 208 4 17 0 3 27 0 0 0 36 9 3 1 0 1 0 0 0 0 0 1 3 3 2 7 7 5 2 3 1 0 10 3 13 8 1 1 0 0 5 0 22 58 20 3 1 15 0 0 0 1 3 2 0 3 4 1 17 6 0 5
36 15 62 27 157 176 29 16 3 19 4 226 2 7 21 21 37 33 47 23 9300 12518 2472 1331 4064 1846 525 45 300 100 219 355 536 245 15 1 140 402 5 1826 777 162 1184 42 7 41 245 14 100 3 10 9 44 174 36 113 78 206 1 17 40 179 244 546 247 3 131 35 182 79 17 340 559 81 153 19 26 1 124 0 18 0 451 433 3703 1909 243 14 42 9 110 36 22 40 316 353 21 42 2961 69 0 2 3 2 1 9 1 0 2 0 7 13 1 1 1 1 62 6 50 4 121 9 43 48 33 9 7 1 1 2 6 1 8 53 14 197 5 0 239 427 3 24 1 4 41 2 1 2 62 13 8 0 0 0 0 2 0 0 0 2 5 3 2 5 9 8 1 3 0 2 11 7 14 18 0 0 0 0 4 0 28 89 42 3 0 38 1 1 3 5 7 0 1 3 11 1 24 6 0 12
8 3 11 8 41 36 10 4 7 3 0 49 2 1274 1501 373 361 300 156 236 2650 2472 7708 8480 300 4407 1224 164 95 25 41 122 198 413 51 210 576 511 133 1186 7814 1791 1905 33 5 50 215 34 286 2 14 8 19 58 10 27 38 118 22 68 52 156 130 316 55 0 66 70 83 100 16 124 228 27 90 31 6 1 62 0 18 2 90 81 344 98 45 38 78 13 104 62 41 72 315 143 12 7 136 18 1 1 2 2 0 6 2 0 0 0 1 6 0 1 2 1 18 5 18 4 46 7 29 17 11 4 9 1 1 2 4 1 2 16 4 35 1 0 75 94 3 12 0 4 19 3 1 0 32 6 4 0 1 0 0 1 0 0 1 1 0 2 0 0 4 1 1 3 3 2 9 2 3 5 0 3 0 2 5 0 10 19 18 1 0 12 0 1 0 3 3 3 0 1 1 0 11 5 0 7
7 2 8 4 6 3 5 2 0 4 1 4 2 197 790 275 696 907 350 910 146 1331 8480 16454 710 3852 6372 86 256 3 13 4 2 30 186 59 763 303 219 7082 1698 5480 1741 26 11 811 1028 7 165 1 5 8 49 407 47 7 39 2 80 9 357 49 50 495 79 0 244 104 112 25 14 5 27 5 13 12 1 0 1 0 10 1 147 420 284 213 135 14 26 6 357 34 5 25 68 20 0 5 215 11 0 0 0 0 0 0 0 0 0 0 1 0 0 5 4 0 7 8 5 23 12 10 6 2 2 1 1 0 1 2 1 0 0 0 1 22 0 0 22 24 8 0 5 0 2 1 4 0 3 32 0 0 0 0 0 0 0 0 0 0 0 1 0 0 0 0 2 3 0 4 0 0 0 0 0 3 0 2 10 0 3 5 9 1 1 4 0 0 2 0 0 1 0 0 0 0 2 1 0 1
35 6 44 10 34 29 21 16 2 9 4 57 0 17 20 8 16 18 18 13 500 4064 300 710 9037 327 778 104 613 18 130 47 73 56 35 3 120 237 10 3325 236 54 658 23 2 34 1981 7 42 0 7 12 187 1130 125 32 311 21 4 3 32 87 172 547 288 0 860 88 187 33 14 73 296 33 64 16 13 0 53 0 15 0 604 1742 1881 2349 1490 9 17 5 85 24 18 18 151 62 4 18 4355 784 2 1 1 0 0 4 2 1 0 0 6 2 0 0 0 1 19 6 15 1 43 5 10 27 8 1 4 0 0 0 3 1 8 37 14 164 1 0 174 289 1 8 1 4 31 0 0 0 19 9 1 0 0 1 0 1 0 1 0 1 6 3 0 2 5 1 1 3 0 1 11 1 2 10 0 3 0 0 1 1 22 65 44 0 0 23 0 0 0 1 2 3 0 1 2 1 15 7 0 4
2 0 5 1 1 0 2 0 0 1 0 1 0 35 109 29 169 30 68 148 86 1846 4407 3852 327 3253 491 5 45 0 5 0 3 18 35 18 363 197 10 4344 478 62 305 22 0 7 108 2 12 0 0 0 22 92 20 5 3 0 7 4 11 10 6 63 2 0 25 21 13 5 0 5 11 5 2 3 1 0 1 0 1 0 65 103 106 88 20 1 3 1 9 5 1 4 26 3 0 0 95 2 0 1 0 0 0 0 0 0 0 0 0 0 0 0 0 0 9 1 12 2 16 5 14 7 0 0 2 1 0 3 0 0 0 1 0 7 0 0 16 34 0 5 0 0 2 1 0 0 10 0 0 0 0 0 0 0 0 0 0 0 1 0 0 0 0 1 0 0 0 0 2 1 1 0 0 0 0 0 1 0 0 3 3 0 0 0 0 0 0 0 0 0 0 0 0 0 1 1 0 0
13 4 20 1 9 0 10 12 0 4 2 5 6 2053 2342 1919 416 2680 1074 797 55 525 1224 6372 778 491 28313 7501 1197 2 45 1 7 48 5765 278 367 179 208 4803 1005 262 1046 15 2 261 1497 16 32 2 4 5 132 1118 85 13 356 5 310 69 115 40 69 1462 807 3 1949 637 159 16 7 7 51 12 46 5 1 0 6 0 8 0 312 941 385 459 207 5 9 3 27 22 13 12 34 21 1 10 454 47 0 1 0 1 1 1 0 0 1 0 0 0 0 42 55 1 8 114 2 281 6 117 5 5 4 0 1 0 0 20 3 1 1 8 0 37 1 0 27 60 65 2 36 0 1 0 0 11 18 189 0 0 0 0 0 0 0 0 0 0 2 0 0 0 0 0 5 5 0 13 0 1 0 0 0 11 0 0 8 0 3 18 30 0 0 6 0 0 0 0 3 0 1 2 2 0 2 0 0 1
8 2 11 3 5 2 10 8 0 9 1 3 11 2161 3041 2108 62 1009 588 102 6 45 164 86 104 5 7501 13714 1324 8 108 1 2 28 729 200 63 46 5172 183 880 182 93 12 6 508 416 69 50 0 3 11 80 725 51 4 852 67 241 42 65 30 34 497 2849 25 2520 1209 869 13 20 4 19 7 259 60 1 1 4 0 12 0 94 395 95 148 64 12 22 3 49 32 14 14 34 15 0 28 154 63 0 2 0 0 2 1 0 0 0 0 0 0 0 163 248 2 2 331 4 897 22 343 6 2 0 3 0 2 0 98 7 7 1 3 0 12 4 0 30 32 312 1 231 2 1 9 41 39 49 948 1 3 1 0 2 1 1 0 1 1 1 3 0 3 1 1 40 28 4 79 6 4 2 2 2 70 0 2 39 2 2 10 42 4 1 4 0 1 0 1 1 1 0 7 0 0 5 2 0 0
8939 634 1282 790 2357 1128 3481 565 105 475 56 1033 1 662 566 308 154 223 40 43 309 300 95 256 613 45 1197 1324 48903 15760 3604 574 1084 1348 253 249 839 478 385 212 579 96 797 20 8 72 188 629 86 6 33 49 1044 7854 375 42 2815 127 135 197 134 795 899 545 1522 4 9801 686 2912 222 241 737 353 74 1595 299 82 1 209 3 171 1 720 471 682 223 1005 95 205 22 293 96 65 72 468 755 153 5160 614 771 30 43 82 45 51 223 13 12 42 29 114 400 1 3 12 1 10 5 7 18 19 6 4 47 16 4 1 1 0 9 195 2 166 486 15 269 1 0 156 143 10 7 25 26 94 2 16 3 11 56 3 0 5 7 0 7 2 15 2 2 62 41 3 83 110 4 13 5 1 9 63 26 33 20 3 29 8 0 39 2 382 258 89 6 3 378 1 3 9 4 60 17 3 77 77 26 54 10 1 12
5942 3786 572 5379 5234 2995 1282 123 47 135 62 4265 0 0 6 7 1 11 0 2 157 100 25 3 18 0 2 8 15760 9877 3414 706 1965 90 0 1 46 69 2 2 410 3 11 3 0 4 2 17 12 0 12 23 158 496 127 28 1661 11 2 11 1 7 8 7 12 0 317 8 28 9 8 361 82 15 12 11 2 0 164 2 27 1 363 171 415 68 7 10 9 2 5 48 26 7 14 133 68 1790 44 6 13 17 34 18 22 109 5 4 16 16 52 231 0 0 0 0 0 0 0 2 0 0 1 14 3 3 0 0 0 0 75 1 77 167 1 32 0 0 6 14 0 0 0 2 20 0 0 0 0 2 0 1 0 6 0 1 1 3 1 0 13 11 2 27 19 0 0 0 0 2 12 5 7 3 1 0 1 1 0 0 171 24 9 1 0 60 0 0 0 0 10 1 1 26 65 13 9 1 0 2
147 188 95 934 5626 1240 153 30 19 34 15 1053 1 127 148 148 89 143 21 28 286 219 41 13 130 5 45 108 3604 3414 11640 718 1191 1571 14 65 593 467 120 14 769 12 38 4 0 29 26 169 15 0 14 14 155 434 99 52 11958 185 92 289 43 72 30 24 80 0 1644 259 354 21 45 325 248 12 1172 89 2 0 73 1 34 0 485 533 975 296 453 23 19 2 67 39 28 16 28 2193 23 318 477 4345 7 8 9 9 10 35 5 4 9 5 14 86 0 4 4 0 3 4 0 10 3 2 0 7 2 1 0 2 0 4 25 2 28 53 1 19 0 0 15 15 7 1 7 3 16 0 2 1 4 22 1 0 1 0 0 2 0 1 0 0 7 8 2 10 11 0 2 2 0 1 9 2 1 3 2 6 0 1 8 1 66 25 6 1 0 35 0 0 4 0 3 0 0 10 14 5 4 0 0 1
88 15 30 164 2125 4339 104 6 17 19 5 229 1 1 1 2 2 7 3 1 321 355 122 4 47 0 1 1 574 706 718 4188 4873 497 1 5 56 215 4 4 355 2 3 3 1 4 6 21 5 0 2 1 18 70 22 22 121 2621 2 26 3 3 7 5 10 0 67 10 38 1 8 632 441 12 581 4 6 0 60 0 5 0 88 40 297 76 5 7 1 0 7 6 1 0 1 6340 59 167 102 26 9 15 32 22 20 118 9 7 17 17 49 243 0 0 1 0 5 1 0 0 2 1 1 8 2 3 0 1 0 0 63 0 89 148 3 21 0 0 7 6 1 1 0 5 15 0 1 0 2 1 0 0 0 0 0 0 0 2 1 0 14 7 3 26 30 0 0 0 1 1 8 4 5 1 0 0 0 0 0 0 168 28 9 0 0 78 0 0 0 3 8 0 0 13 60 13 17 0 0 4
465 190 82 1153 3568 5220 377 44 207 1230 772 4604 2 3 4 1 5 11 18 3 506 536 198 2 73 3 7 2 1084 1965 1191 4873 9449 2868 1 1 74 1495 3 11 564 1 8 245 4 11 25 5 3 2 4 6 48 151 44 20 151 3118 10 126 8 3 6 4 7 0 164 55 18 5 7 2312 1458 75 1973 4 57 3 350 0 10 3 152 117 472 117 15 7 3 1 8 14 11 5 6 5954 906 477 112 104 59 112 129 87 95 578 27 35 80 97 256 1225 1 1 2 0 5 1 10 1 13 2 3 59 19 3 1 2 0 5 262 1 332 765 6 125 0 0 109 65 0 2 0 27 88 2 2 0 12 8 4 0 1 6 0 0 1 7 0 2 74 52 22 131 115 2 1 1 1 0 66 12 25 11 0 3 3 0 2 0 698 138 43 0 0 365 0 1 2 11 52 0 1 76 350 76 44 6 0 13
10 2 17 7 312 99 18 7 4 6 2 33 0 64 76 73 48 75 39 32 187 245 413 30 56 18 48 28 1348 90 1571 497 2868 16562 412 126 1227 1675 19 275 534 4 17 1 1 25 998 11 5 0 4 10 46 168 23 8 1321 6256 2433 5092 17 2 5 15 20 0 798 2661 29 6 5 265 799 35 9475 5 11 0 21 1 5 0 112 69 181 64 39 1 3 1 9 5 11 1 7 3141 8 69 39 1082 2 4 7 3 3 8 0 2 3 1 8 19 1 0 0 3 20 4 9 5 44 4 10 46 17 5 6 0 2 1 18 1 19 98 21 242 0 0 250 292 2 12 1 6 45 0 0 0 20 5 8 0 0 4 0 0 0 7 0 0 11 13 3 8 17 9 1 6 0 2 18 8 19 18 1 4 3 0 2 1 45 143 37 6 0 54 0 0 0 6 11 0 0 12 3 1 22 6 1 11
3 1 3 1 1 0 0 1 0 2 0 0 0 5791 1818 207 252 95 43 222 1 15 51 186 35 35 5765 729 253 0 14 1 1 412 5369 3180 1011 192 32 2568 51 9 61 2 0 6 1034 5 0 0 0 0 19 195 16 0 116 7 2514 1162 8 5 8 85 180 1 519 361 86 2 2 3 11 1 32 1 2 0 2 0 0 0 32 117 18 43 36 1 2 0 6 1 0 0 5 3 0 0 50 14 0 0 0 0 0 0 0 0 0 1 0 1 0 0 0 0 0 2 2 1 0 2 4 4 0 1 0 0 0 0 1 0 0 1 0 7 0 0 4 24 0 0 0 1 1 0 0 0 1 1 0 0 0 0 0 0 0 0 0 0 0 0 0 0 0 0 0 0 0 0 0 0 0 0 0 0 0 0 0 0 1 6 1 1 0 1 0 1 0 0 0 0 0 0 0 0 0 0 0 0
1 1 2 1 8 2 0 0 1 0 0 0 0 6913 1426 276 475 137 15 22 2 1 210 59 3 18 278 200 249 1 65 5 1 126 3180 3134 975 8 69 905 438 18 20 0 1 1 608 13 3 0 0 0 8 46 3 0 281 101 1941 522 7 1 1 14 36 0 416 587 69 1 3 1 3 0 272 9 0 0 3 0 1 0 11 18 5 7 3 2 1 0 4 2 1 1 4 22 0 5 7 51 0 0 0 0 0 0 0 0 0 0 0 0 0 0 0 1 2 0 0 2 1 0 1 1 1 1 0 0 0 0 0 0 0 1 0 4 0 0 4 6 1 0 0 0 0 0 0 0 1 4 0 0 0 0 0 0 0 0 0 0 0 0 0 0 0 0 0 0 0 0 0 0 0 0 0 0 0 0 1 0 0 1 3 0 0 0 0 0 0 0 0 0 0 0 1 0 0 0 0 0
13 2 10 7 127 75 11 1 2 7 3 31 12 267 1365 904 2096 1906 1226 1079 54 140 576 763 120 363 367 63 839 46 593 56 74 1227 1011 975 5633 1579 83 4017 1688 125 299 21 18 309 2113 23 60 0 6 7 18 99 14 4 815 926 2331 1453 187 27 26 112 62 6 453 1689 72 14 7 37 129 60 2505 30 9 8 30 0 6 0 64 55 101 37 81 8 18 8 127 14 10 15 38 867 8 48 42 372 6 11 8 6 11 16 2 3 0 1 12 6 7 6 8 12 69 30 90 26 418 112 128 186 129 19 55 10 16 18 18 5 13 152 64 415 29 1 842 666 18 182 15 14 167 15 9 4 292 59 62 6 3 3 0 5 1 8 0 3 12 10 2 6 31 46 7 21 13 6 70 23 90 110 2 18 5 0 19 1 66 385 75 36 4 167 0 3 3 34 35 4 12 30 6 3 119 29 2 109
10 3 18 4 206 135 24 6 8 11 2 53 132 43 39 104 1098 1095 2436 521 231 402 511 303 237 197 179 46 478 69 467 215 1495 1675 192 8 1579 15324 22 1589 760 67 250 1270 170 1057 1308 49 26 21 5 12 23 129 28 15 239 1150 504 237 181 26 22 106 53 64 188 931 59 17 2 574 3236 724 2577 110 100 48 151 3 10 13 103 82 226 81 151 23 54 42 609 24 9 5 47 1872 53 35 97 189 8 19 32 20 17 39 4 11 12 2 33 62 17 26 60 29 234 146 207 124 918 352 414 374 188 39 75 8 17 34 69 11 74 418 145 1128 44 2 1833 1709 64 221 37 44 305 29 18 10 538 216 75 7 7 3 2 4 5 17 2 4 54 40 8 27 94 57 38 41 16 57 165 47 158 161 6 47 9 6 65 10 194 985 338 60 3 398 2 4 6 45 77 10 11 45 31 4 199 61 9 163
0 0 3 0 11 4 4 1 0 1 0 1 5 127 415 3129 42 5254 105 42 6 5 133 219 10 10 208 5172 385 2 120 4 3 19 32 69 83 22 5991 100 975 287 421 8 4 537 59 928 121 5 10 11 8 50 8 3 265 43 39 21 5432 96 36 346 3051 11 409 177 8240 36 106 2 7 2 133 2445 1 1 0 0 71 1 16 23 15 8 4 142 205 12 907 40 21 23 60 66 0 12 4 56 0 3 0 0 0 0 0 0 1 1 0 1 3 182 277 3 6 208 4 680 21 240 5 6 1 1 1 8 0 156 11 8 0 7 2 17 2 4 33 71 344 1 351 0 9 15 78 41 58 1006 8 5 6 0 0 8 0 0 0 5 0 1 0 3 3 3 75 36 5 112 8 8 5 8 7 118 0 6 98 7 3 12 20 2 8 5 1 2 14 5 2 16 5 8 1 0 3 1 3 2
2 2 6 2 3 5 4 3 0 3 1 4 3 2159 1874 305 1518 342 348 1096 84 1826 1186 7082 3325 4344 4803 183 212 2 14 4 11 275 2568 905 4017 1589 100 10160 424 142 1575 92 2 42 5433 13 40 0 5 1 65 373 36 0 37 9 854 277 50 22 28 594 150 0 237 161 91 18 5 4 75 41 20 18 1 1 7 0 4 0 125 393 175 201 207 2 20 6 43 7 8 14 80 17 1 1 205 10 0 0 1 0 0 0 0 1 0 0 0 1 1 3 2 6 40 3 61 3 97 22 63 15 8 3 7 0 2 2 1 0 0 9 4 57 1 1 63 192 2 21 3 0 17 1 0 1 31 11 5 0 0 1 0 0 0 1 0 0 0 1 0 1 0 1 1 3 1 0 3 0 3 1 0 2 0 0 1 0 7 17 17 1 0 5 0 0 2 1 1 0 2 0 1 0 4 4 0 0
806 347 1457 397 466 603 311 471 72 452 60 1163 9 1427 2743 1631 952 2541 886 815 1381 777 7814 1698 236 478 1005 880 579 410 769 355 564 534 51 438 1688 760 975 424 9123 3961 1255 83 53 802 174 398 4000 51 687 700 58 174 3217 1657 372 142 49 159 575 725 270 325 240 21 214 108 494 996 597 282 352 58 209 227 40 1 173 27 996 43 2365 146 1285 98 74 921 856 177 1115 2865 1295 1195 1427 487 41 119 139 117 5 10 16 3 5 25 0 2 5 4 10 46 0 8 25 0 22 28 9 57 56 44 16 21 12 1 4 1 1 8 19 2 16 90 11 131 2 0 138 164 28 13 12 5 20 5 11 2 31 85 4 18 44 0 0 11 23 7 45 67 7 3 1 10 19 3 7 4 4 17 20 7 15 16 12 13 8 50 48 3 55 77 38 11 8 72 29 23 164 4 6 64 9 11 7 3 23 4 0 12
3 0 6 1 6 6 3 3 0 8 0 8 8 57 201 299 112 625 188 122 24 162 1791 5480 54 62 262 182 96 3 12 2 1 4 9 18 125 67 287 142 3961 6851 6235 19 67 603 43 81 1968 9 33 20 8 57 16 10 39 7 4 2 497 276 206 132 202 5 84 24 392 198 61 4 15 4 9 126 1 0 3 0 76 1 37 56 42 36 5 102 270 110 1292 262 85 193 406 9 2 4 25 8 0 0 0 0 0 1 0 0 0 0 0 0 1 3 6 1 1 6 1 11 4 8 1 1 1 0 0 0 0 4 0 0 0 2 0 7 0 0 8 8 10 0 9 0 0 3 5 1 5 43 0 3 8 0 0 4 0 0 3 1 0 0 0 0 1 0 4 2 2 10 1 0 0 0 2 14 0 4 21 2 1 0 4 0 4 2 2 3 12 0 0 12 0 0 1 0 0 0 0 0
14 3 13 3 12 5 17 13 1 4 0 10 10 78 384 252 272 1496 416 376 145 1184 1905 1741 658 305 1046 93 797 11 38 3 8 17 61 20 299 250 421 1575 1255 6235 7992 101 259 2310 561 296 2882 20 42 34 95 675 70 20 127 4 48 8 1651 965 1799 5537 521 36 809 71 1775 404 131 9 55 16 27 630 7 0 9 1 104 5 241 559 418 330 117 190 1201 639 5902 393 160 326 3141 32 5 13 301 21 0 0 0 0 0 0 0 0 0 0 1 1 0 4 6 0 7 11 3 35 16 7 8 2 1 1 1 0 0 3 1 1 0 6 0 11 0 0 28 39 17 0 15 2 5 1 16 4 9 109 1 7 20 0 0 6 0 0 0 2 0 1 0 1 0 0 23 6 2 32 0 2 3 0 6 44 0 2 85 6 3 4 7 0 5 5 3 9 26 0 0 25 3 0 0 0 3 0 0 0
0 0 2 0 8 5 3 0 45 20 1 6 3622 2 0 5 31 167 8145 355 18 42 33 26 23 22 15 12 20 3 4 3 245 1 2 0 21 1270 8 92 83 19 101 6575 2291 1346 30 42 17 437 1 65 1 20 1 0 2 1 8 1 32 9 7 55 25 303 11 22 20 11 6 306 3803 2630 7 49 1017 1121 4756 82 117 214 14 17 20 5 6 306 241 524 938 7 3 3 25 27 182 12 9 0 3 1 4 8 3 8 2 3 2 1 7 12 33 52 127 45 223 324 306 284 981 1025 780 156 68 23 44 12 13 46 12 8 9 117 21 327 43 3 784 1121 71 146 49 13 139 21 38 28 542 407 34 11 23 2 2 16 15 3 23 34 14 11 3 2 16 29 42 27 9 195 36 20 22 30 18 88 5 14 191 11 51 315 532 18 14 189 4 18 28 12 14 58 6 19 22 5 72 19 0 44
1 0 1 0 0 1 0 2 203 58 0 2 3558 0 0 6 15 33 1591 65 0 7 5 11 2 0 2 6 8 0 0 1 4 1 0 1 18 170 4 2 53 67 259 2291 10034 2879 0 77 45 5004 13 135 0 4 1 0 3 1 0 0 15 48 33 52 25 4547 6 0 37 24 24 165 179 628 2 20 2567 1596 1164 236 386 580 2 3 2 5 1 1369 1302 4510 3382 14 4 24 83 3 1004 51 1 0 0 4 1 0 2 1 0 0 2 0 3 5 3 6 78 0 4 26 5 105 40 54 12 1 2 3 4 3 2 18 27 7 4 16 0 18 2 0 43 48 67 2 93 4 6 56 440 18 59 1039 5 62 207 0 2 131 36 5 39 70 2 6 0 5 4 5 284 82 32 1153 11 20 4 2 117 570 10 83 2032 94 6 33 33 6 152 61 11 360 309 5 1 534 37 12 20 0 3 3 4 2
1 1 4 0 14 4 5 2 13 3 0 8 1741 6 20 44 51 1050 6873 104 15 41 50 811 34 7 261 508 72 4 29 4 11 25 6 1 309 1057 537 42 802 603 2310 1346 2879 10384 25 90 148 27 11 9 11 31 13 3 24 7 10 2 3535 102 97 2316 1551 1707 81 15 826 74 30 43 251 263 24 374 58 12 68 3 28 19 21 50 36 34 5 57 128 89 3268 79 25 46 196 58 41 12 22 9 0 12 0 0 5 0 1 2 0 0 0 0 12 262 869 19 23 269 21 1252 140 437 50 11 10 7 4 24 3 245 99 42 4 8 7 73 7 12 120 171 846 15 1578 8 31 78 832 162 230 4757 24 15 20 3 3 13 2 4 2 1 12 30 1 15 15 8 631 254 30 1373 55 113 32 23 12 1100 11 7 742 9 10 38 161 46 12 35 0 15 20 29 7 26 18 27 15 2 15 9 24 5
1 0 3 1 2 3 2 0 0 2 0 1 0 601 348 89 162 118 70 92 28 245 215 1028 1981 108 1497 416 188 2 26 6 25 998 1034 608 2113 1308 59 5433 174 43 561 30 0 25 7036 15 16 0 0 1 24 234 23 1 121 34 1746 890 24 20 42 323 256 0 425 1547 176 13 3 24 132 32 64 13 2 1 10 0 4 0 38 198 45 126 1706 3 3 3 25 8 4 4 40 32 1 0 137 29 0 0 1 0 0 0 0 0 0 0 1 1 1 0 1 3 25 5 24 5 45 13 32 16 3 3 2 0 0 0 2 0 3 13 3 74 0 0 65 154 2 10 0 0 13 1 0 1 20 10 0 0 1 1 0 0 0 0 0 0 4 3 0 1 2 2 3 0 0 1 2 0 1 4 2 3 1 0 1 0 5 16 22 0 0 7 0 0 1 1 1 0 0 3 0 0 5 0 0 0
9 1 5 4 28 13 13 0 2 2 1 8 11 22 63 99 10 646 75 8 5 14 34 7 7 2 16 69 629 17 169 21 5 11 5 13 23 49 928 13 398 81 296 42 77 90 15 17204 265 94 17 53 13 118 10 4 291 23 10 5 218 3988 432 121 157 13 574 57 11736 397 4134 1 7 7 71 12561 11 3 8 9 856 41 53 41 32 15 3 2776 7914 228 1241 147 29 88 397 155 6 30 21 51 0 2 0 0 1 0 0 2 0 1 0 0 1 1 13 1 2 8 3 25 12 7 1 5 5 7 8 6 5 3 30 10 0 2 2 7 2 0 17 17 29 13 10 2 1 109 125 4 17 96 6 336 1257 4 12 592 21 3 28 194 1 4 0 1 0 1 63 111 146 58 12 14 6 2 620 346 70 541 1167 129 3 17 10 8 441 37 49 186 1478 4 3 1762 168 4 7 1 6 2 6 7
27 10 45 11 6 8 27 11 2 18 3 19 4 7 86 155 67 344 121 70 18 100 286 165 42 12 32 50 86 12 15 5 3 5 0 3 60 26 121 40 4000 1968 2882 17 45 148 16 265 8127 31 588 223 22 58 54 30 29 2 3 1 151 884 149 95 49 7 88 9 179 894 267 1 9 4 6 209 6 2 3 4 328 10 138 68 62 25 6 477 911 283 769 6376 1758 3777 4939 9 4 7 28 7 0 0 0 0 0 0 0 0 0 0 0 0 0 1 2 1 0 0 1 2 0 0 1 1 0 0 0 0 0 0 1 0 0 4 0 7 0 0 3 6 0 0 2 0 3 2 1 0 2 10 0 3 25 1 0 4 5 0 3 12 0 0 0 1 0 0 2 4 2 2 1 0 0 0 4 6 3 19 35 0 2 9 2 0 7 3 6 10 43 0 0 36 2 0 1 0 2 0 0 0
3 0 2 1 0 0 3 1 170 32 0 1 156 1 2 2 7 7 135 17 0 3 2 1 0 0 2 0 6 0 0 0 2 0 0 0 0 21 5 0 51 9 20 437 5004 27 0 94 31 11932 94 1554 1 5 2 0 2 0 0 0 5 29 11 3 2 1561 6 0 42 8 60 80 59 1408 0 36 1660 316 315 3176 1677 6562 4 1 2 3 0 3499 1005 3429 384 26 7 4 22 0 871 37 0 0 0 2 0 0 0 0 0 0 0 0 1 3 0 1 11 0 0 7 0 13 8 3 2 2 2 1 2 2 0 2 16 3 2 3 0 2 0 0 7 11 11 3 3 0 2 39 79 4 17 67 3 114 516 1 2 217 298 72 364 408 4 3 0 3 1 0 37 29 35 134 4 5 2 0 241 156 67 228 849 79 3 11 8 1 220 25 73 601 968 2 1 1057 61 3 6 0 6 2 2 1
58 11 36 20 6 10 57 23 7 18 5 13 2 1 4 10 2 23 10 0 3 10 14 5 7 0 4 3 33 12 14 2 4 4 0 0 6 5 10 5 687 33 42 1 13 11 0 17 588 94 15174 23714 25 44 188 48 10 0 1 0 4 68 14 12 8 24 16 4 22 759 58 4 7 38 4 6 30 1 4 759 2070 83 276 39 39 12 7 140 45 21 27 7965 8100 693 621 4 20 16 13 4 0 0 3 0 0 1 1 0 1 0 1 2 0 0 1 0 0 0 0 0 1 0 0 0 0 0 0 1 0 0 0 0 1 8 0 6 0 0 3 5 0 0 0 3 1 0 1 0 3 0 0 13 8 2 2 4 563 129 385 456 12 0 0 0 1 0 1 1 0 2 0 0 0 0 1 1 41 60 6 1 4 5 8 2 3 14 39 22 161 0 5 14 9 0 3 1 0 2 0 0
63 13 58 28 16 12 67 46 54 39 6 29 13 3 6 8 3 13 33 7 1 9 8 8 12 0 5 11 49 23 14 1 6 10 0 0 7 12 11 1 700 20 34 65 135 9 1 53 223 1554 23714 38259 37 65 322 54 16 1 0 1 4 119 34 15 16 247 25 4 58 1031 254 17 26 532 5 16 324 40 38 13534 8701 1317 461 56 62 14 8 1112 168 156 53 3122 5249 166 193 10 191 16 27 10 3 1 1 7 0 0 2 1 4 1 1 1 0 0 0 1 0 1 0 1 0 1 0 2 0 2 0 0 0 1 1 0 1 9 0 7 0 0 10 10 3 0 1 4 2 3 13 0 7 5 0 96 142 11 1 57 3261 782 3178 3030 42 1 0 1 2 0 0 2 6 25 1 2 1 2 22 7 446 602 53 2 4 7 49 0 7 57 386 132 1773 0 24 156 77 1 8 1 1 0 0 0
357 83 252 68 71 81 640 258 171 248 35 174 0 28 15 9 2 6 8 0 7 44 19 49 187 22 132 80 1044 158 155 18 48 46 19 8 18 23 8 65 58 8 95 1 0 11 24 13 22 1 25 37 13868 18366 3486 6 58 4 5 6 5 48 87 99 165 0 244 53 133 26 11 78 43 14 80 9 30 2 37 2 27 3 1445 786 69 83 150 8 7 2 29 44 34 12 48 43 256 6289 200 84 1 3 4 1 1 9 0 2 3 1 14 13 0 0 1 0 1 1 0 0 5 1 2 5 1 1 1 0 1 0 10 0 7 40 3 59 0 0 46 35 1 1 1 1 12 1 0 1 5 4 0 0 0 3 0 0 0 0 2 0 3 3 0 2 11 0 0 0 0 0 3 4 2 4 0 1 0 0 1 0 36 46 21 3 0 36 1 1 2 2 4 2 0 6 1 0 6 1 0 1
1180 224 882 238 252 219 1569 819 145 581 78 424 2 182 113 39 25 38 16 15 42 174 58 407 1130 92 1118 725 7854 496 434 70 151 168 195 46 99 129 50 373 174 57 675 20 4 31 234 118 58 5 44 65 18366 18170 1727 20 383 30 16 27 45 283 584 547 1067 1 4766 355 1046 134 63 146 172 54 576 58 41 1 121 3 89 0 2898 3324 224 327 1212 44 81 9 120 117 101 41 337 165 47 2761 1281 529 7 10 23 16 10 66 3 4 10 6 37 92 0 0 1 1 7 2 3 9 16 1 5 43 14 0 3 0 0 2 73 0 54 235 19 260 0 0 192 146 3 7 3 16 75 0 1 2 10 28 4 1 1 5 0 0 1 0 1 3 27 16 2 21 63 3 2 2 0 2 28 11 22 13 2 8 0 0 8 1 132 206 75 6 1 171 0 0 4 3 21 1 0 21 11 6 33 7 2 11
337 74 326 93 53 68 299 239 48 188 28 154 0 14 17 9 2 8 0 2 8 36 10 47 125 20 85 51 375 127 99 22 44 23 16 3 14 28 8 36 3217 16 70 1 1 13 23 10 54 2 188 322 3486 1727 13326 774 51 5 1 3 3 44 45 59 95 0 113 28 96 95 20 32 43 10 37 10 3 1 17 17 176 4 2440 411 135 94 95 29 11 3 17 623 235 49 70 27 19 435 151 47 0 2 3 3 6 7 0 0 1 1 9 10 0 1 0 0 3 0 2 0 4 1 0 5 6 1 0 0 0 0 10 0 9 45 2 61 1 0 36 23 0 2 0 4 14 0 0 0 0 2 0 0 1 1 0 0 4 2 9 4 0 0 0 4 5 0 0 1 0 0 3 0 10 3 0 0 0 3 2 0 26 37 8 2 0 41 1 0 4 2 0 1 0 6 4 0 2 0 0 2
74 24 84 41 41 35 35 46 5 48 3 81 0 2 4 4 1 2 0 0 1111 113 27 7 32 5 13 4 42 28 52 22 20 8 0 0 4 15 3 0 1657 10 20 0 0 3 1 4 30 0 48 54 6 20 774 1788 18 3 0 3 2 7 8 11 14 0 12 0 14 35 12 18 16 5 7 1 0 0 7 1 53 1 7495 30 1822 36 4 20 8 2 9 166 67 25 17 23 0 12 37 4 0 0 0 0 0 3 0 0 1 0 0 1 0 0 0 0 0 0 1 1 0 0 0 0 1 1 0 0 0 0 3 0 1 7 0 10 0 0 4 8 0 0 0 0 6 0 0 0 2 0 0 0 0 0 0 0 1 0 3 2 0 1 0 2 0 0 1 0 0 0 1 1 1 0 0 0 0 4 0 0 6 6 2 0 0 3 1 0 2 1 2 0 0 0 1 0 1 0 0 1
16 8 35 31 925 196 22 12 9 11 1 58 1 592 562 232 134 123 16 39 123 78 38 39 311 3 356 852 2815 1661 11958 121 151 1321 116 281 815 239 265 37 372 39 127 2 3 24 121 291 29 2 10 16 58 383 51 18 10528 189 201 369 43 230 206 83 547 2 2648 1414 1338 50 84 115 76 5 4669 141 2 0 20 1 77 1 250 449 443 273 1690 45 64 3 93 26 18 10 69 835 21 41 1631 6299 3 3 6 3 2 16 2 2 1 1 9 34 0 3 5 0 0 4 2 9 1 1 1 7 4 0 0 1 1 2 13 2 7 23 2 10 0 0 10 8 14 1 4 2 8 0 0 2 5 17 1 0 1 0 0 3 0 2 0 2 2 4 1 3 4 1 2 1 0 5 1 3 3 1 0 11 1 0 12 1 35 7 6 0 1 21 0 1 2 0 3 4 1 8 9 1 4 2 0 0
1 0 4 3 60 22 2 0 1 1 0 16 0 110 118 44 42 47 11 14 153 206 118 2 21 0 5 67 127 11 185 2621 3118 6256 7 101 926 1150 43 9 142 7 4 1 1 7 34 23 2 0 0 1 4 30 5 3 189 7906 571 6665 6 5 5 3 18 0 203 1348 112 2 4 557 1163 5 7290 11 4 0 49 0 4 0 27 22 97 33 8 3 5 0 7 2 2 0 3 2685 1 3 44 216 0 0 1 0 1 5 0 0 0 0 1 5 0 0 0 0 0 1 2 2 6 0 0 8 3 0 0 0 0 1 4 0 4 7 1 21 0 0 27 38 0 1 1 0 7 0 2 0 0 1 0 0 0 1 0 0 0 0 0 0 2 1 0 1 0 0 1 0 0 3 3 1 2 1 0 0 0 0 1 0 8 14 3 0 0 7 0 0 0 1 2 0 0 0 0 1 3 0 0 0
0 0 1 0 14 0 0 0 1 0 0 2 0 747 363 69 109 59 22 34 1 1 22 80 4 7 310 241 135 2 92 2 10 2433 2514 1941 2331 504 39 854 49 4 48 8 0 10 1746 10 3 0 1 0 5 16 1 0 201 571 4557 6915 9 8 2 39 79 0 219 2539 91 1 1 6 23 1 394 11 1 0 1 0 0 0 4 14 5 6 11 0 0 0 5 0 0 0 1 59 0 3 11 68 0 0 0 1 0 0 0 0 0 0 0 0 0 0 0 0 2 0 1 1 8 0 0 3 2 0 0 0 0 0 0 0 0 0 0 4 0 0 7 21 0 1 0 0 2 0 0 0 0 2 0 0 0 0 0 0 0 0 0 0 0 0 0 0 0 0 0 0 0 0 0 0 0 0 0 0 0 0 0 0 2 5 0 0 0 2 0 0 0 0 0 0 0 1 0 0 0 1 0 1
1 1 1 1 46 8 1 3 0 2 0 3 0 225 99 28 22 23 2 11 18 17 68 9 3 4 69 42 197 11 289 26 126 5092 1162 522 1453 237 21 277 159 2 8 1 0 2 890 5 1 0 0 1 6 27 3 3 369 6665 6915 2447 6 1 0 6 8 0 216 2981 23 0 4 14 57 1 5113 3 0 0 2 1 2 0 12 13 23 8 8 1 1 0 0 3 0 1 0 444 0 4 12 311 0 0 0 0 0 1 0 0 0 0 2 0 0 0 0 0 0 1 0 2 0 0 0 3 0 0 1 0 0 0 1 0 0 5 1 5 0 0 11 15 2 0 1 1 1 0 0 0 2 2 0 0 0 0 0 0 0 0 0 0 1 0 0 0 2 0 1 0 0 0 1 0 2 0 0 0 0 0 0 0 4 5 2 1 0 6 0 0 0 0 1 0 0 0 0 0 0 1 0 0
4 1 2 0 12 7 4 2 0 2 0 5 7 4 51 108 18 5110 149 56 8 40 52 357 32 11 115 65 134 1 43 3 8 17 8 7 187 181 5432 50 575 497 1651 32 15 3535 24 218 151 5 4 4 5 45 3 2 43 6 9 6 11501 136 85 1070 326 35 119 20 6182 67 39 7 31 6 47 6295 1 1 7 0 24 2 24 46 26 23 7 63 154 32 4143 36 16 44 242 62 1 6 13 13 0 3 0 0 0 0 0 1 0 0 0 0 4 35 86 2 8 38 4 116 43 96 7 5 4 2 3 5 0 51 18 6 1 8 2 42 4 0 51 68 101 6 153 1 12 22 171 15 50 507 1 1 5 1 1 15 0 0 1 0 4 3 0 2 2 2 110 46 5 122 10 19 8 2 5 248 3 5 256 12 4 15 16 6 4 24 0 13 6 8 6 16 2 2 5 0 3 2 1 1
18 7 13 3 6 12 16 3 3 6 2 5 4 15 48 82 23 202 53 34 32 179 156 49 87 10 40 30 795 7 72 3 3 2 5 1 27 26 96 22 725 276 965 9 48 102 20 3988 884 29 68 119 48 283 44 7 230 5 8 1 136 16938 13364 1199 447 10 875 9 4015 7818 1675 3 5 1 15 438 1 0 5 15 743 58 108 177 122 78 15 293 787 229 1465 434 272 1759 5124 42 2 18 73 16 0 2 0 0 0 0 0 1 0 0 0 0 0 0 3 1 0 3 0 6 4 3 1 3 1 5 2 1 0 2 10 2 0 2 0 5 0 0 3 11 6 2 5 1 3 22 26 2 7 31 1 156 482 0 0 175 7 5 28 135 0 1 0 0 0 2 15 39 52 13 1 4 1 0 175 96 44 292 342 45 2 1 3 2 126 11 35 60 744 1 2 590 66 1 2 0 2 2 0 1
6 4 5 0 9 4 13 5 2 4 0 6 3 18 57 51 37 129 40 39 47 244 130 50 172 6 69 34 899 8 30 7 6 5 8 1 26 22 36 28 270 206 1799 7 33 97 42 432 149 11 14 34 87 584 45 8 206 5 2 0 85 13364 27538 5496 3298 1 1086 30 5062 2248 667 3 6 2 14 251 1 0 4 4 295 5 153 384 203 170 31 132 448 109 989 73 58 409 3934 17 1 12 151 9 0 0 0 0 0 0 0 0 0 0 0 0 1 0 4 0 0 0 1 9 1 5 1 1 0 1 1 1 0 1 1 1 0 1 1 4 1 0 5 10 4 1 3 0 1 10 17 0 2 20 1 10 41 0 0 36 0 1 0 5 0 1 0 1 0 0 12 10 8 11 0 4 0 0 47 37 1 16 153 21 1 3 2 1 33 3 1 15 40 0 0 118 5 2 1 0 0 0 0 0
12 2 16 4 9 2 9 9 0 10 0 10 11 75 182 187 94 2305 953 135 73 546 316 495 547 63 1462 497 545 7 24 5 4 15 85 14 112 106 346 594 325 132 5537 55 52 2316 323 121 95 3 12 15 99 547 59 11 83 3 39 6 1070 1199 5496 8922 5921 26 637 103 2772 346 115 5 39 10 21 98 3 0 5 1 77 2 210 549 382 331 86 33 109 36 1431 38 25 100 2889 25 0 9 314 19 0 0 0 0 0 0 0 0 0 0 0 0 0 28 56 0 2 50 2 195 11 38 5 2 0 1 0 1 0 17 10 0 1 2 1 15 0 0 20 25 101 2 89 0 7 4 18 8 15 410 1 1 8 0 0 2 0 0 1 2 2 1 0 2 0 1 31 2 2 53 2 3 3 0 5 43 0 2 67 3 0 7 15 1 1 4 1 2 4 2 0 11 2 1 0 0 2 1 0 0
27 8 19 6 18 4 7 12 1 8 1 10 22 199 296 273 45 940 418 85 41 247 55 79 288 2 807 2849 1522 12 80 10 7 20 180 36 62 53 3051 150 240 202 521 25 25 1551 256 157 49 2 8 16 165 1067 95 14 547 18 79 8 326 447 3298 5921 12288 34 2316 465 9049 130 93 8 27 14 95 63 1 1 8 1 64 0 241 766 316 361 85 19 45 12 265 27 25 31 267 24 2 26 316 33 0 4 0 0 1 1 0 0 0 0 0 1 0 56 118 2 1 85 4 348 19 87 11 5 2 2 1 4 0 36 25 3 1 4 0 22 0 1 20 48 206 3 267 0 4 12 104 15 33 1143 4 4 9 1 0 0 0 1 1 1 2 5 0 3 1 2 133 43 5 131 10 27 5 0 4 235 1 1 210 0 4 7 15 7 2 14 0 6 6 4 4 12 2 5 3 0 3 1 4 3
0 2 0 0 0 0 0 0 43 11 0 0 1625 0 2 1 2 90 647 10 0 3 0 0 0 0 3 25 4 0 0 0 0 0 1 0 6 64 11 0 21 5 36 303 4547 1707 0 13 7 1561 24 247 0 1 0 0 2 0 0 0 35 10 1 26 34 1732 4 0 28 5 9 28 31 699 0 15 790 460 159 387 184 329 2 0 2 1 0 340 265 598 835 3 1 0 11 4 237 16 0 0 0 0 0 0 1 1 0 0 0 0 2 1 1 6 55 0 3 8 1 51 11 40 6 1 1 0 1 1 1 7 3 1 1 2 0 2 0 1 12 15 12 2 27 0 0 5 141 16 24 314 0 6 28 0 0 24 55 7 51 45 1 1 0 2 0 0 40 13 6 2798 3 3 3 1 10 85 6 21 230 7 1 6 91 0 12 15 6 28 51 2 0 55 6 1 3 0 2 3 0 1
140 32 173 43 203 66 68 102 22 101 17 104 2 1294 855 347 173 150 34 33 47 131 66 244 860 25 1949 2520 9801 317 1644 67 164 798 519 416 453 188 409 237 214 84 809 11 6 81 425 574 88 6 16 25 244 4766 113 12 2648 203 219 216 119 875 1086 637 2316 4 20609 1924 3635 253 224 204 120 37 5350 267 27 3 67 2 135 1 381 5466 424 3107 2909 98 178 35 295 58 39 96 467 304 41 80 2620 3071 9 15 24 13 17 69 6 2 9 5 25 84 0 7 14 0 4 6 2 13 7 4 2 26 14 1 0 0 0 3 62 0 44 167 8 120 2 0 67 72 8 3 9 11 36 4 8 1 4 37 0 1 6 1 0 3 0 1 1 0 32 15 2 19 46 4 5 4 0 2 32 21 16 7 4 18 3 2 36 2 139 100 47 2 7 125 0 5 6 2 17 10 3 16 12 10 17 3 0 6
10 1 12 0 19 1 4 10 0 3 0 2 0 1240 732 128 116 77 22 20 17 35 70 104 88 21 637 1209 686 8 259 10 55 2661 361 587 1689 931 177 161 108 24 71 22 0 15 1547 57 9 0 4 4 53 355 28 0 1414 1348 2539 2981 20 9 30 103 465 0 1924 5225 699 10 17 47 306 25 2086 45 5 0 40 0 9 0 67 356 75 235 200 7 3 1 14 5 4 3 13 114 1 7 504 696 0 0 1 0 1 1 1 0 1 0 4 1 0 0 1 1 7 0 2 8 20 2 4 24 6 4 0 0 0 0 1 0 4 31 3 130 0 0 97 190 2 0 0 0 10 0 0 0 10 9 0 1 0 0 0 0 0 0 0 1 5 0 0 0 3 0 3 3 0 0 4 1 4 4 0 5 0 0 4 1 16 35 30 0 0 23 0 0 0 0 3 3 0 3 1 0 9 3 0 0
22 5 10 4 50 20 30 15 4 15 3 13 3 217 507 494 25 1230 78 33 29 182 83 112 187 13 159 869 2912 28 354 38 18 29 86 69 72 59 8240 91 494 392 1775 20 37 826 176 11736 179 42 22 58 133 1046 96 14 1338 112 91 23 6182 4015 5062 2772 9049 28 3635 699 24464 736 1448 11 19 8 334 10839 3 0 5 2 706 1 227 542 303 204 52 700 2077 66 3628 78 53 161 890 266 4 80 201 131 0 2 1 0 2 1 0 3 0 0 2 1 1 16 72 1 3 21 1 106 46 46 6 4 8 4 3 8 2 19 35 9 3 8 1 28 1 2 37 61 70 2 149 1 4 73 407 7 58 871 6 43 102 2 2 98 1 1 8 10 4 3 1 4 1 2 275 95 27 255 13 21 6 2 104 677 4 39 1468 91 6 23 19 8 128 36 3 130 65 13 3 283 35 10 14 1 4 4 9 3
46 14 38 13 9 15 29 24 6 14 3 29 2 6 48 65 23 118 28 16 17 79 100 25 33 5 16 13 222 9 21 1 5 6 2 1 14 17 36 18 996 198 404 11 24 74 13 397 894 8 759 1031 26 134 95 35 50 2 1 0 67 7818 2248 346 130 5 253 10 736 4703 1421 7 9 4 11 160 4 0 1 46 1941 145 227 94 90 53 7 377 279 102 639 1574 2935 1927 2416 15 3 14 44 7 0 0 1 0 0 0 0 0 0 0 0 0 0 1 1 0 0 1 1 8 2 0 0 0 0 1 0 0 0 1 2 1 1 3 0 2 0 0 6 5 0 1 3 0 0 11 9 0 5 12 0 57 103 0 1 42 31 22 128 240 0 0 0 0 0 0 3 7 12 3 1 1 0 0 26 17 66 180 60 8 1 4 5 3 16 7 77 19 564 0 0 142 31 1 0 1 0 0 0 1
18 5 19 9 17 3 17 12 0 8 1 5 3 6 19 43 5 98 26 6 5 17 16 14 14 0 7 20 241 8 45 8 7 5 2 3 7 2 106 5 597 61 131 6 24 30 3 4134 267 60 58 254 11 63 20 12 84 4 1 4 39 1675 667 115 93 9 224 17 1448 1421 11204 3 3 7 14 206 8 1 4 39 7787 470 72 35 25 14 4 1172 474 80 236 442 155 266 239 29 3 10 18 5 0 1 0 0 1 1 0 0 0 0 0 1 0 0 1 1 0 1 1 4 6 3 0 2 3 2 1 3 2 4 3 0 0 2 0 5 0 0 4 7 4 5 6 1 1 25 26 1 8 18 0 221 480 4 6 196 50 27 203 724 0 1 0 2 0 0 12 32 49 20 3 6 2 1 102 50 170 703 216 31 1 6 10 2 96 19 268 63 2122 2 1 593 98 1 3 0 1 0 0 0
95 37 88 176 496 653 111 41 1085 444 239 1705 43 2 4 3 12 28 44 7 291 340 124 5 73 5 7 4 737 361 325 632 2312 265 3 1 37 574 2 4 282 4 9 306 165 43 24 1 1 80 4 17 78 146 32 18 115 557 6 14 7 3 3 5 8 28 204 47 11 7 3 9475 1795 548 346 0 4246 249 5094 14 12 35 114 60 211 66 15 35 15 28 23 15 9 5 4 2142 5125 644 64 27 84 154 189 151 153 770 33 46 113 114 428 1710 5 2 1 3 13 9 19 3 75 13 26 112 34 9 3 0 2 3 478 3 565 1325 7 406 3 2 249 280 3 15 2 34 174 3 8 1 41 20 3 1 2 8 0 1 10 26 5 9 134 89 28 209 209 5 1 1 0 11 107 28 48 13 1 1 10 1 11 1 1366 388 199 8 0 891 2 1 7 17 109 3 1 137 487 84 97 18 0 21
24 3 26 10 189 255 19 12 87 35 4 105 95 14 7 18 25 137 199 27 365 559 228 27 296 11 51 19 353 82 248 441 1458 799 11 3 129 3236 7 75 352 15 55 3803 179 251 132 7 9 59 7 26 43 172 43 16 76 1163 23 57 31 5 6 39 27 31 120 306 19 9 3 1795 9902 868 1335 10 972 120 5299 11 23 40 159 85 324 89 139 36 20 39 107 16 19 4 9 2577 301 69 131 61 21 22 53 22 32 111 4 8 23 15 82 167 4 6 6 9 88 28 61 31 264 60 92 162 96 20 24 3 3 10 137 8 97 528 74 872 6 2 1043 817 9 53 9 41 185 10 10 2 150 71 30 3 4 5 4 4 5 11 5 8 63 43 8 42 131 20 10 10 1 21 112 37 80 79 2 22 6 1 21 5 325 823 384 28 2 554 1 2 4 30 76 5 3 74 45 10 100 30 5 70
