42918 7637 13297 887 1348 494 12896 12771 214 619 64 232 1 3 0 0 0 16 0 0 145 85 5 10 14 1 7 3 7516 11568 1861 42 8 12 2 0 2 17 4 7 851 7 13 2 0 6 14 9 14 8 418 352 1086 3267 707 371 234 7 0 0 6 16 20 7 13 5 765 27 21 38 3 48 6 18 74 10 50 2 13 34 227 27 1909 1624 620 254 42 26 20 5 25 154 127 12 26 86 121 3244 28 42 136 20 193 188 16 153 34 25 96 49 94 46 0 0 1 0 4 0 1 1 4 1 2 0 5 0 2 0 0 0 13 0 32 24 0 6 0 0 1 13 2 3 0 2 4 0 0 0 4 2 5 0 0 0 0 0 3 1 8 5 6 4 0 7 14 0 1 0 0 1 3 8 8 0 0 1 1 0 5 0 51 19 1 1 0 43 0 1 2 0 2 1 0 12 66 12 3 0 1 3
7637 16817 7359 10851 2290 676 567 267 46 137 159 426 1 0 1 0 1 9 0 1 167 123 7 3 28 3 0 0 683 2234 628 56 5 12 1 0 3 8 4 5 795 4 3 1 3 1 6 4 6 2 198 158 123 642 131 161 154 10 0 0 3 1 1 0 2 2 733 18 1 17 2 102 9 14 47 2 69 3 12 18 117 9 524 812 549 292 21 12 7 2 11 66 52 14 19 45 155 185 18 4 183 50 330 469 40 457 42 20 127 117 240 171 0 0 1 0 1 0 0 1 2 0 0 8 8 1 1 0 0 0 30 1 75 16 0 4 0 0 3 5 0 2 0 1 9 0 2 0 0 1 1 0 0 0 0 1 3 3 3 0 7 5 3 9 8 0 0 1 0 0 12 16 12 1 0 0 0 0 1 0 151 17 4 4 0 108 2 1 2 4 7 1 0 30 150 17 5 2 1 4
13297 7359 30353 8991 453 2224 732 10362 431 7954 221 7344 1 1 2 3 3 5 0 2 198 146 5 5 15 1 1 0 795 458 215 52 14 17 0 0 1 14 0 10 963 2 6 0 5 5 12 5 15 2 256 198 222 884 213 237 162 18 0 0 5 4 1 1 2 4 767 14 3 32 8 114 5 15 70 4 111 1 12 22 178 15 813 1050 650 355 31 29 14 3 27 118 75 17 34 57 366 460 28 11 402 72 683 855 69 787 96 78 297 212 391 239 0 0 0 0 0 0 1 0 2 0 1 6 10 0 3 0 0 1 49 2 87 32 0 10 0 0 4 15 0 3 0 4 17 0 2 1 4 4 7 0 0 0 0 0 6 2 4 2 5 15 3 15 13 2 1 0 0 3 21 17 16 1 0 1 0 0 3 0 196 22 5 2 0 156 4 1 2 5 5 3 0 51 270 46 6 2 0 4
887 10851 8991 22974 8682 9036 132 78 59 423 189 3079 1 0 1 2 0 1 2 0 311 260 16 4 55 2 1 1 498 1820 2708 74 18 13 1 0 2 21 0 12 716 0 4 1 3 0 24 4 4 2 71 56 52 282 47 76 302 6 0 2 2 3 8 3 2 1 651 33 11 7 1 95 8 29 63 5 86 2 11 7 46 4 237 440 456 357 47 10 4 0 10 22 24 6 6 75 267 89 45 23 232 68 512 670 69 586 53 53 183 190 349 211 0 0 0 0 5 0 1 1 3 0 1 5 5 1 3 0 0 1 34 2 92 36 2 10 0 0 9 10 2 0 0 4 14 0 2 0 1 8 8 0 0 1 0 2 3 4 0 2 8 7 1 17 21 1 0 0 1 0 15 13 21 0 0 0 0 0 1 0 186 23 8 1 0 132 0 2 5 5 3 1 0 51 217 25 13 1 3 5
1348 2290 453 8682 13854 8821 280 63 43 161 270 2147 5 56 22 18 3 68 7 1 586 671 60 36 116 7 106 83 1948 4656 13993 679 182 215 74 20 26 157 65 81 916 10 112 7 14 30 131 201 20 8 170 104 143 722 146 174 1740 42 14 3 95 260 210 92 344 5 1206 399 679 67 24 217 64 48 526 241 121 13 69 8 121 7 501 882 618 583 596 21 59 17 163 87 61 18 209 2054 168 184 248 980 145 56 290 441 54 462 19 30 87 138 297 229 1 0 2 4 17 0 7 10 10 6 2 21 30 1 10 2 0 3 42 7 126 76 2 32 0 2 30 69 3 13 5 5 25 2 6 1 15 38 29 1 7 3 0 22 5 4 3 3 11 17 2 17 37 2 9 12 5 6 26 33 38 10 19 17 2 1 44 13 339 82 7 2 16 227 4 7 7 8 16 13 1 76 185 17 20 8 4 13
494 676 2224 9036 8821 14873 254 348 303 3255 1457 12698 7 26 8 15 4 50 20 7 566 626 53 25 91 12 38 43 547 778 2179 3866 943 809 18 6 35 463 39 34 909 3 77 17 10 16 68 201 19 5 113 84 67 386 101 131 636 191 4 5 109 161 92 64 197 3 906 132 543 43 10 605 211 109 438 347 288 9 173 4 95 6 375 621 484 466 164 14 42 7 137 51 40 5 131 1515 617 137 119 95 366 151 800 1116 136 1169 86 99 291 424 789 536 0 0 5 0 18 2 7 15 15 8 7 50 44 1 20 1 0 0 87 10 349 185 3 59 1 2 42 79 7 15 6 15 54 6 9 1 28 61 34 6 3 10 0 10 7 21 2 5 21 29 1 31 100 2 5 6 8 4 88 74 112 10 16 20 2 4 68 15 854 152 23 16 13 659 0 3 4 19 37 16 3 224 583 41 51 11 4 15
12896 567 732 132 280 254 8060 9600 1459 2369 107 320 0 0 1 1 0 0 0 1 17 19 2 0 3 0 0 1 1580 938 301 12 2 6 1 0 0 4 0 2 90 2 2 0 4 4 3 1 2 3 74 83 719 1344 352 66 29 4 0 0 1 2 4 1 5 3 54 4 1 4 1 22 1 8 15 5 64 1 5 8 57 3 688 264 96 16 4 7 0 2 4 23 29 4 4 17 399 5125 3 3 17 3 21 32 0 31 7 1 15 10 15 10 0 0 0 0 1 1 0 1 1 0 1 1 0 0 0 0 0 0 2 0 4 1 0 1 0 0 2 3 0 0 0 0 0 0 0 0 2 1 0 0 0 0 0 0 2 0 0 1 1 0 0 0 1 1 0 0 0 0 3 1 3 0 0 0 0 1 0 0 15 1 1 2 0 14 0 0 0 0 0 0 0 5 14 5 2 0 0 0
12771 267 10362 78 63 348 9600 27328 3682 19968 315 1052 0 0 0 0 0 2 1 0 27 10 1 4 3 1 0 0 504 255 52 12 6 4 0 0 0 4 2 1 186 1 0 0 7 0 2 1 2 1 157 167 539 1259 391 147 27 0 0 0 1 4 0 0 1 2 164 6 0 9 0 21 4 7 20 1 49 1 4 17 91 13 932 525 194 38 3 10 7 2 6 64 50 6 2 16 195 2123 4 4 148 19 220 154 9 119 49 28 114 51 71 33 0 0 0 0 0 0 0 0 0 1 0 0 2 0 2 0 0 0 11 1 14 7 0 1 0 0 1 5 0 0 0 0 3 0 0 0 1 1 0 0 0 0 0 1 5 0 2 2 0 2 0 12 1 2 0 0 0 0 3 4 3 1 0 1 0 0 2 0 21 8 4 0 0 27 0 1 1 1 1 1 0 7 58 10 2 0 0 2
214 46 431 59 43 303 1459 3682 1616 5453 570 930 64 0 1 0 0 4 1 0 6 18 0 0 1 0 0 1 68 28 18 16 16 3 0 0 0 6 0 0 24 0 1 5 137 24 1 0 1 69 16 22 252 147 73 10 6 2 0 0 0 1 2 1 0 32 19 1 5 2 0 193 8 200 5 2 1079 71 65 20 20 60 93 44 15 7 2 23 10 37 27 2 2 1 6 16 2688 2592 0 1 14 5 23 39 1 36 9 5 11 18 13 20 0 0 0 0 1 0 0 1 2 1 0 7 1 0 1 0 0 0 3 0 14 21 0 3 0 0 1 4 0 1 1 1 4 1 2 0 2 8 2 0 2 0 0 1 3 1 3 3 1 3 0 2 3 1 1 0 1 2 4 4 5 0 0 4 0 1 18 3 41 24 4 1 4 41 0 0 3 0 4 1 0 5 20 2 1 1 0 0
619 137 7954 423 161 3255 2369 19968 5453 26483 12778 15923 4 0 0 0 0 3 0 0 24 27 1 1 3 0 0 0 232 104 87 66 58 13 0 0 0 7 0 0 103 1 2 2 6 0 2 2 1 3 65 48 313 462 169 60 31 2 0 0 2 1 2 0 2 1 99 3 4 5 0 391 5 33 17 1 571 4 11 6 24 9 373 175 79 26 2 3 3 3 4 22 10 1 4 21 2560 1648 6 1 490 65 773 787 53 696 135 95 386 217 404 190 0 0 0 0 0 1 0 2 1 0 2 9 5 0 1 1 0 0 32 0 77 20 0 7 1 0 4 8 1 0 0 2 17 1 1 1 1 5 5 1 0 0 0 5 1 1 8 1 6 7 4 29 14 1 0 0 0 3 22 18 10 0 0 1 2 1 7 0 168 18 18 2 0 150 1 2 1 5 5 4 0 25 296 44 8 1 1 0
64 159 221 189 270 1457 107 315 570 12778 4610 6077 7 2 1 0 1 4 1 1 28 28 4 1 2 0 1 0 49 61 97 99 39 9 0 0 1 11 0 2 67 0 3 6 22 3 1 2 2 6 15 11 33 59 15 14 36 6 0 0 0 2 1 0 2 6 81 7 6 2 0 915 10 167 14 3 2491 57 61 4 12 9 34 83 29 15 4 3 2 2 3 4 4 1 3 52 3586 246 4 2 213 69 443 615 86 739 46 50 175 273 483 376 0 0 0 0 1 0 0 5 3 2 1 19 28 2 2 0 0 1 48 3 227 81 0 8 0 0 8 7 1 2 0 5 25 0 4 1 3 18 3 0 0 4 0 2 3 8 2 4 7 18 2 18 34 0 0 1 0 0 46 32 36 0 0 1 3 0 2 1 494 44 13 7 0 362 2 1 0 13 20 1 0 100 405 31 22 6 6 13
232 426 7344 3079 2147 12698 320 1052 930 15923 6077 22494 50 0 1 20 5 70 92 12 357 389 59 8 58 2 5 1 287 322 637 4517 4932 1131 2 1 15 640 4 18 553 4 36 74 49 12 33 26 5 23 81 73 105 298 86 76 263 478 0 0 23 25 15 15 16 9 498 37 75 12 4 2958 1036 480 572 58 2329 130 1014 8 78 18 287 451 310 227 52 7 11 13 67 38 20 6 60 2575 2270 344 62 37 555 228 1120 1713 226 1827 134 153 428 656 1277 952 1 5 2 3 23 4 16 27 40 8 19 117 111 5 26 3 0 5 164 13 639 448 5 157 0 3 87 166 4 27 3 35 125 5 15 6 53 61 57 1 4 8 1 7 11 51 10 5 45 76 16 53 205 5 7 6 2 12 172 140 247 17 4 6 8 3 46 5 1808 491 61 39 5 1514 4 1 3 45 97 4 4 459 1220 80 96 28 12 43
1 1 1 1 5 7 0 0 64 4 7 50 8248 2 9 20 25 2034 3599 81 8 16 4 27 9 1 25 31 4 1 5 4 29 49 0 0 10 288 50 6 27 3 47 9890 5239 5604 20 11 12 271 3 11 7 5 2 1 3 17 1 2 16 9 15 26 18 3443 11 32 44 9 8 325 435 1727 37 8 1190 357 957 6 44 42 15 8 5 11 7 39 27 202 187 8 3 3 43 13 314 18 3 2 1 3 2 5 3 6 2 1 0 0 3 6 3 40 458 6 14 128 12 747 113 1554 47 2 2 0 0 20 3 60 5 3 13 13 0 10 8 0 37 34 246 5 187 0 3 14 228 202 204 2227 13 12 20 0 0 17 2 2 0 9 1 1 0 0 10 3 247 96 17 435 3 2 4 0 23 280 3 6 508 55 12 42 191 2 80 23 3 18 19 2 0 48 15 8 3 1 0 1 0 1
3 0 1 0 56 26 0 0 0 0 2 0 2 6541 5519 1522 790 390 40 45 28 18 183 44 2 11 1958 2037 4 2 37 2 2 634 5937 2711 2698 162 269 451 688 9 77 4 1 45 276 25 9 0 0 0 1 4 1 2 7 421 1247 655 55 31 73 153 418 2 7 404 296 5 1 1 7 30 546 28 0 0 4 0 10 1 3 4 4 6 8 6 7 1 14 3 1 2 41 135 0 0 2 9 0 0 0 0 2 1 0 0 0 0 1 3 40 18 13 49 58 201 143 81 388 721 407 30 11 4 24 3 1 31 0 5 4 3 1 11 12 9 78 125 13 64 25 0 4 7 11 5 158 93 79 3 3 0 1 1 0 0 0 1 0 0 0 0 3 17 18 21 3 8 3 3 3 17 5 17 0 3 19 3 2 16 14 2 1 6 0 1 7 1 1 4 3 4 0 0 2 2 2 8
0 1 2 1 22 8 1 0 1 0 1 1 9 5519 19923 11736 909 3653 188 1362 84 51 427 106 12 39 857 4191 2 1 24 4 5 99 589 109 1221 162 554 119 1675 24 91 24 6 82 77 53 17 0 4 3 0 1 2 14 4 83 43 48 179 36 60 172 635 3 4 69 694 6 5 3 18 44 152 103 1 1 3 1 17 0 1 1 5 5 4 4 14 1 30 24 3 4 48 62 1 0 1 5 1 0 1 0 0 3 0 1 0 0 3 3 55 39 27 60 106 262 219 185 632 1027 522 33 21 6 55 8 5 61 4 7 10 9 5 20 22 18 135 188 56 121 54 0 7 5 22 19 301 183 119 2 4 1 0 3 0 0 0 2 1 0 0 0 5 39 29 32 3 14 0 9 7 26 3 37 0 1 30 7 8 45 29 1 5 34 0 1 6 3 1 7 8 3 1 0 5 3 5 9
0 0 3 2 18 15 1 0 0 0 0 20 20 1522 11736 16405 141 9080 1239 2020 13 13 309 212 3 19 493 6158 3 2 11 6 15 119 20 31 524 481 1375 27 1885 95 49 20 7 72 20 10 13 3 1 5 1 2 1 18 1 92 22 25 131 6 8 53 95 6 6 38 101 6 1 13 53 19 144 72 7 2 17 1 20 0 3 2 2 1 2 5 13 1 19 15 3 3 16 70 0 0 1 3 1 1 0 0 4 1 0 0 0 3 2 8 28 98 264 27 21 235 14 709 177 1653 74 7 1 1 2 7 6 129 1 2 11 8 1 11 14 4 40 43 315 21 164 0 0 3 47 133 255 574 17 1 3 3 0 1 0 4 0 3 1 0 0 0 4 8 49 40 3 19 3 1 9 4 3 93 2 4 25 5 15 23 32 0 5 17 0 0 4 0 0 3 2 9 0 0 1 1 0 1
0 1 3 0 3 4 0 0 0 0 1 5 25 790 909 141 3636 408 1580 1401 31 88 176 17 4 18 25 40 0 0 2 0 4 9 14 20 3107 310 34 37 271 6 18 32 9 15 29 5 2 4 0 2 1 0 0 1 1 9 5 4 39 5 12 11 20 1 6 11 53 1 1 5 22 74 10 25 2 9 6 1 5 0 2 0 2 4 3 0 5 3 20 5 0 0 22 3 0 0 4 0 0 0 0 1 0 5 0 0 0 3 4 10 42 16 8 44 152 55 206 18 487 232 281 56 46 6 87 1 3 40 4 10 4 7 10 36 10 12 189 264 9 135 11 1 16 6 7 4 314 44 203 1 2 2 1 2 0 0 3 1 1 0 0 1 5 35 3 17 4 4 2 13 8 65 2 9 1 1 20 4 29 62 26 7 3 47 0 1 4 3 3 4 6 8 1 0 7 3 8 16
16 9 5 1 68 50 0 2 4 3 4 70 2034 390 3653 9080 408 22781 12895 2645 17 59 366 3599 21 93 2749 1107 9 4 71 41 100 136 67 50 850 1989 11475 214 2989 382 2365 801 434 4702 169 213 157 18 42 10 1 8 5 91 40 92 48 29 7305 141 144 2239 1282 542 26 105 1335 40 25 124 490 303 196 957 32 44 141 4 91 7 13 14 6 16 10 44 86 56 335 164 26 36 475 176 9 1 20 25 2 10 1 1 19 27 0 5 0 5 6 41 85 487 3363 151 128 929 67 3357 558 6403 209 23 6 6 14 146 58 912 12 30 46 48 19 76 121 6 206 264 2084 69 1713 2 7 51 1259 2006 987 6829 71 24 26 3 3 36 2 9 5 21 2 4 1 6 20 26 899 645 55 526 4 12 46 13 45 1469 8 17 524 82 69 130 365 13 113 104 9 9 40 2 1 45 44 82 14 1 8 0 3 1
0 0 0 2 7 20 0 1 1 0 1 92 3599 40 188 1239 1580 12895 43025 5912 39 61 101 182 11 30 308 170 3 1 3 19 122 28 22 5 538 4171 123 48 300 24 124 9696 446 2727 27 19 39 58 7 12 2 4 3 3 3 4 3 2 96 23 28 68 45 397 7 10 37 11 2 194 1389 3344 19 33 47 878 377 5 50 17 3 6 4 6 7 19 25 62 205 41 2 7 108 34 13 1 6 1 3 5 1 4 7 11 1 2 0 7 11 16 243 255 1103 224 284 1311 533 1984 2443 8893 1486 102 52 11 137 24 13 417 4 14 41 48 8 62 103 35 667 651 521 303 314 2 17 16 192 584 2588 1764 320 8 19 3 1 21 1 4 5 19 1 3 0 2 17 76 95 140 16 166 6 26 15 66 16 180 6 7 253 29 74 249 692 7 25 178 2 6 26 5 5 28 27 24 4 1 11 5 15 23
0 1 2 0 1 7 1 0 0 0 1 12 81 45 1362 2020 1401 2645 5912 1713 24 34 133 41 4 33 35 17 0 0 2 0 10 10 6 6 133 236 42 48 419 8 22 125 14 39 15 6 18 2 3 2 0 1 0 2 1 1 1 0 108 10 8 11 11 5 3 7 47 6 2 9 59 102 7 30 5 24 16 1 6 1 1 2 1 3 1 4 10 4 35 18 2 3 37 3 1 0 1 0 0 2 0 0 3 5 0 3 0 2 2 11 83 41 19 79 91 110 210 52 651 521 333 53 36 5 82 2 1 59 5 14 9 8 6 24 15 22 207 198 13 153 28 1 9 9 27 14 510 90 177 2 2 0 1 2 1 1 0 0 1 0 0 0 9 51 12 16 3 6 0 10 7 55 2 12 2 2 31 8 21 50 34 7 3 36 0 1 5 4 1 7 2 11 0 1 8 8 6 11
145 167 198 311 586 566 17 27 6 24 28 357 8 28 84 13 31 17 39 24 6611 6277 3692 47 487 155 28 5 66 117 505 78 76 279 11 10 106 362 4 393 1294 5 22 47 5 11 197 13 12 5 12 13 13 34 23 598 112 85 8 7 9 15 9 10 13 2 122 162 20 10 1 216 118 64 764 22 123 16 131 0 11 0 537 133 3945 1161 151 4 12 6 32 16 8 5 55 708 45 9 188 124 2 1 7 15 1 22 2 1 0 12 17 18 2 0 2 2 29 8 13 4 56 16 33 14 9 1 10 1 0 4 4 5 27 42 3 32 1 1 36 96 1 24 1 1 9 2 2 0 28 11 49 0 2 0 0 3 1 1 0 0 3 3 0 1 18 3 1 3 2 3 11 8 21 9 0 2 0 0 4 0 95 50 5 4 2 81 1 1 1 1 7 2 1 24 25 0 8 6 6 7
85 123 146 260 671 626 19 10 18 27 28 389 16 18 51 13 88 59 61 34 6277 25185 4861 239 8783 2067 84 10 87 126 511 107 141 503 26 16 215 892 16 3287 1199 67 130 145 23 27 774 84 153 8 45 24 14 55 13 93 250 142 30 6 31 89 80 14 20 4 371 448 45 47 12 253 273 148 1107 69 136 40 198 2 49 5 151 138 3558 5843 651 29 108 39 202 131 27 42 413 834 45 16 3492 181 5 3 7 16 7 21 0 0 2 7 12 31 9 2 2 10 105 11 51 8 145 46 103 49 37 2 39 4 1 9 6 7 17 71 7 89 1 11 141 312 10 64 9 2 19 5 5 1 105 21 167 3 11 0 1 4 0 1 1 3 10 12 0 3 27 9 0 13 2 1 15 12 23 50 10 6 2 1 20 3 103 158 33 19 10 141 2 2 3 9 9 11 2 22 29 0 14 6 2 22
5 7 5 16 60 53 2 1 0 1 4 59 4 183 427 309 176 366 101 133 3692 4861 15985 7654 889 7832 410 67 15 8 51 14 60 349 26 29 361 636 92 2459 8886 1554 308 68 13 54 539 65 368 12 54 4 4 17 6 46 106 34 11 4 54 82 64 15 12 3 160 73 28 47 15 47 107 39 181 69 42 5 49 0 48 2 18 39 89 153 63 40 110 40 207 234 25 37 468 88 11 0 100 17 1 0 0 2 1 3 1 0 0 2 2 4 9 4 4 11 33 27 47 19 101 86 91 18 13 5 12 2 1 13 3 2 7 10 1 18 2 2 48 77 2 21 5 0 7 2 2 1 50 21 52 2 3 1 0 2 1 1 1 3 3 2 0 1 3 7 4 8 4 4 5 6 5 13 6 7 0 2 8 4 16 24 5 4 5 28 2 1 4 2 1 25 2 4 8 0 1 2 2 0
10 3 5 4 36 25 0 4 0 1 1 8 27 44 106 212 17 3599 182 41 47 239 7654 16223 191 8315 5557 123 16 6 44 3 5 40 104 63 50 96 782 3494 4609 4103 2249 32 30 1520 800 126 973 18 73 7 1 13 5 80 62 29 16 7 1404 159 294 252 201 10 50 94 234 120 32 5 31 14 97 151 5 1 12 0 89 4 13 16 6 39 21 50 157 66 554 503 41 123 1689 80 3 1 27 22 0 0 0 0 0 0 0 1 0 0 0 1 4 7 46 5 17 48 16 115 49 151 54 0 2 0 4 6 1 17 0 1 3 6 0 9 6 1 15 38 59 11 57 0 1 5 52 13 28 313 25 5 12 2 0 8 1 0 1 2 0 0 0 0 0 1 75 42 5 19 0 0 3 3 8 94 2 6 70 14 4 14 1 1 19 4 3 5 5 1 0 29 1 2 0 0 0 0 0 0
14 28 15 55 116 91 3 3 1 3 2 58 9 2 12 3 4 21 11 4 487 8783 889 191 11128 1886 62 4 54 39 147 15 44 123 4 2 42 299 6 2908 492 40 87 39 14 16 2060 54 56 3 27 14 12 57 14 34 494 48 2 4 22 61 69 6 5 1 744 285 26 34 2 54 100 47 302 40 15 14 39 1 22 4 93 207 409 1824 2900 16 66 25 111 48 12 21 217 163 5 1 3078 104 1 1 1 0 1 4 0 0 0 1 3 9 1 0 0 4 43 6 15 1 36 18 25 22 16 1 10 1 0 5 0 0 5 21 5 62 2 3 64 174 2 24 4 2 4 1 3 1 30 5 56 0 4 3 0 3 1 1 2 3 3 4 1 0 8 8 2 2 2 3 7 2 10 12 6 6 1 1 7 0 17 67 7 6 2 34 1 1 2 4 7 9 1 16 3 0 5 4 2 9
1 3 1 2 7 12 0 1 0 0 0 2 1 11 39 19 18 93 30 33 155 2067 7832 8315 1886 4223 2367 14 5 3 13 0 1 20 9 3 31 62 22 5160 1892 182 119 11 1 27 460 26 114 2 6 0 0 3 1 14 22 4 4 0 31 34 44 3 2 3 37 16 11 28 6 3 23 13 30 29 3 0 9 1 10 0 5 14 20 40 15 13 40 15 114 85 12 20 232 19 0 0 30 1 0 0 0 0 0 1 0 0 0 0 1 1 3 2 2 8 13 22 21 11 59 69 53 11 0 1 6 0 0 5 2 3 0 2 0 12 1 0 16 38 2 8 1 1 3 0 1 2 23 18 14 0 2 0 0 2 0 0 1 3 1 0 0 0 2 3 2 2 0 2 1 0 0 5 4 0 0 1 12 4 1 7 1 0 5 9 0 2 3 0 1 3 2 1 0 0 0 0 0 0
7 0 1 1 106 38 0 0 0 0 1 5 25 1958 857 493 25 2749 308 35 28 84 410 5557 62 2367 23416 10319 24 11 139 5 4 248 2786 351 443 89 1095 4489 1289 129 802 15 9 346 1306 39 67 5 14 7 3 15 4 18 88 191 280 121 307 66 252 1124 1121 2 49 470 243 25 6 13 16 20 436 46 1 1 9 3 33 2 16 14 9 24 26 14 30 7 114 57 12 13 434 184 0 2 25 61 1 0 0 0 4 2 0 0 0 0 3 2 33 82 181 40 42 329 92 732 268 1627 217 14 4 1 16 8 4 107 2 2 6 2 2 11 24 3 61 87 299 40 185 0 1 7 64 87 172 652 59 7 7 0 0 4 0 1 1 9 3 0 0 1 3 15 60 61 6 33 1 4 5 13 6 109 3 3 37 9 12 21 27 3 9 16 2 2 13 0 0 11 5 10 0 0 0 1 0 3
3 0 0 1 83 43 1 0 1 0 0 1 31 2037 4191 6158 40 1107 170 17 5 10 67 123 4 14 10319 12158 15 9 70 6 1 384 215 168 688 150 1686 41 362 33 72 7 5 153 69 15 6 2 3 3 1 3 1 6 14 485 169 154 37 15 45 857 1104 10 10 353 183 5 0 1 7 8 701 10 3 0 1 0 12 3 6 7 4 2 4 2 6 2 13 5 2 2 21 225 0 2 5 19 0 0 0 2 3 1 0 0 0 1 1 4 10 99 358 19 11 184 26 1017 70 1240 51 4 2 1 5 9 8 160 1 4 7 3 2 9 25 2 28 49 520 17 298 0 0 4 80 178 74 1152 17 2 2 0 0 4 1 3 1 7 1 0 0 1 7 4 97 72 6 42 1 1 9 2 6 182 2 2 22 2 4 6 18 0 6 4 1 0 7 0 1 7 7 11 0 0 0 0 0 0
7516 683 795 498 1948 547 1580 504 68 232 49 287 4 4 2 3 0 9 3 0 66 87 15 16 54 5 24 15 39889 8338 3982 85 21 31 10 2 5 23 13 34 125 2 34 5 2 6 61 16 8 3 83 66 1602 14486 932 80 4013 34 8 1 20 60 56 20 38 0 3433 162 73 16 2 121 13 28 230 34 83 4 50 11 64 8 1239 3480 155 94 470 12 25 8 55 42 25 1 66 601 47 4747 115 619 15 4 21 28 6 50 2 4 11 14 33 39 0 0 0 0 7 1 3 2 9 2 8 13 6 0 4 1 0 1 3 1 35 33 0 18 0 0 8 21 0 3 1 1 7 0 1 0 4 7 9 2 3 0 0 3 1 4 3 3 3 3 0 2 25 3 0 0 1 0 10 12 31 5 2 1 0 1 5 1 115 65 4 2 1 106 0 2 2 1 8 6 0 28 39 4 7 0 1 2
11568 2234 458 1820 4656 778 938 255 28 104 61 322 1 2 1 2 0 4 1 0 117 126 8 6 39 3 11 9 8338 22640 9658 75 11 16 7 4 5 24 4 14 448 2 16 6 1 3 22 23 7 1 140 150 341 1961 234 141 5338 7 4 1 13 22 34 18 34 3 1667 70 74 24 2 57 9 13 84 24 47 0 16 14 111 4 743 1044 364 194 147 9 20 3 30 63 44 10 46 233 52 581 45 299 38 11 75 136 15 105 11 11 29 45 84 46 0 0 1 0 2 0 1 0 4 1 0 5 1 1 2 0 0 2 14 0 30 12 0 9 0 0 7 11 0 3 1 2 8 0 0 0 4 0 2 0 2 0 0 1 0 0 7 0 2 3 1 5 4 1 0 2 0 1 9 7 10 3 4 2 1 0 4 0 60 20 2 3 1 56 0 1 5 1 2 3 0 12 53 10 7 1 1 0
1861 628 215 2708 13993 2179 301 52 18 87 97 637 5 37 24 11 2 71 3 2 505 511 51 44 147 13 139 70 3982 9658 12720 181 33 82 75 21 16 95 59 114 910 14 106 15 5 47 283 101 24 6 160 128 178 1039 158 147 6281 45 13 4 65 245 230 90 229 1 1739 776 398 71 14 115 26 20 982 149 42 10 23 11 134 9 542 954 641 663 2131 27 63 10 143 94 67 18 232 6595 63 239 1016 10071 54 23 116 166 19 153 12 8 35 68 88 83 0 0 3 0 15 1 11 5 9 10 10 9 11 0 8 1 0 0 21 2 58 34 1 29 0 2 20 52 1 5 4 3 11 3 3 1 16 25 33 0 2 2 0 5 0 2 1 0 3 3 0 5 22 5 7 7 3 5 18 12 19 12 6 13 2 2 23 4 141 40 5 3 10 91 1 4 3 2 5 14 2 30 58 7 7 4 1 7
42 56 52 74 679 3866 12 12 16 66 99 4517 4 2 4 6 0 41 19 0 78 107 14 3 15 0 5 6 85 75 181 8208 4956 2824 1 0 25 552 8 3 161 3 23 9 3 14 7 20 4 1 31 29 20 83 27 34 79 1895 2 5 20 26 11 10 22 2 111 8 57 7 2 613 337 46 875 62 63 8 231 3 21 4 96 141 93 67 16 1 5 1 29 12 13 2 31 5392 91 16 11 9 60 31 102 192 35 208 8 20 35 73 163 107 1 0 1 0 6 0 4 6 9 2 5 23 29 0 6 1 0 3 26 8 106 96 2 40 1 0 37 40 6 7 3 6 22 0 8 0 8 11 14 0 0 4 0 3 6 17 1 2 11 20 1 8 63 2 0 5 1 2 29 29 71 5 3 2 7 0 19 0 370 117 12 13 1 321 0 1 0 7 20 4 1 77 159 9 20 2 3 7
8 5 14 18 182 943 2 6 16 58 39 4932 29 2 5 15 4 100 122 10 76 141 60 5 44 1 4 1 21 11 33 4956 10190 8699 3 3 55 1981 6 18 111 1 19 52 26 9 39 11 3 6 21 29 26 70 34 32 28 659 2 5 32 10 16 7 13 4 66 33 26 4 1 3284 4156 212 607 19 91 32 1192 3 17 4 112 97 49 31 29 3 2 2 39 11 7 0 23 2455 36 4 9 4 17 8 16 35 12 44 3 7 6 12 32 52 2 1 2 0 28 2 10 13 36 9 11 51 44 1 20 2 0 1 11 4 62 232 9 196 3 1 153 171 5 16 3 11 53 3 3 1 56 26 64 1 1 5 1 2 3 19 4 1 32 26 3 3 89 6 3 6 0 4 71 38 117 28 4 9 4 1 16 4 319 476 64 21 2 461 1 3 1 13 37 1 2 65 45 7 26 4 4 20
12 12 17 13 215 809 6 4 3 13 9 1131 49 634 99 119 9 136 28 10 279 503 349 40 123 20 248 384 31 16 82 2824 8699 9936 529 688 1155 2235 114 198 303 2 69 35 28 52 310 63 5 9 43 45 47 117 69 28 45 4223 1452 4762 87 40 64 99 292 11 84 1496 361 14 7 955 858 161 3656 119 71 66 264 11 47 9 216 164 89 117 74 11 6 6 46 21 8 1 48 3443 19 6 58 10 13 7 10 14 12 25 3 5 1 1 20 40 4 6 4 5 61 9 26 26 85 37 30 105 86 6 38 2 2 6 27 4 46 326 18 359 8 6 328 519 8 71 15 20 71 6 11 3 98 77 256 2 2 5 0 3 12 24 4 6 41 66 1 7 102 10 17 17 8 4 88 39 153 83 2 14 12 2 27 1 321 747 60 84 4 581 1 4 5 21 71 9 4 52 26 5 44 19 15 54
2 1 0 1 74 18 1 0 0 0 0 2 0 5937 589 20 14 67 22 6 11 26 26 104 4 9 2786 215 10 7 75 1 3 529 6145 2895 1401 131 27 1287 101 3 88 6 1 26 1363 7 8 0 4 1 1 5 0 2 36 295 1511 392 32 21 45 74 84 0 20 696 50 11 1 0 9 10 478 13 2 0 5 1 6 0 5 6 3 7 8 2 6 2 36 2 1 0 84 129 0 0 6 28 0 0 0 2 0 2 0 0 0 0 0 2 28 13 13 27 42 90 71 69 182 405 160 9 1 0 17 0 1 21 0 1 4 4 0 10 8 5 49 84 7 42 11 1 2 2 0 4 94 36 28 2 0 0 0 3 0 0 1 0 1 0 0 0 1 7 3 7 2 1 0 3 1 13 2 8 1 0 7 1 7 17 4 3 2 7 0 0 1 1 1 2 3 0 0 1 1 2 3 3
0 0 0 0 20 6 0 0 0 0 0 1 0 2711 109 31 20 50 5 6 10 16 29 63 2 3 351 168 2 4 21 0 3 688 2895 2893 2573 132 40 273 51 2 66 4 1 23 1038 15 5 0 2 1 1 1 0 1 4 257 1663 1060 38 14 74 78 96 1 3 534 66 2 0 2 3 10 302 9 0 2 2 1 4 0 4 0 1 4 1 0 3 1 13 3 2 1 72 74 0 0 3 4 0 0 0 0 0 1 0 0 0 0 0 1 4 0 2 7 17 11 21 9 29 25 37 4 1 0 4 0 0 3 0 2 2 5 2 9 0 1 15 36 2 10 3 0 1 0 1 1 19 12 18 1 0 0 0 0 0 1 0 1 0 0 0 0 2 6 5 0 2 0 1 3 3 3 0 6 0 0 5 0 1 4 4 1 1 6 0 0 0 0 0 2 1 2 0 0 1 0 0 0
2 3 1 2 26 35 0 0 0 0 1 15 10 2698 1221 524 3107 850 538 133 106 215 361 50 42 31 443 688 5 5 16 25 55 1155 1401 2573 4627 1747 178 255 447 5 61 73 8 48 399 35 10 5 5 6 4 10 7 3 20 512 1453 1157 158 29 62 100 265 0 14 705 276 8 4 33 48 60 450 88 4 25 36 0 9 3 11 12 15 16 22 4 7 3 51 3 3 1 46 139 3 0 13 6 0 2 1 1 9 7 0 2 1 3 9 13 13 6 26 10 116 35 76 52 205 144 125 70 71 3 64 5 2 24 4 9 20 39 13 80 10 21 207 344 20 101 17 4 20 8 14 8 188 114 232 2 2 0 0 2 0 5 1 2 5 5 0 1 12 22 18 23 3 6 15 18 22 73 6 19 2 1 21 2 40 192 22 22 3 145 0 0 2 8 9 3 5 21 7 3 18 11 9 36
17 8 14 21 157 463 4 4 6 7 11 640 288 162 162 481 310 1989 4171 236 362 892 636 96 299 62 89 150 23 24 95 552 1981 2235 131 132 1747 13547 117 245 543 25 156 439 101 126 431 87 24 28 41 37 36 93 41 28 68 479 220 118 307 41 72 78 118 35 100 640 203 15 5 535 2734 657 810 163 113 204 378 8 53 17 111 104 114 155 200 18 19 24 252 27 16 9 154 1138 23 3 76 25 13 12 7 17 30 35 2 10 8 8 37 87 38 17 37 40 378 81 269 92 745 316 337 308 281 29 195 16 7 65 27 34 101 434 48 603 18 30 1204 1501 33 346 43 25 145 32 43 25 779 221 875 8 11 11 4 25 13 35 0 8 54 46 3 12 136 102 40 57 13 29 100 74 196 323 14 55 6 3 146 21 447 1734 225 181 21 1302 4 10 18 38 64 23 23 115 53 14 105 41 33 221
4 4 0 0 65 39 0 2 0 0 0 4 50 269 554 1375 34 11475 123 42 4 16 92 782 6 22 1095 1686 13 4 59 8 6 114 27 40 178 117 10343 45 927 97 740 6 18 604 48 143 64 2 15 1 3 1 0 29 21 133 35 37 6337 94 305 2812 4195 26 9 134 4010 21 9 9 17 7 274 972 2 0 6 1 34 2 3 5 1 2 5 11 31 12 178 54 9 7 161 157 0 0 4 13 0 1 0 1 4 5 0 2 0 0 0 3 1 58 467 13 21 105 7 806 19 460 15 1 3 1 5 39 11 130 5 3 10 2 2 7 12 0 12 53 581 10 527 0 2 19 256 254 45 2263 3 8 15 1 1 8 0 2 0 4 0 2 0 2 8 3 365 236 12 92 2 1 8 5 13 573 2 6 194 41 4 9 10 4 55 10 4 1 12 0 2 18 6 13 3 1 1 0 0 1
7 5 10 12 81 34 2 1 0 0 2 18 6 451 119 27 37 214 48 48 393 3287 2459 3494 2908 5160 4489 41 34 14 114 3 18 198 1287 273 255 245 45 9892 1414 237 522 49 9 96 2223 114 207 11 24 7 3 32 14 20 222 88 150 42 123 161 173 65 32 2 286 309 65 85 9 14 97 56 261 115 9 16 35 2 45 3 37 79 79 282 208 35 140 49 278 182 27 57 779 113 2 1 283 61 1 0 1 3 3 2 0 0 1 1 1 9 29 15 2 37 106 98 117 41 273 269 275 45 25 4 48 5 1 22 3 4 10 16 7 45 12 10 102 188 3 65 13 3 9 2 4 5 120 36 115 2 12 2 0 9 1 0 1 2 0 4 0 0 8 16 3 21 3 0 6 8 12 25 6 9 0 3 34 7 17 56 18 8 15 22 2 3 7 3 6 28 7 2 0 0 4 2 5 11
851 795 963 716 916 909 90 186 24 103 67 553 27 688 1675 1885 271 2989 300 419 1294 1199 8886 4609 492 1892 1289 362 125 448 910 161 111 303 101 51 447 543 927 1414 11252 3565 1090 93 70 1138 426 409 2390 65 2261 830 18 93 144 3123 236 127 12 9 1273 255 195 69 116 30 285 215 385 391 153 202 158 103 835 494 199 26 157 83 1460 75 513 364 1417 736 169 465 654 233 2166 2906 719 453 1345 751 62 26 182 174 12 6 20 40 11 63 3 5 7 30 47 54 4 2 26 8 17 26 17 47 61 101 44 27 29 2 15 5 0 24 4 6 54 103 4 58 1 4 67 85 26 24 29 5 15 6 33 10 39 143 52 27 31 2 0 37 19 8 40 54 8 15 0 4 51 10 41 39 20 24 23 17 74 11 41 77 21 37 136 38 244 160 17 22 49 285 29 16 108 5 10 87 16 46 60 7 15 5 8 11
7 4 2 0 10 3 2 1 0 1 0 4 3 9 24 95 6 382 24 8 5 67 1554 4103 40 182 129 33 2 2 14 3 1 2 3 2 5 25 97 237 3565 5751 2591 13 20 482 70 91 4201 10 89 4 0 0 2 52 15 6 0 1 495 56 48 9 19 7 20 8 87 67 31 4 14 6 16 102 2 0 4 0 94 3 4 3 2 11 6 56 132 46 604 594 46 94 669 18 2 0 9 5 0 0 0 0 0 0 0 0 0 0 0 0 1 0 2 0 4 7 0 6 3 17 5 1 0 0 0 1 0 2 0 0 1 0 0 2 0 0 1 5 6 0 4 0 0 2 12 0 5 21 1 3 9 0 1 8 0 0 2 7 0 0 0 0 0 1 9 12 3 2 0 0 1 0 6 25 5 2 34 6 1 4 2 0 6 4 1 2 11 0 0 10 2 0 0 0 0 0 1 1
13 3 6 4 112 77 2 0 1 2 3 36 47 77 91 49 18 2365 124 22 22 130 308 2249 87 119 802 72 34 16 106 23 19 69 88 66 61 156 740 522 1090 2591 6322 117 146 3608 404 266 2277 16 60 5 1 15 9 28 116 72 34 18 4845 400 2093 3431 1028 39 85 175 1848 190 55 35 112 31 225 612 30 5 51 2 149 8 15 18 13 57 26 69 205 91 4367 386 77 134 3779 206 11 1 47 55 1 0 0 0 5 2 0 1 0 0 0 0 4 4 29 6 14 35 26 76 54 109 41 3 3 0 6 23 2 18 6 5 3 7 0 8 2 1 13 36 58 7 68 1 4 20 122 14 52 426 14 22 45 0 2 42 1 2 0 14 0 0 0 0 3 2 117 100 32 46 1 3 5 8 49 216 11 14 375 83 10 23 5 6 85 20 12 9 41 0 1 78 22 6 4 0 1 0 0 5
2 1 0 1 7 17 0 0 5 2 6 74 9890 4 24 20 32 801 9696 125 47 145 68 32 39 11 15 7 5 6 15 9 52 35 6 4 73 439 6 49 93 13 117 11626 1750 760 74 32 26 273 11 36 2 1 1 2 11 10 6 2 68 26 45 23 18 383 10 33 56 20 7 554 986 3507 26 41 994 2859 5724 32 70 147 7 6 9 14 9 64 43 193 434 20 4 2 141 20 39 3 8 8 2 5 1 4 5 5 0 2 1 2 6 22 20 10 89 31 208 165 180 192 641 1008 429 70 49 6 70 7 1 27 5 11 28 58 12 85 8 20 364 504 46 127 37 1 25 16 68 61 627 370 214 5 14 1 2 33 5 5 5 12 4 3 0 1 14 31 57 58 18 66 8 14 17 80 29 105 7 8 306 61 67 271 187 12 47 226 5 11 18 6 5 67 26 18 9 1 13 10 8 19
0 3 5 3 14 10 4 7 137 6 22 49 5239 1 6 7 9 434 446 14 5 23 13 30 14 1 9 5 2 1 5 3 26 28 1 1 8 101 18 9 70 20 146 1750 13382 3256 22 88 33 6726 23 124 11 6 4 2 6 11 2 5 38 100 60 27 59 5900 7 38 178 49 47 332 187 781 42 49 2925 852 832 135 343 589 9 16 5 3 12 492 227 2174 3352 26 15 22 234 25 707 44 4 1 5 3 6 14 6 13 1 13 2 4 7 7 1 1 51 5 5 33 5 139 17 143 12 1 1 2 1 39 2 29 13 7 8 4 1 8 0 0 19 19 63 2 88 2 6 87 450 35 58 1588 4 65 199 8 3 282 10 13 22 58 1 2 0 1 1 5 365 237 128 562 5 6 9 0 328 574 27 43 3229 460 17 23 24 4 396 62 34 318 227 0 2 731 95 17 12 4 1 0 2 0
6 1 5 0 30 16 4 0 24 0 3 12 5604 45 82 72 15 4702 2727 39 11 27 54 1520 16 27 346 153 6 3 47 14 9 52 26 23 48 126 604 96 1138 482 3608 760 3256 9704 106 179 175 142 37 15 1 3 9 73 28 33 26 8 1747 197 387 722 547 2180 20 55 1040 108 45 52 132 459 95 231 133 55 145 14 173 25 5 10 4 5 10 103 155 486 2673 203 35 48 1087 68 101 5 9 16 2 12 4 2 23 15 0 7 1 2 6 20 12 59 1144 38 41 192 21 1065 117 1117 43 4 3 4 8 232 12 236 35 34 31 14 3 18 19 3 70 113 639 23 978 2 9 157 2227 593 236 7886 29 51 112 5 8 131 6 24 5 56 0 2 1 5 23 5 1699 999 166 914 6 23 54 12 160 2212 34 48 3071 529 17 52 145 21 560 62 30 49 108 3 0 226 109 47 18 5 6 1 2 8
14 6 12 24 131 68 3 2 1 2 1 33 20 276 77 20 29 169 27 15 197 774 539 800 2060 460 1306 69 61 22 283 7 39 310 1363 1038 399 431 48 2223 426 70 404 74 22 106 4350 107 117 6 31 14 8 56 20 19 495 103 1900 92 145 224 348 170 197 7 364 4186 235 90 14 17 103 67 449 109 13 29 41 1 27 4 54 88 82 319 2178 20 116 30 274 78 15 30 666 216 3 2 442 208 0 1 3 1 2 10 0 1 0 1 5 8 17 4 7 23 126 36 70 21 188 111 140 52 47 6 55 0 5 21 2 7 15 29 11 96 8 12 174 330 5 93 14 3 25 9 12 3 127 47 174 1 12 1 0 8 1 3 0 0 4 3 0 1 11 17 6 5 7 5 8 9 19 55 10 19 1 3 26 9 35 132 13 11 12 64 0 2 7 6 5 14 5 12 1 1 14 8 1 26
9 4 5 4 201 201 1 1 0 2 2 26 11 25 53 10 5 213 19 6 13 84 65 126 54 26 39 15 16 23 101 20 11 63 7 15 35 87 143 114 409 91 266 32 88 179 107 21333 434 100 45 14 1 11 2 22 63 110 15 7 538 8887 2138 105 315 30 64 104 2347 1073 1960 34 24 14 316 9038 13 1 15 5 1242 34 7 22 10 35 17 2321 4002 324 4547 210 160 169 1821 378 5 5 22 24 0 4 0 0 4 0 0 3 0 0 0 1 3 4 8 5 5 13 6 15 5 14 12 1 3 2 5 22 6 8 7 5 1 4 1 4 3 0 5 9 9 14 19 1 2 97 84 4 26 148 5 211 907 4 11 721 6 25 17 88 0 0 0 2 4 1 35 202 254 40 1 0 8 4 760 240 84 165 1103 240 7 12 11 1 708 24 130 251 602 0 0 1576 348 7 10 0 2 0 0 2
14 6 15 4 20 19 2 2 1 1 2 5 12 9 17 13 2 157 39 18 12 153 368 973 56 114 67 6 8 7 24 4 3 5 8 5 10 24 64 207 2390 4201 2277 26 33 175 117 434 10622 37 266 11 0 4 3 22 39 3 4 2 215 238 172 16 16 20 41 14 97 201 68 9 9 5 21 366 11 0 8 2 222 8 4 13 18 25 11 135 619 150 1309 4022 184 1733 5813 34 2 1 24 13 0 0 0 0 0 0 0 0 1 0 1 1 1 1 2 1 0 4 2 7 7 13 9 0 1 0 1 1 0 0 1 1 0 0 0 2 1 1 0 2 3 1 1 0 1 5 5 1 8 21 3 11 22 0 0 19 3 0 2 8 0 0 0 0 0 0 6 6 10 7 0 0 0 0 28 19 3 7 67 18 4 3 2 0 21 1 3 12 26 0 0 46 7 1 1 0 0 0 0 0
8 2 2 2 8 5 3 1 69 3 6 23 271 0 0 3 4 18 58 2 5 8 12 18 3 2 5 2 3 1 6 1 6 9 0 0 5 28 2 11 65 10 16 273 6726 142 6 100 37 9296 106 743 3 7 8 4 8 1 2 1 12 104 32 4 6 1979 5 9 46 50 73 125 36 690 15 57 1573 196 268 1034 1055 5061 12 2 3 6 2 1865 652 3607 1059 28 15 25 151 7 374 28 2 1 2 2 2 3 1 2 1 4 0 2 4 1 0 0 9 0 2 5 2 14 2 18 2 0 1 1 4 7 2 8 0 4 2 4 0 1 1 0 5 1 7 4 8 1 3 42 29 5 12 108 4 58 359 1 1 260 56 17 92 128 1 0 0 0 1 0 15 64 91 105 1 3 2 2 324 71 49 79 1303 208 4 7 6 1 392 23 90 636 486 0 1 1328 118 5 4 2 1 0 0 0
418 198 256 71 170 113 74 157 16 65 15 81 3 0 4 1 0 42 7 3 12 45 54 73 27 6 14 3 83 140 160 31 21 43 4 2 5 41 15 24 2261 89 60 11 23 37 31 45 266 106 11285 13155 23 67 248 442 57 37 2 2 49 32 18 2 1 54 115 38 23 797 28 57 15 78 192 58 86 8 41 611 5559 461 374 140 121 124 24 353 156 59 168 5240 10942 407 500 140 20 30 16 16 1 3 3 1 5 7 0 1 0 7 6 5 0 0 0 0 3 1 1 3 3 4 2 6 2 0 2 1 0 1 3 0 11 39 0 23 0 0 11 19 0 1 0 5 4 1 1 0 2 6 8 3 9 0 0 5 124 18 182 106 1 1 0 0 18 0 6 3 1 2 4 0 17 3 5 3 10 14 8 2 63 47 2 4 6 57 31 6 91 1 2 27 10 9 14 0 3 1 0 2
352 158 198 56 104 84 83 167 22 48 11 73 11 0 3 5 2 10 12 2 13 24 4 7 14 0 7 3 66 150 128 29 29 45 1 1 6 37 1 7 830 4 5 36 124 15 14 14 11 743 13155 22536 16 87 262 374 36 31 0 0 3 10 8 5 3 353 81 38 21 37 14 56 38 330 179 21 385 42 67 13329 4987 3193 407 80 90 76 21 997 159 104 66 880 1764 28 55 112 86 29 14 17 12 1 4 8 0 9 1 3 2 5 7 15 0 0 0 0 1 2 2 5 1 1 0 3 1 1 0 2 0 1 2 0 11 23 0 13 0 0 9 8 2 0 3 9 9 4 1 1 4 15 6 13 13 1 0 7 1392 247 2221 642 23 4 1 2 12 1 5 2 4 7 11 5 16 0 4 7 60 54 15 2 35 51 8 6 10 67 268 42 581 1 20 92 19 9 15 1 4 1 0 2
1086 123 222 52 143 67 719 539 252 313 33 105 7 1 0 1 1 1 2 0 13 14 4 1 12 0 3 1 1602 341 178 20 26 47 1 1 4 36 3 3 18 0 1 2 11 1 8 1 0 3 23 16 7124 5934 2643 11 93 23 2 1 1 0 3 1 6 1 73 39 3 0 0 52 21 22 204 5 75 14 31 6 6 4 638 366 45 17 34 1 0 1 5 4 3 0 6 81 135 6088 13 20 4 0 1 5 0 9 3 2 0 4 4 8 0 1 0 0 6 0 2 2 2 2 2 3 6 0 0 1 0 1 0 0 8 33 1 22 0 0 26 23 1 1 0 1 3 1 0 0 4 2 13 0 0 1 0 0 0 0 0 0 2 1 1 2 8 0 0 0 0 0 13 1 18 3 0 0 0 0 1 0 49 44 5 11 1 42 0 0 1 3 2 0 0 7 12 0 0 1 1 1
3267 642 884 282 722 386 1344 1259 147 462 59 298 5 4 1 2 0 8 4 1 34 55 17 13 57 3 15 3 14486 1961 1039 83 70 117 5 1 10 93 1 32 93 0 15 1 6 3 56 11 4 7 67 87 5934 11225 2664 65 900 96 1 1 6 20 19 5 14 4 1529 125 40 14 0 131 59 44 586 10 99 20 80 10 39 9 2607 5967 381 226 196 4 8 0 16 21 11 1 29 432 67 3230 66 164 12 2 14 26 4 27 2 1 6 12 30 44 0 0 0 1 5 0 5 4 13 3 5 22 16 1 9 0 0 2 4 4 31 88 1 60 0 1 41 64 1 9 1 3 12 0 0 0 14 2 24 2 0 1 0 1 1 2 2 1 5 9 0 3 50 3 0 1 1 0 18 9 68 10 0 0 1 0 3 2 166 176 5 20 0 214 1 0 2 5 10 0 1 31 39 1 15 7 1 9
707 131 213 47 146 101 352 391 73 169 15 86 2 1 2 1 0 5 3 0 23 13 6 5 14 1 4 1 932 234 158 27 34 69 0 0 7 41 0 14 144 2 9 1 4 9 20 2 3 8 248 262 2643 2664 13452 1358 96 38 4 0 6 5 4 3 5 2 71 64 10 5 0 32 23 17 218 4 42 17 35 28 87 21 4281 253 107 33 31 13 3 3 11 36 32 2 5 129 29 879 10 20 1 0 3 3 2 4 0 2 1 2 6 18 1 0 0 2 3 1 1 0 7 2 2 9 10 1 4 0 1 1 4 1 13 34 0 30 1 1 24 33 1 8 1 0 5 0 0 0 7 2 14 1 0 0 0 0 4 3 10 3 1 2 0 1 10 2 0 1 1 0 10 6 28 5 0 0 0 1 0 1 50 75 2 8 0 70 2 1 6 2 5 1 1 9 9 0 2 0 0 4
371 161 237 76 174 131 66 147 10 60 14 76 1 2 14 18 1 91 3 2 598 93 46 80 34 14 18 6 80 141 147 34 32 28 2 1 3 28 29 20 3123 52 28 2 2 73 19 22 22 4 442 374 11 65 1358 2135 60 26 0 2 57 8 3 4 8 5 144 42 19 13 6 47 21 13 159 22 40 5 30 47 121 18 4633 234 1684 296 31 22 15 7 102 169 68 7 31 154 12 26 24 22 4 1 7 9 1 7 0 0 2 3 11 7 0 1 0 1 3 0 0 1 2 4 1 7 7 0 2 0 1 1 3 0 16 23 0 15 1 0 10 13 1 0 0 1 5 0 2 0 3 8 12 1 1 0 0 2 11 7 14 4 2 3 0 3 18 0 2 3 4 2 10 2 26 4 1 6 0 0 5 0 73 45 3 5 3 80 1 0 10 2 3 5 2 11 17 1 2 2 0 2
234 154 162 302 1740 636 29 27 6 31 36 263 3 7 4 1 1 40 3 1 112 250 106 62 494 22 88 14 4013 5338 6281 79 28 45 36 4 20 68 21 222 236 15 116 11 6 28 495 63 39 8 57 36 93 900 96 60 9329 24 4 1 31 144 171 53 62 1 4779 634 125 46 5 73 30 25 791 73 45 8 34 8 45 2 332 1174 215 983 2681 23 65 16 152 71 26 16 274 1378 16 73 3064 3777 5 2 9 9 0 14 3 6 0 7 14 24 0 1 1 3 13 3 11 3 22 7 12 10 11 0 8 0 0 2 2 3 14 27 2 22 0 2 24 61 1 9 4 2 3 2 2 0 13 12 32 0 6 1 0 6 1 1 0 1 4 4 1 0 15 3 2 4 1 0 7 4 24 7 4 6 0 1 12 0 73 46 4 7 10 70 2 2 6 4 1 10 4 12 14 2 5 4 2 11
7 10 18 6 42 191 4 0 2 2 6 478 17 421 83 92 9 92 4 1 85 142 34 29 48 4 191 485 34 7 45 1895 659 4223 295 257 512 479 133 88 127 6 72 10 11 33 103 110 3 1 37 31 23 96 38 26 24 4933 1443 1064 84 95 79 125 361 5 70 1971 564 17 9 296 124 35 8405 182 37 26 130 6 35 6 142 135 79 70 34 5 13 4 59 22 7 4 59 2871 12 0 17 15 3 2 8 10 5 15 0 11 1 3 11 29 1 1 9 1 20 15 4 26 28 19 9 22 40 2 18 5 0 4 10 1 30 100 3 100 1 1 79 126 7 19 7 5 22 2 12 3 26 65 62 4 4 4 1 11 1 5 5 3 11 17 0 2 63 4 13 18 3 4 33 13 78 18 7 21 3 0 44 9 155 235 14 24 12 200 2 1 6 9 26 10 4 39 30 5 23 4 2 21
0 0 0 0 14 4 0 0 0 0 0 0 1 1247 43 22 5 48 3 1 8 30 11 16 2 4 280 169 8 4 13 2 2 1452 1511 1663 1453 220 35 150 12 0 34 6 2 26 1900 15 4 2 2 0 2 1 4 0 4 1443 3598 3635 27 19 61 70 130 0 2 1208 125 2 1 0 4 5 418 15 0 1 2 1 3 0 1 1 1 2 3 2 4 0 22 2 0 1 32 41 0 0 1 6 0 1 0 0 0 0 0 0 0 1 0 1 1 1 0 3 13 6 15 3 25 24 39 8 8 0 9 0 0 8 0 1 0 7 1 13 3 2 25 46 1 11 0 0 2 4 2 1 17 14 22 0 0 0 0 1 0 0 0 0 1 1 0 0 4 7 5 4 1 0 1 2 1 7 1 3 1 1 6 1 6 16 2 1 1 6 0 0 3 0 1 3 3 2 0 0 0 0 0 4
0 0 0 2 3 5 0 0 0 0 0 0 2 655 48 25 4 29 2 0 7 6 4 7 4 0 121 154 1 1 4 5 5 4762 392 1060 1157 118 37 42 9 1 18 2 5 8 92 7 2 1 2 0 1 1 0 2 1 1064 3635 2306 7 7 15 37 81 0 1 745 68 1 0 1 4 1 325 7 0 2 1 0 2 1 3 1 2 4 3 0 3 0 6 0 0 0 8 11 0 0 4 0 0 0 0 0 0 0 0 0 0 0 0 0 1 0 0 0 1 1 1 5 4 5 4 0 1 0 1 0 0 2 0 0 0 5 0 4 1 1 8 19 0 3 2 1 4 0 1 0 4 4 15 0 0 0 0 0 0 0 0 0 0 2 0 0 1 1 1 2 0 0 0 3 3 2 3 4 0 0 1 2 4 11 0 4 0 5 0 0 0 0 2 1 0 1 0 0 0 1 0 1
6 3 5 2 95 109 1 1 0 2 0 23 16 55 179 131 39 7305 96 108 9 31 54 1404 22 31 307 37 20 13 65 20 32 87 32 38 158 307 6337 123 1273 495 4845 68 38 1747 145 538 215 12 49 3 1 6 6 57 31 84 27 7 14215 278 591 1338 1111 26 35 132 3805 93 52 33 78 14 249 7751 4 1 35 1 121 6 14 11 5 19 20 58 132 40 1666 199 30 33 1324 249 0 0 12 33 0 4 0 0 5 3 1 2 1 1 1 5 4 11 75 8 12 39 6 95 40 139 23 2 4 2 4 42 4 43 11 18 6 13 1 17 3 0 23 36 77 11 127 1 4 40 415 35 60 919 15 17 45 1 1 63 4 12 0 19 1 2 1 2 5 3 254 207 54 75 4 4 18 3 72 415 12 13 677 145 9 33 10 11 133 27 19 6 38 0 1 88 41 20 4 1 2 1 1 2
16 1 4 3 260 161 2 4 1 1 2 25 9 31 36 6 5 141 23 10 15 89 82 159 61 34 66 15 60 22 245 26 10 40 21 14 29 41 94 161 255 56 400 26 100 197 224 8887 238 104 32 10 0 20 5 8 144 95 19 7 278 23659 10690 333 297 28 87 237 2973 6619 3733 20 31 19 353 1860 9 2 22 9 1531 56 9 32 12 43 37 762 1438 397 2301 149 273 250 3894 384 4 5 38 91 1 1 0 0 2 1 0 4 0 0 0 0 2 0 4 3 6 14 6 12 12 29 17 2 1 3 4 12 5 6 2 3 1 3 0 5 3 2 10 11 7 6 15 0 8 67 36 1 15 93 13 213 873 5 10 428 14 23 21 167 0 1 0 1 2 1 30 136 200 22 2 2 4 2 562 117 125 239 708 122 3 11 9 2 568 17 170 215 820 1 1 1467 348 5 3 0 0 1 1 0
20 1 1 8 210 92 4 0 2 2 1 15 15 73 60 8 12 144 28 8 9 80 64 294 69 44 252 45 56 34 230 11 16 64 45 74 62 72 305 173 195 48 2093 45 60 387 348 2138 172 32 18 8 3 19 4 3 171 79 61 15 591 10690 20257 5177 2517 17 98 304 9137 989 182 19 40 10 293 896 11 2 12 2 203 13 12 28 10 38 33 111 522 166 2737 117 86 156 5081 295 10 3 58 80 0 2 1 0 6 1 0 2 0 1 0 1 1 0 7 7 8 14 13 21 38 61 28 6 2 3 2 9 2 6 4 3 3 2 0 8 1 1 14 23 13 7 23 0 2 44 57 3 23 122 15 39 197 1 3 251 0 6 4 26 0 0 0 0 2 2 43 94 75 29 0 0 3 6 235 156 17 37 510 125 2 6 0 1 250 15 13 61 85 0 0 334 91 3 1 0 0 0 1 0
7 0 1 3 92 64 1 0 1 0 0 15 26 153 172 53 11 2239 68 11 10 14 15 252 6 3 1124 857 20 18 90 10 7 99 74 78 100 78 2812 65 69 9 3431 23 27 722 170 105 16 4 2 5 1 5 3 4 53 125 70 37 1338 333 5177 6857 7709 9 26 234 3180 49 11 5 26 8 300 146 5 0 12 0 36 3 2 6 5 6 8 11 45 19 524 8 6 6 1235 191 2 1 12 35 0 1 0 0 0 0 0 0 0 1 0 0 2 6 57 7 8 32 17 161 35 96 34 5 1 0 5 16 2 21 5 2 3 2 1 6 3 3 19 21 111 3 93 0 0 7 82 27 17 475 13 6 13 0 1 14 1 2 1 9 0 1 1 0 1 3 119 62 8 12 0 1 3 3 11 142 2 5 161 30 6 4 2 2 33 8 2 7 12 0 0 27 5 5 1 1 1 0 0 1
13 2 2 2 344 197 5 1 0 2 2 16 18 418 635 95 20 1282 45 11 13 20 12 201 5 2 1121 1104 38 34 229 22 13 292 84 96 265 118 4195 32 116 19 1028 18 59 547 197 315 16 6 1 3 6 14 5 8 62 361 130 81 1111 297 2517 7709 5883 14 28 507 8950 60 27 14 16 16 1000 375 13 0 3 4 57 1 10 17 11 12 24 25 51 12 280 21 14 6 201 607 6 2 12 60 1 2 0 0 3 2 0 2 0 0 1 4 2 13 59 7 9 33 14 163 38 132 14 4 3 0 4 21 1 35 4 6 2 4 1 6 4 1 14 35 109 9 119 3 2 20 206 34 29 619 12 16 35 1 1 33 1 2 2 13 0 0 0 0 2 3 180 141 29 46 0 7 8 5 47 323 9 8 476 111 7 7 6 4 83 18 10 2 33 1 0 60 32 13 3 0 1 0 2 3
5 2 4 1 5 3 3 2 32 1 6 9 3443 2 3 6 1 542 397 5 2 4 3 10 1 3 2 10 0 3 1 2 4 11 0 1 0 35 26 2 30 7 39 383 5900 2180 7 30 20 1979 54 353 1 4 2 5 1 5 0 0 26 28 17 9 14 1569 4 5 43 15 10 62 60 714 11 26 794 401 135 384 217 664 4 5 2 3 1 224 85 417 980 13 12 6 68 5 136 9 1 0 0 0 0 3 2 2 0 2 1 0 1 2 0 0 102 1 2 15 5 77 9 138 5 0 2 2 0 4 2 4 1 4 1 2 0 2 2 0 9 6 18 6 24 0 0 19 96 71 24 505 0 12 38 0 2 48 13 1 19 26 0 0 0 0 1 0 57 43 12 268 0 0 1 0 62 74 6 10 433 59 5 6 110 1 97 9 14 47 43 0 0 182 19 2 5 0 1 0 0 0
765 733 767 651 1206 906 54 164 19 99 81 498 11 7 4 6 6 26 7 3 122 371 160 50 744 37 49 10 3433 1667 1739 111 66 84 20 3 14 100 9 286 285 20 85 10 7 20 364 64 41 5 115 81 73 1529 71 144 4779 70 2 1 35 87 98 26 28 4 8407 320 57 43 8 162 45 49 613 48 122 13 98 7 70 11 805 9634 720 2867 1647 13 43 22 108 78 33 17 194 978 47 33 1252 946 19 9 16 45 12 48 5 3 9 26 38 54 0 0 1 2 15 2 8 6 26 3 11 12 30 0 7 1 0 1 10 8 52 72 1 38 3 2 39 72 0 11 1 1 10 2 2 1 18 9 50 1 2 1 0 1 5 4 3 2 6 18 0 2 31 3 2 0 1 4 20 8 44 12 7 3 2 2 11 2 208 126 12 15 6 205 2 4 5 3 15 10 1 35 54 4 15 5 1 6
27 18 14 33 399 132 4 6 1 3 7 37 32 404 69 38 11 105 10 7 162 448 73 94 285 16 470 353 162 70 776 8 33 1496 696 534 705 640 134 309 215 8 175 33 38 55 4186 104 14 9 38 38 39 125 64 42 634 1971 1208 745 132 237 304 234 507 5 320 6068 574 64 19 23 175 97 5810 81 18 34 50 1 45 12 133 154 107 299 986 11 52 16 170 40 13 14 252 853 3 4 403 910 4 3 3 4 4 11 1 0 0 1 4 15 6 1 0 8 112 3 35 17 80 25 44 60 50 4 52 2 1 9 7 5 20 65 8 165 2 5 198 462 5 56 6 5 24 2 5 5 100 52 197 3 5 1 0 3 6 7 1 2 10 17 1 1 31 15 10 18 7 3 22 6 32 59 9 23 3 2 43 13 51 200 25 40 7 96 2 8 7 5 19 13 4 19 2 1 19 11 6 17
21 1 3 11 679 543 1 0 5 4 6 75 44 296 694 101 53 1335 37 47 20 45 28 234 26 11 243 183 73 74 398 57 26 361 50 66 276 203 4010 65 385 87 1848 56 178 1040 235 2347 97 46 23 21 3 40 10 19 125 564 125 68 3805 2973 9137 3180 8950 43 57 574 11287 523 174 39 32 39 1627 4034 49 7 30 10 426 37 22 30 15 32 42 151 347 113 2663 81 81 63 2074 1282 19 9 27 104 3 8 1 0 4 6 0 8 0 0 3 2 3 7 29 10 14 37 5 80 40 78 25 3 7 0 6 73 2 27 15 18 12 8 1 15 7 2 25 39 48 18 144 1 9 131 432 15 44 922 24 100 231 4 7 363 9 12 3 111 0 0 0 0 11 2 322 409 148 129 2 6 13 9 414 870 56 90 2084 501 14 35 18 13 432 64 34 81 166 1 1 503 168 20 9 1 1 0 1 7
38 17 32 7 67 43 4 9 2 5 2 12 9 5 6 6 1 40 11 6 10 47 47 120 34 28 25 5 16 24 71 7 4 14 11 2 8 15 21 85 391 67 190 20 49 108 90 1073 201 50 797 37 0 14 5 13 46 17 2 1 93 6619 989 49 60 15 43 64 523 6433 2203 12 11 10 81 326 11 0 11 7 913 78 14 19 18 32 17 1080 1027 262 745 1017 1843 5533 5023 93 3 7 15 34 0 0 1 1 0 0 0 2 0 1 0 1 0 1 2 1 2 5 2 9 4 7 3 1 0 3 1 6 2 4 2 2 1 2 0 2 0 1 1 4 5 2 7 0 5 24 11 1 6 20 3 179 333 1 6 98 35 37 146 436 0 1 0 0 1 0 13 24 66 10 0 1 3 1 100 30 166 291 169 34 4 6 6 0 101 14 196 92 908 1 1 663 154 3 7 0 0 0 0 0
3 2 8 1 24 10 1 0 0 0 0 4 8 1 5 1 1 25 2 2 1 12 15 32 2 6 6 0 2 2 14 2 1 7 1 0 4 5 9 9 153 31 55 7 47 45 14 1960 68 73 28 14 0 0 0 6 5 9 1 0 52 3733 182 11 27 10 8 19 174 2203 8044 1 7 11 21 466 13 0 2 6 5685 60 1 0 4 5 5 2238 1820 314 793 112 387 415 703 42 0 0 6 3 0 0 0 0 0 1 0 2 0 0 0 0 1 0 0 2 0 1 0 6 0 2 1 0 1 2 2 4 0 0 1 0 0 0 0 0 0 0 0 0 3 3 2 1 6 20 12 1 1 17 2 158 268 4 3 63 24 30 53 306 2 0 0 0 2 0 7 16 40 6 1 0 2 0 77 23 139 235 141 18 2 2 2 1 76 7 127 59 772 0 0 491 151 3 2 0 0 0 0 1
48 102 114 95 217 605 22 21 193 391 915 2958 325 1 3 13 5 124 194 9 216 253 47 5 54 3 13 1 121 57 115 613 3284 955 0 2 33 535 9 14 202 4 35 554 332 52 17 34 9 125 57 56 52 131 32 47 73 296 0 1 33 20 19 5 14 62 162 23 39 12 1 4357 2519 1524 368 33 5174 1121 10446 28 62 72 183 235 151 105 28 29 21 40 105 23 7 2 50 1068 1611 126 30 10 156 69 227 392 87 491 39 63 97 243 427 412 1 1 7 4 42 2 28 24 83 23 43 146 113 7 28 1 0 5 69 14 366 621 10 247 4 1 224 303 4 33 11 46 111 7 21 3 115 52 96 2 5 5 0 13 26 42 7 14 47 92 10 21 211 4 7 11 3 5 159 112 277 27 9 12 22 2 58 6 1430 822 148 41 10 1742 2 3 8 55 111 13 6 264 562 36 91 17 19 39
