28775 9688 2910 2505 748 166 6773 16020 116 1054 75 238 0 6 12 2 2 3 4 1 72 31 5 6 8 1 5 10 7929 6669 286 46 31 11 2 4 11 12 5 3 396 4 6 2 0 2 7 1 4 5 50 80 331 1353 43 77 105 3 7 3 2 1 8 6 12 0 300 15 13 9 3 9 3 30 68 3 11 0 1 3 23 2 810 562 883 127 8 9 6 0 3 97 23 12 8 96 33 1503 35 11 1 1 1 4 3 6 0 1 8 8 13 7 0 0 0 0 0 1 2 1 3 2 1 1 0 0 1 0 1 0 1 0 5 14 1 30 0 0 13 1 1 1 0 1 6 0 0 0 2 0 0 0 0 0 0 1 7 0 5 4 0 3 0 1 11 0 0 1 0 0 5 3 0 0 0 0 1 0 0 0 8 13 12 0 0 4 0 0 1 0 0 0 1 2 3 1 4 2 0 0
9688 3383 9584 5694 1998 697 890 2455 78 414 87 1198 0 8 13 10 8 7 3 3 181 83 3 4 13 2 6 15 1363 4444 311 84 50 20 0 3 13 6 2 5 520 1 3 1 1 2 17 1 7 1 27 62 120 555 38 82 106 6 10 2 4 6 20 9 18 0 389 19 35 5 0 16 5 26 68 5 12 1 1 1 25 2 556 496 1082 192 18 10 8 0 0 61 12 11 13 126 46 474 63 17 4 4 1 14 18 40 1 5 5 40 53 57 0 0 1 0 2 2 1 5 8 2 0 7 0 0 5 0 0 0 9 0 22 78 2 138 0 0 15 8 0 1 2 1 19 0 0 0 2 3 4 1 0 0 0 0 2 2 1 1 5 7 0 5 42 1 1 0 0 1 18 5 0 1 0 0 0 1 0 0 44 34 10 0 0 36 1 0 1 3 11 0 0 7 17 5 13 0 1 0
2910 9584 12789 2405 32 881 246 6685 282 4716 546 5869 0 10 22 2 5 3 4 3 115 50 4 1 9 0 6 10 230 63 36 46 45 11 0 0 6 2 4 1 402 2 2 0 0 0 10 0 8 1 31 51 109 434 18 69 33 7 6 3 1 3 7 5 16 0 328 13 18 7 2 18 3 39 51 2 41 1 0 4 21 1 449 449 804 119 13 6 8 1 5 60 8 7 10 135 100 267 35 4 1 4 6 23 12 51 1 10 12 45 74 70 0 0 0 0 3 3 1 4 1 1 1 6 1 0 3 0 0 0 9 0 21 97 1 140 0 0 15 8 1 1 0 1 9 0 1 0 7 4 2 0 0 0 0 0 1 1 3 2 2 7 0 5 42 0 0 0 0 1 16 9 0 1 0 0 0 0 0 0 54 30 19 0 0 45 0 0 0 5 4 0 0 7 16 4 12 1 0 0
2505 5694 2405 10022 4245 6092 751 1654 247 2252 524 9301 1 14 44 7 18 3 7 6 285 168 6 5 24 1 11 18 1043 1473 516 120 63 22 1 5 24 18 7 4 694 4 6 3 1 0 22 2 11 1 41 59 137 516 38 91 119 12 12 3 7 6 11 9 32 1 471 41 30 6 0 53 4 67 126 5 48 0 2 2 19 1 534 551 1418 274 8 10 6 1 2 77 13 7 17 204 132 427 93 16 11 2 10 53 46 159 3 21 20 112 226 154 1 1 1 0 5 3 1 17 14 3 3 12 4 3 1 0 1 0 16 1 48 232 4 348 0 0 58 21 2 5 1 5 53 1 1 1 20 14 1 0 0 5 0 0 0 3 2 2 8 19 0 16 117 0 0 0 0 2 32 18 2 1 0 0 0 0 2 0 142 90 27 1 0 108 0 0 1 8 18 0 0 21 46 8 35 2 2 3
748 1998 32 4245 11303 7579 941 314 34 67 29 1946 1 29 68 19 25 26 55 26 155 139 10 2 18 0 5 12 2768 5481 5358 942 144 97 1 7 73 168 10 1 355 5 9 13 1 13 19 2 7 0 25 40 163 808 19 59 1473 27 8 9 12 6 5 10 17 2 469 35 42 4 7 60 61 34 158 10 12 3 4 4 11 1 443 406 779 173 12 11 4 3 9 39 10 6 14 2486 38 652 76 31 2 0 0 12 8 19 0 1 3 32 35 20 1 1 3 0 3 3 4 3 3 2 5 5 3 0 2 0 1 1 4 0 11 67 0 97 0 0 21 6 2 1 0 2 10 2 0 0 9 5 1 0 0 0 0 0 3 4 4 1 3 5 0 7 23 0 0 1 1 0 12 1 0 0 0 1 1 0 2 0 35 28 14 1 0 25 0 0 3 0 7 3 1 2 10 2 3 0 0 1
166 697 881 6092 7579 12403 408 494 181 2155 915 13295 3 14 55 11 25 17 63 24 209 137 12 2 14 0 6 17 659 411 619 3408 195 78 1 2 93 231 13 5 488 2 8 18 8 10 16 1 4 4 13 38 104 472 13 49 127 43 9 10 18 2 7 5 26 2 430 25 34 4 3 162 55 106 165 8 43 3 13 2 11 2 313 403 822 186 14 4 8 3 12 32 6 4 7 724 180 334 84 19 17 10 12 75 63 199 6 24 27 150 288 232 0 0 2 2 7 12 4 18 10 17 9 24 5 6 5 0 1 3 34 0 85 349 5 455 2 0 68 31 1 2 0 12 66 0 0 1 9 27 7 1 0 2 0 1 4 4 1 1 9 21 2 26 144 0 3 2 0 0 49 18 3 1 0 2 1 0 8 0 218 114 37 0 1 154 0 0 2 10 25 2 0 17 54 11 41 2 1 0
6773 890 246 751 941 408 16221 11950 3204 2226 478 666 0 15 23 5 6 1 6 6 20 34 5 0 1 0 5 9 6969 2274 495 72 44 11 0 3 18 8 7 0 127 0 0 1 2 0 1 0 5 3 31 51 464 1571 35 37 107 7 7 5 3 1 3 3 14 1 143 15 17 6 4 29 5 29 66 4 53 2 3 7 20 2 571 300 264 33 4 6 7 1 3 49 12 4 3 124 152 8865 23 4 3 0 0 3 4 27 0 3 8 13 32 12 0 0 0 0 0 2 1 1 0 0 2 2 2 2 0 0 0 0 3 0 6 24 0 44 0 0 16 2 0 0 0 2 8 0 0 0 6 1 0 0 0 0 0 0 2 2 0 2 2 3 0 2 4 0 0 1 0 0 4 3 0 1 0 1 1 0 2 0 23 13 16 0 0 18 1 0 0 1 2 0 0 1 11 0 9 0 0 0
16020 2455 6685 1654 314 494 11950 33581 4410 26151 2168 2225 0 11 14 11 1 3 4 3 135 32 3 4 17 0 8 25 1368 990 105 55 77 32 3 3 10 13 6 6 732 3 8 0 4 0 19 0 15 5 90 165 638 2177 98 166 54 16 5 5 5 16 8 8 26 2 525 24 15 15 11 35 5 75 77 3 202 2 7 9 45 4 1595 1170 1710 197 13 13 16 1 9 159 48 16 25 136 185 2756 49 17 2 0 3 16 9 55 0 6 26 43 64 58 0 0 1 0 0 5 2 4 1 1 4 6 2 0 1 0 0 1 4 1 19 82 3 136 0 0 27 5 0 1 0 0 21 1 0 0 3 3 0 3 0 0 0 0 6 2 3 6 4 7 0 9 32 0 0 0 0 0 16 3 0 0 0 1 1 1 2 0 49 46 29 1 0 37 1 0 4 4 6 1 0 3 15 0 19 2 0 0
116 78 282 247 34 181 3204 4410 5372 5708 505 1411 10 2 4 1 1 3 4 1 7 14 8 0 0 1 2 0 73 44 11 90 149 41 1 0 2 14 1 0 52 0 0 8 76 8 3 0 2 80 2 37 120 177 10 9 7 6 0 1 1 3 2 1 1 21 28 0 1 0 1 556 45 86 30 0 821 33 81 9 5 45 84 50 70 9 2 41 18 26 16 11 5 1 2 48 4271 2046 3 1 2 2 4 11 3 56 1 5 11 39 43 62 0 0 0 0 2 1 1 1 2 2 2 2 2 0 0 0 0 0 6 0 11 42 0 44 0 0 10 1 0 1 0 2 5 0 2 0 1 1 1 1 1 1 0 0 0 2 0 5 0 3 0 3 10 0 0 0 0 2 4 0 1 0 0 0 0 0 4 2 31 5 14 0 1 26 1 0 1 1 2 1 0 4 11 2 3 3 0 0
1054 414 4716 2252 67 2155 2226 26151 5708 27863 13903 19967 6 3 4 2 3 0 7 4 60 20 7 1 4 0 0 10 259 61 30 148 123 26 1 0 8 3 4 2 359 4 2 10 28 8 8 0 1 33 42 69 293 877 47 68 19 8 2 2 4 4 4 3 5 16 237 11 20 9 2 734 15 183 75 3 2809 26 96 13 39 20 664 502 715 97 5 19 19 9 21 78 20 6 14 130 4447 1693 19 5 25 13 26 121 54 370 11 52 86 316 517 362 0 0 0 0 2 11 1 18 8 10 5 12 5 3 2 0 0 1 25 2 80 284 1 384 0 0 48 21 0 3 0 7 62 1 0 0 10 15 3 0 0 0 0 0 2 3 1 1 10 28 1 23 128 0 0 1 0 0 42 25 1 1 0 1 3 2 5 0 248 85 54 1 0 197 0 1 2 8 13 1 1 17 94 9 34 10 1 1
75 87 546 524 29 915 478 2168 505 13903 7481 6982 1 0 5 3 2 1 7 2 19 11 0 1 0 0 0 2 65 16 17 41 54 9 0 0 6 4 0 0 105 1 1 8 10 5 4 0 0 8 16 20 64 203 6 29 18 9 0 1 0 1 0 2 1 2 72 1 4 0 0 273 3 39 20 1 866 14 39 1 7 5 128 97 152 23 4 6 3 2 1 18 3 0 3 56 1012 359 9 0 6 3 6 34 16 82 2 7 14 74 112 80 0 0 0 0 3 1 1 5 2 0 1 3 0 2 0 0 0 0 7 0 25 106 2 122 0 0 12 6 0 1 0 2 20 1 1 0 2 4 1 0 0 0 0 1 2 4 2 1 3 8 0 7 47 0 0 0 0 0 14 3 1 1 0 0 0 0 0 0 61 34 12 0 0 54 0 0 1 5 2 0 0 9 27 9 17 1 1 0
238 1198 5869 9301 1946 13295 666 2225 1411 19967 6982 23923 31 15 56 22 41 29 180 46 300 224 31 6 24 1 7 20 708 281 402 5996 2870 576 3 10 167 526 15 11 660 3 10 81 32 45 15 2 5 33 26 54 195 695 36 77 204 464 18 11 51 11 14 5 21 4 688 25 37 8 8 2027 314 391 785 21 1105 42 204 5 14 16 479 519 1097 205 21 11 15 23 37 51 20 5 11 3141 3919 941 105 19 59 37 64 333 211 847 21 135 111 713 1231 893 1 1 4 2 25 22 13 55 49 37 22 69 14 14 13 2 1 2 139 3 323 1283 15 1847 1 1 236 92 5 12 1 35 232 3 8 4 50 65 10 1 1 6 0 0 8 18 3 2 36 101 2 106 542 2 4 2 0 0 198 95 17 2 1 7 2 1 14 1 875 430 149 7 1 675 2 3 0 45 65 4 1 122 247 44 175 16 5 6
0 0 0 1 1 3 0 0 10 6 1 31 2905 0 0 8 1 483 4338 18 1 0 0 2 1 0 3 8 1 0 2 6 29 3 0 0 6 101 2 0 2 0 4 4373 2940 1379 1 4 0 184 3 19 2 1 0 0 0 0 0 1 22 2 5 2 7 1685 0 0 8 2 3 164 195 983 3 8 603 118 367 9 5 36 0 0 0 0 0 20 38 114 389 3 0 0 4 16 225 1 0 0 0 1 0 0 0 0 0 1 0 0 1 1 2 44 385 4 0 64 1 945 4 664 8 0 0 1 1 12 1 81 1 1 1 1 0 5 1 0 3 1 151 2 58 0 5 5 112 6 24 1403 1 5 2 1 0 6 0 1 0 2 0 0 0 1 0 0 34 35 7 258 0 2 3 1 10 45 1 2 102 18 1 3 154 0 13 3 1 12 4 0 0 28 4 1 2 1 1 0 0 0
6 8 10 14 29 14 15 11 2 3 0 15 0 16257 7585 872 596 91 59 52 17 21 172 85 15 6 3608 506 672 25 147 1 17 31 6583 8813 470 17 49 532 618 11 60 0 0 0 997 1 14 0 1 3 38 214 5 8 653 22 1722 161 3 3 13 39 133 0 864 445 78 5 1 0 3 17 347 4 0 0 0 0 2 0 77 111 97 76 12 0 3 0 4 8 2 4 11 52 3 45 252 73 0 0 0 0 0 0 0 0 0 1 0 0 10 4 4 17 2 95 12 58 20 142 35 4 0 3 1 0 6 7 0 0 0 0 0 4 7 0 5 14 0 12 0 0 5 1 2 0 11 11 3 2 0 0 0 0 0 0 0 0 1 0 0 0 0 2 1 1 0 0 0 0 0 1 0 4 0 0 1 0 1 1 9 0 1 3 0 1 0 1 0 0 0 0 0 0 3 1 0 0
12 13 22 44 68 55 23 14 4 4 5 56 0 7585 10341 5250 3525 568 435 1258 45 52 418 160 35 35 2374 820 845 74 315 9 85 88 2555 1751 1013 122 193 599 1331 46 118 2 0 4 991 3 24 2 3 12 50 257 3 6 862 170 1905 164 35 19 29 64 171 3 793 982 122 24 6 3 5 45 1436 24 1 0 0 2 3 2 117 131 129 108 19 5 21 3 14 41 6 15 70 336 4 70 267 120 0 0 0 2 3 2 0 3 1 2 0 0 32 13 11 50 9 89 32 62 77 199 84 12 6 10 20 6 33 20 2 1 1 4 2 33 21 0 24 45 2 86 4 2 11 7 0 0 93 29 18 1 1 0 0 1 1 1 0 0 0 3 0 0 2 7 9 10 2 2 5 2 0 1 0 9 0 2 8 3 3 16 34 2 3 23 1 1 2 1 3 2 3 2 11 1 6 2 1 3
2 10 2 7 19 11 5 11 1 2 3 22 8 872 5250 10984 44 4218 591 1132 21 29 357 251 26 27 1490 2427 339 16 115 2 36 32 355 553 147 23 418 161 1543 175 292 7 1 21 360 11 103 2 2 8 22 118 6 9 366 35 712 57 64 37 26 52 127 3 357 313 195 59 15 5 7 97 343 79 5 2 1 0 6 0 56 59 61 29 16 8 55 6 76 100 3 44 133 93 3 19 102 40 2 1 0 1 1 2 0 0 0 3 2 0 57 124 143 68 7 337 20 711 84 979 56 4 3 8 13 32 35 273 1 1 3 6 1 13 27 3 16 25 125 58 37 2 19 7 22 8 117 260 13 5 6 0 0 3 0 0 2 0 0 1 0 0 1 10 11 19 4 11 4 6 6 2 7 45 1 0 49 7 7 5 136 1 13 13 0 2 2 1 0 12 3 2 6 0 4 1 3 1
2 8 5 18 25 25 6 1 1 3 2 41 1 596 3525 44 4935 46 2140 2358 18 24 87 34 6 7 53 27 167 16 95 6 66 32 59 399 1741 442 11 144 161 4 29 4 0 3 311 2 0 0 1 5 9 54 3 5 174 102 242 47 5 0 7 20 14 0 80 255 7 3 0 6 4 86 629 2 1 0 4 0 0 0 25 27 42 7 9 0 0 0 3 0 0 0 7 158 2 25 19 14 0 0 1 1 3 1 0 2 1 4 3 0 27 5 5 25 10 28 39 12 87 67 70 23 11 10 23 4 33 13 3 1 3 6 2 38 10 1 37 52 2 95 1 0 31 5 1 1 122 21 31 2 1 0 0 0 0 1 0 0 1 1 0 0 5 4 1 7 1 1 5 5 1 1 0 5 1 0 4 1 11 32 37 2 2 41 0 0 1 2 6 0 4 1 23 1 15 3 4 11
3 7 3 3 26 17 1 3 3 0 1 29 483 91 568 4218 46 8363 2953 88 15 34 243 451 16 19 2211 677 88 9 37 13 103 34 109 107 275 187 4223 95 1400 213 398 151 12 1675 202 12 63 6 1 3 6 32 1 1 93 77 132 15 5130 34 46 317 404 134 67 121 723 31 14 32 89 614 353 276 22 5 24 0 13 1 11 25 27 7 5 2 42 6 115 78 3 34 128 137 7 7 18 7 2 2 0 1 3 2 0 4 1 4 8 0 40 588 1237 100 16 973 44 3690 106 3067 91 11 7 24 15 111 47 1112 10 1 6 14 7 64 40 7 57 43 1196 94 549 2 49 51 243 54 247 2588 21 42 27 1 1 2 0 0 1 2 3 7 0 1 15 18 43 172 32 204 13 9 16 8 25 238 4 11 153 27 12 24 416 8 33 34 5 3 3 5 3 58 13 6 27 1 15 2 2 8
4 3 4 7 55 63 6 4 4 7 7 180 4338 59 435 591 2140 2953 66110 8538 41 136 260 355 48 31 1085 131 75 27 56 55 373 137 63 22 2430 4848 108 215 706 128 307 11691 405 4480 491 20 72 121 2 1 5 29 3 2 63 133 97 20 867 32 46 126 112 334 36 104 93 23 16 259 778 8806 589 96 220 756 278 5 22 16 23 13 48 18 24 23 86 103 760 73 2 23 118 418 71 11 18 3 3 7 3 8 11 10 2 15 2 16 14 5 412 723 1582 594 82 2921 287 7098 859 9021 884 107 25 116 167 159 361 1323 14 15 30 39 7 216 211 20 253 417 912 728 339 7 173 103 204 84 1146 2850 186 49 31 11 5 21 3 3 2 2 7 9 0 3 28 81 91 194 33 274 51 32 33 23 35 337 9 24 358 42 46 150 2021 38 81 208 7 15 11 22 10 116 41 17 98 1 61 21 9 32
1 3 3 6 26 24 6 3 1 4 2 46 18 52 1258 1132 2358 88 8538 860 34 76 131 86 21 21 108 22 63 15 75 6 119 62 42 32 615 201 33 179 189 28 74 251 7 25 250 3 18 4 1 0 4 17 0 1 112 109 133 21 21 5 6 20 15 6 31 169 11 8 1 22 59 346 635 11 13 42 13 1 1 0 13 10 33 11 11 3 10 5 27 19 0 2 29 190 2 4 18 12 1 0 0 2 1 2 0 7 2 2 9 3 169 61 35 164 20 175 105 130 309 712 204 41 9 39 51 27 145 81 1 6 9 5 3 48 67 6 74 121 15 319 4 2 48 23 7 0 325 94 70 7 2 2 1 2 0 2 1 1 5 5 0 0 1 21 8 14 4 6 18 8 3 11 5 26 2 2 27 7 16 64 139 9 9 81 0 2 0 11 4 3 5 3 54 1 31 6 6 13
72 181 115 285 155 209 20 135 7 60 19 300 1 17 45 21 18 15 41 34 12105 10671 2292 115 341 98 113 47 139 65 277 60 277 164 1 1 64 129 7 261 1115 22 93 7 0 5 241 4 9 1 4 7 18 44 11 777 103 64 9 71 16 29 126 74 61 1 60 53 70 18 2 15 37 104 535 5 39 1 11 0 4 0 86 57 4697 120 87 4 1 0 15 13 3 10 120 702 78 50 524 19 0 1 0 1 4 2 0 1 0 2 3 5 1 0 0 2 4 2 10 3 9 2 10 6 1 2 4 1 2 2 1 0 4 15 2 47 0 0 18 14 0 11 1 0 13 0 0 0 23 8 2 0 0 0 0 1 0 0 1 0 2 1 0 1 11 1 0 0 1 1 6 1 1 1 0 6 0 0 6 0 8 15 30 0 3 14 0 0 0 1 5 2 2 1 6 0 7 0 0 2
31 83 50 168 139 137 34 32 14 20 11 224 0 21 52 29 24 34 136 76 10671 36015 3212 625 3941 1275 756 119 161 60 242 73 393 287 28 4 153 281 23 2976 796 132 690 13 3 25 999 5 53 4 2 10 14 76 6 81 83 120 27 136 113 125 411 501 207 2 174 165 177 91 5 29 84 149 779 28 42 1 16 0 1 0 94 203 5220 869 506 4 11 2 56 47 8 53 462 851 88 36 4421 50 0 0 0 1 4 1 0 1 2 7 7 3 7 2 2 5 18 14 20 14 35 14 45 17 6 6 8 2 2 4 2 0 3 6 0 58 5 0 54 45 4 30 6 1 18 4 4 0 72 23 13 6 2 0 1 5 1 1 0 0 1 0 0 1 7 3 5 10 2 1 10 6 0 2 5 11 0 1 20 0 7 30 51 1 6 30 0 2 3 2 5 6 2 1 9 1 10 3 1 1
5 3 4 6 10 12 5 3 8 7 0 31 0 172 418 357 87 243 260 131 2292 3212 9212 8753 484 7169 1074 178 19 9 18 11 104 157 23 20 193 209 121 2645 7366 1221 584 10 1 13 617 5 112 3 0 2 4 13 1 6 12 22 21 56 120 15 48 110 50 1 52 40 65 25 3 6 59 43 147 39 33 1 7 0 9 0 13 31 263 87 118 4 17 3 50 91 3 22 119 107 36 5 106 6 0 0 1 0 0 0 1 1 0 1 2 2 5 3 3 6 7 15 9 12 18 15 18 3 1 1 2 0 5 3 0 0 1 2 0 18 3 0 22 12 3 13 5 0 5 2 1 0 28 20 19 0 0 0 0 1 0 2 0 0 1 0 0 0 1 1 4 2 2 1 2 1 0 2 0 6 1 0 9 0 5 14 19 0 2 12 1 0 0 2 2 0 0 1 6 0 5 0 0 1
6 4 1 5 2 2 0 4 0 1 1 6 2 85 160 251 34 451 355 86 115 625 8753 14319 354 1266 4863 106 18 0 6 2 5 5 215 11 52 17 202 1867 3450 6310 2463 4 1 157 1662 6 347 5 0 3 5 32 2 2 18 2 85 2 745 17 22 201 80 5 166 13 71 37 5 2 5 10 18 61 1 0 0 2 11 0 30 106 186 195 139 10 35 2 178 216 9 50 150 10 1 4 216 12 0 0 0 0 0 0 0 0 0 0 1 0 2 4 9 0 4 19 3 60 5 35 8 2 1 1 2 3 1 3 0 0 0 0 0 4 3 0 7 6 30 8 11 0 3 1 7 0 3 125 0 2 2 0 0 1 1 0 0 0 0 0 0 0 0 0 8 10 2 6 2 0 3 0 3 17 1 0 19 3 2 2 2 0 4 2 1 2 1 0 0 2 1 0 1 0 0 0 0 1
8 13 9 24 18 14 1 17 0 4 0 24 1 15 35 26 6 16 48 21 341 3941 484 354 14330 1090 613 365 64 8 49 4 23 23 27 4 45 43 17 2984 296 57 531 1 1 10 4926 4 18 0 2 2 20 110 1 17 83 4 21 3 63 39 255 578 371 1 774 680 154 31 5 3 7 128 274 13 11 0 0 0 5 0 85 488 1628 1612 6296 2 9 0 17 20 6 16 220 66 10 4 5633 670 0 1 0 1 1 0 0 2 0 1 3 0 1 0 0 1 10 17 19 6 19 5 18 3 2 4 3 1 5 2 0 0 3 6 1 22 0 0 34 36 1 20 5 0 10 0 3 0 42 25 8 2 1 0 0 0 1 1 0 0 0 2 0 0 2 1 7 3 0 0 6 1 0 0 3 3 1 0 10 3 4 11 33 1 1 16 0 0 1 1 2 5 1 0 7 0 5 1 1 0
1 2 0 1 0 0 0 0 1 0 0 1 0 6 35 27 7 19 31 21 98 1275 7169 1266 1090 3210 1682 15 6 1 2 1 3 0 23 0 15 7 4 6980 1111 118 156 0 0 1 646 1 23 0 0 0 0 4 0 1 1 1 6 0 14 6 8 34 5 0 29 1 10 4 0 0 2 6 5 6 0 0 0 0 0 0 8 22 68 38 46 1 1 0 13 9 1 11 28 9 0 1 52 0 0 0 0 0 0 0 0 0 0 0 0 0 1 0 0 1 2 5 4 1 1 7 3 0 0 2 2 0 1 0 0 0 0 0 0 1 0 0 0 2 0 3 0 0 1 0 0 0 1 3 2 0 0 0 0 0 0 0 0 0 0 0 0 0 0 0 0 2 0 0 0 0 0 0 0 1 0 0 0 0 0 0 2 0 1 0 0 1 0 0 0 2 0 0 0 0 0 0 0 0
5 6 6 11 5 6 5 8 2 0 0 7 3 3608 2374 1490 53 2211 1085 108 113 756 1074 4863 613 1682 30109 9897 103 4 29 1 7 12 4170 173 70 23 708 4396 827 304 1162 3 2 92 3251 4 72 2 4 2 19 137 3 10 101 6 363 12 532 28 85 828 1409 4 843 84 150 21 5 0 4 33 80 37 2 0 1 1 1 0 78 277 454 551 136 2 11 2 59 57 6 25 89 24 5 1 812 67 0 0 0 0 1 2 0 0 0 0 0 0 7 50 101 24 7 154 13 763 20 441 51 7 0 7 5 11 7 94 1 1 0 2 1 13 7 0 10 17 181 23 96 0 4 6 29 1 14 630 5 6 2 0 0 0 0 0 0 0 0 0 0 0 2 4 11 22 4 18 3 1 3 1 3 27 0 1 27 6 3 3 35 1 4 5 0 1 1 0 0 7 4 1 1 0 3 1 0 0
10 15 10 18 12 17 9 25 0 10 2 20 8 506 820 2427 27 677 131 22 47 119 178 106 365 15 9897 11076 499 17 114 5 15 19 704 141 45 14 4158 92 688 62 123 0 5 193 1038 9 10 1 7 10 49 377 2 16 521 6 781 37 599 54 152 701 3147 14 1885 148 358 45 3 0 4 22 108 41 1 0 1 1 8 0 154 316 318 546 94 3 10 1 59 30 3 7 49 40 5 30 1210 140 0 3 0 0 3 0 0 0 0 0 2 0 4 156 313 3 5 122 8 1479 11 534 17 3 0 4 2 42 5 257 9 1 3 2 1 27 0 2 5 16 684 10 429 1 7 29 135 9 22 2620 6 10 5 0 0 3 1 0 0 0 0 1 0 2 6 1 97 120 9 46 3 2 3 2 9 110 2 0 77 5 0 3 32 0 10 0 1 0 0 0 0 14 6 3 2 0 2 1 0 0
7929 1363 230 1043 2768 659 6969 1368 73 259 65 708 1 672 845 339 167 88 75 63 139 161 19 18 64 6 103 499 48980 17739 4138 177 234 195 22 130 280 113 203 15 265 6 67 5 2 5 140 24 7 0 49 89 2218 24063 91 39 3512 30 379 93 42 132 211 113 643 3 8112 1036 831 71 21 34 26 118 2708 53 30 0 9 8 32 0 1393 1731 601 174 274 9 10 1 20 89 26 21 90 1502 104 7063 188 543 1 2 3 9 13 29 0 3 7 20 33 36 1 3 11 2 0 8 8 12 7 12 4 13 0 2 4 2 2 1 9 1 14 73 1 166 2 0 73 19 11 2 16 4 29 3 12 0 33 53 4 1 1 3 1 5 3 3 4 1 4 8 0 4 41 1 7 13 2 8 29 9 2 1 3 22 1 1 31 4 31 54 45 0 7 53 1 3 1 9 12 3 1 9 9 3 22 1 1 1
6669 4444 63 1473 5481 411 2274 990 44 61 16 281 0 25 74 16 16 9 27 15 65 60 9 0 8 1 4 17 17739 21452 3909 106 43 42 2 6 57 58 14 0 256 3 3 3 1 3 7 2 7 2 30 62 315 1806 28 50 5189 6 19 9 5 10 6 5 21 0 588 38 54 10 4 19 16 19 215 10 5 0 1 4 11 1 641 469 615 122 11 8 2 0 9 51 9 5 4 460 23 1650 31 25 2 0 1 2 3 10 0 2 0 11 15 7 0 0 0 0 0 1 1 5 1 3 0 2 1 2 0 0 0 1 3 0 5 15 1 35 0 0 9 0 0 0 2 2 5 0 1 0 4 6 1 0 0 0 0 1 1 1 4 1 0 2 0 2 10 0 0 0 0 1 4 1 0 0 0 1 1 0 2 2 13 11 3 0 0 10 0 0 2 0 1 0 0 1 2 2 6 1 0 0
286 311 36 516 5358 619 495 105 11 30 17 402 2 147 315 115 95 37 56 75 277 242 18 6 49 2 29 114 4138 3909 14980 141 140 131 8 63 217 110 57 4 523 2 14 1 3 3 129 6 6 1 27 46 195 1025 19 68 11429 9 189 80 20 18 27 23 130 2 1651 443 218 18 3 17 35 32 3984 20 4 1 0 2 15 0 545 595 1138 402 320 0 6 0 12 38 6 8 15 3215 29 605 772 6007 1 1 0 3 2 9 0 1 0 9 8 12 0 1 4 0 0 4 3 11 2 7 2 3 1 1 2 0 1 2 5 0 5 21 2 42 1 0 15 3 4 2 2 0 10 0 3 0 10 15 2 1 0 1 0 0 3 0 3 2 3 4 0 1 14 0 6 2 0 2 4 2 0 0 0 6 0 0 6 2 15 8 13 0 0 7 0 0 2 1 1 2 1 0 4 0 3 0 0 0
46 84 46 120 942 3408 72 55 90 148 41 5996 6 1 9 2 6 13 55 6 60 73 11 2 4 1 1 5 177 106 141 4067 5406 1114 0 1 65 226 4 2 107 1 1 27 7 13 7 0 1 3 8 13 23 113 10 12 43 2500 1 69 13 1 2 3 5 5 105 10 2 0 1 1088 148 144 1670 1 65 3 81 0 3 2 88 68 167 31 5 3 2 0 24 15 5 1 1 7283 389 89 15 6 10 7 11 36 28 101 6 9 18 85 164 117 0 0 1 2 5 8 2 16 13 12 5 24 4 3 2 0 1 1 24 2 58 224 1 434 0 0 76 19 1 5 0 8 44 0 0 2 19 13 6 1 0 4 0 1 4 4 0 3 6 15 0 10 103 0 0 1 0 0 57 20 2 0 0 2 1 0 3 2 135 110 58 4 0 106 0 1 0 13 18 2 0 18 44 7 38 5 0 0
31 50 45 63 144 195 44 77 149 123 54 2870 29 17 85 36 66 103 373 119 277 393 104 5 23 3 7 15 234 43 140 5406 6251 5462 1 4 380 2360 36 3 349 2 16 380 45 117 107 2 4 21 15 33 47 194 16 29 174 1608 26 587 116 6 11 10 15 10 337 103 46 10 7 3545 5261 1045 4016 24 611 51 823 2 7 10 218 208 434 97 24 2 5 8 48 23 2 2 9 2583 1245 98 58 14 14 7 7 43 32 66 3 15 13 49 121 79 3 2 7 4 15 28 31 40 46 51 42 74 23 25 13 0 4 3 34 4 59 369 21 1091 1 0 441 91 5 18 0 19 247 8 7 1 124 33 17 1 1 6 0 0 13 19 1 3 24 42 0 16 172 2 4 6 0 6 129 40 9 3 0 11 9 1 13 4 146 326 367 2 1 214 2 3 2 33 61 1 2 25 69 6 128 13 2 5
11 20 11 22 97 78 11 32 41 26 9 576 3 31 88 32 32 34 137 62 164 287 157 5 23 0 12 19 195 42 131 1114 5462 8279 20 33 1805 2348 23 12 268 0 12 17 4 20 292 3 4 1 8 14 31 144 14 18 195 5278 779 6089 45 6 6 7 15 4 192 2048 38 6 2 409 757 372 5206 9 140 7 89 1 2 2 142 118 221 29 28 1 5 2 15 23 1 0 6 1040 276 34 29 7 6 5 3 16 16 25 3 7 5 12 43 44 3 1 1 3 11 18 20 25 58 22 33 58 17 18 17 0 4 3 20 3 26 135 15 568 2 1 297 85 2 24 0 16 151 0 0 1 136 24 28 1 0 3 1 1 7 10 2 1 19 27 1 16 79 5 2 2 0 2 98 16 4 8 0 8 7 0 5 0 65 192 190 3 1 139 1 0 1 28 45 0 4 6 48 1 74 11 0 3
2 0 0 1 1 1 0 3 1 1 0 3 0 6583 2555 355 59 109 63 42 1 28 23 215 27 23 4170 704 22 2 8 0 1 20 7213 1639 91 15 92 548 38 12 92 0 0 3 2726 2 1 0 0 0 2 17 0 0 36 4 2204 154 4 1 20 120 261 0 74 271 154 3 2 0 1 4 10 8 0 0 0 1 3 0 6 16 21 30 6 1 0 0 3 4 0 0 10 2 1 1 62 7 0 0 0 0 0 0 0 0 0 0 0 0 6 2 4 3 0 34 2 25 8 54 13 1 0 3 0 0 3 4 0 0 0 0 0 2 5 0 1 6 4 10 3 0 2 1 1 0 7 9 2 0 0 0 0 1 0 0 0 0 0 0 0 0 1 0 1 2 0 1 0 1 0 0 0 3 0 0 4 0 0 3 6 1 2 0 0 0 0 0 0 0 0 0 0 0 3 0 0 0
4 3 0 5 7 2 3 3 0 0 0 10 0 8813 1751 553 399 107 22 32 1 4 20 11 4 0 173 141 130 6 63 1 4 33 1639 1751 321 8 95 92 80 3 7 0 0 0 318 0 0 0 2 2 5 35 1 4 201 38 2359 136 6 2 1 9 77 0 161 358 83 0 0 0 1 4 257 4 0 0 0 0 2 0 22 24 43 12 5 0 0 0 0 7 1 0 3 22 0 4 72 26 0 0 0 2 0 0 0 0 0 0 0 1 0 1 2 2 1 5 12 7 9 7 3 1 1 1 1 0 0 1 1 0 0 2 0 5 1 0 7 4 1 7 2 0 1 0 2 0 20 3 7 0 0 0 0 1 0 0 0 0 0 0 0 0 0 0 2 1 0 0 0 0 1 1 0 2 1 0 0 0 2 4 5 0 0 7 0 0 0 0 1 0 0 1 3 0 2 1 0 0
11 13 6 24 73 93 18 10 2 8 6 167 6 470 1013 147 1741 275 2430 615 64 153 193 52 45 15 70 45 280 57 217 65 380 1805 91 321 4398 1348 65 219 280 6 35 37 11 51 1243 3 2 10 2 8 14 92 1 4 351 1457 932 672 78 4 11 21 31 0 159 1631 52 5 2 40 65 251 2546 14 77 5 25 0 3 3 41 51 86 38 36 0 4 3 39 10 1 2 8 675 20 24 36 26 5 5 2 6 16 11 4 14 5 10 27 3 30 10 6 29 39 65 103 58 262 105 166 80 36 31 52 7 34 19 15 4 14 48 11 274 16 3 246 182 9 212 0 4 89 7 6 0 492 76 156 2 0 4 1 1 2 8 0 0 11 17 1 2 26 12 6 16 2 3 68 21 5 16 2 19 2 1 8 4 66 205 207 13 2 250 3 0 2 13 20 5 7 9 116 1 65 7 7 38
12 6 2 18 168 231 8 13 14 3 4 526 101 17 122 23 442 187 4848 201 129 281 209 17 43 7 23 14 113 58 110 226 2360 2348 15 8 1348 13522 11 118 280 6 24 754 88 382 1143 6 2 42 1 13 21 48 1 11 101 949 225 566 154 3 7 18 13 22 59 511 27 7 12 664 6239 2243 1822 36 482 115 430 3 5 13 64 51 112 20 63 16 34 28 310 9 1 3 17 1226 102 16 34 7 13 5 7 14 25 12 1 27 14 30 39 16 35 19 16 60 112 172 173 119 355 325 346 115 52 55 80 11 47 25 20 11 23 100 20 592 26 6 513 390 6 285 4 14 204 18 9 3 789 122 186 4 2 10 1 8 9 20 3 2 17 40 0 4 36 22 17 22 6 9 101 20 10 22 5 34 4 4 39 14 65 287 597 12 12 352 2 5 0 32 44 14 8 12 153 8 107 26 4 26
5 2 4 7 10 13 7 6 1 4 0 15 2 49 193 418 11 4223 108 33 7 23 121 202 17 4 708 4158 203 14 57 4 36 23 92 95 65 11 12332 61 813 134 209 2 6 29 210 26 26 6 0 2 14 73 3 2 189 44 317 19 7091 45 24 186 4036 4 329 178 5740 37 49 2 10 35 350 1053 3 0 1 1 26 0 29 41 58 43 10 3 18 2 80 47 9 10 61 70 5 11 101 26 0 4 0 1 2 1 0 3 1 1 0 0 12 310 457 20 5 222 8 1412 37 755 22 3 0 6 17 56 10 459 7 3 4 1 4 16 4 1 15 24 818 40 394 0 14 30 145 20 73 1759 9 12 13 1 2 3 0 0 0 1 0 1 0 1 7 6 38 116 15 70 3 4 14 4 5 122 6 2 96 14 6 8 65 1 26 10 2 2 3 0 0 18 12 1 6 0 5 1 0 4
3 5 1 4 1 5 0 6 0 2 0 11 0 532 599 161 144 95 215 179 261 2976 2645 1867 2984 6980 4396 92 15 0 4 2 3 12 548 92 219 118 61 7612 1114 103 527 2 0 10 7067 1 27 0 1 2 8 36 2 13 17 3 107 9 40 9 43 208 42 0 235 19 59 8 3 3 8 47 26 26 0 0 1 0 1 0 31 174 336 287 224 3 3 0 21 26 2 12 122 16 0 1 284 11 1 1 1 0 2 0 0 2 0 1 1 0 26 10 7 39 13 71 40 29 59 120 86 11 4 10 15 2 19 15 0 0 2 2 0 19 23 1 23 35 8 92 5 0 19 3 3 0 55 24 18 1 2 0 0 1 0 1 0 1 0 1 0 0 2 6 2 6 2 2 3 1 1 2 0 9 2 0 12 3 4 7 25 4 2 13 0 1 0 2 2 1 3 0 9 1 6 1 1 6
396 520 402 694 355 488 127 732 52 359 105 660 2 618 1331 1543 161 1400 706 189 1115 796 7366 3450 296 1111 827 688 265 256 523 107 349 268 38 80 280 280 813 1114 12466 4826 1759 28 20 248 462 109 2030 63 280 266 65 95 1575 1374 212 101 61 71 1821 235 180 178 302 28 216 160 670 290 139 42 74 175 641 635 83 0 18 32 289 40 1664 199 1600 139 86 277 729 76 1109 2269 263 722 1009 883 127 90 141 31 2 0 2 5 8 12 1 3 2 17 19 12 3 8 24 1 6 17 11 79 28 38 19 13 2 4 8 5 6 19 3 1 9 70 6 185 1 1 77 37 32 26 33 1 28 22 51 0 62 178 22 39 22 0 0 37 9 11 20 20 7 7 0 2 27 2 32 46 20 13 29 11 7 1 27 90 15 27 167 27 27 65 99 3 34 70 16 15 53 3 14 60 20 7 21 1 30 3 2 2
4 1 2 4 5 2 0 3 0 4 1 3 0 11 46 175 4 213 128 28 22 132 1221 6310 57 118 304 62 6 3 2 1 2 0 12 3 6 6 134 103 4826 7730 6210 1 4 85 160 21 3010 15 4 2 1 6 1 3 7 2 8 1 664 25 21 51 80 3 30 3 269 51 7 0 7 6 13 262 1 1 3 1 18 0 7 12 34 32 25 18 56 10 585 728 19 74 253 6 0 1 24 1 0 0 0 0 0 0 0 0 0 0 0 0 0 1 5 0 0 2 1 14 3 9 0 1 0 0 0 7 0 6 2 1 0 0 0 5 0 0 3 1 6 3 15 0 3 9 16 1 5 66 0 7 4 0 0 4 0 0 0 0 0 1 0 0 0 2 17 25 3 9 2 0 3 0 3 51 0 2 48 13 0 3 0 0 8 0 0 3 5 0 0 8 0 0 3 0 0 0 0 0
6 3 2 6 9 8 0 8 0 2 1 10 4 60 118 292 29 398 307 74 93 690 584 2463 531 156 1162 123 67 3 14 1 16 12 92 7 35 24 209 527 1759 6210 7216 19 42 491 1211 121 4241 38 6 8 11 84 0 8 39 6 93 3 3071 117 365 7169 491 48 390 25 1656 113 38 5 9 43 46 1325 4 1 1 1 31 5 61 185 365 348 151 45 126 35 3567 781 28 212 1222 32 4 2 377 32 0 3 0 1 1 0 0 1 0 0 0 0 1 7 12 2 4 13 8 95 22 38 14 2 0 2 3 26 5 9 9 5 1 2 1 16 0 0 10 13 45 11 91 2 6 95 317 5 25 566 6 45 17 3 3 60 0 1 0 2 2 0 0 1 14 4 223 243 24 93 3 9 25 7 61 563 3 16 724 105 0 8 26 2 130 13 3 21 12 1 1 45 53 4 3 0 2 3 3 0
2 1 0 3 13 18 1 0 8 10 8 81 4373 0 2 7 4 151 11691 251 7 13 10 4 1 0 3 0 5 3 1 27 380 17 0 0 37 754 2 2 28 1 19 7116 2026 1213 31 15 10 645 11 117 3 6 2 3 1 7 13 5 122 19 19 6 4 486 3 3 43 8 25 518 3647 3021 33 61 1032 1364 3468 52 28 212 5 2 4 0 2 137 126 327 921 16 1 1 28 76 176 4 3 0 2 0 0 1 6 1 1 6 1 6 6 7 18 13 27 25 53 161 119 160 150 314 238 23 10 18 34 5 24 17 4 0 7 21 2 77 18 2 107 153 9 133 4 1 43 16 28 0 277 102 46 19 14 2 1 26 3 4 7 6 4 2 0 2 5 9 28 33 9 39 15 2 0 5 6 51 2 12 187 29 9 58 346 1 24 80 0 27 16 6 3 47 11 3 36 0 21 8 1 4
0 1 0 1 1 8 2 4 76 28 10 32 2940 0 0 1 0 12 405 7 0 3 1 1 1 0 2 5 2 1 3 7 45 4 0 0 11 88 6 0 20 4 42 2026 10378 1543 3 11 13 6076 26 191 3 0 2 0 0 2 0 0 16 22 32 10 14 4743 3 0 57 16 20 272 244 923 4 35 3246 490 1085 124 64 775 6 1 2 0 0 508 346 2883 2471 13 2 7 43 22 1200 15 2 0 0 3 0 1 1 6 0 0 0 2 6 4 0 6 57 3 0 17 0 158 2 75 13 3 0 2 0 19 5 13 1 1 1 7 2 13 1 2 5 6 26 6 67 3 2 59 267 6 22 869 4 35 30 3 1 65 10 5 13 13 1 4 0 2 8 3 194 147 43 401 2 3 16 2 45 341 6 21 880 89 5 7 30 2 81 12 14 108 45 1 0 123 35 1 3 0 1 0 5 1
2 2 0 0 13 10 0 0 8 8 5 45 1379 0 4 21 3 1675 4480 25 5 25 13 157 10 1 92 193 5 3 3 13 117 20 3 0 51 382 29 10 248 85 491 1213 1543 3363 39 4 28 21 2 4 1 6 1 0 6 12 2 2 990 13 32 501 554 2362 18 5 142 8 4 123 298 575 40 36 261 33 197 1 7 1 6 5 23 14 3 8 22 16 1508 39 2 8 93 65 123 3 18 0 0 7 1 3 4 1 0 2 0 3 4 1 13 78 876 9 12 99 18 1358 33 711 28 8 2 8 5 124 12 128 25 11 3 6 6 67 5 0 29 35 536 30 790 2 23 99 913 26 141 5003 13 6 8 4 1 13 0 0 1 0 2 4 0 4 21 8 337 418 16 492 7 13 40 7 9 472 2 3 469 16 6 25 186 12 17 33 2 3 4 1 1 34 13 11 9 2 6 3 2 4
7 17 10 22 19 16 1 19 3 8 4 15 1 997 991 360 311 202 491 250 241 999 617 1662 4926 646 3251 1038 140 7 129 7 107 292 2726 318 1243 1143 210 7067 462 160 1211 31 3 39 25521 11 34 2 9 14 42 197 5 16 369 102 2277 193 103 56 115 777 722 2 1080 6019 489 27 11 16 206 456 380 77 12 2 15 0 8 0 136 436 844 1328 6463 2 7 2 66 40 7 6 172 38 13 10 2726 422 3 1 0 7 8 1 0 2 4 11 11 5 25 10 12 44 69 72 103 55 189 136 204 58 12 20 51 7 27 22 5 3 8 21 5 160 20 0 213 211 22 144 6 7 77 12 12 2 311 72 99 8 2 2 0 2 2 5 0 3 4 11 0 2 7 14 16 17 4 4 29 10 0 8 5 29 3 2 28 7 28 83 142 9 7 98 1 2 1 15 11 8 7 2 43 2 37 12 4 12
1 1 0 2 2 1 0 0 0 0 0 2 4 1 3 11 2 12 20 3 4 5 5 6 4 1 4 9 24 2 6 0 2 3 2 0 3 6 26 1 109 21 121 15 11 4 11 21093 81 273 7 50 3 14 6 3 13 1 16 0 64 10577 776 62 144 13 50 11 2894 1012 5306 1 5 13 7 9472 4 0 3 26 1079 65 7 15 21 16 0 3006 4538 58 829 112 42 91 241 2 2 3 15 0 0 4 0 2 0 0 0 3 0 1 2 0 3 3 5 6 2 9 1 20 7 7 3 0 5 2 12 30 14 8 18 8 1 0 4 11 2 0 2 3 10 39 15 2 12 370 177 9 29 142 20 1352 1378 20 32 2107 5 5 43 54 1 6 0 0 14 4 54 540 1159 48 7 16 33 13 1517 932 190 610 2553 477 1 6 36 14 1518 59 313 612 1271 10 1 3594 1157 7 21 0 6 6 8 7
4 7 8 11 7 4 5 15 2 1 0 5 0 14 24 103 0 63 72 18 9 53 112 347 18 23 72 10 7 7 6 1 4 4 1 0 2 2 26 27 2030 3010 4241 10 13 28 34 81 10962 31 15 10 1 9 7 14 4 1 4 0 183 210 114 39 28 12 33 2 122 269 50 3 7 13 6 337 1 1 2 9 71 5 40 18 33 26 7 119 445 47 502 6545 105 4262 5177 7 4 2 17 1 0 0 0 0 0 0 0 1 0 1 0 0 0 1 1 0 0 2 0 8 1 6 1 0 0 0 0 3 0 0 1 0 0 2 0 4 0 0 2 3 3 0 4 0 0 30 28 0 4 44 1 43 19 0 1 60 1 0 5 4 0 0 0 0 1 0 18 48 21 16 0 1 1 0 47 95 6 17 188 47 0 0 5 1 58 3 11 24 17 0 0 74 34 2 2 0 0 0 1 0
5 1 1 1 0 4 3 5 80 33 8 33 184 0 2 2 0 6 121 4 1 4 3 5 0 0 2 1 0 2 1 3 21 1 0 0 10 42 6 0 63 15 38 645 6076 21 2 273 31 8549 153 1485 10 3 13 2 1 1 2 1 27 169 118 9 11 1566 2 3 252 82 137 108 90 1147 3 412 2200 276 406 1113 344 6878 23 2 3 3 0 4172 3291 7608 3503 88 22 27 127 8 1018 13 1 0 0 0 0 1 0 2 0 0 0 2 1 3 0 2 10 3 2 10 2 39 3 34 4 2 1 0 0 2 1 4 1 1 2 4 0 3 2 0 2 1 9 5 7 1 6 38 113 2 5 124 0 145 77 0 1 199 34 34 70 84 4 2 0 0 2 0 32 79 58 205 0 0 5 2 96 138 46 128 494 68 3 1 14 2 137 8 74 323 294 0 4 389 81 2 4 0 2 2 1 1
50 27 31 41 25 13 31 90 2 42 16 26 3 1 3 2 1 1 2 1 4 2 0 0 2 0 4 7 49 30 27 8 15 8 0 2 2 1 0 1 280 4 6 11 26 2 9 7 15 153 14209 25581 140 61 1392 118 12 2 3 2 4 12 10 8 10 24 37 10 13 212 29 4 2 99 24 6 93 11 7 2791 1332 266 1226 60 93 27 4 176 55 5 5 6544 5716 80 14 26 70 36 14 2 1 0 1 1 0 1 4 1 4 0 4 0 0 0 0 0 1 1 3 0 3 0 0 0 0 0 0 0 0 0 2 0 3 5 0 14 0 0 9 4 0 0 0 10 3 3 1 0 7 2 0 116 10 6 1 21 1093 609 1192 1278 61 6 0 0 1 0 0 2 4 43 12 2 1 0 6 2 402 356 37 2 2 3 26 1 6 40 151 67 634 1 45 62 47 3 10 2 0 0 1 0
80 62 51 59 40 38 51 165 37 69 20 54 19 3 12 8 5 3 1 0 7 10 2 3 2 0 2 10 89 62 46 13 33 14 0 2 8 13 2 2 266 2 8 117 191 4 14 50 10 1485 25581 29098 274 77 1821 93 22 6 4 8 8 50 20 3 18 225 62 18 25 452 133 42 14 582 39 29 848 81 103 14142 6537 3319 1835 87 112 41 7 1764 336 103 60 3429 5849 50 35 30 414 72 14 10 9 2 2 5 1 1 6 3 5 1 5 4 0 0 0 0 1 1 2 2 4 3 4 1 2 0 2 2 0 1 2 0 0 9 1 24 0 0 15 5 1 3 3 30 6 11 12 3 23 4 1 343 57 16 0 73 2600 1772 3406 2420 150 18 2 1 3 0 1 10 25 92 34 2 0 0 22 13 1000 952 160 6 6 16 80 0 25 114 443 237 1915 0 135 294 169 0 39 2 1 3 0 0
331 120 109 137 163 104 464 638 120 293 64 195 2 38 50 22 9 6 5 4 18 14 4 5 20 0 19 49 2218 315 195 23 47 31 2 5 14 21 14 8 65 1 11 3 3 1 42 3 1 10 140 274 7440 6774 9534 7 79 12 25 5 2 20 26 20 58 0 405 82 77 9 1 33 8 69 133 6 34 1 6 30 31 5 861 346 111 39 32 4 4 1 4 127 26 10 15 114 99 7163 59 42 0 0 0 1 1 2 0 0 2 4 1 1 0 0 0 0 1 0 3 1 3 4 3 3 0 0 2 0 0 1 3 1 2 18 0 63 1 0 32 11 0 3 1 2 8 1 3 0 14 1 1 0 0 0 0 0 10 5 11 5 2 1 0 0 11 1 0 0 0 0 6 0 0 0 0 0 1 1 0 0 6 22 30 0 0 21 0 0 5 1 2 0 0 0 8 0 6 0 0 0
1353 555 434 516 808 472 1571 2177 177 877 203 695 1 214 257 118 54 32 29 17 44 76 13 32 110 4 137 377 24063 1806 1025 113 194 144 17 35 92 48 73 36 95 6 84 6 0 6 197 14 9 3 61 77 6774 16607 712 17 551 47 113 42 25 84 202 104 373 3 3298 448 335 51 11 31 43 137 949 22 52 2 11 7 14 4 3119 8025 600 352 222 5 7 2 22 60 17 13 84 539 148 15113 397 263 1 5 1 6 10 13 0 4 8 16 34 16 2 1 2 0 4 8 12 13 15 4 4 14 1 2 1 0 0 2 6 0 12 52 6 203 0 0 72 22 4 5 6 10 26 1 9 0 20 23 2 2 0 1 0 2 3 1 5 3 3 10 0 2 36 3 6 3 2 1 17 9 1 1 1 13 0 0 5 1 29 61 79 0 1 55 1 1 3 7 17 1 1 7 16 1 20 3 0 0
43 38 18 38 19 13 35 98 10 47 6 36 0 5 3 6 3 1 3 0 11 6 1 2 1 0 3 2 91 28 19 10 16 14 0 1 1 1 3 2 1575 1 0 2 2 1 5 6 7 13 1392 1821 9534 712 14064 323 10 2 2 2 3 8 9 2 3 4 23 10 8 38 5 7 3 31 20 1 11 0 2 156 240 32 6805 27 48 7 3 37 17 0 2 2169 205 36 6 29 18 845 9 2 0 0 0 1 0 0 0 0 1 1 1 2 0 0 0 1 0 0 0 1 1 0 0 0 0 1 0 0 0 0 2 0 2 5 0 17 0 0 6 2 0 0 0 3 2 0 1 0 6 0 0 4 2 0 0 3 70 30 82 62 3 1 0 0 4 0 0 1 0 6 4 0 0 0 0 1 12 15 5 1 0 5 11 0 0 5 12 6 25 0 3 6 3 1 1 0 2 0 1 0
77 82 69 91 59 49 37 166 9 68 29 77 0 8 6 9 5 1 2 1 777 81 6 2 17 1 10 16 39 50 68 12 29 18 0 4 4 11 2 13 1374 3 8 3 0 0 16 3 14 2 118 93 7 17 323 1300 21 8 3 5 0 9 14 9 22 0 37 18 20 18 6 4 6 30 80 7 10 0 4 9 51 5 7093 56 2085 26 9 9 9 1 10 320 44 16 19 75 31 25 28 9 0 1 0 1 1 1 0 0 0 3 3 1 0 0 1 0 1 0 1 2 3 0 0 2 0 1 0 0 0 0 2 0 0 11 0 30 0 0 15 4 0 0 0 1 3 0 0 0 11 0 1 2 0 0 0 0 5 2 5 4 1 1 0 1 2 0 1 0 1 0 7 1 0 0 2 3 1 2 4 2 8 9 12 1 0 4 1 0 3 1 0 0 0 1 2 0 4 0 0 0
105 106 33 119 1473 127 107 54 7 19 18 204 0 653 862 366 174 93 63 112 103 83 12 18 83 1 101 521 3512 5189 11429 43 174 195 36 201 351 101 189 17 212 7 39 1 0 6 369 13 4 1 12 22 79 551 10 21 11458 15 514 135 46 109 154 81 647 0 2873 1445 707 57 23 13 21 21 6227 54 5 0 5 1 9 2 194 340 429 275 563 2 7 3 14 20 8 3 60 1608 13 186 1986 3305 0 1 0 2 3 4 0 2 0 3 8 2 0 1 7 0 4 3 5 19 11 4 2 4 1 2 4 0 1 1 3 1 8 22 1 46 0 0 22 15 6 4 7 0 5 3 17 0 18 38 5 0 1 0 0 2 0 0 0 0 1 1 0 0 14 1 12 4 0 4 5 1 0 0 1 14 0 0 25 6 8 12 9 0 4 8 0 0 0 1 2 3 1 1 8 0 5 2 0 1
3 6 7 12 27 43 7 16 6 8 9 464 0 22 170 35 102 77 133 109 64 120 22 2 4 1 6 6 30 6 9 2500 1608 5278 4 38 1457 949 44 3 101 2 6 7 2 12 102 1 1 1 2 6 12 47 2 8 15 5619 1346 1297 28 2 1 2 16 0 58 10345 41 1 3 160 220 48 4216 18 13 0 23 0 2 1 76 32 113 8 6 0 4 2 9 2 2 1 3 390 70 11 12 2 2 1 1 2 4 13 0 1 2 2 11 9 0 1 1 1 3 3 4 8 4 7 5 5 2 2 3 0 0 1 5 0 7 38 3 110 1 0 30 7 2 4 3 4 16 0 2 0 11 12 5 1 0 1 0 0 3 1 0 0 4 4 0 3 27 0 2 0 0 1 9 8 2 1 0 2 0 0 7 0 11 26 27 1 2 8 0 0 0 2 11 1 1 3 8 3 12 3 0 1
7 10 6 12 8 9 7 5 0 2 0 18 0 1722 1905 712 242 132 97 133 9 27 21 85 21 6 363 781 379 19 189 1 26 779 2204 2359 932 225 317 107 61 8 93 13 0 2 2277 16 4 2 3 4 25 113 2 3 514 1346 8565 799 35 52 54 135 792 1 344 6660 1135 30 29 3 22 162 1515 35 1 0 1 1 10 0 48 56 77 45 37 1 2 2 34 6 5 2 25 36 1 34 134 105 0 3 2 0 7 3 2 3 0 3 18 1 1 6 7 5 46 35 66 47 82 29 81 46 5 17 17 5 3 6 0 1 9 20 4 142 2 4 152 125 15 44 5 8 57 7 9 0 148 66 49 1 1 1 0 1 2 7 1 1 8 7 1 0 15 6 14 9 3 7 24 3 2 4 4 35 1 1 31 9 17 50 80 3 7 49 2 1 0 8 11 3 1 3 23 3 33 8 3 4
3 2 3 3 9 10 5 5 1 2 1 11 1 161 164 57 47 15 20 21 71 136 56 2 3 0 12 37 93 9 80 69 587 6089 154 136 672 566 19 9 71 1 3 5 0 2 193 0 0 1 2 8 5 42 2 5 135 1297 799 457 4 1 4 6 20 0 71 2476 45 2 1 13 111 24 916 3 10 0 5 0 0 0 41 20 65 16 5 0 0 0 2 0 1 1 5 34 8 15 21 18 1 2 0 2 0 2 0 1 0 2 3 1 0 0 0 2 2 1 2 5 12 4 5 6 1 3 8 0 1 0 2 1 4 7 4 61 0 0 34 14 2 4 1 2 12 0 1 0 20 6 9 0 0 0 0 0 3 4 0 1 5 5 0 1 3 0 1 1 0 0 11 1 0 1 0 1 1 0 1 0 8 25 25 0 0 15 0 0 0 3 5 0 0 3 11 0 6 2 0 2
2 4 1 7 12 18 3 5 1 4 0 51 22 3 35 64 5 5130 867 21 16 113 120 745 63 14 532 599 42 5 20 13 116 45 4 6 78 154 7091 40 1821 664 3071 122 16 990 103 64 183 27 4 8 2 25 3 0 46 28 35 4 5984 131 189 2830 2166 326 77 39 7221 104 115 37 100 204 148 5445 36 6 29 1 54 2 20 41 102 78 12 16 87 15 2365 350 20 61 533 97 21 5 72 8 1 6 0 3 4 3 0 4 0 2 1 2 13 157 693 11 8 126 21 677 41 323 58 12 5 12 15 166 15 227 28 17 8 14 5 69 6 1 46 33 647 42 1084 6 28 147 1120 28 132 3789 32 24 7 6 4 15 2 1 1 1 4 3 0 4 23 11 287 614 18 250 23 23 61 15 19 799 4 8 817 59 5 19 118 21 56 49 4 16 6 7 4 56 44 15 22 0 12 7 8 5
1 6 3 6 6 2 1 16 3 4 1 11 2 3 19 37 0 34 32 5 29 125 15 17 39 6 28 54 132 10 18 1 6 6 1 2 4 3 45 9 235 25 117 19 22 13 56 10577 210 169 12 50 20 84 8 9 109 2 52 1 131 20916 8346 355 938 15 464 26 6150 9846 1247 2 5 15 38 1924 4 0 1 28 330 84 65 88 152 134 13 181 501 65 794 416 221 856 1257 15 4 7 132 10 0 1 0 0 0 0 0 1 0 0 0 0 0 3 6 4 4 7 0 23 3 6 5 0 1 2 10 24 7 12 11 10 2 0 0 7 2 0 7 5 14 16 15 3 9 207 183 6 25 168 18 1302 1120 14 27 1063 22 4 46 111 1 0 0 0 16 1 89 430 759 78 7 17 21 6 721 681 188 774 1736 298 3 3 28 12 819 62 384 456 1620 6 0 2229 846 2 20 0 1 6 4 6
8 20 7 11 5 7 3 8 2 4 0 14 5 13 29 26 7 46 46 6 126 411 48 22 255 8 85 152 211 6 27 2 11 6 20 1 11 7 24 43 180 21 365 19 32 32 115 776 114 118 10 20 26 202 9 14 154 1 54 4 189 8346 19178 4306 4441 13 1069 26 8169 1802 101 6 7 26 51 697 9 0 2 3 42 6 113 331 472 463 47 41 516 60 807 192 71 515 3145 22 5 10 585 32 0 1 0 0 0 0 0 2 0 0 1 0 1 2 6 3 1 7 3 30 2 8 5 1 1 2 3 15 2 4 13 4 1 3 3 6 0 0 2 4 18 15 13 4 6 290 303 3 16 235 15 272 230 6 10 761 1 1 4 11 0 3 0 1 7 2 122 536 259 84 2 8 13 9 507 757 38 117 1744 475 1 4 25 5 653 31 30 196 73 4 1 715 244 5 11 0 5 6 0 3
6 9 5 9 10 5 3 8 1 3 2 5 2 39 64 52 20 317 126 20 74 501 110 201 578 34 828 701 113 5 23 3 10 7 120 9 21 18 186 208 178 51 7169 6 10 501 777 62 39 9 8 3 20 104 2 9 81 2 135 6 2830 355 4306 8075 9353 31 596 21 4075 136 20 2 6 30 67 539 2 0 0 1 14 3 84 220 384 430 121 4 20 5 1161 34 12 48 1515 19 4 8 592 46 0 0 0 0 1 0 0 0 0 1 1 0 4 15 49 3 3 12 4 165 10 22 8 1 0 1 5 27 1 17 4 4 1 1 3 12 1 1 10 8 135 10 149 2 5 30 154 0 21 828 7 13 6 3 0 20 0 0 0 0 0 0 0 1 9 3 136 106 6 36 3 5 19 3 8 259 4 6 285 18 0 2 12 5 21 4 0 14 2 0 0 26 6 2 3 0 1 0 1 1
12 18 16 32 17 26 14 26 1 5 1 21 7 133 171 127 14 404 112 15 61 207 50 80 371 5 1409 3147 643 21 130 5 15 15 261 77 31 13 4036 42 302 80 491 4 14 554 722 144 28 11 10 18 58 373 3 22 647 16 792 20 2166 938 4441 9353 16689 39 1788 241 8586 431 83 3 2 15 190 152 5 0 0 4 43 1 183 365 450 560 77 6 38 14 354 46 14 30 615 51 6 43 953 133 0 2 0 1 3 1 0 0 0 2 1 0 5 82 317 4 5 39 2 886 3 134 4 2 1 2 2 81 5 127 20 11 3 2 5 32 5 1 6 9 736 16 722 2 12 83 503 10 39 3881 9 27 17 7 4 54 1 0 0 0 0 2 0 0 12 4 317 371 17 100 8 15 40 8 35 536 4 3 563 45 0 5 32 8 78 15 4 20 7 1 0 43 33 11 2 0 1 3 3 3
0 0 0 1 2 2 1 2 21 16 2 4 1685 0 3 3 0 134 334 6 1 2 1 5 1 0 4 14 3 0 2 5 10 4 0 0 0 22 4 0 28 3 48 486 4743 2362 2 13 12 1566 24 225 0 3 4 0 0 0 1 0 326 15 13 31 39 1491 3 0 118 13 32 53 41 1168 0 125 1406 489 226 165 46 310 2 0 1 2 0 148 118 635 3876 21 3 5 30 6 418 4 3 0 1 0 0 1 0 0 0 1 0 1 1 0 0 7 105 0 1 10 3 89 0 106 3 0 0 1 0 6 1 6 0 2 0 1 0 3 0 0 2 3 18 4 13 0 2 18 120 6 10 356 1 24 9 0 0 38 3 3 6 3 0 0 0 0 2 0 43 48 13 282 1 0 0 1 26 97 3 12 300 38 0 1 63 0 38 3 5 43 11 1 0 77 9 2 4 0 1 0 0 0
300 389 328 471 469 430 143 525 28 237 72 688 0 864 793 357 80 67 36 31 60 174 52 166 774 29 843 1885 8112 588 1651 105 337 192 74 161 159 59 329 235 216 30 390 3 3 18 1080 50 33 2 37 62 405 3298 23 37 2873 58 344 71 77 464 1069 596 1788 3 12635 1871 1583 209 32 31 33 109 3079 94 34 0 5 3 41 3 974 4240 849 3804 1521 10 53 4 77 83 25 44 443 1130 129 264 3618 1604 4 3 1 8 7 17 0 0 2 13 25 18 1 1 7 1 4 3 5 18 12 9 4 9 2 2 2 4 4 2 8 0 16 70 6 226 0 0 66 19 16 6 25 3 31 8 25 1 25 103 3 1 6 2 0 15 2 3 3 2 7 15 0 5 40 1 20 15 4 5 36 13 2 2 5 47 1 0 56 8 40 67 77 1 8 54 2 3 2 10 8 14 3 8 10 2 20 0 0 0
15 19 13 41 35 25 15 24 0 11 1 25 0 445 982 313 255 121 104 169 53 165 40 13 680 1 84 148 1036 38 443 10 103 2048 271 358 1631 511 178 19 160 3 25 3 0 5 6019 11 2 3 10 18 82 448 10 18 1445 10345 6660 2476 39 26 26 21 241 0 1871 24409 399 24 10 7 45 223 5117 46 5 0 4 1 14 3 244 274 395 526 3338 1 3 1 14 15 10 2 19 56 12 71 1685 670 3 1 0 4 6 7 0 4 1 9 18 4 2 5 3 2 81 42 74 48 102 32 74 59 14 39 26 1 1 5 7 1 8 28 9 240 1 2 264 241 11 34 3 9 90 4 2 0 261 58 64 0 0 3 1 2 3 5 1 1 17 6 2 4 11 2 7 5 2 5 56 20 2 4 3 15 3 1 13 2 17 75 110 1 2 74 0 0 0 10 27 2 1 5 43 1 52 7 2 4
13 35 18 30 42 34 17 15 1 20 4 37 8 78 122 195 7 723 93 11 70 177 65 71 154 10 150 358 831 54 218 2 46 38 154 83 52 27 5740 59 670 269 1656 43 57 142 489 2894 122 252 13 25 77 335 8 20 707 41 1135 45 7221 6150 8169 4075 8586 118 1583 399 17251 2062 1870 9 10 55 470 9662 10 4 4 5 771 11 208 323 408 406 64 60 319 123 2610 191 83 74 983 176 12 67 584 97 2 8 0 1 3 2 0 1 0 2 1 0 10 31 128 10 12 32 10 203 32 58 23 6 2 14 7 146 17 44 38 30 4 5 10 50 8 3 20 26 206 53 425 9 18 603 1501 25 77 2539 34 362 283 13 13 873 3 3 11 12 0 8 1 3 45 12 914 1354 310 397 17 30 95 27 586 2851 40 132 4228 760 2 7 65 23 986 62 37 304 89 12 2 647 353 16 26 0 8 9 10 5
9 5 7 6 4 4 6 15 0 9 0 8 2 5 24 59 3 31 23 8 18 91 25 37 31 4 21 45 71 10 18 0 10 6 3 0 5 7 37 8 290 51 113 8 16 8 27 1012 269 82 212 452 9 51 38 18 57 1 30 2 104 9846 1802 136 431 13 209 24 2062 7061 1129 0 5 16 35 688 9 0 3 228 1729 266 103 67 132 99 16 875 589 52 546 871 3087 1018 1621 13 2 11 89 7 0 0 0 0 0 0 0 1 0 0 0 0 0 1 4 2 0 6 3 16 1 9 2 2 0 1 2 11 4 3 6 7 0 0 3 3 1 0 1 2 7 10 11 1 3 91 103 3 9 69 5 589 327 5 4 333 93 128 324 480 2 1 0 0 7 3 41 149 189 43 1 3 5 4 199 216 323 759 653 107 0 2 15 5 222 20 366 180 1725 3 3 713 318 0 6 0 2 0 2 1
3 0 2 0 7 3 4 11 1 2 0 8 3 1 6 15 0 14 16 1 2 5 3 5 5 0 5 3 21 4 3 1 7 2 2 0 2 12 49 3 139 7 38 25 20 4 11 5306 50 137 29 133 1 11 5 6 23 3 29 1 115 1247 101 20 83 32 32 10 1870 1129 8492 3 12 20 24 3517 7 2 8 133 6736 445 51 7 14 13 1 2553 4005 137 1430 210 176 82 102 12 8 3 11 3 0 2 0 0 0 0 0 0 0 0 1 0 1 2 5 1 3 5 1 6 4 7 5 1 1 2 5 9 3 4 3 3 0 0 0 8 0 0 4 2 5 10 13 3 5 46 45 1 12 59 4 1031 341 4 8 237 81 71 241 459 2 2 0 0 1 2 21 84 212 21 1 1 9 0 84 129 450 1254 607 54 1 4 9 2 120 16 482 173 2692 1 1 844 314 1 2 0 2 2 3 1
9 16 18 53 60 162 29 35 556 734 273 2027 164 0 3 5 6 32 259 22 15 29 6 2 3 0 0 0 34 19 17 1088 3545 409 0 0 40 664 2 3 42 0 5 518 272 123 16 1 3 108 4 42 33 31 7 4 13 160 3 13 37 2 6 2 3 53 31 7 9 0 3 12443 4931 1222 404 15 5075 343 6924 14 4 54 45 15 43 8 0 23 19 42 123 6 0 1 2 519 5065 204 7 0 12 10 10 51 45 102 5 11 16 78 150 154 1 0 8 5 16 27 26 29 39 66 39 77 18 18 12 2 2 4 27 4 69 385 23 1025 5 0 295 75 2 18 0 14 163 6 3 1 80 40 10 4 2 3 0 1 1 14 1 1 16 43 0 11 169 1 2 1 0 7 115 35 11 4 1 5 2 3 14 6 184 305 298 3 1 211 3 5 1 31 61 5 5 27 78 8 99 7 2 2
3 5 3 4 61 55 5 5 45 15 3 314 195 3 5 7 4 89 778 59 37 84 59 5 7 2 4 4 26 16 35 148 5261 757 1 1 65 6239 10 8 74 7 9 3647 244 298 206 5 7 90 2 14 8 43 3 6 21 220 22 111 100 5 7 6 2 41 33 45 10 5 12 4931 4277 3602 481 22 977 369 5936 6 10 31 39 15 46 6 10 24 25 53 236 7 0 0 6 541 339 17 6 3 4 0 3 13 17 6 1 10 6 17 35 12 14 4 6 20 80 90 115 65 184 152 196 84 23 31 56 7 18 6 13 2 23 114 19 570 11 2 511 285 7 95 1 19 187 6 11 1 467 54 67 3 2 7 0 4 5 10 4 0 22 12 1 4 40 8 18 13 1 11 71 28 7 9 1 21 6 3 45 7 44 192 593 6 11 186 0 10 3 34 33 13 6 8 85 1 99 7 5 4
