40253 13056 12060 2713 780 1537 7536 10598 450 2760 121 1193 0 0 0 0 0 0 0 0 18 11 2 0 15 0 3 5 6040 5797 51 22 15 3 0 0 1 1 2 0 895 2 4 0 0 0 19 7 15 3 39 68 593 660 357 93 24 4 2 0 3 9 6 16 10 0 163 8 2 40 30 22 3 5 35 2 8 0 6 2 47 4 1667 467 455 123 17 50 25 5 6 163 146 20 22 25 49 1942 22 8 1 0 14 1 0 32 1 3 18 8 37 12 0 0 0 0 1 0 0 0 0 0 1 1 0 0 0 0 0 0 0 0 3 7 0 1 0 1 6 1 0 3 0 0 0 0 0 0 0 0 2 0 0 0 0 0 1 0 0 0 1 1 2 0 0 0 0 0 0 0 0 0 0 0 0 0 0 1 0 0 9 10 0 0 0 11 2 0 2 0 0 0 0 0 11 2 0 1 0 0
13056 11172 10031 5626 728 2089 240 446 18 97 16 728 0 0 0 0 0 0 0 0 16 15 1 0 1 1 3 3 325 1279 22 3 2 0 0 0 0 0 1 1 264 0 1 0 0 0 1 2 2 0 5 9 84 88 55 16 8 2 0 0 0 0 0 1 4 0 65 2 0 8 3 9 0 3 5 0 1 0 3 0 12 0 258 95 137 52 1 7 4 0 0 24 25 0 6 4 5 109 12 1 1 0 2 0 2 8 0 0 4 6 11 6 0 0 0 0 0 0 0 0 0 0 0 0 2 0 0 0 0 0 0 0 2 8 0 0 0 0 3 0 0 1 0 0 0 0 0 0 0 0 0 0 0 0 0 0 0 0 0 0 2 0 0 0 0 0 0 0 0 0 0 0 0 1 0 0 0 0 0 0 10 1 0 0 0 3 1 0 0 0 0 0 0 0 6 0 0 0 0 0
12060 10031 11223 8865 113 3318 1019 7483 288 6519 132 16960 0 3 0 0 0 1 0 0 82 32 1 2 15 0 8 6 1200 519 37 7 23 2 1 0 1 0 4 6 1469 4 3 0 0 1 14 12 18 1 36 60 424 484 293 116 32 7 1 1 0 9 2 14 7 0 337 6 4 37 37 34 3 15 34 4 5 1 12 3 49 3 1736 631 843 290 17 50 17 4 5 151 127 18 19 28 98 380 53 17 5 1 63 24 8 167 0 12 80 33 211 142 0 0 0 0 1 0 0 0 2 0 0 4 1 0 1 0 0 0 1 1 40 85 0 4 0 0 9 7 0 1 0 0 5 0 0 0 0 1 4 0 0 1 0 0 0 0 0 0 4 2 3 3 1 2 0 0 0 1 5 0 1 0 0 0 0 1 0 0 82 23 3 0 1 26 0 0 1 1 4 0 0 1 76 2 1 0 0 0
2713 5626 8865 15772 5483 14361 483 389 25 91 56 3006 0 0 1 0 0 1 0 0 65 40 4 2 8 0 2 3 788 4031 547 18 24 1 0 0 0 1 0 0 508 2 1 0 0 0 4 5 5 0 7 16 138 142 72 35 23 4 1 1 0 2 2 5 1 0 102 7 2 10 6 30 3 3 12 1 1 0 4 0 8 2 483 197 363 145 7 13 2 2 2 31 25 2 2 28 20 211 24 3 6 2 24 14 3 66 3 5 29 15 96 57 0 0 0 1 0 0 0 0 0 1 0 1 0 0 1 0 0 0 0 0 20 35 0 3 0 0 3 1 0 0 0 0 4 0 0 0 0 0 1 0 0 0 0 0 0 0 0 0 0 1 1 4 1 0 0 0 0 0 0 0 0 0 0 0 0 0 0 0 46 7 0 0 0 17 0 0 0 0 5 0 0 1 26 1 1 1 0 1
780 728 113 5483 8513 6181 880 126 48 105 181 4200 0 2 10 9 2 8 0 2 175 294 11 4 32 1 4 15 2080 10076 6967 745 561 86 0 0 24 40 33 1 338 3 6 0 2 4 18 14 6 1 10 25 296 363 174 44 822 54 5 6 10 18 13 15 45 0 303 12 58 18 17 164 32 13 142 18 7 0 12 1 14 0 726 264 436 199 18 12 8 1 3 46 39 6 8 497 65 623 90 12 0 2 9 4 4 27 0 3 12 7 51 40 0 1 1 0 1 0 0 2 1 2 0 6 4 0 0 1 0 0 5 0 13 48 0 6 0 0 15 8 0 3 0 1 7 1 0 0 1 7 3 0 0 0 0 0 0 0 0 0 1 2 0 1 1 0 0 1 0 0 2 1 0 4 0 0 0 0 1 0 64 22 3 0 0 25 1 0 0 0 1 2 1 1 21 3 5 0 0 0
1537 2089 3318 14361 6181 14393 1053 321 66 290 229 17110 0 3 1 3 0 6 0 0 565 538 26 1 51 4 6 12 1688 6279 1775 2408 2096 51 2 1 14 23 10 4 1209 1 7 1 0 0 30 8 16 0 21 24 342 373 213 112 134 112 3 6 7 8 6 21 28 0 246 15 35 22 15 281 32 31 155 8 11 0 25 1 19 2 1237 442 1203 438 24 21 17 1 6 80 51 4 5 784 204 650 199 16 15 7 162 70 21 460 4 35 229 84 573 393 0 0 2 0 4 1 1 0 3 3 2 26 16 2 8 0 1 0 15 0 124 338 1 19 0 0 30 28 0 3 0 3 37 0 1 0 6 0 6 0 0 0 0 0 1 0 0 0 6 9 4 9 3 0 1 0 0 0 13 3 2 4 0 0 2 2 1 0 361 83 6 0 0 114 0 1 1 5 13 2 0 8 247 13 11 1 1 1
7536 240 1019 483 880 1053 8572 6665 616 2652 240 1459 0 1 0 0 0 0 1 0 10 19 2 0 1 1 1 1 1897 1445 115 48 57 1 0 0 0 0 1 2 215 1 1 0 0 0 4 1 11 0 20 52 892 807 522 47 4 4 0 0 0 3 0 2 2 0 20 3 1 25 14 29 0 5 10 1 5 0 4 1 29 3 958 182 130 18 3 23 12 2 3 98 85 3 7 68 28 4495 7 2 1 0 6 4 0 28 0 2 17 6 32 12 0 0 0 0 0 0 0 0 1 0 0 2 0 0 0 0 0 0 0 1 3 11 0 2 0 0 3 0 0 0 0 0 2 0 0 0 0 0 0 0 0 0 0 0 1 0 1 0 0 1 0 1 1 0 0 0 0 0 1 0 0 1 1 0 0 2 2 0 9 7 2 0 1 5 0 0 1 1 0 0 0 0 7 1 0 0 0 0
10598 446 7483 389 126 321 6665 20234 2771 19176 516 823 0 0 1 0 0 0 0 0 5 10 0 3 10 1 4 3 416 301 24 10 13 1 0 0 1 1 2 1 715 2 2 1 1 2 14 8 20 0 55 74 532 559 419 112 12 3 0 0 2 10 4 2 5 1 86 0 4 33 24 29 0 9 22 5 6 0 14 9 69 1 1637 401 349 93 12 49 19 2 5 162 154 16 15 16 270 1792 15 6 2 0 24 12 0 47 1 3 44 16 58 39 0 0 0 0 2 0 1 0 2 0 1 2 0 0 1 0 0 0 1 0 5 8 0 0 1 0 3 6 0 1 0 0 2 0 0 0 0 0 2 0 0 0 0 0 2 0 0 0 0 0 0 1 0 2 0 0 0 0 0 0 0 1 0 0 0 1 1 1 16 6 4 0 0 5 2 0 1 0 0 0 0 0 9 3 1 0 0 0
450 18 288 25 48 66 616 2771 3657 6519 261 259 6 0 0 0 0 0 0 1 30 64 10 2 32 0 2 2 29 76 9 10 35 5 0 0 0 3 1 0 101 2 6 1 65 6 6 2 4 79 12 32 195 101 97 12 3 0 1 0 8 1 4 3 4 19 13 3 0 4 10 273 27 116 12 7 327 51 159 16 15 74 238 54 52 16 17 55 31 98 78 20 25 4 12 17 2184 1676 24 2 2 0 10 4 0 22 0 4 15 18 29 5 0 0 1 1 1 1 0 0 5 4 9 0 1 0 1 0 0 0 0 0 3 10 0 1 1 1 3 7 0 1 0 0 3 0 0 0 2 0 2 0 1 0 0 1 0 0 1 1 0 1 0 1 0 0 0 0 0 0 0 0 0 1 1 1 0 1 4 0 7 10 2 0 1 2 1 0 1 0 0 11 0 0 8 0 1 0 0 1
2760 97 6519 91 105 290 2652 19176 6519 39297 20126 23253 0 0 1 0 0 0 0 0 68 47 2 1 10 0 4 3 193 140 26 34 122 1 2 0 0 0 4 1 756 1 0 0 2 0 8 5 18 1 24 42 417 325 211 73 5 2 0 0 1 9 1 2 3 1 76 4 2 26 22 649 3 8 17 2 64 3 56 6 32 7 1038 236 337 77 8 32 18 4 7 136 98 9 14 22 5362 3036 27 6 31 5 241 101 7 557 12 75 307 218 706 359 0 0 0 1 0 0 1 0 1 0 0 11 3 0 0 0 0 1 7 1 79 152 0 8 0 0 13 15 0 3 0 1 18 0 0 0 1 0 3 1 0 2 0 1 1 2 0 0 7 4 14 9 2 0 0 2 0 0 6 1 1 2 0 0 1 4 1 0 147 19 6 0 0 29 3 0 1 2 5 1 0 1 229 25 7 1 0 0
121 16 132 56 181 229 240 516 261 20126 9274 5584 0 1 0 0 0 0 0 0 138 129 3 0 9 0 4 1 75 266 37 47 191 2 0 0 1 3 1 0 578 0 0 1 0 0 4 2 3 0 8 11 77 47 53 22 5 4 0 0 0 1 1 3 4 0 19 0 2 6 5 403 3 19 7 2 17 1 22 0 10 3 268 77 211 64 6 4 1 2 2 19 19 1 4 55 2866 320 37 6 25 10 300 119 24 671 5 50 326 185 955 516 1 0 0 0 6 0 0 0 4 0 0 18 11 0 3 0 0 0 11 0 155 364 0 12 1 0 17 10 0 0 0 3 34 0 0 1 0 0 4 0 0 1 0 0 1 1 0 0 15 3 18 11 9 3 0 1 0 1 19 5 3 1 1 1 0 0 0 0 406 60 7 1 0 126 1 1 0 3 8 1 0 10 398 26 23 2 2 0
1193 728 16960 3006 4200 17110 1459 823 259 23253 5584 50886 0 4 7 4 0 3 0 1 1218 1182 19 3 104 1 21 14 1538 5133 888 1181 4635 42 1 0 16 50 21 8 2073 2 14 2 2 2 37 13 21 2 19 38 421 387 265 154 116 176 8 8 9 15 4 15 41 0 251 19 31 32 25 2502 43 80 179 12 120 5 214 0 35 6 1622 599 1829 626 38 24 12 4 13 93 79 12 12 1107 2028 963 400 23 74 44 700 310 96 1913 21 139 869 438 2511 1573 2 0 2 0 7 0 1 0 10 2 1 97 58 3 20 0 0 1 49 7 484 1318 1 70 1 0 92 72 0 10 0 14 135 0 1 0 3 2 20 0 0 8 0 1 1 5 0 2 30 35 30 42 26 7 0 1 0 0 59 15 11 9 0 2 2 1 2 0 1403 272 29 1 0 513 3 0 0 13 46 1 0 48 1086 68 56 2 2 4
0 0 0 0 0 0 0 0 6 0 0 0 5513 0 2 9 46 313 3039 184 0 1 10 18 1 2 54 35 3 1 1 0 1 1 0 0 26 497 50 2 39 16 31 6164 3486 5874 2 10 8 69 0 0 0 0 0 1 1 3 1 0 261 8 19 50 90 1530 2 0 21 3 13 44 119 1578 1 18 47 259 154 0 1 3 0 1 2 0 0 4 28 292 869 5 5 2 16 0 22 4 0 0 0 1 0 0 2 2 0 0 1 0 0 1 0 6 1858 8 12 77 4 1421 80 1830 26 1 2 1 1 8 0 23 4 4 0 2 0 1 1 2 35 91 90 3 85 2 0 6 160 27 118 2911 0 0 5 1 1 19 1 0 0 1 0 2 0 0 0 2 54 52 28 584 1 3 2 1 4 42 3 3 143 17 0 9 195 0 18 2 4 8 14 0 1 33 4 0 3 1 1 0 0 0
0 0 3 0 2 3 1 0 0 0 1 4 0 3079 6545 58 253 33 12 61 15 33 36 152 5 29 1222 352 185 6 34 4 46 567 4247 2535 1356 133 62 435 58 9 56 6 0 2 315 1 2 0 1 2 14 29 11 2 74 334 4640 737 10 1 10 170 99 1 113 273 28 0 2 12 42 47 153 11 2 0 5 0 0 0 30 40 14 13 12 1 2 1 7 2 0 0 12 22 0 0 11 5 0 1 0 0 1 1 0 1 0 0 2 4 7 8 9 35 64 54 33 8 122 108 208 14 6 3 16 1 2 15 0 1 3 10 0 13 25 13 135 230 1 45 1 0 8 2 1 0 63 7 53 0 0 0 0 0 0 0 0 1 0 0 1 0 0 37 0 4 2 1 0 1 2 21 0 0 0 0 1 0 11 122 40 1 0 7 0 0 2 3 0 0 1 1 6 0 3 2 0 0
0 0 0 1 10 1 0 1 0 1 0 7 2 6545 23700 7333 1782 1737 36 1437 22 31 313 221 7 41 980 2906 223 10 31 7 65 249 3427 6674 2326 380 673 139 1630 123 251 9 3 25 83 22 64 2 1 1 19 34 17 1 70 255 608 1298 72 62 195 143 369 7 141 149 240 35 7 9 37 43 171 89 1 0 8 0 3 0 34 42 27 26 17 3 14 14 61 25 13 29 191 38 0 0 13 4 0 0 0 0 0 0 0 4 0 0 0 2 24 5 40 49 24 175 35 33 179 341 276 3 4 14 19 8 12 27 0 1 0 3 1 4 62 12 46 117 3 56 5 0 5 3 2 0 97 21 24 1 3 1 0 0 0 1 0 1 1 0 0 0 0 33 0 17 2 2 3 0 2 10 0 1 0 0 6 2 6 70 64 0 7 13 1 0 3 0 2 5 8 0 8 0 3 0 0 0
0 0 0 0 9 3 0 0 0 0 0 4 9 58 7333 10260 55 2885 2009 1905 2 17 160 239 8 29 1433 4104 180 7 25 10 56 107 93 54 671 249 1329 89 759 103 171 10 7 42 25 33 60 1 1 0 19 35 7 2 59 190 25 328 58 64 179 177 448 3 89 71 158 38 15 11 40 23 130 61 1 1 9 1 0 0 28 19 12 18 12 3 20 8 70 19 6 18 134 24 3 2 6 1 1 0 0 0 0 2 0 1 0 1 1 1 20 15 195 28 4 49 6 124 50 497 41 0 1 1 11 10 7 44 1 1 0 1 0 2 30 3 24 35 8 31 6 0 7 4 3 10 61 69 8 0 1 0 0 2 0 0 0 0 0 2 0 0 0 4 2 12 5 4 1 0 1 1 1 2 0 0 6 0 5 25 36 1 2 2 0 1 6 0 0 9 1 0 2 1 0 2 0 0
0 0 0 0 2 0 0 0 0 0 0 0 46 253 1782 55 2485 161 492 1542 13 19 142 37 5 13 23 33 6 2 7 0 25 29 69 386 2690 1746 28 23 352 23 44 50 24 72 13 8 8 3 1 0 1 0 1 0 2 20 83 220 25 13 28 13 16 3 2 12 17 6 7 6 23 105 24 11 1 4 3 1 0 1 1 0 1 0 2 0 2 1 36 2 2 3 23 11 0 0 2 0 0 0 0 0 1 0 0 11 0 0 1 0 26 5 22 63 57 52 48 7 261 140 226 17 9 22 54 8 18 37 1 0 3 3 1 10 62 23 91 172 1 159 4 0 3 12 2 1 138 14 55 1 1 0 0 1 0 0 0 0 1 2 2 2 3 64 3 21 9 2 1 1 0 28 0 0 0 0 1 0 13 149 52 2 2 27 1 0 0 1 1 4 3 0 36 1 2 2 1 4
0 0 1 1 8 6 0 0 0 0 0 3 313 33 1737 2885 161 7724 4847 1371 4 23 194 441 10 21 2417 832 85 5 36 8 61 100 24 42 712 1278 3261 52 1208 208 388 489 33 1509 26 64 107 3 2 1 12 20 4 0 24 142 42 192 3693 99 326 601 786 81 43 41 462 50 35 17 65 123 94 266 1 2 12 0 10 0 22 23 8 11 11 10 44 22 313 46 14 42 215 20 4 1 6 1 0 2 0 0 0 3 0 3 1 0 0 1 5 37 1676 20 11 97 9 834 106 2138 42 3 3 2 3 27 9 80 1 1 0 3 0 4 18 2 20 62 88 19 80 0 2 16 64 58 230 1087 16 3 2 1 1 21 0 0 0 3 1 3 1 0 1 3 24 88 11 124 3 4 2 1 5 24 1 2 51 6 0 31 115 4 12 5 4 1 8 0 0 25 4 2 2 0 3 0 0 0
0 0 0 0 0 0 1 0 0 0 0 0 3039 12 36 2009 492 4847 51956 11695 3 18 73 123 4 17 514 137 11 1 1 0 7 9 40 2 564 3894 154 52 358 58 162 6488 670 2496 11 47 56 18 3 3 2 1 2 0 4 4 6 6 176 57 90 119 75 55 8 6 54 27 52 8 39 4248 1 93 5 485 22 1 6 2 4 2 0 1 0 5 47 155 866 22 14 17 123 2 3 0 1 0 3 1 2 0 1 2 1 28 3 0 3 4 173 129 2340 328 121 901 150 1352 1169 6227 1136 11 14 71 100 70 87 434 7 3 3 14 1 12 420 82 295 646 65 370 39 1 23 49 39 99 1043 629 102 3 7 4 3 13 2 3 0 1 2 3 5 1 1 143 10 128 34 77 8 4 2 33 9 18 3 1 73 21 24 336 1149 0 22 70 6 10 4 3 1 47 18 1 89 3 4 4 0 5
0 0 0 0 2 0 0 0 1 0 0 1 184 61 1437 1905 1542 1371 11695 5013 15 21 242 184 8 39 193 44 8 0 2 3 14 35 94 143 481 362 140 117 921 79 218 256 72 307 26 24 49 6 0 1 4 3 0 0 3 21 49 148 92 52 175 79 51 14 9 11 66 21 15 5 24 301 14 41 4 31 4 0 0 2 1 1 1 1 2 3 16 20 108 22 10 25 142 13 0 0 2 0 0 0 0 1 1 1 0 52 0 2 2 0 117 38 128 228 86 160 125 30 717 898 413 22 13 70 152 51 75 210 0 1 3 5 2 9 371 82 149 340 12 503 13 0 20 37 15 5 431 45 95 5 1 2 6 4 1 2 0 0 1 1 5 0 1 181 4 81 24 9 7 6 1 41 6 4 4 2 12 3 17 221 163 1 11 63 0 0 5 2 3 7 16 0 101 6 5 7 0 5
18 16 82 65 175 565 10 5 30 68 138 1218 0 15 22 2 13 4 3 15 7962 7359 3778 46 301 59 71 30 53 81 183 260 700 83 3 0 48 190 16 53 966 8 43 29 1 7 166 5 4 1 0 4 17 10 8 1380 27 79 35 14 12 9 20 78 50 2 19 35 22 4 2 594 460 254 176 9 160 3 324 0 1 1 358 29 5573 218 55 0 2 2 14 5 0 0 22 380 188 36 753 33 1 0 8 3 5 20 0 2 5 8 36 32 0 0 1 1 35 3 8 1 31 2 42 52 29 4 17 0 0 3 2 2 24 95 1 42 2 5 107 131 1 16 0 1 22 1 0 0 26 3 26 0 0 1 0 0 0 1 0 0 4 5 0 1 4 11 0 2 1 0 11 3 2 13 0 0 0 0 0 0 161 205 41 2 1 94 0 0 1 5 6 0 1 1 46 1 29 0 3 0
11 15 32 40 294 538 19 10 64 47 129 1182 1 33 31 17 19 23 18 21 7359 22947 5863 849 6399 2182 635 81 113 98 301 441 1234 210 5 1 111 419 38 1303 943 177 750 85 10 43 923 35 65 3 4 4 63 49 23 233 70 197 52 26 109 93 426 921 245 6 117 73 205 49 22 1046 1017 506 336 112 240 7 654 1 3 0 809 237 5179 1095 413 6 19 14 132 33 23 30 284 643 332 69 6295 127 1 3 10 6 3 36 0 6 16 4 47 42 7 1 1 13 70 11 30 3 83 18 110 86 48 10 43 3 0 3 5 4 36 164 3 72 6 22 276 328 1 57 0 2 45 1 6 0 62 19 85 0 3 0 0 2 1 0 0 0 2 5 2 3 4 37 1 6 5 4 29 4 5 36 3 0 1 0 8 5 189 501 65 3 3 132 2 2 1 6 15 6 2 2 52 3 51 3 1 6
2 1 1 4 11 26 2 0 10 2 3 19 10 36 313 160 142 194 73 242 3778 5863 15047 10369 789 9467 1414 55 52 5 32 36 270 194 61 4 161 648 172 1849 8851 2053 1565 64 10 55 703 22 195 2 1 1 18 31 12 11 21 41 100 29 93 62 234 633 114 4 45 64 95 38 12 190 617 89 79 77 74 5 229 0 4 5 55 45 177 50 94 9 27 11 105 51 10 35 285 68 57 2 159 2 1 0 2 0 2 4 0 2 0 1 1 6 3 2 18 10 22 19 12 13 52 43 74 15 8 5 13 0 0 2 1 0 5 31 3 14 14 1 38 70 1 18 1 1 10 1 3 0 27 21 17 0 7 0 1 2 1 1 0 0 0 2 1 0 1 11 2 2 1 6 2 1 0 8 2 2 0 1 9 3 30 102 18 1 1 31 1 1 1 0 1 9 0 1 11 0 5 2 0 1
0 0 2 2 4 1 0 3 2 1 0 3 18 152 221 239 37 441 123 184 46 849 10369 17150 444 6720 5459 173 101 5 9 1 17 14 118 3 110 47 286 3396 2981 4402 2193 23 17 393 999 25 208 2 1 2 54 67 16 5 22 19 611 30 254 33 73 479 135 16 129 153 94 20 6 14 25 41 16 81 4 1 14 0 3 0 123 88 65 111 57 10 37 11 245 63 15 24 181 7 10 0 120 10 0 0 0 0 0 0 0 0 0 0 0 0 1 3 34 7 2 28 3 43 32 101 52 4 0 3 2 0 2 9 0 0 1 0 0 0 6 4 16 18 5 4 1 0 0 0 9 0 13 87 1 0 0 0 0 1 1 0 0 0 0 0 0 0 0 4 6 6 3 17 0 0 0 0 1 4 0 0 31 3 0 8 17 1 5 2 0 2 2 0 1 9 0 0 0 0 0 0 0 0
15 1 15 8 32 51 1 10 32 10 9 104 1 5 7 8 5 10 4 8 301 6399 789 444 20276 2287 473 109 139 11 402 39 101 12 32 3 9 46 9 4434 448 31 307 7 3 26 4614 19 25 1 1 2 216 241 66 42 136 80 37 9 44 42 215 558 160 1 371 240 89 18 7 266 124 351 505 54 124 4 188 0 9 0 726 583 1310 1397 5501 7 2 6 68 18 10 12 154 73 135 26 5027 2107 1 0 1 1 1 0 0 1 0 1 5 6 2 0 1 6 13 7 10 2 27 7 37 39 27 3 6 0 0 1 0 0 10 43 0 25 5 3 103 112 0 13 0 0 21 1 2 0 18 6 9 1 0 0 0 1 1 0 0 0 0 0 0 1 0 12 1 3 0 1 8 1 0 8 0 0 0 1 6 4 50 129 35 0 4 25 1 1 1 2 2 4 0 2 7 0 7 2 1 3
0 1 0 0 1 4 1 1 0 0 0 1 2 29 41 29 13 21 17 39 59 2182 9467 6720 2287 7850 1240 18 17 2 2 0 3 3 37 1 15 6 8 4194 1381 138 577 2 1 16 1736 7 24 0 1 0 11 24 3 1 2 5 272 1 34 14 99 385 40 1 29 86 46 8 3 5 2 9 7 23 1 0 1 0 2 0 49 41 45 74 77 1 3 2 39 13 5 11 92 3 0 0 70 3 0 0 1 0 0 0 0 1 1 0 0 0 1 0 3 16 4 19 11 0 38 36 71 1 1 0 5 0 1 7 0 0 0 2 0 1 10 1 7 31 1 10 0 0 0 1 1 0 20 6 1 0 0 0 0 0 0 1 0 0 0 0 0 0 0 4 0 2 0 2 0 0 0 5 0 1 0 0 3 1 2 15 7 0 1 0 0 0 2 0 0 1 0 0 1 0 0 0 0 0
3 3 8 2 4 6 1 4 2 4 4 21 54 1222 980 1433 23 2417 514 193 71 635 1414 5459 473 1240 26267 6316 677 12 46 9 50 78 3942 49 495 77 663 2264 1482 254 387 17 10 337 1104 10 63 0 4 6 187 358 69 10 164 99 1682 125 108 27 141 1297 2133 29 618 376 79 20 8 51 87 78 110 31 8 0 34 1 6 1 405 376 169 295 95 4 11 4 63 39 11 8 87 23 4 2 259 30 0 1 0 1 0 0 0 0 0 0 4 0 3 5 176 19 14 69 12 217 77 433 87 7 1 3 7 4 1 13 0 1 2 1 1 6 12 7 49 73 12 16 4 0 1 0 5 3 47 132 8 1 0 0 1 1 0 0 0 0 0 0 0 0 0 7 0 8 2 20 2 0 0 8 0 1 0 0 5 2 5 34 43 0 0 3 0 0 0 0 0 5 1 0 3 0 0 1 0 1
5 3 6 3 15 12 1 3 2 3 1 14 35 352 2906 4104 33 832 137 44 30 81 55 173 109 18 6316 7853 1113 36 113 28 81 186 148 79 406 76 5938 35 237 29 24 19 1 227 227 9 8 0 1 5 191 336 55 13 366 386 367 308 46 11 50 740 1753 15 825 307 118 11 6 35 67 54 367 24 5 0 38 1 3 0 310 307 106 167 98 0 3 0 25 11 11 2 23 53 8 5 104 43 0 1 0 0 0 2 0 1 0 0 2 0 3 4 231 10 18 25 7 308 33 413 28 12 2 2 7 0 2 7 1 2 4 8 1 10 7 3 45 75 33 10 26 2 7 1 10 2 26 381 14 0 0 0 1 2 0 0 0 0 0 1 0 0 1 9 8 22 5 25 2 1 3 10 2 8 0 0 8 1 5 40 19 0 1 2 0 0 0 2 0 2 0 0 2 0 5 0 0 1
6040 325 1200 788 2080 1688 1897 416 29 193 75 1538 3 185 223 180 6 85 11 8 53 113 52 101 139 17 677 1113 31783 13007 4079 342 516 504 71 4 262 155 819 26 267 31 144 6 8 33 417 122 19 0 23 43 3339 11484 1125 51 2438 442 225 103 74 163 585 441 1068 6 4443 607 570 105 59 209 117 37 2585 102 56 0 43 1 43 3 2168 2643 131 65 489 19 15 1 98 97 82 21 129 2159 58 3054 160 393 1 1 19 5 5 44 0 1 16 4 76 61 0 0 1 1 9 1 1 8 3 10 3 12 7 0 3 0 0 0 9 2 20 100 1 19 1 1 32 18 0 6 2 0 14 0 9 0 3 21 8 0 4 0 0 3 2 0 1 0 6 3 1 0 4 0 4 2 1 3 3 2 2 5 2 2 0 2 18 4 101 69 9 0 7 55 1 1 0 2 2 8 0 6 35 0 7 0 0 1
5797 1279 519 4031 10076 6279 1445 301 76 140 266 5133 1 6 10 7 2 5 1 0 81 98 5 5 11 2 12 36 13007 22136 4551 497 283 51 3 1 25 22 38 1 313 3 4 4 0 4 5 14 12 0 24 42 880 1166 466 64 4776 45 5 6 7 16 21 17 56 1 603 24 54 27 25 123 17 6 138 8 7 0 16 2 34 2 1216 355 327 99 13 28 13 2 5 88 91 7 11 1444 47 1996 40 10 0 1 19 7 2 27 0 2 11 7 45 46 0 0 0 0 0 0 0 0 1 1 0 4 2 0 2 0 0 1 2 0 15 35 0 4 0 0 9 8 0 0 0 0 8 0 1 0 1 3 2 0 0 0 0 1 0 0 0 0 0 0 0 0 1 1 1 0 0 0 3 0 0 0 0 0 0 0 1 1 51 14 4 0 0 17 1 0 1 3 1 0 1 1 21 0 1 1 0 0
51 22 37 547 6967 1775 115 24 9 26 37 888 1 34 31 25 7 36 1 2 183 301 32 9 402 2 46 113 4079 4551 16306 406 784 395 11 3 113 112 113 6 465 4 28 3 0 13 173 28 7 1 6 18 440 717 148 46 13202 535 40 39 20 28 42 45 164 0 2985 264 129 18 22 134 181 11 3788 43 6 1 25 2 19 0 1102 906 764 1292 422 13 6 1 8 32 33 3 20 6085 17 168 5318 11260 0 0 0 1 0 4 1 0 2 0 13 7 0 0 2 0 0 1 0 5 2 5 4 2 3 0 2 0 0 0 0 0 2 17 0 2 0 0 12 15 0 1 2 0 3 0 1 0 2 11 3 0 1 0 0 0 0 0 0 0 0 0 1 1 0 1 0 1 0 1 1 0 1 2 1 0 0 0 6 1 12 20 3 0 3 10 0 1 0 0 3 2 0 0 2 2 3 0 0 0
22 3 7 18 745 2408 48 10 10 34 47 1181 0 4 7 10 0 8 0 3 260 441 36 1 39 0 9 28 342 497 406 5304 4605 2046 2 0 37 59 25 0 235 3 4 0 0 5 16 12 2 0 2 7 56 61 25 19 118 6116 11 102 10 14 15 6 57 1 106 44 67 8 18 337 102 15 4426 31 5 0 29 0 5 0 177 90 222 89 18 6 1 0 4 10 6 3 12 6661 92 64 76 7 3 0 9 9 3 54 2 3 15 14 89 57 0 0 1 0 5 0 1 4 1 3 2 6 7 0 3 0 0 0 3 2 37 72 0 18 0 0 21 17 1 1 0 1 9 1 0 0 0 1 5 0 0 0 0 1 0 0 0 0 6 0 1 1 3 0 1 0 0 0 4 1 0 0 0 0 0 0 2 0 88 37 5 0 0 40 0 0 0 1 2 0 0 1 51 4 9 2 0 2
15 2 23 24 561 2096 57 13 35 122 191 4635 1 46 65 56 25 61 7 14 700 1234 270 17 101 3 50 81 516 283 784 4605 10073 6943 8 7 558 5383 195 2 499 13 20 29 5 47 128 38 2 9 5 9 73 95 34 32 369 3469 100 375 79 31 40 43 198 5 305 333 237 11 36 1654 4557 169 5069 86 90 18 108 2 6 6 254 110 327 119 89 7 8 6 37 15 21 3 12 4068 530 84 182 18 6 4 51 29 12 151 2 13 62 32 238 190 2 0 17 4 54 5 15 11 35 8 15 92 48 2 28 1 0 3 14 3 113 357 4 94 4 3 175 180 4 26 0 3 79 0 4 0 17 39 59 0 1 4 0 2 0 0 1 0 20 8 3 8 11 13 0 2 2 1 23 5 5 26 1 1 0 3 4 3 430 411 28 4 5 239 0 0 3 12 19 8 2 10 156 3 53 7 1 5
3 0 2 1 86 51 1 1 5 1 2 42 1 567 249 107 29 100 9 35 83 210 194 14 12 3 78 186 504 51 395 2046 6943 10053 51 16 2694 2966 235 13 141 7 28 3 1 21 221 18 6 0 0 1 62 62 19 6 320 6026 906 8041 53 14 24 35 252 2 329 1489 212 11 18 103 966 68 2891 63 6 3 66 0 2 0 79 59 51 48 110 4 1 1 19 5 5 2 8 745 8 3 21 14 0 1 3 0 1 8 0 3 3 0 13 15 3 0 3 2 54 2 12 8 50 11 27 47 24 9 21 1 0 5 3 0 9 39 5 45 2 6 144 204 2 23 4 1 17 1 2 0 20 22 61 0 1 1 0 2 0 0 1 0 3 1 1 0 3 21 4 2 1 2 12 1 3 26 0 3 0 0 4 2 32 228 15 4 3 13 0 1 0 5 4 3 2 1 6 1 11 4 2 3
0 0 1 0 0 2 0 0 0 2 0 1 0 4247 3427 93 69 24 40 94 3 5 61 118 32 37 3942 148 71 3 11 2 8 51 3927 565 375 19 14 848 177 16 37 1 0 2 624 1 5 0 0 0 15 37 5 2 42 42 3302 159 2 7 16 46 34 0 61 84 4 0 2 3 13 16 20 4 2 1 4 0 0 0 24 28 14 12 10 0 1 1 2 3 0 2 14 2 2 0 10 6 0 0 0 0 0 0 0 4 0 1 0 0 14 3 8 41 21 81 22 10 98 180 139 3 4 2 13 1 5 27 0 0 1 0 0 1 30 6 20 62 2 34 3 0 1 4 0 0 59 1 13 0 1 0 0 1 0 0 0 0 0 0 0 0 0 23 0 6 2 0 1 0 0 4 0 0 0 0 2 0 3 43 33 1 1 6 0 0 0 1 0 0 2 0 10 1 1 0 0 0
0 0 0 0 0 1 0 0 0 0 0 0 0 2535 6674 54 386 42 2 143 0 1 4 3 3 1 49 79 4 1 3 0 7 16 565 478 441 13 40 19 25 2 3 0 0 0 6 0 1 0 0 0 1 3 1 0 4 9 596 392 0 1 2 3 30 0 5 6 19 1 1 0 2 1 6 2 1 0 0 0 0 0 2 2 1 0 0 0 1 0 2 0 0 0 1 1 0 0 1 0 0 0 0 0 0 0 0 0 0 0 0 0 0 2 1 0 3 2 1 0 11 9 7 1 1 0 2 0 0 2 0 0 0 1 0 0 1 0 3 8 0 0 0 0 2 2 0 0 3 2 3 0 0 0 0 0 0 0 0 0 0 0 1 0 0 2 0 0 0 0 0 0 0 0 0 0 0 0 1 0 0 2 1 0 0 1 0 0 0 0 0 0 0 0 2 0 0 0 0 1
1 0 1 0 24 14 0 1 0 0 1 16 26 1356 2326 671 2690 712 564 481 48 111 161 110 9 15 495 406 262 25 113 37 558 2694 375 441 8372 5503 708 181 250 26 69 45 3 142 242 9 8 2 0 3 19 34 7 1 161 1402 2562 3457 159 15 31 161 215 7 172 1279 144 3 11 36 207 99 547 65 2 1 28 0 2 0 58 39 29 19 35 0 0 3 56 6 5 2 27 88 1 1 13 8 0 2 2 2 2 6 0 4 0 0 9 14 17 1 27 31 180 25 71 12 259 55 269 86 42 19 102 3 9 14 4 3 15 56 9 75 30 25 321 505 1 146 5 0 34 10 6 0 156 73 189 2 3 0 0 5 0 2 0 0 2 2 1 0 6 83 0 11 5 5 20 6 3 83 2 5 3 1 3 0 56 428 63 4 2 49 0 0 0 4 6 5 3 3 16 0 32 3 4 9
1 0 0 1 40 23 0 1 3 0 3 50 497 133 380 249 1746 1278 3894 362 190 419 648 47 46 6 77 76 155 22 112 59 5383 2966 19 13 5503 15350 685 21 554 53 121 2562 152 966 254 62 28 9 1 19 15 29 5 1 66 553 299 470 473 82 77 93 160 93 81 390 216 37 93 209 3229 931 418 268 29 54 89 0 14 4 31 27 72 27 45 8 17 45 578 8 10 5 87 155 25 3 35 8 1 4 6 2 5 16 0 24 5 0 22 34 61 16 149 170 402 193 193 129 746 436 819 203 153 50 232 16 25 68 8 10 34 182 21 176 144 85 734 1096 14 422 12 6 81 26 34 6 423 290 408 3 4 1 2 15 0 4 0 2 11 8 3 2 18 232 13 48 20 38 48 13 12 211 14 12 5 1 71 18 132 1349 291 12 9 170 7 3 4 25 20 26 12 12 104 2 73 20 4 14
2 1 4 0 33 10 1 2 1 4 1 21 50 62 673 1329 28 3261 154 140 16 38 172 286 9 8 663 5938 819 38 113 25 195 235 14 40 708 685 11387 22 862 257 376 100 17 1214 73 47 82 0 0 8 83 128 28 6 248 430 65 289 5210 61 126 587 3797 49 446 179 2951 24 43 44 188 46 425 498 1 0 42 0 13 2 144 109 63 47 65 9 30 12 565 46 17 11 92 109 2 4 21 9 0 0 0 0 1 5 0 1 0 0 2 2 3 10 694 10 26 14 8 652 58 585 19 12 3 0 6 11 2 15 2 2 5 9 1 9 1 2 51 74 79 19 163 1 8 7 96 9 68 1707 17 0 3 0 1 25 1 0 0 1 1 1 0 1 0 12 48 136 34 143 4 3 2 4 2 55 2 2 53 11 7 55 10 3 3 3 5 1 5 3 2 33 3 3 6 0 2 0 0 2
0 1 6 0 1 4 2 1 0 1 0 8 2 435 139 89 23 52 52 117 53 1303 1849 3396 4434 4194 2264 35 26 1 6 0 2 13 848 19 181 21 22 5088 931 95 244 3 2 11 5884 10 20 1 1 0 36 43 13 5 5 13 2218 20 8 12 36 206 28 2 65 271 14 6 5 8 13 35 15 14 0 0 5 0 1 0 96 82 54 111 86 3 6 1 28 5 5 3 37 8 1 0 98 12 0 0 0 0 0 0 0 1 0 0 0 1 5 3 5 32 21 63 27 9 105 122 138 0 3 4 3 2 9 17 0 1 0 1 0 2 29 5 43 89 0 32 1 1 1 1 0 0 52 5 10 0 0 0 0 0 0 0 0 0 0 0 0 0 0 25 0 11 0 0 0 0 0 5 1 2 0 1 0 0 3 38 28 0 0 5 0 0 0 2 0 2 0 0 4 0 0 0 0 0
895 264 1469 508 338 1209 215 715 101 756 578 2073 39 58 1630 759 352 1208 358 921 966 943 8851 2981 448 1381 1482 237 267 313 465 235 499 141 177 25 250 554 862 931 10589 4425 1554 123 80 607 424 649 3885 37 289 155 55 90 839 1950 80 118 106 58 561 514 328 534 382 85 121 77 474 531 426 556 362 199 335 733 170 12 234 14 337 42 1547 196 1800 241 126 880 1451 319 1174 2297 1015 553 1308 446 174 96 223 30 6 3 29 13 10 86 0 9 34 18 107 101 1 3 71 3 32 23 7 83 42 151 36 51 34 3 15 0 1 2 6 3 73 239 4 54 9 4 106 131 10 17 5 2 53 2 25 2 23 188 22 10 28 2 0 17 10 2 5 14 1 4 2 4 7 7 15 15 9 28 16 9 3 15 12 16 4 30 103 25 293 270 34 1 34 159 33 22 63 9 13 99 7 6 85 4 28 2 1 5
2 0 4 2 3 1 1 2 2 1 0 2 16 9 123 103 23 208 58 79 8 177 2053 4402 31 138 254 29 31 3 4 3 13 7 16 2 26 53 257 95 4425 7780 9205 73 88 528 65 78 1833 10 4 2 8 15 2 0 6 17 17 7 734 92 100 196 319 87 20 15 465 62 29 12 28 17 16 581 7 5 28 0 8 2 17 14 12 22 4 19 130 71 1262 157 29 53 607 6 15 0 23 1 0 1 1 0 0 0 0 0 0 1 1 0 0 1 26 2 1 8 2 22 8 28 10 0 0 1 0 0 1 1 0 0 0 1 0 1 2 0 8 9 0 1 2 0 0 1 21 0 12 135 1 1 4 0 0 12 1 0 0 7 0 0 0 0 0 1 13 8 6 49 1 1 1 1 5 15 0 3 135 31 4 4 2 0 20 1 1 7 9 0 0 35 1 0 0 1 1 0 0 0
4 1 3 1 6 7 1 2 6 0 0 14 31 56 251 171 44 388 162 218 43 750 1565 2193 307 577 387 24 144 4 28 4 20 28 37 3 69 121 376 244 1554 9205 5727 187 222 1006 394 192 3071 38 11 4 62 112 26 7 24 43 182 28 2194 367 1591 6706 912 170 164 77 1449 198 71 26 85 50 61 1669 37 13 63 1 10 2 163 129 110 129 46 21 179 168 3271 200 72 200 2814 28 33 4 106 13 0 0 0 0 0 1 0 0 0 1 0 1 0 2 67 4 5 18 1 54 22 80 19 1 3 0 4 0 1 3 3 0 2 4 0 3 11 1 12 21 3 5 2 0 0 5 68 0 19 348 1 2 19 0 2 21 3 1 0 0 0 0 0 1 0 2 44 16 15 91 0 1 0 1 24 28 2 11 317 88 4 18 12 0 71 4 3 18 14 0 1 145 6 0 2 0 0 0 0 1
0 0 0 0 0 1 0 1 1 0 1 2 6164 6 9 10 50 489 6488 256 29 85 64 23 7 2 17 19 6 4 3 0 29 3 1 0 45 2562 100 3 123 73 187 10159 3896 1159 19 102 60 959 16 53 1 4 0 1 2 3 7 0 347 108 112 86 67 380 4 4 127 54 164 225 4688 3195 9 227 467 3623 5357 42 57 329 2 3 5 4 2 219 277 1386 2043 10 30 16 181 4 17 1 4 2 2 1 2 1 2 0 0 31 1 1 2 5 34 18 500 120 161 277 120 365 546 1207 637 54 56 35 93 13 27 66 3 1 13 30 5 46 109 45 326 472 20 215 14 1 24 11 42 23 380 422 162 4 20 6 0 42 3 1 2 6 0 2 2 3 3 127 29 42 27 64 15 8 6 67 34 25 3 7 192 65 50 584 447 4 73 105 4 27 16 6 6 151 11 6 78 0 17 11 0 10
0 0 0 0 2 0 0 1 65 2 0 2 3486 0 3 7 24 33 670 72 1 10 10 17 3 1 10 1 8 0 0 0 5 1 0 0 3 152 17 2 80 88 222 3896 10452 1260 4 36 77 4385 3 18 3 2 3 0 3 3 3 1 80 51 71 126 89 1917 5 3 83 24 54 254 264 197 10 83 690 624 1128 51 38 463 6 3 3 8 3 290 513 6317 4027 18 12 12 145 3 307 23 3 0 0 5 0 0 2 2 0 1 1 0 5 3 0 0 251 2 3 5 4 73 75 89 25 2 4 0 0 0 0 1 16 9 4 5 0 5 1 0 58 101 7 4 17 2 0 50 615 4 156 2284 4 13 104 3 9 261 15 1 2 35 5 7 0 5 3 2 296 86 123 850 7 8 6 2 253 243 15 42 2499 676 1 37 7 0 491 9 41 149 92 2 2 935 53 6 5 0 5 0 0 1
0 0 1 0 4 0 0 2 6 0 0 2 5874 2 25 42 72 1509 2496 307 7 43 55 393 26 16 337 227 33 4 13 5 47 21 2 0 142 966 1214 11 607 528 1006 1159 1260 4413 21 42 99 14 1 4 9 12 3 2 10 25 8 11 1376 59 189 1675 1153 1978 26 14 239 18 12 31 180 516 31 96 21 14 61 0 1 0 13 18 9 26 8 12 38 47 2955 47 17 24 127 17 19 3 11 0 0 3 1 0 2 0 0 2 0 0 0 1 3 22 2469 14 18 49 2 1172 129 1259 41 4 1 4 7 13 2 22 15 9 3 2 1 5 7 4 52 121 114 17 275 2 4 44 695 27 225 5604 7 3 11 2 1 101 4 1 2 6 7 3 1 4 6 6 250 339 112 1186 7 14 5 8 11 227 6 7 532 62 2 28 52 3 19 8 24 14 34 2 4 62 9 9 8 0 3 2 0 1
19 1 14 4 18 30 4 14 6 8 4 37 2 315 83 25 13 26 11 26 166 923 703 999 4614 1736 1104 227 417 5 173 16 128 221 624 6 242 254 73 5884 424 65 394 19 4 21 6560 22 13 0 3 4 241 458 86 18 337 217 2688 100 39 38 161 526 248 3 809 1131 124 24 11 170 237 113 191 31 50 1 159 0 3 2 543 550 288 559 1461 3 6 5 32 22 14 12 91 36 32 3 704 332 0 0 0 0 0 2 0 1 0 0 5 5 7 2 7 25 42 38 23 9 129 48 153 27 5 6 26 2 2 7 0 0 3 16 3 23 14 9 122 208 0 60 0 0 8 1 1 0 60 10 54 0 1 0 1 0 0 0 0 1 0 1 0 2 3 27 2 4 1 1 3 1 1 14 0 2 0 0 5 1 16 157 28 1 3 19 0 0 0 1 2 4 0 2 8 1 11 2 2 1
7 2 12 5 14 8 1 8 2 5 2 13 10 1 22 33 8 64 47 24 5 35 22 25 19 7 10 9 122 14 28 12 38 18 1 0 9 62 47 10 649 78 192 102 36 42 22 22170 647 269 26 25 15 34 5 0 17 53 3 3 254 10985 1968 393 495 28 61 21 5727 964 5012 22 63 11 94 6836 7 2 32 9 186 180 53 26 20 32 12 2449 1912 188 1033 334 156 226 583 35 5 1 12 1 0 1 0 0 0 0 0 1 0 0 0 1 0 0 8 1 1 3 2 14 4 9 2 0 0 2 4 1 0 2 0 2 2 1 0 4 0 0 1 7 0 3 0 5 3 13 19 1 7 62 1 160 1237 18 8 548 45 6 24 114 1 1 0 0 0 1 12 13 185 28 3 2 1 0 89 19 62 345 470 44 2 2 2 0 414 20 504 415 1494 1 0 2720 58 0 9 1 0 0 0 0
15 2 18 5 6 16 11 20 4 18 3 21 8 2 64 60 8 107 56 49 4 65 195 208 25 24 63 8 19 12 7 2 2 6 5 1 8 28 82 20 3885 1833 3071 60 77 99 13 647 10786 54 108 10 4 10 6 6 5 6 3 3 202 549 253 68 92 83 14 5 177 220 110 20 14 24 19 592 22 12 37 2 36 7 34 16 15 17 4 227 1008 280 972 8522 532 1799 8007 13 29 2 12 1 0 0 0 0 0 1 0 0 0 0 2 0 0 0 6 0 0 3 0 2 9 16 4 0 0 1 0 0 0 1 0 0 1 0 0 0 1 1 2 4 1 2 0 0 0 0 4 0 7 48 0 2 37 0 0 20 1 0 1 5 0 0 0 0 0 0 4 1 5 14 0 0 0 0 20 5 2 6 98 30 0 2 0 0 69 1 3 24 30 0 0 137 5 1 1 0 0 0 0 0
3 0 1 0 1 0 0 0 79 1 0 2 69 0 2 1 3 3 18 6 1 3 2 2 1 0 0 0 0 0 1 0 9 0 0 0 2 9 0 1 37 10 38 959 4385 14 0 269 54 11665 40 325 7 1 1 1 0 0 0 0 14 128 107 6 10 2130 2 0 65 38 64 339 113 876 1 233 1511 715 1181 426 132 5583 2 3 3 2 3 2471 1735 5976 639 13 13 12 156 2 531 27 0 0 0 0 1 0 0 1 0 1 0 3 4 1 0 0 5 1 1 2 0 3 7 1 8 0 0 0 2 0 1 0 0 1 0 1 0 0 0 0 4 6 0 0 1 0 2 10 12 1 13 81 2 46 518 6 3 395 28 2 23 71 0 1 0 0 0 0 18 7 81 36 0 1 0 0 63 17 31 95 675 89 3 10 4 0 421 5 160 1484 784 0 0 1853 28 0 2 0 0 0 0 0
39 5 36 7 10 21 20 55 12 24 8 19 0 1 1 1 1 2 3 0 0 4 1 1 1 1 4 1 23 24 6 2 5 0 0 0 0 1 0 1 289 4 11 16 3 1 3 26 108 40 15874 9888 8 3 80 33 1 0 0 1 8 20 8 3 9 106 8 0 28 398 57 18 2 155 3 28 93 28 33 1159 403 293 124 12 9 18 10 137 41 14 22 7480 9129 150 98 9 57 5 5 4 0 0 1 0 0 0 0 0 0 0 0 0 0 0 0 0 1 0 0 0 0 0 1 1 0 0 0 0 0 0 0 0 0 1 0 0 0 0 1 3 0 0 0 3 0 0 0 0 0 0 0 0 4 0 0 2 394 21 259 20 0 0 0 0 0 0 0 0 0 0 0 0 0 0 1 0 9 3 1 0 2 3 0 0 2 1 16 8 18 0 1 8 0 0 0 0 0 0 0 0
68 9 60 16 25 24 52 74 32 42 11 38 0 2 1 0 0 1 3 1 4 4 1 2 2 0 6 5 43 42 18 7 9 1 0 0 3 19 8 0 155 2 4 53 18 4 4 25 10 325 9888 12238 8 9 166 50 6 7 0 0 32 14 5 6 19 616 12 7 122 62 50 74 28 591 17 171 335 109 128 15981 1527 1792 214 37 19 19 3 864 105 91 90 930 2234 6 9 8 197 31 13 1 1 0 0 0 1 2 0 1 0 0 1 0 0 0 0 1 1 0 0 0 3 1 0 1 2 1 1 0 0 0 1 0 1 3 0 0 0 0 2 0 0 1 0 11 4 0 5 1 1 6 0 5 35 8 2 12 4725 127 5388 2302 1 2 0 0 0 0 1 0 3 15 0 0 0 1 3 0 422 341 21 5 5 10 3 1 4 11 507 33 838 0 3 113 7 0 12 0 0 0 0 0
593 84 424 138 296 342 892 532 195 417 77 421 0 14 19 19 1 12 2 4 17 63 18 54 216 11 187 191 3339 880 440 56 73 62 15 1 19 15 83 36 55 8 62 1 3 9 241 15 4 7 8 8 11637 10078 5157 6 236 86 28 2 17 30 119 185 211 4 524 161 91 12 5 92 17 24 512 16 31 1 37 1 11 7 1645 1894 53 182 340 3 4 2 23 18 26 9 26 207 218 6266 267 234 0 1 10 2 1 6 0 0 5 5 20 14 1 0 2 0 3 0 1 0 1 0 1 11 5 0 2 0 0 0 4 0 14 35 0 10 0 1 9 23 0 3 0 1 9 0 0 0 1 0 7 0 0 1 0 0 0 0 0 0 0 0 0 2 0 1 1 1 0 2 3 1 1 1 0 1 0 0 2 1 42 51 5 0 1 21 0 0 0 2 0 0 0 1 13 0 3 0 0 0
660 88 484 142 363 373 807 559 101 325 47 387 0 29 34 35 0 20 1 3 10 49 31 67 241 24 358 336 11484 1166 717 61 95 62 37 3 34 29 128 43 90 15 112 4 2 12 458 34 10 1 3 9 10078 15915 1087 13 964 187 45 8 34 42 209 276 382 1 2723 335 167 24 18 83 34 50 1321 34 23 3 36 0 5 1 2045 9379 45 161 583 10 4 1 39 24 23 5 54 341 26 1631 424 440 0 0 6 1 3 15 0 2 4 4 18 24 0 0 1 0 4 1 1 1 4 0 2 14 8 1 1 0 0 1 0 1 8 36 0 11 0 0 20 12 0 1 0 0 5 0 2 0 1 3 5 0 0 0 0 0 1 0 0 0 2 0 0 2 1 1 0 1 0 0 3 0 1 1 0 1 0 0 5 1 46 56 3 0 0 17 0 0 1 3 1 0 0 1 9 1 5 0 0 0
357 55 293 72 174 213 522 419 97 211 53 265 0 11 17 7 1 4 2 0 8 23 12 16 66 3 69 55 1125 466 148 25 34 19 5 1 7 5 28 13 839 2 26 0 3 3 86 5 6 1 80 166 5157 1087 21328 834 52 21 14 4 5 16 38 58 67 2 141 53 39 41 37 34 10 25 138 10 10 1 16 7 74 3 3098 327 54 122 95 37 9 3 15 438 224 10 15 77 21 1428 104 46 0 0 1 0 0 7 0 1 2 0 13 11 0 0 1 0 2 0 0 0 0 0 1 0 1 1 1 0 1 0 0 0 4 13 0 4 0 1 9 13 0 0 0 0 0 0 0 0 0 1 2 0 1 0 0 0 1 0 2 0 0 0 0 1 0 0 0 0 0 0 5 0 0 1 0 0 0 1 3 0 25 21 5 1 0 11 1 0 1 1 0 1 0 1 4 0 1 0 0 0
93 16 116 35 44 112 47 112 12 73 22 154 1 2 1 2 0 0 0 0 1380 233 11 5 42 1 10 13 51 64 46 19 32 6 2 0 1 1 6 5 1950 0 7 1 0 2 18 0 6 1 33 50 6 13 834 3023 7 4 1 1 1 5 12 8 16 1 10 9 6 19 14 33 12 12 27 4 4 1 7 4 20 0 3972 36 1838 75 24 15 7 2 1 177 90 4 11 39 13 9 91 10 0 0 0 0 0 1 0 1 1 0 4 3 0 0 0 0 1 0 0 0 3 0 1 8 1 0 0 0 0 0 1 1 0 6 0 2 0 0 4 7 0 0 0 0 0 0 0 0 0 0 1 0 0 0 0 0 1 0 0 1 0 0 0 0 0 0 1 0 0 0 2 0 0 0 0 0 0 0 0 0 12 12 4 0 0 4 1 0 1 0 0 0 0 0 2 0 0 0 0 0
24 8 32 23 822 134 4 12 3 5 5 116 1 74 70 59 2 24 4 3 27 70 21 22 136 2 164 366 2438 4776 13202 118 369 320 42 4 161 66 248 5 80 6 24 2 3 10 337 17 5 0 1 6 236 964 52 7 11980 743 124 44 19 30 79 109 355 1 6844 518 217 14 15 43 107 9 5683 41 6 0 16 0 7 0 500 816 119 517 498 1 4 1 13 7 12 3 30 3042 4 4 1650 1863 0 0 0 0 0 0 0 0 1 0 1 3 0 0 3 0 3 2 1 4 2 5 3 4 2 0 1 0 0 0 0 0 2 5 0 1 0 0 6 14 1 0 0 0 2 0 0 1 1 9 3 0 0 0 0 0 0 0 0 0 1 0 0 0 0 0 0 0 0 2 0 0 0 1 0 0 0 1 2 0 6 16 1 0 2 4 0 0 0 0 1 0 0 0 1 0 1 0 0 1
4 2 7 4 54 112 4 3 0 2 4 176 3 334 255 190 20 142 4 21 79 197 41 19 80 5 99 386 442 45 535 6116 3469 6026 42 9 1402 553 430 13 118 17 43 3 3 25 217 53 6 0 0 7 86 187 21 4 743 7163 829 4722 61 55 86 66 470 0 598 2490 453 21 43 180 418 49 3556 106 11 1 36 0 11 0 171 189 124 168 446 4 5 1 22 13 12 3 25 1173 21 4 232 414 0 1 1 3 2 5 0 1 0 0 7 8 0 0 13 1 10 1 3 13 10 10 11 19 5 1 7 0 1 0 1 2 2 30 0 9 2 0 44 56 0 2 2 0 8 0 5 0 6 24 4 0 1 0 0 4 0 0 0 0 1 0 0 1 0 2 1 1 0 2 3 0 1 2 1 2 1 0 6 1 24 61 8 1 2 11 0 0 0 1 1 6 0 1 5 0 6 1 0 0
2 0 1 1 5 3 0 0 1 0 0 8 1 4640 608 25 83 42 6 49 35 52 100 611 37 272 1682 367 225 5 40 11 100 906 3302 596 2562 299 65 2218 106 17 182 7 3 8 2688 3 3 0 0 0 28 45 14 1 124 829 3547 1716 17 12 52 366 142 0 160 563 44 2 0 19 83 62 219 15 1 0 14 0 0 0 44 65 23 29 25 0 1 0 13 2 0 1 28 24 3 1 23 20 0 1 0 0 1 1 0 12 0 0 0 1 8 2 6 38 79 32 51 4 143 51 194 37 15 7 50 2 6 14 0 2 2 11 2 26 28 15 151 227 0 120 2 1 18 1 1 0 99 2 71 1 1 0 0 0 0 0 0 0 1 2 1 1 2 59 1 11 4 0 3 3 7 39 0 0 1 0 1 0 12 185 38 1 1 21 0 0 0 1 1 0 4 2 14 1 13 2 1 2
0 0 1 1 6 6 0 0 0 0 0 8 0 737 1298 328 220 192 6 148 14 26 29 30 9 1 125 308 103 6 39 102 375 8041 159 392 3457 470 289 20 58 7 28 0 1 11 100 3 3 0 1 0 2 8 4 1 44 4722 1716 3812 29 3 16 44 177 1 58 1771 97 3 4 14 94 15 467 33 0 0 7 0 0 0 16 11 7 1 41 1 0 1 9 2 1 0 13 31 2 1 5 3 0 0 1 0 0 1 0 2 0 0 4 0 4 0 11 4 45 9 13 9 46 13 44 18 21 3 19 3 2 3 0 1 1 6 1 14 10 8 70 109 1 30 1 1 4 2 0 0 34 13 21 1 0 0 1 1 0 0 0 0 1 1 0 0 0 20 0 5 0 1 2 4 1 24 1 0 0 1 1 0 15 103 13 4 1 12 0 0 0 1 2 0 1 1 5 0 3 4 0 4
3 0 0 0 10 7 0 2 8 1 0 9 261 10 72 58 25 3693 176 92 12 109 93 254 44 34 108 46 74 7 20 10 79 53 2 0 159 473 5210 8 561 734 2194 347 80 1376 39 254 202 14 8 32 17 34 5 1 19 61 17 29 5673 185 416 1536 573 265 35 30 789 115 239 41 199 43 87 1873 47 13 96 0 51 2 32 29 23 40 13 26 128 26 4602 71 47 62 488 32 44 8 30 2 1 4 0 0 4 4 0 2 0 0 0 1 1 3 279 4 9 6 3 109 74 130 25 4 4 1 3 6 1 9 5 2 0 4 0 8 4 2 52 74 12 5 33 4 5 48 393 10 134 1481 13 13 31 3 0 126 7 1 0 13 1 1 1 1 1 2 159 149 62 351 5 7 4 3 87 141 3 19 1103 247 4 28 10 2 130 9 11 33 41 0 2 187 41 5 7 0 0 1 2 0
9 0 9 2 18 8 3 10 1 9 1 15 8 1 62 64 13 99 57 52 9 93 62 33 42 14 27 11 163 16 28 14 31 14 7 1 15 82 61 12 514 92 367 108 51 59 38 10985 549 128 20 14 30 42 16 5 30 55 12 3 185 14354 10834 540 568 35 117 26 3649 12572 1785 24 78 10 109 1416 10 7 41 6 99 223 87 47 50 41 29 304 498 184 821 353 489 1841 2489 46 10 3 15 5 0 0 0 0 0 0 0 0 0 0 0 2 0 0 7 1 0 4 0 9 5 16 2 0 0 0 0 0 0 0 1 0 1 2 0 0 0 0 3 4 1 0 1 1 1 7 9 1 5 41 1 116 727 8 5 186 39 4 24 118 0 0 0 0 0 0 10 3 78 12 0 0 0 0 40 13 49 418 235 39 1 4 3 0 233 8 401 181 927 0 0 1283 19 0 3 0 0 3 0 0
6 0 2 2 13 6 0 4 4 1 1 4 19 10 195 179 28 326 90 175 20 426 234 73 215 99 141 50 585 21 42 15 40 24 16 2 31 77 126 36 328 100 1591 112 71 189 161 1968 253 107 8 5 119 209 38 12 79 86 52 16 416 10834 24511 10259 4385 62 367 73 6402 1771 251 29 75 41 157 1139 22 8 52 0 23 10 280 226 147 170 94 40 319 171 1254 163 190 742 3610 42 12 3 147 10 0 0 0 0 0 0 0 0 0 0 0 1 0 0 37 0 1 2 1 36 9 44 12 5 0 0 1 1 0 1 0 0 1 0 0 1 0 0 11 24 4 1 2 0 2 4 14 1 9 84 2 14 149 3 1 92 7 0 1 11 1 0 0 0 0 0 12 3 36 18 0 0 0 2 39 11 9 32 185 30 2 13 3 1 180 2 21 57 109 0 0 471 7 0 2 0 0 0 0 0
16 1 14 5 15 21 2 2 3 2 3 15 50 170 143 177 13 601 119 79 78 921 633 479 558 385 1297 740 441 17 45 6 43 35 46 3 161 93 587 206 534 196 6706 86 126 1675 526 393 68 6 3 6 185 276 58 8 109 66 366 44 1536 540 10259 13361 11423 88 552 163 3548 217 80 47 81 65 103 805 13 0 35 0 14 1 416 386 236 349 81 8 42 28 1500 37 47 90 1323 27 10 2 326 33 0 1 0 0 1 0 0 1 0 0 0 0 1 0 162 6 16 12 6 127 33 116 26 4 4 1 2 1 1 2 2 2 1 4 0 4 3 1 31 46 7 5 15 0 5 6 59 1 31 566 4 0 6 0 0 13 1 0 0 0 0 1 0 0 0 3 33 13 12 63 1 1 0 2 8 35 1 0 164 34 1 27 10 0 34 1 2 4 8 0 0 34 3 0 2 1 0 1 0 0
10 4 7 1 45 28 2 5 4 3 4 41 90 99 369 448 16 786 75 51 50 245 114 135 160 40 2133 1753 1068 56 164 57 198 252 34 30 215 160 3797 28 382 319 912 67 89 1153 248 495 92 10 9 19 211 382 67 16 355 470 142 177 573 568 4385 11423 14112 51 804 383 14077 184 150 77 185 67 729 471 8 3 53 0 24 2 396 377 173 216 205 9 42 20 493 44 43 47 361 133 3 6 177 35 0 1 0 0 3 2 0 0 0 1 2 5 2 3 493 3 14 12 3 385 59 257 21 10 8 2 7 7 0 9 8 4 4 13 1 15 4 4 47 90 38 8 90 2 6 27 177 4 58 2096 17 5 10 0 1 25 0 0 2 2 3 5 0 1 3 4 168 91 63 161 3 9 3 9 13 118 1 10 322 61 9 54 13 2 50 5 6 8 13 1 1 47 9 1 2 0 4 0 1 1
0 0 0 0 0 0 0 1 19 1 0 0 1530 1 7 3 3 81 55 14 2 6 4 16 1 1 29 15 6 1 0 1 5 2 0 0 7 93 49 2 85 87 170 380 1917 1978 3 28 83 2130 106 616 4 1 2 1 1 0 0 1 265 35 62 88 51 2368 4 0 22 23 53 80 33 315 0 56 588 756 491 546 65 2517 4 2 2 1 3 799 209 797 2083 19 10 12 177 1 104 6 0 0 0 1 0 0 0 1 0 0 0 0 0 0 2 1 360 0 4 4 2 97 30 94 10 2 0 0 0 2 0 0 2 1 0 0 0 1 1 0 15 22 9 1 13 0 0 4 209 5 38 783 0 2 19 1 1 62 23 1 15 9 0 0 0 0 0 1 12 18 12 2344 1 0 0 0 11 21 4 12 396 77 1 8 9 0 50 3 25 31 51 0 0 116 4 0 3 0 0 0 0 0
163 65 337 102 303 246 20 86 13 76 19 251 2 113 141 89 2 43 8 9 19 117 45 129 371 29 618 825 4443 603 2985 106 305 329 61 5 172 81 446 65 121 20 164 4 5 26 809 61 14 2 8 12 524 2723 141 10 6844 598 160 58 35 117 367 552 804 4 11197 824 352 49 28 78 94 51 4120 82 17 3 43 0 9 0 1470 4496 295 1908 1199 3 7 4 63 22 26 11 104 1488 27 9 1193 1370 1 0 3 1 1 3 0 1 1 1 6 11 1 0 2 1 5 2 3 1 2 5 4 7 2 1 3 0 0 0 0 1 10 25 0 18 0 1 29 20 0 4 1 0 3 1 3 0 4 17 9 0 1 0 0 4 0 1 0 0 1 0 0 0 2 1 1 2 2 0 0 1 1 0 0 1 0 0 7 2 41 55 5 0 2 23 1 0 2 0 1 5 0 4 5 0 3 3 0 1
8 2 6 7 12 15 3 0 3 4 0 19 0 273 149 71 12 41 6 11 35 73 64 153 240 86 376 307 607 24 264 44 333 1489 84 6 1279 390 179 271 77 15 77 4 3 14 1131 21 5 0 0 7 161 335 53 9 518 2490 563 1771 30 26 73 163 383 0 824 1900 186 11 17 116 311 62 1577 42 19 0 84 0 4 0 248 359 109 277 1139 2 6 2 26 12 10 6 24 68 16 4 453 786 1 1 1 0 0 3 0 1 1 1 2 4 0 2 7 6 46 1 13 3 54 10 55 21 9 0 17 1 1 1 0 0 7 11 0 15 3 8 99 117 1 19 0 1 5 2 2 0 23 16 35 0 1 0 0 2 1 0 0 0 0 1 1 0 0 22 0 1 1 1 4 1 0 11 1 2 0 0 5 1 20 124 20 2 3 9 0 0 0 3 2 0 1 1 8 0 8 0 0 2
2 0 4 2 58 35 1 4 0 2 2 31 21 28 240 158 17 462 54 66 22 205 95 94 89 46 79 118 570 54 129 67 237 212 4 19 144 216 2951 14 474 465 1449 127 83 239 124 5727 177 65 28 122 91 167 39 6 217 453 44 97 789 3649 6402 3548 14077 22 352 186 8732 875 1473 85 302 18 681 7004 10 5 107 0 186 8 184 139 88 113 134 56 294 62 1097 78 134 159 800 202 7 6 90 11 0 0 1 0 3 0 0 1 1 0 4 3 0 0 111 2 14 7 4 49 27 56 8 5 5 2 4 1 0 2 3 2 2 9 2 9 1 1 37 47 7 4 19 1 4 17 119 5 39 582 9 6 73 5 4 131 5 0 1 12 2 5 0 3 0 4 85 60 53 70 5 5 1 2 84 72 12 19 528 140 1 36 7 0 297 4 15 55 56 3 1 559 28 1 0 1 2 2 0 1
40 8 37 10 18 22 25 33 4 26 6 32 3 0 35 38 6 50 27 21 4 49 38 20 18 8 20 11 105 27 18 8 11 11 0 1 3 37 24 6 531 62 198 54 24 18 24 964 220 38 398 62 12 24 41 19 14 21 2 3 115 12572 1771 217 184 23 49 11 875 5713 1917 17 43 7 42 507 14 3 16 21 119 129 104 32 22 24 18 499 307 97 421 849 2876 2203 1218 13 9 8 18 2 1 0 0 0 0 0 0 2 0 0 0 0 0 0 10 1 2 0 0 4 1 5 3 1 0 0 0 1 0 1 0 0 1 3 0 0 0 1 2 5 0 0 1 0 2 2 7 0 2 21 0 42 199 2 0 52 68 3 45 132 0 0 0 0 0 0 2 4 24 9 0 0 0 0 13 6 63 242 105 8 4 3 2 0 59 0 219 56 373 0 0 406 10 0 3 0 0 0 0 0
30 3 37 6 17 15 14 24 10 22 5 25 13 2 7 15 7 35 52 15 2 22 12 6 7 3 8 6 59 25 22 18 36 18 2 1 11 93 43 5 426 29 71 164 54 12 11 5012 110 64 57 50 5 18 37 14 15 43 0 4 239 1785 251 80 150 53 28 17 1473 1917 9405 31 100 18 74 1954 32 10 57 81 2433 412 72 18 21 14 8 2944 2276 382 1399 380 277 217 192 32 18 10 12 2 0 0 0 0 0 0 0 2 1 0 0 0 0 0 5 0 1 1 0 2 1 3 1 0 0 0 2 0 0 2 0 0 1 5 0 2 0 0 3 1 0 1 2 1 2 6 13 0 1 45 1 97 513 7 2 107 297 14 255 702 1 0 0 0 1 0 3 2 21 20 0 2 1 0 25 12 215 1110 162 19 1 12 7 0 74 19 1094 137 1755 0 3 809 15 0 2 1 1 0 0 0
22 9 34 30 164 281 29 29 273 649 403 2502 44 12 9 11 6 17 8 5 594 1046 190 14 266 5 51 35 209 123 134 337 1654 103 3 0 36 209 44 8 556 12 26 225 254 31 170 22 20 339 18 74 92 83 34 33 43 180 19 14 41 24 29 47 77 80 78 116 85 17 31 6626 2370 785 339 60 3498 565 7851 54 19 278 270 104 304 121 141 157 105 361 216 12 8 4 26 572 7053 409 234 17 10 9 109 74 39 336 3 35 113 85 458 392 5 2 2 9 52 9 11 5 50 23 32 150 113 11 61 1 1 4 21 5 217 790 5 142 5 4 288 235 2 23 1 6 159 3 13 6 26 21 60 0 1 4 0 10 5 1 4 2 31 20 11 27 15 20 2 6 5 4 64 17 10 30 6 2 2 4 17 2 1006 800 92 8 10 586 8 9 8 11 46 23 1 19 398 13 103 18 4 12
3 0 3 3 32 32 0 0 27 3 3 43 119 42 37 40 23 65 39 24 460 1017 617 25 124 2 87 67 117 17 181 102 4557 966 13 2 207 3229 188 13 362 28 85 4688 264 180 237 63 14 113 2 28 17 34 10 12 107 418 83 94 199 78 75 81 185 33 94 311 302 43 100 2370 10676 1620 479 208 355 367 3969 12 15 67 101 52 147 75 120 43 48 151 366 10 6 9 55 322 115 13 97 9 5 4 10 9 3 23 2 18 7 2 37 38 20 4 45 46 251 38 90 55 331 117 289 202 153 28 127 6 6 17 6 10 50 214 10 185 41 53 767 949 9 192 8 5 87 4 7 2 231 63 261 1 6 1 1 12 5 1 0 2 4 3 5 4 12 115 3 23 10 11 42 16 7 141 9 10 2 2 55 14 244 1458 237 11 13 157 5 7 3 18 21 31 5 16 59 6 115 17 9 17
5 3 15 3 13 31 5 9 116 8 19 80 1578 47 43 23 105 123 4248 301 254 506 89 41 351 9 78 54 37 6 11 15 169 68 16 1 99 931 46 35 199 17 50 3195 197 516 113 11 24 876 155 591 24 50 25 12 9 49 62 15 43 10 41 65 67 315 51 62 18 7 18 785 1620 3564 125 31 4058 1733 3501 408 76 1385 152 62 156 100 169 759 303 770 291 29 11 4 44 27 2207 55 231 17 1 2 10 5 3 18 1 31 3 10 37 32 9 8 550 10 49 27 14 111 142 463 99 105 95 5 36 4 0 20 4 6 32 167 3 66 15 10 186 143 4 33 7 3 48 7 15 55 192 191 50 3 7 0 1 12 29 1 25 10 5 5 4 4 9 31 2 4 4 130 41 5 1 22 4 2 5 11 25 4 260 718 836 9 5 337 14 8 28 14 10 47 4 9 106 8 65 13 3 7
