49967 9514 20696 4553 804 1334 9688 12124 359 11852 512 1040 3 1 0 0 1 1 1 0 121 33 11 2 8 1 1 1 6076 12973 111 24 10 1 1 0 0 2 5 2 1840 9 24 5 2 0 13 50 70 8 193 284 1217 435 504 282 30 3 1 0 4 53 22 12 8 5 437 17 36 91 29 23 3 21 33 18 10 1 4 3 208 15 1292 385 850 417 1 73 55 18 33 378 248 99 87 70 91 1236 9 16 31 16 163 54 19 153 9 36 105 32 119 157 0 1 0 0 0 1 1 0 3 1 2 6 1 0 1 0 0 0 74 6 68 120 2 44 0 0 18 5 0 0 0 5 19 0 2 0 5 0 0 3 4 3 0 2 0 1 0 5 6 5 0 11 29 0 2 0 0 1 5 6 3 0 0 0 0 3 4 0 155 50 5 0 1 79 3 1 6 1 6 3 1 29 37 17 17 2 0 0
9514 22078 10647 8503 3135 1875 833 224 73 443 252 931 2 0 0 0 0 2 1 0 100 20 3 0 3 0 0 0 1016 7671 261 26 8 1 2 0 0 1 0 2 819 5 17 0 1 0 4 19 22 3 39 49 215 88 111 154 37 1 0 0 3 23 8 2 7 1 182 9 15 29 15 13 8 9 24 10 6 0 6 2 46 2 304 111 545 229 1 28 14 4 10 86 46 36 36 47 44 193 12 7 19 8 135 46 13 138 11 24 87 31 85 116 0 0 0 0 1 1 2 0 3 0 1 4 0 0 1 0 0 0 40 4 59 99 0 28 0 1 3 5 0 1 0 0 16 2 0 0 3 1 0 1 2 1 0 0 0 1 0 3 2 4 1 6 17 0 0 0 0 0 6 2 3 0 0 1 0 2 0 0 120 33 4 0 0 66 1 1 1 0 8 1 1 21 27 5 6 3 0 0
20696 10647 14756 15182 351 5506 526 7210 132 12453 2926 26287 0 1 0 1 0 0 0 0 215 42 6 2 8 1 5 3 866 522 100 20 15 2 2 0 1 1 1 4 1555 9 20 2 3 0 2 34 46 7 73 103 382 132 233 248 36 2 2 1 2 39 31 4 6 0 310 15 22 57 29 33 9 27 24 19 45 0 4 2 106 7 649 258 1094 357 0 44 27 17 17 167 109 68 47 58 202 153 39 15 103 56 637 265 67 665 42 98 354 150 426 488 0 0 1 0 1 1 1 0 1 2 3 24 2 4 3 0 0 0 192 13 228 379 5 98 0 0 26 14 2 0 0 4 48 3 2 1 7 0 0 4 2 0 0 2 1 4 0 2 7 6 5 28 76 0 0 0 0 0 11 8 10 0 0 0 0 3 3 1 585 110 10 1 3 294 0 4 6 2 21 4 0 67 165 59 41 6 0 0
4553 8503 15182 34331 13527 19177 1324 159 75 343 458 5192 0 1 1 0 0 0 0 1 188 79 18 1 4 0 1 0 939 3198 3248 220 34 0 0 0 0 0 2 2 756 1 6 0 2 0 2 18 21 2 22 47 202 74 71 151 96 2 0 0 2 15 6 3 2 0 156 6 11 13 7 26 8 15 23 8 11 0 15 0 28 0 224 129 736 281 2 12 11 4 7 60 36 20 17 279 157 237 70 21 61 23 326 148 42 327 26 38 176 65 221 293 0 0 0 0 5 0 1 0 1 0 1 11 2 0 0 0 0 0 93 8 147 213 2 56 0 0 13 9 0 1 0 7 21 2 1 0 0 0 0 0 0 2 1 0 0 0 0 4 8 2 1 18 56 0 0 0 0 0 5 5 5 0 3 0 0 0 2 1 322 72 3 0 3 189 0 0 2 1 10 1 2 45 78 29 11 6 0 0
804 3135 351 13527 13964 8741 928 101 113 458 422 3217 1 4 7 5 2 5 4 1 432 312 90 4 18 0 2 7 1975 8836 9155 1710 465 33 1 1 4 4 9 4 712 1 5 3 4 0 4 8 10 4 30 28 287 130 92 115 843 32 0 1 5 6 6 0 23 0 276 17 20 10 9 362 79 40 189 9 88 0 169 0 35 1 232 120 814 465 7 7 7 3 5 49 30 14 11 6023 646 401 157 400 51 26 295 142 57 284 17 20 159 52 186 270 0 0 1 0 1 1 1 1 3 0 3 26 6 2 1 0 0 0 119 4 145 273 5 80 0 0 31 24 0 0 1 3 47 4 3 0 6 2 0 0 1 0 1 0 2 1 0 1 6 1 2 14 60 0 1 1 0 0 12 10 4 1 1 1 0 1 2 1 368 103 17 0 1 221 0 0 1 1 12 2 0 61 81 32 27 10 0 0
1334 1875 5506 19177 8741 26019 829 106 101 789 1157 25803 1 0 0 1 0 1 3 0 260 178 66 2 7 0 3 3 777 2146 1963 5479 639 12 0 0 2 1 1 0 560 1 4 2 0 0 3 9 4 0 25 42 189 78 73 75 116 47 0 2 1 4 7 0 7 3 136 11 18 8 9 434 40 53 92 1 91 2 168 0 21 1 172 68 530 270 5 11 14 0 2 42 29 7 7 5202 754 266 70 20 101 55 566 211 87 525 31 58 298 114 354 471 0 0 0 1 2 0 0 1 1 1 0 35 4 0 1 0 0 2 166 3 251 386 6 98 0 0 23 11 1 1 0 14 49 2 1 1 14 0 1 1 3 1 0 1 0 5 0 1 10 5 4 37 77 0 1 1 0 1 19 13 7 0 0 1 6 0 2 1 563 129 10 0 0 317 0 1 3 5 19 0 3 79 147 44 34 5 1 0
9688 833 526 1324 928 829 8630 7460 1008 2987 151 545 0 0 1 0 0 0 0 0 59 33 8 2 4 0 1 1 1051 1047 181 75 16 1 1 0 0 0 2 3 239 1 11 2 1 1 3 24 19 2 70 99 1579 332 534 47 20 1 1 1 1 19 7 0 3 1 112 2 11 26 16 33 3 14 7 7 10 0 7 3 61 4 536 120 183 96 1 13 11 6 7 93 66 36 19 198 142 3092 11 5 29 18 155 67 15 156 10 34 75 35 109 116 0 0 0 0 1 0 0 0 0 0 1 7 1 1 0 0 0 0 48 2 63 121 5 33 0 0 6 5 1 0 1 5 16 1 1 0 4 1 0 0 1 1 0 0 0 2 2 1 4 2 1 7 27 0 1 0 0 0 3 3 1 0 2 0 1 2 1 0 134 49 5 0 0 81 0 0 0 2 3 2 1 20 46 10 13 1 0 0
12124 224 7210 159 101 106 7460 14978 2523 31603 120 195 1 0 0 0 0 0 0 1 14 9 8 1 2 0 0 1 189 137 25 10 4 0 0 0 0 3 0 0 348 6 7 3 0 1 6 23 19 3 82 150 1359 281 431 49 5 1 0 1 1 11 9 3 2 1 110 3 20 35 12 15 1 1 18 10 6 1 9 0 99 12 681 143 139 67 1 30 15 5 11 148 104 32 35 34 78 1046 6 1 11 4 48 20 5 53 9 30 34 20 41 56 0 0 0 0 1 0 0 0 2 1 0 1 1 0 0 0 0 0 5 2 22 37 0 10 1 0 5 2 0 0 0 1 0 1 1 0 1 0 0 0 1 0 0 0 0 0 2 0 1 0 2 1 6 0 0 0 1 0 0 1 1 0 0 0 0 1 1 1 50 8 3 0 0 25 1 1 1 1 3 2 0 4 16 4 4 1 0 0
359 73 132 75 113 101 1008 2523 3664 6012 282 510 53 0 0 0 0 1 2 0 23 36 21 0 1 1 1 0 51 83 27 56 88 5 0 0 0 1 1 0 67 1 3 54 83 17 2 9 4 52 17 35 357 48 116 8 4 2 0 0 2 1 3 0 2 26 24 7 3 4 5 421 13 57 50 5 174 58 176 9 30 56 128 27 30 21 0 9 16 39 63 32 25 3 9 152 1447 524 6 3 23 0 66 20 6 60 18 41 83 34 64 63 0 0 0 0 0 0 0 0 0 1 0 2 0 0 0 0 0 0 9 0 25 46 2 10 0 0 2 0 0 0 0 0 5 0 0 0 0 0 0 2 3 0 0 0 1 0 1 5 0 1 0 2 5 0 0 0 0 1 1 4 0 0 1 1 1 0 4 5 65 8 3 0 3 22 2 1 1 0 0 6 0 2 25 11 2 0 0 0
11852 443 12453 343 458 789 2987 31603 6012 31327 18073 26956 38 0 0 0 0 2 0 2 137 179 83 4 12 2 1 1 298 262 106 398 431 3 2 1 1 1 2 3 615 5 14 141 84 9 5 45 41 32 98 149 858 191 386 82 18 3 0 1 7 29 17 1 12 25 135 42 35 45 25 4061 36 226 248 12 3529 216 880 5 111 38 697 169 310 132 1 51 35 37 53 194 113 68 39 523 11307 1169 23 20 77 32 495 196 63 500 48 143 340 172 370 397 1 0 0 0 3 2 3 1 2 1 2 23 1 0 0 0 0 0 134 4 182 319 9 78 0 0 16 18 0 1 0 5 40 3 1 0 12 0 2 0 3 1 0 7 7 2 1 7 10 7 3 11 47 0 0 1 3 1 12 5 5 0 2 3 7 4 9 2 537 107 21 0 3 218 4 1 5 0 9 3 3 31 147 46 29 4 0 0
512 252 2926 458 422 1157 151 120 282 18073 5735 10637 11 0 1 0 0 1 2 0 75 55 35 0 3 0 0 1 111 133 117 151 135 2 0 0 1 0 0 2 369 0 5 48 21 1 3 7 4 18 22 50 158 19 96 23 2 4 0 0 0 2 5 2 3 6 63 5 4 13 5 1240 10 101 49 2 1967 73 341 1 36 7 172 45 125 60 0 7 3 7 10 35 29 16 11 156 2449 191 14 8 148 60 762 336 86 792 75 138 543 219 584 718 0 0 0 0 2 0 0 0 1 0 0 26 6 0 3 0 0 0 137 7 285 419 5 72 0 0 15 6 0 1 0 13 44 2 0 0 3 0 0 1 3 1 0 1 0 4 3 1 12 10 5 33 60 0 0 1 0 0 13 13 7 0 2 0 3 4 4 2 895 85 8 0 0 368 0 0 2 1 13 1 4 72 217 57 32 5 0 0
1040 931 26287 5192 3217 25803 545 195 510 26956 10637 72381 0 2 2 0 1 0 0 1 359 271 88 1 20 0 0 2 584 1044 869 1864 2249 12 0 0 1 0 2 1 724 1 4 3 2 2 3 9 7 3 18 43 171 57 107 90 57 70 1 0 1 4 2 3 6 0 225 9 10 12 3 2209 26 61 361 4 860 4 435 1 32 5 223 115 662 325 4 13 9 2 6 55 32 18 9 2484 5827 478 88 35 311 150 1671 720 227 1765 116 274 1132 403 1243 1568 0 0 0 0 4 2 0 1 1 0 1 54 10 1 2 0 0 1 413 31 701 1015 17 216 2 0 36 20 2 2 0 27 126 6 6 1 12 0 0 0 0 2 0 3 7 4 3 0 22 21 12 75 175 0 1 0 1 0 40 27 14 0 1 0 2 1 11 2 2021 293 29 1 1 1009 0 1 1 7 51 2 6 196 560 133 100 13 1 2
3 2 0 0 1 1 0 1 53 38 11 0 7588 0 2 10 34 1075 2418 197 1 5 8 3 1 0 3 12 0 1 0 0 9 1 0 1 2 102 18 1 23 0 7 8895 4564 1988 1 46 5 177 2 12 0 0 0 0 0 0 0 1 353 9 18 10 12 2470 4 0 5 5 33 27 107 3344 0 26 447 188 242 12 34 86 2 0 2 3 0 18 8 200 501 4 0 1 20 5 488 12 0 1 1 0 1 1 0 5 0 0 0 1 3 4 3 29 191 4 4 36 1 581 5 310 6 0 0 0 0 20 0 26 4 2 2 4 2 4 2 1 1 2 261 2 193 1 1 1 122 6 10 747 1 3 36 0 0 2 2 0 1 2 0 0 0 0 7 0 793 73 8 258 0 1 9 2 32 355 0 4 294 47 3 2 124 0 69 2 1 11 10 0 0 76 10 3 3 1 2 0 0 1
1 0 1 1 4 0 0 0 0 0 0 2 0 7125 9321 227 311 21 7 16 0 7 127 32 8 9 1802 1272 44 15 9 0 119 783 7588 3959 1886 87 113 1985 234 16 31 0 1 1 299 2 6 0 0 0 2 3 1 0 15 252 352 1168 13 0 12 35 200 0 24 603 108 2 1 0 15 63 144 3 0 0 1 0 2 0 1 1 4 10 3 0 1 0 3 1 0 0 12 15 0 2 4 13 0 0 0 0 0 0 0 0 0 0 0 1 17 8 0 5 2 31 9 12 16 79 20 1 0 0 4 0 0 2 0 0 0 2 0 2 7 0 5 16 5 11 1 0 2 2 0 0 16 2 10 0 0 0 1 0 0 1 0 0 0 0 0 0 1 3 4 4 0 1 0 0 1 0 0 2 0 0 3 2 0 1 14 0 0 2 0 0 0 0 1 0 0 0 0 0 2 1 0 3
0 0 0 1 7 0 1 0 0 0 1 2 2 9321 18145 7504 2588 421 179 663 9 62 448 102 28 36 1365 3069 34 10 17 1 61 171 2773 727 1470 40 870 1115 978 55 80 8 2 11 417 8 25 0 0 1 2 4 3 5 15 369 212 978 94 6 27 71 653 3 31 782 422 3 0 0 22 162 208 9 0 0 5 0 1 1 3 5 12 13 3 3 1 0 11 16 0 10 58 23 4 2 11 21 0 1 0 0 0 0 0 2 0 0 0 0 59 20 22 13 11 96 33 97 100 316 77 13 7 10 16 7 4 33 1 0 1 7 0 10 17 1 44 115 42 69 20 0 10 3 6 4 119 18 34 2 4 0 1 1 0 0 0 1 1 0 0 0 6 19 17 7 2 0 3 3 0 1 1 19 0 0 9 1 1 7 57 0 3 15 1 0 0 7 0 1 4 0 0 0 9 4 1 2
0 0 1 0 5 1 0 0 0 0 0 0 10 227 7504 18924 332 3608 2264 452 6 27 451 86 9 14 299 4325 8 2 3 2 365 308 99 10 544 465 3824 209 703 113 63 82 3 20 46 9 8 2 1 0 0 0 3 1 4 47 16 184 184 6 13 35 364 6 12 96 406 4 0 1 276 115 69 12 0 4 10 0 2 0 4 1 1 6 0 1 1 1 9 6 1 6 31 12 0 0 4 4 1 0 0 0 0 0 0 0 0 0 0 1 80 98 206 22 3 179 7 563 59 915 25 3 3 4 15 19 1 114 2 1 4 7 2 16 18 4 22 42 403 49 115 2 6 6 14 5 103 81 38 1 1 0 0 1 0 0 0 1 0 0 0 0 7 19 72 19 0 6 0 4 4 2 0 51 0 0 5 1 0 4 76 0 2 8 0 2 2 4 1 3 1 3 1 0 2 4 0 3
1 0 0 0 2 0 0 0 0 0 0 1 34 311 2588 332 633 351 1339 2633 23 97 153 43 35 63 55 57 15 3 7 0 30 43 215 39 236 96 51 562 318 14 31 326 10 47 184 6 7 5 0 0 6 5 1 2 18 86 31 283 87 1 9 27 47 4 31 160 37 3 1 1 11 312 59 4 1 5 3 1 1 0 7 3 19 24 1 1 0 2 20 3 2 2 23 10 0 1 14 3 0 2 0 1 0 0 1 2 2 0 0 0 67 14 8 12 13 56 63 23 206 201 125 32 8 11 34 6 2 16 1 4 1 38 0 42 15 6 144 276 6 91 5 0 18 8 4 2 232 7 76 7 3 1 0 1 1 2 0 1 4 1 0 1 3 29 2 14 0 1 5 7 2 8 0 9 2 0 7 1 2 31 155 1 1 63 0 0 0 9 6 2 2 0 4 0 11 8 2 6
1 2 0 0 5 1 0 0 1 2 1 0 1075 21 421 3608 351 12670 6908 2606 5 18 177 263 8 9 388 441 2 0 1 1 453 251 29 4 246 1178 2978 78 563 94 149 1524 27 3234 16 34 17 2 5 1 3 1 3 1 2 33 7 86 3206 24 25 226 285 487 4 47 326 16 16 14 1117 1424 57 102 18 24 71 0 5 0 3 0 1 5 1 1 2 2 34 7 2 3 33 6 27 0 0 3 0 2 0 0 3 4 1 0 1 1 0 5 55 643 1868 56 6 453 16 2853 101 2806 43 2 2 3 10 191 3 851 8 3 21 34 7 37 17 1 51 52 2512 15 1596 6 5 37 206 84 171 1023 9 1 7 0 0 3 1 0 0 0 1 0 0 1 27 11 846 357 7 310 0 2 15 2 8 664 0 0 62 5 2 10 468 1 15 9 1 2 2 1 1 12 17 19 1 0 4 2 1 2
1 1 0 0 4 3 0 0 2 0 2 0 2418 7 179 2264 1339 6908 63498 13205 11 104 126 34 22 52 99 105 8 4 2 5 288 47 76 2 103 6309 49 320 251 12 47 15641 229 2396 39 47 15 25 2 6 3 2 1 0 5 25 4 17 324 9 22 33 35 126 18 32 13 8 10 40 1532 10112 56 43 35 435 266 3 15 12 5 4 13 17 0 7 6 30 339 10 2 14 41 13 16 1 9 1 1 0 0 1 2 0 0 2 3 1 0 6 248 358 1063 94 50 1238 117 4625 357 6183 306 27 15 24 53 56 14 364 6 1 11 38 4 64 95 7 141 467 1532 142 437 1 28 16 64 42 425 368 84 2 9 0 0 7 0 1 1 0 3 0 0 0 21 54 380 105 9 130 10 15 11 6 11 163 2 4 23 13 3 26 1209 2 10 46 2 0 4 2 7 28 15 4 6 0 8 9 1 12
0 0 0 1 1 0 0 1 0 2 0 1 197 16 663 452 2633 2606 13205 2599 13 105 167 24 33 62 63 43 13 1 2 0 73 16 141 18 120 3189 34 431 301 13 18 1561 41 133 116 3 12 5 1 0 2 2 3 0 6 21 27 129 337 4 4 20 19 12 13 63 16 4 4 2 433 579 33 4 1 36 14 0 3 3 2 2 15 18 0 8 2 5 66 5 1 7 17 5 0 0 8 2 0 0 0 0 0 0 0 3 1 0 0 1 132 21 10 16 10 119 59 67 202 446 116 24 13 11 48 14 3 34 4 0 0 17 0 17 26 5 75 201 5 117 4 1 23 9 2 2 277 12 90 4 1 0 0 0 0 0 0 2 1 0 0 0 6 38 3 27 6 1 1 11 2 10 3 4 0 1 10 1 2 12 126 2 0 43 2 0 2 10 2 4 8 3 6 1 12 10 2 14
121 100 215 188 432 260 59 14 23 137 75 359 1 0 9 6 23 5 11 13 13166 9199 1795 20 211 11 19 6 159 242 329 180 129 25 10 2 12 24 5 35 554 8 31 45 1 1 71 5 13 0 6 3 25 10 6 904 174 14 3 13 5 6 25 22 33 1 61 90 18 8 3 73 127 289 461 5 64 4 92 0 2 2 109 48 7051 819 17 3 1 1 8 15 4 9 52 496 276 29 2048 240 7 6 25 12 10 28 0 0 14 2 13 26 13 0 0 2 11 23 16 4 45 31 26 10 2 2 5 0 1 2 26 0 20 126 10 62 5 0 68 98 4 6 0 3 16 1 1 0 43 3 12 1 2 0 0 0 0 2 0 1 6 3 1 0 17 4 0 3 0 1 9 5 4 0 0 0 0 1 1 1 65 83 42 0 0 66 0 0 0 1 9 0 0 12 4 4 10 3 0 1
33 20 42 79 312 178 33 9 36 179 55 271 5 7 62 27 97 18 104 105 9199 25582 4189 554 3645 1548 261 20 233 175 226 188 320 108 64 1 49 159 36 2896 923 240 684 95 8 16 753 43 199 1 9 9 62 65 17 112 366 29 12 37 77 106 420 215 108 7 582 141 107 75 14 133 396 812 553 29 159 5 205 0 23 0 125 173 4606 3030 37 15 16 8 90 155 40 134 879 444 526 37 6730 224 7 11 42 21 7 56 4 1 20 9 20 38 30 9 1 6 19 108 39 16 135 168 109 25 9 11 20 3 2 19 52 1 30 169 7 97 8 3 127 262 7 53 2 3 33 5 5 1 134 9 39 12 14 2 0 4 0 5 1 3 6 3 0 3 20 19 7 11 3 5 12 6 2 2 3 10 5 6 35 9 87 137 127 0 10 144 1 3 9 8 11 21 7 29 26 5 25 7 2 3
11 3 6 18 90 66 8 8 21 83 35 88 8 127 448 451 153 177 126 167 1795 4189 10040 11074 437 6015 2022 341 144 63 42 70 213 129 127 7 106 177 283 5567 8523 2735 1850 72 3 20 484 55 485 2 14 4 24 23 7 27 67 55 20 105 152 83 261 285 103 6 225 184 106 89 11 78 232 300 270 26 97 2 125 0 17 2 28 20 172 154 23 21 15 11 55 212 32 155 1039 132 251 14 102 53 7 11 25 18 7 28 0 2 27 5 23 29 36 6 8 2 14 47 21 25 60 144 47 14 3 0 17 3 0 19 18 3 31 110 5 60 9 2 67 98 9 37 6 2 14 3 2 1 81 5 18 9 15 1 0 1 0 0 0 10 1 1 1 3 21 16 4 7 2 0 5 5 4 1 4 3 1 9 18 5 68 76 62 0 7 85 0 1 14 3 9 21 4 11 12 4 10 0 1 2
2 0 2 1 4 2 2 1 0 4 0 1 3 32 102 86 43 263 34 24 20 554 11074 10832 323 5333 11191 254 152 6 27 0 32 31 244 28 26 38 255 5929 2338 7225 2810 5 7 75 400 18 347 1 6 3 22 22 9 8 89 38 55 28 402 25 167 302 174 30 334 130 108 39 3 1 32 36 11 8 0 1 5 0 8 0 24 20 28 133 8 7 3 1 86 73 12 51 582 8 2 1 114 7 0 0 0 0 0 0 0 0 0 0 0 0 4 4 12 0 0 8 0 32 7 33 5 0 0 0 1 3 0 7 0 0 1 1 0 1 3 0 1 9 35 1 26 0 2 1 5 0 3 55 1 3 4 0 0 1 0 0 0 2 0 0 0 0 0 0 49 6 2 14 1 3 3 0 1 25 0 2 31 3 1 0 6 1 3 0 0 0 2 0 0 4 1 0 0 0 1 0 0 0
8 3 8 4 18 7 4 2 1 12 3 20 1 8 28 9 35 8 22 33 211 3645 437 323 5689 312 216 29 239 14 40 10 64 31 323 1 22 58 9 2878 294 80 383 29 2 6 5617 34 47 0 10 10 111 73 26 21 599 34 113 15 56 54 262 354 165 7 1120 1014 105 47 5 12 145 187 79 21 17 1 36 0 11 0 93 89 509 1728 1402 12 4 3 77 42 22 42 357 15 25 8 3238 54 0 0 3 1 0 3 0 0 0 0 0 2 6 0 1 0 8 19 9 7 13 31 18 6 1 1 1 1 0 1 2 0 1 30 1 22 0 1 31 51 1 6 2 0 7 1 2 0 25 7 4 4 4 0 0 1 1 0 0 3 0 0 0 0 3 2 14 3 0 3 0 1 0 0 2 6 0 1 27 5 5 18 23 1 2 10 0 1 6 0 3 11 2 0 2 0 0 1 0 1
1 0 1 0 0 0 0 0 1 2 0 0 0 9 36 14 63 9 52 62 11 1548 6015 5333 312 1458 1389 10 11 1 1 0 10 5 8 0 13 21 11 3727 1399 612 543 12 3 5 39 12 49 0 2 0 1 4 3 4 6 1 2 4 17 16 96 128 27 3 54 5 23 20 1 1 16 88 1 5 0 0 2 0 3 0 3 1 5 25 1 2 1 1 24 14 10 22 211 0 0 0 18 1 0 0 0 0 0 0 0 0 0 0 0 0 11 3 0 1 0 22 5 10 5 60 12 0 0 1 2 0 0 2 0 0 0 1 0 1 7 0 2 11 0 12 0 0 1 0 0 0 3 1 2 3 5 0 0 1 0 0 0 1 0 0 0 0 1 5 2 3 0 1 0 0 0 0 1 2 0 4 4 2 0 0 9 0 0 1 0 0 1 0 1 5 1 0 0 0 0 0 0 0
1 0 5 1 2 3 1 0 1 1 0 0 3 1802 1365 299 55 388 99 63 19 261 2022 11191 216 1389 31116 10390 194 4 38 0 58 148 6607 530 80 53 179 5610 710 343 2457 13 1 20 650 10 46 1 4 2 22 18 13 3 138 163 210 212 186 11 126 4121 2002 11 348 369 228 15 0 4 30 115 53 6 1 0 5 0 4 0 17 12 24 94 20 1 2 0 34 25 7 18 211 6 1 0 108 18 0 0 0 0 0 0 0 0 0 0 0 0 14 21 54 1 0 75 6 275 15 235 26 2 0 0 5 6 1 29 0 1 0 1 1 8 6 0 12 12 161 16 97 1 1 2 11 3 16 115 5 0 1 0 0 2 0 0 0 2 0 0 0 0 2 6 133 21 2 11 1 0 1 1 3 59 0 0 30 6 0 0 31 0 2 2 0 1 1 0 0 6 0 0 1 1 1 0 0 0
1 0 3 0 7 3 1 1 0 1 1 2 12 1272 3069 4325 57 441 105 43 6 20 341 254 29 10 10390 13570 175 18 31 1 69 259 932 582 169 50 5672 432 442 92 80 9 1 74 422 2 8 0 2 1 10 5 6 1 102 349 246 574 524 3 31 1420 4357 67 122 813 869 4 0 2 28 198 191 14 0 2 5 0 1 0 16 5 10 32 3 3 0 1 10 3 2 4 16 10 7 2 17 27 0 2 0 0 0 1 0 0 0 0 0 1 48 205 445 16 10 154 14 1260 43 613 36 4 2 3 12 88 1 229 5 2 4 14 2 14 12 5 26 54 1097 25 878 5 3 28 126 22 65 861 16 0 1 0 0 0 0 0 0 0 0 0 0 1 16 2 928 228 11 87 2 5 21 2 4 625 0 0 89 8 2 5 80 3 13 7 1 0 1 1 0 0 4 4 1 0 0 0 2 1
6076 1016 866 939 1975 777 1051 189 51 298 111 584 0 44 34 8 15 2 8 13 159 233 144 152 239 11 194 175 42672 7760 2628 172 178 106 133 4 50 60 28 123 321 41 192 19 9 15 287 36 47 3 76 128 4943 9892 805 66 3325 10 31 36 97 54 256 281 637 13 7219 662 387 61 11 66 111 130 2603 25 23 2 46 0 70 9 1267 1736 382 376 638 37 17 9 73 181 99 52 204 987 202 10122 877 2293 54 38 271 133 57 264 20 17 135 33 148 234 2 0 1 1 13 7 1 3 16 8 5 33 8 2 5 0 0 0 135 6 109 490 27 219 0 0 73 48 1 6 2 14 51 5 12 0 31 26 2 1 8 1 2 4 3 7 1 7 12 7 2 18 95 1 16 4 3 1 13 20 11 1 6 13 6 1 51 10 338 363 33 1 4 377 0 0 3 5 27 6 4 70 75 24 40 4 0 1
12973 7671 522 3198 8836 2146 1047 137 83 262 133 1044 1 15 10 2 3 0 4 1 242 175 63 6 14 1 4 18 7760 15622 8959 325 146 19 3 5 3 5 7 6 578 5 13 5 0 1 9 27 24 4 50 75 336 138 120 95 2023 6 0 6 6 21 20 3 68 1 369 77 85 24 8 104 50 45 737 19 27 1 59 0 52 7 301 151 566 381 49 19 10 8 10 80 43 30 35 1886 276 439 78 1336 44 24 208 103 35 232 10 15 111 38 127 179 1 0 1 0 2 0 1 1 1 0 0 14 8 0 1 0 0 0 103 5 113 284 6 97 0 0 33 21 2 0 1 4 31 3 1 0 7 0 1 0 3 0 0 3 0 1 0 8 8 5 1 12 63 0 2 0 0 0 10 7 8 0 5 0 4 1 3 2 286 140 9 0 3 208 2 0 5 2 16 1 4 44 66 21 18 5 0 1
111 261 100 3248 9155 1963 181 25 27 106 117 869 0 9 17 3 7 1 2 2 329 226 42 27 40 1 38 31 2628 8959 11020 211 85 15 23 5 12 12 6 21 687 2 15 4 2 1 50 4 8 0 9 20 106 52 35 122 10369 7 3 11 9 8 22 43 132 2 524 248 67 9 2 72 26 22 1154 4 15 1 40 0 14 4 166 90 983 585 567 8 4 1 12 14 11 9 31 1894 177 79 1961 8135 19 8 83 29 10 73 7 5 46 11 45 78 1 0 2 0 0 1 1 2 0 1 0 7 1 1 0 0 0 1 40 3 44 93 1 34 0 0 9 6 0 1 0 3 12 0 0 0 3 2 0 0 3 0 0 0 0 0 0 2 5 1 1 3 22 1 4 0 0 1 5 4 2 0 0 2 0 1 9 2 133 29 5 0 0 61 2 1 1 1 5 2 4 18 22 7 9 2 0 0
24 26 20 220 1710 5479 75 10 56 398 151 1864 0 0 1 2 0 1 5 0 180 188 70 0 10 0 0 1 172 325 211 5310 6750 559 0 0 0 2 5 1 122 1 1 8 1 0 7 2 4 1 3 5 30 18 14 9 25 3589 0 3 2 4 0 0 2 1 56 36 7 0 1 1062 405 61 3915 2 173 2 436 0 6 0 32 25 137 115 1 0 1 0 4 9 6 2 3 11763 773 71 32 27 40 22 146 89 36 208 11 13 92 28 116 167 0 0 0 1 3 2 0 1 1 0 3 12 5 2 0 0 0 1 73 6 114 178 3 57 0 0 27 22 2 1 0 4 25 0 1 0 16 0 0 0 3 0 0 0 0 4 0 3 7 4 1 9 37 0 0 0 0 0 4 2 3 0 1 0 0 0 0 0 241 58 6 0 0 183 1 0 1 1 7 0 1 29 43 15 18 3 0 0
10 8 15 34 465 639 16 4 88 431 135 2249 9 119 61 365 30 453 288 73 129 320 213 32 64 10 58 69 178 146 85 6750 14074 4476 185 90 152 625 223 133 230 7 27 36 9 33 441 6 2 1 2 5 39 14 15 7 63 1507 95 933 112 8 9 39 81 4 103 602 94 4 1 2067 2900 409 5620 11 290 2 970 1 4 2 31 23 106 88 16 2 0 2 10 5 8 9 17 3957 1079 53 56 84 47 32 193 82 39 185 9 16 87 26 107 178 10 9 8 2 22 12 26 21 74 33 25 45 7 9 9 4 2 6 169 8 119 655 35 398 4 2 274 224 17 16 11 15 91 6 2 0 212 8 10 0 3 4 0 3 4 8 0 2 23 10 4 14 125 3 8 4 1 1 31 22 7 1 0 10 8 8 7 3 309 430 128 3 2 324 0 1 1 2 48 3 10 56 51 22 51 5 0 4
1 1 2 0 33 12 1 0 5 3 2 12 1 783 171 308 43 251 47 16 25 108 129 31 31 5 148 259 106 19 15 559 4476 3811 769 986 701 226 283 341 225 10 26 9 1 6 568 3 4 0 0 2 7 6 3 2 45 1595 287 5894 32 1 17 67 156 3 93 747 144 3 0 116 334 182 2112 11 15 1 91 0 2 1 8 10 22 37 8 0 0 1 8 6 1 2 13 495 30 0 11 25 4 4 19 10 7 11 3 3 19 6 15 13 4 3 8 0 13 8 12 23 37 30 26 25 3 3 1 3 1 3 44 0 13 268 21 178 2 1 154 145 15 4 8 10 38 3 1 1 83 18 5 1 2 1 0 0 1 4 0 3 16 1 0 2 49 1 11 4 0 4 10 5 4 0 0 5 7 3 4 1 40 159 64 0 1 59 0 0 1 1 14 4 2 16 6 3 14 1 0 2
1 2 2 0 1 0 1 0 0 2 0 0 0 7588 2773 99 215 29 76 141 10 64 127 244 323 8 6607 932 133 3 23 0 185 769 7292 6072 471 195 52 2295 117 25 174 34 1 9 1183 8 12 0 1 1 10 20 4 2 96 809 1409 1358 37 9 73 356 500 3 174 956 225 11 2 2 94 201 114 11 0 0 13 0 2 0 8 9 10 52 13 0 1 2 21 4 6 7 85 4 1 1 69 10 0 0 0 0 0 0 0 0 0 0 0 0 43 10 3 6 1 114 12 49 22 273 60 3 3 2 8 3 3 9 1 1 0 3 0 6 12 2 10 43 5 34 4 0 6 3 4 0 47 16 13 1 0 0 0 0 0 0 0 0 0 0 0 0 2 6 9 3 1 2 1 6 0 2 1 14 0 0 20 6 0 6 26 0 1 5 0 0 1 3 1 2 1 0 0 0 2 2 0 4
0 0 0 0 1 0 0 0 0 1 0 0 1 3959 727 10 39 4 2 18 2 1 7 28 1 0 530 582 4 5 5 0 90 986 6072 3343 425 66 22 688 16 0 19 2 0 1 261 1 1 0 0 0 1 1 0 0 6 642 1409 2885 8 1 22 68 258 0 6 388 83 1 0 1 10 6 44 1 0 0 2 0 0 0 1 0 0 1 0 0 0 0 1 0 0 1 14 2 0 0 0 2 0 0 0 0 0 0 0 1 0 0 0 0 1 1 0 0 0 4 1 1 1 8 2 0 0 0 1 1 0 1 0 0 0 3 0 1 1 0 3 2 4 1 0 0 0 0 0 0 2 2 0 0 0 0 0 0 0 0 0 1 0 0 0 0 1 0 3 3 0 0 0 0 1 0 1 2 0 0 4 0 0 1 1 0 0 0 0 0 0 0 0 0 0 0 0 0 0 0 0 0
0 0 1 0 4 2 0 0 0 1 1 1 2 1886 1470 544 236 246 103 120 12 49 106 26 22 13 80 169 50 3 12 0 152 701 471 425 3048 1377 156 371 243 9 30 22 1 6 404 4 3 1 1 2 7 1 3 0 31 248 175 1851 39 0 10 52 85 0 55 387 56 1 2 0 64 128 160 4 0 0 6 0 0 0 5 0 11 19 3 1 0 1 3 3 2 2 15 9 0 0 9 8 0 1 0 0 1 0 0 1 1 0 1 0 15 4 4 1 9 16 31 24 81 49 34 12 2 3 12 1 0 4 1 0 0 45 4 48 7 1 91 200 8 29 9 1 12 1 1 0 108 5 26 1 3 1 0 1 0 0 1 2 2 1 0 0 7 12 6 5 1 3 3 4 2 0 0 4 3 0 6 2 2 45 68 2 0 31 0 0 0 3 2 0 2 2 0 0 3 2 2 2
2 1 1 0 4 1 0 3 1 1 0 0 102 87 40 465 96 1178 6309 3189 24 159 177 38 58 21 53 50 60 5 12 2 625 226 195 66 1377 10782 158 308 270 4 24 1174 46 178 359 20 3 4 0 4 13 8 3 2 36 116 74 712 379 6 13 49 42 11 102 227 47 4 3 2 1437 1495 139 18 2 14 6 1 2 2 9 8 19 48 8 0 4 7 94 4 0 1 20 22 3 1 25 5 0 0 5 2 0 0 0 2 3 0 0 4 42 14 6 10 63 119 117 31 248 188 214 50 17 11 25 6 5 11 4 0 5 134 6 159 14 3 297 778 6 66 5 8 38 5 4 0 337 18 62 2 4 2 0 0 3 4 0 7 13 6 0 1 4 14 17 6 4 4 9 10 1 1 5 10 1 0 9 6 8 87 312 2 6 71 0 1 1 4 33 6 6 5 3 1 26 9 2 9
5 0 1 2 9 1 2 0 1 2 0 2 18 113 870 3824 51 2978 49 34 5 36 283 255 9 11 179 5672 28 7 6 5 223 283 52 22 156 158 10722 98 854 169 347 38 4 120 92 192 46 7 29 14 5 0 1 3 7 242 32 522 5269 134 92 382 4354 95 19 341 10697 110 99 6 160 93 277 1347 1 1 23 0 41 0 6 1 5 12 2 8 3 3 168 31 13 13 98 29 1 0 3 11 3 4 2 0 1 1 1 1 0 0 0 6 7 453 1080 21 14 81 14 1327 56 532 19 3 3 0 2 233 0 624 9 7 23 26 9 45 0 6 34 50 1596 5 1978 6 9 64 399 87 85 1261 13 9 32 1 0 6 0 0 0 3 1 0 0 2 42 3 1043 601 20 217 0 8 41 3 23 1167 1 6 277 38 0 9 99 4 52 5 2 4 13 1 2 78 13 13 2 0 3 2 0 1
2 2 4 2 4 0 3 0 0 3 2 1 1 1985 1115 209 562 78 320 431 35 2896 5567 5929 2878 3727 5610 432 123 6 21 1 133 341 2295 688 371 308 98 8954 1785 894 2354 66 5 17 2915 26 117 1 9 1 25 30 4 10 89 132 153 365 128 44 320 1386 354 8 345 296 189 50 6 4 144 527 48 27 2 0 23 0 6 1 30 19 48 216 19 3 10 2 63 52 16 56 671 4 1 2 160 11 0 0 0 0 0 0 0 1 0 0 0 2 88 30 6 27 5 253 39 115 97 644 117 7 4 6 16 7 4 34 1 1 1 8 2 13 29 2 21 99 9 72 3 2 5 6 3 1 80 21 36 6 9 0 0 1 0 0 0 3 1 0 0 0 3 12 18 14 4 3 1 1 3 3 3 12 1 2 36 10 0 6 87 2 3 8 2 3 3 2 0 6 5 1 2 0 6 2 0 5
1840 819 1555 756 712 560 239 348 67 615 369 724 23 234 978 703 318 563 251 301 554 923 8523 2338 294 1399 710 442 321 578 687 122 230 225 117 16 243 270 854 1785 8530 4776 2501 124 70 149 351 939 3595 78 324 115 75 75 1117 1650 356 52 31 135 908 727 811 453 696 100 342 370 1721 346 225 67 257 252 771 683 75 4 76 3 297 43 874 365 880 634 72 402 599 233 1330 1674 282 882 2182 469 244 65 188 253 21 14 81 34 16 84 2 4 50 20 59 85 18 4 12 7 20 41 15 37 38 99 25 27 4 5 14 5 2 8 52 0 59 366 22 231 5 2 136 136 32 20 18 16 40 15 26 1 90 54 10 25 63 4 2 23 13 6 15 30 17 2 0 5 71 5 53 31 11 24 14 8 7 2 37 56 4 30 158 63 128 251 62 0 42 180 10 13 67 2 16 138 18 39 26 6 16 6 0 1
9 5 9 1 1 1 1 6 1 5 0 1 0 16 55 113 14 94 12 13 8 240 2735 7225 80 612 343 92 41 5 2 1 7 10 25 0 9 4 169 894 4776 6148 8504 15 18 48 63 29 853 2 7 1 7 8 14 14 20 13 7 12 377 28 186 172 364 45 75 19 554 30 4 0 5 13 9 112 1 0 1 0 6 1 14 8 12 43 1 3 7 7 597 70 8 66 889 3 6 4 33 2 0 0 0 1 0 0 0 0 0 0 0 0 0 0 1 2 1 4 0 3 4 3 2 1 0 0 0 0 0 0 0 0 0 1 0 0 0 0 0 0 5 2 4 0 1 2 14 1 3 19 0 4 8 0 0 0 1 0 1 0 0 0 0 0 1 0 17 9 2 12 0 1 0 0 7 18 0 3 86 26 0 1 0 0 6 0 1 0 2 0 0 13 3 0 0 0 0 0 0 0
24 17 20 6 5 4 11 7 3 14 5 4 7 31 80 63 31 149 47 18 31 684 1850 2810 383 543 2457 80 192 13 15 1 27 26 174 19 30 24 347 2354 2501 8504 8421 26 65 223 374 184 4257 12 68 6 30 24 23 17 123 22 49 31 1232 155 1121 5608 1017 109 465 93 1378 136 23 1 18 44 26 340 4 1 10 2 32 3 51 45 63 263 15 19 67 52 1545 639 60 434 8425 9 9 4 114 12 0 1 0 0 0 0 0 0 0 0 0 0 4 5 11 1 0 12 3 16 4 35 5 0 1 1 2 4 1 7 2 0 0 2 0 5 1 0 4 14 15 3 24 0 1 7 21 1 10 103 2 33 91 0 0 9 0 0 4 13 0 0 0 0 3 1 125 22 8 38 1 1 2 0 22 66 0 28 262 72 1 4 2 0 45 2 3 12 53 0 0 90 12 0 0 0 2 0 0 0
5 0 2 0 3 2 2 3 54 141 48 3 8895 0 8 82 326 1524 15641 1561 45 95 72 5 29 12 13 9 19 5 4 8 36 9 34 2 22 1174 38 66 124 15 26 16609 2630 2219 99 186 19 389 12 87 11 4 11 3 20 8 7 17 936 31 45 9 8 549 38 24 27 30 80 278 3703 6741 26 132 2154 3522 6982 45 103 262 8 6 25 30 6 67 48 368 1749 12 2 7 37 7 649 19 11 6 2 0 5 2 0 3 2 2 2 0 0 4 33 17 43 8 58 162 126 204 278 374 207 46 6 11 15 8 1 27 13 0 5 215 14 206 15 2 379 857 79 43 34 6 46 10 15 2 424 85 29 9 60 5 0 10 11 5 7 20 17 4 1 0 12 16 101 21 11 50 14 11 4 0 62 53 3 16 124 75 17 135 502 0 73 93 1 18 21 5 21 127 19 3 3 2 26 3 1 4
2 1 3 2 4 0 1 0 83 84 21 2 4564 1 2 3 10 27 229 41 1 8 3 7 2 3 1 1 9 0 2 1 9 1 1 0 1 46 4 5 70 18 65 2630 17949 342 12 60 26 6133 13 212 3 0 4 3 6 0 0 0 71 26 34 49 27 5634 7 6 36 13 61 28 46 373 4 82 1269 1042 257 162 296 1097 4 3 2 9 0 200 128 6655 5354 13 2 8 58 1 982 19 3 2 3 3 2 2 0 6 0 4 2 0 3 1 0 5 16 0 1 2 1 38 3 25 1 1 0 0 0 7 0 2 10 6 1 8 5 3 0 1 1 6 18 2 36 4 8 36 221 1 8 355 5 47 250 1 0 44 25 3 21 64 0 0 1 0 9 1 248 94 38 301 2 12 11 0 241 269 8 65 1805 634 10 2 5 1 340 9 15 114 104 2 0 659 51 4 6 0 1 4 0 1
0 0 0 0 0 0 1 1 17 9 1 2 1988 1 11 20 47 3234 2396 133 1 16 20 75 6 5 20 74 15 1 1 0 33 6 9 1 6 178 120 17 149 48 223 2219 342 4499 17 11 6 14 0 0 0 1 0 1 7 3 1 3 2951 2 18 324 174 2220 24 12 33 1 4 15 248 1354 4 10 88 70 114 1 2 2 3 0 2 14 0 2 1 12 612 4 1 2 46 0 143 3 3 2 0 2 1 1 0 3 0 0 1 1 3 1 6 96 462 11 9 78 7 794 27 434 18 1 0 0 2 81 1 81 13 11 3 6 5 18 3 2 17 30 515 4 610 2 3 34 632 50 50 1839 14 1 5 0 1 0 0 0 0 0 1 0 0 0 26 2 1622 335 21 614 3 11 28 2 12 808 0 2 929 84 5 3 118 3 82 1 0 2 3 7 3 11 8 10 2 0 5 0 0 2
13 4 2 2 4 3 3 6 2 5 3 3 1 299 417 46 184 16 39 116 71 753 484 400 5617 39 650 422 287 9 50 7 441 568 1183 261 404 359 92 2915 351 63 374 99 12 17 10089 31 37 2 14 15 82 55 35 8 636 585 1420 535 168 59 285 477 1181 10 1124 3521 703 53 15 23 537 241 133 30 7 1 106 0 16 0 81 62 111 707 1210 5 3 2 95 59 21 37 352 22 9 6 1347 44 1 0 0 0 1 0 0 1 0 0 0 0 17 5 1 2 5 43 10 17 27 90 36 7 1 1 4 2 0 5 4 0 0 23 2 22 6 2 33 78 8 16 10 2 5 2 8 0 40 22 17 0 9 0 0 1 0 0 0 2 1 0 0 0 3 7 22 9 3 6 6 3 1 0 7 18 0 3 76 22 3 9 34 0 15 11 0 2 3 0 3 5 5 0 1 1 3 1 0 1
50 19 34 18 8 9 24 23 9 45 7 9 46 2 8 9 6 34 47 3 5 43 55 18 34 12 10 2 36 27 4 2 6 3 8 1 4 20 192 26 939 29 184 186 60 11 31 10569 568 430 235 122 5 8 39 30 18 9 2 6 150 10341 2676 103 108 176 42 35 2994 1712 5997 5 40 52 18 10045 29 7 35 3 1082 74 51 33 19 65 1 2219 5933 316 1931 478 134 306 1312 8 37 8 9 9 2 0 3 0 2 0 3 9 4 2 0 0 3 1 2 1 2 4 0 25 3 11 1 0 1 1 9 2 1 1 7 5 1 6 4 7 0 0 5 3 6 9 5 9 5 66 27 5 27 20 14 816 2018 3 5 482 23 2 86 399 6 1 0 0 6 1 15 55 217 97 2 13 9 0 230 44 43 741 1031 209 1 13 22 0 564 27 330 477 1959 8 4 2748 559 3 18 0 3 3 1 0
70 22 46 21 10 4 19 19 4 41 4 7 5 6 25 8 7 17 15 12 13 199 485 347 47 49 46 8 47 24 8 4 2 4 12 1 3 3 46 117 3595 853 4257 19 26 6 37 568 9221 17 156 4 10 4 56 40 12 4 4 5 72 437 633 106 120 24 103 14 723 187 54 0 2 18 14 300 1 0 4 0 59 4 53 40 32 104 0 63 219 97 373 3731 155 3291 9420 2 7 1 14 8 0 1 2 0 0 0 0 0 0 2 0 0 0 1 2 0 1 0 0 1 2 12 1 1 0 0 0 1 0 0 2 0 1 7 1 3 0 0 3 3 0 0 2 0 0 3 1 0 2 6 0 19 64 0 1 5 2 0 1 13 1 0 0 0 3 0 3 6 10 4 0 1 2 0 21 14 2 21 54 25 4 3 4 0 36 2 4 12 47 0 1 87 13 0 2 1 0 1 0 0
8 3 7 2 4 0 2 3 52 32 18 3 177 0 0 2 5 2 25 5 0 1 2 1 0 0 1 0 3 4 0 1 1 0 0 0 1 4 7 1 78 2 12 389 6133 14 2 430 17 13206 49 1110 2 0 23 1 2 1 0 0 16 173 43 2 7 2117 6 4 84 81 167 14 3 377 3 675 770 794 89 953 1450 7028 12 7 4 9 1 3229 2721 11178 2144 35 17 30 126 2 551 12 0 1 1 0 4 0 1 1 0 6 2 3 2 0 0 0 1 0 0 1 0 6 2 5 1 1 0 0 0 0 0 0 5 1 0 1 0 3 0 0 2 0 1 2 0 7 0 20 16 3 12 10 0 110 525 1 2 289 154 14 127 342 10 1 0 0 4 0 6 18 47 108 2 2 4 0 159 48 23 206 1177 271 4 4 7 0 375 10 69 648 512 0 5 1334 69 0 4 1 1 3 0 0
193 39 73 22 30 25 70 82 17 98 22 18 2 0 0 1 0 5 2 1 6 9 14 6 10 2 4 2 76 50 9 3 2 0 1 0 1 0 29 9 324 7 68 12 13 0 14 235 156 49 4943 9476 35 19 1142 180 11 2 1 0 13 102 69 15 21 26 58 19 181 513 24 1 3 32 45 76 40 17 2 77 1914 166 473 97 42 115 2 73 68 42 71 4406 12092 422 225 14 47 18 8 9 0 1 5 2 0 4 0 0 3 2 5 5 0 1 0 0 1 0 0 0 1 0 1 2 0 0 0 0 0 0 4 0 6 21 1 15 0 0 14 7 0 2 1 0 0 1 1 0 8 1 0 9 9 0 0 1 20 0 19 54 0 0 0 0 1 0 0 3 2 0 1 2 0 0 3 1 5 15 10 6 7 17 6 0 6 12 6 3 15 1 1 20 4 3 3 0 1 0 0 0
284 49 103 47 28 42 99 150 35 149 50 43 12 0 1 0 0 1 6 0 3 9 4 3 10 0 2 1 128 75 20 5 5 2 1 0 2 4 14 1 115 1 6 87 212 0 15 122 4 1110 9476 24496 94 36 2250 121 19 0 1 2 1 42 20 2 7 422 96 27 78 144 34 6 2 310 65 30 415 322 29 10329 7263 3253 699 106 49 92 3 615 83 271 26 668 4272 28 27 31 306 31 17 15 4 2 9 3 1 3 4 10 4 6 2 10 0 3 0 0 1 0 1 2 8 3 1 2 0 0 1 2 0 0 8 1 6 41 4 23 0 0 26 19 1 0 0 77 2 3 6 1 17 1 2 58 38 6 1 49 3799 603 2758 2157 332 7 0 2 10 0 0 0 1 26 21 4 0 0 6 1 243 297 20 8 11 44 50 0 5 63 387 90 516 0 132 69 39 2 19 3 4 1 0 1
1217 215 382 202 287 189 1579 1359 357 858 158 171 0 2 2 0 6 3 3 2 25 62 24 22 111 1 22 10 4943 336 106 30 39 7 10 1 7 13 5 25 75 7 30 11 3 0 82 5 10 2 35 94 12915 3188 5902 34 155 8 7 1 7 6 27 46 44 1 1172 153 20 12 8 29 23 87 272 4 12 2 13 0 38 6 2346 456 113 406 46 8 5 1 9 49 45 23 32 120 124 7134 126 91 14 8 51 17 9 50 1 5 35 13 36 59 4 2 0 0 10 0 6 1 25 11 6 13 3 6 1 0 0 0 28 0 55 186 10 125 2 2 58 81 1 4 1 3 27 0 0 0 45 3 3 0 0 1 0 0 0 0 1 2 3 0 1 3 38 0 4 1 0 1 11 5 2 0 0 2 0 0 1 3 73 103 13 1 1 85 0 0 0 3 13 1 1 20 19 4 10 2 0 0
435 88 132 74 130 78 332 281 48 191 19 57 0 3 4 0 5 1 2 2 10 65 23 22 73 4 18 5 9892 138 52 18 14 6 20 1 1 8 0 30 75 8 24 4 0 1 55 8 4 0 19 36 3188 3821 289 15 158 4 2 0 7 5 25 36 43 1 1678 39 25 10 4 11 15 35 115 4 4 0 11 0 13 4 1274 1459 96 452 23 6 2 1 7 39 24 12 35 71 21 1336 106 76 3 0 9 10 3 11 2 2 13 0 14 17 0 1 0 0 2 4 3 0 4 2 1 8 0 0 0 0 0 0 10 1 7 32 1 24 0 0 16 11 0 0 0 0 7 0 1 0 9 0 2 0 1 0 0 1 0 0 0 0 4 0 0 1 7 0 1 0 0 0 0 0 0 0 1 1 0 0 7 1 18 24 8 0 1 18 0 0 0 0 2 2 0 3 6 0 1 0 0 0
504 111 233 71 92 73 534 431 116 386 96 107 0 1 3 3 1 3 1 3 6 17 7 9 26 3 13 6 805 120 35 14 15 3 4 0 3 3 1 4 1117 14 23 11 4 0 35 39 56 23 1142 2250 5902 289 17114 694 46 5 5 1 6 26 26 18 25 6 204 71 54 70 14 14 19 53 142 21 30 7 12 27 308 55 7547 142 54 131 22 27 24 15 19 919 396 48 46 51 48 1329 43 39 6 4 22 9 5 23 1 3 22 2 18 16 2 0 0 0 5 3 7 2 15 1 7 6 2 0 1 0 0 2 14 2 19 109 10 73 0 0 54 53 2 6 2 4 9 1 0 0 28 2 3 1 2 1 0 1 5 0 3 10 1 1 0 2 20 1 2 0 0 0 0 0 1 0 0 2 3 5 5 1 36 41 13 0 1 39 3 0 8 2 5 5 2 2 10 1 4 0 0 1
282 154 248 151 115 75 47 49 8 82 23 90 0 0 5 1 2 1 0 0 904 112 27 8 21 4 3 1 66 95 122 9 7 2 2 0 0 2 3 10 1650 14 17 3 3 1 8 30 40 1 180 121 34 15 694 4172 54 0 0 2 6 16 15 17 12 4 68 18 30 30 18 10 8 34 73 18 7 0 6 1 53 7 6896 223 3708 427 4 38 16 7 13 294 79 42 53 60 18 7 50 58 1 0 9 2 5 8 0 0 5 2 4 4 0 0 0 0 2 1 1 0 5 1 2 0 0 1 0 0 0 0 9 0 7 24 1 26 0 0 8 7 0 1 0 1 3 0 0 0 2 2 2 1 4 0 0 0 2 0 1 7 0 0 0 1 6 0 0 1 0 0 0 1 0 0 0 0 1 0 1 1 15 17 8 0 0 21 0 0 4 0 1 6 1 4 2 1 0 0 0 0
30 37 36 96 843 116 20 5 4 18 2 57 0 15 15 4 18 2 5 6 174 366 67 89 599 6 138 102 3325 2023 10369 25 63 45 96 6 31 36 7 89 356 20 123 20 6 7 636 18 12 2 11 19 155 158 46 54 5988 21 61 18 51 17 141 263 339 2 4790 860 194 11 3 20 70 51 1708 5 4 0 25 1 9 2 139 107 566 1652 929 7 3 2 33 36 24 14 144 384 39 32 5527 5472 2 4 6 6 4 8 1 3 5 3 4 11 1 2 1 1 1 6 1 2 5 10 3 6 0 0 0 0 0 0 7 0 9 30 4 19 0 0 16 17 2 1 0 1 2 0 2 0 9 10 0 1 2 1 0 0 0 0 0 0 1 2 0 1 8 0 9 3 0 1 0 1 2 0 3 8 0 2 30 7 15 20 7 0 2 19 0 0 2 0 2 1 1 9 2 1 4 1 0 0
3 1 2 2 32 47 1 1 2 3 4 70 0 252 369 47 86 33 25 21 14 29 55 38 34 1 163 349 10 6 7 3589 1507 1595 809 642 248 116 242 132 52 13 22 8 0 3 585 9 4 1 2 0 8 4 5 0 21 2897 852 2828 31 9 25 81 489 3 40 1291 501 13 0 304 425 119 8216 51 11 0 145 0 1 0 5 2 15 20 34 0 0 0 15 5 3 5 22 4559 39 1 23 6 7 5 15 8 7 15 6 1 9 2 12 11 0 1 3 1 10 2 1 17 7 13 3 16 1 1 0 3 0 8 39 1 17 217 14 141 1 0 103 89 23 0 11 11 33 1 3 1 41 15 1 0 1 4 0 0 3 2 1 2 11 3 1 3 38 2 26 6 1 2 11 6 1 0 1 11 6 1 14 1 41 116 30 0 1 46 0 0 0 1 25 4 5 9 3 4 15 1 0 1
1 0 2 0 0 0 1 0 0 0 0 1 0 352 212 16 31 7 4 27 3 12 20 55 113 2 210 246 31 0 3 0 95 287 1409 1409 175 74 32 153 31 7 49 7 0 1 1420 2 4 0 1 1 7 2 5 0 61 852 3388 1376 20 4 39 110 416 3 69 2328 235 5 1 2 58 20 27 13 1 0 6 0 0 0 7 3 3 30 98 2 1 0 14 0 1 4 32 3 0 1 147 12 0 0 0 0 0 0 0 0 0 0 1 0 1 0 2 2 1 3 1 6 2 11 4 0 0 0 1 1 0 1 0 0 0 2 1 2 1 0 2 5 3 3 3 0 2 1 1 1 4 5 1 0 1 0 0 0 0 0 0 0 0 0 0 0 1 0 8 0 0 1 0 1 0 0 0 4 0 1 15 0 0 2 4 0 1 2 0 0 1 0 1 1 2 0 0 0 0 0 0 0
0 0 1 0 1 2 1 1 0 1 0 0 1 1168 978 184 283 86 17 129 13 37 105 28 15 4 212 574 36 6 11 3 933 5894 1358 2885 1851 712 522 365 135 12 31 17 0 3 535 6 5 0 0 2 1 0 1 2 18 2828 1376 1498 38 7 15 58 375 5 26 1441 443 2 0 7 156 42 406 32 2 1 8 0 0 0 4 5 5 16 5 0 0 0 5 1 0 0 13 20 1 0 10 15 2 1 4 1 0 4 0 0 0 0 0 4 2 6 14 0 1 5 0 28 7 19 7 6 1 1 1 1 0 6 10 1 3 85 4 58 1 0 42 34 24 1 23 2 8 1 2 1 25 25 1 0 1 0 0 0 0 0 0 3 3 0 0 0 4 0 22 8 1 5 5 2 2 0 3 16 1 0 8 2 8 40 15 0 1 8 0 0 1 0 5 2 1 2 0 0 5 0 0 1
4 3 2 2 5 1 1 1 2 7 0 1 353 13 94 184 87 3206 324 337 5 77 152 402 56 17 186 524 97 6 9 2 112 32 37 8 39 379 5269 128 908 377 1232 936 71 2951 168 150 72 16 13 1 7 7 6 6 51 31 20 38 16523 74 219 1206 1169 1032 103 162 3467 55 48 13 518 656 56 2401 16 24 49 1 29 0 11 7 8 52 3 5 11 8 7146 33 7 33 430 4 33 0 24 9 1 12 2 1 4 2 0 0 0 1 1 4 13 280 904 23 16 94 14 1066 39 522 18 0 1 3 6 214 3 411 36 27 4 9 11 43 4 5 32 30 1026 19 1474 12 14 95 1277 95 83 2407 30 7 29 1 1 8 0 1 0 3 5 3 0 2 45 9 1758 738 50 654 6 53 75 8 40 1482 4 8 2145 332 3 3 142 1 155 4 2 1 17 11 4 81 24 11 1 0 9 2 1 1
53 23 39 15 6 4 19 11 1 29 2 4 9 0 6 6 1 24 9 4 6 106 83 25 54 16 11 3 54 21 8 4 8 1 9 1 0 6 134 44 727 28 155 31 26 2 59 10341 437 173 102 42 6 5 26 16 17 9 4 7 74 22562 12583 236 257 43 105 44 3158 7249 2789 0 9 16 19 744 4 3 2 4 530 158 41 33 28 81 5 275 410 119 450 491 166 1024 4407 7 9 4 26 10 4 1 1 2 1 0 0 5 3 1 1 0 0 0 1 0 0 0 1 1 2 8 2 1 1 0 3 1 0 2 2 0 1 2 0 4 0 0 5 4 2 4 0 5 3 24 14 2 9 6 6 529 1176 3 2 179 19 2 78 623 2 0 1 0 4 1 4 18 63 31 2 4 1 0 77 18 92 1056 379 75 1 3 11 0 150 19 335 365 1777 2 4 1143 217 1 11 0 1 0 0 1
22 8 31 6 6 7 7 9 3 17 5 2 18 12 27 13 9 25 22 4 25 420 261 167 262 96 126 31 256 20 22 0 9 17 73 22 10 13 92 320 811 186 1121 45 34 18 285 2676 633 43 69 20 27 25 26 15 141 25 39 15 219 12583 29966 9815 4541 45 434 141 14387 1342 200 2 23 31 40 639 4 3 4 0 84 8 58 26 50 221 15 39 135 84 1196 334 185 792 7845 7 7 7 110 13 0 2 0 0 1 0 0 1 0 0 0 0 1 0 1 0 2 8 2 10 2 22 2 0 0 0 0 0 1 2 0 1 2 4 0 2 0 0 2 3 2 5 4 1 5 22 7 0 11 24 5 112 360 0 3 63 5 1 8 56 2 0 0 0 3 1 17 40 54 20 0 1 4 0 151 76 7 135 395 195 2 7 4 1 216 6 37 63 238 1 0 548 130 3 3 0 1 1 0 0
12 2 4 3 0 0 0 3 0 1 2 3 10 35 71 35 27 226 33 20 22 215 285 302 354 128 4121 1420 281 3 43 0 39 67 356 68 52 49 382 1386 453 172 5608 9 49 324 477 103 106 2 15 2 46 36 18 17 263 81 110 58 1206 236 9815 12321 4593 120 559 243 2356 215 9 1 37 46 47 47 1 0 8 0 21 1 42 36 51 229 28 11 13 8 589 57 41 110 3568 3 1 3 167 22 1 0 1 0 0 1 0 0 0 0 0 0 7 14 68 5 2 13 2 125 3 32 6 2 0 0 0 26 1 17 1 3 2 1 3 9 1 0 3 8 133 5 231 1 3 15 163 3 8 525 8 9 20 0 0 6 0 0 1 3 0 1 0 0 14 2 606 119 6 89 1 6 9 1 11 367 1 10 580 94 2 2 10 2 49 1 2 2 14 2 1 32 8 6 0 0 1 3 0 1
8 7 6 2 23 7 3 2 2 12 3 6 12 200 653 364 47 285 35 19 33 108 103 174 165 27 2002 4357 637 68 132 2 81 156 500 258 85 42 4354 354 696 364 1017 8 27 174 1181 108 120 7 21 7 44 43 25 12 339 489 416 375 1169 257 4541 4593 11015 119 631 1537 8914 154 15 10 73 63 468 60 8 0 17 0 25 0 55 41 62 145 24 11 14 7 141 57 31 69 1078 43 11 15 137 112 0 5 2 0 0 0 0 2 1 0 2 2 16 42 142 11 11 26 8 227 24 81 30 6 0 0 2 62 1 67 11 11 3 9 8 21 4 4 18 41 259 12 476 5 10 50 439 19 40 1078 15 10 22 0 0 11 0 1 0 6 1 1 0 0 31 5 1161 309 32 150 4 22 38 0 21 807 0 4 1158 206 3 9 21 4 93 11 2 6 16 6 3 69 17 8 0 1 3 1 0 6
5 1 0 0 0 3 1 1 26 25 6 0 2470 0 3 6 4 487 126 12 1 7 6 30 7 3 11 67 13 1 2 1 4 3 3 0 0 11 95 8 100 45 109 549 5634 2220 10 176 24 2117 26 422 1 1 6 4 2 3 3 5 1032 43 45 120 119 2313 11 6 181 25 86 5 12 718 5 319 692 1332 62 238 194 1345 4 3 3 12 1 146 55 1254 6242 10 6 10 85 2 351 9 7 1 0 0 0 0 2 1 0 2 1 0 2 1 1 10 247 1 0 4 1 218 4 45 5 1 1 0 2 5 0 18 6 3 0 6 2 2 1 0 5 6 105 1 105 4 3 17 264 29 19 756 5 15 76 0 1 27 23 4 18 38 3 1 1 1 1 1 512 69 17 1961 1 6 8 0 96 171 1 12 901 216 1 0 82 0 115 6 5 37 31 1 6 251 26 2 2 0 0 0 0 0
437 182 310 156 276 136 112 110 24 135 63 225 4 24 31 12 31 4 18 13 61 582 225 334 1120 54 348 122 7219 369 524 56 103 93 174 6 55 102 19 345 342 75 465 38 7 24 1124 42 103 6 58 96 1172 1678 204 68 4790 40 69 26 103 105 434 559 631 11 11071 797 294 91 24 22 140 140 1243 22 21 2 55 1 65 9 1036 3997 642 3227 536 37 27 14 104 175 96 94 472 318 85 106 2654 1106 13 3 30 14 8 16 2 1 13 3 25 21 9 2 1 0 11 7 9 5 31 28 13 10 3 2 4 0 0 3 26 0 25 176 8 107 7 0 95 94 1 10 3 7 16 3 7 0 59 16 5 4 9 2 0 0 0 2 1 9 6 1 0 0 23 5 13 5 4 10 6 2 5 0 1 14 2 2 67 15 44 124 33 0 7 78 1 1 5 0 7 10 3 11 9 4 10 2 0 0
17 9 15 6 17 11 2 3 7 42 5 9 0 603 782 96 160 47 32 63 90 141 184 130 1014 5 369 813 662 77 248 36 602 747 956 388 387 227 341 296 370 19 93 24 6 12 3521 35 14 4 19 27 153 39 71 18 860 1291 2328 1441 162 44 141 243 1537 6 797 6277 1480 20 6 109 390 163 7561 94 27 0 138 0 23 2 146 65 127 343 2219 6 2 0 31 38 20 21 124 60 83 10 1330 259 5 7 30 9 9 22 2 2 11 5 14 21 4 3 11 0 8 7 2 14 8 13 6 16 2 0 2 1 0 9 57 2 22 257 33 217 1 0 125 102 15 3 28 14 40 8 11 1 50 29 3 7 4 0 0 2 5 4 0 6 10 4 0 6 51 3 26 9 0 6 10 3 8 0 2 20 4 5 55 15 46 128 39 1 9 62 1 1 2 1 31 19 5 12 3 5 16 1 0 0
36 15 22 11 20 18 11 20 3 35 4 10 5 108 422 406 37 326 13 16 18 107 106 108 105 23 228 869 387 85 67 7 94 144 225 83 56 47 10697 189 1721 554 1378 27 36 33 703 2994 723 84 181 78 20 25 54 30 194 501 235 443 3467 3158 14387 2356 8914 181 294 1480 12350 1070 371 11 72 39 549 5374 8 1 19 0 157 8 55 40 47 137 9 50 64 44 1115 339 152 304 3330 65 13 7 74 80 1 2 5 3 2 2 1 3 1 0 1 2 9 9 29 9 6 13 9 55 19 39 20 6 2 2 9 18 0 19 20 20 3 13 9 10 4 1 24 26 36 15 98 9 20 115 461 5 39 700 27 119 422 0 5 211 3 2 10 60 4 3 0 2 17 11 510 264 171 227 4 28 40 4 492 720 9 109 3221 989 2 8 18 2 654 16 35 81 236 5 4 1198 209 9 6 0 4 2 1 4
91 29 57 13 10 8 26 35 4 45 13 12 5 2 3 4 3 16 8 4 8 75 89 39 47 20 15 4 61 24 9 0 4 3 11 1 1 4 110 50 346 30 136 30 13 1 53 1712 187 81 513 144 12 10 70 30 11 13 5 2 55 7249 1342 215 154 25 91 20 1070 10088 665 0 3 13 28 390 6 1 0 11 564 346 121 54 26 94 5 464 316 105 340 615 3029 2056 1577 5 7 9 17 9 0 0 0 0 0 0 0 2 1 0 1 0 0 0 2 0 1 0 0 1 2 4 2 0 0 0 1 0 1 0 0 0 1 13 0 7 0 0 3 4 0 1 2 3 3 7 1 0 5 2 0 198 461 1 1 57 64 6 208 985 1 0 0 0 5 0 5 6 19 9 1 2 1 0 37 13 104 826 139 37 1 10 6 0 49 8 269 186 1225 1 2 355 51 0 2 1 2 1 0 0
29 15 29 7 9 9 16 12 5 25 5 3 33 1 0 0 1 16 10 4 3 14 11 3 5 1 0 0 11 8 2 1 1 0 2 0 2 3 99 6 225 4 23 80 61 4 15 5997 54 167 24 34 8 4 14 18 3 0 1 0 48 2789 200 9 15 86 24 6 371 665 9685 3 7 26 14 976 16 3 11 14 3235 370 41 21 3 44 0 2453 973 337 838 161 38 125 126 4 22 5 0 2 0 0 1 0 0 0 0 0 0 0 0 0 0 0 0 0 0 2 0 8 0 6 2 0 0 0 1 0 1 0 1 0 1 5 0 7 0 0 0 1 2 0 1 1 2 8 5 1 3 8 0 110 270 0 0 45 75 6 189 1009 2 0 0 0 1 0 5 6 24 22 0 1 1 0 42 9 95 590 134 34 1 4 6 0 78 9 232 151 920 0 4 310 48 0 1 0 1 0 0 1
23 13 33 26 362 434 33 15 421 4061 1240 2209 27 0 0 1 1 14 40 2 73 133 78 1 12 1 4 2 66 104 72 1062 2067 116 2 1 0 2 6 4 67 0 1 278 28 15 23 5 0 14 1 6 29 11 14 10 20 304 2 7 13 0 2 1 10 5 22 109 11 0 3 6906 1177 776 1555 8 5729 108 6902 0 4 6 16 9 59 37 2 4 1 6 19 5 2 2 1 2069 10433 248 17 46 78 48 334 167 81 415 25 37 209 82 283 408 1 3 1 0 19 1 6 2 16 6 7 50 9 5 2 1 0 1 205 14 237 744 24 310 0 0 175 86 4 2 0 7 90 6 6 3 54 3 1 1 1 4 0 2 5 7 0 8 18 10 3 33 120 0 0 1 0 0 26 28 17 0 2 7 8 3 8 1 701 482 110 2 1 626 1 2 3 3 46 2 9 114 165 32 46 7 0 1
3 8 9 8 79 40 3 1 13 36 10 26 107 15 22 276 11 1117 1532 433 127 396 232 32 145 16 30 28 111 50 26 405 2900 334 94 10 64 1437 160 144 257 5 18 3703 46 248 537 40 2 3 3 2 23 15 19 8 70 425 58 156 518 9 23 37 73 12 140 390 72 3 7 1177 10465 1814 1863 28 272 96 4494 2 6 4 23 29 108 140 26 1 2 11 127 7 6 5 15 759 170 12 85 64 14 4 35 16 9 33 5 5 27 8 24 40 18 9 11 4 56 42 74 25 180 83 82 59 13 11 22 3 0 4 96 6 41 835 63 633 9 1 675 637 12 36 14 24 120 8 3 0 494 29 28 1 13 4 1 3 11 16 2 12 33 8 2 12 86 14 21 3 3 5 41 29 19 0 5 17 17 6 12 5 113 590 336 3 5 232 2 1 5 7 60 7 23 36 14 4 46 11 1 3
