18.7183738180346 26.3457828881938 20.2934030615712 38.7192066531115 50.5224840273311 50.9436923417373 27.6727985443653 22.3044241490202 53.4628826927674 27.3821925080752 56.4244792126119 64.0342068268703 186.113082885742 134.106857299805 0 0 171.165725708008 195.705383300781 170.192718505859 0 106.564428786601 156.668085965243 167.451793323864 191.272262573242 142.393534660339 170.875900268555 157.26513671875 151.046234130859 34.6501010416604 21.1400504654213 72.2617157257355 96.5162479082743 108.032678985596 180.054824829102 188.673431396484 0 0 175.616897583008 183.527087402344 180.753341674805 89.6222765570102 132.565487331814 163.533378601074 208.554507446289 168.562408447266 0 157.723349938026 161.664323883057 137.467890276228 177.081813812256 134.126371314489 151.754671768403 105.510573820492 88.8299431197945 113.244335742224 103.807614265604 97.9074789047241 160.930150349935 122.82137298584 0 204.656555175781 163.245212195055 164.537083712491 188.16709391276 180.778053283691 194.040182495117 99.4439752260116 150.856532826143 170.211633046468 160.099836412367 166.898090757173 112.110729383386 179.083969116211 138.049516223726 136.964810226903 161.779006110297 77.1015468597412 228.671447753906 186.537776947021 150.217981974284 165.89780323322 163.268303426107 112.561342699978 104.033408296263 111.201862169154 94.3180417122601 181.093246459961 172.60507181246 180.49416698109 175.835658603244 181.76144547896 131.168415513619 158.203869081313 158.057576420331 163.321518996666 101.907032721383 85.1601868094979 54.124969911421 125.884225633409 90.673485994339 175.732136141869 168.237238883972 180.375939492068 179.842545403375 162.538023296155 173.132542628868 158.824932522244 122.190132988824 171.632567778088 142.272090435028 156.853958001658 169.093056502616 0 168.247589111328 0 0 0 188.532211303711 211.644424438477 0 190.574101765951 248.22575378418 197.877029418945 178.756777445475 190.157119750977 0 168.267562866211 0 0 0 173.343835160539 167.489629109701 153.324889239143 160.652894592285 126.684947967529 163.508608211171 0 0 190.150136311849 199.896032714844 0 0 0 212.515084838867 180.494608828896 0 156.286750793457 0 197.859750366211 0 0 226.376708984375 224.807189941406 221.558568318685 0 212.455497741699 0 229.846343994141 0 230.881625366211 216.137700398763 213.977124023438 0 199.779851740057 158.305566195784 0 224.28889465332 0 0 223.271759033203 216.779217529297 195.894966125488 160.365061442057 0 0 0 0 231.036575317383 209.530693054199 0 148.876592180806 158.040186309814 150.044567871094 0 199.842742919922 145.703681656077 172.531387329102 145.854385375977 227.26097869873 208.266677856445 213.525136311849 239.385243733724 228.290786743164 157.233845677869 139.67543235985 159.119394638959 206.890664493336 165.804374694824 0 0
26.3457828881938 13.3836143142623 21.4851208105774 28.978175882955 20.0937041459091 45.9583350982666 47.404675704663 66.8188907589231 73.9268369282762 60.8898267595278 66.2900173247807 60.9046577080748 218.337409973145 0 0 0 0 146.338153839111 135.497833251953 0 113.175925827026 125.386791229248 101.622553507487 0 174.375200907389 0 0 0 69.0037041461374 25.0008739864107 43.2931264095379 77.4689512986403 148.884774208069 101.736549377441 169.440235137939 0 0 168.394134521484 0 231.059394836426 96.7602682567778 157.932147216797 171.189026776482 0 196.123199462891 0 148.791000366211 169.212730006168 149.329770521684 195.984603881836 151.538327926244 169.212138740384 120.131826391885 105.569866353815 132.010622385386 115.337559340836 60.8366560807099 213.142715454102 0 0 165.778335571289 170.029528410538 192.622102737427 162.895240783691 163.884626116071 184.674468994141 99.90918471787 145.579886542426 179.861803181966 172.575674122777 176.264345296224 89.2275194021372 170.729108810425 129.436662462023 150.158020019531 182.239839172363 120.04434967041 0 146.231187184652 203.219589233398 178.007227358611 156.161918640137 126.598194875215 116.832568538082 117.208164040102 103.237662619378 155.842041015625 180.734156472342 190.666676112584 186.318027496338 195.264305114746 146.896969373836 167.266281459642 167.813516828749 173.756838056776 87.0156480505111 94.8556679812345 73.345611236256 122.57680384318 90.6732493809291 179.552304719624 177.599779129028 186.944166734484 184.066909458326 175.057424692007 178.440960317418 190.053708163175 136.595376332601 179.927299762594 156.264671079574 166.242913997875 172.571171990756 0 0 0 0 148.537734985352 215.116943359375 220.771369934082 0 212.580525716146 0 214.165756225586 174.826564788818 0 0 205.189254760742 0 0 0 174.657139587402 159.64884185791 159.508021079888 158.829878835967 0 164.07882472447 0 220.69645690918 190.885620117188 213.202334594727 0 234.148986816406 0 0 186.866012573242 231.104248046875 0 0 182.42583211263 240.440841674805 0 221.384704589844 241.317687988281 235.831512451172 0 0 0 229.411499023438 0 230.285390218099 220.51668548584 221.639434814453 194.254196166992 190.065605163574 165.250261194566 0 0 0 0 0 205.025332132975 178.14119720459 167.562428792318 0 0 202.093017578125 0 228.17894744873 0 0 154.489333279928 160.690543897224 108.4732837677 0 0 153.409974762888 242.219863891602 191.544189453125 223.620864868164 0 220.927568435669 240.660079956055 216.326293945312 156.348462785993 141.95674500642 194.661755371094 192.493850708008 201.336140950521 0 0
20.2934030615712 21.4851208105774 13.1367630109971 17.862847775107 65.7397003771573 27.8799105087194 60.1715348863783 12.3768244928527 71.3343069192135 20.3892072195951 43.0820964564221 20.4019078856283 0 239.516387939453 0 193.008972167969 0 0 0 0 107.047217719499 130.576511746361 129.408364613851 166.085876464844 156.884324073792 148.192016601562 183.370315551758 204.125172932943 85.0695847253601 64.0421979180698 85.2303428649902 104.886868286133 121.017317708333 165.504348754883 163.13639831543 0 155.828491210938 147.370162963867 186.408462524414 169.503833770752 93.2822710828382 147.301014370388 164.854193878174 164.63744354248 185.235417683919 0 188.979545593262 170.495372996611 149.217149319856 186.164729527065 150.020047226997 160.595898748602 124.246426687191 109.487043727528 128.226599468182 109.397760944982 108.564932929145 163.016944885254 199.955863952637 68.7290496826172 154.47925567627 169.040027716221 181.926041141633 173.031089782715 193.990315755208 0 103.553441865983 159.137283833822 174.928518815474 168.881407352916 168.472099041117 105.547363512444 183.879829406738 142.389482568811 170.537246068319 176.298385620117 52.9984330919054 0 179.1015625 192.328201293945 177.524146457888 177.428850446429 123.673675807489 113.334581744763 113.425021141931 97.6746717501087 0 179.261434728449 187.800616229022 181.040853163775 186.196908389821 149.001252682623 163.12334463137 166.365911820356 169.873007267079 110.847218809457 82.2453654260919 88.6621681163514 117.492003025153 129.605063883464 177.05317510216 171.00012751988 174.446450834933 178.608185620578 163.972826829597 170.881214663857 157.277246384394 124.391830600038 169.98802607477 144.005642700195 157.84860723791 165.41946958323 0 0 224.522994995117 0 141.803955078125 190.945220947266 208.13395690918 0 203.870758056641 150.980255126953 202.017155965169 175.480079650879 203.341529846191 154.165859222412 195.912165323893 0 0 0 171.981161117554 149.63668353741 152.651924066376 152.000193029721 156.429542541504 155.20925148166 0 0 169.010597229004 181.702145167759 181.99193572998 0 0 190.802516937256 183.711716969808 204.183064778646 173.249229431152 171.029678344727 168.856018066406 0 0 222.473556518555 206.272598266602 0 0 215.71900177002 232.949310302734 226.238277435303 0 230.002685546875 214.622164045061 219.147631327311 225.277801513672 193.034319741385 155.780708614149 0 0 0 0 0 213.894092906605 168.144792556763 156.95744934082 0 0 0 0 225.499867757161 206.870193481445 208.723297119141 146.367627931253 149.451830707897 145.535424804687 199.761978149414 220.043538411458 142.11360892471 0 202.991527557373 233.362983703613 194.576835632324 222.436104184105 212.018146514893 0 156.198313926583 134.488496213971 171.623564897957 195.542257541563 176.360298156738 0 0
38.7192066531115 28.978175882955 17.862847775107 14.8370398113797 20.7456373265095 16.7278597112206 49.0236197483143 70.6293836869534 74.4803522237142 59.4220218714055 43.4170639462867 28.7179863601693 0 83.4782180786133 104.892608642578 0 0 0 0 153.319458007812 94.7168117279702 89.0051542837409 90.0794508192274 189.58479309082 119.529766082764 0 246.528945922852 0 62.5721546819035 36.6465833427162 28.7592756759944 33.3506417881359 62.689027000876 0 0 0 0 0 169.975200653076 181.058769226074 85.5088853028716 110.766967773438 148.630727132161 0 185.745483398438 0 188.623649597168 168.508179558648 142.090311322893 196.06169128418 144.749353235418 160.895852596202 116.052566830475 102.855105168111 120.225858983859 102.204893049025 52.1201361616453 49.0432624816895 0 0 186.545021057129 166.831450398763 177.336814880371 175.597666422526 133.494567871094 0 96.4898998553936 132.510016123454 156.558230313388 161.384946382963 157.66155569894 73.9582683856671 124.043380737305 111.10986328125 114.029804229736 171.246412277222 59.6997954628684 0 83.0952476501465 0 175.556272779192 0 117.127287898745 109.081457980843 102.517421318137 86.9674123988033 116.971935272217 170.955805460612 173.957917646928 185.772735595703 169.416887555804 142.433545176188 154.423364003499 162.784410858154 165.843815523035 43.3130828693349 72.7285202415126 74.4822314942436 90.2519016810826 85.4221354893276 166.585835441214 156.841678785241 163.462457065933 170.383433161555 156.567718142555 161.683076794359 161.898305746225 121.663287313361 160.548627463254 136.27782804049 149.752677157993 155.994947856604 0 0 0 0 175.050500488281 0 210.681640625 0 223.34147644043 0 167.841110229492 170.244916048917 175.954811096191 0 0 0 0 0 161.275722380607 141.176254272461 142.264412289574 144.806519879981 123.551914215088 142.816896847316 0 0 177.82923419659 151.04094780816 0 133.585830688477 0 206.264912196568 176.196275983538 210.43302154541 159.285598754883 0 0 0 0 0 0 195.593399047852 197.5263671875 0 0 0 0 236.111030578613 212.754737854004 187.908538818359 222.355529785156 187.361574808757 138.641769136701 0 0 0 0 0 197.695986938477 164.477084350586 143.646728515625 0 221.757700602214 0 0 0 200.093208312988 203.099411010742 136.981125944149 144.686512099372 94.723642985026 0 206.574335734049 130.58402954586 0 0 210.631652832031 231.397277832031 217.127857971191 198.219421386719 228.820297241211 146.287280951606 127.199283306415 168.410948391618 189.998357599432 173.725700378418 0 0
50.5224840273311 20.0937041459091 65.7397003771573 20.7456373265095 12.3990405734615 22.3756542369193 49.3297972905225 79.2565037189144 69.0061805184964 63.2025991548097 41.6734300541087 46.3545234580569 184.156661987305 80.1452331542969 81.8989710126604 99.5935287475586 120.439888000488 92.0382354736328 90.8451385498047 81.540771484375 79.66456022969 73.6636745990851 64.142057800293 182.444856643677 86.5310018327501 0 146.3561668396 79.4557832990374 54.7220174639738 22.5207748659707 16.3804293603861 29.3874366615251 54.5723186533938 57.4418973055753 150.978561401367 57.2356567382812 59.4970808029175 80.7738761901855 71.3164520263672 126.571361541748 73.0179726943541 120.726089477539 185.109588623047 120.499905904134 162.554090499878 0 148.370952606201 151.221660614014 141.995807647705 175.568691253662 137.967143503825 148.475880214146 111.770659443393 95.2594915243295 119.178854403288 92.3249429122261 28.2914885790181 40.6139166355133 0 69.1363983154297 129.457157897949 165.815048217773 163.423477172852 0 108.510077435037 0 83.5866628867992 93.0673469094669 126.69421005249 165.610116577148 167.273773193359 60.9903700127786 68.5038750563996 90.6479097366333 61.9081654170203 141.906576368544 63.9322440840981 0 67.3906257900261 0 170.583174787249 166.690017700195 115.349271807177 98.1968925476074 89.1574413477642 74.8694835539787 85.418346949986 166.418779645647 174.850812639509 177.409306844076 157.368028259277 143.759989524374 164.392127990723 155.963905334473 159.029991149902 17.3629109948136 58.7948979298028 71.1842731180928 73.858536519822 21.4906280839443 161.984755272959 156.344727442815 162.818350788698 160.434911915954 147.034410844769 155.112562528798 157.681137982537 115.497338485718 153.438354588155 134.402718617366 141.875002625168 148.654735649957 0 0 156.374816894531 0 123.155158996582 119.230293273926 222.794738769531 125.509864807129 148.447840372721 0 198.146275838216 151.083562410795 161.698636372884 165.12105178833 148.787246704102 0 0 0 156.284302591276 124.160430908203 132.118221204034 133.926909534049 121.795643615723 132.002380466461 0 0 135.386005770776 148.187316894531 0 0 150.055801391602 206.688969930013 171.522756698284 180.355033874512 146.30463663737 0 119.308241526286 173.855575561523 0 0 202.032287597656 0 211.469589233398 0 233.734115600586 221.975860595703 0 217.546371459961 198.037610371908 193.788299560547 211.141075134277 174.691476004464 132.266361745199 0 236.525817871094 236.364303588867 0 0 198.335901896159 164.264971923828 151.34693145752 216.356384277344 173.98796081543 212.950454711914 0 226.108688354492 195.271102905273 235.238128662109 129.033850690593 128.170856364722 104.835338368135 0 211.272888183594 119.844233206494 0 0 235.769485473633 188.155883789062 202.028658548991 195.420433044434 0 137.063834768827 114.48115850378 160.469739198685 186.320357711227 153.349356079102 0 0
50.9436923417373 45.9583350982666 27.8799105087194 16.7278597112206 22.3756542369193 11.3275190199121 56.4820214859395 84.6866344235978 69.076745590361 46.6849833562196 25.796370242934 17.5926629498971 73.6005630493164 0 0 92.4347763061523 0 160.453338623047 89.4614791870117 0 90.5254991531372 87.802443686496 66.1352624604196 178.315696716309 95.8585957118443 0 130.816159566243 99.8689498901367 69.1884031504431 40.4129936275144 34.7105696158815 18.5509674041718 35.87813555019 54.7606754302979 0 0 123.709003448486 74.7125854492188 123.950958251953 0 88.6742375714438 148.117385864258 173.295879364014 74.8226852416992 0 0 150.26683807373 178.356330023872 170.386600494385 0 146.228757324219 160.091116587321 120.423158030031 106.999792245718 127.26823519354 114.568278605143 51.370760753237 31.3865292325933 0 45.3483657836914 137.41455078125 188.909038543701 170.911802019392 0 137.50206211635 193.796030680339 97.8597369474523 133.366724534468 144.949885474311 183.922063827515 168.608311971029 58.0640072668752 77.4471937179565 76.4197130743063 69.8961247361225 181.978378295898 58.3166154085935 62.3716697692871 60.5195158095587 0 179.871175856817 177.667938232422 128.002694152122 114.481595880845 104.424024877008 89.9103922526042 107.649468994141 179.577785145153 182.858351571219 0 201.67667388916 142.377473922003 168.497851667733 165.016043526786 172.53318132673 19.4149846859228 57.7531596924961 78.8005172041126 93.6058035169329 82.3414884567261 164.735196104144 152.976686928489 164.451289577956 164.668817673814 150.856183808425 157.302822585333 147.279915594286 116.143490100729 157.31824580455 133.259472562556 145.326779575671 151.768399799452 0 0 0 138.35334777832 163.49324798584 0 0 151.101989746094 147.542785644531 213.189987182617 0 157.491399492536 173.014724731445 0 140.505401611328 0 0 164.925231933594 158.874915387257 155.877939860026 139.204461663843 137.105673755389 135.117986043294 135.538928596341 0 0 134.671170773713 154.431354869496 151.199783325195 203.107009887695 0 184.871767316546 170.573170253209 187.629936218262 161.230575561523 134.514038085938 135.649939945766 0 240.785949707031 223.688812255859 233.666152954102 243.74821472168 0 208.509552001953 0 212.646337890625 0 205.373687744141 218.203813171387 187.070416259766 162.436685562134 185.813547907649 137.232610132787 0 211.195358276367 225.462371826172 0 165.688705444336 198.540785136976 170.519991361178 151.797110421317 0 0 217.478500366211 241.042846679688 0 181.672340393066 241.194580078125 130.774265675519 133.196178110995 103.049063873291 0 0 124.797996135916 0 181.121002197266 212.59228515625 197.437103271484 206.376889680561 0 228.448760986328 142.883524351482 121.666893161073 171.436041051691 194.131157818963 169.440692138672 193.385955810547 0
27.6727985443653 47.404675704663 60.1715348863783 49.0236197483143 49.3297972905225 56.4820214859395 12.9228116866473 22.1501862150734 29.0470786560622 33.0470183605249 61.5296289305024 72.3058646805789 0 0 187.686904907227 0 0 0 0 0 108.066999791032 113.759394790187 107.706966400146 145.59691619873 102.666984558105 0 208.99641418457 100.455604553223 33.2391087391851 38.7958565824011 52.7292105637861 63.4652174886068 83.1731536388397 89.3041000366211 137.132675170898 0 0 0 130.057640075684 139.13799794515 86.668144800673 127.488372802734 130.134696266868 123.971971511841 134.450149536133 236.743133544922 169.004450480143 147.999468803406 133.992635626542 149.966644287109 112.522819410052 127.472257209547 76.6287922149523 59.6091788360871 82.3920299372869 92.8791187367541 71.0090793609619 140.173538208008 162.399765014648 88.8032913208008 151.10090637207 139.962993019506 152.356737409319 0 188.901916503906 166.745727539062 102.09670148577 151.190483093262 160.904980746183 140.1207615779 145.172100067139 87.9087456211899 107.111155192057 98.1014878409249 117.295382908412 140.828029087612 100.471060943604 0 85.2601803370884 145.658709208171 148.802725369813 155.922170639038 88.7636815184977 86.3891849835714 104.843194429992 98.3272445599238 144.803558349609 154.17454117995 161.348605069247 152.690676371257 160.740369524275 109.081133196431 131.227075172193 137.447435167101 138.327780874152 66.6663796395967 73.8153884511598 26.9771370583179 113.587461298162 57.112622833252 171.499601166824 172.601818508572 171.711291257797 174.874365166052 162.268354288737 169.107601165771 134.208361053467 108.317571752212 160.116872456868 132.709817722866 147.867194079478 164.167481981475 0 0 0 0 174.849807739258 0 0 0 0 0 197.360412597656 169.980601719448 194.813018798828 211.595397949219 0 0 0 0 170.416149457296 136.116386413574 148.122142852299 149.583753664632 136.557653808594 148.2888211337 0 0 180.491994222005 180.507382202148 198.082901000977 0 190.529602050781 194.366644287109 185.972100257874 193.964416503906 157.657180786133 0 198.397247314453 236.962142944336 0 0 192.104461669922 218.903305053711 0 0 0 208.967697143555 228.293304443359 191.463317871094 213.950523376465 218.920310974121 215.73161315918 188.961111886161 145.701450489185 0 187.068832397461 0 0 0 196.841054280599 198.600194295247 152.896224975586 0 215.065361022949 0 243.810760498047 219.638816833496 181.597274780273 0 143.600992800584 151.632906855369 141.123471069336 0 0 140.361701871142 0 0 0 183.644592285156 222.292388916016 200.503684997559 241.20588684082 153.739413452148 122.011683588443 162.333039855957 193.714027991662 170.638275146484 0 0
22.3044241490202 66.8188907589231 12.3768244928527 70.6293836869534 79.2565037189144 84.6866344235978 22.1501862150734 10.327002260344 18.9519882486588 14.0058254777293 59.5165152708689 70.9688806680533 114.156715393066 0 0 0 0 0 0 191.964492797852 125.094173431396 163.828213161892 140.686635971069 160.970626831055 158.085266113281 0 0 177.745956420898 84.3380819754626 68.7166575550163 94.6453053283691 114.905458831787 127.044504165649 0 0 0 0 164.421203613281 0 0 87.3639791642112 126.373561859131 143.58135005406 96.8997853597005 0 157.205688476562 166.62545522054 155.868307694145 131.02056282445 163.310907999674 125.053371057278 142.31339533488 92.1249042816948 78.5174699695085 98.62765242716 92.761256782376 128.67046661377 158.784057617188 0 101.5576171875 188.988174438477 145.787850119851 164.513643900553 152.464314778646 156.626510620117 181.337219238281 112.321842297641 165.435307820638 175.071507263184 154.581517900739 158.062470753988 95.0973724365234 209.735565185547 95.6662826538086 140.345562828912 155.427485656738 104.404677073161 193.009262084961 96.0519061618381 0 160.171180031516 158.612120310465 99.981395066047 98.560474662514 102.93457635015 100.005100648795 160.498291015625 162.10323232015 174.562603759766 170.316561889648 170.019570090554 120.052304345208 148.22137597891 151.925930023193 152.499470738002 97.4147523992202 61.9016474454831 40.1038163041066 171.568210601807 81.4578628540039 143.13063881614 168.88599395752 164.462994257609 168.54867401123 148.031982421875 157.709007119233 133.932366265191 102.097007751465 152.227460524615 128.163056945801 141.561066604242 159.908785547529 0 0 0 0 126.927474975586 0 0 0 231.034637451172 189.705718994141 0 163.759674072266 221.736450195312 0 0 0 0 0 187.053475952148 172.826446533203 145.339411648837 161.273553384317 0 168.518199157715 229.393508911133 0 182.195455932617 227.766731262207 0 0 0 219.73828125 0 211.762252807617 239.508575439453 0 199.003051757812 0 0 0 218.039443969727 0 0 0 0 0 208.760269165039 0 187.132354736328 0 128.852771759033 200.774612426758 151.324724833171 0 0 0 239.408767700195 0 0 209.184204101562 215.147583007812 0 0 0 0 231.02604675293 214.084762573242 223.530029296875 129.108230133057 171.892490386963 129.699857076009 0 0 142.226815185547 225.562713623047 201.190734863281 182.828918457031 207.716567993164 203.454366048177 235.741607666016 0 199.414226531982 123.572540283203 109.324962615967 210.347869873047 230.591552734375 0 0
53.4628826927674 73.9268369282762 71.3343069192135 74.4803522237142 69.0061805184964 69.076745590361 29.0470786560622 18.9519882486588 6.46148619381101 16.769569626508 51.4704074318527 63.5376311358284 64.9502418086214 0 0 0 0 80.3145523071289 194.854591369629 0 100.02026665729 82.2161140441895 75.9502182006836 0 85.2339248657227 116.186988830566 115.243835449219 0 85.1826362609863 65.8887667368694 75.725715637207 54.1348757743835 59.6335525946184 80.9331924438477 0 0 0 73.9841537475586 88.6130523681641 0 88.5888978758855 104.814582824707 151.359278361003 52.1093044987431 82.5374815607645 89.986727995031 88.2951164245605 120.18911658393 102.192148208618 95.6045681880071 112.800569422105 136.105143083845 83.3977407995058 72.026096423467 90.9212055864005 109.457275390625 101.968515396118 58.2577323913574 0 0 85.6116371154785 118.31957244873 136.713483174642 0 106.256938934326 75.7138051253099 100.261322339376 82.100821358817 131.304550170898 127.318979263306 142.832960510254 53.4858110840134 78.8543639549842 46.4106435441134 65.2477085113525 126.207418823242 44.8762568660166 43.3567409844234 58.8296782753684 119.308361477322 149.714631144206 112.203295026507 92.8469693660736 77.3066184432418 108.496617635091 95.9189534868513 0 161.386285569933 129.431828975677 112.999350718963 102.898564414373 122.089686155319 144.482359008789 146.357437133789 136.138350592719 62.8825148783232 22.4571383289411 27.8514404547123 115.295801798503 98.5187822977702 131.471396073051 0 132.143559542569 147.133303833008 134.202911376953 124.968320210775 117.103820800781 79.8229789733887 124.726627763495 95.5375332551844 109.457865595818 123.055213080512 0 0 0 0 0 0 0 0 0 112.88648223877 0 125.182773590088 0 0 0 0 0 0 134.29572974311 0 118.508417053223 118.441476573115 103.560939788818 147.094061279297 0 0 145.16227722168 0 0 0 0 0 174.552572631836 0 0 0 0 0 0 173.539123535156 177.243286132812 0 0 0 169.876190185547 0 221.284317016602 209.049453735352 0 175.903518676758 0 184.99877166748 140.831745910645 0 0 0 0 91.7386932373047 169.423919677734 156.885740280151 0 0 153.598495483398 153.786163330078 238.645568847656 0 147.000366210938 148.067721557617 108.000120661809 145.239498138428 60.938969930013 0 163.426554361979 98.3225839788263 162.727188110352 136.732528686523 234.8671875 0 0 168.504659016927 0 115.551097869873 87.7642832946777 86.6188690879128 147.615745544434 0 0 0
27.3821925080752 60.8898267595278 20.3892072195951 59.4220218714055 63.2025991548097 46.6849833562196 33.0470183605249 14.0058254777293 16.769569626508 10.9722034497681 17.5213006534396 22.869670168567 66.0759005295603 0 0 0 0 84.9551811218262 0 153.522476196289 90.6653904044715 82.0965338765576 71.9361517572978 160.342504501343 131.242071469625 143.809448242188 211.634750366211 102.722320556641 81.3702949933558 66.2088311683131 68.5992533845722 43.2202283293758 50.6063191663915 54.5641136169434 98.8357810974121 158.921890258789 205.266265869141 177.199752807617 168.318664550781 133.548304239909 78.70860103204 146.025883483887 132.909057617188 48.6357360731625 84.4028457459949 89.7532560560438 161.616897583008 143.111700269911 116.221921222966 103.972772359848 116.941425167784 138.595804457696 95.5961165661578 83.6948748883153 100.959947971482 86.7204212560886 111.393078486125 51.5411758422852 0 119.748153686523 111.593381609235 145.418595938847 148.361407111673 167.418701171875 133.118698120117 80.4572190856934 100.79826614945 83.531334014166 142.085555376325 146.869631279839 140.261650695801 37.1365554638609 74.9126875135634 53.1987570197181 65.8657625721347 135.277191797892 20.754165501931 45.9777564914138 46.7652279940518 125.744284057617 154.826324050491 122.468767467298 100.19914842165 89.4105359139527 97.4742265024493 92.8908795443448 147.330856323242 147.630296146168 156.206150817871 126.664766260096 120.069353931355 122.801341027329 141.605720452503 139.113275079166 138.657471876878 55.8758511515922 13.7977407477711 40.765998412851 110.553645755934 72.6130041122437 142.708654824789 137.054136276245 146.021572613957 148.366255156848 146.563248770578 138.688005996704 119.301432450612 91.0466438506867 133.168262436811 110.117945848509 124.222360188252 133.820955060291 176.852310180664 0 0 0 118.683214823405 141.902290344238 181.004241943359 131.506332397461 146.170616149902 112.664009094238 160.72859954834 156.641154745351 153.393310546875 0 0 0 0 0 150.446608529162 124.120502471924 123.408183338878 127.1968805917 103.725194295247 127.091402200552 0 0 130.208101272583 134.076458825005 0 107.290603637695 0 167.290286254883 164.050701141357 193.731206258138 182.521881103516 0 133.303884506226 0 152.056510925293 0 198.018727620443 217.134719848633 0 140.92883845738 202.935583932059 206.90495300293 227.286605834961 233.301191057478 196.796022033691 185.440635681152 106.321901957194 156.800557916815 126.516841807264 0 0 216.937362670898 227.258427937826 117.017562866211 186.629071553548 150.77453918457 145.714158630371 0 200.565376281738 174.11469523112 218.24613734654 204.178592681885 177.971421983507 158.881004333496 116.062606229018 129.485543010391 89.4327686854771 0 197.51437886556 110.025643409939 206.226680755615 139.261016845703 227.512377929687 0 196.700188530816 188.134251912435 234.01416015625 125.97361779982 96.1211577175426 129.130270253057 185.238499345451 151.950555801392 0 0
56.4244792126119 66.2900173247807 43.0820964564221 43.4170639462867 41.6734300541087 25.796370242934 61.5296289305024 59.5165152708689 51.4704074318527 17.5213006534396 7.01513620295936 18.2419230438348 71.2162229364569 0 85.0589599609375 0 0 237.406875610352 104.567569732666 0 86.9448991902669 78.8752403952859 66.6177127293178 0 88.3672192891439 0 0 174.583160400391 85.4361811113787 62.7710592370284 46.2977848705064 33.9619868259556 37.9025776121351 137.4091796875 0 0 66.0754013061523 0 0 181.966690063477 76.1124537811693 0 184.991110229492 55.2665193875631 82.4914603460403 95.9904937744141 173.759473164876 167.574667794364 124.233604431152 114.222999148899 128.292833848433 150.834199829102 106.60510688492 115.762095401162 112.438695112864 88.1321460889733 61.1571159362793 59.9166631698608 0 0 0 153.285652160645 153.895861816406 127.490474700928 119.430358886719 66.7550055185954 87.1171540759859 70.5433242797852 168.557994842529 154.308307354267 157.205038452148 34.6675024021056 115.251721191406 52.8517026617976 72.152361422169 143.115158081055 12.5133574990737 44.7908487711867 44.510671677128 119.537612915039 161.322203318278 107.124845232282 109.52326486277 96.6387010362413 98.5911701660156 87.9622819900513 0 148.600385393415 169.624384562174 127.594494410924 119.637640380859 122.751571001325 150.889762878418 153.293237686157 154.573432228782 56.3123348003779 26.5398698102313 64.2665218333299 93.2008252825056 92.0249996185303 146.075283462937 144.539735031128 147.916088955296 149.367475918361 135.357138522836 142.029703361819 132.831903788249 94.3485153861668 140.539538234198 116.023107310953 129.142538697752 136.209934755288 0 0 0 0 136.385173797607 0 0 0 115.872917175293 0 0 149.860238295335 167.080986022949 0 157.330240885417 0 0 0 145.870777993307 118.584644862584 122.020141628332 125.455714824376 111.785929870605 120.386975076463 0 0 137.556268310547 149.680733998617 0 175.513580322266 0 190.011523907001 159.178920052268 210.49828338623 0 0 103.846153259277 0 0 232.353103637695 230.960225423177 190.640365600586 0 149.15153503418 0 214.876552581787 219.080871582031 237.125549316406 197.69961420695 190.164202880859 137.592578125 166.796735358961 127.046428044637 0 0 217.896621704102 0 0 184.940734863281 162.570532578688 135.164907182966 0 219.097152709961 0 224.372792561849 234.186519622803 181.925518035889 178.106101989746 117.980039705245 119.305588127585 108.073101997375 0 0 111.155868354051 0 0 186.848785400391 176.085586547852 194.029232318585 169.858276367188 232.785469055176 133.183996412489 104.969071788173 136.992408350894 175.767276763916 161.147067260742 0 0
64.0342068268703 60.9046577080748 20.4019078856283 28.7179863601693 46.3545234580569 17.5926629498971 72.3058646805789 70.9688806680533 63.5376311358284 22.869670168567 18.2419230438348 10.5620522840995 0 190.457221984863 116.085578918457 0 171.901733398438 0 0 146.585723876953 93.2690001782601 86.5418651200748 71.9036944562739 183.507675170898 109.457528686523 0 0 90.5191802978516 85.7640973313214 59.7583613340882 51.6312046204667 23.6267252433965 18.0822120164436 54.88476673762 0 0 196.802154541016 0 114.580940246582 165.67497253418 92.5171513425711 139.971755981445 175.994300842285 67.7015991210938 90.4732055664062 224.014434814453 101.352430979411 162.921264648438 180.360974993025 135.723848978678 157.257620917426 172.902099964231 131.066614563702 118.605350829007 132.923283443273 112.387630801731 71.7984661303068 39.017421231951 176.52392578125 0 200.304580688477 191.329109191895 192.695755004883 198.172627766927 152.127788543701 0 107.408682013618 143.192033979628 177.431019592285 176.455556233724 169.609375 27.8126091592287 99.5718012589675 74.6230157945977 57.0362571652906 164.305805206299 41.4795408276624 69.7466115951538 47.5911598260375 151.144378662109 182.16547203064 194.186041259766 129.203104506694 116.797054987368 109.829351984122 96.0832902878981 107.219499588013 180.908501258263 199.26320054796 214.022483825684 204.485900878906 152.196536671032 172.436614990234 177.488410949707 183.52936469184 35.6660802573589 38.156470191403 81.2409111006988 98.4918492057107 80.2844643729074 164.017528031033 155.709433441162 165.463052569286 164.428457970089 153.313146885271 158.021967032543 150.649301134307 115.148515937972 156.445613827385 134.724064109935 143.842892021492 152.126347702377 0 0 0 0 131.821273803711 157.023910522461 0 193.892791748047 146.024200439453 0 218.76252746582 157.155034665708 177.210050964355 157.172210693359 171.08708190918 0 0 147.981536865234 160.75885445731 146.441392467868 138.963909796743 139.117855910127 128.466743918026 138.49874969765 176.68669128418 0 141.566139856974 147.704363250732 168.541297912598 182.361083984375 0 198.926647610135 174.890039595347 201.134552001953 151.581148783366 111.093460083008 127.339021682739 0 0 0 0 203.884887695312 0 196.711430867513 241.995930262974 241.040840148926 234.28493754069 0 216.885118657892 206.548833937872 174.252479553223 185.650076293945 142.437519967215 0 176.408721923828 0 236.531845092773 0 205.884032058716 171.990010014287 143.234439849854 0 183.659149169922 0 239.857643127441 235.401260375977 180.774064497514 194.513977050781 132.397531546206 133.45845719165 104.335132204253 211.861206054688 202.777206420898 125.581479665191 0 174.263778686523 215.215789794922 189.290647234235 204.794514674766 184.082641601562 234.667569478353 141.260214902917 118.878580529349 160.624605623403 187.992606048584 158.201576819787 167.825592041016 202.10538482666
186.113082885742 218.337409973145 0 0 184.156661987305 73.6005630493164 0 114.156715393066 64.9502418086214 66.0759005295603 71.2162229364569 0 8.70319284409929 0 56.9067726135254 51.7676918029785 59.8204471363741 20.9004538141295 27.4466758214116 43.852358876146 140.548095703125 88.6341644287109 73.5964169502258 79.9737955729167 78.0036087036133 0 110.643084208171 74.3338197072347 0 172.763870239258 0 0 67.782349480523 71.5533828735352 0 65.0507507324219 51.8042449951172 64.0768257589901 89.8963424894545 69.5449981689453 83.4372576837954 0 84.7519749232701 20.8125019345275 13.8195740890858 21.424856310879 84.529411315918 58.9034460316534 77.7721733093262 46.9836854126494 95.6539611816406 91.683344523112 0 0 0 0 0 0 0 61.1142272949219 24.652717025692 84.3269208272298 87.5537935892741 75.2697608947754 65.8024028142293 20.5794600649884 163.832132339478 0 131.972441101074 87.1937225341797 84.5785048513701 74.1305693167227 67.4810576750853 27.8453214570666 0 58.8181391495925 56.3223911473148 29.8064062316367 58.9136424576941 73.6403741836548 97.2695101569681 56.9512039894281 133.650493621826 0 123.70108795166 130.055122375488 0 74.8862222035726 74.744441986084 45.3894050884247 45.0798637100798 91.0069046020508 0 90.2705993652344 74.3629901885986 86.1651412963867 60.7965201080823 86.4923973083496 0 118.444976806641 147.178115844727 0 160.539779663086 149.995178222656 0 142.61584777832 0 0 0 93.2884292602539 131.541819254557 157.183639526367 98.5135269165039 97.4880021193932 78.6845355807799 97.5000171661377 114.209701538086 97.200420167711 95.4289245605469 90.0121965785855 109.44156036377 98.7591140008742 122.110538482666 0 0 0 0 99.7317737579346 0 97.9000992408166 151.381984710693 120.382629394531 128.412647247314 147.433433532715 103.786289215088 139.172597885132 111.318649291992 102.124794006348 123.953948974609 131.708332061768 81.4127542049949 151.336563110352 88.8222606836823 104.427688598633 96.6215667724609 112.359359741211 63.5585953446685 65.0375893910726 124.355408477783 84.7235423781307 131.260192871094 125.235343933105 116.176001866659 0 0 116.480472564697 126.337913513184 0 162.692306518555 146.761497497559 0 0 0 0 134.396620614188 0 73.9290369377762 90.8127388105001 88.646607875824 40.6871868843256 0 130.045028686523 137.794680277507 138.606704711914 106.79919052124 84.8913538758184 0 125.001150131226 86.6329322347836 94.2076480946642 120.761660257975 147.773483276367 46.5050462138268 0 96.8369025631227 114.9645652771 158.425384521484 73.1188992587003 139.728811645508 0 0 115.450571060181 136.526579284668 122.41771697998 85.1369476318359 116.17236328125 176.674041748047 0 0 119.154403686523
134.106857299805 0 239.516387939453 83.4782180786133 80.1452331542969 0 0 0 0 0 0 190.457221984863 0 12.0220995771174 12.2008344733706 46.2701173017729 20.9172704794783 74.7286327907017 80.3922179085868 62.1243127584457 0 82.9329414367676 56.6380902087595 94.8137600421906 68.9580779075623 90.6669112311469 21.078262532194 29.2043647353754 95.6811310161244 85.7594706217448 69.6147223578559 0 53.0535244340656 45.7070772821419 28.3674532351647 26.1331236737038 25.9490479062749 50.1283468487619 64.2722024495623 40.2141181840104 73.5221666515383 86.9922511577606 99.3948831865864 0 109.511009216309 124.988357543945 64.2349988114475 149.697746276855 99.1866658528646 0 0 0 156.534149169922 112.263511657715 122.058181762695 0 90.5068237304688 57.921790501428 36.0202321464365 35.3800554504133 97.2256246713492 0 117.34544245402 85.3796166556222 69.1345490074158 0 104.643155415853 71.4910711601599 80.280752076043 178.640350341797 189.174621582031 0 102.624331156413 60.235601273794 71.6133536497752 102.71834564209 0 0 81.4020385742188 0 171.750679016113 0 124.112258911133 106.739906311035 116.050495147705 103.557524871826 70.9446551005046 0 118.809715270996 0 105.8878809611 143.966003417969 0 0 110.87890625 72.1884775797526 0 115.372699737549 111.816925048828 65.9257498521071 0 0 0 0 0 0 0 0 0 0 0 166.458465576172 129.986235225902 109.690343856812 0 110.428224182129 128.630676269531 113.190537483461 128.480664571126 137.116095225016 126.704280376434 129.567889153203 115.371548461914 132.473205566406 0 0 103.538583755493 0 0 152.494842529297 0 0 0 183.104209899902 0 144.951866149902 120.426383972168 0 140.48362121582 125.822710037231 127.810537719727 127.326235684482 135.715072631836 0 138.247566223145 164.737571716309 0 0 101.490310192108 171.718955993652 127.453924560547 0 0 0 182.53955078125 0 0 208.503463745117 0 0 0 0 0 0 130.277679443359 146.295613606771 153.148792266846 153.044357299805 0 87.2977752685547 0 0 181.513488769531 0 0 128.545822143555 0 0 160.452616373698 124.815326690674 0 110.044067382812 86.4575612204415 0 0 93.1793975830078 0 0 0 0 166.150161743164 0 0 0 0 0 154.851066589355 125.424476623535 0 131.773880004883
0 0 0 104.892608642578 81.8989710126604 0 187.686904907227 0 0 0 85.0589599609375 116.085578918457 56.9067726135254 12.2008344733706 8.0072087112883 24.0072010013023 12.1555739137268 37.1841316313755 46.9576975646632 8.69006277173533 63.8427628411187 66.3624884082425 48.4094292266028 85.4611218770345 62.3522499629429 61.9596159193251 18.9199561047467 18.805332525579 95.9111316905302 92.1029251098633 68.4731647267061 52.0765228271484 64.4485392961346 50.8451658550062 26.5582121624828 25.820122438743 12.211885493791 62.1804494857788 38.4349184957044 51.5811593085661 60.8565045417208 68.0994937549938 92.9863520622253 86.3920974731445 92.9701156616211 103.305390097878 57.8752813682282 104.857659339905 92.326106262207 0 0 146.190399169922 123.9931640625 117.294099807739 92.5853907267253 84.8803863525391 83.8184010823568 49.8888456091325 52.8772037883974 31.3893113536094 84.5792492805643 107.995730082194 98.1044606809263 82.6343992528781 54.4360504646944 85.9252128601074 107.749526239211 63.7135146938626 60.2902333499131 113.932680765788 0 0 86.9255830591375 49.3995844758587 64.187176484328 65.7245563930935 0 0 105.190073394775 0 176.172348022461 140.698959350586 133.511052449544 120.542976379395 104.273373921712 99.811525785006 86.5513458251953 140.025634765625 146.875701904297 0 118.207401622425 108.329903125763 0 107.559899139404 101.61351973435 61.8519719994586 105.319925308228 105.268451690674 87.0575134970925 58.5717239379883 0 150.169479370117 0 0 0 0 0 116.187309265137 0 0 0 0 109.412151659949 107.343166351318 105.985978906805 103.498681288499 115.923696344549 103.413802862167 121.697172685103 116.580512607221 112.721451034546 113.094817463356 103.362259901963 128.723117534931 125.593540736607 114.243740844727 102.378210544586 130.672407967704 123.085910797119 110.37322211988 163.015960693359 0 141.051605224609 119.067063467843 0 124.093937683105 108.016247468836 96.6649017333984 114.867175709118 113.988763361392 114.88165918986 111.592736506808 129.344088363647 0 136.430116271973 147.677927652995 127.436422983805 95.691822052002 88.2811019641011 137.314584096273 115.544141881606 188.442092895508 168.156627655029 0 202.640869140625 146.63346862793 0 0 0 241.344177246094 233.797302246094 0 0 0 130.062899271647 113.278303045976 110.446409786449 148.353021894182 120.534385681152 0 138.736048380534 132.654975891113 0 113.599273681641 190.26318359375 135.866268358733 0 0 135.135504828559 173.772094726562 112.672966003418 103.417316981724 72.8481480782492 0 151.501439412435 80.017567952474 195.010238647461 0 0 138.044445582799 0 209.413589477539 188.703910827637 0 0 0 138.776206970215 115.686769485474 112.272247314453 118.078533172607
