37115 11920 12594 3550 4290 9268 8970 11721 264 1160 102 1566 7 5 6 3 0 0 1 0 175 63 2 2 32 0 14 9 5597 11008 1952 26 82 13 1 0 1 5 6 3 2407 1 2 1 16 2 13 10 16 9 142 398 962 921 556 144 99 15 3 0 0 16 17 4 10 4 275 16 41 45 31 178 6 75 53 2 65 4 34 23 272 16 1587 1098 861 410 6 48 16 1 10 422 263 57 21 88 231 1635 70 7 125 17 415 311 52 614 48 23 167 173 262 425 0 0 1 0 4 0 1 3 0 2 0 41 28 4 10 0 0 1 11 0 52 72 3 39 0 0 9 15 0 2 0 15 112 1 0 0 2 1 1 1 3 11 0 5 7 10 7 8 17 11 1 22 15 0 1 0 0 0 41 3 6 3 1 1 9 9 1 0 108 31 11 11 0 66 5 0 8 8 31 1 6 8 102 17 40 6 0 6
11920 28660 5328 12936 8864 10786 433 246 41 234 111 1624 1 2 1 1 0 0 0 0 220 67 0 1 12 0 6 4 1149 4745 1125 34 91 9 1 0 1 3 1 4 1446 1 3 1 3 0 2 4 6 1 44 111 236 259 129 87 73 9 1 0 1 9 3 0 5 1 195 4 12 17 5 195 2 63 31 1 70 1 44 5 71 4 557 396 578 270 9 13 4 1 0 133 72 17 5 29 132 120 68 5 121 25 528 394 59 682 30 11 116 74 227 365 0 0 0 0 3 0 0 1 1 0 0 56 32 6 13 0 0 0 14 0 61 109 9 30 1 0 7 7 2 0 0 15 154 0 0 0 0 1 2 0 1 11 0 0 4 8 4 9 23 8 2 32 17 1 0 0 1 0 72 5 13 3 1 0 14 1 3 0 145 28 10 6 0 65 4 0 4 12 31 1 4 12 85 16 55 8 0 6
12594 5328 19857 8583 610 9105 1602 8621 292 5538 437 36452 0 6 5 2 0 0 1 1 495 228 4 2 50 0 7 9 795 524 345 70 156 12 1 0 3 2 2 2 1526 0 7 0 3 1 3 10 7 0 62 169 302 273 188 101 31 3 1 1 0 13 4 2 13 1 304 6 37 13 19 358 8 105 34 2 112 2 67 6 103 4 629 454 705 334 5 17 10 1 2 149 96 22 15 44 420 285 208 13 381 86 1448 1045 198 2206 125 45 492 326 947 1553 0 0 1 0 8 1 1 2 0 0 1 137 73 10 25 0 0 0 32 1 168 178 11 64 0 0 16 17 2 5 0 29 258 0 3 0 2 0 9 0 3 14 1 6 13 18 6 12 24 23 7 44 28 0 1 0 0 1 111 13 13 7 0 0 17 0 1 0 349 45 24 24 1 143 6 0 3 30 79 0 6 14 336 38 94 18 1 5
3550 12936 8583 10151 8903 23264 159 79 44 250 223 3719 2 3 2 1 0 0 3 0 438 146 1 1 41 2 3 4 408 666 1219 49 157 3 2 0 2 1 2 3 737 0 0 1 3 1 1 3 1 1 19 21 62 56 41 57 63 1 1 1 0 4 4 3 5 0 157 1 24 3 3 364 6 93 12 0 106 1 73 3 17 1 234 131 485 221 3 1 5 0 1 52 18 7 2 15 229 48 145 11 216 38 754 512 93 1010 29 15 160 76 288 659 0 0 0 0 3 0 0 0 2 0 0 72 55 11 10 0 0 0 27 1 89 142 3 58 0 0 8 5 1 2 0 25 203 0 0 1 0 0 1 0 1 17 0 2 1 13 1 2 26 16 0 22 32 0 0 0 0 0 79 13 6 5 0 1 12 0 0 1 192 31 21 14 0 106 2 0 1 11 33 2 5 12 105 7 54 9 0 7
4290 8864 610 8903 8396 19994 851 233 31 147 190 1522 0 208 153 47 0 13 2 1 800 441 7 22 82 4 132 336 4553 7396 15482 581 520 138 55 10 40 12 127 18 1333 1 8 1 3 9 15 202 12 4 34 107 313 393 149 91 6415 30 14 7 11 137 114 29 271 1 803 24 807 37 87 314 46 95 281 39 74 0 61 5 93 5 603 481 887 472 29 11 23 4 18 111 55 17 39 3048 166 290 514 445 76 20 346 272 54 435 16 7 61 31 128 275 1 0 9 1 7 3 0 18 0 5 0 66 39 8 15 2 0 0 11 1 53 83 2 34 1 1 14 13 26 3 7 22 137 9 5 0 2 17 4 8 24 6 1 9 6 9 4 8 18 4 0 20 14 0 8 12 11 0 57 8 4 2 14 18 11 8 42 2 125 40 12 7 20 87 1 1 10 17 31 16 9 9 42 5 47 11 0 6
9268 10786 9105 23264 19994 18563 1610 537 99 794 1356 18415 0 141 128 122 4 58 3 2 1898 1128 25 18 155 6 75 273 1898 4114 8197 6963 2591 645 28 7 72 39 138 23 2603 3 20 2 1 13 14 408 15 4 39 106 290 309 147 163 451 198 6 4 22 173 167 18 313 0 757 14 1050 84 129 1212 184 228 139 107 183 1 245 4 127 4 836 716 1554 740 16 29 53 4 26 146 72 20 56 1501 560 345 806 32 307 62 1246 899 195 1584 61 28 267 151 615 1123 0 0 25 1 12 4 3 64 2 2 1 174 111 18 37 3 1 2 26 0 175 259 13 92 0 0 30 23 84 9 12 45 380 17 4 1 7 36 6 6 22 24 1 13 13 21 6 17 40 23 1 53 56 1 14 14 23 1 141 20 21 7 21 16 31 25 70 4 389 65 20 16 44 185 2 1 16 24 82 36 19 26 216 18 102 21 0 18
8970 433 1602 159 851 1610 9399 10672 359 4790 745 949 0 4 9 2 0 0 0 0 34 36 4 1 13 0 9 15 2451 1720 878 10 25 5 2 0 0 2 2 1 304 0 1 8 36 2 4 11 5 13 65 134 603 533 297 42 62 6 3 1 2 6 16 1 12 6 45 8 28 17 11 116 5 41 24 2 80 17 39 16 85 10 561 388 206 73 4 19 4 3 9 160 95 18 6 61 892 4277 26 4 43 5 93 63 18 145 20 19 40 82 80 119 0 0 0 0 1 1 0 0 0 0 0 6 6 1 4 0 0 0 3 0 9 23 1 5 0 0 2 3 0 2 0 0 29 0 0 0 2 0 1 0 0 0 0 0 1 6 1 1 0 1 0 4 2 0 0 1 1 0 9 1 1 0 0 0 5 4 2 0 18 16 5 4 1 15 3 0 2 0 5 1 2 1 15 1 1 2 1 3
11721 246 8621 79 233 537 10672 18030 420 19043 385 920 1 2 2 0 0 1 0 0 32 16 2 2 3 0 4 2 543 576 188 5 14 4 1 0 1 2 0 1 702 0 1 3 9 2 0 3 10 7 53 171 475 343 267 41 12 3 1 0 0 7 4 1 6 2 60 2 12 11 12 60 1 24 11 0 33 5 15 7 97 11 675 528 223 95 1 22 11 5 5 150 107 16 7 19 247 689 20 4 67 8 198 108 19 318 41 40 122 196 212 205 0 0 0 0 1 2 0 0 1 0 0 14 4 2 2 0 0 0 1 0 14 12 1 11 0 0 4 1 0 1 0 7 18 0 2 0 0 0 0 0 0 2 0 1 2 3 0 1 3 4 1 4 4 0 0 0 0 0 16 1 0 0 0 0 5 2 3 0 37 10 5 2 1 12 3 1 4 1 3 0 2 3 81 15 7 2 0 0
264 41 292 44 31 99 359 420 3011 2327 580 454 72 0 0 0 0 0 4 0 53 96 12 1 22 0 1 0 28 25 25 3 34 0 0 0 1 3 0 3 27 1 3 65 497 48 8 7 0 174 21 65 288 54 32 1 10 2 0 0 3 2 3 4 4 89 35 3 0 2 8 427 10 407 1 4 669 191 128 36 58 173 19 16 19 22 8 138 83 87 137 2 5 1 2 4 3449 1098 32 3 2 0 10 3 0 11 0 1 2 4 6 8 0 2 3 3 3 4 2 2 4 8 10 2 4 0 2 0 0 1 0 0 0 6 0 8 1 2 3 6 0 3 0 0 2 0 1 0 5 10 0 0 6 0 0 1 5 4 3 7 1 0 0 0 0 0 1 1 1 0 1 0 2 1 4 8 9 6 12 0 9 10 9 3 4 5 7 0 12 2 0 11 3 0 6 0 2 1 2 0
1160 234 5538 250 147 794 4790 19043 2327 19979 19376 44281 14 0 2 0 0 2 1 0 123 79 4 1 18 1 2 3 178 143 109 115 46 3 2 0 1 3 0 4 180 1 0 36 117 7 2 2 1 43 8 75 333 138 90 18 13 1 3 0 0 2 1 4 5 16 60 4 12 7 6 465 7 78 7 2 495 79 97 10 47 24 189 118 105 63 3 31 9 12 20 43 31 7 2 24 2454 1386 47 7 253 36 873 543 139 1702 143 85 514 552 1021 1261 0 0 0 0 2 1 0 2 0 2 1 35 29 1 10 0 0 0 16 1 103 82 3 21 0 0 7 6 2 2 0 17 78 0 2 0 2 4 1 0 1 6 0 5 2 8 5 2 12 8 1 10 8 1 0 0 0 1 45 6 4 1 2 2 6 1 6 0 221 11 12 9 0 59 6 2 4 5 22 0 4 5 464 30 26 4 2 2
102 111 437 223 190 1356 745 385 580 19376 5128 4724 1 4 11 3 0 3 0 3 563 555 27 3 80 1 4 8 77 40 96 293 105 9 2 3 4 3 4 12 224 1 2 0 5 3 6 9 2 2 3 11 91 36 22 28 15 5 1 1 2 3 8 2 5 0 140 5 41 1 9 463 10 65 8 6 154 2 100 0 5 3 95 112 203 141 10 2 1 0 5 12 4 2 4 136 1663 314 213 10 169 31 520 418 100 949 46 21 213 154 511 723 0 0 0 1 1 0 0 3 0 1 0 47 44 5 12 0 0 0 13 1 106 96 1 18 0 0 7 0 2 5 0 11 100 1 4 1 1 3 0 1 0 7 0 1 4 8 2 2 11 9 1 20 10 0 1 0 2 1 49 7 3 1 0 1 7 0 3 0 219 19 4 6 0 92 5 0 1 10 16 2 1 9 230 16 40 3 0 2
1566 1624 36452 3719 1522 18415 949 920 454 44281 4724 32835 5 31 33 48 1 30 2 9 1706 1512 63 8 287 4 22 57 526 547 1054 4326 1015 149 8 2 11 24 22 20 1127 3 21 3 10 9 46 93 2 4 21 35 155 158 92 68 100 235 7 1 16 42 46 11 73 2 533 35 284 15 39 720 100 217 195 31 264 6 151 1 30 3 380 491 852 491 65 7 13 4 17 56 27 5 24 1315 1458 326 758 44 375 85 1332 1154 205 2334 94 46 484 363 1116 1667 1 0 4 0 9 2 1 23 2 4 3 137 106 13 31 0 0 0 33 1 223 265 8 76 0 0 22 25 32 5 2 41 314 3 12 0 5 15 6 4 5 14 1 9 14 22 4 11 37 23 3 54 29 0 7 2 1 1 117 25 15 6 6 7 20 5 11 3 508 67 26 19 12 212 1 0 9 30 91 8 17 21 517 37 101 24 2 11
7 1 0 2 0 0 0 1 72 14 1 5 8024 1 1 31 100 2221 3741 41 1 4 2 23 5 0 21 48 4 1 3 2 45 1 1 0 21 717 34 4 24 7 65 7711 2695 1472 1 19 6 115 1 13 11 3 3 0 5 1 2 0 156 11 19 247 227 671 5 2 29 1 22 79 485 1160 2 5 319 518 181 3 25 31 0 4 1 2 1 130 165 175 287 4 1 1 20 1 246 27 4 2 0 0 0 0 2 0 0 0 0 2 0 3 8 51 1606 21 12 128 4 1923 32 564 29 1 0 4 2 25 7 69 4 1 1 0 1 8 14 2 37 36 709 5 166 0 1 32 381 16 72 2605 1 10 21 1 1 17 1 0 2 5 0 0 1 2 6 2 318 167 16 64 1 5 2 1 17 194 3 9 227 9 1 1 91 1 40 1 5 2 23 0 0 37 6 4 2 0 1 2 1 2
5 2 6 3 208 141 4 2 0 0 4 31 1 12366 10712 1079 76 161 16 19 31 31 237 187 20 28 1223 1681 290 103 158 27 11 570 4394 5478 1857 22 437 757 1017 94 56 2 0 10 207 16 78 0 0 2 28 27 4 4 129 1039 1336 910 10 18 48 54 197 0 86 675 170 10 4 6 5 68 1525 4 2 0 2 0 5 1 26 27 23 19 20 10 21 2 7 43 4 26 56 385 1 8 13 6 0 0 1 3 1 0 1 1 0 0 0 0 76 82 10 146 119 136 70 107 100 427 215 25 26 14 31 48 15 138 4 0 0 12 4 40 137 19 66 163 14 148 48 0 20 16 1 4 97 18 40 9 3 1 5 0 0 0 1 1 0 2 0 0 2 62 6 50 18 0 6 6 0 29 9 28 2 3 9 0 4 29 30 4 6 2 1 0 0 4 0 3 9 0 0 0 6 7 3 5
6 1 5 2 153 128 9 2 0 2 11 33 1 10712 17200 17447 595 1704 155 714 72 57 557 415 46 116 788 2517 208 55 121 16 22 193 1687 446 2049 26 1069 460 2360 291 193 2 3 22 128 52 279 0 1 4 15 15 5 1 76 565 307 293 30 84 64 35 286 2 36 267 222 33 23 7 8 109 855 27 2 0 4 0 17 1 17 13 18 13 10 34 82 6 53 231 9 99 275 298 4 8 10 4 2 1 4 0 1 3 0 0 0 0 0 2 195 233 39 323 218 240 205 200 243 805 409 55 63 35 82 118 57 356 17 0 0 15 8 93 281 56 147 320 60 443 103 0 37 31 1 6 214 39 163 34 12 3 9 4 0 1 0 2 4 3 1 2 0 197 24 115 43 1 15 15 10 78 17 60 6 14 18 2 10 78 56 20 12 17 1 1 8 8 2 11 24 0 1 0 12 16 3 15
3 1 2 1 47 122 2 0 0 0 3 48 31 1079 17447 17686 123 7553 4250 990 22 41 110 382 11 17 911 1960 38 19 21 118 1107 920 94 19 2805 869 940 63 1496 234 176 18 8 78 25 138 238 3 0 5 4 4 2 1 16 497 80 173 174 199 123 84 96 0 23 80 120 101 66 111 287 90 382 92 5 4 41 0 48 2 8 17 16 11 5 80 180 22 107 249 15 136 453 268 2 1 18 6 2 1 8 4 2 5 0 0 0 1 1 2 152 559 300 203 36 748 23 2013 51 2051 46 14 14 9 14 250 44 1384 7 0 6 11 6 54 138 8 61 102 926 92 379 2 19 34 4 32 74 193 29 39 29 0 0 3 1 1 0 6 1 0 0 2 10 28 17 129 50 2 10 10 12 9 37 103 8 25 30 4 13 40 30 7 28 11 2 0 16 4 4 22 23 2 1 0 2 6 0 9
0 0 0 0 0 4 0 0 0 0 0 1 100 76 595 123 939 194 2829 1289 27 57 155 52 31 46 19 32 6 2 2 6 0 13 40 14 513 768 22 125 377 21 29 22 5 100 44 6 19 0 0 2 0 1 1 0 2 49 19 18 18 3 11 18 6 1 4 12 10 3 1 5 9 128 46 4 0 8 2 0 4 5 4 1 6 3 1 8 14 4 16 6 1 0 16 20 0 0 9 0 1 0 1 2 1 2 0 1 0 0 0 2 51 39 12 103 119 34 136 31 158 123 147 46 86 20 76 43 12 72 7 1 2 25 7 106 96 30 193 272 21 264 39 0 29 21 4 0 147 13 167 17 5 1 2 0 1 2 0 1 7 5 1 3 2 166 19 60 27 2 17 16 7 72 12 33 2 3 6 2 9 116 31 24 1 25 0 0 2 8 1 1 10 2 0 0 13 22 1 19
0 0 0 0 13 58 0 1 0 2 3 30 2221 161 1704 7553 194 13117 4890 51 13 40 47 1083 15 13 1055 599 15 4 5 70 491 224 30 6 425 1038 5489 72 1555 202 679 712 33 4001 29 676 77 7 1 3 1 6 2 1 10 138 31 37 4919 196 157 971 671 8 41 33 695 68 252 121 628 435 120 825 9 23 59 1 127 2 6 10 5 11 3 111 362 18 338 111 13 65 200 121 3 0 20 6 3 1 2 3 3 1 0 2 0 0 0 2 37 459 3174 68 30 879 14 5231 49 2526 36 5 7 8 9 481 9 974 16 3 4 10 14 56 39 6 58 100 4839 23 1452 1 13 55 34 87 108 2160 13 30 35 1 3 18 2 0 4 6 1 1 0 10 33 14 250 903 55 27 8 4 19 20 43 214 4 23 95 9 4 29 136 14 50 6 2 0 17 2 2 36 32 26 0 3 4 1 2 6
1 0 1 3 2 3 0 0 4 1 0 2 3741 16 155 4250 2829 4890 42005 7831 17 24 68 196 11 54 373 113 8 2 2 4 654 33 33 2 918 4890 45 144 446 50 129 9504 427 1664 25 147 118 79 4 15 0 1 0 0 5 6 6 1 61 81 67 96 47 49 10 6 45 38 47 72 1285 5832 3 47 16 1267 62 11 65 38 2 2 3 5 1 183 390 106 387 89 2 51 236 6 3 0 10 0 2 0 0 0 1 2 0 0 0 0 0 1 579 1345 1285 922 361 2003 279 5719 546 7691 1010 77 73 64 118 518 160 2621 21 2 2 27 6 117 645 73 270 628 1826 659 674 2 90 108 45 99 548 713 167 89 44 5 19 12 5 5 2 15 0 7 0 2 6 242 65 322 127 30 11 30 15 82 94 292 31 57 182 23 9 107 668 18 67 28 2 0 27 11 6 78 75 10 2 1 16 27 3 26
0 0 1 0 1 2 0 0 0 0 3 9 41 19 714 990 1289 51 7831 3103 40 71 283 250 49 119 110 8 4 0 1 5 66 22 31 1 256 170 8 319 867 97 122 66 22 34 87 17 138 6 3 6 0 1 0 0 5 19 10 4 15 50 31 27 2 4 11 4 25 17 8 5 32 330 12 10 2 43 6 1 14 4 0 0 8 7 1 25 73 15 43 94 5 40 155 12 1 0 12 2 1 0 4 0 3 1 0 0 1 0 0 3 298 252 52 449 218 184 276 145 398 785 425 94 124 67 152 133 102 477 17 3 1 30 11 140 357 85 249 551 64 731 144 1 59 47 3 10 335 44 307 47 9 3 8 3 1 4 2 2 6 2 1 1 2 394 27 171 70 3 33 30 10 136 23 53 13 14 29 4 15 138 46 28 9 39 1 0 7 19 5 19 46 2 3 0 15 26 5 25
175 220 495 438 800 1898 34 32 53 123 563 1706 1 31 72 22 27 13 17 40 10514 8336 2709 186 751 115 82 25 111 165 498 182 590 129 19 4 130 179 6 317 1178 55 128 12 1 7 74 24 55 2 3 4 24 18 9 1538 88 27 65 7 12 63 64 34 18 2 48 80 61 18 7 585 225 309 111 17 177 4 228 1 9 0 469 68 3498 1006 68 13 25 6 26 31 5 17 190 397 155 38 2007 76 9 1 31 22 5 45 3 1 9 7 20 34 1 0 1 5 63 2 18 6 8 2 23 48 31 10 13 1 1 3 9 0 10 76 12 113 5 1 90 109 2 14 2 5 52 4 2 0 37 1 18 1 2 1 0 0 0 2 1 2 5 3 0 5 20 6 4 2 2 1 14 12 21 10 3 4 1 2 4 1 65 120 38 43 4 84 0 0 4 3 14 2 2 7 14 3 17 6 2 16
63 67 228 146 441 1128 36 16 96 79 555 1512 4 31 57 41 57 40 24 71 8336 28279 7440 1062 7379 755 461 24 127 101 252 233 1147 283 83 10 317 506 24 3542 1215 222 1123 22 15 45 412 101 307 1 4 21 49 30 33 179 60 31 142 17 101 479 542 271 27 2 266 157 171 155 38 1143 493 749 115 67 269 4 420 1 30 0 442 200 3537 1017 109 29 121 19 219 128 26 151 1347 236 298 47 5697 170 8 2 26 32 3 47 2 4 10 3 18 23 5 5 3 18 187 13 47 17 38 20 71 88 61 19 30 10 1 9 12 3 26 123 19 217 10 8 213 269 13 50 5 5 72 5 10 0 100 24 37 11 22 4 1 7 3 4 2 6 3 6 2 1 18 29 25 22 17 0 29 11 28 40 21 25 11 11 51 4 107 212 75 50 15 103 1 0 14 12 15 20 13 7 11 5 23 19 1 27
2 0 4 1 7 25 4 2 12 4 27 63 2 237 557 110 155 47 68 283 2709 7440 11914 8570 1009 4814 741 23 24 6 9 9 309 192 62 10 502 382 47 3882 7087 1574 919 19 6 24 384 33 406 1 3 5 10 10 5 7 19 15 62 30 40 139 100 97 19 1 145 36 41 53 14 173 192 106 23 25 73 2 86 2 20 1 29 57 139 116 20 31 67 9 77 160 5 97 643 12 51 5 254 6 2 1 4 2 2 11 0 0 3 0 2 6 7 3 1 6 39 14 19 7 23 43 35 19 18 2 7 7 2 12 2 0 8 37 2 50 13 5 39 45 12 19 11 0 21 6 3 1 29 6 17 7 8 0 0 5 1 0 1 1 1 6 0 2 6 14 6 10 4 0 12 7 8 10 6 7 4 7 18 3 20 50 13 21 14 37 0 0 5 2 0 9 6 1 4 1 5 4 0 13
2 1 2 1 22 18 1 2 1 1 3 8 23 187 415 382 52 1083 196 250 186 1062 8570 13969 637 5366 10057 840 278 29 58 3 15 62 926 65 135 37 303 7486 4205 4570 2149 10 7 669 980 38 406 0 3 0 43 50 19 4 180 61 316 35 812 100 166 659 326 2 554 228 95 52 18 16 15 60 120 20 7 0 8 0 21 0 52 159 108 236 91 43 57 14 163 186 12 92 557 24 1 4 365 63 1 0 1 0 1 2 0 0 0 0 3 0 21 34 61 40 47 70 33 302 40 175 79 7 5 9 17 33 10 47 1 0 2 7 3 24 36 7 34 71 277 38 78 1 7 10 7 1 20 170 11 7 10 1 0 2 0 1 0 1 0 1 0 0 3 12 55 71 10 1 2 4 2 8 11 53 0 5 31 4 0 15 18 2 9 1 1 0 7 0 1 6 5 2 0 0 1 1 2 3
32 12 50 41 82 155 13 3 22 18 80 287 5 20 46 11 31 15 11 49 751 7379 1009 637 9680 548 436 43 367 27 109 43 277 53 128 2 95 182 8 5906 586 93 788 6 8 67 3974 28 63 0 10 18 102 109 55 86 366 13 153 3 120 305 618 384 32 2 1752 253 213 66 13 386 158 413 186 30 90 2 156 3 13 1 328 547 1094 2017 4001 6 29 6 112 54 10 53 591 57 70 17 3893 1284 5 2 8 6 1 10 0 0 0 0 3 6 6 5 4 31 146 14 42 5 42 38 70 41 15 14 14 7 0 7 6 0 5 34 10 123 16 4 125 197 12 28 10 2 36 3 5 0 82 27 24 3 8 2 0 1 2 0 0 0 4 2 1 2 2 18 17 9 7 0 12 7 6 13 12 22 3 5 34 0 21 114 46 11 10 30 2 0 5 4 7 12 8 2 3 0 4 9 0 8
0 0 0 2 4 6 0 0 0 1 1 4 0 28 116 17 46 13 54 119 115 755 4814 5366 548 4526 1018 10 21 1 3 0 8 3 28 2 43 28 5 6312 892 172 307 3 0 10 155 5 62 0 0 0 6 10 2 3 10 2 7 0 11 14 19 52 8 0 105 9 15 11 2 6 4 24 2 2 3 1 2 0 2 0 13 32 32 40 6 5 8 0 10 20 2 13 111 0 0 1 106 7 0 0 1 1 0 0 0 0 0 0 0 0 12 15 0 26 14 15 14 12 16 64 31 2 4 4 2 9 6 16 0 0 0 1 0 3 16 3 12 20 6 13 13 1 5 3 1 0 10 5 7 4 2 0 0 0 1 0 0 0 0 0 0 0 0 8 1 7 6 0 2 2 0 2 0 4 0 2 3 0 1 1 11 2 1 0 0 0 1 1 0 0 3 0 0 0 0 2 0 0
14 6 7 3 132 75 9 4 1 2 4 22 21 1223 788 911 19 1055 373 110 82 461 741 10057 436 1018 25863 7222 1172 185 257 6 26 249 3768 396 348 29 178 3027 1081 249 711 9 6 199 965 26 64 0 6 10 92 143 36 14 654 356 751 226 194 57 255 1212 1506 0 1086 894 151 22 20 13 11 138 702 16 4 0 7 0 17 0 107 232 121 322 162 16 33 2 37 62 12 21 174 144 5 14 401 122 2 0 1 0 0 1 0 1 1 0 2 0 105 194 127 161 101 311 62 1039 102 988 240 17 16 25 33 77 31 325 5 1 1 4 3 65 162 15 64 155 749 143 194 0 14 19 5 1 74 218 30 13 5 1 2 0 0 0 2 0 0 0 0 0 2 55 41 89 30 2 4 5 6 10 7 70 8 8 26 3 5 30 53 3 5 2 1 0 4 4 0 8 15 3 0 0 2 5 2 6
9 4 9 4 336 273 15 2 0 3 8 57 48 1681 2517 1960 32 599 113 8 25 24 23 840 43 10 7222 7229 830 254 313 40 21 406 299 258 535 7 2365 124 230 32 109 4 5 227 175 28 11 1 3 5 48 71 23 9 335 858 542 472 169 22 80 666 1756 3 273 707 269 4 5 5 9 51 1507 10 1 0 4 0 7 0 51 72 35 39 50 4 19 2 15 18 3 6 38 577 1 30 43 22 1 1 1 1 1 2 1 0 1 0 0 5 64 178 442 90 57 383 32 2247 46 732 112 17 12 9 19 153 19 328 11 0 7 5 4 24 84 13 26 88 2395 104 507 0 6 26 6 6 46 684 37 8 3 0 1 2 0 0 0 0 1 0 0 2 16 49 129 268 25 2 1 5 14 20 7 103 0 8 12 2 2 24 34 5 4 4 0 0 0 8 0 2 13 11 0 0 5 4 2 4
5597 1149 795 408 4553 1898 2451 543 28 178 77 526 4 290 208 38 6 15 8 4 111 127 24 278 367 21 1172 830 38332 13350 5475 105 283 69 342 18 47 32 114 339 273 19 295 6 15 47 319 172 41 3 39 91 1263 4030 532 35 4848 80 104 9 64 456 1293 335 415 1 4435 292 2059 69 58 716 85 253 1544 39 489 2 304 2 75 7 684 1546 230 218 729 22 33 5 93 107 60 38 311 2715 164 3103 446 1219 89 15 245 147 27 239 14 4 35 8 48 133 3 3 1 5 33 3 10 12 8 11 9 71 58 17 17 4 2 3 17 1 64 209 15 175 0 0 46 80 14 10 16 18 166 12 22 0 29 46 23 10 16 10 2 18 7 10 7 7 15 12 0 27 44 7 14 18 12 0 64 19 41 6 13 38 9 9 65 2 181 144 33 55 24 162 3 0 19 16 38 28 18 9 25 6 54 11 0 19
11008 4745 524 666 7396 4114 1720 576 25 143 40 547 1 103 55 19 2 4 2 0 165 101 6 29 27 1 185 254 13350 20847 10177 45 76 8 59 11 12 6 40 25 495 0 23 1 3 6 22 76 9 7 33 98 494 708 264 40 5255 14 14 3 5 67 205 49 145 2 561 46 615 16 21 187 13 68 361 15 101 1 63 4 81 1 528 454 277 174 80 15 6 0 14 112 57 16 31 956 96 728 126 155 29 3 137 114 15 175 7 3 42 23 50 88 0 0 1 0 10 0 2 8 2 1 1 27 29 7 11 1 0 1 2 2 24 70 3 36 0 1 12 18 8 1 0 12 96 3 1 1 5 8 5 4 5 2 0 2 2 11 2 4 10 4 0 14 10 1 4 2 5 0 24 5 6 2 3 7 4 4 11 1 65 36 15 8 10 50 0 0 7 8 13 6 4 9 24 7 25 3 0 4
1952 1125 345 1219 15482 8197 878 188 25 109 96 1054 3 158 121 21 2 5 2 1 498 252 9 58 109 3 257 313 5475 10177 11060 149 154 25 120 12 25 7 75 56 1268 1 48 1 2 10 66 78 8 5 23 69 293 413 188 72 10619 27 45 7 11 68 190 77 174 0 1557 124 618 22 31 222 14 69 1233 19 59 3 60 3 52 6 535 504 711 588 244 17 7 1 10 95 56 17 35 4156 120 330 1415 2639 70 14 243 195 31 318 7 1 46 23 90 193 1 1 0 0 5 0 3 9 1 1 5 45 27 9 9 4 0 1 10 0 32 55 5 31 3 0 12 15 9 3 5 17 120 4 2 0 1 7 1 7 3 5 1 4 6 10 2 13 14 5 0 13 16 2 7 6 2 0 36 3 4 2 7 7 8 8 18 2 97 23 11 9 15 66 2 0 5 3 24 7 4 4 23 9 34 8 0 2
26 34 70 49 581 6963 10 5 3 115 293 4326 2 27 16 118 6 70 4 5 182 233 9 3 43 0 6 40 105 45 149 8644 4768 3081 3 1 129 50 58 3 157 3 5 0 2 5 5 50 0 0 3 25 47 32 22 6 30 4760 31 57 12 25 14 3 75 0 91 45 175 5 30 729 259 34 579 34 49 1 160 1 18 0 97 95 79 53 11 7 15 0 9 17 9 4 3 4596 47 9 97 5 12 3 51 39 4 58 2 0 11 3 16 27 1 2 9 0 9 5 1 29 1 2 2 37 18 4 13 0 0 2 1 1 12 50 8 83 0 0 21 10 34 1 3 7 78 3 4 0 5 13 1 2 5 1 0 0 2 7 0 1 6 3 1 9 14 1 1 6 0 0 15 5 11 5 7 4 2 1 6 2 28 62 13 17 5 41 0 0 0 4 14 5 4 5 4 2 14 8 2 7
82 91 156 157 520 2591 25 14 34 46 105 1015 45 11 22 1107 0 491 654 66 590 1147 309 15 277 8 26 21 283 76 154 4768 5320 1996 29 6 563 1816 45 88 497 6 40 17 14 218 186 37 7 9 11 32 72 68 46 20 79 1757 116 52 158 13 20 19 22 7 221 169 50 5 11 1416 2970 434 899 29 339 9 357 0 29 3 119 185 203 158 105 8 42 5 82 30 13 5 26 2827 391 34 335 59 37 17 118 101 17 112 11 8 13 8 32 70 2 4 9 6 138 11 36 34 24 12 31 157 163 29 64 3 0 7 43 7 48 344 78 577 10 3 361 348 47 46 17 28 241 5 13 0 101 39 69 4 3 7 0 5 11 14 7 8 41 25 4 25 70 22 26 16 6 2 127 61 165 82 5 13 13 6 34 3 216 584 63 238 9 284 2 1 5 50 51 4 17 26 24 6 87 53 6 91
13 9 12 3 138 645 5 4 0 3 9 149 1 570 193 920 13 224 33 22 129 283 192 62 53 3 249 406 69 8 25 3081 1996 5693 454 762 1299 292 306 100 337 15 31 2 1 16 187 39 9 1 8 24 62 38 42 5 17 6129 2533 3053 14 9 53 35 237 1 75 1122 307 6 10 416 200 206 1882 29 85 3 88 0 14 1 103 84 45 34 19 4 14 1 8 20 16 5 11 1772 9 2 57 9 20 8 54 54 18 55 5 6 8 1 19 30 4 0 10 12 141 15 21 35 16 11 10 105 112 21 40 5 1 2 25 4 34 246 68 516 12 3 262 263 46 38 3 10 198 9 2 0 79 31 68 3 2 14 0 2 4 15 1 5 19 17 2 20 49 17 14 12 8 1 94 44 102 70 2 11 15 2 12 1 131 429 43 156 7 178 0 0 1 24 37 5 8 35 6 10 50 38 3 60
1 1 1 2 55 28 2 1 0 2 2 8 1 4394 1687 94 40 30 33 31 19 83 62 926 128 28 3768 299 342 59 120 3 29 454 2832 2640 837 30 58 1648 107 29 294 1 1 25 993 5 13 2 1 2 19 35 7 2 219 288 2512 456 20 15 108 290 69 0 256 704 118 3 2 6 13 75 424 3 0 0 1 0 6 0 29 41 25 71 99 0 0 1 9 9 3 7 74 96 0 5 94 38 2 0 2 0 0 1 0 0 0 0 0 0 65 87 8 114 140 94 103 87 101 391 174 20 33 28 35 39 16 124 2 1 1 14 3 74 117 17 84 207 24 138 31 0 17 17 0 1 78 16 56 6 2 2 3 2 0 0 0 0 2 0 0 2 2 92 11 41 14 0 9 7 4 36 5 20 2 1 7 2 7 47 36 6 1 8 0 0 2 5 0 7 11 3 1 0 5 8 4 7
0 0 0 0 10 7 0 0 0 0 3 2 0 5478 446 19 14 6 2 1 4 10 10 65 2 2 396 258 18 11 12 1 6 762 2640 983 3314 8 45 188 27 6 44 0 0 4 117 2 1 0 0 0 1 1 0 1 15 119 995 1011 0 5 34 41 53 0 6 128 110 0 0 0 0 9 108 1 1 0 0 0 0 0 3 4 3 1 6 0 0 0 1 0 0 0 8 20 1 1 7 1 0 1 0 0 0 2 0 0 0 0 0 0 7 2 1 10 27 4 15 8 15 18 10 6 4 4 4 5 0 8 0 1 0 3 2 14 15 2 14 22 4 23 0 0 2 0 0 0 9 6 8 0 0 0 0 0 0 0 0 0 1 0 0 0 0 9 6 3 2 0 1 1 2 7 0 1 0 0 0 0 0 22 3 2 0 2 0 0 0 2 1 0 3 1 0 0 2 1 0 1
1 1 3 2 40 72 0 1 1 1 4 11 21 1857 2049 2805 513 425 918 256 130 317 502 135 95 43 348 535 47 12 25 129 563 1299 837 3314 3521 2187 372 296 1018 38 55 4 3 113 232 15 33 1 2 3 11 5 5 6 16 1009 1069 1671 53 12 56 59 162 0 37 392 173 11 3 18 21 133 773 6 3 0 4 0 5 1 16 25 37 44 16 3 13 3 15 24 5 9 35 265 0 2 85 6 8 0 10 3 3 8 1 2 4 0 1 5 32 19 8 63 223 17 131 38 147 67 147 112 145 33 85 30 12 53 24 4 7 103 43 440 57 29 485 579 34 223 36 2 68 15 0 0 273 19 218 8 2 3 2 2 3 3 0 1 11 13 0 8 9 162 51 52 25 0 53 43 45 133 5 37 3 1 16 1 36 389 45 97 3 59 0 1 4 36 12 5 21 3 1 1 42 43 1 49
5 3 2 1 12 39 2 2 3 3 3 24 717 22 26 869 768 1038 4890 170 179 506 382 37 182 28 29 7 32 6 7 50 1816 292 30 8 2187 8981 19 150 582 19 54 310 168 1346 137 61 24 31 2 14 12 11 10 2 9 185 119 47 285 15 23 33 10 21 93 100 32 3 26 25 1440 1039 125 34 7 53 11 6 28 11 25 52 56 68 38 65 168 43 335 15 6 2 41 94 5 0 137 11 9 2 24 7 4 16 5 9 6 2 7 13 36 45 49 154 549 102 253 154 311 315 378 172 239 60 127 48 13 99 45 7 12 187 49 686 114 29 1151 1099 88 383 62 3 122 18 31 4 469 162 289 21 7 6 3 7 1 9 1 2 9 14 0 6 25 185 86 87 35 4 100 57 95 196 16 85 10 7 136 5 94 769 161 162 24 134 1 0 14 56 26 29 27 10 4 1 67 68 7 112
6 1 2 2 127 138 2 0 0 0 4 22 34 437 1069 940 22 5489 45 8 6 24 47 303 8 5 178 2365 114 40 75 58 45 306 58 45 372 19 11759 20 910 123 348 8 17 475 43 1026 38 1 2 4 2 6 1 1 30 598 128 224 4784 160 48 432 6715 2 24 152 4561 47 340 21 8 13 755 1996 1 0 6 1 141 0 12 13 9 11 2 97 494 12 533 62 9 32 90 374 0 5 8 5 1 2 1 0 1 1 1 1 0 0 1 1 3 150 1216 26 30 345 11 2963 18 513 28 1 8 6 6 222 2 287 10 0 2 10 1 30 7 3 55 71 3745 17 1022 0 5 70 46 15 50 1686 16 17 30 0 1 25 1 2 0 7 3 1 0 5 25 16 429 844 44 10 2 12 37 16 37 294 4 22 136 9 3 14 25 8 53 3 1 0 23 5 1 53 22 18 2 1 4 3 2 4
3 4 2 3 18 23 1 1 3 4 12 20 4 757 460 63 125 72 144 319 317 3542 3882 7486 5906 6312 3027 124 339 25 56 3 88 100 1648 188 296 150 20 7241 1370 303 1235 9 1 50 2854 23 116 0 5 9 58 55 23 16 241 55 310 76 76 124 283 578 49 2 1035 227 114 31 7 67 74 257 133 15 28 1 37 0 10 2 89 268 177 434 168 6 33 1 76 42 3 35 395 16 11 1 732 120 0 0 1 1 0 1 1 1 1 0 1 2 104 94 29 192 259 136 131 91 209 479 336 58 30 25 64 39 36 157 6 2 1 21 3 107 188 41 155 315 40 230 60 1 37 24 3 2 132 34 68 18 8 0 4 1 0 2 0 1 0 2 0 0 6 106 21 71 35 0 12 15 5 31 15 47 2 6 18 2 5 82 67 12 13 8 1 0 4 4 3 7 18 5 0 0 11 11 1 9
2407 1446 1526 737 1333 2603 304 702 27 180 224 1127 24 1017 2360 1496 377 1555 446 867 1178 1215 7087 4205 586 892 1081 230 273 495 1268 157 497 337 107 27 1018 582 910 1370 4707 5007 2415 48 53 836 245 456 3038 23 439 414 48 47 947 1054 389 213 93 57 1621 447 341 305 184 4 158 226 619 474 476 643 283 237 917 339 331 10 343 22 1208 23 766 150 710 366 153 814 1068 195 1335 4747 810 1109 1475 1099 116 62 701 147 61 16 163 103 18 162 6 6 30 12 33 91 8 14 25 18 54 15 14 95 20 67 36 68 59 11 20 12 4 16 22 3 53 169 24 207 21 2 104 110 77 38 42 6 108 16 29 2 39 120 27 30 57 5 3 21 32 20 24 81 17 11 1 8 44 11 34 40 21 1 60 31 78 45 29 62 57 80 96 12 154 179 29 116 39 183 43 2 147 17 27 48 38 12 22 3 44 15 3 34
1 1 0 0 1 3 0 0 1 1 1 3 7 94 291 234 21 202 50 97 55 222 1574 4570 93 172 249 32 19 0 1 3 6 15 29 6 38 19 123 303 5007 7430 4730 9 20 375 80 57 1477 0 0 0 3 6 2 2 11 2 18 4 657 39 50 59 32 1 36 6 165 33 21 4 2 7 7 79 0 0 3 0 22 0 6 16 15 13 7 25 121 18 559 236 10 51 259 6 2 0 46 3 0 0 0 0 0 0 0 0 0 0 0 0 2 2 4 3 5 6 0 19 2 13 3 0 0 1 0 2 1 4 1 0 0 1 0 1 1 1 5 5 15 1 12 0 3 2 5 0 5 40 0 4 4 0 0 1 0 0 0 1 0 0 0 0 0 2 16 7 6 0 0 1 1 1 3 27 0 5 48 3 0 0 1 0 7 0 0 0 7 0 1 7 2 0 0 0 0 0 0 0
2 3 7 0 8 20 1 1 3 0 2 21 65 56 193 176 29 679 129 122 128 1123 919 2149 788 307 711 109 295 23 48 5 40 31 294 44 55 54 348 1235 2415 4730 7885 73 219 2373 625 172 923 3 2 7 42 64 15 8 148 18 195 22 4276 422 2074 9048 245 8 681 189 1827 80 44 22 62 65 55 552 5 1 19 0 29 1 68 262 108 328 132 28 150 87 4697 179 12 94 2282 17 2 0 513 84 0 2 0 1 1 1 0 0 1 0 0 2 9 14 48 25 57 33 13 155 18 71 53 8 1 4 11 13 2 33 11 1 1 5 1 19 20 5 27 48 159 36 78 2 8 44 107 0 30 488 14 30 36 2 3 19 1 1 3 3 1 0 0 2 0 8 198 92 47 1 5 9 2 2 41 273 1 24 546 29 3 25 15 6 92 2 4 2 19 1 0 59 47 3 2 0 0 5 2 6
1 1 0 1 1 2 8 3 65 36 0 3 7711 2 2 18 22 712 9504 66 12 22 19 10 6 3 9 4 6 1 1 0 17 2 1 0 4 310 8 9 48 9 73 11036 3324 2024 12 164 45 636 20 79 6 5 3 1 2 1 7 0 91 29 22 23 28 249 13 7 23 14 99 536 1776 3838 1 46 2492 3699 4032 50 167 263 5 4 2 3 3 404 649 311 843 15 7 10 88 2 302 36 6 1 2 0 2 1 0 6 0 2 1 2 4 3 32 56 167 83 192 131 91 606 139 616 220 40 57 25 45 36 10 112 7 1 0 49 10 180 68 11 285 375 158 136 62 1 38 22 100 10 234 411 76 22 46 0 1 49 7 5 14 22 4 6 0 3 5 48 102 50 40 10 20 22 21 52 47 134 10 19 366 15 26 211 244 29 85 37 10 2 40 15 3 84 34 6 7 0 16 16 0 17
16 3 3 3 3 1 36 9 497 117 5 10 2695 0 3 8 5 33 427 22 1 15 6 7 8 0 6 5 15 3 2 2 14 1 1 0 3 168 17 1 53 20 219 3324 12477 1270 9 129 63 5706 43 135 53 6 8 0 2 0 1 0 28 96 108 49 28 3346 15 1 160 47 116 190 228 521 2 46 1802 1938 480 152 571 675 3 10 4 7 5 2776 1731 3890 1345 41 17 20 236 3 1791 192 12 1 2 0 1 4 2 6 0 8 3 11 8 6 1 2 230 3 5 15 1 283 17 84 4 1 6 4 12 8 1 5 35 4 2 2 0 12 0 1 35 35 100 7 109 0 3 144 1534 5 60 3131 15 108 324 9 11 621 40 18 61 146 1 1 0 12 3 4 666 167 178 79 10 32 3 10 298 841 70 211 4497 156 5 9 8 7 731 9 78 40 481 2 3 812 189 14 11 3 2 5 3 13
2 0 1 1 9 13 2 2 48 7 3 9 1472 10 22 78 100 4001 1664 34 7 45 24 669 67 10 199 227 47 6 10 5 218 16 25 4 113 1346 475 50 836 375 2373 2024 1270 10843 32 117 104 20 0 2 12 7 2 1 43 12 21 5 1125 59 304 2424 1464 270 94 29 473 21 30 68 767 368 22 155 84 31 111 0 26 4 11 24 18 37 14 64 155 50 2051 52 4 37 301 11 109 9 65 12 1 2 5 1 2 2 0 1 0 2 3 1 20 97 3157 35 23 122 11 2866 94 634 45 1 5 5 9 100 5 160 21 4 5 6 4 47 32 1 135 201 1897 31 1095 0 4 144 1109 32 269 7230 19 10 26 0 3 26 4 1 7 11 0 2 0 6 30 15 1595 1350 43 55 5 16 14 27 28 1220 4 15 777 32 3 12 62 8 49 4 16 2 63 1 4 76 30 13 0 0 2 3 2 4
13 2 3 1 15 14 4 0 8 2 6 46 1 207 128 25 44 29 25 87 74 412 384 980 3974 155 965 175 319 22 66 5 186 187 993 117 232 137 43 2854 245 80 625 12 9 32 2520 19 30 2 7 6 46 59 20 9 307 64 911 84 53 104 348 381 64 0 960 1256 295 21 4 160 151 518 130 13 41 2 64 1 9 1 93 218 73 441 784 5 5 1 46 17 11 7 216 22 27 7 553 225 1 1 7 3 1 3 1 1 0 0 5 3 22 19 4 48 277 48 94 24 112 146 153 72 43 13 46 26 13 69 5 0 2 54 20 228 53 12 232 404 13 108 24 3 41 11 2 0 138 15 50 4 3 1 0 2 1 1 1 2 3 3 0 4 3 61 21 29 20 0 20 12 2 18 4 26 2 4 30 0 20 157 50 18 3 20 1 0 2 9 6 6 8 2 2 0 18 20 1 9
10 4 10 3 202 408 11 3 7 2 9 93 19 16 52 138 6 676 147 17 24 101 33 38 28 5 26 28 172 76 78 50 37 39 5 2 15 61 1026 23 456 57 172 164 129 117 19 29261 351 51 7 27 14 30 8 3 79 181 20 13 673 6074 595 89 50 28 121 49 9022 733 5700 28 72 19 269 6339 13 3 31 7 937 12 20 49 20 36 5 2217 4969 191 1446 353 26 192 1141 512 15 4 50 14 2 2 3 1 1 1 0 7 1 0 2 0 4 7 30 11 7 16 6 52 7 46 15 6 22 6 50 13 7 17 36 7 0 2 3 9 8 1 16 20 23 19 22 4 6 233 148 11 52 212 23 812 2298 19 90 749 30 11 46 284 2 6 1 9 0 6 79 106 774 43 23 32 10 15 721 305 112 781 1770 85 3 4 7 8 1131 29 179 13 2088 13 1 1926 792 7 12 4 3 16 8 16
16 6 7 1 12 15 5 10 0 1 2 2 6 78 279 238 19 77 118 138 55 307 406 406 63 62 64 11 41 9 8 0 7 9 13 1 33 24 38 116 3038 1477 923 45 63 104 30 351 10178 7 31 7 3 7 7 4 9 6 5 5 280 275 153 43 7 4 56 6 345 538 134 7 26 9 9 407 8 1 4 0 133 1 16 31 30 48 7 257 788 130 1202 7714 232 3908 8078 13 1 6 66 7 0 0 2 1 0 0 0 0 0 0 0 0 3 3 6 2 8 8 1 12 6 20 2 2 1 0 2 5 0 3 2 0 0 0 1 3 5 0 3 6 13 5 4 2 1 12 21 0 5 37 3 42 75 0 5 17 2 0 2 16 0 0 0 0 1 1 9 5 53 3 0 1 1 1 43 39 14 45 150 10 0 1 3 1 84 0 11 0 57 0 0 88 32 1 0 0 0 2 1 0
9 1 0 1 4 4 13 7 174 43 2 4 115 0 0 3 0 7 79 6 2 1 1 0 0 0 0 1 3 7 5 0 9 1 2 0 1 31 1 0 23 0 3 636 5706 20 2 51 7 8809 380 1274 22 7 12 0 0 1 0 0 4 45 9 1 1 1479 4 1 25 26 38 59 38 723 3 30 691 826 141 1034 932 3502 10 0 2 6 0 3241 660 5611 381 49 47 10 28 4 769 79 6 1 3 0 2 0 0 1 0 1 3 0 4 4 0 0 11 2 1 5 1 16 3 11 4 1 2 0 6 0 0 0 3 0 2 0 0 2 0 1 5 0 5 2 0 1 2 37 44 3 14 45 4 118 425 7 12 618 94 66 134 220 2 1 0 3 0 1 11 6 88 15 4 6 1 2 119 39 126 212 713 16 3 4 5 1 247 12 136 44 913 0 0 682 97 0 4 1 0 5 0 1
142 44 62 19 34 39 65 53 21 8 3 21 1 0 1 0 0 1 4 3 3 4 3 3 10 0 6 3 39 33 23 3 11 8 1 0 2 2 2 5 439 0 2 20 43 0 7 7 31 380 8379 17563 9 8 193 79 9 7 1 0 0 11 9 2 1 121 8 9 9 30 12 21 9 198 38 1 70 53 22 2043 1195 898 163 30 36 39 5 126 13 9 3 4898 2822 81 9 42 108 12 24 4 13 0 8 4 2 6 1 17 1 0 2 4 1 0 1 0 2 0 0 0 0 1 0 4 7 1 0 0 0 0 2 0 4 11 1 12 0 0 4 3 0 0 1 23 11 2 17 1 3 1 0 5 10 25 1 37 1416 1249 1374 817 29 3 1 3 4 0 0 0 1 11 15 1 1 1 0 2 652 38 6 0 3 11 37 2 2 34 252 33 119 0 15 16 69 1 14 4 4 2 0 1
398 111 169 21 107 106 134 171 65 75 11 35 13 2 4 5 2 3 15 6 4 21 5 0 18 0 10 5 91 98 69 25 32 24 2 0 3 14 4 9 414 0 7 79 135 2 6 27 7 1274 17563 26573 52 31 592 137 30 36 3 2 2 30 11 3 5 387 29 38 38 135 70 68 34 704 143 8 223 121 55 11906 7737 1665 455 80 106 130 15 553 132 57 30 1549 1498 71 15 155 254 50 58 18 27 2 30 18 1 25 10 88 7 7 5 13 0 0 1 2 6 0 0 0 1 3 1 8 10 3 3 1 0 1 8 0 15 24 3 30 2 0 21 18 1 1 2 59 33 6 38 3 13 3 2 38 59 84 3 125 2995 3237 3527 1566 75 1 5 12 8 2 2 3 11 42 61 7 12 6 6 5 1694 149 48 5 23 38 134 8 13 111 632 78 414 4 46 68 226 11 56 14 6 1 0 5
962 236 302 62 313 290 603 475 288 333 91 155 11 28 15 4 0 1 0 0 24 49 10 43 102 6 92 48 1263 494 293 47 72 62 19 1 11 12 2 58 48 3 42 6 53 12 46 14 3 22 9 52 5263 4835 4357 10 134 80 14 3 8 49 109 36 22 14 275 75 114 9 9 190 31 135 352 3 141 19 101 5 17 16 1507 1467 152 235 89 16 9 11 20 34 16 7 59 347 338 4486 135 94 17 4 40 27 4 46 1 0 8 3 10 31 0 0 0 1 11 1 1 2 3 4 4 14 25 2 10 0 0 1 9 0 12 53 8 55 0 0 32 35 1 4 1 3 37 1 3 0 7 1 4 0 0 2 0 1 1 3 1 1 5 3 0 4 10 1 6 3 0 0 14 9 22 9 3 2 1 1 1 0 41 55 8 31 2 55 0 1 0 7 5 1 2 3 5 1 13 8 2 7
921 259 273 56 393 309 533 343 54 138 36 158 3 27 15 4 1 6 1 1 18 30 10 50 109 10 143 71 4030 708 413 32 68 38 35 1 5 11 6 55 47 6 64 5 6 7 59 30 7 7 8 31 4835 7555 884 9 222 32 17 0 17 73 172 46 40 1 360 62 205 6 4 184 28 61 230 9 114 3 71 0 10 5 417 3458 48 76 97 6 9 2 21 28 15 13 76 336 69 3321 109 152 19 5 55 28 6 41 2 1 4 5 9 33 0 1 0 0 2 2 1 1 1 2 5 17 13 2 3 1 0 0 4 0 16 50 5 48 1 0 19 19 3 4 1 2 33 1 4 0 9 10 5 2 1 1 1 1 0 2 1 1 3 3 0 1 12 0 3 0 3 0 23 3 7 5 0 2 4 3 9 0 40 39 15 20 4 44 0 0 1 3 6 3 5 8 6 2 12 4 0 4
556 129 188 41 149 147 297 267 32 90 22 92 3 4 5 2 1 2 0 0 9 33 5 19 55 2 36 23 532 264 188 22 46 42 7 0 5 10 1 23 947 2 15 3 8 2 20 8 7 12 193 592 4357 884 7333 832 59 31 16 3 2 16 38 20 10 5 111 51 51 19 11 88 26 45 230 2 71 5 45 27 178 24 3332 472 284 258 49 18 4 2 6 755 201 25 27 239 71 929 92 42 13 0 33 20 6 39 5 2 6 2 3 18 0 0 0 2 4 0 4 1 0 0 0 16 16 5 6 0 0 1 6 0 10 34 8 35 0 0 20 13 1 3 0 4 21 0 3 0 2 1 3 1 0 2 0 0 14 9 8 8 3 1 0 0 7 2 2 2 0 1 19 8 11 10 0 2 10 1 2 0 38 34 6 13 5 36 3 0 5 9 7 1 2 0 2 1 9 5 0 7
144 87 101 57 91 163 42 41 1 18 28 68 0 4 1 1 0 1 0 0 1538 179 7 4 86 3 14 9 35 40 72 6 20 5 2 1 6 2 1 16 1054 2 8 1 0 1 9 3 4 0 79 137 10 9 832 2981 22 14 4 1 2 7 10 9 2 0 14 7 22 10 7 18 5 22 25 0 13 0 8 5 75 4 4937 38 2436 211 16 8 4 0 4 357 97 13 11 52 2 3 229 11 3 0 5 6 3 9 0 0 2 1 2 11 0 0 0 0 1 0 1 1 0 0 0 4 2 1 1 0 0 0 1 0 3 7 0 19 0 0 4 9 0 0 0 0 7 0 0 0 4 0 1 1 1 0 0 1 3 1 2 4 1 0 0 0 1 1 0 0 0 1 1 1 6 0 0 0 2 2 1 0 6 9 3 6 1 10 1 0 0 2 1 0 1 2 1 0 2 0 0 1
99 73 31 63 6415 451 62 12 10 13 15 100 5 129 76 16 2 10 5 5 88 60 19 180 366 10 654 335 4848 5255 10619 30 79 17 219 15 16 9 30 241 389 11 148 2 2 43 307 79 9 0 9 30 134 222 59 22 7050 25 81 3 43 162 749 273 181 1 3533 486 1091 35 21 271 16 95 1803 12 135 1 80 0 15 1 182 402 173 705 929 2 11 1 56 23 19 11 147 2251 77 60 2410 2458 22 5 92 68 5 88 2 0 8 4 19 58 2 1 1 1 15 4 6 14 2 7 6 21 21 3 5 0 0 5 1 1 21 57 6 45 1 0 27 28 5 4 4 14 64 2 6 0 9 26 5 1 6 4 0 10 2 2 0 4 10 2 0 9 13 2 8 8 3 0 25 8 10 0 7 22 8 2 30 1 63 38 20 17 10 51 2 0 2 9 12 14 8 9 10 3 14 2 0 10
15 9 3 1 30 198 6 3 2 1 5 235 1 1039 565 497 49 138 6 19 27 31 15 61 13 2 356 858 80 14 27 4760 1757 6129 288 119 1009 185 598 55 213 2 18 1 0 12 64 181 6 1 7 36 80 32 31 14 25 4247 1534 1311 34 58 97 45 649 0 62 3518 1073 12 58 487 232 71 3469 86 28 1 111 2 44 0 145 132 46 33 13 5 26 1 15 29 12 11 25 728 1 1 31 11 9 3 28 20 3 26 1 2 7 1 5 17 0 2 20 3 43 5 7 67 9 6 10 37 21 10 10 3 1 8 8 1 12 72 27 134 3 1 56 71 86 10 20 9 83 6 4 0 33 37 11 4 12 4 0 4 4 6 1 5 9 5 1 9 22 6 11 20 5 1 20 10 29 14 14 16 6 4 33 3 37 115 11 35 22 50 0 0 5 7 17 13 13 11 3 0 21 8 1 12
3 1 1 1 14 6 3 1 0 3 1 7 2 1336 307 80 19 31 6 10 65 142 62 316 153 7 751 542 104 14 45 31 116 2533 2512 995 1069 119 128 310 93 18 195 7 1 21 911 20 5 0 1 3 14 17 16 4 81 1534 3287 4515 18 23 216 199 188 0 182 924 419 3 1 23 47 188 527 8 6 0 15 1 4 0 38 43 35 61 118 1 2 1 14 9 3 2 61 41 3 0 100 30 1 0 4 5 2 10 0 0 1 0 1 3 11 15 2 25 239 19 64 17 65 30 90 43 47 10 32 7 2 10 10 1 4 49 10 224 31 12 207 403 15 76 15 1 38 6 2 0 126 8 78 7 1 3 1 0 1 1 0 0 8 6 0 5 3 35 19 14 12 0 16 5 19 36 2 17 0 1 15 0 15 145 48 23 3 23 0 0 0 9 4 2 6 2 1 1 9 13 2 13
0 0 1 1 7 4 1 0 0 0 1 1 0 910 293 173 18 37 1 4 7 17 30 35 3 0 226 472 9 3 7 57 52 3053 456 1011 1671 47 224 76 57 4 22 0 0 5 84 13 5 0 0 2 3 0 3 1 3 1311 4515 3326 3 1 40 34 189 0 11 720 201 0 6 3 2 14 348 4 1 0 0 0 1 0 7 4 5 2 4 0 0 0 2 3 1 1 8 43 0 0 6 0 1 1 2 1 1 1 2 0 0 1 3 1 1 1 4 3 24 3 8 13 9 9 10 4 11 2 5 2 0 1 2 0 1 11 4 55 5 0 39 51 10 10 2 0 10 0 2 0 21 2 6 0 1 0 0 1 0 0 0 1 0 2 0 0 2 5 6 3 2 0 4 2 5 8 1 2 2 0 1 1 4 47 3 18 2 3 0 0 0 3 2 2 1 0 0 0 3 2 1 5
0 1 0 0 11 22 2 0 3 0 2 16 156 10 30 174 18 4919 61 15 12 101 40 812 120 11 194 169 64 5 11 12 158 14 20 0 53 285 4784 76 1621 657 4276 91 28 1125 53 673 280 4 0 2 8 17 2 2 43 34 18 3 12233 196 454 1949 2446 43 127 26 7291 41 152 61 199 23 33 6388 22 1 24 1 76 2 9 33 9 59 14 128 800 27 4325 111 5 67 881 46 21 3 106 21 3 0 1 0 1 2 0 1 0 0 0 0 9 45 1344 22 22 76 2 1090 36 242 18 1 7 2 6 85 4 97 23 5 2 7 3 27 8 1 70 103 1293 11 726 0 2 130 663 10 92 3406 14 15 40 3 7 45 2 2 8 16 1 2 0 2 13 8 843 972 52 22 10 13 16 23 38 789 6 28 1006 59 2 15 11 6 91 2 5 5 67 2 0 102 49 4 0 0 2 10 2 5
16 9 13 4 137 173 6 7 2 2 3 42 11 18 84 199 3 196 81 50 63 479 139 100 305 14 57 22 456 67 68 25 13 9 15 5 12 15 160 124 447 39 422 29 96 59 104 6074 275 45 11 30 49 73 16 7 162 58 23 1 196 26781 12719 829 34 8 669 52 2252 5970 2796 10 26 17 137 654 7 1 9 6 590 28 59 189 89 227 40 626 1246 350 860 361 48 2424 2972 211 7 11 374 62 2 0 1 0 0 1 1 9 1 0 0 1 8 9 13 8 7 33 10 82 5 79 19 3 22 6 38 19 8 28 26 2 1 1 2 7 6 2 14 15 24 42 19 7 8 153 90 9 33 65 21 1376 3201 24 89 642 59 19 102 492 1 1 0 6 2 5 32 86 816 25 9 20 2 14 649 192 267 1500 1463 64 2 14 5 11 907 11 361 23 3851 13 1 2384 1057 2 6 0 4 26 4 11
17 3 4 4 114 167 16 4 3 1 8 46 19 48 64 123 11 157 67 31 64 542 100 166 618 19 255 80 1293 205 190 14 20 53 108 34 56 23 48 283 341 50 2074 22 108 304 348 595 153 9 9 11 109 172 38 10 749 97 216 40 454 12719 26379 7497 2731 4 1525 341 8678 830 484 16 29 46 267 483 5 1 9 1 138 1 136 378 170 479 140 92 450 175 1466 93 11 202 5567 169 12 17 670 173 1 0 0 0 0 3 1 6 1 1 2 1 19 34 22 44 36 64 25 143 36 152 76 7 12 10 16 22 12 63 25 4 0 3 2 18 42 9 15 56 85 72 87 0 13 135 123 3 35 363 25 206 569 5 42 217 3 3 6 59 0 0 1 3 2 22 167 117 317 9 9 20 4 18 393 350 25 211 1038 77 1 9 15 8 587 19 19 1 326 5 1 578 305 3 8 1 5 11 0 13
4 0 2 3 29 18 1 1 4 4 2 11 247 54 35 84 18 971 96 27 34 271 97 659 384 52 1212 666 335 49 77 3 19 35 290 41 59 33 432 578 305 59 9048 23 49 2424 381 89 43 1 2 3 36 46 20 9 273 45 199 34 1949 829 7497 7452 6580 6 617 276 2664 93 33 19 25 37 113 91 19 1 5 0 13 0 26 130 70 224 120 20 58 14 776 36 6 37 2264 43 14 4 289 101 1 0 0 0 0 0 0 0 0 0 0 2 14 35 230 35 25 57 19 821 33 109 53 3 7 9 6 23 6 50 11 1 4 6 3 16 21 7 34 62 795 33 394 0 7 35 101 0 28 1305 16 10 17 2 2 11 0 1 0 5 0 1 0 4 10 25 620 422 26 2 3 4 10 13 19 563 1 8 277 14 1 19 9 6 44 1 1 1 19 1 1 28 22 8 0 0 6 0 0 5
10 5 13 5 271 313 12 6 4 5 5 73 227 197 286 96 6 671 47 2 18 27 19 326 32 8 1506 1756 415 145 174 75 22 237 69 53 162 10 6715 49 184 32 245 28 28 1464 64 50 7 1 1 5 22 40 10 2 181 649 188 189 2446 34 2731 6580 6926 2 151 275 10791 3 8 15 20 22 1009 60 15 1 8 0 7 2 38 39 36 21 19 8 16 4 211 9 2 5 53 639 12 8 37 17 3 3 0 4 2 0 2 0 0 1 0 2 16 45 574 33 29 65 17 1529 39 137 39 7 9 3 9 91 2 85 20 2 4 7 5 35 40 3 39 70 1756 37 798 1 8 74 218 3 57 2655 22 9 12 3 4 3 2 0 1 3 1 2 0 4 18 26 1087 910 25 4 10 5 27 15 9 872 3 7 409 12 2 12 3 9 23 1 1 0 10 3 1 29 14 17 0 0 1 3 1 4
4 1 1 0 1 0 6 2 89 16 0 2 671 0 2 0 1 8 49 4 2 2 1 2 2 0 0 3 1 2 0 0 7 1 0 0 0 21 2 2 4 1 8 249 3346 270 0 28 4 1479 121 387 14 1 5 0 1 0 0 0 43 8 4 6 2 807 0 0 18 8 42 29 33 978 0 24 390 600 60 188 253 552 2 1 2 0 1 334 191 296 649 20 23 2 10 0 344 33 1 0 1 0 0 0 0 0 0 0 0 1 1 2 0 0 21 0 0 5 1 34 1 7 0 0 1 0 0 2 0 4 2 0 0 0 0 0 0 0 1 2 18 0 3 0 0 6 21 0 2 46 1 4 16 0 1 23 30 20 29 35 0 0 0 2 0 0 8 5 7 4 1 3 0 0 23 10 26 16 81 1 1 0 5 0 36 3 12 2 30 0 0 39 15 0 1 0 0 0 0 0
275 195 304 157 803 757 45 60 35 60 140 533 5 86 36 23 4 41 10 11 48 266 145 554 1752 105 1086 273 4435 561 1557 91 221 75 256 6 37 93 24 1035 158 36 681 13 15 94 960 121 56 4 8 29 275 360 111 14 3533 62 182 11 127 669 1525 617 151 0 13030 679 994 103 27 409 138 353 1531 60 212 2 213 1 19 0 347 4980 581 5651 1651 13 78 8 236 53 16 73 801 1278 98 24 2849 3169 17 3 55 42 11 45 2 1 9 2 14 43 2 7 5 9 62 4 14 15 18 13 17 62 52 4 20 2 0 1 19 0 23 130 13 172 7 0 96 108 11 16 13 4 72 7 9 0 40 45 22 3 12 7 1 5 2 2 0 7 13 9 2 9 20 5 27 15 16 2 38 18 29 13 20 48 5 9 69 5 117 159 38 79 27 110 3 0 18 17 20 17 11 10 7 4 27 17 1 26
16 4 6 1 24 14 8 2 3 4 5 35 2 675 267 80 12 33 6 4 80 157 36 228 253 9 894 707 292 46 124 45 169 1122 704 128 392 100 152 227 226 6 189 7 1 29 1256 49 6 1 9 38 75 62 51 7 486 3518 924 720 26 52 341 276 275 0 679 2338 681 7 7 118 83 202 2787 11 12 0 58 0 19 3 148 179 95 441 401 1 3 3 21 37 16 8 78 39 9 5 507 430 4 1 4 0 1 6 2 1 5 0 4 3 3 4 4 12 90 9 38 10 20 13 34 22 36 11 14 6 2 5 6 0 0 29 16 154 9 4 146 200 18 29 8 0 28 5 1 1 60 20 22 1 1 0 1 1 0 2 1 1 3 1 0 0 4 17 14 12 7 0 14 8 7 20 3 17 0 2 13 0 25 136 25 27 6 22 0 0 3 8 4 2 6 3 0 0 9 9 0 10
41 12 37 24 807 1050 28 12 0 12 41 284 29 170 222 120 10 695 45 25 61 171 41 95 213 15 151 269 2059 615 618 175 50 307 118 110 173 32 4561 114 619 165 1827 23 160 473 295 9022 345 25 9 38 114 205 51 22 1091 1073 419 201 7291 2252 8678 2664 10791 18 994 681 15070 411 1150 36 36 29 1790 4111 8 1 14 4 471 1 166 251 143 282 120 207 805 97 2269 135 26 127 1829 1434 5 52 296 112 2 4 4 2 4 8 0 7 1 3 0 4 45 64 118 90 50 86 47 357 101 274 98 15 22 11 34 52 16 105 88 10 3 10 3 35 88 11 82 139 240 134 430 3 22 360 1074 6 102 2719 42 201 339 13 31 331 4 2 19 76 9 4 0 18 7 47 896 502 383 21 31 60 23 42 507 1740 24 204 4210 262 4 35 18 19 900 13 26 10 233 14 5 703 354 20 11 4 9 21 13 27
45 17 13 3 37 84 17 11 2 7 1 15 1 10 33 101 3 68 38 17 18 155 53 52 66 11 22 4 69 16 22 5 5 6 3 0 11 3 47 31 474 33 80 14 47 21 21 733 538 26 30 135 9 6 19 10 35 12 3 0 41 5970 830 93 3 8 103 7 411 2281 2200 8 5 13 44 109 9 1 9 29 2565 100 26 44 30 80 5 453 274 75 191 742 375 1821 1133 75 10 7 101 6 6 1 5 3 0 1 1 5 2 2 2 0 1 3 3 2 2 8 2 14 0 6 3 3 1 0 4 3 0 6 4 0 4 3 0 2 1 0 6 5 2 6 5 14 14 41 48 7 14 17 5 294 340 79 12 160 173 133 410 1466 5 2 0 3 3 1 4 10 106 11 11 3 2 3 81 31 1481 1331 213 6 2 7 3 3 117 16 692 8 1901 0 5 291 422 3 2 2 2 5 0 1
