43528 7937 15527 3930 2275 3551 10498 12869 531 1295 66 3756 0 2 0 0 0 2 2 1 80 66 4 9 46 0 11 6 13242 6585 396 18 67 6 0 1 0 26 1 4 862 4 17 0 2 2 8 19 62 6 138 205 1092 2172 405 374 51 0 2 0 3 33 6 1 1 4 657 16 7 55 22 48 30 13 76 12 26 1 18 9 238 6 3027 1302 1957 452 38 70 48 10 17 443 143 128 79 225 347 2046 60 20 27 4 101 34 1 259 22 49 141 114 202 182 0 0 0 0 0 0 0 0 0 0 0 1 5 1 0 0 0 0 17 0 19 31 0 9 0 0 11 2 0 0 0 9 4 1 0 0 5 3 0 4 4 1 0 4 3 1 7 7 0 8 2 10 5 0 0 0 0 0 20 21 0 1 1 0 10 9 3 0 77 28 6 0 1 43 7 0 17 1 19 5 2 5 61 14 3 2 0 0
7937 11883 10687 8720 996 4128 236 277 94 352 22 3255 0 0 0 0 1 1 2 0 101 60 4 3 25 1 5 1 1599 4171 120 4 37 0 0 0 0 18 0 2 399 8 7 0 1 3 7 3 15 1 41 46 226 512 80 138 16 0 0 0 2 13 4 2 0 1 392 9 3 19 10 46 18 4 47 4 20 1 12 6 62 5 777 424 1045 296 21 20 27 2 6 157 48 49 24 50 113 121 51 8 5 5 48 25 4 176 6 14 78 43 85 134 0 0 0 0 1 0 1 0 0 1 0 6 5 0 2 0 0 0 17 1 22 31 0 8 0 0 2 0 0 0 0 8 15 0 1 0 1 1 1 2 1 1 0 1 2 1 2 5 5 7 0 7 3 0 0 0 0 0 26 15 0 0 0 0 4 3 1 1 91 22 6 0 0 40 3 0 4 5 12 0 1 3 33 4 7 1 0 0
15527 10687 14334 5408 72 3349 365 3519 311 6813 80 15817 0 0 1 2 2 4 4 1 103 70 2 6 22 0 7 2 1226 126 25 9 47 3 2 0 1 18 2 9 396 2 10 1 2 2 7 4 36 0 62 67 267 591 102 211 23 2 2 1 1 28 7 3 1 1 390 9 2 28 4 61 14 4 56 3 33 0 10 6 97 7 911 452 1232 310 21 32 28 4 9 152 74 66 43 55 218 287 73 18 21 5 93 48 3 286 19 36 118 79 253 257 0 0 0 0 0 0 0 0 0 0 1 2 8 0 0 0 0 0 29 1 31 38 0 8 0 0 12 1 2 1 0 9 10 0 0 0 1 1 1 0 0 0 1 1 5 4 3 0 6 12 6 21 5 0 2 1 0 0 35 16 5 1 0 2 2 4 2 2 120 31 3 0 0 53 3 0 11 5 11 0 1 5 69 8 16 5 0 1
3930 8720 5408 9198 2764 8522 95 46 34 172 14 5780 0 1 0 0 0 0 2 1 63 52 0 2 14 0 3 2 832 3371 134 3 34 4 0 0 0 7 0 2 173 0 5 1 0 4 0 2 8 1 20 17 89 202 31 77 23 0 1 0 1 1 7 0 1 0 233 7 2 12 5 45 14 4 20 1 24 0 5 2 31 2 311 187 550 191 11 12 4 0 2 47 13 16 12 24 71 40 54 11 8 3 42 24 1 144 3 15 61 32 112 151 0 0 0 0 0 0 0 0 1 1 0 3 8 0 0 0 0 0 20 0 21 26 0 6 0 0 2 0 0 0 0 2 15 1 0 0 0 1 1 0 1 2 0 0 0 1 0 0 7 8 0 4 5 0 0 0 0 0 31 19 0 0 0 0 2 1 0 0 83 15 3 1 0 38 1 0 3 5 14 1 0 0 52 4 11 4 0 1
2275 996 72 2764 8461 5023 412 89 27 169 12 6182 1 6 1 6 0 8 5 0 179 321 8 6 113 5 8 11 6652 14809 8287 329 1225 27 2 0 5 70 7 11 327 7 14 1 0 5 10 46 11 1 34 33 257 664 70 145 1068 32 1 0 15 31 17 4 3 1 1053 18 24 15 27 133 190 7 304 45 16 2 72 0 45 3 708 500 1090 510 57 22 21 1 15 72 36 29 28 3404 63 301 338 44 3 2 17 16 1 89 2 10 45 24 61 101 0 2 2 0 0 2 1 3 1 6 1 2 9 0 1 2 0 2 18 0 13 22 1 7 0 0 2 6 12 3 4 10 5 3 2 0 3 5 1 0 2 2 0 0 1 3 1 3 3 5 1 7 2 1 0 5 0 1 26 15 0 1 0 3 2 2 7 1 78 22 3 1 0 40 3 0 5 2 11 4 3 2 31 5 10 3 0 2
3551 4128 3349 8522 5023 10647 374 116 74 728 68 22585 0 4 2 3 0 6 6 0 334 501 6 9 122 4 8 9 2706 5481 665 2107 1274 15 1 0 0 66 4 10 477 3 20 0 1 4 19 30 17 2 32 41 225 531 83 190 118 6 2 0 11 27 10 6 4 0 642 20 12 16 25 223 162 7 116 23 43 2 51 2 47 5 740 551 1674 682 58 31 23 5 15 105 38 39 25 887 275 221 449 27 15 14 95 63 4 411 10 35 150 68 350 384 0 1 0 0 2 1 2 3 1 9 0 4 18 0 0 0 0 0 62 0 65 87 1 25 0 0 15 9 5 0 1 17 28 0 1 0 2 5 3 2 3 8 0 1 3 7 3 2 13 19 2 24 11 0 5 1 0 0 63 44 1 1 0 2 4 3 2 1 285 32 5 3 1 115 4 0 4 9 50 4 2 7 147 11 18 9 3 3
10498 236 365 95 412 374 11390 11323 1672 4205 209 1138 0 1 0 0 0 0 2 0 7 12 2 2 6 0 1 2 2922 271 159 4 22 1 0 0 0 8 1 0 93 3 6 1 1 3 1 3 4 3 29 38 809 1251 311 24 12 1 0 0 2 9 0 0 1 2 44 5 2 10 7 29 10 5 34 0 25 4 11 5 37 4 1053 222 186 31 10 9 14 2 4 95 38 23 8 81 164 5715 13 3 7 0 23 8 0 55 5 11 29 20 37 39 0 0 0 0 1 1 0 0 0 0 0 1 2 0 0 0 0 0 0 0 3 6 0 3 0 0 2 0 0 0 0 1 3 0 0 0 0 0 1 2 0 1 0 0 2 1 2 2 1 1 1 1 2 0 0 0 0 0 6 2 0 1 0 0 1 2 1 0 13 10 0 0 0 17 2 0 3 1 3 1 1 0 14 3 3 1 0 0
12869 277 3519 46 89 116 11323 32711 3905 13855 572 3519 0 2 0 0 0 0 3 1 15 14 0 2 13 0 5 3 998 81 33 0 20 1 0 0 1 8 0 3 305 1 4 0 2 1 2 4 22 3 81 79 712 1052 249 139 10 0 0 0 2 14 7 1 1 0 122 5 2 31 12 25 11 5 27 2 15 3 9 3 73 7 1541 477 572 107 12 21 23 4 4 201 73 58 30 24 366 1894 23 3 32 5 64 26 2 225 21 41 118 74 156 123 0 0 1 0 0 0 0 0 0 1 0 2 2 0 0 0 0 0 10 0 11 7 0 5 0 0 1 1 0 1 0 2 4 0 0 0 1 0 0 0 3 0 0 0 2 2 6 2 1 3 4 11 1 0 0 0 0 1 10 4 0 1 0 0 1 2 1 0 44 14 4 0 0 20 2 0 5 1 4 2 0 0 46 8 4 1 0 0
531 94 311 34 27 74 1672 3905 1986 4584 217 1149 80 2 3 0 0 5 27 0 37 114 2 1 21 1 1 4 74 29 5 7 41 1 0 0 0 22 1 3 76 2 10 11 231 53 4 5 0 207 7 72 168 83 40 9 1 1 0 0 0 5 2 2 1 43 18 1 2 4 2 575 77 293 9 3 1035 203 186 37 42 161 111 45 90 37 5 156 65 179 93 18 5 3 5 10 2990 2627 28 1 2 2 8 2 0 36 2 8 11 8 23 20 1 1 1 0 0 1 0 5 0 3 0 3 2 0 0 0 0 0 8 0 2 18 0 9 0 0 13 3 1 1 1 8 5 3 4 0 2 35 3 1 1 0 0 3 4 1 1 3 0 4 1 3 2 0 4 3 0 4 14 3 1 1 0 3 3 2 25 1 22 25 7 0 1 48 3 0 12 2 8 7 2 1 9 2 1 0 0 1
1295 352 6813 172 169 728 4205 13855 4584 36521 7148 36308 1 0 0 2 0 0 2 1 22 47 1 1 19 1 0 2 460 123 28 8 45 1 0 0 1 10 0 2 137 1 6 1 8 1 4 3 8 1 32 59 436 492 183 57 4 1 0 0 0 3 2 1 0 3 67 2 2 12 3 645 22 4 19 3 164 6 12 7 30 6 730 203 239 92 11 11 10 5 4 63 29 25 10 27 3116 2613 36 6 93 17 314 152 10 1302 46 168 520 382 991 786 0 0 0 0 0 0 1 0 1 1 1 4 19 0 1 0 0 1 83 1 50 76 0 19 0 0 9 4 0 0 0 5 23 1 0 0 4 2 4 1 1 2 0 1 2 22 0 6 18 34 8 45 9 1 0 0 0 0 62 32 4 0 0 2 3 1 0 0 251 29 8 1 1 85 1 0 3 5 44 0 3 9 285 45 11 4 1 0
66 22 80 14 12 68 209 572 217 7148 3526 3343 0 0 2 0 0 0 0 0 9 15 0 1 0 0 0 0 49 11 3 0 11 1 0 0 0 6 0 0 17 0 0 0 2 0 1 0 1 0 6 0 33 46 17 9 0 0 0 0 0 2 1 0 0 0 15 0 0 0 1 219 3 1 0 0 22 1 2 0 4 0 65 33 39 26 2 2 0 0 0 10 2 4 1 9 882 158 5 0 14 5 49 22 1 211 3 32 109 57 166 176 0 0 1 0 0 0 0 0 0 0 0 0 5 0 0 0 0 0 21 1 16 19 0 8 0 0 4 1 1 0 1 3 7 0 0 0 0 2 0 0 0 2 0 0 0 3 1 1 3 4 3 5 1 0 0 0 0 0 18 10 0 1 0 0 1 0 1 0 89 10 0 0 0 24 0 0 0 3 14 2 2 4 69 1 6 1 0 0
3756 3255 15817 5780 6182 22585 1138 3519 1149 36308 3343 32245 1 7 2 2 2 23 25 4 851 1458 26 18 417 7 22 10 2571 4290 472 1247 2320 35 3 0 5 264 20 34 1285 9 41 9 3 14 45 46 39 8 64 92 450 942 178 419 146 193 1 0 32 41 35 8 4 0 1372 58 27 42 35 2777 716 33 482 63 405 8 513 4 117 7 1503 1324 3550 1494 181 55 42 8 36 244 74 73 67 3555 4893 926 1127 75 133 90 710 378 39 2863 77 261 1054 650 2161 2650 0 3 3 1 0 2 5 4 10 9 10 36 99 1 5 1 0 0 346 6 405 435 3 114 0 0 71 30 8 11 4 113 177 2 3 0 11 15 12 4 4 26 0 5 14 54 12 16 39 139 13 144 80 3 2 5 4 3 377 202 15 12 0 8 23 8 13 1 1530 209 51 9 1 702 7 0 14 56 214 3 12 39 1064 73 136 50 4 7
0 0 0 0 1 0 0 0 80 1 0 1 8090 0 2 7 3 224 6051 9 1 0 0 6 1 0 13 21 3 0 0 0 2 2 0 0 1 241 6 0 11 3 35 3725 3034 2102 0 5 2 130 3 12 2 1 0 1 2 0 1 0 19 4 12 13 9 1254 2 0 16 1 5 64 456 585 1 4 668 892 741 24 19 84 2 0 2 0 0 58 34 163 300 1 0 1 14 0 189 23 0 0 2 3 0 0 0 0 1 0 1 1 2 2 2 93 602 9 0 161 9 394 32 895 30 1 4 2 1 42 3 68 12 3 0 5 3 11 4 0 32 57 416 21 175 3 7 45 46 39 63 1687 4 7 16 0 0 10 2 1 0 4 0 1 0 1 16 2 121 146 3 195 4 6 14 5 14 132 3 3 229 15 1 14 72 4 9 16 0 9 16 1 1 58 6 3 1 0 3 2 0 4
2 0 0 1 6 4 1 2 2 0 0 7 0 10986 7755 1400 762 257 142 142 92 71 318 245 31 76 4074 1856 280 6 14 8 104 824 2045 1815 1482 516 166 1313 1257 36 105 1 1 22 399 21 32 1 1 5 12 28 1 3 114 278 2266 98 24 72 178 305 189 0 242 511 212 9 9 2 35 3 1059 19 3 1 3 0 27 2 21 31 32 31 47 9 19 5 29 23 3 16 66 11 0 1 23 17 1 0 0 0 0 0 0 0 0 0 0 0 17 4 13 9 2 31 21 7 72 100 96 3 3 3 9 1 4 8 0 0 0 4 0 6 14 2 40 40 14 10 6 0 6 2 1 0 55 23 1 2 8 0 0 0 1 0 0 2 0 0 0 1 2 1 6 9 1 0 2 1 0 1 5 13 0 1 11 0 3 20 4 0 1 27 1 2 1 2 0 7 3 0 1 0 2 1 1 2
0 0 1 0 1 2 0 0 3 0 2 2 2 7755 8531 13294 1382 2535 403 689 73 57 274 221 14 82 3574 3631 95 2 4 7 77 290 516 208 1672 840 577 487 1419 60 158 2 0 29 85 54 60 3 2 1 4 21 0 2 48 86 186 26 130 102 182 209 329 2 87 149 467 16 35 2 18 7 344 103 0 1 5 0 55 1 10 10 18 18 17 19 35 10 70 91 4 30 95 5 2 2 13 9 1 0 0 0 0 0 0 2 0 0 0 1 18 16 13 17 3 63 20 41 68 154 77 1 5 0 15 4 9 8 0 1 1 0 2 8 15 2 29 39 35 13 14 1 3 3 2 0 44 34 3 6 4 1 0 4 0 0 0 4 0 0 0 1 1 1 4 8 4 1 1 1 0 2 0 12 1 1 19 2 3 18 8 0 3 14 2 0 9 0 1 4 3 0 3 1 0 2 0 2
0 0 2 0 6 3 0 0 0 2 0 2 7 1400 13294 15829 369 4513 2030 1838 23 12 127 130 11 11 1126 3206 18 2 3 2 68 293 21 12 847 716 893 43 907 117 64 4 1 63 19 101 30 4 1 1 4 2 1 1 8 41 37 8 390 73 77 87 157 2 32 50 389 10 27 2 35 3 158 217 3 2 2 0 30 0 3 2 9 2 8 20 29 11 67 32 4 14 50 7 0 0 6 1 0 0 0 0 4 2 0 1 0 0 1 1 19 139 104 24 2 573 11 246 47 1398 42 2 1 1 4 12 5 136 4 1 1 4 10 17 4 4 26 52 331 5 97 2 6 17 3 10 95 126 0 6 4 0 2 2 1 0 1 1 0 0 0 0 7 5 12 57 10 1 3 3 7 4 6 58 1 4 34 5 3 6 9 3 6 9 1 0 9 0 0 16 8 7 2 0 0 0 1 0
0 1 2 0 0 0 0 0 0 0 0 2 3 762 1382 369 2296 410 2232 1386 32 30 78 32 4 54 69 54 10 0 0 0 24 65 15 28 1570 1129 62 102 339 14 28 10 3 20 29 12 13 1 0 0 0 0 2 0 2 10 104 2 101 17 15 14 7 0 7 11 37 2 10 2 11 14 37 44 1 9 6 0 5 0 3 0 6 1 1 10 14 2 24 23 3 13 30 1 0 1 1 0 0 1 0 0 0 0 0 4 0 0 0 3 36 9 4 26 5 11 43 20 80 70 76 4 13 4 33 2 18 18 2 1 1 7 1 16 18 3 65 84 12 34 9 1 8 8 2 2 77 18 2 5 1 0 2 2 1 1 1 1 0 4 2 0 3 5 4 16 4 0 5 3 2 4 1 1 2 5 8 2 13 28 24 1 1 61 2 0 1 1 1 1 1 0 6 2 3 1 0 4
2 1 4 0 8 6 0 0 5 0 0 23 224 257 2535 4513 410 13971 5254 2126 22 34 92 928 23 14 1219 1742 30 2 5 6 107 125 12 2 551 3013 5534 30 853 236 550 114 53 722 26 492 69 6 4 6 5 5 4 3 9 21 10 8 5961 229 163 473 242 21 34 25 984 30 144 22 454 37 92 1037 29 25 51 3 71 5 10 7 13 10 7 58 185 34 444 66 10 23 211 22 6 2 12 1 5 7 1 1 6 4 0 2 2 0 2 8 40 648 1189 72 25 1450 53 1192 115 3191 62 8 15 6 8 122 14 520 47 9 12 12 25 94 13 3 149 201 1897 18 745 3 18 95 46 136 301 1502 10 22 18 2 2 13 4 4 10 15 1 1 1 3 48 23 136 350 44 20 8 36 49 22 19 267 11 23 136 19 17 33 56 17 23 47 4 1 29 4 3 58 25 22 8 2 1 4 7 5
2 2 4 2 5 6 2 3 27 2 0 25 6051 142 403 2030 2232 5254 66316 5434 81 121 177 546 27 176 1361 383 12 0 2 2 36 37 48 7 146 2716 154 301 884 136 398 4662 720 1949 66 96 72 116 4 49 1 4 3 4 7 7 20 1 504 76 157 308 85 343 26 16 153 22 36 18 604 2687 45 166 106 2353 197 30 42 79 12 3 32 8 4 77 145 169 930 114 8 54 193 9 56 7 12 4 2 18 1 4 16 6 1 69 4 1 4 13 652 1015 2425 587 81 3912 684 2194 2191 16031 1987 81 153 57 300 220 313 1185 72 11 21 48 87 221 387 30 915 1409 2378 586 881 12 156 264 76 404 3151 2634 79 95 51 6 13 45 28 16 16 13 2 12 9 7 80 59 213 565 101 109 20 45 93 48 32 442 30 57 347 35 73 530 839 27 39 753 4 10 47 17 6 108 79 29 86 22 27 25 19 54
1 0 1 1 0 0 0 1 0 1 0 4 9 142 689 1838 1386 2126 5434 3534 45 51 133 153 8 119 238 60 2 1 0 1 11 22 14 16 435 542 204 201 611 41 148 22 1 62 27 57 56 4 0 4 1 1 1 1 1 1 8 0 305 38 43 23 13 4 4 7 87 20 16 1 17 43 5 97 2 15 5 1 26 7 3 2 10 3 0 24 48 10 55 69 6 52 59 4 2 1 3 3 0 0 1 0 0 0 0 17 0 0 0 2 157 32 42 86 17 68 113 21 312 393 243 18 36 16 82 14 59 61 4 1 1 4 3 23 65 7 147 189 30 120 16 3 18 22 3 10 320 35 14 18 8 0 3 6 9 0 2 9 1 0 1 2 2 6 6 24 8 1 2 3 2 6 1 24 1 4 18 2 7 84 46 1 2 163 3 1 13 9 2 12 16 3 13 5 6 5 3 9
80 101 103 63 179 334 7 15 37 22 9 851 1 92 73 23 32 22 81 45 8623 9328 2622 88 316 296 73 16 73 32 88 86 545 295 8 2 75 678 11 439 2201 18 73 9 0 3 141 21 19 0 6 9 6 11 3 1118 35 39 30 4 13 25 22 5 5 0 54 93 24 6 9 78 399 23 738 20 53 10 93 4 26 1 82 31 7609 76 104 4 14 5 15 21 8 10 39 365 122 24 72 35 3 2 5 6 2 21 1 5 7 4 15 42 1 1 1 0 0 3 4 4 7 5 5 7 29 1 0 0 0 1 10 0 6 34 0 22 1 0 41 15 4 4 6 5 11 1 1 2 13 1 6 0 2 3 0 1 0 3 0 2 7 3 0 3 7 1 0 2 1 0 23 12 1 9 0 1 0 2 2 0 79 63 24 1 0 112 2 0 3 5 9 4 0 0 42 1 8 3 2 1
66 60 70 52 321 501 12 14 114 47 15 1458 0 71 57 12 30 34 121 51 9328 26220 4825 696 9322 1109 432 30 249 50 166 258 1522 732 18 2 103 1998 36 1497 1189 104 866 43 7 64 370 79 78 3 10 12 30 84 17 142 94 88 31 9 114 209 267 77 21 7 370 233 54 38 25 190 1197 68 2038 66 100 34 252 3 106 3 213 375 8210 2647 580 37 164 36 145 119 24 81 513 709 321 55 3289 135 5 5 14 8 2 35 1 5 10 12 36 76 3 2 4 5 5 5 13 3 14 14 19 18 41 1 8 3 2 5 21 3 30 90 2 46 5 1 120 73 10 11 3 22 32 3 1 2 33 14 8 3 8 3 0 7 2 4 0 6 8 17 1 8 14 4 2 4 1 0 38 23 7 8 6 4 3 10 22 2 191 167 38 7 1 226 3 1 18 12 24 15 4 6 55 1 26 7 1 10
4 4 2 0 8 6 2 0 2 1 0 26 0 318 274 127 78 92 177 133 2622 4825 8419 5419 352 5476 1157 42 18 1 5 4 115 174 31 15 185 518 8 1702 6591 1546 622 5 2 29 203 27 192 4 1 1 3 12 0 7 14 20 34 5 35 59 51 12 5 3 57 25 17 16 9 8 128 4 136 23 7 2 10 0 24 0 26 30 182 58 48 19 74 13 65 130 13 61 213 16 11 2 58 4 0 0 0 0 0 0 0 2 0 0 0 2 0 0 1 0 1 2 1 4 6 7 7 0 1 1 1 0 1 1 3 0 1 3 1 4 1 0 8 6 4 2 3 1 0 1 0 0 4 7 1 5 4 1 1 1 0 0 0 1 1 0 0 0 0 0 1 1 0 0 2 4 1 0 2 4 0 5 7 1 5 12 1 1 0 10 1 0 16 1 0 10 4 0 1 0 1 0 0 0
9 3 6 2 6 9 2 2 1 1 1 18 6 245 221 130 32 928 546 153 88 696 5419 15692 843 3503 7781 122 96 3 8 4 26 119 295 126 110 222 45 3838 3075 4325 1935 19 15 1402 1341 50 322 6 8 8 15 52 5 7 119 9 166 11 1174 119 135 1954 82 20 326 213 73 40 26 8 62 4 127 69 5 1 14 0 44 4 63 125 104 236 221 28 137 36 635 184 11 90 364 14 7 1 238 45 0 0 0 0 1 0 0 0 0 0 0 0 2 5 51 3 0 23 6 95 17 106 18 0 5 1 0 6 0 17 5 1 0 3 2 3 0 0 11 11 100 4 28 1 2 8 12 2 19 286 0 8 8 0 0 5 1 1 2 7 0 0 0 0 3 0 27 20 5 9 1 3 2 1 2 36 3 5 33 2 2 7 3 1 3 5 1 1 17 0 0 20 3 0 2 0 1 0 0 1
46 25 22 14 113 122 6 13 21 19 0 417 1 31 14 11 4 23 27 8 316 9322 352 843 7697 369 669 33 177 11 51 60 298 138 26 7 23 520 7 2452 546 84 918 8 4 69 2125 54 66 4 6 14 72 215 32 66 395 14 20 6 126 254 388 185 45 2 1170 197 60 37 19 43 328 22 382 58 31 3 66 2 82 2 388 756 2084 2842 1066 41 166 23 158 80 27 70 603 215 68 13 3428 322 0 0 7 1 1 10 0 1 1 0 9 10 2 0 0 1 1 3 2 5 12 3 6 1 10 0 1 0 0 1 5 0 7 14 1 14 2 0 38 19 4 2 1 9 4 2 0 0 7 19 2 7 3 0 0 1 1 0 1 0 1 3 1 2 3 0 2 3 1 0 9 6 3 2 3 7 1 9 15 1 31 45 14 1 1 37 3 1 7 4 6 13 2 1 9 0 1 3 2 1
0 1 0 0 5 4 0 0 1 1 0 7 0 76 82 11 54 14 176 119 296 1109 5476 3503 369 3835 974 8 16 1 0 2 14 33 35 37 39 174 1 2559 1179 119 314 8 1 16 224 9 40 1 1 2 7 17 3 3 7 3 18 4 19 23 36 5 2 0 77 11 2 5 5 4 45 7 14 4 2 8 11 0 7 0 23 49 92 71 38 7 16 3 17 17 3 15 125 7 2 0 64 7 0 0 0 0 0 1 0 0 0 0 1 1 1 1 1 5 1 3 21 3 20 15 32 0 2 0 1 0 2 4 1 0 0 2 1 4 5 0 22 33 1 16 2 0 5 1 1 0 17 2 1 2 0 0 0 1 0 0 1 2 1 0 0 1 0 1 2 1 1 0 0 3 0 2 2 5 0 2 2 1 3 8 5 0 1 12 0 0 3 0 0 5 3 0 1 0 1 0 1 0
11 5 7 3 8 8 1 5 1 0 0 22 13 4074 3574 1126 69 1219 1361 238 73 432 1157 7781 669 974 29181 6132 486 7 22 7 59 853 3524 1353 810 252 71 2206 1492 304 1351 9 4 267 1585 25 83 0 4 9 43 133 10 13 391 234 1243 116 215 72 156 2056 85 5 894 1140 64 10 5 2 47 7 843 30 7 3 4 0 19 2 94 198 183 339 275 12 39 6 67 68 8 24 164 17 2 3 449 155 1 0 0 0 0 3 0 0 1 0 2 1 9 67 67 21 2 340 21 259 54 854 63 2 2 1 0 9 5 49 4 0 1 5 7 7 7 2 27 48 247 13 59 1 6 8 4 8 64 247 1 4 6 1 1 3 0 0 0 1 0 0 0 2 7 0 23 33 3 4 1 1 8 2 1 27 1 2 21 2 2 18 13 2 2 12 1 1 1 3 0 8 3 1 3 1 1 2 1 0
6 1 2 2 11 9 2 3 4 2 0 10 21 1856 3631 3206 54 1742 383 60 16 30 42 122 33 8 6132 7648 432 10 21 14 152 768 114 78 770 454 2287 34 225 38 188 11 5 395 210 97 18 0 5 10 24 58 1 9 256 342 346 105 1112 128 463 526 301 12 357 661 563 21 22 3 56 5 1308 173 3 2 7 1 43 1 39 46 74 65 90 18 44 6 87 25 5 8 179 17 1 2 60 64 0 7 1 1 4 0 0 2 0 1 0 3 9 235 328 26 6 559 21 811 50 1387 38 2 6 2 2 47 3 150 29 3 5 4 11 35 6 1 54 93 969 10 302 3 6 36 12 25 77 949 7 12 15 0 1 2 7 1 2 7 1 1 0 1 26 5 93 191 14 15 5 8 16 10 11 135 5 9 54 8 3 8 20 11 12 7 2 0 8 0 0 26 7 11 1 1 0 1 1 1
13242 1599 1226 832 6652 2706 2922 998 74 460 49 2571 3 280 95 18 10 30 12 2 73 249 18 96 177 16 486 432 45700 13471 7912 75 470 187 43 22 136 136 95 85 239 18 180 1 7 40 74 315 22 4 45 55 1696 5532 287 47 5839 38 94 13 89 745 782 194 230 5 5995 421 503 164 163 119 166 13 2954 164 80 3 72 6 381 2 1538 509 338 189 957 97 191 23 113 120 31 70 286 5280 88 2823 312 2385 2 3 19 15 1 68 3 10 26 10 47 74 1 6 17 1 2 6 4 16 1 11 2 5 10 0 2 1 0 3 19 1 20 62 1 32 0 0 26 7 17 2 4 15 16 5 5 1 4 47 4 4 10 5 1 7 3 6 5 3 10 11 1 6 5 0 8 6 1 1 42 12 5 2 4 18 3 6 31 5 143 79 8 0 5 133 3 1 10 10 33 18 7 6 50 4 16 7 0 0
6585 4171 126 3371 14809 5481 271 81 29 123 11 4290 0 6 2 2 0 2 0 1 32 50 1 3 11 1 7 10 13471 31607 10950 37 137 20 0 0 7 33 7 3 144 1 16 0 0 0 5 47 15 0 24 25 298 688 66 47 6128 4 1 1 5 40 6 0 3 0 499 7 33 15 37 28 31 4 169 33 8 0 9 2 41 1 562 233 302 106 15 19 28 4 6 44 25 17 14 2180 58 320 28 30 9 0 17 10 1 73 4 11 28 20 37 63 0 0 1 0 0 4 1 5 1 7 0 1 1 0 0 0 0 1 10 0 8 16 0 3 0 0 6 1 2 0 0 4 2 1 0 0 2 7 0 0 2 0 0 1 1 2 1 1 1 4 0 1 0 0 0 0 0 0 6 9 0 0 0 2 0 2 4 1 28 5 1 0 0 16 0 0 3 2 8 3 0 0 24 1 8 2 0 1
396 120 25 134 8287 665 159 33 5 28 3 472 0 14 4 3 0 5 2 0 88 166 5 8 51 0 22 21 7912 10950 11525 63 304 20 0 1 10 57 17 8 162 5 17 1 0 3 9 53 12 2 9 17 217 553 42 72 8072 4 5 1 19 63 36 15 11 0 1699 47 38 9 33 42 78 5 1253 33 3 1 21 4 46 1 452 352 574 354 120 19 13 1 23 41 23 7 24 6074 14 169 350 2832 0 0 2 1 1 12 0 2 5 3 10 17 0 3 2 0 0 1 0 8 3 6 0 1 1 0 0 0 0 0 2 0 3 10 0 5 0 0 4 2 5 2 2 0 2 0 1 1 2 8 0 0 0 1 0 0 1 1 1 0 0 3 0 1 0 0 1 1 0 0 1 1 0 0 0 3 0 0 4 1 19 9 1 2 1 17 2 0 3 1 1 1 2 0 3 1 2 0 0 0
18 4 9 3 329 2107 4 0 7 8 0 1247 0 8 7 2 0 6 2 1 86 258 4 4 60 2 7 14 75 37 63 2707 3427 388 3 4 13 87 9 3 100 0 10 0 0 3 7 12 2 0 3 5 17 42 12 20 13 1117 17 9 10 13 9 2 1 0 86 37 20 4 9 122 175 1 805 18 8 0 59 1 12 1 70 88 259 122 29 5 10 1 9 16 3 2 7 5463 32 6 136 7 0 1 3 3 0 18 0 1 4 3 13 15 0 1 2 0 0 2 0 2 2 3 0 0 1 0 1 0 0 0 3 0 3 13 1 5 0 0 8 2 1 0 1 2 7 0 0 0 1 5 1 0 0 2 0 1 1 1 0 1 1 4 0 2 1 0 0 0 0 0 7 3 0 1 0 1 1 0 1 0 31 14 2 0 0 21 0 0 1 0 7 1 0 0 9 0 4 1 0 0
67 37 47 34 1225 1274 22 20 41 45 11 2320 2 104 77 68 24 107 36 11 545 1522 115 26 298 14 59 152 470 137 304 3427 12725 2439 21 8 105 1029 125 107 801 8 54 4 8 27 127 140 16 2 35 37 123 241 65 98 63 1732 88 63 116 103 53 19 36 1 271 237 168 25 58 2319 3497 83 8228 138 228 18 1369 1 97 7 546 341 918 330 100 35 42 11 47 89 43 33 46 9839 164 39 270 15 14 10 41 40 10 134 5 12 55 24 65 175 4 13 11 1 2 17 9 28 19 39 12 40 102 1 6 1 2 4 55 1 62 233 1 144 2 1 143 55 30 22 11 65 86 4 2 4 32 38 25 4 3 16 1 3 7 27 3 12 18 78 2 28 54 3 3 7 4 0 171 64 23 15 1 7 13 9 14 3 476 365 59 11 2 549 1 0 5 25 131 8 8 16 115 5 68 25 3 11
6 0 3 4 27 15 1 1 1 1 1 35 2 824 290 293 65 125 37 22 295 732 174 119 138 33 853 768 187 20 20 388 2439 5000 1037 756 1777 1050 392 511 482 13 78 5 1 17 1351 116 5 3 5 13 19 33 15 11 53 3524 2978 1965 79 81 95 124 112 1 111 2364 363 14 62 13 243 13 5848 124 13 7 7 0 43 2 67 27 164 51 142 15 24 3 34 9 4 10 49 77 10 2 57 16 1 0 1 2 0 3 0 0 2 1 1 6 3 5 12 6 3 24 5 41 11 58 14 5 15 1 2 1 0 2 5 1 3 16 1 13 0 1 30 34 32 15 13 3 6 2 1 2 21 24 12 4 5 0 0 0 3 3 0 0 0 3 0 2 8 1 7 7 3 1 14 4 4 4 0 7 1 0 18 6 23 77 18 2 3 74 1 0 3 2 7 6 5 3 7 0 10 4 1 9
0 0 2 0 2 1 0 0 0 0 0 3 0 2045 516 21 15 12 48 14 8 18 31 295 26 35 3524 114 43 0 0 3 21 1037 1883 4545 880 162 7 2426 56 8 92 0 0 6 479 3 4 0 0 1 5 9 2 1 33 67 1321 226 6 17 50 104 13 0 62 345 14 3 0 0 13 3 171 5 0 5 3 0 5 0 5 10 14 10 30 0 1 1 9 5 0 1 28 5 0 0 20 6 0 0 0 0 0 0 0 1 0 0 0 1 2 0 0 0 1 4 7 2 11 26 19 0 1 0 2 0 2 0 0 0 0 0 0 1 3 0 5 6 3 6 0 0 1 0 0 0 13 5 1 1 1 0 0 0 0 0 0 0 0 0 0 0 0 0 0 1 0 0 0 0 0 0 0 2 0 0 0 1 0 10 4 0 0 8 0 0 1 1 0 1 1 0 1 0 1 3 0 0
1 0 0 0 0 0 0 0 0 0 0 0 0 1815 208 12 28 2 7 16 2 2 15 126 7 37 1353 78 22 0 1 4 8 756 4545 2472 1213 97 5 1431 36 7 48 0 0 3 681 2 2 0 0 1 2 3 0 1 19 55 1434 214 3 7 31 85 6 0 24 206 3 0 0 1 1 0 105 4 0 1 0 0 1 0 1 2 8 5 12 0 2 0 5 2 0 1 20 1 0 0 5 3 0 0 0 0 0 0 0 0 0 0 0 0 1 0 0 0 0 1 1 1 4 3 3 0 0 0 0 0 1 1 0 0 0 0 0 0 0 0 1 4 1 3 0 0 0 1 0 0 3 2 0 0 0 0 0 0 0 0 0 0 0 0 0 0 0 0 0 1 0 0 0 0 1 0 0 2 0 0 1 0 0 1 1 0 0 3 0 0 0 0 0 0 0 0 1 0 0 0 0 0
0 0 1 0 5 0 0 1 0 1 0 5 1 1482 1672 847 1570 551 146 435 75 103 185 110 23 39 810 770 136 7 10 13 105 1777 880 1213 3248 1467 462 550 500 15 59 5 1 30 636 62 4 1 0 0 3 12 1 6 42 270 813 234 175 35 72 117 88 1 89 467 279 2 17 2 34 5 891 99 1 11 5 0 15 1 10 14 35 16 35 6 15 1 40 11 2 6 51 14 0 0 12 9 0 0 0 0 0 2 0 2 0 0 0 0 4 14 12 1 2 25 16 21 32 68 23 4 17 0 3 2 1 9 7 0 0 6 1 9 4 0 41 47 30 19 5 2 2 3 2 0 37 34 6 0 1 1 0 1 1 2 0 1 0 0 0 1 1 0 3 8 0 1 2 3 3 10 1 9 0 2 8 4 5 29 8 0 0 37 0 1 4 2 0 5 1 1 1 1 5 1 1 4
26 18 18 7 70 66 8 8 22 10 6 264 241 516 840 716 1129 3013 2716 542 678 1998 518 222 520 174 252 454 136 33 57 87 1029 1050 162 97 1467 6894 650 766 1209 91 614 584 169 677 696 474 50 28 26 47 54 53 40 41 42 320 287 91 1244 207 240 109 80 48 116 463 563 25 138 143 4212 791 1347 768 415 426 829 20 87 12 320 123 460 228 108 103 302 87 1099 76 40 38 250 283 78 13 247 21 11 14 11 12 15 38 1 98 6 1 9 54 121 83 156 105 38 174 219 169 448 558 374 167 613 18 149 29 46 118 88 13 36 249 31 340 100 9 1084 744 256 353 100 38 185 61 56 20 688 367 270 21 26 11 4 26 19 29 21 19 26 48 11 15 76 57 56 76 18 11 172 117 120 173 14 124 21 17 165 25 348 1453 601 66 19 1836 15 2 31 73 99 50 20 28 142 39 145 73 52 146
1 0 2 0 7 4 1 0 1 0 0 20 6 166 577 893 62 5534 154 204 11 36 8 45 7 1 71 2287 95 7 17 9 125 392 7 5 462 650 7382 8 88 40 120 7 4 503 27 354 5 4 1 9 5 19 0 3 46 107 39 26 11052 129 95 74 472 8 56 92 1210 10 87 8 70 5 568 1079 1 0 5 2 40 2 10 10 22 9 8 35 61 6 135 6 1 3 66 24 1 2 9 9 0 3 0 0 0 0 0 1 0 0 0 3 6 130 262 11 4 206 7 412 28 535 15 2 5 1 1 43 2 82 17 6 2 3 4 18 3 1 30 46 511 8 186 1 10 36 21 24 37 843 2 10 16 1 0 4 8 2 7 12 0 0 0 2 18 3 94 141 11 8 4 11 10 3 11 147 3 6 79 8 1 9 9 7 17 8 0 1 12 2 2 31 9 9 2 0 2 1 4 6
4 2 9 2 11 10 0 3 3 2 0 34 0 1313 487 43 102 30 301 201 439 1497 1702 3838 2452 2559 2206 34 85 3 8 3 107 511 2426 1431 550 766 8 5991 955 141 431 38 1 19 2737 9 34 0 2 4 14 43 6 10 84 47 514 80 31 51 66 82 14 1 258 237 19 6 4 11 167 19 129 16 3 20 24 1 14 2 46 107 156 206 192 7 25 4 35 18 6 20 151 22 5 0 238 30 0 0 1 0 0 1 1 2 0 0 0 3 19 6 7 16 6 6 47 1 64 52 93 6 22 5 8 2 4 5 4 1 3 8 0 22 14 2 57 59 6 28 1 1 14 3 0 1 58 4 3 5 2 1 0 1 0 0 2 2 1 0 0 0 1 1 3 7 1 1 3 3 0 4 0 7 0 1 6 0 6 51 12 1 1 44 0 0 1 0 0 4 3 0 4 0 4 2 0 4
862 399 396 173 327 477 93 305 76 137 17 1285 11 1257 1419 907 339 853 884 611 2201 1189 6591 3075 546 1179 1492 225 239 144 162 100 801 482 56 36 500 1209 88 955 6228 3704 2034 49 34 643 256 363 1900 71 133 80 25 51 1191 1019 89 102 174 21 762 653 247 100 60 29 197 265 142 289 250 187 612 61 1376 426 171 21 232 14 449 39 1237 148 1381 203 288 449 1358 329 1487 1019 133 678 1234 625 180 50 177 121 2 5 15 9 9 69 0 2 19 11 55 88 2 11 37 3 0 19 13 35 16 45 14 35 62 1 5 6 1 6 28 2 46 133 1 59 3 0 57 46 53 16 23 20 29 12 16 3 25 152 12 57 81 6 0 38 18 14 27 37 12 25 2 19 33 8 21 20 17 3 58 30 10 10 21 41 27 73 121 16 314 226 42 11 19 347 53 9 184 13 54 111 33 14 97 5 24 13 8 11
4 8 2 0 7 3 3 1 2 1 0 9 3 36 60 117 14 236 136 41 18 104 1546 4325 84 119 304 38 18 1 5 0 8 13 8 7 15 91 40 141 3704 5901 3697 17 18 482 77 67 1130 6 2 5 2 3 0 3 5 1 9 0 524 92 32 30 22 11 35 9 71 22 26 2 23 7 38 119 1 1 12 1 45 2 12 11 17 23 15 34 181 60 789 310 17 104 222 12 8 0 15 1 0 0 0 0 0 0 0 0 0 0 0 0 0 7 14 1 0 3 0 13 1 19 2 0 1 1 0 3 0 2 1 1 0 1 1 0 0 0 5 5 32 1 12 0 0 9 9 2 6 74 2 7 14 1 1 4 1 1 1 2 0 2 0 0 0 1 11 14 1 3 0 2 0 1 3 17 4 11 51 9 1 0 1 1 2 5 5 2 16 0 0 34 5 0 2 0 1 0 0 0
17 7 10 5 14 20 6 4 10 6 0 41 35 105 158 64 28 550 398 148 73 866 622 1935 918 314 1351 188 180 16 17 10 54 78 92 48 59 614 120 431 2034 3697 4643 206 137 1487 545 570 2471 52 7 27 43 112 11 15 164 20 83 10 2534 761 1388 5638 763 81 544 162 612 152 94 26 330 27 152 2204 37 9 115 4 209 16 93 190 230 355 220 137 1728 794 7725 606 84 537 6772 55 28 4 483 60 1 1 0 0 0 2 0 3 1 0 1 3 4 14 57 6 0 23 3 66 7 83 3 1 1 1 1 7 1 10 9 3 0 1 2 6 0 0 12 16 80 7 41 1 1 58 90 6 20 430 1 45 93 1 1 64 9 8 13 11 0 0 1 0 2 2 72 79 34 28 1 1 7 0 37 198 16 43 595 87 6 25 4 3 51 16 21 7 118 1 1 251 27 1 7 0 1 1 1 0
0 0 1 1 1 0 1 0 11 1 0 9 3725 1 2 4 10 114 4662 22 9 43 5 19 8 8 9 11 1 0 1 0 4 5 0 0 5 584 7 38 49 17 206 7320 3250 607 10 61 6 903 31 147 2 2 1 0 2 0 2 0 43 35 59 18 10 495 2 1 23 2 34 53 1573 2314 5 43 555 3831 2290 176 64 644 7 2 3 5 0 351 229 561 1044 10 2 8 79 5 35 2 3 1 0 2 0 2 1 0 0 23 0 0 0 6 62 26 148 68 10 192 138 99 351 1149 349 25 65 10 45 10 27 54 7 3 2 31 4 42 50 4 270 282 69 114 38 4 29 33 52 28 442 334 25 22 29 0 2 22 5 2 9 10 2 3 6 2 6 10 34 51 17 41 11 12 11 6 13 86 5 18 292 25 31 229 257 6 18 269 7 3 39 4 4 84 18 3 26 10 11 7 8 15
2 1 2 0 0 1 1 2 231 8 2 3 3034 1 0 1 3 53 720 1 0 7 2 15 4 1 4 5 7 0 0 0 8 1 0 0 1 169 4 1 34 18 137 3250 11705 3320 1 47 26 3206 3 57 12 1 1 0 2 0 1 0 17 44 65 9 11 2666 7 1 51 15 44 104 443 524 10 33 2004 677 1165 93 98 336 1 2 0 5 0 511 549 3271 2548 19 2 8 113 0 739 63 4 0 2 1 1 1 0 4 2 5 1 0 3 2 1 16 296 2 1 30 7 139 29 96 18 4 6 1 4 29 2 13 25 6 1 5 8 7 4 2 23 28 121 13 97 4 2 192 402 4 49 2045 7 53 120 1 3 246 8 2 16 26 0 4 0 0 11 10 277 278 43 238 6 21 15 10 61 479 23 61 2177 199 6 24 22 12 88 39 22 26 208 0 3 649 46 1 11 1 2 5 3 8
2 3 2 4 5 4 3 1 53 1 0 14 2102 22 29 63 20 722 1949 62 3 64 29 1402 69 16 267 395 40 0 3 3 27 17 6 3 30 677 503 19 643 482 1487 607 3320 4176 28 74 66 21 4 27 8 23 3 6 42 8 17 0 852 137 265 1110 565 347 108 43 430 13 23 28 412 52 46 129 208 33 273 11 51 15 14 18 29 49 19 44 144 97 3213 46 9 45 500 8 111 17 75 11 1 16 1 0 6 2 2 5 0 2 3 4 17 299 2627 39 14 288 26 1065 116 735 62 6 19 6 9 233 13 237 76 13 9 12 20 58 4 5 107 182 1801 45 802 4 5 311 370 180 213 5787 24 57 57 4 5 61 23 13 21 29 0 5 1 6 66 32 805 848 61 155 11 53 52 39 26 770 41 37 724 46 11 37 55 45 40 40 5 19 54 11 2 138 55 19 19 1 6 8 21 7
8 7 7 0 10 19 1 2 4 4 1 45 0 399 85 19 29 26 66 27 141 370 203 1341 2125 224 1585 210 74 5 9 7 127 1351 479 681 636 696 27 2737 256 77 545 10 1 28 3869 30 20 0 6 13 15 29 8 14 116 92 666 236 63 91 308 369 65 1 156 475 67 14 12 6 152 9 278 30 5 12 19 0 39 1 99 54 118 111 193 6 48 6 68 26 6 21 325 21 7 1 155 56 0 2 0 0 0 0 0 1 0 0 1 1 7 2 10 1 2 5 12 7 23 12 24 6 21 2 4 1 3 2 2 0 2 16 4 15 2 1 50 44 4 6 2 2 12 0 0 0 32 10 5 2 5 0 0 3 2 0 0 1 0 0 0 0 3 0 2 5 0 0 8 4 2 2 4 7 2 2 12 1 11 68 12 0 2 44 2 0 4 2 4 6 1 0 1 0 4 3 0 1
19 3 4 2 46 30 3 4 5 3 0 46 5 21 54 101 12 492 96 57 21 79 27 50 54 9 25 97 315 47 53 12 140 116 3 2 62 474 354 9 363 67 570 61 47 74 30 21880 336 112 9 42 14 36 9 9 105 77 13 7 1380 4602 2222 119 231 15 221 86 3956 278 1654 29 203 14 794 6192 21 4 62 6 388 78 42 48 67 49 38 985 7227 344 2569 144 21 130 1337 110 13 4 49 12 2 0 1 1 2 0 0 3 2 0 0 2 1 4 15 6 1 24 2 14 2 22 6 1 15 5 9 11 4 3 12 2 0 7 1 10 1 1 17 11 35 20 21 17 9 259 37 2 17 115 10 540 1278 13 31 371 28 12 60 139 3 1 0 0 2 1 32 183 309 26 4 21 2 4 393 281 65 546 1240 258 6 14 19 6 285 48 150 36 1487 4 0 2034 311 0 25 1 2 6 5 8
62 15 36 8 11 17 4 22 0 8 1 39 2 32 60 30 13 69 72 56 19 78 192 322 66 40 83 18 22 15 12 2 16 5 4 2 4 50 5 34 1900 1130 2471 6 26 66 20 336 9549 62 9 21 3 8 20 11 7 3 0 0 120 624 167 27 12 6 30 8 32 270 215 8 17 9 42 135 13 1 13 4 348 21 49 14 32 29 12 419 1043 194 510 6315 140 3537 7398 14 9 8 31 11 0 0 0 0 0 0 0 0 0 0 0 4 0 0 6 0 0 2 1 4 0 5 1 0 2 1 3 2 0 0 1 0 1 0 0 1 1 0 5 0 0 0 4 2 1 10 0 0 1 18 0 66 103 1 2 19 9 10 8 34 0 0 0 0 1 0 3 14 16 7 1 2 1 0 17 10 12 68 85 6 7 6 0 0 11 15 30 5 188 3 1 124 19 0 3 0 0 0 0 2
6 1 0 1 1 2 3 3 207 1 0 8 130 1 3 4 1 6 116 4 0 3 4 6 4 1 0 0 4 0 2 0 2 3 0 0 1 28 4 0 71 6 52 903 3206 21 0 112 62 10245 184 1906 12 0 1 0 1 1 0 0 6 149 57 3 2 1132 5 2 15 48 107 60 125 1384 7 21 1746 378 547 1416 537 4402 8 2 6 2 0 3489 1659 5254 378 60 11 49 115 1 747 57 3 1 1 0 1 1 0 2 0 4 1 1 1 1 1 1 3 1 0 3 1 5 4 2 2 1 4 4 2 5 0 1 2 2 1 3 0 2 0 0 4 5 7 5 5 7 0 83 13 5 9 61 2 142 318 1 3 346 64 22 91 116 0 0 1 0 1 2 14 58 63 21 3 3 0 1 119 102 64 201 816 97 6 9 11 2 93 26 172 95 930 2 1 1013 92 1 15 0 1 1 1 0
138 41 62 20 34 32 29 81 7 32 6 64 3 1 2 1 0 4 4 0 6 10 1 8 6 1 4 5 45 24 9 3 35 5 0 0 0 26 1 2 133 2 7 31 3 4 6 9 9 184 12175 12146 5 8 83 14 6 0 0 0 5 9 7 3 1 88 11 14 9 58 9 16 32 165 68 6 69 12 26 685 915 175 292 33 49 10 9 149 13 12 11 7718 3038 94 16 18 28 13 9 8 0 0 3 0 0 7 1 0 2 3 6 10 0 0 0 0 0 0 0 0 1 1 5 1 1 0 0 0 0 1 1 1 2 11 1 11 0 0 6 6 0 1 0 5 11 0 2 0 0 4 1 19 9 0 0 5 353 69 393 169 0 0 0 0 3 0 2 1 3 3 11 0 1 0 0 4 71 38 5 1 12 23 6 0 0 35 31 6 68 3 2 11 13 0 5 0 4 2 0 0
205 46 67 17 33 41 38 79 72 59 0 92 12 5 1 1 0 6 49 4 9 12 1 8 14 2 9 10 55 25 17 5 37 13 1 1 0 47 9 4 80 5 27 147 57 27 13 42 21 1906 12146 16929 11 17 114 11 12 6 1 0 13 100 48 8 12 752 23 26 47 508 36 24 53 1181 111 25 488 96 137 9594 5182 1951 373 36 63 21 23 1127 126 109 64 3031 4861 207 60 42 253 22 14 16 7 1 8 1 0 13 0 5 14 3 16 16 0 0 2 1 0 3 0 1 6 13 2 0 6 0 2 2 1 1 8 1 4 25 0 16 1 0 23 9 5 11 3 10 5 23 15 0 6 27 1 139 86 15 8 18 3215 1064 4578 1382 1 6 0 4 5 1 10 11 10 35 22 15 8 4 9 18 694 390 29 4 36 30 63 2 4 69 379 62 660 5 18 79 154 3 17 3 1 3 1 0
1092 226 267 89 257 225 809 712 168 436 33 450 2 12 4 4 0 5 1 1 6 30 3 15 72 7 43 24 1696 298 217 17 123 19 5 2 3 54 5 14 25 2 43 2 12 8 15 14 3 12 5 11 14867 6467 8971 5 89 13 2 0 9 44 53 27 15 4 192 60 22 14 6 88 104 27 368 9 71 13 68 2 25 8 962 190 49 71 126 5 12 9 12 17 8 6 38 282 123 6895 68 145 2 0 6 4 0 21 2 3 14 6 14 24 0 0 2 1 0 0 1 1 3 1 1 4 24 0 2 0 0 0 10 1 8 59 0 24 0 0 26 12 0 0 1 4 12 0 1 0 3 3 5 0 1 1 0 0 0 2 0 0 5 7 1 5 12 0 0 1 0 0 32 16 4 6 0 1 1 0 3 0 98 81 14 1 0 132 0 0 3 5 18 2 0 2 18 0 6 7 1 1
2172 512 591 202 664 531 1251 1052 83 492 46 942 1 28 21 2 0 5 4 1 11 84 12 52 215 17 133 58 5532 688 553 42 241 33 9 3 12 53 19 43 51 3 112 2 1 23 29 36 8 0 8 17 6467 6214 514 11 293 12 13 1 31 142 204 49 30 4 780 117 64 26 22 124 119 35 773 40 98 3 112 0 73 1 1625 5336 100 210 449 16 41 6 45 26 15 16 104 702 76 2380 264 423 0 3 10 9 1 44 2 5 15 13 37 66 0 0 0 0 0 1 1 2 1 2 2 11 32 0 4 0 0 1 11 2 18 78 1 52 1 0 37 14 1 4 1 14 21 1 0 0 2 6 4 1 1 4 0 2 2 5 1 0 9 13 1 8 16 0 3 1 0 1 58 14 4 9 0 5 1 1 5 0 179 110 11 2 1 189 0 0 6 6 35 1 2 5 44 1 19 8 0 1
405 80 102 31 70 83 311 249 40 183 17 178 0 1 0 1 2 4 3 1 3 17 0 5 32 3 10 1 287 66 42 12 65 15 2 0 1 40 0 6 1191 0 11 1 1 3 8 9 20 1 83 114 8971 514 14380 440 19 4 2 0 2 19 12 3 3 0 74 42 2 20 6 39 73 18 190 1 35 4 44 9 75 5 5924 118 97 63 55 24 12 0 12 162 52 43 28 83 46 2444 23 36 1 1 2 0 0 17 0 0 3 0 3 11 0 0 0 0 0 0 0 1 1 2 1 2 11 0 2 0 0 0 2 0 5 34 0 23 0 0 17 5 0 8 0 5 10 0 0 0 3 3 2 0 0 0 0 0 3 3 3 4 6 4 0 3 8 1 0 0 1 0 22 6 2 3 0 0 0 7 0 0 50 58 9 2 0 85 3 0 4 4 15 1 0 3 8 2 4 5 0 5
374 138 211 77 145 190 24 139 9 57 9 419 1 3 2 1 0 3 4 1 1118 142 7 7 66 3 13 9 47 47 72 20 98 11 1 1 6 41 3 10 1019 3 15 0 0 6 14 9 11 0 14 11 5 11 440 1149 16 4 5 0 5 26 22 3 3 0 33 45 6 4 3 63 66 19 258 8 38 5 50 1 33 1 6025 46 2955 166 74 9 9 3 13 46 9 19 24 156 29 10 95 47 1 0 6 3 3 24 1 0 9 2 17 24 0 0 1 0 0 0 0 2 0 0 1 4 14 0 2 0 0 0 13 0 15 39 1 20 0 0 22 5 0 1 1 6 10 1 0 0 3 1 2 3 2 1 0 0 2 2 0 5 5 6 1 7 11 1 1 1 0 0 22 5 4 3 0 0 2 0 2 0 64 57 8 2 0 84 1 1 1 2 12 1 0 5 20 3 7 4 1 2
51 16 23 23 1068 118 12 10 1 4 0 146 2 114 48 8 2 9 7 1 35 94 14 119 395 7 391 256 5839 6128 8072 13 63 53 33 19 42 42 46 84 89 5 164 2 2 42 116 105 7 1 6 12 89 293 19 16 12935 8 36 4 69 318 413 167 122 4 4804 520 248 48 69 17 31 3 3556 48 2 0 11 1 155 2 177 334 154 583 2034 27 56 6 70 26 8 24 176 3779 4 15 2581 6845 1 0 1 0 0 2 0 0 1 0 3 4 0 1 5 1 0 2 1 5 0 4 1 0 1 0 0 0 0 1 0 1 0 4 0 3 1 0 7 0 9 0 1 0 0 3 6 0 0 20 0 1 2 1 0 0 0 1 0 0 0 0 0 0 0 0 1 1 1 1 3 0 0 0 2 5 3 0 13 2 7 10 1 0 3 7 3 0 4 0 4 6 1 0 2 0 1 0 0 0
0 0 2 0 32 6 1 0 1 1 0 193 0 278 86 41 10 21 7 1 39 88 20 9 14 3 234 342 38 4 4 1117 1732 3524 67 55 270 320 107 47 102 1 20 0 0 8 92 77 3 1 0 6 13 12 4 4 8 4763 845 2435 30 92 60 62 106 1 26 2336 221 16 42 55 111 3 5041 58 1 0 23 1 53 0 38 21 58 13 141 14 11 1 27 11 3 5 16 519 1 1 11 19 0 0 2 1 0 4 0 0 0 1 2 5 0 5 2 0 0 3 1 13 0 19 0 2 2 0 0 2 0 1 0 0 3 2 1 2 1 0 5 1 16 0 4 0 1 1 2 0 3 10 0 3 0 3 0 0 0 0 1 2 0 0 0 1 1 0 6 4 0 0 6 2 0 0 3 4 0 2 10 1 6 7 3 1 3 11 0 0 1 0 4 2 0 0 1 0 0 1 0 0
2 0 2 1 1 2 0 0 0 0 0 1 1 2266 186 37 104 10 20 8 30 31 34 166 20 18 1243 346 94 1 5 17 88 2978 1321 1434 813 287 39 514 174 9 83 2 1 17 666 13 0 0 0 1 2 13 2 5 36 845 825 3435 15 31 123 216 62 0 62 1420 65 5 4 1 20 1 1118 12 1 0 2 0 18 1 15 17 27 11 160 1 12 0 16 8 3 4 77 9 1 0 12 18 0 0 0 0 0 0 0 1 0 0 0 1 4 1 0 1 2 1 6 2 6 15 14 1 6 0 2 2 0 3 1 0 0 7 0 7 1 1 16 12 1 5 0 1 2 1 0 0 10 6 1 0 1 0 0 0 0 0 0 0 0 0 0 0 1 0 1 1 0 0 2 3 0 1 0 3 0 1 3 0 0 20 5 0 0 7 1 0 3 0 0 1 1 0 0 0 2 0 0 0
0 0 1 0 0 0 0 0 0 0 0 0 0 98 26 8 2 8 1 0 4 9 5 11 6 4 116 105 13 1 1 9 63 1965 226 214 234 91 26 80 21 0 10 0 0 0 236 7 0 0 0 0 0 1 0 0 4 2435 3435 1502 3 8 16 24 18 0 5 916 37 0 1 1 12 0 1098 4 0 0 0 0 3 0 2 1 4 3 37 2 1 0 2 1 2 0 8 1 1 0 2 1 0 0 0 0 0 0 0 0 0 0 0 0 0 1 0 0 0 3 0 3 0 4 0 0 0 0 0 0 0 1 0 0 0 0 0 0 0 0 3 0 1 1 0 0 0 0 0 0 0 1 0 0 0 0 0 0 0 0 0 0 0 0 0 0 0 0 1 0 0 0 0 0 0 0 0 0 0 0 2 0 0 2 0 0 0 3 0 0 1 0 0 1 1 0 0 0 0 1 0 0
3 2 1 1 15 11 2 2 0 0 0 32 19 24 130 390 101 5961 504 305 13 114 35 1174 126 19 215 1112 89 5 19 10 116 79 6 3 175 1244 11052 31 762 524 2534 43 17 852 63 1380 120 6 5 13 9 31 2 5 69 30 15 3 8079 402 922 1223 528 7 153 50 6821 41 160 17 280 10 216 7801 16 1 31 4 78 6 25 41 56 95 36 84 633 45 1110 51 10 60 1193 54 3 2 118 18 0 4 0 0 0 0 0 1 1 0 0 2 9 86 563 8 8 89 7 244 30 263 16 2 8 1 2 55 2 55 24 6 0 5 13 10 3 0 43 59 468 10 240 1 4 102 257 39 62 1405 15 29 30 2 2 39 10 3 10 15 0 2 2 3 11 6 252 268 25 14 3 21 23 16 23 351 6 25 393 38 12 17 12 17 36 25 4 3 42 2 1 87 20 10 6 1 3 4 4 5
33 13 28 1 31 27 9 14 5 3 2 41 4 72 102 73 17 229 76 38 25 209 59 119 254 23 72 128 745 40 63 13 103 81 17 7 35 207 129 51 653 92 761 35 44 137 91 4602 624 149 9 100 44 142 19 26 318 92 31 8 402 14587 10457 882 1039 26 785 220 1973 7610 1973 9 95 27 948 551 26 2 25 23 2450 259 110 136 154 211 157 1144 1866 322 1055 432 190 2430 3549 76 23 4 213 55 0 1 2 0 1 2 0 1 0 1 3 2 3 5 12 4 0 18 6 12 5 25 7 1 15 8 7 15 2 11 5 0 0 7 1 6 2 0 18 7 22 14 10 19 4 221 20 4 10 75 1 888 1393 22 31 190 83 31 111 306 1 1 0 0 2 2 14 101 202 15 6 13 4 2 193 121 186 1072 522 77 6 6 16 4 103 33 353 49 2163 5 0 1497 389 0 15 0 0 3 5 9
6 4 7 7 17 10 0 7 2 2 1 35 12 178 182 77 15 163 157 43 22 267 51 135 388 36 156 463 782 6 36 9 53 95 50 31 72 240 95 66 247 32 1388 59 65 265 308 2222 167 57 7 48 53 204 12 22 413 60 123 16 922 10457 23842 8865 8101 25 1182 339 2629 1421 505 7 112 8 577 1497 18 4 41 9 916 18 125 209 231 344 198 181 1474 333 2793 92 61 308 5380 27 7 2 396 103 0 1 1 0 1 1 0 4 0 0 0 2 1 4 20 4 1 21 7 38 5 53 8 2 4 0 5 7 3 5 11 3 0 3 2 0 0 0 16 10 40 6 20 4 4 84 49 5 15 195 3 107 236 5 6 89 11 3 14 35 0 0 0 0 2 2 30 93 68 14 4 12 3 2 122 203 23 105 692 155 5 5 3 4 116 15 22 5 300 0 0 605 88 4 4 1 1 3 2 2
1 2 3 0 4 6 0 1 2 1 0 8 13 305 209 87 14 473 308 23 5 77 12 1954 185 5 2056 526 194 0 15 2 19 124 104 85 117 109 74 82 100 30 5638 18 9 1110 369 119 27 3 3 8 27 49 3 3 167 62 216 24 1223 882 8865 5279 4165 25 414 324 699 127 44 2 42 8 238 197 6 1 7 2 178 3 40 90 78 135 120 19 180 20 653 18 9 62 3171 10 2 0 214 58 0 2 0 0 1 0 0 0 0 0 0 1 4 66 120 2 1 84 7 249 16 269 15 0 3 0 1 13 2 24 5 2 2 3 3 9 3 0 14 20 289 4 111 0 3 18 10 9 18 610 3 15 11 0 0 7 4 0 2 4 0 0 1 0 3 2 59 73 9 19 0 6 5 3 3 66 4 13 67 7 2 6 5 0 5 7 3 2 22 0 2 28 8 1 0 1 0 0 1 0
1 0 1 1 3 4 1 1 1 0 0 4 9 189 329 157 7 242 85 13 5 21 5 82 45 2 85 301 230 3 11 1 36 112 13 6 88 80 472 14 60 22 763 10 11 565 65 231 12 2 1 12 15 30 3 3 122 106 62 18 528 1039 8101 4165 5188 29 205 185 6846 165 73 2 25 7 383 172 2 0 2 0 263 3 19 26 46 40 42 24 131 28 429 10 15 50 1307 4 1 1 42 31 0 2 0 0 0 0 0 1 0 1 1 0 2 34 111 1 1 43 4 138 15 133 5 1 1 0 1 12 3 18 15 0 0 2 1 7 0 1 13 23 163 6 82 1 4 25 36 3 9 606 4 8 18 1 1 9 2 1 3 6 1 1 0 0 8 1 101 70 10 10 2 8 3 3 12 114 6 10 130 16 1 3 3 3 11 4 1 1 23 0 1 48 9 3 2 0 1 1 0 2
4 1 1 0 1 0 2 0 43 3 0 0 1254 0 2 2 0 21 343 4 0 7 3 20 2 0 5 12 5 0 0 0 1 1 0 0 1 48 8 1 29 11 81 495 2666 347 1 15 6 1132 88 752 4 4 0 0 4 1 0 0 7 26 25 25 29 2502 3 4 27 2 7 30 96 691 2 15 884 911 271 545 175 1191 3 0 5 0 1 661 201 699 776 12 4 4 29 1 218 20 4 0 1 0 0 0 1 1 0 0 0 0 1 1 2 6 190 4 1 15 4 16 11 30 7 0 2 2 3 16 0 6 5 2 1 2 2 5 0 0 7 5 50 5 39 1 1 53 116 7 19 322 4 13 19 0 0 56 16 5 31 26 0 1 0 1 4 1 26 94 14 104 2 5 6 4 11 70 12 19 233 15 3 5 6 3 10 8 8 10 46 2 0 77 18 1 4 0 0 0 2 3
657 392 390 233 1053 642 44 122 18 67 15 1372 2 242 87 32 7 34 26 4 54 370 57 326 1170 77 894 357 5995 499 1699 86 271 111 62 24 89 116 56 258 197 35 544 2 7 108 156 221 30 5 11 23 192 780 74 33 4804 26 62 5 153 785 1182 414 205 3 10750 726 326 150 96 101 108 15 2350 136 68 2 88 4 277 5 690 6280 1123 3783 3248 69 254 29 212 110 30 102 615 1857 76 29 2459 3830 3 3 9 8 1 42 1 2 7 5 43 48 0 1 11 0 0 3 1 11 1 7 1 4 17 0 0 1 0 0 12 0 11 38 0 29 0 0 15 7 6 3 8 4 16 6 5 0 3 38 0 8 14 2 1 2 1 5 1 5 4 8 1 5 13 0 4 4 6 1 34 15 2 4 2 17 4 10 26 2 116 54 5 2 5 95 5 0 23 5 21 21 2 5 35 1 7 7 2 2
16 9 9 7 18 20 5 5 1 2 0 58 0 511 149 50 11 25 16 7 93 233 25 213 197 11 1140 661 421 7 47 37 237 2364 345 206 467 463 92 237 265 9 162 1 1 43 475 86 8 2 14 26 60 117 42 45 520 2336 1420 916 50 220 339 324 185 4 726 5017 356 28 60 4 79 8 4673 48 4 0 11 1 151 0 271 141 276 209 960 19 41 6 44 62 12 22 129 23 7 2 334 551 0 0 1 0 1 2 0 0 0 1 2 2 0 3 4 0 1 3 2 13 5 14 3 2 3 0 0 0 0 2 3 0 0 8 3 13 0 0 37 12 10 4 3 3 3 2 0 1 12 18 5 0 1 0 0 0 1 0 1 0 0 0 0 0 2 1 6 4 4 0 2 3 3 2 1 5 1 2 13 4 7 36 10 1 2 32 1 0 5 1 3 14 2 0 1 0 4 3 1 2
7 3 2 2 24 12 2 2 2 2 0 27 16 212 467 389 37 984 153 87 24 54 17 73 60 2 64 563 503 33 38 20 168 363 14 3 279 563 1210 19 142 71 612 23 51 430 67 3956 32 15 9 47 22 64 2 6 248 221 65 37 6821 1973 2629 699 6846 27 326 356 6264 294 524 5 126 8 1360 6836 9 5 28 6 483 12 44 43 68 59 66 137 513 109 1521 30 26 50 531 58 5 5 52 43 0 1 0 0 3 3 0 4 2 0 1 4 4 43 254 10 5 49 9 151 22 122 11 1 10 2 2 38 3 29 34 5 5 3 5 22 3 2 44 49 227 17 132 7 0 177 321 18 47 1403 12 70 119 3 4 157 13 2 15 23 0 4 0 2 15 5 317 291 65 38 6 32 24 15 89 676 24 55 1394 219 4 14 14 18 155 39 7 1 130 2 0 470 49 4 5 3 2 1 2 5
55 19 28 12 15 16 10 31 4 12 0 42 1 9 16 10 2 30 22 20 6 38 16 40 37 5 10 21 164 15 9 4 25 14 3 0 2 25 10 6 289 22 152 2 15 13 14 278 270 48 58 508 14 26 20 4 48 16 5 0 41 7610 1421 127 165 2 150 28 294 7472 2702 6 15 9 175 51 17 1 10 65 5396 237 83 44 54 56 23 823 303 70 141 854 3550 2889 471 21 11 1 37 14 1 0 3 2 0 0 0 2 1 1 0 6 0 2 3 1 0 3 0 2 2 3 3 2 3 0 3 1 0 0 0 0 1 2 1 4 0 0 8 0 3 4 2 8 5 24 9 1 2 12 1 304 221 6 8 29 101 59 198 440 2 0 0 0 2 2 1 16 31 6 6 3 1 0 26 26 236 535 51 15 9 10 4 1 23 19 207 11 863 1 3 275 148 0 8 0 1 0 0 1
22 10 4 5 27 25 7 12 2 3 1 35 5 9 35 27 10 144 36 16 9 25 9 26 19 5 5 22 163 37 33 9 58 62 0 0 17 138 87 4 250 26 94 34 44 23 12 1654 215 107 9 36 6 22 6 3 69 42 4 1 160 1973 505 44 73 7 96 60 524 2702 4081 12 96 15 449 360 24 4 31 21 5466 165 23 27 37 27 19 1152 1514 234 559 225 41 407 392 67 10 0 26 8 1 0 2 0 0 0 1 4 2 0 1 2 1 0 3 1 0 5 0 10 2 10 0 2 3 2 6 3 0 1 0 1 0 2 0 6 1 0 0 3 8 5 4 7 2 56 8 0 2 22 4 332 325 5 12 59 47 17 79 202 0 0 0 0 1 1 3 24 49 3 2 4 0 2 32 15 112 506 114 20 8 6 10 2 21 26 226 16 939 1 1 294 158 0 4 1 0 4 3 3
48 46 61 45 133 223 29 25 575 645 219 2777 64 2 2 2 2 22 18 1 78 190 8 8 43 4 2 3 119 28 42 122 2319 13 0 1 2 143 8 11 187 2 26 53 104 28 6 29 8 60 16 24 88 124 39 63 17 55 1 1 17 9 7 2 2 30 101 4 5 6 12 5947 1289 221 444 14 2295 339 2715 17 26 44 251 145 274 83 17 47 26 39 43 55 17 10 18 735 4142 339 37 4 35 15 133 77 13 458 12 30 152 72 333 637 2 0 5 4 1 6 13 2 14 11 12 48 149 3 10 1 2 2 142 2 139 403 0 153 5 2 133 26 3 13 3 94 168 3 3 0 18 13 12 1 2 18 1 3 18 78 6 14 44 108 4 64 76 3 0 5 3 1 356 159 17 7 5 6 27 8 9 0 1085 402 85 13 0 900 1 0 12 47 237 6 7 20 394 15 128 49 6 2
30 18 14 14 190 162 10 11 77 22 3 716 456 35 18 35 11 454 604 17 399 1197 128 62 328 45 47 56 166 31 78 175 3497 243 13 1 34 4212 70 167 612 23 330 1573 443 412 152 203 17 125 32 53 104 119 73 66 31 111 20 12 280 95 112 42 25 96 108 79 126 15 96 1289 4194 1734 1460 240 2044 1392 5229 35 79 95 527 219 570 199 76 119 189 157 808 97 24 28 143 995 264 36 202 8 15 18 19 19 7 59 5 63 23 6 26 99 81 40 90 60 21 62 157 77 307 335 256 137 427 10 111 15 32 50 79 9 51 500 14 410 58 2 942 571 72 210 50 81 203 34 36 8 466 228 158 22 20 20 7 25 19 53 9 25 43 85 11 29 85 31 41 56 10 15 298 118 76 111 6 88 21 13 167 13 702 1531 561 46 13 2026 6 2 23 76 203 49 25 24 205 27 158 77 31 111
