20.9583085356425 22.5892711608227 23.0003085498132 33.7745437611842 48.0988844346938 48.0205250512737 28.6268050490659 23.412508431324 86.6082891381305 44.0875473740983 82.1311580263335 58.487287545139 0 128.931970868792 135.442114023062 117.328357118549 146.219293212891 132.887815687391 122.761589050293 131.335193634033 118.936253106416 148.001018100315 160.82890735973 176.808979670207 174.249352195046 233.278503417969 141.98045539856 118.974257861867 33.1625828454486 25.6502079488622 58.4984334108858 58.850896785479 77.1849142737104 103.238870839604 122.673501150949 97.0559463500977 100.508360323699 121.12515300029 130.906057797945 137.032778930664 100.895965871544 130.366885681152 187.274660322401 230.224082946777 191.441251482282 182.105954488118 165.443441263835 162.655217034476 142.214211582152 180.622668457031 141.130246119862 163.900115007911 113.365593052081 99.7666970827743 120.256101772189 115.234508984709 90.9881868362427 111.87760579586 103.419839859009 74.5616264343262 143.249878247579 175.073042539793 161.306708425846 161.382909502302 126.714379906654 202.923100789388 118.887492059504 149.673703613281 132.724642781816 180.115416008129 183.141122817993 92.6777412175063 113.653941966869 180.119977084073 102.161391507662 158.073766312509 97.9028608703613 233.307315826416 101.081070125804 166.922235796528 182.851709381873 177.668335373337 125.587689939211 118.550313903955 121.556814538427 134.15850221441 139.144705613454 188.489746559667 188.985032510259 209.110648113748 181.710216283798 143.959739653918 171.073030662023 175.763991735932 173.160947815446 72.1167760546742 94.1429705497546 64.4165356731637 165.752561507686 98.8461116644052 179.482071616433 173.87655544281 183.471534280216 174.851591110229 166.929641030051 175.874369223913 173.583824744591 168.038686415728 174.685578685696 152.374909128462 165.473985450212 171.431340129829 172.741516113281 196.372634887695 0 0 193.961120605469 0 0 0 223.281829833984 214.282897949219 0 190.450546264648 225.24674987793 0 195.449684143066 215.930084228516 0 171.03076171875 205.195327758789 0 178.270869954427 168.255883216858 0 167.206886291504 0 0 202.40537109375 220.054024832589 0 213.476524353027 193.577545166016 202.529373168945 185.210975646973 221.205791473389 170.893928527832 154.754776000977 0 211.406540934245 216.058349609375 235.001001993815 228.007790374756 238.132736206055 222.657150268555 212.243515014648 200.123281625601 228.323827107747 196.028294881185 220.561689677991 209.030227661133 224.94352722168 185.272193908691 184.031532287598 180.166918945312 0 0 209.0259878976 219.63648223877 171.506149291992 211.358261108398 180.567560831706 0 0 218.89086151123 211.859368896484 225.934953169389 228.199357252855 220.403080866887 224.779140472412 156.860345826113 163.553971184625 0 0 229.420541381836 146.039753523029 203.217493057251 197.73454284668 224.904865768721 214.23218536377 223.00163269043 225.33971949986 231.634099623736 0 130.027713445228 173.267453765869 203.949096679688 178.330795288086 0 213.680806477865
22.5892711608227 11.8899952375079 30.1086558925414 19.4421246745915 34.103760735398 37.7214047594713 69.1933353631071 55.5722212133736 106.159481896294 98.2086256778601 94.1118055231431 68.9506011022139 0 0 208.605102539062 185.922241210938 169.771301269531 216.267985026042 0 0 117.271344767676 157.672074635824 160.806701660156 218.347707748413 168.857933044434 188.633102416992 221.746028900146 176.047159830729 65.7284814220364 25.0207479600984 57.7938116503433 68.632933874388 88.1585974912763 146.644421895345 194.122917175293 0 132.79907989502 163.677909851074 0 226.311492919922 104.736851952293 136.157758076986 194.834548950195 0 0 202.557098388672 240.506072998047 195.857527788948 148.836799172794 186.423520769392 155.381864780333 176.155790528255 133.476896097372 116.329885298206 138.117381800001 117.824381583078 127.655190467834 147.208134969076 0 0 185.369197845459 193.128540039062 207.790991889106 207.879063924154 195.415716552734 0 111.604171142578 171.17019144694 186.54587663923 189.670899309431 186.748870262733 105.45602754105 142.882194519043 155.372007369995 144.362718582153 168.081858548251 122.332995096842 0 141.599805196126 166.662269592285 194.502284656871 183.891912607046 138.008309025468 122.751438872668 124.247573766038 132.572663337954 181.354221888951 199.030185036037 200.244716379902 200.299531555176 199.626973769244 158.508290652571 180.023710499639 183.557519870334 191.437271728516 102.918632009755 92.4004364707253 95.8192729642314 162.90209374061 170.11750793457 176.609222412109 184.067703709458 175.669778480293 174.493241702809 177.805372350356 171.720995792872 181.757009169635 166.15947840764 169.962754628015 132.19976070471 160.394328829608 167.755674873617 0 0 0 0 0 183.956309000651 0 212.454711914062 177.681874593099 208.483586629232 186.851272583008 194.678985595703 209.869213104248 0 0 0 0 0 205.854530334473 0 162.657421112061 165.566346359253 0 165.46503339495 0 0 164.705299377441 192.975322723389 0 0 0 212.628143310547 190.684232439314 214.34162902832 210.578674316406 0 215.473678588867 221.887768554688 0 243.08470916748 234.179104614258 211.593902587891 0 213.123840332031 225.259761265346 216.431694030762 204.070118495396 227.081977844238 220.828395843506 227.178075154622 203.072830200195 233.10498046875 161.205618286133 0 0 0 226.714904785156 222.741714477539 207.921882629395 221.344589233398 244.683517456055 0 239.331939697266 0 229.290603637695 0 239.776596069336 0 152.582656694495 152.050971291282 143.804607391357 0 220.754058837891 135.338351323054 223.104331970215 198.567235310872 232.995797157288 185.444931030273 207.376981462751 230.387278965541 0 167.747371673584 125.665155910916 179.970425796509 193.517461923453 178.128988647461 0 187.705993652344
23.0003085498132 30.1086558925414 15.4398516545863 16.62969906326 94.9904194367238 28.3552401435444 55.1723868737372 19.7793023342436 75.2672445259842 25.6859594018836 58.8708458970233 35.3157448365547 0 0 216.513938903809 193.935033162435 181.684504191081 212.386917114258 0 219.113586425781 117.29921117643 165.140706634521 185.734393310547 184.680157979329 162.027391560872 205.507064819336 220.223762512207 176.19713973999 92.4292836280385 78.1510859155036 127.247026894309 120.662553710938 115.383302845367 183.616636730376 0 0 166.473431396484 202.531655447824 166.264762878418 201.963445027669 100.926411057388 140.932263461026 206.998952229818 244.242691040039 209.91195326585 207.623226928711 205.901657104492 188.345611803459 148.534437749804 191.737393188477 145.120620567482 167.013670426828 126.579169499672 110.04971631368 129.745027481564 117.896363757906 120.696336110433 166.148315429688 199.668304443359 0 204.651879882812 187.910937636646 217.312246149237 198.598575592041 179.017560958862 184.503298950195 118.939189469187 190.330991109212 191.872344970703 182.827978927098 185.557351545854 97.984168951852 185.890156085675 191.585701682351 159.621302729068 187.380539650141 85.7260845729283 231.62141418457 133.24242074149 168.194380866157 187.027122248528 177.860671410194 131.647570541225 122.515235187649 122.520445573865 137.008255203049 186.287973155146 193.194511713419 192.080797749181 196.911906706981 196.97226591368 153.031017515394 174.237427903729 180.084565760726 184.785391473151 147.951140231774 84.1380041352995 86.3536592837516 168.922917333143 167.604293187459 177.703867442572 181.422508591872 171.436636094923 172.947855776832 178.933194099589 169.332497079688 165.056767905631 169.498114302352 168.188706384451 133.091178074589 159.430178838145 166.403987514534 0 0 0 0 0 0 0 0 244.972946166992 185.157690429688 212.589813232422 194.482974243164 193.994270324707 0 0 0 0 0 189.557127210829 201.318176269531 159.268797169561 166.581062825521 0 190.897002000075 0 0 197.168759155273 186.411987304688 0 0 0 196.950401306152 186.006895277235 220.627697414822 209.798198699951 0 0 207.63648223877 0 231.678511483329 225.638207753499 198.606330871582 0 215.971776326497 217.739912553267 226.042142595564 203.035108566284 230.724193572998 211.382876925998 203.816543579102 160.171760559082 185.830827985491 165.926827748617 0 0 0 237.634613037109 0 210.72189113072 199.49303012424 173.486709594727 237.28150177002 229.91571299235 224.150566101074 222.729590023265 226.142894744873 229.570499420166 224.431945800781 150.885111200444 163.989917408336 176.656021118164 183.124633789062 226.58078918457 142.692005077998 204.946126302083 196.125356038411 228.307374954224 183.352432250977 215.076935768127 229.290920802525 236.878183364868 163.570269775391 123.30902384126 176.305035836356 201.769285314223 225.889559936523 0 190.975382486979
33.7745437611842 19.4421246745915 16.62969906326 10.1595211980967 21.2217319591582 17.5214060626589 68.4644176669237 63.1968921970677 98.495849609375 72.8573193359375 79.4852883310029 40.2536951353602 0 0 0 201.76135635376 0 0 0 0 106.183727392414 139.362540024977 0 189.750209263393 157.563868931362 0 0 152.845726013184 71.4431011728997 30.2334378382217 40.3453251404135 74.9045125787908 84.6002104149102 185.376480102539 0 0 208.967315673828 166.430062611898 0 0 94.9031969247405 170.909408569336 193.537981033325 0 213.533218383789 0 209.985412597656 200.228997802734 153.115543566252 215.220453898112 143.057391007741 169.401045622649 126.506343494762 109.008390382279 127.684527248806 108.979226505055 97.7329711914062 182.920083618164 221.495529174805 0 151.893798828125 180.174613259055 209.839210510254 219.146667480469 149.285614013672 239.614242553711 99.8321907179696 159.056503295898 190.991409301758 183.619454193115 179.807999420166 113.980139374733 166.282255172729 158.321327209473 166.117213162509 179.749880704013 147.032475153605 0 132.695938873291 164.684322357178 186.493767958421 186.705995559692 128.75923068114 110.575799248435 113.355729740688 115.358708823599 196.454661051432 189.306032068589 190.708832931519 186.049768066406 191.987271822416 156.077023212726 178.942723983373 180.348273235819 193.293332135236 126.90679099343 96.2391977663393 90.814467329728 142.616766929626 206.133900960286 171.570630965694 173.738450622559 170.568326094019 169.294831825025 168.990672302246 163.815158206041 160.097368876139 154.028293007299 165.748517549955 129.332264026006 153.594676116417 159.257653842502 0 0 0 0 0 0 0 0 0 162.130981445312 0 173.622222900391 182.069384256999 0 0 165.043838500977 0 0 205.357494354248 0 150.184893290202 157.152092566857 0 171.756586710612 0 0 193.434715270996 0 0 0 0 216.462944030762 198.785040283203 187.32438659668 235.303298950195 0 0 221.927276611328 241.797653198242 235.481910705566 232.272636413574 245.099807739258 0 216.234725952148 202.68688583374 225.768585205078 205.244735717773 222.256195068359 212.791732788086 220.813491821289 227.382659912109 0 161.795986175537 217.969863891602 194.868988037109 0 0 0 199.651341029576 0 236.222473144531 0 224.545402526855 0 219.009475708008 0 218.613269805908 0 146.079387926076 167.022181193034 170.385986328125 0 0 129.3712111253 191.022593180339 195.954948425293 225.286398993598 224.931427001953 218.809669494629 225.177749633789 240.4245262146 150.902097066243 119.176085022674 147.340335552509 181.115896606445 188.826202392578 231.767242431641 210.91374206543
48.0988844346938 34.103760735398 94.9904194367238 21.2217319591582 18.800591193267 33.3574928035753 58.2797036712998 89.6284776107125 88.6161863538954 99.8456744551659 87.9531831483583 53.7276099895334 0 120.814741134644 153.805261611938 136.702396011353 104.207717895508 122.784310840425 115.74766031901 94.2517776489258 103.376906917941 115.596818253801 137.823262532552 180.076811218262 143.324312097886 155.699864705404 164.491760253906 151.826960130171 54.5732187020591 35.1008130779375 21.2033639704488 36.2477933119318 60.2306720317227 94.2867711990599 114.400276184082 0 114.01495107015 93.8530415344238 138.526276724679 195.465599060059 88.9589022960478 124.203805923462 188.311407018591 221.776092529297 201.445301600865 139.26526295055 170.141361583363 168.284510082669 139.721034458705 171.142884996202 136.078155701419 164.19772121953 116.257542259639 96.1930576752279 122.842288227201 105.897916772863 46.3797546137463 99.2053713244061 114.160388599743 126.000436147054 128.252015547319 179.936079116095 175.820951538086 184.368317195347 151.078483581543 199.957672119141 88.4825578308105 145.119478225708 149.548967929865 181.042692331167 180.365842664564 70.9140805272223 76.9292583465576 111.426541137695 71.5704554071966 134.123362701718 92.4311572483608 0 77.7228682524239 173.68435886928 181.223726908366 159.819208780924 121.515157704988 101.912464737047 105.613112409852 104.213783701912 146.141249743375 185.532029215495 185.656601194351 172.567019144694 151.239721398605 143.589350599992 170.732952184844 176.107222557068 172.913835276728 28.9350201124369 82.6216430077186 74.2205586027345 119.141681244124 68.4911443359998 160.229873657227 196.253890991211 177.408448592476 176.77885055542 168.484619140625 172.691531441428 182.343734741211 181.930248260498 165.948377336775 138.734086429372 155.321027672809 166.306970654112 0 0 184.300285339355 0 0 170.818435668945 0 202.59642791748 214.097076416016 191.349060058594 0 163.357955932617 164.29874420166 243.267395019531 186.50080871582 0 0 0 183.470649719238 0 175.940523147583 146.277756100609 0 189.212860107422 0 169.85710144043 193.530014038086 183.200149536133 0 226.167083740234 171.319454193115 223.254608154297 187.794898986816 204.514541625977 0 0 187.881935119629 192.692228529188 163.195816040039 214.527140299479 218.935913085938 0 0 199.047439575195 210.012426757813 215.550834655762 219.064379882812 220.906698608398 206.555018107096 198.307769775391 145.144500732422 0 167.187229701451 0 204.833419799805 218.886001586914 0 0 190.168135325114 0 228.823944091797 181.614761352539 208.737205505371 184.221099853516 214.316263834635 243.414138793945 219.785043334961 230.75944519043 148.260298754718 162.567309329384 102.371192932129 183.333541870117 222.300361633301 137.002934010824 203.026245117188 205.861515045166 223.393630981445 182.915641784668 216.03249206543 222.780123392741 229.426849365234 161.216664632161 135.54748888369 183.379974365234 203.128356933594 167.347147623698 0 201.417961120605
48.0205250512737 37.7214047594713 28.3552401435444 17.5214060626589 33.3574928035753 17.6964037544268 71.8541921894015 59.1856062958206 77.1536551303551 49.9734522245264 50.1693254850679 26.9190131133462 0 0 0 170.965540568034 146.523495992025 125.318438938686 174.901206970215 0 109.772208936824 128.276991396534 193.731750488281 181.138325617864 155.180483649759 196.556037902832 202.258967081706 198.526596069336 70.3987241280385 50.6523464267285 52.0850081712772 23.011714228564 38.4544409122886 121.271980394636 108.288932800293 0 144.981287638346 130.37673081292 135.551612854004 173.928039550781 100.695154842128 166.137496185303 208.163913545154 0 192.47809753418 156.636102676392 203.174512863159 182.217746041038 151.739396039177 187.774360656738 155.388742179514 171.414901415507 132.247697172265 119.057652248806 134.090761088639 115.79950798164 97.7345664375707 97.1550643285116 158.345568847656 185.086853027344 141.316234043666 194.778583102756 194.233386448451 196.941558837891 158.612522888184 0 102.373020217532 185.536931991577 166.795386464972 191.960391609036 191.368968241924 66.1782612021453 76.6914540608724 141.893381118774 104.146491090791 149.496194301507 102.493673061502 240.823944091797 78.6248475986978 170.066491263253 193.289694729973 185.452819824219 132.734023464713 115.234262957717 114.56253543013 114.878399809899 177.48258008455 195.130388238457 195.667296675948 203.406665802002 164.362595694406 159.54239152028 182.049493729441 179.531661018493 185.060498962402 49.9951061280393 75.6836282730103 91.4742467818722 137.409377222476 166.422252655029 164.389067251471 174.045701679431 168.751784855932 167.434601586345 158.865654415554 162.497297044013 164.383450558311 156.509918995393 165.309415934472 128.65110886699 150.401381442421 160.801891340981 0 0 180.862869262695 242.978103637695 0 0 0 177.419845581055 190.537322998047 177.144297281901 171.295333862305 181.405097267844 184.277644764293 217.316040039062 0 0 0 0 178.787219577365 0 151.463966213927 158.31096723603 0 171.65006682452 0 0 178.359016418457 203.450583321708 0 0 0 200.089609146118 175.505791473389 221.441090901693 220.300476074219 0 0 199.129684448242 0 221.645880126953 227.678466796875 225.698428344727 0 223.336227416992 207.181842041016 203.243962605794 212.150263468424 228.222827911377 215.902151925223 192.333908081055 144.415298461914 184.353558349609 156.465205669403 211.633544921875 0 0 0 223.418197631836 202.166462085865 202.569341023763 166.263164520264 0 229.203277587891 173.096199035645 217.0945248074 234.272623697917 225.344953536987 208.201782226562 142.337680601131 146.521932428533 149.645248413086 204.991058349609 0 132.616208576021 209.225914001465 209.688098907471 225.04755460299 185.323104858398 213.802905742939 231.586547851562 228.381591796875 153.095249176025 116.838979055715 167.325826263428 190.785690872758 196.502694702148 205.423711140951 218.40608215332
28.6268050490659 69.1933353631071 55.1723868737372 68.4644176669237 58.2797036712998 71.8541921894015 19.7752975077899 24.1799942067151 26.5536551720812 38.1054614461773 55.4217016225597 68.4013121472598 99.5005950927734 110.583215077718 130.354527508771 110.187953581293 113.38296101888 123.064548068576 127.534158070882 117.999952952067 136.730903288897 145.978739830755 148.655631595188 153.03879292806 142.922698974609 142.00433807373 121.229222527866 106.529707378811 36.8012953334384 43.6996634860034 58.6933131791998 64.9665289673151 82.7219693887801 92.2833882961893 112.712925720215 105.570779800415 95.6724644045858 106.077203430881 116.439689405037 120.651470184326 119.811525577452 134.236270024226 163.91978597641 203.69157409668 165.003246307373 138.038070678711 132.806726728167 142.855472248062 148.334597178868 160.937045010653 119.455178283691 137.761763857812 86.1669431913883 74.9541126312094 96.3903425089518 117.53964644212 76.0589038421368 106.725133538246 96.9116129021896 82.6450680541992 134.182250618935 161.351642813334 139.611073202016 149.436482516202 116.965277099609 0 121.426344322436 110.962285810901 125.918772191949 160.383575439453 173.690000646255 68.9254947375226 115.422871849754 182.205819702148 81.0482261144814 138.770904915006 66.0469526344875 102.863609313965 87.2243817158234 143.691109657288 165.719260470558 162.711441040039 101.183013006088 114.220488189369 128.978196821542 130.211987389459 92.0670905480018 168.550181235037 181.269051029997 176.630346679688 152.504609548917 122.591157428289 148.854244740804 163.005259105137 164.244083281486 70.782339831863 37.7323943051425 29.1592342303349 148.478429521833 75.589612462718 173.989498485218 195.001232147217 182.145258585612 176.153828938802 188.19059753418 173.258720956198 213.140609741211 198.012805938721 179.217929077148 131.521852281359 174.298699465665 172.537974106638 0 172.96036529541 185.830752563477 214.629196166992 240.798370361328 198.666847229004 0 167.760696411133 193.782325744629 205.57861328125 0 176.804272460938 168.765584309896 0 0 210.881301879883 231.084533691406 191.333633422852 194.411071777344 212.662780761719 172.157699584961 182.550088500977 0 197.362247043186 166.785537719727 0 173.062126159668 199.973775227865 204.93202718099 207.987663269043 197.127813339233 244.828186035156 179.881945800781 215.519412994385 175.398347854614 0 183.049251556396 205.097258194633 0 228.227439880371 212.413932800293 0 0 191.936218261719 217.599582672119 167.972160339355 184.994163513184 0 161.222564697266 0 201.268035888672 230.445854187012 146.791549682617 178.388465881348 180.930531819661 202.089086914063 200.947021484375 154.929214477539 225.129734039307 0 139.899017333984 189.800933837891 218.738520812988 184.994183627042 216.921627807617 211.205114746094 212.017340298357 207.938702392578 158.849332564916 190.327715360201 0 0 193.412300109863 147.91755194413 186.184936523438 203.104868570964 209.386772664388 0 0 215.260424100436 216.714728219169 204.064682006836 143.032931934703 141.002807617188 191.903784179688 0 0 198.811767578125
23.412508431324 55.5722212133736 19.7793023342436 63.1968921970677 89.6284776107125 59.1856062958206 24.1799942067151 14.7031392501336 16.1915516855621 17.5207468708424 40.7439679310795 46.9038098327161 0 129.269058227539 181.492080688477 169.644353866577 0 202.818771362305 180.637741088867 0 119.90103503636 178.077294921875 158.192962646484 151.302124023438 183.922210693359 0 174.451863606771 164.829605102539 62.2085843512682 57.2863346313944 93.5874402258131 94.1500280820406 82.8896651432432 131.220167160034 116.761054992676 0 134.437149047852 139.121047280051 174.193946838379 0 99.1215773657929 144.091227940151 197.472702026367 0 192.826666695731 0 208.331588745117 182.480318546295 142.791616167341 182.125527699788 135.836949367149 157.718148378718 110.096181052072 97.7611217830492 117.366427049105 104.082812183308 113.8218863351 148.445429120745 125.056255340576 122.517105102539 176.604788208008 189.786653442383 194.422510782878 0 180.069806185636 0 113.224366082086 151.836980183919 175.241702686657 177.717482525369 177.501113242291 43.264917595519 147.727020263672 222.68208694458 148.660140275955 192.615058051215 43.448595412234 0 136.531601539025 148.966484917535 179.756379081107 167.799401855469 120.448952746035 119.950793950245 117.470056248462 140.959397536058 149.781562805176 185.72710192645 188.835987733991 187.645067655123 187.235801188151 138.505876238753 167.214457434577 171.214687181556 177.033055160985 113.836332732556 64.5480973585597 47.0486144164188 194.350186157227 132.606246100532 166.432684326172 165.225985717773 166.482448871319 179.57799391313 194.215276082357 160.641297036029 172.660110473633 166.915546417236 166.838405064174 129.990400314331 161.599311828613 165.859172541921 0 0 0 0 0 0 0 0 227.871719360352 0 0 180.330703735352 227.699951171875 0 0 0 0 0 216.746765136719 0 154.259216308594 155.135780334473 0 184.383773803711 0 0 200.998123168945 158.470794677734 0 0 147.170745849609 0 231.406028747559 0 165.382415771484 0 0 228.609212239583 0 215.637756347656 216.617563883464 223.206024169922 0 223.397537231445 198.838441467285 195.93489074707 200.153814315796 217.044476595792 0 0 0 0 158.308639526367 0 0 235.793640136719 0 0 0 0 146.578201293945 0 220.1003074646 229.970692952474 208.107150268555 0 229.464019775391 0 165.155840555827 177.240280151367 135.57341003418 0 218.116333007812 147.77286529541 202.546169281006 185.721189710829 224.3568797392 209.152862548828 0 227.734750921076 224.767477852958 183.41178894043 131.069640265571 177.297637939453 195.520970662435 196.445556640625 0 0
86.6082891381305 106.159481896294 75.2672445259842 98.495849609375 88.6161863538954 77.1536551303551 26.5536551720812 16.1915516855621 8.24022090952729 18.0620963214085 48.8160774625581 65.3760695636575 96.5401142665318 0 0 172.143493652344 0 96.7138595581055 121.806615556989 0 111.13437721946 114.117946624756 73.2829818725586 117.335024515788 148.693683624268 0 174.814346313477 130.328109741211 76.3898595174154 104.903479632209 98.8670479910714 67.3966090611049 73.5855307690675 100.328576660156 0 0 155.242828369141 114.938473171658 0 0 127.811587333679 188.287887573242 162.667584737142 133.156054905483 92.753528696696 98.3403961181641 187.819808959961 147.958209991455 151.204780578613 119.211766011006 152.187396173892 160.385020396749 84.4967888632974 98.1673003748843 89.8035559220748 0 140.438076019287 131.227172851562 0 0 170.573596954346 158.158257117638 189.979232788086 143.72395324707 0 98.3934705397662 165.464609146118 170.499176025391 150.681012834821 182.217872619629 186.740139770508 58.7338431391936 80.2152975550238 63.4815476590937 119.978010324331 145.587059020996 45.4193518593522 71.0839209002118 67.6098862523618 142.160202739395 172.306842803955 131.892726526028 120.343496704102 130.845201764788 130.261569283225 151.364705403646 0 147.416557336232 148.799161737615 137.258639064404 123.200434437505 150.596210826527 176.180969238281 170.956111907959 177.356729360727 95.4267357417515 22.9452385985741 27.1108986036045 105.23673248291 157.708038330078 163.052829742432 174.182295227051 175.242954508464 178.495121002197 145.331563313802 181.693670419546 0 176.221405029297 172.40625 164.79985332489 169.196943664551 170.430039905366 129.615516662598 0 157.822677612305 0 117.483329772949 0 0 161.983421325684 129.749003092448 129.778900146484 130.323837280273 174.448066711426 184.144999186198 0 0 0 0 0 213.162322998047 0 162.826417287191 145.800187004937 0 146.091873168945 0 0 118.70692952474 151.105090459188 0 135.500610351562 0 0 143.825189590454 218.136795043945 0 0 105.181488037109 192.721824645996 0 204.728708902995 181.834915161133 0 0 142.61328125 211.723244803292 212.070739746094 195.339891706194 216.468432108561 0 0 0 0 143.26353708903 0 0 171.164398193359 158.345397949219 109.865547180176 218.173619588216 0 136.491485595703 0 172.394458007812 189.775567626953 204.655487060547 247.736801147461 180.878075493707 215.347396850586 148.943374858183 124.579320734197 49.5998001098633 140.339813232422 174.041168212891 126.128282674154 0 182.811547415597 224.828787667411 0 197.057637532552 194.457489013672 243.41569519043 141.546508789062 127.067654079861 159.89409383138 175.95002746582 0 162.107482910156 237.763366699219
44.0875473740983 98.2086256778601 25.6859594018836 72.8573193359375 99.8456744551659 49.9734522245264 38.1054614461773 17.5207468708424 18.0620963214085 11.8007869100077 17.7093833621805 25.5205389246723 0 225.831314086914 138.989883422852 167.154090881348 135.205917358398 175.354365030924 0 134.100204467773 116.621624394467 180.167144775391 192.933308919271 200.054006958008 185.05696105957 181.040390014648 185.214508056641 161.26085357666 77.8297215544659 85.8605051542583 107.540188333263 79.357225501019 57.5909877114453 137.959444363912 213.418891906738 0 137.884519195557 168.41407251358 156.666002061632 218.805923461914 99.0499150297788 135.671445210775 195.253206041124 234.687835693359 199.46072769165 162.861968994141 179.831161499023 183.524246692657 140.8810259191 173.931082831489 134.231339103297 159.091506493134 108.585759908008 96.3160253671499 114.711378321928 110.143919154576 154.662078857422 152.186641148158 148.324504852295 103.51976776123 170.774912516276 196.823680754631 189.276732071586 227.136032104492 162.162445068359 187.808288574219 133.83876739502 179.166488647461 177.304405326274 175.279761621508 182.30966597337 24.8405093788541 136.445939540863 170.455671582903 119.353293135359 180.382593491498 20.6749947565358 232.586140950521 90.5495866934458 153.763049125671 181.464269840971 167.178867340088 119.96608262993 118.335508187612 122.053661668804 141.767811943503 162.020880959251 185.25261446961 186.834335763114 192.383826255798 190.574156136348 141.116523811203 164.811134910583 176.35811799148 177.279979960124 119.677019944831 15.3086236377224 43.5948084583433 174.125713348389 136.775451660156 155.95653812469 154.489354775169 143.936031396838 146.147506061782 147.866476603917 142.807801124377 137.915157794952 128.636145620635 139.385627881218 102.943559469636 128.760227445277 143.058344738491 229.61181640625 119.748516082764 0 0 0 0 0 0 152.405258178711 156.535532633464 0 159.283981323242 188.520534515381 0 0 0 0 0 163.956380208333 0 138.173656688017 147.60630645752 0 146.200617276705 0 0 167.84218343099 184.058662414551 0 182.976463317871 0 230.428410847982 163.52347056071 203.636070251465 185.770774841309 0 0 206.184224446615 176.50617980957 218.634292602539 220.884216308594 230.756385803223 0 231.207702636719 194.301979064941 181.405426025391 200.801745096842 222.655018733098 194.188563028971 215.950981140137 187.533081054688 147.220167160034 138.565036228725 0 210.603958129883 243.627395629883 202.301910400391 192.470642089844 197.126421414889 176.72696685791 154.530194600423 0 218.614267985026 224.324890136719 210.889840698242 210.668724060059 227.341125488281 236.24967956543 126.456591960019 155.709779866536 0 222.49983215332 217.228825887044 127.075567932129 195.414757361779 192.216957092285 213.028043893667 206.958999633789 0 221.844717407227 224.937029157366 0 100.564347564197 137.5256894868 184.085388183594 197.730827331543 0 215.889465332031
82.1311580263335 94.1118055231431 58.8708458970233 79.4852883310029 87.9531831483583 50.1693254850679 55.4217016225597 40.7439679310795 48.8160774625581 17.7093833621805 8.45026669610152 21.1336127111989 0 163.020812988281 174.151847839355 183.573516845703 155.729110717773 170.426406860352 0 0 118.28494880313 154.617834726969 185.549530029297 174.526962280273 199.724716186523 0 0 196.648401896159 93.6116176605225 82.5525280566926 123.847995758057 69.8271119347934 32.5514012179353 144.036350250244 0 0 145.167205810547 140.518577575684 176.641914367676 0 99.963778080831 132.969242095947 211.486150105794 0 198.136894226074 131.993878682454 215.149719238281 195.026570638021 143.424201329549 196.328439331055 149.902501424154 172.089295512498 124.261556549072 111.375911137829 127.962087978016 123.688958418997 184.729354858398 62.3002751668294 139.796859741211 134.426528930664 205.06188659668 193.214694976807 199.850685119629 0 166.582847595215 171.460292816162 110.656347002302 159.234176635742 195.100157737732 187.412576293945 190.514342171805 17.3761589647768 99.1496629714966 67.5338505336216 148.758530934652 196.853681291853 12.0949501329055 0 49.7691646842069 169.687964303153 191.261229981767 187.161363601685 128.962956355168 126.713854925973 119.29028858858 117.585468837193 196.863952636719 190.171128749847 200.554165544181 205.023006439209 198.816719055176 148.94062713623 177.146260240343 186.715822007921 180.897673288981 106.100329912626 21.3514229458239 66.1621014811488 111.311889648438 133.582487106323 157.745594743369 159.412590373646 149.226137682996 148.940063078507 155.075048292005 145.475180343628 148.486311010412 144.243278285435 145.395429284533 110.262374535385 134.374417935388 142.239012094562 0 0 0 0 0 0 0 166.903396606445 174.257469177246 172.032234191895 0 168.454347610474 169.896709442139 0 125.151153564453 0 233.027114868164 0 176.11450472745 0 129.505776062012 138.941175512365 0 147.370276711204 0 0 148.718002319336 169.842070261637 0 0 0 168.314262390137 154.263809204102 194.682545979818 195.250259399414 0 0 188.586364746094 0 221.063095092773 198.692474365234 0 0 0 199.429824829102 198.4109375 190.141540527344 226.643123081752 212.40648651123 156.065544128418 230.310470581055 180.708305358887 130.596555074056 0 236.457824707031 0 0 110.710464477539 208.574408791282 165.463146972656 0 0 226.578552246094 240.344696044922 227.739947001139 224.920196533203 224.613700866699 238.361923217773 122.882486781001 128.267244611468 0 176.610107421875 234.367828369141 115.016275636442 178.050354003906 208.382797241211 227.192757742746 160.13695526123 193.316608973912 233.856819152832 236.86589050293 153.036723136902 97.9346081947303 157.167746067047 170.456814852628 167.210876464844 0 197.967663574219
58.487287545139 68.9506011022139 35.3157448365547 40.2536951353602 53.7276099895334 26.9190131133462 68.4013121472598 46.9038098327161 65.3760695636575 25.5205389246723 21.1336127111989 16.642152096225 0 213.664390563965 194.197257995605 201.259167671204 191.097511291504 204.41939163208 194.986320495605 145.038146972656 117.851116442749 139.237579519098 172.972662607829 181.894584206974 159.761380876814 198.918640136719 199.748608398438 184.859028407506 90.772203649542 67.9386496370744 87.2910736347067 56.6741240121122 28.775068521907 158.325457052751 199.872970581055 0 176.16413752238 187.073959350586 180.983554840088 202.956283569336 108.120906106982 155.319217046102 202.952954744038 176.857654571533 210.126075744629 208.566345214844 192.518156687419 195.317727596202 157.243334476079 205.56683214973 156.312049825033 179.98531982596 136.214304900169 123.216363948738 141.075808821053 127.403567008784 151.296647934687 143.151560902596 197.12329864502 172.325266520182 183.000223599947 205.136381694249 204.402908325195 183.290117899577 193.619929722377 201.799092610677 112.422292520072 184.814217200646 188.111683238636 192.592630805699 195.837653342258 37.3883335260109 86.1888548987252 129.289680904812 140.721140652611 191.213879857745 26.8820922660464 243.706110636393 81.2963263042812 173.350567939954 197.413519259801 190.293442862374 140.063852800397 122.637687623963 122.698707155369 124.699132657898 176.026267051697 204.60803526765 202.987820761544 204.813037448459 200.444370596749 158.7882822302 185.920677960929 189.744239971792 195.908177930255 92.3064437752339 53.8316081911325 87.6398033112331 151.054017384847 168.590358257294 169.988320607988 170.48533914857 168.003278760487 166.822822913571 171.433065037818 163.691012675346 159.966413397538 159.200789416278 164.69627058859 126.46379326183 151.573098132075 159.1268315912 0 0 166.118110656738 0 0 0 0 196.399837493896 166.531328837077 205.942294781025 206.675575256348 193.711301167806 186.635282628676 143.694976806641 0 0 0 171.946647644043 190.196071345632 203.798162841797 153.320954202235 158.711881510417 210.683059692383 170.104579032736 0 0 172.170329700817 185.549117144416 0 220.323165893555 180.538581848145 196.82941644842 186.504959895693 201.448184967041 0 0 168.422256469727 205.497016543434 0 236.52453831264 232.917124430339 211.841050720215 0 205.872619628906 210.487339849057 224.23467036656 216.243171691895 231.23181960162 213.424896949945 213.618359520322 172.92575118121 189.470888264974 163.027821596931 0 0 165.44384765625 230.287460327148 211.841827392578 202.105328448407 195.567498779297 170.632615661621 232.278686523438 230.895614624023 0 230.183036804199 227.061547173394 217.600880214146 240.207450866699 143.109067498046 150.148847262065 174.148680114746 197.764572143555 0 131.181311717076 216.645602057962 209.372821384006 233.594913189228 209.814089457194 208.718010751825 235.199555460612 242.631458282471 159.23690478007 117.031438544551 166.54141306473 193.146710411977 192.224696072665 181.870956420898 190.40302327474
0 0 0 0 0 0 99.5005950927734 0 96.5401142665318 0 0 0 15.8670303283567 0 87.5944499969482 143.99513053894 50.2666915893555 38.3152443730101 31.1312013797347 56.995451885721 0 173.012130737305 0 158.656314849854 0 0 232.721267700195 74.123587290446 0 157.99348449707 0 0 78.3079058329264 131.930425643921 0 0 0 63.1499430338542 176.064796447754 179.878955841064 134.701234817505 71.8134307861328 155.7340965271 34.1524620034815 20.8513375405363 20.6423974243342 148.541870117188 108.948960113525 90.8506978352865 49.6842120107776 100.436737060547 105.541492237764 170.550971984863 0 185.449356079102 115.178581237793 0 224.207885742188 0 0 164.452476501465 103.879675292969 107.646418889364 171.22193145752 125.326107025146 47.0225942658215 0 0 127.538315327962 171.673835754395 103.385799407959 89.7945126124791 73.2068043152491 38.9286331921089 141.029499053955 127.008397615873 74.4782263939841 27.546047976613 72.4439138013263 88.4529690949813 113.037065294054 70.5647690871666 0 197.68115234375 172.931304931641 0 0 94.7035146302815 93.8395939932929 61.3474341329819 64.7795016948993 133.618659973145 108.691131591797 125.825093078613 110.757414681571 0 84.1297179630825 107.879102071126 0 0 224.967391967773 161.009399414062 0 0 0 0 0 218.069244384766 0 0 0 158.05290222168 144.897277832031 102.468794080946 79.3445287288236 124.230150858561 132.548969268799 105.134791505103 101.101943969727 99.3683717813923 110.540377044678 98.2689860294726 121.527782440186 155.880218505859 0 0 0 108.064156426324 126.191637039185 113.873996857674 186.77609761556 0 0 161.166084289551 0 178.49017906189 135.60905456543 0 127.061006399301 169.843305206299 98.6380435180664 140.756677246094 103.539585605744 146.567497253418 160.58052444458 140.992367015165 91.1139122291847 67.6620705548455 109.023087372651 97.3211002438021 173.758209228516 164.318063354492 133.815795898438 0 0 139.470586140951 158.18879699707 0 168.355321248372 153.966217041016 230.056304931641 212.70090230306 0 220.73991394043 0 168.819793701172 103.135775793166 122.456662033543 139.180221557617 50.8798940749395 198.173736572266 194.729415893555 177.276489257812 193.451721191406 138.504001617432 106.450461460994 184.11003112793 202.38020324707 113.436965440449 110.860687842736 171.571914672852 119.031817844936 43.8528005538448 0 111.804965209961 129.531854482797 0 91.658434677124 162.78873647054 216.298126220703 0 135.17057800293 138.128389630999 159.426879882812 0 169.374588012695 207.619888305664 0 0 206.030151367188
128.931970868792 0 0 0 120.814741134644 0 110.583215077718 129.269058227539 0 225.831314086914 163.020812988281 213.664390563965 0 16.6288102648726 22.9782961451219 50.9692863914537 30.6868235667172 61.2076230566569 90.907912399292 38.0285341369915 89.9776512397515 84.1043453050696 65.2386121605818 65.4273477325628 109.636872031472 53.8469334012168 52.7778066754575 51.9000462216731 116.477089280349 139.52844619751 113.223106731068 0 61.667991065979 61.52450238477 28.6615859952867 19.9652854903133 15.9656224327267 92.0050776890346 65.4030778195377 43.9747602832374 74.498242902964 82.8413075038365 83.0004538911762 99.5502815246582 0 142.994816462199 72.4688298842486 95.929615020752 106.500005307405 125.21923828125 171.789222717285 209.309575398763 162.404430207752 142.784009979992 155.473543802897 209.81103515625 111.678358849059 66.789486536904 34.1057057625893 38.1040548810772 88.1148183068564 127.562877400716 82.8669006347656 66.818467817342 65.1570135628305 0 132.795134256052 70.7561074731879 74.1008111231426 164.053919474284 159.814485549927 205.227096557617 150.690505981445 75.0808136349633 92.9185750325521 93.8319816589355 103.222129821777 0 145.796560014997 228.920364379883 187.127243041992 182.82568359375 160.698707103729 147.450868606567 137.095510482788 138.455464980182 101.898811564726 175.40520804269 191.612072753906 225.27392578125 148.365498352051 129.272362018454 174.437580108643 144.603918711344 102.675090026855 137.908702087402 231.331817626953 120.157335134653 127.535586547852 100.664490699768 198.556701660156 0 225.620742797852 190.734313964844 174.85417175293 175.792297363281 0 145.554946899414 0 0 0 182.652732849121 131.111982614023 123.860205563632 131.717177981422 125.164951512071 129.643862598347 126.364883938351 131.313020248413 138.913481099265 129.172215515499 132.108746821149 130.473283835018 136.458646501814 138.886549666121 141.311527797154 121.741824440334 148.680689811707 129.117434501648 138.028713025545 188.605880737305 202.655975341797 131.505020141602 147.038221359253 137.716004507882 146.14206460806 132.595048132022 149.644115447998 127.78405295478 131.856390016269 158.32074033297 130.916437916273 159.939440727234 0 151.331993526883 168.075422588148 133.139836120605 118.341125488281 111.381978988647 151.316002066144 136.977466214088 193.115840911865 198.141596476237 0 156.593078613281 172.357952880859 218.821563720703 0 0 0 227.940490722656 196.273941040039 0 182.440139770508 161.950622558594 131.313992570086 148.778513590495 170.496640014648 152.639045715332 111.234588623047 180.842147827148 179.985961914062 169.489988054548 135.553714425223 178.297592163086 165.553877088759 0 0 159.550147851308 153.607076644897 148.576323075728 126.797009187586 99.4888881336559 140.978907775879 0 120.45790278658 0 0 227.493408203125 163.660623168945 167.293182373047 193.970245361328 204.078117370605 206.704788208008 112.196220397949 200.950317382812 163.710696411133 126.155118306478 144.724644978841 139.326263427734
