28871 9350 14198 6267 3326 5957 8738 6431 291 2036 240 1707 2 25 15 3 20 7 9 11 59 29 7 5 34 0 7 3 6482 9228 1380 451 459 106 5 1 16 88 9 10 1097 2 23 5 3 2 20 6 26 0 163 279 1104 2093 315 332 97 38 4 3 9 3 13 13 4 0 734 17 20 22 4 224 124 16 110 7 32 2 13 14 67 4 1849 1763 893 508 31 21 6 2 13 414 142 15 13 379 280 4053 98 50 43 8 153 212 7 453 3 14 42 35 164 198 0 0 1 0 4 0 4 0 6 0 0 2 2 1 3 0 0 0 11 2 94 45 3 11 0 0 21 8 1 3 0 12 21 0 0 1 2 1 2 1 0 1 0 2 3 7 3 3 12 8 0 4 8 0 1 1 0 1 39 5 3 1 0 1 1 0 1 1 192 17 9 1 1 56 2 1 1 3 16 0 1 12 64 4 13 4 0 3
9350 9019 2566 6271 4410 4131 154 78 21 110 43 720 1 2 2 2 8 2 2 3 33 6 1 0 15 1 1 1 502 1654 982 128 94 32 0 1 3 17 2 0 719 1 8 2 1 1 7 5 3 1 47 54 100 275 43 128 71 7 0 0 3 1 0 2 2 1 320 10 10 4 0 105 31 13 22 2 43 0 11 1 19 3 328 547 411 486 17 1 1 3 1 119 25 3 2 110 370 223 106 13 66 6 264 342 19 698 10 14 62 61 287 341 0 0 0 1 0 0 0 0 2 0 0 4 3 1 0 0 0 0 8 2 135 88 0 7 0 0 10 5 0 1 0 6 24 0 0 0 0 0 1 0 0 4 0 0 5 2 1 1 11 8 3 4 2 0 0 0 0 0 51 5 6 0 0 0 0 0 0 0 223 9 6 0 0 66 0 2 4 3 30 1 1 10 85 6 20 4 0 1
14198 2566 24387 2172 227 4407 313 4063 272 5535 803 19053 1 6 6 0 3 1 2 2 43 13 5 3 15 1 5 7 750 329 113 51 112 20 1 0 2 21 4 5 928 2 7 5 6 0 19 1 16 2 138 168 308 648 134 240 73 10 3 1 4 2 3 5 0 0 572 21 10 9 3 260 31 21 39 6 116 3 15 10 46 3 871 1043 721 546 34 15 6 5 4 281 77 7 9 75 986 565 117 42 143 13 524 599 14 1278 12 22 137 107 482 649 0 1 0 0 2 0 0 0 3 1 4 8 7 0 0 1 0 0 22 0 256 146 3 19 0 0 13 16 1 5 1 16 40 0 1 1 2 0 3 0 1 4 0 1 9 5 4 1 26 8 0 2 15 0 0 0 0 0 61 12 12 0 0 2 6 0 3 0 399 19 23 1 1 160 1 1 2 5 40 0 2 35 196 15 25 9 0 0
6267 6271 2172 16042 4595 8499 23 11 35 119 43 3497 0 6 4 1 7 0 0 1 50 13 0 2 15 1 2 1 88 2646 462 130 130 18 0 1 5 27 2 1 381 1 6 2 1 0 8 1 3 0 20 19 26 56 11 55 47 6 2 0 1 2 0 1 1 0 112 5 12 2 2 156 17 9 20 0 43 1 7 1 5 1 112 214 256 337 10 3 2 1 2 42 6 1 2 100 405 46 107 11 62 14 230 268 11 607 10 14 49 58 258 319 1 0 0 0 0 0 1 0 2 0 2 3 6 1 0 0 0 0 7 0 140 82 2 11 0 0 4 3 0 2 0 5 21 0 1 0 2 0 0 2 0 4 0 0 5 6 0 1 14 2 1 4 10 0 1 0 0 0 32 7 5 0 0 0 1 1 2 0 248 16 7 0 0 79 0 0 1 10 20 0 0 17 85 7 16 3 0 2
3326 4410 227 4595 12159 8983 501 83 7 68 132 2476 1 30 26 5 21 12 9 18 75 21 8 3 25 0 5 16 1185 7688 6826 1260 785 223 4 1 29 126 31 1 367 8 14 4 1 4 9 7 4 0 26 31 142 352 23 78 443 63 1 4 9 2 15 3 8 0 211 9 43 6 6 394 174 8 113 4 11 0 7 2 7 1 235 307 269 357 10 5 2 0 10 59 16 4 11 1488 101 681 117 19 3 0 17 12 2 40 0 1 8 2 19 33 0 0 2 0 1 0 2 0 3 0 1 1 2 0 0 0 0 0 0 0 33 18 2 5 0 1 15 2 0 0 0 1 12 0 1 0 3 3 1 1 0 1 0 1 2 1 0 0 6 1 0 0 5 0 0 0 0 0 7 1 3 0 0 3 0 0 3 0 51 15 3 0 0 21 0 1 0 1 8 0 1 4 8 1 0 0 0 0
5957 4131 4407 8499 8983 14146 181 78 72 774 378 17812 2 39 39 7 50 18 17 16 213 74 6 11 49 1 9 9 328 2782 1180 5611 2505 241 0 1 19 189 36 6 799 5 17 9 2 7 17 7 7 0 27 38 67 142 24 136 125 63 5 2 7 4 17 8 11 1 242 15 61 6 5 1153 326 34 115 11 64 2 28 1 12 1 233 414 649 743 15 4 4 2 6 113 30 4 7 962 969 229 229 15 87 16 308 398 21 895 5 7 86 69 398 507 0 0 1 0 8 0 2 4 12 5 4 8 7 0 1 0 0 0 23 1 292 216 1 34 0 0 19 10 1 2 0 18 58 0 6 0 6 5 1 0 0 7 0 1 8 7 4 5 25 11 3 5 24 2 2 2 1 0 109 18 9 0 0 5 5 0 7 0 492 36 14 1 0 177 1 0 0 8 42 0 1 38 154 12 30 11 0 2
8738 154 313 23 501 181 9813 8706 952 3064 530 379 1 3 7 1 4 3 1 0 13 6 5 1 3 0 1 2 1910 593 281 128 140 32 0 1 4 18 5 0 76 1 5 2 1 1 5 1 3 2 24 48 757 769 152 37 19 5 0 0 0 2 2 2 3 0 42 4 6 6 3 107 26 6 18 0 28 0 4 0 7 3 443 161 74 41 5 8 0 5 3 47 21 2 1 106 255 5445 25 6 2 0 4 6 0 13 0 0 0 1 6 8 0 0 0 1 0 0 0 0 2 1 0 3 3 1 1 0 0 0 0 0 17 9 0 1 0 0 5 3 0 0 0 0 0 0 0 0 0 1 0 1 0 0 0 0 2 1 0 1 1 0 0 0 2 0 0 0 0 0 4 0 1 0 0 0 0 0 0 0 10 4 3 0 0 9 0 1 1 0 0 0 0 1 2 1 1 0 0 1
6431 78 4063 11 83 78 8706 17358 2202 22063 1639 1029 0 2 1 0 2 2 0 0 12 4 2 1 4 0 1 0 688 109 52 30 36 11 2 0 0 10 0 2 194 1 2 0 0 2 5 0 9 0 56 87 674 741 139 102 17 4 2 0 0 0 2 2 0 3 146 10 2 5 0 157 14 3 18 2 28 1 6 4 19 1 767 484 174 28 8 4 1 1 0 114 51 6 2 23 191 2684 16 15 7 2 35 33 2 61 0 2 8 4 24 26 0 0 0 0 0 1 0 0 1 0 1 0 0 0 1 0 0 0 0 0 12 3 0 0 0 0 5 1 0 1 0 2 3 0 1 0 2 0 0 0 0 0 0 0 3 1 1 2 2 0 0 1 0 0 0 0 0 0 1 2 1 0 0 0 1 0 0 0 16 5 4 0 0 8 0 0 2 0 1 0 0 2 7 1 2 0 0 0
291 21 272 35 7 72 952 2202 1044 3132 241 292 52 0 1 0 2 4 10 1 35 10 3 3 9 0 0 0 15 12 6 14 62 0 0 0 0 5 0 0 23 0 7 7 61 35 2 2 2 42 4 25 142 37 12 9 17 0 0 0 2 6 4 0 1 5 13 2 3 1 3 239 11 64 6 2 606 16 64 23 19 56 33 27 51 24 1 43 12 14 17 9 2 0 3 7 2691 1765 18 3 1 0 5 4 0 2 0 0 0 0 5 9 0 0 3 1 0 1 0 2 2 4 1 0 0 0 0 0 0 0 1 0 5 5 1 0 1 0 3 0 2 0 1 2 2 0 0 0 1 3 0 0 1 0 0 0 2 0 0 2 0 1 0 0 1 0 1 0 0 1 1 0 0 0 2 7 0 0 11 0 15 1 0 0 1 9 0 1 3 0 0 3 0 1 3 0 2 0 0 0
2036 110 5535 119 68 774 3064 22063 3132 25921 13430 25990 8 0 1 0 2 3 2 1 28 11 3 3 5 0 0 0 168 74 41 79 251 13 0 0 5 12 3 2 137 0 1 4 7 4 1 0 1 7 44 50 523 455 90 45 9 3 0 0 0 1 3 1 2 2 64 0 1 5 0 1775 26 17 10 2 240 4 21 2 18 6 441 240 114 44 5 9 3 5 4 65 27 1 1 22 3210 2923 25 8 44 6 179 232 6 447 4 8 40 43 187 220 0 0 1 0 2 0 0 1 1 1 1 5 3 1 0 0 0 0 5 0 91 45 0 9 0 0 14 2 0 1 0 5 20 0 2 0 0 2 0 1 0 1 0 0 4 3 2 1 6 4 0 1 4 0 2 0 1 0 28 2 3 0 0 1 0 0 1 0 158 11 9 0 0 54 2 1 1 8 12 1 1 11 54 7 12 2 2 2
240 43 803 43 132 378 530 1639 241 13430 7092 7092 0 1 1 0 1 1 1 1 26 10 3 0 3 0 1 1 38 64 47 63 153 8 0 1 2 10 2 0 83 3 1 1 2 1 1 1 1 2 7 14 84 97 22 14 14 2 0 0 0 0 1 1 2 0 29 2 2 0 0 5414 14 12 8 1 75 1 114 2 0 0 94 76 52 38 1 2 1 0 1 16 10 0 1 37 1169 364 19 2 29 5 122 168 11 341 1 9 21 33 151 162 0 0 0 0 0 0 0 0 2 1 0 1 2 0 0 0 0 0 5 0 70 48 1 10 0 0 4 2 1 1 0 6 10 1 1 0 0 1 0 0 0 2 0 0 3 2 1 0 14 6 0 3 5 0 1 0 1 0 26 5 0 0 0 0 1 0 0 0 153 4 11 1 0 48 0 1 0 1 12 0 1 16 49 9 9 2 0 0
1707 720 19053 3497 2476 17812 379 1029 292 25990 7092 24228 7 21 28 2 30 6 15 13 228 100 12 1 54 2 9 11 308 979 618 1033 2805 139 0 1 10 158 31 10 813 2 8 12 11 12 18 6 5 7 17 26 101 147 30 107 110 44 3 3 8 2 12 9 4 0 261 7 45 9 3 3423 275 70 85 9 218 8 51 1 13 4 245 367 562 604 15 8 2 4 10 74 17 5 12 473 3512 501 196 11 160 30 582 785 32 1776 13 21 147 145 762 948 1 0 0 1 5 0 3 4 12 3 3 23 27 2 5 0 0 0 35 5 516 335 3 60 0 3 49 9 2 6 1 25 104 2 6 1 3 8 2 0 1 6 0 1 13 13 4 7 54 31 5 16 36 3 2 0 0 1 149 23 14 1 1 0 9 0 8 0 907 79 42 0 1 302 2 1 5 16 78 1 2 75 283 24 49 19 0 6
2 1 1 0 1 2 1 0 52 8 0 7 2676 1 3 23 32 766 2214 50 3 3 2 7 0 0 12 10 2 3 0 0 57 2 2 0 8 209 12 2 13 8 31 6768 2687 1731 5 4 1 130 0 6 6 2 1 1 3 0 2 0 22 11 16 14 11 1206 1 2 17 2 8 614 496 919 1 8 1491 268 1303 7 17 21 3 1 0 2 4 56 26 73 99 3 1 3 13 5 382 30 4 0 1 1 4 1 1 7 0 0 0 0 1 4 0 37 312 1 9 44 2 434 34 572 21 0 0 1 0 0 0 23 12 7 3 4 2 8 2 3 26 18 90 2 60 2 2 14 49 111 26 1246 5 4 6 2 0 3 0 1 6 2 1 0 0 1 2 3 126 17 4 157 5 4 9 5 11 120 1 3 250 6 7 7 136 4 16 11 5 6 10 1 3 12 0 0 1 0 1 0 6 0
25 2 6 6 30 39 3 2 0 0 1 21 1 5410 6734 2021 1104 537 161 314 30 55 324 232 41 27 2713 1966 529 354 195 9 26 819 6959 5979 1103 49 481 1309 639 99 158 21 8 33 489 11 17 3 3 6 32 136 9 7 671 786 1730 2356 82 7 171 381 327 2 192 1144 353 19 4 5 14 15 1832 27 3 0 5 0 6 2 40 90 26 29 395 4 15 10 63 42 7 7 75 161 2 22 34 92 0 0 0 0 0 1 0 0 0 0 0 1 36 40 28 73 29 80 57 93 161 439 244 10 8 8 7 2 5 36 0 2 1 0 4 11 13 17 30 46 13 42 16 0 7 2 4 5 59 37 5 2 0 0 0 0 0 0 0 1 1 0 0 0 3 13 9 9 0 3 1 0 2 3 1 7 0 0 16 1 6 28 16 0 1 16 0 6 3 1 1 4 4 0 1 0 4 2 0 1
15 2 6 4 26 39 7 1 1 1 1 28 3 6734 14954 12937 990 2816 256 1051 87 110 682 562 78 84 2586 4949 498 352 164 11 33 545 2682 779 112 56 1138 1472 1393 279 291 24 11 53 439 25 46 8 4 4 31 142 5 9 590 551 1031 911 87 25 213 371 499 1 139 773 798 19 12 9 22 17 1382 47 7 1 4 1 16 1 36 85 28 49 249 13 40 15 137 94 11 22 136 178 4 26 61 82 0 0 2 2 1 1 0 1 0 0 0 3 49 55 36 124 56 91 72 130 307 455 301 17 23 15 17 6 10 39 2 1 4 3 7 11 34 23 59 118 35 101 27 2 26 14 3 11 133 80 18 5 4 0 1 3 0 1 0 0 0 0 0 0 0 35 6 14 3 4 10 7 1 3 4 24 0 1 22 2 4 35 23 1 4 43 0 3 5 2 3 3 2 0 3 2 5 7 1 4
3 2 0 1 5 7 1 0 0 0 0 2 23 2021 12937 17145 182 6179 1842 641 27 51 539 876 48 46 3596 7471 76 41 29 3 74 128 623 38 358 195 1262 695 1139 392 365 46 7 42 90 20 42 5 2 2 6 11 1 4 89 73 74 139 108 13 62 351 97 4 36 83 417 9 7 5 7 19 193 32 2 5 2 0 12 2 11 17 13 26 34 20 24 13 69 86 11 11 78 29 1 7 36 11 0 0 0 0 0 0 0 2 0 0 2 0 115 403 274 167 26 213 25 523 205 1381 128 5 8 4 3 16 16 389 6 8 6 1 7 19 28 25 40 40 438 66 247 0 14 23 27 104 175 338 16 7 3 2 1 8 3 2 1 5 0 3 0 1 5 18 31 48 22 19 9 9 4 5 9 52 2 4 46 3 12 15 41 6 3 24 2 6 19 4 6 11 9 3 5 0 3 3 1 2
20 8 3 7 21 50 4 2 2 2 1 30 32 1104 990 182 945 344 668 1558 125 283 409 148 192 51 179 33 78 80 93 15 49 326 459 97 630 491 44 643 345 44 101 96 8 62 579 7 11 0 2 4 8 40 5 11 81 187 311 498 36 7 29 64 17 8 61 155 49 5 3 46 39 77 467 25 5 5 24 0 3 2 38 48 112 119 44 0 14 8 57 24 7 4 44 243 9 16 132 16 1 1 0 1 4 11 0 3 2 0 2 5 82 24 29 196 145 26 153 30 706 272 434 61 70 26 29 13 15 36 3 1 17 29 33 65 60 48 206 310 11 197 16 8 54 7 10 8 330 21 42 2 2 0 1 2 0 1 1 0 3 2 0 2 4 109 12 22 6 1 32 11 4 13 5 21 2 3 14 1 29 197 89 3 3 170 0 3 3 13 9 4 3 5 10 1 30 20 3 25
7 2 1 0 12 18 3 2 4 3 1 6 766 537 2816 6179 344 13299 3684 566 41 78 455 1665 66 26 4777 1882 38 22 24 11 221 179 301 21 814 1729 5881 422 1066 555 1016 1696 248 772 84 78 38 14 1 9 7 17 6 7 63 37 49 63 1963 47 142 1404 172 343 43 61 1809 41 49 118 244 361 88 550 81 13 96 3 41 9 30 35 33 41 24 20 66 38 304 104 12 24 216 52 33 12 56 16 2 9 1 2 5 4 0 1 0 0 5 8 46 1493 2075 106 83 530 30 2655 288 3969 126 15 28 16 5 21 2 1170 73 68 22 16 26 75 13 28 146 124 2229 51 1301 5 30 61 298 1263 353 3247 30 32 27 6 1 21 7 5 13 16 14 30 3 11 25 34 356 235 79 228 81 143 73 55 36 445 10 11 345 10 36 48 344 58 19 44 20 14 55 29 24 31 27 10 10 2 16 7 24 2
9 2 2 0 9 17 1 0 10 2 1 15 2214 161 256 1842 668 3684 45325 4512 138 262 343 279 121 84 584 108 25 24 19 13 158 74 280 8 653 3671 86 723 395 127 241 10071 509 2724 241 34 28 49 3 16 11 16 5 17 30 29 99 21 181 19 50 135 32 364 45 59 65 12 9 206 542 3926 55 69 89 401 211 4 24 15 31 39 84 85 12 31 49 69 488 39 10 12 98 57 43 9 101 6 3 4 1 0 5 6 2 7 0 0 5 14 578 1430 1677 936 259 1441 293 3843 1848 11119 2002 66 79 68 52 43 62 1409 17 15 21 26 25 86 209 127 415 459 1181 484 629 12 109 90 142 714 1318 1398 65 20 22 10 2 14 10 4 5 11 6 5 1 3 18 152 89 204 62 164 57 38 17 12 22 182 5 11 298 14 69 278 1090 26 23 259 10 20 45 20 14 34 35 7 35 9 32 23 3 36
11 3 2 1 18 16 0 0 1 1 1 13 50 314 1051 641 1558 566 4512 5422 92 206 408 296 135 116 253 42 34 36 47 9 31 133 443 24 106 179 56 951 473 103 180 248 25 95 307 8 40 5 0 2 4 10 1 4 48 90 170 183 21 8 24 84 26 5 31 70 50 7 2 24 34 116 209 18 7 21 13 0 8 0 12 17 43 56 32 8 30 17 56 38 15 8 62 111 1 3 72 8 1 1 0 1 2 1 0 9 0 1 1 4 326 161 110 433 140 85 235 104 884 937 725 47 52 35 25 18 38 118 6 3 6 3 16 33 128 88 139 232 14 298 50 6 55 20 13 6 421 48 60 2 2 2 3 7 2 0 0 0 4 2 7 0 1 142 7 53 14 5 25 18 4 6 7 8 2 4 29 1 25 102 93 3 6 116 2 3 4 20 5 2 11 2 19 5 18 12 6 18
59 33 43 50 75 213 13 12 35 28 26 228 3 30 87 27 125 41 138 92 7069 5887 1778 87 480 71 35 8 59 90 125 92 382 518 9 0 82 506 16 147 780 45 74 101 4 13 202 3 14 1 3 2 12 22 2 458 64 40 116 39 12 2 11 35 7 2 43 261 21 4 1 237 245 81 112 10 71 0 46 0 2 0 108 42 6227 532 100 5 13 3 23 25 5 6 40 174 110 44 1339 97 5 4 3 5 7 14 0 1 3 3 9 24 4 5 4 15 47 9 34 7 124 25 71 15 20 13 8 1 2 8 1 2 27 31 16 49 9 13 94 98 7 34 8 3 22 2 1 1 81 14 11 2 5 1 0 2 2 0 0 0 10 2 0 0 6 13 5 3 3 2 21 1 6 1 2 10 0 1 4 2 110 81 50 2 1 78 0 1 2 3 10 1 1 14 11 1 10 6 0 5
29 6 13 13 21 74 6 4 10 11 10 100 3 55 110 51 283 78 262 206 5887 14323 4973 661 3711 423 154 14 41 63 60 71 495 861 18 5 153 729 38 1529 1138 209 462 212 17 19 635 17 94 4 8 6 9 19 3 120 65 54 86 64 51 20 28 80 18 8 84 197 55 19 11 242 327 88 101 49 64 3 81 1 13 2 69 120 3578 1107 107 17 66 29 111 105 20 42 203 87 70 16 2966 98 2 0 2 8 0 12 0 1 1 0 8 11 12 8 8 28 88 9 59 13 215 68 150 21 31 8 11 2 0 13 1 0 26 23 13 38 19 19 116 141 8 52 12 4 36 2 1 2 117 21 15 1 8 0 0 2 2 0 0 1 4 1 0 0 4 21 3 6 1 0 11 2 9 3 6 10 1 0 26 3 62 73 67 2 10 67 0 8 5 4 9 14 3 2 9 1 8 4 0 5
7 1 5 0 8 6 5 2 3 3 3 12 2 324 682 539 409 455 343 408 1778 4973 9109 6294 1169 3555 430 121 16 16 12 14 139 908 30 5 263 587 132 3829 6399 1725 697 96 13 48 377 13 121 8 12 3 3 19 3 11 50 86 86 174 121 16 27 67 31 2 75 126 99 13 6 59 123 34 93 36 23 0 30 0 19 2 14 49 238 157 17 20 52 26 102 179 21 32 111 39 15 5 285 14 2 0 0 0 1 0 0 0 0 0 3 2 11 12 12 30 18 15 15 28 95 78 86 5 10 3 6 2 1 9 0 2 8 5 7 9 7 10 29 37 16 30 6 1 5 2 2 7 40 35 8 4 4 0 0 4 1 0 1 3 1 1 0 0 1 12 5 4 0 3 9 0 0 1 3 5 0 1 18 3 18 29 15 1 7 26 0 5 4 2 1 2 4 2 1 0 4 1 0 2
5 0 3 2 3 11 1 1 3 3 0 1 7 232 562 876 148 1665 279 296 87 661 6294 16215 772 4357 3992 202 69 19 27 1 13 38 272 18 48 66 646 7636 2595 6021 2863 50 38 620 607 46 204 8 9 11 14 34 3 16 175 24 120 31 1527 41 292 608 360 2 213 106 605 36 16 23 28 27 54 310 6 2 13 1 23 6 31 153 93 261 89 18 76 51 917 212 35 33 309 29 1 5 344 47 0 0 0 0 0 1 0 0 0 0 1 1 3 7 10 8 9 18 11 43 39 69 38 2 1 4 2 0 1 14 1 0 0 1 0 4 4 5 15 13 9 4 4 0 1 3 7 4 14 69 1 2 5 0 0 7 2 0 1 3 1 0 0 1 1 1 12 11 0 7 0 0 1 1 8 32 1 2 39 4 2 9 4 2 13 10 2 7 7 0 0 10 7 0 0 0 4 3 0 2
34 15 15 15 25 49 3 4 9 5 3 54 0 41 78 48 192 66 121 135 480 3711 1169 772 7875 852 330 27 89 32 57 25 161 223 89 3 92 378 21 2964 659 157 641 140 7 22 4120 12 80 11 5 18 20 119 7 85 245 12 90 40 57 18 55 245 24 1 780 478 53 16 3 124 184 106 74 47 36 0 54 0 16 2 167 637 909 2163 1678 16 58 36 95 93 22 23 233 33 35 17 5362 226 1 0 2 0 0 7 1 0 0 0 2 7 4 5 2 18 50 12 34 11 143 37 75 14 18 5 7 0 0 1 1 0 8 7 4 31 4 12 125 79 3 34 2 4 20 2 2 1 71 9 7 0 3 0 0 5 0 0 0 0 1 1 1 0 3 10 6 2 3 5 8 2 2 0 2 16 2 1 18 1 33 82 79 0 7 41 2 5 6 2 2 10 2 1 5 1 6 2 1 6
0 1 1 1 0 1 0 0 0 0 0 2 0 27 84 46 51 26 84 116 71 423 3555 4357 852 2595 447 6 1 2 0 0 4 11 4 0 6 22 9 7079 807 136 300 8 1 6 108 1 24 0 0 0 0 8 0 3 3 0 1 3 21 2 4 30 5 0 14 4 15 1 1 1 5 0 2 3 2 0 1 0 3 1 3 10 28 45 3 3 12 5 10 17 3 4 22 1 0 1 82 1 0 0 0 0 0 0 0 0 0 0 0 0 0 0 0 3 3 3 3 1 12 28 14 0 1 0 0 0 0 2 0 0 0 0 1 1 0 1 2 2 2 0 0 0 0 0 0 0 7 3 0 0 0 0 0 0 0 0 0 0 0 0 0 0 0 1 0 0 0 0 0 0 0 0 0 1 0 1 5 0 1 0 0 0 2 1 0 2 1 0 0 1 0 0 0 0 0 0 0 0
7 1 5 2 5 9 1 1 0 0 1 9 12 2713 2586 3596 179 4777 584 253 35 154 430 3992 330 447 30303 6975 230 78 76 3 16 213 4608 441 112 83 931 4765 325 101 761 76 21 338 947 11 20 5 2 8 29 114 10 16 676 184 831 259 740 10 162 4054 1283 9 433 986 300 16 5 21 24 20 590 48 1 0 14 1 11 2 64 155 64 177 540 3 23 11 127 33 5 14 136 53 2 9 320 274 0 1 1 1 2 1 0 0 0 0 0 0 10 139 145 26 23 147 21 659 66 749 95 4 2 1 2 5 2 106 10 4 2 2 6 13 4 4 52 35 216 11 111 2 7 12 13 57 52 683 4 0 2 0 0 0 1 1 0 5 0 3 0 6 3 14 120 18 11 16 2 12 11 9 0 134 0 1 79 3 5 13 34 4 2 8 0 2 7 3 1 3 2 0 2 0 0 1 1 2
3 1 7 1 16 9 2 0 0 0 1 11 10 1966 4949 7471 33 1882 108 42 8 14 121 202 27 6 6975 15601 525 301 103 3 14 279 470 137 25 24 4112 113 510 224 183 15 21 202 122 14 9 1 2 6 31 118 4 7 706 346 632 271 190 12 122 1850 1456 26 171 875 312 15 3 3 12 15 1217 26 2 0 4 1 1 0 47 96 14 33 376 6 9 8 91 51 10 7 44 71 0 21 28 110 0 1 0 3 3 1 0 0 0 0 1 3 3 185 313 16 21 49 12 854 54 475 22 1 4 4 1 9 0 130 58 30 4 2 9 24 1 8 21 18 616 6 300 2 4 20 46 141 44 2018 6 3 6 0 1 2 1 2 2 1 1 6 0 11 9 11 362 77 38 38 18 53 37 19 7 313 1 2 227 1 5 5 28 32 3 2 5 4 9 7 9 7 6 2 0 0 6 5 11 0
6482 502 750 88 1185 328 1910 688 15 168 38 308 2 529 498 76 78 38 25 34 59 41 16 69 89 1 230 525 35905 14620 2647 231 425 173 66 47 61 123 211 65 182 32 196 19 11 22 132 32 20 1 17 12 873 8974 77 35 1834 128 70 17 79 19 293 249 258 4 9541 156 281 27 14 207 107 32 1094 76 52 0 27 0 13 1 277 1684 179 169 542 5 21 21 133 50 7 10 154 1804 87 4705 192 1407 10 2 14 17 0 45 0 2 4 4 38 58 2 11 3 3 17 3 8 10 50 12 9 6 10 4 1 0 1 2 7 0 78 84 3 33 1 8 57 27 11 15 7 8 28 0 3 1 21 23 8 1 1 4 0 0 4 1 1 2 12 9 0 0 19 3 2 1 2 3 33 4 12 3 5 14 0 1 20 2 182 80 15 2 3 103 2 3 3 6 14 2 2 23 23 0 14 3 0 6
9228 1654 329 2646 7688 2782 593 109 12 74 64 979 3 354 352 41 80 22 24 36 90 63 16 19 32 2 78 301 14620 22478 5765 583 624 258 26 27 57 146 154 20 563 15 54 13 6 25 30 11 9 0 62 105 871 2131 156 137 4267 137 22 13 43 14 103 95 121 1 997 65 216 28 13 269 139 35 1097 21 23 1 20 3 27 2 819 1046 474 430 163 10 12 7 41 158 41 14 50 2164 117 2335 155 642 20 4 54 76 4 177 0 1 15 19 89 95 0 3 2 0 14 2 5 2 37 6 18 14 11 3 0 0 0 1 5 0 68 54 7 17 0 2 41 27 4 6 2 5 32 0 2 2 16 17 6 1 2 4 0 1 3 2 0 1 11 1 1 3 6 2 3 3 1 1 23 4 3 0 1 6 2 2 17 0 155 40 10 1 2 63 2 3 2 3 5 2 1 15 32 1 11 5 0 4
1380 982 113 462 6826 1180 281 52 6 41 47 618 0 195 164 29 93 24 19 47 125 60 12 27 57 0 76 103 2647 5765 16989 197 363 403 11 13 71 152 77 17 853 12 46 13 2 5 62 12 9 2 38 62 236 734 63 160 9209 178 24 14 19 9 65 86 50 2 1124 72 162 8 6 156 123 9 1528 20 8 0 5 2 18 2 446 1018 661 1196 503 2 8 7 28 133 43 6 50 5192 46 552 644 4983 1 1 6 6 0 23 0 0 3 0 6 28 0 1 2 0 7 0 1 3 11 2 6 3 3 1 1 0 0 2 1 0 17 11 2 9 1 4 10 14 2 2 2 2 14 1 0 2 7 11 1 2 0 2 0 1 0 0 1 0 2 2 0 0 1 1 1 0 0 3 1 3 0 0 1 6 1 0 7 1 37 19 10 0 1 15 0 2 1 1 4 3 1 4 5 0 3 0 0 1
451 128 51 130 1260 5611 128 30 14 79 63 1033 0 9 11 3 15 11 13 9 92 71 14 1 25 0 3 3 231 583 197 8079 7189 1238 1 0 12 187 13 2 148 2 5 6 1 2 8 3 0 0 12 6 46 107 13 25 57 1413 1 2 4 0 7 2 6 1 72 7 27 2 2 569 776 24 1012 3 27 1 14 0 3 0 79 133 176 158 3 3 3 1 6 13 2 0 4 5406 183 158 84 3 8 2 16 29 6 84 0 2 11 3 42 90 0 1 2 0 1 0 1 1 5 1 3 6 6 0 2 0 0 0 3 0 104 77 1 26 1 0 18 6 1 3 1 11 28 1 0 0 3 5 0 1 0 3 0 0 4 3 3 2 10 9 0 2 21 0 0 1 1 2 41 8 9 0 0 0 4 1 5 0 207 36 8 2 0 79 1 0 1 5 11 1 0 21 28 7 17 3 0 1
459 94 112 130 785 2505 140 36 62 251 153 2805 57 26 33 74 49 221 158 31 382 495 139 13 161 4 16 14 425 624 363 7189 12516 2868 9 7 71 4072 37 15 430 9 31 81 69 47 64 6 5 29 14 27 108 189 31 82 139 2428 53 23 26 2 15 10 10 14 210 89 62 6 5 2302 2601 235 1839 17 347 66 257 17 16 28 221 265 510 388 37 25 6 17 26 53 11 2 16 5830 1270 303 339 15 48 16 81 90 28 297 2 6 30 15 211 368 2 1 8 4 19 5 8 23 86 24 22 83 73 9 7 0 1 4 36 3 487 462 19 201 3 2 258 70 5 45 7 51 198 2 4 3 38 23 24 0 1 20 0 0 27 17 5 10 89 37 4 10 87 12 10 4 1 0 250 27 58 4 0 6 4 2 12 1 1191 432 125 4 2 603 1 2 6 38 128 4 7 158 122 16 101 24 4 25
106 32 20 18 223 241 32 11 0 13 8 139 2 819 545 128 326 179 74 133 518 861 908 38 223 11 213 279 173 258 403 1238 2868 7160 176 212 521 2999 229 67 492 15 72 22 7 14 237 10 6 1 12 34 87 111 28 59 112 8530 3851 2920 37 7 83 142 111 5 167 3099 203 13 9 135 351 46 5943 35 15 1 18 0 22 1 193 207 353 256 251 3 5 4 37 52 16 7 50 3055 12 61 334 41 6 3 6 6 10 19 1 0 3 2 10 28 2 10 6 0 36 7 11 24 70 29 20 31 47 6 6 0 0 13 2 0 61 71 19 94 4 3 241 118 24 46 12 19 62 3 4 7 52 33 27 0 3 4 0 0 8 6 2 4 23 6 0 0 20 11 12 1 1 5 42 4 20 5 1 22 2 0 13 0 197 260 58 4 5 171 4 4 5 4 30 1 3 25 8 1 26 12 1 9
5 0 1 0 4 0 0 2 0 0 0 0 2 6959 2682 623 459 301 280 443 9 18 30 272 89 4 4608 470 66 26 11 1 9 176 8368 4129 279 111 149 1934 42 17 217 52 5 21 748 6 9 3 0 1 3 32 3 2 144 94 1555 340 39 3 73 390 127 0 81 409 137 8 5 10 19 26 259 21 0 1 7 0 3 0 8 37 11 26 129 2 4 9 54 4 4 2 55 9 1 2 53 53 0 0 0 0 0 1 0 0 0 0 0 1 10 30 23 39 23 101 25 129 78 322 158 3 6 8 4 0 5 26 0 0 5 3 3 3 5 8 17 25 28 22 13 0 4 3 0 5 36 26 3 2 0 0 0 1 0 0 0 1 0 1 0 0 1 3 5 8 4 1 2 1 4 1 0 3 0 1 12 2 1 8 18 1 5 11 0 0 2 0 0 3 1 0 1 0 1 2 0 0
1 1 0 1 1 1 1 0 0 0 1 1 0 5979 779 38 97 21 8 24 0 5 5 18 3 0 441 137 47 27 13 0 7 212 4129 1974 389 15 35 260 16 3 14 1 1 3 121 0 1 0 1 0 2 9 0 1 66 96 1299 1439 6 2 33 81 46 0 20 197 32 1 0 1 1 3 195 5 0 0 0 0 0 0 3 9 1 0 53 0 2 0 6 1 0 0 12 11 0 1 2 13 0 0 0 0 0 0 0 0 0 0 0 0 3 3 1 8 2 2 1 6 17 27 15 1 0 0 0 0 1 5 0 0 1 0 0 0 5 0 1 3 0 2 2 0 1 0 0 1 1 5 0 0 0 0 0 0 0 0 0 0 0 0 0 0 0 1 2 1 0 0 0 0 0 0 0 1 0 0 1 1 1 0 1 0 1 3 0 0 0 0 0 1 0 0 0 0 0 0 0 0
16 3 2 5 29 19 4 0 0 5 2 10 8 1103 112 358 630 814 653 106 82 153 263 48 92 6 112 25 61 57 71 12 71 521 279 389 1649 751 67 260 178 12 44 17 10 23 346 3 4 1 0 4 12 27 4 12 85 325 558 1054 41 2 15 53 28 2 47 335 42 3 2 31 19 30 506 14 5 1 12 1 3 0 35 25 69 62 60 3 2 1 29 8 3 1 17 157 0 12 75 11 0 0 1 0 2 3 0 0 0 0 3 6 7 17 12 13 57 5 23 27 161 49 80 23 27 9 8 0 2 11 2 2 10 8 14 55 5 8 123 131 17 57 11 6 22 3 2 5 129 29 19 0 1 0 0 3 4 0 0 0 3 1 0 1 2 16 6 5 2 3 8 2 4 3 2 8 1 4 13 1 30 119 35 3 1 81 1 1 4 5 1 3 1 1 1 0 16 5 1 12
88 17 21 27 126 189 18 10 5 12 10 158 209 49 56 195 491 1729 3671 179 506 729 587 66 378 22 83 24 123 146 152 187 4072 2999 111 15 751 9094 56 217 463 29 120 1004 115 280 479 17 11 19 22 29 84 122 51 60 99 545 239 83 120 6 24 62 10 39 215 293 47 11 6 1009 4844 440 842 38 73 54 326 3 25 19 255 244 411 358 87 24 15 12 167 61 16 4 46 799 39 42 405 30 7 9 13 13 9 29 6 4 4 1 22 51 58 54 54 104 220 53 128 94 680 331 440 96 112 28 40 3 5 30 14 6 80 147 64 259 42 43 678 450 47 241 25 28 167 17 12 29 434 144 110 7 4 13 1 10 7 8 5 13 46 10 1 3 33 68 21 24 7 17 100 20 26 22 3 41 9 4 46 7 363 771 295 7 9 542 5 5 9 28 46 8 11 31 27 6 77 32 5 69
9 2 4 2 31 36 5 0 0 3 2 31 12 481 1138 1262 44 5881 86 56 16 38 132 646 21 9 931 4112 211 154 77 13 37 229 149 35 67 56 11559 142 542 272 702 17 30 327 87 26 33 3 1 6 18 69 4 6 317 194 381 188 5065 20 190 2157 2475 16 85 369 3325 28 27 18 15 10 518 531 2 0 0 0 15 2 22 37 21 31 133 10 19 18 160 74 6 15 137 140 3 15 25 44 1 5 2 0 6 2 1 0 0 0 1 2 4 98 372 12 36 27 11 374 60 176 33 6 4 0 3 6 1 73 58 47 11 1 19 28 3 5 36 36 329 16 241 3 11 22 114 170 51 1870 9 9 10 3 0 1 2 1 4 3 8 9 0 7 15 8 336 82 23 56 36 70 31 37 12 336 4 3 293 2 14 10 28 52 16 10 3 5 18 14 8 16 12 5 2 2 6 7 15 2
10 0 5 1 1 6 0 2 0 2 0 10 2 1309 1472 695 643 422 723 951 147 1529 3829 7636 2964 7079 4765 113 65 20 17 2 15 67 1934 260 260 217 142 12749 1500 376 2316 129 10 43 1937 27 103 10 5 4 12 45 2 19 173 20 272 72 125 22 82 843 71 3 281 114 160 17 9 29 47 29 59 53 7 0 20 0 14 1 35 133 145 330 90 27 66 46 159 92 17 44 313 9 4 2 493 53 0 0 0 0 0 1 0 0 0 0 0 2 38 26 30 70 29 46 34 67 173 282 228 8 12 8 5 2 4 26 1 1 0 1 3 10 19 18 24 47 15 42 12 1 11 5 1 8 77 41 4 4 1 1 0 1 0 0 1 2 0 0 0 0 1 20 6 13 5 9 5 1 1 2 6 10 0 1 27 2 13 25 26 2 9 16 0 7 6 2 0 9 4 0 0 0 4 4 1 3
1097 719 928 381 367 799 76 194 23 137 83 813 13 639 1393 1139 345 1066 395 473 780 1138 6399 2595 659 807 325 510 182 563 853 148 430 492 42 16 178 463 542 1500 10476 4963 1244 108 89 479 348 177 1842 71 529 518 35 74 49 594 224 152 137 87 905 117 197 145 316 19 257 361 494 209 102 244 264 99 565 261 147 5 95 22 405 41 468 443 1278 443 297 328 565 263 1018 3342 605 280 495 618 138 88 614 321 2 5 15 14 6 32 2 2 1 3 20 35 9 18 27 16 36 20 28 50 136 118 68 26 40 11 7 2 0 17 3 2 70 91 12 70 4 11 157 90 25 46 20 3 50 21 12 9 66 81 27 17 32 3 1 33 13 10 19 29 17 12 0 2 19 17 18 15 12 14 52 3 12 5 44 53 7 12 148 20 195 185 71 3 69 170 18 75 87 3 26 87 24 24 19 3 23 12 2 17
2 1 2 1 8 5 1 1 0 0 3 2 8 99 279 392 44 555 127 103 45 209 1725 6021 157 136 101 224 32 15 12 2 9 15 17 3 12 29 272 376 4963 6055 4366 55 108 295 96 99 1699 46 15 16 3 17 2 4 66 9 26 5 771 101 230 132 282 18 96 20 514 104 53 11 12 14 36 443 49 2 17 2 84 17 13 54 40 86 13 105 412 258 1559 632 122 168 670 22 15 2 119 8 0 0 0 0 0 0 0 0 0 0 0 1 2 0 15 3 2 5 3 13 10 27 11 0 2 1 2 1 0 2 2 0 2 1 0 1 2 0 6 3 9 3 20 1 2 15 6 7 8 61 4 12 13 0 0 29 3 2 1 12 0 0 0 0 0 1 18 4 7 14 1 2 0 0 39 44 3 5 197 21 2 5 5 1 40 9 5 60 35 0 1 63 10 0 0 0 1 0 0 0
23 8 7 6 14 17 5 2 7 1 1 8 31 158 291 365 101 1016 241 180 74 462 697 2863 641 300 761 183 196 54 46 5 31 72 217 14 44 120 702 2316 1244 4366 10723 180 222 1111 582 334 3648 136 29 46 19 113 2 11 531 47 231 53 2911 423 2924 7530 1494 64 514 284 2094 457 124 54 47 40 165 1657 95 5 40 5 215 36 70 266 151 356 185 238 971 650 4771 818 259 512 7373 60 33 9 553 116 0 0 0 0 1 1 0 0 0 0 0 1 5 7 18 5 11 10 7 30 28 74 35 5 2 2 1 0 3 4 6 1 2 1 2 6 5 1 24 20 11 13 25 0 4 27 41 6 29 171 2 29 66 1 1 82 6 1 6 19 0 0 0 1 0 3 49 25 37 49 6 3 4 5 108 133 6 21 481 57 10 14 15 4 142 17 13 110 94 3 0 213 35 0 1 1 0 0 0 1
5 2 5 2 4 9 2 0 7 4 1 12 6768 21 24 46 96 1696 10071 248 101 212 96 50 140 8 76 15 19 13 13 6 81 22 52 1 17 1004 17 129 108 55 180 7509 2547 1932 194 62 12 521 1 52 8 18 3 9 46 3 93 9 147 37 63 56 13 383 50 74 38 18 22 576 2295 1753 14 63 437 1931 3297 91 91 341 35 59 112 98 18 252 108 174 554 20 4 4 109 20 57 3 132 10 1 3 2 4 5 8 1 6 1 0 4 6 87 76 178 180 154 110 141 377 774 997 543 67 74 36 27 5 10 57 9 5 22 21 37 112 65 57 368 337 83 221 66 6 67 22 42 71 473 392 62 13 16 4 0 11 5 4 5 11 4 3 0 5 11 68 53 34 15 74 39 11 6 9 16 99 3 12 267 13 73 328 390 1 28 253 6 8 22 15 6 25 17 2 12 6 21 18 7 39
3 1 6 1 1 2 1 0 61 7 2 11 2687 8 11 7 8 248 509 25 4 17 13 38 7 1 21 21 11 6 2 1 69 7 5 1 10 115 30 10 89 108 222 2547 6059 5021 5 172 35 4896 4 161 2 6 1 3 24 0 9 3 56 141 219 61 45 6436 21 9 86 79 54 549 394 741 7 89 2615 1571 1890 408 307 1419 5 14 6 15 5 1260 433 3289 1056 55 12 16 264 4 420 45 16 1 3 3 1 2 0 7 0 1 2 1 1 4 1 19 231 3 12 14 8 114 52 138 20 3 0 1 2 5 1 8 19 12 7 4 9 9 1 0 27 13 64 5 108 1 5 60 476 67 82 1795 7 39 73 9 4 55 33 5 23 46 0 1 0 6 9 3 235 72 42 799 4 13 12 8 86 498 10 25 2219 105 7 22 32 7 184 26 30 87 120 6 2 191 58 5 5 1 3 2 1 1
2 1 0 0 4 7 1 2 35 4 1 12 1731 33 53 42 62 772 2724 95 13 19 48 620 22 6 338 202 22 25 5 2 47 14 21 3 23 280 327 43 479 295 1111 1932 5021 3339 27 53 50 37 4 13 7 11 2 5 81 3 40 6 860 30 72 1446 198 1369 50 63 271 35 15 233 351 188 29 141 628 27 402 1 33 14 9 18 10 16 17 33 95 85 1002 120 13 20 124 25 304 28 28 12 2 11 0 1 7 7 0 1 0 0 3 3 3 55 1233 10 16 27 11 557 88 394 20 6 14 1 2 12 0 47 95 69 12 8 25 57 5 5 45 38 343 20 304 7 16 72 733 441 123 5746 13 41 48 10 2 29 6 0 8 38 7 15 1 22 28 23 801 181 65 585 49 97 66 61 59 822 5 31 1589 27 9 16 70 48 42 22 24 20 86 24 26 60 50 12 6 4 8 9 14 6
20 7 19 8 9 17 5 5 2 1 1 18 5 489 439 90 579 84 241 307 202 635 377 607 4120 108 947 122 132 30 62 8 64 237 748 121 346 479 87 1937 348 96 582 194 5 27 8244 14 42 5 8 11 21 137 12 34 513 26 669 167 64 21 84 390 99 1 890 1304 126 24 9 70 153 72 86 58 6 0 43 1 13 0 122 480 282 830 1929 17 53 37 141 68 17 15 163 33 7 2 1644 333 0 0 2 0 0 3 0 0 0 0 0 3 10 4 5 24 88 14 52 16 196 58 129 21 16 5 6 2 1 6 0 1 6 8 9 22 10 18 123 125 10 31 9 3 22 3 5 3 112 25 11 5 4 0 1 0 2 1 0 3 0 0 0 0 1 20 7 10 1 3 6 0 6 2 6 10 0 2 20 4 23 72 66 1 10 51 1 4 6 2 2 5 2 1 2 0 7 3 0 5
6 5 1 1 7 7 1 0 2 0 1 6 4 11 25 20 7 78 34 8 3 17 13 46 12 1 11 14 32 11 12 3 6 10 6 0 3 17 26 27 177 99 334 62 172 53 14 23377 183 420 3 114 6 11 2 0 31 12 14 8 258 5822 1462 113 132 27 28 22 2339 1024 8938 20 22 38 51 8727 109 10 44 16 2571 172 3 15 7 22 7 2307 9453 892 3257 176 63 92 692 24 24 3 12 7 1 0 0 1 1 0 0 1 0 0 1 1 0 5 12 4 2 7 2 23 6 14 5 2 4 0 2 1 3 3 16 8 0 0 6 12 2 2 5 4 22 8 45 2 3 130 59 6 19 113 6 240 552 16 4 316 38 9 26 110 0 0 0 2 1 5 44 75 158 77 11 6 14 4 566 272 44 91 1356 185 8 16 12 8 973 41 105 772 877 4 0 1320 243 2 14 2 2 3 2 2
26 3 16 3 4 7 3 9 2 1 1 5 1 17 46 42 11 38 28 40 14 94 121 204 80 24 20 9 20 9 9 0 5 6 9 1 4 11 33 103 1842 1699 3648 12 35 50 42 183 10795 68 154 71 4 14 1 6 20 3 6 2 128 457 70 29 39 6 60 10 83 325 120 5 5 8 10 69 28 5 13 14 309 39 21 33 23 64 9 464 530 145 311 8697 1971 2741 2941 5 12 2 68 5 0 0 0 0 0 1 0 0 0 0 1 0 0 0 1 2 0 3 1 0 2 3 3 1 4 0 0 0 0 0 0 0 3 0 1 3 0 1 1 1 2 1 3 0 1 13 1 2 5 16 1 30 44 2 0 12 5 2 8 13 0 0 0 0 1 1 4 2 12 5 0 0 0 0 30 22 4 15 74 13 3 5 2 0 48 9 14 59 86 0 0 97 25 0 0 0 2 1 0 0
0 1 2 0 0 0 2 0 42 7 2 7 130 3 8 5 0 14 49 5 1 4 8 8 11 0 5 1 1 0 2 0 29 1 3 0 1 19 3 10 71 46 136 521 4896 37 5 420 68 7412 11 527 3 1 0 1 6 1 2 0 19 543 360 15 9 1097 10 1 56 103 44 337 152 825 3 146 2175 580 908 923 651 4729 2 5 6 5 0 4155 1438 5843 447 86 35 50 447 0 411 43 8 2 0 0 0 0 0 0 0 2 0 0 2 1 1 3 4 1 2 1 1 4 9 7 4 1 0 0 1 3 0 1 2 2 3 0 1 6 1 0 7 4 2 6 18 0 2 34 30 5 7 79 4 48 91 4 4 116 36 4 49 39 0 2 0 1 1 4 22 17 39 122 3 7 3 1 183 98 19 25 647 76 5 4 5 3 269 21 36 1359 212 0 0 356 60 0 3 1 1 1 3 1
163 47 138 20 26 27 24 56 4 44 7 17 0 3 4 2 2 1 3 0 3 8 12 9 5 0 2 2 17 62 38 12 14 12 0 1 0 22 1 5 529 15 29 1 4 4 8 3 154 11 7010 8662 29 8 81 152 15 13 0 1 3 17 7 11 2 9 31 7 8 265 5 27 19 29 50 0 21 4 19 201 614 16 252 69 44 27 13 63 32 9 18 7499 5031 144 47 45 9 26 17 16 0 0 1 0 0 2 0 2 0 0 1 5 0 0 0 0 1 0 0 3 3 0 0 4 4 0 2 0 0 0 0 0 5 9 0 4 0 0 14 6 0 0 0 3 3 2 0 0 4 1 0 34 10 4 0 6 468 58 419 243 3 0 0 0 0 0 1 0 3 2 5 0 1 0 3 0 69 39 7 1 22 15 7 0 1 19 75 7 185 0 5 12 39 3 4 1 0 0 0 2
279 54 168 19 31 38 48 87 25 50 14 26 6 6 4 2 4 9 16 2 2 6 3 11 18 0 8 6 12 105 62 6 27 34 1 0 4 29 6 4 518 16 46 52 161 13 11 114 71 527 8662 19853 51 19 153 250 33 21 5 1 15 183 106 17 10 244 36 21 42 647 96 85 38 510 111 57 634 122 122 7644 5697 1524 471 115 69 50 39 1467 341 204 134 2117 4368 307 130 67 137 61 33 45 10 1 4 5 1 6 2 0 2 1 1 11 0 2 1 0 3 1 1 0 9 2 1 2 0 0 0 1 0 0 5 0 10 10 0 10 0 1 19 7 2 3 2 12 9 16 3 0 7 11 3 167 81 19 1 46 2183 386 2851 1003 42 1 0 3 3 0 1 4 11 17 8 7 3 0 18 10 458 180 82 10 45 36 31 1 26 53 459 75 1130 0 20 84 179 1 2 7 3 1 0 2
1104 100 308 26 142 67 757 674 142 523 84 101 6 32 31 6 8 7 11 4 12 9 3 14 20 0 29 31 873 871 236 46 108 87 3 2 12 84 18 12 35 3 19 8 2 7 21 6 4 3 29 51 12883 9760 3176 19 86 84 8 4 5 0 27 22 17 2 53 80 34 1 7 86 91 54 416 5 68 1 32 3 10 5 1479 913 79 46 153 4 3 2 15 33 10 1 14 259 261 7522 41 178 1 0 3 1 2 9 0 1 1 0 6 20 1 2 0 1 3 1 0 0 12 2 3 6 12 7 5 0 0 1 3 0 28 30 6 31 0 2 58 23 2 8 3 8 28 0 0 4 12 3 11 0 0 4 0 0 0 0 0 1 6 2 0 3 9 2 0 0 0 0 15 0 5 0 0 4 0 0 4 0 107 78 19 0 1 72 0 1 1 4 12 2 0 9 7 0 14 3 0 5
2093 275 648 56 352 142 769 741 37 455 97 147 2 136 142 11 40 17 16 10 22 19 19 34 119 8 114 118 8974 2131 734 107 189 111 32 9 27 122 69 45 74 17 113 18 6 11 137 11 14 1 8 19 9760 11107 489 14 583 96 22 8 28 8 86 132 93 3 1396 137 111 17 6 143 90 50 579 34 39 0 37 1 8 2 1349 7596 54 72 407 5 20 6 78 29 13 8 91 543 58 2239 206 628 7 2 4 12 2 27 1 3 3 3 18 39 1 0 2 0 11 1 6 3 28 5 8 15 14 1 2 0 0 2 1 1 31 53 3 43 0 2 74 29 7 16 3 3 43 0 4 3 17 6 13 0 1 3 0 1 3 2 0 0 9 4 0 1 15 1 3 1 2 0 29 0 17 1 4 3 1 0 10 0 150 95 26 0 1 82 0 1 1 2 12 2 0 10 12 1 9 4 0 6
315 43 134 11 23 24 152 139 12 90 22 30 1 9 5 1 5 6 5 1 2 3 3 3 7 0 10 4 77 156 63 13 31 28 3 0 4 51 4 2 49 2 2 3 1 2 12 2 1 0 81 153 3176 489 14254 1256 21 28 3 1 1 0 3 5 1 3 25 28 6 2 0 21 48 24 137 4 15 0 22 8 11 0 2455 155 58 26 63 3 2 3 5 84 34 2 4 69 19 463 21 62 0 1 0 3 2 4 0 0 0 0 3 5 0 0 0 1 1 0 0 2 7 2 0 4 5 2 2 0 0 1 0 0 9 10 3 6 0 0 24 12 1 6 1 2 6 0 0 0 4 3 4 0 0 0 0 0 1 0 2 1 2 4 0 1 4 0 1 0 0 0 12 1 2 0 0 0 0 0 1 0 57 55 7 0 0 38 1 0 2 1 3 0 1 5 0 1 3 0 0 0
332 128 240 55 78 136 37 102 9 45 14 107 1 7 9 4 11 7 17 4 458 120 11 16 85 3 16 7 35 137 160 25 82 59 2 1 12 60 6 19 594 4 11 9 3 5 34 0 6 1 152 250 19 14 1256 3432 48 34 9 3 3 1 4 10 5 1 70 45 10 7 0 61 39 32 150 4 21 0 22 16 18 2 6435 166 3078 262 73 3 6 3 8 210 62 3 8 107 17 43 194 97 3 2 2 1 2 7 0 1 0 0 3 10 0 0 0 0 9 1 1 1 12 0 9 2 6 3 5 0 0 2 1 0 16 27 1 14 1 0 31 12 1 7 0 5 16 0 0 0 10 3 3 0 0 1 0 0 5 1 5 2 2 2 0 1 5 2 1 0 1 0 5 1 5 0 0 2 2 0 2 0 45 43 10 0 0 30 1 1 1 3 8 1 0 5 7 0 5 2 0 3
97 71 73 47 443 125 19 17 17 9 14 110 3 671 590 89 81 63 30 48 64 65 50 175 245 3 676 706 1834 4267 9209 57 139 112 144 66 85 99 317 173 224 66 531 46 24 81 513 31 20 6 15 33 86 583 21 48 13202 127 167 38 192 36 487 834 499 3 8154 536 457 50 19 91 50 32 3653 140 23 1 23 1 27 3 310 1094 307 1090 2899 11 77 53 374 52 18 23 438 3725 45 80 3359 9645 2 1 8 9 3 26 2 1 3 3 17 34 0 3 7 7 14 4 12 13 52 18 26 10 12 1 5 0 0 2 1 3 34 47 4 31 0 2 53 58 10 15 5 4 21 5 4 1 29 41 7 2 0 2 0 2 5 1 1 2 8 5 0 1 9 9 6 3 2 2 14 0 3 5 6 13 0 1 43 7 99 56 24 1 12 58 1 2 5 1 5 5 3 11 9 1 7 4 1 2
38 7 10 6 63 63 5 4 0 3 2 44 0 786 551 73 187 37 29 90 40 54 86 24 12 0 184 346 128 137 178 1413 2428 8530 94 96 325 545 194 20 152 9 47 3 0 3 26 12 3 1 13 21 84 96 28 34 127 7643 1176 2080 32 6 83 113 144 2 114 2294 247 10 9 209 706 12 11888 17 8 0 7 0 9 0 206 159 82 59 118 3 4 4 27 40 8 4 26 1347 10 24 37 16 5 4 1 3 2 14 0 0 1 1 14 18 0 2 1 1 4 2 2 8 13 8 6 11 13 1 2 0 0 1 1 0 28 25 3 17 1 2 38 15 6 8 1 7 17 1 2 1 12 17 3 1 1 0 0 0 4 3 0 4 12 1 0 1 5 2 3 1 1 0 25 4 5 0 0 6 2 1 10 2 96 55 13 0 1 29 1 0 1 2 16 3 1 5 4 2 10 0 0 2
4 0 3 2 1 5 0 2 0 0 0 3 2 1730 1031 74 311 49 99 170 116 86 86 120 90 1 831 632 70 22 24 1 53 3851 1555 1299 558 239 381 272 137 26 231 93 9 40 669 14 6 2 0 5 8 22 3 9 167 1176 5264 6135 79 13 194 372 380 2 137 2201 383 4 6 17 42 27 539 50 8 1 7 0 8 1 24 64 54 125 363 4 19 11 146 12 0 11 116 28 1 1 127 102 0 0 0 1 0 1 0 1 0 0 0 0 3 6 8 8 58 6 35 15 144 44 77 19 11 8 5 0 0 9 0 0 2 1 5 27 2 5 82 75 7 20 5 2 20 4 2 0 79 29 12 1 2 0 0 0 1 0 0 1 1 0 0 0 0 7 13 5 0 2 0 0 0 1 1 13 0 0 11 1 7 28 47 0 0 18 0 2 1 1 0 3 0 0 0 0 7 2 1 6
3 0 1 0 4 2 0 0 0 0 0 3 0 2356 911 139 498 63 21 183 39 64 174 31 40 3 259 271 17 13 14 2 23 2920 340 1439 1054 83 188 72 87 5 53 9 3 6 167 8 2 0 1 1 4 8 1 3 38 2080 6135 4646 20 6 64 125 80 0 16 1550 192 5 4 0 5 7 495 16 1 0 4 0 4 0 10 13 35 25 55 0 3 2 16 3 1 2 34 21 0 2 29 10 0 0 0 0 0 0 1 0 0 0 0 2 0 2 2 0 22 2 4 13 29 10 8 4 10 0 0 1 0 4 1 0 5 4 3 13 1 0 39 33 11 8 2 1 9 1 2 1 19 16 6 1 1 0 0 0 1 0 0 0 0 1 0 1 0 5 1 1 0 0 6 1 1 1 1 14 0 0 12 1 3 29 6 0 1 20 1 0 1 0 0 0 0 3 0 0 2 1 0 2
9 3 4 1 9 7 0 0 2 0 0 8 22 82 87 108 36 1963 181 21 12 51 121 1527 57 21 740 190 79 43 19 4 26 37 39 6 41 120 5065 125 905 771 2911 147 56 860 64 258 128 19 3 15 5 28 1 3 192 32 79 20 9522 92 312 3273 771 142 112 131 7318 91 103 35 49 17 110 6488 30 3 32 6 94 16 18 54 27 56 66 57 195 66 4108 244 32 49 389 31 10 4 80 35 2 5 0 1 6 6 0 0 0 0 1 2 1 37 565 9 16 11 6 164 71 123 19 2 7 2 1 7 2 32 57 39 16 8 18 50 2 2 42 25 197 9 203 4 11 66 527 169 85 2273 13 49 66 6 3 45 18 5 9 24 9 17 2 10 19 14 356 101 49 180 41 78 44 33 48 497 16 28 901 42 9 32 23 35 81 22 37 33 99 14 6 74 42 10 4 0 4 4 16 1
3 1 2 2 2 4 2 0 6 1 0 2 11 7 25 13 7 47 19 8 2 20 16 41 18 2 10 12 19 14 9 0 2 7 3 2 2 6 20 22 117 101 423 37 141 30 21 5822 457 543 17 183 0 8 0 1 36 6 13 6 92 17294 9249 127 119 30 18 14 767 7972 5709 17 7 37 22 913 124 9 36 75 2467 713 5 16 7 20 5 1084 1976 649 992 582 314 2385 3296 15 22 5 16 5 0 1 1 0 3 0 0 1 0 0 0 1 1 6 6 4 5 6 3 21 6 4 4 0 5 1 2 1 3 0 10 4 0 0 4 6 1 0 5 4 21 11 34 1 5 125 37 0 17 68 5 484 841 21 8 290 50 10 65 195 0 2 0 3 3 8 30 51 187 40 4 11 8 10 496 177 65 133 1024 125 7 5 7 6 895 27 252 900 1547 1 2 1485 367 0 8 0 1 3 1 2
13 0 3 0 15 17 2 2 4 3 1 12 16 171 213 62 29 142 50 24 11 28 27 292 55 4 162 122 293 103 65 7 15 83 73 33 15 24 190 82 197 230 2924 63 219 72 84 1462 70 360 7 106 27 86 3 4 487 83 194 64 312 9249 18954 4790 5571 55 237 346 4308 3359 1411 46 28 34 348 963 116 13 42 6 891 87 28 106 26 98 154 350 1239 804 2032 112 122 474 4966 59 40 10 119 103 0 0 1 0 1 1 0 0 0 0 1 0 0 7 7 7 8 10 3 24 24 25 12 1 1 0 2 1 2 3 8 1 1 1 3 10 2 1 8 7 10 9 37 3 3 74 40 4 12 111 3 100 218 7 3 189 9 1 14 62 0 0 0 2 2 7 46 40 79 52 4 5 10 4 359 217 24 49 1037 140 7 10 7 3 507 30 67 442 327 1 0 679 107 0 3 0 0 2 2 0
13 2 5 1 3 8 2 2 0 1 1 9 14 381 371 351 64 1404 135 84 35 80 67 608 245 30 4054 1850 249 95 86 2 10 142 390 81 53 62 2157 843 145 132 7530 56 61 1446 390 113 29 15 11 17 22 132 5 10 834 113 372 125 3273 127 4790 8891 10685 8 531 687 2175 167 52 20 20 13 394 811 8 2 8 1 55 1 62 190 95 247 407 23 151 86 1637 55 27 47 3185 48 6 10 362 250 0 1 0 1 0 0 0 0 0 0 0 1 4 10 41 7 12 7 7 88 29 72 23 2 1 1 0 1 1 9 8 5 3 1 2 8 3 3 15 23 57 5 36 3 1 6 24 17 18 434 4 9 12 1 0 6 2 0 2 2 1 4 0 0 4 2 102 19 11 10 4 5 5 5 11 117 0 6 194 10 8 8 8 1 17 14 4 14 22 1 1 26 6 1 1 1 1 0 4 0
4 2 0 1 8 11 3 0 1 2 2 4 11 327 499 97 17 172 32 26 7 18 31 360 24 5 1283 1456 258 121 50 6 10 111 127 46 28 10 2475 71 316 282 1494 13 45 198 99 132 39 9 2 10 17 93 1 5 499 144 380 80 771 119 5571 10685 9083 6 201 482 5645 166 71 5 5 3 364 920 6 0 4 1 59 6 34 87 25 75 180 28 66 48 510 80 20 32 728 41 1 7 83 97 0 0 0 0 0 0 0 0 1 0 0 0 3 18 38 1 4 5 4 85 15 40 12 2 0 0 1 0 0 9 16 9 3 0 0 9 1 1 8 7 59 4 46 0 1 8 40 17 15 505 0 9 11 1 0 5 2 1 5 6 1 1 0 1 2 1 136 28 10 17 4 13 6 4 9 132 3 6 206 11 0 2 2 8 20 9 11 7 26 1 0 23 10 1 0 0 3 1 2 0
0 1 0 0 0 1 0 3 5 2 0 0 1206 2 1 4 8 343 364 5 2 8 2 2 1 0 9 26 4 1 2 1 14 5 0 0 2 39 16 3 19 18 64 383 6436 1369 1 27 6 1097 9 244 2 3 3 1 3 2 2 0 142 30 55 8 6 759 6 3 38 17 11 77 73 588 2 53 617 412 244 363 213 674 3 3 3 2 1 435 111 279 793 10 6 7 56 2 112 5 3 2 0 0 0 0 0 1 0 1 0 1 0 0 1 13 269 2 1 13 0 77 16 120 12 0 2 1 1 3 0 6 5 2 3 0 1 2 0 1 12 10 23 4 28 1 1 25 219 54 29 881 0 9 12 3 0 16 27 1 17 15 1 0 0 1 2 2 49 28 11 1247 2 5 4 3 16 81 7 4 562 17 1 9 22 3 26 9 8 19 38 0 1 52 14 1 2 0 1 0 0 0
734 320 572 112 211 242 42 146 13 64 29 261 1 192 139 36 61 43 45 31 43 84 75 213 780 14 433 171 9541 997 1124 72 210 167 81 20 47 215 85 281 257 96 514 50 21 50 890 28 60 10 31 36 53 1396 25 70 8154 114 137 16 112 18 237 531 201 6 14948 470 205 34 12 157 111 98 856 114 57 3 49 1 27 5 590 4455 1028 1882 2027 24 95 48 321 106 30 43 461 678 85 49 2148 2767 7 1 7 9 5 25 1 0 3 0 23 40 1 5 5 4 27 2 13 6 67 13 25 16 24 3 6 0 1 3 7 0 80 77 9 64 1 5 104 62 2 25 9 13 45 1 1 2 56 23 9 5 3 2 0 3 1 6 2 3 20 7 1 3 24 5 5 3 3 1 43 5 9 0 8 9 2 1 34 4 228 131 54 2 13 126 3 9 5 2 21 17 2 12 15 1 27 3 0 10
17 10 21 5 9 15 4 10 2 0 2 7 2 1144 773 83 155 61 59 70 261 197 126 106 478 4 986 875 156 65 72 7 89 3099 409 197 335 293 369 114 361 20 284 74 9 63 1304 22 10 1 7 21 80 137 28 45 536 2294 2201 1550 131 14 346 687 482 3 470 9875 388 23 7 23 63 52 4506 74 8 0 20 0 21 0 200 281 247 361 3505 7 21 14 179 47 16 10 241 34 8 14 679 503 1 0 0 1 0 2 0 0 0 0 2 4 0 7 2 11 88 6 30 11 155 22 70 19 18 6 2 0 0 3 0 2 2 5 12 27 3 7 113 134 5 32 9 0 17 4 3 5 99 50 5 2 2 4 0 1 2 0 0 0 1 0 0 2 0 10 9 1 1 1 2 2 1 1 2 19 0 2 21 0 16 46 72 0 2 21 1 3 1 1 3 5 2 2 0 0 4 6 0 4
20 10 10 12 43 61 6 2 3 1 2 45 17 353 798 417 49 1809 65 50 21 55 99 605 53 15 300 312 281 216 162 27 62 203 137 32 42 47 3325 160 494 514 2094 38 86 271 126 2339 83 56 8 42 34 111 6 10 457 247 383 192 7318 767 4308 2175 5645 38 205 388 5356 448 701 38 28 15 650 10414 24 1 16 4 425 15 51 94 53 84 145 108 386 237 2295 136 41 57 796 252 12 29 92 80 1 1 0 0 0 1 0 1 0 0 0 4 4 15 147 9 35 8 11 78 71 60 23 2 16 3 4 4 0 19 40 20 18 4 13 34 8 4 35 41 114 25 121 1 4 44 204 33 68 1001 8 45 80 5 1 49 10 0 8 33 2 3 0 9 13 11 218 72 37 89 22 24 23 16 94 472 18 31 1010 84 15 24 18 18 164 22 24 93 125 6 2 176 39 8 6 3 6 4 9 4
22 4 9 2 6 6 6 5 1 5 0 9 2 19 19 9 5 41 12 7 4 19 13 36 16 1 16 15 27 28 8 2 6 13 8 1 3 11 28 17 209 104 457 18 79 35 24 1024 325 103 265 647 1 17 2 7 50 10 4 5 91 7972 3359 167 166 17 34 23 448 5930 2358 16 13 19 43 498 50 4 18 194 3133 757 18 24 16 27 12 1148 666 309 795 625 2079 2538 1714 16 16 2 30 9 2 0 1 0 0 1 0 1 0 0 1 1 1 3 2 2 3 3 1 4 2 5 3 0 1 0 2 1 1 0 3 0 1 0 1 2 0 1 4 3 2 4 14 1 4 43 10 0 8 27 5 286 303 16 3 81 163 21 241 367 1 0 0 0 2 0 11 19 52 23 3 0 2 2 103 74 140 183 359 49 4 2 6 1 128 18 339 183 1015 2 1 307 215 1 2 0 2 1 2 2
4 0 3 2 6 5 3 0 3 0 0 3 8 4 12 7 3 49 9 2 1 11 6 16 3 1 5 3 14 13 6 2 5 9 5 0 2 6 27 9 102 53 124 22 54 15 9 8938 120 44 5 96 7 6 0 0 19 9 6 4 103 5709 1411 52 71 11 12 7 701 2358 8715 10 5 9 23 1331 31 6 13 43 6150 271 7 7 2 7 2 1357 1948 372 1061 136 88 278 271 13 15 0 11 1 0 0 1 0 0 0 0 0 0 0 0 0 0 0 3 0 1 0 2 4 1 4 1 0 0 0 0 1 0 0 1 0 0 0 1 1 0 1 2 1 4 3 9 0 0 36 7 1 8 29 1 162 178 8 4 58 42 6 53 118 0 0 0 1 0 2 13 13 31 20 2 4 2 0 61 63 35 84 278 36 3 5 5 0 82 8 146 142 524 1 0 196 141 0 1 0 0 2 1 0
224 105 260 156 394 1153 107 157 239 1775 5414 3423 614 5 9 5 46 118 206 24 237 242 59 23 124 1 21 3 207 269 156 569 2302 135 10 1 31 1009 18 29 244 11 54 576 549 233 70 20 5 337 27 85 86 143 21 61 91 209 17 0 35 17 46 20 5 77 157 23 38 16 10 6681 3886 1162 157 17 3225 783 4157 85 89 285 164 202 366 262 25 261 46 92 93 50 12 2 31 710 5888 334 209 14 83 23 114 204 37 454 7 9 37 37 337 542 15 14 26 26 37 14 30 35 200 93 83 108 128 15 23 2 3 10 44 3 636 647 20 291 8 9 459 138 12 106 7 73 279 6 14 15 162 50 70 9 8 27 0 5 36 20 17 25 110 48 1 17 110 18 14 10 3 14 321 42 62 10 4 24 21 4 58 6 1645 663 329 9 6 1007 6 4 14 38 166 13 8 191 186 22 158 36 2 44
