36897 9098 13869 6147 1827 2173 8066 15373 433 1241 339 1961 2 9 20 2 3 1 0 3 182 91 2 16 37 1 11 10 5189 6080 673 70 60 8 2 3 11 4 7 5 1838 2 26 0 0 6 11 2 32 4 113 348 1162 864 660 485 41 12 8 1 9 10 29 7 23 4 320 16 39 94 28 39 6 16 112 4 17 3 8 24 290 16 1389 407 1562 194 23 25 15 7 20 526 134 81 60 141 166 3308 80 31 212 112 472 277 67 970 53 44 397 149 331 396 0 0 2 0 0 0 1 0 3 0 1 9 9 1 1 0 0 0 66 0 59 103 0 56 0 1 7 1 0 3 2 20 33 0 0 0 0 4 7 4 4 8 0 2 11 9 9 10 18 11 11 15 29 0 0 0 1 0 31 12 4 3 0 0 7 3 0 0 224 17 3 3 0 32 1 1 7 1 35 2 3 9 206 45 10 0 0 0
9098 8050 7653 13283 2001 1554 162 209 69 232 166 724 0 2 2 0 0 1 0 1 146 54 0 3 12 0 3 2 178 2265 621 19 25 0 0 0 2 3 1 1 709 0 7 0 2 0 3 2 6 2 19 55 96 74 93 161 11 2 1 1 4 1 2 2 6 1 121 2 6 21 14 15 3 0 33 0 1 0 1 2 34 2 354 152 704 142 8 10 3 0 4 90 24 13 9 25 54 186 43 10 81 58 217 137 35 560 24 20 199 77 194 244 0 0 1 0 0 0 0 0 1 0 0 4 4 0 1 0 0 0 37 0 23 63 0 20 0 0 1 0 0 0 0 12 21 1 0 0 0 2 3 0 1 2 2 0 1 0 0 2 9 8 3 10 16 0 0 0 0 0 15 5 0 0 0 0 5 2 0 0 120 4 1 1 0 16 0 0 0 0 12 0 3 4 111 19 5 4 0 0
13869 7653 11334 10893 493 2656 1073 12509 787 5713 806 8261 1 5 3 0 5 0 1 1 352 127 5 11 37 3 11 8 654 1133 256 21 38 5 0 0 3 1 1 6 2155 2 24 0 4 2 13 2 17 7 88 199 455 272 349 521 35 6 0 0 4 7 15 8 16 2 286 19 21 62 32 38 5 12 81 1 31 2 6 5 173 9 1217 403 1924 304 27 24 10 4 10 403 107 60 45 88 233 768 106 19 272 180 774 515 108 1663 86 58 672 238 602 681 0 0 1 0 1 0 1 1 1 0 0 15 11 0 1 0 0 0 94 0 102 170 1 51 0 0 7 3 0 0 1 39 47 2 1 0 1 2 3 1 3 8 1 0 9 5 6 5 33 26 11 25 46 0 0 0 0 0 43 30 3 2 1 1 6 2 2 0 386 12 7 2 0 51 2 2 4 4 53 0 5 29 367 81 24 3 0 3
6147 13283 10893 19215 6071 11704 111 124 85 406 264 2432 0 0 1 0 0 0 0 1 237 123 1 2 23 1 5 1 195 2288 1785 65 75 3 0 0 1 3 0 1 730 0 4 0 0 1 3 3 4 0 16 32 55 45 58 137 17 1 1 0 4 1 8 4 4 0 63 4 6 11 4 23 3 7 22 1 10 1 5 3 33 0 257 123 808 181 8 4 0 0 1 47 12 5 11 38 122 181 55 6 139 99 381 259 69 1032 34 42 368 119 352 480 0 0 0 0 0 0 1 0 0 0 1 9 11 0 2 1 0 1 52 0 73 109 0 33 0 0 2 2 0 1 1 22 42 0 2 0 0 3 0 1 0 4 0 0 7 10 1 0 29 12 5 13 32 0 0 0 0 0 31 15 3 1 0 2 5 0 0 0 212 8 3 0 0 30 0 1 1 2 40 0 1 12 198 41 9 0 0 3
1827 2001 493 6071 5542 8621 200 96 38 74 82 4388 1 27 43 13 16 9 0 25 724 681 9 14 73 5 14 26 582 5324 6791 928 684 23 4 5 70 23 20 8 774 2 25 1 1 6 20 40 14 0 28 51 149 145 102 222 240 60 15 7 55 39 101 15 67 1 168 11 210 17 20 123 27 10 125 37 6 1 23 1 40 4 445 293 1471 412 41 11 2 2 22 83 27 15 28 592 54 250 280 22 52 43 152 86 44 369 12 22 138 30 145 222 0 0 1 1 0 2 1 6 6 4 2 18 11 0 2 1 0 1 35 0 62 114 0 64 0 0 27 11 0 4 3 10 28 0 3 0 7 9 19 0 4 5 0 1 4 3 3 5 10 13 1 7 41 2 4 4 0 0 24 9 6 5 3 8 3 2 6 3 184 26 6 6 5 40 1 0 1 1 16 4 4 13 79 13 16 1 0 5
2173 1554 2656 11704 8621 14081 184 340 161 547 198 20206 0 16 19 6 15 8 4 10 615 606 9 15 58 4 8 7 300 2054 2085 2187 1690 12 0 1 20 15 7 4 916 1 20 2 2 10 7 29 4 1 12 49 127 63 104 170 33 37 2 1 38 21 43 8 31 2 112 11 135 17 7 193 22 16 83 20 13 0 35 0 38 2 320 230 1080 299 30 3 2 0 15 59 28 18 27 491 194 281 183 8 173 157 507 408 145 1314 60 66 593 133 444 669 0 0 0 1 1 0 1 3 5 1 4 27 24 0 5 0 0 0 82 0 120 227 1 77 0 1 16 17 0 8 4 26 61 1 0 0 5 17 24 1 2 3 2 1 11 12 1 1 33 31 11 24 62 2 1 2 0 1 43 39 11 3 2 5 15 1 6 2 520 26 7 11 1 96 1 0 1 5 41 2 5 35 256 48 28 7 0 6
8066 162 1073 111 200 184 7475 9504 1542 2365 98 921 1 5 4 4 1 0 0 0 20 17 3 0 3 0 2 3 1769 1710 120 19 15 2 0 0 5 0 1 3 149 2 4 0 2 1 0 4 4 7 40 112 1028 679 324 70 4 3 0 0 2 3 7 3 8 8 30 1 11 24 12 20 0 1 25 1 21 1 4 7 60 6 365 82 166 18 2 14 2 4 5 122 36 12 8 48 82 5251 6 3 31 19 50 36 6 122 4 1 64 18 46 35 0 0 1 0 0 0 0 0 0 0 0 1 3 0 1 0 0 0 6 0 11 15 0 11 1 0 1 1 0 1 0 2 2 0 0 0 0 1 1 2 3 0 0 1 6 3 2 3 0 5 4 4 10 0 0 0 0 2 6 0 1 4 0 2 1 0 1 0 23 6 0 0 0 5 0 0 1 1 1 2 1 3 29 5 2 0 0 0
15373 209 12509 124 96 340 9504 20163 5762 17468 473 3324 3 3 3 2 0 1 0 1 53 23 1 1 7 1 6 3 815 756 55 9 17 4 0 2 0 0 4 0 762 3 5 0 1 2 2 4 16 6 65 204 840 517 446 219 13 3 0 1 1 5 7 0 14 5 86 8 12 48 29 36 3 7 33 2 37 1 3 10 141 9 831 157 523 50 8 19 3 2 8 291 83 42 20 50 120 2346 23 9 91 38 188 113 16 356 32 17 176 68 140 122 0 0 0 0 0 0 0 0 0 0 0 2 1 0 1 0 0 0 19 0 14 29 0 17 0 0 5 2 0 0 0 6 13 1 0 0 0 1 5 0 0 0 0 1 5 6 5 3 8 8 4 5 16 0 1 0 0 0 9 4 2 0 0 0 4 2 0 0 64 6 2 1 0 9 1 2 0 0 10 0 1 5 87 22 5 0 0 1
433 69 787 85 38 161 1542 5762 1988 5638 506 1602 126 0 1 1 0 1 20 2 77 190 6 7 31 1 1 0 80 137 25 19 77 3 0 0 1 7 0 3 45 0 7 12 325 139 13 6 3 211 26 86 219 60 55 8 5 4 0 0 14 3 8 0 2 57 6 2 1 5 6 482 8 96 8 2 510 51 60 40 24 242 46 17 56 33 20 114 34 119 178 22 3 2 5 22 2200 1383 24 1 18 11 38 24 11 91 3 4 32 11 45 42 0 0 0 0 0 0 0 2 1 1 2 7 4 0 1 0 0 0 10 0 7 21 1 22 0 0 6 0 0 2 1 2 1 0 1 0 1 14 3 2 10 0 0 2 11 8 16 19 8 3 2 3 11 0 3 1 2 0 2 1 1 2 3 4 1 6 20 4 37 10 3 1 5 11 4 6 7 1 3 5 1 2 31 5 7 0 0 1
1241 232 5713 406 74 547 2365 17468 5638 30083 7938 17102 1 4 2 0 2 0 0 0 44 33 0 3 10 0 5 7 460 367 51 11 28 4 0 0 1 1 2 0 410 0 5 0 5 6 5 4 5 4 38 92 671 313 271 99 5 4 1 0 4 2 8 3 8 3 47 5 8 21 18 137 2 18 30 0 291 3 7 10 68 5 384 87 255 37 5 6 1 3 4 161 42 25 16 25 834 3112 17 6 269 150 606 422 68 1345 113 70 704 268 537 533 0 0 0 0 0 0 0 0 0 0 1 11 8 0 2 0 0 0 59 0 38 101 0 26 0 0 6 1 0 2 0 22 29 1 0 0 2 1 1 0 1 4 0 1 7 10 5 5 29 25 16 25 27 0 0 0 1 0 16 11 5 0 0 1 3 0 1 0 257 4 6 3 0 29 2 1 3 1 27 1 3 12 355 66 11 2 0 4
339 166 806 264 82 198 98 473 506 7938 4118 6215 4 1 0 0 1 0 1 0 38 69 2 0 8 0 0 1 53 106 21 8 45 2 0 0 0 0 0 1 72 1 1 0 7 5 2 2 0 4 3 4 90 33 35 17 4 4 1 0 1 1 0 1 0 1 16 1 3 5 3 455 2 27 3 0 200 9 50 2 8 0 42 18 74 19 3 0 1 1 6 10 2 1 7 15 1434 473 14 1 90 58 272 181 62 689 24 29 256 99 262 320 0 1 0 1 0 0 1 0 0 0 0 18 14 1 6 0 0 0 52 0 47 119 0 51 1 1 6 2 0 2 1 18 29 0 0 0 3 2 7 0 0 1 1 0 7 6 1 0 18 16 6 11 27 1 0 1 0 1 26 14 1 2 0 0 3 1 1 0 253 19 13 3 0 51 0 1 1 4 25 0 1 18 185 38 8 2 0 3
1961 724 8261 2432 4388 20206 921 3324 1602 17102 6215 32694 13 8 17 6 23 26 17 2 711 891 22 15 91 6 17 8 686 1870 1480 1496 2536 24 1 1 23 56 3 19 1469 2 32 27 21 56 27 28 13 12 46 150 477 226 291 314 35 132 2 1 85 16 37 7 21 2 221 22 84 43 22 1590 114 106 283 15 153 15 140 8 98 17 638 312 1398 345 34 8 5 4 45 195 50 35 34 1150 1824 1639 207 18 496 451 1567 1041 354 3941 171 182 1584 433 1553 2083 3 1 7 2 4 3 13 6 29 6 7 114 97 4 15 2 1 3 282 3 424 938 3 414 8 0 121 57 1 34 3 107 234 7 5 2 22 8 80 3 5 17 5 3 30 40 8 15 121 104 35 79 256 7 4 2 1 2 169 92 44 18 2 18 29 6 8 4 1829 148 41 19 3 320 0 2 6 26 157 7 18 120 974 170 98 17 0 22
2 0 1 0 1 0 1 3 126 1 4 13 4960 0 443 3 591 507 13666 69 1 4 3 19 1 0 10 26 3 2 0 2 50 21 0 0 98 1204 4 0 6 2 36 6324 1781 3898 1 4 0 148 3 4 13 0 4 0 1 1 0 0 29 3 7 78 44 701 0 0 22 0 5 217 629 1047 2 3 466 429 830 4 2 17 0 1 2 1 0 11 13 70 297 2 0 1 9 3 407 80 0 0 1 1 0 2 3 4 0 1 2 0 2 3 8 64 568 9 0 107 5 654 30 1088 24 1 1 2 2 7 0 56 7 2 4 3 0 30 4 0 20 30 79 7 156 1 2 4 63 10 29 1314 6 1 8 0 0 7 0 0 3 2 2 2 0 2 2 0 61 19 1 61 3 4 7 3 7 161 0 0 62 4 4 3 23 0 13 3 1 3 15 0 4 14 2 9 2 0 1 0 0 1
9 2 5 0 27 16 5 3 0 4 1 8 0 11622 6940 891 327 102 23 59 44 74 349 482 24 82 3662 1516 408 176 56 87 66 546 4427 3732 1431 85 119 2507 880 80 291 2 5 16 719 17 61 1 4 9 51 45 15 6 283 1026 2209 753 73 29 46 445 334 0 153 1438 190 18 11 9 26 28 718 14 0 0 3 1 13 0 55 32 34 45 12 12 9 3 22 129 2 33 114 121 5 10 31 26 0 0 0 0 0 2 0 0 0 0 1 5 42 2 6 45 8 62 94 21 188 270 131 17 12 1 3 1 1 8 2 0 3 13 2 25 12 6 66 120 4 104 6 0 4 2 3 1 44 24 50 1 6 0 1 0 0 0 1 2 0 2 0 0 2 19 4 4 4 1 4 4 4 18 2 13 0 2 3 2 8 25 2 4 4 7 0 1 6 9 3 1 3 3 1 0 5 0 1 3
20 2 3 1 43 19 4 3 1 2 0 17 443 6940 19781 11216 1269 1228 1645 586 75 99 477 406 23 33 1049 1810 293 190 55 66 44 251 853 171 491 130 408 365 1508 141 384 101 35 248 115 40 108 4 15 12 34 44 16 4 187 481 265 119 169 111 88 177 677 16 83 381 401 68 31 7 40 353 481 28 7 29 10 0 14 2 36 18 17 20 6 38 43 10 103 271 3 121 320 228 6 16 14 9 0 0 0 0 5 6 0 0 2 0 0 1 165 29 54 107 17 131 200 96 537 732 343 23 16 5 15 5 8 33 1 0 3 26 1 51 60 21 120 264 11 281 22 2 11 3 10 4 151 73 136 4 16 1 0 2 0 0 0 6 1 2 0 0 2 45 6 15 7 7 9 7 7 17 6 39 2 4 26 5 23 71 13 6 8 32 4 0 12 7 1 9 6 4 2 0 7 2 0 6
2 0 0 0 13 6 4 2 1 0 0 6 3 891 11216 13779 502 2650 1379 1480 25 67 141 365 8 14 713 2933 168 106 34 48 148 484 40 18 1213 479 2203 41 819 139 401 7 9 72 34 29 52 3 7 3 15 30 7 2 60 218 67 113 249 116 157 300 552 6 69 250 415 64 26 13 83 34 272 50 1 1 6 0 18 1 23 13 8 13 4 21 21 8 59 137 4 64 229 93 0 8 9 5 0 0 0 0 0 7 0 0 0 0 1 1 36 153 112 24 4 149 19 282 141 1104 52 5 6 4 1 4 1 198 2 0 2 10 3 21 23 5 41 63 116 34 286 1 3 1 15 12 76 140 35 2 10 0 0 2 1 1 0 3 0 1 0 1 3 6 8 8 0 14 2 1 2 11 6 51 0 5 32 9 6 19 10 1 4 5 2 2 7 6 1 6 5 8 1 0 0 3 0 5
3 0 5 0 16 15 1 0 0 2 1 23 591 327 1269 502 2479 1009 4863 1444 35 95 145 62 5 10 40 17 42 40 13 61 53 95 7 26 1420 395 7 72 242 17 65 107 57 407 20 8 13 5 1 2 2 7 3 2 16 142 41 42 134 5 13 23 17 22 2 86 25 5 4 19 40 434 186 7 2 32 14 0 2 1 7 0 5 7 0 8 3 7 112 19 0 4 41 115 3 3 1 1 0 0 0 1 5 1 0 0 0 0 1 4 281 53 62 177 11 129 228 112 800 824 390 30 26 7 21 6 6 58 8 1 12 44 2 51 99 23 197 401 12 460 33 0 33 6 17 7 254 108 242 3 9 1 0 3 0 2 0 1 3 1 1 0 9 85 14 14 9 5 10 12 3 27 7 41 1 5 19 4 27 132 23 8 2 65 0 0 5 7 4 2 7 6 0 3 9 5 2 14
1 1 0 0 9 8 0 1 1 0 0 26 507 102 1228 2650 1009 10036 2241 1219 21 95 129 1214 22 21 1070 732 31 21 8 55 366 532 24 6 1253 1483 4682 38 620 135 2012 97 23 2701 40 102 79 7 3 3 5 4 10 2 23 72 29 43 5348 146 177 1229 761 39 25 52 1079 45 29 46 307 143 103 139 10 18 30 1 11 0 6 10 14 12 7 13 26 12 161 102 3 58 276 69 9 9 7 3 0 13 1 1 8 12 0 0 0 1 2 9 69 719 962 73 6 581 35 1532 195 4322 59 5 8 4 3 22 3 1082 26 0 27 24 11 57 114 5 72 116 772 33 1730 3 16 16 159 56 118 1421 44 1 11 0 1 17 0 2 1 7 3 4 1 1 14 5 43 44 15 48 12 22 19 17 9 365 1 3 119 16 18 29 34 7 23 11 5 4 10 6 1 22 12 22 2 1 5 3 1 3
0 0 1 0 0 4 0 0 20 0 1 17 13666 23 1645 1379 4863 2241 43925 9716 25 57 68 330 8 12 326 83 4 2 1 17 245 279 9 1 1065 2568 32 35 196 25 344 4611 841 8171 26 19 20 39 4 3 3 0 1 1 3 12 10 7 369 54 76 250 40 328 9 9 54 16 11 70 397 6814 17 19 34 647 102 1 5 4 1 5 7 4 3 12 17 60 872 51 4 19 109 19 74 14 4 0 0 8 0 0 8 15 0 3 1 0 1 5 620 988 1505 389 25 2379 389 3655 2411 14425 1054 18 15 13 5 33 12 1336 19 1 19 31 8 103 219 36 294 694 805 470 1711 2 31 20 245 116 1092 1547 202 3 9 1 0 13 0 1 1 4 3 3 1 4 22 81 40 61 9 124 8 13 14 24 14 291 2 5 166 17 36 85 216 6 11 72 4 7 12 6 5 22 15 16 1 0 11 4 3 8
3 1 1 1 25 10 0 1 2 0 0 2 69 59 586 1480 1444 1219 9716 7087 38 70 174 98 7 14 64 16 47 40 23 59 31 71 10 1 220 54 23 78 424 26 123 15 5 65 23 6 34 6 6 3 6 4 6 1 16 122 16 12 122 43 21 13 5 4 6 54 21 23 13 13 18 97 161 4 1 14 6 0 11 0 6 3 6 5 1 9 20 3 34 99 2 48 128 184 2 4 2 1 0 1 0 0 4 3 0 0 0 0 0 6 320 33 92 147 18 126 167 77 769 1163 345 19 16 5 4 3 4 88 3 0 6 19 3 29 77 29 108 276 7 284 21 4 10 8 11 13 278 31 122 1 5 0 0 4 1 1 0 0 1 1 0 1 5 46 5 7 9 4 7 8 1 9 5 26 1 2 15 0 20 67 19 5 1 47 1 0 7 3 3 6 1 0 0 0 5 3 1 6
182 146 352 237 724 615 20 53 77 44 38 711 1 44 75 25 35 21 25 38 11146 8398 4366 297 326 187 60 31 71 529 744 231 451 315 5 6 96 195 5 217 1889 40 146 24 0 15 135 6 18 0 2 4 30 16 45 2097 60 87 29 10 33 26 50 30 25 2 17 136 46 17 6 202 299 142 426 5 79 1 106 0 9 3 296 43 4124 327 92 4 1 0 15 38 3 12 72 667 156 87 460 55 11 3 14 18 23 75 1 8 19 1 35 76 8 1 1 8 5 4 44 4 55 13 32 54 40 1 3 1 1 1 20 0 29 168 8 205 7 4 139 124 2 47 3 9 42 1 2 0 49 6 109 1 4 1 0 1 1 0 0 0 13 14 0 3 55 13 2 6 6 1 23 14 9 45 5 15 0 2 5 4 246 106 13 12 2 67 0 0 0 8 15 2 5 20 36 0 16 2 1 15
91 54 127 123 681 606 17 23 190 33 69 891 4 74 99 67 95 95 57 70 8398 19404 5165 2343 6903 2943 414 33 203 451 620 576 1271 898 27 11 231 578 18 2973 1400 188 1562 52 8 61 1277 31 138 9 15 9 61 51 54 223 84 218 64 32 227 217 452 238 81 7 185 369 176 108 29 654 930 464 903 34 226 7 308 0 20 1 325 276 1928 1423 809 18 26 8 180 227 13 113 842 1079 491 205 2171 87 15 22 35 34 57 158 3 10 51 6 89 186 35 10 1 42 18 18 191 15 282 43 153 139 95 6 32 8 2 14 46 4 100 433 14 518 32 10 432 441 4 223 28 13 119 7 11 0 107 45 313 6 19 2 0 2 3 7 2 3 17 25 2 5 156 67 11 14 8 2 97 44 59 94 14 53 4 7 24 9 600 327 61 44 17 157 4 3 10 38 38 13 6 51 86 7 58 28 6 47
2 0 5 1 9 9 3 1 6 0 2 22 3 349 477 141 145 129 68 174 4366 5165 10680 11233 204 3878 482 58 27 7 8 43 280 497 23 14 350 310 48 1526 5832 1034 940 13 5 54 168 17 131 2 8 6 7 9 3 3 11 40 26 23 156 51 61 47 33 0 58 32 64 30 13 67 162 52 47 20 10 2 39 0 10 1 19 40 93 98 40 11 20 5 55 124 0 49 278 26 20 6 81 3 1 2 0 1 3 10 1 0 1 0 5 5 10 2 3 11 3 4 40 6 53 26 35 12 8 3 5 0 0 1 2 0 7 29 1 29 5 1 52 67 0 38 3 0 7 1 1 0 25 15 40 3 5 0 0 0 1 0 0 2 2 1 0 1 5 6 0 1 2 0 7 5 4 12 3 14 0 2 11 0 25 34 0 6 3 8 1 0 3 7 1 7 3 2 2 0 4 3 0 5
16 3 11 2 14 15 0 1 7 3 0 15 19 482 406 365 62 1214 330 98 297 2343 11233 22137 595 4214 2991 270 159 27 31 11 65 79 262 47 105 84 190 6137 4427 3959 5741 9 23 557 1143 34 461 6 9 6 45 49 28 22 133 25 312 12 1001 87 124 532 98 6 445 233 173 69 33 20 68 67 62 54 9 2 14 1 26 1 163 224 346 475 156 14 49 10 258 323 16 110 681 39 10 5 278 29 0 1 1 2 4 3 0 0 0 0 2 3 25 7 16 25 3 40 89 60 87 135 93 8 2 3 2 1 0 5 0 0 4 12 1 24 10 6 52 114 7 54 14 1 5 1 11 0 33 98 34 6 21 0 0 4 1 0 0 6 0 0 0 1 0 15 11 3 5 6 0 3 1 9 8 49 0 2 26 4 14 19 2 2 12 2 4 4 7 2 0 12 7 3 3 0 5 2 0 1
37 12 37 23 73 58 3 7 31 10 8 91 1 24 23 8 5 22 8 7 326 6903 204 595 7296 625 327 35 156 84 237 100 230 154 19 2 13 68 8 2768 268 30 692 9 1 37 3324 12 22 1 4 19 80 91 59 104 352 45 20 5 92 98 371 287 77 4 875 384 114 46 6 118 205 156 464 7 70 2 84 1 13 4 440 718 1478 2669 1843 5 6 1 57 53 9 27 398 126 79 45 4734 561 1 3 5 4 14 24 1 2 5 0 9 24 4 0 2 17 2 8 39 4 74 11 36 38 24 1 12 0 1 2 13 2 24 113 4 185 4 8 157 144 3 33 4 3 28 1 2 0 26 31 98 1 10 1 1 2 0 1 2 1 3 4 0 1 33 18 3 6 5 2 19 7 21 40 6 17 3 2 14 2 142 112 27 14 6 44 0 2 1 8 11 7 6 18 13 2 13 4 0 9
1 0 3 1 5 4 0 1 1 0 0 6 0 82 33 14 10 21 12 14 187 2943 3878 4214 625 3014 360 3 13 1 5 3 17 29 51 17 18 26 3 5068 557 64 301 7 0 9 166 3 26 1 4 1 7 6 1 9 6 2 27 4 25 16 27 35 9 0 53 24 13 5 7 10 29 65 9 3 3 0 3 0 2 0 26 45 83 130 52 3 2 1 18 17 1 8 76 9 3 1 78 4 1 0 0 1 1 2 0 0 0 0 0 1 12 2 0 12 1 10 58 1 88 31 63 7 6 4 1 2 0 3 1 0 0 7 2 15 11 3 40 75 1 46 2 0 3 0 1 0 22 5 26 0 3 1 0 0 0 0 0 0 0 1 0 0 2 9 1 0 3 0 1 0 0 3 0 9 1 1 4 0 3 11 1 2 1 2 0 0 1 0 0 3 1 0 0 0 2 0 0 2
11 3 11 5 14 8 2 6 1 5 0 17 10 3662 1049 713 40 1070 326 64 60 414 482 2991 327 360 17101 7392 470 55 63 14 37 97 6313 315 200 34 226 1984 544 125 1152 6 6 316 1628 2 33 0 8 13 89 86 40 22 454 148 1269 76 228 27 100 3336 365 2 730 1090 89 15 5 7 18 29 153 8 5 0 1 1 12 1 166 232 222 471 141 4 4 3 48 37 5 12 130 36 2 5 341 107 0 2 2 0 4 0 0 1 0 1 2 1 33 8 27 34 7 112 43 144 149 396 126 5 3 1 0 2 2 12 3 0 1 7 2 26 9 2 36 89 14 48 18 0 7 0 0 2 32 138 27 0 6 0 0 0 1 1 0 1 0 1 0 0 3 13 13 5 1 4 2 1 3 7 1 46 0 0 5 3 7 16 9 5 3 5 0 1 0 1 0 2 1 2 0 0 3 0 0 1
10 2 8 1 26 7 3 3 0 7 1 8 26 1516 1810 2933 17 732 83 16 31 33 58 270 35 3 7392 8156 851 134 102 16 19 124 902 43 72 37 3963 67 231 39 310 9 15 640 198 26 20 0 7 14 71 114 36 17 612 312 502 90 852 35 82 3641 3047 11 553 1107 748 15 11 6 16 11 401 35 2 0 5 1 16 2 121 101 90 123 24 2 9 0 63 33 6 10 51 67 2 19 116 104 0 5 0 0 6 7 0 0 0 0 0 4 16 46 170 11 2 67 26 451 61 340 43 5 5 1 1 4 0 50 35 3 7 6 3 32 7 2 30 44 103 35 202 4 7 2 36 1 25 1398 25 0 5 0 0 3 0 0 1 1 5 4 0 1 8 9 181 28 7 15 5 17 10 5 4 394 0 0 45 5 3 12 4 2 10 1 0 0 5 0 3 7 2 17 1 0 3 2 0 1
5189 178 654 195 582 300 1769 815 80 460 53 686 3 408 293 168 42 31 4 47 71 203 27 159 156 13 470 851 29440 9412 1782 102 137 144 57 75 406 25 186 53 282 21 383 1 11 34 77 91 20 10 96 239 4865 10666 994 128 1718 140 154 66 151 198 919 380 1447 4 4380 321 1454 82 33 108 15 24 3663 71 30 2 25 14 124 7 1986 1354 482 118 754 26 19 5 80 298 92 53 335 3626 91 2873 182 1335 38 41 109 62 54 303 15 11 105 22 128 256 1 1 7 0 0 2 2 4 8 13 2 37 20 2 5 0 0 2 36 2 83 199 2 126 2 0 45 28 1 7 9 19 58 2 11 0 11 101 31 1 12 0 0 5 10 10 7 8 16 17 2 6 57 4 12 8 7 3 26 15 19 15 18 59 6 5 42 11 283 45 13 6 17 54 4 2 6 4 24 9 6 31 77 16 17 5 0 10
6080 2265 1133 2288 5324 2054 1710 756 137 367 106 1870 2 176 190 106 40 21 2 40 529 451 7 27 84 1 55 134 9412 19767 8360 222 231 113 8 24 250 39 72 10 1238 7 73 2 3 6 21 97 46 5 131 311 1298 1265 558 437 2031 65 60 31 72 57 214 35 257 3 546 27 553 69 51 74 33 22 1261 58 32 0 21 14 196 7 1563 698 2241 487 70 35 18 9 18 407 135 68 97 4979 116 2089 253 419 149 112 321 271 111 844 45 26 320 82 330 444 0 0 2 0 1 2 3 5 5 6 0 21 24 1 2 0 0 0 67 0 108 212 4 115 3 0 42 17 3 7 6 17 56 2 3 0 5 33 25 4 3 3 1 2 23 15 12 19 28 23 10 17 61 1 5 4 1 2 50 29 16 11 8 13 9 7 21 7 373 36 10 10 7 53 8 1 16 4 38 10 9 35 159 32 16 3 0 9
673 621 256 1785 6791 2085 120 55 25 51 21 1480 0 56 55 34 13 8 1 23 744 620 8 31 237 5 63 102 1782 8360 10467 203 255 33 18 8 74 14 25 13 1058 0 43 1 3 4 48 37 8 1 16 52 216 249 161 286 6484 39 21 11 38 36 145 79 184 2 1179 206 309 17 23 60 13 14 1744 11 8 0 5 3 46 0 723 554 2182 830 924 5 4 2 17 124 28 23 45 4634 43 212 1516 8212 33 35 111 83 25 316 5 12 98 29 99 132 1 0 1 0 0 1 3 3 2 4 2 6 10 0 1 0 0 2 26 0 32 73 0 53 0 1 14 7 1 1 2 9 15 0 2 0 4 19 9 1 1 0 1 1 6 3 0 0 9 6 1 4 26 1 0 5 0 1 19 9 5 2 3 17 2 2 9 2 123 16 3 0 6 11 0 0 1 3 16 3 2 11 59 8 7 1 0 1
70 19 21 65 928 2187 19 9 19 11 8 1496 2 87 66 48 61 55 17 59 231 576 43 11 100 3 14 16 102 222 203 5639 7632 1204 6 21 242 185 31 21 251 7 24 5 1 33 70 44 5 2 6 25 34 32 41 47 16 3014 89 277 153 20 34 22 57 1 48 195 244 7 8 957 192 32 2733 34 22 0 113 0 25 0 104 66 233 126 40 6 1 0 44 40 12 7 16 7305 53 45 82 4 17 38 62 58 49 202 6 20 74 12 113 210 1 1 3 3 5 5 11 6 14 10 6 79 55 2 11 1 1 1 38 1 93 385 11 429 0 1 151 69 1 27 7 23 59 1 6 1 20 28 99 0 4 5 0 0 8 7 3 5 9 25 4 6 136 9 1 5 1 2 63 34 51 46 6 11 8 3 13 2 448 166 25 32 10 120 2 1 1 26 52 3 6 47 56 9 39 8 3 12
60 25 38 75 684 1690 15 17 77 28 45 2536 50 66 44 148 53 366 245 31 451 1271 280 65 230 17 37 19 137 231 255 7632 10835 2775 10 20 222 1108 33 81 561 12 53 37 27 309 268 46 6 5 8 35 53 35 65 55 34 1703 140 418 399 25 39 21 32 9 88 262 144 17 20 3236 1112 207 2456 28 80 18 344 2 26 2 158 85 324 132 123 10 10 5 184 56 14 13 29 5580 186 102 102 5 43 68 142 94 135 456 9 19 113 18 180 487 19 6 12 19 12 9 79 16 147 40 55 251 153 4 35 6 1 22 125 9 231 1117 29 1176 11 7 597 282 3 160 23 59 246 8 6 3 113 62 386 8 6 14 1 3 12 25 2 11 59 64 9 21 350 56 13 24 13 2 163 92 133 195 11 48 17 5 15 11 1139 633 60 110 8 324 1 1 2 62 106 5 22 141 135 16 103 30 6 86
8 0 5 3 23 12 2 4 3 4 2 24 21 546 251 484 95 532 279 71 315 898 497 79 154 29 97 124 144 113 33 1204 2775 6179 129 265 1218 1402 118 148 398 11 72 6 10 173 316 26 6 0 3 16 39 12 22 13 47 3354 1155 5183 397 20 41 41 103 10 38 1575 192 6 6 200 392 92 1777 30 18 6 44 1 14 2 68 39 86 76 78 3 1 1 109 25 5 5 32 391 5 13 37 5 7 27 14 7 53 57 0 3 3 0 23 69 26 12 14 24 16 11 106 31 150 38 67 111 112 4 28 6 3 16 63 7 82 387 23 681 19 7 511 351 2 159 23 18 107 9 9 0 103 67 457 6 3 4 1 3 5 8 1 4 14 28 4 5 133 73 8 25 14 3 83 45 106 205 10 46 9 1 13 16 298 479 32 88 10 100 2 3 4 46 36 4 12 61 11 1 53 21 4 72
2 0 0 0 4 0 0 0 0 0 0 1 0 4427 853 40 7 24 9 10 5 27 23 262 19 51 6313 902 57 8 18 6 10 129 5654 2516 406 27 16 2763 42 5 147 0 0 3 1034 2 2 0 0 1 5 5 6 0 40 77 1267 159 7 5 22 287 113 0 49 287 34 5 3 2 9 19 46 2 0 0 3 1 2 0 19 10 15 25 10 0 0 0 3 7 0 2 22 11 0 2 33 10 0 0 0 0 1 2 0 0 0 0 0 0 29 9 1 26 2 44 76 10 108 176 108 3 4 2 1 0 0 8 0 0 1 6 0 20 13 3 48 86 4 81 3 0 7 1 2 1 19 8 37 0 1 0 0 0 0 0 0 0 0 0 0 0 1 10 1 2 0 0 2 1 0 9 0 5 0 1 1 1 4 20 2 0 1 0 0 1 0 2 0 1 0 0 0 0 2 2 0 3
3 0 0 0 5 1 0 2 0 0 0 1 0 3732 171 18 26 6 1 1 6 11 14 47 2 17 315 43 75 24 8 21 20 265 2516 2366 731 32 3 584 27 5 20 0 0 2 254 0 0 0 0 0 8 13 3 2 23 396 3160 1108 0 0 4 30 16 0 13 584 8 0 1 2 7 2 192 1 0 0 0 0 0 0 3 0 9 3 1 0 1 0 1 2 0 1 3 23 0 1 0 4 0 0 0 0 1 0 0 0 0 0 0 0 2 1 0 6 1 1 8 2 11 5 9 1 2 0 0 0 0 1 0 0 1 3 0 5 3 1 9 18 0 13 2 0 1 0 0 0 3 3 10 0 0 0 0 0 0 0 0 0 1 0 0 0 1 5 0 0 0 0 1 0 2 0 0 1 0 0 1 1 0 4 0 1 0 1 0 0 0 0 0 0 0 0 0 0 3 0 0 0
11 2 3 1 70 20 5 0 1 1 0 23 98 1431 491 1213 1420 1253 1065 220 96 231 350 105 13 18 200 72 406 250 74 242 222 1218 406 731 2124 474 74 252 409 15 64 51 24 260 196 22 6 3 3 6 36 53 9 3 136 1379 1697 1567 303 17 26 60 52 9 61 1172 104 4 9 30 92 101 1072 15 2 8 15 0 5 0 29 20 30 18 4 4 3 3 102 18 4 3 21 419 2 18 15 8 0 6 1 1 13 23 1 1 0 0 1 6 75 11 14 87 19 21 164 23 362 139 178 45 60 8 16 5 0 16 13 4 18 80 6 112 43 13 249 371 6 338 19 3 40 5 5 1 166 65 291 2 6 0 0 0 0 0 0 2 3 6 0 2 26 80 12 20 4 4 29 17 21 81 6 58 2 4 13 3 71 164 7 22 11 41 0 0 1 19 5 5 13 22 2 0 21 10 1 23
4 3 1 3 23 15 0 0 7 1 0 56 1204 85 130 479 395 1483 2568 54 195 578 310 84 68 26 34 37 25 39 14 185 1108 1402 27 32 474 3836 35 107 289 12 105 861 333 2077 105 82 12 31 1 4 6 5 2 7 17 371 173 299 864 50 91 57 44 130 13 212 161 6 21 229 1514 1344 290 75 30 123 153 0 4 2 12 9 25 24 22 6 7 32 1166 12 2 7 63 194 24 10 19 1 7 8 3 3 35 56 1 0 0 0 3 43 219 40 121 177 41 200 490 215 1058 988 612 150 140 14 46 21 6 71 47 6 67 277 22 461 89 37 682 925 38 715 68 17 97 17 30 8 488 393 730 3 13 3 0 6 4 6 0 4 10 20 0 3 58 149 44 47 25 19 85 55 59 202 25 175 1 9 94 30 226 504 53 84 25 167 2 3 10 41 22 9 16 42 3 2 54 18 10 72
7 1 1 0 20 7 1 4 0 2 0 3 4 119 408 2203 7 4682 32 23 5 18 48 190 8 3 226 3963 186 72 25 31 33 118 16 3 74 35 6809 11 251 59 256 1 3 130 18 120 17 2 1 2 13 22 13 0 79 164 57 44 6838 63 76 631 5046 4 54 184 6920 13 23 9 22 5 229 232 0 1 3 0 7 0 14 6 11 8 7 2 7 1 46 14 1 8 52 93 0 7 9 6 0 2 0 0 2 2 0 0 0 0 1 2 4 31 97 6 2 39 12 260 24 275 15 5 5 0 2 4 0 36 9 1 7 4 1 10 5 1 21 32 63 21 149 2 1 6 16 2 10 501 21 1 5 1 0 2 1 0 0 0 1 4 0 0 2 10 44 11 11 4 7 10 9 4 13 114 0 4 43 8 3 15 2 0 17 1 0 2 3 2 3 8 2 9 1 0 0 2 0 3
5 1 6 1 8 4 3 0 3 0 1 19 0 2507 365 41 72 38 35 78 217 2973 1526 6137 2768 5068 1984 67 53 10 13 21 81 148 2763 584 252 107 11 2830 630 77 904 13 2 32 3818 4 20 1 1 1 18 13 11 14 45 34 760 55 44 36 87 246 33 1 194 250 39 9 5 31 117 166 43 7 10 0 24 0 8 0 75 130 212 385 334 5 3 3 38 25 2 16 182 32 5 1 222 8 0 1 0 0 6 10 0 0 0 0 2 5 90 14 4 107 11 40 252 10 387 167 330 32 12 5 11 5 4 18 3 1 14 30 2 87 43 19 167 344 7 297 7 1 17 4 1 0 103 25 171 1 4 0 0 0 0 0 0 0 0 2 0 0 8 49 6 6 4 1 17 3 4 24 7 50 1 1 8 3 37 64 9 2 8 19 1 1 2 5 2 7 9 7 0 0 8 5 1 10
1838 709 2155 730 774 916 149 762 45 410 72 1469 6 880 1508 819 242 620 196 424 1889 1400 5832 4427 268 557 544 231 282 1238 1058 251 561 398 42 27 409 289 251 630 11140 4181 3211 31 50 316 174 211 2472 35 137 228 117 62 2639 967 152 185 77 35 1015 274 232 159 269 26 121 226 658 248 215 329 285 89 1227 320 104 4 142 9 241 10 542 102 889 180 170 167 392 143 1101 1364 160 383 1125 919 129 135 164 69 26 34 73 53 41 217 7 12 76 9 93 213 15 2 9 7 2 7 38 7 47 24 31 83 67 2 8 1 2 8 50 0 114 521 3 377 7 4 152 114 3 54 10 18 79 8 17 1 25 122 126 23 63 4 2 10 16 5 10 21 14 28 4 7 177 14 14 20 15 10 52 28 55 61 43 64 8 17 90 20 538 214 29 28 46 170 18 15 48 27 39 40 24 55 74 13 26 16 0 30
2 0 2 0 2 1 2 3 0 0 1 2 2 80 141 139 17 135 25 26 40 188 1034 3959 30 64 125 39 21 7 0 7 12 11 5 5 15 12 59 77 4181 5505 6547 5 22 99 37 60 1561 7 7 2 1 3 14 1 13 2 10 0 317 67 51 27 44 4 28 4 203 51 37 2 7 4 11 74 4 1 4 0 30 2 11 11 18 29 9 30 53 34 448 474 16 144 544 18 1 1 20 2 0 0 0 0 1 0 0 0 0 0 0 0 0 0 3 0 0 0 1 2 13 8 5 2 0 0 1 0 0 0 0 0 1 1 0 3 1 1 5 6 0 7 1 0 1 0 2 0 3 39 3 3 9 0 0 2 0 1 0 5 0 0 0 0 0 0 7 7 6 2 0 0 0 0 12 23 0 8 43 11 0 2 1 0 7 0 1 4 9 0 0 19 4 0 0 0 0 0 0 0
26 7 24 4 25 20 4 5 7 5 1 32 36 291 384 401 65 2012 344 123 146 1562 940 5741 692 301 1152 310 383 73 43 24 53 72 147 20 64 105 256 904 3211 6547 10077 34 144 2251 1078 388 4038 36 27 22 63 121 55 32 297 32 294 12 5307 741 1534 6662 998 88 702 280 2773 439 219 19 79 50 106 711 21 4 18 2 100 12 225 324 442 750 244 136 240 120 3718 1690 49 750 5885 125 16 5 424 56 0 1 0 0 5 4 0 0 0 0 0 3 12 9 67 16 1 32 38 75 93 120 58 8 7 2 7 4 0 11 3 1 1 15 3 30 6 0 52 96 15 34 35 2 6 22 76 4 42 762 30 34 212 0 1 21 2 4 5 25 1 3 0 0 2 5 110 82 72 42 3 4 2 6 131 430 7 56 508 110 14 23 5 3 171 11 8 20 63 2 2 180 62 6 1 0 3 3 0 2
0 0 0 0 1 2 0 0 12 0 0 27 6324 2 101 7 107 97 4611 15 24 52 13 9 9 7 6 9 1 2 1 5 37 6 0 0 51 861 1 13 31 5 34 9688 3639 1966 15 42 18 938 9 62 1 0 3 0 1 4 3 0 239 20 33 9 7 340 0 6 36 8 18 425 3152 2702 10 37 271 2240 2604 43 20 232 2 3 2 6 3 114 80 368 1651 13 4 4 40 8 55 8 5 1 0 3 0 1 22 22 0 1 2 0 4 22 121 38 123 103 15 136 305 209 806 917 440 84 52 8 20 5 3 35 30 2 35 101 7 224 65 22 407 601 24 368 28 2 49 9 30 9 275 339 320 7 47 2 0 11 14 3 8 25 3 10 0 1 16 85 26 27 16 24 42 29 26 62 18 125 5 13 120 29 111 297 54 28 33 71 7 17 32 17 10 49 10 22 2 1 31 11 3 32
0 2 4 0 1 2 2 1 325 5 7 21 1781 5 35 9 57 23 841 5 0 8 5 23 1 0 6 15 11 3 3 1 27 10 0 0 24 333 3 2 50 22 144 3639 10461 3678 2 104 34 4199 7 105 26 5 10 1 5 0 1 0 153 96 90 95 126 2562 5 2 131 33 98 408 531 376 2 68 1770 1655 1721 63 81 581 4 6 2 7 2 533 544 2121 2196 68 4 13 141 3 1329 183 4 0 1 3 0 2 6 4 0 0 2 1 7 6 3 4 429 6 1 15 18 323 36 233 7 5 2 3 1 6 0 17 22 3 5 8 3 45 2 1 44 43 45 10 91 2 6 18 227 7 36 2812 9 78 408 1 6 109 19 10 42 96 1 3 0 1 9 3 311 133 78 283 8 17 6 7 320 940 12 93 1549 314 12 6 15 3 320 6 53 187 201 1 2 584 112 17 4 0 2 3 1 2
6 0 2 1 6 10 1 2 139 6 5 56 3898 16 248 72 407 2701 8171 65 15 61 54 557 37 9 316 640 34 6 4 33 309 173 3 2 260 2077 130 32 316 99 2251 1966 3678 3057 39 73 81 253 5 15 30 9 4 5 15 18 10 4 408 118 201 2100 842 3873 24 15 131 35 44 224 939 301 28 55 384 191 413 7 20 27 16 20 34 40 9 63 117 231 1986 99 2 48 403 84 564 95 23 6 2 33 3 1 25 24 0 0 1 4 3 16 15 132 2914 24 11 108 29 1850 177 1975 33 12 15 5 4 69 2 187 86 16 22 24 10 117 15 5 183 172 349 25 932 9 20 59 618 68 208 10283 59 19 116 2 2 40 3 6 6 16 13 30 0 6 22 18 859 253 80 767 47 72 31 30 132 2529 7 39 1187 186 23 25 48 15 263 14 21 37 55 14 9 136 29 46 3 1 10 9 4 8
11 3 13 3 20 7 0 2 13 5 2 27 1 719 115 34 20 40 26 23 135 1277 168 1143 3324 166 1628 198 77 21 48 70 268 316 1034 254 196 105 18 3818 174 37 1078 15 2 39 4299 8 28 2 3 8 34 32 29 21 138 90 648 105 56 35 320 747 161 2 279 1675 105 11 9 106 345 283 133 10 77 3 79 1 9 3 121 193 301 572 1717 3 4 1 42 26 5 15 297 27 45 11 429 44 4 7 3 1 28 21 0 1 1 0 7 23 54 14 6 58 24 20 289 20 385 75 268 89 57 7 14 3 2 17 19 1 35 129 15 319 43 26 369 558 15 319 19 4 62 4 2 1 136 39 318 3 2 0 0 0 0 1 0 1 4 8 0 1 34 83 3 11 9 0 26 19 17 92 7 59 1 5 16 4 125 191 36 21 9 37 0 0 2 14 11 9 9 30 8 0 30 14 3 33
2 2 2 3 40 29 4 4 6 4 2 28 4 17 40 29 8 102 19 6 6 31 17 34 12 3 2 26 91 97 37 44 46 26 2 0 22 82 120 4 211 60 388 42 104 73 8 22061 208 184 15 29 16 13 5 4 71 28 8 2 1694 7478 1852 137 123 74 58 30 5610 272 4313 15 58 16 54 8874 27 9 29 8 398 48 25 19 20 30 1 1624 5569 459 4977 249 17 68 713 237 14 7 17 3 0 4 1 0 8 3 0 6 0 0 2 2 3 2 20 3 1 8 4 17 17 22 12 15 11 3 15 6 5 16 29 2 4 10 1 19 1 0 28 17 12 26 15 6 3 105 238 4 29 488 18 583 3205 9 12 561 31 17 40 296 2 12 0 2 2 0 29 210 577 94 13 18 1 8 1265 479 94 552 2094 297 9 12 8 1 803 18 206 320 988 12 3 2380 913 8 7 1 3 6 0 3
32 6 17 4 14 4 4 16 3 5 0 13 0 61 108 52 13 79 20 34 18 138 131 461 22 26 33 20 20 46 8 5 6 6 2 0 6 12 17 20 2472 1561 4038 18 34 81 28 208 9330 28 48 20 5 7 41 4 8 2 7 1 341 264 124 25 41 23 26 5 212 254 208 3 8 5 23 240 8 1 10 1 137 6 15 15 23 26 5 156 352 121 792 6657 70 2608 6012 30 6 5 22 4 0 0 0 0 1 1 0 0 0 0 0 3 2 0 2 1 0 0 0 2 3 4 5 1 1 0 0 1 0 0 1 0 1 3 0 6 1 0 4 4 0 1 0 1 1 3 4 1 3 58 2 20 67 1 0 11 7 1 3 19 0 1 0 0 2 0 8 13 17 9 3 1 0 0 37 34 5 25 79 21 5 3 2 1 22 0 5 11 48 0 0 69 27 0 0 0 1 1 0 0
4 2 7 0 0 1 7 6 211 4 4 12 148 1 4 3 5 7 39 6 0 9 2 6 1 1 0 0 10 5 1 2 5 0 0 0 3 31 2 1 35 7 36 938 4199 253 2 184 28 8516 253 994 18 3 15 2 0 1 0 0 67 141 62 11 1 2201 3 1 83 43 138 237 180 528 4 261 1613 1029 1059 865 247 5025 5 1 0 3 0 2034 1326 4615 2509 86 17 15 76 7 969 120 3 1 0 1 1 0 4 3 0 1 0 0 1 2 1 2 14 6 0 5 1 19 11 19 4 5 1 1 1 0 1 2 2 1 4 3 0 7 1 0 15 14 2 3 1 3 2 18 105 3 12 166 7 121 667 3 2 333 145 50 174 306 3 0 1 0 2 0 7 25 65 47 1 2 0 4 167 62 44 172 942 73 14 5 7 0 114 8 174 1351 603 1 1 917 117 2 5 1 2 0 0 1
113 19 88 16 28 12 40 65 26 38 3 46 3 4 15 7 1 3 4 6 2 15 8 9 4 4 8 7 96 131 16 6 8 3 0 0 3 1 1 1 137 7 27 9 7 5 3 15 48 253 7619 24331 109 23 670 62 4 7 2 0 18 13 11 3 9 109 21 13 16 858 67 26 9 99 72 4 97 30 33 1278 3536 488 180 17 19 7 12 253 33 22 27 5488 7499 250 75 40 118 30 4 14 4 3 3 2 1 6 1 8 4 0 4 11 0 0 3 0 0 0 0 0 1 4 0 4 2 1 0 0 0 0 6 0 3 19 1 27 0 0 8 1 0 1 1 7 2 1 15 8 11 6 4 9 13 2 0 35 1468 670 1885 887 8 2 1 0 10 0 0 0 2 49 5 1 7 2 1 1 137 26 18 1 35 27 42 4 1 56 645 142 149 0 5 25 15 0 24 8 1 1 0 2
348 55 199 32 51 49 112 204 86 92 4 150 4 9 12 3 2 3 3 3 4 9 6 6 19 1 13 14 239 311 52 25 35 16 1 0 6 4 2 1 228 2 22 62 105 15 8 29 20 994 24331 35020 274 29 1445 82 26 34 1 1 9 52 30 8 30 445 46 28 22 568 185 61 23 343 280 17 387 144 114 10947 11249 3417 422 52 50 16 42 2332 256 306 133 2884 4178 127 50 118 452 95 15 24 9 6 12 9 4 28 5 45 8 3 7 31 0 1 5 0 0 1 0 7 7 4 1 12 9 0 1 0 0 1 6 0 13 66 0 62 1 0 24 8 0 3 0 15 6 6 31 16 34 22 13 90 157 9 1 70 2741 1480 4065 1285 32 3 1 5 26 0 1 0 5 120 16 8 15 3 9 3 292 154 78 0 108 74 104 7 9 196 1328 440 574 5 14 161 61 11 70 2 3 1 0 1
1162 96 455 55 149 127 1028 840 219 671 90 477 13 51 34 15 2 5 3 6 30 61 7 45 80 7 89 71 4865 1298 216 34 53 39 5 8 36 6 13 18 117 1 63 1 26 30 34 16 5 18 109 274 8593 8462 4754 28 138 42 10 6 26 31 138 61 169 8 699 82 159 36 8 171 12 24 613 6 91 7 41 20 86 20 1999 1205 314 94 128 13 8 10 25 169 60 16 78 385 309 9270 110 162 5 8 28 21 7 60 3 3 22 10 24 48 0 0 3 1 0 0 3 1 1 1 1 17 18 0 3 0 0 1 12 0 18 93 2 89 0 1 24 8 0 1 4 3 14 0 1 0 6 12 14 0 4 0 0 1 5 3 8 5 1 2 0 2 32 0 0 1 1 0 9 4 15 10 3 9 1 0 7 3 110 54 5 6 2 26 1 0 3 4 7 1 0 11 15 2 3 1 0 2
864 74 272 45 145 63 679 517 60 313 33 226 0 45 44 30 7 4 0 4 16 51 9 49 91 6 86 114 10666 1265 249 32 35 12 5 13 53 5 22 13 62 3 121 0 5 9 32 13 7 3 23 29 8462 7503 560 16 223 29 19 6 34 47 191 91 218 0 1221 77 192 20 3 49 6 6 600 9 18 2 14 1 28 8 3177 5488 411 105 203 9 2 3 19 48 9 11 73 457 68 1767 120 240 8 5 20 14 12 52 0 2 22 7 27 36 0 0 1 1 1 0 1 1 2 1 1 7 4 0 1 0 0 0 5 0 15 36 1 43 0 0 16 3 0 3 2 6 11 0 1 0 5 11 10 2 5 0 0 1 1 0 0 1 5 1 0 1 11 1 1 1 2 2 10 2 6 2 1 15 1 1 8 1 44 12 1 3 3 16 0 0 2 2 2 1 2 7 14 5 1 1 0 3
660 93 349 58 102 104 324 446 55 271 35 291 4 15 16 7 3 10 1 6 45 54 3 28 59 1 40 36 994 558 161 41 65 22 6 3 9 2 13 11 2639 14 55 3 10 4 29 5 41 15 670 1445 4754 560 12373 488 48 53 7 2 25 22 71 28 67 11 172 60 86 84 24 83 26 12 553 8 48 2 25 77 277 42 2662 216 1055 80 98 24 19 8 27 1349 245 48 79 240 89 2734 78 61 6 10 11 15 11 41 4 1 18 1 20 38 0 0 0 0 0 1 1 1 4 1 1 16 10 0 4 0 0 1 12 1 13 103 4 102 0 0 29 6 0 4 0 4 14 1 1 0 4 8 20 2 6 0 0 1 30 20 16 9 4 3 1 1 32 1 1 1 0 3 11 6 9 10 1 3 2 3 2 1 100 51 8 14 1 30 11 2 6 4 9 1 1 8 13 5 8 1 0 6
485 161 521 137 222 170 70 219 8 99 17 314 0 6 4 2 2 2 1 1 2097 223 3 22 104 9 22 17 128 437 286 47 55 13 0 2 3 7 0 14 967 1 32 0 1 5 21 4 4 2 62 82 28 16 488 2556 57 35 3 3 4 14 30 20 27 1 42 42 28 20 7 44 17 10 313 1 17 0 21 5 42 3 4419 47 3971 166 65 5 3 1 8 208 36 16 32 227 20 34 166 36 1 11 9 10 10 33 2 4 31 2 18 27 1 0 1 1 1 0 1 0 4 0 1 10 10 0 2 0 0 2 8 2 13 81 0 79 0 0 27 7 0 4 0 4 6 0 0 0 1 3 11 1 1 0 0 0 1 2 2 3 3 2 0 2 23 4 1 1 0 0 3 5 6 3 0 4 2 2 1 1 87 35 7 4 1 24 2 2 2 4 6 2 3 13 18 0 4 1 0 7
41 11 35 17 240 33 4 13 5 5 4 35 1 283 187 60 16 23 3 16 60 84 11 133 352 6 454 612 1718 2031 6484 16 34 47 40 23 136 17 79 45 152 13 297 1 5 15 138 71 8 0 4 26 138 223 48 57 7791 57 82 24 129 101 657 394 1252 6 4384 736 1063 24 13 18 7 11 5189 25 0 0 6 0 16 1 369 618 450 1962 2011 2 6 1 49 45 8 16 218 5716 11 20 2641 6680 1 4 8 3 5 24 0 1 0 1 11 20 1 1 3 0 0 3 6 4 10 4 4 6 2 0 0 0 0 3 3 0 10 24 2 32 0 1 24 13 0 5 0 2 10 1 14 0 7 82 20 1 18 0 0 1 0 2 0 0 0 3 0 1 9 1 13 9 6 1 3 1 2 10 7 35 0 0 27 3 34 18 1 2 9 2 0 1 1 2 4 3 2 7 4 0 2 1 0 1
12 2 6 1 60 37 3 3 4 4 4 132 1 1026 481 218 142 72 12 122 87 218 40 25 45 2 148 312 140 65 39 3014 1703 3354 77 396 1379 371 164 34 185 2 32 4 0 18 90 28 2 1 7 34 42 29 53 35 57 5282 1991 2664 186 15 54 51 257 0 49 2171 349 19 6 288 185 38 6604 23 34 2 87 3 42 2 120 61 102 56 38 2 1 0 14 50 22 10 24 2091 13 9 40 12 8 10 13 9 44 51 0 3 7 3 18 95 3 1 8 3 4 1 22 10 33 10 11 100 46 2 10 0 0 5 37 5 72 363 7 477 2 3 244 115 2 41 10 12 68 3 5 0 30 23 141 0 3 5 0 0 5 6 3 8 14 24 1 4 123 17 0 9 4 1 49 28 60 70 4 23 4 3 8 5 317 197 11 47 5 78 2 2 1 21 29 1 4 53 17 0 28 5 1 22
8 1 0 1 15 2 0 0 0 1 1 2 0 2209 265 67 41 29 10 16 29 64 26 312 20 27 1269 502 154 60 21 89 140 1155 1267 3160 1697 173 57 760 77 10 294 3 1 10 648 8 7 0 2 1 10 19 7 3 82 1991 2603 3511 27 10 105 493 330 1 58 2689 164 1 0 18 36 37 448 3 2 1 7 0 4 0 32 19 26 35 12 0 1 0 8 7 1 1 61 41 2 5 23 13 0 2 2 2 8 6 0 0 0 0 3 7 23 3 0 24 15 13 125 3 152 27 112 49 24 2 4 3 0 1 7 0 17 33 8 111 15 11 154 256 9 144 8 1 30 3 1 0 81 17 155 1 5 0 0 1 0 1 0 0 1 4 0 0 7 31 8 13 4 0 13 10 11 42 1 33 0 0 3 4 40 49 8 4 3 16 0 0 2 8 3 0 3 10 1 0 8 5 1 9
1 1 0 0 7 1 0 1 0 0 0 1 0 753 119 113 42 43 7 12 10 32 23 12 5 4 76 90 66 31 11 277 418 5183 159 1108 1567 299 44 55 35 0 12 0 0 4 105 2 1 0 0 1 6 6 2 3 24 2664 3511 1492 28 1 4 25 63 0 15 1218 37 1 0 10 34 2 511 3 0 0 3 0 1 0 4 4 2 4 8 0 2 0 0 4 0 0 2 24 0 1 1 0 0 0 0 2 4 1 0 0 0 0 0 2 1 0 0 1 2 2 8 1 5 0 7 6 2 0 2 0 0 2 6 0 6 13 1 42 1 0 24 24 1 16 4 0 4 0 1 0 4 4 38 0 0 0 0 0 0 0 1 1 1 3 0 0 4 3 1 1 1 1 5 3 6 17 0 3 1 0 2 0 8 33 0 7 0 6 0 0 0 2 2 0 1 2 1 0 1 0 0 5
9 4 4 4 55 38 2 1 14 4 1 85 29 73 169 249 134 5348 369 122 33 227 156 1001 92 25 228 852 151 72 38 153 399 397 7 0 303 864 6838 44 1015 317 5307 239 153 408 56 1694 341 67 18 9 26 34 25 4 129 186 27 28 6900 976 1566 2292 3558 512 134 90 9576 189 354 137 486 37 257 9604 23 8 80 3 117 7 54 74 100 118 21 99 292 44 2872 391 17 155 1682 454 33 18 85 31 2 11 1 0 19 14 0 0 1 1 2 11 10 44 922 17 3 38 45 383 180 478 45 16 22 5 13 44 5 131 57 7 25 28 5 85 8 3 168 158 137 61 492 7 16 63 326 35 193 3869 78 32 158 3 3 48 3 1 4 24 12 13 0 3 24 11 493 264 90 253 37 61 24 32 192 1733 9 40 882 181 32 45 33 17 301 13 15 28 74 9 17 160 79 23 1 1 8 5 3 19
10 1 7 1 39 21 3 5 3 2 1 16 3 29 111 116 5 146 54 43 26 217 51 87 98 16 27 35 198 57 36 20 25 20 5 0 17 50 63 36 274 67 741 20 96 118 35 7478 264 141 13 52 31 47 22 14 101 15 10 1 976 16867 8805 391 237 55 192 36 2058 5299 3570 14 38 9 61 1480 16 5 13 24 481 193 66 80 106 136 24 562 1163 262 2106 406 59 432 5299 153 11 8 88 15 0 3 2 1 4 2 1 3 0 0 1 1 1 2 9 9 2 9 4 14 13 21 18 6 5 1 12 6 7 8 12 1 1 2 3 12 4 0 16 23 6 20 6 10 8 154 137 7 12 255 15 1183 4507 18 20 509 70 31 94 744 3 2 0 0 4 5 26 127 424 47 9 18 2 6 594 188 197 1036 1281 146 8 15 12 2 317 26 548 496 2086 5 2 2406 1147 5 8 1 5 1 0 12
29 2 15 8 101 43 7 7 8 8 0 37 7 46 88 157 13 177 76 21 50 452 61 124 371 27 100 82 919 214 145 34 39 41 22 4 26 91 76 87 232 51 1534 33 90 201 320 1852 124 62 11 30 138 191 71 30 657 54 105 4 1566 8805 28115 9171 5232 39 992 244 9872 784 686 15 55 12 166 925 11 5 16 1 98 9 281 329 419 661 121 58 232 124 2562 127 16 138 6972 391 16 26 423 109 0 1 0 0 4 2 0 3 0 0 0 0 2 1 15 2 0 16 21 19 31 30 22 4 9 1 3 1 2 8 18 4 7 6 1 14 2 0 20 19 8 14 11 4 5 55 121 4 23 422 14 135 952 3 3 159 11 1 9 81 1 2 0 0 2 0 31 143 265 55 7 7 5 7 709 428 26 170 1053 239 4 8 4 3 496 7 38 54 201 2 1 789 326 10 3 1 7 1 2 4
7 2 8 4 15 8 3 0 0 3 1 7 78 445 177 300 23 1229 250 13 30 238 47 532 287 35 3336 3641 380 35 79 22 21 41 287 30 60 57 631 246 159 27 6662 9 95 2100 747 137 25 11 3 8 61 91 28 20 394 51 493 25 2292 391 9171 6564 8276 46 648 584 2938 68 27 9 24 25 111 64 4 1 4 1 11 1 169 244 225 477 105 2 24 6 584 48 6 20 1634 60 8 6 383 110 0 1 0 0 3 4 0 0 1 0 0 2 6 13 130 10 4 26 25 217 54 147 38 8 2 0 1 6 0 16 17 3 3 11 3 27 4 1 37 47 35 19 96 0 1 12 79 3 21 1502 20 1 21 0 0 4 2 1 0 1 2 4 0 1 3 6 211 57 14 31 8 10 4 7 28 516 0 9 155 32 6 15 6 5 44 7 1 0 11 5 1 15 7 7 2 0 1 1 0 0
23 6 16 4 67 31 8 14 2 8 0 21 44 334 677 552 17 761 40 5 25 81 33 98 77 9 365 3047 1447 257 184 57 32 103 113 16 52 44 5046 33 269 44 998 7 126 842 161 123 41 1 9 30 169 218 67 27 1252 257 330 63 3558 237 5232 8276 5323 60 977 924 7683 50 28 10 17 2 503 154 1 0 4 0 22 2 238 234 212 364 53 6 14 4 316 71 11 26 608 302 2 16 257 185 0 5 0 0 5 7 0 0 0 0 1 2 14 8 259 20 3 11 26 190 70 88 26 3 4 1 3 16 2 34 44 0 8 16 3 37 7 2 71 66 48 49 152 4 7 21 153 6 67 2687 50 6 29 0 0 3 0 4 1 5 2 4 0 4 9 4 468 104 38 69 14 31 10 11 52 1138 3 10 245 42 15 13 4 7 104 4 0 0 7 5 3 23 13 19 0 0 6 2 1 4
4 1 2 0 1 2 8 5 57 3 1 2 701 0 16 6 22 39 328 4 2 7 0 6 4 0 2 11 4 3 2 1 9 10 0 0 9 130 4 1 26 4 88 340 2562 3873 2 74 23 2201 109 445 8 0 11 1 6 0 1 0 512 55 39 46 60 1885 5 0 119 12 43 109 103 675 3 80 829 1106 445 357 83 1174 4 0 2 4 1 315 126 553 4155 45 5 9 75 3 372 49 2 0 0 3 0 0 3 5 1 0 0 0 2 2 0 3 755 3 0 1 3 86 53 197 8 0 1 0 1 3 0 3 3 2 4 8 0 21 1 0 57 41 3 3 4 1 2 4 306 33 86 1503 2 12 64 0 0 30 43 16 68 67 1 1 0 1 2 0 71 18 22 2903 2 1 2 0 38 124 13 14 516 57 5 3 20 0 56 6 44 20 48 1 0 83 22 3 0 0 0 0 0 0
320 121 286 63 168 112 30 86 6 47 16 221 0 153 83 69 2 25 9 6 17 185 58 445 875 53 730 553 4380 546 1179 48 88 38 49 13 61 13 54 194 121 28 702 0 5 24 279 58 26 3 21 46 699 1221 172 42 4384 49 58 15 134 192 992 648 977 5 8582 605 902 56 12 45 32 27 2523 28 15 0 15 1 30 0 941 6351 752 1788 2129 2 9 2 85 86 21 31 428 1006 20 24 1751 2031 2 5 8 11 14 37 0 3 9 3 9 38 2 0 9 2 0 2 6 3 10 7 2 6 11 1 3 1 0 0 11 0 14 82 0 59 2 0 33 17 0 6 3 4 10 5 8 1 9 64 19 0 4 0 0 0 1 2 1 3 3 8 0 0 24 3 11 10 3 4 12 6 6 13 11 41 1 1 15 7 73 41 6 7 10 22 1 0 5 2 4 8 3 5 16 0 5 1 0 5
16 2 19 4 11 11 1 8 2 5 1 22 0 1438 381 250 86 52 9 54 136 369 32 233 384 24 1090 1107 321 27 206 195 262 1575 287 584 1172 212 184 250 226 4 280 6 2 15 1675 30 5 1 13 28 82 77 60 42 736 2171 2689 1218 90 36 244 584 924 0 605 3526 608 18 10 48 129 124 2959 10 20 0 38 3 24 2 204 210 269 569 1796 3 0 1 18 60 8 15 97 50 10 6 655 303 4 5 10 1 38 36 0 3 2 2 1 30 11 11 6 29 16 8 138 10 180 23 69 105 60 8 20 5 1 18 24 3 62 201 15 574 19 15 499 435 7 154 25 8 71 7 3 1 118 42 358 5 11 2 0 1 5 4 1 4 6 14 0 1 55 89 9 17 11 3 44 42 59 154 4 47 4 2 17 4 126 242 20 36 7 42 2 0 3 30 20 4 6 39 3 1 38 19 3 36
39 6 21 6 210 135 11 12 1 8 3 84 22 190 401 415 25 1079 54 21 46 176 64 173 114 13 89 748 1454 553 309 244 144 192 34 8 104 161 6920 39 658 203 2773 36 131 131 105 5610 212 83 16 22 159 192 86 28 1063 349 164 37 9576 2058 9872 2938 7683 119 902 608 9448 297 530 48 109 17 611 5627 2 1 35 2 152 10 274 232 249 364 73 81 233 49 2156 271 22 95 1992 1282 4 37 249 142 0 9 1 0 7 8 1 1 0 0 3 7 14 2 147 19 8 12 38 61 104 67 40 10 10 2 11 15 5 22 40 1 5 22 3 52 7 1 93 97 19 68 67 4 10 87 298 16 114 2148 68 116 406 1 4 76 7 3 9 43 4 8 0 0 10 11 314 364 212 145 23 22 17 10 720 1530 12 119 1767 456 17 20 11 9 767 10 34 52 126 4 5 461 269 12 3 2 10 8 2 7
94 21 62 11 17 17 24 48 5 21 5 43 0 18 68 64 5 45 16 23 17 108 30 69 46 5 15 15 82 69 17 7 17 6 5 0 4 6 13 9 248 51 439 8 33 35 11 272 254 43 858 568 36 20 84 20 24 19 1 1 189 5299 784 68 50 12 56 18 297 4767 2543 11 11 8 94 121 16 2 7 27 2834 201 73 40 32 53 12 443 205 81 333 1589 2212 2067 1643 52 7 16 37 7 0 2 1 2 6 14 0 6 3 0 2 9 0 0 0 5 0 1 1 5 0 5 2 4 2 1 5 1 1 1 8 0 1 19 0 20 0 0 8 2 2 3 2 5 3 28 24 1 2 40 5 354 746 9 5 94 223 98 250 1205 3 0 2 1 11 1 2 23 42 18 2 4 5 2 56 26 165 619 211 19 25 10 4 3 45 27 319 121 1099 1 0 407 241 1 10 0 1 0 0 1
28 14 32 4 20 7 12 29 6 18 3 22 5 11 31 26 4 29 11 13 6 29 13 33 6 7 5 11 33 51 23 8 20 6 3 1 9 21 23 5 215 37 219 18 98 44 9 4313 208 138 67 185 8 3 24 7 13 6 0 0 354 3570 686 27 28 43 12 10 530 2543 13154 21 18 19 45 1081 28 8 16 54 8463 315 14 5 7 7 3 2231 2532 424 1607 885 218 306 378 65 31 9 6 8 3 1 2 1 2 7 0 6 1 0 1 2 1 0 6 7 0 10 3 6 6 11 2 2 7 0 2 1 0 1 7 0 2 7 3 4 1 0 7 8 4 10 2 17 3 66 65 3 6 102 3 1198 2374 12 12 267 257 118 365 2258 2 3 0 1 5 0 10 50 132 26 7 7 3 0 148 57 331 1559 593 43 12 14 14 3 111 27 832 386 2939 0 0 1192 518 5 15 1 4 4 0 0
