34209 5368 9266 2297 658 1360 11496 10100 631 2382 195 1973 2 1 6 2 6 8 1 1 358 72 5 13 38 0 7 2 12743 11390 318 21 269 11 0 0 2 5 0 5 1745 12 35 9 9 6 3 10 53 8 132 146 767 990 1131 534 38 1 0 0 1 15 9 4 1 2 399 15 3 74 43 221 128 65 13 2 41 5 161 11 159 8 2331 634 2193 788 41 48 11 4 23 386 105 37 52 65 246 2545 121 38 59 11 43 79 18 246 37 41 84 210 223 462 0 4 0 1 1 0 0 4 6 0 1 3 0 0 0 0 0 0 15 0 39 198 0 82 0 0 25 16 8 2 1 9 23 0 2 1 2 1 0 0 1 2 0 2 4 6 5 4 12 11 2 4 6 0 1 0 0 2 20 10 5 0 0 1 4 1 1 0 172 51 12 0 1 85 3 6 7 1 25 2 0 14 64 8 8 0 0 0
5368 9518 3318 7892 1548 1892 101 126 27 278 143 1705 1 1 0 0 0 1 0 1 177 60 1 2 17 0 2 0 286 3349 152 5 28 3 0 0 2 7 0 0 432 1 8 1 0 2 1 0 1 0 14 17 39 44 72 99 32 2 0 0 0 1 1 1 2 0 48 4 1 7 4 61 32 18 6 2 6 0 40 0 13 1 248 78 481 230 8 5 6 2 0 42 10 3 7 23 24 55 55 11 14 9 38 58 17 148 8 8 24 45 106 283 0 0 0 0 0 0 0 0 1 0 0 2 1 0 0 0 0 0 8 0 27 113 0 39 0 0 12 4 2 0 0 2 6 0 0 0 3 0 1 0 0 0 0 1 1 4 1 0 10 7 1 1 8 0 0 0 0 1 12 2 4 0 0 0 0 0 0 0 94 27 8 0 0 49 1 2 1 1 7 0 0 11 22 1 6 1 0 1
9266 3318 22941 6149 195 5134 314 8602 186 4875 719 26842 1 1 1 0 0 3 4 0 347 102 1 4 35 0 1 0 484 720 49 4 62 2 0 0 3 15 0 0 998 6 11 8 1 0 2 2 18 1 34 62 100 109 227 237 26 1 0 0 4 5 2 4 0 0 131 7 0 17 13 152 82 40 8 5 16 0 111 0 42 5 721 199 1126 489 21 13 3 2 8 106 40 9 11 29 81 161 113 19 56 19 158 132 37 442 41 46 87 194 323 819 0 0 1 0 0 0 2 2 4 1 1 5 2 0 0 0 0 0 19 3 84 317 1 119 0 0 15 5 2 0 1 2 43 0 0 0 4 1 1 0 0 1 0 2 2 6 1 0 27 21 1 8 8 0 0 0 0 1 17 11 12 1 0 1 2 2 1 0 331 51 13 0 1 126 2 2 3 2 25 0 0 26 102 5 4 2 0 0
2297 7892 6149 10745 6775 8381 193 195 27 435 324 6569 1 0 0 2 2 2 1 0 341 123 2 1 23 0 1 0 478 2896 758 9 107 1 0 0 3 8 0 1 539 2 11 3 1 1 1 0 4 1 10 19 40 48 74 104 90 2 1 0 0 1 3 5 0 0 69 4 2 9 5 144 51 38 6 2 21 0 96 1 17 4 296 101 693 316 7 5 3 1 3 34 8 5 7 49 47 103 90 14 30 15 63 103 31 304 16 21 36 103 179 530 0 2 0 0 1 1 2 2 1 0 0 2 2 0 0 0 0 0 12 2 65 188 0 77 0 1 18 5 3 0 0 7 24 0 0 1 2 3 3 0 0 0 0 1 7 3 2 1 17 17 1 6 8 0 0 0 0 1 25 6 3 0 0 0 0 0 2 0 225 43 14 0 1 98 1 0 2 5 23 0 0 19 52 5 8 1 0 4
658 1548 195 6775 8915 7711 478 175 44 126 17 3393 0 115 82 6 28 14 5 6 323 189 16 22 50 2 42 25 3743 8489 8194 506 2089 63 19 6 47 24 11 2 505 3 51 10 2 1 6 8 6 1 15 25 174 262 225 108 4651 66 19 6 6 36 121 60 52 0 977 59 43 17 3 928 616 42 496 15 39 1 312 0 25 1 541 227 813 486 60 12 8 3 20 56 13 7 49 1107 72 410 186 78 4 5 13 22 11 83 5 8 8 26 53 154 0 0 0 0 0 1 0 2 7 3 3 6 0 1 2 1 0 0 11 0 18 88 1 62 0 0 16 4 2 1 1 4 15 0 1 0 2 0 3 0 1 1 0 0 1 5 0 1 10 12 0 2 5 0 0 2 0 0 12 7 5 0 1 2 1 1 0 0 114 45 9 2 0 54 3 1 0 2 14 1 0 11 22 0 4 0 1 1
1360 1892 5134 8381 7711 9055 547 488 52 368 70 8535 0 20 33 4 12 4 3 5 396 247 9 5 35 0 2 7 1800 3806 1823 3524 6346 32 0 0 10 7 5 3 530 2 12 5 0 0 0 2 11 1 13 24 133 173 172 103 260 29 9 0 3 5 28 11 6 0 197 11 13 10 5 2234 1377 52 341 6 43 0 534 0 15 3 381 152 701 325 25 8 1 3 5 50 14 1 14 599 150 284 123 31 13 19 56 59 32 217 10 15 25 51 156 386 0 0 0 0 1 2 0 0 4 1 2 8 0 1 1 0 1 0 21 0 48 224 0 82 0 0 27 8 3 0 0 5 18 1 1 0 7 6 1 0 0 2 0 1 0 4 0 0 14 10 0 6 4 0 0 0 0 1 12 7 7 0 0 0 1 0 1 0 226 57 15 0 0 103 1 0 4 3 15 0 0 22 63 2 6 0 1 0
11496 101 314 193 478 547 11721 7612 1481 1586 99 651 3 1 5 1 1 2 1 0 58 31 1 1 9 0 3 0 3536 1826 264 28 205 0 0 0 2 1 1 2 176 1 5 1 7 1 0 0 8 5 26 25 719 780 527 56 12 1 0 0 1 3 7 1 1 1 47 2 0 12 6 247 89 35 6 1 19 5 87 4 26 5 630 119 305 66 9 16 4 3 4 73 17 6 4 50 327 5987 25 12 23 5 12 24 7 97 13 20 36 72 94 127 0 0 0 1 0 1 0 2 0 1 0 2 0 0 1 0 0 0 7 0 13 74 0 27 0 0 8 3 2 0 1 1 15 1 0 0 0 2 0 0 0 0 0 2 2 1 2 2 7 5 0 0 0 0 1 0 0 0 6 3 3 0 0 0 0 0 0 0 72 17 3 0 1 36 0 0 0 0 5 1 0 5 25 3 1 0 0 1
10100 126 8602 195 175 488 7612 18829 5461 24696 408 2695 5 2 0 3 0 3 1 0 109 23 2 5 12 1 2 0 719 857 102 5 101 3 0 0 2 7 0 0 653 6 18 5 16 1 2 3 17 6 55 87 445 362 582 242 10 1 0 1 2 4 5 4 1 5 181 6 0 39 12 144 71 54 8 5 54 6 131 6 66 6 1088 254 883 244 18 13 4 4 11 175 40 15 21 33 568 2058 36 26 65 10 32 59 13 238 45 68 107 280 246 405 0 0 2 0 0 1 0 8 1 3 0 3 6 0 1 0 0 1 7 1 26 95 0 41 0 0 11 3 0 2 0 5 11 0 2 0 4 3 0 0 2 4 0 1 1 1 0 3 14 6 2 11 0 0 0 1 2 1 6 6 6 0 1 0 2 0 1 0 120 28 13 0 0 55 2 0 4 0 13 2 0 8 72 18 2 2 0 3
631 27 186 27 44 52 1481 5461 3516 4054 207 290 41 0 0 0 2 2 2 0 6 3 0 0 0 0 0 0 140 149 13 5 92 1 0 0 2 1 0 0 44 1 1 8 83 0 0 1 4 40 1 17 238 57 77 16 3 0 1 0 1 1 1 0 0 19 37 1 0 1 1 351 92 183 5 0 256 49 243 11 21 39 84 21 41 12 0 23 2 5 11 13 0 1 2 18 3505 898 2 4 19 3 14 10 2 52 20 26 25 93 66 93 0 0 0 0 1 1 0 2 3 1 1 1 0 0 0 0 0 0 4 1 6 38 0 17 0 0 20 5 1 0 0 0 4 1 0 0 3 4 0 0 0 0 0 0 2 3 2 5 3 3 0 2 2 0 0 1 1 1 4 2 4 0 0 0 3 1 6 0 30 17 12 0 0 13 3 1 0 1 4 1 0 8 28 2 2 0 0 0
2382 278 4875 435 126 368 1586 24696 4054 36351 8473 27497 76 0 0 2 1 4 3 1 96 32 5 4 6 0 2 1 585 406 42 25 496 4 0 0 1 6 0 2 313 1 5 26 177 17 2 3 7 72 16 41 240 154 239 95 12 2 1 0 0 3 1 2 2 48 143 5 2 11 7 3808 576 475 15 3 2705 196 2118 28 45 77 459 127 361 112 8 40 5 8 17 82 18 14 13 39 4478 943 21 9 190 46 168 309 103 1017 161 226 298 844 1087 1990 2 5 0 1 3 5 2 15 15 10 2 9 7 2 1 0 0 0 49 7 155 656 0 295 0 0 63 16 8 9 2 32 81 1 5 1 4 12 7 0 2 6 0 7 18 28 5 8 56 32 12 19 15 1 2 4 0 9 75 47 21 0 1 3 2 1 8 2 863 183 58 2 2 365 6 4 8 7 56 3 2 50 372 40 25 1 1 6
195 143 719 324 17 70 99 408 207 8473 2246 4105 1 0 0 0 0 0 1 0 6 4 0 0 0 0 0 0 109 81 5 3 54 0 0 0 0 1 0 0 20 0 0 1 5 0 1 0 0 2 1 2 26 9 20 9 0 0 0 0 0 0 0 0 0 0 8 0 0 1 0 2696 38 23 0 0 79 6 726 1 0 2 26 9 29 13 0 0 0 1 2 6 3 0 1 3 428 65 3 0 37 15 26 73 24 324 22 54 57 204 318 632 0 0 0 1 0 0 0 1 0 0 0 3 1 1 0 0 0 0 6 0 39 149 0 35 0 0 7 0 0 0 0 1 23 0 0 0 1 0 0 0 0 0 0 0 1 3 1 0 8 6 2 2 5 0 0 0 0 4 9 3 2 1 0 0 0 0 3 0 260 21 6 1 0 112 0 2 0 2 8 0 0 6 141 4 2 1 0 1
1973 1705 26842 6569 3393 8535 651 2695 290 27497 4105 21732 0 7 9 0 2 1 1 2 399 206 3 10 51 0 0 1 872 2522 831 217 2170 1 0 0 1 12 0 0 519 1 6 5 0 1 2 0 4 1 14 21 93 98 128 91 107 10 1 0 0 2 6 6 1 1 119 10 0 9 2 4304 278 59 69 0 71 1 2460 0 18 2 340 110 653 274 29 5 2 2 3 38 5 3 10 250 495 308 120 24 107 52 512 386 117 1245 92 129 225 551 1172 2450 0 1 0 0 0 3 2 4 3 5 0 8 6 1 1 0 0 0 56 3 208 764 0 189 0 0 29 7 5 1 0 15 69 0 4 0 5 6 6 0 0 4 0 6 9 16 1 0 47 31 4 15 25 0 0 3 0 5 49 19 19 1 0 2 2 0 2 0 1220 102 39 0 0 450 3 4 5 4 57 0 0 61 377 22 22 2 0 7
2 1 1 1 0 0 3 5 41 76 1 0 5158 1 3 10 9 176 5531 9 0 3 1 19 2 1 16 7 3 0 0 0 9 0 1 0 3 110 6 1 12 2 36 5440 2639 1046 1 5 10 137 0 1 4 1 2 1 0 0 0 0 3 12 5 7 12 3707 3 2 5 11 16 43 272 1117 0 5 1104 417 785 3 20 24 1 1 2 2 1 59 34 70 166 13 0 2 29 1 475 13 2 0 0 0 0 0 1 1 0 0 0 0 1 1 1 45 264 4 5 108 3 1295 27 387 11 1 0 2 0 4 0 16 4 2 2 5 1 12 0 3 22 9 172 1 70 0 0 18 110 19 22 1039 0 13 19 3 0 12 0 1 1 1 0 1 0 1 1 0 54 84 31 397 2 3 10 2 13 86 1 3 207 11 1 2 80 2 14 2 1 18 11 0 0 43 11 8 0 0 0 0 1 2
1 1 1 0 115 20 1 2 0 0 0 7 1 10646 9798 1077 1464 193 220 362 91 148 326 1832 42 41 3092 801 245 84 232 7 318 1124 4152 2448 4761 161 153 377 698 111 498 5 3 27 269 13 41 1 1 0 14 10 13 5 203 743 2401 509 28 58 457 487 345 1 345 808 124 17 8 19 188 5 1367 21 2 0 17 0 4 0 10 18 35 35 266 4 17 8 47 76 8 10 165 535 1 8 31 587 0 2 0 0 0 0 0 0 0 0 2 2 0 0 3 0 1 2 5 12 12 9 10 0 1 0 0 0 0 1 0 0 0 3 0 5 0 0 18 17 8 2 0 0 1 0 1 0 3 9 2 0 1 0 0 0 0 0 1 1 0 0 0 1 1 0 0 0 1 1 1 2 1 1 1 0 1 0 2 0 1 8 1 0 1 1 1 1 2 0 1 4 1 1 1 0 1 0 1 2
6 0 1 0 82 33 5 0 0 0 0 9 3 9798 19591 11061 1596 747 221 1332 120 201 431 1059 61 31 2793 2605 176 99 152 10 254 364 1265 117 709 163 767 265 1325 169 560 10 7 44 211 47 171 6 4 0 3 9 13 8 153 642 517 172 156 186 985 559 884 1 220 434 383 44 12 23 202 8 1254 65 4 0 25 0 13 2 17 19 45 33 216 28 30 23 120 240 18 44 213 381 1 3 28 387 0 1 1 0 1 2 0 0 0 0 0 3 2 6 1 0 7 8 25 50 67 41 36 7 6 1 1 0 0 1 0 1 0 7 0 22 0 0 31 25 7 5 3 0 5 1 2 0 19 13 11 2 7 1 0 5 1 0 0 2 2 3 0 1 0 1 1 3 2 2 7 6 4 8 2 4 1 0 3 0 4 16 13 1 2 4 2 1 9 7 4 11 2 3 2 0 5 2 3 11
2 0 0 2 6 4 1 3 0 2 0 0 10 1077 11061 21012 1565 3339 1102 3326 13 45 202 416 26 59 1348 4330 15 7 11 0 169 176 305 2 307 170 2377 195 1105 285 356 18 5 55 34 75 156 3 2 1 1 1 11 6 14 33 51 26 202 267 809 400 1228 1 22 63 439 43 13 1 193 35 57 69 0 1 7 1 13 1 6 1 3 6 24 31 50 18 114 309 27 73 174 25 2 1 9 27 0 0 0 0 0 0 0 0 0 0 0 0 73 157 117 38 2 343 28 618 105 1637 63 4 2 2 4 2 0 51 0 0 0 2 1 8 1 8 25 17 75 10 35 0 4 2 41 22 102 66 9 7 6 1 0 14 0 0 0 3 0 0 0 0 0 7 3 10 5 12 1 1 1 4 1 11 0 2 16 1 0 4 72 2 1 0 2 5 12 1 0 11 4 0 0 1 1 1 1 0
6 0 0 2 28 12 1 0 2 1 0 2 9 1464 1596 1565 2254 185 1420 1753 133 390 486 182 164 10 231 83 32 24 43 6 225 237 289 45 981 2507 114 329 576 40 99 15 5 13 462 14 28 1 0 0 6 1 3 5 29 326 354 102 35 24 73 56 86 1 53 335 39 8 8 10 206 100 475 10 1 5 13 0 4 0 18 15 60 73 90 3 6 7 23 40 4 10 45 159 4 0 71 93 3 5 1 6 2 5 1 0 1 0 1 10 43 17 9 15 38 58 187 54 562 429 316 76 68 8 19 1 1 16 10 8 2 38 1 92 5 17 271 225 4 83 4 9 33 6 9 9 192 19 88 2 2 1 3 1 3 5 0 0 12 17 0 2 5 11 2 9 4 6 49 37 9 30 1 5 3 3 5 0 14 81 59 7 1 9 0 1 2 29 27 1 8 10 1 1 49 15 6 61
8 1 3 2 14 4 2 3 2 4 0 1 176 193 747 3339 185 13607 4514 334 14 79 134 4143 67 74 4695 2516 32 14 16 3 763 379 89 3 463 1103 10259 168 874 396 1421 311 33 2439 48 392 253 18 2 2 2 0 11 15 28 38 75 28 4718 637 1381 3390 4186 341 70 120 1755 108 65 4 1466 121 100 236 14 2 66 0 35 4 9 9 17 30 44 59 121 57 590 542 61 115 634 43 9 0 10 39 0 7 0 2 2 1 0 1 0 0 1 1 16 949 1297 51 11 655 35 4201 165 2164 61 10 2 2 0 15 2 412 12 4 0 16 9 53 3 5 137 51 1137 3 700 0 7 35 153 169 149 2221 8 23 40 1 1 16 0 1 0 1 0 1 0 2 9 2 81 237 70 501 4 8 46 12 29 151 2 6 145 7 2 26 163 21 14 5 9 10 37 1 4 33 31 13 0 1 5 1 3 3
1 0 4 1 5 3 1 1 2 3 1 1 5531 220 221 1102 1420 4514 63373 9758 80 177 194 1448 93 43 2424 849 25 14 5 0 435 65 207 5 465 11508 467 235 486 129 517 7138 125 3226 216 45 98 16 0 2 2 3 7 6 13 9 67 5 78 96 226 974 712 745 36 104 141 42 20 8 1740 7499 36 44 49 39 174 1 21 8 10 11 19 32 56 30 73 40 355 197 23 34 216 18 16 1 49 21 0 4 0 3 3 7 1 4 1 0 0 13 723 1380 1751 416 130 4287 871 10289 2682 17371 2353 190 124 44 78 37 4 588 15 8 3 93 16 210 34 126 780 607 1245 221 536 23 105 63 287 300 1448 2367 244 26 35 6 7 49 0 1 1 0 10 7 0 6 15 78 66 241 68 560 65 50 38 146 25 131 5 5 203 8 7 134 1814 32 18 15 2 19 21 47 24 49 42 22 1 1 75 27 23 83
1 1 0 0 6 5 0 0 0 1 0 2 9 362 1332 3326 1753 334 9758 8747 57 126 191 160 62 18 512 50 15 9 11 0 341 129 372 3 396 1490 84 307 428 37 139 42 3 24 285 9 48 3 0 0 4 0 3 3 17 91 83 17 57 22 49 35 31 3 30 116 35 7 4 3 481 138 141 14 0 1 11 0 3 1 9 6 12 17 37 6 14 5 27 61 2 11 41 47 2 0 20 32 0 3 1 1 4 5 0 1 0 0 1 5 214 104 71 95 26 306 188 180 755 2215 487 85 47 14 25 4 4 53 2 3 2 25 1 43 8 31 223 168 16 104 9 4 24 12 31 26 297 23 95 4 6 2 1 5 0 1 1 0 4 1 0 0 7 24 3 33 3 3 14 21 8 53 1 5 1 3 15 0 7 56 151 5 1 2 0 3 5 20 14 7 4 4 0 0 20 11 6 35
358 177 347 341 323 396 58 109 6 96 6 399 0 91 120 13 133 14 80 57 10579 8979 1104 167 1327 19 55 12 347 316 185 46 671 268 8 3 207 380 9 171 1491 33 206 96 1 6 116 4 40 1 4 4 19 27 44 1649 146 131 19 23 11 18 38 45 13 0 249 162 8 15 6 257 927 60 352 6 22 0 239 1 13 0 1204 68 4769 907 448 7 17 10 31 54 8 24 66 589 13 34 2572 212 3 4 1 7 1 7 1 1 2 5 13 19 0 0 1 0 7 2 40 4 56 8 28 11 12 0 6 0 0 0 4 1 6 44 1 71 0 0 83 68 2 7 0 1 19 1 1 0 25 3 6 0 3 1 0 0 2 4 0 1 9 9 0 3 2 0 1 1 0 0 17 5 2 2 1 4 1 0 0 0 16 59 10 2 0 25 0 0 2 5 10 1 1 4 3 0 10 2 0 8
72 60 102 123 189 247 31 23 3 32 4 206 3 148 201 45 390 79 177 126 8979 20385 4544 1806 6512 322 422 21 280 207 116 41 878 616 45 2 506 1027 33 2422 1619 342 1561 223 14 42 1122 25 262 6 3 4 26 17 39 151 113 267 96 57 31 93 115 136 37 2 331 463 27 74 31 182 1525 61 424 59 23 1 321 1 14 3 207 127 1667 978 882 40 98 45 168 235 30 67 508 504 13 23 4974 222 2 3 1 2 5 8 0 0 1 1 2 11 0 0 2 6 17 2 53 7 108 18 57 12 16 0 5 0 0 2 6 0 2 54 0 92 0 2 127 118 4 8 1 2 17 0 0 0 27 13 9 4 14 1 0 2 0 3 1 2 9 8 0 1 3 1 3 4 2 2 26 12 3 0 1 2 1 1 13 2 16 71 25 2 4 14 2 4 17 8 17 12 2 7 2 1 12 3 1 10
5 1 1 2 16 9 1 2 0 5 0 3 1 326 431 202 486 134 194 191 1104 4544 5088 4681 1100 2308 855 44 43 11 7 3 193 378 66 5 647 648 77 3904 6963 1504 907 62 2 32 501 27 232 7 1 0 1 3 15 6 20 57 90 31 41 35 37 43 30 0 69 175 26 33 11 6 381 9 110 26 3 1 46 0 8 0 14 24 53 63 92 17 43 22 87 282 20 52 172 63 4 1 199 34 0 1 0 0 0 1 0 2 0 0 0 2 0 3 3 1 5 1 9 17 29 6 15 6 5 0 0 0 0 1 0 0 0 9 0 12 0 0 27 15 1 1 4 0 4 1 1 0 11 15 2 2 4 0 0 3 1 1 0 0 1 2 0 0 1 0 0 3 2 1 4 2 2 0 1 1 0 4 6 0 2 16 1 2 4 5 3 3 6 4 1 5 1 2 0 0 5 1 0 3
13 2 4 1 22 5 1 5 0 4 0 10 19 1832 1059 416 182 4143 1448 160 167 1806 4681 12694 1358 3595 7654 213 178 40 102 3 135 170 1029 50 125 268 229 8598 3441 8011 6740 86 29 3063 1047 45 482 5 4 1 27 27 51 22 184 93 1249 49 1332 71 150 2402 422 33 711 1601 279 69 26 3 382 14 251 82 5 1 37 1 18 0 70 172 193 363 710 41 48 35 806 556 32 100 506 99 0 1 267 279 0 0 0 0 1 1 0 0 0 0 0 1 0 15 80 2 1 16 4 388 18 40 6 0 2 2 0 2 0 3 2 0 0 1 1 14 0 0 9 7 86 1 42 2 1 6 34 2 1 366 0 6 21 0 0 8 0 0 0 4 1 1 0 0 2 0 14 41 14 52 1 3 10 1 8 28 2 3 48 0 2 4 7 0 6 2 3 7 15 0 0 17 7 1 1 0 0 1 0 0
38 17 35 23 50 35 9 12 0 6 0 51 2 42 61 26 164 67 93 62 1327 6512 1100 1358 10877 168 395 23 138 33 86 4 196 134 73 3 173 487 10 2711 644 157 1216 147 6 30 3477 21 90 7 2 5 38 26 66 115 107 42 95 12 28 109 222 272 18 0 747 1079 25 67 16 38 626 52 108 45 9 1 119 0 11 0 334 429 1601 2108 3117 22 71 36 120 113 25 47 487 110 2 4 2876 258 2 1 3 0 4 2 1 0 0 0 0 7 0 0 0 0 14 6 26 8 58 8 27 7 6 1 2 0 1 1 4 0 2 30 0 31 0 0 77 69 1 2 0 1 11 1 1 1 19 6 3 4 10 0 1 5 0 1 1 0 4 5 0 0 0 1 1 2 0 2 10 3 2 0 2 4 0 0 5 1 7 38 16 2 3 4 0 3 11 9 6 13 2 3 0 0 7 3 0 7
0 0 0 0 2 0 0 1 0 0 0 0 1 41 31 59 10 74 43 18 19 322 2308 3595 168 1543 1911 21 2 1 3 0 1 2 96 0 4 8 5 4045 475 561 129 1 0 6 87 1 25 0 0 0 0 0 3 1 0 0 27 0 2 3 3 16 3 0 12 21 1 4 0 1 4 0 8 0 0 0 1 0 2 0 0 3 4 7 10 3 3 0 9 30 1 5 24 4 0 0 11 2 0 0 0 0 0 0 0 0 0 0 0 0 0 0 0 0 0 0 0 2 0 0 0 0 0 0 0 0 0 0 0 0 0 0 0 0 0 0 0 0 0 0 0 0 0 1 1 0 0 1 0 0 0 0 0 0 0 0 0 0 0 0 0 0 0 0 0 0 0 0 0 0 0 0 0 0 0 1 2 0 0 0 0 0 0 0 0 0 1 0 0 0 0 0 0 0 0 0 0 0
7 2 1 1 42 2 3 2 0 2 0 0 16 3092 2793 1348 231 4695 2424 512 55 422 855 7654 395 1911 30525 11724 234 47 152 4 108 260 3111 71 190 133 328 6459 796 334 1059 30 1 426 656 11 89 3 1 0 16 19 20 12 240 202 1112 152 297 58 460 2417 1165 7 588 1377 129 27 10 6 165 16 503 28 2 0 25 0 7 1 40 75 77 149 567 6 18 17 84 129 9 31 314 174 1 4 104 469 0 0 0 0 0 0 0 0 0 0 0 2 1 25 44 1 1 64 2 523 7 111 1 0 1 0 1 0 0 9 2 0 0 5 0 3 0 1 8 5 51 0 20 0 0 0 3 4 2 127 0 1 2 0 0 0 0 0 0 0 0 0 0 0 1 0 4 3 3 13 0 0 3 0 2 3 0 0 8 1 4 2 8 1 2 0 2 5 6 0 2 5 4 1 1 0 0 0 0 1
2 0 0 0 25 7 0 0 0 1 0 1 7 801 2605 4330 83 2516 849 50 12 21 44 213 23 21 11724 13658 63 40 74 1 67 169 172 32 118 50 3499 83 171 36 86 9 0 76 27 15 21 1 1 0 7 7 5 2 73 165 211 90 141 68 612 1189 2137 3 113 377 343 13 7 4 70 15 375 18 1 0 8 0 3 1 7 10 10 12 147 3 3 7 48 40 6 3 77 126 1 2 14 228 0 0 0 0 0 0 0 0 0 0 0 0 0 79 97 5 0 247 3 1576 8 479 2 0 0 0 0 1 0 17 2 0 0 0 1 5 0 0 5 1 117 0 26 0 0 0 4 15 9 167 0 2 0 1 0 2 0 0 0 0 0 0 0 0 1 0 2 9 2 15 0 1 2 0 1 7 0 1 2 0 1 0 32 0 2 0 1 3 3 0 0 4 1 0 0 0 0 0 0 1
12743 286 484 478 3743 1800 3536 719 140 585 109 872 3 245 176 15 32 32 25 15 347 280 43 178 138 2 234 63 39087 10202 3598 210 1861 159 56 12 75 101 30 41 465 18 323 64 8 22 55 25 38 10 46 66 2740 9730 2548 129 948 92 75 16 28 168 590 286 151 4 5776 231 155 43 23 1544 1614 523 529 54 446 3 1524 7 60 4 2632 1841 1009 291 588 24 40 15 107 165 32 28 301 1635 384 4471 326 559 49 60 92 199 82 423 13 27 50 34 250 859 1 2 2 0 3 7 10 10 29 17 6 20 14 2 1 1 0 5 88 13 152 956 0 549 0 0 185 64 20 10 3 31 117 0 5 1 30 13 10 4 2 5 0 9 15 33 6 2 124 109 3 27 38 2 4 3 3 2 123 66 47 6 0 6 2 0 7 0 823 440 131 5 2 462 4 5 6 23 145 5 5 85 65 14 35 6 0 17
11390 3349 720 2896 8489 3806 1826 857 149 406 81 2522 0 84 99 7 24 14 14 9 316 207 11 40 33 1 47 40 10202 10939 7660 219 1469 65 25 4 38 33 14 3 582 3 59 12 1 11 12 8 18 4 28 59 396 576 434 162 4177 55 25 1 13 44 216 87 67 1 1168 52 59 18 11 931 623 151 406 18 85 2 489 4 39 3 871 322 940 414 62 16 19 7 31 119 39 15 88 2720 171 1074 132 200 35 9 60 90 32 288 22 22 43 71 195 504 1 2 1 0 4 3 0 4 6 4 3 2 4 0 1 0 0 0 22 4 68 315 1 172 0 0 49 16 4 4 1 12 40 0 2 0 6 4 1 1 1 2 0 3 3 9 2 6 24 18 5 10 11 0 2 3 0 1 34 15 15 0 0 2 3 1 3 0 286 114 30 0 0 149 2 2 4 2 33 3 0 31 59 4 7 2 0 1
318 152 49 758 8194 1823 264 102 13 42 5 831 0 232 152 11 43 16 5 11 185 116 7 102 86 3 152 74 3598 7660 6792 22 296 90 52 11 79 39 27 13 330 3 131 16 1 11 27 11 8 2 12 15 122 236 213 100 8902 286 55 26 13 73 355 222 133 1 4069 207 94 21 6 153 204 39 823 19 8 1 87 0 18 1 374 466 672 1397 362 4 16 5 37 46 15 4 143 1304 19 270 1242 3101 2 4 2 5 2 27 1 4 2 7 7 38 0 0 1 0 4 0 4 10 8 1 1 2 0 0 0 0 0 0 6 0 4 30 0 25 0 0 16 11 0 1 2 3 4 0 0 0 3 0 0 0 0 1 0 0 0 3 0 2 5 2 0 2 2 0 0 1 0 0 7 4 1 1 0 0 0 0 3 0 25 29 7 1 1 8 0 0 4 3 5 1 0 1 4 1 3 2 0 3
21 5 4 9 506 3524 28 5 5 25 3 217 0 7 10 0 6 3 0 0 46 41 3 3 4 0 4 1 210 219 22 828 3365 26 0 0 3 1 2 0 53 0 3 2 0 0 1 1 0 0 0 2 7 17 10 10 39 412 1 1 0 0 11 2 3 0 32 3 4 0 0 445 504 14 1853 1 14 0 115 2 7 0 35 7 68 43 4 0 1 0 0 2 0 2 5 2211 24 17 25 2 0 1 7 4 4 11 0 0 3 0 8 26 0 0 0 0 0 0 0 1 0 0 0 0 0 0 0 0 0 0 3 0 4 40 0 20 0 0 6 3 2 1 0 0 1 0 0 0 1 0 0 0 1 0 0 0 0 2 0 0 1 2 0 1 1 1 0 0 0 0 5 1 0 0 0 0 0 0 0 0 29 14 2 1 0 15 0 1 0 0 3 0 0 1 6 0 2 0 0 0
269 28 62 107 2089 6346 205 101 92 496 54 2170 9 318 254 169 225 763 435 341 671 878 193 135 196 1 108 67 1861 1469 296 3365 12600 1962 39 60 769 3469 178 29 640 18 118 21 6 36 65 29 17 2 14 14 117 161 129 81 348 767 326 162 169 78 192 225 191 8 580 571 122 11 7 3944 5315 220 6489 26 124 7 1443 3 17 1 359 197 594 396 229 10 10 4 50 55 11 10 85 6047 795 216 273 212 22 29 41 76 39 291 9 19 26 49 193 544 1 5 22 1 6 12 17 64 50 35 28 23 14 1 4 1 0 2 43 4 87 474 1 240 0 2 171 62 18 14 8 16 64 3 7 2 30 44 18 0 2 5 0 4 4 14 1 0 52 40 0 13 13 2 2 7 2 9 71 26 20 3 0 6 0 0 4 1 393 237 62 8 3 227 2 1 6 21 71 6 3 48 80 8 26 5 3 16
11 3 2 1 63 32 0 3 1 4 0 1 0 1124 364 176 237 379 65 129 268 616 378 170 134 2 260 169 159 65 90 26 1962 5925 304 1158 3149 809 297 25 270 18 104 18 1 23 130 16 8 1 1 3 19 18 25 8 101 1028 2197 6077 118 58 246 248 278 2 188 2141 128 7 6 24 259 23 1479 21 13 1 55 0 3 1 43 52 94 96 264 2 7 0 25 22 2 6 72 628 13 4 100 319 5 5 3 3 2 5 0 0 1 1 7 8 0 4 3 0 4 7 7 31 20 21 8 5 4 0 1 0 0 2 6 2 1 31 0 35 0 0 63 34 11 5 3 1 10 0 1 0 7 15 2 1 1 1 0 2 1 1 0 0 7 8 0 0 1 2 1 1 0 4 13 8 4 2 0 3 0 0 9 0 20 56 7 1 1 11 0 0 1 4 12 1 0 4 1 0 2 1 2 10
0 0 0 0 19 0 0 0 0 0 0 0 1 4152 1265 305 289 89 207 372 8 45 66 1029 73 96 3111 172 56 25 52 0 39 304 2119 601 408 106 10 1413 87 48 251 7 1 9 860 2 13 0 0 0 1 5 4 0 57 89 719 175 6 13 137 248 96 0 159 302 22 8 0 3 33 2 143 9 1 0 4 0 0 0 6 13 6 11 91 3 9 5 18 17 0 3 96 68 0 0 16 119 0 0 0 0 0 0 0 0 0 0 0 0 0 0 0 0 0 2 0 5 0 1 0 0 0 0 0 0 0 0 0 0 0 1 0 1 0 0 3 0 0 0 1 0 1 0 0 0 0 3 0 0 2 0 0 0 0 0 0 0 0 0 0 0 0 0 0 1 0 0 0 0 0 0 0 0 0 0 1 0 0 1 1 0 0 0 0 0 0 0 0 0 0 0 0 0 0 0 0 0
0 0 0 0 6 0 0 0 0 0 0 0 0 2448 117 2 45 3 5 3 3 2 5 50 3 0 71 32 12 4 11 0 60 1158 601 2419 915 25 6 13 7 1 15 1 0 2 15 2 0 0 0 0 0 0 0 0 3 105 2372 1378 1 2 27 32 28 0 8 288 4 0 2 0 15 1 93 1 0 0 2 0 0 0 1 0 0 1 9 0 1 0 1 2 0 0 5 26 1 0 0 24 0 0 0 0 0 0 0 0 0 0 0 0 0 0 0 0 0 0 0 0 0 0 0 0 0 0 0 0 0 0 0 0 0 0 0 1 0 0 0 0 0 0 0 0 0 0 0 0 0 0 0 0 0 0 0 0 0 0 0 0 1 0 0 0 0 0 0 0 0 0 0 0 0 0 0 0 0 0 0 0 0 1 1 0 0 0 0 0 0 0 0 0 0 1 0 0 0 0 0 0
2 2 3 3 47 10 2 2 2 1 0 1 3 4761 709 307 981 463 465 396 207 506 647 125 173 4 190 118 75 38 79 3 769 3149 408 915 3701 1791 319 79 482 26 95 11 3 22 210 17 17 3 1 1 1 9 6 9 59 503 1705 360 133 43 117 143 162 2 107 949 85 9 4 11 302 57 666 22 2 5 23 0 4 0 16 34 78 84 161 2 8 3 20 16 3 5 45 269 3 1 108 174 5 4 3 3 2 8 0 1 2 0 2 7 2 4 5 2 20 17 61 43 173 65 74 37 42 2 10 2 0 9 10 0 4 74 2 100 0 3 208 131 17 37 3 8 37 1 4 2 67 27 41 0 2 0 0 2 3 7 1 2 18 12 0 1 5 0 1 6 2 6 42 18 12 8 0 4 2 0 4 0 16 112 14 5 2 11 1 1 0 23 29 2 5 12 1 1 25 7 4 31
5 7 15 8 24 7 1 7 1 6 1 12 110 161 163 170 2507 1103 11508 1490 380 1027 648 268 487 8 133 50 101 33 39 1 3469 809 106 25 1791 6428 184 206 435 30 227 456 38 176 410 27 17 17 1 2 23 17 29 24 62 164 239 46 125 46 98 201 149 32 298 739 74 14 13 22 2895 1070 256 29 36 55 42 3 8 9 83 118 211 329 426 7 20 13 102 41 4 8 119 104 17 3 287 116 15 12 11 22 11 28 2 3 5 6 4 25 41 28 57 34 118 204 425 317 1264 910 798 207 197 14 42 6 0 17 38 10 12 232 5 401 5 19 1003 715 52 190 12 18 149 10 21 11 442 140 176 5 4 6 3 14 11 23 2 1 55 40 0 7 18 23 10 35 8 21 181 115 50 61 9 28 2 3 42 4 53 477 245 23 6 70 3 9 9 126 82 15 13 42 8 3 108 30 21 150
0 0 0 0 11 5 1 0 0 0 0 0 6 153 767 2377 114 10259 467 84 9 33 77 229 10 5 328 3499 30 14 27 2 178 297 10 6 319 184 15807 13 156 67 157 11 2 390 13 174 26 0 1 0 0 4 0 0 21 102 34 33 10166 394 1038 995 7913 16 32 77 3002 19 13 1 179 12 191 106 1 0 14 0 4 2 6 3 4 3 18 4 17 16 108 65 3 6 172 88 1 2 9 52 0 0 1 0 0 2 0 0 0 0 1 1 2 80 144 2 0 103 4 1148 19 242 4 0 0 0 0 3 0 28 0 0 0 6 0 5 0 0 15 7 186 1 64 0 3 10 40 17 9 518 0 1 16 1 0 3 0 3 0 0 0 0 0 0 1 1 13 48 7 56 1 3 4 1 5 36 2 2 47 1 1 2 13 2 6 1 1 2 5 1 0 5 5 1 0 0 1 1 1 0
5 0 0 1 2 3 2 0 0 2 0 0 1 377 265 195 329 168 235 307 171 2422 3904 8598 2711 4045 6459 83 41 3 13 0 29 25 1413 13 79 206 13 8900 2154 615 1103 28 3 43 3458 15 167 4 2 0 8 6 13 6 35 9 282 10 25 43 49 155 19 3 202 565 7 36 9 1 72 5 36 32 1 0 9 0 9 1 28 44 51 124 375 18 31 20 68 176 11 58 231 21 1 1 99 47 0 0 0 0 0 1 0 0 0 0 1 0 0 0 1 0 2 1 2 11 2 4 3 0 1 1 1 0 0 0 0 0 0 1 0 3 0 0 7 3 2 0 0 0 0 1 1 0 1 5 0 1 3 1 0 2 0 0 1 1 0 0 0 0 0 0 0 1 1 2 0 1 0 1 0 0 0 1 1 1 0 3 0 0 3 0 2 4 7 0 1 4 3 0 0 0 0 0 0 0
1745 432 998 539 505 530 176 653 44 313 20 519 12 698 1325 1105 576 874 486 428 1491 1619 6963 3441 644 475 796 171 465 582 330 53 640 270 87 7 482 435 156 2154 10601 3936 1302 107 28 392 267 131 1150 30 288 187 39 42 484 936 114 99 87 24 306 114 71 72 76 9 279 251 122 262 135 303 779 80 289 188 65 2 292 14 364 21 784 123 943 269 336 254 218 134 846 2763 324 349 524 516 52 46 360 126 12 11 10 23 12 68 2 4 6 10 35 97 1 11 9 0 9 8 26 70 45 17 19 8 5 4 1 1 0 2 21 3 14 158 0 111 0 1 119 43 15 3 5 5 30 2 8 2 18 57 6 12 33 0 0 17 20 9 12 21 24 22 0 5 10 1 6 11 9 11 36 25 8 4 9 21 16 24 52 2 111 126 16 1 9 52 27 27 87 12 43 38 10 16 13 0 14 8 0 13
12 1 6 2 3 2 1 6 1 1 0 1 2 111 169 285 40 396 129 37 33 342 1504 8011 157 561 334 36 18 3 3 0 18 18 48 1 26 30 67 615 3936 6900 5821 18 14 374 64 49 3628 12 6 1 0 1 19 26 6 7 57 2 231 54 23 14 26 8 42 84 70 61 16 1 50 4 10 88 0 0 11 0 28 5 23 15 16 26 46 60 103 87 595 924 42 152 284 8 0 2 43 17 0 0 0 0 1 0 0 0 0 0 0 0 0 3 13 0 0 2 0 31 2 5 0 0 0 0 0 2 0 1 0 0 0 1 0 2 0 0 1 2 10 0 7 0 0 4 7 0 0 51 1 7 19 0 0 4 3 0 2 0 0 0 0 0 1 0 2 11 5 10 2 1 2 1 6 16 2 6 28 0 0 0 1 1 8 1 4 6 24 0 0 22 4 0 0 0 0 0 0 0
35 8 11 11 51 12 5 18 1 5 0 6 36 498 560 356 99 1421 517 139 206 1561 907 6740 1216 129 1059 86 323 59 131 3 118 104 251 15 95 227 157 1103 1302 5821 20215 204 184 2939 446 327 3358 89 15 14 47 29 97 47 272 61 434 36 1747 576 893 1050 407 77 1140 1040 729 847 156 9 318 15 247 941 10 2 47 5 117 21 192 312 354 704 965 256 745 650 5964 1994 418 1409 9393 108 9 6 471 299 0 1 0 0 0 0 0 0 0 0 1 0 1 7 65 1 2 8 3 175 9 17 4 0 0 0 1 4 1 3 4 2 0 3 0 8 0 0 17 11 43 2 18 0 1 38 67 1 7 422 3 67 125 1 3 62 5 3 6 23 0 1 0 0 0 2 38 80 46 58 2 4 2 3 36 110 13 42 260 21 1 4 5 1 68 3 28 69 187 0 0 199 64 0 1 0 0 0 0 2
9 1 8 3 10 5 1 5 8 26 1 5 5440 5 10 18 15 311 7138 42 96 223 62 86 147 1 30 9 64 12 16 2 21 18 7 1 11 456 11 28 107 18 204 6710 1667 997 78 14 8 274 3 35 8 14 29 8 20 11 16 1 16 51 65 59 27 575 143 138 17 26 18 26 3530 6724 46 19 575 4567 2430 55 53 171 50 73 104 111 138 130 53 76 336 23 1 11 137 24 138 4 97 32 10 13 3 9 7 15 1 5 0 0 2 15 69 38 63 40 91 571 365 436 1087 1892 910 95 91 14 30 5 1 24 17 8 6 139 5 250 3 13 700 544 49 92 8 11 67 20 35 14 387 188 88 15 24 3 2 9 10 14 9 10 26 15 0 5 10 17 23 51 17 67 89 59 22 32 13 95 4 6 166 16 31 292 531 18 35 50 5 26 21 65 36 45 17 24 5 1 61 24 7 75
9 0 1 1 2 0 7 16 83 177 5 0 2639 3 7 5 5 33 125 3 1 14 2 29 6 0 1 0 8 1 1 0 6 1 1 0 3 38 2 3 28 14 184 1667 16223 511 2 37 27 5783 4 53 14 2 5 1 8 0 0 0 15 109 50 7 17 5428 13 2 32 66 95 43 159 940 5 27 1740 955 560 121 239 1254 2 0 2 5 6 2108 479 3015 750 40 9 18 149 3 1353 40 2 3 0 1 0 0 1 0 1 1 0 1 2 5 3 2 108 7 1 10 2 174 13 17 3 1 1 1 8 11 0 5 3 1 1 4 2 5 0 1 14 5 57 8 46 0 1 111 339 3 13 1222 10 99 201 6 3 138 20 10 13 34 1 0 0 0 2 4 149 300 102 569 2 2 12 5 98 570 14 40 1556 128 4 7 7 10 280 9 20 344 205 0 1 453 150 7 1 0 0 2 2 5
6 2 0 1 1 0 1 1 0 17 0 1 1046 27 44 55 13 2439 3226 24 6 42 32 3063 30 6 426 76 22 11 11 0 36 23 9 2 22 176 390 43 392 374 2939 997 511 9346 14 253 222 53 4 1 1 2 8 7 11 9 13 2 651 409 734 2792 2149 2548 48 30 661 176 100 9 308 142 27 313 148 22 231 0 34 7 17 6 5 12 23 89 198 112 3825 337 49 103 1156 18 40 3 13 16 1 9 0 1 4 0 0 3 0 0 0 2 9 125 1209 17 9 93 9 2516 133 404 17 2 2 2 6 56 2 83 19 11 3 23 13 72 4 3 111 43 600 10 391 0 9 125 877 76 56 5126 21 64 175 9 9 60 1 4 0 2 2 3 0 2 17 3 293 695 136 1224 2 24 74 15 71 581 4 29 999 45 0 15 58 41 93 2 4 46 60 5 1 115 79 30 1 2 5 2 3 6
3 1 2 1 6 0 0 2 0 2 1 2 1 269 211 34 462 48 216 285 116 1122 501 1047 3477 87 656 27 55 12 27 1 65 130 860 15 210 410 13 3458 267 64 446 78 2 14 4415 4 28 1 0 0 6 4 7 5 45 27 796 24 9 30 92 164 24 1 234 2722 10 15 3 5 187 6 62 16 0 0 28 0 3 0 30 41 80 112 1288 7 13 7 28 27 5 12 146 31 1 1 106 68 0 0 0 0 0 2 0 0 0 0 0 0 0 1 0 0 1 0 6 4 13 5 6 2 2 0 0 0 0 0 1 0 0 4 0 5 0 0 17 13 1 1 0 0 2 0 0 0 2 4 2 0 0 0 0 1 0 0 0 0 2 0 0 0 0 0 0 0 0 0 0 4 0 0 1 0 0 0 1 0 0 3 1 0 0 0 0 2 3 0 0 2 0 0 0 0 0 1 2 0
10 0 2 0 8 2 0 3 1 3 0 0 5 13 47 75 14 392 45 9 4 25 27 45 21 1 11 15 25 8 11 1 29 16 2 2 17 27 174 15 131 49 327 14 37 253 4 23869 117 125 10 15 2 0 19 12 14 28 6 1 1579 13704 1961 35 446 11 48 20 4806 1305 6334 3 54 8 57 9275 7 0 5 16 1493 171 14 9 18 19 31 2034 2856 261 2421 191 61 202 1140 21 1 1 11 26 0 0 0 0 0 0 0 1 0 0 0 1 0 2 5 4 0 5 2 15 7 8 1 0 2 3 13 4 2 5 2 1 0 2 0 1 0 1 6 3 7 10 7 0 0 76 25 8 11 70 6 465 874 8 11 436 40 31 56 194 0 1 1 0 0 1 18 107 223 18 2 7 2 3 151 111 148 426 682 87 2 13 4 2 341 11 362 257 1760 2 0 1404 344 1 6 2 1 1 1 4
53 1 18 4 6 11 8 17 4 7 0 4 10 41 171 156 28 253 98 48 40 262 232 482 90 25 89 21 38 18 8 0 17 8 13 0 17 17 26 167 1150 3628 3358 8 27 222 28 117 7597 27 13 3 7 2 82 83 7 8 21 2 126 137 27 10 13 3 76 52 38 307 70 5 35 5 12 159 4 0 7 2 86 7 88 26 49 52 40 143 268 152 644 6131 324 3222 2889 11 2 2 34 11 0 0 1 0 0 0 0 0 0 0 0 2 0 0 1 0 0 0 0 19 4 2 0 0 0 0 1 1 0 0 0 0 0 8 0 5 0 0 2 2 4 0 0 0 2 1 2 0 0 23 0 15 23 0 0 12 8 4 3 9 0 0 0 0 0 0 4 8 3 9 1 0 0 0 5 10 6 26 35 1 4 4 1 2 12 4 9 14 48 0 0 61 11 1 0 0 0 0 0 0
8 0 1 1 1 1 5 6 40 72 2 1 137 1 6 3 1 18 16 3 1 6 7 5 7 0 3 1 10 4 2 0 2 1 0 0 3 17 0 4 30 12 89 274 5783 53 1 125 27 10049 44 616 8 3 6 5 0 0 1 0 18 311 33 1 3 1770 4 2 22 112 111 23 83 959 0 65 788 326 154 1424 572 8516 7 3 2 1 2 5500 856 3368 679 56 18 18 206 1 800 15 3 3 0 0 0 0 0 2 0 4 1 0 0 1 1 0 6 3 0 4 1 15 8 8 2 0 1 1 3 4 1 3 2 1 0 3 0 3 2 2 4 2 6 7 5 1 2 40 25 2 6 64 1 266 615 9 1 328 159 76 263 193 7 0 0 0 0 1 17 74 138 87 2 6 1 2 84 101 69 150 659 55 1 6 4 3 271 13 181 1039 1326 2 2 1429 208 0 4 0 0 0 2 1
132 14 34 10 15 13 26 55 1 16 1 14 0 1 4 2 0 2 0 0 4 3 1 4 2 0 1 1 46 28 12 0 14 1 0 0 1 1 1 2 288 6 15 3 4 4 0 10 13 44 10270 12854 19 4 414 122 3 0 0 0 1 15 2 1 0 14 14 0 2 275 152 9 32 32 2 1 15 8 22 1308 3332 325 267 20 38 7 4 126 18 7 11 3386 6027 29 23 7 13 5 4 3 1 0 1 2 0 4 0 1 0 2 1 6 0 0 0 0 2 2 0 1 0 1 0 0 0 1 0 0 0 0 2 0 0 16 0 10 0 0 2 2 1 2 0 0 4 0 1 0 1 1 1 9 6 4 1 10 461 226 519 733 5 0 0 1 0 0 0 0 0 2 3 3 1 1 0 0 163 151 10 1 5 3 9 0 0 13 179 38 606 1 1 28 43 3 4 0 0 0 1 1
146 17 62 19 25 24 25 87 17 41 2 21 1 0 0 1 0 2 2 0 4 4 0 1 5 0 0 0 66 59 15 2 14 3 0 0 1 2 0 0 187 1 14 35 53 1 0 15 3 616 12854 15172 16 8 410 86 1 1 0 0 0 27 2 1 0 212 19 4 0 117 102 16 47 241 2 5 127 54 41 9201 5933 1168 337 9 41 15 1 454 56 14 10 1387 3056 15 22 10 157 7 8 4 12 0 4 4 1 3 1 36 7 1 6 10 0 0 1 0 0 0 0 2 2 5 0 0 1 2 1 0 0 0 1 0 1 22 0 10 0 0 8 2 0 0 0 7 4 2 4 0 9 0 1 24 26 9 3 50 1472 1133 2007 616 62 1 0 2 0 0 1 3 1 27 2 0 1 0 1 0 241 133 26 1 8 25 31 0 3 64 411 186 628 0 32 56 63 1 25 8 0 0 0 1
767 39 100 40 174 133 719 445 238 240 26 93 4 14 3 1 6 2 2 4 19 26 1 27 38 0 16 7 2740 396 122 7 117 19 1 0 1 23 0 8 39 0 47 8 14 1 6 2 7 8 19 16 4925 4969 4796 14 33 2 2 0 3 11 25 24 7 1 603 18 5 10 2 121 191 95 25 0 74 6 151 4 15 3 592 240 192 83 79 11 6 0 7 24 10 5 35 67 215 5786 105 102 4 6 5 12 4 33 3 3 12 16 14 55 0 1 0 0 1 1 0 3 3 2 1 2 1 0 1 0 1 1 10 0 10 69 0 62 0 0 31 10 1 2 0 2 8 0 0 0 4 2 2 0 0 0 0 1 0 1 1 0 8 7 0 3 1 0 0 0 1 1 8 4 7 0 0 0 0 2 1 0 63 66 16 1 0 35 0 0 0 2 17 1 0 7 9 0 3 2 1 4
990 44 109 48 262 173 780 362 57 154 9 98 1 10 9 1 1 0 3 0 27 17 3 27 26 0 19 7 9730 576 236 17 161 18 5 0 9 17 4 6 42 1 29 14 2 2 4 0 2 3 4 8 4969 10070 3194 15 66 7 7 2 2 13 43 28 12 0 1911 24 11 3 2 155 228 52 31 6 42 0 180 0 6 2 1562 3817 161 44 84 1 5 5 11 10 1 2 34 101 51 1335 61 74 5 4 6 15 11 48 1 4 7 9 32 83 0 0 0 0 1 0 1 1 4 0 0 1 2 0 2 0 0 0 16 1 14 91 0 61 0 0 23 9 2 0 0 4 16 0 1 0 3 0 1 0 0 0 0 0 1 0 0 0 12 12 0 5 4 0 0 0 1 0 15 13 6 0 0 0 0 0 1 0 58 62 19 2 1 37 1 0 0 3 22 0 0 10 10 0 2 1 0 2
1131 72 227 74 225 172 527 582 77 239 20 128 2 13 13 11 3 11 7 3 44 39 15 51 66 3 20 5 2548 434 213 10 129 25 4 0 6 29 0 13 484 19 97 29 5 8 7 19 82 6 414 410 4796 3194 22204 1264 75 6 4 0 9 30 40 31 6 2 769 39 7 96 55 136 284 94 36 11 57 3 244 28 302 15 7528 385 431 194 124 72 30 9 33 1072 220 53 88 85 90 1641 174 132 3 7 9 20 9 43 1 7 7 7 26 105 0 1 2 0 2 1 4 2 10 0 3 3 7 0 1 0 0 0 25 0 15 151 0 103 0 1 75 31 2 4 0 6 20 0 2 1 11 2 4 0 5 4 0 2 10 7 11 9 18 21 0 4 6 2 0 0 1 3 27 11 6 0 0 0 7 5 4 1 88 93 13 4 1 59 6 3 25 8 19 4 3 15 8 1 5 1 0 3
534 99 237 104 108 103 56 242 16 95 9 91 1 5 8 6 5 15 6 3 1649 151 6 22 115 1 12 2 129 162 100 10 81 8 0 0 9 24 0 6 936 26 47 8 1 7 5 12 83 5 122 86 14 15 1264 1681 18 4 3 2 7 9 13 9 5 0 43 20 3 42 27 48 92 31 24 8 14 0 92 6 99 7 8623 49 3228 227 82 35 23 9 37 556 68 32 70 91 10 25 228 50 2 8 4 3 1 16 4 0 4 5 9 30 1 0 0 1 2 0 0 1 4 0 5 0 5 0 0 0 0 0 9 2 5 49 0 43 0 0 27 7 1 2 1 3 7 0 0 0 5 1 0 1 0 0 0 1 4 1 0 4 8 9 0 1 0 0 0 0 0 0 8 9 5 0 2 0 2 5 2 0 26 38 8 1 0 21 6 3 10 0 7 5 0 11 3 0 0 1 0 5
38 32 26 90 4651 260 12 10 3 12 0 107 0 203 153 14 29 28 13 17 146 113 20 184 107 0 240 73 948 4177 8902 39 348 101 57 3 59 62 21 35 114 6 272 20 8 11 45 14 7 0 3 1 33 66 75 18 6131 116 47 11 19 113 565 347 172 2 5415 351 121 31 6 109 420 47 770 38 25 0 146 0 4 0 141 252 249 1068 873 5 24 10 73 23 7 9 319 3412 19 16 2630 3180 6 0 1 3 0 17 0 1 0 1 9 28 0 0 1 0 7 0 1 4 13 2 2 3 0 0 0 0 0 0 7 0 4 49 0 49 0 0 36 14 2 1 0 3 9 0 1 0 3 2 1 0 4 0 0 1 2 3 1 0 5 4 0 0 4 0 0 2 2 0 10 6 4 0 0 1 0 1 2 0 37 29 10 0 3 13 0 1 3 0 6 1 1 4 2 0 0 1 0 3
1 2 1 2 66 29 1 1 0 2 0 10 0 743 642 33 326 38 9 91 131 267 57 93 42 0 202 165 92 55 286 412 767 1028 89 105 503 164 102 9 99 7 61 11 0 9 27 28 8 0 0 1 2 7 6 4 116 2328 452 1321 26 77 470 250 291 0 117 1300 157 11 6 27 318 14 8024 16 15 0 42 0 0 0 14 17 59 41 520 4 7 6 24 11 3 4 78 1906 1 0 59 3483 1 0 0 2 1 2 1 0 0 0 1 6 0 3 3 1 0 2 1 21 2 6 2 0 0 0 0 0 0 0 0 0 1 12 0 19 0 0 12 4 6 1 0 2 3 0 1 1 4 7 0 0 2 0 0 0 3 0 0 0 1 1 0 0 2 0 0 2 0 1 2 3 2 0 0 3 0 0 0 0 6 18 6 0 0 7 0 1 0 1 1 0 0 0 0 0 1 0 0 1
0 0 0 1 19 9 0 0 1 1 0 1 0 2401 517 51 354 75 67 83 19 96 90 1249 95 27 1112 211 75 25 55 1 326 2197 719 2372 1705 239 34 282 87 57 434 16 0 13 796 6 21 1 0 0 2 7 4 3 47 452 2860 2494 14 21 229 401 154 0 95 1560 61 15 3 7 209 4 436 11 0 1 12 0 2 0 10 9 17 18 118 1 9 1 21 20 5 3 107 166 0 0 12 184 0 1 0 0 0 0 0 0 0 0 0 1 0 1 1 0 0 0 0 7 1 3 0 1 0 0 0 0 0 0 0 0 1 3 0 3 0 0 5 2 1 0 0 0 0 0 0 0 0 3 0 0 0 0 0 0 0 0 0 2 0 0 0 0 0 0 0 0 0 1 2 0 0 0 0 1 0 0 2 0 1 2 0 0 0 0 1 0 0 0 0 1 0 1 0 0 0 0 0 0
0 0 0 0 6 0 0 1 0 0 0 0 0 509 172 26 102 28 5 17 23 57 31 49 12 0 152 90 16 1 26 1 162 6077 175 1378 360 46 33 10 24 2 36 1 0 2 24 1 2 0 0 0 0 2 0 2 11 1321 2494 2073 12 13 116 119 87 0 22 1611 31 0 0 2 60 2 478 1 0 0 6 0 0 0 5 2 8 9 111 3 1 0 2 2 2 0 19 97 0 0 11 275 0 0 0 0 0 0 0 0 0 0 0 0 0 1 1 0 1 0 0 2 1 1 0 0 0 0 0 0 0 0 0 0 0 2 0 0 0 0 3 2 1 0 0 0 1 0 0 0 1 2 1 0 0 0 0 0 0 0 0 0 0 0 0 0 0 0 0 0 0 0 2 0 0 0 0 0 0 0 0 0 1 4 0 0 0 0 0 0 0 0 0 1 0 0 0 0 0 0 0 0
1 0 4 0 6 3 1 2 1 0 0 0 3 28 156 202 35 4718 78 57 11 31 41 1332 28 2 297 141 28 13 13 0 169 118 6 1 133 125 10166 25 306 231 1747 16 15 651 9 1579 126 18 1 0 3 2 9 7 19 26 14 12 5618 1841 3306 1397 3400 26 50 53 8248 192 179 1 203 6 87 4140 0 0 17 0 37 2 6 9 9 20 42 42 147 60 5955 197 27 84 1444 55 2 0 10 41 1 1 0 1 0 0 0 0 0 0 0 1 0 25 143 1 2 11 0 228 9 47 2 1 0 1 2 10 0 12 8 4 0 7 1 8 0 1 14 9 81 2 63 0 0 55 284 8 10 795 4 29 60 2 3 46 1 2 0 4 0 0 0 0 1 1 69 160 38 102 0 7 11 2 43 230 4 10 370 16 0 5 6 11 61 1 5 15 54 0 0 76 51 7 2 0 0 0 0 1
15 1 5 1 36 5 3 4 1 3 0 2 12 58 186 267 24 637 96 22 18 93 35 71 109 3 58 68 168 44 73 0 78 58 13 2 43 46 394 43 114 54 576 51 109 409 30 13704 137 311 15 27 11 13 30 9 113 77 21 13 1841 13294 7165 82 972 30 352 162 4880 6881 1660 3 133 25 272 4705 12 10 18 33 512 305 40 35 49 96 209 1974 3086 751 3378 220 213 706 4770 139 21 5 63 189 1 0 0 1 0 0 0 6 1 0 0 0 5 0 8 5 0 8 0 28 4 12 0 2 1 1 14 3 1 4 1 1 0 2 0 4 0 1 5 6 7 6 3 2 5 60 22 1 6 78 6 580 1084 9 7 346 71 33 85 298 2 0 0 0 0 1 14 79 176 17 3 3 9 4 100 60 214 576 585 61 1 8 4 9 254 11 430 317 2291 2 0 1573 342 4 10 2 0 1 0 5
9 1 2 3 121 28 7 5 1 1 0 6 5 457 985 809 73 1381 226 49 38 115 37 150 222 3 460 612 590 216 355 11 192 246 137 27 117 98 1038 49 71 23 893 65 50 734 92 1961 27 33 2 2 25 43 40 13 565 470 229 116 3306 7165 27829 2408 8680 25 1172 849 15654 643 79 14 221 17 1242 3053 5 0 39 1 27 4 83 121 138 195 910 93 515 253 2937 31 27 34 4560 573 4 5 158 909 0 2 0 0 0 0 0 0 0 0 1 3 1 4 23 1 2 8 1 94 7 15 0 0 1 1 0 2 0 2 3 1 0 5 0 7 0 1 11 2 22 6 6 0 0 15 18 2 6 127 1 50 96 1 0 48 4 0 0 10 0 0 0 0 2 0 12 37 38 11 0 3 2 0 31 46 12 20 163 14 0 4 1 1 62 3 14 40 124 0 0 205 47 3 2 0 0 0 1 2
4 1 4 5 60 11 1 4 0 2 0 6 7 487 559 400 56 3390 974 35 45 136 43 2402 272 16 2417 1189 286 87 222 2 225 248 248 32 143 201 995 155 72 14 1050 59 7 2792 164 35 10 1 1 1 24 28 31 9 347 250 401 119 1397 82 2408 9886 3312 27 834 1139 837 45 10 9 333 21 714 77 1 0 26 0 8 0 57 88 92 184 735 9 15 16 431 25 12 14 965 212 0 0 143 583 0 1 0 0 0 0 0 0 0 0 0 2 2 21 74 1 0 18 4 376 8 50 0 0 1 0 1 3 0 7 2 0 0 3 0 8 0 0 16 5 78 2 33 0 0 4 22 6 2 318 0 4 11 0 0 2 0 0 0 0 0 0 0 0 2 0 9 33 14 54 1 4 5 0 0 14 1 1 28 1 2 7 7 1 1 2 0 1 7 0 0 11 3 5 0 0 0 0 0 1
1 2 0 0 52 6 1 1 0 2 0 1 12 345 884 1228 86 4186 712 31 13 37 30 422 18 3 1165 2137 151 67 133 3 191 278 96 28 162 149 7913 19 76 26 407 27 17 2149 24 446 13 3 0 0 7 12 6 5 172 291 154 87 3400 972 8680 3312 5540 48 264 320 8198 51 21 11 215 8 629 470 1 0 21 0 4 0 17 16 29 38 257 12 37 19 449 26 5 6 715 234 1 0 38 401 0 1 0 0 0 2 0 0 0 0 0 1 0 31 135 2 1 26 2 615 13 76 2 0 1 0 4 2 0 12 5 0 0 3 5 7 0 2 16 5 135 3 59 0 3 15 129 5 8 832 2 10 31 3 1 8 0 0 0 0 1 0 0 0 2 1 43 119 31 111 0 3 12 1 15 95 0 3 158 11 1 6 8 5 9 0 0 3 11 2 0 22 10 5 0 0 0 2 1 4
2 0 0 0 0 0 1 5 19 48 0 1 3707 1 1 1 1 341 745 3 0 2 0 33 0 0 7 3 4 1 1 0 8 2 0 0 2 32 16 3 9 8 77 575 5428 2548 1 11 3 1770 14 212 1 0 2 0 2 0 0 0 26 30 25 27 48 2536 6 1 20 22 30 6 79 711 0 14 478 1089 152 391 158 1323 8 0 0 1 2 447 95 272 1050 11 6 6 59 3 380 12 3 3 0 1 0 0 1 0 0 4 0 0 0 3 0 11 407 3 0 17 1 758 39 167 3 1 0 1 1 6 1 9 4 0 0 7 3 9 2 2 45 16 96 4 96 0 1 54 290 41 22 1554 2 15 55 0 2 18 56 20 77 52 3 2 0 1 4 0 54 178 36 2042 1 4 13 4 33 166 11 16 488 13 0 14 25 9 54 7 15 55 67 0 1 93 37 3 1 1 0 0 2 4
399 48 131 69 977 197 47 181 37 143 8 119 3 345 220 22 53 70 36 30 249 331 69 711 747 12 588 113 5776 1168 4069 32 580 188 159 8 107 298 32 202 279 42 1140 143 13 48 234 48 76 4 14 19 603 1911 769 43 5415 117 95 22 50 352 1172 834 264 6 17614 890 238 134 26 345 1736 441 699 133 258 5 1029 0 24 0 1285 8288 1306 3277 3290 27 124 55 258 116 25 54 962 874 180 69 3378 4523 24 30 25 84 35 150 6 18 8 14 86 298 0 0 1 1 19 8 20 14 71 9 11 17 15 3 2 0 0 1 70 11 56 544 0 417 0 1 300 119 11 17 3 24 81 5 6 1 40 17 12 1 11 4 1 9 9 36 6 3 84 55 2 18 20 1 6 2 3 1 100 51 29 12 1 5 7 2 18 1 325 375 92 3 8 200 3 6 20 15 86 13 6 69 20 3 31 5 7 20
15 4 7 4 59 11 2 6 1 5 0 10 2 808 434 63 335 120 104 116 162 463 175 1601 1079 21 1377 377 231 52 207 3 571 2141 302 288 949 739 77 565 251 84 1040 138 2 30 2722 20 52 2 0 4 18 24 39 20 351 1300 1560 1611 53 162 849 1139 320 1 890 1959 183 50 12 10 877 34 2449 47 11 0 120 0 6 0 107 174 338 485 4691 12 54 30 120 47 17 32 561 357 2 4 599 3712 0 0 0 0 2 2 0 0 0 1 1 6 0 2 3 0 7 0 10 14 31 6 14 5 1 1 1 0 0 0 3 0 1 18 0 21 0 0 49 48 2 2 0 3 4 0 0 2 9 7 2 2 5 0 0 4 1 0 2 1 1 1 0 2 0 0 1 1 0 0 9 3 0 0 3 1 0 0 4 0 4 20 8 0 2 2 1 4 6 2 2 5 1 3 1 0 3 1 1 0
3 1 0 2 43 13 0 0 0 2 0 0 5 124 383 439 39 1755 141 35 8 27 26 279 25 1 129 343 155 59 94 4 122 128 22 4 85 74 3002 7 122 70 729 17 32 661 10 4806 38 22 2 0 5 11 7 3 121 157 61 31 8248 4880 15654 837 8198 20 238 183 12645 199 191 5 115 5 395 8181 1 0 16 0 22 1 19 15 18 20 134 34 115 40 1695 77 9 27 1320 178 1 0 16 270 0 1 0 0 0 1 0 0 0 0 0 1 0 8 81 1 0 13 2 169 12 17 3 1 0 1 0 4 0 6 3 3 0 3 3 3 1 0 12 4 44 1 34 0 0 38 138 7 6 568 5 33 72 0 4 46 0 1 1 2 1 0 0 0 2 1 72 123 40 64 0 6 12 4 49 200 2 10 372 25 0 2 6 1 76 1 3 47 68 1 1 99 47 4 0 0 0 1 0 2
74 7 17 9 17 10 12 39 1 11 1 9 11 17 44 43 8 108 42 7 15 74 33 69 67 4 27 13 43 18 21 0 11 7 8 0 9 14 19 36 262 61 847 26 66 176 15 1305 307 112 275 117 10 3 96 42 31 11 15 0 192 6881 643 45 51 22 134 50 199 6937 535 4 33 15 29 501 11 4 18 43 990 273 72 27 42 49 82 1357 844 224 844 1883 3950 3183 6699 22 5 3 28 26 0 1 0 0 0 0 0 3 0 0 1 2 0 1 1 2 0 4 0 11 3 3 1 0 0 0 3 1 0 0 1 0 0 6 1 2 1 1 4 1 7 1 1 1 3 16 9 2 5 29 2 178 238 2 0 78 136 104 164 299 2 0 0 0 2 0 2 12 26 9 0 0 2 1 15 11 213 484 103 6 0 5 7 0 35 4 370 114 1225 0 2 326 128 0 6 0 0 0 0 0
43 4 13 5 3 5 6 12 1 7 0 2 16 8 12 13 8 65 20 4 6 31 11 26 16 0 10 7 23 11 6 0 7 6 0 2 4 13 13 9 135 16 156 18 95 100 3 6334 70 111 152 102 2 2 55 27 6 6 3 0 179 1660 79 10 21 30 26 12 191 535 7063 3 26 21 9 1234 13 1 13 53 3695 470 61 10 15 16 14 3024 1041 324 1163 878 763 249 621 5 12 2 11 4 0 1 0 0 1 0 0 3 1 0 0 1 0 1 3 0 0 1 2 5 1 4 0 0 0 1 1 1 0 1 0 1 0 1 0 0 0 0 4 3 0 1 1 1 2 6 7 2 5 20 1 236 303 11 6 64 209 165 239 597 2 1 0 0 1 0 2 9 18 6 0 2 0 1 10 7 329 786 93 6 0 6 3 4 23 8 598 105 1837 0 2 353 148 1 1 2 0 0 0 0
221 61 152 144 928 2234 247 144 351 3808 2696 4304 43 19 23 1 10 4 8 3 257 182 6 3 38 1 6 4 1544 931 153 445 3944 24 3 0 11 22 1 1 303 1 9 26 43 9 5 3 5 23 9 16 121 155 136 48 109 27 7 2 1 3 14 9 11 6 345 10 5 4 3 6991 2056 424 318 3 2026 116 4270 5 16 10 231 97 367 190 28 15 3 5 5 27 6 2 9 883 5784 284 77 30 50 47 106 244 83 806 32 59 95 243 590 1519 1 0 1 1 4 5 5 5 11 11 7 9 5 0 1 0 0 0 53 5 160 904 0 330 0 1 85 29 13 4 0 20 63 0 2 0 16 6 8 1 0 9 0 5 6 15 3 2 51 39 2 17 22 0 1 1 0 5 56 28 20 1 0 3 1 1 7 0 853 247 85 0 0 488 2 6 5 5 55 0 1 53 246 12 16 2 1 5
128 32 82 51 616 1377 89 71 92 576 38 278 272 188 202 193 206 1466 1740 481 927 1525 381 382 626 4 165 70 1614 623 204 504 5315 259 33 15 302 2895 179 72 779 50 318 3530 159 308 187 54 35 83 32 47 191 228 284 92 420 318 209 60 203 133 221 333 215 79 1736 877 115 33 26 2056 14286 2089 1219 48 977 646 3947 22 59 75 580 545 927 810 880 46 24 27 169 96 29 18 184 2178 958 136 565 359 31 58 43 73 65 209 13 29 19 22 154 406 19 16 69 15 83 119 197 331 693 437 294 97 122 15 23 1 0 6 140 20 90 953 4 814 2 3 1304 581 60 117 30 46 193 8 31 9 354 240 101 5 8 18 4 13 27 52 9 11 134 145 9 29 48 5 17 35 15 55 288 141 87 31 6 43 12 3 68 4 636 1351 372 41 9 558 2 14 12 102 206 9 14 108 83 10 124 30 15 149
