34272 11614 21197 4668 2693 1622 4001 9882 29 6213 117 583 0 4 19 6 15 6 3 4 348 163 26 9 14 3 3 11 3019 21425 475 116 174 25 1 2 25 8 22 8 1868 7 21 3 1 2 6 8 17 4 180 311 1042 2695 242 214 62 13 2 7 17 11 20 9 5 5 369 5 38 25 20 211 7 33 40 24 173 0 22 6 188 9 2687 747 920 137 6 37 23 5 25 444 172 33 46 506 117 1747 22 4 70 18 158 140 22 131 16 1 107 72 177 66 0 0 3 0 2 0 0 5 0 5 0 9 1 3 4 0 0 0 269 4 239 219 0 65 3 4 22 20 3 13 1 3 64 3 4 0 2 5 8 0 0 3 0 2 1 10 1 4 22 49 3 8 21 5 0 4 1 2 34 59 8 7 0 0 3 2 5 2 300 289 35 12 0 276 2 1 4 3 46 1 3 26 102 11 5 3 0 0
11614 16895 1637 8252 3247 565 10 20 1 28 67 275 0 0 1 0 0 0 0 0 76 33 8 1 4 0 0 1 25 5786 35 21 45 1 0 0 2 1 2 3 97 0 0 0 0 0 0 0 2 0 3 3 11 90 4 18 0 0 0 1 0 0 2 1 0 0 29 0 3 0 0 35 1 3 2 1 27 0 2 0 3 0 134 54 107 17 2 1 1 0 0 2 4 1 1 7 21 3 1 0 12 4 44 37 7 36 3 0 23 11 54 11 0 0 0 0 0 0 0 0 0 1 0 3 0 1 0 0 0 0 62 2 56 40 0 8 0 0 5 0 0 2 0 1 13 0 1 0 0 1 1 0 0 1 0 0 0 2 0 0 3 7 1 2 5 0 0 0 0 0 11 16 1 0 0 0 0 0 0 0 64 40 6 0 0 60 0 0 0 1 8 0 0 10 22 1 2 0 0 0
21197 1637 22547 2919 110 3972 72 5170 18 7468 493 7250 0 0 3 1 1 1 2 2 371 112 25 2 11 1 0 1 123 825 8 39 43 1 1 2 3 6 2 1 792 0 2 2 1 1 3 1 4 1 37 45 157 560 56 106 1 3 1 1 0 3 2 1 1 0 160 6 3 8 7 228 3 16 5 0 173 1 7 2 40 7 719 308 544 97 0 6 5 0 2 98 35 1 5 17 112 34 22 0 175 32 444 364 40 407 19 7 235 255 566 183 0 0 1 0 0 1 0 4 1 9 1 17 4 3 8 1 0 1 508 6 482 306 1 69 1 4 29 16 2 11 0 7 76 2 1 0 8 6 5 0 1 1 0 6 6 14 2 1 27 66 4 19 29 5 0 1 2 4 47 86 9 10 0 0 8 0 4 1 657 279 52 7 1 407 1 1 3 3 57 0 3 44 418 19 18 1 0 2
4668 8252 2919 24660 10485 10691 46 24 6 100 185 1838 0 0 1 0 2 0 1 1 410 164 29 3 13 0 0 1 70 3597 228 60 114 1 1 0 1 2 3 1 262 0 3 1 0 0 1 0 2 0 5 13 40 184 8 57 15 6 0 0 2 0 2 2 1 0 97 3 3 2 1 107 2 6 1 4 56 0 6 1 8 1 299 152 485 106 2 5 3 2 0 19 5 0 3 13 56 25 30 1 72 12 145 153 16 144 4 4 94 77 225 81 0 0 0 0 0 0 1 1 2 3 0 10 1 2 3 0 0 0 178 1 187 122 0 26 1 1 14 8 0 4 0 5 23 2 3 0 3 2 2 0 0 3 0 2 4 3 1 1 12 36 0 5 16 1 0 2 0 0 21 27 3 1 0 2 2 0 0 1 246 105 13 4 2 163 2 2 1 2 17 1 2 19 144 3 5 1 0 0
2693 3247 110 10485 33772 7440 583 44 1 40 264 1395 0 5 40 9 14 12 5 15 701 515 75 9 21 3 8 8 2601 9594 21396 628 819 62 3 2 63 32 26 6 783 6 33 0 0 3 4 20 8 3 54 67 438 1497 80 155 1926 32 3 2 33 12 20 15 11 3 549 4 60 12 14 171 18 7 54 48 42 1 13 1 54 1 1351 780 1130 342 6 7 11 1 41 125 44 13 73 1136 80 355 62 8 29 2 59 57 7 56 3 1 29 26 85 30 0 0 0 0 0 0 0 1 0 6 0 6 0 2 3 0 0 0 96 1 119 80 1 14 1 3 6 5 2 2 2 0 18 0 1 0 0 10 4 0 1 0 0 0 0 5 0 2 6 17 0 7 7 2 0 3 0 2 11 24 4 1 1 0 3 1 8 0 143 68 13 3 2 110 1 0 1 1 7 6 1 8 52 1 6 3 0 0
1622 565 3972 10691 7440 14978 299 31 21 539 398 13892 0 6 19 4 20 11 7 12 874 887 184 8 37 0 3 7 342 2803 789 3123 2319 38 0 3 43 41 28 7 339 5 32 2 1 3 5 13 5 0 27 36 93 441 23 113 94 91 2 1 23 8 11 3 7 0 196 11 59 11 8 225 28 13 27 46 43 0 11 0 31 2 683 304 903 264 1 9 8 1 39 51 21 3 58 532 162 123 45 2 125 23 306 254 42 270 25 3 196 163 430 141 0 0 2 0 0 0 0 4 2 5 0 15 1 2 4 1 0 0 263 1 360 192 1 16 1 0 10 8 0 5 1 4 37 0 2 0 8 18 2 0 2 6 1 1 4 16 0 2 21 42 4 15 25 1 1 0 2 2 39 46 3 0 1 4 6 2 12 1 448 112 40 3 3 289 2 0 1 2 18 6 0 31 314 15 11 0 0 0
4001 10 72 46 583 299 4214 3599 802 3043 103 89 0 1 11 1 7 2 2 8 28 60 8 0 7 0 1 5 756 732 174 72 55 12 1 0 13 5 14 2 353 3 15 1 0 2 0 4 10 3 106 203 1208 3018 175 82 13 6 0 2 5 1 5 5 1 2 40 6 19 14 12 48 3 9 19 15 25 3 4 5 97 4 1718 125 117 22 2 9 10 0 16 246 67 14 25 265 205 2948 2 5 4 0 14 3 2 4 1 0 3 5 9 3 0 0 0 0 0 0 0 2 0 1 0 2 0 0 1 0 0 0 14 0 14 15 1 7 2 1 8 2 0 0 2 0 3 1 0 0 2 3 2 0 1 0 0 0 0 0 0 1 1 1 0 1 1 1 0 0 0 0 1 4 2 1 0 2 0 1 3 2 15 27 11 0 0 18 0 0 4 0 4 3 0 3 4 0 3 0 0 0
9882 20 5170 24 44 31 3599 10475 2549 30282 23 76 0 1 1 1 1 0 0 0 37 15 5 3 3 1 0 0 92 989 8 4 8 2 0 0 1 0 2 1 599 0 1 1 1 0 1 2 8 0 76 171 642 1496 107 99 1 4 0 0 2 4 2 3 1 1 69 2 1 13 17 27 2 10 4 2 10 1 2 5 112 5 1273 224 178 22 2 20 13 1 9 242 62 14 9 13 29 496 0 0 7 2 16 9 0 17 0 0 4 5 10 7 0 0 0 0 1 0 0 0 0 0 0 1 0 1 1 0 0 0 20 1 16 25 0 7 0 0 2 1 0 1 0 0 2 0 0 0 0 0 1 0 1 1 0 0 0 1 1 1 3 3 0 0 2 0 0 0 0 0 2 8 1 1 0 0 2 0 1 0 27 24 5 1 1 11 1 0 9 0 4 0 0 4 8 1 0 0 0 0
29 1 18 6 1 21 802 2549 2171 3286 603 85 1 0 0 0 0 0 0 0 3 3 4 0 2 0 0 0 2 16 0 34 42 0 0 0 0 0 0 0 4 1 0 0 11 1 1 0 0 12 0 2 62 72 12 0 0 0 0 0 0 0 0 0 0 0 1 0 0 0 1 52 0 7 0 0 55 5 2 1 1 1 8 0 1 1 1 8 2 1 4 1 1 0 0 4 1207 892 0 0 0 0 3 0 0 1 0 0 0 6 4 0 0 0 1 0 0 0 0 0 0 0 0 0 0 0 0 0 0 0 1 0 1 2 0 0 0 0 0 0 0 0 0 0 0 0 1 0 1 2 0 0 0 0 0 0 0 0 0 0 0 0 0 0 0 0 0 0 0 0 0 0 0 0 0 0 0 0 0 0 2 2 0 0 0 2 0 0 1 0 0 0 0 0 9 0 0 0 0 0
6213 28 7468 100 40 539 3043 30282 3286 21436 15783 19168 0 1 7 2 0 2 3 3 72 40 6 2 11 1 3 1 146 595 14 48 50 5 2 0 4 1 4 7 1001 2 2 3 1 0 2 5 22 6 143 252 871 1734 245 179 5 6 0 4 3 11 5 1 2 2 160 10 0 16 20 162 8 27 12 5 255 1 21 3 167 12 1695 371 425 30 3 52 33 2 15 360 125 14 35 14 1268 1471 9 1 108 16 308 234 20 287 10 9 197 211 473 141 0 1 0 0 0 0 0 1 1 5 0 11 2 1 7 1 0 1 232 3 287 190 0 45 2 0 18 12 0 10 0 2 35 1 3 0 10 2 13 0 1 2 0 4 6 13 1 10 22 47 5 12 20 6 0 1 1 1 37 57 8 5 1 3 11 1 8 1 408 185 45 10 1 297 2 1 19 1 20 4 4 29 394 10 14 3 0 0
117 67 493 185 264 398 103 23 603 15783 4948 3558 0 0 1 0 1 0 4 3 93 105 29 0 3 0 0 0 7 195 22 92 484 1 1 0 3 2 1 1 66 0 1 3 0 0 1 2 1 0 1 4 54 46 10 20 2 2 0 2 1 1 0 1 0 1 12 5 2 0 0 57 2 6 2 4 174 1 3 0 3 0 50 20 67 24 0 0 0 0 1 5 1 1 3 9 1063 311 5 0 167 26 547 496 44 582 23 13 381 371 1008 253 0 0 0 0 0 0 0 3 0 4 0 5 2 1 0 0 0 0 222 1 532 194 1 10 0 0 5 4 1 4 0 3 29 0 6 0 4 1 2 0 0 3 0 3 5 9 1 6 19 30 9 8 7 3 0 0 0 3 23 45 0 2 1 0 4 0 2 0 646 81 81 1 0 275 9 2 5 0 29 3 2 38 922 25 9 1 1 0
583 275 7250 1838 1395 13892 89 76 85 19168 3558 45225 0 1 4 2 2 0 4 6 460 420 120 5 12 0 0 0 44 915 104 697 1981 4 1 0 12 10 4 1 206 2 4 4 0 3 4 3 0 0 8 14 61 163 14 58 5 11 0 3 6 1 3 2 1 0 57 1 14 1 3 188 10 16 6 5 100 0 9 2 9 1 253 126 401 113 3 1 5 0 1 18 4 1 11 74 980 144 38 1 193 32 603 533 54 608 30 12 368 362 921 280 0 0 1 0 1 1 0 4 2 8 1 8 2 1 4 0 0 0 445 0 629 263 0 32 0 1 14 11 2 9 0 6 50 1 3 0 8 1 8 0 0 7 0 3 12 13 2 4 20 60 6 10 24 2 0 3 1 2 37 64 2 4 1 2 8 1 3 2 732 163 79 4 1 388 5 4 12 1 31 3 5 46 731 26 10 1 3 1
0 0 0 0 0 0 0 0 1 0 0 0 3369 0 1 9 119 76 5679 33 0 2 1 7 0 0 8 22 0 0 1 0 172 4 0 0 142 1459 30 1 10 4 16 6071 1421 2355 1 5 7 43 0 0 1 0 1 0 1 0 0 0 6 5 3 26 16 863 3 0 8 1 1 38 78 1344 0 4 142 343 238 2 8 3 1 2 0 0 1 29 46 29 109 5 0 1 15 0 43 1 0 0 1 1 1 1 1 1 0 0 0 0 0 0 0 11 353 1 4 128 5 530 49 1826 62 0 0 0 1 9 0 8 13 2 3 2 0 2 5 0 8 21 217 3 194 0 2 3 29 10 58 514 0 6 14 0 0 2 0 1 0 0 2 1 0 0 3 3 42 50 9 136 2 8 4 0 6 49 0 3 124 8 2 2 91 1 10 3 3 4 24 1 0 40 9 5 1 0 0 0 1 0
4 0 0 0 5 6 1 1 0 1 0 1 0 7935 12633 34 614 15 3 85 4 13 64 23 3 12 829 968 205 9 147 7 4 236 4377 6184 372 23 33 215 144 4 40 3 3 5 403 3 4 1 0 2 25 87 2 0 367 425 327 1743 4 9 11 29 7 0 162 94 17 2 2 8 2 61 490 1 2 1 0 0 0 0 31 20 7 13 1 2 0 0 2 11 1 5 20 54 0 5 17 18 1 1 0 0 0 1 0 0 0 0 0 0 1 14 2 6 51 5 8 7 99 73 29 12 3 5 20 3 9 22 0 0 4 5 0 16 49 15 36 122 1 53 0 0 6 5 0 0 74 4 13 1 1 1 0 0 0 0 0 0 0 0 0 0 0 23 2 2 3 1 0 1 0 1 0 0 0 0 3 1 5 11 15 3 0 14 0 0 0 1 2 2 3 1 2 0 2 5 0 1
19 1 3 1 40 19 11 1 0 7 1 4 1 12633 28558 7544 1706 2367 59 1521 18 54 736 306 18 112 949 4266 336 28 241 19 12 84 3063 1388 282 88 1278 516 2681 168 291 3 2 11 425 34 119 0 8 6 40 150 6 6 530 370 193 290 171 47 82 78 74 2 162 60 382 12 15 2 11 176 634 102 3 1 1 0 25 1 61 26 16 24 10 12 38 6 39 176 9 44 256 223 0 22 12 25 1 0 4 0 0 0 2 2 1 2 0 1 6 40 11 33 134 31 44 25 287 330 98 30 9 20 57 26 31 67 4 2 10 27 2 59 227 90 124 402 20 183 11 1 14 10 4 1 240 29 43 1 3 0 0 1 0 1 1 1 0 1 0 0 2 61 9 49 8 4 6 4 5 13 4 11 0 2 16 4 4 45 50 5 2 76 1 1 5 0 3 13 12 8 15 1 12 5 1 0
6 0 1 0 9 4 1 1 0 2 0 2 9 34 7544 15027 1557 6242 701 5151 3 20 430 368 10 47 1461 8051 105 17 74 26 55 21 495 35 648 48 1423 353 807 459 364 15 4 43 77 35 199 9 11 3 20 65 3 1 174 106 21 34 55 67 111 71 36 6 116 8 97 24 24 15 17 72 104 78 5 13 5 0 46 3 28 9 9 11 2 34 107 9 89 358 13 111 421 75 2 7 8 3 0 1 1 1 1 1 0 2 0 0 1 1 8 82 148 9 20 169 12 43 260 1403 162 12 1 16 22 38 27 177 5 0 8 14 1 25 109 22 52 163 80 62 30 0 13 18 31 6 203 22 8 1 2 1 2 0 0 3 0 1 1 3 0 0 2 15 4 30 5 15 4 0 0 6 4 10 2 1 27 0 3 25 25 3 2 32 2 3 13 0 2 9 14 4 1 0 1 2 0 0
15 0 1 2 14 20 7 1 0 0 1 2 119 614 1706 1557 1113 313 1500 1223 8 36 199 44 6 40 109 62 123 27 122 19 30 78 189 951 357 1645 40 79 323 18 48 67 13 84 75 3 6 1 2 6 13 48 2 1 193 402 90 857 8 6 13 13 4 7 66 37 4 0 1 2 16 199 520 4 3 27 1 0 6 0 42 8 12 10 3 4 5 2 22 26 0 11 35 141 1 6 5 15 1 0 1 0 0 1 0 4 1 0 1 1 2 12 11 10 52 13 21 15 112 144 16 46 16 15 45 15 13 36 2 3 18 25 2 46 111 89 93 271 16 182 13 0 11 9 3 2 144 16 50 3 2 1 0 0 0 1 0 1 0 5 0 0 5 79 4 32 10 2 11 3 1 14 3 9 1 0 17 4 4 55 35 9 4 84 2 2 5 1 4 8 7 6 12 0 12 5 0 1
6 0 1 0 12 11 2 0 0 2 0 0 76 15 2367 6242 313 20383 3021 1375 4 39 224 1433 13 44 2326 1203 73 8 35 80 220 47 216 43 1546 603 6184 135 740 498 2335 129 15 928 54 50 160 9 19 6 13 58 2 3 85 95 18 30 1718 88 172 1508 383 101 89 16 255 20 35 52 43 157 108 585 8 12 11 0 58 3 20 19 9 18 5 47 105 11 853 336 17 113 555 93 5 6 10 2 1 6 1 0 0 1 0 3 0 0 1 0 3 95 1026 19 49 265 20 330 324 3980 181 23 5 11 34 100 29 261 35 15 7 17 2 41 96 38 115 239 806 86 1015 2 11 31 111 28 294 559 15 9 9 2 3 7 0 2 0 5 6 5 0 0 10 38 36 453 21 207 8 25 9 12 6 174 0 2 157 6 5 35 67 6 15 33 4 3 26 0 2 43 24 29 5 0 5 3 3 4
3 0 2 1 5 7 2 0 0 3 4 4 5679 3 59 701 1500 3021 45033 9953 4 43 115 371 12 68 585 508 16 6 9 94 826 47 170 6 2051 9966 224 135 243 113 528 7838 341 3843 34 24 88 41 5 2 4 10 1 2 22 53 6 3 78 34 80 518 240 530 24 6 53 8 13 117 3151 5121 41 89 22 1154 50 0 22 6 12 8 7 8 6 25 73 24 460 100 8 35 203 61 9 0 6 0 0 5 2 2 2 0 1 27 0 1 1 1 21 367 2326 79 201 1319 100 867 2010 13529 1332 47 5 55 88 198 115 701 46 9 21 54 3 92 584 84 471 950 1148 351 939 4 60 97 282 92 1506 707 56 13 23 5 8 12 0 22 2 4 7 4 4 1 20 63 40 447 44 474 8 19 11 6 13 124 13 3 318 10 6 84 512 7 19 178 7 14 41 5 3 66 62 35 40 6 15 5 3 1
4 0 2 1 15 12 8 0 0 3 3 6 33 85 1521 5151 1223 1375 9953 3322 8 57 315 312 15 224 320 92 44 14 32 30 54 20 260 27 849 263 132 281 739 117 233 45 16 116 81 19 136 5 8 3 9 20 0 2 43 111 16 27 36 34 52 20 4 9 36 2 20 14 13 12 49 179 170 27 7 18 5 0 11 1 9 6 14 7 3 12 40 4 37 148 7 45 250 93 3 6 2 3 0 0 0 0 1 2 1 7 0 0 1 2 11 89 38 44 85 34 37 21 386 585 79 78 15 36 151 52 69 139 5 4 23 28 2 76 431 145 209 518 20 436 20 3 26 36 14 3 481 27 95 5 3 0 1 0 0 3 0 3 2 2 0 0 9 115 4 83 27 11 9 4 3 12 4 15 2 0 33 8 6 72 57 6 6 222 0 4 5 6 7 17 30 8 29 3 14 2 1 1
348 76 371 410 701 874 28 37 3 72 93 460 0 4 18 3 8 4 4 8 9720 7913 2414 747 38 55 15 5 37 301 167 316 320 30 5 5 40 28 13 43 547 11 35 7 3 3 31 7 13 0 3 2 27 40 5 1403 15 72 31 13 9 16 29 14 4 1 11 34 11 4 1 373 141 124 174 8 90 5 97 0 5 0 308 10 5069 653 16 1 3 0 7 17 4 6 58 600 61 16 88 0 4 2 7 3 5 3 1 1 2 3 15 7 0 1 1 1 15 0 2 6 7 8 1 8 3 3 3 0 0 1 25 2 17 31 2 17 9 11 27 60 3 19 2 2 5 1 0 0 22 3 17 1 0 1 0 0 1 3 0 2 4 2 0 0 2 16 1 4 1 0 4 4 4 3 0 0 1 0 3 3 39 48 37 9 3 47 0 1 0 2 5 2 1 3 17 1 4 2 1 0
163 33 112 164 515 887 60 15 3 40 105 420 2 13 54 20 36 39 43 57 7913 26663 4356 934 7609 2315 293 29 130 247 110 1109 974 106 128 38 165 109 97 3092 654 120 877 32 16 35 913 31 202 3 12 19 81 556 18 368 59 434 109 47 86 310 654 304 62 6 420 305 165 63 22 1157 544 687 771 61 347 23 360 0 28 0 1522 1463 9302 6752 311 18 67 6 67 138 21 136 1562 1592 226 36 7589 15 8 1 16 12 8 8 4 0 16 9 31 3 0 14 2 4 69 12 10 26 53 34 9 62 8 10 42 4 4 19 44 2 71 133 4 130 40 56 132 326 9 126 0 2 30 6 0 0 184 28 50 4 8 2 1 2 2 5 0 2 13 13 1 4 8 80 10 22 10 4 17 18 10 28 3 10 4 0 23 11 118 200 121 35 4 160 1 2 15 3 6 9 11 27 34 0 33 7 1 1
26 8 25 29 75 184 8 5 4 6 29 120 1 64 736 430 199 224 115 315 2414 4356 9218 7354 126 6009 492 129 35 29 15 363 714 249 82 42 630 265 173 1246 4457 958 925 59 10 26 301 11 236 2 3 4 16 69 1 11 15 141 52 18 24 28 73 33 10 3 56 48 25 7 3 690 478 225 167 24 211 18 240 1 8 3 45 45 127 70 36 11 30 2 53 134 3 52 382 297 141 13 23 2 7 2 13 7 6 13 3 5 7 4 16 11 0 8 4 5 34 1 6 8 73 49 12 29 9 7 13 3 5 10 34 6 40 65 4 59 53 32 51 147 10 79 10 1 10 4 1 0 84 12 39 1 1 0 1 1 3 4 0 4 4 8 1 3 3 50 4 15 10 4 13 14 5 10 0 4 2 1 15 3 68 98 57 23 3 121 0 1 2 2 7 10 3 14 23 1 10 2 0 2
9 1 2 3 9 8 0 3 0 2 0 5 7 23 306 368 44 1433 371 312 747 934 7354 7581 165 5941 8382 1004 93 11 8 8 10 8 1601 143 38 37 986 7697 1907 2153 2253 7 7 165 863 12 420 1 6 2 31 242 2 9 90 34 103 17 264 63 111 601 206 15 271 40 81 8 6 17 8 80 27 31 4 2 11 0 8 1 69 102 70 128 40 8 11 2 24 152 2 51 355 31 2 2 51 5 0 0 0 0 0 1 0 1 0 0 0 0 0 11 16 1 21 27 5 57 51 278 22 10 1 0 13 2 4 6 2 2 0 6 4 15 20 15 21 115 36 27 19 0 1 0 0 0 44 36 5 0 2 0 0 0 0 0 0 0 1 0 0 0 2 5 5 15 3 10 1 1 0 1 1 6 0 0 15 1 1 12 15 0 3 13 1 1 7 0 1 9 0 0 1 0 2 0 0 0
14 4 11 13 21 37 7 3 2 11 3 12 0 3 18 10 6 13 12 15 38 7609 126 165 6383 1592 86 24 39 20 41 28 111 18 49 18 39 27 26 2406 53 27 284 9 7 9 4129 7 28 1 9 17 84 710 21 19 124 325 103 21 31 77 161 131 21 4 827 976 40 17 3 307 190 508 192 25 180 12 133 0 12 0 374 814 876 2917 2623 7 5 1 13 42 5 34 339 27 75 10 10998 1465 1 1 6 6 0 0 0 0 1 1 5 4 2 3 2 1 42 0 8 10 31 19 2 26 8 10 21 0 0 4 16 0 16 73 1 80 8 35 102 192 10 35 3 2 23 1 1 0 119 6 25 1 2 0 0 1 0 1 0 3 3 7 0 1 5 34 2 11 2 2 12 7 2 8 0 6 1 0 7 4 21 114 91 13 0 39 0 0 2 2 9 4 2 7 5 0 8 6 0 0
3 0 1 0 3 0 0 1 0 1 0 0 0 12 112 47 40 44 68 224 55 2315 6009 5941 1592 4890 360 5 24 1 1 3 11 2 112 13 51 38 20 4389 954 127 383 7 3 5 813 1 83 1 0 1 19 156 0 2 7 3 9 1 8 28 35 23 3 0 116 16 11 2 1 3 12 150 1 10 3 2 3 0 4 0 59 93 63 100 84 1 6 2 9 35 2 25 270 2 0 1 38 1 0 0 0 0 0 0 0 1 0 0 0 0 2 8 3 4 53 4 10 7 86 60 14 18 2 3 16 4 7 13 0 0 3 6 1 16 32 33 31 151 4 43 0 2 4 3 0 0 83 5 6 1 0 0 0 0 1 1 1 0 3 0 0 0 1 13 4 8 7 2 0 1 0 1 2 3 0 0 6 0 2 15 28 0 5 15 0 1 1 0 0 2 3 0 2 0 5 1 0 0
3 0 0 0 8 3 1 0 0 3 0 0 8 829 949 1461 109 2326 585 320 15 293 492 8382 86 360 33566 10733 239 7 36 3 6 13 7131 488 58 15 688 4235 195 137 3066 3 3 96 624 17 51 0 3 8 50 330 2 8 298 50 161 44 77 73 353 4015 852 7 645 48 198 10 6 7 3 78 36 13 5 0 4 0 6 2 92 109 46 141 24 6 8 2 43 34 4 21 233 8 4 2 82 8 0 0 0 0 0 1 0 2 0 0 1 0 0 16 28 6 41 172 19 91 135 797 121 6 0 4 8 7 7 31 4 1 0 5 0 15 51 12 37 110 87 35 47 0 5 2 10 1 66 54 10 1 1 0 0 1 0 0 0 0 0 1 0 0 2 9 7 11 7 3 1 0 0 0 1 9 0 0 28 3 2 4 22 1 3 12 0 3 5 0 0 8 5 4 4 0 4 3 0 0
11 1 1 1 8 7 5 0 0 1 0 0 22 968 4266 8051 62 1203 508 92 5 29 129 1004 24 5 10733 14293 754 18 280 2 10 66 724 709 75 11 3594 50 326 132 815 7 3 171 204 30 39 1 6 7 76 420 15 7 1524 248 337 223 157 49 174 2088 2741 21 1008 103 437 13 8 6 2 38 177 63 3 1 8 1 9 1 77 81 31 72 10 4 20 7 30 68 6 22 123 32 1 4 97 24 0 0 1 0 1 0 0 1 0 0 0 0 1 42 227 6 48 439 14 500 207 2999 184 8 3 2 18 26 12 74 22 8 8 7 3 18 64 16 39 101 538 59 371 1 3 10 18 3 81 252 10 4 6 1 0 1 1 2 0 3 3 1 0 1 5 17 23 158 13 38 1 7 4 1 2 62 2 4 64 3 4 7 18 1 6 17 2 2 20 0 1 26 13 13 2 0 2 0 1 0
3019 25 123 70 2601 342 756 92 2 146 7 44 0 205 336 105 123 73 16 44 37 130 35 93 39 24 239 754 36751 11094 3553 128 176 203 155 23 167 59 775 266 93 34 302 3 5 58 83 257 14 3 33 70 3309 14140 169 34 4120 180 37 44 209 888 1372 514 547 4 6088 116 1365 185 83 220 37 57 1062 180 114 0 51 1 66 4 1038 607 57 38 55 20 82 4 109 136 34 140 965 2420 48 4117 25 370 5 1 11 12 1 10 0 2 6 4 16 2 0 0 6 1 6 2 1 30 2 41 2 14 3 1 5 0 1 4 33 2 46 53 1 25 3 7 16 21 9 14 19 2 10 2 6 0 14 71 9 1 13 0 0 1 1 3 0 0 6 12 3 2 5 6 9 11 5 8 6 11 0 3 5 24 5 2 42 3 63 107 23 8 8 61 0 2 9 2 12 13 6 5 16 0 7 3 0 0
21425 5786 825 3597 9594 2803 732 989 16 595 195 915 0 9 28 17 27 8 6 14 301 247 29 11 20 1 7 18 11094 34136 5943 321 389 60 3 0 38 22 45 3 1114 10 36 0 1 2 3 21 18 2 110 178 654 2093 154 160 5001 24 2 4 36 24 21 17 13 2 687 11 56 13 13 188 17 34 72 31 115 0 21 3 108 9 1715 671 704 122 4 22 18 6 43 262 89 18 61 1145 103 525 26 6 56 5 122 99 17 72 4 2 67 54 115 52 0 0 2 0 0 1 0 6 0 5 0 7 0 1 6 0 0 0 179 1 150 140 0 40 0 1 19 11 2 4 3 6 33 1 3 0 2 7 12 2 2 1 0 0 4 8 3 8 25 31 2 8 15 4 0 1 0 0 23 34 1 4 2 0 5 0 11 1 263 183 25 7 0 185 3 0 6 2 19 4 1 26 75 3 8 2 0 0
475 35 8 228 21396 789 174 8 0 14 22 104 1 147 241 74 122 35 9 32 167 110 15 8 41 1 36 280 3553 5943 15959 93 136 284 36 30 171 63 338 20 420 10 48 0 1 3 23 27 7 3 41 47 366 1302 46 66 9379 323 34 69 85 65 95 61 86 3 1040 128 276 22 19 53 19 7 2900 60 9 0 10 0 32 3 845 560 516 172 71 9 9 0 35 91 25 11 86 13976 7 204 1545 15879 3 1 12 5 4 4 1 0 2 3 5 3 0 0 3 0 3 1 1 7 4 11 0 5 0 0 1 1 0 1 13 0 8 14 0 4 1 2 9 16 1 1 2 0 3 1 3 1 8 15 1 0 3 0 0 1 0 0 1 1 0 2 0 0 0 4 0 3 0 1 1 4 2 2 1 1 0 2 12 2 14 20 4 0 0 9 1 0 0 0 2 7 1 2 3 0 1 0 0 0
116 21 39 60 628 3123 72 4 34 48 92 697 0 7 19 26 19 80 94 30 316 1109 363 8 28 3 3 2 128 321 93 7331 10933 3207 1 2 225 750 31 1 172 17 52 8 4 54 23 10 10 1 11 31 55 99 14 28 40 5309 10 27 62 14 17 7 5 4 45 31 53 12 16 1455 574 57 1867 61 66 2 115 0 19 0 185 50 198 76 14 7 10 0 163 32 18 8 64 5263 724 108 15 11 83 9 143 123 16 133 19 5 74 73 224 68 0 0 3 1 6 1 1 10 0 22 0 6 1 2 6 0 0 1 181 0 262 146 0 24 2 5 26 25 3 1 3 5 22 0 2 0 12 23 10 2 4 1 0 3 4 6 0 1 24 32 3 8 12 5 3 2 0 2 19 31 4 4 7 2 3 1 26 2 337 108 39 7 2 210 2 3 5 0 22 8 3 27 216 5 10 2 0 1
174 45 43 114 819 2319 55 8 42 50 484 1981 172 4 12 55 30 220 826 54 320 974 714 10 111 11 6 10 176 389 136 10933 9784 3978 7 8 446 2177 15 21 282 13 42 445 33 403 130 7 12 21 22 45 79 181 26 35 93 4917 46 109 29 12 19 10 8 49 62 134 33 2 6 2439 1457 652 2180 54 108 61 208 2 26 4 273 63 200 69 62 22 24 6 226 45 13 3 64 2501 850 137 16 6 85 17 206 146 27 185 10 7 95 111 301 92 3 8 14 2 49 16 6 47 26 106 7 91 17 13 51 2 0 11 266 9 289 339 6 223 20 59 228 292 22 133 10 4 76 7 7 1 223 59 85 3 5 4 1 2 10 7 7 10 29 39 3 15 31 112 11 30 7 8 59 57 20 53 9 23 12 4 64 10 368 444 198 83 11 270 4 1 10 10 36 13 16 34 272 8 46 10 0 4
25 1 1 1 62 38 12 2 0 5 1 4 4 236 84 21 78 47 47 20 30 106 249 8 18 2 13 66 203 60 284 3207 3978 5487 51 773 2747 704 31 15 103 3 17 9 1 19 67 1 0 1 7 9 43 106 15 11 303 9317 160 4525 6 3 3 10 8 2 91 151 16 0 0 171 114 141 3973 8 27 5 34 0 8 1 122 19 29 11 13 2 1 1 25 21 4 1 7 1187 0 14 10 33 5 5 6 6 2 1 1 0 4 4 4 6 0 0 2 4 56 2 3 33 21 13 5 56 15 13 44 7 0 6 30 6 41 123 5 124 17 46 163 252 13 93 5 6 30 7 2 0 129 16 56 1 3 1 0 1 2 2 0 0 10 10 1 5 17 94 5 17 8 1 23 20 8 27 0 6 2 1 16 11 19 146 72 38 4 57 0 0 1 3 10 2 7 14 2 2 20 2 0 1
1 0 1 1 3 0 1 0 0 2 1 1 0 4377 3063 495 189 216 170 260 5 128 82 1601 49 112 7131 724 155 3 36 1 7 51 3338 2088 132 12 59 1898 46 45 1105 2 1 17 2689 7 6 0 3 4 36 206 1 4 200 64 821 84 21 27 128 299 99 2 374 103 60 11 3 5 4 110 42 8 3 0 4 0 0 0 44 68 32 94 17 0 8 2 21 15 0 10 200 7 2 0 55 5 3 0 1 0 0 0 0 1 0 0 0 0 0 21 8 16 83 23 26 19 230 241 78 23 7 10 33 3 14 34 2 0 1 7 1 27 91 47 68 233 3 96 5 1 6 4 4 0 110 10 14 2 2 1 0 0 0 1 0 0 1 0 0 0 1 21 2 14 4 1 1 1 0 1 1 6 1 0 8 1 2 5 39 0 1 31 0 0 0 0 1 7 4 4 5 3 6 3 0 0
2 0 2 0 2 3 0 0 0 0 0 0 0 6184 1388 35 951 43 6 27 5 38 42 143 18 13 488 709 23 0 30 2 8 773 2088 2879 1148 41 110 264 26 7 256 5 1 5 816 1 3 0 0 0 3 18 3 0 92 120 1955 937 25 10 63 169 104 0 41 556 66 2 2 2 6 33 119 9 1 0 0 0 0 0 5 4 8 14 7 0 1 0 6 6 0 5 99 7 1 0 15 9 1 0 0 0 0 1 0 0 0 0 0 0 0 3 2 2 38 3 10 9 36 19 5 19 4 6 15 3 2 10 0 1 8 12 1 25 28 31 26 112 9 71 2 2 7 5 1 0 54 6 25 0 2 0 0 0 0 0 0 0 3 2 0 0 1 36 4 11 3 1 4 0 0 6 2 7 0 1 8 2 1 11 13 4 1 27 0 0 2 3 1 2 2 2 0 1 3 3 0 1
25 2 3 1 63 43 13 1 0 4 3 12 142 372 282 648 357 1546 2051 849 40 165 630 38 39 51 58 75 167 38 171 225 446 2747 132 1148 2775 2487 124 78 369 17 56 78 23 345 121 7 16 5 1 10 31 105 6 3 262 1194 173 1784 54 6 18 22 10 33 76 70 19 3 5 89 97 251 1330 32 7 42 24 0 6 3 45 27 33 17 12 7 5 4 95 18 2 5 33 464 3 8 12 23 4 3 6 0 3 6 1 8 1 2 8 6 4 11 17 16 91 17 18 56 100 128 13 121 21 15 118 18 11 40 12 6 67 100 5 187 161 179 193 412 27 340 22 1 31 23 10 0 322 73 179 5 4 2 1 0 0 5 0 6 14 6 0 1 19 196 25 76 30 12 29 12 15 45 6 22 6 0 67 17 29 221 73 79 12 239 0 0 6 8 10 22 21 29 12 2 56 15 1 4
8 1 6 2 32 41 5 0 0 1 2 10 1459 23 88 48 1645 603 9966 263 28 109 265 37 27 38 15 11 59 22 63 750 2177 704 12 41 2487 14791 20 36 144 25 38 1834 189 953 55 9 27 34 2 12 16 28 7 4 58 1152 42 215 36 6 26 7 3 99 21 34 13 1 6 198 3384 1737 710 30 20 239 47 3 15 3 34 10 19 12 12 22 45 22 288 23 3 8 76 514 6 11 7 7 5 3 4 5 5 5 2 13 3 0 8 2 3 41 58 19 177 87 36 86 310 680 105 95 25 30 128 26 12 77 27 3 62 134 5 210 197 138 332 762 52 307 30 1 42 17 14 1 504 144 120 9 7 1 1 2 4 4 1 3 11 11 1 0 17 162 23 72 21 18 23 17 16 50 15 23 4 0 112 14 33 242 199 62 11 220 2 1 16 7 10 39 23 28 25 3 38 8 2 7
22 2 2 3 26 28 14 2 0 4 1 4 30 33 1278 1423 40 6184 224 132 13 97 173 986 26 20 688 3594 775 45 338 31 15 31 59 110 124 20 16146 41 955 763 3404 13 16 432 55 143 155 7 37 8 84 349 18 10 1117 240 89 132 6259 146 753 3129 6556 45 605 41 5394 62 52 4 5 31 399 1174 2 3 3 0 53 3 120 86 44 54 7 50 103 17 1129 361 19 91 901 233 1 17 28 20 0 5 0 0 0 1 0 1 1 0 0 1 2 42 421 9 31 179 8 809 68 2366 38 20 0 11 14 72 3 105 54 27 9 18 3 33 45 22 58 126 681 57 1029 2 6 23 66 7 95 982 14 15 31 1 1 11 1 0 1 5 3 5 0 3 22 30 85 441 51 83 5 43 12 7 13 279 4 9 171 11 6 19 19 2 37 19 2 6 61 7 0 69 23 26 1 1 4 4 8 2
8 3 1 1 6 7 2 1 0 7 1 1 1 215 516 353 79 135 135 281 43 3092 1246 7697 2406 4389 4235 50 266 3 20 1 21 15 1898 264 78 36 41 6614 310 186 1682 8 7 21 3027 6 75 4 5 4 66 593 8 18 130 24 150 23 23 52 104 176 35 5 718 97 42 4 4 22 46 324 14 14 13 2 16 1 6 2 183 310 160 382 179 2 9 1 23 50 4 28 447 5 3 1 137 8 0 1 0 0 0 0 0 5 0 0 1 0 5 40 15 25 191 21 38 15 283 206 63 37 6 15 64 9 27 43 3 2 8 24 3 45 152 81 117 450 8 164 7 0 10 12 0 0 203 13 36 1 3 1 0 0 2 2 1 1 0 4 0 0 1 55 3 33 9 4 4 4 1 3 4 5 1 1 22 6 2 32 65 0 3 54 0 1 7 1 1 8 9 5 10 2 10 2 0 0
1868 97 792 262 783 339 353 599 4 1001 66 206 10 144 2681 807 323 740 243 739 547 654 4457 1907 53 954 195 326 93 1114 420 172 282 103 46 26 369 144 955 310 11002 3285 888 58 63 208 85 184 1639 94 570 467 175 115 633 785 63 74 20 26 390 150 86 52 55 73 59 39 262 181 259 469 153 167 206 485 340 12 156 11 896 60 1291 44 736 49 25 444 903 126 1090 3539 451 426 650 304 121 41 25 17 31 13 60 31 14 25 5 2 22 20 50 18 0 2 11 3 18 6 7 34 28 86 4 44 10 5 26 3 4 3 135 6 121 207 2 80 28 14 83 78 13 67 18 9 44 6 7 1 64 89 33 11 19 8 0 7 22 18 10 49 21 36 2 12 30 30 12 26 11 7 45 45 6 23 11 17 9 15 97 13 235 337 75 40 17 232 23 20 147 3 37 83 14 32 40 4 18 6 0 3
7 0 0 0 6 5 3 0 1 2 0 2 4 4 168 459 18 498 113 117 11 120 958 2153 27 127 137 132 34 10 10 17 13 3 45 7 17 25 763 186 3285 4188 5314 19 31 284 50 25 735 9 1 1 7 42 1 1 32 12 5 5 590 25 20 21 62 48 31 2 358 15 22 5 5 21 35 443 2 1 3 0 16 1 10 10 11 12 1 22 57 15 985 244 7 30 129 59 0 1 4 0 1 0 0 0 0 0 0 0 0 0 0 0 0 2 7 0 1 7 1 24 10 42 2 0 0 2 0 2 3 0 2 1 1 3 0 5 4 3 5 20 5 4 7 0 0 0 11 2 11 96 4 3 5 1 0 1 1 0 0 1 1 0 0 0 0 1 9 15 7 10 1 1 0 1 12 18 0 1 50 3 1 3 4 0 10 1 0 4 6 2 1 14 4 0 1 0 2 0 0 0
21 0 2 3 33 32 15 1 0 2 1 4 16 40 291 364 48 2335 528 233 35 877 925 2253 284 383 3066 815 302 36 48 52 42 17 1105 256 56 38 3404 1682 888 5314 10080 55 84 1361 837 117 2920 36 10 4 78 434 7 12 272 69 161 33 3256 158 933 6336 774 174 585 98 2202 37 35 23 22 112 115 1789 12 5 14 0 42 2 124 211 94 248 52 34 69 48 3770 437 18 127 3638 167 5 14 102 6 0 1 0 0 0 1 0 1 0 0 0 0 1 6 51 5 45 27 8 190 60 376 24 9 2 5 15 5 7 6 9 2 6 10 2 17 42 22 37 139 68 39 56 0 6 2 34 0 70 373 13 10 32 4 1 4 1 0 0 2 1 5 1 0 7 10 44 45 13 26 1 13 1 0 32 80 1 5 249 17 0 14 23 1 29 13 1 4 22 2 2 81 24 4 0 1 1 2 0 0
3 0 2 1 0 2 1 1 0 3 3 4 6071 3 3 15 67 129 7838 45 7 32 59 7 9 7 3 7 3 0 0 8 445 9 2 5 78 1834 13 8 58 19 55 6788 4737 2503 14 19 36 554 12 105 1 3 2 3 3 8 3 6 47 18 41 15 8 324 3 7 27 8 14 514 2841 4185 4 52 803 3107 8300 63 82 157 12 3 5 2 6 255 217 173 895 28 2 12 131 5 18 0 2 0 4 0 0 3 1 2 0 9 1 1 4 1 0 25 108 25 178 81 33 121 330 727 109 92 10 18 68 16 20 57 16 6 48 106 4 171 121 93 321 781 50 194 28 5 31 22 26 1 565 252 98 14 31 2 0 4 8 3 13 17 13 2 1 1 19 104 38 60 17 35 12 15 7 27 29 37 6 4 270 20 25 245 319 41 37 203 1 20 34 5 6 93 18 32 19 3 36 12 0 1
1 0 1 0 0 1 0 1 11 1 0 0 1421 3 2 4 13 15 341 16 3 16 10 7 7 3 3 3 5 1 1 4 33 1 1 1 23 189 16 7 63 31 84 4737 13408 2696 4 58 47 5347 9 45 7 5 0 1 0 2 0 0 17 65 125 8 11 6548 7 1 117 22 36 218 165 242 1 54 1556 2964 1095 52 200 354 6 2 1 2 3 687 655 3428 3134 73 5 17 210 1 593 19 0 0 5 2 4 2 1 9 0 2 4 5 9 5 1 6 129 4 7 21 2 622 5 546 3 2 0 2 7 8 1 5 31 5 20 18 1 8 2 2 20 33 109 2 82 7 0 32 158 2 64 1884 2 59 181 2 0 43 5 1 7 36 2 6 0 1 8 8 112 102 63 167 2 22 3 0 167 198 12 30 1685 102 26 7 12 0 179 13 13 148 250 2 1 606 78 9 24 0 1 0 1 0
2 0 1 0 3 3 2 0 1 0 0 3 2355 5 11 43 84 928 3843 116 3 35 26 165 9 5 96 171 58 2 3 54 403 19 17 5 345 953 432 21 208 284 1361 2503 2696 4220 11 48 42 53 2 2 14 54 4 0 65 29 5 5 2686 58 75 975 206 4197 93 6 119 13 12 128 156 609 26 185 139 71 151 0 29 5 18 17 9 16 3 30 83 33 769 70 5 27 430 44 83 2 11 1 2 5 2 2 0 0 0 0 1 0 2 1 1 40 1254 10 24 110 7 1820 91 3687 34 6 2 7 7 69 3 81 81 66 13 14 5 14 17 9 64 108 576 16 990 4 8 58 396 33 243 4493 6 30 50 3 0 29 1 0 0 8 4 16 0 5 28 22 358 530 94 661 19 95 10 1 35 678 2 16 748 46 5 11 97 6 132 20 8 13 89 19 2 122 54 40 8 0 4 7 18 0
6 0 3 1 4 5 0 1 1 2 1 4 1 403 425 77 75 54 34 81 31 913 301 863 4129 813 624 204 83 3 23 23 130 67 2689 816 121 55 55 3027 85 50 837 14 4 11 1675 3 37 5 2 10 60 358 16 6 134 38 2879 71 29 50 146 332 84 2 508 242 72 7 3 182 217 442 23 23 90 10 120 1 8 1 138 222 122 455 2726 2 7 2 35 57 5 35 377 13 13 0 288 22 1 0 1 0 2 4 1 3 2 1 0 2 0 13 6 20 155 12 28 24 169 81 38 48 12 16 61 10 14 33 11 2 13 39 3 104 107 80 156 537 17 149 8 0 24 2 2 0 217 19 52 1 3 3 0 0 3 0 0 1 5 10 1 1 7 89 10 37 13 2 8 9 4 8 3 18 2 0 15 5 12 64 91 10 7 63 1 0 2 3 6 9 9 14 7 1 16 5 0 1
8 0 1 0 20 13 4 2 0 5 2 3 5 3 34 35 3 50 24 19 7 31 11 12 7 1 17 30 257 21 27 10 7 1 7 1 7 9 143 6 184 25 117 19 58 48 3 19511 124 161 15 9 26 156 5 3 221 12 5 4 141 11102 1170 214 165 40 182 3 4612 1487 2269 4 4 9 42 7872 5 3 4 2 400 15 43 39 19 12 0 1260 5793 148 1205 282 42 537 557 62 2 11 10 0 1 1 0 0 0 1 0 1 0 0 0 0 0 0 5 1 4 4 1 18 3 22 2 0 1 1 12 2 3 4 23 6 5 3 1 6 3 0 8 13 7 8 6 9 7 60 70 3 49 193 3 255 862 15 7 139 7 0 19 110 1 4 0 0 3 1 4 84 300 59 2 16 1 0 287 21 54 132 1947 91 2 1 6 0 350 5 88 214 1223 7 1 2252 451 5 3 0 2 6 0 0
17 2 4 2 8 5 10 8 0 22 1 0 7 4 119 199 6 160 88 136 13 202 236 420 28 83 51 39 14 18 7 10 12 0 6 3 16 27 155 75 1639 735 2920 36 47 42 37 124 8694 88 31 5 8 27 3 2 15 7 11 0 58 79 30 13 19 79 44 3 104 45 94 4 14 24 16 424 3 2 4 0 121 2 17 24 15 16 2 140 611 101 1219 6960 53 1949 5467 16 2 3 8 1 0 0 0 0 0 0 0 0 0 0 1 0 0 1 4 2 9 1 1 5 14 23 4 2 1 0 3 1 0 2 5 1 1 6 0 6 9 4 2 20 1 5 1 0 0 6 9 1 12 35 2 7 47 1 0 5 0 0 1 7 0 0 0 0 1 1 7 6 12 5 2 1 0 0 24 6 1 6 216 10 2 5 5 0 35 6 1 10 34 0 1 114 14 1 0 0 0 0 0 0
4 0 1 0 3 0 3 0 12 6 0 0 43 1 0 9 1 9 41 5 0 3 2 1 1 1 0 1 3 2 3 1 21 1 0 0 5 34 7 4 94 9 36 554 5347 53 5 161 88 8315 88 1234 3 5 5 1 1 0 1 0 11 88 85 10 5 1918 3 2 106 44 65 81 36 395 7 260 857 1347 293 1116 994 5649 6 0 0 0 0 4468 2115 6113 1838 108 4 50 217 6 430 10 0 0 1 1 2 1 1 0 0 1 2 3 7 1 0 1 9 1 0 1 0 17 3 19 1 5 0 0 1 0 0 1 4 2 3 8 0 2 1 0 9 16 4 0 2 2 0 8 28 0 19 128 0 56 143 6 1 83 72 8 105 144 1 1 0 1 3 1 4 19 32 39 2 7 0 1 72 10 24 27 968 37 11 2 6 1 63 5 52 1148 692 1 0 689 91 1 12 0 0 1 0 0
180 3 37 5 54 27 106 76 0 143 1 8 0 0 8 11 2 19 5 8 3 12 3 6 9 0 3 6 33 110 41 11 22 7 3 0 1 2 37 5 570 1 10 12 9 2 2 15 31 88 11804 15076 177 64 449 53 5 11 4 4 7 30 7 5 5 25 6 11 6 82 18 27 13 43 21 31 60 22 14 209 1556 222 564 11 3 7 5 72 152 22 60 6559 4622 87 41 28 12 24 4 7 2 1 2 1 0 2 0 0 2 0 2 2 0 0 0 0 2 0 0 0 0 4 2 2 0 0 2 0 0 0 6 0 10 21 0 8 1 3 9 9 0 0 0 1 4 2 1 0 5 3 2 2 2 0 0 1 24 3 29 36 0 3 0 0 2 5 0 1 0 0 2 2 0 5 0 0 3 2 9 0 13 31 11 4 0 13 5 3 31 0 2 11 4 0 2 0 0 0 0 0
311 3 45 13 67 36 203 171 2 252 4 14 0 2 6 3 6 6 2 3 2 19 4 2 17 1 8 7 70 178 47 31 45 9 4 0 10 12 8 4 467 1 4 105 45 2 10 9 5 1234 15076 36941 266 128 497 48 10 23 4 8 4 13 15 8 7 482 2 27 15 164 39 92 25 377 35 5 393 541 94 11306 9667 3413 845 7 13 12 12 703 126 95 35 1509 3579 124 29 35 220 48 4 1 4 3 4 2 1 1 2 6 1 5 9 4 0 0 1 0 3 0 1 1 0 1 0 3 3 1 4 0 0 2 13 1 9 35 2 16 0 1 21 13 2 2 0 26 11 2 16 0 30 2 7 10 5 11 0 97 2606 216 4724 1851 51 8 1 1 10 3 0 1 0 12 2 8 3 3 1 2 118 38 69 0 16 66 25 7 1 49 309 63 1206 0 17 71 49 2 20 4 2 2 1 0
1042 11 157 40 438 93 1208 642 62 871 54 61 1 25 40 20 13 13 4 9 27 81 16 31 84 19 50 76 3309 654 366 55 79 43 36 3 31 16 84 66 175 7 78 1 7 14 60 26 8 3 177 266 4863 5895 4935 212 115 75 30 18 45 118 215 106 95 1 207 99 157 24 19 127 21 66 187 30 108 5 43 3 52 14 2296 76 43 68 41 3 24 3 23 428 58 34 148 366 461 4440 55 33 5 2 11 7 4 7 2 0 7 7 24 4 0 1 0 0 5 2 2 7 3 7 1 12 1 0 11 0 1 2 22 0 21 54 0 19 2 4 33 24 2 12 4 1 9 1 3 0 19 13 9 0 0 1 0 1 0 1 0 1 7 8 0 0 9 8 3 5 4 0 6 8 3 1 0 4 0 0 7 0 39 58 18 11 0 38 0 0 0 0 7 2 0 8 15 2 4 1 0 0
2695 90 560 184 1497 441 3018 1496 72 1734 46 163 0 87 150 65 48 58 10 20 40 556 69 242 710 156 330 420 14140 2093 1302 99 181 106 206 18 105 28 349 593 115 42 434 3 5 54 358 156 27 5 64 128 5895 20509 173 36 418 226 70 37 175 586 1257 635 463 3 8731 422 705 107 52 207 41 93 646 108 116 1 65 3 54 6 3616 8945 242 1178 301 11 67 6 85 147 40 117 990 1168 141 6036 614 192 13 0 19 10 4 14 2 2 7 4 19 7 0 3 3 0 6 4 2 14 17 34 3 14 3 6 11 1 0 2 49 1 40 89 2 39 4 9 47 41 12 16 6 1 15 1 3 0 43 42 21 0 2 2 0 1 0 2 0 1 7 13 0 3 8 17 4 12 7 1 15 12 4 10 1 8 2 0 24 2 78 123 29 16 2 61 0 1 4 1 12 7 3 14 19 0 7 4 0 0
242 4 56 8 80 23 175 107 12 245 10 14 1 2 6 3 2 2 1 0 5 18 1 2 21 0 2 15 169 154 46 14 26 15 1 3 6 7 18 8 633 1 7 2 0 4 16 5 3 5 449 497 4935 173 10712 652 12 16 5 8 11 13 18 8 8 1 11 30 11 6 8 55 10 23 31 5 45 3 11 8 97 18 3305 14 8 9 7 7 6 2 4 1279 106 9 13 43 95 579 7 6 2 1 5 4 1 1 0 0 3 5 5 2 0 1 0 0 1 0 0 1 1 2 0 7 1 0 4 0 0 0 13 1 9 26 1 14 1 1 13 7 1 6 0 0 4 0 0 0 11 1 6 1 0 1 0 1 0 0 2 4 1 4 1 0 4 3 0 0 0 0 4 3 1 1 0 0 0 0 1 0 21 33 11 3 0 14 2 0 6 0 2 1 1 8 6 0 4 1 0 0
214 18 106 57 155 113 82 99 0 179 20 58 0 0 6 1 1 3 2 2 1403 368 11 9 19 2 8 7 34 160 66 28 35 11 4 0 3 4 10 18 785 1 12 3 1 0 6 3 2 1 53 48 212 36 652 3881 5 11 3 4 5 17 17 11 3 0 10 8 14 3 4 67 16 22 27 7 33 0 16 3 21 2 7731 18 2295 93 9 8 6 0 2 181 26 2 12 84 15 33 35 0 3 2 1 4 3 5 1 0 1 2 6 2 0 1 2 0 2 0 0 3 0 4 0 3 0 0 1 0 0 0 12 1 8 26 0 15 1 1 9 11 2 8 0 0 8 0 0 0 3 2 3 0 0 1 0 1 0 3 0 1 4 5 0 2 2 4 0 2 0 0 4 5 3 1 0 0 0 1 2 0 20 28 7 3 0 14 0 0 2 1 1 0 0 3 5 0 1 0 0 0
62 0 1 15 1926 94 13 1 0 5 2 5 1 367 530 174 193 85 22 43 15 59 15 90 124 7 298 1524 4120 5001 9379 40 93 303 200 92 262 58 1117 130 63 32 272 3 0 65 134 221 15 1 5 10 115 418 12 5 11356 1142 110 129 259 775 1222 491 848 6 4694 706 1586 184 76 44 20 25 3670 214 9 1 15 0 26 1 127 56 48 258 365 16 60 2 102 43 10 118 756 2911 3 35 1595 3801 0 1 2 0 0 2 0 0 1 0 3 2 0 1 12 0 7 4 0 35 10 46 7 5 2 1 6 6 0 1 6 2 4 18 0 14 5 8 17 33 10 13 23 0 3 1 12 2 26 81 7 1 10 0 0 0 0 0 0 4 1 2 1 0 2 10 13 18 5 2 2 5 0 1 10 17 2 1 38 3 3 17 6 2 11 13 1 2 4 0 2 15 2 2 2 0 1 1 0 0
13 0 3 6 32 91 6 4 0 6 2 11 0 425 370 106 402 95 53 111 72 434 141 34 325 3 50 248 180 24 323 5309 4917 9317 64 120 1194 1152 240 24 74 12 69 8 2 29 38 12 7 0 11 23 75 226 16 11 1142 5260 143 6341 81 15 46 49 52 3 897 792 143 7 6 690 533 125 7091 78 38 0 152 0 13 0 164 114 111 621 49 2 4 0 110 35 9 7 79 862 7 3 1007 728 3 3 4 4 2 3 1 1 2 2 12 2 0 0 7 2 20 2 2 12 9 27 1 25 4 3 17 1 1 2 17 1 21 82 1 65 5 36 103 147 21 35 3 0 15 7 3 0 83 22 31 2 2 0 0 0 1 0 0 0 4 9 0 2 9 59 9 14 5 0 10 9 2 10 5 5 0 0 29 4 17 91 45 18 0 23 0 0 3 0 11 5 4 10 3 0 6 1 0 0
2 0 1 0 3 2 0 0 0 0 0 0 0 327 193 21 90 18 6 16 31 109 52 103 103 9 161 337 37 2 34 10 46 160 821 1955 173 42 89 150 20 5 161 3 0 5 2879 5 11 1 4 4 30 70 5 3 110 143 1940 921 10 14 55 143 86 2 125 177 52 3 0 64 65 149 75 5 40 2 40 1 2 0 49 44 29 110 129 0 8 3 7 15 2 5 98 5 6 1 101 14 1 2 1 1 0 0 1 0 1 0 0 1 2 4 1 2 46 2 10 15 29 30 5 30 5 5 16 2 2 8 4 1 14 32 1 73 26 36 82 254 11 65 3 2 7 4 1 0 108 3 29 2 1 0 2 0 1 0 0 0 6 4 0 1 6 52 6 12 4 4 6 7 2 11 1 9 0 0 13 1 4 53 32 7 3 24 0 0 1 1 3 2 3 9 2 0 11 5 2 0
7 1 1 0 2 1 2 0 0 4 2 3 0 1743 290 34 857 30 3 27 13 47 18 17 21 1 44 223 44 4 69 27 109 4525 84 937 1784 215 132 23 26 5 33 6 0 5 71 4 0 0 4 8 18 37 8 4 129 6341 921 5686 26 3 14 29 38 0 50 430 43 1 0 9 16 80 1782 11 1 0 11 0 2 0 53 13 11 16 4 0 0 1 7 6 2 3 12 30 0 0 22 23 8 0 6 1 2 2 0 0 3 0 1 1 0 3 2 2 44 5 5 16 15 21 4 37 4 7 41 0 0 4 23 0 29 91 5 121 20 34 110 203 17 61 6 3 19 7 0 0 102 11 48 1 1 0 0 0 0 2 0 2 2 8 0 2 3 83 4 19 6 2 16 10 9 22 2 4 2 1 9 5 19 107 41 27 4 31 0 0 0 5 10 7 6 11 4 0 12 3 0 2
17 0 0 2 33 23 5 2 0 3 1 6 6 4 171 55 8 1718 78 36 9 86 24 264 31 8 77 157 209 36 85 62 29 6 21 25 54 36 6259 23 390 590 3256 47 17 2686 29 141 58 11 7 4 45 175 11 5 259 81 10 26 6824 178 312 1854 231 280 193 13 1118 67 46 17 13 40 165 3202 4 2 10 0 39 1 61 58 31 51 3 27 71 8 2839 138 8 77 1459 192 2 8 14 5 1 6 0 0 0 0 0 0 1 0 0 0 1 13 218 4 14 8 2 402 25 555 6 5 0 5 5 26 2 16 24 36 6 12 0 19 4 8 31 75 111 26 316 4 5 24 199 6 94 1612 5 14 25 3 0 12 0 1 2 6 5 9 0 2 14 17 134 250 44 101 6 67 5 2 24 380 6 5 268 29 1 6 17 0 66 6 4 3 36 13 2 49 22 14 0 2 4 0 15 0
11 0 3 0 12 8 1 4 0 11 1 1 5 9 47 67 6 88 34 34 16 310 28 63 77 28 73 49 888 24 65 14 12 3 27 10 6 6 146 52 150 25 158 18 65 58 50 11102 79 88 30 13 118 586 13 17 775 15 14 3 178 13794 5829 790 285 55 862 12 2431 5703 1364 4 3 20 47 1111 6 2 5 3 428 17 168 160 91 109 9 215 628 116 983 277 56 1656 2547 89 2 9 49 3 0 0 0 0 0 0 1 0 0 0 0 1 0 4 5 0 7 2 3 17 23 30 6 3 2 4 8 2 4 6 5 0 1 2 0 1 7 4 12 37 3 8 0 4 0 18 44 1 28 128 2 149 478 4 3 50 9 1 14 121 0 2 0 1 1 3 7 28 179 29 5 7 2 0 120 29 49 88 798 33 0 4 12 0 141 11 67 106 797 2 1 1206 267 4 1 0 0 2 0 0
20 2 2 2 20 11 5 2 0 5 0 3 3 11 82 111 13 172 80 52 29 654 73 111 161 35 353 174 1372 21 95 17 19 3 128 63 18 26 753 104 86 20 933 41 125 75 146 1170 30 85 7 15 215 1257 18 17 1222 46 55 14 312 5829 15612 9776 6228 149 1825 42 5397 225 90 12 12 47 53 932 9 0 6 0 45 1 302 303 148 294 25 40 293 87 2118 65 15 260 4626 90 2 13 152 9 0 1 0 1 0 1 1 1 0 0 1 0 2 5 8 2 23 15 14 30 63 101 18 4 0 1 6 1 3 7 22 1 1 9 0 8 16 9 25 81 4 23 5 2 2 27 65 1 71 286 5 47 111 4 1 13 1 0 0 8 0 4 0 2 0 5 15 46 47 25 4 9 1 1 143 62 2 16 900 81 0 7 17 1 102 11 3 21 81 1 1 374 65 5 3 0 1 1 0 0
9 1 1 2 15 3 5 3 0 1 1 2 26 29 78 71 13 1508 518 20 14 304 33 601 131 23 4015 2088 514 17 61 7 10 10 299 169 22 7 3129 176 52 21 6336 15 8 975 332 214 13 10 5 8 106 635 8 11 491 49 143 29 1854 790 9776 11750 7663 69 1020 63 3201 76 43 14 7 42 46 409 4 3 7 0 13 3 128 197 77 213 43 10 28 4 380 29 12 79 3139 42 5 8 139 8 0 0 0 0 0 0 0 1 0 0 0 0 0 7 111 6 23 70 4 446 60 764 26 7 1 2 9 9 6 16 16 4 3 5 0 12 35 16 26 83 166 32 144 0 1 8 21 1 38 444 5 9 12 0 0 0 0 1 0 1 0 2 0 0 8 14 48 74 19 17 5 18 2 0 14 90 1 4 93 8 1 5 19 0 20 7 2 1 37 3 1 41 11 8 2 0 2 2 1 0
5 0 1 1 11 7 1 1 0 2 0 1 16 7 74 36 4 383 240 4 4 62 10 206 21 3 852 2741 547 13 86 5 8 8 99 104 10 3 6556 35 55 62 774 8 11 206 84 165 19 5 5 7 95 463 8 3 848 52 86 38 231 285 6228 7663 10823 28 903 50 7639 48 34 9 2 14 40 182 4 0 2 0 8 1 88 95 43 89 7 15 15 4 95 35 6 37 515 41 1 5 67 2 1 1 0 0 1 0 1 0 0 0 1 0 1 11 93 5 14 61 4 303 25 759 14 3 1 2 1 15 3 13 16 7 3 4 0 9 4 5 12 36 203 5 217 0 2 6 12 0 23 281 1 8 16 0 0 1 0 0 0 4 1 0 0 0 5 5 29 106 9 21 3 12 2 2 6 49 1 2 96 0 1 1 5 1 16 4 2 2 22 1 0 44 9 11 0 0 3 0 5 0
5 0 0 0 3 0 2 1 0 2 1 0 863 0 2 6 7 101 530 9 1 6 3 15 4 0 7 21 4 2 3 4 49 2 2 0 33 99 45 5 73 48 174 324 6548 4197 2 40 79 1918 25 482 1 3 1 0 6 3 2 0 280 55 149 69 28 730 4 0 134 12 26 23 16 404 5 117 268 800 69 310 158 342 3 0 1 2 0 341 316 1075 5702 34 2 28 232 7 142 4 1 0 0 0 0 1 0 1 0 1 0 5 3 0 0 3 446 0 5 17 0 191 15 662 4 0 0 0 3 4 1 6 3 2 3 8 0 4 2 3 10 25 35 3 41 1 0 8 125 11 64 795 1 11 54 0 0 11 12 3 35 31 1 0 0 0 2 3 21 34 27 1808 0 6 1 1 33 50 2 7 430 11 1 6 62 1 51 5 9 34 78 0 0 164 24 0 9 0 1 0 0 0
369 29 160 97 549 196 40 69 1 160 12 57 3 162 162 116 66 89 24 36 11 420 56 271 827 116 645 1008 6088 687 1040 45 62 91 374 41 76 21 605 718 59 31 585 3 7 93 508 182 44 3 6 2 207 8731 11 10 4694 897 125 50 193 862 1825 1020 903 4 16762 1269 1165 180 48 117 20 90 1929 137 69 2 25 0 24 1 193 5461 223 3466 830 20 82 5 87 72 12 129 1163 859 13 12 1656 1341 6 2 3 4 1 4 2 1 5 2 8 1 0 3 10 1 7 2 2 43 10 63 8 10 2 1 9 3 1 3 19 2 19 38 2 21 7 5 28 42 17 12 25 1 10 1 9 0 31 89 9 1 2 0 1 1 1 2 0 2 5 4 0 1 7 15 9 12 5 1 7 7 1 5 3 25 3 1 49 3 28 66 23 5 9 44 2 2 7 4 6 16 4 9 11 0 5 3 0 0
5 0 6 3 4 11 6 2 0 10 5 1 0 94 60 8 37 16 6 2 34 305 48 40 976 16 48 103 116 11 128 31 134 151 103 556 70 34 41 97 39 2 98 7 1 6 242 3 3 2 11 27 99 422 30 8 706 792 177 430 13 12 42 63 50 0 1269 1217 26 3 3 182 173 190 1711 4 125 4 133 2 15 1 196 279 219 1188 1034 2 3 0 10 28 4 7 59 25 32 5 1617 1099 2 0 5 3 0 2 0 0 1 1 3 0 3 2 0 0 18 0 2 6 11 10 2 23 3 6 15 1 3 4 13 0 24 50 5 51 11 29 82 146 10 42 1 1 7 4 0 0 78 5 33 1 0 0 0 0 1 2 0 2 4 6 0 1 6 38 2 9 4 0 12 3 2 7 0 1 0 1 7 1 14 58 51 16 2 31 0 1 1 3 4 3 2 7 5 0 7 3 1 1
38 3 3 3 60 59 19 1 0 0 2 14 8 17 382 97 4 255 53 20 11 165 25 81 40 11 198 437 1365 56 276 53 33 16 60 66 19 13 5394 42 262 358 2202 27 117 119 72 4612 104 106 6 15 157 705 11 14 1586 143 52 43 1118 2431 5397 3201 7639 134 1165 26 9821 528 798 7 9 28 262 9744 4 2 4 0 213 1 211 165 75 95 9 293 896 69 2260 157 20 247 2687 341 4 30 50 10 0 3 0 1 0 1 0 2 0 0 3 0 1 5 25 2 6 8 2 87 39 89 7 9 2 3 12 10 2 11 28 12 18 6 0 17 8 13 42 84 10 17 22 9 5 49 200 3 101 983 2 71 209 6 3 45 1 1 5 19 2 5 0 0 7 16 53 123 98 82 6 32 4 2 374 232 6 27 1912 148 2 5 20 1 256 21 10 45 135 4 0 681 149 22 4 1 3 2 6 0
25 0 8 2 12 11 14 13 0 16 0 1 1 2 12 24 0 20 8 14 4 63 7 8 17 2 10 13 185 13 22 12 2 0 11 2 3 1 62 4 181 15 37 8 22 13 7 1487 45 44 82 164 24 107 6 3 184 7 3 1 67 5703 225 76 48 12 180 3 528 3980 2749 3 3 12 23 432 7 3 4 24 3162 172 60 28 10 15 1 511 300 57 333 520 1486 1650 433 35 6 1 5 2 0 0 0 0 0 0 0 0 0 0 2 0 0 0 1 1 1 1 3 5 5 7 2 1 1 0 1 0 0 0 1 1 1 2 0 1 3 1 3 2 0 6 0 2 0 3 11 0 4 35 0 86 122 6 2 45 45 14 81 528 2 0 0 0 0 0 5 5 39 7 0 3 1 0 20 3 90 93 211 12 1 2 4 1 42 5 104 44 1061 0 0 320 129 0 1 0 1 0 0 0
20 0 7 1 14 8 12 17 1 20 0 3 1 2 15 24 1 35 13 13 1 22 3 6 3 1 6 8 83 13 19 16 6 0 3 2 5 6 52 4 259 22 35 14 36 12 3 2269 94 65 18 39 19 52 8 4 76 6 0 0 46 1364 90 43 34 26 48 3 798 2749 5137 11 2 7 27 1615 7 5 3 13 8374 103 30 18 8 7 0 486 989 51 689 440 171 727 277 44 3 5 1 0 0 1 1 0 0 0 0 1 0 0 0 0 0 1 1 0 0 2 0 3 3 10 0 0 0 0 4 0 1 0 3 1 1 1 0 3 0 0 2 8 1 0 1 3 2 15 17 3 8 38 2 124 115 8 3 71 26 10 49 330 2 0 0 0 1 1 4 4 35 9 0 4 0 0 25 9 87 112 241 8 0 7 1 0 25 11 155 94 1179 0 0 360 166 0 1 1 0 0 1 0
211 35 228 107 171 225 48 27 52 162 57 188 38 8 2 15 2 52 117 12 373 1157 690 17 307 3 7 6 220 188 53 1455 2439 171 5 2 89 198 4 22 469 5 23 514 218 128 182 4 4 81 27 92 127 207 55 67 44 690 64 9 17 4 12 14 9 23 117 182 7 3 11 4649 3222 854 628 15 2208 368 4766 10 51 28 399 89 201 38 138 41 23 20 106 74 26 4 31 901 5657 208 22 7 73 15 142 121 19 112 15 3 87 64 194 54 0 1 7 0 19 3 4 15 11 26 4 63 14 9 32 1 0 7 332 5 293 488 6 189 8 23 206 158 14 71 2 13 99 4 6 0 128 30 40 2 6 14 0 4 14 25 3 21 48 84 3 20 42 44 4 12 4 5 77 87 12 24 8 1 16 2 27 4 554 665 239 44 5 466 5 0 5 9 57 9 14 63 206 8 22 10 1 1
7 1 3 2 18 28 3 2 0 8 2 10 78 2 11 17 16 43 3151 49 141 544 478 8 190 12 3 2 37 17 19 574 1457 114 4 6 97 3384 5 46 153 5 22 2841 165 156 217 4 14 36 13 25 21 41 10 16 20 533 65 16 13 3 12 7 2 16 20 173 9 3 2 3222 10492 1267 308 19 133 254 2874 3 24 7 121 21 48 22 130 20 24 15 107 19 7 1 24 350 6 2 4 6 11 1 7 7 5 13 2 3 8 1 7 8 0 6 7 7 51 16 17 27 55 101 20 67 9 16 54 7 5 17 54 5 72 226 7 183 30 46 256 294 18 105 6 6 35 7 2 0 247 32 71 1 4 5 1 0 3 5 0 6 15 29 0 5 25 97 8 29 9 2 25 26 9 46 5 4 2 2 37 4 62 391 183 65 5 104 0 0 9 5 21 9 11 24 7 3 33 9 0 3
