49833 9016 11444 4300 2766 10275 11405 9468 173 1216 279 8471 0 4 5 1 3 1 1 2 131 113 5 10 34 6 16 3 8106 5238 607 390 1047 13 1 1 8 32 3 14 1948 2 29 0 2 0 14 21 34 17 211 360 853 3701 954 434 62 4 7 1 1 17 6 3 6 7 516 65 20 19 14 461 120 39 97 11 110 3 60 94 114 33 3762 1510 1937 236 59 55 31 4 14 361 118 45 23 824 174 2175 46 24 24 10 182 49 7 163 4 27 31 40 110 177 0 1 0 0 0 1 1 1 2 3 1 8 4 1 0 0 0 1 89 1 46 186 0 62 0 0 26 11 0 0 1 4 18 0 2 0 0 2 3 1 3 3 0 3 14 16 12 6 15 21 4 26 11 1 2 0 0 0 35 25 8 3 0 1 9 8 2 1 127 26 4 3 0 69 6 1 23 6 21 5 2 14 75 17 14 1 0 0
9016 19837 4403 12388 2424 11331 404 223 21 120 94 5816 0 1 0 0 0 0 0 2 114 76 4 7 18 1 5 0 745 2472 203 78 357 7 0 0 2 10 0 11 612 1 11 1 2 2 15 7 13 4 56 83 164 651 143 201 43 4 4 3 1 3 5 3 1 1 272 22 4 12 7 216 33 29 30 0 73 0 41 23 28 6 991 545 1107 177 21 16 8 1 8 85 27 10 11 165 102 183 24 20 25 14 227 62 13 200 7 37 48 43 139 208 1 1 0 0 0 0 0 0 0 0 1 11 3 0 1 0 0 0 96 0 57 217 0 75 0 0 20 6 0 2 0 6 23 1 1 0 1 1 5 0 1 0 0 1 9 13 1 3 18 15 2 19 16 0 0 1 0 1 42 25 5 2 0 0 6 1 0 0 178 38 7 2 0 98 3 0 4 2 26 2 1 31 101 15 10 7 0 2
11444 4403 20996 6195 88 5289 505 3576 207 5191 636 35992 1 5 3 1 2 0 2 1 210 157 6 5 32 4 11 3 781 89 68 38 334 10 1 0 4 20 1 13 1345 1 23 3 1 3 22 18 34 15 118 199 305 1344 374 421 20 7 8 3 4 10 10 5 4 4 471 59 9 15 10 382 80 59 66 7 175 0 92 50 76 22 2027 1068 2153 331 51 39 23 4 7 236 82 20 20 110 313 369 50 22 130 49 770 208 16 744 25 143 152 182 565 795 0 2 0 0 0 1 0 2 2 0 1 13 10 1 1 0 0 0 277 5 167 692 0 243 0 0 55 17 0 2 1 19 47 2 1 0 0 4 6 2 0 8 0 1 11 13 10 5 52 48 10 63 39 1 1 0 0 1 86 64 25 5 0 0 7 3 3 0 580 70 10 3 0 267 6 0 8 6 79 3 6 84 268 37 30 3 0 4
4300 12388 6195 15811 6943 15653 139 52 19 49 75 5288 0 0 0 1 0 0 1 0 98 89 4 3 11 0 3 2 330 1079 191 49 186 4 0 0 0 12 0 5 266 0 9 1 1 0 6 1 4 1 17 23 39 333 53 104 28 2 3 0 0 2 3 3 1 1 171 7 2 2 1 150 18 10 15 0 46 0 24 5 11 1 368 298 653 137 13 0 0 0 2 22 8 2 8 76 67 67 27 4 24 5 187 47 5 178 3 36 46 39 123 188 1 0 0 0 0 0 0 1 0 0 0 5 2 0 0 0 0 0 72 0 47 166 0 56 0 0 14 6 0 1 0 5 13 0 0 0 1 2 6 0 0 1 0 0 4 7 1 0 14 7 1 23 9 0 0 0 0 1 22 13 6 1 0 0 0 0 1 0 143 20 2 0 0 66 0 0 0 1 20 1 2 16 68 7 8 2 0 0
2766 2424 88 6943 12808 8117 1403 103 13 70 28 1770 0 8 6 5 3 1 0 3 98 179 3 6 24 1 5 2 3303 8356 5119 270 571 19 1 1 9 20 1 7 264 1 9 0 0 0 7 4 2 3 27 40 150 803 138 88 599 16 4 3 3 3 6 3 2 0 489 16 18 2 1 146 76 8 87 4 36 1 30 6 11 3 547 374 647 176 18 7 1 0 7 27 10 6 7 1825 48 642 39 63 5 1 17 5 1 14 0 3 0 3 14 17 1 0 1 0 0 0 0 2 3 3 1 1 1 1 0 0 0 0 15 0 8 35 0 9 0 0 4 4 0 0 0 0 1 0 0 0 0 3 1 1 0 1 0 0 1 2 0 1 4 0 0 2 4 0 1 0 0 0 4 5 3 0 0 0 2 1 1 0 18 8 1 0 0 19 1 0 0 0 4 1 1 4 11 2 1 1 0 1
10275 11331 5289 15653 8117 8125 1548 217 63 211 142 11844 0 3 4 1 4 0 0 0 329 378 12 8 47 1 7 2 1480 4644 845 1387 1586 13 1 1 8 21 2 12 599 1 16 0 0 2 10 7 11 3 51 63 184 742 165 220 43 7 5 0 1 7 7 4 3 1 328 39 6 5 3 318 68 24 48 8 66 1 38 10 19 6 874 570 1408 358 16 12 9 0 6 62 20 5 9 619 197 511 84 13 50 22 328 89 11 300 9 61 84 84 214 361 1 2 1 0 0 0 1 0 5 1 1 7 5 0 0 0 0 0 143 3 64 378 1 84 0 0 34 13 1 3 0 4 23 1 0 0 5 5 2 1 1 3 2 1 5 10 1 2 24 18 4 26 19 1 0 0 0 0 42 30 11 1 1 0 3 0 0 0 265 31 1 2 1 113 1 0 2 4 29 1 6 41 140 16 13 4 0 1
11405 404 505 139 1403 1548 10803 9000 633 3998 746 1121 0 4 1 0 2 0 1 2 23 63 0 1 9 0 1 2 1490 690 753 279 600 12 0 1 8 10 0 3 96 0 4 1 1 0 1 2 2 4 27 29 336 832 278 26 40 9 2 0 0 3 5 2 2 2 43 16 6 1 6 165 47 21 45 4 97 1 22 11 14 1 604 92 111 24 8 4 3 2 4 44 14 2 1 838 557 3287 10 10 5 1 29 12 0 33 0 8 5 14 24 42 0 0 0 0 0 1 0 0 2 0 0 4 1 0 0 0 0 0 9 0 5 36 0 12 0 0 9 1 2 0 0 0 1 0 0 0 0 1 0 0 1 0 0 0 1 1 2 0 3 6 1 6 2 0 0 0 0 0 13 4 0 0 0 1 1 0 0 1 35 6 3 1 0 14 2 0 2 2 4 0 0 7 7 2 4 1 0 0
9468 223 3576 52 103 217 9000 29869 1313 18258 2412 2546 2 1 0 1 1 0 0 0 14 23 0 4 12 3 4 3 610 98 94 31 89 7 0 0 3 11 1 5 466 0 9 0 4 0 5 6 14 4 122 160 496 1433 507 161 19 3 2 1 0 7 3 0 3 2 104 20 4 9 8 67 22 18 25 6 125 3 18 35 36 15 1485 378 354 46 20 23 8 2 4 159 54 13 7 116 196 1806 8 5 23 5 83 23 2 99 7 22 24 31 84 104 0 0 0 0 1 0 0 1 2 0 1 2 2 1 1 0 0 0 26 0 12 80 0 28 0 0 9 9 0 0 0 2 2 0 0 0 0 0 0 1 0 0 0 2 2 6 6 4 7 2 0 5 0 0 0 0 0 0 6 5 2 1 0 0 4 2 2 0 50 12 2 0 1 20 1 0 4 0 5 2 0 10 33 6 2 1 0 1
173 21 207 19 13 63 633 1313 1017 3617 632 569 14 0 0 0 1 2 1 0 30 63 1 1 15 0 1 1 60 23 10 31 188 2 0 0 1 7 0 0 49 0 6 5 123 10 8 0 1 88 22 70 115 93 38 13 5 7 0 0 1 1 3 1 0 56 21 6 5 3 3 346 30 250 27 3 926 47 48 43 16 66 85 32 50 22 11 70 20 43 27 27 7 2 3 55 2572 871 18 2 3 0 9 2 3 13 1 3 3 7 12 10 2 2 0 0 0 6 4 0 38 61 18 3 1 0 0 0 1 1 9 1 1 30 0 23 1 0 39 18 0 0 0 1 9 1 0 0 31 6 0 1 1 1 0 2 2 1 1 2 5 6 1 2 0 1 0 2 0 0 16 6 2 1 1 4 1 0 4 1 21 32 24 0 1 16 1 3 8 1 8 5 1 1 14 3 1 0 0 1
1216 120 5191 49 70 211 3998 18258 3617 42643 19039 28334 1 1 0 0 2 0 2 0 27 32 2 0 10 0 0 0 222 67 54 31 301 2 1 0 2 7 0 0 139 0 5 1 1 1 1 2 4 9 51 44 352 506 229 65 10 2 0 1 0 3 3 1 0 1 40 7 3 4 3 357 32 40 16 1 739 4 13 10 17 9 589 132 166 21 6 9 3 1 5 49 12 7 5 84 1849 2206 6 2 89 16 605 136 7 693 26 184 355 263 768 753 0 0 0 0 0 1 0 1 1 4 1 5 3 0 0 0 0 0 76 1 61 466 0 70 0 0 18 9 1 1 0 7 17 0 1 0 3 1 0 1 0 1 0 0 7 6 3 0 20 17 14 15 7 0 0 0 0 1 28 25 4 0 0 0 2 1 1 0 367 20 9 1 0 75 2 0 4 4 25 1 3 29 228 65 15 2 0 1
279 94 636 75 28 142 746 2412 632 19039 7270 6280 0 1 0 1 0 0 0 0 20 39 0 1 5 0 0 1 88 51 20 18 495 2 0 0 0 9 0 0 87 0 4 0 0 0 1 0 6 1 9 12 105 199 74 18 1 4 2 0 0 1 2 0 0 1 26 1 2 3 0 794 48 31 11 0 523 1 44 5 8 3 207 54 111 26 3 4 2 2 0 20 7 3 0 50 2120 679 6 0 75 14 490 104 11 539 23 100 146 157 501 641 0 0 0 0 0 1 0 0 1 2 0 12 5 0 0 0 0 1 99 2 74 382 0 78 0 0 23 2 0 2 0 6 16 0 0 0 2 1 3 1 0 4 0 1 3 4 1 4 15 15 11 37 12 0 0 0 0 0 26 22 7 0 0 0 2 0 2 0 342 19 10 1 0 91 0 1 1 11 19 0 1 31 200 38 23 8 0 4
8471 5816 35992 5288 1770 11844 1121 2546 569 28334 6280 28735 2 4 3 1 4 1 0 1 519 729 19 5 97 9 11 3 911 2077 198 417 2487 13 0 0 7 47 1 10 863 0 14 4 0 0 12 5 10 4 35 70 245 913 198 282 20 5 13 3 2 4 5 2 2 1 427 50 14 2 6 1291 187 84 61 2 325 1 142 23 17 7 1006 751 2074 600 53 11 6 3 6 68 20 6 10 590 2363 759 140 17 242 96 1909 482 56 1884 58 353 504 515 1600 2145 0 1 0 2 1 0 1 3 8 1 2 32 32 1 2 0 0 1 491 9 313 1580 0 365 0 0 78 21 0 12 0 30 113 2 5 0 7 14 12 0 2 13 0 0 16 27 4 2 113 66 23 132 61 0 0 1 0 3 176 112 34 9 0 1 5 0 8 0 1296 94 16 5 0 470 2 3 6 21 114 1 6 202 700 110 78 23 2 16
0 0 1 0 0 0 0 2 14 1 0 2 6086 1 8 3 15 57 5906 9 1 2 2 19 0 0 30 49 8 0 0 0 0 0 1 0 5 717 31 2 43 11 87 5429 4389 3485 0 9 13 310 5 27 2 7 1 1 2 0 1 0 28 11 24 70 59 3178 6 4 92 5 1 44 488 1926 2 26 371 909 822 28 20 100 4 1 2 1 0 78 60 208 241 28 5 9 33 2 101 7 2 3 0 0 0 1 2 0 0 4 0 0 0 0 1 106 903 4 0 104 7 766 26 874 18 0 0 0 0 19 0 27 5 6 2 2 0 3 0 0 25 24 182 2 163 3 3 47 73 16 43 2824 3 7 9 1 2 33 2 1 1 5 0 2 0 1 0 1 184 105 8 222 7 8 5 7 22 193 3 3 430 22 2 8 154 2 23 6 4 8 19 0 2 67 18 2 1 0 1 2 1 0
4 1 5 0 8 3 4 1 0 1 1 4 1 7740 4519 1082 812 192 46 31 55 52 380 664 17 71 2715 935 238 19 42 24 18 157 6457 4023 1689 67 185 1643 949 113 485 2 5 36 757 12 153 2 6 2 12 111 10 6 110 80 2027 770 40 58 211 159 199 1 291 1042 360 19 2 3 13 10 679 52 4 7 7 0 1 0 36 36 40 34 143 2 15 7 49 102 4 22 192 89 1 9 29 174 0 0 0 0 1 0 0 14 0 0 0 0 56 50 7 31 6 78 60 33 281 413 172 4 2 8 5 17 10 69 4 0 0 10 0 7 42 3 114 136 17 61 16 1 16 25 5 2 106 47 14 3 4 0 1 2 0 0 1 2 0 0 0 0 0 9 9 15 3 5 2 4 2 8 6 22 0 0 11 3 7 51 27 0 5 56 1 0 0 5 0 11 14 2 10 1 1 4 0 1
5 0 3 0 6 4 1 0 0 0 0 3 8 4519 12202 7639 576 1092 88 449 59 91 443 981 37 114 2784 2383 215 27 42 15 21 81 2503 513 260 57 513 935 1681 221 902 5 10 56 293 24 298 2 4 3 16 87 10 5 83 73 576 222 119 148 423 186 454 2 216 610 1078 43 6 4 22 11 600 104 3 7 5 0 3 1 21 42 39 30 101 7 33 14 123 172 13 60 425 136 1 16 21 113 1 0 0 0 0 0 0 13 0 1 0 1 76 42 16 25 7 124 64 72 278 478 188 11 4 8 10 25 16 60 1 0 1 12 0 2 38 3 140 152 35 56 27 1 15 21 3 2 119 82 14 7 7 0 1 6 0 1 0 0 0 0 0 0 1 14 14 27 10 7 0 3 2 7 11 28 2 2 48 4 5 68 21 2 13 76 1 4 6 3 3 20 18 5 17 1 0 0 1 5
1 0 1 1 5 1 0 1 0 0 1 1 3 1082 7639 10811 982 2941 1287 1877 15 28 80 822 18 32 2174 4690 57 2 10 3 0 43 288 28 521 369 2107 222 1433 149 721 8 12 121 71 37 300 6 5 1 2 32 6 3 17 9 93 34 313 248 458 148 557 5 93 113 1429 38 13 1 11 13 84 245 1 3 6 1 8 0 20 20 7 16 41 8 47 27 158 295 22 97 549 10 3 1 10 16 0 11 0 0 6 2 0 10 1 0 0 1 43 378 171 26 3 291 19 440 128 1320 47 2 0 7 3 75 12 269 10 4 3 2 0 10 13 1 55 33 369 15 209 4 12 63 19 8 157 286 6 10 10 1 0 16 0 2 0 0 1 0 0 3 2 7 51 101 8 9 1 6 10 9 16 101 5 2 69 7 3 12 24 2 19 81 3 3 9 0 1 23 17 13 19 1 2 0 2 0
3 0 2 0 3 4 2 1 1 2 0 4 15 812 576 982 1510 634 963 976 99 179 632 479 37 243 254 53 82 10 23 26 22 53 197 363 1327 549 80 515 1119 96 304 9 3 198 206 3 91 1 5 1 8 37 7 7 35 99 162 126 384 24 79 40 25 3 58 357 132 3 1 7 19 51 594 111 3 31 7 3 3 0 23 22 38 21 72 3 10 4 134 48 3 16 100 100 4 9 21 39 1 2 2 1 1 0 1 52 0 1 1 4 157 78 20 81 14 62 114 28 500 434 221 21 13 13 14 54 29 120 5 1 5 25 3 19 59 17 334 226 14 153 34 4 33 66 11 5 298 47 50 8 2 3 2 6 1 3 0 1 1 2 1 0 4 29 14 50 6 6 13 12 5 39 5 24 1 1 11 3 15 184 69 5 3 374 2 0 5 8 7 7 14 3 53 3 9 4 4 8
1 0 0 0 1 0 0 0 2 0 0 1 57 192 1092 2941 634 8049 2591 1071 7 29 76 1714 26 36 1821 1064 35 2 2 1 4 46 95 9 533 1042 3869 152 1602 146 1280 40 21 6607 69 38 255 8 4 0 4 17 6 2 7 9 32 11 2505 154 269 376 396 10 53 56 1257 44 7 1 28 138 39 502 3 17 9 0 1 1 4 19 11 22 11 7 39 31 330 283 12 87 432 9 1 3 19 9 0 36 1 1 15 2 0 9 1 0 1 6 33 1598 1473 40 12 680 47 1935 77 2865 68 8 3 8 5 360 8 664 60 22 27 14 2 44 12 5 47 110 1852 22 1306 15 21 237 81 58 185 1949 19 9 6 0 2 17 4 1 1 5 5 3 0 5 27 14 324 547 14 48 13 26 36 47 18 318 2 6 111 9 3 22 63 12 8 42 4 3 11 1 7 35 28 83 12 1 12 4 1 4
1 0 2 1 0 0 1 0 1 2 0 0 5906 46 88 1287 963 2591 46270 5011 53 82 218 533 30 181 717 301 16 0 0 3 1 8 88 7 365 3506 47 298 635 73 417 6993 292 6585 68 34 98 114 13 74 4 11 4 1 7 4 15 7 359 78 119 118 44 273 24 26 112 20 9 7 325 3397 30 146 25 1733 124 26 24 73 4 8 12 16 11 85 78 158 791 91 14 31 207 7 9 2 12 5 5 32 0 1 18 4 0 192 3 3 8 17 570 2043 2282 270 47 2420 295 4013 1926 13024 928 27 12 55 46 480 89 1592 57 36 22 87 6 77 213 31 903 575 1869 275 907 13 112 348 120 116 1732 2511 72 26 23 10 17 56 4 8 6 6 10 5 9 10 19 61 243 427 32 88 28 37 40 70 48 367 8 7 314 12 51 457 792 14 26 1268 14 12 26 14 3 50 90 85 181 15 13 12 5 7
2 2 1 0 3 0 2 0 0 0 0 1 9 31 449 1877 976 1071 5011 2709 42 68 265 482 19 172 248 28 19 6 1 8 3 11 63 6 165 37 72 315 693 87 270 26 9 126 43 6 97 6 1 2 1 10 0 0 10 21 22 4 503 30 46 30 16 5 29 47 105 7 2 0 13 43 106 71 2 28 3 0 1 2 5 5 13 5 10 2 6 9 71 59 3 17 111 19 3 2 8 12 3 0 3 0 0 0 0 37 0 0 3 3 210 111 29 86 12 117 82 32 503 864 206 6 6 17 16 64 37 194 3 0 0 19 1 8 68 16 226 125 18 123 26 4 41 69 7 7 326 77 34 10 3 1 2 9 0 2 2 0 1 1 5 0 2 31 4 36 9 3 8 6 2 14 10 26 3 3 25 3 19 87 82 1 4 399 3 3 3 1 0 5 17 3 31 2 3 4 4 3
131 114 210 98 98 329 23 14 30 27 20 519 1 55 59 15 99 7 53 42 7414 3566 5857 161 126 339 22 8 137 68 92 210 562 344 14 3 204 1100 5 196 2650 34 88 13 0 6 153 3 20 0 2 6 11 74 11 1789 37 49 68 18 10 4 16 5 3 0 83 291 31 2 0 222 998 114 485 9 99 1 183 0 3 0 252 46 2129 92 156 2 0 2 10 12 1 5 47 676 137 50 66 47 3 2 17 8 0 8 0 6 3 4 10 16 2 2 0 2 1 4 16 2 64 31 30 11 6 4 1 2 0 6 25 1 5 78 0 34 0 1 100 135 5 18 1 6 22 3 1 0 24 7 15 0 2 1 0 2 0 2 1 0 11 6 0 6 3 2 4 2 0 0 32 8 8 7 1 3 2 0 1 0 31 103 13 2 0 51 1 1 0 1 14 2 1 8 31 2 7 4 1 4
113 76 157 89 179 378 63 23 63 32 39 729 2 52 91 28 179 29 82 68 3566 23757 5918 1101 5794 1937 211 24 388 157 143 468 1671 773 41 8 319 1937 21 1568 1971 166 919 43 3 30 567 11 169 3 7 8 55 233 34 130 112 198 200 39 48 82 141 37 25 3 301 674 78 13 1 500 2118 251 1504 41 235 3 399 7 5 1 199 278 2447 2385 661 3 15 10 80 72 9 28 386 1492 315 118 2502 142 5 5 40 19 3 27 1 10 4 10 26 40 17 7 3 4 11 13 57 9 216 60 56 27 16 5 8 8 3 18 46 2 23 171 3 108 13 3 325 281 4 38 4 8 41 8 2 2 70 18 30 6 3 2 0 3 0 3 2 1 13 8 1 11 11 12 9 14 2 4 52 15 19 22 11 11 1 1 10 3 110 211 36 8 3 153 3 3 3 9 22 7 4 13 52 1 14 9 2 9
5 4 6 4 3 12 0 0 1 2 0 19 2 380 443 80 632 76 218 265 5857 5918 11382 5800 325 4882 197 19 34 2 1 15 127 415 44 31 1097 1259 36 1422 7829 791 666 8 5 11 191 10 233 1 4 4 8 100 12 46 2 9 48 38 31 9 22 16 11 2 113 81 58 8 0 31 367 35 63 27 19 4 31 0 2 0 56 114 271 257 90 2 12 7 38 74 2 13 151 36 15 7 195 5 0 1 1 0 0 1 0 2 1 2 0 1 19 10 3 4 3 13 24 9 89 68 48 1 2 1 4 10 2 13 3 0 0 13 0 5 10 1 72 66 4 17 4 1 10 8 1 1 30 12 11 1 1 0 0 3 1 0 0 0 0 2 0 1 2 2 1 9 3 2 4 0 2 5 3 3 0 0 7 0 8 36 7 0 6 32 0 1 3 0 1 2 4 2 6 1 0 0 0 0
10 7 5 3 6 8 1 4 1 0 1 5 19 664 981 822 479 1714 533 482 161 1101 5800 12645 565 3331 5557 410 220 8 14 6 9 62 464 60 236 298 180 6230 3626 3513 2447 9 2 1202 1197 14 404 5 6 1 27 375 31 16 48 5 257 36 1656 49 91 1030 126 7 724 243 210 11 3 9 55 19 91 47 5 3 11 1 1 1 134 364 235 458 272 5 23 8 221 109 0 27 309 38 6 3 265 29 0 0 0 0 0 0 0 2 0 0 0 0 18 44 33 7 4 80 30 130 106 271 100 4 1 3 0 20 4 31 4 0 1 9 0 8 18 0 70 74 62 28 57 3 6 17 5 0 46 221 9 3 4 0 3 3 0 1 0 0 0 1 0 2 1 7 45 33 1 3 0 2 4 5 4 42 1 2 29 1 1 26 10 0 3 28 0 3 2 2 0 11 5 0 1 1 1 1 0 0
34 18 32 11 24 47 9 12 15 10 5 97 0 17 37 18 37 26 30 19 126 5794 325 565 5937 708 283 13 141 27 50 35 147 123 46 5 71 488 6 3147 372 54 852 13 1 42 2047 6 67 1 6 8 35 302 40 37 207 19 75 15 34 79 197 82 25 1 882 389 56 11 1 84 535 112 186 27 71 0 115 0 1 2 314 672 1236 3149 1042 0 9 3 44 43 5 20 343 162 54 18 2358 255 1 1 4 0 0 3 0 6 1 0 4 3 5 3 0 5 5 5 17 2 77 28 24 7 2 0 2 4 0 6 2 0 3 30 0 32 1 1 122 131 3 21 2 3 11 3 0 0 39 13 9 1 1 0 0 2 0 0 0 0 3 3 0 3 9 5 3 5 0 0 19 2 8 10 2 4 0 2 12 5 24 95 11 4 4 40 0 0 1 3 8 10 5 3 10 1 11 1 0 4
6 1 4 0 1 1 0 3 0 0 0 9 0 71 114 32 243 36 181 172 339 1937 4882 3331 708 5543 750 8 46 0 0 3 17 25 36 8 146 275 5 5704 847 104 369 16 1 6 332 2 53 3 2 1 7 126 3 5 1 1 26 3 7 13 20 15 0 0 143 43 13 3 0 4 84 26 16 11 1 6 6 0 0 0 45 143 159 206 132 0 3 2 14 26 1 4 102 12 1 1 137 4 0 0 0 0 0 0 0 3 0 0 1 1 15 6 1 5 8 29 25 4 134 95 88 3 0 3 2 7 0 9 0 0 3 7 1 4 20 3 55 87 5 28 4 1 1 10 0 0 40 4 2 0 3 1 0 0 0 0 0 0 0 0 0 1 0 4 2 11 3 0 1 2 0 5 2 6 0 0 7 0 4 33 12 1 4 16 0 0 0 0 1 3 3 0 1 0 2 0 0 1
16 5 11 3 5 7 1 4 1 0 0 11 30 2715 2784 2174 254 1821 717 248 22 211 197 5557 283 750 20456 7647 407 12 29 6 7 66 3228 403 277 127 213 3050 433 60 1594 7 5 733 1496 9 43 0 9 8 50 456 30 10 132 9 1024 163 567 43 472 1521 939 4 1348 831 408 10 3 9 36 27 98 23 7 2 12 0 6 0 133 306 120 319 203 1 6 3 72 32 3 13 156 25 6 3 216 119 1 4 1 0 2 0 0 7 0 0 1 1 40 210 127 16 8 219 44 548 170 711 108 3 4 9 9 48 3 94 5 7 3 13 1 13 13 2 89 97 299 41 201 3 8 42 3 0 68 486 15 2 2 1 2 3 0 0 0 0 0 0 0 0 1 9 102 80 2 9 3 4 4 9 3 98 3 0 18 2 7 43 19 3 4 42 1 0 4 0 1 3 11 8 12 0 3 0 1 2
3 0 3 2 2 2 2 3 1 0 1 3 49 935 2383 4690 53 1064 301 28 8 24 19 410 13 8 7647 6319 260 13 30 3 5 37 446 84 154 40 1884 106 342 28 448 13 5 681 243 9 39 2 3 3 6 131 13 7 89 18 585 130 395 46 316 1129 1057 6 499 681 914 10 2 3 7 12 221 87 1 0 5 0 1 0 29 68 28 35 90 2 10 5 63 39 4 20 120 33 3 1 33 106 1 5 0 0 3 3 0 3 0 0 1 0 12 546 367 7 3 219 22 1218 61 813 42 1 1 3 4 113 0 133 13 7 6 2 0 12 5 1 31 45 805 12 552 5 7 86 14 9 34 1298 5 5 7 1 0 5 0 0 0 0 0 1 0 0 1 6 270 250 3 19 3 12 13 11 6 214 1 0 49 3 2 12 8 4 4 18 1 0 2 2 2 7 8 10 4 2 2 0 0 1
8106 745 781 330 3303 1480 1490 610 60 222 88 911 8 238 215 57 82 35 16 19 137 388 34 220 141 46 407 260 37811 12392 5673 444 1081 160 59 26 195 165 120 179 409 34 509 5 4 52 150 20 40 2 13 39 758 5880 373 67 2805 67 56 22 57 177 531 155 216 3 3564 617 644 35 10 972 353 115 1949 95 502 2 443 4 8 3 553 791 291 239 1121 2 6 9 87 46 12 26 188 3174 278 2583 387 1313 24 18 128 35 12 71 5 31 24 23 55 108 0 8 12 0 0 4 0 21 18 25 8 23 15 2 1 3 1 3 117 4 32 298 1 144 1 0 85 51 7 5 14 25 28 3 6 2 7 75 8 2 5 6 1 6 8 17 5 0 35 31 2 27 21 0 13 11 2 2 94 49 21 6 7 16 2 1 49 4 225 108 11 4 4 210 0 2 4 9 71 3 3 30 82 16 31 10 0 5
5238 2472 89 1079 8356 4644 690 98 23 67 51 2077 0 19 27 2 10 2 0 6 68 157 2 8 27 0 12 13 12392 15245 8634 553 1038 20 1 3 20 47 14 7 226 3 19 0 0 7 5 5 3 1 33 57 305 1549 239 62 3665 13 3 0 5 11 19 5 16 0 809 45 56 7 3 249 114 15 212 10 44 0 42 7 16 2 569 243 312 92 56 6 1 3 10 34 15 5 11 3003 64 588 27 82 1 4 19 4 0 16 2 4 9 6 17 21 0 3 0 0 0 0 0 3 2 2 0 3 1 0 0 0 0 1 11 2 4 42 1 16 0 0 9 5 3 0 3 2 6 0 0 0 2 3 1 0 0 1 0 0 0 0 2 2 1 5 0 2 3 0 4 0 0 0 9 4 1 2 0 2 2 1 0 0 26 16 1 0 0 19 2 2 0 1 4 2 2 4 18 1 0 1 0 0
607 203 68 191 5119 845 753 94 10 54 20 198 0 42 42 10 23 2 0 1 92 143 1 14 50 0 29 30 5673 8634 7526 90 177 46 8 7 25 54 23 14 283 2 41 0 0 4 34 5 5 0 12 20 239 1603 200 67 6722 24 11 5 8 14 48 12 39 1 3285 196 113 3 1 59 60 8 1379 13 25 0 21 7 9 0 603 610 708 358 426 3 6 1 13 27 6 1 17 4549 26 683 446 4050 2 3 9 1 2 7 0 1 0 1 6 7 0 1 2 0 0 1 1 4 1 2 2 1 2 0 0 0 0 1 8 0 4 16 1 14 0 0 7 8 3 0 2 0 3 0 1 0 0 12 3 0 0 0 0 1 0 2 1 0 0 1 0 1 0 0 0 2 0 1 2 2 1 3 0 1 0 0 9 0 9 5 0 0 0 12 0 0 0 0 3 2 0 0 2 0 2 0 0 0
390 78 38 49 270 1387 279 31 31 31 18 417 0 24 15 3 26 1 3 8 210 468 15 6 35 3 6 3 444 553 90 4449 4879 1001 2 1 47 328 4 6 206 3 11 3 1 1 8 1 2 0 8 12 51 174 57 57 20 3484 15 197 6 3 5 2 5 4 74 154 35 2 1 380 833 14 2774 21 43 0 97 4 8 0 197 92 276 124 18 1 0 0 24 16 6 2 5 6124 160 160 51 3 18 6 54 23 1 46 1 7 5 9 34 55 0 0 1 0 0 0 0 3 1 1 0 1 4 0 0 0 0 3 26 1 10 90 0 24 0 0 7 5 3 0 1 4 7 0 3 0 1 4 1 0 0 2 0 0 1 1 1 2 8 4 1 4 1 0 1 2 0 1 12 5 5 3 0 1 1 0 1 0 60 13 2 0 0 36 2 0 0 1 5 0 0 17 27 5 2 2 0 2
1047 357 334 186 571 1586 600 89 188 301 495 2487 0 18 21 0 22 4 1 3 562 1671 127 9 147 17 7 5 1081 1038 177 4879 6467 1401 3 2 49 1730 6 32 620 3 30 1 0 2 47 4 9 3 39 74 163 734 178 140 47 2785 50 88 11 5 8 7 5 3 302 508 37 8 4 4014 3851 48 4595 25 335 2 526 21 17 3 661 307 873 356 101 12 5 2 33 54 24 4 16 5803 1357 469 191 41 43 15 241 71 8 261 6 44 63 68 193 298 0 0 0 1 1 0 1 2 2 4 1 13 12 0 0 1 1 0 107 6 57 340 0 99 1 0 47 34 4 1 3 11 27 2 0 0 3 9 3 1 2 2 0 0 3 10 4 1 26 28 3 22 20 0 1 1 0 0 58 25 18 9 0 2 3 0 4 0 230 63 9 5 1 147 0 0 0 4 37 0 4 42 128 12 24 6 0 2
13 7 10 4 19 13 12 7 2 2 2 13 0 157 81 43 53 46 8 11 344 773 415 62 123 25 66 37 160 20 46 1001 1401 3421 119 116 257 317 38 95 402 5 28 3 0 10 295 5 5 0 15 23 34 169 45 30 58 4985 2550 2240 45 4 22 7 20 2 203 5363 83 4 0 39 206 42 5663 24 30 1 59 3 3 2 195 93 163 136 297 2 2 0 15 22 6 5 16 493 18 15 92 117 4 2 15 3 0 7 0 14 1 2 0 7 3 7 2 5 5 3 11 6 72 14 11 13 9 5 2 2 2 6 19 5 5 49 1 95 4 0 186 181 8 29 2 9 39 4 1 0 34 14 25 2 1 2 1 0 6 10 2 1 17 6 2 4 3 6 4 4 0 0 25 8 31 37 0 3 3 1 7 0 27 131 9 16 0 65 2 0 2 6 29 1 2 4 25 0 28 8 1 5
1 0 1 0 1 1 0 0 0 1 0 0 1 6457 2503 288 197 95 88 63 14 41 44 464 46 36 3228 446 59 1 8 2 3 119 4187 3219 424 70 28 2595 83 5 214 2 0 14 1077 1 10 0 0 1 4 60 7 1 15 2 1788 418 19 10 70 103 74 0 160 443 101 3 0 1 7 11 29 2 0 2 2 1 0 0 12 39 19 36 42 0 0 2 7 5 2 2 42 8 0 1 15 28 0 0 0 0 0 0 0 5 0 0 0 0 35 24 4 13 2 69 54 21 180 293 110 3 3 8 2 11 4 50 0 0 0 6 0 6 27 2 94 97 4 47 13 1 7 15 0 2 62 17 11 3 1 0 1 2 0 0 0 0 0 0 0 0 0 7 3 14 2 0 3 2 0 4 2 2 1 1 1 0 2 31 14 1 0 40 0 0 1 2 0 1 1 2 4 1 0 0 1 0
1 0 0 0 1 1 1 0 0 0 0 0 0 4023 513 28 363 9 7 6 3 8 31 60 5 8 403 84 26 3 7 1 2 116 3219 2468 987 25 8 684 43 1 59 1 0 7 562 0 3 0 0 3 1 17 2 1 7 12 2554 885 4 2 17 26 20 0 42 344 41 1 0 0 4 0 95 1 0 0 1 0 0 0 2 4 2 3 18 0 0 0 3 0 1 2 9 12 0 3 2 20 0 0 0 0 0 0 0 0 0 0 0 0 6 4 0 3 1 6 9 0 29 28 18 0 1 0 0 2 0 6 0 0 0 0 0 2 1 0 13 23 1 11 3 0 4 3 0 0 6 3 2 0 0 0 0 0 0 0 0 0 0 0 0 0 0 1 0 2 0 0 1 0 0 0 0 5 0 0 1 0 1 4 1 0 0 8 0 0 0 1 0 1 1 0 1 0 0 0 0 1
8 2 4 0 9 8 8 3 1 2 0 7 5 1689 260 521 1327 533 365 165 204 319 1097 236 71 146 277 154 195 20 25 47 49 257 424 987 3287 363 159 509 1153 34 216 6 2 278 531 2 27 0 3 4 10 84 13 4 37 199 889 756 855 13 63 62 72 2 146 1211 268 6 3 3 49 18 1151 175 3 7 5 0 2 1 47 37 66 46 157 0 4 3 180 25 4 1 75 153 1 11 39 81 0 7 1 1 1 3 0 15 0 1 1 6 36 21 11 23 10 15 50 32 256 156 69 21 17 6 11 16 8 35 11 3 3 24 2 43 19 1 270 214 18 81 16 2 28 28 5 1 147 72 51 3 2 3 6 0 0 3 2 0 2 2 0 4 5 12 14 22 3 3 15 14 13 45 3 16 2 3 17 0 22 172 40 8 2 133 1 2 1 13 6 4 16 4 24 0 21 11 3 12
32 10 20 12 20 21 10 11 7 7 9 47 717 67 57 369 549 1042 3506 37 1100 1937 1259 298 488 275 127 40 165 47 54 328 1730 317 70 25 363 7998 140 493 1366 83 560 1758 160 4146 726 51 57 58 28 51 44 199 63 82 68 1225 573 136 2380 33 92 86 32 60 237 1640 426 14 4 72 2387 833 2118 944 120 222 170 19 25 33 261 170 436 320 306 55 59 72 2207 60 17 10 198 421 45 20 261 89 12 17 29 10 3 27 1 163 6 3 17 24 164 124 67 80 30 250 202 149 1314 1367 516 148 89 38 63 79 46 186 62 18 20 269 8 321 96 20 1649 1091 63 353 56 23 195 108 52 15 921 357 238 18 12 13 7 20 11 24 9 8 34 33 8 9 57 71 70 101 15 20 122 98 119 234 42 120 11 8 295 18 204 1155 322 65 27 1017 8 8 19 51 73 33 53 32 145 20 152 43 9 77
3 0 1 0 1 2 0 1 0 0 0 1 31 185 513 2107 80 3869 47 72 5 21 36 180 6 5 213 1884 120 14 23 4 6 38 28 8 159 140 11220 20 299 44 431 6 11 524 50 18 27 3 1 0 12 71 4 2 45 25 144 42 6978 46 261 539 3238 9 150 271 4381 11 1 2 9 4 264 673 1 2 4 0 0 0 21 23 16 12 46 0 11 8 205 16 3 9 80 39 8 4 12 72 0 3 0 0 1 1 0 2 0 0 0 0 6 139 206 6 2 44 9 486 23 189 14 1 3 2 1 45 0 38 8 6 5 3 2 7 4 0 24 24 323 7 406 0 5 78 35 3 18 1465 2 7 2 0 1 4 2 2 0 0 1 0 0 2 0 2 271 199 4 23 2 12 4 13 5 247 1 1 105 5 1 5 2 4 3 13 1 2 4 1 0 8 8 3 1 1 2 0 4 1
14 11 13 5 7 12 3 5 0 0 0 10 2 1643 935 222 515 152 298 315 196 1568 1422 6230 3147 5704 3050 106 179 7 14 6 32 95 2595 684 509 493 20 5139 542 115 904 13 2 34 7252 2 49 1 4 3 44 347 27 12 37 1 791 182 51 22 72 133 27 1 824 395 63 10 0 13 190 52 50 23 15 16 33 0 0 0 159 402 290 665 534 1 9 3 23 28 3 11 182 34 10 3 440 57 0 0 1 1 1 0 0 7 0 0 0 1 79 32 7 29 7 59 76 20 306 314 175 8 7 6 5 20 12 57 5 0 1 21 1 18 34 7 180 207 8 81 9 2 19 33 1 1 130 23 22 6 2 1 0 0 1 2 0 1 0 3 0 0 1 15 4 19 6 3 7 7 4 12 5 12 2 1 8 1 16 81 22 5 3 89 0 0 2 3 0 5 4 0 9 0 9 2 0 5
1948 612 1345 266 264 599 96 466 49 139 87 863 43 949 1681 1433 1119 1602 635 693 2650 1971 7829 3626 372 847 433 342 409 226 283 206 620 402 83 43 1153 1366 299 542 5399 4407 1827 95 111 977 291 812 3275 136 384 533 51 308 834 1704 123 98 134 37 1689 562 301 116 279 44 563 597 1087 295 265 595 762 187 853 1378 455 21 409 170 320 137 940 250 1031 372 429 494 1297 438 2427 1717 395 638 1263 661 212 96 256 169 17 7 86 23 6 64 3 24 17 15 35 64 15 32 33 12 7 41 22 57 118 137 53 22 16 9 6 8 5 25 88 7 28 247 2 150 11 2 195 149 31 35 26 23 50 41 34 4 54 221 28 81 111 8 2 123 41 44 38 57 27 20 2 17 24 14 40 52 26 14 92 34 36 36 57 90 70 80 300 29 151 166 30 6 73 194 75 55 290 8 57 302 97 28 76 8 33 11 1 5
2 1 1 0 1 1 0 0 0 0 0 0 11 113 221 149 96 146 73 87 34 166 791 3513 54 104 60 28 34 3 2 3 3 5 5 1 34 83 44 115 4407 4736 1750 23 23 395 50 9 504 4 5 0 5 52 6 3 9 2 12 4 526 19 29 23 72 8 74 18 376 4 3 2 19 1 30 220 6 2 9 0 1 0 14 53 36 49 30 3 19 22 769 62 2 7 77 7 1 1 22 4 0 0 1 0 0 0 0 0 0 0 0 0 3 1 9 0 0 3 5 15 8 14 8 1 0 0 0 0 0 1 0 0 0 0 0 0 0 0 4 7 8 2 11 1 0 6 6 0 2 95 2 0 4 0 0 1 0 0 0 0 0 1 0 0 0 0 18 13 3 0 1 1 0 0 4 15 0 0 40 1 0 4 2 0 5 2 0 0 1 0 0 6 2 0 0 0 0 0 0 0
29 11 23 9 9 16 4 9 6 5 4 14 87 485 902 721 304 1280 417 270 88 919 666 2447 852 369 1594 448 509 19 41 11 30 28 214 59 216 560 431 904 1827 1750 6196 125 137 3182 1061 116 1088 17 29 8 68 676 50 20 117 12 272 37 4086 312 2312 10934 1629 60 1566 395 4214 43 19 9 130 40 195 2177 44 8 54 2 9 4 199 578 354 663 438 16 97 147 6063 391 19 105 2003 69 35 13 512 110 0 1 0 0 1 1 0 3 0 0 1 1 18 28 79 13 7 47 28 160 124 199 77 0 2 4 1 15 3 25 5 4 1 4 3 16 17 3 65 64 79 21 108 4 14 61 63 3 56 844 15 19 23 3 3 33 3 0 0 5 0 0 0 0 1 5 196 103 24 14 2 12 1 7 51 232 9 13 444 40 2 38 12 1 42 34 1 9 21 4 0 67 43 3 6 0 2 0 2 3
0 1 3 1 0 0 1 0 5 1 0 4 5429 2 5 8 9 40 6993 26 13 43 8 9 13 16 7 13 5 0 0 3 1 3 2 1 6 1758 6 13 95 23 125 8184 1756 2334 21 44 34 612 39 137 2 9 2 0 0 1 6 2 70 35 73 13 12 316 11 9 101 22 18 73 1947 1564 4 121 461 2908 1822 121 67 238 15 5 13 9 4 200 180 445 1052 44 18 11 109 1 62 4 8 0 1 0 1 2 2 4 0 36 1 2 1 3 36 52 109 22 7 222 52 160 377 1123 162 17 11 3 3 21 4 68 7 6 1 54 3 41 15 2 324 217 25 38 19 5 27 30 56 9 306 441 21 13 27 2 0 49 6 6 6 9 4 4 3 3 0 6 69 55 18 39 17 11 13 20 59 110 17 10 464 29 25 266 189 5 37 258 10 13 44 5 9 121 36 7 38 2 13 4 0 7
2 2 1 1 0 0 1 4 123 1 0 0 4389 5 10 12 3 21 292 9 0 3 5 2 1 1 5 5 4 0 0 1 0 0 0 0 2 160 11 2 111 23 137 1756 13367 2319 3 61 39 5594 26 94 9 8 2 2 1 3 3 1 13 65 155 9 21 3007 5 1 140 54 48 89 235 453 5 113 1814 854 1394 154 171 552 3 2 1 1 0 510 493 3933 4578 71 29 16 204 1 802 52 3 0 1 0 2 0 0 4 0 4 0 0 0 5 0 5 108 4 0 18 4 48 49 86 13 1 0 0 0 4 2 0 10 6 0 9 0 2 0 0 48 17 13 6 26 18 4 144 465 9 91 1780 6 75 98 7 7 325 22 7 6 37 3 2 1 1 0 1 342 218 107 253 9 9 1 8 319 492 44 54 3293 290 11 19 30 5 224 61 22 108 185 3 2 634 159 1 15 0 0 1 3 0
0 2 3 0 0 2 0 0 10 1 0 0 3485 36 56 121 198 6607 6585 126 6 30 11 1202 42 6 733 681 52 7 4 1 2 10 14 7 278 4146 524 34 977 395 3182 2334 2319 9567 76 46 84 92 8 4 6 33 2 3 17 2 40 4 1600 67 176 1547 737 1483 129 36 768 12 7 23 756 314 27 381 154 194 388 2 11 7 14 34 19 27 23 21 89 159 803 57 7 23 325 10 59 7 28 15 0 7 1 1 4 2 0 3 0 0 0 2 4 314 2177 18 3 95 24 1251 118 722 36 4 5 2 6 146 3 108 28 12 4 8 4 12 5 2 118 68 794 14 1233 3 5 403 419 55 223 9559 15 22 23 3 3 62 0 3 0 6 1 5 1 2 0 9 968 855 41 491 22 46 12 34 72 932 8 11 1291 42 5 28 107 22 39 35 3 4 29 8 2 83 91 12 9 2 6 3 14 3
14 15 22 6 7 10 1 5 8 1 1 12 0 757 293 71 206 69 68 43 153 567 191 1197 2047 332 1496 243 150 5 34 8 47 295 1077 562 531 726 50 7252 291 50 1061 21 3 76 9841 7 38 1 6 5 37 281 25 15 95 10 1711 340 63 61 318 270 141 1 884 821 234 6 2 32 461 91 67 21 60 6 77 1 1 1 144 347 249 729 3673 1 4 5 53 14 7 7 227 21 20 9 326 71 1 3 1 1 1 2 0 12 0 0 4 4 35 11 5 12 6 24 74 13 281 131 110 16 8 10 9 15 5 37 7 4 2 35 4 33 16 7 277 318 8 57 13 4 28 18 0 2 121 37 28 2 3 1 0 3 2 3 0 0 3 1 1 0 7 17 10 10 2 2 19 5 10 24 8 21 3 3 14 0 21 145 21 6 1 80 0 1 5 4 11 7 8 2 10 0 12 2 1 8
21 7 18 1 4 7 2 6 0 2 0 5 9 12 24 37 3 38 34 6 3 11 10 14 6 2 9 9 20 5 5 1 4 5 1 0 2 51 18 2 812 9 116 44 61 46 7 9675 290 244 43 24 0 16 38 23 10 2 2 3 35 5236 794 29 48 14 32 11 3825 1648 7279 1 18 9 12 16685 20 4 15 11 1052 80 7 11 9 2 8 669 3288 352 2693 940 438 366 459 11 8 0 5 6 0 0 1 0 0 0 0 5 0 0 0 1 3 1 6 5 0 14 3 10 10 12 4 0 1 0 0 3 2 1 2 3 0 5 0 2 2 0 11 5 2 5 8 37 8 110 115 8 23 118 7 451 943 21 7 663 59 22 29 140 3 0 1 0 0 1 61 82 201 31 5 12 3 3 379 222 151 324 1207 176 5 16 12 0 567 48 160 358 1188 1 3 2102 411 2 4 1 2 1 2 2
34 13 34 4 2 11 2 14 1 4 6 10 13 153 298 300 91 255 98 97 20 169 233 404 67 53 43 39 40 3 5 2 9 5 10 3 27 57 27 49 3275 504 1088 34 39 84 38 290 8581 49 63 3 6 64 87 35 7 1 8 3 114 290 196 10 18 13 107 25 250 99 49 7 23 8 26 556 11 6 17 3 33 7 34 44 57 79 19 69 483 227 953 8226 76 1984 5147 11 6 3 43 11 0 0 4 0 0 1 0 0 0 0 0 1 3 2 4 3 0 5 3 16 15 30 9 0 0 2 0 0 0 1 3 1 0 4 0 0 0 0 7 6 4 3 10 5 0 15 29 2 7 42 1 22 62 0 1 54 6 1 2 15 1 0 0 0 0 0 14 18 15 9 1 0 0 3 52 45 14 25 165 36 2 5 3 1 53 10 17 31 90 0 0 132 58 0 1 0 0 1 0 0
17 4 15 1 3 3 4 4 88 9 1 4 310 2 2 6 1 8 114 6 0 3 1 5 1 3 0 2 2 1 0 0 3 0 0 0 0 58 3 1 136 4 17 612 5594 92 1 244 49 7283 319 1586 5 4 15 9 0 0 0 0 9 509 101 0 2 1411 8 4 41 131 117 54 118 639 2 123 1447 571 697 1533 589 6297 15 3 7 2 1 3013 1325 6283 965 271 140 73 226 2 724 63 1 0 0 1 0 0 0 1 0 2 1 0 0 1 0 0 12 4 0 9 2 7 6 29 2 0 0 0 0 0 0 0 3 0 0 5 0 2 1 1 8 5 2 9 0 8 5 58 63 5 22 99 3 116 221 5 8 369 88 34 78 117 2 0 0 1 1 1 33 43 73 36 6 4 0 8 122 90 121 119 932 80 1 10 3 0 217 28 85 257 442 1 2 978 139 4 1 1 2 0 0 0
211 56 118 17 27 51 27 122 22 51 9 35 5 6 4 5 5 4 13 1 2 7 4 6 6 2 9 3 13 33 12 8 39 15 0 0 3 28 1 4 384 5 29 39 26 8 6 43 63 319 13371 15818 8 16 425 121 4 2 2 0 7 35 15 2 2 150 20 24 25 81 26 39 56 135 32 49 156 56 75 2435 1956 839 257 8 25 9 19 444 82 50 81 7343 4514 103 55 37 121 45 5 6 3 0 10 1 0 3 0 5 2 0 4 5 0 0 2 0 0 2 1 0 5 2 1 1 1 0 0 0 0 0 2 0 2 26 0 17 0 0 21 13 1 1 0 3 9 2 9 0 4 4 3 5 20 5 0 15 691 294 534 311 10 2 0 0 4 0 2 0 2 6 7 2 4 3 1 1 220 23 14 3 16 21 4 1 4 28 90 11 153 2 11 22 44 1 12 0 2 2 0 1
360 83 199 23 40 63 29 160 70 44 12 70 27 2 3 1 1 0 74 2 6 8 4 1 8 1 8 3 39 57 20 12 74 23 1 3 4 51 0 3 533 0 8 137 94 4 5 24 3 1586 15818 23544 14 24 407 137 10 3 4 2 0 22 10 2 1 741 20 48 12 221 91 71 109 588 50 11 615 153 237 17915 6689 3456 355 16 30 15 22 2077 120 154 33 1966 7059 27 11 63 424 78 10 16 15 6 17 8 1 11 2 26 3 2 6 13 0 0 4 1 0 2 0 1 10 4 1 3 2 0 0 0 0 0 9 1 6 53 0 36 0 0 37 24 0 2 1 12 13 2 32 1 14 3 2 12 17 26 1 28 2212 1069 2284 672 34 3 0 2 3 1 2 1 3 26 19 12 7 5 0 1 429 46 44 1 20 37 29 1 5 91 322 65 437 3 17 75 96 3 33 4 2 2 0 1
853 164 305 39 150 184 336 496 115 352 105 245 2 12 16 2 8 4 4 1 11 55 8 27 35 7 50 6 758 305 239 51 163 34 4 1 10 44 12 44 51 5 68 2 9 6 37 0 6 5 8 14 11109 7850 3568 3 79 12 15 5 6 11 41 16 18 6 189 127 45 2 1 203 129 66 202 8 269 7 145 8 10 7 1616 193 36 63 154 7 1 10 13 7 5 4 31 228 317 8041 43 75 3 4 26 6 2 17 1 8 3 6 14 9 0 0 0 0 1 0 1 2 5 6 3 8 4 0 0 0 0 2 30 2 6 88 0 63 0 0 52 33 0 2 0 6 18 1 0 0 4 7 5 0 0 2 0 0 0 6 0 0 10 11 0 9 8 1 0 3 0 0 36 23 10 7 0 1 1 0 3 0 42 51 4 2 0 55 0 0 0 6 19 1 0 6 23 3 15 2 0 3
3701 651 1344 333 803 742 832 1433 93 506 199 913 7 111 87 32 37 17 11 10 74 233 100 375 302 126 456 131 5880 1549 1603 174 734 169 60 17 84 199 71 347 308 52 676 9 8 33 281 16 64 4 16 24 7850 8115 799 30 704 74 62 24 38 119 439 167 141 1 2472 845 375 20 11 1003 565 197 1322 65 732 3 684 6 5 2 2412 2591 222 425 1194 5 14 4 64 53 12 30 243 1128 309 2583 473 867 30 17 136 58 12 109 8 42 30 21 61 111 2 4 5 0 3 4 3 13 24 11 5 41 23 2 4 7 0 3 189 4 34 412 0 296 0 1 210 109 14 31 11 29 84 2 3 0 16 42 34 0 1 12 2 3 11 16 3 0 72 58 4 32 37 1 12 7 1 3 167 72 62 38 6 16 7 1 21 7 261 259 33 20 4 324 2 4 0 19 103 6 9 41 119 12 58 12 0 7
954 143 374 53 138 165 278 507 38 229 74 198 1 10 10 6 7 6 4 0 11 34 12 31 40 3 30 13 373 239 200 57 178 45 7 2 13 63 4 27 834 6 50 2 2 2 25 38 87 15 425 407 3568 799 20862 385 61 19 24 6 2 26 45 5 8 2 116 204 29 15 32 203 204 66 224 14 206 6 168 63 61 21 5233 154 91 77 148 49 50 7 25 573 52 47 41 192 151 1477 43 70 7 3 31 9 1 21 0 24 5 11 16 21 1 1 3 0 0 0 3 2 12 3 3 17 6 0 0 0 0 1 46 2 12 128 1 82 0 0 92 44 2 4 3 13 23 1 0 1 9 8 8 3 7 4 0 2 9 12 6 5 12 22 1 10 17 3 0 1 1 1 47 27 20 21 0 1 8 3 8 1 68 104 11 5 1 121 2 3 14 7 33 22 7 8 45 5 14 8 1 1
434 201 421 104 88 220 26 161 13 65 18 282 1 6 5 3 7 2 1 0 1789 130 46 16 37 5 10 7 67 62 67 57 140 30 1 1 4 82 2 12 1704 3 20 0 2 3 15 23 35 9 121 137 3 30 385 3207 17 6 8 4 2 13 14 3 3 1 35 83 20 12 8 72 125 33 133 4 73 1 89 24 14 3 4973 36 2399 63 60 21 24 5 12 236 30 31 41 198 37 25 44 30 1 1 13 2 1 4 1 4 0 0 3 11 1 1 1 0 1 1 1 0 13 0 1 4 2 0 1 0 0 0 15 1 10 41 0 39 0 0 36 31 0 4 0 2 12 1 0 0 8 4 3 3 2 0 0 1 3 5 3 4 4 8 0 5 7 1 0 0 0 0 12 5 7 6 0 0 3 1 2 0 22 40 4 0 1 28 3 0 8 4 6 9 1 5 8 1 3 2 0 1
62 43 20 28 599 43 40 19 5 10 1 20 2 110 83 17 35 7 7 10 37 112 2 48 207 1 132 89 2805 3665 6722 20 47 58 15 7 37 68 45 37 123 9 117 0 1 17 95 10 7 0 4 10 79 704 61 17 11306 20 39 10 9 31 119 42 96 0 5654 760 270 8 0 19 49 6 1212 26 13 0 10 3 1 0 173 204 145 538 1203 2 3 1 28 9 4 2 51 1110 15 120 2014 2823 1 1 0 0 0 0 0 0 0 0 1 0 1 6 1 0 0 2 1 16 3 7 3 0 0 0 1 0 0 0 1 0 1 5 0 5 0 0 10 8 5 2 3 0 1 1 1 0 2 25 1 0 0 2 0 2 0 1 1 0 2 0 0 0 1 0 3 6 0 1 3 1 0 1 1 9 0 0 13 1 3 7 0 0 1 5 0 1 0 0 1 0 2 0 1 0 3 0 0 1
4 4 7 2 16 7 9 3 7 2 4 5 0 80 73 9 99 9 4 21 49 198 9 5 19 1 9 18 67 13 24 3484 2785 4985 2 12 199 1225 25 1 98 2 12 1 3 2 10 2 1 0 2 3 12 74 19 6 20 3908 346 4450 21 4 4 1 9 0 50 1479 74 0 0 164 1110 5 2627 48 8 0 52 2 2 1 72 28 87 38 44 1 0 1 21 11 2 0 8 554 28 10 17 25 2 0 5 3 1 2 0 0 1 0 0 0 0 5 2 0 0 1 0 7 5 5 1 0 2 1 0 1 0 1 2 0 1 11 0 13 0 0 13 12 3 0 4 4 2 1 0 0 1 9 3 0 1 0 0 1 0 0 0 1 0 1 0 1 1 0 1 1 0 0 0 1 5 2 0 4 0 0 8 0 5 7 2 0 0 6 0 0 0 0 3 1 2 1 2 1 0 1 0 0
7 4 8 3 4 5 2 2 0 0 2 13 1 2027 576 93 162 32 15 22 68 200 48 257 75 26 1024 585 56 3 11 15 50 2550 1788 2554 889 573 144 791 134 12 272 6 3 40 1711 2 8 0 2 4 15 62 24 8 39 346 3857 2399 38 22 187 149 247 0 172 1582 406 3 1 5 131 28 279 21 10 2 20 2 2 1 83 59 94 122 103 2 1 1 28 17 4 7 53 18 6 2 79 54 1 2 4 1 1 4 0 1 1 0 0 5 13 10 8 5 13 6 43 14 172 64 73 10 15 5 10 4 4 15 13 0 4 39 1 65 12 1 286 374 7 40 13 2 28 8 1 0 65 43 40 1 0 2 3 0 3 3 1 0 3 1 0 1 10 17 3 8 0 0 19 19 21 42 4 14 4 0 9 0 15 150 16 10 1 49 0 0 3 2 9 0 5 3 7 0 6 4 2 12
1 3 3 0 3 0 0 1 0 1 0 3 0 770 222 34 126 11 7 4 18 39 38 36 15 3 163 130 22 0 5 197 88 2240 418 885 756 136 42 182 37 4 37 2 1 4 340 3 3 0 0 2 5 24 6 4 10 4450 2399 1582 4 8 30 19 48 0 38 2343 102 1 0 4 51 2 1278 8 2 0 6 0 0 0 25 13 23 18 41 2 0 0 4 5 1 1 5 24 0 0 9 20 0 0 3 0 0 1 0 1 0 0 0 0 1 2 2 0 0 2 14 4 29 11 6 2 2 1 1 0 2 2 2 0 0 17 0 12 5 1 50 72 2 5 1 1 6 1 0 0 7 12 3 0 0 0 0 0 1 2 1 0 2 2 0 1 2 2 0 7 1 0 3 2 3 8 1 2 0 0 1 0 6 41 3 4 0 11 0 0 0 1 3 1 0 1 2 0 1 1 0 1
1 1 4 0 3 1 0 0 1 0 0 2 28 40 119 313 384 2505 359 503 10 48 31 1656 34 7 567 395 57 5 8 6 11 45 19 4 855 2380 6978 51 1689 526 4086 70 13 1600 63 35 114 9 7 0 6 38 2 2 9 21 38 4 7041 74 151 1388 579 72 121 44 7159 15 10 2 117 6 137 4683 8 5 15 0 3 0 21 40 14 38 28 7 32 21 1357 71 5 33 437 26 3 1 42 21 0 1 0 0 1 0 0 7 0 0 0 0 7 112 448 7 1 37 13 405 51 167 11 1 1 2 1 55 1 46 8 6 1 2 1 8 2 1 39 32 351 3 538 2 6 130 129 11 57 2310 8 6 7 5 5 9 0 2 0 1 5 2 0 0 2 5 332 348 13 72 8 23 4 15 13 328 1 6 246 13 1 9 15 7 12 15 1 1 15 6 1 18 25 3 3 2 1 0 5 3
17 3 10 2 3 7 3 7 1 3 1 4 11 58 148 248 24 154 78 30 4 82 9 49 79 13 43 46 177 11 14 3 5 4 10 2 13 33 46 22 562 19 312 35 65 67 61 5236 290 509 35 22 11 119 26 13 31 4 22 8 74 21132 14740 216 218 15 313 39 4224 8037 3453 3 9 18 65 1844 19 2 15 18 406 210 48 74 48 85 37 496 746 267 1023 738 1831 1396 2406 26 5 2 74 33 1 0 1 0 0 0 0 3 0 1 0 2 1 4 12 3 0 23 5 13 13 44 6 0 1 0 3 2 1 4 0 1 2 1 1 4 2 0 5 9 3 6 4 35 8 73 90 18 25 105 8 570 1057 24 11 642 63 35 39 173 5 2 0 0 2 5 49 64 179 48 5 8 1 2 299 147 265 528 1029 120 4 16 16 4 494 46 245 411 1452 4 1 2223 522 0 8 0 0 1 3 0
6 5 10 3 6 7 5 3 3 3 2 5 24 211 423 458 79 269 119 46 16 141 22 91 197 20 472 316 531 19 48 5 8 22 70 17 63 92 261 72 301 29 2312 73 155 176 318 794 196 101 15 10 41 439 45 14 119 4 187 30 151 14740 19244 5514 4430 29 1248 283 6574 749 199 6 43 12 112 1641 34 5 33 3 25 14 152 302 136 243 134 37 286 210 2367 402 130 670 3886 45 21 8 210 117 0 1 0 0 0 1 0 6 0 0 0 0 12 10 26 6 1 29 13 38 54 93 24 1 0 2 2 8 1 12 4 0 0 9 0 2 2 0 34 22 14 19 16 9 2 85 142 3 30 275 9 76 153 7 9 253 7 5 2 25 1 0 0 1 0 4 127 129 90 30 2 12 3 4 281 311 26 66 968 149 3 12 10 3 277 21 20 78 134 1 0 535 159 1 10 0 0 3 2 3
3 3 5 3 3 4 2 0 1 1 0 2 70 159 186 148 40 376 118 30 5 37 16 1030 82 15 1521 1129 155 5 12 2 7 7 103 26 62 86 539 133 116 23 10934 13 9 1547 270 29 10 0 2 2 16 167 5 3 42 1 149 19 1388 216 5514 7951 8150 20 473 170 2824 22 4 5 20 3 32 122 9 4 11 0 1 0 43 119 45 104 73 0 7 10 468 16 10 21 564 9 5 4 101 41 0 3 1 0 0 0 0 1 0 0 0 0 2 56 80 2 3 35 5 221 35 105 18 0 1 0 1 16 2 13 1 2 0 5 0 5 6 3 18 26 125 6 174 0 2 32 23 1 9 806 4 1 5 0 0 3 0 1 1 2 0 1 0 1 0 2 135 84 3 17 3 6 1 4 10 147 0 1 90 3 1 10 5 0 6 6 2 1 4 1 0 14 4 3 0 0 1 0 0 0
6 1 4 1 2 3 2 3 0 0 0 2 59 199 454 557 25 396 44 16 3 25 11 126 25 0 939 1057 216 16 39 5 5 20 74 20 72 32 3238 27 279 72 1629 12 21 737 141 48 18 2 2 1 18 141 8 3 96 9 247 48 579 218 4430 8150 8921 18 425 303 6003 33 8 1 9 4 165 84 4 3 6 1 2 0 40 60 37 64 78 4 7 9 209 24 4 20 340 42 5 2 40 99 0 1 0 0 0 0 0 1 0 0 0 0 2 50 119 7 1 16 3 294 19 72 11 2 1 4 1 16 1 14 8 3 1 1 0 5 2 0 20 26 182 7 282 2 3 60 38 2 24 1249 1 4 7 0 0 3 0 0 0 0 0 1 0 0 1 1 229 145 8 28 7 7 2 8 14 221 2 1 154 9 0 7 6 1 10 10 1 0 6 1 0 18 13 0 4 0 1 0 2 0
7 1 4 1 0 1 2 2 56 1 1 1 3178 1 2 5 3 10 273 5 0 3 2 7 1 0 4 6 3 0 1 4 3 2 0 0 2 60 9 1 44 8 60 316 3007 1483 1 14 13 1411 150 741 6 1 2 1 0 0 0 0 72 15 29 20 18 1219 1 4 58 50 21 10 58 579 0 29 634 456 303 544 115 865 8 2 0 1 1 491 159 650 761 101 40 15 54 0 385 28 1 2 0 1 0 1 0 2 0 1 0 1 0 3 0 2 80 0 0 6 1 31 10 41 1 1 1 0 0 1 0 1 0 1 0 2 0 3 0 0 9 3 6 4 4 4 1 19 62 4 15 269 1 15 16 3 0 38 21 14 22 31 1 0 0 2 0 0 20 16 9 51 0 0 1 0 29 37 17 14 244 14 3 11 30 0 30 8 13 12 59 1 0 92 32 0 1 0 0 2 0 1
516 272 471 171 489 328 43 104 21 40 26 427 6 291 216 93 58 53 24 29 83 301 113 724 882 143 1348 499 3564 809 3285 74 302 203 160 42 146 237 150 824 563 74 1566 11 5 129 884 32 107 8 20 20 189 2472 116 35 5654 50 172 38 121 313 1248 473 425 1 10664 2950 1053 54 12 337 329 91 2979 127 231 0 235 4 10 4 676 4945 433 3459 4940 9 20 13 147 96 17 64 513 1311 111 62 3213 5491 11 7 41 16 6 26 2 16 10 6 24 38 1 9 4 2 4 12 5 24 27 25 9 18 9 2 3 2 2 5 44 2 9 136 0 93 1 1 89 64 15 7 16 4 26 12 11 0 14 124 13 4 4 1 1 4 6 9 2 2 25 17 0 20 11 1 16 18 3 4 56 20 13 9 7 37 5 3 51 5 87 96 15 7 5 97 2 1 6 6 45 9 10 19 39 4 17 3 1 6
65 22 59 7 16 39 16 20 6 7 1 50 4 1042 610 113 357 56 26 47 291 674 81 243 389 43 831 681 617 45 196 154 508 5363 443 344 1211 1640 271 395 597 18 395 9 1 36 821 11 25 4 24 48 127 845 204 83 760 1479 1582 2343 44 39 283 170 303 4 2950 9103 694 10 3 98 755 83 2587 80 71 2 126 12 16 5 688 775 660 1642 3907 2 8 3 62 78 7 17 99 144 40 29 1248 1137 4 5 9 1 1 3 0 6 2 1 3 11 7 18 7 3 12 12 36 33 170 57 45 18 19 7 11 6 3 17 19 7 9 62 3 105 5 2 364 396 39 60 21 8 40 8 3 1 66 79 36 2 2 1 0 1 7 3 0 3 10 8 2 2 9 11 12 12 1 1 40 21 24 51 5 22 2 1 17 1 34 235 18 10 2 71 0 1 7 5 16 10 10 8 17 1 31 14 4 12
20 4 9 2 18 6 6 4 5 3 2 14 92 360 1078 1429 132 1257 112 105 31 78 58 210 56 13 408 914 644 56 113 35 37 83 101 41 268 426 4381 63 1087 376 4214 101 140 768 234 3825 250 41 25 12 45 375 29 20 270 74 406 102 7159 4224 6574 2824 6003 58 1053 694 7357 682 565 7 67 13 816 13109 62 19 35 3 62 6 140 156 112 126 184 49 298 143 3411 238 205 240 2339 218 34 27 111 276 1 7 1 0 0 0 0 4 1 2 1 0 10 37 195 10 5 35 12 228 78 121 28 3 3 4 3 27 1 22 17 10 2 10 1 7 4 3 94 47 129 19 297 18 13 318 549 12 116 2698 20 98 125 7 21 205 8 5 2 22 3 5 1 3 2 5 632 470 133 78 14 53 4 28 370 962 42 73 2243 269 10 35 32 13 315 54 26 33 121 4 6 402 240 5 26 1 1 2 6 1
19 12 15 2 2 5 1 9 3 4 3 2 5 19 43 38 3 44 20 7 2 13 8 11 11 3 10 10 35 7 3 2 8 4 3 1 6 14 11 10 295 4 43 22 54 12 6 1648 99 131 81 221 2 20 15 12 8 0 3 1 15 8037 749 22 33 50 54 10 682 11791 4683 8 7 31 20 627 34 16 16 91 2782 404 17 13 11 14 11 1673 688 227 320 692 3779 2083 344 8 33 4 20 5 5 0 3 1 0 2 0 4 0 0 0 5 0 1 4 1 1 6 0 2 3 9 5 0 0 0 1 2 0 1 1 0 0 4 0 2 0 0 9 3 1 2 3 29 20 10 22 6 14 10 0 247 382 30 6 155 162 189 255 470 6 0 0 0 0 1 14 12 27 17 3 1 0 3 38 24 809 605 210 20 1 10 15 3 70 38 402 112 1448 0 5 618 473 0 11 2 0 0 0 0
14 7 10 1 1 3 6 8 3 3 0 6 1 2 6 13 1 7 9 2 0 1 0 3 1 0 3 2 10 3 1 1 4 0 0 0 3 4 1 0 265 3 19 18 48 7 2 7279 49 117 26 91 1 11 32 8 0 0 1 0 10 3453 199 4 8 21 12 3 565 4683 13985 5 8 21 18 1153 29 11 14 36 6944 270 7 2 2 1 2 2495 2196 352 401 637 1202 383 83 6 15 2 3 1 3 0 2 2 0 3 0 1 2 0 0 0 0 0 3 1 0 1 1 2 4 7 4 0 0 1 1 0 0 0 1 0 0 0 0 3 0 0 4 2 0 1 3 23 6 29 23 8 12 27 6 387 585 19 8 134 85 71 93 242 4 0 0 0 1 0 10 15 55 14 1 1 1 0 69 27 500 642 304 25 2 5 11 0 93 29 337 129 1550 0 4 1011 485 1 5 0 0 1 0 0
461 216 382 150 146 318 165 67 346 357 794 1291 44 3 4 1 7 1 7 0 222 500 31 9 84 4 9 3 972 249 59 380 4014 39 1 0 3 72 2 13 595 2 9 73 89 23 32 1 7 54 39 71 203 1003 203 72 19 164 5 4 2 3 6 5 1 10 337 98 7 8 5 6682 722 414 521 8 1547 165 900 18 16 28 723 298 468 140 90 21 7 20 22 71 15 8 11 1022 3083 444 92 13 45 19 227 52 17 271 8 66 51 74 203 318 1 5 1 1 2 5 6 1 38 32 10 19 13 2 1 0 1 3 123 4 83 427 1 167 1 0 164 106 0 6 0 6 45 2 2 2 27 12 16 2 0 5 0 3 8 13 6 5 42 32 6 32 23 0 4 1 0 1 87 41 26 19 1 3 9 1 4 0 247 165 27 3 0 195 3 2 7 14 67 4 9 38 166 15 22 10 0 6
