30217 8084 9383 6371 3172 9148 15095 8752 67 394 58 1930 0 84 118 12 25 12 10 30 149 84 15 12 27 4 31 10 8210 4914 332 791 815 129 12 13 104 129 51 24 1911 13 58 0 3 7 21 62 52 29 136 309 1997 1153 370 313 70 23 9 11 45 40 34 27 15 3 338 16 153 116 36 125 93 10 134 66 12 1 30 18 332 27 3781 1314 919 196 9 109 77 16 41 491 345 31 33 1053 87 2098 66 31 3 0 16 6 2 26 3 4 8 17 30 36 0 1 2 0 0 0 2 2 4 2 0 0 0 0 0 0 0 3 0 0 6 42 0 14 0 0 6 3 4 0 3 0 1 0 3 0 2 14 0 7 2 0 0 4 11 8 14 4 1 0 0 2 2 0 2 0 4 0 1 1 1 0 2 3 2 7 13 0 74 28 11 1 3 23 3 1 20 1 0 7 1 1 23 2 0 0 0 0
8084 6709 3477 7373 2102 3133 101 260 1 11 6 114 0 2 2 0 0 0 0 4 40 15 1 1 8 2 1 1 393 1299 56 72 33 10 0 0 4 4 2 4 505 0 2 0 1 0 3 2 4 4 14 41 131 84 25 52 17 0 0 0 2 4 7 0 2 1 72 0 4 15 3 12 3 1 1 1 1 0 1 1 35 1 419 223 268 59 2 5 7 0 3 46 41 4 4 16 6 48 9 3 0 0 1 1 0 2 0 2 1 1 7 6 0 0 0 0 0 0 0 0 0 0 1 0 0 0 0 0 0 0 0 0 1 6 0 1 0 0 0 0 0 0 0 0 0 0 0 0 1 1 0 0 0 0 0 0 1 0 0 0 0 0 0 0 1 0 0 0 0 0 0 0 0 0 0 0 0 0 1 0 4 3 2 0 0 2 0 0 2 0 0 0 0 0 6 0 0 0 0 0
9383 3477 19061 2669 20 1862 147 7221 25 6023 153 15852 0 1 2 0 0 1 0 1 52 15 0 1 9 0 0 1 293 49 3 5 16 4 0 1 3 7 0 2 738 0 4 0 0 0 4 5 15 4 25 54 214 122 43 92 20 1 2 0 0 3 4 2 0 0 92 1 7 29 4 11 4 2 9 0 9 0 2 0 61 2 626 327 347 72 3 20 11 3 3 100 84 4 4 4 44 90 16 5 7 2 23 21 0 37 4 4 12 35 43 53 0 0 0 0 1 0 0 0 0 1 1 0 0 0 0 0 0 0 0 0 6 14 0 6 0 0 1 1 0 0 0 0 3 0 0 0 1 0 1 0 0 0 0 1 1 0 2 1 0 1 1 1 5 0 1 0 0 0 0 0 0 0 0 0 0 1 0 0 44 11 2 0 0 14 1 0 3 1 0 0 0 0 29 2 0 0 0 0
6371 7373 2669 18723 6319 8446 144 281 40 60 69 2313 0 8 6 1 2 1 2 4 203 64 5 1 27 1 2 0 629 2443 548 112 96 10 1 1 9 18 7 8 1249 1 6 0 0 0 7 10 11 8 31 48 224 150 33 155 88 4 0 2 4 4 10 8 2 1 164 6 18 15 7 31 8 2 21 6 12 0 7 4 56 8 855 546 929 195 11 24 15 3 14 109 71 8 6 47 137 101 45 4 21 7 73 44 6 156 11 20 39 89 209 220 0 0 0 0 1 1 1 0 5 3 0 4 3 0 0 0 0 2 2 0 27 86 0 20 0 0 9 1 0 0 0 2 7 0 0 0 2 2 2 4 1 0 0 0 0 0 0 1 1 2 6 4 2 0 0 0 0 2 3 2 0 0 0 0 2 0 2 0 205 22 9 1 0 44 3 0 3 0 3 2 0 2 101 11 2 0 0 0
3172 2102 20 6319 24007 5125 544 96 15 17 28 993 0 40 66 4 34 5 10 42 175 77 31 4 15 2 8 5 3275 7714 11550 2995 1787 286 1 3 75 153 18 7 627 5 25 0 0 1 7 33 10 4 24 39 460 284 69 93 1434 67 3 7 21 22 16 15 10 1 282 3 95 24 13 194 157 5 224 50 5 0 52 3 46 1 864 565 634 156 5 18 30 1 16 72 52 9 18 4415 42 304 47 58 0 1 3 3 1 9 0 1 1 2 15 20 1 3 5 0 1 0 0 4 1 12 1 1 3 0 0 0 0 2 0 0 4 28 0 8 0 0 7 3 0 1 5 1 8 0 4 0 1 10 0 0 0 0 0 1 2 0 3 0 0 1 0 0 0 0 0 2 0 0 0 0 0 0 1 0 0 0 6 0 50 24 10 2 2 24 1 1 3 0 0 7 0 0 15 2 1 0 0 0
9148 3133 1862 8446 5125 28138 420 1134 228 532 682 22819 1 54 67 4 14 6 6 37 571 203 40 5 51 3 11 11 1087 2794 470 2763 923 66 7 2 46 80 22 14 1328 8 34 1 1 2 21 43 14 11 44 68 384 182 67 174 91 11 1 2 19 35 35 12 18 2 228 8 123 41 20 400 69 28 74 37 107 1 50 4 63 15 1112 810 1493 234 11 33 21 7 14 138 88 9 31 802 829 319 127 7 47 25 195 133 23 458 37 52 70 319 709 681 0 0 2 0 0 2 0 2 12 16 1 19 10 0 3 1 0 1 18 1 100 313 1 78 0 0 50 17 2 2 4 3 27 2 2 0 6 8 1 1 2 1 0 2 4 3 1 1 4 7 9 8 32 0 4 1 0 1 18 3 0 0 2 4 0 2 14 4 666 108 31 3 1 222 2 0 6 2 16 8 1 13 386 28 10 1 0 3
15095 101 147 144 544 420 10086 6358 543 2029 987 505 0 28 34 1 10 2 4 14 20 16 5 2 12 0 7 4 2432 533 121 154 220 50 1 5 47 44 20 4 186 4 16 0 1 2 3 14 12 6 45 103 1626 693 370 54 27 5 3 3 14 12 13 6 6 0 35 7 46 41 13 95 18 9 38 18 75 1 16 7 82 8 1390 194 112 16 2 31 14 3 8 132 106 12 13 283 568 4499 21 7 4 0 8 2 0 11 1 1 5 9 16 21 0 1 0 0 0 0 0 1 0 3 3 1 1 0 0 0 0 2 0 0 2 5 0 6 0 0 0 3 0 0 1 0 1 0 1 0 0 3 0 1 1 0 0 2 2 3 3 0 1 0 0 0 0 0 0 0 0 0 0 0 0 0 3 1 2 1 1 1 10 8 3 0 2 8 2 2 7 0 0 4 2 0 8 1 0 0 0 0
8752 260 7221 281 96 1134 6358 27977 554 14369 2683 8337 0 11 6 2 5 3 0 1 20 14 6 4 20 2 5 3 487 215 25 19 60 13 1 1 3 10 5 9 964 4 8 0 3 1 9 16 35 20 140 273 1569 541 306 228 4 1 0 0 9 8 9 5 2 5 84 10 19 110 21 70 9 7 30 7 280 2 26 15 286 24 2965 635 450 65 13 113 56 11 21 457 351 21 21 38 325 1230 28 6 25 4 131 57 3 191 43 26 62 170 243 184 0 0 0 0 0 0 0 0 6 0 0 2 1 0 1 0 0 0 5 1 15 44 0 12 0 0 4 6 0 1 0 3 4 1 0 0 1 1 0 4 2 1 0 1 13 7 12 2 2 4 7 2 5 0 0 1 0 0 3 0 0 0 4 0 1 3 5 0 117 17 7 0 0 29 7 4 17 0 1 4 1 1 88 12 2 0 0 0
67 1 25 40 15 228 543 554 490 1735 1162 878 17 2 0 1 0 1 3 1 27 27 11 1 2 0 2 0 21 23 6 44 196 12 0 0 2 9 1 0 16 0 4 4 252 71 0 3 4 63 3 16 143 16 21 0 0 2 0 1 14 5 4 0 0 19 5 0 5 3 1 800 18 106 5 1 826 21 239 11 14 29 55 19 22 9 0 45 32 33 151 9 6 1 4 10 5418 1016 0 0 1 0 6 4 0 9 0 2 2 12 20 24 0 0 0 0 0 0 1 1 3 3 0 0 1 0 0 0 0 0 1 0 3 26 0 2 0 0 3 1 0 0 0 0 1 0 1 0 2 8 1 2 1 0 0 3 1 0 7 0 0 0 0 0 2 0 2 0 4 1 1 0 0 0 2 3 0 1 12 1 37 9 2 0 0 16 2 1 2 0 0 12 1 0 14 1 1 0 0 1
394 11 6023 60 17 532 2029 14369 1735 30496 17453 25728 0 0 3 1 1 1 1 1 9 9 4 1 4 0 0 1 79 31 10 51 130 7 1 1 4 4 1 1 102 1 2 0 3 3 1 4 7 5 33 38 439 101 59 48 3 3 0 0 1 1 3 0 3 2 18 0 4 13 0 346 11 3 7 4 2649 0 119 3 49 2 543 91 59 5 1 14 6 2 10 73 43 2 1 20 1570 1255 5 1 52 12 124 84 3 253 29 37 80 250 351 292 0 0 1 1 0 0 1 0 0 4 0 4 4 0 0 0 0 0 2 0 28 76 0 20 0 0 9 7 0 1 1 0 6 0 0 0 0 3 0 0 0 0 0 0 1 1 1 0 4 2 3 11 7 0 0 0 0 0 6 1 0 0 0 0 1 0 1 0 150 23 2 0 0 52 0 0 4 1 4 0 1 2 187 19 3 2 0 0
58 6 153 69 28 682 987 2683 1162 17453 6358 6625 0 3 4 1 3 1 1 3 42 19 3 0 4 0 3 0 32 24 7 39 219 7 1 0 7 11 2 2 37 1 2 0 8 4 2 1 1 1 4 4 150 20 19 8 5 3 1 1 1 1 2 0 0 1 12 2 8 7 2 796 15 9 10 0 644 0 54 0 7 2 101 42 62 3 0 1 3 1 4 7 7 2 1 12 2169 697 7 0 59 23 222 139 19 465 46 58 106 362 694 595 0 0 1 0 0 2 1 0 5 4 0 12 5 0 0 0 0 1 15 0 58 208 2 64 0 0 20 14 0 1 1 4 22 1 0 2 2 13 4 1 1 1 0 0 0 0 0 0 2 4 6 8 22 0 0 0 1 0 6 4 1 1 0 0 0 0 3 2 533 61 16 0 0 159 0 0 1 0 13 2 0 3 331 33 14 2 1 1
1930 114 15852 2313 993 22819 505 8337 878 25728 6625 33034 3 37 64 3 22 7 13 27 429 204 48 8 47 1 7 4 415 531 191 1033 3994 146 3 6 41 133 15 8 639 8 41 9 26 13 14 41 13 14 17 35 298 120 35 76 41 50 2 4 22 22 23 7 9 4 177 6 105 23 19 2499 225 75 109 49 647 11 255 1 38 4 550 397 665 125 4 22 20 10 44 58 43 8 12 345 3028 852 63 4 105 41 409 232 35 827 75 97 155 570 1289 1331 1 0 2 0 5 1 4 4 33 26 3 60 16 3 4 0 0 1 44 2 169 756 1 216 1 1 125 56 4 8 1 1 85 0 8 0 9 24 15 0 1 3 0 4 2 2 0 0 9 12 17 24 74 0 0 1 0 0 34 8 3 2 2 4 0 0 22 4 1644 362 106 6 1 621 1 2 0 4 18 10 1 23 707 70 28 4 2 10
0 0 0 0 0 1 0 0 17 0 0 3 3585 1 0 0 7 183 2958 21 0 1 2 1 0 0 21 23 1 0 0 0 7 3 2 0 8 426 15 0 7 1 12 5158 3927 2770 1 2 4 121 0 3 2 0 0 0 2 0 1 1 21 7 7 11 13 1531 2 1 14 2 2 193 315 1278 0 12 242 342 942 4 12 27 0 1 1 2 0 39 43 55 626 2 1 1 7 1 91 10 0 0 0 1 0 0 1 1 0 2 0 0 0 0 6 62 326 6 3 24 1 314 12 794 7 0 1 1 0 7 0 37 3 6 0 2 0 2 0 1 13 5 120 4 114 1 3 16 36 7 33 1394 3 2 6 0 0 8 0 0 1 1 1 1 0 1 5 3 35 37 9 218 5 8 9 1 15 47 1 1 114 15 0 13 150 8 7 9 0 3 7 0 2 30 2 5 0 0 1 0 1 1
84 2 1 8 40 54 28 11 2 0 3 37 1 10077 6254 260 49 195 109 159 16 36 348 1330 20 27 2303 1817 855 418 195 22 30 709 2284 5668 975 121 378 1316 566 70 642 0 2 19 514 90 38 3 2 8 197 160 17 11 713 1438 3035 1909 47 88 237 505 506 0 417 1526 1013 41 30 3 10 15 734 33 1 0 1 0 27 0 261 217 85 58 9 7 17 6 31 34 11 18 57 139 1 42 52 541 0 1 0 0 0 0 0 2 0 0 0 1 22 19 6 7 1 75 14 58 49 575 94 1 1 1 1 1 0 4 1 0 0 1 0 3 4 1 13 12 3 8 7 0 1 2 5 2 43 38 8 1 2 1 0 2 0 0 0 1 0 0 0 0 0 5 2 5 3 2 0 0 0 3 4 3 1 0 24 8 3 26 35 3 1 24 0 1 1 0 0 10 3 0 2 0 0 0 0 0
118 2 2 6 66 67 34 6 0 3 4 64 0 6254 21613 5734 65 2743 117 289 41 53 842 557 23 41 2193 3671 829 411 243 46 40 587 991 426 854 75 1298 1175 1946 149 592 3 3 36 186 202 202 7 6 10 172 131 15 18 679 895 1098 623 164 204 402 528 469 3 271 1041 2541 62 39 7 6 18 899 113 1 0 2 1 46 1 247 163 93 53 8 23 44 10 53 150 31 45 160 268 3 61 32 381 0 0 0 0 0 0 0 0 0 0 0 3 23 39 8 1 5 58 14 77 70 489 76 0 0 0 1 4 2 14 2 0 3 2 3 5 6 1 13 17 22 9 30 0 0 4 4 0 37 97 4 3 9 1 0 5 1 1 1 0 0 0 0 1 1 5 3 11 2 5 0 0 5 5 14 8 0 0 43 6 10 53 38 5 10 33 0 2 4 0 0 25 2 6 0 0 0 1 0 0
12 0 0 1 4 4 1 2 1 1 1 3 0 260 5734 12919 126 2895 455 1135 5 23 337 192 30 13 901 3294 44 29 18 5 10 116 417 22 385 740 1145 299 1087 116 220 7 6 28 43 56 151 16 1 2 20 15 2 0 52 49 48 29 104 48 101 108 89 3 61 45 890 19 15 10 22 46 50 87 1 3 10 0 15 0 22 38 18 21 3 16 38 10 43 109 8 42 91 28 1 5 21 25 0 0 0 0 0 0 0 3 0 1 0 1 50 170 139 16 3 97 9 313 69 1589 56 2 1 1 1 1 4 89 0 1 1 3 0 4 9 2 22 13 119 13 85 0 1 7 8 4 103 187 2 5 1 0 0 3 0 0 2 2 1 0 1 0 2 17 2 14 5 4 0 0 11 7 7 5 0 1 23 3 16 43 79 7 6 40 0 3 7 0 1 13 3 5 11 0 0 0 0 0
25 0 0 2 34 14 10 5 0 1 3 22 7 49 65 126 1100 154 505 1556 19 34 211 105 15 66 72 20 84 59 50 10 27 65 78 13 1120 1592 19 351 203 32 115 6 1 38 46 5 34 2 0 0 8 9 0 3 44 51 19 23 29 32 65 72 24 1 12 27 34 10 0 8 9 31 99 9 1 6 4 0 2 0 14 12 24 8 2 8 4 2 21 30 4 15 41 144 2 10 12 10 1 0 0 1 1 0 0 3 0 1 2 6 38 13 8 8 9 6 28 5 232 196 107 7 2 2 5 1 2 2 0 0 1 5 2 13 20 2 42 74 1 55 1 0 6 6 5 3 92 22 37 1 3 0 0 0 0 0 0 0 0 0 0 0 2 10 4 4 5 2 4 1 3 8 1 4 0 0 11 1 22 184 83 15 1 113 0 0 0 3 0 6 3 1 7 1 2 1 1 11
12 0 1 1 5 6 2 3 1 1 1 7 183 195 2743 2895 154 5852 2976 770 14 57 329 744 52 22 3150 1464 43 30 22 3 31 167 482 26 570 1685 3316 129 1370 215 710 220 24 1604 49 196 215 34 3 1 18 11 0 4 46 27 34 44 5030 158 177 743 145 145 106 40 1566 53 48 41 99 266 42 577 8 6 43 0 24 7 32 65 50 51 9 33 132 31 198 192 32 76 196 29 2 4 58 13 0 4 0 0 5 0 0 6 0 1 1 2 65 1358 1346 88 14 307 11 1158 78 4566 38 3 2 6 9 36 0 896 22 33 5 7 9 19 26 7 45 40 1078 25 1413 2 16 40 33 28 247 2256 20 7 10 3 2 12 1 0 1 4 0 3 1 6 25 10 28 202 30 165 15 29 74 18 37 69 4 4 91 31 3 75 280 51 18 51 0 5 20 4 3 47 8 58 26 2 4 1 0 1
10 0 0 2 10 6 4 0 3 1 1 13 2958 109 117 455 505 2976 48869 6880 20 79 218 164 27 61 672 376 27 22 14 8 54 69 121 9 495 4452 106 301 383 71 358 7398 642 4103 26 38 107 58 1 2 5 8 2 2 15 8 11 13 363 63 123 284 81 618 38 8 104 31 20 83 492 6229 26 172 18 859 187 2 15 5 12 19 31 14 4 24 145 76 1473 75 12 38 156 29 15 1 16 2 2 8 2 2 6 5 3 23 3 6 10 20 476 1394 2056 189 83 1010 316 2756 1413 16298 1365 35 19 28 29 38 24 730 26 22 12 33 32 82 135 35 328 318 977 206 984 7 42 68 113 60 1369 3228 143 14 15 2 3 18 2 2 0 4 3 4 4 4 24 90 28 204 37 336 9 14 78 88 34 100 1 7 256 41 114 941 2669 105 16 778 4 12 27 7 3 85 18 34 114 6 12 6 5 7
30 4 1 4 42 37 14 1 1 1 3 27 21 159 289 1135 1556 770 6880 2858 38 72 464 245 49 138 243 73 114 83 74 21 41 127 218 14 873 694 59 874 631 102 358 204 20 68 108 17 131 13 2 0 20 10 4 4 90 82 60 54 60 101 199 204 63 6 36 78 103 35 6 9 27 118 150 32 2 25 6 0 11 2 32 32 35 23 4 16 25 6 55 85 13 42 150 191 4 20 13 13 2 5 1 0 0 7 2 7 0 1 7 8 224 92 21 45 22 49 93 30 595 1148 328 21 5 7 24 12 9 26 3 4 6 3 12 36 61 17 107 110 6 134 7 1 20 19 10 4 278 68 75 6 6 0 0 5 1 0 0 1 0 2 3 0 8 62 6 28 10 9 6 0 18 41 8 10 1 1 42 4 38 368 235 40 0 309 0 1 7 3 3 12 3 6 32 2 4 3 0 6
149 40 52 203 175 571 20 20 27 9 42 429 0 16 41 5 19 14 20 38 7829 2876 4342 117 313 165 24 10 110 126 167 126 546 764 21 4 138 478 15 165 655 34 170 6 2 4 31 14 43 2 1 0 28 17 8 496 70 265 9 16 18 62 82 66 17 0 32 324 59 9 5 235 277 104 1341 32 21 0 85 1 4 0 172 42 3551 122 44 7 17 6 16 32 10 14 81 316 62 37 305 92 1 6 0 0 2 11 1 0 0 3 16 18 1 1 2 3 4 1 9 2 64 26 18 13 5 0 4 0 0 1 5 0 10 79 1 45 1 0 56 51 3 10 0 0 20 1 0 2 35 13 6 2 2 2 0 1 1 0 0 1 0 0 0 1 7 1 1 2 0 1 3 1 0 0 3 0 0 0 4 2 140 180 89 2 1 167 0 1 0 0 3 4 1 1 13 2 15 3 0 4
84 15 15 64 77 203 16 14 27 9 19 204 1 36 53 23 34 57 79 72 2876 20530 4285 752 7277 2872 204 26 120 67 109 113 577 1030 79 13 212 775 31 2632 509 203 903 8 2 28 395 40 136 14 7 7 51 34 5 129 122 360 31 46 62 232 462 475 76 4 172 944 208 73 11 221 358 160 2933 80 17 0 99 2 17 2 501 398 4687 822 275 21 43 13 38 119 25 84 281 204 55 27 2938 135 2 2 2 0 1 8 0 0 0 5 10 18 0 1 2 0 5 3 19 3 94 39 41 5 5 1 3 0 0 0 2 1 6 54 1 38 0 0 70 55 4 9 1 1 11 3 1 0 36 21 16 2 1 0 0 2 0 0 0 1 0 0 1 1 6 0 2 4 2 0 1 1 1 2 5 0 2 2 13 2 110 203 96 4 0 116 3 3 9 1 7 16 0 2 16 1 7 1 0 1
15 1 0 5 31 40 5 6 11 4 3 48 2 348 842 337 211 329 218 464 4342 4285 15927 9888 328 5668 347 152 64 45 30 28 233 1218 40 24 730 1208 124 1870 7305 3272 1327 17 2 30 219 46 320 19 4 10 20 15 6 19 53 226 70 209 120 104 110 133 19 0 104 647 231 36 9 95 295 92 858 121 13 0 84 0 22 5 138 153 595 136 23 35 77 20 79 219 29 64 200 70 31 13 161 19 0 5 1 1 3 2 1 3 0 2 9 10 7 10 5 4 11 7 22 3 104 98 56 7 5 0 2 3 1 6 3 0 4 31 1 21 2 1 60 54 10 14 12 0 1 2 2 0 33 34 12 2 3 0 0 5 0 1 2 3 1 0 1 2 2 0 2 8 0 2 3 4 0 2 6 2 1 2 8 2 57 162 79 3 1 74 0 3 4 0 4 18 3 0 3 0 3 3 0 3
12 1 1 1 4 5 2 4 1 1 0 8 1 1330 557 192 105 744 164 245 117 752 9888 15804 404 4474 2482 118 68 28 12 3 13 100 1098 169 132 268 274 9378 2172 5401 3975 8 2 350 770 35 540 12 2 5 72 59 1 17 72 55 211 60 939 126 165 279 160 3 353 148 955 48 24 15 35 19 38 378 1 0 14 0 14 3 218 342 282 232 16 13 49 17 274 205 34 69 277 5 1 1 247 33 0 0 0 0 0 0 0 0 0 1 0 0 3 7 5 0 2 9 6 19 11 93 19 2 0 1 0 2 0 1 0 0 0 2 0 2 1 0 6 5 3 1 9 0 0 3 3 0 13 55 0 6 6 0 1 8 2 0 1 0 0 0 0 1 0 0 3 6 3 2 1 0 0 1 8 6 0 2 21 0 2 15 13 1 0 12 0 3 5 0 0 16 0 0 1 0 0 0 0 0
27 8 9 27 15 51 12 20 2 4 4 47 0 20 23 30 15 52 27 49 313 7277 328 404 14910 1877 204 22 94 24 75 11 79 326 51 1 94 536 20 4788 212 103 467 5 1 15 3569 10 32 6 7 16 175 138 6 76 284 28 10 47 39 103 220 395 67 0 1188 480 124 44 3 66 138 55 268 48 3 0 45 0 18 2 808 1449 2600 1914 2353 11 19 9 19 35 16 28 134 40 14 6 6245 248 0 1 0 0 0 0 0 1 0 0 0 4 0 0 0 0 1 0 3 3 12 21 14 3 0 0 0 0 0 0 1 0 1 10 0 9 0 0 17 13 1 0 0 0 2 0 1 0 8 12 0 0 2 0 0 2 1 0 1 0 0 0 0 0 1 0 0 1 0 0 1 0 0 0 1 1 0 1 6 0 14 44 34 0 0 22 0 0 2 0 1 4 1 0 1 0 0 0 0 0
4 2 0 1 2 3 0 2 0 0 0 1 0 27 41 13 66 22 61 138 165 2872 5668 4474 1877 4068 133 3 5 1 1 0 11 80 86 4 101 309 6 4329 517 93 136 4 0 3 101 5 25 1 2 4 34 25 1 19 8 2 1 8 17 15 20 30 3 0 98 5 21 5 1 17 46 52 7 12 0 0 18 0 4 0 136 241 230 181 7 1 7 1 7 21 5 11 30 2 1 1 199 3 0 0 0 0 0 0 0 0 0 0 0 0 1 1 0 1 1 6 8 1 26 16 27 0 0 0 0 0 0 1 0 0 0 1 1 2 1 0 9 8 2 0 2 0 1 1 0 0 14 5 0 0 0 0 0 2 0 0 0 1 0 0 0 0 1 2 0 0 1 0 0 0 0 1 0 0 0 0 2 1 4 21 23 0 0 9 0 0 3 0 0 6 0 0 0 0 1 0 0 0
31 1 0 2 8 11 7 5 2 0 3 7 21 2303 2193 901 72 3150 672 243 24 204 347 2482 204 133 24301 10366 161 34 39 2 8 91 5612 268 106 110 753 2958 232 161 942 9 8 414 410 123 85 11 2 3 120 88 1 7 204 124 378 141 436 295 1050 3433 1757 13 679 307 1437 93 64 2 9 35 100 97 1 0 5 1 23 1 182 372 153 235 12 11 31 11 97 37 19 31 209 14 0 5 215 130 0 2 0 0 0 0 0 0 0 0 0 0 11 104 75 4 4 64 4 305 21 777 28 0 0 0 1 3 0 33 3 10 0 2 0 5 1 0 5 3 112 2 133 0 3 5 3 3 26 553 4 3 5 1 0 7 1 0 0 1 0 1 0 2 1 1 17 25 6 17 1 3 8 2 14 16 1 3 44 7 0 17 37 8 5 5 1 4 7 0 1 35 4 9 0 2 0 0 1 2
10 1 1 0 5 11 4 3 0 1 0 4 23 1817 3671 3294 20 1464 376 73 10 26 152 118 22 3 10366 18615 380 60 57 5 10 175 553 212 78 45 5705 80 521 71 178 9 15 423 274 167 56 15 3 2 105 91 9 5 424 221 607 165 267 161 460 1280 2249 21 675 583 3096 67 46 2 6 35 197 106 1 1 1 0 22 3 114 199 42 68 5 22 70 25 167 51 11 14 84 19 2 4 79 336 0 9 0 0 2 3 0 0 0 0 1 2 20 629 389 36 4 134 12 1173 17 2543 33 3 0 7 0 12 3 322 23 50 3 0 0 15 9 3 16 4 688 13 838 2 11 34 20 3 73 2485 11 5 14 1 0 6 0 1 1 3 0 5 0 3 9 6 48 154 20 44 16 16 50 13 24 89 5 6 98 25 5 13 69 24 18 4 0 14 13 2 3 56 4 59 4 0 6 2 6 2
8210 393 293 629 3275 1087 2432 487 21 79 32 415 1 855 829 44 84 43 27 114 110 120 64 68 94 5 161 380 41650 7297 4079 683 961 439 105 114 487 326 382 149 229 43 451 3 6 28 272 285 65 24 20 35 2725 3722 286 32 4773 125 141 112 140 624 1194 255 593 2 8434 448 1583 168 88 175 129 11 1714 154 8 0 27 4 78 2 801 539 216 64 540 22 82 21 83 115 56 100 299 1587 32 4556 121 1010 0 1 5 3 1 7 1 2 2 10 15 23 0 6 13 2 0 1 0 8 3 23 3 5 1 1 0 1 0 3 0 1 5 41 0 12 1 0 11 6 10 2 11 1 7 6 14 0 3 89 1 4 4 0 2 8 1 2 1 0 0 1 0 0 2 0 6 13 4 4 0 0 1 1 14 13 1 0 66 11 78 26 15 1 11 31 0 6 8 0 0 23 4 0 17 1 4 0 0 0
4914 1299 49 2443 7714 2794 533 215 23 31 24 531 0 418 411 29 59 30 22 83 126 67 45 28 24 1 34 60 7297 19969 5686 1068 1277 425 20 55 372 305 152 23 291 25 76 1 5 8 26 109 31 6 16 33 500 357 85 46 4482 89 36 54 61 112 97 41 83 2 381 39 434 29 27 168 152 8 1072 106 2 0 26 2 48 6 642 274 265 58 32 18 28 1 39 75 53 23 49 1758 37 421 45 545 0 3 0 0 0 12 0 1 0 2 17 13 0 6 6 0 1 0 0 9 1 15 3 1 0 0 2 0 0 2 2 2 2 26 0 10 0 0 9 3 7 1 11 0 4 0 9 0 2 15 2 2 1 0 0 5 3 0 1 0 0 0 0 1 2 0 0 8 3 1 3 0 1 0 11 1 0 1 29 2 36 28 10 0 5 25 0 7 10 0 2 17 0 0 7 0 1 0 0 0
332 56 3 548 11550 470 121 25 6 10 7 191 0 195 243 18 50 22 14 74 167 109 30 12 75 1 39 57 4079 5686 9821 798 953 696 23 26 312 257 74 34 691 16 62 0 3 6 83 54 17 2 19 39 607 475 76 116 12998 231 26 37 42 46 73 44 65 2 2320 183 246 31 22 131 160 5 4883 57 1 0 20 3 58 3 1121 910 776 311 165 18 26 3 29 74 56 16 34 2911 6 226 992 7730 0 0 0 1 1 2 0 0 0 0 10 7 0 4 5 0 0 0 2 5 9 8 0 3 1 0 1 0 0 1 0 0 2 10 0 8 0 0 4 0 3 0 2 0 1 0 2 0 0 20 0 0 3 0 0 2 0 2 3 0 0 0 0 0 0 0 0 2 1 0 1 0 0 0 3 8 0 1 12 2 20 9 0 0 1 17 1 1 8 1 0 4 1 0 1 1 0 0 1 0
791 72 5 112 2995 2763 154 19 44 51 39 1033 0 22 46 5 10 3 8 21 126 113 28 3 11 0 2 5 683 1068 798 4203 6767 519 1 2 35 105 14 9 118 3 15 0 0 3 4 26 3 1 6 8 96 60 11 14 75 3289 2 1 14 23 13 4 6 0 65 5 69 8 11 268 190 13 1918 23 28 0 34 0 11 0 167 116 137 37 1 6 9 1 7 15 14 2 10 6350 139 119 20 7 3 5 8 4 3 27 5 2 4 6 56 75 0 0 5 0 1 0 0 3 4 9 1 10 1 0 1 0 0 1 4 0 16 101 0 32 0 0 22 5 2 1 3 3 10 2 4 0 1 9 3 1 0 2 0 0 0 1 0 1 0 1 3 4 6 0 1 1 2 0 2 1 0 0 0 3 0 0 9 2 169 64 12 0 0 74 0 0 0 0 1 4 1 0 25 2 6 0 0 3
815 33 16 96 1787 923 220 60 196 130 219 3994 7 30 40 10 27 31 54 41 546 577 233 13 79 11 8 10 961 1277 953 6767 9606 2389 3 4 55 1304 17 39 358 14 31 7 17 50 53 41 18 10 10 24 214 105 26 45 219 1514 0 2 50 23 28 22 6 3 163 59 98 19 11 1537 4674 150 3261 63 170 8 192 3 31 5 371 250 497 120 12 10 23 0 70 45 32 8 26 3706 855 304 92 24 7 13 39 23 22 133 10 4 10 60 242 316 0 0 4 0 6 3 5 7 56 34 11 45 23 2 7 1 0 1 22 1 59 592 1 301 0 0 220 79 1 5 3 9 73 1 2 3 26 36 12 2 0 2 0 2 0 1 0 0 4 5 3 18 36 1 0 3 0 3 32 6 4 2 1 4 0 0 16 5 1021 629 187 9 1 699 1 2 3 7 18 4 1 12 196 16 34 2 1 11
129 10 4 10 286 66 50 13 12 7 7 146 3 709 587 116 65 167 69 127 764 1030 1218 100 326 80 91 175 439 425 696 519 2389 4607 269 234 2079 1488 200 574 395 32 152 4 2 35 930 91 34 5 12 21 89 60 22 32 400 5602 361 727 107 84 78 101 97 1 139 1554 500 17 33 79 386 58 6646 96 34 4 14 2 38 3 232 159 452 99 28 9 17 6 44 52 24 17 52 1246 44 65 117 126 1 9 3 1 7 8 0 3 0 12 23 33 1 8 13 3 5 1 5 10 59 38 9 19 13 3 5 1 0 11 7 2 19 171 0 115 1 0 122 54 9 10 11 2 35 5 5 2 23 47 15 2 3 0 1 6 0 0 0 0 1 1 4 3 14 0 2 7 3 0 10 6 1 0 12 8 1 0 26 11 269 359 98 5 10 307 0 1 2 4 8 17 1 6 24 7 12 7 2 6
12 0 0 1 1 7 1 1 0 1 1 3 2 2284 991 417 78 482 121 218 21 79 40 1098 51 86 5612 553 105 20 23 1 3 269 2778 2477 264 140 109 2806 58 32 479 0 0 21 2144 29 11 6 1 2 72 38 3 8 137 391 1963 289 31 74 239 542 262 0 363 714 370 20 13 2 4 10 131 10 0 0 1 0 6 1 89 177 57 82 12 4 5 1 14 11 6 9 54 6 1 2 108 109 0 0 0 0 0 0 0 0 0 0 0 0 1 4 3 2 1 9 2 21 14 145 19 0 0 0 0 2 0 2 0 1 0 1 0 0 0 0 3 3 6 0 3 0 0 0 0 0 11 33 0 0 0 0 0 1 0 0 0 0 0 0 1 0 0 0 0 1 1 1 1 1 0 0 2 1 0 1 7 1 0 7 14 2 0 7 0 1 0 0 0 8 0 0 2 0 0 0 0 0
13 0 1 1 3 2 5 1 0 1 0 6 0 5668 426 22 13 26 9 14 4 13 24 169 1 4 268 212 114 55 26 2 4 234 2477 4074 390 42 58 1125 27 11 107 0 0 5 589 12 0 0 1 1 24 19 3 3 80 753 4011 1575 10 10 33 99 97 0 53 527 133 5 5 0 2 2 133 6 0 0 0 1 1 0 39 33 5 5 1 1 3 0 4 8 1 1 3 14 0 8 4 116 0 0 0 0 0 0 0 0 0 0 0 0 2 1 3 0 2 3 1 2 3 33 7 0 0 0 0 0 0 1 0 1 0 0 0 0 1 0 2 0 0 0 1 0 0 0 0 0 0 10 2 0 0 0 0 0 0 0 0 0 0 0 0 0 0 0 0 0 0 0 0 0 0 0 0 0 0 0 1 0 0 2 4 0 0 3 0 0 0 0 0 2 0 0 0 0 0 0 0 0
104 4 3 9 75 46 47 3 2 4 7 41 8 975 854 385 1120 570 495 873 138 212 730 132 94 101 106 78 487 372 312 35 55 2079 264 390 2943 3124 198 600 333 35 152 6 2 113 441 23 10 2 0 12 104 92 4 16 375 838 443 1904 188 31 40 98 51 1 99 461 246 14 11 14 8 21 1040 76 1 4 4 1 10 0 123 106 110 24 7 4 16 1 57 14 16 10 24 291 0 48 29 83 2 1 0 0 3 1 0 0 0 1 2 12 4 6 5 1 4 6 24 8 122 64 39 9 7 1 3 1 1 2 0 2 1 11 0 25 1 2 55 51 8 16 7 1 5 3 1 1 33 42 18 4 0 1 1 1 0 1 0 0 0 1 0 0 3 0 5 7 1 4 6 3 0 1 0 4 0 0 15 2 26 163 41 2 1 61 0 2 1 4 1 8 0 1 2 0 4 2 1 3
129 4 7 18 153 80 44 10 9 4 11 133 426 121 75 740 1592 1685 4452 694 478 775 1208 268 536 309 110 45 326 305 257 105 1304 1488 140 42 3124 11382 204 1161 520 173 426 1786 237 2521 1001 79 87 28 9 9 72 59 14 34 157 298 89 268 1596 81 93 185 29 190 84 181 291 16 24 126 2826 1272 726 646 44 196 134 1 30 10 173 134 343 107 23 31 162 31 1836 58 28 17 97 456 38 41 104 43 4 31 7 1 19 12 1 7 0 8 23 72 54 47 94 21 74 62 224 81 1226 947 618 130 54 8 38 13 9 17 15 4 40 247 9 240 29 4 647 585 38 162 39 8 99 32 45 6 507 524 133 5 10 1 2 11 2 4 2 1 5 7 2 9 12 14 25 52 13 53 48 15 20 26 26 62 3 1 161 22 372 1940 1005 50 17 1067 3 3 7 16 15 39 7 17 43 13 63 24 5 38
51 2 0 7 18 22 20 5 1 1 2 15 15 378 1298 1145 19 3316 106 59 15 31 124 274 20 6 753 5705 382 152 74 14 17 200 109 58 198 204 13711 109 515 253 606 2 10 319 160 146 98 15 2 5 120 81 6 7 326 255 326 135 6540 135 369 926 2394 14 393 403 5837 41 45 12 19 4 251 580 4 0 5 0 25 3 116 134 43 67 14 24 62 21 141 94 8 29 67 72 0 20 58 201 0 5 0 2 0 0 0 3 0 0 0 2 16 300 338 25 3 50 10 471 14 813 15 5 0 0 1 25 0 176 18 49 1 4 5 17 6 3 10 16 330 9 594 1 4 28 24 6 27 1942 17 6 12 1 0 8 1 0 1 3 2 8 1 3 13 7 52 144 13 32 19 31 86 23 22 99 2 3 104 17 1 15 18 42 24 8 0 3 12 5 5 49 7 41 4 0 8 4 4 4
24 4 2 8 7 14 4 9 0 1 2 8 0 1316 1175 299 351 129 301 874 165 2632 1870 9378 4788 4329 2958 80 149 23 34 9 39 574 2806 1125 600 1161 109 6616 518 356 856 16 1 20 4508 23 69 4 11 5 186 166 10 33 278 268 1098 290 74 87 155 272 80 0 1121 742 264 25 5 50 122 84 166 70 2 1 55 0 9 4 452 943 549 655 64 10 26 3 34 74 21 30 129 12 1 6 824 109 0 1 1 0 1 0 0 0 0 0 0 0 14 4 6 4 1 22 19 16 77 225 87 1 1 2 0 0 2 3 0 0 0 10 0 11 2 2 13 24 3 5 9 0 8 2 4 2 40 24 4 2 1 0 0 2 1 0 0 0 0 0 1 0 0 0 1 2 2 2 0 0 2 2 1 4 1 0 8 1 8 56 76 2 3 30 0 2 2 0 0 8 0 0 0 0 1 1 0 1
1911 505 738 1249 627 1328 186 964 16 102 37 639 7 566 1946 1087 203 1370 383 631 655 509 7305 2172 212 517 232 521 229 291 691 118 358 395 58 27 333 520 515 518 8310 4281 846 40 74 312 131 402 1091 285 295 188 69 47 978 1083 159 168 62 60 949 202 219 132 211 42 121 170 1688 251 167 122 153 74 654 849 63 2 78 20 587 100 653 149 920 123 42 542 896 235 1153 3768 830 252 364 364 43 48 158 282 1 3 5 4 3 12 3 0 1 4 14 27 1 9 16 3 4 17 14 20 72 116 36 6 9 2 2 4 2 3 2 1 12 83 0 55 1 1 71 51 16 16 19 1 14 22 22 2 35 106 5 49 33 2 5 69 30 11 44 47 3 0 0 0 9 2 9 44 32 10 6 4 5 2 44 27 30 48 171 19 129 197 85 7 23 186 32 44 278 1 2 177 63 2 17 2 12 0 1 8
13 0 0 1 5 8 4 4 0 1 1 8 1 70 149 116 32 215 71 102 34 203 3272 5401 103 93 161 71 43 25 16 3 14 32 32 11 35 173 253 356 4281 9377 4614 33 30 213 146 55 905 20 2 0 37 18 0 6 39 19 28 11 883 55 92 88 270 10 72 39 1743 28 23 14 49 11 35 944 6 0 17 0 18 5 44 91 66 49 1 37 131 35 1168 333 22 42 100 26 1 2 42 14 0 1 0 0 0 0 0 0 0 0 1 0 0 5 3 1 0 2 2 5 9 13 6 0 0 1 0 1 0 2 0 1 0 0 0 0 0 0 2 1 0 1 1 0 0 3 15 0 5 65 2 2 1 0 0 7 3 0 2 4 0 0 0 0 0 0 2 21 3 4 1 0 3 0 10 16 0 2 67 6 1 11 8 0 11 5 0 2 15 0 0 25 4 1 2 0 0 0 0 0
58 2 4 6 25 34 16 8 4 2 2 41 12 642 592 220 115 710 358 358 170 903 1327 3975 467 136 942 178 451 76 62 15 31 152 479 107 152 426 606 856 846 4614 3834 117 129 764 620 379 1662 185 5 17 255 183 11 33 290 93 248 50 2784 412 1465 3866 945 87 1004 311 5979 164 60 40 133 46 206 3712 51 2 60 1 69 10 395 791 572 462 38 91 852 452 4042 403 77 198 1515 114 23 23 427 95 0 1 0 0 0 1 0 0 0 0 0 1 7 14 24 0 0 9 4 22 21 109 29 2 0 1 0 4 1 6 2 5 0 0 0 1 2 0 18 4 10 2 19 0 2 31 39 6 21 256 1 17 36 2 2 64 3 0 7 6 0 0 0 0 0 1 12 45 22 27 0 2 5 2 83 68 7 13 279 37 3 33 27 5 44 13 0 17 49 1 0 162 16 3 0 0 0 0 0 0
0 0 0 0 0 1 0 0 4 0 0 9 5158 0 3 7 6 220 7398 204 6 8 17 8 5 4 9 9 3 1 0 0 7 4 0 0 6 1786 2 16 40 33 117 12810 4173 2996 6 36 40 530 1 37 1 0 0 0 0 0 0 0 234 45 35 14 2 940 5 1 34 15 31 400 1592 2577 0 176 283 1486 3365 53 28 176 4 2 4 4 0 230 178 153 2582 28 8 12 50 2 19 3 2 1 0 2 0 0 2 1 1 1 0 0 1 3 27 59 130 11 10 81 44 253 177 1414 140 9 4 1 4 8 0 21 2 4 0 5 0 20 8 1 57 58 47 17 30 0 4 10 38 6 131 438 14 5 12 2 3 14 3 2 12 4 1 1 0 2 2 5 4 29 7 52 2 3 4 5 44 41 1 5 186 25 9 190 417 4 17 104 2 9 20 1 0 65 2 2 12 1 4 0 0 0
3 1 0 0 0 1 1 3 252 3 8 26 3927 2 3 6 1 24 642 20 2 2 2 2 1 0 8 15 6 5 3 0 17 2 0 0 2 237 10 1 74 30 129 4173 14454 2233 1 103 107 3593 2 15 19 0 0 0 5 1 0 1 43 129 105 10 19 4426 6 5 128 50 71 1096 491 933 6 70 3941 1532 4165 52 139 688 4 4 2 6 0 770 939 2145 3147 59 14 43 126 2 1300 144 2 4 0 3 0 4 1 3 0 9 0 6 3 4 4 8 155 0 1 4 1 34 15 76 3 2 2 2 1 13 0 2 12 11 2 6 0 10 0 1 33 6 11 3 33 1 3 113 331 22 71 1559 6 32 71 2 4 108 11 3 7 19 0 2 1 0 3 2 44 179 52 266 5 6 15 4 195 291 14 31 1473 219 12 44 41 14 121 65 4 58 91 1 1 377 38 11 13 1 0 2 1 1
7 0 0 0 1 2 2 1 71 3 4 13 2770 19 36 28 38 1604 4103 68 4 28 30 350 15 3 414 423 28 8 6 3 50 35 21 5 113 2521 319 20 312 213 764 2996 2233 3621 21 28 85 68 0 1 26 11 1 1 28 3 11 1 1475 32 70 732 256 3738 73 17 206 12 11 348 894 774 13 111 502 61 1203 2 11 10 15 37 14 21 2 32 79 63 1434 76 10 16 67 10 466 42 17 13 0 14 2 1 1 6 0 2 1 2 3 5 60 378 2553 34 8 35 18 1077 58 1573 36 2 3 4 4 76 3 245 71 137 6 10 15 52 6 3 61 28 597 31 1255 7 23 136 550 52 138 9950 62 16 32 5 4 39 0 2 2 5 3 14 2 9 37 14 199 527 51 1201 64 89 255 41 38 454 8 12 750 57 11 72 133 176 73 74 2 15 40 19 17 120 20 136 21 3 18 6 29 6
21 3 4 7 7 21 3 9 0 1 2 14 1 514 186 43 46 49 26 108 31 395 219 770 3569 101 410 274 272 26 83 4 53 930 2144 589 441 1001 160 4508 131 146 620 6 1 21 7861 69 54 2 7 6 262 183 3 25 706 419 1986 315 62 123 312 358 299 0 2058 2968 593 46 25 61 154 46 551 40 3 0 62 0 21 1 343 893 305 847 1763 12 18 6 30 43 8 17 130 16 3 3 1911 305 0 0 0 0 0 0 0 0 0 0 0 0 1 2 6 1 1 6 7 7 12 26 6 3 0 0 0 1 0 1 0 0 0 5 2 4 0 0 16 13 2 0 4 0 1 2 0 0 10 38 2 2 2 0 0 1 1 0 0 0 0 0 0 0 0 0 1 2 1 0 1 0 0 0 5 7 0 1 14 3 6 26 31 2 0 17 0 2 2 0 0 7 0 1 1 0 0 0 0 0
62 2 5 10 33 43 14 16 3 4 1 41 2 90 202 56 5 196 38 17 14 40 46 35 10 5 123 167 285 109 54 26 41 91 29 12 23 79 146 23 402 55 379 36 103 28 69 35509 614 633 7 9 57 56 2 16 224 78 86 27 190 9446 907 165 161 33 198 211 8593 956 6170 19 39 22 221 6167 32 3 25 14 1251 131 91 86 45 22 4 1650 5116 409 1098 353 94 295 589 146 10 27 23 73 0 4 0 0 0 0 0 1 0 0 0 2 4 4 18 4 4 4 2 11 9 21 6 0 1 3 2 8 1 3 7 9 1 4 3 1 1 0 20 6 11 12 30 0 3 175 91 8 39 112 10 330 391 13 21 431 38 9 43 89 2 4 0 1 1 2 18 284 190 39 4 7 9 4 514 80 91 170 992 92 3 27 15 30 168 23 34 143 796 3 0 1311 276 15 2 0 2 2 1 3
52 4 15 11 10 14 12 35 4 7 1 13 4 38 202 151 34 215 107 131 43 136 320 540 32 25 85 56 65 31 17 3 18 34 11 0 10 87 98 69 1091 905 1662 40 107 85 54 614 7394 374 26 5 28 21 7 20 47 13 18 4 362 239 191 63 91 73 92 36 939 242 140 16 26 33 49 790 60 4 38 3 170 22 96 86 72 45 2 349 1380 455 1431 7219 718 1587 3030 23 23 8 35 20 0 1 0 0 0 0 0 0 0 0 0 0 2 0 4 0 0 1 0 3 7 26 4 1 1 0 0 1 0 0 1 4 0 0 2 1 1 1 9 3 0 0 0 1 2 48 37 4 14 63 1 47 80 2 2 95 9 1 15 21 0 0 0 0 1 0 1 41 42 14 0 0 2 2 97 36 15 28 276 24 0 15 4 6 39 11 9 51 150 1 0 268 33 4 8 0 0 0 1 1
29 4 4 8 4 11 6 20 63 5 1 14 121 3 7 16 2 34 58 13 2 14 19 12 6 1 11 15 24 6 2 1 10 5 6 0 2 28 15 4 285 20 185 530 3593 68 2 633 374 11254 83 1117 6 3 4 9 7 3 4 2 57 964 476 27 18 2136 22 9 290 301 310 357 83 1102 14 206 2427 687 1255 1720 1036 6671 30 18 12 11 1 5881 3838 9179 1680 278 61 252 676 8 448 45 4 4 0 0 1 2 1 1 0 3 0 4 1 1 1 3 32 0 1 2 0 4 9 25 1 1 1 0 6 4 1 2 5 10 2 3 1 5 0 0 13 4 6 6 17 3 0 152 179 10 43 210 6 237 328 7 10 507 240 49 408 175 2 0 1 0 3 2 13 237 153 107 4 10 11 3 487 115 99 149 1469 134 1 37 24 11 180 42 81 928 1045 3 2 1503 155 4 8 0 2 2 3 2
136 14 25 31 24 44 45 140 3 33 4 17 0 2 6 1 0 3 1 2 1 7 4 2 7 2 2 3 20 16 19 6 10 12 1 1 0 9 2 11 295 2 5 1 2 0 7 7 26 83 13229 10639 13 0 237 91 13 6 1 0 2 3 18 5 2 38 5 7 23 348 7 8 4 36 17 9 19 7 6 877 1707 154 406 16 11 11 2 99 43 8 16 4589 7673 19 14 13 8 16 9 14 0 0 0 0 0 0 0 0 0 0 0 1 0 0 0 0 1 0 1 0 0 0 0 1 0 0 0 0 0 0 1 0 0 5 0 4 0 0 7 3 0 1 0 19 1 2 2 0 0 2 1 1 4 1 0 6 290 206 449 58 21 0 0 0 0 0 0 0 1 14 0 1 0 0 3 1 17 6 7 1 7 9 19 0 1 19 53 26 80 0 4 10 2 0 2 0 0 0 0 0
309 41 54 48 39 68 103 273 16 38 4 35 3 8 10 2 0 1 2 0 0 7 10 5 16 4 3 2 35 33 39 8 24 21 2 1 12 9 5 5 188 0 17 37 15 1 6 9 5 1117 10639 13205 17 0 395 81 7 2 0 1 2 22 15 10 6 420 3 9 22 114 36 48 15 359 32 4 307 85 95 10418 3862 1531 626 23 23 20 1 904 141 26 27 1620 2890 25 13 26 70 25 9 15 2 1 3 1 0 1 1 1 0 0 2 1 0 0 3 0 1 1 0 1 3 3 3 1 0 0 2 0 0 0 1 0 0 6 0 4 0 0 7 6 0 0 1 95 6 3 16 1 9 5 1 19 14 20 3 121 1798 866 4397 645 76 0 0 1 0 0 2 11 6 80 3 0 0 0 6 0 184 91 83 5 11 31 115 1 10 75 481 200 1331 0 35 89 65 0 16 0 0 0 0 0
1997 131 214 224 460 384 1626 1569 143 439 150 298 2 197 172 20 8 18 5 20 28 51 20 72 175 34 120 105 2725 500 607 96 214 89 72 24 104 72 120 186 69 37 255 1 19 26 262 57 28 6 13 17 11779 6535 6016 8 343 31 49 25 44 231 555 180 232 5 844 214 447 55 30 170 41 18 525 38 114 1 45 2 18 5 3873 482 76 79 268 9 28 12 37 31 21 46 143 307 419 6533 140 354 0 2 4 5 1 4 3 2 6 6 12 13 0 1 3 0 1 0 1 2 7 6 1 0 0 0 0 0 0 0 0 0 1 17 0 9 0 0 14 7 0 0 0 0 5 0 3 1 2 13 0 0 0 0 0 1 0 0 3 1 0 0 0 0 3 0 2 1 1 0 0 0 0 0 3 1 0 0 7 0 30 31 14 0 0 23 0 0 2 0 0 0 0 2 10 3 1 0 0 0
1153 84 122 150 284 182 693 541 16 101 20 120 0 160 131 15 9 11 8 10 17 34 15 59 138 25 88 91 3722 357 475 60 105 60 38 19 92 59 81 166 47 18 183 0 0 11 183 56 21 3 0 0 6535 5227 642 4 281 29 27 12 24 170 422 144 153 1 1319 188 349 53 16 35 25 1 394 33 6 0 9 0 6 0 562 4403 40 85 220 5 16 3 19 18 12 30 127 208 16 2356 140 266 0 0 0 1 0 1 0 0 0 0 5 6 0 0 0 0 0 1 0 2 3 7 0 0 0 0 0 0 0 0 0 0 0 8 0 6 0 0 2 4 0 0 1 0 0 0 0 0 0 25 0 1 0 0 1 3 0 0 0 0 0 0 0 0 1 0 2 1 0 1 0 0 0 0 1 3 0 0 6 1 16 8 6 1 0 16 0 2 0 0 1 4 0 0 7 2 0 0 0 0
370 25 43 33 69 67 370 306 21 59 19 35 0 17 15 2 0 0 2 4 8 5 6 1 6 1 1 9 286 85 76 11 26 22 3 3 4 14 6 10 978 0 11 0 0 1 3 2 7 4 237 395 6016 642 18268 387 17 5 0 1 3 14 19 7 8 2 12 5 22 80 8 15 9 3 35 6 8 0 7 30 170 7 4267 13 42 8 5 32 8 1 5 1023 306 11 9 40 39 1671 5 20 0 1 0 0 0 1 0 0 1 0 4 3 0 0 0 1 0 0 0 0 6 2 0 0 0 0 0 0 0 0 0 0 0 4 0 4 0 0 9 0 0 0 0 1 3 1 0 0 3 0 0 0 2 0 0 0 21 13 32 7 0 0 0 0 1 0 0 0 0 1 0 0 0 1 0 1 5 4 3 0 8 10 6 0 0 19 3 2 25 0 3 2 1 1 0 0 0 0 0 0
313 52 92 155 93 174 54 228 0 48 8 76 0 11 18 0 3 4 2 4 496 129 19 17 76 19 7 5 32 46 116 14 45 32 8 3 16 34 7 33 1083 6 33 0 0 1 25 16 20 9 91 81 8 4 387 2632 20 11 3 2 1 17 33 25 17 0 6 27 36 28 4 16 11 8 122 6 5 0 4 8 113 6 3728 47 3024 62 10 32 13 2 7 482 179 23 23 45 8 11 103 55 0 2 0 0 0 3 0 1 1 0 3 5 0 0 0 0 0 0 1 0 2 0 1 2 0 0 0 0 0 0 0 0 0 13 0 13 1 0 13 5 0 1 0 0 4 2 2 0 2 0 1 4 1 0 0 3 4 2 13 5 0 0 1 0 0 0 1 1 0 0 1 0 0 0 0 1 4 5 3 0 18 30 9 0 0 20 2 0 15 0 0 11 5 0 3 0 0 0 0 1
70 17 20 88 1434 91 27 4 0 3 5 41 2 713 679 52 44 46 15 90 70 122 53 72 284 8 204 424 4773 4482 12998 75 219 400 137 80 375 157 326 278 159 39 290 0 5 28 706 224 47 7 13 7 343 281 17 20 7965 105 177 86 67 423 819 274 536 4 2498 1181 1440 103 87 32 58 6 2882 91 0 0 7 0 37 4 310 423 228 606 1382 13 41 15 54 52 14 41 191 493 5 65 1996 4650 0 0 0 0 0 0 0 0 0 0 2 2 0 4 9 0 0 1 0 15 3 24 2 3 0 0 0 0 0 1 0 0 2 4 0 8 0 0 7 0 4 1 6 2 1 1 4 1 3 80 0 1 3 0 0 10 0 0 0 1 0 0 1 0 0 0 1 9 6 3 0 0 1 0 17 12 1 3 55 8 18 12 2 1 11 14 1 2 7 0 0 28 2 2 2 0 0 0 0 0
23 0 1 4 67 11 5 1 2 3 3 50 0 1438 895 49 51 27 8 82 265 360 226 55 28 2 124 221 125 89 231 3289 1514 5602 391 753 838 298 255 268 168 19 93 0 1 3 419 78 13 3 6 2 31 29 5 11 105 6653 1823 823 42 58 84 74 139 0 56 1320 622 23 34 119 275 5 6863 55 1 0 20 1 31 0 97 107 212 51 4 3 15 7 15 24 12 12 43 751 6 12 44 23 0 1 0 1 0 4 0 0 1 2 4 7 0 5 3 0 1 3 0 3 4 21 3 1 0 0 0 0 0 3 3 0 2 27 0 16 0 0 13 7 2 0 2 1 6 3 7 0 1 15 0 3 2 0 0 1 1 0 0 0 0 0 0 1 2 0 0 3 0 0 0 0 1 0 5 2 0 1 17 2 38 48 8 0 1 40 1 2 5 0 2 13 1 0 8 1 2 0 0 0
9 0 2 0 3 1 3 0 0 0 1 2 1 3035 1098 48 19 34 11 60 9 31 70 211 10 1 378 607 141 36 26 2 0 361 1963 4011 443 89 326 1098 62 28 248 0 0 11 1986 86 18 4 1 0 49 27 0 3 177 1823 4638 1225 21 127 219 223 375 1 246 2027 1003 27 26 1 8 3 262 23 1 0 4 1 10 0 50 60 14 35 4 4 15 5 18 9 13 4 57 9 0 3 95 122 0 0 0 0 0 0 0 0 0 0 0 0 3 2 3 0 0 4 2 6 1 47 5 0 0 0 0 0 0 1 0 0 0 0 0 0 0 0 0 1 2 0 5 0 1 2 1 0 5 26 1 2 2 2 0 5 0 0 0 0 0 0 0 0 0 0 1 6 1 0 0 0 0 0 6 3 0 2 24 6 0 2 3 1 6 4 0 0 2 0 0 13 0 1 0 0 0 1 0 0
11 0 0 2 7 2 3 0 1 0 1 4 1 1909 623 29 23 44 13 54 16 46 209 60 47 8 141 165 112 54 37 1 2 727 289 1575 1904 268 135 290 60 11 50 0 1 1 315 27 4 2 0 1 25 12 1 2 86 823 1225 1607 30 11 21 57 77 1 36 246 276 5 8 0 1 1 228 24 0 0 0 0 2 1 22 18 21 12 1 4 4 2 3 6 1 1 14 14 0 7 6 53 0 0 0 0 0 0 0 0 0 0 0 0 0 3 3 0 0 1 0 6 2 30 4 1 0 0 0 0 0 0 1 0 0 0 1 0 0 0 3 3 2 1 7 0 1 0 0 0 1 9 3 0 3 0 0 0 0 0 0 0 0 0 0 0 0 0 0 1 0 0 0 0 0 0 1 1 0 1 4 2 2 7 2 2 0 5 0 0 0 0 0 3 0 1 1 0 1 0 0 0
45 2 0 4 21 19 14 9 14 1 1 22 21 47 164 104 29 5030 363 60 18 62 120 939 39 17 436 267 140 61 42 14 50 107 31 10 188 1596 6540 74 949 883 2784 234 43 1475 62 190 362 57 2 2 44 24 3 1 67 42 21 30 5213 140 204 1607 174 313 111 39 2632 61 43 110 235 43 70 3499 70 2 159 1 39 8 70 97 58 38 4 79 389 54 4110 377 57 77 273 82 80 18 30 12 0 10 1 1 2 5 0 3 0 3 3 9 40 123 1129 12 4 17 13 384 68 345 24 5 4 4 3 57 3 88 40 111 2 12 5 35 6 4 51 27 177 19 525 4 9 132 574 50 103 5731 47 13 33 7 2 34 5 2 5 3 3 13 1 1 19 9 185 447 60 302 50 68 167 35 59 501 8 5 829 77 11 85 71 138 61 115 3 13 48 13 7 123 20 99 25 3 6 8 10 4
40 4 3 4 22 35 12 8 5 1 1 22 7 88 204 48 32 158 63 101 62 232 104 126 103 15 295 161 624 112 46 23 23 84 74 10 31 81 135 87 202 55 412 45 129 32 123 9446 239 964 3 22 231 170 14 17 423 58 127 11 140 17946 7790 1015 455 64 1007 181 3950 4533 3953 28 37 56 188 1589 59 1 34 29 810 353 274 427 213 207 11 822 2564 803 1841 223 121 1406 2141 104 23 22 118 102 0 3 0 0 1 0 0 1 0 0 0 0 5 7 24 3 1 6 4 19 10 52 6 0 4 0 3 8 2 10 6 13 1 1 1 4 1 0 14 2 10 15 18 2 6 241 100 7 40 118 20 724 659 27 45 507 137 18 151 235 3 0 0 1 2 2 15 430 442 39 4 7 15 6 581 103 225 317 1269 88 2 24 27 42 170 29 122 244 1989 1 1 1975 642 13 6 2 3 4 2 6
34 7 4 10 16 35 13 9 4 3 2 23 7 237 402 101 65 177 123 199 82 462 110 165 220 20 1050 460 1194 97 73 13 28 78 239 33 40 93 369 155 219 92 1465 35 105 70 312 907 191 476 18 15 555 422 19 33 819 84 219 21 204 7790 27609 9300 5941 51 2608 316 6107 1045 262 19 31 24 182 1185 44 6 31 5 148 24 670 1142 387 508 35 150 1169 513 1586 274 52 1108 2419 49 26 23 406 233 0 3 0 0 1 1 0 1 0 0 0 2 4 3 23 1 0 10 6 16 16 78 20 1 0 0 2 8 1 3 1 10 0 4 2 3 3 2 18 3 8 6 25 0 1 81 95 6 35 163 4 61 121 6 4 172 8 0 12 17 1 2 0 0 3 0 11 129 74 27 0 6 16 5 258 114 21 40 757 122 1 32 15 4 137 19 7 59 165 0 0 619 58 7 3 1 0 0 1 0
27 0 2 8 15 12 6 5 0 0 0 7 11 505 528 108 72 743 284 204 66 475 133 279 395 30 3433 1280 255 41 44 4 22 101 542 99 98 185 926 272 132 88 3866 14 10 732 358 165 63 27 5 10 180 144 7 25 274 74 223 57 1607 1015 9300 8134 6850 12 940 251 5264 223 72 19 37 12 102 1188 1 0 13 1 27 2 290 704 365 436 26 12 57 21 601 47 22 85 1388 36 2 5 453 81 0 1 0 0 2 1 0 0 0 0 0 0 4 44 73 1 1 20 4 113 21 261 25 0 1 1 1 0 0 11 5 10 1 3 0 7 1 1 12 7 55 1 98 0 3 12 13 0 21 691 1 6 11 1 0 8 1 0 0 2 0 2 0 1 4 0 19 29 7 7 1 4 6 1 20 42 1 3 98 12 2 14 18 6 17 10 1 4 12 2 0 41 3 17 1 0 1 0 0 0
15 2 0 2 10 18 6 2 0 3 0 9 13 506 469 89 24 145 81 63 17 76 19 160 67 3 1757 2249 593 83 65 6 6 97 262 97 51 29 2394 80 211 270 945 2 19 256 299 161 91 18 2 6 232 153 8 17 536 139 375 77 174 455 5941 6850 12389 11 1115 413 10143 113 68 2 2 10 137 163 2 0 3 0 35 4 214 397 107 225 22 18 54 29 181 103 17 30 258 17 1 6 206 280 0 1 0 0 0 1 0 0 0 0 0 1 4 19 58 4 1 12 3 65 9 164 14 0 0 0 0 5 0 11 5 4 2 1 0 1 0 1 2 1 37 3 78 0 1 16 33 1 6 685 0 7 10 0 0 10 2 0 2 1 0 4 1 0 3 1 27 50 6 13 0 5 9 1 28 64 2 1 166 17 2 8 7 5 18 9 1 7 16 1 0 54 5 7 7 0 0 1 1 1
3 1 0 1 1 2 0 5 19 2 1 4 1531 0 3 3 1 145 618 6 0 4 0 3 0 0 13 21 2 2 2 0 3 1 0 0 1 190 14 0 42 10 87 940 4426 3738 0 33 73 2136 38 420 5 1 2 0 4 0 1 1 313 64 51 12 11 1915 6 3 65 28 36 119 86 772 1 126 1063 1350 532 493 300 822 6 0 2 0 0 880 243 622 4433 56 19 28 70 2 150 14 2 0 1 1 0 0 1 1 0 3 0 2 1 0 3 19 397 1 0 3 0 96 17 244 3 2 0 3 1 4 0 5 4 6 1 4 0 6 0 1 18 3 27 2 38 2 0 48 265 10 52 1373 1 13 31 3 2 35 99 20 149 62 3 0 0 0 6 1 10 60 22 1502 1 5 7 2 63 73 18 26 558 67 9 25 475 4 43 48 14 33 99 0 2 171 17 4 17 2 0 0 1 1
338 72 92 164 282 228 35 84 5 18 12 177 2 417 271 61 12 106 38 36 32 172 104 353 1188 98 679 675 8434 381 2320 65 163 139 363 53 99 84 393 1121 121 72 1004 5 6 73 2058 198 92 22 5 3 844 1319 12 6 2498 56 246 36 111 1007 2608 940 1115 6 13621 2141 1754 239 72 55 44 9 2569 124 2 0 15 1 38 4 655 8722 191 2745 2824 17 55 37 84 89 23 154 599 270 22 27 2137 2956 0 0 1 0 2 2 0 0 0 1 9 11 0 3 14 1 0 2 0 14 8 26 3 2 2 0 0 0 1 1 0 0 1 22 0 11 0 0 15 6 5 1 10 0 2 5 7 1 7 89 2 4 12 0 2 13 0 0 0 0 0 0 0 0 1 0 7 15 8 5 0 1 2 0 18 14 0 3 52 7 36 25 13 3 9 22 0 5 8 0 2 30 1 2 3 0 3 0 0 0
16 0 1 6 3 8 7 10 0 0 2 6 1 1526 1041 45 27 40 8 78 324 944 647 148 480 5 307 583 448 39 183 5 59 1554 714 527 461 181 403 742 170 39 311 1 5 17 2968 211 36 9 7 9 214 188 5 27 1181 1320 2027 246 39 181 316 251 413 3 2141 8500 1268 60 81 7 29 5 2391 57 0 0 5 0 45 0 342 636 285 580 2297 15 22 11 35 36 14 27 121 10 1 6 2102 975 0 0 0 0 0 1 0 0 0 0 0 0 0 5 4 0 0 0 1 7 7 26 4 0 0 1 0 0 0 1 1 0 0 6 0 7 0 0 5 4 2 0 5 0 0 5 6 0 2 44 0 1 2 0 0 5 0 1 0 0 0 0 0 0 1 0 4 4 3 0 0 0 0 0 20 12 2 0 43 11 6 13 5 1 12 9 0 4 7 0 0 21 0 1 1 0 1 0 0 0
153 4 7 18 95 123 46 19 5 4 8 105 14 1013 2541 890 34 1566 104 103 59 208 231 955 124 21 1437 3096 1583 434 246 69 98 500 370 133 246 291 5837 264 1688 1743 5979 34 128 206 593 8593 939 290 23 22 447 349 22 36 1440 622 1003 276 2632 3950 6107 5264 10143 65 1754 1268 17595 843 1131 28 55 28 903 7037 25 1 27 3 477 19 488 668 259 312 34 308 1075 252 1469 764 170 487 1697 396 9 56 223 762 1 4 0 1 3 5 0 5 1 0 3 7 12 32 262 5 1 16 4 117 31 170 17 4 2 3 2 28 0 31 17 38 6 8 5 17 4 1 44 24 57 10 196 3 2 180 331 35 113 1881 15 65 121 9 6 269 7 5 7 28 0 1 3 7 9 4 98 304 84 94 10 25 65 9 409 436 25 56 1505 226 16 74 37 45 234 86 11 64 139 4 0 727 68 32 24 2 4 3 2 2
116 15 29 15 24 41 41 110 3 13 7 23 2 41 62 19 10 53 31 35 9 73 36 48 44 5 93 67 168 29 31 8 19 17 20 5 14 16 41 25 251 28 164 15 50 12 46 956 242 301 348 114 55 53 80 28 103 23 27 5 61 4533 1045 223 113 28 239 60 843 5641 1617 5 16 22 59 434 34 3 17 83 1187 586 184 110 53 51 5 1306 914 276 592 844 723 780 671 49 9 10 54 33 0 0 0 0 0 0 0 0 0 1 0 0 0 1 5 2 0 3 2 8 2 12 6 0 0 2 0 6 0 3 1 6 0 0 1 2 2 0 3 3 4 7 10 2 4 82 34 2 12 47 13 558 241 15 44 185 241 44 365 385 1 1 0 0 1 3 4 160 197 24 1 2 8 3 131 26 374 456 312 33 3 8 18 20 45 17 215 102 1999 1 2 656 518 4 3 0 0 0 1 3
36 3 4 7 13 20 13 21 1 0 2 19 2 30 39 15 0 48 20 6 5 11 9 24 3 1 64 46 88 27 22 11 11 33 13 5 11 24 45 5 167 23 60 31 71 11 25 6170 140 310 7 36 30 16 8 4 87 34 26 8 43 3953 262 72 68 36 72 81 1131 1617 10115 16 18 24 61 760 39 3 28 68 6318 508 36 33 18 7 3 1741 2616 293 605 236 275 444 154 52 19 7 15 32 0 0 0 0 0 0 0 0 0 0 0 0 1 1 8 0 0 1 0 7 1 4 0 0 0 1 3 4 1 3 1 6 0 0 2 5 0 1 4 2 3 1 9 2 1 58 19 1 8 31 6 403 198 16 27 165 201 39 255 305 0 0 0 0 0 1 1 115 154 6 0 5 8 4 113 28 256 348 293 27 3 5 7 20 37 9 180 101 1599 0 2 566 336 2 6 0 1 3 0 2
125 12 11 31 194 400 95 70 800 346 796 2499 193 3 7 10 8 41 83 9 235 221 95 15 66 17 2 2 175 168 131 268 1537 79 2 0 14 126 12 50 122 14 40 400 1096 348 61 19 16 357 8 48 170 35 15 16 32 119 1 0 110 28 19 19 2 119 55 7 28 5 16 4634 1409 1872 193 97 2511 818 1893 63 54 158 125 75 189 41 4 177 96 117 459 27 13 10 24 492 5289 785 36 7 19 44 47 37 24 192 23 20 27 80 397 452 2 3 11 4 10 6 38 22 197 137 56 113 42 2 11 1 4 0 48 2 97 1008 5 429 2 2 388 176 5 32 4 11 147 5 10 1 101 80 28 3 7 1 0 19 18 4 13 4 5 14 14 15 77 2 6 18 1 8 59 13 1 1 13 15 2 3 86 18 1913 1266 749 10 4 1443 3 7 13 12 56 31 2 26 364 36 53 14 0 21
