34992 10855 8455 4258 1378 6794 8531 9449 110 177 29 1183 0 1 7 1 6 2 1 1 173 87 6 8 20 1 14 6 4826 5266 558 58 88 15 2 0 2 25 3 7 2108 9 7 0 3 1 6 31 32 5 231 531 1251 1318 359 260 347 6 0 0 11 41 11 9 14 4 373 4 13 32 21 46 9 6 86 10 9 1 15 27 359 12 2844 775 1435 211 26 68 36 6 36 571 153 19 64 235 27 1500 57 46 3 1 9 9 10 38 0 1 15 15 10 77 0 0 0 0 0 0 0 1 1 0 2 2 0 0 1 0 0 0 10 0 30 53 0 12 0 0 20 6 0 0 0 0 11 0 0 0 3 0 0 2 2 0 0 0 15 4 15 18 1 4 0 1 3 0 0 0 0 0 0 0 0 0 0 0 5 9 2 0 78 29 7 0 0 52 6 1 14 1 0 6 0 4 45 1 0 0 0 0
10855 10013 3460 8682 2633 5094 233 388 29 260 91 1371 0 1 0 1 5 3 1 1 194 64 4 2 5 0 5 10 573 3123 714 29 63 8 1 0 5 11 6 4 991 0 8 0 1 0 3 6 10 2 54 99 187 224 61 98 312 6 0 0 7 10 4 3 10 1 200 1 8 7 6 83 6 13 74 3 16 0 25 6 63 0 615 274 780 170 10 12 8 1 9 104 19 5 13 145 42 118 50 41 10 5 41 23 18 106 5 15 27 56 43 219 0 0 0 0 0 0 0 1 2 0 0 9 2 0 3 0 0 0 19 0 74 132 0 12 0 0 32 3 0 0 0 2 32 0 0 0 7 0 1 0 0 0 0 1 5 1 6 1 1 4 3 10 9 0 0 0 0 0 6 2 0 0 0 0 0 1 1 0 266 42 13 0 0 140 1 0 1 3 1 0 1 12 120 2 7 1 1 0
8455 3460 10922 7212 109 2732 1256 10094 983 7070 392 20058 0 3 8 3 5 3 3 6 332 135 6 7 17 5 10 8 868 335 205 31 115 19 0 0 3 37 7 8 2572 12 16 3 1 2 5 33 24 8 221 396 685 634 252 282 188 8 0 0 13 34 14 9 24 4 422 2 9 36 18 179 18 34 128 9 32 1 44 28 275 18 2138 718 1752 304 23 58 47 8 36 434 118 16 57 185 159 622 106 60 41 14 170 97 76 455 24 52 96 192 166 759 0 0 0 0 2 0 3 0 9 4 3 36 6 0 8 0 0 0 59 2 283 411 0 47 1 0 76 7 0 0 0 5 82 0 3 0 18 0 0 0 1 2 0 1 16 5 13 7 8 7 1 23 20 0 0 0 1 3 10 2 1 0 0 2 4 2 4 0 857 154 54 0 0 419 2 2 11 4 3 7 0 40 504 10 13 1 1 1
4258 8682 7212 12654 7142 8384 176 81 7 53 25 2153 0 2 1 0 1 0 0 0 78 30 0 0 6 1 1 3 341 1754 1493 46 57 2 0 0 1 7 4 2 300 0 1 0 0 0 0 4 2 0 9 27 72 70 18 28 282 1 0 0 2 2 2 0 7 0 73 2 5 2 1 25 2 3 31 0 6 0 11 3 19 2 191 86 253 68 7 6 4 0 1 17 4 1 3 95 15 78 17 22 8 1 10 9 4 46 2 5 7 10 22 65 0 0 0 0 0 0 0 0 0 0 0 3 0 0 1 0 0 0 14 0 32 40 0 7 0 0 5 0 0 0 0 1 7 0 0 0 1 0 0 0 0 0 0 0 0 0 1 0 2 1 0 7 0 0 0 0 0 0 0 0 0 0 0 0 0 0 0 0 97 18 7 0 0 39 0 0 2 0 1 1 0 2 41 0 0 0 0 0
1378 2633 109 7142 19743 7074 496 63 2 25 30 2377 0 2 8 1 6 2 2 7 157 111 29 2 11 0 6 7 2059 4875 18305 1162 843 36 0 0 4 42 7 4 400 2 1 0 1 0 1 6 0 3 45 82 280 391 74 48 2363 16 0 0 5 10 6 3 30 0 164 1 13 3 2 142 29 5 104 3 2 0 31 8 38 2 510 155 334 96 7 5 7 0 7 92 15 3 15 1319 13 349 47 48 1 0 4 4 1 9 2 2 1 8 6 19 0 0 0 0 2 0 0 0 4 1 1 2 2 0 2 0 0 0 5 0 18 30 0 7 0 1 5 3 0 0 0 0 3 0 0 0 3 0 0 0 0 0 0 0 2 1 4 1 3 0 0 0 2 0 0 0 0 0 0 0 0 0 0 1 1 1 1 0 45 16 6 0 0 33 1 0 1 0 2 0 0 5 14 0 0 1 0 0
6794 5094 2732 8384 7074 12758 814 219 43 282 152 16252 0 14 15 2 11 0 2 8 613 353 26 6 37 1 10 31 1533 4412 3822 2168 1134 35 1 0 8 57 27 7 1135 1 8 4 2 2 6 11 10 0 48 101 320 420 79 122 1313 14 0 1 9 21 16 9 49 0 332 1 27 9 4 218 31 28 327 1 21 0 58 3 63 3 822 447 1106 381 24 9 8 0 11 112 25 10 26 1349 103 389 208 91 26 10 103 60 58 304 9 23 67 91 110 583 0 0 0 0 3 1 2 1 14 1 0 19 6 0 11 0 0 0 48 3 206 282 0 38 0 0 50 5 0 0 0 1 61 0 1 0 12 3 1 1 0 0 0 1 5 0 4 1 11 10 5 15 17 0 0 0 0 1 11 7 0 1 0 0 1 0 3 0 620 118 37 1 0 306 3 0 2 1 6 0 0 26 321 3 9 1 3 0
8531 233 1256 176 496 814 10664 10906 1461 1212 111 836 0 1 4 0 2 0 2 0 17 28 1 2 1 1 1 2 2926 900 216 26 42 5 0 0 1 1 1 1 203 0 2 1 5 1 1 5 10 4 71 162 1140 1232 304 46 106 0 0 0 5 17 3 3 3 3 34 0 2 15 3 24 3 0 13 1 32 2 8 9 101 5 901 150 181 25 5 23 13 1 15 158 39 5 16 103 216 4597 14 5 0 0 1 0 0 4 0 1 0 1 2 8 0 0 0 0 0 0 0 0 1 0 0 0 0 0 1 0 0 0 1 0 1 5 0 1 0 0 4 2 0 0 0 0 4 0 0 0 1 0 0 1 2 0 0 1 3 2 4 3 0 1 0 1 0 0 0 0 0 0 0 1 0 0 0 0 2 1 1 0 8 6 1 0 0 8 0 1 5 0 1 1 0 2 5 1 1 0 0 0
9449 388 10094 81 63 219 10906 27932 4129 14754 923 5926 0 0 3 0 0 2 0 0 29 17 3 2 3 0 1 1 254 175 49 11 14 3 0 0 0 1 0 2 892 5 3 1 2 2 2 14 16 6 134 321 643 519 239 159 40 2 0 0 4 20 7 3 5 3 128 2 2 25 10 13 6 3 10 6 9 0 8 14 220 8 1410 309 587 52 10 41 22 5 14 315 78 9 38 38 47 1759 16 10 9 1 29 11 3 58 4 8 12 19 22 85 0 0 0 0 0 0 1 0 3 0 1 4 0 0 2 0 0 0 1 0 28 29 0 7 0 0 3 3 0 0 0 0 6 0 0 0 3 0 0 1 2 0 0 1 7 3 2 7 3 1 1 0 2 0 0 0 0 0 0 0 0 0 0 0 0 3 1 0 58 11 6 0 0 31 0 0 8 1 1 1 0 2 44 3 1 0 0 0
110 29 983 7 2 43 1461 4129 2231 4033 374 529 4 0 0 0 0 0 2 0 4 10 1 0 0 0 0 0 1 4 0 1 10 0 0 0 0 2 0 0 21 0 1 5 69 12 0 1 2 75 3 21 176 19 21 2 2 1 0 0 0 1 0 0 0 31 0 0 0 0 0 231 9 228 0 0 478 14 64 10 20 56 35 4 8 1 0 26 23 19 14 1 1 0 5 4 1482 2605 2 0 1 0 1 0 3 6 1 0 2 2 3 10 0 0 1 0 0 3 7 0 8 7 9 1 0 0 1 0 0 0 2 0 2 12 0 5 0 0 25 4 0 0 0 0 4 0 0 0 13 0 0 0 3 0 0 1 2 0 1 0 0 0 0 1 0 0 0 0 0 4 0 0 1 0 3 1 0 0 2 0 9 23 22 0 1 23 0 0 1 0 0 1 0 0 8 1 1 0 0 0
177 260 7070 53 25 282 1212 14754 4033 33164 13088 34545 1 0 1 0 2 0 0 0 16 10 1 0 1 0 3 0 30 34 20 8 26 2 0 0 0 10 0 1 188 0 2 3 7 0 0 3 1 7 17 46 215 77 42 15 11 1 0 0 1 2 1 1 0 3 19 1 1 5 1 317 3 37 5 0 390 4 38 4 29 8 186 66 110 14 0 7 5 2 6 39 9 4 6 18 1645 1555 6 1 46 3 133 77 32 357 24 53 117 206 140 616 0 1 0 0 1 1 1 0 2 1 2 10 3 0 4 0 0 0 14 2 163 164 0 9 0 0 23 2 0 0 0 1 30 0 3 0 3 2 0 0 0 2 0 3 0 3 2 3 3 3 2 12 8 0 0 0 0 2 6 2 1 1 0 0 1 0 10 0 456 40 72 0 0 260 3 1 5 2 6 1 0 12 511 11 7 1 0 0
29 91 392 25 30 152 111 923 374 13088 5493 7178 1 0 1 1 5 0 1 0 29 25 7 0 3 0 0 1 17 23 14 19 74 4 0 0 0 7 0 0 101 0 0 3 2 1 0 0 0 0 5 8 38 17 11 6 15 0 0 0 0 1 1 0 1 0 13 0 1 0 1 416 6 54 5 0 193 2 48 0 9 0 51 7 38 11 2 2 0 1 0 9 2 1 2 33 2065 228 9 1 24 10 115 60 47 367 11 31 75 126 125 548 0 0 1 0 2 0 0 0 1 3 3 29 8 1 4 0 0 0 38 2 198 305 0 24 0 0 45 9 0 0 0 5 63 0 0 1 2 0 0 0 0 4 0 4 0 2 1 1 12 6 6 26 16 0 0 0 0 1 11 6 3 1 0 2 0 0 6 0 664 109 51 0 0 407 4 0 5 4 5 2 0 27 482 3 8 0 0 2
1183 1371 20058 2153 2377 16252 836 5926 529 34545 7178 18869 1 17 16 0 20 4 4 4 814 577 51 3 45 1 10 24 850 1518 1359 1057 4515 48 0 1 5 98 18 3 1439 4 8 5 4 3 5 5 8 2 49 86 272 295 74 107 624 16 1 1 8 16 9 10 45 1 358 3 35 9 9 575 46 121 387 3 87 2 86 7 61 6 733 387 1083 355 36 10 12 1 10 102 28 2 23 1435 1348 530 253 88 116 43 493 258 204 1262 52 145 276 496 423 2345 1 0 1 0 5 4 2 2 12 12 9 93 21 2 21 0 0 0 151 10 891 1090 0 77 0 0 157 18 0 0 1 11 191 0 8 0 20 4 0 0 0 6 0 11 4 13 10 2 32 21 11 62 54 2 0 0 0 4 24 18 3 0 0 1 0 0 14 1 2560 375 137 0 1 1328 6 5 7 10 20 3 0 102 1598 31 38 4 2 3
0 0 0 0 0 0 0 0 4 1 1 1 5748 0 0 4 36 513 3978 23 0 1 1 2 0 0 1 0 0 0 0 1 1 0 0 0 1 154 1 0 1 0 5 5842 3340 2952 0 4 8 105 1 2 0 0 1 0 0 0 0 0 27 3 2 2 0 1575 0 0 1 0 0 34 177 464 0 0 195 427 320 4 8 28 1 0 0 0 0 26 63 91 691 4 0 0 17 0 28 4 0 0 0 1 1 0 0 0 0 0 0 0 0 0 0 4 413 4 3 35 5 342 17 362 9 1 0 0 0 9 0 6 1 0 1 1 2 3 0 1 8 8 109 2 66 1 1 3 13 3 24 1284 2 1 14 0 0 11 0 0 1 0 0 0 0 1 6 2 57 29 3 327 0 1 7 2 27 128 2 5 182 9 1 7 76 2 8 11 0 2 1 0 1 51 3 5 3 0 0 0 0 0
1 1 3 2 2 14 1 0 0 0 0 17 0 7400 6168 109 373 66 5 10 5 17 105 85 13 8 1759 1467 23 13 82 2 0 342 3781 6616 1596 40 227 1257 704 36 51 0 0 0 415 18 18 1 0 0 4 7 3 1 54 794 707 2819 35 36 32 119 464 0 29 1026 108 9 4 0 0 0 1405 4 0 0 0 0 8 0 8 4 6 1 107 7 7 3 20 69 1 8 72 222 1 0 3 3 0 0 0 0 0 0 0 0 0 0 0 0 0 0 1 0 0 0 0 1 2 0 0 0 1 0 0 0 0 0 0 0 0 0 0 0 0 0 0 0 0 0 0 0 0 0 0 0 0 1 0 0 1 0 0 0 0 0 0 0 0 0 0 0 0 0 0 1 0 0 0 0 0 0 0 1 0 0 1 0 0 0 0 0 0 0 3 0 1 0 0 2 0 1 0 0 1 0 0 1
7 0 8 1 8 15 4 3 0 1 1 16 0 6168 13997 8385 149 1692 12 63 13 62 312 249 13 45 1344 4084 36 18 131 6 17 221 830 513 475 48 844 820 1671 113 199 2 1 4 237 56 68 2 10 7 7 16 4 2 91 886 236 851 91 122 92 128 832 1 32 958 529 38 11 4 2 2 1951 53 1 0 0 1 33 1 17 11 14 7 99 34 41 13 84 335 8 53 267 521 0 1 8 3 0 1 0 0 2 0 0 0 0 0 0 0 1 3 4 1 1 2 5 8 6 12 5 0 2 0 2 1 0 0 0 1 0 2 0 0 0 0 3 3 3 1 3 0 0 0 1 0 11 6 3 2 1 0 0 1 1 0 0 4 0 0 0 0 0 0 0 0 0 0 0 0 0 1 1 7 1 1 9 0 0 1 2 0 2 5 0 0 9 0 0 6 1 0 0 0 1 0 1 3
1 1 3 0 1 2 0 0 0 0 1 0 4 109 8385 16381 693 2929 2113 1992 4 22 116 115 4 16 435 1831 2 0 11 2 40 17 16 3 165 341 2214 82 1085 85 112 10 0 19 19 146 35 3 5 1 2 4 0 1 14 58 10 31 406 216 139 105 655 0 11 95 1114 54 34 1 19 19 132 95 0 0 0 0 29 1 9 2 3 3 12 24 45 8 126 141 3 28 206 44 1 0 5 0 0 0 0 0 0 0 0 0 0 0 0 1 9 5 62 12 4 71 20 133 74 534 46 9 0 0 5 3 0 45 0 1 0 4 0 3 14 4 13 41 36 38 44 2 3 2 6 16 100 89 6 1 7 0 0 0 0 1 1 2 1 0 0 0 0 3 7 18 3 3 1 2 1 3 2 30 1 3 29 1 3 1 59 2 3 17 0 0 6 4 0 9 2 1 1 1 3 0 0 1
6 5 5 1 6 11 2 0 0 2 5 20 36 373 149 693 3722 1138 2442 1076 257 851 518 144 56 40 143 103 18 14 49 27 45 254 69 264 2745 1203 246 465 1403 20 60 16 30 215 102 21 14 9 8 5 9 4 1 5 25 863 136 782 378 32 24 33 50 10 21 361 128 13 8 39 21 122 1576 11 11 0 15 2 15 6 36 13 85 43 25 14 17 3 122 53 2 12 90 566 5 3 76 7 4 6 3 3 15 14 0 9 0 3 9 12 27 24 35 21 82 63 200 47 753 429 450 118 120 6 162 16 4 58 7 8 33 51 9 102 35 42 402 477 15 351 27 5 63 12 8 1 866 52 143 3 2 2 1 5 1 4 1 3 11 17 8 4 26 44 7 34 12 9 67 41 26 31 5 30 1 3 22 2 49 227 299 56 2 430 0 2 6 79 23 6 7 44 76 2 94 34 46 99
2 3 3 0 2 0 0 2 0 0 0 4 513 66 1692 2929 1138 11863 4835 1147 16 38 87 426 14 10 749 361 9 4 9 8 136 16 13 10 193 1638 5226 63 820 61 887 331 21 3392 23 347 35 5 5 4 4 5 3 0 12 39 5 17 6522 430 268 716 299 98 26 41 1129 124 84 42 203 108 109 207 5 0 18 3 58 5 14 10 8 15 16 42 56 17 740 138 7 29 461 63 2 0 8 2 1 0 0 0 4 0 1 2 0 0 2 3 2 97 1094 11 12 197 56 1249 171 2339 76 4 2 3 3 74 1 155 7 13 5 11 17 36 9 4 63 124 642 16 981 4 4 17 21 91 244 1998 25 2 15 1 1 8 0 0 1 4 2 3 1 1 23 7 131 281 33 186 2 12 59 34 19 558 9 9 233 9 13 24 241 20 7 70 3 4 10 3 2 24 9 21 22 0 1 0 0 3
1 1 3 0 2 2 2 0 2 0 1 4 3978 5 12 2113 2442 4835 48425 11106 91 311 132 50 15 16 45 18 2 0 0 4 92 11 0 0 15 4273 48 63 175 16 90 2347 730 4666 6 10 9 64 2 18 1 0 0 2 2 7 1 1 703 15 13 38 10 294 4 6 20 11 5 15 139 4933 34 4 17 6 41 17 41 51 8 1 28 12 5 70 58 95 1180 22 3 3 54 27 19 0 24 2 7 4 2 3 10 8 0 8 1 1 0 12 84 191 1338 70 206 2116 723 3864 1607 10897 2044 91 84 23 229 71 5 333 9 21 18 35 26 80 154 59 431 873 663 439 726 4 50 40 30 190 2196 2093 129 10 12 2 2 17 4 4 1 6 4 6 5 1 17 64 118 216 38 237 43 31 26 31 24 321 2 7 291 22 45 148 2562 39 16 386 3 5 12 43 18 32 15 33 67 3 60 13 18 45
1 1 6 0 7 8 0 0 0 0 0 4 23 10 63 1992 1076 1147 11106 3922 100 265 205 144 18 50 129 20 5 4 18 9 15 67 15 1 31 43 164 468 428 21 100 1 11 67 43 11 18 2 1 1 1 6 2 0 15 192 7 31 239 35 13 27 15 4 7 63 33 10 2 12 8 69 476 6 2 0 3 0 4 1 9 2 24 8 7 16 9 3 50 87 0 10 88 233 2 0 15 3 0 1 0 0 2 0 0 2 0 0 1 2 30 20 30 20 31 78 108 39 399 529 251 59 42 3 70 14 3 69 3 3 4 4 4 24 41 24 71 189 1 226 16 0 11 6 2 0 461 11 64 4 0 0 0 1 0 2 0 1 1 0 0 1 4 22 4 13 6 1 14 9 8 17 6 9 1 1 5 0 11 38 160 19 1 113 3 0 1 21 7 2 2 8 20 3 27 5 19 28
173 194 332 78 157 613 17 29 4 16 29 814 0 5 13 4 257 16 91 100 9552 11468 3008 94 341 111 47 16 156 150 522 127 382 199 2 0 94 549 15 150 1345 20 60 16 0 9 40 10 5 1 6 7 29 44 23 995 298 55 0 4 41 40 46 23 44 1 51 31 21 17 2 389 128 19 618 5 21 0 153 2 6 1 436 48 3944 372 210 9 10 2 38 42 1 19 130 1272 41 21 1063 107 1 0 3 1 4 11 0 2 2 4 6 19 1 1 2 1 23 13 43 2 60 32 67 24 9 1 16 1 0 1 6 0 12 54 3 47 3 5 116 84 1 11 0 0 23 1 0 0 61 3 4 1 1 1 0 0 0 0 0 0 1 5 1 3 5 1 0 2 1 0 8 5 1 0 1 4 1 0 0 0 57 78 30 1 0 75 0 0 0 3 4 1 0 12 13 0 7 3 4 8
87 64 135 30 111 353 28 17 10 10 25 577 1 17 62 22 851 38 311 265 11468 30589 5244 1094 8179 2235 637 38 168 135 423 121 511 247 27 2 246 1201 47 4114 1149 118 934 56 2 38 589 46 144 4 12 18 66 93 16 155 339 78 7 12 284 389 443 253 171 3 411 102 82 160 9 539 227 41 651 31 15 0 255 0 26 3 445 312 4395 1579 791 59 84 30 226 390 9 183 1686 1304 41 22 5098 363 1 0 2 2 5 8 0 2 0 3 5 17 5 4 2 4 58 62 123 5 135 101 228 42 21 6 58 1 0 8 2 0 16 40 8 48 6 6 187 219 5 35 0 1 21 1 0 0 159 7 22 3 7 1 0 3 0 0 1 1 3 3 1 4 15 8 2 1 2 1 14 4 5 5 1 9 3 5 12 1 37 86 61 8 4 107 1 0 13 10 3 14 1 14 13 0 18 5 5 10
6 4 6 0 29 26 1 3 1 1 7 51 1 105 312 116 518 87 132 205 3008 5244 9678 7805 147 4114 924 61 23 20 47 41 202 528 13 2 384 540 60 2517 10527 1265 987 10 1 15 101 41 210 1 3 4 7 14 4 9 36 65 9 22 100 106 70 25 24 2 46 69 36 40 12 192 68 6 262 17 14 1 71 0 15 4 41 26 95 33 158 53 66 13 115 393 8 54 582 278 10 3 117 9 1 0 1 0 1 2 0 1 0 2 1 6 0 0 0 1 4 9 14 0 27 17 41 2 4 0 7 1 0 3 2 0 1 14 0 7 0 2 22 18 0 11 4 1 5 0 0 0 23 0 6 3 3 0 0 2 0 1 1 2 0 1 0 1 0 1 0 2 1 0 1 0 2 1 2 5 0 2 6 2 19 7 2 0 3 25 1 1 13 0 3 9 1 7 5 0 5 1 3 3
8 2 7 0 2 6 2 2 0 0 0 3 2 85 249 115 144 426 50 144 94 1094 7805 20120 360 4834 4772 64 36 5 10 0 4 8 147 8 51 34 159 6156 3869 3619 1844 4 5 109 619 36 322 4 18 7 16 36 4 8 76 19 82 11 712 145 82 114 97 3 186 137 59 69 9 5 2 2 36 27 3 0 2 3 33 3 42 69 79 76 230 53 76 17 329 559 12 52 686 24 0 0 108 31 0 0 0 0 0 0 0 0 0 0 0 0 0 0 3 0 0 1 1 2 2 0 1 0 0 0 0 0 0 0 0 0 0 1 0 1 0 1 3 0 0 0 0 0 0 0 2 0 0 14 0 4 4 0 0 1 0 0 0 4 0 0 0 0 0 0 1 1 0 3 0 0 0 1 2 4 1 5 14 4 0 0 0 0 1 1 0 0 12 0 0 5 3 0 0 0 0 0 0 0
20 5 17 6 11 37 1 3 0 1 3 45 0 13 13 4 56 14 15 18 341 8179 147 360 8940 85 511 71 47 15 37 11 30 14 64 1 22 81 9 2421 210 32 568 7 1 15 2589 16 26 3 5 9 53 79 8 31 148 7 30 2 164 185 287 352 214 1 407 96 35 56 2 21 15 5 47 7 4 0 16 0 12 1 234 282 850 752 1308 16 15 4 120 100 8 68 778 77 2 5 3279 498 0 0 0 0 0 0 0 0 0 0 0 0 0 0 0 0 8 5 9 2 13 6 15 3 0 0 6 0 0 1 0 0 1 3 0 7 0 0 14 16 0 2 0 0 3 0 1 0 18 4 3 2 1 0 0 0 0 0 0 0 0 0 0 0 0 0 0 0 0 2 0 0 0 1 0 2 1 0 5 0 2 3 7 0 1 4 1 0 3 0 0 3 0 0 2 0 2 0 0 1
1 0 5 1 0 1 1 0 0 0 0 1 0 8 45 16 40 10 16 50 111 2235 4114 4834 85 3098 880 3 5 0 2 0 3 1 5 2 14 16 6 3335 1088 40 200 0 0 1 35 1 18 0 3 0 7 7 0 2 5 2 1 1 18 20 13 10 6 0 48 3 4 8 1 1 1 0 3 4 0 0 2 0 6 0 16 25 62 39 32 2 8 0 21 29 3 5 99 3 0 0 72 4 0 0 0 0 0 0 0 0 0 0 0 0 0 0 0 0 0 0 0 0 0 1 2 0 0 0 0 0 0 0 0 0 0 0 0 1 0 0 1 1 0 0 0 0 0 0 1 0 0 0 0 0 1 0 0 0 0 0 0 0 0 0 0 0 0 0 0 1 0 0 0 0 0 0 0 0 0 0 1 0 0 0 0 0 0 1 0 1 0 0 0 0 0 0 0 0 0 0 0 0
14 5 10 1 6 10 1 1 0 3 0 10 1 1759 1344 435 143 749 45 129 47 637 924 4772 511 880 24287 6762 222 55 103 1 7 172 3208 604 543 43 334 5299 1016 143 1598 4 2 53 2309 25 62 2 7 9 61 157 14 5 422 464 880 556 283 71 101 2041 487 1 797 1939 72 38 3 2 3 1 655 10 0 0 1 1 9 0 151 146 103 127 1186 22 35 6 93 136 7 25 282 116 1 0 201 73 0 0 0 0 0 0 0 0 0 0 0 0 0 0 8 0 0 0 0 6 0 2 0 0 0 0 1 0 0 1 0 0 1 0 0 0 0 0 1 0 3 0 3 0 0 1 0 0 0 33 0 0 1 0 0 1 1 0 1 2 0 0 0 0 0 0 3 0 0 0 0 0 2 0 2 4 0 1 8 3 0 1 0 0 0 2 0 0 3 0 0 3 1 1 0 0 0 0 0 0
6 10 8 3 7 31 2 1 0 0 1 24 0 1467 4084 1831 103 361 18 20 16 38 61 64 71 3 6762 12341 203 51 218 4 2 158 266 218 452 21 11301 184 433 41 105 0 1 43 767 105 14 2 4 3 45 74 9 6 335 577 376 437 394 162 153 806 2504 1 318 1955 715 50 25 0 2 1 1306 44 0 0 0 1 20 0 50 42 29 24 595 10 40 6 142 62 3 23 166 217 0 0 57 41 0 0 0 0 0 0 0 1 0 0 0 0 0 0 40 0 0 1 0 52 2 24 2 0 0 0 1 7 0 4 1 1 0 0 1 1 0 0 2 3 34 0 38 0 2 0 1 1 5 157 1 2 1 1 0 2 0 0 0 1 0 0 0 0 0 0 5 10 2 8 0 1 2 0 2 33 0 3 29 7 0 0 1 0 5 1 1 2 1 0 0 8 3 3 0 0 0 0 0 0
4826 573 868 341 2059 1533 2926 254 1 30 17 850 0 23 36 2 18 9 2 5 156 168 23 36 47 5 222 203 36636 11345 3380 135 177 21 19 2 10 22 70 87 338 11 83 0 2 8 87 18 10 3 79 170 2609 11764 346 38 3178 14 7 3 77 106 158 120 381 0 6307 43 142 53 7 45 14 3 797 3 0 0 11 11 85 3 2067 733 294 86 225 17 17 7 37 189 41 25 208 2378 11 5930 267 1172 0 1 4 2 4 7 0 1 0 3 1 13 0 0 0 0 1 0 2 1 0 0 0 1 1 0 0 0 0 0 2 0 5 22 0 7 0 0 7 2 0 0 0 0 5 0 0 0 5 3 0 0 1 1 0 1 6 5 2 4 0 0 0 1 1 0 0 1 0 0 1 0 1 0 1 2 2 3 5 0 29 12 1 1 1 12 1 0 3 0 0 5 0 4 9 0 0 0 0 0
5266 3123 335 1754 4875 4412 900 175 4 34 23 1518 0 13 18 0 14 4 0 4 150 135 20 5 15 0 55 51 11345 22005 8129 179 249 25 9 0 10 30 28 9 545 3 7 1 0 0 14 8 13 2 80 173 686 1057 142 71 4067 7 1 4 16 31 42 17 98 0 545 6 53 19 4 58 14 3 369 5 0 1 15 4 80 8 1075 292 487 84 35 14 10 0 17 136 46 9 47 1593 10 623 78 277 3 4 4 5 2 11 1 0 1 1 4 27 0 0 0 0 0 0 0 0 0 0 1 2 0 0 1 0 0 0 2 0 13 22 1 8 0 0 10 3 0 0 0 0 4 0 0 0 5 1 0 0 2 0 0 2 5 1 5 5 2 0 0 0 0 0 1 0 0 0 0 1 0 0 0 0 1 1 1 0 25 9 5 0 1 22 1 1 6 2 0 2 0 4 10 0 2 0 0 0
558 714 205 1493 18305 3822 216 49 0 20 14 1359 0 82 131 11 49 9 0 18 522 423 47 10 37 2 103 218 3380 8129 28064 139 246 32 10 8 28 52 144 23 1032 6 38 0 1 6 18 26 6 0 55 89 443 717 92 109 16835 25 3 9 32 68 86 65 393 2 1977 17 235 18 11 62 10 3 2528 6 2 1 11 5 54 3 986 655 1171 559 60 12 12 2 23 118 27 11 100 11382 10 228 916 5561 1 0 4 2 1 5 0 1 1 3 3 10 1 0 1 0 0 0 0 1 2 0 0 3 0 0 1 0 0 0 1 0 5 18 0 4 0 0 11 3 0 0 0 0 1 0 2 0 5 1 0 1 0 0 0 0 2 1 4 2 1 1 0 1 1 0 1 0 0 0 1 0 0 0 1 4 0 1 2 0 25 12 6 0 0 19 0 0 3 1 1 3 0 2 9 0 2 0 1 0
58 29 31 46 1162 2168 26 11 1 8 19 1057 1 2 6 2 27 8 4 9 127 121 41 0 11 0 1 4 135 179 139 6707 4355 1790 0 0 16 552 10 1 202 0 1 1 0 2 0 3 2 1 4 16 36 22 7 11 66 3929 3 2 5 2 0 1 4 0 24 8 10 4 2 632 275 10 1545 2 4 0 105 0 9 0 98 34 94 29 8 2 2 1 3 18 5 1 5 8860 12 22 26 4 2 5 15 4 4 46 3 6 4 10 11 77 0 0 0 0 0 0 1 3 3 1 2 8 1 0 3 0 0 0 12 0 27 61 0 14 0 0 42 4 1 1 0 1 17 0 0 0 7 0 0 1 0 0 0 1 0 0 0 1 3 2 1 9 4 1 1 0 0 0 0 2 0 0 0 1 0 0 0 1 105 41 5 0 0 70 0 1 1 0 3 0 0 7 27 2 3 1 0 1
88 63 115 57 843 1134 42 14 10 26 74 4515 1 0 17 40 45 136 92 15 382 511 202 4 30 3 7 2 177 249 246 4355 11203 2340 1 0 27 3981 15 9 584 0 6 21 10 32 1 5 3 7 8 51 74 55 25 37 109 993 2 11 72 8 8 2 9 2 71 8 12 3 2 2805 1826 196 1259 3 87 4 381 5 29 3 218 75 220 62 10 8 3 3 20 44 9 3 18 4091 149 39 84 8 15 7 41 38 51 115 8 13 30 48 48 253 1 0 3 0 21 12 28 8 104 19 33 69 34 2 30 1 0 2 60 5 168 469 6 252 3 3 622 128 2 15 0 2 131 0 4 2 217 15 13 1 1 1 0 0 1 13 2 1 15 21 2 23 48 4 0 3 0 3 18 19 24 4 1 2 3 0 11 0 609 587 124 13 1 550 1 3 3 16 16 2 1 66 155 4 47 7 10 11
15 8 19 2 36 35 5 3 0 2 4 48 0 342 221 17 254 16 11 67 199 247 528 8 14 1 172 158 21 25 32 1790 2340 8037 137 97 3124 1089 92 67 568 1 15 5 1 3 425 10 2 0 13 38 37 24 20 24 35 5788 2112 4439 19 14 19 38 110 0 30 1561 64 6 4 543 181 25 6135 3 9 0 120 1 33 0 154 50 104 36 30 6 2 1 8 38 9 3 22 2313 4 1 44 6 2 4 8 1 9 15 1 2 5 4 4 35 0 0 1 0 5 3 8 2 30 2 10 19 9 0 15 0 0 0 8 0 31 108 3 85 1 0 162 51 0 4 0 0 45 0 1 1 56 4 3 1 0 1 0 0 1 0 1 1 4 1 0 7 18 1 0 0 0 2 4 3 4 0 1 1 0 1 1 0 108 138 15 3 0 120 0 1 1 3 6 2 0 14 10 1 12 2 3 1
2 1 0 0 0 1 0 0 0 0 0 0 0 3781 830 16 69 13 0 15 2 27 13 147 64 5 3208 266 19 9 10 0 1 137 3992 1969 526 16 25 2097 39 4 204 0 0 6 618 2 2 0 0 1 5 13 1 0 21 184 1259 496 12 12 27 272 121 0 67 570 14 5 0 0 0 0 166 1 0 0 0 0 0 0 15 7 6 1 205 0 3 0 5 6 1 1 119 11 0 0 8 6 0 0 0 0 0 0 0 0 0 0 0 0 0 0 0 0 0 0 0 0 0 0 1 0 0 0 0 0 0 0 0 0 0 0 0 0 0 0 0 0 0 0 0 0 0 0 0 0 0 1 0 0 0 0 0 0 0 0 0 0 0 0 0 0 0 0 0 0 0 0 0 0 0 0 0 1 1 0 1 0 0 0 0 0 0 0 0 0 0 0 0 0 0 0 0 0 0 0 0 0
0 0 0 0 0 0 0 0 0 0 0 1 0 6616 513 3 264 10 0 1 0 2 2 8 1 2 604 218 2 0 8 0 0 97 1969 628 597 11 38 234 21 1 15 0 0 0 185 2 0 0 0 0 2 1 0 0 2 78 672 707 2 2 11 66 67 0 5 115 11 3 0 0 0 0 92 0 0 0 0 0 0 0 1 3 1 0 14 0 0 0 1 1 0 1 13 8 0 0 2 0 0 0 0 0 0 0 0 0 0 0 0 0 0 0 1 0 0 0 0 0 0 1 0 0 0 0 0 0 0 0 0 0 0 0 0 0 0 0 0 0 0 0 0 0 0 0 0 0 0 2 0 0 0 0 0 0 0 0 0 0 0 0 0 0 0 0 0 0 0 0 0 0 0 0 0 1 0 0 0 0 0 0 0 0 0 0 0 0 0 0 0 0 0 0 0 0 0 0 0 0
2 5 3 1 4 8 1 0 0 0 0 5 1 1596 475 165 2745 193 15 31 94 246 384 51 22 14 543 452 10 10 28 16 27 3124 526 597 5125 1279 358 307 1065 11 72 0 0 7 708 30 9 0 0 1 5 7 1 7 18 1394 2389 3157 83 33 30 118 216 0 22 1161 184 11 6 30 10 9 1514 16 6 0 10 0 7 1 32 13 50 20 34 6 8 1 31 28 1 6 63 351 0 1 45 10 3 1 3 2 8 5 0 1 1 1 3 9 0 2 4 0 17 4 22 3 99 8 33 14 24 1 22 0 0 3 3 4 14 35 0 36 0 0 145 96 3 18 3 1 12 2 2 0 122 4 22 2 0 0 0 1 0 1 1 0 1 3 2 2 10 2 1 1 1 0 11 8 7 2 2 4 2 2 5 2 27 114 33 11 0 103 1 1 0 15 4 0 2 25 17 0 18 8 14 16
25 11 37 7 42 57 1 1 2 10 7 98 154 40 48 341 1203 1638 4273 43 549 1201 540 34 81 16 43 21 22 30 52 552 3981 1089 16 11 1279 14747 93 69 793 13 45 1051 76 795 52 12 6 16 9 51 49 37 17 24 36 1271 168 221 788 23 13 15 17 66 43 180 25 11 4 1273 1772 662 1887 2 148 12 287 12 41 19 179 82 301 116 24 24 21 17 450 51 11 2 58 1519 31 7 215 15 10 17 12 13 81 72 3 27 10 17 30 108 26 22 90 23 162 159 288 151 1178 540 653 252 268 16 326 12 1 43 43 21 182 547 21 636 27 35 1836 1041 51 327 42 7 202 10 30 6 1665 286 206 5 8 4 0 13 4 9 9 3 37 45 10 21 128 53 21 27 11 42 137 57 81 54 11 62 5 6 84 7 429 1526 716 96 9 1494 18 2 12 140 67 10 8 197 293 12 215 53 90 175
3 6 7 4 7 27 1 0 0 0 0 18 1 227 844 2214 246 5226 48 164 15 47 60 159 9 6 334 11301 70 28 144 10 15 92 25 38 358 93 5810 56 441 57 393 2 1 51 122 521 28 2 8 3 17 25 4 4 115 472 80 260 11704 433 275 337 6193 10 104 902 2001 128 92 7 11 1 1317 443 0 0 2 0 60 1 17 17 15 8 166 35 54 7 838 81 2 48 327 341 1 1 27 7 0 2 1 0 1 0 0 0 0 0 1 1 1 9 183 4 2 6 2 104 22 128 6 2 2 0 2 6 0 9 7 5 2 4 4 10 1 2 14 20 88 5 127 2 1 4 35 5 19 535 6 5 15 1 0 5 1 1 1 4 1 1 1 1 5 2 57 62 7 34 2 2 20 8 16 223 3 9 168 17 1 11 11 5 17 25 2 1 10 1 1 18 6 7 4 0 0 0 1 1
7 4 8 2 4 7 1 2 0 1 0 3 0 1257 820 82 465 63 63 468 150 4114 2517 6156 2421 3335 5299 184 87 9 23 1 9 67 2097 234 307 69 56 7101 1103 103 1861 1 0 6 2047 14 40 2 7 3 68 98 5 8 143 74 306 160 91 69 118 842 92 0 531 487 51 24 1 3 3 0 94 6 2 0 4 2 7 0 151 215 168 206 672 13 14 1 57 96 2 32 698 24 0 0 253 40 0 0 0 0 0 0 0 0 0 0 0 0 0 0 0 0 1 2 1 1 1 2 1 0 0 0 1 0 0 0 0 0 0 0 0 0 0 0 1 3 2 0 0 0 0 0 0 0 1 3 0 1 2 0 0 0 0 0 0 0 0 0 0 0 0 0 1 0 0 0 0 0 0 0 0 0 1 0 2 0 0 1 0 0 0 0 0 0 2 0 0 2 0 0 0 0 0 0 0 0
2108 991 2572 300 400 1135 203 892 21 188 101 1439 1 704 1671 1085 1403 820 175 428 1345 1149 10527 3869 210 1088 1016 433 338 545 1032 202 584 568 39 21 1065 793 441 1103 6402 4307 2405 40 78 150 163 567 1597 67 354 348 69 94 1059 1100 847 248 22 49 1377 656 309 245 329 35 222 129 497 208 128 432 173 62 1337 502 60 5 167 18 456 27 905 120 509 147 160 449 1156 277 2281 2674 220 176 1307 1509 85 56 282 128 2 3 17 5 24 35 0 2 6 16 12 72 1 2 10 0 7 6 24 7 51 9 33 47 25 2 16 0 0 3 21 1 56 206 3 142 1 2 305 85 2 15 5 1 53 2 13 1 139 40 10 17 72 3 1 20 21 17 49 49 10 8 3 13 28 1 7 11 8 11 12 9 18 2 33 17 24 38 174 9 216 305 54 6 24 303 18 10 135 5 9 137 19 43 50 3 22 3 9 5
9 0 12 0 2 1 0 5 0 0 0 4 0 36 113 85 20 61 16 21 20 118 1265 3619 32 40 143 41 11 3 6 0 0 1 4 1 11 13 57 103 4307 6690 7899 3 2 43 33 38 554 3 10 1 3 4 2 3 11 10 0 4 628 41 23 51 121 3 44 22 221 23 8 2 4 2 35 74 2 0 1 1 17 0 17 17 16 16 33 30 72 25 863 462 9 22 389 12 0 0 25 3 0 0 0 0 0 0 0 0 0 0 0 0 0 0 2 0 0 1 0 0 0 0 1 0 0 0 0 0 0 0 0 0 0 1 0 0 0 0 0 0 1 0 1 0 0 3 2 0 2 15 0 0 2 0 0 0 1 0 1 5 0 0 0 0 0 0 0 4 1 4 0 0 0 0 5 9 2 1 38 6 0 1 0 0 2 0 0 1 7 0 0 8 2 0 0 0 0 0 0 0
7 8 16 1 1 8 2 3 1 2 0 8 5 51 199 112 60 887 90 100 60 934 987 1844 568 200 1598 105 83 7 38 1 6 15 204 15 72 45 393 1861 2405 7899 6165 19 25 354 994 117 2038 19 25 13 35 69 8 15 161 34 133 17 3521 336 478 2895 588 21 393 294 539 122 27 3 15 4 119 254 8 1 6 3 67 1 78 127 118 116 531 98 326 144 3618 1172 17 167 4317 60 4 1 212 56 0 0 0 0 0 0 0 0 0 0 0 0 0 0 13 0 0 0 0 2 1 4 2 1 0 0 2 0 0 0 0 0 0 0 0 1 0 0 2 0 2 0 0 1 1 3 10 1 4 45 1 10 25 0 0 7 1 2 2 7 0 0 0 0 0 0 7 7 0 14 0 0 0 0 26 28 3 12 135 14 0 2 4 0 21 2 0 3 13 0 0 61 4 2 1 0 0 0 0 0
0 0 3 0 0 4 1 1 5 3 3 5 5842 0 2 10 16 331 2347 1 16 56 10 4 7 0 4 0 0 1 0 1 21 5 0 0 0 1051 2 1 40 3 19 9630 3392 2431 0 11 7 462 10 41 0 1 1 0 1 2 0 0 208 2 9 3 2 516 2 0 10 6 2 256 4778 3414 2 11 574 791 3771 46 103 224 3 1 5 4 2 217 250 347 1158 11 1 2 53 6 38 3 13 0 3 2 0 1 18 2 0 3 1 3 5 7 17 20 244 14 89 326 216 528 551 1472 567 51 54 6 71 8 1 35 0 4 16 33 8 52 24 8 282 360 96 163 56 2 37 8 35 17 764 479 43 12 38 1 0 36 3 3 8 11 5 7 0 1 9 23 39 29 12 95 30 6 24 17 41 70 7 14 250 23 53 171 779 26 29 330 6 9 23 31 3 97 15 24 82 2 43 25 20 41
3 1 1 0 1 2 5 2 69 7 2 4 3340 0 1 0 30 21 730 11 0 2 1 5 1 0 2 1 2 0 1 0 10 1 0 0 0 76 1 0 78 2 25 3392 11101 2110 0 45 19 2566 4 47 6 0 3 2 0 0 0 0 15 24 23 2 2 3310 0 0 10 9 12 165 434 345 2 13 2395 705 1515 57 273 1029 1 1 1 0 2 1425 1470 5296 3137 36 3 8 114 1 507 51 1 1 0 0 0 0 0 2 0 2 0 0 2 2 0 0 189 0 0 3 1 14 8 13 4 1 0 1 2 3 2 3 4 3 1 9 0 7 0 0 12 4 9 3 4 11 6 72 511 27 42 464 2 69 323 10 3 260 14 6 24 57 1 1 0 0 1 2 63 113 67 664 0 0 9 2 332 287 25 78 3018 253 7 13 46 4 214 40 14 114 171 0 1 877 83 6 7 0 0 1 0 0
1 0 2 0 0 2 1 2 12 0 1 3 2952 0 4 19 215 3392 4666 67 9 38 15 109 15 1 53 43 8 0 6 2 32 3 6 0 7 795 51 6 150 43 354 2431 2110 3676 33 18 9 11 1 3 8 11 1 2 25 3 0 0 765 19 14 336 195 2642 31 21 61 17 13 36 312 199 14 6 269 39 229 2 23 5 11 13 13 17 26 24 33 44 2018 27 2 3 110 9 53 7 17 7 0 3 0 0 2 0 0 7 0 0 4 1 1 17 2007 6 9 24 32 800 80 578 33 2 2 2 0 29 3 35 24 29 2 6 18 29 4 0 41 48 362 11 414 13 3 46 451 48 178 4920 33 25 57 3 0 36 0 0 2 13 6 8 4 6 21 12 430 333 39 1437 11 17 90 45 90 1335 8 27 1890 189 4 27 143 26 153 154 4 6 27 4 4 59 30 30 54 0 2 0 4 0
6 3 5 0 1 6 1 2 0 0 0 5 0 415 237 19 102 23 6 43 40 589 101 619 2589 35 2309 767 87 14 18 0 1 425 618 185 708 52 122 2047 163 33 994 0 0 33 3353 16 20 1 5 0 36 67 3 7 154 189 747 304 185 147 375 1015 1027 0 491 1108 197 46 5 1 4 0 164 7 0 0 1 0 7 0 78 132 130 160 1799 5 16 2 105 37 0 54 918 16 0 0 278 64 0 0 0 0 0 0 0 0 0 0 1 0 0 0 1 0 0 0 0 0 1 0 1 0 0 0 0 0 0 0 1 0 0 2 0 0 0 0 3 0 1 0 0 0 0 0 1 0 3 6 0 1 2 0 0 1 0 0 0 0 0 0 0 0 0 0 3 2 0 1 0 0 0 0 0 2 0 2 7 1 0 0 0 1 0 1 0 0 2 0 0 3 0 0 0 0 0 0 0 0
31 6 33 4 6 11 5 14 1 3 0 5 4 18 56 146 21 347 10 11 10 46 41 36 16 1 25 105 18 8 26 3 5 10 2 2 30 12 521 14 567 38 117 11 45 18 16 33830 219 52 13 47 4 9 4 14 23 33 2 9 469 6578 547 46 222 14 28 49 5281 955 7457 5 5 4 132 13309 6 2 3 18 2470 36 22 13 15 15 14 2347 5439 190 3056 517 48 254 1013 57 4 3 19 5 2 0 1 0 0 0 0 0 0 1 1 0 0 1 6 1 0 2 0 4 1 2 3 0 0 2 6 5 4 3 4 1 1 0 1 2 0 1 5 2 7 6 6 9 4 46 21 3 4 22 19 331 976 3 9 203 23 21 75 264 0 0 0 2 0 2 5 46 80 2 7 2 6 2 259 48 157 450 699 64 1 4 8 5 138 17 117 41 1307 1 0 1405 204 4 3 0 1 0 1 1
32 10 24 2 0 10 10 16 2 1 0 8 8 18 68 35 14 35 9 18 5 144 210 322 26 18 62 14 10 13 6 2 3 2 2 0 9 6 28 40 1597 554 2038 7 19 9 20 219 7670 14 29 9 4 4 4 19 9 1 5 3 89 458 109 21 46 6 30 8 52 121 29 0 1 4 12 236 9 0 6 2 84 2 38 13 18 18 12 246 595 142 554 7541 17 1083 5476 11 5 1 19 1 0 0 0 0 0 0 0 0 0 0 0 0 0 0 1 0 0 0 0 0 0 0 0 1 0 0 0 0 0 0 0 0 1 0 0 0 0 0 4 0 0 0 0 0 0 0 4 0 1 0 1 7 24 0 0 8 2 1 4 11 0 0 0 0 0 0 0 4 3 5 0 0 0 0 21 3 4 11 42 7 0 3 0 1 3 1 3 2 27 0 0 60 10 1 0 0 0 0 0 0
5 2 8 0 3 0 4 6 75 7 0 2 105 1 2 3 9 5 64 2 1 4 1 4 3 0 2 2 3 2 0 1 7 0 0 0 0 16 2 2 67 3 19 462 2566 11 1 52 14 10880 86 693 8 1 10 1 2 1 0 1 11 22 24 3 3 1504 3 0 29 22 41 65 152 700 1 14 2069 533 593 731 1558 8755 26 2 2 2 0 4419 2536 6740 301 88 11 14 112 1 520 53 4 0 0 0 0 0 0 2 0 0 0 0 0 1 0 1 17 0 0 0 2 1 3 0 2 1 1 0 3 2 0 0 4 1 0 4 0 3 1 0 12 1 3 3 2 6 4 41 67 5 10 45 7 229 845 5 6 322 94 20 108 189 2 0 0 0 1 1 4 23 42 81 0 1 4 1 135 26 59 181 1364 78 8 6 15 2 93 15 71 188 623 0 0 1762 101 1 6 0 0 0 0 0
231 54 221 9 45 48 71 134 3 17 5 49 1 0 10 5 8 5 2 1 6 12 3 18 5 3 7 4 79 80 55 4 8 13 0 0 0 9 8 7 354 10 25 10 4 1 5 13 29 86 19464 13470 18 23 503 104 41 5 0 0 18 14 7 2 6 65 32 0 11 157 13 7 13 40 36 12 48 5 7 402 1680 255 763 70 43 24 10 57 42 15 55 7713 3980 49 56 59 18 11 15 8 0 0 0 0 0 2 0 0 0 0 0 1 0 0 0 0 1 0 0 0 1 0 1 1 0 0 0 0 0 1 0 0 4 7 0 5 0 0 23 10 1 0 0 1 4 0 1 0 7 0 0 3 3 1 0 1 312 81 319 183 31 0 0 1 1 0 0 0 0 5 1 0 0 0 1 1 55 25 7 1 11 12 10 0 0 7 44 13 91 2 4 19 5 0 3 0 1 0 0 0
531 99 396 27 82 101 162 321 21 46 8 86 2 0 7 1 5 4 18 1 7 18 4 7 9 0 9 3 170 173 89 16 51 38 1 0 1 51 3 3 348 1 13 41 47 3 0 47 9 693 13470 20779 38 32 1069 91 77 20 0 0 10 47 4 5 10 389 41 2 4 133 166 38 35 256 109 4 262 60 58 13773 5892 4231 1314 149 83 37 16 693 243 117 35 3157 2394 74 58 106 94 35 28 17 9 3 5 2 8 2 3 1 0 0 3 1 0 0 0 0 5 2 3 1 3 0 4 4 1 1 6 2 1 0 1 0 0 19 0 14 1 0 28 15 0 0 0 34 14 9 4 3 14 1 1 47 77 39 0 48 3830 1434 5457 2529 376 4 0 1 2 0 0 0 4 36 19 2 1 0 4 2 966 363 82 4 15 32 40 0 1 75 437 128 1094 2 88 182 73 5 15 0 0 2 1 2
1251 187 685 72 280 320 1140 643 176 215 38 272 0 4 7 2 9 4 1 1 29 66 7 16 53 7 61 45 2609 686 443 36 74 37 5 2 5 49 17 68 69 3 35 0 6 8 36 4 4 8 18 38 11359 11418 3377 3 439 31 3 0 43 40 63 65 111 2 1036 25 31 13 1 49 30 19 275 1 52 1 17 2 14 4 533 620 69 107 163 4 5 3 17 32 9 8 101 407 171 5432 191 333 0 1 0 1 1 4 0 1 0 2 1 3 0 0 0 0 1 2 2 1 12 0 3 4 6 2 4 0 0 0 3 0 7 20 0 15 0 0 55 18 0 2 0 0 4 0 0 0 12 0 1 0 0 0 0 0 5 0 2 0 1 1 0 3 7 1 0 1 0 0 2 0 1 0 0 0 0 0 1 1 25 33 9 2 0 20 0 0 1 0 2 1 0 4 5 0 4 0 0 0
1318 224 634 70 391 420 1232 519 19 77 17 295 0 7 16 4 4 5 0 6 44 93 14 36 79 7 157 74 11764 1057 717 22 55 24 13 1 7 37 25 98 94 4 69 1 0 11 67 9 4 1 23 32 11418 14281 601 7 780 11 3 0 54 73 135 70 177 0 8373 35 70 23 0 24 9 2 423 5 7 0 5 3 19 3 1467 9515 98 141 242 3 6 3 22 42 5 30 183 676 20 3792 345 759 0 0 0 2 3 2 1 0 0 0 0 4 0 0 1 0 0 1 0 1 6 1 2 0 3 0 2 0 0 0 0 0 5 10 0 11 0 0 26 1 0 0 0 0 2 0 0 0 4 2 0 0 2 0 0 0 0 0 1 1 1 0 0 1 2 0 1 1 0 0 1 0 0 0 1 2 0 0 4 0 17 20 3 0 0 18 2 0 0 1 0 0 0 5 7 0 0 1 0 0
359 61 252 18 74 79 304 239 21 42 11 74 1 3 4 0 1 3 0 2 23 16 4 4 8 0 14 9 346 142 92 7 25 20 1 0 1 17 4 5 1059 2 8 1 3 1 3 4 4 10 503 1069 3377 601 17232 505 71 6 0 0 3 15 5 3 8 14 56 2 5 22 8 10 10 9 53 1 19 1 5 100 283 49 2166 70 74 26 11 15 7 2 5 970 131 5 24 78 27 1323 45 37 1 0 0 0 1 0 0 0 0 0 2 0 0 0 0 1 1 2 2 0 3 0 1 4 2 0 2 0 0 0 1 0 4 8 1 8 0 0 18 4 0 3 0 0 1 0 1 0 5 1 0 0 2 0 0 1 62 17 59 30 9 0 0 0 3 0 0 0 0 0 2 0 0 0 0 0 16 3 6 0 12 20 4 1 0 11 7 4 18 2 2 4 0 0 1 0 2 0 0 0
260 98 282 28 48 122 46 159 2 15 6 107 0 1 2 1 5 0 2 0 995 155 9 8 31 2 5 6 38 71 109 11 37 24 0 0 7 24 4 8 1100 3 15 0 2 2 7 14 19 1 104 91 3 7 505 2601 84 16 0 0 10 25 14 0 17 3 16 3 5 20 13 17 7 7 67 3 3 0 3 5 99 5 4702 28 1381 79 27 30 20 5 9 455 41 15 53 116 3 10 157 28 1 1 1 0 1 1 0 0 0 0 1 1 0 0 1 0 4 0 1 1 5 0 5 2 0 0 2 0 0 0 1 1 1 9 1 10 0 0 25 5 0 2 0 0 6 0 0 0 9 1 0 1 2 0 0 3 4 1 5 4 2 0 0 1 1 1 0 0 0 0 0 1 2 0 0 0 4 4 2 1 8 15 2 1 0 14 4 0 11 2 1 3 1 4 3 0 1 2 0 1
347 312 188 282 2363 1313 106 40 2 11 15 624 0 54 91 14 25 12 2 15 298 339 36 76 148 5 422 335 3178 4067 16835 66 109 35 21 2 18 36 115 143 847 11 161 1 0 25 154 23 9 2 41 77 439 780 71 84 10515 12 11 6 134 182 275 264 779 0 4218 192 290 77 6 35 10 4 3618 11 1 0 15 2 49 3 827 803 743 1134 839 14 13 4 89 98 22 43 346 5695 8 144 3679 9104 1 1 3 0 1 9 2 0 1 1 0 8 0 0 0 1 0 0 0 2 1 2 1 1 1 1 1 0 0 0 0 0 8 16 0 6 0 0 13 7 1 0 1 0 4 0 1 0 2 9 0 0 2 0 0 1 2 1 3 2 1 1 0 0 1 0 2 0 1 1 0 1 0 0 0 2 2 2 7 0 27 9 4 0 3 16 1 3 4 0 1 2 0 1 7 1 0 0 0 0
6 6 8 1 16 14 0 2 1 1 0 16 0 794 886 58 863 39 7 192 55 78 65 19 7 2 464 577 14 7 25 3929 993 5788 184 78 1394 1271 472 74 248 10 34 2 0 3 189 33 1 1 5 20 31 11 6 16 12 4496 773 1461 37 66 68 80 498 0 22 1250 422 19 11 257 115 8 5598 24 0 0 39 1 18 2 94 27 54 8 15 6 10 4 31 23 3 13 65 1428 1 1 15 3 0 0 3 0 1 2 1 0 0 3 0 5 0 0 1 0 0 0 0 5 2 3 0 3 0 1 2 0 0 0 3 0 5 22 0 13 1 0 22 7 0 2 0 0 5 0 1 0 2 10 1 0 2 0 0 0 0 0 0 2 0 1 0 1 2 0 0 1 1 0 0 1 0 0 2 2 0 1 6 1 15 19 4 0 0 16 0 0 2 1 0 2 0 1 0 0 0 0 0 0
0 0 0 0 0 0 0 0 0 0 0 1 0 707 236 10 136 5 1 7 0 7 9 82 30 1 880 376 7 1 3 3 2 2112 1259 672 2389 168 80 306 22 0 133 0 0 0 747 2 5 0 0 0 3 3 0 0 11 773 2981 7430 24 30 43 222 340 0 20 764 63 8 0 1 0 0 272 1 0 0 0 0 0 0 4 7 2 1 92 1 2 1 12 6 0 7 109 3 1 0 3 2 0 0 0 0 0 0 0 0 0 0 0 0 0 0 0 0 0 0 0 0 1 1 0 0 0 0 0 0 0 0 0 0 0 0 0 0 0 0 1 0 0 1 0 0 0 0 0 0 0 3 0 0 0 0 0 0 0 0 0 0 0 0 0 0 0 0 0 0 0 1 0 0 0 0 0 1 0 0 1 0 0 1 0 0 0 0 0 0 1 0 0 0 0 0 0 0 0 0 0 0
0 0 0 0 0 1 0 0 0 0 0 1 0 2819 851 31 782 17 1 31 4 12 22 11 2 1 556 437 3 4 9 2 11 4439 496 707 3157 221 260 160 49 4 17 0 0 0 304 9 3 1 0 0 0 0 0 0 6 1461 7430 2208 17 9 16 64 238 0 6 852 88 6 4 0 0 1 489 8 0 0 1 0 2 0 1 0 5 3 20 0 2 0 3 7 0 2 23 31 0 0 2 0 0 0 0 0 0 0 0 1 1 0 0 0 0 0 1 0 0 0 0 1 0 2 1 0 0 0 0 0 0 0 0 0 0 0 0 0 0 0 1 0 1 0 0 0 0 0 0 0 0 1 0 0 0 0 0 0 0 0 0 1 0 0 0 0 0 0 0 0 0 0 0 0 0 0 1 1 0 0 1 0 0 1 0 0 0 2 0 0 0 0 1 0 0 1 0 0 0 0 0 0
11 7 13 2 5 9 5 4 0 1 0 8 27 35 91 406 378 6522 703 239 41 284 100 712 164 18 283 394 77 16 32 5 72 19 12 2 83 788 11704 91 1377 628 3521 208 15 765 185 469 89 11 18 10 43 54 3 10 134 37 24 17 15903 529 627 2257 779 107 232 101 4833 153 61 28 150 20 129 2648 6 2 11 1 90 3 81 106 125 126 210 96 128 36 3038 395 12 86 2232 77 2 1 186 55 0 2 0 0 3 1 1 4 0 0 2 5 2 10 1099 3 5 20 12 332 65 289 20 2 1 0 2 31 1 36 19 16 4 16 11 41 1 0 48 46 179 14 351 12 9 65 322 47 135 2041 56 28 66 4 2 40 1 3 9 18 3 6 2 9 13 14 231 335 41 314 11 16 86 59 128 1227 31 38 1135 117 4 37 63 30 157 142 2 8 37 4 1 79 37 35 35 2 4 1 1 1
41 10 34 2 10 21 17 20 1 2 1 16 3 36 122 216 32 430 15 35 40 389 106 145 185 20 71 162 106 31 68 2 8 14 12 2 33 23 433 69 656 41 336 2 24 19 147 6578 458 22 14 47 40 73 15 25 182 66 30 9 529 18033 10799 1040 1736 8 291 209 3253 9734 1451 6 7 6 288 1170 8 1 5 19 845 65 105 109 125 109 213 711 1020 130 1670 1177 109 2822 3837 129 3 1 196 46 1 0 1 1 1 0 0 0 0 0 1 1 0 0 3 0 3 0 1 1 0 1 4 0 1 0 1 3 1 1 0 0 0 1 0 2 0 0 3 5 3 2 3 1 3 7 6 3 0 13 3 171 415 8 2 88 33 36 78 349 1 0 0 0 1 1 0 9 23 10 0 0 4 1 86 20 205 347 283 30 0 3 2 0 49 7 155 15 996 0 0 562 97 0 4 0 1 0 1 1
11 4 14 2 6 16 3 7 0 1 1 9 2 32 92 139 24 268 13 13 46 443 70 82 287 13 101 153 158 42 86 0 8 19 27 11 30 13 275 118 309 23 478 9 23 14 375 547 109 24 7 4 63 135 5 14 275 68 43 16 627 10799 30119 6670 7575 18 559 389 3958 2018 131 3 1 0 305 833 4 0 4 1 116 1 138 174 114 109 432 114 753 157 2249 299 16 1003 4507 104 0 2 170 68 0 0 0 0 0 0 0 0 0 0 0 0 0 0 8 1 1 1 0 1 1 2 3 0 0 0 1 1 0 1 2 0 0 1 0 1 0 0 3 2 3 0 3 1 0 8 11 0 4 24 4 29 144 0 0 22 1 1 3 12 0 0 0 0 0 0 1 16 16 6 0 0 0 1 89 28 5 35 236 25 0 1 1 0 57 1 2 7 55 0 0 222 25 1 2 0 0 0 0 0
9 3 9 0 3 9 3 3 0 1 0 10 2 119 128 105 33 716 38 27 23 253 25 114 352 10 2041 806 120 17 65 1 2 38 272 66 118 15 337 842 245 51 2895 3 2 336 1015 46 21 3 2 5 65 70 3 0 264 80 222 64 2257 1040 6670 6586 5491 3 421 620 543 321 10 2 3 0 186 53 2 0 1 0 10 0 76 102 82 111 611 22 72 16 705 110 2 268 4594 41 0 0 146 71 0 0 0 0 0 0 0 0 0 0 0 0 0 0 25 0 1 0 0 21 0 0 0 0 0 0 0 0 0 1 0 0 0 0 0 1 0 0 2 4 6 0 8 1 0 1 1 0 2 111 1 2 8 0 0 0 0 0 2 2 0 0 0 1 0 0 14 3 0 7 0 0 3 0 3 22 0 4 49 9 0 2 1 1 5 1 1 0 6 0 0 13 0 0 0 0 0 0 0 0
14 10 24 7 30 49 3 5 0 0 1 45 0 464 832 655 50 299 10 15 44 171 24 97 214 6 487 2504 381 98 393 4 9 110 121 67 216 17 6193 92 329 121 588 2 2 195 1027 222 46 3 6 10 111 177 8 17 779 498 340 238 779 1736 7575 5491 14830 5 719 2211 14971 503 60 3 0 2 1661 106 1 0 0 1 54 0 152 164 96 143 881 38 77 21 488 133 13 271 2047 446 1 3 190 110 0 1 0 0 0 0 0 0 0 0 0 0 0 0 47 0 0 1 0 39 0 13 1 0 0 0 1 1 0 1 0 2 0 2 3 3 0 0 5 1 30 1 20 1 0 9 15 1 4 261 0 4 29 0 0 4 0 1 1 7 0 0 0 0 1 1 18 21 2 16 0 0 4 1 16 74 1 7 166 23 2 0 0 0 18 6 0 1 10 1 0 35 4 3 0 0 1 0 0 1
4 1 4 0 0 0 3 3 31 3 0 1 1575 0 1 0 10 98 294 4 1 3 2 3 1 0 1 1 0 0 2 0 2 0 0 0 0 66 10 0 35 3 21 516 3310 2642 0 14 6 1504 65 389 2 0 14 3 0 0 0 0 107 8 18 3 5 1376 0 2 13 9 12 34 77 868 2 2 1385 1608 515 219 395 1128 11 0 0 0 1 296 271 357 1205 44 6 3 64 0 247 16 1 3 0 0 0 1 0 0 0 2 0 0 3 0 0 0 451 0 0 1 6 98 15 183 7 0 0 0 0 2 0 2 2 0 0 1 1 2 0 0 11 7 26 0 32 2 3 18 208 26 28 657 1 17 65 1 1 43 30 8 35 35 2 0 0 0 1 4 21 23 10 2572 0 0 2 1 33 53 14 22 480 22 4 9 162 1 32 29 6 7 41 0 0 110 11 1 6 0 1 0 0 0
373 200 422 73 164 332 34 128 0 19 13 358 0 29 32 11 21 26 4 7 51 411 46 186 407 48 797 318 6307 545 1977 24 71 30 67 5 22 43 104 531 222 44 393 2 0 31 491 28 30 3 32 41 1036 8373 56 16 4218 22 20 6 232 291 559 421 719 0 12949 262 250 117 6 27 20 16 1683 24 2 0 9 0 24 2 1580 8551 708 4715 1526 20 35 9 134 158 9 110 911 1340 5 16 2660 6210 0 1 3 0 2 3 0 0 1 1 5 3 0 1 2 1 0 1 4 1 10 2 2 3 3 0 6 0 0 0 1 0 6 18 0 15 1 0 36 17 0 1 0 0 5 1 0 0 22 7 0 1 2 0 0 1 2 2 3 0 0 2 0 1 6 0 0 0 1 0 3 2 2 0 1 3 2 0 8 1 22 35 10 1 1 24 0 0 2 0 1 6 0 6 6 0 4 1 1 1
4 1 2 2 1 1 0 2 0 1 0 3 0 1026 958 95 361 41 6 63 31 102 69 137 96 3 1939 1955 43 6 17 8 8 1561 570 115 1161 180 902 487 129 22 294 0 0 21 1108 49 8 0 0 2 25 35 2 3 192 1250 764 852 101 209 389 620 2211 2 262 3363 853 71 15 1 1 0 5009 24 0 0 1 0 10 0 35 75 62 107 1358 6 8 1 64 30 2 49 467 20 0 0 212 152 0 0 0 0 0 0 0 0 0 0 0 0 0 1 1 0 0 0 0 0 0 2 2 0 0 0 0 0 0 1 0 0 0 0 0 0 0 0 0 0 1 0 0 0 0 0 1 0 2 13 0 2 2 0 1 0 0 0 0 0 0 0 0 0 0 0 0 0 0 2 0 0 0 0 1 9 0 0 20 5 0 0 1 0 1 0 0 0 1 0 0 3 0 0 0 0 0 0 0 0
13 8 9 5 13 27 2 2 0 1 1 35 1 108 529 1114 128 1129 20 33 21 82 36 59 35 4 72 715 142 53 235 10 12 64 14 11 184 25 2001 51 497 221 539 10 10 61 197 5281 52 29 11 4 31 70 5 5 290 422 63 88 4833 3253 3958 543 14971 13 250 853 15140 645 442 7 5 5 1702 12467 4 1 3 1 210 4 52 54 46 43 276 101 437 89 3355 159 15 263 1590 560 1 3 51 34 0 0 0 0 0 1 0 0 0 0 0 0 0 1 77 1 0 0 2 15 7 5 1 1 0 2 6 3 1 1 4 5 0 0 3 3 0 0 6 4 21 8 14 17 2 78 160 12 17 246 10 76 389 6 5 130 0 4 4 18 0 0 0 0 3 4 45 116 90 44 1 3 8 5 575 393 11 61 1748 209 0 9 15 4 324 17 6 21 75 1 0 752 156 6 7 0 1 0 0 1
32 7 36 2 3 9 15 25 0 5 0 9 0 9 38 54 13 124 11 10 17 160 40 69 56 8 38 50 53 19 18 4 3 6 5 3 11 11 128 24 208 23 122 6 9 17 46 955 121 22 157 133 13 23 22 20 77 19 8 6 153 9734 2018 321 503 9 117 71 645 5792 717 3 4 4 85 221 14 1 2 36 1380 203 100 56 50 51 81 630 240 47 409 895 2076 1962 1397 35 3 0 91 22 2 0 0 0 0 0 1 1 0 0 0 0 0 0 1 0 2 0 1 0 1 1 1 0 1 0 3 1 0 0 0 0 0 1 0 6 0 0 6 3 0 3 0 1 6 5 1 0 5 4 0 59 113 5 3 28 97 83 233 686 3 0 0 0 0 0 1 3 4 0 1 0 0 0 23 6 269 253 84 4 1 1 3 0 11 4 207 11 808 1 0 173 54 0 0 1 0 0 0 1
21 6 18 1 2 4 3 10 0 1 1 9 0 4 11 34 8 84 5 2 2 9 12 9 2 1 3 25 7 4 11 2 2 4 0 0 6 4 92 1 128 8 27 2 12 13 5 7457 29 41 13 166 1 0 8 13 6 11 0 4 61 1451 131 10 60 12 6 15 442 717 7828 1 3 10 22 449 15 4 2 53 6342 193 26 3 4 3 5 2330 340 30 280 172 78 166 269 11 7 0 9 0 1 0 1 0 0 0 1 0 0 2 0 1 0 0 1 0 3 1 4 2 3 2 4 1 1 0 1 1 0 0 0 0 0 1 0 1 0 0 7 1 0 6 3 2 3 3 2 0 2 4 2 114 176 8 3 64 109 79 236 932 2 0 0 0 0 0 0 3 5 3 1 0 0 0 18 6 402 508 114 3 1 4 4 0 8 10 264 17 1446 0 1 269 81 1 0 0 0 0 0 0
46 83 179 25 142 218 24 13 231 317 416 575 34 0 4 1 39 42 15 12 389 539 192 5 21 1 2 0 45 58 62 632 2805 543 0 0 30 1273 7 3 432 2 3 256 165 36 1 5 0 65 7 38 49 24 10 17 35 257 1 0 28 6 3 2 3 34 27 1 7 3 1 3839 1904 1030 343 1 4011 138 1866 12 35 36 106 36 139 38 13 20 31 34 51 22 6 2 7 919 5753 310 61 6 49 28 146 103 145 442 12 29 101 135 155 774 2 1 5 3 39 12 66 8 145 43 67 163 50 8 72 2 0 2 165 4 442 1452 7 508 4 3 1196 221 0 11 0 11 381 0 3 1 271 20 19 1 1 9 0 8 7 19 4 3 68 38 5 82 103 3 3 4 2 4 53 40 25 9 2 13 4 0 18 3 2108 1356 334 9 0 1714 4 3 6 21 50 6 0 135 498 15 109 5 8 18
9 6 18 2 29 31 3 6 9 3 6 46 177 0 2 19 21 203 139 8 128 227 68 2 15 1 3 2 14 14 10 275 1826 181 0 0 10 1772 11 3 173 4 15 4778 434 312 4 5 1 152 13 35 30 9 10 7 10 115 0 0 150 7 1 3 0 77 20 1 5 4 3 1904 8266 1603 178 1 756 235 3627 16 45 115 77 42 85 32 7 89 51 65 262 16 3 2 12 398 88 8 44 3 12 14 20 12 57 65 5 20 8 8 27 90 6 4 26 2 122 53 218 63 656 226 329 157 150 8 162 2 0 13 48 8 148 571 27 498 10 7 1742 775 22 97 13 6 199 3 15 6 1193 106 89 1 10 5 0 12 6 10 4 8 35 23 6 25 96 12 10 16 4 25 96 35 56 33 11 32 12 2 53 3 481 1438 751 54 6 1401 6 3 11 64 45 19 4 125 276 11 113 51 32 70
6 13 34 3 5 28 0 3 228 37 54 121 464 0 2 19 122 108 4933 69 19 41 6 2 5 0 1 1 3 3 3 10 196 25 0 0 9 662 1 0 62 2 4 3414 345 199 0 4 4 700 40 256 19 2 9 7 4 8 0 1 20 6 0 0 2 868 16 0 5 4 10 1030 1603 3087 8 2 3842 3366 2310 210 298 786 52 20 27 9 2 345 119 73 70 33 5 4 12 17 2081 122 8 2 0 1 9 3 15 24 0 12 5 15 16 54 3 5 216 2 13 55 42 174 192 838 87 37 24 2 12 2 0 4 10 2 23 167 3 168 6 1 596 142 12 20 7 1 48 4 7 39 491 127 16 6 11 1 0 7 22 10 39 29 4 3 4 1 24 5 3 7 1 31 9 4 4 8 5 7 7 8 53 2 251 653 3894 11 2 720 2 2 34 8 7 19 1 19 182 1 27 4 8 18
86 74 128 31 104 327 13 10 0 5 5 387 0 1405 1951 132 1576 109 34 476 618 651 262 36 47 3 655 1306 797 369 2528 1545 1259 6135 166 92 1514 1887 1317 94 1337 35 119 2 2 14 164 132 12 1 36 109 275 423 53 67 3618 5598 272 489 129 288 305 186 1661 2 1683 5009 1702 85 22 343 178 8 8289 60 2 0 71 9 106 1 599 436 510 405 5677 22 20 4 72 121 30 37 241 1805 3 2 706 1652 0 0 1 1 2 4 0 0 0 1 1 7 0 1 5 0 1 2 1 12 8 10 1 3 1 0 1 0 0 0 3 0 3 16 0 12 0 0 34 10 8 1 5 1 3 2 1 0 4 20 1 1 3 0 0 1 1 0 2 2 0 0 0 1 2 0 3 3 1 1 1 0 3 0 2 8 1 2 29 6 20 20 9 1 3 20 0 0 2 0 0 10 3 3 1 0 0 0 0 0
