30013 8713 7110 5187 1452 3469 10189 8126 536 590 10 1451 0 4 5 0 4 4 0 1 123 29 5 9 29 0 10 10 4922 9808 770 20 68 19 2 2 7 17 18 7 999 9 10 3 7 0 7 33 28 13 49 166 1094 1290 320 199 175 6 4 3 11 37 17 3 9 5 315 4 63 55 25 82 11 16 58 20 40 3 28 11 202 5 1328 692 1088 289 8 116 37 18 43 264 147 78 8 329 78 1080 50 24 59 7 37 32 15 86 31 31 117 48 65 141 0 1 0 0 1 0 0 0 0 1 0 23 7 0 1 0 0 1 10 0 35 86 0 12 0 0 5 5 1 0 2 0 23 3 2 0 2 2 3 1 3 4 0 3 6 2 7 2 8 20 3 11 6 0 5 1 1 0 17 6 1 2 2 5 2 1 5 1 124 14 7 4 2 36 2 1 2 4 20 5 0 2 102 33 9 4 1 5
8713 11426 5474 12260 3291 3397 133 135 36 123 16 1239 0 2 0 1 2 3 1 0 154 23 1 3 12 1 2 1 546 1974 194 13 65 3 2 0 5 10 4 5 887 2 2 1 0 1 3 10 13 4 19 65 265 390 111 121 66 2 2 0 3 11 6 4 6 0 205 3 10 16 11 138 10 21 18 3 55 1 82 6 67 1 507 316 795 338 7 48 16 8 18 93 48 26 2 108 59 80 38 6 1 2 25 30 16 65 6 10 17 15 41 172 0 0 0 0 0 1 0 3 0 1 1 37 19 4 4 0 0 0 26 5 55 223 0 43 0 0 36 8 0 6 0 13 63 2 0 1 2 2 13 1 0 6 0 3 1 4 3 0 9 11 3 5 23 0 0 4 0 0 17 22 8 3 0 0 1 3 2 1 314 45 11 9 0 93 2 1 1 3 12 4 0 11 122 7 49 11 4 13
7110 5474 21915 10658 112 3687 695 8268 1035 7929 251 26570 1 2 1 0 2 3 1 1 233 32 5 7 16 0 7 2 909 455 79 30 125 9 0 3 4 30 12 12 1524 10 8 2 5 6 2 18 27 15 44 185 665 826 300 242 51 3 0 0 13 16 9 3 3 2 330 7 21 65 31 282 28 44 33 8 138 2 117 6 196 10 1131 702 1369 424 14 97 33 24 42 248 173 66 17 81 318 374 77 24 174 27 179 166 45 296 117 111 150 87 229 660 0 0 0 0 1 1 1 11 3 3 0 85 34 2 7 0 0 3 70 11 136 505 0 54 0 0 42 19 1 11 0 19 110 5 1 1 6 3 17 3 0 2 0 6 10 10 7 5 20 55 10 29 36 1 0 3 2 5 78 41 6 6 2 5 5 2 10 0 762 62 19 10 2 192 5 0 6 13 63 2 1 23 438 43 95 18 7 23
5187 12260 10658 15240 6541 9443 145 135 39 74 28 3810 1 2 1 1 2 0 1 0 210 30 1 3 21 1 1 7 446 2736 821 15 108 10 0 0 1 15 0 4 835 2 6 2 0 1 2 6 5 3 4 32 148 208 59 90 59 0 0 1 4 5 3 0 3 0 122 0 8 19 6 212 15 32 12 7 83 0 93 1 35 3 324 261 793 367 7 22 4 3 9 53 22 11 2 205 87 73 41 3 14 5 53 69 13 135 5 25 23 15 69 247 0 0 1 0 0 0 0 1 3 1 1 39 15 2 6 0 0 1 29 4 76 254 0 36 1 0 23 7 0 10 3 23 57 1 0 0 4 2 18 2 1 6 0 2 2 11 1 1 14 17 1 16 23 1 3 1 1 0 29 32 7 1 0 1 4 1 3 0 400 40 15 4 3 108 2 2 1 10 28 4 1 11 176 5 39 10 2 8
1452 3291 112 6541 11498 7099 274 104 47 25 14 1403 2 4 3 1 2 3 1 1 172 33 2 1 17 0 2 8 1185 5408 6341 148 194 36 0 1 15 24 13 4 618 0 5 1 0 0 5 18 6 2 3 16 154 284 48 56 415 7 0 3 4 12 7 3 2 0 161 2 41 17 5 185 13 20 46 10 43 0 71 0 25 3 290 267 591 291 2 12 9 2 8 46 23 10 4 1629 52 109 58 13 13 7 20 44 8 83 5 14 28 10 41 172 0 0 0 0 0 1 0 2 1 3 1 31 18 3 1 0 0 1 37 2 49 217 0 28 0 0 17 9 2 5 3 8 56 1 2 0 2 4 14 0 0 6 0 0 2 4 0 2 7 11 0 11 11 0 2 1 1 1 25 20 5 2 1 3 5 1 8 0 316 27 15 3 1 81 0 2 2 10 21 1 3 8 107 9 40 4 1 12
3469 3397 3687 9443 7099 11291 318 188 121 175 69 11823 2 1 5 5 6 12 5 3 480 159 7 4 79 3 3 12 805 3251 1651 1621 892 135 2 1 21 97 12 12 1141 0 12 6 6 1 7 28 15 4 15 40 203 241 64 123 109 28 0 7 12 48 15 9 4 3 204 7 90 19 7 406 40 41 104 26 116 1 132 0 45 3 448 327 1150 546 11 22 11 5 23 70 43 10 13 3375 237 127 249 17 23 12 79 122 40 228 10 29 41 27 130 461 0 0 3 0 2 2 1 6 1 2 2 55 26 7 3 1 0 3 49 3 112 410 1 30 0 0 23 12 1 6 1 16 80 1 4 0 5 7 22 1 0 9 0 5 4 13 2 4 16 34 2 20 41 0 6 1 2 2 59 50 11 8 1 9 6 1 7 3 657 52 27 7 1 161 3 0 3 10 42 1 4 16 293 15 63 10 3 18
10189 133 695 145 274 318 14538 9605 2515 738 33 242 0 5 5 3 1 6 1 1 17 9 1 2 7 0 2 9 2549 1521 534 17 29 14 0 1 11 14 15 5 157 1 3 2 6 2 5 10 6 6 21 82 1342 1201 230 43 164 4 1 2 4 39 19 1 9 3 76 3 47 27 15 30 3 16 59 14 41 4 20 9 78 4 658 260 239 53 6 37 10 5 18 98 52 15 6 220 132 5929 14 10 46 2 13 17 3 34 50 25 55 30 36 79 0 0 1 0 0 1 0 0 0 0 0 0 1 1 0 0 0 0 1 0 6 19 0 5 0 0 13 3 1 0 1 2 8 0 1 1 3 2 1 1 2 2 0 1 4 0 2 1 6 11 2 10 2 0 3 1 1 0 3 1 1 0 0 2 2 0 6 1 41 3 2 0 1 7 1 1 3 0 12 2 1 0 42 10 6 0 0 0
8126 135 8268 135 104 188 9605 30811 4463 22141 307 1630 0 1 4 1 1 0 1 0 24 6 3 2 12 1 3 1 1389 680 101 3 27 4 0 0 0 9 5 3 389 2 8 2 6 2 1 15 15 10 36 174 1215 1045 297 120 34 0 0 1 4 11 10 3 2 3 126 2 12 47 15 32 9 13 22 3 38 0 13 9 156 6 1037 457 560 108 10 71 28 9 20 210 122 34 6 47 253 1503 20 10 147 7 65 45 6 121 129 81 207 115 167 265 0 0 0 0 0 0 0 2 0 0 0 4 1 0 1 0 0 0 6 0 20 51 0 3 0 0 6 8 1 1 0 3 5 0 0 0 0 0 0 0 0 2 0 2 4 5 4 3 16 33 19 22 4 0 1 1 0 1 23 6 1 0 2 5 1 4 5 1 87 5 3 1 1 5 4 1 7 3 23 3 0 6 158 76 6 2 2 2
536 36 1035 39 47 121 2515 4463 2270 6917 946 1834 19 0 2 0 0 1 0 0 14 7 0 1 5 1 3 0 325 133 52 16 108 1 0 0 1 10 1 1 42 0 2 16 67 2 5 1 2 76 13 28 296 155 44 9 14 1 0 0 4 5 2 1 1 26 16 3 5 10 4 435 11 46 9 4 598 38 125 4 14 37 145 52 58 14 4 22 10 25 22 33 13 3 4 36 3649 1287 5 3 37 5 22 29 4 81 32 55 68 69 80 175 0 0 1 0 0 0 0 2 1 0 1 6 0 1 1 0 0 0 4 0 24 30 0 1 0 0 3 5 0 0 0 2 9 0 0 0 1 0 1 0 0 0 0 1 0 1 3 4 4 13 6 2 2 0 1 0 0 0 7 2 1 1 0 2 1 1 2 0 66 1 3 0 0 8 1 0 0 0 9 0 2 0 103 27 2 0 0 1
590 123 7929 74 25 175 738 22141 6917 35883 9243 26363 0 0 0 0 3 0 1 0 15 13 2 0 3 0 2 1 264 87 29 29 288 7 0 0 3 16 0 0 111 1 1 3 12 1 2 4 8 7 6 32 374 201 64 36 14 2 0 0 1 2 2 1 0 7 26 0 5 12 3 464 16 20 9 1 234 7 73 2 34 6 224 99 114 27 1 16 2 4 11 41 24 5 4 33 2403 1167 17 2 159 15 162 148 34 415 94 153 248 185 308 776 0 0 0 0 0 0 1 1 0 3 0 21 3 2 3 0 0 0 21 5 99 235 0 6 0 0 10 1 0 4 0 8 27 0 0 1 2 4 5 1 1 3 0 2 4 4 2 10 16 40 18 23 10 0 1 1 1 1 24 19 0 1 0 0 3 1 2 0 411 11 16 4 1 56 4 2 6 3 32 2 0 6 407 88 26 4 6 3
10 16 251 28 14 69 33 307 946 9243 4213 7868 0 0 0 1 1 0 3 0 13 8 1 0 4 0 0 0 10 5 7 17 247 5 0 0 1 18 0 1 27 0 3 2 2 0 1 1 0 8 0 1 54 9 3 2 1 1 0 0 3 0 0 0 0 0 4 2 2 0 0 375 12 13 9 1 112 2 41 0 3 1 5 8 25 7 2 1 0 2 2 1 0 0 1 27 872 277 6 1 29 5 57 85 21 194 13 45 46 53 117 379 0 0 1 0 0 1 0 3 3 0 0 8 5 0 2 0 0 0 12 1 41 139 0 12 0 0 2 2 0 1 1 7 22 0 1 0 0 0 3 0 1 2 0 3 1 7 0 3 5 12 2 3 7 0 0 0 0 0 11 7 2 1 0 1 0 0 2 0 279 9 13 0 0 44 0 0 3 3 13 0 1 5 231 13 22 2 2 4
1451 1239 26570 3810 1403 11823 242 1630 1834 26363 7868 31565 3 1 8 2 8 8 8 2 597 298 18 12 210 0 11 14 332 1104 383 1262 2992 155 1 1 34 195 12 23 1190 3 10 9 12 4 10 24 6 14 10 39 320 177 67 137 52 47 1 4 21 43 20 9 5 3 134 10 96 21 6 1441 124 74 157 27 432 12 229 2 40 4 447 308 1230 606 16 18 5 9 25 56 35 16 9 1884 2116 812 398 9 118 50 431 540 151 1214 81 212 311 220 678 2258 1 3 2 0 3 1 2 8 8 4 1 121 66 8 14 1 0 7 149 26 455 1381 0 80 1 0 63 24 1 22 1 47 230 4 6 2 9 8 34 2 2 20 0 15 22 28 6 11 49 99 14 47 69 0 5 5 3 7 126 90 21 8 1 11 9 2 15 1 2162 119 68 30 1 518 13 6 9 26 111 4 4 55 1431 85 163 27 10 48
0 0 1 1 2 2 0 0 19 0 0 3 9357 0 3 21 39 808 5482 263 2 3 8 13 4 3 25 47 1 0 1 1 31 1 0 1 21 658 45 12 28 22 34 5301 2398 2171 4 9 7 79 0 3 6 4 1 0 2 0 0 0 124 8 17 17 30 2269 1 0 31 4 2 107 315 740 4 9 237 332 384 3 4 15 1 1 4 1 1 16 21 55 306 23 1 4 31 6 121 15 1 0 0 1 0 0 1 1 0 1 1 0 0 0 1 74 491 4 25 219 19 1670 89 1006 86 4 2 14 4 14 2 72 7 5 4 10 4 13 2 5 22 56 379 21 178 2 29 34 51 191 116 508 7 2 3 2 0 6 1 2 0 0 0 4 0 0 7 5 86 89 17 139 2 7 18 6 5 63 0 3 57 7 6 12 193 8 15 10 1 3 0 0 0 20 12 4 1 1 2 3 1 3
4 2 2 2 4 1 5 1 0 0 0 1 0 4950 8378 954 2917 219 197 621 48 48 264 91 7 103 2024 828 138 11 41 4 6 88 2324 4886 2241 57 215 251 191 6 46 1 1 4 1749 3 2 2 0 0 12 43 0 1 125 139 1561 244 11 16 24 239 227 2 44 486 183 1 1 1 5 4 546 9 1 1 4 1 0 0 8 14 17 16 46 1 0 2 5 2 2 2 6 44 0 9 7 46 0 0 0 0 0 0 0 0 0 0 0 0 2 0 1 0 2 1 0 8 4 4 2 3 2 1 1 1 1 0 0 0 0 0 0 1 0 0 1 7 2 0 1 0 1 2 1 1 4 4 0 0 0 0 0 0 0 0 0 0 0 0 0 0 1 0 4 1 0 0 0 0 1 0 0 8 0 0 4 0 1 0 0 0 0 0 0 0 0 0 0 1 1 0 0 0 1 0 0 0
5 0 1 1 3 5 5 4 2 0 0 8 3 8378 19875 12725 1709 1052 252 906 116 88 1252 338 10 139 1679 4443 140 26 43 1 7 37 731 771 183 66 808 314 1359 81 130 1 8 9 382 32 35 5 1 2 13 40 6 5 106 124 475 97 51 50 48 224 244 6 29 323 845 13 2 5 5 3 501 73 1 0 2 0 3 0 11 17 20 11 35 9 16 11 29 57 9 20 28 41 1 3 9 32 1 0 0 0 1 0 0 0 0 0 0 0 1 1 3 2 6 3 1 27 24 7 8 12 1 3 1 1 0 1 0 1 0 1 0 1 6 4 3 5 10 8 4 1 1 5 4 2 9 13 3 0 1 0 0 2 0 0 0 0 0 0 0 0 1 2 14 7 3 4 0 0 1 0 3 19 1 2 10 2 2 1 1 2 4 8 0 0 0 0 0 6 4 0 0 0 3 1 1 0
0 1 0 1 1 5 3 1 0 0 1 2 21 954 12725 11621 441 7199 2318 1182 57 58 562 631 14 172 1787 6833 56 15 19 4 18 24 848 168 116 115 2000 231 1257 198 337 17 25 39 100 38 91 16 2 1 5 25 9 3 45 62 64 22 308 48 74 229 120 12 21 105 492 43 9 1 5 37 216 60 2 15 2 0 7 3 15 13 18 14 21 17 33 17 72 140 10 67 104 44 2 5 1 16 0 0 0 0 0 0 0 0 0 0 0 1 3 14 78 12 3 73 4 135 59 379 38 4 0 12 5 2 6 26 2 1 0 2 0 5 8 4 6 14 47 11 32 0 9 10 13 42 47 63 2 3 2 1 2 5 0 0 0 0 0 0 0 0 0 3 18 9 6 4 0 2 3 4 4 20 0 1 24 5 2 2 23 1 5 0 0 2 1 1 1 2 2 0 0 0 0 0 1 2
4 2 2 2 2 6 1 1 0 3 1 8 39 2917 1709 441 3227 390 791 2203 270 329 1315 434 81 231 203 141 37 11 33 14 42 95 1099 915 1756 1420 82 1597 652 87 201 75 32 142 1951 21 43 13 0 1 8 29 1 1 50 109 674 47 284 14 50 51 34 8 48 193 117 23 0 12 71 80 252 28 4 37 15 0 7 4 13 15 63 36 15 9 22 9 121 41 11 33 71 78 1 1 50 24 0 1 0 0 0 1 0 9 2 0 0 0 34 10 28 27 144 23 39 28 478 98 166 124 41 56 49 10 15 13 3 2 0 15 18 28 42 57 71 239 15 142 12 1 48 15 12 19 230 21 31 4 9 1 1 7 1 0 0 1 3 4 0 0 5 34 16 24 4 2 9 6 4 12 4 40 5 4 16 4 43 65 59 3 6 149 2 5 2 11 4 9 6 4 18 2 31 6 3 8
4 3 3 0 3 12 6 0 1 0 0 8 808 219 1052 7199 390 7242 2304 787 23 52 154 690 23 44 2301 1141 56 8 14 22 116 17 597 54 159 571 3087 86 1107 440 643 94 88 6631 83 45 92 11 0 1 13 38 23 4 71 45 18 7 5184 38 101 798 360 174 55 84 356 32 0 13 99 95 120 83 3 34 16 0 5 2 16 14 18 31 12 17 36 15 167 177 10 39 114 64 0 1 26 20 0 1 1 0 2 1 0 0 0 0 0 1 5 320 1253 7 30 368 19 2078 164 1848 60 16 5 29 9 33 11 251 17 20 2 8 4 14 11 10 31 82 1067 21 735 2 58 64 137 462 258 789 18 4 10 8 4 21 0 2 1 0 1 7 0 0 29 2 198 211 38 110 4 17 37 18 9 185 3 4 122 5 18 10 98 19 11 11 6 4 9 4 3 17 22 10 2 0 2 0 5 2
0 1 1 1 1 5 1 1 0 1 3 8 5482 197 252 2318 791 2304 52090 10322 53 96 345 443 23 218 448 122 4 0 4 15 143 8 465 63 201 7416 53 620 337 99 239 9874 967 5052 174 15 70 118 2 7 5 13 3 1 10 17 57 1 477 35 75 100 37 303 15 22 74 35 3 85 1140 2742 34 40 17 775 131 2 11 35 10 11 19 18 12 50 62 141 732 85 9 44 135 13 4 2 14 6 0 0 0 0 0 0 0 6 0 0 0 0 64 130 1139 89 275 1188 202 1934 1220 5773 879 137 27 113 84 32 69 163 4 3 2 34 28 37 50 122 117 384 349 225 160 10 129 69 125 710 891 463 48 24 14 10 1 32 0 4 2 3 0 1 0 0 7 38 109 127 22 88 13 6 14 19 7 64 7 4 159 23 56 89 698 7 14 144 9 8 8 7 2 47 37 2 20 5 26 8 2 9
1 0 1 0 1 3 1 0 0 0 0 2 263 621 906 1182 2203 787 10322 3822 83 98 774 681 36 392 345 88 6 2 3 8 59 10 847 225 53 842 51 1098 505 135 276 365 146 308 435 16 76 30 0 1 5 15 5 3 25 4 178 11 407 26 64 78 17 18 30 39 50 52 3 19 137 165 18 24 3 78 16 3 5 11 8 9 11 14 3 15 36 38 134 91 12 70 91 8 0 0 15 8 0 0 1 0 0 0 0 8 0 0 2 0 50 4 77 49 59 85 56 42 481 556 217 62 13 45 44 14 35 18 0 0 1 8 12 9 37 58 25 117 16 120 10 2 34 23 27 33 196 34 15 9 7 5 1 7 0 2 0 0 0 2 3 0 3 27 12 21 6 8 6 2 6 19 3 18 1 1 26 4 27 44 101 0 3 103 2 3 8 3 1 8 16 2 16 1 14 6 1 6
123 154 233 210 172 480 17 24 14 15 13 597 2 48 116 57 270 23 53 83 9164 8331 3155 191 282 155 48 35 108 121 207 304 846 259 8 18 412 1096 32 238 1399 47 164 31 10 20 31 16 31 5 0 2 16 24 16 974 59 41 25 12 51 37 61 63 12 4 40 27 68 24 2 372 335 263 361 27 119 23 256 0 3 2 585 28 5043 549 44 6 18 10 41 38 9 29 78 453 50 19 700 124 4 2 0 1 1 9 1 6 0 0 4 16 4 1 3 3 42 5 15 14 117 17 25 90 38 14 27 0 4 2 5 3 9 66 8 66 13 16 139 137 7 40 5 4 45 5 6 3 73 6 35 1 5 2 0 4 1 2 0 0 1 10 0 0 16 5 15 16 1 2 26 11 6 8 3 25 1 3 14 3 107 126 33 14 7 97 2 0 2 10 10 3 2 5 15 0 37 10 4 7
29 23 32 30 33 159 9 6 7 13 8 298 3 48 88 58 329 52 96 98 8331 20928 4691 864 5362 728 243 25 77 42 68 270 1132 570 26 19 763 2119 62 3061 636 167 946 56 10 45 59 74 88 26 2 7 21 59 12 64 57 72 88 27 116 130 321 345 28 5 89 34 164 135 7 440 529 482 330 96 147 36 344 0 13 3 160 115 3081 1934 67 27 101 48 170 96 24 90 461 333 43 19 2848 85 1 0 1 5 2 13 1 5 2 0 2 12 7 2 11 4 63 8 25 27 213 26 58 115 52 27 42 3 3 5 3 6 11 73 10 86 7 17 155 236 21 85 12 5 74 10 7 6 124 16 38 4 19 3 0 5 0 2 0 0 2 3 1 2 15 12 23 20 8 3 25 14 12 13 13 36 2 4 26 5 131 163 65 10 17 126 2 3 4 16 10 23 12 9 20 2 47 13 6 25
5 1 5 1 2 7 1 3 0 2 1 18 8 264 1252 562 1315 154 345 774 3155 4691 12358 6300 462 7783 398 76 15 3 9 21 87 133 46 57 593 907 90 2523 5242 2560 1569 44 16 37 78 41 251 20 3 2 12 28 6 7 17 20 14 16 85 69 143 194 10 6 31 19 65 134 4 42 138 159 56 46 22 11 55 0 11 3 31 41 177 103 12 30 70 55 159 210 14 133 364 22 4 3 163 3 0 1 0 1 0 2 0 2 0 0 0 3 8 1 4 6 31 9 11 15 123 27 46 36 16 9 7 1 4 1 0 0 0 15 3 34 4 16 42 72 16 47 8 2 21 9 6 3 63 7 11 6 14 2 0 4 0 1 0 1 0 3 0 0 3 6 8 14 7 3 6 2 0 5 8 25 4 6 16 6 32 41 28 4 12 45 1 4 5 3 3 7 9 0 5 0 10 2 3 5
9 3 7 3 1 4 2 2 1 0 0 12 13 91 338 631 434 690 443 681 191 864 6300 13304 576 3629 4079 131 54 10 11 6 56 30 1177 93 100 411 635 4296 2754 7071 2347 26 56 271 639 26 356 11 2 1 66 198 29 15 124 18 51 2 940 38 131 419 101 63 309 87 235 44 3 28 65 185 38 91 8 3 28 0 18 0 90 200 186 265 84 18 53 33 842 352 19 76 170 33 10 2 296 50 0 0 0 0 0 0 0 0 0 0 1 0 2 5 18 2 10 12 8 52 24 16 12 13 4 6 3 1 1 4 0 3 0 8 1 16 2 1 23 25 26 9 28 2 6 11 15 2 16 61 3 2 6 0 0 7 0 0 0 1 0 0 0 0 0 2 38 15 2 8 1 1 3 1 8 61 1 1 50 2 10 8 8 4 9 9 0 3 2 1 0 7 7 0 1 0 5 0 1 0
29 12 16 21 17 79 7 12 5 3 4 210 4 7 10 14 81 23 23 36 282 5362 462 576 10812 522 247 19 95 16 34 147 709 128 26 9 126 940 35 9047 141 74 474 27 10 19 1005 30 19 13 4 4 160 566 14 40 830 19 16 7 61 72 219 228 56 7 1488 110 83 76 6 477 331 342 132 25 150 17 313 1 9 1 336 715 1169 1937 2303 23 47 17 83 48 20 52 225 190 47 19 9112 1510 1 1 3 0 0 3 0 3 1 1 0 4 0 2 4 1 14 1 1 7 44 5 9 48 14 10 14 1 1 2 1 0 4 53 8 59 1 2 109 102 8 18 4 4 33 4 7 0 40 6 9 2 4 0 1 7 0 0 0 1 1 4 0 0 7 1 5 13 2 3 10 2 3 2 3 18 1 1 10 2 73 70 45 4 5 34 1 1 0 4 5 5 3 4 10 1 26 5 1 4
0 1 0 1 0 3 0 1 1 0 0 0 3 103 139 172 231 44 218 392 155 728 7783 3629 522 4296 1030 6 4 0 1 2 19 3 987 77 39 184 13 3864 311 48 101 12 1 12 215 2 10 2 0 0 18 51 3 4 23 1 17 2 17 4 9 22 3 0 69 24 3 11 0 13 24 78 6 1 4 1 6 0 5 0 33 69 117 119 7 2 1 2 8 13 1 6 30 3 1 1 123 11 0 0 0 0 0 0 0 0 0 0 0 1 2 0 0 0 13 5 5 1 21 7 17 7 6 3 1 0 1 0 0 0 0 0 1 3 1 1 4 16 0 10 1 0 4 1 0 0 11 2 0 1 0 0 0 0 0 0 0 0 0 0 0 0 2 1 3 1 0 0 1 0 0 1 0 3 0 0 1 0 1 6 13 0 0 5 0 0 0 0 1 0 0 0 1 0 2 1 0 0
10 2 7 1 2 3 2 3 3 2 0 11 25 2024 1679 1787 203 2301 448 345 48 243 398 4079 247 1030 15683 4654 134 12 17 8 52 46 12363 1231 167 268 1544 3088 618 323 1275 11 16 257 1873 15 46 6 1 2 80 400 15 8 458 24 280 51 560 89 452 2976 752 37 743 377 332 62 2 31 59 51 100 28 13 3 26 1 6 3 119 292 139 340 126 12 27 11 120 81 4 14 164 42 4 1 344 239 0 0 0 0 2 0 0 0 0 0 0 1 2 2 47 0 2 25 1 290 8 89 5 9 3 4 1 0 1 5 0 2 0 6 0 7 0 0 10 16 66 3 35 2 7 5 11 12 11 86 2 2 1 0 0 2 0 0 0 0 0 0 0 1 1 0 27 11 5 10 3 4 4 3 2 17 2 2 16 0 5 4 11 2 3 4 1 3 0 1 2 3 2 0 1 0 4 0 0 0
10 1 2 7 8 12 9 1 0 1 0 14 47 828 4443 6833 141 1141 122 88 35 25 76 131 19 6 4654 10216 533 55 119 14 16 53 624 688 220 68 8287 85 280 92 121 2 50 266 753 19 13 2 2 5 74 266 10 4 757 194 433 189 339 37 138 1078 1488 100 350 1138 1168 11 1 4 15 7 1019 36 0 2 3 0 4 0 53 76 60 47 125 6 5 5 75 27 3 7 44 83 0 19 32 318 0 1 0 0 2 0 0 0 0 1 0 0 0 26 127 0 4 48 2 708 13 183 3 2 1 2 0 8 0 25 2 5 1 2 1 1 2 2 3 15 243 6 152 0 27 14 37 25 15 317 6 2 0 3 0 2 0 0 0 1 1 3 0 1 14 2 59 60 22 41 3 6 12 4 5 102 0 0 29 1 2 3 3 7 3 2 0 1 0 1 1 5 3 0 1 0 0 4 0 0
4922 546 909 446 1185 805 2549 1389 325 264 10 332 1 138 140 56 37 56 4 6 108 77 15 54 95 4 134 533 29823 12813 5377 27 139 197 38 48 145 166 617 61 223 15 154 4 35 16 188 210 15 36 11 39 1653 10583 118 39 5854 105 66 34 61 1040 940 193 409 27 5689 289 2373 186 37 83 28 55 2076 165 32 3 65 1 48 0 446 1111 338 146 559 33 48 37 128 68 21 40 273 2237 47 5038 135 1174 34 3 13 16 8 29 25 19 43 21 31 75 0 0 2 0 1 1 0 27 7 3 1 22 7 2 3 0 0 4 4 3 15 55 2 35 0 1 41 23 11 5 13 5 19 15 18 3 7 34 8 0 8 5 1 12 2 4 1 1 3 11 1 5 6 0 37 21 7 9 11 11 3 5 16 72 0 1 108 26 94 30 8 3 23 31 3 5 3 2 7 13 10 0 35 9 19 2 2 7
9808 1974 455 2736 5408 3251 1521 680 133 87 5 1104 0 11 26 15 11 8 0 2 121 42 3 10 16 0 12 55 12813 22002 5780 68 110 82 6 10 42 71 83 4 443 8 24 3 7 3 16 66 15 12 21 81 580 1018 141 76 4950 20 6 8 11 112 61 10 26 5 500 27 300 30 19 54 11 13 370 26 23 1 28 5 90 4 658 447 574 213 35 57 24 11 31 123 62 17 29 1345 22 472 73 107 18 3 15 8 1 31 23 3 16 17 19 60 0 0 2 0 0 0 0 9 2 0 0 7 4 0 2 1 1 0 5 2 18 36 0 10 0 0 4 3 3 0 4 0 16 1 5 0 2 5 3 0 3 1 0 1 3 1 8 0 3 6 2 2 4 0 9 8 2 3 7 2 0 1 0 14 0 0 21 5 62 8 2 1 7 28 2 2 1 0 7 9 3 1 38 10 10 3 0 1
770 194 79 821 6341 1651 534 101 52 29 7 383 1 41 43 19 33 14 4 3 207 68 9 11 34 1 17 119 5377 5780 9644 94 259 302 4 17 129 147 142 15 868 5 28 1 12 9 40 85 9 5 14 55 451 993 104 127 7681 78 21 32 26 178 70 27 34 7 712 55 582 33 13 163 40 24 2284 94 51 1 94 2 59 1 613 528 1115 621 59 27 28 16 40 79 47 19 19 4986 48 307 88 2971 5 2 11 16 10 45 3 8 12 4 23 111 0 0 2 0 0 1 1 13 2 6 2 28 14 3 1 2 0 1 20 1 22 149 1 28 0 2 25 12 2 6 5 12 59 5 7 1 3 11 8 2 2 3 0 2 2 1 0 3 5 16 0 5 16 0 13 7 2 2 19 18 5 4 3 24 6 1 32 5 201 45 7 1 4 63 2 2 2 5 18 6 8 9 62 7 26 6 2 11
20 13 30 15 148 1621 17 3 16 29 17 1262 1 4 1 4 14 22 15 8 304 270 21 6 147 2 8 14 27 68 94 6688 5794 1510 0 1 59 568 23 20 286 1 21 1 1 9 23 27 5 3 4 2 52 85 10 24 16 1276 7 88 34 72 24 11 6 2 69 52 179 5 8 149 152 14 1721 29 20 2 47 0 4 0 119 128 403 225 31 6 3 5 32 9 8 5 11 5625 53 21 192 5 3 2 6 10 5 24 1 3 5 5 12 49 0 0 2 0 1 0 1 3 5 0 0 17 10 1 1 0 0 2 4 4 18 67 1 9 0 1 12 9 4 0 5 1 13 5 5 0 4 6 2 0 2 2 0 0 0 2 0 1 4 6 0 6 7 0 5 4 1 0 6 6 1 0 1 13 2 0 10 4 103 15 3 3 3 26 2 2 1 6 9 4 3 2 50 2 13 2 2 4
68 65 125 108 194 892 29 27 108 288 247 2992 31 6 7 18 42 116 143 59 846 1132 87 56 709 19 52 16 139 110 259 5794 8366 8276 15 0 52 4544 25 281 741 12 61 15 12 106 266 27 13 4 3 24 137 210 38 70 114 2258 45 263 225 39 34 32 18 13 235 604 128 8 7 895 3420 81 4876 30 91 11 218 1 32 1 269 336 931 589 331 14 8 8 100 30 14 14 31 3992 362 83 612 43 9 3 31 40 16 97 5 16 21 19 62 187 1 2 3 0 17 3 3 10 46 2 7 55 26 6 13 0 0 5 19 5 57 202 4 94 4 3 90 80 13 19 4 9 70 3 10 2 26 18 21 1 1 1 0 6 0 5 0 3 8 16 0 5 16 1 17 9 4 2 30 19 3 4 1 27 8 2 16 1 269 85 28 8 4 82 0 0 3 8 22 2 3 12 108 7 57 5 1 14
19 3 9 10 36 135 14 4 1 7 5 155 1 88 37 24 95 17 8 10 259 570 133 30 128 3 46 53 197 82 302 1510 8276 9361 21 77 2347 1681 45 205 144 11 22 3 3 7 465 8 2 1 1 10 43 85 9 3 156 6866 1094 2040 36 11 15 15 32 2 86 2293 101 5 0 81 134 19 4651 9 2 0 35 0 7 0 57 79 225 154 164 3 1 3 17 9 5 3 11 2831 3 11 105 32 0 0 2 1 0 1 0 0 3 0 1 4 1 0 1 0 9 0 2 9 9 3 1 17 7 7 4 0 1 0 1 1 1 31 1 25 1 0 38 45 2 4 2 3 8 0 0 0 13 4 2 0 0 1 0 0 0 1 0 0 1 2 0 0 2 1 3 2 2 3 4 2 2 1 1 1 1 0 6 0 19 13 6 2 2 10 0 0 0 3 4 1 0 1 5 0 6 1 3 0
2 2 0 0 0 2 0 0 0 0 0 1 0 2324 731 848 1099 597 465 847 8 26 46 1177 26 987 12363 624 38 6 4 0 15 21 8625 1898 538 257 311 2512 41 31 333 2 5 22 2457 5 3 3 0 1 12 71 1 2 69 24 1567 84 33 17 88 920 396 2 79 111 120 5 0 7 11 10 62 4 6 0 5 0 0 0 8 40 13 19 23 1 4 3 12 1 2 3 48 13 0 0 25 31 0 0 0 0 0 1 0 0 0 0 0 0 0 0 4 0 4 5 0 15 10 10 1 3 0 0 0 0 0 1 0 1 0 1 0 0 0 0 3 5 5 0 2 0 1 1 0 1 2 16 0 0 0 0 1 0 0 0 0 0 0 0 0 0 0 0 1 1 0 4 0 1 1 0 1 4 0 0 1 1 1 1 2 1 1 2 0 0 0 0 0 1 0 0 0 0 0 0 0 0
2 0 3 0 1 1 1 0 0 0 0 1 1 4886 771 168 915 54 63 225 18 19 57 93 9 77 1231 688 48 10 17 1 0 77 1898 2953 1926 51 360 186 21 1 49 0 2 3 4531 8 2 0 0 0 2 11 1 0 49 79 6212 389 10 19 48 220 361 2 14 376 396 2 1 0 1 2 224 5 0 0 0 0 0 0 5 4 7 7 19 1 4 1 6 0 1 0 9 12 0 1 4 15 0 0 0 0 0 0 0 0 0 0 0 0 0 1 0 0 0 0 0 8 0 3 1 1 0 0 0 1 0 1 0 0 0 0 0 0 0 0 2 1 1 0 2 0 1 1 2 1 0 3 0 1 0 0 0 0 0 0 0 0 0 0 0 0 0 0 4 3 1 1 0 0 0 0 0 5 0 0 1 3 0 1 0 0 1 1 0 0 0 0 0 0 1 0 0 0 0 0 0 0
7 5 4 1 15 21 11 0 1 3 1 34 21 2241 183 116 1756 159 201 53 412 763 593 100 126 39 167 220 145 42 129 59 52 2347 538 1926 6706 2225 133 1105 244 15 68 12 8 46 2751 11 3 5 0 1 19 63 3 6 191 1005 2331 1005 147 10 50 62 72 5 87 1503 264 9 1 9 23 54 1335 28 7 20 10 0 2 1 31 38 159 101 108 3 10 6 50 9 2 2 25 391 0 6 80 66 1 2 0 1 0 2 0 1 0 0 0 1 7 2 5 2 40 5 15 20 136 11 26 70 28 23 20 4 1 4 0 0 0 23 11 39 12 8 67 128 14 60 6 2 28 7 4 3 69 12 21 1 6 2 1 3 0 0 0 0 0 0 1 0 3 11 12 11 4 4 6 4 3 14 2 30 0 3 6 1 36 40 18 3 11 65 1 0 2 9 7 3 5 1 7 0 32 8 4 11
17 10 30 15 24 97 14 9 10 16 18 195 658 57 66 115 1420 571 7416 842 1096 2119 907 411 940 184 268 68 166 71 147 568 4544 1681 257 51 2225 19438 64 2986 650 75 317 5163 348 1453 1984 58 48 69 10 24 104 183 30 29 243 1273 168 90 1151 53 112 155 82 90 326 1475 160 31 11 350 4857 1572 1514 76 86 232 325 6 18 22 188 221 675 452 619 33 50 53 1265 76 12 29 128 1281 33 6 435 104 7 6 8 10 8 13 3 11 1 3 3 21 70 32 65 46 484 135 189 176 1373 369 428 629 248 185 195 17 33 32 16 8 27 246 73 362 69 125 699 1339 106 494 57 18 330 65 50 56 772 86 156 26 35 8 1 20 6 7 2 9 10 19 0 4 44 77 97 136 22 33 68 47 22 73 12 185 11 15 93 26 384 547 244 30 52 522 5 10 9 62 47 39 40 16 49 3 215 72 25 69
18 4 12 0 13 12 15 5 1 0 0 12 45 215 808 2000 82 3087 53 51 32 62 90 635 35 13 1544 8287 617 83 142 23 25 45 311 360 133 64 6596 83 1002 506 676 8 196 268 478 208 76 9 2 4 74 293 28 5 822 189 260 146 4012 125 252 953 4010 246 399 887 2666 49 13 6 16 12 1033 415 4 5 2 1 8 2 64 76 84 71 117 33 54 23 380 172 10 43 171 146 1 13 53 321 0 0 0 0 2 0 0 0 0 0 1 1 2 78 311 6 9 56 2 757 22 127 10 5 1 8 3 22 4 60 23 24 0 8 2 14 0 3 12 22 580 15 570 3 44 124 232 69 13 749 11 2 7 6 1 7 0 2 1 0 1 5 0 6 13 5 255 242 50 87 18 27 48 26 7 445 2 6 134 9 3 4 11 40 26 6 2 3 3 7 3 12 14 7 1 1 6 3 11 1
7 5 12 4 4 12 5 3 1 0 1 23 12 251 314 231 1597 86 620 1098 238 3061 2523 4296 9047 3864 3088 85 61 4 15 20 281 205 2512 186 1105 2986 83 10512 283 200 1020 120 20 51 2694 23 35 9 1 12 112 428 9 24 242 18 125 40 128 75 215 330 98 14 706 418 170 49 4 189 463 731 59 39 94 36 162 0 10 2 195 508 458 811 284 11 28 21 98 41 13 47 243 39 25 4 1077 168 1 1 0 0 0 0 0 2 0 0 0 2 8 1 3 0 62 22 23 21 137 15 47 70 31 19 32 1 3 3 1 1 3 29 8 58 3 14 94 183 12 36 5 1 28 8 5 1 75 12 10 3 5 2 0 4 0 1 0 1 1 2 1 0 3 10 11 8 4 3 8 4 1 5 5 25 0 0 19 5 52 54 75 2 7 41 1 4 0 7 6 8 5 3 6 0 23 7 4 3
999 887 1524 835 618 1141 157 389 42 111 27 1190 28 191 1359 1257 652 1107 337 505 1399 636 5242 2754 141 311 618 280 223 443 868 286 741 144 41 21 244 650 1002 283 4501 3925 1156 50 136 392 61 237 1035 120 85 161 341 82 2039 2177 231 79 25 11 975 204 157 164 102 117 105 69 472 327 165 372 331 214 405 254 118 22 316 25 512 37 838 110 593 184 67 734 485 298 1361 1553 375 521 319 674 79 57 136 203 6 4 4 14 5 22 1 8 16 3 12 46 2 12 39 4 22 20 12 127 81 50 21 107 49 19 18 8 4 9 21 12 30 205 8 116 2 7 187 108 76 49 52 12 111 36 44 10 57 113 47 22 56 11 1 43 4 5 18 21 9 13 2 5 36 8 65 73 21 17 36 26 24 13 45 130 10 23 222 35 238 203 35 31 61 172 29 16 45 16 25 84 33 18 75 8 65 8 16 21
9 2 10 2 0 0 1 2 0 1 0 3 22 6 81 198 87 440 99 135 47 167 2560 7071 74 48 323 92 15 8 5 1 12 11 31 1 15 75 506 200 3925 5874 2704 13 75 275 44 28 1328 25 1 1 16 35 15 5 30 10 1 0 828 21 60 90 83 76 38 14 240 28 2 9 15 23 18 136 1 2 4 0 6 1 20 27 28 43 10 24 60 80 841 726 16 82 93 24 2 0 46 5 0 0 0 0 1 0 0 0 0 0 0 0 0 5 26 0 3 1 2 82 8 14 4 4 3 3 1 3 0 4 1 3 1 2 2 5 1 1 1 10 48 5 40 1 8 20 27 5 9 80 1 5 10 1 0 10 0 1 0 0 0 1 0 1 5 0 47 31 8 15 2 5 4 3 8 69 1 1 80 12 1 1 2 3 25 3 0 2 4 0 0 11 12 0 0 0 3 0 0 1
10 2 8 6 5 12 3 8 2 1 3 10 34 46 130 337 201 643 239 276 164 946 1569 2347 474 101 1275 121 154 24 28 21 61 22 333 49 68 317 676 1020 1156 2704 5999 66 334 473 354 118 2438 132 2 11 97 376 25 26 307 13 24 4 2318 186 1546 4415 463 176 597 123 799 193 21 28 68 107 71 1026 21 7 42 1 42 2 147 291 319 401 58 139 520 645 4823 756 81 450 1467 38 12 6 448 102 0 1 0 1 0 0 0 0 0 0 0 1 0 1 23 2 7 11 5 85 24 19 12 9 3 6 6 1 1 1 5 8 1 10 2 10 0 4 18 24 54 17 37 3 16 84 110 8 30 133 8 33 48 7 3 93 0 3 2 6 0 2 1 2 6 2 167 101 29 35 10 19 13 8 61 331 4 15 454 77 13 6 14 13 138 7 6 27 23 3 0 86 61 2 1 1 6 2 1 4
3 1 2 2 1 6 2 2 16 3 2 9 5301 1 1 17 75 94 9874 365 31 56 44 26 27 12 11 2 4 3 1 1 15 3 2 0 12 5163 8 120 50 13 66 11245 4386 956 20 38 33 713 6 68 5 6 3 2 5 1 0 0 166 32 32 9 7 933 10 8 82 15 15 743 5197 2435 4 49 1149 2829 4003 41 34 260 9 7 16 10 8 164 79 389 1123 44 5 14 93 1 143 17 12 2 1 2 0 0 0 3 0 1 1 0 0 6 22 10 106 17 149 211 103 258 523 694 363 119 60 56 61 8 20 13 1 3 3 45 12 61 19 41 137 350 43 146 20 6 73 26 34 99 284 84 29 13 18 6 0 22 4 6 1 5 3 8 0 1 9 17 38 48 8 16 7 7 9 18 16 83 1 5 95 17 78 104 315 4 39 142 7 10 10 7 6 35 23 3 12 2 38 13 5 22
7 0 5 0 0 6 6 6 67 12 2 12 2398 1 8 25 32 88 967 146 10 10 16 56 10 1 16 50 35 7 12 1 12 3 5 2 8 348 196 20 136 75 334 4386 13007 1860 15 117 176 6226 6 38 43 37 3 0 42 4 2 2 358 175 222 79 308 3401 29 24 837 83 20 160 344 454 30 195 950 494 776 17 78 181 9 13 8 15 4 338 305 2334 2542 201 13 72 328 16 520 101 7 9 2 2 1 2 3 3 1 2 0 0 2 4 0 9 82 4 7 23 4 292 20 111 11 5 3 11 9 16 1 4 21 15 0 6 2 7 1 2 12 12 137 10 203 14 20 217 261 22 17 562 10 28 64 21 4 111 5 6 2 17 3 4 0 0 9 2 628 248 78 134 14 33 26 13 102 885 18 25 1062 180 7 4 17 34 326 10 16 78 46 7 1 235 110 4 4 0 10 9 7 1
0 1 6 1 0 1 2 2 2 1 0 4 2171 4 9 39 142 6631 5052 308 20 45 37 271 19 12 257 266 16 3 9 9 106 7 22 3 46 1453 268 51 392 275 473 956 1860 6249 26 31 49 49 0 2 7 20 10 4 36 8 2 1 2670 41 93 374 313 1519 50 8 210 38 1 45 355 257 25 51 26 38 86 0 9 8 11 25 15 24 8 23 40 66 932 119 3 31 95 25 8 6 18 13 0 6 0 0 3 3 0 2 0 0 0 1 6 170 929 16 40 177 27 1793 150 520 100 23 10 50 10 61 9 161 33 30 4 19 4 30 8 13 33 97 1062 32 1104 11 89 175 381 181 103 1352 25 16 9 11 2 22 0 0 0 0 0 9 0 7 42 11 374 409 96 279 13 50 75 39 8 580 5 4 202 23 11 10 55 59 36 14 2 9 7 10 4 21 31 20 0 0 11 5 12 4
7 3 2 2 5 7 5 1 5 2 1 10 4 1749 382 100 1951 83 174 435 31 59 78 639 1005 215 1873 753 188 16 40 23 266 465 2457 4531 2751 1984 478 2694 61 44 354 20 15 26 8110 26 22 8 0 2 50 239 3 4 600 90 1045 792 74 137 349 482 736 14 576 5597 919 43 6 116 256 154 312 36 52 8 143 0 1 0 48 123 77 159 2186 7 16 12 61 7 0 18 98 46 11 4 305 520 0 0 1 1 0 1 0 0 0 0 0 4 1 0 1 0 8 1 0 21 19 5 3 14 2 2 7 2 2 1 2 1 0 13 1 22 1 3 28 46 7 7 7 2 20 3 5 0 12 24 3 0 2 2 1 0 0 0 0 0 0 1 0 0 0 0 13 10 3 3 4 0 4 0 7 29 1 0 23 3 22 21 13 1 14 11 0 0 0 3 0 2 5 1 2 0 6 1 0 3
33 10 18 6 18 28 10 15 1 4 1 24 9 3 32 38 21 45 15 16 16 74 41 26 30 2 15 19 210 66 85 27 27 8 5 8 11 58 208 23 237 28 118 38 117 31 26 14459 394 553 6 18 27 76 8 4 156 82 11 6 712 8916 1281 51 23 44 70 78 6057 674 2997 10 18 19 349 9041 11 3 9 10 1238 90 25 34 37 28 18 2369 4548 544 2529 698 43 323 995 191 8 13 24 22 2 2 0 0 0 1 0 0 0 0 0 1 0 5 8 3 3 3 3 36 19 7 1 1 5 6 12 2 0 0 27 19 1 5 0 10 1 0 11 13 41 12 10 19 11 245 52 10 21 85 15 242 708 54 10 500 9 20 28 103 2 14 0 3 7 1 149 202 142 15 13 58 24 23 559 530 43 146 1364 299 6 6 10 36 610 7 177 134 425 4 5 974 400 4 2 0 6 6 8 4
28 13 27 5 6 15 6 15 2 8 0 6 7 2 35 91 43 92 70 76 31 88 251 356 19 10 46 13 15 15 9 5 13 2 3 2 3 48 76 35 1035 1328 2438 33 176 49 22 394 8113 218 16 13 5 26 15 15 24 3 0 2 205 279 77 30 16 39 40 7 111 489 55 8 11 29 11 423 14 6 9 5 139 9 26 13 31 27 1 493 932 619 1356 5638 511 5999 4262 12 9 2 24 7 0 0 0 0 0 0 0 1 0 0 0 0 1 0 3 0 3 1 1 20 6 5 6 3 3 0 3 2 0 0 4 3 0 4 0 1 0 0 3 8 18 3 5 0 1 62 24 1 5 32 5 43 79 10 2 130 0 2 2 12 0 2 0 1 2 1 55 60 33 9 2 19 5 5 113 124 7 19 315 63 3 3 7 13 135 6 26 25 42 2 1 181 78 4 0 0 4 1 2 1
13 4 15 3 2 4 6 10 76 7 8 14 79 2 5 16 13 11 118 30 5 26 20 11 13 2 6 2 36 12 5 3 4 1 3 0 5 69 9 9 120 25 132 713 6226 49 8 553 218 14796 122 1170 40 12 21 7 33 4 1 0 57 983 313 13 14 1405 16 9 356 374 114 114 104 1167 25 320 941 508 427 1011 726 4837 18 12 7 12 3 3866 2398 6176 1492 272 37 194 639 13 739 102 14 5 3 2 0 4 0 0 0 1 0 1 0 3 0 4 4 3 4 7 2 21 15 14 2 1 7 4 9 3 3 1 12 12 1 5 1 12 3 0 9 4 32 12 19 19 3 231 55 7 22 66 12 245 671 64 14 662 29 12 104 227 3 5 0 3 5 0 99 177 125 24 14 26 17 10 436 347 79 201 1567 222 9 2 10 23 476 19 332 760 639 1 2 1265 439 1 9 0 6 0 5 1
49 19 44 4 3 15 21 36 13 6 0 10 0 0 1 2 0 0 2 0 0 2 3 2 4 0 1 2 11 21 14 4 3 1 0 0 0 10 2 1 85 1 2 6 6 0 0 6 16 122 10116 12295 103 10 369 50 3 0 0 0 6 8 6 3 3 45 8 0 0 217 23 8 3 76 3 1 26 6 9 674 1303 151 140 17 18 10 2 56 21 13 16 3716 5830 94 6 8 23 18 8 4 0 0 0 0 0 0 0 3 1 1 0 0 0 0 0 0 0 0 1 1 0 0 0 3 0 1 1 0 0 0 1 0 0 4 0 1 0 0 8 2 0 1 0 0 2 0 0 0 1 0 0 3 1 1 0 2 161 14 460 66 6 2 1 0 0 0 1 0 0 1 1 0 0 0 0 3 10 3 4 0 3 1 1 0 1 3 10 5 18 0 0 5 0 0 1 1 2 0 1 0
166 65 185 32 16 40 82 174 28 32 1 39 3 0 2 1 1 1 7 1 2 7 2 1 4 0 2 5 39 81 55 2 24 10 1 0 1 24 4 12 161 1 11 68 38 2 2 18 13 1170 12295 18940 300 19 856 81 20 1 0 0 0 39 10 7 4 364 16 1 21 194 62 23 28 580 25 4 176 76 63 11632 4487 3890 360 60 72 36 6 1548 99 119 26 2646 3638 50 17 23 164 99 18 8 5 0 0 2 3 1 4 11 3 0 0 3 0 0 0 1 2 0 0 0 5 1 1 6 3 2 2 0 0 1 1 0 4 13 0 15 0 0 13 13 3 4 2 8 7 6 1 0 19 2 0 28 36 11 1 39 1161 115 4592 1430 11 5 1 1 0 0 5 1 4 15 8 1 0 1 7 2 190 103 54 3 21 17 32 2 5 31 493 58 631 1 17 68 42 0 13 5 1 0 0 1
1094 265 665 148 154 203 1342 1215 296 374 54 320 6 12 13 5 8 13 5 5 16 21 12 66 160 18 80 74 1653 580 451 52 137 43 12 2 19 104 74 112 341 16 97 5 43 7 50 27 5 40 103 300 19208 6420 8486 59 423 21 8 2 27 144 219 86 90 16 497 34 302 66 9 145 67 61 302 23 164 23 66 22 124 26 3544 1019 529 347 183 22 16 24 48 351 97 33 88 288 511 5553 245 266 36 1 11 13 2 25 20 19 33 11 26 61 0 0 0 0 2 2 0 8 14 2 0 27 8 4 4 0 0 0 9 0 8 45 1 39 0 0 43 42 6 11 2 2 16 1 3 0 12 7 6 0 0 2 0 4 4 1 9 3 0 6 1 5 4 1 10 2 0 1 12 4 2 1 1 8 0 2 7 1 72 36 15 5 4 34 1 1 3 4 5 1 2 2 38 14 18 2 3 4
1290 390 826 208 284 241 1201 1045 155 201 9 177 4 43 40 25 29 38 13 15 24 59 28 198 566 51 400 266 10583 1018 993 85 210 85 71 11 63 183 293 428 82 35 376 6 37 20 239 76 26 12 10 19 6420 10341 109 8 2216 38 20 5 90 517 814 437 383 31 5040 207 1134 144 14 119 80 76 955 85 51 8 67 3 22 4 525 2881 103 175 945 23 58 33 133 52 21 47 337 517 39 2502 606 1166 14 1 7 3 4 13 10 4 14 7 17 27 0 0 4 1 4 4 3 14 15 4 1 16 8 4 2 1 0 3 6 0 12 48 0 26 1 0 40 46 12 9 14 3 23 8 17 1 15 23 5 1 5 0 0 5 0 2 0 1 1 3 1 4 9 2 23 15 4 2 16 5 1 1 7 41 0 2 34 8 64 40 9 4 15 19 0 0 4 3 5 21 1 3 18 10 16 0 2 4
320 111 300 59 48 64 230 297 44 64 3 67 1 0 6 9 1 23 3 5 16 12 6 29 14 3 15 10 118 141 104 10 38 9 1 1 3 30 28 9 2039 15 25 3 3 10 3 8 15 21 369 856 8486 109 19654 627 42 6 1 0 20 16 29 16 8 9 39 5 45 71 25 29 21 42 46 9 10 2 26 65 316 22 4598 90 253 72 29 66 13 12 32 1603 334 52 20 53 38 539 42 41 7 1 1 1 1 1 2 2 7 2 4 9 0 0 0 0 0 1 1 2 5 0 0 11 3 2 3 1 0 0 0 0 2 21 1 5 0 0 26 21 1 3 1 0 9 0 1 0 6 0 4 2 2 0 0 3 17 2 27 6 0 1 0 0 4 0 4 0 1 0 5 2 1 0 0 6 1 3 5 0 15 23 4 0 2 4 6 1 5 4 3 5 3 2 2 3 8 2 0 2
199 121 242 90 56 123 43 120 9 36 2 137 0 1 5 3 1 4 1 3 974 64 7 15 40 4 8 4 39 76 127 24 70 3 2 0 6 29 5 24 2177 5 26 2 0 4 4 4 15 7 50 81 59 8 627 3311 32 3 3 1 13 11 16 17 7 1 24 5 28 23 7 33 16 19 63 2 6 5 20 6 78 4 3752 19 1848 117 13 26 12 5 14 395 90 29 15 95 8 22 78 50 0 1 0 1 1 0 0 2 1 0 0 0 0 0 0 0 2 0 0 1 2 1 2 5 3 1 1 0 0 0 3 1 1 7 1 13 0 0 19 6 2 0 0 0 7 0 0 1 2 1 3 0 1 0 0 1 2 0 7 1 1 0 1 0 1 0 0 1 0 1 0 0 1 1 2 0 1 0 1 0 16 12 4 2 3 5 1 0 3 0 0 0 0 0 3 1 7 1 0 0
175 66 51 59 415 109 164 34 14 14 1 52 2 125 106 45 50 71 10 25 59 57 17 124 830 23 458 757 5854 4950 7681 16 114 156 69 49 191 243 822 242 231 30 307 5 42 36 600 156 24 33 3 20 423 2216 42 32 15107 107 75 29 97 911 1274 427 975 53 10737 764 2861 211 23 132 44 60 3907 125 51 3 100 1 40 0 321 730 314 618 2868 21 58 61 190 65 17 50 397 2071 23 132 1994 10453 3 2 6 8 2 6 0 4 4 2 5 23 0 1 6 0 4 1 1 44 8 5 0 22 8 1 1 0 0 1 8 4 13 103 0 33 0 0 37 24 21 4 14 9 39 22 20 1 7 59 10 3 8 2 1 14 2 6 2 3 4 6 0 3 10 0 55 22 4 14 20 16 7 2 11 76 2 0 88 25 117 35 8 8 39 44 2 4 8 3 15 21 12 3 19 0 41 6 1 9
6 2 3 0 7 28 4 0 1 2 1 47 0 139 124 62 109 45 17 4 41 72 20 18 19 1 24 194 105 20 78 1276 2258 6866 24 79 1005 1273 189 18 79 10 13 1 4 8 90 82 3 4 0 1 21 38 6 3 107 3284 385 3700 62 90 24 14 26 12 45 2270 551 15 6 127 182 5 1947 85 1 0 52 0 8 0 22 31 65 40 14 5 4 3 57 10 3 2 12 788 0 2 18 66 0 0 0 1 0 2 0 0 0 0 0 0 0 1 3 0 0 0 1 9 3 3 2 3 0 0 1 1 0 0 0 1 0 10 1 3 0 0 7 4 5 1 6 1 5 10 7 2 1 21 1 0 2 2 0 2 0 0 0 0 1 1 0 0 1 0 15 9 2 3 2 0 1 0 3 33 1 0 26 3 5 5 2 2 5 1 0 2 0 0 2 1 0 0 1 0 2 0 0 0
4 2 0 0 0 0 1 0 0 0 0 1 0 1561 475 64 674 18 57 178 25 88 14 51 16 17 280 433 66 6 21 7 45 1094 1567 6212 2331 168 260 125 25 1 24 0 2 2 1045 11 0 1 0 0 8 20 1 3 75 385 2803 2075 7 40 44 84 195 2 18 1305 474 8 1 3 6 1 475 13 1 1 2 0 1 0 11 5 20 19 40 2 4 1 11 0 0 1 5 17 1 2 7 35 0 0 0 0 0 0 0 0 0 0 0 0 0 0 1 0 0 1 0 7 1 6 0 0 0 0 0 0 0 0 0 0 0 0 0 0 0 0 1 0 2 0 1 0 1 5 0 0 0 3 0 0 1 0 0 0 0 0 0 0 0 0 0 0 0 0 1 2 0 1 0 0 0 0 1 6 0 0 5 3 0 0 0 0 4 0 0 1 0 2 0 1 1 0 0 0 0 0 0 0
3 0 0 1 3 7 2 1 0 0 0 4 0 244 97 22 47 7 1 11 12 27 16 2 7 2 51 189 34 8 32 88 263 2040 84 389 1005 90 146 40 11 0 4 0 2 1 792 6 2 0 0 0 2 5 0 1 29 3700 2075 1079 5 8 22 12 81 1 16 2179 205 1 0 6 10 0 1209 6 1 0 1 0 0 0 9 3 14 5 24 1 2 0 3 0 0 0 5 228 0 0 2 15 0 0 0 0 0 0 0 0 0 0 0 0 1 0 0 0 0 0 0 2 0 2 0 1 0 0 0 0 0 0 0 0 0 0 0 0 0 0 1 1 1 0 0 0 0 0 0 1 0 3 0 0 0 0 0 1 0 0 0 0 0 0 0 0 0 0 2 0 0 1 0 0 0 0 0 2 0 0 2 0 2 0 0 0 0 0 0 0 0 0 0 1 0 0 0 0 0 0 0 0
11 3 13 4 4 12 4 4 4 1 3 21 124 11 51 308 284 5184 477 407 51 116 85 940 61 17 560 339 61 11 26 34 225 36 33 10 147 1151 4012 128 975 828 2318 166 358 2670 74 712 205 57 6 0 27 90 20 13 97 62 7 5 10282 354 719 1590 509 363 155 62 4387 192 40 46 244 72 122 6724 7 18 59 1 32 2 22 60 56 63 23 79 236 79 3353 469 37 172 658 109 7 4 53 25 1 2 1 0 3 4 0 0 0 0 0 5 7 133 624 10 19 64 14 824 94 164 41 17 9 30 8 43 11 94 31 33 6 21 7 30 6 14 29 57 811 29 1024 7 58 195 600 136 60 1411 33 27 23 17 2 32 2 5 1 3 6 16 1 5 49 13 493 504 113 114 33 59 90 32 28 923 9 9 352 50 16 18 16 81 106 18 5 8 10 13 9 59 50 11 2 0 19 6 17 11
37 11 16 5 12 48 39 11 5 2 0 43 8 16 50 48 14 38 35 26 37 130 69 38 72 4 89 37 1040 112 178 72 39 11 17 19 10 53 125 75 204 21 186 32 175 41 137 8916 279 983 8 39 144 517 16 11 911 90 40 8 354 19594 12834 412 323 61 608 230 5469 8676 4459 12 22 47 555 1360 27 7 19 29 1610 334 110 171 119 118 83 2544 2275 898 1668 434 136 1558 2360 238 22 40 77 153 0 1 0 1 3 0 0 1 2 0 0 0 0 0 3 3 3 11 2 29 10 8 4 6 6 5 14 3 4 4 12 18 0 1 1 6 0 3 14 12 43 18 13 17 5 237 66 0 26 75 16 403 1121 59 18 595 16 19 74 254 3 5 0 6 6 1 161 203 196 33 17 40 13 17 613 495 102 317 1230 181 8 5 12 19 532 26 411 222 879 5 1 1288 513 0 5 0 9 1 4 5
17 6 9 3 7 15 19 10 2 2 0 20 17 24 48 74 50 101 75 64 61 321 143 131 219 9 452 138 940 61 70 24 34 15 88 48 50 112 252 215 157 60 1546 32 222 93 349 1281 77 313 6 10 219 814 29 16 1274 24 44 22 719 12834 26514 5486 4110 82 1169 290 5111 2163 106 23 28 34 230 1208 12 3 18 3 82 14 205 403 242 311 113 237 1098 739 2720 159 42 541 5384 60 9 29 265 279 0 1 0 0 0 0 0 1 0 0 1 0 0 2 9 1 4 7 2 42 23 12 5 1 3 2 4 1 0 2 15 14 1 3 0 5 0 1 10 11 43 4 22 11 5 198 112 3 16 123 7 58 158 13 6 246 0 9 1 13 0 5 0 1 7 1 191 154 105 22 8 35 23 17 297 616 17 40 1026 281 4 7 6 22 443 3 25 79 67 4 0 415 168 2 1 0 7 7 10 3
3 4 3 0 3 9 1 3 1 1 0 9 17 239 224 229 51 798 100 78 63 345 194 419 228 22 2976 1078 193 10 27 11 32 15 920 220 62 155 953 330 164 90 4415 9 79 374 482 51 30 13 3 7 86 437 16 17 427 14 84 12 1590 412 5486 6201 3562 99 709 200 1468 145 7 16 37 34 56 230 9 0 15 0 12 2 137 342 221 305 80 15 64 57 1364 51 11 36 1615 42 3 5 314 153 0 0 0 0 1 0 0 0 0 0 0 0 0 4 36 1 1 11 3 201 9 24 5 2 3 4 4 5 0 6 6 2 0 4 0 6 2 0 9 15 98 5 57 1 13 23 28 7 2 150 3 0 7 1 0 5 0 0 1 1 0 1 0 0 3 0 66 29 11 30 2 11 9 3 9 105 1 5 79 7 3 7 7 13 13 2 2 4 5 3 0 11 9 0 0 0 4 1 0 1
9 6 3 3 2 4 9 2 1 0 0 5 30 227 244 120 34 360 37 17 12 28 10 101 56 3 752 1488 409 26 34 6 18 32 396 361 72 82 4010 98 102 83 463 7 308 313 736 23 16 14 3 4 90 383 8 7 975 26 195 81 509 323 4110 3562 7119 382 749 571 11709 88 8 13 14 13 267 84 7 2 11 2 13 1 64 152 83 125 117 10 42 30 449 43 8 28 353 29 5 6 88 430 0 0 0 1 1 0 0 0 0 0 0 2 0 17 90 0 5 7 3 418 6 17 4 2 2 6 2 13 0 9 8 5 0 0 5 6 6 2 6 12 211 9 226 7 17 101 193 16 9 600 11 7 8 6 3 6 0 2 0 1 2 4 0 2 10 2 466 189 42 85 9 27 26 12 9 606 6 4 288 14 7 2 3 23 58 0 0 3 3 6 6 18 21 4 0 0 2 1 5 1
5 0 2 0 0 3 3 3 26 7 0 3 2269 2 6 12 8 174 303 18 4 5 6 63 7 0 37 100 27 5 7 2 13 2 2 2 5 90 246 14 117 76 176 933 3401 1519 14 44 39 1405 45 364 16 31 9 1 53 12 2 1 363 61 82 99 382 1532 39 20 636 32 14 53 88 933 17 185 413 1392 276 215 69 961 9 6 10 8 3 344 99 751 2083 91 7 21 111 14 219 25 7 8 0 0 0 1 1 1 0 0 0 0 3 0 0 14 191 2 6 22 4 219 18 99 12 3 0 9 2 10 0 11 9 3 1 11 1 11 0 1 9 8 101 6 122 4 16 79 193 46 28 366 4 14 20 16 1 14 6 6 14 15 0 5 0 2 9 2 121 124 28 558 8 12 12 8 21 188 8 17 244 27 3 6 20 9 51 3 15 11 27 3 2 49 31 4 1 2 4 2 5 3
315 205 330 122 161 204 76 126 16 26 4 134 1 44 29 21 48 55 15 30 40 89 31 309 1488 69 743 350 5689 500 712 69 235 86 79 14 87 326 399 706 105 38 597 10 29 50 576 70 40 16 8 16 497 5040 39 24 10737 45 18 16 155 608 1169 709 749 39 16803 434 1471 205 15 124 96 99 1240 80 44 7 91 0 25 0 752 4933 891 4495 2352 26 72 46 203 83 24 61 510 457 20 65 3398 3028 0 1 3 3 4 2 0 0 1 2 0 6 1 0 6 0 6 2 1 34 16 2 1 24 14 4 4 1 1 1 3 0 1 22 0 26 1 1 61 38 11 15 18 1 19 15 14 1 12 49 7 0 4 2 0 13 0 0 1 0 1 1 1 3 5 0 44 22 5 11 5 1 1 1 10 71 1 2 37 11 28 51 15 5 23 17 1 6 2 1 1 16 7 1 5 0 9 0 0 1
4 3 7 0 2 7 3 2 3 0 2 10 0 486 323 105 193 84 22 39 27 34 19 87 110 24 377 1138 289 27 55 52 604 2293 111 376 1503 1475 887 418 69 14 123 8 24 8 5597 78 7 9 0 1 34 207 5 5 764 2270 1305 2179 62 230 290 200 571 20 434 6926 2247 37 8 147 297 70 3611 67 49 6 133 0 3 0 49 83 66 80 709 5 10 22 72 9 2 7 80 74 9 8 112 914 0 0 0 0 0 0 0 0 0 0 0 2 0 1 4 0 4 3 1 16 2 3 0 18 5 0 3 0 0 2 0 0 1 19 0 15 0 0 14 16 8 2 9 2 6 8 3 4 6 24 0 0 2 1 0 4 0 0 0 0 0 0 0 0 2 2 15 11 5 4 5 1 0 1 9 40 1 2 44 8 9 20 6 2 13 5 0 1 0 2 0 10 7 0 0 0 5 2 0 0
63 10 21 8 41 90 47 12 5 5 2 96 31 183 845 492 117 356 74 50 68 164 65 235 83 3 332 1168 2373 300 582 179 128 101 120 396 264 160 2666 170 472 240 799 82 837 210 919 6057 111 356 0 21 302 1134 45 28 2861 551 474 205 4387 5469 5111 1468 11709 636 1471 2247 15746 520 161 26 40 42 3019 14009 43 15 36 1 141 5 243 307 255 232 328 173 495 435 3904 219 25 120 827 672 26 68 114 821 2 5 0 0 1 3 0 2 2 0 0 1 1 30 190 2 10 28 10 513 86 28 15 13 17 13 16 18 1 30 48 33 6 21 5 34 2 8 52 60 333 48 443 38 47 503 849 58 67 1453 44 92 148 62 12 308 3 22 5 7 5 28 0 4 27 6 1515 653 223 176 57 133 89 47 234 2973 57 48 2644 483 11 14 15 105 884 10 11 91 51 31 12 285 237 13 6 1 14 23 41 11
55 16 65 19 17 19 27 47 10 12 0 21 4 1 13 43 23 32 35 52 24 135 134 44 76 11 62 11 186 30 33 5 8 5 5 2 9 31 49 49 327 28 193 15 83 38 43 674 489 374 217 194 66 144 71 23 211 15 8 1 192 8676 2163 145 88 32 205 37 520 6575 701 5 19 38 73 390 22 3 17 29 627 229 72 83 71 84 14 1128 959 473 932 1373 2234 3098 3373 31 9 18 58 38 0 0 0 0 1 0 0 0 1 0 1 0 0 2 1 0 1 0 1 11 3 4 1 4 4 4 4 1 0 0 2 3 1 2 1 2 0 0 12 10 11 3 6 6 3 70 17 3 13 27 1 173 437 37 7 215 29 7 82 202 0 1 0 1 2 1 32 41 58 6 2 15 3 4 152 101 65 195 306 49 2 4 5 10 127 10 285 84 577 1 0 424 200 1 2 0 0 1 3 3
25 11 31 6 5 7 15 15 4 3 0 6 2 1 2 9 0 0 3 3 2 7 4 3 6 0 2 1 37 19 13 8 7 0 0 1 1 11 13 4 165 2 21 15 20 1 6 2997 55 114 23 62 9 14 25 7 23 6 1 0 40 4459 106 7 8 14 15 8 161 701 12053 3 6 14 42 124 8 2 3 35 8136 278 17 2 12 10 1 3865 398 149 209 375 72 60 106 18 3 9 2 5 1 0 0 0 0 0 0 1 0 0 1 1 1 0 0 0 0 1 2 3 1 3 0 3 0 0 2 0 0 0 3 0 0 1 0 0 0 0 3 6 4 1 3 4 3 32 4 2 3 7 2 125 252 14 6 88 29 8 138 363 1 0 0 0 0 0 9 19 27 4 3 2 3 1 39 27 114 278 103 17 4 3 10 1 44 12 422 28 726 0 0 199 120 0 6 0 2 0 1 0
82 138 282 212 185 406 30 32 435 464 375 1441 107 1 5 1 12 13 85 19 372 440 42 28 477 13 31 4 83 54 163 149 895 81 7 0 9 350 6 189 372 9 28 743 160 45 116 10 8 114 8 23 145 119 29 33 132 127 3 6 46 12 23 16 13 53 124 147 26 5 3 2063 1795 443 149 14 2082 469 4741 12 16 73 138 125 398 248 217 23 13 44 100 33 11 4 13 481 2423 369 305 26 29 17 63 95 46 229 8 35 53 39 133 391 2 3 3 2 18 11 6 25 60 23 26 116 57 24 18 0 3 5 31 8 91 433 7 105 6 5 148 100 13 28 4 30 110 6 7 2 56 8 36 7 4 8 0 7 3 13 5 9 14 27 6 9 49 2 5 23 7 5 70 40 27 9 0 11 6 1 5 1 740 184 58 26 3 262 5 4 3 29 57 4 7 36 323 15 105 18 13 36
