38103 5548 12858 3150 4216 4763 8375 7668 65 6274 72 3428 1 10 11 23 7 24 1 5 166 107 5 11 28 5 27 41 5237 7757 1347 235 541 163 15 0 47 63 41 24 1356 11 12 3 1 4 35 70 139 3 137 454 859 1896 416 312 283 32 6 8 11 61 39 22 79 2 371 53 243 140 31 201 81 109 221 52 97 1 119 37 263 5 2386 669 839 34 43 66 42 3 11 455 207 216 214 815 195 2209 24 36 236 235 586 238 86 558 28 9 155 63 164 678 0 0 2 0 1 1 0 6 1 2 1 83 58 4 4 0 0 1 237 3 271 227 0 10 0 1 11 1 1 5 4 19 49 0 1 2 1 15 3 2 7 1 1 5 30 20 21 3 37 21 7 48 1 0 2 1 2 0 62 31 2 0 3 7 9 5 12 0 400 51 42 4 3 270 8 0 19 10 48 7 4 72 148 143 33 7 3 6
5548 10696 2376 11824 3934 8206 354 97 18 82 18 1028 0 4 3 5 0 4 0 0 74 61 3 2 9 2 7 5 535 2337 845 66 230 10 4 0 3 11 1 8 478 2 4 0 0 2 12 2 58 0 31 100 158 327 81 79 22 11 2 1 2 8 4 7 4 1 169 9 9 24 8 119 9 47 84 2 44 0 62 2 58 1 536 207 348 13 7 13 7 1 4 99 52 43 49 107 83 108 7 10 157 152 340 166 63 404 15 7 120 46 95 501 0 0 0 0 0 0 1 0 0 0 0 59 24 1 4 0 0 0 146 4 196 164 0 5 0 0 6 0 1 1 0 19 36 0 0 0 1 0 2 0 3 0 0 0 6 7 6 0 19 9 1 46 0 0 2 0 0 2 41 15 1 0 0 0 2 0 0 0 271 46 24 3 0 151 4 1 5 4 41 1 1 45 100 98 19 2 0 7
12858 2376 18134 1321 76 424 322 4034 27 2610 42 3132 0 1 4 4 0 4 2 2 89 59 1 4 21 2 13 6 719 49 31 23 188 20 5 1 0 14 4 10 681 4 4 2 2 4 19 6 91 1 64 202 308 646 176 151 28 26 4 3 4 16 6 8 5 2 128 20 16 66 11 172 23 57 152 2 56 0 109 10 132 2 905 267 409 22 19 36 14 5 10 206 108 70 84 39 70 359 8 16 165 152 551 172 54 389 17 6 110 45 92 398 0 0 0 0 1 0 0 0 0 0 0 47 30 2 5 0 0 0 116 2 147 164 0 17 1 0 5 3 1 2 0 12 32 0 3 0 1 4 0 2 3 2 0 0 24 13 12 2 16 12 6 30 2 0 0 0 0 1 41 15 2 0 0 1 0 1 2 3 259 46 28 3 1 195 1 0 12 3 32 3 1 33 92 74 23 5 0 7
3150 11824 1321 8308 5654 22677 68 39 20 148 42 5626 1 1 2 3 0 0 1 2 118 106 0 3 12 3 6 2 307 177 1253 90 366 12 3 0 2 13 1 9 384 2 1 0 0 3 10 1 34 0 20 48 94 257 56 76 14 14 1 0 1 7 5 3 5 0 104 14 9 15 6 151 14 48 142 1 61 1 69 1 48 0 424 201 398 19 13 11 5 0 8 81 29 24 53 104 81 84 21 10 186 207 503 256 116 740 21 13 193 62 199 789 0 0 1 0 0 0 0 2 0 0 1 72 45 5 2 0 0 0 174 7 265 276 0 12 0 0 6 1 0 5 0 12 47 1 0 0 0 1 7 0 2 2 0 0 8 7 5 1 21 9 3 46 0 1 1 0 1 1 47 17 0 1 0 1 0 0 1 1 493 38 27 2 0 223 0 1 3 10 25 1 0 51 180 101 27 1 0 6
4216 3934 76 5654 13002 6003 823 92 36 72 38 1443 0 4 12 12 7 16 2 3 228 203 2 10 21 2 15 30 1531 4225 9330 1581 1634 177 6 1 42 68 29 20 459 4 11 2 2 9 16 74 42 0 25 66 156 543 56 87 604 102 3 8 14 54 33 9 73 2 389 21 219 40 24 192 86 44 630 46 80 0 43 2 48 0 542 349 565 45 19 19 11 1 18 105 37 36 68 5776 255 364 36 80 232 250 517 284 121 881 26 18 221 91 276 1066 0 1 5 0 3 0 0 3 1 1 0 84 59 5 7 0 0 2 180 6 381 342 0 9 0 0 6 0 4 12 0 14 48 2 1 0 5 16 2 1 1 1 0 3 5 8 8 1 24 13 5 28 1 0 1 0 1 2 82 22 2 1 0 8 1 1 7 3 656 35 22 4 3 255 2 2 6 13 40 2 2 69 297 109 34 11 0 8
4763 8206 424 22677 6003 18739 177 68 35 161 95 16926 0 1 4 5 4 4 1 2 462 357 3 9 37 3 9 12 440 353 670 2237 3673 58 3 0 10 49 15 11 712 1 8 3 0 4 21 24 35 0 22 74 203 566 90 110 29 111 2 2 6 33 20 14 36 1 294 25 155 27 13 87 46 56 2558 25 65 2 50 5 55 3 710 436 846 63 19 22 5 0 9 80 33 38 59 6283 228 117 35 15 245 296 725 315 152 1056 61 22 413 178 476 1483 0 2 1 0 0 0 0 2 1 3 0 70 57 1 8 0 0 2 206 5 445 376 0 7 0 0 3 2 0 7 1 20 52 1 2 2 1 10 0 2 1 3 0 3 10 11 8 0 28 16 1 35 1 0 1 4 1 1 55 21 3 2 1 3 3 0 5 1 860 42 38 6 0 282 5 6 5 13 50 0 3 93 455 105 33 6 4 7
8375 354 322 68 823 177 8114 5628 504 5435 537 741 0 4 20 10 12 6 0 1 38 44 3 1 6 1 4 27 848 480 353 96 220 60 1 0 16 45 24 7 144 1 7 2 2 5 16 21 11 2 23 80 753 1071 216 24 100 6 7 6 10 16 21 4 42 0 64 17 150 20 11 127 36 26 82 27 88 1 30 5 29 2 521 53 82 4 8 9 7 0 7 43 41 18 23 340 586 2491 13 8 22 25 66 36 10 65 3 1 22 10 28 103 0 0 1 0 0 1 1 1 0 0 0 18 11 0 1 0 0 0 38 0 47 29 0 0 0 0 1 0 0 0 1 2 9 0 0 1 0 9 0 0 1 1 0 3 8 2 5 1 6 3 0 11 0 0 1 2 0 1 15 5 1 0 0 2 0 0 8 0 66 15 6 0 2 40 1 1 2 1 9 1 1 11 30 15 5 1 0 2
7668 97 4034 39 92 68 5628 14025 536 22374 77 843 0 1 4 2 2 0 0 0 5 4 1 0 6 1 6 7 640 105 27 10 24 1 4 0 0 3 1 5 168 0 1 1 1 1 10 4 46 1 34 153 528 959 203 49 5 0 0 1 1 5 6 1 4 2 49 12 13 30 6 8 5 5 12 0 9 0 6 13 48 2 681 87 68 1 6 11 4 0 4 111 58 47 29 30 14 952 6 6 2 9 47 7 7 42 6 0 36 21 26 53 0 1 0 0 0 1 0 0 0 0 0 2 4 0 0 0 0 0 11 1 11 8 0 0 0 0 0 0 0 0 0 0 2 0 0 0 0 0 0 0 0 0 0 0 9 6 4 1 2 0 1 0 0 0 0 0 0 0 2 4 0 0 0 0 1 0 1 0 21 4 4 0 0 11 3 0 2 0 2 1 0 1 19 4 1 0 0 0
65 18 27 20 36 35 504 536 505 2314 400 407 15 0 1 0 3 0 5 1 43 66 13 4 43 5 3 5 78 23 21 17 132 0 7 0 0 3 0 21 31 0 4 12 78 28 42 0 4 49 3 38 80 73 47 11 4 1 1 0 2 2 3 2 4 30 6 5 5 7 1 309 1 94 26 1 460 36 108 16 5 25 57 23 25 9 5 33 17 24 29 10 8 5 2 53 1331 788 6 2 1 4 6 2 0 11 1 0 0 1 1 10 0 0 0 0 1 1 0 0 0 1 0 0 0 0 0 0 0 0 2 0 2 7 0 2 0 1 4 1 0 1 0 0 0 1 2 0 0 3 0 1 0 0 0 0 4 4 2 2 0 0 0 1 0 0 1 3 1 0 1 0 0 0 0 1 0 0 8 4 7 4 0 0 2 3 1 1 4 1 1 4 0 0 4 0 1 1 0 0
6274 82 2610 148 72 161 5435 22374 2314 17280 12647 15544 0 2 3 4 2 9 0 1 33 23 1 7 15 2 18 15 862 101 36 18 156 13 2 0 4 9 6 7 387 3 8 5 2 3 22 4 96 3 109 320 1001 1376 416 108 12 11 0 1 2 18 13 6 9 6 91 25 25 77 12 101 11 18 67 4 2404 0 35 23 170 6 1135 173 212 14 22 35 13 2 3 280 143 77 99 36 542 2132 14 16 60 60 436 84 43 598 58 26 457 223 372 648 0 0 0 0 0 0 0 0 1 0 0 20 19 0 1 0 0 0 38 2 94 89 0 2 0 0 4 2 0 2 0 10 17 0 0 0 1 3 2 1 3 1 0 1 18 14 18 2 11 7 3 11 2 0 0 0 1 7 33 12 1 1 1 1 1 3 4 0 316 24 48 2 0 120 5 7 24 5 18 2 2 15 245 38 12 1 1 1
72 18 42 42 38 95 537 77 400 12647 5432 8704 0 0 1 0 0 1 0 1 49 56 1 0 4 0 3 1 45 11 13 9 918 2 1 0 0 7 0 3 55 0 0 0 0 0 1 1 3 0 4 18 99 73 37 9 2 1 2 0 0 1 2 0 1 1 6 2 5 3 0 251 8 7 63 2 1618 0 14 0 4 0 62 26 41 6 2 1 1 0 0 18 8 3 1 45 978 563 2 1 50 92 349 108 74 660 29 18 343 145 336 849 0 0 0 0 0 0 0 1 0 1 0 20 24 0 1 0 0 0 34 4 167 186 0 7 0 0 2 1 0 1 1 6 23 0 0 0 0 4 1 0 1 1 0 0 0 4 1 0 10 4 1 8 1 0 0 0 0 4 26 12 1 0 0 0 1 2 2 0 518 8 29 2 1 142 0 4 3 5 17 3 0 33 313 24 20 1 0 1
3428 1028 3132 5626 1443 16926 741 843 407 15544 8704 42334 0 3 7 6 5 5 4 1 433 462 13 5 28 5 11 9 576 182 270 150 4255 59 6 0 12 55 15 15 767 3 13 5 5 6 22 29 37 0 41 110 345 657 195 122 24 24 5 2 6 28 27 16 29 7 292 21 142 33 9 488 45 56 378 23 2774 3 71 12 71 3 832 365 669 53 11 24 10 0 13 132 65 61 65 824 1721 1002 43 14 350 409 1513 525 235 2541 137 66 1459 704 1338 3614 0 1 1 0 3 0 0 2 1 1 0 138 99 1 8 0 0 0 260 8 801 731 0 16 0 0 8 1 1 7 0 39 94 0 5 0 5 6 2 0 1 4 0 0 17 21 12 0 33 28 8 51 1 0 0 1 2 15 125 45 8 2 5 4 3 1 7 5 1973 49 113 5 2 634 4 5 20 20 72 2 1 151 1285 160 51 13 3 19
1 0 0 1 0 0 0 0 15 0 0 0 9455 0 5 11 152 2850 7703 236 1 1 2 17 0 0 10 25 1 0 0 1 5 2 2 1 85 1078 10 6 13 4 23 5909 3319 2691 0 8 3 343 3 97 2 2 2 0 0 0 0 1 5 8 5 44 32 3926 0 0 15 1 4 150 73 1189 0 5 379 155 330 65 29 114 0 0 0 0 0 134 57 252 159 0 1 1 14 0 106 26 0 0 2 1 3 0 0 0 0 0 0 0 0 0 2 109 929 10 28 330 6 1180 31 1092 9 0 2 2 1 25 0 194 4 1 1 2 1 11 14 0 54 43 222 5 102 2 8 10 53 34 139 1178 3 1 10 2 1 19 6 3 6 7 0 0 0 2 3 6 19 64 10 34 1 1 3 1 19 81 1 1 77 18 1 18 97 4 22 5 5 3 17 0 0 18 0 3 0 1 0 0 0 0
10 4 1 1 4 1 4 1 0 2 0 3 0 6256 6365 815 35 64 34 25 37 28 205 214 6 28 1281 621 393 14 20 1 13 445 4154 8760 1170 186 130 236 577 26 128 43 0 5 751 1 22 0 2 2 27 83 6 1 81 262 3036 999 4 14 28 119 116 2 308 542 40 3 2 8 30 95 124 2 13 9 27 0 1 0 40 27 8 12 3 4 9 2 16 8 4 0 94 24 0 78 47 116 3 0 10 6 0 0 0 0 0 0 0 0 10 6 9 30 99 48 55 11 89 86 87 10 6 0 14 3 0 9 8 1 0 19 2 39 52 6 106 115 6 88 2 9 11 4 2 0 50 11 12 1 1 1 0 0 1 4 0 0 11 2 0 0 0 15 1 4 0 0 6 7 0 10 5 14 2 0 0 1 5 82 17 1 3 26 0 0 2 2 7 1 2 0 1 2 3 0 0 2
11 3 4 2 12 4 20 4 1 3 1 7 5 6365 16988 12975 1976 1445 178 289 116 58 993 1024 27 122 2693 2681 632 44 32 2 16 109 2448 4393 1355 203 769 386 2724 185 781 45 1 44 288 27 159 2 1 2 29 147 9 8 151 215 563 897 72 151 426 390 444 6 386 439 349 17 3 5 23 120 241 68 10 3 21 0 8 0 77 32 30 10 26 31 41 14 138 44 3 25 755 75 5 129 65 170 4 2 9 4 0 2 2 1 0 0 0 1 55 31 29 108 116 122 155 72 191 352 230 9 5 11 36 10 2 41 6 1 0 17 0 11 137 13 72 75 13 193 11 2 10 22 7 0 84 52 22 4 1 0 1 4 2 3 0 1 4 3 1 0 2 47 0 36 8 6 4 4 2 10 5 22 3 1 24 4 4 39 17 0 8 28 0 1 2 0 2 5 13 2 4 0 0 1 0 1
23 5 4 3 12 5 10 2 0 4 0 6 11 815 12975 15236 426 6933 3428 874 73 17 129 823 5 40 1889 9487 566 49 23 6 15 55 324 521 710 268 1815 67 1233 101 585 25 9 178 142 84 141 3 4 7 23 76 10 2 107 155 187 491 228 227 445 423 575 32 237 267 579 25 20 5 10 64 191 159 3 2 6 0 21 0 31 20 15 6 14 44 86 12 208 59 7 40 703 84 1 144 26 124 3 1 5 0 0 1 0 1 1 0 1 0 86 195 308 140 69 434 125 585 89 1138 91 5 2 6 35 30 4 309 7 0 1 4 2 10 101 13 54 49 107 127 58 0 8 27 23 10 131 252 8 2 3 2 2 9 1 3 1 1 4 1 0 0 3 17 9 60 10 6 4 3 1 11 9 47 2 0 27 6 0 28 43 1 3 6 1 2 4 0 3 18 12 2 0 0 0 0 0 0
7 0 0 0 7 4 12 2 3 2 0 5 152 35 1976 426 2927 830 884 2133 59 48 730 427 21 178 247 38 77 22 9 3 10 60 268 226 1411 825 84 490 889 65 312 313 55 357 100 18 55 17 0 2 5 18 1 0 19 49 54 190 101 50 163 95 49 60 18 69 97 4 5 6 13 626 132 40 6 40 25 5 7 1 3 10 8 7 6 51 32 56 160 11 0 7 305 39 4 24 8 20 6 0 7 5 0 3 0 7 0 0 0 2 25 18 24 53 214 64 182 30 335 181 159 33 35 10 55 4 3 28 11 5 1 25 4 43 104 19 274 259 19 204 13 4 25 18 16 5 321 113 55 5 7 2 1 17 5 3 0 0 6 0 1 1 3 109 10 28 4 4 15 3 5 40 9 37 1 1 62 7 16 180 53 6 15 156 0 4 11 5 11 12 7 5 23 12 13 1 3 11
24 4 4 0 16 4 6 0 0 9 1 5 2850 64 1445 6933 830 19831 3715 1962 120 22 83 2483 7 23 1668 1047 177 37 11 8 21 35 152 159 1040 1525 3453 47 1333 134 1921 153 30 12415 54 287 182 10 4 6 9 36 4 4 45 89 49 196 5929 418 712 1314 872 326 79 115 1401 63 84 20 54 234 146 782 12 24 20 0 37 0 22 14 11 9 8 144 211 26 1645 83 7 54 1062 62 5 43 17 38 5 4 12 3 0 3 0 1 2 0 0 3 181 872 2330 194 142 1884 175 2785 140 4125 128 3 1 6 30 162 12 1562 14 4 4 16 6 50 212 22 165 167 783 100 450 4 24 42 164 139 714 1898 9 6 5 4 2 21 2 4 0 2 8 4 1 3 17 21 34 373 21 35 4 3 19 19 19 213 0 2 117 18 3 40 193 6 39 14 0 4 9 0 5 22 28 11 0 2 0 2 1 2
1 0 2 1 2 1 0 0 5 0 0 4 7703 34 178 3428 884 3715 38239 5890 38 19 67 377 13 48 771 206 12 1 0 0 2 3 173 12 138 3628 49 112 229 44 289 8656 674 3599 27 53 36 95 0 11 7 7 3 0 1 1 17 7 69 107 272 213 89 877 7 6 182 16 15 14 23 5660 5 50 45 613 42 6 47 10 8 5 4 1 1 170 155 307 638 16 0 16 379 2 31 10 4 2 3 1 5 0 0 1 0 3 2 1 1 3 516 628 1364 741 423 1893 805 1947 702 8304 713 24 15 50 150 117 37 1149 3 4 1 26 12 74 667 79 355 294 181 786 146 11 43 103 104 66 1198 854 58 11 13 10 9 18 3 9 4 4 4 1 0 3 12 161 25 315 51 37 4 3 13 66 36 144 1 5 237 44 13 154 644 9 38 122 1 5 36 4 8 54 88 7 17 3 7 0 1 11
5 0 2 2 3 2 1 0 1 1 1 1 236 25 289 874 2133 1962 5890 4258 49 31 275 436 9 122 422 41 20 7 5 0 4 8 258 19 61 204 49 293 520 62 380 348 39 496 37 12 52 5 1 1 6 13 1 0 3 16 13 17 141 60 235 128 60 71 15 13 137 10 9 4 5 558 28 37 3 26 14 2 7 2 8 7 8 1 5 32 28 29 165 26 0 14 389 10 4 4 4 1 0 0 1 0 0 0 0 7 0 0 1 1 91 51 68 183 195 103 324 59 370 426 304 22 17 22 84 20 8 60 3 0 2 8 7 45 219 26 215 151 29 354 27 4 16 30 16 4 258 130 58 11 3 3 3 5 2 3 1 0 1 0 1 2 2 130 9 37 10 8 5 4 6 57 5 37 1 1 24 7 13 82 48 4 4 108 0 1 6 1 3 9 19 1 18 3 4 2 0 9
166 74 89 118 228 462 38 5 43 33 49 433 1 37 116 73 59 120 38 49 9998 6195 6490 1665 166 972 1702 14 95 86 90 301 779 173 665 17 191 594 12 1050 1558 84 320 88 2 53 175 6 43 0 3 5 25 50 23 775 13 19 57 16 32 38 136 74 32 0 41 34 68 6 2 420 345 293 136 17 285 10 243 1 7 1 146 61 1820 37 20 7 5 3 33 10 2 8 232 271 277 101 61 35 28 18 37 15 6 35 1 2 7 2 6 39 1 3 4 1 36 6 10 10 27 20 5 18 16 1 8 0 0 4 38 2 19 46 1 41 10 1 78 61 7 7 1 10 13 2 5 0 33 19 2 0 1 2 0 0 0 10 1 1 12 2 0 5 1 7 3 4 0 1 15 9 1 6 3 6 3 0 5 3 33 115 20 4 5 54 0 1 1 0 17 0 0 4 10 8 7 1 0 2
107 61 59 106 203 357 44 4 66 23 56 462 1 28 58 17 48 22 19 31 6195 24893 5682 1149 4181 4535 454 34 183 85 80 453 1132 235 253 16 150 742 11 3663 540 109 1080 106 4 32 709 21 84 2 4 23 90 327 51 336 21 24 46 21 61 193 643 255 114 13 188 186 273 13 7 585 527 494 196 53 398 26 357 1 7 1 672 1171 8670 1308 246 14 26 14 122 29 5 15 1036 343 368 135 1439 74 25 22 48 28 8 39 3 3 10 3 4 37 1 0 2 0 44 7 4 6 31 5 8 28 21 3 10 0 0 2 37 2 25 75 1 54 1 1 137 106 6 11 3 17 31 5 6 1 43 36 7 0 0 0 0 3 0 6 3 1 32 10 2 9 2 6 4 4 0 2 18 22 4 6 5 11 2 2 15 6 53 203 34 5 6 101 0 2 4 4 38 3 2 4 17 13 4 1 0 4
5 3 1 0 2 3 3 1 13 1 1 13 2 205 993 129 730 83 67 275 6490 5682 14140 6510 208 7644 521 26 24 9 2 11 114 226 370 126 1050 1291 87 2477 6156 413 710 113 2 21 236 10 89 2 2 6 13 49 5 132 2 13 46 98 39 49 111 29 22 3 33 20 58 7 2 121 169 323 20 23 125 42 109 1 4 3 77 72 463 34 15 7 8 6 33 23 1 7 378 13 64 21 36 5 14 4 12 7 2 9 1 0 1 0 1 2 2 0 4 3 40 13 15 8 35 13 19 21 14 2 3 0 0 2 16 1 2 34 0 36 7 4 111 89 8 8 3 7 14 3 4 0 60 12 11 0 1 1 0 2 3 5 0 4 14 5 1 2 1 14 2 5 3 1 13 5 3 9 1 5 0 1 8 2 13 118 21 5 3 63 1 1 1 1 13 2 5 2 5 7 3 0 1 2
11 2 4 3 10 9 1 0 4 7 0 5 17 214 1024 823 427 2483 377 436 1665 1149 6510 9098 325 3459 11469 430 232 9 12 5 37 56 3190 98 258 420 176 3546 3862 1488 3610 61 1 1129 982 7 100 2 4 12 50 285 16 21 34 32 217 48 497 31 86 612 109 23 313 117 92 5 4 34 45 189 49 20 34 8 35 0 5 2 184 305 280 138 32 6 15 2 360 25 2 5 183 31 14 35 132 24 3 3 6 1 0 2 0 0 1 0 0 2 8 51 97 13 63 115 35 260 54 262 67 7 4 4 13 12 1 77 6 1 1 14 0 22 28 4 62 65 69 41 56 3 5 6 9 4 44 205 8 0 0 1 1 4 0 4 0 0 3 1 0 1 0 13 7 27 2 3 1 6 2 5 0 24 0 0 9 1 10 47 21 0 4 17 0 0 1 0 9 1 2 2 1 2 1 0 0 2
28 9 21 12 21 37 6 6 43 15 4 28 0 6 27 5 21 7 13 9 166 4181 208 325 9088 1970 236 31 508 17 41 55 224 78 91 6 41 340 9 4962 128 14 360 50 0 12 4331 5 24 1 7 29 145 755 40 28 194 10 37 6 16 36 186 168 55 2 1259 968 102 10 4 230 196 308 376 14 246 13 171 0 12 0 483 1349 1145 2611 3472 10 8 1 20 27 16 13 299 84 189 68 4373 1524 9 14 24 3 4 7 0 2 3 1 2 5 0 0 1 0 13 1 3 4 15 2 3 12 11 1 2 0 0 2 27 2 7 36 0 33 1 2 54 53 2 6 2 9 13 0 0 0 14 6 7 0 0 1 0 1 7 6 2 3 18 7 0 5 0 1 2 0 1 0 7 12 1 2 2 5 8 0 6 1 17 123 25 3 0 38 1 0 1 0 16 2 1 2 5 5 3 1 1 2
5 2 2 3 2 3 1 1 5 2 0 5 0 28 122 40 178 23 48 122 972 4535 7644 3459 1970 7797 1206 10 52 4 1 4 34 65 1675 18 147 560 6 9779 989 127 582 69 3 16 266 0 47 0 2 5 24 145 7 21 1 6 35 13 8 30 75 23 4 1 98 23 26 2 1 47 75 342 4 9 69 15 53 1 2 1 130 234 285 131 18 4 8 3 23 14 2 5 261 6 32 11 89 5 1 0 6 2 2 3 1 0 1 0 0 1 1 2 2 2 47 12 23 3 40 12 28 9 12 3 8 1 0 2 12 2 0 22 1 39 5 2 84 86 5 22 3 6 3 3 2 0 43 10 4 0 2 1 0 0 3 2 1 1 9 3 0 0 0 10 4 1 4 1 7 3 1 5 2 5 3 0 2 2 7 92 20 1 2 27 1 0 3 0 6 2 1 2 1 2 3 2 0 3
27 7 13 6 15 9 4 6 3 18 3 11 10 1281 2693 1889 247 1668 771 422 1702 454 521 11469 236 1206 23964 6953 1254 22 25 7 38 103 5286 779 264 340 281 2683 346 37 1503 74 0 191 962 11 21 0 7 32 169 799 49 27 163 63 476 166 28 19 37 2372 217 33 1327 310 43 11 4 44 76 267 71 10 53 3 47 2 18 0 320 369 229 229 32 9 6 3 32 25 10 11 67 30 30 154 290 122 3 2 4 3 0 0 0 1 2 0 0 4 65 128 224 87 145 493 134 604 171 1015 240 11 6 16 23 22 5 208 8 0 2 21 0 25 154 16 97 117 93 169 43 3 18 22 8 7 110 189 18 0 1 2 1 0 1 4 2 1 8 3 0 1 4 52 6 53 11 2 4 4 3 18 3 25 1 0 4 3 3 54 49 1 1 21 0 1 1 0 1 1 14 0 1 1 1 0 0 1
41 5 6 2 30 12 27 7 5 15 1 9 25 621 2681 9487 38 1047 206 41 14 34 26 430 31 10 6953 5253 1983 75 66 6 37 65 343 373 109 106 2923 67 267 9 288 20 1 338 330 31 10 0 6 27 126 489 25 10 340 120 257 173 302 27 35 1991 934 67 1180 407 240 6 9 15 24 86 162 75 31 0 19 1 14 0 210 141 57 59 39 9 9 0 98 26 11 10 60 120 4 429 209 341 5 0 7 0 1 1 0 0 0 0 0 3 23 232 411 39 60 587 52 1297 67 846 77 7 1 5 7 39 4 391 8 0 2 10 0 20 73 7 68 59 312 62 161 2 17 12 33 22 82 691 5 0 0 3 1 1 2 3 1 0 2 0 0 1 5 9 12 88 7 6 2 4 8 5 1 73 1 1 14 2 1 32 27 1 4 11 0 0 2 1 0 6 6 2 0 3 1 0 0 1
5237 535 719 307 1531 440 848 640 78 862 45 576 1 393 632 566 77 177 12 20 95 183 24 232 508 52 1254 1983 22199 9435 3280 300 572 960 398 79 376 369 757 355 283 20 246 6 11 57 829 266 29 1 19 55 1838 7853 254 28 5259 145 215 131 109 306 592 588 1647 6 3418 1480 2835 59 49 254 292 176 2273 285 187 5 204 4 33 2 558 284 162 228 1420 38 39 5 83 43 27 18 251 1809 250 2890 596 1848 97 86 224 93 44 186 8 4 36 10 27 125 1 12 27 1 10 27 3 55 5 42 5 43 15 4 6 3 0 27 109 4 74 135 0 25 1 0 21 15 27 5 25 17 41 4 21 3 9 114 3 0 2 3 0 13 10 16 3 2 36 10 0 25 4 1 11 25 3 1 36 29 5 2 14 51 2 0 65 22 147 102 52 1 13 162 1 2 4 1 42 17 4 21 38 57 10 4 1 3
7757 2337 49 177 4225 353 480 105 23 101 11 182 0 14 44 49 22 37 1 7 86 85 9 9 17 4 22 75 9435 11494 5341 294 573 337 9 2 68 130 73 11 303 7 19 2 4 14 19 116 31 2 21 81 214 573 94 76 4325 48 6 23 15 96 48 14 123 3 407 46 489 35 19 173 128 32 332 71 60 0 59 6 51 1 469 236 247 21 37 23 28 3 17 84 38 28 55 2190 143 882 20 64 121 111 240 121 56 253 13 6 57 23 81 330 0 2 8 0 1 8 0 11 2 5 0 28 29 1 3 0 0 3 126 4 112 124 0 3 0 0 3 1 8 3 2 8 22 2 5 0 2 40 1 2 2 2 0 5 8 5 7 2 14 7 2 24 3 0 2 4 1 5 34 10 1 0 6 16 2 0 23 7 197 32 19 6 3 146 0 4 5 1 16 6 0 48 72 55 13 4 2 2
1347 845 31 1253 9330 670 353 27 21 36 13 270 0 20 32 23 9 11 0 5 90 80 2 12 41 1 25 66 3280 5341 6580 292 558 216 9 6 58 78 50 8 328 2 10 2 0 2 32 26 31 0 14 60 172 643 59 48 4944 42 12 16 7 33 18 11 65 0 1169 97 162 17 9 119 81 17 2804 40 55 2 44 2 32 1 471 301 323 36 134 12 8 2 10 55 22 16 39 3404 121 571 159 4082 120 135 250 128 44 343 9 7 73 19 64 377 0 1 2 0 2 3 0 8 1 0 1 35 28 2 3 1 0 4 99 4 156 152 0 6 0 0 3 2 4 2 5 8 23 0 3 1 1 17 3 0 2 1 0 2 5 2 2 1 18 9 2 16 0 0 0 1 0 1 36 5 3 1 3 3 0 2 6 3 247 16 13 3 1 138 0 0 2 6 21 3 0 28 92 59 17 1 0 5
235 66 23 90 1581 2237 96 10 17 18 9 150 1 1 2 6 3 8 0 0 301 453 11 5 55 4 7 6 300 294 292 8656 4249 3935 6 0 27 204 13 20 175 0 7 1 1 10 22 29 2 0 7 14 66 165 19 39 65 2023 6 15 9 21 17 9 21 0 125 48 105 6 3 229 835 9 5747 27 20 0 63 0 8 0 192 181 368 54 71 7 4 0 6 22 7 7 18 11837 149 101 32 58 30 28 84 33 23 157 4 4 46 9 39 205 0 0 0 0 0 1 1 2 0 1 0 9 9 1 0 0 0 1 31 0 76 58 0 2 0 0 4 2 3 0 3 2 9 0 2 1 0 9 1 0 0 1 0 1 3 1 2 1 8 3 1 9 0 0 1 1 0 0 12 5 0 1 2 2 1 1 7 1 116 11 2 0 0 49 0 0 6 0 13 1 0 13 44 18 2 0 1 1
541 230 188 366 1634 3673 220 24 132 156 918 4255 5 13 16 15 10 21 2 4 779 1132 114 37 224 34 38 37 572 573 558 4249 5662 4087 30 5 43 2020 22 105 437 5 39 16 6 36 269 19 24 4 19 66 154 344 80 89 142 1310 63 114 31 34 31 31 34 10 237 314 110 32 8 1631 3035 105 6060 31 251 9 175 4 40 3 485 316 672 136 157 16 3 2 33 42 38 23 40 4395 2483 455 129 152 225 274 539 291 129 828 28 13 283 102 301 1158 0 0 2 0 6 6 3 8 3 5 0 70 56 2 2 0 0 2 216 8 361 415 0 35 2 0 38 17 7 4 3 34 67 1 4 1 9 18 2 0 2 4 0 3 17 16 11 8 48 19 6 48 4 2 3 1 1 6 79 33 4 3 4 5 6 4 11 3 724 126 42 10 1 364 1 3 6 9 85 3 2 98 361 106 45 5 3 8
163 10 20 12 177 58 60 1 0 13 2 59 2 445 109 55 60 35 3 8 173 235 226 56 78 65 103 65 960 337 216 3935 4087 9382 561 193 6005 4634 75 403 130 0 59 65 2 24 1984 9 8 1 12 29 74 178 33 23 286 3898 1874 6125 22 8 21 44 40 2 288 2637 58 12 5 178 1004 188 5970 16 84 11 161 2 18 2 197 59 99 29 231 5 6 1 15 25 12 13 35 1939 14 246 35 348 80 40 230 64 18 81 9 5 14 0 1 28 1 1 2 0 51 5 5 10 30 3 5 46 31 4 8 0 0 1 135 5 17 204 1 171 0 0 292 216 10 13 2 57 74 4 1 0 73 24 5 2 7 7 1 1 26 36 3 9 72 35 4 19 2 4 12 6 1 0 51 73 9 10 5 9 24 5 5 1 99 458 61 6 4 186 0 0 4 8 105 3 11 8 12 68 16 3 4 6
15 4 5 3 6 3 1 4 7 2 1 6 2 4154 2448 324 268 152 173 258 665 253 370 3190 91 1675 5286 343 398 9 9 6 30 561 12750 3921 1436 833 68 3890 204 41 1124 144 4 22 2313 5 11 5 2 9 73 310 12 14 58 182 3273 979 16 13 35 353 68 4 525 543 57 5 0 47 62 329 84 7 38 11 64 1 6 1 177 194 117 83 26 3 6 2 15 8 1 5 196 15 21 50 120 68 6 1 13 4 0 2 2 3 0 0 0 0 32 28 16 47 281 105 161 32 268 209 199 24 20 13 30 6 2 37 8 1 2 19 4 78 102 13 277 336 17 196 7 14 29 12 3 0 203 33 39 0 2 0 0 1 2 6 1 2 13 5 1 1 3 65 7 19 5 1 13 7 3 28 1 27 2 1 2 5 10 203 37 4 4 66 0 0 2 3 10 3 6 0 5 2 7 0 0 6
0 0 1 0 1 0 0 0 0 0 0 0 1 8760 4393 521 226 159 12 19 17 16 126 98 6 18 779 373 79 2 6 0 5 193 3921 1851 470 65 208 159 137 10 71 27 0 10 458 6 2 0 0 2 7 20 1 1 11 73 2728 549 20 5 11 85 67 1 71 266 51 1 2 3 5 46 28 12 1 0 4 0 1 1 16 3 6 4 1 1 1 2 7 1 1 0 18 11 0 20 8 21 1 3 3 0 0 1 1 0 0 0 2 1 5 2 5 4 81 26 45 15 69 42 42 11 11 3 9 1 1 8 5 0 0 14 4 10 26 6 78 80 8 44 4 1 6 3 0 0 52 6 21 0 1 0 0 2 0 0 1 0 3 0 0 1 0 32 4 2 0 0 2 1 1 6 1 8 1 0 2 4 2 48 11 0 6 29 0 0 3 1 3 1 0 0 5 0 1 0 1 1
47 3 0 2 42 10 16 0 0 4 0 12 85 1170 1355 710 1411 1040 138 61 191 150 1050 258 41 147 264 109 376 68 58 27 43 6005 1436 470 6412 2541 359 622 662 23 189 222 20 246 1574 24 15 2 2 10 16 50 5 6 111 693 3537 1975 290 27 78 97 107 28 110 1147 161 8 4 19 91 230 669 92 13 13 100 0 11 2 52 22 40 12 29 15 15 20 138 4 4 2 143 208 3 88 30 114 17 7 30 9 2 10 2 7 3 0 1 7 9 20 25 13 169 28 42 47 139 59 37 40 47 8 26 3 0 27 48 6 10 110 7 116 25 1 423 429 32 65 15 19 15 8 13 5 256 102 30 0 5 4 1 5 12 10 5 3 39 8 0 6 8 37 13 16 5 3 20 28 12 23 4 32 12 5 26 7 45 427 51 12 15 172 0 0 10 3 33 10 9 3 10 14 14 3 2 11
63 11 14 13 68 49 45 3 3 9 7 55 1078 186 203 268 825 1525 3628 204 594 742 1291 420 340 560 340 106 369 130 78 204 2020 4634 833 65 2541 8465 96 1918 733 89 429 2126 191 1970 2257 125 45 67 14 54 90 133 32 35 86 674 701 339 293 102 219 192 134 313 129 787 227 39 56 315 8157 2003 1499 205 264 147 474 9 56 18 147 93 198 69 107 196 179 269 950 53 18 18 460 663 31 83 62 93 134 71 270 84 18 105 15 21 14 4 5 50 52 48 141 97 456 120 227 160 588 366 261 139 169 37 105 19 6 85 196 18 29 402 18 421 127 14 1211 987 114 295 68 104 133 40 89 14 841 597 90 8 20 15 2 37 44 68 13 25 124 41 10 46 14 145 55 73 19 29 136 135 36 82 42 196 40 7 285 58 239 1451 265 45 58 648 6 4 41 22 176 57 41 17 60 113 50 18 7 55
41 1 4 1 29 15 24 1 0 6 0 15 10 130 769 1815 84 3453 49 49 12 11 87 176 9 6 281 2923 757 73 50 13 22 75 68 208 359 96 9492 28 374 36 278 21 3 1318 123 278 18 1 2 8 35 76 8 7 171 176 140 311 9847 134 63 802 5338 41 287 331 5788 33 53 9 23 27 326 1887 4 3 20 0 20 0 45 31 10 7 19 30 54 4 688 18 2 5 148 161 4 230 49 179 4 6 9 7 0 0 1 1 0 0 0 1 6 153 310 10 32 302 11 857 28 367 11 0 2 3 0 27 3 275 10 0 3 7 2 21 15 4 49 38 363 7 254 4 4 14 107 21 61 1098 6 3 3 5 0 14 2 1 3 0 4 0 0 2 2 4 56 140 5 9 1 5 11 3 17 117 2 1 66 17 3 31 10 2 20 15 0 1 4 0 4 15 8 2 0 2 0 1 0 0
24 8 10 9 20 11 7 5 21 7 3 15 6 236 386 67 490 47 112 293 1050 3663 2477 3546 4962 9779 2683 67 355 11 8 20 105 403 3890 159 622 1918 28 13222 747 140 1824 204 3 28 3865 9 70 3 8 27 138 652 48 47 48 53 338 92 29 65 242 298 79 10 625 259 120 11 1 206 311 862 43 25 279 68 211 1 17 3 426 840 676 505 82 10 16 5 39 36 10 13 616 17 114 48 496 49 9 2 22 3 1 11 3 3 1 3 1 5 12 5 6 19 160 41 76 11 127 59 108 39 26 7 16 1 0 8 29 3 7 51 6 86 47 6 244 251 16 78 6 18 36 4 4 2 118 26 44 0 0 3 0 1 6 8 3 1 35 3 2 2 2 36 4 10 2 0 22 14 5 22 4 11 6 0 7 6 27 278 75 3 5 119 1 0 2 4 43 2 8 2 9 17 10 2 1 4
1356 478 681 384 459 712 144 168 31 387 55 767 13 577 2724 1233 889 1333 229 520 1558 540 6156 3862 128 989 346 267 283 303 328 175 437 130 204 137 662 733 374 747 9421 4200 2105 89 16 675 211 128 3937 17 352 367 45 58 1369 1167 103 74 53 77 578 326 308 135 221 59 109 203 348 130 173 230 184 233 314 219 167 15 162 22 512 11 492 63 719 34 61 627 451 80 868 1605 202 546 2572 331 162 120 47 115 56 46 100 48 20 102 4 3 10 2 16 70 5 15 35 10 37 40 20 79 36 65 28 22 15 4 7 4 0 25 61 1 37 87 3 36 8 2 66 54 45 21 44 11 26 9 49 0 67 196 7 15 28 0 0 19 38 16 44 6 18 10 1 9 1 6 13 25 13 9 30 19 5 8 15 50 4 9 67 10 78 110 26 2 15 94 7 8 84 2 15 40 19 9 24 20 2 1 0 3
11 2 4 2 4 1 1 0 0 3 0 3 4 26 185 101 65 134 44 62 84 109 413 1488 14 127 37 9 20 7 2 0 5 0 41 10 23 89 36 140 4200 2962 3809 55 13 232 51 46 1409 4 2 4 3 5 8 1 4 5 4 3 444 95 201 44 77 82 13 10 317 9 19 6 10 23 9 264 4 4 8 1 7 0 16 22 14 8 2 61 110 49 1093 110 3 43 1510 5 3 9 3 6 1 0 2 0 0 1 0 0 0 0 0 0 0 2 10 2 2 6 2 18 1 7 4 2 0 0 1 4 0 7 2 2 2 2 0 1 0 0 5 3 16 4 18 0 2 6 46 2 3 202 4 1 2 0 0 5 0 0 0 0 0 1 0 0 2 2 16 33 3 3 0 2 5 4 9 48 0 0 86 10 1 1 1 1 17 2 0 2 4 0 1 12 3 1 0 2 0 0 1 0
12 4 4 1 11 8 7 1 4 8 0 13 23 128 781 585 312 1921 289 380 320 1080 710 3610 360 582 1503 288 246 19 10 7 39 59 1124 71 189 429 278 1824 2105 3809 4967 86 15 2695 939 74 245 7 3 8 62 296 20 17 31 22 201 42 3550 231 1081 5377 816 137 274 134 1254 15 19 44 58 180 69 403 24 7 34 0 14 1 163 317 278 175 31 37 54 47 3828 43 5 22 3645 45 23 30 139 17 6 2 14 5 1 1 0 0 0 0 0 5 6 49 154 12 38 100 31 347 45 167 60 9 8 5 3 15 1 102 12 1 3 11 2 19 27 4 50 65 212 33 164 7 8 14 103 4 49 877 7 1 2 1 0 7 0 0 1 1 7 1 0 3 4 10 48 95 4 11 2 12 8 3 13 89 0 0 122 23 7 53 16 4 18 24 1 1 3 1 0 6 11 7 0 2 2 1 0 1
3 0 2 0 2 3 2 1 12 5 0 5 5909 43 45 25 313 153 8656 348 88 106 113 61 50 69 74 20 6 2 2 1 16 65 144 27 222 2126 21 204 89 55 86 8796 3303 2514 173 62 15 670 3 190 15 13 11 2 2 9 103 51 49 53 96 31 33 1166 12 36 60 16 39 583 1800 3565 6 69 1801 2443 4897 126 82 213 17 11 32 3 2 504 283 810 1295 11 3 8 243 7 102 19 3 1 18 2 19 6 2 4 5 15 1 0 1 2 37 26 110 66 387 191 202 153 471 516 261 104 103 33 61 14 8 48 27 5 8 93 8 175 90 9 805 730 63 230 48 11 54 26 123 9 617 602 56 22 31 8 2 90 12 20 25 18 28 9 3 7 7 92 37 78 21 39 38 31 21 56 58 213 15 11 458 85 49 761 235 11 89 300 11 18 89 13 34 116 55 12 22 17 29 5 2 29
1 0 2 0 2 0 2 1 78 2 0 5 3319 0 1 9 55 30 674 39 2 4 2 1 0 3 0 1 11 4 0 1 6 2 4 0 20 191 3 3 16 13 15 3303 9157 2976 3 42 16 4663 1 239 16 3 11 0 0 0 2 0 23 42 51 4 15 2777 2 5 166 9 25 374 89 1168 2 63 1403 622 810 262 115 517 3 2 1 1 0 1093 598 2685 1519 2 2 2 144 4 496 85 0 0 2 3 8 0 1 2 0 0 1 0 1 4 0 2 54 2 16 11 4 61 15 19 6 5 1 1 2 9 0 6 10 6 7 6 2 10 4 2 31 35 66 10 112 7 5 54 424 8 28 2117 5 31 99 7 0 171 28 10 43 45 5 3 1 5 4 5 119 222 40 98 7 5 13 8 153 608 18 20 1287 211 3 11 11 8 192 23 27 61 248 1 7 263 58 4 7 2 2 0 2 3
4 2 4 3 9 4 5 1 28 3 0 6 2691 5 44 178 357 12415 3599 496 53 32 21 1129 12 16 191 338 57 14 2 10 36 24 22 10 246 1970 1318 28 675 232 2695 2514 2976 7904 32 76 69 61 0 7 10 12 8 3 10 11 10 10 1618 92 142 1689 1133 4384 23 23 532 14 15 154 158 492 46 182 329 97 311 3 24 6 11 11 15 9 1 82 102 196 2454 24 2 15 566 26 195 51 5 14 6 9 17 5 4 2 1 1 0 0 1 13 27 370 3017 32 87 662 38 2934 134 1046 49 11 5 4 6 196 0 889 28 10 20 18 2 47 30 5 258 189 1906 21 1663 11 41 143 1262 315 494 9927 13 8 16 10 4 30 1 9 0 3 10 5 0 5 24 9 419 1044 28 185 8 11 48 18 31 771 0 6 416 43 6 53 95 16 108 39 1 5 41 3 7 43 39 33 3 8 2 0 1 3
35 12 19 10 16 21 16 10 42 22 1 22 0 751 288 142 100 54 27 37 175 709 236 982 4331 266 962 330 829 19 32 22 269 1984 2313 458 1574 2257 123 3865 211 51 939 173 3 32 11013 28 45 6 16 58 227 848 65 26 244 858 3094 869 38 37 192 465 191 5 1402 3316 200 14 10 433 596 768 487 45 477 32 367 1 38 3 472 703 362 894 2689 13 8 3 38 47 24 14 363 53 236 114 995 330 22 12 67 10 2 14 1 1 6 0 1 11 0 4 12 2 112 29 19 19 61 14 31 35 34 2 9 0 2 8 67 5 7 114 3 98 12 2 265 246 14 22 5 39 48 2 4 1 95 38 11 1 3 8 0 0 18 13 11 5 54 17 0 12 3 14 6 6 2 0 32 40 3 10 1 12 16 4 6 3 54 344 65 5 5 106 2 0 4 3 49 2 5 7 8 25 12 2 0 2
70 2 6 1 74 24 21 4 0 4 1 29 8 1 27 84 18 287 53 12 6 21 10 7 5 0 11 31 266 116 26 29 19 9 5 6 24 125 278 9 128 46 74 62 42 76 28 12457 70 72 2 19 7 27 4 2 49 21 8 16 981 7894 684 67 101 29 45 38 7089 820 7308 13 12 21 124 5293 14 1 19 3 345 3 24 13 14 2 8 3217 6213 144 3156 16 13 58 586 175 4 104 6 24 11 8 10 2 2 2 0 10 1 0 1 13 1 3 22 2 13 6 3 27 24 36 8 2 5 2 15 5 2 6 33 8 7 17 3 13 2 3 52 29 19 16 43 15 5 138 272 24 90 579 19 285 530 23 11 1150 4 6 13 21 12 7 2 10 9 12 38 242 331 84 14 14 37 30 975 783 20 73 2724 472 10 38 28 20 746 82 18 294 649 3 4 1515 336 20 18 5 1 4 5 5
139 58 91 34 42 35 11 46 4 96 3 37 3 22 159 141 55 182 36 52 43 84 89 100 24 47 21 10 29 31 31 2 24 8 11 2 15 45 18 70 3937 1409 245 15 16 69 45 70 7620 23 165 172 10 7 28 11 8 4 4 3 71 245 129 12 19 24 20 21 99 71 45 9 9 23 31 55 19 0 15 9 128 2 30 21 14 2 7 191 248 74 314 4920 155 957 6539 18 18 12 6 2 8 1 7 5 1 7 0 0 0 0 0 4 1 1 3 0 3 2 2 3 2 5 7 0 1 0 1 0 1 1 10 0 2 10 0 3 1 0 3 3 6 3 1 1 2 1 10 2 5 37 0 2 6 1 0 6 10 3 14 1 3 2 0 0 0 0 2 4 7 2 1 3 0 3 17 13 4 0 47 14 9 5 5 0 17 6 4 2 14 0 1 15 5 1 2 0 0 0 1 2
3 0 1 0 0 0 2 1 49 3 0 0 343 0 2 3 17 10 95 5 0 2 2 2 1 0 0 0 1 2 0 0 4 1 5 0 2 67 1 3 17 4 7 670 4663 61 6 72 23 6535 16 1301 10 2 10 1 0 0 0 1 15 54 41 1 1 2471 0 0 32 12 37 151 32 1374 1 73 966 503 267 1214 162 2368 4 1 0 0 0 2387 1062 3630 976 14 3 6 154 2 333 42 0 0 2 2 7 1 0 5 2 1 1 2 0 3 0 0 5 0 12 4 2 6 10 4 6 2 0 0 1 0 1 2 5 0 4 5 0 5 0 0 23 27 7 7 6 4 2 47 88 5 29 172 3 58 146 5 6 310 80 12 95 72 5 0 0 3 2 1 5 59 52 38 1 2 5 7 171 132 45 42 998 106 3 15 9 2 133 31 41 250 534 0 1 508 128 5 5 3 0 1 1 1
137 31 64 20 25 22 23 34 3 109 4 41 3 2 1 4 0 4 0 1 3 4 2 4 7 2 7 6 19 21 14 7 19 12 2 0 2 14 2 8 352 2 3 3 1 0 16 2 165 16 6689 12010 12 10 338 67 5 7 6 0 2 3 10 1 2 16 7 28 12 957 14 22 13 27 28 1 20 5 17 620 747 34 111 2 5 2 11 45 5 3 4 6153 8092 624 178 13 19 4 4 3 18 6 14 6 2 13 6 1 1 0 2 10 0 0 0 0 0 0 0 0 1 0 0 2 0 0 0 0 0 0 5 1 1 9 0 5 0 0 3 0 1 0 0 13 7 0 4 0 1 3 0 1 1 2 0 5 858 279 1075 174 65 3 2 1 0 0 0 1 0 4 2 4 0 1 0 2 76 18 0 0 9 10 7 0 0 20 27 2 148 0 7 5 5 3 4 5 0 1 0 0
454 100 202 48 66 74 80 153 38 320 18 110 97 2 2 7 2 6 11 1 5 23 6 12 29 5 32 27 55 81 60 14 66 29 9 2 10 54 8 27 367 4 8 190 239 7 58 19 172 1301 12010 45206 65 21 623 96 15 28 10 1 11 43 15 12 27 1335 28 123 49 1051 238 120 67 1066 136 10 446 215 176 10807 6750 2470 226 5 10 6 41 1312 58 96 32 2814 5526 302 191 27 261 48 13 36 37 26 60 27 4 47 12 10 17 1 3 32 0 1 1 0 3 1 0 0 6 1 1 10 10 3 3 1 0 1 41 2 18 42 0 9 1 0 19 8 0 1 0 33 15 5 28 7 22 12 3 24 42 24 2 49 4054 1643 7288 1027 285 8 6 5 0 1 1 2 7 57 4 8 3 1 9 5 583 126 56 1 35 44 92 10 2 153 332 119 1341 0 23 63 106 13 49 21 4 0 0 1
859 158 308 94 156 203 753 528 80 1001 99 345 2 27 29 23 5 9 7 6 25 90 13 50 145 24 169 126 1838 214 172 66 154 74 73 7 16 90 35 138 45 3 62 15 16 10 227 7 10 10 12 65 7634 7994 6599 19 143 62 31 7 7 30 79 84 101 8 435 283 188 10 3 188 97 81 330 10 157 9 140 4 14 5 1938 147 82 80 203 4 5 5 8 34 16 7 46 151 269 3566 135 180 51 34 84 33 9 96 1 4 7 3 10 43 0 2 2 0 1 0 1 2 7 4 2 10 10 0 4 0 0 1 50 3 27 67 0 14 1 0 14 15 4 1 1 7 17 1 2 0 10 6 4 0 0 2 0 1 8 4 4 0 16 4 1 9 0 2 6 2 0 0 19 9 0 2 1 8 0 0 4 0 67 74 19 1 0 76 0 0 1 4 9 0 0 6 10 23 7 2 0 3
1896 327 646 257 543 566 1071 959 73 1376 73 657 2 83 147 76 18 36 7 13 50 327 49 285 755 145 799 489 7853 573 643 165 344 178 310 20 50 133 76 652 58 5 296 13 3 12 848 27 7 2 10 21 7994 10950 571 9 696 72 82 15 38 91 441 417 495 3 6540 1026 679 19 10 220 199 124 913 46 148 2 189 5 11 1 995 6256 159 591 856 13 5 5 36 26 16 11 272 457 236 2139 1009 989 75 57 140 68 29 127 3 6 30 4 11 76 0 2 3 0 6 4 0 12 5 10 3 23 16 1 6 0 0 2 88 0 38 93 0 14 1 0 26 11 7 5 7 19 30 2 2 0 4 21 6 0 0 4 0 2 5 9 3 1 19 12 0 12 2 3 3 7 0 1 18 14 0 2 0 8 1 0 10 2 103 106 31 2 3 144 0 0 1 6 36 2 0 8 25 31 12 2 3 3
416 81 176 56 56 90 216 203 47 416 37 195 2 6 9 10 1 4 3 1 23 51 5 16 40 7 49 25 254 94 59 19 80 33 12 1 5 32 8 48 1369 8 20 11 11 8 65 4 28 10 338 623 6599 571 14875 628 24 20 10 6 6 6 34 20 35 9 70 99 44 30 4 104 50 50 142 4 82 3 74 49 63 13 2346 25 308 14 38 16 11 2 10 338 111 29 57 50 189 1502 24 28 19 11 43 23 3 35 2 1 2 2 6 18 0 0 1 0 0 1 1 0 0 1 4 6 2 1 1 0 0 0 23 0 13 14 0 7 0 0 14 7 1 1 2 7 8 0 1 0 3 2 1 0 0 1 0 3 54 18 43 4 11 1 0 4 0 0 0 1 0 0 9 5 0 1 0 1 3 0 1 0 19 34 12 0 0 38 0 0 6 2 7 1 0 3 6 15 3 0 0 0
312 79 151 76 87 110 24 49 11 108 9 122 0 1 8 2 0 4 0 0 775 336 132 21 28 21 27 10 28 76 48 39 89 23 14 1 6 35 7 47 1167 1 17 2 0 3 26 2 11 1 67 96 19 9 628 2225 15 11 5 1 1 11 25 14 16 2 28 37 28 9 0 46 41 18 54 2 29 0 36 3 19 2 2136 7 1698 6 13 4 3 1 7 82 24 14 30 62 40 19 21 17 15 8 14 7 9 20 0 2 2 2 1 8 0 0 1 0 0 0 0 0 2 0 0 3 6 0 0 0 0 0 13 0 6 19 0 3 0 0 5 3 1 0 0 2 6 0 0 0 1 3 0 0 0 1 0 0 14 1 12 1 2 2 0 1 0 0 1 1 0 0 1 4 0 1 0 0 0 0 1 0 9 11 6 0 0 18 1 1 1 0 8 0 0 0 1 9 0 0 0 1
283 22 28 14 604 29 100 5 4 12 2 24 0 81 151 107 19 45 1 3 13 21 2 34 194 1 163 340 5259 4325 4944 65 142 286 58 11 111 86 171 48 103 4 31 2 0 10 244 49 8 0 5 15 143 696 24 15 10866 38 36 27 14 38 58 67 269 1 7065 569 381 13 8 31 80 12 1592 57 8 0 23 0 10 0 220 188 72 148 617 3 5 1 14 14 7 8 20 1894 10 588 1903 4819 11 3 18 15 4 14 1 0 2 0 5 15 0 0 6 0 1 4 0 10 0 2 0 0 2 0 0 0 0 2 9 0 3 10 0 1 0 0 1 2 9 2 6 1 3 0 4 1 3 24 0 0 0 1 0 2 0 2 1 1 2 0 0 0 0 0 2 2 0 0 0 1 0 0 3 12 0 0 10 2 16 7 3 0 3 14 0 0 3 1 2 1 0 1 6 8 1 1 0 1
32 11 26 14 102 111 6 0 1 11 1 24 0 262 215 155 49 89 1 16 19 24 13 32 10 6 63 120 145 48 42 2023 1310 3898 182 73 693 674 176 53 74 5 22 9 0 11 858 21 4 0 7 28 62 72 20 11 38 5303 1591 1727 49 10 12 30 77 0 72 1673 131 11 3 201 654 46 6768 42 18 1 77 2 10 0 116 34 21 9 87 6 4 2 16 22 16 4 21 883 16 28 15 68 23 19 75 21 6 27 2 2 7 1 4 29 0 3 9 0 7 6 1 20 3 10 2 6 5 2 0 1 0 8 44 0 11 50 1 17 0 0 27 25 5 1 5 16 14 0 5 2 6 22 1 0 0 1 1 0 4 8 1 1 14 7 0 12 0 1 0 4 0 0 11 11 0 1 4 10 4 1 7 2 46 60 7 2 1 33 0 0 1 1 17 1 3 3 5 25 4 0 0 1
6 2 4 1 3 2 7 0 1 0 2 5 0 3036 563 187 54 49 17 13 57 46 46 217 37 35 476 257 215 6 12 6 63 1874 3273 2728 3537 701 140 338 53 4 201 103 2 10 3094 8 4 0 6 10 31 82 10 5 36 1591 5206 3115 15 6 13 116 105 2 167 2513 69 6 3 57 115 165 267 23 55 9 80 1 12 2 69 31 18 29 34 5 1 1 7 10 8 4 45 29 20 41 57 74 16 6 45 5 3 8 2 3 2 0 0 3 3 2 5 2 162 11 33 12 88 17 33 30 12 4 5 1 0 2 33 5 0 46 3 81 11 3 223 263 13 40 5 32 25 1 1 0 89 14 15 1 3 1 1 0 8 13 2 3 29 5 0 4 0 27 3 8 2 0 17 13 5 9 1 23 8 1 6 5 19 228 26 3 10 57 0 0 2 0 30 1 3 0 1 8 9 3 0 1
8 1 3 0 8 2 6 1 0 1 0 2 1 999 897 491 190 196 7 17 16 21 98 48 6 13 166 173 131 23 16 15 114 6125 979 549 1975 339 311 92 77 3 42 51 0 10 869 16 3 1 0 1 7 15 6 1 27 1727 3115 3286 20 2 4 39 81 2 42 2067 68 2 2 9 56 32 702 33 6 3 32 1 6 0 20 6 7 2 21 2 1 0 6 2 1 0 8 60 2 32 8 44 7 1 13 7 1 5 0 0 0 0 1 1 3 3 4 0 64 8 7 16 31 16 3 10 18 1 6 0 0 10 11 3 3 20 0 36 7 1 115 144 9 16 2 2 11 1 2 2 70 12 11 0 1 1 0 1 2 2 2 0 5 2 1 1 1 11 3 3 1 1 8 5 3 8 1 15 6 1 5 1 6 107 17 4 5 28 1 0 2 1 9 2 2 2 4 3 5 1 0 4
11 2 4 1 14 6 10 1 2 2 0 6 5 4 72 228 101 5929 69 141 32 61 39 497 16 8 28 302 109 15 7 9 31 22 16 20 290 293 9847 29 578 444 3550 49 23 1618 38 981 71 15 2 11 7 38 6 1 14 49 15 20 8202 369 697 752 2087 121 39 60 7739 82 200 15 45 27 101 11714 9 2 10 1 56 1 20 23 28 5 13 331 526 42 2784 17 3 28 2241 52 2 39 11 8 7 9 8 4 2 5 0 1 1 0 1 5 1 39 209 5 18 48 13 242 19 41 12 5 3 4 3 43 1 104 17 4 11 11 3 15 2 1 59 43 417 10 677 9 12 93 747 22 57 2258 9 11 18 4 2 42 1 4 0 1 6 3 0 6 14 7 180 477 24 31 4 9 30 21 63 564 4 4 362 65 6 36 13 11 114 15 0 6 20 0 7 50 33 13 1 7 2 0 0 3
61 8 16 7 54 33 16 5 2 18 1 28 8 14 151 227 50 418 107 60 38 193 49 31 36 30 19 27 306 96 33 21 34 8 13 5 27 102 134 65 326 95 231 53 42 92 37 7894 245 54 3 43 30 91 6 11 38 10 6 2 369 16348 10875 659 272 41 87 31 2634 2245 4626 13 16 41 96 532 18 1 6 5 341 11 54 71 72 23 9 621 556 129 808 110 33 416 6680 156 9 105 26 16 7 2 2 3 2 3 1 4 0 0 1 2 4 6 14 4 12 33 8 36 16 59 13 0 3 3 6 4 0 12 28 8 4 6 3 10 6 1 28 17 10 22 23 8 10 76 130 12 55 248 19 502 1080 21 19 823 15 11 18 28 11 4 1 9 4 10 19 133 366 28 5 12 19 13 802 376 37 115 1702 213 6 17 21 11 531 71 45 265 1245 2 6 1581 480 14 15 7 1 3 1 10
39 4 6 5 33 20 21 6 3 13 2 27 5 28 426 445 163 712 272 235 136 643 111 86 186 75 37 35 592 48 18 17 31 21 35 11 78 219 63 242 308 201 1081 96 51 142 192 684 129 41 10 15 79 441 34 25 58 12 13 4 697 10875 21439 7848 3082 69 451 59 7805 376 168 30 40 113 63 605 38 5 24 1 35 2 254 335 287 149 26 125 317 132 1713 53 10 165 5970 76 24 118 114 40 2 2 5 3 0 3 0 0 1 0 1 2 15 18 30 13 21 46 26 71 35 177 38 3 1 2 5 5 1 28 6 5 1 11 1 6 25 2 40 37 20 32 23 7 3 37 138 5 45 402 11 37 54 6 3 204 2 3 4 1 6 3 0 5 4 15 28 93 59 33 8 8 13 12 187 307 3 12 720 176 5 28 15 5 155 23 4 51 64 1 5 230 63 6 4 3 0 0 0 0
22 7 8 3 9 14 4 1 2 6 0 16 44 119 390 423 95 1314 213 128 74 255 29 612 168 23 2372 1991 588 14 11 9 31 44 353 85 97 192 802 298 135 44 5377 31 4 1689 465 67 12 1 1 12 84 417 20 14 67 30 116 39 752 659 7848 7735 5382 119 687 132 3083 15 9 23 49 94 44 95 34 4 25 0 15 1 195 270 136 148 25 10 23 11 798 19 5 8 2988 36 23 86 152 58 5 10 8 4 0 1 0 1 1 0 0 3 9 124 315 11 51 207 37 930 48 290 56 3 2 2 6 42 0 220 14 3 12 11 2 25 35 3 76 53 611 38 405 5 7 21 131 13 65 2168 9 1 1 3 1 6 2 1 1 0 6 2 0 2 6 8 100 197 7 15 2 5 16 4 7 160 0 1 69 13 2 28 12 1 13 11 0 0 5 0 8 13 7 6 2 1 0 0 0 1
79 4 5 5 73 36 42 4 4 9 1 29 32 116 444 575 49 872 89 60 32 114 22 109 55 4 217 934 1647 123 65 21 34 40 68 67 107 134 5338 79 221 77 816 33 15 1133 191 101 19 1 2 27 101 495 35 16 269 77 105 81 2087 272 3082 5382 3199 135 911 220 8717 22 11 15 24 54 213 219 15 1 24 2 14 0 215 194 117 83 33 22 31 6 787 14 11 12 881 190 20 391 169 258 6 12 7 2 1 2 0 1 0 0 1 12 9 139 424 25 44 166 27 1115 44 221 37 7 1 3 2 74 1 312 19 2 17 10 5 20 27 0 54 60 981 26 977 0 15 58 398 37 58 3958 14 3 7 4 1 9 1 4 0 0 2 2 2 1 18 14 244 487 12 29 8 7 33 12 6 441 2 2 126 18 2 34 14 4 49 15 1 0 12 0 4 23 22 23 1 3 0 0 0 1
2 1 2 0 2 1 0 2 30 6 1 7 3926 2 6 32 60 326 877 71 0 13 3 23 2 1 33 67 6 3 0 0 10 2 4 1 28 313 41 10 59 82 137 1166 2777 4384 5 29 24 2471 16 1335 8 3 9 2 1 0 2 2 121 41 69 119 135 2012 1 5 99 9 11 94 38 2255 4 78 702 1191 224 773 79 879 4 4 2 1 0 640 218 941 2071 7 7 3 276 5 262 28 0 0 0 1 2 1 0 3 0 0 0 0 2 1 3 14 679 1 10 28 8 147 39 189 9 3 3 0 1 17 0 56 3 0 2 5 0 5 3 0 52 33 53 8 102 4 8 35 273 48 156 1273 1 9 22 5 1 42 50 11 48 27 8 0 0 1 3 3 21 130 17 253 3 3 5 3 34 110 15 12 292 52 5 18 30 1 30 11 9 6 65 0 6 69 34 1 5 1 0 0 1 2
371 169 128 104 389 294 64 49 6 91 6 292 0 308 386 237 18 79 7 15 41 188 33 313 1259 98 1327 1180 3418 407 1169 125 237 288 525 71 110 129 287 625 109 13 274 12 2 23 1402 45 20 0 7 28 435 6540 70 28 7065 72 167 42 39 87 451 687 911 1 14216 2149 1092 15 3 95 139 80 1896 64 69 3 81 2 19 0 647 4429 409 2295 2245 8 6 1 28 29 13 12 197 803 70 79 5252 4329 30 19 58 27 12 55 1 2 3 0 9 24 0 3 11 1 10 10 4 23 9 20 1 13 9 0 2 0 0 3 41 5 13 54 0 7 5 0 18 7 13 5 12 6 9 0 8 1 10 42 5 2 1 0 0 1 3 6 1 1 9 8 4 4 1 1 4 9 0 1 9 12 0 3 1 15 5 2 13 5 46 75 22 0 3 54 0 0 0 0 16 7 1 5 16 12 5 0 0 3
53 9 20 14 21 25 17 12 5 25 2 21 0 542 439 267 69 115 6 13 34 186 20 117 968 23 310 407 1480 46 97 48 314 2637 543 266 1147 787 331 259 203 10 134 36 5 23 3316 38 21 0 28 123 283 1026 99 37 569 1673 2513 2067 60 31 59 132 220 5 2149 7619 291 44 17 199 334 163 1454 89 154 9 162 5 51 1 576 574 179 979 5500 16 8 3 21 77 56 39 80 182 54 164 2006 1839 44 22 102 20 5 11 4 1 6 0 1 4 1 6 12 1 22 16 2 24 18 11 3 17 14 1 3 5 0 16 85 3 6 85 2 56 4 0 94 70 18 6 11 45 35 2 10 1 17 50 3 1 3 4 0 0 17 24 4 5 58 8 3 11 1 3 6 0 1 2 26 42 2 3 3 3 8 4 8 4 27 194 31 2 2 80 0 0 2 1 69 0 1 3 2 34 14 0 3 2
243 9 16 9 219 155 150 13 5 25 5 142 15 40 349 579 97 1401 182 137 68 273 58 92 102 26 43 240 2835 489 162 105 110 58 57 51 161 227 5788 120 348 317 1254 60 166 532 200 7089 99 32 12 49 188 679 44 28 381 131 69 68 7739 2634 7805 3083 8717 99 1092 291 8636 328 320 35 50 105 538 3708 36 5 32 9 61 2 286 272 195 122 54 215 375 66 1792 58 21 60 2653 786 31 875 191 259 9 9 15 6 7 6 1 1 4 0 3 10 14 60 95 24 54 125 34 323 66 265 41 9 5 2 8 36 2 115 41 9 17 29 5 26 40 8 83 60 303 50 612 11 8 134 842 14 70 3087 27 39 63 7 6 270 4 5 3 3 14 7 2 8 23 22 237 528 87 65 19 20 46 43 256 1329 4 16 1772 363 11 70 37 26 373 45 6 47 72 1 11 210 141 26 6 10 4 2 3 6
140 24 66 15 40 27 20 30 7 77 3 33 1 3 17 25 4 63 16 10 6 13 7 5 10 2 11 6 59 35 17 6 32 12 5 1 8 39 33 11 130 9 15 16 9 14 14 820 71 12 957 1051 10 19 30 9 13 11 6 2 82 2245 376 15 22 9 15 44 328 2833 3003 26 22 18 62 101 10 0 17 23 3788 39 28 3 6 1 14 235 93 30 127 996 1216 490 673 44 15 26 4 12 11 5 13 2 2 5 0 2 1 1 1 7 0 0 5 0 1 6 2 3 2 7 1 1 4 0 2 0 0 1 9 1 3 18 0 9 1 0 4 1 1 8 6 2 4 41 25 4 20 40 6 320 481 21 10 117 115 120 225 304 8 1 1 0 2 0 3 23 93 11 1 2 4 3 113 43 258 271 296 22 14 17 16 5 77 44 150 64 1497 2 0 348 491 2 9 7 0 0 0 0
