22.317486827869 30.8006858574287 26.4493588794351 36.7254168301537 40.7317919949427 44.5837906848075 24.5283458765229 22.5912184028123 81.8618647942176 29.4428256264073 59.8912363847097 50.9949715460195 146.829666137695 113.36368560791 127.937218405984 137.12209154212 160.486225673131 151.536252657572 203.553192138672 157.307504272461 103.926486371511 114.35173241446 153.180215454102 192.832093672319 152.346493584769 174.847396850586 179.540297049063 143.26860530202 48.484342355821 24.0005785657279 44.184606573364 63.3160370684685 81.5662875078522 95.5024685069827 157.264842224121 0 95.72829031437 106.815040103973 114.305824465868 182.730268478394 90.0885186659551 160.351483431729 164.879581451416 182.523544311523 143.39030456543 179.695266723633 157.655306570871 150.853026907785 143.769226732872 174.860061645508 135.341202784629 150.781688169236 110.45887375322 94.076379776001 115.135458726149 109.662844046568 54.2285640029098 81.6532146930695 109.706448872884 97.1509943008423 156.886346296831 164.877320836802 176.087240757086 187.769360628995 137.723436379734 185.301658630371 95.5303547285959 161.034919019015 137.604832401982 166.898895481655 165.975494876985 91.7557611987365 103.010003643271 100.445728092019 93.5485620628115 133.857940673828 91.5186607124879 220.276611328125 104.960160776347 149.944454502415 171.997800877792 163.982901000977 110.024268541232 103.036463316959 106.64836743506 114.565032061409 141.035982265029 175.00442944151 175.067097981771 193.039505004883 185.753216136586 139.34661524846 160.136895995209 161.621527636493 167.904363756982 60.3794656952466 83.2058250427246 56.9962535968675 137.818002382914 136.972006479899 158.1528831094 149.105190520591 140.916702384428 152.529857699611 150.099074252816 154.715607113308 156.455938339233 141.833628336589 147.779278662897 119.533243088495 133.21022275599 145.368424024554 0 0 182.183532714844 0 198.542526245117 174.134628295898 0 181.648536682129 181.374038696289 205.868011474609 215.255096435547 155.655108164592 171.527431882661 136.759170532227 163.060188293457 0 0 160.058044433594 150.394072198667 222.301844278971 133.632447781158 141.921127117678 0 139.121397399902 0 193.494354248047 179.666827115146 147.002975463867 191.741912841797 176.262475585937 189.917675018311 180.250298751028 167.051209430305 0 156.522521972656 150.799346923828 169.101104736328 190.69668375651 160.620325724284 225.93424987793 219.166852678571 209.172637939453 235.389587402344 195.777319335938 181.726424662272 195.223132324219 174.41862487793 217.522033691406 207.341656246701 207.527033487956 197.433236258371 169.775334040324 162.640274047852 0 200.73641204834 213.791046142578 212.960464477539 0 186.233232313587 174.904580885364 152.249534606934 0 207.910202026367 209.325391496931 223.016564263238 221.585052490234 208.809483846029 0 130.215452346802 135.608906615014 101.425595419747 192.13765335083 215.788263956706 120.953436307554 181.233808517456 0 209.684906005859 174.927799987793 199.464606920878 216.388916015625 210.854103088379 154.953162935045 118.256637212392 156.689767263986 180.055132316821 166.860334123884 197.105997721354 166.488321940104
30.8006858574287 11.792717325683 28.5319211995762 25.7338098506563 33.0981099039513 41.1045474590048 46.9143529719552 62.1333415237899 97.7048229641385 102.000869425332 105.293965021769 58.0073029243529 0 193.092182159424 205.975997924805 212.260388183594 0 205.914722442627 0 0 107.247686953158 115.723206066694 146.000017801921 183.541381835938 169.685927497016 164.777778625488 179.056897844587 206.876010131836 82.6213566824655 23.8590176608453 25.1065389576748 74.259554198294 82.4000794949739 126.64075088501 191.433986663818 0 160.225865681966 164.261740251021 129.960266113281 192.557641983032 94.6172863309852 142.62818145752 214.485462188721 0 0 208.826438903809 164.614327748617 191.104721069336 152.315591351739 0 147.549065866778 160.405453338623 126.79743267011 109.148917708557 124.161894998433 118.627796511107 104.30640446056 91.8839735551314 170.107025146484 145.992065429688 178.251571655273 182.857303619385 214.104179382324 189.872388567243 177.110786437988 199.179138183594 97.9713154629137 171.283181084527 188.590559217665 176.591442108154 179.453645706177 95.3853743737485 131.51985083686 93.3233593879862 94.653926713126 198.915641784668 98.3452275016091 0 112.146009506718 158.708717346191 184.168106868349 171.680068969727 122.391329494875 108.533440557655 111.91459478181 104.437227689303 156.57103729248 186.133012038011 182.333541870117 222.386215209961 196.214656829834 155.004558910023 163.428943634033 167.947431697402 174.490718296596 81.1277183461412 85.2378261979804 94.737580899839 150.034467424665 144.671281433105 159.725230806193 150.415545714529 163.163526030148 157.534433525729 153.558561658102 156.492238394105 151.571712239583 143.156422206334 153.536570866903 124.697384046472 137.67180352462 146.862054729652 0 0 0 0 0 0 191.257141113281 0 0 0 0 160.111028380313 172.978481292725 142.185897827148 194.386775970459 0 0 0 154.565974718904 172.602214813232 135.796158576498 143.390996607339 0 151.220809936523 0 0 174.803723653158 0 214.578216552734 188.409408569336 0 184.54278725072 170.65610631307 0 0 0 122.013366699219 0 195.915885925293 0 220.988866170247 0 0 0 206.524719238281 208.554885864258 182.861686706543 0 214.387924194336 203.088095770942 193.116561889648 172.984519958496 0 0 180.993209838867 0 0 154.465370178223 192.079737965654 174.035237630208 160.283248901367 0 0 0 243.661773681641 0 0 0 129.607151946458 145.029838893725 103.506983121236 193.293401082357 0 119.483300922722 185.509460449219 146.399291992188 234.870352172852 168.478187561035 202.761375985494 232.683074951172 236.265151977539 148.201913960775 119.254904785156 160.93566629838 180.380771034642 171.129806518555 0 195.620923723493
26.4493588794351 28.5319211995762 11.472913660077 25.0804997761082 119.262749370776 56.3325174349659 55.5997048905177 14.8958439055681 58.359580428512 20.7194565570217 53.8686424891154 27.1181360106359 0 197.555801391602 197.319583892822 206.935417175293 0 201.973091125488 219.18482208252 208.021026611328 104.148931439003 120.89852581994 198.339538574219 191.479640960693 159.694044930594 156.557571411133 200.36193378155 192.63836924235 85.5622860161751 110.530451871911 139.461062277517 101.171884287959 98.6367641611302 138.300159454346 190.122756958008 190.471542358398 0 134.149984087263 179.344606399536 180.107675170898 94.7978119703116 181.212963104248 190.851551055908 202.215896606445 184.508636474609 163.55884552002 174.018348292301 196.072700500488 150.668090065757 163.691131591797 144.3851313591 158.557976939891 120.978488575328 105.526291578547 121.552412163128 117.659553376255 124.36681338719 97.6102784963755 159.648874282837 189.002944946289 195.980136871338 181.560500144958 194.012748718262 207.01756477356 180.773818969727 196.488967895508 105.369408398867 162.800695800781 204.744059562683 175.983157533588 175.56965637207 99.1424934032352 118.832393812097 96.8764829133686 101.061808636314 178.396263122559 94.1366580554417 0 109.450996188942 161.156753540039 179.619256337484 184.231582641602 118.827043564939 109.550397722909 112.771639369228 119.188258084384 139.55531471654 182.884684244792 184.152567182268 181.542770385742 195.458866882324 149.718152425822 166.186152140299 166.784461103167 174.663894290016 132.203573178022 105.949234553746 79.1236884454499 167.58246421814 128.787019729614 162.827915630919 154.358518299304 103.892544848084 160.719873827557 159.122859530979 157.943213730055 160.078385745778 115.490036010742 145.711264870384 120.607696194119 136.239945204362 147.035423163793 0 0 0 0 187.804275512695 0 0 0 0 0 0 166.712186448118 174.686801656087 144.936988830566 163.025885009766 0 0 0 154.886561821247 126.313053131104 139.740764332466 147.087226309427 0 167.991762946634 213.903930664062 0 154.693762207031 193.363810221354 230.065307617188 176.021903991699 0 188.728585561117 171.699065685272 0 210.426773071289 0 123.357414245605 193.208763122559 0 235.841247558594 233.409159342448 216.99104309082 0 0 186.605350494385 208.507596529447 183.752972920736 228.557746887207 206.631441116333 209.436251322428 191.351582845052 176.404733784993 146.363082885742 0 0 0 0 145.052322387695 193.743791905845 170.489725748698 171.498138427734 0 0 226.099746704102 0 220.004409790039 205.297958374023 223.156865437826 134.60533304104 147.710793370786 108.165324892317 180.891662597656 204.041076660156 126.068588843712 167.033233642578 0 218.093227386475 196.81596883138 202.669455528259 228.132507324219 233.622970581055 154.453617905125 118.39374650043 163.683430645917 186.371383666992 181.332379150391 0 182.4857308524
36.7254168301537 25.7338098506563 25.0804997761082 11.6171735193962 18.4546410434441 16.4918192650857 62.5115842819214 72.9699038481101 85.8860059738159 60.5368089740341 73.5228813716343 24.7080936386117 128.304748535156 179.333602905273 185.768859863281 202.922078450521 0 0 161.218246459961 182.783988952637 99.2205755266093 113.490412802066 0 187.795298258464 157.283663431803 170.425954182943 202.569732666016 153.691833496094 89.2421971547875 41.9494138437476 20.2899132315292 71.6452187220255 80.6938259249828 103.650485356649 190.276397705078 0 203.390281677246 171.633303715633 176.12565612793 197.055101182726 91.63135450085 129.758255004883 165.585723876953 0 0 167.038358052572 160.360597991943 236.433624267578 145.446105957031 0 143.503646087646 160.576628843943 126.57618908172 108.667329929218 125.763498442514 118.895881652832 102.039969852992 99.907411302839 153.395370483398 0 197.216751098633 197.14711870466 183.651486206055 189.638575236003 178.782922363281 0 95.8132355396564 159.57179750715 195.230411105686 167.49157409668 172.763399759928 93.4472906100039 133.040024893624 92.0180168946584 91.3812680042965 129.83268737793 89.7958883692007 237.722747802734 105.135648202205 204.873229980469 179.696573575338 0 119.332523867769 107.271180489763 108.613588668593 115.333083704898 143.004312955416 181.685244473544 189.989715576172 0 202.163896560669 147.930516089922 166.198020145811 165.05001449585 172.330712948205 73.8607310515184 85.1090590865524 92.9198629288446 133.091658819289 134.511463928223 157.336015393657 147.261814799286 155.453444937825 151.700928986073 148.007011676657 150.567462766493 149.140935262044 141.348209674542 145.002810305264 115.317917608446 132.111431946108 139.73939811987 0 0 155.869369506836 0 0 0 0 178.048553466797 0 0 235.328582763672 162.030467351278 170.898606024848 152.878082275391 143.21849822998 0 0 0 148.803157236384 183.730004446847 132.6375907754 139.962109551913 0 154.498772939046 0 0 156.642698923747 226.640335083008 0 165.914434814453 0 185.166028340658 171.318881095724 231.999206542969 0 0 0 186.582214355469 182.48874773298 0 216.450981140137 197.762565612793 0 0 220.557703018188 227.31169128418 205.770291137695 210.441497802734 205.759509132022 200.547624376085 193.126647949219 171.159846761952 0 209.48779296875 180.218276977539 0 225.694839477539 160.196807861328 189.37064183012 174.298269832835 0 163.321380615234 0 244.957534790039 0 0 206.724731445312 214.82048034668 126.682547872981 140.938164961965 103.568617644133 190.850379943848 0 118.138242815642 0 246.07160949707 215.960428873698 175.298306274414 197.349321289062 232.906753540039 0 142.030422435087 113.511651357015 159.785626250919 175.836645620841 154.657928466797 0 177.550013224284
40.7317919949427 33.0981099039513 119.262749370776 18.4546410434441 14.1102089562649 25.1249624725264 44.4854397594132 68.3527207996534 75.133911980523 102.188937822978 85.2606961601659 53.518230832127 0 164.767419815063 92.2483959197998 114.12611134847 97.4180090767997 123.700877189636 172.611289978027 164.125345865885 86.0533610059504 97.1539261164924 70.6542015075684 177.932053375244 130.245712643578 136.124576568604 155.990445963542 112.180642954508 58.06081456783 31.2058191223257 15.5259213359665 32.5676049254198 54.7324501677272 70.9850529600672 165.576614379883 130.226959228516 75.7633030301049 83.8293278638054 100.386012899465 159.10424041748 75.7213457061834 127.35844039917 161.434762434526 180.295043945312 153.822032928467 138.643399556478 151.369663715363 129.240839365366 137.184292384556 0 129.941589050293 145.789411718195 112.134921440711 90.1866414191314 116.995703152248 97.2162390522573 36.6742383817963 45.1033672257966 124.607172648112 81.7553472518921 111.553818838937 150.664731767443 148.317249644886 147.869657728407 112.016299313062 113.474185943604 70.3988671094409 117.867141905285 115.862673546081 158.015084075928 155.669492721558 74.0048415660858 78.2199362377788 74.2778907255693 50.0992800008683 118.048787490181 77.5730739593506 0 98.0753668851631 132.935966491699 165.20732720693 0 104.891577520054 89.6523081170112 93.0586204731359 83.784492916531 104.723778875251 157.202546772204 156.51319954612 158.523284912109 155.625575171577 131.512429954892 150.485380224279 147.309084574382 160.871332056382 22.2343985996005 65.5301272971957 67.1115989789858 101.675908088684 56.9848606228828 145.36984187159 136.994886901855 146.591100784981 141.092974541892 138.168959373285 138.766014151081 139.631194774921 125.213652716743 135.672314328845 112.109290573623 121.717015335525 129.325023157288 0 154.321746826172 140.297897338867 0 199.529144287109 0 0 181.193715413411 177.527313232422 161.071380615234 0 149.260275522868 162.588141748461 140.638017272949 150.140877859933 0 0 190.587928771973 140.85942747328 165.561632792155 120.384998732039 125.867124033253 0 157.072116427951 0 0 171.633244832357 0 179.85319519043 162.243446350098 0 172.754369463239 163.236546039581 189.083839416504 171.735885620117 0 126.350433349609 171.936118125916 182.279090881348 213.194976806641 191.709396362305 176.268600463867 0 164.680648803711 192.805261230469 213.270179748535 199.512157440186 235.215835571289 199.255751291911 201.466317983774 205.265710449219 160.048457554408 146.808410644531 0 191.805435180664 0 210.256469726562 146.14282989502 180.535756553092 178.801283402876 141.492744445801 129.266098022461 0 191.987865447998 240.835113525391 228.687301635742 182.169115339007 209.667627970378 115.520157790766 138.818423025949 99.9415869279341 179.623199462891 192.858174641927 107.096555253571 176.186157226562 153.033416748047 215.810671488444 167.089995164138 188.603974533081 195.161315917969 235.186141967773 132.271867835003 101.075322212194 145.940792188732 169.413216983571 157.189648714933 0 156.14489364624
44.5837906848075 41.1045474590048 56.3325174349659 16.4918192650857 25.1249624725264 12.6620439890832 60.7151281927938 81.1292491800645 76.9241075788225 82.6991760182825 57.1023781625848 20.3305391604971 0 158.745147705078 156.746650695801 95.4949310302734 75.7155780792236 207.991798400879 238.979751586914 141.06876373291 93.8887800654292 103.849147636349 91.7161051432292 173.782535976834 128.109295200657 156.142242431641 183.816279093424 133.37633895874 88.0096225478432 52.620673371442 41.795388460871 19.170341427858 26.7560772575152 91.0982573279019 161.469523111979 0 76.4675647735596 94.8089552898796 125.686278279622 182.403930664062 87.367159532697 146.267547607422 184.466016769409 152.40537516276 0 140.267051696777 156.113402593703 140.914667765299 143.931033325195 0 152.798828818581 160.899394885914 126.463987754484 106.512241255689 124.780597686768 112.154230291193 102.209388864451 34.8425790425893 105.753255844116 49.5424957275391 118.582969665527 155.050633285985 160.57992401123 167.461756569999 119.079586664836 164.773223876953 91.6843720520435 154.025564880371 122.999905247842 176.816713686343 163.108700092022 97.7823298662558 84.7662695179815 96.0449744633266 20.1264370302375 139.510586242676 93.4717974149264 194.081604003906 116.078832168579 156.862118530273 176.20514942516 180.964762369792 117.17641018075 103.923824537785 104.755957348691 105.164210001628 156.84272806268 174.58708190918 173.840167236328 0 175.966834174262 144.170814037323 165.613221602006 164.600241008558 173.850589299606 19.2423911935942 67.4372726908901 89.9993203970102 115.702765219552 139.008047993978 152.930609099719 143.025837692055 152.223574355553 145.876423087953 139.600428631431 141.719889380715 137.307394309122 124.794304240834 136.280987441684 111.715853316061 126.047708639578 134.119272912425 0 150.300880432129 132.743026733398 0 0 0 0 155.322853088379 231.804977416992 187.293416341146 0 159.135946219308 171.340854577851 136.577407836914 173.18051815033 0 0 192.757278442383 147.890548706055 185.028823852539 123.882812071382 132.291988778622 0 162.158644539969 0 0 226.042175292969 180.471153259277 0 160.458535330636 166.695678710938 177.622534942627 168.151217240554 225.068908691406 171.06143951416 135.760215759277 216.319976806641 170.873506164551 0 219.561485290527 241.522750854492 204.362828572591 0 189.836786905924 193.972525024414 210.83039855957 203.187435150146 0 206.568399156843 201.060874938965 215.276153564453 169.002784946987 155.055526733398 0 173.337036132812 183.873313903809 236.372619628906 165.504379272461 186.269996226918 173.142270042783 186.794611612956 209.940536499023 246.635848999023 191.327697753906 234.428166707357 0 208.354315185547 195.798263549805 118.491098865243 156.617060706729 107.009316695364 198.306317647298 0 110.48480876625 201.122729492187 165.105059305827 220.969647216797 183.404401339017 201.213409118652 0 222.310801188151 141.209253372685 102.253050047487 157.148898678734 172.242967547792 167.737129211426 173.869785308838 184.424979073661
24.5283458765229 46.9143529719552 55.5997048905177 62.5115842819214 44.4854397594132 60.7151281927938 11.7818908596497 19.8995414040321 16.4246775976249 27.6313133154644 39.1007909757021 60.2928508341554 0 97.5895500183105 112.429044723511 110.222007751465 113.233189900716 136.834423065186 0 109.858184814453 97.1724825407329 110.355501695113 148.136728922526 146.830307006836 139.872664133708 92.8798751831055 176.39538192749 110.705907468443 44.7876223030518 42.1642452518145 46.662920041395 61.3334248463313 68.8665893554687 88.6844398498535 188.873886108398 0 86.4203152656555 103.832013448079 112.66699886322 168.401865277972 88.6600125630697 129.022613525391 178.508340018136 156.777168273926 102.370868682861 142.270126342773 128.485727310181 147.406769162133 119.18185563521 151.976825714111 106.817658797554 136.923174095154 80.3288561655072 68.8923187309287 87.6051196345577 98.7278822263082 52.3440440368652 72.9634977976481 97.6122850690569 72.7405738830566 144.59086227417 165.368499755859 169.041163853237 145.674694061279 117.6106905256 0 97.5455361604691 113.600877649644 128.89895304362 157.352236175537 161.437880082564 67.1429320508101 87.4505752987332 75.7943703578069 78.3185295942353 131.670473734538 59.1111335104162 48.2377128601074 103.592667770386 122.488610839844 154.100553841426 155.203590393066 92.6516603041519 99.3083213230349 105.64130513261 92.4271297454834 118.9510679245 159.027508205838 168.604716709682 0 165.66815839495 115.552740407545 138.176802658453 150.589084201389 167.622208305027 60.0789651758531 33.0181027825782 29.3222103514187 119.915588965783 122.226480484009 156.002634915439 148.757071228027 158.247104991566 155.715521070692 150.38494720459 157.277370511569 157.014399210612 111.302177429199 143.551202600653 115.130780029297 131.382825578962 143.928354874398 0 0 164.392150878906 0 0 181.935577392578 222.125350952148 170.516693115234 0 0 0 154.202433268229 165.678070068359 0 142.684753417969 0 0 0 148.587204581813 0 130.850320694294 144.235632534685 0 0 0 0 126.680023193359 0 0 0 187.705856323242 162.179733276367 162.89074367947 0 0 150.538131713867 0 189.414849175347 0 0 200.340972900391 209.949020385742 0 190.044942220052 158.178102493286 164.038269042969 151.371923828125 204.762649536133 206.952435811361 179.944254557292 0 162.378004594283 0 0 173.790252685547 198.934722900391 0 212.161499023438 188.15993754069 174.231600952148 163.151977539062 0 0 209.299537658691 0 0 203.561050415039 0 128.871169234767 126.122605895996 83.1416816711426 0 216.618217468262 113.817466163635 185.883422851562 181.515396118164 208.789405822754 151.667098999023 194.633702596029 211.026473999023 185.170745849609 143.3134765625 114.040738169352 151.675800577799 160.13447265625 173.512756347656 0 166.576774597168
22.5912184028123 62.1333415237899 14.8958439055681 72.9699038481101 68.3527207996534 81.1292491800645 19.8995414040321 10.9660005475961 10.0286275495344 16.2412420000714 43.4188126898431 46.8826677654986 0 178.742446899414 180.935440063477 185.351264953613 160.394561767578 0 0 0 103.586560058594 175.650802612305 176.293975830078 0 144.005292256673 158.478225708008 184.089950561523 192.408961704799 67.7842758864164 61.4308632805234 84.7904643306026 87.5346649169922 121.386610666911 199.384429931641 181.424629211426 0 0 151.350026448568 151.179779052734 168.581283569336 87.7180372192746 0 208.347427368164 141.817245483398 186.544860839844 225.386535644531 160.907649230957 198.72306060791 135.08478894441 158.288696289062 126.210709291346 143.433340733347 95.8990631392508 81.3639896301333 101.901506546096 99.8509121330417 116.326371765137 0 0 174.434951782227 174.043609619141 196.892864990234 192.996493021647 247.59831237793 194.854831695557 187.020896911621 114.69027312921 165.520179748535 204.254876943735 163.730411275228 158.949106852214 132.690412521362 183.391583251953 151.657409667969 146.77321434021 0 63.2246780395508 0 166.82964070638 138.301653935359 161.387649536133 157.060317993164 100.31809348892 95.4795639213474 102.03771389232 169.959030151367 154.83863067627 170.856724132191 178.801830291748 0 183.017246246338 130.81328129124 149.679632778825 154.004479590883 165.657590668777 99.4137971242269 113.309842790876 55.1412257086329 151.084499359131 159.099428812663 173.969657897949 167.442299736871 131.443243310807 161.463580540248 168.724862234933 140.92315183367 126.564182281494 0 135.62268002828 100.581939333961 118.884941394512 140.68485475936 0 245.195114135742 0 0 0 233.346313476562 0 0 0 0 0 227.535804748535 192.052085876465 0 0 0 0 0 172.013853593306 165.457901000977 152.400140242143 151.645485877991 0 0 0 0 0 0 0 0 0 0 205.837577819824 0 0 0 0 0 0 0 0 0 0 0 178.30460272895 179.279729207357 159.558742523193 182.436584472656 188.868385314941 0 178.905319213867 0 0 0 0 0 0 0 195.577255249023 198.147750854492 0 0 0 0 210.131759643555 0 221.892929077148 0 129.016228448777 199.701740264893 131.378852844238 0 0 135.504434758967 193.032643636068 0 204.890525817871 0 233.399345397949 243.004302978516 0 144.944244384766 105.331365083393 174.460952758789 176.796859741211 0 0 0
81.8618647942176 97.7048229641385 58.359580428512 85.8860059738159 75.133911980523 76.9241075788225 16.4246775976249 10.0286275495344 4.92714957860437 14.7361148791573 33.3912458348274 54.1437840567174 84.5306818644206 0 203.354827880859 0 118.977689107259 0 155.51459197998 86.0498809814453 98.2959694086119 94.368538943204 78.6283598679763 122.452863693237 94.8779717378838 81.9400802612305 123.679679870605 146.106837463379 90.0080797244341 86.0179695461107 77.4561585925874 58.071662902832 57.4183013222434 0 123.128938947405 0 0 107.36163075765 0 98.3928600492931 98.5879418157762 0 126.812334060669 71.5544837315877 90.9057135948768 103.954569407872 84.9964979262579 0 152.733707427979 112.855256216867 147.500574747721 153.538611763402 83.7296332836151 84.748433883876 81.5813314559612 107.748089877042 153.349849700928 52.0937347412109 129.476593017578 0 218.220901489258 149.928771972656 140.22417195638 106.265384674072 146.12783241272 83.8765874226888 128.675900777181 82.3730239868164 173.260009765625 171.110951014927 198.77375793457 49.5533317331357 79.8463745117188 42.1390936222482 66.2374704801119 139.910949707031 34.479553210217 51.2843884362115 61.5655208163791 148.063510894775 165.729443359375 120.548446044922 111.097934789825 114.779876045559 114.997518310547 107.91566212972 105.62332611084 146.673053163471 136.597343893612 121.434573173523 122.589199197703 146.758875274658 162.393688201904 171.03073425293 155.856460571289 67.1408048665748 14.8728536880616 21.0409519784342 108.417760213216 130.720001220703 129.495239257812 144.931356430054 158.906271616618 163.92366027832 0 135.899946732955 123.081176757812 0 0 124.737976074219 145.66796875 138.023028564453 0 0 0 0 113.942024230957 152.552276611328 0 0 0 148.404769897461 0 0 0 0 0 0 0 0 120.281909942627 0 129.022640228271 140.393699645996 0 123.755779266357 0 107.975135803223 156.113904953003 135.611099243164 0 123.375663757324 0 0 0 162.947647094727 156.534461975098 0 0 158.24994913737 0 232.8828125 0 0 0 0 175.498859405518 191.772430419922 167.116485595703 197.779655456543 0 0 0 122.770141601562 0 0 172.628967285156 193.574208577474 194.667221069336 0 173.762786865234 0 0 0 0 156.260650634766 0 0 171.995965957642 160.298805236816 131.533482142857 116.350555419922 0 0 227.093124389648 104.425918579102 180.684875488281 141.077972412109 211.869285583496 168.613479614258 173.023910522461 185.224922180176 0 0 113.659507751465 0 147.413497924805 226.199066162109 0 0
29.4428256264073 102.000869425332 20.7194565570217 60.5368089740341 102.188937822978 82.6991760182825 27.6313133154644 16.2412420000714 14.7361148791573 11.2398738280767 14.4871608832613 23.3459198506174 0 216.448196411133 163.725326538086 189.11499786377 223.200454711914 191.915908813477 0 203.904388427734 97.1854617956913 113.733322143555 181.341720581055 199.599020821708 155.973608907064 198.651802062988 195.074345906576 198.457958984375 74.2922647701892 98.213630600731 140.78342490726 121.171931372748 66.5488279416011 157.67387507512 181.190803527832 0 142.259738922119 163.593109130859 201.715896606445 178.476113455636 89.4784300456676 128.352361043294 200.335939407349 166.386238098145 173.828819274902 178.440734863281 160.933226498691 183.649684906006 136.010239124298 185.593790690104 126.618373275897 143.877769827843 97.9684216425969 85.8380430105121 104.177904642545 105.462657363326 124.814257939657 122.247342889959 0 175.382934570312 178.370765686035 168.059495713976 188.481547429011 207.313140869141 178.621890597873 188.737330118815 111.52445090996 166.632241210938 189.691193237305 162.722109113421 156.141318003337 61.9749766718043 136.263571305708 119.256125979953 115.671854161504 183.697910308838 11.3767815492117 0 119.764385986328 139.723241059676 166.057204930923 161.029065450033 103.428735768322 97.8968360768577 103.436722701451 128.100643702916 164.270258123224 171.356322806222 178.144497211163 182.952423095703 188.836171468099 135.823515347072 152.796669753281 155.37808485155 160.526201190371 141.208588176303 14.8251188703129 52.6782090869675 146.058480943952 152.2885222435 146.747940572103 140.590622075399 129.264421806423 137.780481247675 137.060630443484 126.518755054793 117.195089932146 108.655664737408 116.881431011976 94.3711092995956 110.093448474843 121.876557562086 0 0 0 0 0 0 0 0 216.804382324219 0 0 164.471368408203 158.447894447728 0 159.214111328125 0 0 0 146.123440591913 182.133407592773 114.021354675293 124.007780353675 0 124.705951690674 0 0 188.816967010498 220.401893615723 0 184.003593444824 0 174.841613769531 166.876560884363 0 0 0 157.170211791992 205.7587890625 186.09009552002 218.89714050293 217.886845906576 190.440292358398 0 170.468276977539 175.07002597385 192.391399928502 175.680717468262 195.41593170166 206.76327792081 195.720474243164 177.035415649414 164.713234641335 171.654319763184 0 0 0 233.117492675781 137.061933244978 193.532791137695 175.015027364095 156.801559448242 144.17463684082 212.227157592773 237.338256835938 229.408813476562 237.602874755859 217.341255187988 0 103.96777396866 146.009348869324 75.7428046067556 182.741561889648 0 97.4909961382548 180.731353759766 139.011271885463 202.625504811605 174.846301269531 196.363446553548 210.461151123047 216.886367797852 127.354549662272 86.9250380068409 149.054500981381 171.792432149251 154.683151245117 204.439453125 173.588272094727
59.8912363847097 105.293965021769 53.8686424891154 73.5228813716343 85.2606961601659 57.1023781625848 39.1007909757021 43.4188126898431 33.3912458348274 14.4871608832613 6.6520971514515 13.863121956669 0 0 238.253356933594 0 0 87.3003082275391 0 98.8426971435547 80.4972481241032 92.3975417954581 41.2044410705566 0 93.3009366989136 0 163.052841186523 108.765914916992 86.0624790615506 68.9774218472567 73.6954586322491 43.1301123301188 28.1515093691209 134.985794067383 196.243087768555 0 0 76.4409005301339 0 163.838892618815 77.7720217618075 0 0 0 0 0 105.03840637207 122.583740234375 129.815948486328 0 138.032608032227 165.569981469048 100.46875655049 96.1589679456737 111.357359190245 114.068735758464 93.1036071777344 14.4159288406372 142.580837249756 0 0 225.955169677734 146.791011810303 0 92.9540252685547 74.9029693603516 81.7556737263997 211.87483215332 112.163876342773 164.287043253581 0 29.1253552797781 61.7430472373962 90.8674561636789 40.9279933808342 128.452903747559 7.08419763585104 0 93.1325710841588 0 169.036712646484 0 115.755266989431 106.474129310021 95.2775687240973 80.1180534362793 102.540742874146 156.870880126953 217.679779052734 0 0 144.597362094455 159.40772819519 169.161794026693 140.367630004883 50.3202894846598 23.3316509996699 55.7143613195335 135.563945770264 105.527717590332 130.695678100586 118.579227696294 128.814077186038 126.950846848664 117.956340377395 120.649848024773 120.408056851091 100.94876437717 118.549980052359 92.4372662248283 105.634857155028 114.847143930316 0 0 0 0 0 0 0 163.72248840332 0 144.760879516602 0 146.079723739624 157.511558532715 0 144.84992980957 0 0 0 131.427179897533 184.190069198608 100.20287670204 109.198812546269 0 148.170077732631 0 0 177.827186584473 209.928359985352 0 134.401412963867 189.079895019531 172.240781148275 155.655713620393 0 0 0 0 164.223731994629 121.415916442871 0 196.827545166016 205.370895385742 0 0 0 208.623374938965 235.616561889648 0 197.054328918457 188.333618164062 136.801803588867 166.851202011108 188.410430908203 0 0 0 0 123.773267745972 172.558329655574 158.286782582601 134.000961303711 0 0 0 196.828308105469 228.897033691406 164.088104248047 0 95.8893204766351 115.934626579285 82.8251229647932 222.426368713379 217.017471313477 85.8826689652994 0 145.941783905029 192.711430867513 159.378916931152 192.786569034352 197.74131266276 0 117.479445486358 82.6931718454574 141.343693733215 165.909042739868 188.727401733398 0 130.530563354492
50.9949715460195 58.0073029243529 27.1181360106359 24.7080936386117 53.518230832127 20.3305391604971 60.2928508341554 46.8826677654986 54.1437840567174 23.3459198506174 13.863121956669 11.2530692131061 0 167.835306803385 147.573032924107 112.24845123291 128.429774475098 147.433430480957 168.36528968811 111.06761932373 96.3722466078972 104.540141770334 98.4646723820613 154.570028686523 125.880750656128 160.787763977051 164.383747447621 144.123881869846 97.0387749142117 74.4932592832125 67.0243822874846 53.5588625144958 16.3804144841944 100.563402596167 191.703112284342 0 137.464586893717 122.975965950706 114.785380045573 181.67247467041 95.5555702816243 151.993494669596 187.602601271409 169.549982452393 97.54951171875 126.086152394613 149.46981603449 144.486989514581 158.331950213458 0 142.626648135302 172.626525185325 124.649330979499 112.14640594436 128.233054958246 118.066521503886 113.052813529968 77.0343877474467 159.440438842773 132.200466156006 164.693055470785 167.529180799212 184.155200816967 159.591193199158 129.65244714145 125.764545985631 101.698698592513 149.398566109794 131.57232972266 178.855259750829 168.858245849609 39.0979690556643 91.8323257870144 89.0561168193817 34.7970467925702 131.14254263173 14.2298523524552 66.9412434895833 97.19915121374 154.445297241211 186.409724275831 166.777262369792 125.231183437201 113.112379873615 111.635560473341 111.834025976793 154.025403803045 182.452960332235 186.857328796387 0 174.577454200158 151.811933055068 175.889885300856 174.764550381019 178.610187002329 51.073044963832 41.8385107984105 77.5397497584482 114.68408203125 143.868856702532 150.260055258615 139.93335289244 145.957030969823 140.417204328265 137.932416258467 139.291558675154 134.409749219017 125.80165458448 135.847789296391 110.904787811366 124.289469093129 132.971272171434 0 166.317489624023 169.115798950195 0 177.52338663737 0 0 193.248420715332 174.157424926758 164.484405517578 0 156.899237978286 170.887764747697 130.085418701172 159.758318901062 0 0 0 145.107917374831 148.711986541748 120.281012479137 129.099111857069 0 173.273222446442 0 0 158.921064376831 211.348419189453 231.89714050293 178.764395577567 0 190.807288536659 166.100381810614 0 172.413958740234 0 151.402508544922 184.753880818685 170.717018127441 0 221.521286010742 215.643188476562 0 0 202.065301334157 213.316259474981 193.723926544189 0 210.87604638302 205.118600572859 206.592437744141 170.153621598786 160.188674926758 0 0 233.547103881836 230.411567687988 142.973729451497 185.101384399414 168.162827385796 175.468997001648 154.047348022461 215.184994506836 227.030647277832 239.637944539388 227.63427734375 203.039162772042 214.590158081055 115.69899840628 132.043167425662 96.2734008721546 187.768884277344 227.257392883301 105.979863037446 195.344482421875 166.041656494141 213.720944213867 181.396699523926 203.567226409912 217.229583740234 230.098373413086 134.128219503441 98.5152352537163 152.822187042236 182.649245168649 160.019371032715 163.110880533854 167.812827662418
146.829666137695 0 0 128.304748535156 0 0 0 0 84.5306818644206 0 0 0 12.4730085556246 0 109.485079193115 106.35617759011 49.4254559968647 23.4632148436496 31.2660631624024 44.5669102911222 76.6738662719727 150.000915527344 114.280380249023 87.1616453282973 0 0 77.710143661499 74.0946348571777 145.207565307617 0 0 86.2941970825195 63.9952507019043 97.4602737426758 140.480026245117 171.358032226562 47.5490566926844 54.2231000553478 85.2985076904297 104.197868347168 85.5530718289889 108.153185844421 76.5890456489895 28.5569843061282 17.6555453874721 17.7210214400283 0 87.1823892593384 74.0537020365397 48.2508461065265 114.210431416829 97.5586100312852 168.73388671875 147.424591064453 154.300682067871 0 0 0 0 54.863941192627 114.613185119629 120.355674743652 90.4124984741211 61.8324483524669 83.4872596263885 25.8746942610262 0 0 89.5817082722982 209.029022216797 126.593585968018 75.8284344991048 69.9822742514414 36.4117606269702 0 130.978350830078 56.3370442453349 32.1560424866215 62.959073008913 79.0579694894644 93.2418789041453 59.2819890808641 0 0 0 0 0 85.1675446923099 81.1349315308688 55.6038227232676 67.8218282543638 0 106.419563293457 121.366661071777 114.31876046317 0 77.5447371140966 98.063288468581 0 0 153.472503662109 154.814575195312 157.81862894694 0 0 0 0 0 0 0 0 0 112.218376159668 90.4487140900498 74.4207968573267 108.855146789551 97.9010314941406 93.7453937183727 108.783243815104 83.6459370370639 115.713524849184 89.8196090237125 111.614991082086 0 187.249046325684 128.299373626709 123.50366973877 106.224796447754 0 95.1442095962996 180.252517700195 164.743148803711 163.568634033203 138.972648620605 91.8300476074219 126.60064350475 109.917655399867 0 114.178370723018 116.243700249251 90.490820773013 124.407992553711 93.985627043481 196.874580383301 116.722623825073 133.13193359375 72.0055138210081 65.9888195711024 85.4210939750397 80.6405138653689 151.986511230469 168.710952758789 140.273731231689 164.612144470215 148.238693237305 96.4120531584087 138.495374043783 175.652791341146 124.784397125244 149.750986371722 0 0 0 191.982460021973 149.623138427734 140.38661702474 93.6513940911544 106.61908185482 123.553206634521 53.24201892404 186.668411254883 173.159713745117 157.014495849609 190.982833862305 127.415719283255 102.458949430489 152.719268798828 138.572799682617 117.098061499658 111.118459065755 213.561416625977 107.149988386366 53.2715806666109 149.721050262451 116.568975275213 134.979981994629 131.909358215332 83.7626291910807 127.871878680061 0 0 144.591234842936 0 159.573521931966 0 155.342407226562 0 0 0 0
113.36368560791 193.092182159424 197.555801391602 179.333602905273 164.767419815063 158.745147705078 97.5895500183105 178.742446899414 0 216.448196411133 0 167.835306803385 0 19.5031842892356 24.7800549358059 46.391674777774 89.6948610578265 79.4360936284065 103.183698541978 103.768402709961 100.063985876135 107.643490791321 68.0654050687464 84.1303497920527 115.33537419637 96.6059071677072 52.2940810761537 51.6908971737356 104.254029912196 102.081739698138 104.994931411743 106.698883056641 80.254385141226 62.3156743574678 34.6682308818149 26.6397594120132 32.3834795087831 84.7585084361415 65.0264141376202 59.6008203878241 78.2611571102043 77.5264423076923 86.8921345472336 78.9649647557458 0 148.025033569336 53.7397135977104 110.993049621582 102.664687763561 0 159.954399108887 179.625534057617 152.469655637388 122.999563929546 139.21310933431 142.679428100586 96.1892629552771 53.3158088422004 26.1931980743082 36.547345853544 115.791223526001 123.587687901088 102.888961247035 76.4623164970334 72.7643554950583 134.52921295166 103.858141515162 63.2001011129675 92.5377010345459 169.850997924805 168.568099975586 122.417196273804 113.658845774333 64.8734960857191 75.5556864277009 144.948402404785 98.1403391911433 67.7682829962836 85.6754353841146 0 130.179397583008 0 139.665882301331 130.460893419054 119.221015930176 111.317361195882 127.873240152995 147.214473724365 145.751366509332 138.405033111572 138.575978279114 123.564818382263 200.189792633057 0 105.885402030133 91.2035988171895 0 109.115626310691 83.8650666906479 79.2690505981445 170.183212280273 0 160.865965270996 175.515602111816 0 0 0 0 0 0 0 0 128.241600036621 130.785306294759 124.43253326416 118.364631144206 116.730243104877 121.347534179688 121.395788990368 137.568308049982 125.922812472568 124.164743556533 120.672285321115 134.510573577881 158.034863789876 0 119.170392717634 143.441472371419 0 151.735683017307 166.32520866394 205.59326171875 0 132.443533646433 121.334518432617 131.71862910344 129.415710889376 132.183195749919 122.849463552799 122.130006873089 138.273202260335 132.401994878596 181.957763671875 156.886739095052 138.631068836559 154.881490707397 134.854919433594 0 107.849346008301 158.984599026767 141.738999684652 197.559860229492 180.282104492188 151.542297363281 0 0 206.035583496094 211.010559082031 0 0 190.740242697976 196.70344543457 0 0 0 131.949762471517 146.451553344727 168.616504669189 0 0 166.706446329753 143.474552699498 0 126.774207305908 178.289938354492 159.151266915458 200.440689086914 0 0 181.404266357422 139.345126342773 116.875004838153 96.6491528679343 132.613891601562 173.018178304036 116.448773897611 0 0 198.856788635254 171.632743835449 191.719587053571 177.459594726562 193.760025024414 0 113.452484130859 157.635971069336 149.779357910156 0 0 144.613647460938
