24082 5117 13894 1646 1372 1658 7590 8399 305 1007 61 393 0 0 2 3 2 0 0 1 131 98 2 3 18 0 5 1 5271 5330 157 34 24 10 0 0 6 12 3 3 740 2 7 5 1 0 9 12 41 5 170 362 741 939 618 189 17 7 1 5 5 13 12 4 2 0 390 11 22 92 29 144 24 15 43 4 38 0 34 11 256 9 1625 324 1076 100 4 46 14 2 3 291 216 10 30 199 94 1886 12 25 65 15 204 228 12 238 2 13 52 62 174 214 0 1 0 0 0 0 0 0 0 0 0 15 6 5 2 0 0 0 59 0 46 92 0 11 0 0 10 3 0 1 0 31 24 0 1 0 1 0 1 1 0 3 0 1 16 10 6 5 16 31 0 18 4 1 0 0 1 0 47 16 3 0 0 0 4 3 4 1 180 36 20 0 1 101 2 2 10 4 30 4 0 9 134 12 13 1 0 0
5117 5678 1836 12225 2903 4050 561 371 59 241 61 1170 0 1 1 0 5 0 0 1 200 118 1 0 12 0 0 1 903 2048 134 30 26 6 1 0 1 11 1 0 463 3 5 1 0 0 4 5 16 0 37 77 164 170 134 79 20 5 1 1 0 4 6 2 1 0 176 12 10 30 12 155 9 4 22 1 21 0 13 5 73 7 439 135 546 78 6 28 3 0 3 117 70 2 15 87 102 296 12 11 175 35 536 754 42 695 24 30 179 158 535 627 0 1 0 0 0 0 0 1 0 0 0 23 3 6 5 0 0 0 101 1 122 168 1 13 0 0 6 6 0 2 0 59 54 0 1 0 3 1 0 0 0 9 0 4 3 19 0 4 37 76 3 35 11 0 0 1 1 2 99 27 3 0 0 0 12 0 5 0 437 45 16 0 2 141 5 1 4 4 86 6 2 17 335 31 28 1 0 0
13894 1836 8303 4106 123 2046 769 6768 359 2558 212 5175 0 0 1 0 2 0 1 2 148 132 6 1 20 1 3 3 1441 355 29 32 23 2 0 0 1 8 0 0 619 2 3 1 0 0 7 3 23 3 102 218 369 386 282 110 38 3 1 7 1 4 2 2 4 0 240 6 9 44 17 142 12 5 28 7 25 0 18 12 151 9 760 212 753 73 4 36 8 1 0 180 155 5 33 49 180 442 17 13 203 51 881 859 34 787 39 50 240 235 582 674 1 0 0 0 0 1 1 0 2 0 0 30 5 5 4 0 0 0 86 2 104 128 0 8 0 0 7 4 0 3 0 38 48 1 0 0 2 0 2 0 1 6 0 2 3 13 1 4 27 71 0 29 4 2 0 0 0 0 95 29 2 1 1 1 6 3 7 0 370 32 33 0 2 121 7 0 12 0 86 3 0 18 401 22 23 2 0 0
1646 12225 4106 13701 8134 8564 249 143 30 167 46 1242 1 0 0 0 1 0 1 1 244 178 3 3 16 1 0 2 425 1318 759 27 11 2 0 0 2 3 0 2 344 1 3 2 1 0 4 3 4 1 19 35 88 74 58 38 17 4 1 1 2 2 3 0 2 0 91 6 6 16 4 121 5 7 16 4 7 0 12 5 33 2 200 47 360 69 1 8 4 0 0 41 38 1 9 56 129 194 22 7 146 35 526 626 21 565 14 35 141 137 431 454 0 0 0 1 0 0 1 0 0 0 0 23 6 3 5 0 0 0 72 2 71 99 0 9 1 0 4 3 0 2 0 32 41 3 0 0 2 0 1 0 1 5 0 4 6 22 1 5 28 49 2 25 5 0 0 0 0 0 92 30 1 1 0 0 12 1 3 1 335 44 21 1 2 104 4 2 4 4 53 7 4 10 281 20 13 1 0 1
1372 2903 123 8134 10757 5717 651 150 21 88 50 606 0 1 1 2 5 0 3 0 635 614 31 2 37 1 3 3 2033 9885 6935 818 272 40 1 0 11 30 4 4 800 3 34 3 4 2 7 51 9 1 53 103 253 275 192 117 350 13 2 7 4 32 30 9 13 0 283 17 70 49 32 457 50 13 55 29 36 0 46 10 104 5 577 256 1000 230 13 25 17 0 9 136 76 9 22 701 151 417 59 30 21 4 69 86 7 123 2 3 25 15 81 126 0 0 1 0 1 1 0 0 2 1 3 12 6 2 7 0 0 0 34 0 38 100 0 13 0 2 17 6 0 3 0 12 10 0 0 1 6 1 0 1 0 6 0 2 5 5 4 8 17 30 0 6 5 1 1 2 1 1 43 16 2 0 1 2 5 0 0 3 166 42 17 2 1 97 1 1 3 1 24 2 1 10 78 7 11 2 0 1
1658 4050 2046 8564 5717 7268 538 176 67 450 684 7359 0 3 2 1 5 0 3 0 862 809 60 2 62 7 5 3 989 2334 905 4182 897 39 3 1 8 67 1 10 565 5 18 10 2 2 12 26 18 2 40 103 232 211 180 131 45 34 0 11 4 11 22 6 6 1 291 21 37 28 13 1364 117 35 63 15 87 2 109 6 80 6 501 185 748 226 7 23 13 3 3 91 55 3 16 1587 624 487 69 30 189 49 568 774 42 740 33 37 167 159 575 711 1 1 0 1 3 1 1 0 3 0 3 45 16 8 10 0 0 0 121 3 134 244 0 39 1 2 29 26 0 4 0 67 69 1 5 0 5 4 0 0 1 12 1 6 12 25 3 16 45 95 5 36 14 1 1 2 1 1 135 44 5 1 2 0 18 6 9 1 587 88 56 3 6 256 10 2 9 7 125 12 8 14 432 32 28 4 1 4
7590 561 769 249 651 538 9936 5110 708 2394 361 369 0 0 0 1 2 1 0 1 13 12 1 1 7 0 0 1 4032 1397 75 30 31 12 1 0 0 7 0 2 124 0 3 1 7 0 3 4 7 2 55 152 957 1446 607 66 5 7 4 1 0 4 7 3 2 0 61 7 6 15 8 118 17 30 42 1 122 0 42 5 75 6 891 104 163 15 6 7 3 1 0 86 62 1 2 135 224 6508 6 10 13 2 36 48 1 38 3 3 6 17 37 33 0 0 0 0 0 0 0 0 0 0 0 6 0 0 1 0 0 1 14 0 23 36 0 14 0 1 11 9 0 0 0 8 8 0 0 0 1 0 1 0 0 4 0 2 6 5 2 4 14 23 0 3 7 1 0 1 0 1 26 7 2 1 1 0 2 0 0 0 39 31 13 0 3 57 2 0 3 3 19 2 0 3 25 5 8 0 0 0
8399 371 6768 143 150 176 5110 14280 2952 24778 1301 717 0 0 1 0 2 0 0 0 33 32 3 0 20 1 3 0 1644 393 22 14 15 5 0 0 6 3 3 0 374 2 1 1 2 0 8 4 11 2 103 270 762 952 623 112 11 6 2 5 0 2 6 3 1 0 180 14 4 54 21 39 12 5 17 3 388 1 23 6 188 12 1184 193 572 36 5 31 11 2 0 213 137 7 15 47 95 1787 13 12 46 12 130 147 4 127 10 21 41 57 105 88 0 0 0 0 0 0 1 0 0 0 1 2 1 3 3 0 0 0 18 0 13 31 0 6 0 0 6 5 0 1 0 13 14 0 0 0 0 0 1 0 0 3 0 0 2 4 5 4 7 10 0 7 0 1 0 0 0 0 17 2 1 1 0 0 0 0 1 0 50 20 7 0 1 32 4 1 6 0 10 2 0 8 76 8 4 0 0 0
305 59 359 30 21 67 708 2952 2267 4375 274 280 23 0 0 0 1 0 0 0 14 13 5 0 2 0 2 0 118 61 2 30 11 1 0 0 0 5 0 0 17 0 2 3 164 3 6 1 2 109 3 21 235 119 88 12 3 1 0 1 0 1 3 3 0 29 38 2 0 3 3 121 8 68 6 5 161 24 17 15 14 93 89 23 23 3 1 58 26 41 32 9 4 0 4 28 1408 1544 1 0 1 0 12 6 0 15 2 1 2 3 8 6 0 0 0 0 0 0 2 1 3 2 4 3 0 0 0 0 0 0 2 0 3 15 0 3 0 1 3 1 0 0 1 2 3 0 1 0 2 4 0 1 1 1 0 1 4 1 2 4 3 1 0 1 0 0 0 2 0 1 4 3 1 0 0 0 0 0 9 3 11 12 7 0 3 10 1 0 3 1 4 5 0 1 8 0 0 0 0 0
1007 241 2558 167 88 450 2394 24778 4375 16324 13118 9675 1 0 1 0 1 0 0 0 14 12 3 1 6 0 1 1 641 205 11 26 9 6 0 0 1 6 1 0 111 1 3 2 7 0 1 2 5 2 50 130 567 526 282 46 5 3 1 4 2 4 1 0 1 1 69 3 4 19 5 183 9 9 11 1 3031 2 11 15 73 7 597 97 226 25 1 18 4 1 1 89 58 4 8 37 684 2012 4 8 164 33 479 629 9 495 18 70 205 287 514 405 0 0 0 0 1 0 0 1 1 0 1 6 4 2 3 0 0 0 30 1 27 44 0 6 0 0 2 8 0 1 0 11 13 2 2 0 0 0 0 0 0 3 1 3 6 6 0 9 14 28 1 14 2 0 1 1 0 3 36 7 2 0 0 1 10 2 3 1 118 9 34 2 0 50 8 1 8 0 22 4 1 0 308 26 10 0 0 1
61 61 212 46 50 684 361 1301 274 13118 3656 1699 0 0 0 0 0 1 0 0 20 26 2 0 1 0 0 0 170 69 13 11 31 2 0 0 1 1 0 0 38 0 0 0 0 0 0 0 2 0 8 28 207 126 87 8 4 0 0 1 2 1 1 0 0 0 25 0 2 6 2 976 10 6 8 2 685 0 16 3 26 5 149 16 44 4 1 5 2 0 1 23 17 0 0 42 1000 639 2 1 127 22 385 531 20 543 20 43 160 198 468 382 0 0 0 0 0 1 0 0 0 0 1 12 3 2 1 0 0 0 36 1 39 73 1 3 0 0 2 2 0 2 0 27 33 1 1 0 1 2 0 0 0 2 0 4 2 10 1 14 18 35 3 19 4 0 0 0 0 5 41 9 0 1 0 0 15 0 3 0 221 24 34 0 2 97 4 0 5 3 44 5 2 3 319 23 17 1 0 0
393 1170 5175 1242 606 7359 369 717 280 9675 1699 13720 2 2 3 0 9 0 1 3 444 430 24 2 24 3 1 0 580 457 79 988 2634 33 0 0 6 48 3 6 386 1 7 11 4 3 18 1 6 2 26 76 379 227 190 70 26 37 3 4 5 6 6 4 5 1 191 12 23 20 8 1805 138 38 51 8 93 0 188 3 54 4 391 120 383 105 3 12 3 5 9 70 48 2 3 556 1825 1016 27 9 460 107 1816 1886 68 2010 56 131 582 650 1461 1618 0 0 0 0 3 1 2 2 5 0 3 67 19 14 12 0 0 0 241 1 264 395 0 32 1 1 34 28 1 6 0 133 140 4 3 0 19 2 2 0 2 21 0 6 23 49 1 17 91 163 7 59 13 2 1 4 0 4 252 73 11 3 0 3 35 1 17 1 1017 127 144 4 3 426 15 3 18 15 193 24 12 35 1360 57 63 9 1 4
0 0 0 1 0 0 0 0 23 1 0 2 3686 1 6 20 128 789 3733 90 0 3 0 7 2 1 9 16 5 0 1 0 7 2 1 0 27 581 16 0 2 1 18 6119 7767 1523 1 7 1 531 0 3 7 0 2 0 1 1 0 0 137 3 3 29 4 594 0 0 15 2 2 152 137 604 0 24 679 171 690 5 4 21 2 0 2 0 0 108 61 493 99 0 1 3 5 3 95 19 0 1 0 0 0 1 0 1 0 2 0 0 1 0 1 16 972 2 2 36 2 995 74 1251 105 0 0 0 0 5 2 24 3 1 3 3 0 5 4 0 31 67 90 1 32 0 1 3 156 810 137 2328 2 4 14 0 0 14 0 0 0 8 0 1 0 0 1 0 291 29 8 731 3 0 2 0 10 77 0 3 449 35 0 10 379 0 16 12 2 14 18 0 0 62 7 2 0 0 1 0 0 1
0 1 0 0 1 3 0 0 0 0 0 2 1 11146 12580 715 153 54 63 12 18 52 462 394 16 14 5143 1448 88 18 38 3 4 251 5430 5802 1070 30 120 1998 570 21 212 2 1 7 763 27 9 0 1 4 15 11 15 3 70 481 1638 470 28 33 91 529 182 0 81 636 179 3 4 5 9 4 526 21 4 0 6 0 3 0 28 8 10 5 16 1 6 1 8 6 2 2 27 45 1 2 5 63 0 1 0 0 0 0 0 0 0 0 0 0 24 53 6 33 12 55 36 71 77 266 233 5 1 1 7 14 6 62 0 2 4 14 1 15 27 20 49 121 10 45 3 2 5 3 1 3 66 34 25 0 1 1 0 1 0 0 0 0 1 3 0 0 0 17 22 9 7 1 5 2 1 11 1 1 0 0 10 1 9 39 9 3 3 13 0 0 0 0 2 1 1 0 4 0 1 1 0 1
2 1 1 0 1 2 0 1 0 1 0 3 6 12580 20209 20439 1491 893 157 1039 48 89 1108 286 17 28 2638 7507 67 12 34 7 9 49 1288 702 209 57 2059 601 1493 76 333 6 1 27 373 120 30 2 3 8 9 9 24 20 60 341 584 202 183 96 203 463 507 0 48 378 1248 23 41 5 6 25 478 275 4 0 8 1 12 0 24 4 11 15 8 22 58 4 49 37 7 12 112 60 0 1 5 51 0 0 0 0 0 0 0 0 0 0 4 1 105 166 60 111 27 72 107 227 264 551 456 9 1 9 20 58 33 238 3 2 1 16 3 23 119 61 103 259 18 120 20 0 4 14 8 37 194 164 31 3 4 0 0 2 0 2 0 1 2 4 0 1 1 44 51 59 10 4 5 10 1 12 8 22 0 1 29 13 26 65 41 5 5 61 0 1 4 8 2 7 5 6 7 1 1 1 3 8
3 0 0 0 2 1 1 0 0 0 0 0 20 715 20439 18603 618 3999 3376 2954 7 17 505 328 4 16 1251 11447 22 13 5 5 15 21 92 55 444 484 3382 72 782 85 140 21 4 98 53 57 32 1 1 4 5 1 15 10 16 150 57 64 165 30 38 167 184 1 20 81 688 19 22 2 16 63 295 215 1 0 6 0 5 1 6 3 3 3 5 11 61 8 65 30 7 12 47 47 0 1 2 21 0 1 0 0 0 0 0 0 0 0 1 1 230 724 374 165 26 210 29 731 329 2366 433 2 1 8 4 202 125 1274 4 6 3 13 0 9 193 23 43 158 62 37 87 2 6 64 10 143 301 286 11 12 9 0 1 3 0 0 0 1 1 1 0 0 5 7 88 221 30 18 2 4 6 7 17 56 3 4 41 15 6 23 79 0 14 27 0 2 3 3 1 20 19 8 2 0 1 0 2 1
2 5 2 1 5 5 2 2 1 1 0 9 128 153 1491 618 1405 325 2506 1674 79 192 360 93 21 22 71 93 16 6 9 4 5 59 234 92 1391 1314 198 169 415 26 141 76 49 226 309 20 11 13 3 7 12 10 25 5 11 128 179 117 172 27 50 57 29 3 24 110 188 8 22 4 17 314 136 231 1 0 7 1 8 1 21 7 15 12 13 9 102 41 190 4 6 2 24 26 3 3 4 15 1 1 0 0 1 2 0 1 0 0 7 10 139 150 84 181 99 59 282 165 708 372 869 41 21 12 96 58 34 169 8 8 11 76 19 101 201 181 386 757 18 437 33 1 24 45 17 57 541 149 148 9 4 1 2 5 2 0 0 1 3 6 2 0 1 240 39 113 19 21 18 26 10 56 15 18 1 3 74 15 65 326 180 17 8 230 1 1 5 18 13 18 11 5 13 2 13 8 6 22
0 0 0 0 0 0 1 0 0 0 1 0 789 54 893 3999 325 18321 6844 295 3 24 168 762 14 14 1806 1896 17 2 7 2 16 5 41 9 235 648 5537 63 578 140 472 249 160 2563 33 63 39 9 3 4 2 5 18 8 18 19 24 11 6517 63 126 1333 421 36 28 21 660 17 26 10 36 73 47 377 4 0 10 0 16 3 10 8 15 4 1 32 101 84 252 58 8 13 68 8 0 0 2 9 1 2 1 0 2 0 0 0 0 0 0 0 19 163 1792 22 6 111 10 2490 254 2411 244 9 3 3 3 87 23 327 10 9 5 7 0 9 25 8 60 178 476 8 348 1 2 42 366 1657 278 4538 1 10 10 2 2 22 0 0 1 2 0 3 0 2 2 2 704 489 45 311 2 8 6 1 14 330 1 1 472 33 2 18 113 6 17 23 6 9 22 2 3 65 14 16 5 2 1 0 0 2
0 0 1 1 3 3 0 0 0 0 0 1 3733 63 157 3376 2506 6844 50719 12402 23 76 48 187 8 10 1158 352 6 0 2 3 17 4 60 10 640 4345 128 61 102 23 170 4368 791 2683 26 48 20 156 0 5 4 5 8 1 5 3 17 4 461 30 48 199 51 83 5 11 121 9 26 11 130 3765 8 282 14 5 38 4 17 9 5 0 7 6 1 73 286 546 858 14 3 6 33 3 14 4 0 2 1 1 0 0 3 1 0 1 0 0 8 6 351 982 1602 353 93 714 256 3198 1071 8150 2157 18 6 15 45 303 154 1846 6 4 15 53 3 54 397 96 313 859 274 206 160 3 9 85 101 1218 1161 1895 50 18 28 0 2 31 1 1 2 2 7 7 0 2 8 65 342 382 58 298 19 14 12 24 37 142 8 5 529 106 50 193 892 6 59 156 3 11 10 4 6 72 46 15 20 1 5 4 5 10
1 1 2 1 0 0 1 0 0 0 0 3 90 12 1039 2954 1674 295 12402 2452 16 43 57 48 1 6 101 38 4 0 0 3 4 2 20 1 209 359 98 15 68 8 51 40 15 171 18 15 14 5 1 2 1 1 5 2 1 1 7 3 113 10 14 19 7 3 4 5 57 5 4 1 6 148 2 58 2 0 6 0 6 1 7 0 2 0 1 3 32 29 88 6 1 1 13 1 1 1 2 2 0 0 1 0 0 1 0 1 0 1 0 5 243 346 114 257 28 94 128 199 466 862 694 19 5 3 32 103 74 521 3 4 2 19 4 11 261 93 116 353 20 192 44 1 9 53 7 50 373 148 32 19 7 2 2 3 0 0 0 0 1 1 1 1 4 57 36 144 20 11 6 10 6 11 13 12 1 3 52 17 28 106 164 2 9 123 0 0 2 7 6 12 15 12 12 0 2 9 2 7
131 200 148 244 635 862 13 33 14 14 20 444 0 18 48 7 79 3 23 16 11706 10800 3454 58 716 204 42 24 158 185 390 199 252 156 4 7 98 369 15 197 1596 22 130 42 2 7 171 63 18 0 6 15 17 23 46 1134 85 100 28 51 20 47 99 76 23 0 66 152 99 15 15 206 185 64 563 31 59 0 133 1 15 4 299 37 3766 238 80 13 21 1 7 32 12 5 63 898 51 32 415 395 2 0 2 3 2 8 0 0 1 1 5 8 1 1 1 1 3 1 2 0 7 1 7 9 4 1 2 0 0 1 2 1 4 27 0 30 2 7 29 54 0 11 0 5 5 0 0 2 24 2 5 0 0 1 0 0 0 4 0 2 2 2 0 1 4 3 1 0 0 0 20 7 5 7 0 0 0 0 7 0 18 54 14 0 2 41 0 1 0 2 7 2 0 0 10 2 2 2 0 2
98 118 132 178 614 809 12 32 13 12 26 430 3 52 89 17 192 24 76 43 10800 37229 7186 447 7308 3234 209 33 280 219 429 368 540 411 33 18 295 1059 39 1938 812 165 1247 131 5 29 748 170 122 6 45 70 59 52 143 378 217 184 123 169 166 244 756 333 70 0 389 342 335 87 81 365 528 146 943 196 127 1 253 0 80 2 904 406 5735 2766 239 55 172 10 67 124 68 70 388 1184 114 60 2507 426 3 0 4 1 1 2 0 1 1 3 5 7 3 1 2 3 12 2 6 3 34 0 19 21 5 6 5 1 1 2 8 0 13 51 3 71 0 15 144 140 1 17 0 9 9 2 4 0 70 10 15 0 3 2 0 3 1 4 1 6 12 15 0 2 9 12 2 6 1 0 26 12 10 9 1 9 5 1 18 5 42 153 37 1 5 69 3 2 1 2 20 7 3 2 23 2 6 3 0 1
2 1 6 3 31 60 1 3 5 3 2 24 0 462 1108 505 360 168 48 57 3454 7186 11618 6257 653 7832 822 368 83 27 33 110 245 251 88 26 594 646 214 3116 8899 2993 1639 44 2 24 972 180 459 8 22 37 15 22 118 125 42 67 68 64 179 197 271 62 31 0 151 98 251 135 91 90 163 34 178 243 31 0 64 1 86 2 90 43 132 87 63 140 298 23 131 302 74 105 500 155 21 18 40 30 0 0 1 0 1 2 0 0 0 0 2 1 2 3 1 2 7 0 5 5 4 7 11 10 2 1 2 2 1 2 4 0 2 15 0 8 2 4 31 23 1 6 0 2 1 1 0 0 16 3 3 1 3 0 0 0 1 1 0 2 3 5 0 1 0 6 4 3 1 1 6 3 2 8 2 0 3 1 10 3 12 36 10 0 2 23 2 1 12 0 10 15 1 2 6 0 4 0 0 1
3 0 1 3 2 2 1 0 0 1 0 2 7 394 286 328 93 762 187 48 58 447 6257 15871 466 4767 5383 139 151 4 35 4 25 13 1477 76 94 92 581 5524 2173 7716 4030 22 14 162 3805 104 430 0 9 20 26 33 51 30 136 13 562 24 1192 144 275 705 80 1 460 455 668 60 63 14 31 18 56 327 10 0 13 1 50 2 67 64 87 103 232 67 146 15 262 215 40 49 296 14 1 0 49 38 0 0 0 0 0 0 0 0 0 0 0 0 4 5 10 7 3 9 3 33 9 67 45 0 2 0 1 1 0 9 0 0 0 1 0 5 4 1 14 29 6 4 2 0 0 0 3 3 15 29 1 0 0 0 0 2 1 0 0 1 0 1 0 0 0 1 16 1 1 2 0 0 2 0 0 4 0 0 23 3 0 8 12 0 2 1 3 1 1 0 2 5 0 0 0 0 0 0 0 0
18 12 20 16 37 62 7 20 2 6 1 24 2 16 17 4 21 14 8 1 716 7308 653 466 11051 1100 115 14 611 28 236 30 115 82 11 2 74 261 28 1543 538 208 687 22 4 22 1841 49 54 1 57 100 176 300 162 144 642 25 9 28 94 126 342 343 49 0 3443 263 156 48 29 97 164 102 176 71 41 0 82 3 86 7 997 968 2441 4036 4217 23 58 3 23 110 82 25 154 88 15 8 4038 1008 0 2 0 0 0 1 0 0 0 0 1 1 0 0 1 0 4 0 1 1 7 0 5 3 0 1 1 0 0 0 0 0 4 24 2 31 0 2 62 37 1 2 0 2 1 0 1 0 18 6 2 0 0 1 0 0 5 2 1 2 0 3 0 1 3 4 3 0 0 0 10 1 7 2 0 3 0 0 5 4 10 64 10 0 0 24 0 1 2 0 14 5 0 0 4 0 0 1 0 0
0 0 1 1 1 7 0 1 0 0 0 3 1 14 28 16 22 14 10 6 204 3234 7832 4767 1100 2233 118 9 32 1 3 3 23 29 16 3 44 157 14 3374 806 769 481 14 2 11 635 29 64 0 5 5 9 13 10 14 22 3 14 7 33 45 93 24 5 0 120 30 42 15 12 15 46 15 7 33 3 0 16 0 8 0 32 29 67 55 18 11 31 3 14 20 13 15 85 11 2 0 18 3 1 0 0 0 0 0 0 1 0 0 0 0 0 0 0 0 0 0 0 3 0 1 2 0 0 0 0 1 0 0 0 0 0 2 0 3 0 0 11 10 0 0 0 0 0 0 1 0 5 2 0 0 0 0 0 0 0 0 0 1 0 0 0 0 1 0 0 0 0 0 1 0 0 1 0 0 0 1 1 1 3 11 6 0 0 0 0 1 1 0 0 0 0 0 0 0 0 0 0 0
5 0 3 0 3 5 0 3 2 1 0 1 9 5143 2638 1251 71 1806 1158 101 42 209 822 5383 115 118 37288 12899 283 19 122 2 5 29 5254 434 142 86 513 1171 718 215 831 22 2 57 1220 37 32 0 5 12 36 48 32 19 306 41 924 66 212 40 145 3246 583 0 606 518 208 13 17 10 15 35 123 35 7 0 15 0 8 0 95 52 83 106 60 11 21 3 22 32 8 8 51 32 3 4 63 109 0 0 0 0 0 0 0 0 0 0 0 1 39 174 76 54 10 212 13 555 64 1453 251 1 1 0 0 41 18 340 0 1 2 4 0 8 26 7 19 68 39 9 17 0 0 10 5 31 81 129 0 1 0 0 0 1 0 1 0 0 0 0 0 0 2 4 68 40 9 2 0 0 3 0 5 31 0 0 13 2 3 21 46 0 8 12 0 0 0 0 1 6 5 2 0 0 0 1 0 1
1 1 3 2 3 3 1 0 0 1 0 0 16 1448 7507 11447 93 1896 352 38 24 33 368 139 14 9 12899 14467 223 41 112 6 6 31 366 375 161 74 11433 77 588 93 98 9 1 49 390 118 31 1 3 10 24 28 25 7 222 309 687 108 270 38 42 2787 2595 0 279 611 2020 7 31 5 10 14 553 77 0 0 7 0 9 0 53 24 36 27 18 14 28 5 29 44 6 6 26 75 0 2 17 134 0 0 0 0 0 1 0 0 0 0 1 1 23 115 186 34 12 92 11 762 71 877 185 2 0 1 2 33 10 147 1 4 2 5 0 5 20 7 27 72 128 7 51 0 0 10 17 172 87 676 3 2 2 1 0 3 0 0 0 1 3 1 0 0 5 0 190 98 13 7 3 1 0 4 3 76 0 2 66 10 3 12 15 1 6 10 0 1 2 0 0 7 7 2 6 0 0 0 0 0
5271 903 1441 425 2033 989 4032 1644 118 641 170 580 5 88 67 22 16 17 6 4 158 280 83 151 611 32 283 223 25730 9347 2753 448 461 168 18 18 61 118 64 106 173 53 620 9 12 16 515 572 18 6 55 97 2400 6617 758 41 5994 330 49 87 102 572 1240 594 429 2 5091 557 1135 101 144 1335 263 175 2428 183 456 1 505 9 79 9 1028 367 209 72 1157 25 112 6 39 77 55 27 230 2502 402 3522 277 1908 60 19 87 143 20 134 6 23 18 20 139 191 1 3 8 2 9 5 2 3 3 7 6 99 23 20 20 3 0 1 166 1 169 453 2 194 1 4 104 62 7 9 1 95 53 3 14 2 27 20 12 2 2 11 0 10 35 48 3 12 106 161 6 36 75 5 13 4 2 0 272 77 38 16 4 10 36 4 42 6 554 367 140 8 4 549 8 3 18 12 214 7 5 18 221 32 38 8 3 10
5330 2048 355 1318 9885 2334 1397 393 61 205 69 457 0 18 12 13 6 2 0 0 185 219 27 4 28 1 19 41 9347 14048 5069 134 87 40 4 4 15 28 21 5 360 5 73 1 3 1 9 165 17 3 63 172 500 737 346 86 612 44 5 28 7 124 120 19 78 0 367 40 255 65 60 662 28 15 704 54 76 0 55 4 141 12 832 216 648 78 20 29 34 1 12 150 118 18 50 4689 157 1338 21 609 52 15 94 164 21 164 6 6 30 21 147 238 0 0 2 1 1 1 0 2 3 1 1 45 8 8 5 0 0 2 64 2 91 158 0 19 0 2 12 13 1 2 0 29 34 0 7 0 4 6 3 1 1 8 0 3 8 20 2 12 23 67 2 14 10 3 2 2 0 1 89 36 9 1 1 4 7 2 14 7 359 71 24 2 3 198 3 1 9 5 72 8 1 11 123 11 26 3 0 3
157 134 29 759 6935 905 75 22 2 11 13 79 1 38 34 5 9 7 2 0 390 429 33 35 236 3 122 112 2753 5069 12002 42 34 27 16 7 33 38 32 19 858 11 132 4 1 14 267 255 19 1 28 76 151 236 122 91 5809 109 31 33 46 152 266 216 212 0 2396 657 511 38 73 136 10 6 2512 52 17 0 24 2 75 3 488 339 943 516 1597 20 14 3 22 65 49 6 52 4718 39 89 920 6546 12 4 25 23 8 49 1 0 3 4 37 37 0 0 3 0 1 0 0 4 0 5 5 9 2 1 1 1 0 0 23 0 34 64 0 10 0 3 9 12 0 1 1 12 17 2 2 1 3 16 0 0 1 4 1 4 7 6 1 10 8 19 0 7 6 0 5 0 1 0 34 16 2 2 1 7 5 0 14 4 99 37 9 0 1 57 2 0 2 6 29 8 0 1 24 3 10 2 0 0
34 30 32 27 818 4182 30 14 30 26 11 988 0 3 7 5 4 2 3 3 199 368 110 4 30 3 2 6 448 134 42 6686 4886 1076 1 1 47 286 13 7 172 3 23 9 4 0 25 46 5 0 25 64 202 158 146 48 32 2086 11 253 11 29 23 7 6 0 307 54 118 21 13 946 325 39 1284 86 62 0 117 5 47 2 338 143 186 69 9 12 36 1 16 50 44 1 11 7206 288 103 10 8 23 10 40 53 10 59 3 4 8 7 58 76 0 2 1 1 7 0 2 2 10 4 9 33 9 4 8 0 0 0 61 1 45 156 0 47 0 2 58 41 1 3 0 37 24 1 0 0 11 4 4 0 2 9 0 4 13 13 2 12 42 38 1 15 25 6 1 3 1 1 86 27 17 8 1 2 19 3 10 5 210 148 43 1 1 168 5 1 3 6 57 8 1 12 89 8 18 2 0 2
24 26 23 11 272 897 31 15 11 9 31 2634 7 4 9 15 5 16 17 4 252 540 245 25 115 23 5 6 461 87 34 4886 10541 3477 6 4 54 2397 21 59 196 6 47 37 13 3 203 17 10 11 29 60 202 188 192 42 32 850 17 469 25 20 26 22 10 3 349 97 94 15 11 1886 1841 144 943 54 48 1 162 4 45 4 385 151 200 97 20 19 36 8 31 48 40 0 7 2317 163 81 30 13 18 4 20 30 8 51 4 3 9 1 47 75 9 7 6 7 37 13 15 8 47 14 25 42 12 7 17 2 2 5 49 1 86 246 3 215 9 21 306 285 4 32 1 45 35 6 3 2 115 14 40 0 1 9 2 5 24 22 1 12 54 85 2 10 55 16 11 7 3 1 137 29 51 36 1 9 24 5 16 6 239 479 80 14 7 308 2 0 5 5 108 6 5 16 73 11 23 6 0 6
10 6 2 2 40 39 12 5 1 6 2 33 2 251 49 21 59 5 4 2 156 411 251 13 82 29 29 31 168 40 27 1076 3477 6834 96 310 1010 1734 29 115 184 6 27 11 1 0 419 17 1 2 13 33 136 93 104 17 47 2752 372 5396 11 6 21 42 6 0 170 416 88 11 7 147 228 76 2678 41 12 0 62 1 16 1 218 105 120 48 33 5 13 1 9 24 15 0 12 969 7 9 13 14 4 4 5 3 2 6 0 5 0 3 10 11 6 18 1 6 37 5 15 6 60 8 19 28 9 5 11 3 2 4 8 4 22 152 12 246 2 21 293 315 4 30 1 23 16 3 3 3 98 5 40 2 2 5 1 1 13 16 1 11 41 48 2 11 35 23 7 17 5 0 83 15 30 30 2 11 16 1 7 3 72 331 53 13 7 134 2 0 1 1 54 3 3 3 27 5 11 2 1 3
0 1 0 0 1 3 1 0 0 0 0 0 1 5430 1288 92 234 41 60 20 4 33 88 1477 11 16 5254 366 18 4 16 1 6 96 4294 2229 619 48 19 1743 84 99 518 4 1 6 1973 23 7 1 0 2 8 6 6 0 27 23 1625 153 48 18 80 693 124 0 47 166 138 4 1 1 4 7 35 17 0 0 1 0 0 0 11 7 4 12 4 3 15 0 14 3 5 1 43 4 0 0 3 29 0 0 0 0 0 0 0 0 0 0 0 0 5 35 13 12 5 53 12 66 28 263 108 1 0 0 0 2 0 36 0 1 2 4 0 1 10 8 8 39 7 1 3 0 0 0 0 1 24 18 1 1 1 0 0 1 0 0 1 0 0 0 0 0 0 1 13 7 1 0 0 0 0 1 0 6 0 0 6 0 0 6 6 0 1 2 0 0 0 0 0 0 1 1 0 0 2 0 0 0
0 0 0 0 0 1 0 0 0 0 0 0 0 5802 702 55 92 9 10 1 7 18 26 76 2 3 434 375 18 4 7 1 4 310 2229 2118 2436 23 38 167 40 8 45 0 0 0 319 18 2 0 1 0 3 2 6 1 12 169 2919 514 11 8 19 181 195 0 7 303 139 0 2 1 5 0 123 3 1 0 1 0 0 0 3 3 2 2 4 1 2 1 1 3 1 1 6 6 0 0 7 7 0 0 1 0 0 1 1 0 0 0 1 1 1 4 2 1 5 6 3 13 6 11 11 2 1 0 1 0 0 3 1 0 0 5 5 14 1 8 26 36 2 14 1 0 0 1 0 0 11 6 6 0 0 0 0 0 0 1 0 1 0 2 0 0 1 8 1 2 2 0 2 2 1 10 0 1 0 0 2 0 3 13 2 2 0 3 0 0 0 0 2 0 1 1 0 0 2 1 0 1
6 1 1 2 11 8 0 6 0 1 1 6 27 1070 209 444 1391 235 640 209 98 295 594 94 74 44 142 161 61 15 33 47 54 1010 619 2436 4228 2333 181 347 467 33 103 23 14 87 962 47 14 3 1 8 33 23 28 14 55 654 871 802 179 21 45 85 59 4 90 504 227 9 22 17 64 115 655 269 4 0 26 0 10 0 60 12 56 33 31 4 103 18 184 7 5 4 28 104 4 1 17 30 3 0 0 1 3 3 0 0 1 0 14 22 66 67 36 69 120 29 165 67 402 132 328 50 33 16 61 31 31 94 10 5 20 167 31 234 75 126 591 838 7 304 16 14 21 33 17 29 428 101 187 2 1 3 2 4 2 9 0 3 12 15 2 6 13 180 19 75 9 6 46 39 25 109 11 18 9 0 58 6 75 452 114 25 10 151 1 0 2 15 31 14 11 11 11 3 29 11 4 19
12 11 8 3 30 67 7 3 5 6 1 48 581 30 57 484 1314 648 4345 359 369 1059 646 92 261 157 86 74 118 28 38 286 2397 1734 48 23 2333 10660 203 308 477 59 325 861 222 555 602 138 16 50 19 31 127 103 111 41 37 621 127 342 499 49 111 90 49 29 134 233 515 25 87 303 4110 1922 667 1266 37 0 124 5 52 6 212 93 202 105 43 71 578 288 1143 35 15 8 60 384 18 7 56 23 10 8 11 7 8 24 1 12 6 2 27 55 182 206 192 172 273 125 366 380 1131 898 1188 150 89 33 126 91 48 277 28 13 56 527 72 649 202 280 1937 2125 44 672 51 20 65 78 80 147 1354 470 425 15 16 7 4 34 8 25 2 13 58 57 3 13 60 381 121 176 37 52 148 56 90 259 34 61 19 5 392 94 247 1593 663 52 40 642 7 8 10 46 106 68 34 34 52 6 77 14 9 56
3 1 0 0 4 1 0 3 0 1 0 3 16 120 2059 3382 198 5537 128 98 15 39 214 581 28 14 513 11433 64 21 32 13 21 29 19 38 181 203 18382 34 856 269 615 7 14 62 79 194 88 5 3 12 11 12 18 16 53 334 84 59 4338 90 103 770 8896 2 70 148 17388 38 60 4 14 9 606 1043 0 0 6 0 28 3 38 5 29 14 3 53 145 9 192 153 18 19 114 98 0 1 7 50 0 3 0 0 0 0 0 0 0 0 1 0 13 42 437 4 5 21 6 613 68 340 58 1 2 2 5 22 13 63 11 5 9 11 1 10 11 4 33 63 191 7 182 1 2 16 123 289 64 1287 9 1 7 0 0 13 1 0 0 0 4 7 1 2 1 6 304 258 26 26 5 7 3 2 5 192 1 0 220 23 4 22 9 1 12 21 1 4 11 0 0 23 4 8 1 3 7 0 1 1
3 0 0 2 4 10 2 0 0 0 0 6 0 1998 601 72 169 63 61 15 197 1938 3116 5524 1543 3374 1171 77 106 5 19 7 59 115 1743 167 347 308 34 4222 926 1102 1117 8 3 9 2311 49 66 0 8 9 29 25 21 21 44 9 226 44 70 72 170 215 22 0 365 79 130 30 16 39 64 20 27 56 8 0 22 0 12 2 95 67 129 166 28 23 58 6 33 33 18 26 132 20 5 1 67 13 0 0 0 0 0 0 0 0 0 0 1 1 12 15 2 13 5 10 8 17 20 50 123 0 2 0 0 3 2 20 0 0 1 2 0 10 8 3 20 34 1 9 2 1 0 0 1 1 27 7 2 1 1 0 0 2 0 0 0 0 1 0 0 0 2 0 5 3 1 0 0 0 1 0 0 0 1 0 6 2 5 16 9 0 1 7 0 0 1 0 2 2 0 0 1 0 0 1 0 0
740 463 619 344 800 565 124 374 17 111 38 386 2 570 1493 782 415 578 102 68 1596 812 8899 2173 538 806 718 588 173 360 858 172 196 184 84 40 467 477 856 926 10686 3390 1248 58 20 68 457 545 3259 43 802 666 40 36 966 1852 218 118 68 75 741 474 250 139 133 8 164 157 957 680 610 427 142 64 498 890 131 0 146 34 1190 96 716 123 1328 446 172 1110 1184 74 411 6023 844 571 1231 514 104 54 326 450 12 2 17 29 5 22 1 3 6 5 26 32 0 6 1 1 8 0 3 11 10 25 9 14 6 9 5 0 0 1 26 0 30 101 0 41 1 0 39 32 1 9 0 14 17 7 6 2 17 19 2 3 15 6 0 27 19 16 21 52 16 32 1 7 17 1 5 3 2 2 42 15 8 1 9 6 11 20 65 15 118 70 20 0 6 97 47 10 133 4 42 120 9 2 42 6 11 1 0 2
2 3 2 1 3 5 0 2 0 1 0 1 1 21 76 85 26 140 23 8 22 165 2993 7716 208 769 215 93 53 5 11 3 6 6 99 8 33 59 269 1102 3390 9061 5613 22 18 58 825 302 2819 11 39 36 6 10 28 11 30 23 64 6 528 203 71 40 55 2 104 95 802 124 162 9 7 9 61 843 3 0 11 1 101 3 18 23 24 47 57 178 563 56 378 817 72 167 654 25 5 0 20 15 0 0 0 0 0 0 0 0 0 0 0 0 1 0 3 1 0 0 0 0 1 4 6 0 0 1 0 0 1 1 0 0 0 4 0 2 0 0 5 2 2 0 0 0 0 1 0 1 4 12 0 2 4 0 0 9 0 0 0 2 0 0 0 0 0 0 3 1 1 4 0 0 0 1 3 3 0 1 30 4 0 4 0 0 7 1 7 2 9 0 1 22 0 0 1 0 0 0 0 0
7 5 3 3 34 18 3 1 2 3 0 7 18 212 333 140 141 472 170 51 130 1247 1639 4030 687 481 831 98 620 73 132 23 47 27 518 45 103 325 615 1117 1248 5613 9329 213 228 659 1724 1606 2100 67 45 105 84 105 61 34 408 98 356 20 3328 1785 4822 3985 496 18 1260 386 4252 727 599 28 57 27 406 4680 21 0 39 2 243 6 227 172 299 341 208 429 2016 488 3536 572 257 592 3625 200 9 6 108 123 0 0 0 0 0 0 0 0 0 0 0 0 1 6 19 0 1 3 3 17 16 39 22 2 0 0 0 1 1 2 0 0 1 5 0 6 4 0 11 20 8 3 1 1 1 6 26 6 11 107 0 4 31 0 3 31 1 1 1 4 0 1 0 0 0 2 35 11 13 8 3 1 1 2 20 24 0 6 251 94 5 18 6 0 36 11 8 4 40 0 1 110 7 3 2 1 0 0 0 0
5 1 1 2 3 10 1 1 3 2 0 11 6119 2 6 21 76 249 4368 40 42 131 44 22 22 14 22 9 9 1 4 9 37 11 4 0 23 861 7 8 58 22 213 6827 3263 532 21 66 22 686 7 9 22 11 15 3 1 13 16 15 136 42 45 19 9 607 22 26 59 15 59 272 5072 3473 18 417 436 1142 5089 29 61 210 23 7 19 11 0 354 655 1278 1189 17 8 6 35 13 46 9 5 1 2 1 1 2 2 4 0 3 0 0 7 11 58 87 255 65 96 78 120 454 445 1166 587 35 12 8 26 28 10 159 9 2 12 98 7 128 65 83 562 758 42 133 12 6 7 30 92 126 704 503 64 10 30 2 0 83 4 4 2 15 7 13 0 4 6 74 85 65 16 82 28 14 13 41 41 53 5 7 607 148 76 495 622 7 64 189 4 8 30 5 23 176 21 12 18 2 11 3 4 11
1 0 0 1 4 2 7 2 164 7 0 4 7767 1 1 4 49 160 791 15 2 5 2 14 4 2 2 1 12 3 1 4 13 1 1 0 14 222 14 3 20 18 228 3263 8580 3576 7 42 21 4580 0 17 73 6 15 0 7 2 1 4 259 50 75 41 8 2632 7 1 63 15 32 440 249 539 2 48 4156 451 1832 34 78 270 6 1 4 3 2 874 409 4074 2641 16 5 5 37 6 1126 219 1 1 1 1 1 7 0 6 0 7 2 2 7 8 0 3 433 3 1 4 3 190 44 188 21 0 0 0 7 0 0 1 6 2 9 12 0 5 0 1 33 37 16 1 10 1 1 21 478 126 76 1522 3 6 51 2 0 179 6 1 5 12 4 2 2 1 2 0 228 49 28 411 5 9 2 0 71 88 5 7 2664 456 15 30 69 0 128 98 12 86 64 1 4 417 18 9 32 3 1 0 1 0
0 0 0 0 2 2 0 0 3 0 0 3 1523 7 27 98 226 2563 2683 171 7 29 24 162 22 11 57 49 16 1 14 0 3 0 6 0 87 555 62 9 68 58 659 532 3576 5523 27 53 18 157 0 0 4 5 5 0 31 4 11 1 1398 47 133 396 114 435 47 12 80 21 24 18 62 64 14 102 95 2 89 2 24 7 11 10 11 21 4 72 206 1772 2821 22 8 13 75 6 36 8 2 9 0 1 0 1 2 0 0 5 0 0 1 1 8 22 1373 3 2 31 2 787 97 642 84 2 0 1 0 18 1 43 6 6 4 9 0 6 7 2 32 73 145 3 92 0 1 25 663 380 136 4062 4 5 20 0 4 77 1 0 0 4 0 3 2 1 3 3 733 139 21 370 4 6 2 1 37 275 4 3 2413 272 13 22 49 4 74 45 3 25 42 1 1 127 27 8 23 6 2 0 3 1
9 4 7 4 7 12 3 8 6 1 0 18 1 763 373 53 309 33 26 18 171 748 972 3805 1841 635 1220 390 515 9 267 25 203 419 1973 319 962 602 79 2311 457 825 1724 21 7 27 5829 129 75 2 17 30 157 131 93 30 538 46 966 305 140 132 483 1041 299 0 1648 4177 448 40 21 108 207 101 305 96 57 2 114 3 35 1 278 213 324 570 803 19 57 4 59 54 25 17 185 35 17 10 252 309 0 0 0 0 1 1 0 0 0 0 5 3 6 10 4 3 12 2 13 8 29 33 57 5 3 4 1 0 0 6 1 0 2 29 3 28 3 8 84 90 1 14 3 4 2 3 2 0 40 9 4 1 2 0 0 3 0 4 0 1 4 8 0 0 4 5 7 5 2 0 9 3 6 3 3 5 0 0 16 3 12 87 18 3 2 29 1 0 3 1 8 1 1 1 0 0 3 0 1 2
12 5 3 3 51 26 4 4 1 2 0 1 7 27 120 57 20 63 48 15 63 170 180 104 49 29 37 118 572 165 255 46 17 17 23 18 47 138 194 49 545 302 1606 66 42 53 129 30565 452 56 19 46 48 43 33 14 466 393 94 11 268 9138 1328 864 689 6 435 182 12660 193 7398 24 28 4 1623 4861 5 0 8 1 1118 11 93 50 96 87 25 1741 3729 121 432 180 41 104 1042 751 2 7 31 193 0 1 0 0 0 0 0 8 0 0 1 0 0 2 16 1 0 3 2 17 25 28 11 1 1 1 3 0 1 2 5 5 8 8 0 1 0 1 11 10 9 7 3 1 3 44 65 11 49 111 2 70 320 2 8 484 8 1 4 18 0 2 1 1 2 1 19 77 104 18 4 8 1 1 248 29 14 37 885 224 4 20 10 2 338 67 59 87 269 0 0 1209 113 8 24 4 2 1 0 3
41 16 23 4 9 18 7 11 2 5 2 6 1 9 30 32 11 39 20 14 18 122 459 430 54 64 32 31 18 17 19 5 10 1 7 2 14 16 88 66 3259 2819 2100 22 21 18 75 452 10737 31 177 121 3 5 10 9 21 5 6 1 172 673 69 18 20 5 35 16 256 492 580 7 9 4 36 425 10 0 13 5 482 18 16 9 20 35 11 885 918 71 244 8397 418 2872 5228 19 1 1 11 5 0 0 0 1 0 1 0 0 0 0 0 1 0 1 2 0 1 0 0 5 0 1 3 0 0 0 2 0 0 0 2 0 2 4 0 1 0 0 2 0 0 0 0 0 0 1 5 0 2 15 0 1 10 0 0 14 0 3 2 19 0 0 0 0 0 0 1 0 3 3 0 0 0 1 7 0 2 8 32 9 2 7 1 0 10 6 11 6 45 0 0 73 1 0 1 0 0 0 0 1
5 0 3 1 1 2 2 2 109 2 0 2 531 0 2 1 13 9 156 5 0 6 8 0 1 0 0 1 6 3 1 0 11 2 1 0 3 50 5 0 43 11 67 686 4580 157 2 56 31 12583 82 655 48 11 16 0 1 1 0 0 63 46 19 4 2 1086 2 0 37 37 84 168 87 1045 6 132 2772 324 573 1201 645 8590 6 0 4 0 0 6188 1891 5300 1033 42 39 8 58 3 974 140 1 0 2 1 5 3 2 6 2 3 0 2 5 6 0 0 46 0 2 0 0 35 11 37 13 1 0 2 4 2 0 0 7 0 4 9 0 1 0 2 16 16 5 2 2 1 1 18 106 36 44 191 3 29 209 1 4 302 108 21 79 186 0 1 2 2 1 1 18 35 51 66 3 8 1 0 101 29 20 54 1371 303 10 15 14 0 214 73 107 308 603 1 1 1454 40 7 20 7 1 0 0 0
170 37 102 19 53 40 55 103 3 50 8 26 0 1 3 1 3 3 0 1 6 45 22 9 57 5 5 3 55 63 28 25 29 13 0 1 1 19 3 8 802 39 45 7 0 0 17 19 177 82 11871 18330 22 12 383 98 11 11 0 4 16 37 20 11 4 31 28 16 47 628 114 61 18 72 42 20 64 4 27 926 2917 238 302 46 71 98 22 281 37 17 9 8073 6336 57 258 51 44 15 39 22 2 1 1 4 2 7 3 3 1 1 4 6 1 0 10 0 1 2 0 57 1 11 2 3 0 3 1 0 0 0 6 0 13 15 0 14 0 0 9 9 11 0 1 12 2 1 2 7 2 48 1 4 11 3 1 6 781 192 640 1142 20 6 1 1 4 0 7 3 0 4 9 6 1 2 2 0 69 102 19 3 25 23 9 1 1 35 183 31 759 1 8 89 7 1 14 1 4 0 0 0
362 77 218 35 103 103 152 270 21 130 28 76 3 4 8 4 7 4 5 2 15 70 37 20 100 5 12 10 97 172 76 64 60 33 2 0 8 31 12 9 666 36 105 9 17 0 30 46 121 655 18330 39319 44 33 938 170 40 50 5 14 21 126 56 29 17 195 72 37 168 1627 604 165 39 327 163 36 285 32 92 14121 8240 1510 621 88 149 197 34 898 78 50 36 1832 6216 37 245 144 132 53 84 38 8 2 3 5 1 7 0 6 4 0 6 14 0 0 8 1 0 2 0 15 4 13 3 4 0 2 5 0 0 0 11 0 22 54 0 27 0 1 27 7 2 0 3 18 4 4 10 3 3 28 3 3 37 3 0 38 3203 1169 3167 2022 86 8 0 2 8 1 7 3 2 27 13 2 5 0 3 2 211 84 80 5 57 54 38 0 9 115 424 136 1507 1 20 332 10 3 51 7 3 2 0 1
741 164 369 88 253 232 957 762 235 567 207 379 7 15 9 5 12 2 4 1 17 59 15 26 176 9 36 24 2400 500 151 202 202 136 8 3 33 127 11 29 40 6 84 22 73 4 157 48 3 48 22 44 5433 5938 4020 7 187 134 52 57 14 42 116 78 36 15 373 216 109 10 14 468 176 140 419 18 269 19 234 9 30 48 792 249 53 56 165 36 24 19 22 27 9 5 27 319 966 5924 94 133 10 7 15 22 8 30 1 7 1 5 35 54 3 1 0 1 2 2 0 7 4 0 5 28 8 6 4 0 0 1 37 1 47 158 3 92 0 5 77 53 3 5 1 32 14 0 1 0 21 4 10 0 0 6 0 0 0 4 1 2 21 50 3 9 38 8 2 5 3 1 74 21 20 8 2 4 0 2 4 1 143 160 42 3 1 192 0 1 5 4 57 7 1 5 57 7 13 0 0 0
939 170 386 74 275 211 1446 952 119 526 126 227 0 11 9 1 10 5 5 1 23 52 22 33 300 13 48 28 6617 737 236 158 188 93 6 2 23 103 12 25 36 10 105 11 6 5 131 43 5 11 12 33 5938 8601 906 12 239 103 15 57 25 55 159 99 50 2 844 158 120 10 15 396 137 129 423 21 195 4 205 2 18 5 1086 4567 54 161 241 9 16 4 10 20 8 2 30 333 289 4062 220 231 15 5 12 23 5 17 1 9 9 6 32 47 1 2 0 0 4 2 2 0 5 0 1 25 5 8 15 0 1 0 23 1 47 152 0 75 0 0 57 36 0 6 0 26 20 1 2 0 12 3 5 0 1 6 0 3 6 8 2 3 22 44 0 10 32 3 3 1 1 0 99 21 15 7 1 2 4 1 9 1 145 155 38 1 2 185 3 0 7 5 81 6 0 9 57 9 12 0 0 3
618 134 282 58 192 180 607 623 88 282 87 190 2 15 24 15 25 18 8 5 46 143 118 51 162 10 32 25 758 346 122 146 192 104 6 6 28 111 18 21 966 28 61 15 15 5 93 33 10 16 383 938 4020 906 12358 455 90 135 51 53 27 27 53 37 21 5 222 187 97 39 18 276 154 77 368 19 165 5 178 54 231 17 3751 285 396 281 81 30 19 5 11 463 146 2 14 249 261 1602 157 83 4 5 8 17 4 21 0 6 3 2 26 33 0 0 1 0 5 6 1 3 10 0 4 28 5 5 2 0 0 2 40 0 26 131 0 82 1 1 79 42 2 2 0 25 14 0 1 1 10 2 2 0 0 0 0 0 22 8 20 18 24 42 3 8 22 1 1 5 0 0 52 28 20 5 0 4 2 3 0 2 120 134 43 5 3 165 1 0 17 1 49 3 0 6 49 12 14 2 1 1
189 79 110 38 117 131 66 112 12 46 8 70 0 3 20 10 5 8 1 2 1134 378 125 30 144 14 19 7 41 86 91 48 42 17 0 1 14 41 16 21 1852 11 34 3 0 0 30 14 9 0 98 170 7 12 455 2802 33 25 2 10 13 13 23 25 10 1 38 20 34 8 6 76 28 16 71 17 39 0 33 8 45 4 3595 80 1809 198 36 6 2 1 4 184 52 1 16 113 26 17 110 76 4 1 4 7 2 10 0 0 1 1 4 7 1 0 0 0 0 0 0 2 0 0 0 4 2 2 0 0 0 0 6 1 13 30 1 16 0 1 11 9 0 1 0 5 2 0 0 0 3 0 1 0 0 0 0 0 9 0 5 7 4 9 0 3 2 0 1 0 0 0 17 6 4 1 0 1 1 0 3 1 32 19 6 0 1 23 2 0 3 0 14 1 1 2 11 2 1 1 0 0
17 20 38 17 350 45 5 11 3 5 4 26 1 70 60 16 11 18 5 1 85 217 42 136 642 22 306 222 5994 612 5809 32 32 47 27 12 55 37 53 44 218 30 408 1 7 31 538 466 21 1 11 40 187 239 90 33 5895 175 55 32 94 369 788 567 421 0 5562 808 957 64 93 101 27 13 2406 95 21 0 26 0 33 1 288 249 266 653 1997 28 56 3 31 37 30 14 132 1164 27 25 1187 3235 3 3 11 15 3 17 0 1 4 0 17 13 0 2 5 0 1 0 0 4 2 8 6 11 5 1 3 0 0 2 17 1 15 24 0 6 0 1 6 14 3 4 1 6 5 0 2 1 2 18 0 1 1 1 0 3 1 6 0 0 5 12 0 1 4 0 10 2 0 1 10 3 1 1 2 3 2 2 26 6 50 17 7 0 3 31 3 1 2 0 13 6 1 2 11 3 2 1 0 0
7 5 3 4 13 34 7 6 1 3 0 37 1 481 341 150 128 19 3 1 100 184 67 13 25 3 41 309 330 44 109 2086 850 2752 23 169 654 621 334 9 118 23 98 13 2 4 46 393 5 1 11 50 134 103 135 25 175 3408 1387 6443 43 147 75 51 302 1 245 1405 1356 21 104 132 162 17 3724 479 6 0 31 0 47 0 289 85 102 47 36 7 200 2 49 40 26 2 15 624 11 17 17 322 4 1 1 2 2 4 0 1 0 0 6 7 0 5 3 1 8 4 3 11 17 9 6 14 1 3 4 2 0 2 6 2 10 46 0 54 0 4 50 50 5 3 5 8 9 3 8 3 19 37 8 0 1 3 0 8 4 4 0 3 7 15 2 1 3 2 8 12 1 0 23 7 2 4 6 13 2 0 40 11 34 69 18 3 4 41 0 1 1 2 15 8 2 2 8 1 3 0 0 0
1 1 1 1 2 0 4 2 0 1 0 3 0 1638 584 57 179 24 17 7 28 123 68 562 9 14 924 687 49 5 31 11 17 372 1625 2919 871 127 84 226 68 64 356 16 1 11 966 94 6 0 0 5 52 15 51 2 55 1387 3675 3721 40 49 145 633 462 3 62 2368 525 2 14 11 35 13 651 21 2 0 22 0 5 0 64 14 29 17 7 3 6 2 8 5 8 5 38 27 1 0 10 52 3 0 0 0 2 2 1 0 0 0 1 2 4 10 4 3 19 9 13 19 34 30 41 5 3 2 2 2 0 6 1 1 5 27 2 52 2 8 93 124 4 12 0 4 3 2 0 1 45 31 23 0 0 0 0 0 2 2 0 1 1 3 0 0 3 12 13 9 0 0 4 5 2 8 0 7 0 0 13 3 5 38 4 1 3 14 1 0 2 0 5 3 0 3 1 1 3 1 1 0
5 1 7 1 7 11 1 5 1 4 1 4 0 470 202 64 117 11 4 3 51 169 64 24 28 7 66 108 87 28 33 253 469 5396 153 514 802 342 59 44 75 6 20 15 4 1 305 11 1 0 4 14 57 57 53 10 32 6443 3721 4516 9 11 13 49 49 0 95 1760 112 2 6 24 84 28 2462 25 5 1 33 0 10 1 116 32 52 32 10 5 7 1 6 11 6 1 9 291 2 4 4 34 4 1 4 0 2 3 0 0 0 1 7 7 1 8 1 2 12 5 7 7 29 3 12 14 4 3 6 2 2 4 6 0 21 90 6 107 2 14 156 170 4 15 6 6 8 4 2 1 45 4 36 0 0 0 0 0 3 9 1 3 18 21 3 3 13 22 4 7 1 1 33 5 21 23 3 3 5 0 5 2 37 160 17 11 5 66 1 0 4 6 23 4 0 2 12 0 5 6 1 9
5 0 1 2 4 4 0 0 0 2 2 5 137 28 183 165 172 6517 461 113 20 166 179 1192 94 33 212 270 102 7 46 11 25 11 48 11 179 499 4338 70 741 528 3328 136 259 1398 140 268 172 63 16 21 14 25 27 13 94 43 40 9 7161 293 616 1834 614 180 217 52 2479 88 156 19 60 22 142 3476 29 0 19 2 85 1 51 29 77 85 12 139 835 218 4589 204 27 48 477 51 12 2 19 51 0 7 2 0 3 1 0 12 0 0 2 0 6 42 1931 7 6 28 4 732 171 346 118 7 6 7 8 45 13 44 23 12 15 11 0 10 10 5 52 133 349 11 281 3 6 64 1229 268 188 6420 10 13 18 1 3 121 0 1 0 6 0 7 1 3 4 1 1339 490 87 319 11 36 9 7 62 571 5 5 3197 334 10 35 23 4 119 101 12 34 45 2 3 159 32 17 33 7 3 3 1 1
13 4 4 2 32 11 4 2 1 4 1 6 3 33 96 30 27 63 30 10 47 244 197 144 126 45 40 38 572 124 152 29 20 6 18 8 21 49 90 72 474 203 1785 42 50 47 132 9138 673 46 37 126 42 55 27 13 369 147 49 11 293 16995 6611 902 291 9 570 87 3636 6670 2140 15 12 12 687 968 13 0 9 4 415 18 107 87 163 125 18 525 1246 217 563 322 616 3086 6238 348 4 8 24 138 0 1 0 0 0 1 0 3 0 1 0 0 0 0 12 2 0 3 0 14 9 11 6 1 0 0 4 0 0 1 1 0 6 3 0 4 1 0 12 5 5 2 3 0 1 11 20 3 20 49 4 31 157 0 2 173 9 0 3 19 0 1 0 1 1 0 11 32 36 7 2 3 0 2 86 9 8 20 379 95 0 15 3 0 143 32 41 36 185 1 1 653 50 2 10 0 0 1 1 2
12 6 2 3 30 22 7 6 3 1 1 6 3 91 203 38 50 126 48 14 99 756 271 275 342 93 145 42 1240 120 266 23 26 21 80 19 45 111 103 170 250 71 4822 45 75 133 483 1328 69 19 20 56 116 159 53 23 788 75 145 13 616 6611 26361 9764 1611 2 1739 191 5764 574 483 24 29 14 498 938 12 0 20 0 88 5 264 216 318 341 88 181 631 130 795 67 70 238 2881 336 8 11 99 200 1 0 0 0 1 0 0 1 0 0 1 0 0 2 12 0 0 3 1 17 4 13 12 1 0 2 0 0 1 1 4 1 3 5 0 6 0 0 6 8 2 1 0 1 1 5 15 2 7 51 0 5 30 0 0 44 1 0 0 0 2 1 0 0 0 1 19 20 11 6 2 1 0 0 46 13 3 1 257 87 2 12 5 0 51 19 2 5 11 1 0 127 5 2 8 0 0 0 0 0
4 2 2 0 9 6 3 3 3 0 0 4 29 529 463 167 57 1333 199 19 76 333 62 705 343 24 3246 2787 594 19 216 7 22 42 693 181 85 90 770 215 139 40 3985 19 41 396 1041 864 18 4 11 29 78 99 37 25 567 51 633 49 1834 902 9764 7223 5551 1 1140 467 3713 105 158 18 26 16 193 423 14 0 24 0 40 1 214 178 238 323 88 15 113 21 305 38 28 24 875 79 5 5 111 212 0 0 0 0 0 0 0 0 0 0 0 0 3 10 67 2 1 15 5 171 15 108 41 1 0 0 0 2 2 7 1 0 3 10 0 6 3 1 20 29 51 1 19 0 1 3 17 14 19 364 0 0 2 0 0 4 0 0 0 1 2 0 0 0 0 0 163 21 10 3 2 2 1 1 10 44 1 0 158 33 1 17 8 0 16 6 1 0 5 0 1 16 1 3 0 0 0 0 0 0
2 1 4 2 13 6 2 1 0 1 0 5 4 182 507 184 29 421 51 7 23 70 31 80 49 5 583 2595 429 78 212 6 10 6 124 195 59 49 8896 22 133 55 496 9 8 114 299 689 20 2 4 17 36 50 21 10 421 302 462 49 614 291 1611 5551 9340 0 436 597 8983 25 93 5 14 5 975 113 3 0 8 0 19 0 90 50 75 72 15 8 50 7 48 30 12 8 84 246 0 5 29 250 0 0 0 0 0 0 0 0 0 0 0 1 1 3 122 1 2 4 5 137 14 50 15 1 0 0 0 3 1 4 6 3 1 4 0 7 1 2 21 18 67 2 32 0 1 5 56 19 25 672 3 1 2 0 0 9 1 0 0 0 5 2 0 0 0 0 289 49 9 5 1 6 3 0 11 104 0 0 388 43 2 15 4 1 15 7 1 0 2 1 0 11 4 2 3 0 1 0 1 1
0 0 0 0 0 1 0 0 29 1 0 1 594 0 0 1 3 36 83 3 0 0 0 1 0 0 0 0 2 0 0 0 3 0 0 0 4 29 2 0 8 2 18 607 2632 435 0 6 5 1086 31 195 15 2 5 1 0 1 3 0 180 9 2 1 0 1824 4 0 5 5 13 61 13 662 1 24 1321 723 247 269 100 1034 4 0 2 1 0 244 104 435 360 5 3 0 7 1 253 37 0 0 1 0 1 0 0 2 0 0 1 0 3 1 0 0 33 0 1 0 0 18 2 30 1 0 0 0 0 0 0 0 1 0 3 0 0 0 0 0 1 7 2 0 1 0 0 5 32 18 8 103 0 2 7 0 0 13 38 4 15 31 0 0 0 0 0 0 13 1 6 54 0 0 0 0 6 4 5 4 122 33 6 2 1 0 13 4 2 8 29 0 2 64 4 0 5 0 0 0 0 0
390 176 240 91 283 291 61 180 38 69 25 191 0 81 48 20 24 28 5 4 66 389 151 460 3443 120 606 279 5091 367 2396 307 349 170 47 7 90 134 70 365 164 104 1260 22 7 47 1648 435 35 2 28 72 373 844 222 38 5562 245 62 95 217 570 1739 1140 436 4 15976 1023 1187 100 113 501 240 184 1936 182 269 0 345 2 47 4 1243 3599 812 2319 3575 38 132 10 65 72 38 55 332 655 209 91 3003 3108 24 5 12 25 12 34 0 5 3 7 37 36 0 4 7 1 3 2 2 4 5 9 2 57 12 8 10 1 1 4 55 2 65 190 2 111 1 2 75 45 5 6 4 41 24 2 4 1 21 32 9 0 1 7 0 5 17 25 1 6 34 72 4 10 27 4 16 3 1 1 110 43 20 10 4 5 8 0 37 4 200 227 85 1 3 278 4 0 7 9 98 8 3 10 81 6 17 2 0 7
11 12 6 6 17 21 7 14 2 3 0 12 0 636 378 81 110 21 11 5 152 342 98 455 263 30 518 611 557 40 657 54 97 416 166 303 504 233 148 79 157 95 386 26 1 12 4177 182 16 0 16 37 216 158 187 20 808 1405 2368 1760 52 87 191 467 597 0 1023 9177 756 17 31 30 99 44 3180 58 25 0 56 1 23 2 368 164 215 321 753 6 21 1 16 47 23 9 52 88 16 8 290 1481 2 0 1 0 1 0 0 0 0 0 2 4 2 4 5 0 14 10 6 7 23 14 17 5 1 2 7 4 0 2 1 0 8 25 1 50 4 19 134 161 4 13 1 1 5 2 2 0 36 22 12 0 0 1 0 2 2 2 3 3 5 6 0 1 3 10 18 5 1 0 12 4 6 17 4 8 1 0 11 5 16 109 15 3 2 28 1 0 1 1 12 4 0 1 3 0 1 2 0 4
22 10 9 6 70 37 6 4 0 4 2 23 15 179 1248 688 188 660 121 57 99 335 251 668 156 42 208 2020 1135 255 511 118 94 88 138 139 227 515 17388 130 957 802 4252 59 63 80 448 12660 256 37 47 168 109 120 97 34 957 1356 525 112 2479 3636 5764 3713 8983 5 1187 756 24352 306 1780 42 88 17 3771 8406 16 0 28 3 426 5 232 129 263 192 48 208 1274 107 493 258 88 103 708 1107 6 21 63 538 2 6 1 0 3 4 0 14 0 1 3 5 3 7 317 4 2 12 2 96 60 91 52 6 1 4 3 9 6 12 10 11 20 28 3 28 1 5 85 89 33 8 34 2 2 49 592 17 111 1431 5 14 58 0 3 271 2 5 2 8 1 9 3 2 10 2 349 181 65 44 11 14 9 5 173 237 2 9 2408 645 16 58 18 5 202 95 5 30 41 5 7 302 38 21 33 1 1 1 0 0
92 30 44 16 49 28 15 54 3 19 6 20 2 3 23 19 8 17 9 5 15 87 135 60 48 15 13 7 101 65 38 21 15 11 4 0 9 25 38 30 680 124 727 15 15 21 40 193 492 37 628 1627 10 10 39 8 64 21 2 2 88 6670 574 105 25 5 100 17 306 2942 2874 32 9 8 126 197 15 1 18 74 1961 360 49 30 53 63 6 676 354 74 146 940 2500 2189 2590 64 11 8 17 30 1 0 1 2 0 1 0 1 0 0 2 1 0 1 5 0 0 2 0 46 7 10 1 1 0 1 3 0 0 0 1 0 6 11 0 2 0 0 3 4 8 0 3 4 0 3 3 10 3 29 1 14 45 1 2 53 67 29 74 369 1 4 0 0 2 0 4 3 7 4 1 1 0 0 10 9 47 131 81 13 10 7 8 0 14 13 320 36 980 1 0 292 10 0 8 0 0 0 0 0
29 12 17 4 32 13 8 21 3 5 2 8 2 4 41 22 22 26 26 4 15 81 91 63 29 12 17 31 144 60 73 13 11 7 1 2 22 87 60 16 610 162 599 59 32 24 21 7398 580 84 114 604 14 15 18 6 93 104 14 6 156 2140 483 158 93 13 113 31 1780 2874 11247 20 11 10 475 1056 15 0 13 47 6147 346 41 26 43 43 9 2724 1355 114 323 496 793 280 813 205 9 4 14 35 4 0 0 3 0 4 0 7 1 1 2 2 1 0 9 0 2 2 1 62 8 15 5 1 0 2 5 2 1 2 0 1 1 8 1 6 0 0 3 7 12 6 5 2 4 25 29 14 26 93 1 57 293 2 7 331 68 34 56 313 3 2 0 2 1 0 13 26 39 14 4 2 1 0 69 10 86 159 474 72 5 16 10 1 89 47 609 149 2054 1 4 1625 71 2 12 5 0 1 0 0
144 155 142 121 457 1364 118 39 121 183 976 1805 152 5 5 2 4 10 11 1 206 365 90 14 97 15 10 5 1335 662 136 946 1886 147 1 1 17 303 4 39 427 9 28 272 440 18 108 24 7 168 61 165 468 396 276 76 101 132 11 24 19 15 24 18 5 61 501 30 42 32 20 3916 1770 451 199 32 900 263 1702 17 117 104 757 250 429 120 34 82 44 78 64 135 78 7 9 976 3020 745 26 12 118 44 264 264 47 430 15 14 83 68 364 560 1 5 4 2 12 6 13 9 57 11 43 142 33 39 41 2 0 5 206 2 241 648 4 209 5 7 249 197 4 38 0 111 89 8 5 0 121 20 22 1 9 19 1 7 35 64 2 65 109 208 7 36 70 14 10 6 1 5 304 109 40 16 7 12 50 0 43 9 907 529 206 10 12 691 8 0 12 9 280 20 15 34 423 31 54 9 0 6
