31046 9705 7091 3261 999 2574 10123 14577 1573 4306 280 3472 1 2 1 4 1 6 4 1 72 43 9 11 42 2 18 24 10163 5258 533 70 59 15 1 2 0 3 12 10 1135 9 16 2 8 4 8 6 31 5 41 114 694 1728 540 185 111 21 1 2 6 28 30 26 28 0 351 27 27 32 21 296 15 20 74 13 80 0 37 6 96 12 1934 1182 1316 167 31 36 27 3 8 174 82 57 61 60 308 3710 157 55 159 56 313 309 51 426 28 49 120 131 320 491 0 0 1 0 1 1 0 0 2 1 0 33 36 2 4 3 0 0 139 8 99 89 2 32 0 1 12 8 2 0 1 7 27 0 2 0 1 8 3 4 3 4 0 1 4 0 4 7 26 33 5 58 26 1 4 0 0 0 56 18 9 3 0 2 5 5 3 1 226 22 9 2 1 113 2 2 6 5 27 4 3 24 116 39 20 4 0 5
9705 17947 9027 14834 3464 7419 373 458 196 712 338 4838 0 2 1 1 1 1 4 1 104 62 2 5 44 2 11 10 1188 3497 658 42 64 12 2 0 0 4 8 5 993 4 8 0 0 5 8 3 13 1 23 52 138 409 139 114 84 18 3 3 4 18 14 10 20 0 315 19 11 15 10 324 17 19 53 5 72 3 24 1 45 7 814 534 1191 188 19 16 9 0 8 77 33 29 19 24 250 275 227 19 221 94 591 557 89 700 31 46 186 211 537 903 1 0 0 0 0 0 1 2 1 1 0 26 53 0 9 0 0 0 252 13 162 139 5 63 0 2 12 11 1 0 0 12 55 1 1 0 2 1 3 1 0 2 0 0 2 4 0 5 25 51 5 117 55 1 0 2 1 0 104 37 15 4 0 0 2 4 0 0 401 33 8 10 2 188 0 2 5 5 64 2 1 60 227 52 28 11 0 15
7091 9027 29380 12404 327 10136 678 10186 581 8953 973 20953 1 0 2 6 1 1 1 3 114 72 9 7 50 2 8 15 894 395 99 43 79 16 1 0 0 6 7 5 907 5 4 0 1 5 16 1 20 1 17 59 144 433 167 96 77 29 2 4 3 6 14 18 13 0 289 29 6 16 8 522 14 20 64 5 111 2 44 1 53 11 972 570 1125 179 31 17 16 5 5 79 38 31 38 34 525 339 233 24 318 204 939 790 143 1121 66 92 307 338 918 1310 0 0 0 0 0 2 1 5 0 2 0 37 82 1 3 0 0 0 342 6 292 219 4 84 0 0 13 13 2 2 1 22 67 2 1 1 0 0 6 2 3 2 0 1 3 7 0 2 26 64 14 123 83 0 1 1 0 1 132 41 11 14 0 1 4 2 1 1 667 36 15 9 1 234 2 1 4 9 67 1 4 85 369 82 50 20 1 14
3261 14834 12404 14319 6824 16031 395 303 61 241 186 9320 2 7 1 12 0 2 0 2 104 100 5 5 41 2 7 26 1384 2781 2189 67 75 15 0 1 2 2 18 9 618 1 9 1 2 4 24 26 9 1 7 22 84 301 71 61 117 21 1 1 8 38 52 5 17 0 262 17 48 5 14 187 15 10 53 7 45 0 22 0 17 2 530 347 923 193 18 8 6 1 8 32 19 7 18 42 172 295 334 28 88 45 257 217 49 324 17 26 96 89 239 387 0 0 1 0 0 3 0 2 2 2 0 21 21 1 1 0 0 0 115 4 78 74 2 31 0 1 5 5 2 1 1 4 28 1 2 0 0 6 0 0 2 1 0 2 1 4 3 2 16 31 2 43 22 1 2 3 0 2 44 17 4 2 0 4 2 2 11 0 189 19 4 2 1 81 1 0 2 5 21 5 1 31 108 20 11 3 0 6
999 3464 327 6824 5056 4516 331 119 54 127 96 4930 22 49 28 143 24 82 32 13 244 250 16 13 109 3 22 206 4035 5474 5299 1053 561 127 6 13 58 54 359 17 697 15 37 7 12 35 26 728 21 4 19 28 137 490 115 66 1012 75 13 10 146 731 513 53 161 0 364 28 722 75 256 359 63 18 119 238 69 2 49 3 66 0 604 412 993 231 33 56 59 2 54 60 25 18 98 442 122 565 569 489 27 22 91 81 22 97 6 7 35 27 87 128 1 9 22 1 2 7 2 34 12 30 2 13 24 0 2 13 0 7 53 3 35 50 2 36 0 1 23 24 27 0 26 5 15 5 37 14 5 103 4 13 8 2 1 6 1 1 0 3 5 10 2 20 23 2 31 31 19 4 36 8 12 7 11 65 3 1 92 15 87 39 10 6 8 61 0 2 4 3 11 15 12 16 62 7 7 4 0 8
2574 7419 10136 16031 4516 12764 338 621 84 276 145 17218 16 14 19 103 23 62 34 10 395 407 27 17 136 5 19 119 1583 2059 1590 5304 1443 160 2 4 41 54 193 21 1053 10 37 5 12 38 27 477 21 2 18 28 113 419 116 85 170 133 10 12 129 465 333 58 112 0 396 44 554 54 198 798 132 22 140 157 110 3 127 0 59 3 743 520 1441 317 33 56 64 6 43 47 24 21 106 861 316 299 711 55 102 87 343 292 53 378 22 23 100 75 288 438 3 5 16 1 4 3 5 32 20 25 3 37 61 0 7 9 0 5 133 9 97 114 2 67 1 5 48 51 14 2 16 12 37 7 20 11 6 70 8 4 8 2 0 11 2 2 0 2 15 34 4 51 34 1 36 34 18 7 57 20 16 8 9 42 1 1 92 18 272 58 11 2 14 153 0 0 8 6 36 24 5 34 152 21 32 4 0 15
10123 373 678 395 331 338 9594 5834 1752 1389 51 1205 0 2 0 1 0 3 2 1 14 11 3 1 10 2 3 9 2809 988 234 15 22 4 1 0 1 0 5 5 107 4 2 0 0 2 0 4 7 2 11 39 651 1401 437 29 23 2 0 0 4 13 8 8 5 0 63 8 12 8 7 35 5 5 25 3 13 1 7 0 21 2 641 385 140 20 18 7 4 0 3 41 20 8 14 15 77 6418 37 17 18 7 28 25 3 46 8 3 24 26 44 49 0 1 0 0 1 0 0 0 0 0 0 1 5 0 0 0 0 0 12 0 4 5 0 4 0 1 1 1 0 0 0 2 0 1 2 0 1 0 0 2 1 0 0 0 1 0 1 0 1 3 2 4 1 0 0 0 0 0 1 1 1 0 0 1 0 0 2 0 28 4 2 1 0 4 1 1 1 0 1 0 0 4 14 6 2 3 0 1
14577 458 10186 303 119 621 5834 20202 4586 24677 821 6146 0 2 1 1 1 0 0 0 37 12 0 4 15 2 6 5 883 459 78 25 26 5 1 0 1 1 6 2 378 4 5 1 1 3 7 2 15 4 18 54 250 599 222 81 22 4 1 0 2 5 6 10 4 0 149 13 4 14 2 165 5 12 36 1 36 2 16 1 46 4 797 507 430 47 10 12 5 1 6 62 19 23 23 24 240 1048 55 16 83 55 211 178 28 267 13 37 76 111 208 277 0 0 0 0 0 1 1 1 0 1 0 10 16 1 1 0 0 0 62 4 61 45 0 22 0 0 6 8 0 0 1 6 18 1 0 1 0 1 2 0 0 0 1 0 2 1 0 2 13 13 6 30 14 0 0 0 0 0 28 6 3 0 0 3 1 1 0 0 122 11 6 3 2 57 1 0 3 5 14 2 1 17 81 18 11 0 0 5
1573 196 581 61 54 84 1752 4586 1610 3954 444 1150 3 1 0 1 0 1 0 0 2 10 2 1 2 0 0 0 196 207 30 7 16 1 0 0 0 0 3 3 30 0 2 0 34 1 0 4 1 51 18 43 266 164 150 5 6 1 0 1 3 5 13 1 0 13 14 2 7 2 2 127 11 100 3 4 294 10 41 24 13 47 126 77 39 8 2 39 9 10 5 14 4 5 7 11 1407 1420 5 6 14 8 30 30 5 41 1 5 17 24 50 45 0 0 0 0 0 0 1 0 1 0 0 5 6 0 0 0 0 1 16 0 7 18 0 13 0 1 0 0 0 1 1 0 5 0 0 0 1 0 0 1 3 2 0 1 2 1 2 5 1 5 1 7 5 0 1 1 1 0 10 3 1 0 3 4 0 1 4 0 28 14 6 1 4 18 0 1 4 2 6 4 0 0 13 5 3 1 0 1
4306 712 8953 241 127 276 1389 24677 3954 26226 14796 31654 1 1 1 0 2 1 0 1 23 8 1 1 8 2 2 2 494 369 43 14 17 0 0 0 1 0 2 4 184 3 1 2 3 1 4 2 2 0 7 11 276 356 178 30 14 5 0 0 2 6 8 3 6 0 65 7 4 5 5 171 3 15 13 2 37 1 9 2 13 4 429 264 205 31 7 7 2 0 0 29 18 13 8 14 1572 1914 23 9 216 75 447 388 54 652 53 88 242 323 650 677 1 0 1 0 2 0 1 0 0 0 0 9 23 1 1 0 0 0 106 2 86 42 1 18 0 0 4 4 0 0 2 3 28 3 0 0 0 0 3 1 0 1 0 0 2 0 2 1 8 25 9 55 14 0 1 1 3 0 42 15 1 0 0 4 4 2 3 0 223 3 20 3 2 118 2 0 5 0 35 1 0 28 245 96 17 0 1 4
280 338 973 186 96 145 51 821 444 14796 4556 6018 1 1 0 1 0 1 4 2 16 41 2 1 6 0 2 3 210 66 25 18 32 0 1 0 0 1 5 1 129 0 1 0 4 0 2 7 2 2 0 5 65 93 43 15 6 3 0 0 3 10 6 3 1 1 34 3 5 5 6 190 5 9 8 6 125 0 24 0 16 0 159 123 132 23 3 3 3 0 2 18 7 2 5 15 1373 280 43 5 105 48 317 238 47 348 27 42 116 202 342 403 2 0 1 1 1 0 1 1 1 3 0 11 14 1 1 0 0 0 64 1 69 38 0 14 0 1 6 8 1 0 0 3 16 0 0 0 3 6 3 1 0 1 0 1 0 1 0 2 8 18 2 22 10 0 2 0 0 0 26 8 2 2 0 3 1 1 3 1 174 11 7 3 1 75 1 0 0 5 18 0 1 17 137 41 9 2 0 3
3472 4838 20953 9320 4930 17218 1205 6146 1150 31654 6018 39423 14 12 10 52 18 44 39 13 621 635 45 16 224 2 25 90 2294 2831 1210 1520 1534 202 4 4 15 32 92 32 1650 15 47 8 5 38 58 232 21 5 20 83 306 821 297 146 212 269 15 11 91 269 201 49 61 0 659 89 256 44 103 1805 189 123 248 82 355 6 218 2 82 8 1409 993 2201 524 55 42 33 2 45 139 48 35 74 1167 2540 1083 1077 63 560 325 1487 1348 245 1804 99 173 534 644 1422 2148 8 6 14 4 7 5 14 15 34 24 10 111 164 4 10 6 0 4 531 19 411 333 3 195 4 5 81 82 12 10 13 37 139 4 10 4 21 61 17 3 1 11 0 6 10 10 1 2 48 80 16 199 115 7 20 16 12 11 269 88 41 14 2 41 6 5 53 13 1047 151 49 30 13 528 3 1 9 21 121 10 2 123 672 145 97 22 0 42
1 0 1 2 22 16 0 0 3 1 1 14 4137 8 12 607 148 661 4143 32 1 6 10 125 4 0 139 366 33 1 11 9 66 10 6 1 15 373 584 4 137 124 436 4766 1988 2910 9 31 60 376 3 3 2 4 0 0 27 7 5 0 219 75 180 442 603 1019 19 3 230 36 46 104 382 845 21 103 481 294 1030 5 47 46 5 14 12 0 2 192 188 143 201 60 3 32 269 37 31 6 13 16 0 11 0 0 8 0 0 0 1 0 1 3 5 199 1038 7 0 301 15 1771 69 2304 15 5 4 3 0 41 5 75 8 5 10 10 0 25 9 1 92 51 400 1 243 1 5 42 243 552 155 2506 2 18 16 0 2 28 1 0 1 9 1 1 0 2 4 1 193 141 52 929 5 7 10 5 31 171 3 10 500 50 8 20 398 6 38 11 0 10 18 1 2 78 28 11 0 0 1 0 2 0
2 2 0 7 49 14 2 2 1 1 1 12 8 14429 12545 2455 53 173 37 5 44 38 352 205 15 8 2957 3131 292 11 62 26 22 343 3525 7702 313 47 525 503 1451 54 162 7 5 25 177 29 25 0 3 0 6 60 6 2 224 890 978 416 24 59 71 128 368 0 86 618 252 23 17 10 8 2 744 66 5 1 12 0 8 1 22 30 33 19 17 7 21 2 18 70 7 26 107 160 1 10 35 290 1 0 0 3 4 0 0 3 1 0 1 6 241 31 4 94 24 114 219 41 438 460 206 41 31 12 34 11 2 26 2 2 5 41 3 81 41 22 174 329 15 54 10 2 18 7 11 2 144 36 29 4 1 1 0 1 0 1 0 0 0 2 0 0 2 18 8 12 3 1 11 3 11 22 5 15 0 1 17 4 52 149 25 13 2 108 1 0 3 1 3 2 7 4 7 0 5 4 3 14
1 1 2 1 28 19 0 1 0 1 0 10 12 12545 14614 9868 1274 579 237 1659 38 14 325 199 12 8 1276 2830 89 6 19 13 36 68 528 671 322 59 716 140 1277 127 243 8 5 40 49 30 77 4 4 2 0 16 4 1 64 202 119 78 77 122 79 73 285 1 18 101 307 76 33 16 20 9 252 78 8 3 7 0 15 0 9 7 13 3 6 29 66 6 56 188 6 113 184 124 1 0 12 80 1 1 0 3 5 1 1 6 1 1 0 2 374 76 6 154 22 85 184 37 378 381 168 47 33 16 50 13 11 47 2 0 4 27 5 54 70 48 180 284 12 50 14 0 28 14 8 5 181 49 40 10 4 0 0 2 1 1 0 1 2 0 2 1 5 48 11 20 13 1 11 4 8 35 2 16 2 3 36 4 46 134 44 19 2 193 1 3 2 4 5 10 6 2 11 2 6 3 2 16
4 1 6 12 143 103 1 1 1 0 1 52 607 2455 9868 20192 1227 5505 5576 1317 44 71 540 405 33 17 1172 6097 161 13 71 123 711 905 113 714 3243 1918 3909 95 1443 233 424 158 16 784 85 166 61 3 3 3 10 29 5 3 111 525 339 485 331 274 157 205 545 1 43 171 638 142 111 59 363 24 747 293 15 25 34 0 38 3 22 30 40 10 9 43 100 7 113 185 18 99 380 466 4 11 29 119 4 5 3 2 5 4 1 1 0 1 1 5 328 534 385 208 16 1082 124 1014 416 3564 132 28 15 11 24 23 8 343 14 4 16 43 6 63 80 24 263 214 542 40 117 3 22 36 28 200 564 501 24 17 6 1 0 3 1 1 0 2 1 3 0 3 9 17 48 60 34 23 14 14 22 22 12 79 2 4 89 9 49 137 130 6 16 143 4 0 5 7 6 25 22 17 7 1 6 3 3 10
1 1 1 0 24 23 0 1 0 2 0 18 148 53 1274 1227 3348 1184 2678 2507 34 41 151 91 12 12 49 22 19 4 9 37 200 78 24 274 1748 1332 60 31 610 55 110 43 10 295 19 42 28 2 0 0 0 8 2 0 10 59 19 20 360 36 22 23 18 2 1 16 28 28 28 29 123 118 122 45 13 4 25 0 9 0 3 9 11 1 5 20 48 2 60 75 3 45 81 98 0 2 6 17 3 6 1 4 9 2 1 37 0 0 7 9 953 169 33 315 79 177 554 75 1096 980 427 137 131 48 118 37 18 158 10 3 12 115 18 190 163 124 603 957 34 186 39 4 58 43 14 17 550 76 136 19 9 2 1 6 0 1 0 0 0 5 2 4 9 138 9 59 28 13 30 12 28 127 8 59 1 4 54 3 197 479 272 58 12 659 1 0 3 23 7 9 31 7 69 6 23 10 12 49
6 1 1 2 82 62 3 0 1 1 1 44 661 173 579 5505 1184 14995 8763 407 18 54 204 574 24 8 519 1274 77 8 37 94 601 398 29 122 1175 2121 9024 38 1080 478 863 545 33 1457 43 684 63 3 6 1 3 13 7 3 73 217 81 98 6329 330 261 682 504 25 30 59 964 71 212 60 648 40 381 740 13 48 55 0 37 2 17 22 33 21 7 78 83 15 159 238 6 49 429 287 2 3 36 46 2 33 2 5 25 7 1 1 0 0 1 3 59 1027 1375 52 12 683 55 2184 163 2626 55 8 16 8 7 88 25 470 32 10 31 37 4 57 36 5 267 146 1574 11 611 2 20 50 131 1341 318 2421 12 49 26 5 1 20 0 3 0 1 3 8 0 15 19 10 158 274 93 95 12 14 25 13 35 178 6 6 171 19 36 64 115 17 23 38 1 2 4 2 7 39 40 41 4 0 10 3 3 11
4 4 1 0 32 34 2 0 0 0 4 39 4143 37 237 5576 2678 8763 51850 5203 11 29 91 405 12 5 683 479 29 0 13 51 269 68 30 6 260 4018 351 46 551 249 594 2209 103 4968 30 82 63 20 1 1 2 8 1 0 12 31 10 4 540 122 236 522 404 78 24 12 98 59 79 97 793 1722 36 118 7 38 140 3 31 3 13 10 12 6 3 78 177 24 284 123 6 43 384 69 2 1 24 9 3 30 1 4 27 4 1 12 1 0 5 12 550 1140 1827 374 27 3066 324 3723 1511 12684 474 40 37 28 52 94 28 640 34 14 25 99 4 87 142 56 837 570 1480 57 415 3 43 95 130 1525 2088 2685 55 56 36 3 4 20 0 1 1 5 2 4 1 3 10 44 160 246 93 211 8 10 28 26 41 192 3 6 356 49 161 495 1667 22 41 479 4 3 10 6 2 62 45 44 30 3 7 7 9 16
1 1 3 2 13 10 1 0 0 1 2 13 32 5 1659 1317 2507 407 5203 4543 6 5 28 67 6 7 55 4 2 2 3 13 49 36 9 5 236 353 18 21 176 43 60 8 6 64 18 7 35 0 1 0 0 1 1 0 4 19 1 0 76 22 7 14 5 0 3 2 8 32 13 4 44 34 17 11 3 1 8 0 4 0 0 3 4 0 0 15 21 5 23 48 10 16 70 25 0 0 6 1 1 1 0 1 4 0 0 7 0 1 2 2 438 85 16 138 20 92 160 36 355 548 169 47 38 16 35 23 6 86 1 5 5 31 1 34 71 40 185 225 12 70 19 0 25 14 4 6 225 26 37 5 3 0 0 1 0 1 0 0 1 2 2 1 5 31 4 20 11 3 11 4 10 36 0 5 2 3 11 1 61 150 80 15 4 244 1 0 1 3 4 8 7 5 20 0 5 1 2 24
72 104 114 104 244 395 14 37 2 23 16 621 1 44 38 44 34 18 11 6 8853 7146 1914 97 496 167 67 31 95 56 109 316 373 368 19 21 57 92 23 226 1257 20 78 11 2 11 185 10 5 0 1 3 7 20 10 350 56 347 91 54 29 19 47 49 32 1 34 308 17 6 5 393 221 61 1011 7 74 12 148 0 2 0 169 26 3072 172 106 2 7 0 22 11 4 8 59 327 32 21 1204 126 5 0 4 6 8 8 0 4 5 4 9 7 12 4 2 1 15 7 27 4 43 10 14 14 37 5 4 0 0 6 8 1 8 79 14 122 5 12 113 126 4 4 3 6 25 4 0 0 24 9 16 5 1 2 0 0 0 2 0 0 2 5 0 3 20 10 4 4 2 2 13 8 8 19 1 3 0 0 5 1 75 128 29 8 0 71 0 1 0 1 11 1 0 4 20 1 15 4 1 8
43 62 72 100 250 407 11 12 10 8 41 635 6 38 14 71 41 54 29 5 7146 21296 2717 936 5852 1325 457 65 183 51 95 372 592 639 60 27 106 179 45 2019 916 169 821 26 6 36 599 17 81 2 2 6 16 61 17 66 124 527 144 98 69 126 296 465 95 0 201 583 44 119 26 538 432 147 1720 58 106 41 269 0 16 1 285 136 5140 538 310 7 34 4 73 78 7 54 468 422 37 21 3786 154 5 4 7 7 6 11 1 6 2 1 6 12 42 11 6 13 36 13 72 17 135 34 35 40 66 9 21 3 1 12 16 1 14 169 24 314 7 24 319 336 12 22 15 5 67 9 6 3 61 24 51 1 2 2 0 4 0 4 0 1 9 13 0 4 27 28 8 20 9 1 47 10 28 62 1 17 3 1 22 2 129 329 54 32 7 136 1 0 3 11 20 4 9 7 9 2 33 7 3 29
9 2 9 5 16 27 3 0 2 1 2 45 10 352 325 540 151 204 91 28 1914 2717 7970 6320 558 6930 1359 92 60 6 8 74 331 589 59 123 253 227 77 1784 6026 1283 1294 10 9 62 440 14 266 1 4 0 7 24 8 4 39 225 154 114 82 53 53 148 16 0 63 202 21 77 17 150 252 30 429 61 26 12 81 0 14 1 38 50 316 49 41 28 47 8 75 273 7 125 351 58 9 2 256 37 2 2 2 0 0 0 0 0 0 2 5 6 64 9 4 25 23 15 78 16 171 79 70 27 28 2 7 2 1 11 8 0 2 35 6 68 9 17 133 209 3 14 8 1 21 6 5 1 55 18 26 9 4 0 1 2 0 2 0 0 0 2 0 1 1 13 7 9 8 2 4 2 15 30 6 9 1 2 23 0 34 100 22 8 1 63 0 0 4 4 3 7 6 0 8 0 8 3 0 9
11 5 7 5 13 17 1 4 1 1 1 16 125 205 199 405 91 574 405 67 97 936 6320 6916 755 2998 4469 274 154 7 16 11 23 112 869 62 59 38 77 4843 1692 4123 1732 27 15 394 2424 11 211 0 8 2 16 112 13 7 138 133 378 49 248 56 75 324 102 1 339 278 20 86 17 26 47 23 89 25 11 17 27 1 18 1 98 172 232 163 83 14 32 0 98 238 13 73 381 24 0 0 445 25 0 4 0 2 1 0 0 0 2 0 1 2 43 27 27 22 6 46 67 122 137 207 88 9 14 4 5 6 1 14 1 0 3 36 3 57 6 10 100 134 44 6 26 3 14 3 13 17 52 117 13 2 2 2 0 5 0 0 0 1 2 0 1 2 2 6 21 17 5 9 1 0 4 10 5 20 2 1 33 1 27 78 24 2 4 24 0 1 3 4 4 4 4 2 1 0 6 2 1 7
42 44 50 41 109 136 10 15 2 8 6 224 4 15 12 33 12 24 12 6 496 5852 558 755 7883 303 420 90 582 24 91 92 173 174 23 5 45 46 32 4871 444 60 464 6 4 31 2872 5 18 2 4 8 61 364 44 37 758 174 30 31 40 92 273 410 135 0 1568 633 36 44 10 198 182 108 751 32 41 7 143 1 13 0 514 772 2064 1216 3263 5 4 2 45 31 9 21 289 129 11 9 4623 741 0 3 3 2 4 0 0 3 2 0 2 6 9 7 2 4 17 12 25 7 39 23 18 25 37 3 3 1 0 4 6 1 10 86 6 173 2 9 138 147 11 10 5 6 39 4 6 1 21 10 19 5 3 0 0 0 1 3 1 3 3 5 1 2 21 2 6 7 11 1 20 7 8 34 1 10 1 2 11 2 67 139 25 21 1 58 0 0 2 4 18 5 1 1 7 2 17 3 2 10
2 2 2 2 3 5 2 2 0 2 0 2 0 8 8 17 12 8 5 7 167 1325 6930 2998 303 4118 368 5 12 1 0 5 29 20 10 6 40 32 4 2120 796 35 169 1 0 5 117 1 6 0 1 0 6 13 4 1 8 6 10 1 6 11 12 37 3 0 32 9 1 8 5 14 37 10 7 6 3 6 19 0 1 0 20 29 71 29 6 2 2 1 12 14 0 5 47 4 1 1 106 2 0 0 0 1 0 0 0 1 0 1 0 0 45 6 0 15 8 6 69 2 115 56 49 12 14 2 6 1 0 7 0 0 1 15 2 28 9 9 92 132 1 11 2 0 7 0 1 0 40 5 13 0 0 1 0 0 0 0 0 0 0 0 0 0 2 11 1 1 2 1 4 0 4 12 0 3 0 0 1 0 29 62 13 2 0 24 0 0 1 0 1 0 1 1 0 0 3 0 0 3
18 11 8 7 22 19 3 6 0 2 2 25 139 2957 1276 1172 49 519 683 55 67 457 1359 4469 420 368 17870 6578 531 13 47 11 41 310 6256 364 162 44 109 4467 803 186 1183 30 6 139 1798 9 40 1 2 8 30 203 22 10 423 402 705 187 109 73 234 1044 1218 0 687 482 40 31 11 18 30 25 267 20 9 47 20 0 5 0 166 322 221 173 87 6 14 3 41 81 5 37 299 50 1 9 567 107 0 1 0 0 6 0 0 0 0 0 1 2 103 57 62 39 15 304 93 306 249 969 124 28 20 4 10 11 1 33 1 2 5 26 4 51 13 10 151 190 110 14 33 0 14 7 8 32 114 181 9 7 7 0 0 1 1 0 0 0 0 0 0 2 4 12 15 24 6 4 10 1 5 12 1 16 1 1 24 2 37 108 24 7 3 44 1 1 0 1 6 7 5 0 0 1 2 1 1 6
24 10 15 26 206 119 9 5 0 2 3 90 366 3131 2830 6097 22 1274 479 4 31 65 92 274 90 5 6578 15757 1447 60 296 56 48 362 697 364 204 56 3497 62 326 71 229 81 6 222 313 41 15 3 1 7 38 284 42 11 1293 1034 541 286 121 103 273 982 1988 1 730 777 270 15 21 22 26 11 1047 66 17 136 12 1 14 0 162 253 159 102 89 7 10 1 35 48 2 8 96 448 0 56 331 973 3 8 0 1 16 1 0 1 2 0 0 2 55 342 308 28 8 380 49 1448 101 1159 53 12 16 7 8 39 7 135 9 10 14 25 4 45 9 9 90 100 812 6 189 1 16 20 27 269 98 1004 8 12 6 2 1 2 0 0 0 2 0 6 0 1 9 10 57 69 27 20 7 5 12 9 6 54 4 2 52 2 18 41 29 3 5 22 0 1 3 0 4 9 10 16 5 0 3 2 1 4
10163 1188 894 1384 4035 1583 2809 883 196 494 210 2294 33 292 89 161 19 77 29 2 95 183 60 154 582 12 531 1447 37530 16703 9031 377 375 158 103 37 57 36 842 217 338 28 248 9 14 96 204 177 15 1 11 26 880 5748 464 33 7674 231 39 12 167 681 1239 500 1079 0 3653 681 1147 145 89 1136 91 75 2106 170 396 5 229 2 42 1 801 1253 451 183 1314 19 16 4 101 62 18 33 401 2122 220 6221 896 2746 61 47 102 97 31 122 5 15 35 27 94 148 4 14 15 2 1 12 3 34 7 37 6 47 73 3 5 8 0 6 121 5 75 184 1 95 2 1 36 28 31 3 47 16 71 6 45 5 10 152 7 7 6 3 0 6 5 7 0 4 25 29 3 45 54 2 42 44 11 9 98 36 16 2 5 62 7 1 99 7 357 62 15 13 14 223 0 1 4 8 53 12 6 27 78 8 48 10 0 25
5258 3497 395 2781 5474 2059 988 459 207 369 66 2831 1 11 6 13 4 8 0 2 56 51 6 7 24 1 13 60 16703 12969 7300 55 53 14 3 2 6 2 62 6 533 6 17 2 2 5 13 27 14 5 25 38 337 1153 230 90 2534 16 2 3 8 48 64 20 42 0 321 23 66 16 17 103 7 9 75 18 32 0 11 0 45 5 939 593 747 112 31 21 11 0 8 75 34 27 44 149 62 1709 124 102 17 14 59 37 8 64 6 7 22 22 53 67 0 1 6 0 1 1 1 2 0 4 0 4 7 0 0 0 0 0 22 1 20 15 0 8 0 1 3 2 0 0 4 4 1 1 7 2 0 15 0 2 0 0 1 0 3 1 1 0 4 5 1 9 3 0 4 2 0 2 12 5 1 0 0 3 1 1 7 0 39 8 0 1 2 24 0 1 5 0 8 0 1 5 22 2 2 0 0 1
533 658 99 2189 5299 1590 234 78 30 43 25 1210 11 62 19 71 9 37 13 3 109 95 8 16 91 0 47 296 9031 7300 6208 175 142 55 15 16 22 34 204 30 526 10 27 0 3 31 25 192 11 2 12 31 182 892 150 57 7639 38 8 4 61 247 247 57 178 0 860 131 336 39 81 136 18 2 443 66 28 2 21 1 32 2 718 648 908 249 274 24 17 2 31 67 17 17 63 1030 25 783 725 3351 10 9 23 22 2 25 1 5 10 8 19 30 0 5 7 4 1 4 0 8 7 7 0 4 6 1 0 7 0 2 15 0 10 16 0 13 0 0 3 7 8 0 12 2 9 4 21 5 3 47 3 2 2 1 0 7 3 0 0 0 1 3 0 8 0 0 11 7 8 7 10 3 3 1 6 21 0 1 32 5 30 15 3 2 5 15 1 2 3 0 3 3 1 6 10 4 6 0 1 2
70 42 43 67 1053 5304 15 25 7 14 18 1520 9 26 13 123 37 94 51 13 316 372 74 11 92 5 11 56 377 55 175 11877 7007 1118 3 4 46 79 140 18 540 10 20 4 1 28 32 235 11 3 9 18 44 128 41 29 75 4539 24 57 147 216 146 33 48 1 111 46 224 32 95 1467 283 29 1868 75 81 2 224 0 35 2 338 223 481 84 18 27 32 1 38 41 10 13 45 7004 72 23 265 61 26 12 41 30 13 51 2 1 18 15 36 65 1 4 15 2 5 4 5 18 18 11 5 20 40 2 3 5 1 4 46 4 21 106 3 77 0 4 49 40 12 3 12 9 29 3 11 3 5 48 19 0 3 5 0 1 1 3 1 0 6 26 0 22 29 0 14 17 11 5 42 24 8 10 4 23 4 1 58 8 134 58 16 6 14 88 1 1 3 4 24 6 1 10 46 4 11 2 2 7
59 64 79 75 561 1443 22 26 16 17 32 1534 66 22 36 711 200 601 269 49 373 592 331 23 173 29 41 48 375 53 142 7007 10554 2927 20 9 733 2257 106 126 721 15 72 116 9 216 228 128 13 4 6 24 84 186 67 36 78 1698 61 53 768 61 97 53 36 7 126 134 94 17 58 4691 2076 217 2036 109 268 24 637 1 40 1 407 259 492 121 43 36 64 4 132 58 18 17 114 2705 134 16 264 89 44 22 55 67 33 62 2 15 14 10 37 100 59 20 25 22 41 41 53 47 172 116 52 109 167 15 37 11 1 14 116 6 79 436 28 474 8 31 342 324 33 37 26 27 111 15 28 17 110 129 78 10 8 11 0 10 12 9 1 5 26 40 3 42 168 34 36 50 28 21 155 65 70 113 8 72 11 4 104 18 516 488 111 82 13 457 1 3 13 20 96 10 21 35 92 12 82 24 11 81
15 12 16 15 127 160 4 5 1 0 0 202 10 343 68 905 78 398 68 36 368 639 589 112 174 20 310 362 158 14 55 1118 2927 5096 1246 785 1276 2368 286 408 892 12 79 6 2 33 1079 34 8 0 3 5 21 72 23 13 71 3330 3995 1887 363 25 59 76 166 0 65 857 59 8 16 799 182 138 3503 45 102 25 133 1 8 1 156 116 283 63 51 8 19 0 41 27 13 10 54 921 16 7 210 93 11 10 16 13 8 16 3 16 5 1 10 18 46 15 5 9 67 26 58 26 91 52 20 90 130 5 22 5 1 16 38 3 43 390 44 524 9 26 376 390 16 32 21 21 105 15 5 2 75 43 86 12 4 6 2 6 8 9 1 5 16 29 4 13 96 39 15 21 10 4 107 33 61 112 7 29 4 1 34 10 309 505 59 64 5 266 2 2 2 23 60 6 9 23 24 10 66 6 7 53
1 2 1 0 6 2 1 1 0 0 1 4 6 3525 528 113 24 29 30 9 19 60 59 869 23 10 6256 697 103 3 15 3 20 1246 3941 4313 761 127 45 2366 86 25 484 6 2 21 463 2 6 0 0 0 3 32 5 2 101 628 2230 981 13 17 68 261 244 0 104 889 19 5 3 8 20 15 263 4 5 10 15 0 1 0 16 40 33 22 10 2 3 3 10 13 0 6 142 17 1 2 65 86 2 0 0 1 2 1 0 1 0 0 1 2 145 27 7 60 16 80 119 26 254 330 108 44 36 6 13 5 4 25 2 2 3 46 3 91 13 21 168 256 7 16 7 0 26 5 2 1 104 28 30 4 3 0 0 3 1 0 0 0 1 0 2 0 5 22 6 13 2 2 8 6 13 12 3 6 1 0 3 0 36 113 24 14 3 66 0 0 0 4 2 2 2 2 5 2 8 2 2 21
2 0 0 1 13 4 0 0 0 0 0 4 1 7702 671 714 274 122 6 5 21 27 123 62 5 6 364 364 37 2 16 4 9 785 4313 4019 621 51 151 964 497 10 37 5 0 7 161 5 2 0 0 0 0 6 0 1 38 316 5881 1201 13 10 14 31 79 0 9 702 36 1 5 3 10 5 206 6 1 6 12 0 1 0 0 5 6 5 3 3 3 2 1 9 0 4 22 33 0 1 6 35 1 0 0 1 2 0 0 1 0 0 0 1 54 6 0 19 15 18 53 5 86 49 25 18 22 2 8 4 1 5 2 1 6 22 4 51 10 18 82 135 8 9 2 0 14 3 2 2 38 13 21 6 0 0 0 0 0 1 0 0 1 0 0 1 3 16 2 4 6 0 7 1 8 25 0 4 0 0 6 1 17 65 14 16 1 31 1 0 0 5 3 4 3 3 5 0 7 3 0 8
0 0 0 2 58 41 1 1 0 1 0 15 15 313 322 3243 1748 1175 260 236 57 106 253 59 45 40 162 204 57 6 22 46 733 1276 761 621 6304 1565 368 238 678 14 45 29 1 94 269 22 8 1 0 0 0 9 1 1 35 404 2153 812 695 17 26 53 73 0 4 308 38 3 16 18 96 48 405 40 17 26 37 0 8 0 7 8 37 17 9 3 17 1 43 14 2 8 42 186 3 1 27 39 3 3 4 1 7 4 1 10 2 0 3 6 189 35 6 53 57 25 171 21 248 126 104 72 104 9 39 12 6 37 8 2 17 114 31 280 54 53 420 492 20 76 29 5 71 14 6 5 132 38 89 7 14 0 0 4 0 0 0 0 3 3 1 2 21 53 13 31 16 3 33 18 42 125 4 22 1 1 27 4 117 303 62 53 8 261 1 0 0 17 25 10 10 8 20 3 40 5 9 55
3 4 6 2 54 54 0 1 0 0 1 32 373 47 59 1918 1332 2121 4018 353 92 179 227 38 46 32 44 56 36 2 34 79 2257 2368 127 51 1565 2538 214 99 449 24 139 340 28 779 191 111 30 12 1 4 5 15 6 8 17 212 236 119 1813 75 120 84 47 13 21 83 69 19 78 45 304 342 312 159 29 30 79 0 24 0 20 14 54 11 14 66 120 11 322 26 2 14 163 223 4 3 35 36 3 7 5 7 13 3 2 18 2 1 6 11 293 69 86 104 75 181 278 155 653 952 222 103 121 20 55 25 8 62 14 2 23 261 45 374 60 61 714 820 63 75 57 6 112 40 68 42 463 310 84 16 5 2 0 20 2 0 2 7 5 8 0 3 27 58 56 79 45 47 50 13 43 115 15 128 6 4 232 31 243 698 348 60 21 466 3 2 1 17 20 22 26 13 38 4 31 13 3 61
12 8 7 18 359 193 5 6 3 2 5 92 584 525 716 3909 60 9024 351 18 23 45 77 77 32 4 109 3497 842 62 204 140 106 286 45 151 368 214 13125 31 352 149 217 80 55 925 80 713 24 10 0 7 27 111 13 8 640 626 148 169 11867 350 456 319 1409 2 239 250 1872 39 208 45 58 14 1045 1254 52 68 37 2 24 2 89 102 97 45 28 62 66 5 181 51 6 16 138 863 12 30 104 537 1 17 1 2 10 2 0 1 0 1 0 5 25 441 856 24 7 188 31 1623 68 770 36 17 10 0 5 155 7 198 30 7 20 36 3 62 12 1 186 139 1091 7 882 2 28 69 275 474 111 2888 21 27 25 1 1 11 0 2 0 1 4 4 0 3 22 2 414 424 81 68 16 11 19 18 30 396 5 14 492 17 34 43 23 23 28 27 0 5 2 6 4 28 28 24 8 0 5 0 4 7
10 5 5 9 17 21 5 2 3 4 1 32 4 503 140 95 31 38 46 21 226 2019 1784 4843 4871 2120 4467 62 217 6 30 18 126 408 2366 964 238 99 31 11218 733 153 1068 12 4 34 7379 4 27 2 1 2 17 144 12 7 191 259 942 179 21 29 79 249 56 0 455 380 16 34 7 68 151 61 178 10 24 29 95 1 4 1 126 264 358 185 156 1 6 3 38 27 6 22 217 29 4 3 682 48 0 3 1 3 3 3 1 2 1 0 3 8 197 41 3 60 50 53 212 20 381 254 178 77 69 20 33 16 0 30 3 1 2 112 21 230 30 47 353 495 13 43 15 5 39 8 4 4 134 19 52 3 2 1 0 0 0 0 0 0 3 6 0 1 14 45 13 13 10 2 21 8 26 50 3 18 3 2 10 2 96 286 45 20 2 117 0 1 2 10 12 4 8 3 7 0 25 4 6 28
1135 993 907 618 697 1053 107 378 30 184 129 1650 137 1451 1277 1443 610 1080 551 176 1257 916 6026 1692 444 796 803 326 338 533 526 540 721 892 86 497 678 449 352 733 7436 4221 1329 142 117 631 323 165 2431 146 295 362 59 81 2420 2296 210 527 295 203 589 263 175 252 137 1 152 492 144 414 299 943 409 117 1352 533 406 25 367 16 716 122 1935 185 1820 173 169 810 1088 171 1039 3316 449 1341 2036 608 154 71 477 299 18 29 71 48 24 70 5 6 16 10 44 93 13 17 26 14 18 37 36 70 49 117 21 37 79 2 8 8 0 14 87 4 54 230 8 200 3 9 130 145 23 9 50 19 44 22 46 12 31 185 24 45 69 2 1 38 19 10 13 59 18 28 0 29 84 8 43 46 44 31 82 32 26 25 16 89 21 45 189 22 273 178 36 22 19 179 32 34 205 7 44 129 40 25 53 7 39 8 4 22
9 4 5 1 15 10 4 4 0 3 0 15 124 54 127 233 55 478 249 43 20 169 1283 4123 60 35 186 71 28 6 10 10 15 12 25 10 14 24 149 153 4221 6606 3930 53 71 797 144 23 2522 7 23 1 0 11 11 8 9 17 17 2 651 42 28 75 88 2 27 16 74 108 25 20 46 8 25 166 31 12 21 0 33 1 38 23 26 7 4 53 138 26 673 1624 34 298 698 31 6 0 47 8 0 2 0 0 1 1 0 0 0 0 0 1 3 11 43 4 0 11 5 54 23 53 12 2 2 0 2 14 0 5 1 2 0 6 0 3 1 1 23 20 34 2 58 0 1 9 57 12 12 208 1 10 20 0 0 2 1 0 0 3 0 0 0 0 0 1 73 52 15 26 3 1 2 1 13 100 0 3 153 13 6 7 1 1 12 4 0 1 6 2 0 26 6 0 0 0 0 0 0 1
16 8 4 9 37 37 2 5 2 1 1 47 436 162 243 424 110 863 594 60 78 821 1294 1732 464 169 1183 229 248 17 27 20 72 79 484 37 45 139 217 1068 1329 3930 6809 203 343 2146 1305 45 2572 6 15 4 17 123 31 7 154 123 202 37 1270 128 132 3598 352 2 363 202 273 179 56 65 146 26 103 555 112 25 109 1 48 4 138 223 209 156 69 93 179 92 2865 673 41 345 1735 68 18 4 459 30 0 2 0 1 4 1 0 0 0 0 1 0 33 35 141 21 7 47 52 194 89 220 46 13 12 4 5 46 1 14 9 4 4 23 3 55 4 11 94 108 135 7 228 2 6 43 248 30 47 883 4 32 26 2 1 24 0 0 0 1 1 3 0 4 3 7 265 206 79 78 7 4 6 12 21 484 3 13 674 54 28 53 24 10 56 29 2 5 14 5 6 30 25 5 0 0 1 0 1 5
2 0 0 1 7 5 0 1 0 2 0 8 4766 7 8 158 43 545 2209 8 11 26 10 27 6 1 30 81 9 2 0 4 116 6 6 5 29 340 80 12 142 53 203 8282 1355 1417 24 144 109 405 10 71 1 3 1 0 3 2 8 1 327 138 190 94 123 218 4 4 122 49 251 185 1513 2241 7 149 440 1232 3877 37 144 137 3 3 7 3 0 498 506 237 466 70 4 16 309 5 4 1 6 4 7 6 2 3 6 0 0 6 3 0 0 11 120 81 245 62 22 388 153 456 675 2187 215 47 52 10 18 17 3 33 9 6 14 117 10 113 23 31 535 400 126 34 83 7 30 49 185 116 667 703 30 36 30 1 0 69 11 2 6 17 1 5 5 5 8 23 137 113 69 251 9 12 15 37 76 240 5 16 749 118 157 572 1058 21 92 331 2 38 32 3 8 174 58 5 26 4 15 9 0 21
8 0 1 2 12 12 0 1 34 3 4 5 1988 5 5 16 10 33 103 6 2 6 9 15 4 0 6 6 14 2 3 1 9 2 2 0 1 28 55 4 117 71 343 1355 4753 1508 5 239 107 2710 15 161 12 4 3 0 14 0 2 1 75 438 510 33 123 1392 5 2 700 123 118 138 65 379 9 253 2235 887 1192 125 193 897 3 4 3 6 2 1251 626 1284 1233 87 12 38 681 20 396 38 9 3 0 4 2 5 3 1 0 0 3 1 3 5 5 5 164 3 1 12 6 91 34 71 5 4 0 1 2 43 0 10 12 5 9 11 0 9 2 1 47 25 31 1 90 3 5 154 868 41 84 1699 1 96 89 4 6 196 29 3 23 34 3 6 0 6 1 0 315 355 220 1844 9 8 8 2 165 698 27 32 3249 418 16 25 10 3 245 40 14 70 75 1 1 413 135 7 3 0 2 0 1 0
4 5 5 4 35 38 2 3 1 1 0 38 2910 25 40 784 295 1457 4968 64 11 36 62 394 31 5 139 222 96 5 31 28 216 33 21 7 94 779 925 34 631 797 2146 1417 1508 6080 51 187 174 25 6 4 3 18 8 3 97 16 14 2 852 336 703 1303 947 424 66 19 539 178 122 89 557 174 31 542 40 7 179 1 42 4 27 31 33 21 5 113 306 39 1970 281 12 116 1053 75 10 9 63 35 1 17 1 0 21 5 0 0 0 1 3 6 24 397 2589 33 6 182 37 1874 139 1486 28 8 4 15 1 316 12 284 33 22 26 37 6 59 12 4 331 159 919 8 1432 6 13 149 1175 1230 284 6959 7 76 36 6 7 52 2 2 1 0 1 3 0 3 25 4 868 937 215 1161 16 21 40 16 71 987 9 11 1863 71 22 52 163 27 85 27 2 9 23 6 3 78 94 50 1 0 1 2 4 4
8 8 16 24 26 27 0 7 0 4 2 58 9 177 49 85 19 43 30 18 185 599 440 2424 2872 117 1798 313 204 13 25 32 228 1079 463 161 269 191 80 7379 323 144 1305 24 5 51 7967 2 39 2 1 2 24 115 25 12 232 1617 1636 820 41 25 173 398 193 0 491 1856 34 22 4 112 257 136 790 11 42 37 152 0 4 2 132 222 328 216 1271 4 3 2 29 31 5 35 387 27 6 5 682 60 4 4 7 6 4 1 0 1 4 1 2 11 67 18 4 20 63 34 120 29 225 78 73 94 82 8 28 9 1 16 10 2 15 249 28 485 8 37 433 539 17 32 14 8 74 3 3 3 96 27 60 6 4 2 0 1 4 3 0 2 13 10 0 8 32 39 12 26 9 1 69 14 41 90 1 18 2 2 15 2 158 458 58 50 5 131 1 1 2 11 39 1 7 10 6 3 37 9 4 37
6 3 1 26 728 477 4 2 4 2 7 232 31 29 30 166 42 684 82 7 10 17 14 11 5 1 9 41 177 27 192 235 128 34 2 5 22 111 713 4 165 23 45 144 239 187 2 25679 100 372 8 14 4 23 8 1 85 46 4 8 935 7392 738 36 484 11 34 14 2874 104 2986 94 195 17 119 8761 95 7 140 1 292 42 27 32 23 6 6 2500 3984 298 1578 96 17 24 289 818 15 16 15 88 1 6 1 1 4 1 0 5 0 0 0 1 7 3 10 6 3 21 13 38 21 40 6 3 3 5 5 9 2 6 34 11 9 12 4 4 2 0 30 12 23 5 29 5 13 269 202 10 77 196 5 687 1084 11 19 812 12 5 7 65 4 5 0 12 4 1 117 234 861 95 14 23 6 5 943 529 55 296 2465 660 25 44 34 12 1051 147 83 226 778 4 5 2992 524 9 21 2 5 2 1 4
31 13 20 9 21 21 7 15 1 2 2 21 60 25 77 61 28 63 63 35 5 81 266 211 18 6 40 15 15 14 11 11 13 8 6 2 8 30 24 27 2431 2522 2572 109 107 174 39 100 7201 60 47 6 1 3 33 15 13 9 6 0 114 107 43 45 18 5 14 7 53 249 61 27 37 4 12 546 49 14 81 0 95 7 66 27 21 9 2 183 737 148 877 3988 102 3824 5565 12 8 3 21 3 0 0 0 0 1 0 0 1 0 0 0 2 1 2 1 3 0 5 8 11 7 17 4 1 3 1 1 0 0 2 2 1 0 5 0 5 1 0 9 5 4 0 15 0 1 11 28 1 4 66 0 16 16 1 0 18 0 1 2 3 0 1 0 1 3 1 33 27 23 19 0 1 2 0 22 58 3 5 181 38 7 9 2 0 31 7 0 13 21 1 0 65 14 0 2 0 1 1 0 1
5 1 1 1 4 2 2 4 51 0 2 5 376 0 4 3 2 3 20 0 0 2 1 0 2 0 1 3 1 5 2 3 4 0 0 0 1 12 10 2 146 7 6 405 2710 25 2 372 60 7799 166 1095 7 3 7 2 0 1 1 0 10 590 51 2 11 978 1 1 36 94 201 70 20 843 4 106 1175 252 394 1081 433 5061 9 1 0 1 0 4615 2612 6595 577 95 28 32 133 3 346 31 1 2 0 3 4 1 3 5 0 1 2 1 3 7 1 1 6 4 0 8 2 9 2 14 0 1 0 0 1 2 1 1 19 2 0 3 0 5 1 0 6 3 12 5 5 5 8 92 89 4 22 65 1 211 431 2 7 382 137 10 86 154 9 5 0 8 1 0 31 83 296 281 8 8 2 0 351 122 43 129 1290 220 15 14 10 1 361 55 50 494 419 2 1 1889 249 5 6 3 2 0 0 0
41 23 17 7 19 18 11 18 18 7 0 20 3 3 4 3 0 6 1 1 1 2 4 8 4 1 2 1 11 25 12 9 6 3 0 0 0 1 0 1 295 23 15 10 15 6 1 8 47 166 12963 17473 14 11 155 31 2 3 1 0 6 19 6 4 2 23 9 2 4 239 14 27 2 184 15 16 191 14 34 531 2164 325 208 32 12 7 2 209 40 14 28 4528 6828 528 134 7 45 13 7 2 0 0 1 1 0 2 1 0 1 1 4 1 0 0 2 0 0 1 2 2 0 1 1 0 2 1 0 0 0 0 3 0 2 2 0 0 0 0 0 1 0 0 0 6 2 0 1 0 0 3 0 43 27 0 1 6 795 49 520 848 15 1 0 1 1 0 1 0 4 11 3 2 2 1 0 1 185 88 40 3 2 2 11 0 1 24 103 30 469 0 8 60 48 1 10 2 0 0 0 0
114 52 59 22 28 28 39 54 43 11 5 83 3 0 2 3 0 1 1 0 3 6 0 2 8 0 8 7 26 38 31 18 24 5 0 0 0 4 7 2 362 1 4 71 161 4 2 14 6 1095 17473 23786 45 29 730 53 15 14 0 1 3 51 6 10 3 110 19 7 10 206 59 102 18 805 48 6 857 71 158 8028 7858 2828 619 85 67 13 5 3284 277 208 57 3227 3038 75 27 23 311 39 28 12 7 2 6 10 0 6 4 19 1 5 6 9 0 0 0 1 0 3 1 0 3 4 0 7 3 0 1 2 2 2 5 1 4 15 0 11 2 1 5 4 0 5 0 19 8 12 15 0 18 4 2 220 129 8 4 50 3927 350 4347 2739 108 0 0 3 7 0 1 3 22 119 13 4 7 0 4 2 724 352 224 14 36 27 128 2 5 257 1085 291 2589 0 67 367 235 3 76 10 2 1 0 1
694 138 144 84 137 113 651 250 266 276 65 306 2 6 0 10 0 3 2 0 7 16 7 16 61 6 30 38 880 337 182 44 84 21 3 0 0 5 27 17 59 0 17 1 12 3 24 4 1 7 14 45 6126 8488 7372 6 84 50 3 1 8 31 45 33 36 1 129 41 29 6 9 187 16 36 194 6 141 3 65 7 17 8 1184 721 58 45 74 10 0 1 3 26 10 2 19 85 442 4743 129 91 2 3 17 17 10 19 1 3 7 4 19 29 0 0 1 0 0 3 0 0 2 1 1 6 13 0 2 0 0 0 11 2 11 42 1 25 0 0 9 9 1 1 0 3 13 0 2 0 4 4 0 0 0 1 0 1 0 1 1 0 9 8 0 10 17 1 2 3 0 0 13 3 5 3 1 1 0 2 3 0 66 16 2 1 1 37 0 0 1 3 14 0 0 5 7 3 8 0 0 3
1728 409 433 301 490 419 1401 599 164 356 93 821 4 60 16 29 8 13 8 1 20 61 24 112 364 13 203 284 5748 1153 892 128 186 72 32 6 9 15 111 144 81 11 123 3 4 18 115 23 3 3 11 29 8488 12000 1931 7 822 141 10 4 31 119 355 223 273 1 3741 250 211 34 17 526 51 64 753 39 208 1 155 4 21 2 2417 3381 152 136 509 6 9 3 37 35 18 16 152 368 138 2435 567 572 16 13 29 48 11 38 5 7 16 7 29 42 3 0 4 0 1 1 2 5 0 8 0 21 40 0 0 3 0 1 52 1 35 101 2 61 0 0 28 15 12 3 5 12 29 2 2 1 4 30 7 3 1 0 0 1 4 3 1 2 12 15 2 14 36 0 8 8 5 1 49 22 9 5 0 10 0 1 18 3 187 36 13 5 3 121 0 0 1 6 23 1 1 15 23 3 17 4 0 9
540 139 167 71 115 116 437 222 150 178 43 297 0 6 4 5 2 7 1 1 10 17 8 13 44 4 22 42 464 230 150 41 67 23 5 0 1 6 13 12 2420 11 31 1 3 8 25 8 33 7 155 730 7372 1931 20273 607 68 64 3 6 12 21 47 24 33 3 94 47 23 29 13 199 33 32 204 16 107 2 80 33 184 15 3552 354 102 58 57 36 11 3 12 1019 155 56 48 77 197 2907 104 72 6 7 12 12 4 15 1 4 2 9 21 24 0 0 1 0 3 5 1 3 2 1 0 13 15 0 0 0 0 3 22 0 17 52 3 27 0 1 3 2 1 1 0 2 17 0 1 0 2 6 3 0 3 0 0 0 18 4 16 20 8 8 0 8 21 1 0 1 1 0 14 6 2 1 0 1 3 5 6 1 79 11 4 1 1 52 3 3 18 0 13 7 1 4 17 1 9 3 0 8
185 114 96 61 66 85 29 81 5 30 15 146 0 2 1 3 0 3 0 0 350 66 4 7 37 1 10 11 33 90 57 29 36 13 2 1 1 8 8 7 2296 8 7 0 0 3 12 1 15 2 31 53 6 7 607 2007 14 21 6 2 3 9 14 11 13 1 16 18 4 14 8 97 11 14 80 3 46 0 35 3 34 6 3303 40 984 46 9 20 17 1 9 221 30 25 38 43 18 10 88 21 5 2 9 6 1 7 0 2 0 2 3 7 0 0 0 1 0 0 1 0 1 1 0 5 8 0 2 1 0 1 9 0 3 16 1 20 0 0 4 4 0 1 1 1 8 0 1 0 1 5 0 1 0 0 0 0 0 0 2 3 4 6 0 4 8 0 1 0 0 1 7 3 2 0 1 2 1 1 1 0 30 8 4 2 0 20 1 0 8 0 3 1 0 4 7 0 4 0 1 5
111 84 77 117 1012 170 23 22 6 14 6 212 27 224 64 111 10 73 12 4 56 124 39 138 758 8 423 1293 7674 2534 7639 75 78 71 101 38 35 17 640 191 210 9 154 3 14 97 232 85 13 0 2 15 84 822 68 14 4648 50 27 11 98 383 782 417 990 0 3010 951 676 63 52 100 27 20 2355 103 17 0 21 0 16 0 350 782 410 274 2265 5 6 1 68 22 7 14 262 1818 14 103 3034 5608 0 0 6 2 1 4 0 1 1 0 3 3 3 6 8 2 1 3 0 20 4 18 5 5 6 0 1 5 0 2 2 0 5 10 0 10 0 0 14 9 13 1 21 0 6 0 21 1 3 84 2 2 4 0 0 2 0 1 0 0 0 1 0 4 1 1 31 21 7 3 5 1 0 2 3 43 0 0 69 4 25 15 0 0 8 15 0 0 1 1 4 5 2 1 3 2 2 1 0 1
21 18 29 21 75 133 2 4 1 5 3 269 7 890 202 525 59 217 31 19 347 527 225 133 174 6 402 1034 231 16 38 4539 1698 3330 628 316 404 212 626 259 527 17 123 2 0 16 1617 46 9 1 3 14 50 141 64 21 50 5405 2894 3722 159 53 111 165 338 0 119 3230 205 8 22 501 178 62 3981 65 43 3 99 0 12 0 292 198 292 70 208 12 12 1 18 29 7 7 82 1337 8 4 234 46 3 8 7 3 4 9 1 1 2 1 1 12 2 7 16 2 18 11 17 36 26 36 4 19 35 0 5 4 0 8 15 1 14 148 11 167 0 7 123 100 20 5 9 15 27 2 5 3 17 32 7 2 0 2 0 0 2 3 0 2 9 9 1 9 36 5 6 4 3 0 47 16 20 14 2 9 6 2 20 1 118 174 21 19 4 52 1 0 1 4 33 4 2 8 8 2 27 2 0 10
1 3 2 1 13 10 0 1 0 0 0 15 5 978 119 339 19 81 10 1 91 144 154 378 30 10 705 541 39 2 8 24 61 3995 2230 5881 2153 236 148 942 295 17 202 8 2 14 1636 4 6 1 1 0 3 10 3 6 27 2894 9832 4330 14 5 47 123 179 0 24 3083 44 6 6 24 69 47 681 17 22 18 41 0 2 1 11 9 62 12 11 1 2 0 8 7 2 6 93 33 3 0 49 29 3 1 3 7 3 2 0 1 2 0 1 3 22 14 3 14 19 8 62 12 112 52 41 37 52 3 9 6 2 7 3 4 6 106 21 232 6 17 241 300 6 11 6 6 48 1 2 1 56 13 40 1 4 0 1 0 2 3 0 2 1 4 0 3 20 22 5 5 1 1 24 6 19 44 2 9 1 0 5 2 81 200 25 28 2 56 0 1 2 7 21 0 0 2 2 2 22 5 2 24
2 3 4 1 10 12 0 0 1 0 0 11 0 416 78 485 20 98 4 0 54 98 114 49 31 1 187 286 12 3 4 57 53 1887 981 1201 812 119 169 179 203 2 37 1 1 2 820 8 0 0 0 1 1 4 6 2 11 3722 4330 2414 21 7 17 39 89 0 8 834 38 1 0 17 15 20 1215 10 15 6 28 0 1 0 20 18 50 5 12 1 3 1 2 4 2 2 26 38 0 0 30 17 1 3 0 2 0 1 0 0 0 0 1 0 10 3 3 5 4 9 20 13 34 19 8 9 20 2 3 1 0 7 4 0 5 64 4 99 4 8 58 69 7 5 5 3 16 1 1 1 6 7 11 2 0 0 0 0 1 0 0 0 2 1 0 0 19 11 2 6 3 0 13 5 9 22 1 4 0 1 2 1 41 84 2 14 0 26 0 0 0 4 9 1 2 2 7 0 7 0 0 12
6 4 3 8 146 129 4 2 3 2 3 91 219 24 77 331 360 6329 540 76 29 69 82 248 40 6 109 121 167 8 61 147 768 363 13 13 695 1813 11867 21 589 651 1270 327 75 852 41 935 114 10 6 3 8 31 12 3 98 159 14 21 15026 508 1331 1381 795 8 87 26 3253 178 291 157 781 13 233 6788 65 11 78 0 53 5 52 41 60 31 17 166 296 10 1778 222 14 73 956 431 13 4 76 61 1 19 5 6 7 5 2 1 0 0 4 6 53 169 824 30 8 149 32 522 105 496 37 9 9 5 14 236 7 133 19 20 17 32 4 72 16 11 206 114 430 9 981 6 11 169 1025 203 167 3192 10 85 52 1 6 34 0 3 0 2 4 8 0 7 29 9 854 825 237 173 27 20 56 16 61 1404 9 18 1715 63 40 58 32 18 65 67 1 5 12 6 6 73 64 34 5 1 9 2 5 1
28 18 6 38 731 465 13 5 5 6 10 269 75 59 122 274 36 330 122 22 19 126 53 56 92 11 73 103 681 48 247 216 61 25 17 10 17 75 350 29 263 42 128 138 438 336 25 7392 107 590 19 51 31 119 21 9 383 53 5 7 508 17424 5386 445 2451 6 285 35 3245 9961 1448 74 100 17 142 2101 153 16 128 13 304 183 129 146 144 68 20 909 1291 483 1867 275 113 1080 6514 800 25 16 220 178 0 8 4 1 8 2 0 4 0 0 1 2 4 12 21 10 2 26 12 58 41 58 11 4 4 10 5 15 3 10 32 12 2 10 0 5 7 2 38 32 28 9 62 13 18 256 236 10 68 287 6 1326 2178 18 17 864 37 5 25 204 1 11 0 13 6 4 157 261 929 118 12 14 12 1 812 586 130 703 2341 537 19 50 28 9 818 136 297 305 2204 2 0 3827 539 5 10 0 3 0 0 5
30 14 14 52 513 333 8 6 13 8 6 201 180 71 79 157 22 261 236 7 47 296 53 75 273 12 234 273 1239 64 247 146 97 59 68 14 26 120 456 79 175 28 132 190 510 703 173 738 43 51 6 6 45 355 47 14 782 111 47 17 1331 5386 14562 8456 11202 5 886 142 4786 481 219 62 143 32 194 1492 176 25 117 1 41 7 226 367 353 213 74 67 327 263 3448 76 21 149 2986 540 34 48 519 256 2 6 1 0 5 0 0 1 0 0 1 2 20 26 60 13 1 44 11 137 46 121 16 7 3 2 2 23 2 17 7 4 1 20 3 19 3 2 36 31 71 4 111 3 6 118 266 27 45 454 4 100 93 7 4 181 0 1 2 5 1 2 0 4 5 3 170 238 219 76 6 5 4 3 216 585 8 15 1081 311 22 32 9 3 327 42 5 30 28 0 2 334 111 4 4 0 2 1 0 1
26 10 18 5 53 58 8 10 1 3 3 49 442 128 73 205 23 682 522 14 49 465 148 324 410 37 1044 982 500 20 57 33 53 76 261 31 53 84 319 249 252 75 3598 94 33 1303 398 36 45 2 4 10 33 223 24 11 417 165 123 39 1381 445 8456 6485 6359 0 785 229 479 116 36 38 71 20 137 200 40 42 42 1 8 0 202 313 299 234 71 9 30 6 872 59 12 53 2014 93 9 13 695 109 0 5 0 1 7 4 0 0 0 0 1 5 28 92 175 15 4 49 28 433 50 254 27 6 8 3 8 40 2 33 11 4 8 13 0 42 6 6 57 58 228 5 236 1 9 21 103 56 36 746 5 7 7 0 0 9 0 1 0 2 0 1 0 0 5 2 153 94 27 22 6 2 5 3 9 146 1 2 178 9 14 43 12 8 13 15 2 3 6 2 3 13 12 7 2 0 3 0 1 3
28 20 13 17 161 112 5 4 0 6 1 61 603 368 285 545 18 504 404 5 32 95 16 102 135 3 1218 1988 1079 42 178 48 36 166 244 79 73 47 1409 56 137 88 352 123 123 947 193 484 18 11 2 3 36 273 33 13 990 338 179 89 795 2451 11202 6359 12106 2 853 332 12950 242 242 32 58 16 381 402 76 64 56 0 41 2 176 312 190 142 73 25 45 22 503 49 12 36 1021 276 20 31 437 474 1 15 1 1 18 0 0 0 0 1 0 6 24 170 501 15 1 84 30 758 61 378 24 9 6 6 7 100 4 93 15 13 15 20 3 42 6 6 104 85 484 5 689 3 12 82 455 172 75 2062 10 36 28 2 3 22 3 1 1 2 1 5 0 3 13 5 577 519 117 58 6 12 25 10 31 776 5 8 816 27 28 35 16 13 32 15 1 8 7 3 5 49 42 16 3 0 3 1 6 5
0 0 0 0 0 0 0 0 13 0 1 0 1019 0 1 1 2 25 78 0 1 0 0 1 0 0 0 1 0 0 0 1 7 0 0 0 0 13 2 0 1 2 2 218 1392 424 0 11 5 978 23 110 1 1 3 1 0 0 0 0 8 6 5 0 2 618 0 0 5 0 2 17 8 365 0 4 747 669 195 90 17 245 1 0 0 0 0 85 26 77 180 4 0 1 4 1 116 9 0 0 0 0 1 0 0 0 0 0 0 1 0 0 0 1 25 0 0 1 0 11 2 25 0 0 0 0 0 1 0 0 0 0 0 2 0 1 0 0 6 0 2 0 1 1 0 4 13 17 1 40 0 2 4 1 2 6 13 0 9 15 1 0 0 0 0 0 3 10 4 257 1 0 1 0 2 4 2 0 51 4 1 1 24 0 2 2 1 2 10 0 0 10 2 0 1 0 0 0 0 0
351 315 289 262 364 396 63 149 14 65 34 659 19 86 18 43 1 30 24 3 34 201 63 339 1568 32 687 730 3653 321 860 111 126 65 104 9 4 21 239 455 152 27 363 4 5 66 491 34 14 1 9 19 129 3741 94 16 3010 119 24 8 87 285 886 785 853 0 9317 956 370 66 36 248 48 46 1693 58 106 2 90 1 10 0 849 3933 1031 2598 2237 6 6 7 94 40 9 22 435 557 38 61 4110 2069 13 5 21 23 7 19 1 0 4 2 13 28 3 2 12 2 4 4 2 19 10 7 2 16 16 1 3 7 0 4 25 2 13 54 0 51 3 3 26 16 6 1 14 4 16 5 11 3 3 52 7 3 0 2 1 3 2 0 1 1 4 14 0 6 24 1 20 13 4 6 21 7 5 4 4 26 3 1 33 5 96 37 10 7 6 43 0 1 1 2 18 3 1 7 15 1 17 2 1 8
27 19 29 17 28 44 8 13 2 7 3 89 3 618 101 171 16 59 12 2 308 583 202 278 633 9 482 777 681 23 131 46 134 857 889 702 308 83 250 380 492 16 202 4 2 19 1856 14 7 1 2 7 41 250 47 18 951 3230 3083 834 26 35 142 229 332 0 956 7097 124 4 5 60 105 103 4074 26 17 3 56 0 8 2 313 368 476 312 1853 5 3 1 19 24 2 17 110 170 3 10 1349 956 4 4 7 4 2 5 0 1 1 1 3 3 6 7 4 1 21 10 21 17 25 24 12 26 38 1 6 5 0 2 12 1 5 122 12 247 3 9 168 175 5 6 8 5 39 1 5 0 23 17 25 0 1 3 1 1 4 5 0 3 7 9 0 4 29 7 7 4 6 0 35 3 13 32 1 11 2 0 12 0 87 172 24 8 3 55 0 0 1 7 25 1 4 7 10 1 12 3 2 13
27 11 6 48 722 554 12 4 7 4 5 256 230 252 307 638 28 964 98 8 17 44 21 20 36 1 40 270 1147 66 336 224 94 59 19 36 38 69 1872 16 144 74 273 122 700 539 34 2874 53 36 4 10 29 211 23 4 676 205 44 38 3253 3245 4786 479 12950 5 370 124 9426 260 805 54 71 32 458 8928 235 15 122 2 144 15 128 190 158 47 27 202 208 175 2008 41 17 40 525 1044 46 57 127 458 0 8 4 3 10 2 1 1 1 1 3 3 10 47 174 16 1 38 16 208 59 125 10 5 4 10 1 97 3 32 33 9 10 26 1 29 9 2 91 54 145 3 392 2 11 321 1180 47 127 1828 8 183 159 6 5 351 1 5 0 6 3 6 1 10 12 4 823 943 514 156 13 18 25 12 303 2464 15 34 3568 685 27 50 13 16 601 54 5 18 49 2 6 346 201 11 6 0 2 3 5 2
32 15 16 5 75 54 8 14 2 5 5 44 36 23 76 142 28 71 59 32 6 119 77 86 44 8 31 15 145 16 39 32 17 8 5 1 3 19 39 34 414 108 179 49 123 178 22 104 249 94 239 206 6 34 29 14 63 8 6 1 178 9961 481 116 242 0 66 4 260 10161 3878 30 25 8 23 315 50 6 40 24 1643 274 102 47 61 25 6 419 241 128 628 913 2565 3015 3386 97 9 7 61 29 1 1 2 2 0 1 0 3 0 0 1 0 1 4 5 3 0 11 6 16 7 24 10 3 0 1 7 1 0 6 12 3 1 1 1 8 4 1 15 15 7 6 14 9 4 57 47 3 19 87 2 686 620 6 6 131 217 28 164 746 2 2 0 3 3 0 28 50 165 40 4 6 2 1 110 125 335 615 480 132 10 19 8 4 148 45 290 60 1716 0 2 900 303 2 4 0 0 1 0 2
