14.5623848256642 26.5296762989207 28.6220465618605 43.8586252429521 53.8158446895229 51.3626875332741 24.6834810111264 22.1197829917436 50.6455712351766 35.2081469790746 75.3182511874608 70.1372162966135 214.85205078125 116.595363616943 95.7900543212891 150.368957519531 151.598068237305 202.66143544515 183.05806350708 178.391021728516 112.233893924289 143.311289765114 162.964390224881 199.310786854137 151.217790512812 150.606964111328 195.608890109592 171.668693224589 32.7841112059331 25.2144147253798 69.6348262199989 111.010556030273 135.893330202264 161.515028889974 151.581237792969 160.331546783447 0 173.703358968099 136.808813095093 167.285353851318 90.9325778977987 147.478008694119 188.740494728088 238.898628234863 160.436544418335 198.292629241943 150.49010181427 170.321286519368 138.517427752095 160.753289794922 138.961756078208 155.241805963349 101.989822865907 81.924855808417 110.402636139481 103.121408823374 109.846141746452 150.82784416562 151.696380615234 137.55562210083 174.830816904704 167.076286860875 172.145334625244 201.256395486685 183.527345112392 0 98.65051758595 146.330588164153 174.190828111437 167.192713737488 169.97072492327 103.022363791595 169.308118693034 129.658584976196 155.501627329234 164.291150606596 127.810352039337 0 159.117958275047 136.543617248535 171.548733870188 160.093205769857 115.798627291248 100.699550134882 109.43989877208 110.606861365769 150.284206759545 177.560933854845 175.245293511285 197.992111206055 170.662574768066 133.674920268442 156.598627974347 162.864616929439 171.942223971007 129.087614631653 79.4025137765067 52.8438364345108 131.395329031975 124.41349327781 157.53218035428 152.500745500837 163.977585935745 166.300586762166 155.399140451469 158.788186122554 151.288563864572 131.626118406958 155.768206977844 117.980799027072 150.449755358696 158.933970915567 0 0 191.270172119141 0 163.897964477539 216.342422485352 0 0 221.572631835938 192.587692260742 0 168.558242335464 176.505577511258 166.897659301758 175.050754547119 193.067321777344 0 0 158.975178999867 166.098093032837 154.083658468844 163.229138492198 126.487800598145 165.30094575882 0 123.874145507812 159.082120259603 163.866498947144 193.117294311523 0 209.826171875 183.969896589007 181.844100387008 0 201.601860046387 0 149.766754150391 191.43611907959 152.677485148112 217.189247131348 225.296880086263 198.865146636963 0 172.315673828125 219.408374786377 0 199.180973052979 220.343645368304 199.634625948392 187.27190283573 170.279145812988 173.360432591932 162.983742053692 148.108352661133 208.743335723877 0 0 0 192.06596320016 179.528778076172 170.17039320204 183.196812947591 0 202.582275390625 224.330160522461 214.162484741211 219.60232035319 208.658813476562 143.970812569677 164.576793323864 120.94216410319 151.989212036133 198.293258666992 140.667367378167 160.204025268555 166.370216369629 223.90599822998 185.088031005859 204.88611235442 232.492321014404 226.628387451172 163.45916557312 118.109661891543 148.857081291003 185.211781311035 172.092502593994 0 167.058160400391
26.5296762989207 22.6701502323071 24.6946099157334 29.4348812850158 30.884675622537 41.5924070040513 62.7497558184667 68.187862475366 69.7246656417847 58.8522609003474 70.0633854950674 61.9681565117964 0 186.498962402344 225.794067382812 119.178245544434 224.876235961914 203.361907958984 164.437717437744 217.110580444336 116.758206220774 123.551566708472 218.438743591309 178.715502929687 144.959935795177 180.48316192627 190.820652354847 177.220068359375 81.4200899031026 31.1399271469782 41.0027327320134 119.260999861218 124.827056229115 166.72970644633 149.544696807861 0 0 196.609596252441 149.495657920837 182.235968017578 98.4627225631914 158.859199523926 203.679634094238 0 0 222.799035644531 170.127038002014 200.835525512695 160.874515240009 175.526702880859 158.850909025773 169.017039372371 128.893092500991 109.163343667401 134.629614631049 114.25889493708 95.554773012797 142.49760945638 144.087191263835 159.721710205078 155.297096252441 197.482309129503 219.243505205427 210.59280090332 190.554750061035 0 108.736092873225 146.588922600997 186.697170604359 186.445204671224 177.608917236328 99.0803074777862 173.556547725902 111.378755268298 149.68735101088 184.137579345703 106.77239757114 181.32497660319 157.986663500468 170.412582397461 187.017054578993 172.967034476144 132.932832619482 114.809452099747 117.041223072785 109.659167228861 149.371724178917 193.391154289246 189.952297634549 0 208.201025009155 155.360364542379 171.595190799598 173.674573174838 192.962239315635 147.785723050435 82.5152840270996 83.1200200861151 120.844049562967 128.740760200902 169.913405509017 156.368222500416 169.581442844242 169.139050906608 154.940273499221 164.041785888672 176.376686342301 149.17475443301 162.880716221307 128.534502400041 153.936455327039 163.094602109586 214.924362182617 0 0 0 0 0 219.868698120117 183.310523986816 221.756576538086 175.209045410156 0 168.571727459247 177.513829933023 0 162.407853868273 0 0 0 162.543757605174 140.675158574031 154.848266789943 156.031758150608 142.741453552246 160.560845026894 0 197.284271240234 166.156805674235 163.918296120384 173.76887512207 0 0 181.196475982666 176.586682406339 202.52880859375 174.190048217773 0 178.071029663086 170.908966064453 168.287831624349 228.496612548828 0 198.417503356934 0 0 223.149482727051 209.937637329102 0 234.981405639648 205.413151245117 189.625567567115 186.835163879395 169.422958243606 154.08212890625 134.631072998047 0 219.20157623291 236.399536132812 0 188.383204093346 181.03717865815 159.84206644694 154.010803222656 0 0 240.976654052734 222.088062286377 0 0 138.895742801657 163.851822824189 153.567474365234 163.957984924316 229.790481567383 130.631954477188 0 195.111846923828 214.227359008789 179.115530395508 202.712481498718 208.948928833008 241.915618896484 154.292364501953 123.706637579964 165.09425676786 190.136925833566 176.442355069247 0 169.336891682943
28.6220465618605 24.6946099157334 12.639075432309 20.1682993398486 79.1608417405995 30.3955635980254 53.2522040060488 22.9945046935642 66.7768363164747 25.1687254751779 56.3798275876021 32.0954112750684 230.998306274414 0 213.892578125 201.081024169922 178.331634521484 243.235061645508 238.835540771484 191.748423258464 119.130541215863 126.803244696723 176.92625257704 190.08217729841 147.742523956299 189.078430175781 205.232524871826 175.072001647949 93.5978488538089 80.2445409122902 110.775286510737 126.024940135867 129.591228533395 157.116486549377 239.971252441406 0 0 191.484792073568 165.598034449986 182.053012084961 100.608479980334 176.080862426758 194.753993988037 0 131.209671020508 214.841705322266 157.132348060608 179.229049682617 154.341541290283 193.6328125 156.397004071404 169.298525535454 131.426237901052 110.818395583789 135.418466076879 119.68271446228 110.724885420366 146.216639025458 125.894325256348 151.067604064941 174.437306722005 185.562054951986 202.748309544155 187.312666151259 183.931142366849 0 109.875957211821 156.813718335382 199.934399922689 190.636198043823 197.192306518555 94.2892513494382 185.29714856829 145.922393035889 149.465686321259 182.588897705078 116.005346349768 164.715515136719 153.333468697288 155.792175292969 184.742431928527 178.43507940119 132.234418837622 117.180870029383 119.283675760905 116.086500583414 157.484455970026 187.789203419405 185.652425765991 200.623733520508 195.008840942383 154.677911589417 170.885216963919 175.261114305066 186.501067713687 139.321018667782 79.0982599312918 87.1011038023462 121.092221010396 160.426190694173 163.429106682352 152.839911180384 167.998131082716 167.02313947074 151.952981161904 162.587500362073 166.22141381466 144.013515638269 160.227538764283 128.79888493916 152.293005126754 161.649652006426 0 0 0 0 0 194.965293884277 133.712875366211 173.927191162109 0 178.430969238281 0 158.126893327043 178.175546041349 158.196990966797 148.116394042969 0 0 0 162.463711878013 153.670750935872 151.553877242624 155.349780078348 142.261409759521 157.816807973953 0 0 163.969181941106 178.662331214318 179.852607727051 170.737998962402 181.567489624023 176.588982321999 177.86693128899 219.886795043945 201.198944091797 214.937271118164 0 0 170.33767191569 225.760475158691 223.406860351562 208.927909851074 0 215.858764648438 236.308725992839 223.948887416295 0 223.297409057617 203.877092214731 194.879759788513 170.566735403878 170.620327957277 151.534765772073 0 173.670883178711 214.527923583984 0 245.201904296875 192.471187475956 175.183576258217 174.19780661843 158.870453970773 0 183.79573059082 235.043956756592 234.166763305664 212.805480957031 210.113525390625 137.235013329822 157.24454498291 126.55091603597 177.835060967339 194.024520874023 132.152329501943 186.93985748291 192.446472167969 223.996913909912 185.56083340115 202.530704099741 233.483795166016 237.906620025635 157.561943502987 121.157351031213 150.912349793969 189.434869995117 163.244707489014 161.879852294922 178.599195207868
43.8586252429521 29.4348812850158 20.1682993398486 15.6112658452518 30.6252974073325 22.9618099728538 62.2111350820034 63.1653696633015 73.2667646564421 66.4237909673161 59.5267740065052 41.2623875171586 165.696952819824 124.123741149902 204.060028076172 130.422058105469 0 194.955780029297 0 145.651035308838 109.33537703294 114.262144851685 164.312353515625 182.995840454102 124.318681484315 188.110221862793 175.53931753976 118.689694918119 70.4340990099604 42.8804009097037 38.1500365704693 75.5747785995256 95.6271069335938 130.30144144694 0 109.063331604004 121.748546600342 195.74755859375 125.829487270779 151.458607143826 92.1415393175045 112.999526977539 180.61447652181 114.752059936523 194.610168457031 143.256216049194 146.699431419373 147.262643960806 130.760984632704 162.987762451172 154.135051182338 165.924703424627 126.559804643903 102.058395385742 130.839027619698 113.599569977307 82.8937087425819 124.167486281622 158.688339233398 93.1055221557617 139.53879070282 155.44447487279 149.732376245352 161.819454956055 152.723037719727 0 97.5426128911608 131.800543392406 130.654280026754 184.533932495117 168.656652178083 96.7703610792517 125.21755472819 126.312338256836 145.272846797727 125.293412344796 110.254479895698 0 135.110889088024 0 180.030137005974 193.414276123047 127.167627888805 112.714356524113 111.407162287124 98.4904865798555 146.709510803223 184.801191329956 200.704767862956 203.040100097656 194.531547546387 150.381450653076 168.309490003084 158.147288731166 163.752191331651 93.2221763701666 75.2868257788725 80.0830161143157 96.1201990778575 106.581289427621 165.974303679033 150.246600172255 162.511045641472 162.964111960978 148.080742816536 159.231343045647 161.50527864344 146.799662956825 156.62137055397 124.536539484946 149.479185000623 157.041782842434 0 0 151.784484863281 0 0 180.397450764974 0 204.029518127441 213.645362854004 206.827865600586 0 171.873103550502 174.948597499302 170.803009033203 132.326263427734 0 0 0 158.898976732337 145.512701034546 143.869266412197 151.996954015783 158.163818359375 167.708661971554 0 136.643417358398 147.376121520996 141.273179626465 158.09317779541 146.888702392578 179.023086547852 171.125648498535 167.63767187936 187.976165771484 153.817527770996 0 0 176.37863667806 0 0 225.715980529785 239.488052368164 0 181.043548583984 232.224273681641 215.587356567383 216.580393473307 239.193992614746 203.401099205017 189.2395634805 168.976051330566 166.969493422397 140.780695828525 161.483062744141 182.412719726562 202.828918457031 0 191.894165039062 187.561621232466 174.809566722197 146.591136932373 155.701972961426 0 201.372745513916 232.341438293457 232.248077392578 185.7423137318 0 134.783732419292 159.22486797132 101.844657897949 128.558895111084 200.256332397461 130.092848036024 194.604293823242 0 233.883750915527 170.044775390625 196.991273425874 208.09921875 240.151168823242 152.735541066816 119.654586862635 163.58371925354 175.605384133079 154.73350016276 0 207.199592590332
53.8158446895229 30.884675622537 79.1608417405995 30.6252974073325 18.769340326986 37.9996071596712 56.8534985280109 83.9478672893108 75.9413004981147 81.0953104815145 52.7751708030701 52.6950519445702 128.702861439098 90.4102784760144 99.105491910662 95.9112336485536 84.822839419047 99.9482115768805 120.852268695831 104.691341693585 93.6031921730667 98.4311505889893 111.447592735291 158.175368675819 113.248097900951 135.427274068197 130.266729528254 94.3208198547363 58.2929805661075 30.0534412606511 24.1880070071194 36.77956816772 66.0024864550368 74.8427231255479 84.9473768870036 86.8296499985915 76.6310251170191 83.1190986633301 93.9075745181453 147.566829457003 84.4883043571045 134.46076965332 150.796544049237 171.915675571987 166.48908996582 144.552097647531 129.330591935378 134.021636124496 140.749257042294 158.749565124512 140.440150612279 147.384492874146 113.845541014288 89.4226319293587 120.635594376274 104.486885648785 48.5907207873499 85.9098746744792 111.200551546537 68.2746246337891 106.188660399555 139.55887412764 123.984039485106 136.673025311164 115.881426461735 0 85.1259505827348 124.61907182421 117.185830546878 156.278280436198 153.845514237881 76.274590388646 92.1418402535575 105.291354285346 83.8748827221013 121.471185123219 105.039257934128 96.0600395202637 98.5534063845265 147.742848714193 163.692540486654 0 116.685545990799 99.6057499820746 100.441601079997 88.9466472311969 112.870015115449 160.018951960972 157.084205756753 150.257019042969 164.282625127722 148.848170725505 157.632331542969 165.073818630642 148.344958869778 46.4845651674055 70.4414131602303 70.2533687220211 84.4410640401455 38.1859951097297 154.019929391366 144.059110814875 156.000286479573 155.891420717593 137.866185621782 152.953546897652 145.153376261393 146.158131190709 150.341172354562 125.985281485098 138.327526224071 153.574075222015 144.135803222656 152.013344658746 146.315717523748 197.373123168945 154.148132324219 183.276384626116 159.959678649902 166.405032887178 164.151217142741 161.610952758789 161.901466369629 151.080018263597 163.744912783305 0 133.146217346191 182.280744112455 0 166.320689610073 150.642626348531 155.180287679036 141.319065202985 150.254746551514 127.236789703369 157.641085942586 0 169.768783569336 172.324198515519 159.453022638957 151.661922313549 0 172.832495469313 184.254132080078 151.664390563965 183.709143066406 155.1862442429 135.202701023647 165.668231201172 165.529612272688 189.96422958374 209.538665771484 211.813684463501 196.118728637695 226.048492431641 170.619099934896 201.546661376953 243.021697998047 0 218.731246948242 187.373550415039 180.691186523437 134.096733093262 163.020015716553 152.058089878248 156.971145629883 169.101037794544 180.452230145854 188.326037758275 138.681612014771 176.354254404704 178.481861114502 181.169268925985 147.460528782436 204.81154979359 177.246487426758 234.271809895833 216.758346557617 181.479369951331 184.092004394531 131.437355918446 156.128609681741 115.292036437988 144.075229644775 181.572645187378 123.05164937504 0 152.251152038574 227.395156860352 199.423670450846 178.289399580522 198.777550252279 206.811004638672 133.999110221863 109.897738918181 130.909247262137 163.324996948242 141.228252410889 0 156.782684326172
51.3626875332741 41.5924070040513 30.3955635980254 22.9618099728538 37.9996071596712 16.7573214005393 67.0033197233663 53.4690429116217 83.5208757945469 68.3415695135144 65.0476175110916 28.0040228505876 126.013778209686 106.587768009731 96.9825375205592 102.692594805967 85.0454028585683 105.920051820817 111.271317425896 92.2080493927002 99.1210776413543 97.645834864211 93.0802721094202 163.423992830164 117.106682384715 130.301753234863 156.5036862022 108.983495568027 78.0093208621441 51.2788069624528 45.3028119537066 21.815158357133 47.7114553553977 76.3990433454514 103.207530975342 83.8572311401367 81.8383475512993 97.2389469853154 101.271581224827 142.211614699591 91.6952379232119 131.584883117676 156.383721428948 162.873489379883 132.201414108276 139.740438963238 138.548309891312 140.286399345478 154.318753560384 164.424629211426 157.813053978814 169.324269430978 126.490343752161 106.022143634805 132.304277222732 115.884336045209 86.2227585287655 75.0073947763084 114.338097763062 90.3067188262939 105.605713836906 143.804023365308 131.400928050548 140.843357875429 120.557904584067 0 100.809944567054 128.764991066673 122.877044856763 165.285766318992 157.305018261226 65.7753862533952 87.0932682066253 105.262048027732 104.746696581159 127.276462822203 91.3080437400124 105.46643447876 84.1995345138189 0 175.621760740119 183.774912516276 130.298841268506 111.623126499469 110.297634736272 94.3963380807582 140.269512985692 161.833662578038 158.985560178757 176.170534769694 141.527094818825 148.948138297872 171.35494740804 186.76391238258 159.671702546893 51.0727856602265 67.843234744253 85.4750651356369 96.9237479251481 111.204851497303 160.720554426605 146.010024761331 159.07068213638 159.716460528439 141.846561647811 155.414101514867 168.409948175604 153.881522800611 152.502797317505 128.583632303874 145.251489612791 153.253723318718 156.48296101888 156.036585998535 152.791296958923 161.988006591797 147.75267791748 187.909159342448 157.407641601562 165.308011054993 158.277682495117 160.457251281738 174.597859700521 158.821585165488 164.459451894291 0 139.219805036272 185.693884955512 0 177.970690917969 148.630402127603 148.685520595974 143.861122288655 154.512176915219 134.227630615234 152.57999420166 136.744750976562 170.661740112305 152.223655541738 147.641553841385 155.213559831892 183.584022521973 177.404275894165 186.107209523519 162.253966460357 182.913737705776 162.894340515137 148.866134643555 169.654613494873 171.003766959054 143.001828193665 207.918266296387 211.300369262695 198.568695068359 0 171.19618918679 199.009941101074 201.727607727051 0 236.036445617676 199.783548990885 184.613045187557 160.064582824707 166.583912568934 140.69745389153 230.698791503906 171.09995396932 181.477371664608 194.164217631022 147.325594220843 175.503040514494 175.418758392334 178.124555587769 162.629301071167 199.02919514974 180.715449378604 242.036483764648 238.908843994141 179.916628961978 188.785082499186 133.039735008689 150.206130060656 102.905366377397 136.138046264648 189.230485098703 121.576258939855 0 0 207.618583679199 171.315541585286 196.287303924561 203.497150421143 212.402746582031 151.430631076588 113.885827591545 150.159979684012 175.953249454498 175.787063598633 0 165.360590616862
24.6834810111264 62.7497558184667 53.2522040060488 62.2111350820034 56.8534985280109 67.0033197233663 10.7955840210232 20.4097092354343 22.2082511498231 40.6245834413752 66.3892036138796 68.6382131932682 0 133.876651763916 0 219.065307617188 0 135.123522440592 211.958801269531 155.596603393555 127.675450461251 138.240304426713 139.679374694824 143.584075927734 139.669900512695 154.652992248535 150.263862609863 149.02257961697 26.0869686694364 43.0601444051333 63.5671599379971 97.7261744181315 119.98146906766 147.718307495117 198.961532592773 0 106.850204467773 0 133.08515625 195.828494262695 90.301984234391 157.956087112427 144.455444335938 0 0 187.738800048828 0 178.933368682861 112.873564583915 159.541702270508 116.61573305997 131.119129865597 74.2490481187671 55.0954731513057 83.0283703051115 91.6507064556253 96.0136120008386 160.375831604004 0 0 155.327529907227 177.688503558819 175.03955078125 180.730178833008 162.925160217285 0 100.943027254135 145.461174964905 162.718123118083 161.05793762207 172.659306117467 135.116160692487 140.155897521973 103.861839294434 142.710592041016 152.860270182292 128.527599628155 82.8260726928711 171.984802246094 0 150.867728097098 183.913246154785 89.8542812722335 77.7202211256151 98.6723003932408 108.327911376953 136.639425913493 159.206645420619 138.51537322998 0 178.727127075195 110.591520355969 140.616915130615 135.3532371521 153.007039751325 116.388712565104 58.9605829560912 26.5932843719698 126.182465218209 122.176651000977 124.302384270562 167.04331098284 155.861716951643 155.987535095215 138.986872355143 144.780639482581 124.937743186951 166.457728068034 136.297492027283 90.3266727740948 130.747323989868 141.397798343581 0 235.719650268555 0 0 160.211242675781 0 0 0 0 0 0 181.476821899414 182.696047973633 0 0 0 0 0 167.299386978149 0 143.531314849854 181.5400390625 0 198.000095367432 0 154.962600708008 186.112396240234 205.944595336914 0 0 0 218.340995788574 0 228.806365966797 179.033966064453 0 147.122436523438 0 0 213.455589294434 174.712661743164 0 0 0 181.021469116211 0 160.746612548828 0 132.018325805664 198.993855794271 143.745800018311 204.423450469971 239.91926574707 0 0 0 0 0 229.696105957031 202.948806762695 186.065933227539 0 0 193.652435302734 0 0 212.20970916748 0 156.461795261928 196.29411315918 143.910293579102 98.987174987793 0 139.815002441406 210.450897216797 179.084594726562 248.519454956055 0 212.693618774414 0 0 176.984790802002 102.900992802211 99.9274533589681 150.123497009277 193.867975870768 0 193.959716796875
22.1197829917436 68.187862475366 22.9945046935642 63.1653696633015 83.9478672893108 53.4690429116217 20.4097092354343 13.2690091223401 25.387295823143 19.1125492351573 48.1052478228068 51.6778201609995 0 223.574279785156 183.421157836914 136.720352172852 247.478256225586 0 0 0 126.875831810204 149.069188435872 0 210.884418487549 165.659570821126 175.651596069336 183.466384887695 138.276872253418 79.7935131565496 60.4895448663915 112.039068857829 109.799351654053 118.946666424091 177.302223205566 130.802459716797 0 159.572937011719 228.304077148438 173.063844045003 217.743759155273 95.7596775842091 142.899816513062 177.337973022461 155.543640136719 206.565887451172 192.940963745117 168.875784737723 204.033584594727 147.523868306478 162.862190246582 146.14143371582 161.479317559136 107.188658935547 90.5876886179929 115.774920386237 110.763815514835 118.02329566262 174.159633636475 171.729736328125 0 222.329772949219 198.96930847168 184.10075378418 202.498745727539 195.355529785156 0 107.938972191523 172.560314471905 185.366619110107 174.244089399065 167.480003356934 105.517984239983 165.936578369141 121.130941390991 172.88100306193 193.172241210938 106.015523062812 144.27779006958 155.725855350494 173.217697143555 174.814857814623 174.393711090088 118.991590205519 104.585284028063 114.101118770866 114.888806769188 170.159265136719 187.001374562581 178.857949829102 170.531112670898 193.862391153971 132.296392256214 162.920929356625 168.275606238324 172.285170181938 154.350571950277 73.5964506308238 56.3994107664996 145.342576044256 156.432060718536 159.58807391431 153.966923384233 164.104403744377 165.327693896347 150.269666671753 159.671429294772 160.859434274527 138.838957503035 153.942776027479 117.296236948924 146.951984845675 158.660771641921 0 0 0 0 0 154.91340637207 148.970916748047 163.191696166992 0 225.005569458008 0 176.468006896973 170.272499084473 153.11701965332 132.586303710938 0 0 0 158.490710350775 145.523891448975 146.646568173268 157.097095235189 0 166.780964244496 0 0 171.780476888021 177.277982711792 0 0 207.829025268555 177.721855163574 185.194385104709 211.488540649414 0 182.369155883789 0 193.700775146484 154.530731201172 0 0 0 228.671539306641 0 209.764747619629 206.321258544922 0 220.464256286621 202.847650381235 191.073479285607 143.024242401123 163.579225667318 151.163397652762 0 0 0 0 0 193.68138558524 191.308331807454 156.970293680827 0 0 223.348637898763 222.599578857422 216.394058227539 0 0 140.869802005955 164.427694147283 131.956272125244 177.173517862956 228.827964782715 130.303210743687 159.658996582031 0 222.305114746094 170.304837036133 179.978773934501 224.663185119629 239.236358642578 157.260236852309 114.860025005576 136.670511457655 200.232922640714 0 0 183.038726806641
50.6455712351766 69.7246656417847 66.7768363164747 73.2667646564421 75.9413004981147 83.5208757945469 22.2082511498231 25.387295823143 9.71106748729019 29.4516540848974 53.4944176845722 70.0713888649318 93.7264289855957 198.268493652344 0 199.605606079102 0 182.549667358398 0 0 105.917739868164 109.080555725098 145.782894134521 126.001220703125 146.796070098877 0 0 0 66.4700960139839 56.1192464966705 88.4448445638021 60.2343106951032 88.3166029453278 101.028610229492 0 0 0 0 104.15817006429 149.442232767741 110.311978530884 0 124.382648468018 0 83.3857428606819 198.586547851562 0 171.263214111328 108.696784973145 103.539930007037 153.378008100722 154.55685158663 59.4661870253713 69.1585702663515 80.4448992411296 87.3940643310547 122.390527089437 93.4783630371094 0 221.826278686523 117.726603190104 146.486929321289 133.835126436674 105.159378051758 0 80.5191943828876 125.136519840785 160.904289245605 124.262067522321 217.341827392578 187.596885681152 56.2322955995094 91.5417875810103 38.22931640625 168.764287312826 109.938558578491 37.1750444295455 49.8084182739258 70.6551407604683 133.429971059163 163.243963388296 122.497200823845 105.852232070196 96.4037407714051 123.525942093287 114.709571838379 80.5086708068848 145.749293400691 144.206444634332 125.454806518555 128.167376708984 124.417114257812 158.933610916138 146.936669921875 138.249209812709 110.996309800581 21.1600946825959 27.4016789582414 133.93768157959 130.620410283407 136.024168831962 137.323079109192 150.678947957357 150.228512064616 143.367936706543 151.547005630121 217.495727539062 127.821015167236 128.687714969411 105.50991153717 137.45905960083 151.966641065809 0 0 0 0 0 0 109.28150177002 0 135.523132324219 0 0 108.980567932129 127.259455362956 0 0 0 0 160.825790405273 149.361773490906 0 140.980095999581 114.132613288032 0 124.372795691857 0 160.316696166992 0 0 0 190.259475708008 145.66081237793 0 146.460234069824 0 0 0 155.8837890625 0 0 206.423126220703 198.906005859375 145.509727478027 0 203.437408447266 218.585502624512 242.405319213867 194.990272521973 216.933166503906 229.9169921875 165.900543212891 108.846557617188 138.90340423584 115.42131652832 0 151.767379760742 145.333679199219 167.600692749023 0 167.50032043457 127.646509806315 209.045303344727 0 161.993347167969 154.422828674316 0 244.591766357422 148.365119934082 0 115.965493610927 106.291665758405 77.2804724375407 105.635070800781 162.082675933838 114.401196373834 0 125.471557617188 215.657474517822 155.800506591797 155.347735087077 174.957138061523 0 0 108.632739140437 124.593939208984 168.796742757161 161.103942871094 0 145.282241821289
35.2081469790746 58.8522609003474 25.1687254751779 66.4237909673161 81.0953104815145 68.3415695135144 40.6245834413752 19.1125492351573 29.4516540848974 11.6459449430466 17.344896209646 24.988377234628 103.41773223877 156.151504516602 133.666946411133 0 131.675132751465 136.769470214844 0 169.647079467773 122.647964809252 143.574048042297 94.6616821289062 195.473892211914 153.569990158081 192.164993286133 193.791305541992 169.626838684082 79.9107890727549 63.0905507043771 103.188778633295 87.1095741816929 120.69950911578 0 0 0 131.130859375 0 138.379131317139 178.405071258545 94.7173766882523 138.080406188965 136.289947509766 216.639442443848 97.9782028198242 195.941284179688 151.634895324707 160.909103393555 147.952159881592 0 157.998514447893 150.971226085316 87.6198403593423 88.6462786170874 105.694336580427 99.1069012959798 122.315954480852 132.738108825684 0 0 162.144508361816 180.560526529948 162.612920761108 212.234176635742 181.965576171875 0 101.989762408917 150.508558000837 181.692123413086 171.128491210938 161.250021362305 66.8381243309779 165.906341552734 68.6050989786784 143.148142301119 167.149421691895 87.1125090831035 164.269836425781 79.5927950541178 169.52954864502 172.341209998498 180.892513275146 116.487241678305 99.5593881029071 115.598257446289 113.880254807011 136.823575701032 181.730538504464 197.489936828613 0 0 133.345756004597 155.581112331814 168.319266686073 188.77236366272 95.2374779837472 26.4665995642126 39.9606064031117 137.667494400688 139.441073947483 122.914107887833 114.733019002279 130.616056523334 129.934221778948 126.969555466263 127.519782540257 114.526901029191 101.419448093934 117.793926869542 86.4391242815614 111.469358731783 125.310197399145 133.863372802734 0 203.066787719727 0 134.914981842041 0 143.308624267578 0 0 0 0 137.071935865614 165.235642806343 99.1444396972656 115.79776763916 0 0 0 132.535591197464 177.951683044434 124.212934715803 130.806790124802 119.058906555176 149.571942647298 0 0 158.963468551636 159.641605377197 0 0 183.134994506836 158.347223917643 169.251944133214 214.089477539062 0 0 0 0 181.625691731771 227.312057495117 0 147.896438598633 0 0 187.228973388672 0 184.001373291016 238.214889526367 155.20484161377 158.13963104248 116.556683010525 143.856866593794 123.587720598493 0 187.512908935547 156.063690185547 214.156331380208 0 174.265287308466 160.892944844564 144.941192626953 0 0 202.622936248779 214.373676300049 218.831642150879 205.398508707682 0 108.29191312234 124.098993937174 74.0516384124756 139.454945882161 194.732559204102 89.5781149460097 157.026985168457 0 219.843634033203 0 175.596864100865 205.40007019043 0 123.009308678763 86.0646922053123 104.501147548358 167.155346141142 0 173.113998413086 153.711322784424
75.3182511874608 70.0633854950674 56.3798275876021 59.5267740065052 52.7751708030701 65.0476175110916 66.3892036138796 48.1052478228068 53.4944176845722 17.344896209646 7.38121073721165 19.6268704033405 125.30322265625 92.4447479248047 0 64.1128463745117 0 81.6109466552734 119.894693374634 70.3258094787598 91.2048089504242 90.9095479453482 76.9842567443848 191.073867797852 116.539142608643 0 190.823783874512 151.817525227865 83.6246936979748 70.6690599268133 75.3557112884521 51.8841289944119 81.4266338348389 0 109.204818725586 0 0 75.4587173461914 121.364050292969 141.190322875977 88.8857899451441 0 223.103057861328 0 79.2607860565186 0 88.5851211547852 130.184020996094 122.280158996582 87.6862411499023 0 155.11891784668 101.524310537485 100.366789951119 117.50302478879 105.949476623535 99.5765088399251 133.278930664062 0 0 105.159467061361 159.742300415039 138.797734578451 182.37532043457 121.666549682617 112.230247497559 94.9637083165786 166.926376342773 129.502961730957 180.976422119141 151.240898132324 35.3766594309556 118.171885681152 58.1678653293186 143.883129119873 126.079495747884 38.7491257286072 0 85.4920975367228 0 172.824200630188 0 119.741310167613 104.579928700517 106.529347968824 95.0258412568465 128.966758728027 167.286778767904 144.674229939779 0 137.530178070068 134.196097056071 156.976050240653 168.465026855469 182.11125793457 69.8168418884277 33.9584931241971 67.6932700702122 112.172787688499 113.256533813477 134.119622948056 126.544885635376 140.021953522595 140.173811231341 122.271890843168 134.417067341421 132.247648733634 111.766686394101 130.369487696681 96.5576505755434 122.826443365443 135.077406227737 133.302955627441 0 137.049209594727 137.228210449219 132.564178466797 0 140.819290161133 221.472640991211 136.266891479492 163.063044230143 0 134.757990056818 140.646003178188 117.451080322266 243.457305908203 0 0 0 134.702324867249 174.187088012695 123.067554529162 123.808016124525 0 144.154266902379 0 107.354942321777 138.811317443848 157.015202522278 242.729995727539 0 0 158.204523722331 136.898969650269 0 0 0 103.400477091471 159.664749145508 132.17594909668 212.871322631836 0 247.1220703125 0 153.308120727539 0 214.768630981445 0 192.256729125977 176.853881835938 170.842284308539 128.346096038818 146.277417963201 128.419776153564 0 169.595985412598 0 0 0 166.307383023776 159.245571136475 127.307823181152 144.433029174805 0 182.140426635742 195.71418762207 234.103759765625 158.092010498047 177.497802734375 107.67928419442 122.559684059837 82.0703887939453 119.523274739583 161.137252807617 89.9661515299479 181.709365844727 0 0 181.491009521484 182.879719204373 0 183.575042724609 125.686342575971 93.0932044147575 121.303686560654 160.137295193142 132.98853302002 0 153.775156656901
70.1372162966135 61.9681565117964 32.0954112750684 41.2623875171586 52.6950519445702 28.0040228505876 68.6382131932682 51.6778201609995 70.0713888649318 24.988377234628 19.6268704033405 17.8830112892601 137.911700657436 139.223078409831 126.724884796143 114.511911392212 120.280819786919 118.588058645075 100.54447839199 100.417632176326 103.720255337284 104.155973143089 92.595351155599 176.275588989258 124.815777182579 193.503753662109 158.546576843262 126.866459147135 91.3667395906856 65.29374477881 65.0468217865495 38.2697035055412 40.3872756598981 68.8467154172387 125.024700164795 115.329629898071 132.972613525391 129.529421687126 122.260375313137 160.911762714386 97.0142365288012 141.995635986328 177.749592233211 139.791666984558 166.215551757813 150.39335732711 134.054330628494 144.01082716317 141.76658703032 173.582908630371 157.263036346436 171.321470881083 127.863352457682 114.962094054878 137.512590067957 120.962798863241 101.927057806051 60.713888196697 146.378351847331 116.695141185414 114.21853864062 154.799659587194 145.235027028554 168.562238732163 143.200294744773 0 109.898886013465 141.733441384991 133.884218454361 177.837422110818 164.7015158644 51.874182896733 71.8012550192535 76.153984410976 103.995547848363 136.541557312012 77.425500380825 96.9776725769043 78.3685573569132 174.676429748535 187.367438897854 179.525392532349 134.440156323424 118.493944703992 117.33287552691 105.69396672722 144.077539894798 171.006578354608 167.269132209547 168.819694519043 153.232010396322 151.902641735489 175.996738751729 180.534052385603 170.859845032563 60.0960485528653 60.0300902193925 89.8745617782861 105.890636383878 126.497377244253 156.903850678035 145.299801166241 160.365226365932 160.329078147956 146.24975467604 155.608353257444 159.115548644403 134.316691227731 152.725482997823 118.41738863169 144.449721522807 153.177597553814 139.135293960571 171.09917195638 149.010548727853 164.109306335449 150.13499886649 153.418753051758 139.449811662946 170.835100301107 142.222106933594 153.757844924927 153.996923065186 156.470413276741 167.260208036841 117.584350585938 143.392510223389 184.79844156901 0 207.315410614014 153.325225197887 155.506382590846 141.829848277888 143.54357862043 130.551119486491 147.730703304975 143.340179443359 138.375596618652 145.594788445367 146.254751065882 186.837198893229 161.771867370605 182.021511371319 171.342531771273 166.934426616422 218.000312805176 155.755654907227 134.295211791992 133.194880167643 179.373820570649 156.79151467716 226.366124471029 238.573059082031 172.424019553445 0 176.723843892415 210.211878967285 204.791537475586 194.63444519043 235.387153625488 197.082941691081 185.608738327026 156.499554157257 167.074290174935 139.361433078932 131.907827104841 171.16058883667 194.657914161682 195.042072296143 151.369673295455 182.207129779802 170.512424642389 167.621138782036 144.692310333252 221.145042419434 185.848224174686 225.561241149902 233.688507080078 182.009529545622 184.792510986328 128.703369446675 138.302570570384 98.3171942574637 165.380244445801 191.92136324369 115.772723862619 194.722946166992 201.723709106445 224.695214165582 172.389052618118 189.645980078327 206.109951782227 222.845367431641 142.189472353555 111.487518463816 147.873100964776 180.802393490506 170.688718622381 0 157.435802459717
214.85205078125 0 230.998306274414 165.696952819824 128.702861439098 126.013778209686 0 0 93.7264289855957 103.41773223877 125.30322265625 137.911700657436 13.3803782561622 109.040247917175 95.2311630249023 33.3889861067594 44.6837598568684 40.3231018199142 30.9934770937792 36.7987377047539 165.328247070312 126.195050557454 99.0244594573975 66.7332635498047 168.774387359619 0 68.2312108595594 58.054509803897 147.811919010047 135.644088745117 111.444176413796 123.579393174913 69.9851707111705 120.981346893311 126.732845306396 147.252014160156 69.3559228261312 55.3033105323526 52.8334930922887 111.921100616455 75.277540638499 51.0005954927014 66.8349045132278 29.5223969912459 15.0312599076831 23.0367718852263 118.230213589138 86.015930298836 73.7038244247437 37.4665701287858 114.838050842285 100.848833719889 172.346900939941 154.136253356934 0 0 130.210637693052 105.431165422712 99.7025871276855 0 62.2435528219563 95.9565939331055 73.7938546074761 60.8150585571565 59.2214927863126 21.9924262133852 133.368608575118 101.753954569499 64.5723400945249 105.866715537177 89.4476223821225 79.5042741115277 70.0928703228217 25.1947938603057 106.182755606515 71.4917622168087 52.2207886265618 28.4508240490544 57.1160936781504 73.7872940063477 92.6399901369785 63.190314831941 156.532180786133 150.744351523263 165.863485972087 0 168.472984313965 85.8983791470528 74.7559780161431 57.699584760866 73.5657847674925 89.9497775395711 93.7108713785807 117.89617562294 83.0349607644914 117.851201856459 64.9116539493684 119.233805338542 131.293121337891 119.69359588623 0 135.25938762318 0 0 137.457195281982 0 0 0 158.673110961914 0 210.207321166992 139.275258382161 113.364421081543 85.1512195836359 64.301984357007 97.9789417811802 0 89.3717729942347 117.583628336589 77.1774457654732 109.477858170219 80.4020181430711 120.797246805827 168.681256103516 164.898544311523 75.077402750651 0 102.423783279047 94.6980529785156 93.0952970377604 171.203809738159 145.322135925293 145.880395507812 143.279877471924 0 141.873098754883 107.520738389757 77.9726486206055 116.496672049813 111.158739875345 76.0639295768738 164.425338745117 88.3125821965222 102.728050231934 118.330926513672 114.100955781483 65.5241824648508 55.265860910001 82.3893044748614 78.2111001528461 181.213287353516 150.499523586697 129.105546474457 0 100.02876663208 92.4810093470982 124.96361541748 0 139.794418334961 180.333852132161 225.780471801758 224.277587890625 0 158.967811584473 119.606943130493 114.453453063965 81.7639477191194 103.657123105746 114.465243412898 33.9429136302936 168.351892089844 181.768253871373 133.75252532959 160.49206237793 109.424136992424 94.0463562011719 155.389953613281 152.963031005859 89.9247981109619 106.077105560303 130.184678077698 120.027461624146 38.8731941098544 124.318687438965 107.654279006155 131.121303211559 0 88.3523345947266 154.394888136122 152.493240356445 180.826995849609 115.935114053579 131.90407535008 138.123660694469 0 0 149.755416870117 0 127.301006317139 0
