41271 6959 6949 13159 2107 1722 8867 9264 38 122 6 635 0 0 1 0 0 1 0 0 233 57 0 6 15 1 3 0 6705 11805 30 220 117 5 1 0 0 2 1 2 2815 0 9 0 1 1 3 1 29 1 40 113 4592 1839 118 525 70 6 0 2 2 4 5 7 1 1 266 6 1 18 6 37 4 25 21 1 9 0 8 0 115 5 2977 965 2038 236 12 24 11 1 2 187 88 71 13 151 34 1882 21 7 2 0 11 17 2 36 1 5 2 19 21 29 0 0 0 0 0 0 0 0 0 0 0 2 0 0 1 0 0 0 0 1 18 51 0 15 1 0 3 1 0 0 0 2 11 0 0 0 0 0 0 0 0 1 0 0 0 0 2 0 2 0 0 0 6 0 0 0 0 0 10 0 0 1 0 0 1 1 0 0 73 5 12 0 0 13 1 0 0 0 4 0 0 1 10 0 2 0 0 0
6959 1899 1648 5571 670 245 318 139 2 12 1 72 0 0 0 0 0 0 0 0 37 10 0 0 0 0 2 0 668 2630 1 22 11 0 0 0 0 0 0 0 301 1 0 0 0 0 1 1 2 0 2 12 408 167 7 63 9 2 0 0 0 0 0 1 0 0 42 0 0 2 0 4 1 7 0 0 2 0 0 0 6 0 315 130 254 28 1 1 0 0 1 17 7 8 4 15 2 73 6 1 1 0 8 3 0 24 1 2 2 11 6 17 0 0 0 0 0 0 0 0 0 0 0 2 0 0 0 0 0 0 0 0 9 8 0 3 0 0 0 1 0 0 0 0 4 0 0 0 0 1 0 0 0 0 0 0 0 1 0 0 1 0 0 0 1 0 0 0 0 0 2 0 1 0 0 0 0 0 0 0 18 2 1 0 0 4 0 0 0 0 2 0 0 0 5 0 1 0 0 1
6949 1648 16276 5089 35 470 246 9069 218 4105 37 11518 0 0 0 0 0 0 0 0 182 47 2 2 2 0 3 0 146 74 6 48 61 0 1 0 0 0 2 3 1456 0 4 0 0 0 1 0 4 0 8 37 555 198 25 180 10 9 0 0 1 0 1 0 3 0 83 5 0 7 4 25 3 13 10 0 5 0 2 1 44 1 729 315 906 100 5 3 5 0 1 35 25 23 3 31 61 287 12 2 16 1 135 95 12 294 20 29 18 142 164 279 0 0 0 0 0 0 0 0 0 0 0 9 2 0 1 0 0 1 1 2 100 155 0 23 0 0 1 0 0 0 0 10 32 0 1 0 0 1 0 0 0 2 0 0 2 1 0 0 12 4 0 0 6 0 0 0 0 1 18 2 0 0 0 0 1 0 0 0 260 8 16 0 0 46 0 0 0 0 32 1 0 3 107 3 7 0 0 0
13159 5571 5089 14443 3334 8068 413 227 20 308 17 1494 0 0 2 0 0 1 0 0 449 262 4 15 9 2 1 2 942 1893 17 128 129 2 0 1 0 3 0 2 1566 2 2 0 0 0 0 0 6 0 8 32 657 289 28 180 49 6 0 0 0 1 1 1 1 1 188 2 0 4 2 46 4 37 15 0 14 0 17 1 25 0 767 336 1336 176 7 10 3 0 1 48 23 14 11 100 128 114 29 2 25 8 253 194 34 526 32 36 40 299 297 546 0 1 0 0 0 0 1 0 0 0 0 14 2 1 1 0 0 0 3 2 215 329 0 38 0 0 5 0 1 0 0 13 61 0 4 0 0 0 1 0 0 3 2 0 4 6 1 1 27 3 0 5 18 0 0 0 0 2 67 0 0 0 0 0 3 0 2 0 611 17 29 1 0 107 0 2 5 1 65 0 2 7 183 9 22 0 0 1
2107 670 35 3334 10516 4372 298 85 13 16 3 511 0 2 6 1 1 1 0 0 788 1279 22 55 70 16 47 10 2208 13005 5882 1307 836 11 13 11 0 2 29 8 1303 3 37 0 2 0 13 8 11 1 11 26 842 459 30 173 1040 146 1 1 1 9 54 68 59 0 382 9 4 8 1 152 6 44 138 4 16 0 63 0 20 0 803 426 1671 309 22 4 3 0 8 35 20 21 46 2729 80 92 123 14 3 0 17 13 6 37 7 5 2 12 23 58 1 0 0 2 1 0 0 0 1 1 0 6 0 0 0 0 0 0 2 1 27 92 0 20 0 0 4 5 0 0 1 5 8 0 0 0 1 1 0 0 0 0 0 0 0 0 0 1 9 1 0 1 3 1 0 1 0 1 14 0 0 0 0 1 1 0 1 0 133 6 11 0 0 28 0 0 0 1 12 0 0 0 12 1 5 0 0 0
1722 245 470 8068 4372 7615 289 614 147 1896 492 7083 0 0 0 0 0 1 0 1 618 665 5 28 18 4 3 0 572 1013 43 2393 1854 12 1 0 0 1 0 1 1228 1 2 2 0 0 2 0 5 1 10 29 470 184 13 153 51 161 0 5 0 0 1 3 0 0 134 2 0 2 1 413 3 97 133 1 47 0 63 0 20 0 528 209 1132 113 8 3 1 2 1 25 24 9 3 313 388 176 59 6 23 10 236 191 34 508 38 28 37 249 335 632 0 0 0 0 2 0 0 0 0 0 0 21 1 0 1 0 0 0 3 2 242 377 0 40 0 0 2 2 0 2 0 11 84 0 1 0 0 0 1 1 0 6 2 1 6 11 0 4 34 16 2 11 35 1 0 0 0 0 73 2 0 0 0 0 7 0 1 0 718 19 55 0 0 177 4 3 4 2 90 2 1 3 196 9 25 0 0 0
8867 318 246 413 298 289 6649 6260 640 1214 123 684 0 0 0 0 0 0 0 0 19 7 0 2 4 1 2 1 2933 437 8 53 17 1 0 0 0 0 0 1 193 0 2 0 0 0 0 0 4 2 11 24 3308 1321 74 103 23 1 0 0 2 0 1 1 0 0 30 2 0 1 0 12 1 10 1 0 5 0 4 2 31 2 686 157 207 18 1 4 0 0 1 39 23 15 4 31 23 8201 1 1 2 2 10 7 1 27 1 1 3 20 23 18 0 0 0 0 0 0 0 0 0 0 0 1 0 0 0 0 0 0 1 0 12 23 0 8 0 1 0 1 0 0 0 0 4 0 0 0 0 0 0 0 0 0 0 0 0 0 1 0 2 0 0 0 1 0 0 0 0 0 3 0 0 0 0 0 0 0 1 0 22 0 2 0 0 5 0 0 0 0 6 0 0 0 11 0 1 0 0 0
9264 139 9069 227 85 614 6260 16372 2699 17340 995 7101 0 1 0 0 0 0 1 0 122 34 3 1 11 1 1 0 484 158 8 24 26 3 0 0 0 1 0 2 1841 3 6 0 0 0 3 1 19 0 15 64 2325 737 51 338 32 3 0 1 0 5 2 3 0 1 114 2 0 15 2 17 3 15 7 1 33 0 8 4 64 2 1851 570 1172 132 5 11 4 1 3 111 68 41 12 26 35 2654 13 0 6 0 66 47 4 131 8 11 7 87 74 105 0 0 0 0 2 0 1 0 0 1 0 4 0 0 0 0 0 0 0 0 35 62 0 10 0 0 3 4 0 0 0 1 15 0 2 0 0 0 0 0 0 1 0 0 2 0 0 1 9 2 0 0 7 0 0 0 0 1 26 1 0 1 0 1 0 0 0 0 111 3 7 0 0 29 0 1 2 0 7 3 0 3 37 0 4 0 0 0
38 2 218 20 13 147 640 2699 3759 5846 148 610 33 0 0 0 0 1 1 0 9 8 1 0 0 0 0 0 10 4 0 16 115 0 0 0 0 0 0 0 65 1 1 4 196 33 0 1 1 161 7 38 125 10 4 11 2 5 0 0 0 1 3 1 1 45 1 0 1 0 0 555 9 409 5 2 386 24 122 15 6 82 38 16 29 2 0 48 41 48 43 4 0 2 2 6 2713 1241 2 0 1 0 8 14 0 19 2 2 0 10 17 17 0 1 0 0 3 0 0 0 3 5 1 2 0 0 0 0 0 1 0 0 8 34 0 13 1 2 4 9 0 0 0 0 7 0 0 0 5 0 1 0 1 0 0 0 0 1 2 0 1 0 0 0 1 2 1 2 0 0 3 0 0 0 0 0 1 0 1 0 34 11 24 0 0 14 3 1 9 0 8 5 0 1 10 0 0 0 0 0
122 12 4105 308 16 1896 1214 17340 5846 28721 11134 21734 0 0 0 0 0 1 1 0 92 54 0 2 1 1 1 0 78 43 5 34 73 0 0 0 0 1 0 1 686 0 2 0 0 0 0 0 5 1 2 27 782 131 30 106 10 0 0 0 0 1 1 0 0 0 32 0 0 5 1 139 2 21 1 1 103 1 19 2 34 0 578 171 392 33 2 5 0 0 0 28 19 22 2 17 420 1906 4 1 45 6 394 317 34 865 54 87 70 526 475 798 0 0 0 0 0 0 0 0 1 0 0 11 3 0 2 0 0 0 4 2 267 290 2 22 0 0 5 1 0 0 1 9 63 0 0 0 0 0 1 0 0 3 1 3 7 6 2 0 21 5 4 3 20 3 0 0 0 1 51 2 3 1 0 0 3 0 1 0 597 14 23 0 0 115 2 1 8 3 68 1 8 7 322 12 20 0 0 1
6 1 37 17 3 492 123 995 148 11134 4600 7444 0 0 0 0 0 0 0 0 6 15 0 0 1 0 0 0 5 3 0 11 30 0 0 0 0 0 0 0 42 0 0 0 2 0 0 0 0 1 0 1 24 4 1 7 2 0 0 0 0 0 0 0 0 0 3 0 0 0 0 287 0 9 0 0 345 0 21 2 1 0 16 5 20 3 0 0 0 0 0 0 0 0 1 4 808 138 1 0 6 2 55 51 11 138 4 12 6 77 78 140 1 0 0 1 0 0 0 0 0 0 0 3 1 0 0 0 0 0 3 0 58 75 0 5 0 0 0 0 0 0 0 5 19 0 1 0 0 0 0 0 0 2 0 1 1 1 0 0 12 2 1 1 3 0 0 0 0 1 19 0 1 0 0 0 0 1 0 0 165 1 8 0 0 22 1 0 1 0 15 2 1 0 59 2 3 0 0 0
635 72 11518 1494 511 7083 684 7101 610 21734 7444 16272 2 0 0 0 0 0 0 0 267 332 4 14 7 1 1 0 209 304 8 1148 2118 1 0 0 0 1 1 0 928 0 0 0 5 1 0 0 4 6 6 16 340 79 5 104 28 5 0 0 0 0 1 0 0 1 63 2 1 4 2 1108 2 127 7 1 183 5 177 0 19 1 324 130 543 76 3 3 2 2 1 21 13 7 2 50 1777 553 12 1 30 10 320 286 62 802 38 36 54 430 470 832 0 0 0 0 0 0 0 0 1 0 0 29 5 1 5 0 0 0 6 4 357 652 2 66 1 0 2 0 0 0 0 15 153 1 6 0 0 1 0 1 0 5 2 1 7 3 0 4 52 16 0 8 38 0 0 0 0 3 135 1 1 0 0 0 4 0 2 0 1189 20 69 1 0 196 1 4 3 1 150 7 2 7 319 15 49 0 0 0
0 0 0 0 0 0 0 0 33 0 0 2 9530 0 0 0 1 309 4030 3 0 1 0 12 1 0 4 0 1 0 1 0 7 2 0 0 4 260 6 2 2 14 63 6109 5832 4880 0 11 2 299 0 21 3 0 0 1 0 0 0 0 10 7 6 8 3 3003 0 0 13 4 1 137 213 273 1 11 1195 1405 716 17 8 27 0 0 0 1 0 68 116 267 485 1 0 2 17 0 164 3 0 0 0 0 0 0 0 2 0 0 0 0 0 1 0 2 121 1 0 18 0 266 8 319 14 0 0 0 0 1 0 4 2 0 1 1 0 4 1 0 7 3 90 0 14 0 0 1 9 7 23 304 0 0 7 1 0 0 2 0 1 3 1 1 0 0 0 0 13 4 6 137 0 0 0 0 29 99 5 4 125 17 5 8 19 0 24 0 1 4 10 0 1 37 3 0 1 0 0 0 0 0
0 0 0 0 2 0 0 1 0 0 0 0 0 8164 8511 152 239 17 1 7 0 8 131 19 8 3 539 919 3 12 40 5 6 78 4315 8100 325 14 172 319 589 18 33 0 0 7 141 0 11 1 0 0 1 1 0 0 3 585 378 1164 10 2 40 117 294 1 9 987 7 0 1 0 3 61 534 3 0 0 0 0 0 1 0 0 2 4 3 0 0 0 6 0 0 1 18 65 0 0 4 68 0 0 0 0 1 0 0 0 0 0 0 1 8 4 0 3 30 8 4 3 75 49 27 0 0 1 0 0 0 2 0 0 3 14 2 33 3 6 63 82 6 4 4 0 0 0 0 0 40 6 1 0 0 0 0 0 0 0 0 0 0 0 0 0 1 6 0 0 0 0 0 0 0 1 1 5 0 0 0 1 9 19 39 0 1 3 0 0 0 0 0 1 1 0 0 0 0 0 0 0
1 0 0 2 6 0 0 0 0 0 0 0 0 8511 13408 7703 643 284 37 471 1 15 556 124 7 22 604 3635 5 7 26 1 12 40 822 2003 107 49 1184 126 1962 105 92 0 0 21 38 8 51 3 0 0 2 1 7 1 7 586 184 1190 59 15 73 224 808 4 6 720 35 2 1 0 4 52 541 16 1 0 0 0 1 0 2 0 0 2 4 0 3 0 23 5 0 10 48 58 1 0 2 32 0 0 0 0 0 0 0 0 0 0 0 0 24 5 9 6 41 11 11 46 61 115 37 1 0 0 2 0 0 1 0 0 0 8 5 64 5 7 90 89 26 7 7 0 0 0 2 0 62 28 5 0 0 0 0 0 0 0 0 0 1 0 0 0 1 16 1 1 0 1 1 0 1 2 0 8 0 0 7 2 9 30 36 1 0 9 0 0 0 0 2 0 0 0 0 0 0 0 0 0
0 0 0 0 1 0 0 0 0 0 0 0 0 152 7703 19645 4679 2167 201 3767 2 21 553 148 10 16 239 5001 2 3 8 5 25 129 19 115 454 694 1937 70 1656 293 138 1 1 32 10 7 102 3 0 0 0 0 7 0 6 233 20 600 175 8 33 89 251 13 6 210 141 3 0 4 30 59 198 29 0 0 1 0 1 0 1 1 0 2 4 0 17 1 44 4 1 13 72 36 1 0 10 12 0 0 0 0 0 0 0 0 0 0 0 0 9 31 111 0 7 94 7 255 102 1232 96 0 0 0 0 0 0 22 0 0 1 18 3 48 6 7 69 43 143 4 48 0 0 3 3 5 235 41 3 0 5 0 0 0 0 0 0 0 0 0 0 0 3 1 2 1 2 16 0 0 1 2 2 21 0 0 13 0 13 31 79 0 3 16 0 1 4 0 0 14 3 0 3 0 0 0 0 0
0 0 0 0 1 0 0 0 0 0 0 0 1 239 643 4679 1769 222 1405 3555 0 16 225 35 4 5 40 55 2 3 3 2 22 67 21 817 346 2549 58 20 836 38 22 6 10 10 4 1 15 4 0 1 0 0 0 0 2 210 27 1076 95 1 1 2 13 1 1 202 8 1 0 6 19 133 186 2 0 2 2 0 1 2 0 1 0 2 1 3 3 4 4 0 0 2 6 9 0 0 0 4 0 0 0 0 0 0 0 1 0 0 0 0 60 11 8 21 58 17 27 18 134 215 76 1 0 0 1 0 1 6 0 0 0 39 20 172 13 25 233 208 11 14 1 0 0 3 1 4 107 4 23 0 0 0 0 0 0 0 0 0 0 0 0 0 0 36 0 2 1 0 0 0 2 11 0 6 0 0 3 0 28 84 94 1 0 26 0 0 0 0 2 1 2 1 1 0 1 0 0 0
1 0 0 1 1 1 0 0 1 1 0 0 309 17 284 2167 222 16617 5406 461 0 22 239 551 36 18 1060 396 8 11 13 0 48 68 21 22 165 1142 1974 100 1141 1019 600 230 22 3016 14 18 87 5 0 1 3 2 3 0 22 35 4 99 7089 8 100 328 210 1389 13 44 620 4 1 39 171 192 42 230 5 5 26 0 6 2 4 4 8 5 6 4 27 5 216 5 1 13 124 11 2 0 10 16 0 1 0 0 1 0 0 4 0 0 0 0 7 234 1880 9 20 266 12 2717 108 6005 143 1 0 1 0 5 0 185 6 13 6 46 7 81 19 3 163 33 1488 2 775 0 2 5 35 122 993 1908 5 2 11 0 0 6 0 1 1 1 0 0 1 0 10 4 102 83 38 393 5 1 32 2 43 618 1 4 142 21 38 178 242 7 26 54 2 5 5 0 1 57 4 6 9 1 1 0 0 3
0 0 0 0 0 0 0 1 1 1 0 0 4030 1 37 201 1405 5406 38784 7364 1 8 27 141 8 4 316 223 0 2 2 0 122 57 12 3 518 15837 133 23 207 164 192 5913 461 3855 4 12 18 183 2 30 4 2 0 1 2 7 1 27 276 11 23 89 75 2914 5 7 29 3 2 41 2814 6295 34 33 9 303 178 16 10 87 0 0 2 1 1 80 79 87 454 2 0 1 45 7 3 0 1 5 0 0 0 0 0 1 0 8 1 0 0 0 92 215 1459 55 155 1050 129 3041 1454 11853 1437 5 1 1 2 4 1 135 8 3 9 91 20 206 50 27 710 359 1424 11 373 6 5 16 40 108 1956 1288 11 11 39 0 1 4 3 0 3 3 1 0 0 0 11 29 72 45 29 446 3 1 20 5 25 362 5 4 159 21 100 328 1442 4 25 153 1 8 36 0 4 80 6 3 16 1 0 0 0 1
0 0 0 0 0 1 0 0 0 0 0 0 3 7 471 3767 3555 461 7364 5537 0 4 210 55 6 5 60 89 0 0 0 1 17 32 10 16 110 1857 98 25 658 39 21 14 21 22 6 1 21 7 1 4 1 1 1 0 0 36 7 126 133 1 2 9 7 5 2 38 9 0 0 11 86 258 33 5 0 3 3 2 1 1 1 0 1 0 2 5 4 6 13 3 2 1 4 3 0 0 2 2 0 0 1 0 0 0 0 0 0 0 1 0 51 30 22 35 56 67 35 33 434 790 204 1 1 0 2 1 1 17 0 0 0 28 6 111 25 19 355 171 12 11 3 0 0 2 1 6 277 16 12 2 2 0 0 0 0 0 0 0 1 0 0 0 0 25 0 2 0 8 0 0 0 10 2 4 0 1 6 0 36 92 179 0 5 23 1 1 4 0 0 4 1 1 4 0 0 0 0 0
233 37 182 449 788 618 19 122 9 92 6 267 0 0 1 2 0 0 1 0 9054 8113 747 697 128 183 15 3 44 175 286 180 397 95 3 5 9 45 3 30 1363 1 20 1 0 2 55 0 2 0 0 1 98 6 45 3743 47 170 7 55 2 0 7 12 3 0 26 61 5 1 2 116 77 61 330 1 6 0 45 0 2 0 255 17 4530 33 49 0 3 0 1 5 2 1 12 1576 22 8 95 48 0 0 1 3 0 9 0 0 0 1 5 10 4 2 0 1 0 0 0 0 3 3 0 4 0 0 0 0 0 1 1 1 16 64 2 56 0 1 22 4 1 1 0 2 9 0 1 0 2 0 0 0 0 0 0 0 1 0 0 0 2 0 0 0 2 2 0 0 0 0 7 0 0 1 0 0 0 0 1 0 45 33 35 0 0 14 0 0 0 0 5 0 0 1 6 0 1 0 0 1
57 10 47 262 1279 665 7 34 8 54 15 332 1 8 15 21 16 22 8 4 8113 43199 8317 1704 6815 2331 361 21 152 400 699 398 1164 461 23 23 53 438 16 1524 1445 188 791 5 2 34 737 15 50 3 0 5 119 55 7 160 226 566 32 296 30 18 144 160 23 1 314 532 25 10 3 371 410 291 1410 18 11 0 222 1 7 0 434 238 9341 1648 624 8 16 4 45 4 3 19 339 4152 35 6 3250 190 1 1 3 2 2 5 0 1 2 3 7 9 20 8 2 2 18 0 7 4 12 9 4 13 1 0 2 0 0 7 1 0 23 171 18 326 2 5 121 105 1 7 2 2 14 0 1 0 11 13 18 0 0 0 0 0 4 0 0 0 4 1 1 1 19 22 0 2 0 0 8 0 1 6 2 10 1 0 11 1 84 129 112 1 4 32 0 0 0 0 11 6 2 0 4 0 1 0 0 1
0 0 2 4 22 5 0 3 1 0 0 4 0 131 556 553 225 239 27 210 747 8317 14095 8933 2062 6365 1653 148 109 98 73 33 567 436 65 65 200 591 108 5628 8618 2885 1440 1 1 36 830 7 196 0 0 2 57 44 5 8 173 109 49 143 92 29 47 62 9 4 189 323 18 10 5 99 435 45 301 34 1 0 43 0 6 0 62 54 131 135 151 8 22 2 55 6 3 44 282 205 2 0 109 64 0 0 0 0 0 0 0 0 0 1 0 1 8 2 0 1 25 1 0 1 8 9 2 2 1 0 0 0 0 0 0 0 0 19 6 54 2 1 41 54 1 1 2 0 1 0 0 0 11 4 9 0 4 0 0 0 0 1 0 0 0 0 0 0 0 13 0 0 1 0 1 0 0 5 1 9 0 0 11 0 13 27 16 1 3 5 0 0 2 0 2 6 0 0 1 0 0 0 0 0
6 0 2 15 55 28 2 1 0 2 0 14 12 19 124 148 35 551 141 55 697 1704 8933 12032 538 2698 7909 53 90 119 181 21 35 11 138 173 16 31 224 6662 2626 10170 3192 12 3 888 444 15 378 1 0 0 47 30 4 11 274 18 30 18 533 23 61 202 71 61 158 194 157 4 8 14 20 14 110 56 1 0 7 1 5 0 52 57 90 105 87 11 46 9 223 14 4 56 331 192 2 0 203 118 0 1 0 0 0 0 0 0 0 0 0 0 2 0 6 2 2 1 1 31 3 31 0 0 0 0 0 1 0 0 0 0 0 7 1 10 0 1 9 9 15 1 10 0 0 1 1 1 2 100 0 0 2 0 1 0 0 0 1 0 0 0 0 0 0 4 11 5 2 6 0 0 0 1 15 51 0 1 28 4 3 5 2 0 9 1 0 0 0 0 0 3 0 0 0 0 0 0 0 0
15 0 2 9 70 18 4 11 0 1 1 7 1 8 7 10 4 36 8 6 128 6815 2062 538 12981 1230 610 31 261 54 379 12 17 7 44 97 1 6 16 1727 768 129 906 1 1 28 3988 18 13 3 2 4 229 113 2 42 508 3 13 7 27 31 252 295 49 3 1211 884 44 10 5 6 7 20 76 21 0 0 5 0 3 0 360 465 1769 2149 6480 0 11 1 62 5 2 20 353 157 1 1 3843 854 0 0 1 0 0 0 0 0 0 0 1 2 3 2 0 1 4 1 1 1 3 2 0 2 0 0 1 0 0 0 0 0 2 11 3 26 0 0 13 5 2 2 0 0 4 0 0 0 0 11 2 0 0 0 0 0 0 0 0 0 0 0 0 0 2 2 2 0 0 0 0 0 0 0 0 7 1 0 9 2 9 3 5 0 3 0 0 1 0 0 1 4 0 0 0 0 0 0 0 0
1 0 0 2 16 4 1 1 0 1 0 1 0 3 22 16 5 18 4 5 183 2331 6365 2698 1230 3998 1198 3 42 21 15 10 25 13 14 4 11 11 14 8476 1158 248 504 0 0 13 321 4 34 0 1 1 21 17 2 0 64 12 2 12 5 6 32 36 3 0 106 51 8 3 4 7 16 3 26 6 0 0 7 0 1 0 21 29 45 74 42 3 9 1 28 2 0 12 117 87 1 0 63 7 0 0 0 0 0 0 0 0 0 0 0 1 1 2 0 0 2 0 0 0 1 1 0 0 0 0 0 0 0 1 0 0 0 0 2 6 0 0 1 2 2 0 0 0 0 0 0 0 2 0 1 0 0 0 0 0 0 0 0 0 0 0 0 0 0 0 1 2 0 0 0 0 0 0 0 2 0 0 3 1 3 3 1 0 3 1 0 0 0 0 0 0 0 0 0 0 0 0 0 0
3 2 3 1 47 3 2 1 0 1 0 1 4 539 604 239 40 1060 316 60 15 361 1653 7909 610 1198 30612 8647 189 351 708 2 14 4 2643 1563 24 43 279 9665 1272 662 1152 4 1 250 625 24 75 0 0 0 84 74 9 6 686 145 258 64 256 34 396 941 742 40 319 853 75 6 9 2 5 27 899 56 0 0 1 0 4 0 74 72 117 148 189 3 15 3 98 5 4 18 370 382 0 0 343 640 0 0 0 0 0 0 0 1 0 0 0 0 5 23 86 3 14 63 4 427 24 570 22 2 0 0 0 0 0 17 0 0 0 10 0 36 1 5 37 25 242 0 54 0 0 1 3 4 42 184 2 0 2 0 0 0 0 0 0 1 0 0 0 0 0 3 8 7 7 18 0 0 2 1 5 71 0 1 21 3 4 14 34 1 4 3 0 1 0 0 0 3 0 1 1 0 0 0 0 0
0 0 0 2 10 0 1 0 0 0 0 0 0 919 3635 5001 55 396 223 89 3 21 148 53 31 3 8647 13251 23 59 156 5 5 15 1314 435 41 35 4455 107 406 90 56 5 0 75 67 11 16 0 0 0 5 6 2 0 78 304 243 220 179 9 110 940 2445 46 27 656 46 4 2 0 5 10 696 22 0 0 1 0 0 0 4 5 10 8 25 0 3 0 31 1 1 4 48 213 0 0 31 199 0 0 0 0 0 0 0 1 0 0 0 0 1 44 202 5 5 137 2 992 16 1410 43 0 0 0 0 0 0 30 4 2 0 7 2 12 2 3 27 21 614 2 150 0 2 1 3 12 120 298 4 0 0 0 0 0 0 0 0 0 0 0 0 0 2 3 13 11 2 33 0 0 7 2 9 102 0 0 16 2 4 13 45 3 6 9 0 2 1 0 1 6 1 0 0 0 0 0 0 1
6705 668 146 942 2208 572 2933 484 10 78 5 209 1 3 5 2 2 8 0 0 44 152 109 90 261 42 189 23 27885 7449 892 189 135 5 19 34 0 3 28 112 266 20 205 0 1 11 150 4 12 2 8 40 10903 19120 116 108 7740 26 5 0 14 12 119 168 70 3 2350 137 22 10 3 32 5 23 96 7 4 0 10 2 24 0 1801 1585 283 64 326 4 8 1 17 45 29 14 152 428 20 4768 214 223 0 0 0 3 3 9 0 2 1 3 5 8 1 1 0 0 1 0 0 2 1 2 0 0 0 0 0 0 0 1 0 0 6 33 0 20 0 1 4 7 3 0 0 2 5 0 0 0 0 4 1 0 0 0 0 0 1 1 1 1 1 0 0 0 7 1 0 1 1 0 2 0 0 0 2 0 0 0 4 1 39 9 7 1 1 9 0 0 0 0 1 1 0 0 3 0 1 0 0 0
11805 2630 74 1893 13005 1013 437 158 4 43 3 304 0 12 7 3 3 11 2 0 175 400 98 119 54 21 351 59 7449 20094 7820 269 190 5 47 84 0 0 91 69 644 22 285 0 1 15 103 19 14 0 11 42 2424 1607 38 144 4230 28 8 1 17 38 259 445 222 3 537 201 49 11 6 34 7 24 273 37 2 0 15 2 27 2 1122 488 830 157 300 7 11 1 43 46 27 23 283 2126 9 225 111 308 0 0 4 7 1 16 2 0 1 3 9 18 2 4 2 2 5 2 2 2 4 10 1 3 0 0 2 0 0 1 1 1 10 47 3 34 0 0 15 7 2 1 0 1 5 0 4 0 2 7 1 0 0 0 0 1 1 0 0 0 3 1 0 0 3 3 0 1 2 2 3 0 0 2 1 5 1 0 11 1 58 20 15 0 3 10 0 0 1 0 2 1 0 1 4 0 4 0 0 1
30 1 6 17 5882 43 8 8 0 5 0 8 1 40 26 8 3 13 2 0 286 699 73 181 379 15 708 156 892 7820 9356 4 11 4 126 246 6 5 189 157 436 28 412 0 0 13 215 29 5 0 3 2 403 309 5 60 7944 28 15 4 24 44 435 720 451 3 1075 607 93 10 4 3 3 17 1016 42 0 0 2 0 8 0 342 284 727 550 1305 0 19 2 60 11 3 14 327 978 1 6 6817 6763 0 0 0 1 0 0 0 0 0 0 1 1 4 3 2 0 2 0 3 5 3 13 2 0 0 0 0 0 0 1 2 0 4 16 1 39 2 2 24 15 2 0 6 0 3 0 1 0 2 9 4 0 2 0 0 0 1 0 0 0 0 0 0 0 2 4 1 3 1 0 1 0 0 0 4 5 1 0 10 2 13 16 12 0 3 5 2 0 0 0 4 0 0 0 0 0 0 0 0 0
220 22 48 128 1307 2393 53 24 16 34 11 1148 0 5 1 5 2 0 0 1 180 398 33 21 12 10 2 5 189 269 4 949 5645 1734 2 0 1 4 22 1 424 1 1 0 1 6 1 0 4 3 4 12 214 61 12 62 11 2947 0 95 3 0 2 3 6 0 27 1 9 1 2 555 53 106 3592 1 42 3 161 0 7 1 251 74 267 33 2 3 1 0 4 18 11 7 2 2638 213 30 15 4 9 3 44 41 19 115 11 5 6 49 91 170 0 0 1 0 1 0 0 2 0 3 0 20 3 0 1 0 0 0 4 0 86 204 1 39 0 0 7 3 1 0 0 5 37 0 0 0 0 2 2 1 0 3 1 0 4 2 0 1 22 1 2 4 13 1 0 1 0 0 35 1 0 0 0 0 4 2 1 0 367 21 56 1 1 84 0 0 1 2 46 1 5 5 44 4 24 0 0 0
117 11 61 129 836 1854 17 26 115 73 30 2118 7 6 12 25 22 48 122 17 397 1164 567 35 17 25 14 5 135 190 11 5645 9351 1207 3 8 19 116 53 3 1034 10 5 17 24 89 6 2 7 21 9 45 478 88 22 143 13 1524 222 1426 88 3 2 3 4 13 32 420 20 5 4 2757 2192 1084 1254 9 201 18 430 6 27 8 504 141 433 50 3 16 6 7 13 42 21 21 5 3581 1138 71 28 9 8 6 113 113 34 324 25 16 15 149 226 443 26 19 8 6 26 2 8 16 17 29 4 72 10 0 19 0 0 7 7 8 266 1128 36 680 6 9 212 127 10 9 2 21 166 1 3 0 12 8 18 1 3 11 5 1 12 13 2 5 61 23 5 8 73 32 0 2 4 4 120 2 7 9 5 12 17 0 1 0 1385 355 403 2 0 318 1 0 5 4 181 2 9 17 113 11 33 0 0 5
5 0 0 2 11 12 1 3 0 0 0 1 2 78 40 129 67 68 57 32 95 461 436 11 7 13 4 15 5 5 4 1734 1207 4648 11 327 1314 1505 102 6 411 11 3 0 6 69 4 2 4 5 1 10 69 7 5 28 0 1439 725 4367 119 2 2 6 9 5 4 878 28 0 2 61 1540 261 848 10 6 2 36 1 7 2 95 15 53 6 4 6 1 0 5 6 4 5 3 196 8 0 11 11 1 0 0 6 2 1 0 0 0 4 4 10 14 17 3 8 31 5 7 21 18 27 6 25 9 1 3 2 0 5 2 6 18 298 14 330 3 11 169 99 10 7 3 1 20 0 0 1 20 11 24 0 0 0 0 0 2 1 0 4 10 1 0 0 20 18 2 2 1 3 15 1 3 12 0 10 2 0 1 1 156 236 114 1 0 64 0 0 0 0 19 2 0 2 2 0 6 1 0 3
1 0 1 0 13 1 0 0 0 0 0 0 0 4315 822 19 21 21 12 10 3 23 65 138 44 14 2643 1314 19 47 126 2 3 11 5814 4026 24 8 35 2635 281 24 112 0 0 11 1369 4 10 0 0 0 7 11 2 2 79 223 895 154 11 7 87 194 147 3 30 797 14 1 0 0 1 48 397 7 0 0 0 0 0 0 3 8 12 16 24 0 0 1 13 0 0 4 48 111 0 0 52 167 0 0 0 0 0 0 0 0 0 0 0 1 3 4 5 3 12 14 4 49 37 121 20 0 0 1 1 0 0 3 0 0 1 5 1 21 1 5 46 43 39 6 7 0 0 1 1 0 24 12 2 0 0 0 0 0 0 0 0 0 1 0 0 0 0 3 2 0 0 0 0 0 0 1 0 7 0 0 2 0 1 13 23 0 1 3 0 0 0 0 0 1 1 0 0 0 0 0 0 0
0 0 0 1 11 0 0 0 0 0 0 0 0 8100 2003 115 817 22 3 16 5 23 65 173 97 4 1563 435 34 84 246 0 8 327 4026 2638 1582 57 124 591 134 20 230 0 1 15 988 9 6 0 0 0 13 11 2 1 184 255 2138 368 23 6 205 579 267 0 49 1481 23 2 1 0 1 35 831 11 0 1 1 0 3 0 9 4 18 31 111 1 4 0 29 1 0 4 136 88 0 1 131 498 0 0 0 0 0 0 0 1 1 0 0 0 36 7 4 10 28 5 14 7 33 30 12 0 1 0 1 0 0 2 0 0 0 21 7 72 1 9 98 106 2 8 2 0 0 2 1 0 33 11 15 0 1 0 0 0 0 0 0 0 0 0 0 0 1 24 1 2 0 0 0 0 0 4 2 9 0 0 2 0 16 34 14 0 0 5 0 0 0 0 0 0 2 0 0 0 0 1 0 1
0 0 0 0 0 0 0 0 0 0 0 0 4 325 107 454 346 165 518 110 9 53 200 16 1 11 24 41 0 0 6 1 19 1314 24 1582 1680 276 74 13 615 10 8 213 14 46 6 0 8 15 0 2 1 0 0 0 2 275 58 1545 106 0 1 3 9 11 1 246 10 0 0 3 40 235 224 2 0 11 27 0 1 2 2 0 3 0 2 2 6 4 16 0 0 0 3 19 0 0 1 9 0 0 0 0 0 0 0 0 0 0 0 0 83 21 3 33 91 11 46 23 59 79 20 5 0 1 5 2 1 14 1 1 5 78 31 342 10 27 333 276 11 35 2 0 6 2 0 2 73 4 35 0 1 0 0 0 1 0 0 1 0 0 0 0 5 67 0 4 3 3 2 1 2 34 3 8 0 0 0 0 53 146 108 0 0 33 0 0 0 0 1 0 0 0 2 0 0 0 0 1
2 0 0 3 2 1 0 1 0 1 0 1 260 14 49 694 2549 1142 15837 1857 45 438 591 31 6 11 43 35 3 0 5 4 116 1505 8 57 276 10800 142 21 697 54 30 2632 307 1346 13 2 11 179 4 22 39 2 2 3 4 198 149 701 858 3 5 7 10 387 3 246 29 2 3 23 4415 3523 134 10 13 130 47 20 8 70 23 9 21 4 5 61 42 76 213 5 1 2 14 24 6 0 7 6 2 2 0 2 1 13 0 1 0 1 8 9 339 114 97 139 462 87 141 458 556 1045 242 81 6 9 32 7 0 57 8 6 70 751 174 2163 60 144 1722 1520 244 106 47 3 51 5 5 9 455 216 184 2 3 2 1 0 5 2 1 1 8 6 2 2 43 319 10 20 10 68 18 0 13 144 15 60 3 1 34 6 457 1139 838 3 7 206 2 2 5 0 29 15 9 15 16 0 12 2 0 5
1 0 2 0 29 0 0 0 0 0 0 1 6 172 1184 1937 58 1974 133 98 3 16 108 224 16 14 279 4455 28 91 189 22 53 102 35 124 74 142 22345 40 444 526 429 18 2 441 58 290 50 3 0 2 10 3 1 5 82 697 168 725 6137 134 1117 2597 6190 131 23 914 4547 10 6 11 34 22 1342 530 12 1 15 0 1 1 11 6 7 14 49 0 56 10 346 1 2 23 237 437 2 0 21 199 0 2 0 0 2 1 0 0 0 0 0 0 5 35 437 4 9 26 2 996 10 988 10 1 0 1 1 13 1 70 4 6 2 20 5 28 4 2 48 31 452 4 260 1 1 6 31 35 102 1672 4 0 12 0 0 2 2 0 0 0 1 1 0 1 8 5 143 153 32 91 4 2 14 2 60 811 1 2 232 49 15 50 36 4 53 13 0 3 4 2 1 49 10 6 1 0 2 0 0 3
2 0 3 2 8 1 1 2 0 1 0 0 2 319 126 70 20 100 23 25 30 1524 5628 6662 1727 8476 9665 107 112 69 157 1 3 6 2635 591 13 21 40 8283 2133 633 1457 0 2 40 6476 11 67 2 0 0 63 37 4 4 257 34 137 22 43 20 144 210 37 2 250 535 23 7 0 2 0 32 135 20 0 0 0 0 2 0 54 53 89 135 212 4 10 1 75 3 2 30 314 53 0 0 228 128 0 0 0 0 0 0 0 0 0 0 0 0 10 1 1 5 15 2 6 6 22 21 18 0 0 0 0 2 0 5 0 0 1 15 2 29 1 2 39 58 3 4 2 0 1 1 1 0 16 15 0 0 2 0 0 0 0 0 0 0 1 0 0 0 2 5 0 0 1 1 2 0 0 2 3 5 1 0 8 0 4 8 20 0 1 6 0 0 0 0 0 3 2 0 1 0 0 0 0 0
2815 301 1456 1566 1303 1228 193 1841 65 686 42 928 2 589 1962 1656 836 1141 207 658 1363 1445 8618 2626 768 1158 1272 406 266 644 436 424 1034 411 281 134 615 697 444 2133 8706 3857 1680 11 10 298 474 77 2611 21 391 539 263 55 1611 1292 212 360 39 253 594 109 105 131 83 18 169 304 106 182 118 348 294 257 748 176 31 1 207 20 639 15 519 65 1103 132 130 303 311 34 366 3617 530 1577 1243 1487 73 97 126 111 6 4 19 25 10 42 5 2 3 26 41 88 5 4 7 0 10 3 4 21 5 26 4 26 6 0 3 1 0 2 3 3 77 388 9 154 0 3 49 35 9 2 3 11 48 1 2 3 6 25 8 4 9 4 1 3 8 6 12 13 20 10 0 1 21 4 3 7 3 2 29 4 0 7 9 14 15 6 33 5 430 110 99 1 8 151 7 7 28 3 51 31 7 11 38 2 12 1 0 3
0 1 0 2 3 1 0 3 1 0 0 0 14 18 105 293 38 1019 164 39 1 188 2885 10170 129 248 662 90 20 22 28 1 10 11 24 20 10 54 526 633 3857 11951 6943 15 2 889 97 38 1890 5 1 3 14 5 2 3 60 20 14 72 1184 50 39 111 107 50 39 58 174 11 14 1 21 3 49 147 2 0 5 1 12 0 10 16 19 25 16 22 78 11 407 33 6 140 628 23 0 0 30 17 0 0 0 0 0 0 0 0 0 0 0 0 0 1 9 0 1 1 1 21 2 21 1 0 0 0 0 1 0 2 0 0 0 3 0 7 0 0 1 4 10 0 5 0 0 2 4 0 2 61 0 0 1 0 0 0 0 1 0 1 0 0 0 0 0 0 3 9 1 6 0 0 0 0 12 40 1 1 26 7 1 1 0 0 5 0 0 0 3 0 0 19 1 0 0 0 0 0 0 0
9 0 4 2 37 2 2 6 1 2 0 0 63 33 92 138 22 600 192 21 20 791 1440 3192 906 504 1152 56 205 285 412 1 5 3 112 230 8 30 429 1457 1680 6943 10956 71 74 2575 472 413 6819 97 10 11 98 88 2 7 631 15 55 17 1860 253 972 4612 283 205 385 254 1248 103 97 13 20 8 230 1671 34 4 37 2 77 3 111 94 208 254 150 127 661 169 4057 247 44 1161 6590 203 10 0 337 276 0 0 0 0 1 0 0 1 0 0 0 0 0 4 50 2 3 2 0 82 7 50 2 0 0 1 1 3 0 9 0 1 2 15 4 22 1 0 13 10 25 0 9 1 0 17 53 4 26 506 2 14 37 0 2 8 3 0 1 5 0 0 0 0 4 1 30 112 29 54 0 1 2 1 218 366 7 12 576 120 13 25 7 0 174 7 4 17 23 0 0 221 23 0 1 0 0 0 0 0
0 0 0 0 0 2 0 0 4 0 0 0 6109 0 0 1 6 230 5913 14 1 5 1 12 1 0 4 5 0 0 0 0 17 0 0 0 213 2632 18 0 11 15 71 14105 2917 3028 1 13 3 614 7 63 3 0 0 1 3 0 0 1 117 11 13 27 14 1160 0 0 21 3 4 297 2872 3759 1 26 628 3321 5056 41 23 156 4 0 1 0 0 180 173 428 1050 2 1 9 32 1 24 0 0 1 0 0 0 0 0 2 0 0 0 1 0 0 29 18 98 15 57 116 17 395 213 979 170 0 1 0 2 0 0 14 0 0 4 40 3 126 9 13 173 144 201 5 31 0 1 4 11 3 172 213 8 2 9 0 0 1 2 2 2 5 0 0 0 0 3 18 18 15 7 97 1 0 0 4 29 73 4 3 131 17 44 91 257 1 20 16 1 11 15 0 2 64 3 2 3 1 1 1 0 0
1 0 0 0 2 0 0 0 196 0 2 5 5832 0 0 1 10 22 461 21 0 2 1 3 1 0 1 0 1 1 0 1 24 6 0 1 14 307 2 2 10 2 74 2917 13685 5137 0 28 10 8888 22 160 7 1 1 0 2 0 0 1 9 43 45 5 4 3568 1 0 17 16 19 544 386 304 2 50 3943 1488 1568 229 89 419 3 0 0 0 0 1269 1337 6086 3556 9 0 30 104 0 1063 19 1 0 0 0 1 0 0 4 0 2 1 1 3 2 1 0 17 0 1 1 1 1 1 14 0 1 0 0 0 2 0 2 0 1 1 10 2 6 2 0 10 1 1 1 0 0 1 17 72 14 12 339 0 42 104 0 0 20 14 3 13 48 0 0 0 0 1 0 4 68 57 159 1 0 0 0 401 159 33 32 1105 156 11 11 4 0 245 17 12 122 132 0 0 766 45 0 1 0 0 0 0 0
1 0 0 0 0 0 0 0 33 0 0 1 4880 7 21 32 10 3016 3855 22 2 34 36 888 28 13 250 75 11 15 13 6 89 69 11 15 46 1346 441 40 298 889 2575 3028 5137 6604 11 53 156 477 0 2 2 2 1 1 31 14 2 32 961 39 345 1529 364 7582 14 16 386 11 6 183 788 160 80 132 500 115 515 13 11 19 7 8 4 8 6 118 269 501 2334 10 4 36 323 28 147 2 15 16 0 0 0 0 3 2 0 0 0 1 1 0 4 31 1216 6 5 54 3 1579 27 1623 17 1 1 2 0 17 1 67 3 3 6 54 2 36 2 1 81 12 631 1 234 2 7 39 327 114 257 4306 6 11 35 0 1 16 1 0 1 1 0 1 0 3 6 3 344 411 83 618 3 3 23 1 305 2087 2 7 1429 273 42 173 65 6 365 35 3 26 15 0 1 270 24 10 1 0 0 1 0 2
3 1 1 0 13 2 0 3 0 0 0 0 0 141 38 10 4 14 4 6 55 737 830 444 3988 321 625 67 150 103 215 1 6 4 1369 988 6 13 58 6476 474 97 472 1 0 11 4423 19 13 0 0 1 67 50 0 5 418 16 844 17 17 16 147 199 131 3 350 2600 29 2 2 1 2 72 106 16 0 0 0 0 2 0 63 69 158 258 2314 4 7 1 32 3 3 17 190 37 0 0 461 244 0 0 0 0 2 0 0 0 0 0 0 1 10 9 0 4 21 3 6 3 18 8 2 1 0 1 3 1 0 2 1 0 1 31 13 102 4 4 58 72 1 2 0 1 2 0 0 0 11 5 6 1 0 0 0 0 0 0 0 0 0 1 0 0 1 14 1 4 0 0 2 0 2 4 2 4 0 0 6 1 15 29 25 0 1 7 0 1 0 0 0 3 1 0 0 0 0 0 0 0
1 1 0 0 8 0 0 1 1 0 0 0 11 0 8 7 1 18 12 1 0 15 7 15 18 4 24 11 4 19 29 0 2 2 4 9 0 2 290 11 77 38 413 13 28 53 19 27276 149 244 6 22 5 5 1 3 30 8 5 11 132 12336 3222 363 833 49 14 21 3631 584 1843 2 5 4 53 12358 10 2 3 8 423 8 2 4 7 6 8 461 2745 188 1739 44 56 444 2119 32 6 0 13 30 0 0 0 0 0 0 0 1 0 0 0 0 1 0 19 0 1 1 0 2 1 6 0 0 0 0 1 4 1 5 1 2 1 1 1 1 1 0 10 3 5 0 1 1 0 82 66 18 35 160 3 89 299 1 5 157 3 4 3 14 0 0 0 0 0 0 3 115 109 26 0 1 5 0 408 84 45 69 940 117 14 33 4 1 218 32 33 73 233 0 1 1023 164 1 4 0 0 0 0 2
29 2 4 6 11 5 4 19 1 5 0 4 2 11 51 102 15 87 18 21 2 50 196 378 13 34 75 16 12 14 5 4 7 4 10 6 8 11 50 67 2611 1890 6819 3 10 156 13 149 19061 38 35 18 13 3 13 25 11 19 1 7 173 298 85 33 29 14 15 13 115 166 151 6 3 10 17 353 3 0 3 4 135 4 22 2 3 9 3 236 641 61 453 3251 80 5049 7951 20 2 0 8 4 0 0 0 0 0 1 0 0 0 0 0 0 0 1 1 0 0 0 0 4 0 1 0 0 0 0 0 0 0 0 0 0 1 9 0 2 0 0 0 1 1 0 0 0 1 2 7 1 0 18 0 4 9 0 0 5 2 1 1 14 0 0 0 0 1 0 0 6 4 2 1 0 0 0 19 21 8 2 50 9 7 3 4 0 9 4 1 7 16 0 2 48 6 0 0 0 0 0 0 0
1 0 0 0 1 1 2 0 161 1 1 6 299 1 3 3 4 5 183 7 0 3 0 1 3 0 0 0 2 0 0 3 21 5 0 0 15 179 3 2 21 5 97 614 8888 477 0 244 38 16988 93 1439 6 0 15 7 1 0 0 1 7 212 88 7 4 1720 1 0 56 57 63 313 224 642 0 285 3191 678 665 1274 470 3850 5 0 3 1 2 4826 3577 8891 2141 61 11 92 247 5 1090 17 0 2 0 0 0 0 0 2 0 1 0 1 4 2 0 0 9 0 0 0 0 5 0 7 1 0 0 0 1 0 1 1 0 1 3 13 0 7 0 0 10 2 2 2 0 1 2 35 46 15 14 95 0 112 379 2 3 130 86 10 62 202 1 0 0 0 2 0 1 66 79 90 0 1 3 0 250 32 106 108 833 57 14 22 4 2 134 16 116 751 993 0 0 1720 160 0 8 0 0 0 0 0
40 2 8 8 11 10 11 15 7 2 0 6 0 0 0 0 0 0 2 1 0 0 0 0 2 1 0 0 8 11 3 4 9 1 0 0 0 4 0 0 391 1 10 7 22 0 0 6 35 93 10683 13227 118 5 369 161 1 4 0 1 0 13 1 0 1 54 1 1 0 478 24 15 5 38 8 3 42 21 16 926 2168 301 153 3 1 0 1 264 66 11 5 8542 5971 759 55 9 16 2 1 0 0 0 1 0 1 1 0 1 0 0 0 1 0 0 0 0 0 0 0 0 0 1 0 1 0 0 0 0 0 0 0 0 1 6 0 2 0 0 0 0 0 0 0 2 0 0 1 1 1 0 0 8 5 1 1 2 310 22 429 192 2 0 0 0 2 0 0 1 0 3 0 0 0 0 2 0 79 13 3 0 11 3 6 0 1 11 72 19 113 0 0 9 19 0 9 0 0 0 0 0
113 12 37 32 26 29 24 64 38 27 1 16 21 0 0 0 1 1 30 4 1 5 2 0 4 1 0 0 40 42 2 12 45 10 0 0 2 22 2 0 539 3 11 63 160 2 1 22 18 1439 13227 38230 478 7 1395 425 5 5 0 1 0 55 10 1 1 688 4 1 6 1221 76 64 47 393 15 25 630 188 99 18661 8685 3243 597 4 22 4 0 1377 355 38 34 5335 7074 248 40 30 197 10 2 1 1 0 0 1 1 1 0 16 0 2 0 3 0 0 4 0 1 0 0 0 0 4 1 0 0 1 0 0 0 1 4 0 7 33 0 7 1 0 4 0 1 1 0 24 9 6 11 4 18 0 0 97 37 22 7 61 2690 442 4506 1790 33 0 0 0 3 0 0 5 4 16 5 0 1 0 5 0 853 97 26 0 52 15 34 0 6 135 897 151 1221 0 13 117 197 0 67 2 2 0 0 2
4592 408 555 657 842 470 3308 2325 125 782 24 340 3 1 2 0 0 3 4 1 98 119 57 47 229 21 84 5 10903 2424 403 214 478 69 7 13 1 39 10 63 263 14 98 3 7 2 67 5 13 6 118 478 16549 6579 4805 562 1537 121 3 14 5 8 66 68 31 7 1408 86 8 28 9 293 83 273 245 12 60 0 182 32 193 12 3505 617 1037 208 179 38 10 2 14 333 172 60 82 463 308 7964 215 120 2 2 8 11 4 36 3 1 3 10 32 57 2 1 0 4 1 1 1 1 3 3 1 23 3 2 4 1 0 2 4 0 70 375 5 154 1 0 26 13 0 2 0 10 38 0 0 1 1 0 2 0 0 4 0 0 6 1 14 4 19 6 0 2 35 4 0 0 0 0 38 2 2 2 1 2 1 0 1 1 340 94 100 1 2 135 4 1 4 0 53 1 0 9 25 2 16 0 0 2
1839 167 198 289 459 184 1321 737 10 131 4 79 0 1 1 0 0 2 2 1 6 55 44 30 113 17 74 6 19120 1607 309 61 88 7 11 11 0 2 3 37 55 5 88 0 1 2 50 5 3 0 5 7 6579 7745 20 21 1634 10 1 3 6 8 52 59 24 0 2871 59 5 2 4 31 8 28 49 9 2 0 17 0 1 0 897 3100 49 99 129 1 1 0 9 7 3 5 48 191 8 2531 135 76 2 0 3 5 3 7 0 1 0 4 6 20 0 0 1 0 2 0 1 0 1 1 0 1 0 0 2 0 0 0 0 1 12 62 0 19 0 1 7 2 0 0 0 0 4 0 0 0 1 1 0 0 0 1 0 0 0 0 0 0 2 0 0 1 2 1 0 0 0 0 9 0 0 0 0 1 0 0 1 2 63 12 13 1 0 23 0 0 0 0 6 0 0 1 3 1 0 0 0 1
118 7 25 28 30 13 74 51 4 30 1 5 0 0 7 7 0 3 0 1 45 7 5 4 2 2 9 2 116 38 5 12 22 5 2 2 0 2 1 4 1611 2 2 0 1 1 0 1 13 15 369 1395 4805 20 16299 1074 11 6 0 4 0 3 3 1 0 2 10 2 0 63 10 13 3 18 14 0 11 5 9 109 458 37 4986 5 378 4 1 49 9 1 2 1898 442 81 9 17 6 410 3 0 0 0 0 0 0 2 0 1 0 0 1 3 0 0 0 0 1 0 0 1 0 0 0 2 0 0 1 0 0 0 0 0 2 14 0 5 0 0 5 0 0 0 0 1 3 0 0 0 0 0 0 1 1 1 0 0 34 2 31 19 1 0 0 0 4 0 0 0 0 0 1 0 0 0 0 0 7 2 1 0 20 5 8 0 0 5 0 2 8 0 2 3 0 0 2 0 0 0 0 0
525 63 180 180 173 153 103 338 11 106 7 104 1 0 1 0 0 0 1 0 3743 160 8 11 42 0 6 0 108 144 60 62 143 28 2 1 0 3 5 4 1292 3 7 1 0 1 5 3 25 7 161 425 562 21 1074 2350 25 37 0 4 1 2 6 7 3 2 18 9 0 44 11 59 16 53 63 2 3 1 33 19 244 8 8223 77 3458 30 7 37 10 0 2 739 231 88 22 165 8 21 31 8 2 0 4 2 0 7 1 0 0 2 10 18 1 0 0 0 0 0 0 0 0 2 0 8 4 1 1 0 0 0 0 1 18 92 3 35 0 0 5 2 0 1 0 3 13 1 1 0 0 0 0 0 1 0 0 0 8 3 17 2 5 2 1 1 4 0 0 0 0 0 11 0 3 0 0 0 1 0 0 0 88 24 28 0 0 37 4 1 13 0 16 3 2 1 9 2 2 0 0 0
70 9 10 49 1040 51 23 32 2 10 2 28 0 3 7 6 2 22 2 0 47 226 173 274 508 64 686 78 7740 4230 7944 11 13 0 79 184 2 4 82 257 212 60 631 3 2 31 418 30 11 1 1 5 1537 1634 11 25 6510 11 16 1 37 45 408 620 235 2 2730 705 73 9 5 5 3 12 283 40 0 0 2 0 4 0 463 218 154 477 1240 7 12 1 87 7 3 16 396 238 3 22 2814 1337 0 0 0 0 1 0 0 0 0 1 1 0 2 3 3 0 7 0 2 4 1 3 1 1 0 0 0 0 0 0 0 0 0 18 2 31 0 2 23 15 1 0 2 0 1 1 1 0 0 21 3 0 0 0 0 0 0 0 0 0 0 1 0 0 1 6 2 0 0 2 0 0 0 1 5 6 0 0 6 1 10 7 11 0 2 5 0 1 0 0 1 1 0 0 1 0 0 0 0 0
6 2 9 6 146 161 1 3 5 0 0 5 0 585 586 233 210 35 7 36 170 566 109 18 3 12 145 304 26 28 28 2947 1524 1439 223 255 275 198 697 34 360 20 15 0 0 14 16 8 19 0 4 5 121 10 6 37 11 4718 107 2129 32 1 32 136 217 4 13 2834 116 1 1 165 238 79 6851 20 5 1 41 0 11 1 132 28 101 15 10 3 4 0 12 17 4 7 10 1138 24 1 21 62 6 1 4 11 2 21 1 2 1 7 12 28 6 4 6 6 10 1 0 26 2 32 1 12 3 0 4 0 0 4 1 2 27 122 8 122 2 2 47 40 18 1 6 0 17 0 1 3 6 12 7 0 0 0 0 0 2 1 0 0 5 2 0 0 11 11 3 3 2 0 9 0 0 4 3 9 1 0 3 1 109 69 37 0 0 37 0 0 0 0 24 0 2 4 8 1 3 0 0 1
0 0 0 0 1 0 0 0 0 0 0 0 0 378 184 20 27 4 1 7 7 32 49 30 13 2 258 243 5 8 15 0 222 725 895 2138 58 149 168 137 39 14 55 0 0 2 844 5 1 0 0 0 3 1 0 0 16 107 3928 5080 4 5 36 130 190 1 4 949 12 0 1 2 69 36 15 2 0 0 0 0 0 0 0 0 1 6 9 0 0 0 10 1 0 1 19 2 0 0 17 15 0 0 0 0 0 0 0 0 0 0 0 0 8 10 1 5 18 2 0 7 7 18 8 0 0 0 0 0 0 1 0 1 1 22 4 88 2 4 53 91 2 4 3 0 1 0 0 0 8 5 8 1 0 0 0 0 0 0 0 0 0 0 0 0 3 15 0 0 0 0 1 0 1 7 0 4 0 0 1 0 5 33 23 0 0 1 0 0 0 0 0 0 0 0 0 0 0 0 0 0
2 0 0 0 1 5 0 1 0 0 0 0 0 1164 1190 600 1076 99 27 126 55 296 143 18 7 12 64 220 0 1 4 95 1426 4367 154 368 1545 701 725 22 253 72 17 1 1 32 17 11 7 1 1 1 14 3 4 4 1 2129 5080 2101 177 2 10 39 76 6 2 1639 199 0 1 18 581 29 694 34 0 0 8 0 0 0 10 4 37 5 2 4 1 0 35 3 2 2 7 20 0 0 4 3 0 1 0 0 1 0 0 0 0 0 0 4 6 6 13 4 12 6 10 57 5 51 4 7 4 0 1 0 0 2 1 4 6 66 6 99 1 5 57 49 26 6 8 0 5 2 0 1 7 21 8 0 0 0 0 0 0 2 0 0 4 1 0 0 3 7 2 1 0 4 2 0 1 6 1 11 0 0 2 0 55 80 19 0 3 21 0 0 1 1 2 2 1 1 3 0 1 1 0 0
2 0 1 0 1 0 2 0 0 0 0 0 10 10 59 175 95 7089 276 133 2 30 92 533 27 5 256 179 14 17 24 3 88 119 11 23 106 858 6137 43 594 1184 1860 117 9 961 17 132 173 7 0 0 5 6 0 1 37 32 4 177 16797 60 558 1962 278 385 14 39 12223 12 4 50 188 48 67 4404 5 2 45 1 7 0 4 7 12 3 13 9 81 7 1216 10 3 30 335 23 6 1 11 23 0 0 0 0 1 0 0 0 0 0 0 0 2 13 424 1 5 7 3 277 20 373 13 0 0 1 0 11 0 51 9 2 0 19 4 22 3 2 40 16 118 3 124 2 1 22 117 34 98 1390 4 7 5 0 1 1 1 1 0 0 0 2 0 0 4 2 118 206 32 90 2 2 9 1 108 853 2 0 449 109 17 70 39 1 131 12 3 3 4 0 0 75 9 7 0 0 0 0 0 3
4 0 0 1 9 0 0 5 1 1 0 0 7 2 15 8 1 8 11 1 0 18 29 23 31 6 34 9 12 38 44 0 3 2 7 6 0 3 134 20 109 50 253 11 43 39 16 12336 298 212 13 55 8 8 3 2 45 1 5 2 60 16268 7570 231 251 22 16 18 809 8559 2853 0 5 5 53 2008 20 2 9 19 619 25 8 9 13 15 9 557 3592 201 1004 121 327 2546 5911 34 12 0 20 25 0 1 0 0 1 0 0 0 0 0 0 0 0 0 8 0 0 0 0 1 0 7 0 0 0 0 0 0 1 3 3 2 1 1 0 1 1 0 4 0 2 3 1 1 1 58 15 8 6 65 1 121 381 1 6 152 5 4 5 28 1 1 0 0 0 0 1 64 50 14 0 1 6 0 159 29 35 82 458 40 4 10 3 1 68 20 81 85 473 0 0 1112 164 0 7 0 0 0 0 2
5 0 1 1 54 1 1 2 3 1 0 1 6 40 73 33 1 100 23 2 7 144 47 61 252 32 396 110 119 259 435 2 2 2 87 205 1 5 1117 144 105 39 972 13 45 345 147 3222 85 88 1 10 66 52 3 6 408 32 36 10 558 7570 12041 8200 3291 55 200 223 8865 330 154 2 2 3 503 3413 9 1 7 2 66 7 62 59 80 102 90 63 957 163 2629 15 38 433 7081 290 3 0 154 337 0 0 0 0 0 0 0 1 0 0 0 0 1 1 19 0 1 1 0 12 3 32 1 0 0 0 1 2 1 2 0 1 1 5 0 5 0 2 13 3 12 1 4 1 0 23 43 9 14 209 1 9 45 0 1 25 2 0 0 4 0 1 0 0 0 0 9 89 27 31 0 0 1 0 213 189 9 12 485 111 7 14 3 0 122 8 7 23 34 1 0 257 43 0 1 0 0 0 0 1
7 1 0 1 68 3 1 3 1 0 0 0 8 117 224 89 2 328 89 9 12 160 62 202 295 36 941 940 168 445 720 3 3 6 194 579 3 7 2597 210 131 111 4612 27 5 1529 199 363 33 7 0 1 68 59 1 7 620 136 130 39 1962 231 8200 12280 6946 106 258 666 2015 27 22 1 6 13 1099 954 7 1 7 0 6 0 68 69 100 115 113 9 83 14 1693 1 1 59 2581 617 3 1 219 598 0 0 0 0 0 0 0 0 0 0 0 0 1 4 45 0 1 6 0 119 18 93 4 0 0 0 0 3 0 8 1 0 0 5 1 11 2 0 16 10 75 2 19 0 0 10 18 6 17 435 4 1 5 0 1 3 1 1 0 0 0 0 0 0 1 2 47 57 3 24 0 0 1 0 52 321 0 4 209 39 6 14 6 1 74 3 0 2 4 0 1 49 4 2 1 0 0 0 0 0
1 0 3 1 59 0 0 0 1 0 0 0 3 294 808 251 13 210 75 7 3 23 9 71 49 3 742 2445 70 222 451 6 4 9 147 267 9 10 6190 37 83 107 283 14 4 364 131 833 29 4 1 1 31 24 0 3 235 217 190 76 278 251 3291 6946 11617 58 59 866 9757 15 26 2 6 4 1270 854 7 1 5 0 5 3 23 14 20 23 59 12 81 15 391 2 2 27 319 658 2 0 50 459 0 0 0 0 3 0 0 0 0 0 0 0 2 11 108 0 2 7 2 278 5 234 4 0 0 0 0 3 0 17 2 7 0 5 0 9 4 2 12 6 113 2 67 1 0 7 26 11 37 605 2 0 4 0 0 3 0 0 0 0 1 0 0 0 4 1 50 70 18 33 1 1 8 0 65 396 0 3 241 51 6 18 7 1 79 7 1 0 4 0 0 43 4 1 0 0 0 0 0 0
1 0 0 1 0 0 0 1 45 0 0 1 3003 1 4 13 1 1389 2914 5 0 1 4 61 3 0 40 46 3 3 3 0 13 5 3 0 11 387 131 2 18 50 205 1160 3568 7582 3 49 14 1720 54 688 7 0 2 2 2 4 1 6 385 22 55 106 58 2329 0 4 231 11 9 132 193 957 6 101 1731 1134 340 336 125 562 6 0 0 0 0 473 322 695 2917 13 4 10 87 1 422 8 1 1 0 0 0 0 2 1 0 1 0 1 0 2 0 2 548 0 1 4 1 152 11 223 3 0 0 0 0 7 0 8 0 0 2 11 1 2 3 0 25 2 21 1 8 1 0 20 289 56 111 1515 1 9 15 0 0 17 12 1 16 22 0 0 0 0 0 0 56 68 10 596 0 0 1 1 103 279 14 13 618 85 25 66 20 0 109 11 10 20 45 0 1 153 19 2 2 0 0 0 0 0
266 42 83 188 382 134 30 114 1 32 3 63 0 9 6 6 1 13 5 2 26 314 189 158 1211 106 319 27 2350 537 1075 27 32 4 30 49 1 3 23 250 169 39 385 0 1 14 350 14 15 1 1 4 1408 2871 10 18 2730 13 4 2 14 16 200 258 59 0 8287 331 29 5 4 9 5 26 113 16 1 0 10 1 4 1 1568 13712 384 3149 765 1 8 0 35 3 2 12 228 265 1 10 1686 595 0 0 1 1 0 2 0 0 0 1 0 1 0 0 1 1 3 0 0 1 2 0 0 0 0 0 1 0 0 0 0 0 6 22 3 16 0 0 9 3 0 0 1 0 2 0 1 1 1 8 0 0 0 0 0 0 1 0 0 0 0 0 0 1 2 2 0 1 0 0 2 0 0 2 1 6 0 0 2 0 18 11 8 0 0 7 0 1 0 0 3 4 0 0 1 0 1 0 0 0
6 0 5 2 9 2 2 2 0 0 0 2 0 987 720 210 202 44 7 38 61 532 323 194 884 51 853 656 137 201 607 1 420 878 797 1481 246 246 914 535 304 58 254 0 0 16 2600 21 13 0 1 1 86 59 2 9 705 2834 949 1639 39 18 223 666 866 4 331 6128 143 7 3 13 209 146 4805 34 0 0 4 0 1 0 76 60 145 246 1058 1 10 2 35 6 3 7 157 44 0 0 830 1771 0 0 0 2 1 7 0 1 0 0 4 2 25 16 7 10 34 6 9 37 19 42 8 9 2 1 7 1 1 8 0 1 16 159 23 389 5 13 188 175 23 13 12 1 9 0 0 4 21 35 22 1 2 1 1 0 0 0 0 0 5 2 0 1 9 34 1 1 5 1 7 1 1 14 2 20 0 0 12 2 65 158 60 0 4 20 0 0 0 0 7 2 1 2 1 0 0 0 0 1
1 0 0 0 4 0 0 0 1 0 0 1 13 7 35 141 8 620 29 9 5 25 18 157 44 8 75 46 22 49 93 9 20 28 14 23 10 29 4547 23 106 174 1248 21 17 386 29 3631 115 56 0 6 8 5 0 0 73 116 12 199 12223 809 8865 2015 9757 231 29 143 10263 63 79 5 15 8 240 12909 10 0 19 0 14 0 8 5 7 12 13 22 398 56 2958 14 7 63 729 75 4 0 20 53 0 0 0 0 0 0 0 0 0 0 0 0 1 1 168 1 1 2 1 105 3 112 2 0 0 0 0 12 0 17 4 1 1 23 2 12 2 1 23 9 21 2 36 1 3 29 161 34 67 1607 4 12 38 3 4 12 0 0 0 0 1 0 0 0 5 0 125 273 48 74 2 2 8 1 382 1202 3 7 1181 247 19 62 12 0 352 14 0 15 15 0 1 269 28 5 2 0 0 0 0 0
18 2 7 4 8 2 1 15 0 5 0 4 4 0 2 3 1 4 3 0 1 10 10 4 10 3 6 4 10 11 10 1 5 0 1 2 0 2 10 7 182 11 103 3 16 11 2 584 166 57 478 1221 28 2 63 44 9 1 0 0 12 8559 330 27 15 11 5 7 63 9575 7295 2 1 3 10 240 2 0 4 9 4313 29 51 4 5 2 2 788 1243 32 156 628 6225 1530 814 9 2 0 6 3 0 0 0 0 1 0 0 2 0 0 0 1 0 0 1 0 0 0 0 0 0 0 0 0 0 0 0 0 1 0 1 0 2 7 0 2 0 0 0 0 0 0 0 2 1 3 3 3 1 6 0 23 51 0 0 14 13 15 16 79 1 0 0 0 1 0 0 5 11 1 0 1 0 0 25 4 50 31 64 5 5 3 5 0 22 2 35 18 229 0 0 177 42 0 1 0 0 0 0 1
6 0 4 2 1 1 0 2 0 1 0 2 1 1 1 0 0 1 2 0 2 3 5 8 5 4 9 2 3 6 4 2 4 2 0 1 0 3 6 0 118 14 97 4 19 6 2 1843 151 63 24 76 9 4 10 11 5 1 1 1 4 2853 154 22 26 9 4 3 79 7295 5365 2 1 1 1 408 10 2 4 6 4200 34 12 1 3 3 0 1577 2470 44 219 257 480 1150 594 4 2 2 1 5 0 0 0 0 0 1 0 0 0 0 0 1 0 0 3 0 0 1 0 1 0 0 0 0 0 1 0 0 0 2 0 1 0 1 0 1 0 0 0 0 0 4 0 0 1 18 3 2 0 9 0 49 102 0 3 28 19 7 15 55 0 0 0 0 0 0 0 15 11 2 1 0 0 0 29 4 45 61 98 4 4 2 0 1 10 13 84 28 357 0 0 280 66 0 3 0 0 0 0 0
37 4 25 46 152 413 12 17 555 139 287 1108 137 0 0 4 6 39 41 11 116 371 99 14 6 7 2 0 32 34 3 555 2757 61 0 0 3 23 11 2 348 1 13 297 544 183 1 2 6 313 15 64 293 31 13 59 5 165 2 18 50 0 2 1 2 132 9 13 5 2 2 8141 1708 2985 206 3 9097 338 7175 31 30 95 268 73 191 14 1 96 58 108 130 14 8 12 11 348 8328 260 11 0 16 13 195 157 71 447 32 23 28 216 335 656 11 10 3 11 28 6 9 6 26 34 8 93 18 1 14 0 0 6 13 7 382 1504 30 585 3 3 159 100 6 6 1 29 232 0 4 0 24 12 17 2 3 8 5 0 18 13 0 11 80 30 2 7 80 13 2 1 2 2 151 7 13 6 6 11 24 3 15 3 1959 348 638 1 1 532 1 4 11 5 252 10 13 15 219 11 59 1 0 5
4 1 3 4 6 3 1 3 9 2 0 2 213 3 4 30 19 171 2814 86 77 410 435 20 7 16 5 5 5 7 3 53 2192 1540 1 1 40 4415 34 0 294 21 20 2872 386 788 2 5 3 224 5 47 83 8 3 16 3 238 69 581 188 5 2 6 6 193 5 209 15 1 1 1708 7841 3649 119 15 132 172 2536 24 15 76 91 26 60 5 9 68 57 89 241 12 4 7 8 53 42 2 10 5 1 3 4 9 8 25 0 0 0 7 8 19 65 41 27 27 101 29 34 122 149 276 80 58 14 4 21 1 1 17 7 12 78 879 80 1351 12 37 623 425 45 28 11 4 53 1 0 2 109 53 53 1 2 3 2 0 7 4 1 4 31 5 1 2 60 75 6 6 4 14 36 3 14 39 10 30 10 2 23 2 437 730 647 0 3 153 0 1 2 0 54 13 3 12 11 1 8 1 0 2
25 7 13 37 44 97 10 15 409 21 9 127 273 61 52 59 133 192 6295 258 61 291 45 14 20 3 27 10 23 24 17 106 1084 261 48 35 235 3523 22 32 257 3 8 3759 304 160 72 4 10 642 38 393 273 28 18 53 12 79 36 29 48 5 3 13 4 957 26 146 8 3 1 2985 3649 4666 167 3 10626 2826 4784 159 106 437 302 67 187 20 30 428 86 94 51 37 7 17 9 115 4051 52 8 17 4 3 7 17 11 42 3 10 6 20 38 83 67 22 41 30 91 30 32 57 193 455 70 31 10 2 3 0 0 11 4 7 55 529 17 529 16 31 595 371 16 15 3 3 41 0 1 8 223 18 24 3 3 3 2 1 9 1 9 16 17 9 0 0 20 49 0 9 3 7 24 3 5 16 4 7 5 3 6 0 632 440 2946 1 2 277 7 3 43 1 52 21 4 4 48 0 10 0 0 2
21 0 10 15 138 133 1 7 5 1 0 7 1 534 541 198 186 42 34 33 330 1410 301 110 76 26 899 696 96 273 1016 3592 1254 848 397 831 224 134 1342 135 748 49 230 1 2 80 106 53 17 0 8 15 245 49 14 63 283 6851 15 694 67 53 503 1099 1270 6 113 4805 240 10 1 206 119 167 9456 55 6 1 78 0 12 0 259 55 211 55 2774 1 15 2 67 25 6 12 228 3026 16 4 172 4930 2 1 7 9 8 18 1 1 2 9 12 24 20 9 10 6 34 3 10 54 8 56 4 20 5 0 4 0 0 6 4 4 49 286 23 348 3 10 139 110 31 7 9 3 33 1 1 2 17 30 23 1 1 2 0 0 3 3 0 0 15 6 2 0 17 26 2 2 2 7 18 0 1 16 9 22 2 1 15 4 163 157 94 0 4 40 0 0 0 0 28 5 1 6 3 1 5 0 0 0
1 0 0 0 4 1 0 1 2 1 0 1 11 3 16 29 2 230 33 5 1 18 34 56 21 6 56 22 7 37 42 1 9 10 7 11 2 10 530 20 176 147 1671 26 50 132 16 12358 353 285 3 25 12 9 0 2 40 20 2 34 4404 2008 3413 954 854 101 16 34 12909 240 408 3 15 3 55 17123 39 4 20 11 215 18 12 5 6 17 7 221 9414 111 7321 74 50 327 2609 31 12 0 13 37 0 0 0 0 0 0 0 1 0 0 0 2 3 1 57 0 1 3 0 7 3 11 3 2 0 0 0 4 0 5 0 6 0 13 1 4 3 0 24 3 10 1 4 4 4 99 149 39 78 583 1 79 258 0 8 193 4 3 5 13 0 0 0 0 3 2 4 224 104 77 3 1 6 1 609 305 38 79 1596 253 24 68 12 2 377 42 32 98 161 1 0 1077 176 2 4 1 0 0 0 0
