49004 13029 16267 2226 1194 1424 15367 11383 789 1366 160 1189 1 5 2 1 2 3 3 2 119 141 12 4 47 5 2 1 10061 6726 270 57 307 25 0 0 6 19 1 6 776 3 13 11 5 1 8 17 44 12 100 334 849 1602 400 444 59 22 2 4 2 4 14 8 3 10 494 39 6 39 33 288 51 107 97 3 141 8 160 49 260 41 2135 686 2159 264 15 49 19 18 22 281 152 44 37 64 169 4627 66 20 96 56 254 496 59 165 26 32 121 35 126 321 0 1 0 1 1 1 4 0 6 1 3 37 13 2 15 0 0 0 113 19 30 118 1 32 0 1 30 28 1 5 0 23 58 1 2 1 11 1 1 0 0 6 0 0 4 9 24 6 14 87 5 60 12 0 0 0 0 3 101 47 13 1 0 2 3 2 0 0 180 48 60 2 0 144 4 1 7 12 40 1 1 4 120 19 74 11 0 4
13029 23932 8264 14633 2553 1454 401 74 72 206 231 1273 0 6 3 1 2 3 0 0 183 184 9 3 37 1 1 1 455 6215 445 25 252 12 3 1 1 12 4 5 508 3 2 4 0 0 4 2 21 1 23 93 115 246 89 217 55 5 1 0 4 4 5 2 2 5 240 11 5 13 10 406 26 78 23 0 128 8 146 25 71 16 566 244 1126 190 12 20 7 3 6 85 40 8 18 20 163 187 107 3 205 111 589 984 94 318 50 45 223 51 246 643 1 0 0 1 3 0 1 0 1 2 1 43 20 1 16 0 0 0 193 38 76 115 0 17 0 0 7 6 0 1 0 40 90 1 1 1 3 1 0 0 1 5 0 5 2 4 5 2 18 100 0 81 14 1 0 0 0 2 134 63 4 3 2 1 0 0 0 0 234 30 42 1 0 167 4 2 2 16 48 0 0 15 239 43 94 5 0 3
16267 8264 27496 14399 167 1427 1620 6450 754 8212 1490 12812 1 3 5 0 0 2 2 1 137 154 6 8 29 0 5 0 558 305 98 21 148 12 1 0 0 7 0 3 519 4 8 8 3 0 2 2 17 1 50 145 262 435 138 247 51 1 1 2 4 4 3 3 1 8 281 13 2 12 12 311 33 92 43 2 96 8 107 18 128 16 823 298 1251 201 9 19 15 8 10 139 68 13 23 21 511 687 81 7 258 126 1232 1177 116 511 82 78 317 138 448 970 0 0 1 1 3 1 3 0 1 1 0 55 14 1 19 0 0 0 210 39 69 117 0 23 1 0 6 10 0 6 0 37 89 2 2 0 9 0 0 0 0 11 0 3 4 9 11 3 24 90 6 87 23 0 1 0 0 6 114 59 8 0 1 0 1 2 4 1 277 40 62 1 0 210 3 3 1 14 41 0 0 8 353 51 87 8 1 1
2226 14633 14399 21475 6297 9526 231 115 124 452 306 6594 0 7 4 3 2 1 1 2 178 278 19 1 38 4 1 2 174 1767 714 33 197 10 1 1 1 7 1 2 322 0 3 5 2 1 3 0 5 2 11 27 50 97 57 92 38 3 0 0 1 3 4 4 2 1 106 7 2 9 4 332 19 56 16 0 91 5 94 5 25 3 223 151 574 151 5 4 2 2 8 30 15 3 6 35 337 97 132 7 293 155 1026 1339 109 656 74 46 362 131 502 1178 0 2 0 1 2 0 2 0 1 0 2 33 21 5 25 0 0 0 198 54 96 94 0 5 0 1 6 6 1 10 0 27 68 1 4 0 6 1 3 0 0 3 0 1 4 4 3 1 20 86 5 71 16 2 1 0 0 3 92 63 3 1 0 0 2 0 3 0 296 18 53 0 0 185 0 4 3 10 31 1 0 6 415 53 74 10 0 2
1194 2553 167 6297 15850 8578 302 16 34 31 34 2381 0 55 25 5 22 9 8 11 228 452 41 15 43 7 9 12 629 7665 9155 715 913 84 6 6 24 48 20 5 386 3 21 2 0 5 12 18 10 0 14 29 74 179 40 87 211 79 10 8 13 12 32 12 22 2 166 28 51 9 6 229 59 68 73 10 72 5 77 3 40 2 233 158 563 181 8 8 3 2 15 26 13 7 19 2182 99 207 140 22 50 33 150 263 25 80 20 14 46 12 44 168 1 0 1 2 0 1 3 2 8 3 4 21 11 2 9 0 0 1 83 16 22 50 0 8 0 0 11 13 6 1 3 11 39 1 2 0 12 11 1 0 0 3 1 2 0 4 4 0 7 48 2 42 7 1 4 3 0 1 54 23 8 0 2 2 3 0 5 0 95 20 25 1 0 88 1 1 6 6 20 0 1 0 89 18 42 0 0 0
1424 1454 1427 9526 8578 19100 524 98 150 287 109 15089 0 40 40 10 17 9 7 15 416 866 69 26 65 4 14 12 491 2787 2465 1720 1861 90 6 6 19 47 10 13 576 8 20 9 2 2 11 12 15 5 14 42 112 220 58 82 90 53 13 5 10 13 30 13 17 10 183 18 47 4 8 297 61 76 89 9 97 10 100 11 37 6 266 172 745 217 15 4 7 1 16 38 17 7 15 885 477 243 196 6 222 103 661 977 81 439 57 58 272 90 355 809 1 3 1 4 4 1 4 5 8 1 4 44 14 1 24 0 0 1 140 39 80 93 1 7 3 1 15 21 3 13 1 15 54 1 4 1 15 17 0 0 1 4 0 5 4 6 5 0 19 76 2 60 14 1 4 2 3 5 72 53 7 2 0 2 0 0 3 0 253 38 73 0 3 168 0 1 4 4 36 4 0 6 355 44 78 4 0 3
15367 401 1620 231 302 524 13394 10010 3360 3575 664 798 1 5 1 0 1 0 1 0 22 25 2 2 8 2 1 3 2231 1700 100 33 112 7 0 0 0 4 0 0 58 1 3 3 6 2 2 0 4 10 15 46 341 773 96 45 30 10 0 1 0 1 5 0 0 8 88 12 3 3 3 112 20 40 63 0 78 9 44 5 26 6 425 74 217 21 13 6 3 5 0 31 18 4 5 32 705 6101 16 4 10 6 54 64 7 28 3 5 13 9 18 63 0 0 0 0 0 0 2 1 2 1 2 4 1 0 3 0 0 0 25 3 9 27 0 6 0 0 10 10 1 0 0 6 13 0 0 0 6 0 0 0 0 0 0 0 0 3 2 1 2 13 1 6 0 1 0 2 0 1 15 13 1 0 0 0 1 0 0 0 30 24 14 1 0 34 1 0 2 0 6 0 0 2 25 2 7 0 0 1
11383 74 6450 115 16 98 10010 29648 3599 19842 2348 1267 0 2 0 0 1 0 0 0 12 11 1 0 5 0 1 0 263 177 22 6 32 5 1 0 0 4 0 0 89 0 1 0 1 1 0 1 9 4 21 68 196 309 76 73 9 4 0 0 0 1 0 2 0 3 91 7 2 8 5 31 13 20 24 1 28 3 28 9 45 4 398 113 305 20 5 9 0 2 1 44 30 5 5 11 146 991 7 2 15 7 55 68 2 38 10 5 51 9 30 61 0 0 0 0 1 0 1 0 3 0 1 1 1 0 1 0 0 0 7 0 3 13 0 7 0 1 6 5 0 0 0 2 7 0 0 0 5 0 0 0 0 2 0 0 3 0 4 0 2 10 0 2 2 0 0 0 0 0 9 2 3 0 0 0 0 0 1 0 21 17 5 1 0 22 1 0 0 1 5 0 0 1 27 4 12 0 0 0
789 72 754 124 34 150 3360 3599 4414 3639 762 1006 12 1 0 0 0 0 1 0 5 10 3 0 1 0 0 1 82 114 31 11 81 4 1 0 0 2 1 0 12 0 1 16 102 7 1 2 3 127 8 33 165 92 67 12 31 3 1 0 0 0 0 0 1 119 25 1 3 1 2 311 17 518 11 0 692 51 112 37 17 64 71 23 34 8 1 21 8 25 31 8 2 0 3 21 5642 4249 3 1 12 4 29 53 6 35 8 21 38 16 40 54 0 0 0 1 1 1 1 2 4 1 0 7 1 1 3 0 0 0 12 1 2 26 0 6 0 0 8 4 0 0 0 4 9 0 1 0 1 2 0 0 4 2 0 0 6 2 13 5 0 14 1 4 2 0 1 0 0 0 15 4 0 0 1 2 1 5 4 1 23 14 15 0 4 28 6 2 6 2 10 2 0 3 27 5 14 0 0 0
1366 206 8212 452 31 287 3575 19842 3639 42143 12669 19677 2 1 1 0 2 0 1 0 12 20 3 1 0 0 1 0 114 98 26 5 140 2 0 0 0 1 1 0 44 1 1 1 1 2 2 0 2 8 7 14 117 105 46 31 12 0 1 1 0 0 3 1 0 10 41 6 2 0 1 383 9 39 7 1 154 3 98 4 14 3 143 52 118 23 3 0 4 1 1 15 9 6 2 14 4777 1233 11 1 72 11 275 399 23 297 47 55 284 104 273 528 0 0 0 0 0 0 2 1 2 0 0 15 1 0 4 0 0 0 36 6 41 20 0 5 1 0 7 5 0 3 0 7 18 0 3 0 2 1 0 1 0 0 0 1 1 0 0 1 6 20 2 17 3 0 1 0 0 3 22 8 3 0 0 0 0 0 2 0 88 7 28 0 0 44 1 2 0 3 4 0 0 4 208 14 15 1 1 0
160 231 1490 306 34 109 664 2348 762 12669 5283 5742 0 0 1 0 1 2 0 0 11 15 4 0 2 1 1 0 39 57 30 3 174 2 1 0 0 5 0 1 17 0 0 3 1 0 0 0 0 1 1 2 24 28 6 4 10 1 0 0 0 0 0 1 0 5 15 0 0 1 1 217 15 34 1 0 188 4 37 1 3 2 24 11 29 3 0 2 2 1 0 1 0 0 1 5 2117 340 2 1 69 15 246 352 20 239 35 39 178 78 193 454 0 0 0 0 0 1 1 0 1 0 2 6 5 0 7 0 0 0 31 8 23 18 0 5 0 1 5 1 0 2 1 5 10 0 3 1 2 0 1 0 1 1 0 3 2 2 0 1 3 15 3 14 12 0 0 0 0 1 20 16 1 0 0 0 0 0 1 1 83 8 32 1 0 47 0 1 2 4 10 1 0 1 226 18 16 1 0 2
1189 1273 12812 6594 2381 15089 798 1267 1006 19677 5742 50980 12 37 21 5 32 31 28 14 319 740 69 25 75 20 15 10 672 1504 969 442 3575 73 6 0 15 100 19 34 500 10 17 37 17 3 13 10 8 10 13 41 148 273 55 95 250 53 7 5 12 10 16 9 14 21 278 39 34 9 7 1247 320 210 118 5 336 31 241 10 30 15 356 204 564 166 27 10 6 6 17 43 16 7 16 412 3703 527 132 9 438 195 1514 2218 170 1156 153 175 693 341 1139 2397 1 2 6 2 4 2 17 10 24 5 12 99 50 6 52 1 1 3 281 63 188 197 0 45 2 0 44 31 8 24 2 50 138 6 10 3 31 13 7 0 2 12 0 14 10 10 2 1 42 164 10 125 38 2 3 3 1 15 155 91 20 1 2 9 6 1 8 0 593 68 177 4 1 375 5 4 4 18 80 1 1 18 1039 114 156 16 0 10
1 0 1 0 0 0 1 0 12 2 0 12 7991 3 3 28 48 200 11051 42 1 4 6 58 0 0 37 112 4 1 1 1 27 6 1 0 1 521 170 3 15 15 61 5770 3594 5886 3 18 14 105 0 5 0 3 0 1 1 1 0 0 104 17 21 32 116 1896 1 1 59 3 15 122 241 1427 2 14 375 97 307 5 11 17 0 1 1 2 0 42 38 76 824 5 2 1 23 1 44 7 2 0 0 0 1 0 0 0 0 2 1 0 0 2 8 78 687 12 2 69 10 1178 57 864 15 3 0 1 1 44 2 40 7 1 0 11 0 4 3 1 17 39 448 8 151 3 5 47 51 12 113 1805 2 5 22 2 0 5 0 1 3 5 0 3 0 0 3 0 198 184 17 327 9 17 7 3 35 286 1 12 116 16 7 15 76 4 39 7 2 5 19 1 1 29 22 9 2 0 2 0 1 0
5 6 3 7 55 40 5 2 1 1 0 37 3 15301 12862 1571 954 334 105 106 114 387 959 634 67 142 2033 1608 261 130 453 115 180 1051 3819 4392 1547 223 531 613 996 145 303 27 11 16 494 36 111 5 0 1 14 33 9 12 186 1325 749 1121 77 45 121 219 367 16 163 872 332 18 14 14 42 60 1941 16 3 27 16 1 11 1 37 26 72 32 11 12 30 10 49 86 10 18 109 746 5 13 37 18 1 0 0 3 1 2 0 0 0 0 1 5 40 46 17 92 11 210 75 68 160 390 161 25 8 22 56 9 20 76 3 0 4 39 4 26 47 10 48 97 45 105 21 0 32 26 6 2 138 51 7 0 9 0 2 6 0 0 0 5 0 2 0 0 2 8 13 35 10 6 9 5 8 3 18 50 1 3 31 0 10 31 19 2 10 33 0 3 11 1 2 5 14 3 0 0 17 6 1 2
2 3 5 4 25 40 1 0 0 1 1 21 3 12862 18654 9749 1600 1050 222 1333 80 304 697 443 56 175 1533 3387 133 62 201 64 115 277 492 164 429 109 1374 328 821 164 195 21 13 14 110 51 117 12 2 3 5 13 12 4 84 356 95 230 86 59 111 125 494 19 67 186 502 25 18 22 34 38 666 30 2 19 18 0 13 4 15 16 51 25 2 10 43 13 84 111 8 22 107 352 3 2 24 11 0 1 1 0 1 0 0 1 0 0 1 5 52 56 31 59 12 125 77 110 156 316 107 42 17 29 80 12 30 91 2 4 1 45 0 21 50 8 47 96 75 120 39 1 25 32 8 2 139 69 8 3 11 2 2 3 1 1 1 4 2 2 0 0 3 13 10 43 12 5 7 6 4 7 20 46 1 6 25 4 15 50 19 0 8 37 0 2 10 2 2 20 8 4 0 1 13 6 2 4
1 1 0 3 5 10 0 0 0 0 0 5 28 1571 9749 17553 398 3901 3119 1540 20 94 338 807 37 164 1232 4984 13 7 21 14 136 207 160 9 403 316 2021 132 728 213 295 32 23 50 41 81 236 15 3 6 2 6 10 4 14 38 10 26 141 80 93 90 207 30 19 52 588 42 24 12 29 49 68 62 5 31 7 5 29 7 6 6 12 13 0 27 85 25 109 202 13 58 194 61 0 1 13 4 0 1 1 0 1 0 0 1 0 0 0 2 174 425 279 87 13 680 31 673 294 2307 107 16 8 56 85 100 141 776 1 2 6 23 3 16 136 11 26 58 336 166 273 1 33 98 31 9 359 262 16 14 27 5 9 7 1 4 3 6 0 2 0 0 3 10 27 216 34 12 6 9 9 4 45 126 8 17 43 10 8 25 58 6 10 24 0 5 31 4 1 39 61 5 3 2 3 2 2 5
2 2 0 2 22 17 1 1 0 2 1 32 48 954 1600 398 1477 505 1610 949 64 306 350 101 63 194 27 18 21 25 48 51 307 338 29 4 835 666 98 421 214 33 49 64 23 42 92 11 15 15 1 2 0 10 1 4 6 132 22 58 42 8 13 11 8 30 26 52 47 3 2 49 99 159 234 7 6 52 20 0 4 7 14 15 50 21 5 3 3 6 31 18 3 2 16 262 5 2 16 3 1 1 3 8 0 3 1 3 2 0 3 9 57 32 26 60 30 72 165 43 297 172 169 68 37 42 118 23 38 70 3 2 7 70 4 62 77 21 136 242 38 185 27 9 43 53 7 5 279 61 31 4 6 2 4 5 1 1 1 3 3 3 0 1 7 34 17 47 16 4 12 9 5 6 15 50 3 3 16 0 51 121 60 0 5 124 1 2 4 14 7 5 17 5 3 0 26 11 4 11
3 3 2 1 9 9 0 0 0 0 2 31 200 334 1050 3901 505 13540 2837 382 20 79 169 2068 22 65 1360 1432 17 8 15 26 519 296 56 5 387 1449 5670 99 806 338 821 42 123 833 36 128 153 14 3 2 2 11 11 5 9 37 9 9 4360 70 118 369 696 298 36 27 1128 19 30 72 251 46 48 123 6 10 43 0 18 2 15 7 17 14 3 34 45 23 175 191 4 25 160 54 8 1 16 1 0 0 1 2 1 0 0 0 1 0 1 4 56 699 1425 40 19 405 43 1555 192 1928 62 4 6 12 19 188 76 701 11 8 8 50 3 36 63 11 48 95 1402 57 928 2 29 120 107 32 311 2374 16 21 48 1 14 18 1 2 1 7 2 8 0 1 11 8 313 757 71 155 12 18 13 10 66 492 8 23 91 12 11 30 43 2 33 25 2 9 53 5 4 48 60 15 8 0 10 2 1 1
3 0 2 1 8 7 1 0 1 1 0 28 11051 105 222 3119 1610 2837 69777 6617 44 237 262 723 39 157 678 565 18 11 13 18 327 97 160 6 127 4556 299 248 308 107 331 7053 1010 3830 44 77 98 393 13 61 4 9 6 6 9 22 11 6 292 69 84 134 201 875 36 28 133 30 55 89 495 3542 39 45 40 242 105 54 57 161 6 13 35 22 3 124 115 186 1254 97 11 25 135 46 11 6 30 3 2 5 1 7 2 1 0 3 0 0 1 9 451 1142 2124 433 46 2484 340 3907 1590 10316 880 117 56 180 389 257 318 1794 22 6 11 188 6 127 412 60 281 593 1703 674 869 13 139 310 152 77 1974 2611 47 38 73 17 23 28 16 13 34 34 1 14 1 5 19 60 240 802 148 338 30 40 39 21 154 542 19 48 257 32 87 187 615 16 71 243 20 24 83 23 3 118 139 22 30 3 46 20 7 16
2 0 1 2 11 15 0 0 0 0 0 14 42 106 1333 1540 949 382 6617 2414 45 195 265 160 42 177 71 25 10 10 23 19 119 127 43 5 145 187 88 265 194 57 68 93 27 31 49 20 62 8 0 6 3 4 4 2 12 37 18 7 34 27 22 8 17 18 15 32 50 13 2 9 47 193 61 13 8 89 13 2 3 3 5 7 35 18 4 11 17 15 29 36 4 9 48 51 0 3 20 3 0 2 1 3 1 2 0 1 1 0 2 3 160 89 31 122 23 149 125 62 423 447 200 72 27 80 200 42 91 197 6 1 7 58 3 47 142 24 94 185 43 321 38 3 57 88 10 2 378 52 42 3 14 5 13 2 1 3 2 1 2 8 0 2 5 37 15 106 39 4 22 15 10 8 37 56 4 7 25 3 30 87 59 1 4 121 2 0 6 9 2 13 27 6 12 1 33 11 2 14
119 183 137 178 228 416 22 12 5 12 11 319 1 114 80 20 64 20 44 45 8974 12777 1715 99 309 55 19 10 121 249 392 110 409 216 15 8 34 113 16 53 1069 40 49 22 10 6 78 4 23 4 3 7 7 18 11 973 177 87 17 47 12 12 30 20 5 19 72 133 16 4 3 138 196 52 238 3 68 26 86 1 11 3 74 20 3620 198 54 7 6 3 20 13 1 1 32 263 31 14 285 40 2 5 6 15 0 3 0 0 4 3 2 8 2 1 0 9 6 8 30 3 21 10 22 8 5 3 8 3 1 4 6 0 3 27 0 29 6 2 35 62 3 27 0 5 13 2 1 0 44 8 6 0 2 1 0 0 0 1 0 1 0 3 1 3 2 4 3 4 0 2 7 1 1 3 2 7 0 0 5 2 14 16 16 1 1 39 0 1 3 2 2 1 1 1 10 0 11 3 0 1
141 184 154 278 452 866 25 11 10 20 15 740 4 387 304 94 306 79 237 195 12777 43371 6537 961 6309 1954 141 53 325 510 905 390 1322 761 43 16 208 647 42 1745 1835 299 725 155 32 14 410 39 202 31 9 18 34 91 21 238 346 289 69 134 72 107 269 112 30 52 357 536 84 83 23 467 838 260 760 42 154 145 358 3 35 5 198 126 7116 1201 213 33 50 16 146 134 28 46 401 829 90 39 2474 155 15 5 16 27 4 10 2 5 6 1 13 24 28 7 6 22 29 35 132 17 156 50 105 56 29 17 57 11 9 31 13 5 8 87 4 115 39 9 171 291 18 117 7 7 55 17 5 4 229 37 14 2 11 2 2 4 2 2 2 7 6 11 1 3 4 22 10 22 8 4 23 10 5 4 25 32 2 9 25 5 77 145 74 3 6 119 0 5 7 6 13 23 7 4 28 4 36 7 1 8
12 9 6 19 41 69 2 1 3 3 4 69 6 959 697 338 350 169 262 265 1715 6537 15539 8613 548 6123 253 143 80 52 84 101 406 679 108 77 308 472 115 1225 6102 3415 825 66 23 27 342 39 511 15 3 0 18 48 25 29 65 154 110 193 165 81 69 27 29 19 169 250 66 43 29 116 276 81 261 57 32 41 97 2 21 4 47 78 248 118 34 22 79 27 160 285 20 41 293 148 18 8 174 17 1 1 1 6 3 2 0 1 0 0 0 2 22 21 10 20 3 55 35 21 89 94 59 15 7 6 30 9 18 29 2 1 2 17 0 19 34 7 35 41 7 61 14 5 14 21 4 0 81 31 6 4 12 2 3 2 1 1 2 5 0 5 0 1 1 7 9 21 8 5 4 4 1 1 10 20 1 11 25 0 14 27 23 1 9 30 0 2 19 6 1 16 8 1 1 0 16 1 2 3
4 3 8 1 15 26 2 0 0 1 0 25 58 634 443 807 101 2068 723 160 99 961 8613 17982 887 9466 7700 1209 239 42 103 26 142 138 1446 78 92 162 974 3682 1475 8406 2886 24 67 687 1554 37 437 7 4 11 28 118 28 20 285 176 196 84 1965 48 91 690 758 414 663 632 270 34 19 37 99 31 270 40 12 11 30 0 23 2 131 174 214 224 63 29 54 24 306 287 20 42 251 109 3 10 283 58 0 0 0 2 0 1 0 3 0 0 1 4 9 52 127 37 7 114 19 326 58 338 56 4 2 5 12 26 10 62 3 0 1 21 0 9 14 4 18 31 181 29 76 0 8 22 40 0 75 717 3 4 14 1 3 1 1 0 1 2 0 3 0 0 1 1 129 109 12 42 4 8 2 4 29 211 5 11 41 5 9 15 13 0 16 14 1 4 21 4 0 17 15 4 3 0 1 2 0 4
47 37 29 38 43 65 8 5 1 0 2 75 0 67 56 37 63 22 39 42 309 6309 548 887 6341 616 160 16 169 70 173 37 209 187 35 1 47 134 17 2452 289 171 518 39 10 7 1659 19 61 9 6 19 68 188 23 86 462 33 40 38 33 68 231 144 12 9 1287 934 49 26 6 122 268 89 193 33 44 40 128 3 25 3 263 434 1377 1682 2183 9 20 10 76 46 27 14 233 89 5 15 3178 755 1 0 2 1 0 4 0 0 2 0 1 5 3 3 1 12 9 9 24 5 33 17 22 6 5 2 10 2 1 10 1 0 0 26 0 15 6 4 34 67 4 24 2 0 16 5 2 1 42 14 2 1 3 1 1 5 1 0 1 2 2 4 1 0 0 5 4 5 3 2 9 0 6 2 9 10 0 7 14 4 13 32 20 1 4 33 2 0 4 1 6 12 1 1 2 0 5 3 0 4
5 1 0 4 7 4 2 0 0 0 1 20 0 142 175 164 194 65 157 177 55 1954 6123 9466 616 5724 251 40 15 5 11 14 137 137 130 2 124 284 28 2651 359 498 394 25 9 8 213 17 74 3 2 5 4 22 7 4 29 30 9 28 34 28 40 16 11 4 82 51 27 14 6 44 129 22 35 9 5 6 39 0 4 1 24 54 62 71 13 11 23 5 41 51 8 14 128 28 0 1 90 3 0 0 1 0 0 0 0 0 0 0 0 1 6 17 6 10 2 42 13 18 31 81 27 1 1 5 4 3 0 12 0 0 0 7 0 11 7 0 12 27 9 16 3 0 2 6 0 0 40 12 2 2 4 1 1 1 0 1 0 4 0 0 0 1 0 2 4 14 2 2 1 1 0 0 1 9 0 1 9 1 3 10 7 0 3 2 1 0 4 1 0 10 0 0 0 0 0 0 0 1
2 1 5 1 9 14 1 1 0 1 1 15 37 2033 1533 1232 27 1360 678 71 19 141 253 7700 160 251 30517 13981 405 60 229 15 53 113 4470 218 46 52 339 1409 137 110 772 21 10 125 503 18 48 1 0 3 42 75 14 16 336 438 237 242 150 20 140 894 999 53 509 588 119 5 3 11 41 45 710 8 6 7 15 2 7 3 55 77 96 82 36 2 12 5 49 22 5 5 58 135 0 5 106 53 0 0 0 2 0 0 0 0 0 0 0 1 45 222 150 56 3 539 28 764 104 1472 98 8 2 11 30 47 41 271 1 2 3 23 1 16 51 5 20 54 307 42 140 0 22 29 13 0 127 324 3 5 8 3 3 5 0 2 0 0 0 1 1 0 3 6 45 129 15 13 3 7 3 2 17 84 1 7 19 3 7 15 21 1 5 11 2 2 6 0 0 12 9 2 0 0 2 1 0 0
1 1 0 2 12 12 3 0 1 0 0 10 112 1608 3387 4984 18 1432 565 25 10 53 143 1209 16 40 13981 21143 239 66 241 19 46 110 434 99 51 53 5954 68 393 127 266 13 39 279 93 23 61 3 2 1 12 24 6 3 173 241 114 140 504 32 57 683 3345 111 165 246 344 4 13 14 26 19 628 13 0 4 9 0 5 1 31 21 42 19 12 11 22 5 73 63 6 5 34 256 0 4 24 16 0 0 0 2 0 0 0 0 0 0 0 2 17 449 503 38 7 280 28 2228 94 1412 32 4 3 9 15 120 30 327 4 1 7 34 1 15 31 2 28 72 1465 26 558 4 15 65 22 4 94 1524 2 9 18 3 3 3 1 3 0 3 2 1 0 1 8 4 192 467 37 35 3 6 8 6 20 273 2 7 31 5 3 14 19 1 11 4 2 2 17 0 0 14 21 14 1 0 4 1 0 0
10061 455 558 174 629 491 2231 263 82 114 39 672 4 261 133 13 21 17 18 10 121 325 80 239 169 15 405 239 49495 11632 2663 167 595 102 64 59 32 80 58 50 228 26 330 18 20 15 75 86 43 11 47 166 2040 9777 367 95 3903 97 50 16 57 182 571 276 221 23 6173 326 306 30 25 712 256 338 935 49 586 65 612 24 98 12 2049 1275 679 137 172 22 21 15 70 109 56 16 158 1197 260 8595 198 644 80 59 121 266 40 61 5 40 48 10 47 133 2 3 5 2 5 6 9 11 30 6 1 70 18 1 18 2 1 4 137 27 34 279 2 97 2 1 99 68 4 18 3 54 123 3 12 0 37 44 5 4 5 30 0 7 18 22 5 5 49 132 6 56 45 3 9 5 4 6 197 76 61 3 8 36 7 6 37 7 295 221 112 9 16 411 3 5 22 21 88 17 8 18 141 29 138 6 1 7
6726 6215 305 1767 7665 2787 1700 177 114 98 57 1504 1 130 62 7 25 8 11 10 249 510 52 42 70 5 60 66 11632 21364 7024 448 810 103 11 28 42 42 42 19 613 12 39 6 6 8 15 22 46 11 57 234 637 1328 261 293 4572 88 15 13 10 45 86 36 72 9 844 56 120 27 23 523 96 180 241 14 250 22 267 39 157 27 1459 489 1586 292 23 21 21 17 20 167 83 35 43 1542 210 2472 174 62 157 72 306 467 57 129 19 30 98 28 112 294 2 2 4 4 6 3 8 5 8 3 8 45 22 5 24 1 0 3 185 32 50 167 1 31 0 1 38 32 7 8 3 44 107 5 6 1 20 25 3 1 2 10 0 0 4 17 15 4 43 163 8 84 19 4 2 4 1 6 164 97 24 2 7 8 3 1 16 4 244 78 65 1 4 287 5 2 8 19 76 6 4 11 162 26 119 6 2 6
270 445 98 714 9155 2465 100 22 31 26 30 969 1 453 201 21 48 15 13 23 392 905 84 103 173 11 229 241 2663 7024 11966 312 641 150 68 96 116 53 95 26 690 19 115 6 16 14 40 71 37 5 23 81 165 435 75 171 6384 81 80 51 37 111 269 146 181 9 1650 213 305 20 15 469 55 103 1009 19 143 20 193 8 64 6 541 385 1521 675 109 6 24 7 56 81 37 14 64 4611 125 225 1358 3187 85 50 155 275 28 60 5 16 51 13 67 149 2 3 5 5 3 3 4 12 9 7 7 32 13 0 11 1 0 4 115 18 22 92 0 12 0 1 23 32 8 10 1 23 64 3 6 0 19 38 1 5 6 5 3 5 2 9 8 3 22 73 6 46 7 2 11 6 3 8 84 63 8 0 10 27 5 5 13 7 135 49 38 4 11 142 1 1 6 8 43 6 4 5 88 18 60 4 0 3
57 25 21 33 715 1720 33 6 11 5 3 442 1 115 64 14 51 26 18 19 110 390 101 26 37 14 15 19 167 448 312 4605 3712 1736 18 9 100 88 40 29 169 10 22 2 1 2 30 17 6 2 4 13 31 67 13 20 31 4985 36 179 16 7 21 12 33 4 74 76 121 3 4 85 73 37 2792 7 38 11 37 3 14 2 72 44 123 34 5 2 6 0 15 23 6 3 9 6055 65 46 46 1 17 18 35 76 5 23 3 1 14 4 20 44 1 1 2 0 1 1 5 9 9 6 1 5 3 3 7 1 0 0 23 8 5 30 1 14 1 0 9 8 8 1 2 6 15 0 5 0 3 32 0 0 1 3 0 1 0 1 0 1 1 19 1 8 1 1 6 2 1 2 20 6 3 1 4 13 1 0 10 0 41 17 13 0 1 36 2 0 3 1 10 3 1 2 39 5 16 2 2 0
307 252 148 197 913 1861 112 32 81 140 174 3575 27 180 115 136 307 519 327 119 409 1322 406 142 209 137 53 46 595 810 641 3712 14244 4070 55 17 278 1686 114 291 556 39 76 45 31 38 168 41 21 13 16 47 122 246 51 99 247 1541 84 109 66 29 58 44 39 37 392 269 138 12 7 2559 3529 255 2875 18 153 111 198 18 34 10 308 230 525 179 48 9 12 6 54 49 29 8 44 2261 580 146 203 20 73 34 155 238 31 98 11 26 65 31 96 218 12 12 29 16 16 14 49 65 114 57 53 64 29 10 37 9 4 11 81 16 32 169 3 115 17 3 204 189 46 89 18 41 81 11 13 5 153 111 32 3 2 7 1 3 5 13 6 3 18 68 5 41 30 24 22 30 3 7 94 38 48 14 8 40 6 8 17 3 219 236 115 4 6 329 1 3 10 17 49 8 6 11 155 17 112 13 1 15
25 12 12 10 84 90 7 5 4 2 2 73 6 1051 277 207 338 296 97 127 216 761 679 138 187 137 113 110 102 103 150 1736 4070 6939 328 202 3086 1862 183 392 427 31 80 20 7 10 324 17 17 3 4 6 27 80 18 14 29 3596 835 4977 54 24 53 65 63 11 138 1024 135 6 6 61 95 84 4493 11 20 55 50 3 7 3 85 57 194 95 16 6 9 6 13 31 6 1 30 1134 17 17 103 8 6 0 1 4 0 4 1 3 1 2 2 9 8 5 19 11 11 17 40 24 43 29 28 24 3 5 18 7 4 9 8 0 6 53 3 42 11 5 95 93 20 32 10 4 27 9 3 1 73 50 14 1 1 2 0 1 1 2 0 1 1 12 1 3 9 11 11 15 6 3 21 8 13 11 6 17 1 5 10 1 39 78 37 2 3 79 0 0 2 3 8 9 5 2 19 2 21 2 0 3
0 3 1 1 6 6 0 1 1 0 1 6 1 3819 492 160 29 56 160 43 15 43 108 1446 35 130 4470 434 64 11 68 18 55 328 2826 3106 196 59 41 1408 47 60 388 10 8 8 2065 7 22 1 0 0 4 9 2 0 74 1143 933 1480 14 18 75 279 167 9 77 694 66 3 2 6 23 24 464 2 1 7 5 0 1 0 9 14 19 17 12 1 2 1 19 8 0 1 32 55 1 0 25 9 1 0 0 0 0 0 0 0 0 0 1 0 37 47 20 46 7 290 30 57 96 547 84 5 4 22 25 19 21 96 1 0 1 13 0 3 22 4 14 57 17 53 9 2 14 16 2 0 79 33 5 2 2 2 5 0 0 1 0 0 0 0 0 1 1 2 3 23 3 1 0 2 3 3 7 21 2 2 12 2 3 15 15 1 0 11 0 2 2 1 1 5 10 3 3 0 3 1 0 1
0 1 0 1 6 6 0 0 0 0 0 0 0 4392 164 9 4 5 6 5 8 16 77 78 1 2 218 99 59 28 96 9 17 202 3106 2327 461 18 17 255 73 10 42 4 1 2 301 2 4 1 1 0 2 5 0 0 31 565 1017 1278 6 4 16 65 73 1 29 471 28 0 1 3 5 2 434 3 2 1 0 0 1 0 6 6 8 4 1 0 0 3 7 3 0 0 7 101 0 2 2 6 0 0 0 0 0 0 0 0 0 0 0 1 1 2 1 8 0 10 4 3 7 22 11 0 1 1 5 0 2 2 0 0 0 1 0 1 1 1 1 7 4 10 0 0 2 1 1 0 10 3 0 0 2 0 0 0 0 0 0 0 0 0 0 1 0 0 0 3 1 1 0 0 0 0 1 1 0 0 2 0 0 3 3 0 1 1 0 0 0 0 0 0 1 0 0 0 2 0 0 0
6 1 0 1 24 19 0 0 0 0 0 15 1 1547 429 403 835 387 127 145 34 208 308 92 47 124 46 51 32 42 116 100 278 3086 196 461 2767 831 118 311 205 24 40 10 3 3 169 7 6 2 0 0 4 5 5 5 15 514 502 890 20 5 12 22 17 7 17 773 46 3 1 10 26 30 749 7 6 17 20 0 0 1 17 9 43 9 2 4 4 1 6 15 1 0 11 474 3 1 17 2 2 0 0 2 0 1 1 0 0 1 0 3 8 7 1 13 9 10 42 18 51 25 24 19 13 2 24 6 5 17 4 0 1 22 0 22 15 5 63 65 11 41 5 1 18 4 2 1 61 14 7 0 2 0 0 1 0 1 2 1 1 4 0 0 4 6 2 13 2 2 3 3 7 6 2 15 1 1 1 1 20 42 12 3 0 45 1 1 1 2 0 0 1 1 2 0 16 3 3 2
19 12 7 7 48 47 4 4 2 1 5 100 521 223 109 316 666 1449 4556 187 113 647 472 162 134 284 52 53 80 42 53 88 1686 1862 59 18 831 14033 136 498 282 51 130 885 175 247 176 45 28 73 4 19 24 59 10 20 25 137 74 54 164 22 34 49 34 217 122 149 130 6 20 290 6427 1076 237 26 46 165 202 19 14 33 101 74 243 112 12 31 27 19 250 29 9 1 30 256 13 12 113 4 9 5 9 8 2 3 1 5 1 2 9 33 90 73 152 154 77 225 411 323 701 596 415 149 75 66 196 59 53 119 13 5 23 305 8 218 117 35 591 781 160 415 87 20 177 90 28 5 919 441 59 11 14 1 10 6 4 10 14 6 10 24 0 6 24 71 89 122 38 42 59 26 36 30 28 152 8 12 55 7 174 455 334 8 13 403 3 4 24 23 32 15 42 18 17 2 113 28 3 21
1 4 0 1 20 10 0 0 1 1 0 19 170 531 1374 2021 98 5670 299 88 16 42 115 974 17 28 339 5954 58 42 95 40 114 183 41 17 118 136 17947 54 524 382 1130 21 230 642 37 315 130 15 1 3 6 14 12 6 56 203 30 74 5764 181 503 1603 8113 280 35 75 8337 23 45 17 58 20 360 253 0 6 17 2 14 4 18 6 25 14 5 19 54 25 250 172 12 10 129 252 1 2 15 0 1 2 0 0 1 0 0 2 0 0 1 3 10 207 545 23 5 63 31 1050 72 326 12 4 2 5 12 127 6 153 16 5 6 13 3 28 11 6 27 55 966 15 532 4 12 127 177 21 104 3053 9 32 51 3 3 35 1 3 3 10 0 12 0 5 8 11 697 707 75 112 18 43 36 14 88 1023 12 35 176 22 16 19 21 14 51 27 5 11 48 5 4 72 60 15 5 3 10 3 5 3
6 5 3 2 5 13 0 0 0 0 1 34 3 613 328 132 421 99 248 265 53 1745 1225 3682 2452 2651 1409 68 50 19 26 29 291 392 1408 255 311 498 54 7865 267 267 503 55 13 3 1479 15 62 4 3 4 13 48 1 10 73 133 144 145 35 25 70 89 21 13 214 297 52 11 7 61 203 100 149 13 13 27 51 1 9 4 38 85 127 134 33 7 17 7 40 26 7 13 112 67 4 3 188 21 1 0 0 2 0 0 1 0 0 0 0 1 47 30 7 59 7 138 64 23 145 232 141 17 7 21 40 10 11 45 1 0 2 12 0 21 28 7 35 83 9 85 10 0 21 17 1 0 118 23 4 2 8 1 1 0 0 1 0 1 0 2 0 0 2 7 4 17 5 1 8 2 3 0 8 24 1 2 5 3 16 20 35 0 6 27 3 0 5 3 2 6 6 3 0 0 5 4 2 2
776 508 519 322 386 576 58 89 12 44 17 500 15 996 821 728 214 806 308 194 1069 1835 6102 1475 289 359 137 393 228 613 690 169 556 427 47 73 205 282 524 267 8490 4527 523 53 75 180 160 220 1703 58 213 239 46 37 959 709 340 159 75 98 949 134 106 49 135 139 166 289 318 113 133 219 274 104 430 235 130 64 175 58 295 48 520 66 1021 215 67 201 407 134 725 2262 193 219 613 418 59 41 308 79 7 9 25 20 4 11 1 5 10 3 4 16 12 16 26 12 8 24 30 48 55 46 29 13 14 4 30 4 6 15 14 2 2 78 4 25 16 6 69 77 33 34 12 14 23 16 24 2 76 145 11 11 35 3 0 19 6 6 15 26 3 13 0 1 10 8 36 25 7 21 26 8 11 3 17 82 4 22 72 9 48 62 34 1 20 78 15 21 71 3 15 53 13 5 30 4 27 3 1 1
3 3 4 0 3 8 1 0 0 1 0 10 15 145 164 213 33 338 107 57 40 299 3415 8406 171 498 110 127 26 12 19 10 39 31 60 10 24 51 382 267 4527 9873 3685 24 70 210 134 93 2361 17 3 8 8 26 29 10 26 21 10 9 1053 61 39 33 117 178 108 63 311 38 25 8 27 7 45 104 9 2 12 2 22 3 21 39 38 45 7 45 133 27 710 845 27 87 392 33 5 0 48 7 0 0 0 1 0 0 0 2 0 0 0 0 0 4 16 2 0 8 1 24 7 25 7 0 1 1 2 5 0 3 1 1 1 4 0 0 5 0 3 5 8 0 12 0 1 16 19 1 14 143 2 11 12 1 3 4 0 1 2 10 0 1 0 1 0 0 38 22 6 19 2 2 0 0 27 69 2 8 69 9 2 3 5 2 18 3 4 6 35 0 0 26 7 3 2 0 0 0 1 0
13 2 8 3 21 20 3 1 1 1 0 17 61 303 195 295 49 821 331 68 49 725 825 2886 518 394 772 266 330 39 115 22 76 80 388 42 40 130 1130 503 523 3685 7093 85 406 1057 617 264 1579 121 10 16 48 188 20 27 344 150 183 50 3847 335 2117 5900 1960 1131 914 590 1365 108 64 31 67 42 287 659 35 16 38 3 47 6 143 231 296 337 92 75 239 116 3979 348 43 109 2866 113 4 10 379 74 0 0 0 0 0 0 0 3 1 0 0 1 9 16 144 12 6 43 17 174 36 98 27 4 2 6 12 27 7 15 11 6 4 12 1 8 5 3 12 24 76 19 47 3 5 114 230 5 66 1202 5 59 142 3 8 73 3 6 8 31 1 6 0 4 6 3 313 183 74 151 13 34 19 3 191 694 14 97 615 114 9 14 18 4 228 40 13 33 130 4 2 168 76 11 8 0 4 2 4 0
11 4 8 5 2 9 3 0 16 1 3 37 5770 27 21 32 64 42 7053 93 22 155 66 24 39 25 21 13 18 6 6 2 45 20 10 4 10 885 21 55 53 24 85 5426 2309 347 26 47 29 557 8 71 10 30 4 9 8 9 8 3 51 39 42 27 25 938 51 21 51 12 34 528 2616 2771 28 18 989 1487 3470 57 50 161 31 17 106 51 1 128 120 238 948 32 8 15 50 9 39 13 59 2 3 0 2 5 1 1 0 4 0 0 0 5 34 43 154 69 17 220 114 290 312 956 192 34 15 26 61 18 23 57 8 1 5 83 0 57 35 8 142 199 96 133 31 8 37 41 44 6 440 285 25 11 16 5 2 24 10 6 29 25 1 5 1 3 2 17 35 62 22 57 12 7 7 7 45 109 10 17 136 19 57 190 243 1 44 152 4 7 44 10 10 59 18 3 15 1 30 5 1 6
5 0 3 2 0 2 6 1 102 1 1 17 3594 11 13 23 23 123 1010 27 10 32 23 67 10 9 10 39 20 6 16 1 31 7 8 1 3 175 230 13 75 70 406 2309 12450 3388 14 126 113 3632 17 31 6 11 2 3 13 9 4 3 208 146 271 178 162 3177 23 10 640 36 100 174 169 311 29 131 1293 499 610 55 168 242 7 7 16 10 0 719 509 1042 3460 91 15 34 199 14 301 39 12 2 0 0 3 2 0 5 0 8 2 1 0 2 5 13 178 6 1 19 4 225 30 72 10 0 0 2 3 22 3 12 18 10 3 18 1 5 2 2 19 14 89 5 63 5 6 215 482 14 82 2391 5 100 265 3 13 166 28 13 29 93 0 19 0 5 7 3 530 295 164 380 22 49 21 10 483 1277 40 178 2102 318 7 11 19 5 515 40 24 144 351 3 1 510 157 22 12 1 4 1 4 0
1 0 0 1 5 2 2 1 7 2 0 3 5886 16 14 50 42 833 3830 31 6 14 27 687 7 8 125 279 15 8 14 2 38 10 8 2 3 247 642 3 180 210 1057 347 3388 7517 11 96 79 157 4 2 0 2 9 2 9 16 4 5 1472 82 151 470 886 3445 23 21 370 14 29 28 70 68 27 91 66 15 61 4 27 18 5 9 8 7 0 32 103 52 3289 100 6 6 129 19 14 1 4 4 0 0 0 1 0 2 0 7 0 0 0 1 7 64 1207 15 5 33 10 1377 82 342 28 2 3 2 11 120 3 61 22 12 5 17 2 19 4 3 21 39 730 10 363 3 9 207 553 32 195 7133 10 43 109 7 4 52 0 3 5 14 2 22 1 8 14 9 1202 796 137 763 31 68 49 17 212 1704 15 51 790 103 11 17 40 13 163 52 3 24 91 7 3 89 94 25 6 2 4 3 8 1
8 4 2 3 12 11 2 0 1 2 0 13 3 494 110 41 92 36 44 49 78 410 342 1554 1659 213 503 93 75 15 40 30 168 324 2065 301 169 176 37 1479 160 134 617 26 14 11 2853 18 37 8 3 3 14 54 6 6 147 279 655 229 20 53 197 324 78 21 308 2196 58 17 9 40 116 35 237 10 9 28 46 0 9 0 38 96 126 159 102 3 10 4 40 15 6 4 115 50 2 3 197 37 0 0 1 3 0 1 0 0 0 0 0 2 12 9 2 18 3 35 41 9 51 49 60 18 3 7 28 2 0 15 2 0 2 19 0 11 16 4 34 65 4 37 2 0 16 7 3 1 63 12 5 0 4 1 1 2 1 2 0 1 0 2 0 1 1 10 3 11 6 2 3 2 2 1 6 21 0 3 10 0 8 31 25 0 3 17 0 0 3 2 4 8 4 0 2 2 4 1 0 2
17 2 2 0 18 12 0 1 2 0 0 10 18 36 51 81 11 128 77 20 4 39 39 37 19 17 18 23 86 22 71 17 41 17 7 2 7 45 315 15 220 93 264 47 126 96 18 16564 508 165 11 8 5 30 8 16 52 62 4 12 1186 7960 2289 168 241 41 113 59 6030 409 3442 12 28 18 128 6563 16 2 15 11 448 36 27 24 25 22 8 1103 3042 366 2540 277 76 125 789 129 4 1 30 6 1 0 0 1 0 0 0 4 0 0 0 0 2 4 16 3 1 9 1 21 13 20 5 1 1 2 1 3 2 2 6 5 3 5 0 2 0 1 2 10 4 5 6 2 3 138 190 6 50 239 1 202 796 14 24 433 26 42 64 195 2 2 0 1 3 0 48 51 163 89 5 16 1 2 667 522 106 365 1738 232 2 7 22 2 705 56 95 259 930 2 0 1686 303 2 13 0 2 3 0 1
44 21 17 5 10 15 4 9 3 2 0 8 14 111 117 236 15 153 98 62 23 202 511 437 61 74 48 61 43 46 37 6 21 17 22 4 6 28 130 62 1703 2361 1579 29 113 79 37 508 9784 88 99 24 13 20 37 22 38 15 7 10 506 383 170 39 36 97 85 55 225 231 209 10 18 18 36 551 11 4 13 6 217 26 57 44 66 59 8 263 879 267 1658 5751 221 1601 6208 30 3 4 64 10 0 0 1 0 0 0 0 0 0 0 0 0 1 5 4 1 0 9 1 14 5 25 4 0 1 1 1 0 0 4 1 1 0 0 0 2 3 1 3 8 7 2 5 0 2 23 27 0 11 92 0 22 69 1 1 44 7 11 9 40 1 0 0 1 0 0 21 23 15 17 1 4 1 0 72 79 17 54 196 25 3 4 4 0 71 7 17 31 154 0 0 169 23 1 1 0 0 0 1 0
12 1 1 2 0 5 10 4 127 8 1 10 105 5 12 15 15 14 393 8 4 31 15 7 9 3 1 3 11 11 5 2 13 3 1 1 2 73 15 4 58 17 121 557 3632 157 8 165 88 8359 98 691 4 8 12 2 9 1 2 1 84 238 135 25 19 2284 17 9 251 83 146 135 88 627 6 172 1200 364 384 866 526 3516 22 7 14 8 2 2044 766 3499 1675 151 41 46 172 5 435 51 3 1 0 0 2 1 0 7 0 3 1 3 1 11 4 2 10 0 0 5 0 11 9 18 5 1 2 0 2 1 1 2 2 1 1 0 0 5 3 0 4 2 2 3 1 1 1 44 119 3 21 140 0 92 294 2 5 177 87 42 224 203 7 2 1 2 1 1 17 25 59 61 3 2 0 0 203 173 65 214 970 110 8 5 18 0 297 25 63 214 630 0 2 807 100 1 9 2 2 0 0 1
100 23 50 11 14 14 15 21 8 7 1 13 0 0 2 3 1 3 13 0 3 9 3 4 6 2 0 2 47 57 23 4 16 4 0 1 0 4 1 3 213 3 10 8 17 4 3 11 99 98 9517 18245 18 8 256 60 11 3 1 1 5 12 6 3 2 36 24 5 4 372 44 24 17 26 19 9 45 7 24 2045 2416 650 369 25 73 17 3 231 35 41 20 3922 4836 222 134 4 14 16 10 7 0 0 0 1 0 0 0 4 1 0 0 0 0 0 0 0 1 0 2 1 1 1 1 1 0 0 1 0 0 0 6 1 0 8 0 6 0 0 4 4 0 0 0 0 2 0 2 0 1 7 0 31 10 3 0 5 289 202 744 376 7 5 0 0 1 0 0 2 1 4 9 2 0 0 4 1 146 72 28 0 5 5 12 0 1 17 104 31 296 0 4 21 27 0 7 2 3 0 0 0
334 93 145 27 29 42 46 68 33 14 2 41 5 1 3 6 2 2 61 6 7 18 0 11 19 5 3 1 166 234 81 13 47 6 0 0 0 19 3 4 239 8 16 71 31 2 3 8 24 691 18245 31976 73 29 695 81 42 8 1 0 4 33 8 8 4 264 88 17 13 170 53 75 62 236 74 11 241 37 105 13732 2857 2048 922 75 213 41 15 558 82 119 39 2167 1479 34 38 33 84 41 19 23 12 2 9 5 1 1 0 8 1 1 3 4 1 0 1 0 2 0 2 1 2 1 3 1 1 0 1 1 0 1 3 1 1 16 0 16 0 0 18 8 0 3 1 6 3 8 16 0 16 8 2 77 25 19 2 37 947 606 2378 1078 45 7 9 1 8 0 1 0 4 32 15 4 7 2 10 4 593 238 76 4 9 26 33 1 3 77 364 164 899 1 32 80 96 3 27 5 6 0 1 1
849 115 262 50 74 112 341 196 165 117 24 148 0 14 5 2 0 2 4 3 7 34 18 28 68 4 42 12 2040 637 165 31 122 27 4 2 4 24 6 13 46 8 48 10 6 0 14 5 13 4 18 73 9158 4472 6609 15 129 40 10 4 11 18 51 35 17 8 539 93 16 6 6 126 123 90 209 5 109 41 120 15 21 4 2003 681 95 36 47 5 5 2 13 21 12 2 25 91 120 8059 46 61 3 6 6 13 1 7 0 5 2 2 5 11 1 0 1 0 3 2 7 2 13 2 1 6 2 1 2 0 0 1 12 3 1 64 2 29 0 0 42 38 2 6 0 10 26 1 2 0 13 1 3 1 0 2 0 0 0 1 3 0 2 15 2 4 11 4 1 0 0 0 15 10 23 3 0 2 1 1 1 0 50 70 34 3 2 87 1 0 3 3 11 1 0 3 26 1 17 0 0 0
1602 246 435 97 179 220 773 309 92 105 28 273 3 33 13 6 10 11 9 4 18 91 48 118 188 22 75 24 9777 1328 435 67 246 80 9 5 5 59 14 48 37 26 188 30 11 2 54 30 20 8 8 29 4472 11000 533 21 514 90 22 8 21 67 199 101 33 12 2865 235 69 20 3 258 255 180 493 14 240 71 335 5 20 2 1059 5231 141 128 188 8 15 7 39 21 15 9 89 235 98 6133 179 220 12 9 35 28 6 13 2 13 8 3 5 21 2 1 0 2 8 2 14 5 21 0 7 15 3 2 9 2 0 0 35 7 13 119 3 80 1 1 99 90 0 14 3 22 42 0 5 0 31 7 5 0 3 4 1 4 1 8 4 2 13 36 3 15 32 12 3 1 1 0 60 27 35 6 1 10 1 2 11 1 94 133 54 5 2 205 1 1 3 7 35 2 2 15 45 5 60 2 0 4
400 89 138 57 40 58 96 76 67 46 6 55 0 9 12 10 1 11 6 4 11 21 25 28 23 7 14 6 367 261 75 13 51 18 2 0 5 10 12 1 959 29 20 4 2 9 6 8 37 12 256 695 6609 533 12963 500 64 14 3 1 35 7 16 3 3 9 115 26 14 15 16 39 48 38 68 7 59 18 57 145 203 48 4035 141 121 45 13 31 16 8 24 376 124 19 25 42 46 1924 19 19 1 1 3 3 2 0 0 1 4 1 0 8 0 1 1 0 1 0 7 1 7 2 2 2 3 0 0 0 0 1 7 1 0 28 1 14 0 0 22 14 0 3 0 3 5 1 1 0 14 4 1 1 1 1 0 1 6 4 31 15 1 4 0 0 7 0 1 0 1 1 10 4 6 1 0 1 6 4 2 0 10 23 13 1 0 33 5 4 20 1 3 6 1 1 6 0 9 0 0 0
444 217 247 92 87 82 45 73 12 31 4 95 1 12 4 4 4 5 6 2 973 238 29 20 86 4 16 3 95 293 171 20 99 14 0 0 5 20 6 10 709 10 27 9 3 2 6 16 22 2 60 81 15 21 500 2122 130 13 3 4 12 15 17 11 1 6 77 43 12 11 14 79 60 38 82 8 43 15 63 19 56 12 3336 52 2364 184 24 18 15 4 17 128 33 14 25 59 16 16 153 36 4 2 8 7 1 5 0 3 7 2 3 5 0 0 2 3 0 1 2 0 10 0 3 2 1 0 3 0 0 0 10 0 0 26 0 16 1 1 26 20 0 6 0 10 8 1 3 0 22 2 1 1 0 1 0 1 1 2 8 3 1 7 0 0 4 0 0 1 2 1 18 3 5 1 1 1 2 2 3 0 19 29 14 1 0 36 0 0 4 1 7 2 1 1 11 0 18 2 0 1
59 55 51 38 211 90 30 9 31 12 10 250 1 186 84 14 6 9 9 12 177 346 65 285 462 29 336 173 3903 4572 6384 31 247 29 74 31 15 25 56 73 340 26 344 8 13 9 147 52 38 9 11 42 129 514 64 130 11133 55 56 17 66 111 580 375 227 17 3809 700 226 26 14 365 82 135 1385 39 225 18 212 4 32 5 476 596 1037 1623 661 14 22 12 97 48 32 17 166 1352 94 59 3853 2902 47 33 65 114 12 25 5 8 23 2 11 37 3 1 5 3 0 6 7 2 7 16 4 34 11 0 8 2 1 2 80 9 15 88 0 26 2 0 27 23 2 6 0 21 44 6 11 0 20 37 0 7 8 9 0 5 13 7 9 3 10 59 1 29 10 1 10 5 3 2 81 46 10 0 10 32 6 6 37 6 105 44 33 0 12 128 1 2 6 10 44 11 4 6 38 9 50 5 0 4
22 5 1 3 79 53 10 4 3 0 1 53 1 1325 356 38 132 37 22 37 87 289 154 176 33 30 438 241 97 88 81 4985 1541 3596 1143 565 514 137 203 133 159 21 150 9 9 16 279 62 15 1 3 8 40 90 14 13 55 6441 1372 4123 41 57 167 221 226 12 102 1403 367 8 7 48 58 15 6795 21 15 14 21 4 14 1 93 62 102 33 3 3 11 2 35 19 5 3 41 1548 5 21 42 14 1 1 2 3 1 1 0 0 2 0 0 5 0 3 7 4 2 9 7 18 13 12 17 8 1 2 3 2 0 3 1 0 1 26 0 25 0 0 20 31 10 7 6 2 8 2 3 0 23 71 2 2 4 3 1 1 3 2 1 1 1 4 0 0 1 4 16 10 4 3 7 4 0 0 13 32 0 3 35 5 13 15 10 0 6 15 1 2 7 1 5 12 3 0 2 0 12 2 0 0
2 1 1 0 10 13 0 0 1 1 0 7 0 749 95 10 22 9 11 18 17 69 110 196 40 9 237 114 50 15 80 36 84 835 933 1017 502 74 30 144 75 10 183 8 4 4 655 4 7 2 1 1 10 22 3 3 56 1372 1517 2254 7 23 91 205 82 2 62 1238 48 5 9 14 37 16 574 3 4 4 7 1 1 0 9 27 40 18 11 2 3 1 17 3 1 4 29 159 1 6 28 16 0 1 1 0 0 0 0 0 0 0 0 1 2 0 1 6 3 6 8 3 14 15 19 5 6 0 4 2 1 1 2 0 0 9 0 10 4 0 16 36 2 14 1 1 6 4 1 0 15 10 3 1 0 0 0 0 0 0 0 0 0 1 0 0 0 4 7 2 0 1 3 0 0 0 5 6 0 1 9 0 6 8 7 0 3 9 0 0 3 0 0 0 2 0 0 0 5 0 0 1
4 0 2 0 8 5 1 0 0 1 0 5 0 1121 230 26 58 9 6 7 47 134 193 84 38 28 242 140 16 13 51 179 109 4977 1480 1278 890 54 74 145 98 9 50 3 3 5 229 12 10 1 1 0 4 8 1 4 17 4123 2254 3138 8 5 50 84 85 4 14 847 68 5 1 2 12 9 1326 8 0 4 8 0 0 0 15 12 22 11 4 3 0 1 7 7 1 1 11 247 0 4 10 4 0 0 0 1 0 0 0 0 0 0 0 0 0 1 0 0 2 4 3 6 6 16 7 1 0 0 1 2 1 2 0 0 1 5 0 4 0 0 5 9 5 6 2 0 3 2 1 0 4 17 1 1 0 0 0 0 0 0 0 0 0 0 0 1 0 0 2 0 0 2 1 2 0 0 0 5 0 1 7 0 3 4 4 0 1 7 0 0 1 1 2 2 1 0 0 0 0 0 0 0
2 4 4 1 13 10 0 0 0 0 0 12 104 77 86 141 42 4360 292 34 12 72 165 1965 33 34 150 504 57 10 37 16 66 54 14 6 20 164 5764 35 949 1053 3847 51 208 1472 20 1186 506 84 5 4 11 21 35 12 66 41 7 8 10144 408 640 1576 1273 691 97 54 4021 77 260 20 63 16 94 4277 20 7 29 2 101 15 26 20 28 36 7 104 311 86 3934 496 33 60 732 56 5 5 41 5 0 1 0 0 1 0 0 4 1 0 0 0 16 34 578 14 4 34 9 466 74 122 22 3 2 5 6 96 5 37 35 15 8 20 4 14 4 2 31 35 328 19 249 4 9 247 700 38 208 3958 8 56 162 6 9 73 7 7 6 24 1 18 0 6 17 13 878 656 188 362 24 71 42 21 320 1607 27 79 971 143 15 21 29 14 290 59 15 39 169 12 2 194 117 25 21 1 6 5 12 2
4 4 4 3 12 13 1 1 0 0 0 10 17 45 59 80 8 70 69 27 12 107 81 48 68 28 20 32 182 45 111 7 29 24 18 4 5 22 181 25 134 61 335 39 146 82 53 7960 383 238 12 33 18 67 7 15 111 57 23 5 408 15718 5706 338 275 54 240 145 2979 5875 1728 3 17 10 166 1305 30 9 19 22 808 191 44 48 78 71 18 1000 2001 623 1657 234 611 1204 2280 114 7 6 77 18 1 0 2 2 0 0 0 5 1 0 0 2 3 3 11 1 0 11 2 30 2 32 4 0 1 3 4 5 1 8 3 0 0 4 0 2 2 2 3 2 13 6 7 2 5 70 111 1 29 146 1 280 661 12 14 244 74 172 203 465 4 1 2 2 2 1 41 24 100 50 1 3 5 2 378 211 209 570 921 95 2 5 9 2 327 27 181 216 1592 1 4 1237 267 2 3 0 2 0 2 2
14 5 3 4 32 30 5 0 0 3 0 16 21 121 111 93 13 118 84 22 30 269 69 91 231 40 140 57 571 86 269 21 58 53 75 16 12 34 503 70 106 39 2117 42 271 151 197 2289 170 135 6 8 51 199 16 17 580 167 91 50 640 5706 14847 3396 1534 179 970 438 3889 535 256 18 27 13 523 894 17 5 19 8 151 17 137 162 218 228 82 150 621 253 1910 117 108 162 2408 215 6 7 229 78 0 0 0 0 0 0 0 6 0 0 0 0 9 19 29 10 2 15 3 79 19 40 10 1 0 1 6 7 2 9 11 6 0 6 0 3 0 0 7 11 40 7 15 1 2 130 215 8 45 499 3 109 272 7 13 215 6 13 16 73 0 2 0 2 1 1 165 112 114 108 7 20 6 2 400 565 37 136 956 170 3 16 18 0 409 31 36 100 329 1 0 552 142 10 9 0 2 0 1 1
8 2 3 4 12 13 0 2 0 1 1 9 32 219 125 90 11 369 134 8 20 112 27 690 144 16 894 683 276 36 146 12 44 65 279 65 22 49 1603 89 49 33 5900 27 178 470 324 168 39 25 3 8 35 101 3 11 375 221 205 84 1576 338 3396 6702 6352 339 526 487 2023 81 31 9 26 8 383 160 14 3 12 3 31 10 59 65 114 118 37 18 54 23 728 30 24 28 1199 123 3 9 158 49 0 0 0 0 2 0 0 0 0 0 0 0 5 12 87 14 2 39 8 163 24 103 23 5 1 5 8 21 3 12 6 5 1 8 1 11 5 0 7 12 83 16 57 2 4 43 105 9 38 707 1 24 44 1 3 27 1 2 2 10 1 4 0 5 6 1 188 112 42 51 10 17 10 6 60 343 6 34 180 29 9 11 7 2 72 18 4 9 58 1 0 60 35 5 1 0 0 0 2 0
3 2 1 2 22 17 0 0 1 0 0 14 116 367 494 207 8 696 201 17 5 30 29 758 12 11 999 3345 221 72 181 33 39 63 167 73 17 34 8113 21 135 117 1960 25 162 886 78 241 36 19 2 4 17 33 3 1 227 226 82 85 1273 275 1534 6352 6972 365 244 198 9692 19 37 7 16 5 471 132 5 3 10 2 16 2 33 17 48 39 12 8 34 17 320 47 7 5 80 217 3 7 30 32 0 0 0 0 0 0 0 0 0 0 1 0 4 54 193 7 2 27 11 469 35 103 15 2 4 2 2 75 4 40 11 6 3 14 0 11 5 3 11 19 350 13 198 0 3 88 105 11 50 1869 9 19 54 3 6 20 1 5 3 12 1 9 0 2 1 7 482 355 48 82 15 39 18 11 94 773 9 41 257 32 3 12 13 6 64 15 10 10 59 2 2 63 63 17 1 1 4 1 3 2
10 5 8 1 2 10 8 3 119 10 5 21 1896 16 19 30 30 298 875 18 19 52 19 414 9 4 53 111 23 9 9 4 37 11 9 1 7 217 280 13 139 178 1131 938 3177 3445 21 41 97 2284 36 264 8 12 9 6 17 12 2 4 691 54 179 339 365 2910 32 18 358 23 30 112 99 1211 39 72 1423 1888 405 303 62 654 11 8 30 13 6 94 91 158 1675 90 8 13 137 22 532 60 9 1 3 0 5 6 0 5 0 5 4 4 7 7 3 17 394 7 1 15 3 216 28 85 9 3 1 0 7 22 4 12 10 1 0 12 0 6 2 0 21 14 67 5 58 1 1 62 257 21 94 1600 3 18 31 1 1 24 19 3 52 24 3 5 1 0 0 0 221 109 37 996 10 17 7 3 67 404 8 35 352 42 13 12 31 2 60 27 7 20 79 0 2 57 36 16 15 0 8 1 1 1
494 240 281 106 166 183 88 91 25 41 15 278 1 163 67 19 26 36 36 15 72 357 169 663 1287 82 509 165 6173 844 1650 74 392 138 77 29 17 122 35 214 166 108 914 51 23 23 308 113 85 17 24 88 539 2865 115 77 3809 102 62 14 97 240 970 526 244 32 17315 1129 295 78 31 479 441 333 1152 85 416 107 522 12 62 10 1119 4265 1739 4592 1201 24 70 20 200 92 37 35 445 776 118 180 1979 1611 28 15 28 32 8 13 4 17 9 0 11 33 6 2 7 3 7 9 19 14 32 11 6 26 8 3 17 0 1 4 51 9 19 210 1 106 3 2 134 101 4 12 0 46 84 11 11 2 65 64 8 5 16 16 1 8 4 11 8 7 23 67 6 14 28 7 10 16 8 4 83 27 46 7 17 43 7 14 56 5 147 202 107 8 21 290 2 7 19 11 52 18 10 12 59 8 71 2 3 2
39 11 13 7 28 18 12 7 1 6 0 39 1 872 186 52 52 27 28 32 133 536 250 632 934 51 588 246 326 56 213 76 269 1024 694 471 773 149 75 297 289 63 590 21 10 21 2196 59 55 9 5 17 93 235 26 43 700 1403 1238 847 54 145 438 487 198 18 1129 3132 253 24 22 87 140 88 1756 24 29 38 88 4 20 4 211 264 387 526 1084 10 28 8 70 33 11 10 152 177 10 43 800 305 5 0 0 1 0 0 0 4 2 0 1 2 3 2 5 11 9 13 27 7 43 24 28 11 4 2 9 1 2 12 5 0 3 28 1 32 7 2 49 89 6 20 8 4 7 5 8 0 56 38 10 3 8 0 0 3 0 2 3 2 1 3 0 0 1 3 14 5 2 4 9 3 2 1 9 41 2 3 27 8 18 33 16 3 13 31 0 0 7 1 7 15 8 2 2 0 7 2 0 1
6 5 2 2 51 47 3 2 3 2 0 34 59 332 502 588 47 1128 133 50 16 84 66 270 49 27 119 344 306 120 305 121 138 135 66 28 46 130 8337 52 318 311 1365 51 640 370 58 6030 225 251 4 13 16 69 14 12 226 367 48 68 4021 2979 3889 2023 9692 358 295 253 14858 153 504 35 57 26 806 5680 26 9 26 8 140 19 48 45 92 40 15 166 371 188 2057 204 37 43 557 619 11 9 50 25 2 1 0 1 1 1 0 12 0 1 3 3 14 25 215 24 7 24 22 274 83 84 15 4 1 8 16 68 5 17 60 26 7 32 4 15 5 3 44 41 128 27 139 6 16 577 1031 43 245 3569 10 247 658 17 34 426 10 22 12 107 4 29 0 14 28 13 985 714 462 452 40 85 51 13 1306 3018 67 386 3425 639 16 35 39 15 1221 110 69 208 627 9 0 892 441 39 34 2 10 6 10 3
39 13 12 9 9 4 3 8 1 0 1 9 3 18 25 42 3 19 30 13 4 83 43 34 26 14 5 4 30 27 20 3 12 6 3 0 3 6 23 11 113 38 108 12 36 14 17 409 231 83 372 170 6 20 15 11 26 8 5 5 77 5875 535 81 19 23 78 24 153 4554 1827 6 5 8 30 143 18 3 19 30 1319 225 44 30 39 26 8 588 407 178 393 1023 3245 1670 1836 22 5 5 31 5 1 0 1 0 0 0 0 3 0 1 1 0 2 2 3 1 0 2 0 3 2 6 0 0 1 0 1 2 0 1 1 0 1 3 0 2 0 0 3 0 2 1 3 3 1 6 25 1 8 36 1 116 142 10 2 48 51 145 220 370 3 1 1 1 0 1 6 3 14 9 2 2 2 0 66 39 167 302 152 3 1 2 4 1 55 13 152 50 884 0 2 232 85 0 3 1 1 0 0 0
