41802 2274 13059 2400 2336 3920 13763 14712 100 1653 23 1464 0 4 3 4 2 7 2 2 196 36 12 8 37 1 11 1 8484 5881 460 140 270 11 1 1 0 34 10 9 843 10 26 1 3 8 8 22 145 5 74 53 351 1778 323 364 17 7 0 0 6 21 7 6 4 0 530 9 20 61 10 139 26 4 36 12 5 0 74 5 66 5 1199 1247 1079 107 36 56 28 13 21 533 89 86 78 223 103 3373 24 19 24 25 241 199 20 351 8 15 73 51 98 225 0 0 0 0 0 1 0 0 1 0 1 9 7 2 0 0 0 0 18 0 60 84 0 40 0 0 10 1 0 1 0 7 30 0 0 0 2 3 0 0 0 0 0 0 0 0 1 2 2 8 0 12 4 0 0 0 1 0 15 4 2 0 1 0 1 0 2 0 176 41 2 1 1 77 0 1 6 2 12 2 2 22 89 5 14 1 1 2
2274 1671 1378 7839 2139 3287 32 51 2 72 4 500 0 0 0 0 0 0 0 0 30 4 3 1 3 0 0 0 93 344 89 2 9 0 0 0 1 0 0 0 98 1 1 1 0 0 0 1 7 0 0 2 8 58 11 37 4 1 0 0 0 0 0 2 0 0 59 2 1 3 0 4 4 5 3 1 1 0 3 1 3 0 82 109 156 24 1 2 2 5 0 26 2 6 6 6 31 28 9 2 9 9 87 83 6 121 2 1 27 14 33 85 0 0 0 0 0 0 0 0 0 0 0 3 4 0 0 0 0 0 9 0 19 27 0 11 0 0 4 0 0 0 0 3 7 0 0 0 0 0 0 0 0 0 0 0 0 1 0 0 1 0 0 4 2 0 0 0 0 0 5 0 0 0 0 0 0 0 1 0 63 11 0 0 0 25 1 0 0 0 9 0 0 3 31 2 7 0 0 1
13059 1378 3478 5877 183 4800 558 8328 101 4808 43 14462 0 0 5 3 0 3 3 0 229 28 9 6 31 3 6 5 743 198 104 18 52 5 1 0 4 19 4 7 641 8 25 4 0 4 7 16 97 2 51 34 58 594 123 320 14 6 0 0 2 9 8 7 4 0 327 13 14 28 18 55 21 9 30 10 3 0 83 1 47 2 784 708 1133 121 32 31 28 11 9 278 61 48 59 66 143 346 31 11 302 33 860 320 21 547 39 19 144 79 172 358 0 0 0 0 0 0 0 0 3 2 0 18 11 0 2 0 0 0 15 0 67 143 1 45 0 0 14 2 0 2 0 15 35 0 1 0 3 0 1 0 1 2 1 1 0 2 1 0 6 20 3 24 10 1 0 0 0 0 35 7 2 0 1 0 3 0 1 0 300 50 3 1 2 140 3 0 2 2 40 2 1 24 153 8 30 3 0 2
2400 7839 5877 24825 4083 18752 40 74 16 249 29 3665 0 2 1 1 0 1 1 0 172 16 3 2 11 1 3 0 219 859 644 8 23 2 1 0 0 16 1 5 351 3 8 1 0 0 2 3 24 0 10 5 13 133 31 134 11 2 0 1 3 9 5 3 2 0 139 5 1 3 1 17 10 12 13 3 1 0 8 0 10 1 262 364 651 110 5 7 6 2 1 71 15 16 10 23 131 70 23 7 44 43 368 294 26 538 24 25 95 80 156 363 0 0 0 0 0 0 1 0 4 0 0 14 13 2 0 0 0 0 23 2 80 156 0 38 0 0 21 1 0 2 0 9 37 0 0 0 2 0 0 0 0 1 0 0 1 1 1 0 6 11 4 17 17 1 0 0 0 0 18 2 5 1 0 0 0 0 1 0 292 47 1 0 0 121 0 0 0 0 25 1 0 21 126 9 25 1 1 2
2336 2139 183 4083 10854 10695 497 84 17 145 74 2335 0 0 0 0 0 0 0 1 198 65 6 3 17 2 4 1 1361 5905 10919 717 1096 19 0 0 2 37 3 3 346 4 8 1 0 2 4 6 26 0 8 5 55 302 47 101 248 6 0 0 0 3 4 4 2 0 303 2 30 9 3 445 54 13 41 7 3 0 196 0 12 3 239 561 644 188 14 11 10 3 4 80 19 16 12 1135 144 363 54 30 39 22 241 211 11 350 10 13 72 44 103 235 0 1 0 0 0 0 1 1 2 0 0 4 8 0 0 0 0 0 17 0 50 117 0 38 0 0 18 0 0 0 0 10 27 0 0 0 2 1 1 0 1 2 0 0 0 1 0 0 3 13 1 16 10 0 0 0 0 0 20 5 3 0 0 0 0 0 1 0 180 40 2 0 0 92 1 0 3 2 19 1 0 21 85 8 19 0 0 2
3920 3287 4800 18752 10695 22403 361 222 55 1746 233 14915 0 1 3 5 2 3 0 1 516 180 13 9 52 0 7 3 682 3083 4153 3111 3023 33 2 0 2 60 5 7 841 9 12 4 0 2 7 6 38 0 7 10 41 331 63 230 62 14 0 0 2 13 14 4 4 0 322 7 15 17 4 989 132 17 38 4 17 0 374 0 11 3 475 1002 1629 451 36 16 9 8 5 116 17 24 21 811 382 278 110 29 111 67 685 578 39 941 45 47 238 151 325 748 0 0 0 0 2 0 1 0 4 0 2 27 20 0 0 0 0 0 45 2 147 293 0 89 0 0 37 5 0 0 0 12 48 0 0 0 4 0 0 1 0 1 0 0 1 2 0 0 5 20 7 25 28 1 0 0 0 0 44 8 7 0 0 0 2 2 1 0 551 71 10 0 0 273 0 0 0 3 29 0 1 60 246 20 48 4 2 2
13763 32 558 40 497 361 15602 10085 1206 2772 43 579 0 0 0 3 1 3 1 0 46 22 1 5 8 0 0 2 2586 1052 170 82 210 13 0 0 1 5 5 2 127 10 17 1 2 2 2 12 34 1 31 21 671 1286 324 68 4 2 0 1 1 3 3 3 2 0 77 11 12 14 5 160 18 2 20 5 37 0 110 1 30 1 482 353 195 34 12 21 9 5 6 164 39 30 19 162 359 7842 16 6 6 4 31 30 1 37 2 0 7 16 16 37 0 0 2 0 0 0 0 0 1 0 0 1 2 1 0 0 0 0 3 0 6 14 0 4 0 0 1 5 0 0 0 1 3 0 0 0 1 1 0 2 0 2 0 0 0 0 0 0 0 1 0 3 3 0 0 0 0 0 4 0 0 0 0 1 1 0 1 0 28 4 0 0 0 4 1 0 3 0 1 2 0 1 15 0 1 0 0 0
14712 51 8328 74 84 222 10085 21796 1620 17962 189 2908 1 2 1 2 0 3 0 3 85 9 4 5 15 1 1 0 800 346 68 32 144 4 1 0 0 7 4 5 483 6 6 1 1 2 4 11 84 2 44 32 304 1266 246 209 4 4 1 0 2 8 8 6 5 0 245 7 13 30 11 252 8 1 29 2 23 1 424 3 46 1 853 815 537 35 18 40 23 5 6 372 57 51 60 86 159 2106 14 14 11 4 59 63 2 83 2 5 22 24 29 58 0 0 0 0 0 0 1 0 1 0 1 2 1 0 1 0 0 0 1 1 8 24 0 6 0 0 6 3 0 0 0 2 2 0 0 0 1 0 1 1 1 0 0 1 0 1 1 1 1 3 2 4 0 1 0 0 0 0 2 0 0 0 0 0 0 0 0 0 32 9 2 1 0 14 0 0 5 0 2 4 0 4 34 4 2 0 0 0
100 2 101 16 17 55 1206 1620 2426 3238 114 195 56 0 0 0 1 5 23 0 34 37 2 0 1 0 0 0 30 30 14 32 302 2 0 0 2 27 1 0 40 0 7 11 142 75 0 2 6 73 2 6 64 55 29 7 0 0 0 0 3 0 4 0 0 8 8 2 4 2 2 695 131 197 5 3 834 27 299 12 10 43 29 28 44 18 2 27 14 40 32 15 1 4 8 41 2769 3093 10 0 1 2 16 11 0 16 0 2 5 10 5 19 0 0 1 0 0 3 0 0 6 11 1 3 4 0 0 0 0 0 0 0 1 15 0 9 0 0 10 4 0 0 0 1 7 0 0 0 7 3 0 1 1 0 0 2 0 0 0 0 1 0 0 2 0 0 0 0 0 0 2 1 1 0 1 2 0 1 11 0 8 13 10 0 1 16 2 1 1 1 3 4 0 1 7 1 5 0 0 1
1653 72 4808 249 145 1746 2772 17962 3238 34499 8276 29321 0 0 1 1 2 3 0 1 49 26 0 3 2 1 4 2 336 225 73 96 1666 1 0 0 3 6 3 2 150 1 9 2 2 4 2 2 41 2 14 7 166 397 106 58 5 2 0 0 2 5 5 4 2 1 91 0 9 15 4 3779 18 7 11 2 98 0 4427 2 22 2 316 274 242 41 4 16 11 2 1 124 29 22 12 84 1682 2026 12 5 60 28 310 315 20 521 24 41 153 159 222 366 0 0 0 0 0 0 0 0 0 0 1 7 4 0 0 0 0 0 12 0 54 72 0 26 0 0 7 5 1 1 0 4 21 0 0 0 1 0 1 1 0 1 0 0 1 1 0 0 1 14 8 8 5 0 1 1 0 0 18 4 2 0 0 1 0 0 1 0 245 17 6 0 0 81 0 0 2 3 10 4 2 16 212 10 14 0 0 1
23 4 43 29 74 233 43 189 114 8276 3584 4758 0 0 0 0 0 0 0 0 14 7 0 0 0 0 0 0 14 20 23 19 749 0 0 0 0 2 0 0 13 0 0 1 0 0 0 0 1 0 1 0 5 9 2 0 1 0 0 0 0 0 0 0 0 0 4 0 0 0 0 2380 12 2 0 0 33 0 1942 0 0 0 7 15 33 15 0 0 0 0 1 4 1 1 1 33 743 152 3 4 16 7 110 88 10 175 5 9 60 30 61 127 0 0 0 0 0 0 0 0 0 0 0 1 4 0 1 0 0 0 5 0 19 45 0 6 0 0 1 0 0 0 0 4 10 0 0 0 0 0 0 0 0 0 0 0 0 1 0 0 0 5 1 0 4 0 0 0 0 0 6 1 1 0 0 0 0 0 0 0 95 10 3 0 0 42 0 0 0 0 4 0 0 8 62 2 5 0 0 1
1464 500 14462 3665 2335 14915 579 2908 195 29321 4758 35461 0 1 0 0 2 0 4 0 353 127 5 5 28 1 8 2 316 791 905 145 989 6 1 0 1 20 2 6 513 2 14 5 0 4 5 4 28 0 11 6 54 261 50 141 25 3 0 1 2 6 8 5 1 0 218 4 6 12 5 2336 29 19 15 3 14 0 2985 0 7 0 315 583 1009 256 23 15 8 2 2 110 15 18 15 211 1055 461 80 18 151 83 915 846 61 1363 51 69 315 265 517 1070 0 0 0 0 0 0 2 0 1 0 0 27 24 1 0 0 0 0 36 2 206 326 0 89 0 0 23 4 1 1 0 18 50 0 0 0 1 0 1 1 0 2 1 0 0 3 0 0 7 27 6 25 21 0 0 0 0 0 46 14 2 1 0 0 2 1 0 0 800 62 3 2 0 335 0 1 1 3 33 0 3 70 483 29 38 5 2 5
0 0 0 0 0 0 0 1 56 0 0 0 3391 3 2 60 42 910 8550 149 1 1 1 20 1 0 9 13 1 0 0 0 0 0 1 0 15 83 16 0 26 3 28 6051 3048 1045 1 8 8 105 0 0 1 0 0 0 2 0 0 0 13 6 16 18 10 303 4 1 8 1 6 58 421 670 2 15 237 377 589 3 3 8 1 1 0 1 0 6 28 141 76 6 1 0 16 0 281 27 0 1 0 3 1 0 1 1 0 0 0 0 0 1 1 59 1082 8 0 107 4 1206 46 660 16 0 2 0 0 14 2 45 22 4 0 2 2 11 1 0 33 18 347 3 88 2 5 40 92 152 91 1266 2 1 3 5 2 30 0 0 1 0 0 5 0 3 3 1 269 101 5 151 0 12 11 2 8 146 0 4 218 8 1 13 44 7 21 9 0 1 3 0 0 14 10 13 1 0 1 0 4 0
4 0 0 2 0 1 0 2 0 0 0 1 3 14143 7398 337 282 38 47 39 21 13 340 193 7 55 978 1367 85 9 4 1 3 77 3214 3706 1195 76 369 829 1318 138 83 2 0 10 226 10 35 0 2 1 1 23 2 1 88 110 544 387 0 14 29 112 104 0 125 576 226 6 3 1 4 7 60 3 1 0 0 0 2 0 4 14 3 4 9 1 1 2 2 50 5 13 20 8 0 8 9 17 0 0 0 0 0 1 0 0 0 0 0 0 32 2 13 22 12 32 40 14 119 288 153 2 2 1 10 4 0 16 2 1 0 0 0 4 19 3 13 34 1 23 1 0 5 3 0 2 59 12 18 0 0 0 1 0 0 0 0 0 0 0 0 0 1 3 4 9 0 0 1 1 0 5 2 5 0 0 4 0 0 5 6 2 0 2 0 0 1 0 1 3 0 4 0 0 1 0 0 1
3 0 5 1 0 3 0 1 0 1 0 0 2 7398 16184 12238 1358 636 102 1944 51 24 536 610 21 147 1009 3318 54 10 1 2 3 107 1466 1267 2807 201 1139 410 2980 240 307 9 1 21 128 49 219 1 11 1 0 14 6 2 36 65 167 243 43 41 60 167 147 0 62 311 846 26 12 1 4 10 74 45 1 0 2 0 3 0 5 9 13 6 10 9 14 6 20 198 17 53 124 16 2 3 6 5 0 0 0 1 0 0 0 4 0 0 0 0 47 26 27 60 16 48 56 44 160 435 199 5 10 4 18 6 4 45 1 0 0 2 2 10 27 15 31 67 12 75 6 0 5 7 3 1 94 19 26 1 0 0 0 1 0 0 0 1 0 1 0 0 2 15 7 19 3 0 0 2 3 6 1 11 0 1 13 1 4 11 8 5 4 9 1 0 2 1 0 3 1 0 1 0 1 3 0 1
4 0 3 1 0 5 3 2 0 1 0 0 60 337 12238 18547 516 3312 1909 3397 30 26 174 1789 10 100 1434 2016 23 12 9 0 1 185 75 25 1482 596 1877 45 2093 190 716 52 6 58 44 69 145 2 4 3 1 5 4 2 18 109 36 253 146 61 79 239 70 2 16 191 655 20 12 0 28 11 273 73 1 3 5 0 6 0 7 10 9 11 14 13 15 10 21 173 18 47 150 31 0 1 5 1 0 2 2 0 0 2 0 0 0 0 0 1 16 341 749 29 12 407 6 1427 109 1817 44 3 2 3 6 62 6 329 5 3 0 0 1 20 4 0 44 41 721 9 221 7 7 43 23 90 321 258 6 2 2 2 2 9 1 0 0 0 0 2 0 2 10 1 51 203 22 9 2 9 21 2 12 79 0 1 39 3 1 4 13 6 7 4 0 0 4 0 1 8 8 9 1 1 0 1 3 0
2 0 0 0 0 2 1 0 1 2 0 2 42 282 1358 516 3103 392 2512 3257 78 133 284 513 43 206 220 31 4 2 2 1 4 40 55 491 2064 236 48 206 974 85 176 49 47 132 110 15 97 7 6 0 0 3 1 4 1 2 20 48 33 36 42 35 8 1 13 20 69 18 2 2 17 71 15 30 0 85 2 2 5 3 0 8 28 24 6 4 2 4 28 80 5 18 73 7 1 0 15 1 0 2 1 1 2 0 0 21 0 0 0 3 211 40 43 131 50 35 136 40 709 557 305 61 88 16 71 27 20 114 1 1 1 8 2 48 94 37 200 211 26 291 5 2 59 27 7 4 396 41 187 2 1 3 2 4 0 3 0 0 0 0 3 2 5 54 16 51 11 1 17 12 12 39 8 26 1 0 14 0 5 89 13 19 3 74 2 4 3 4 6 3 10 12 24 2 37 6 3 23
7 0 3 1 0 3 3 3 5 3 0 0 910 38 636 3312 392 10307 4913 2097 13 26 91 2526 27 35 617 280 19 12 2 0 2 16 8 2 622 688 2182 13 2053 426 2248 357 100 3738 30 176 120 2 5 1 1 9 3 1 11 23 8 33 1721 92 88 659 78 16 41 41 472 16 35 3 199 49 52 270 3 15 15 1 12 0 3 21 9 14 9 8 35 15 132 130 7 11 151 8 28 3 14 4 0 5 1 0 3 1 0 0 0 0 0 2 11 656 1735 26 14 357 11 1990 127 1421 43 3 7 8 6 121 6 474 24 15 2 2 1 18 9 4 53 65 1526 11 606 9 19 137 83 234 263 1070 15 6 5 4 3 23 0 2 0 1 2 19 0 10 27 5 199 549 45 33 14 32 32 12 9 154 3 2 106 9 0 20 10 22 8 7 1 0 0 3 4 11 13 22 0 0 5 1 5 2
2 0 3 1 0 0 1 0 23 0 0 4 8550 47 102 1909 2512 4913 51049 10743 161 298 321 1328 100 309 742 164 16 2 5 1 10 18 78 4 663 2814 201 230 1191 169 811 9573 2271 2994 183 48 130 103 7 11 3 13 2 10 3 6 19 6 165 51 78 320 69 106 42 37 107 21 21 10 392 3037 24 97 53 1276 99 20 11 38 11 46 103 65 19 24 44 166 285 109 9 36 145 11 97 13 77 7 2 7 5 5 7 5 1 59 1 0 2 4 728 1140 4222 623 173 1903 599 5283 2891 15129 2006 112 213 64 205 255 66 1286 47 8 12 36 12 195 331 112 746 1057 1946 752 524 23 178 206 226 768 3785 1534 390 13 16 11 20 75 0 10 1 1 4 22 2 6 44 156 244 678 66 112 31 44 76 116 42 325 6 11 294 16 27 293 713 72 28 166 3 10 9 22 21 46 69 50 48 7 58 19 13 63
2 0 0 0 1 1 0 3 0 1 0 0 149 39 1944 3397 3257 2097 10743 3376 37 50 288 870 25 318 490 34 4 0 0 2 2 16 60 20 511 116 127 264 1203 109 373 583 85 223 77 29 173 8 10 1 2 4 2 2 6 4 5 14 48 39 51 96 13 2 10 12 123 24 7 0 19 184 5 43 1 103 5 0 10 3 2 10 8 12 4 17 14 19 29 156 12 38 110 3 3 1 16 1 0 1 0 1 1 2 0 9 0 0 0 0 287 121 105 221 44 92 121 124 761 1401 424 29 56 19 85 55 32 258 9 1 0 1 1 19 153 44 125 178 38 296 21 0 34 52 20 20 570 62 115 4 8 5 5 6 2 5 0 0 0 0 3 1 5 62 15 66 11 2 7 4 8 33 9 24 2 4 22 1 2 53 55 12 4 34 0 0 2 4 2 6 12 9 18 1 21 4 3 16
196 30 229 172 198 516 46 85 34 49 14 353 1 21 51 30 78 13 161 37 9222 8897 2824 721 191 209 127 3 150 204 328 222 641 490 8 9 210 1149 15 92 2477 93 118 170 1 13 110 6 52 0 1 1 10 38 8 609 50 88 11 23 4 23 14 12 5 0 69 161 38 18 3 259 673 46 358 4 23 0 149 0 7 1 113 49 6208 853 75 1 2 3 4 31 10 7 54 942 135 91 387 27 4 6 27 26 3 25 4 10 3 2 15 20 5 6 7 6 10 4 39 4 95 30 45 17 18 3 5 0 0 7 2 1 15 65 3 62 6 5 98 86 5 12 2 3 19 0 1 0 61 1 36 1 2 0 0 0 0 1 0 0 1 1 1 4 13 7 8 4 0 0 9 4 6 7 1 9 0 0 1 0 99 86 18 5 2 72 1 0 0 2 4 1 0 16 14 3 11 6 1 6
36 4 28 16 65 180 22 9 37 26 7 127 1 13 24 26 133 26 298 50 8897 17930 4540 1081 7074 1681 318 21 191 144 105 187 676 543 19 3 268 1470 30 2171 908 238 1065 300 4 47 773 22 304 0 6 4 8 114 17 73 67 74 10 37 33 271 189 140 31 0 397 139 140 161 28 239 799 46 416 23 17 1 143 0 12 0 205 833 3665 2016 329 15 16 12 31 107 36 66 461 826 120 61 3632 56 5 4 11 13 3 23 1 6 7 0 4 16 10 4 7 13 27 9 50 4 151 48 70 12 21 0 7 1 0 7 4 2 8 46 0 53 2 2 106 145 6 41 0 4 32 5 0 0 93 9 51 0 3 0 0 2 0 0 0 0 0 5 1 5 9 11 6 5 0 0 8 5 8 16 1 21 0 0 12 0 48 65 17 0 3 61 0 0 4 1 8 9 5 9 9 0 18 1 0 7
12 3 9 3 6 13 1 4 2 0 0 5 1 340 536 174 284 91 321 288 2824 4540 10485 10366 429 4569 625 66 43 8 8 11 68 713 35 45 956 1086 39 1058 8562 3265 1347 51 3 14 428 15 435 1 12 3 3 31 7 21 21 55 52 352 15 141 73 68 11 0 115 119 62 65 6 17 129 6 53 9 1 0 15 0 8 1 24 182 297 237 51 10 6 11 46 203 19 52 413 46 5 1 332 15 0 0 1 0 1 2 0 0 0 0 1 1 1 0 4 7 9 4 12 9 39 41 28 6 2 0 5 1 0 5 0 0 1 4 0 8 6 3 20 26 5 7 3 1 8 0 0 0 14 4 6 1 3 0 0 0 0 0 0 0 0 0 0 0 4 0 2 5 1 0 2 2 0 1 0 5 1 1 6 1 4 9 2 1 0 4 0 0 3 0 2 5 0 1 0 1 0 0 0 0
8 1 6 2 3 9 5 5 0 3 0 5 20 193 610 1789 513 2526 1328 870 721 1081 10366 20934 791 5536 4210 348 125 10 10 2 7 24 241 42 246 127 578 2586 1753 8706 1514 49 18 651 1401 12 154 0 3 5 3 96 10 21 59 38 118 36 192 61 84 371 59 2 446 325 245 28 8 0 30 8 39 19 1 0 2 1 9 0 72 351 203 344 83 4 9 8 54 116 8 17 124 34 4 2 256 22 0 0 0 0 0 0 0 0 0 0 0 0 6 21 69 14 4 44 21 164 62 211 87 3 3 2 1 2 0 12 2 0 0 0 0 3 1 4 16 31 65 6 16 1 5 8 8 3 25 111 5 1 1 0 1 0 0 0 0 0 0 1 0 2 0 3 18 19 1 1 1 1 2 1 2 21 0 1 26 1 0 2 7 0 3 0 2 0 2 0 0 2 2 2 0 0 0 0 2 0
37 3 31 11 17 52 8 15 1 2 0 28 1 7 21 10 43 27 100 25 191 7074 429 791 6399 271 539 49 317 32 56 24 47 51 77 1 74 232 38 3219 149 96 1170 101 11 66 3424 24 131 2 7 9 16 359 31 50 406 12 20 11 35 261 253 231 33 0 1970 89 165 158 22 17 121 21 112 16 1 1 16 0 18 0 247 1925 1225 3357 776 13 19 17 33 72 25 65 373 158 4 3 3651 982 0 0 1 0 0 0 0 2 0 0 1 0 4 3 3 10 8 7 20 5 62 27 27 4 5 2 4 0 1 0 0 0 1 3 0 9 0 2 35 59 6 9 1 0 9 0 0 0 24 9 16 2 3 0 0 1 0 0 0 0 0 0 0 0 1 1 3 2 3 0 1 0 1 2 2 6 2 0 7 2 3 17 4 2 2 4 1 1 3 0 0 2 0 1 1 0 2 0 0 1
1 0 3 1 2 0 0 1 0 1 0 1 0 55 147 100 206 35 309 318 209 1681 4569 5536 271 4847 546 20 26 0 1 0 2 5 113 29 78 44 5 3172 219 117 269 35 1 4 388 1 31 0 0 0 3 25 2 4 10 6 39 12 3 8 7 31 6 0 98 53 7 4 2 2 13 5 11 2 0 0 1 0 1 0 23 109 85 120 22 1 0 0 3 10 4 2 37 8 0 0 132 6 0 0 0 0 0 0 0 1 0 0 0 0 5 1 4 8 2 3 22 2 29 75 48 2 1 0 1 0 1 4 0 0 0 0 1 3 5 0 6 18 3 2 1 0 2 0 0 1 11 0 2 0 0 0 0 0 0 0 0 0 0 0 0 0 0 1 3 3 0 0 0 0 0 0 0 0 0 0 0 0 0 0 0 0 1 1 0 0 0 0 0 2 0 0 0 0 1 1 0 0
11 0 6 3 4 7 0 1 0 4 0 8 9 978 1009 1434 220 617 742 490 127 318 625 4210 539 546 15499 4347 367 15 20 2 4 94 3490 734 226 73 89 1637 366 92 526 12 2 39 2082 6 15 0 2 2 7 188 15 9 305 157 632 313 17 21 56 1569 181 1 1050 1180 98 16 5 1 11 4 58 7 0 0 1 0 3 0 74 404 150 337 135 3 2 2 6 40 0 13 43 35 1 12 259 65 0 0 0 0 1 0 0 0 0 0 0 0 11 37 100 21 6 71 38 330 93 489 128 0 3 4 2 5 0 25 2 0 0 0 1 2 7 2 15 28 125 14 24 1 5 10 3 6 50 65 3 1 0 0 0 1 0 0 0 0 0 1 0 0 2 4 13 27 4 0 2 1 4 0 1 15 0 0 8 1 1 3 10 2 1 2 1 0 0 0 1 1 0 1 0 0 3 0 0 0
1 0 5 0 1 3 2 0 0 2 0 2 13 1367 3318 2016 31 280 164 34 3 21 66 348 49 20 4347 10437 385 39 25 0 2 169 754 357 378 73 2898 67 652 62 434 4 8 117 416 60 24 1 0 1 10 78 4 4 390 375 607 536 45 31 114 1852 996 2 583 1691 634 12 9 1 5 5 458 45 0 0 1 0 3 0 19 98 29 60 64 4 6 7 11 27 3 6 22 33 0 21 59 57 0 2 0 0 0 1 0 0 0 0 0 0 3 260 647 18 3 226 9 1749 54 804 34 0 3 5 1 37 0 152 15 3 2 0 1 17 3 2 27 39 1116 9 223 10 10 34 14 34 61 634 4 2 3 0 1 4 0 0 0 0 0 4 0 2 4 1 117 192 12 6 7 10 20 2 6 96 0 0 23 1 0 2 4 8 6 0 0 1 0 0 1 4 6 7 1 0 0 0 3 1
8484 93 743 219 1361 682 2586 800 30 336 14 316 1 85 54 23 4 19 16 4 150 191 43 125 317 26 367 385 40109 10487 2352 219 366 69 114 25 21 96 210 138 316 18 457 12 8 66 144 111 60 1 19 16 804 11120 398 44 1447 83 12 13 42 252 488 352 242 0 5944 304 913 122 35 123 79 21 1567 51 11 2 45 0 23 1 535 858 360 177 873 17 24 16 30 172 25 55 203 2400 56 4237 232 857 8 8 50 51 6 68 2 7 14 11 22 51 3 2 10 0 2 2 6 12 18 7 2 6 13 0 0 0 0 1 9 1 19 94 0 73 0 1 61 30 4 4 6 8 30 1 9 0 21 26 3 4 3 4 0 3 0 1 0 1 2 6 0 4 9 2 11 9 0 0 19 2 7 0 2 22 3 1 17 0 108 85 12 0 6 69 1 0 2 0 18 5 2 20 20 7 21 0 0 3
5881 344 198 859 5905 3083 1052 346 30 225 20 791 0 9 10 12 2 12 2 0 204 144 8 10 32 0 15 39 10487 23055 5169 249 455 42 3 2 5 50 71 1 492 5 64 5 1 11 5 46 63 1 22 12 222 1124 159 156 4477 53 3 3 3 38 42 22 42 0 2368 9 253 18 20 152 61 10 625 29 3 0 67 1 29 2 517 778 871 247 50 18 19 8 14 165 23 26 42 2687 110 1275 72 97 28 20 242 197 11 290 11 4 73 31 92 213 0 0 1 0 1 0 2 3 3 1 2 7 9 0 1 0 0 0 18 2 44 112 0 42 0 0 20 7 0 1 0 7 38 0 1 0 5 8 1 1 4 5 1 1 0 1 0 0 1 6 1 17 14 0 2 2 0 0 24 7 3 0 0 1 0 2 4 0 182 49 3 1 2 93 0 0 5 1 23 2 2 16 59 5 18 1 0 2
460 89 104 644 10919 4153 170 68 14 73 23 905 0 4 1 9 2 2 5 0 328 105 8 10 56 1 20 25 2352 5169 12676 294 485 86 1 2 6 66 42 7 624 3 50 6 1 8 13 21 42 2 11 10 73 489 59 158 6469 44 1 2 3 25 37 25 25 0 1393 33 133 20 15 191 72 10 737 15 3 0 54 1 14 1 484 1162 1198 461 176 13 11 5 6 155 21 16 26 4228 78 314 429 3284 17 12 165 162 12 275 6 12 45 25 65 158 0 0 0 1 1 0 1 1 0 0 1 8 7 1 1 0 0 1 12 1 40 96 0 32 0 0 11 5 0 0 0 3 31 0 0 0 0 5 2 0 1 4 0 1 0 0 0 0 4 16 1 13 9 0 1 1 1 0 23 8 2 0 0 3 1 1 4 0 145 41 3 1 0 70 1 0 2 0 26 1 1 16 41 1 13 2 0 2
140 2 18 8 717 3111 82 32 32 96 19 145 0 1 2 0 1 0 1 2 222 187 11 2 24 0 2 0 219 249 294 3224 5549 855 0 0 5 288 1 1 224 4 6 1 0 2 1 5 6 0 5 2 8 65 16 34 11 2242 0 1 1 6 1 2 2 0 42 1 7 2 1 279 307 17 1618 0 16 0 51 0 2 0 80 145 318 128 10 1 2 1 1 21 6 6 2 7875 222 116 76 3 29 14 116 120 11 142 10 7 41 27 44 133 0 0 0 0 0 0 0 0 3 1 0 11 10 1 1 1 0 1 11 0 54 88 0 44 0 0 16 8 1 0 0 8 20 0 0 0 4 0 1 0 0 2 0 0 0 2 0 0 1 6 0 7 11 0 0 0 0 0 23 4 7 0 0 1 1 0 2 0 151 40 2 1 0 93 0 0 0 1 22 1 0 23 40 1 17 1 1 2
270 9 52 23 1096 3023 210 144 302 1666 749 989 0 3 3 1 4 2 10 2 641 676 68 7 47 2 4 2 366 455 485 5549 15054 4476 1 0 13 3444 1 3 634 1 10 6 3 1 6 2 18 2 8 4 35 112 40 77 23 1270 0 4 1 5 4 5 2 0 113 18 7 6 5 3167 2349 94 1909 6 247 2 363 0 11 1 147 282 801 363 17 11 3 2 3 57 17 6 13 6454 1749 471 205 7 97 74 543 560 53 827 36 47 192 111 274 667 1 0 1 0 2 1 4 2 21 9 3 51 44 4 1 0 0 1 60 6 208 530 3 282 1 1 150 39 1 7 0 41 185 1 0 0 31 2 8 2 1 12 2 0 1 10 0 0 13 36 7 41 68 0 1 1 0 0 122 17 33 12 0 2 3 0 0 0 827 273 30 7 0 577 2 1 1 10 105 1 4 105 218 23 115 13 0 9
11 0 5 2 19 33 13 4 2 1 0 6 0 77 107 185 40 16 18 16 490 543 713 24 51 5 94 169 69 42 86 855 4476 12996 113 75 2165 1825 206 43 783 6 52 15 6 14 201 25 9 3 3 2 4 22 5 12 38 8205 444 1059 18 7 29 38 53 0 56 3787 273 6 5 25 304 22 7528 13 11 6 27 0 3 0 64 92 275 118 86 2 2 1 6 23 3 3 9 1767 13 16 126 4 11 15 48 40 7 50 3 11 10 3 14 38 7 4 2 8 14 8 24 11 123 11 14 42 72 2 9 6 0 7 19 7 29 181 6 291 2 5 282 139 8 35 2 22 98 3 2 1 136 20 79 1 0 2 3 1 1 5 0 0 9 17 2 8 51 11 10 8 3 1 58 11 52 36 2 17 6 1 8 0 115 370 40 31 4 167 0 0 0 6 71 0 4 40 20 6 78 11 3 28
1 0 1 1 0 2 0 1 0 0 0 1 1 3214 1466 75 55 8 78 60 8 19 35 241 77 113 3490 754 114 3 1 0 1 113 1824 2673 415 62 51 1803 50 8 177 12 4 11 1414 4 11 0 0 0 1 46 5 0 81 167 842 797 6 17 68 212 87 0 244 639 93 13 2 0 5 2 31 1 0 0 1 0 1 0 10 45 18 32 19 1 1 2 6 4 0 0 29 4 0 3 22 16 0 0 0 0 0 0 0 0 0 0 0 0 16 7 6 27 13 22 36 22 63 205 104 2 3 1 5 0 3 4 1 1 0 0 0 2 9 0 7 32 1 14 1 0 4 2 0 0 32 7 7 0 0 0 0 0 0 0 0 0 0 0 0 0 0 1 4 0 1 0 0 0 2 0 0 5 0 0 2 0 0 2 2 1 1 0 0 0 0 0 0 1 0 1 0 0 0 0 0 0
1 0 0 0 0 0 0 0 0 0 0 0 0 3706 1267 25 491 2 4 20 9 3 45 42 1 29 734 357 25 2 2 0 0 75 2673 1947 1142 25 63 2758 160 25 32 1 0 2 504 1 5 0 0 0 0 4 1 1 33 90 2465 1220 1 3 13 76 55 0 46 380 46 2 1 0 0 0 17 0 0 0 0 0 0 0 3 2 1 2 3 0 1 0 0 10 0 1 2 1 0 2 2 6 0 0 0 0 0 0 0 0 0 1 0 0 4 2 0 3 0 3 5 1 17 37 18 0 1 0 0 0 0 1 0 0 0 0 0 1 1 2 2 6 1 6 0 0 0 0 0 0 6 3 1 1 0 0 0 0 0 0 0 0 0 0 0 0 0 2 0 1 0 0 1 0 0 1 1 0 0 0 0 0 0 0 1 0 0 0 0 0 0 0 0 0 0 0 0 0 0 0 0 0
0 1 4 0 2 2 1 0 2 3 0 1 15 1195 2807 1482 2064 622 663 511 210 268 956 246 74 78 226 378 21 5 6 5 13 2165 415 1142 6455 1651 531 247 1891 49 177 34 28 259 452 65 59 2 4 1 0 6 4 7 23 218 604 1425 105 37 36 63 55 0 28 453 561 10 21 7 44 18 210 68 2 21 15 0 7 2 10 21 114 49 25 11 6 6 33 43 5 14 41 49 4 1 62 4 2 5 2 3 2 5 1 21 1 0 0 2 115 32 43 70 50 30 84 70 502 242 165 78 130 16 40 17 11 70 2 4 6 21 5 81 45 23 290 211 47 231 17 2 64 27 8 7 359 77 244 2 4 1 4 3 0 4 0 1 1 3 3 1 23 36 25 38 4 0 22 13 29 73 5 46 1 1 19 4 17 134 20 36 12 73 1 2 1 5 11 9 5 18 19 1 54 11 2 38
34 0 19 16 37 60 5 7 27 6 2 20 83 76 201 596 236 688 2814 116 1149 1470 1086 127 232 44 73 73 96 50 66 288 3444 1825 62 25 1651 17269 262 106 1926 48 206 437 155 926 197 92 55 20 8 5 4 64 17 55 28 1020 84 136 179 54 59 58 33 9 112 403 333 16 37 140 3952 429 1769 125 102 149 62 5 10 12 129 213 723 317 84 18 23 25 130 78 8 8 46 1106 79 27 403 16 25 51 73 83 27 94 3 95 16 7 18 87 125 40 107 89 117 66 220 177 1192 464 362 264 422 31 67 30 7 74 32 14 56 474 16 795 62 39 1587 913 113 392 31 39 365 45 21 13 1077 199 571 7 6 12 10 6 2 9 0 1 13 35 6 22 160 96 73 83 15 11 184 54 154 209 6 101 3 3 69 11 282 1307 157 119 25 620 1 2 9 41 157 19 19 140 94 22 250 49 15 142
10 0 4 1 3 5 5 4 1 3 0 2 16 369 1139 1877 48 2182 201 127 15 30 39 578 38 5 89 2898 210 71 42 1 1 206 51 63 531 262 13008 19 887 242 1566 22 32 1644 121 323 140 6 6 4 6 55 8 5 321 460 266 332 5658 139 368 646 10177 6 345 1062 6543 60 58 0 27 1 1017 387 0 1 3 0 11 0 14 70 33 42 57 3 36 21 160 121 10 17 205 108 6 16 43 26 1 8 0 1 0 3 1 2 0 0 0 0 1 119 685 10 4 86 6 1011 42 246 16 1 8 2 2 36 0 76 30 9 3 6 1 13 1 1 32 30 644 5 229 7 8 116 152 33 40 1294 13 8 9 5 6 25 0 2 0 0 0 22 0 7 10 0 374 290 16 13 16 43 23 10 14 270 3 5 263 13 0 15 6 20 22 6 0 0 4 3 10 23 29 14 2 0 3 3 6 4
9 0 7 5 3 7 2 5 0 2 0 6 0 829 410 45 206 13 230 264 92 2171 1058 2586 3219 3172 1637 67 138 1 7 1 3 43 1803 2758 247 106 19 4125 128 74 603 42 3 8 1813 4 63 1 2 0 3 106 13 8 89 105 491 224 17 62 63 128 21 0 449 484 51 24 4 2 46 12 25 2 0 0 5 0 7 0 48 351 151 307 84 0 1 0 14 20 6 18 126 16 1 5 258 39 0 0 1 0 0 0 0 2 1 0 0 0 16 5 3 24 15 12 49 6 109 235 141 1 4 2 8 1 3 14 0 0 1 2 0 12 6 1 20 58 1 26 2 0 1 2 1 0 31 3 10 0 1 0 0 1 0 1 0 0 0 0 0 0 0 8 1 6 1 0 2 2 0 3 0 4 0 0 10 0 0 8 5 1 0 6 0 0 2 1 0 1 2 0 0 0 1 0 0 3
843 98 641 351 346 841 127 483 40 150 13 513 26 1318 2980 2093 974 2053 1191 1203 2477 908 8562 1753 149 219 366 652 316 492 624 224 634 783 50 160 1891 1926 887 128 9257 6876 989 165 82 793 169 178 3296 27 93 31 17 120 848 1666 100 178 134 370 683 167 75 139 134 3 183 411 1036 160 72 288 552 26 658 283 35 4 140 6 122 13 931 216 981 158 147 209 271 178 770 2602 143 283 610 1105 135 104 111 42 11 13 49 55 5 44 1 14 19 8 25 60 11 17 51 6 10 11 33 98 81 83 35 16 29 4 1 5 0 15 10 0 31 150 1 114 3 0 111 70 53 19 9 4 47 6 13 2 54 81 39 5 22 3 0 10 2 1 4 2 0 7 0 9 33 7 25 27 4 8 17 6 20 10 8 40 2 13 74 6 153 156 16 8 16 127 6 2 50 1 14 45 9 39 18 3 31 2 1 1
10 1 8 3 4 9 10 6 0 1 0 2 3 138 240 190 85 426 169 109 93 238 3265 8706 96 117 92 62 18 5 3 4 1 6 8 25 49 48 242 74 6876 7868 7114 12 44 392 72 22 1787 3 18 4 0 19 7 6 8 7 6 12 281 60 28 26 39 1 34 33 363 48 10 1 6 1 34 40 1 0 0 0 9 2 10 69 55 80 13 8 24 24 222 672 23 54 408 15 1 2 65 3 0 0 0 0 0 1 0 0 0 0 0 1 0 1 11 1 1 1 0 11 5 17 11 2 0 0 1 1 0 3 1 0 0 0 0 2 0 0 2 4 5 0 3 0 2 2 5 1 1 31 0 2 2 0 1 0 0 0 0 1 0 0 0 0 1 1 4 4 2 2 0 0 1 1 2 17 0 1 22 1 2 1 0 0 4 0 1 0 5 0 0 3 1 2 0 0 1 0 0 0
26 1 25 8 8 12 17 6 7 9 0 14 28 83 307 716 176 2248 811 373 118 1065 1347 1514 1170 269 526 434 457 64 50 6 10 52 177 32 177 206 1566 603 989 7114 10521 91 442 3075 1316 211 4234 28 23 5 9 292 31 27 254 98 172 49 2751 609 1728 5193 905 17 1093 676 4256 228 41 10 64 11 344 500 9 9 17 0 42 0 134 763 390 634 277 32 77 209 3046 373 52 114 3499 151 12 21 568 71 0 1 0 0 0 0 0 0 0 0 0 1 5 13 95 5 2 18 13 209 35 114 44 2 5 0 5 6 2 12 9 1 0 0 0 6 4 1 18 28 98 5 18 2 3 22 46 7 24 253 10 8 11 1 1 24 1 0 0 1 0 1 0 2 2 1 92 37 18 9 2 0 4 0 42 137 1 9 327 35 3 3 4 3 60 2 0 1 12 2 0 62 12 4 2 1 2 0 1 0
1 1 4 1 1 4 1 1 11 2 1 5 6051 2 9 52 49 357 9573 583 170 300 51 49 101 35 12 4 12 5 6 1 6 15 12 1 34 437 22 42 165 12 91 7346 4173 1569 83 30 29 767 2 80 1 17 3 10 8 14 6 2 57 32 74 13 4 233 33 60 44 13 17 97 2044 2334 19 61 372 2646 3497 144 42 418 13 45 183 69 20 142 90 456 269 25 6 7 58 15 41 6 73 0 3 10 1 4 12 4 0 30 3 1 1 8 125 82 539 122 64 227 189 644 1021 2499 626 94 174 17 47 29 11 113 9 7 7 46 7 183 69 24 553 519 155 230 33 5 112 25 44 107 985 230 226 4 21 2 2 47 8 3 0 4 1 5 6 2 33 63 50 78 9 24 36 15 37 63 26 90 2 12 209 36 36 368 244 42 37 178 4 6 13 12 23 55 20 27 36 7 73 18 5 65
3 0 0 0 0 0 2 1 142 2 0 0 3048 0 1 6 47 100 2271 85 1 4 3 18 11 1 2 8 8 1 1 0 3 6 4 0 28 155 32 3 82 44 442 4173 8966 2809 7 65 69 4330 5 47 3 3 2 0 8 3 1 0 21 72 119 32 34 1753 8 12 148 36 41 120 650 521 5 65 1016 1483 1362 135 67 365 2 5 5 4 3 295 254 3010 872 33 9 11 133 1 668 66 4 0 0 0 0 0 1 1 0 10 0 1 0 0 1 10 692 4 0 23 3 384 76 132 16 3 8 6 5 8 0 6 33 2 0 6 0 10 2 1 77 60 78 9 57 9 14 152 1078 49 151 2038 10 61 112 12 17 539 2 5 5 6 2 10 1 7 14 2 522 230 57 643 8 24 19 0 196 765 12 43 3535 260 3 28 16 15 325 30 14 61 120 5 1 454 106 22 10 3 3 1 2 2
8 0 4 0 2 2 2 2 75 4 0 4 1045 10 21 58 132 3738 2994 223 13 47 14 651 66 4 39 117 66 11 8 2 1 14 11 2 259 926 1644 8 793 392 3075 1569 2809 3199 114 91 251 29 4 3 2 27 5 1 120 37 28 16 558 169 216 588 339 189 212 167 648 97 23 23 464 175 84 165 184 88 243 1 17 4 22 66 25 68 42 14 40 78 1482 171 14 28 400 27 433 42 67 18 2 14 0 0 7 1 1 16 1 0 0 2 9 72 1935 6 4 61 10 1361 131 257 39 6 22 8 5 46 3 63 124 30 1 6 1 20 1 0 82 70 603 21 307 16 11 487 1259 110 176 3922 16 35 29 14 15 168 0 6 0 2 5 54 0 17 20 0 971 696 68 211 33 97 60 17 79 903 6 19 1501 65 1 22 26 72 108 37 9 15 15 9 11 65 97 33 8 2 15 8 21 7
8 0 7 2 4 7 2 4 0 2 0 5 1 226 128 44 110 30 183 77 110 773 428 1401 3424 388 2082 416 144 5 13 1 6 201 1414 504 452 197 121 1813 169 72 1316 83 7 114 7974 44 97 2 4 6 4 124 6 6 102 231 1395 845 48 219 432 597 252 1 547 550 466 129 30 2 66 19 36 27 0 1 5 0 16 0 43 308 132 339 386 3 10 13 36 31 23 32 313 21 2 3 280 51 0 0 0 1 1 1 0 0 0 0 0 0 14 2 7 20 20 9 61 18 139 133 113 5 9 2 9 2 2 7 1 0 0 2 1 20 8 3 50 94 6 18 0 1 8 1 2 0 47 29 25 2 1 0 0 1 0 0 0 0 0 0 0 0 1 5 13 3 2 0 3 0 1 2 2 16 0 3 9 2 2 13 5 3 3 4 0 3 2 1 0 8 2 5 1 0 2 0 0 1
22 1 16 3 6 6 12 11 2 2 0 4 8 10 49 69 15 176 48 29 6 22 15 12 24 1 6 60 111 46 21 5 2 25 4 1 65 92 323 4 178 22 211 30 65 91 44 25963 134 161 14 39 0 41 5 5 96 101 24 12 719 11889 2332 80 384 9 112 208 4257 982 7136 3 19 6 512 7200 10 9 8 3 698 21 10 41 21 24 20 1662 1678 464 1429 304 84 242 369 139 7 12 11 11 2 0 1 1 0 1 0 2 1 0 0 2 0 0 13 0 0 2 1 22 8 11 0 1 8 6 0 0 0 0 3 2 1 1 1 2 1 0 20 8 4 5 5 1 7 19 58 7 35 46 1 347 544 10 9 239 14 8 8 28 0 0 0 0 2 0 19 30 158 17 0 10 3 1 347 139 29 251 756 109 1 9 11 2 393 18 127 57 664 3 1 1123 209 2 0 0 1 0 0 1
145 7 97 24 26 38 34 84 6 41 1 28 8 35 219 145 97 120 130 173 52 304 435 154 131 31 15 24 60 63 42 6 18 9 11 5 59 55 140 63 3296 1787 4234 29 69 251 97 134 12980 32 336 52 3 80 35 31 21 12 8 5 295 577 73 18 32 12 114 51 407 662 65 10 16 6 48 363 4 8 10 5 130 14 64 197 122 113 61 101 188 235 853 14554 718 3065 7456 54 6 18 102 17 0 1 3 1 0 3 1 0 1 0 0 1 0 0 7 0 0 0 1 5 8 11 4 3 3 1 0 0 0 0 0 0 1 9 0 7 0 1 3 6 2 1 2 0 4 1 11 0 5 38 2 10 25 1 1 10 0 1 0 1 0 2 0 1 5 0 5 7 4 6 3 0 1 0 13 16 7 26 77 11 3 11 3 1 36 9 15 4 32 1 0 49 11 2 1 0 0 0 0 0
5 0 2 0 0 0 1 2 73 2 0 0 105 0 1 2 7 2 103 8 0 0 1 0 2 0 0 1 1 1 2 0 2 3 0 0 2 20 6 1 27 3 28 767 4330 29 2 161 32 9893 33 936 0 1 1 0 2 0 0 0 17 250 68 2 0 1411 3 3 36 150 202 70 273 1323 4 110 917 662 763 1738 524 4529 0 3 1 1 0 3949 1121 4716 344 61 32 61 95 1 506 46 3 0 0 1 1 1 0 3 0 3 0 1 0 0 0 1 22 0 1 2 1 13 12 12 4 2 10 3 2 2 0 0 3 1 2 1 0 4 0 0 18 7 5 2 3 4 13 23 94 13 43 94 1 189 465 7 12 581 55 13 36 57 0 4 0 1 4 0 18 32 108 119 2 2 4 2 277 147 51 146 1520 155 1 12 12 3 465 24 166 209 791 4 2 1546 151 6 2 1 7 0 2 0
74 0 51 10 8 7 31 44 2 14 1 11 0 2 11 4 6 5 7 10 1 6 12 3 7 0 2 0 19 22 11 5 8 3 0 0 4 8 6 2 93 18 23 2 5 4 4 14 336 33 27185 23112 0 26 81 5 1 6 0 0 8 25 11 0 3 6 8 2 15 248 23 4 6 25 7 23 3 6 1 370 1886 69 35 34 9 8 9 80 47 33 36 11113 5824 402 233 17 1 8 6 4 0 0 1 0 0 0 0 1 0 0 0 0 0 0 0 0 0 0 0 0 0 0 0 0 2 0 0 0 0 0 0 0 0 5 0 3 0 0 3 0 0 0 0 0 0 1 0 0 0 3 0 5 3 0 0 0 162 43 64 55 0 0 0 0 0 1 0 0 1 1 1 1 0 0 0 1 54 37 9 1 1 1 0 0 1 3 26 6 114 0 0 20 11 0 0 0 1 0 0 0
53 2 34 5 5 10 21 32 6 7 0 6 0 1 1 3 0 1 11 1 1 4 3 5 9 0 2 1 16 12 10 2 4 2 0 0 1 5 4 0 31 4 5 80 47 3 6 39 52 936 23112 33810 1 27 97 3 4 1 0 0 4 44 19 4 4 505 5 7 13 183 151 29 51 1149 12 14 246 134 143 9981 5260 1627 37 32 8 3 11 352 32 31 15 2492 6794 379 90 13 94 17 9 1 2 0 1 0 0 3 0 1 1 0 0 0 0 0 1 1 0 0 0 0 1 1 2 0 2 1 0 0 0 0 1 0 0 3 0 0 0 0 2 2 0 1 0 0 1 2 3 0 7 0 0 40 19 3 2 20 2408 870 1017 676 0 0 0 0 0 0 1 1 5 18 0 0 2 0 5 2 553 180 46 6 6 5 13 0 11 15 325 84 774 1 1 113 124 0 4 0 1 2 1 0
351 8 58 13 55 41 671 304 64 166 5 54 1 1 0 1 0 1 3 2 10 8 3 3 16 3 7 10 804 222 73 8 35 4 1 0 0 4 6 3 17 0 9 1 3 2 4 0 3 0 0 1 12432 12910 9207 1 8 3 0 0 1 8 13 11 6 0 55 9 18 3 1 57 10 8 50 4 24 1 22 0 3 1 1859 301 16 14 27 1 0 1 2 13 2 3 12 81 99 4096 11 23 1 1 3 1 0 4 0 0 0 1 3 3 0 0 0 0 0 0 1 0 3 2 0 2 0 0 0 0 0 0 1 0 2 4 0 6 0 0 2 1 0 0 0 0 3 0 0 0 2 1 1 0 0 0 0 0 0 0 0 0 0 0 0 0 1 0 0 0 0 0 2 0 0 1 0 0 0 0 1 0 5 4 0 0 1 1 0 0 0 0 0 2 1 0 1 1 0 0 0 0
1778 58 594 133 302 331 1286 1266 55 397 9 261 0 23 14 5 3 9 13 4 38 114 31 96 359 25 188 78 11120 1124 489 65 112 22 46 4 6 64 55 106 120 19 292 17 3 27 124 41 80 1 26 27 12910 21216 2922 30 197 36 3 4 27 126 212 124 80 0 1492 186 264 69 12 72 74 16 513 11 3 0 50 0 23 3 3830 4474 141 127 509 22 20 7 19 182 51 45 133 631 31 2376 193 321 0 5 23 14 6 21 1 3 4 4 5 19 0 0 3 0 1 0 3 2 20 5 8 6 10 0 1 0 0 0 4 0 9 57 0 48 0 0 43 17 2 4 0 0 20 0 3 0 6 14 6 2 0 0 1 0 1 0 0 0 1 7 0 4 20 2 4 3 0 1 14 1 10 2 0 3 0 2 8 0 56 58 1 2 2 40 1 0 6 2 16 1 3 10 12 0 15 2 0 2
323 11 123 31 47 63 324 246 29 106 2 50 0 2 6 4 1 3 2 2 8 17 7 10 31 2 15 4 398 159 59 16 40 5 5 1 4 17 8 13 848 7 31 3 2 5 6 5 35 1 81 97 9207 2922 19709 268 13 13 0 0 2 15 19 16 9 0 93 21 26 21 4 22 19 2 55 7 6 0 12 1 52 1 7342 703 95 31 44 13 4 7 3 670 77 28 17 70 12 1282 25 22 1 2 6 0 0 7 0 0 1 0 2 4 0 0 1 0 0 0 4 0 3 0 1 3 3 0 0 0 0 0 1 1 1 10 0 9 0 1 13 3 0 1 0 2 2 0 0 0 1 1 0 1 2 0 0 0 3 1 0 2 0 0 0 0 0 0 0 0 0 0 1 0 2 0 0 1 2 0 1 0 12 13 1 0 1 14 0 0 2 0 3 1 2 3 1 0 2 0 0 0
364 37 320 134 101 230 68 209 7 58 0 141 0 1 2 2 4 1 10 2 609 73 21 21 50 4 9 4 44 156 158 34 77 12 0 1 7 55 5 8 1666 6 27 10 0 1 6 5 31 0 5 3 1 30 268 1139 16 11 2 2 3 14 7 8 3 0 32 38 10 11 4 20 46 3 86 1 5 0 16 1 15 0 2151 109 1643 133 42 9 7 2 5 149 16 14 21 207 11 14 54 14 3 2 13 14 0 13 0 1 3 0 3 5 0 0 1 2 1 0 2 0 10 1 2 2 2 0 0 0 0 0 2 0 3 24 0 24 0 0 22 11 0 3 1 0 10 0 2 0 8 1 1 0 0 0 1 0 0 0 0 0 0 1 0 2 8 1 1 0 1 0 4 2 6 2 0 0 0 1 1 0 16 28 1 0 0 27 0 0 1 1 4 4 0 2 2 1 5 0 0 0
17 4 14 11 248 62 4 4 0 5 1 25 2 88 36 18 1 11 3 6 50 67 21 59 406 10 305 390 1447 4477 6469 11 23 38 81 33 23 28 321 89 100 8 254 8 8 120 102 96 21 2 1 4 8 197 13 16 7371 81 9 13 50 154 333 244 282 0 5576 487 933 57 36 6 23 3 3964 39 0 0 1 0 11 0 46 248 113 244 2026 5 11 15 15 21 7 12 84 4450 0 28 1059 5009 0 1 1 3 1 1 0 1 0 2 1 3 0 0 9 1 4 2 3 11 6 1 2 4 1 0 0 0 0 0 0 0 1 5 0 16 0 0 15 13 1 2 5 1 5 4 5 1 10 25 0 0 2 0 0 1 0 0 0 0 0 0 0 1 2 2 7 1 2 0 1 0 1 0 0 12 0 0 27 1 4 7 1 1 6 6 0 0 2 1 0 1 0 1 2 0 4 1 1 0
7 1 6 2 6 14 2 4 0 2 0 3 0 110 65 109 2 23 6 4 88 74 55 38 12 6 157 375 83 53 44 2242 1270 8205 167 90 218 1020 460 105 178 7 98 14 3 37 231 101 12 0 6 1 3 36 13 11 81 8461 892 1557 19 47 103 63 148 0 72 7800 953 13 21 55 358 18 6341 67 2 0 36 0 7 0 47 79 115 66 74 3 5 2 12 31 4 2 26 715 8 6 43 14 1 6 4 8 3 10 0 2 4 0 2 6 2 4 9 1 6 6 8 22 39 6 11 8 8 2 1 0 0 1 1 1 5 35 3 95 2 0 97 70 11 10 1 8 24 3 3 0 42 28 11 2 0 4 0 4 1 2 0 0 0 8 0 2 9 2 7 6 0 1 20 4 6 5 2 15 1 1 20 3 17 83 11 3 3 24 0 0 3 2 12 4 4 14 4 1 22 1 0 4
0 0 0 0 0 0 0 1 0 0 0 0 0 544 167 36 20 8 19 5 11 10 52 118 20 39 632 607 12 3 1 0 0 444 842 2465 604 84 266 491 134 6 172 6 1 28 1395 24 8 0 0 0 0 3 0 2 9 892 1885 3584 11 43 129 229 208 0 24 1441 392 15 10 0 6 1 48 10 0 0 1 0 1 0 4 10 7 3 5 0 2 2 4 1 0 3 40 4 0 0 4 3 0 0 0 0 0 0 0 0 0 0 0 0 1 1 1 4 5 8 8 5 10 25 20 0 1 1 2 0 0 1 0 0 0 3 0 6 0 0 12 12 1 2 1 1 0 0 4 0 9 9 1 0 3 0 0 0 0 0 0 0 0 0 0 0 1 2 9 2 0 0 0 0 0 1 0 8 0 0 7 0 1 5 2 0 1 0 0 0 0 0 0 1 0 1 0 0 1 0 0 1
0 0 0 1 0 0 1 0 0 0 0 1 0 387 243 253 48 33 6 14 23 37 352 36 11 12 313 536 13 3 2 1 4 1059 797 1220 1425 136 332 224 370 12 49 2 0 16 845 12 5 0 0 0 0 4 0 2 13 1557 3584 2264 10 14 36 92 89 0 18 1939 337 3 2 2 5 2 403 8 0 0 1 0 2 0 2 4 13 8 10 0 1 0 1 4 1 4 9 6 0 2 3 6 0 1 0 0 0 0 0 0 1 0 0 3 2 5 0 1 3 2 4 5 14 17 5 2 5 0 1 0 0 1 0 0 0 3 0 8 2 1 14 14 1 2 1 0 5 2 1 0 20 6 8 0 0 0 0 0 0 0 0 0 0 0 0 0 1 0 1 1 0 0 1 0 2 3 0 2 0 0 3 0 0 11 1 1 0 3 0 0 0 0 3 1 0 1 1 0 6 0 0 2
6 0 2 3 0 2 1 2 3 2 0 2 13 0 43 146 33 1721 165 48 4 33 15 192 35 3 17 45 42 3 3 1 1 18 6 1 105 179 5658 17 683 281 2751 57 21 558 48 719 295 17 8 4 1 27 2 3 50 19 11 10 5199 412 526 264 100 10 95 63 7631 123 182 1 45 10 57 6721 5 1 10 1 54 2 5 38 23 24 21 30 248 79 805 236 28 48 586 14 13 1 25 9 1 2 0 1 1 0 0 8 0 0 0 0 0 4 187 2 0 4 3 77 54 21 7 2 5 2 1 4 0 3 22 10 1 2 0 5 1 0 23 24 40 6 28 1 7 138 477 19 76 631 4 30 26 3 11 114 2 3 0 0 1 6 0 5 3 0 256 176 35 22 11 15 17 4 68 379 5 12 879 62 0 13 16 7 92 10 5 8 19 3 3 84 58 10 12 0 3 0 2 3
21 0 9 9 3 13 3 8 0 5 0 6 6 14 41 61 36 92 51 39 23 271 141 61 261 8 21 31 252 38 25 6 5 7 17 3 37 54 139 62 167 60 609 32 72 169 219 11889 577 250 25 44 8 126 15 14 154 47 43 14 412 14425 7322 395 266 7 467 240 1930 4523 1895 1 18 5 223 1398 11 8 14 9 369 64 38 252 136 177 91 673 1238 605 836 304 181 698 2410 75 7 11 184 25 2 0 1 0 0 0 0 1 0 0 0 0 0 2 13 1 0 4 2 10 11 18 12 2 4 0 0 2 0 3 3 1 0 2 0 1 1 0 7 7 6 8 2 5 5 9 24 5 12 35 1 316 346 0 10 110 28 10 14 36 0 0 0 0 3 0 12 19 68 8 1 3 0 1 113 48 59 302 299 33 0 4 1 0 122 9 159 44 820 0 0 736 199 0 0 0 2 1 1 2
7 0 8 5 4 14 3 8 4 5 0 8 16 29 60 79 42 88 78 51 14 189 73 84 253 7 56 114 488 42 37 1 4 29 68 13 36 59 368 63 75 28 1728 74 119 216 432 2332 73 68 11 19 13 212 19 7 333 103 129 36 526 7322 13164 3672 1762 25 992 658 4394 1567 500 1 22 13 284 1841 17 14 27 1 154 3 66 320 134 228 107 75 611 823 2065 68 81 227 3174 86 22 25 200 59 0 0 0 0 0 0 0 1 0 0 0 0 3 5 23 4 0 1 7 29 21 32 11 0 5 1 0 0 0 2 3 1 0 0 0 2 2 1 6 7 5 3 5 6 6 13 52 3 11 69 2 45 106 1 1 82 1 1 2 6 0 1 0 0 0 0 19 33 31 12 0 2 2 1 120 89 6 30 399 58 0 3 3 0 192 8 11 13 82 0 1 276 49 2 1 0 0 0 1 1
6 2 7 3 4 4 3 6 0 4 0 5 18 112 167 239 35 659 320 96 12 140 68 371 231 31 1569 1852 352 22 25 2 5 38 212 76 63 58 646 128 139 26 5193 13 32 588 597 80 18 2 0 4 11 124 16 8 244 63 229 92 264 395 3672 7011 2204 2 698 591 2876 171 33 0 3 4 148 54 1 0 1 0 16 1 33 261 78 200 72 7 18 25 152 21 10 28 405 45 2 16 165 72 0 0 0 0 1 0 0 0 0 0 0 0 6 44 150 8 1 38 11 357 14 149 26 1 0 1 2 5 0 25 3 3 0 1 0 8 2 1 11 19 191 1 39 1 4 16 17 2 16 276 3 1 4 1 0 1 0 0 0 0 0 3 0 1 4 0 75 50 4 1 2 5 4 0 7 41 0 0 70 5 1 3 2 3 6 3 0 0 3 0 0 8 4 6 0 0 3 1 1 1
4 0 4 2 2 4 2 5 0 2 0 1 10 104 147 70 8 78 69 13 5 31 11 59 33 6 181 996 242 42 25 2 2 53 87 55 55 33 10177 21 134 39 905 4 34 339 252 384 32 0 3 4 6 80 9 3 282 148 208 89 100 266 1762 2204 3041 3 516 588 6573 85 48 0 6 3 289 103 0 0 2 0 13 0 23 114 33 79 46 4 14 14 94 46 8 21 149 46 0 14 72 49 0 1 1 1 0 0 0 0 0 0 0 0 2 25 121 1 0 30 2 267 16 81 6 0 1 0 1 5 0 10 4 3 1 1 0 4 0 0 9 5 147 1 46 2 3 17 37 2 13 287 3 6 6 0 0 11 0 0 0 0 0 0 0 1 0 0 100 47 6 7 4 6 4 1 14 90 0 1 130 13 0 5 2 1 18 1 0 0 4 0 0 10 7 3 1 0 0 0 1 1
0 0 0 0 0 0 0 0 8 1 0 0 303 0 0 2 1 16 106 2 0 0 0 2 0 0 1 2 0 0 0 0 0 0 0 0 0 9 6 0 3 1 17 233 1753 189 1 9 12 1411 6 505 0 0 0 0 0 0 0 0 10 7 25 2 3 1026 2 0 17 3 6 17 45 729 0 22 237 883 242 641 84 891 0 1 0 0 0 249 57 226 163 18 4 1 22 0 61 6 0 1 1 0 0 1 0 0 0 0 0 0 0 0 0 1 42 0 0 1 2 11 4 5 2 0 1 0 1 2 0 1 0 0 0 0 0 0 0 0 2 0 3 0 0 0 0 8 112 12 9 67 0 2 7 1 1 52 11 7 6 3 0 0 0 0 1 0 6 5 7 76 0 1 1 0 18 7 9 7 146 11 0 5 1 1 14 1 9 8 24 0 0 44 6 0 0 0 0 0 0 0
530 59 327 139 303 322 77 245 8 91 4 218 4 125 62 16 13 41 42 10 69 397 115 446 1970 98 1050 583 5944 2368 1393 42 113 56 244 46 28 112 345 449 183 34 1093 33 8 212 547 112 114 3 8 5 55 1492 93 32 5576 72 24 18 95 467 992 698 516 2 10321 828 1367 227 58 61 66 11 2661 61 4 0 31 0 38 0 337 4429 397 2485 4005 13 33 31 62 99 43 71 444 1898 11 78 2073 3685 4 2 15 14 1 15 0 1 4 1 7 20 2 1 10 5 4 3 5 13 29 12 7 9 8 2 0 0 0 0 3 0 4 41 0 33 2 2 40 43 4 5 4 0 13 4 8 1 23 55 8 1 9 2 0 3 0 2 0 0 1 3 0 3 3 1 21 9 1 0 15 5 3 4 1 14 0 0 31 3 30 40 3 2 7 20 1 1 8 1 14 10 4 14 1 0 9 1 2 2
9 2 13 5 2 7 11 7 2 0 0 4 1 576 311 191 20 41 37 12 161 139 119 325 89 53 1180 1691 304 9 33 1 18 3787 639 380 453 403 1062 484 411 33 676 60 12 167 550 208 51 3 2 7 9 186 21 38 487 7800 1441 1939 63 240 658 591 588 0 828 8695 2022 125 49 13 252 28 3475 84 4 0 55 0 18 0 115 239 163 232 2376 8 27 14 37 82 27 30 205 54 2 10 248 285 3 5 11 7 1 14 1 2 1 0 0 12 1 6 27 2 18 5 33 30 112 33 28 21 29 5 5 3 0 2 5 1 5 56 4 220 2 3 195 175 18 9 4 14 45 6 9 2 90 50 34 3 2 2 3 4 0 1 0 0 0 11 1 1 22 5 20 10 1 0 39 10 16 13 6 41 0 4 49 7 25 159 33 8 9 36 0 0 3 9 33 10 6 16 2 1 46 6 0 7
20 1 14 1 30 15 12 13 4 9 0 6 8 226 846 655 69 472 107 123 38 140 62 245 165 7 98 634 913 253 133 7 7 273 93 46 561 333 6543 51 1036 363 4256 44 148 648 466 4257 407 36 15 13 18 264 26 10 933 953 392 337 7631 1930 4394 2876 6573 17 1367 2022 10870 518 514 8 29 9 3158 7267 14 8 12 1 100 4 91 294 157 231 162 41 277 366 2526 289 44 109 1094 512 9 72 184 109 0 6 1 3 3 1 0 9 0 0 1 1 0 3 133 0 1 8 6 93 62 47 24 0 13 4 5 7 1 4 32 6 1 4 0 15 0 1 44 29 34 6 24 2 11 131 409 24 81 714 3 72 113 6 13 232 2 4 1 4 0 12 1 6 11 0 229 158 75 36 12 21 12 5 303 699 9 33 1877 233 3 15 8 15 465 35 10 16 46 2 4 432 98 18 10 1 2 2 6 4
61 3 28 3 9 17 14 30 2 15 0 12 1 6 26 20 18 16 21 24 18 161 65 28 158 4 16 12 122 18 20 2 6 6 13 2 10 16 60 24 160 48 228 13 36 97 129 982 662 150 248 183 3 69 21 11 57 13 15 3 123 4523 1567 171 85 3 227 125 518 2491 1615 4 7 8 42 243 5 4 5 93 917 247 40 166 86 132 65 977 407 212 264 1065 1887 4587 1096 24 5 11 110 16 1 0 0 0 0 0 1 2 0 0 1 1 1 1 5 1 1 0 1 0 3 6 4 0 3 0 3 0 0 1 0 0 0 2 0 3 0 0 2 3 1 0 0 4 5 5 6 0 3 8 0 239 152 3 6 38 69 33 91 169 0 1 0 0 0 1 3 4 30 5 5 2 0 0 23 13 217 433 125 18 4 4 1 0 28 7 378 39 1302 2 2 449 201 0 5 1 0 1 0 1
10 0 18 1 3 4 5 11 2 4 0 5 6 3 12 12 2 35 21 7 3 28 6 8 22 2 5 9 35 20 15 1 5 5 2 1 21 37 58 4 72 10 41 17 41 23 30 7136 65 202 23 151 1 12 4 4 36 21 10 2 182 1895 500 33 48 6 58 49 514 1615 10797 4 13 7 91 483 10 12 11 54 7158 247 16 34 19 19 11 1727 624 237 423 360 401 365 174 34 7 6 23 6 2 0 0 0 0 0 1 1 0 0 0 0 0 0 3 1 0 0 0 2 4 3 1 1 7 2 1 0 0 0 1 0 0 0 0 2 0 0 3 1 0 3 1 1 8 6 11 4 7 18 0 387 226 8 20 67 68 39 83 174 1 0 0 0 0 0 3 2 45 9 3 3 1 0 38 18 271 695 172 21 0 2 3 2 42 2 544 58 1897 3 1 711 303 0 0 1 1 2 1 0
139 4 55 17 445 989 160 252 695 3779 2380 2336 58 1 1 0 2 3 10 0 259 239 17 0 17 2 1 1 123 152 191 279 3167 25 0 0 7 140 0 2 288 1 10 97 120 23 2 3 10 70 4 29 57 72 22 20 6 55 0 2 1 1 1 0 0 17 61 13 8 4 4 5840 621 682 151 3 1829 373 1999 35 11 71 79 134 343 125 4 32 23 26 12 24 3 2 3 774 4959 976 72 6 103 90 724 592 52 1017 40 56 211 125 285 810 1 0 1 1 6 1 2 1 34 9 6 73 83 8 3 0 0 1 78 9 236 738 0 354 2 1 222 59 1 11 1 56 207 1 3 0 44 4 17 0 0 10 0 3 2 16 0 1 11 66 7 49 58 2 5 1 1 0 154 47 25 5 3 8 9 1 6 1 1128 533 119 3 4 972 0 2 2 17 134 5 2 115 361 22 159 21 2 14
26 4 21 10 54 132 18 8 131 18 12 29 421 4 4 28 17 199 392 19 673 799 129 30 121 13 11 5 79 61 72 307 2349 304 5 0 44 3952 27 46 552 6 64 2044 650 464 66 19 16 273 6 51 10 74 19 46 23 358 6 5 45 18 22 3 6 45 66 252 29 7 13 621 5024 1438 627 26 1018 1209 2707 62 23 217 102 165 607 233 74 89 33 124 85 39 10 10 24 991 495 128 243 8 48 52 159 149 28 202 4 100 42 17 45 175 57 27 50 53 60 44 112 72 726 357 236 188 287 19 43 14 5 46 36 15 99 655 14 827 27 15 1253 592 38 207 11 67 309 24 16 3 754 50 318 7 9 12 5 16 4 17 1 1 20 43 6 23 148 48 37 30 4 12 203 67 147 92 12 59 11 5 56 5 651 1509 251 86 20 1016 3 5 8 26 186 12 15 145 139 12 278 33 8 87
