28519 8158 14651 7628 2448 3779 6800 10831 66 542 46 1403 0 6 6 2 5 2 0 0 221 131 6 4 24 1 6 5 3962 12285 572 38 72 19 4 2 3 8 3 17 741 5 11 0 1 1 8 14 36 4 80 100 486 536 188 169 130 12 1 0 7 16 9 8 13 2 652 18 25 22 10 169 12 22 38 8 125 0 34 1 68 5 841 371 992 396 26 40 9 4 14 252 74 21 40 234 89 1699 38 29 51 9 125 65 9 101 25 14 76 41 82 142 0 1 0 0 0 1 1 2 2 1 0 7 8 0 3 0 0 1 18 3 54 85 0 17 0 0 4 6 0 0 0 4 13 0 0 0 0 2 4 0 0 1 0 0 1 5 3 0 8 9 1 10 39 1 2 1 0 0 13 12 21 3 1 0 2 0 3 0 183 10 6 8 2 78 0 3 1 5 19 1 0 27 89 17 11 3 0 2
8158 12028 6925 19573 2070 3779 76 240 25 507 54 728 0 3 1 3 1 0 0 2 150 70 1 6 9 0 3 2 286 4240 475 5 50 6 0 1 3 4 3 3 318 5 6 0 1 0 8 5 7 0 23 40 94 89 50 53 96 5 0 2 1 5 4 7 7 0 308 6 7 6 3 163 5 16 24 2 110 0 21 0 21 3 245 148 564 240 14 13 4 1 1 64 22 7 18 44 45 74 29 7 41 16 103 66 7 82 5 6 26 16 41 108 0 1 0 0 0 1 2 1 1 1 0 5 5 0 0 0 0 0 21 2 54 118 0 11 0 0 0 5 2 2 1 6 14 0 1 0 0 2 2 0 0 1 0 0 1 1 0 0 6 5 1 10 40 0 0 0 1 1 12 7 19 3 0 0 0 0 0 0 239 10 3 12 0 115 0 0 0 2 15 0 0 17 62 6 17 1 0 1
14651 6925 18951 10918 588 5933 2204 18293 479 8871 534 33000 0 2 8 0 6 0 0 0 554 293 7 7 62 2 7 6 1008 1219 250 22 171 20 4 4 10 12 4 28 1363 10 13 2 2 3 29 25 57 6 107 188 582 524 288 273 135 14 2 4 9 27 7 16 8 1 1031 26 15 35 16 539 18 91 83 16 307 0 77 2 130 3 1485 681 2095 780 65 71 21 8 15 486 142 40 63 103 421 716 103 64 388 76 1020 578 56 848 186 82 504 308 524 1235 0 1 2 2 0 0 4 12 4 3 1 30 30 6 6 0 0 3 110 16 437 549 2 72 0 0 16 24 3 8 3 20 80 1 1 1 3 10 10 1 1 23 0 1 2 12 1 0 30 59 8 60 230 0 3 2 3 3 76 47 101 10 1 3 0 0 4 0 1326 35 42 50 2 573 2 1 0 21 83 0 1 146 638 79 73 12 4 7
7628 19573 10918 21010 9597 12946 127 329 22 391 44 4562 1 2 3 0 0 2 2 1 201 144 2 2 16 0 0 2 356 5621 1743 14 60 3 2 0 1 6 2 5 395 1 5 0 1 0 4 4 10 0 14 15 85 61 29 50 76 8 0 1 1 6 6 6 6 0 265 7 6 2 4 171 8 22 13 1 90 0 14 1 6 0 197 111 607 276 10 7 3 0 1 50 14 4 7 97 72 76 43 11 63 16 196 123 14 147 33 13 78 40 106 233 0 0 1 0 0 0 1 2 1 0 0 5 9 1 0 0 0 0 22 5 65 163 1 11 0 0 4 2 0 6 0 8 19 0 1 0 1 5 3 0 0 4 0 1 0 3 0 1 5 17 1 9 52 0 0 2 1 0 19 10 30 2 0 0 0 0 2 0 309 11 5 13 0 146 0 0 0 11 22 0 0 38 108 16 19 2 0 3
2448 2070 588 9597 16653 8494 328 392 15 108 17 2191 1 57 35 8 43 12 8 14 332 381 11 9 36 1 9 24 1920 9229 8852 432 427 197 9 12 69 96 79 18 561 8 38 6 2 2 21 47 10 0 24 39 219 248 72 87 2320 190 30 35 61 45 55 22 71 0 991 51 138 28 39 223 108 26 312 26 46 3 40 0 35 2 351 298 1003 632 42 16 4 1 23 85 27 14 32 6072 49 276 95 423 27 6 74 35 5 46 11 7 32 20 39 93 0 1 4 1 2 0 3 6 9 9 3 11 11 1 4 0 0 2 12 6 37 62 1 18 1 0 18 18 6 7 2 3 8 0 6 1 11 16 9 0 0 3 0 0 0 0 0 2 2 5 1 3 18 1 5 4 0 3 3 8 12 8 3 1 0 0 9 4 137 25 6 8 9 77 0 0 5 3 9 1 1 17 53 4 10 0 0 3
3779 3779 5933 12946 8494 22184 286 534 57 554 69 19688 4 21 35 9 32 9 5 6 691 912 29 21 39 8 14 11 736 4162 1929 2684 960 141 8 6 47 109 46 21 962 6 24 7 6 2 20 30 14 0 22 24 163 151 65 131 186 216 11 10 38 34 34 22 47 2 457 30 94 20 21 511 152 53 423 29 191 2 88 1 29 3 377 271 1611 977 27 16 11 0 17 79 19 13 23 4565 202 206 199 62 129 46 413 270 32 350 55 25 175 81 209 500 0 0 5 3 1 1 10 5 7 2 6 30 16 0 8 0 0 2 64 23 203 273 1 61 2 0 20 32 5 15 5 12 34 1 5 2 5 15 7 0 1 7 0 0 1 8 1 1 8 15 5 31 111 3 5 6 3 1 52 31 47 7 2 5 3 1 13 1 596 46 12 26 6 246 0 1 1 14 56 1 1 63 256 28 27 9 4 5
6800 76 2204 127 328 286 15858 12993 715 1863 90 424 0 0 1 0 5 0 1 1 31 20 1 0 4 0 4 0 2426 1108 158 13 26 5 1 0 2 1 1 1 125 0 5 1 5 3 6 6 8 6 12 38 412 327 128 32 26 5 1 0 3 6 3 4 3 1 76 2 10 6 6 75 6 34 11 3 64 5 15 2 20 5 262 61 140 47 7 8 3 2 5 47 15 2 5 148 534 5913 6 5 33 5 64 23 3 50 32 10 44 33 45 65 0 0 1 0 0 0 0 0 0 1 0 1 3 0 1 0 0 0 3 1 14 23 0 3 0 0 1 1 0 0 1 1 2 0 0 0 0 0 0 0 0 1 0 0 0 2 1 0 0 3 0 3 7 0 1 0 0 1 4 1 3 1 0 0 0 0 1 0 55 4 3 1 2 27 0 0 1 0 8 0 0 6 43 10 6 1 0 0
10831 240 18293 329 392 534 12993 24854 1858 14583 347 1646 1 1 1 1 2 1 0 1 116 38 2 3 10 0 2 1 1124 915 112 12 29 3 3 0 0 3 3 6 606 4 9 0 1 2 7 6 28 6 64 110 536 431 219 137 30 4 1 0 2 14 3 4 3 0 336 5 9 24 7 94 2 26 19 4 49 1 16 1 72 4 795 263 641 184 17 38 20 7 10 271 60 14 35 59 480 1691 11 26 147 15 285 102 6 175 72 45 156 131 174 241 0 0 1 0 0 0 0 1 0 0 1 3 1 0 0 0 0 1 19 2 41 48 0 4 0 0 2 0 0 1 2 1 7 1 1 0 1 3 2 0 1 3 0 2 2 2 2 1 4 3 1 9 16 0 0 1 0 2 7 7 9 1 0 0 0 0 0 0 138 6 13 6 1 48 2 0 3 4 8 0 0 8 151 29 7 1 1 0
66 25 479 22 15 57 715 1858 2113 3506 263 505 18 1 0 0 1 1 1 0 7 11 1 1 2 0 0 0 59 41 8 7 19 5 0 0 1 2 0 0 15 0 0 0 72 15 1 0 0 89 7 37 191 25 7 0 1 1 0 1 3 0 0 0 0 16 18 2 0 1 1 197 18 253 2 3 259 36 77 40 15 78 27 8 16 8 4 54 16 24 12 4 2 0 1 12 2144 1797 1 1 18 2 30 11 0 15 9 3 18 14 19 20 1 0 0 0 1 0 0 1 9 7 4 3 4 0 1 0 0 0 5 2 7 34 1 6 0 0 3 4 0 2 0 2 6 1 0 0 5 0 1 2 3 0 0 2 7 1 1 3 0 1 1 5 20 0 4 1 0 0 3 0 5 2 0 0 2 2 2 0 51 9 12 5 1 49 0 1 3 1 10 1 0 7 23 5 4 0 0 0
542 507 8871 391 108 554 1863 14583 3506 35966 8972 29471 7 3 2 1 3 0 3 2 102 103 4 2 9 3 5 0 211 180 45 27 268 4 0 0 3 5 1 2 203 0 4 6 52 14 3 5 5 41 19 42 258 100 49 33 11 5 0 0 2 3 3 2 2 13 110 7 2 3 1 2388 24 233 22 2 1410 50 179 19 23 21 214 71 208 85 17 19 15 22 10 72 20 8 13 75 4209 1917 27 9 414 70 994 479 57 716 180 102 547 356 647 1087 0 1 0 0 1 0 1 6 7 3 2 16 33 4 3 0 0 1 94 19 318 437 1 64 2 0 13 12 0 6 1 10 68 2 4 0 5 13 8 0 2 23 1 3 6 6 4 8 14 35 10 52 179 1 4 3 1 5 62 53 66 15 1 6 12 1 2 1 1066 29 45 55 2 421 2 3 6 21 81 5 2 127 731 87 74 8 2 3
46 54 534 44 17 69 90 347 263 8972 3953 7122 0 1 1 0 1 0 2 0 11 27 0 0 1 0 0 0 30 21 2 4 53 0 0 0 0 3 0 1 31 0 0 0 0 1 0 1 0 1 1 3 26 9 2 3 0 0 0 0 1 0 2 1 1 1 18 2 0 1 0 1464 6 24 1 0 934 1 46 1 1 0 24 9 30 12 3 2 0 0 0 6 0 1 1 16 1136 204 4 2 129 15 349 160 20 270 75 30 214 142 261 392 0 0 0 0 0 0 0 1 1 0 0 2 7 2 0 0 0 0 32 1 86 97 0 11 0 0 1 0 0 0 0 2 8 2 0 0 0 3 4 0 1 4 0 2 0 4 0 1 4 5 5 16 32 0 0 0 0 0 17 7 13 0 0 2 1 0 2 0 299 5 13 3 0 112 1 2 1 6 25 1 0 19 295 24 18 1 2 1
1403 728 33000 4562 2191 19688 424 1646 505 29471 7122 66432 7 18 38 5 21 7 8 10 1040 1661 53 10 60 7 10 6 526 1670 824 1327 3928 240 4 5 50 117 31 29 1224 13 26 7 7 5 23 33 13 2 40 40 235 166 112 121 92 266 13 22 36 23 23 28 27 0 474 66 73 21 16 2144 306 150 863 29 964 3 186 1 43 2 576 272 1679 1007 49 25 5 3 21 148 44 16 16 3374 2041 582 376 52 626 120 2023 1067 88 1518 294 103 938 553 1094 2165 0 2 7 4 2 2 14 11 12 10 4 47 47 5 17 0 1 2 151 39 627 740 3 96 1 2 41 39 3 24 1 27 97 6 5 1 14 21 18 0 1 22 0 1 5 16 4 0 35 55 8 103 237 1 6 5 1 2 106 78 115 22 0 2 9 0 5 1 1998 68 40 50 6 638 1 1 3 34 105 0 2 167 1344 115 94 28 4 7
0 0 0 1 1 4 0 1 18 7 0 7 6243 1 4 33 23 458 7249 278 2 3 2 5 3 0 3 5 3 1 0 1 21 3 1 0 1 573 10 0 38 23 52 7298 2943 9003 1 36 14 80 2 6 2 0 1 0 2 1 0 0 145 7 7 10 6 1358 0 1 12 5 2 150 305 600 1 35 506 428 920 4 13 14 0 1 3 1 0 52 77 137 338 8 0 0 30 2 51 17 1 0 0 1 0 0 0 1 0 2 0 0 0 0 3 47 415 6 0 77 6 1003 68 791 31 0 2 1 1 4 1 36 7 10 3 6 0 7 4 0 31 27 242 4 66 1 8 35 92 18 109 1258 7 4 19 0 1 16 4 0 1 8 0 1 0 0 2 0 222 41 11 201 2 6 4 8 18 89 2 7 326 16 9 23 250 8 44 10 0 8 13 1 0 22 5 12 3 0 1 1 3 1
6 3 2 2 57 21 0 1 1 3 1 18 1 10779 6682 648 4069 197 60 151 48 65 106 493 22 43 3122 2113 262 257 48 25 40 461 7063 3978 976 113 357 1872 552 45 316 12 0 22 604 21 7 0 5 1 35 42 6 5 301 493 1896 405 92 38 104 605 553 1 340 861 250 6 5 13 25 21 501 22 5 0 13 0 1 1 21 37 54 60 35 2 11 0 16 11 4 10 58 179 1 17 15 64 2 2 1 0 3 1 0 0 0 0 0 6 19 17 14 29 13 92 107 87 167 260 189 31 32 5 49 1 8 10 14 8 10 30 6 50 30 15 58 225 29 88 5 0 15 7 3 0 86 50 26 1 4 0 0 2 0 0 0 1 1 2 0 4 3 8 8 14 4 1 3 16 8 13 4 10 0 1 22 3 35 81 10 9 11 32 0 0 3 3 2 4 0 10 3 1 13 6 3 5
6 1 8 3 35 35 1 1 0 2 1 38 4 6682 30260 12448 1510 2094 953 1645 47 104 242 547 28 79 2759 6459 142 124 28 23 30 160 1672 221 192 439 2590 691 1250 159 502 14 9 66 222 66 37 2 5 6 22 23 4 4 165 249 223 118 568 138 284 500 1172 6 144 308 1031 48 31 14 30 21 327 133 2 0 10 1 7 0 12 13 30 32 22 14 27 7 103 61 8 40 205 147 2 8 15 41 3 11 0 1 9 3 0 2 2 1 5 9 58 38 48 54 10 100 134 130 289 315 213 53 70 23 109 12 33 40 14 7 8 42 13 81 60 35 102 256 42 238 31 1 22 20 12 2 173 167 54 3 13 0 0 5 0 0 0 4 0 2 0 5 6 28 35 47 11 8 5 13 9 30 4 29 0 5 71 6 40 128 13 27 20 54 0 2 7 9 4 5 2 23 3 1 17 18 11 9
2 3 0 0 8 9 0 1 0 1 0 5 33 648 12448 23636 293 4739 2312 1903 10 31 89 400 9 43 1622 6300 29 33 4 4 19 37 272 17 108 198 3876 145 686 113 445 14 6 85 51 67 42 3 6 7 3 10 1 2 34 22 26 10 242 103 215 402 726 5 56 61 593 43 15 7 24 25 47 97 3 1 10 0 6 0 6 8 21 30 10 14 56 9 100 59 12 34 196 40 0 3 19 10 1 2 1 1 1 3 0 11 0 0 2 3 52 189 293 104 1 208 52 591 235 1256 98 12 4 20 26 16 53 337 6 7 3 7 7 20 40 11 39 79 248 92 204 3 16 27 25 5 284 288 14 4 10 0 2 5 0 0 1 1 0 1 0 0 3 9 63 69 11 7 3 6 11 6 10 55 1 3 65 4 12 43 37 10 17 50 1 2 4 4 1 7 7 6 9 3 3 6 6 3
5 1 6 0 43 32 5 2 1 3 1 21 23 4069 1510 293 2920 291 837 1352 48 91 141 125 21 32 121 85 68 119 30 32 60 165 257 236 914 686 250 191 419 33 86 22 6 124 250 19 4 1 1 3 13 12 1 2 73 239 482 98 462 15 24 66 77 4 100 268 77 5 3 12 35 42 464 35 3 1 19 0 0 1 17 6 24 19 15 3 2 1 37 8 2 6 16 217 1 6 14 36 4 7 3 3 9 5 0 4 1 1 8 18 22 21 16 31 4 16 90 27 186 72 132 54 85 23 88 8 24 16 18 10 12 45 11 100 37 21 108 258 21 239 17 2 21 9 3 2 173 53 73 1 1 1 1 1 1 3 0 0 2 3 1 4 7 34 10 21 4 2 13 32 29 40 0 13 0 0 17 2 66 154 17 25 5 75 0 0 3 21 5 1 2 17 3 2 25 20 7 14
2 0 0 2 12 9 0 1 1 0 0 7 458 197 2094 4739 291 12954 12938 930 6 38 88 852 26 20 1677 2140 27 24 5 3 80 46 151 14 120 1010 6310 90 914 186 604 213 19 1168 77 63 71 3 9 8 6 11 7 1 28 14 13 10 6863 70 116 867 618 36 48 48 650 27 14 8 138 91 38 130 12 6 28 0 5 0 6 15 14 37 12 21 38 19 150 108 12 33 152 31 2 1 25 7 0 2 1 0 2 2 1 5 0 0 0 7 31 460 1165 89 2 285 40 1518 268 2122 76 8 5 9 17 46 29 609 13 30 2 15 18 21 31 11 94 92 1101 50 746 4 27 100 194 78 549 1314 28 9 7 1 2 9 1 2 0 3 1 1 0 2 14 13 309 291 41 55 3 25 38 25 19 296 2 4 101 8 21 54 128 48 28 44 0 2 16 14 0 15 2 22 7 6 7 6 20 3
0 0 0 2 8 5 1 0 1 3 2 8 7249 60 953 2312 837 12938 61295 10173 10 37 54 322 13 27 397 162 7 6 4 2 112 39 90 6 79 3699 124 151 350 108 320 6217 374 5342 34 93 30 94 4 8 1 4 0 1 11 4 6 7 1360 39 68 281 130 413 13 19 105 18 18 24 323 1821 22 182 40 91 93 6 23 18 1 3 8 10 6 78 103 62 663 31 6 17 142 18 4 0 10 1 5 11 3 3 4 5 2 48 0 2 16 21 203 609 1695 360 17 1057 336 3432 1512 6740 854 40 51 69 132 80 158 829 19 29 18 67 28 105 197 70 338 662 1027 421 576 7 61 132 131 86 1902 1726 79 7 19 5 5 20 9 5 0 7 1 0 3 6 17 64 345 326 46 146 12 22 30 43 35 243 1 8 263 15 116 366 740 34 59 329 4 2 24 13 4 35 14 32 39 13 14 14 20 4
0 2 0 1 14 6 1 1 0 2 0 10 278 151 1645 1903 1352 930 10173 3982 15 36 82 211 21 47 129 38 16 11 8 10 19 38 58 7 76 1426 276 225 317 47 144 203 32 411 60 31 11 16 0 4 2 3 0 0 23 25 18 7 819 25 33 77 48 12 15 36 84 7 8 7 37 104 104 44 6 9 13 1 2 2 7 3 8 7 5 8 19 8 74 14 0 15 60 60 0 1 3 7 2 2 3 1 8 4 2 11 2 1 9 14 76 88 65 139 10 80 136 117 460 468 210 47 68 42 132 21 74 68 9 6 15 36 27 93 91 43 134 269 43 398 35 1 26 29 9 3 367 100 59 4 3 3 0 4 1 1 0 0 0 4 1 2 3 45 29 40 10 8 8 17 23 26 10 22 1 1 44 5 46 127 58 15 14 102 0 3 3 9 3 7 2 24 7 6 13 8 11 8
221 150 554 201 332 691 31 116 7 102 11 1040 2 48 47 10 48 6 10 15 7922 7275 1371 129 295 91 53 14 108 315 205 157 586 200 25 7 68 135 17 258 886 19 103 9 0 9 180 5 4 1 7 4 25 21 9 1603 51 132 20 31 19 13 8 88 23 2 82 180 18 0 4 350 247 68 379 19 99 2 167 2 5 0 208 69 3221 356 217 3 5 0 13 13 4 2 29 361 65 25 250 191 5 10 21 4 3 10 2 5 6 1 18 32 0 0 0 3 2 3 19 6 21 8 14 19 48 4 27 0 1 2 14 8 15 72 5 59 6 1 60 51 2 38 2 0 14 4 0 0 32 3 21 0 0 0 0 0 0 1 0 2 0 4 3 1 19 1 4 5 2 0 12 19 26 27 0 5 0 0 6 0 90 97 17 22 0 86 1 0 1 11 7 0 0 8 22 5 21 7 8 10
131 70 293 144 381 912 20 38 11 103 27 1661 3 65 104 31 91 38 37 36 7275 23017 3690 947 4200 810 335 31 128 269 227 372 1485 506 68 15 141 400 36 2526 1185 140 639 30 7 26 690 15 30 5 4 4 39 34 19 59 113 287 54 39 95 38 99 404 105 2 224 418 55 18 7 810 626 189 810 47 204 3 424 0 7 0 108 99 2054 2700 568 9 16 8 59 33 7 31 159 696 97 36 4356 459 9 18 25 18 8 34 2 9 12 3 25 69 4 1 5 7 1 13 42 16 74 23 44 86 115 16 72 1 1 7 49 19 35 161 19 210 7 9 178 211 9 101 8 4 49 3 1 0 86 21 78 0 5 5 1 1 0 1 0 0 6 7 4 16 38 12 9 4 5 1 27 39 59 49 1 3 1 0 20 0 213 261 49 45 5 199 0 1 4 24 21 5 1 31 47 10 39 27 12 19
6 1 7 2 11 29 1 2 1 4 0 53 2 106 242 89 141 88 54 82 1371 3690 7849 5896 727 4180 504 25 23 14 16 15 157 161 48 20 102 220 42 3559 7655 1081 741 24 2 23 469 12 71 3 5 6 8 10 6 4 22 28 22 12 78 24 33 118 48 2 95 88 30 10 1 55 118 30 130 34 19 1 59 0 2 0 22 37 93 225 114 9 22 7 57 63 2 16 132 40 3 1 142 12 1 1 0 1 1 2 1 0 0 0 3 5 3 1 7 5 1 10 37 17 35 42 56 14 14 6 5 0 2 4 3 1 4 15 1 26 5 3 36 61 3 32 5 0 6 1 0 0 26 16 6 0 1 0 0 0 0 1 0 0 0 1 0 1 2 3 3 3 1 2 1 1 3 6 2 3 1 2 6 1 23 53 6 3 2 32 0 0 4 1 2 1 1 3 2 0 5 3 0 3
4 6 7 2 9 21 0 3 1 2 0 10 5 493 547 400 125 852 322 211 129 947 5896 18182 558 7748 5971 294 86 43 23 6 47 78 1088 145 72 238 378 5029 3520 8356 3228 61 19 718 2337 48 201 7 12 9 26 50 14 13 144 65 223 37 1747 84 80 782 376 59 365 386 328 33 10 21 68 55 64 153 10 2 24 0 10 1 74 124 228 515 197 22 83 15 264 193 23 54 336 38 1 2 237 54 0 2 0 0 0 1 0 1 0 0 2 3 9 14 85 14 4 40 63 202 97 166 93 11 19 4 27 8 4 18 6 5 2 19 7 40 10 8 49 125 56 29 21 0 5 18 26 4 73 301 16 3 12 0 0 4 0 0 0 3 0 1 0 2 5 7 76 27 14 32 1 6 9 4 20 55 4 5 80 10 27 53 33 11 23 24 0 2 11 1 0 13 1 6 2 1 6 4 2 3
24 9 62 16 36 39 4 10 2 9 1 60 3 22 28 9 21 26 13 21 295 4200 727 558 8824 222 221 22 69 44 219 9 117 73 43 4 35 119 15 3577 422 68 423 10 0 10 959 7 17 2 4 10 92 94 45 24 674 29 6 4 44 16 44 277 59 1 1295 93 34 3 2 105 108 72 105 22 44 3 72 0 8 0 213 396 1107 3994 1100 7 9 1 20 30 5 8 103 58 9 5 6195 3463 1 4 1 0 2 4 1 0 1 0 6 15 1 1 2 0 4 4 26 8 23 9 19 40 39 3 18 0 0 1 12 6 3 41 8 60 3 2 66 71 1 31 0 3 12 2 0 0 34 2 17 0 1 0 0 0 0 0 1 3 0 2 0 1 6 6 6 2 0 0 8 12 16 12 1 1 0 1 7 2 65 85 14 12 2 58 0 0 2 5 4 2 1 10 10 1 7 9 3 5
1 0 2 0 1 8 0 0 0 3 0 7 0 43 79 43 32 20 27 47 91 810 4180 7748 222 2530 1456 13 7 4 3 4 24 10 173 17 11 74 8 2717 794 130 131 8 0 5 368 1 9 2 0 0 5 3 2 4 14 8 44 4 19 5 4 32 9 0 34 34 6 1 0 14 18 12 7 6 2 0 3 0 0 0 8 21 38 92 21 0 3 2 6 6 3 4 26 9 3 2 48 4 0 0 0 0 0 2 0 0 0 0 2 3 1 2 2 9 0 12 27 2 23 14 35 1 5 5 6 0 2 0 1 0 1 4 0 8 1 2 15 44 2 13 2 0 0 1 0 0 12 2 3 0 0 0 0 0 0 0 0 0 0 1 0 0 1 1 2 0 1 0 0 0 1 0 1 3 0 0 2 0 6 16 10 1 0 8 0 0 0 0 0 1 1 0 2 0 1 1 1 2
6 3 7 0 9 14 4 2 0 5 0 10 3 3122 2759 1622 121 1677 397 129 53 335 504 5971 221 1456 25395 6616 162 63 34 9 32 108 5323 374 122 113 467 2541 870 273 750 8 3 128 1319 16 42 0 10 9 59 70 7 7 254 142 413 85 331 38 110 3744 985 26 501 537 152 25 7 17 30 40 119 43 8 0 21 2 8 0 70 106 174 385 126 8 21 3 53 51 7 11 104 31 0 17 163 74 0 2 0 0 2 0 0 2 0 0 1 2 14 69 179 35 1 182 69 871 135 837 139 11 7 0 18 4 7 81 9 6 0 13 7 35 13 8 43 121 202 39 92 1 11 29 21 8 102 338 23 0 3 1 1 1 0 0 0 1 0 0 0 1 5 1 90 43 7 15 5 12 11 7 4 50 0 3 46 2 15 37 43 8 3 20 0 0 2 1 1 9 3 10 2 0 0 3 2 4
5 2 6 2 24 11 0 1 0 0 0 6 5 2113 6459 6300 85 2140 162 38 14 31 25 294 22 13 6616 17891 135 117 26 8 23 86 562 74 83 62 7773 90 237 44 121 9 9 248 178 25 15 0 0 1 30 29 7 4 201 130 93 62 779 39 103 2312 4084 77 306 321 798 5 5 4 14 34 138 24 4 1 9 0 3 0 43 34 61 89 27 3 5 2 25 11 1 9 30 60 1 12 40 46 0 6 0 0 2 1 0 1 0 1 1 3 7 138 583 30 4 127 30 2071 106 978 46 6 9 8 20 19 7 108 25 33 2 13 4 30 9 1 37 80 816 35 275 3 16 131 180 47 149 2108 25 4 11 0 1 5 1 2 0 3 0 4 0 3 7 9 571 245 43 81 9 29 30 26 12 324 1 10 272 10 8 28 90 35 17 10 2 1 8 8 1 4 5 19 3 2 11 7 19 4
3962 286 1008 356 1920 736 2426 1124 59 211 30 526 3 262 142 29 68 27 7 16 108 128 23 86 69 7 162 135 32219 8947 1608 76 155 200 97 65 126 63 173 104 330 15 193 1 2 14 153 105 29 4 75 114 4555 10505 889 96 2412 93 84 63 75 134 296 170 279 1 5652 247 276 58 46 248 35 89 529 46 131 3 76 5 57 3 1682 3897 673 209 222 32 30 4 32 201 71 44 114 884 89 5559 69 598 26 10 76 37 6 42 10 9 28 23 36 69 0 0 8 0 0 1 3 10 4 10 2 15 17 4 6 1 0 1 13 8 36 91 1 25 2 0 19 14 5 6 3 4 16 3 12 2 6 30 13 1 1 0 0 3 4 0 1 0 2 8 1 5 37 1 5 4 1 0 14 14 22 9 3 4 1 1 27 4 165 41 10 20 19 122 2 2 5 3 9 13 1 19 59 10 13 2 2 3
12285 4240 1219 5621 9229 4162 1108 915 41 180 21 1670 1 257 124 33 119 24 6 11 315 269 14 43 44 4 63 117 8947 25401 9064 166 209 228 52 54 154 90 226 27 651 20 146 4 2 10 40 136 40 3 89 117 835 1148 279 163 5601 93 77 76 83 167 260 102 255 0 1897 82 396 82 83 160 56 33 405 55 53 2 34 4 77 2 1036 545 1279 535 54 43 14 6 53 278 111 60 106 2047 80 1290 83 270 39 7 98 50 12 70 12 16 28 26 69 122 1 0 6 2 2 1 5 12 8 6 3 11 4 2 3 2 0 1 14 4 40 77 1 26 1 3 9 16 11 9 3 5 10 2 7 1 4 37 4 1 3 2 0 1 1 1 1 2 1 5 1 4 28 0 6 10 5 2 5 6 20 12 5 10 3 1 30 6 169 28 5 9 20 77 2 2 6 3 4 8 0 21 74 8 12 3 3 2
572 475 250 1743 8852 1929 158 112 8 45 2 824 0 48 28 4 30 5 4 8 205 227 16 23 219 3 34 26 1608 9064 8033 143 183 89 34 7 55 50 37 34 406 7 43 1 0 2 82 31 9 1 21 25 214 256 66 64 9264 60 16 10 33 23 40 46 50 2 1727 230 108 12 25 84 53 14 684 30 24 1 33 0 19 1 340 297 720 820 523 17 7 3 11 70 22 2 35 2151 20 224 907 5350 8 2 35 21 1 21 4 3 11 2 13 33 1 2 1 0 0 3 3 6 4 6 1 6 5 0 5 0 0 0 4 4 25 17 0 11 0 1 8 10 1 4 0 1 7 1 1 1 6 7 5 1 1 2 0 1 0 0 0 0 0 2 0 1 12 1 5 5 1 1 5 0 4 4 0 6 0 2 5 1 63 14 3 2 2 31 0 0 0 3 6 2 0 4 19 2 4 1 0 3
38 5 22 14 432 2684 13 12 7 27 4 1327 1 25 23 4 32 3 2 10 157 372 15 6 9 4 9 8 76 166 143 5308 2840 827 12 6 93 143 21 7 161 5 14 3 0 3 17 13 2 0 4 6 17 22 8 5 43 4818 33 67 13 15 13 9 24 0 70 123 48 4 9 222 176 25 3641 13 12 0 40 0 6 2 44 21 148 152 10 2 0 0 6 4 4 2 6 7812 16 15 79 49 7 4 21 10 1 7 0 1 8 1 6 21 0 0 1 0 0 0 8 3 12 2 6 5 9 0 5 0 0 0 7 4 9 32 0 20 1 0 15 15 0 5 0 0 7 0 4 0 5 3 4 0 0 0 0 0 0 0 0 0 0 1 0 1 11 1 3 2 0 0 3 4 5 8 2 3 0 0 4 2 39 24 3 10 0 38 0 0 1 1 4 0 0 4 12 4 3 1 1 2
72 50 171 60 427 960 26 29 19 268 53 3928 21 40 30 19 60 80 112 19 586 1485 157 47 117 24 32 23 155 209 183 2840 9039 2794 25 23 149 1627 45 61 518 20 49 1351 31 127 102 27 9 9 18 29 90 70 49 30 93 1767 81 91 200 13 10 24 33 6 180 289 91 12 9 1834 8290 153 6109 50 335 11 1057 3 14 6 188 92 390 330 64 9 6 2 55 47 10 2 24 3947 131 56 226 80 20 17 51 26 18 47 7 18 23 10 37 100 7 2 8 19 5 17 39 29 84 44 47 87 122 15 55 4 8 12 40 21 57 215 10 177 21 13 139 148 11 138 10 9 62 9 3 3 70 45 71 1 2 6 0 5 4 3 0 2 9 15 4 22 72 19 8 16 4 0 35 47 106 90 3 11 7 2 25 2 236 240 32 106 5 344 0 0 3 32 19 3 1 45 59 13 57 27 14 39
19 6 20 3 197 141 5 3 5 4 0 240 3 461 160 37 165 46 39 38 200 506 161 78 73 10 108 86 200 228 89 827 2794 14253 421 566 2918 2174 77 118 346 11 75 12 2 26 553 17 0 0 4 12 52 44 25 8 331 5784 1638 5213 130 8 23 106 82 0 285 2228 83 6 6 86 319 89 13468 25 23 0 35 0 3 1 62 38 117 131 82 4 3 0 19 7 2 6 24 1507 8 15 88 223 14 20 7 3 9 8 1 8 4 0 19 29 4 4 13 8 3 10 26 18 68 19 25 76 94 12 34 4 4 7 38 23 23 198 8 165 14 6 107 90 15 91 4 2 61 5 5 0 51 25 59 0 0 1 1 0 0 0 0 0 4 8 2 9 44 10 5 9 3 1 25 43 98 85 7 10 1 1 11 0 149 210 18 87 2 204 1 0 0 26 25 0 0 28 22 9 44 32 15 32
4 0 4 2 9 8 1 3 0 0 0 4 1 7063 1672 272 257 151 90 58 25 68 48 1088 43 173 5323 562 97 52 34 12 25 421 4900 2690 405 96 55 5763 163 27 304 4 0 9 2422 6 6 0 0 1 32 34 6 5 210 276 2570 415 50 11 33 616 231 2 253 758 59 3 4 11 26 15 199 8 5 1 6 0 1 0 39 53 63 137 46 4 2 1 12 14 2 4 36 30 0 4 54 64 0 2 0 0 2 3 0 0 0 0 1 7 19 15 20 14 2 72 50 94 107 260 96 8 7 5 15 5 6 21 2 3 3 12 5 27 11 4 26 101 17 40 7 0 5 2 4 2 70 21 11 2 4 0 0 0 0 1 0 0 1 1 0 1 1 0 4 3 2 4 2 1 4 2 2 6 0 2 12 1 15 24 10 2 1 19 0 0 0 0 1 2 0 4 3 1 2 1 0 3
2 1 4 0 12 6 0 0 0 0 0 5 0 3978 221 17 236 14 6 7 7 15 20 145 4 17 374 74 65 54 7 6 23 566 2690 2225 551 76 10 524 26 2 73 0 0 1 808 1 1 0 0 0 6 5 1 0 70 413 6316 1596 8 1 7 106 34 0 80 720 8 0 1 1 12 3 281 1 0 0 2 0 1 0 6 3 6 14 8 0 0 0 1 4 0 0 4 49 0 4 4 20 0 2 0 0 0 0 0 0 0 0 1 1 0 0 2 0 0 4 8 4 16 11 10 5 6 0 5 0 0 0 2 1 1 3 0 7 1 1 12 24 2 10 1 0 2 0 0 0 10 6 3 0 0 0 0 0 0 0 0 0 0 0 0 1 0 0 0 1 1 0 0 1 1 1 0 1 0 0 0 0 6 15 3 3 1 7 0 0 0 1 1 0 0 1 1 0 2 1 0 0
3 3 10 1 69 47 2 0 1 3 0 50 1 976 192 108 914 120 79 76 68 141 102 72 35 11 122 83 126 154 55 93 149 2918 405 551 6433 809 118 137 279 10 78 7 1 32 449 6 2 1 1 1 9 19 1 0 152 621 1487 1515 146 14 17 73 49 0 128 704 53 3 2 26 73 14 1549 13 7 3 32 0 3 0 9 7 26 35 31 2 3 0 8 9 2 1 11 403 1 11 26 63 8 4 3 1 7 7 0 4 1 1 8 16 6 2 7 12 2 9 43 24 57 18 30 61 78 5 52 2 6 11 15 12 14 56 7 94 8 8 87 113 11 116 2 4 23 5 5 0 59 27 45 0 0 0 0 1 0 1 0 0 0 3 2 5 16 12 10 10 3 1 18 32 32 44 1 11 0 1 4 1 55 108 10 28 4 73 0 0 1 31 6 0 0 22 9 1 26 11 8 17
8 4 12 6 96 109 1 3 2 5 3 117 573 113 439 198 686 1010 3699 1426 135 400 220 238 119 74 113 62 63 90 50 143 1627 2174 96 76 809 13280 241 338 506 116 284 1155 103 1620 375 119 24 31 2 18 12 22 4 5 115 408 248 176 2198 54 54 146 101 63 101 352 301 17 56 107 2294 508 1356 353 42 16 134 11 16 21 17 25 79 100 60 31 29 23 444 22 3 10 84 522 8 5 80 43 14 32 12 11 28 23 1 23 4 0 41 90 112 77 107 163 26 183 345 267 808 607 523 274 317 76 303 36 74 86 89 38 61 265 55 445 126 60 642 919 102 800 45 7 143 51 34 13 680 325 296 6 15 3 3 10 5 9 1 3 5 26 6 14 66 106 84 85 34 27 74 126 143 200 21 78 5 11 164 17 307 724 151 135 40 489 2 3 13 83 37 23 8 90 30 12 93 85 36 65
3 3 4 2 79 46 1 3 0 1 0 31 10 357 2590 3876 250 6310 124 276 17 36 42 378 15 8 467 7773 173 226 37 21 45 77 55 10 118 241 13109 38 570 210 682 14 7 197 63 91 35 4 3 5 14 22 3 2 108 96 22 18 8786 81 203 897 4413 29 179 167 6002 29 42 18 60 12 290 295 4 1 16 0 20 0 19 18 36 37 16 13 28 3 125 49 7 29 112 211 0 13 20 22 1 6 1 1 1 2 0 2 0 0 3 3 6 54 415 18 0 43 21 549 80 293 17 8 24 5 20 28 6 54 23 27 7 22 6 34 6 4 39 52 443 34 188 9 17 162 235 34 109 2169 21 8 29 2 1 7 3 0 0 5 4 2 1 2 6 10 461 272 58 61 9 32 18 28 62 421 2 10 767 68 16 48 19 38 50 26 0 2 21 14 4 18 7 13 7 1 9 6 18 2
17 3 28 5 18 21 1 6 0 2 1 29 0 1872 691 145 191 90 151 225 258 2526 3559 5029 3577 2717 2541 90 104 27 34 7 61 118 5763 524 137 338 38 8115 1566 235 540 56 3 17 8496 7 27 0 5 7 81 74 18 16 242 77 555 69 51 21 41 288 69 6 645 365 24 15 2 41 112 87 86 16 14 1 48 0 4 0 133 246 468 1052 276 12 7 4 27 42 5 15 83 34 5 4 498 92 1 3 0 1 1 3 0 1 1 1 1 9 23 17 10 49 15 113 146 43 236 230 256 23 27 6 50 1 12 20 9 4 5 44 5 69 27 7 80 295 20 110 8 1 24 5 3 1 148 19 35 1 1 0 0 0 1 1 1 1 0 1 1 1 3 13 12 11 4 1 5 11 9 13 1 12 0 0 7 0 58 123 27 9 7 43 0 1 2 6 2 2 0 7 6 0 12 6 8 5
741 318 1363 395 561 962 125 606 15 203 31 1224 38 552 1250 686 419 914 350 317 886 1185 7655 3520 422 794 870 237 330 651 406 161 518 346 163 26 279 506 570 1566 8128 4651 1510 85 120 664 359 457 3047 68 437 248 79 73 1514 486 145 185 50 32 1598 351 207 439 574 67 299 284 720 176 210 387 258 90 617 744 249 8 208 7 434 18 1108 189 666 377 242 691 720 151 1515 2261 303 479 1258 383 93 62 141 293 14 14 46 36 11 42 9 16 11 8 34 70 5 12 89 10 4 30 32 148 50 112 60 37 36 6 26 7 4 15 26 19 51 151 5 91 8 1 74 72 66 39 32 1 29 45 53 6 62 368 33 18 60 3 1 27 18 5 3 20 5 11 3 11 49 10 60 75 26 29 31 34 75 38 32 76 11 34 273 22 222 96 26 52 95 202 19 27 94 14 22 60 7 26 56 10 35 8 8 12
5 5 10 1 8 6 0 4 0 0 0 13 23 45 159 113 33 186 108 47 19 140 1081 8356 68 130 273 44 15 20 7 5 20 11 27 2 10 116 210 235 4651 7036 4341 74 80 464 134 98 722 9 12 13 11 3 7 2 11 8 6 4 1140 87 138 131 607 28 47 28 804 36 21 6 25 13 30 583 4 2 7 0 11 1 14 16 39 49 24 46 116 51 1236 346 15 88 384 23 1 1 29 2 0 1 0 0 0 0 0 0 0 0 0 0 1 3 27 2 1 5 6 35 11 23 9 3 3 1 3 0 0 5 1 4 0 2 0 4 1 0 6 16 13 8 9 0 0 24 38 0 21 191 5 9 19 0 0 15 2 0 0 4 0 0 0 0 0 0 35 32 20 18 0 2 2 2 40 38 2 9 199 23 4 10 5 3 75 7 1 4 18 0 0 32 6 3 0 1 1 1 2 0
11 6 13 5 38 24 5 9 0 4 0 26 52 316 502 445 86 604 320 144 103 639 741 3228 423 131 750 121 193 146 43 14 49 75 304 73 78 284 682 540 1510 4341 7490 140 167 1277 898 296 1149 17 33 33 51 85 19 8 235 61 127 20 3703 388 1896 6194 2831 66 474 269 2512 137 47 28 105 34 131 2003 15 3 28 1 21 2 85 153 257 498 120 82 291 110 3224 389 49 280 2791 98 3 10 258 69 0 1 1 0 0 0 0 1 0 0 1 6 5 8 67 10 4 37 24 139 55 107 53 9 13 3 14 5 3 6 5 3 2 15 4 19 14 5 39 65 54 38 20 2 6 49 65 3 41 424 11 16 76 4 3 30 1 2 0 10 0 0 0 0 0 2 85 66 36 42 2 5 15 5 93 93 9 28 503 60 19 27 15 4 214 24 1 9 40 2 1 106 25 6 1 0 2 1 2 1
0 0 2 0 6 7 1 0 0 6 0 7 7298 12 14 14 22 213 6217 203 9 30 24 61 10 8 8 9 1 4 1 3 1351 12 4 0 7 1155 14 56 85 74 140 10532 2481 3105 17 97 31 586 10 69 3 2 1 1 1 0 1 0 724 33 32 19 17 341 2 5 57 11 19 266 3883 1683 11 185 171 1471 3806 85 43 222 3 3 5 7 4 226 188 224 909 17 4 9 61 11 17 4 3 0 8 15 3 2 8 7 1 19 3 0 10 30 61 72 206 90 16 269 263 528 702 1299 473 85 108 33 134 11 44 75 19 16 22 90 20 148 78 35 256 557 115 311 32 1 35 28 33 10 606 426 91 4 29 2 2 17 22 4 5 15 1 5 2 6 11 46 62 58 25 34 10 29 19 34 22 54 10 13 244 16 140 379 312 38 80 214 5 18 24 19 4 46 9 35 22 3 27 17 16 11
1 1 2 1 2 6 5 1 72 52 0 7 2943 0 9 6 6 19 374 32 0 7 2 19 0 0 3 9 2 2 0 0 31 2 0 0 1 103 7 3 120 80 167 2481 13849 2134 1 111 52 5856 7 71 9 0 1 3 6 0 0 0 202 26 30 19 19 3793 3 1 24 8 18 266 349 359 0 52 1582 1793 2057 43 132 217 4 3 3 3 1 644 647 1991 4133 26 1 10 89 7 358 69 2 2 2 1 2 2 0 3 0 0 1 2 2 3 0 2 44 2 0 5 5 18 17 21 9 0 3 4 6 5 1 5 5 2 3 10 0 5 3 0 16 17 12 6 5 3 5 82 303 3 33 1183 4 43 221 4 6 139 34 2 8 47 0 1 0 3 2 0 94 138 64 276 1 4 3 2 160 117 20 55 2066 155 10 19 3 5 479 11 12 169 180 4 0 407 36 2 7 1 2 2 2 2
1 0 3 0 2 2 3 2 15 14 1 5 9003 22 66 85 124 1168 5342 411 9 26 23 718 10 5 128 248 14 10 2 3 127 26 9 1 32 1620 197 17 664 464 1277 3105 2134 9642 27 122 120 81 4 10 6 6 4 0 17 5 2 4 1467 77 79 836 355 2514 26 19 206 29 17 104 417 307 13 283 356 201 476 2 27 6 13 6 20 35 6 105 172 398 2710 122 3 36 219 16 86 16 11 6 1 13 2 2 3 2 1 5 3 0 4 4 3 70 1354 22 1 40 22 1264 135 730 43 2 6 10 7 34 9 66 34 34 5 19 5 31 5 2 130 82 559 39 239 9 20 348 795 117 366 5335 40 31 71 3 5 44 5 2 3 21 2 5 1 7 13 8 753 475 83 646 15 56 30 27 133 637 11 34 1631 104 17 68 180 59 207 31 6 19 52 23 4 79 30 17 9 6 4 6 31 2
8 8 29 4 21 20 6 7 1 3 0 23 1 604 222 51 250 77 34 60 180 690 469 2337 959 368 1319 178 153 40 82 17 102 553 2422 808 449 375 63 8496 359 134 898 17 1 27 13469 16 14 1 4 7 79 70 17 24 649 427 1996 458 66 37 72 651 214 1 815 2182 86 6 5 56 139 72 399 15 30 0 53 2 4 0 102 220 318 739 1521 3 4 3 32 22 7 9 109 70 6 16 410 349 3 7 3 1 3 3 0 2 1 0 6 14 6 8 5 11 3 22 72 27 95 57 111 50 42 7 48 2 2 14 8 9 6 61 4 90 13 3 83 194 9 86 5 2 17 1 4 2 71 17 43 0 2 1 0 1 0 0 0 0 2 1 0 3 15 6 16 10 2 1 9 10 15 32 4 7 0 0 13 2 75 126 21 15 3 81 1 1 0 6 3 0 3 16 5 3 10 13 3 8
14 5 25 4 47 30 6 6 0 5 1 33 36 21 66 67 19 63 93 31 5 15 12 48 7 1 16 25 105 136 31 13 27 17 6 1 6 119 91 7 457 98 296 97 111 122 16 19589 353 309 21 81 11 15 16 4 51 27 6 4 395 6807 1932 141 1192 48 59 46 7459 456 5952 16 50 9 93 11850 20 13 30 5 1191 57 12 12 20 16 9 1745 3239 258 3636 313 121 165 637 108 8 5 3 12 1 1 0 0 0 1 0 2 0 0 0 2 1 1 10 1 1 6 2 10 3 9 3 3 3 7 3 5 0 2 0 3 0 1 0 4 3 1 7 8 5 11 5 1 8 122 96 3 23 140 2 536 1919 20 19 848 57 32 29 167 3 0 0 0 0 2 18 216 371 50 2 6 2 0 311 52 205 507 1834 63 5 14 11 8 965 60 168 539 2042 2 5 1777 390 1 6 1 0 2 1 0
36 7 57 10 10 14 8 28 0 5 0 13 14 7 37 42 4 71 30 11 4 30 71 201 17 9 42 15 29 40 9 2 9 0 6 1 2 24 35 27 3047 722 1149 31 52 120 14 353 7954 35 151 86 9 5 55 15 5 1 2 0 187 312 90 44 60 18 12 18 175 140 112 8 13 7 14 393 16 1 8 1 144 4 49 17 26 19 8 272 532 156 829 8198 176 2607 6856 6 2 1 6 2 0 0 0 0 0 1 1 0 0 1 1 1 0 0 4 0 0 1 1 12 1 9 3 0 1 0 1 1 0 1 1 0 0 0 0 1 1 0 3 1 8 1 2 0 0 6 16 0 4 58 1 11 50 0 0 19 4 4 3 12 0 0 0 0 1 1 12 16 18 11 0 2 1 1 17 6 10 12 99 5 3 4 0 1 60 8 5 18 58 0 1 60 6 4 0 0 0 1 0 0
4 0 6 0 0 0 6 6 89 41 1 2 80 0 2 3 1 3 94 16 1 5 3 7 2 2 0 0 4 3 1 0 9 0 0 0 1 31 4 0 68 9 17 586 5856 81 1 309 35 8847 129 1032 15 1 12 1 0 0 0 0 19 85 41 5 14 1406 2 1 57 28 55 234 189 1079 2 149 1866 842 1238 1135 580 5356 18 4 2 1 0 4713 1709 3751 1031 77 21 17 65 8 454 85 3 0 0 0 5 4 1 5 0 3 2 2 3 14 0 1 6 0 0 0 2 4 2 7 4 1 0 1 0 1 1 0 1 0 4 4 0 1 1 0 7 8 2 3 2 0 6 27 104 0 21 113 2 98 386 8 3 305 254 41 112 195 0 0 0 0 1 0 9 35 60 99 0 1 3 0 44 8 91 133 964 30 11 14 8 2 245 19 102 800 836 2 3 604 71 1 10 2 1 1 0 0
80 23 107 14 24 22 12 64 7 19 1 40 2 5 5 6 1 9 4 0 7 4 5 12 4 0 10 0 75 89 21 4 18 4 0 0 1 2 3 5 437 12 33 10 7 4 4 21 151 129 14047 18723 32 11 464 34 5 3 0 0 18 35 16 4 16 38 32 6 14 351 30 38 10 110 34 19 100 19 42 368 1502 314 424 29 48 24 10 205 51 33 55 6759 8099 91 205 11 25 27 6 9 1 1 3 0 0 2 0 1 0 0 1 2 1 0 0 0 0 0 0 1 0 1 0 0 2 0 0 0 0 0 3 1 2 11 0 6 0 0 1 2 0 1 0 1 1 0 1 1 4 5 1 5 18 3 0 7 393 48 138 217 3 1 0 1 4 0 1 1 1 5 0 1 7 0 4 1 51 20 16 2 17 3 8 2 7 21 104 43 223 3 4 15 11 2 8 1 1 0 0 0
100 40 188 15 39 24 38 110 37 42 3 40 6 1 6 7 3 8 8 4 4 4 6 9 10 0 9 1 114 117 25 6 29 12 1 0 1 18 5 7 248 13 33 69 71 10 7 81 86 1032 18723 19303 63 26 531 42 15 12 1 0 15 59 23 17 44 348 60 11 82 850 231 81 38 686 48 68 636 131 190 9310 4646 2940 526 50 67 38 22 1571 214 203 167 1989 5758 33 104 12 149 46 14 18 5 0 5 2 1 1 2 24 3 1 4 8 1 0 4 2 0 0 1 0 5 8 1 0 2 0 4 1 0 0 4 1 3 22 0 6 0 0 2 1 2 2 0 24 6 10 39 4 44 9 3 28 66 41 0 195 5286 1080 2689 1469 54 11 4 1 5 0 0 9 10 94 6 4 9 2 3 1 560 200 115 4 27 44 115 6 24 196 1244 550 1972 4 36 84 88 4 70 17 3 1 0 0
486 94 582 85 219 163 412 536 191 258 26 235 2 35 22 3 13 6 1 2 25 39 8 26 92 5 59 30 4555 835 214 17 90 52 32 6 9 12 14 81 79 11 51 3 9 6 79 11 9 15 32 63 9581 12435 9221 35 220 48 8 6 11 19 55 75 57 5 1372 98 33 10 5 203 40 106 290 9 154 4 92 6 19 11 5330 1842 752 164 185 7 4 4 7 81 29 5 29 103 188 6779 53 220 10 5 21 14 4 14 5 10 9 4 17 44 0 1 2 0 0 0 3 3 2 3 1 8 20 2 4 0 1 0 14 2 24 95 0 39 0 0 13 5 0 2 0 2 8 3 1 1 3 4 14 0 0 1 0 0 1 0 0 0 1 5 1 0 28 1 1 1 0 0 9 4 41 12 0 2 0 1 1 0 120 30 11 22 0 111 0 0 1 6 5 2 0 15 22 4 4 1 1 1
536 89 524 61 248 151 327 431 25 100 9 166 0 42 23 10 12 11 4 3 21 34 10 50 94 3 70 29 10505 1148 256 22 70 44 34 5 19 22 22 74 73 3 85 2 0 6 70 15 5 1 11 26 12435 11905 827 21 276 21 15 6 17 30 57 73 69 0 2390 109 51 9 9 162 21 60 203 11 101 2 57 1 12 1 1069 5927 280 96 185 7 10 0 20 49 16 6 24 124 51 2193 65 238 7 10 18 12 6 11 2 5 7 3 17 40 0 0 0 0 1 1 3 2 0 1 1 12 11 0 3 0 0 2 11 5 19 65 2 18 0 0 10 6 2 4 0 0 5 1 3 0 2 8 3 0 0 0 0 0 0 0 0 0 2 7 0 3 27 0 2 1 1 1 6 7 22 6 4 2 0 0 4 0 100 18 4 13 4 75 0 0 0 2 6 2 0 17 20 6 8 3 0 0
188 50 288 29 72 65 128 219 7 49 2 112 1 6 4 1 1 7 0 0 9 19 6 14 45 2 7 7 889 279 66 8 49 25 6 1 1 4 3 18 1514 7 19 1 1 4 17 16 55 12 464 531 9221 827 20352 436 66 37 7 2 12 25 13 22 16 1 289 42 13 63 13 104 14 52 178 10 87 0 38 7 196 9 3560 280 134 81 54 55 16 7 14 1237 243 37 51 46 33 814 17 59 4 5 7 7 2 8 3 4 3 4 12 16 0 0 1 0 0 0 1 4 0 2 1 8 4 2 4 0 0 0 5 2 14 54 0 14 0 0 7 0 0 4 0 0 8 0 0 0 1 4 4 0 0 1 0 2 1 1 3 9 0 1 0 3 24 0 0 2 0 0 8 2 26 3 0 0 5 4 0 0 72 18 4 13 2 70 0 2 11 2 6 4 0 10 15 3 12 2 0 2
169 53 273 50 87 131 32 137 0 33 3 121 0 5 4 2 2 1 1 0 1603 59 4 13 24 4 7 4 96 163 64 5 30 8 5 0 0 5 2 16 486 2 8 1 3 0 24 4 15 1 34 42 35 21 436 3313 21 14 0 1 5 5 8 13 9 0 50 20 9 9 5 38 9 17 56 5 30 1 11 0 12 3 3895 82 1904 189 33 10 5 1 5 148 34 7 15 34 16 19 19 47 1 0 9 3 1 6 1 1 1 1 8 9 0 0 0 0 0 0 0 1 0 0 0 5 5 0 2 0 0 0 2 1 5 20 0 10 0 1 2 6 0 3 0 1 3 0 1 0 2 1 2 0 1 0 0 0 0 0 0 1 0 1 0 1 3 0 0 0 0 0 2 6 9 4 0 0 0 1 1 0 25 11 5 5 0 20 2 0 2 0 3 1 0 8 9 2 2 0 0 1
130 96 135 76 2320 186 26 30 1 11 0 92 2 301 165 34 73 28 11 23 51 113 22 144 674 14 254 201 2412 5601 9264 43 93 331 210 70 152 115 108 242 145 11 235 1 6 17 649 51 5 0 5 15 220 276 66 21 15790 175 112 85 74 73 185 347 330 1 11190 1376 188 23 10 46 62 29 2757 38 19 0 20 0 11 0 261 421 283 1639 1973 7 6 1 31 35 12 20 78 1997 6 65 1601 6441 2 2 7 2 0 2 1 0 0 1 2 10 0 1 5 3 0 7 10 16 7 26 8 12 12 2 7 0 0 4 6 2 3 47 3 27 3 1 23 28 3 10 5 1 8 0 1 0 9 21 8 1 6 1 0 2 0 0 0 0 0 1 0 1 4 0 7 6 1 4 4 5 14 10 4 10 1 0 25 3 28 31 4 5 10 31 0 0 2 1 0 2 0 1 8 0 5 4 2 1
12 5 14 8 190 216 5 4 1 5 0 266 1 493 249 22 239 14 4 25 132 287 28 65 29 8 142 130 93 93 60 4818 1767 5784 276 413 621 408 96 77 185 8 61 0 0 5 427 27 1 0 3 12 48 21 37 14 175 12983 1367 2111 41 25 70 102 141 0 145 5930 138 15 8 84 229 75 16498 18 14 1 27 0 17 3 107 27 122 111 88 7 4 2 16 26 8 6 30 3876 3 7 50 211 9 5 3 2 6 5 1 3 1 0 13 18 1 1 4 3 1 5 12 16 14 10 8 36 30 4 11 0 1 1 19 6 12 111 3 109 1 0 71 40 4 20 3 1 39 2 2 0 9 28 19 0 2 4 0 1 0 0 0 0 2 2 0 3 23 2 4 5 1 2 10 16 44 27 1 5 0 0 8 0 93 94 15 23 8 91 0 1 0 7 3 5 0 17 2 4 17 16 4 9
1 0 2 0 30 11 1 1 0 0 0 13 0 1896 223 26 482 13 6 18 20 54 22 223 6 44 413 93 84 77 16 33 81 1638 2570 6316 1487 248 22 555 50 6 127 1 0 2 1996 6 2 0 0 1 8 15 7 0 112 1367 3543 2947 11 9 25 176 77 1 126 2290 39 0 2 7 40 15 629 4 2 0 8 0 0 0 15 7 19 32 18 0 0 0 2 2 0 0 15 101 0 5 14 32 2 0 0 1 1 0 1 0 0 0 2 7 1 3 2 0 1 7 23 11 30 16 29 16 15 1 7 0 1 3 5 1 6 28 6 30 2 3 13 62 3 16 2 0 3 0 0 0 19 8 15 0 0 0 0 0 0 0 0 0 2 0 0 1 1 1 4 2 1 2 6 2 5 2 0 1 0 0 6 0 18 31 6 3 1 16 0 0 1 4 0 1 0 6 1 0 4 1 1 3
0 2 4 1 35 10 0 0 1 0 0 22 0 405 118 10 98 10 7 7 31 39 12 37 4 4 85 62 63 76 10 67 91 5213 415 1596 1515 176 18 69 32 4 20 0 0 4 458 4 0 0 0 0 6 6 2 1 85 2111 2947 5053 15 7 11 62 48 0 62 1754 29 2 0 4 35 5 1311 1 3 0 2 0 0 0 5 10 21 18 15 1 0 0 2 0 1 1 3 169 2 2 9 43 0 2 2 0 1 1 0 3 0 0 1 5 1 1 0 0 0 1 1 2 10 4 2 7 12 0 4 0 0 2 4 4 3 15 2 18 2 0 18 12 1 5 0 0 6 2 0 0 5 2 5 0 0 0 0 0 0 0 0 0 1 0 0 0 3 0 1 2 0 0 1 5 4 9 1 0 0 0 3 1 18 29 4 3 1 27 0 0 0 0 1 0 0 2 1 0 4 6 1 0
7 1 9 1 61 38 3 2 3 2 1 36 145 92 568 242 462 6863 1360 819 19 95 78 1747 44 19 331 779 75 83 33 13 200 130 50 8 146 2198 8786 51 1598 1140 3703 724 202 1467 66 395 187 19 18 15 11 17 12 5 74 41 11 15 14646 237 298 2330 1391 291 127 85 7651 84 146 70 386 45 150 4380 33 33 113 0 63 2 27 26 80 80 22 89 132 28 3541 215 26 118 584 161 7 2 43 25 2 12 0 3 5 2 0 10 1 0 3 7 13 39 836 36 3 39 33 400 170 283 56 10 16 15 7 35 17 48 34 41 8 13 7 40 11 6 113 86 369 71 191 7 21 394 757 63 306 3705 36 36 97 6 10 49 5 4 2 15 0 7 0 8 9 12 527 545 106 196 19 55 27 25 165 670 10 46 1477 143 25 68 35 60 233 32 1 15 54 20 5 84 34 19 8 4 12 15 36 9
16 5 27 6 45 34 6 14 0 3 0 23 7 38 138 103 15 70 39 25 13 38 24 84 16 5 38 39 134 167 23 15 13 8 11 1 14 54 81 21 351 87 388 33 26 77 37 6807 312 85 35 59 19 30 25 5 73 25 9 7 237 13132 10590 396 1089 11 127 69 3045 4422 1505 9 23 6 104 1062 6 1 12 3 237 77 25 20 42 53 10 295 253 89 767 583 528 3850 6638 94 1 15 14 21 1 0 0 0 0 0 0 1 0 0 0 0 1 0 8 1 0 7 3 8 5 13 9 0 0 2 4 2 3 0 4 1 0 3 0 1 1 1 5 5 3 2 1 5 13 59 51 3 17 44 4 297 920 12 11 512 53 35 20 169 3 3 0 0 0 0 15 79 152 22 1 3 2 0 127 33 233 468 690 32 6 12 6 4 345 16 176 320 1582 1 2 714 242 0 3 1 0 1 2 1
9 4 7 6 55 34 3 3 0 3 2 23 7 104 284 215 24 116 68 33 8 99 33 80 44 4 110 103 296 260 40 13 10 23 33 7 17 54 203 41 207 138 1896 32 30 79 72 1932 90 41 16 23 55 57 13 8 185 70 25 11 298 10590 19246 4915 5244 26 314 210 5211 1512 290 7 13 10 105 1203 5 0 9 1 44 6 43 67 76 162 37 141 717 106 1152 174 138 1936 3203 102 1 17 54 31 0 0 0 0 0 0 0 1 0 0 1 0 1 2 6 0 1 7 10 23 11 15 9 0 6 0 6 3 2 3 0 2 0 9 1 6 0 0 15 14 9 5 6 4 5 65 52 1 16 113 5 118 507 8 8 208 6 9 2 27 0 0 1 1 1 1 12 106 93 20 1 3 3 2 125 35 37 93 674 38 3 4 8 2 474 15 30 63 349 2 1 450 84 0 2 0 0 1 1 0
8 7 16 6 22 22 4 4 0 2 1 28 10 605 500 402 66 867 281 77 88 404 118 782 277 32 3744 2312 170 102 46 9 24 106 616 106 73 146 897 288 439 131 6194 19 19 836 651 141 44 5 4 17 75 73 22 13 347 102 176 62 2330 396 4915 12362 12849 98 623 398 2158 99 33 12 47 30 125 339 12 0 22 0 11 1 123 185 303 705 118 15 50 5 357 52 22 71 1188 60 1 21 281 102 1 3 1 0 0 2 0 2 0 0 1 4 9 24 170 16 1 29 29 452 63 215 48 6 14 4 16 12 5 27 13 4 1 10 5 26 8 5 38 69 151 28 58 3 11 35 68 14 72 800 16 7 35 0 3 9 0 0 0 0 0 1 0 1 5 4 169 92 22 73 4 12 12 12 24 130 2 5 239 21 15 40 29 15 42 22 0 3 16 4 0 23 5 8 4 0 5 5 11 3
13 7 8 6 71 47 3 3 0 2 1 27 6 553 1172 726 77 618 130 48 23 105 48 376 59 9 985 4084 279 255 50 24 33 82 231 34 49 101 4413 69 574 607 2831 17 19 355 214 1192 60 14 16 44 57 69 16 9 330 141 77 48 1391 1089 5244 12849 16113 59 522 432 13807 345 500 15 30 13 289 1666 5 1 11 0 121 2 64 92 135 249 60 68 80 16 407 99 67 118 758 142 1 27 100 91 1 6 0 0 3 0 0 3 0 0 3 3 3 14 198 6 2 16 22 325 55 114 21 2 11 7 15 16 4 19 26 11 0 15 6 25 7 5 29 55 178 25 69 2 11 176 277 16 89 1657 27 28 91 2 7 46 6 0 0 14 2 0 1 2 2 3 347 271 89 77 3 21 13 12 154 337 19 43 1172 131 9 38 13 26 349 24 5 15 65 10 1 131 24 10 2 0 5 8 7 4
2 0 1 0 0 2 1 0 16 13 1 0 1358 1 6 5 4 36 413 12 2 2 2 59 1 0 26 77 1 0 2 0 6 0 2 0 0 63 29 6 67 28 66 341 3793 2514 1 48 18 1406 38 348 5 0 1 0 1 0 1 0 291 11 26 98 59 1477 3 1 26 6 14 47 80 532 1 28 408 1233 761 370 54 795 2 2 1 4 0 201 164 412 1313 21 5 8 30 3 91 19 0 0 0 0 0 2 0 1 0 0 1 0 0 0 0 3 144 1 0 3 2 73 17 57 7 1 1 1 0 3 1 1 2 0 0 1 0 4 1 0 7 11 22 2 13 1 1 10 76 14 33 417 1 3 33 0 2 29 68 7 23 38 0 0 0 1 1 0 35 30 14 178 2 3 3 2 19 26 10 8 246 9 2 10 42 0 75 2 8 20 55 0 1 50 10 1 1 1 1 0 3 1
652 308 1031 265 991 457 76 336 18 110 18 474 0 340 144 56 100 48 13 15 82 224 95 365 1295 34 501 306 5652 1897 1727 70 180 285 253 80 128 101 179 645 299 47 474 2 3 26 815 59 12 2 32 60 1372 2390 289 50 11190 145 126 62 127 127 314 623 522 3 7360 1052 314 62 30 286 62 114 1739 58 169 3 107 0 25 0 1516 9424 1321 2155 1990 18 21 9 70 107 33 36 202 840 69 170 921 3488 15 12 36 17 13 27 7 5 13 13 16 66 1 3 9 0 1 6 8 25 12 15 4 22 24 7 15 0 2 6 22 5 43 129 3 43 2 0 29 26 12 20 5 2 35 3 4 0 14 43 16 1 7 2 0 4 1 2 0 2 6 4 2 11 36 1 8 9 2 4 11 18 40 23 5 12 3 3 28 1 181 62 15 29 9 151 1 0 3 12 17 5 1 28 35 12 11 9 5 6
18 6 26 7 51 30 2 5 2 7 2 66 1 861 308 61 268 48 19 36 180 418 88 386 93 34 537 321 247 82 230 123 289 2228 758 720 704 352 167 365 284 28 269 5 1 19 2182 46 18 1 6 11 98 109 42 20 1376 5930 2290 1754 85 69 210 398 432 1 1052 11131 257 24 13 109 166 103 4449 24 43 2 71 0 8 2 208 160 287 592 3164 5 11 1 26 39 8 20 104 203 11 10 374 1735 5 9 4 4 2 7 0 7 0 0 9 26 1 3 10 6 1 11 22 26 34 24 22 44 66 3 17 1 1 3 18 16 10 167 9 121 6 0 107 77 7 51 9 3 39 1 5 0 34 43 47 2 4 2 0 0 1 2 0 3 3 7 1 3 23 13 9 11 1 1 13 29 43 49 4 10 1 0 19 3 109 158 30 40 5 120 0 0 4 14 13 2 1 15 4 6 22 13 3 13
25 7 15 6 138 94 10 9 0 2 0 73 12 250 1031 593 77 650 105 84 18 55 30 328 34 6 152 798 276 396 108 48 91 83 59 8 53 301 6002 24 720 804 2512 57 24 206 86 7459 175 57 14 82 33 51 13 9 188 138 39 29 7651 3045 5211 2158 13807 26 314 257 11641 544 1120 43 97 9 500 12259 7 1 34 1 286 5 39 38 55 92 29 168 206 46 1312 156 105 203 836 420 2 22 36 46 0 2 0 1 4 5 0 0 1 2 1 2 3 7 75 4 1 7 11 58 38 34 20 5 15 7 12 6 9 4 8 17 1 14 4 16 2 2 29 35 43 43 29 9 13 252 337 12 68 1188 13 109 309 10 16 253 5 6 1 40 0 2 0 3 3 4 161 363 193 86 7 23 17 10 402 298 46 90 2244 208 8 41 2 14 1156 25 8 53 179 3 6 549 104 12 6 1 4 5 8 5
22 6 35 2 28 20 6 24 1 3 1 21 5 6 48 43 5 27 18 7 0 18 10 33 3 1 25 5 58 82 12 4 12 6 3 0 3 17 29 15 176 36 137 11 8 29 6 456 140 28 351 850 10 9 63 9 23 15 0 2 84 4422 1512 99 345 6 62 24 544 5550 3055 4 9 5 49 395 5 0 2 11 1140 104 67 22 22 29 8 260 75 34 288 645 2891 1568 919 43 3 7 4 5 4 0 1 0 0 0 0 5 0 0 1 1 0 0 1 1 0 0 2 6 2 4 3 1 0 1 0 0 0 1 1 2 0 4 0 0 0 0 1 3 0 2 0 1 3 15 11 0 10 15 1 65 135 13 2 123 98 112 75 531 4 1 0 0 0 0 0 20 30 19 2 2 0 0 14 9 315 282 176 5 3 0 6 1 98 19 399 71 1169 1 8 134 119 0 4 0 1 1 0 2
10 3 16 4 39 21 6 7 1 1 0 16 2 5 31 15 3 14 18 8 4 7 1 10 2 0 7 5 46 83 25 9 9 6 4 1 2 56 42 2 210 21 47 19 18 17 5 5952 112 55 30 231 5 9 13 5 10 8 2 0 146 1505 290 33 500 14 30 13 1120 3055 8591 6 17 3 54 915 6 1 5 7 3914 119 28 2 7 9 5 1434 139 51 501 365 602 295 175 62 2 5 0 3 1 0 0 0 0 0 1 3 0 0 1 0 0 0 2 1 0 1 0 2 0 1 1 1 0 0 1 1 1 2 0 3 0 1 0 2 0 0 0 1 2 0 1 3 3 14 18 0 6 21 0 130 345 13 3 192 64 54 40 443 3 0 0 0 0 0 7 28 47 4 1 0 0 0 34 10 337 407 246 7 3 2 5 1 111 21 351 163 1457 3 6 287 168 1 2 0 0 0 0 1
