32773 9423 13250 2804 1556 3158 9200 10053 604 849 61 1817 0 4 0 1 4 5 3 0 152 87 4 23 31 3 1 1 5335 8721 713 31 100 20 1 0 6 14 0 12 1806 5 23 1 4 10 13 27 34 23 76 229 1156 1061 414 379 231 9 0 0 14 76 18 3 1 4 262 26 19 109 150 127 23 31 57 25 24 2 29 32 280 39 2116 635 1310 218 21 178 53 14 31 224 172 88 30 461 175 2234 108 27 17 2 61 79 13 209 7 9 17 5 36 265 0 1 1 0 1 0 4 0 1 2 0 14 8 0 0 2 0 0 5 0 6 47 0 14 0 0 15 5 0 2 0 12 24 2 3 2 0 2 1 5 13 1 0 2 11 11 12 9 9 4 4 7 15 0 2 2 1 0 9 1 2 0 7 3 13 14 13 1 47 14 11 1 4 16 9 3 18 2 14 12 4 3 42 10 11 1 0 5
9423 11809 1217 15025 752 2834 68 32 13 12 8 1255 1 0 0 0 2 2 0 0 90 30 1 5 14 0 1 0 157 2332 37 6 44 6 0 0 4 2 1 1 636 1 6 1 0 2 1 2 6 6 12 34 122 140 41 131 30 6 0 0 1 8 3 0 1 2 98 8 1 21 18 92 6 26 29 2 31 0 34 4 37 5 458 190 523 103 9 26 7 1 7 26 16 12 8 57 7 37 41 11 17 4 114 125 14 184 2 5 8 4 7 161 0 0 0 0 0 0 1 0 2 1 0 10 13 0 2 0 0 0 12 0 4 28 0 13 0 0 13 2 0 0 0 33 28 2 0 0 0 2 1 1 1 9 0 1 4 14 1 3 11 11 1 19 16 0 0 1 0 0 14 1 6 0 2 0 7 3 4 0 27 13 4 2 1 12 1 1 1 5 37 0 4 2 8 3 17 4 0 3
13250 1217 24560 3700 109 2647 452 6480 274 6356 64 22765 1 1 1 3 1 1 3 0 157 70 3 8 13 3 1 0 202 253 54 14 85 4 0 0 3 5 0 3 705 2 11 0 3 7 4 8 10 8 24 59 194 201 91 145 48 2 0 0 3 23 10 0 0 1 106 3 5 28 38 264 9 39 28 8 75 0 52 10 70 8 559 218 754 149 12 31 13 4 8 58 44 18 12 68 218 323 54 18 61 21 358 424 44 702 17 18 55 12 60 771 0 0 0 0 1 1 5 1 2 8 0 34 31 0 1 0 0 1 12 0 16 104 0 26 1 0 38 11 0 3 0 65 70 1 2 1 1 5 3 5 3 19 0 3 16 30 1 4 19 22 6 43 24 1 0 1 2 0 26 8 10 2 0 3 17 4 9 1 144 23 36 3 1 57 6 1 6 4 63 2 6 2 87 18 30 5 1 4
2804 15025 3700 12783 3515 8288 55 15 6 13 6 2741 0 1 2 1 6 1 2 2 96 51 3 6 16 1 1 0 168 2957 208 9 41 4 1 0 1 9 0 2 560 0 7 0 0 2 6 4 9 3 7 23 106 145 46 105 74 3 1 0 3 7 3 0 0 0 127 15 2 11 5 145 11 23 32 7 43 0 34 4 32 0 359 203 648 159 11 18 5 4 2 27 12 9 7 56 28 47 61 25 26 2 153 177 13 277 7 7 11 2 18 262 0 0 1 0 0 0 3 0 3 4 3 22 14 0 0 0 0 0 15 2 6 44 0 15 0 0 17 8 0 1 0 43 49 1 2 1 4 1 1 1 3 14 0 1 11 20 2 4 9 13 2 34 10 1 0 0 0 0 11 3 4 2 1 1 5 2 4 0 41 18 14 1 1 16 1 1 6 3 50 1 0 2 16 7 25 3 0 2
1556 752 109 3515 9501 12566 641 112 41 52 14 1190 0 14 5 1 5 5 3 5 232 241 10 16 45 3 4 2 2198 9417 9348 211 482 46 4 0 11 28 2 10 800 5 24 0 3 11 17 21 17 10 27 64 358 496 116 189 1332 60 5 0 18 42 38 6 5 0 353 31 71 34 46 267 47 21 135 49 39 1 64 6 87 10 835 467 1121 323 24 37 31 5 37 63 49 33 25 1404 50 418 145 55 13 4 91 101 10 158 3 2 7 2 12 143 1 1 5 0 0 1 0 1 13 10 5 17 18 0 0 0 1 1 6 0 7 34 0 11 0 1 23 12 0 1 3 27 36 2 2 0 4 6 3 1 6 7 0 2 11 12 4 7 6 7 0 15 13 0 2 4 2 0 7 4 3 0 2 4 11 2 10 3 32 26 11 2 5 13 4 3 14 4 29 2 3 0 10 6 21 4 0 4
3158 2834 2647 8288 12566 13677 576 524 107 782 87 18521 0 7 7 6 7 12 9 4 669 679 22 23 102 5 5 3 1197 5003 5029 1569 2819 39 0 0 14 40 3 16 1230 9 29 1 2 9 17 14 21 8 23 50 340 440 106 253 426 71 1 1 12 36 19 5 1 1 448 42 42 32 33 800 81 55 135 24 138 3 131 12 67 15 932 516 2089 738 61 43 29 10 17 62 46 42 17 1609 348 349 349 67 84 26 500 642 75 1146 45 29 62 24 96 1297 0 1 3 0 0 2 5 4 12 14 3 63 87 0 3 0 0 2 33 1 34 155 0 37 1 0 59 25 0 7 0 93 128 6 6 2 8 9 4 3 1 25 0 5 28 60 5 16 33 40 12 103 25 1 2 3 0 1 52 18 10 4 4 3 29 7 10 0 229 50 52 5 2 90 8 1 16 13 77 5 3 7 154 28 79 12 1 8
9200 68 452 55 641 576 9807 7264 464 1990 497 1324 0 4 1 0 1 0 0 1 36 35 3 3 12 1 1 0 1966 1405 427 12 54 5 1 0 1 3 0 2 158 5 9 0 9 2 7 9 11 6 32 64 742 596 198 37 111 4 0 0 3 21 11 1 1 2 45 6 19 29 37 112 8 17 16 2 60 0 26 9 70 11 535 122 168 43 4 44 17 5 9 76 27 35 7 338 219 3156 28 6 5 2 29 23 5 54 1 1 6 2 3 64 0 0 1 0 0 1 1 0 4 1 1 4 4 0 0 0 0 0 5 1 1 10 0 5 0 0 4 3 0 1 0 7 5 1 0 1 1 0 0 2 0 0 1 1 7 4 3 3 2 5 0 5 3 0 1 0 1 0 2 2 0 0 0 1 2 6 4 1 11 3 1 1 3 1 5 1 12 0 2 4 2 0 10 2 3 2 1 0
10053 32 6480 15 112 524 7264 25183 1865 16937 1625 12330 0 0 1 1 0 1 0 0 17 31 0 6 5 0 1 0 244 336 74 7 44 2 0 0 0 5 0 2 226 1 5 0 6 2 0 5 8 9 20 60 377 352 143 62 33 3 0 0 2 17 3 0 0 1 39 4 5 29 41 66 7 18 10 3 194 0 16 6 77 7 475 142 197 40 3 41 13 5 6 68 42 23 5 71 619 952 26 3 11 4 52 49 10 171 8 5 13 5 17 208 0 0 0 0 0 0 1 0 1 1 0 10 9 0 0 0 0 0 1 0 5 27 0 4 0 0 6 2 0 0 0 8 12 0 1 1 1 1 0 2 4 1 0 0 1 7 3 1 2 1 1 6 2 0 0 3 0 0 3 2 1 0 4 0 1 3 2 0 43 4 12 1 0 13 1 0 8 1 4 3 3 1 33 3 6 1 0 4
604 13 274 6 41 107 464 1865 2185 3843 1021 1511 32 0 1 0 0 6 5 1 20 30 0 1 6 0 0 0 68 72 17 9 77 0 0 0 0 4 0 2 38 1 9 5 340 46 1 5 1 178 5 28 175 60 43 5 17 1 0 0 1 15 6 1 0 49 5 2 5 3 6 1099 17 263 9 2 587 57 197 52 50 140 71 22 40 21 3 198 51 100 38 15 9 8 15 30 2123 886 15 4 1 0 11 18 1 29 1 2 3 2 1 20 0 0 0 0 0 0 0 2 2 5 1 1 7 0 0 0 1 1 0 0 1 14 0 1 0 0 9 1 0 0 0 4 3 2 2 0 0 0 1 4 0 2 0 1 3 4 3 2 1 1 0 2 2 0 0 0 1 0 1 1 0 1 3 3 2 3 12 2 5 3 3 0 3 2 1 2 10 0 2 11 2 0 6 2 3 0 0 1
849 12 6356 13 52 782 1990 16937 3843 32168 12643 24495 2 0 0 0 0 0 1 0 21 31 1 1 5 0 0 0 92 85 55 17 104 0 0 0 1 4 0 4 85 0 3 0 6 1 0 1 2 5 5 17 268 113 107 16 24 0 0 0 1 2 3 1 1 0 25 4 6 7 7 345 6 15 3 0 741 1 22 2 26 4 162 52 102 19 0 15 8 4 5 21 8 6 1 46 4451 1625 14 2 22 3 72 88 14 257 13 7 156 8 25 348 0 0 0 0 0 0 2 0 0 1 0 16 15 0 0 0 1 0 6 0 7 22 0 2 1 0 8 3 0 0 0 8 13 0 1 0 0 1 1 0 1 1 0 1 1 2 1 2 7 2 4 8 1 0 0 0 0 0 1 1 0 1 1 2 4 4 2 0 59 8 16 1 1 24 1 1 5 4 7 3 2 1 83 8 16 3 0 2
61 8 64 6 14 87 497 1625 1021 12643 5109 7894 0 0 0 0 1 0 1 0 5 15 1 1 6 0 1 0 31 26 5 7 44 1 0 0 0 4 0 0 22 0 4 0 12 3 0 1 0 3 2 6 104 37 48 3 5 0 0 0 1 5 1 0 0 2 4 0 2 7 1 204 3 17 2 0 500 5 21 3 6 8 65 8 24 11 1 6 5 2 1 4 7 4 1 18 1109 706 4 2 15 3 75 74 12 218 9 3 31 10 34 343 0 0 0 0 0 1 0 0 0 2 1 12 17 0 0 0 0 0 1 0 7 17 0 5 0 0 8 1 0 1 0 8 20 2 1 0 0 0 2 1 0 2 0 0 1 5 0 2 3 4 1 3 1 0 0 1 0 0 3 1 0 0 1 0 5 0 0 0 67 3 11 0 1 17 3 0 1 2 6 1 1 0 72 7 10 3 0 1
1817 1255 22765 2741 1190 18521 1324 12330 1511 24495 7894 21730 21 9 8 12 9 23 26 8 657 874 21 28 116 15 6 0 518 1341 498 2051 2820 51 2 0 11 65 2 25 1100 9 32 10 27 21 24 10 14 16 24 49 413 309 156 189 307 311 0 0 11 38 17 4 2 2 344 43 44 32 31 2073 219 184 222 31 682 21 228 11 52 12 774 395 1629 626 44 56 32 12 32 60 31 31 27 2514 2834 1312 356 49 203 47 1050 1205 134 2604 90 78 198 58 269 3065 2 2 3 1 3 0 10 2 9 24 5 188 152 3 8 0 1 4 66 3 66 339 0 85 2 0 108 39 1 15 2 152 286 4 21 1 13 32 10 4 3 51 1 11 48 111 8 19 46 52 12 154 48 1 3 5 0 1 84 33 22 3 3 4 50 19 31 3 596 121 151 11 4 226 7 2 27 27 155 8 8 18 478 55 142 20 6 36
0 1 1 0 0 0 0 0 32 2 0 21 5602 0 2 6 8 3834 7421 39 8 2 2 27 0 0 25 12 2 0 3 2 76 7 1 0 7 426 29 6 19 0 26 3829 2968 1665 4 2 3 154 3 18 3 0 6 1 5 3 1 1 204 9 10 35 23 2236 5 12 15 3 5 490 1290 1024 13 11 472 221 2152 34 19 69 6 1 11 4 1 72 35 44 39 7 1 3 15 14 112 24 1 1 2 0 5 2 0 3 0 0 0 0 0 2 23 67 368 6 1 105 14 467 35 1536 20 3 2 0 1 10 6 109 0 1 3 12 0 19 25 0 29 16 100 12 172 5 5 14 106 150 51 817 11 0 2 2 0 2 0 2 4 1 0 2 0 1 10 10 36 17 0 11 1 2 10 2 3 85 3 1 43 2 8 4 49 0 9 5 0 0 9 2 1 7 1 1 0 0 3 0 1 1
4 0 1 1 14 7 4 0 0 0 0 9 0 11678 7603 3177 1251 439 49 204 224 129 298 1156 18 46 2457 1390 27 7 70 9 21 333 2936 918 625 36 224 1077 1297 46 293 2 16 73 117 50 9 4 0 2 5 8 5 1 90 216 1170 31 90 99 559 454 180 0 22 554 726 5 21 9 7 46 1032 50 1 3 4 0 7 0 8 11 24 4 5 4 12 6 63 15 4 11 67 127 2 1 10 51 3 0 0 0 1 1 0 0 0 0 0 1 122 50 70 29 5 124 162 67 456 1573 284 12 17 8 11 12 5 91 26 4 0 21 1 43 105 4 71 149 20 198 30 6 5 14 12 10 114 158 144 0 0 0 0 1 0 0 0 0 3 13 0 2 4 104 24 24 5 4 9 24 18 25 4 38 2 0 33 3 8 7 54 4 3 6 0 1 4 5 9 2 2 2 0 0 4 4 6 15
0 0 1 2 5 7 1 1 1 0 0 8 2 7603 18999 17291 1381 1741 88 1019 263 160 293 469 17 28 2362 3790 10 5 19 14 33 183 770 23 512 59 536 164 1936 71 120 3 12 98 24 66 24 5 1 3 3 4 9 2 27 83 107 9 146 143 588 372 302 2 14 105 1218 14 33 15 17 28 341 95 1 2 11 0 7 1 10 3 20 8 3 5 12 3 65 17 5 9 37 39 1 0 8 17 3 0 0 2 1 1 0 1 0 0 0 1 88 65 70 13 3 158 84 138 241 1636 173 5 6 4 7 6 7 95 7 0 3 8 6 15 91 6 60 85 38 118 46 2 9 16 24 19 97 209 74 0 4 0 0 0 0 0 0 0 1 6 0 2 6 54 22 28 5 2 4 7 12 15 8 58 2 1 37 5 2 9 39 5 4 8 1 0 2 3 4 8 4 0 1 0 2 1 0 5
1 0 3 1 1 6 0 1 0 0 0 12 6 3177 17291 17869 1455 4424 1159 2325 139 79 98 362 15 38 938 4586 4 6 7 34 366 410 114 7 1084 645 1402 91 1868 155 116 8 11 100 30 60 61 8 2 3 2 3 12 11 15 71 37 11 547 42 167 132 432 3 5 60 1148 12 20 46 210 25 152 371 0 0 14 1 8 0 8 2 16 7 1 14 26 7 123 61 3 15 42 34 0 1 9 5 0 1 1 0 0 3 1 3 0 0 0 3 209 277 199 32 4 170 40 321 60 1446 38 10 11 4 6 23 18 339 7 0 1 7 5 26 209 5 34 28 161 120 233 2 8 19 52 134 136 396 64 0 2 2 0 2 0 0 0 0 1 0 0 1 18 35 37 28 1 4 4 6 13 13 5 91 2 0 45 6 6 5 7 6 5 4 0 0 2 1 2 7 5 5 2 2 0 2 0 8
4 2 1 6 5 7 1 0 0 0 1 9 8 1251 1381 1455 1339 610 987 1875 290 271 174 87 73 26 70 161 15 3 8 9 27 98 21 3 2140 678 116 184 884 21 36 11 9 47 79 9 7 2 1 1 0 5 4 2 13 49 23 4 90 18 58 32 47 0 14 65 219 5 10 15 16 61 178 62 3 12 9 1 1 2 14 10 55 30 14 5 11 0 39 19 4 5 11 26 1 0 42 13 1 4 0 0 2 0 0 3 0 0 0 3 72 32 27 24 4 16 84 22 289 396 131 20 37 2 22 8 13 53 32 10 2 21 4 52 49 1 136 148 14 139 21 4 16 15 13 10 102 52 165 3 2 0 0 0 1 3 0 0 7 19 0 3 12 73 7 11 1 1 27 41 20 55 4 15 1 0 13 1 31 36 47 12 2 15 0 0 4 11 9 4 3 2 3 1 14 5 2 15
5 2 1 1 5 12 0 1 6 0 0 23 3834 439 1741 4424 610 8577 2276 1017 57 76 56 1858 24 37 1681 1009 18 3 10 25 703 254 183 5 822 1411 4972 134 1400 152 680 318 352 3946 50 131 68 40 6 7 3 6 24 13 30 51 22 11 4432 89 199 493 507 258 28 53 1254 34 29 186 715 422 122 1446 16 10 181 10 19 16 14 7 28 18 11 55 75 24 352 88 10 44 149 59 3 3 20 20 1 1 1 4 1 4 1 1 0 0 1 3 572 1035 1499 72 8 628 74 1344 114 6101 82 15 17 10 10 52 62 1450 16 0 7 55 16 111 756 7 113 70 728 196 1090 6 17 66 407 1075 421 1852 70 7 4 3 1 7 2 2 2 1 0 4 1 9 44 38 142 108 16 26 7 10 31 22 17 430 1 2 116 1 26 24 67 14 16 14 1 2 5 5 7 22 2 17 5 2 6 2 2 10
3 0 3 2 3 9 0 0 5 1 1 26 7421 49 88 1159 987 2276 46434 3551 139 235 73 262 117 53 303 28 26 2 8 2 521 59 84 2 693 4559 29 395 581 43 184 8149 1322 2078 163 50 14 172 3 12 12 5 11 4 19 11 26 0 228 43 75 47 17 432 39 56 39 18 18 273 2564 4756 48 86 36 370 554 32 37 74 28 17 62 54 26 113 104 91 460 28 7 16 95 37 27 6 55 10 3 5 1 3 3 3 0 9 0 1 0 9 1157 650 956 194 35 851 475 869 1826 11273 868 85 80 27 86 45 66 747 119 32 6 96 31 202 728 21 624 745 187 1018 196 27 49 86 101 589 1424 856 821 8 9 2 3 3 6 6 3 5 11 46 7 13 36 414 42 105 27 28 55 114 87 169 23 140 8 6 176 18 99 112 542 25 25 111 0 2 9 38 34 32 14 5 20 5 54 19 17 92
0 0 0 2 5 4 1 0 1 0 0 8 39 204 1019 2325 1875 1017 3551 3131 192 161 156 116 41 32 63 52 3 1 5 9 32 48 21 0 590 206 77 187 806 15 39 138 28 75 54 7 10 0 0 3 3 4 3 5 10 12 5 1 103 12 28 13 36 5 4 18 120 3 1 14 46 110 50 43 0 9 12 0 5 2 5 6 27 18 7 8 3 3 40 14 2 9 20 17 0 2 20 6 0 4 0 0 1 1 0 0 0 0 0 2 137 45 30 33 9 33 74 24 258 554 128 21 21 2 28 8 10 64 32 4 0 24 4 31 92 4 104 139 8 207 9 3 6 14 12 6 117 65 198 1 3 0 3 0 0 1 1 0 4 17 0 5 12 76 5 26 3 1 18 30 21 57 3 11 1 2 14 3 12 28 35 10 3 27 0 0 2 12 9 3 6 4 3 2 14 7 9 21
152 90 157 96 232 669 36 17 20 21 5 657 8 224 263 139 290 57 139 192 9572 5827 3543 434 275 377 46 17 100 95 201 174 734 678 11 1 337 563 11 254 2306 97 240 6 7 20 65 15 69 6 3 4 27 27 19 492 122 97 31 15 34 28 30 8 13 2 38 66 63 37 11 345 309 48 458 39 25 9 122 3 20 3 290 42 4375 327 39 18 34 2 35 82 14 41 86 512 51 35 280 25 3 1 14 16 2 14 0 0 1 1 0 14 2 3 4 1 1 2 22 10 59 52 23 14 8 0 0 1 1 4 4 1 5 28 0 48 2 0 80 84 1 9 2 8 19 2 2 4 10 16 9 0 5 2 0 3 3 5 0 1 3 2 0 2 13 4 1 1 0 0 14 4 9 10 5 5 2 1 15 1 19 33 22 6 1 15 2 0 3 1 11 5 4 1 3 1 8 2 1 4
87 30 70 51 241 679 35 31 30 31 15 874 2 129 160 79 271 76 235 161 5827 21936 4509 1618 4680 1623 147 8 159 111 184 418 1516 1373 34 4 468 1160 28 2672 1781 284 1189 24 23 73 288 69 256 43 15 10 57 85 30 140 198 159 38 25 114 196 158 39 16 6 170 183 106 156 86 689 715 85 963 95 50 33 258 1 50 12 378 179 3317 2032 305 131 169 30 143 262 92 247 679 870 96 46 3667 60 4 2 10 20 5 19 1 0 4 0 4 29 8 7 3 3 5 8 49 18 147 117 65 18 22 2 2 2 1 12 11 3 2 50 1 87 8 0 197 177 6 19 12 14 35 8 6 4 26 25 35 5 20 4 1 2 2 5 0 6 3 6 1 7 14 9 10 16 7 0 16 11 6 11 23 23 2 2 38 6 25 37 40 7 10 17 2 3 25 7 12 37 11 6 5 1 15 1 2 15
4 1 3 3 10 22 3 0 0 1 1 21 2 298 293 98 174 56 73 156 3543 4509 6173 4940 782 3874 240 13 39 7 7 18 145 387 58 1 273 184 14 1241 5989 1189 435 2 5 26 105 17 131 12 3 3 14 31 16 14 29 20 37 13 53 32 27 10 10 0 71 42 42 38 17 35 62 8 75 33 4 0 19 0 5 3 55 58 183 111 35 26 44 14 41 96 13 61 141 22 1 3 180 6 0 0 1 1 0 1 0 0 0 0 0 0 5 0 4 2 0 2 2 3 17 16 6 1 1 0 1 1 0 2 0 0 0 2 0 8 2 0 10 14 3 2 1 0 0 4 1 0 6 9 0 1 4 0 1 1 0 0 0 2 0 0 0 0 2 4 0 2 1 0 0 1 0 0 6 6 2 1 8 1 2 1 1 2 2 3 0 0 3 0 1 9 2 0 0 1 1 0 0 0
23 5 8 6 16 23 3 6 1 1 1 28 27 1156 469 362 87 1858 262 116 434 1618 4940 16964 1075 4136 5316 257 400 27 122 23 118 566 1862 221 235 134 261 4568 5907 5510 4781 13 105 1849 3056 88 473 28 10 13 102 264 68 44 571 99 1229 36 2615 191 379 585 76 11 747 1138 216 89 53 58 98 18 381 392 7 3 27 0 38 8 196 249 301 349 215 74 138 38 2080 251 33 161 770 83 6 9 423 359 0 2 2 1 0 0 0 0 0 0 0 1 22 38 63 11 1 35 23 94 61 365 32 6 4 3 2 36 4 95 6 2 1 17 4 29 25 2 51 50 43 24 126 2 5 37 57 17 25 492 14 5 12 0 0 7 0 0 0 5 1 2 0 3 16 8 62 75 6 3 3 2 8 5 24 179 3 3 171 15 10 8 13 5 52 5 1 2 19 0 1 36 9 8 3 2 1 0 1 2
31 14 13 16 45 102 12 5 6 5 6 116 0 18 17 15 73 24 117 41 275 4680 782 1075 7355 2024 153 1 226 28 73 72 223 171 44 4 94 334 9 2955 527 101 782 5 15 57 1518 41 75 13 11 21 168 296 36 43 347 21 24 6 86 166 181 57 3 1 719 681 26 102 53 136 282 69 308 25 12 11 92 6 46 8 465 650 1028 2217 5036 66 91 16 134 105 61 126 496 152 15 9 2462 363 2 1 4 4 1 7 0 1 0 0 2 3 5 1 1 1 0 3 53 4 122 69 49 17 9 3 2 2 0 5 3 1 1 42 0 90 3 1 146 152 2 9 1 14 18 7 2 0 27 18 21 3 8 0 0 0 4 5 2 2 5 5 0 2 10 5 4 9 2 0 4 6 10 4 16 12 2 4 26 4 14 32 26 3 7 7 1 0 19 3 4 19 9 2 1 0 11 2 0 5
3 0 3 1 3 5 1 0 0 0 0 15 0 46 28 38 26 37 53 32 377 1623 3874 4136 2024 1607 540 1 40 4 8 5 31 50 138 7 33 33 1 4825 1825 127 179 1 2 19 445 7 48 1 2 2 31 51 7 11 40 8 90 0 24 24 14 4 0 0 109 39 2 13 5 12 24 5 19 8 0 0 4 0 9 1 59 83 169 125 37 16 14 1 23 44 5 18 80 7 2 2 177 20 0 0 0 0 1 0 0 0 0 0 0 0 0 0 2 2 0 3 8 0 13 19 4 1 1 1 0 1 0 1 2 0 0 1 0 2 0 0 9 12 1 3 1 0 0 1 1 0 6 3 1 0 1 0 0 0 0 0 0 0 1 0 0 1 0 2 0 3 1 0 1 0 0 0 1 3 0 0 3 0 0 0 3 0 1 1 0 0 2 0 2 2 0 0 1 0 1 2 0 1
1 1 1 1 4 5 1 1 0 0 1 6 25 2457 2362 938 70 1681 303 63 46 147 240 5316 153 540 22739 5630 158 20 89 12 44 882 4687 213 445 38 738 1642 401 63 356 0 14 295 1110 35 14 5 0 3 20 46 10 3 289 285 1143 90 401 88 561 875 729 3 243 865 220 9 15 18 15 13 692 36 0 0 4 1 5 0 38 50 46 57 58 6 27 3 98 13 4 12 100 66 0 5 73 230 1 0 0 2 0 2 0 0 0 0 0 3 99 237 263 14 6 244 27 593 53 1903 39 5 3 3 3 24 14 399 8 2 2 18 1 27 146 2 23 37 250 58 461 1 6 13 97 100 53 805 31 2 4 0 1 2 1 0 0 0 0 1 1 4 12 17 76 54 7 2 2 4 18 8 3 212 1 2 58 4 6 4 13 6 2 3 0 0 1 0 4 6 4 8 0 2 2 1 0 8
1 0 0 0 2 3 0 0 0 0 0 0 12 1390 3790 4586 161 1009 28 52 17 8 13 257 1 1 5630 8480 14 7 26 9 30 599 189 25 299 27 1735 20 141 16 44 2 14 165 55 35 0 8 2 2 0 2 3 1 42 231 146 75 140 52 373 1099 1754 4 13 294 625 3 11 4 6 2 592 35 0 0 3 0 1 2 2 4 5 3 2 5 9 0 57 11 0 2 20 45 0 2 7 32 0 1 1 0 1 0 0 0 0 0 0 4 64 243 334 16 1 158 20 580 11 1272 20 3 2 0 2 36 19 459 9 3 8 13 5 20 157 0 22 12 332 22 637 5 8 23 155 125 32 1147 5 2 1 1 0 0 0 0 0 1 1 2 0 0 16 7 117 53 4 5 2 5 21 9 5 284 2 1 44 1 3 4 8 4 6 2 1 0 3 1 2 5 1 11 0 2 1 0 0 0
5335 157 202 168 2198 1197 1966 244 68 92 31 518 2 27 10 4 15 18 26 3 100 159 39 400 226 40 158 14 37385 11916 3467 81 297 60 27 2 23 95 9 159 292 31 542 6 27 80 226 115 40 23 46 122 3792 11129 587 69 2945 34 31 4 111 316 699 214 16 4 6031 564 137 137 113 465 103 85 927 75 93 11 124 10 136 14 1147 1522 393 152 564 79 90 21 142 122 97 96 368 2098 56 3645 223 795 17 11 149 180 10 208 2 2 7 1 11 175 0 2 1 1 0 1 24 3 50 29 9 48 28 0 0 1 1 5 24 1 4 85 0 69 1 0 114 102 1 2 11 77 78 13 15 2 15 62 14 3 22 18 0 3 27 39 5 9 15 25 6 40 36 2 9 14 7 1 30 11 17 3 8 28 16 12 32 1 74 51 38 7 12 23 5 3 26 9 69 16 10 6 13 6 37 4 4 16
8721 2332 253 2957 9417 5003 1405 336 72 85 26 1341 0 7 5 6 3 3 2 1 95 111 7 27 28 4 20 7 11916 16742 6465 41 166 28 2 2 4 13 2 13 495 1 37 1 7 12 10 18 16 7 27 66 662 801 168 117 2286 21 11 1 17 93 80 21 3 0 296 38 50 43 67 269 21 44 179 17 61 2 59 11 103 13 773 276 548 150 31 66 47 5 21 67 40 35 44 1464 40 828 89 89 19 6 102 132 11 171 6 1 7 1 19 148 0 0 0 0 1 2 2 0 9 10 2 24 26 0 1 2 0 0 16 1 6 55 0 23 0 0 29 16 0 0 3 29 47 2 2 2 5 13 2 3 7 7 0 0 14 18 2 7 10 12 1 23 12 0 1 3 3 1 13 3 4 2 1 8 18 8 9 0 46 24 16 3 5 12 2 0 13 4 37 9 5 4 9 1 20 6 0 7
713 37 54 208 9348 5029 427 74 17 55 5 498 3 70 19 7 8 10 8 5 201 184 7 122 73 8 89 26 3467 6465 18161 40 163 64 9 5 26 31 10 24 658 9 166 2 13 50 81 90 22 18 17 64 483 732 129 156 13741 33 47 1 60 207 535 142 23 2 1296 374 230 49 72 201 55 49 1390 44 39 5 45 6 92 10 795 574 900 443 156 58 49 8 79 82 36 38 123 7514 24 388 684 4451 8 5 98 102 8 130 1 3 7 2 4 116 1 2 2 0 0 3 6 3 24 24 9 7 19 0 0 2 1 6 14 0 3 33 0 33 1 0 73 38 3 0 5 32 48 5 16 0 6 29 3 6 10 10 1 2 9 17 2 9 5 8 1 16 18 1 5 6 2 0 17 6 9 4 5 14 10 7 34 3 30 23 21 3 10 12 1 2 9 5 30 6 6 0 4 6 15 3 0 4
31 6 14 9 211 1569 12 7 9 17 7 2051 2 9 14 34 9 25 2 9 174 418 18 23 72 5 12 9 81 41 40 4771 8201 936 3 2 52 82 27 12 233 3 22 1 3 14 28 20 0 3 2 5 38 32 16 16 44 2768 6 11 33 15 28 8 18 0 41 44 140 6 6 571 152 30 1083 65 14 0 98 0 16 1 85 43 202 116 17 9 9 0 16 7 5 2 12 5273 40 25 108 13 7 1 33 48 5 56 1 3 5 0 4 64 0 5 4 1 0 3 4 5 12 33 3 12 16 1 0 0 0 5 6 3 10 45 0 37 2 0 51 15 3 2 3 14 31 3 5 5 11 23 6 1 1 4 0 2 8 10 1 2 4 5 0 13 18 0 4 2 0 1 11 2 6 3 0 6 6 1 8 1 22 30 13 6 4 19 0 0 4 3 17 2 0 2 9 4 15 2 2 6
100 44 85 41 482 2819 54 44 77 104 44 2820 76 21 33 366 27 703 521 32 734 1516 145 118 223 31 44 30 297 166 163 8201 13212 2116 9 9 330 2787 112 75 1074 31 110 26 86 322 148 39 13 17 17 40 100 117 55 71 211 3111 23 10 376 39 46 39 35 14 180 239 227 16 23 5434 2220 444 2626 229 109 31 513 5 49 12 350 163 677 357 158 41 34 3 267 54 23 26 50 7402 181 91 384 50 29 15 162 186 20 162 4 5 12 0 19 193 12 20 28 0 1 22 33 50 86 186 35 90 100 3 5 1 4 23 53 5 17 321 3 339 20 1 445 158 26 24 30 105 183 20 27 24 108 120 73 6 11 29 1 7 49 88 11 38 34 47 5 46 142 3 16 14 4 3 66 54 96 34 8 33 59 13 54 7 190 329 154 79 10 128 4 1 16 21 146 11 6 16 48 8 95 21 7 61
20 6 4 4 46 39 5 2 0 0 1 51 7 333 183 410 98 254 59 48 678 1373 387 566 171 50 882 599 60 28 64 936 2116 10593 234 1035 2122 1065 255 198 1127 27 253 5 28 107 2224 95 6 15 2 8 17 19 11 22 95 4380 3226 2267 205 185 725 468 205 2 69 2353 1330 21 57 106 111 66 4919 309 7 8 48 1 18 1 89 49 276 152 65 22 27 6 125 21 11 21 102 813 2 4 187 89 4 1 6 7 2 10 0 2 1 0 1 14 11 25 25 3 2 31 28 55 67 215 25 30 26 1 3 7 2 31 15 5 6 71 1 141 13 0 198 108 26 23 56 26 40 9 23 17 61 190 28 4 1 4 0 5 12 12 0 6 9 8 1 5 44 7 24 20 3 0 16 18 23 27 6 79 8 4 57 5 38 70 31 23 6 46 1 0 5 13 23 14 3 6 8 3 20 12 3 33
1 0 0 1 4 0 1 0 0 0 0 2 1 2936 770 114 21 183 84 21 11 34 58 1862 44 138 4687 189 27 2 9 3 9 234 3923 827 148 7 16 4241 97 22 216 0 1 22 1472 6 4 0 0 0 5 10 0 0 40 43 1562 38 23 15 64 126 7 0 33 206 29 2 5 4 7 9 111 3 0 0 3 0 1 0 6 9 5 5 6 2 5 0 21 3 1 5 22 15 0 0 9 28 1 0 1 0 0 0 0 0 0 0 0 1 45 29 27 8 0 73 34 48 105 672 82 5 4 1 2 3 5 35 3 4 0 4 4 8 33 0 18 33 7 69 17 1 4 4 3 5 46 39 49 0 0 0 0 0 0 1 0 0 1 2 0 0 1 31 3 7 1 1 2 2 5 10 2 7 0 1 9 0 1 3 9 1 0 3 0 1 0 1 3 1 1 1 0 0 2 0 1 4
0 0 0 0 0 0 0 0 0 0 0 0 0 918 23 7 3 5 2 0 1 4 1 221 4 7 213 25 2 2 5 2 9 1035 827 1087 770 2 6 414 17 0 63 0 0 8 919 3 1 2 0 0 1 1 0 0 4 201 4169 741 10 11 56 39 5 0 0 569 18 0 1 0 0 2 147 1 0 0 1 0 2 0 0 0 2 0 0 0 5 0 11 0 0 1 7 2 0 0 1 5 0 0 0 0 0 1 0 0 0 0 0 0 1 2 1 0 0 1 4 0 13 20 5 0 0 0 0 1 0 1 0 0 0 0 0 2 1 0 1 5 1 0 2 0 0 1 1 0 1 7 3 0 0 0 0 0 0 0 0 0 0 0 0 0 0 0 1 4 0 0 0 1 0 0 1 4 0 0 1 0 0 0 0 0 0 0 0 0 0 0 0 0 0 1 0 0 0 0 0 2
6 4 3 1 11 14 1 0 0 1 0 11 7 625 512 1084 2140 822 693 590 337 468 273 235 94 33 445 299 23 4 26 52 330 2122 148 770 3050 642 178 143 876 14 85 5 10 96 889 20 6 2 1 3 8 13 5 4 53 539 1242 448 206 37 222 153 96 2 34 668 401 5 11 14 30 47 1119 124 0 23 24 2 4 0 19 23 73 59 28 7 6 1 79 8 2 8 34 153 2 1 66 32 1 0 2 1 0 0 1 1 1 0 0 1 10 15 27 4 0 19 37 33 115 179 58 17 16 1 4 5 2 37 11 1 3 23 0 66 18 0 127 139 16 28 23 0 12 7 13 8 48 102 55 3 2 4 0 1 0 2 0 1 7 8 2 3 6 18 11 8 0 1 16 16 26 24 2 27 0 1 15 2 33 33 26 6 2 29 0 2 1 5 12 5 2 4 3 3 10 6 5 29
14 2 5 9 28 40 3 5 4 4 4 65 426 36 59 645 678 1411 4559 206 563 1160 184 134 334 33 38 27 95 13 31 82 2787 1065 7 2 642 5575 86 376 736 39 132 1282 371 888 405 37 14 22 0 7 22 66 11 14 94 113 19 8 565 31 63 39 18 70 145 332 140 6 12 213 3358 1010 423 173 12 88 1032 1 14 8 110 99 279 239 102 19 43 21 575 17 5 16 68 151 10 9 256 52 5 12 16 7 10 15 0 14 2 1 0 19 63 17 50 15 4 41 316 44 916 645 290 110 131 5 28 10 8 56 87 22 12 213 5 620 20 3 1207 1107 21 123 31 38 119 28 51 32 424 205 218 5 4 5 0 7 12 26 4 3 17 50 5 19 77 40 21 35 6 7 61 85 111 154 13 62 15 5 120 11 201 385 363 71 13 248 3 1 9 27 63 16 9 17 38 13 79 35 17 117
0 1 0 0 2 3 0 0 0 0 0 2 29 224 536 1402 116 4972 29 77 11 28 14 261 9 1 738 1735 9 2 10 27 112 255 16 6 178 86 6990 15 368 62 195 0 38 750 17 95 24 7 1 1 2 5 17 3 28 79 21 17 4841 76 505 1592 5516 11 12 73 3491 9 20 19 30 3 262 1482 0 1 5 5 10 5 8 3 10 7 7 17 41 7 477 30 2 12 40 49 0 2 9 15 1 4 0 0 4 2 0 2 0 0 0 0 22 223 506 19 0 75 24 624 9 875 14 2 5 0 0 88 12 607 24 4 7 17 5 39 106 0 32 20 336 21 918 6 6 68 411 105 26 2677 5 3 3 0 0 3 0 5 0 2 0 5 3 6 46 7 323 136 15 9 3 8 67 11 9 610 2 3 234 13 16 9 7 15 15 1 2 0 5 2 3 14 8 17 9 0 2 2 1 2
12 1 3 2 10 16 2 2 2 4 0 25 6 1077 164 91 184 134 395 187 254 2672 1241 4568 2955 4825 1642 20 159 13 24 12 75 198 4241 414 143 376 15 12538 1028 156 715 23 9 58 5127 32 64 12 2 5 89 146 24 25 182 16 1333 7 69 84 158 51 2 1 368 281 15 68 23 53 133 46 60 26 1 21 30 1 18 3 156 201 260 329 301 48 56 12 86 55 20 68 366 37 1 1 380 69 0 0 1 0 0 1 0 3 0 0 0 4 45 16 29 19 7 37 117 25 274 597 180 6 20 1 6 4 3 39 17 3 3 13 2 34 42 3 124 197 7 97 8 3 7 6 5 1 83 32 86 2 7 0 1 0 2 2 0 1 2 9 1 1 4 51 5 8 4 1 11 16 12 32 12 19 2 2 17 2 16 15 29 7 4 8 3 0 8 3 8 17 3 1 3 0 2 3 1 6
1806 636 705 560 800 1230 158 226 38 85 22 1100 19 1297 1936 1868 884 1400 581 806 2306 1781 5989 5907 527 1825 401 141 292 495 658 233 1074 1127 97 17 876 736 368 1028 9666 5466 1776 48 285 1138 222 449 1809 345 168 227 77 112 1107 1522 401 205 120 26 2145 534 219 90 73 33 211 245 505 325 495 590 321 137 909 1018 103 12 237 49 454 128 1283 130 1304 287 97 858 1201 390 2713 1354 287 673 550 910 84 95 280 94 11 6 77 99 9 90 5 3 3 1 7 65 15 14 35 4 2 19 21 56 71 158 25 42 35 6 5 28 4 51 26 10 8 148 0 131 16 0 182 88 12 21 57 54 69 86 87 11 45 306 41 48 130 12 3 37 21 38 25 43 11 18 2 31 81 10 76 126 39 12 21 26 62 22 122 259 37 66 391 56 60 121 67 38 122 42 31 24 191 5 54 208 75 14 13 5 46 5 0 29
5 1 2 0 5 9 5 1 1 0 0 9 0 46 71 155 21 152 43 15 97 284 1189 5510 101 127 63 16 31 1 9 3 31 27 22 0 14 39 62 156 5466 5636 3390 9 121 262 79 100 1919 48 4 2 11 15 38 15 25 6 12 5 547 41 54 17 11 4 62 27 174 35 37 14 30 7 36 413 5 0 13 1 20 9 28 28 50 35 16 71 183 74 1122 235 20 105 153 19 1 3 42 6 0 0 0 0 0 0 0 0 0 0 0 1 2 0 7 0 0 2 2 6 6 12 2 0 0 0 0 15 1 6 5 1 0 1 0 3 0 0 6 3 5 1 14 1 0 32 27 2 0 99 0 1 11 3 0 3 1 1 1 0 0 1 0 1 2 2 18 45 7 0 0 1 3 2 21 105 2 7 151 39 0 2 3 1 50 6 3 1 13 1 1 42 4 2 0 0 0 0 0 0
23 6 11 7 24 29 9 5 9 3 4 32 26 293 120 116 36 680 184 39 240 1189 435 4781 782 179 356 44 542 37 166 22 110 253 216 63 85 132 195 715 1776 3390 9820 60 560 1691 1143 556 3241 733 41 31 113 278 47 28 679 106 326 26 2701 630 2659 5254 64 75 868 698 864 279 185 91 156 51 470 1884 54 2 111 13 140 56 234 280 286 413 207 350 1526 658 5310 891 119 1723 6282 120 20 10 420 350 1 4 4 1 3 4 0 1 0 0 0 7 15 12 36 4 4 9 14 65 21 151 16 4 3 1 1 44 4 99 14 4 7 13 1 31 12 0 31 30 31 19 101 3 6 215 129 5 21 631 17 28 82 1 0 71 2 6 2 13 0 5 0 5 23 7 126 264 37 29 1 7 43 20 217 581 13 29 861 149 8 12 13 18 335 18 18 20 112 2 0 345 48 12 5 5 2 0 0 4
1 1 0 0 0 1 0 0 5 0 0 10 3829 2 3 8 11 318 8149 138 6 24 2 13 5 1 0 2 6 1 2 1 26 5 0 0 5 1282 0 23 48 9 60 7273 2171 648 28 11 7 221 4 16 2 2 9 0 3 2 1 0 57 29 34 18 3 329 6 12 29 5 10 262 1158 1664 11 17 95 1140 2311 33 32 79 4 6 8 12 2 119 88 76 235 9 3 7 62 4 26 9 5 3 1 1 0 1 1 0 1 1 1 1 0 1 31 26 89 8 2 58 72 85 310 920 123 6 10 0 6 6 4 26 12 3 2 10 2 29 30 1 101 129 17 54 20 8 7 16 18 29 145 180 58 3 6 1 0 5 0 2 2 5 1 6 1 1 4 22 14 26 3 7 8 7 13 12 7 60 2 2 125 19 16 20 103 3 23 24 0 2 3 2 2 30 4 2 4 2 4 2 0 6
4 0 3 0 3 2 9 6 340 6 12 27 2968 16 12 11 9 352 1322 28 7 23 5 105 15 2 14 14 27 7 13 3 86 28 1 0 10 371 38 9 285 121 560 2171 7678 3212 26 195 75 4382 13 46 60 13 29 5 26 13 6 1 130 256 456 130 35 3533 19 41 397 57 82 1091 1166 942 58 184 3284 613 3466 107 137 512 20 12 13 15 13 1013 856 3221 2436 86 26 78 494 19 1153 251 15 12 1 2 4 9 2 9 1 3 2 0 1 21 18 14 124 3 1 33 20 126 26 402 16 9 10 3 2 46 2 69 18 1 6 11 2 27 10 2 25 17 34 8 60 2 12 190 399 25 39 2062 4 13 66 6 3 82 7 5 7 11 2 7 1 8 17 6 168 211 23 98 5 4 27 1 169 676 14 21 2115 271 9 14 17 6 332 32 11 14 74 2 7 446 42 12 19 4 1 0 1 4
10 2 7 2 11 9 2 2 46 1 3 21 1665 73 98 100 47 3946 2078 75 20 73 26 1849 57 19 295 165 80 12 50 14 322 107 22 8 96 888 750 58 1138 262 1691 648 3212 3967 97 55 116 120 8 13 16 23 35 16 133 57 27 13 991 66 338 1644 449 1398 114 155 411 43 31 354 1020 227 206 250 267 15 586 10 41 39 42 29 34 33 38 74 149 108 632 188 29 76 311 50 129 28 46 85 3 9 0 1 6 4 0 10 1 1 2 18 60 135 1097 29 3 92 32 737 52 1238 38 4 8 5 4 200 37 805 56 6 16 37 15 80 118 2 87 66 264 52 910 11 18 191 1407 182 96 5921 35 15 19 1 3 25 1 3 3 4 2 8 2 27 62 16 492 377 25 60 6 16 116 16 47 1084 4 0 1168 91 11 27 22 28 135 26 5 4 30 4 4 108 17 37 19 5 2 2 1 2
13 1 4 6 17 17 7 0 1 0 0 24 4 117 24 30 79 50 163 54 65 288 105 3056 1518 445 1110 55 226 10 81 28 148 2224 1472 919 889 405 17 5127 222 79 1143 28 26 97 5434 57 42 13 5 5 99 239 20 10 386 475 1681 654 145 205 658 398 13 3 612 2568 150 61 44 82 232 98 632 56 3 31 101 2 33 11 162 279 176 365 1526 37 72 21 171 34 33 71 421 48 2 8 374 250 0 1 2 2 3 3 1 3 0 0 0 2 14 5 20 4 5 13 186 12 439 341 222 19 23 3 5 7 2 17 25 2 2 46 0 121 23 0 304 437 6 72 18 7 30 3 7 2 79 75 87 3 4 2 0 1 3 2 2 1 3 7 1 3 8 29 13 12 3 1 16 25 19 31 9 27 6 1 35 4 38 37 61 7 8 20 0 2 9 1 12 12 5 3 5 2 15 6 0 17
27 2 8 4 21 14 9 5 5 1 1 10 2 50 66 60 9 131 50 7 15 69 17 88 41 7 35 35 115 18 90 20 39 95 6 3 20 37 95 32 449 100 556 11 195 55 57 31778 269 730 20 43 13 34 18 19 187 107 10 18 364 13118 5374 289 69 27 110 169 6414 379 5241 47 33 25 642 7202 32 1 48 25 495 197 63 36 32 35 15 3385 7566 362 1812 331 92 244 1327 215 18 15 35 71 5 6 4 1 2 3 0 1 1 0 0 4 2 2 4 3 0 10 2 20 2 20 4 7 5 6 3 22 5 12 26 5 12 5 4 13 4 0 12 5 4 14 18 2 10 332 71 2 13 131 11 158 608 12 13 178 11 16 17 51 4 9 2 11 18 1 45 419 219 26 3 12 38 9 849 456 55 125 1076 139 6 11 12 10 499 25 71 72 812 2 2 1132 349 21 11 3 1 0 1 4
34 6 10 9 17 21 11 8 1 2 0 14 3 9 24 61 7 68 14 10 69 256 131 473 75 48 14 0 40 16 22 0 13 6 4 1 6 14 24 64 1809 1919 3241 7 75 116 42 269 9083 243 34 50 18 24 39 26 35 7 5 1 161 485 68 14 4 8 41 22 95 436 327 17 12 12 20 207 10 0 20 12 240 86 96 34 56 57 21 610 728 195 510 4061 313 5837 2746 21 8 8 58 9 1 1 3 0 1 1 0 2 0 0 0 1 0 0 0 0 0 3 1 5 0 14 1 1 2 0 3 3 0 6 4 0 0 1 0 3 0 0 2 5 0 2 4 2 1 36 11 0 1 47 0 27 84 1 1 23 1 6 7 18 1 0 0 0 4 0 7 45 20 6 0 0 3 1 102 71 13 35 160 24 2 5 0 2 63 11 16 20 125 0 0 158 43 2 2 0 2 1 0 1
23 6 8 3 10 8 6 9 178 5 3 16 154 4 5 8 2 40 172 0 6 43 12 28 13 1 5 8 23 7 18 3 17 15 0 2 2 22 7 12 345 48 733 221 4382 120 13 730 243 8485 105 353 22 12 44 11 25 7 1 0 47 1306 587 18 0 1199 25 16 303 175 264 399 151 904 31 223 2233 236 997 885 671 5057 68 10 18 11 13 4630 1614 8371 746 296 107 220 1290 24 696 107 21 6 1 2 3 2 1 1 0 2 0 1 2 6 0 2 11 2 0 7 0 18 0 32 1 2 5 0 0 9 1 10 15 2 2 5 0 6 1 0 7 1 3 1 6 2 4 121 39 2 3 160 3 48 137 3 1 41 32 19 60 56 4 3 0 1 5 0 15 142 48 18 2 3 15 2 236 252 36 63 533 66 1 3 12 5 183 13 31 61 293 0 2 431 104 4 10 2 1 0 0 0
76 12 24 7 27 23 32 20 5 5 2 24 3 0 1 2 1 6 3 0 3 15 3 10 11 2 0 2 46 27 17 2 17 2 0 0 1 0 1 2 168 4 41 4 13 8 5 20 34 105 8079 18169 64 9 495 147 22 2 0 0 18 48 6 4 0 22 12 9 10 107 95 19 8 113 15 7 97 10 18 1303 2173 303 542 31 38 15 11 273 73 18 25 4193 3589 205 31 21 38 26 16 10 7 0 3 3 0 2 0 3 0 0 0 0 0 0 0 0 0 1 0 1 2 2 1 0 1 0 0 1 0 1 3 0 0 5 1 5 0 0 5 1 0 0 0 3 3 4 4 0 1 12 0 17 22 1 0 8 154 76 232 159 6 0 0 1 3 0 2 5 0 3 0 1 1 1 17 7 85 87 23 5 2 4 8 0 14 6 34 22 192 0 7 37 38 0 1 0 0 0 0 0
229 34 59 23 64 50 64 60 28 17 6 49 18 2 3 3 1 7 12 3 4 10 3 13 21 2 3 2 122 66 64 5 40 8 0 0 3 7 1 5 227 2 31 16 46 13 5 43 50 353 18169 24824 187 37 1340 256 57 10 2 0 9 171 37 12 2 107 38 25 47 322 569 78 23 312 59 32 290 33 109 11528 11648 1728 1234 61 109 37 13 1345 168 53 65 3920 4604 230 44 56 88 103 33 25 19 4 5 10 3 7 1 12 2 0 1 4 0 0 3 0 0 1 1 4 1 5 1 4 3 1 1 1 1 0 3 2 3 10 0 17 0 0 17 1 0 1 2 12 9 46 17 3 5 46 4 93 123 18 0 34 1341 652 2110 941 35 6 0 1 6 1 3 17 15 28 7 1 4 2 47 27 534 342 112 12 12 21 55 3 33 59 344 158 1229 2 19 140 151 6 19 0 0 2 0 1
1156 122 194 106 358 340 742 377 175 268 104 413 3 5 3 2 0 3 12 3 27 57 14 102 168 31 20 0 3792 662 483 38 100 17 5 1 8 22 2 89 77 11 113 2 60 16 99 13 18 22 64 187 12274 7012 5666 25 596 13 4 1 23 60 102 23 2 8 787 175 24 56 58 315 46 54 210 13 98 4 62 37 146 31 6193 997 351 250 215 80 31 16 27 155 104 44 74 343 292 8004 349 336 2 1 11 24 2 35 1 1 1 0 3 28 0 0 1 1 0 1 4 2 6 5 3 5 4 0 1 0 0 2 3 0 1 21 0 23 2 0 35 24 1 0 0 16 16 1 3 1 3 11 4 3 1 3 0 2 8 6 8 6 4 4 0 3 13 0 3 2 0 1 5 2 4 3 2 2 4 1 6 2 12 24 13 2 0 5 1 3 19 1 4 4 4 1 4 1 7 0 1 2
1061 140 201 145 496 440 596 352 60 113 37 309 0 8 4 3 5 6 5 4 27 85 31 264 296 51 46 2 11129 801 732 32 117 19 10 1 13 66 5 146 112 15 278 2 13 23 239 34 24 12 9 37 7012 7959 720 21 1443 24 7 1 37 111 186 68 4 1 3405 379 39 50 30 147 57 39 462 14 14 2 46 2 38 4 2099 2852 131 264 542 30 42 9 55 60 34 42 196 536 29 2100 529 697 2 0 15 31 2 28 0 0 3 1 0 28 0 0 0 0 1 0 8 0 10 10 7 12 9 0 1 0 0 4 4 1 0 30 1 25 1 0 52 29 0 4 2 17 11 0 4 1 8 15 2 1 1 4 1 0 7 5 1 1 5 4 0 9 12 1 2 2 2 0 7 5 4 8 4 15 2 3 9 2 14 23 3 5 3 8 1 0 5 1 10 5 4 0 3 3 11 0 2 1
414 41 91 46 116 106 198 143 43 107 48 156 6 5 9 12 4 24 11 3 19 30 16 68 36 7 10 3 587 168 129 16 55 11 0 0 5 11 17 24 1107 38 47 9 29 35 20 18 39 44 495 1340 5666 720 21245 469 140 11 0 0 72 70 29 8 2 13 118 23 17 119 162 119 20 53 66 36 70 5 42 242 554 101 3286 145 123 63 59 136 49 16 87 875 324 101 45 103 103 2134 87 48 1 1 13 13 1 11 0 0 1 0 0 8 0 0 1 0 1 1 3 0 7 5 2 4 6 0 0 0 0 1 6 0 0 20 0 11 0 0 15 4 1 1 2 3 2 1 3 1 0 11 1 4 12 4 0 2 32 21 54 36 0 1 0 0 7 0 4 5 1 0 2 1 5 3 6 8 26 32 21 1 8 7 6 5 6 4 4 6 60 0 4 20 9 1 2 0 2 1 0 2
379 131 145 105 189 253 37 62 5 16 3 189 1 1 2 11 2 13 4 5 492 140 14 44 43 11 3 1 69 117 156 16 71 22 0 0 4 14 3 25 1522 15 28 0 5 16 10 19 26 11 147 256 25 21 469 2921 81 8 0 0 35 46 12 2 0 3 22 22 11 73 80 63 31 21 79 11 6 1 24 35 167 33 5339 36 1617 176 29 82 34 9 45 350 113 56 25 131 10 15 102 27 3 1 11 7 3 12 0 0 0 0 0 7 0 1 0 0 0 1 3 1 6 4 2 2 1 1 0 1 0 0 4 1 0 24 0 25 0 0 36 23 0 1 0 12 9 2 5 0 4 10 0 4 6 2 0 0 11 15 8 13 0 3 1 3 13 0 1 2 1 0 3 0 4 3 4 6 3 8 7 1 13 15 7 3 2 10 2 2 21 0 9 7 9 1 2 2 6 0 0 0
231 30 48 74 1332 426 111 33 17 24 5 307 5 90 27 15 13 30 19 10 122 198 29 571 347 40 289 42 2945 2286 13741 44 211 95 40 4 53 94 28 182 401 25 679 3 26 133 386 187 35 25 22 57 596 1443 140 81 10758 77 81 5 193 583 1307 390 38 3 4366 1923 337 149 131 504 105 99 3322 105 108 10 133 9 94 19 898 2227 598 876 1054 96 143 36 234 88 57 69 478 4820 27 163 1272 7465 39 10 170 226 8 222 4 4 7 3 12 161 4 1 3 2 0 8 33 9 72 46 15 31 33 2 1 5 0 16 32 0 7 80 0 67 0 0 116 95 4 2 15 58 90 20 13 2 21 90 13 6 16 22 0 4 22 47 5 21 16 17 2 56 35 2 16 16 2 2 32 13 12 7 19 39 20 10 52 6 48 56 38 7 15 20 3 3 23 9 62 18 10 10 8 8 38 8 2 11
9 6 2 3 60 71 4 3 1 0 0 311 3 216 83 71 49 51 11 12 97 159 20 99 21 8 285 231 34 21 33 2768 3111 4380 43 201 539 113 79 16 205 6 106 2 13 57 475 107 7 7 2 10 13 24 11 8 77 4832 1258 1762 97 162 549 219 133 3 44 1576 920 20 36 368 108 22 5881 210 6 3 74 0 21 2 50 20 77 38 26 13 42 5 71 10 7 6 86 2419 1 9 42 82 0 1 3 9 0 5 0 0 1 0 0 7 4 6 10 1 0 7 6 15 12 72 8 5 3 0 0 2 1 10 2 0 0 27 1 40 3 0 47 25 5 6 19 4 8 10 18 4 10 91 9 2 2 5 0 4 0 6 1 3 0 1 0 1 13 0 9 6 0 1 2 3 9 1 4 31 3 2 39 6 12 14 7 2 8 2 0 2 1 3 1 16 3 3 2 0 5 2 0 6
0 0 0 1 5 1 0 0 0 0 0 0 1 1170 107 37 23 22 26 5 31 38 37 1229 24 90 1143 146 31 11 47 6 23 3226 1562 4169 1242 19 21 1333 120 12 326 1 6 27 1681 10 5 1 0 2 4 7 0 0 81 1258 3503 2534 43 19 235 205 15 0 19 1570 106 3 3 4 7 11 1114 11 2 5 6 0 2 1 8 7 6 2 5 1 3 2 30 1 2 2 54 87 0 1 6 53 0 1 0 0 0 0 0 0 0 0 0 0 15 7 14 4 1 10 47 8 148 220 79 3 8 2 3 1 2 7 8 0 0 4 0 11 20 0 18 59 1 41 8 1 3 4 5 2 18 43 38 1 0 0 0 0 0 1 0 0 0 1 0 1 1 23 4 4 1 1 6 2 4 7 2 11 0 0 13 0 1 6 7 1 2 2 0 0 0 3 2 1 1 0 2 0 4 1 0 4
0 0 0 0 0 1 0 0 0 0 0 0 1 31 9 11 4 11 0 1 15 25 13 36 6 0 90 75 4 1 1 11 10 2267 38 741 448 8 17 7 26 5 26 0 1 13 654 18 1 0 0 0 1 1 0 0 5 1762 2534 1820 16 20 134 57 26 0 5 902 126 0 4 0 2 1 518 6 0 0 0 0 3 0 3 1 6 2 0 1 3 0 17 0 0 1 11 10 0 0 4 3 0 0 0 0 0 1 0 0 0 0 0 1 1 0 0 1 0 2 0 2 1 9 4 0 0 0 0 0 0 3 0 0 0 1 0 3 1 0 5 3 1 1 2 1 1 3 6 0 0 21 1 0 0 0 0 0 0 0 0 0 0 0 0 0 1 1 2 2 0 0 0 1 0 0 0 6 0 0 5 1 2 0 0 0 2 0 0 0 0 0 0 1 0 0 0 0 0 0 0 0
14 1 3 3 18 12 3 2 1 1 1 11 204 90 146 547 90 4432 228 103 34 114 53 2615 86 24 401 140 111 17 60 33 376 205 23 10 206 565 4841 69 2145 547 2701 57 130 991 145 364 161 47 18 9 23 37 72 35 193 97 43 16 10116 232 622 1897 541 135 142 171 2009 92 100 103 460 47 324 5938 9 1 47 8 44 32 53 34 32 52 51 82 284 46 1826 261 39 127 584 95 5 3 48 120 1 4 1 3 2 3 0 7 0 0 0 7 55 127 511 14 4 80 26 334 24 863 37 7 3 4 4 162 23 516 24 5 8 20 1 62 101 2 44 47 199 39 602 7 10 140 712 142 59 2436 21 10 14 1 1 29 1 5 2 3 2 6 1 7 63 13 273 323 19 35 6 14 71 18 42 704 1 13 673 71 13 12 21 20 100 21 2 9 36 2 4 70 12 17 7 1 4 1 1 3
76 8 23 7 42 36 21 17 15 2 5 38 9 99 143 42 18 89 43 12 28 196 32 191 166 24 88 52 316 93 207 15 39 185 15 11 37 31 76 84 534 41 630 29 256 66 205 13118 485 1306 48 171 60 111 70 46 583 162 19 20 232 22958 15136 942 105 32 359 451 3623 11603 3606 46 32 82 965 1983 58 2 50 75 1110 691 225 79 115 111 81 2531 3487 635 1507 911 1626 2785 2744 225 28 27 121 220 1 3 2 3 8 3 1 11 0 0 0 4 8 8 9 6 1 13 11 12 13 46 8 7 6 6 13 24 9 15 32 10 4 6 4 16 3 1 5 12 10 11 19 12 7 361 82 1 15 110 27 392 1179 24 13 224 36 55 59 192 3 2 0 7 22 4 37 456 367 30 7 14 39 10 1087 431 183 397 1039 142 9 9 16 18 452 31 220 143 1874 1 2 1534 747 13 17 4 2 1 0 11
18 3 10 3 38 19 11 3 6 3 1 17 10 559 588 167 58 199 75 28 30 158 27 379 181 14 561 373 699 80 535 28 46 725 64 56 222 63 505 158 219 54 2659 34 456 338 658 5374 68 587 6 37 102 186 29 12 1307 549 235 134 622 15136 32666 13623 1357 46 780 1573 7400 1246 917 64 57 27 2532 2228 43 1 67 9 251 62 118 139 87 116 111 566 2655 629 2905 93 177 284 4312 385 24 24 155 740 3 6 2 0 1 2 0 4 0 1 0 3 16 11 22 2 1 22 15 56 21 117 17 6 2 3 1 49 6 68 35 2 9 8 3 20 7 0 32 18 32 18 70 4 1 264 139 9 20 472 22 55 140 0 2 80 6 10 9 14 2 5 1 8 19 8 114 316 64 24 3 10 31 12 308 733 13 36 1124 213 11 7 7 9 443 10 25 26 173 0 3 526 85 10 5 0 1 2 1 5
3 0 0 0 6 5 1 0 1 1 0 4 35 454 372 132 32 493 47 13 8 39 10 585 57 4 875 1099 214 21 142 8 39 468 126 39 153 39 1592 51 90 17 5254 18 130 1644 398 289 14 18 4 12 23 68 8 2 390 219 205 57 1897 942 13623 9289 4168 15 239 643 2287 116 133 16 48 10 777 441 4 0 13 2 45 3 31 43 29 38 58 60 162 33 1554 16 19 24 1321 74 4 1 33 258 1 5 1 1 3 1 0 2 0 0 0 7 11 54 151 7 3 29 7 217 16 308 11 5 3 2 0 120 15 319 36 9 9 4 7 33 38 0 24 20 122 15 394 4 4 79 252 14 12 1659 10 3 15 0 0 7 1 3 1 4 0 4 1 4 33 6 253 226 15 6 1 2 50 15 18 594 1 5 377 29 10 5 6 10 64 3 1 4 11 1 2 23 12 17 3 0 0 0 0 3
1 1 0 0 5 1 1 0 0 1 0 2 23 180 302 432 47 507 17 36 13 16 10 76 3 0 729 1754 16 3 23 18 35 205 7 5 96 18 5516 2 73 11 64 3 35 449 13 69 4 0 0 2 2 4 2 0 38 133 15 26 541 105 1357 4168 7056 8 15 88 9102 5 34 6 12 4 480 369 1 0 4 0 4 1 1 1 5 0 1 5 21 4 204 8 6 5 29 74 0 0 3 24 0 3 0 0 1 2 0 0 0 0 0 2 10 69 172 7 2 45 5 238 5 311 5 3 3 1 0 50 5 307 12 1 2 9 2 18 48 0 8 12 98 10 437 2 8 48 221 37 11 1382 3 1 6 0 0 2 1 1 0 0 0 2 1 6 20 2 194 111 6 10 2 2 28 3 6 395 0 1 221 14 0 3 0 5 23 5 1 0 7 0 1 12 5 16 1 2 0 1 0 0
4 2 1 0 0 1 2 1 49 0 2 2 2236 0 2 3 0 258 432 5 2 6 0 11 1 0 3 4 4 0 2 0 14 2 0 0 2 70 11 1 33 4 75 329 3533 1398 3 27 8 1199 22 107 8 1 13 3 3 3 0 0 135 32 46 15 8 579 6 5 35 10 13 213 158 1057 7 35 1622 708 799 147 102 367 3 2 3 2 0 323 226 363 578 29 3 18 52 6 230 38 3 1 0 0 1 0 0 3 0 2 0 0 0 3 1 3 19 0 0 5 4 13 4 95 3 2 0 0 0 1 0 3 1 0 0 0 0 4 4 0 1 2 2 0 7 1 0 12 26 6 6 125 1 3 5 1 0 4 7 3 7 8 0 0 0 0 1 1 11 15 2 2 1 1 3 0 14 45 2 6 92 11 2 2 3 0 24 4 3 1 14 1 0 46 2 1 1 0 1 0 0 0
262 98 106 127 353 448 45 39 5 25 4 344 5 22 14 5 14 28 39 4 38 170 71 747 719 109 243 13 6031 296 1296 41 180 69 33 0 34 145 12 368 211 62 868 6 19 114 612 110 41 25 12 38 787 3405 118 22 4366 44 19 5 142 359 780 239 15 6 11372 1437 99 143 84 145 135 62 1532 71 18 19 92 8 66 5 895 8172 694 1816 1511 83 135 21 191 58 57 105 537 916 12 79 1633 2380 2 0 27 32 5 36 0 1 1 0 0 23 1 2 5 1 1 9 15 7 52 44 17 18 17 1 2 2 1 11 10 0 3 34 0 68 1 0 108 76 4 4 12 16 22 11 8 1 16 76 16 7 10 6 0 5 7 13 6 2 8 6 1 6 20 3 10 14 3 1 9 10 12 7 11 29 4 9 30 3 23 38 31 8 20 12 0 2 19 0 14 20 9 3 4 3 8 2 0 10
26 8 3 15 31 42 6 4 2 4 0 43 12 554 105 60 65 53 56 18 66 183 42 1138 681 39 865 294 564 38 374 44 239 2353 206 569 668 332 73 281 245 27 698 12 41 155 2568 169 22 16 9 25 175 379 23 22 1923 1576 1570 902 171 451 1573 643 88 5 1437 2375 683 72 91 113 367 137 3261 88 11 21 141 3 43 3 233 474 205 609 2247 52 89 26 213 32 19 38 361 142 5 19 927 3141 4 0 2 11 1 7 0 3 0 0 0 6 8 8 11 1 2 26 108 15 207 157 67 24 21 4 1 18 0 27 10 1 4 76 1 227 10 0 404 417 16 17 25 15 37 23 27 1 53 138 32 2 3 1 2 0 5 11 2 2 2 14 1 2 28 7 16 43 4 2 15 9 18 23 14 79 3 1 60 7 58 69 68 15 12 34 4 1 7 6 15 27 4 6 9 2 18 2 1 18
19 1 5 2 71 42 19 5 5 6 2 44 15 726 1218 1148 219 1254 39 120 63 106 42 216 26 2 220 625 137 50 230 140 227 1330 29 18 401 140 3491 15 505 174 864 29 397 411 150 6414 95 303 10 47 24 39 17 11 337 920 106 126 2009 3623 7400 2287 9102 35 99 683 15693 198 1163 58 58 25 3822 5056 9 6 35 11 242 25 45 27 46 26 28 359 693 162 1634 104 67 114 884 753 11 11 21 182 5 6 1 1 7 4 0 9 0 1 0 6 17 29 39 6 2 29 7 95 12 137 6 9 4 2 3 199 10 173 50 8 23 19 4 41 19 0 33 28 37 11 163 13 13 433 406 7 22 1592 12 33 82 4 5 108 2 12 3 10 3 6 0 5 46 4 355 712 53 36 1 13 81 15 298 1650 13 38 2289 417 18 18 12 21 674 41 5 11 96 0 6 409 53 42 16 4 7 0 1 6
109 21 28 11 34 32 29 29 3 7 7 32 3 5 14 12 5 34 18 3 37 156 38 89 102 13 9 3 137 43 49 6 16 21 2 0 5 6 9 68 325 35 279 5 57 43 61 379 436 175 107 322 56 50 119 73 149 20 3 0 92 11603 1246 116 5 10 143 72 198 9164 1833 18 9 25 121 227 25 1 15 68 970 334 306 86 99 68 34 987 591 141 401 1113 2866 2416 1528 68 13 25 103 66 3 0 1 2 0 0 0 1 0 0 0 3 0 0 1 1 0 2 0 2 0 6 4 2 7 1 5 7 4 5 10 1 3 7 1 4 1 0 15 1 0 2 5 3 4 51 17 2 2 18 5 151 313 9 4 33 42 68 75 210 0 1 0 1 6 0 5 72 65 2 0 4 6 3 144 64 140 304 168 15 4 4 5 4 52 13 136 40 710 2 0 252 240 5 4 1 1 1 1 3
150 18 38 5 46 33 37 41 6 7 1 31 5 21 33 20 10 29 18 1 11 86 17 53 53 5 15 11 113 67 72 6 23 57 5 1 11 12 20 23 495 37 185 10 82 31 44 5241 327 264 95 569 58 30 162 80 131 36 3 4 100 3606 917 133 34 13 84 91 1163 1833 9744 27 19 53 323 869 38 1 35 106 9212 609 335 61 94 49 32 3499 2287 290 730 1019 1910 530 459 95 18 23 50 54 6 5 7 2 1 2 1 5 0 0 0 3 1 0 2 1 0 6 2 4 0 8 2 7 0 2 5 5 2 7 6 6 3 6 1 13 0 0 8 4 1 7 7 2 2 119 24 1 5 34 8 282 476 16 11 80 89 93 167 462 3 0 0 2 7 1 10 114 109 13 2 9 12 4 312 69 314 662 280 27 6 6 15 4 95 22 303 96 1611 0 3 442 424 6 3 2 1 1 2 9
