28512 9836 9464 7241 2054 5746 14404 8721 189 1855 85 1160 2 1 2 3 1 7 1 1 129 19 7 9 23 3 10 11 8830 7515 416 36 122 32 0 0 16 32 22 16 1324 14 32 2 4 8 4 26 44 5 165 371 1576 1389 534 269 179 6 1 0 18 31 49 10 32 2 691 5 95 95 32 190 42 23 198 15 92 5 161 16 255 0 1941 987 1860 250 27 28 21 8 14 386 180 39 76 819 121 1959 57 55 8 5 31 45 5 80 9 4 27 66 37 64 0 0 0 0 4 0 0 3 0 1 1 17 14 3 3 0 3 0 24 2 14 117 6 78 1 0 19 46 0 5 1 4 12 1 3 0 3 6 13 1 2 0 0 1 8 2 5 15 4 17 2 8 12 2 1 1 2 0 12 8 40 10 0 0 2 2 8 1 118 61 12 34 3 111 3 1 6 1 12 7 2 21 30 8 13 0 0 3
9836 9852 2475 10766 4342 7122 269 117 15 690 20 568 0 1 0 0 0 1 2 0 137 21 7 5 18 1 3 2 1277 2403 109 24 116 10 1 0 5 10 3 5 501 5 10 0 1 1 5 1 21 2 45 70 192 200 71 87 103 7 1 0 5 8 14 7 11 3 290 5 14 25 13 244 32 15 48 3 111 1 157 2 55 2 356 333 833 184 11 9 11 1 6 82 44 12 28 298 34 95 41 27 6 8 37 53 12 74 4 4 22 82 46 80 0 0 0 0 1 1 0 1 0 0 0 19 9 0 3 0 1 0 17 6 23 156 1 72 0 0 14 16 3 3 0 5 17 0 1 0 0 1 16 0 1 0 0 0 0 2 0 0 3 20 2 9 18 3 0 0 2 0 8 12 51 10 0 1 0 0 1 0 132 67 6 40 0 107 1 0 2 5 12 2 1 20 35 10 14 3 0 9
9464 2475 15803 4750 254 3768 1530 10346 270 8186 146 26598 1 1 1 2 2 3 0 0 481 83 14 9 57 5 10 7 2175 933 71 75 378 33 1 0 9 35 5 21 1437 8 29 8 1 8 4 30 43 11 143 280 657 601 247 260 169 16 0 0 9 23 31 10 35 1 644 8 37 93 32 1011 133 57 151 7 456 2 634 2 198 3 1180 988 2395 493 41 30 21 5 17 309 165 43 58 251 213 450 142 77 61 38 221 351 85 663 73 30 203 684 435 649 1 2 0 2 11 1 0 3 1 1 2 95 49 5 10 0 6 2 127 28 139 715 10 307 2 0 35 119 6 18 1 32 49 0 4 1 0 5 51 2 1 3 0 3 8 5 4 9 29 91 11 59 94 6 1 3 2 2 67 71 224 29 3 3 6 2 7 3 889 270 31 206 1 611 2 0 9 18 62 3 1 132 314 65 69 6 3 37
7241 10766 4750 18349 3674 7063 95 91 22 1335 14 656 0 0 1 2 2 2 2 0 342 87 5 8 27 0 7 8 1345 2520 67 34 145 7 1 0 2 12 3 9 881 3 15 2 3 6 2 10 12 2 33 68 192 233 77 118 296 2 0 0 5 10 22 10 27 1 487 6 29 25 11 476 39 23 59 5 190 0 220 1 50 0 407 600 1592 502 24 3 15 7 6 92 45 23 20 196 65 60 87 54 20 14 79 108 30 231 26 7 47 190 120 178 1 0 0 0 1 1 0 3 0 0 0 37 19 1 9 0 4 1 50 8 37 255 4 108 1 0 19 35 2 4 0 9 26 0 1 0 1 0 19 1 0 1 0 0 1 1 0 1 15 39 1 21 21 2 0 0 0 1 19 30 56 10 0 2 2 0 3 0 299 87 10 70 1 191 0 1 5 6 30 4 1 39 83 14 31 2 0 9
2054 4342 254 3674 11796 12088 766 113 11 70 5 538 0 8 6 4 6 5 2 1 68 26 3 7 19 0 9 36 3977 9460 11364 23 54 55 0 0 34 30 53 7 188 6 7 0 0 5 4 13 7 4 15 36 329 316 81 38 1886 5 1 1 13 10 49 7 80 0 534 16 179 14 4 38 17 1 565 9 17 0 15 1 21 0 246 354 500 289 35 2 4 1 6 36 21 8 11 2092 20 336 122 243 1 0 5 12 5 16 2 0 5 26 18 24 0 1 5 0 0 0 0 9 0 1 1 4 2 0 0 0 0 0 5 2 7 22 0 18 0 0 8 7 2 2 1 0 0 0 2 1 0 6 0 0 3 0 0 0 0 0 0 3 0 4 0 3 2 0 0 1 1 0 3 2 3 3 0 0 0 1 3 2 29 12 6 4 0 22 0 0 1 0 2 4 0 4 8 1 1 0 0 0
5746 7122 3768 7063 12088 15468 711 260 61 1070 43 15777 0 5 1 4 4 9 0 0 812 338 32 12 101 2 20 24 1882 5392 295 985 537 43 2 0 20 57 28 18 1110 3 29 2 0 9 9 17 13 3 37 64 287 326 93 139 316 19 0 1 29 8 55 28 65 3 575 9 197 26 8 873 125 52 134 18 324 4 300 5 46 1 441 931 2352 1129 60 4 10 3 10 78 29 8 30 2933 287 357 497 127 49 34 174 285 58 633 61 29 167 540 427 658 0 2 0 0 4 0 0 2 3 3 0 61 24 2 6 0 5 4 93 14 113 392 6 129 0 0 18 45 4 10 2 18 38 1 3 0 2 3 21 0 0 2 0 1 3 4 0 1 28 78 5 64 51 2 1 2 1 0 53 45 79 20 2 4 2 0 7 0 601 110 19 97 1 405 2 2 3 11 54 1 3 92 339 54 54 6 3 4
14404 269 1530 95 766 711 9088 9718 1132 1705 137 415 2 0 0 0 1 1 0 1 12 13 2 4 11 1 4 7 2431 688 184 9 23 9 0 0 7 14 4 4 204 1 8 4 4 3 5 5 13 5 60 131 1103 985 335 52 50 3 0 0 7 2 14 4 8 1 138 3 30 25 3 66 15 14 51 2 71 8 34 5 72 2 676 233 337 45 8 4 3 2 5 113 57 9 14 463 342 3655 16 24 2 2 4 11 1 29 1 0 9 31 14 33 0 0 0 0 1 0 1 1 2 0 1 0 2 0 0 0 0 0 2 0 5 20 0 11 0 0 9 9 0 2 0 0 3 0 0 0 0 3 1 1 0 0 0 0 2 0 1 6 1 0 1 4 1 0 0 1 0 0 2 1 0 2 0 2 1 0 2 0 32 3 3 5 0 15 1 0 1 0 1 1 0 4 14 7 3 0 0 1
8721 117 10346 91 113 260 9718 28104 1802 14877 257 1574 1 0 1 1 1 1 0 0 35 13 9 3 11 0 0 3 783 337 32 12 49 15 1 0 1 10 2 4 449 1 4 1 7 3 3 12 25 7 74 196 633 447 243 109 41 1 0 0 5 10 10 8 6 2 220 1 15 38 18 123 18 17 55 5 93 9 50 4 109 8 876 353 633 83 12 13 17 7 11 171 85 15 34 162 476 1432 33 18 8 3 30 45 7 112 15 5 57 116 99 153 0 0 0 0 1 0 1 0 2 2 0 8 3 0 1 0 0 0 15 3 19 63 0 29 0 0 12 17 0 2 0 4 10 0 0 0 1 0 2 0 2 0 0 0 2 0 2 7 2 7 1 3 13 1 0 0 1 0 4 4 16 2 0 3 0 1 2 0 83 22 11 11 0 46 0 1 2 3 6 0 1 13 56 29 3 1 0 1
189 15 270 22 11 61 1132 1802 1044 2079 176 308 43 0 0 0 0 0 1 0 50 110 12 1 45 4 4 1 55 52 1 42 66 1 0 0 0 5 0 5 46 0 4 18 152 6 4 4 1 117 15 64 95 46 32 6 9 4 0 0 2 4 6 2 5 51 29 5 3 2 1 223 21 204 15 2 738 219 168 36 41 190 38 29 120 41 12 77 54 111 92 8 7 1 6 86 2113 1984 57 11 2 0 2 4 2 12 0 1 4 19 15 19 0 0 1 1 4 3 0 1 9 2 5 2 1 1 0 0 0 0 3 0 4 14 1 10 0 0 8 16 0 5 0 0 3 0 2 0 2 4 3 1 0 0 0 1 6 0 5 7 0 0 0 0 1 0 6 7 0 0 2 2 1 0 3 7 0 1 11 1 6 28 17 6 3 11 1 0 8 0 0 9 3 1 9 3 2 1 0 1
1855 690 8186 1335 70 1070 1705 14877 2079 35224 7966 28597 1 0 0 1 2 2 0 1 150 63 16 3 26 0 5 3 318 228 14 117 314 20 1 0 4 20 1 5 351 4 2 8 6 2 7 3 8 9 36 57 257 163 104 58 41 7 0 0 4 6 9 4 8 3 142 5 9 25 11 1296 93 67 64 3 934 20 436 7 43 6 254 229 616 150 13 6 15 10 6 71 35 13 12 231 2669 2108 52 21 79 44 288 449 106 919 110 46 317 861 662 992 1 4 0 1 9 0 0 3 2 2 2 110 47 7 13 0 9 2 144 19 185 729 12 335 0 1 53 134 1 14 2 27 75 1 5 0 1 1 34 0 2 2 0 0 5 8 2 5 34 114 15 77 93 4 1 1 1 0 94 49 185 42 1 6 5 1 4 0 937 251 38 197 0 562 0 0 3 16 75 2 9 125 428 102 78 13 3 28
85 20 146 14 5 43 137 257 176 7966 4333 3880 2 0 0 0 0 0 0 0 39 27 1 1 3 0 0 0 10 24 2 13 16 2 0 0 0 2 1 1 35 0 0 0 0 0 1 1 0 2 0 0 39 13 19 4 4 1 0 0 0 1 0 1 1 0 18 1 2 0 0 440 11 42 5 0 299 2 40 0 3 1 12 20 63 19 1 1 1 1 1 2 0 0 2 25 1128 474 23 3 29 12 84 132 26 382 36 26 166 344 366 620 0 0 1 0 0 2 1 0 3 1 0 21 10 0 5 0 0 0 44 5 61 146 3 41 0 1 11 13 0 5 1 8 16 0 2 0 1 1 4 0 0 0 0 0 0 1 1 1 14 33 4 24 16 3 0 3 0 1 29 14 23 5 0 0 3 0 0 0 294 41 5 36 0 141 0 1 0 4 18 0 0 33 239 52 20 2 1 3
1160 568 26598 656 538 15777 415 1574 308 28597 3880 23851 2 0 2 6 4 5 0 0 759 487 51 13 86 4 12 19 529 647 64 1101 2993 73 1 0 21 99 16 12 1046 5 14 2 4 5 14 16 8 1 17 68 272 243 89 125 176 83 3 2 18 8 30 16 51 4 517 9 176 17 6 1662 473 110 264 20 700 0 547 3 41 2 414 902 2003 1027 45 5 9 5 11 65 23 8 21 1970 1754 736 427 99 136 67 385 642 149 1803 173 84 614 1508 1335 2190 1 2 0 2 3 3 0 4 1 7 0 81 53 3 4 0 5 1 225 27 263 755 8 171 0 0 29 84 4 16 1 35 73 0 2 0 1 2 36 1 0 2 0 2 2 6 1 6 54 149 25 94 97 3 2 2 1 0 103 100 135 16 3 5 6 0 10 2 1377 175 41 156 2 768 1 0 4 20 70 2 3 137 941 186 89 14 1 16
2 0 1 0 0 0 2 1 43 1 2 2 7105 1 3 6 19 1006 3442 20 1 0 3 15 1 0 9 25 0 0 0 0 0 0 0 0 0 150 11 0 17 7 24 7298 5554 7698 0 15 5 68 2 6 0 0 3 0 0 0 0 0 11 4 6 26 16 2211 1 1 19 2 8 30 266 1242 1 9 499 203 490 2 13 11 0 0 0 0 0 27 89 219 1546 3 1 2 22 2 159 37 0 0 0 1 0 0 0 0 0 0 0 0 0 1 11 50 474 9 11 76 4 1100 47 471 16 2 3 8 3 21 6 26 14 7 0 1 3 3 5 0 22 34 297 16 130 24 2 105 244 92 30 1969 14 3 8 3 0 10 1 1 0 7 0 4 0 1 2 6 224 165 28 321 6 9 7 8 19 243 2 4 668 17 1 4 76 8 25 1 0 5 7 4 1 45 18 7 0 0 5 5 2 1
1 1 1 0 8 5 0 0 0 0 0 0 1 7891 9767 514 733 206 35 27 2 6 333 150 5 10 2742 2180 22 6 30 0 3 73 3025 2593 766 10 193 962 831 20 31 4 1 38 263 22 5 0 0 0 2 2 3 0 36 125 636 25 31 7 101 96 608 0 15 517 489 4 0 0 2 6 174 10 0 0 0 0 1 0 6 12 4 13 20 0 3 1 12 2 1 2 16 27 0 1 7 18 0 0 0 0 0 0 0 0 0 0 0 0 31 15 11 21 10 77 6 65 123 347 110 1 0 1 4 0 1 7 1 0 1 1 0 2 11 2 36 76 9 14 4 1 3 6 3 0 41 20 1 0 1 0 0 0 0 0 0 0 0 0 0 0 0 1 10 3 3 1 1 0 1 0 1 13 0 1 14 2 0 14 6 0 3 2 0 0 0 0 0 1 1 1 0 0 0 0 0 0
2 0 1 1 6 1 0 1 0 0 0 2 3 9767 17967 8939 1253 3944 136 809 15 70 1248 515 35 49 2577 5628 34 16 20 1 7 43 2185 698 2015 109 1478 978 3255 95 224 8 1 101 275 57 36 2 1 1 2 2 4 1 32 81 298 16 151 39 270 171 1576 3 22 371 1467 23 7 0 9 25 200 22 6 0 2 0 2 2 5 7 15 12 15 1 17 1 73 14 3 8 61 45 2 2 23 13 0 2 0 0 0 1 0 1 0 0 0 0 51 27 43 52 22 79 25 147 161 365 134 17 4 9 20 5 3 30 2 2 2 16 4 28 21 7 90 176 39 58 13 3 7 4 13 1 77 63 18 1 1 1 0 1 0 0 0 0 0 1 0 2 1 14 11 18 8 6 7 2 6 5 7 28 0 1 57 5 4 53 17 6 4 8 0 2 0 1 2 8 5 1 1 0 4 2 1 4
3 0 2 2 4 4 0 1 0 1 0 6 6 514 8939 24257 372 7435 3071 1684 4 31 713 1067 22 53 2161 4868 33 23 18 3 33 85 258 14 1091 291 3754 338 2290 191 362 11 2 69 99 42 69 8 1 0 2 7 5 3 31 80 34 11 123 29 182 164 907 8 26 127 1172 32 1 3 50 5 262 38 2 0 11 0 3 0 12 19 14 13 11 4 20 9 44 34 4 20 103 93 1 1 17 11 0 1 0 0 1 0 0 0 0 0 0 1 39 114 199 43 14 177 7 413 75 751 21 3 1 3 5 17 3 72 2 3 0 4 4 4 21 1 27 32 215 13 73 9 5 23 18 17 29 186 10 1 2 0 0 1 0 1 0 0 1 5 0 1 1 2 27 34 7 8 3 4 5 5 3 46 0 3 44 2 2 6 12 6 5 0 0 0 4 1 0 6 6 3 0 0 1 2 1 1
1 0 2 2 6 4 1 1 0 2 0 4 19 733 1253 372 2433 1134 1554 1677 43 191 566 281 91 76 208 70 14 9 12 3 52 29 516 417 1523 816 195 399 1549 32 151 25 16 157 249 8 18 4 0 4 2 6 3 1 18 45 90 12 255 6 31 60 48 2 8 110 122 9 1 4 54 96 158 12 2 14 9 4 6 15 3 7 38 18 20 5 7 3 130 9 1 3 29 71 1 1 15 7 0 1 1 0 0 3 1 0 1 0 0 1 179 53 30 158 98 48 54 59 309 197 210 54 28 31 57 5 27 64 10 9 1 72 19 110 80 14 257 409 24 180 17 6 18 14 6 3 153 28 62 0 1 0 0 2 1 0 0 4 2 7 0 2 4 44 7 29 15 3 13 8 38 39 13 23 0 1 26 1 17 201 52 23 2 36 0 0 1 16 2 6 10 11 1 1 21 5 2 16
7 1 3 2 5 9 1 1 0 2 0 5 1006 206 3944 7435 1134 24647 7400 2949 8 50 515 2795 56 32 5717 2408 33 15 23 2 201 101 337 8 1221 3055 9500 209 2429 369 1118 856 14 964 165 41 129 8 2 1 6 4 20 6 33 39 31 7 4806 32 229 916 931 260 33 75 1906 22 10 22 1227 97 170 190 2 0 49 0 8 1 14 17 29 35 11 8 26 7 185 56 4 14 179 85 1 3 37 17 1 15 1 1 4 2 0 0 0 0 0 2 83 1174 2401 108 49 1058 10 2940 463 4246 91 12 11 33 9 185 28 619 77 19 2 8 20 36 21 21 164 180 2592 59 1225 128 64 362 192 380 248 3100 54 5 5 5 4 8 2 0 1 2 3 18 0 14 11 37 154 487 44 162 22 36 48 42 22 317 1 4 264 10 2 30 127 31 7 11 1 2 11 19 3 26 19 69 0 1 11 9 13 6
1 2 0 2 2 0 0 0 1 0 0 0 3442 35 136 3071 1554 7400 57257 12256 9 63 302 1026 41 80 1379 500 7 3 1 0 63 10 129 1 75 6065 207 265 1001 145 489 4655 263 3189 87 55 66 60 1 15 0 3 8 2 10 5 4 0 325 42 113 226 113 584 6 18 111 30 8 7 751 3409 17 53 7 412 140 9 18 56 8 5 12 19 6 50 116 94 1733 43 2 16 122 11 4 3 15 4 1 9 0 0 1 2 1 1 0 0 2 2 998 1450 3361 949 118 2121 151 4355 2095 12269 890 43 23 90 127 132 139 1067 63 14 2 48 30 98 312 53 625 698 1650 414 631 104 129 263 111 445 1013 1722 90 17 8 17 8 12 4 0 1 4 5 25 2 9 6 84 136 324 79 299 31 28 66 90 58 324 4 5 353 17 13 225 917 36 27 45 3 8 18 22 4 55 54 45 0 0 15 10 12 14
1 0 0 0 1 0 1 0 0 1 0 0 20 27 809 1684 1677 2949 12256 7195 27 76 728 947 46 178 370 35 4 0 0 1 4 2 131 0 123 234 221 453 2151 85 421 34 13 197 76 16 70 4 2 3 1 0 2 1 7 5 17 0 318 19 94 102 36 4 7 18 81 30 3 3 20 112 13 25 2 13 13 0 4 3 3 4 10 7 4 7 17 6 94 29 5 21 127 7 0 1 10 3 0 2 0 0 0 0 0 0 0 0 0 0 357 121 98 316 65 102 72 86 495 576 301 26 15 26 71 8 47 165 3 2 0 27 16 48 150 22 223 307 28 217 20 12 35 27 9 1 223 43 48 5 4 1 3 2 0 0 0 3 1 1 0 3 2 37 8 51 27 2 10 8 11 32 9 30 2 3 36 2 5 143 48 6 3 19 1 1 6 7 0 5 14 2 0 0 10 1 2 6
129 137 481 342 68 812 12 35 50 150 39 759 1 2 15 4 43 8 9 27 3565 4775 521 74 211 48 31 10 82 68 56 107 230 95 2 0 64 273 22 76 887 4 89 16 1 9 64 9 5 0 3 5 17 14 4 666 36 17 7 2 15 12 81 45 26 2 14 85 44 13 2 263 294 40 185 6 131 1 195 0 3 1 60 27 4203 176 40 1 3 1 19 4 1 3 55 395 131 65 254 50 2 0 5 12 5 22 2 3 11 26 22 34 4 1 0 5 6 1 0 8 5 4 7 24 12 1 3 1 2 3 4 5 10 110 3 81 0 0 46 97 2 14 0 5 11 1 2 0 10 4 19 0 0 0 0 2 0 0 0 1 3 9 0 5 7 5 2 1 1 2 12 8 41 24 1 8 0 0 6 0 84 80 30 19 0 85 1 0 1 3 7 2 0 14 29 2 16 5 3 4
19 21 83 87 26 338 13 13 110 63 27 487 0 6 70 31 191 50 63 76 4775 17380 3213 878 4367 1187 300 39 61 38 35 128 433 425 14 1 355 1413 52 1407 836 59 849 102 7 64 291 24 34 8 3 3 24 24 5 38 48 36 57 8 129 53 561 356 134 6 92 268 140 63 8 518 1359 172 204 31 366 3 676 1 6 0 44 110 2033 871 228 9 25 10 111 22 4 25 409 363 290 156 3415 124 9 6 15 14 12 51 8 5 9 37 26 60 8 4 3 7 56 9 11 18 72 19 35 66 35 4 29 0 4 3 23 6 20 233 21 233 9 1 228 322 8 57 3 7 22 8 7 0 42 26 67 1 1 0 0 3 0 0 0 1 7 15 0 10 15 6 13 13 4 4 26 17 125 46 9 14 1 2 39 0 170 213 66 67 4 176 0 2 10 6 17 9 1 19 43 5 21 9 4 22
7 7 14 5 3 32 2 9 12 16 1 51 3 333 1248 713 566 515 302 728 521 3213 9656 8597 623 6033 1089 94 38 11 18 16 80 294 20 14 1064 834 135 1935 7106 1362 1530 62 5 47 306 21 170 9 3 0 9 17 12 12 54 20 26 12 94 48 183 191 33 4 62 131 55 62 6 71 482 25 87 38 79 0 110 0 7 1 21 36 211 131 48 8 27 10 78 85 4 34 274 57 42 27 158 28 1 0 2 4 2 4 3 2 0 10 8 12 5 6 6 12 18 18 7 17 41 46 38 11 7 4 8 0 1 6 5 1 6 49 5 60 1 0 72 118 10 25 4 1 6 2 4 0 21 17 27 3 5 1 1 1 0 1 0 1 2 0 1 0 3 3 7 4 3 1 7 6 25 12 7 11 0 0 28 4 39 54 18 20 6 45 1 2 3 3 2 24 4 7 8 0 8 3 1 7
9 5 9 8 7 12 4 3 1 3 1 13 15 150 515 1067 281 2795 1026 947 74 878 8597 8065 1333 4815 6123 861 57 18 15 7 25 13 370 12 211 199 453 6279 4506 6575 1951 39 12 1232 2210 28 249 13 2 3 22 23 47 24 65 7 95 1 1031 38 164 876 263 29 128 159 136 35 13 15 105 19 87 41 12 0 23 0 8 0 57 144 279 300 182 13 53 10 342 93 10 32 235 77 3 4 320 45 0 0 0 0 0 1 0 0 0 0 1 1 22 17 46 30 38 72 20 280 160 260 161 5 0 8 17 3 1 17 7 1 2 6 1 19 13 3 109 154 142 36 49 8 11 21 54 2 52 341 10 6 4 0 1 2 0 0 0 2 0 1 0 1 0 8 54 48 16 15 6 7 6 12 6 86 0 2 148 7 2 31 10 5 13 7 1 4 4 0 1 17 9 3 0 0 5 1 2 1
23 18 57 27 19 101 11 11 45 26 3 86 1 5 35 22 91 56 41 46 211 4367 623 1333 6683 1109 308 64 92 12 87 18 155 159 25 0 135 766 36 4207 169 25 618 74 4 51 1326 17 14 2 4 12 67 132 18 19 316 13 8 6 79 31 311 470 175 3 609 55 104 31 4 176 863 147 140 16 195 3 458 1 9 2 131 597 1134 1786 913 3 11 3 62 10 5 9 197 111 88 34 5231 1388 2 2 2 4 2 10 0 1 2 6 1 8 7 3 5 13 69 7 16 12 75 36 76 40 10 5 21 1 5 4 6 3 5 118 7 198 8 0 266 438 4 41 1 3 10 1 3 0 58 21 34 1 2 0 0 0 0 1 0 1 1 13 1 0 5 13 7 4 3 0 11 10 55 34 5 10 1 1 15 2 53 203 62 21 1 50 0 2 3 8 8 8 1 11 8 2 21 5 3 13
3 1 5 0 0 2 1 0 4 0 0 4 0 10 49 53 76 32 80 178 48 1187 6033 4815 1109 2702 137 1 2 3 0 0 6 4 23 1 21 45 4 1556 710 8 62 14 0 5 111 1 1 0 0 0 7 3 2 1 5 0 2 0 3 1 9 15 4 0 18 8 2 2 0 4 15 5 6 0 6 1 9 1 0 0 12 44 142 125 19 0 1 0 4 1 0 0 7 6 1 1 109 4 0 0 0 0 0 0 0 0 0 0 0 0 15 5 2 20 15 7 5 4 40 41 53 1 2 1 2 0 0 8 0 0 0 3 0 2 6 2 36 56 1 7 0 0 3 2 0 0 14 2 3 0 0 1 0 0 0 0 0 0 0 0 0 0 0 3 0 3 3 0 0 1 2 2 1 1 0 0 0 0 0 8 3 1 0 1 0 0 0 1 0 2 0 0 0 0 0 0 0 2
10 3 10 7 9 20 4 0 4 5 0 12 9 2742 2577 2161 208 5717 1379 370 31 300 1089 6123 308 137 23326 5936 106 25 64 2 11 53 3164 146 302 70 458 1841 807 183 356 16 4 349 1187 13 17 2 0 1 34 36 8 1 206 26 266 10 223 11 98 1978 658 6 223 366 147 8 4 4 43 22 146 9 17 0 22 0 2 0 40 140 161 297 70 0 7 3 58 16 1 4 39 44 6 9 305 98 0 0 1 0 0 1 0 0 1 0 0 1 54 57 138 50 24 186 22 636 185 973 151 6 2 6 10 7 10 43 7 3 0 17 1 24 15 7 102 148 253 22 58 11 11 15 11 15 77 263 10 1 1 1 0 1 0 0 0 1 2 9 0 1 0 9 15 25 8 11 3 5 12 6 3 28 0 2 45 1 3 21 19 5 2 2 0 0 1 2 1 6 2 7 1 0 1 0 2 3
11 2 7 8 36 24 7 3 1 3 0 19 25 2180 5628 4868 70 2408 500 35 10 39 94 861 64 1 5936 11385 245 78 179 4 18 93 542 78 143 59 6847 91 307 67 99 15 19 1151 361 62 7 3 1 4 23 28 9 1 325 201 256 30 876 24 237 1783 5441 14 192 750 1603 18 4 6 33 9 718 29 7 0 10 0 3 1 30 79 62 124 77 1 5 2 138 9 2 1 19 209 3 6 91 113 0 1 2 0 1 0 0 0 0 1 0 1 11 163 353 10 19 157 5 2385 78 635 44 3 3 13 10 38 4 66 51 8 1 4 11 22 4 4 33 82 1268 19 377 28 14 119 109 52 40 2004 20 2 3 3 0 4 0 0 1 0 4 9 1 6 4 19 216 216 23 45 17 19 23 22 8 244 1 2 199 8 2 17 14 14 9 2 0 2 6 13 5 11 11 31 0 1 3 6 1 2
8830 1277 2175 1345 3977 1882 2431 783 55 318 10 529 0 22 34 33 14 33 7 4 82 61 38 57 92 2 106 245 28732 9822 3025 126 472 251 12 2 106 206 189 49 255 15 104 1 2 43 57 179 12 3 55 181 4193 6791 920 50 2841 77 9 4 101 137 872 104 582 8 3970 94 1292 67 22 338 216 36 2382 54 181 6 387 3 87 3 1139 678 472 200 204 5 10 5 49 107 61 19 157 2638 82 2943 130 801 13 8 35 61 22 97 22 8 23 100 49 79 2 7 5 0 16 5 1 19 1 9 2 45 29 5 9 1 3 4 22 12 51 337 18 249 2 0 65 103 16 22 3 16 32 7 11 2 6 39 55 2 2 2 0 5 2 1 3 11 14 33 1 18 38 9 5 9 9 2 25 24 153 41 5 24 1 5 72 7 305 179 24 112 8 227 1 2 6 10 20 15 7 49 69 14 27 6 1 18
7515 2403 933 2520 9460 5392 688 337 52 228 24 647 0 6 16 23 9 15 3 0 68 38 11 18 12 3 25 78 9822 16834 4150 26 129 106 1 2 67 81 88 6 207 8 29 0 1 8 17 58 8 0 30 59 455 533 122 40 3276 7 3 5 37 31 163 19 173 2 455 21 567 35 8 107 57 8 834 24 32 0 63 3 45 1 397 246 411 159 38 5 6 0 15 59 40 5 46 3090 41 408 58 159 3 1 8 20 4 42 8 1 5 36 25 37 0 1 1 0 1 1 0 10 1 1 0 14 5 0 0 1 2 0 4 1 15 50 2 29 0 0 6 13 10 3 1 3 7 1 2 1 0 14 3 1 2 1 0 3 0 0 1 3 0 6 2 6 6 0 5 1 4 2 3 3 17 2 4 5 0 1 10 4 54 20 5 10 3 40 1 0 1 1 1 5 1 9 21 3 4 3 0 3
416 109 71 67 11364 295 184 32 1 14 2 64 0 30 20 18 12 23 1 0 56 35 18 15 87 0 64 179 3025 4150 12131 20 85 111 9 4 72 93 128 27 141 9 27 0 1 19 47 58 3 1 7 29 213 271 38 21 7085 20 6 8 38 34 183 34 356 1 1343 121 634 19 8 27 30 11 6593 18 6 1 38 1 15 0 192 454 353 680 255 1 3 2 20 24 16 2 40 3917 6 129 575 5938 0 1 0 2 0 2 0 1 0 2 5 2 0 1 0 0 4 3 1 14 1 8 1 1 0 0 0 0 1 0 0 1 1 16 1 23 0 1 12 23 3 4 1 1 2 2 2 0 0 17 7 0 0 0 0 1 0 0 0 0 0 0 0 0 0 0 10 4 1 2 0 1 7 3 3 6 0 0 17 1 7 12 5 1 1 12 0 1 4 0 0 6 0 4 1 0 0 0 0 0
36 24 75 34 23 985 9 12 42 117 13 1101 0 0 1 3 3 2 0 1 107 128 16 7 18 0 2 4 126 26 20 3764 6664 538 1 0 18 229 11 1 120 2 4 2 0 2 2 8 0 1 3 6 23 28 6 17 69 2488 1 0 7 5 7 4 31 0 102 3 119 2 0 992 510 21 2386 9 208 0 304 0 3 0 45 133 261 134 6 0 1 1 2 2 3 1 1 5299 268 80 81 11 6 5 23 46 13 101 9 5 30 62 71 89 0 0 1 0 1 0 0 4 1 1 0 10 3 1 1 0 1 0 22 0 24 80 1 35 0 0 13 20 4 2 0 7 11 0 0 0 0 1 4 0 0 0 0 1 1 0 0 0 4 10 0 10 9 0 1 0 0 0 12 12 18 3 0 0 1 0 2 0 102 26 7 22 0 94 0 0 0 1 8 1 0 14 55 8 15 0 1 2
122 116 378 145 54 537 23 49 66 314 16 2993 0 3 7 33 52 201 63 4 230 433 80 25 155 6 11 18 472 129 85 6664 11902 905 1 1 116 1436 81 10 335 5 19 6 1 24 46 24 12 3 8 28 102 114 33 26 211 1691 5 9 110 10 23 18 72 0 346 27 330 7 4 4934 3371 58 3230 24 311 6 1693 1 15 1 161 370 611 399 26 2 3 1 27 20 15 3 16 4229 281 116 238 47 9 6 32 57 15 98 14 3 30 82 55 109 9 11 1 6 21 7 7 20 18 20 21 50 33 1 21 1 8 3 26 17 52 250 10 232 4 2 129 199 19 39 6 6 32 4 4 2 19 15 38 0 0 0 0 0 0 2 1 2 14 18 1 16 16 16 6 7 3 1 26 21 96 33 3 8 2 1 8 1 164 191 34 61 1 156 0 0 0 8 17 4 3 38 54 14 35 5 5 16
32 10 33 7 55 43 9 15 1 20 2 73 0 73 43 85 29 101 10 2 95 425 294 13 159 4 53 93 251 106 111 538 905 6347 171 81 1072 2310 135 73 349 6 11 5 2 6 517 8 3 1 3 8 40 48 14 15 117 7293 3542 3785 7 6 13 15 92 0 135 2995 160 5 4 140 218 33 9052 4 25 6 231 1 6 2 65 105 243 144 79 0 2 1 6 17 2 0 5 1677 3 3 170 52 2 7 11 17 5 10 5 3 1 15 6 12 6 1 4 7 56 7 12 22 28 10 16 60 31 9 19 0 7 5 20 4 9 231 25 339 3 2 165 339 5 52 4 6 29 3 1 3 23 14 77 0 0 1 0 0 1 2 0 3 12 14 1 8 15 25 4 9 5 0 25 17 148 68 2 8 0 0 10 0 76 221 25 82 0 56 0 0 0 4 10 0 3 27 5 1 33 7 4 30
0 1 1 1 0 2 0 1 0 1 0 1 0 3025 2185 258 516 337 129 131 2 14 20 370 25 23 3164 542 12 1 9 1 1 171 3099 2366 1008 27 44 3310 44 3 48 4 0 15 764 1 3 0 0 0 5 4 0 2 25 28 1286 27 15 0 13 132 129 1 30 255 35 1 0 0 8 10 49 0 0 0 5 0 0 0 7 17 14 26 9 0 0 0 3 0 0 0 5 4 0 1 15 13 0 1 0 0 0 0 0 0 0 1 0 0 29 20 25 48 23 87 12 39 136 385 144 4 0 2 10 2 5 21 0 1 0 4 0 10 19 5 68 133 9 24 2 2 8 3 0 1 65 9 7 0 0 0 0 0 0 0 0 0 1 2 0 0 0 4 4 2 3 0 1 1 3 3 2 6 0 0 9 0 2 27 7 2 0 2 0 0 0 3 0 0 3 0 0 1 0 0 2 2
0 0 0 0 0 0 0 0 0 0 0 0 0 2593 698 14 417 8 1 0 0 1 14 12 0 1 146 78 2 2 4 0 1 81 2366 838 511 2 8 238 40 0 5 0 0 0 132 1 0 0 0 0 0 0 0 0 3 14 652 34 5 1 5 12 37 0 1 97 19 0 0 0 0 0 19 0 0 0 0 0 0 0 0 0 1 1 0 0 1 0 1 0 0 0 1 0 0 0 0 0 0 0 0 0 0 0 0 0 0 0 0 0 0 0 0 1 3 3 2 2 4 1 2 1 0 0 0 0 0 2 0 0 0 0 0 0 0 0 0 3 0 0 0 0 0 0 0 0 2 0 1 0 0 0 0 0 0 0 0 0 0 0 0 0 0 0 0 0 0 0 0 0 0 0 0 2 0 0 1 0 0 1 0 0 0 0 0 0 0 0 0 1 0 0 0 0 0 1 0 0
16 5 9 2 34 20 7 1 0 4 0 21 0 766 2015 1091 1523 1221 75 123 64 355 1064 211 135 21 302 143 106 67 72 18 116 1072 1008 511 5471 763 572 542 2078 28 95 10 0 21 1165 6 7 0 0 0 12 17 6 1 63 793 4231 631 90 8 37 50 134 0 33 1695 184 5 1 9 42 11 1598 16 6 0 20 0 1 0 11 21 91 49 44 1 0 1 13 8 2 0 18 443 1 6 55 17 1 1 0 1 0 4 0 0 0 0 0 5 16 11 11 21 52 15 18 50 88 47 51 43 27 13 33 4 4 17 10 6 3 70 23 125 14 1 159 317 26 98 10 4 15 3 8 1 57 27 68 2 0 1 1 0 2 0 0 0 2 6 0 4 3 31 8 12 3 2 17 8 64 43 5 7 0 0 10 0 19 142 18 22 0 29 0 0 3 19 3 2 6 10 1 0 21 3 1 23
32 10 35 12 30 57 14 10 5 20 2 99 150 10 109 291 816 3055 6065 234 273 1413 834 199 766 45 70 59 206 81 93 229 1436 2310 27 2 763 9914 286 204 1273 45 160 1339 75 1050 714 20 15 27 9 28 42 47 16 25 96 1368 616 516 1130 11 52 127 96 30 147 1146 312 10 7 140 5040 599 3007 66 49 142 212 18 20 58 80 157 455 290 180 26 54 45 888 12 5 1 50 1038 16 6 338 76 7 14 16 20 10 31 6 3 5 10 9 25 316 112 137 300 336 146 110 226 775 635 495 264 143 68 207 7 56 114 63 16 35 540 101 870 149 36 1147 1729 72 515 45 19 108 33 30 9 460 141 343 3 5 4 0 4 4 5 0 6 12 46 1 19 28 120 44 70 38 17 88 50 333 275 18 76 5 6 117 5 140 968 267 169 9 228 2 1 6 47 30 15 29 71 8 2 118 26 14 90
22 3 5 3 53 28 4 2 0 1 1 16 11 193 1478 3754 195 9500 207 221 22 52 135 453 36 4 458 6847 189 88 128 11 81 135 44 8 572 286 13512 26 740 131 220 19 10 526 89 37 23 3 2 0 14 12 11 6 147 183 63 32 12102 14 55 328 1714 17 73 297 7546 4 3 8 85 4 846 477 3 1 13 0 2 0 21 45 41 48 37 4 11 1 105 12 1 2 26 455 1 4 36 39 1 3 1 1 0 0 0 0 0 0 1 0 5 195 407 15 25 164 3 2044 55 528 13 10 6 11 6 55 8 75 48 12 2 11 8 21 5 2 54 95 1302 19 437 46 12 164 117 73 53 1882 33 1 5 7 1 0 0 0 0 1 2 15 0 12 4 17 145 258 13 33 13 18 20 13 3 170 0 2 162 3 2 19 16 24 5 7 0 4 2 1 6 7 8 43 0 1 2 7 4 6
16 5 21 9 7 18 4 4 5 5 1 12 0 962 978 338 399 209 265 453 76 1407 1935 6279 4207 1556 1841 91 49 6 27 1 10 73 3310 238 542 204 26 6204 438 33 366 33 0 28 5649 10 4 0 1 2 44 55 9 9 99 19 407 8 30 4 48 232 68 1 207 313 36 4 1 16 110 44 50 2 15 0 45 0 0 0 60 222 358 469 211 0 2 2 2 5 1 1 31 27 9 5 556 82 0 0 1 0 0 0 0 0 0 0 0 0 126 27 34 137 132 136 64 49 434 423 454 13 7 17 37 3 7 51 5 0 1 28 6 49 59 12 300 535 9 118 6 5 26 9 0 2 184 18 35 0 1 0 1 0 1 0 0 0 0 1 0 1 0 13 7 11 14 2 2 3 13 12 7 8 1 0 14 0 6 93 30 5 0 7 0 0 1 1 1 1 5 3 0 0 3 1 0 3
1324 501 1437 881 188 1110 204 449 46 351 35 1046 17 831 3255 2290 1549 2429 1001 2151 887 836 7106 4506 169 710 807 307 255 207 141 120 335 349 44 40 2078 1273 740 438 7275 3745 1884 123 71 805 151 455 2100 228 397 436 70 66 1089 634 164 77 44 11 893 463 319 229 147 93 143 185 296 603 347 261 635 60 667 551 147 5 308 21 681 12 841 131 871 126 59 335 744 185 1697 2013 497 419 1312 509 120 118 129 112 8 8 12 30 7 46 3 1 5 44 28 55 11 16 29 12 24 20 2 177 24 107 23 35 22 2 9 3 3 10 26 4 30 166 6 167 0 1 81 140 76 33 34 12 24 53 71 3 26 267 39 35 58 5 2 55 13 1 16 69 5 15 2 8 14 10 102 47 38 34 23 16 90 31 74 180 13 27 477 78 149 150 39 54 123 150 23 43 167 11 11 252 55 32 34 4 20 5 2 22
14 5 8 3 6 3 1 1 0 4 0 5 7 20 95 191 32 369 145 85 4 59 1362 6575 25 8 183 67 15 8 9 2 5 6 3 0 28 45 131 33 3745 5616 5503 18 17 721 26 88 1405 51 1 1 3 4 27 14 16 3 4 0 794 72 97 80 46 73 20 12 137 69 31 2 30 1 26 191 3 0 1 0 29 1 26 10 26 25 7 38 76 54 1203 202 10 25 244 19 2 1 17 3 0 0 0 0 0 0 0 0 0 0 0 0 1 2 20 3 3 9 2 54 5 26 3 0 0 1 2 0 0 2 1 0 0 1 1 3 0 0 3 12 25 5 15 5 1 30 82 5 2 250 2 5 11 3 1 12 0 0 1 6 0 1 0 0 0 0 74 74 20 31 0 2 0 3 39 132 1 12 360 39 1 0 1 0 39 3 2 14 25 0 0 80 16 0 0 1 0 0 0 0
32 10 29 15 7 29 8 4 4 2 0 14 24 31 224 362 151 1118 489 421 89 849 1530 1951 618 62 356 99 104 29 27 4 19 11 48 5 95 160 220 366 1884 5503 5657 68 64 2060 575 390 2718 233 3 5 43 56 35 27 128 3 32 2 3023 309 1684 4611 263 217 206 52 804 190 85 12 102 20 60 1083 38 0 45 2 89 1 83 189 335 374 87 129 325 178 4808 414 22 113 2260 60 11 6 366 54 0 0 0 0 0 1 1 0 0 0 0 0 24 11 52 18 21 19 6 210 67 110 60 2 0 2 7 2 3 11 4 0 0 8 2 8 11 0 59 75 67 27 46 20 4 92 174 3 39 576 12 35 59 6 3 65 2 0 3 25 1 1 0 2 0 2 255 153 70 80 7 3 6 3 118 401 10 21 1190 147 3 23 10 6 179 10 12 53 97 4 0 340 64 0 1 0 2 2 2 0
2 0 8 2 0 2 4 1 18 8 0 2 7298 4 8 11 25 856 4655 34 16 102 62 39 74 14 16 15 1 0 0 2 6 5 4 0 10 1339 19 33 123 18 68 6802 3101 1634 106 32 18 582 29 131 2 1 1 0 1 2 8 1 243 8 35 30 11 461 3 45 59 6 14 82 2879 3890 9 44 1197 2498 5226 88 111 503 2 0 15 8 16 266 297 693 2804 7 2 5 48 4 82 30 13 2 0 4 1 2 0 4 0 0 2 0 0 2 228 142 492 238 126 226 70 785 684 1685 416 48 32 41 85 11 34 126 14 5 4 85 16 118 88 26 573 673 176 241 59 14 47 54 39 50 405 303 87 13 14 4 1 10 6 2 9 24 0 8 0 3 3 33 68 104 39 107 16 14 28 51 39 115 6 7 353 23 25 343 397 22 45 73 8 11 31 12 4 75 22 15 2 2 36 9 5 18
4 1 1 3 0 0 4 7 152 6 0 4 5554 1 1 2 16 14 263 13 1 7 5 12 4 0 4 19 2 1 1 0 1 2 0 0 0 75 10 0 71 17 64 3101 12198 1939 1 57 26 3106 4 26 8 2 3 0 0 0 0 0 44 27 41 12 63 2090 1 2 107 12 37 58 179 372 1 74 1694 436 545 24 197 221 1 5 3 1 2 352 912 3158 2616 15 1 1 80 2 617 171 2 1 0 1 0 1 0 0 1 1 0 2 1 1 1 6 50 0 3 7 1 132 7 24 5 2 0 2 3 5 0 6 5 1 0 4 1 1 2 2 12 9 17 12 29 24 4 170 317 3 18 900 9 40 80 4 3 60 6 3 10 44 0 1 0 2 0 2 559 275 69 216 6 2 4 1 140 847 14 35 2312 182 3 7 9 4 187 9 15 74 122 4 2 472 88 1 1 0 1 1 2 1
8 1 8 6 5 9 3 3 6 2 0 5 7698 38 101 69 157 964 3189 197 9 64 47 1232 51 5 349 1151 43 8 19 2 24 6 15 0 21 1050 526 28 805 721 2060 1634 1939 4036 50 72 71 25 2 4 10 22 33 20 69 4 13 0 1052 42 144 1774 1417 1998 76 22 730 31 11 12 695 222 33 108 85 13 146 0 13 6 34 52 69 96 12 27 75 49 2260 42 5 23 157 15 33 17 98 35 0 4 0 0 1 1 0 0 0 0 0 0 26 226 1438 55 25 142 8 2246 193 735 52 15 15 23 19 107 8 149 50 17 1 9 10 16 19 16 105 133 1140 97 1025 130 27 716 2417 242 120 7340 69 25 30 26 10 16 2 2 2 14 6 24 0 8 5 28 951 1429 155 713 39 35 41 59 57 1386 3 18 2066 52 2 15 29 44 52 12 9 20 32 27 8 93 81 26 2 2 13 28 21 10
4 5 4 2 4 9 5 3 4 7 1 14 0 263 275 99 249 165 87 76 64 291 306 2210 1326 111 1187 361 57 17 47 2 46 517 764 132 1165 714 89 5649 151 26 575 106 1 50 3055 14 7 3 3 4 34 54 3 3 206 18 535 50 70 9 152 603 523 2 198 1361 179 10 3 30 486 63 197 5 27 1 176 1 3 2 34 118 143 259 2386 4 3 1 18 5 1 3 76 38 12 3 298 244 1 2 1 2 2 3 0 0 0 0 2 3 48 18 13 56 134 32 41 40 252 119 214 34 12 12 45 0 10 22 15 0 2 62 17 167 31 6 352 662 9 109 4 4 25 9 5 0 117 30 72 0 1 0 1 0 0 1 0 1 3 5 0 3 11 21 6 9 13 3 12 8 39 34 6 13 1 1 16 0 22 176 63 18 1 22 0 0 1 4 3 4 10 5 2 2 17 6 5 12
26 1 30 10 13 17 5 12 4 3 1 16 15 22 57 42 8 41 55 16 9 24 21 28 17 1 13 62 179 58 58 8 24 8 1 1 6 20 37 10 455 88 390 32 57 72 14 15721 297 239 14 33 20 28 12 8 164 6 2 2 716 13754 4707 209 349 35 137 20 6580 2013 5189 6 26 7 115 13338 17 1 13 14 1276 39 25 60 37 58 7 1500 3349 244 2154 403 28 171 787 118 8 8 28 36 1 0 1 1 0 0 0 3 1 0 0 0 0 4 7 0 2 7 1 24 8 11 3 2 5 3 8 0 3 3 2 1 2 2 0 2 1 1 12 13 13 11 7 49 13 261 153 10 37 87 6 509 1053 58 52 542 40 11 57 397 1 4 0 0 0 3 115 107 440 59 6 3 3 3 843 475 127 433 1559 358 4 37 31 3 1153 53 359 326 1653 5 7 3234 582 0 17 3 4 3 3 0
44 21 43 12 7 13 13 25 1 8 0 8 5 5 36 69 18 129 66 70 5 34 170 249 14 1 17 7 12 8 3 0 12 3 3 0 7 15 23 4 2100 1405 2718 18 26 71 7 297 7127 91 100 16 2 1 11 11 7 1 1 0 147 573 113 33 7 20 9 3 39 452 187 1 6 5 18 227 12 0 8 1 188 4 27 5 19 9 4 142 457 88 460 6891 224 1534 4953 8 7 2 12 5 0 0 0 0 0 0 0 0 0 0 0 0 0 1 2 1 0 4 0 12 3 5 2 1 1 1 1 0 0 1 0 0 0 2 0 1 0 0 3 3 5 1 1 2 0 14 15 1 2 24 0 18 35 0 0 13 4 0 2 13 1 1 0 0 0 1 22 8 21 7 2 0 2 1 24 36 5 12 141 16 0 3 1 1 61 3 8 16 82 2 0 137 12 0 1 0 0 1 0 0
5 2 11 2 4 3 5 7 117 9 2 1 68 0 2 8 4 8 60 4 0 8 9 13 2 0 2 3 3 0 1 1 3 1 0 0 0 27 3 0 228 51 233 582 3106 25 3 239 91 8543 101 945 8 2 11 4 4 0 0 1 28 111 174 20 6 1757 5 1 164 54 70 22 66 624 7 216 1249 357 211 890 718 6464 13 5 2 5 1 1558 1964 5230 1096 59 0 16 286 3 461 108 0 0 0 0 1 3 0 0 0 3 1 1 1 0 0 0 3 1 2 1 0 6 7 2 0 1 1 0 1 0 0 0 3 1 0 0 0 1 0 0 5 2 2 0 1 8 4 30 52 1 6 25 0 75 158 17 6 109 59 5 56 175 0 1 0 0 0 0 25 22 65 36 1 2 0 0 125 109 26 69 520 104 3 4 3 0 208 10 84 242 429 0 0 684 79 0 1 1 1 0 0 0
165 45 143 33 15 37 60 74 15 36 0 17 2 0 1 1 0 2 1 2 3 3 3 2 4 0 0 1 55 30 7 3 8 3 0 0 0 9 2 1 397 1 3 29 4 2 3 14 100 101 12494 13235 51 22 554 116 7 1 0 0 5 44 5 2 6 158 22 1 8 574 38 3 14 120 22 2 68 11 17 714 2656 129 658 39 74 5 4 152 23 7 11 4236 5789 338 188 28 32 27 4 4 0 0 0 1 0 0 0 0 0 1 0 1 0 0 0 0 0 0 0 0 0 0 0 2 0 0 0 0 0 0 0 0 0 4 1 6 0 0 2 5 0 0 0 0 2 1 0 0 0 0 1 9 20 3 0 5 386 11 384 466 2 0 0 0 0 0 0 0 2 3 0 0 0 0 0 2 59 34 17 1 2 3 7 2 2 6 22 14 139 0 1 42 3 2 5 0 1 0 0 0
371 70 280 68 36 64 131 196 64 57 0 68 6 0 1 0 4 1 15 3 5 3 0 3 12 0 1 4 181 59 29 6 28 8 0 0 0 28 0 2 436 1 5 131 26 4 4 33 16 945 13235 24936 128 71 1275 210 24 4 0 0 2 28 20 2 9 977 47 4 12 252 50 20 63 748 70 20 472 66 135 9108 6360 1627 1517 94 174 22 9 1698 337 104 30 1915 3154 37 22 48 229 101 10 15 1 0 3 1 1 2 0 11 0 3 0 0 0 0 1 0 1 0 0 1 1 1 0 2 2 0 1 0 0 0 2 0 0 22 2 15 0 0 6 13 1 2 0 14 4 5 19 1 7 4 2 75 102 13 1 50 3236 95 3933 3128 14 0 2 0 1 2 2 1 3 43 2 1 10 2 13 1 449 252 88 3 16 16 39 4 8 63 329 87 1037 0 6 274 29 2 14 2 0 1 0 0
1576 192 657 192 329 287 1103 633 95 257 39 272 0 2 2 2 2 6 0 1 17 24 9 22 67 7 34 23 4193 455 213 23 102 40 5 0 12 42 14 44 70 3 43 2 8 10 34 20 2 8 51 128 6932 5526 3483 22 237 12 1 0 22 11 133 41 87 7 887 14 107 26 4 100 50 25 370 8 81 9 106 9 49 4 1570 1278 221 121 91 7 5 6 16 47 49 5 29 310 139 7499 139 204 3 1 7 7 2 10 4 0 3 14 11 15 0 1 1 1 5 1 0 4 4 0 0 5 1 0 1 0 0 1 6 0 6 63 1 50 0 0 22 44 0 7 1 3 5 0 4 0 3 4 14 0 1 0 0 1 4 0 5 9 0 4 1 2 3 2 2 0 1 0 4 3 28 7 0 2 0 2 17 0 31 47 10 14 0 40 1 0 1 1 3 3 0 6 10 1 2 0 0 3
1389 200 601 233 316 326 985 447 46 163 13 243 0 2 2 7 6 4 3 0 14 24 17 23 132 3 36 28 6791 533 271 28 114 48 4 0 17 47 12 55 66 4 56 1 2 22 54 28 1 2 22 71 5526 6288 912 12 362 14 0 1 25 17 196 64 118 2 1895 20 166 19 3 96 46 8 383 10 39 1 103 2 24 3 957 4551 164 142 132 0 3 1 18 21 19 9 56 354 64 3138 186 299 1 2 1 8 1 21 0 0 6 12 6 20 0 0 1 1 5 1 0 4 0 2 0 5 2 1 3 0 2 0 6 0 10 54 3 59 0 0 19 24 1 4 0 1 4 0 0 0 2 16 7 1 1 0 0 0 1 0 1 3 1 1 0 1 1 0 7 4 0 1 1 4 30 8 2 7 0 2 10 0 41 48 2 13 1 37 1 0 0 2 2 2 0 6 10 1 11 1 1 3
534 71 247 77 81 93 335 243 32 104 19 89 3 3 4 5 3 20 8 2 4 5 12 47 18 2 8 9 920 122 38 6 33 14 0 0 6 16 11 9 1089 27 35 1 3 33 3 12 11 11 554 1275 3483 912 20164 420 56 6 0 1 40 8 25 18 17 35 193 6 35 47 5 31 17 17 82 7 42 7 37 58 390 17 3610 157 118 32 20 28 12 4 46 472 187 7 24 85 48 1705 22 43 1 1 3 2 0 4 0 2 1 3 0 3 0 1 0 0 1 0 1 6 2 2 0 3 1 0 1 0 0 0 4 1 1 17 1 17 0 0 4 12 1 2 2 0 3 0 3 0 1 13 6 4 6 0 0 2 25 2 21 50 0 0 0 2 2 0 2 0 1 1 0 2 11 5 3 4 7 6 13 1 15 9 4 2 2 15 1 1 20 0 0 5 0 3 5 1 3 0 0 1
269 87 260 118 38 139 52 109 6 58 4 125 0 0 1 3 1 6 2 1 666 38 12 24 19 1 1 1 50 40 21 17 26 15 2 0 1 25 6 9 634 14 27 0 0 20 3 8 11 4 116 210 22 12 420 1226 8 5 0 0 18 5 19 11 12 6 22 3 16 18 4 28 28 5 90 5 8 0 37 8 70 2 4072 31 3835 27 10 2 4 2 14 131 79 5 13 60 9 21 19 18 0 0 4 2 0 4 1 0 1 3 5 5 0 1 0 0 3 0 0 1 1 0 0 0 2 0 1 0 1 0 1 1 1 17 0 15 0 0 2 15 0 1 0 1 1 1 0 0 0 2 2 0 2 0 0 0 8 0 4 8 0 0 0 0 3 0 1 3 0 0 2 2 11 0 0 3 0 0 6 1 15 14 4 8 0 14 1 0 5 1 1 2 1 1 5 0 4 0 0 0
179 103 169 296 1886 316 50 41 9 41 4 176 0 36 32 31 18 33 10 7 36 48 54 65 316 5 206 325 2841 3276 7085 69 211 117 25 3 63 96 147 99 164 16 128 1 0 69 206 164 7 4 7 24 237 362 56 8 5626 33 10 2 96 113 893 169 871 7 7773 258 1145 33 11 156 87 7 3883 39 59 0 179 2 10 0 172 989 236 749 983 3 10 4 54 8 11 8 146 1739 18 42 1655 9105 3 3 12 21 7 32 2 5 5 29 15 25 1 3 8 0 7 6 1 24 10 13 3 28 11 0 2 1 0 4 12 2 16 122 1 88 0 0 27 43 5 7 4 3 10 12 16 1 2 44 28 3 2 2 0 3 0 2 4 2 5 14 0 6 16 1 19 11 4 4 14 9 57 16 6 29 2 3 66 7 121 66 10 46 7 75 1 2 3 4 8 17 3 12 12 2 15 4 1 5
6 7 16 2 5 19 3 1 4 7 1 83 0 125 81 80 45 39 5 5 17 36 20 7 13 0 26 201 77 7 20 2488 1691 7293 28 14 793 1368 183 19 77 3 3 2 0 4 18 6 1 0 1 4 12 14 6 5 33 3018 548 2142 20 1 7 5 149 1 35 2127 177 1 0 336 416 6 3201 4 16 2 262 0 3 0 29 26 48 28 47 0 1 0 3 6 1 2 0 401 3 6 12 12 2 0 3 1 1 5 1 1 0 2 1 4 1 3 3 1 11 3 1 14 9 9 4 10 9 4 3 0 2 0 4 1 4 36 6 83 1 0 60 114 4 19 3 1 3 0 0 0 3 11 14 0 2 0 0 0 0 0 0 1 2 3 0 1 4 5 2 0 2 1 7 3 19 6 1 4 2 0 4 0 18 34 7 10 0 14 0 0 0 1 2 1 0 4 1 1 5 0 1 4
1 1 0 0 1 0 0 0 0 0 0 3 0 636 298 34 90 31 4 17 7 57 26 95 8 2 266 256 9 3 6 1 5 3542 1286 652 4231 616 63 407 44 4 32 8 0 13 535 2 1 0 0 0 1 0 0 0 10 548 4952 1913 12 4 17 77 288 0 4 585 102 1 1 1 16 5 189 2 0 0 8 0 0 0 0 1 7 9 2 0 0 0 3 0 0 0 3 21 0 0 6 1 0 0 0 0 0 0 0 0 0 0 0 0 8 6 4 16 25 8 10 12 53 23 53 8 3 3 6 0 1 7 3 1 1 10 3 24 4 0 82 134 4 34 2 4 5 2 3 0 28 11 11 1 0 0 0 0 0 0 0 1 0 1 0 0 0 5 3 4 2 0 1 1 8 6 0 6 0 0 6 0 0 20 9 3 0 5 0 0 0 0 2 0 1 3 0 0 1 2 0 4
0 0 0 0 1 1 0 0 0 0 0 2 0 25 16 11 12 7 0 0 2 8 12 1 6 0 10 30 4 5 8 0 9 3785 27 34 631 516 32 8 11 0 2 1 0 0 50 2 0 1 0 0 0 1 1 0 2 2142 1913 637 3 0 0 1 19 0 1 1253 32 0 0 3 6 0 636 0 0 0 8 0 0 0 2 1 3 4 3 0 0 0 0 0 0 0 1 25 0 0 6 4 0 0 0 0 0 0 0 0 0 0 0 3 0 0 1 0 5 0 0 2 2 2 1 1 0 1 0 0 1 1 0 1 0 8 2 16 0 0 6 9 2 4 0 0 3 0 0 0 4 2 5 0 0 0 0 0 0 0 0 0 0 0 0 0 0 2 0 1 1 0 0 0 7 5 0 1 0 0 1 0 1 6 0 3 0 2 0 0 0 0 1 0 0 2 0 0 2 0 0 1
18 5 9 5 13 29 7 5 2 4 0 18 11 31 151 123 255 4806 325 318 15 129 94 1031 79 3 223 876 101 37 38 7 110 7 15 5 90 1130 12102 30 893 794 3023 243 44 1052 70 716 147 28 5 2 22 25 40 18 96 20 12 3 9526 303 756 2083 1383 42 122 40 9107 168 135 17 616 7 219 5050 5 0 37 0 58 1 45 77 104 139 21 46 146 25 5736 98 15 63 600 239 6 3 124 49 1 0 0 0 0 1 0 3 0 1 0 0 9 78 368 22 11 34 3 460 53 133 20 4 9 14 3 31 5 37 20 5 0 7 7 14 5 2 51 56 302 51 349 33 9 303 978 40 51 1936 35 24 46 10 7 61 2 1 4 12 4 8 0 1 0 8 430 650 90 59 15 13 14 24 93 898 9 22 1190 76 1 25 10 22 98 22 6 21 52 13 4 218 78 11 5 2 7 10 5 4
31 8 23 10 10 8 2 10 4 6 1 8 4 7 39 29 6 32 42 19 12 53 48 38 31 1 11 24 137 31 34 5 10 6 0 1 8 11 14 4 463 72 309 8 27 42 9 13754 573 111 44 28 11 17 8 5 113 1 4 0 303 15258 5478 212 177 17 96 9 1499 8163 3206 6 7 8 47 1777 9 0 1 15 465 43 36 60 52 58 11 277 506 91 739 890 198 2694 4072 57 5 1 39 14 1 0 0 1 0 0 0 1 0 1 0 0 0 1 7 4 1 3 1 14 7 8 3 2 2 1 4 0 0 3 1 0 0 4 0 4 0 0 13 3 3 5 3 11 4 101 72 4 20 36 1 485 831 17 22 315 32 11 41 372 1 0 0 1 0 0 37 44 256 25 2 4 2 3 382 203 100 470 726 153 1 15 14 1 519 20 297 168 1593 1 0 1834 275 0 3 2 1 0 0 2
49 14 31 22 49 55 14 10 6 9 0 30 6 101 270 182 31 229 113 94 81 561 183 164 311 9 98 237 872 163 183 7 23 13 13 5 37 52 55 48 319 97 1684 35 41 144 152 4707 113 174 5 20 133 196 25 19 893 7 17 0 756 5478 21848 7551 5413 73 907 69 4034 2444 109 20 48 16 236 1086 25 0 34 5 82 4 169 505 496 623 90 81 346 110 2144 124 33 352 3197 185 12 15 494 163 0 0 1 0 0 0 1 1 0 0 0 3 9 5 8 11 10 7 2 27 30 46 25 2 2 2 2 0 1 3 1 0 0 9 2 12 5 0 25 53 8 17 6 20 8 120 103 2 26 118 6 117 197 10 14 143 3 2 12 68 2 2 0 0 0 0 131 91 141 46 4 7 1 3 278 410 19 83 1270 271 4 19 8 1 418 17 59 86 263 0 1 821 177 1 2 1 4 1 0 2
10 7 10 10 7 28 4 8 2 4 1 16 26 96 171 164 60 916 226 102 45 356 191 876 470 15 1978 1783 104 19 34 4 18 15 132 12 50 127 328 232 229 80 4611 30 12 1774 603 209 33 20 2 2 41 64 18 11 169 5 77 1 2083 212 7551 6459 4156 42 262 134 2016 95 11 9 77 7 62 188 17 0 34 0 7 0 53 217 265 395 78 7 33 5 841 22 6 20 1037 34 5 3 450 102 0 1 1 2 0 0 0 0 0 0 1 1 20 26 69 14 22 26 8 349 81 120 49 2 5 6 3 2 4 9 5 0 0 10 4 20 5 2 52 86 156 22 75 6 4 50 154 10 22 681 14 6 5 2 1 6 1 1 1 6 2 2 0 0 1 3 173 108 19 28 2 5 10 8 24 229 1 6 358 25 3 16 10 7 24 6 0 7 10 3 1 52 18 6 1 0 3 3 3 2
32 11 35 27 80 65 8 6 5 8 1 51 16 608 1576 907 48 931 113 36 26 134 33 263 175 4 658 5441 582 173 356 31 72 92 129 37 134 96 1714 68 147 46 263 11 63 1417 523 349 7 6 6 9 87 118 17 12 871 149 288 19 1383 177 5413 4156 9161 57 685 848 6955 54 35 21 57 17 999 292 20 1 36 2 15 0 109 344 222 494 127 5 16 2 310 19 8 7 238 451 9 12 477 316 0 1 1 1 1 1 1 0 0 2 0 2 9 31 155 15 14 39 4 676 42 117 25 6 7 7 3 21 2 31 16 4 2 16 4 23 5 3 47 83 302 39 171 34 5 158 457 20 27 1650 23 6 13 6 1 12 0 0 2 4 1 8 0 4 1 9 455 329 49 57 10 9 16 24 39 628 2 8 784 34 7 17 5 22 33 14 1 8 15 6 2 52 25 11 2 0 12 6 6 5
2 3 1 1 0 3 1 2 51 3 0 4 2211 0 3 8 2 260 584 4 2 6 4 29 3 0 6 14 8 2 1 0 0 0 1 0 0 30 17 1 93 73 217 461 2090 1998 2 35 20 1757 158 977 7 2 35 6 7 1 0 0 42 17 73 42 57 2088 7 1 117 21 12 12 45 493 1 31 707 790 121 765 336 2278 20 2 5 4 2 727 345 990 2016 36 2 4 84 1 193 46 6 3 0 0 0 0 0 0 0 2 0 0 0 0 2 18 145 2 0 6 0 184 15 80 6 1 3 4 2 4 1 9 2 0 0 0 0 0 3 0 12 10 48 5 64 16 1 81 187 52 21 746 5 11 28 5 4 39 55 0 41 96 0 1 0 0 0 3 91 121 17 598 1 4 2 6 33 171 13 23 709 24 3 7 6 5 59 2 11 21 79 1 2 129 28 4 1 1 2 2 1 1
691 290 644 487 534 575 138 220 29 142 18 517 1 15 22 26 8 33 6 7 14 92 62 128 609 18 223 192 3970 455 1343 102 346 135 30 1 33 147 73 207 143 20 206 3 1 76 198 137 9 5 22 47 887 1895 193 22 7773 35 4 1 122 96 907 262 685 7 7176 150 839 51 11 247 192 42 2019 39 112 4 312 1 23 1 544 3234 403 1555 880 5 15 4 82 30 25 7 240 964 74 116 1034 2356 4 6 22 18 5 33 6 3 9 31 22 34 1 4 5 0 14 4 0 30 6 10 3 32 20 2 4 0 2 4 11 2 16 175 10 171 0 1 49 79 12 16 4 7 14 3 17 0 4 51 27 2 1 0 0 3 1 1 2 4 6 16 0 3 16 7 21 8 5 5 15 5 85 35 4 33 2 2 62 7 142 122 16 57 10 115 1 1 6 4 10 22 3 20 27 7 14 4 2 10
5 5 8 6 16 9 3 1 5 5 1 9 1 517 371 127 110 75 18 18 85 268 131 159 55 8 366 750 94 21 121 3 27 2995 255 97 1695 1146 297 313 185 12 52 45 2 22 1361 20 3 1 1 4 14 20 6 3 258 2127 585 1253 40 9 69 134 848 1 150 3658 561 3 0 23 272 41 3118 11 31 1 182 0 4 2 22 61 144 106 931 0 0 0 9 4 1 2 8 53 12 3 96 200 2 1 4 3 0 7 0 0 0 1 0 6 10 6 10 24 131 24 14 39 106 47 81 45 20 11 23 0 5 8 16 6 6 123 30 242 14 7 312 607 12 78 3 1 18 7 4 1 69 26 56 1 0 0 1 1 1 0 0 0 1 16 0 2 4 21 6 13 5 0 15 16 70 37 5 17 2 2 27 0 16 211 43 27 1 20 0 0 4 5 5 2 2 13 0 0 13 5 5 13
95 14 37 29 179 197 30 15 3 9 2 176 19 489 1467 1172 122 1906 111 81 44 140 55 136 104 2 147 1603 1292 567 634 119 330 160 35 19 184 312 7546 36 296 137 804 59 107 730 179 6580 39 164 8 12 107 166 35 16 1145 177 102 32 9107 1499 4034 2016 6955 117 839 561 17255 545 427 51 192 18 2170 13354 15 0 43 2 112 4 129 415 288 410 116 81 221 46 2479 44 17 47 570 1741 10 22 276 294 0 0 1 1 2 2 0 1 2 1 1 0 5 27 187 13 18 19 4 381 49 45 16 7 11 9 11 11 2 18 10 3 2 28 4 22 9 4 61 79 109 41 178 62 9 474 1163 10 46 2145 27 82 165 17 11 240 5 0 5 52 2 11 0 2 0 12 1197 864 302 131 23 15 22 29 499 2316 19 70 3889 475 8 50 16 15 628 32 16 124 176 11 4 995 293 8 5 0 13 6 9 7
95 25 93 25 14 26 25 38 2 25 0 17 2 4 23 32 9 22 30 30 13 63 62 35 31 2 8 18 67 35 19 2 7 5 1 0 5 10 4 4 603 69 190 6 12 31 10 2013 452 54 574 252 26 19 47 18 33 1 1 0 168 8163 2444 95 54 21 51 3 545 4046 1104 6 11 5 42 465 6 0 13 23 1217 42 102 35 72 33 10 159 198 57 444 1960 3187 2862 2375 32 5 7 37 8 0 1 0 0 0 0 0 1 1 1 0 1 2 0 4 1 0 2 0 5 2 9 6 1 1 0 3 1 2 1 0 1 0 3 0 1 1 0 7 7 5 1 4 8 2 26 19 0 7 16 1 136 239 12 8 101 61 4 92 533 0 0 0 1 2 0 21 13 66 11 2 1 1 0 103 91 113 276 311 68 1 6 3 0 148 7 206 55 829 0 4 579 102 0 1 0 1 0 0 0
32 13 32 11 4 8 3 18 1 11 0 6 8 0 7 1 1 10 8 3 2 8 6 13 4 0 4 4 22 8 8 0 4 4 0 0 1 7 3 1 347 31 85 14 37 11 3 5189 187 70 38 50 4 3 5 4 11 0 1 0 135 3206 109 11 35 12 11 0 427 1104 5753 3 3 7 15 1348 12 0 5 11 8366 113 22 5 11 3 0 1122 548 98 456 707 291 352 375 12 4 1 2 5 1 0 0 1 0 1 1 4 0 0 0 0 0 0 4 0 0 1 0 4 0 0 0 1 1 0 2 0 0 0 1 1 0 1 0 1 0 0 2 4 1 1 2 14 4 25 39 2 10 11 0 223 269 20 2 101 91 8 135 972 2 1 0 0 0 0 11 8 50 15 1 0 0 1 69 34 181 530 180 45 0 6 10 0 88 27 399 75 1490 0 4 581 78 0 3 0 0 0 0 0
190 244 1011 476 38 873 66 123 223 1296 440 1662 30 0 0 3 4 22 7 3 263 518 71 15 176 4 4 6 338 107 27 992 4934 140 0 0 9 140 8 16 261 2 12 82 58 12 30 6 1 22 3 20 100 96 31 28 156 336 1 3 17 6 20 9 21 12 247 23 51 6 3 4692 563 291 973 3 2615 132 2725 4 13 35 126 261 623 346 44 15 16 15 32 22 15 3 11 2102 2177 410 278 47 36 19 109 165 36 362 38 13 87 273 240 429 4 3 5 5 35 3 2 5 17 11 7 113 61 10 20 0 5 3 76 15 117 621 28 448 2 1 175 325 5 45 4 15 69 4 5 0 31 9 102 1 1 2 0 1 2 6 1 9 25 79 5 46 44 19 1 2 3 0 77 61 185 76 4 11 4 1 8 1 573 470 98 147 1 513 1 1 5 15 45 4 7 97 208 32 89 12 2 30
