44733 14398 14623 18795 3915 9738 8441 12216 291 2208 453 4783 0 3 0 0 1 1 0 1 59 31 4 1 14 0 1 0 6848 6024 250 11 13 2 1 0 5 1 1 1 397 2 3 1 0 4 5 1 12 0 30 63 1357 1157 511 87 90 2 0 3 1 4 3 3 3 0 171 2 3 16 7 49 10 72 19 1 14 0 22 2 54 1 1878 375 585 65 11 10 5 0 3 144 93 23 8 72 195 1487 20 13 79 10 87 42 21 110 86 85 93 71 56 417 0 0 0 0 1 0 1 1 1 0 0 3 5 0 1 0 0 0 45 4 39 176 3 86 1 0 14 7 0 3 0 9 29 0 0 0 3 2 3 0 0 1 0 0 1 0 2 1 7 18 5 46 40 1 0 0 0 0 18 9 5 4 0 0 0 0 0 0 196 50 5 3 0 28 1 0 2 2 29 0 0 20 137 31 25 2 2 1
14398 14074 7176 16665 1803 3824 114 113 19 198 43 1112 0 1 0 0 1 1 0 1 25 2 0 0 4 0 1 0 580 1681 46 2 2 0 0 0 0 1 0 1 179 0 1 0 0 1 0 0 1 0 4 18 197 292 78 33 108 0 0 0 0 0 1 0 0 0 112 1 0 0 1 12 2 44 8 0 3 0 1 0 10 0 432 142 248 29 1 0 0 0 0 26 12 3 0 15 58 62 6 9 17 4 16 5 3 22 15 7 22 8 11 70 0 0 0 0 0 1 0 0 0 0 0 2 3 0 0 0 0 0 7 1 11 41 1 25 0 0 4 1 0 0 0 2 5 0 0 0 0 0 0 0 0 0 0 0 0 0 0 0 1 5 1 11 10 1 0 0 0 1 8 2 1 0 0 0 0 0 0 0 38 7 2 0 0 10 0 0 1 0 19 0 0 7 17 5 5 0 0 0
14623 7176 28475 10400 121 1989 608 9371 305 5016 232 31417 0 2 0 0 0 2 2 2 78 24 5 1 25 1 5 0 1318 198 53 8 10 3 0 1 1 6 1 5 578 1 4 3 0 1 4 2 22 4 54 89 874 923 434 202 93 6 0 0 1 2 6 3 2 0 242 2 3 17 4 33 10 161 21 0 22 1 17 5 76 2 1811 443 853 91 15 16 5 0 3 219 123 30 10 51 465 298 19 10 194 30 189 85 41 317 183 137 244 129 131 924 0 0 2 0 2 3 1 1 4 2 1 19 14 1 0 0 0 1 125 14 86 416 12 215 0 0 31 17 0 1 0 13 40 1 1 0 4 1 2 0 0 3 1 0 3 7 2 0 42 29 12 130 83 2 0 1 0 0 39 22 9 4 0 3 1 1 0 0 469 91 12 2 0 68 0 0 5 4 79 0 0 44 334 66 40 3 0 0
18795 16665 10400 20933 6292 9960 685 865 129 632 76 4138 0 3 2 0 0 1 1 2 106 35 5 2 7 1 1 0 2034 3336 344 11 11 1 0 1 4 3 1 4 479 1 1 0 0 2 4 0 4 0 12 41 539 732 203 127 330 1 0 0 5 2 7 0 3 0 311 1 6 10 2 43 8 126 29 0 27 0 26 1 30 0 1146 380 681 85 7 10 1 0 1 106 48 18 4 46 221 295 18 29 44 17 54 28 15 102 37 37 78 43 28 331 0 0 0 0 3 1 0 1 4 0 0 14 11 0 0 0 0 0 51 3 39 154 8 132 0 0 20 7 0 0 1 9 26 0 0 0 4 3 1 0 0 1 0 0 1 4 1 1 11 18 1 46 35 4 1 0 0 0 23 6 8 1 0 2 0 0 1 0 138 42 12 1 0 38 0 0 2 4 55 0 1 23 80 18 27 3 0 1
3915 1803 121 6292 12904 4793 673 121 68 105 37 2207 1 42 21 8 4 10 3 4 255 188 20 4 32 2 13 21 9118 10386 7299 293 209 56 5 1 29 35 18 8 470 1 11 1 2 9 11 4 8 0 19 38 981 1373 290 141 2992 45 6 23 27 10 24 12 9 0 913 11 46 14 4 296 96 58 71 4 16 1 132 1 37 1 1229 507 863 136 21 7 1 2 2 80 43 9 12 569 233 597 60 99 17 3 17 13 7 43 21 8 22 14 17 110 0 1 5 0 4 0 0 17 5 1 0 5 8 0 1 0 0 1 21 3 19 89 2 60 0 0 24 13 4 3 1 5 18 1 7 1 2 21 0 0 0 1 0 0 0 0 1 1 7 8 2 25 21 1 4 1 1 0 12 3 0 3 0 3 2 0 2 0 84 26 10 0 1 17 0 0 2 0 21 0 0 6 29 8 9 1 0 0
9738 3824 1989 9960 4793 14351 1050 734 281 2257 276 15039 0 31 9 4 6 21 2 4 365 288 27 4 40 3 6 11 3027 3156 461 1625 556 84 0 2 50 58 18 7 901 2 12 3 0 12 10 6 5 0 28 49 807 1084 255 210 537 88 0 28 30 9 39 15 12 0 637 19 43 10 4 629 175 188 80 3 43 1 255 2 42 1 1554 612 1407 201 22 11 3 1 3 117 63 18 16 2257 734 447 74 39 98 16 131 51 31 206 108 80 137 79 74 630 1 4 13 1 4 3 1 25 7 3 3 23 23 2 3 1 0 1 82 15 90 345 9 234 0 0 54 31 4 5 4 15 50 0 6 0 6 24 4 1 0 2 0 1 5 9 1 1 35 31 9 118 76 8 2 3 0 3 51 10 8 6 0 2 7 0 4 1 352 104 15 2 1 84 0 0 1 7 93 0 1 61 189 44 63 3 2 1
8441 114 608 685 673 1050 11031 7914 607 1043 151 830 0 0 1 1 0 0 0 0 11 5 0 0 4 0 0 0 1136 245 125 2 7 1 0 0 0 1 1 0 55 0 3 0 3 1 0 0 2 2 17 26 767 334 303 26 14 1 0 0 0 1 1 0 0 0 25 3 0 2 0 56 11 30 8 1 5 5 30 1 10 0 615 74 90 14 3 1 2 2 3 45 31 13 1 31 258 5512 3 3 56 5 47 28 6 53 58 66 47 25 27 192 0 0 0 0 1 0 1 0 1 1 1 5 1 1 0 0 0 0 20 2 12 54 3 20 0 0 10 1 0 0 0 2 8 0 0 0 1 1 0 0 0 0 0 0 0 0 1 0 11 3 3 20 11 2 0 0 0 0 6 0 1 1 0 0 1 0 1 0 89 16 4 0 0 12 0 0 2 0 13 0 0 6 78 22 5 2 0 0
12216 113 9371 865 121 734 7914 20776 4142 20115 1010 3403 0 0 0 0 0 3 0 0 30 9 0 1 9 0 1 0 668 93 35 2 6 0 0 0 2 2 0 3 337 2 3 0 2 1 2 3 11 1 35 69 1232 884 541 97 31 2 1 1 1 3 6 1 0 2 100 2 0 15 7 37 7 80 15 2 12 1 18 6 46 2 2050 376 433 38 13 15 8 4 0 152 93 17 9 43 343 1318 14 10 154 10 156 51 19 188 174 153 191 102 98 621 0 0 0 0 1 0 0 1 3 1 0 7 4 0 1 1 0 0 58 2 35 150 3 72 0 1 18 12 0 1 0 8 18 0 1 0 0 0 1 0 0 1 0 0 0 0 0 0 25 11 10 70 29 3 0 0 0 0 26 7 2 3 0 1 1 0 0 0 244 40 7 2 0 25 2 0 2 3 48 1 0 20 282 53 35 7 1 0
291 19 305 129 68 281 607 4142 1472 3584 522 1235 7 1 0 1 1 4 2 0 29 42 4 1 14 0 1 0 91 25 10 37 79 1 1 0 2 11 0 0 67 0 9 19 65 4 5 4 1 129 7 27 163 75 67 15 6 8 2 1 7 4 6 2 0 87 21 16 3 3 4 687 149 279 10 2 345 181 583 15 9 110 202 39 81 8 6 49 39 55 18 16 6 0 4 83 3397 746 6 2 33 1 39 9 8 53 35 45 46 34 26 159 0 0 1 1 3 2 5 0 37 12 8 3 3 0 1 0 0 0 8 0 12 38 2 28 0 0 26 32 0 1 0 2 3 0 5 1 20 3 0 0 2 3 0 2 3 2 3 7 12 1 5 15 4 1 0 0 0 0 5 2 1 1 0 0 1 1 4 0 61 21 34 0 1 14 1 1 3 1 7 4 2 4 85 14 8 1 1 1
2208 198 5016 632 105 2257 1043 20115 3584 37910 14063 38779 1 2 2 0 1 2 0 1 39 21 2 1 12 0 4 1 360 127 14 31 66 0 0 0 2 3 2 1 242 0 4 15 11 1 2 0 11 13 14 34 429 368 180 68 40 3 1 0 3 0 1 0 0 7 97 6 2 4 0 1993 147 267 7 0 427 26 881 3 28 7 784 194 324 31 5 6 3 8 5 50 27 5 6 63 4946 591 8 11 207 18 186 70 38 309 206 184 242 134 133 999 1 0 0 1 6 0 1 5 10 2 2 27 17 0 2 0 0 0 95 8 74 379 6 188 0 0 39 24 2 3 0 18 52 2 1 2 3 1 3 0 0 6 0 0 6 11 2 2 40 39 12 121 79 2 0 0 0 0 41 15 10 4 0 1 2 1 1 0 447 90 28 2 0 58 0 0 1 2 103 1 1 53 368 67 55 9 0 2
453 43 232 76 37 276 151 1010 522 14063 4041 6454 0 1 2 0 1 1 1 0 20 22 2 1 3 0 0 0 92 43 3 9 33 1 0 0 3 2 2 0 64 0 0 0 0 1 1 0 0 0 0 5 56 55 28 12 10 2 0 0 0 0 0 0 0 2 9 3 0 1 0 1192 56 37 3 0 235 1 464 0 1 1 116 28 76 9 2 0 1 0 0 3 3 0 1 20 2578 160 3 1 96 13 82 51 23 170 105 75 133 71 59 517 0 0 0 0 1 2 1 1 3 3 0 10 7 0 2 0 0 0 53 0 44 170 3 41 0 0 3 4 1 0 0 11 21 0 0 1 2 1 2 0 0 1 0 0 1 2 1 3 16 11 6 60 13 0 0 2 0 0 23 4 1 2 0 1 2 0 0 0 237 19 2 1 0 25 0 0 1 4 37 0 1 16 249 36 19 2 0 0
4783 1112 31417 4138 2207 15039 830 3403 1235 38779 6454 24092 1 31 16 6 13 23 6 8 672 481 44 13 78 1 13 14 1718 1329 199 1207 1632 130 5 2 51 97 18 14 1188 2 15 15 5 21 20 8 15 6 23 55 740 1029 315 254 321 205 5 49 44 13 28 16 12 0 558 47 41 11 11 2649 576 386 138 10 229 8 1404 0 46 2 1629 627 1771 274 35 10 6 1 13 134 71 18 23 2240 3896 551 134 44 600 103 602 282 155 1125 544 396 783 433 359 3339 2 5 9 0 20 3 4 33 18 6 0 48 55 5 3 1 0 1 372 34 351 1421 27 504 1 1 110 48 16 4 5 58 139 0 7 1 6 33 13 0 2 21 0 0 8 23 0 1 139 134 42 483 226 14 3 3 0 3 148 43 26 17 0 7 22 1 8 2 1738 244 39 9 2 214 1 0 0 15 287 0 2 160 1214 231 186 22 5 7
0 0 0 0 1 0 0 0 7 1 0 1 8983 2 7 27 254 3137 6503 260 2 7 0 29 0 1 31 17 1 0 0 2 47 1 1 0 60 1713 28 5 25 3 75 4782 1723 4706 1 20 13 311 2 16 0 1 1 0 2 6 0 0 31 25 35 30 28 1713 1 5 41 5 15 22 304 2366 3 21 130 761 110 17 23 99 5 1 2 2 0 51 74 126 119 6 2 4 44 8 78 2 0 0 0 6 0 0 2 0 0 3 0 0 0 1 4 100 1433 9 6 152 8 2664 68 1341 24 2 1 0 2 36 2 84 8 3 7 5 2 14 3 1 20 45 413 6 267 3 2 41 419 273 100 1914 5 9 14 4 0 9 1 3 2 6 1 0 0 1 18 8 185 129 12 314 1 1 4 2 15 178 6 6 206 25 3 7 231 1 25 3 9 9 18 0 2 24 17 20 1 0 1 1 0 1
3 1 2 3 42 31 0 0 1 2 1 31 2 13895 6929 1071 662 617 41 124 83 81 1031 1312 16 136 4684 1471 195 18 27 92 103 554 4439 4634 3019 103 402 2239 859 81 686 2 4 57 3634 13 13 0 1 0 38 95 13 7 137 1360 2446 339 221 58 252 685 382 3 90 1269 461 7 8 20 35 42 1329 36 2 2 8 0 4 0 58 28 43 14 18 2 18 6 34 17 5 11 193 750 2 2 15 145 1 1 0 0 0 0 0 1 1 0 1 3 16 3 25 28 88 62 310 82 481 460 518 30 7 9 43 8 3 8 1 1 3 12 5 38 29 1 166 386 11 139 12 0 31 11 17 2 200 61 23 0 2 0 0 4 0 0 0 2 0 1 0 1 2 25 11 13 2 2 4 0 2 14 3 30 1 0 40 7 5 38 74 7 5 72 0 0 3 2 1 6 2 2 32 0 9 2 0 1
0 0 0 2 21 9 1 0 0 2 2 16 7 6929 19783 12751 433 6179 226 736 94 84 1387 635 24 369 2474 6231 79 6 14 30 36 82 947 178 331 37 1760 946 2384 72 358 8 7 96 904 48 61 2 1 1 14 36 4 6 82 407 333 67 994 86 256 482 825 5 57 391 1224 20 22 12 20 22 546 143 2 1 6 0 12 1 24 24 32 8 9 10 38 14 83 41 6 19 198 266 6 2 8 74 1 1 0 1 2 0 0 3 0 0 0 4 13 18 50 27 85 68 242 160 368 409 461 24 10 8 30 14 1 13 0 3 2 9 9 28 21 1 97 290 54 132 47 2 21 14 45 6 168 227 21 4 10 0 0 7 1 0 3 0 0 1 0 0 3 20 43 25 4 7 2 1 3 18 11 67 0 3 79 15 3 38 54 2 14 72 0 4 1 0 3 16 5 5 23 0 5 4 0 0
0 0 0 0 8 4 1 0 1 0 0 6 27 1071 12751 11914 430 3726 1706 1885 9 25 382 863 26 520 2864 4117 46 2 7 7 27 21 407 7 161 131 1785 551 2093 106 360 7 16 59 52 26 115 5 2 0 15 22 3 1 29 72 22 9 356 42 85 260 521 5 23 101 194 14 11 1 19 13 133 73 3 2 4 0 10 4 10 12 10 9 7 14 54 18 81 89 15 31 133 100 2 1 7 21 0 4 0 0 2 0 0 3 0 0 0 2 123 64 255 27 15 120 41 676 243 1169 156 15 9 5 43 48 16 103 3 1 2 1 0 8 93 1 37 120 91 296 40 2 6 32 37 40 139 153 16 2 2 1 1 7 0 2 3 1 0 2 1 1 10 25 17 64 3 8 1 1 8 13 8 18 1 1 32 3 5 23 47 0 8 75 4 1 9 0 2 11 8 4 20 0 2 2 0 3
1 1 0 0 4 6 0 0 1 1 1 13 254 662 433 430 2821 665 1038 2399 95 125 468 137 51 298 109 23 14 1 2 28 34 32 69 6 881 904 316 488 507 23 121 81 31 112 220 11 23 24 1 7 2 6 0 1 7 145 28 18 360 10 14 30 15 15 8 80 20 6 9 7 31 146 155 17 8 57 9 4 5 32 5 5 29 8 3 16 22 24 31 13 3 6 37 105 2 1 11 5 0 2 1 2 2 1 1 71 1 0 3 7 46 15 17 17 140 18 129 53 485 205 179 97 52 10 100 21 15 16 4 2 10 27 42 133 27 5 302 519 10 332 20 4 37 29 19 11 274 50 112 3 2 1 1 10 1 0 1 0 1 1 4 2 13 80 9 39 6 12 10 3 15 63 2 8 2 2 19 1 24 150 153 9 5 460 4 3 6 6 7 7 5 11 144 4 44 5 2 12
1 1 2 1 10 21 0 3 4 2 1 23 3137 617 6179 3726 665 19006 5037 1317 35 113 288 3577 129 415 7415 1225 59 2 24 42 169 59 519 10 380 1539 2542 640 2332 333 2674 289 72 3723 149 135 280 29 4 3 24 70 3 6 84 118 23 23 5586 128 632 2186 1053 409 106 184 477 68 72 41 298 283 200 316 10 54 29 0 50 10 50 43 62 60 29 44 139 90 326 201 36 101 835 138 24 0 45 47 4 39 1 0 28 8 0 5 1 1 1 26 130 1204 4743 121 46 1040 48 7398 471 4778 150 15 14 14 34 288 29 1240 60 54 66 34 23 106 91 4 99 278 2582 193 1653 31 17 248 1203 1167 491 3418 48 15 28 7 2 49 2 3 1 7 5 8 1 22 146 36 401 866 30 376 9 20 34 22 58 620 11 10 270 48 1 32 325 13 65 64 5 9 45 4 3 69 51 157 18 1 9 2 2 9
0 0 2 1 3 2 0 0 2 0 1 6 6503 41 226 1706 1038 5037 35528 7428 14 42 140 318 32 405 807 90 6 0 0 8 67 20 160 1 305 1922 138 504 506 40 257 5091 851 2222 36 40 63 321 10 60 3 8 0 0 3 12 3 4 226 33 78 100 36 170 12 11 26 25 22 9 83 3837 17 55 11 933 27 37 41 234 3 2 11 4 2 182 149 200 245 29 7 20 122 16 17 0 4 3 1 8 1 4 6 1 4 82 1 1 2 5 574 302 1571 225 201 1069 550 4251 2693 12545 1809 160 70 47 413 300 116 560 11 6 13 34 23 103 509 32 517 1532 284 2032 140 20 81 212 133 524 1797 449 190 17 10 3 6 23 18 6 11 15 3 2 4 6 33 164 55 208 7 41 6 7 24 61 20 63 20 17 126 26 36 310 1285 25 22 1049 8 5 35 5 1 42 31 25 287 5 30 4 4 13
1 1 2 2 4 4 0 0 0 1 0 8 260 124 736 1885 2399 1317 7428 5547 70 113 478 298 55 672 225 28 6 4 1 21 40 20 118 5 252 125 665 859 787 45 182 266 60 109 119 17 43 48 2 8 3 2 2 3 4 59 10 10 697 23 42 43 19 18 8 24 36 10 3 11 28 235 68 22 2 76 11 7 6 21 9 4 14 6 3 16 34 30 47 18 2 14 72 53 1 1 7 7 1 1 1 1 3 0 0 68 0 0 5 7 106 24 35 48 139 48 219 84 774 588 430 134 52 21 196 53 28 71 4 3 6 16 31 83 91 8 248 645 17 801 19 5 50 74 22 8 382 52 130 4 2 4 5 8 3 3 4 4 0 0 7 2 12 123 10 46 2 6 13 4 15 76 6 12 3 2 19 1 29 169 189 14 4 573 4 2 13 2 10 12 14 7 152 2 24 7 2 9
59 25 78 106 255 365 11 30 29 39 20 672 2 83 94 9 95 35 14 70 6597 6893 3417 69 542 133 59 11 134 47 66 167 443 228 10 2 192 246 13 387 863 16 128 20 2 16 95 5 9 4 3 4 25 40 12 707 46 140 9 114 42 13 69 38 11 5 49 98 23 5 3 288 536 140 386 13 105 8 183 1 6 2 117 40 2919 186 104 4 8 5 25 13 7 3 92 568 163 26 443 75 0 4 5 3 2 7 1 16 3 7 3 23 2 1 3 3 48 4 22 10 84 4 15 48 28 3 10 1 1 0 10 0 11 104 26 213 1 0 217 152 3 18 3 9 31 1 6 2 49 6 23 0 0 1 0 1 0 1 1 0 8 4 2 8 36 10 4 1 1 1 13 3 9 12 1 3 1 0 7 1 21 142 61 8 1 113 3 0 1 6 27 4 3 20 27 0 34 4 0 3
31 2 24 35 188 288 5 9 42 21 22 481 7 81 84 25 125 113 42 113 6893 20207 4413 404 5089 523 226 12 146 31 42 252 694 389 6 0 199 476 43 1726 820 105 977 60 18 61 238 36 81 15 3 6 70 113 37 322 93 223 16 193 125 84 357 104 37 11 220 198 54 46 23 348 922 316 629 54 151 16 292 2 11 0 611 238 7390 1251 315 17 68 43 168 43 20 37 605 696 208 19 3360 148 3 8 3 7 5 8 4 15 2 2 6 35 3 0 5 4 102 13 38 16 184 9 45 83 36 8 20 4 0 2 10 2 14 124 28 381 2 0 507 363 8 37 7 9 51 5 11 3 113 18 38 3 6 1 0 8 1 2 2 1 7 6 1 6 49 38 7 7 9 5 23 6 30 50 5 11 2 1 35 11 38 257 105 17 12 188 1 4 6 4 47 21 4 16 81 2 49 9 3 8
4 0 5 5 20 27 0 0 4 2 2 44 0 1031 1387 382 468 288 140 478 3417 4413 10188 3934 934 7606 848 111 18 4 6 61 265 389 42 12 572 570 91 2897 7393 880 780 39 25 34 194 27 226 7 4 9 21 38 11 50 15 99 10 134 90 43 106 33 17 11 50 70 27 42 19 74 322 78 103 42 40 4 51 1 26 1 77 64 537 78 38 29 65 32 105 125 13 51 335 94 25 3 153 23 0 2 0 1 0 0 1 2 2 0 1 5 1 1 6 1 40 4 36 14 84 22 51 21 22 2 10 5 1 2 1 1 1 27 7 75 1 0 124 133 1 44 6 0 23 7 17 1 55 24 14 2 9 3 0 6 3 1 0 0 0 2 0 2 9 18 4 8 4 7 5 0 7 12 9 11 3 4 49 10 8 56 36 0 12 85 0 6 14 1 6 15 6 6 15 1 10 1 0 4
1 0 1 2 4 4 0 1 1 1 1 13 29 1312 635 863 137 3577 318 298 69 404 3934 9132 821 2339 6690 157 69 3 11 17 44 53 1368 133 74 157 691 6431 2400 5717 3149 28 49 842 1994 41 415 8 4 8 59 180 19 16 141 105 198 30 1256 70 255 842 138 15 223 617 176 57 35 6 81 30 120 83 8 3 13 0 22 0 113 156 155 149 128 38 109 32 393 194 41 86 434 58 10 0 134 65 0 1 0 0 0 0 0 0 0 0 0 2 1 28 133 3 23 13 35 301 67 59 49 4 4 0 2 13 0 18 2 3 4 5 3 27 1 0 44 98 101 20 113 2 4 21 120 16 44 428 7 3 11 1 0 13 0 1 0 1 1 2 1 5 5 6 77 64 8 19 3 2 3 9 13 134 1 7 127 30 2 13 22 2 22 23 3 4 24 0 3 28 15 7 2 0 8 1 0 0
14 4 25 7 32 40 4 9 14 12 3 78 0 16 24 26 51 129 32 55 542 5089 934 821 9586 524 574 18 125 5 53 34 135 60 16 3 47 141 42 4353 372 137 998 28 15 51 2659 25 63 13 8 11 238 670 74 102 509 32 16 24 115 75 464 222 59 6 1033 591 66 38 14 60 300 198 206 42 44 8 88 0 17 1 872 891 2031 2109 2465 12 61 27 144 41 22 26 556 102 50 3 2778 318 1 0 1 3 1 0 0 7 0 0 3 5 3 1 7 3 72 3 58 9 149 18 59 38 19 2 11 0 0 1 2 2 4 63 32 241 1 1 363 258 5 24 4 7 34 10 12 1 94 27 14 2 4 1 0 9 0 4 1 2 3 4 0 2 10 20 4 3 7 4 8 3 9 29 7 4 3 2 29 10 10 147 108 6 7 85 1 3 8 2 16 7 4 2 16 0 23 4 1 4
0 0 1 1 2 3 0 0 0 0 0 1 1 136 369 520 298 415 405 672 133 523 7606 2339 524 3852 982 8 9 1 0 2 21 11 86 12 57 100 53 4774 1426 105 239 7 1 3 284 5 44 1 2 0 18 29 3 9 7 11 17 8 35 12 29 4 2 1 33 57 6 7 6 3 35 37 11 11 1 0 1 0 3 0 53 28 81 45 16 5 16 8 13 17 7 11 70 17 2 1 45 5 0 0 0 0 0 0 0 1 0 0 0 0 2 0 2 9 14 0 55 9 68 36 60 4 3 2 10 0 0 0 0 0 2 2 4 7 1 0 24 94 2 14 2 0 2 3 3 1 46 6 3 1 2 0 0 1 0 0 0 0 0 0 0 0 0 2 0 3 1 1 1 1 1 1 3 1 1 1 6 1 2 16 21 0 0 21 0 0 4 0 3 2 2 1 8 0 3 0 0 0
1 1 5 1 13 6 0 1 1 4 0 13 31 4684 2474 2864 109 7415 807 225 59 226 848 6690 574 982 28033 7813 224 10 59 12 38 107 7840 159 152 119 1048 7909 961 157 997 14 8 258 1664 13 57 2 2 4 156 418 27 16 416 263 443 62 404 48 275 2858 927 4 481 1283 152 11 8 12 59 37 384 21 4 2 10 0 7 1 216 289 193 194 170 8 22 6 53 41 7 15 213 167 9 2 164 238 0 2 0 0 2 0 0 1 0 0 1 2 2 53 341 14 24 77 38 1158 64 357 58 8 6 0 8 8 1 32 5 3 3 3 3 28 5 0 55 69 167 12 80 1 5 7 49 31 52 384 3 4 0 0 0 2 0 1 0 1 0 1 0 0 7 4 48 32 0 15 2 0 1 5 10 38 1 2 28 4 2 25 33 1 9 18 1 0 2 0 1 10 1 9 3 0 6 0 0 0
0 0 0 0 21 11 0 0 0 1 0 14 17 1471 6231 4117 23 1225 90 28 11 12 111 157 18 8 7813 11096 139 4 31 7 12 22 399 14 38 12 3950 101 522 28 101 3 5 124 85 17 19 1 1 2 39 93 12 3 143 219 75 15 434 34 108 1753 1554 3 103 366 399 5 10 5 10 7 454 72 2 1 3 0 7 0 62 44 42 25 16 2 8 4 40 15 3 5 45 232 1 3 20 91 0 5 1 0 2 1 0 0 0 0 0 5 1 110 616 12 5 159 10 1994 25 503 10 0 1 0 0 28 3 75 2 3 4 5 0 8 2 0 11 23 336 5 162 1 1 18 84 69 14 686 2 1 2 1 1 1 0 1 0 1 0 0 0 1 16 2 97 62 3 25 2 2 3 2 5 65 0 1 37 3 1 7 18 2 8 4 0 0 4 1 0 8 3 7 4 0 0 0 0 0
6848 580 1318 2034 9118 3027 1136 668 91 360 92 1718 1 195 79 46 14 59 6 6 134 146 18 69 125 9 224 139 31032 12407 6783 69 67 60 40 21 57 27 143 75 267 5 135 4 6 41 151 26 7 3 8 27 1885 6674 466 59 4681 96 17 33 144 68 274 206 152 1 6998 144 262 14 15 105 54 240 1694 40 56 0 42 3 22 0 1059 637 350 136 678 10 7 6 34 39 29 10 150 3586 259 7013 268 2176 44 19 41 34 22 112 31 24 59 35 37 250 0 2 16 0 12 1 1 34 7 2 2 32 20 1 2 1 0 1 63 7 78 346 10 296 0 1 49 28 13 7 14 25 48 6 15 2 5 55 2 0 0 7 1 1 1 8 1 0 31 17 2 63 98 4 13 8 2 1 44 8 13 11 2 21 3 0 21 3 230 117 22 3 2 86 0 0 1 7 78 4 3 48 79 26 41 7 0 5
6024 1681 198 3336 10386 3156 245 93 25 127 43 1329 0 18 6 2 1 2 0 4 47 31 4 3 5 1 10 4 12407 22557 7746 8 10 5 0 0 5 3 5 1 122 1 4 0 2 2 5 2 2 0 12 9 540 729 152 27 7453 3 0 1 11 3 9 4 9 0 595 7 21 3 1 32 8 42 59 5 5 1 7 2 12 1 562 160 205 22 8 1 1 0 3 28 20 4 5 516 85 414 9 104 8 4 6 4 6 17 4 4 8 4 7 68 0 0 0 0 1 0 0 4 1 0 0 6 3 0 0 0 0 0 10 1 9 50 1 39 0 0 10 8 1 1 0 2 4 0 0 0 1 2 2 0 0 1 0 0 1 0 0 0 7 4 1 14 13 1 0 0 0 0 12 2 1 0 0 0 0 1 0 0 47 21 4 1 0 15 0 0 1 1 10 0 0 6 20 3 10 2 0 0
250 46 53 344 7299 461 125 35 10 14 3 199 0 27 14 7 2 24 0 1 66 42 6 11 53 0 59 31 6783 7746 6697 8 13 14 6 4 9 7 30 18 266 2 24 0 1 13 41 3 2 0 9 20 636 1222 150 80 11010 22 6 12 24 8 63 49 48 0 1750 48 59 3 1 16 19 18 719 12 5 0 6 0 14 0 812 476 435 181 428 3 3 1 13 40 20 9 27 1648 24 201 377 4390 2 0 1 2 1 4 4 0 2 2 2 12 0 0 6 0 1 0 0 4 1 2 0 2 0 0 0 0 0 0 2 1 2 16 0 14 0 0 8 4 2 0 2 0 2 1 3 0 2 14 0 0 1 1 0 1 0 0 1 0 1 3 0 1 4 0 2 2 0 0 1 1 1 1 1 2 0 0 5 1 9 11 3 0 3 2 0 0 0 0 0 1 0 1 5 2 0 0 0 0
11 2 8 11 293 1625 2 2 37 31 9 1207 2 92 30 7 28 42 8 21 167 252 61 17 34 2 12 7 69 8 8 5257 5530 1436 0 7 208 236 46 13 204 1 23 4 2 21 31 4 2 1 2 5 27 52 13 18 24 6352 23 565 69 8 16 17 8 1 29 115 27 4 2 837 392 60 1328 7 31 0 253 0 1 0 114 36 155 21 21 3 0 3 6 5 4 2 13 7094 202 14 17 7 5 0 3 1 7 7 2 1 11 3 4 28 0 5 14 0 8 3 7 64 23 1 0 13 11 0 1 2 0 1 8 2 9 57 5 94 1 0 59 39 22 2 7 6 16 1 7 2 14 49 3 0 0 1 0 0 1 1 0 0 3 4 0 5 12 1 11 3 0 2 5 3 5 0 0 11 2 1 4 3 39 39 7 1 2 26 0 0 0 1 11 1 0 9 17 1 8 4 1 2
13 2 10 11 209 556 7 6 79 66 33 1632 47 103 36 27 34 169 67 40 443 694 265 44 135 21 38 12 67 10 13 5530 4469 2566 9 12 308 1323 108 80 437 4 43 16 7 92 252 4 4 5 3 8 50 70 22 49 30 2955 72 691 181 11 27 27 26 6 58 382 29 4 5 3093 2850 154 1374 8 97 14 941 3 5 4 193 61 325 85 51 6 9 5 29 15 4 3 21 4692 489 20 83 34 9 4 6 3 3 11 5 15 4 1 1 35 1 7 25 1 58 5 21 70 87 16 26 57 29 2 17 4 0 5 6 0 22 100 22 295 1 1 262 203 26 24 15 8 59 4 21 4 75 98 16 0 0 1 0 0 0 4 0 1 3 5 2 8 35 10 11 10 1 3 23 5 13 45 2 20 4 0 13 4 30 161 47 5 0 143 2 2 2 3 43 1 2 18 42 4 61 4 1 7
2 0 3 1 56 84 1 0 1 0 1 130 1 554 82 21 32 59 20 20 228 389 389 53 60 11 107 22 60 5 14 1436 2566 5609 120 231 686 2122 52 127 303 1 51 7 0 21 709 4 1 1 0 0 18 27 9 14 30 4065 769 4938 89 6 24 40 26 2 35 1135 32 2 1 122 480 37 1530 8 11 5 28 1 4 1 46 20 94 13 35 1 1 4 3 7 1 2 15 1256 26 1 39 32 0 0 0 1 0 0 0 3 0 1 0 7 0 3 10 3 28 4 13 36 48 6 10 26 14 2 6 0 1 1 2 2 3 29 15 124 1 0 113 98 10 12 7 5 12 0 2 0 22 32 13 2 0 0 0 0 2 1 0 2 6 1 0 2 7 5 3 4 0 1 4 1 9 11 0 5 2 0 3 0 9 61 21 5 0 50 0 0 1 2 11 2 0 3 15 0 21 3 0 1
1 0 0 0 5 0 0 0 1 0 0 5 1 4439 947 407 69 519 160 118 10 6 42 1368 16 86 7840 399 40 0 6 0 9 120 5259 2222 239 22 137 3577 182 40 503 1 2 35 1000 9 6 2 0 0 12 26 5 1 33 150 687 83 76 13 153 583 243 1 28 369 125 6 4 1 9 15 115 12 1 0 1 0 3 1 12 13 13 10 6 1 11 4 16 3 2 4 124 60 1 1 9 37 0 0 0 0 1 0 0 1 1 0 0 3 7 0 15 20 43 42 117 38 222 229 236 18 6 0 24 1 0 4 0 0 3 2 2 7 5 2 53 172 2 59 4 1 9 5 5 4 108 24 10 1 1 0 0 0 0 0 0 0 0 0 0 0 3 8 2 5 0 1 0 1 1 7 2 10 1 0 8 0 3 16 31 0 4 36 0 1 1 0 0 0 1 0 8 0 2 0 1 1
0 0 1 1 1 2 0 0 0 0 0 2 0 4634 178 7 6 10 1 5 2 0 12 133 3 12 159 14 21 0 4 7 12 231 2222 1383 308 18 3 388 15 6 58 0 0 3 2321 0 1 0 2 0 4 10 1 1 28 521 3194 471 6 1 12 23 10 0 20 627 4 3 0 3 3 2 134 2 1 0 0 0 1 0 7 3 3 1 2 1 1 1 4 0 1 0 9 58 0 1 2 24 0 0 0 0 0 0 0 0 0 0 0 0 0 0 1 1 3 1 5 1 4 7 7 0 0 0 2 0 0 0 0 0 0 0 0 1 0 0 5 9 1 5 0 1 3 0 0 0 8 2 0 0 0 0 0 0 0 0 0 0 0 0 0 0 0 0 0 0 0 0 0 0 1 0 1 0 0 0 0 0 0 1 1 0 0 2 0 0 0 0 0 0 0 1 0 0 0 0 0 0
5 0 1 4 29 50 0 2 2 2 3 51 60 3019 331 161 881 380 305 252 192 199 572 74 47 57 152 38 57 5 9 208 308 686 239 308 2033 1369 163 329 375 10 78 14 3 65 923 4 11 6 0 2 13 22 6 7 32 1705 636 679 237 4 28 57 32 5 27 650 19 2 1 59 132 39 958 3 7 13 31 3 2 4 12 8 41 14 10 3 8 2 10 2 2 4 26 606 2 2 9 33 1 4 2 4 3 0 0 19 0 0 0 5 14 4 21 3 78 8 31 36 147 35 48 66 37 2 31 4 1 6 4 2 5 29 37 151 3 1 247 237 12 71 9 1 31 8 12 5 91 31 63 0 1 2 1 1 0 2 0 1 3 0 0 1 12 26 8 12 0 5 4 2 16 35 0 9 2 0 12 0 12 129 58 5 1 224 1 1 1 4 10 2 2 6 60 2 25 6 3 9
1 1 6 3 35 58 1 2 11 3 2 97 1713 103 37 131 904 1539 1922 125 246 476 570 157 141 100 119 12 27 3 7 236 1323 2122 22 18 1369 10093 333 359 445 27 219 2118 224 1122 616 16 20 134 1 29 23 23 4 13 17 1049 180 463 741 17 70 85 55 102 38 490 43 9 14 125 1943 1498 624 40 56 306 159 19 13 90 38 21 113 36 28 71 78 128 252 20 5 11 145 611 59 0 41 22 4 11 9 6 8 5 3 98 1 1 11 24 26 32 139 31 425 56 379 419 1032 568 397 276 171 12 120 24 14 25 11 7 19 135 139 831 31 2 1313 1419 82 313 62 14 131 39 77 33 709 369 154 5 13 5 0 24 13 5 7 12 15 5 8 3 50 138 45 56 10 23 45 14 45 137 9 90 10 4 153 30 75 623 595 25 30 935 8 6 17 10 51 24 5 29 280 2 140 29 4 31
1 0 1 1 18 18 1 0 0 2 2 18 28 402 1760 1785 316 2542 138 665 13 43 91 691 42 53 1048 3950 143 5 30 46 108 52 137 3 163 333 17615 69 751 80 842 9 57 521 70 138 80 10 1 2 41 101 11 6 149 184 44 41 13682 227 1314 1170 4528 13 148 257 4142 37 82 27 116 12 363 988 8 1 7 0 32 1 58 52 42 40 23 15 86 21 287 66 15 28 540 220 16 2 30 91 2 11 0 1 6 0 0 4 0 0 1 7 5 155 519 11 15 108 10 1368 57 186 20 5 2 2 4 54 4 113 17 18 10 17 3 34 4 0 25 50 538 26 543 5 4 77 486 75 40 1642 12 12 31 2 2 16 1 1 0 2 0 4 0 4 29 5 340 282 24 47 4 5 14 7 49 569 4 11 459 82 2 12 11 6 65 12 2 2 24 2 5 43 25 38 6 0 4 1 1 2
1 1 5 4 8 7 0 3 0 1 0 14 5 2239 946 551 488 640 504 859 387 1726 2897 6431 4353 4774 7909 101 75 1 18 13 80 127 3577 388 329 359 69 16963 1189 286 1106 32 8 41 2768 15 80 4 2 8 84 263 21 22 166 102 240 51 88 25 87 140 21 4 293 508 24 20 13 19 163 268 105 18 9 3 33 0 13 2 224 227 294 231 222 3 19 10 58 31 14 20 227 67 11 0 256 86 0 0 1 0 0 0 0 10 0 0 2 2 12 2 6 35 253 21 492 39 698 200 516 69 27 7 57 5 1 3 1 0 3 27 21 108 13 1 423 855 7 171 3 0 49 15 8 4 436 16 48 2 4 0 0 6 0 0 0 3 1 2 2 0 5 45 3 18 4 1 6 2 4 35 6 7 0 2 9 3 4 94 179 4 3 185 1 0 6 3 8 12 3 2 44 1 23 1 0 5
397 179 578 479 470 901 55 337 67 242 64 1188 25 859 2384 2093 507 2332 506 787 863 820 7393 2400 372 1426 961 522 267 122 266 204 437 303 182 15 375 445 751 1189 5512 3338 1227 44 59 354 181 117 3210 44 296 344 80 103 1111 808 102 185 32 110 579 200 174 82 70 11 128 146 142 379 229 314 418 186 634 148 130 13 215 14 803 17 1292 139 712 81 170 377 362 132 527 3410 988 822 856 739 191 45 114 145 15 8 20 12 12 19 11 18 11 15 11 81 7 24 60 1 66 15 23 192 96 75 34 61 35 3 26 7 0 16 27 10 46 226 31 443 4 0 249 160 57 24 41 12 56 24 85 14 74 233 20 28 40 5 0 31 14 11 37 67 10 11 1 25 106 19 39 45 16 12 34 7 24 23 18 70 19 42 148 29 96 230 62 11 24 161 36 17 155 7 62 72 20 27 49 1 61 18 2 13
2 0 1 1 1 2 0 2 0 0 0 2 3 81 72 106 23 333 40 45 16 105 880 5717 137 105 157 28 5 1 2 1 4 1 40 6 10 27 80 286 3338 4151 4906 8 48 239 217 28 1295 14 2 6 5 19 0 3 14 5 17 0 283 61 43 11 17 17 21 68 63 78 37 1 9 6 10 66 2 1 7 1 46 2 21 23 34 24 11 43 107 41 257 394 46 116 272 13 1 0 17 3 0 0 0 0 0 0 0 1 0 0 0 0 1 5 15 0 3 0 2 40 5 9 4 2 1 0 0 4 0 2 0 1 2 0 1 2 0 0 6 8 14 2 31 0 0 11 50 2 1 91 2 6 10 0 1 15 1 0 1 0 1 0 0 0 0 0 21 21 10 12 0 2 2 0 10 53 3 3 84 23 0 4 1 0 16 4 3 3 17 0 0 25 6 1 1 0 0 0 0 0
3 1 4 1 11 12 3 3 9 4 0 15 75 686 358 360 121 2674 257 182 128 977 780 3149 998 239 997 101 135 4 24 23 43 51 503 58 78 219 842 1106 1227 4906 8601 132 490 2360 1039 466 4069 148 14 17 139 420 46 32 295 90 151 28 3316 506 1736 3373 1020 143 508 579 1287 435 233 18 112 34 156 1121 45 16 42 2 202 9 354 384 405 369 210 273 900 463 4421 580 204 896 6703 69 36 2 328 132 0 4 0 0 2 0 0 6 0 0 0 5 1 27 111 2 15 19 17 314 55 36 15 4 4 0 1 10 0 12 3 5 4 4 4 21 0 1 55 75 118 6 125 1 5 115 434 12 54 882 12 51 139 3 3 206 3 2 11 28 0 0 0 3 12 1 192 181 83 94 4 8 6 2 167 465 19 35 1060 230 1 24 18 5 219 32 29 45 210 4 1 328 92 13 8 1 3 2 0 4
1 0 3 0 1 3 0 0 19 15 0 15 4782 2 8 7 81 289 5091 266 20 60 39 28 28 7 14 3 4 0 0 4 16 7 1 0 14 2118 9 32 44 8 132 4829 2445 943 41 59 30 1242 20 117 3 7 1 3 6 10 5 1 98 58 105 17 18 687 7 22 64 16 34 56 1197 2672 5 66 555 1548 1116 120 75 727 11 6 25 12 6 375 295 608 379 13 3 8 141 15 212 8 9 2 1 2 3 2 3 5 0 52 2 1 3 7 22 11 123 13 145 72 194 291 606 771 286 121 58 6 53 17 4 21 4 1 3 53 42 293 20 2 726 667 35 150 29 5 62 34 53 32 498 161 43 11 33 0 0 19 19 7 18 38 7 5 6 5 12 27 24 39 7 24 16 6 12 47 25 49 12 15 157 38 39 317 544 4 44 448 17 16 61 5 15 83 14 18 150 3 67 14 1 13
0 0 0 0 2 0 3 2 65 11 0 5 1723 4 7 16 31 72 851 60 2 18 25 49 15 1 8 5 6 2 1 2 7 0 2 0 3 224 57 8 59 48 490 2445 5106 898 5 168 96 3541 9 53 4 13 2 3 4 5 1 1 100 203 458 14 35 2081 10 18 432 48 95 29 228 131 8 184 761 324 445 81 118 411 6 4 12 8 4 536 665 2226 1601 38 13 33 417 5 507 15 8 2 0 1 2 0 3 1 1 0 0 0 0 2 0 15 119 2 3 8 5 248 29 27 3 4 1 0 2 7 1 9 5 5 2 3 3 11 0 0 28 37 57 2 96 2 2 80 604 16 41 1251 7 37 75 3 0 95 15 3 20 67 1 1 0 4 3 0 256 140 40 227 4 5 3 4 127 499 16 36 1343 288 0 15 11 0 229 13 23 53 177 1 3 263 68 7 2 0 3 1 0 2
4 1 1 2 9 12 1 1 4 1 1 21 4706 57 96 59 112 3723 2222 109 16 61 34 842 51 3 258 124 41 2 13 21 92 21 35 3 65 1122 521 41 354 239 2360 943 898 5621 41 167 204 398 6 6 15 59 6 2 64 64 15 4 989 200 666 560 426 2074 89 79 449 77 88 35 312 450 131 470 67 153 46 13 81 43 36 39 55 33 16 201 480 523 4060 126 34 88 1091 73 48 1 33 43 2 21 1 2 18 3 1 2 0 0 0 11 13 299 2216 32 15 231 13 3641 177 1056 22 6 10 2 8 128 5 262 35 36 25 10 9 55 8 1 57 145 1034 16 1320 13 11 281 2718 384 180 6287 56 61 115 6 4 106 8 8 12 36 7 13 1 10 63 15 831 710 76 774 19 28 28 19 160 1613 24 31 1852 356 4 21 175 24 279 28 19 27 149 6 7 241 112 75 10 1 10 4 7 7
5 0 4 4 11 10 0 2 5 2 1 20 1 3634 904 52 220 149 36 119 95 238 194 1994 2659 284 1664 85 151 5 41 31 252 709 1000 2321 923 616 70 2768 181 217 1039 41 5 41 10778 10 49 4 1 3 112 334 14 15 326 397 1793 376 99 33 278 471 108 3 436 2657 69 18 16 53 550 200 321 15 45 6 109 0 6 1 196 220 169 317 1097 6 22 6 46 22 9 19 362 154 47 0 303 185 1 2 1 0 2 1 0 2 0 0 1 2 1 0 5 3 91 5 115 28 241 43 103 24 16 2 22 2 0 5 5 1 2 41 15 163 6 0 340 439 9 41 4 2 29 5 7 0 156 23 19 1 1 1 0 2 1 0 0 1 5 1 1 1 7 19 4 4 0 2 11 1 5 21 3 8 3 2 12 6 5 109 84 6 4 69 1 1 5 2 7 8 3 7 33 0 10 7 0 3
1 0 2 0 4 6 0 3 4 0 0 8 20 13 48 26 11 135 40 17 5 36 27 41 25 5 13 17 26 2 3 4 4 4 9 0 4 16 138 15 117 28 466 59 168 167 10 19548 175 156 7 17 8 31 4 1 25 28 2 1 592 14048 4717 58 62 41 39 34 1652 600 6751 3 13 3 86 4720 18 11 14 5 970 41 18 20 20 17 4 730 3757 406 1667 90 59 135 1321 48 17 0 11 12 0 3 0 0 0 0 0 1 0 0 0 2 1 1 9 1 2 11 2 38 8 8 3 1 0 1 1 6 3 3 3 3 0 1 1 0 0 1 11 0 17 10 25 2 0 223 147 4 23 143 21 254 1143 7 16 567 9 8 32 107 0 1 0 2 1 2 65 320 344 31 4 2 5 4 505 193 76 195 1063 256 1 10 3 3 526 13 121 189 1399 2 2 1373 425 6 7 0 1 0 2 5
12 1 22 4 8 5 2 11 1 11 0 15 13 13 61 115 23 280 63 43 9 81 226 415 63 44 57 19 7 2 2 2 4 1 6 1 11 20 80 80 3210 1295 4069 30 96 204 49 175 9325 36 37 20 12 27 8 4 12 4 6 2 264 257 99 20 14 36 24 21 69 613 226 3 16 8 7 153 10 9 7 4 224 15 44 15 35 25 11 262 469 135 581 6542 561 5785 7478 7 8 1 24 6 0 1 1 0 0 0 0 0 0 1 0 0 0 1 13 0 2 2 3 36 8 5 1 0 1 0 1 4 0 2 1 1 1 5 1 6 0 0 6 5 7 1 7 1 2 20 60 0 5 81 0 20 62 1 0 56 5 1 4 17 0 0 0 0 1 0 16 28 29 19 1 0 0 1 46 55 11 17 180 43 1 3 2 1 45 7 19 10 140 0 1 110 34 2 1 0 0 0 0 0
0 0 4 0 0 0 2 1 129 13 0 6 311 0 2 5 24 29 321 48 4 15 7 8 13 1 2 1 3 0 0 1 5 1 2 0 6 134 10 4 44 14 148 1242 3541 398 4 156 36 6808 81 721 3 10 3 0 3 0 0 0 36 172 148 5 7 1704 6 5 71 50 126 45 179 572 2 110 1212 529 475 830 301 4451 3 1 7 4 1 2223 1332 4611 793 27 22 23 207 2 967 26 3 1 1 0 1 0 0 1 0 1 1 0 0 4 1 1 11 2 5 3 1 34 13 8 1 3 2 1 1 2 0 0 2 1 1 4 3 11 0 0 35 26 6 1 7 3 1 51 227 3 31 125 2 77 221 5 2 263 86 16 112 223 2 1 0 1 3 2 28 77 61 149 0 0 0 1 109 59 73 110 500 66 1 15 4 2 108 27 163 535 1015 0 4 400 106 2 4 0 1 1 1 2
30 4 54 12 19 28 17 35 7 14 0 23 2 1 1 2 1 4 10 2 3 3 4 4 8 2 2 1 8 12 9 2 3 0 0 2 0 1 1 2 296 2 14 20 9 6 1 7 37 81 12846 21640 11 4 135 16 4 2 0 0 7 11 9 1 1 31 6 1 2 80 16 3 5 13 6 2 20 9 9 1948 1062 369 183 7 24 6 4 232 23 27 12 6315 9391 242 65 10 24 6 2 3 2 1 0 0 0 0 1 1 0 0 0 0 0 0 0 0 0 0 0 0 1 0 0 3 1 0 1 0 0 0 0 0 0 3 0 7 0 0 2 1 0 0 1 3 0 0 1 0 2 1 0 16 6 2 3 2 467 124 402 291 6 0 0 0 0 0 0 4 1 1 0 0 1 1 0 2 113 67 8 0 2 5 4 0 0 7 51 7 141 0 7 5 13 1 1 0 1 0 0 0
63 18 89 41 38 49 26 69 27 34 5 55 16 0 1 0 7 3 60 8 4 6 9 8 11 0 4 2 27 9 20 5 8 0 0 0 2 29 2 8 344 6 17 117 53 6 3 17 20 721 21640 30827 20 4 298 33 6 0 0 1 7 59 12 5 3 251 10 3 4 201 176 8 25 140 24 5 162 53 61 23883 5197 2345 319 12 42 8 9 1123 109 173 46 2955 4943 88 68 35 156 12 10 7 2 0 5 4 1 2 2 2 0 0 0 3 0 0 0 0 3 0 0 1 0 2 0 2 1 0 1 0 0 0 1 0 2 13 2 9 0 0 9 6 1 1 1 13 0 6 10 0 8 5 0 97 26 16 3 12 3023 969 3363 1914 36 1 0 1 3 0 1 8 7 23 6 1 0 1 3 1 626 336 33 7 3 16 20 2 5 14 517 28 897 1 79 49 101 1 11 0 4 0 1 1
1357 197 874 539 981 807 767 1232 163 429 56 740 0 38 14 15 2 24 3 3 25 70 21 59 238 18 156 39 1885 540 636 27 50 18 12 4 13 23 41 84 80 5 139 3 4 15 112 8 12 3 11 20 8533 9135 7245 28 500 53 9 11 52 27 208 83 54 2 605 126 68 9 12 92 33 123 619 24 54 5 53 1 13 2 2398 838 118 210 566 3 13 4 38 41 15 3 116 616 157 5308 417 602 18 2 11 9 5 37 28 24 20 11 9 107 1 1 1 0 11 0 2 8 11 2 0 26 7 1 4 0 1 1 21 3 27 142 19 203 0 1 62 34 1 1 5 9 26 1 7 0 9 6 3 0 1 1 0 0 1 0 1 2 4 4 3 13 38 2 2 3 0 1 16 4 13 12 0 3 0 1 4 0 76 84 27 2 3 45 1 0 1 0 16 1 0 26 36 9 22 1 0 2
1157 292 923 732 1373 1084 334 884 75 368 55 1029 1 95 36 22 6 70 8 2 40 113 38 180 670 29 418 93 6674 729 1222 52 70 27 26 10 22 23 101 263 103 19 420 7 13 59 334 31 27 10 4 4 9135 7057 825 14 1933 64 21 17 161 84 531 328 161 6 3807 377 190 20 16 86 84 157 1682 56 66 2 68 0 8 0 1413 6032 187 602 1694 12 44 22 80 15 10 11 346 1093 144 2060 1129 1727 20 9 16 9 6 21 15 13 20 16 8 110 0 2 2 0 13 2 2 19 19 5 2 23 16 1 1 0 0 1 22 2 28 183 23 226 0 0 113 46 9 6 10 6 31 1 18 1 10 37 2 0 2 4 0 3 0 0 1 0 9 13 4 14 56 4 2 6 2 4 22 9 6 8 4 12 0 0 23 4 110 116 29 1 7 76 1 2 2 4 53 4 1 33 45 6 44 5 1 2
511 78 434 203 290 255 303 541 67 180 28 315 1 13 4 3 0 3 0 2 12 37 11 19 74 3 27 12 466 152 150 13 22 9 5 1 6 4 11 21 1111 0 46 1 2 6 14 4 8 3 135 298 7245 825 22565 606 55 18 1 2 14 12 49 19 8 2 126 32 23 31 3 36 25 63 130 3 28 2 27 10 110 5 6314 211 207 108 98 16 9 5 18 483 236 34 46 167 58 1955 120 101 4 0 5 3 3 7 6 7 4 8 9 35 0 2 0 0 10 0 1 0 5 1 0 7 7 1 1 0 0 0 9 0 11 71 9 100 0 0 38 20 0 0 1 1 13 0 1 1 7 2 2 1 0 0 0 0 9 0 3 5 3 0 0 8 20 4 0 1 0 1 3 2 5 3 1 1 2 1 1 1 27 42 13 1 0 30 0 0 8 2 10 1 0 9 10 3 10 0 0 3
87 33 202 127 141 210 26 97 15 68 12 254 0 7 6 1 1 6 0 3 707 322 50 16 102 9 16 3 59 27 80 18 49 14 1 1 7 13 6 22 808 3 32 3 3 2 15 1 4 0 16 33 28 14 606 2070 19 23 1 5 12 5 26 14 3 1 23 23 15 9 0 47 52 35 102 0 10 1 33 0 22 4 3627 38 2044 50 53 6 4 2 7 93 35 11 28 143 34 20 120 39 1 0 4 2 5 7 1 2 1 1 2 16 0 0 1 0 6 0 0 1 6 1 0 12 4 0 2 1 0 0 2 2 9 35 5 75 0 0 56 16 1 3 0 1 11 0 4 0 8 0 0 0 0 1 0 1 1 2 2 0 3 1 0 3 13 2 0 0 0 0 5 2 2 7 0 1 1 2 1 0 20 45 6 2 0 18 0 0 3 2 12 1 0 8 5 0 7 2 1 0
90 108 93 330 2992 537 14 31 6 40 10 321 2 137 82 29 7 84 3 4 46 93 15 141 509 7 416 143 4681 7453 11010 24 30 30 33 28 32 17 149 166 102 14 295 6 4 64 326 25 12 3 4 6 500 1933 55 19 10047 88 26 23 180 65 466 362 222 6 8287 456 293 10 13 20 49 55 3387 32 17 4 22 0 8 1 369 961 194 1735 3012 6 24 15 71 9 6 7 229 3111 43 12 4364 8417 4 1 8 1 3 4 1 2 5 5 2 20 0 4 7 0 4 0 2 36 9 3 1 3 4 0 0 0 0 4 4 0 4 25 2 43 0 0 30 20 14 0 9 2 12 5 14 0 6 64 2 0 3 1 0 6 0 0 0 2 2 1 0 5 9 0 10 6 1 3 3 2 2 2 0 27 0 0 33 6 11 19 9 1 7 15 0 1 3 1 4 4 1 5 6 0 4 0 0 0
2 0 6 1 45 88 1 2 8 3 2 205 6 1360 407 72 145 118 12 59 140 223 99 105 32 11 263 219 96 3 22 6352 2955 4065 150 521 1705 1049 184 102 185 5 90 10 5 64 397 28 4 0 2 0 53 64 18 23 88 8535 3260 7360 234 61 147 136 153 3 82 3511 297 4 11 329 725 79 6645 50 14 0 85 0 11 1 107 52 143 33 65 5 10 6 27 12 7 3 67 2018 42 0 23 126 3 1 1 0 4 4 0 2 0 0 3 8 2 24 79 0 6 12 10 202 29 7 4 14 10 0 5 4 0 6 3 3 5 44 14 111 0 1 105 64 70 1 40 4 24 8 30 10 17 228 2 1 4 0 1 1 0 3 1 0 0 5 1 3 21 1 29 17 1 6 6 0 5 10 6 38 1 0 27 9 10 57 17 1 7 21 0 0 2 0 13 5 2 6 9 1 19 3 1 1
0 0 0 0 6 0 0 1 2 1 0 5 0 2446 333 22 28 23 3 10 9 16 10 198 16 17 443 75 17 0 6 23 72 769 687 3194 636 180 44 240 32 17 151 5 1 15 1793 2 6 0 0 0 9 21 1 1 26 3260 697 1239 38 11 86 144 81 0 18 1154 69 2 7 11 102 8 169 4 3 0 12 0 1 0 7 9 10 4 4 1 2 2 10 1 0 4 53 72 7 0 10 32 1 0 0 0 0 1 0 0 0 0 0 1 0 0 3 0 11 2 8 14 15 4 4 5 2 0 1 0 0 1 1 0 0 4 3 14 0 0 21 20 2 3 4 1 1 1 3 1 6 11 2 0 0 1 0 1 0 0 0 1 0 0 0 1 1 2 1 1 0 2 0 0 0 5 1 5 0 1 6 2 0 13 7 0 2 2 0 0 0 0 1 1 1 0 4 0 0 0 0 0
3 0 0 0 23 28 0 1 1 0 0 49 0 339 67 9 18 23 4 10 114 193 134 30 24 8 62 15 33 1 12 565 691 4938 83 471 679 463 41 51 110 0 28 1 1 4 376 1 2 0 0 1 11 17 2 5 23 7360 1239 4543 35 4 24 33 19 0 11 1172 23 0 1 77 282 16 1224 2 5 0 15 0 0 0 27 10 49 16 13 0 2 1 3 1 1 2 10 765 10 3 16 32 2 1 0 0 0 0 0 0 0 0 0 4 2 1 5 0 3 1 7 17 11 0 1 6 4 0 1 0 0 0 1 0 1 13 1 33 0 0 23 20 6 1 5 0 8 1 1 0 8 21 2 0 0 0 0 1 1 0 0 1 2 2 0 0 7 2 4 6 0 0 0 0 4 1 0 5 2 0 2 0 3 22 3 0 0 12 0 0 0 0 6 0 2 0 2 0 6 0 0 0
1 0 1 5 27 30 0 1 7 3 0 44 31 221 994 356 360 5586 226 697 42 125 90 1256 115 35 404 434 144 11 24 69 181 89 76 6 237 741 13682 88 579 283 3316 98 100 989 99 592 264 36 7 7 52 161 14 12 180 234 38 35 9996 349 1660 1083 964 98 188 243 6476 140 188 48 228 23 496 16266 12 1 33 1 89 7 86 109 113 91 44 94 485 97 3039 173 44 131 1736 337 24 3 70 97 0 7 0 0 4 2 2 6 1 0 1 6 6 66 287 9 22 47 18 545 110 83 15 7 4 3 7 52 4 54 22 34 10 14 8 49 1 0 74 119 317 21 540 7 9 162 1052 41 88 2009 25 33 79 3 5 70 0 1 2 17 1 14 0 10 26 11 376 353 55 144 7 16 12 18 117 967 12 23 1166 213 2 27 20 14 207 41 11 17 97 7 8 171 66 33 6 2 7 6 3 8
4 0 2 2 10 9 1 3 4 0 0 13 25 58 86 42 10 128 33 23 13 84 43 70 75 12 48 34 68 3 8 8 11 6 13 1 4 17 227 25 200 61 506 58 203 200 33 14048 257 172 11 59 27 84 12 5 65 61 11 4 349 9885 6459 237 243 55 102 93 1502 5517 4506 1 16 13 180 1041 26 11 13 13 1143 62 91 68 58 55 20 1601 2786 516 1068 186 418 399 4534 79 18 1 33 44 0 1 0 1 0 0 1 2 0 0 0 0 0 1 8 2 2 6 0 21 8 10 1 0 1 1 1 2 0 0 2 1 1 0 0 2 0 0 6 4 7 5 19 4 1 117 135 6 23 129 13 194 636 9 12 242 14 4 43 186 0 1 0 1 3 2 46 188 214 23 2 4 0 0 292 153 59 199 699 160 0 3 5 1 291 8 120 130 1147 1 0 804 273 5 2 0 0 0 1 0
3 1 6 7 24 39 1 6 6 1 0 28 35 252 256 85 14 632 78 42 69 357 106 255 464 29 275 108 274 9 63 16 27 24 153 12 28 70 1314 87 174 43 1736 105 458 666 278 4717 99 148 9 12 208 531 49 26 466 147 86 24 1660 6459 32739 6813 5449 86 659 483 5349 717 703 12 48 24 461 1187 48 17 25 4 201 12 317 376 300 312 142 306 1475 481 2604 74 126 180 9939 239 25 5 224 210 0 0 0 0 0 0 0 1 0 0 0 2 0 5 31 0 7 7 5 93 25 12 9 3 0 2 3 6 2 1 3 5 3 2 2 9 0 0 32 30 33 9 52 0 3 150 247 7 43 339 10 104 347 2 9 352 5 4 12 36 1 0 0 3 5 0 117 233 153 63 1 4 7 6 393 340 30 92 1256 315 2 15 7 2 412 19 32 76 336 0 1 736 157 7 7 0 2 0 1 1
3 0 3 0 12 15 0 1 2 0 0 16 30 685 482 260 30 2186 100 43 38 104 33 842 222 4 2858 1753 206 4 49 17 27 40 583 23 57 85 1170 140 82 11 3373 17 14 560 471 58 20 5 1 5 83 328 19 14 362 136 144 33 1083 237 6813 4590 3855 12 437 625 1366 45 39 6 49 12 272 119 5 2 12 0 12 0 208 229 159 216 111 17 66 23 258 21 9 27 1225 113 8 5 146 209 0 6 0 1 2 0 0 2 1 0 0 2 3 71 340 5 9 30 7 791 31 69 6 1 5 1 2 12 1 47 8 1 4 12 4 11 0 1 21 38 233 4 168 4 1 29 142 34 13 636 2 4 5 1 2 8 0 0 0 2 0 1 0 1 9 2 95 90 5 24 3 1 2 1 16 90 3 0 81 23 1 8 9 3 22 9 2 1 12 0 0 18 9 10 2 0 2 0 2 3
3 0 2 3 9 12 0 0 0 0 0 12 28 382 825 521 15 1053 36 19 11 37 17 138 59 2 927 1554 152 9 48 8 26 26 243 10 32 55 4528 21 70 17 1020 18 35 426 108 62 14 7 1 3 54 161 8 3 222 153 81 19 964 243 5449 3855 4766 14 200 347 2160 36 69 2 28 5 316 166 3 1 7 0 10 2 66 99 52 59 36 20 52 22 203 18 8 18 1221 120 1 2 53 152 0 2 0 2 2 0 0 0 0 0 0 4 1 86 289 4 4 39 5 716 23 48 6 3 3 1 0 26 2 59 8 12 9 5 3 14 1 1 14 26 254 3 236 1 3 44 187 29 20 820 9 9 14 0 0 10 1 0 0 2 0 1 0 3 10 5 136 124 14 23 4 2 5 2 20 232 0 2 184 44 0 2 7 4 35 4 3 1 8 1 1 27 13 21 0 0 2 0 0 0
0 0 0 0 0 0 0 2 87 7 2 0 1713 3 5 5 15 409 170 18 5 11 11 15 6 1 4 3 1 0 0 1 6 2 1 0 5 102 13 4 11 17 143 687 2081 2074 3 41 36 1704 31 251 2 6 2 1 6 3 0 0 98 55 86 12 14 1341 4 1 59 11 20 41 101 404 4 87 900 515 329 234 67 1319 8 3 8 2 1 388 170 382 951 10 10 8 130 1 657 12 2 1 0 1 1 0 0 0 0 1 1 0 0 2 0 14 435 0 1 8 1 372 29 74 4 2 1 0 1 8 1 9 2 0 0 1 2 13 1 0 17 19 34 2 52 0 2 17 264 74 22 542 2 9 19 0 0 14 33 1 36 36 0 0 0 1 1 1 37 42 8 542 0 2 1 1 23 71 11 8 142 18 2 6 30 0 28 2 13 10 73 0 0 50 12 1 1 0 0 0 0 0
171 112 242 311 913 637 25 100 21 97 9 558 1 90 57 23 8 106 12 8 49 220 50 223 1033 33 481 103 6998 595 1750 29 58 35 28 20 27 38 148 293 128 21 508 7 10 89 436 39 24 6 6 10 605 3807 126 23 8287 82 18 11 188 102 659 437 200 4 13511 484 260 32 13 53 82 101 2295 68 30 3 47 0 18 0 1917 6795 838 3548 2341 8 37 13 111 25 13 18 433 1577 71 24 2812 3056 2 2 11 5 5 7 3 7 8 2 2 36 0 2 12 1 20 1 3 27 22 4 6 21 16 3 2 1 1 2 10 1 9 65 11 146 0 0 83 38 9 1 10 1 18 2 19 0 22 57 5 2 2 2 2 6 1 3 0 1 9 1 0 7 24 5 13 4 6 5 10 1 5 6 7 22 2 0 32 5 39 81 28 3 3 43 2 0 2 2 19 14 0 7 17 2 24 1 1 1
2 1 2 1 11 19 3 2 16 6 3 47 5 1269 391 101 80 184 11 24 98 198 70 617 591 57 1283 366 144 7 48 115 382 1135 369 627 650 490 257 508 146 68 579 22 18 79 2657 34 21 5 1 3 126 377 32 23 456 3511 1154 1172 243 93 483 625 347 1 484 4669 432 22 23 66 683 147 793 69 84 6 203 0 8 0 213 278 215 351 1571 5 28 6 64 9 16 17 310 206 76 5 313 243 2 1 2 1 3 1 0 0 0 0 0 2 5 4 25 6 22 3 18 71 55 7 5 23 11 3 5 0 0 2 0 0 5 43 13 178 1 0 217 132 25 7 22 2 37 7 30 2 38 129 11 2 3 1 0 4 3 3 1 2 5 3 0 1 12 8 18 9 5 2 2 2 2 6 7 36 3 0 44 7 9 120 58 1 13 34 0 0 6 3 13 8 3 4 15 0 14 1 1 3
3 0 3 6 46 43 0 0 3 2 0 41 41 461 1224 194 20 477 26 36 23 54 27 176 66 6 152 399 262 21 59 27 29 32 125 4 19 43 4142 24 142 63 1287 64 432 449 69 1652 69 71 2 4 68 190 23 15 293 297 69 23 6476 1502 5349 1366 2160 59 260 432 2980 115 647 10 23 6 800 4191 14 4 17 0 148 8 124 106 97 96 37 111 560 182 2450 47 23 52 1649 357 18 5 69 188 0 4 0 0 1 2 1 2 0 0 0 3 0 14 24 1 5 9 4 129 37 40 3 2 4 1 3 11 1 3 12 22 8 3 0 12 0 1 28 34 57 8 149 0 2 213 661 15 83 1148 19 90 242 4 6 292 2 4 5 19 1 3 0 4 6 4 332 333 168 86 7 10 11 10 376 1020 26 67 2410 641 2 17 7 11 531 36 19 44 264 4 1 613 117 17 3 0 3 3 2 8
16 0 17 10 14 10 2 15 3 4 1 11 5 7 20 14 6 68 25 10 5 46 42 57 38 7 11 5 14 3 3 4 4 2 6 3 2 9 37 20 379 78 435 16 48 77 18 600 613 50 80 201 9 20 31 9 10 4 2 0 140 5517 717 45 36 11 32 22 115 3722 1018 6 3 9 24 160 8 5 7 10 1613 53 50 14 25 19 8 879 593 165 373 664 1433 1874 2474 17 9 1 22 4 0 1 0 0 0 0 0 3 0 0 0 0 0 2 4 1 3 0 0 9 3 2 0 0 0 0 1 0 1 1 0 1 0 4 0 4 0 0 6 2 3 2 4 0 1 24 41 2 9 40 2 127 149 9 5 63 30 15 107 282 1 0 0 0 0 0 14 39 52 11 0 1 0 1 47 33 94 217 137 31 1 1 2 1 48 7 131 31 874 0 0 204 117 2 3 0 0 0 0 0
7 1 4 2 4 4 0 7 4 0 0 11 15 8 22 11 9 72 22 3 3 23 19 35 14 6 8 10 15 1 1 2 5 1 4 0 1 14 82 13 229 37 233 34 95 88 16 6751 226 126 16 176 12 16 3 0 13 11 7 1 188 4506 703 39 69 20 13 23 647 1018 6569 5 5 7 55 873 23 7 5 27 9529 91 26 12 20 16 4 1746 1429 296 681 220 287 230 1085 30 8 4 5 4 0 0 0 0 0 0 0 1 0 0 0 0 0 1 2 1 1 4 1 10 4 3 3 0 0 2 2 8 2 1 0 2 0 1 0 2 0 0 1 3 7 3 11 2 0 71 79 2 11 48 3 248 371 12 7 127 57 16 206 568 0 0 0 0 2 0 20 75 121 18 0 1 0 0 106 68 227 447 296 73 0 7 10 0 107 9 309 67 1810 0 1 377 246 4 3 0 0 0 0 2
49 12 33 43 296 629 56 37 687 1993 1192 2649 22 20 12 1 7 41 9 11 288 348 74 6 60 3 12 5 105 32 16 837 3093 122 1 3 59 125 27 19 314 1 18 56 29 35 53 3 3 45 3 8 92 86 36 47 20 329 11 77 48 1 12 6 2 41 53 66 10 6 5 5877 2937 301 214 4 2850 117 5122 7 7 29 224 83 338 54 21 22 9 23 11 13 15 3 7 1949 9123 180 44 10 54 9 63 29 18 111 46 46 74 43 36 428 1 3 17 0 16 1 8 34 44 3 10 31 23 1 4 1 0 1 38 2 46 196 7 179 0 0 127 69 10 4 6 13 36 1 7 0 32 28 7 0 0 4 0 0 6 2 1 6 27 13 5 61 48 6 4 7 0 0 22 10 9 12 3 4 3 0 9 1 257 106 50 1 4 73 1 0 0 5 66 1 1 22 156 22 26 2 2 2
