36561 8539 7831 7613 3480 5481 10293 13132 198 2501 508 6545 0 2 2 1 1 4 0 1 203 79 9 11 28 0 8 9 5633 7771 230 68 385 24 2 1 6 15 6 14 1353 9 15 0 1 10 8 40 34 3 33 200 1455 1137 623 294 90 21 2 4 8 13 22 11 19 1 399 35 16 76 59 144 60 10 133 16 36 0 278 7 259 10 1014 889 897 135 25 92 29 3 22 315 210 24 33 204 63 2077 75 45 27 8 66 43 4 72 17 21 31 43 100 103 0 0 0 0 0 1 2 0 1 0 0 4 1 1 3 0 0 0 28 0 11 36 0 24 0 0 19 22 2 0 0 8 17 0 2 0 3 2 0 0 3 12 0 1 6 4 0 3 10 4 4 5 2 0 2 0 1 0 8 1 0 0 0 0 2 0 3 0 80 25 1 0 1 29 2 1 6 1 10 3 4 2 29 14 7 1 0 0
8539 11075 11549 15182 4660 4789 178 186 35 377 258 4489 1 0 0 0 1 1 0 0 109 42 6 0 7 0 4 3 751 5229 557 25 173 6 1 0 4 9 2 3 455 5 4 0 0 7 3 10 5 0 5 36 274 203 95 94 42 4 1 0 1 7 5 2 11 0 181 11 1 17 9 50 32 3 39 4 18 0 115 1 55 2 293 280 395 81 10 16 5 0 1 62 47 8 5 123 28 182 46 12 17 8 111 14 1 45 9 15 26 19 56 71 0 0 0 0 0 0 0 0 0 0 0 0 3 2 1 0 0 0 11 0 5 27 0 15 0 0 14 12 1 0 0 2 15 0 0 1 0 0 0 0 0 3 0 0 2 4 2 1 11 4 2 2 2 0 0 0 0 1 6 4 0 0 0 0 0 1 1 0 35 21 2 0 1 9 0 0 0 0 7 0 0 2 17 13 3 0 0 0
7831 11549 20670 7380 232 5098 489 7651 78 6725 425 24426 0 1 1 0 1 0 1 1 124 46 7 12 26 0 8 7 554 240 47 14 70 11 0 0 2 17 1 1 770 2 8 2 1 5 6 28 11 3 15 89 453 372 208 170 25 11 2 0 2 7 5 6 10 0 260 21 5 28 21 138 44 4 59 8 37 0 209 2 125 4 517 433 595 98 13 42 19 0 13 118 95 13 15 33 65 390 58 24 277 22 963 41 5 268 88 39 109 58 195 173 0 0 0 0 0 1 0 3 0 0 1 14 2 1 1 0 0 0 48 5 20 45 1 31 0 0 20 22 1 2 0 12 47 1 0 0 2 1 0 0 1 4 2 0 2 13 2 4 22 18 9 21 4 0 5 0 0 0 53 8 1 0 0 0 7 0 4 0 99 56 1 2 0 28 1 0 1 10 40 6 5 4 33 43 21 2 0 0
7613 15182 7380 17273 10433 11840 96 104 29 221 189 5695 0 1 0 0 0 1 0 0 110 68 2 2 10 1 2 4 475 3010 1424 31 244 4 0 0 0 5 2 3 320 0 2 1 0 3 4 5 6 0 3 19 175 164 66 62 40 4 0 0 2 2 2 1 2 0 149 7 3 9 2 86 36 2 25 0 18 0 73 1 33 2 190 184 344 64 8 6 1 1 5 21 23 3 8 208 63 137 62 10 34 11 435 43 5 92 20 24 52 41 104 140 0 0 0 0 0 0 0 1 0 2 2 8 1 1 2 0 0 0 30 1 10 40 0 20 0 0 14 18 1 2 0 3 33 0 1 0 5 4 2 0 0 9 0 0 3 4 0 0 12 8 4 11 0 0 0 0 0 0 13 3 0 0 0 3 2 0 6 0 98 32 5 0 0 22 1 0 0 1 12 1 0 2 39 15 12 0 0 2
3480 4660 232 10433 19019 11392 379 117 73 233 220 2986 16 0 3 7 4 30 14 1 322 224 18 10 69 5 11 13 3580 10713 16007 1390 2538 44 3 0 37 232 18 10 463 11 28 3 22 179 16 25 11 2 9 38 452 576 210 104 936 49 3 10 25 21 11 20 23 4 482 27 38 34 36 706 493 23 272 12 38 3 110 0 48 2 327 443 499 174 24 24 6 2 116 70 35 2 17 5669 207 524 145 56 61 15 87 54 7 118 34 34 66 51 160 206 0 1 5 0 0 1 0 5 10 7 7 14 1 2 1 0 0 1 35 0 20 56 1 30 0 0 28 26 12 0 0 7 24 0 2 0 16 15 4 1 1 6 0 1 3 4 1 2 11 6 5 11 5 0 5 2 0 0 16 7 2 0 0 2 1 0 13 1 124 55 4 0 4 31 1 1 3 4 10 2 1 3 45 26 16 1 0 0
5481 4789 5098 11840 11392 17767 324 630 74 958 456 19924 2 0 0 2 3 5 3 0 376 218 13 6 55 1 10 5 1357 3867 3117 1903 3487 19 0 0 8 65 5 3 562 6 9 4 5 61 5 11 3 1 6 34 361 314 118 126 85 15 3 1 6 6 10 7 11 1 327 22 6 15 12 595 178 17 81 7 58 1 210 0 63 0 372 406 708 221 29 25 6 0 20 61 43 6 12 3021 271 356 147 14 128 47 228 181 15 334 90 89 200 134 431 478 0 0 2 0 0 1 0 6 4 3 1 14 10 2 2 0 0 1 88 2 34 126 0 64 0 0 43 45 1 3 1 19 64 0 4 1 9 6 3 1 0 20 2 0 1 15 0 3 37 15 13 44 6 0 5 3 1 0 50 14 1 0 0 1 8 0 8 0 248 94 4 3 1 70 1 0 2 4 38 3 5 8 107 65 31 3 0 4
10293 178 489 96 379 324 6927 6575 606 2924 246 694 0 0 0 2 0 0 1 0 12 20 8 0 11 0 3 2 3684 2069 113 47 134 4 1 0 6 10 4 4 161 6 5 0 0 1 3 26 18 1 22 111 1322 949 739 73 34 5 1 1 2 9 4 4 3 1 57 6 6 31 25 51 39 2 39 6 20 1 86 3 135 6 289 246 102 23 6 46 16 0 5 127 92 6 8 132 149 8077 22 21 17 6 20 22 2 41 5 7 23 18 48 66 0 0 2 0 0 0 0 0 1 1 0 5 2 0 0 0 0 0 7 0 5 15 0 6 0 0 5 8 0 1 0 2 3 0 1 0 3 2 0 1 1 1 0 1 4 3 2 2 4 2 1 7 1 0 0 1 0 0 9 1 0 0 0 0 2 0 1 0 40 9 0 0 0 5 1 1 5 1 0 2 0 0 23 12 3 0 0 0
13132 186 7651 104 117 630 6575 20463 2704 29788 953 3814 1 2 1 2 0 1 1 0 58 24 4 3 18 1 9 6 1028 718 33 18 63 8 0 0 4 8 2 3 810 5 8 0 0 8 3 36 27 2 26 170 1043 704 460 219 18 19 1 0 4 16 5 6 16 0 135 17 9 57 41 119 42 6 61 11 57 1 369 3 218 7 655 491 398 57 22 81 26 2 9 210 176 22 16 38 91 3136 38 19 27 8 31 31 4 73 21 17 41 23 70 106 0 1 0 0 0 0 0 1 1 0 0 5 3 0 0 0 0 0 18 0 15 31 0 19 1 0 17 15 1 0 0 8 19 0 0 0 2 1 0 0 0 2 0 0 5 3 4 2 12 5 4 8 3 0 1 0 0 0 8 0 0 0 1 1 2 1 1 0 67 34 2 0 0 18 1 0 3 1 10 3 1 2 23 14 8 0 0 0
198 35 78 29 73 74 606 2704 2177 4614 510 301 11 0 0 0 1 1 2 0 14 11 8 0 9 1 0 1 144 144 18 37 213 3 1 0 0 33 1 0 56 1 3 4 38 10 4 3 3 101 11 37 67 44 45 20 8 6 0 0 5 1 2 1 1 49 23 6 4 5 0 521 425 121 17 8 748 31 324 13 53 67 38 29 29 6 4 88 74 88 91 14 15 0 2 40 2290 1079 6 0 22 6 37 38 3 63 20 13 30 24 66 85 0 0 0 0 0 2 0 2 2 0 2 9 4 3 2 0 0 0 21 1 8 27 0 18 0 0 11 10 2 0 1 5 24 0 0 1 4 1 2 2 0 4 0 1 9 3 6 8 8 4 2 4 0 0 3 1 1 0 16 5 0 0 1 1 0 1 7 1 48 28 3 1 2 23 2 2 4 1 5 4 3 1 23 13 8 0 0 0
2501 377 6725 221 233 958 2924 29788 4614 45462 20859 43157 1 0 1 0 1 5 5 0 60 28 4 1 15 1 1 4 694 559 44 88 822 16 1 0 2 32 1 4 627 3 8 2 1 17 3 18 16 10 22 126 857 411 336 183 31 14 0 1 6 7 4 3 9 4 152 9 9 45 27 1768 298 32 65 5 956 5 6749 6 168 10 485 351 291 51 12 56 23 5 14 171 120 17 13 91 3853 3921 34 12 196 56 362 240 30 556 135 146 277 232 740 838 0 0 0 0 3 4 2 2 9 7 2 47 10 3 3 0 0 0 146 2 62 241 2 139 1 1 89 76 13 6 0 40 145 3 0 0 10 9 1 0 2 39 1 0 11 15 3 11 54 44 23 55 14 0 8 3 0 0 99 28 1 0 0 7 13 3 10 1 475 197 13 2 4 152 1 1 6 10 68 6 10 13 235 139 48 7 0 5
508 258 425 189 220 456 246 953 510 20859 5700 3800 2 0 0 0 1 0 2 1 38 24 0 0 10 1 1 0 170 326 84 44 952 5 0 0 0 13 3 1 133 0 1 1 3 12 0 5 3 0 2 23 154 71 55 38 7 3 0 0 1 0 3 1 1 0 30 5 0 9 3 1581 155 10 20 1 421 1 708 0 28 1 101 62 60 19 4 10 4 2 5 21 19 3 3 108 2579 768 27 4 162 45 258 187 18 401 107 106 226 169 499 555 0 0 1 0 1 1 1 3 0 4 0 15 8 1 3 2 0 0 82 0 32 124 0 43 0 0 38 34 1 2 0 11 51 3 0 0 2 1 2 1 1 16 0 0 3 3 0 7 33 14 22 35 3 0 5 5 0 1 50 13 0 0 0 2 9 0 5 0 248 75 3 1 0 56 2 0 1 8 27 3 8 5 163 102 23 1 0 1
6545 4489 24426 5695 2986 19924 694 3814 301 43157 3800 33182 4 0 0 1 0 5 6 3 352 224 11 2 51 1 6 3 981 2066 849 314 894 20 0 0 5 42 6 8 782 0 11 8 3 32 12 13 19 0 8 78 442 379 196 171 40 25 1 2 6 6 6 6 11 1 258 29 2 24 19 1015 184 11 72 5 217 2 2418 4 101 2 451 447 709 180 25 31 16 1 16 98 54 9 14 1427 1104 881 155 29 256 76 402 334 41 704 210 197 384 270 867 982 1 0 1 0 3 2 3 1 7 3 3 29 19 4 5 1 1 1 175 3 65 212 0 96 1 0 55 85 14 7 1 26 117 1 2 0 16 5 9 0 1 27 0 0 2 32 0 3 56 38 31 64 9 0 10 5 0 0 85 33 1 0 1 2 9 1 8 1 441 129 8 1 1 104 0 0 3 6 58 2 6 15 236 141 50 2 0 3
0 1 0 0 16 2 0 1 11 1 2 4 11087 2 2 8 56 2211 10014 152 1 8 1 27 2 1 41 61 6 1 2 7 38 2 0 0 4 403 36 3 50 4 44 5769 3254 5222 6 8 3 133 2 3 3 2 2 1 0 6 0 1 93 2 0 62 37 2645 3 5 2 5 2 108 552 808 9 15 345 492 614 4 7 16 3 1 1 2 1 27 81 166 279 2 1 2 15 31 122 9 1 1 2 2 0 0 3 3 0 1 2 0 1 10 0 64 1337 2 9 132 1 2602 31 1008 8 4 0 2 1 10 1 17 14 0 11 22 0 9 0 2 73 49 868 5 66 0 7 7 140 348 243 2001 1 1 5 0 0 8 1 1 0 1 1 0 0 3 12 0 243 19 8 859 1 1 4 0 7 89 1 0 88 7 24 48 370 0 9 13 0 9 4 0 2 21 4 3 0 1 3 0 0 0
2 0 1 1 0 0 0 2 0 0 0 0 2 7659 8721 510 410 184 25 15 13 8 176 173 10 484 1679 1160 59 2 9 1 5 59 3835 1598 1219 23 244 2754 327 31 119 3 1 10 420 27 10 0 1 1 14 19 1 4 34 266 806 571 17 51 70 175 378 0 46 577 137 33 31 3 5 14 162 7 0 0 0 0 12 1 6 11 3 15 8 5 2 0 13 6 4 11 56 3 2 2 9 11 0 0 0 0 0 0 0 0 0 0 0 1 2 3 10 0 0 33 29 11 154 166 135 1 0 1 2 3 0 8 3 0 1 3 0 0 13 1 24 53 2 10 1 0 2 1 3 0 178 9 5 0 1 0 0 0 0 0 0 0 0 0 0 1 0 1 0 6 2 2 1 2 0 0 0 2 0 0 2 0 16 33 26 0 1 37 0 1 2 4 2 2 5 2 0 0 0 1 0 2
2 0 1 0 3 0 0 1 0 1 0 0 2 8721 33723 12215 1126 4889 152 397 46 34 1115 648 47 522 2314 5888 74 9 7 4 10 87 2587 879 1051 56 1073 2307 1846 196 328 7 3 55 449 175 66 1 1 5 23 32 7 2 61 324 632 288 173 215 196 327 1223 1 72 624 522 144 204 2 15 27 279 63 1 1 6 0 36 0 10 28 9 21 12 15 20 5 64 64 5 26 187 10 2 9 21 22 0 1 0 0 0 0 0 0 0 1 2 6 3 9 31 4 7 68 59 41 260 262 236 2 1 0 5 2 1 15 5 2 2 5 0 2 14 2 40 87 6 25 4 0 4 6 12 3 277 37 15 0 2 0 0 1 0 0 0 2 2 5 0 4 3 2 10 8 2 6 4 5 1 2 4 6 1 0 42 8 24 59 38 0 4 48 1 3 1 5 1 6 5 1 2 1 3 0 1 4
1 0 0 0 7 2 2 2 0 0 0 1 8 510 12215 11294 282 6475 1439 1657 18 35 533 942 38 121 1923 8363 55 5 7 11 16 76 166 49 366 89 3868 290 1791 427 385 4 3 78 100 133 83 3 3 1 17 20 6 4 28 151 142 162 418 68 59 325 353 0 57 201 269 47 72 1 14 7 128 66 1 2 1 0 23 0 9 28 7 19 11 33 49 2 76 106 16 26 121 16 1 4 11 12 0 1 0 0 1 2 0 0 0 0 1 1 6 27 103 7 3 45 5 241 53 302 28 0 0 2 2 5 1 39 1 3 0 2 0 1 11 1 10 29 54 27 14 0 4 7 7 12 99 82 9 2 4 0 0 0 0 0 0 1 0 1 0 6 3 1 9 16 6 2 4 1 2 0 1 10 0 0 21 5 11 23 23 0 2 37 0 3 2 0 1 5 2 0 0 2 4 1 0 5
1 1 1 0 4 3 0 0 1 1 1 0 56 410 1126 282 1302 1589 1438 1379 21 49 297 301 49 170 168 66 11 4 2 1 12 26 87 39 1649 993 140 630 479 62 110 11 23 478 181 30 22 4 1 0 6 5 0 0 11 56 68 44 183 27 30 53 82 18 18 67 56 23 34 4 30 128 48 25 2 2 7 0 8 0 2 9 6 10 3 7 10 3 98 22 4 9 63 5 1 2 5 7 2 1 1 1 1 2 1 0 0 0 0 13 10 12 20 2 9 17 68 32 213 82 88 10 11 3 16 14 2 39 28 2 3 24 2 12 36 2 122 179 14 121 10 4 13 13 5 5 343 25 77 2 2 0 1 1 1 2 0 1 3 9 0 12 4 8 3 10 9 7 39 22 6 3 4 2 1 3 22 1 57 156 61 2 3 56 1 1 1 6 6 2 8 10 3 0 11 6 1 23
4 1 0 1 30 5 0 1 1 5 0 5 2211 184 4889 6475 1589 12355 2863 2106 60 92 370 1268 82 89 2641 638 64 8 18 34 268 172 159 20 1315 1333 2102 205 1655 508 1091 50 41 7207 155 109 72 8 3 3 23 23 5 9 58 71 56 104 3447 80 92 909 147 140 48 94 131 52 77 27 557 213 162 98 13 24 33 0 21 2 10 31 16 24 11 33 29 8 318 114 21 47 222 118 9 8 33 12 2 8 1 1 11 8 0 2 1 1 6 27 15 314 1856 49 19 443 20 3125 147 3293 76 8 9 3 1 39 1 135 18 2 15 37 2 28 10 2 132 102 879 22 140 3 16 19 153 479 762 1140 13 4 7 1 0 9 3 0 0 2 1 2 0 2 14 0 73 76 9 267 9 6 10 1 10 95 4 4 70 6 50 128 466 0 4 113 0 5 4 3 4 29 9 12 7 0 5 1 1 7
0 0 1 0 14 3 1 1 2 5 2 6 10014 25 152 1439 1438 2863 40402 8290 44 110 283 545 121 241 600 85 25 4 4 12 97 29 60 5 291 2292 90 519 519 127 175 3433 1308 5559 242 46 39 70 1 3 14 12 5 1 14 16 30 9 162 31 26 123 38 581 37 51 16 25 21 21 479 5646 52 67 15 410 43 2 9 10 9 20 25 17 14 44 149 126 1104 40 6 22 83 48 10 4 15 6 9 8 4 3 13 6 3 8 1 7 4 43 142 247 1877 66 47 1254 277 3629 1923 8732 1122 34 40 20 51 132 30 577 80 23 18 76 8 43 230 15 499 661 419 426 103 4 52 68 115 243 3730 732 185 20 16 4 1 9 1 8 1 3 14 39 4 29 17 32 105 141 43 256 110 90 27 12 35 54 7 4 226 20 298 780 1866 17 24 920 5 15 11 51 20 37 39 30 33 9 59 13 5 63
1 0 1 0 1 0 0 0 0 0 1 3 152 15 397 1657 1379 2106 8290 4673 18 51 375 539 71 246 285 39 4 1 2 4 18 7 54 4 775 245 195 585 529 109 165 126 63 223 115 48 36 5 0 1 5 2 0 1 7 7 18 6 203 47 42 89 47 24 21 24 40 33 40 4 21 410 9 44 1 20 3 0 9 0 1 16 2 9 3 13 24 10 156 49 5 31 96 2 0 0 8 1 7 3 1 1 2 4 0 1 1 0 3 11 45 47 55 22 16 62 86 82 488 436 273 8 14 11 25 49 11 185 68 13 3 27 2 10 85 9 103 197 13 268 25 0 15 32 18 7 739 43 134 17 5 1 4 1 2 4 1 1 15 29 3 22 3 19 9 52 28 7 54 56 13 16 12 7 6 2 32 2 52 151 121 11 1 145 0 1 2 30 10 13 13 11 8 0 21 8 2 24
203 109 124 110 322 376 12 58 14 60 38 352 1 13 46 18 21 60 44 18 12335 7804 2344 70 418 67 29 8 188 118 99 129 512 385 4 5 195 726 39 87 1463 33 95 39 6 67 66 25 29 6 2 5 54 58 34 1602 105 251 25 46 31 33 26 28 33 3 91 178 17 32 29 123 492 45 1135 31 30 2 115 1 14 0 329 56 6455 357 126 7 20 0 60 43 9 23 72 272 45 48 1001 86 1 2 2 4 0 8 2 5 5 5 9 24 0 1 4 1 2 1 6 4 10 6 6 14 1 1 5 0 0 0 8 0 4 24 1 20 1 0 46 50 4 3 0 0 13 0 1 0 36 8 6 0 2 1 0 1 0 0 0 0 4 7 1 0 2 0 3 2 0 3 9 5 0 0 1 1 2 1 8 2 52 86 9 0 1 32 1 0 0 2 3 4 3 0 5 6 4 1 0 1
79 42 46 68 224 218 20 24 11 28 24 224 8 8 34 35 49 92 110 51 7804 20842 4695 549 4670 696 228 40 252 78 76 164 574 485 26 4 258 1089 65 1176 749 142 629 100 6 173 369 169 180 5 5 26 139 140 90 419 169 383 25 85 122 241 165 187 94 4 383 451 62 220 78 130 802 77 1626 144 37 7 165 1 80 2 673 527 4763 1707 423 45 78 6 208 198 74 195 592 286 64 55 3205 178 3 2 3 3 2 6 3 6 3 8 14 25 0 0 2 0 6 0 5 5 31 7 14 18 6 2 2 1 0 0 4 2 4 33 0 24 2 1 75 118 3 4 3 1 22 1 5 0 56 11 3 3 6 8 0 1 3 2 1 5 5 1 2 2 4 1 9 2 3 1 12 3 0 0 3 6 1 0 23 4 94 139 27 0 10 67 3 3 6 4 6 13 5 2 6 2 4 1 0 3
9 6 7 2 18 13 8 4 8 4 0 11 1 176 1115 533 297 370 283 375 2344 4695 11007 5896 751 4632 439 136 84 23 24 36 278 492 20 18 740 1170 173 2368 6521 1079 636 66 9 98 393 174 356 4 5 4 33 33 7 33 51 115 73 208 126 96 42 66 52 4 61 156 54 105 57 42 296 32 301 144 12 3 58 0 30 3 32 55 163 70 23 38 66 8 175 245 33 154 369 48 16 7 172 22 2 0 1 4 0 4 0 0 0 4 3 11 0 2 6 0 2 5 23 14 43 36 32 2 1 0 0 2 0 4 1 0 1 13 3 6 2 1 38 57 1 8 5 0 9 2 3 3 76 13 4 1 7 0 0 0 1 1 0 2 3 2 0 0 2 1 0 5 2 0 8 2 0 1 8 4 1 1 20 1 30 65 13 0 6 34 2 5 3 1 1 5 0 1 1 1 1 2 0 2
11 0 12 2 10 6 0 3 0 1 0 2 27 173 648 942 301 1268 545 539 70 549 5896 17647 492 3609 5220 312 88 7 8 7 38 41 697 110 383 301 767 4748 2570 5516 2251 44 10 840 1806 113 528 7 7 6 81 79 13 6 49 74 413 107 701 119 81 403 381 1 148 544 129 84 40 3 90 40 85 146 6 0 17 0 27 0 51 129 49 147 49 29 83 9 619 240 35 148 530 28 4 6 76 19 0 0 0 0 0 1 0 1 0 1 1 3 1 1 8 1 5 22 34 35 140 102 89 3 1 2 3 1 1 5 1 0 0 5 0 0 8 0 34 61 10 12 2 0 3 1 6 3 170 31 5 0 4 0 0 0 0 0 0 1 1 0 0 0 1 0 8 8 0 4 4 4 2 0 2 6 2 3 35 2 8 43 15 0 6 26 1 2 3 0 0 17 1 0 2 0 1 0 0 1
28 7 26 10 69 55 11 18 9 15 10 51 2 10 47 38 49 82 121 71 418 4670 751 492 9671 891 379 60 313 25 52 41 168 153 31 4 129 669 59 2482 346 86 552 84 3 114 3179 75 73 3 6 34 402 360 81 106 157 89 63 25 103 207 169 278 148 1 1032 1976 42 195 38 41 491 88 599 83 25 4 122 0 68 4 446 1120 1253 2036 3452 33 33 4 122 100 59 107 505 121 31 19 4306 2005 4 1 1 1 1 5 1 0 2 3 6 12 0 0 6 0 4 3 10 4 26 6 14 11 3 0 2 0 0 1 4 0 1 22 2 14 0 0 94 94 3 4 3 2 10 2 5 0 50 7 1 0 1 4 0 2 3 0 1 2 3 1 1 1 0 2 3 4 0 1 2 1 0 0 2 4 0 3 10 1 58 102 15 0 5 35 0 1 1 1 4 6 3 1 0 2 7 0 0 0
0 0 0 1 5 1 0 1 1 1 1 1 1 484 522 121 170 89 241 246 67 696 4632 3609 891 4534 903 65 18 2 3 5 18 27 963 174 234 276 20 5597 506 187 195 37 0 22 474 20 66 2 3 1 21 16 9 4 13 22 210 96 14 22 23 44 20 0 53 126 16 20 8 1 52 17 27 18 1 0 16 0 7 0 14 49 17 57 9 6 10 1 23 36 7 28 101 11 0 0 41 9 0 0 0 1 0 0 0 0 1 0 0 4 1 0 3 1 1 9 18 3 67 38 52 2 0 1 0 3 1 3 6 0 2 3 0 2 3 0 31 45 1 9 0 0 1 2 0 0 85 7 2 0 2 0 0 0 0 0 0 0 2 1 0 1 0 1 1 2 1 1 4 1 0 0 2 1 0 2 1 0 5 20 15 2 1 9 0 0 1 2 0 2 0 0 1 0 0 0 0 1
8 4 8 2 11 10 3 9 0 1 1 6 41 1679 2314 1923 168 2641 600 285 29 228 439 5220 379 903 28403 9604 255 10 24 6 21 51 6177 603 372 111 931 3845 439 231 973 25 3 185 1228 51 60 3 1 10 170 190 26 13 192 143 1051 358 223 155 195 2211 691 1 547 1149 91 103 34 2 32 30 203 26 1 3 13 0 15 0 49 265 69 297 76 13 26 4 87 53 16 55 291 19 1 14 217 122 1 0 0 0 0 0 0 0 0 0 3 2 4 8 78 4 6 116 44 294 199 472 170 1 1 1 2 4 0 17 6 0 0 6 0 6 6 0 41 56 47 25 5 0 4 3 9 8 263 45 10 1 1 0 0 2 1 0 1 1 0 3 0 3 1 1 8 4 3 1 7 5 2 1 2 3 2 1 14 0 23 44 56 0 5 44 1 2 2 1 0 6 2 4 2 0 5 0 1 2
9 3 7 4 13 5 2 6 1 4 0 3 61 1160 5888 8363 66 638 85 39 8 40 136 312 60 65 9604 12195 414 29 54 14 17 240 565 343 216 63 5594 315 518 162 708 6 4 108 425 97 23 4 2 4 121 159 39 4 398 851 1059 509 143 205 326 4517 3069 1 532 1756 426 129 113 0 9 18 788 29 1 1 3 1 26 0 30 153 30 145 72 15 12 3 82 34 9 17 195 25 1 23 133 192 0 0 0 0 2 1 0 0 0 0 0 3 2 19 161 2 2 107 10 645 118 412 70 0 2 1 0 6 1 9 5 0 2 6 2 2 5 0 28 28 210 4 15 0 1 1 14 35 121 238 2 0 3 3 0 0 0 0 0 4 0 1 0 2 3 0 35 7 8 19 3 3 1 0 1 27 2 1 17 0 18 27 44 0 4 20 0 1 2 2 0 7 2 2 1 0 1 1 0 0
5633 751 554 475 3580 1357 3684 1028 144 694 170 981 6 59 74 55 11 64 25 4 188 252 84 88 313 18 255 414 33021 10454 4459 321 1048 368 25 17 125 416 209 107 328 39 287 25 17 154 111 164 34 4 10 105 2589 6264 833 100 4279 468 41 62 78 349 414 398 622 3 4770 492 533 204 212 403 453 42 3043 56 93 2 175 0 162 6 380 504 235 184 697 49 23 2 115 135 79 63 281 2833 182 3878 369 1032 65 29 119 100 12 187 56 44 102 76 205 294 0 0 6 0 5 4 8 14 21 6 5 32 12 2 1 3 0 4 87 3 39 132 1 96 2 0 87 130 12 11 3 15 68 2 7 3 40 36 5 2 2 16 0 4 1 14 0 7 29 18 5 30 6 1 16 5 1 5 51 21 1 0 3 10 6 0 34 3 295 171 23 3 2 100 1 0 5 8 36 7 2 8 70 29 29 5 1 7
7771 5229 240 3010 10713 3867 2069 718 144 559 326 2066 1 2 9 5 4 8 4 1 118 78 23 7 25 2 10 29 10454 19251 5225 300 1049 55 2 0 22 112 21 9 271 3 28 1 4 71 6 27 8 3 9 52 608 653 253 91 2929 58 3 9 13 26 19 19 46 2 484 25 42 22 34 188 136 7 372 5 26 0 103 2 72 1 239 250 202 71 18 25 7 0 24 78 50 10 23 1781 72 1062 66 75 28 9 41 39 5 74 16 19 25 30 84 93 0 0 2 0 4 1 1 3 4 1 0 3 3 0 1 0 0 0 21 1 11 32 0 17 1 0 23 26 1 0 2 3 17 1 4 0 11 5 1 0 0 3 1 0 1 2 1 1 11 2 1 9 2 0 1 2 0 1 6 3 0 0 0 2 3 0 9 0 74 23 7 0 1 26 1 0 1 0 12 3 2 0 28 12 6 0 0 4
230 557 47 1424 16007 3117 113 33 18 44 84 849 2 9 7 7 2 18 4 2 99 76 24 8 52 3 24 54 4459 5225 10622 341 871 149 3 0 44 212 28 19 204 5 36 3 5 82 19 37 6 1 2 30 479 693 185 48 9016 280 9 11 14 38 35 23 72 1 1134 82 61 34 61 126 174 17 2678 9 9 0 30 0 37 0 151 328 158 198 316 10 7 0 62 50 19 4 23 5834 31 402 919 4108 4 1 3 8 1 12 6 6 5 3 9 31 0 0 1 0 1 0 0 2 7 3 0 2 2 0 1 0 0 0 7 0 3 11 0 7 1 0 10 19 1 1 0 1 4 0 0 0 6 3 0 0 0 1 0 1 0 1 1 0 2 1 0 1 1 0 6 0 0 0 3 2 1 0 1 0 0 0 10 2 30 28 5 0 2 15 0 0 1 1 1 0 1 1 5 2 1 0 0 0
68 25 14 31 1390 1903 47 18 37 88 44 314 7 1 4 11 1 34 12 4 129 164 36 7 41 5 6 14 321 300 341 4034 7552 517 5 2 67 398 33 11 152 4 30 5 10 142 16 20 6 1 1 16 93 86 31 24 173 2569 6 81 30 11 10 10 22 3 140 35 22 14 27 1238 1159 26 1594 4 75 0 105 0 18 0 88 85 121 56 9 12 4 2 108 22 14 0 7 6886 360 116 60 39 20 9 42 36 4 56 19 22 30 33 81 109 0 0 3 0 1 1 4 10 9 4 4 9 3 0 0 0 0 0 20 2 10 45 0 19 0 0 29 33 5 5 0 1 14 1 6 1 22 9 2 0 0 3 0 0 0 1 0 2 12 0 2 14 0 0 3 1 0 0 10 4 0 0 0 7 2 0 5 1 96 47 7 1 1 36 0 0 0 0 13 2 5 2 31 12 14 0 0 3
385 173 70 244 2538 3487 134 63 213 822 952 894 38 5 10 16 12 268 97 18 512 574 278 38 168 18 21 17 1048 1049 871 7552 8438 845 7 3 319 4445 104 93 571 17 48 22 50 403 96 32 7 4 6 39 341 286 110 81 501 3231 43 275 107 17 7 17 33 13 390 141 24 30 45 4204 4256 109 4141 15 466 11 802 2 54 4 282 327 468 154 62 24 11 4 252 52 34 11 23 8925 2661 583 177 105 143 42 209 186 16 320 87 111 218 145 452 600 0 2 14 1 7 3 11 23 26 21 21 51 16 4 12 1 0 2 106 4 40 219 0 98 1 0 138 142 21 10 1 21 97 4 5 4 77 38 15 1 2 29 0 0 7 15 2 8 41 30 18 49 9 0 11 4 1 4 74 18 5 1 4 9 5 4 19 0 436 266 28 1 5 187 2 1 3 10 42 5 14 14 170 72 52 7 2 11
24 6 11 4 44 19 4 8 3 16 5 20 2 59 87 76 26 172 29 7 385 485 492 41 153 27 51 240 368 55 149 517 845 7420 49 55 2085 3743 217 100 288 38 143 12 8 145 137 124 9 1 1 6 99 141 17 29 585 2080 316 3748 74 100 64 68 283 5 328 769 265 83 188 14 129 21 3618 33 28 0 27 0 32 1 62 118 140 111 54 20 8 0 111 28 9 12 66 186 24 34 128 224 10 1 5 7 0 7 0 1 14 5 18 27 0 0 4 0 5 3 5 5 20 9 10 20 6 3 3 0 0 2 11 1 5 42 1 36 0 0 78 74 11 7 4 3 13 3 11 2 37 23 5 0 1 4 0 3 1 2 0 4 6 2 1 2 3 2 10 3 2 5 9 10 2 1 2 5 3 2 38 3 70 118 15 2 2 61 0 2 1 4 10 2 0 2 5 4 7 2 0 2
2 1 0 0 3 0 1 0 1 1 0 0 0 3835 2587 166 87 159 60 54 4 26 20 697 31 963 6177 565 25 2 3 5 7 49 3193 2362 333 80 67 4904 29 30 204 12 0 17 1177 8 8 1 0 1 15 24 3 1 31 67 1973 527 11 51 51 161 133 1 77 463 59 23 20 2 10 10 54 7 1 3 8 0 8 0 6 29 4 34 8 3 2 0 19 5 2 9 48 8 1 1 28 22 0 0 0 1 0 0 0 1 0 0 0 4 1 1 10 0 2 26 22 8 88 92 65 0 0 0 3 2 0 4 1 0 1 3 0 0 2 1 18 40 1 17 1 0 2 3 0 0 99 6 6 2 0 0 0 0 0 0 0 0 2 2 1 1 0 1 0 1 0 0 5 3 0 0 0 2 0 0 5 2 10 38 16 0 0 15 0 0 0 3 0 2 0 0 0 0 1 0 0 0
1 0 0 0 0 0 0 0 0 0 0 0 0 1598 879 49 39 20 5 4 5 4 18 110 4 174 603 343 17 0 0 2 3 55 2362 2292 410 29 71 1094 39 6 53 2 0 6 333 10 4 0 0 0 5 7 2 0 10 199 2349 1340 5 21 33 85 149 0 14 432 59 8 17 0 0 1 94 3 0 0 2 0 3 0 1 3 1 1 1 1 0 0 8 1 0 3 32 1 0 1 4 8 0 0 0 0 0 0 0 0 0 0 0 0 0 0 1 1 0 0 2 0 7 0 3 0 0 0 0 0 0 0 0 0 0 0 0 0 0 0 0 1 0 0 0 0 0 1 0 0 10 0 0 0 1 0 0 0 0 0 0 0 0 0 0 0 0 0 1 1 0 0 0 0 0 0 0 1 0 0 2 0 0 0 1 0 1 3 0 0 0 0 0 1 1 0 0 0 0 0 0 0
6 4 2 0 37 8 6 4 0 2 0 5 4 1219 1051 366 1649 1315 291 775 195 258 740 383 129 234 372 216 125 22 44 67 319 2085 333 410 2743 3527 363 1224 884 61 174 12 2 179 669 61 24 2 1 1 26 40 6 5 116 1074 915 2333 221 64 56 84 212 2 93 1018 120 35 55 7 60 51 626 36 5 8 22 0 13 0 24 41 50 31 21 15 16 1 91 28 7 25 83 87 1 17 50 25 2 1 2 4 8 8 0 1 4 2 3 26 0 7 5 2 7 3 23 14 94 16 53 18 18 5 9 7 1 15 26 4 8 30 2 16 15 1 140 170 7 77 1 4 15 5 10 1 171 19 66 3 1 2 0 0 3 3 0 1 4 10 4 10 1 5 7 8 3 2 41 22 4 4 0 4 1 2 8 2 57 193 37 6 2 67 1 4 1 16 8 7 4 8 6 3 19 1 1 27
15 9 17 5 232 65 10 8 33 32 13 42 403 23 56 89 993 1333 2292 245 726 1089 1170 301 669 276 111 63 416 112 212 398 4445 3743 80 29 3527 6928 330 1055 806 46 163 507 259 1722 1064 34 23 39 5 12 171 148 45 47 405 869 314 1396 323 35 26 68 57 87 350 778 43 30 63 409 3050 1232 1447 30 169 60 186 0 33 6 136 174 255 173 119 26 49 36 737 38 18 33 89 882 177 60 201 62 39 17 36 25 21 48 15 16 24 30 69 153 8 18 87 6 61 37 145 130 422 225 156 136 96 16 47 22 4 39 100 15 41 215 3 202 39 5 921 1003 48 200 15 18 137 20 18 22 904 111 201 4 12 18 1 4 7 22 1 10 48 43 7 38 21 11 35 23 12 24 158 98 15 11 3 19 14 7 62 7 498 1369 331 21 10 590 3 4 5 58 64 13 20 34 56 19 94 22 5 81
6 2 1 2 18 5 4 2 1 1 3 6 36 244 1073 3868 140 2102 90 195 39 65 173 767 59 20 931 5594 209 21 28 33 104 217 67 71 363 330 9769 93 1262 431 1282 2 10 872 157 192 66 6 5 3 55 79 15 6 182 469 335 248 7141 151 137 1183 1916 13 202 669 5037 93 165 10 111 8 495 127 6 0 8 0 48 0 25 64 21 51 32 52 57 5 474 107 14 42 233 83 3 15 57 65 2 3 2 0 4 3 0 1 0 1 3 9 0 62 477 2 4 26 3 414 29 141 7 5 1 1 0 9 1 8 9 1 3 15 1 14 1 1 24 38 419 8 114 0 6 5 97 118 85 594 1 3 3 0 0 5 1 1 0 0 4 2 1 1 2 1 89 63 3 33 6 3 3 0 5 110 0 0 54 6 15 27 11 1 9 18 1 6 3 2 2 9 3 6 4 1 1 1 0 1
14 3 1 3 10 3 4 3 0 4 1 8 3 2754 2307 290 630 205 519 585 87 1176 2368 4748 2482 5597 3845 315 107 9 19 11 93 100 4904 1094 1224 1055 93 9960 647 386 581 139 4 67 7001 51 71 3 1 2 79 80 18 10 72 142 1165 505 50 60 81 187 140 0 257 854 53 65 30 26 230 38 134 52 5 11 64 0 15 2 45 202 77 193 78 12 26 1 92 66 14 59 242 37 8 4 143 35 0 1 3 0 0 2 2 0 0 0 1 5 4 5 11 1 13 32 69 15 284 95 161 6 4 6 3 6 1 20 9 0 4 17 1 9 14 2 87 172 4 36 2 1 8 7 1 2 338 12 19 2 2 0 0 0 0 0 0 0 2 1 0 4 1 1 4 3 3 2 9 15 6 1 3 3 0 0 9 1 40 89 47 3 5 45 0 0 2 5 2 3 3 5 2 0 0 0 0 4
1353 455 770 320 463 562 161 810 56 627 133 782 50 327 1846 1791 479 1655 519 529 1463 749 6521 2570 346 506 439 518 328 271 204 152 571 288 29 39 884 806 1262 647 13539 5267 732 68 54 1053 244 1407 2369 114 160 317 122 105 1682 1273 143 281 79 221 1093 359 105 146 468 17 147 278 388 473 763 329 464 63 834 867 122 9 173 10 897 31 990 200 823 132 122 976 996 83 1598 3517 690 487 690 387 119 109 197 115 44 14 59 54 4 89 30 19 57 40 112 144 0 5 23 1 4 14 9 64 54 65 44 27 18 3 5 3 1 6 38 0 16 113 0 46 0 0 79 81 22 7 9 9 45 11 25 4 79 67 6 20 37 11 2 12 32 8 21 49 24 21 3 14 6 0 23 15 16 12 34 19 3 0 39 20 32 29 122 23 214 169 22 2 46 101 34 45 87 6 22 118 31 3 36 17 25 2 0 1
9 5 2 0 11 6 6 5 1 3 0 0 4 31 196 427 62 508 127 109 33 142 1079 5516 86 187 231 162 39 3 5 4 17 38 30 6 61 46 431 386 5267 4807 5106 20 30 531 256 210 578 27 12 4 13 17 4 5 23 53 74 30 595 88 40 32 256 13 40 94 258 60 74 7 17 7 54 411 7 0 6 0 42 0 16 36 20 25 10 84 185 28 1112 546 48 120 265 20 5 1 23 5 0 0 0 0 0 1 1 0 0 1 2 2 0 0 11 0 0 6 5 17 16 20 15 0 0 0 0 0 0 1 1 0 0 5 0 2 1 1 6 7 9 1 2 0 1 7 20 3 27 40 0 5 12 0 0 5 2 0 1 1 1 0 0 0 0 1 12 5 7 6 1 2 0 0 18 16 2 5 66 11 3 6 2 1 19 6 1 6 7 0 1 36 7 1 1 0 0 0 0 1
15 4 8 2 28 9 5 8 3 8 1 11 44 119 328 385 110 1091 175 165 95 629 636 2251 552 195 973 708 287 28 36 30 48 143 204 53 174 163 1282 581 732 5106 4751 46 94 1902 816 418 2130 126 4 8 162 186 40 15 208 222 340 96 2915 426 616 6039 2699 43 516 610 855 327 139 9 65 13 324 1720 17 1 17 0 71 1 93 327 140 311 95 113 596 101 5170 418 80 386 2390 61 19 16 239 87 0 0 0 0 0 0 0 0 0 1 1 2 0 6 31 3 1 21 12 63 46 46 38 2 0 0 0 2 0 3 4 0 1 6 0 4 4 0 20 25 37 4 19 0 2 19 61 1 78 169 1 6 67 0 2 13 3 2 3 8 2 0 1 1 4 0 66 24 18 19 1 1 4 0 58 47 8 16 276 47 14 23 12 1 82 17 6 29 31 1 0 176 26 2 8 0 0 0 0 3
0 0 2 1 3 4 0 0 4 2 1 8 5769 3 7 4 11 50 3433 126 39 100 66 44 84 37 25 6 25 1 3 5 22 12 12 2 12 507 2 139 68 20 46 5347 1988 1204 158 25 19 868 10 90 11 10 4 0 26 10 26 2 32 5 14 11 8 1127 36 67 7 4 7 58 1989 2791 30 48 709 2701 5053 46 77 383 12 20 19 19 14 294 429 714 922 22 9 4 33 12 43 5 23 5 10 10 5 2 3 8 2 7 2 4 9 33 11 14 158 1 25 98 110 349 369 637 202 38 20 5 12 13 5 26 39 6 18 60 1 45 33 5 391 503 37 120 11 4 36 13 46 28 813 134 62 6 12 4 1 5 20 7 5 12 7 16 4 12 2 5 39 24 12 63 37 36 4 3 11 24 16 10 161 17 179 630 484 9 24 256 8 7 23 18 13 58 9 5 24 3 38 6 4 33
1 0 1 0 22 5 0 0 38 1 3 3 3254 1 3 3 23 41 1308 63 6 6 9 10 3 0 3 4 17 4 5 10 50 8 0 0 2 259 10 4 54 30 94 1988 14482 4119 3 36 29 4649 13 42 5 2 4 0 5 5 0 0 17 16 29 17 19 4277 5 7 42 11 16 164 348 177 18 89 908 211 701 31 66 226 0 3 1 2 1 362 992 2376 3404 25 4 6 77 34 394 38 5 2 0 1 0 0 2 2 0 8 0 0 5 5 0 4 334 1 6 5 1 114 13 28 1 1 1 2 0 1 0 2 11 5 6 9 3 5 1 0 23 13 108 1 74 2 0 35 483 51 53 1521 1 34 152 0 2 66 16 2 12 20 2 3 2 1 8 2 324 104 75 458 2 10 19 2 155 235 21 73 1630 281 19 42 11 7 310 47 14 211 84 2 1 414 73 11 10 2 3 0 0 1
10 7 5 3 179 61 1 8 10 17 12 32 5222 10 55 78 478 7207 5559 223 67 173 98 840 114 22 185 108 154 71 82 142 403 145 17 6 179 1722 872 67 1053 531 1902 1204 4119 8774 120 146 129 46 8 8 64 54 13 5 130 135 24 22 1887 127 97 807 274 2535 174 91 176 83 78 175 1387 122 320 139 59 39 173 0 38 5 55 71 55 80 35 84 133 119 1945 221 23 74 374 451 77 29 75 21 4 23 15 8 11 18 4 10 4 7 23 44 2 285 3876 14 20 79 13 1913 81 668 19 16 10 3 7 62 0 72 39 9 21 77 6 43 7 2 118 168 1874 9 668 2 28 61 1354 901 339 5997 11 9 16 3 0 24 1 2 1 2 7 7 1 11 27 3 722 302 24 1030 27 20 43 3 30 729 7 12 856 32 93 116 183 16 28 47 7 10 12 6 9 28 14 30 22 6 14 5 3 7
8 3 6 4 16 5 3 3 4 3 0 12 6 420 449 100 181 155 242 115 66 369 393 1806 3179 474 1228 425 111 6 19 16 96 137 1177 333 669 1064 157 7001 244 256 816 158 3 120 7154 63 77 2 3 12 105 127 18 17 75 69 1284 293 106 227 292 485 401 1 329 2454 169 159 62 23 385 66 122 71 20 8 123 0 38 1 75 263 85 354 695 8 23 4 118 62 21 88 434 40 19 12 340 115 2 1 1 3 3 1 0 1 3 0 4 10 0 0 4 1 12 2 37 8 97 31 45 8 3 0 2 4 0 5 5 1 5 19 1 20 2 0 110 156 4 10 1 2 14 1 2 0 155 15 4 1 3 0 0 0 0 1 1 1 1 2 0 0 0 3 5 2 2 0 9 3 1 0 2 3 2 2 17 5 48 136 19 1 2 49 1 0 4 3 2 8 3 1 5 5 6 2 0 2
40 10 28 5 25 11 26 36 3 18 5 13 8 27 175 133 30 109 46 48 25 169 174 113 75 20 51 97 164 27 37 20 32 124 8 10 61 34 192 51 1407 210 418 25 36 146 63 23845 1145 134 33 32 63 82 39 16 101 195 76 68 2172 10535 1228 227 1094 25 148 287 8561 1559 7942 10 18 9 294 7966 20 1 14 10 325 22 65 111 51 68 29 714 1285 83 1638 1127 59 203 1190 53 20 23 54 39 0 2 0 0 0 2 0 2 0 2 2 1 0 2 12 3 1 13 0 11 9 8 9 0 3 2 7 7 1 3 12 10 1 4 6 7 0 1 10 8 10 15 11 1 4 98 27 1 24 56 8 452 962 5 43 343 34 13 49 198 2 1 1 4 13 2 25 92 411 18 14 14 13 0 451 87 228 294 862 66 11 26 10 7 306 44 363 372 930 4 4 1652 635 4 15 1 1 1 0 3
34 5 11 6 11 3 18 27 3 16 3 19 3 10 66 83 22 72 39 36 29 180 356 528 73 66 60 23 34 8 6 6 7 9 8 4 24 23 66 71 2369 578 2130 19 29 129 77 1145 8495 103 36 24 22 22 26 14 8 14 20 10 151 734 195 43 82 13 38 37 96 180 324 3 13 8 34 854 21 3 8 1 140 0 53 75 45 28 7 305 724 79 840 7911 298 2951 7036 13 11 7 30 5 2 0 1 0 0 1 0 0 0 0 0 3 0 0 2 0 0 0 3 3 9 6 4 0 1 0 2 0 0 0 0 0 1 4 0 2 0 0 4 4 1 1 2 0 2 11 8 2 13 22 0 10 67 1 0 13 4 1 4 11 0 1 0 0 0 0 17 9 24 4 0 0 0 0 60 23 8 15 156 25 8 12 4 0 82 4 7 34 50 0 0 192 20 0 3 0 1 0 0 0
3 0 3 0 2 1 1 2 101 10 0 0 133 0 1 3 4 8 70 5 6 5 4 7 3 2 3 4 4 3 1 1 4 1 1 0 2 39 6 3 114 27 126 868 4649 46 2 134 103 7769 142 1178 13 2 16 2 1 3 1 0 53 78 145 7 14 1670 5 1 131 47 48 219 169 768 11 266 2158 404 898 694 641 5631 12 9 2 3 0 3526 3064 7131 2842 69 30 24 154 7 811 65 1 0 1 0 0 0 1 1 0 2 1 2 2 3 0 1 7 5 0 5 3 3 4 6 5 0 0 0 1 2 0 1 4 2 2 4 0 3 0 1 14 10 3 1 2 1 1 48 68 1 23 64 0 137 350 1 6 143 202 20 95 197 2 1 0 0 3 0 28 19 92 27 4 4 5 0 162 46 122 130 586 57 14 14 11 1 175 24 166 505 628 1 2 1019 130 1 13 1 2 1 1 0
33 5 15 3 9 6 22 26 11 22 2 8 2 1 1 3 1 3 1 0 2 5 5 7 6 3 1 2 10 9 2 1 6 1 0 0 1 5 5 1 160 12 4 10 13 8 3 33 36 142 4392 16093 36 13 140 15 2 4 1 0 13 7 6 2 6 117 13 5 3 131 48 19 12 90 17 13 134 13 21 703 1278 287 118 67 13 8 3 241 48 3 15 3584 5959 31 21 3 54 7 5 4 1 0 1 2 0 1 0 1 0 1 0 1 0 0 1 0 0 1 0 0 1 0 0 1 0 0 0 0 0 0 1 0 0 1 0 1 0 0 0 2 0 0 0 0 0 1 1 0 0 0 0 10 1 1 0 4 488 50 349 313 4 0 0 0 0 0 2 0 2 4 1 0 0 0 0 0 60 36 5 0 8 4 1 0 1 11 49 14 184 0 2 20 12 0 3 0 0 0 0 0
200 36 89 19 38 34 111 170 37 126 23 78 3 1 5 1 0 3 3 1 5 26 4 6 34 1 10 4 105 52 30 16 39 6 1 0 1 12 3 2 317 4 8 90 42 8 12 32 24 1178 16093 24649 253 71 899 39 15 9 3 2 7 30 10 9 20 670 49 24 18 278 61 86 56 505 57 16 679 99 150 10067 6995 1661 606 287 43 51 18 1745 202 33 46 3754 6838 72 35 29 374 57 38 21 7 0 2 2 2 5 3 20 4 10 16 10 0 0 1 2 0 1 0 0 1 0 1 1 0 1 2 0 0 0 3 0 1 14 0 6 1 0 7 7 0 1 0 9 6 13 16 0 22 1 1 62 29 11 2 53 4164 387 2743 2384 30 6 5 1 1 0 0 1 5 95 10 1 1 0 2 3 581 276 45 1 26 28 66 0 5 112 538 150 1424 1 29 177 106 3 85 9 0 0 0 0
1455 274 453 175 452 361 1322 1043 67 857 154 442 3 14 23 17 6 23 14 5 54 139 33 81 402 21 170 121 2589 608 479 93 341 99 15 5 26 171 55 79 122 13 162 11 5 64 105 63 22 13 36 253 4724 4683 3623 36 307 137 27 16 35 151 165 153 210 4 815 306 141 147 58 272 220 22 827 35 107 7 125 15 183 12 3105 3532 334 559 408 49 21 6 56 205 171 55 162 384 271 4119 403 408 28 8 47 44 6 81 15 27 29 35 92 134 0 1 4 0 5 0 1 2 6 5 2 12 8 2 4 0 0 1 31 0 14 84 0 52 0 0 33 51 7 2 2 4 36 0 1 1 25 13 1 3 2 8 0 1 20 5 8 7 9 6 3 13 4 0 4 3 0 0 22 9 0 0 0 1 2 2 7 1 150 90 15 0 4 78 1 1 6 2 15 6 0 0 33 6 12 2 0 0
1137 203 372 164 576 314 949 704 44 411 71 379 2 19 32 20 5 23 12 2 58 140 33 79 360 16 190 159 6264 653 693 86 286 141 24 7 40 148 79 80 105 17 186 10 2 54 127 82 22 2 13 71 4683 5612 776 24 545 162 28 20 39 198 224 206 248 4 1770 364 192 130 76 195 200 19 1072 35 43 5 93 1 97 3 2399 5285 178 446 509 40 15 1 59 97 70 49 191 540 80 2468 453 547 17 13 64 41 3 54 9 23 30 34 73 119 0 0 2 0 4 4 1 5 12 4 3 12 6 0 2 0 0 1 25 0 14 63 0 43 0 0 46 50 8 2 0 7 33 1 8 0 17 11 1 1 0 5 0 2 3 7 3 3 7 7 4 16 6 0 1 1 2 1 14 8 0 0 3 11 3 2 16 0 128 79 8 2 1 59 0 3 4 4 12 6 2 2 32 11 12 1 0 2
623 95 208 66 210 118 739 460 45 336 55 196 2 1 7 6 0 5 5 0 34 90 7 13 81 9 26 39 833 253 185 31 110 17 3 2 6 45 15 18 1682 4 40 4 4 13 18 39 26 16 140 899 3623 776 11194 484 83 36 1 3 13 43 37 34 32 7 151 58 33 169 67 106 89 13 206 12 37 3 44 18 739 22 5332 555 116 181 64 164 31 5 14 1526 588 36 46 135 109 2874 108 90 15 2 18 11 0 29 13 11 6 14 32 43 0 0 0 0 1 1 0 0 2 1 1 8 4 2 0 0 0 0 14 0 5 31 0 17 0 0 11 17 1 1 1 3 7 0 1 0 3 4 1 4 2 3 1 1 38 5 17 13 5 5 0 4 2 0 3 2 0 0 10 1 1 0 2 0 6 3 5 0 68 39 0 0 1 21 2 3 16 0 6 3 1 1 11 7 6 1 0 0
294 94 170 62 104 126 73 219 20 183 38 171 1 4 2 4 0 9 1 1 1602 419 33 6 106 4 13 4 100 91 48 24 81 29 1 0 5 47 6 10 1273 5 15 0 0 5 17 16 14 2 15 39 36 24 484 1859 21 29 2 6 2 20 13 12 13 1 29 32 11 32 27 63 69 12 178 4 26 0 29 1 63 3 3403 146 2855 202 44 29 8 2 17 146 59 18 22 71 24 40 255 39 9 1 9 7 1 24 2 3 10 6 23 30 0 0 1 0 1 0 0 1 1 1 1 4 0 2 0 0 0 0 9 0 4 18 0 15 0 0 22 11 1 1 0 1 9 0 2 0 4 1 0 0 0 1 0 1 4 2 1 2 7 0 1 2 1 0 1 0 0 0 2 2 0 0 0 0 1 3 5 0 35 23 3 0 0 23 1 1 3 0 8 0 0 1 5 4 2 0 0 1
90 42 25 40 936 85 34 18 8 31 7 40 0 34 61 28 11 58 14 7 105 169 51 49 157 13 192 398 4279 2929 9016 173 501 585 31 10 116 405 182 72 143 23 208 26 5 130 75 101 8 1 2 15 307 545 83 21 8073 868 24 44 58 251 311 230 586 1 4913 684 404 165 191 79 261 27 6613 28 25 0 67 0 55 0 95 392 119 1184 1332 17 9 1 91 24 17 21 179 3219 39 110 2302 5516 7 2 9 5 6 14 4 3 3 5 14 28 0 2 3 0 3 1 8 10 18 2 2 13 3 2 2 1 0 0 8 1 8 29 0 21 0 0 40 62 2 1 4 2 16 1 9 1 28 46 4 0 2 5 0 0 0 2 1 0 9 1 0 2 0 0 10 0 0 0 9 0 1 0 3 9 1 0 19 2 71 94 8 1 6 34 0 2 1 1 4 2 2 3 12 0 8 0 0 0
21 4 11 4 49 15 5 19 6 14 3 25 6 266 324 151 56 71 16 7 251 383 115 74 89 22 143 851 468 58 280 2569 3231 2080 67 199 1074 869 469 142 281 53 222 10 5 135 69 195 14 3 4 9 137 162 36 29 868 4320 880 3174 67 183 169 138 689 7 499 760 578 156 318 458 771 21 6410 45 22 1 58 0 80 0 96 180 162 136 77 30 7 3 98 25 9 10 117 1719 39 26 166 461 9 1 6 4 2 10 1 4 9 8 20 34 0 1 5 0 4 1 8 6 19 7 6 9 4 0 5 0 0 1 10 2 8 36 0 38 0 0 44 72 8 3 4 3 17 2 20 0 29 41 1 1 3 3 0 2 0 3 1 0 3 5 2 4 3 0 13 3 3 4 14 3 2 0 8 10 2 2 52 8 78 95 9 0 7 41 0 4 3 0 9 9 3 3 13 9 6 2 0 0
2 1 2 0 3 3 1 1 0 0 0 1 0 806 632 142 68 56 30 18 25 25 73 413 63 210 1051 1059 41 3 9 6 43 316 1973 2349 915 314 335 1165 79 74 340 26 0 24 1284 76 20 1 1 3 27 28 1 2 24 880 3988 2097 49 181 272 343 814 0 70 1476 400 109 156 1 65 22 103 31 3 1 26 0 29 0 11 39 10 43 20 8 6 2 38 12 6 26 207 10 4 1 59 23 1 0 0 1 0 1 0 0 0 1 1 1 0 0 7 0 2 4 9 6 29 8 24 3 2 0 1 2 0 4 2 0 3 5 0 4 1 0 32 54 2 5 3 0 5 1 4 1 54 18 3 1 4 0 0 0 0 0 0 2 1 0 0 1 2 0 3 1 1 1 4 1 1 0 1 3 0 2 18 1 14 29 8 0 3 10 1 0 1 0 0 6 1 1 0 2 2 0 0 0
4 0 0 0 10 1 1 0 0 1 0 2 1 571 288 162 44 104 9 6 46 85 208 107 25 96 358 509 62 9 11 81 275 3748 527 1340 2333 1396 248 505 221 30 96 2 0 22 293 68 10 0 0 2 16 20 3 6 44 3174 2097 3466 50 76 75 102 368 0 37 2031 175 55 95 4 15 1 633 28 1 0 6 0 24 0 8 8 11 6 4 6 6 0 30 4 2 12 45 16 0 2 16 15 1 0 0 0 0 0 0 0 0 2 0 2 0 0 1 1 1 1 1 5 5 6 5 3 2 0 0 0 0 0 0 0 1 2 0 2 0 0 10 13 1 1 0 0 1 0 3 0 11 17 0 0 0 0 0 1 0 0 0 0 1 0 0 0 0 0 3 3 0 1 0 1 0 0 5 5 0 0 13 0 8 7 3 0 3 3 1 0 0 0 0 4 0 0 1 0 0 1 0 0
8 1 2 2 25 6 2 4 5 6 1 6 93 17 173 418 183 3447 162 203 31 122 126 701 103 14 223 143 78 13 14 30 107 74 11 5 221 323 7141 50 1093 595 2915 32 17 1887 106 2172 151 53 13 7 35 39 13 2 58 67 49 50 11622 872 892 1296 4510 111 120 98 8786 451 1223 38 146 10 94 12964 21 3 11 0 263 1 14 71 37 58 17 279 563 13 3911 243 44 181 1411 111 16 7 47 14 0 4 2 3 6 3 1 3 3 3 1 17 0 42 408 5 7 10 3 227 14 74 5 5 1 0 2 3 0 18 13 8 3 19 4 16 0 3 39 30 235 4 145 2 9 36 425 93 73 911 5 10 43 0 0 28 4 2 0 6 3 9 1 5 10 1 144 101 33 95 8 16 28 2 74 242 12 30 671 79 32 43 10 13 70 30 6 19 17 7 1 95 24 11 10 1 4 2 1 6
13 7 7 2 21 6 9 16 1 7 0 6 2 51 215 68 27 80 31 47 33 241 96 119 207 22 155 205 349 26 38 11 17 100 51 21 64 35 151 60 359 88 426 5 16 127 227 10535 734 78 7 30 151 198 43 20 251 183 181 76 872 11878 10411 1122 2367 9 487 512 3650 6874 3100 3 14 4 376 415 3 0 3 3 273 14 80 205 67 188 46 327 290 45 876 408 152 2617 3749 32 6 21 141 87 1 0 0 0 1 0 0 0 1 0 0 0 0 2 1 3 2 6 6 5 16 12 8 0 0 1 1 1 0 4 1 1 1 3 0 1 0 1 5 6 6 7 6 1 1 18 13 1 19 21 3 221 443 2 10 102 25 6 34 173 0 0 0 1 2 2 20 32 164 8 2 4 8 0 159 32 193 219 257 32 2 9 5 6 117 21 166 151 493 1 1 787 220 3 6 3 1 1 0 3
22 5 5 2 11 10 4 5 2 4 3 6 0 70 196 59 30 92 26 42 26 165 42 81 169 23 195 326 414 19 35 10 7 64 51 33 56 26 137 81 105 40 616 14 29 97 292 1228 195 145 6 10 165 224 37 13 311 169 272 75 892 10411 20359 4272 6414 18 592 728 4559 2905 397 7 17 11 338 1703 19 1 10 1 126 2 62 245 66 223 58 77 482 66 1574 91 111 1266 8747 30 6 23 149 99 0 2 0 0 0 0 0 1 0 0 2 4 1 1 7 2 2 7 6 6 16 18 13 0 0 0 1 1 0 1 3 3 0 2 1 4 2 0 7 11 4 4 3 0 1 39 23 2 31 44 2 56 431 3 8 59 5 0 1 29 0 0 0 6 3 0 31 44 115 10 4 6 12 0 294 61 20 54 611 84 9 17 9 1 322 17 24 125 164 3 0 985 129 2 1 0 0 0 1 2
11 2 6 1 20 7 4 6 1 3 1 6 62 175 327 325 53 909 123 89 28 187 66 403 278 44 2211 4517 398 19 23 10 17 68 161 85 84 68 1183 187 146 32 6039 11 17 807 485 227 43 7 2 9 153 206 34 12 230 138 343 102 1296 1122 4272 8698 11024 7 534 753 1175 606 139 5 23 3 270 265 2 1 13 0 59 0 78 260 78 301 58 29 83 8 833 31 25 196 2318 36 4 19 183 87 0 0 0 0 1 0 1 0 0 1 1 3 0 4 59 0 2 34 6 196 44 105 35 1 0 0 2 2 0 2 2 1 3 3 0 5 1 0 5 25 55 2 8 0 1 2 15 4 58 116 1 1 15 0 0 3 1 0 0 0 1 0 0 1 2 1 19 8 5 15 1 0 1 0 7 13 1 7 42 8 14 17 19 0 13 10 1 2 8 0 1 32 0 1 1 0 0 0 1 1
19 11 10 2 23 11 3 16 1 9 1 11 37 378 1223 353 82 147 38 47 33 94 52 381 148 20 691 3069 622 46 72 22 33 283 133 149 212 57 1916 140 468 256 2699 8 19 274 401 1094 82 14 6 20 210 248 32 13 586 689 814 368 4510 2367 6414 11024 16542 8 883 1465 11749 1188 1358 5 10 7 790 371 6 1 3 0 247 2 84 264 78 294 124 100 105 7 499 133 37 216 1689 44 4 32 229 254 0 1 0 0 0 1 0 0 0 0 4 2 0 13 154 3 4 12 7 133 25 64 27 0 2 0 1 2 0 5 9 4 1 10 1 8 0 2 18 20 159 9 55 0 1 24 136 17 40 509 6 11 21 0 2 18 2 0 4 9 0 1 1 3 2 0 121 45 9 23 2 9 17 0 29 113 11 7 242 18 8 21 9 2 31 6 0 9 20 1 0 59 10 8 5 1 1 0 0 2
1 0 0 0 4 1 1 0 49 4 0 1 2645 0 1 0 18 140 581 24 3 4 4 1 1 0 1 1 3 2 1 3 13 5 1 0 2 87 13 0 17 13 43 1127 4277 2535 1 25 13 1670 117 670 4 4 7 1 1 7 0 0 111 9 18 7 8 2254 3 5 27 11 15 107 153 621 5 79 1605 1013 697 355 174 1245 2 3 0 2 0 462 311 436 3177 22 22 5 30 9 411 26 1 1 0 1 0 0 1 1 0 0 0 0 0 4 0 4 452 1 1 3 3 114 9 61 0 0 2 0 0 1 1 3 2 0 2 3 0 6 0 0 20 7 31 1 16 1 1 15 266 74 34 750 1 6 32 0 0 16 135 8 50 70 1 1 0 0 0 0 57 25 14 738 0 1 4 0 19 38 18 18 228 21 4 12 26 4 34 13 10 33 51 0 1 75 13 2 3 0 0 0 0 0
399 181 260 149 482 327 57 135 23 152 30 258 3 46 72 57 18 48 37 21 91 383 61 148 1032 53 547 532 4770 484 1134 140 390 328 77 14 93 350 202 257 147 40 516 36 5 174 329 148 38 5 13 49 815 1770 151 29 4913 499 70 37 120 487 592 534 883 3 9371 1353 474 315 168 173 313 46 3938 91 55 2 106 0 98 1 334 3962 189 4953 1823 42 24 1 124 89 61 105 539 939 53 60 3477 2494 13 6 30 15 1 41 10 14 28 19 50 74 0 3 4 0 3 3 7 7 16 5 3 21 9 1 5 0 0 1 16 3 8 59 0 38 0 1 75 68 7 7 6 8 34 1 7 1 30 39 2 0 4 9 1 0 3 0 2 3 9 5 2 6 2 1 14 5 1 2 19 6 1 1 3 5 5 1 26 3 120 135 14 0 4 81 2 1 5 4 7 9 6 3 16 5 11 3 0 4
35 11 21 7 27 22 6 17 6 9 5 29 5 577 624 201 67 94 51 24 178 451 156 544 1976 126 1149 1756 492 25 82 35 141 769 463 432 1018 778 669 854 278 94 610 67 7 91 2454 287 37 1 5 24 306 364 58 32 684 760 1476 2031 98 512 728 753 1465 5 1353 4400 1130 320 361 21 349 85 885 70 23 4 137 1 106 1 170 612 258 1231 2974 31 29 3 106 57 39 71 436 39 25 24 1442 1120 4 4 2 1 0 8 0 0 4 4 8 21 0 0 7 1 7 3 23 15 46 12 11 22 8 1 4 1 2 2 3 0 9 49 1 23 1 0 123 160 5 6 8 1 23 0 25 3 86 52 10 1 4 4 0 3 2 5 0 3 2 4 1 2 6 1 23 12 2 5 12 2 0 0 5 20 5 3 37 5 80 197 23 0 4 57 1 0 3 4 10 14 3 4 2 4 10 1 0 3
16 1 5 3 38 6 6 9 4 9 0 2 2 137 522 269 56 131 16 40 17 62 54 129 42 16 91 426 533 42 61 22 24 265 59 59 120 43 5037 53 388 258 855 7 42 176 169 8561 96 131 3 18 141 192 33 11 404 578 400 175 8786 3650 4559 1175 11749 27 474 1130 13719 1405 3936 3 11 3 845 5250 6 0 10 2 446 6 37 118 32 84 60 277 269 28 1346 110 19 144 962 37 5 34 79 108 0 2 0 0 3 0 0 3 0 0 3 7 0 11 56 0 1 8 2 52 16 18 3 3 2 1 4 2 0 1 10 5 1 5 1 10 1 0 12 12 73 1 30 0 2 79 190 14 64 334 4 53 325 2 4 85 1 2 5 18 0 0 1 2 7 1 150 131 115 44 10 6 15 1 353 194 38 104 1271 269 15 47 11 3 504 63 12 119 91 2 1 733 149 8 18 0 1 1 0 1
76 17 28 9 34 15 31 57 5 45 9 24 5 33 144 47 23 52 25 33 32 220 105 84 195 20 103 129 204 22 34 14 30 83 23 8 35 30 93 65 473 60 327 4 11 83 159 1559 180 47 131 278 147 130 169 32 165 156 109 55 451 6874 2905 606 1188 11 315 320 1405 3670 1572 14 26 8 246 235 17 1 9 12 667 170 199 256 81 146 50 540 227 30 541 789 753 732 751 46 9 21 116 63 1 3 0 1 0 0 0 1 1 2 5 3 0 0 1 0 0 8 3 4 8 5 4 1 0 0 0 3 0 1 3 0 0 4 0 2 0 0 2 5 2 3 3 2 0 13 13 0 14 15 0 217 210 2 8 101 206 56 207 657 4 1 1 0 4 1 10 15 85 19 2 2 2 0 62 11 357 337 120 23 9 11 10 3 45 27 412 132 1225 0 3 468 175 3 12 3 1 2 0 0
59 9 21 2 36 12 25 41 0 27 3 19 2 31 204 72 34 77 21 40 29 78 57 40 38 8 34 113 212 34 61 27 45 188 20 17 55 63 165 30 763 74 139 7 16 78 62 7942 324 48 48 61 58 76 67 27 191 318 156 95 1223 3100 397 139 1358 15 168 361 3936 1572 12028 16 23 8 393 694 15 0 5 5 7818 120 87 131 35 54 33 1472 207 34 666 1000 46 60 219 41 13 20 42 51 0 1 0 0 1 0 0 5 0 2 0 1 0 1 0 2 0 1 2 7 4 4 2 0 1 1 2 0 0 1 0 2 1 1 0 4 0 0 5 5 2 2 2 0 1 16 9 0 8 17 4 193 175 1 10 90 138 26 125 453 0 1 0 0 0 0 8 7 67 12 2 4 1 0 48 8 324 329 133 18 6 5 15 2 28 21 371 136 960 0 0 387 134 0 4 0 0 0 1 0
