29959 12151 19894 4954 2474 8237 10417 14025 758 2362 120 8529 1 7 8 5 3 5 2 1 101 73 6 7 10 5 21 19 7141 11513 755 57 195 0 2 2 7 1 6 12 2000 11 78 2 3 10 7 20 168 13 142 315 964 935 1417 488 98 3 0 0 8 27 40 10 6 3 233 19 46 112 29 58 6 26 93 6 70 5 16 27 398 19 2220 390 1146 122 9 79 44 16 31 540 177 137 172 272 167 3395 35 18 0 0 87 0 0 43 3 6 20 11 25 83 0 0 0 1 1 0 0 0 2 0 0 4 1 0 0 0 0 0 1 1 18 25 1 13 0 1 6 11 1 2 1 0 16 0 1 0 4 5 3 2 1 2 0 1 9 1 6 7 1 1 0 0 14 2 0 0 4 1 2 1 1 3 1 1 2 4 5 2 67 7 9 0 1 31 3 3 9 1 5 6 0 1 19 7 1 1 0 0
12151 10512 6647 11311 3422 4161 95 136 34 82 15 3951 0 0 0 0 0 0 0 0 29 9 1 4 2 0 1 1 211 3156 303 2 14 1 0 0 0 0 0 1 503 2 12 0 0 0 1 1 21 2 16 32 61 99 93 78 36 0 2 0 4 3 4 0 2 3 109 1 3 10 2 10 0 4 7 0 2 0 1 3 37 1 267 85 305 43 3 12 8 1 2 65 15 13 23 25 7 52 10 2 0 0 8 0 0 14 1 3 6 3 5 19 0 0 0 0 1 0 0 0 1 0 0 0 0 0 0 0 0 0 2 0 3 7 0 2 0 0 0 2 0 0 0 0 1 0 0 0 0 2 0 0 0 1 0 0 1 0 0 0 0 0 0 0 3 0 0 0 0 0 0 0 0 0 0 0 1 0 1 0 16 2 3 0 0 8 0 0 1 1 1 1 0 1 3 1 0 0 0 0
19894 6647 10504 1492 162 1491 378 4375 344 5655 1038 23636 0 1 3 0 2 1 0 0 334 179 12 12 30 1 14 5 409 498 73 10 82 5 0 0 0 4 3 13 2005 9 55 3 0 2 4 7 132 16 61 154 184 265 350 471 154 1 1 0 10 19 23 13 9 5 450 8 21 56 25 101 5 21 50 5 104 3 13 6 237 11 1098 377 1633 322 13 46 30 17 21 338 110 111 101 100 190 246 94 21 12 3 108 19 1 299 21 30 143 107 174 506 1 0 0 0 1 0 1 0 1 0 1 17 6 3 4 0 0 0 11 3 83 112 1 34 1 0 8 13 0 6 0 9 58 0 1 0 0 2 11 0 0 11 1 4 0 3 4 12 10 1 2 1 73 1 0 3 3 0 10 0 2 3 2 1 8 1 3 0 431 26 17 0 0 226 4 2 7 2 18 4 2 7 108 37 17 3 0 3
4954 11311 1492 18412 8403 9666 50 36 26 63 62 5443 0 1 1 1 0 0 0 0 248 107 1 3 17 3 5 3 278 1396 1258 6 33 2 2 0 1 2 0 6 1056 2 28 0 1 3 4 2 36 3 17 56 97 130 122 218 122 0 0 0 2 3 7 9 1 3 368 8 14 27 5 37 2 11 29 1 11 0 6 3 65 2 474 279 1006 260 8 12 12 1 10 82 27 17 31 60 55 44 64 8 10 0 20 10 0 90 6 4 63 43 85 233 0 0 0 0 1 0 0 0 1 1 0 10 7 3 1 0 0 0 2 0 42 54 0 14 2 0 2 5 0 1 0 1 22 0 0 0 0 0 4 1 0 2 1 2 2 2 1 0 5 0 2 2 42 0 0 1 1 0 2 1 4 1 1 0 2 1 0 0 185 22 11 0 0 62 1 1 2 0 21 1 3 1 31 7 2 1 0 1
2474 3422 162 8403 13138 14210 468 131 37 54 56 4596 0 4 20 11 16 11 11 3 311 365 19 14 31 2 20 32 1121 9209 12036 74 137 15 2 1 22 18 13 6 888 7 57 1 8 16 8 31 49 3 38 89 306 345 370 246 1422 1 3 2 6 25 56 22 8 3 589 13 87 46 28 40 6 25 237 13 32 0 11 5 117 4 939 362 1129 363 21 15 12 6 19 167 48 41 44 2463 38 275 82 139 0 0 5 2 0 12 1 2 6 5 5 33 1 2 3 0 2 0 0 0 3 1 4 3 0 1 0 0 0 1 2 0 8 28 1 23 2 0 4 19 1 2 1 2 8 0 0 0 1 10 5 0 0 0 0 0 3 1 1 3 3 1 0 0 16 4 1 0 2 0 2 0 1 4 3 4 1 0 2 1 37 7 18 0 1 18 2 0 2 0 3 2 2 1 3 3 3 0 0 0
8237 4161 1491 9666 14210 9948 773 276 147 150 225 9919 19 2 8 9 39 37 82 12 603 875 36 7 72 2 16 25 818 7344 1647 1659 1874 85 2 0 27 70 3 16 1134 4 85 23 32 66 2 38 60 34 30 84 239 246 316 255 307 45 0 4 20 26 45 14 9 10 388 17 54 57 24 354 105 166 169 20 271 14 136 10 132 20 696 273 1395 408 20 39 29 43 84 171 41 34 69 2413 398 392 188 15 8 3 42 6 2 189 8 22 73 60 129 362 2 2 1 4 9 4 0 7 30 11 16 21 9 3 4 0 0 6 9 2 89 166 2 71 1 3 36 50 6 18 2 8 70 0 6 0 5 20 25 1 2 11 4 3 2 5 1 2 14 2 0 2 104 12 5 4 1 2 10 3 10 12 5 7 15 4 10 4 383 58 51 3 3 275 3 2 4 3 26 3 7 5 75 11 20 3 0 2
10417 95 378 50 468 773 8785 5785 1192 1235 224 888 1 0 2 4 1 3 1 0 18 30 2 4 5 3 8 3 2534 2247 246 32 76 1 0 0 4 0 1 5 187 9 29 1 1 3 2 6 77 18 110 194 1357 1013 1702 105 26 0 0 0 4 10 13 2 1 1 44 2 12 52 18 64 4 9 22 1 220 3 11 7 235 14 1634 165 212 32 9 38 20 10 22 337 109 65 83 167 483 10003 11 7 0 0 12 1 0 31 0 9 16 20 21 54 0 0 0 0 1 0 0 0 1 2 0 0 1 0 0 0 0 1 0 0 7 16 0 4 0 0 0 3 0 0 0 0 4 0 0 0 1 0 0 0 2 2 0 1 3 0 4 7 1 0 1 0 7 0 0 0 0 1 0 0 3 1 0 0 2 3 2 0 36 3 8 0 1 15 4 1 6 0 3 4 0 0 11 1 1 0 0 0
14025 136 4375 36 131 276 5785 27515 6155 23523 1370 3356 0 0 1 3 0 2 1 0 33 19 1 4 11 1 7 2 70 650 55 4 24 1 0 0 1 1 6 2 741 3 32 1 5 2 1 4 81 10 68 155 207 150 387 206 19 0 0 0 2 12 1 6 2 2 47 3 6 56 9 40 1 11 8 4 183 0 6 9 205 8 817 102 434 41 11 42 24 2 12 254 81 54 56 48 351 1324 21 7 0 1 33 1 0 25 2 2 28 23 25 60 0 0 0 0 1 0 0 0 0 1 1 0 2 1 0 0 0 0 0 0 14 16 0 5 0 0 1 2 0 0 0 2 5 0 0 0 0 0 2 0 0 2 0 0 1 0 4 7 2 0 2 0 12 1 0 0 0 0 1 1 0 0 1 0 0 0 1 0 49 2 6 0 0 21 0 0 4 0 2 5 1 0 17 3 2 0 0 1
758 34 344 26 37 147 1192 6155 2197 3274 517 1121 2 0 0 0 1 1 2 1 6 13 1 0 1 0 0 0 14 163 14 15 93 0 0 0 0 1 0 2 49 1 6 1 33 1 0 2 6 95 18 49 47 14 45 15 2 0 0 0 0 0 0 0 0 29 5 0 0 8 1 199 0 135 6 0 1338 34 48 18 46 58 67 7 32 5 0 62 19 54 9 25 7 5 5 37 3649 1476 4 0 0 0 12 1 0 13 1 4 7 8 10 33 0 0 0 0 0 0 0 2 1 0 0 0 1 0 1 0 0 1 0 0 3 8 0 7 0 0 2 2 0 0 0 2 6 0 0 0 0 2 1 1 2 1 0 0 1 0 0 3 3 0 1 0 5 0 0 0 0 0 0 1 1 1 0 0 0 0 1 0 26 7 3 0 1 10 0 2 1 1 3 2 0 0 11 0 1 0 0 0
2362 82 5655 63 54 150 1235 23523 3274 31948 12610 15178 0 0 0 1 1 2 0 2 51 52 5 1 6 0 1 0 21 284 18 8 68 0 1 0 1 3 1 0 311 3 14 0 0 1 3 3 41 0 31 63 86 48 153 105 13 0 0 0 3 1 4 3 0 6 35 3 0 18 10 196 3 16 7 1 735 1 19 1 85 4 321 50 218 23 2 14 5 4 4 116 35 27 23 26 2842 1348 13 2 16 3 80 16 3 226 12 27 108 89 118 409 1 1 0 0 1 0 0 0 1 1 2 5 5 3 1 1 0 0 5 0 73 53 0 18 0 0 0 4 0 0 0 9 59 1 0 0 1 3 4 0 2 8 0 1 5 2 1 6 4 6 1 0 54 1 0 0 1 1 5 0 4 1 0 1 4 0 2 0 269 13 10 0 0 112 3 0 3 2 11 3 2 7 76 32 10 1 1 1
120 15 1038 62 56 225 224 1370 517 12610 5751 7275 0 0 0 1 0 0 2 0 35 56 3 0 4 0 1 0 11 81 11 48 252 1 0 0 0 0 0 1 75 0 2 0 1 1 0 1 2 1 3 12 20 10 17 15 3 0 0 0 0 0 2 0 1 1 6 0 0 4 3 947 2 4 4 0 642 0 36 0 19 1 55 12 70 13 3 2 3 3 2 22 6 4 3 12 2270 343 17 1 7 0 50 7 2 151 5 20 77 65 99 312 1 0 0 0 1 0 0 0 0 1 0 12 6 3 3 1 1 0 1 0 45 56 0 12 0 0 1 2 0 0 0 2 20 0 0 0 1 2 2 0 0 4 0 0 1 3 2 3 8 0 1 2 32 0 0 1 1 0 3 1 0 1 1 0 6 2 3 0 194 19 8 0 1 79 0 0 0 6 10 1 5 6 68 10 9 1 0 0
8529 3951 23636 5443 4596 9919 888 3356 1121 15178 7275 43817 36 1 8 7 25 36 89 9 1218 1536 58 11 97 6 16 14 439 3833 774 3152 7316 115 4 0 26 90 8 24 2004 13 106 38 58 86 10 20 83 53 49 96 202 235 259 446 154 61 2 2 15 19 38 18 13 17 413 20 48 58 32 2319 197 313 256 15 1275 27 485 12 154 26 923 403 2592 684 29 64 23 63 103 227 49 46 90 947 3592 869 329 17 50 9 276 35 13 1013 57 122 395 371 554 1857 3 7 2 3 16 2 1 14 35 18 22 80 31 14 19 0 0 7 21 4 347 447 1 148 9 3 68 97 1 26 1 35 254 8 5 1 17 31 53 1 2 38 1 12 19 12 1 14 40 9 12 9 283 30 6 13 7 5 43 10 14 40 6 9 14 3 24 5 1524 144 135 11 4 866 6 1 10 15 103 6 8 19 370 105 58 5 4 12
1 0 0 0 0 19 1 0 2 0 0 36 5357 0 2 0 8 37 3886 79 0 0 0 0 1 0 2 1 0 2 0 15 37 2 0 0 0 197 1 0 5 0 11 8013 4065 1242 0 3 1 434 11 27 0 0 1 0 0 2 0 1 1 1 3 4 0 3526 0 0 6 3 3 167 400 784 18 6 245 401 829 15 28 93 1 0 0 0 0 121 55 395 245 2 0 2 8 49 36 2 0 0 0 3 0 0 0 0 0 0 0 0 0 1 1 9 285 2 5 28 0 309 15 230 16 0 0 0 1 6 0 10 16 4 4 4 0 8 2 0 4 5 116 2 44 0 3 4 32 4 24 1209 1 2 9 1 0 7 2 0 3 6 1 2 0 0 12 0 146 42 17 349 1 13 7 2 16 124 2 4 281 62 1 2 46 1 61 2 0 12 10 1 2 45 6 1 0 0 0 1 0 1
7 0 1 1 4 2 0 0 0 0 0 1 0 6267 9242 190 2114 72 48 198 1 7 17 79 3 10 1887 528 38 17 46 0 3 72 4254 2462 2618 12 59 306 104 8 95 1 1 7 401 4 14 1 0 0 8 15 11 4 117 151 1078 139 19 5 29 125 66 0 93 573 112 5 1 0 2 45 505 3 0 0 1 0 4 0 37 24 9 6 3 0 3 0 7 4 0 1 13 8 1 1 7 5 0 1 0 0 0 0 0 0 1 0 0 0 35 23 1 44 13 23 19 49 117 131 148 4 4 3 8 4 3 10 1 0 9 14 0 14 33 2 45 59 13 44 3 2 5 7 0 0 41 29 7 2 0 0 0 0 0 0 0 0 0 0 0 0 12 18 16 10 7 1 0 3 1 1 8 9 2 0 8 6 9 24 61 0 6 10 0 0 1 0 0 4 3 1 0 0 2 0 0 0
8 0 3 1 20 8 2 1 0 0 0 8 2 9242 20243 11117 980 1906 176 1242 6 30 205 357 16 81 4259 5008 78 82 68 1 7 89 1397 326 310 22 717 422 759 122 390 1 1 74 276 57 71 1 1 7 24 31 18 7 168 291 591 113 321 48 133 255 241 5 125 691 1368 46 72 2 9 121 1036 78 0 0 3 0 38 1 62 45 30 16 10 19 18 8 70 44 4 10 97 49 0 3 4 5 0 4 0 0 1 0 0 0 0 0 0 17 88 67 60 105 38 96 38 459 323 606 346 10 7 7 28 18 10 52 3 2 19 37 3 20 67 13 120 125 68 125 35 1 23 19 3 0 112 193 39 2 3 1 1 0 0 1 0 0 1 0 0 0 28 43 64 50 19 10 2 4 4 26 20 41 2 6 68 15 25 79 182 6 12 21 1 0 7 0 1 10 10 3 2 1 4 0 1 1
5 0 0 1 11 9 4 3 0 1 1 7 0 190 11117 10721 465 7705 2688 803 0 29 326 356 6 34 2274 2994 29 43 38 3 8 81 81 32 306 19 615 75 1023 223 369 3 2 74 47 42 85 1 3 1 8 13 11 4 57 273 151 200 114 37 261 200 40 5 28 292 328 46 15 2 7 46 1047 25 0 0 0 0 12 0 16 7 3 8 5 8 18 4 75 38 5 12 85 85 0 1 3 0 0 3 0 0 0 0 0 0 0 0 0 3 27 73 86 33 7 155 9 801 56 1185 68 4 8 0 6 10 5 63 7 2 5 11 1 15 22 3 23 27 143 31 53 3 5 3 6 1 69 106 11 0 2 1 1 0 0 1 0 0 1 0 0 0 11 10 36 18 8 15 4 2 8 6 5 22 2 0 21 7 1 18 94 2 5 9 0 1 0 1 0 2 6 3 0 0 3 1 0 1
3 0 2 0 16 39 1 0 1 1 0 25 8 2114 980 465 860 541 800 1716 22 96 266 348 54 247 720 171 12 38 40 5 70 368 591 429 1139 858 139 580 1031 94 375 29 10 75 351 17 104 9 1 2 4 4 7 2 48 510 685 398 71 11 144 126 80 9 32 524 134 17 16 7 76 134 1654 29 1 0 12 0 14 6 13 10 19 11 9 12 17 22 78 45 5 18 100 315 2 2 8 0 1 2 0 1 0 4 0 0 2 0 3 46 147 67 8 128 125 53 35 57 367 188 200 86 42 24 89 37 14 88 5 4 40 169 21 148 142 55 307 343 34 302 46 4 96 31 4 0 172 83 240 4 5 2 6 4 0 1 1 3 5 1 1 0 80 246 42 90 43 5 4 6 31 169 26 77 5 16 40 28 56 250 140 29 9 88 0 2 3 10 8 8 30 9 1 1 38 7 1 4
5 0 1 0 11 37 3 2 1 2 0 36 37 72 1906 7705 541 6003 3715 3138 9 63 295 1509 33 64 3112 877 13 15 11 16 162 232 37 6 592 1453 4176 110 1500 587 3698 496 27 4306 86 259 173 17 4 2 6 15 5 7 29 129 63 169 2031 133 517 2163 280 118 59 112 1162 118 229 43 275 269 713 284 0 3 32 1 89 0 22 21 30 29 6 60 113 38 901 76 10 29 251 263 1 6 8 4 2 27 0 0 0 4 0 0 1 0 1 13 79 484 1058 96 39 443 8 1561 185 3211 111 21 19 7 18 61 6 349 50 19 25 54 4 100 39 11 88 98 1551 65 825 3 32 50 75 46 260 1352 41 1 10 3 9 9 1 1 0 5 17 16 1 3 74 44 299 406 55 182 16 39 37 35 21 357 3 9 184 49 17 61 225 9 54 23 2 8 15 13 19 40 19 24 6 2 19 5 5 9
2 0 0 0 11 82 1 1 2 0 2 89 3886 48 176 2688 800 3715 46920 8826 11 53 101 394 20 82 2140 247 12 10 3 55 343 263 75 4 627 5584 71 196 401 61 768 7355 1205 5727 76 71 52 265 8 13 5 7 4 0 15 83 22 92 53 38 322 715 176 1077 20 36 217 56 35 156 1055 6432 590 25 18 173 219 8 48 30 7 8 12 9 9 100 93 586 908 24 1 12 102 513 11 2 3 0 2 38 3 2 2 7 0 1 2 1 2 56 430 1006 1668 478 159 1461 75 4839 1229 10347 1224 68 34 41 107 162 55 636 75 20 53 201 23 156 226 76 455 437 2011 451 880 9 97 132 124 70 987 2461 175 13 24 10 12 14 3 9 2 20 14 15 1 5 168 174 599 468 95 548 27 33 64 106 67 406 18 31 400 126 82 313 1603 24 80 93 3 11 24 8 17 84 46 21 4 2 36 18 9 19
1 0 0 0 3 12 0 0 1 2 0 9 79 198 1242 803 1716 3138 8826 6180 6 36 111 396 16 179 1258 108 1 2 5 4 47 81 163 10 283 591 172 469 355 58 328 193 42 145 74 19 59 19 1 1 0 0 3 0 6 39 21 35 89 11 76 131 30 14 9 36 95 19 19 6 85 288 223 22 2 0 11 0 19 7 7 3 3 4 8 15 26 44 107 55 3 12 53 87 1 0 2 1 0 2 0 0 0 1 0 1 0 0 0 29 269 174 15 305 70 87 54 105 540 637 377 55 20 25 101 50 26 135 2 3 46 105 3 59 153 46 212 228 39 323 28 6 53 52 10 0 217 104 123 10 6 0 7 3 0 5 0 5 0 0 0 0 60 123 35 75 52 6 2 8 8 38 35 65 7 12 54 29 35 138 175 6 21 48 1 1 5 7 3 18 23 2 2 0 10 4 2 3
101 29 334 248 311 603 18 33 6 51 35 1218 0 1 6 0 22 9 11 6 6847 7940 2082 35 463 33 40 3 26 92 186 24 123 112 1 0 24 44 0 80 1400 12 160 3 1 9 52 3 31 1 1 4 8 12 9 1154 110 17 2 11 10 4 49 39 13 0 59 50 20 12 4 31 75 71 425 4 11 0 16 0 7 0 56 35 3349 848 85 4 3 0 15 20 4 7 72 1208 26 7 923 9 0 0 8 1 0 7 2 0 5 3 2 24 4 3 0 0 15 2 0 2 24 3 8 12 3 3 5 4 0 6 1 1 9 43 3 49 5 1 36 66 0 8 3 1 14 0 1 0 3 3 17 0 0 1 0 0 0 0 0 0 2 3 0 0 16 22 1 7 1 0 2 1 4 18 1 3 1 0 2 2 25 23 34 2 2 38 0 1 1 1 2 1 1 0 3 1 6 1 0 2
73 9 179 107 365 875 30 19 13 52 56 1536 0 7 30 29 96 63 53 36 7940 21276 3330 587 4949 843 284 12 42 138 189 66 249 254 2 0 58 158 17 1402 1694 203 1502 17 4 71 306 10 254 2 15 17 23 34 28 339 298 58 19 18 66 20 224 209 29 4 286 168 64 153 18 77 183 239 1052 18 15 3 41 1 49 3 210 172 5265 3448 363 18 34 11 125 170 21 64 486 2709 62 20 3642 26 2 3 8 1 1 16 0 2 2 3 5 46 17 7 1 11 78 14 5 15 116 26 39 38 14 8 17 11 0 30 0 3 28 115 16 153 21 7 179 258 8 33 8 6 72 6 3 0 51 30 79 4 3 4 1 0 1 2 1 3 4 1 0 0 63 97 11 24 13 1 3 3 33 116 4 13 3 1 11 2 60 106 96 20 1 71 1 2 6 1 6 6 1 5 5 1 20 3 1 5
6 1 12 1 19 36 2 1 1 5 3 58 0 17 205 326 266 295 101 111 2082 3330 8487 4858 660 2657 317 18 19 22 14 15 98 159 4 0 178 128 46 1164 7158 1066 1074 7 4 80 294 7 343 6 3 1 6 8 4 35 29 31 27 14 39 11 20 45 4 1 57 128 35 41 11 12 89 46 236 13 6 0 15 0 25 0 32 28 175 86 98 19 25 12 108 118 10 42 147 261 11 4 41 4 0 0 0 0 0 1 0 0 0 1 1 11 6 5 0 4 13 1 4 10 33 28 32 5 2 2 4 1 0 8 0 0 4 12 3 13 12 2 31 44 1 17 1 2 9 2 0 0 10 14 19 0 3 0 0 0 0 1 2 0 2 0 0 0 8 14 7 4 5 0 1 1 1 10 1 4 0 2 8 2 10 8 15 2 3 10 0 3 1 1 1 2 0 1 2 0 2 1 0 0
7 4 12 3 14 7 4 4 0 1 0 11 0 79 357 356 348 1509 394 396 35 587 4858 9339 393 4524 2012 55 38 12 15 4 6 13 65 4 75 38 84 5180 2771 6638 3349 8 14 865 976 10 605 1 9 8 13 38 20 18 97 13 223 12 246 14 47 296 19 8 274 326 66 62 5 1 11 25 96 11 0 0 2 2 35 2 150 134 209 163 99 19 25 11 462 207 14 67 178 45 0 1 74 1 0 0 0 0 0 0 0 0 0 0 0 3 8 6 7 13 9 33 4 40 49 114 48 3 0 2 3 1 0 9 0 0 3 8 1 3 7 3 15 22 4 8 2 2 6 2 0 0 17 54 6 2 2 0 0 1 0 0 1 5 0 0 0 0 6 8 14 6 3 0 2 0 1 3 1 10 1 0 9 7 1 12 30 0 6 4 0 0 5 0 1 5 1 0 0 0 1 0 1 1
10 2 30 17 31 72 5 11 1 6 4 97 1 3 16 6 54 33 20 16 463 4949 660 393 4583 904 235 16 55 39 32 2 9 11 1 0 16 34 10 4087 586 85 1621 3 8 78 1786 13 161 4 15 39 52 107 72 187 377 2 20 1 43 16 288 287 46 3 1389 714 61 127 10 8 12 199 155 9 2 1 4 2 69 3 637 610 1707 2046 3828 21 23 15 88 139 24 66 491 163 2 3 3315 254 2 0 3 0 1 7 0 0 2 0 1 15 3 6 1 5 29 2 6 12 61 14 30 16 4 2 9 2 0 4 0 1 24 60 3 115 5 10 93 144 4 13 1 2 51 2 1 0 11 13 24 3 2 2 0 0 3 0 1 3 5 0 1 0 31 29 7 10 4 0 3 1 8 28 5 8 2 1 9 0 15 56 85 2 3 27 0 0 7 4 7 3 1 2 1 1 16 1 1 1
5 0 1 3 2 2 3 1 0 0 0 6 0 10 81 34 247 64 82 179 33 843 2657 4524 904 2707 513 7 10 9 3 0 2 6 4 1 40 46 11 2841 1419 263 676 3 0 13 199 0 115 1 2 3 1 14 4 16 15 2 17 9 11 3 12 30 2 1 82 36 12 15 1 2 3 15 27 6 0 0 0 1 17 1 58 45 80 101 39 8 17 4 37 39 5 15 73 23 1 1 30 3 0 0 0 0 0 0 0 0 0 0 0 1 26 9 0 22 13 17 13 25 75 69 77 5 3 3 8 5 1 7 0 0 3 14 0 4 15 3 27 34 5 25 1 0 9 2 0 0 18 16 13 0 1 1 0 1 0 0 0 0 0 0 0 0 9 20 8 9 3 0 0 0 1 6 2 3 0 2 8 3 5 11 44 1 3 6 0 0 0 0 0 3 1 1 1 0 1 0 0 0
21 1 14 5 20 16 8 7 0 1 1 16 2 1887 4259 2274 720 3112 2140 1258 40 284 317 2012 235 513 15722 6070 347 123 203 1 7 75 1433 111 415 49 188 1757 319 59 1236 6 4 195 1058 10 53 2 10 31 118 217 125 59 980 135 913 85 37 12 96 1710 289 2 1215 1331 135 32 15 6 22 91 867 17 0 0 1 2 37 1 420 359 298 288 96 6 11 2 59 50 19 21 84 70 0 9 103 26 0 0 0 0 0 0 0 1 0 0 0 8 39 55 55 46 10 150 11 498 128 905 241 4 1 3 9 5 3 31 8 1 9 19 1 20 37 7 53 57 69 45 18 1 9 3 4 0 70 176 8 2 0 1 3 0 1 1 0 5 0 0 0 0 14 21 52 15 7 15 0 4 4 7 4 25 0 1 35 19 8 25 172 0 6 10 0 0 1 1 2 5 0 3 1 0 2 2 0 1
19 1 5 3 32 25 3 2 0 0 0 14 1 528 5008 2994 171 877 247 108 3 12 18 55 16 7 6070 5685 257 171 209 0 6 65 64 61 139 15 2225 40 99 22 78 8 2 218 155 21 12 1 6 12 63 106 56 19 593 293 531 64 111 25 85 238 1211 30 406 1115 611 17 14 0 2 49 1514 12 0 0 1 0 25 2 158 111 77 33 20 1 4 3 47 16 11 4 34 64 1 10 15 16 0 5 0 0 0 0 0 2 0 0 0 4 4 49 413 13 8 107 2 1149 26 760 43 2 3 2 0 15 0 24 23 5 9 8 0 12 9 3 9 11 417 14 199 1 6 12 11 9 21 1247 13 0 4 0 0 1 0 0 0 0 4 5 0 2 27 4 269 124 18 82 5 6 6 4 7 136 2 1 116 32 6 14 57 2 32 4 0 2 1 3 6 11 2 6 1 0 6 3 2 3
7141 211 409 278 1121 818 2534 70 14 21 11 439 0 38 78 29 12 13 12 1 26 42 19 38 55 10 347 257 38645 14831 1472 19 31 3 38 4 19 2 43 95 107 7 352 0 3 29 60 65 32 4 18 78 3185 5891 2117 39 3838 7 31 2 25 77 684 162 155 3 5272 77 507 85 38 9 1 39 908 11 11 2 1 4 70 3 1988 2349 95 24 54 20 18 4 46 107 35 23 229 873 13 7011 45 308 0 0 1 0 0 4 0 0 2 0 2 11 0 1 0 1 2 1 0 4 4 2 2 3 3 0 3 0 0 2 3 0 4 20 2 13 0 1 17 23 1 1 2 1 2 1 0 1 4 11 4 2 2 1 0 0 0 0 2 1 0 0 0 0 8 3 2 6 2 0 0 1 3 14 1 3 0 0 8 4 13 6 18 1 3 12 0 0 1 0 0 7 0 0 0 1 2 1 1 0
11513 3156 498 1396 9209 7344 2247 650 163 284 81 3833 2 17 82 43 38 15 10 2 92 138 22 12 39 9 123 171 14831 16562 9128 113 334 10 13 4 49 6 40 23 629 12 176 2 4 18 17 61 135 15 131 249 1366 1343 1439 249 4364 6 10 4 37 104 320 47 68 8 1216 20 420 132 78 87 9 46 710 21 67 1 19 22 375 18 2230 516 707 102 16 66 40 15 46 414 149 88 197 2167 133 1473 58 131 1 0 4 1 2 30 0 2 14 8 19 73 2 3 1 1 12 0 0 2 6 6 3 5 2 3 0 0 0 2 1 0 17 33 0 31 3 0 14 18 2 2 1 2 18 1 1 0 2 16 11 1 2 6 0 3 1 0 3 7 7 1 0 2 18 8 3 4 3 0 0 1 5 9 1 11 0 4 12 3 59 27 14 1 4 53 1 1 7 0 4 5 1 2 8 3 5 0 0 0
755 303 73 1258 12036 1647 246 55 14 18 11 774 0 46 68 38 40 11 3 5 186 189 14 15 32 3 203 209 1472 9128 16651 18 38 6 29 2 26 1 45 26 831 5 117 1 2 17 28 61 37 5 39 76 404 499 430 231 7447 5 14 3 22 63 321 57 107 5 1090 79 470 89 51 10 3 23 4025 19 17 1 6 4 137 5 1088 482 1020 348 37 20 14 7 31 173 48 44 147 7371 12 205 238 6331 0 0 1 0 0 4 0 2 2 5 1 19 1 1 2 1 7 0 0 1 3 3 0 2 3 1 2 0 0 2 0 1 8 20 0 15 0 1 16 13 0 1 0 1 11 1 0 0 1 8 3 0 3 0 0 0 0 0 2 2 2 1 0 0 15 2 0 4 1 0 0 2 7 2 6 9 3 1 13 2 15 7 5 0 4 10 0 1 0 2 2 4 2 1 2 0 1 0 0 0
57 2 10 6 74 1659 32 4 15 8 48 3152 15 0 1 3 5 16 55 4 24 66 15 4 2 0 1 0 19 113 18 3092 4122 1488 1 0 8 71 2 0 57 1 12 19 12 31 2 3 3 13 3 7 3 5 11 5 3 1111 1 6 5 2 5 3 0 2 8 0 2 2 3 239 280 89 1340 2 34 7 87 1 3 7 17 5 24 9 0 6 3 17 25 8 0 2 6 2079 64 16 5 0 1 1 6 3 0 28 4 3 5 7 8 68 3 3 4 2 9 3 0 1 12 7 13 5 4 5 1 2 0 2 1 0 23 40 1 39 2 2 25 24 1 8 2 1 16 0 1 0 7 10 11 0 0 0 0 0 1 3 1 2 3 0 0 0 20 6 2 0 0 1 1 0 4 10 2 1 2 0 3 2 71 22 24 2 0 62 0 0 2 0 8 1 1 2 14 2 13 1 0 3
195 14 82 33 137 1874 76 24 93 68 252 7316 37 3 7 8 70 162 343 47 123 249 98 6 9 2 7 6 31 334 38 4122 10430 5188 1 0 288 3337 14 7 320 8 63 101 102 178 14 13 10 72 6 15 14 22 27 14 6 1331 31 455 21 6 13 14 3 28 13 43 17 16 16 3431 3530 611 3229 10 424 30 690 8 33 23 57 7 98 17 1 41 15 74 176 14 5 4 22 2608 429 77 16 2 12 9 36 13 2 176 8 31 63 53 123 480 12 6 8 7 59 12 4 24 93 28 48 72 23 14 25 8 2 19 13 1 158 423 7 266 17 10 142 227 12 44 5 6 184 6 2 0 30 39 69 1 4 28 4 1 7 9 1 11 29 4 2 1 206 61 11 11 5 4 13 7 40 71 7 11 10 2 26 4 506 222 222 13 9 433 3 2 5 9 40 5 13 18 88 20 44 7 2 4
0 1 5 2 15 85 1 1 0 0 1 115 2 72 89 81 368 232 263 81 112 254 159 13 11 6 75 65 3 10 6 1488 5188 5430 66 51 2271 3070 94 23 351 12 122 6 12 123 71 55 9 4 0 3 0 1 3 7 10 4386 1074 5997 57 36 40 32 22 17 4 944 172 41 53 170 970 199 5138 46 8 1 51 1 30 0 15 2 50 12 4 9 19 27 108 3 3 4 31 1007 17 4 5 0 5 2 11 4 2 37 1 7 16 9 14 114 9 2 9 7 23 2 1 10 30 24 19 33 15 6 8 6 0 8 3 4 57 207 7 217 9 1 105 144 3 16 6 4 85 3 2 0 16 24 34 1 1 9 1 1 3 3 0 2 7 3 0 0 103 44 11 9 5 1 9 3 26 57 1 15 5 4 21 9 149 123 84 10 7 126 1 1 2 5 16 7 3 4 22 4 13 6 0 3
2 0 0 2 2 2 0 0 0 1 0 4 0 4254 1397 81 591 37 75 163 1 2 4 65 1 4 1433 64 38 13 29 1 1 66 1860 2173 1191 24 12 341 17 1 66 0 0 3 1140 1 3 0 1 3 14 20 8 1 89 49 737 124 4 3 16 76 17 0 129 301 33 2 2 0 4 13 126 3 0 0 0 0 3 0 45 24 21 18 9 1 3 1 2 5 2 0 12 5 0 2 3 3 0 0 0 0 0 0 0 0 0 0 0 0 10 15 2 21 10 14 3 8 38 81 36 5 2 2 2 3 1 6 0 0 0 8 1 3 8 0 14 20 3 22 2 0 1 0 0 0 19 10 4 0 2 0 1 0 0 0 0 0 0 0 0 0 3 8 2 5 2 0 0 0 1 6 5 2 0 0 5 4 3 9 17 1 0 3 0 0 0 2 0 0 1 0 0 0 1 0 0 0
2 0 0 0 1 0 0 0 0 0 0 0 0 2462 326 32 429 6 4 10 0 0 0 4 0 1 111 61 4 4 2 0 0 51 2173 2796 1519 15 11 61 2 0 8 0 0 0 158 1 0 0 0 0 2 2 0 0 15 34 2353 214 5 0 3 9 10 0 6 161 27 0 1 0 0 2 83 1 0 0 0 0 0 0 2 1 0 1 1 0 1 0 2 0 0 0 1 1 0 0 0 0 0 0 0 0 0 0 0 0 0 0 0 0 2 1 1 1 2 0 1 0 4 5 10 0 0 0 0 0 0 0 0 0 0 1 0 0 1 0 3 2 0 1 0 0 3 0 0 0 2 1 0 0 0 0 0 0 0 0 0 0 0 0 0 0 0 1 1 0 0 0 0 0 0 0 0 0 0 0 0 0 0 3 2 0 1 0 0 0 0 0 0 0 0 0 0 0 0 0 0 0
7 0 0 1 22 27 4 1 0 1 0 26 0 2618 310 306 1139 592 627 283 24 58 178 75 16 40 415 139 19 49 26 8 288 2271 1191 1519 3203 2850 108 243 720 12 116 3 1 50 622 16 21 2 0 0 5 10 11 6 50 1187 3140 2542 52 9 51 58 54 2 19 1315 132 13 13 14 130 63 2560 19 1 0 6 1 5 3 21 14 14 6 9 6 7 5 48 13 0 5 21 311 0 0 4 0 0 3 2 1 2 4 0 1 1 2 1 20 31 17 7 28 71 17 9 23 113 49 62 47 25 9 19 11 5 29 4 1 43 117 14 164 36 23 191 179 6 77 11 4 56 10 1 0 48 41 116 1 1 2 0 3 2 3 1 2 2 1 0 1 69 121 16 25 11 0 4 0 68 156 5 20 2 2 20 2 39 115 65 36 1 70 0 0 0 5 8 2 4 1 4 3 30 5 1 5
1 0 4 2 18 70 0 1 1 3 0 90 197 12 22 19 858 1453 5584 591 44 158 128 38 34 46 49 15 2 6 1 71 3337 3070 24 15 2850 12764 14 71 356 18 168 822 162 865 252 20 20 99 5 7 2 2 7 4 8 457 165 1384 36 11 28 55 16 58 13 225 32 15 24 180 2245 725 1605 19 11 13 116 6 28 22 8 4 29 11 22 40 30 161 491 9 1 4 37 614 5 1 13 0 7 13 3 4 2 24 1 3 5 4 8 83 93 65 38 78 211 52 34 92 362 247 250 136 46 21 79 32 9 82 13 5 75 320 47 402 88 42 492 636 45 198 35 6 144 33 6 0 132 196 269 4 7 9 1 7 1 4 1 6 8 1 2 0 174 301 51 87 31 25 17 7 74 334 27 72 8 6 74 28 140 353 332 55 22 190 2 1 9 8 20 16 22 9 17 1 56 19 3 17
6 0 3 0 13 3 1 6 0 1 0 8 1 59 717 615 139 4176 71 172 0 17 46 84 10 11 188 2225 43 40 45 2 14 94 12 11 108 14 4999 16 239 78 396 7 30 1666 40 195 26 1 2 1 15 20 23 7 122 149 118 76 8637 188 336 360 2706 106 133 263 6970 123 173 3 15 14 653 179 0 1 4 0 87 1 36 33 35 25 14 18 43 4 510 17 7 9 123 124 0 1 10 2 0 10 0 0 0 0 0 0 0 0 0 4 6 45 371 8 11 29 3 386 24 219 13 6 6 3 7 10 1 21 37 14 9 10 1 30 4 3 24 31 387 12 246 7 9 46 68 7 30 2551 17 1 10 1 0 4 0 1 0 6 10 9 1 0 46 17 453 340 83 120 24 23 14 11 27 634 4 7 594 157 8 9 23 8 168 7 1 4 5 11 15 42 4 7 0 0 7 1 7 4
12 1 13 6 6 16 5 2 2 0 1 24 0 306 422 75 580 110 196 469 80 1402 1164 5180 4087 2841 1757 40 95 23 26 0 7 23 341 61 243 71 16 5273 701 142 1822 5 3 31 1770 4 93 0 10 25 34 80 52 58 222 20 330 22 14 5 32 276 17 0 645 265 30 23 15 2 9 48 90 4 1 0 1 1 28 0 311 269 433 504 276 7 13 5 33 62 17 11 85 39 0 2 157 20 0 0 0 0 0 0 0 1 1 0 0 5 32 25 1 55 31 29 16 40 153 145 145 13 7 12 16 7 3 27 1 2 14 33 4 21 44 13 66 83 15 68 6 0 18 7 1 0 55 31 43 3 1 0 0 0 0 1 0 0 0 0 0 0 15 34 11 16 6 0 1 1 4 17 6 16 0 2 10 5 8 41 72 0 2 16 1 0 1 1 1 2 5 3 2 1 4 0 0 0
2000 503 2005 1056 888 1134 187 741 49 311 75 2004 5 104 759 1023 1031 1500 401 355 1400 1694 7158 2771 586 1419 319 99 107 629 831 57 320 351 17 2 720 356 239 701 8262 4149 3824 34 37 643 255 141 3640 50 184 200 29 43 523 1155 255 76 57 45 580 163 223 119 70 24 179 231 278 420 130 125 227 115 812 239 36 2 77 14 635 30 850 94 831 274 188 368 614 246 1509 1633 236 693 1628 1388 94 101 261 74 6 4 31 4 3 95 6 14 48 27 41 221 15 5 5 7 34 7 4 26 54 64 36 26 11 2 11 2 2 13 8 2 89 208 6 135 16 5 80 86 10 32 7 7 68 2 5 0 14 36 39 8 20 4 0 15 4 6 3 35 13 2 0 0 113 25 12 15 8 4 13 6 14 39 31 25 5 18 70 12 265 91 76 11 34 196 8 7 76 4 18 48 17 5 34 4 17 2 2 3
11 2 9 2 7 4 9 3 1 3 0 13 0 8 122 223 94 587 61 58 12 203 1066 6638 85 263 59 22 7 12 5 1 8 12 1 0 12 18 78 142 4149 7278 5949 6 17 484 57 10 3236 3 8 3 3 2 1 9 9 11 13 10 280 9 8 21 16 4 41 35 65 29 3 1 11 6 70 40 0 0 2 0 22 0 27 17 39 43 12 16 36 27 567 274 9 39 121 43 0 1 12 2 0 0 0 0 0 0 0 0 0 0 0 0 4 1 3 1 3 4 1 4 7 10 8 1 0 0 1 1 0 1 0 0 1 4 0 4 0 0 5 8 1 9 3 0 0 0 3 0 4 17 1 1 2 0 0 1 0 0 0 0 0 0 0 0 2 3 6 4 0 1 1 0 0 0 4 5 1 1 22 2 2 9 4 0 6 0 0 0 3 0 0 4 0 0 0 0 0 0 0 0
78 12 55 28 57 85 29 32 6 14 2 106 11 95 390 369 375 3698 768 328 160 1502 1074 3349 1621 676 1236 78 352 176 117 12 63 122 66 8 116 168 396 1822 3824 5949 22912 96 236 4160 1585 220 5564 91 73 45 127 240 134 131 644 92 464 42 3443 160 1955 6508 575 76 1595 1074 1690 917 117 27 81 63 865 1131 10 1 52 8 312 33 689 612 961 910 439 209 770 574 8984 1812 189 1319 4097 369 7 24 407 42 0 1 0 0 0 0 0 0 0 1 2 10 14 19 31 24 24 27 7 82 92 122 82 6 4 6 6 6 2 15 10 2 11 26 2 18 9 7 48 66 28 30 14 1 13 14 28 2 48 306 17 42 63 0 1 40 1 3 9 37 1 3 0 0 12 23 52 71 32 15 2 3 6 13 178 148 14 32 481 101 7 34 57 2 178 18 14 19 114 1 2 217 39 1 1 1 4 0 2 1
2 0 3 0 1 23 1 1 1 0 0 38 8013 1 1 3 29 496 7355 193 3 17 7 8 3 3 6 8 0 2 1 19 101 6 0 0 3 822 7 5 34 6 96 5867 3975 1493 10 29 10 1453 78 178 1 0 5 1 2 6 5 2 13 9 17 33 10 722 1 6 10 14 28 424 3126 2201 44 13 477 1219 7878 144 210 710 3 1 9 5 1 629 165 1368 861 9 3 6 38 69 22 0 5 0 0 8 0 0 2 3 0 1 2 2 0 20 72 63 93 64 66 80 28 258 267 562 243 36 18 10 32 22 8 51 11 3 20 91 8 83 69 27 174 201 75 115 30 5 35 26 11 3 126 289 79 10 15 1 3 15 4 2 6 26 0 0 0 1 52 90 75 63 24 77 4 5 16 70 44 71 11 16 177 43 25 124 282 23 54 38 5 16 43 5 8 71 19 6 2 0 19 0 0 3
3 0 0 1 8 32 1 5 33 0 1 58 4065 1 1 2 10 27 1205 42 1 4 4 14 8 0 4 2 3 4 2 12 102 12 0 0 1 162 30 3 37 17 236 3975 10101 957 3 15 23 6640 44 99 1 0 2 0 9 3 1 3 6 16 31 29 62 5651 7 6 49 13 21 446 597 173 64 18 1529 824 2375 122 174 602 10 1 6 1 2 450 244 4614 2709 11 4 5 48 114 280 18 0 0 1 10 0 0 0 4 0 1 0 1 0 6 2 4 51 5 1 6 0 51 18 46 7 1 0 2 1 2 0 2 29 2 8 11 0 6 2 1 13 2 27 3 20 0 9 25 143 7 51 721 2 15 39 1 3 37 3 1 7 43 6 3 0 0 20 1 109 152 45 115 7 14 1 1 245 497 7 22 1322 256 3 7 19 1 273 10 6 142 85 3 5 280 25 7 5 0 2 1 1 2
10 0 2 3 16 66 3 2 1 1 1 86 1242 7 74 74 75 4306 5727 145 9 71 80 865 78 13 195 218 29 18 17 31 178 123 3 0 50 865 1666 31 643 484 4160 1493 957 10078 43 53 179 58 4 6 1 18 8 10 74 51 18 36 160 20 96 2164 999 2854 84 65 297 44 30 117 591 310 457 55 18 4 264 0 26 5 48 35 50 52 33 34 40 314 4065 44 10 35 147 351 5 2 19 5 0 31 0 1 1 3 0 1 1 0 0 8 20 73 1297 37 28 102 6 929 89 662 65 14 13 7 12 37 2 70 85 44 23 35 2 98 17 15 40 49 975 36 614 6 19 140 310 39 171 6039 24 7 23 6 2 15 0 4 0 12 12 12 2 5 98 23 966 970 207 852 45 59 38 25 105 1768 6 12 1276 332 10 42 95 7 366 23 2 5 25 20 25 89 32 21 3 1 20 12 13 10
7 1 4 4 8 2 2 1 0 3 0 10 0 401 276 47 351 86 76 74 52 306 294 976 1786 199 1058 155 60 17 28 2 14 71 1140 158 622 252 40 1770 255 57 1585 10 3 43 3199 8 75 1 4 14 22 51 39 31 249 20 839 71 24 17 225 604 110 5 541 2326 178 49 9 3 41 42 109 8 1 0 2 0 32 1 189 172 245 352 504 6 8 2 45 39 10 22 210 17 1 2 119 18 0 0 1 0 0 1 0 0 0 1 1 6 28 14 4 26 41 11 11 13 101 47 87 29 6 2 20 10 1 31 1 0 4 31 3 32 22 18 79 99 5 68 4 1 18 10 0 1 31 24 51 2 1 2 0 0 0 0 0 4 5 0 0 0 25 51 15 17 5 0 5 3 5 26 8 13 1 4 10 4 12 60 36 3 1 10 1 0 1 1 2 5 6 0 0 0 4 1 0 0
20 1 7 2 31 38 6 4 2 3 1 20 3 4 57 42 17 259 71 19 3 10 7 10 13 0 10 21 65 61 61 3 13 55 1 1 16 20 195 4 141 10 220 29 15 53 8 16633 69 258 6 26 16 22 12 3 95 92 36 11 1228 8074 4991 50 207 26 64 133 5842 1212 5421 7 29 5 694 8801 8 1 16 3 746 94 37 19 16 8 4 1113 3215 173 2752 78 36 53 687 224 2 5 4 2 1 8 0 1 0 1 0 2 0 0 0 3 1 1 5 3 4 8 0 13 16 18 9 5 15 6 17 2 3 2 40 23 7 7 0 3 3 1 11 8 10 18 5 10 10 84 49 3 31 75 9 369 673 2 31 465 12 8 44 287 7 5 0 1 12 3 14 215 282 26 20 41 7 4 1106 276 128 365 1949 239 5 15 9 0 921 23 109 156 1140 8 15 2007 438 7 6 2 8 8 4 8
168 21 132 36 49 60 77 81 6 41 2 83 1 14 71 85 104 173 52 59 31 254 343 605 161 115 53 12 32 135 37 3 10 9 3 0 21 20 26 93 3640 3236 5564 10 23 179 75 69 13084 16 141 42 12 16 33 70 44 9 12 4 225 43 39 57 10 9 111 63 103 402 45 6 8 9 82 196 6 0 5 1 291 7 87 55 101 97 58 103 288 142 988 7818 227 2343 6209 59 4 21 55 11 0 0 2 0 0 5 0 0 0 2 1 1 4 1 4 0 2 0 0 3 15 16 8 1 1 1 2 0 0 2 0 0 1 11 0 3 3 2 5 13 0 3 0 0 7 2 5 0 6 19 1 11 10 0 2 5 0 0 4 14 1 0 0 0 7 1 3 5 3 1 0 0 3 1 31 11 3 15 66 7 9 3 9 1 26 7 7 8 33 0 0 54 7 1 0 0 1 0 0 0
13 2 16 3 3 34 18 10 95 0 1 53 434 1 1 1 9 17 265 19 1 2 6 1 4 1 2 1 4 15 5 13 72 4 0 0 2 99 1 0 50 3 91 1453 6640 58 1 258 16 13904 440 1330 0 0 27 10 1 3 1 0 26 149 62 6 1 1748 4 4 100 112 100 469 351 650 23 168 2387 920 1904 888 748 4353 18 3 3 3 0 3734 1690 7914 1687 70 13 30 127 68 926 47 4 1 0 2 0 0 0 2 0 0 0 1 1 4 1 0 12 1 1 2 0 13 7 21 6 1 1 1 1 0 0 1 10 2 2 3 0 1 0 0 15 3 5 2 2 3 7 20 56 1 23 94 3 90 183 0 3 324 36 7 58 336 1 2 0 1 5 0 8 38 49 37 3 9 3 0 254 97 39 112 1029 113 5 10 7 0 314 21 98 429 793 1 1 889 64 1 6 0 1 1 0 0
142 16 61 17 38 30 110 68 18 31 3 49 11 0 1 3 1 4 8 1 1 15 3 9 15 2 10 6 18 131 39 3 6 0 1 0 0 5 2 10 184 8 73 78 44 4 4 6 141 440 8174 17059 2 3 454 76 47 0 2 0 13 10 23 4 3 259 58 11 10 165 7 44 21 192 36 3 288 133 151 1643 2369 799 481 24 48 25 10 184 42 26 28 5021 8689 234 177 25 160 76 16 15 1 0 1 0 0 1 0 0 0 0 3 2 0 0 0 0 0 0 0 0 0 3 1 0 0 0 0 0 0 0 0 0 0 6 0 4 0 0 0 3 0 1 0 7 0 1 0 0 1 1 0 1 1 0 0 3 529 116 288 333 15 1 0 0 2 1 0 0 3 0 1 1 0 1 1 0 63 26 3 2 1 5 1 1 1 4 30 1 32 0 8 7 6 0 4 0 0 0 0 0
315 32 154 56 89 84 194 155 49 63 12 96 27 0 7 1 2 2 13 1 4 17 1 8 39 3 31 12 78 249 76 7 15 3 3 0 0 7 1 25 200 3 45 178 99 6 14 26 42 1330 17059 20668 9 11 533 83 80 1 0 0 9 28 44 20 9 685 98 20 23 245 31 82 46 341 59 8 600 362 321 13671 6686 3425 599 28 68 36 19 541 113 109 54 3609 5290 129 86 65 324 153 34 29 5 3 1 1 0 2 0 3 3 2 1 9 0 0 2 1 0 1 0 0 1 2 1 1 0 1 1 1 0 0 3 0 2 6 0 7 0 0 3 5 0 0 0 4 7 4 6 0 9 4 2 35 17 14 3 28 3566 652 2878 3269 68 1 0 2 3 0 1 5 4 7 3 2 1 1 9 1 689 232 64 6 6 7 14 3 4 40 335 71 358 0 24 63 81 1 24 5 1 0 0 0
964 61 184 97 306 239 1357 207 47 86 20 202 0 8 24 8 4 6 5 0 8 23 6 13 52 1 118 63 3185 1366 404 3 14 0 14 2 5 2 15 34 29 3 127 1 1 1 22 16 12 0 2 9 6936 8467 2337 7 337 0 8 1 9 16 213 53 49 2 933 34 125 22 7 7 0 6 238 5 50 0 0 1 12 3 531 481 36 14 37 3 3 0 4 24 8 4 69 225 55 3548 32 118 0 1 1 0 0 3 0 1 2 1 4 10 2 0 0 0 1 0 0 2 3 0 1 2 0 0 1 0 0 0 0 0 2 9 1 12 0 0 3 6 0 1 1 0 4 0 0 0 0 3 1 0 1 0 0 0 0 0 0 0 0 0 0 0 6 1 2 3 0 0 0 0 5 0 0 3 0 0 3 1 9 2 1 0 0 5 0 0 0 0 1 0 0 1 3 1 2 0 0 0
935 99 265 130 345 246 1013 150 14 48 10 235 0 15 31 13 4 15 7 0 12 34 8 38 107 14 217 106 5891 1343 499 5 22 1 20 2 10 2 20 80 43 2 240 0 0 18 51 22 16 0 3 11 8467 8647 1656 10 695 1 19 1 11 19 341 124 91 1 3307 80 228 33 12 3 0 9 453 6 6 0 0 2 14 0 1022 5222 60 30 100 4 6 2 31 20 4 5 118 286 8 2097 91 241 0 0 0 0 0 4 0 0 0 0 1 5 1 0 0 1 1 3 0 2 2 2 0 1 1 0 0 0 0 1 0 0 1 4 0 9 1 2 5 15 2 1 1 0 3 0 1 0 0 3 0 0 0 0 0 0 0 0 0 0 0 0 0 0 4 1 1 0 1 0 1 0 3 3 1 1 0 0 5 0 8 5 5 1 0 7 2 0 0 0 0 0 0 0 0 0 1 0 0 0
1417 93 350 122 370 316 1702 387 45 153 17 259 1 11 18 11 7 5 4 3 9 28 4 20 72 4 125 56 2117 1439 430 11 27 3 8 0 11 7 23 52 523 1 134 5 2 8 39 12 33 27 454 533 2337 1656 12933 224 326 3 10 1 10 13 168 56 58 20 541 33 124 35 11 13 7 35 222 1 34 13 12 55 200 36 3402 272 141 41 78 12 6 2 19 686 114 17 68 276 35 3189 78 132 0 0 2 0 0 8 0 3 5 1 4 24 0 1 0 0 3 0 0 1 2 1 1 1 0 1 2 0 0 0 0 0 4 17 1 15 0 0 6 7 0 0 0 0 10 0 1 0 0 1 0 1 0 1 0 0 4 1 9 8 0 0 0 0 10 4 1 0 0 1 2 0 4 4 0 2 2 1 1 0 25 7 2 1 0 17 3 1 0 0 0 1 0 1 4 0 1 0 0 0
488 78 471 218 246 255 105 206 15 105 15 446 0 4 7 4 2 7 0 0 1154 339 35 18 187 16 59 19 39 249 231 5 14 7 1 0 6 4 7 58 1155 9 131 1 0 10 31 3 70 10 76 83 7 10 224 3862 128 1 5 0 7 4 73 44 14 0 115 43 47 50 6 12 7 22 100 5 8 0 6 7 103 5 4348 48 2481 343 83 20 5 4 12 405 48 28 82 215 8 35 264 38 0 0 6 0 0 2 1 1 4 4 4 28 0 0 0 3 3 0 1 1 6 0 3 4 1 0 2 0 0 0 2 0 8 21 1 8 0 1 9 17 1 0 0 3 6 0 0 0 1 5 4 2 0 1 0 0 5 1 1 3 0 0 0 0 6 3 2 0 1 0 1 0 1 6 1 1 1 0 1 2 25 3 5 1 1 17 0 0 6 2 1 1 1 2 6 0 2 2 0 2
98 36 154 122 1422 307 26 19 2 13 3 154 0 117 168 57 48 29 15 6 110 298 29 97 377 15 980 593 3838 4364 7447 3 6 10 89 15 50 8 122 222 255 9 644 2 9 74 249 95 44 1 47 80 337 695 326 128 10500 25 104 3 31 85 1162 436 423 2 9355 796 1025 156 71 3 2 32 5786 29 4 1 2 7 114 3 1253 1354 970 2020 615 16 18 5 94 126 43 35 431 3609 3 53 6968 11361 2 1 2 0 1 5 0 0 3 0 0 9 1 0 3 1 13 3 4 8 13 13 4 4 3 1 3 0 0 2 1 0 6 21 5 38 4 1 29 38 4 1 1 1 19 0 2 0 4 12 13 0 2 0 0 1 2 1 1 5 1 0 0 0 15 11 5 7 2 1 5 0 2 22 3 13 0 1 22 5 12 15 12 4 9 21 2 2 4 0 1 8 1 2 1 0 3 0 0 0
3 0 1 0 1 45 0 0 0 0 0 61 2 151 291 273 510 129 83 39 17 58 31 13 2 2 135 293 7 6 5 1111 1331 4386 49 34 1187 457 149 20 76 11 92 6 3 51 20 92 9 3 0 1 0 1 3 1 25 4588 497 1162 97 97 129 32 79 5 5 3330 647 74 107 98 276 48 6634 85 4 0 50 0 50 2 6 0 8 0 2 13 27 12 72 4 6 2 56 406 7 0 3 1 3 0 2 3 0 3 1 1 3 0 2 24 1 1 4 4 4 1 1 13 15 15 13 11 2 0 1 1 0 3 1 0 9 43 1 58 2 0 29 37 5 8 1 1 20 1 2 0 4 32 11 1 0 1 0 0 1 0 0 1 2 0 0 0 26 5 6 3 3 2 1 2 2 5 3 12 1 0 21 4 21 19 20 0 2 19 0 1 0 1 4 7 1 1 3 0 4 0 0 0
0 2 1 0 3 0 0 0 0 0 0 2 0 1078 591 151 685 63 22 21 2 19 27 223 20 17 913 531 31 10 14 1 31 1074 737 2353 3140 165 118 330 57 13 464 5 1 18 839 36 12 1 2 0 8 19 10 5 104 497 1550 3032 41 23 210 287 212 3 154 1244 516 27 28 1 15 32 452 14 0 0 1 0 12 0 45 45 28 47 17 4 4 2 20 5 1 4 94 4 0 0 20 9 0 0 1 0 0 0 1 0 0 0 0 3 13 4 2 5 15 2 5 4 43 17 36 12 1 0 11 4 1 8 0 2 4 14 2 23 13 4 54 51 1 23 2 0 13 4 0 0 12 19 19 0 0 0 0 1 1 0 0 0 0 0 0 0 12 23 9 13 1 0 2 1 5 16 4 10 0 0 8 4 6 22 16 4 4 3 0 1 0 3 0 0 1 0 0 0 2 0 0 1
0 0 0 0 2 4 0 0 0 0 0 2 1 139 113 200 398 169 92 35 11 18 14 12 1 9 85 64 2 4 3 6 455 5997 124 214 2542 1384 76 22 45 10 42 2 3 36 71 11 4 0 0 0 1 1 1 0 3 1162 3032 2942 49 7 30 19 18 3 3 1133 111 10 14 2 179 26 1084 11 0 0 0 0 5 0 3 1 2 1 0 3 4 4 24 1 0 2 8 37 0 0 0 0 0 0 0 1 0 3 0 0 2 2 0 17 7 4 2 2 4 5 2 7 6 9 4 3 2 1 0 2 0 0 0 0 4 23 2 27 2 2 16 22 4 5 5 1 12 0 0 0 5 1 6 0 0 1 0 0 1 1 0 2 0 1 0 0 16 2 4 6 0 1 2 0 5 1 1 7 1 0 6 1 14 5 13 2 0 14 0 0 1 0 2 1 1 0 1 2 3 0 1 0
8 4 10 2 6 20 4 2 0 3 0 15 1 19 321 114 71 2031 53 89 10 66 39 246 43 11 37 111 25 37 22 5 21 57 4 5 52 36 8637 14 580 280 3443 13 6 160 24 1228 225 26 13 9 9 11 10 7 31 97 41 49 6541 331 571 648 142 187 65 75 4991 390 775 8 26 12 549 4453 2 0 5 0 307 4 26 24 37 51 16 218 588 33 1813 75 22 63 564 163 0 0 7 3 0 4 0 0 0 0 0 1 0 0 0 2 2 7 37 7 7 10 0 16 20 27 11 1 2 0 1 7 0 6 13 5 6 13 2 15 1 3 7 12 38 3 30 3 7 25 111 6 33 519 5 9 22 0 1 24 0 0 1 10 4 2 0 0 12 3 108 135 37 22 6 16 8 6 138 417 7 11 519 132 6 16 6 2 146 5 3 13 28 5 4 84 15 4 1 0 2 4 4 3
27 3 19 3 25 26 10 12 0 1 0 19 1 5 48 37 11 133 38 11 4 20 11 14 16 3 12 25 77 104 63 2 6 36 3 0 9 11 188 5 163 9 160 9 16 20 17 8074 43 149 10 28 16 19 13 4 85 97 23 7 331 9010 8114 52 205 12 80 131 2457 9749 2712 0 9 4 557 1226 5 1 10 11 927 573 50 27 27 13 11 1209 887 141 682 95 47 131 2249 127 3 5 12 6 1 4 0 0 0 0 0 2 1 0 0 3 0 1 2 2 1 6 0 12 8 10 4 1 6 4 6 4 0 2 14 6 1 2 0 5 1 0 3 7 9 10 1 7 11 33 31 4 14 48 4 451 552 8 14 204 21 18 102 650 0 2 0 2 2 0 6 84 163 10 4 11 1 2 314 64 141 428 824 87 0 12 8 1 296 19 323 93 1717 4 5 1207 326 2 8 2 2 0 0 5
40 4 23 7 56 45 13 1 0 4 2 38 3 29 133 261 144 517 322 76 49 224 20 47 288 12 96 85 684 320 321 5 13 40 16 3 51 28 336 32 223 8 1955 17 31 96 225 4991 39 62 23 44 213 341 168 73 1162 129 210 30 571 8114 12583 5380 5497 67 1543 900 8259 2691 613 4 14 19 1422 1329 2 0 6 8 329 26 619 425 411 335 138 354 1475 259 1754 106 36 207 3657 203 1 22 128 37 1 2 0 0 0 0 0 0 1 0 0 4 8 6 9 6 8 15 4 59 36 65 41 6 2 5 11 3 1 6 11 9 6 10 1 9 5 3 26 38 14 23 2 1 5 19 34 2 28 113 12 92 140 2 13 77 1 0 13 67 4 1 1 0 4 9 17 65 82 16 6 11 4 1 276 143 32 91 667 121 7 14 25 2 246 9 18 31 232 3 2 431 104 2 3 0 3 1 1 3
10 0 13 9 22 14 2 6 0 3 0 18 4 125 255 200 126 2163 715 131 39 209 45 296 287 30 1710 238 162 47 57 3 14 32 76 9 58 55 360 276 119 21 6508 33 29 2164 604 50 57 6 4 20 53 124 56 44 436 32 287 19 648 52 5380 7620 3026 30 763 497 1451 130 20 9 27 28 222 39 0 0 7 1 49 1 282 259 300 332 96 12 29 20 823 69 19 39 1517 87 0 5 122 18 0 2 0 0 0 1 0 2 0 0 0 1 11 12 110 9 16 18 4 259 32 160 37 3 1 0 2 1 0 12 7 5 2 21 1 13 12 2 17 21 87 17 42 1 1 14 10 0 26 810 5 3 2 0 0 1 0 0 0 1 1 2 0 1 20 6 134 48 11 33 2 3 7 3 17 125 1 2 138 37 1 17 33 0 43 5 0 1 4 2 3 20 5 6 0 0 2 3 2 2
6 2 9 1 8 9 1 2 0 0 1 13 0 66 241 40 80 280 176 30 13 29 4 19 46 2 289 1211 155 68 107 0 3 22 17 10 54 16 2706 17 70 16 575 10 62 999 110 207 10 1 3 9 49 91 58 14 423 79 212 18 142 205 5497 3026 7247 87 539 484 9911 162 179 0 1 18 417 90 0 0 2 2 85 2 175 140 104 90 12 14 18 7 705 26 16 10 615 34 1 3 37 13 0 5 0 0 0 0 0 0 0 0 0 2 2 10 146 6 10 23 0 249 17 113 13 3 2 2 2 2 0 9 13 8 4 2 0 13 5 2 9 10 129 11 83 1 4 22 32 2 18 1341 2 1 9 1 0 7 1 1 1 1 5 3 1 2 15 6 277 148 43 46 4 13 7 1 31 407 2 3 445 116 3 4 10 1 123 3 1 3 12 1 2 24 8 4 1 0 1 2 1 0
3 3 5 3 3 10 1 2 29 6 1 17 3526 0 5 5 9 118 1077 14 0 4 1 8 3 1 2 30 3 8 5 2 28 17 0 0 2 58 106 0 24 4 76 722 5651 2854 5 26 9 1748 259 685 2 1 20 0 2 5 3 3 187 12 67 30 87 1321 5 2 341 28 45 121 108 821 48 39 1156 1905 758 353 367 817 19 2 1 2 1 602 105 991 2548 26 4 6 50 43 330 17 0 3 0 3 1 0 0 1 0 0 0 0 0 7 3 5 258 0 0 3 0 150 16 156 5 3 3 1 0 3 0 2 11 6 1 6 0 6 0 0 8 3 55 0 27 0 6 15 115 13 53 742 5 7 13 0 3 18 9 2 11 51 4 1 1 1 12 0 71 52 24 527 5 4 2 0 68 164 9 13 388 75 3 9 50 0 68 9 6 24 43 2 3 85 8 3 3 0 3 2 0 0
233 109 450 368 589 388 44 47 5 35 6 413 0 93 125 28 32 59 20 9 59 286 57 274 1389 82 1215 406 5272 1216 1090 8 13 4 129 6 19 13 133 645 179 41 1595 1 7 84 541 64 111 4 58 98 933 3307 541 115 9355 5 154 3 65 80 1543 763 539 5 18186 1197 884 191 36 4 3 65 2728 23 5 1 2 9 124 5 3040 11450 1430 4243 1619 24 31 10 148 190 55 62 787 927 5 70 3215 2395 0 0 4 0 0 4 0 1 2 0 2 5 1 2 1 2 21 3 0 6 14 5 8 13 1 1 6 2 1 7 2 0 6 32 2 43 5 4 26 61 1 7 1 0 12 1 0 0 5 26 6 1 3 0 0 1 0 2 2 8 2 0 0 0 24 19 11 5 2 0 1 0 7 18 4 16 5 3 32 6 15 26 33 0 5 23 1 0 5 0 4 11 2 2 1 0 7 1 0 1
19 1 8 8 13 17 2 3 0 3 0 20 0 573 691 292 524 112 36 36 50 168 128 326 714 36 1331 1115 77 20 79 0 43 944 301 161 1315 225 263 265 231 35 1074 6 6 65 2326 133 63 4 11 20 34 80 33 43 796 3330 1244 1133 75 131 900 497 484 2 1197 2529 1616 167 105 5 28 137 5815 59 0 1 7 1 98 3 376 341 350 776 1077 28 26 12 88 62 22 27 438 39 1 3 457 902 3 1 0 1 0 6 0 1 0 0 1 8 15 14 3 14 32 3 3 14 72 22 32 25 6 5 9 5 1 15 5 1 20 85 11 117 12 6 128 175 6 18 6 0 40 5 0 0 25 39 49 1 4 1 1 0 4 5 0 2 8 0 0 0 47 58 8 19 13 0 3 1 26 61 8 21 1 3 37 9 26 62 67 15 8 39 2 0 9 2 8 8 4 4 1 2 15 5 0 1
46 3 21 14 87 54 12 6 0 0 0 48 6 112 1368 328 134 1162 217 95 20 64 35 66 61 12 135 611 507 420 470 2 17 172 33 27 132 32 6970 30 278 65 1690 10 49 297 178 5842 103 100 10 23 125 228 124 47 1025 647 516 111 4991 2457 8259 1451 9911 341 884 1616 13960 1432 1810 8 14 19 3720 4242 3 0 2 4 752 10 386 256 201 149 45 247 421 118 1732 89 55 55 1700 422 0 25 50 40 1 21 0 0 0 1 0 2 1 0 0 6 4 17 68 10 17 30 5 148 73 152 21 11 5 1 7 4 0 16 56 13 15 21 2 25 16 1 37 29 79 24 38 3 6 95 279 16 136 1404 18 45 99 2 8 131 1 3 2 33 4 13 4 2 32 17 249 312 94 88 26 35 19 4 681 1100 17 46 2587 605 16 41 32 5 697 38 4 82 108 5 25 426 90 13 7 0 8 7 4 4
112 10 56 27 46 57 52 56 8 18 4 58 3 5 46 46 17 118 56 19 12 153 41 62 127 15 32 17 85 132 89 2 16 41 2 0 13 15 123 23 420 29 917 14 13 44 49 1212 402 112 165 245 22 33 35 50 156 74 27 10 390 9749 2691 130 162 28 191 167 1432 12209 3632 10 15 16 506 758 18 1 20 14 4235 350 121 50 104 82 43 1141 968 280 1209 964 4615 3163 6366 147 10 28 53 7 3 0 1 0 0 1 0 0 0 0 0 2 1 1 4 0 5 0 2 7 11 13 8 0 1 1 5 2 0 1 5 2 2 7 0 4 1 0 6 8 2 2 5 4 5 18 21 0 4 32 2 217 209 6 5 98 31 23 118 799 0 0 0 0 4 3 7 40 65 8 2 6 1 3 154 47 150 286 377 58 4 11 11 0 146 21 216 57 997 3 1 497 122 0 3 0 1 0 1 0
29 2 25 5 28 24 18 9 1 10 3 32 3 1 72 15 16 229 35 19 4 18 11 5 10 1 15 14 38 78 51 3 16 53 2 1 13 24 173 15 130 3 117 28 21 30 9 5421 45 100 7 31 7 12 11 6 71 107 28 14 775 2712 613 20 179 45 36 105 1810 3632 6468 7 29 8 725 1772 16 1 16 7 5218 221 23 7 18 8 5 1721 1005 285 1388 132 98 395 474 217 13 10 11 0 1 5 1 0 0 0 0 1 0 0 0 1 3 0 2 2 0 1 1 4 1 7 4 0 3 1 3 1 0 1 12 3 2 3 0 6 0 1 5 4 0 3 2 5 4 19 14 2 14 25 2 138 184 0 5 81 16 11 51 357 0 0 0 0 3 3 0 30 47 6 1 4 0 0 141 39 64 166 316 56 4 6 10 0 121 14 170 49 723 1 0 413 93 2 4 0 4 2 0 0
58 10 101 37 40 354 64 40 199 196 947 2319 167 0 2 2 7 43 156 6 31 77 12 1 8 2 6 0 9 87 10 239 3431 170 0 0 14 180 3 2 125 1 27 424 446 117 3 7 6 469 44 82 7 3 13 12 3 98 1 2 8 0 4 9 0 121 4 5 8 10 7 3388 4453 1350 459 10 2111 614 3877 61 85 242 24 3 28 9 3 288 57 282 143 8 1 4 14 561 1814 155 2 0 18 8 65 16 7 254 11 38 101 71 151 717 18 9 10 13 41 10 6 14 87 40 45 89 30 22 26 8 1 14 12 3 238 526 6 314 17 4 153 201 6 38 9 18 208 9 7 0 33 55 75 4 2 27 2 8 8 6 3 23 34 4 6 4 249 68 10 14 15 4 17 3 33 74 12 20 17 7 31 7 774 290 296 24 9 761 4 6 17 9 61 21 8 21 144 27 64 12 1 16
6 0 5 2 6 105 4 1 0 3 2 197 400 2 9 7 76 275 1055 85 75 183 89 11 12 3 22 2 1 9 3 280 3530 970 4 0 130 2245 15 9 227 11 81 3126 597 591 41 29 8 351 21 46 0 0 7 7 2 276 15 179 26 9 14 27 1 108 3 28 14 15 29 4453 8978 1549 1276 13 124 176 5893 32 70 135 2 0 20 6 6 189 69 394 450 10 0 1 30 795 15 0 15 0 7 2 15 6 2 38 0 9 16 12 14 155 49 46 29 44 153 32 15 68 243 162 170 98 35 19 55 19 10 57 7 4 97 459 33 479 52 21 447 552 34 119 26 6 168 15 8 1 113 147 172 5 8 13 1 3 2 10 1 14 25 2 1 3 187 209 32 46 20 15 22 4 89 207 28 56 8 3 83 21 252 381 442 47 18 310 6 3 15 12 36 25 18 17 14 4 73 9 4 6
