14.0598908810062 21.8656930403497 22.8402526067875 33.8509131176702 38.6101578251431 46.9356500327594 22.2969423571509 19.3710411965443 43.6873230443466 35.1173205222244 68.7005584716797 52.2482386370004 129.492462158203 138.343341282436 136.775208473206 132.174769592285 171.614346822103 176.021011352539 158.990180969238 246.898025512695 111.960236426627 122.050611417587 151.760129292806 188.69896371024 157.071490478516 199.614959716797 154.851189749581 132.183439957468 24.261971593454 21.9442939580206 47.3801484013235 60.624803041157 71.8849703666491 0 155.30611038208 93.5907020568848 89.9175959995815 103.510765075684 164.531599680583 184.15087890625 86.3072153606415 135.76462208141 174.412291600154 213.377578735352 186.467859903971 173.447261047363 195.423869541713 152.707595443726 137.982045219058 177.200231698843 133.423926286294 154.125836254302 95.3771771078782 79.722704780293 107.090164233028 98.2926477291545 83.0747537418288 99.0146624247233 0 0 172.967988014221 163.841002570258 164.304818725586 174.31870880127 147.43027750651 187.58686319987 100.172717507817 180.895245602256 151.613334158193 167.119287218366 170.896819016029 77.2050650366421 153.688214619954 154.196780278133 114.16404211393 175.197964986165 92.1435849325998 169.20244140625 128.83379983902 147.084677802192 171.797730412315 163.293070742958 108.324613122682 99.1994290865385 107.807742340194 104.853089723431 173.432813008626 172.289658751669 178.62934216586 189.50999546051 183.942053025769 134.007365078396 158.767894033658 160.753047079936 168.371801864269 79.6474607551799 64.9429292621727 45.0984295377324 149.403794424874 131.829557630751 0 0 52.2628020692146 0 0 174.168770013854 172.837265014648 163.793383280436 180.388165283203 139.422203063965 152.472752380371 165.79980477942 0 0 0 129.770584106445 176.680862426758 0 0 0 173.951187133789 0 0 185.380836486816 229.537658691406 0 0 0 0 0 216.400650024414 224.982543945312 157.563334994846 167.992601318359 188.512145996094 188.25669156588 0 125.447677612305 166.268221537272 168.087571577592 157.132171630859 162.669387817383 202.069259643555 0 191.660004615784 0 238.25617980957 0 157.601236343384 200.859826660156 156.396428426107 217.26490020752 220.46923828125 215.915855407715 0 237.002517700195 195.192330254449 179.807586669922 199.308982849121 218.675680977958 241.818954467773 220.026138305664 0 0 174.902207510812 157.718269348145 0 0 222.620491027832 202.321136474609 208.039710998535 191.238510131836 157.559020996094 152.422943115234 234.690841674805 214.590606689453 211.363922119141 208.449325561523 213.640341186523 203.713691711426 156.970833849551 171.741930280413 133.564231024848 0 189.912826538086 159.433567170174 204.384114583333 193.813730875651 218.462141248915 168.914260864258 218.868212890625 223.521375020345 0 136.836654663086 130.823293183979 169.693940298898 210.828491210938 234.241134643555 0 0
21.8656930403497 15.9619392720895 21.2890049564367 23.7619636284347 20.6678002247819 43.2825316287267 61.3200195111726 33.9679023658528 56.8250931010527 60.5802059173584 70.1468958536784 48.0760128235582 0 0 0 0 0 0 0 0 116.754615257526 116.420643276638 223.216064453125 203.35079574585 161.064804077148 0 242.575729370117 129.539596557617 74.018707935279 19.6286223918313 31.6468427047478 108.506004333496 89.5575125558036 144.393707275391 0 0 0 0 0 195.138534545898 92.4947597132051 157.605506896973 181.859026590983 0 0 0 216.327560424805 167.964752197266 151.015609741211 176.201889038086 152.79020690918 171.933154582977 124.100727644123 109.222930214622 133.12766831921 110.818591093406 85.5799089007907 0 141.606307983398 0 197.717060089111 195.330754597982 169.548072814941 0 154.74755859375 199.265548706055 100.793869088549 233.356597900391 193.316757202148 191.259587097168 188.96866607666 83.7347305297852 0 137.051652908325 148.346856253488 0 89.4582023620605 0 100.315490722656 159.438028971354 186.466773368217 184.776672363281 128.368932859728 110.128828609691 116.470372459537 106.336939434673 157.071741739909 193.120919545492 184.516397476196 194.119277954102 190.277412414551 145.0005469689 174.356788126628 181.372333233173 180.017643804136 121.562877502441 95.8166841779436 85.1573935288649 137.053102874756 191.568809509277 0 0 85.2693228721619 0 0 170.460063389369 171.013580322266 182.274401346842 179.186177571615 164.108256022135 157.574047851563 166.986118517424 0 0 0 0 217.721923828125 0 0 0 161.087951660156 0 0 0 0 0 0 0 0 0 170.08228302002 0 144.322016398112 158.303353445871 0 137.679077148438 0 0 0 210.295455932617 0 0 0 0 189.208267211914 0 0 0 0 239.165107727051 0 0 0 205.234939575195 0 0 197.162643432617 0 0 0 0 0 0 0 150.314264933268 0 0 0 0 0 0 0 0 0 0 0 247.092178344727 0 226.419158935547 0 163.863851547241 182.842498779297 156.550318400065 0 0 154.09631061554 0 0 214.239440917969 231.947113037109 220.580078125 244.521926879883 0 141.04801940918 143.034151713053 150.435394287109 0 0 0 0
22.8402526067875 21.2890049564367 13.7232412761482 31.2282645330033 82.2906137395788 46.292185328616 62.7140683421382 25.3930542639596 51.3481675358706 23.981907093156 36.8887562264826 30.8348575015927 0 165.231338500977 204.334620157878 0 179.707523345947 176.940048217773 0 0 111.433677056592 115.896555383778 146.176726023356 186.460768381755 140.947778320312 177.746246337891 186.226308550153 172.20885925293 83.5310778722786 71.645931791589 116.232782128739 89.2060775756836 100.099757078217 159.741802978516 0 0 0 156.314273834229 171.447952270508 185.214800321139 90.5277197821182 148.262652926975 192.008005315607 205.545750935872 0 197.263687133789 207.383495330811 184.584126063756 151.49162460096 186.338390350342 148.663564588203 170.443343075839 122.888232396997 107.953892977733 131.661553911482 108.559115075761 95.3181959622866 214.399078369141 125.861480712891 0 190.952537536621 177.628091109426 185.865068518597 206.224494347206 181.572241889106 198.54850769043 93.2924290296767 184.562438964844 182.243089221773 181.608133860997 177.59334777832 91.3730163574219 196.460375976562 147.677829924084 137.644729309082 178.293954467773 57.5971761116615 228.597737630208 115.855042090783 167.553939819336 183.913909461428 178.211335615678 126.425294407078 110.578249782087 112.245281259195 99.9503742004774 166.551702646109 186.517821602199 188.990487670898 196.188016106101 201.453705560593 149.61806393234 170.303354575417 172.975936889648 176.415886151909 141.660272979736 67.1879239935624 84.8383672450616 132.77384615959 134.259074619838 186.335255940755 194.882207234701 98.6156003386886 182.323440551758 238.41569519043 165.88381738567 166.513667515346 156.476306915283 162.233234859013 144.044317869382 146.367327240692 158.179102147521 154.011505126953 0 0 0 237.753265380859 0 173.466888427734 0 215.898498535156 0 224.799209594727 175.536034079159 185.18090057373 160.956741333008 136.775993347168 0 0 0 181.158642855558 180.270991007487 145.606704528073 154.012245314462 163.293045043945 154.244028203628 188.327896118164 0 194.12066078186 180.786878145658 0 165.347587585449 0 183.590694851345 176.128871523101 0 163.462524414062 0 0 184.820892333984 169.567421653054 0 0 206.533581820401 238.621246337891 165.812427520752 0 227.973317464193 227.561019897461 234.401060740153 214.334794616699 187.70246887207 209.012138366699 232.79541015625 146.52063531745 205.449417114258 0 192.317326863607 229.066212972005 0 189.533032226563 0 192.347473144531 189.748087565104 231.622779846191 208.832473754883 236.567169189453 232.250549316406 235.396113077799 0 144.766987599242 142.743006486159 120.153018278234 0 0 130.049451406023 188.597095489502 169.008522033691 220.766054425921 186.816368103027 204.955521477593 217.202404022217 235.648597717285 140.651805332729 123.879876737241 179.210936056601 189.037112067727 167.27109781901 0 149.829391479492
33.8509131176702 23.7619636284347 31.2282645330033 13.8904525004805 16.4613896765114 25.8853697468473 74.285958480835 96.5592316521539 67.3347408588116 65.9224783276755 61.5905794943533 30.9745436653415 0 152.073028564453 156.889266967773 200.976287841797 0 0 0 0 109.656139927526 111.50802854734 192.526748657227 213.31005859375 155.224824344411 170.739962259928 175.341754150391 156.340265909831 77.2606659209985 34.8393555739548 21.7946059184537 81.6736030578613 98.0362944169478 173.637939453125 156.526062011719 0 128.347518920898 185.14933013916 0 181.588213602702 89.9269986008153 176.314178466797 189.387515476772 0 217.637802124023 217.706197102865 189.609764099121 204.228256225586 152.8784804874 181.22617594401 147.943727829877 172.948196138654 126.139681550645 109.543479567308 133.943243183073 108.611143619642 81.5851873491631 0 0 0 200.603691101074 173.632166544596 173.434783935547 192.243420071072 171.870788574219 199.631088256836 88.9403475989466 182.787055969238 193.150693620954 182.143855907299 192.064276123047 96.9256468076964 172.808959960938 143.658547834917 134.614569828428 171.109893798828 98.9309574473988 0 112.25467300415 175.339859008789 188.419988544171 203.076583862305 127.187472749863 105.985287081811 110.164253651977 93.116737307035 161.646886825562 190.74665705363 190.501181284587 179.901077270508 190.981553649902 151.297091600372 178.027712221499 175.744364121381 177.582895094349 131.394200992584 77.1710358359597 100.648864486001 124.122614502907 125.434350967407 187.479420471191 0 168.514105987549 174.515344238281 0 163.91930202908 179.665456136068 173.274677276611 159.930746169317 144.064827675043 145.866178894043 155.386471793375 0 0 0 0 190.450637817383 0 0 0 219.918273925781 176.155700683594 0 155.874124145508 182.33103288923 135.722674051921 131.604919433594 0 0 0 180.801864624023 0 150.538634345645 152.294697514287 0 154.397310529436 225.962364196777 0 139.460639953613 202.755224609375 0 139.752990722656 0 159.91667175293 171.933910023082 0 0 0 0 0 169.23673248291 244.391784667969 0 202.536399841309 224.807144165039 174.224594116211 237.248550415039 235.467742919922 183.487503051758 0 209.008773803711 0 196.135467529297 189.094093322754 154.173807053339 0 0 242.094024658203 174.688934326172 0 228.162147521973 185.361633300781 159.424514770508 166.585952758789 206.481353759766 0 241.963912963867 233.328369140625 0 0 142.68878305796 142.726409912109 137.844487970526 0 0 133.209557440973 209.790878295898 184.648803710938 206.446418762207 0 203.67215910412 192.811614990234 233.702723185221 145.35823059082 131.754142022902 178.297804696219 179.15682220459 197.028442382812 0 147.006118774414
38.6101578251431 20.6678002247819 82.2906137395788 16.4613896765114 11.540900375005 26.0033682867308 53.4429932822529 76.8082537905861 66.8992066254487 90.5591848867911 46.4955933094025 42.1427256577527 0 106.642965316772 98.3986568450928 103.887671730735 73.4409883022308 115.917311928489 98.2571626143022 157.049456278483 86.9854643107227 81.854505450105 79.6171459398772 160.189673287528 117.716613031203 133.956531524658 137.643333816528 128.9715051651 60.5983460942727 31.7953158210162 16.9688657561819 31.2309322614928 52.7833022792844 84.334917195638 122.566509246826 82.4087829589844 81.2811459628018 77.6200256347656 105.063315171462 172.672420501709 75.0253019633594 128.597797938756 157.569459480152 206.972442626953 115.751901626587 113.934975624084 157.196759223938 135.110671750961 142.304173527932 147.215077718099 139.052477184095 157.250864521841 112.179414337757 94.9701858299366 122.266610181654 91.6774701219264 42.3308700254362 58.5019340515137 88.6416041056315 75.2197742462158 118.577613830566 155.237904052734 155.084875515529 163.223672346635 154.211875915527 126.250798543294 68.6941347818423 152.093925476074 128.109492247132 167.27121601934 160.888997759138 76.6405235290527 64.0116519927979 100.10317565918 69.6295368339442 129.197642399715 82.817285656929 0 64.2333013361151 157.979541015625 174.063795171232 155.318416595459 112.346469135711 88.2844075577035 91.9868978799392 75.5164930275321 159.153939746675 171.967156982422 153.111267725627 123.845019022624 153.011583428634 133.370806619793 158.599601109823 166.128553809189 170.204478177157 23.6141687506251 77.5286951566997 74.5162931268865 94.4046172630496 55.3727696919613 0 0 164.688314819336 190.464385986328 0 164.447265625 148.977813720703 178.250007629395 158.092796325684 147.241383361816 141.141287231445 150.679697672526 175.005187988281 155.229423522949 178.450469970703 0 153.76432800293 0 0 0 162.367706298828 158.053558349609 145.475597381592 181.317316691081 0 114.740379333496 0 0 0 147.75422668457 193.707656860352 0 152.306509017944 147.771445410592 127.307479858398 154.484782011613 183.43628692627 0 139.230388641357 144.401663930793 194.1630859375 151.575958251953 155.905960083008 188.04133605957 162.764835357666 0 0 0 135.035171508789 176.197511291504 154.295288085938 0 0 0 0 0 216.49006652832 231.229446411133 176.818939208984 216.98057047526 195.691431681315 205.38493347168 0 0 142.507239818573 169.885730743408 169.549362182617 0 189.226287841797 0 169.672225952148 0 149.804412841797 148.494186401367 207.510131835938 161.328128814697 196.655853271484 0 167.805755615234 204.207809448242 139.077682907517 121.113356454032 116.920864105225 0 212.354858398438 126.438183678521 190.446594238281 0 221.338554382324 0 209.179016113281 197.602851867676 206.389907836914 134.003005981445 133.727272033691 188.710494995117 197.549947102865 0 0 0
46.9356500327594 43.2825316287267 46.292185328616 25.8853697468473 26.0033682867308 15.9819748032079 59.7999681396287 65.6074937046438 67.0523591852512 68.8027553939819 33.2705444145203 26.6106882752496 107.423068397924 151.53539276123 134.534387588501 99.2276145087348 78.4683652046399 110.850002804318 92.2888127768912 86.5778783162435 95.610276622361 87.8124102303641 76.5174115498861 149.511681692941 112.931551615397 103.535163879395 152.774681091309 123.652086791992 72.6662026640838 45.2563933195112 37.6512277315947 18.2693824845671 38.7965897282261 50.4009263431325 131.760219573975 0 71.3675727844238 78.1277051108224 76.5735015869141 159.746465206146 88.6475070065292 154.67301940918 160.736598026051 87.5961141171663 106.831940174103 110.870032917369 106.797512054443 142.001343375758 152.725216929118 134.182578142952 149.275033823649 169.077729633876 122.058345810639 109.25069964029 131.51610825937 104.633406425925 59.9677121289778 50.0618268330892 0 86.7336044311523 120.732909393311 160.034929128794 163.933161756727 161.30772617885 135.860515170627 126.608422088623 85.843058959725 153.263803369859 138.614531340422 177.123539974815 162.072384516398 50.1304174627961 64.3872714451381 71.2967829417033 88.2177808976032 132.502666473389 59.7076887714907 80.4371874673026 60.9621779497932 167.455181884766 182.777681408506 149.921929931641 126.158290588993 106.059642945454 103.265848103732 88.7205608779309 137.84610786438 174.461749737079 170.339684321963 141.850059154422 136.817884536017 149.854889183714 175.380205852229 179.671602136949 174.718673816626 20.4679260800303 55.8570408365834 80.4296717838365 99.7016037068468 129.579420216878 175.726594924927 162.637537638346 150.714981169928 175.587679545085 170.612815856934 155.713660346137 164.632099151611 153.863708842884 153.076699452857 133.262698109945 139.361372718515 145.163809423289 163.305801391602 169.748970031738 145.634948730469 148.521327972412 143.238020155165 168.808334350586 0 159.795761108398 150.213270568848 150.248277143999 145.515047550201 158.161510285877 163.379904852973 144.067291259766 149.610336303711 0 0 162.636301676432 164.986955430773 220.845558166504 131.903701267885 133.730562692665 118.090316772461 137.977324579803 138.05908203125 141.062845865885 142.537154303657 141.729279632568 172.959899902344 144.817149692112 151.512756347656 178.698732376099 158.656756155831 0 170.033177693685 0 147.753829956055 176.993904876709 140.133053588867 217.612167358398 197.723083496094 190.339000355114 211.785556793213 185.039077758789 199.791007995605 220.037670898438 217.659805297852 230.797431945801 205.945279802595 199.953269958496 0 166.33455657959 134.817883858314 140.37077331543 161.706091308594 177.368209838867 194.012603759766 125.913185119629 180.972343444824 182.580703735352 140.802310180664 140.538546244303 185.657858276367 169.140666416713 230.983852132161 222.901893615723 206.464418029785 180.839672088623 131.817675458545 127.477377135178 91.988743651147 148.501205444336 203.073760986328 114.649328862971 191.582509358724 179.238830566406 213.617984771729 177.356002807617 187.472175011268 199.397043863932 226.401020595006 131.2189453125 118.420819651286 175.420228437944 175.91763381958 174.89372253418 0 143.934265136719
22.2969423571509 61.3200195111726 62.7140683421382 74.285958480835 53.4429932822529 59.7999681396287 10.6454228236991 17.2777309902804 14.1867413438807 36.0037960469481 55.607451575143 69.652651133838 175.590133666992 0 171.962837219238 145.723728179932 107.394622802734 160.56440226237 161.92138671875 0 122.196934594048 127.597885386149 142.048568725586 176.636665344238 152.954583740234 152.609822591146 161.524174690247 124.991907755534 20.7924416515897 38.033377135548 54.7739790396962 71.5916031599045 73.3403652592709 98.4528121948242 0 0 121.213048934937 0 214.304718017578 163.614837646484 84.2951049804688 114.163198682997 152.820275931523 213.306106567383 162.116134643555 136.870763142904 149.551460266113 135.300366719564 113.194236755371 138.13032107883 107.801275357333 129.636688153768 76.2752299101456 59.5226978290705 85.2262437867502 74.7009946550642 102.964317908654 0 0 0 140.240787506104 151.004961395264 190.482544532189 197.947998046875 125.803314208984 152.893020629883 101.450518174605 165.849739074707 146.543869018555 142.717240993793 155.529029846191 74.1260667443275 102.9638671875 137.515236324734 111.234001159668 187.556015014648 51.7010590726679 153.443384806315 141.20058926669 116.887277875628 146.251803004488 131.764467511858 82.7039126416023 81.9752479090835 92.4690307941077 117.262862563133 161.743291219076 148.191063328793 158.590394592285 175.383837127686 168.885975924405 107.154213268608 134.249290256325 134.842436687763 142.44969829881 69.6025757475527 38.8546241894519 21.3240561315349 146.389418862083 161.493966238839 0 0 119.720202445984 182.601470947266 0 154.817609233241 0 128.843182033963 123.963247776031 123.385948562622 122.128000531878 137.743143576163 0 0 0 0 151.13166809082 0 0 0 243.609512329102 153.369792938232 0 0 243.360717773438 0 0 0 0 234.045791625977 0 0 161.675907679967 153.55347776413 0 159.825988769531 0 0 0 185.164082845052 0 0 0 0 152.447141647339 0 0 0 190.699111938477 0 0 0 198.106925964355 218.789672851562 0 167.2998046875 162.507161458333 0 203.192199707031 211.31254359654 176.505081176758 0 165.404006958008 0 146.01717376709 0 0 0 0 166.418991088867 0 0 181.184939066569 155.427764892578 0 0 217.544281005859 219.245763142904 236.574241638184 0 130.162081824409 152.67366027832 169.796957969666 0 206.057250976562 118.521050008138 165.778381347656 143.445327758789 203.754514058431 0 174.490926106771 187.733386993408 0 0 94.8497546802868 163.681015014648 192.771392822266 0 0 0
19.3710411965443 33.9679023658528 25.3930542639596 96.5592316521539 76.8082537905861 65.6074937046438 17.2777309902804 12.1135782645785 12.9431368656608 20.2712167952127 43.2634901687177 52.559465476526 0 0 113.796653747559 177.412841796875 0 165.899253845215 204.514587402344 0 111.105877269398 124.948717217696 137.886413574219 214.596134185791 158.824873490767 177.841873168945 202.100801740374 176.661323547363 83.6227959769113 49.9327213081947 78.2557594299316 117.212808609009 85.0390003522237 146.400299072266 0 0 111.051902770996 208.487701416016 191.866561889648 160.381492614746 82.4929670264364 193.907048543294 178.757160425186 212.281280517578 138.653659057617 193.11597442627 150.578430175781 152.019092559814 136.007705405906 172.439450073242 121.259570514455 151.719637273973 97.7719694865498 89.3140437825521 110.757624229411 92.8203468507933 136.202382940995 0 0 0 194.073318481445 168.912123362223 218.546722412109 193.172999064128 222.051193237305 146.346942901611 121.370033994634 172.126312255859 164.974540710449 159.660488946097 166.811796400282 74.9170077323914 129.992828369141 132.73631217263 164.171722412109 191.66410446167 51.3603080791202 0 154.407923380534 143.336129082574 165.610801733994 163.186576843262 107.667515496729 97.9059498356838 104.443300238403 104.884301813637 168.619409040971 166.189655485607 174.316515604655 183.272064208984 183.842043558757 123.068545003576 152.79800349106 158.216966699671 159.434747287205 110.931433200836 42.6461626525618 43.849605183587 152.40584564209 154.011225019182 0 129.016830444336 79.1062122113777 209.463668823242 0 157.040154418945 162.553421020508 124.672523498535 145.534738813128 131.886693208114 145.966114501953 157.904676564534 0 0 0 0 128.409088134766 0 0 0 0 124.880577087402 211.84342956543 0 172.337471008301 142.829025268555 0 0 0 0 0 0 136.568721226283 155.012138843536 0 160.097752380371 0 0 120.87060546875 195.399291992188 0 0 0 182.32071685791 184.209985351562 0 0 0 0 0 155.818759918213 0 0 181.307922363281 0 0 162.451797485352 0 168.311473846436 226.00883265904 176.26106262207 0 147.158336639404 0 142.153388977051 93.4990463256836 0 0 0 0 212.29475402832 229.168823242188 0 0 201.181549072266 0 0 0 222.301651000977 0 144.820275910047 131.572658538818 152.621747334798 0 0 134.965013049898 0 0 227.964473724365 0 167.361450195312 224.126379394531 214.533843994141 0 128.618449940401 171.991714477539 207.447380065918 0 0 133.017669677734
43.6873230443466 56.8250931010527 51.3481675358706 67.3347408588116 66.8992066254487 67.0523591852512 14.1867413438807 12.9431368656608 6.39541594093368 24.6029964506298 49.594298117396 62.1226180091062 60.6510543823242 0 0 0 125.358261108398 106.511093139648 169.460975646973 78.6802139282227 109.573629379272 105.707626342773 58.1171340942383 0 88.6759796142578 0 0 0 80.2519438607352 54.0764961710737 70.7309728349958 53.2310498555501 58.8982260919386 0 0 0 0 102.198287963867 0 161.186798095703 82.2504154905981 117.519004821777 152.240646362305 114.670806884766 94.9552309440844 105.834983825684 0 179.564437866211 125.459476470947 103.235381919459 137.163497924805 139.839901982522 71.822340620325 83.0166669573103 101.709653388129 90.5998662312825 123.105220794678 0 0 0 0 0 0 0 0 76.7603229654246 125.709336853027 0 0 173.948755264282 140.254135131836 51.0234320942481 0 35.8221938380489 95.4672304789225 0 34.4707826890931 44.5022598154405 59.7239215373993 131.043942345513 150.446329863175 121.200425772831 102.064869211681 90.4147251674107 118.657449245453 107.545013427734 0 131.021791273548 136.807833621376 120.645739520038 112.825748867459 114.061791381836 135.465473720006 155.886373901367 153.062048339844 66.7665083601668 18.8015417594 23.2991451645285 157.678464889526 0 0 0 86.9825817743937 125.133033752441 0 138.117476830116 175.597122192383 114.268955230713 139.739677429199 104.620271682739 138.064206695557 142.467747312604 0 0 0 0 0 0 0 135.602035522461 105.343627929688 0 0 0 202.441802978516 0 240.360366821289 0 0 143.601821899414 0 0 131.520337422689 147.865437507629 0 124.875669206892 0 0 106.061473846436 89.4837112426758 0 0 0 161.509376525879 170.567357381185 0 0 0 0 140.807136535645 165.451263427734 248.039566040039 212.754348754883 166.227066040039 0 0 197.302230834961 0 0 202.878041585286 176.430847167969 0 178.321273803711 0 124.059710693359 0 0 0 0 0 0 133.478668212891 248.69367980957 99.4656524658203 0 0 0 0 220.335647583008 0 126.28345988347 127.706486293248 56.5631319681803 0 190.795379638672 115.943974304199 0 144.06481552124 212.748153686523 215.447036743164 191.040435791016 218.722442626953 0 0 116.688246987083 0 145.875213623047 0 0 0
35.1173205222244 60.5802059173584 23.981907093156 65.9224783276755 90.5591848867911 68.8027553939819 36.0037960469481 20.2712167952127 24.6029964506298 11.7992080530357 17.9491682040701 27.7757194709646 0 0 0 171.599014282227 207.267578125 155.327453613281 0 198.62816619873 109.376349056468 108.739147332998 153.05858001709 181.318771362305 159.771380106608 0 183.745483398438 0 86.0481872558594 57.9589840257672 108.533747990926 82.4202628135681 75.6380791944616 0 182.826278686523 0 110.63883972168 137.363159179688 190.934234619141 0 82.4480060687786 124.486040751139 165.781955174037 0 0 200.741149902344 197.427627563477 193.784393310547 138.742179684523 0 133.232923200054 158.804277208116 102.215197762778 99.9172864754995 115.607223859799 99.076534816197 114.072651202862 0 0 0 171.001108805339 158.231369018555 185.330146789551 192.858215332031 0 169.847337086995 112.22844140189 140.141469319661 0 165.47120836046 163.789549255371 45.2667022529913 111.259394327799 110.757162809372 139.701579502651 190.329299926758 27.8311031309115 203.310180664062 97.2704841212222 144.680969238281 167.131831449621 154.267166137695 113.951304117839 103.441556854248 102.107296339962 108.811559760052 178.050994873047 168.526213509696 176.511871337891 178.849884033203 180.852703094482 133.866863448044 155.087451825823 160.713017216435 163.916127080503 85.5543453509991 18.9243380624085 50.9703437086383 121.210019038274 137.184669494629 160.919523239136 151.01978302002 102.831351733208 156.619256973267 157.052055358887 144.16165262408 158.117498397827 137.604897675691 141.881297782615 121.780983399809 124.801762791003 134.840484749717 164.708709716797 176.486251831055 0 0 116.894409179688 0 0 0 173.159713745117 209.657608032227 148.493156433105 132.688845825195 166.303109741211 155.594111124674 115.996421813965 180.520034790039 0 0 163.389926147461 0 125.264047910089 127.398535530522 0 122.502523634169 0 0 0 134.188093185425 0 0 0 177.100969102648 155.453253277278 167.20263671875 0 0 102.653472900391 198.356313069661 136.250789642334 0 212.048728942871 188.301830291748 0 127.653602600098 206.05524597168 209.905052185059 179.513290405273 224.795626322428 192.155612945557 182.771169026693 204.838424682617 0 126.642740744132 125.311347961426 0 0 159.062835693359 127.473251342773 167.904672241211 0 119.387306213379 143.055709838867 0 220.440505981445 224.346164703369 0 173.978614807129 0 126.578812723266 125.28072474553 98.0590480804443 0 0 112.775730201176 173.283213297526 0 219.196406046549 205.96346282959 196.352458607067 186.138097127279 223.896018981934 128.573900495257 105.560340078253 150.783265113831 171.161795043945 205.386596679688 154.896438598633 134.995346069336
68.7005584716797 70.1468958536784 36.8887562264826 61.5905794943533 46.4955933094025 33.2705444145203 55.607451575143 43.2634901687177 49.594298117396 17.9491682040701 8.94733418520379 20.5681525723303 0 0 0 136.134841918945 0 0 93.912296295166 0 97.0092745099749 90.5228708130973 114.01735941569 0 102.245916366577 0 226.716720581055 0 78.1701018593528 60.4878639409572 80.1141775304621 14.9821054786444 24.0898600911337 230.179351806641 0 0 0 0 0 191.608276367188 94.6115655008952 0 189.358016967773 0 114.705718994141 103.068855285645 0 181.5087890625 132.916625976562 114.570907592773 147.934066772461 178.96802520752 118.855569458008 104.954699707031 134.79548106474 111.14283803304 149.307487487793 0 0 0 0 0 234.127418518066 0 243.026931762695 125.4384765625 126.475374857585 0 0 177.15287399292 193.116963704427 21.0067746825556 56.4462356567383 61.3379383087158 123.074359893799 0 24.5868705321695 0 62.3964754740397 0 185.978223298725 166.2001953125 132.130470137163 108.784299214681 108.063040597098 107.123721782978 173.773755391439 177.753547668457 190.133371988932 141.587282816569 156.810836791992 148.079544414173 170.877423604329 183.372928619385 164.526758829753 101.019606431325 27.892546999402 70.1668680152114 107.40324716007 222.349563598633 184.396222795759 0 128.537457122803 162.187458583287 160.099170684814 147.61385284828 142.555444335937 123.459696960449 144.872911527559 124.738357309195 129.830841873631 139.432475848076 166.690063476562 0 0 0 111.357147216797 0 0 0 0 176.824005126953 0 150.332024892171 140.206911722819 126.130060831706 121.784172058105 218.919372558594 185.569595336914 0 148.709808349609 0 124.173863220215 127.69035925184 0 122.740248362223 0 0 166.017913818359 155.28050994873 0 0 0 161.676231384277 157.003063964844 0 0 0 146.665390014648 222.423553466797 157.418479919434 0 0 194.478885650635 0 0 245.198852539062 228.686116536458 197.395820617676 245.370198567708 213.787782669067 0 118.218055725098 185.04948425293 127.175983428955 0 0 234.997116088867 242.809616088867 0 190.684193929036 147.233993530273 0 133.767425537109 202.223098754883 0 236.583999633789 233.63939666748 171.454416910807 0 127.990794466943 126.974087363795 110.780997276306 0 168.486022949219 111.369986232323 0 0 0 164.564086914062 188.75013885498 237.90217590332 231.355633544922 123.642782847087 110.824981128468 142.550769805908 161.870927598741 152.074340820312 0 0
52.2482386370004 48.0760128235582 30.8348575015927 30.9745436653415 42.1427256577527 26.6106882752496 69.652651133838 52.559465476526 62.1226180091062 27.7757194709646 20.5681525723303 16.0466315194349 89.9122500949436 92.1559371948242 130.930236816406 116.822291782924 85.6707949829102 111.390502505832 91.3165171762531 96.9053344726562 105.325929964313 98.0946358491977 101.741436991198 164.471735174006 121.950641907368 153.678902943929 165.720594882965 145.872788020543 87.2690010592172 57.8141171121734 57.1560267810674 19.1468555342576 21.2446936444874 53.5348865840746 167.73388671875 0 83.0890516134409 81.9344944424099 146.485683441162 171.285490036011 95.1903100518171 146.07960158128 165.218097830718 69.4684006540399 102.464734702275 114.521346070046 146.654254150391 150.600422286987 159.462765337473 132.09848540684 160.083620655293 180.856074333191 133.996194593977 120.296611672259 144.01033158468 114.517642923535 92.4416142748548 43.9168545144503 119.186096191406 71.5834064483643 123.068244425456 180.274290385999 161.821822919344 167.357148488363 167.898854182317 131.650176104377 98.8628011523378 173.872880935669 149.782006104787 188.102563003014 173.026110172272 36.7089941170566 64.0662916928984 73.0871413233943 88.1625366359949 136.674680582682 49.8567978539186 63.9425890887225 54.6839093080501 170.765202840169 190.067232404436 153.719088627742 136.571034449022 114.655748258453 112.306212719576 99.2647397336904 167.553950605721 176.372874259949 172.15199611498 138.364655873132 136.369064923629 158.064695887629 182.650241773956 189.533779973569 184.642997402615 48.5844706406437 47.0468219590346 85.7075411200661 115.678861020909 154.535363141228 184.532783050537 165.905176798503 126.362443847933 182.569364275251 165.980912428636 159.977316010034 163.447601853755 154.902564689761 156.993203580832 137.325845353366 142.08560910552 150.235081271581 168.894022623698 148.971882411412 207.41764831543 129.240740458171 138.018962860107 143.498523712158 151.303375244141 171.646445138114 153.69624786377 158.857072618273 152.49893951416 155.166570091248 165.654738887664 136.405799865723 136.06407486765 0 0 147.979287283761 181.621744791667 213.25415802002 138.962023820245 139.973825476047 143.225677490234 136.605159965721 145.019821166992 178.587651570638 137.199495203355 141.160864131967 208.139465332031 145.852529672476 157.838119506836 186.73946925572 163.909703832912 190.753694534302 170.934487915039 151.105346679688 132.683285432703 172.198775752898 150.042909874106 228.698532104492 235.829978942871 200.987772088302 209.668853759766 169.579758961995 219.424140528629 226.752824147542 208.772354125977 234.952675955636 201.94028968811 202.542911105686 179.982706705729 195.782465616862 138.787697512354 139.76439259847 157.608846028646 182.794954740084 192.243436540876 128.163925170898 188.607503491779 195.518522644043 148.414276668004 140.718041038513 202.075365702311 171.523400200738 231.981086730957 220.664001464844 183.386277516683 171.723864746094 137.509694652607 129.306455665165 96.6498272931134 142.963426763361 183.898887634277 119.839288451655 187.857462565104 193.109558105469 220.389228820801 170.60761311849 201.15640792106 212.123649597168 231.862144470215 151.415842156661 120.360638417424 168.078921363467 185.690045060783 181.255130004883 187.65718460083 151.364532470703
129.492462158203 0 0 0 0 107.423068397924 175.590133666992 0 60.6510543823242 0 0 89.9122500949436 11.2620820402765 0 123.14181137085 0 52.1747102737427 57.8444153038231 32.9696448443173 53.6943837902214 0 0 0 0 219.77522277832 0 149.889011383057 183.949584960938 0 122.954265594482 0 79.2333859761556 80.7943362674198 87.4336357116699 0 0 0 59.3403514532873 52.4414138793945 0 101.033154296875 0 107.693265741522 25.8142427861073 14.5193468510298 23.865685041208 0 58.0660705566406 67.6835327148438 45.5269068133446 94.4510685313832 88.4887833771882 0 0 115.313972473145 0 0 97.3751106262207 0 124.218894958496 130.504272460938 116.12525177002 105.113690694173 72.7711553573608 0 24.1482847812023 0 0 139.055494944255 94.1752522786458 99.6456400553385 79.680493908728 71.2049129772186 36.8829826663952 89.2927470737033 115.462470372518 69.5275896734121 12.1617102046263 67.8394684003547 70.7577514648438 92.5668016161237 67.5318160928706 132.74885559082 0 0 0 0 81.2929213342588 80.2484971479936 51.9707003967671 64.1516082452268 98.1886024475098 0 137.60816192627 74.2473859786987 91.444289694027 94.0265445709229 88.1539916992188 0 0 0 144.803736368815 0 0 0 0 0 0 0 0 0 134.154006958008 121.038055419922 88.6359973483615 71.4924263937431 150.604389190674 109.421682739258 97.6416012900216 0 83.1331192312889 124.247667948405 93.3582290649414 115.154045581818 0 0 0 140.649932861328 105.948996225993 0 97.8229469299316 157.127750396729 170.660692214966 140.437370300293 139.550777435303 0 144.804741859436 137.919006347656 0 113.109924316406 127.805541992188 83.0114434669758 125.530200958252 88.433313889937 0 166.988128662109 108.336711883545 76.0486054420471 67.5151510238647 95.4508196512858 82.715939498914 119.220855712891 154.677619934082 136.654748704698 189.960647583008 0 105.842410496303 148.678451538086 0 168.534072875977 156.418420155843 222.064010620117 194.11604309082 0 0 128.65816561381 0 79.4132871235887 97.1450538635254 102.498550863827 37.9545770278974 236.872360229492 159.733441866361 140.702281406948 140.930290222168 118.378571987152 83.6189087898501 137.574851989746 145.140975952148 92.0825746746674 85.8190594334756 137.081680297852 120.111927032471 62.0195002348527 218.705551147461 87.2110787688709 132.098865509033 0 70.6793444951375 138.84112701416 145.220260620117 198.312469482422 118.367720540365 144.633595784505 181.833984375 0 0 0 134.567657470703 0 142.997421264648
138.343341282436 0 165.231338500977 152.073028564453 106.642965316772 151.53539276123 0 0 0 0 0 92.1559371948242 0 22.1729029846359 19.1473006954752 45.5942550458406 24.2590397959513 85.2966402901544 85.3046639760335 51.9155686744536 168.071914672852 128.998074122838 59.9889003529268 59.2200949946536 136.538820902507 64.3497753143311 37.6800819350477 36.2464899565234 101.6260349876 94.2521057128906 84.1007812334144 0 183.20825958252 62.5390292273627 26.299007210532 21.0416746860011 24.5814912686191 80.7735522588094 71.3512819581113 42.1056645680097 79.5051912527818 73.7173743247986 75.1383366233424 232.486083984375 194.899383544922 121.903793334961 48.5269498753726 93.4243469238281 119.00630405971 246.556686401367 0 0 142.283294677734 122.16899617513 161.151317249645 136.730743408203 83.5005234612359 53.4329722953948 46.2484105057973 33.2880368267032 76.4317349885639 134.990835571289 108.416680697737 61.5844030456543 66.4955414280747 0 100.387654130177 61.3583187149873 81.2134198120662 150.329217529297 110.536392211914 0 120.68628692627 57.721080271403 65.3471530952076 105.015207926432 0 0 207.101913452148 0 160.584306716919 0 146.185464807459 121.740800221761 126.17450205485 92.8252665201823 64.26140721639 0 181.884262084961 0 161.310181753976 120.097982406616 0 167.415618896484 138.842582702637 95.5280833244324 216.632736206055 106.92586517334 71.5662727355957 117.2666015625 0 187.301284790039 0 0 0 0 0 0 146.040466308594 0 0 0 119.028979056222 119.482825237772 151.503936767578 110.659605719826 118.281362093412 114.735843160878 121.124006170976 125.888179389798 120.095488654243 122.195673935286 116.7849474211 121.733655929565 142.751514434814 129.743420918783 112.778017044067 147.341064453125 127.023114522298 121.010926818848 156.89453125 0 138.780496385362 135.400178091867 0 143.053303309849 119.247343352347 106.816551208496 120.947412957086 117.90083726786 119.788629385141 126.23321203752 144.686996459961 192.428047180176 139.867625427246 149.96997833252 0 0 105.806287812024 144.364712419181 127.207289559501 178.513526916504 0 0 0 0 0 0 0 0 0 0 0 0 155.337013880412 121.613171895345 128.937062263489 171.947442626953 166.890535627093 156.451522827148 0 180.964324951172 144.528549194336 119.607162475586 154.873809814453 156.97737121582 208.032928466797 0 163.402238845825 147.124524434408 132.765551249186 117.418083508809 73.3031307282995 0 165.032043457031 105.18044052124 0 0 195.583953857422 0 0 169.747901916504 176.098841349284 136.641525268555 0 0 160.297225952148 0 0 0
136.775208473206 0 204.334620157878 156.889266967773 98.3986568450928 134.534387588501 171.962837219238 113.796653747559 0 0 0 130.930236816406 123.14181137085 19.1473006954752 11.0436969814532 23.9787723642143 30.7139795305778 39.7816470562474 72.7132576378909 17.4606379324303 80.1065642038981 97.3457579294841 60.3522884927145 76.2528600719463 98.0217890739441 68.977517257502 36.1461891312363 24.3262896794385 105.648929302509 95.7524421505812 89.2283051434685 164.061737060547 119.356706891741 65.4483866316549 37.2235182179838 30.8112458890201 50.8781210191788 98.692478093234 38.4210751984409 57.3971794860623 73.9866107191807 70.4916042890705 86.8582234993959 240.501647949219 217.637237548828 97.2106857299805 56.6679852941762 90.8321420769942 98.1968185532261 87.6362838745117 155.645858764648 196.006596156529 154.908992449443 130.152941303868 161.342269897461 140.566301618304 85.2699765250796 60.4325430565274 53.8262608846029 44.5926661533592 53.9221179463039 93.9804824193319 84.7453539281859 57.6477139342065 50.4205621426531 103.701525878906 105.956594604492 65.8302664473847 57.0784314515298 122.488738847815 107.410779741075 147.113441467285 131.560738033719 48.8179642858584 69.9660181244368 74.9576992132725 0 0 139.905990600586 0 135.958685423198 204.295120239258 149.689606574274 124.820074971517 148.306424458822 145.586147785187 82.8738750457764 133.090263366699 119.79777654012 135.069891929626 116.13282824925 121.31447653337 156.310590744019 141.278853607178 116.563991114036 96.8632886458416 0 121.280703226725 103.425329208374 144.587512207031 0 159.491191864014 0 0 236.195816040039 0 0 0 0 0 0 144.016657212201 117.077038678256 107.150165273182 95.9376892089844 105.314055379232 110.417156821803 106.629974603653 115.841564178467 102.622214805586 115.018718896636 109.999147056353 112.361623113555 126.929748535156 143.553927830287 101.207169669015 117.113169806344 141.707943386502 120.291262054443 123.073610305786 196.50722249349 169.924049377441 139.279486806769 130.508424913561 116.773658752441 137.835652542114 111.862749811429 110.134168184721 117.87742729187 117.164561828613 103.494211645687 116.801188354492 119.484912109375 178.241165161133 130.386255678923 143.179803547106 126.890299479167 0 100.472414834159 119.316503929968 118.315605554825 199.641746520996 179.844757080078 192.752883911133 150.106536865234 0 0 190.239242553711 0 0 217.13166809082 0 0 0 141.673308508737 115.214271900266 117.178612351418 146.515237884521 158.581092834473 91.6741344451904 194.898658752441 166.662994384766 137.007190704346 122.839812938984 164.239345550537 132.230718287026 201.780471801758 192.574836730957 143.728565552655 132.671222941081 127.77431060791 113.013372783419 65.4168703058264 135.384146372477 129.833892186483 105.591360909598 222.071304321289 0 180.808567592076 0 176.433685302734 172.579704284668 189.537905883789 155.598887125651 107.430530548096 187.94287109375 171.793510437012 0 161.409408569336 159.941040039062
