31165 8024 12885 11433 1133 6433 6460 14719 23 1115 39 2305 0 1 0 1 0 1 1 1 47 38 3 0 6 2 0 2 20113 7866 163 146 164 3 2 0 3 1 1 1 643 2 5 1 0 0 1 3 27 1 71 134 167 542 186 92 17 45 0 1 1 3 9 6 2 0 13 6 7 14 2 27 2 0 53 1 2 0 4 6 87 2 998 183 476 28 2 15 3 2 2 129 160 32 14 62 15 3099 8 10 0 0 4 0 0 0 0 1 1 0 3 6 0 0 0 0 0 0 0 0 0 1 0 0 0 0 0 0 0 1 1 0 0 6 0 1 0 0 1 0 1 0 0 0 0 0 0 0 1 1 0 3 0 0 0 0 9 0 2 3 1 0 0 0 1 1 0 0 0 0 0 0 2 0 0 1 1 0 0 0 8 1 0 1 0 3 0 0 2 0 0 2 0 0 2 1 0 0 0 1
8024 7914 10678 6389 1686 4106 547 1091 5 239 16 1267 0 0 1 2 0 0 0 0 31 11 0 1 0 0 0 0 1316 7546 1177 177 120 0 0 0 0 0 2 0 244 1 2 0 1 1 0 0 8 0 22 37 45 196 58 28 144 19 0 0 0 1 2 2 0 0 5 0 2 5 3 6 0 0 24 0 1 0 3 5 34 0 295 73 212 10 1 8 0 0 0 53 48 12 7 41 4 421 3 1 0 0 3 0 0 0 0 0 0 0 0 0 0 0 0 0 0 1 0 0 0 0 0 0 0 0 0 0 0 0 0 0 0 1 0 2 0 0 0 1 0 0 0 0 0 1 0 0 0 0 0 0 0 0 0 0 1 0 1 0 0 0 0 0 0 0 1 0 0 0 0 0 0 0 0 0 0 0 0 0 2 1 0 1 0 1 0 0 1 0 0 0 0 0 1 0 0 0 0 0
12885 10678 18563 10528 85 4910 316 7248 82 4025 75 11173 0 3 0 0 0 0 1 0 264 101 0 2 17 1 4 5 1153 253 11 12 30 0 1 0 1 2 4 5 1552 2 6 0 2 1 7 4 32 1 111 188 202 609 301 182 15 11 1 0 1 7 9 6 2 0 45 5 3 20 3 2 1 0 9 2 8 0 1 6 118 2 1356 337 1282 59 5 22 11 0 2 220 240 78 18 13 16 267 16 3 0 0 25 0 0 0 0 0 0 0 1 0 0 1 1 0 0 0 0 1 0 0 0 0 0 0 0 0 0 0 0 0 0 0 0 2 0 0 0 0 0 1 0 0 0 0 0 0 0 0 0 2 1 0 0 0 3 3 4 6 0 0 0 0 0 0 0 1 0 0 0 0 0 1 0 0 0 0 0 0 4 3 0 0 0 2 1 1 1 0 0 1 2 0 1 0 1 0 0 0
11433 6389 10528 24614 3423 13203 744 2656 31 1773 44 5955 0 0 1 0 0 0 2 2 214 79 4 3 11 2 5 2 1873 5527 865 549 332 7 1 0 2 0 3 3 1099 4 4 1 0 4 2 2 35 2 70 143 148 550 153 141 126 63 0 0 1 9 6 7 2 0 28 7 4 18 2 33 4 0 89 1 2 0 9 9 63 1 1070 251 861 58 8 21 4 3 3 163 166 55 13 137 25 600 13 5 0 0 31 0 0 0 0 0 0 0 2 5 0 0 0 0 0 0 0 3 1 0 0 0 0 0 1 0 0 0 0 0 1 5 0 1 0 0 0 2 0 1 0 0 1 0 0 0 0 0 0 1 0 0 0 1 6 1 4 3 1 0 0 0 2 0 0 0 0 0 0 0 0 0 0 1 0 2 1 0 7 5 0 0 0 3 1 0 4 0 0 1 0 0 2 1 0 0 0 1
1133 1686 85 3423 14312 11368 281 208 12 56 51 1938 0 30 59 28 21 14 11 12 157 226 14 6 85 1 9 23 6405 6988 10754 4170 2325 96 6 5 55 49 70 5 442 3 11 5 1 19 10 16 15 1 40 73 141 700 100 72 1923 2128 11 17 34 14 42 15 33 0 556 28 106 9 5 389 54 4 1518 36 5 0 74 6 34 0 721 324 599 90 24 17 6 2 31 77 87 16 11 3147 31 674 148 110 0 4 1 0 10 7 1 2 2 1 35 63 0 1 5 1 3 0 2 5 4 12 3 15 7 0 3 2 0 7 2 1 16 107 10 59 0 0 35 37 14 10 6 0 15 1 1 0 5 14 5 2 1 2 0 1 2 2 4 0 2 7 0 2 27 4 3 4 1 2 8 4 14 21 1 10 1 1 11 1 160 54 5 25 2 69 0 1 2 4 6 4 1 11 36 6 12 4 0 5
6433 4106 4910 13203 11368 16807 1388 2232 139 2008 1003 15356 1 5 12 2 6 3 8 5 451 340 15 5 19 2 2 6 4308 5745 928 2978 4228 48 1 0 12 8 9 4 1386 3 11 3 0 2 5 3 44 1 102 207 269 1008 238 221 157 581 2 3 5 12 15 6 11 0 110 15 28 21 13 407 14 1 460 5 303 0 29 7 127 5 1739 505 1534 133 9 49 18 5 9 253 272 67 18 1055 149 1575 63 6 1 0 0 0 1 6 3 1 2 1 42 50 0 2 0 0 0 3 1 8 6 3 2 5 3 0 3 1 0 0 4 0 13 55 2 15 0 0 8 8 1 0 2 2 8 0 0 0 3 9 2 0 0 0 0 0 14 4 6 6 3 2 1 2 9 1 1 0 0 1 2 6 1 6 0 3 1 1 3 0 110 23 1 4 0 45 1 1 6 0 8 5 2 2 48 6 7 3 0 2
6460 547 316 744 281 1388 2607 6286 557 1549 232 788 0 1 1 0 0 0 0 0 3 4 2 0 2 1 2 1 905 274 11 37 62 1 3 0 1 0 2 0 65 0 2 1 2 0 3 1 2 0 38 63 241 666 205 16 2 5 0 1 0 2 4 2 3 0 5 5 4 3 1 51 1 1 11 0 54 0 24 0 32 1 552 14 43 3 4 5 0 0 0 50 42 11 2 12 255 2052 0 1 1 2 1 0 1 2 2 3 7 0 22 14 0 0 0 0 0 0 0 1 1 1 0 1 0 0 1 0 0 0 0 0 0 12 0 2 0 0 0 1 0 1 0 0 2 0 0 0 1 0 0 2 0 0 0 0 3 1 3 1 4 5 0 3 1 0 0 0 0 0 0 0 1 1 0 0 1 0 0 0 25 1 1 2 0 10 0 0 1 0 0 0 0 0 18 9 1 0 0 0
14719 1091 7248 2656 208 2232 6286 11582 1250 21645 124 1552 0 0 0 1 0 0 0 0 36 18 0 1 6 3 1 3 378 107 4 13 29 0 0 0 0 1 1 2 392 2 3 0 0 2 3 0 20 2 48 121 205 504 227 61 0 5 0 0 0 2 5 3 2 0 8 0 2 13 4 10 0 0 5 0 15 0 0 3 60 3 777 95 260 17 1 12 3 2 3 127 138 26 21 8 44 1161 2 1 1 0 1 0 0 0 0 0 0 0 2 6 0 0 0 0 0 0 0 0 0 0 0 0 0 0 0 0 0 0 0 0 1 4 0 2 0 0 0 2 0 0 0 0 0 0 0 0 1 2 0 2 0 0 0 0 10 1 4 6 0 0 0 1 0 0 0 1 0 0 1 0 0 0 0 0 1 1 0 0 3 1 1 0 0 2 0 0 1 0 2 0 0 0 7 3 0 0 0 0
23 5 82 31 12 139 557 1250 622 4820 503 499 13 1 1 0 0 0 3 1 14 36 6 1 16 2 2 3 30 11 3 10 108 6 0 0 0 1 1 1 59 0 5 17 97 4 12 0 0 50 25 47 273 554 175 19 1 18 1 3 1 1 4 1 2 32 5 9 4 0 1 454 26 30 18 0 1462 62 344 22 27 70 472 24 28 9 11 30 15 18 8 41 52 16 3 14 2611 815 0 4 1 0 0 0 2 1 0 1 4 0 14 20 0 1 0 0 1 0 1 1 0 1 0 1 1 0 0 0 0 0 2 0 4 19 0 7 1 0 4 4 0 1 0 0 1 0 0 0 2 1 3 1 0 1 0 0 3 1 3 1 1 6 1 3 3 0 0 0 1 0 2 0 1 5 0 0 4 0 2 0 35 10 4 3 1 16 0 2 2 0 1 0 0 0 19 9 4 0 0 0
1115 239 4025 1773 56 2008 1549 21645 4820 38953 10717 20077 0 0 0 2 4 2 2 1 180 83 5 2 18 0 2 2 187 55 10 8 27 1 3 0 1 2 6 1 625 0 8 0 2 1 4 2 21 1 90 182 284 596 458 103 4 7 0 0 1 8 5 7 2 0 22 3 6 10 5 290 1 1 11 0 808 0 10 3 77 7 1294 102 504 32 3 18 4 3 1 161 196 55 20 7 1102 521 11 2 1 0 2 0 0 0 2 0 6 0 9 17 2 0 0 0 0 0 0 2 0 1 1 0 1 0 0 0 0 1 0 0 2 5 0 5 0 0 0 5 2 1 0 0 2 0 0 0 0 0 0 2 0 0 0 0 12 4 4 3 3 2 1 2 2 0 0 0 0 1 0 0 0 0 0 3 0 0 2 0 17 4 0 0 0 3 1 1 4 1 2 3 1 1 12 12 0 1 0 1
39 16 75 44 51 1003 232 124 503 10717 7041 12256 0 2 2 1 0 4 11 3 83 81 8 0 3 0 4 0 62 31 11 13 151 6 0 0 1 3 0 1 132 0 0 2 0 1 0 1 2 0 5 14 69 75 62 10 1 6 0 0 1 0 1 3 0 0 8 0 3 2 0 2107 4 3 4 0 2954 0 256 1 9 2 157 43 110 8 0 0 0 0 1 10 10 4 0 5 1709 138 5 0 2 2 1 2 10 5 1 7 8 2 111 136 0 2 0 0 1 3 0 11 2 4 3 5 8 1 3 0 0 4 10 0 25 119 1 26 0 0 2 9 4 0 1 0 10 0 1 0 2 2 1 0 0 1 0 1 1 0 0 0 7 17 5 8 34 1 2 0 0 0 9 3 10 9 0 1 1 1 1 1 294 46 7 5 0 134 1 0 1 2 10 1 0 1 154 20 6 3 1 0
2305 1267 11173 5955 1938 15356 788 1552 499 20077 12256 42096 0 7 13 11 6 6 16 7 805 729 25 7 23 9 9 10 2798 2218 320 757 5558 36 1 2 9 12 18 11 1928 3 13 9 2 1 10 2 27 0 88 138 302 1048 261 218 80 114 0 3 8 6 11 8 14 1 127 13 23 10 6 3804 23 2 120 4 1432 0 187 5 93 4 1581 566 1886 132 11 26 4 2 3 203 175 60 22 155 828 956 53 3 11 12 0 5 21 16 6 14 12 7 219 305 0 3 4 0 2 4 2 18 8 15 4 20 18 1 7 0 0 10 19 0 53 235 7 65 1 0 14 29 14 8 1 1 26 0 0 0 10 9 2 1 0 1 0 1 11 4 8 4 9 34 2 24 54 3 0 2 0 1 29 3 18 9 2 5 0 2 1 1 523 92 13 19 0 234 0 2 2 5 9 2 0 13 250 48 29 4 0 5
0 0 0 0 0 1 0 0 13 0 0 0 6235 3 4 9 3 131 2908 36 0 5 1 14 1 1 19 5 1 0 0 0 13 0 0 0 7 46 39 0 32 19 105 3319 5232 1185 1 35 15 359 1 5 2 1 1 0 0 0 0 0 15 30 71 31 33 3074 1 4 40 6 14 2 49 2197 0 23 229 1229 155 8 7 54 3 0 5 0 0 51 151 388 433 3 0 4 42 2 118 1 0 0 0 3 0 0 2 0 0 0 0 0 0 0 1 35 467 4 1 92 5 607 11 499 35 2 0 0 0 13 0 88 10 3 1 1 0 3 2 0 12 13 428 4 101 0 0 19 51 5 41 1572 3 7 11 0 1 9 2 0 0 3 0 3 0 0 2 1 96 78 21 393 2 6 0 0 49 203 1 5 384 50 0 1 212 3 98 2 2 14 13 1 0 54 12 8 0 1 0 0 2 0
1 0 3 0 30 5 1 0 1 0 2 7 3 9497 6022 438 1051 65 116 129 55 68 282 2033 50 62 3461 942 386 8 56 9 42 375 5523 2033 2265 58 297 4004 651 274 809 24 4 37 738 7 39 1 4 8 52 266 12 17 113 241 2401 608 42 21 353 911 228 2 248 501 185 5 2 8 27 14 209 30 0 8 16 1 8 1 135 178 150 51 12 4 11 4 29 18 14 11 122 121 0 34 36 52 4 0 1 0 0 0 0 2 0 0 2 9 73 9 6 45 45 33 135 30 296 292 242 65 51 15 47 27 8 19 6 6 2 56 14 82 57 16 136 405 20 259 6 2 55 15 2 0 172 23 108 5 1 0 0 1 0 3 0 4 7 25 1 6 3 40 2 6 2 2 58 42 8 66 8 14 2 2 19 2 18 57 54 16 6 52 2 2 3 26 18 10 10 2 9 0 40 24 10 37
0 1 0 1 59 12 1 0 1 0 2 13 4 6022 21012 9500 1678 450 345 733 132 91 927 772 32 119 2643 6931 372 9 80 20 40 79 471 269 291 44 2434 478 2313 188 477 37 12 127 245 48 101 7 5 10 37 214 15 8 83 217 345 186 309 85 363 472 803 8 184 408 1062 20 12 9 32 60 296 184 5 6 23 0 8 0 104 108 112 31 19 25 43 19 143 38 15 35 127 190 2 36 20 48 0 7 2 2 4 3 2 5 2 2 1 11 277 35 46 128 95 161 255 168 735 950 492 104 83 26 117 44 36 79 26 14 11 82 23 111 122 36 246 728 98 599 50 8 65 58 10 3 405 151 221 13 5 2 2 6 0 4 1 3 7 70 1 17 6 115 16 31 13 14 132 111 17 115 13 55 5 9 80 12 8 123 135 30 26 146 0 2 14 69 21 23 25 11 11 6 59 31 29 63
1 2 0 0 28 2 0 1 0 2 1 11 9 438 9500 13504 272 5618 2795 1429 23 42 476 505 21 50 1692 14484 185 4 25 19 69 25 111 45 109 85 1124 226 1649 193 341 34 15 321 68 41 149 11 1 5 19 91 6 6 39 76 71 37 595 125 246 227 1098 8 83 159 182 14 19 8 37 48 110 88 2 8 13 0 21 0 49 58 53 16 7 29 67 32 252 66 13 54 196 68 0 13 13 15 1 4 1 0 3 3 1 3 1 0 2 8 358 262 414 280 25 521 79 1093 356 2229 248 41 42 35 68 86 58 617 24 22 8 21 9 34 156 29 119 212 702 507 171 3 44 97 14 32 333 618 85 19 21 3 4 2 2 4 1 2 5 51 0 13 6 55 30 91 28 27 103 101 6 29 12 98 9 15 99 16 5 31 98 25 35 65 6 2 28 42 13 39 39 17 8 1 18 20 44 37
0 0 0 0 21 6 0 0 0 4 0 6 3 1051 1678 272 2528 342 775 2396 39 77 452 159 34 136 70 39 56 2 29 12 33 21 123 91 1289 335 98 239 689 39 81 27 23 189 103 5 17 2 0 4 10 18 4 4 12 119 118 76 111 24 47 56 29 1 19 115 21 3 2 10 19 152 192 22 4 9 16 2 4 1 16 22 18 2 3 4 14 5 111 9 3 5 24 92 1 5 4 21 1 3 0 0 3 1 0 4 0 1 3 14 86 9 7 40 61 12 97 19 340 145 117 112 107 14 59 10 9 18 10 5 10 132 26 169 32 19 301 509 22 410 5 5 47 18 1 2 346 25 278 4 2 0 2 1 0 5 0 0 7 32 0 9 12 77 2 6 4 2 109 55 28 186 2 12 2 1 22 3 18 211 216 58 7 260 0 2 8 55 22 2 5 5 24 2 50 38 35 72
1 0 0 0 14 3 0 0 0 2 4 6 131 65 450 5618 342 11872 6584 1594 11 47 150 1073 12 26 1819 942 30 3 8 38 288 51 25 5 217 453 2782 124 721 133 423 358 104 1955 25 120 131 14 1 3 8 27 1 1 4 97 18 6 3258 147 478 844 465 52 24 44 561 22 28 18 226 381 75 505 7 9 16 1 18 5 22 35 20 3 4 48 139 56 728 51 9 50 139 59 2 4 2 6 3 8 0 0 2 1 0 2 0 0 2 4 219 707 1753 234 26 1188 49 2611 241 4222 279 13 12 17 12 129 15 1662 36 19 17 24 10 35 68 10 101 152 2234 131 692 5 23 68 46 110 412 2203 18 45 51 0 5 6 3 2 1 8 1 30 0 16 9 13 120 307 51 124 46 63 20 22 45 450 11 32 255 28 5 24 348 30 99 14 10 14 72 29 7 93 60 45 1 4 11 6 30 10
1 0 1 2 11 8 0 0 3 2 11 16 2908 116 345 2795 775 6584 39241 8568 24 66 229 652 32 141 1385 553 31 2 2 19 263 30 80 6 234 1823 232 347 571 105 385 6406 990 3771 39 55 78 75 2 10 6 18 4 2 9 33 15 10 104 102 359 437 288 259 21 21 105 23 19 30 227 8207 46 130 13 942 57 11 16 31 20 23 15 3 4 67 148 153 925 30 8 39 167 51 10 4 6 5 6 12 3 2 8 7 4 6 2 0 6 21 1012 575 2289 644 136 1657 462 3865 1705 12337 1449 156 132 81 180 260 127 1214 76 48 15 106 34 132 379 69 568 1199 1551 1416 390 11 152 202 92 169 1534 2438 269 33 24 8 6 12 4 8 4 7 17 176 0 39 26 159 84 232 51 175 309 314 17 152 43 326 15 23 424 51 17 190 1660 65 109 301 10 14 43 122 53 99 74 32 46 5 112 86 104 97
1 0 0 2 12 5 0 0 1 1 3 7 36 129 733 1429 2396 1594 8568 2629 45 59 348 201 38 163 76 24 14 1 10 9 60 6 67 3 396 885 130 363 714 63 131 332 67 430 53 18 41 14 0 2 3 10 2 2 1 40 15 8 215 41 89 61 27 8 5 22 25 7 3 9 32 321 63 27 9 49 12 0 3 7 8 11 6 3 3 11 32 15 181 9 6 15 47 48 1 1 4 6 1 3 0 1 3 4 0 13 1 2 1 8 227 14 28 113 81 26 147 29 578 423 243 125 127 18 102 48 23 43 16 6 6 72 28 122 111 19 274 553 23 700 8 3 69 43 7 7 481 54 301 6 9 0 2 1 2 5 0 1 10 51 0 7 6 116 5 15 4 8 164 103 12 122 9 10 6 3 40 6 12 138 281 33 8 214 2 0 11 75 25 14 8 6 32 5 80 52 30 77
47 31 264 214 157 451 3 36 14 180 83 805 0 55 132 23 39 11 24 45 12289 6107 4452 150 219 226 50 19 86 43 50 149 523 138 25 5 82 124 43 235 1811 21 111 25 6 18 72 12 9 0 1 6 10 36 4 1062 13 200 8 25 23 28 141 101 45 0 8 43 65 2 2 344 320 19 208 18 28 0 314 0 3 0 202 29 4399 127 18 0 8 8 57 8 5 14 55 200 54 30 292 22 0 1 0 0 1 0 1 0 0 1 12 23 0 2 0 3 0 2 0 3 6 5 5 11 11 1 2 0 1 1 3 0 5 67 3 35 0 1 32 26 0 4 1 0 3 1 0 0 14 3 7 0 1 0 0 0 0 0 0 0 2 6 1 1 7 0 1 3 2 0 5 1 7 12 1 1 0 1 6 1 67 38 5 12 3 37 0 0 1 4 4 4 3 3 18 1 6 2 1 4
38 11 101 79 226 340 4 18 36 83 81 729 5 68 91 42 77 47 66 59 6107 40420 6625 1103 6589 6629 384 28 225 57 94 268 1242 305 88 10 175 309 90 3390 956 184 903 101 16 77 644 45 66 7 20 32 82 616 42 493 73 449 28 67 91 263 1034 834 171 5 266 230 167 37 18 844 940 47 575 63 62 0 802 2 41 2 1280 1925 9754 3037 186 24 75 25 309 58 61 45 321 467 116 50 6954 94 1 3 0 2 3 5 0 2 3 2 27 52 1 2 1 3 9 3 8 1 24 12 12 29 19 0 13 0 0 8 4 0 30 148 8 95 0 0 101 106 8 22 4 3 27 2 2 0 28 17 23 7 3 0 0 0 1 0 4 1 3 8 0 6 27 4 2 13 2 1 26 4 12 32 7 15 0 6 35 1 117 143 27 28 14 109 0 3 12 8 1 11 8 7 27 7 26 11 1 12
3 0 0 4 14 15 2 0 6 5 8 25 1 282 927 476 452 150 229 348 4452 6625 11894 9425 402 10066 569 69 24 3 6 49 425 235 91 14 483 543 82 4933 7306 3566 764 178 5 54 238 18 253 5 1 3 9 79 3 21 3 81 40 37 61 140 282 178 39 2 26 27 59 29 6 106 406 27 74 35 18 2 221 0 11 0 71 104 268 52 11 18 70 25 151 70 11 60 269 33 15 6 51 4 0 0 0 0 0 0 1 0 0 0 0 12 3 1 4 5 14 6 15 8 39 16 13 15 11 1 7 1 0 9 3 1 0 47 5 33 1 1 65 87 11 21 2 0 14 2 1 0 28 18 27 8 5 0 0 1 1 0 0 1 2 1 0 0 5 4 2 9 1 0 10 4 7 16 8 10 3 4 23 2 22 47 20 8 9 31 0 4 10 6 2 11 6 6 6 0 7 1 1 10
0 1 2 3 6 5 0 1 1 2 0 7 14 2033 772 505 159 1073 652 201 150 1103 9425 14636 469 8419 4377 61 109 1 7 6 45 46 948 110 202 56 328 6191 3605 9117 1704 86 110 1220 992 51 660 7 1 6 46 289 17 18 19 38 397 32 876 175 227 1734 121 16 146 99 159 35 14 8 56 22 31 144 4 0 25 1 27 4 189 327 273 136 25 54 148 58 1493 168 35 135 291 22 7 5 52 3 0 0 0 0 2 0 0 0 0 0 1 6 9 18 16 12 9 29 20 53 36 103 28 9 5 1 8 16 0 29 5 1 3 34 5 34 7 4 45 81 67 36 34 0 8 21 16 0 20 164 7 11 17 1 1 3 3 0 0 1 1 1 0 2 3 6 19 78 17 12 12 4 0 5 22 111 4 12 171 32 4 20 9 5 51 13 3 10 28 6 4 32 18 3 0 0 3 5 1 5
6 0 17 11 85 19 2 6 16 18 3 23 1 50 32 21 34 12 32 38 219 6589 402 469 12698 858 152 23 415 60 607 32 206 70 85 18 60 105 19 5701 270 109 296 67 2 14 4448 8 24 1 15 11 202 1427 42 70 373 64 55 27 11 34 234 282 45 1 1256 502 40 7 1 156 279 62 351 10 32 2 180 0 13 1 753 3260 1611 3234 3969 6 14 3 32 27 26 16 60 62 27 25 8826 1230 0 3 0 0 3 0 0 1 0 1 1 29 2 0 0 2 12 4 14 2 31 10 13 43 15 1 10 0 0 4 5 0 9 168 10 129 0 0 142 191 6 8 1 1 34 1 0 0 38 7 25 3 1 1 0 0 2 0 1 0 0 5 0 4 15 7 0 2 1 0 23 6 18 14 1 1 0 1 3 0 80 148 31 11 1 59 1 0 3 10 5 2 1 3 9 4 21 8 3 7
2 0 1 2 1 2 1 3 2 0 0 9 1 62 119 50 136 26 141 163 226 6629 10066 8419 858 6902 712 5 21 1 4 2 70 23 26 2 55 102 11 7279 1431 981 346 93 2 11 65 5 51 0 1 2 32 153 4 11 0 7 13 12 10 49 128 87 13 2 46 10 11 15 4 14 133 29 6 10 9 1 74 0 3 0 86 242 199 104 10 8 16 8 43 15 5 17 93 4 3 0 29 0 0 0 0 1 1 0 0 0 0 0 0 7 5 0 1 0 5 3 16 2 33 7 21 11 4 1 7 0 1 1 1 0 2 35 7 41 3 0 51 90 3 11 1 0 17 1 0 0 35 4 11 0 3 0 0 0 0 0 1 1 0 9 0 0 3 4 3 0 4 0 5 2 2 5 3 1 0 0 7 1 13 25 23 4 0 25 0 0 1 2 1 6 2 0 1 1 6 3 2 3
0 0 4 5 9 2 2 1 2 2 4 9 19 3461 2643 1692 70 1819 1385 76 50 384 569 4377 152 712 30353 3892 372 5 10 10 32 42 3819 90 131 36 531 3271 767 241 559 30 11 463 357 11 81 6 6 11 79 539 24 23 65 27 216 39 187 44 589 4174 1610 21 368 124 119 12 5 21 31 27 27 22 1 1 14 0 15 3 259 443 316 128 39 14 26 13 153 40 24 20 108 22 0 35 74 7 0 2 1 0 1 3 0 0 0 0 2 7 65 122 128 43 15 239 34 656 99 994 130 11 8 4 8 37 9 243 10 4 2 30 3 25 21 3 65 145 635 72 187 1 17 14 5 5 78 539 25 17 16 0 1 0 3 0 1 0 1 19 0 2 7 11 63 98 25 18 30 22 6 14 4 183 4 18 94 11 10 23 36 4 44 14 1 3 25 9 3 45 24 8 1 1 7 3 8 5
2 0 5 2 23 6 1 3 3 2 0 10 5 942 6931 14484 39 942 553 24 19 28 69 61 23 5 3892 12800 632 6 35 8 28 28 114 85 73 21 3793 15 355 35 47 18 9 277 148 16 27 4 3 15 70 405 18 21 114 70 149 57 154 16 152 402 2940 18 326 272 359 4 9 11 16 19 143 58 1 3 8 0 10 1 239 221 183 54 26 13 24 11 102 25 18 16 22 88 2 57 35 33 0 1 0 0 5 0 0 0 0 1 1 4 23 239 280 56 14 346 35 1075 89 894 111 26 11 5 9 37 4 582 14 9 4 28 10 28 14 4 57 117 1363 55 427 0 11 15 10 10 49 1050 23 22 21 0 0 1 0 1 2 3 0 9 0 8 7 10 116 150 26 33 24 19 11 18 9 348 6 20 116 20 6 25 38 22 52 16 2 7 39 13 4 45 28 17 0 2 4 6 6 8
20113 1316 1153 1873 6405 4308 905 378 30 187 62 2798 1 386 372 185 56 30 31 14 86 225 24 109 415 21 372 632 41060 17491 4891 1562 1577 186 162 62 227 75 535 134 266 17 140 8 7 75 390 58 26 4 53 79 1343 8113 295 53 2094 1034 148 85 115 79 600 325 540 2 6286 1040 615 14 8 265 66 6 2728 135 13 0 70 6 51 1 1340 565 320 117 994 16 33 7 139 113 87 18 75 2444 52 3601 252 1640 1 3 1 1 2 4 1 7 2 0 37 67 2 8 9 3 0 11 4 19 14 32 6 24 14 0 3 6 0 15 9 1 28 127 4 76 4 2 41 37 23 21 19 1 6 5 4 0 18 55 9 4 4 0 0 2 9 0 3 5 1 5 3 4 25 9 7 18 5 3 14 4 24 26 5 37 5 1 51 8 143 69 5 23 14 79 1 0 5 8 3 9 4 6 35 11 14 4 4 13
7866 7546 253 5527 6988 5745 274 107 11 55 31 2218 0 8 9 4 2 3 2 1 43 57 3 1 60 1 5 6 17491 16437 3687 829 721 21 2 1 14 8 9 3 193 2 8 0 0 10 5 0 13 0 40 53 149 577 76 58 4246 413 1 5 7 3 13 9 4 0 396 17 30 3 3 115 18 1 353 11 8 0 18 2 26 1 559 168 233 39 11 4 3 0 5 60 68 22 10 772 15 953 101 118 0 1 0 0 0 0 2 1 1 1 15 24 0 2 0 0 0 0 1 1 2 4 1 0 6 0 1 0 0 0 0 1 6 27 0 13 0 0 7 3 3 0 1 0 2 0 0 0 0 1 5 0 1 0 0 0 3 0 4 0 0 2 0 0 2 2 0 2 0 1 5 0 7 1 1 4 1 2 1 0 34 15 0 4 1 15 0 0 1 0 1 2 0 0 11 3 5 2 0 1
163 1177 11 865 10754 928 11 4 3 10 11 320 0 56 80 25 29 8 2 10 50 94 6 7 607 4 10 35 4891 3687 6081 375 316 90 4 7 90 38 69 6 192 1 13 2 0 13 33 9 9 0 17 27 111 641 43 30 6530 260 11 29 30 5 38 11 31 0 2030 211 105 4 3 50 28 1 831 35 0 0 16 3 18 0 385 346 288 259 693 7 5 1 19 43 31 17 9 592 2 213 2280 5636 0 0 0 0 0 0 1 1 2 0 7 10 0 4 0 1 0 3 2 6 5 4 0 5 4 1 1 2 0 3 0 2 3 23 2 27 0 0 11 12 15 5 4 1 5 0 0 0 4 11 5 1 1 0 0 0 1 1 0 2 0 3 0 0 5 3 2 6 2 1 6 2 5 15 2 10 1 1 14 1 32 18 2 4 3 16 0 0 2 1 4 2 0 1 8 3 4 2 0 2
146 177 12 549 4170 2978 37 13 10 8 13 757 0 9 20 19 12 38 19 9 149 268 49 6 32 2 10 8 1562 829 375 2364 6674 3051 4 12 58 88 42 12 236 2 6 7 0 42 40 8 11 0 28 46 50 256 48 53 45 3856 24 122 23 4 15 7 8 2 48 110 30 6 3 135 92 5 3208 21 12 0 48 4 20 1 367 133 326 28 9 7 5 0 33 50 43 17 3 1915 44 307 20 19 2 5 0 2 5 1 3 6 9 0 52 73 1 1 2 1 1 5 4 5 3 7 0 18 18 0 8 0 1 1 8 1 16 149 5 75 0 1 42 52 4 16 1 2 20 0 0 0 7 13 23 3 0 0 0 1 0 2 0 1 3 10 1 6 36 6 0 0 1 0 21 3 23 24 1 3 2 0 3 1 179 85 10 30 2 97 0 2 1 7 4 4 1 10 51 15 28 6 2 4
164 120 30 332 2325 4228 62 29 108 27 151 5558 13 42 40 69 33 288 263 60 523 1242 425 45 206 70 32 28 1577 721 316 6674 12552 2846 72 122 420 2532 54 136 729 14 70 256 41 398 286 9 28 3 39 48 122 376 73 62 76 2398 243 968 133 14 62 50 26 10 91 501 58 4 2 1387 3457 147 3610 51 189 13 569 4 20 3 501 212 698 87 54 7 11 6 211 48 67 14 31 1705 465 422 56 52 18 32 6 5 59 41 4 20 27 13 331 522 20 12 12 13 27 12 32 36 94 64 24 217 175 5 61 6 3 19 60 10 162 970 52 577 9 3 349 327 28 190 16 17 149 4 1 0 181 51 223 5 4 2 0 1 3 5 1 3 18 70 8 35 190 47 7 10 3 4 126 42 180 326 4 20 5 2 28 7 1195 609 108 281 13 863 3 3 14 70 62 7 12 56 414 65 202 61 23 127
3 0 0 7 96 48 1 0 6 1 6 36 0 375 79 25 21 51 30 6 138 305 235 46 70 23 42 28 186 21 90 3051 2846 3462 268 489 994 818 20 68 196 12 26 13 3 53 269 0 2 0 3 3 14 45 9 8 39 6089 535 5302 39 5 28 40 15 3 61 726 22 1 0 26 92 30 1741 10 27 1 33 0 3 0 55 30 84 16 28 0 1 1 27 2 3 2 6 342 24 23 9 71 5 1 0 2 7 2 2 0 1 0 12 38 5 3 3 3 14 4 10 11 32 17 6 63 47 3 21 1 0 6 8 1 30 281 31 215 1 2 173 179 7 61 3 3 45 2 0 0 43 9 82 2 0 0 0 0 0 1 1 0 4 19 0 3 45 20 4 2 2 2 34 11 56 109 0 7 1 1 8 1 110 164 33 68 1 102 1 1 1 20 12 5 2 14 10 2 51 15 4 19
2 0 1 1 6 1 3 0 0 3 0 1 0 5523 471 111 123 25 80 67 25 88 91 948 85 26 3819 114 162 2 4 4 72 268 3585 1652 733 102 76 5663 214 134 305 23 2 12 3723 2 17 0 1 8 37 164 7 8 60 88 1203 371 20 10 142 314 49 0 158 245 37 2 1 10 40 7 35 8 4 7 22 0 2 0 98 144 103 54 28 3 4 5 13 8 7 8 43 15 3 17 44 7 0 0 0 0 2 1 0 0 1 1 2 11 18 3 2 11 18 9 32 11 91 93 43 13 14 0 14 5 2 8 5 0 4 40 16 47 9 4 88 179 10 66 2 1 23 4 0 1 54 13 38 1 0 0 1 1 0 0 0 0 1 13 1 2 3 15 1 0 2 0 16 9 3 28 3 1 0 2 7 1 20 35 20 11 2 21 0 1 1 5 6 2 3 2 7 0 18 7 2 10
0 0 0 0 5 0 0 0 0 0 0 2 0 2033 269 45 91 5 6 3 5 10 14 110 18 2 90 85 62 1 7 12 122 489 1652 2412 1254 133 68 127 32 19 65 5 0 6 812 1 3 0 0 3 3 32 3 0 10 272 3856 1803 9 4 59 67 49 1 42 323 43 0 1 1 24 1 58 3 0 5 11 0 1 0 13 10 11 2 3 0 1 0 7 1 1 0 11 14 1 6 7 11 0 0 0 0 0 0 0 0 0 0 1 2 2 1 3 2 7 2 10 4 13 11 7 14 6 1 6 0 0 4 3 1 1 19 6 31 3 1 32 39 5 10 2 0 8 1 0 0 13 7 17 0 2 0 0 1 0 1 0 0 0 3 0 2 1 6 1 0 0 0 2 2 3 18 2 3 0 0 4 1 6 20 5 8 1 11 2 0 0 4 2 0 1 4 0 0 5 2 1 2
3 0 1 2 55 12 1 0 0 1 1 9 7 2265 291 109 1289 217 234 396 82 175 483 202 60 55 131 73 227 14 90 58 420 994 733 1254 2136 1952 56 267 503 40 90 37 9 143 530 6 10 1 0 12 17 89 6 6 76 728 1106 1227 54 8 74 103 29 3 103 633 30 1 0 27 57 88 683 10 7 15 34 0 5 2 52 42 52 18 13 3 3 5 61 5 2 4 19 304 3 14 14 66 2 5 0 1 8 2 0 4 1 1 3 50 26 9 7 13 50 16 42 17 174 68 45 99 98 3 53 4 2 12 12 2 15 256 38 298 12 4 307 382 21 211 6 14 58 12 0 0 222 14 281 2 4 2 1 0 2 6 2 1 6 38 0 2 23 57 3 12 0 1 101 29 51 273 1 3 1 0 9 0 47 285 100 80 2 231 2 2 4 57 34 5 12 20 22 2 89 40 18 84
1 0 2 0 49 8 0 1 1 2 3 12 46 58 44 85 335 453 1823 885 124 309 543 56 105 102 36 21 75 8 38 88 2532 818 102 133 1952 5774 22 140 354 22 84 414 60 531 213 11 9 7 1 4 5 26 2 5 20 569 192 841 129 17 47 45 18 11 34 280 27 1 4 33 865 463 504 37 21 13 36 3 2 3 14 19 41 14 12 9 16 5 244 3 3 3 22 204 12 6 7 38 2 2 0 0 13 3 1 9 3 2 4 40 44 8 17 28 59 17 76 33 282 120 92 141 130 9 64 10 4 17 17 10 19 374 59 399 14 9 467 610 27 213 12 5 83 15 4 1 307 42 266 8 4 2 0 1 2 1 1 0 2 39 1 8 34 58 4 9 9 3 122 41 85 257 6 23 3 2 42 6 86 371 250 117 9 295 1 0 7 66 37 9 9 14 45 2 117 44 10 77
1 2 4 3 70 9 2 1 1 6 0 18 39 297 2434 1124 98 2782 232 130 43 90 82 328 19 11 531 3793 535 9 69 42 54 20 76 68 56 22 11093 27 459 81 406 43 124 1694 109 331 80 12 4 18 41 303 26 23 144 269 147 68 5768 181 1470 1599 7005 95 246 365 5356 22 88 13 28 14 455 2222 2 4 13 1 38 1 224 227 187 59 26 78 271 38 1917 54 18 31 170 302 1 33 37 79 2 8 1 0 9 2 0 3 1 1 1 9 18 334 528 57 19 210 21 706 68 165 46 9 12 3 13 235 5 859 45 22 14 37 20 48 1 5 95 143 2069 48 1114 0 19 125 163 9 106 3163 32 84 87 0 3 19 1 3 2 9 3 25 0 7 16 12 612 854 150 203 29 53 16 29 85 1803 14 58 1424 280 7 16 27 41 555 22 15 23 81 11 15 220 89 50 1 0 16 5 10 10
1 0 5 3 5 4 0 2 1 1 1 11 0 4004 478 226 239 124 347 363 235 3390 4933 6191 5701 7279 3271 15 134 3 6 12 136 68 5663 127 267 140 27 8687 1803 1248 729 156 1 47 1623 8 89 2 2 4 70 424 9 20 14 34 654 55 30 88 238 442 17 0 208 57 22 22 4 40 204 54 22 13 14 2 97 0 11 0 287 599 390 232 40 9 37 18 75 52 13 30 160 16 10 10 85 5 1 2 0 2 1 0 1 0 0 0 0 2 16 2 5 15 24 14 52 10 140 98 65 29 16 2 19 3 0 4 4 0 1 70 9 75 12 6 122 244 6 77 1 0 30 5 0 0 102 10 24 1 0 0 0 1 0 1 0 3 1 11 0 3 6 19 2 6 4 0 27 14 4 26 1 5 0 4 14 0 20 66 45 12 7 40 1 0 9 11 4 14 4 1 7 3 23 8 6 23
643 244 1552 1099 442 1386 65 392 59 625 132 1928 32 651 2313 1649 689 721 571 714 1811 956 7306 3605 270 1431 767 355 266 193 192 236 729 196 214 32 503 354 459 1803 9902 5893 1614 188 113 462 256 235 2919 66 376 282 25 167 382 1167 33 256 79 45 478 430 617 390 316 30 54 147 383 224 156 260 367 27 454 394 49 5 258 12 694 34 1304 124 1189 78 91 547 701 266 1126 3690 1278 1067 1141 375 74 53 79 79 4 3 1 0 11 3 0 4 0 1 21 43 10 8 14 4 7 12 12 36 25 70 16 15 15 0 8 13 3 24 6 3 8 76 8 50 2 0 60 54 46 36 27 0 7 23 10 0 25 123 20 73 54 0 0 19 22 4 23 31 0 6 0 5 15 6 11 69 31 14 21 9 12 32 100 63 30 61 196 24 100 63 22 26 75 75 15 24 162 12 4 152 53 2 26 4 16 4 1 14
2 1 2 4 3 3 0 2 0 0 0 3 19 274 188 193 39 133 105 63 21 184 3566 9117 109 981 241 35 17 2 1 2 14 12 134 19 40 22 81 1248 5893 9905 5338 50 70 193 197 51 4225 36 0 0 3 27 2 4 1 11 53 9 180 159 136 57 60 33 18 18 121 34 22 3 15 2 15 192 0 0 4 1 35 2 32 29 41 14 4 64 273 168 835 204 42 212 433 9 0 1 5 5 0 0 0 0 0 0 0 0 0 0 0 0 2 2 5 1 0 1 2 11 10 13 6 4 1 0 1 1 0 5 0 1 0 5 1 8 1 1 10 15 10 8 4 1 3 12 7 0 8 55 6 27 19 0 0 11 0 0 1 4 0 2 0 1 0 3 4 39 14 8 1 5 0 2 36 37 6 20 114 17 3 4 4 2 46 0 6 9 56 0 0 88 24 1 0 0 1 1 0 0
5 2 6 4 11 11 2 3 5 8 0 13 105 809 477 341 81 423 385 131 111 903 764 1704 296 346 559 47 140 8 13 6 70 26 305 65 90 84 406 729 1614 5338 6018 333 392 798 559 342 3328 161 3 10 55 289 14 21 40 56 183 32 1107 807 2132 3697 638 94 151 107 999 178 65 16 94 51 72 1141 16 9 50 0 84 22 216 384 308 125 30 209 1364 796 4686 257 126 545 5551 50 11 13 62 6 0 0 0 0 1 0 0 0 0 0 1 3 8 20 35 13 5 34 10 50 19 52 24 11 4 1 10 29 8 28 5 1 5 16 5 13 4 2 33 64 58 27 29 0 7 88 46 1 27 310 8 129 174 2 5 76 3 1 9 30 0 6 0 3 3 5 33 231 155 59 9 6 4 11 286 248 40 79 728 82 4 13 14 15 318 9 27 58 262 4 0 455 180 5 2 0 3 3 2 4
1 0 0 1 5 3 1 0 17 0 2 9 3319 24 37 34 27 358 6406 332 25 101 178 86 67 93 30 18 8 0 2 7 256 13 23 5 37 414 43 156 188 50 333 7148 3473 1989 87 62 27 610 2 39 5 10 1 1 4 23 20 3 98 56 176 86 22 256 5 9 65 8 18 53 1215 3311 21 162 1872 2323 8283 96 29 375 12 7 25 6 1 265 234 352 1304 5 8 8 84 14 153 8 4 0 4 4 2 1 7 8 0 4 0 0 1 22 39 15 61 42 80 58 149 134 443 531 300 133 93 8 64 20 10 26 20 4 14 286 43 306 27 20 541 805 79 292 22 4 83 29 20 5 502 234 241 13 13 1 0 7 10 0 4 20 5 43 0 8 16 50 23 69 11 27 77 43 37 214 46 74 8 12 278 41 32 334 810 78 85 321 4 16 29 72 23 63 23 18 41 3 90 43 21 61
0 1 2 0 1 0 2 0 97 2 0 2 5232 4 12 15 23 104 990 67 6 16 5 110 2 2 11 9 7 0 0 0 41 3 2 0 9 60 124 1 113 70 392 3473 12147 1678 6 114 56 7345 6 55 3 11 3 0 1 5 5 0 47 136 241 70 67 5371 9 2 186 17 39 22 144 640 11 96 2193 1895 620 164 71 545 8 11 11 1 1 420 985 2426 1385 21 5 27 155 5 1315 15 1 2 1 4 0 0 2 0 0 0 1 0 4 4 6 17 171 11 6 19 6 118 6 31 8 0 0 1 3 58 0 35 16 6 2 4 1 6 4 2 10 17 137 8 78 0 1 95 217 2 58 2340 5 37 58 1 1 85 7 0 8 15 2 2 0 2 1 5 210 391 98 729 9 10 7 2 224 652 14 36 2745 271 14 4 23 15 547 10 5 113 117 0 3 353 75 10 5 2 3 1 0 0
0 1 1 4 19 2 0 2 4 1 1 1 1185 37 127 321 189 1955 3771 430 18 77 54 1220 14 11 463 277 75 10 13 42 398 53 12 6 143 531 1694 47 462 193 798 1989 1678 8884 23 64 106 18 0 3 17 83 6 12 6 111 12 9 788 128 789 2211 1087 1201 50 45 275 20 28 30 429 581 149 253 35 48 115 1 16 5 51 61 81 20 8 50 109 54 1654 55 11 54 191 103 38 10 14 7 2 3 0 0 9 1 0 0 1 0 4 7 20 248 1353 50 5 221 17 1162 49 493 78 9 7 2 4 158 3 678 33 14 11 25 7 19 8 3 69 97 1895 43 812 0 15 65 251 28 166 4942 18 48 44 3 1 13 0 2 1 9 2 17 0 9 9 5 502 553 107 782 16 38 6 11 39 1334 14 25 1122 200 7 17 200 29 320 12 12 11 80 2 5 141 48 29 1 0 8 4 4 5
1 0 7 2 10 5 3 3 12 4 0 10 1 738 245 68 103 25 39 53 72 644 238 992 4448 65 357 148 390 5 33 40 286 269 3723 812 530 213 109 1623 256 197 559 87 6 23 6205 12 27 2 5 19 85 733 22 7 126 113 1077 253 34 30 421 409 101 0 631 1009 86 8 3 190 314 127 58 14 39 8 272 1 9 0 304 945 288 469 1413 1 7 5 45 19 14 17 89 37 76 45 393 24 1 2 0 2 7 7 1 2 1 0 10 64 9 7 2 6 24 7 32 23 83 29 24 97 49 1 34 1 2 10 12 0 23 394 46 328 5 1 389 541 15 54 6 3 82 0 0 0 116 13 84 2 3 1 0 1 2 1 1 0 1 19 0 3 43 28 1 4 0 0 68 16 26 80 1 9 2 1 13 0 169 318 76 46 4 150 0 0 4 21 11 4 2 9 19 4 60 25 5 18
3 0 4 2 16 3 1 0 0 2 1 2 35 7 48 41 5 120 55 18 12 45 18 51 8 5 11 16 58 0 9 8 9 0 2 1 6 11 331 8 235 51 342 62 114 64 12 35919 264 254 3 15 5 38 3 5 9 27 14 4 189 10391 1697 127 209 45 13 28 4161 516 7835 1 8 14 69 7656 8 2 8 6 1342 83 22 29 21 9 4 4981 6026 697 1046 38 29 154 520 34 14 9 2 9 0 1 0 0 0 0 0 0 0 0 0 0 4 7 4 8 5 15 2 22 4 12 5 1 1 3 4 19 5 21 14 5 0 1 4 1 2 3 6 8 28 27 13 2 7 95 65 3 4 114 19 544 578 2 11 209 7 2 33 99 0 4 0 2 0 9 5 284 358 29 7 16 0 11 518 151 141 365 781 51 0 1 4 13 368 6 119 232 1235 0 0 1547 587 11 5 0 2 2 5 1
27 8 32 35 15 44 2 20 0 21 2 27 15 39 101 149 17 131 78 41 9 66 253 660 24 51 81 27 26 13 9 11 28 2 17 3 10 9 80 89 2919 4225 3328 27 56 106 27 264 13519 70 16 12 2 13 12 63 4 11 3 2 107 673 381 44 44 12 11 5 74 292 100 1 9 3 19 181 2 1 5 1 177 60 44 13 13 9 5 375 795 246 470 4258 884 3855 5910 14 2 3 1 5 0 1 0 0 0 0 0 0 0 0 0 0 1 3 2 3 0 5 0 5 5 3 2 2 1 0 0 3 1 2 2 2 1 2 2 0 1 0 5 10 4 4 3 0 1 15 7 1 0 36 4 181 127 1 6 28 5 2 7 45 0 0 0 0 0 0 4 28 56 5 0 2 0 2 69 27 54 152 140 6 2 0 2 5 50 1 30 53 415 0 0 318 166 1 1 0 1 0 1 1
1 0 1 2 1 1 0 2 50 1 0 0 359 1 7 11 2 14 75 14 0 7 5 7 1 0 6 4 4 0 0 0 3 0 0 0 1 7 12 2 66 36 161 610 7345 18 2 254 70 10304 44 734 4 2 6 2 0 0 1 0 9 308 241 5 8 1418 0 3 100 60 73 7 24 499 2 157 825 319 195 1613 375 6497 4 3 2 0 0 3708 2094 8816 460 37 34 35 200 1 815 10 0 1 1 1 0 0 0 1 0 0 0 0 1 3 3 2 8 5 0 10 2 12 1 4 1 0 2 1 8 12 1 14 1 3 0 1 1 1 2 2 1 1 7 22 5 0 8 55 57 4 12 171 11 164 214 1 5 283 72 8 65 186 0 4 0 0 0 4 2 161 154 85 7 7 1 10 366 112 100 153 1145 74 8 2 7 5 329 7 48 1058 808 0 1 1070 232 4 6 1 2 1 2 2
71 22 111 70 40 102 38 48 25 90 5 88 1 4 5 1 0 1 2 0 1 20 1 1 15 1 6 3 53 40 17 28 39 3 1 0 0 1 4 2 376 0 3 2 6 0 5 3 16 44 10222 10090 6 84 293 104 0 11 2 0 6 4 15 11 9 15 28 10 6 8 6 5 0 9 23 4 13 1 4 643 519 81 580 11 18 9 7 97 7 7 7 7743 3897 70 15 19 9 13 10 8 2 0 2 1 2 1 1 0 1 0 2 2 0 0 0 1 0 0 0 0 3 1 1 0 0 0 0 0 0 0 0 0 0 1 0 0 0 0 1 1 0 1 0 4 3 0 13 6 7 2 1 11 0 3 0 15 774 133 649 341 22 1 1 0 0 0 0 0 1 18 1 0 0 1 0 0 89 27 5 0 1 2 25 0 0 36 69 32 150 0 14 7 29 0 13 2 0 0 0 0
134 37 188 143 73 207 63 121 47 182 14 138 5 8 10 5 4 3 10 2 6 32 3 6 11 2 11 15 79 53 27 46 48 3 8 3 12 4 18 4 282 0 10 39 55 3 19 15 12 734 10090 39204 15 132 601 119 8 18 5 4 8 37 20 18 14 240 32 18 8 60 25 13 7 143 48 5 106 31 20 12699 4650 1760 1036 17 20 17 10 1585 83 115 16 3401 2638 37 21 32 113 26 13 14 8 0 5 3 1 6 5 4 5 2 1 5 0 1 1 0 2 1 0 0 0 12 2 1 3 1 2 1 0 0 0 1 1 6 1 11 1 0 5 9 1 4 0 11 18 4 33 14 26 7 0 56 7 18 2 123 3976 532 4078 2500 71 8 1 2 3 1 0 2 5 71 7 0 0 2 2 0 855 300 50 1 6 9 78 4 0 152 435 172 1626 0 60 59 298 1 60 4 1 0 0 1
167 45 202 148 141 269 241 205 273 284 69 302 2 52 37 19 10 8 6 3 10 82 9 46 202 32 79 70 1343 149 111 50 122 14 37 3 17 5 41 70 25 3 55 5 3 17 85 5 2 4 6 15 4187 4406 4381 0 92 58 22 2 14 23 169 122 76 1 514 152 66 4 2 221 13 10 223 12 291 2 138 1 3 5 419 394 25 98 166 3 7 4 39 4 4 0 19 109 635 3202 87 86 2 1 0 0 4 2 8 1 1 4 34 28 0 1 0 1 0 1 0 6 1 10 1 4 1 0 1 1 0 4 5 0 8 27 1 17 0 0 4 8 4 6 2 0 4 0 2 0 2 5 3 0 0 0 0 0 0 1 1 1 6 5 8 3 11 1 1 1 0 0 3 2 4 1 0 2 0 0 3 1 78 16 4 6 1 14 0 0 0 2 0 0 0 2 38 12 4 1 0 0
542 196 609 550 700 1008 666 504 554 596 75 1048 1 266 214 91 18 27 18 10 36 616 79 289 1427 153 539 405 8113 577 641 256 376 45 164 32 89 26 303 424 167 27 289 10 11 83 733 38 13 2 84 132 4406 6970 716 36 871 251 95 29 99 107 940 684 529 12 5212 964 355 11 15 169 27 4 1266 67 130 2 63 11 51 0 4041 10191 201 964 1102 6 33 15 187 130 104 25 99 512 435 2516 748 694 1 3 0 1 1 5 1 10 4 5 33 35 3 5 2 1 4 0 7 12 8 23 4 8 5 0 3 3 0 8 4 0 12 47 4 27 0 0 13 29 19 10 2 1 7 2 2 0 9 26 9 1 1 1 0 2 8 3 17 1 5 2 3 6 11 0 6 11 4 5 8 1 5 10 8 18 2 3 30 4 67 19 12 6 12 22 1 3 4 5 0 4 1 4 47 21 6 1 3 3
186 58 301 153 100 238 205 227 175 458 62 261 1 12 15 6 4 1 4 2 4 42 3 17 42 4 24 18 295 76 43 48 73 9 7 3 6 2 26 9 382 2 14 1 3 6 22 3 12 6 293 601 4381 716 14864 241 12 34 7 1 7 10 36 31 25 2 75 33 24 8 0 70 5 2 62 3 91 5 37 26 112 6 4124 28 57 20 33 25 3 3 4 1105 299 28 12 50 226 766 26 19 0 0 0 0 0 0 1 2 4 1 12 9 0 1 1 0 0 1 2 1 0 6 1 3 0 0 0 0 0 1 0 0 4 11 1 4 0 0 3 6 1 1 2 2 0 0 0 0 0 0 0 1 0 0 0 2 35 10 33 14 2 0 1 1 2 0 0 2 0 0 0 0 0 1 2 4 3 1 3 0 32 8 2 0 0 2 3 5 4 1 1 1 0 0 16 11 0 2 0 0
92 28 182 141 72 221 16 61 19 103 10 218 0 17 8 6 4 1 2 2 1062 493 21 18 70 11 23 21 53 58 30 53 62 8 8 0 6 5 23 20 1167 4 21 1 0 12 7 5 63 2 104 119 0 36 241 2273 6 36 4 2 7 13 57 30 22 0 11 25 18 11 8 23 12 2 54 8 1 1 11 8 85 3 6504 34 2929 106 21 26 7 6 14 542 182 56 22 64 10 15 121 17 0 0 0 0 0 0 0 0 0 0 2 3 0 0 1 1 1 0 0 1 1 0 1 0 0 0 1 0 0 1 0 0 0 4 0 2 0 0 1 0 2 0 0 0 0 1 1 0 1 3 2 4 0 0 0 3 8 0 5 4 0 0 0 0 3 1 0 0 0 1 1 0 2 2 1 3 2 1 3 1 10 2 0 1 2 4 0 0 10 0 0 0 0 0 2 0 1 0 0 0
17 144 15 126 1923 157 2 0 1 4 1 80 0 113 83 39 12 4 9 1 13 73 3 19 373 0 65 114 2094 4246 6530 45 76 39 60 10 76 20 144 14 33 1 40 4 1 6 126 9 4 0 0 8 92 871 12 6 5537 176 41 19 27 5 64 58 82 0 5500 884 109 1 2 19 15 1 1361 22 0 0 7 0 1 0 130 1026 93 1002 711 0 4 0 14 6 3 1 5 560 1 21 3018 2150 0 0 0 0 1 0 0 0 1 0 3 7 0 3 2 1 1 0 1 6 7 8 3 3 1 0 1 0 0 0 1 0 2 21 1 12 0 0 8 12 13 0 1 0 2 0 0 0 3 13 0 0 0 0 0 0 1 0 1 0 0 0 0 0 4 0 2 2 0 0 5 3 2 5 1 2 0 1 9 1 16 12 0 1 2 8 0 0 1 2 1 2 0 0 5 0 4 0 1 0
45 19 11 63 2128 581 5 5 18 7 6 114 0 241 217 76 119 97 33 40 200 449 81 38 64 7 27 70 1034 413 260 3856 2398 6089 88 272 728 569 269 34 256 11 56 23 5 111 113 27 11 0 11 18 58 251 34 36 176 11826 1002 3862 135 16 68 45 55 5 166 2066 263 6 9 216 318 6 7403 99 26 1 126 0 18 0 232 169 351 74 28 9 19 4 105 34 26 7 17 4048 51 112 77 104 2 6 0 1 9 13 3 3 5 2 53 152 3 6 7 1 13 10 4 24 22 15 10 57 42 2 11 2 0 18 22 3 50 324 23 218 2 2 106 114 48 40 17 5 47 2 3 1 22 66 41 5 3 2 1 1 1 2 0 0 7 23 1 6 80 15 7 13 4 4 59 12 68 82 3 35 3 3 32 2 326 201 12 65 14 218 0 3 5 22 18 12 3 17 73 22 58 15 9 30
0 0 1 0 11 2 0 0 1 0 0 0 0 2401 345 71 118 18 15 15 8 28 40 397 55 13 216 149 148 1 11 24 243 535 1203 3856 1106 192 147 654 79 53 183 20 5 12 1077 14 3 1 2 5 22 95 7 4 41 1002 2190 3306 27 9 130 172 84 0 116 1428 109 2 2 36 96 19 57 19 9 1 50 0 1 1 56 103 48 46 14 3 5 0 12 5 2 1 28 20 8 20 24 13 1 3 0 1 2 0 1 2 0 1 2 17 9 4 4 4 14 1 8 5 38 28 16 39 10 2 15 1 3 5 8 1 10 124 11 114 2 0 126 157 11 43 3 2 15 3 1 2 52 13 29 4 0 0 0 0 0 1 0 0 2 7 0 1 10 15 2 5 0 0 31 7 13 38 1 10 1 0 12 2 40 96 13 10 2 46 0 0 2 16 5 2 1 5 1 2 26 3 2 10
1 0 0 0 17 3 1 0 3 0 0 3 0 608 186 37 76 6 10 8 25 67 37 32 27 12 39 57 85 5 29 122 968 5302 371 1803 1227 841 68 55 45 9 32 3 0 9 253 4 2 0 0 4 2 29 1 2 19 3862 3306 8037 23 2 28 29 25 1 43 1382 22 0 1 12 163 0 1227 11 3 0 15 0 1 0 10 12 29 3 9 0 2 1 9 2 1 1 6 180 1 5 7 49 1 3 1 1 2 2 0 1 0 1 5 20 2 2 0 1 6 2 10 8 13 12 4 34 20 1 9 3 1 4 7 2 10 131 19 116 1 1 71 78 7 32 4 4 24 1 0 0 36 14 57 0 1 0 1 1 1 1 0 0 3 5 1 2 12 10 0 1 0 1 20 9 36 53 0 5 2 1 5 0 27 77 4 32 2 51 0 0 1 9 5 1 2 5 3 3 28 7 3 22
1 0 1 1 34 5 0 0 1 1 1 8 15 42 309 595 111 3258 104 215 23 91 61 876 11 10 187 154 115 7 30 23 133 39 20 9 54 129 5768 30 478 180 1107 98 47 788 34 189 107 9 6 8 14 99 7 7 27 135 27 23 9156 159 1637 1609 535 55 57 92 2199 33 45 15 116 9 198 4338 1 0 19 2 25 2 75 76 78 26 5 57 172 38 2486 54 18 62 330 125 3 10 12 22 1 0 0 0 1 2 2 0 0 0 1 3 5 93 254 23 3 80 8 240 24 91 18 4 2 3 3 91 1 231 16 8 8 13 3 19 2 1 38 52 491 15 225 0 9 86 124 5 48 1285 14 27 30 3 1 13 0 1 0 2 0 4 0 4 3 8 169 369 49 98 16 16 5 14 47 592 14 13 869 150 7 11 18 18 275 7 2 6 57 0 0 102 34 15 1 1 4 0 2 2
3 1 7 9 14 12 2 2 1 8 0 6 30 21 85 125 24 147 102 41 28 263 140 175 34 49 44 16 79 3 5 4 14 5 10 4 8 17 181 88 430 159 807 56 136 128 30 10391 673 308 4 37 23 107 10 13 5 16 9 2 159 12649 8276 283 228 48 42 24 1323 2928 3640 3 15 12 32 1020 12 1 11 21 1799 327 91 125 115 29 3 3379 4367 986 1088 178 117 1356 3519 19 20 10 12 5 0 0 0 0 0 0 0 0 1 0 0 0 1 8 3 7 2 19 4 14 3 20 8 5 0 1 13 21 6 18 2 7 0 1 3 4 2 3 4 13 9 31 5 1 9 71 43 4 14 94 15 964 592 3 14 171 33 6 80 310 0 4 0 0 0 3 4 153 289 23 3 12 1 6 241 73 349 866 621 37 3 1 9 22 211 16 265 266 2599 1 0 1639 958 3 4 0 3 0 4 1
9 2 9 6 42 15 4 5 4 5 1 11 71 353 363 246 47 478 359 89 141 1034 282 227 234 128 589 152 600 13 38 15 62 28 142 59 74 47 1470 238 617 136 2132 176 241 789 421 1697 381 241 15 20 169 940 36 57 64 68 130 28 1637 8276 22884 10309 8603 76 453 183 7158 544 311 26 65 30 159 1411 17 7 53 4 224 13 582 908 750 254 53 420 2405 895 4358 114 89 599 2231 99 14 68 94 28 0 0 0 0 0 1 0 0 0 0 0 5 9 24 21 7 9 28 14 76 28 66 19 10 5 1 12 20 7 47 8 8 1 29 7 32 3 3 38 74 131 37 48 0 12 72 34 1 31 271 25 215 291 1 5 121 2 0 5 42 0 8 0 5 6 11 25 241 190 45 8 13 5 22 358 239 49 136 737 76 7 20 13 7 323 12 50 100 479 8 2 768 263 13 1 0 4 4 4 9
6 2 6 7 15 6 2 3 1 7 3 8 31 911 472 227 56 844 437 61 101 834 178 1734 282 87 4174 402 325 9 11 7 50 40 314 67 103 45 1599 442 390 57 3697 86 70 2211 409 127 44 5 11 18 122 684 31 30 58 45 172 29 1609 283 10309 10675 4373 43 431 131 1461 30 24 14 51 16 53 249 5 1 19 2 26 1 397 740 503 223 54 21 95 33 1894 41 31 37 726 40 4 35 115 10 0 0 0 0 2 0 0 1 0 0 1 4 10 36 70 14 10 38 18 142 29 65 27 10 3 1 5 27 0 103 7 2 4 23 9 28 7 1 50 75 388 23 151 1 14 16 22 3 29 512 13 21 18 0 1 7 0 0 3 7 0 5 0 1 3 6 95 154 22 25 14 20 4 9 22 261 2 10 284 38 7 24 13 14 116 11 5 3 29 5 1 48 14 7 1 0 14 2 3 2
2 0 2 2 33 11 3 2 2 2 0 14 33 228 803 1098 29 465 288 27 45 171 39 121 45 13 1610 2940 540 4 31 8 26 15 49 49 29 18 7005 17 316 60 638 22 67 1087 101 209 44 8 9 14 76 529 25 22 82 55 84 25 535 228 8603 4373 12333 67 340 175 5394 19 42 7 20 4 140 162 1 1 16 1 28 1 259 391 276 89 16 31 63 33 759 31 26 28 184 63 1 44 54 20 1 0 1 0 3 0 0 0 0 0 0 0 17 125 131 20 9 111 16 431 30 138 25 9 2 0 6 40 2 339 15 6 5 18 7 18 3 3 36 70 1034 17 428 0 4 27 40 3 43 1163 9 34 35 0 2 8 0 0 1 4 2 7 0 2 3 6 187 294 53 56 8 14 3 10 51 613 11 20 507 105 3 16 15 9 164 5 6 8 51 3 2 72 42 16 1 0 4 2 3 5
0 0 0 0 0 0 0 0 32 0 0 1 3074 2 8 8 1 52 259 8 0 5 2 16 1 2 21 18 2 0 0 2 10 3 0 1 3 11 95 0 30 33 94 256 5371 1201 0 45 12 1418 15 240 1 12 2 0 0 5 0 1 55 48 76 43 67 733 1 5 76 4 10 6 18 1107 7 91 755 917 88 382 103 800 4 2 0 1 0 471 298 562 1121 11 11 6 48 2 494 3 3 0 0 0 0 0 1 0 0 0 0 0 1 0 0 7 216 0 2 10 1 97 1 29 2 0 0 0 0 9 1 24 2 0 3 2 1 2 1 0 9 4 65 3 26 0 0 9 43 2 14 540 1 13 12 0 0 17 16 1 12 27 0 1 0 2 0 0 16 49 17 320 0 3 0 1 44 51 25 10 215 15 4 0 44 0 66 0 4 27 46 0 0 63 29 2 3 1 2 0 0 0
13 5 45 28 556 110 5 8 5 22 8 127 1 248 184 83 19 24 21 5 8 266 26 146 1256 46 368 326 6286 396 2030 48 91 61 158 42 103 34 246 208 54 18 151 5 9 50 631 13 11 0 28 32 514 5212 75 11 5500 166 116 43 57 42 453 431 340 1 18889 1690 254 6 2 21 29 2 2278 35 2 0 13 3 14 1 651 4937 136 6141 1827 9 11 3 93 43 33 13 54 418 3 46 1176 1985 0 0 0 2 0 0 0 0 0 1 4 6 2 3 2 2 1 5 2 13 9 15 6 2 2 2 2 2 0 5 0 0 3 20 0 22 1 0 13 26 10 5 5 0 7 3 1 0 8 25 7 2 1 0 0 0 1 0 2 2 0 1 0 0 4 5 2 8 4 3 4 1 3 5 2 16 1 1 26 3 13 21 3 3 9 12 0 1 1 2 0 9 1 1 2 0 2 2 1 1
6 0 5 7 28 15 5 0 9 3 0 13 4 501 408 159 115 44 21 22 43 230 27 99 502 10 124 272 1040 17 211 110 501 726 245 323 633 280 365 57 147 18 107 9 2 45 1009 28 5 3 10 18 152 964 33 25 884 2066 1428 1382 92 24 183 131 175 5 1690 3392 518 4 2 154 242 50 2361 102 24 1 136 0 10 1 347 1120 304 833 357 6 9 5 78 31 26 10 32 96 37 74 1263 383 0 3 0 0 5 2 0 2 1 0 20 44 3 3 7 5 15 5 7 20 17 20 6 51 22 2 13 5 0 12 11 1 22 278 20 212 4 1 173 209 41 32 16 3 31 4 3 0 33 36 41 3 2 0 0 1 4 2 1 2 2 14 0 3 30 6 6 18 2 2 33 8 22 36 8 30 0 1 35 7 134 201 23 31 13 80 0 0 2 20 7 11 2 8 9 7 33 10 0 9
7 2 3 4 106 28 4 2 4 6 3 23 40 185 1062 182 21 561 105 25 65 167 59 159 40 11 119 359 615 30 105 30 58 22 37 43 30 27 5356 22 383 121 999 65 186 275 86 4161 74 100 6 8 66 355 24 18 109 263 109 22 2199 1323 7158 1461 5394 76 254 518 7255 104 490 12 20 14 795 4683 5 9 13 4 154 13 226 252 261 54 30 362 955 326 1833 40 25 64 370 421 5 51 32 98 1 3 1 0 1 3 0 0 0 1 1 2 8 40 44 23 6 49 12 92 28 47 12 12 4 2 8 91 4 83 19 13 6 27 8 17 3 7 35 54 126 39 83 3 14 247 170 3 62 838 34 129 220 1 8 145 2 1 6 10 2 9 0 6 7 11 87 798 225 96 15 23 7 23 687 739 29 85 2247 284 6 10 7 24 869 11 18 83 226 3 2 697 218 20 0 2 9 1 5 9
14 5 20 18 9 21 3 13 0 10 2 10 6 5 20 14 3 22 23 7 2 37 29 35 7 15 12 4 14 3 4 6 4 1 2 0 1 1 22 22 224 34 178 8 17 20 8 516 292 60 8 60 4 11 8 11 1 6 2 0 33 2928 544 30 19 4 6 4 104 2942 2138 2 1 6 8 97 3 1 2 27 5550 184 38 18 13 6 1 1167 451 116 182 142 1839 629 845 6 4 4 1 0 0 0 0 0 0 0 0 1 0 0 0 0 0 2 4 3 0 3 1 4 0 3 1 0 0 0 1 1 3 6 1 0 0 0 1 1 0 0 2 1 0 1 1 0 4 15 7 2 0 12 4 220 75 1 4 41 62 11 109 383 2 0 0 0 0 0 2 14 38 4 1 0 0 1 29 10 269 357 86 3 2 0 1 3 26 10 152 43 1007 0 1 267 299 1 1 0 0 1 1 2
2 3 3 2 5 13 1 4 1 5 0 6 14 2 12 19 2 28 19 3 2 18 6 14 1 4 5 9 8 3 3 3 2 0 1 1 0 4 88 4 156 22 65 18 39 28 3 7835 100 73 6 25 2 15 0 8 2 9 2 1 45 3640 311 24 42 10 2 2 490 2138 5089 1 1 8 9 452 5 1 3 13 4479 174 9 6 8 1 0 2027 1179 251 256 46 101 201 193 4 7 0 0 2 0 0 0 0 0 0 0 0 0 0 0 0 0 2 0 3 0 4 0 4 0 0 0 0 0 1 1 3 5 5 2 0 0 0 0 0 1 0 1 0 4 4 6 0 2 24 9 0 2 23 0 298 146 1 4 51 10 4 45 185 0 1 0 4 0 1 0 22 50 10 0 2 0 0 40 22 182 314 158 8 0 0 2 0 46 2 120 73 1075 0 0 422 310 1 2 0 0 2 1 1
27 6 2 33 389 407 51 10 454 290 2107 3804 2 8 9 8 10 18 30 9 344 844 106 8 156 14 21 11 265 115 50 135 1387 26 10 1 27 33 13 40 260 3 16 53 22 30 190 1 1 7 5 13 221 169 70 23 19 216 36 12 15 3 26 14 7 6 21 154 12 2 1 3679 1060 125 303 6 3516 37 3714 2 9 9 135 76 331 44 84 9 3 4 20 16 14 2 5 427 3024 612 33 14 21 49 7 8 75 70 13 36 41 16 536 828 1 1 3 1 8 9 6 16 8 13 4 215 151 4 43 2 4 9 76 6 225 1209 25 549 0 0 173 124 16 86 6 23 178 5 3 0 38 8 106 1 1 6 0 3 4 9 3 3 26 86 22 67 311 24 2 5 3 2 147 42 196 209 2 10 3 2 6 1 2102 674 82 248 5 1487 6 1 9 71 56 6 7 63 640 112 206 52 14 76
