49714 9849 12100 4583 4785 4388 6288 10251 352 2852 66 1646 0 4 4 5 2 1 1 3 330 131 12 9 26 3 5 3 6092 6314 1402 290 205 48 1 1 19 38 4 8 1705 7 22 0 4 6 23 1 28 3 117 138 491 666 445 406 204 12 1 3 6 4 7 3 3 1 146 24 14 48 9 50 19 19 42 6 37 0 13 6 91 2 3088 432 1385 184 25 29 27 2 7 423 97 35 29 534 132 2001 48 25 36 10 139 101 5 158 15 50 47 59 174 174 0 0 0 0 0 0 0 0 1 0 0 7 2 1 2 0 0 0 40 2 76 24 0 3 0 0 12 8 0 1 0 3 21 0 0 1 0 0 0 1 0 0 0 1 2 3 3 0 5 3 2 10 1 0 0 1 0 1 15 0 0 0 4 0 0 0 1 0 111 18 8 1 1 15 3 1 1 1 17 1 0 0 101 20 9 3 0 0
9849 12106 5938 8392 1888 1151 76 136 22 96 31 313 0 1 1 0 1 0 1 0 238 100 22 5 19 4 2 1 184 2565 88 15 14 5 1 0 3 13 0 4 608 2 6 1 0 1 4 1 3 0 16 27 39 71 54 110 53 5 2 1 3 3 2 0 0 0 117 7 5 4 2 14 5 3 12 2 32 0 3 0 16 1 523 142 726 126 6 7 1 1 4 88 24 4 7 51 134 76 33 3 70 13 266 179 8 340 16 43 72 88 343 408 0 0 0 0 0 0 0 0 1 0 0 14 6 1 1 0 0 0 75 1 110 49 0 2 0 0 4 3 0 1 0 12 37 0 3 0 0 0 0 0 0 5 0 1 0 0 0 1 12 5 0 15 2 0 0 0 0 2 34 1 0 0 1 0 0 0 0 0 233 19 14 0 0 34 2 2 0 6 32 0 0 6 160 32 23 5 0 0
12100 5938 18502 10001 490 6260 755 6586 413 6341 199 9202 0 2 1 2 1 1 2 0 593 215 26 8 28 4 7 4 382 645 118 37 36 11 3 0 6 31 2 13 1990 12 15 0 1 3 19 4 32 1 92 135 198 330 288 390 97 7 0 3 4 3 5 5 2 2 253 10 7 36 6 33 13 24 40 0 59 0 4 9 89 5 2352 438 1991 274 30 21 17 7 15 404 127 32 18 76 458 469 76 16 175 50 771 465 23 819 35 133 216 346 959 981 0 0 0 0 0 0 0 0 2 1 1 18 13 6 15 0 0 0 110 1 271 86 0 8 0 0 20 9 0 1 0 28 79 1 4 0 3 1 2 0 0 4 0 14 5 1 3 0 14 23 3 43 5 0 0 0 0 6 50 10 0 0 0 1 0 0 2 1 537 33 17 0 0 76 6 3 0 10 62 0 0 6 465 67 43 7 0 0
4583 8392 10001 11920 7872 5417 128 208 39 248 50 1791 0 0 1 2 0 1 0 0 75 52 10 1 1 0 4 0 131 2229 720 53 63 6 0 0 3 17 1 0 173 0 1 0 2 0 1 1 3 0 7 3 32 34 26 29 56 4 1 1 0 0 1 0 0 0 68 4 2 3 0 15 5 6 9 0 11 0 2 0 4 0 215 49 217 51 3 2 0 0 1 26 4 1 1 58 199 55 19 2 74 9 475 182 15 300 13 47 93 123 373 426 0 0 0 0 1 0 0 0 3 1 2 4 10 0 3 0 0 0 55 1 118 30 0 0 0 0 3 2 0 0 0 6 22 0 3 0 1 0 0 0 0 4 0 0 1 2 0 0 13 2 1 21 3 0 0 0 0 3 15 4 1 0 0 0 0 0 0 0 194 13 10 0 0 34 1 2 2 8 38 1 0 6 209 28 21 2 0 0
4785 1888 490 7872 10791 5607 515 359 21 107 44 1435 0 2 2 5 2 3 3 0 66 84 13 3 5 2 0 0 540 3447 6235 319 200 61 1 0 18 62 1 7 169 10 4 2 1 0 9 1 5 0 13 17 57 94 46 38 378 18 3 9 1 2 4 2 0 0 68 6 3 0 2 109 29 3 59 2 32 0 11 1 11 0 349 69 208 57 4 5 5 2 2 49 16 4 2 609 101 236 22 15 14 4 68 47 3 84 2 17 25 29 91 80 0 0 1 0 0 0 0 2 1 0 0 4 2 1 4 0 0 0 17 1 23 9 0 0 0 0 4 2 0 1 0 5 19 0 0 0 0 1 0 0 0 3 0 0 1 0 0 0 2 4 0 3 1 0 0 1 0 0 8 1 0 0 0 0 0 0 0 0 72 6 2 0 0 12 0 0 0 1 5 1 0 0 50 5 4 1 0 0
4388 1151 6260 5417 5607 15382 684 600 101 745 236 14567 0 4 2 9 7 7 7 4 207 352 47 8 25 3 3 1 607 2256 3660 3990 2138 98 2 0 37 152 10 9 409 2 22 0 1 1 19 4 6 2 19 25 80 149 80 70 215 58 3 11 5 4 6 4 3 0 131 11 14 8 1 458 119 15 131 3 159 2 28 0 8 0 605 153 400 132 10 4 2 1 7 82 16 7 10 539 559 382 62 12 76 21 494 204 14 378 16 48 95 140 407 426 0 2 0 0 0 0 0 0 1 1 0 16 7 1 6 0 1 0 58 0 118 42 0 3 0 0 12 5 0 5 0 13 58 0 4 2 3 4 1 0 0 5 0 2 0 2 0 0 12 10 2 20 4 0 1 0 0 4 39 4 0 0 1 0 0 0 1 0 301 40 11 0 2 45 3 1 1 5 44 0 0 0 215 33 27 9 0 1
6288 76 755 128 515 684 9791 9018 2622 2316 176 507 1 5 5 0 4 4 1 0 30 37 7 4 5 1 3 3 1889 1117 476 105 62 24 1 0 6 31 0 8 196 1 10 0 2 2 7 0 8 1 36 47 478 490 228 84 68 13 2 4 1 3 5 1 4 1 46 10 7 8 0 33 14 9 29 2 39 2 6 2 26 2 1030 145 176 28 7 11 10 2 7 95 26 10 12 296 367 5277 17 10 13 0 39 29 4 58 5 14 13 21 54 62 0 0 0 0 0 0 0 0 0 0 0 0 0 0 1 0 0 0 6 0 14 8 0 0 0 0 4 2 0 0 0 0 5 0 0 0 0 0 0 0 1 1 0 1 1 0 1 0 1 0 0 0 0 0 0 0 0 0 4 0 0 0 0 0 0 0 1 0 36 9 3 0 0 8 2 1 2 1 3 0 0 0 26 7 3 2 0 0
10251 136 6586 208 359 600 9018 15859 4061 24235 76 1103 0 0 0 1 0 1 0 0 89 42 10 5 9 1 1 0 218 230 97 35 28 5 2 0 2 6 1 6 770 2 7 0 0 4 17 2 22 2 71 88 261 321 265 209 31 2 1 0 1 1 2 2 5 2 49 7 2 14 5 14 5 9 10 5 25 0 4 2 48 2 1596 209 569 61 19 11 9 4 8 258 53 17 16 64 132 1280 18 8 27 2 55 28 5 74 8 51 39 64 115 70 0 0 0 0 1 0 1 0 1 0 0 5 1 0 0 0 0 0 11 0 18 9 0 1 0 0 3 3 0 1 0 1 7 0 0 0 0 0 0 0 0 0 0 1 1 2 3 0 2 0 2 4 1 0 0 0 0 2 4 1 0 0 0 2 0 0 0 0 53 4 2 0 0 9 0 1 1 1 7 1 0 0 53 16 2 3 0 0
352 22 413 39 21 101 2622 4061 2592 4287 423 541 7 0 0 0 1 0 1 0 58 107 22 4 11 0 2 2 39 55 32 65 41 4 1 0 4 3 0 5 134 1 1 9 120 4 11 1 4 52 7 16 204 86 80 18 3 18 0 0 0 2 3 0 0 35 16 4 1 7 1 85 8 88 49 2 425 35 26 16 18 46 240 42 73 25 3 25 17 16 10 25 9 4 4 79 2825 1847 13 0 12 2 17 5 1 32 7 24 23 33 54 28 0 1 0 0 0 0 0 0 1 5 1 6 1 1 0 0 0 0 4 0 7 4 0 2 0 0 4 1 0 1 0 0 8 0 1 0 1 0 1 0 0 0 1 0 0 0 1 0 1 0 1 0 0 0 0 1 1 1 5 0 0 0 0 0 1 0 1 1 23 7 3 0 0 9 2 1 3 1 3 0 1 0 36 7 1 1 0 0
2852 96 6341 248 107 745 2316 24235 4287 34705 10562 21074 0 0 0 0 0 1 0 0 103 40 10 1 11 0 5 1 131 116 34 22 18 5 1 0 1 2 0 3 498 4 5 0 3 4 5 2 7 0 43 46 245 230 164 131 18 4 0 0 2 1 2 1 4 0 42 5 1 6 1 30 7 8 18 4 37 0 2 1 37 0 1018 139 363 46 7 10 8 3 10 173 33 10 16 42 1429 1579 10 7 129 13 361 208 18 597 63 294 282 392 872 644 0 0 0 0 0 0 0 0 0 2 0 15 3 1 5 0 0 0 29 3 149 50 0 4 0 0 14 5 0 2 0 9 42 1 2 0 0 0 0 1 0 4 0 13 6 2 5 2 14 6 8 13 8 0 0 0 0 9 22 0 1 0 0 0 1 0 1 0 338 20 28 0 1 51 6 3 6 5 35 3 0 3 463 100 10 2 0 1
66 31 199 50 44 236 176 76 423 10562 7606 4133 6 2 1 1 1 1 1 0 116 188 27 4 10 0 1 0 40 82 33 172 291 14 0 0 6 17 0 5 155 1 8 15 32 1 11 1 2 14 5 8 38 38 29 15 8 51 0 2 0 2 3 0 1 15 37 6 3 4 0 1020 66 48 86 0 753 29 51 7 3 7 140 25 140 50 5 4 0 2 2 24 9 2 6 147 2601 412 20 3 88 18 249 188 10 358 29 93 112 192 448 397 0 0 0 0 0 0 1 0 0 1 0 14 7 0 10 0 0 1 60 2 120 47 0 7 0 0 12 5 0 1 0 11 41 1 6 0 0 0 1 0 0 1 0 2 1 6 1 0 17 11 2 20 3 0 0 1 0 3 47 3 1 0 0 0 3 0 1 0 280 41 27 0 0 63 3 1 2 5 46 2 3 4 280 39 16 7 0 0
1646 313 9202 1791 1435 14567 507 1103 541 21074 4133 29983 7 3 2 4 6 11 11 3 463 820 115 18 45 10 1 3 350 944 797 1541 2705 183 0 1 40 137 6 30 714 5 25 42 27 6 47 2 15 6 29 35 116 180 109 81 139 646 4 8 5 2 5 7 1 5 241 20 10 3 1 3020 598 93 934 6 617 21 203 1 17 6 721 213 646 207 23 13 8 2 6 91 23 6 17 1404 4148 673 111 57 254 74 984 641 44 1272 52 293 353 516 1494 1468 0 1 0 0 0 0 2 2 10 5 1 67 33 3 27 0 2 0 175 6 413 160 0 15 2 0 50 24 0 10 1 43 164 1 9 0 5 2 4 0 0 9 0 4 5 13 3 1 45 46 9 73 12 0 0 1 1 18 125 9 2 1 0 1 2 0 9 0 889 83 57 0 0 190 5 13 4 23 133 5 1 10 804 124 89 17 1 2
0 0 0 0 0 0 1 0 7 0 6 7 6317 0 1 6 4 299 4768 10 0 4 4 10 2 3 9 10 1 0 0 1 2 0 0 0 1 155 26 4 20 6 83 3765 6611 795 4 14 30 213 1 30 1 0 0 1 0 3 0 0 17 8 27 15 21 983 0 1 28 10 15 155 253 715 1 12 623 298 510 41 11 87 2 0 1 1 0 83 82 87 61 8 1 7 78 2 61 6 1 1 0 0 0 0 0 0 0 0 0 0 1 0 0 67 156 4 3 18 0 212 30 436 13 1 1 1 1 4 2 25 7 0 0 1 1 2 2 1 5 11 131 2 116 0 1 22 13 4 26 462 0 6 5 1 1 3 1 0 4 3 1 1 0 0 1 0 48 70 6 358 3 1 0 1 14 31 1 3 120 11 1 5 99 3 14 1 0 11 12 0 0 18 12 0 1 0 2 0 0 0
4 1 2 0 2 4 5 0 0 0 2 3 0 12315 6634 991 2016 159 157 433 15 30 215 674 16 9 3240 2754 481 70 54 2 12 292 4967 3756 2059 180 290 2233 193 64 971 3 3 61 1244 38 42 1 2 2 47 107 49 11 420 657 2963 413 121 44 339 926 1047 0 374 921 613 35 5 6 21 3 184 31 1 0 2 0 2 0 229 87 51 44 30 6 28 7 56 17 5 7 407 5 1 55 29 58 0 0 0 0 0 0 0 0 0 0 0 0 0 2 0 0 0 0 0 1 0 3 0 2 0 0 0 0 0 0 0 0 0 0 0 0 1 0 0 1 2 0 1 0 0 1 0 0 0 11 0 0 0 0 1 1 0 0 0 1 0 0 0 0 0 0 1 1 0 0 0 0 0 0 1 1 0 0 4 3 0 0 1 0 1 0 0 0 0 0 0 3 0 0 0 0 0 0 0 0
4 1 1 1 2 2 5 0 0 0 1 2 1 6634 17090 13521 1011 1012 168 1108 35 43 664 716 17 34 2002 5389 267 44 33 3 7 103 711 197 1135 168 1393 787 736 223 1539 10 15 93 228 138 203 1 5 0 23 54 15 11 214 230 288 80 201 114 591 705 1766 4 140 273 1849 63 9 3 15 10 110 100 7 0 4 2 9 1 113 38 26 16 13 25 96 18 119 58 10 26 833 4 0 38 16 36 0 0 0 0 0 0 0 0 0 0 0 0 2 8 10 0 2 0 1 16 6 22 1 3 0 2 8 2 0 2 0 0 0 1 0 0 1 0 2 3 8 2 11 0 1 3 0 0 1 33 0 3 2 0 0 1 0 0 0 0 1 0 0 0 0 0 6 13 3 11 0 0 0 0 1 7 0 1 12 3 0 1 3 0 2 0 0 0 4 0 1 3 2 0 1 0 0 0 0 0
5 0 2 2 5 9 0 1 0 0 1 4 6 991 13521 16438 551 2808 2469 483 30 45 589 911 14 31 2622 9302 94 34 15 7 6 78 556 32 253 154 3574 310 978 432 1667 8 13 104 83 126 525 5 1 2 7 19 15 8 60 90 82 23 219 108 393 350 578 8 60 71 977 51 17 3 21 10 63 126 2 0 2 0 12 0 38 19 26 12 3 26 117 15 120 100 2 57 631 23 1 13 7 19 0 0 0 0 0 0 0 0 0 0 0 0 0 35 52 1 0 8 0 52 14 119 3 0 0 0 1 1 2 13 0 0 0 1 1 0 0 0 2 1 52 1 39 0 1 4 3 1 10 54 1 3 7 0 0 2 0 0 0 0 0 2 0 0 0 1 13 18 2 32 0 0 1 0 2 14 2 2 14 9 0 0 3 2 3 2 0 5 4 0 0 4 5 0 0 0 0 0 0 0
2 1 1 0 2 7 4 0 1 0 1 6 4 2016 1011 551 1910 224 722 1651 58 93 1056 663 39 127 481 271 69 35 20 2 17 180 338 858 5430 2287 154 716 528 170 971 10 9 40 364 29 110 4 0 0 4 22 8 4 54 94 222 30 83 39 179 222 134 4 47 102 192 15 5 11 40 39 73 23 6 1 4 0 1 0 38 14 24 14 7 12 35 5 43 19 2 8 320 37 0 4 16 20 0 1 0 1 0 1 0 2 1 1 2 0 7 4 3 19 2 1 11 6 103 27 26 28 15 11 61 5 9 9 2 0 3 1 0 4 3 2 17 36 2 37 4 2 16 9 1 0 21 25 0 0 1 1 1 1 0 0 0 0 0 0 0 1 0 1 1 8 3 1 5 1 0 0 2 2 1 1 5 2 1 6 25 0 1 2 1 0 4 2 4 2 5 3 1 1 9 2 0 2
1 0 1 1 3 7 4 1 0 1 1 11 299 159 1012 2808 224 12455 5635 304 14 70 361 1272 13 26 2043 1413 55 12 11 2 26 29 178 15 230 840 7035 209 847 427 2941 76 151 4310 83 223 350 11 3 1 10 15 14 6 35 33 68 18 3568 172 573 1228 495 30 61 45 1200 76 26 9 180 68 44 397 0 1 8 0 15 7 36 17 35 23 7 37 154 34 254 74 15 47 933 37 2 4 11 13 0 3 0 0 1 1 0 0 0 0 2 1 11 592 718 25 8 149 12 438 92 1026 21 4 3 2 12 30 2 254 18 3 2 2 5 9 5 4 24 27 654 11 740 0 7 44 28 58 85 643 2 13 14 3 3 5 1 0 0 0 3 2 0 0 8 1 101 260 28 113 9 16 12 3 23 97 4 5 58 17 1 12 52 3 19 6 0 11 8 4 4 18 18 4 1 1 5 1 1 0
1 1 2 0 3 7 1 0 1 0 1 11 4768 157 168 2469 722 5635 70112 8797 75 116 984 702 40 125 967 345 25 7 8 6 52 28 204 14 279 6988 121 483 812 215 1340 4834 1352 6273 153 36 229 98 1 7 0 4 7 7 18 34 36 3 400 46 170 438 162 309 36 21 112 46 26 51 1059 2136 60 80 21 74 45 18 19 51 18 16 20 19 3 91 199 123 208 47 5 20 511 34 11 8 14 6 0 2 1 0 0 2 0 2 0 0 0 2 79 946 881 105 11 351 33 646 469 3490 201 37 25 30 98 35 18 491 9 0 8 4 6 14 11 4 67 102 757 64 597 2 44 49 37 75 487 537 4 12 11 4 0 7 1 1 1 2 0 4 0 3 6 8 69 238 19 364 8 11 12 6 28 76 3 8 141 23 3 26 658 8 20 23 2 35 24 3 6 22 33 8 8 1 22 7 1 5
3 0 0 0 0 4 0 0 0 0 0 3 10 433 1108 483 1651 304 8797 5661 43 85 1017 699 19 106 788 135 23 6 9 1 8 60 426 31 871 710 68 617 619 190 1097 83 18 33 109 23 161 1 1 0 4 10 6 2 16 20 36 3 49 26 129 162 61 1 20 17 87 17 5 8 62 58 28 26 4 0 5 1 4 4 20 10 16 11 5 9 54 10 54 30 2 17 377 16 2 2 7 6 0 0 0 0 0 0 0 0 0 0 0 0 4 3 3 12 1 2 9 5 60 35 14 6 6 5 23 3 3 6 0 0 0 0 0 0 2 2 8 18 2 11 1 2 8 5 1 1 29 10 0 1 1 1 1 0 0 0 0 0 0 0 0 0 0 1 0 7 1 4 2 0 0 0 2 4 1 3 14 2 1 4 27 0 2 3 0 1 0 0 1 5 4 1 1 0 4 0 0 2
330 238 593 75 66 207 30 89 58 103 116 463 0 15 35 30 58 14 75 43 8046 6557 4407 105 300 86 31 9 64 214 240 151 332 182 12 0 64 381 6 221 922 29 154 15 9 11 118 2 10 1 1 3 9 8 9 792 78 118 10 23 6 1 23 17 18 3 26 43 29 1 1 523 354 104 235 5 518 10 141 0 3 0 110 21 3069 221 69 3 5 2 7 14 0 2 62 191 317 73 231 51 2 0 27 11 1 14 0 1 4 4 14 31 1 0 0 2 1 0 3 3 21 8 6 24 35 7 28 1 1 1 12 0 10 45 0 14 1 0 78 65 0 19 0 10 57 2 0 0 14 4 2 0 0 4 0 2 1 2 0 0 9 7 1 4 0 0 0 1 0 2 32 3 2 1 0 1 2 1 0 0 60 109 37 0 0 98 0 1 0 4 29 0 0 4 29 1 49 6 0 2
131 100 215 52 84 352 37 42 107 40 188 820 4 30 43 45 93 70 116 85 6557 37170 8138 1483 7067 1884 197 14 85 127 176 318 821 430 62 9 132 1134 18 4300 817 332 1351 62 24 37 1107 17 93 7 3 6 33 67 32 68 84 320 29 51 55 23 117 107 27 7 331 150 47 22 1 1088 1026 309 924 22 1087 13 291 0 3 1 349 161 8545 1217 473 3 32 6 52 37 4 16 411 389 619 122 3052 201 11 5 25 19 3 25 2 7 4 5 19 46 5 1 2 1 3 1 21 3 104 11 17 102 54 20 82 3 4 2 22 2 22 61 0 31 3 1 176 171 0 43 1 14 127 6 3 0 33 9 4 0 0 5 0 2 2 6 0 0 11 6 1 7 6 0 1 5 2 0 42 8 3 1 2 0 8 0 8 1 92 161 98 1 3 132 0 2 2 10 67 0 5 4 56 7 82 23 1 8
12 22 26 10 13 47 7 10 22 10 27 115 4 215 664 589 1056 361 984 1017 4407 8138 19408 6537 335 5482 188 47 94 32 36 40 287 315 53 10 444 1871 74 2504 6124 2479 1399 115 20 45 287 18 321 6 1 3 19 52 33 23 57 118 50 29 97 11 50 23 35 4 141 48 46 23 13 318 828 148 159 30 364 2 215 3 7 1 149 70 472 108 27 33 68 14 78 57 8 27 255 80 106 31 103 21 2 1 6 1 1 4 0 2 0 4 5 12 2 3 5 8 2 4 8 4 51 12 19 39 24 13 42 3 4 8 7 0 5 19 0 11 2 0 66 78 2 25 4 3 44 11 0 1 23 8 4 1 5 3 0 1 1 2 0 0 4 3 0 1 2 0 2 4 1 3 13 2 0 0 1 2 2 1 7 0 24 54 52 0 1 35 0 5 4 7 14 3 3 2 19 1 28 7 0 5
9 5 8 1 3 8 4 5 4 1 4 18 10 674 716 911 663 1272 702 699 105 1483 6537 13218 463 6167 3024 102 333 29 17 8 57 113 749 211 229 680 296 8907 1298 4654 2173 54 11 302 1705 25 498 4 14 3 62 190 60 27 149 76 304 29 618 12 47 270 161 0 717 199 194 19 10 57 322 35 62 41 44 0 42 1 13 0 469 284 312 342 67 17 67 10 65 92 9 29 212 33 9 13 333 25 0 0 0 1 0 0 0 0 0 0 0 0 0 0 5 2 0 0 1 5 8 2 1 6 2 2 8 1 0 1 0 0 0 2 0 2 0 0 11 11 3 3 3 2 2 3 0 0 5 11 0 0 4 0 0 0 0 0 0 0 3 0 0 0 0 0 4 3 0 4 2 0 0 0 3 0 0 1 5 1 1 4 12 0 3 1 0 1 4 0 0 3 0 0 1 0 2 0 0 0
26 19 28 1 5 25 5 9 11 11 10 45 2 16 17 14 39 13 40 19 300 7067 335 463 8551 267 107 5 193 11 168 13 94 73 34 0 49 362 4 3111 193 50 448 19 6 13 3445 4 21 1 7 12 54 233 52 49 283 43 21 7 19 5 49 64 9 0 1635 402 21 6 1 134 237 50 92 4 112 1 74 0 4 2 734 721 1432 1709 3587 2 8 2 5 26 5 7 124 25 38 11 5363 871 0 0 3 1 0 1 0 0 0 0 0 2 0 1 0 0 1 0 1 1 9 2 1 7 6 0 10 0 1 0 2 0 2 2 0 3 1 0 24 28 0 7 0 2 3 0 0 0 5 1 0 0 0 1 0 0 0 0 0 0 1 1 0 0 0 0 0 0 0 0 3 0 0 0 1 0 0 0 2 0 4 8 17 0 0 10 0 1 0 2 1 2 0 0 1 0 8 1 0 1
3 4 4 0 2 3 1 1 0 0 0 10 3 9 34 31 127 26 125 106 86 1884 5482 6167 267 4355 199 0 24 7 3 1 24 12 29 3 34 307 4 3260 196 196 314 28 3 8 93 1 18 1 1 1 5 19 4 3 9 2 7 0 11 2 8 4 3 0 79 8 5 1 1 21 216 28 6 1 16 1 28 0 2 0 70 58 87 57 6 2 6 0 4 5 2 2 44 0 2 1 51 2 0 0 0 0 0 1 0 0 0 0 0 0 0 0 0 0 0 1 2 1 7 0 3 5 2 4 5 0 0 0 0 0 0 0 0 2 0 0 6 11 1 7 0 0 4 2 0 0 4 0 0 0 0 0 0 0 0 0 0 0 0 0 0 0 0 0 0 0 1 1 0 0 0 0 0 0 0 0 1 0 0 0 11 0 1 1 0 0 0 0 1 0 0 0 0 0 2 0 0 1
5 2 7 4 0 3 3 1 2 5 1 1 9 3240 2002 2622 481 2043 967 788 31 197 188 3024 107 199 16149 6630 422 38 23 2 18 84 2295 361 198 173 146 2137 157 89 1263 10 1 97 754 9 23 1 2 3 66 184 41 9 278 135 639 64 163 13 90 2773 669 1 510 412 101 13 4 10 61 13 69 12 11 1 9 0 4 0 326 166 158 165 36 3 12 3 16 27 5 4 126 10 4 23 136 23 0 0 0 0 0 0 0 0 0 0 0 0 0 1 0 1 0 0 0 5 0 8 0 0 0 1 1 0 0 1 0 0 0 0 0 0 0 0 1 4 2 1 0 0 0 2 0 1 2 11 0 0 1 0 0 0 0 0 0 0 0 0 0 0 0 0 2 4 1 6 1 0 0 0 0 0 0 0 1 2 0 0 1 0 2 0 0 0 0 0 0 1 0 0 1 0 0 0 0 0
3 1 4 0 0 1 3 0 2 1 0 3 10 2754 5389 9302 271 1413 345 135 9 14 47 102 5 0 6630 13397 412 63 39 0 6 95 597 144 151 55 2408 90 124 63 357 5 3 164 224 25 26 2 3 3 41 117 34 10 341 284 457 96 137 11 119 2285 1443 42 257 374 387 13 4 1 10 26 122 30 2 0 2 0 3 0 189 62 27 34 20 3 14 4 15 24 1 6 81 7 1 43 26 42 0 2 0 0 0 0 0 0 0 0 0 0 1 46 42 0 0 7 0 137 5 217 1 0 0 0 0 4 0 12 4 0 0 0 0 0 0 0 2 6 73 0 40 1 0 3 1 2 2 104 0 1 0 1 0 0 0 0 0 0 0 0 0 0 0 0 12 33 0 101 1 1 2 0 1 9 0 0 8 2 0 0 5 0 2 0 0 0 1 0 0 3 2 0 0 0 0 0 0 0
6092 184 382 131 540 607 1889 218 39 131 40 350 1 481 267 94 69 55 25 23 64 85 94 333 193 24 422 412 44074 7858 1988 108 149 508 188 38 200 275 103 238 350 48 691 3 7 57 367 57 78 4 60 89 3158 13103 1288 116 3338 462 189 104 84 62 366 321 451 1 5868 872 542 31 7 72 75 18 2090 45 71 1 26 3 42 2 4357 4358 316 81 647 14 37 11 43 193 48 24 359 837 65 5674 119 1132 23 6 40 23 4 58 0 3 12 14 31 47 0 1 0 0 0 0 1 4 2 5 0 10 13 1 3 0 1 0 21 0 28 17 0 7 0 0 9 5 0 2 2 9 33 1 3 0 0 7 1 2 0 1 0 1 7 4 1 2 6 6 0 7 1 0 1 3 1 4 20 0 0 1 0 3 1 0 3 2 74 40 8 0 3 37 1 2 3 2 20 1 0 4 25 4 25 2 1 0
6314 2565 645 2229 3447 2256 1117 230 55 116 82 944 0 70 44 34 35 12 7 6 214 127 32 29 11 7 38 63 7858 20743 6292 256 219 346 8 4 138 217 29 20 560 13 75 1 2 6 29 21 21 1 61 70 513 740 313 146 5385 98 34 56 15 21 87 25 56 1 264 63 140 22 2 158 67 15 653 13 133 0 24 0 48 3 1745 311 736 147 24 13 18 2 13 207 53 17 72 1834 141 1706 45 402 35 10 139 94 10 135 1 14 35 47 136 171 0 0 0 0 0 1 0 1 2 0 0 32 16 4 13 0 1 2 55 1 78 59 0 9 0 0 23 9 1 3 1 14 78 2 5 0 0 2 1 0 0 10 0 2 5 10 3 1 18 13 1 14 1 0 0 0 1 0 41 5 0 0 1 1 1 0 3 1 172 89 10 0 0 73 0 1 4 3 65 2 1 2 87 17 46 7 0 2
1402 88 118 720 6235 3660 476 97 32 34 33 797 0 54 33 15 20 11 8 9 240 176 36 17 168 3 23 39 1988 6292 17429 286 259 310 12 4 116 261 17 27 548 5 54 1 1 7 38 19 12 0 22 28 157 328 127 108 7245 213 31 53 10 9 44 19 66 0 622 280 124 13 2 99 112 4 1533 11 61 0 25 0 23 0 1087 348 829 222 279 5 10 1 11 88 23 12 49 2284 49 412 480 4246 5 1 16 8 0 10 0 3 3 4 20 14 0 0 2 0 0 0 0 2 2 3 0 4 0 0 2 0 0 0 5 0 10 1 0 2 0 0 3 1 1 2 1 1 10 0 0 0 0 3 0 0 1 0 0 0 0 1 1 0 0 0 0 0 0 0 0 2 0 1 3 1 1 0 1 1 0 0 3 1 18 19 7 0 1 9 1 1 2 0 5 0 0 1 11 1 2 0 0 0
290 15 37 53 319 3990 105 35 65 22 172 1541 1 2 3 7 2 2 6 1 151 318 40 8 13 1 2 0 108 256 286 10633 7171 1026 0 1 39 111 0 10 165 2 13 4 1 0 30 5 2 0 7 7 24 34 28 18 46 5142 8 54 6 4 8 4 3 1 40 25 24 3 2 1300 440 12 3462 0 201 0 103 0 1 0 152 38 156 42 11 1 1 1 2 15 5 3 15 4541 637 114 33 87 11 9 74 58 2 95 0 10 16 31 57 112 0 0 0 0 0 0 0 2 2 1 0 8 13 0 6 0 0 0 37 0 44 30 0 2 0 0 8 5 0 0 0 12 34 1 0 0 3 0 0 0 0 4 0 0 3 1 1 0 9 7 0 10 1 0 2 0 1 0 22 2 0 0 0 0 2 0 3 0 97 27 1 0 0 38 0 0 1 4 33 1 0 3 47 10 14 1 0 0
205 14 36 63 200 2138 62 28 41 18 291 2705 2 12 7 6 17 26 52 8 332 821 287 57 94 24 18 6 149 219 259 7171 7728 2099 15 5 45 2417 6 106 405 13 53 61 12 17 407 5 6 3 6 8 25 62 29 23 115 3760 79 152 7 3 17 9 5 3 103 159 21 1 0 3364 3829 103 4889 5 232 10 834 2 6 4 213 64 221 77 55 2 2 3 11 23 9 2 22 3019 525 81 57 262 13 2 49 46 2 53 2 8 9 23 44 78 1 0 0 0 0 0 0 0 6 6 4 21 8 6 17 1 1 1 24 0 32 17 0 6 0 0 31 26 2 10 0 10 59 1 0 0 14 5 2 0 0 0 0 0 0 2 1 0 7 4 1 8 0 0 0 1 0 2 20 4 0 1 0 0 0 0 0 0 66 29 18 0 0 29 1 1 0 7 33 2 1 2 40 6 22 5 1 0
48 5 11 6 61 98 24 5 4 5 14 183 0 292 103 78 180 29 28 60 182 430 315 113 73 12 84 95 508 346 310 1026 2099 7217 253 263 1640 1852 58 193 216 23 163 3 2 11 1351 12 10 0 3 4 50 107 29 13 529 6635 2923 5311 12 17 37 63 78 1 271 1368 144 6 1 298 356 12 5038 10 6 0 39 0 4 0 251 83 136 59 77 3 6 2 12 26 5 4 55 916 9 56 43 694 0 1 0 0 0 1 0 0 0 0 0 1 0 1 0 0 0 0 0 1 3 1 0 3 1 0 3 0 0 0 0 0 2 2 0 1 0 0 2 11 0 2 0 0 2 0 0 0 2 2 0 1 0 1 0 0 0 0 0 0 0 0 0 0 0 2 1 1 0 0 1 0 0 1 0 0 0 0 2 0 4 1 3 0 0 1 0 1 0 1 0 1 0 0 1 0 3 1 0 0
1 1 3 0 1 2 1 2 1 1 0 0 0 4967 711 556 338 178 204 426 12 62 53 749 34 29 2295 597 188 8 12 0 15 253 5004 3980 525 345 21 3157 38 18 359 3 0 6 1845 0 8 0 2 2 30 62 16 12 139 105 1887 161 16 4 32 186 79 0 236 371 34 4 0 6 49 1 38 4 5 0 4 0 1 0 111 62 50 59 25 0 4 0 8 5 0 2 59 9 0 10 60 12 0 0 0 0 0 1 0 0 0 0 0 0 0 0 0 0 0 0 0 0 1 1 0 0 0 0 2 0 0 0 0 0 0 0 0 0 0 0 1 0 1 0 1 0 0 0 0 0 0 1 0 0 0 0 0 0 0 0 0 0 0 0 0 0 0 0 0 0 0 0 0 0 0 0 0 0 0 0 1 0 0 1 0 0 0 0 0 1 0 0 0 0 0 0 0 0 0 1 0 0
1 0 0 0 0 0 0 0 0 0 0 1 0 3756 197 32 858 15 14 31 0 9 10 211 0 3 361 144 38 4 4 1 5 263 3980 3113 432 99 10 658 7 6 220 0 0 8 888 1 3 0 0 1 3 13 5 0 47 148 4381 524 10 7 37 136 64 0 38 418 26 2 1 0 7 0 33 3 0 0 2 0 0 0 28 12 9 5 4 0 3 0 3 1 0 2 40 0 0 6 6 7 0 0 0 0 0 0 0 0 0 0 0 0 0 0 0 0 0 0 0 0 0 0 0 0 0 0 0 0 0 0 0 0 0 0 0 0 0 0 0 0 0 0 0 0 0 0 0 0 0 1 0 0 0 0 0 0 0 0 0 0 0 0 0 0 0 0 0 1 0 1 0 0 0 0 0 0 0 0 0 0 0 0 0 0 0 0 0 0 0 0 0 0 0 0 0 0 0 0 0 0
19 3 6 3 18 37 6 2 4 1 6 40 1 2059 1135 253 5430 230 279 871 64 132 444 229 49 34 198 151 200 138 116 39 45 1640 525 432 4042 2947 166 382 175 41 339 2 1 15 1147 15 25 0 3 1 21 47 14 12 288 869 1508 471 67 15 84 102 111 0 168 653 127 8 3 18 23 8 596 24 9 0 7 1 2 0 93 47 62 38 29 3 10 4 18 10 0 7 105 167 3 28 40 163 1 1 1 0 0 2 0 1 1 0 0 1 2 1 8 2 2 1 9 4 56 9 6 16 19 9 28 2 4 1 0 0 2 3 0 2 2 0 22 39 7 10 4 4 18 3 0 0 19 14 1 2 0 0 0 1 0 0 0 0 0 0 0 0 2 0 1 3 0 3 4 0 0 0 0 0 1 0 2 1 4 9 15 0 2 7 0 1 0 2 5 3 2 2 3 0 11 6 0 2
38 13 31 17 62 152 31 6 3 2 17 137 155 180 168 154 2287 840 6988 710 381 1134 1871 680 362 307 173 55 275 217 261 111 2417 1852 345 99 2947 15226 106 1095 642 127 826 514 224 412 2128 21 63 16 4 6 36 88 38 18 332 1072 713 584 543 15 108 105 64 27 303 532 120 17 12 240 1831 374 1677 31 51 5 110 1 4 10 245 98 263 147 81 14 39 19 85 28 4 5 288 832 22 40 148 316 1 2 0 4 7 0 0 10 2 2 11 7 14 14 31 18 9 7 51 33 356 95 54 176 108 49 241 18 18 12 5 1 13 20 1 29 13 6 443 418 15 193 15 12 120 27 10 4 136 162 9 3 5 0 2 3 2 0 0 2 2 2 0 0 3 6 24 34 7 49 32 11 3 1 5 22 1 2 49 5 45 125 209 1 5 54 0 4 4 16 35 5 14 10 34 3 86 15 0 20
4 0 2 1 1 10 0 1 0 0 0 6 26 290 1393 3574 154 7035 121 68 6 18 74 296 4 4 146 2408 103 29 17 0 6 58 21 10 166 106 18334 30 228 176 972 14 28 234 58 111 107 2 0 2 8 28 5 4 107 149 88 21 5591 87 325 365 4209 14 61 126 3226 51 16 2 22 16 79 1049 1 1 2 0 7 1 52 10 19 14 6 29 74 30 296 33 7 10 420 23 1 17 12 27 0 0 0 0 0 1 0 0 0 0 0 0 3 68 127 3 2 12 2 190 14 217 4 0 0 1 2 12 0 20 4 2 1 0 1 2 0 2 5 7 151 0 203 1 0 23 14 5 31 430 0 7 6 2 0 2 1 0 0 0 1 2 0 0 1 0 77 70 9 94 3 8 5 2 7 56 1 2 41 5 1 3 9 2 18 7 0 3 6 4 3 8 7 0 2 1 3 2 2 0
8 4 13 0 7 9 8 6 5 3 5 30 4 2233 787 310 716 209 483 617 221 4300 2504 8907 3111 3260 2137 90 238 20 27 10 106 193 3157 658 382 1095 30 5796 336 326 1243 81 8 21 2894 8 56 3 8 3 42 163 42 32 136 114 719 49 36 10 36 97 30 0 690 195 25 6 3 102 573 88 70 9 97 5 112 0 8 1 415 279 406 395 50 5 17 5 15 26 9 3 123 20 15 11 399 22 0 0 0 1 0 2 0 3 0 0 0 3 1 0 0 0 0 0 4 1 25 3 3 12 3 5 19 0 0 2 0 0 0 2 0 5 2 0 29 40 1 8 0 1 9 0 1 0 7 5 0 0 0 0 0 1 0 0 0 0 2 1 0 0 0 0 0 2 1 0 4 0 0 0 0 0 0 0 1 1 6 8 25 0 2 3 0 0 1 2 2 1 0 1 3 0 5 1 0 1
1705 608 1990 173 169 409 196 770 134 498 155 714 20 193 736 978 528 847 812 619 922 817 6124 1298 193 196 157 124 350 560 548 165 405 216 38 7 175 642 228 336 6752 3017 1144 105 127 337 151 219 2172 55 304 247 40 51 1143 1131 281 188 53 34 533 85 110 62 130 10 144 92 441 233 117 571 447 142 373 455 757 3 183 12 320 23 1433 108 549 146 67 397 914 185 913 2309 395 506 588 293 335 134 155 89 13 4 48 27 3 41 3 11 12 14 24 60 7 3 9 5 1 1 4 14 33 19 6 99 60 16 57 4 4 1 36 0 24 119 0 46 1 1 136 95 10 25 11 28 106 24 28 7 38 67 5 26 47 12 3 29 16 6 6 25 35 18 1 10 1 1 16 25 15 7 69 9 2 0 31 49 13 28 107 25 124 230 59 0 44 188 14 18 81 29 104 57 32 13 61 6 87 24 2 4
7 2 12 0 10 2 1 2 1 4 1 5 6 64 223 432 170 427 215 190 29 332 2479 4654 50 196 89 63 48 13 5 2 13 23 18 6 41 127 176 326 3017 5980 4205 36 43 385 90 57 1887 5 1 0 9 22 32 9 28 26 13 6 572 24 31 24 141 4 76 23 346 25 19 12 67 14 28 159 8 0 5 1 16 2 79 22 43 53 7 48 162 33 482 316 19 63 226 6 3 3 35 2 0 0 0 0 0 0 0 0 0 0 0 0 2 2 4 0 0 0 0 7 1 5 2 0 1 1 0 1 0 1 0 0 0 0 0 1 0 0 4 1 1 0 3 0 2 4 2 0 4 50 0 4 1 1 2 0 0 1 0 5 0 0 0 0 0 0 11 13 6 6 1 1 1 0 5 20 2 8 28 5 0 3 2 0 5 2 1 4 12 0 0 6 8 0 1 0 0 0 0 0
22 6 15 1 4 22 10 7 1 5 8 25 83 971 1539 1667 971 2941 1340 1097 154 1351 1399 2173 448 314 1263 357 691 75 54 13 53 163 359 220 339 826 972 1243 1144 4205 9511 309 495 2523 1156 309 2710 55 10 15 119 340 107 34 418 216 401 54 4030 148 737 3579 1478 10 1244 302 3209 116 36 85 338 62 148 1815 72 5 83 3 21 7 842 499 552 580 71 119 828 453 5093 219 24 121 3776 49 23 50 472 55 0 0 0 0 0 1 0 0 0 0 0 0 0 4 23 3 0 4 1 30 16 36 5 5 3 1 7 3 1 4 7 1 0 1 0 3 0 0 13 18 16 2 18 0 5 96 62 1 41 248 1 36 65 1 6 32 0 0 1 10 0 0 0 3 1 0 84 84 50 42 2 8 2 1 89 196 14 30 382 101 2 2 13 0 148 4 1 47 20 0 0 95 68 0 3 0 1 2 0 0
0 1 0 0 2 0 0 0 9 0 15 42 3765 3 10 8 10 76 4834 83 15 62 115 54 19 28 10 5 3 1 1 4 61 3 3 0 2 514 14 81 105 36 309 7183 2349 517 24 48 145 300 1 30 3 4 3 0 6 3 4 0 84 41 101 21 22 335 6 2 66 35 28 872 3286 1521 10 48 1182 1783 4354 57 30 126 15 3 12 5 2 152 277 130 234 20 5 12 342 8 22 5 6 0 0 0 0 1 0 1 0 1 0 0 2 0 23 48 54 23 2 27 11 60 199 394 53 39 21 25 68 9 10 23 2 0 2 7 0 4 6 2 97 140 39 55 35 3 37 30 26 4 111 294 1 11 18 2 4 8 1 2 1 5 2 2 0 3 1 2 71 50 18 147 7 8 1 0 30 63 5 5 225 32 9 21 308 0 36 17 3 40 22 2 9 34 28 3 4 0 21 5 1 3
4 0 1 2 1 1 2 0 120 3 32 27 6611 3 15 13 9 151 1352 18 9 24 20 11 6 3 1 3 7 2 1 1 12 2 0 0 1 224 28 8 127 43 495 2349 8868 8768 9 183 324 4729 7 112 5 1 5 1 4 5 1 0 78 158 229 9 27 912 3 2 308 133 77 526 383 648 6 231 3251 635 1553 292 115 490 8 4 10 7 1 903 1053 1857 1319 68 8 66 680 6 852 73 0 1 2 2 4 4 0 4 1 3 0 7 13 9 1 17 93 8 1 13 5 128 40 174 9 3 2 2 3 6 0 10 11 2 7 6 0 5 0 1 13 10 40 3 61 3 3 162 181 13 114 1147 1 94 126 15 10 74 27 6 33 54 3 3 1 1 1 1 265 172 85 758 7 4 8 3 149 288 31 87 1357 196 11 16 52 3 248 13 49 335 183 0 0 349 146 1 14 1 0 4 0 1
6 1 3 0 0 1 2 4 4 4 1 6 795 61 93 104 40 4310 6273 33 11 37 45 302 13 8 97 164 57 6 7 0 17 11 6 8 15 412 234 21 337 385 2523 517 8768 5161 26 181 625 170 2 14 7 14 11 5 37 33 19 5 1192 140 518 477 467 344 40 22 494 90 60 43 233 102 13 307 137 23 136 17 39 24 35 16 14 18 1 195 591 399 2540 146 15 81 1488 9 80 6 13 6 1 2 3 2 0 1 1 2 0 3 6 1 8 175 833 44 9 34 8 532 137 616 22 3 5 6 8 54 1 55 37 8 5 3 5 13 1 3 73 41 421 9 747 10 5 200 298 41 251 4026 8 68 71 17 13 29 3 0 1 14 2 11 2 7 7 2 986 541 95 1096 27 48 15 10 108 641 11 36 780 111 5 56 50 19 114 87 3 54 45 8 8 92 97 10 18 3 4 3 5 2
23 4 19 1 9 19 7 17 11 5 11 47 4 1244 228 83 364 83 153 109 118 1107 287 1705 3445 93 754 224 367 29 38 30 407 1351 1845 888 1147 2128 58 2894 151 90 1156 24 9 26 7763 14 35 1 12 6 54 215 40 22 292 414 1518 355 59 19 166 364 208 3 1246 1130 152 14 0 206 632 51 310 21 178 8 138 1 4 1 543 451 525 712 1213 2 24 4 30 19 9 3 277 82 33 16 911 87 0 1 1 0 0 1 0 1 0 0 2 2 0 1 2 0 0 0 0 4 4 9 2 4 4 3 10 0 0 1 0 1 1 8 0 2 1 0 23 14 4 7 2 0 6 5 0 0 5 7 0 0 1 0 0 1 0 0 0 1 1 0 0 0 0 0 1 1 0 2 3 0 0 0 0 0 0 1 1 1 0 10 10 0 2 9 0 0 0 1 1 2 1 0 5 0 5 2 0 0
1 1 4 1 1 4 0 2 1 2 1 2 14 38 138 126 29 223 36 23 2 17 18 25 4 1 9 25 57 21 19 5 5 12 0 1 15 21 111 8 219 57 309 48 183 181 14 38917 450 72 3 22 4 10 15 5 52 68 23 11 247 9249 5495 73 178 5 36 29 7396 1271 7320 4 11 2 51 12120 12 2 7 4 940 12 32 10 9 10 1 2559 5365 349 1831 187 52 212 1470 10 2 5 9 14 1 0 0 0 0 0 0 1 0 0 0 0 0 1 9 1 1 4 1 14 4 20 3 2 0 2 1 0 0 0 8 0 0 0 0 3 0 0 6 1 6 1 6 4 1 126 66 2 31 104 3 204 350 5 20 89 9 4 10 43 1 0 0 2 1 0 34 74 82 23 2 3 1 1 133 178 44 173 719 133 1 9 4 4 326 10 16 113 308 1 1 554 194 1 3 1 0 0 2 1
28 3 32 3 5 6 8 22 4 7 2 15 30 42 203 525 110 350 229 161 10 93 321 498 21 18 23 26 78 21 12 2 6 10 8 3 25 63 107 56 2172 1887 2710 145 324 625 35 450 9138 74 22 5 8 21 55 18 34 19 7 3 510 187 108 22 82 7 41 17 643 223 126 14 46 7 15 990 21 1 26 5 65 7 94 21 22 23 3 405 1831 480 2276 3904 83 2019 3259 10 5 9 24 7 1 0 1 0 0 0 0 0 0 1 1 0 0 5 6 1 0 3 1 12 7 9 2 2 2 0 0 1 1 1 2 0 0 1 0 0 0 0 7 4 3 1 5 1 3 49 36 6 16 104 3 65 113 1 9 34 3 0 6 14 1 1 0 2 0 1 37 47 50 17 2 3 2 0 69 125 19 44 343 60 1 4 3 0 147 4 3 48 83 0 0 164 81 0 3 0 0 0 0 0
3 0 1 0 0 2 1 2 52 0 14 6 213 1 1 5 4 11 98 1 1 7 6 4 1 1 1 2 4 1 0 0 3 0 0 0 0 16 2 3 55 5 55 300 4729 170 1 72 74 7900 117 813 6 1 5 0 2 0 0 0 14 107 55 2 5 885 1 3 41 144 113 142 58 464 1 78 1555 337 433 1514 327 5620 6 2 5 1 0 2133 817 2375 342 41 18 51 217 3 479 34 2 1 1 0 2 2 1 2 0 1 4 0 5 5 0 1 10 3 0 2 0 11 6 18 1 1 2 1 2 0 0 1 2 0 1 1 0 1 0 0 4 5 5 2 1 4 4 67 42 2 23 70 0 118 238 9 17 109 56 3 84 183 1 0 0 2 1 0 15 21 54 56 1 6 1 1 82 28 73 192 627 67 3 5 5 0 202 4 115 400 480 0 1 578 139 1 6 0 1 2 0 0
117 16 92 7 13 19 36 71 7 43 5 29 1 2 5 1 0 3 1 1 1 3 1 14 7 1 2 3 60 61 22 7 6 3 2 0 3 4 0 8 304 1 10 1 7 2 12 3 22 117 12665 14236 0 5 211 18 14 6 1 0 5 6 5 2 3 56 16 7 8 139 9 11 3 54 20 4 63 4 8 641 1163 170 276 13 11 9 9 134 24 10 9 7191 8180 472 355 15 18 20 8 5 0 0 0 0 0 0 1 4 0 0 0 0 0 0 0 0 0 0 0 0 2 1 1 2 0 2 0 0 0 0 0 0 1 5 0 2 0 0 7 4 0 0 0 0 3 1 2 1 5 1 1 1 4 2 0 18 717 142 561 206 3 0 0 1 0 0 0 0 0 8 1 0 0 0 0 1 64 19 3 0 3 9 17 0 2 15 196 35 90 0 3 15 4 0 24 2 1 0 0 0
138 27 135 3 17 25 47 88 16 46 8 35 30 2 0 2 0 1 7 0 3 6 3 3 12 1 3 3 89 70 28 7 8 4 2 1 1 6 2 3 247 0 15 30 112 14 6 22 5 813 14236 30369 3 10 203 13 25 4 0 0 4 57 22 7 2 281 18 14 14 340 91 29 8 214 17 23 307 51 46 11557 4096 1834 358 20 26 8 10 877 129 152 39 1579 4684 64 60 21 95 25 5 8 0 1 0 0 0 0 0 7 0 1 3 0 0 2 0 0 0 0 0 2 7 6 0 2 0 1 4 0 0 0 4 1 1 4 0 5 0 0 14 7 0 0 2 5 4 3 23 9 15 11 0 38 18 20 1 88 3485 669 3466 1639 26 0 1 2 0 0 1 0 3 40 2 2 0 0 2 2 457 178 63 1 4 16 50 0 6 81 1507 144 868 0 4 121 66 0 90 8 0 0 0 1
491 39 198 32 57 80 478 261 204 245 38 116 1 47 23 7 4 10 0 4 9 33 19 62 54 5 66 41 3158 513 157 24 25 50 30 3 21 36 8 42 40 9 119 3 5 7 54 4 8 6 0 3 13056 6848 6002 6 215 42 26 10 9 8 34 47 51 3 232 86 60 2 0 27 11 30 179 5 62 3 3 0 0 0 943 194 13 17 113 4 1 5 6 4 1 1 45 91 278 5476 17 100 1 0 4 3 0 5 0 2 0 2 5 3 0 0 0 0 0 0 0 0 3 0 1 10 3 0 11 0 1 0 1 0 2 2 0 4 0 0 15 6 0 0 0 3 7 0 0 0 1 0 1 0 0 0 0 1 0 0 0 0 1 2 0 2 0 0 0 0 0 0 4 0 0 0 0 0 0 0 0 0 4 14 3 0 0 15 0 0 0 2 0 0 1 0 4 0 8 2 0 0
666 71 330 34 94 149 490 321 86 230 38 180 0 107 54 19 22 15 4 10 8 67 52 190 233 19 184 117 13103 740 328 34 62 107 62 13 47 88 28 163 51 22 340 4 1 14 215 10 21 1 5 10 6848 11594 1099 10 721 122 60 19 20 19 96 141 129 1 2622 392 123 13 1 40 29 27 464 8 64 0 11 0 1 0 3574 5800 94 139 405 2 12 1 13 23 6 3 149 157 102 3129 149 272 1 0 2 3 1 6 1 3 1 4 7 9 0 0 0 0 0 0 1 0 1 2 0 8 5 0 2 0 0 0 2 1 7 17 0 9 0 0 30 21 0 1 0 4 16 0 1 0 3 4 0 0 0 0 0 1 0 1 1 0 1 1 0 1 0 1 1 0 0 0 4 1 0 0 1 0 0 0 0 0 21 24 8 0 0 14 1 0 0 1 3 1 0 0 6 0 7 4 0 0
445 54 288 26 46 80 228 265 80 164 29 109 0 49 15 15 8 14 7 6 9 32 33 60 52 4 41 34 1288 313 127 28 29 29 16 5 14 38 5 42 1143 32 107 3 5 11 40 15 55 5 211 203 6002 1099 13856 641 144 39 16 7 16 7 39 35 42 1 180 84 53 34 9 26 13 21 146 11 65 2 5 3 84 4 4292 201 30 36 96 31 26 4 21 711 133 44 82 71 115 1308 44 66 0 0 1 3 0 1 1 1 3 5 6 5 0 1 0 0 0 1 1 1 1 0 1 13 4 3 3 1 0 0 2 0 2 16 0 7 0 0 23 19 0 6 1 5 14 1 1 0 2 0 0 1 1 0 0 0 6 2 3 4 2 1 0 0 0 0 0 0 0 2 8 0 1 1 0 0 0 0 4 0 12 33 6 0 1 17 5 2 8 3 3 1 0 1 7 0 8 1 0 0
406 110 390 29 38 70 84 209 18 131 15 81 1 11 11 8 4 6 7 2 792 68 23 27 49 3 9 10 116 146 108 18 23 13 12 0 12 18 4 32 1131 9 34 0 1 5 22 5 18 0 18 13 6 10 641 1473 59 7 5 3 4 3 10 16 9 1 27 21 18 4 2 35 17 21 53 6 53 1 9 0 8 1 3982 49 3532 76 29 14 9 1 15 68 16 8 26 45 28 39 50 25 4 1 6 3 1 3 0 2 3 4 5 7 0 0 0 1 0 0 0 0 3 0 1 18 5 2 3 0 0 0 0 0 1 11 0 9 0 0 20 14 0 5 0 4 18 0 1 0 0 1 2 0 0 3 0 0 1 1 0 0 7 1 0 0 0 0 0 0 1 1 6 0 0 0 2 0 0 0 1 0 14 48 7 0 1 19 0 0 3 3 12 0 0 1 11 0 11 4 0 2
204 53 97 56 378 215 68 31 3 18 8 139 0 420 214 60 54 35 18 16 78 84 57 149 283 9 278 341 3338 5385 7245 46 115 529 139 47 288 332 107 136 281 28 418 6 4 37 292 52 34 2 14 25 215 721 144 59 6611 822 185 125 48 48 264 230 439 0 6782 1831 518 32 5 39 65 4 4111 29 21 0 9 1 13 0 1131 933 454 604 1554 1 35 5 33 64 10 12 225 1055 20 153 1859 4827 2 0 7 5 0 4 0 2 1 2 3 8 0 0 0 0 0 0 0 1 0 2 0 3 1 0 3 0 0 0 4 0 5 4 0 2 0 0 3 5 1 2 0 2 7 0 0 0 0 5 1 1 0 0 0 0 0 2 1 0 3 0 0 1 0 0 0 0 1 2 2 0 0 0 1 3 0 0 6 0 9 7 2 0 2 6 0 0 0 1 3 0 0 1 5 1 1 0 0 0
12 5 7 4 18 58 13 2 18 4 51 646 3 657 230 90 94 33 34 20 118 320 118 76 43 2 135 284 462 98 213 5142 3760 6635 105 148 869 1072 149 114 188 26 216 3 5 33 414 68 19 0 6 4 42 122 39 7 822 9322 1512 4201 39 66 225 120 359 1 600 2564 670 27 5 973 898 13 5408 33 57 0 151 0 5 1 205 111 105 109 192 7 17 3 26 18 5 8 183 786 72 33 186 763 1 1 13 5 0 17 0 1 2 5 10 19 0 1 0 0 0 0 0 3 6 8 2 7 2 0 3 0 1 0 8 0 6 5 0 0 0 0 5 11 5 4 2 6 4 0 0 0 1 13 0 1 1 0 0 0 0 2 0 0 0 1 0 1 0 0 0 4 0 6 6 0 0 0 0 3 1 0 5 3 19 9 5 0 0 7 0 1 0 2 3 1 0 0 8 1 6 2 0 0
1 2 0 1 3 3 2 1 0 0 0 4 0 2963 288 82 222 68 36 36 10 29 50 304 21 7 639 457 189 34 31 8 79 2923 1887 4381 1508 713 88 719 53 13 401 4 1 19 1518 23 7 0 1 0 26 60 16 5 185 1512 4496 2895 41 27 155 342 413 1 177 3343 330 5 4 13 65 3 339 24 8 1 9 0 3 0 103 51 33 49 25 1 10 1 14 9 1 4 142 11 0 19 37 68 0 0 0 0 0 0 0 0 0 0 0 0 0 0 1 0 0 0 0 1 1 3 0 0 0 0 0 0 0 0 0 0 0 0 0 0 0 0 0 1 2 1 0 0 0 0 0 0 1 4 0 0 0 0 0 0 0 0 0 0 0 0 0 0 0 0 2 0 0 2 1 0 0 0 2 0 0 0 2 1 0 0 2 0 0 1 0 0 0 0 0 0 0 0 1 0 0 0 0 0
3 1 3 1 9 11 4 0 0 0 2 8 0 413 80 23 30 18 3 3 23 51 29 29 7 0 64 96 104 56 53 54 152 5311 161 524 471 584 21 49 34 6 54 0 0 5 355 11 3 0 0 0 10 19 7 3 125 4201 2895 2531 12 5 33 25 105 0 58 1182 124 0 1 12 32 0 1189 3 1 0 0 0 1 1 43 14 17 4 34 0 9 2 3 2 2 1 41 62 0 15 7 127 0 0 0 1 0 0 0 0 0 0 0 0 0 0 0 0 0 0 0 0 0 2 0 0 0 0 0 0 0 0 0 0 0 1 0 0 0 0 1 0 1 0 0 0 0 0 0 0 0 0 0 0 0 0 0 0 0 0 0 0 0 0 0 0 0 0 0 0 0 1 0 0 0 0 0 1 0 0 2 0 0 0 0 0 0 0 0 0 0 0 0 0 0 0 0 0 0 0 0 0
6 3 4 0 1 5 1 1 0 2 0 5 17 121 201 219 83 3568 400 49 6 55 97 618 19 11 163 137 84 15 10 6 7 12 16 10 67 543 5591 36 533 572 4030 84 78 1192 59 247 510 14 5 4 9 20 16 4 48 39 41 12 13301 253 919 834 443 25 72 35 3633 130 63 12 150 24 31 4843 2 1 6 5 27 1 51 32 29 22 2 86 320 79 2226 143 15 93 1936 12 3 6 17 3 0 2 0 0 0 0 0 0 0 1 0 0 5 104 432 19 5 28 2 261 70 259 10 3 1 2 7 27 2 36 18 1 2 2 4 5 2 0 27 21 223 7 423 5 7 77 107 25 140 1583 5 26 32 4 6 7 0 2 2 2 2 8 0 5 3 5 432 262 44 225 11 27 9 2 45 305 10 10 204 38 4 25 31 6 34 50 3 15 21 7 5 37 44 6 10 2 5 3 1 2
4 3 3 0 2 4 3 1 2 1 2 2 8 44 114 108 39 172 46 26 1 23 11 12 5 2 13 11 62 21 9 4 3 17 4 7 15 15 87 10 85 24 148 41 158 140 19 9249 187 107 6 57 8 19 7 3 48 66 27 5 253 11471 9078 111 256 6 36 24 3548 7459 3006 4 7 13 49 3384 14 4 3 9 1009 21 37 11 20 10 2 1024 3058 464 1584 110 83 942 1647 2 8 6 11 9 2 0 0 0 0 0 0 1 1 0 0 0 0 1 4 3 0 2 1 12 5 7 1 1 1 1 1 0 0 0 3 0 0 0 0 0 0 1 3 1 4 3 2 0 3 70 39 5 15 52 0 293 472 2 12 118 17 0 12 106 1 0 0 1 1 0 17 23 80 15 0 2 0 0 89 47 98 270 448 42 1 2 4 1 210 7 42 98 706 0 0 653 164 0 4 0 0 0 1 0
7 2 5 1 4 6 5 2 3 2 3 5 27 339 591 393 179 573 170 129 23 117 50 47 49 8 90 119 366 87 44 8 17 37 32 37 84 108 325 36 110 31 737 101 229 518 166 5495 108 55 5 22 34 96 39 10 264 225 155 33 919 9078 29790 3406 4273 5 337 183 14144 2499 303 24 44 12 181 3536 15 2 33 6 128 3 241 109 104 92 19 327 2557 434 3654 57 95 342 5926 16 8 50 84 62 0 0 0 0 0 0 0 0 0 0 1 0 0 4 7 1 0 0 0 12 4 10 2 0 0 0 0 0 0 1 1 1 0 0 0 1 0 0 3 0 5 1 3 0 1 43 15 1 13 51 0 64 109 5 5 31 0 3 4 11 0 1 0 0 0 1 17 30 32 12 1 0 0 0 50 47 20 49 220 51 0 0 2 0 115 3 9 38 105 0 0 168 57 0 1 0 0 0 0 0
3 0 5 0 2 4 1 2 0 1 0 7 15 926 705 350 222 1228 438 162 17 107 23 270 64 4 2773 2285 321 25 19 4 9 63 186 136 102 105 365 97 62 24 3579 21 9 477 364 73 22 2 2 7 47 141 35 16 230 120 342 25 834 111 3406 5290 8491 4 455 245 1677 67 8 7 25 2 52 83 11 0 2 1 4 0 247 124 130 130 19 8 43 18 106 19 2 12 807 10 3 16 84 23 0 0 0 0 0 0 0 0 0 0 0 0 0 2 5 1 1 0 0 5 2 13 0 0 0 1 0 1 0 1 1 0 0 0 0 0 0 0 0 1 9 0 7 0 0 3 0 0 1 65 0 2 3 0 0 2 0 0 0 0 0 0 0 0 0 0 5 7 2 15 0 1 0 0 1 11 2 0 5 1 0 2 0 0 2 1 0 1 1 0 0 2 1 0 1 0 0 0 0 0
3 0 2 0 0 3 4 5 0 4 1 1 21 1047 1766 578 134 495 162 61 18 27 35 161 9 3 669 1443 451 56 66 3 5 78 79 64 111 64 4209 30 130 141 1478 22 27 467 208 178 82 5 3 2 51 129 42 9 439 359 413 105 443 256 4273 8491 8049 3 349 473 9768 104 17 7 25 6 150 135 4 0 2 1 9 0 246 78 61 32 19 25 121 18 186 39 4 29 1203 9 2 40 31 59 0 0 0 0 0 0 0 0 0 0 0 0 0 9 21 2 0 1 0 53 5 38 0 1 0 0 1 4 0 3 2 0 0 0 0 1 0 0 2 2 23 1 45 0 1 7 2 1 7 272 0 3 3 1 0 0 0 0 0 2 2 2 0 0 0 0 43 27 6 46 1 1 0 0 1 17 1 9 18 9 1 0 1 1 8 2 0 7 5 0 0 7 4 0 2 0 0 1 0 1
1 0 2 0 0 0 1 2 35 0 15 5 983 0 4 8 4 30 309 1 3 7 4 0 0 0 1 42 1 1 0 1 3 1 0 0 0 27 14 0 10 4 10 335 912 344 3 5 7 885 56 281 3 1 1 1 0 1 1 0 25 6 5 4 3 697 1 0 5 14 7 90 81 487 0 9 1466 571 386 385 117 648 5 0 3 1 0 327 61 64 36 3 5 0 23 1 245 21 0 0 1 0 2 0 0 0 0 0 0 0 0 1 0 21 41 2 1 10 1 23 5 73 4 0 1 0 2 4 0 20 2 0 0 2 0 0 0 0 5 3 35 1 18 0 0 4 12 3 10 71 0 4 2 0 0 0 6 0 8 14 0 0 0 0 0 0 15 17 2 72 1 0 0 0 2 9 8 7 22 4 1 0 17 1 6 3 8 7 20 0 0 7 0 0 1 0 1 0 0 0
146 117 253 68 68 131 46 49 16 42 37 241 0 374 140 60 47 61 36 20 26 331 141 717 1635 79 510 257 5868 264 622 40 103 271 236 38 168 303 61 690 144 76 1244 6 3 40 1246 36 41 1 16 18 232 2622 180 27 6782 600 177 58 72 36 337 455 349 1 17376 2273 345 19 3 68 114 44 1901 38 74 2 29 0 5 0 1832 7248 499 4298 3162 9 37 8 56 34 8 10 457 204 31 46 2343 1841 0 4 4 2 0 2 0 0 3 1 3 7 1 0 1 0 0 0 0 0 5 1 0 13 4 2 5 0 0 0 5 0 4 10 0 2 0 0 15 14 0 3 1 1 15 1 0 0 3 9 2 0 1 0 0 0 0 0 0 0 2 1 0 0 0 0 2 1 0 2 7 0 0 0 0 3 0 0 3 1 4 11 12 1 1 6 0 0 0 2 10 2 0 0 5 0 18 4 0 0
24 7 10 4 6 11 10 7 4 5 6 20 1 921 273 71 102 45 21 17 43 150 48 199 402 8 412 374 872 63 280 25 159 1368 371 418 653 532 126 195 92 23 302 2 2 22 1130 29 17 3 7 14 86 392 84 21 1831 2564 3343 1182 35 24 183 245 473 0 2273 3817 432 20 2 76 123 6 3574 13 23 0 13 0 8 0 688 474 286 613 1074 4 14 2 17 29 7 5 148 37 6 40 1128 1307 0 0 0 0 0 0 0 0 0 0 1 0 0 0 1 1 0 0 0 2 0 1 0 1 0 0 2 0 0 0 0 0 0 1 0 2 0 0 3 1 0 0 0 0 2 0 1 0 1 9 0 0 0 0 0 0 0 0 0 1 0 0 0 0 0 0 2 2 0 1 0 0 0 0 0 1 0 0 5 0 0 2 1 0 1 1 0 2 1 0 1 0 0 0 1 0 0 0 0 0
14 5 7 2 3 14 7 2 1 1 3 10 28 613 1849 977 192 1200 112 87 29 47 46 194 21 5 101 387 542 140 124 24 21 144 34 26 127 120 3226 25 441 346 3209 66 308 494 152 7396 643 41 8 14 60 123 53 18 518 670 330 124 3633 3548 14144 1677 9768 5 345 432 24121 893 426 19 37 7 407 6715 13 0 8 2 151 5 283 78 110 64 34 155 872 187 2102 149 35 154 3782 36 5 67 41 124 0 1 0 0 0 0 0 0 0 0 1 0 2 4 40 4 0 7 3 53 22 39 4 1 1 3 3 2 1 1 22 1 1 2 0 4 0 1 12 9 20 3 31 0 2 142 131 5 53 508 0 54 69 5 6 30 0 3 0 12 0 4 0 2 1 1 213 205 71 58 5 5 4 0 139 448 12 29 763 184 4 5 3 0 178 7 2 71 52 2 0 115 112 0 0 1 2 1 0 0
48 4 36 3 0 8 8 14 7 6 4 3 10 35 63 51 15 76 46 17 1 22 23 19 6 1 13 13 31 22 13 3 1 6 4 2 8 17 51 6 233 25 116 35 133 90 14 1271 223 144 139 340 2 13 34 4 32 27 5 0 130 7459 2499 67 104 14 19 20 893 3081 1079 3 9 17 13 931 34 0 18 26 1176 76 59 12 11 9 4 2019 1835 369 866 562 928 975 1449 10 14 5 8 5 0 0 0 0 0 0 0 0 0 0 0 0 0 1 5 1 0 2 0 6 3 4 1 0 0 1 0 0 0 0 1 0 0 1 0 0 0 0 4 2 3 0 1 1 0 46 19 1 13 23 0 176 279 4 5 98 50 13 55 184 2 0 0 0 0 1 6 18 35 10 2 0 1 0 49 21 92 313 251 20 0 4 2 0 96 4 191 88 1115 0 0 461 105 0 2 0 0 0 0 1
9 2 6 0 2 1 0 5 1 1 0 1 15 5 9 17 5 26 26 5 1 1 13 10 1 1 4 4 7 2 2 2 0 1 0 1 3 12 16 3 117 19 36 28 77 60 0 7320 126 113 9 91 0 1 9 2 5 5 4 1 63 3006 303 8 17 7 3 2 426 1079 10106 6 8 8 6 2416 25 3 9 13 6452 48 14 1 4 3 0 3508 2474 212 770 143 135 289 492 2 4 1 0 2 0 0 0 0 0 0 0 0 0 0 1 0 0 1 5 1 0 3 0 2 4 1 0 0 0 0 0 0 0 0 0 0 0 1 0 0 0 0 1 0 2 2 0 2 0 23 17 1 9 25 0 143 238 2 4 71 20 3 34 126 1 0 0 0 0 0 5 9 43 8 0 0 0 0 42 22 71 229 208 18 0 3 2 0 69 6 152 53 919 0 0 362 78 0 5 0 0 0 0 0
50 14 33 15 109 458 33 14 85 30 1020 3020 155 6 3 3 11 9 51 8 523 1088 318 57 134 21 10 1 72 158 99 1300 3364 298 6 0 18 240 2 102 571 12 85 872 526 43 206 4 14 142 11 29 27 40 26 35 39 973 13 12 12 4 24 7 7 90 68 76 19 3 6 6287 2997 978 1890 3 3329 465 4271 47 15 81 221 55 306 100 36 56 44 42 60 31 5 6 51 1907 2280 113 64 74 7 3 26 23 4 26 1 7 6 16 39 41 6 4 3 4 2 3 7 4 59 24 10 162 50 16 103 1 4 2 35 0 28 71 0 36 3 0 128 123 0 37 2 24 191 4 4 2 32 9 9 2 4 7 1 4 7 19 1 2 34 24 0 12 2 1 1 3 2 6 120 11 2 2 4 3 6 0 9 1 62 159 127 0 2 92 5 1 3 26 119 9 9 6 60 9 125 24 1 9
19 5 13 5 29 119 14 5 8 7 66 598 253 21 15 21 40 180 1059 62 354 1026 828 322 237 216 61 10 75 67 112 440 3829 356 49 7 23 1831 22 573 447 67 338 3286 383 233 632 11 46 58 3 8 11 29 13 17 65 898 65 32 150 7 44 25 25 81 114 123 37 9 8 2997 8608 1091 1699 21 233 141 4309 13 14 37 117 47 204 114 56 34 64 34 52 23 3 6 168 945 61 24 80 118 3 3 4 3 6 2 1 5 2 4 7 6 17 22 22 12 10 6 29 34 336 81 40 201 122 36 200 12 21 19 9 2 12 44 0 38 15 2 466 494 12 145 15 11 143 16 15 4 145 142 5 5 3 9 4 2 0 4 1 2 8 4 2 3 5 5 34 25 8 51 38 3 2 0 8 21 4 3 58 13 42 173 389 1 13 73 1 8 3 22 58 15 11 6 38 1 133 40 1 25
19 3 24 6 3 15 9 9 88 8 48 93 715 3 10 10 39 68 2136 58 104 309 148 35 50 28 13 26 18 15 4 12 103 12 1 0 8 374 16 88 142 14 62 1521 648 102 51 2 7 464 54 214 30 27 21 21 4 13 3 0 24 13 12 2 6 487 44 6 7 17 8 978 1091 4090 30 10 3423 297 2268 270 102 664 194 50 138 57 12 489 165 179 80 44 9 15 51 19 1250 44 32 5 8 5 16 12 4 26 3 10 4 21 37 26 31 63 62 53 5 23 17 22 230 285 63 132 63 29 89 5 20 58 14 3 19 93 0 41 10 1 192 112 33 64 42 5 108 25 8 8 138 85 8 5 5 5 2 4 15 9 6 24 27 14 2 8 4 1 15 24 7 49 71 14 1 1 2 8 6 13 31 4 84 289 996 0 9 188 7 3 36 29 62 14 12 6 76 6 97 19 3 17
