53119 11478 16903 3196 2968 3904 10106 8856 193 1519 205 1484 4 26 39 8 6 26 5 8 198 139 10 5 57 0 21 56 12631 8901 573 203 226 19 6 1 13 16 43 18 1959 16 41 6 4 18 43 60 74 8 239 159 3192 3066 950 872 140 14 7 3 49 100 128 32 116 1 1052 37 286 52 83 329 130 28 54 55 175 1 93 16 328 16 4370 2175 1855 641 37 141 117 30 77 662 223 87 143 702 410 5343 110 42 102 12 306 59 33 378 27 46 195 308 220 258 0 1 1 0 3 6 0 4 2 3 0 4 6 1 2 1 0 1 97 0 137 360 0 7 0 0 14 10 1 1 5 13 34 3 5 1 10 8 1 2 5 4 2 0 15 20 2 37 16 9 11 38 24 1 6 8 0 1 33 11 0 2 7 5 21 4 11 8 505 74 18 3 9 202 3 0 8 0 20 8 8 39 193 42 15 0 1 2
11478 17589 6069 12094 2481 1925 53 407 37 162 65 302 2 0 1 3 1 5 3 1 91 40 1 4 20 0 5 3 1074 2361 72 31 25 2 1 0 0 1 3 1 558 4 10 0 0 3 12 2 16 4 32 24 180 363 52 182 101 2 1 0 7 7 14 4 9 0 419 9 17 6 9 62 19 10 8 6 34 0 20 3 53 3 724 557 742 356 9 18 20 7 6 101 24 18 24 75 215 143 55 17 60 13 255 59 15 295 32 26 163 223 150 187 0 0 0 0 1 0 0 1 0 0 2 3 6 0 0 0 0 0 38 1 78 185 0 1 0 0 3 2 0 0 0 3 14 0 1 0 1 4 0 0 0 3 0 0 3 5 1 4 6 5 2 11 2 0 0 1 1 0 4 8 0 0 0 0 1 1 1 0 284 26 5 2 1 90 1 0 2 3 6 0 2 9 134 24 8 3 0 3
16903 6069 27967 11021 250 7120 763 3901 356 8402 533 23227 2 0 5 3 1 5 0 0 157 68 9 4 31 0 6 8 1337 247 45 39 59 7 1 0 1 8 1 9 1245 7 22 3 7 7 16 20 33 5 123 109 718 957 246 470 76 5 1 2 16 20 21 10 12 2 650 18 16 18 42 133 57 30 41 12 90 1 35 6 213 8 2185 1190 1293 464 21 78 81 21 47 388 155 57 92 42 963 975 62 32 268 13 1011 175 46 1014 71 105 560 809 519 574 0 0 0 0 1 0 1 0 0 1 2 18 7 0 2 0 0 1 96 2 237 514 0 3 0 0 12 2 0 0 0 9 26 0 2 0 2 5 0 0 2 2 0 2 10 10 4 9 12 8 11 31 21 0 1 1 2 1 23 17 1 0 0 1 6 3 7 3 847 39 14 0 1 221 1 0 6 2 22 3 5 36 422 94 12 1 1 3
3196 12094 11021 24902 7824 16887 72 305 42 254 151 2832 3 1 2 0 0 6 2 0 196 128 5 3 62 0 8 7 1339 1827 284 94 41 1 1 0 1 4 1 6 583 5 5 7 0 2 11 10 9 0 31 11 162 238 54 169 190 1 0 0 6 4 19 10 17 1 450 10 46 6 8 107 20 22 9 3 78 0 17 1 43 1 726 654 1001 544 14 13 15 3 15 58 24 12 21 147 364 166 109 23 129 16 426 76 24 501 40 44 279 436 310 383 0 0 0 0 2 1 0 1 0 1 0 6 6 0 0 1 0 0 68 1 173 312 0 1 0 0 9 0 0 0 0 6 28 1 1 0 1 1 0 0 1 5 0 0 4 2 0 5 17 7 6 22 17 1 0 0 0 0 14 7 1 1 1 1 3 0 1 4 578 32 8 1 0 161 1 1 0 0 7 0 2 34 221 46 13 1 1 0
2968 2481 250 7824 12484 8522 259 727 8 50 36 482 10 146 125 50 37 76 21 9 184 218 22 8 168 3 30 141 4818 12515 6003 432 636 98 17 17 43 32 191 9 302 2 29 2 10 27 42 145 11 1 23 18 281 509 60 122 1702 41 21 10 76 215 207 67 344 1 847 55 1065 81 70 199 90 15 107 129 61 0 30 2 42 0 612 650 647 655 44 24 16 3 62 54 40 13 106 2200 46 373 222 101 19 8 23 6 8 42 0 7 35 37 31 38 4 0 6 1 0 3 2 9 1 3 2 3 9 0 0 3 0 4 36 1 26 93 2 9 1 1 23 12 7 1 7 1 10 8 7 0 11 47 0 7 5 2 0 2 4 5 0 12 10 3 2 11 4 0 5 39 12 0 14 8 1 1 24 34 6 7 27 23 122 55 8 3 18 74 1 1 11 1 7 12 17 16 38 3 8 2 2 3
3904 1925 7120 16887 8522 19260 440 1734 67 1747 993 22753 32 18 27 20 13 168 44 6 543 501 61 12 207 7 14 29 1953 5693 2092 5169 2096 114 8 3 25 38 64 18 859 6 46 25 5 86 38 94 19 4 32 24 273 455 95 274 268 69 9 5 64 124 142 39 104 3 814 27 452 48 44 775 211 52 123 67 179 3 88 1 49 3 1089 1065 1619 1100 31 32 29 7 119 99 40 10 95 1561 411 441 286 33 188 36 517 112 76 702 62 77 372 496 436 482 1 0 3 0 14 1 4 8 5 3 2 19 22 1 3 5 0 2 209 4 266 699 0 12 0 3 41 19 5 6 5 24 59 9 3 0 25 33 3 5 12 7 2 0 3 10 1 14 31 28 12 69 42 2 8 18 8 2 46 36 2 5 18 30 12 10 36 20 1106 113 31 3 20 445 1 0 14 3 37 18 21 87 365 64 36 3 1 5
10106 53 763 72 259 440 7982 9366 281 2828 519 953 17 0 0 3 0 9 2 1 18 22 4 0 8 1 3 0 7291 260 46 27 32 2 1 0 1 2 1 1 63 4 2 3 21 3 5 2 9 15 26 22 808 368 310 84 8 3 1 0 6 5 8 1 4 7 33 1 18 5 6 105 35 32 4 2 184 0 41 1 39 3 493 107 42 26 1 9 18 12 9 89 21 6 13 88 565 5088 7 1 10 1 21 5 4 29 3 7 11 11 23 30 0 0 0 0 4 0 2 0 3 0 0 7 2 2 0 0 0 0 14 1 13 49 0 2 0 0 18 3 0 1 0 1 11 0 1 0 7 2 2 0 0 1 0 0 3 3 1 7 4 2 1 8 3 0 0 0 0 0 11 8 1 1 4 0 6 1 5 1 70 19 9 1 0 47 1 0 2 0 3 1 3 10 32 7 1 2 1 2
8856 407 3901 305 727 1734 9366 23597 226 10948 2569 5930 2 1 3 3 1 10 6 0 28 24 5 3 8 3 2 0 518 531 67 104 67 6 0 0 1 8 1 3 310 7 9 5 1 11 7 11 20 0 88 63 893 615 357 260 4 1 2 0 8 15 15 4 6 1 168 6 16 5 21 68 31 13 17 16 17 1 27 6 130 3 1312 414 257 66 3 46 54 12 40 202 84 25 38 183 80 1230 17 5 40 3 129 17 8 102 11 6 52 107 64 71 0 0 0 0 0 0 1 1 1 0 0 2 1 0 1 0 0 0 24 0 45 87 0 2 0 0 12 2 0 0 0 1 11 0 1 0 2 0 0 3 0 1 0 0 2 4 2 10 7 5 0 11 10 0 0 1 0 0 9 2 0 0 0 1 5 2 2 2 144 23 3 0 0 43 0 0 0 1 6 4 0 11 51 15 4 0 1 0
193 37 356 42 8 67 281 226 525 866 234 305 68 0 1 1 1 14 8 0 36 68 16 1 11 0 0 1 51 20 5 14 45 1 1 0 0 6 0 1 21 2 5 31 96 23 3 1 2 55 5 24 32 24 11 10 2 0 0 1 1 0 4 3 1 37 33 2 7 0 5 298 15 190 5 2 559 3 71 3 15 28 39 21 31 25 3 21 20 34 71 7 5 2 7 19 1289 912 17 2 10 3 9 0 4 14 1 13 14 16 20 14 1 0 2 2 16 0 2 0 14 3 15 7 5 1 2 0 0 1 24 1 5 39 2 11 4 2 40 34 0 11 0 4 24 0 1 0 26 6 5 1 1 3 0 0 1 2 0 5 4 6 3 4 2 1 2 6 4 4 8 9 2 1 4 5 2 3 11 11 81 61 39 3 2 84 0 0 2 1 1 3 5 4 46 3 9 2 1 2
1519 162 8402 254 50 1747 2828 10948 866 19499 12084 20518 5 1 0 1 0 14 7 0 43 41 15 3 16 2 0 2 358 66 12 106 50 3 0 0 2 3 6 3 249 1 4 11 11 9 9 5 14 7 32 47 367 285 155 124 8 1 0 0 8 7 6 2 4 5 145 7 19 3 19 338 32 53 9 8 555 2 29 5 60 5 672 279 245 101 3 29 23 6 24 95 34 24 26 48 2073 2085 20 4 177 28 659 128 30 690 53 72 376 580 396 412 0 1 0 0 6 0 1 1 6 0 0 8 12 3 0 0 0 0 116 1 179 439 0 6 0 0 12 10 0 1 2 9 41 0 0 1 8 3 3 2 0 5 0 0 1 5 2 8 17 11 8 34 20 0 1 1 0 2 34 15 0 3 2 4 8 2 2 3 816 59 24 3 0 282 0 1 4 1 7 1 7 48 394 79 13 5 2 3
205 65 533 151 36 993 519 2569 234 12084 5353 10888 6 0 0 0 1 7 5 0 40 37 6 2 16 1 0 1 176 48 9 83 78 0 2 0 0 5 0 2 104 0 3 23 14 9 10 3 0 7 10 16 110 69 39 40 0 2 1 0 5 4 4 0 2 11 58 5 6 0 4 459 37 73 8 2 427 11 140 2 16 7 191 119 113 39 3 11 8 5 18 35 9 6 7 47 2406 511 12 3 113 25 341 72 44 467 33 58 255 350 354 359 0 0 0 1 3 2 6 2 7 0 2 26 24 1 1 0 0 1 170 1 229 562 1 14 0 1 20 12 2 3 0 14 61 0 4 2 16 8 3 1 1 3 2 0 1 3 2 11 27 17 8 51 31 1 2 0 0 2 30 32 2 5 0 5 3 3 5 4 1070 79 56 6 2 394 0 0 4 3 29 7 3 55 362 67 33 7 1 3
1484 302 23227 2832 482 22753 953 5930 305 20518 10888 48698 66 6 7 14 8 213 60 3 413 485 99 12 115 6 17 9 792 512 63 2280 2830 68 3 3 11 35 32 27 651 8 34 82 23 85 68 46 11 15 30 31 353 418 126 244 46 61 7 6 70 68 54 20 23 8 409 24 152 35 24 2196 473 133 191 38 377 5 327 5 67 9 889 664 969 580 14 38 26 5 136 98 33 19 59 950 1524 849 160 22 380 71 1084 256 144 1539 113 155 759 1123 979 982 0 0 1 5 20 5 4 7 18 3 4 45 54 3 7 2 0 0 466 12 628 1543 3 42 4 6 104 52 6 12 4 29 132 2 7 0 45 26 12 5 2 17 2 2 4 19 3 25 81 51 28 151 82 5 4 15 5 1 101 74 2 11 5 17 8 5 29 25 2355 257 93 9 9 958 0 1 11 3 71 11 14 182 815 201 69 17 3 9
4 2 2 3 10 32 17 2 68 5 6 66 3561 1 3 14 93 716 3546 95 4 14 9 46 2 1 85 239 18 7 2 32 86 1 8 2 59 1243 356 11 77 33 140 10442 2654 3865 13 17 7 196 4 16 3 3 3 6 1 11 3 2 82 9 35 321 638 918 12 5 140 7 5 193 313 1145 32 34 632 667 240 14 5 50 7 3 7 6 1 23 50 65 1998 4 0 5 66 48 555 52 3 3 1 3 1 0 7 1 0 4 1 0 1 3 12 61 541 11 4 209 3 822 26 859 10 0 0 4 3 171 3 243 10 5 8 20 2 16 5 3 11 13 314 3 344 21 3 109 475 33 41 2744 6 12 3 3 1 6 1 3 0 13 0 1 0 4 24 2 295 534 85 302 4 7 13 4 36 508 7 4 199 55 6 4 108 5 61 20 3 10 14 0 2 41 16 25 10 0 1 0 0 2
26 0 0 1 146 18 0 1 0 1 0 6 1 9291 11260 723 925 159 97 107 6 19 186 105 30 75 502 939 253 134 85 67 45 58 7056 6473 688 54 98 783 1112 21 104 14 2 4 682 4 37 1 5 0 13 26 3 5 53 259 1443 1360 13 9 18 60 97 2 53 879 75 4 2 8 17 149 1313 4 2 0 5 0 2 0 9 14 9 24 79 1 4 1 7 47 0 13 56 533 1 11 13 217 1 0 0 0 1 2 0 0 1 0 2 1 207 95 15 132 75 169 116 87 144 458 328 22 20 20 34 35 21 227 2 1 0 9 0 10 221 17 29 89 7 290 6 7 31 14 1 0 70 58 66 3 2 1 2 0 0 6 0 1 4 2 0 1 1 70 1 22 3 0 6 2 3 51 1 21 3 0 3 3 5 15 73 4 0 19 0 0 0 2 1 3 11 2 1 0 3 1 0 9
39 1 5 2 125 27 0 3 1 0 0 7 3 11260 24204 12139 924 2511 199 727 9 59 672 297 90 305 787 2327 279 128 84 63 46 26 4844 1420 1136 75 605 1348 3143 114 374 23 1 15 611 20 300 0 20 1 14 24 14 24 48 141 633 233 41 41 58 99 229 4 57 656 148 16 6 12 22 233 853 28 7 0 8 1 5 0 16 25 16 28 74 19 53 10 50 380 7 70 324 377 5 10 14 188 0 4 0 0 1 1 0 1 0 0 1 0 446 188 50 321 115 369 186 221 257 1087 612 31 41 54 59 81 50 536 5 2 2 9 8 25 428 75 44 143 28 449 15 19 33 35 2 2 103 125 70 7 3 2 4 1 0 13 0 4 3 2 0 0 5 132 11 52 15 2 6 3 3 107 5 43 1 4 9 5 7 12 161 4 5 38 0 0 4 3 0 7 25 0 0 1 9 6 1 7
8 3 3 0 50 20 3 3 1 1 0 14 14 723 12139 15409 472 3601 5007 211 3 23 269 354 22 95 1098 4015 60 28 22 67 72 34 419 297 1205 281 1419 327 1550 87 298 4 4 34 97 33 183 0 13 0 5 8 10 19 17 120 226 487 143 58 52 94 144 12 12 227 459 29 11 16 15 42 560 83 4 0 0 0 7 0 12 13 8 9 22 21 66 14 68 368 6 73 321 208 4 5 5 60 0 0 0 0 6 0 0 0 0 0 1 1 147 190 189 101 20 296 33 624 51 905 88 3 5 19 9 155 18 535 4 1 0 5 1 12 98 21 12 19 276 50 145 10 12 35 31 25 21 493 10 4 1 1 1 2 1 4 0 5 1 0 0 2 10 15 43 146 16 15 3 2 4 18 15 230 1 0 24 14 0 4 36 2 30 9 0 0 5 1 1 14 23 4 0 1 1 1 1 5
6 1 1 0 37 13 0 1 1 0 1 8 93 925 924 472 2209 970 2839 1007 9 92 420 156 154 257 106 40 24 21 8 85 61 61 279 633 1490 2024 140 656 880 36 163 121 4 53 651 6 39 1 3 1 3 3 2 4 3 131 567 678 37 10 35 75 28 0 16 241 40 7 3 13 19 295 551 5 2 21 8 0 1 1 7 12 12 21 13 5 6 4 74 35 2 11 93 241 6 1 9 38 2 1 0 0 1 0 1 4 3 2 1 1 129 47 11 146 274 47 165 20 295 110 250 73 69 30 56 45 24 84 5 2 3 39 19 87 146 68 145 260 14 420 6 6 41 17 1 1 294 47 144 5 1 2 0 1 0 4 0 2 2 3 0 1 9 220 7 32 9 3 16 12 3 187 4 20 4 1 16 6 31 50 106 8 2 217 0 1 2 5 6 5 8 2 5 3 33 15 2 23
26 5 5 6 76 168 9 10 14 14 7 213 716 159 2511 3601 970 12955 4611 406 34 94 168 1375 75 105 3120 1058 55 32 21 332 482 47 499 126 2577 2643 5094 296 2065 322 1492 946 36 497 209 159 151 7 13 1 10 14 24 32 19 188 114 202 1674 164 218 1094 609 108 47 112 1222 95 66 279 224 425 478 403 108 109 35 0 21 1 49 31 33 48 14 58 93 19 251 313 25 90 631 377 108 24 24 36 7 18 2 1 25 9 0 8 1 6 5 3 184 461 1231 140 43 1017 23 2358 80 3340 109 7 7 17 13 770 24 1807 28 11 13 23 5 35 110 13 36 39 1328 80 1103 40 14 201 293 207 73 2990 24 20 14 2 1 7 0 12 0 12 4 4 0 4 65 43 299 1040 117 127 9 5 28 33 53 1273 11 25 164 68 16 29 177 21 139 27 4 7 20 2 4 33 48 33 6 2 4 2 0 6
5 3 0 2 21 44 2 6 8 7 5 60 3546 97 199 5007 2839 4611 30686 9663 11 94 195 323 91 247 864 272 16 6 7 63 176 9 513 7 1060 3597 134 835 630 62 355 5532 177 579 290 23 122 13 10 4 3 6 9 9 2 29 53 9 66 56 62 166 92 94 18 29 51 56 11 92 144 4654 72 44 71 1507 27 2 7 7 14 7 13 16 6 23 63 25 558 234 9 69 380 95 101 13 15 7 2 7 0 1 9 2 0 4 5 1 3 4 1138 962 1134 837 255 1491 375 2215 704 6122 1154 67 57 122 102 519 139 2722 13 6 5 22 20 75 735 150 153 264 579 783 388 49 86 157 61 124 338 1482 165 15 6 7 4 2 0 23 1 8 6 1 1 2 28 278 95 424 50 72 15 9 13 204 32 540 9 5 94 49 36 36 892 22 73 139 1 5 13 1 3 26 66 19 13 2 20 12 4 23
8 1 0 0 9 6 1 0 0 0 0 3 95 107 727 211 1007 406 9663 3149 3 44 362 224 85 440 172 29 4 4 1 12 26 6 244 16 207 117 12 1004 956 57 291 103 17 19 310 9 166 2 10 2 0 1 4 4 1 20 79 17 11 24 47 70 22 5 10 34 20 10 3 12 13 298 96 5 0 43 1 1 3 1 2 0 5 8 6 6 30 3 38 168 2 43 228 46 0 2 7 6 0 0 0 0 7 0 1 4 0 0 2 1 430 182 29 442 168 107 220 46 412 521 436 50 41 65 66 91 69 459 2 1 0 17 20 25 435 82 71 178 32 530 14 14 35 55 1 3 235 73 150 6 4 1 5 0 1 13 0 1 4 1 0 0 4 235 9 72 16 3 5 8 7 181 2 40 0 0 8 3 26 20 144 8 3 103 0 0 2 2 2 7 24 6 7 2 18 9 3 22
198 91 157 196 184 543 18 28 36 43 40 413 4 6 9 3 9 34 11 3 9132 7954 718 29 413 173 23 5 109 134 65 154 541 100 5 3 32 248 13 29 1030 10 80 71 4 7 75 4 16 3 1 0 8 20 4 1017 24 39 33 20 8 21 23 13 13 1 26 200 18 11 1 302 459 110 194 3 92 5 130 1 1 0 246 30 3699 486 44 2 4 2 11 15 4 10 88 384 110 40 566 60 7 2 3 1 2 9 0 5 4 6 13 3 3 0 0 2 31 0 9 1 9 1 6 12 22 3 7 0 0 2 14 2 4 52 2 46 2 1 116 55 0 14 1 5 20 1 4 3 55 6 12 1 3 2 1 1 1 4 0 0 3 4 1 8 7 9 1 0 0 1 10 13 2 23 1 3 4 0 2 3 45 118 20 5 0 110 2 0 2 2 8 4 3 4 25 4 21 3 5 5
139 40 68 128 218 501 22 24 68 41 37 485 14 19 59 23 92 94 94 44 7954 17330 2724 688 7709 1980 415 26 186 135 103 253 1433 383 65 12 182 1037 39 1648 1035 195 1463 216 3 19 566 22 251 3 13 4 21 62 7 289 49 52 87 41 44 199 308 262 30 7 157 249 63 110 1 572 1407 407 308 46 220 13 253 1 8 6 293 361 2817 1799 246 16 57 6 123 227 21 146 1246 504 273 102 2321 170 10 6 4 3 6 9 3 7 8 7 23 11 10 3 1 14 134 13 36 14 66 10 46 45 72 6 18 5 3 8 27 4 14 116 8 135 19 27 310 243 2 90 5 14 62 7 2 1 194 20 62 12 7 4 3 1 0 6 0 3 14 8 2 11 11 39 4 15 4 6 45 27 5 92 10 16 4 9 25 15 100 231 110 7 8 281 0 3 17 4 17 15 22 8 30 6 39 18 6 19
10 1 9 5 22 61 4 5 16 15 6 99 9 186 672 269 420 168 195 362 718 2724 6579 3562 2076 3618 930 54 29 16 5 69 447 382 76 13 689 1740 96 3779 8667 1059 1147 160 5 12 400 5 268 1 2 0 2 22 9 14 14 23 72 43 22 43 73 89 15 6 50 96 38 23 2 185 711 255 107 10 89 9 66 0 3 1 40 53 94 107 17 4 12 5 43 159 4 74 468 76 89 26 86 10 4 3 3 2 2 5 1 9 3 5 7 4 22 11 4 32 79 13 66 14 88 28 80 44 47 8 19 6 1 18 13 0 4 36 8 56 38 31 121 130 6 133 4 9 24 6 4 0 123 17 55 4 3 0 0 2 1 2 0 3 4 2 0 2 11 55 6 14 7 0 30 16 3 66 8 7 1 4 10 6 41 93 49 11 3 156 0 1 1 5 8 8 10 6 16 2 18 8 3 25
5 4 4 3 8 12 0 3 1 3 2 12 46 105 297 354 156 1375 323 224 29 688 3562 4526 760 3756 4423 354 165 18 39 11 31 8 689 38 108 131 275 3280 2129 3850 2477 59 16 448 2295 2 183 1 2 1 22 90 10 30 110 5 244 22 682 14 25 377 142 63 296 248 68 6 4 19 66 99 69 16 11 2 7 0 4 0 89 191 100 271 65 1 8 5 216 75 0 54 228 23 6 3 227 105 1 1 0 0 0 1 0 1 0 0 1 0 34 16 45 21 42 41 23 135 25 103 47 11 6 4 6 38 2 47 0 1 0 3 0 17 23 10 45 42 66 46 69 1 9 20 26 6 37 386 12 1 2 3 1 0 1 0 0 3 0 0 0 1 1 17 46 98 10 26 0 0 6 24 3 83 1 1 22 10 2 15 18 1 7 14 0 1 2 1 0 0 5 5 1 0 4 1 0 2
57 20 31 62 168 207 8 8 11 16 16 115 2 30 90 22 154 75 91 85 413 7709 2076 760 8807 1538 450 69 440 100 421 76 452 105 60 1 181 580 29 5610 411 105 1218 149 1 14 4765 20 55 1 12 3 76 317 17 149 366 11 41 12 38 193 388 423 80 5 1121 230 102 80 4 181 646 386 189 18 65 6 106 1 14 1 596 971 1727 3460 4408 5 21 5 60 75 16 89 954 223 68 23 5500 2044 1 2 0 1 0 2 0 3 1 3 5 7 24 7 2 20 92 15 33 3 56 12 55 38 31 7 15 5 1 15 9 0 1 51 4 83 35 24 263 154 3 81 3 9 30 3 1 0 139 21 29 1 3 4 0 0 1 3 0 8 4 3 1 3 5 46 3 11 5 2 25 18 4 46 4 13 2 10 8 4 39 109 82 4 5 92 2 1 7 7 15 8 13 3 11 0 17 5 2 12
0 0 0 0 3 7 1 3 0 2 1 6 1 75 305 95 257 105 247 440 173 1980 3618 3756 1538 1764 1684 14 10 3 4 3 36 7 57 6 152 156 23 8699 1140 214 879 59 0 6 276 2 67 1 0 0 5 25 5 8 9 0 12 4 13 17 18 85 9 2 58 11 12 4 1 13 61 193 6 6 6 1 4 0 2 0 42 65 85 103 8 3 0 1 14 29 1 26 191 6 3 4 73 8 0 1 0 0 2 0 0 0 1 0 1 0 47 7 1 26 37 36 30 17 39 57 83 12 11 7 10 5 2 37 1 0 1 6 1 8 45 22 30 43 5 64 2 2 8 2 0 0 37 16 19 1 3 0 0 0 0 1 0 2 0 0 0 0 0 33 2 8 3 0 2 0 0 27 1 6 1 2 2 2 4 12 22 4 1 10 0 0 5 3 0 1 2 0 2 0 4 1 0 3
21 5 6 8 30 14 3 2 0 0 0 17 85 502 787 1098 106 3120 864 172 23 415 930 4423 450 1684 12031 7691 646 93 120 8 22 12 4640 119 85 94 210 3609 680 119 1304 43 7 262 2085 11 36 1 1 3 50 156 16 28 227 15 537 51 153 13 96 1944 841 43 522 519 79 8 2 10 60 131 204 3 12 0 7 0 2 0 115 216 84 289 129 4 6 2 42 29 6 10 179 59 4 8 247 277 0 2 0 0 3 0 0 0 0 0 1 1 117 133 176 61 25 325 22 823 62 955 125 5 3 11 7 137 10 373 0 3 1 9 0 16 72 7 46 37 265 73 154 11 10 30 33 17 50 816 14 1 1 2 0 0 1 9 0 2 3 0 0 1 8 23 65 167 17 31 6 2 4 24 5 266 1 2 32 9 5 15 75 3 20 24 0 1 3 0 2 1 7 5 2 2 4 1 0 4
56 3 8 7 141 29 0 0 1 2 1 9 239 939 2327 4015 40 1058 272 29 5 26 54 354 69 14 7691 8324 865 286 259 23 19 17 1321 330 75 53 4245 132 263 27 301 23 31 564 590 16 3 2 2 0 50 96 16 9 300 58 703 191 234 16 99 1336 1356 84 343 1071 330 1 7 6 22 105 789 12 7 2 11 0 2 1 59 82 37 94 175 2 14 4 55 13 4 8 49 358 7 31 100 505 5 3 0 0 12 3 0 0 0 0 1 1 160 235 410 73 25 553 19 1645 46 1497 118 7 5 18 10 359 19 714 17 5 5 20 3 32 108 19 30 32 722 87 679 24 13 119 143 35 29 2657 10 5 3 2 0 0 0 7 0 2 1 0 0 0 19 24 252 666 98 51 3 4 12 19 12 912 4 3 91 18 3 12 64 8 49 8 1 3 5 0 2 5 13 16 2 0 0 1 0 6
12631 1074 1337 1339 4818 1953 7291 518 51 358 176 792 18 253 279 60 24 55 16 4 109 186 29 165 440 10 646 865 36104 11827 5630 204 584 57 140 35 46 50 306 203 201 18 437 24 17 54 1196 266 24 4 43 27 6116 11418 1336 252 3378 18 77 11 171 605 1753 716 1555 9 4215 701 2078 267 55 853 383 72 508 100 356 2 314 4 44 2 1649 942 301 455 1284 23 70 18 185 160 64 104 828 1917 226 10644 565 1376 60 34 70 20 45 129 12 22 73 79 129 115 0 2 4 2 12 7 1 29 4 17 5 19 23 1 3 6 1 6 177 7 106 363 1 29 2 3 94 24 5 8 10 21 61 10 9 2 27 74 9 16 10 6 3 4 3 10 4 30 38 20 4 50 35 8 33 55 27 8 57 34 1 6 28 59 6 10 68 33 465 223 39 5 28 340 3 2 20 3 34 30 35 51 150 29 32 4 6 12
8901 2361 247 1827 12515 5693 260 531 20 66 48 512 7 134 128 28 21 32 6 4 134 135 16 18 100 3 93 286 11827 23150 6969 277 341 45 28 25 25 14 154 14 279 3 39 8 5 25 147 114 11 0 43 22 686 873 190 133 6029 8 35 6 78 148 284 108 459 2 867 145 961 62 29 277 72 27 160 79 87 1 45 3 47 1 659 478 457 510 172 16 18 3 53 97 36 12 125 2564 72 955 242 302 27 5 31 11 14 66 7 9 41 55 55 60 0 1 3 0 6 3 1 3 4 5 1 4 7 0 2 1 0 1 67 2 58 157 0 8 0 0 35 21 3 0 1 5 21 7 3 0 7 28 2 5 4 5 1 0 1 2 1 7 8 6 2 16 17 1 6 11 4 0 14 11 0 3 13 21 6 3 27 16 188 40 10 3 15 86 2 1 8 1 12 17 14 19 36 13 13 4 0 1
573 72 45 284 6003 2092 46 67 5 12 9 63 2 85 84 22 8 21 7 1 65 103 5 39 421 4 120 259 5630 6969 6862 70 91 19 29 21 29 30 74 46 120 2 85 12 6 10 635 52 7 2 6 4 267 562 70 86 7853 10 47 3 53 74 230 176 394 0 2726 570 469 33 11 29 49 21 1369 26 12 1 20 1 11 0 521 857 388 1412 2456 11 7 1 30 42 14 8 129 1840 8 178 1449 5159 1 2 1 3 2 4 1 2 2 6 2 4 0 1 2 0 7 1 1 9 4 3 1 5 0 0 0 2 0 1 7 0 5 20 1 8 1 0 20 19 0 3 0 1 7 3 2 0 4 26 0 4 3 0 1 0 0 0 0 4 2 2 1 4 2 1 2 5 2 0 1 1 0 3 4 13 6 5 12 10 25 21 7 0 5 17 1 1 2 0 3 9 4 2 6 0 1 1 0 2
203 31 39 94 432 5169 27 104 14 106 83 2280 32 67 63 67 85 332 63 12 154 253 69 11 76 3 8 23 204 277 70 4518 6775 2322 2 10 123 219 206 15 176 7 49 11 3 78 34 97 5 1 12 0 43 84 18 51 21 3810 25 203 130 104 73 26 56 3 141 56 464 66 39 626 327 23 3031 121 47 1 51 1 17 2 174 164 265 197 19 27 16 3 127 13 19 17 56 6107 67 59 65 28 38 9 57 9 18 105 12 16 47 68 90 72 0 0 3 1 11 4 1 22 3 5 1 17 13 4 2 6 0 6 58 2 73 179 0 14 1 1 29 22 12 4 20 6 34 10 7 0 17 68 5 13 5 6 1 2 2 3 0 12 14 10 2 24 10 2 10 36 11 5 22 14 2 2 20 38 13 11 36 30 283 56 19 7 32 153 1 1 13 0 13 18 14 34 85 12 10 0 2 3
226 25 59 41 636 2096 32 67 45 50 78 2830 86 45 46 72 61 482 176 26 541 1433 447 31 452 36 22 19 584 341 91 6775 10181 3749 10 10 134 5978 175 42 515 16 67 98 11 135 191 93 14 10 28 13 179 266 75 156 54 2636 42 243 146 86 84 35 55 5 370 217 423 62 37 5291 3308 101 5004 113 121 5 1099 6 62 3 536 456 766 519 77 31 30 5 158 78 61 27 88 4634 122 118 281 86 58 19 54 17 37 100 12 37 43 68 107 78 2 3 6 2 28 6 6 16 11 10 9 41 60 0 5 3 0 7 193 7 83 400 3 96 3 7 245 80 9 16 10 33 110 13 8 1 53 54 19 10 7 15 8 2 3 14 3 26 58 43 12 63 32 5 11 32 13 2 104 70 5 9 29 35 20 14 49 30 449 446 48 23 11 489 2 2 17 10 62 22 20 45 136 26 44 14 11 23
19 2 7 1 98 114 2 6 1 3 0 68 1 58 26 34 61 47 9 6 100 383 382 8 105 7 12 17 57 45 19 2322 3749 8839 4 27 864 2178 64 10 134 3 16 17 1 5 95 14 3 1 5 8 39 41 41 37 13 5952 476 2418 16 7 8 10 26 0 61 1272 100 6 6 156 128 61 6763 17 39 4 60 1 11 0 108 102 125 95 70 3 3 3 16 28 12 4 11 1076 10 5 44 106 10 5 2 1 5 13 0 3 8 1 13 17 2 0 2 1 36 10 3 10 15 3 0 35 37 1 5 4 0 1 68 4 10 128 10 158 1 2 345 122 4 8 1 18 69 5 1 1 77 22 7 2 1 6 2 1 3 11 0 18 31 15 0 23 10 3 2 14 3 0 67 37 2 9 2 11 11 1 10 3 54 256 37 10 1 138 1 0 8 5 41 7 8 6 16 3 32 16 9 14
6 1 1 1 17 8 1 0 1 0 2 3 8 7056 4844 419 279 499 513 244 5 65 76 689 60 57 4640 1321 140 28 29 2 10 4 4131 1906 253 70 56 2629 135 12 492 16 2 9 1836 3 16 0 2 1 14 24 1 3 54 21 944 83 23 6 46 335 137 4 122 190 55 2 1 4 14 167 100 3 3 0 1 0 1 0 25 44 16 61 23 0 0 1 14 13 0 6 92 44 1 2 39 55 0 1 0 0 1 0 0 2 0 0 1 1 386 219 68 235 76 363 95 307 146 997 346 22 16 25 37 78 41 579 3 0 1 6 3 11 268 47 34 72 29 245 28 6 30 33 0 3 56 119 48 6 1 5 1 0 0 6 0 1 3 0 0 0 3 85 15 45 9 0 1 2 6 56 4 31 3 1 6 2 5 5 87 2 2 23 0 0 0 3 2 4 16 3 1 1 5 3 0 10
1 0 0 0 17 3 0 0 0 0 0 3 2 6473 1420 297 633 126 7 16 3 12 13 38 1 6 119 330 35 25 21 10 10 27 1906 3195 1844 61 357 151 69 3 38 8 1 3 303 2 0 0 0 0 4 0 1 0 2 74 3457 1315 40 1 16 39 233 0 6 472 220 0 2 2 1 22 238 8 0 0 2 0 0 1 3 4 3 4 22 0 0 0 6 2 0 0 17 79 0 0 2 40 0 0 0 0 1 0 0 0 1 1 1 0 18 8 3 13 22 14 9 10 22 24 31 4 7 3 6 7 0 12 0 0 1 5 1 7 21 3 10 12 6 45 1 1 1 4 2 0 19 15 14 0 1 0 0 0 0 1 0 0 0 0 0 0 0 23 1 5 3 1 2 2 0 14 1 11 0 1 1 0 1 8 4 1 0 10 0 0 1 0 0 0 1 0 0 0 4 1 0 4
13 0 1 1 43 25 1 1 0 2 0 11 59 688 1136 1205 1490 2577 1060 207 32 182 689 108 181 152 85 75 46 25 29 123 134 864 253 1844 6420 1291 499 359 692 25 137 62 3 82 991 23 21 2 1 0 9 12 8 6 9 1056 2792 2700 181 24 24 67 69 4 26 1098 107 7 8 28 58 79 1148 36 22 12 56 0 5 0 32 28 59 35 43 10 6 1 155 13 2 2 75 286 6 2 30 67 6 3 6 3 1 1 0 3 3 1 3 2 13 5 10 9 198 14 40 19 113 26 55 69 82 12 20 10 1 18 24 5 4 85 19 186 30 28 344 247 17 134 5 6 61 10 8 1 250 59 82 6 2 1 1 0 0 9 1 11 7 8 0 12 12 66 12 36 6 3 38 18 9 109 7 19 3 3 21 16 60 137 67 13 5 278 1 2 6 7 21 7 12 7 19 7 34 19 4 16
16 1 8 4 32 38 2 8 6 3 5 35 1243 54 75 281 2024 2643 3597 117 248 1037 1740 131 580 156 94 53 50 14 30 219 5978 2178 70 61 1291 9188 158 473 721 51 225 773 29 856 1409 24 18 7 3 8 32 47 27 32 30 334 285 127 283 29 71 101 43 23 87 575 56 21 18 130 1159 874 901 61 76 45 135 2 19 5 145 113 236 198 140 24 32 6 630 22 17 12 150 174 27 8 104 63 9 7 9 4 12 18 0 11 12 8 18 8 63 29 25 68 322 84 113 88 236 148 198 136 217 14 44 21 8 62 85 4 10 253 18 372 71 50 828 505 20 268 20 28 160 18 17 3 538 128 142 6 7 15 5 1 6 16 2 19 42 24 4 32 34 126 14 68 15 13 120 76 12 186 22 72 18 7 79 42 128 655 225 48 20 697 1 7 10 14 55 25 37 22 49 9 106 40 16 67
43 3 1 1 191 64 1 1 0 6 0 32 356 98 605 1419 140 5094 134 12 13 39 96 275 29 23 210 4245 306 154 74 206 175 64 56 357 499 158 15935 32 921 192 437 14 73 573 157 213 31 7 1 1 16 33 8 18 54 315 378 448 7361 143 84 510 3214 61 61 578 5828 61 70 35 29 23 1358 739 4 0 6 0 30 0 21 20 18 22 70 45 47 11 473 26 14 14 189 690 10 22 16 212 1 14 1 1 23 6 1 4 4 2 2 2 14 66 359 12 28 244 14 1208 31 517 30 5 9 16 9 394 4 285 28 4 12 23 3 47 22 11 28 32 800 52 1066 42 12 211 320 20 51 3728 21 17 12 1 4 2 1 3 1 11 3 3 1 3 67 17 538 1278 173 92 8 4 19 24 50 1364 9 15 261 83 13 4 28 9 111 18 1 9 15 0 3 46 54 34 9 3 5 0 0 3
18 1 9 6 9 18 1 3 1 3 2 27 11 783 1348 327 656 296 835 1004 29 1648 3779 3280 5610 8699 3609 132 203 14 46 15 42 10 2629 151 359 473 32 11200 1001 156 1312 147 6 10 5300 7 54 1 6 4 33 114 5 20 84 7 274 13 24 20 61 252 61 4 355 155 33 10 1 34 169 437 46 12 13 8 19 2 3 0 125 248 154 388 48 1 4 2 28 50 3 23 267 15 6 3 328 71 0 1 1 0 3 1 1 1 0 1 2 1 266 139 27 219 120 191 165 124 210 540 349 50 39 35 56 58 38 365 3 4 2 20 13 35 256 57 100 158 28 348 13 10 37 20 2 3 134 77 86 4 0 2 1 0 0 7 0 0 4 1 0 1 7 138 8 38 8 1 8 6 5 108 3 27 2 4 6 2 19 33 125 3 2 67 0 0 3 2 7 6 20 1 7 1 5 7 3 3
1959 558 1245 583 302 859 63 310 21 249 104 651 77 1112 3143 1550 880 2065 630 956 1030 1035 8667 2129 411 1140 680 263 201 279 120 176 515 134 135 69 692 721 921 1001 8381 4442 1835 143 137 582 205 291 2471 52 405 131 26 41 674 2320 67 65 59 50 1722 321 172 155 271 174 98 208 718 187 322 353 488 220 405 531 184 7 207 17 591 19 481 96 928 209 94 910 1708 413 2554 2387 375 675 1884 424 147 93 186 136 24 6 18 8 14 35 2 9 15 22 24 21 65 25 43 44 59 48 46 126 54 143 77 32 29 17 12 42 8 82 64 4 27 136 6 47 46 19 119 91 62 91 81 23 34 39 60 2 91 523 46 41 39 6 1 11 19 29 10 69 24 6 3 14 16 44 90 201 60 51 37 20 5 40 64 200 44 40 200 86 150 207 53 9 71 222 6 15 72 7 18 103 79 13 49 10 38 10 2 9
16 4 7 5 2 6 4 7 2 1 0 8 33 21 114 87 36 322 62 57 10 195 1059 3850 105 214 119 27 18 3 2 7 16 3 12 3 25 51 192 156 4442 5441 3373 12 24 416 116 18 1023 0 11 0 3 11 43 61 7 4 18 1 1165 25 17 45 114 73 24 13 212 11 1 6 6 21 32 50 6 1 3 0 3 0 13 25 24 36 4 7 37 7 775 168 0 71 262 24 9 3 33 9 0 2 0 0 0 0 0 3 0 1 0 0 1 3 16 0 1 5 2 32 8 18 11 0 1 1 0 12 0 12 5 1 2 2 1 3 6 2 8 5 17 9 30 2 2 7 33 1 4 299 6 3 7 1 1 0 0 2 0 6 0 0 0 0 2 7 42 82 13 28 1 0 2 3 11 71 4 8 58 19 1 0 0 0 13 5 0 1 6 0 0 9 12 3 0 0 0 0 0 0
41 10 22 5 29 46 2 9 5 4 3 34 140 104 374 298 163 1492 355 291 80 1463 1147 2477 1218 879 1304 301 437 39 85 49 67 16 492 38 137 225 437 1312 1835 3373 4596 126 215 1340 1979 108 1536 8 28 2 60 239 42 100 225 37 305 18 3391 106 351 5561 471 300 742 316 1051 58 17 45 100 176 162 597 61 6 40 0 14 1 234 450 312 664 134 36 72 64 4485 291 12 154 1453 132 34 20 501 179 1 1 0 0 6 0 0 5 2 1 0 2 25 19 82 25 49 51 17 173 53 141 61 8 9 7 10 48 2 50 23 8 4 14 3 33 34 8 67 51 75 82 96 9 19 100 118 4 60 1072 20 55 45 2 2 7 0 15 1 45 3 1 1 3 14 21 209 416 109 144 4 8 9 21 124 399 54 55 482 235 8 14 43 0 139 32 11 10 65 1 1 120 122 13 14 3 5 2 1 8
6 0 3 7 2 25 3 5 31 11 23 82 10442 14 23 4 121 946 5532 103 71 216 160 59 149 59 43 23 24 8 12 11 98 17 16 8 62 773 14 147 143 12 126 10001 2581 1486 454 35 13 978 8 116 7 3 8 8 10 7 86 17 77 21 41 39 17 757 22 96 36 21 16 805 3630 1902 44 38 671 1028 3169 66 76 303 41 26 64 39 31 161 123 245 1476 13 11 12 111 16 227 33 33 14 4 3 8 3 8 10 0 6 7 5 13 4 125 38 62 114 329 129 190 140 365 337 354 136 189 32 42 49 16 130 26 7 9 121 22 236 165 80 600 521 39 352 22 16 122 38 31 10 606 254 157 20 23 6 0 5 7 13 5 34 9 11 0 7 22 167 44 116 33 40 46 31 5 169 44 91 24 10 197 93 119 239 374 22 44 535 8 10 29 8 20 43 44 10 30 6 78 29 10 40
4 0 7 0 10 5 21 1 96 11 14 23 2654 2 1 4 4 36 177 17 4 3 5 16 1 0 7 31 17 5 6 3 11 1 2 1 3 29 73 6 137 24 215 2581 10104 779 3 92 48 4612 4 18 5 3 7 10 5 3 1 1 145 108 98 117 269 1922 11 5 346 41 37 249 190 323 9 95 1850 453 950 70 163 264 5 3 2 4 1 763 372 1186 5066 45 15 27 274 11 770 84 6 12 4 5 0 0 9 1 0 11 0 0 1 0 1 6 92 0 4 30 3 148 30 75 6 0 2 1 1 39 0 18 26 13 3 13 0 25 2 1 30 19 53 4 83 24 16 174 359 2 58 2363 4 185 135 4 2 67 14 42 11 152 4 1 0 5 20 2 478 765 322 421 5 11 16 4 486 692 103 141 2337 1053 11 12 24 10 525 30 44 245 242 1 3 981 266 27 23 3 0 1 0 2
18 3 7 2 27 86 3 11 23 9 9 85 3865 4 15 34 53 497 579 19 7 19 12 448 14 6 262 564 54 25 10 78 135 5 9 3 82 856 573 10 582 416 1340 1486 779 3881 30 28 26 10 2 1 3 10 14 17 25 35 6 9 850 44 115 1811 1654 820 34 13 318 14 6 134 188 96 88 44 147 29 40 0 6 1 12 9 17 22 5 6 33 18 732 29 1 22 337 112 164 16 22 16 4 18 1 2 33 6 0 24 3 3 2 7 4 44 683 6 6 110 3 799 52 369 6 0 2 9 4 390 2 183 27 14 15 55 1 50 6 3 40 45 635 14 938 34 21 355 1079 20 92 6593 14 24 6 3 6 8 1 11 0 5 6 5 1 3 83 14 1158 2134 284 568 6 14 30 8 46 1539 4 9 813 105 17 15 44 27 187 60 2 19 25 1 0 30 52 47 40 8 4 2 3 8
43 12 16 11 42 38 5 7 3 9 10 68 13 682 611 97 651 209 290 310 75 566 400 2295 4765 276 2085 590 1196 147 635 34 191 95 1836 303 991 1409 157 5300 205 116 1979 454 3 30 11784 22 32 2 10 7 103 362 16 44 862 35 748 251 91 42 280 819 492 6 1492 2682 251 20 3 137 858 909 1157 14 76 11 137 2 6 0 303 561 277 950 3216 11 6 3 41 31 16 36 594 126 32 20 1631 2007 9 4 3 1 4 7 1 4 5 1 7 2 79 29 12 81 282 46 159 35 229 107 190 109 95 22 55 28 9 66 16 3 5 110 8 196 110 77 521 432 24 284 9 8 94 11 7 0 369 77 153 3 1 4 4 1 1 10 0 12 10 6 0 4 10 126 9 41 8 6 41 25 2 153 7 22 4 2 12 3 49 194 187 14 5 199 0 1 7 8 16 4 23 5 16 1 47 18 5 27
60 2 20 10 145 94 2 11 1 5 3 46 17 4 20 33 6 159 23 9 4 22 5 2 20 2 11 16 266 114 52 97 93 14 3 2 23 24 213 7 291 18 108 35 92 28 22 12891 141 75 24 8 23 30 17 31 46 83 20 21 429 13054 1757 184 231 29 82 47 3062 1768 2707 30 19 9 433 7324 17 5 13 5 252 13 33 36 19 43 31 3954 3809 292 2192 244 135 199 677 498 18 17 33 75 6 13 3 1 9 2 0 29 3 1 0 0 1 1 11 2 5 2 1 12 11 5 1 2 1 2 4 2 0 3 32 16 5 20 1 18 3 0 13 13 7 24 7 33 16 406 217 6 87 199 20 1176 1118 26 49 467 15 135 9 590 2 4 0 8 22 3 29 495 1190 59 8 17 23 10 1850 551 531 883 2385 926 11 10 21 14 1348 72 119 137 1412 1 2 3318 2025 23 52 3 4 3 2 11
74 16 33 9 11 19 9 20 2 14 0 11 7 37 300 183 39 151 122 166 16 251 268 183 55 67 36 3 24 11 7 5 14 3 16 0 21 18 31 54 2471 1023 1536 13 48 26 32 141 7500 14 110 8 1 13 66 161 2 4 5 2 136 143 43 11 11 28 35 7 126 92 42 8 12 23 10 236 17 2 7 0 24 2 31 47 46 70 3 191 608 152 979 5267 19 2108 4461 26 7 6 35 9 2 0 0 0 0 1 0 1 0 0 1 0 8 4 4 8 1 4 2 10 2 13 16 0 1 1 0 0 0 9 2 1 1 5 0 3 6 0 2 3 1 3 2 3 1 17 13 1 3 41 3 70 56 1 1 11 3 11 2 57 0 0 0 2 1 3 11 36 56 4 1 0 1 1 94 52 44 67 128 89 7 6 4 3 59 7 5 6 86 0 0 124 97 2 3 1 0 1 0 0
8 4 5 0 1 4 15 0 55 7 7 15 196 1 0 0 1 7 13 2 3 3 1 1 1 1 1 2 4 0 2 1 10 1 0 0 2 7 7 1 52 0 8 978 4612 10 2 75 14 7517 56 793 0 1 4 5 0 1 0 0 5 78 20 3 1 1820 1 3 21 41 31 215 165 493 9 76 1785 636 1309 811 589 3906 4 0 1 2 1 3183 1152 5089 1171 59 27 20 57 2 504 32 1 0 3 0 1 0 3 1 0 3 1 0 0 3 0 1 7 0 0 0 0 6 6 8 4 1 0 2 1 0 0 0 2 2 0 5 0 2 0 0 9 5 1 2 2 5 3 26 63 0 26 58 0 150 201 1 2 144 75 71 54 403 1 1 0 1 2 1 3 44 116 45 1 5 1 2 255 58 174 186 1042 203 2 3 9 0 207 14 101 555 604 1 4 1323 245 1 13 1 1 0 0 2
239 32 123 31 23 32 26 88 5 32 10 30 4 5 20 13 3 13 10 10 1 13 2 2 12 0 1 2 43 43 6 12 28 5 2 0 1 3 1 6 405 11 28 8 4 2 10 24 110 56 11439 10306 13 7 218 181 9 3 4 0 16 41 11 10 8 51 29 12 28 58 180 34 46 38 24 26 65 4 38 1137 2994 238 79 16 12 30 10 315 111 60 82 6222 5615 316 230 18 37 46 16 15 9 2 6 2 0 3 2 14 2 0 0 1 0 0 2 0 0 1 1 3 0 4 0 0 4 0 3 0 0 2 8 0 5 16 0 6 1 0 14 2 1 0 1 8 9 1 12 0 3 9 1 76 9 15 3 62 1912 1595 1031 2674 30 2 0 3 1 1 0 5 1 28 12 3 0 1 5 3 1413 222 31 3 14 24 30 4 1 46 232 19 720 1 8 59 543 1 26 2 2 0 1 0
159 24 109 11 18 24 22 63 24 47 16 31 16 0 1 0 1 1 4 2 0 4 0 1 3 0 3 0 27 22 4 0 13 8 1 0 0 8 1 4 131 0 2 116 18 1 7 8 8 793 10306 15548 8 3 87 57 3 0 0 0 2 24 9 4 6 799 6 11 6 27 37 40 53 309 23 6 409 93 191 7548 3331 1575 47 6 10 11 7 124 29 31 19 453 3462 69 23 7 170 35 12 8 12 1 7 1 2 5 1 21 7 1 2 2 0 0 1 1 0 2 0 3 1 6 3 3 4 0 3 1 0 1 8 1 6 11 0 4 0 0 15 2 2 0 1 7 9 2 21 0 7 9 2 70 4 34 16 122 2299 2904 1543 2607 48 1 2 7 0 1 0 3 7 68 12 6 3 0 0 1 1802 169 54 2 12 27 50 1 1 80 314 65 852 0 12 112 892 0 62 9 4 0 0 1
3192 180 718 162 281 273 808 893 32 367 110 353 3 13 14 5 3 10 3 0 8 21 2 22 76 5 50 50 6116 686 267 43 179 39 14 4 9 32 16 33 26 3 60 7 5 3 103 23 1 0 13 8 3854 8252 5502 28 110 9 5 5 16 56 173 58 108 3 424 72 141 36 5 221 172 34 178 5 111 3 133 0 11 1 2186 672 37 108 107 3 5 0 24 22 8 15 109 189 95 4043 108 131 17 3 7 4 10 27 1 12 11 16 35 20 0 0 0 1 1 1 0 1 2 0 1 9 12 1 4 1 0 0 41 2 17 84 0 17 0 2 46 8 0 1 2 4 23 0 1 0 6 5 4 1 1 6 0 0 2 2 0 2 5 8 2 19 6 0 3 5 2 0 20 15 0 0 1 3 2 0 2 1 99 112 11 3 2 113 0 0 1 2 9 0 0 6 33 7 9 2 3 2
3066 363 957 238 509 455 368 615 24 285 69 418 3 26 24 8 3 14 6 1 20 62 22 90 317 25 156 96 11418 873 562 84 266 41 24 0 12 47 33 114 41 11 239 3 3 10 362 30 13 1 7 3 8252 10495 560 23 388 18 7 3 43 160 411 194 171 3 1966 155 254 71 14 272 224 41 227 33 148 1 147 1 11 0 1534 5975 75 372 421 5 23 2 52 36 8 51 357 396 102 1416 339 435 20 6 13 6 11 31 1 6 16 24 28 21 1 1 0 0 9 5 0 3 3 0 0 16 16 0 2 2 0 1 44 2 29 118 0 21 0 0 51 12 2 5 2 7 22 3 0 1 13 12 5 4 2 2 1 1 0 1 2 3 11 9 1 19 8 0 4 9 5 0 16 15 0 2 1 7 0 0 13 9 156 131 16 6 6 152 0 1 1 0 14 9 7 9 52 12 15 4 2 10
950 52 246 54 60 95 310 357 11 155 39 126 3 3 14 10 2 24 9 4 4 7 9 10 17 5 16 16 1336 190 70 18 75 41 1 1 8 27 8 5 674 43 42 8 7 14 16 17 66 4 218 87 5502 560 19530 1673 23 7 6 3 50 22 34 20 18 4 55 59 59 18 30 89 132 17 135 25 68 0 82 5 100 5 4466 67 19 43 44 59 94 18 95 706 75 40 91 72 39 777 35 44 5 1 6 0 2 13 0 3 10 7 15 11 0 0 5 2 3 1 1 3 0 2 0 6 5 0 0 1 0 1 23 0 9 46 0 16 0 0 34 3 0 3 0 2 8 3 2 0 3 12 2 4 1 3 0 1 7 5 3 11 13 6 1 4 4 0 1 6 3 3 12 9 0 1 4 8 8 0 7 2 55 85 8 1 3 64 2 2 4 0 6 4 4 4 22 3 6 1 2 4
872 182 470 169 122 274 84 260 10 124 40 244 6 5 24 19 4 32 9 4 1017 289 14 30 149 8 28 9 252 133 86 51 156 37 3 0 6 32 18 20 2320 61 100 8 10 17 44 31 161 5 181 57 28 23 1673 3925 36 10 5 1 55 39 52 15 30 8 45 60 48 31 32 120 173 25 166 37 63 1 88 6 108 3 7330 104 1496 246 70 114 190 43 155 857 56 57 193 130 33 105 144 65 9 5 4 3 9 14 1 1 4 6 15 4 0 0 1 0 5 1 1 4 2 3 0 5 7 1 0 1 0 0 17 1 11 51 0 20 0 1 43 14 1 2 1 3 14 4 4 0 9 17 7 6 3 1 0 0 7 6 2 12 4 3 1 15 4 0 5 6 1 2 15 15 0 1 9 4 6 7 13 5 40 78 11 3 3 82 2 1 11 0 9 11 8 5 16 2 8 5 1 4
140 101 76 190 1702 268 8 4 2 8 0 46 1 53 48 17 3 19 2 1 24 49 14 110 366 9 227 300 3378 6029 7853 21 54 13 54 2 9 30 54 84 67 7 225 10 5 25 862 46 2 0 9 3 110 388 23 36 10683 1 44 5 66 147 500 350 536 1 3402 467 481 79 6 45 45 13 241 25 8 0 7 1 7 0 358 751 219 3392 1112 6 15 7 57 41 17 26 350 648 10 22 5001 3637 0 0 1 2 1 3 0 0 2 1 4 0 0 0 0 3 2 0 2 1 4 5 2 2 2 2 2 1 0 2 4 0 1 12 1 11 1 0 20 5 1 2 2 2 6 2 3 1 14 22 3 4 1 0 1 0 0 0 0 3 1 0 0 3 0 1 5 11 3 0 2 3 1 2 8 7 3 4 21 13 3 18 7 2 3 13 1 2 4 2 3 7 6 1 5 0 3 1 0 0
14 2 5 1 41 69 3 1 0 1 2 61 11 259 141 120 131 188 29 20 39 52 23 5 11 0 15 58 18 8 10 3810 2636 5952 21 74 1056 334 315 7 65 4 37 7 3 35 35 83 4 1 3 0 9 18 7 10 1 2899 789 4023 102 58 24 20 128 1 30 1897 462 32 28 154 141 17 5399 103 10 4 22 0 10 1 49 39 51 35 29 8 14 1 57 7 9 5 24 854 8 6 12 31 7 1 3 1 3 3 0 2 2 3 4 3 0 3 8 0 15 1 5 20 7 8 2 10 9 0 3 9 0 5 21 0 5 48 1 57 1 1 103 31 10 4 16 9 17 3 6 0 21 68 4 3 4 3 0 0 0 1 0 9 6 5 0 2 2 4 7 25 7 3 20 10 1 7 14 26 8 5 21 24 19 70 10 4 6 37 0 2 7 1 15 12 12 3 16 2 7 3 4 6
7 1 1 0 21 9 1 2 0 0 1 7 3 1443 633 226 567 114 53 79 33 87 72 244 41 12 537 703 77 35 47 25 42 476 944 3457 2792 285 378 274 59 18 305 86 1 6 748 20 5 0 4 0 5 7 6 5 44 789 6148 2973 93 16 105 227 603 1 39 1772 614 2 4 12 51 148 336 36 10 5 24 1 1 1 25 17 33 33 55 2 1 2 17 3 1 2 102 80 2 5 30 96 1 1 1 1 1 2 0 1 0 0 4 2 20 10 4 26 94 20 45 20 73 28 61 39 38 9 18 7 2 20 8 1 2 39 12 71 32 20 175 175 11 93 10 7 33 4 2 0 115 36 48 1 1 3 2 1 0 6 0 2 3 4 0 3 6 56 6 19 6 0 17 10 0 61 3 10 4 1 7 4 17 53 38 4 4 75 0 0 0 7 5 2 3 3 3 0 18 3 3 14
3 0 2 0 10 5 0 0 1 0 0 6 2 1360 233 487 678 202 9 17 20 41 43 22 12 4 51 191 11 6 3 203 243 2418 83 1315 2700 127 448 13 50 1 18 17 1 9 251 21 2 0 0 0 5 3 3 1 5 4023 2973 2090 101 7 11 25 201 1 12 1039 389 2 6 20 19 23 2214 49 7 1 30 0 2 0 8 11 19 9 10 2 1 0 11 4 2 3 9 128 0 1 8 25 2 0 0 0 1 0 0 2 3 0 0 2 3 0 5 3 32 8 4 18 18 6 5 20 17 3 4 4 0 3 8 1 4 32 2 47 1 8 112 68 11 12 11 3 22 0 12 1 52 47 8 1 1 2 0 0 1 3 1 7 6 1 0 3 4 8 5 14 4 2 7 6 0 13 4 21 2 2 7 5 17 61 24 2 1 52 0 0 2 2 6 3 5 2 4 4 13 8 2 5
49 7 16 6 76 64 6 8 1 8 5 70 82 13 41 143 37 1674 66 11 8 44 22 682 38 13 153 234 171 78 53 130 146 16 23 40 181 283 7361 24 1722 1165 3391 77 145 850 91 429 136 5 16 2 16 43 50 55 66 102 93 101 10254 364 494 3777 2373 90 99 142 3907 206 193 65 48 25 522 5013 16 1 13 0 57 0 29 42 17 47 20 138 204 31 2431 122 46 102 1348 391 3 18 49 98 2 23 2 0 22 2 0 25 0 1 1 1 10 15 127 5 9 27 5 143 39 43 13 0 7 7 7 82 1 40 52 19 7 26 5 34 5 0 46 45 154 16 246 26 11 228 405 7 59 2214 10 77 48 2 7 27 2 16 2 40 2 3 0 2 46 14 838 1378 233 129 13 18 35 6 159 985 31 32 1039 318 10 21 27 16 321 51 9 17 59 1 2 137 168 32 37 6 1 1 1 1
100 7 20 4 215 124 5 15 0 7 4 68 9 9 41 58 10 164 56 24 21 199 43 14 193 17 13 16 605 148 74 104 86 7 6 1 24 29 143 20 321 25 106 21 108 44 42 13054 143 78 41 24 56 160 22 39 147 58 16 7 364 15572 6366 242 312 30 400 52 1869 9555 1682 32 21 18 392 1357 22 2 13 7 129 12 123 166 89 221 47 837 639 221 1311 464 229 1478 1543 646 9 37 147 110 3 5 1 1 5 3 0 13 0 0 1 0 3 1 10 3 6 4 2 11 11 14 10 3 2 1 7 3 0 6 17 5 3 10 3 9 6 1 15 8 0 13 7 19 13 167 103 4 47 113 8 1031 973 20 24 180 68 294 53 1269 3 2 1 2 6 3 23 207 544 45 6 4 11 11 853 296 876 1083 1251 509 4 8 27 9 614 41 199 135 2212 4 2 2532 1314 14 32 6 0 2 2 6
128 14 21 19 207 142 8 15 4 6 4 54 35 18 58 52 35 218 62 47 23 308 73 25 388 18 96 99 1753 284 230 73 84 8 46 16 24 71 84 61 172 17 351 41 98 115 280 1757 43 20 11 9 173 411 34 52 500 24 105 11 494 6366 17555 6301 4909 39 1216 279 9709 432 82 30 47 50 394 593 24 2 15 1 33 3 280 415 165 547 139 38 228 126 1634 73 27 131 2068 530 20 80 398 420 4 7 0 0 7 2 1 6 1 0 3 0 11 4 18 13 8 17 5 51 26 46 17 1 7 3 4 14 2 20 23 12 1 11 2 16 15 5 33 26 24 21 20 16 14 209 79 2 54 227 8 366 279 9 13 110 7 54 2 187 1 1 0 4 6 6 49 278 387 28 6 8 5 8 630 361 180 287 823 475 6 15 20 4 457 27 42 25 308 0 2 686 595 14 15 5 1 6 1 2
32 4 10 10 67 39 1 4 3 2 0 20 321 60 99 94 75 1094 166 70 13 262 89 377 423 85 1944 1336 716 108 176 26 35 10 335 39 67 101 510 252 155 45 5561 39 117 1811 819 184 11 3 10 4 58 194 20 15 350 20 227 25 3777 242 6301 7476 8172 189 680 334 2985 65 11 15 48 63 234 110 27 0 15 0 8 0 200 276 108 430 134 7 16 9 1614 21 6 23 3171 142 20 21 410 295 4 0 1 0 5 1 0 3 0 1 2 0 19 29 115 17 27 51 16 288 29 149 31 10 3 3 5 92 5 59 12 5 3 13 1 27 26 6 40 23 161 35 234 13 11 75 156 3 28 1723 9 13 7 2 0 1 0 5 0 12 2 2 0 2 16 16 309 615 79 107 4 5 10 13 28 405 10 16 270 61 8 15 28 5 66 18 0 3 7 1 3 17 32 18 6 0 1 3 0 0
116 9 12 17 344 104 4 6 1 4 2 23 638 97 229 144 28 609 92 22 13 30 15 142 80 9 841 1356 1555 459 394 56 55 26 137 233 69 43 3214 61 271 114 471 17 269 1654 492 231 11 1 8 6 108 171 18 30 536 128 603 201 2373 312 4909 8172 9029 87 597 1155 12951 76 16 10 43 47 1322 75 8 0 12 0 8 2 101 141 72 191 269 6 15 11 453 25 9 18 519 865 9 65 167 723 3 7 1 1 17 2 0 8 0 0 1 3 20 30 161 24 19 76 16 436 38 166 40 8 6 5 8 193 6 125 20 14 9 21 1 26 26 5 48 23 341 34 500 36 11 203 257 7 46 3510 15 20 4 3 4 3 0 6 0 11 5 2 0 4 46 22 857 1488 223 100 6 11 25 11 24 1012 10 16 590 95 6 12 17 11 158 30 4 6 17 0 2 24 59 30 11 1 3 1 0 4
1 0 2 1 1 3 7 1 37 5 11 8 918 2 4 12 0 108 94 5 1 7 6 63 5 2 43 84 9 2 0 3 5 0 4 0 4 23 61 4 174 73 300 757 1922 820 6 29 28 1820 51 799 3 3 4 8 1 1 1 1 90 30 39 189 87 2439 4 7 51 14 14 138 138 964 8 29 1171 788 855 389 199 985 5 2 1 3 1 294 114 285 2724 21 26 15 149 4 333 26 3 5 1 2 1 1 4 1 0 4 1 0 2 0 0 9 265 1 0 12 1 129 17 172 1 1 1 1 1 32 1 40 9 1 0 9 0 5 1 0 15 17 53 1 76 6 2 42 429 11 45 1800 3 27 16 4 2 11 25 19 12 79 1 0 1 2 10 2 153 231 52 1740 1 3 4 1 64 162 38 26 402 129 1 4 62 5 82 27 9 23 50 0 1 103 49 9 21 4 1 0 0 2
1052 419 650 450 847 814 33 168 33 145 58 409 12 53 57 12 16 47 18 10 26 157 50 296 1121 58 522 343 4215 867 2726 141 370 61 122 6 26 87 61 355 98 24 742 22 11 34 1492 82 35 1 29 6 424 1966 55 45 3402 30 39 12 99 400 1216 680 597 4 7935 531 573 190 14 257 325 58 472 53 115 1 173 2 25 1 814 5312 362 2779 1665 10 69 14 140 129 41 117 1125 775 111 77 1715 2061 14 4 5 4 5 19 3 10 10 12 23 8 1 0 4 1 15 3 3 7 5 5 4 17 15 3 1 2 0 1 44 3 21 97 0 23 3 1 80 20 3 9 4 5 26 6 4 1 22 43 5 7 9 5 2 4 1 5 0 10 11 8 1 14 9 1 11 24 14 2 21 19 1 4 12 28 9 10 38 4 104 109 23 7 10 130 3 1 12 1 14 21 13 16 31 7 11 2 4 9
37 9 18 10 55 27 1 6 2 7 5 24 5 879 656 227 241 112 29 34 200 249 96 248 230 11 519 1071 701 145 570 56 217 1272 190 472 1098 575 578 155 208 13 316 96 5 13 2682 47 7 3 12 11 72 155 59 60 467 1897 1772 1039 142 52 279 334 1155 7 531 5270 1146 15 9 33 322 372 4576 54 46 5 113 1 23 1 213 218 226 303 2643 6 5 2 36 37 15 4 197 240 22 15 392 1491 5 2 5 1 4 5 0 7 0 1 4 6 5 5 7 6 127 23 27 42 48 32 26 52 47 10 6 6 1 21 33 0 6 124 3 182 10 12 475 251 15 36 16 17 77 7 4 1 173 69 26 5 4 14 1 3 0 7 0 13 20 6 2 7 5 14 7 25 7 3 53 19 3 41 3 24 7 6 15 5 62 211 107 6 6 135 1 1 7 4 16 6 11 4 9 6 37 11 2 10
286 17 16 46 1065 452 18 16 7 19 6 152 140 75 148 459 40 1222 51 20 18 63 38 68 102 12 79 330 2078 961 469 464 423 100 55 220 107 56 5828 33 718 212 1051 36 346 318 251 3062 126 21 28 6 141 254 59 48 481 462 614 389 3907 1869 9709 2985 12951 51 573 1146 7473 592 342 79 42 46 3927 2825 46 2 20 1 59 3 170 168 93 224 266 111 135 39 1202 108 85 111 1717 3391 29 120 160 869 3 22 1 1 30 4 0 29 3 1 6 3 14 6 42 11 27 27 17 131 67 55 36 9 6 6 7 48 1 32 76 33 7 41 3 43 26 9 72 68 77 52 103 51 18 323 316 5 106 1658 29 380 192 16 4 69 2 52 4 172 11 6 4 7 47 16 622 1387 516 106 15 26 34 24 616 1484 150 236 2132 957 16 25 26 20 715 50 25 42 267 4 5 496 531 56 42 9 7 8 1 6
