41542 5852 14672 1432 589 1822 10731 12303 32 317 16 347 1 0 2 2 0 1 1 3 58 25 5 4 10 0 1 1 4373 8535 131 28 14 0 1 0 0 2 1 3 1616 10 12 1 4 5 2 4 34 6 292 226 1410 964 322 184 47 1 0 0 5 6 6 3 0 4 180 0 6 39 20 7 0 29 2 1 5 0 6 42 407 33 3995 952 1246 201 4 51 27 6 17 323 176 31 50 24 35 1879 30 11 1 0 51 40 4 100 0 2 16 17 40 77 0 0 0 1 0 0 1 0 6 0 1 18 0 1 2 0 0 1 3 0 32 24 0 8 1 0 10 8 0 2 1 1 33 0 1 0 6 3 3 4 2 3 0 0 10 12 18 26 7 1 0 0 3 1 2 2 1 0 8 1 0 1 0 1 10 4 0 0 95 21 13 1 0 63 3 1 21 0 11 0 1 0 25 0 10 4 0 0
5852 13215 5713 10263 2184 4360 87 122 7 16 5 266 0 0 0 0 0 1 2 1 101 14 2 1 5 1 0 1 260 2487 708 7 2 0 0 0 0 1 0 2 1001 2 2 0 0 2 2 1 11 1 53 39 144 148 19 77 58 0 0 0 2 3 2 0 0 0 131 2 5 10 2 16 1 17 1 1 4 0 5 8 79 10 933 709 903 219 1 9 10 1 5 75 33 10 19 11 12 83 25 10 2 0 104 65 7 196 2 2 23 12 67 155 0 0 0 0 0 0 0 0 0 0 0 19 5 2 5 0 0 0 5 0 57 30 0 8 0 0 3 3 0 0 0 1 34 0 1 0 2 0 1 1 3 3 0 0 6 4 0 4 3 1 1 2 2 0 0 0 0 1 8 1 0 1 0 0 1 1 2 0 119 16 4 0 0 96 1 1 1 1 19 0 1 0 58 3 15 3 0 1
14672 5713 16241 2478 197 4802 299 5427 43 5442 139 13531 0 0 2 0 1 1 1 1 183 44 7 6 20 0 0 0 294 247 152 34 10 0 0 0 0 1 0 1 1723 8 10 0 3 3 0 0 26 2 165 113 344 241 76 166 95 0 0 1 4 5 3 3 0 1 220 0 2 12 11 26 1 29 4 3 10 0 14 16 201 19 1902 1092 1538 365 7 29 18 4 7 169 97 18 55 17 87 181 55 16 9 2 265 140 20 537 5 19 99 98 217 463 0 0 0 0 0 1 0 0 3 1 3 23 4 1 6 0 0 1 17 0 143 73 0 8 1 0 11 9 1 1 0 9 61 0 0 0 3 3 1 1 0 2 0 1 4 6 5 16 10 7 0 1 9 0 1 1 0 2 19 3 0 1 0 0 5 1 1 0 261 24 8 1 0 225 3 4 9 2 25 1 0 1 197 5 18 2 0 1
1432 10263 2478 18938 8045 19670 22 23 14 32 29 3419 0 0 0 0 0 1 0 0 155 30 4 1 16 0 0 0 143 697 1597 33 11 1 0 0 0 1 0 0 579 0 3 0 0 0 0 0 2 0 21 15 54 64 13 48 58 0 0 0 0 3 3 1 0 1 94 1 3 4 3 25 1 12 2 1 8 0 9 1 22 2 398 473 696 204 8 6 4 1 5 21 16 1 9 12 43 47 62 8 7 5 155 82 9 358 4 6 54 41 145 273 0 0 0 2 1 1 0 0 2 2 0 22 6 1 2 0 0 0 11 0 89 31 0 10 0 0 4 4 0 1 0 4 47 0 0 0 5 0 1 0 0 7 0 0 0 5 0 1 9 3 0 1 5 1 0 0 0 3 8 2 0 0 1 0 3 0 0 0 215 19 6 0 0 168 3 0 2 3 21 0 1 1 124 3 20 0 0 0
589 2184 197 8045 11848 12827 100 31 39 84 38 2736 0 22 56 23 7 4 3 6 541 473 119 8 107 2 20 72 2225 5030 10767 1511 1040 13 6 0 9 9 53 9 815 6 32 0 4 36 24 50 17 1 60 35 232 309 47 57 720 219 8 3 42 74 59 27 146 8 253 23 401 20 31 374 6 74 625 50 31 2 141 9 65 9 861 804 1245 416 51 12 23 2 23 58 26 13 58 1721 223 286 251 68 11 4 204 139 17 449 5 8 66 36 164 397 0 1 3 0 1 3 2 24 4 7 2 62 6 7 15 0 0 4 28 1 125 105 0 25 0 0 28 9 10 2 13 14 114 3 2 0 10 24 3 1 2 17 1 5 3 8 5 6 13 9 1 2 9 2 18 13 1 3 23 5 1 3 5 12 5 7 23 1 384 78 16 3 3 324 3 4 3 4 42 4 5 2 153 3 40 3 1 3
1822 4360 4802 19670 12827 16148 97 137 119 814 224 18276 2 11 15 6 5 2 1 4 773 495 101 7 133 2 7 21 428 1055 3575 6382 2201 3 0 0 4 2 15 12 1365 6 11 1 6 11 25 30 8 2 49 23 123 157 15 99 138 476 1 1 11 27 37 16 47 3 292 8 145 15 13 708 3 119 1647 28 61 1 253 2 56 6 987 1091 1829 664 41 10 10 3 21 41 21 7 39 1617 512 248 269 50 12 11 464 244 46 981 15 22 123 121 360 910 0 2 3 0 0 1 2 6 8 3 2 80 14 10 25 2 0 2 42 0 241 143 0 31 2 0 43 23 5 4 6 16 170 0 4 0 11 21 6 0 4 17 0 6 7 7 5 4 26 8 1 4 19 0 9 7 1 4 46 10 0 6 3 5 9 3 13 0 742 104 39 4 1 614 9 3 11 3 68 5 2 4 365 10 63 10 1 2
10731 87 299 22 100 97 7110 6273 249 1213 119 115 0 0 0 0 0 1 1 1 17 7 0 2 4 1 0 0 1422 572 34 7 5 0 0 1 0 0 0 1 234 3 4 0 2 3 0 0 20 2 130 82 1216 514 319 34 5 0 0 0 0 7 3 0 0 0 7 0 5 22 4 33 0 22 0 1 33 0 9 17 183 14 2074 110 170 15 0 15 7 4 8 129 79 10 17 6 313 5046 3 1 0 0 14 8 0 32 1 0 3 4 13 24 0 0 0 0 0 0 1 0 0 0 0 5 2 0 1 0 0 0 2 0 9 11 0 3 0 0 9 4 0 0 1 0 8 0 0 0 5 0 0 0 1 1 0 1 7 2 15 13 0 0 0 0 0 0 0 0 0 1 1 0 0 1 1 1 5 3 0 0 23 12 7 1 0 27 2 1 11 0 3 2 1 1 8 0 1 0 0 0
12303 122 5427 23 31 137 6273 30094 1004 12801 832 1380 0 0 0 1 2 1 0 1 17 10 4 2 3 1 0 0 129 420 10 12 6 1 0 0 1 0 0 0 866 4 7 0 2 3 0 2 27 6 238 189 775 300 209 88 7 0 0 0 5 2 4 0 0 5 37 0 3 30 15 36 0 14 5 1 24 1 6 24 333 37 2861 369 601 41 2 29 23 10 15 278 138 22 39 9 301 1082 7 5 0 1 35 16 1 95 3 9 30 46 56 88 0 0 0 0 0 0 1 0 2 0 1 2 1 2 0 0 0 0 1 0 13 14 0 3 0 0 7 10 0 1 0 0 4 0 0 0 1 2 1 3 1 4 0 1 12 4 11 21 1 1 0 0 0 0 1 0 0 1 0 1 0 0 0 1 5 4 2 0 44 10 5 0 0 32 6 2 3 0 2 2 1 1 57 0 3 1 0 1
32 7 43 14 39 119 249 1004 1052 1933 342 440 8 0 0 1 0 1 1 0 42 43 19 2 13 0 0 0 11 25 23 54 72 0 0 0 0 1 0 2 47 1 0 3 144 0 0 0 0 108 12 25 131 12 27 3 7 1 1 0 0 1 2 0 0 70 5 11 2 2 1 474 3 208 5 2 488 19 215 26 29 64 80 23 49 7 12 32 18 55 29 16 2 1 3 33 2791 1689 7 2 0 0 21 3 1 23 1 3 8 28 36 39 0 0 0 0 0 0 3 0 2 2 2 5 1 0 1 0 0 1 0 0 4 7 0 2 1 0 7 1 0 0 0 0 2 0 1 0 6 3 1 0 4 0 0 1 7 1 11 5 0 0 0 0 0 0 0 2 1 0 1 0 0 1 1 1 3 1 8 1 22 5 6 2 0 15 2 0 6 0 2 4 2 0 33 2 2 0 0 0
317 16 5442 32 84 814 1213 12801 1933 19199 10871 26565 0 0 0 0 0 0 0 1 49 21 3 1 4 0 0 1 24 36 36 50 39 0 0 0 0 1 0 0 171 0 1 0 17 0 2 1 4 8 30 36 162 38 33 20 5 1 0 0 1 0 0 0 0 2 21 0 2 10 2 447 2 42 1 2 139 1 76 8 72 4 486 72 129 15 3 4 6 6 3 39 23 6 6 8 2357 799 11 0 9 4 290 114 20 674 22 65 391 266 438 705 0 0 0 0 0 0 0 0 1 0 0 16 3 1 4 0 0 0 14 0 115 25 0 1 0 0 2 1 0 1 0 4 28 0 1 0 0 2 0 0 0 1 0 7 9 1 2 2 5 5 0 2 2 0 0 0 0 5 7 5 0 0 0 0 2 1 0 0 266 12 27 0 0 180 7 5 10 1 6 0 1 0 485 4 10 0 0 1
16 5 139 29 38 224 119 832 342 10871 4151 5334 0 0 0 0 1 0 0 2 119 60 4 0 24 0 0 0 23 14 22 48 93 1 0 0 1 3 0 0 73 0 0 0 6 0 0 2 0 6 10 6 50 7 9 4 8 2 0 0 1 2 1 0 1 2 14 1 1 4 0 1493 0 44 7 1 392 2 79 1 5 1 100 36 154 34 8 2 0 8 2 1 2 2 2 27 3864 424 41 9 19 6 397 201 37 914 18 42 196 240 474 887 0 0 0 2 0 0 1 1 1 1 2 55 7 2 7 0 0 0 27 0 236 47 0 5 0 0 1 0 0 3 0 8 47 1 2 0 0 2 0 1 0 6 1 3 6 0 1 6 4 4 2 5 5 1 0 1 0 6 11 3 1 1 0 0 3 1 4 0 482 25 31 2 0 446 3 7 7 1 21 1 2 1 593 13 20 3 0 1
347 266 13531 3419 2736 18276 115 1380 440 26565 5334 34699 1 0 8 3 2 1 2 2 1101 629 64 5 193 6 1 9 320 429 1312 2049 1791 0 4 0 1 0 4 7 1313 0 9 3 4 9 6 12 9 2 32 22 134 168 33 90 135 51 1 0 7 28 33 10 27 6 312 3 106 16 13 2062 1 207 88 14 539 1 341 4 36 8 734 1092 2076 692 60 5 11 7 9 30 19 4 25 671 2808 633 315 62 38 9 1181 624 122 2605 43 79 773 480 1211 2373 0 2 0 0 1 0 0 0 11 2 5 153 39 9 32 1 0 0 76 0 635 252 0 26 0 0 35 20 2 9 4 32 294 3 10 0 11 11 11 1 3 19 0 12 7 13 2 6 31 17 4 10 23 0 7 1 1 11 63 16 0 2 0 3 9 2 11 1 1420 114 71 4 0 1312 14 10 12 9 99 4 9 3 1344 30 106 10 0 2
1 0 0 0 0 2 0 0 8 0 0 1 8988 0 2 5 11 337 3268 49 2 6 6 14 2 1 16 22 1 2 0 4 81 11 2 0 49 536 16 1 32 3 39 8267 4643 1321 5 19 17 110 0 3 1 1 1 1 1 2 1 0 16 11 18 46 56 2369 0 3 27 5 11 54 179 617 9 11 536 568 627 7 41 16 0 1 2 0 1 89 81 579 620 7 0 2 49 3 60 5 0 0 1 1 0 0 4 2 0 1 0 0 0 1 6 73 310 12 10 140 5 903 74 790 61 1 0 2 4 100 1 180 11 1 6 10 3 13 4 0 31 102 337 12 354 4 1 46 19 1 79 2031 3 20 48 1 1 25 2 2 0 16 1 0 0 0 7 5 221 127 31 377 1 4 9 7 36 132 6 12 266 12 3 2 78 4 17 4 5 9 36 0 1 53 29 42 1 0 2 0 0 0
0 0 0 0 22 11 0 0 0 0 0 0 0 5189 4135 713 787 68 38 50 13 23 57 39 0 3 1498 1277 3 4 10 41 79 818 2221 8195 3696 29 148 85 198 20 31 0 5 2 35 6 3 2 0 0 0 2 0 0 5 619 464 139 6 1 22 58 77 3 2 226 67 3 0 8 2 168 1346 3 3 0 3 1 1 0 1 0 7 1 4 2 4 2 16 5 1 0 30 203 2 1 1 17 1 0 1 0 0 1 0 1 0 0 0 1 64 56 23 72 15 231 116 124 341 1693 553 25 8 8 29 20 2 45 6 0 1 10 0 9 87 2 28 159 6 111 8 2 10 7 1 1 165 27 22 3 5 1 0 1 1 0 0 1 1 1 0 0 0 23 12 10 4 2 8 17 0 20 2 4 1 3 12 1 2 17 66 4 1 42 0 0 2 4 2 2 4 5 0 0 6 9 1 1
2 0 2 0 56 15 0 0 0 0 0 8 2 4135 18524 15067 954 959 110 878 52 57 341 99 9 21 498 3779 5 8 10 85 216 667 267 904 3481 156 1018 66 2503 179 76 6 7 36 34 28 61 2 6 0 1 2 9 9 12 933 115 109 77 15 39 51 350 8 3 139 430 5 14 14 3 270 1960 67 6 9 10 2 14 2 17 5 7 4 3 6 33 8 52 47 1 5 60 545 2 3 6 42 1 1 0 0 1 2 0 2 0 0 0 2 166 112 72 141 34 433 217 316 710 3524 1045 57 30 23 67 41 16 127 25 0 4 15 0 15 157 5 63 287 27 234 33 1 22 33 4 2 390 57 98 7 9 0 1 5 1 3 1 2 3 1 0 0 1 52 29 37 5 4 32 55 3 68 18 9 3 8 35 4 5 35 175 6 4 89 1 1 6 12 6 6 16 4 0 0 22 14 1 10
2 0 0 0 23 6 0 1 1 0 0 3 5 713 15067 21227 438 2280 4027 2768 5 22 96 307 3 10 1366 3553 1 3 4 69 139 347 267 28 1357 600 1453 52 1109 144 213 11 3 121 17 57 52 1 10 0 2 2 9 12 8 467 6 31 134 34 34 72 154 91 1 59 430 8 21 11 1 177 811 87 5 6 11 1 12 0 11 3 5 3 4 12 43 9 73 52 0 6 82 236 2 0 5 24 0 2 0 0 1 0 0 0 0 0 1 0 110 341 434 159 22 842 21 1756 223 3135 151 13 11 8 25 77 13 421 9 0 3 10 4 9 84 4 33 99 340 78 124 7 8 33 5 8 208 416 14 3 8 1 0 8 0 0 0 1 0 0 0 1 6 18 35 58 13 52 6 7 5 14 13 23 1 4 34 0 4 5 91 2 6 29 0 3 10 3 3 11 11 32 1 0 7 5 0 4
0 0 1 0 7 5 0 2 0 0 1 2 11 787 954 438 361 170 695 699 27 49 196 76 10 35 104 39 1 0 1 62 106 196 92 147 1496 377 51 144 639 18 40 17 15 71 77 17 8 9 2 2 0 0 0 1 2 166 9 15 28 10 7 14 28 7 2 14 66 7 8 4 4 231 279 27 1 71 9 1 7 10 6 4 13 3 7 7 12 4 23 14 1 3 24 74 1 0 5 4 0 3 2 1 1 5 1 4 1 0 1 1 48 33 28 63 32 43 167 56 456 330 300 48 56 12 62 18 9 51 30 1 5 23 1 19 51 3 98 304 14 152 9 3 24 17 0 1 269 33 90 7 4 1 1 3 0 1 1 3 4 7 1 0 0 33 4 21 1 0 31 34 6 82 3 4 3 1 12 1 10 47 64 23 4 118 0 1 3 20 8 4 7 5 1 2 19 6 1 9
1 1 1 1 4 2 1 1 1 0 0 1 337 68 959 2280 170 15405 5371 559 4 33 106 700 10 6 1593 524 1 2 5 44 167 132 114 7 427 1153 2527 15 2011 377 733 427 17 4649 5 262 96 14 6 0 4 2 23 12 22 84 8 9 2109 149 205 657 535 212 5 23 1224 26 90 8 14 440 194 455 5 179 32 0 33 2 30 16 5 6 3 25 133 27 282 71 3 18 258 69 3 0 7 14 2 2 0 0 14 3 0 1 0 0 1 4 32 704 1028 97 18 1460 13 3090 236 3480 67 7 4 10 4 187 4 946 22 8 35 20 10 38 35 1 78 231 1288 17 583 2 4 57 17 10 274 1551 7 16 29 3 3 14 1 3 0 8 1 1 0 0 18 25 104 225 55 118 8 2 27 18 65 150 6 12 128 9 3 6 110 21 13 6 3 9 20 0 2 27 42 106 0 1 4 0 1 2
1 2 1 0 3 1 1 0 1 0 0 2 3268 38 110 4027 695 5371 50035 10888 11 23 83 213 7 52 617 172 1 0 4 36 196 102 181 1 627 3641 66 207 559 54 193 6115 584 2201 45 38 54 105 12 16 3 0 5 1 8 18 3 1 40 31 58 142 59 295 3 10 79 12 20 16 44 4017 29 38 32 1039 44 19 51 41 8 3 8 3 5 61 103 189 444 49 5 9 120 16 6 0 6 1 1 2 1 3 4 1 1 8 0 0 0 2 535 819 1409 621 58 1735 352 2541 1757 12315 1400 131 108 50 173 219 35 937 55 6 19 43 6 44 501 24 157 638 645 495 223 11 67 154 34 32 1464 884 185 25 49 6 2 14 2 2 5 14 5 3 2 3 4 122 85 181 44 97 72 90 19 125 53 64 18 15 153 16 22 75 847 20 22 297 1 12 28 35 11 44 53 42 12 4 47 25 2 19
3 1 1 0 6 4 1 1 0 1 2 2 49 50 878 2768 699 559 10888 3501 30 47 294 284 18 116 419 43 0 0 1 48 92 131 223 2 439 317 209 423 1475 91 158 109 36 88 74 24 99 25 16 2 0 0 5 5 3 130 9 9 57 28 33 34 53 18 4 17 228 18 20 11 6 311 185 59 2 37 4 5 29 9 14 9 9 3 11 18 66 36 91 91 4 14 94 77 0 1 10 4 3 4 2 3 6 2 0 8 0 0 0 2 306 197 126 289 41 142 205 136 972 1619 538 112 109 43 143 84 37 233 40 3 9 28 0 23 308 13 93 377 27 388 30 5 54 77 5 9 580 64 160 18 16 2 2 4 0 2 0 4 4 3 1 0 0 85 15 71 12 9 69 81 7 109 12 19 8 7 33 6 15 48 155 18 9 247 1 3 12 39 12 22 26 10 3 1 56 17 4 35
58 101 183 155 541 773 17 17 42 49 119 1101 2 13 52 5 27 4 11 30 7481 5816 2663 72 301 67 11 7 186 308 408 383 721 68 5 0 22 69 1 49 573 28 18 4 10 7 18 3 13 3 10 3 29 50 6 927 196 70 7 2 3 8 12 4 10 4 34 13 20 5 2 421 63 255 393 4 167 22 310 0 11 4 315 60 4168 175 43 5 14 9 16 14 3 5 28 870 241 58 591 173 2 0 19 19 5 45 0 4 7 4 15 34 5 1 1 12 16 4 44 2 120 37 57 42 31 9 23 2 0 11 23 0 36 116 1 43 9 0 103 121 0 35 3 10 67 4 1 2 81 7 36 1 5 3 0 2 2 6 0 2 6 5 1 3 12 8 3 2 0 1 18 16 7 46 3 8 0 1 2 0 178 155 60 10 3 213 1 0 3 9 27 2 2 1 45 2 18 5 1 1
25 14 44 30 473 495 7 10 43 21 60 629 6 23 57 22 49 33 23 47 5816 19583 5799 1134 6037 2405 166 11 227 253 280 441 1157 138 51 1 37 151 8 1375 856 249 251 22 44 22 223 17 209 24 44 8 28 55 11 27 350 173 11 3 20 67 111 30 14 13 91 43 64 99 43 638 117 475 728 14 247 59 411 8 54 16 239 211 4147 987 325 33 146 46 132 213 18 60 309 1359 305 64 5290 391 3 2 30 11 5 40 0 5 6 4 20 40 20 5 4 36 28 6 79 16 292 94 148 85 38 12 45 6 4 29 40 1 42 133 2 62 27 0 203 269 4 97 7 8 74 14 3 2 188 15 81 7 29 14 2 6 2 4 5 6 18 11 1 1 2 26 11 25 8 6 46 54 6 96 19 14 5 16 24 4 212 241 88 28 10 339 6 4 25 17 32 30 16 5 37 5 50 14 1 11
5 2 7 4 119 101 0 4 19 3 4 64 6 57 341 96 196 106 83 294 2663 5799 10263 7560 431 5054 251 20 30 26 37 205 867 411 41 2 204 352 32 685 7724 2707 786 13 19 54 125 14 324 11 30 1 5 18 9 10 51 201 15 6 28 31 42 16 19 8 39 29 49 45 29 289 124 151 562 13 166 35 207 2 35 9 59 116 316 132 38 31 82 34 117 232 8 40 240 585 116 32 174 59 2 1 7 4 2 14 0 5 5 1 4 8 17 9 4 19 6 5 37 8 103 86 69 24 18 6 19 8 4 10 18 0 12 57 1 19 21 0 47 79 1 41 8 4 32 4 3 1 65 5 31 11 20 2 0 4 4 5 1 8 3 4 0 2 3 7 5 11 3 0 24 18 5 36 12 7 3 8 29 2 87 86 47 13 6 129 1 1 18 4 7 19 5 1 11 1 23 2 0 5
4 1 6 1 8 7 2 2 2 1 0 5 14 39 99 307 76 700 213 284 72 1134 7560 12392 797 4484 3989 184 26 14 115 11 74 93 713 91 101 108 23 2676 4564 5609 2580 12 32 1518 1382 11 647 14 42 1 9 37 22 16 254 110 164 85 533 50 47 143 43 82 142 701 80 89 33 8 17 162 341 13 12 6 12 3 55 9 122 249 160 185 320 36 101 32 365 419 15 57 444 50 7 1 267 237 0 0 0 0 1 0 0 2 0 0 0 1 14 37 48 13 13 54 42 212 102 301 108 16 6 1 7 41 3 62 7 1 5 22 0 8 17 0 41 79 91 24 142 1 6 16 2 1 61 352 8 11 44 2 0 9 1 0 0 7 1 1 0 0 0 4 80 59 12 27 2 4 1 9 32 50 6 13 81 0 6 25 30 1 15 22 0 6 23 1 3 29 16 9 0 0 6 0 0 4
10 5 20 16 107 133 4 3 13 4 24 193 2 0 9 3 10 10 7 18 301 6037 431 797 12177 2531 238 3 44 57 188 93 270 37 57 0 19 95 1 3634 283 113 316 20 36 25 1004 9 91 21 24 6 18 65 5 13 246 20 0 0 26 85 136 40 4 14 352 86 56 136 54 142 91 606 264 9 81 30 85 3 57 10 335 901 1746 1595 1191 30 134 51 133 122 13 45 330 193 82 11 4647 1184 5 0 11 4 2 8 1 2 3 1 6 8 6 2 0 12 12 2 58 2 121 34 56 42 24 12 16 4 0 8 20 0 8 112 1 53 9 1 202 193 5 20 2 5 50 5 1 0 166 15 26 6 39 7 1 9 2 2 0 6 17 2 0 0 0 5 4 16 2 1 18 10 3 35 19 7 4 14 22 1 95 206 95 13 12 103 2 8 23 0 15 27 8 6 5 1 16 3 0 7
0 1 0 0 2 2 1 1 0 0 0 6 1 3 21 10 35 6 52 116 67 2405 5054 4484 2531 5880 321 0 7 1 5 6 31 3 79 0 10 45 2 4143 519 85 111 3 8 9 1365 5 36 4 4 1 1 5 1 3 33 1 1 0 10 7 26 7 1 4 58 17 4 28 13 6 15 99 11 2 5 4 9 0 8 1 33 117 121 131 61 8 37 15 44 38 4 12 71 11 1 0 117 15 1 0 2 0 0 0 0 0 0 0 0 0 8 1 1 7 4 12 28 8 59 101 45 7 6 3 1 2 0 3 5 0 0 3 0 7 15 1 27 51 1 18 1 2 5 1 0 1 39 3 6 4 5 0 0 1 0 0 1 1 0 0 0 0 0 4 4 3 2 0 1 3 0 5 5 4 1 2 5 2 8 11 20 1 2 8 2 1 5 2 1 9 1 0 0 0 1 0 0 1
1 0 0 0 20 7 0 0 0 0 0 1 16 1498 498 1366 104 1593 617 419 11 166 251 3989 238 321 21533 4963 96 37 228 15 63 660 3308 966 779 87 108 2578 525 174 1172 5 9 848 969 11 66 4 9 5 27 38 4 7 554 726 794 465 288 45 99 773 232 178 172 1487 106 31 11 3 5 131 1367 14 2 2 7 1 14 5 137 247 82 114 238 5 30 11 85 71 5 14 211 174 5 7 213 401 0 1 0 0 1 0 0 1 0 0 0 0 20 144 189 42 11 392 34 1244 132 1516 115 8 4 7 6 55 3 235 10 4 8 8 3 16 21 2 38 111 398 29 226 1 10 15 4 2 96 618 3 7 16 1 0 3 0 0 1 5 0 0 0 1 7 6 66 69 17 62 3 7 8 7 13 42 0 7 37 2 9 13 43 3 8 8 1 4 10 0 2 9 12 35 2 0 1 0 0 0
1 1 0 0 72 21 0 0 0 1 0 9 22 1277 3779 3553 39 524 172 43 7 11 20 184 3 0 4963 14865 108 67 197 35 72 943 148 276 1816 41 2033 7 136 14 49 6 5 466 50 14 4 0 3 2 12 22 2 1 426 1129 166 250 133 19 70 452 1582 225 45 930 201 3 3 6 2 90 2444 17 0 1 1 0 8 1 57 62 15 10 28 3 3 3 19 9 1 2 34 602 0 4 24 201 1 2 1 0 22 0 0 0 0 0 0 0 13 406 403 46 19 830 20 2672 122 1747 53 4 4 3 4 148 3 563 19 2 24 16 6 54 16 2 75 178 1088 20 606 4 9 27 7 0 115 1403 5 9 9 1 0 1 1 0 0 0 1 0 0 0 12 15 91 152 35 111 7 8 19 6 29 70 5 3 48 3 10 2 36 18 4 7 1 0 6 0 1 5 28 75 0 1 4 3 0 0
4373 260 294 143 2225 428 1422 129 11 24 23 320 1 3 5 1 1 1 1 0 186 227 30 26 44 7 96 108 27638 9982 2418 108 80 3 8 1 3 9 20 12 193 5 48 2 10 63 34 20 8 6 46 35 1832 5970 190 23 3230 3 5 1 30 135 227 100 141 4 6001 15 407 100 49 135 10 171 90 32 46 5 112 9 76 7 3028 4498 446 155 45 16 25 9 58 46 30 17 136 734 67 3660 91 331 3 2 103 83 17 275 3 2 41 11 81 180 0 0 1 0 3 1 5 2 10 2 1 62 11 5 11 4 0 1 21 0 91 172 0 38 0 0 51 30 2 7 8 13 101 2 4 0 26 33 6 4 11 14 0 1 3 9 2 3 15 12 1 2 18 0 14 8 2 2 22 3 0 10 9 16 8 1 20 1 351 128 27 3 4 279 1 2 11 3 42 10 8 5 63 2 34 1 0 0
8535 2487 247 697 5030 1055 572 420 25 36 14 429 2 4 8 3 0 2 0 0 308 253 26 14 57 1 37 67 9982 13968 5140 98 60 4 4 0 3 4 29 4 694 1 18 1 10 45 21 38 13 5 97 61 613 717 125 67 4600 4 2 3 34 72 98 54 133 5 382 12 382 40 39 69 1 80 118 25 37 0 49 8 123 5 1559 739 901 281 20 12 20 4 39 109 49 21 76 966 59 836 112 193 8 4 141 87 20 281 4 2 35 15 92 199 0 0 1 0 0 1 3 10 4 1 2 53 10 4 11 6 0 5 20 0 77 85 0 12 0 0 30 11 0 2 8 12 106 4 0 0 10 33 2 0 5 9 0 0 8 12 13 9 16 5 1 3 15 2 23 5 4 1 16 1 0 2 9 21 3 4 20 2 301 61 13 3 1 256 3 0 6 1 29 2 7 2 80 0 14 2 0 0
131 708 152 1597 10767 3575 34 10 23 36 22 1312 0 10 10 4 1 5 4 1 408 280 37 115 188 5 228 197 2418 5140 16692 123 63 4 17 1 4 7 40 29 740 19 156 3 5 95 129 37 28 9 33 21 250 381 34 54 7427 11 23 2 78 173 392 186 241 9 707 206 641 117 55 51 1 64 397 35 20 1 23 2 71 2 1020 1495 1243 762 745 14 49 9 86 57 26 21 361 3353 74 198 2076 9064 6 2 132 72 16 241 7 2 41 14 105 184 0 0 1 0 0 2 0 11 4 4 6 39 10 1 2 5 0 2 20 0 70 63 0 12 1 0 21 7 3 4 11 15 57 5 1 1 6 37 1 3 20 7 0 2 4 4 2 8 8 9 1 0 4 0 14 10 3 2 17 1 3 3 6 17 3 3 30 3 215 49 13 0 5 171 0 2 12 1 31 11 11 2 76 4 23 3 0 1
28 7 34 33 1511 6382 7 12 54 50 48 2049 4 41 85 69 62 44 36 48 383 441 205 11 93 6 15 35 108 98 123 2950 4379 1136 9 8 32 353 73 22 330 8 35 2 3 44 46 50 5 2 5 6 35 26 9 15 35 885 24 16 38 33 43 19 77 1 44 92 225 10 17 526 375 103 3226 61 60 9 209 1 18 2 154 139 393 133 57 1 18 0 31 6 2 1 36 4020 408 92 104 16 7 5 111 57 8 252 8 6 26 23 76 189 2 8 8 2 5 4 8 29 19 21 7 38 10 3 15 6 0 13 29 0 75 92 1 29 1 2 58 35 22 3 14 9 62 3 2 0 32 30 9 2 2 6 0 5 2 4 0 2 12 9 0 1 2 2 11 5 2 6 16 7 2 17 6 18 0 0 18 3 287 112 27 10 2 244 3 2 5 3 37 7 6 2 106 0 25 2 0 2
14 2 10 11 1040 2201 5 6 72 39 93 1791 81 79 216 139 106 167 196 92 721 1157 867 74 270 31 63 72 80 60 63 4379 5452 2828 28 8 130 1379 172 122 737 26 124 79 26 361 206 168 26 19 9 12 41 38 13 19 69 1349 30 45 94 118 132 69 156 20 81 232 639 20 76 979 5368 551 1992 182 110 101 600 1 50 14 205 170 459 146 170 18 47 13 121 31 7 7 119 4582 476 80 131 45 5 3 56 40 9 110 1 10 14 9 44 101 2 24 29 9 25 27 41 116 178 89 57 96 37 27 28 20 2 34 44 1 53 308 3 113 10 0 330 241 49 37 47 18 111 16 9 0 255 95 70 3 10 8 2 5 9 13 2 11 30 17 1 2 4 11 31 35 4 11 53 30 4 87 12 48 9 4 64 4 282 400 133 32 4 386 5 2 8 8 67 13 14 13 68 7 59 11 2 14
0 0 0 1 13 3 0 1 0 0 1 0 11 818 667 347 196 132 102 131 68 138 411 93 37 3 660 943 3 4 4 1136 2828 5924 372 129 2019 1814 462 64 333 12 127 5 3 138 616 109 12 1 3 1 1 2 2 0 8 7381 1412 4068 108 92 195 230 555 7 15 1935 856 17 52 8 121 166 4806 166 2 27 12 0 19 2 12 14 32 11 33 1 25 7 89 6 2 4 139 178 2 2 17 9 0 0 1 1 1 3 0 4 0 0 0 3 2 12 10 4 14 26 37 96 87 48 34 22 14 6 17 9 0 32 19 0 5 109 1 62 5 0 175 169 57 20 30 8 34 9 2 1 136 73 29 2 10 2 0 8 6 1 0 5 15 12 0 1 1 3 21 17 2 3 18 11 4 37 7 31 2 3 46 2 41 162 51 7 2 64 0 1 2 3 25 10 7 5 1 1 13 8 0 2
1 0 0 0 6 0 0 0 0 0 0 4 2 2221 267 267 92 114 181 223 5 51 41 713 57 79 3308 148 8 4 17 9 28 372 4817 1650 349 42 8 2442 44 15 402 1 4 17 936 0 16 0 1 1 3 6 1 1 50 345 1355 307 14 4 16 87 16 3 22 585 21 8 3 5 6 104 407 4 1 2 1 0 4 0 6 33 22 21 81 4 3 0 25 5 0 3 57 43 0 0 27 45 0 0 2 0 1 1 0 1 0 0 0 1 20 20 19 30 13 89 78 82 188 596 213 16 9 2 18 8 1 32 5 0 0 7 0 3 41 1 26 68 9 50 9 0 9 5 2 0 96 22 12 0 1 1 1 0 0 3 1 0 2 1 0 1 0 9 5 15 2 2 7 8 1 11 2 6 0 1 7 2 1 6 31 3 1 16 0 0 2 5 3 1 2 4 0 0 5 6 0 4
0 0 0 0 0 0 1 0 0 0 0 0 0 8195 904 28 147 7 1 2 0 1 2 91 0 0 966 276 1 0 1 8 8 129 1650 313 1401 5 28 254 5 2 71 0 0 9 9 0 9 0 0 0 0 0 0 0 2 62 695 65 9 1 31 79 29 0 0 135 36 0 1 0 0 5 110 2 0 0 0 0 1 0 0 1 0 0 0 1 0 1 9 3 0 0 27 15 0 1 0 0 0 0 0 0 0 0 0 0 0 0 0 0 1 0 0 2 1 7 3 6 24 37 10 1 1 0 4 0 0 1 0 0 0 0 0 1 0 0 2 8 3 4 1 0 1 3 0 0 5 7 5 0 3 0 0 0 0 0 0 0 0 0 0 0 0 1 1 0 0 0 0 1 0 2 1 0 0 0 1 0 0 0 2 0 0 1 0 0 0 0 1 1 0 0 0 0 0 1 0 0
0 0 0 0 9 4 0 1 0 0 1 1 49 3696 3481 1357 1496 427 627 439 22 37 204 101 19 10 779 1816 3 3 4 32 130 2019 349 1401 4154 1121 849 71 650 34 141 57 45 382 179 101 13 14 1 0 1 3 0 0 11 675 1424 670 185 87 179 225 761 21 4 922 1058 10 37 6 4 262 942 197 3 83 26 2 21 6 5 5 14 5 17 9 47 19 138 14 2 6 119 79 1 0 4 7 1 2 2 1 5 2 0 3 0 0 1 0 14 27 39 26 33 54 83 130 281 278 149 45 43 11 27 27 2 59 30 1 5 48 1 31 24 2 130 214 60 68 35 1 35 16 6 1 201 120 53 6 9 3 0 3 2 1 1 1 5 4 0 0 0 18 25 45 5 7 35 33 6 89 11 42 1 3 55 6 14 104 63 22 12 98 1 3 9 10 13 10 8 5 3 1 28 6 1 13
2 1 1 1 9 2 0 0 1 1 3 0 536 29 156 600 377 1153 3641 317 69 151 352 108 95 45 87 41 9 4 7 353 1379 1814 42 5 1121 5490 166 191 655 57 245 427 200 2162 200 242 57 63 9 5 2 8 1 5 22 51 6 11 177 151 209 127 96 87 31 93 570 26 90 9 118 1560 284 252 18 313 56 11 59 30 39 30 43 37 61 53 136 81 415 39 0 7 178 16 4 2 27 11 3 2 5 3 14 6 1 19 1 0 0 8 65 99 100 121 86 141 354 350 1039 778 563 145 121 43 115 49 13 136 113 1 16 219 3 117 110 2 444 817 155 302 70 8 97 48 18 5 739 274 205 11 37 10 1 11 8 6 7 13 28 21 1 4 10 63 42 99 12 23 92 108 19 219 28 103 10 14 194 22 70 335 253 57 21 359 2 8 20 45 33 51 35 14 11 3 80 25 5 33
1 0 0 0 53 15 0 0 0 0 0 4 16 148 1018 1453 51 2527 66 209 1 8 32 23 1 2 108 2033 20 29 40 73 172 462 8 28 849 166 9461 5 200 37 80 2 6 592 19 196 13 2 1 0 4 4 3 1 53 597 4 41 7411 101 92 84 3444 152 2 187 7781 7 60 8 1 53 1426 469 0 3 3 0 21 1 9 10 7 3 9 6 32 8 71 11 2 2 62 449 0 0 6 42 1 1 0 0 10 1 0 1 0 0 0 1 6 399 447 37 20 647 10 2360 133 1118 38 4 3 3 5 153 2 563 17 4 30 20 5 45 15 5 71 178 1014 12 545 4 10 34 15 4 98 1334 8 16 14 0 1 7 0 0 0 2 0 0 0 0 14 20 117 183 48 104 3 7 20 11 42 118 4 3 94 5 10 3 30 23 13 7 0 1 13 2 0 11 24 79 1 2 4 1 0 1
3 2 1 0 9 12 1 0 2 0 0 7 1 85 66 52 144 15 207 423 49 1375 685 2676 3634 4143 2578 7 12 4 29 22 122 64 2442 254 71 191 5 3905 268 75 427 8 25 35 4577 8 65 6 9 1 10 32 3 2 103 46 134 17 23 23 64 37 8 6 113 205 27 78 16 32 44 343 72 9 10 11 18 2 32 1 111 237 214 276 260 20 67 27 80 69 3 18 165 16 9 1 270 73 0 1 1 0 1 1 0 0 0 0 1 0 24 20 8 52 19 57 84 24 238 461 258 21 19 7 22 7 4 25 11 0 4 14 0 18 32 2 68 142 0 61 12 5 13 10 1 1 146 10 31 6 18 3 1 1 0 1 0 6 2 0 0 0 0 10 9 23 2 0 15 17 2 14 10 6 3 6 17 4 10 32 58 4 7 51 1 1 11 6 9 8 9 1 3 1 5 5 1 3
1616 1001 1723 579 815 1365 234 866 47 171 73 1313 32 198 2503 1109 639 2011 559 1475 573 856 7724 4564 283 519 525 136 193 694 740 330 737 333 44 5 650 655 200 268 7674 4460 2756 63 110 1787 106 127 3536 88 954 270 57 57 925 1193 183 212 17 6 1561 221 140 136 139 169 99 72 482 245 255 323 97 369 564 312 128 53 284 54 1188 154 2542 227 823 151 74 673 1279 276 2418 3367 401 502 2384 1038 191 134 168 170 6 1 75 42 13 120 3 14 12 14 32 87 20 41 44 19 15 55 40 240 133 228 71 117 48 22 39 60 1 94 81 3 69 431 5 159 27 1 270 207 114 58 183 34 153 67 33 2 154 536 86 50 146 16 0 52 26 28 62 175 38 16 2 5 36 15 155 197 35 38 89 34 17 108 75 247 55 85 382 45 497 465 102 37 54 526 47 23 237 12 104 151 80 31 67 10 61 14 1 13
10 2 8 0 6 6 3 4 1 0 0 0 3 20 179 144 18 377 54 91 28 249 2707 5609 113 85 174 14 5 1 19 8 26 12 15 2 34 57 37 75 4460 7157 4245 8 22 619 87 10 4097 12 55 1 4 8 34 27 31 8 1 2 540 27 28 29 38 26 31 59 95 32 16 4 5 20 37 63 4 2 6 1 31 8 70 56 47 43 36 24 91 34 775 416 7 56 295 16 2 2 58 27 0 0 1 0 0 0 0 0 0 0 1 2 2 4 13 1 2 7 7 55 8 31 15 1 0 0 2 15 0 13 8 0 3 1 1 5 1 0 5 12 30 3 57 2 0 21 10 1 14 173 0 11 20 1 0 16 0 0 1 5 0 0 0 0 2 2 46 48 7 10 1 5 2 4 9 83 3 7 100 12 1 3 3 1 19 5 1 4 17 0 0 21 7 8 0 0 1 0 0 1
12 2 10 3 32 11 4 7 0 1 0 9 39 31 76 213 40 733 193 158 18 251 786 2580 316 111 1172 49 48 18 156 35 124 127 402 71 141 245 80 427 2756 4245 6793 79 202 3231 708 101 1807 62 92 3 11 25 29 29 329 201 161 104 2332 241 688 6345 163 212 153 693 750 284 127 9 25 69 584 382 16 2 20 3 134 15 129 183 83 126 200 149 309 224 4834 771 56 258 3596 232 6 4 225 287 0 2 0 0 5 1 0 0 0 0 0 0 8 25 38 11 9 52 24 297 54 203 57 8 6 2 9 102 1 72 45 4 9 12 4 18 3 1 31 67 117 18 364 6 6 142 67 2 51 1009 11 48 145 5 3 68 3 4 6 42 0 2 0 0 6 13 398 451 60 63 4 19 13 23 114 685 25 80 893 83 2 14 21 14 140 14 11 20 117 2 4 167 73 44 2 0 3 2 0 1
1 0 0 0 0 1 0 0 3 0 0 3 8267 0 6 11 17 427 6115 109 4 22 13 12 20 3 5 6 2 1 3 2 79 5 1 0 57 427 2 8 63 8 79 10156 3860 1712 11 66 27 373 7 41 2 1 0 1 7 3 0 0 11 26 63 15 6 270 7 6 57 18 29 120 3018 2574 5 35 465 3388 3190 78 117 207 4 4 20 4 13 157 185 460 839 6 3 5 88 5 8 3 8 2 2 1 3 2 8 3 1 4 0 0 0 4 21 21 68 27 42 86 116 163 404 622 248 51 54 17 37 22 1 46 41 1 4 103 2 65 38 4 292 345 23 71 15 7 58 32 13 2 392 107 70 16 63 4 0 27 12 8 14 10 11 6 2 0 0 16 22 66 14 19 33 40 11 87 43 43 7 17 139 8 48 223 264 22 24 182 4 16 51 19 18 62 23 12 6 3 28 8 1 9
4 0 3 0 4 6 2 2 144 17 6 4 4643 5 7 3 15 17 584 36 10 44 19 32 36 8 9 5 10 10 5 3 26 3 4 0 45 200 6 25 110 22 202 3860 14991 2002 28 58 29 7091 27 105 15 2 8 1 14 4 0 1 29 57 69 129 53 5286 12 25 125 35 41 246 343 615 22 43 4668 2410 2239 210 478 696 15 9 18 13 14 729 351 4181 1615 34 9 11 140 24 1182 115 23 7 0 2 3 1 5 2 0 2 1 1 2 10 2 5 15 2 3 3 5 104 12 24 7 5 7 5 7 94 1 27 40 4 6 6 2 5 5 1 15 25 39 10 190 5 1 129 123 0 36 1018 13 96 324 3 3 159 23 5 24 75 1 0 0 1 0 8 323 370 55 164 7 13 6 14 158 532 37 107 1425 120 10 10 12 6 198 29 22 105 306 5 1 412 113 36 6 1 1 0 0 2
5 2 3 0 36 11 3 3 0 0 0 9 1321 2 36 121 71 4649 2201 88 7 22 54 1518 25 9 848 466 63 45 95 44 361 138 17 9 382 2162 592 35 1787 619 3231 1712 2002 3325 59 97 135 47 13 4 13 12 44 14 188 67 11 17 1256 61 299 5270 2110 1515 34 203 759 21 30 47 123 160 309 151 74 97 108 4 40 7 89 31 15 12 46 66 135 1024 2438 72 4 14 308 199 16 6 29 94 4 5 1 1 18 3 0 1 0 0 0 4 8 450 961 34 34 313 15 2646 216 680 38 5 0 9 14 731 6 816 58 9 47 23 10 88 16 7 132 310 1610 24 2347 15 6 347 256 9 228 7582 13 38 72 4 3 70 1 9 2 18 0 1 0 1 27 47 1210 1164 130 460 7 22 57 48 134 1040 20 36 1188 25 9 5 24 48 63 10 5 15 59 3 2 117 83 163 5 2 2 0 1 1
2 2 0 0 24 25 0 0 0 2 0 6 5 35 34 17 77 5 45 74 18 223 125 1382 1004 1365 969 50 34 21 129 46 206 616 936 9 179 200 19 4577 106 87 708 11 28 59 4193 10 63 11 11 2 7 12 5 7 205 1010 511 1406 51 60 101 136 33 9 74 4898 122 82 26 57 91 448 1326 14 15 22 36 0 26 4 38 109 114 126 1329 17 53 30 88 52 2 20 279 183 28 4 205 243 0 1 1 1 2 3 0 3 0 0 1 3 18 15 5 35 50 17 135 13 299 173 250 37 24 20 30 6 0 17 22 0 4 60 1 32 33 5 149 252 8 82 13 2 27 7 1 1 217 14 52 9 18 2 0 3 1 2 1 0 9 2 0 1 1 24 11 25 7 2 15 38 4 35 14 12 4 5 23 1 23 101 71 8 5 81 2 1 8 6 9 11 9 3 3 0 25 4 0 6
4 1 0 0 50 30 0 2 0 1 2 12 19 6 28 57 17 262 38 24 3 17 14 11 9 5 11 14 20 38 37 50 168 109 0 0 101 242 196 8 127 10 101 66 58 97 10 13420 75 206 24 3 3 3 2 1 60 143 3 4 1256 8241 2037 56 133 65 13 53 2235 209 2929 20 9 4 438 6517 15 4 13 6 348 68 21 17 6 8 7 577 6648 283 3753 56 17 46 433 388 11 4 8 33 3 11 0 0 14 0 0 16 1 0 0 0 1 1 5 5 12 6 6 39 21 16 7 5 14 5 54 52 3 14 95 13 13 8 6 10 14 0 11 14 24 41 36 14 7 258 36 11 75 102 22 799 2896 6 6 434 11 6 20 304 0 0 3 3 5 25 89 764 425 41 21 61 24 61 1145 337 223 906 1633 254 5 16 21 30 673 72 65 257 1612 13 7 2444 668 81 26 6 12 2 3 5
34 11 26 2 17 8 20 27 0 4 0 9 17 3 61 52 8 96 54 99 13 209 324 647 91 36 66 4 8 13 28 5 26 12 16 9 13 57 13 65 3536 4097 1807 27 29 135 63 75 13254 46 487 10 4 7 32 23 55 20 5 6 233 88 100 47 12 47 38 54 136 249 102 8 9 30 45 179 16 0 9 5 178 26 105 76 43 48 31 159 506 160 1472 7775 95 1339 9546 23 2 7 74 42 0 0 0 1 0 1 0 2 0 0 1 1 3 4 2 1 5 6 6 17 9 25 11 0 1 2 2 19 2 4 14 1 0 7 0 1 0 0 10 10 9 8 21 0 4 31 9 1 19 69 7 40 122 0 0 33 7 3 12 49 0 0 0 0 0 2 36 107 31 7 1 6 2 7 94 90 13 55 225 35 2 12 4 1 86 9 12 17 95 2 0 128 42 8 2 0 1 0 0 0
6 1 2 0 1 2 2 6 108 8 6 2 110 2 2 1 9 14 105 25 3 24 11 14 21 4 4 0 6 5 9 2 19 1 0 0 14 63 2 6 88 12 62 373 7091 47 11 206 46 12403 105 959 6 3 15 1 16 4 1 2 42 164 138 10 8 2537 7 8 140 61 91 65 51 556 6 185 1473 464 375 2035 1771 7160 21 11 12 10 9 3025 980 4121 1515 64 30 28 215 4 656 74 6 4 0 1 0 0 0 3 1 6 0 3 2 2 3 1 3 1 1 1 0 9 6 4 4 2 3 5 16 17 4 3 27 3 5 2 2 1 2 1 8 7 6 9 14 7 3 74 22 9 36 70 7 210 693 6 2 226 175 42 220 343 4 0 1 0 1 3 21 175 80 49 9 20 7 10 231 68 105 264 741 67 9 14 8 0 171 35 70 460 999 2 3 835 185 25 18 3 6 1 0 0
292 53 165 21 60 49 130 238 12 30 10 32 0 0 6 10 2 6 12 16 10 44 30 42 24 4 9 3 46 97 33 5 9 3 1 0 1 9 1 9 954 55 92 7 27 13 11 24 487 105 11719 19590 94 6 1416 75 27 3 0 0 29 32 23 5 8 105 22 8 22 369 64 7 1 89 6 14 60 8 15 985 4503 489 1518 27 34 29 8 336 169 66 138 6392 7986 499 588 32 31 60 17 28 2 0 4 3 3 2 0 4 0 1 3 3 0 0 0 2 5 0 3 1 6 2 2 10 2 0 4 1 0 0 3 0 4 29 0 11 1 0 28 28 0 3 0 7 5 3 2 0 20 3 4 21 31 13 0 10 609 216 742 738 21 0 0 0 1 1 2 9 1 6 2 2 0 2 3 4 271 57 25 5 42 33 14 3 3 41 76 30 226 2 15 20 40 3 7 2 1 1 0 0
226 39 113 15 35 23 82 189 25 36 6 22 3 0 0 0 2 0 16 2 3 8 1 1 6 1 5 2 35 61 21 6 12 1 1 0 0 5 0 1 270 1 3 41 105 4 2 3 10 959 19590 31208 83 4 961 19 11 4 0 0 1 18 5 2 4 710 6 3 3 52 15 17 9 196 2 1 255 62 64 13782 3562 1654 849 8 12 13 2 930 91 150 26 576 1301 23 27 30 151 72 2 14 6 0 7 3 3 0 4 27 2 0 5 6 0 0 0 2 2 0 1 1 6 1 0 4 2 2 2 0 0 1 4 0 4 14 1 13 1 0 24 25 0 1 0 12 8 3 5 0 27 1 2 23 10 37 0 29 2664 932 3724 843 115 9 1 2 0 0 1 4 2 50 7 4 0 5 5 0 485 46 14 0 23 37 59 0 1 76 240 132 329 0 66 16 66 0 38 10 2 0 0 0
1410 144 344 54 232 123 1216 775 131 162 50 134 1 0 1 2 0 4 3 0 29 28 5 9 18 1 27 12 1832 613 250 35 41 1 3 0 1 2 4 10 57 4 11 2 15 13 7 3 4 6 94 83 5028 4575 1418 2 169 3 2 0 2 26 54 26 33 8 236 11 88 15 6 82 4 65 33 5 37 4 40 8 53 19 1667 196 55 31 18 5 7 5 14 41 39 4 44 157 170 4266 48 120 0 1 26 19 4 54 1 1 6 0 13 36 1 0 0 0 6 1 2 0 18 0 2 18 9 2 2 1 0 0 6 0 20 93 1 27 0 0 47 28 1 6 2 2 33 1 0 0 26 4 13 1 2 1 0 2 1 1 3 0 6 2 0 1 5 0 5 1 0 0 6 5 1 6 2 2 1 0 1 1 109 62 6 4 0 104 1 0 1 1 7 3 0 1 28 0 13 2 0 3
964 148 241 64 309 157 514 300 12 38 7 168 1 2 2 2 0 2 0 0 50 55 18 37 65 5 38 22 5970 717 381 26 38 2 6 0 3 8 4 32 57 8 25 1 2 12 12 3 7 3 6 4 4575 5655 261 5 540 4 1 0 10 47 86 39 42 0 1059 12 121 34 14 34 4 54 45 3 23 4 38 2 15 3 1652 3845 94 62 69 3 18 5 15 17 5 8 61 250 29 1587 110 316 0 0 34 21 7 48 2 0 8 1 22 47 0 1 0 3 0 0 1 1 7 1 2 13 7 1 4 0 0 0 11 0 14 57 0 17 0 0 37 21 1 2 2 4 31 1 0 0 13 3 7 2 3 2 0 0 0 1 0 0 2 2 0 0 7 0 0 0 0 1 14 2 0 6 3 4 0 0 5 2 111 51 9 7 1 82 1 0 2 1 7 6 1 2 21 2 9 1 0 4
322 19 76 13 47 15 319 209 27 33 9 33 1 0 9 9 0 23 5 5 6 11 9 22 5 1 4 2 190 125 34 9 13 2 1 0 0 1 3 3 925 34 29 0 8 44 5 2 32 15 1416 961 1418 261 8235 885 8 1 0 0 34 6 8 2 8 21 41 2 24 28 7 16 0 23 6 6 21 1 10 105 436 60 755 15 12 8 6 27 17 7 40 807 221 13 38 31 38 1786 8 24 0 1 5 1 0 12 0 0 1 1 4 13 0 0 0 0 1 0 0 2 6 2 0 6 1 1 1 1 0 1 1 0 5 30 0 4 0 0 16 10 3 2 1 4 12 0 0 0 9 5 1 0 3 0 0 2 37 10 44 38 1 0 0 0 1 2 0 1 0 1 0 3 1 6 3 1 5 3 3 0 23 18 4 4 1 21 3 1 14 1 5 1 4 1 3 0 2 1 0 0
184 77 166 48 57 99 34 88 3 20 4 90 1 0 9 12 1 12 1 5 927 27 10 16 13 3 7 1 23 67 54 15 19 0 1 0 0 5 1 2 1193 27 29 1 1 14 7 1 23 1 75 19 2 5 885 2814 13 2 1 1 18 7 9 4 1 2 10 2 11 9 7 8 1 19 11 0 5 0 12 2 48 5 6621 18 1292 22 5 14 14 7 20 163 20 13 36 40 6 9 18 19 0 0 3 3 0 4 0 3 0 0 2 5 0 0 0 2 1 1 1 3 8 0 2 6 0 2 0 1 0 2 5 0 6 21 0 4 0 0 12 10 1 1 2 0 10 2 0 0 6 5 3 1 3 2 0 1 2 3 3 5 2 0 0 0 0 0 0 1 0 1 2 2 0 3 1 1 2 1 3 0 30 21 4 3 0 17 1 3 7 0 6 2 1 0 3 1 1 0 1 0
47 58 95 58 720 138 5 7 7 5 8 135 1 5 12 8 2 22 8 3 196 350 51 254 246 33 554 426 3230 4600 7427 35 69 8 50 2 11 22 53 103 183 31 329 7 14 188 205 60 55 16 27 11 169 540 8 13 8545 21 20 4 156 488 1068 548 464 13 3235 218 1655 382 191 68 13 178 603 78 33 10 50 3 128 3 909 1755 498 636 715 28 145 32 255 76 29 58 944 2815 43 32 1605 4754 1 0 21 14 4 39 2 2 3 2 6 29 0 2 4 2 7 0 4 10 27 4 1 27 10 3 9 8 0 5 9 0 15 107 0 25 4 0 72 44 8 2 34 8 39 15 2 1 35 87 13 10 63 6 0 6 1 3 2 11 12 4 0 2 5 1 42 37 13 7 11 8 3 14 25 36 6 18 70 10 105 111 30 4 19 120 4 7 22 3 20 39 20 4 14 0 8 3 0 2
1 0 0 0 219 476 0 0 1 1 2 51 2 619 933 467 166 84 18 130 70 173 201 110 20 1 726 1129 3 4 11 885 1349 7381 345 62 675 51 597 46 212 8 201 3 4 67 1010 143 20 4 3 4 3 4 1 2 21 9383 1271 3699 138 142 343 306 769 10 7 3332 1539 34 49 173 0 41 12528 197 2 1 45 0 24 0 27 20 49 12 54 5 29 6 63 14 3 5 228 3849 4 2 11 40 0 0 0 0 1 6 0 0 0 0 2 2 0 19 12 3 5 22 9 115 23 33 15 12 4 5 9 13 0 18 4 0 6 22 1 11 1 1 39 43 47 2 50 2 8 11 3 0 29 105 2 5 12 2 1 0 0 2 0 3 3 0 0 0 0 0 30 29 3 6 4 1 2 3 7 29 0 3 68 4 20 34 7 2 7 21 0 0 2 0 2 10 5 4 5 1 3 0 0 1
0 0 0 0 8 1 0 0 1 0 0 1 1 464 115 6 9 8 3 9 7 11 15 164 0 1 794 166 5 2 23 24 30 1412 1355 695 1424 6 4 134 17 1 161 0 0 11 511 3 5 1 0 0 2 1 0 1 20 1271 1628 4028 13 8 26 115 28 0 2 2680 64 7 3 2 0 42 1086 0 1 0 0 0 1 1 4 4 5 1 15 1 0 0 22 2 0 2 50 84 1 2 1 26 0 0 0 0 0 1 0 0 0 0 0 0 6 4 1 7 4 6 43 4 111 59 97 4 2 2 8 2 1 3 4 0 0 2 0 4 10 0 18 46 1 29 7 0 6 1 0 0 31 4 11 0 0 0 0 1 0 0 0 0 1 2 0 0 0 5 5 3 3 0 6 6 0 8 1 1 0 1 3 1 3 2 11 1 0 7 0 0 1 2 0 0 0 0 0 0 3 0 0 1
0 0 1 0 3 1 0 0 0 0 0 0 0 139 109 31 15 9 1 9 2 3 6 85 0 0 465 250 1 3 2 16 45 4068 307 65 670 11 41 17 6 2 104 0 1 17 1406 4 6 2 0 0 0 0 0 1 4 3699 4028 3027 22 18 120 150 94 0 2 5051 177 3 2 3 0 3 841 8 0 0 0 0 1 0 0 1 1 1 19 0 1 4 27 3 0 0 115 65 0 0 1 6 0 0 0 0 0 0 0 0 0 0 0 0 0 1 1 0 0 1 1 7 1 7 2 0 1 0 0 1 1 1 0 0 0 2 0 1 0 0 0 3 3 1 2 0 0 1 0 0 3 8 0 0 3 0 0 1 0 0 0 0 0 0 0 0 0 0 3 4 0 3 0 0 0 0 2 5 1 1 5 0 0 1 0 0 0 0 0 0 2 0 0 0 0 0 0 0 0 0 0 0
5 2 4 0 42 11 0 5 0 1 1 7 16 6 77 134 28 2109 40 57 3 20 28 533 26 10 288 133 30 34 78 38 94 108 14 9 185 177 7411 23 1561 540 2332 11 29 1256 51 1256 233 42 29 1 2 10 34 18 156 138 13 22 15779 578 908 3985 2225 151 29 155 7326 86 357 11 5 11 438 8506 2 0 11 0 176 3 60 44 14 13 22 73 722 32 4333 131 7 25 733 257 4 5 44 93 0 1 0 0 3 1 0 3 1 0 0 2 1 33 83 10 7 26 2 322 16 55 6 0 5 3 5 186 5 112 36 5 14 7 6 9 5 1 18 42 186 15 629 2 4 195 195 2 39 1845 11 27 109 2 1 91 1 3 1 18 2 2 0 0 3 19 605 534 49 59 11 21 7 24 113 828 8 22 995 92 4 5 5 18 117 15 1 30 41 2 3 127 70 51 0 1 3 2 0 1
6 3 5 3 74 27 7 2 1 0 2 28 11 1 15 34 10 149 31 28 8 67 31 50 85 7 45 19 135 72 173 33 118 92 4 1 87 151 101 23 221 27 241 26 57 61 60 8241 88 164 32 18 26 47 6 7 488 142 8 18 578 13953 9750 162 474 41 143 196 2650 8866 4849 23 6 14 602 888 19 1 18 21 937 179 119 186 76 85 70 1009 2649 269 1849 109 64 440 2329 423 12 7 107 138 2 4 0 0 2 1 0 8 2 0 0 0 0 5 1 2 5 9 2 24 15 16 5 1 9 4 30 33 5 12 39 6 8 2 4 4 4 2 5 12 8 24 27 12 5 151 15 4 31 100 9 990 1982 3 5 285 42 12 65 609 1 0 1 0 2 11 46 279 182 23 13 25 6 20 375 199 232 1285 798 96 6 7 20 5 189 40 193 197 2751 2 0 1328 485 24 16 0 3 1 1 0
6 2 3 3 59 37 3 4 2 0 1 33 18 22 39 34 7 205 58 33 12 111 42 47 136 26 99 70 227 98 392 43 132 195 16 31 179 209 92 64 140 28 688 63 69 299 101 2037 100 138 23 5 54 86 8 9 1068 343 26 120 908 9750 15064 2049 1672 76 354 747 10332 706 489 25 9 19 1236 911 28 5 25 6 198 17 235 379 94 169 100 185 1519 251 2870 125 71 207 5896 569 16 11 313 459 0 4 1 1 3 2 0 5 0 0 1 1 3 8 12 4 10 23 6 124 25 77 16 7 8 3 27 56 6 29 46 6 9 7 3 8 9 0 15 21 58 20 89 5 4 158 49 3 39 278 14 328 1111 3 3 208 3 7 12 88 1 6 0 1 5 22 130 462 212 36 13 49 16 27 489 403 82 242 990 181 4 16 13 13 387 38 19 86 457 10 0 902 289 64 11 2 4 2 0 3
3 0 3 1 27 16 0 0 0 0 0 10 46 58 51 72 14 657 142 34 4 30 16 143 40 7 773 452 100 54 186 19 69 230 87 79 225 127 84 37 136 29 6345 15 129 5270 136 56 47 10 5 2 26 39 2 4 548 306 115 150 3985 162 2049 8279 2904 255 129 681 4090 78 46 8 7 15 887 285 4 5 7 3 35 0 84 153 51 70 73 23 50 44 2092 39 17 31 3344 308 2 4 165 277 0 2 0 0 4 2 0 0 0 0 0 1 3 72 95 10 10 68 7 641 31 171 22 1 0 1 2 150 0 152 10 2 15 12 2 17 7 0 21 49 360 10 601 1 4 101 43 2 42 1488 7 17 32 1 2 15 0 1 2 5 1 0 0 1 7 14 487 320 31 99 0 4 11 10 52 397 2 17 410 16 5 6 6 5 28 4 1 9 21 4 1 33 28 36 0 0 1 0 0 0
0 0 0 0 146 47 0 0 0 0 1 27 56 77 350 154 28 535 59 53 10 14 19 43 4 1 232 1582 141 133 241 77 156 555 16 29 761 96 3444 8 139 38 163 6 53 2110 33 133 12 8 8 4 33 42 8 1 464 769 28 94 2225 474 1672 2904 9281 234 63 698 14586 57 94 17 4 20 2362 462 4 1 15 1 39 0 82 62 26 16 42 3 35 22 511 13 3 7 232 965 2 8 30 214 4 3 2 0 10 4 0 0 0 0 0 0 4 185 212 28 23 181 13 1596 77 308 18 4 0 4 8 301 2 418 24 4 19 29 10 43 12 0 64 163 942 18 1163 7 4 112 29 3 91 2866 9 24 44 3 2 13 0 2 0 8 0 0 0 0 16 19 626 409 73 165 8 11 28 24 87 407 5 13 422 30 13 7 4 14 34 6 0 10 18 1 0 51 46 103 0 0 3 2 0 2
4 0 1 1 8 3 0 5 70 2 2 6 2369 3 8 91 7 212 295 18 4 13 8 82 14 4 178 225 4 5 9 1 20 7 3 0 21 87 152 6 169 26 212 270 5286 1515 9 65 47 2537 105 710 8 0 21 2 13 10 0 0 151 41 76 255 234 1446 4 23 133 28 33 39 24 1066 32 50 1179 1117 249 949 431 2037 19 9 8 3 7 403 238 1162 2160 33 6 9 107 28 605 44 10 10 0 0 1 1 0 5 0 1 1 0 5 7 0 30 151 2 2 21 0 100 15 112 5 2 3 0 3 60 0 64 11 0 5 2 0 7 2 0 11 23 62 3 101 1 1 44 55 1 32 713 3 52 145 1 0 37 129 21 172 101 4 0 0 0 2 3 57 115 13 967 2 6 7 3 61 78 37 40 270 21 4 1 11 5 48 3 7 17 115 1 1 133 40 8 11 0 0 1 0 0
180 131 220 94 253 292 7 37 5 21 14 312 0 2 3 1 2 5 3 4 34 91 39 142 352 58 172 45 6001 382 707 44 81 15 22 0 4 31 2 113 99 31 153 7 12 34 74 13 38 7 22 6 236 1059 41 10 3235 7 2 2 29 143 354 129 63 4 7883 35 339 134 66 65 9 173 152 34 31 18 44 0 45 5 1234 5440 244 1369 379 16 90 18 120 79 11 23 404 541 38 28 1217 1559 1 0 12 6 4 18 0 4 4 1 7 15 1 0 0 2 6 1 14 2 28 4 5 44 11 4 8 3 0 3 16 0 14 165 0 46 1 0 110 65 1 9 9 8 52 6 1 0 62 19 19 7 16 4 1 4 0 6 1 6 13 3 1 0 8 2 10 13 3 1 20 12 3 27 12 13 3 6 24 5 133 203 35 17 7 161 3 4 12 6 25 20 8 2 16 3 17 4 0 6
0 2 0 1 23 8 0 0 11 0 1 3 3 226 139 59 14 23 10 17 13 43 29 701 86 17 1487 930 15 12 206 92 232 1935 585 135 922 93 187 205 72 59 693 6 25 203 4898 53 54 8 8 3 11 12 2 2 218 3332 2680 5051 155 196 747 681 698 23 35 2898 1353 136 80 44 36 444 2843 61 53 16 37 0 43 3 19 64 38 54 774 14 38 27 175 34 10 24 659 265 29 4 151 1594 0 1 1 1 2 1 0 2 0 0 1 2 3 3 3 3 17 2 41 22 119 36 80 24 12 15 14 6 3 18 15 1 4 94 1 36 6 2 167 160 6 18 30 2 37 7 3 1 124 82 18 8 30 2 0 7 1 8 1 6 9 5 0 1 1 3 39 35 6 7 14 12 1 21 13 56 1 7 67 2 55 141 69 8 10 62 1 4 6 6 12 22 10 3 3 1 16 3 0 1
6 5 2 3 401 145 5 3 2 2 1 106 27 67 430 430 66 1224 79 228 20 64 49 80 56 4 106 201 407 382 641 225 639 856 21 36 1058 570 7781 27 482 95 750 57 125 759 122 2235 136 140 22 3 88 121 24 11 1655 1539 64 177 7326 2650 10332 4090 14586 133 339 1353 18038 277 460 88 23 29 4832 4692 11 6 41 1 157 8 275 321 104 103 155 62 565 208 4124 67 31 66 2466 2742 22 31 227 625 1 12 4 1 14 4 0 7 1 2 0 6 9 39 55 9 16 46 23 474 90 125 34 15 17 5 40 296 4 138 120 28 19 17 9 23 21 3 35 78 168 57 746 9 7 412 198 2 82 1963 48 133 515 6 3 281 3 8 6 41 4 8 2 4 9 42 868 1173 222 105 20 67 30 82 587 1749 40 137 2462 356 12 13 17 30 641 40 10 58 176 12 6 674 233 106 6 3 12 5 0 4
39 10 12 4 20 15 22 30 2 10 4 16 5 3 5 8 7 26 12 18 5 99 45 89 136 28 31 3 100 40 117 10 20 17 8 0 10 26 7 78 245 32 284 18 35 21 82 209 249 61 369 52 15 34 28 9 382 34 7 3 86 8866 706 78 57 28 134 136 277 2031 3720 6 5 11 139 83 9 1 6 161 3948 341 184 189 93 114 66 825 720 122 488 673 1021 1042 2382 102 8 13 168 124 3 0 1 0 0 0 0 3 2 0 0 1 2 3 0 4 0 5 5 11 7 5 8 3 3 1 7 11 2 3 6 0 2 8 0 2 4 0 9 9 2 4 10 3 4 36 4 1 11 24 3 220 353 20 3 95 148 234 290 1042 7 0 0 0 1 2 7 70 28 6 2 5 0 5 83 50 360 369 166 20 5 10 10 2 59 22 182 61 1069 2 6 239 214 9 5 2 1 1 1 0
20 2 11 3 31 13 4 15 1 2 0 13 11 0 14 21 8 90 20 20 2 43 29 33 54 13 11 3 49 39 55 17 76 52 3 1 37 90 60 16 255 16 127 29 41 30 26 2929 102 91 64 15 6 14 7 7 191 49 3 2 357 4849 489 46 94 33 66 80 460 3720 7338 11 6 12 230 588 11 5 17 62 4525 212 73 66 37 40 30 1355 3701 195 1360 268 110 409 1047 200 7 4 45 50 0 3 0 1 0 1 0 5 1 0 0 0 0 1 3 2 1 5 2 6 5 8 1 0 1 0 19 19 1 5 14 2 2 0 1 3 1 0 2 7 11 11 11 5 3 64 14 2 10 28 5 395 720 2 3 163 50 68 112 564 2 0 0 1 0 4 13 81 80 10 1 11 2 7 126 71 201 627 313 33 3 7 9 6 78 19 175 89 1561 2 3 501 206 13 6 1 5 4 0 3
7 16 26 25 374 708 33 36 474 447 1493 2062 54 8 14 11 4 8 16 11 421 638 289 8 142 6 3 6 135 69 51 526 979 8 5 0 6 9 8 32 323 4 9 120 246 47 57 20 8 65 7 17 82 34 16 8 68 173 2 3 11 23 25 8 17 39 65 44 88 6 11 3600 757 968 204 15 4429 142 5357 17 33 53 152 107 342 86 95 16 13 50 28 15 8 1 21 1033 7893 598 95 26 11 7 205 118 30 440 8 16 45 55 170 370 1 3 3 2 7 5 18 8 40 14 14 156 27 14 41 3 0 3 48 1 178 274 1 67 1 0 177 78 2 7 8 23 226 4 5 2 82 19 24 7 6 20 0 8 8 18 7 15 33 17 0 7 13 1 4 13 0 4 51 18 5 26 4 10 14 8 14 1 757 333 130 9 0 809 5 7 12 9 63 8 12 5 288 3 71 9 1 7
