60005 17111 18229 4938 2011 4640 9378 22752 131 718 134 1798 1 15 14 19 0 11 3 2 202 144 23 14 25 9 44 96 14372 13583 687 136 32 8 10 0 6 5 72 15 948 10 27 2 10 6 28 28 152 16 339 83 122 4022 509 262 529 8 2 4 31 47 96 43 227 11 495 21 121 25 35 167 7 36 79 35 48 5 53 18 54 7 2183 1021 2081 119 72 59 35 10 18 528 145 79 27 621 491 2329 70 87 29 7 130 190 2 270 2 4 18 65 88 233 0 0 4 0 0 1 0 5 2 4 5 3 5 1 0 0 0 1 5 0 6 86 0 33 0 1 5 11 5 6 2 7 19 1 4 0 2 8 2 1 1 0 0 7 3 3 4 2 1 3 0 1 3 0 3 3 0 0 4 4 3 1 3 4 0 3 11 0 64 12 2 1 0 49 10 2 11 5 6 3 1 1 84 2 16 2 0 1
17111 25250 5459 9622 2353 4147 92 187 79 80 81 1065 1 0 3 2 0 1 1 0 176 65 7 3 8 3 2 2 772 2527 30 40 19 3 0 0 0 5 2 7 389 6 4 0 1 0 1 5 36 3 89 17 13 380 70 161 50 5 0 0 1 1 1 0 8 4 303 1 2 2 6 80 5 23 20 2 35 0 10 10 15 2 473 364 1091 95 5 10 8 1 1 132 27 22 4 63 583 111 30 5 48 8 183 251 3 371 2 4 31 114 125 298 0 0 0 0 1 0 0 0 0 1 1 3 13 0 0 0 0 0 7 0 21 87 0 45 0 0 8 5 0 2 0 6 22 0 0 0 0 2 0 1 0 0 2 2 0 2 0 1 1 1 1 2 5 0 0 0 0 1 5 4 0 1 0 0 1 0 0 0 61 6 3 0 0 59 1 0 2 2 11 0 1 5 124 3 15 2 1 1
18229 5459 33592 9285 34 8387 198 9149 74 5502 49 14518 2 0 0 1 0 1 0 0 91 27 8 3 4 3 0 0 788 236 10 37 5 1 0 0 0 2 0 2 424 4 4 0 0 0 2 4 37 9 105 35 33 691 137 119 19 5 0 0 1 3 4 0 2 3 212 2 2 3 4 55 2 11 12 4 30 1 5 6 21 5 708 414 926 41 5 22 9 2 1 172 37 22 4 35 472 219 15 4 32 12 424 210 4 338 6 8 43 86 99 235 0 1 0 0 0 0 0 0 2 0 0 2 4 0 0 0 0 0 6 0 24 82 0 39 0 0 4 5 0 2 0 6 12 0 0 0 0 2 0 1 0 0 0 2 0 3 2 0 2 3 0 2 9 0 0 0 0 0 8 4 1 0 0 0 1 1 0 0 62 6 3 0 0 56 4 1 4 0 9 0 0 3 112 1 5 5 0 1
4938 9622 9285 18929 9662 15327 40 951 99 496 210 6907 1 4 1 2 0 3 1 0 309 182 29 8 18 10 6 6 629 2992 476 112 22 2 1 0 1 4 8 5 403 6 3 0 2 2 7 7 26 1 43 17 10 247 31 82 87 12 1 0 6 3 20 9 21 6 404 6 17 4 4 123 8 22 30 6 51 1 31 4 9 3 342 320 1316 163 16 3 5 1 2 72 14 20 9 111 758 114 68 7 33 18 198 248 2 374 12 9 36 130 137 288 0 0 0 0 0 1 1 2 3 3 3 5 6 0 0 0 0 0 9 0 21 74 0 57 0 0 7 4 1 0 0 8 16 0 3 0 4 0 0 0 1 1 0 3 0 2 0 0 2 3 2 1 5 0 0 0 1 0 5 2 3 0 0 0 2 1 1 0 62 13 2 0 2 55 0 1 0 2 9 0 0 6 121 10 14 7 1 2
2011 2353 34 9662 23543 7883 62 53 44 27 268 2083 1 13 19 31 0 19 4 3 211 296 19 18 29 10 46 151 1956 7830 17715 275 88 9 16 0 2 4 166 22 298 14 33 4 13 11 38 55 41 4 43 13 15 364 50 44 2385 18 8 2 64 70 132 48 357 12 369 13 227 48 34 267 22 34 184 69 158 3 198 1 15 1 287 254 828 116 102 7 12 2 26 69 38 16 20 1171 270 88 87 176 4 2 24 55 1 79 0 1 2 17 17 66 0 0 3 0 0 3 5 12 4 10 12 3 3 0 0 2 1 3 2 0 11 63 0 32 2 0 8 14 2 3 3 3 7 4 7 1 8 18 3 2 1 1 2 7 0 2 0 0 0 0 0 0 4 0 6 6 1 0 2 3 2 0 1 6 0 1 10 1 25 20 8 0 5 40 1 0 4 2 5 9 1 3 28 0 8 6 1 0
4640 4147 8387 15327 7883 14584 177 1872 283 1112 199 7926 8 15 10 18 0 12 7 2 572 548 49 13 56 24 45 89 957 4139 1632 2030 286 8 20 0 2 14 116 21 602 23 48 2 16 7 36 47 46 5 64 14 23 457 81 99 150 37 5 2 47 62 134 35 311 10 323 22 192 29 28 1298 33 74 104 41 635 3 733 4 22 6 482 381 1555 228 39 14 6 7 20 108 43 28 42 981 2258 338 135 47 57 22 278 385 4 518 21 14 47 150 172 479 2 1 3 0 1 3 6 5 8 11 19 9 13 0 0 1 0 1 17 0 31 208 0 121 0 0 39 26 6 9 4 15 20 1 3 0 5 15 4 0 1 1 2 3 0 3 0 0 2 3 4 2 10 1 3 7 1 1 11 9 3 1 0 5 3 1 20 1 114 43 12 2 7 123 4 2 0 5 10 5 2 5 201 6 28 10 2 4
9378 92 198 40 62 177 10401 7506 1323 2218 162 649 1 1 0 0 0 0 1 0 4 9 6 2 1 0 1 5 3665 744 26 24 7 0 1 0 0 0 6 0 51 1 3 0 2 1 0 1 17 8 67 17 151 1662 221 12 8 1 0 0 2 1 7 2 14 6 17 0 7 5 0 29 1 19 5 0 100 4 18 6 10 3 486 99 88 5 2 10 4 1 1 129 30 8 1 58 703 5284 4 3 0 0 1 2 0 2 0 1 1 1 2 3 0 0 0 0 0 0 1 0 2 2 0 0 0 0 0 0 0 0 0 0 1 4 0 1 0 0 4 4 1 1 0 0 0 0 1 0 2 2 2 0 0 0 0 0 0 0 1 1 0 0 0 0 0 0 0 0 0 0 0 0 0 0 0 1 0 0 0 1 1 1 1 0 0 0 3 0 2 0 0 0 1 0 3 0 1 0 0 0
22752 187 9149 951 53 1872 7506 32109 1606 22085 826 7528 1 0 1 0 0 0 1 0 20 6 1 1 2 4 2 2 555 1230 19 4 3 0 1 0 0 2 2 1 244 5 1 0 1 0 1 4 54 5 164 35 115 1618 339 113 10 2 0 0 1 5 3 0 3 1 75 2 5 4 12 12 0 14 9 2 32 0 8 12 35 8 1143 327 545 9 5 31 4 2 4 321 76 31 3 27 120 2393 7 1 4 0 21 2 0 9 0 0 11 3 6 16 0 0 0 0 0 1 0 2 0 0 0 0 0 0 0 0 0 0 0 0 1 7 0 5 0 0 1 1 0 0 0 0 0 0 0 0 1 0 1 4 1 0 0 1 0 1 2 2 0 0 0 0 0 0 0 0 0 0 0 1 1 0 0 0 2 0 0 0 3 3 1 0 0 6 8 0 8 0 1 1 1 0 2 0 1 0 0 0
131 79 74 99 44 283 1323 1606 1110 2569 483 965 20 1 0 0 0 2 4 1 39 58 6 1 9 3 0 1 90 61 8 107 58 3 1 0 0 0 0 2 28 6 12 4 66 11 1 2 3 88 9 11 42 96 26 7 12 18 1 0 4 3 4 5 3 51 51 4 6 1 3 394 7 456 24 8 1014 67 238 20 4 39 54 33 63 21 9 23 11 12 12 20 4 3 6 156 3537 2143 22 0 0 0 1 9 1 10 0 0 1 3 3 10 2 2 2 0 1 7 9 23 21 25 17 3 4 0 0 2 0 1 2 0 1 60 0 27 1 0 69 39 1 5 1 0 4 1 4 0 24 6 7 1 0 0 1 4 0 0 0 0 1 0 0 1 3 0 1 2 0 1 3 2 2 1 1 2 0 1 3 2 28 46 27 1 1 34 1 0 8 3 3 4 1 2 9 0 6 0 1 1
718 80 5502 496 27 1112 2218 22085 2569 40371 11391 22053 0 0 0 0 0 0 1 0 24 15 0 1 3 3 0 0 241 81 7 44 6 4 0 0 0 1 0 1 230 0 0 0 2 0 0 5 30 4 120 31 80 981 178 72 2 4 0 0 2 0 0 3 2 3 60 2 2 3 5 376 0 20 9 1 194 4 27 6 26 6 699 243 436 12 3 23 11 3 0 183 32 23 2 43 3842 1860 5 0 25 4 118 132 0 214 8 5 61 79 86 173 0 0 2 0 0 0 0 0 2 0 0 0 3 0 0 0 0 0 5 0 3 23 0 8 0 0 2 2 0 1 0 0 7 0 1 0 0 0 0 0 1 1 0 1 0 1 0 1 2 0 1 1 1 0 0 0 0 0 4 2 1 0 0 0 1 0 1 0 22 6 1 0 0 19 4 0 4 2 5 1 0 1 72 1 4 3 1 1
134 81 49 210 268 199 162 826 483 11391 9250 7288 0 0 4 2 0 1 0 0 137 177 9 1 18 5 1 9 87 313 43 236 72 1 0 0 0 1 11 2 92 2 6 0 0 2 2 3 2 2 7 2 23 58 6 11 14 9 0 0 5 5 14 3 29 2 37 1 16 3 2 2755 3 53 11 0 643 7 277 0 3 1 58 42 211 48 4 2 2 1 3 14 4 6 3 98 5420 371 29 2 32 15 143 227 1 367 7 2 35 91 135 310 0 0 0 0 0 1 1 2 4 2 2 2 4 0 0 0 0 0 7 0 21 81 0 52 0 0 6 8 1 1 0 5 16 1 0 0 1 1 1 1 0 3 0 0 0 5 0 0 2 2 2 1 7 0 1 0 1 0 7 5 1 1 0 0 1 1 1 0 57 12 7 0 0 70 0 0 2 3 12 0 0 3 141 5 16 1 0 2
1798 1065 14518 6907 2083 7926 649 7528 965 22053 7288 20460 3 5 12 15 0 24 6 3 500 618 57 19 53 23 34 59 576 1478 229 1645 882 51 11 0 3 16 48 29 582 11 30 6 11 5 33 17 66 2 83 20 60 704 125 125 78 494 4 0 42 40 97 34 188 7 292 18 83 29 20 2470 128 109 272 27 594 10 1230 9 20 8 677 338 1441 225 36 8 14 3 22 158 51 33 30 1292 5581 962 127 28 97 43 516 636 3 988 22 10 98 291 339 819 0 0 3 2 0 4 2 5 10 6 8 9 24 1 0 0 0 3 23 3 48 319 2 153 1 0 41 43 1 4 2 15 45 0 2 1 6 8 4 0 1 5 0 3 0 12 2 0 2 8 1 5 24 0 2 2 0 1 26 20 2 2 0 6 0 0 15 2 190 46 19 3 0 187 5 1 4 6 25 2 0 5 381 12 41 15 4 6
1 1 2 1 1 8 1 1 20 0 0 3 7985 3 4 8 17 3970 3050 125 0 5 2 77 3 3 37 59 9 1 7 1 8 2 7 0 6 737 167 5 53 65 179 5967 2875 3847 7 18 30 292 1 7 0 0 0 1 19 3 0 1 156 19 42 148 167 1433 12 5 81 10 17 22 436 1177 19 95 674 2015 664 24 10 66 0 1 4 2 5 66 44 303 219 4 11 7 62 10 79 9 5 4 0 4 0 0 9 2 0 1 0 0 0 1 6 71 884 12 2 144 5 1104 61 263 43 0 1 0 2 142 5 123 10 10 10 11 3 13 0 0 40 43 381 8 377 1 10 77 92 26 113 2110 2 8 30 5 13 46 0 0 2 4 0 1 1 3 12 1 300 459 39 32 1 2 14 4 14 384 12 24 287 57 2 11 140 4 67 17 3 8 45 1 0 74 14 27 1 1 0 0 1 2
15 0 0 4 13 15 1 0 1 0 0 5 3 7921 8835 4033 258 495 25 36 29 28 115 63 10 66 441 1367 30 25 61 36 68 657 2048 5593 1692 110 721 136 328 36 46 6 4 11 136 12 67 3 3 0 0 4 0 0 65 196 1762 653 111 27 60 25 508 3 16 471 263 27 4 9 40 115 497 47 3 5 10 3 3 2 1 2 9 1 53 7 3 0 12 21 20 46 46 81 0 2 8 46 1 1 0 0 3 2 0 1 0 0 0 1 72 28 44 20 2 248 60 144 121 733 352 6 16 9 18 22 2 67 13 2 1 40 1 7 21 3 169 96 20 122 11 0 21 4 3 1 220 53 11 0 2 1 4 2 0 0 0 0 1 3 0 1 3 2 6 36 2 1 5 8 3 3 2 7 0 1 13 2 29 97 28 1 3 49 1 1 2 2 1 3 6 6 5 0 4 3 5 10
14 3 0 1 19 10 0 1 0 0 4 12 4 8835 13348 13042 780 2684 200 302 69 73 273 171 22 213 512 3236 43 28 42 18 52 349 408 1139 949 108 1532 289 696 78 107 6 12 19 106 36 162 16 3 0 0 3 1 0 52 117 678 228 371 63 139 40 849 14 23 239 501 73 8 9 23 73 327 108 9 10 10 2 7 3 5 2 12 9 40 5 17 12 26 58 24 101 131 72 3 1 15 38 0 0 0 0 3 2 0 5 0 0 0 1 67 24 59 28 5 210 74 168 145 594 329 11 32 10 32 37 3 106 22 13 4 28 0 9 34 3 138 108 40 224 20 2 13 20 9 3 217 78 36 1 5 0 5 7 0 1 0 0 0 3 1 2 9 4 12 62 3 1 4 13 5 6 2 14 2 4 25 1 27 117 30 9 2 62 1 1 9 6 3 6 11 12 5 2 3 9 9 35
19 2 1 2 31 18 0 0 0 0 2 15 8 4033 13042 4594 112 3737 1064 1150 11 16 33 1207 47 94 1460 5183 59 27 68 28 115 357 124 120 700 457 902 144 906 70 102 7 5 32 92 15 111 8 1 1 0 7 0 2 61 150 27 86 372 36 91 58 351 9 35 213 194 28 10 14 36 42 530 42 3 6 8 2 1 0 3 5 13 6 49 6 11 3 17 54 15 56 38 139 2 2 28 59 0 1 0 0 3 0 0 0 0 0 1 0 27 117 292 22 1 253 11 574 16 347 53 1 4 3 6 36 4 192 3 1 5 10 2 6 18 2 25 22 224 21 93 1 14 11 7 13 125 148 6 0 3 1 1 8 0 0 0 0 0 0 0 0 13 1 10 46 6 3 2 1 7 0 1 10 2 1 14 2 7 20 18 1 1 22 1 2 6 0 0 4 5 8 3 1 1 1 0 1
0 0 0 0 0 0 0 0 0 0 0 0 17 258 780 112 1874 256 218 1068 11 24 80 27 10 109 15 17 4 0 0 0 1 20 38 13 1332 1022 17 171 165 21 16 15 5 60 33 10 31 6 2 0 0 1 0 0 2 1 85 35 32 7 3 15 10 7 6 7 12 3 4 1 9 66 4 26 3 19 8 0 2 1 0 0 3 3 0 6 9 0 7 7 3 12 12 4 1 0 8 0 2 5 1 1 6 2 0 3 0 0 0 1 39 13 10 11 3 102 58 17 73 160 192 14 25 9 15 22 4 48 22 3 1 20 0 5 18 1 99 69 2 135 11 0 6 15 3 3 112 13 41 1 2 1 5 3 0 0 0 0 0 4 0 0 1 4 4 21 2 1 7 15 5 3 0 4 0 1 6 0 19 83 18 12 2 39 0 1 0 5 5 2 7 3 3 1 3 5 6 16
11 1 1 3 19 12 0 0 2 0 1 24 3970 495 2684 3737 256 19356 3746 1234 25 47 57 3602 163 124 2745 1277 185 34 66 30 228 207 193 10 654 3816 4847 214 534 339 823 1217 100 4270 199 54 90 46 3 6 1 16 0 1 250 90 18 14 3160 34 89 576 1077 331 184 99 240 42 26 85 871 555 292 163 65 544 236 10 5 20 7 19 33 53 89 12 30 14 64 50 19 60 108 94 8 5 146 57 4 8 0 2 34 7 1 15 0 0 0 6 122 552 2056 153 9 1050 43 2976 181 1629 193 7 6 14 17 371 33 1022 30 20 37 35 4 41 43 3 132 136 1764 98 997 5 75 92 63 89 582 1893 8 19 32 5 10 31 3 5 0 2 0 2 5 3 65 5 162 700 56 23 3 10 40 16 23 262 14 19 120 40 15 123 232 18 93 127 4 5 15 2 0 70 40 82 16 5 5 1 4 8
3 1 0 1 4 7 1 1 4 1 0 6 3050 25 200 1064 218 3746 23069 4911 8 23 35 296 26 156 514 129 33 4 5 4 65 30 60 0 348 4814 41 264 149 72 160 8434 600 1863 38 46 78 167 5 7 0 3 0 0 28 14 3 1 73 17 44 99 66 212 18 7 53 26 33 36 832 2653 25 130 97 1629 294 37 20 77 1 3 7 8 8 56 39 100 176 29 26 47 85 21 10 1 11 4 0 8 0 1 15 7 0 33 2 1 0 1 227 316 1266 99 6 1374 72 2922 213 3504 602 10 24 28 72 168 47 856 27 14 13 47 4 18 123 5 262 154 538 339 278 2 73 39 83 71 1139 601 23 4 8 8 13 44 2 2 1 1 0 1 6 3 26 7 64 166 22 30 4 20 11 17 12 62 7 6 136 21 40 302 287 9 23 276 8 14 19 5 2 35 31 31 15 13 4 7 7 17
2 0 0 0 3 2 0 0 1 0 0 3 125 36 302 1150 1068 1234 4911 3218 11 29 53 114 27 245 60 15 9 2 0 0 13 7 17 3 126 618 61 400 198 33 81 423 51 314 33 11 97 18 5 2 0 1 0 0 8 2 12 0 99 37 35 25 42 11 10 4 25 28 18 5 112 272 6 39 5 121 40 2 10 7 2 2 5 5 1 5 8 7 30 41 13 55 74 8 2 0 14 1 0 4 1 0 0 1 0 2 0 0 0 0 124 57 47 38 4 215 76 140 136 565 407 18 42 16 55 59 17 219 35 12 3 31 4 11 77 3 157 130 26 332 24 1 23 25 15 6 292 59 46 3 1 0 8 9 2 1 0 1 3 3 1 2 2 15 5 76 13 7 4 22 6 10 2 5 3 1 19 3 34 158 59 9 1 96 3 4 8 11 9 14 9 13 6 0 4 9 16 30
202 176 91 309 211 572 4 20 39 24 137 500 0 29 69 11 11 25 8 11 4258 3356 3813 226 66 376 16 9 95 169 133 94 378 260 10 0 111 199 9 113 1429 112 61 3 4 2 48 2 105 3 7 0 2 23 1 56 65 106 10 5 7 5 8 5 16 2 40 57 15 5 2 221 242 120 576 7 147 5 178 0 3 0 78 15 1005 176 50 3 6 0 9 28 8 21 46 465 126 26 184 54 2 0 7 7 4 10 0 1 0 2 3 17 0 0 2 0 1 5 13 3 17 11 25 6 7 0 2 1 0 5 5 2 1 82 0 51 3 0 50 50 1 16 0 2 5 0 0 0 11 3 8 0 0 1 1 1 0 1 0 0 0 2 0 1 6 0 1 3 0 0 5 7 4 3 0 1 0 0 3 1 40 55 23 8 0 50 1 0 2 6 2 0 0 5 10 0 6 6 3 5
144 65 27 182 296 548 9 6 58 15 177 618 5 28 73 16 24 47 23 29 3356 20762 6973 376 4223 3419 40 13 239 189 165 152 718 455 18 1 123 491 21 1447 1157 478 606 12 22 19 288 23 762 38 14 2 4 62 5 13 162 232 45 12 43 91 134 75 41 22 560 110 54 99 8 363 519 278 1297 57 260 10 384 3 2 4 57 219 1848 1592 105 12 32 19 34 169 66 197 596 876 200 38 3110 98 5 3 8 11 7 14 0 1 2 3 3 23 6 1 10 3 5 33 44 12 76 77 101 8 15 3 7 7 2 11 13 4 7 173 1 98 7 1 192 184 3 58 4 4 22 3 7 1 52 14 29 1 4 0 1 7 0 1 0 0 1 2 1 6 7 1 5 6 1 0 5 14 18 8 3 5 1 0 23 1 74 126 29 4 2 119 3 0 19 9 7 10 2 7 14 2 12 7 3 15
23 7 8 29 19 49 6 1 6 0 9 57 2 115 273 33 80 57 35 53 3813 6973 9503 4129 438 4982 59 10 126 22 16 17 230 321 18 3 306 370 28 788 8452 2045 410 5 9 7 152 3 404 14 13 1 1 20 5 4 45 46 43 34 24 21 25 15 9 6 316 36 16 15 7 46 139 48 176 18 37 6 81 0 1 1 37 105 408 197 27 14 17 16 18 130 13 67 211 62 17 2 368 5 0 0 1 4 0 3 0 0 0 0 0 1 3 0 3 1 2 16 14 9 13 42 30 3 6 0 2 1 2 6 3 2 0 29 0 9 3 0 40 27 0 20 3 0 4 2 4 2 15 9 4 0 3 0 0 4 0 0 0 0 0 1 1 0 1 0 3 2 1 1 3 5 1 1 1 5 1 1 9 1 8 24 9 3 1 21 2 1 3 2 1 3 2 1 0 0 0 1 2 6
14 3 3 8 18 13 2 1 1 1 1 19 77 63 171 1207 27 3602 296 114 226 376 4129 15091 475 1638 5203 384 215 13 47 9 53 102 528 2 113 273 899 1967 1525 5723 2722 30 34 477 1101 14 424 21 5 2 0 26 6 6 206 59 31 11 1239 73 197 771 635 224 337 134 146 50 6 29 65 81 146 59 26 18 45 1 4 4 14 57 90 117 137 6 12 14 138 72 25 77 583 64 5 1 186 37 0 0 1 0 3 1 0 0 0 0 0 0 12 11 146 4 1 77 13 307 44 177 79 1 4 1 3 24 1 35 3 3 4 14 1 14 5 0 56 37 118 23 78 1 6 12 17 0 47 384 5 1 5 2 1 15 1 1 0 3 0 0 1 2 6 2 51 74 7 2 2 1 0 3 7 67 1 2 49 3 7 27 25 7 11 15 2 2 8 1 0 14 6 14 0 0 0 2 0 0
25 8 4 18 29 56 1 2 9 3 18 53 3 10 22 47 10 163 26 27 66 4223 438 475 11221 2046 104 16 412 30 55 18 141 96 13 0 40 203 43 2675 152 242 851 17 21 22 4395 10 274 13 3 1 1 79 5 13 766 33 22 3 75 105 197 362 45 34 1888 215 40 92 4 31 208 283 211 29 132 12 128 3 2 6 61 267 578 1325 926 7 19 19 41 30 34 91 486 123 38 4 4286 269 1 0 1 4 9 2 0 2 0 1 2 5 5 0 13 3 3 25 55 29 87 57 94 16 26 2 9 3 1 4 19 3 12 196 3 110 5 0 231 252 10 36 4 1 24 4 6 2 54 24 38 2 3 1 2 11 0 0 0 1 1 1 0 3 14 3 5 8 0 0 7 11 20 12 3 6 0 0 12 0 58 149 31 15 1 68 1 2 2 8 4 9 1 18 5 2 13 7 8 14
9 3 3 10 10 24 0 4 3 3 5 23 3 66 213 94 109 124 156 245 376 3419 4982 1638 2046 6884 434 7 186 9 20 7 57 64 420 4 98 367 20 7268 944 414 352 17 7 9 496 6 199 5 2 2 0 40 4 6 95 23 60 9 18 20 26 33 7 12 477 36 10 18 4 18 153 81 50 10 18 7 53 0 0 0 22 131 236 218 46 7 7 6 13 43 8 30 160 47 4 2 377 8 0 0 0 0 3 0 0 1 0 0 0 3 14 3 13 10 0 67 31 28 48 151 100 8 6 1 9 12 2 28 8 2 4 28 0 12 10 1 66 73 2 63 5 0 6 5 1 3 76 9 16 0 0 0 1 6 1 1 0 0 0 0 0 1 2 5 2 7 2 3 8 7 3 2 1 0 1 0 6 0 22 53 14 4 1 31 2 0 3 3 0 2 4 2 0 0 0 4 1 6
44 2 0 6 46 45 1 2 0 0 1 34 37 441 512 1460 15 2745 514 60 16 40 59 5203 104 434 15927 3466 310 85 264 21 48 255 4890 30 161 129 597 1958 212 81 1026 13 14 213 726 16 62 8 3 1 0 23 4 1 575 166 129 96 270 87 487 1521 1407 53 194 545 444 49 6 12 48 153 395 35 8 12 14 1 4 2 16 13 21 33 200 4 8 10 47 15 18 32 124 161 2 2 112 180 0 4 1 0 9 3 0 3 0 0 0 3 44 52 277 19 2 337 45 989 78 929 201 6 11 2 14 40 8 117 9 6 6 30 3 14 24 1 135 100 199 71 64 0 14 12 10 5 213 295 12 3 1 1 2 7 0 0 0 0 0 1 2 2 16 4 19 62 5 4 5 4 6 3 5 36 2 3 21 5 20 85 49 6 6 31 0 1 5 1 2 8 4 14 2 2 4 2 3 2
96 2 0 6 151 89 5 2 1 0 9 59 59 1367 3236 5183 17 1277 129 15 9 13 10 384 16 7 3466 10231 198 156 338 40 92 537 200 63 435 96 4758 13 81 15 358 13 7 180 128 20 14 4 0 0 0 29 2 4 315 348 88 157 258 45 243 647 2467 30 61 615 645 14 9 21 34 106 1189 47 5 5 17 0 3 2 18 21 27 8 148 1 2 4 21 6 14 7 32 487 2 5 42 276 0 4 0 0 12 2 0 1 0 0 0 0 12 89 504 19 2 311 22 1470 55 337 72 1 2 1 3 64 2 111 11 5 11 21 2 21 10 0 72 55 529 18 146 0 7 16 6 9 69 681 7 1 3 2 3 5 0 0 0 0 0 0 0 1 22 1 52 123 10 5 1 1 8 2 2 50 2 1 17 8 7 26 29 3 18 10 0 0 5 0 0 16 2 24 0 1 2 2 4 0
14372 772 788 629 1956 957 3665 555 90 241 87 576 9 30 43 59 4 185 33 9 95 239 126 215 412 186 310 198 44622 13150 3455 112 85 40 90 4 13 45 250 529 323 121 525 17 53 54 314 86 283 31 157 42 173 22599 433 53 7814 66 20 3 188 345 663 608 674 60 5341 160 358 279 37 119 70 184 621 95 184 12 109 9 29 8 1391 811 369 126 699 33 49 26 101 294 122 285 598 940 227 5091 679 657 4 5 24 43 1 71 0 5 1 13 27 58 4 2 24 2 2 10 7 30 29 21 25 14 20 0 1 10 0 3 14 1 13 239 0 144 0 0 97 103 12 10 15 6 32 3 11 2 16 54 20 0 6 3 4 20 0 9 1 0 1 0 3 2 17 2 11 18 5 2 11 9 16 8 2 22 3 3 29 3 127 86 29 9 7 147 9 2 18 5 10 11 3 6 38 5 25 14 4 11
13583 2527 236 2992 7830 4139 744 1230 61 81 313 1478 1 25 28 27 0 34 4 2 169 189 22 13 30 9 85 156 13150 32038 6025 274 27 6 28 0 6 8 168 20 492 20 55 4 6 7 53 39 58 9 139 28 62 2035 234 124 6211 12 17 0 56 62 168 82 389 15 591 27 240 60 36 249 20 26 166 27 88 0 80 11 36 5 977 532 996 83 168 31 14 6 17 257 52 46 35 1463 356 465 137 334 7 4 57 98 1 122 2 1 7 40 30 110 0 0 3 0 0 2 1 6 4 10 4 2 3 0 0 3 0 1 3 0 12 55 0 40 0 0 9 18 3 3 6 2 8 3 4 0 4 12 0 0 0 1 1 8 0 1 2 1 0 1 1 4 2 1 3 3 1 0 5 1 0 0 1 6 1 2 15 2 27 18 5 0 2 28 5 1 6 0 3 1 3 2 37 0 16 3 0 2
687 30 10 476 17715 1632 26 19 8 7 43 229 7 61 42 68 0 66 5 0 133 165 16 47 55 20 264 338 3455 6025 11881 73 37 24 84 1 7 9 250 48 244 18 76 6 16 18 212 43 24 5 44 5 12 330 42 54 10461 20 58 8 77 91 248 197 621 16 725 143 302 45 27 38 23 19 902 72 26 3 36 1 14 3 240 269 656 118 1520 6 9 4 31 54 33 16 56 1652 28 41 754 6769 0 0 3 4 1 8 1 0 0 1 2 5 1 0 9 0 2 8 1 22 3 16 8 1 0 1 0 3 0 2 2 1 1 29 0 10 0 0 9 14 8 5 6 1 2 1 4 0 2 44 1 2 3 0 1 3 0 1 0 0 1 0 0 0 2 0 7 8 1 0 2 2 0 0 2 10 1 0 18 3 7 9 2 0 3 8 0 0 4 0 1 6 0 3 1 0 2 1 0 0
136 40 37 112 275 2030 24 4 107 44 236 1645 1 36 18 28 0 30 4 0 94 152 17 9 18 7 21 40 112 274 73 5802 2861 736 13 4 24 10 52 10 86 5 18 3 1 6 72 7 3 2 9 2 6 54 12 8 10 2683 76 66 23 14 13 10 53 4 33 106 44 7 11 2483 106 88 854 33 777 1 1508 0 5 2 52 24 152 37 28 0 4 2 9 17 5 3 8 4526 1110 90 27 3 11 6 40 68 3 92 0 7 7 19 28 110 0 0 3 1 0 6 10 4 9 5 9 4 13 0 2 2 0 3 8 0 17 149 0 71 0 0 49 42 1 7 1 13 27 1 2 0 5 8 6 0 0 3 1 0 0 6 0 0 3 1 1 2 7 0 0 4 1 0 12 9 2 1 0 1 2 1 8 0 74 28 12 4 3 74 1 0 3 3 9 0 0 5 34 1 15 6 2 2
32 19 5 22 88 286 7 3 58 6 72 882 8 68 52 115 1 228 65 13 378 718 230 53 141 57 48 92 85 27 37 2861 8095 2788 73 11 38 320 157 108 279 22 65 6 6 23 341 27 21 8 5 0 6 42 6 8 23 2227 175 60 146 19 22 39 133 12 98 360 155 11 20 3571 1559 246 3360 116 316 13 1181 1 11 4 41 38 181 76 144 9 8 2 20 10 15 6 23 2752 294 47 91 22 7 8 44 53 9 56 0 5 1 9 15 77 10 7 17 3 12 25 39 28 95 40 70 50 64 2 4 7 1 16 30 12 24 542 5 293 5 0 338 349 11 72 14 18 64 7 8 0 51 37 85 0 0 3 3 4 1 11 0 1 2 5 1 3 38 4 9 20 2 3 38 32 53 16 3 10 0 0 22 2 208 272 51 33 1 247 0 0 1 22 24 6 3 28 29 3 45 26 10 16
8 3 1 2 9 8 0 0 3 4 1 51 2 657 349 357 20 207 30 7 260 455 321 102 96 64 255 537 40 6 24 736 2788 6727 449 117 498 486 439 144 310 21 61 3 6 10 1579 24 21 1 2 2 0 9 4 2 25 2070 1904 1739 162 24 40 66 366 7 54 1871 255 12 13 143 87 93 2089 85 27 8 30 1 5 0 13 18 90 32 294 4 3 1 10 5 11 2 31 42 3 1 58 13 3 5 0 4 9 4 0 1 0 0 2 6 4 4 14 6 11 20 48 37 96 44 91 37 58 2 8 7 2 24 35 9 15 210 5 158 3 0 266 260 14 91 11 5 36 3 4 1 46 44 93 1 1 0 0 0 0 2 1 0 1 3 0 2 32 9 6 17 4 4 15 33 30 18 1 7 0 1 10 0 90 184 19 40 0 121 1 0 3 17 6 4 3 20 5 3 30 19 15 31
10 0 0 1 16 20 1 1 1 0 0 11 7 2048 408 124 38 193 60 17 10 18 18 528 13 420 4890 200 90 28 84 13 73 449 6034 578 549 70 67 4419 46 27 79 4 4 18 937 1 20 0 0 0 1 7 0 0 152 234 1379 422 40 9 50 65 160 7 42 758 67 7 1 6 29 88 345 6 5 8 12 0 1 0 4 2 11 6 109 3 2 1 8 1 5 7 18 76 1 0 25 89 1 1 0 0 3 1 0 3 0 0 0 1 67 29 56 28 4 263 96 137 142 723 396 14 31 9 29 32 9 107 21 7 5 46 0 13 39 2 170 149 16 152 18 0 18 15 3 4 216 33 43 0 1 4 4 4 1 0 0 0 1 1 0 3 5 9 4 35 1 4 3 12 4 5 2 10 0 0 4 0 25 120 24 9 1 71 0 0 0 4 4 3 7 7 1 1 5 4 7 15
0 0 0 0 0 0 0 0 0 0 0 0 0 5593 1139 120 13 10 0 3 0 1 3 2 0 4 30 63 4 0 1 4 11 117 578 1067 290 7 39 5 11 0 0 1 2 0 339 0 2 0 0 0 0 0 0 0 0 80 2576 443 2 1 7 1 17 1 1 201 17 1 0 2 1 3 61 2 1 1 1 0 0 0 0 0 0 0 8 0 0 0 0 4 0 2 1 6 0 0 1 3 0 0 0 0 0 0 0 0 0 0 0 0 1 0 1 0 0 16 9 7 12 35 24 1 0 1 0 2 0 6 1 0 0 3 0 2 2 0 6 2 1 6 0 0 2 0 0 0 12 3 1 0 0 0 0 0 0 0 0 0 0 0 0 0 1 0 1 0 2 0 0 0 0 0 0 0 0 0 0 0 1 8 3 0 0 0 0 0 0 0 0 1 0 0 0 0 0 0 0 1
6 0 0 1 2 2 0 0 0 0 0 3 6 1692 949 700 1332 654 348 126 111 123 306 113 40 98 161 435 13 6 7 24 38 498 549 290 1819 869 361 165 374 32 46 2 5 38 573 13 26 3 0 0 0 5 0 0 15 195 2628 505 243 13 26 42 183 5 19 517 135 15 7 5 18 53 158 51 5 9 16 0 2 1 0 5 32 10 49 1 4 4 13 9 7 7 20 16 3 0 23 9 0 6 1 2 9 5 0 1 0 0 0 0 14 13 31 10 6 41 52 39 96 76 91 15 47 5 8 16 1 32 39 11 8 53 2 57 9 0 142 144 10 123 16 2 19 9 2 1 51 31 89 2 0 1 4 4 0 1 0 0 3 0 1 6 8 15 6 19 0 1 12 20 22 19 1 9 1 0 12 1 49 123 18 36 1 58 0 1 0 14 7 4 1 10 2 1 13 7 7 29
5 5 2 4 4 14 0 2 0 1 1 16 737 110 108 457 1022 3816 4814 618 199 491 370 273 203 367 129 96 45 8 9 10 320 486 70 7 869 4649 204 563 423 84 260 1466 117 1561 391 111 54 48 0 12 0 12 0 2 22 39 140 10 553 53 60 149 117 82 94 76 185 44 65 26 1283 948 95 359 118 405 113 11 25 35 8 28 99 51 32 25 61 13 263 11 31 16 88 30 8 4 72 6 6 19 3 8 23 17 1 11 0 1 2 11 104 47 128 56 16 280 260 242 479 664 662 94 224 30 58 92 14 197 114 37 35 456 11 264 60 3 892 826 80 582 50 11 102 35 56 6 443 267 355 8 7 5 14 20 0 5 1 1 5 10 3 10 54 42 47 99 16 10 50 112 62 46 8 68 7 4 82 11 217 697 149 109 13 423 3 2 16 41 21 20 21 66 20 7 49 48 63 111
72 2 0 8 166 116 6 2 0 0 11 48 167 721 1532 902 17 4847 41 61 9 21 28 899 43 20 597 4758 250 168 250 52 157 439 67 39 361 204 15638 20 415 391 750 19 98 235 94 249 45 14 1 2 0 34 3 1 260 332 39 70 4105 124 134 726 11543 169 97 354 3539 54 107 43 59 55 1400 1082 25 12 23 2 29 3 20 13 27 16 92 18 52 8 109 11 40 17 110 613 9 6 38 196 2 0 0 0 10 3 0 2 0 0 0 1 10 77 537 17 6 171 17 1025 50 139 56 1 1 3 1 148 3 122 13 10 15 17 0 23 1 0 37 66 577 6 397 0 16 72 69 17 69 1250 1 4 21 3 7 35 1 1 1 3 0 0 1 0 25 1 147 423 36 6 0 0 14 3 15 283 7 9 143 48 5 10 38 9 68 10 2 2 20 0 0 49 19 34 3 0 4 2 0 1
15 7 2 5 22 21 0 1 2 1 2 29 5 136 289 144 171 214 264 400 113 1447 788 1967 2675 7268 1958 13 529 20 48 10 108 144 4419 5 165 563 20 8246 403 290 277 25 8 18 4856 2 114 9 4 1 3 40 5 1 390 47 386 23 21 19 37 44 20 7 802 159 15 19 2 18 211 155 94 7 13 11 68 2 1 1 30 82 139 254 203 2 7 4 14 24 9 31 127 55 4 0 531 46 0 0 0 0 2 2 0 1 0 0 1 1 73 21 28 23 3 220 95 86 124 567 327 4 17 7 23 18 6 82 15 9 0 67 1 14 37 1 206 132 3 122 11 3 22 11 6 1 203 23 30 0 3 1 5 6 0 0 0 0 0 2 0 0 6 4 3 26 3 4 3 16 5 5 2 2 2 0 11 0 26 119 43 7 3 50 1 0 2 4 0 6 4 6 4 1 3 6 4 9
948 389 424 403 298 602 51 244 28 230 92 582 53 328 696 906 165 534 149 198 1429 1157 8452 1525 152 944 212 81 323 492 244 86 279 310 46 11 374 423 415 403 9447 8924 200 61 127 154 90 128 2168 147 211 69 95 116 3573 947 199 115 40 25 652 39 90 58 88 208 318 84 174 51 70 157 208 122 426 266 161 21 125 13 87 30 3034 138 970 102 78 205 276 99 375 864 130 240 105 369 77 46 172 76 7 3 16 17 0 16 1 4 1 3 11 27 3 3 38 1 2 17 12 26 19 39 20 2 10 1 3 4 0 10 3 4 5 89 0 41 1 0 44 36 10 13 21 1 14 10 39 1 24 115 11 5 27 5 7 83 4 1 5 6 2 0 1 4 6 1 32 29 12 8 4 5 5 6 6 36 12 12 96 13 56 46 21 4 23 72 38 7 54 4 6 40 12 6 14 3 11 2 4 5
10 6 4 6 14 23 1 5 6 0 2 11 65 36 78 70 21 339 72 33 112 478 2045 5723 242 414 81 15 121 20 18 5 22 21 27 0 32 84 391 290 8924 6077 2751 75 165 236 254 37 1509 27 13 4 1 26 10 3 64 14 9 2 971 20 60 54 102 345 225 21 192 13 20 11 67 51 71 186 72 35 60 4 5 7 23 55 109 84 33 28 39 51 418 396 26 80 387 53 21 5 175 10 0 1 0 0 1 1 0 0 0 0 0 0 2 1 53 1 2 6 2 24 12 27 14 1 4 0 1 15 0 5 4 1 0 4 0 3 2 0 19 20 13 6 39 0 1 25 51 0 13 196 3 1 4 1 5 37 3 0 1 1 0 0 0 0 0 1 34 51 6 7 0 0 1 1 7 56 0 2 124 18 2 6 7 3 14 5 9 2 24 0 0 21 4 3 2 0 1 1 0 0
27 4 4 3 33 48 3 1 12 0 6 30 179 46 107 102 16 823 160 81 61 606 410 2722 851 352 1026 358 525 55 76 18 65 61 79 0 46 260 750 277 200 2751 6013 181 273 780 539 75 1825 64 10 5 0 81 3 10 432 52 24 3 2728 294 1119 6463 1833 869 818 122 533 128 31 24 185 154 207 414 182 58 149 8 9 13 40 126 199 286 204 23 54 79 1105 47 59 148 1833 173 34 4 570 68 0 2 0 0 2 0 0 0 0 1 0 1 3 4 143 4 3 24 18 92 51 77 46 6 4 1 2 37 0 9 5 4 4 22 2 9 4 0 32 45 47 19 96 1 4 45 112 3 30 668 8 1 12 1 6 75 2 0 2 3 0 1 0 0 1 0 104 186 16 18 1 1 4 3 9 210 2 6 241 41 11 20 16 8 33 14 5 9 38 0 0 51 16 7 3 0 0 1 2 4
2 0 0 0 4 2 0 0 4 0 0 6 5967 6 6 7 15 1217 8434 423 3 12 5 30 17 17 13 13 17 4 6 3 6 3 4 1 2 1466 19 25 61 75 181 13264 2194 1851 17 65 54 508 3 7 0 3 2 0 16 4 3 0 80 30 73 84 61 541 17 2 52 35 52 18 1313 2165 5 189 997 3675 4480 54 37 180 2 4 4 6 1 137 101 243 383 7 30 13 118 14 22 1 7 3 0 1 0 0 8 3 0 9 0 0 0 0 54 54 456 21 2 322 51 924 104 950 222 6 19 5 22 37 4 150 7 5 1 34 0 14 34 0 174 97 156 95 65 3 20 17 69 16 320 428 27 2 4 11 12 59 0 1 3 4 1 2 0 1 5 2 54 84 11 13 4 11 9 6 12 93 6 8 184 25 37 122 137 10 30 112 5 7 36 3 1 48 16 13 4 3 1 2 7 9
10 1 0 2 13 16 2 1 66 2 0 11 2875 4 12 5 5 100 600 51 4 22 9 34 21 7 14 7 53 6 16 1 6 6 4 2 5 117 98 8 127 165 273 2194 7976 2453 9 98 172 5051 11 15 1 13 3 0 31 9 2 0 194 118 196 175 284 1516 36 2 251 75 87 15 287 446 17 302 972 529 689 104 163 945 5 2 8 8 4 906 353 2693 1431 32 32 46 333 32 168 13 20 4 1 4 0 1 6 2 0 9 1 0 0 0 0 1 107 1 1 9 6 41 21 40 6 0 0 1 1 24 0 3 8 12 0 4 0 4 1 0 19 13 27 2 116 2 2 109 589 14 59 955 1 17 76 13 33 611 5 4 10 24 0 0 1 1 1 0 234 220 66 52 1 3 3 1 72 472 33 60 1502 228 5 12 16 4 182 24 62 48 280 0 0 410 63 5 3 2 1 0 2 4
6 0 0 2 11 7 1 0 11 0 2 5 3847 11 19 32 60 4270 1863 314 2 19 7 477 22 9 213 180 54 7 18 6 23 10 18 0 38 1561 235 18 154 236 780 1851 2453 2277 19 71 44 89 1 14 2 7 0 0 61 15 2 1 2096 41 98 794 644 1151 51 14 192 32 37 19 603 449 41 205 192 419 256 23 22 42 1 0 5 7 18 38 53 143 656 9 14 12 134 25 32 4 25 12 2 3 0 1 14 3 0 2 0 0 1 0 18 130 1206 26 8 244 16 1131 113 349 85 1 8 5 3 292 4 209 25 20 11 10 3 15 5 3 84 73 659 26 686 4 26 211 269 28 219 3315 7 22 46 7 23 92 4 4 3 7 1 0 1 2 27 4 451 959 51 39 0 6 19 9 40 785 16 29 603 132 4 24 189 11 156 17 11 8 60 2 1 115 31 49 4 1 5 1 4 8
28 1 2 7 38 36 0 1 1 0 2 33 7 136 106 92 33 199 38 33 48 288 152 1101 4395 496 726 128 314 53 212 72 341 1579 937 339 573 391 94 4856 90 254 539 17 9 19 3970 1 30 8 3 0 0 41 2 0 519 1508 1852 1886 55 13 73 297 123 14 387 3656 58 14 2 57 316 354 1215 7 85 27 151 2 0 2 16 35 95 126 1184 4 3 2 13 7 4 10 115 134 6 1 315 224 5 11 1 4 22 8 0 4 2 0 2 10 52 18 32 33 14 218 225 64 349 410 588 40 103 7 34 41 7 83 65 16 20 317 2 189 39 1 632 597 13 308 11 8 62 11 6 0 266 59 163 3 0 2 4 3 0 1 0 0 3 6 1 16 24 21 5 42 3 0 28 50 33 35 2 7 3 0 8 2 112 371 79 32 1 162 3 0 1 11 8 3 11 44 11 4 32 27 18 49
28 5 4 7 55 47 1 4 2 5 3 17 18 12 36 15 10 54 46 11 2 23 3 14 10 6 16 20 86 39 43 7 27 24 1 0 13 111 249 2 128 37 75 65 98 71 1 14547 375 449 9 19 0 15 11 4 69 39 3 0 995 6554 1931 109 231 58 46 13 4096 1251 5751 10 85 43 180 6076 22 8 52 22 435 301 23 9 9 9 4 945 2224 116 760 124 694 244 289 190 6 2 13 23 0 1 0 0 0 1 0 5 0 0 0 4 1 0 13 1 1 4 0 3 3 9 3 0 0 4 0 7 1 4 7 3 0 2 0 3 0 0 4 2 1 1 9 1 7 53 63 9 20 42 1 186 641 34 142 699 30 15 45 66 0 0 0 0 1 1 32 43 209 29 0 1 1 0 99 40 107 165 423 20 0 7 9 3 221 19 393 69 1221 0 0 600 311 2 7 0 1 0 2 4
152 36 37 26 41 46 17 54 3 30 2 66 30 67 162 111 31 90 78 97 105 762 404 424 274 199 62 14 283 58 24 3 21 21 20 2 26 54 45 114 2168 1509 1825 54 172 44 30 375 10227 475 120 9 5 83 106 24 105 8 3 2 135 607 338 80 40 130 462 13 97 488 119 11 37 61 49 370 61 17 39 12 40 179 186 123 203 185 14 428 526 205 237 7700 637 6600 5329 62 31 32 295 5 1 0 0 0 1 2 0 3 1 0 0 1 3 2 6 0 0 7 3 13 2 20 10 2 2 0 2 3 0 4 3 1 2 15 0 5 0 0 9 9 1 2 5 0 2 17 37 1 8 39 1 44 127 9 36 195 14 1 12 11 0 1 0 0 1 1 7 15 59 12 0 1 2 1 24 22 30 58 151 9 4 13 6 1 56 14 100 29 270 1 0 133 67 0 3 0 2 1 0 0
16 3 9 1 4 5 8 5 88 4 2 2 292 3 16 8 6 46 167 18 3 38 14 21 13 5 8 4 31 9 5 2 8 1 0 0 3 48 14 9 147 27 64 508 5051 89 8 449 475 10852 95 352 1 9 11 1 23 4 0 0 67 603 404 50 30 3377 30 1 82 266 332 14 154 1343 6 272 1348 583 507 2549 517 8693 17 6 13 15 2 5349 1482 2566 136 148 144 303 366 12 270 21 25 2 0 0 0 0 1 0 0 9 0 0 0 2 0 0 22 1 0 9 2 16 2 12 3 1 2 5 1 2 1 4 6 3 1 5 0 4 1 0 17 4 3 7 6 8 7 81 191 17 33 77 1 143 676 24 185 1617 38 21 65 84 0 0 2 1 5 1 23 47 250 100 1 1 1 0 152 41 121 129 762 30 2 15 27 4 249 30 513 313 1440 1 0 747 232 0 4 3 1 2 1 2
339 89 105 43 43 64 67 164 9 120 7 83 1 3 3 1 2 3 5 5 7 14 13 5 3 2 3 0 157 139 44 9 5 2 0 0 0 0 1 4 211 13 10 3 11 1 3 9 120 95 22321 26518 30 166 340 38 20 5 0 0 5 6 4 0 5 89 67 5 3 33 36 14 10 163 30 4 52 6 16 3897 1072 264 435 76 91 7 7 228 13 8 7 5335 9645 209 14 29 31 92 11 5 2 0 2 2 0 1 0 3 0 1 1 4 0 0 0 0 0 1 1 0 1 0 0 0 0 0 0 0 0 0 1 0 1 21 0 12 0 0 4 7 0 0 0 1 6 0 1 0 3 1 2 33 10 5 3 16 261 202 363 189 1 0 0 0 2 0 0 1 1 2 0 0 0 0 1 2 236 78 4 0 4 10 19 0 4 15 265 7 158 0 0 11 45 2 2 0 0 3 0 0
83 17 35 17 13 14 17 35 11 31 2 20 7 0 0 1 0 6 7 2 0 2 1 2 1 2 1 0 42 28 5 2 0 2 0 0 0 12 2 1 69 4 5 7 15 14 0 19 9 352 26518 36608 5 38 49 10 4 1 1 0 11 12 8 1 17 359 14 1 17 46 91 4 9 355 8 13 73 11 14 22229 3987 919 79 11 18 3 7 1113 42 35 7 457 3203 20 4 8 19 15 0 1 3 1 1 1 0 3 1 4 1 0 3 1 0 0 0 0 0 1 0 2 0 0 0 0 0 0 0 0 0 0 1 0 0 5 0 0 0 0 0 2 0 0 0 6 11 1 5 0 2 3 0 46 34 10 6 28 523 446 786 305 1 0 1 0 2 0 1 2 3 3 1 1 0 0 1 2 402 112 11 1 3 1 28 0 1 15 439 13 280 1 0 12 60 0 9 3 0 0 0 0
122 13 33 10 15 23 151 115 42 80 23 60 0 0 0 0 0 1 0 0 2 4 1 0 1 0 0 0 173 62 12 6 6 0 1 0 0 0 0 3 95 1 0 0 1 2 0 0 5 1 30 5 9623 4971 2070 2 8 0 0 0 0 0 2 0 0 0 37 0 1 0 0 15 0 8 8 0 36 4 6 1 1 1 713 189 8 1 2 1 1 2 0 70 6 1 1 11 72 3057 3 2 0 0 1 0 1 1 0 0 1 0 1 2 0 0 0 0 0 0 0 1 1 0 1 0 1 0 0 0 0 1 0 0 0 5 0 5 0 0 3 2 0 0 0 0 0 0 0 0 2 0 1 0 0 0 0 0 0 0 0 0 0 0 0 0 0 0 0 0 0 0 0 0 0 0 0 0 0 0 0 0 3 3 0 0 0 1 1 0 0 0 0 2 0 0 1 0 0 0 0 0
4022 380 691 247 364 457 1662 1618 96 981 58 704 0 4 3 7 1 16 3 1 23 62 20 26 79 40 23 29 22599 2035 330 54 42 9 7 0 5 12 34 40 116 26 81 3 13 7 41 15 83 9 166 38 4971 18787 1951 58 317 24 3 0 19 46 56 54 73 6 2789 29 41 28 10 51 22 107 135 13 121 3 50 8 29 5 7937 4257 410 71 67 29 12 7 10 269 53 46 60 241 149 4034 97 54 3 2 14 23 0 22 1 0 2 3 11 25 1 0 1 0 1 0 5 1 10 3 10 2 4 0 1 0 0 0 6 2 5 93 1 59 1 0 32 32 2 5 2 0 16 0 0 0 3 6 5 0 3 0 0 3 2 3 0 0 2 0 1 0 4 0 0 1 0 0 5 5 6 0 0 2 1 1 6 0 50 31 19 1 1 68 7 0 3 1 3 1 1 5 8 3 13 3 1 1
509 70 137 31 50 81 221 339 26 178 6 125 0 0 1 0 0 0 0 0 1 5 5 6 5 4 4 2 433 234 42 12 6 4 0 0 0 0 3 5 3573 10 3 2 3 0 2 11 106 11 340 49 2070 1951 12450 577 22 4 0 0 2 5 10 2 5 2 82 5 7 11 11 6 2 17 35 4 22 0 12 8 38 6 3396 205 52 1 20 42 9 2 5 980 90 41 8 31 25 460 18 2 0 1 2 3 0 3 0 0 0 1 3 5 0 0 0 0 0 0 0 0 1 1 0 1 2 0 0 0 0 0 1 0 0 20 0 10 0 0 6 6 0 0 0 0 1 0 0 0 2 1 1 3 0 0 1 3 1 1 1 0 0 0 0 0 0 0 0 0 1 0 1 1 0 0 0 0 3 2 2 0 11 2 2 0 0 8 10 1 9 0 0 1 1 1 1 0 2 1 0 0
262 161 119 82 44 99 12 113 7 72 11 125 1 0 0 2 0 1 0 0 56 13 4 6 13 6 1 4 53 124 54 8 8 2 0 0 0 2 1 1 947 3 10 0 0 0 0 4 24 1 38 10 2 58 577 2359 11 3 1 0 3 1 1 0 6 0 59 3 5 3 1 11 6 24 18 3 11 0 8 1 6 2 2100 75 909 7 10 8 9 1 3 87 18 9 10 50 22 15 12 4 2 0 0 5 1 3 0 1 0 0 1 5 0 0 0 0 0 0 1 1 0 0 0 2 1 0 0 0 0 0 3 0 1 33 0 19 0 0 5 5 0 0 0 1 1 0 0 0 0 0 0 1 1 0 0 1 0 1 0 0 0 0 0 0 2 0 0 0 0 0 1 1 1 0 0 0 1 0 0 0 4 9 3 0 0 8 0 0 0 0 0 1 0 0 4 0 1 1 0 0
529 50 19 87 2385 150 8 10 12 2 14 78 19 65 52 61 2 250 28 8 65 162 45 206 766 95 575 315 7814 6211 10461 10 23 25 152 0 15 22 260 390 199 64 432 16 31 61 519 69 105 23 20 4 8 317 22 11 14413 27 24 4 243 250 723 795 1034 59 3926 357 489 178 20 24 36 54 1533 83 50 4 38 0 6 3 133 245 331 448 2395 14 30 17 85 37 52 127 270 824 19 11 5855 4701 3 0 2 6 0 8 0 1 0 3 3 11 2 3 28 2 1 9 6 38 14 15 14 2 4 2 1 5 0 7 2 0 3 52 2 34 0 0 36 33 22 3 12 1 6 4 14 0 16 82 5 1 1 2 0 13 0 0 2 1 0 1 0 0 2 1 12 30 2 1 0 3 2 3 3 10 1 2 30 5 17 19 9 1 6 19 1 1 9 1 1 7 2 6 2 0 1 3 0 2
8 5 5 12 18 37 1 2 18 4 9 494 3 196 117 150 1 90 14 2 106 232 46 59 33 23 166 348 66 12 20 2683 2227 2070 234 80 195 39 332 47 115 14 52 4 9 15 1508 39 8 4 5 1 0 24 4 3 27 4348 1537 2650 109 40 46 68 323 12 47 3439 310 19 33 436 158 65 5148 118 109 3 531 0 10 1 21 24 120 39 285 6 12 5 21 10 20 8 15 690 79 14 48 16 3 1 10 15 5 23 0 2 0 11 15 37 2 2 8 0 0 11 7 20 22 20 15 8 18 1 3 3 0 1 12 1 7 169 2 93 1 0 69 100 8 9 3 5 24 4 6 0 13 27 12 1 0 2 0 9 0 3 0 1 1 0 1 1 11 0 5 11 1 0 6 8 13 7 0 6 0 0 19 1 59 64 18 7 3 62 0 0 2 3 8 8 1 6 14 2 11 12 2 5
2 0 0 1 8 5 0 0 1 0 0 4 0 1762 678 27 85 18 3 12 10 45 43 31 22 60 129 88 20 17 58 76 175 1904 1379 2576 2628 140 39 386 40 9 24 3 2 2 1852 3 3 0 0 1 0 3 0 1 24 1537 7108 4931 2 2 11 22 47 1 15 3108 22 0 0 15 54 107 960 1 16 7 31 1 1 1 3 5 7 4 189 1 2 1 0 2 0 1 7 80 2 1 8 56 1 3 2 1 11 8 0 1 0 0 0 3 20 2 11 14 7 74 99 26 163 128 247 22 41 3 15 7 0 18 29 5 10 84 6 38 15 0 249 291 1 104 1 2 18 3 1 1 97 15 66 1 1 0 3 1 0 0 0 0 0 3 1 5 11 8 2 10 0 0 16 26 9 14 0 1 2 0 1 1 46 148 22 19 2 53 0 0 1 4 3 0 4 13 3 0 4 5 4 21
4 0 0 0 2 2 0 0 0 0 0 0 1 653 228 86 35 14 1 0 5 12 34 11 3 9 96 157 3 0 8 66 60 1739 422 443 505 10 70 23 25 2 3 0 0 1 1886 0 2 0 0 0 0 0 0 0 4 2650 4931 2434 8 1 4 6 80 1 1 2640 29 1 0 5 7 20 470 4 4 2 1 0 0 0 1 0 2 1 89 0 1 0 3 0 0 2 2 14 0 0 2 6 0 0 0 0 3 0 0 0 0 0 0 0 1 1 0 1 0 7 13 5 16 9 32 2 5 0 1 0 0 1 3 1 0 19 0 10 0 0 41 42 4 6 1 0 2 0 0 0 8 4 11 0 0 0 1 0 0 0 0 0 0 2 0 2 2 1 1 1 0 0 0 2 2 2 0 0 0 0 1 1 7 13 1 2 0 5 0 0 0 1 1 0 1 1 0 1 1 2 1 4
31 1 1 6 64 47 2 1 4 2 5 42 156 111 371 372 32 3160 73 99 7 43 24 1239 75 18 270 258 188 56 77 23 146 162 40 2 243 553 4105 21 652 971 2728 80 194 2096 55 995 135 67 5 11 0 19 2 3 243 109 2 8 7937 270 285 2410 1917 416 145 63 2843 235 430 47 171 54 493 11053 55 20 57 9 176 14 13 14 24 33 44 141 330 45 1488 27 199 48 471 232 24 3 80 76 0 8 0 1 7 1 0 3 0 0 0 0 6 21 497 13 2 34 4 249 60 67 47 0 3 4 2 167 1 63 28 20 5 9 2 7 2 1 46 45 230 11 465 2 5 187 329 16 81 1725 9 22 47 6 19 139 1 1 2 7 0 1 0 2 7 2 304 784 50 31 2 10 13 6 38 670 9 29 687 132 5 10 75 14 149 13 8 15 76 0 0 144 35 27 3 0 1 1 0 3
47 1 3 3 70 62 1 5 3 0 5 40 19 27 63 36 7 34 17 37 5 91 21 73 105 20 87 45 345 62 91 14 19 24 9 1 13 53 124 19 39 20 294 30 118 41 13 6554 607 603 6 12 0 46 5 1 250 40 2 1 270 11349 8640 873 740 72 279 25 1598 2356 704 8 40 68 151 583 31 6 20 28 124 412 17 27 30 51 15 336 694 203 280 42 470 2080 2524 196 15 2 95 37 0 1 0 0 0 0 0 0 0 0 0 0 0 1 12 0 0 6 1 8 6 8 3 1 0 2 0 0 0 1 3 2 0 2 0 1 0 0 5 6 1 1 2 1 6 25 40 6 10 36 1 179 586 19 115 424 22 11 51 61 0 1 0 0 1 0 8 32 141 10 0 0 2 1 81 13 100 172 227 12 1 7 6 1 151 7 352 47 1114 1 0 438 240 0 0 1 1 1 2 3
96 1 4 20 132 134 7 3 4 0 14 97 42 60 139 91 3 89 44 35 8 134 25 197 197 26 487 243 663 168 248 13 22 40 50 7 26 60 134 37 90 60 1119 73 196 98 73 1931 338 404 4 8 2 56 10 1 723 46 11 4 285 8640 19442 7636 4749 135 451 96 6049 1582 315 15 42 42 230 636 55 20 37 7 58 36 30 63 72 94 72 145 684 208 449 31 277 1151 2754 354 12 6 216 165 0 1 0 0 0 0 0 2 0 0 0 2 3 0 15 0 0 9 1 21 9 22 14 1 2 1 1 4 0 5 1 1 0 8 0 3 0 1 16 8 3 5 17 1 4 17 58 5 22 93 2 38 119 7 36 251 2 2 8 14 0 0 0 0 0 0 21 32 54 10 1 2 3 0 52 50 18 40 271 17 4 6 4 4 80 7 53 23 263 0 2 200 45 2 2 0 0 2 0 2
43 0 0 9 48 35 2 0 5 3 3 34 148 25 40 58 15 576 99 25 5 75 15 771 362 33 1521 647 608 82 197 10 39 66 65 1 42 149 726 44 58 54 6463 84 175 794 297 109 80 50 0 1 0 54 2 0 795 68 22 6 2410 873 7636 11229 11150 643 553 240 1290 287 32 13 105 63 288 277 85 35 82 5 9 14 18 25 39 103 201 14 45 63 697 8 69 109 2740 164 24 7 273 134 0 1 0 0 2 1 0 0 0 0 0 0 3 6 156 4 1 40 11 102 27 77 46 2 4 2 4 33 3 19 10 5 2 12 0 9 2 0 29 42 57 17 92 1 4 38 79 4 37 748 7 7 12 0 5 41 2 1 1 1 0 0 1 3 4 2 118 179 14 9 1 3 0 0 5 195 4 11 200 31 4 19 20 3 27 10 4 3 26 1 0 49 11 6 2 0 3 0 1 2
227 8 2 21 357 311 14 3 3 2 29 188 167 508 849 351 10 1077 66 42 16 41 9 635 45 7 1407 2467 674 389 621 53 133 366 160 17 183 117 11543 20 88 102 1833 61 284 644 123 231 40 30 5 17 0 73 5 6 1034 323 47 80 1917 740 4749 11150 8751 451 258 536 5413 310 130 46 68 64 1683 310 50 13 57 4 45 5 41 24 60 35 180 21 29 33 299 15 141 65 341 1097 16 10 115 533 1 6 0 1 5 1 0 1 0 0 0 0 3 24 268 7 2 56 15 297 44 81 56 2 0 0 0 73 2 37 13 8 8 17 2 16 2 1 50 61 182 11 240 0 8 64 198 5 39 1250 8 9 13 1 10 75 1 2 2 4 0 1 1 2 2 1 222 297 33 13 1 8 7 4 16 436 5 12 465 82 10 21 18 13 61 16 5 4 45 2 0 66 20 32 2 0 1 2 1 4
11 4 3 6 12 10 6 1 51 3 2 7 1433 3 14 9 7 331 212 11 2 22 6 224 34 12 53 30 60 15 16 4 12 7 7 1 5 82 169 7 208 345 869 541 1516 1151 14 58 130 3377 89 359 0 6 2 0 59 12 1 1 416 72 135 643 451 3656 39 7 246 44 52 14 142 1277 38 221 1199 1058 499 1688 119 1952 7 7 11 16 5 636 219 318 355 33 29 40 338 29 139 23 16 13 0 2 1 0 3 1 0 3 0 0 0 1 2 7 211 3 2 10 3 81 21 27 12 0 1 0 2 31 0 11 6 3 1 8 0 3 1 0 9 12 29 8 89 0 3 54 284 13 39 731 4 13 22 3 13 216 6 2 12 14 0 2 1 0 0 0 104 161 11 156 0 2 2 0 9 159 12 18 401 49 0 14 130 3 42 13 42 36 127 0 0 73 27 1 5 0 1 1 0 3
495 303 212 404 369 323 17 75 51 60 37 292 12 16 23 35 6 184 18 10 40 560 316 337 1888 477 194 61 5341 591 725 33 98 54 42 1 19 94 97 802 318 225 818 17 36 51 387 46 462 30 67 14 37 2789 82 59 3926 47 15 1 145 279 451 553 258 39 12901 230 157 222 14 67 135 255 611 62 163 11 106 8 15 9 677 3951 1218 4095 955 19 52 28 62 196 96 224 662 306 134 37 5129 826 0 2 11 11 2 16 0 4 0 3 7 19 7 1 9 2 2 22 18 24 57 34 42 9 22 2 1 3 1 11 15 0 10 174 2 94 1 1 172 176 8 24 12 2 16 3 8 0 23 46 22 0 9 0 3 8 1 2 3 1 0 0 0 1 14 3 5 21 2 4 11 16 17 11 2 7 1 1 32 3 82 103 31 19 6 88 4 0 7 7 5 15 1 9 3 1 9 12 4 11
21 1 2 6 13 22 0 2 4 2 1 18 5 471 239 213 7 99 7 4 57 110 36 134 215 36 545 615 160 27 143 106 360 1871 758 201 517 76 354 159 84 21 122 2 2 14 3656 13 13 1 5 1 0 29 5 3 357 3439 3108 2640 63 25 96 240 536 7 230 5131 190 11 7 35 75 121 2626 24 38 5 33 0 1 0 19 17 79 40 2414 1 0 7 5 12 9 7 35 73 3 1 218 247 2 3 3 3 9 4 0 1 0 1 0 3 6 1 11 4 6 28 59 29 109 44 109 13 30 4 1 5 0 6 21 2 12 189 4 146 6 0 277 318 6 42 7 4 26 3 4 0 49 31 41 0 1 0 1 1 0 3 0 0 1 3 0 3 19 2 6 13 4 1 11 24 29 19 1 8 0 0 5 0 64 114 16 15 2 65 0 0 0 2 7 0 1 18 6 1 17 10 6 20
121 2 2 17 227 192 7 5 6 2 16 83 81 263 501 194 12 240 53 25 15 54 16 146 40 10 444 645 358 240 302 44 155 255 67 17 135 185 3539 15 174 192 533 52 251 192 58 4096 97 82 3 17 1 41 7 5 489 310 22 29 2843 1598 6049 1290 5413 246 157 190 2490 652 775 59 107 41 1274 3055 39 17 63 4 197 13 25 18 31 17 86 149 265 68 722 19 422 51 333 805 19 14 67 235 0 1 0 0 3 0 0 3 0 0 2 1 2 4 99 5 1 12 6 29 18 31 24 0 2 0 1 21 0 10 8 7 2 7 0 4 1 0 15 22 22 8 91 0 6 50 253 6 37 566 4 10 29 9 15 264 5 2 7 13 0 1 0 0 1 1 118 172 37 13 5 1 5 1 41 297 11 22 677 102 1 12 13 3 96 16 29 18 127 1 0 213 43 3 3 1 0 3 4 2
25 2 3 4 48 29 5 4 1 3 3 29 10 27 73 28 3 42 26 28 5 99 15 50 92 18 49 14 279 60 45 7 11 12 7 1 15 44 54 19 51 13 128 35 75 32 14 1251 488 266 33 46 0 28 11 3 178 19 0 1 235 2356 1582 287 310 44 222 11 652 7206 3890 4 40 37 85 396 24 12 17 92 678 942 22 32 51 53 10 970 403 105 254 80 5533 1053 881 135 4 1 97 20 1 0 2 3 1 0 1 3 0 0 0 0 0 2 2 3 0 1 1 3 0 12 3 0 1 0 1 2 0 0 1 1 0 1 0 1 0 0 3 4 0 3 0 7 11 15 23 0 9 17 0 293 287 21 42 104 41 34 76 145 0 0 0 1 0 0 5 9 52 6 0 0 0 0 20 7 178 361 86 4 0 2 3 0 31 5 740 33 1119 0 0 130 306 2 1 0 0 0 0 0
35 6 4 4 34 28 0 12 3 5 2 20 17 4 8 10 4 26 33 18 2 8 7 6 4 4 6 9 37 36 27 11 20 13 1 0 7 65 107 2 70 20 31 52 87 37 2 5751 119 332 36 91 0 10 11 1 20 33 0 0 430 704 315 32 130 52 14 7 775 3890 8362 10 56 45 116 752 15 7 38 46 1982 580 20 3 10 2 3 3604 1410 187 364 107 3368 211 86 122 4 4 5 4 0 0 1 1 0 0 0 2 2 0 0 1 0 0 5 0 0 1 0 3 2 3 2 1 0 2 0 1 1 1 2 0 0 0 0 1 0 0 4 2 1 0 1 1 7 17 17 3 7 14 0 186 263 21 37 140 31 23 46 76 0 0 0 0 0 0 1 22 64 14 0 1 0 0 24 14 128 229 97 10 0 1 6 0 40 7 610 38 846 0 0 150 233 2 3 0 0 0 0 1
167 80 55 123 267 1298 29 12 394 376 2755 2470 22 9 9 14 1 85 36 5 221 363 46 29 31 18 12 21 119 249 38 2483 3571 143 6 2 5 26 43 18 157 11 24 18 15 19 57 10 11 14 14 4 15 51 6 11 24 436 15 5 47 8 15 13 46 14 67 35 59 4 10 12804 866 399 783 36 3229 98 5807 10 7 15 64 55 302 69 43 11 4 4 13 15 4 6 10 2292 6891 274 45 17 27 15 130 175 8 264 5 14 7 52 100 275 1 3 6 2 1 9 13 7 31 24 25 28 45 2 2 2 1 2 24 2 33 611 6 280 2 0 132 107 7 14 4 30 75 0 4 2 28 12 21 0 0 3 2 4 1 15 0 0 8 7 4 7 14 1 3 6 1 2 37 30 24 9 0 8 2 0 7 1 284 166 64 8 1 309 1 2 1 9 30 1 1 20 112 8 75 33 2 15
