17.022739112553 23.7727242567407 29.8661465165619 42.1892981701121 49.3643812599732 54.2705077742708 21.7061509489378 23.6138318898012 86.9124314694004 48.2687145209246 76.797824375665 68.6472424049929 119.381271362305 119.840160624186 158.935219355992 136.872554176732 0 147.449837424538 197.082870483398 214.18473815918 119.163009643555 119.42367500729 124.322682587997 154.236062731062 149.384826965332 163.623413933648 128.68930348483 121.212008158366 31.8763798790956 27.0715615096574 58.0760380940666 69.7986716943629 125.081601500511 183.198148727417 104.042840576172 0 144.559726715088 216.929678344727 131.108594046699 138.855347188314 105.152468162247 156.490879821777 168.279518410012 208.482116699219 159.627938842773 172.844772338867 119.056822913034 168.070870535714 150.184598872536 178.721991539001 149.32938929645 172.002340937235 114.155496941238 86.770159243826 127.070056308229 123.094955881133 59.1905326915373 149.087390899658 79.3623580932617 133.490833282471 148.986967025265 177.918441772461 152.410987138748 145.108203266942 134.428429389315 172.932090065696 107.538038897274 123.951562064035 146.828801493999 176.69627746582 181.035804530552 83.5993335746719 156.821360996791 131.707070032756 126.243022339253 165.10817565918 117.210170586904 206.262857055664 127.749796021659 168.019506666395 184.606465092412 167.014912196568 123.813564405384 110.286597585351 115.133301444835 118.511980136903 103.939721743266 190.372392040188 185.216031319754 192.058323669434 168.603552924262 142.915062918808 169.046294745084 171.327556175522 186.977272316262 68.9757540851783 87.800352931751 50.7509722543817 129.341989898682 80.9760316432208 190.3376264901 195.392131260463 183.694596745418 186.712490764417 170.342338562012 182.209216139052 175.612190246582 173.693206787109 170.564597447713 145.582598994328 166.195653048429 181.793781722564 0 0 208.126972198486 0 0 172.687881469727 0 209.859143066406 209.242073059082 188.344509124756 189.523904418945 184.276992797852 207.483187866211 232.408004760742 0 0 0 208.853134155273 203.895373535156 0 184.673914591471 178.894866588504 0 181.255182902018 0 215.160232543945 182.644924926758 194.350534612482 196.160256958008 193.284133911133 219.49243927002 210.652071271624 197.243574443616 210.069366455078 185.911491394043 0 214.409576416016 199.538944244385 199.873504638672 215.572158813477 247.631912231445 0 0 213.978853498186 213.024012247721 231.388631184896 216.412815093994 225.340843200684 202.49235534668 219.187352498372 0 197.628509521484 160.192667643229 0 224.039367675781 217.05088297526 0 0 219.80859375 203.989093780518 169.879221598307 174.784805297852 217.330820719401 210.522701263428 0 197.913045247396 215.731825395064 0 168.076913833618 187.570082346598 156.76037979126 182.676971435547 0 153.899381676499 210.593183898926 180.366310119629 220.683099920099 213.290133666992 215.182642618815 225.49228922526 236.774948120117 181.305328369141 130.097617194766 156.431953430176 207.421726226807 180.19783782959 0 188.836959838867
23.7727242567407 17.2038329561252 27.6959311278186 25.0738994733283 21.1143108794297 45.8499076547524 69.3334604760875 65.1939744694348 88.9700478662418 95.1410017967224 88.1802565021279 69.3478415153396 227.116348266602 0 182.993988037109 169.294937133789 0 206.036911010742 203.962539672852 0 116.905968796123 120.924216637245 155.53663962228 202.067220052083 185.573615074158 167.782343546549 151.43236541748 150.554885864258 91.0568152659915 28.7230332127002 118.90297943751 89.2503012657166 140.238461143092 179.768147786458 0 0 0 176.130895996094 229.816947937012 204.708319527762 106.116404437774 170.525568644206 209.533596038818 0 244.61442565918 0 153.939483642578 187.600408935547 166.294031778971 189.450358072917 162.809381720725 175.631075690774 134.629836449256 115.210762947484 147.435318756104 128.580394294691 95.6897337341309 157.250473022461 0 0 193.309234619141 213.214370727539 210.131439208984 0 175.602951049805 217.261013031006 110.636607934933 185.415100097656 175.311027526855 213.400985717773 193.653536478678 95.5737863540649 178.923522949219 123.085298952849 154.861587524414 228.463554382324 131.029820469448 0 149.298512268066 181.958737182617 194.647796630859 187.840309143066 141.369712184398 118.444043337644 120.858359933883 114.840345041375 160.871142578125 206.901278686523 208.655473709106 245.520050048828 226.764892578125 162.078909902862 178.589145236545 186.190334666859 201.751621246338 118.688532148089 80.798171898922 99.4335785255776 136.600180308024 138.460340881348 190.562538464864 200.776037216187 187.684420257318 184.821802572425 180.797617594401 179.769552143436 159.528793334961 178.867153167725 179.969229913527 140.219880957353 163.494431640625 179.183735841073 0 0 0 0 162.075149536133 0 0 0 0 203.51741027832 200.041442871094 194.734980265299 214.868158193735 0 0 0 0 0 220.985552106585 0 166.759812127976 170.764485501695 0 172.926459079319 0 0 176.485332489014 165.096368408203 0 203.048492431641 0 199.479235331217 191.15365115079 0 0 0 0 216.357284545898 0 223.749130249023 0 0 237.513710021973 215.246154785156 0 231.774169921875 0 233.815902709961 235.521667480469 210.135589599609 145.462432861328 224.711418151855 174.715478515625 0 0 0 0 182.70849609375 215.871154785156 207.659687042236 0 241.030364990234 0 0 241.680892944336 0 0 0 166.724555594022 170.561032613118 165.973622639974 0 0 149.136340125132 212.054916381836 0 228.378005981445 196.415916442871 227.94643610174 0 225.66960144043 170.346298217773 122.722097581433 204.765864054362 205.517213948568 182.186553955078 226.488861083984 182.412719726562
29.8661465165619 27.6959311278186 12.8760362163445 26.354006412996 108.993998695822 40.1149516441661 65.4740563980257 24.4523078878013 90.8830256590972 18.6922087117309 105.189433428706 19.2875906330837 226.37646484375 0 0 193.372833251953 0 219.524658203125 0 0 125.095685351026 133.14545808015 154.331165313721 176.378321329753 179.541305541992 144.445874532064 0 0 92.3212245466745 79.1931143130286 155.966026306152 103.573655618204 148.496484375 224.256546020508 0 0 0 234.471725463867 0 193.505935668945 110.824842453003 183.624084472656 196.884742736816 0 0 0 169.411605834961 188.673252105713 162.623267508842 196.388117472331 164.091299293155 178.989387294224 134.992572206439 112.648668777753 147.986400743471 133.092463260939 120.178057218853 110.422038269043 0 0 194.720108032227 201.985010782878 210.069206237793 0 230.418045043945 214.048405965169 115.444423387635 152.118827819824 194.557106018066 203.930018107096 192.562953948975 108.730117659135 168.584648132324 143.710797396573 179.878086090088 207.514038085938 111.742029062907 231.946548461914 174.413650512695 181.674898783366 197.229854765392 184.732754516602 139.728411819975 119.322433637536 123.070454146383 119.163353896723 172.438150024414 198.201444452459 199.371660020616 191.623504638672 207.23225402832 158.447430765906 179.22261459763 181.437386252663 200.64266204834 131.229973493304 87.1200235253673 91.2034710400725 169.857327270508 149.352617263794 195.623826026917 197.081595102946 88.1214738690628 188.351707385835 188.792984008789 184.199264436078 174.004686991374 165.003410339355 167.516450039176 146.977818067684 170.340588039822 184.472596448533 0 221.235366821289 0 0 0 0 0 0 202.065093994141 0 0 203.456977844238 199.285064697266 0 0 0 0 0 197.016731262207 0 174.707331975301 179.621816123404 0 174.210493821364 0 0 219.23755645752 192.105999755859 0 202.160720825195 0 204.597412109375 201.641835530599 0 0 0 0 239.300811767578 0 247.336120605469 0 0 0 237.552001953125 0 236.267532348633 193.985641479492 0 227.784301757812 205.895131429036 0 210.263389587402 165.736779106988 0 0 0 0 0 218.898838043213 204.146587371826 179.085357666016 0 0 0 226.59391784668 244.189468383789 0 0 167.772404332315 188.531695048014 180.203277587891 0 0 158.091962269374 223.173496246338 224.988525390625 240.060573577881 0 223.476070827908 0 0 179.112218221029 136.218357154301 189.91325378418 210.731246948242 191.466931152344 0 182.509735107422
42.1892981701121 25.0738994733283 26.354006412996 13.5277534042815 23.6614244988532 28.107727204127 85.937722492218 42.2965249543937 82.0654129259514 38.5178324522511 61.3206341516404 34.1273355857843 154.658889770508 150.814596176147 161.961441040039 124.976383209229 0 162.471043904622 125.187530517578 0 109.642197395991 107.916612729921 107.274445106243 170.204544067383 132.285388522678 153.814740753174 147.626700083415 133.050628662109 85.2437948703008 40.514096717146 42.4567993107964 57.827264547348 120.817844564264 169.498756408691 90.840202331543 0 138.838241577148 152.458042144775 133.189908981323 145.625816345215 97.8242729130217 162.969230651855 157.363591512044 0 178.294044494629 155.471771240234 140.144395010812 181.040239606585 160.986288804274 175.300659179688 160.367173660633 175.606098848231 130.689894104004 114.624307516615 150.897526894846 125.490591933088 86.3776155669114 128.654807408651 144.178634643555 0 156.208852132161 172.571309407552 167.328243637085 158.177686903212 125.628116062709 168.707061767578 101.169712482112 140.003220876058 134.888614430147 197.551914215088 181.263893127441 79.5203332048121 154.492893218994 99.0668175437234 134.032538604736 152.703684488932 100.150937772265 113.380706787109 116.370317643689 199.440380096436 197.878100925022 191.062052408854 135.497604526274 110.250655126572 111.915849453772 103.461490982149 122.999931812286 205.882578531901 191.89089050293 158.558654785156 185.815795898438 161.675629827711 177.749644688198 185.594862365723 176.359305487739 86.6870802286509 73.9547064839064 98.7784899326793 118.996472190408 136.31651197161 185.949297355883 188.355618794759 159.952282886312 176.168532709922 193.203010559082 173.410522460938 172.538384755452 155.826605902778 164.914204491509 134.454412430983 157.47079829752 171.439723756578 0 0 0 0 0 160.758392333984 183.670440673828 179.664939880371 202.483286539714 214.936971028646 169.269246419271 207.637338256836 207.512835184733 0 0 0 0 0 196.802505493164 0 167.501594180153 170.79552150417 0 166.693579958196 0 0 205.192947387695 182.736545562744 195.853286743164 0 0 192.812595367432 187.037968635559 0 208.732248942057 0 195.200630187988 0 0 0 228.462753295898 210.008392333984 0 218.159413655599 0 223.54084777832 0 0 209.785705566406 207.092076619466 196.214904785156 233.659225463867 160.987521362305 0 0 0 236.665084838867 0 207.488446044922 201.511177062988 225.075678507487 0 0 0 220.722763061523 234.388900756836 221.567977905273 0 158.649992665937 167.772619394156 131.423587799072 0 209.789558410645 147.349918434837 0 234.268600463867 0 195.193206787109 214.283576117622 0 0 174.321357727051 115.2277250684 158.378438568115 196.149028233119 186.886786324637 233.432220458984 194.247611999512
49.3643812599732 21.1143108794297 108.993998695822 23.6614244988532 16.4282270769536 38.2211579864255 71.9375741404872 88.3050224016298 90.5763499520042 100.045617845323 54.9553802333661 58.7166791001135 179.000457763672 104.752982506385 133.164954737613 103.699774957472 0 148.187789113898 183.03973197937 163.290623982747 107.024161189653 100.615884136509 99.9887615003084 148.955447302924 115.123548573461 117.577799224854 119.298473855724 106.893800950208 69.7095871537253 36.5266863607964 22.2097252520471 47.6237294491855 75.1155102469704 170.802778455946 111.09893989563 0 163.658416748047 164.045364379883 117.5897951241 135.206503781405 95.1555153123484 134.762514931815 152.556731946541 176.637809753418 154.796239999624 174.078503695401 104.7708378842 154.146452192827 156.098556146389 154.936046600342 154.692379973656 166.963395338792 141.643786621094 107.395843862177 139.540988922119 115.495041587136 37.7623827420441 80.5856064690484 86.2124528884888 117.872184753418 129.135025620461 161.10460924421 144.582656744755 139.821024576823 123.299796545205 155.025098800659 91.5270127604001 117.633600088266 131.584057509637 180.69645913442 178.329702040728 69.2268583604906 121.319618745284 107.690064822926 82.2503675688868 137.904175357542 82.3398297949682 140.794413248698 89.2183032565647 190.332611083984 191.940006510417 196.396667480469 131.65014138039 104.969942032822 106.421115248676 98.4503801937761 86.3434246661616 174.953404017857 171.125923156738 172.036407470703 155.590814443735 155.251368425894 176.456151861894 174.134733200073 168.942886352539 41.0164598811905 73.4295615443477 90.4673446741971 104.121194159848 67.3908736272292 187.373001098633 207.180038452148 183.842032750448 176.825221946023 178.541152954102 174.980668659452 0 172.771438598633 155.911987304688 137.775439991671 158.693751615637 171.153944998076 0 0 176.138280232747 0 0 174.984308878581 176.13522644043 176.171965281169 192.587684631348 168.927395629883 161.574651082357 179.916097005208 175.042658487956 0 0 216.397048950195 209.774337768555 201.947250366211 196.44645690918 0 181.320859042081 168.473475864955 0 157.897197723389 159.69539642334 0 147.18021774292 173.15975189209 160.365745544434 168.561976114909 188.781422932943 199.074961344401 174.082421439035 194.645751953125 186.383608136858 191.686187744141 166.602411270142 201.322508070204 184.462565104167 236.933494567871 242.308334350586 209.148773193359 216.95435333252 193.539792742048 0 235.773193359375 0 0 0 0 0 0 162.531913757324 0 184.331687927246 208.532491048177 192.60563659668 0 214.62491607666 188.476231892904 161.333618164062 0 214.690612792969 205.008260091146 0 225.814743041992 196.374792480469 198.61003112793 150.905929260254 159.41579284668 107.142605781555 0 206.077645874023 143.759086036682 242.037857055664 0 221.936027526855 206.27799987793 218.63323059082 216.198496500651 242.374282836914 175.137939453125 125.445806230818 0 190.973649978638 174.480176289876 229.618637084961 0
54.2705077742708 45.8499076547524 40.1149516441661 28.107727204127 38.2211579864255 15.9239563281825 71.5497098588674 45.1935064721311 77.6848792221015 44.9745871111643 65.0180458231787 26.6082100658564 158.808542251587 146.539436848958 144.134412384033 121.988794962565 0 143.631828943888 163.912528991699 145.239418029785 108.774661644355 102.942930332936 114.749218220613 159.121139526367 119.046897343227 140.553852081299 129.348738437229 110.527733620633 89.0522442800747 55.3461216836484 49.1625944516238 20.2868982144764 63.2330132731191 153.599531173706 108.054028320312 0 177.427742004395 156.558414459229 119.142301362136 129.721842084612 103.009463541531 141.748760057532 160.971019744873 190.644348144531 150.950697898865 145.668149675642 117.783239152696 154.127730349277 167.309632508651 178.649691772461 166.356244564056 183.875773838588 139.746680549953 118.520584557197 149.473770612552 136.279338489879 86.0064065043131 105.311699583724 84.647541809082 117.316844940186 145.097989021464 165.837579050372 145.856502646831 141.856521388463 127.127408141109 138.580075836182 108.876233812456 121.052061601119 133.299178163211 174.960960125101 177.238501957485 55.4099304084601 127.814848235159 98.2283935546875 120.332255987021 140.015619975765 71.1550954202967 151.873410542806 75.863228229351 178.237922668457 190.355600530451 198.086168924967 141.928656613678 120.340856637229 116.225816590533 104.92016564754 104.108437171349 201.027508326939 181.853360493978 181.64255632673 168.138068389893 161.757957599781 180.335660357808 184.258199964251 175.380937303816 35.1224123595565 64.5108884569815 94.4650706003404 111.54626244439 95.7952815928358 186.697828594007 189.3110927235 176.899564365689 176.248613511123 200.158493041992 171.400188401859 179.617902483259 156.085491725377 163.09630073385 134.979696248372 157.688438903454 170.23940848906 170.043769836426 160.445434570312 212.924936930339 0 154.463226318359 192.081578572591 165.536819458008 182.052618408203 176.083770751953 167.034572254528 167.481246145148 194.908474392361 187.496678278996 0 0 201.340072631836 0 212.210586547852 199.13472254136 0 154.818789082189 160.957334481753 0 160.062292808344 0 0 171.152049920498 173.50221663255 186.751444498698 177.634682549371 200.160152435303 194.70021870931 176.806716156006 207.947967529297 182.977010091146 0 176.273843383789 195.764477539063 172.914058685303 0 199.69987487793 187.94108581543 223.930519104004 202.632008870443 0 214.876754760742 0 0 213.689498901367 198.819147745768 175.261741638184 224.614547729492 158.375787353516 167.698928833008 191.66786702474 203.639147077288 179.225997924805 201.535949707031 194.893504749645 182.12989976671 149.494517008464 139.442901611328 0 215.102145385742 237.319905598958 244.802047729492 203.938654327393 188.681030273438 149.503647319058 166.090738340866 127.561605453491 163.511642456055 208.224297659738 141.784080443343 215.685333251953 185.592216491699 0 183.126141357422 212.344512939453 233.340267944336 215.260650634766 158.133258056641 119.106471161344 168.271764119466 183.997497558594 173.387097167969 186.480682373047 163.849407196045
21.7061509489378 69.3334604760875 65.4740563980257 85.937722492218 71.9375741404872 71.5497098588674 8.79801341747163 23.132805953717 11.3825338398608 37.3825434600049 58.7225974754051 71.7703128808819 130.558441162109 157.135940551758 0 0 0 0 209.4345703125 0 121.161483764648 112.516611735026 120.161959330241 171.157989501953 121.205780029297 0 155.214920043945 134.160035705566 22.2941849155608 44.5477995129042 101.322738940899 77.77627770106 74.3630752563477 0 99.337287902832 0 0 0 132.009429931641 0 90.5384035297469 91.9313125610352 184.028656005859 0 123.784015655518 113.708946228027 0 172.440719604492 125.323427985696 143.315971374512 118.48061325301 136.580784517176 68.7271096185343 58.6920153954112 95.8440820685339 83.7231661478678 108.954745292664 163.003234863281 0 0 150.677391052246 204.228759765625 160.248356410435 156.785270690918 135.967371259417 108.834103902181 106.090183482451 0 144.542785644531 165.236560058594 0 67.7122422580061 83.6486358642578 66.4634236787495 109.947462463379 0 57.8007635307312 65.9537973403931 90.7578472561306 136.251448313395 149.393327331543 137.002461751302 93.0506089999352 81.732560437135 102.359267191453 141.537690734863 137.803939819336 153.643049621582 174.257736206055 119.032447814941 184.535308837891 109.642964030421 128.599992879232 147.777791023254 141.892395019531 82.2596510525407 24.8610685241341 21.8952585606752 132.680627822876 75.5963185628255 0 0 190.639907836914 200.834129333496 0 167.920852661133 0 115.725410461426 174.772598266602 114.70565032959 140.905467987061 168.533192952474 0 0 0 0 0 0 135.824417114258 0 150.014839172363 130.760673522949 0 0 0 0 0 0 0 0 0 0 178.15754699707 184.933483123779 0 152.55046081543 0 0 118.150295257568 177.711204528809 188.685913085938 230.982559204102 0 0 0 0 186.844100952148 0 125.893852233887 187.327835083008 152.568069458008 0 0 0 0 0 0 0 136.194747924805 224.969604492188 0 0 0 0 0 0 0 0 0 0 0 0 0 0 0 225.671264648438 0 0 0 188.314895629883 116.863166809082 216.309860229492 68.4253082275391 0 0 0 179.286178588867 0 192.621482849121 0 0 0 214.000259399414 0 137.567522684733 0 227.046768188477 0 0 0
23.6138318898012 65.1939744694348 24.4523078878013 42.2965249543937 88.3050224016298 45.1935064721311 23.132805953717 13.0329593659828 23.6410098930967 22.7252761629984 46.6786952076466 48.879013442081 131.241683959961 0 205.562423706055 0 0 0 248.561706542969 0 114.843426132202 170.942377726237 230.522659301758 177.668731689453 159.11840057373 183.341007232666 147.718292236328 183.907783508301 77.3940031584319 47.3014554977417 138.061244763826 108.2457447052 192.830248514811 0 237.719833374023 0 0 206.937934875488 149.740966796875 204.707473754883 104.456209464151 158.226089477539 202.91682434082 0 206.170806884766 0 161.621963500977 200.425872802734 146.861696313929 181.905212402344 146.375843652865 167.271198817662 105.834026436184 92.0985262367428 123.512083453063 119.433987237711 139.856182861328 117.589958190918 0 0 159.722442626953 197.970202636719 175.231129964193 0 183.865727742513 181.490905761719 105.383934326172 154.974639892578 177.601849365234 204.733074188232 175.841517130534 97.8604132334391 0 165.771650041853 179.586145189073 178.438453674316 103.226463794708 0 175.118409156799 163.308856328328 178.565615844727 176.913856506348 118.701605549009 106.209381220173 108.91799281409 117.299744500054 153.916177368164 185.860929919827 193.215076446533 169.730514526367 197.359676361084 136.996257508655 160.105132353933 163.430071923041 201.974634806315 113.336079067654 68.07124106884 50.3555138245617 134.490413120815 149.103073120117 170.105686187744 0 70.8124365125384 188.144462585449 0 173.502446492513 0 0 27.573541988026 124.844085693359 175.785647074382 186.527883529663 0 0 0 0 0 209.439468383789 0 201.989212036133 0 0 0 0 0 0 0 0 0 0 0 0 204.976043701172 208.592915126256 0 185.235876464844 0 0 222.220947265625 216.861236572266 0 0 0 0 0 0 0 0 137.173980712891 0 226.090484619141 222.732250213623 203.961074829102 0 0 238.377670288086 0 218.91731262207 201.581382751465 211.201629638672 0 0 0 0 0 0 0 0 0 0 0 200.387435913086 199.014709472656 0 0 0 227.978012084961 0 0 0 197.550450642904 203.283320109049 196.85920715332 0 0 197.578689575195 213.750883102417 0 229.160200119019 0 248.186538696289 202.637191772461 219.716888427734 0 178.718242645264 0 147.798812866211 0 0 0
86.9124314694004 88.9700478662418 90.8830256590972 82.0654129259514 90.5763499520042 77.6848792221015 11.3825338398608 23.6410098930967 6.07439988711933 31.2502594392278 59.3303855635365 76.758251292965 84.041134262085 147.473281860352 0 0 0 152.035171508789 109.525989532471 116.077705383301 101.548565204327 99.5120799623687 102.99383799235 131.425704956055 133.243100484212 143.648379007975 0 241.715469360352 92.9394819471571 93.5182710866459 115.834245681763 63.5096564248343 71.8664661933636 116.471542358398 126.773452758789 0 0 0 0 178.202651977539 104.219135829381 118.909089406331 155.217233022054 95.0937471389771 97.911042878122 105.844000382857 208.858810424805 165.690628051758 149.574035644531 111.549475669861 148.986663818359 157.534319790927 61.5936351049514 82.3409979343414 108.514033390925 127.391792297363 121.669883092244 72.1327321794298 143.17790222168 0 117.834968566895 148.981272379557 134.850645065308 115.763914489746 113.443196614583 81.0348281112372 111.535196491316 141.073551177979 133.172185262044 152.220657348633 159.51210530599 64.4937322103433 107.187143598284 43.0016062845264 87.2107310295105 120.891463279724 45.8692425223732 53.2054740564147 71.7815881616929 134.820992279053 155.149375915527 128.077678191356 124.450453722918 111.348525538589 115.640921698676 104.206634884789 131.09561920166 148.79086900794 132.882021123713 120.330476125081 124.225886662801 142.608183288574 159.703258514404 170.662623087565 153.187454223633 81.0323548439221 19.3569101915206 16.3685291347468 109.814485029741 0 0 0 212.126586914062 161.266819424099 145.627029418945 167.760000610352 0 0 183.775436401367 116.382067362467 144.211219787598 183.037680053711 121.029438018799 122.623561859131 123.427291870117 0 137.369445800781 116.995529174805 130.502337137858 118.55721880042 121.397209530785 117.434698791504 114.796731836656 123.943809509277 136.315469741821 0 0 148.132064819336 0 129.055191040039 147.851783752441 0 144.911773681641 121.768112691243 0 121.907602098253 111.783653259277 0 116.598334160404 122.869098956768 125.401405334473 125.940020751953 161.288238525391 0 151.615177154541 138.906555175781 132.937856674194 0 110.184072176615 138.293463389079 132.347287859235 230.651016235352 0 0 153.170654296875 155.305938720703 0 0 0 0 222.517669677734 0 0 163.643310546875 117.987970987956 0 137.005142211914 150.113739013672 0 107.217910766602 152.03651936849 140.318389892578 112.333919525146 109.065757751465 141.975051879883 158.789024353027 0 197.324645996094 161.794799804688 162.703330993652 118.24989427839 111.88022630111 66.6852977893971 146.639022827148 163.752853393555 107.394504995907 176.890655517578 0 202.766342163086 140.437998453776 168.339853922526 163.70467376709 235.292083740234 211.805015563965 108.338319566515 0 189.011034647624 0 143.128173828125 115.472213745117
48.2687145209246 95.1410017967224 18.6922087117309 38.5178324522511 100.045617845323 44.9745871111643 37.3825434600049 22.7252761629984 31.2502594392278 11.7923936869267 20.6178986540838 28.6578766002204 0 0 0 0 0 0 248.44010925293 0 127.189965089162 134.334646606445 0 196.430679321289 147.845222473145 191.013900756836 0 0 92.9054252972741 99.1735526661814 172.569981166295 65.7210440202193 132.056378682454 194.705673217773 0 0 0 137.746292114258 0 193.14485168457 105.645879164986 0 0 0 122.899768829346 0 0 176.872164916992 151.606488037109 183.91862487793 152.105949529012 172.419434085969 107.482636499405 101.800975414591 137.006781760226 125.106383429633 172.109550476074 112.269260406494 0 0 216.831970214844 0 0 226.223103841146 147.15990447998 136.741572062174 107.058475494385 190.141754150391 174.431365966797 191.03716023763 187.213790893555 45.6480956026848 0 72.7302160263062 164.55640496148 191.041580200195 66.1363787012002 79.1142082214355 91.0222317730939 163.37717183431 188.158173194298 169.128715515137 129.225463343281 113.861701902539 115.044125565695 124.61701520284 136.596941630046 183.483641251274 186.404388427734 202.045989990234 0 145.577199383512 171.066286087036 174.362088410751 170.078842163086 88.6977636647779 27.3207238338566 61.7944295421723 142.189312744141 0 137.02773651123 149.116355895996 141.812643406755 150.363378293586 0 147.765905326772 139.897349357605 105.54427947998 80.4882597063409 106.865033403228 131.066210103589 148.107007329864 0 0 161.376686096191 0 0 0 0 0 141.827682495117 0 0 0 170.166468302409 0 0 0 0 0 172.170843505859 0 142.435056050618 155.613635850989 0 147.632562637329 0 0 125.872097015381 180.504463195801 0 207.309585571289 0 0 169.992688860212 0 192.976516723633 0 0 0 0 0 216.380477905273 208.630935668945 0 212.072525024414 0 177.828689575195 0 244.957473754883 179.71240234375 0 184.603134155273 172.372253417969 126.358535766602 0 0 0 0 0 210.211055755615 179.391914367676 131.877349853516 0 0 0 229.641647338867 0 234.8251953125 0 135.147858706388 175.73176574707 232.651809692383 0 0 132.939370004754 201.746753692627 0 228.290428161621 184.578659057617 197.421685791016 246.323165893555 0 166.467712402344 83.8499412536621 107.731468200684 165.449298858643 160.761657714844 129.633255004883 145.055328369141
76.797824375665 88.1802565021279 105.189433428706 61.3206341516404 54.9553802333661 65.0180458231787 58.7225974754051 46.6786952076466 59.3303855635365 20.6178986540838 9.76205627021274 21.855700281691 0 0 205.611675262451 142.652370452881 0 129.329299926758 0 0 103.364724263658 96.882874267923 103.752992418077 152.614944458008 125.785731421577 128.975996398926 118.520652770996 108.114909701877 87.8265208978763 55.9009654377215 60.9244189595067 26.4480944639545 50.2565989229414 142.571090698242 0 0 0 166.038330078125 116.266075827859 138.801948547363 93.6005074459573 155.617816925049 156.398696899414 0 0 198.148582458496 110.637783050537 133.707982381185 179.126991271973 146.390850067139 163.883420671735 195.240882873535 118.969078395678 111.540461441566 140.749621073405 126.376073663885 94.671688079834 76.9829868740506 0 0 146.56548614502 169.826275634766 139.647278376988 179.994766235352 123.576640161975 133.488250732422 105.918669829497 131.106750488281 138.954514026642 180.584655761719 157.588989257812 23.7046994588336 159.546671549479 76.6036642542425 101.318042408336 0 58.2946448615328 97.5345001220703 63.8498520420777 0 183.097427368164 181.417190551758 134.23565963219 112.227168673561 110.22174502549 101.430677254995 90.7353553771973 181.760604858398 211.325172424316 155.628662109375 143.70735168457 157.19956098284 172.850273132324 191.31155649821 188.506490071615 64.9129724697191 41.0976231347591 78.1149578762826 107.565480199353 130.574016571045 165.325773000717 168.220979817708 165.504311194787 161.171324608084 155.300674438477 157.499025703451 147.269090924944 149.142143249512 156.510904366629 117.517004998176 137.506284134476 155.732296777541 0 0 0 0 0 173.955429077148 159.613555908203 181.700904846191 170.390239715576 171.499214172363 172.797821044922 168.102645874023 184.33162689209 0 0 0 0 0 182.744942801339 0 144.77643258231 145.498009764118 0 141.256728832538 0 0 159.275774637858 184.701559066772 207.951690673828 171.738342285156 0 176.045950317383 171.338254928589 225.721160888672 0 0 144.242202758789 198.862899780273 176.0615234375 242.198165893555 0 189.010772705078 0 0 0 200.963232421875 0 0 192.755172729492 188.107452392578 191.353881835938 200.978881835938 133.447332109724 0 181.822479248047 0 246.504623413086 0 198.227061680385 185.124853515625 130.093292236328 148.597686767578 0 0 227.861801147461 206.433822631836 188.868392944336 0 137.327296340675 143.004606246948 121.575753348214 0 0 120.223179027012 0 0 229.412902832031 159.915562947591 208.570631663005 0 0 160.266019185384 96.8054542270958 178.284872436523 179.407751083374 157.527938842773 0 164.944496154785
68.6472424049929 69.3478415153396 19.2875906330837 34.1273355857843 58.7166791001135 26.6082100658564 71.7703128808819 48.879013442081 76.758251292965 28.6578766002204 21.855700281691 11.8495773142151 149.267608642578 157.99164276123 147.927211125692 109.589838155111 0 145.036214828491 112.530745188395 144.545193990072 118.355027877808 112.367180308864 109.927892316852 159.425548352693 129.047996520996 150.44296098792 137.683706844554 125.202690771071 104.943998793761 68.9249419701438 75.1901000077027 35.257392625171 35.2746141232601 67.6743861927706 103.638288324529 0 189.933583577474 171.610949277878 133.147987047831 152.667121887207 112.67209224111 157.933568087491 176.096744791667 184.221225738525 176.702735207298 161.5599609375 121.171250314424 167.184781242819 173.415257078229 169.253570556641 172.022435199784 189.941091156006 138.467237599691 123.286883007396 155.729762695313 138.789811462402 121.255278073824 43.8602969559581 109.089389801025 0 144.866107395717 179.39101600647 157.0359600893 146.221724790685 135.228388847189 149.912076677595 119.691935369413 120.638025495741 145.406641948654 190.135999482254 186.819422149658 39.8929411525186 60.8560158014297 98.4446735907038 72.5406836341409 147.239898681641 76.1160366880372 119.170281219482 56.7450640391528 183.047824435764 199.523232269287 194.01091003418 147.493349545816 127.561466352474 125.457644608846 115.041172315809 107.78803952535 208.53999710083 191.381130763463 201.970036824544 162.151997652921 167.865342055695 185.604605282054 191.498619773171 177.447340901693 63.9488370056861 66.3275294171463 94.021817229146 123.029095987635 109.012143135071 187.124018718287 190.283431297125 160.085451054943 179.790328571631 190.195816040039 173.647688290368 168.399368286133 170.744595336914 161.436707749659 135.46726648914 159.549423195268 173.715273790744 0 0 180.343348185221 206.874145507812 0 174.747371673584 175.292694091797 194.734094238281 193.763743591309 172.3341700236 176.53416633606 178.610841539171 185.878023783366 186.117584228516 0 0 0 217.415069580078 188.313693502675 195.698521931966 164.315605481466 159.979797985113 147.514678955078 157.904018177706 212.648818969727 0 169.464817698409 159.458178498024 201.751159667969 174.756713867188 211.818389892578 191.343989054362 175.088223266602 0 195.007186889648 175.463806152344 145.865086873372 203.297843933105 155.045616149902 0 229.216339111328 208.050885009766 0 195.264200846354 0 222.832604726156 230.889595031738 0 201.545265197754 206.47599029541 140.275421142578 211.064141845703 157.282821019491 0 198.217239379883 219.125450134277 0 220.268081665039 201.514940701998 185.056053924561 167.655647277832 188.457885742188 0 211.917714436849 0 0 214.110864257812 207.796821594238 152.253360627827 159.065556899361 112.138308876439 207.171600341797 0 139.514452276383 217.817874145508 219.3271484375 228.947528839111 196.848782857259 213.581658935547 246.832321166992 0 164.983053588867 117.209033956052 186.335159301758 194.141427389005 177.429338582357 187.074024200439 175.100420633952
119.381271362305 227.116348266602 226.37646484375 154.658889770508 179.000457763672 158.808542251587 130.558441162109 131.241683959961 84.041134262085 0 0 149.267608642578 11.4528514513316 125.059516906738 167.636363983154 83.5359244346619 71.5926363327924 19.4246030372697 26.9629763072436 58.0103000488281 0 153.121492004395 98.3936462402344 72.754896832751 118.345842997233 127.027104695638 80.077896221264 68.6910445649745 160.133727179633 225.912475585938 129.392578125 117.914924621582 98.1117849349976 154.701511383057 126.579218183245 0 83.1060021718343 61.3729613885142 50.4417012380269 128.717338562012 83.276130748245 63.6460000258226 73.3463370467031 29.2334050544846 27.4149477836775 15.643817190322 160.124831063407 82.3637250264486 80.9046124776204 54.2285035864948 108.66593170166 117.454992021833 0 0 0 154.908020019531 154.369669462505 139.912628173828 0 108.153816223145 56.6358773402679 116.373776887593 88.3202144077846 62.5252588890694 60.0057228682284 24.2057139643904 159.033574422201 116.411349487305 73.4570823010103 109.427080535889 99.1346296422622 90.2773704528809 72.2958188450664 33.3572320946213 122.179896304482 76.213449739155 75.4678597266313 30.7416795209975 73.375450714525 83.8495022455851 101.689208221436 84.4255945610278 0 203.996673583984 172.264610290527 144.582893371582 148.464952087402 95.790605024858 84.5914126309482 52.783770180378 64.6107737832962 90.6658039093018 116.014361988414 104.516799926758 96.6522601958244 120.692565917969 74.9075836471364 122.332008361816 159.700559997559 122.335641860962 0 157.951511383057 0 0 160.576602511936 189.43824005127 0 188.331619262695 0 0 0 158.824066162109 126.925126393636 101.015833465146 80.5928052194518 117.78972752889 131.758380889893 106.822036213345 123.559916687012 89.8913398203643 130.868263369701 102.588555426652 129.112942717796 0 216.299713134766 0 123.688995361328 107.362254505426 115.405697631836 110.674014145766 174.846772766113 162.911544799805 148.615823364258 147.297803011808 125.607259114583 149.000307523287 0 0 135.129441452026 140.48821010146 90.3202188446766 133.954020500183 98.1838560635595 220.920104980469 106.715901947021 110.147419917119 85.3630966518236 81.7631536630484 103.200114224864 90.3914721484433 139.343605041504 135.004091262817 132.056775665283 139.523262023926 134.173813453087 99.5748979319697 0 0 141.607048034668 156.315254211426 0 229.366180419922 193.462020874023 195.703425089518 141.081456502279 123.31958770752 89.6499322509766 102.06217338213 113.886821844639 65.2053397893906 222.7822265625 176.065643310547 151.439693995884 147.190319061279 123.098666054862 94.3446519374847 145.68769009908 138.491124471029 105.319774587811 99.1099316781027 124.728012084961 127.782684326172 50.0771242141724 170.923168182373 106.182350158691 121.884690228631 119.361612955729 98.2478456497192 134.543286132813 224.747329711914 0 117.58881161664 138.55468913487 156.631683349609 173.712158203125 117.883041381836 0 0 154.420547485352 202.887962341309
119.840160624186 0 0 150.814596176147 104.752982506385 146.539436848958 157.135940551758 0 147.473281860352 0 0 157.99164276123 125.059516906738 24.4127955074007 27.3930591448863 43.7020596202242 15.3974213064179 58.2931545758488 96.3020620727539 73.1692149904039 97.7736953209186 86.3194610050746 63.1830730935802 86.6092146010626 107.412166595459 75.2871690807921 40.2576419761121 50.2551440118261 130.69654006958 109.724310302734 92.2100532406666 67.8450882169935 77.0345184101778 64.4214123039304 24.755691442173 17.3040093691004 39.892649883215 73.020828368447 68.3872056344676 64.0974426830516 71.6430656502886 88.7652399275038 107.383059460184 149.113362630208 127.951427459717 96.5413866910067 75.2414062584148 109.768128077189 96.8896848763993 124.379313151042 131.712844848633 0 0 147.037857055664 0 0 104.226344181941 66.1001029306529 44.0307924402423 32.5383400325571 77.4550986418853 118.933982849121 107.006527964274 92.6483894348144 81.3938010959175 84.1062138875325 131.459610939026 66.9008228682662 85.5056253005343 132.121154502586 128.722537994385 83.3918253580729 105.842156982422 65.6236553357995 78.6974942919234 96.7147870976874 146.003924051921 98.9371459960937 127.513394927979 157.298812866211 144.78239440918 131.895168304443 225.400787353516 149.522731781006 155.000811258952 115.315803527832 79.1586546268103 154.899610246931 147.791198730469 0 139.953954696655 119.465242295038 133.360326004028 127.98219315902 108.847619595735 92.5163741406099 0 168.107841491699 107.428002357483 96.2166924683944 161.514770507812 149.469345092773 0 0 156.653610229492 190.977844238281 0 118.08903503418 0 0 0 166.000244140625 137.37182437049 130.0276121412 126.452459682118 136.1098777771 171.90779876709 127.366414470057 133.472857793172 132.0594013532 136.647314087418 129.898687615076 127.900201515718 146.336268107096 152.154264450073 129.23802947998 120.607852935791 157.759345314719 144.397850036621 143.566901477415 156.68191410945 141.556083679199 175.455352783203 145.25911693573 144.018905639648 163.034319196429 134.264183044434 139.54535929362 132.600243653066 139.104836304983 136.338669967651 140.269727550569 152.800003051758 0 136.572364443824 155.20352935791 157.559911092122 118.185249328613 117.60138203014 150.9562174959 137.435545487837 0 210.313911437988 171.724975585938 168.45703125 148.9462890625 0 0 0 0 203.051208496094 204.178151448568 0 205.702438354492 160.56260172526 142.406593322754 150.283971150716 164.927714029948 184.235214233398 123.08576965332 187.843438720703 169.185888290405 168.946690877279 138.089042663574 198.431297302246 167.154091971261 0 208.382675170898 175.25242966872 161.614730834961 142.110407336005 128.705454246285 79.5196560450963 193.376907348633 159.695465087891 124.181452225666 198.946075439453 151.619186401367 201.366661071777 150.954063415527 213.174819946289 195.026738484701 191.19282023112 174.703188578288 142.844604492188 0 174.945205688477 144.965825398763 170.828265380859 145.27710647583
