33837 4285 14372 5222 2084 4399 10649 8049 270 828 53 1923 0 0 2 5 2 4 3 1 77 38 7 5 36 3 3 4 6453 7954 602 16 41 14 2 0 3 8 7 17 741 4 31 1 2 5 10 13 22 0 229 336 1326 1672 390 284 59 9 3 2 5 12 29 4 8 1 410 19 15 28 19 35 23 1 73 8 15 0 17 2 152 0 4435 1367 2028 149 23 43 19 1 21 447 152 29 30 65 66 2859 54 26 18 34 45 57 26 100 13 15 32 23 44 162 1 0 0 0 0 0 1 1 0 3 0 3 5 0 3 0 0 0 13 4 37 20 0 4 0 1 10 2 0 1 0 2 6 0 2 0 0 5 1 2 1 0 0 1 3 0 4 8 4 8 3 3 11 0 0 0 1 0 11 2 1 2 0 0 0 0 4 0 37 15 9 0 1 11 3 3 16 3 7 1 3 9 37 9 7 2 0 3
4285 6686 5133 14483 1475 4108 289 96 22 601 134 1529 0 0 1 0 0 0 0 0 59 28 4 2 16 0 3 0 576 2177 130 8 26 5 1 0 0 5 2 3 254 0 7 2 0 0 8 4 2 0 38 58 148 239 65 105 22 2 0 0 2 1 5 1 1 0 150 5 1 3 6 24 9 2 26 0 6 0 6 0 19 1 660 290 689 50 10 4 1 2 6 62 29 3 5 16 71 213 22 11 18 29 75 84 31 156 15 11 55 60 102 250 1 0 0 0 0 0 0 1 2 1 0 0 8 0 0 0 0 0 37 3 56 30 0 2 0 0 5 1 0 0 0 1 9 0 0 0 0 3 0 0 1 1 0 0 0 2 1 0 2 9 1 11 12 1 0 0 0 1 12 5 0 0 0 0 0 0 2 0 43 13 8 0 0 24 1 0 3 3 10 1 2 5 78 7 5 0 1 1
14372 5133 26882 9653 364 6214 1008 3972 291 5178 511 33307 0 3 2 0 2 3 5 0 158 78 3 5 53 4 5 1 722 331 188 20 55 9 1 0 0 6 5 14 1001 4 22 3 1 4 17 12 19 3 145 251 367 769 235 371 40 8 2 0 1 5 20 2 6 2 445 17 13 26 15 68 16 8 57 9 27 0 19 2 124 2 2913 1193 2404 183 37 31 14 2 19 332 115 30 30 48 241 517 86 21 39 98 240 198 94 469 36 51 103 118 243 645 0 0 0 1 2 0 0 0 0 0 0 11 8 0 1 0 0 0 53 8 196 58 0 8 1 2 9 5 0 2 0 7 18 0 0 2 3 6 1 1 1 1 0 2 4 4 8 5 8 13 2 26 31 1 2 0 0 2 31 10 1 3 0 1 2 2 5 0 137 24 8 0 2 43 6 3 6 6 21 4 1 30 192 30 22 3 0 3
5222 14483 9653 16848 2702 10499 170 63 36 375 187 2273 0 2 0 1 0 0 3 3 51 35 1 1 15 2 2 0 341 950 183 14 31 2 0 0 0 1 2 1 186 0 5 0 0 0 3 2 2 0 17 27 65 129 30 58 8 3 1 0 2 0 5 0 1 0 107 1 5 6 4 28 4 1 14 1 3 0 10 1 14 1 374 195 414 47 7 7 0 1 1 28 10 5 5 9 86 149 24 6 17 52 83 79 51 201 16 20 43 55 103 334 0 0 0 0 0 0 1 0 0 0 0 4 4 0 0 0 0 0 35 4 97 27 1 4 0 0 6 0 0 1 0 1 13 1 1 2 0 0 1 0 0 1 0 0 1 2 1 0 3 7 1 13 16 0 0 0 0 2 26 6 3 0 0 1 0 0 1 0 65 5 13 0 0 14 2 0 2 2 15 2 0 24 68 14 12 0 2 1
2084 1475 364 2702 8839 12304 893 148 48 155 129 2842 3 23 20 25 6 52 15 3 367 245 13 18 95 8 23 105 2411 6230 9417 564 354 131 9 2 7 11 142 19 575 6 82 1 5 33 27 33 16 0 39 61 432 671 92 152 488 46 9 7 31 82 239 56 208 1 831 46 265 28 27 293 66 11 536 20 24 0 108 1 47 1 1232 642 1641 365 44 17 17 6 42 111 33 13 99 1918 291 876 289 120 47 165 215 221 152 449 27 24 96 91 227 758 1 2 3 1 2 0 1 4 5 8 1 19 24 0 2 0 0 0 95 16 294 110 2 19 0 1 18 8 1 5 1 8 35 2 7 3 3 38 2 1 2 4 0 2 7 10 1 6 18 32 2 52 59 1 3 2 2 2 75 25 9 7 4 11 1 0 19 5 207 51 12 1 7 69 4 2 9 18 37 7 2 62 246 32 45 4 2 9
4399 4108 6214 10499 12304 19027 492 226 123 724 431 22781 1 9 15 17 15 24 23 11 428 328 15 14 121 9 4 31 702 1453 2133 4899 2587 519 2 1 11 15 52 10 695 3 57 3 3 23 23 21 8 2 37 73 179 387 71 176 52 161 9 2 16 50 95 16 64 1 466 25 160 15 16 867 203 19 605 7 68 1 315 0 34 0 986 551 1823 302 27 7 7 3 23 95 29 12 34 1357 859 358 238 39 71 244 362 401 283 805 70 93 155 193 441 1329 0 0 7 1 6 1 0 9 4 3 1 30 25 1 0 0 0 0 141 21 494 181 5 21 2 2 32 8 8 10 5 19 78 2 5 2 2 50 10 0 3 11 0 2 5 13 2 7 28 43 6 55 71 1 1 3 1 3 130 36 16 8 0 5 5 1 29 3 352 46 33 0 1 125 3 3 8 21 79 5 2 94 390 59 72 12 2 10
10649 289 1008 170 893 492 10737 8218 375 3141 210 1526 1 0 0 1 0 0 0 0 17 18 0 2 9 0 3 4 1575 941 499 12 12 4 1 0 2 1 3 3 107 0 8 1 0 6 5 0 7 1 65 100 1119 737 263 47 22 3 1 1 3 5 14 3 12 1 84 5 13 8 2 25 6 4 29 3 12 0 18 1 37 1 1634 246 220 39 4 13 5 3 5 118 40 4 12 56 131 4037 18 7 6 9 17 16 10 41 5 4 1 8 19 54 0 0 0 0 1 0 0 1 2 0 0 3 2 0 0 0 0 0 8 0 11 12 0 1 0 0 3 1 0 1 0 0 1 0 1 0 1 3 0 0 2 1 0 0 1 0 0 2 1 2 1 3 5 0 0 1 0 0 3 1 1 0 1 2 0 0 8 0 4 7 2 0 0 6 0 0 5 3 1 1 1 5 15 3 3 0 0 0
8049 96 3972 63 148 226 8218 25711 1391 18383 383 7766 0 1 0 1 2 1 1 1 32 19 1 5 7 0 1 1 315 212 98 8 13 7 0 0 3 6 4 4 316 2 15 0 2 1 5 7 20 0 123 232 835 738 273 173 18 5 1 0 2 4 7 6 2 0 140 11 6 20 7 18 16 1 41 1 19 0 12 1 84 1 2821 631 839 63 8 21 10 4 9 251 80 13 10 21 80 1932 23 17 9 23 52 70 11 119 15 22 28 43 65 179 0 0 0 0 1 0 0 0 0 0 0 4 0 0 0 0 0 1 20 2 55 12 0 4 0 0 5 3 0 1 0 1 7 0 0 1 0 1 1 2 0 0 0 1 3 0 3 7 5 2 0 2 8 0 0 0 1 0 7 2 1 0 0 0 2 0 3 1 26 9 1 0 0 13 1 0 12 3 4 3 1 7 47 8 8 0 0 0
270 22 291 36 48 123 375 1391 1053 4511 519 989 38 0 0 1 1 15 11 0 42 76 4 1 30 2 0 0 61 30 19 27 75 9 0 0 2 4 0 2 45 0 6 23 102 22 10 6 3 118 7 40 206 31 31 5 3 4 1 2 2 1 3 1 0 54 22 9 5 1 1 317 45 270 13 1 180 29 209 34 46 81 112 43 114 20 19 161 25 61 87 21 8 0 4 29 1295 1770 17 1 1 1 8 5 3 14 4 7 5 11 11 35 3 1 0 1 17 1 6 2 41 22 25 15 21 4 5 0 2 1 4 3 11 11 2 11 0 1 75 74 1 22 1 2 20 3 2 0 45 27 10 0 3 0 0 1 2 0 2 1 0 5 1 2 4 8 3 2 1 2 9 3 1 12 5 2 6 2 15 5 9 33 18 1 3 15 3 3 5 4 5 11 3 1 12 5 19 5 0 7
828 601 5178 375 155 724 3141 18383 4511 19412 8874 27673 1 0 0 0 1 2 1 1 31 19 1 1 11 0 0 1 200 124 76 65 359 9 0 0 2 5 3 4 155 1 3 1 3 0 1 0 3 4 57 90 675 258 135 64 11 6 2 0 1 2 4 0 3 2 82 5 3 7 6 447 11 5 26 3 198 0 72 1 37 1 1034 261 400 42 11 15 0 4 4 121 50 8 3 34 2044 2660 23 5 55 104 214 216 70 471 47 71 126 197 264 698 0 0 2 1 0 0 2 1 1 1 1 8 4 0 0 0 0 0 30 6 153 45 0 2 0 0 9 5 0 3 0 3 19 0 4 0 2 8 0 0 0 0 0 3 1 0 3 7 11 17 2 20 22 0 0 0 1 2 39 7 4 4 1 0 4 0 3 0 94 12 15 0 1 48 2 1 4 8 18 5 1 21 207 39 8 3 0 3
53 134 511 187 129 431 210 383 519 8874 2682 3774 14 1 0 0 0 1 4 2 25 43 0 1 10 0 0 0 30 39 49 72 553 23 0 0 0 3 0 3 56 1 1 51 71 6 3 0 1 56 1 16 114 33 18 11 2 8 0 0 3 1 2 1 0 25 27 4 4 0 2 935 37 104 38 0 1553 145 367 16 17 31 98 32 89 22 8 39 9 23 20 12 2 0 3 65 2061 503 13 3 31 93 159 192 103 368 36 52 113 126 209 640 3 2 0 1 2 1 2 2 9 3 3 13 15 1 1 1 0 1 45 12 194 71 0 8 2 1 28 11 0 5 0 7 45 1 3 5 5 14 5 0 0 2 0 2 1 5 3 4 12 18 7 35 32 4 0 2 0 1 73 21 3 4 1 1 0 0 12 0 145 60 25 1 0 79 3 4 5 14 43 5 1 26 213 31 28 6 2 9
1923 1529 33307 2273 2842 22781 1526 7766 989 27673 3774 49569 1 1 3 2 7 8 20 8 395 314 15 4 92 6 5 7 405 471 921 1294 2619 270 2 0 6 18 12 8 768 2 29 13 10 10 18 6 5 7 70 90 395 431 139 165 38 52 4 1 6 10 46 5 29 4 362 33 47 12 7 1680 144 36 243 6 287 17 311 2 44 6 1440 569 1610 247 33 13 9 4 13 135 49 11 22 638 2986 1201 168 29 144 450 806 703 362 1672 118 167 358 408 792 2393 0 2 3 2 5 0 4 2 3 3 4 28 35 3 3 0 0 2 221 35 799 250 2 22 0 1 38 10 1 11 1 31 94 0 7 6 10 23 8 0 2 10 0 3 9 15 3 3 37 73 9 95 126 3 1 0 0 10 162 52 8 7 2 3 5 0 10 0 520 67 51 2 0 179 9 4 13 41 86 9 2 135 784 97 90 14 1 8
0 0 0 0 3 1 1 0 38 1 14 1 6903 5 7 25 94 2377 8064 91 2 8 5 24 3 2 28 114 1 2 5 1 15 7 2 1 16 984 50 5 18 5 70 5671 2183 4395 5 14 8 42 0 4 4 2 0 0 6 2 1 1 41 11 25 59 33 725 4 9 34 0 4 38 460 604 7 17 318 217 278 6 12 27 3 5 4 3 1 49 18 66 440 8 1 4 43 10 197 20 3 1 1 3 1 2 1 1 0 4 0 1 1 2 19 177 924 21 20 77 28 1269 257 2462 114 6 7 2 5 63 2 99 7 2 0 13 4 33 16 4 75 184 308 33 137 2 9 36 271 341 253 3660 18 5 11 0 1 10 0 0 1 6 0 4 0 1 4 10 51 136 19 253 5 4 6 17 14 108 3 5 313 22 2 27 311 4 16 8 2 13 14 6 2 39 19 6 7 2 10 3 2 1
0 0 3 2 23 9 0 1 0 0 1 1 5 13255 11045 2475 691 540 109 104 20 33 89 290 9 8 1866 1569 37 10 59 3 22 1703 3327 6117 1547 258 323 156 1143 24 243 10 2 33 688 16 40 0 0 2 1 12 4 4 51 415 2571 3444 30 46 208 258 251 1 52 430 155 13 8 3 14 14 924 7 2 0 6 0 7 0 17 8 22 6 5 6 10 2 51 72 3 20 77 85 2 2 2 23 1 3 0 0 0 1 0 2 1 0 1 1 39 16 14 53 53 48 101 32 291 511 336 36 33 13 44 7 7 41 1 0 1 10 2 43 56 10 72 220 13 158 4 5 41 14 4 1 75 50 39 0 2 1 1 1 1 0 0 0 0 4 2 0 3 50 6 23 2 2 6 3 3 25 5 15 0 1 17 1 1 21 14 0 2 20 0 1 3 3 4 5 6 1 2 3 20 1 0 14
2 1 2 0 20 15 0 0 0 0 0 3 7 11045 15982 17672 1875 3244 102 1018 27 47 171 167 8 14 1308 3510 14 10 22 6 37 800 397 784 1189 281 787 151 2406 48 192 14 4 34 191 31 89 0 1 1 1 6 6 2 22 217 344 957 28 59 225 170 447 0 16 119 434 14 30 5 31 17 568 22 4 1 2 0 9 1 6 6 8 6 3 13 26 5 45 169 12 47 71 64 4 3 3 15 2 0 1 0 0 0 0 4 0 0 1 2 69 17 14 54 49 42 75 39 260 378 239 53 45 10 38 10 8 43 0 2 1 12 2 44 53 14 58 188 12 177 9 3 22 12 4 0 98 56 39 0 6 0 2 3 0 0 0 1 0 0 1 1 6 39 4 27 6 5 10 5 1 27 4 18 1 2 30 5 2 18 10 3 5 28 1 1 4 13 3 9 7 1 5 3 14 7 3 18
5 0 0 1 25 17 1 1 1 0 0 2 25 2475 17672 28196 1272 8010 2049 2855 23 35 123 209 19 10 830 7177 14 9 33 10 120 746 128 91 1130 991 1688 143 1933 92 247 41 12 88 58 48 143 4 3 0 3 11 2 0 20 154 99 277 185 33 111 183 240 2 19 83 432 19 36 38 196 11 580 65 5 1 13 0 34 0 14 9 18 12 4 32 25 13 79 389 17 55 97 91 2 3 8 8 0 2 0 0 2 0 0 3 0 0 2 1 98 262 150 58 23 86 31 400 209 1306 129 17 8 7 18 60 13 267 6 2 3 5 3 26 82 8 50 106 182 61 88 3 12 20 19 46 182 418 18 1 6 0 0 3 0 1 1 4 1 0 0 0 6 19 8 79 7 5 9 2 6 18 3 27 1 0 52 4 6 15 31 1 4 15 0 2 3 4 1 12 4 4 1 2 6 6 0 12
2 0 2 0 6 15 0 2 1 1 0 7 94 691 1875 1272 2004 1622 1459 1797 66 124 235 88 33 44 72 143 3 4 6 9 44 586 97 729 3207 927 91 198 1261 31 70 161 19 139 152 10 71 9 1 1 1 3 1 2 6 87 109 526 19 7 29 30 32 4 14 44 57 7 8 23 106 102 271 15 6 4 17 6 11 9 11 9 28 8 6 16 10 10 75 72 11 18 33 38 4 3 7 2 1 1 2 1 1 2 0 21 0 0 1 2 168 44 34 88 145 34 182 40 605 382 390 251 173 27 151 33 28 96 3 3 4 31 18 131 145 36 282 528 24 532 27 7 118 29 14 17 404 109 199 0 6 3 1 3 0 0 2 2 4 9 5 3 9 140 8 59 8 5 24 24 9 109 5 35 3 4 38 5 15 112 51 14 5 141 3 0 4 59 7 10 12 3 29 14 98 25 3 69
4 0 3 0 52 24 0 1 15 2 1 8 2377 540 3244 8010 1622 19204 6091 3354 19 68 84 1043 45 12 1750 3027 70 24 77 8 224 497 115 32 1151 3884 8559 135 1333 159 1919 662 96 7250 86 206 137 3 2 6 8 42 4 4 106 138 67 109 6917 166 371 1594 559 28 120 96 1608 56 71 77 690 127 457 594 33 24 60 0 59 2 28 44 53 30 22 64 69 25 893 438 28 60 283 106 42 11 22 28 3 21 2 2 15 2 0 4 1 1 5 5 214 2458 2101 148 138 653 69 4216 572 7308 288 17 25 16 26 558 20 1431 58 15 19 57 23 180 108 28 219 577 2510 90 1260 2 33 214 522 762 711 6461 68 12 20 7 5 21 2 3 2 11 3 11 4 3 40 52 97 1165 85 78 25 25 55 94 38 371 10 7 443 24 11 35 200 18 27 32 10 8 35 10 10 70 75 35 10 11 19 4 7 12
3 0 5 3 15 23 0 1 11 1 4 20 8064 109 102 2049 1459 6091 61761 10173 36 71 56 188 25 28 813 586 14 1 18 4 139 91 103 2 476 5662 104 191 395 61 238 9955 366 4790 69 22 135 53 0 13 2 6 0 2 22 17 23 5 128 19 56 171 57 54 24 26 55 22 19 96 1191 1713 52 28 63 39 101 10 37 24 15 14 22 11 10 73 39 45 546 163 14 51 86 16 64 8 10 8 2 1 0 2 5 1 0 24 0 0 6 3 779 1103 1266 397 202 738 372 2508 2082 13137 1577 163 143 47 208 273 90 1708 17 7 7 41 21 190 448 79 409 1066 571 671 240 10 116 126 152 479 1920 1789 143 11 15 9 3 10 1 1 2 2 3 5 7 4 16 154 29 330 33 72 37 27 24 103 18 99 3 8 340 25 20 118 608 13 15 141 4 5 28 46 11 49 40 12 26 17 83 21 7 55
1 0 0 3 3 11 0 1 0 1 2 8 91 104 1018 2855 1797 3354 10173 3422 30 45 109 147 17 24 110 60 3 5 7 2 21 202 70 25 359 249 55 198 966 56 104 93 16 147 77 10 146 4 0 2 0 3 3 2 6 33 30 59 46 13 33 16 15 6 8 17 65 19 11 10 76 49 108 21 5 2 7 0 29 2 6 3 14 2 3 20 21 17 79 184 11 62 35 17 3 1 7 0 0 0 0 0 1 1 0 11 0 0 2 2 265 92 70 174 76 60 179 60 748 902 502 146 101 25 134 48 65 189 4 1 1 23 7 77 236 34 155 434 24 441 26 6 68 37 21 21 397 126 90 2 5 0 0 5 0 1 0 1 5 3 7 1 5 107 3 48 19 3 18 20 7 50 8 42 3 1 38 2 10 43 30 6 3 71 1 2 9 29 4 12 15 3 14 9 34 10 3 35
77 59 158 51 367 428 17 32 42 31 25 395 2 20 27 23 66 19 36 30 11357 7257 3570 97 378 856 23 6 87 112 190 104 408 648 3 3 147 390 6 353 1041 24 96 28 0 8 177 3 26 0 2 6 23 28 4 1515 30 63 81 17 8 7 23 8 8 0 45 143 11 12 2 429 502 73 325 1 184 3 335 2 6 0 254 25 2514 53 101 7 5 0 11 39 8 11 34 226 249 51 207 37 6 6 15 15 9 22 1 4 5 1 20 43 7 3 2 4 28 0 24 4 40 12 18 49 46 2 12 3 0 2 14 5 32 102 14 66 5 11 158 102 1 57 6 6 63 1 2 2 47 7 56 2 1 3 0 2 1 3 0 1 6 24 2 5 20 26 0 3 2 2 61 20 7 41 0 4 1 0 4 2 102 136 28 3 2 103 0 2 4 26 29 4 2 23 38 4 69 5 1 21
38 28 78 35 245 328 18 19 76 19 43 314 8 33 47 35 124 68 71 45 7257 17935 5372 674 6884 3645 148 25 93 81 179 156 649 1279 22 11 291 710 27 2436 951 177 798 69 6 47 476 31 197 2 2 10 30 89 10 72 68 78 123 37 43 65 184 63 25 2 229 266 35 64 20 687 964 191 504 29 253 7 609 0 21 8 328 224 6616 852 444 25 40 16 114 198 34 101 323 247 371 72 2062 145 6 20 7 15 20 35 1 10 3 1 31 57 20 7 3 9 79 7 43 12 118 33 59 98 104 7 34 4 5 11 16 5 39 94 11 106 5 12 319 220 8 136 3 11 105 3 4 1 87 23 105 3 7 4 0 6 3 6 0 4 10 24 2 9 34 76 3 17 3 4 90 27 17 96 8 15 2 1 28 2 129 192 60 6 10 132 1 4 8 48 39 18 5 18 40 7 101 14 6 52
7 4 3 1 13 15 0 1 4 1 0 15 5 89 171 123 235 84 56 109 3570 5372 10393 5530 570 5657 369 47 35 4 8 13 97 347 15 22 453 404 38 3268 9503 811 426 31 1 28 411 19 201 1 1 1 5 51 9 14 44 21 32 16 34 26 30 23 12 1 156 74 37 26 15 62 222 58 97 14 31 0 57 0 17 2 55 89 399 108 134 19 16 8 77 261 18 45 106 13 19 0 132 13 2 0 2 3 1 3 0 1 0 0 3 3 9 2 2 6 15 2 18 4 32 14 19 17 21 5 10 1 1 1 1 2 3 13 2 24 7 3 57 42 1 32 0 3 18 4 2 0 28 12 19 3 5 0 1 1 1 1 0 1 1 4 0 0 0 12 1 9 1 0 14 4 1 13 4 6 2 0 9 2 16 40 20 2 5 22 0 0 4 5 6 7 3 1 2 2 9 3 0 12
5 2 5 1 18 14 2 5 1 1 1 4 24 290 167 209 88 1043 188 147 97 674 5530 14661 670 3022 3572 257 171 14 78 3 33 89 772 15 56 113 342 8234 4396 4562 3518 12 21 897 1990 48 723 2 5 4 23 143 10 5 217 28 213 26 985 42 94 1034 113 4 443 338 160 64 35 20 62 20 137 40 9 0 22 0 31 0 103 173 188 205 275 61 70 21 577 942 49 139 251 34 9 2 178 46 0 0 0 0 0 0 0 1 1 0 1 1 11 8 14 10 20 11 15 43 55 122 63 14 10 4 13 8 3 8 2 0 1 10 0 24 11 4 35 64 11 35 16 2 10 6 16 3 24 118 15 4 11 0 1 3 0 2 1 8 0 1 1 0 0 18 3 14 7 7 5 1 1 8 6 19 5 1 37 3 1 7 9 0 9 2 1 4 12 6 2 12 10 1 4 0 5 1 0 5
36 16 53 15 95 121 9 7 30 11 10 92 3 9 8 19 33 45 25 17 378 6884 570 670 6882 1069 138 13 139 35 95 29 226 346 3 3 87 240 23 2975 391 85 584 30 1 28 1523 20 65 1 14 21 43 325 19 47 157 27 30 11 35 57 217 70 15 0 976 389 29 30 21 247 444 117 249 13 134 2 245 0 17 2 548 684 2802 1499 3511 13 34 6 81 87 15 47 258 101 149 28 3566 319 3 6 7 5 13 9 0 5 0 1 7 22 7 0 1 4 26 3 11 6 27 12 37 33 38 6 11 1 0 6 9 1 10 38 4 65 5 8 139 86 0 49 0 4 52 0 1 1 34 8 33 1 2 0 0 1 4 1 0 3 5 3 0 3 11 20 1 2 2 0 30 13 5 30 4 2 0 0 12 2 42 83 39 4 4 43 2 5 4 19 12 7 4 8 21 1 38 14 1 12
3 0 4 2 8 9 0 0 2 0 0 6 2 8 14 10 44 12 28 24 856 3645 5657 3022 1069 3629 183 11 29 1 8 7 69 225 26 2 116 221 3 4857 692 39 99 20 0 9 138 6 26 1 1 0 11 52 0 4 18 8 16 1 6 6 21 6 2 0 111 33 1 8 2 49 188 60 45 6 22 2 52 1 4 1 40 85 263 70 92 4 2 4 15 27 1 9 29 9 29 1 94 4 0 1 0 2 0 0 0 1 1 0 0 4 6 1 0 6 16 2 18 1 28 10 28 14 13 1 11 1 1 0 0 0 0 7 1 18 5 5 47 43 0 41 0 1 20 1 0 0 14 4 12 0 1 0 0 1 0 1 0 1 0 1 0 0 3 20 2 1 0 0 9 3 3 14 1 3 0 0 1 1 12 30 13 0 1 14 0 1 1 5 1 0 0 0 4 0 12 1 3 4
3 3 5 2 23 4 3 1 0 0 0 5 28 1866 1308 830 72 1750 813 110 23 148 369 3572 138 183 15155 10093 181 27 155 3 11 149 2319 82 96 72 283 2086 895 243 1106 15 2 134 764 12 115 0 5 6 24 109 4 2 324 95 454 162 126 47 347 1411 225 1 389 368 49 27 8 7 23 9 262 12 4 1 12 0 7 1 81 125 99 147 61 16 20 6 83 177 12 31 201 48 5 2 108 84 0 1 0 0 0 0 0 1 0 0 1 1 27 34 42 11 14 71 25 234 110 1014 106 11 7 1 18 9 7 58 0 0 1 7 0 19 12 3 26 75 30 38 7 0 7 9 9 9 44 97 13 1 4 0 0 1 0 0 0 1 0 0 2 0 1 8 3 13 1 4 2 4 0 9 3 5 0 0 23 0 3 5 14 0 4 6 0 0 6 4 1 8 4 0 1 0 3 2 0 3
4 0 1 0 105 31 4 1 0 1 0 7 114 1569 3510 7177 143 3027 586 60 6 25 47 257 13 11 10093 16281 169 76 260 7 11 563 571 95 348 120 7051 117 843 116 598 17 17 539 171 63 81 0 0 5 17 63 4 0 250 491 427 467 284 205 1603 3708 3171 4 210 518 661 51 32 5 22 9 1399 44 2 0 6 0 17 1 52 45 36 42 8 24 42 18 191 306 15 32 346 315 6 11 16 90 1 2 0 0 0 2 0 2 0 0 0 1 16 93 87 9 18 34 15 432 68 469 60 12 8 5 8 20 2 33 4 0 1 3 1 20 16 7 18 68 172 35 79 0 10 17 33 14 33 547 15 3 7 1 0 4 1 1 0 2 0 0 0 0 2 16 24 61 9 5 1 5 3 10 11 43 0 1 72 5 3 7 12 5 15 5 2 0 12 2 3 13 4 4 2 0 5 3 1 3
6453 576 722 341 2411 702 1575 315 61 200 30 405 1 37 14 14 3 70 14 3 87 93 35 171 139 29 181 169 30547 8352 4611 109 117 76 36 3 8 20 169 199 246 34 763 5 9 123 257 70 77 1 62 84 4333 13597 321 42 4814 42 16 5 106 218 920 267 268 2 4498 254 287 99 46 266 52 15 1218 63 81 2 161 1 63 2 2749 1455 458 156 274 49 73 20 183 228 64 128 493 871 153 3653 176 1109 20 39 50 47 54 98 5 2 11 12 65 190 0 3 0 0 3 0 2 19 5 17 6 19 27 1 1 1 0 0 32 7 77 114 0 15 2 0 44 15 5 5 2 9 34 6 8 2 6 57 8 2 11 2 0 5 3 7 2 5 8 19 1 12 48 5 9 5 5 1 72 28 6 7 8 9 5 4 26 4 146 54 18 1 10 68 4 2 14 12 32 16 5 38 83 8 32 8 2 12
7954 2177 331 950 6230 1453 941 212 30 124 39 471 2 10 10 9 4 24 1 5 112 81 4 14 35 1 27 76 8352 17597 7377 58 56 33 9 0 3 5 97 16 359 3 119 1 3 48 19 21 14 0 62 97 892 1230 149 103 4273 9 6 4 24 60 213 50 122 0 1703 39 175 23 11 102 19 5 290 12 14 0 47 1 45 0 1582 571 1065 145 25 18 16 6 43 152 51 24 76 545 75 1510 92 320 9 38 78 49 46 128 4 5 15 26 56 190 0 2 2 1 2 0 1 8 2 4 3 6 5 0 1 1 0 0 26 4 83 38 2 7 0 0 9 7 5 2 0 5 14 2 1 2 1 27 1 0 1 2 0 1 5 2 1 3 3 14 1 9 16 1 3 3 2 1 33 8 3 4 4 5 0 0 15 2 49 10 7 0 4 34 1 1 3 9 19 4 6 14 54 5 16 1 0 2
602 130 188 183 9417 2133 499 98 19 76 49 921 5 59 22 33 6 77 18 7 190 179 8 78 95 8 155 260 4611 7377 13191 124 148 62 63 1 10 15 250 82 540 13 413 7 5 102 180 63 24 0 53 78 523 1064 118 171 11709 47 35 5 82 165 708 260 380 1 2663 512 354 53 26 165 33 5 3907 25 10 1 60 2 46 0 1594 1072 1891 840 258 24 51 4 87 179 58 36 284 3500 115 755 1343 5620 21 41 78 85 65 209 9 20 37 27 92 318 1 1 3 4 3 1 2 22 5 13 3 5 8 1 1 0 0 1 36 9 121 45 1 8 0 4 17 10 10 5 4 5 18 2 5 1 2 72 6 1 1 3 1 1 3 5 3 6 8 17 2 16 19 4 1 3 4 1 38 14 2 4 10 10 4 1 29 5 101 25 6 2 2 47 1 3 11 6 21 8 4 24 83 12 19 5 0 1
16 8 20 14 564 4899 12 8 27 65 72 1294 1 3 6 10 9 8 4 2 104 156 13 3 29 7 3 7 109 58 124 12277 6490 2466 1 0 9 9 18 4 175 0 18 2 2 10 5 2 1 1 11 31 33 74 22 36 9 1956 12 4 4 18 19 4 19 0 113 12 65 3 2 1918 356 9 3211 12 67 1 604 0 8 0 257 121 354 71 11 7 1 1 13 28 11 0 7 5791 392 47 49 7 13 45 49 47 52 119 3 8 25 14 75 212 0 1 0 1 1 0 1 7 1 1 0 11 15 1 2 0 0 0 50 13 120 90 1 15 0 0 23 6 1 1 0 10 45 0 4 1 4 11 2 0 1 3 0 1 1 7 0 5 13 33 1 21 41 2 1 1 1 0 91 20 3 5 3 3 1 0 10 0 126 52 4 0 1 63 0 0 2 21 49 2 2 27 96 9 46 8 2 6
41 26 55 31 354 2587 12 13 75 359 553 2619 15 22 37 120 44 224 139 21 408 649 97 33 226 69 11 11 117 56 148 6490 5701 3837 4 1 141 3749 30 70 400 4 49 29 3 41 145 1 5 1 23 37 54 123 27 41 17 761 34 14 14 13 23 10 17 2 155 193 57 6 1 2909 1359 40 2860 8 195 5 772 0 14 2 373 177 568 99 127 5 3 4 41 38 14 6 14 2446 974 94 108 28 22 71 78 93 82 171 8 10 45 13 107 352 15 6 3 2 23 0 8 10 33 18 15 71 78 6 10 1 2 8 64 20 145 226 5 133 2 4 236 75 9 41 4 30 129 3 6 1 34 44 59 0 0 11 0 1 10 19 2 4 25 50 3 31 84 25 0 11 2 1 190 57 28 62 1 12 10 1 16 0 311 288 27 15 1 232 6 1 5 62 106 1 2 50 162 23 128 17 0 37
14 5 9 2 131 519 4 7 9 9 23 270 7 1703 800 746 586 497 91 202 648 1279 347 89 346 225 149 563 76 33 62 2466 3837 8263 351 253 3662 2678 470 288 751 18 123 34 5 41 935 19 20 2 19 38 39 88 39 42 37 4252 4385 3986 40 43 152 96 242 1 133 3159 330 10 11 846 589 51 8201 36 142 9 394 0 14 0 410 159 510 119 203 8 3 1 43 63 17 5 52 1351 74 16 135 54 11 28 15 23 23 26 5 10 5 0 46 63 31 6 11 17 121 11 54 35 92 48 58 165 152 8 34 15 2 10 36 13 46 246 35 299 9 24 574 254 15 135 10 35 163 15 6 3 135 88 191 0 0 10 0 6 5 13 4 5 30 39 5 14 71 100 7 16 6 5 175 47 27 195 3 25 5 0 31 0 214 467 35 10 3 250 0 0 5 81 92 4 7 45 70 8 200 35 15 113
2 1 1 0 9 2 1 0 0 0 0 2 2 3327 397 128 97 115 103 70 3 22 15 772 3 26 2319 571 36 9 63 1 4 351 2676 1043 290 44 26 1419 93 21 265 2 0 21 2518 2 17 0 0 0 2 15 1 1 82 140 2818 497 15 14 62 211 35 0 61 431 22 2 1 1 11 10 255 1 1 0 5 0 2 0 14 11 13 14 9 1 1 0 15 14 0 3 39 21 3 0 25 26 0 0 0 0 0 0 0 1 0 0 0 1 22 7 5 19 24 14 28 24 106 227 116 19 13 2 17 5 3 18 0 0 0 3 1 14 21 1 29 83 6 53 1 1 13 2 1 0 30 21 19 0 0 0 0 0 0 0 0 1 1 1 0 0 1 17 1 7 1 1 4 1 0 6 0 6 0 0 7 1 1 7 7 0 1 14 0 0 0 6 1 1 2 0 2 0 9 2 1 10
0 0 0 0 2 1 0 0 0 0 0 0 1 6117 784 91 729 32 2 25 3 11 22 15 3 2 82 95 3 0 1 0 1 253 1043 1406 425 32 25 30 52 2 28 0 0 1 491 2 1 0 0 0 0 0 0 0 2 36 1774 1118 1 0 18 20 15 0 0 53 6 0 0 0 1 0 59 0 0 0 1 0 1 0 1 0 4 0 3 0 0 0 3 0 1 1 6 7 0 0 1 2 0 0 0 0 1 0 0 0 0 0 0 1 3 1 0 2 7 2 6 3 22 15 24 3 7 2 3 0 0 3 0 0 0 2 1 3 0 1 8 18 0 10 1 1 3 0 0 0 4 4 6 1 0 0 0 0 0 0 0 0 0 0 0 0 0 5 0 1 0 0 0 2 0 7 0 0 0 0 3 1 0 3 1 0 0 1 0 0 0 2 0 0 0 0 2 0 3 0 1 3
3 0 0 0 7 11 2 3 2 2 0 6 16 1547 1189 1130 3207 1151 476 359 147 291 453 56 87 116 96 348 8 3 10 9 141 3662 290 425 7937 1468 295 236 1008 22 68 26 5 79 582 9 10 2 1 3 3 12 3 4 10 158 1064 1432 50 14 67 55 94 1 12 413 237 3 3 24 108 38 340 16 16 4 24 0 2 2 28 22 90 29 37 6 2 5 50 25 4 9 22 32 3 1 24 2 2 0 5 1 1 4 0 4 2 0 3 6 36 25 12 30 89 18 85 30 224 98 145 122 108 13 48 12 7 21 3 6 3 54 18 137 27 19 279 343 15 237 10 11 100 9 7 5 148 69 140 1 3 3 0 1 1 1 0 1 4 6 0 0 13 105 3 21 1 1 39 20 12 143 3 20 1 0 25 0 30 105 24 10 2 96 1 0 2 47 13 5 3 4 15 6 93 19 5 76
8 5 6 1 11 15 1 6 4 5 3 18 984 258 281 991 927 3884 5662 249 390 710 404 113 240 221 72 120 20 5 15 9 3749 2678 44 32 1468 8507 159 413 870 20 143 3314 170 1335 411 21 33 29 4 19 0 27 8 10 16 77 173 87 147 24 38 51 50 23 53 258 193 9 6 230 3159 605 140 54 54 31 133 10 18 17 71 54 224 55 73 63 29 29 616 51 3 18 46 18 23 4 87 9 11 8 5 4 7 5 3 50 7 0 9 18 191 91 84 104 338 75 296 236 914 897 541 395 394 44 154 39 25 137 19 13 16 151 65 439 155 71 1074 1025 82 657 54 35 286 51 50 41 678 558 486 1 6 8 3 9 5 9 2 7 16 25 19 6 33 339 19 76 15 29 147 75 38 408 17 60 9 1 134 11 102 486 159 31 18 394 3 4 12 155 67 14 15 26 70 23 314 64 16 263
7 2 5 2 142 52 3 4 0 3 0 12 50 323 787 1688 91 8559 104 55 6 27 38 342 23 3 283 7051 169 97 250 18 30 470 26 25 295 159 9814 15 578 110 853 21 31 891 53 245 73 4 3 6 21 43 3 5 231 429 177 194 7232 339 1220 1732 4767 7 182 289 5314 69 78 8 28 2 1302 998 4 0 7 1 50 1 46 40 36 27 9 48 68 15 463 327 18 36 224 365 4 16 27 83 1 6 0 0 0 0 0 1 0 0 0 0 11 251 252 19 15 46 10 730 80 265 34 10 7 2 7 71 0 33 19 11 5 7 2 36 9 2 38 83 507 24 332 3 5 49 350 49 48 2586 18 4 17 2 1 8 0 1 0 2 0 3 1 1 12 7 77 335 29 9 4 6 14 19 23 280 2 6 266 35 0 8 19 7 36 9 5 8 22 3 3 35 16 8 4 1 7 1 5 5
17 3 14 1 19 10 3 4 2 4 3 8 5 156 151 143 198 135 191 198 353 2436 3268 8234 2975 4857 2086 117 199 16 82 4 70 288 1419 30 236 413 15 6364 1689 241 705 43 4 44 5062 9 107 2 7 3 30 250 6 14 240 47 432 35 45 17 70 67 21 1 625 507 19 24 6 46 241 104 131 4 22 2 48 0 10 2 168 306 353 311 389 14 11 5 56 98 9 24 119 25 13 2 317 76 1 2 0 1 0 1 1 4 0 0 2 3 41 9 4 36 64 27 80 7 268 184 256 53 53 24 46 9 2 18 2 0 1 29 4 57 34 21 123 254 9 174 10 6 45 5 5 2 79 26 48 0 2 0 1 1 1 0 1 1 2 1 1 1 4 47 2 11 2 2 16 4 6 59 5 14 0 0 10 3 13 46 32 4 2 28 1 1 5 9 6 7 4 0 7 5 43 6 0 12
741 254 1001 186 575 695 107 316 45 155 56 768 18 1143 2406 1933 1261 1333 395 966 1041 951 9503 4396 391 692 895 843 246 359 540 175 400 751 93 52 1008 870 578 1689 5691 2690 1322 77 72 314 533 252 1129 20 173 231 45 121 2268 1516 189 173 128 91 695 138 187 141 185 7 290 271 312 220 298 384 557 95 961 211 236 7 329 13 606 14 1377 182 738 165 194 453 426 141 953 2364 470 621 602 532 256 78 176 153 8 14 13 16 24 41 3 6 4 2 37 92 14 9 15 8 43 7 20 25 63 48 53 61 69 6 14 7 1 10 26 5 58 139 14 83 6 13 197 105 12 61 6 12 76 18 14 9 57 102 70 32 70 6 3 18 9 11 21 91 8 29 1 9 42 29 17 18 27 12 89 35 17 60 24 27 40 36 110 22 154 178 32 4 34 124 35 18 175 43 47 79 63 17 65 6 91 6 3 38
4 0 4 0 6 3 0 2 0 1 1 2 5 24 48 92 31 159 61 56 24 177 811 4562 85 39 243 116 34 3 13 0 4 18 21 2 22 20 110 241 2690 4220 2707 9 20 178 178 18 1658 1 0 4 4 16 2 3 35 8 15 3 246 15 27 41 39 0 74 37 61 29 12 0 8 11 25 32 3 1 1 0 29 0 23 41 47 46 24 31 41 18 333 1026 17 103 99 9 3 1 31 2 0 1 0 0 0 0 0 1 0 0 1 0 2 2 1 0 1 2 0 4 8 21 5 2 3 0 1 2 0 1 0 1 0 1 0 2 2 1 8 3 1 3 3 0 1 0 0 0 2 41 1 2 1 0 0 0 1 0 1 1 0 0 0 0 0 2 3 2 3 1 0 3 1 2 5 10 1 1 21 2 0 1 0 0 3 2 2 0 5 0 0 4 2 1 1 0 2 0 0 0
31 7 22 5 82 57 8 15 6 3 1 29 70 243 192 247 70 1919 238 104 96 798 426 3518 584 99 1106 598 763 119 413 18 49 123 265 28 68 143 853 705 1322 2707 10592 90 378 2164 877 298 2009 11 15 18 99 550 18 27 990 105 299 42 3582 323 1571 5097 1028 20 1559 474 1375 380 123 29 85 27 432 995 38 4 46 2 105 1 370 562 444 577 214 146 263 158 6734 1217 146 713 2819 222 27 23 512 213 0 2 0 0 3 0 0 3 0 0 0 0 17 23 34 17 17 18 19 128 67 163 82 9 7 3 12 7 5 14 11 2 2 6 1 14 21 5 50 64 62 33 24 1 10 50 135 10 28 728 11 12 57 1 1 41 0 0 7 22 1 5 1 3 4 11 92 99 44 43 4 8 5 17 89 179 6 25 687 86 4 28 17 3 87 14 8 23 51 4 1 112 55 4 7 2 10 2 3 4
1 2 3 0 1 3 1 0 23 1 51 13 5671 10 14 41 161 662 9955 93 28 69 31 12 30 20 15 17 5 1 7 2 29 34 2 0 26 3314 21 43 77 9 90 9984 2887 1387 29 26 17 769 4 91 2 7 2 3 6 3 11 1 37 30 29 12 11 523 12 18 30 17 12 139 2517 1903 13 20 1473 1380 3614 136 138 334 31 19 48 8 14 615 148 363 1051 25 3 2 65 7 122 8 16 3 0 5 6 5 4 3 1 22 1 0 3 15 97 52 152 61 206 72 219 296 860 1556 504 255 226 41 133 25 21 84 10 7 9 103 18 258 91 45 745 903 56 387 45 31 219 32 90 54 571 822 255 7 36 5 0 14 8 6 16 25 8 7 13 7 14 168 39 68 24 81 80 36 18 165 49 84 12 6 335 50 66 319 337 10 50 234 10 47 45 82 30 95 28 11 45 21 186 36 9 118
2 0 1 0 5 3 0 2 102 3 71 10 2183 2 4 12 19 96 366 16 0 6 1 21 1 0 2 17 9 3 5 2 3 5 0 0 5 170 31 4 72 20 378 2887 6757 1702 7 130 52 2099 3 49 8 7 2 1 12 5 1 1 77 161 146 11 28 1158 10 5 251 54 50 77 276 158 21 137 1435 382 609 116 334 873 9 7 6 2 2 2171 436 3251 3157 81 12 38 205 9 591 61 4 3 0 6 1 1 0 0 0 25 1 2 1 7 2 15 165 10 14 10 5 177 54 200 15 1 4 4 6 10 3 10 35 8 5 8 4 13 0 1 44 62 29 12 41 1 12 193 700 59 121 3292 9 55 214 5 7 284 7 6 27 81 3 10 8 6 6 5 204 263 168 1153 21 22 9 9 328 424 35 50 3940 430 10 46 42 2 398 82 28 606 280 8 5 885 182 2 33 12 8 2 5 3
5 0 4 0 33 23 6 1 22 0 6 10 4395 33 34 88 139 7250 4790 147 8 47 28 897 28 9 134 539 123 48 102 10 41 41 21 1 79 1335 891 44 314 178 2164 1387 1702 8914 50 112 110 20 3 1 12 58 8 1 152 20 39 10 757 147 254 953 346 458 156 47 519 86 53 37 460 146 172 200 106 29 94 2 50 8 33 51 42 43 12 90 102 83 2527 293 14 70 346 106 80 12 33 46 1 12 1 0 5 0 0 13 0 0 2 1 32 482 1613 64 48 126 29 2037 339 2020 141 12 10 8 15 197 3 167 42 23 7 14 12 86 19 14 133 283 904 67 769 4 16 216 2404 364 318 12476 46 15 59 4 7 37 3 5 2 23 5 8 4 5 15 19 335 958 84 715 19 35 36 59 85 848 9 12 2414 84 7 22 183 24 83 53 19 26 73 9 7 168 73 12 19 8 16 2 12 11
10 8 17 3 27 23 5 5 10 1 3 18 5 688 191 58 152 86 69 77 177 476 411 1990 1523 138 764 171 257 19 180 5 145 935 2518 491 582 411 53 5062 533 178 877 29 7 50 8533 6 65 0 9 10 36 234 8 19 563 209 2335 383 37 17 217 220 62 2 853 2697 34 18 6 105 286 97 526 9 62 5 106 0 8 1 189 315 303 474 4598 11 10 5 49 46 4 20 164 52 34 2 426 225 1 2 3 3 0 1 2 5 0 0 1 8 26 14 5 35 101 12 106 18 199 115 172 117 98 20 49 6 7 26 2 4 5 24 10 108 23 33 229 345 3 219 3 6 90 13 4 0 125 25 153 0 5 1 0 0 2 3 0 2 4 4 5 3 8 106 3 16 3 2 28 16 8 99 3 10 0 0 12 1 27 89 34 7 4 54 1 0 6 31 11 2 5 3 5 9 82 26 2 42
13 4 12 2 33 21 0 7 6 0 0 6 14 16 31 48 10 206 22 10 3 31 19 48 20 6 12 63 70 21 63 2 1 19 2 2 9 21 245 9 252 18 298 26 130 112 6 18071 256 39 2 28 7 29 12 8 60 24 8 5 496 6187 1354 56 283 1 85 13 4384 943 2826 7 12 15 107 8935 27 4 8 8 856 28 23 24 21 21 6 4000 5278 452 4554 356 80 239 888 75 14 4 22 23 0 3 0 0 2 0 1 7 0 0 0 0 7 11 8 9 3 10 6 55 13 15 11 4 3 2 8 14 1 8 28 7 3 2 2 10 7 0 19 19 23 34 13 1 4 206 96 9 47 316 19 229 954 7 34 491 5 16 13 204 2 13 3 1 6 4 86 218 477 50 13 27 8 12 589 314 105 215 1488 396 3 18 11 9 1108 58 116 261 816 8 1 1208 526 6 19 6 9 1 8 5
22 2 19 2 16 8 7 20 3 3 1 5 8 40 89 143 71 137 135 146 26 197 201 723 65 26 115 81 77 14 24 1 5 20 17 1 10 33 73 107 1129 1658 2009 17 52 110 65 256 8700 10 7 15 8 52 26 17 57 2 12 2 203 171 108 29 48 3 123 23 144 472 158 7 13 9 22 152 14 2 9 3 163 4 32 66 54 57 19 243 327 113 807 4198 384 4500 4620 19 9 4 39 8 0 0 0 0 0 0 0 0 0 0 1 0 2 0 2 1 4 4 4 6 21 29 18 1 0 0 5 1 0 3 0 0 0 2 0 6 4 2 10 12 4 8 2 0 3 6 8 0 14 59 5 10 51 1 4 13 3 1 3 29 0 0 0 1 1 0 12 18 19 5 2 0 1 0 25 19 8 18 116 19 0 5 4 1 41 1 4 15 59 0 0 58 29 1 1 0 1 1 2 0
0 0 3 0 0 2 1 0 118 4 56 7 42 0 0 4 9 3 53 4 0 2 1 2 1 1 0 0 1 0 0 1 1 2 0 0 2 29 4 2 20 1 11 769 2099 20 0 39 10 4308 8 435 15 0 4 0 0 0 0 0 7 43 6 1 0 1786 2 5 10 18 19 78 128 512 3 15 1956 309 342 783 621 2943 2 1 0 3 0 3335 273 1133 147 26 11 2 22 0 703 67 1 1 0 0 1 1 0 0 0 5 0 0 1 1 1 2 5 6 2 1 0 16 6 12 5 1 3 0 2 4 0 2 4 4 1 2 0 7 0 1 17 7 5 14 0 3 7 58 41 1 12 87 4 56 290 4 8 159 31 21 50 144 0 2 0 2 2 0 14 44 94 30 4 5 2 5 126 34 46 44 909 135 3 16 9 2 339 22 48 1143 430 4 2 908 142 2 10 0 2 0 2 1
229 38 145 17 39 37 65 123 7 57 1 70 0 0 1 3 1 2 0 0 2 2 1 5 14 1 5 0 62 62 53 11 23 19 0 0 1 4 3 7 173 0 15 4 3 3 9 2 7 8 10390 11844 7 10 503 53 14 18 3 0 2 7 4 5 1 30 47 22 3 120 4 23 26 28 141 0 35 1 29 194 746 35 400 89 60 35 12 32 7 4 5 6316 4682 50 14 47 19 19 14 30 1 3 1 1 1 0 0 4 1 0 4 5 0 1 0 0 2 0 0 0 1 0 0 6 1 1 0 0 0 0 3 1 4 15 0 5 0 0 12 5 0 2 1 1 4 2 2 0 4 1 1 4 6 3 0 5 941 326 1252 893 20 1 0 1 0 1 0 0 4 9 9 6 1 1 0 0 312 5 10 1 10 18 13 1 0 17 20 14 136 1 9 11 21 2 9 3 9 1 1 1
336 58 251 27 61 73 100 232 40 90 16 90 4 2 1 0 1 6 13 2 6 10 1 4 21 0 6 5 84 97 78 31 37 38 0 0 3 19 6 3 231 4 18 91 49 1 10 28 15 435 11844 14796 13 22 673 60 21 50 3 1 2 20 14 4 4 694 61 39 10 188 31 47 52 598 317 9 453 63 110 7882 4716 1921 541 132 105 53 31 527 138 50 60 3519 3040 90 41 72 202 60 25 40 14 4 9 0 2 5 0 31 5 1 6 11 1 0 1 1 2 2 0 2 3 1 2 2 1 1 2 2 0 1 3 0 8 27 2 15 1 0 31 5 0 7 1 6 12 16 16 2 17 16 5 58 69 23 3 29 4560 2441 7249 2323 121 3 5 2 11 1 1 2 26 163 14 3 1 6 9 1 1222 85 83 8 26 41 102 3 13 138 350 238 1055 2 44 135 252 10 77 24 5 1 1 2
1326 148 367 65 432 179 1119 835 206 675 114 395 4 1 1 3 1 8 2 0 23 30 5 23 43 11 24 17 4333 892 523 33 54 39 2 0 3 0 21 30 45 4 99 2 8 12 36 7 8 15 7 13 9917 6614 8178 9 176 30 5 2 12 20 110 35 27 0 685 45 27 9 4 108 26 31 206 2 78 4 105 2 10 3 1608 290 107 42 64 8 14 5 23 32 3 10 53 154 330 8229 37 91 1 3 5 7 9 9 1 4 3 2 6 28 0 1 1 0 6 0 1 5 2 4 1 2 3 0 3 0 0 2 8 1 6 26 0 7 0 1 27 13 1 4 0 1 22 0 1 0 1 8 2 0 0 1 0 0 0 0 2 0 1 8 0 2 8 2 0 0 0 0 11 7 2 1 0 1 0 0 4 0 27 26 7 1 0 21 0 2 1 3 9 1 0 2 17 0 17 1 0 3
1672 239 769 129 671 387 737 738 31 258 33 431 2 12 6 11 3 42 6 3 28 89 51 143 325 52 109 63 13597 1230 1064 74 123 88 15 0 12 27 43 250 121 16 550 7 7 58 234 29 52 0 10 22 6614 6574 556 22 1020 69 7 4 61 92 373 132 82 1 4835 235 67 53 19 157 105 28 820 28 112 2 159 1 20 0 1211 7732 160 292 454 16 22 14 73 86 18 64 296 452 109 1851 309 463 6 15 9 14 19 25 2 4 5 4 20 61 0 1 0 0 3 1 2 5 4 4 3 11 13 2 0 0 0 0 16 3 35 64 2 25 0 1 66 13 8 10 2 4 44 2 1 0 3 29 9 0 1 4 0 3 1 1 0 0 7 15 0 5 18 3 2 2 2 1 50 12 4 8 3 3 0 0 8 2 78 75 15 0 3 64 1 2 2 6 20 3 1 10 39 0 27 3 0 9
390 65 235 30 92 71 263 273 31 135 18 139 0 4 6 2 1 4 0 3 4 10 9 10 19 0 4 4 321 149 118 22 27 39 1 0 3 8 3 6 2268 2 18 2 2 8 8 12 26 4 503 673 8178 556 19385 435 23 46 1 2 7 10 10 3 8 3 63 33 10 38 26 48 41 10 207 7 40 1 45 8 158 3 4776 70 71 34 27 60 31 3 37 1575 153 56 34 74 64 1653 20 40 0 2 1 1 6 1 1 1 2 1 4 6 0 1 0 0 0 0 0 0 1 1 1 10 4 1 2 0 0 0 5 0 4 22 1 11 1 0 25 5 2 0 1 4 10 0 2 0 2 3 1 1 0 0 0 1 8 3 9 18 1 2 0 1 7 1 0 0 1 0 9 3 1 3 0 1 9 2 6 2 25 23 1 0 1 20 2 1 14 4 8 9 6 3 6 0 13 1 0 2
284 105 371 58 152 176 47 173 5 64 11 165 0 4 2 0 2 4 2 2 1515 72 14 5 47 4 2 0 42 103 171 36 41 42 1 0 4 10 5 14 1516 3 27 3 1 1 19 8 17 0 53 60 9 22 435 2280 31 31 4 2 5 12 12 4 5 1 39 31 5 15 22 35 52 11 202 0 35 2 61 2 48 0 4974 54 1620 41 25 18 13 1 7 363 51 21 22 98 25 22 42 50 0 2 8 8 4 9 0 1 0 2 7 17 0 0 0 0 1 0 0 0 2 0 1 5 7 1 1 0 0 1 4 2 10 21 0 10 1 1 27 10 0 2 0 2 13 2 0 1 6 0 6 2 2 0 0 1 2 1 1 9 1 4 0 1 5 2 0 0 1 0 10 5 0 3 0 2 1 2 5 1 15 28 3 1 2 21 0 1 10 5 4 4 5 3 2 0 4 1 0 3
59 22 40 8 488 52 22 18 3 11 2 38 6 51 22 20 6 106 22 6 30 68 44 217 157 18 324 250 4814 4273 11709 9 17 37 82 2 10 16 231 240 189 35 990 6 12 152 563 60 57 0 14 21 176 1020 23 31 7600 50 38 7 152 248 1150 479 316 0 7040 1220 233 91 41 32 31 5 4217 68 8 1 23 1 41 0 527 729 463 644 854 43 44 15 164 133 32 68 584 1471 17 96 1436 6448 0 7 8 5 4 4 1 0 1 1 6 13 0 0 6 0 2 1 6 19 10 17 7 8 2 0 1 1 0 2 3 0 9 7 0 5 1 0 13 12 7 7 7 0 9 2 8 0 1 68 3 3 3 1 0 3 0 0 0 3 2 2 0 1 4 2 8 6 3 1 7 1 1 4 9 9 5 1 25 6 7 9 3 0 10 12 0 3 6 3 2 11 4 2 9 0 6 0 0 2
9 2 8 3 46 161 3 5 4 6 8 52 2 415 217 154 87 138 17 33 63 78 21 28 27 8 95 491 42 9 47 1956 761 4252 140 36 158 77 429 47 173 8 105 3 5 20 209 24 2 0 18 50 30 69 46 31 50 5598 2066 3159 24 47 178 99 315 0 67 2163 405 16 6 376 132 7 9694 29 25 0 216 0 18 0 390 121 214 31 23 5 7 0 38 74 13 7 42 788 22 4 21 39 2 5 2 3 9 4 0 0 1 1 7 6 2 4 4 1 7 0 9 18 6 10 8 13 14 0 5 2 0 2 6 0 6 31 2 25 2 1 68 33 5 16 9 2 23 0 8 0 14 53 12 0 1 4 0 2 2 1 1 3 4 9 0 1 4 13 5 5 0 1 20 4 4 19 1 11 2 0 29 1 18 35 7 1 3 20 0 1 0 10 15 2 2 9 5 7 25 4 0 4
3 0 2 1 9 9 1 1 1 2 0 4 1 2571 344 99 109 67 23 30 81 123 32 213 30 16 454 427 16 6 35 12 34 4385 2818 1774 1064 173 177 432 128 15 299 11 1 39 2335 8 12 0 3 3 5 7 1 4 38 2066 5129 4355 21 21 235 250 169 0 28 2184 89 6 3 14 40 32 1110 6 9 5 25 0 2 2 30 26 88 19 9 1 4 2 26 11 3 2 84 35 0 0 19 30 1 1 3 0 1 0 0 6 2 0 2 5 24 11 3 16 81 7 75 12 156 49 81 100 94 10 43 4 2 11 3 3 2 49 21 108 18 22 220 314 10 167 1 11 98 8 4 1 116 16 142 2 0 0 2 1 1 1 0 3 2 3 1 0 6 119 3 19 2 2 22 8 5 103 2 11 1 1 12 0 10 80 27 7 4 47 1 0 1 40 18 2 3 4 11 2 62 18 1 46
2 0 0 0 7 2 1 0 2 0 0 1 1 3444 957 277 526 109 5 59 17 37 16 26 11 1 162 467 5 4 5 4 14 3986 497 1118 1432 87 194 35 91 3 42 1 1 10 383 5 2 0 0 1 2 4 2 2 7 3159 4355 2291 10 10 99 73 169 0 8 1522 106 5 0 5 11 4 1157 2 2 1 6 0 5 0 9 7 17 4 4 0 0 0 9 9 0 1 28 21 1 2 4 3 0 2 1 1 0 0 0 2 0 0 2 0 4 1 3 6 24 2 9 7 28 24 19 29 25 2 5 2 0 7 1 0 1 14 6 33 3 0 76 60 5 38 1 5 15 3 1 0 20 9 30 0 2 1 0 1 0 0 0 0 2 1 0 0 0 26 3 2 0 1 11 2 2 42 1 7 1 0 5 1 14 25 5 4 1 24 0 0 0 11 3 3 1 0 0 3 28 9 1 11
5 2 1 2 31 16 3 2 2 1 3 6 41 30 28 185 19 6917 128 46 8 43 34 985 35 6 126 284 106 24 82 4 14 40 15 1 50 147 7232 45 695 246 3582 37 77 757 37 496 203 7 2 2 12 61 7 5 152 24 21 10 19189 345 1041 1330 289 16 164 50 4657 138 130 10 52 16 158 11764 20 3 15 2 84 0 28 46 33 47 14 97 188 60 2850 686 41 118 909 73 10 8 53 37 0 1 0 0 6 2 0 8 1 0 0 0 11 143 309 19 13 39 7 509 75 326 38 4 2 2 2 69 3 36 25 17 0 5 7 28 5 2 30 61 326 17 260 0 6 123 906 67 64 3558 22 23 50 2 2 41 0 6 4 18 3 3 3 4 4 12 226 393 54 105 4 19 19 17 87 517 8 11 1145 78 3 8 16 11 102 20 7 13 48 3 4 98 65 9 9 5 4 0 1 1
12 1 5 0 82 50 5 4 1 2 1 10 11 46 59 33 7 166 19 13 7 65 26 42 57 6 47 205 218 60 165 18 13 43 14 0 14 24 339 17 138 15 323 30 161 147 17 6187 171 43 7 20 20 92 10 12 248 47 21 10 345 18727 6869 305 646 11 276 68 3938 8409 5186 6 10 8 264 1025 13 1 9 13 1470 68 69 94 59 58 11 542 908 297 1828 221 250 773 2604 206 14 16 70 58 0 2 0 0 3 0 0 13 0 0 0 0 3 12 5 12 8 14 3 49 6 35 11 5 7 7 7 15 3 5 38 9 5 1 1 3 7 1 16 17 14 36 17 3 10 218 107 12 43 301 26 362 1354 15 43 518 8 9 28 307 1 6 2 5 5 9 100 214 632 45 8 31 9 8 621 253 184 308 1425 368 3 14 8 12 1145 66 168 370 1080 7 2 1531 847 4 19 5 7 2 8 4
29 5 20 5 239 95 14 7 3 4 2 46 25 208 225 111 29 371 56 33 23 184 30 94 217 21 347 1603 920 213 708 19 23 152 62 18 67 38 1220 70 187 27 1571 29 146 254 217 1354 108 6 4 14 110 373 10 12 1150 178 235 99 1041 6869 25516 6741 7902 7 1262 451 8183 1210 442 18 33 12 1019 997 6 2 14 1 195 6 260 344 177 307 73 106 414 139 2912 219 86 343 4432 505 16 25 212 259 0 7 0 0 1 0 0 4 0 0 0 0 3 4 14 10 7 10 13 49 27 56 23 4 9 5 2 2 0 5 11 4 0 4 0 4 2 1 19 30 27 13 12 0 5 53 87 10 20 345 3 40 133 1 16 125 1 1 4 33 2 1 0 3 2 7 64 87 92 18 4 6 6 3 166 168 27 27 631 129 3 10 9 1 220 18 12 45 82 5 3 223 102 2 7 0 9 0 2 1
4 1 2 0 56 16 3 6 1 0 1 5 59 258 170 183 30 1594 171 16 8 63 23 1034 70 6 1411 3708 267 50 260 4 10 96 211 20 55 51 1732 67 141 41 5097 12 11 953 220 56 29 1 5 4 35 132 3 4 479 99 250 73 1330 305 6741 2649 5216 3 444 282 721 57 33 7 22 5 373 67 2 0 11 0 13 0 72 114 60 117 33 16 44 12 402 76 14 20 845 108 2 10 89 134 1 0 0 0 0 1 0 2 0 0 1 0 4 26 22 2 5 10 6 141 34 91 27 7 1 1 5 8 0 3 2 0 1 1 1 6 5 2 8 29 48 18 30 0 4 6 17 4 8 262 6 0 8 0 1 5 1 0 0 0 0 0 0 0 1 8 14 27 6 7 1 0 0 7 11 33 1 1 60 5 4 5 3 1 5 2 1 2 7 2 1 14 10 2 1 1 4 1 0 2
8 1 6 1 208 64 12 2 0 3 0 29 33 251 447 240 32 559 57 15 8 25 12 113 15 2 225 3171 268 122 380 19 17 242 35 15 94 50 4767 21 185 39 1028 11 28 346 62 283 48 0 1 4 27 82 8 5 316 315 169 169 289 646 7902 5216 8068 2 231 342 6695 110 98 5 11 4 1215 158 1 2 5 0 56 1 53 53 44 30 11 21 62 29 333 185 14 29 698 456 5 28 23 114 0 0 0 0 1 0 0 0 0 0 0 0 2 11 21 6 5 4 9 113 24 49 14 6 2 1 3 5 0 5 3 4 0 2 5 2 1 0 14 29 38 12 31 1 2 26 100 9 21 457 3 4 19 1 2 16 0 0 0 4 1 0 0 1 1 3 51 71 22 11 2 4 5 5 35 115 0 4 247 33 3 3 2 0 45 8 1 7 5 5 0 29 27 3 3 0 3 2 0 2
1 0 2 0 1 1 1 0 54 2 25 4 725 1 0 2 4 28 54 6 0 2 1 4 0 0 1 4 2 0 1 0 2 1 0 0 1 23 7 1 7 0 20 523 1158 458 2 1 3 1786 30 694 0 1 3 1 0 0 0 0 16 11 7 3 2 1701 0 1 15 8 7 26 67 850 1 7 1262 995 281 662 396 818 4 0 2 2 1 391 33 40 197 24 22 4 9 1 312 26 1 0 1 1 1 2 1 1 0 0 0 0 2 0 1 1 236 2 2 3 1 55 28 118 5 1 3 1 1 6 1 4 1 0 0 1 0 5 2 0 20 21 10 2 3 0 2 11 221 59 36 1132 2 4 9 0 0 6 32 22 45 47 0 0 1 0 2 1 4 25 7 878 3 2 0 3 8 23 20 7 220 9 4 7 35 1 11 8 7 6 43 0 2 22 11 1 8 2 3 0 1 1
410 150 445 107 831 466 84 140 22 82 27 362 4 52 16 19 14 120 24 8 45 229 156 443 976 111 389 210 4498 1703 2663 113 155 133 61 0 12 53 182 625 290 74 1559 12 10 156 853 85 123 2 47 61 685 4835 63 39 7040 67 28 8 164 276 1262 444 231 0 9973 1204 205 140 63 223 126 42 2239 72 125 1 156 0 75 0 1742 5455 625 3109 1712 42 113 25 251 248 63 142 849 964 148 188 1541 2320 10 28 13 21 31 47 2 5 6 5 36 101 1 2 5 2 5 3 4 21 5 19 9 16 12 0 8 0 0 2 21 7 50 73 2 23 3 3 63 27 7 9 11 11 48 5 4 1 11 60 13 3 10 2 3 4 7 3 2 2 8 13 0 12 29 9 9 4 5 1 57 11 0 16 13 11 4 1 47 9 112 85 15 4 13 64 2 1 11 15 30 20 7 14 43 4 36 4 2 13
19 5 17 1 46 25 5 11 9 5 4 33 9 430 119 83 44 96 26 17 143 266 74 338 389 33 368 518 254 39 512 12 193 3159 431 53 413 258 289 507 271 37 474 18 5 47 2697 13 23 5 22 39 45 235 33 31 1220 2163 2184 1522 50 68 451 282 342 1 1204 3634 251 20 6 103 289 56 6042 26 50 3 93 2 20 1 382 453 441 959 1278 5 5 1 45 68 10 11 162 94 41 10 1044 1768 5 4 0 1 3 6 1 2 2 0 1 3 17 5 8 16 96 7 47 9 79 30 51 72 77 8 22 3 1 11 4 3 3 38 11 126 8 20 227 252 7 130 6 9 98 2 1 1 84 28 112 1 1 2 0 0 0 2 1 2 3 6 0 1 10 89 3 13 8 0 37 11 11 115 1 9 2 0 21 6 18 89 29 3 2 53 0 2 2 35 29 5 1 5 6 4 99 24 1 45
15 1 13 5 265 160 13 6 5 3 4 47 34 155 434 432 57 1608 55 65 11 35 37 160 29 1 49 661 287 175 354 65 57 330 22 6 237 193 5314 19 312 61 1375 30 251 519 34 4384 144 10 3 10 27 67 10 5 233 405 89 106 4657 3938 8183 721 6695 15 205 251 14280 597 983 13 53 8 1654 6142 10 4 22 1 481 5 70 54 45 41 15 181 474 111 2632 335 56 77 1252 751 15 34 35 96 1 13 1 2 6 0 0 7 0 1 2 0 5 36 80 13 11 26 10 270 67 103 16 11 3 2 8 10 1 16 51 15 5 6 6 22 2 5 27 63 94 26 119 1 7 182 617 40 93 2562 11 46 145 11 10 251 0 3 7 36 0 8 4 9 10 14 336 369 216 81 16 25 13 20 412 810 26 35 2369 405 3 21 16 11 455 51 17 50 129 8 4 434 206 11 22 11 9 1 3 2
28 3 26 6 28 15 8 20 1 7 0 12 0 13 14 19 7 56 22 19 12 64 26 64 30 8 27 51 99 23 53 3 6 10 2 0 3 9 69 24 220 29 380 17 54 86 18 943 472 18 120 188 9 53 38 15 91 16 6 5 138 8409 1210 57 110 8 140 20 597 4596 1336 4 7 14 68 242 8 1 5 86 858 197 52 54 29 45 7 704 280 129 723 780 817 1882 3964 63 4 5 51 21 0 2 0 0 2 0 0 10 0 0 0 0 1 6 4 5 2 13 4 14 8 13 11 3 2 7 2 3 0 4 5 1 0 0 0 8 2 0 8 5 4 20 2 3 1 82 30 6 13 102 11 284 694 7 33 155 79 113 160 897 1 2 0 0 2 3 18 90 295 26 8 14 3 8 198 88 418 303 442 127 7 6 6 5 341 35 299 171 1303 4 1 586 746 2 13 2 1 1 4 0
19 6 15 4 27 16 2 7 1 6 2 7 4 8 30 36 8 71 19 11 2 20 15 35 21 2 8 32 46 11 26 2 1 11 1 0 3 6 78 6 298 12 123 12 50 53 6 2826 158 19 4 31 4 19 26 22 41 6 3 0 130 5186 442 33 98 7 63 6 983 1336 6476 2 4 8 58 622 13 1 3 45 5451 136 25 17 14 18 8 894 926 194 851 625 284 269 468 35 6 3 13 5 0 1 0 0 0 0 0 4 0 0 1 0 3 3 5 7 3 7 1 18 5 11 6 0 1 5 3 7 3 4 5 3 0 0 0 3 1 0 6 7 8 11 4 0 1 82 32 4 17 77 9 257 616 8 24 139 28 22 61 558 1 2 0 1 1 0 26 74 246 16 2 7 4 7 249 77 248 255 428 100 0 10 8 3 389 24 230 126 1135 2 0 611 583 0 6 2 1 1 5 1
