34597 5978 19082 2702 2925 7309 11231 15223 159 8462 302 4466 0 4 10 7 15 16 12 5 78 58 8 8 48 3 19 11 6815 6947 462 217 247 5 2 3 8 38 25 3 780 7 25 2 4 4 11 24 58 13 63 208 428 917 342 335 107 34 2 1 27 36 18 10 43 5 305 12 48 64 31 184 121 24 46 17 41 2 137 22 177 37 2359 1148 849 254 42 93 27 1 16 633 236 29 39 196 114 1304 120 77 54 26 171 121 11 153 11 39 168 143 272 304 0 0 0 1 1 0 4 1 7 1 0 25 13 3 3 0 1 1 29 0 97 271 0 17 1 0 21 3 2 1 0 3 31 0 0 0 7 1 1 1 4 7 0 2 8 5 2 2 15 11 2 1 30 0 0 0 2 0 38 18 9 1 2 2 1 1 2 2 237 46 15 1 1 59 3 3 14 7 20 4 1 38 237 2 20 1 0 8
5978 7900 5715 7546 3700 6038 293 197 12 667 158 1556 0 2 0 1 0 0 1 0 24 9 0 1 22 2 2 1 207 963 703 32 33 1 0 0 1 5 0 2 197 0 5 2 0 0 1 2 10 1 11 23 35 87 36 63 38 2 0 0 2 5 4 0 8 0 77 1 4 12 8 57 24 7 7 2 2 0 30 3 25 7 348 233 283 81 4 19 6 1 3 101 38 3 7 20 33 67 39 18 37 14 64 63 3 100 7 18 97 78 154 181 0 0 1 0 0 0 0 0 0 1 0 8 4 0 3 0 0 0 14 0 54 116 0 11 0 0 4 1 0 0 0 3 14 0 1 0 0 2 1 0 0 2 0 0 1 2 0 0 4 6 1 0 8 0 0 0 0 1 12 6 1 0 1 0 1 1 0 0 86 11 2 0 0 29 0 0 3 1 5 0 0 17 116 2 12 1 0 3
19082 5715 9484 5043 109 4819 544 3737 42 5655 581 16306 0 1 1 2 1 1 1 0 39 24 1 6 31 0 9 2 277 96 43 14 25 1 0 0 1 10 2 1 394 2 5 2 1 0 4 12 29 10 31 89 122 219 101 145 55 2 0 0 1 24 3 2 6 4 148 1 2 24 12 41 20 6 18 2 12 2 31 7 69 10 958 530 525 162 21 44 15 5 4 268 90 4 10 21 75 144 50 26 95 36 215 168 14 202 17 58 243 178 380 324 0 0 0 0 0 2 2 0 0 3 1 13 6 0 2 0 0 1 43 0 108 201 0 13 0 0 6 5 0 3 0 2 22 0 0 0 1 0 1 0 1 3 0 1 4 4 4 0 6 12 1 2 13 0 0 0 0 0 32 12 3 0 0 1 3 0 1 0 210 23 5 0 0 45 1 0 6 8 9 1 1 33 258 6 14 3 0 2
2702 7546 5043 15769 8440 16759 97 167 6 572 283 2878 0 0 1 1 1 1 1 0 31 22 2 1 18 0 3 1 152 433 1190 59 41 0 0 1 0 5 1 0 222 1 5 0 1 1 1 2 7 1 6 18 29 67 24 58 35 3 0 0 1 5 4 1 6 1 78 1 4 7 3 49 14 5 10 0 10 0 34 1 22 3 286 248 301 122 16 9 1 0 2 71 20 3 9 20 59 51 65 33 56 21 151 107 13 143 17 39 164 145 273 267 0 0 0 0 0 0 1 0 1 0 0 9 2 0 0 0 0 1 29 0 83 175 0 7 0 0 1 1 0 1 0 6 15 0 1 0 2 0 1 0 0 4 0 0 2 4 0 2 6 6 0 3 14 0 0 1 0 2 22 5 3 0 0 0 1 0 0 0 147 18 6 0 0 24 1 2 2 3 16 0 0 28 232 5 15 1 1 0
2925 3700 109 8440 12341 13361 597 181 23 450 389 3045 5 4 6 10 22 37 49 11 140 117 29 8 120 3 22 12 1668 8958 9624 2886 2250 19 5 2 25 140 11 9 417 1 23 10 5 29 33 33 12 4 17 64 154 291 94 105 880 187 4 2 53 42 24 14 32 2 285 16 47 18 16 1127 579 50 136 18 41 2 691 2 43 7 788 517 632 336 86 22 13 9 49 145 50 5 31 1534 122 461 221 97 37 18 77 51 7 75 4 12 79 77 138 202 0 0 0 0 2 0 8 1 25 0 7 22 13 0 8 2 0 1 23 0 85 209 0 25 0 0 32 27 1 10 0 5 29 2 2 0 17 4 14 0 2 6 0 1 4 4 3 1 12 10 3 2 18 3 0 7 1 0 30 12 1 8 4 4 1 1 5 3 152 64 18 1 3 35 2 1 1 11 26 2 4 28 156 3 23 1 0 8
7309 6038 4819 16759 13361 28203 714 577 44 1551 762 20031 3 0 4 6 5 10 13 1 164 141 15 2 131 2 12 15 708 1682 1012 4148 1926 6 0 0 8 54 6 9 534 3 17 13 4 19 21 10 21 1 17 53 94 223 78 112 116 44 2 0 17 21 11 9 24 5 250 4 27 17 8 886 242 31 48 5 36 2 477 1 39 3 720 591 916 375 78 25 10 4 25 149 57 6 15 854 216 220 223 71 120 40 261 214 21 293 25 48 279 237 460 456 0 0 2 0 4 0 2 1 16 2 0 25 13 2 8 0 0 0 56 1 145 404 0 19 1 0 30 14 0 10 0 7 41 0 2 0 12 0 3 0 0 5 0 1 7 7 1 0 13 27 0 6 28 0 0 0 0 3 46 17 2 2 0 2 6 0 1 1 338 59 19 4 2 78 1 1 4 9 18 4 2 58 381 8 34 3 1 14
11231 293 544 97 597 714 7908 8619 699 2333 66 417 2 5 9 16 18 11 11 5 20 10 6 3 14 1 14 19 1923 717 191 96 126 2 2 0 9 24 26 4 83 3 7 1 4 6 5 27 3 3 14 65 538 869 189 71 40 12 3 2 15 47 17 3 32 1 59 8 50 13 8 116 55 15 51 15 50 1 80 10 45 4 697 170 84 30 25 7 4 2 10 116 42 4 10 123 177 2625 29 40 19 4 30 23 1 37 2 9 42 27 58 63 0 1 0 0 1 0 2 0 3 1 0 12 6 0 2 0 0 0 8 0 35 103 0 10 1 0 7 8 0 2 0 0 9 1 0 0 4 2 3 0 0 4 0 0 0 2 2 0 4 9 0 2 5 0 0 2 0 0 23 5 1 0 2 0 0 1 6 1 57 37 10 1 3 26 0 0 1 3 10 2 1 8 56 1 8 0 0 4
15223 197 3737 167 181 577 8619 18010 2427 24174 91 1297 0 0 3 2 4 4 0 5 3 5 0 1 14 0 3 5 417 208 42 35 35 2 0 0 0 2 9 2 178 4 1 2 1 0 2 7 10 3 29 92 354 544 206 142 23 12 0 0 6 9 6 5 5 2 77 2 11 18 15 52 32 11 13 4 22 1 45 6 63 12 1067 328 168 38 9 35 6 1 5 268 95 6 9 28 86 1249 15 15 15 1 48 38 3 39 7 25 57 74 72 60 2 0 0 0 1 0 0 0 2 1 0 5 1 1 1 2 0 0 5 0 18 46 0 5 0 0 5 2 0 0 0 1 3 2 0 0 1 0 1 1 0 0 0 0 4 1 1 1 1 2 0 1 4 0 0 1 0 0 5 2 0 0 0 1 1 0 0 0 41 16 6 0 1 12 2 0 4 1 1 2 0 4 55 2 3 0 0 1
159 12 42 6 23 44 699 2427 808 2563 71 45 7 0 0 0 0 0 2 0 15 20 2 1 7 0 0 0 38 27 9 9 23 0 0 0 0 4 0 0 9 0 2 2 77 5 3 3 1 59 4 10 307 109 34 4 2 1 0 1 4 2 2 1 1 23 7 0 2 6 5 111 19 56 5 1 524 17 94 8 4 31 63 22 14 7 3 52 53 50 81 24 3 1 5 7 1131 1314 5 2 25 1 38 17 1 29 4 31 39 44 59 22 0 0 0 0 0 0 0 0 2 0 0 2 1 0 0 0 0 0 4 0 0 16 0 2 0 0 1 3 0 0 1 0 1 1 0 0 1 2 0 0 0 0 0 2 3 0 3 0 2 1 0 0 0 0 4 2 1 1 0 1 0 0 1 4 2 1 7 2 15 8 5 0 1 4 0 1 5 1 1 8 4 2 45 2 2 0 0 0
8462 667 5655 572 450 1551 2333 24174 2563 34469 18982 29351 1 4 4 3 6 7 7 3 44 38 4 5 46 2 12 12 899 421 97 81 178 1 0 0 7 19 16 2 377 6 17 8 5 6 15 21 35 19 60 167 401 606 253 230 83 18 2 0 9 25 22 6 18 5 212 6 26 60 32 681 68 23 38 14 298 1 362 11 157 24 1593 647 543 130 38 80 30 8 8 446 160 20 32 54 2913 1146 66 35 458 82 914 675 54 866 125 409 1241 985 1964 1328 0 1 0 0 0 1 0 3 1 4 1 39 19 3 13 1 0 1 73 2 299 664 1 21 0 0 18 7 0 4 0 17 50 2 1 0 4 3 6 2 5 14 1 5 10 8 7 7 26 34 2 11 28 0 0 2 0 6 101 22 6 4 3 3 4 3 1 3 660 62 26 0 2 101 5 3 23 15 30 8 4 86 1108 28 40 5 2 15
302 158 581 283 389 762 66 91 71 18982 9729 7257 2 0 4 1 1 0 1 1 63 49 2 1 37 2 0 3 110 96 50 52 188 1 0 0 0 3 1 0 110 1 2 3 5 1 6 2 1 0 2 10 67 62 26 23 22 2 1 0 1 3 4 4 5 0 101 0 1 2 3 1141 20 12 5 0 150 0 550 1 10 1 156 111 252 69 13 1 2 2 4 28 8 0 5 39 1691 139 61 9 220 74 655 522 51 571 72 188 685 615 1135 940 0 0 2 0 0 0 1 3 4 1 1 33 18 3 6 0 0 0 69 2 288 645 0 22 0 0 13 4 2 5 0 6 53 1 2 0 6 5 4 0 1 13 0 1 6 13 3 4 15 40 2 6 38 1 1 1 0 4 63 19 3 1 0 0 9 2 1 1 626 63 35 1 0 117 0 3 6 20 28 1 6 85 817 20 49 6 1 11
4466 1556 16306 2878 3045 20031 417 1297 45 29351 7257 32550 1 1 7 2 2 6 7 1 275 172 11 8 153 4 15 24 471 551 339 475 1201 2 1 0 3 22 11 4 612 3 12 5 3 5 22 10 21 5 17 50 114 207 84 147 93 20 1 0 8 15 23 5 20 1 303 4 22 15 6 1099 93 20 19 4 92 1 514 7 46 6 867 641 1169 393 86 21 10 1 14 172 54 9 14 341 965 216 332 67 276 101 646 578 46 684 64 144 743 696 1323 1196 1 0 0 1 1 1 1 1 8 3 2 58 29 0 13 0 0 0 133 2 433 988 0 39 0 0 23 4 3 5 0 24 79 0 2 1 9 3 9 0 0 16 1 1 8 13 1 1 37 53 3 5 58 1 1 0 0 3 97 54 9 1 1 2 6 0 2 0 908 84 28 0 1 154 4 6 6 29 56 1 4 133 1024 19 59 9 3 28
0 0 0 0 5 3 2 0 7 1 2 1 4309 1 6 25 6 147 7380 137 0 4 2 42 3 2 177 196 7 0 8 2 4 2 2 0 4 314 399 1 24 10 63 4286 1909 2715 0 19 9 60 1 6 2 2 1 1 2 2 1 0 23 16 20 128 245 1851 6 2 21 4 2 84 227 682 3 8 405 1275 322 3 0 4 9 4 2 2 1 10 27 45 190 8 2 5 29 9 50 7 1 1 1 4 0 2 1 0 0 0 1 1 1 1 0 29 581 3 0 20 1 600 43 551 15 2 0 0 1 43 4 33 7 4 3 7 0 6 0 0 17 18 179 4 343 1 3 55 130 9 62 1733 3 4 11 1 0 12 1 1 0 0 2 1 0 1 3 0 228 222 29 395 4 8 3 2 18 435 5 2 452 18 2 6 49 2 63 3 0 1 3 1 0 22 32 3 2 0 0 0 0 0
4 2 1 0 4 0 5 0 0 4 0 1 1 2884 4094 277 1483 55 125 147 43 72 93 619 17 304 2722 689 53 11 68 13 44 547 5277 5878 1436 703 109 1070 144 19 222 12 3 5 528 4 7 0 1 1 5 6 10 4 42 1008 3665 3330 14 13 55 157 128 1 16 470 53 4 1 2 19 249 370 5 2 15 11 0 2 0 23 4 21 5 24 2 2 1 8 11 1 0 54 62 1 14 8 26 0 2 1 1 2 2 0 5 0 0 0 6 11 24 11 28 31 27 122 27 296 335 206 65 17 26 88 32 9 54 7 0 5 20 9 25 47 7 50 183 5 210 4 1 42 24 0 0 117 7 152 4 1 0 1 0 2 2 0 0 10 10 1 1 0 81 0 23 2 0 22 12 0 66 2 6 1 1 3 2 13 54 104 0 2 35 0 0 1 15 6 1 10 2 19 2 18 5 1 10
10 0 1 1 6 4 9 3 0 4 4 7 6 4094 15483 16037 324 1567 381 1041 65 60 792 1209 24 602 6175 4023 99 26 131 9 42 191 4362 2850 188 137 1214 1613 2052 108 535 8 3 34 156 52 109 1 1 3 12 26 6 5 113 421 304 274 252 105 114 364 679 2 41 135 550 36 8 5 31 328 412 69 4 1 15 0 3 1 35 16 21 15 36 10 39 8 36 119 4 33 203 90 2 17 14 49 3 2 1 0 2 2 2 3 0 0 0 1 31 68 39 64 18 87 120 63 355 1216 569 31 6 23 71 83 27 148 3 0 1 7 2 10 109 6 16 88 11 246 8 2 23 30 3 4 114 53 91 6 3 0 1 2 0 3 0 1 3 3 0 0 4 55 10 58 2 4 13 5 2 26 5 23 1 4 27 5 7 25 172 0 9 39 0 2 1 7 1 19 16 1 9 0 10 0 1 3
7 1 2 1 10 6 16 2 0 3 1 2 25 277 16037 16706 186 4852 1850 3522 21 25 244 985 26 226 2748 2839 173 41 172 7 39 120 238 197 130 237 829 153 1037 162 478 16 13 70 43 51 230 10 4 4 10 25 8 16 186 342 75 138 115 112 71 134 242 6 74 154 215 46 7 4 37 120 379 43 5 7 6 0 4 2 44 22 13 6 35 29 81 5 66 222 14 57 235 106 4 28 17 91 0 2 0 0 1 0 0 0 0 0 2 3 12 53 206 13 0 81 17 197 115 1055 86 4 2 10 10 40 5 129 2 1 3 9 5 4 18 1 9 29 128 36 84 0 6 8 9 7 73 215 16 5 5 0 2 7 0 0 0 2 2 3 1 0 3 5 10 106 3 29 0 0 2 2 11 58 4 3 34 4 4 14 75 0 9 4 0 2 9 0 3 26 14 4 3 0 0 0 0 0
15 0 1 1 22 5 18 4 0 6 1 2 6 1483 324 186 1264 199 317 769 74 92 341 248 46 296 162 39 124 49 149 30 102 420 485 577 1068 786 29 558 498 31 80 12 7 29 196 14 15 1 2 1 9 19 7 5 119 726 363 1258 50 18 15 25 30 0 25 195 43 6 2 14 43 150 661 16 6 32 6 0 0 0 33 17 29 9 39 3 6 0 19 19 0 5 30 213 0 22 11 67 2 5 0 0 3 1 0 15 1 2 2 2 14 33 6 32 20 8 76 6 397 85 150 60 16 23 119 72 31 98 3 1 2 20 6 13 78 5 48 161 3 350 8 1 34 34 1 2 183 2 145 3 3 2 0 1 1 1 0 1 6 8 3 1 1 74 1 48 0 0 22 8 1 55 2 3 4 1 1 1 6 84 129 2 3 96 0 0 2 20 7 2 29 2 28 6 18 6 0 11
16 0 1 1 37 10 11 4 0 7 0 6 147 55 1567 4852 199 13209 3697 2239 37 61 163 1650 45 123 3688 1297 149 43 164 13 56 91 49 19 186 787 3152 90 965 294 1215 114 93 234 51 124 223 18 8 15 9 26 27 21 128 215 35 60 1230 248 246 830 933 238 65 102 637 87 17 12 68 226 282 153 16 43 18 0 11 4 39 30 22 13 33 53 163 21 154 292 15 81 496 146 5 20 28 79 3 23 0 4 10 1 0 2 0 1 1 6 0 153 1298 21 3 119 22 567 188 930 77 6 5 15 10 218 10 291 21 7 8 24 2 19 10 6 35 85 652 36 1335 3 17 134 217 24 213 2165 28 18 17 3 2 35 1 0 1 3 2 1 1 1 13 5 183 969 54 189 7 13 19 11 64 1059 10 14 310 36 8 32 87 8 124 7 2 4 26 6 2 68 84 16 6 1 2 0 0 0
12 1 1 1 49 13 11 0 2 7 1 7 7380 125 381 1850 317 3697 47390 11629 73 127 372 890 96 967 2166 478 57 27 89 23 45 55 173 32 327 3278 310 838 521 113 382 8036 643 2325 121 75 125 34 1 8 9 13 4 10 57 105 57 38 249 121 101 156 200 1584 40 33 113 57 17 25 156 8522 169 58 40 1820 36 1 9 5 38 16 37 16 19 35 104 89 925 83 4 38 248 157 14 3 29 27 4 14 1 2 18 4 0 20 1 1 2 4 135 473 2132 231 51 418 316 1880 1524 7390 1124 120 45 100 228 583 109 1082 31 6 14 70 12 70 329 23 118 439 942 891 1145 7 104 202 114 59 816 3034 312 22 33 7 1 39 3 3 0 2 13 12 4 3 29 176 82 1061 43 718 38 33 22 95 82 619 13 7 243 30 33 177 1174 7 54 160 3 3 21 25 14 86 136 22 67 5 38 9 1 19
5 0 0 0 11 1 5 5 0 3 1 1 137 147 1041 3522 769 2239 11629 4722 52 66 427 480 53 676 305 43 41 27 65 15 31 130 132 33 136 307 66 558 646 88 214 382 37 169 77 15 94 9 0 3 9 16 4 3 42 173 40 99 236 34 29 32 34 10 17 53 226 26 1 6 25 435 223 44 7 274 9 1 4 1 18 8 24 11 11 12 31 11 105 64 3 25 106 67 3 6 8 36 4 0 0 0 3 1 0 11 0 0 1 2 100 184 55 112 16 27 104 59 623 857 383 57 24 77 186 218 74 394 5 0 4 14 9 11 200 12 51 148 14 701 27 3 35 102 7 5 297 38 172 9 5 1 3 7 2 4 0 4 8 6 4 0 7 131 2 159 6 4 29 13 3 41 9 24 5 3 21 4 11 88 205 1 7 90 1 2 13 11 3 10 52 5 28 7 10 7 0 12
78 24 39 31 140 164 20 3 15 44 63 275 0 43 65 21 74 37 73 52 10451 7789 4895 210 356 247 81 13 58 57 110 138 362 103 19 15 133 654 9 134 752 39 91 79 3 11 270 10 28 4 2 3 8 16 7 1351 40 179 39 2 38 52 55 24 26 1 28 75 30 12 4 283 1337 313 385 10 72 25 513 0 1 0 61 30 4283 74 95 4 14 1 27 24 6 19 94 329 97 26 125 43 6 2 4 3 1 6 1 2 4 8 9 19 1 1 0 1 12 2 48 2 139 23 52 52 15 12 27 10 3 10 6 1 12 129 5 54 10 0 69 122 0 54 1 5 36 6 1 0 101 3 69 1 1 6 1 1 4 6 0 1 28 20 0 2 3 18 0 7 0 0 54 10 0 28 3 0 2 2 4 2 76 122 106 3 2 58 0 0 2 9 23 2 2 7 17 4 19 5 0 13
58 9 24 22 117 141 10 5 20 38 49 172 4 72 60 25 92 61 127 66 7789 29828 4514 1499 9552 2051 330 21 89 56 125 139 429 169 40 11 199 912 42 1008 514 133 837 136 13 39 709 84 161 10 7 19 13 58 12 149 91 186 48 5 152 386 542 270 177 2 228 121 155 177 9 297 1796 484 424 75 110 36 580 3 9 3 595 653 10430 1509 267 17 98 19 136 119 35 70 863 334 98 47 2620 133 2 6 7 3 4 4 0 6 6 2 15 21 5 2 4 8 18 6 54 8 242 35 88 94 20 25 57 18 4 13 8 0 18 136 9 44 19 5 131 242 3 129 3 5 49 15 3 1 165 7 131 4 12 4 1 7 4 9 0 3 32 25 0 2 8 50 2 18 1 2 47 21 0 58 18 8 6 4 28 4 87 201 173 0 20 83 1 1 14 21 27 37 12 10 26 2 30 5 1 12
8 0 1 2 29 15 6 0 2 4 2 11 2 93 792 244 341 163 372 427 4895 4514 9593 6377 1246 8471 313 49 40 20 60 28 57 70 54 17 223 710 61 1170 4441 922 936 34 6 22 558 42 218 8 2 4 9 21 3 20 45 59 27 12 78 181 168 90 34 3 69 28 72 93 6 30 370 184 99 53 14 11 64 0 3 3 32 52 522 71 54 23 69 12 77 118 9 58 554 85 14 7 67 25 0 0 2 1 0 2 0 0 1 0 0 1 2 4 4 6 6 8 31 4 88 63 62 19 5 5 25 7 1 13 1 0 0 24 2 5 12 1 14 42 1 68 3 1 11 9 0 0 33 9 41 6 7 2 0 1 0 1 0 2 4 4 1 0 1 13 1 12 3 0 8 2 0 9 4 6 0 5 15 1 9 36 41 1 11 14 1 2 14 2 5 26 8 3 6 0 2 1 0 4
8 1 6 1 8 2 3 1 1 5 1 8 42 619 1209 985 248 1650 890 480 210 1499 6377 5429 1305 4886 6399 311 124 12 114 6 23 32 754 320 78 172 576 2037 3140 3174 2600 27 38 312 1205 22 308 5 2 7 22 57 23 28 192 138 277 27 505 72 60 288 111 10 344 357 177 38 7 10 108 185 164 48 9 4 31 0 10 1 74 150 113 163 199 13 41 8 142 189 11 50 266 34 4 5 229 194 0 3 0 0 1 0 0 0 0 0 1 4 1 26 29 22 4 40 39 61 92 449 181 13 5 5 7 19 4 44 3 1 0 14 0 11 27 1 17 40 14 58 22 0 7 12 12 1 34 75 21 2 6 0 0 2 1 0 0 0 0 0 1 0 3 9 21 33 4 8 4 3 2 5 10 53 0 4 46 8 4 19 68 1 17 5 0 1 4 3 1 11 10 1 2 0 4 1 0 1
48 22 31 18 120 131 14 14 7 46 37 153 3 17 24 26 46 45 96 53 356 9552 1246 1305 16303 3175 544 67 306 37 397 84 246 83 29 4 77 515 49 5242 333 158 866 54 12 24 5332 45 66 5 9 26 61 223 53 79 432 102 59 2 113 278 472 392 234 2 1121 273 157 103 7 209 1473 338 525 51 84 10 352 0 20 1 712 1059 3164 2687 4479 21 37 5 98 121 32 50 600 239 60 31 6151 907 3 3 2 3 1 3 0 0 1 3 3 4 1 2 3 5 11 0 34 3 97 38 37 56 9 10 29 4 2 8 9 0 8 91 4 62 7 0 102 116 0 24 3 2 33 3 0 0 75 4 31 2 7 5 0 3 5 5 2 4 26 18 2 2 4 18 0 4 1 0 46 15 1 11 12 12 5 4 18 3 41 153 81 3 8 39 0 0 7 8 17 16 13 4 8 1 34 4 0 5
3 2 0 0 3 2 1 0 0 2 2 4 2 304 602 226 296 123 967 676 247 2051 8471 4886 3175 2839 1702 112 41 3 16 1 8 8 656 156 33 212 27 4492 1608 248 423 36 2 15 652 5 54 1 0 2 8 27 4 4 24 35 117 6 34 36 49 64 16 2 102 74 26 13 1 9 50 372 35 17 3 2 17 0 0 1 46 57 142 63 38 3 21 5 22 30 2 19 167 19 1 3 76 28 0 0 0 0 0 0 0 0 0 0 1 0 6 22 15 11 3 37 58 19 119 456 318 4 0 15 10 17 6 59 0 0 1 5 1 3 36 5 7 32 0 59 0 2 12 10 0 0 37 6 17 1 1 0 1 0 0 0 0 1 0 0 0 0 0 18 1 14 0 1 2 4 1 12 6 1 0 1 7 0 0 12 96 0 2 9 0 0 4 1 0 6 1 0 2 0 0 0 0 1
19 2 9 3 22 12 14 3 0 12 0 15 177 2722 6175 2748 162 3688 2166 305 81 330 313 6399 544 1702 36416 13602 417 16 632 20 58 170 5438 1622 309 191 1649 4940 356 58 661 14 76 628 468 37 23 3 1 6 48 171 33 23 901 679 844 137 346 53 81 1625 1330 33 836 1012 213 14 8 10 76 153 690 36 3 24 26 0 10 1 209 257 101 221 312 14 28 4 73 52 5 13 85 73 7 41 345 622 0 7 0 2 2 0 0 0 0 1 1 3 5 58 225 19 8 87 25 452 124 1194 163 8 2 8 16 40 8 116 4 2 3 12 2 8 24 0 22 47 166 41 204 0 11 15 16 5 75 670 20 3 1 1 0 1 0 1 0 0 4 6 0 0 6 12 110 160 13 57 10 3 3 12 12 226 2 4 145 12 11 25 92 1 23 5 0 0 4 3 0 13 14 6 1 0 3 0 0 0
11 1 2 1 12 15 19 5 0 12 3 24 196 689 4023 2839 39 1297 478 43 13 21 49 311 67 112 13602 11492 521 32 699 19 60 217 379 359 364 169 4290 211 290 58 184 3 74 491 85 55 48 4 0 5 53 114 25 21 867 724 397 215 158 69 61 681 1841 26 451 586 290 26 6 9 44 18 762 24 1 12 13 0 5 1 134 112 38 73 150 8 33 2 63 54 17 13 42 120 1 78 91 433 0 7 1 1 1 0 0 1 0 0 0 1 1 15 158 3 0 15 1 146 30 233 12 3 1 0 4 20 2 22 3 0 2 6 2 4 1 0 8 13 99 6 200 0 3 20 23 3 29 640 6 5 4 1 0 4 0 0 0 1 2 2 1 0 5 0 134 163 14 43 6 2 5 3 12 316 3 3 223 25 3 12 17 2 37 3 1 0 0 0 2 5 12 2 1 0 3 0 0 0
6815 207 277 152 1668 708 1923 417 38 899 110 471 7 53 99 173 124 149 57 41 58 89 40 124 306 41 417 521 21482 11459 2501 388 605 58 16 12 64 181 352 52 180 28 170 29 6 51 113 226 42 10 30 198 4348 13690 1454 174 4223 221 24 5 171 474 456 181 714 4 3671 98 714 158 34 442 505 103 1135 160 228 3 537 19 99 15 3429 3142 203 153 644 38 36 8 89 257 118 28 198 953 177 3668 321 950 33 26 42 45 21 39 3 10 37 38 113 121 1 4 1 0 3 0 5 2 27 8 5 72 34 5 23 4 1 1 54 1 111 567 2 97 2 0 144 34 5 14 3 15 85 8 6 1 21 8 18 1 8 17 0 5 15 20 5 2 63 67 0 2 33 1 6 13 0 2 123 43 8 7 11 19 4 0 37 7 346 312 60 4 17 208 1 0 14 28 72 15 10 42 131 5 69 11 1 30
6947 963 96 433 8958 1682 717 208 27 421 96 551 0 11 26 41 49 43 27 27 57 56 20 12 37 3 16 32 11459 13072 5893 508 650 20 5 1 30 98 41 12 168 4 17 12 3 19 25 40 6 1 13 63 288 566 135 70 2911 92 3 1 58 65 36 11 64 3 389 16 122 16 10 428 309 29 118 30 48 2 309 4 43 6 620 228 207 80 52 10 7 0 32 96 43 7 22 747 43 707 67 127 21 4 32 43 8 45 6 4 30 36 80 103 0 1 1 0 0 1 6 2 12 6 5 23 9 1 9 0 1 2 14 1 49 205 1 20 0 1 34 21 1 2 1 10 19 2 2 0 13 1 12 0 2 2 0 2 3 4 0 0 14 15 1 3 18 2 0 1 1 0 32 11 3 3 4 9 1 0 8 2 130 73 17 1 1 41 2 0 1 6 23 2 2 22 81 3 23 1 0 2
462 703 43 1190 9624 1012 191 42 9 97 50 339 8 68 131 172 149 164 89 65 110 125 60 114 397 16 632 699 2501 5893 14619 408 828 109 26 16 97 330 502 45 287 24 153 14 15 64 117 193 24 3 17 55 187 463 115 64 10451 278 31 5 228 292 326 231 902 5 1534 193 718 84 15 342 524 59 5291 137 31 1 250 6 42 5 687 666 410 520 2825 22 26 7 78 116 48 12 199 3442 34 276 1443 15150 13 6 16 13 3 13 2 2 20 10 23 43 0 1 1 0 1 1 7 4 23 10 4 24 1 4 7 3 0 1 13 0 30 112 1 17 1 0 49 29 2 7 4 1 23 6 5 0 20 17 3 3 6 3 0 3 6 3 2 3 17 19 1 0 7 2 8 14 2 4 38 11 2 4 15 23 3 1 34 8 62 80 28 2 16 27 1 2 8 5 30 18 11 13 35 2 12 2 1 6
217 32 14 59 2886 4148 96 35 9 81 52 475 2 13 9 7 30 13 23 15 138 139 28 6 84 1 20 19 388 508 408 2657 3573 658 4 1 141 170 11 5 121 3 19 12 6 17 22 17 5 2 2 18 37 92 22 25 148 2654 5 14 23 13 15 6 27 2 203 51 21 4 5 814 562 32 1328 11 60 2 414 4 7 2 190 138 250 79 69 4 6 3 27 35 9 2 5 5105 127 86 68 65 16 9 42 38 4 36 3 7 49 33 95 102 0 0 0 0 3 1 4 1 14 2 4 30 7 4 6 1 0 0 31 0 60 210 0 13 1 0 28 10 1 10 0 8 35 1 1 0 12 2 8 0 0 2 0 2 3 7 1 1 13 23 1 3 17 1 0 1 0 1 40 15 1 3 0 1 1 0 5 0 171 69 25 1 1 66 0 0 4 5 16 1 3 17 91 2 27 2 0 6
247 33 25 41 2250 1926 126 35 23 178 188 1201 4 44 42 39 102 56 45 31 362 429 57 23 246 8 58 60 605 650 828 3573 5709 6234 4 8 468 4239 43 7 224 3 28 24 5 27 61 38 7 1 4 23 74 158 39 42 290 2952 21 72 42 31 21 19 53 2 382 224 53 9 4 1384 3460 41 2473 19 103 2 510 1 23 1 374 240 552 165 181 8 4 1 33 73 20 3 27 5700 352 139 160 140 41 27 66 63 14 73 3 14 67 46 154 174 0 0 0 0 3 0 5 0 15 4 5 47 25 3 16 1 0 0 26 0 109 445 0 53 0 0 60 15 1 7 1 11 70 1 2 0 16 2 14 1 0 14 0 0 11 15 0 4 31 40 1 3 35 1 0 4 1 1 85 28 7 5 2 4 13 3 5 2 323 125 28 1 4 102 0 3 4 19 48 4 5 47 164 3 30 4 1 24
5 1 1 0 19 6 2 2 0 1 1 2 2 547 191 120 420 91 55 130 103 169 70 32 83 8 170 217 58 20 109 658 6234 5515 46 103 1712 1064 124 23 48 7 25 1 2 14 136 42 4 0 1 3 8 26 3 9 61 7031 631 2535 74 33 18 27 117 1 67 834 98 9 3 141 430 11 2833 32 3 0 39 0 4 0 54 38 70 39 142 0 1 0 16 15 4 3 17 373 3 9 33 47 2 0 2 1 1 1 0 1 0 2 2 5 0 1 1 0 1 0 1 2 7 5 1 6 4 0 3 1 0 2 3 0 1 33 0 12 0 1 15 8 0 2 0 2 9 0 0 0 5 6 2 0 1 1 0 0 1 6 0 1 4 6 0 0 1 1 1 1 0 0 3 0 0 1 1 7 1 0 9 1 10 28 5 1 3 11 0 0 0 3 7 4 4 1 2 0 5 0 0 2
2 0 0 0 5 0 2 0 0 0 0 1 2 5277 4362 238 485 49 173 132 19 40 54 754 29 656 5438 379 16 5 26 4 4 46 7019 2459 210 252 27 3835 33 26 218 6 3 2 141 2 6 0 0 0 3 2 2 1 17 228 2289 66 16 9 18 108 39 0 16 248 21 3 0 2 16 137 78 2 1 2 5 0 0 0 9 5 19 4 19 1 4 0 3 6 2 0 33 21 0 0 6 17 0 1 0 0 0 0 0 3 0 0 0 1 7 14 2 13 12 17 54 10 188 191 150 15 10 9 23 29 12 50 0 0 2 7 3 13 44 7 23 91 0 144 5 3 13 15 0 0 47 6 62 0 0 0 0 0 1 0 0 0 4 1 0 1 4 38 0 20 1 0 11 6 0 24 1 4 0 2 4 1 2 27 54 0 2 17 0 0 0 9 1 1 6 3 7 2 9 2 0 3
3 0 0 1 2 0 0 0 0 0 0 0 0 5878 2850 197 577 19 32 33 15 11 17 320 4 156 1622 359 12 1 16 1 8 103 2459 1124 338 163 39 512 18 9 113 1 0 4 170 2 3 0 0 0 2 1 1 1 20 156 1644 449 5 7 27 84 52 0 7 138 20 3 0 0 4 57 79 4 0 3 2 0 0 0 6 2 5 3 5 1 0 0 1 6 0 0 26 13 0 4 2 6 0 0 0 0 1 0 0 0 0 0 0 0 2 7 1 9 7 2 28 7 81 65 62 12 6 5 24 7 4 24 0 0 0 0 1 9 21 1 10 50 0 87 1 0 14 13 1 0 27 2 37 0 0 0 0 0 1 0 0 0 0 2 0 0 1 31 0 9 2 0 3 3 0 15 0 0 1 0 1 0 2 12 47 0 0 15 0 0 0 7 2 0 6 0 5 0 4 1 0 3
8 1 1 0 25 8 9 0 0 7 0 3 4 1436 188 130 1068 186 327 136 133 199 223 78 77 33 309 364 64 30 97 141 468 1712 210 338 1486 1694 159 122 148 6 41 17 4 35 400 33 2 1 1 6 6 5 9 3 65 1995 1241 3784 100 25 25 43 134 1 36 1034 113 4 4 78 255 62 1133 18 6 5 37 1 1 0 35 20 59 17 146 1 3 1 46 8 4 2 28 240 3 9 26 42 1 1 0 3 1 0 0 4 1 0 0 1 0 4 3 3 2 1 19 7 64 16 18 20 8 6 20 4 0 5 0 0 2 22 3 8 6 0 31 47 2 40 0 0 14 6 0 0 34 10 34 0 2 1 0 2 1 3 1 1 5 4 0 0 2 8 1 6 3 0 16 3 0 10 5 8 1 0 10 2 6 44 27 2 0 12 0 0 1 15 9 1 3 1 1 0 9 1 0 7
38 5 10 5 140 54 24 2 4 19 3 22 314 703 137 237 786 787 3278 307 654 912 710 172 515 212 191 169 181 98 330 170 4239 1064 252 163 1694 10558 95 550 509 46 199 2377 234 718 703 138 22 18 5 26 28 74 35 37 187 1295 503 572 469 105 62 68 113 35 151 775 186 33 24 441 4066 1150 1212 113 50 381 286 1 13 2 196 117 416 137 433 13 54 41 735 70 15 19 103 808 16 25 159 113 15 15 5 4 6 4 1 14 2 7 15 22 15 27 16 30 50 22 136 36 559 230 259 194 61 55 172 65 21 68 25 2 23 179 12 93 60 9 258 489 5 347 8 15 99 59 19 1 360 51 296 6 12 10 2 8 16 24 1 4 53 61 2 4 8 99 7 65 7 15 138 47 4 98 38 48 32 8 107 25 101 428 354 16 34 171 0 1 7 73 83 23 39 10 43 5 95 19 5 31
25 0 2 1 11 6 26 9 0 16 1 11 399 109 1214 829 29 3152 310 66 9 42 61 576 49 27 1649 4290 352 41 502 11 43 124 27 39 159 95 12200 20 808 253 641 9 199 836 40 277 150 13 8 16 33 80 30 24 531 371 105 117 4527 271 200 775 8969 41 246 244 5135 61 13 9 38 11 502 376 10 17 7 1 15 2 94 84 33 35 64 30 132 13 167 156 22 37 276 130 2 55 46 281 2 12 1 5 10 1 0 0 0 0 0 1 0 15 316 1 0 4 4 148 42 89 12 5 1 4 5 56 0 25 35 6 2 3 2 5 0 0 12 23 103 7 489 3 3 141 127 14 123 1190 5 13 27 1 1 8 1 1 0 2 2 4 0 3 9 2 471 428 46 73 8 17 11 3 67 1061 8 6 881 99 2 13 9 3 217 3 1 1 7 4 3 43 79 4 3 0 1 0 0 1
3 2 1 0 9 9 4 2 0 2 0 4 1 1070 1613 153 558 90 838 558 134 1008 1170 2037 5242 4492 4940 211 52 12 45 5 7 23 3835 512 122 550 20 8525 399 78 380 48 4 17 7426 6 24 2 0 3 8 25 7 6 38 110 354 13 36 45 78 97 61 1 111 162 44 17 0 5 74 506 100 14 6 7 13 0 1 0 53 73 85 65 101 3 5 2 17 9 6 19 139 38 2 1 114 42 1 1 0 1 0 1 0 2 0 0 2 3 12 39 10 25 9 50 126 30 288 590 489 17 8 21 39 38 13 95 3 0 2 12 2 5 79 2 23 79 1 190 3 2 22 19 1 0 92 4 56 2 1 1 0 0 0 1 0 1 1 2 0 0 4 41 0 41 2 2 12 0 2 18 4 9 0 1 3 1 2 16 149 3 4 14 1 0 3 6 2 4 11 3 2 3 7 0 0 1
780 197 394 222 417 534 83 178 9 377 110 612 24 144 2052 1037 498 965 521 646 752 514 4441 3140 333 1608 356 290 180 168 287 121 224 48 33 18 148 509 808 399 10257 3984 2012 68 95 298 239 343 2407 99 151 159 22 50 475 1374 142 159 24 27 900 446 114 95 229 35 129 76 424 314 132 179 486 139 354 520 95 10 241 15 207 61 456 263 1034 214 131 524 653 109 913 3544 300 445 960 307 60 58 156 134 6 6 5 7 1 9 2 3 7 3 24 14 1 3 19 4 6 8 11 26 62 79 28 22 7 10 21 10 1 16 5 0 15 106 4 36 4 0 59 66 7 42 19 1 22 25 11 3 49 42 35 25 46 3 0 19 13 1 12 19 12 17 3 1 7 5 26 36 6 11 33 10 8 13 34 58 20 24 117 14 80 101 58 1 51 64 17 7 134 6 20 135 31 12 33 0 19 2 0 12
7 0 2 1 1 3 3 4 0 6 1 3 10 19 108 162 31 294 113 88 39 133 922 3174 158 248 58 58 28 4 24 3 3 7 26 9 6 46 253 78 3984 4730 6252 17 58 230 102 56 1912 11 5 3 7 15 31 68 34 13 14 2 583 69 22 25 71 6 35 17 162 48 12 4 8 20 23 178 3 1 4 0 2 3 27 25 21 12 12 30 95 40 569 393 14 130 390 13 3 4 21 13 0 0 0 0 0 0 0 0 0 0 0 0 0 1 7 1 1 4 2 4 9 25 19 2 2 0 3 1 1 5 0 0 0 1 0 1 3 0 1 1 2 4 6 0 1 2 7 0 4 24 1 5 9 0 0 4 0 0 0 3 0 1 0 1 1 2 4 16 3 3 0 1 1 3 16 33 2 3 62 10 1 2 2 0 28 1 1 1 12 0 2 26 14 0 0 0 0 0 0 1
25 5 5 5 23 17 7 1 2 17 2 12 63 222 535 478 80 1215 382 214 91 837 936 2600 866 423 661 184 170 17 153 19 28 25 218 113 41 199 641 380 2012 6252 3491 59 262 935 484 244 2678 33 10 21 25 106 42 56 253 117 114 14 2488 366 405 3274 732 39 446 239 810 180 32 23 110 93 168 996 23 6 27 0 12 5 153 199 121 209 153 90 363 177 2512 632 37 276 4026 67 11 16 327 191 0 5 0 0 1 2 0 0 0 0 1 1 2 8 30 5 3 7 14 33 49 133 60 6 2 10 12 11 3 8 8 0 2 6 2 6 3 0 10 24 14 22 23 1 3 61 46 4 33 122 12 18 62 1 1 54 0 1 3 2 3 0 0 0 5 6 62 69 31 19 4 3 2 3 123 174 10 17 326 68 8 21 29 0 159 2 2 9 42 1 1 182 82 1 4 0 4 0 0 1
2 2 2 0 10 13 1 2 2 8 3 5 4286 12 8 16 12 114 8036 382 79 136 34 27 54 36 14 3 29 12 14 12 24 1 6 1 17 2377 9 48 68 17 59 10025 1920 1031 59 53 19 323 2 45 7 16 19 9 13 9 13 0 116 64 33 13 15 262 15 43 23 18 12 322 3140 2146 20 33 717 2760 4079 25 22 99 87 27 55 23 41 133 173 359 1106 30 7 14 71 20 35 5 26 6 3 6 1 2 5 2 0 5 3 2 7 10 3 15 60 15 25 20 89 93 347 372 141 92 35 26 76 18 12 39 6 1 5 73 7 60 22 0 160 280 19 140 10 3 59 28 23 2 262 99 115 8 22 4 1 15 10 9 3 9 28 19 0 4 13 38 19 48 9 18 39 21 1 61 33 74 5 8 118 23 33 233 331 3 48 77 0 4 23 25 24 67 31 9 20 3 50 3 0 11
4 0 1 1 5 4 4 1 77 5 5 3 1909 3 3 13 7 93 643 37 3 13 6 38 12 2 76 74 6 3 15 6 5 2 3 0 4 234 199 4 95 58 262 1920 12310 3130 2 116 46 6873 14 85 25 4 6 5 12 2 0 0 89 159 77 108 243 5966 8 4 94 62 44 169 280 337 9 54 2179 1695 1009 58 59 261 13 1 5 7 2 548 997 4368 4610 62 7 31 183 9 550 74 3 7 2 12 3 4 1 0 0 4 1 3 2 3 0 2 166 1 1 3 1 46 30 37 9 2 2 2 1 8 0 2 24 2 1 12 0 6 0 0 11 14 17 7 79 5 1 149 584 29 128 691 8 58 134 2 4 205 8 2 8 18 2 1 0 0 6 0 274 231 58 290 5 12 11 1 299 690 26 35 1932 328 4 18 13 5 433 16 31 67 160 1 0 511 212 4 12 1 4 1 0 7
4 0 0 1 29 19 6 0 5 6 1 5 2715 5 34 70 29 234 2325 169 11 39 22 312 24 15 628 491 51 19 64 17 27 14 2 4 35 718 836 17 298 230 935 1031 3130 3634 11 102 67 32 2 5 10 11 4 16 48 41 3 2 590 119 146 838 1381 2297 44 13 121 46 7 66 236 98 66 78 177 27 127 1 6 2 21 16 20 15 12 20 100 65 3598 83 12 49 338 92 68 11 18 32 1 24 2 2 8 2 0 1 2 0 6 4 0 22 1104 7 1 10 8 184 117 189 44 3 1 3 9 105 3 36 55 8 13 28 3 15 4 0 40 44 135 18 830 10 5 291 1128 52 347 2491 20 36 40 6 2 57 3 3 2 2 18 4 1 3 18 3 558 800 109 475 15 24 18 7 170 1775 13 17 1678 232 8 33 31 17 420 8 7 4 28 2 6 110 188 16 8 1 5 2 0 2
11 1 4 1 33 21 5 2 3 15 6 22 0 528 156 43 196 51 121 77 270 709 558 1205 5332 652 468 85 113 25 117 22 61 136 141 170 400 703 40 7426 239 102 484 59 2 11 3953 12 30 1 5 12 12 64 33 19 155 508 1568 73 37 56 98 140 77 2 296 1170 47 24 3 68 538 368 301 6 36 31 119 1 13 0 156 199 253 252 2177 6 19 6 31 39 9 17 199 82 7 6 424 175 2 2 2 2 0 2 0 2 0 1 1 7 3 7 0 5 27 6 97 6 289 51 99 87 19 35 89 20 8 24 7 1 4 57 13 67 26 2 105 273 5 162 0 8 55 10 0 0 167 10 152 2 3 6 0 0 4 8 2 2 27 15 3 1 6 49 0 17 1 0 44 14 2 57 4 7 11 3 7 1 21 122 144 0 4 34 0 1 2 19 23 11 14 5 10 3 35 4 0 11
24 2 12 2 33 10 27 7 3 21 2 10 19 4 52 51 14 124 75 15 10 84 42 22 45 5 37 55 226 40 193 17 38 42 2 2 33 138 277 6 343 56 244 53 116 102 12 22984 377 262 20 36 28 66 24 24 282 66 9 9 1854 18684 3461 151 681 55 163 35 4933 2298 6535 13 54 29 212 9667 46 3 26 5 779 115 73 63 32 40 28 1671 8787 308 2443 383 176 512 966 94 22 42 35 111 0 1 2 0 0 0 0 8 0 0 2 1 0 0 17 1 1 3 4 10 13 14 5 1 6 13 7 5 3 1 8 3 2 5 2 7 0 0 3 8 7 12 8 8 1 233 95 19 50 70 10 365 1058 12 11 778 38 14 64 116 6 1 1 0 5 3 31 148 213 35 6 12 8 1 740 165 196 389 1139 196 5 15 19 10 1107 28 214 198 1429 5 5 3056 939 2 10 1 2 1 0 5
58 10 29 7 12 21 3 10 1 35 1 21 9 7 109 230 15 223 125 94 28 161 218 308 66 54 23 48 42 6 24 5 7 4 6 3 2 22 150 24 2407 1912 2678 19 46 67 30 377 9819 75 41 76 2 10 27 66 30 24 5 4 309 569 89 18 46 15 35 17 143 336 68 10 18 21 32 341 23 3 9 2 33 7 34 28 23 23 19 272 789 151 609 7351 131 2146 5819 13 10 4 23 8 1 0 0 0 0 1 0 1 1 0 0 0 0 0 5 0 0 1 1 4 5 13 5 2 2 1 2 1 0 2 2 1 1 10 0 0 2 0 2 2 0 2 1 0 1 13 6 0 6 12 1 27 75 0 0 38 1 0 2 9 0 0 0 0 1 0 2 22 17 6 1 1 0 0 90 31 9 30 118 18 0 5 4 0 127 1 6 4 96 0 0 272 72 0 0 0 1 0 0 0
13 1 10 1 4 1 3 3 59 19 0 5 60 0 1 10 1 18 34 9 4 10 8 5 5 1 3 4 10 1 3 2 1 0 0 0 1 18 13 2 99 11 33 323 6873 32 1 262 75 8384 107 1379 16 5 40 7 2 1 0 0 56 376 51 6 22 2726 9 1 69 191 168 80 86 969 4 147 2112 886 490 1136 324 5099 28 10 3 7 0 3793 2596 4637 1065 193 70 109 166 4 643 62 1 2 4 2 5 4 1 1 1 2 0 6 4 0 0 1 10 0 0 1 3 3 10 3 5 0 2 1 11 4 1 1 3 2 2 5 0 1 1 1 2 0 0 7 1 5 3 70 70 13 61 26 3 159 424 2 2 389 73 14 183 135 5 0 1 0 3 0 4 66 83 35 1 4 3 0 263 42 100 186 878 73 4 11 6 0 524 26 116 493 1013 1 1 2317 325 1 22 0 0 2 0 2
63 11 31 6 17 17 14 29 4 60 2 17 1 1 1 4 2 8 1 0 2 7 2 2 9 0 1 0 30 13 17 2 4 1 0 0 1 5 8 0 151 5 10 2 14 2 5 20 41 107 12720 14530 4 10 723 117 3 7 0 0 8 35 4 4 1 85 17 5 9 251 87 8 23 39 16 13 54 7 18 608 2536 426 226 37 9 10 5 461 41 11 20 4945 8206 74 70 9 16 3 9 8 0 0 1 0 0 0 0 1 0 1 1 1 0 0 0 1 0 0 1 0 1 1 0 3 0 0 0 0 0 1 2 0 1 6 0 3 0 0 3 1 0 0 0 2 2 0 3 0 4 0 0 1 9 0 0 3 262 20 456 209 25 2 1 0 1 0 0 0 0 0 5 0 0 0 1 0 36 42 7 1 2 10 3 0 5 5 34 3 227 0 3 37 11 1 9 1 0 0 0 0
208 23 89 18 64 53 65 92 10 167 10 50 6 1 3 4 1 15 8 3 3 19 4 7 26 2 6 5 198 63 55 18 23 3 0 0 6 26 16 3 159 3 21 45 85 5 12 36 76 1379 14530 36533 30 45 1761 279 49 12 0 0 50 48 12 5 21 881 49 18 50 81 88 43 82 339 83 61 365 168 92 15799 6638 4353 859 97 22 39 40 1945 99 38 84 2194 5361 36 65 52 116 25 39 29 7 1 2 1 3 3 1 31 1 5 2 8 0 0 3 0 0 0 2 0 9 2 3 7 1 2 5 1 0 2 3 0 2 38 1 14 0 0 20 6 1 5 0 19 5 0 23 4 34 2 2 21 32 21 1 40 2903 382 7151 928 279 15 7 0 2 1 0 3 7 31 22 5 0 1 10 1 248 97 41 1 29 59 81 0 13 144 318 111 1272 2 52 202 40 2 63 13 2 0 0 0
428 35 122 29 154 94 538 354 307 401 67 114 2 5 12 10 9 9 9 9 8 13 9 22 61 8 48 53 4348 288 187 37 74 8 3 2 6 28 33 8 22 7 25 7 25 10 12 28 2 16 4 30 4209 4892 4341 7 199 29 3 0 18 47 70 17 72 7 146 20 65 19 6 137 118 43 153 22 315 9 132 4 8 10 627 182 38 40 95 10 20 19 19 20 12 3 31 88 647 4667 81 125 14 6 19 16 1 18 3 8 20 22 23 20 1 2 0 0 0 0 0 2 5 1 3 14 5 1 2 1 0 0 5 0 18 92 0 12 0 0 25 13 0 7 0 2 14 1 2 0 15 1 5 0 2 1 0 1 1 0 2 1 5 7 0 3 1 1 0 1 0 0 29 10 2 1 0 2 0 0 3 0 56 75 12 1 1 37 0 1 0 6 10 1 1 3 31 1 7 0 0 5
917 87 219 67 291 223 869 544 109 606 62 207 2 6 26 25 19 26 13 16 16 58 21 57 223 27 171 114 13690 566 463 92 158 26 2 1 5 74 80 25 50 15 106 16 4 11 64 66 10 5 10 45 4892 10849 1010 34 618 67 3 1 57 152 209 83 196 1 1440 55 196 44 10 142 294 69 405 39 100 3 203 2 14 4 4243 6385 66 302 340 5 22 5 35 67 21 5 117 244 164 2175 556 476 2 5 14 11 3 9 4 5 18 14 32 39 0 0 0 0 0 0 1 0 10 2 1 37 11 1 15 0 0 2 13 0 24 197 0 36 2 0 48 22 0 4 0 10 36 2 1 0 15 6 12 0 1 10 0 2 0 3 2 0 25 19 0 0 11 1 0 2 2 0 51 19 2 5 4 3 2 1 10 3 120 134 24 2 2 65 0 0 2 15 26 5 2 6 31 2 22 4 1 8
342 36 101 24 94 78 189 206 34 253 26 84 1 10 6 8 7 27 4 4 7 12 3 23 53 4 33 25 1454 135 115 22 39 3 2 1 9 35 30 7 475 31 42 19 6 4 33 24 27 40 723 1761 4341 1010 14721 441 92 24 1 2 42 31 32 19 46 29 100 40 61 42 12 52 115 38 125 24 67 8 65 157 257 80 4364 194 36 55 77 68 19 2 42 1167 266 5 21 59 105 831 65 68 2 1 6 3 1 7 1 5 6 8 16 12 0 1 1 0 1 1 2 2 12 5 1 22 6 1 7 1 0 0 6 0 5 87 0 22 1 0 49 21 1 6 2 3 14 2 0 1 12 1 4 0 1 5 0 3 68 11 65 10 15 17 0 0 3 4 1 3 0 2 39 12 0 3 1 3 4 2 4 1 58 82 20 0 2 42 5 0 17 5 26 9 1 3 16 0 11 0 0 6
335 63 145 58 105 112 71 142 4 230 23 147 1 4 5 16 5 21 10 3 1351 149 20 28 79 4 23 21 174 70 64 25 42 9 1 1 3 37 24 6 1374 68 56 9 5 16 19 24 66 7 117 279 7 34 441 4665 33 24 4 0 80 31 27 9 21 4 56 27 48 20 21 45 133 42 115 34 23 4 85 28 115 21 2614 219 2532 104 60 43 24 8 57 1036 171 15 40 69 15 24 88 46 3 1 1 0 0 3 0 2 3 2 5 5 0 1 0 0 1 1 3 0 10 3 1 12 5 0 2 0 0 1 4 0 9 42 0 6 0 0 33 13 2 7 0 5 8 2 1 0 9 0 1 2 3 3 0 2 12 3 17 3 13 12 0 1 7 1 0 2 0 2 28 7 0 2 1 5 1 2 4 2 32 50 18 0 1 22 2 0 19 1 15 7 2 4 9 0 6 1 0 5
107 38 55 35 880 116 40 23 2 83 22 93 2 42 113 186 119 128 57 42 40 91 45 192 432 24 901 867 4223 2911 10451 148 290 61 17 20 65 187 531 38 142 34 253 13 12 48 155 282 30 2 3 49 199 618 92 33 11499 178 33 8 238 562 782 368 1320 4 8268 148 1213 158 29 170 362 60 2015 163 64 4 196 1 36 2 508 689 140 459 1794 12 51 11 112 84 24 29 315 1041 33 110 660 3728 4 5 6 7 0 5 0 0 7 2 12 12 0 1 2 0 2 0 1 6 24 13 6 29 11 6 6 1 0 1 10 1 18 144 3 32 4 0 68 22 1 5 5 8 31 15 6 0 16 11 10 5 11 3 0 6 3 3 1 1 22 26 0 3 4 2 8 15 2 2 48 17 1 5 13 45 3 2 52 12 88 132 34 2 22 50 2 0 5 4 29 18 14 12 28 0 21 4 1 7
34 2 2 3 187 44 12 12 1 18 2 20 2 1008 421 342 726 215 105 173 179 186 59 138 102 35 679 724 221 92 278 2654 2952 7031 228 156 1995 1295 371 110 159 13 117 9 2 41 508 66 24 1 7 12 29 67 24 24 178 8364 2144 1691 158 88 74 87 362 3 218 4015 274 23 7 290 704 38 6691 78 48 4 133 1 13 4 174 109 226 77 205 6 8 4 38 40 10 4 69 2000 24 25 79 123 6 4 6 4 2 6 0 1 5 5 15 26 1 2 2 1 3 2 4 4 27 20 5 37 7 5 15 4 0 3 6 0 10 139 3 29 1 0 46 19 5 9 3 7 33 4 4 1 18 18 13 0 1 5 0 1 3 6 0 3 15 26 1 1 8 1 4 6 1 7 32 11 6 5 7 17 9 3 19 4 82 88 21 1 4 32 1 0 5 8 26 1 3 11 16 1 17 1 0 6
2 0 0 0 4 2 3 0 0 2 1 1 1 3665 304 75 363 35 57 40 39 48 27 277 59 117 844 397 24 3 31 5 21 631 2289 1644 1241 503 105 354 24 14 114 13 0 3 1568 9 5 0 0 0 3 3 1 4 33 2144 7128 1951 16 19 33 81 135 0 21 1476 47 1 0 4 44 94 248 9 5 9 10 0 2 0 30 8 17 13 79 1 1 1 7 7 0 1 32 22 0 4 18 24 0 0 0 1 0 0 0 1 1 0 0 0 0 2 1 1 20 1 41 6 125 23 59 24 6 11 25 11 1 8 4 1 2 12 4 24 14 0 37 112 2 66 3 2 13 2 0 0 71 4 66 1 1 0 0 1 0 1 0 1 10 4 0 0 1 23 1 8 1 0 14 6 0 30 2 4 0 0 1 4 4 31 47 0 0 7 0 0 2 13 5 3 5 0 6 1 6 2 0 8
1 0 0 0 2 0 2 0 1 0 0 0 0 3330 274 138 1258 60 38 99 2 5 12 27 2 6 137 215 5 1 5 14 72 2535 66 449 3784 572 117 13 27 2 14 0 0 2 73 9 4 0 0 0 0 1 2 0 8 1691 1951 2868 23 7 6 12 47 1 4 320 38 1 1 2 5 0 139 7 1 0 1 0 0 1 2 2 3 2 14 2 1 0 2 3 0 1 8 13 0 0 0 1 0 0 0 0 0 0 0 0 0 0 0 1 0 0 0 0 0 0 1 2 2 4 2 0 0 0 2 1 0 1 2 0 0 0 1 0 1 0 1 2 1 0 1 0 1 0 1 0 1 1 3 0 0 0 0 1 0 0 0 0 0 0 0 0 0 0 2 1 0 0 0 0 0 0 0 1 0 0 6 0 0 0 1 0 2 0 0 0 1 0 0 1 0 0 0 0 0 0 0 0
27 2 1 1 53 17 15 6 4 9 1 8 23 14 252 115 50 1230 249 236 38 152 78 505 113 34 346 158 171 58 228 23 42 74 16 5 100 469 4527 36 900 583 2488 116 89 590 37 1854 309 56 8 50 18 57 42 80 238 158 16 23 4499 1498 788 1537 2618 179 186 75 2910 253 91 17 97 42 328 8450 18 2 15 0 74 5 79 81 55 60 37 66 420 55 5357 359 32 136 1482 185 23 28 105 135 4 13 3 0 2 5 0 0 1 0 3 4 0 5 187 0 4 10 5 39 84 77 17 13 2 8 12 15 3 11 25 4 4 17 0 7 7 0 24 43 30 22 141 9 4 233 587 38 174 490 24 56 158 4 3 176 7 4 3 5 10 7 2 3 9 9 195 328 94 102 19 25 17 9 413 928 19 44 1247 221 9 31 16 17 533 18 18 20 64 7 5 268 259 10 5 0 3 1 0 9
36 5 24 5 42 21 47 9 2 25 3 15 16 13 105 112 18 248 121 34 52 386 181 72 278 36 53 69 474 65 292 13 31 33 9 7 25 105 271 45 446 69 366 64 159 119 56 18684 569 376 35 48 47 152 31 31 562 88 19 7 1498 25299 6163 575 1699 74 537 56 4644 11210 2352 17 57 42 245 5122 71 9 30 17 221 174 172 223 135 176 57 1586 4317 481 2432 681 390 2626 2299 113 41 84 184 242 0 1 0 1 0 1 0 6 0 1 0 1 0 0 23 0 1 2 5 4 16 20 11 2 2 6 12 3 4 1 7 4 1 5 1 3 0 0 3 2 4 20 8 6 6 174 74 22 42 53 9 444 1164 14 13 699 49 18 96 182 4 2 0 0 5 0 29 81 152 23 6 13 3 0 535 93 261 502 800 129 4 13 11 2 777 30 308 220 2019 7 3 3046 925 2 16 1 1 3 0 2
18 4 3 4 24 11 17 6 2 22 4 23 20 55 114 71 15 246 101 29 55 542 168 60 472 49 81 61 456 36 326 15 21 18 18 27 25 62 200 78 114 22 405 33 77 146 98 3461 89 51 4 12 70 209 32 27 782 74 33 6 788 6163 7510 4181 7063 19 950 103 6488 705 53 8 47 28 176 1862 26 3 14 1 21 9 253 304 194 279 120 100 980 240 1387 201 69 535 1937 67 6 46 384 362 0 1 0 1 0 0 0 1 0 0 0 0 0 0 16 1 2 1 0 11 13 25 4 1 2 3 3 3 0 0 1 0 0 3 0 2 1 0 2 4 5 7 6 0 2 53 25 4 18 44 3 46 149 1 0 111 5 2 1 7 3 1 0 0 4 1 17 65 37 7 2 4 1 2 173 80 18 38 264 58 0 6 6 0 262 10 7 14 93 1 1 368 140 2 3 0 1 2 0 0
10 0 2 1 14 9 3 5 1 6 4 5 128 157 364 134 25 830 156 32 24 270 90 288 392 64 1625 681 181 11 231 6 19 27 108 84 43 68 775 97 95 25 3274 13 108 838 140 151 18 6 4 5 17 83 19 9 368 87 81 12 1537 575 4181 3807 8365 15 431 185 1574 118 11 11 41 34 185 264 12 4 14 0 6 1 132 161 82 187 116 8 67 8 408 42 23 37 1652 49 4 13 269 327 0 5 0 0 2 0 0 0 0 0 0 0 2 3 34 1 2 4 3 22 21 76 16 3 2 1 3 12 1 6 7 1 0 8 2 4 1 0 7 16 15 7 52 2 4 33 40 1 22 145 7 4 9 0 0 3 2 0 0 0 1 3 0 0 1 0 75 51 10 13 3 4 5 1 29 202 4 1 247 44 3 6 10 1 53 6 0 0 6 1 1 26 23 1 0 0 2 2 0 0
43 8 6 6 32 24 32 5 1 18 5 20 245 128 679 242 30 933 200 34 26 177 34 111 234 16 1330 1841 714 64 902 27 53 117 39 52 134 113 8969 61 229 71 732 15 243 1381 77 681 46 22 1 21 72 196 46 21 1320 362 135 47 2618 1699 7063 8365 9558 48 924 359 11343 401 36 15 60 20 656 1019 9 12 24 1 10 6 258 283 125 178 221 46 161 52 697 106 32 79 1125 170 6 91 309 700 0 17 1 1 4 0 1 0 0 1 0 0 0 4 111 0 0 5 4 45 22 59 6 3 2 3 6 19 1 13 24 4 5 8 0 1 1 0 8 14 29 10 121 1 6 134 136 5 53 504 5 37 51 1 4 31 4 0 1 7 7 4 0 1 3 2 275 262 52 60 5 13 4 4 190 771 11 17 986 191 5 17 11 3 260 2 2 3 13 2 1 90 132 4 1 0 4 0 0 2
5 0 4 1 2 5 1 2 23 5 0 1 1851 1 2 6 0 238 1584 10 1 2 3 10 2 2 33 26 4 3 5 2 2 1 0 0 1 35 41 1 35 6 39 262 5966 2297 2 55 15 2726 85 881 7 1 29 4 4 3 0 1 179 74 19 15 48 1822 4 0 32 26 35 36 39 728 4 25 929 1194 285 386 82 1004 17 5 3 6 3 680 313 811 1596 79 27 18 47 0 264 17 0 2 1 5 4 1 0 0 0 1 2 0 4 1 0 5 588 0 0 3 1 88 37 79 9 1 0 0 0 15 1 6 9 2 1 4 0 2 0 0 8 13 24 0 79 2 0 36 811 45 97 775 2 21 40 1 0 97 42 6 65 37 2 1 0 0 2 0 92 87 12 2194 4 2 3 0 52 151 12 21 753 72 5 8 11 0 83 7 12 13 107 1 0 158 68 2 6 0 0 0 0 0
305 77 148 78 285 250 59 77 7 212 101 303 6 16 41 74 25 65 40 17 28 228 69 344 1121 102 836 451 3671 389 1534 203 382 67 16 7 36 151 246 111 129 35 446 15 8 44 296 163 35 9 17 49 146 1440 100 56 8268 218 21 4 186 537 950 431 924 4 10556 129 667 164 18 282 514 75 1275 115 157 5 366 5 29 1 1008 6509 194 2205 1365 16 47 12 122 122 34 48 481 647 100 41 3415 2323 10 5 12 13 2 19 0 3 14 13 51 45 0 0 3 1 3 2 8 3 18 14 7 48 20 4 7 2 0 0 26 0 30 311 2 58 2 1 82 34 0 6 4 9 41 8 7 1 15 8 12 3 13 16 0 5 7 11 3 4 29 40 1 3 21 3 8 5 1 0 67 32 5 2 18 20 4 3 41 7 189 189 39 1 20 117 1 1 5 7 40 16 17 18 59 1 36 2 2 19
12 1 1 1 16 4 8 2 0 6 0 4 2 470 135 154 195 102 33 53 75 121 28 357 273 74 1012 586 98 16 193 51 224 834 248 138 1034 775 244 162 76 17 239 43 4 13 1170 35 17 1 5 18 20 55 40 27 148 4015 1476 320 75 56 103 185 359 0 129 5296 182 15 5 46 407 130 2942 26 30 13 72 0 28 2 239 79 98 74 2040 7 8 1 18 53 20 6 104 57 4 12 120 221 4 3 1 1 3 1 1 1 1 2 1 2 0 1 7 0 16 2 16 8 109 11 7 53 13 12 43 1 0 4 7 0 2 57 13 66 3 0 116 127 2 15 3 3 28 2 1 2 94 5 47 0 2 2 0 1 4 8 1 2 31 22 0 1 4 13 6 6 1 0 38 8 1 21 4 4 7 3 13 2 26 106 54 1 3 12 0 2 3 7 30 2 7 6 2 2 29 3 0 5
48 4 2 4 47 27 50 11 2 26 1 22 21 53 550 215 43 637 113 226 30 155 72 177 157 26 213 290 714 122 718 21 53 98 21 20 113 186 5135 44 424 162 810 23 94 121 47 4933 143 69 9 50 65 196 61 48 1213 274 47 38 2910 4644 6488 1574 11343 32 667 182 7685 846 100 17 73 14 578 3747 6 7 24 2 59 5 248 240 88 132 131 61 429 136 926 206 52 125 1113 221 4 93 186 430 2 8 1 1 5 0 0 0 1 1 1 1 0 2 48 3 1 6 3 31 38 37 14 7 3 9 8 8 6 5 22 6 1 7 1 5 3 0 16 19 13 11 30 8 4 260 143 11 56 167 15 91 242 2 4 225 6 1 2 10 9 4 2 0 4 3 66 329 123 44 9 10 11 5 653 526 22 65 1050 256 4 16 15 13 640 17 6 34 86 6 3 469 385 3 5 0 2 1 0 3
64 12 24 7 18 17 13 18 6 60 2 15 4 4 36 46 6 87 57 26 12 177 93 38 103 13 14 26 158 16 84 4 9 9 3 3 4 33 61 17 314 48 180 18 62 46 24 2298 336 191 251 81 19 44 42 20 158 23 1 1 253 11210 705 118 401 26 164 15 846 1899 985 13 29 23 59 784 42 11 15 22 451 244 98 99 53 53 32 1557 1449 177 723 1247 1999 2572 1221 22 20 19 77 73 0 1 0 0 1 0 0 7 0 2 0 1 0 1 7 1 0 1 2 2 2 5 2 0 1 0 5 1 1 0 3 1 0 7 0 4 0 0 4 2 1 6 5 2 5 47 41 8 22 18 1 217 388 4 2 261 82 28 236 380 6 0 0 0 1 0 9 31 58 20 3 2 1 0 143 36 281 499 238 36 5 9 11 0 216 25 232 82 2075 1 3 1169 310 3 9 0 0 0 0 0
31 8 12 3 16 8 8 15 5 32 3 6 2 1 8 7 2 17 17 1 4 9 6 7 7 1 8 6 34 10 15 5 4 3 0 0 4 24 13 0 132 12 32 12 44 7 3 6535 68 168 87 88 6 10 12 21 29 7 0 1 91 2352 53 11 36 35 18 5 100 985 7549 7 15 42 25 242 62 13 22 25 4212 209 27 10 10 8 5 4931 1380 120 248 848 743 190 93 8 29 7 8 9 0 0 2 1 0 0 0 4 3 0 0 1 0 1 2 0 0 1 3 0 1 0 2 2 0 0 0 0 0 0 0 1 0 4 0 1 1 0 2 1 0 1 1 1 3 16 26 4 10 8 0 152 236 6 0 128 90 34 484 517 4 2 0 1 3 0 0 9 21 6 0 1 0 0 45 12 308 520 112 17 2 12 11 0 61 31 273 88 2095 0 6 657 157 2 15 0 1 1 0 0
