22.7278744054019 28.0529274595506 24.8409051314276 38.6400303766517 39.6372359913231 44.2774035967494 34.7393976784211 25.6351275991565 54.8901328200814 36.8592326501897 63.7323547893802 53.6372664383693 0 136.410818099976 155.567696380615 153.125756399972 118.367365519206 156.232227802277 151.423145929972 120.174087524414 116.225880647317 135.328419915561 137.820430755615 184.297710418701 150.069294293722 185.621276855469 173.442585995323 140.855911254883 38.7694647297121 22.985929920568 55.9997781633815 70.063715921569 87.2735117862099 162.981478881836 131.186813354492 87.393564860026 116.053296089172 131.058923420153 131.769848022461 170.986737569173 96.0161750304393 170.049543108259 186.122450561523 98.5168724060059 204.417156219482 164.670227050781 147.082244873047 183.615577061971 157.103549957275 194.325147188627 160.703258574955 165.320156941047 114.617156394174 98.4372673201067 124.133878429034 114.873948897177 91.4290240813639 105.722744436825 162.740913391113 181.67057800293 165.010288944951 190.665557861328 194.271836174859 191.582521057129 161.480693550997 210.611151123047 99.4125020636887 150.151298522949 168.702743212382 183.489592790604 180.788031301191 91.4803665202597 124.873981318198 146.099299112956 124.916882639346 157.49997845818 114.71383387868 181.037811279297 108.346883453592 165.564990650524 184.923116134385 175.262358794341 122.378328460008 110.450334313024 115.617658563441 107.974243704728 137.869541349865 190.758582002373 198.809941609701 162.971664428711 183.312618255615 140.554067265178 173.331669241695 181.331553492053 191.500801282051 79.8822545615994 92.0868139099657 59.4728591471362 118.358753395081 116.28508436525 179.049017447012 172.937580988957 177.729741503621 179.67756097967 168.860727483576 170.858303493924 165.25190041282 129.52703720484 165.668282281785 134.880212156923 152.717922519235 164.41537847017 0 0 0 182.258560180664 157.982650756836 0 195.484287261963 190.338714599609 184.970308576311 210.750686645508 0 195.3503515625 190.126721895658 200.774449666341 152.006378173828 0 186.004180908203 200.194000244141 166.285864994444 0 151.530297269526 159.521616580302 0 165.256198658663 176.608993530273 0 179.809555053711 211.627955118815 198.553260803223 186.991744995117 0 214.332590738932 191.600696686775 0 0 0 163.056607927595 218.190948486328 172.515106201172 243.014907836914 240.342609405518 221.732816423689 0 221.177040100098 223.697120666504 234.477429199219 236.89282989502 236.94709777832 222.133748372396 206.354873657227 237.932014465332 234.894012451172 151.354020690918 0 0 0 218.755531311035 0 204.039199829102 182.469263712565 164.240578545464 192.069641113281 226.800010681152 231.399322509766 242.142517089844 238.545486450195 224.856498718262 227.160034179688 150.76063753281 165.908869701883 137.603138224284 161.6318359375 247.555847167969 149.401611328125 195.955327351888 205.566167195638 233.797635759626 196.320351736886 218.75318069458 227.369720458984 230.100112915039 154.288492905466 130.662472785274 195.428855895996 203.334507751465 206.940567016602 0 181.211111068726
28.0529274595506 10.0200614334964 19.4045292124661 18.5236287257604 21.2485386305242 37.423620050575 58.019017112133 61.1261454451508 68.4030164082845 49.4867653253375 56.5502689699583 52.414252678349 0 106.101608276367 0 185.921478271484 0 0 157.614318847656 0 124.868005752563 129.712960984972 0 204.245971679688 151.491270932284 161.750755310059 185.995780944824 207.836730957031 75.4541802521489 24.4769103019532 27.4986896135051 68.6287934780121 90.9091659314705 96.7280960083008 0 0 189.929077148438 142.559030151367 0 184.748733520508 101.103423220252 0 166.305491638184 101.983104705811 0 0 130.379257202148 178.616554260254 157.976594543457 191.556106567383 174.723593971946 178.347751783288 135.188454546247 113.168183425377 131.882171207004 120.089508541047 79.643063796194 152.172004699707 0 0 171.586578369141 177.993029785156 188.323268890381 0 185.702800750732 0 102.572543156611 176.083618164062 198.923259735107 189.238471984863 187.459749221802 93.1802695424933 135.471764564514 161.006378173828 153.887530735561 186.192367553711 153.201679229736 0 116.352929178874 173.847447713216 193.715735473633 186.112448556083 131.988584847286 117.88279268977 118.311479952647 112.087336787471 183.483871459961 196.410479093853 206.019365946452 216.874404907227 190.004760742188 153.187366372288 182.707642806204 174.421020507812 188.964575631278 107.142502593994 94.6068104830655 84.6501680060999 111.377386044233 113.4654329088 176.790298049514 169.09971836635 174.115185976028 175.26301574707 200.053064982096 166.564066467285 171.048536028181 129.194069332547 165.215960787744 133.748961326404 149.726087644503 162.865121999498 0 0 197.137420654297 0 0 0 0 0 0 245.178207397461 0 194.098066329956 190.548828125 0 156.136657714844 0 0 0 165.664875575474 0 150.055289657028 160.249700480494 0 154.134733720259 0 0 158.75340461731 233.003265380859 0 0 0 211.599899291992 192.134560721261 0 150.885162353516 0 0 188.991920471191 173.212341308594 0 0 216.381683349609 0 0 235.735229492188 232.332313537598 0 0 212.742454528809 216.224413553874 182.964248657227 0 146.847382545471 0 0 0 0 151.07926940918 212.222180684408 180.89274597168 148.376129150391 0 243.963241577148 0 236.502868652344 232.463485717773 0 0 146.814272858376 162.8397806341 175.779006958008 0 0 149.031114775559 0 0 236.728210449219 196.531539916992 208.391284179687 0 0 156.411241419175 123.553647863454 200.576400756836 206.083894093831 185.480041503906 0 168.258504231771
24.8409051314276 19.4045292124661 13.2577678495849 19.6806056242294 81.368512424854 28.9903099143572 57.6328745729783 21.1620287341423 58.3230144864037 27.1072773236495 42.3331344066101 21.1741075090114 0 111.525367736816 236.05598449707 246.257286071777 187.3203125 157.554092407227 246.517120361328 0 114.022875076685 148.223753293355 188.713577270508 188.954040527344 139.23473973428 0 196.623760647244 193.33797454834 96.1389313570429 80.1345100800196 113.69951886909 106.660096304757 131.090409851074 175.50390625 0 0 148.930282592773 174.47716217041 234.33194732666 168.304565429688 94.943397405789 174.104072570801 174.172158813477 196.480918884277 192.448379516602 0 165.123138427734 188.481129964193 153.366402198528 192.977867126465 167.657187923308 169.715755848402 126.86907321117 109.706340876888 135.349542372298 117.424599325246 87.2174396168102 168.744647979736 0 0 202.778442382812 189.306284586589 213.448694864909 197.966987609863 187.836133321126 208.680961608887 102.137838879147 216.058349609375 194.084365844727 179.582129160563 182.861846923828 122.895259298929 187.164887237549 181.998346964518 160.70972527398 203.543342590332 108.554879506429 180.625469207764 134.716944048482 174.168770926339 189.770676101463 179.978837585449 128.090817835734 113.548757128446 113.637969476609 103.835309299422 147.374127705892 191.272880554199 201.752624511719 191.891534423828 207.248474121094 143.425655023376 178.406391906738 181.37576675415 179.169841003418 167.278923761277 84.9374152628581 77.3202726311154 119.223096923828 135.629011300894 172.725974635074 166.575813717312 165.386769897993 166.321337745303 165.590609959194 161.816414181549 159.065860972685 122.118977513807 158.229531370563 129.385026353129 141.802598812706 154.495504944413 0 0 0 0 0 213.756118774414 164.407775878906 0 0 193.335896809896 194.255737304688 182.03876554049 189.077237447103 0 162.307456970215 0 0 188.308135986328 159.541279992392 0 145.803199344211 150.782248995197 0 167.357584439791 0 0 187.163846333822 213.571954345703 0 183.413782755534 0 185.630729675293 176.364473516291 0 0 0 239.423095703125 0 241.697067260742 0 233.280685424805 208.587056477865 0 220.68132019043 217.369358062744 223.318370819092 228.581901550293 0 220.020711263021 210.865951538086 239.436553955078 207.130180358887 152.368416419396 0 0 0 0 0 196.57607126236 173.133469899495 146.712417602539 0 0 247.857452392578 228.039479573568 0 248.579528808594 0 138.732791028704 164.634062725565 174.911761474609 0 0 137.550041876899 211.191314697266 0 238.343663533529 204.424438476562 217.314393785265 242.893127441406 240.209548950195 148.212451819218 123.522728084594 201.369455973307 199.333513532366 170.010650634766 0 150.803047180176
38.6400303766517 18.5236287257604 19.6806056242294 9.48235648253973 16.8726429031641 19.5447781193234 62.2135164713122 46.3148738609816 64.5730679829915 48.9451309167422 47.8290003651865 30.154031879211 0 0 113.614639282227 131.604370117188 150.781311035156 214.113296508789 227.429580688477 0 104.687388758506 121.966389395974 137.694728851318 189.608459472656 129.402855343289 0 142.881500244141 135.294540405273 78.0280412874724 38.4634670979982 19.3569419924952 64.6264084961455 90.0010701621451 0 0 115.361557006836 0 164.366934204102 192.805450439453 0 96.1074462753158 183.633499145508 189.572787475586 0 156.786834716797 177.862991333008 105.987915039062 175.720848083496 152.456874302455 190.800445556641 172.768348693848 179.080224778917 127.793763259362 116.880423360796 137.589399019877 115.861064253182 76.7593029567173 108.202674865723 0 0 158.422409057617 176.816732788086 207.407936096191 127.761077880859 153.871835072835 214.233947753906 98.7560820457263 172.594146728516 163.05989074707 179.800083705357 164.989120483398 79.6717872619629 137.277333940778 157.608575439453 136.49606552124 0 126.255732727051 0 117.613574532902 171.966583251953 187.240810741078 172.514389038086 127.437328418652 112.633844437138 110.925935155926 99.1020067558914 140.609818458557 188.835408528646 194.489273071289 0 219.257759094238 141.663857258541 176.771790313721 158.841796875 188.138829549154 81.8194635391235 68.6076445498709 86.179105945662 100.349374565711 117.908011696555 168.170908791678 159.863125755673 166.252799735164 168.798451646466 168.501669076773 160.166122756638 167.060829611386 120.165993714944 158.818852587444 124.323160368821 142.939521929283 154.405305412378 0 0 0 0 0 0 214.821105957031 0 215.994049072266 0 0 171.022510104709 183.479446411133 0 0 0 0 190.091583251953 155.666017203495 0 149.941066971744 151.546181466239 0 151.153736659459 0 0 153.30744934082 205.884765625 0 158.351379394531 0 194.943183898926 182.884051513672 0 150.672515869141 0 151.30500793457 0 196.209609985352 0 0 204.537796020508 0 0 195.272605895996 230.544914245605 0 243.614013671875 208.32378133138 201.242411295573 0 198.275090535482 136.570256369455 0 0 233.896469116211 0 148.279075622559 190.255847584118 159.227795410156 130.517560323079 0 0 0 246.600860595703 0 0 0 140.700225830078 145.344621870253 124.135646820068 0 0 134.290308316549 213.46452331543 175.93994140625 228.702812194824 178.325230916341 215.26606464386 0 0 152.512260437012 117.980487790601 205.978500366211 195.393783569336 233.939605712891 146.801940917969 0
39.6372359913231 21.2485386305242 81.368512424854 16.8726429031641 15.0332191622573 23.4910491273732 59.1595174096138 78.589952605864 79.7885465207307 67.0904371812609 48.0293982194445 50.6619876041005 110.193041992188 114.963621139526 108.775875091553 123.058686065674 100.602962147106 119.608613503946 108.809842946578 121.273771112615 99.0230157579694 114.055896726429 98.2416587040342 169.700538635254 105.214579931895 147.268821716309 145.76192890514 128.168392817179 61.8111967148541 28.1858463646658 19.6002252560453 39.3073341174003 57.0911784981622 71.384479121158 144.561811828613 77.7902984619141 79.4295878601074 82.2787103925432 142.794326088645 128.46299235026 86.5988304723653 188.411911010742 170.610325688901 81.5348583221435 145.785163879395 133.720616307752 109.041862950181 165.12631595496 141.415479024251 185.073169708252 153.845726910759 163.120929002762 117.718769816609 98.4960715172627 130.279328610035 105.510665457589 42.5910615606741 47.6741200105392 100.877479553223 158.99214553833 127.617238170696 174.30311693464 165.708548227946 145.288442884173 144.156583309174 201.772079467773 88.8412300912957 115.43220949173 151.313601717036 187.103123135037 175.217660903931 65.3649616495317 71.5426252559471 99.4733227539062 66.5293154716492 147.80288526747 86.0241790399319 102.106163024902 74.5375142352798 157.914169311523 184.094452968864 162.198856898717 118.701249437284 100.966933053052 102.5900511802 86.2244090693338 97.4897518157959 185.540378223766 203.957538311298 159.150131225586 144.024764080437 136.166803399448 176.492219543457 159.802648925781 173.575732077322 35.7618019116127 75.5200145909044 66.3273587919885 85.5817847791301 79.5475860281089 172.437434428447 154.85911432902 166.955780227463 166.46219440535 157.210549490792 159.629002888997 142.902423858643 113.304924647013 154.3726649224 125.743263442795 140.501594211744 151.957051834258 0 0 0 0 157.505767822266 0 148.837738037109 188.576965332031 159.470317993164 0 167.633721487863 169.045721574263 180.686585646409 0 151.244735717773 186.87671661377 0 178.751647949219 157.32356262207 0 144.883964269301 150.009353528182 0 152.353757629395 0 0 155.219303131104 159.504402443215 170.017059326172 162.227740478516 0 202.710894775391 174.931385961072 217.888847351074 188.956062316895 0 147.230467852424 200.816585540771 163.104165213449 0 224.612396240234 205.564488728841 0 174.704895019531 211.064346313477 225.210666656494 204.352645874023 227.803848266602 214.770821889242 198.506784057617 200.186553955078 240.764129638672 150.515933990479 156.61083984375 0 210.222109113421 209.483001708984 0 189.432852172852 180.163848876953 139.292037963867 155.092802047729 213.082290649414 199.79345703125 242.2646484375 232.238830566406 218.74365234375 233.384033203125 141.270012303403 149.914777159691 124.238126118978 151.058837890625 204.541692097982 136.258708626883 171.870452880859 177.907867431641 233.518630981445 189.167529019442 200.129235487718 240.564933776855 216.533683776855 135.545061928885 119.026491947663 207.10710144043 196.799654753312 161.91569519043 0 165.288167953491
44.2774035967494 37.423620050575 28.9903099143572 19.5447781193234 23.4910491273732 12.8048139522842 57.5106773082616 53.7848002865162 61.7481034018777 42.3968088831308 38.0131230955049 21.1384490266264 96.0076700846354 0 166.377868652344 131.141461690267 143.51021270752 131.618755340576 124.816246619591 177.262420654297 98.0298574028945 108.906432483213 116.115542602539 159.879180908203 105.359688038134 138.357284545898 146.016654332479 115.195777893066 71.7130547970702 42.6122845458077 34.215820080678 19.9405523788044 35.9065461717043 66.6167411804199 0 0 131.612984657288 88.5886556130868 117.944385528564 125.844724019368 92.3770850820934 184.479263305664 172.486410701976 92.1579604515663 113.393978118896 137.052431206954 112.705545334589 174.553033447266 154.895100184849 201.507049560547 175.952312693876 169.57464196547 131.683130629519 110.779056908304 133.474481435922 112.364721093859 74.7160155526523 57.8690547943115 174.332466125488 0 161.244137034697 181.782158261254 168.702607588335 159.28754764133 159.724399248759 142.319386291504 98.6719229888916 143.776605606079 162.192940606011 186.193029067096 173.822301864624 54.2285698789506 73.2779191229954 100.224717417071 97.1654367446899 171.839245605469 81.3821785185072 73.3967018127441 69.989167491345 153.777984619141 191.728701469226 177.344467163086 126.368929100037 110.840078996119 107.306282418264 97.0443045756022 102.753607921111 183.940642700195 187.35333404541 179.952421188354 147.711632995605 141.41611122285 173.463576467414 186.067710876465 178.516596476237 31.6796056626831 61.2894980819137 76.7317428762262 93.9322585717445 108.697992244237 168.940156809489 159.738282585144 163.461367596155 164.082289401616 166.688699631464 157.066349302949 157.509428405762 121.318539937337 154.415524882655 124.322462122149 140.343994605023 151.733115497388 0 0 191.095169067383 0 137.626605987549 0 188.774841308594 202.037704467773 154.027681350708 171.105834960938 0 170.001871948242 187.800184983474 170.598823547363 157.194780349731 0 0 0 161.34311907632 168.552947998047 140.487722462621 145.256342349666 0 155.225332561292 200.378982543945 0 142.563151550293 146.272445678711 0 154.638603210449 0 188.273352486747 178.554121436142 0 204.264091491699 0 135.80974260966 0 185.838902791341 0 0 216.41921081543 0 208.702651977539 216.138105119978 222.15066746303 196.121597290039 0 209.212564321665 200.049021402995 0 217.833262125651 142.418039321899 0 0 0 0 145.005386352539 184.413166543712 168.100852517521 150.178112030029 155.468215942383 0 199.176635742188 238.533983866374 0 224.707641601562 197.885696411133 136.878928731884 141.686977451131 111.75290077611 139.921245574951 190.61954498291 132.046834407709 202.448806762695 178.701965332031 236.316802978516 190.606267293294 209.226509941949 221.984603881836 240.231552124023 139.417219490841 115.913651954471 191.619241714478 185.109234978171 199.065622965495 146.91877746582 165.419369288853
34.7393976784211 58.019017112133 57.6328745729783 62.2135164713122 59.1595174096138 57.5106773082616 18.1339855528746 26.8560823368797 17.1712372251846 43.2162551863532 77.4903215350527 75.5570432539466 129.168140411377 121.997003173828 112.286440531413 126.501426696777 112.911599053277 143.339709195224 149.040781194513 114.731001281738 122.940637207031 134.242342376709 138.111089070638 174.788345336914 118.315272194999 137.638580322266 147.215359279088 118.091811732242 30.6563193655485 47.6584296552373 61.6092547471611 71.6597843170166 84.1935638548836 95.5977439880371 144.12935256958 0 109.33442264133 111.361103057861 120.908128004808 129.644733428955 102.540836426149 147.334459940592 188.956316266741 89.515998840332 183.42861366272 153.032351175944 143.820783996582 164.948258011429 151.664624532064 173.563166300456 154.512265886579 141.034059847318 81.8046605134985 62.1164450014419 98.7267564642366 93.2434364103935 93.7162883758545 89.8455893198649 122.375651041667 118.184028625488 141.419171142578 174.40756550241 158.984426161822 158.391967773438 143.094681024551 104.518699645996 111.109911643853 107.391086578369 142.328857727051 160.478123591496 174.626310348511 90.4050458710769 104.72146023837 114.947682698568 88.3864546383128 160.846652730306 85.0346868133545 103.400413513184 96.9288074493408 154.35697479248 166.765513441298 156.259004592896 100.908343584671 103.159687850055 119.447760264079 117.792879740397 102.673579406738 176.621898106166 192.349452972412 179.934036254883 161.540072631836 113.021314029036 154.948796953474 178.1025390625 182.911665344238 70.6570120090392 51.4543549596927 26.3198030968621 115.142484204522 83.7779712677002 152.949076200786 166.160087585449 170.041193389893 167.223999686863 190.903991699219 159.976640031144 170.722290039062 127.705696105957 152.180792672294 125.62441140634 142.942947782319 159.047138759068 0 188.605621337891 0 0 146.218536376953 0 199.719345092773 0 160.353820800781 168.840850830078 0 177.351778666178 199.064592997233 0 168.65892791748 0 0 0 174.063674926758 0 153.769575064523 158.19383898985 0 151.991795349121 189.442642211914 0 170.508289882115 164.854080200195 0 165.076644897461 0 0 182.871982150608 234.377807617188 0 0 194.617256164551 198.385566711426 183.597981770833 0 0 203.882270812988 0 0 0 221.536407470703 187.429840087891 0 221.879722595215 205.980304294162 0 237.938552856445 143.223733520508 0 0 186.629776000977 0 0 206.683053721552 183.404168701172 127.668617248535 0 245.423545837402 0 0 248.312789916992 213.459543863932 201.6142578125 151.012079874674 153.942749023438 119.517864227295 148.448913574219 208.838053385417 140.82734650832 0 0 246.691314697266 192.902603149414 211.093141174316 244.870803833008 239.173156738281 157.813955307007 127.216816220965 178.951187133789 206.466716766357 0 0 161.780960083008
25.6351275991565 61.1261454451508 21.1620287341423 46.3148738609816 78.589952605864 53.7848002865162 26.8560823368797 13.6473073172477 12.2384430804172 15.2189776214938 58.5992630969037 49.7125963006648 0 0 129.987223307292 171.917167663574 175.260765075684 158.751346588135 0 144.299412536621 145.939033508301 176.958343505859 0 188.573104858398 141.722158704485 0 166.562296549479 155.928025817871 81.2581741095161 66.062943476897 103.24897866022 88.6863412039621 107.992360142299 95.4174995422363 0 0 0 155.861995697021 159.773278130425 156.645202636719 93.2434482788772 174.584148406982 142.455627441406 134.367340087891 195.679290771484 0 199.696281433105 178.170952933175 145.236539459229 185.337137858073 157.131597584692 156.422961608223 102.298595784074 85.3077526583391 112.806614403586 98.2384787008796 109.397167371667 123.406187693278 0 0 199.404741923014 192.018902248806 197.495409647624 165.68157043457 183.573663330078 189.071739196777 97.5792107520165 159.290771484375 178.29531028054 169.721311781141 175.931448364258 110.231036846454 147.126218557358 131.095371593129 149.8523142888 170.46070098877 121.450412056663 214.764892578125 125.562786695692 164.103500366211 177.172926403227 163.85773340861 113.446484223413 101.742051706081 114.8186468851 111.644954279849 159.265431722005 183.783569335938 188.475446065267 177.382095336914 201.614038085937 129.488327538789 166.979986893503 166.771336873372 194.037907918294 110.010617528643 54.0423754065536 43.01360689687 138.797555541992 123.3099609375 153.012235514323 173.909042358398 159.638891220093 163.905277452971 164.109420776367 161.224619351901 135.390330723354 105.802582702637 145.354426869175 117.478289629962 138.957555135091 153.150565338135 192.524383544922 0 0 0 174.611465454102 0 0 0 211.446441650391 173.518676757812 0 220.572885131836 192.537734985352 215.734146118164 166.537185668945 225.363594055176 0 0 182.349462890625 0 160.21835369534 171.806206910507 0 155.707656860352 0 0 186.209600830078 218.693458557129 0 0 0 209.370529174805 191.961603800456 240.059951782227 0 0 194.132751464844 0 176.058837890625 237.604888916016 0 0 0 0 177.345886230469 215.551635742188 179.348220825195 214.641174316406 189.971313476562 219.352180480957 0 161.88166809082 164.296451568604 0 0 233.016998291016 0 0 192.855084228516 182.938133239746 0 0 0 215.617462158203 204.472320556641 0 0 0 148.234183334723 165.432103157043 136.559897104899 0 236.975601196289 159.515286763509 221.976501464844 0 220.635837554932 187.685241699219 228.525680541992 231.231803894043 0 149.547988891602 112.740062713623 134.153415679932 233.449625651042 0 0 185.295455932617
54.8901328200814 68.4030164082845 58.3230144864037 64.5730679829915 79.7885465207307 61.7481034018777 17.1712372251846 12.2384430804172 5.03083952553201 14.4572556536969 44.5220838466161 74.5236430697971 80.2371150425502 0 0 0 0 0 115.621322631836 0 92.5923350016276 91.883936882019 89.0373878479004 134.5595703125 83.3131245204381 0 0 0 72.5198204642848 63.8693180790654 102.238100263808 72.9318055046929 72.4224322775136 0 0 0 0 132.222105026245 0 0 89.6733389960395 0 146.23664855957 114.422782897949 96.0680230871424 117.361311340332 107.617426554362 163.517206827799 159.972061157227 114.153850361452 148.089782714844 155.530331420898 59.8530707095267 59.008827104481 96.0142160303452 91.0053310394287 109.899314880371 56.584342956543 0 151.385818481445 157.938896179199 178.783538818359 132.228065490723 182.59814453125 114.302093505859 100.584487915039 94.8829176766532 0 151.720123291016 166.526463826497 151.611889648438 56.6281378462508 74.1156873201069 42.7368963786534 71.8815071105957 107.63410949707 36.8108241903873 48.9907262465533 64.2616718779219 142.538478851318 171.436511993408 122.421769665134 105.169625176324 103.326568603516 112.621565137591 97.9971793038504 109.75336710612 149.55907528217 138.498794987517 120.616426696777 124.858894065574 118.46146996816 144.15416208903 166.98078918457 173.932550048828 74.3375314985003 18.8793897331551 24.7494672444313 111.087280273438 103.392211914062 125.648558349609 109.886169433594 125.45513313695 119.018381006577 116.780738830566 122.930239710315 107.408687591553 73.9228454097625 115.662763351049 84.2494571859186 100.782758939064 118.423968228427 0 0 0 0 0 0 0 0 145.625938415527 0 0 171.727340698242 163.200637817383 0 0 0 0 0 161.441038131714 0 0 129.477393627167 0 144.090732574463 0 0 106.565658569336 115.189193725586 0 0 154.761322021484 0 208.826293945312 184.657135009766 0 0 113.439979553223 139.704330444336 0 0 0 0 0 162.694255828857 214.74137878418 0 209.754155476888 0 184.336906433105 171.315505981445 0 0 0 0 157.696575164795 159.506286621094 200.006057739258 93.8077621459961 0 177.124359130859 0 0 234.336288452148 143.651607513428 229.707916259766 195.52214050293 155.841456821987 135.348415374756 107.851504516602 127.854927062988 101.505052185059 0 155.37287902832 84.0684652328491 0 239.942611694336 215.104821777344 159.768447875977 228.68798828125 194.163631439209 198.359020233154 116.362957000732 73.0682576497396 101.626323699951 165.955879211426 0 0 0
36.8592326501897 49.4867653253375 27.1072773236495 48.9451309167422 67.0904371812609 42.3968088831308 43.2162551863532 15.2189776214938 14.4572556536969 13.6033070766119 17.7695570115784 21.321280966552 168.49040222168 118.886287689209 160.607095718384 182.200291951497 120.786187489827 166.312044416155 190.32016645159 137.196716308594 103.499184781855 122.986044130827 136.106153488159 186.714379882812 137.386086671249 187.548675537109 169.426049550374 166.210322062174 66.261337607005 55.9877942644785 88.8288216345089 79.4533843287715 73.9175521336245 236.738647460938 0 0 158.711129324777 146.333281667609 167.514021873474 105.943996429443 82.0700645143221 109.976092020671 170.032095067641 139.257161140442 165.091662597656 149.452000935872 153.267448425293 169.362064906529 126.592962864467 165.699531555176 136.596565628052 144.594539162642 94.9812755251763 89.4774378471249 107.960297233974 95.4144880709441 75.9390506744385 107.737206776937 157.274856567383 0 164.78370836046 180.877107543945 185.51731040261 178.042805989583 165.598719278971 174.02541809082 79.1765543379874 149.210262298584 172.465286841759 164.470771280924 157.071301937103 51.6578018535776 149.498720505658 129.293998054836 140.3196265572 157.555908203125 56.1356188626897 86.0066070556641 72.0620018237204 150.502258300781 168.614223212953 150.898064931234 106.104130741941 95.3448234569897 93.9761855474932 97.7302429786095 139.539950722142 173.966884040833 170.268025716146 158.465984344482 154.018310546875 125.481112065337 156.546987867355 153.393241882324 165.756052970886 107.734250881054 24.8120600243348 51.6047256637826 108.089567993626 107.49213344029 136.732499293365 140.751680978915 138.101087123612 138.395450060809 142.721937956633 131.367879737607 125.747323974609 90.1833527898439 117.3122551324 96.0765995122455 97.6821237187036 120.832361925079 0 180.116012573242 0 0 0 145.279998779297 0 183.543299357096 199.234954833984 180.993709564209 118.877166748047 182.909638429299 163.283026845832 151.149993896484 160.063789954552 182.875961303711 0 201.396591186523 137.893799664223 208.211250305176 122.492037820976 126.583777967706 148.817825317383 145.795346941267 0 0 141.644033643934 164.81199319022 0 158.33270072937 0 176.935316198012 165.825485076904 216.298263549805 145.947525024414 0 173.637086868286 177.036646525065 184.463671366374 223.522300720215 214.545779418945 190.78596169608 208.502822875977 187.918824768066 203.567012023926 207.029590606689 190.880796160017 227.908748081752 194.081905951867 187.213237986845 163.966888427734 186.470912586559 138.218353271484 0 0 246.277008056641 0 125.193570454915 180.371375584366 158.46185649525 137.132907867432 167.784103393555 216.736368815104 214.827891031901 229.365970611572 219.983220418294 225.625686645508 191.689427693685 112.865810891354 130.188341325329 84.503502038809 0 215.861968994141 114.498009785567 184.789010620117 143.398442586263 209.540376746136 185.529169718424 198.35037689209 211.789722442627 208.428974151611 129.486000682032 91.0159409278567 147.256880078997 195.680905151367 204.000927734375 121.145160675049 145.718752034505
63.7323547893802 56.5502689699583 42.3331344066101 47.8290003651865 48.0293982194445 38.0131230955049 77.4903215350527 58.5992630969037 44.5220838466161 17.7695570115784 7.21358692742825 16.5016951960145 81.0545349121094 0 133.76815032959 128.932601928711 158.635589599609 0 147.568801879883 154.771362304688 98.765188126337 106.860057130152 82.623779296875 136.049377441406 95.8327730539683 163.894401550293 0 147.923901875814 92.4543836767023 69.2365557352702 65.029236831665 52.4203867545495 57.6098259357696 206.126907348633 0 0 0 119.667795817057 144.302795410156 0 82.9135528564453 180.418563842773 172.464012145996 159.640200297038 97.1744049072266 111.739440917969 128.486879984538 206.191917419434 118.804016113281 0 188.054679870605 181.989265441895 105.780696811961 105.552677277596 131.285550044133 111.493687173595 92.9003427678888 83.3716926574707 113.825691223145 0 152.139450073242 164.181579589844 198.793434143066 157.960424423218 165.176622009277 0 89.6936992229802 0 218.279388427734 185.584655761719 177.907836914062 30.4156485076122 137.600304985046 80.0601886113485 146.191175842285 0 49.8221162350972 0 52.4687844779275 171.568603515625 191.700453186035 195.388442993164 124.80192106198 107.690485636393 102.614848878649 91.8681329367817 92.7082246633676 197.755126953125 189.668983459473 118.822681427002 151.477651596069 143.584153039115 187.911836624146 0 183.556100463867 61.6273970970741 26.8183319768844 73.7773007454632 92.6383950905722 116.168310377333 145.02044691606 141.489828470591 143.564144175289 143.571485570564 146.158052481857 136.397520302474 134.03351243337 96.4280406464922 132.620298845054 102.610599337942 119.051799085172 131.253693057121 0 0 157.997169494629 0 0 0 193.355697631836 204.87055460612 132.924137115479 163.895751953125 137.287414550781 162.692433212743 166.017350090875 180.317123413086 139.011004130046 0 0 0 139.77236993762 142.789554595947 123.145411570867 127.328098598746 0 132.303893349387 0 0 120.747096721943 143.187465667725 209.388092041016 140.187666320801 0 172.318623860677 165.369856636479 228.177383422852 132.621391296387 0 132.292524973551 186.291320800781 158.571266174316 0 242.690795898438 189.152924757737 0 138.327545166016 213.805514017741 210.720589270959 201.798568725586 241.804191589355 193.450827026367 187.087007904053 195.112228393555 196.476203918457 118.849333311382 141.758514404297 172.038345336914 246.763534545898 0 122.002798080444 177.830400254991 159.71900859632 147.952624003092 224.725875854492 0 0 231.451685587565 231.18968963623 219.338424682617 181.297607421875 116.296507704372 121.146476624504 83.3187582833426 129.296844482422 0 110.107506320008 0 149.093358357747 230.776082356771 170.287840270996 191.762912750244 182.525848388672 227.308680216471 126.76921117446 95.7770063990916 183.759805297852 179.058059692383 181.035466512044 156.994125366211 146.456988247958
53.6372664383693 52.414252678349 21.1741075090114 30.154031879211 50.6619876041005 21.1384490266264 75.5570432539466 49.7125963006648 74.5236430697971 21.321280966552 16.5016951960145 12.0267292392968 91.1952133178711 167.651931762695 147.875457763672 205.92081451416 183.53263092041 164.88417561849 134.157135009766 86.9645462036133 101.370967754017 109.543289007143 110.717511263761 153.742311477661 109.250019148284 131.089805603027 151.497172546387 132.972663243612 94.9453134314017 66.4128875593957 64.5476951936705 40.1168033318771 29.192185354074 156.011932373047 112.708763122559 0 113.665794372559 121.266309911555 145.430268721147 172.783742904663 97.1866363450593 129.857833862305 178.4042040507 108.100592041016 128.370282491048 167.60696105957 129.803062438965 177.496867370605 160.699583507719 192.288055419922 174.981925515568 179.944498596191 132.461747219688 120.763014567647 141.498890013922 120.317677348649 98.6729331888178 117.274142837524 98.2444076538086 0 190.171239852905 193.611800130208 193.598050324813 146.633407592773 163.100454330444 211.637451171875 100.348887251549 145.915311813354 154.324278744784 193.886475626628 194.80472056071 41.4337178996957 123.682362341112 102.563494300842 151.269093764456 168.388282775879 81.4997265027917 149.436492919922 65.8959664333655 178.154115949358 197.986439580503 188.890538533529 134.977554409287 116.961650187809 112.67621880785 102.375099434501 106.567126872928 203.496626354399 205.679693603516 210.457824707031 170.665427071708 156.842601598695 186.76474931505 193.054546780056 191.590739658901 55.84438097442 50.5275217520758 90.5370537086769 97.2465271662517 109.78077413075 165.855022762133 159.815269394676 164.2618489044 163.845166968639 164.422938802968 157.126618725515 158.368134260178 120.621851550208 153.08381590195 123.455983479818 139.811821768163 150.538987379808 225.503173828125 0 0 127.544929504395 172.65119934082 156.383819580078 196.125579833984 218.708709716797 144.71146774292 189.111933390299 140.376106262207 168.754992781014 170.459790459995 0 172.041855445275 0 0 0 156.98961352585 182.143043518066 139.371312606142 144.672984034426 0 153.986022753593 0 0 154.212047742761 166.201526641846 220.494445800781 150.083471679688 0 200.549072901408 175.658276714856 0 163.901329040527 119.466377258301 153.607481214735 209.753946940104 195.599904378255 0 0 204.064908027649 220.023010253906 171.49153137207 228.643709182739 227.417001577524 236.788879394531 242.246597290039 203.795399846257 201.741848063919 188.704503377279 217.081292724609 139.932149032067 167.907287597656 225.892501831055 0 0 132.990676879883 186.95506616966 171.492831477412 145.486245049371 157.130233764648 221.703063964844 222.639701843262 237.938214619954 0 233.342086791992 0 133.274323165154 133.085322516305 105.858360563006 0 185.747253417969 125.683800239068 184.023559570312 175.860432942708 235.260414123535 198.595872550175 203.178707122803 229.258010864258 235.392082214355 141.154071779179 116.607179775834 185.71927401894 186.48934833074 185.583970811632 189.703893025716 156.417633601597
0 0 0 0 110.193041992188 96.0076700846354 129.168140411377 0 80.2371150425502 168.49040222168 81.0545349121094 91.1952133178711 8.90838847804385 161.23779296875 121.104420979818 67.4736027526856 58.1021677652995 65.0939517507748 28.5168761817097 53.8361521532936 0 122.888656616211 78.0964775085449 68.7418961297898 103.290354410807 69.4311370849609 59.1979151364774 53.9559606629975 161.048671177455 0 106.047729492188 107.959976196289 101.296031951904 125.98169708252 88.8816108703613 0 63.4807319641113 68.6411084764323 45.5689779295957 61.565113067627 73.453111966451 51.2936000823975 73.2909417530847 25.7804437426835 11.782281514548 15.750113100505 0 114.53998405055 94.1040183173286 44.3082253138224 230.80647277832 96.4994964599609 151.050540924072 170.942588806152 149.647171020508 78.9861602783203 130.826370239258 129.950160980225 111.022613525391 0 97.2995214047639 111.357881069183 89.0085863113403 60.621367007494 51.7557500411053 18.5423648696149 165.645080566406 105.27819442749 75.0180898393903 116.825866699219 150.064563751221 72.4429863521031 65.9655936993166 26.9010111048075 105.154988606771 96.0848603248596 65.8515661168982 17.0588211283964 63.2408517873065 73.0821990966797 0 51.9466667175293 178.64677090115 181.488555908203 152.855491638184 139.029441833496 172.697662353516 101.615147781372 111.280198273835 47.0133037567139 47.0389929219296 105.681291103363 177.170505523682 102.864895629883 103.451238171808 107.738963656955 68.155205078125 104.829174586705 129.948944091797 105.965744018555 194.066009521484 183.320171356201 0 198.166076660156 164.194198608398 0 0 0 182.512588500977 177.773681640625 139.489440917969 160.635665893555 0 84.6226156826677 65.89484215111 101.957010904948 0 89.6853134155273 131.364303588867 73.9208105214437 117.454950554426 87.5220889802853 116.997354634603 196.85897064209 0 0 149.018630981445 100.375561736351 128.806222915649 94.8770210959695 181.367978777204 160.790634155273 140.406000773112 151.832596915109 0 121.724334716797 0 0 137.696296243107 126.458038330078 72.0796325726216 166.821685791016 82.0130500014947 92.5081024169922 157.033279418945 96.4489232843572 63.6517077519343 84.2020611233181 105.197573754095 76.6412421048754 161.037460327148 137.613515853882 125.657722473145 193.882339477539 0 89.2371222178141 114.797805786133 156.747116088867 0 0 175.569591522217 239.89778137207 0 151.87370300293 121.830164591471 0 75.6694372913294 89.3306452433268 78.486415336872 35.1177665951886 176.581192016602 169.577613830566 159.848083496094 147.93236541748 103.525210062663 83.0757398408035 152.938775634766 162.354873657227 78.5186348805385 82.2488492329915 175.998741149902 133.163005828857 49.4801209508156 162.187599182129 87.2354931907048 168.856608072917 0 59.7027053833008 157.80903116862 186.287292480469 0 129.805019725453 125.585325241089 130.374537150065 176.841720581055 0 0 0 0 0
136.410818099976 106.101608276367 111.525367736816 0 114.963621139526 0 121.997003173828 0 0 118.886287689209 0 167.651931762695 161.23779296875 16.595610538402 17.6815222454001 46.0388567163626 29.5392490259635 85.429669120095 78.9691058044434 57.2081792143737 84.5397858730582 78.8089000913832 57.7859275981944 70.1097662622208 90.0777109931497 57.3354742025074 49.2312624771572 41.9898348145284 106.475228939416 98.7383623990146 75.047295738669 81.7769082876352 69.7596458955245 50.4533255889167 25.6895329881758 18.7437176664251 43.7014492713641 56.2850983132678 68.6943829737672 44.9960719099669 74.9735768636068 72.7832557276676 78.0500412502804 56.0667689641317 128.248222351074 134.705258178711 34.7921680067525 107.120624542236 98.9185224260603 0 180.998306274414 168.142700195312 139.983825683594 149.613699595133 142.950452423096 140.911907196045 99.6003412519183 40.9535976156356 24.4700113604209 26.48523293057 110.879705701556 126.855246323806 91.6524956443093 68.6732031463817 71.9083898067474 94.5975646972656 137.569400787354 48.852914074634 96.6215449639086 127.711124420166 184.452041625977 169.892070770264 93.8102671974584 51.3930548242776 62.586448102384 123.872978210449 185.573097229004 56.2189648946126 98.9608827070756 0 178.471519470215 0 136.316106713336 133.368598937988 116.001131330218 137.443682861328 69.4453344345093 174.975204467773 128.071640014648 127.076095581055 134.950367927551 126.608854120428 223.798431396484 0 95.9454095628526 71.9512455232682 106.264915466309 100.160489218576 114.163391113281 82.2589153876671 0 192.791572570801 183.813003540039 239.901306152344 152.50569152832 181.071601867676 0 130.179298400879 0 0 0 165.680994669596 118.439914356578 111.401835441589 112.940230629661 109.922837666103 107.981635062925 103.717962194372 106.643841415155 122.212534304018 117.862698993167 115.683083833154 105.93222194042 121.442625779372 134.767346101649 110.475274892954 107.174397295172 143.117518663406 128.625208536784 125.830310115108 166.513148716518 0 144.596171569824 137.354570388794 101.843443128798 124.458739929199 117.779016373005 108.372408185686 117.169173736572 116.304438564947 121.793074035645 120.000583830334 143.670583724976 175.31005859375 128.833125523158 158.093725840251 0 0 99.6569665762094 142.812155587333 119.773845020093 185.021095275879 200.156173706055 0 147.057418823242 0 203.031341552734 192.815940856934 0 0 175.849572753906 164.268621826172 164.093368530273 242.763961791992 0 117.740089699074 0 144.846837582796 199.609352111816 0 160.220689253374 150.071657180786 0 120.734512097908 176.79337310791 152.171071370443 204.306518554688 171.331420898438 147.988800048828 209.248718261719 134.327778742864 109.020168021873 66.8014878493089 0 216.326248168945 98.355982535226 0 0 238.5966796875 151.157369486491 186.582008361816 218.997772216797 185.489398193359 161.69059753418 106.987904598838 134.226409912109 151.478517744276 130.633164978027 153.821624755859 130.429368591309
