33117 9270 7589 5018 2414 1194 8802 9226 30 276 24 554 2 0 0 2 0 0 0 0 266 41 8 4 33 1 9 6 5252 18077 276 2 2 7 2 0 3 7 3 8 2368 6 7 0 1 0 4 5 34 3 36 65 676 524 320 509 134 4 2 1 4 23 1 5 1 2 198 5 2 37 30 5 2 17 33 5 6 0 0 1 64 3 1229 857 1678 256 15 14 24 4 7 208 60 27 48 134 41 1015 28 11 1 0 68 32 0 34 3 1 11 8 68 27 0 0 0 0 0 0 0 0 1 0 1 8 6 0 0 2 0 0 0 0 11 21 0 15 0 0 8 10 1 0 0 5 33 0 0 0 0 0 2 1 1 2 0 0 2 1 1 2 5 4 2 5 1 0 1 1 0 0 10 6 1 0 0 0 3 4 2 0 41 9 8 3 0 44 4 0 4 0 8 1 2 1 26 4 5 0 0 0
9270 3695 1178 9614 1101 256 65 151 26 27 8 149 0 0 0 0 0 0 0 0 315 82 4 2 12 0 4 4 372 1539 160 1 2 2 0 0 2 2 3 4 1073 1 3 0 0 0 5 1 8 0 6 7 121 70 42 153 75 0 0 0 1 0 1 3 2 0 177 4 2 5 7 0 2 26 11 0 5 1 0 0 10 0 250 290 935 207 10 1 4 0 0 39 12 11 8 9 51 59 27 7 8 2 202 123 9 126 4 2 41 16 171 100 0 0 0 0 1 0 0 0 0 1 0 19 10 0 2 0 0 0 12 0 27 32 0 17 0 0 11 8 0 0 0 12 69 1 1 0 1 1 0 0 0 7 0 2 0 0 0 0 7 9 5 23 3 0 0 0 0 0 21 8 0 0 0 0 0 0 1 0 131 29 23 4 0 66 0 0 0 3 29 1 0 5 66 16 12 2 0 2
7589 1178 10002 6758 579 3481 850 5498 242 5565 164 13384 0 3 0 6 0 2 2 1 926 444 19 16 88 1 10 7 672 1316 222 3 2 5 0 0 6 14 6 27 2311 7 15 0 7 1 10 4 32 8 57 74 465 253 266 447 79 4 0 0 6 18 6 13 4 2 287 11 1 41 27 8 9 60 35 4 34 1 3 1 71 7 1129 787 2334 417 36 16 24 4 11 226 72 41 58 73 485 504 109 20 36 12 1229 716 40 807 29 43 294 174 1199 583 3 1 0 0 0 2 0 0 1 2 0 67 65 4 5 0 1 1 58 0 193 119 1 86 1 0 18 36 3 6 0 50 272 4 2 2 4 4 7 1 2 22 1 4 5 10 2 4 65 43 26 120 11 0 1 2 0 2 101 43 7 6 0 1 8 1 5 0 630 92 76 17 1 416 4 1 11 15 108 4 5 21 375 63 79 7 0 9
5018 9614 6758 17572 8733 5367 132 299 48 96 34 2773 0 1 0 2 0 0 0 3 1037 481 20 6 88 2 9 8 838 4514 1054 5 4 4 1 0 2 9 1 14 1282 1 9 0 1 0 5 0 9 1 13 19 163 162 69 229 349 2 1 1 5 2 2 11 2 1 376 11 3 7 4 4 6 34 33 0 18 0 2 1 13 2 405 507 1829 447 19 3 5 2 3 54 12 5 20 55 208 143 95 12 14 7 508 326 24 306 16 11 115 56 500 243 0 0 1 0 2 0 0 0 0 0 2 27 27 2 2 0 1 0 24 0 96 80 2 38 0 0 15 20 0 3 0 19 130 3 4 0 2 1 5 0 2 13 0 2 3 4 1 0 18 16 7 59 7 1 0 0 1 0 50 22 4 3 0 2 4 1 4 0 286 46 48 7 0 200 2 1 1 8 64 1 6 11 151 33 35 1 0 2
2414 1101 579 8733 19603 10391 335 469 24 92 27 1937 0 1 1 9 0 6 3 2 529 439 21 5 71 3 11 7 4763 7530 11605 76 133 50 1 1 8 31 4 11 910 6 12 3 2 1 15 0 10 7 21 21 367 349 130 211 3716 11 3 3 1 6 2 13 6 0 1119 18 5 19 9 192 32 38 65 2 112 1 18 1 33 0 601 746 1409 424 31 8 10 1 1 98 29 16 25 720 115 445 116 52 3 1 31 20 3 25 2 3 3 9 29 20 5 2 1 2 1 1 0 0 0 0 1 6 6 1 4 0 0 2 2 0 4 22 3 16 2 1 12 19 0 2 0 4 13 0 0 0 1 3 4 0 2 1 0 0 0 0 2 0 3 0 0 7 2 0 0 0 0 0 5 2 1 1 2 1 0 0 1 0 32 18 13 4 0 24 0 0 4 1 6 1 0 0 10 3 9 0 0 4
1194 256 3481 5367 10391 12264 398 330 127 240 210 14890 0 5 0 5 0 7 5 4 1545 2223 85 15 189 8 32 19 3049 3148 4291 1596 830 104 2 1 12 24 5 29 1334 5 21 4 8 3 33 5 10 3 20 23 359 311 121 211 1158 30 3 1 3 9 3 15 8 0 1109 26 4 10 8 882 119 125 141 2 707 4 79 0 22 2 610 1011 2346 948 50 9 7 6 7 63 18 11 36 1120 755 428 315 30 14 1 270 152 13 183 2 9 60 43 253 145 8 1 0 1 5 2 0 1 5 3 0 39 34 3 9 0 0 1 17 0 55 75 6 66 1 0 41 45 1 3 0 8 105 0 2 1 2 6 6 0 0 7 1 2 2 7 0 1 16 12 6 22 3 0 0 1 0 0 40 17 1 5 0 1 3 2 2 0 182 50 42 12 0 119 4 1 2 13 30 0 1 9 100 16 29 4 0 2
8802 65 850 132 335 398 8057 12911 2048 4084 1291 1063 2 0 0 1 0 1 0 1 27 76 16 2 13 1 3 4 3151 1233 96 16 20 4 0 0 3 3 0 1 231 3 10 4 28 3 8 4 26 38 28 51 1055 628 482 152 61 9 0 0 1 13 5 0 2 6 47 16 2 13 14 79 4 44 27 1 94 8 7 2 57 11 924 509 379 41 9 20 15 10 26 145 31 20 41 108 1575 4400 14 5 2 0 33 21 1 38 2 1 12 14 62 18 2 0 0 1 1 0 0 0 0 0 1 3 6 0 0 0 0 0 0 0 5 7 0 4 0 0 7 7 1 0 0 1 3 0 0 0 0 1 0 0 3 0 0 0 1 1 2 2 1 1 0 1 1 0 0 2 0 0 2 0 0 0 0 0 1 2 3 1 16 9 7 1 0 7 3 0 9 3 4 1 2 0 19 1 0 1 0 0
9226 151 5498 299 469 330 12911 30538 1659 12627 1055 1383 0 0 1 3 0 1 0 0 72 46 5 5 27 0 5 2 1235 1812 74 8 1 3 2 0 3 2 2 9 1695 5 18 0 13 2 5 3 49 13 68 132 1449 684 679 601 39 0 0 0 6 35 3 4 3 8 109 5 8 51 47 21 3 25 28 13 30 4 1 5 126 8 2048 931 1269 102 6 28 45 6 17 348 116 60 86 76 380 2223 17 7 0 1 44 30 1 44 6 2 23 20 100 32 0 0 0 0 3 0 0 0 0 1 0 1 1 0 0 0 0 0 1 0 7 9 0 6 0 0 5 9 0 0 0 1 13 0 1 0 0 0 1 0 0 1 0 1 1 0 2 4 1 1 1 4 1 0 0 2 0 0 0 1 0 0 0 0 1 5 2 0 17 10 3 0 0 6 1 2 8 0 1 1 1 2 17 3 3 0 0 0
30 26 242 48 24 127 2048 1659 2587 4205 1348 1109 8 0 0 0 0 0 5 0 46 213 38 0 15 0 2 1 47 14 6 48 44 3 0 0 2 4 0 1 62 2 8 5 147 20 11 8 7 108 3 5 265 64 70 19 5 14 1 0 8 6 4 1 0 35 14 23 1 5 11 183 13 154 48 16 321 38 19 9 15 40 83 45 47 14 10 58 52 57 98 13 1 2 23 128 4381 1751 13 0 1 0 20 10 0 19 2 2 5 7 25 5 0 0 0 1 2 0 1 0 0 0 0 12 8 1 1 0 0 1 0 0 5 21 1 12 1 0 15 10 1 1 1 1 3 1 1 0 0 1 2 0 4 0 0 1 3 2 1 0 0 1 0 0 1 1 0 7 2 0 4 4 0 2 5 0 0 1 4 4 17 24 12 2 4 18 0 0 5 1 3 11 4 2 11 2 4 0 0 3
276 27 5565 96 92 240 4084 12627 4205 27259 7053 18145 1 1 0 1 0 1 1 0 67 137 13 0 15 1 1 3 233 132 33 23 12 3 0 0 0 3 1 2 391 1 8 1 23 2 1 1 21 18 29 33 619 243 280 162 12 2 0 0 2 14 5 1 0 9 41 7 1 19 17 62 3 53 15 3 116 10 5 3 52 11 712 329 365 47 4 11 22 10 22 129 43 26 33 51 6103 1845 11 1 9 3 415 228 9 348 19 21 144 123 455 197 0 0 0 0 0 0 0 0 0 0 0 4 7 0 1 1 0 0 11 0 41 21 0 15 0 0 6 6 0 1 0 4 48 0 5 0 0 3 1 1 3 4 0 2 4 2 2 1 7 7 4 23 2 0 0 1 0 0 9 4 0 1 1 1 1 4 5 0 107 10 21 0 2 75 2 0 10 0 12 2 3 5 175 25 8 4 0 0
24 8 164 34 27 210 1291 1055 1348 7053 4306 5368 1 1 1 0 1 1 0 2 138 389 29 2 16 1 4 0 45 11 10 110 140 3 0 0 0 5 0 7 99 1 0 2 18 2 1 0 2 6 2 1 135 37 52 9 4 5 1 0 3 0 0 0 0 0 16 5 0 2 3 527 16 59 21 0 1194 6 13 1 5 0 87 43 97 30 4 2 7 3 6 5 4 3 2 301 7258 833 32 1 19 8 468 305 17 391 19 27 152 130 619 262 0 0 0 0 2 0 0 0 1 1 0 19 24 1 4 0 0 1 17 0 86 50 0 28 1 0 2 15 0 0 0 20 79 0 1 0 1 2 1 0 0 6 0 2 1 7 0 2 24 11 11 33 2 0 0 0 1 1 30 15 3 1 2 0 3 1 1 1 258 44 53 2 0 161 2 0 2 6 31 5 3 9 239 22 20 0 0 2
554 149 13384 2773 1937 14890 1063 1383 1109 18145 5368 25350 1 3 1 8 3 9 14 6 1632 3247 176 16 258 13 19 7 1056 1195 1032 3650 3380 316 7 0 13 38 2 27 1179 6 16 13 13 10 38 5 9 13 2 15 307 185 94 142 385 144 6 5 5 4 6 16 7 5 703 31 4 5 4 2114 437 235 498 4 2601 11 129 0 14 2 385 566 1804 762 42 4 8 8 22 43 10 8 15 3831 6398 1047 387 18 54 18 1498 888 66 1167 42 65 365 296 1679 803 12 2 1 7 12 3 2 1 8 4 5 113 98 10 17 1 1 1 57 1 284 248 3 157 1 0 58 90 4 15 0 51 352 4 5 1 5 7 16 0 1 19 4 7 2 14 1 0 69 52 26 156 9 1 0 3 2 0 144 59 11 12 0 3 11 3 16 0 856 160 165 31 0 578 0 1 8 28 135 8 5 54 735 98 129 13 0 12
2 0 0 0 0 0 2 0 8 1 1 1 2155 0 0 4 6 18 6741 37 2 3 1 3 2 0 3 9 0 0 0 1 16 2 0 0 2 345 7 0 23 4 45 2500 5466 1728 1 21 16 444 0 2 0 0 1 0 0 0 0 0 12 15 22 4 6 1688 4 2 15 4 7 118 283 271 6 24 211 137 440 3 25 26 1 1 1 1 0 63 161 220 372 3 1 0 59 7 45 5 0 0 0 0 0 0 1 0 0 0 0 0 0 0 2 8 190 4 3 23 4 404 12 467 6 1 0 1 0 3 0 34 2 2 0 2 1 4 0 0 5 10 199 0 95 1 2 13 13 6 17 751 2 8 35 0 0 8 4 0 2 3 0 0 0 0 3 0 57 42 26 211 3 2 1 1 52 80 4 11 107 15 1 4 44 4 41 3 3 17 20 0 0 65 28 5 1 0 0 0 0 1
0 0 3 1 1 5 0 0 0 1 1 3 0 8759 4920 1571 419 291 41 297 13 20 150 120 20 7 1976 1740 25 1 5 2 3 375 4502 2747 2575 125 161 489 496 29 80 3 3 16 562 6 12 1 0 2 10 11 5 5 67 311 1255 287 39 12 50 89 244 3 151 1332 129 5 0 1 5 226 203 9 2 0 3 0 1 0 11 27 16 23 90 0 11 1 24 10 1 4 40 17 2 2 16 4 0 0 2 2 0 0 0 1 0 0 2 2 498 63 10 371 106 152 195 49 542 479 524 13 26 8 56 26 6 153 4 3 1 47 7 42 73 43 202 309 12 78 11 1 12 26 1 0 96 55 49 2 1 0 0 1 0 0 0 0 1 2 0 0 2 15 7 41 2 3 13 19 3 34 2 7 1 0 15 1 11 59 108 9 0 26 1 0 0 5 4 2 6 4 1 1 7 3 2 2
0 0 0 0 1 0 0 1 0 0 1 1 0 4920 16297 13467 1113 2940 515 1298 11 23 196 95 8 7 1372 4259 29 0 1 0 1 70 837 534 512 327 425 151 833 43 89 4 0 43 40 25 11 0 1 0 6 5 3 4 25 65 34 17 68 23 80 67 392 0 85 104 359 1 2 1 4 195 75 17 3 0 0 0 0 0 5 10 3 10 16 2 13 2 31 5 0 3 67 14 2 2 8 2 0 0 1 0 0 0 0 0 0 0 0 0 190 40 15 145 27 236 84 116 335 773 296 6 3 1 8 12 1 105 1 2 0 12 1 15 25 6 67 110 53 14 22 0 1 7 3 2 53 102 6 2 2 0 0 0 0 0 0 0 0 0 0 0 1 4 8 32 4 4 2 7 5 5 8 14 0 0 21 2 2 28 78 1 2 9 0 2 3 0 0 5 0 2 3 3 0 0 0 0
2 0 6 2 9 5 1 3 0 1 0 8 4 1571 13467 13843 415 5995 1904 4661 15 33 476 206 35 15 448 7577 223 2 15 4 15 169 31 112 1031 782 1660 25 1425 289 184 61 7 113 71 60 52 0 1 4 28 35 12 11 217 249 70 36 140 60 85 171 425 15 444 516 726 4 5 10 98 160 636 105 7 11 10 0 3 0 51 90 54 50 120 4 16 5 96 15 2 10 98 99 3 16 34 15 0 1 0 0 1 0 0 6 1 0 3 0 36 219 247 58 18 442 19 874 203 2457 67 3 3 8 8 73 1 830 3 8 2 15 5 27 7 2 80 105 730 5 613 0 5 23 11 12 167 573 10 6 10 0 0 10 0 0 0 1 0 0 0 2 4 1 90 210 23 28 3 11 11 13 35 320 2 6 85 7 6 22 136 15 15 19 0 3 2 2 0 11 8 8 7 0 1 0 0 1
0 0 0 0 0 0 0 0 0 0 1 3 6 419 1113 415 3045 241 1543 1038 30 43 156 56 2 19 91 89 6 0 0 1 5 6 74 200 1697 2192 39 87 414 11 62 32 9 56 23 6 8 3 0 0 3 1 0 1 4 10 9 1 27 10 10 34 22 8 7 8 67 1 1 2 5 295 26 9 0 23 7 0 2 0 0 3 1 3 4 1 6 1 25 0 0 2 38 4 5 0 1 1 0 1 0 1 0 0 0 4 0 0 1 0 563 73 17 375 46 69 169 28 557 277 397 7 9 10 46 29 10 174 5 1 2 38 1 21 99 12 137 219 7 55 14 0 6 24 3 1 93 45 21 2 4 1 1 2 0 0 0 0 1 1 0 0 1 9 4 62 1 4 7 9 4 27 1 7 0 0 12 2 14 51 98 4 3 37 0 0 0 6 1 2 6 6 4 0 3 5 0 1
0 0 2 0 6 7 1 1 0 1 1 9 18 291 2940 5995 241 12770 6852 1335 6 82 341 579 47 40 424 614 45 3 4 8 65 144 23 42 739 1960 5346 49 1778 493 517 244 23 1112 37 130 116 11 2 2 18 8 22 18 75 125 22 13 2712 110 144 731 619 185 191 148 1616 34 17 6 190 277 299 750 7 19 26 0 4 1 21 47 29 38 44 7 56 8 450 35 1 7 281 74 4 5 36 9 3 2 1 2 6 0 1 2 0 0 1 1 66 290 842 87 27 367 21 1357 225 2847 93 4 8 9 9 94 2 1028 25 27 5 13 8 46 13 1 75 160 1465 6 1721 1 15 58 31 28 159 2718 10 25 29 0 3 4 1 0 0 1 6 1 2 9 28 0 424 524 56 188 13 41 44 20 57 965 4 10 208 10 6 28 140 60 25 27 0 9 6 9 3 33 33 49 3 2 9 0 0 2
0 0 2 0 3 5 0 0 5 1 0 14 6741 41 515 1904 1543 6852 42256 5050 10 39 114 240 21 12 283 363 11 1 1 11 248 197 22 11 554 9083 286 26 528 107 237 6618 1073 9152 24 31 43 147 1 4 1 6 3 5 19 61 11 11 159 40 50 276 209 2319 32 25 89 13 11 113 1534 6190 168 82 55 1455 465 6 2 17 3 8 8 8 10 24 104 75 940 8 1 6 136 96 9 3 3 2 0 0 1 1 6 4 0 16 1 0 1 3 255 436 1255 292 28 1357 80 3272 880 8854 489 3 9 9 10 109 4 1299 8 14 2 45 8 52 29 10 233 294 2158 16 1484 4 13 45 37 48 480 3021 15 14 24 1 3 7 3 0 2 2 1 3 0 3 18 3 276 480 55 446 10 24 37 25 81 749 3 7 295 17 16 88 1048 29 45 62 1 12 6 7 4 55 27 33 28 3 5 0 0 2
0 0 1 3 2 4 1 0 0 0 2 6 37 297 1298 4661 1038 1335 5050 3266 9 33 135 101 11 17 192 138 15 0 1 4 40 97 66 52 944 2353 119 50 433 33 90 103 29 141 20 14 10 5 0 0 5 2 1 1 15 45 8 4 48 15 20 37 61 14 33 35 98 2 4 4 112 438 135 18 1 48 12 0 2 0 2 7 4 6 11 5 12 7 67 7 0 4 37 30 0 1 3 2 0 0 0 1 1 1 0 3 0 0 1 2 365 119 71 261 26 237 83 154 532 1245 241 3 4 8 9 34 6 301 3 3 0 24 2 12 56 6 97 103 76 13 43 0 10 14 5 8 173 181 17 1 9 0 0 0 0 0 0 0 0 0 0 3 0 2 7 60 6 20 1 10 8 5 9 36 0 2 39 3 12 54 124 5 4 49 0 1 1 2 1 8 2 2 13 0 2 1 0 1
266 315 926 1037 529 1545 27 72 46 67 138 1632 2 13 11 15 30 6 10 9 11021 8354 1894 70 303 67 66 12 41 76 143 57 49 45 7 5 40 71 10 94 1814 12 47 0 22 7 82 0 5 9 0 0 14 11 3 1542 32 15 6 2 7 5 8 27 13 3 82 93 10 1 0 68 61 203 180 5 183 10 13 0 1 0 120 49 5654 485 41 1 3 6 27 5 1 0 23 583 232 46 307 11 3 1 17 11 7 16 1 2 3 1 31 24 21 3 0 6 37 3 6 1 10 3 2 91 56 6 21 1 0 4 2 2 18 140 4 142 0 2 82 129 7 21 1 5 62 4 2 0 10 1 34 0 0 5 2 4 2 1 1 0 6 3 2 5 8 2 0 4 0 1 33 38 9 33 4 5 0 0 2 0 119 109 61 22 1 95 0 0 0 18 20 0 0 10 11 1 31 4 1 13
41 82 444 481 439 2223 76 46 213 137 389 3247 3 20 23 33 43 82 39 33 8354 29961 7536 1490 4858 2124 634 42 140 39 97 254 245 208 19 10 113 257 36 1685 1242 165 623 6 62 69 752 13 47 39 1 7 94 48 27 105 75 72 48 10 104 32 61 346 52 14 584 432 39 15 2 325 313 824 533 24 928 34 87 2 12 6 197 470 6871 2103 193 12 45 16 130 19 2 9 231 1594 1049 189 2585 27 6 6 46 38 23 33 3 7 10 6 64 71 216 14 3 85 239 18 83 8 141 33 59 302 280 31 166 13 3 41 18 6 62 509 37 483 32 50 536 727 15 123 8 13 201 11 3 0 58 35 145 4 7 8 2 2 5 3 1 0 17 15 3 27 39 23 5 27 7 2 116 102 49 153 8 12 2 2 27 2 422 401 233 91 7 307 0 2 5 63 49 14 10 26 34 8 133 30 4 60
8 4 19 20 21 85 16 5 38 13 29 176 1 150 196 476 156 341 114 135 1894 7536 15378 11916 298 4440 983 128 48 5 7 22 112 238 60 44 235 527 94 1170 7522 1780 1086 7 33 74 341 16 178 14 2 3 14 19 17 27 32 52 27 14 137 43 22 224 26 14 228 220 42 13 11 112 300 214 142 45 353 38 70 2 3 9 44 110 190 162 53 9 44 15 122 35 1 20 200 124 163 30 92 2 1 0 7 4 2 1 0 0 1 0 11 13 79 8 0 39 51 15 37 7 62 46 46 81 82 11 43 6 1 19 4 1 15 116 7 111 13 10 140 161 6 32 5 2 53 8 3 0 20 16 61 1 7 2 1 1 1 2 1 1 4 3 3 5 10 12 6 11 4 5 23 32 17 46 9 9 0 1 21 1 95 107 55 20 11 86 0 2 4 13 8 6 3 10 3 3 32 10 0 19
4 2 16 6 5 15 2 5 0 0 2 16 3 120 95 206 56 579 240 101 70 1490 11916 17672 585 7539 3918 285 39 3 4 1 1 25 125 60 126 104 333 2756 4369 7798 3501 14 12 451 949 51 745 13 2 5 27 44 29 35 38 46 201 34 741 131 59 753 74 29 450 346 157 48 13 3 17 72 24 97 17 2 7 0 8 3 68 209 163 256 62 18 130 30 519 97 2 48 434 14 11 10 156 6 0 0 2 0 0 3 0 1 0 0 0 1 59 11 4 44 29 23 32 64 75 154 72 6 4 2 16 5 1 32 2 0 0 19 0 15 13 2 55 78 48 16 35 1 6 11 10 0 23 181 15 6 32 0 0 2 0 0 0 0 0 0 0 1 1 1 25 47 15 11 2 5 3 11 29 61 2 5 124 17 5 17 28 4 22 16 1 10 8 1 1 22 10 4 1 1 3 0 0 3
33 12 88 88 71 189 13 27 15 15 16 258 2 20 8 35 2 47 21 11 303 4858 298 585 8621 256 721 120 56 13 109 10 16 42 47 15 44 53 37 3234 342 53 463 5 14 47 3771 10 19 11 4 3 174 151 38 82 621 28 139 7 91 27 73 451 117 9 2500 946 55 11 4 29 30 302 172 20 105 10 17 1 5 4 383 1464 1656 3614 1205 3 20 6 62 16 10 6 188 138 39 15 5705 1582 1 0 6 5 1 8 0 0 0 1 7 2 44 11 0 23 65 11 38 8 45 18 28 57 51 6 31 4 0 6 1 1 12 142 13 116 4 10 165 190 10 19 7 2 35 4 2 0 15 23 36 0 4 0 0 0 2 0 1 0 5 1 1 4 8 7 0 7 4 3 28 22 6 30 5 9 1 1 9 1 46 109 58 22 7 54 0 0 1 11 9 5 1 4 0 1 37 6 0 11
1 0 1 2 3 8 1 0 0 1 1 13 0 7 7 15 19 40 12 17 67 2124 4440 7539 256 5651 1093 11 1 0 1 0 1 2 9 10 31 20 19 2999 683 162 520 0 2 15 125 2 18 2 0 0 12 4 3 7 5 2 11 1 37 14 13 169 5 0 92 33 15 4 3 2 6 52 8 10 7 3 2 0 0 0 21 73 66 65 9 1 8 2 23 1 1 1 64 3 5 1 39 0 1 0 0 1 0 0 0 0 0 0 0 1 67 6 0 47 25 3 24 4 68 25 48 7 5 0 11 3 1 13 1 0 1 13 3 8 13 13 47 63 5 18 3 0 4 7 1 0 13 10 10 0 1 0 0 0 0 0 0 0 1 0 0 1 0 4 1 7 1 0 1 4 0 11 4 0 0 1 8 0 6 17 12 0 1 8 0 0 2 2 2 2 3 4 1 0 1 1 0 2
9 4 10 9 11 32 3 5 2 1 4 19 3 1976 1372 448 91 424 283 192 66 634 983 3918 721 1093 15780 6826 70 5 10 2 6 132 2518 358 317 173 183 1925 1152 220 604 2 5 108 1393 33 45 4 4 7 72 75 21 32 141 288 733 228 180 36 137 819 706 12 902 1097 154 9 4 5 16 109 121 23 22 1 4 0 4 1 82 285 213 414 164 6 22 2 103 17 2 7 197 29 10 12 233 17 0 0 2 1 1 0 0 1 0 0 1 1 168 81 32 132 43 235 55 422 203 988 162 12 16 3 21 12 3 195 0 1 2 24 0 23 24 13 85 112 232 34 141 0 9 6 4 1 46 144 17 4 7 0 0 2 0 0 0 0 1 1 0 0 4 8 19 47 7 8 10 11 5 15 9 76 0 0 21 1 13 39 79 3 4 16 0 2 2 5 0 8 2 5 2 2 3 1 0 5
6 4 7 8 7 19 4 2 1 3 0 7 9 1740 4259 7577 89 614 363 138 12 42 128 285 120 11 6826 12541 247 5 19 2 4 163 164 132 526 117 2372 54 467 94 162 0 4 160 280 45 14 0 1 2 77 83 17 26 236 360 328 155 135 52 198 888 2632 10 860 1042 653 9 3 1 7 89 438 24 3 0 3 0 10 0 86 198 117 157 191 0 11 1 38 14 3 5 131 81 1 22 99 15 0 1 3 1 2 1 0 0 1 0 2 0 102 147 112 81 38 279 31 1187 119 1671 65 7 7 5 27 45 2 497 6 5 1 14 2 37 15 9 44 119 1029 14 654 1 10 20 6 6 37 840 18 4 9 0 0 0 0 0 0 0 2 0 0 2 8 4 115 161 18 40 5 18 9 26 29 309 1 2 43 7 5 17 90 12 9 13 0 1 1 3 3 6 3 14 1 2 2 0 0 6
5252 372 672 838 4763 3049 3151 1235 47 233 45 1056 0 25 29 223 6 45 11 15 41 140 48 39 56 1 70 247 37626 12590 3872 29 63 312 24 6 141 225 69 30 267 12 42 1 9 13 44 6 16 5 13 34 3696 11065 944 133 3963 63 20 51 19 18 37 52 93 2 5855 67 86 20 10 26 58 69 1289 4 29 1 8 1 30 2 815 2257 319 56 312 8 9 1 21 85 39 13 31 2800 113 8526 35 644 9 1 57 32 10 49 0 3 12 3 85 60 8 2 2 2 11 2 2 4 6 11 7 64 63 8 20 1 0 7 9 1 53 106 7 93 3 0 39 44 9 7 1 4 78 3 1 1 9 9 16 0 1 8 1 1 2 5 1 1 9 11 2 21 9 0 5 7 1 0 42 20 13 11 2 7 1 2 7 0 207 83 46 26 2 146 2 0 4 16 29 0 3 12 30 6 45 10 1 18
18077 1539 1316 4514 7530 3148 1233 1812 14 132 11 1195 0 1 0 2 0 3 1 0 76 39 5 3 13 0 5 5 12590 23773 3000 11 6 8 0 0 2 7 1 3 687 1 7 1 1 0 4 4 13 1 19 25 476 424 181 199 4489 3 1 1 1 9 0 2 3 1 421 5 2 8 11 3 3 12 36 2 8 0 0 1 31 1 534 444 583 71 11 7 9 1 5 119 20 22 16 685 23 611 19 14 0 0 18 11 1 6 0 0 2 3 8 6 0 0 0 0 0 0 0 0 0 0 0 2 1 0 4 0 0 0 1 0 3 6 0 13 0 0 1 0 0 0 0 0 6 0 0 0 0 0 0 0 0 0 0 0 0 0 0 4 2 0 0 1 0 0 0 1 0 0 4 0 1 0 0 0 0 2 0 0 12 4 3 0 0 11 2 0 3 1 1 0 1 2 1 1 3 0 0 0
276 160 222 1054 11605 4291 96 74 6 33 10 1032 0 5 1 15 0 4 1 1 143 97 7 4 109 1 10 19 3872 3000 8752 11 36 76 3 0 43 54 5 10 565 1 4 1 2 2 9 1 13 2 11 15 250 322 73 116 9379 20 2 7 4 0 2 5 5 0 2248 20 4 11 3 20 25 11 646 2 10 1 4 1 22 0 334 480 706 268 132 7 5 1 1 39 14 13 13 3363 16 285 279 3787 1 0 5 4 0 6 1 0 0 1 5 7 0 0 0 0 2 0 1 0 0 0 0 6 6 2 1 0 0 0 1 0 2 13 0 4 1 0 7 10 1 1 1 0 5 0 0 0 0 1 0 0 0 0 0 0 0 0 0 0 0 2 0 2 0 1 1 0 0 0 2 1 1 1 0 1 0 0 1 0 17 6 4 1 1 8 0 0 1 0 3 2 0 1 6 0 3 1 0 1
2 1 3 5 76 1596 16 8 48 23 110 3650 1 2 0 4 1 8 11 4 57 254 22 1 10 0 2 2 29 11 11 7478 5694 1711 1 0 15 86 0 6 40 0 2 2 2 2 4 2 0 0 0 0 7 3 2 3 23 1701 6 30 0 0 0 1 2 1 30 18 0 0 0 929 365 68 3785 1 464 0 87 0 0 0 11 14 47 17 2 1 2 0 8 0 0 0 1 5574 476 33 11 0 1 0 14 4 1 3 0 1 1 0 8 13 2 0 0 3 9 0 1 0 4 1 7 14 14 3 4 0 0 3 1 0 5 40 1 29 3 3 33 37 0 5 0 1 25 0 1 0 3 1 1 0 0 0 0 0 0 1 0 0 0 1 2 3 3 0 0 0 0 1 6 3 0 0 2 0 0 0 0 0 34 17 19 2 0 21 0 0 0 4 3 0 1 3 9 1 3 1 0 1
2 2 2 4 133 830 20 1 44 12 140 3380 16 3 1 15 5 65 248 40 49 245 112 1 16 1 6 4 63 6 36 5694 9493 2529 1 0 12 3022 7 6 51 1 7 239 40 99 18 1 0 15 0 1 10 6 4 3 79 1294 10 18 6 2 1 4 2 25 85 50 8 0 2 1961 5385 439 3271 3 481 49 73 0 4 3 14 21 26 18 8 2 3 7 52 0 1 2 4 5696 428 43 10 9 2 1 23 9 1 16 0 0 2 1 11 17 58 6 2 29 52 10 23 4 48 19 28 98 74 9 45 4 2 14 7 0 15 237 9 174 9 17 152 208 4 26 5 3 63 3 1 0 25 15 33 1 0 3 0 1 1 2 0 0 9 5 0 9 7 2 0 10 0 2 30 27 11 33 2 5 0 1 11 0 105 140 89 13 2 91 0 1 0 16 23 8 4 13 3 3 31 14 1 12
7 2 5 4 50 104 4 3 3 3 3 316 2 375 70 169 6 144 197 97 45 208 238 25 42 2 132 163 312 8 76 1711 2529 11097 223 295 1856 3918 20 38 124 3 22 15 8 55 281 0 1 2 0 1 57 76 18 14 629 7375 929 4545 15 4 22 42 50 5 785 1648 24 3 1 143 582 292 9934 7 33 8 10 0 3 0 65 102 71 67 371 1 2 1 18 4 0 3 12 2159 33 39 51 100 4 0 24 7 14 9 1 0 1 3 19 24 184 15 0 85 163 19 76 10 111 44 70 163 129 15 103 8 2 35 6 1 20 343 30 274 32 26 326 442 11 71 6 10 98 10 0 3 53 19 99 1 0 4 0 0 0 4 0 0 6 3 3 5 17 14 1 14 0 2 63 53 23 95 1 9 1 0 4 0 154 198 108 44 1 104 1 1 1 24 35 4 1 14 3 5 56 26 0 31
2 0 0 1 1 2 0 2 0 0 0 7 0 4502 837 31 74 23 22 66 7 19 60 125 47 9 2518 164 24 0 3 1 1 223 4738 1523 764 127 19 974 134 6 68 0 2 11 1018 5 3 1 1 1 17 17 7 7 46 302 1400 327 24 7 23 51 80 1 153 976 42 1 0 1 2 51 119 5 5 0 1 0 0 0 14 48 21 46 68 1 3 1 8 4 0 0 27 4 0 5 28 4 0 0 1 1 0 2 0 0 1 0 2 0 157 13 1 114 40 53 58 16 176 182 135 9 6 7 23 6 3 46 0 0 0 18 5 17 27 7 60 93 7 27 4 1 6 6 0 0 35 16 18 1 1 0 0 1 0 0 0 0 0 0 0 0 1 7 2 16 1 1 2 3 2 15 0 2 0 0 6 1 5 21 29 3 0 8 1 0 0 1 1 2 1 1 1 0 3 3 0 2
0 0 0 0 1 1 0 0 0 0 0 0 0 2747 534 112 200 42 11 52 5 10 44 60 15 10 358 132 6 0 0 0 0 295 1523 576 855 57 14 133 79 5 43 0 0 3 486 1 3 0 0 0 4 2 0 1 28 311 2273 529 11 1 10 33 25 0 47 872 20 0 0 0 3 19 104 4 1 0 1 0 0 0 2 14 5 20 35 0 2 0 3 2 1 0 11 6 0 1 11 4 0 0 0 0 1 0 0 1 0 0 0 0 112 16 2 76 22 16 29 5 112 44 38 4 6 7 12 5 5 34 0 0 0 8 3 11 13 8 35 67 1 16 1 1 1 4 1 0 17 8 21 0 1 0 0 0 0 0 0 0 0 0 0 2 0 3 0 6 0 0 4 6 1 9 0 1 0 0 2 1 4 13 11 3 0 5 0 0 2 1 1 0 2 0 1 0 1 1 0 2
3 2 6 2 8 12 3 3 2 0 0 13 2 2575 512 1031 1697 739 554 944 40 113 235 126 44 31 317 526 141 2 43 15 12 1856 764 855 5063 3189 91 194 495 27 102 6 2 55 436 9 12 2 3 0 30 55 14 9 345 1822 852 1213 60 34 57 94 118 4 447 1478 111 4 1 6 21 187 1947 11 3 5 2 1 2 0 54 73 42 62 261 1 8 0 40 15 1 3 57 183 4 15 49 50 1 3 10 1 8 7 0 2 1 0 4 10 967 96 10 637 257 51 312 35 669 265 378 100 121 31 210 68 19 185 12 6 8 170 23 145 160 81 494 645 14 197 14 1 58 36 8 3 151 79 171 5 2 0 1 1 0 1 0 0 6 5 2 7 9 44 5 81 5 4 35 51 15 160 4 15 1 2 19 3 48 223 124 26 6 74 1 0 1 37 4 4 10 21 15 1 52 11 0 45
7 2 14 9 31 24 3 2 4 3 5 38 345 125 327 782 2192 1960 9083 2353 71 257 527 104 53 20 173 117 225 7 54 86 3022 3918 127 57 3189 10569 108 174 478 34 105 1016 322 1865 417 16 17 48 1 2 51 65 13 14 475 1665 230 343 158 21 37 88 58 240 514 800 182 8 3 34 1277 2915 3062 55 46 498 60 1 8 3 50 59 62 54 166 10 37 36 640 9 2 2 53 477 9 25 39 97 0 7 21 10 12 16 5 3 2 0 17 19 1334 129 47 880 538 317 538 166 1359 1069 886 279 299 58 374 83 23 349 14 9 23 533 60 392 201 121 1024 1483 112 336 44 3 146 76 10 5 355 355 367 6 16 1 1 3 0 0 0 1 11 13 0 9 23 66 32 141 9 39 107 129 55 287 16 59 2 4 112 14 209 541 508 66 14 252 1 7 7 71 28 17 16 32 17 4 94 34 5 86
3 3 6 1 4 5 0 2 0 1 0 2 7 161 425 1660 39 5346 286 119 10 36 94 333 37 19 183 2372 69 1 5 0 7 20 19 14 91 108 11965 26 1150 409 611 9 8 391 43 204 136 14 2 3 10 22 20 11 87 83 39 8 3533 152 239 763 5793 32 196 212 9633 37 26 1 16 25 232 1200 5 0 4 0 3 0 28 56 43 48 47 8 81 8 409 41 0 25 330 38 1 4 41 6 0 0 1 0 5 0 0 1 0 0 1 0 15 87 268 25 6 82 4 613 35 588 9 2 1 2 4 21 0 228 25 8 4 6 2 27 3 0 38 69 663 4 789 3 6 47 24 11 69 1688 3 15 29 0 2 8 0 1 0 1 1 1 1 9 16 1 275 311 55 83 5 28 28 16 54 567 2 10 245 19 1 10 33 45 34 6 0 10 7 1 2 34 17 48 0 1 1 1 0 0
8 4 27 14 11 29 1 9 1 2 7 27 0 489 151 25 87 49 26 50 94 1685 1170 2756 3234 2999 1925 54 30 3 10 6 6 38 974 133 194 174 26 3069 854 109 588 3 2 30 2411 6 24 0 1 2 64 52 16 27 43 51 254 19 37 18 23 269 26 4 631 429 15 5 2 9 33 188 42 12 22 3 8 1 2 0 90 337 250 414 93 2 6 2 35 6 1 3 94 26 6 7 238 9 0 1 4 0 0 0 1 0 1 0 3 4 293 24 0 208 74 57 118 14 299 146 292 24 15 8 32 10 4 80 1 1 3 50 4 48 51 24 153 223 6 44 2 1 8 10 2 0 53 27 38 0 1 1 0 1 0 0 0 1 1 1 0 2 2 11 0 24 0 1 15 12 2 30 3 6 0 2 11 1 21 62 59 6 0 22 0 0 1 7 3 7 2 4 2 1 6 3 0 3
2368 1073 2311 1282 910 1334 231 1695 62 391 99 1179 23 496 833 1425 414 1778 528 433 1814 1242 7522 4369 342 683 1152 467 267 687 565 40 51 124 134 79 495 478 1150 854 12111 4620 2988 46 80 632 393 502 3879 216 323 197 111 59 1650 1952 264 105 68 22 1430 1014 256 455 314 71 454 274 658 579 441 48 111 242 303 623 218 21 44 11 501 66 455 217 848 241 134 315 1509 259 1824 2662 262 820 2394 504 208 112 173 49 2 3 52 26 6 36 1 5 10 4 56 60 39 7 13 21 23 28 18 50 47 98 33 87 91 5 38 7 2 35 11 2 38 169 4 149 12 4 98 152 53 15 39 8 102 89 28 6 17 274 23 53 163 8 5 42 15 14 14 52 11 9 2 21 9 2 21 122 62 37 59 44 22 33 138 124 24 73 342 43 197 123 84 35 104 145 51 57 254 24 40 196 92 23 30 13 47 14 1 22
6 1 7 1 6 5 3 5 2 1 1 6 4 29 43 289 11 493 107 33 12 165 1780 7798 53 162 220 94 12 1 1 0 1 3 6 5 27 34 409 109 4620 6848 5939 9 11 198 31 63 2381 34 3 0 4 7 13 19 5 13 8 1 471 113 41 115 86 28 56 24 185 42 24 1 6 12 10 157 11 0 5 0 16 1 19 29 25 28 7 19 157 44 591 142 4 57 372 6 4 2 18 0 0 0 0 0 0 0 0 0 0 0 1 0 3 1 1 8 3 5 1 12 8 21 6 0 0 3 0 0 0 11 0 0 0 0 3 3 1 1 3 11 6 0 5 0 2 23 5 1 5 79 3 8 25 0 1 5 0 0 0 1 0 0 0 0 0 0 7 32 15 10 0 1 4 2 27 53 2 5 126 16 1 2 4 1 27 0 0 7 14 0 0 42 10 1 0 0 0 1 0 0
7 3 15 9 12 21 10 18 8 8 0 16 45 80 89 184 62 517 237 90 47 623 1086 3501 463 520 604 162 42 7 4 2 7 22 68 43 102 105 611 588 2988 5939 9386 68 154 872 441 440 4904 227 10 5 35 34 39 55 60 41 128 17 2539 876 1015 4250 848 116 463 316 1135 281 146 27 31 62 40 1080 106 11 64 1 68 5 69 201 158 252 63 117 834 210 4138 488 17 329 5755 21 64 11 175 17 0 1 3 1 1 0 1 1 0 1 0 2 38 6 11 31 11 32 21 78 52 111 48 4 9 2 14 8 3 33 2 1 1 13 2 8 13 3 32 62 65 13 43 4 9 200 81 4 15 542 13 63 233 0 7 61 3 2 3 10 0 0 0 2 4 1 58 278 135 63 3 13 8 10 342 253 7 39 975 130 6 14 24 3 275 8 7 81 110 3 0 373 157 6 1 0 2 0 0 4
0 0 0 0 3 4 4 0 5 1 2 13 2500 3 4 61 32 244 6618 103 0 6 7 14 5 0 2 0 1 1 1 2 239 15 0 0 6 1016 9 3 46 9 68 10837 3755 1997 8 24 17 461 1 15 0 0 1 1 0 3 4 0 51 27 35 4 8 990 6 6 35 9 15 1374 3117 1487 26 65 885 2026 7615 17 20 72 1 1 0 1 0 122 245 304 957 5 1 2 89 27 30 4 2 0 0 0 0 0 2 0 0 1 1 0 1 1 83 17 50 65 23 75 39 122 138 448 103 5 17 5 16 5 2 39 1 0 1 34 3 16 9 15 85 117 67 17 30 1 8 38 7 5 38 371 16 11 61 0 1 10 2 1 2 3 1 1 0 1 1 4 33 56 22 79 1 7 4 12 54 59 2 12 162 22 16 29 121 8 45 17 3 28 27 3 3 72 32 1 3 1 6 1 0 2
1 0 7 1 2 8 28 13 147 23 18 13 5466 3 0 7 9 23 1073 29 22 62 33 12 14 2 5 4 9 1 2 2 40 8 2 0 2 322 8 2 80 11 154 3755 7913 1659 27 98 55 4573 2 20 20 3 4 1 3 9 3 1 19 69 69 8 10 5633 13 32 138 25 46 667 700 505 26 113 3182 1489 2579 34 119 320 7 6 11 6 6 520 640 1602 773 15 2 10 181 21 725 107 3 0 0 0 5 2 0 3 3 1 1 3 5 3 0 0 19 2 3 12 0 37 8 63 3 3 7 5 9 6 2 4 3 0 1 13 2 10 1 0 10 20 31 5 20 5 7 182 140 5 20 927 6 47 247 0 2 58 9 1 13 17 0 0 0 2 0 1 88 301 166 323 0 10 3 5 348 264 9 56 1597 165 3 9 23 3 280 12 9 197 97 2 0 448 153 3 9 0 3 0 0 1
0 0 1 0 1 3 3 2 20 2 2 10 1728 16 43 113 56 1112 9152 141 7 69 74 451 47 15 108 160 13 0 2 2 99 55 11 3 55 1865 391 30 632 198 872 1997 1659 6066 29 51 80 33 0 1 9 8 4 4 15 26 5 6 280 73 146 731 481 3172 76 74 286 22 13 139 959 471 55 146 227 98 464 1 6 7 11 29 31 38 18 12 84 64 3953 24 2 14 354 32 101 11 22 2 0 2 3 0 7 3 1 1 0 0 1 2 32 67 769 33 14 123 11 982 108 1048 44 2 5 9 6 22 0 179 18 28 7 10 4 48 5 3 72 125 903 8 732 5 7 110 215 27 229 6838 8 22 51 0 0 23 0 1 1 1 1 2 1 17 21 1 573 418 74 861 8 40 67 12 117 938 2 15 1311 56 4 20 137 57 120 23 1 15 25 4 7 76 29 76 7 3 3 1 2 3
4 5 10 5 15 33 8 5 11 1 1 38 1 562 40 71 23 37 24 20 82 752 341 949 3771 125 1393 280 44 4 9 4 18 281 1018 486 436 417 43 2411 393 31 441 8 27 29 4806 7 13 16 1 2 60 46 16 19 121 239 1255 141 65 20 59 389 128 4 828 2416 84 7 6 41 74 326 167 9 149 20 32 0 3 4 97 318 210 548 925 6 16 7 56 13 1 1 123 35 26 7 351 28 1 1 5 3 5 4 0 0 2 0 2 5 285 30 1 164 126 34 120 5 254 83 166 57 51 13 83 15 7 83 7 1 6 153 10 123 55 43 247 346 10 79 3 4 37 10 0 1 47 37 64 0 3 3 0 0 0 2 0 0 4 2 0 3 3 19 1 36 4 0 21 24 10 43 2 7 2 0 14 0 47 118 82 8 4 48 0 3 1 8 6 4 3 15 3 1 17 5 0 8
5 1 4 0 0 5 4 3 8 1 0 5 21 6 25 60 6 130 31 14 0 13 16 51 10 2 33 45 6 4 1 2 1 0 5 1 9 16 204 6 502 63 440 24 98 51 7 16931 477 245 2 9 2 2 18 30 11 4 7 1 515 8292 1301 98 513 34 27 22 6884 1055 5071 9 12 13 5 7672 38 8 31 5 193 28 7 9 11 11 3 663 4052 198 1491 104 4 175 1095 5 26 4 4 0 2 0 1 0 0 0 0 11 0 0 1 0 4 3 1 2 0 6 1 19 13 20 6 3 7 17 24 26 5 21 6 0 0 2 0 3 8 0 7 9 11 16 14 12 16 549 60 14 19 123 8 353 1512 6 23 366 7 10 23 84 1 0 1 4 2 2 32 643 552 55 1 16 4 8 1302 190 74 369 1176 190 1 5 9 11 872 30 69 249 1049 3 3 1682 842 2 8 1 0 1 0 4
34 8 32 9 10 10 26 49 7 21 2 9 16 12 11 52 8 116 43 10 5 47 178 745 19 18 45 14 16 13 13 0 0 1 3 3 12 17 136 24 3879 2381 4904 17 55 80 13 477 12885 173 107 47 12 5 78 154 5 7 3 0 316 1153 228 58 52 32 28 12 178 692 373 8 15 26 9 628 54 5 25 3 304 18 62 19 28 11 5 254 1500 259 1027 5549 112 3254 10316 10 43 9 6 4 0 0 0 0 1 1 0 2 0 0 0 0 3 0 1 0 4 1 1 2 2 6 4 1 0 0 2 2 1 3 1 0 0 3 0 0 1 0 3 2 4 1 1 2 1 41 9 0 2 52 0 42 145 0 2 39 4 2 4 23 0 0 0 0 0 0 8 60 60 11 0 1 0 0 116 28 14 62 156 17 3 0 3 0 114 2 23 42 159 1 0 189 82 0 2 0 0 0 0 0
3 0 8 1 7 3 38 13 108 18 6 13 444 1 0 0 3 11 147 5 9 39 14 13 11 2 4 0 5 1 2 0 15 2 1 0 2 48 14 0 216 34 227 461 4573 33 16 245 173 10467 75 956 14 2 4 9 2 3 1 0 55 171 141 12 15 1145 11 16 161 137 221 190 98 704 13 362 1750 488 654 1492 1556 8089 10 5 9 5 6 6753 2773 10120 1484 93 16 53 416 8 587 70 3 2 0 1 2 3 0 3 0 7 0 0 4 1 3 0 3 0 2 2 0 5 1 8 1 3 1 3 5 10 1 7 0 1 0 8 1 2 1 0 8 8 0 2 3 10 3 172 31 5 8 74 6 138 631 2 7 115 265 121 308 261 1 1 0 0 0 0 11 235 235 32 3 7 1 3 422 45 102 244 494 76 5 6 7 3 343 15 130 231 709 2 2 741 326 2 8 0 0 0 0 0
36 6 57 13 21 20 28 68 3 29 2 2 0 0 1 1 0 2 1 0 0 1 2 2 4 0 4 1 13 19 11 0 0 0 1 0 3 1 2 1 323 3 10 1 2 0 1 2 107 75 8708 23953 35 0 258 152 4 1 1 0 2 12 2 2 2 21 16 2 1 853 217 1 0 30 10 2 16 5 0 720 1887 109 161 20 30 7 4 80 18 4 4 6046 8747 289 73 9 12 23 7 1 0 1 0 1 1 0 0 0 1 0 1 1 0 0 0 0 0 0 0 0 0 0 0 0 0 0 0 0 0 0 2 0 0 1 0 2 0 0 1 1 0 0 0 4 2 1 0 0 0 0 0 16 5 2 3 20 327 164 301 287 0 0 0 0 0 0 0 2 0 3 2 1 0 0 0 0 122 142 2 1 0 3 4 0 0 5 80 13 224 0 4 14 28 0 0 0 0 0 0 0
65 7 74 19 21 23 51 132 5 33 1 15 2 2 0 4 0 2 4 0 0 7 3 5 3 0 7 2 34 25 15 0 1 1 1 0 0 2 3 2 197 0 5 15 20 1 2 9 47 956 23953 35348 47 6 326 141 9 1 0 0 1 44 1 3 1 272 17 5 1 1421 179 11 4 303 15 3 188 74 23 8944 4845 1780 224 22 46 8 5 562 111 102 20 2450 9921 233 96 16 71 24 9 7 3 0 7 1 0 0 3 13 2 0 2 0 0 0 0 1 0 0 0 0 1 1 0 0 1 0 1 0 0 0 0 0 0 4 0 0 0 0 1 0 0 0 2 27 13 15 4 4 0 0 0 73 37 22 4 213 2983 2394 4271 1629 33 1 0 2 0 0 0 6 6 31 13 1 0 1 2 1 685 586 49 2 1 7 42 0 2 69 806 212 1245 0 20 81 238 0 27 4 0 0 0 1
676 121 465 163 367 359 1055 1449 265 619 135 307 0 10 6 28 3 18 1 5 14 94 14 27 174 12 72 77 3696 476 250 7 10 57 17 4 30 51 10 64 111 4 35 0 20 9 60 2 12 14 35 47 15960 9919 9342 80 154 30 12 8 10 16 16 33 47 3 1255 56 27 15 9 16 11 48 312 9 50 8 1 7 41 8 2780 1276 313 250 191 14 9 5 17 120 34 19 32 341 275 11321 128 124 0 0 25 10 3 12 0 1 6 3 23 12 2 0 0 1 7 0 1 1 2 6 0 14 11 2 5 0 0 2 5 1 7 38 0 33 0 1 15 20 3 2 2 3 20 0 1 0 1 5 6 0 0 3 0 2 1 0 0 2 0 3 0 4 1 0 0 1 0 0 10 7 2 3 1 1 0 0 5 0 46 26 17 6 3 42 1 0 1 1 6 0 0 3 13 1 13 4 0 2
524 70 253 162 349 311 628 684 64 243 37 185 0 11 5 35 1 8 6 2 11 48 19 44 151 4 75 83 11065 424 322 3 6 76 17 2 55 65 22 52 59 7 34 0 3 8 46 2 5 2 0 6 9919 8233 1347 14 189 26 4 8 20 10 20 44 46 1 3750 62 45 7 1 4 17 32 365 2 20 2 3 0 1 2 1154 5748 77 83 222 2 4 2 12 15 5 1 32 363 92 5460 63 183 0 0 17 9 2 10 2 0 1 2 22 13 2 2 0 1 4 2 3 0 2 2 2 18 13 1 6 0 0 2 2 1 8 29 1 19 1 1 12 19 6 1 1 2 15 1 0 0 2 4 9 0 0 0 0 0 0 0 0 0 2 1 1 3 3 0 1 4 0 1 7 4 5 2 0 3 1 0 1 0 38 15 8 6 0 26 0 0 1 4 6 0 0 3 7 3 11 2 0 1
320 42 266 69 130 121 482 679 70 280 52 94 1 5 3 12 0 22 3 1 3 27 17 29 38 3 21 17 944 181 73 2 4 18 7 0 14 13 20 16 1650 13 39 1 4 4 16 18 78 4 258 326 9342 1347 18572 478 59 5 1 3 10 36 8 14 10 2 316 7 10 74 56 2 1 16 82 10 13 0 1 9 209 12 5009 179 127 52 45 24 40 9 25 1617 212 85 93 118 74 2513 25 31 0 0 6 2 0 6 0 1 4 2 7 3 0 0 0 1 5 1 1 0 0 1 0 9 5 0 1 0 0 0 0 0 2 10 0 8 1 0 2 6 1 3 0 1 6 1 0 0 1 7 2 0 7 0 0 1 2 2 5 11 1 0 1 2 2 0 1 2 0 1 2 3 0 0 2 1 5 5 9 0 16 6 4 0 1 10 5 1 10 1 1 6 1 0 2 0 4 0 0 2
509 153 447 229 211 211 152 601 19 162 9 142 0 5 4 11 1 18 5 1 1542 105 27 35 82 7 32 26 133 199 116 3 3 14 7 1 9 14 11 27 1952 19 55 1 1 4 19 30 154 9 152 141 80 14 478 3273 67 7 3 2 17 59 14 17 16 2 119 20 17 68 50 5 3 21 73 15 9 1 0 4 142 9 6011 110 3259 125 60 35 69 17 30 938 124 96 125 124 19 63 86 28 0 0 11 10 1 6 0 0 0 0 13 8 1 0 0 4 1 2 1 1 1 4 2 8 9 1 3 0 0 2 2 0 4 22 1 18 0 0 9 12 3 1 0 1 13 2 2 0 0 3 3 1 7 0 0 0 5 2 5 7 1 1 0 5 3 0 1 3 1 1 5 3 3 2 4 1 4 7 7 1 34 14 5 5 2 20 7 3 31 0 4 6 6 4 7 2 1 1 0 1
134 75 79 349 3716 1158 61 39 5 12 4 385 0 67 25 217 4 75 19 15 32 75 32 38 621 5 141 236 3963 4489 9379 23 79 629 46 28 345 475 87 43 264 5 60 0 3 15 121 11 5 2 4 9 154 189 59 67 7055 203 39 95 22 12 27 74 97 1 2677 303 106 6 2 29 131 57 4852 5 24 1 16 0 2 2 140 251 224 281 1792 3 5 4 14 25 6 3 44 3904 18 171 3148 6611 0 0 4 0 0 3 0 0 0 0 6 6 7 0 0 5 14 2 3 6 9 21 9 19 11 4 9 0 0 3 4 1 0 39 3 38 2 4 29 44 5 4 4 1 12 0 0 0 5 9 5 0 3 0 0 0 0 0 1 0 1 1 0 0 4 0 0 2 0 2 6 4 1 8 0 5 0 0 10 0 28 35 9 5 2 19 0 0 0 4 3 1 0 1 5 2 7 1 1 4
4 0 4 2 11 30 9 0 14 2 5 144 0 311 65 249 10 125 61 45 15 72 52 46 28 2 288 360 63 3 20 1701 1294 7375 302 311 1822 1665 83 51 105 13 41 3 9 26 239 4 7 3 1 1 30 26 5 7 203 14356 1781 5240 13 6 19 62 129 2 272 3161 75 2 0 213 516 277 13843 4 101 3 55 0 1 1 24 57 26 55 107 3 3 4 17 4 0 2 34 2521 74 24 80 48 0 1 25 11 9 16 0 2 0 0 16 12 44 3 1 13 55 11 15 13 48 32 17 74 68 12 41 0 1 7 6 1 13 246 15 210 6 17 191 234 9 30 4 7 96 5 0 0 28 14 24 0 0 5 0 0 0 2 0 0 8 8 1 9 13 4 1 10 0 1 36 32 9 32 0 3 5 1 4 1 84 126 60 22 1 72 0 0 1 22 19 5 1 13 6 2 33 7 1 8
2 0 0 1 3 3 0 0 1 0 1 6 0 1255 34 70 9 22 11 8 6 48 27 201 139 11 733 328 20 1 2 6 10 929 1400 2273 852 230 39 254 68 8 128 4 3 5 1255 7 3 1 1 0 12 4 1 3 39 1781 2048 2160 21 9 46 161 122 0 129 1612 55 2 2 12 28 58 243 2 20 5 9 0 1 0 14 43 18 45 99 0 3 1 14 2 0 0 44 20 5 5 33 2 0 0 1 1 0 0 0 0 0 0 3 0 70 4 2 44 29 12 27 7 60 27 39 17 9 4 19 4 2 20 0 0 2 27 4 24 6 8 73 115 8 20 1 0 8 3 0 0 15 8 20 2 1 0 0 0 0 0 0 0 0 1 0 0 1 5 2 7 0 0 3 7 5 17 3 3 0 0 5 0 7 30 14 5 2 9 0 0 0 6 0 2 1 0 0 1 5 0 0 1
1 0 0 1 3 1 0 0 0 0 0 5 0 287 17 36 1 13 11 4 2 10 14 34 7 1 228 155 51 1 7 30 18 4545 327 529 1213 343 8 19 22 1 17 0 1 6 141 1 0 0 0 0 8 8 3 2 95 5240 2160 2092 9 5 12 37 54 0 146 1819 28 1 1 3 9 21 2229 4 2 0 1 0 0 0 12 17 6 7 81 0 1 0 3 1 1 1 13 70 2 2 5 19 2 1 10 4 0 2 1 0 0 0 2 2 21 3 0 9 21 4 6 3 8 10 9 16 14 1 10 1 0 4 1 0 0 31 3 27 6 0 34 52 2 9 0 0 11 1 0 0 6 10 8 0 0 0 0 1 0 0 0 0 0 0 0 0 2 1 3 4 0 0 6 6 1 7 0 1 0 0 2 0 15 21 8 6 1 11 0 0 0 5 5 0 0 0 1 1 6 1 0 3
4 1 6 5 1 3 1 6 8 2 3 5 12 39 68 140 27 2712 159 48 7 104 137 741 91 37 180 135 19 1 4 0 6 15 24 11 60 158 3533 37 1430 471 2539 51 19 280 65 515 316 55 2 1 10 20 10 17 22 13 21 9 10834 576 1023 1441 643 176 106 75 4611 124 63 15 68 50 25 9207 46 10 30 0 18 0 15 52 57 58 20 23 330 42 4113 97 3 41 1724 9 35 5 35 3 0 0 1 0 4 1 1 2 0 1 2 2 12 21 134 24 9 21 2 122 59 157 15 4 0 5 7 20 2 51 10 16 5 5 2 21 8 1 54 36 170 4 191 2 5 154 283 11 108 2302 5 34 96 0 7 35 0 1 1 6 1 3 0 2 15 1 217 343 94 172 8 21 24 11 178 555 3 27 1105 102 2 12 46 31 172 7 0 42 40 2 3 171 71 27 7 1 4 0 0 1
23 0 18 2 6 9 13 35 6 14 0 4 15 12 23 60 10 110 40 15 5 32 43 131 27 14 36 52 18 9 0 0 2 4 7 1 34 21 152 18 1014 113 876 27 69 73 20 8292 1153 171 12 44 16 10 36 59 12 6 9 5 576 21486 14055 249 399 35 75 30 3734 11347 2563 6 19 21 15 1538 33 3 15 13 343 310 36 23 25 24 9 451 1757 237 1598 270 13 3076 7009 11 17 8 9 0 3 0 0 0 0 1 2 4 0 0 0 0 4 2 4 7 2 4 2 10 6 21 10 1 4 14 16 18 3 21 3 1 0 1 0 5 3 1 2 2 11 12 8 19 15 356 39 11 11 106 5 632 1960 8 27 501 43 49 98 434 1 1 1 0 0 0 21 354 415 34 7 11 4 2 631 127 258 962 936 98 2 2 8 10 444 14 324 218 2869 3 1 1862 991 2 11 0 1 1 0 3
1 1 6 2 2 3 5 3 4 5 0 6 22 50 80 85 10 144 50 20 8 61 22 59 73 13 137 198 37 0 2 0 1 22 23 10 57 37 239 23 256 41 1015 35 69 146 59 1301 228 141 2 1 16 20 8 14 27 19 46 12 1023 14055 20716 5368 6197 50 243 162 7216 1236 204 20 14 19 25 1719 45 7 49 2 46 9 28 62 56 76 38 77 1367 183 2377 51 4 409 5467 9 26 7 35 3 0 0 2 0 0 1 0 2 0 0 0 2 17 4 11 16 2 12 5 49 19 79 12 1 2 9 10 8 2 14 1 3 0 2 1 2 5 3 11 16 36 5 14 6 4 178 43 4 12 119 7 95 574 2 8 115 0 0 4 15 0 2 0 2 1 2 16 198 188 25 1 11 3 4 438 111 18 68 571 80 1 3 8 5 311 5 4 72 157 3 1 554 254 1 7 0 2 0 0 3
5 3 13 11 13 15 0 4 1 1 0 16 4 89 67 171 34 731 276 37 27 346 224 753 451 169 819 888 52 2 5 1 4 42 51 33 94 88 763 269 455 115 4250 4 8 731 389 98 58 12 2 3 33 44 14 17 74 62 161 37 1441 249 5368 8529 5405 29 593 398 2094 37 14 5 13 36 39 134 15 1 5 0 7 0 69 219 182 290 85 9 76 12 538 15 1 17 3126 9 5 3 174 12 1 0 0 0 1 1 0 0 1 0 1 0 45 18 16 45 17 28 23 184 44 149 36 5 8 3 9 6 1 44 2 2 0 8 1 16 7 6 24 43 168 13 126 0 4 26 14 2 12 569 7 6 15 0 0 7 0 0 0 1 1 0 0 1 3 2 57 67 24 23 0 4 10 5 33 117 1 3 163 16 4 9 18 12 31 4 0 6 9 0 0 28 16 9 1 0 1 0 0 1
1 2 4 2 6 8 2 3 0 0 0 7 6 244 392 425 22 619 209 61 13 52 26 74 117 5 706 2632 93 3 5 2 2 50 80 25 118 58 5793 26 314 86 848 8 10 481 128 513 52 15 2 1 47 46 10 16 97 129 122 54 643 399 6197 5405 15079 36 470 444 8149 54 19 1 8 26 199 153 5 3 6 0 3 1 65 129 95 138 74 11 83 5 337 23 1 12 1491 38 0 17 83 8 0 0 0 0 1 2 0 0 0 1 0 1 37 55 71 24 9 70 16 477 46 410 21 1 1 3 6 16 0 125 3 5 1 7 4 11 9 2 32 50 495 10 366 1 7 41 23 2 26 1232 10 11 39 0 0 10 0 0 0 0 0 1 0 1 3 2 168 164 30 50 3 21 22 5 51 323 1 8 331 19 2 10 34 6 41 6 1 8 7 0 0 56 24 15 0 0 2 1 0 4
2 0 2 1 0 0 6 8 35 9 0 5 1688 3 0 15 8 185 2319 14 3 14 14 29 9 0 12 10 2 1 0 1 25 5 1 0 4 240 32 4 71 28 116 990 5633 3172 4 34 32 1145 21 272 3 1 2 2 1 2 0 0 176 35 50 29 36 1379 4 12 82 16 20 112 181 1003 8 80 1076 1214 592 240 160 535 4 2 3 2 1 270 204 291 1088 17 7 3 103 5 227 19 2 1 0 0 2 0 0 0 0 0 0 0 1 1 3 1 707 3 2 14 0 261 21 709 2 1 2 3 1 4 0 9 1 1 0 2 1 1 0 0 5 6 53 0 32 2 2 32 106 46 77 888 2 15 38 0 0 19 99 20 75 27 1 0 0 0 1 0 25 41 30 942 1 0 1 0 58 53 9 15 309 13 2 5 35 4 36 10 17 22 38 0 0 83 43 5 1 0 0 1 0 0
198 177 287 376 1119 1109 47 109 14 41 16 703 4 151 85 444 7 191 32 33 82 584 228 450 2500 92 902 860 5855 421 2248 30 85 785 153 47 447 514 196 631 454 56 463 6 13 76 828 27 28 11 16 17 1255 3750 316 119 2677 272 129 146 106 75 243 593 470 4 7727 870 332 31 10 50 89 161 4324 26 102 10 13 1 27 2 996 5479 731 2694 3861 7 34 4 88 73 17 20 245 2333 78 328 2120 3442 3 2 24 20 7 21 1 1 4 1 35 24 35 4 9 18 31 22 16 17 35 54 23 102 89 7 32 3 2 15 6 2 32 156 11 137 7 5 94 145 20 25 23 7 82 5 6 1 15 63 27 2 4 3 0 1 3 2 0 4 12 5 1 7 16 0 2 11 1 3 43 39 21 34 3 21 0 1 37 0 173 119 57 36 10 110 2 3 1 28 29 3 9 18 18 3 42 21 1 19
5 4 11 11 18 26 16 5 23 7 5 31 2 1332 104 516 8 148 25 35 93 432 220 346 946 33 1097 1042 67 5 20 18 50 1648 976 872 1478 800 212 429 274 24 316 6 32 74 2416 22 12 16 2 5 56 62 7 20 303 3161 1612 1819 75 30 162 398 444 12 870 4014 314 6 3 60 122 525 1563 18 293 29 40 1 4 4 83 224 147 483 1027 9 15 9 80 9 2 2 154 77 92 20 502 66 2 0 13 11 3 3 0 0 0 4 12 12 103 14 3 60 103 32 47 19 108 96 64 76 68 12 62 5 1 25 2 3 10 221 10 197 12 17 221 289 15 33 8 2 60 4 4 0 23 56 47 2 8 0 0 0 1 1 2 1 6 4 1 9 4 5 3 11 1 1 27 26 8 33 7 22 1 0 23 6 69 164 96 15 8 52 1 2 1 27 12 4 3 6 3 2 33 9 1 11
2 2 1 3 5 4 2 8 1 1 0 4 15 129 359 726 67 1616 89 98 10 39 42 157 55 15 154 653 86 2 4 0 8 24 42 20 111 182 9633 15 658 185 1135 35 138 286 84 6884 178 161 1 1 27 45 10 17 106 75 55 28 4611 3734 7216 2094 8149 82 332 314 15372 475 261 8 33 32 268 6564 29 0 19 0 12 4 40 88 63 63 45 31 630 112 2698 40 1 66 1527 59 21 12 36 7 2 0 1 0 1 0 0 2 1 0 0 0 11 29 35 14 11 61 6 195 44 301 16 1 3 11 20 27 3 82 4 12 1 4 1 9 5 4 22 21 176 8 113 15 10 478 204 8 49 1552 7 106 417 0 4 103 2 3 1 7 1 2 0 2 1 3 203 804 322 135 8 21 14 15 824 877 15 68 2478 337 6 6 36 13 689 13 3 149 85 5 1 698 285 13 5 3 3 0 0 3
37 5 41 7 19 10 13 51 5 19 2 5 4 5 1 4 1 34 13 2 1 15 13 48 11 4 9 9 20 8 11 0 0 3 1 0 4 8 37 5 579 42 281 9 25 22 7 1055 692 137 853 1421 15 7 74 68 6 2 2 1 124 11347 1236 37 54 16 31 6 475 10054 5393 3 2 12 13 281 20 1 11 57 3040 387 80 10 33 7 2 923 1461 169 397 2319 2972 6345 5769 11 16 14 7 3 1 0 0 0 1 0 0 1 0 0 0 0 4 0 0 0 0 2 1 5 4 2 3 0 0 0 3 5 1 3 0 0 0 0 0 1 1 0 3 0 1 1 0 10 8 71 7 1 3 23 1 287 548 10 12 197 195 238 346 883 3 1 0 1 0 0 4 76 87 6 0 0 1 1 67 22 408 858 231 19 1 3 5 1 62 7 521 100 2204 0 8 519 415 1 5 0 1 0 0 0
30 7 27 4 9 8 14 47 11 17 3 4 7 0 2 5 1 17 11 4 0 2 11 13 4 3 4 3 10 11 3 0 2 1 0 0 1 3 26 2 441 24 146 15 46 13 6 5071 373 221 217 179 9 1 56 50 2 0 2 1 63 2563 204 14 19 20 10 3 261 5393 11663 14 3 26 5 573 43 9 13 56 2831 495 64 9 20 6 6 1543 4401 231 377 1534 364 1552 1415 7 27 5 2 1 1 0 1 0 0 1 1 5 0 0 0 0 0 0 0 0 0 1 0 5 2 5 1 0 1 3 4 5 1 2 0 1 1 0 1 1 2 0 2 2 1 0 2 11 12 110 8 4 1 12 1 311 685 10 18 253 230 308 413 890 4 1 0 0 0 1 1 68 110 16 2 2 0 3 136 17 413 991 232 16 0 3 13 0 78 12 663 144 2787 0 2 647 490 0 12 1 0 1 0 0
5 0 8 4 192 882 79 21 183 62 527 2114 118 1 1 10 2 6 113 4 68 325 112 3 29 2 5 1 26 3 20 929 1961 143 1 0 6 34 1 9 48 1 27 1374 667 139 41 9 8 190 1 11 16 4 2 5 29 213 12 3 15 6 20 5 1 112 50 60 8 3 14 7457 1415 2258 803 26 6689 877 2610 17 25 52 13 18 25 15 6 97 80 96 236 2 0 2 37 3724 4484 149 15 3 1 1 31 17 10 20 3 2 3 3 26 23 95 9 2 44 93 25 35 10 115 69 61 178 137 20 78 1 1 12 7 1 19 533 13 378 16 17 458 433 7 42 7 14 151 11 5 4 50 24 60 1 14 2 1 3 7 1 3 6 14 8 4 11 12 7 2 15 7 5 61 78 20 52 17 11 4 4 31 6 207 376 275 44 14 195 4 11 12 24 34 23 9 15 17 3 58 10 1 24
