37006 11117 16905 3276 2024 2862 5955 13948 327 542 126 1643 2 33 46 23 19 9 7 3 123 86 7 7 42 3 7 16 6707 9297 453 23 56 22 5 2 18 44 39 5 631 2 20 7 7 3 24 23 63 18 80 262 899 878 1058 208 57 11 4 2 11 65 34 12 34 7 531 42 67 128 82 99 27 36 101 20 122 7 27 41 309 27 1817 718 740 200 65 93 44 10 26 406 169 103 86 118 409 2076 98 48 21 16 53 50 23 278 10 14 35 32 113 173 1 0 2 0 5 0 0 4 4 2 5 7 3 0 0 0 0 1 39 0 11 68 2 10 0 4 15 11 2 1 1 3 15 0 1 1 8 8 1 4 5 4 1 4 11 1 21 11 14 3 1 13 1 0 1 0 0 0 13 7 0 1 3 5 5 6 5 3 140 59 13 4 3 43 10 6 28 2 19 11 8 1 56 6 11 0 0 0
11117 20089 5746 15226 2162 2352 105 322 38 85 44 950 1 1 4 1 1 1 4 2 106 28 2 2 21 1 2 2 562 2716 407 4 9 5 0 0 0 6 3 4 416 4 10 5 0 0 10 10 28 4 22 87 121 170 224 188 36 4 1 0 3 20 7 3 10 1 212 9 2 50 22 67 7 10 25 4 34 0 5 9 110 8 580 222 445 132 32 33 21 1 2 125 68 43 43 23 201 189 43 5 31 19 80 55 36 365 10 15 74 74 147 208 0 0 0 0 1 0 0 3 1 0 0 3 3 2 0 0 0 0 33 1 14 61 1 2 0 0 10 6 1 0 0 2 7 0 1 0 3 2 1 4 1 3 1 3 5 4 2 5 14 5 2 8 0 1 0 0 0 1 15 6 0 0 0 1 1 5 0 0 188 39 2 0 2 53 5 2 6 0 19 2 3 2 79 9 14 1 0 2
16905 5746 25045 9354 229 6421 635 16779 535 5949 254 19868 1 5 6 4 7 2 2 2 90 44 0 1 32 1 7 3 702 338 80 16 32 8 2 0 1 8 3 6 516 4 4 4 5 3 6 8 49 11 57 136 342 368 535 163 31 6 3 0 3 37 25 9 11 11 283 12 13 62 34 156 9 41 29 7 285 4 28 16 197 25 1038 396 552 175 31 52 34 9 15 224 95 47 63 33 1143 943 77 13 129 59 237 199 81 1070 34 59 216 242 453 558 0 0 0 0 0 2 0 3 2 0 2 8 5 1 1 0 0 0 79 2 29 138 0 14 0 2 18 8 2 2 1 16 30 1 2 0 8 6 2 5 9 13 0 4 4 10 10 4 26 12 4 28 2 2 2 1 0 1 27 23 0 0 0 0 6 4 6 1 431 86 23 0 2 131 9 5 13 4 37 5 4 3 231 17 21 7 1 4
3276 15226 9354 19915 8011 13623 67 225 89 113 139 3335 0 7 12 3 3 3 2 4 167 85 4 2 31 1 0 1 198 1960 1366 12 27 4 0 0 0 8 10 2 469 1 5 4 1 1 6 3 15 3 9 28 42 58 103 114 14 2 1 1 3 12 14 5 15 0 64 9 14 25 20 168 9 18 21 1 96 0 27 10 42 8 298 111 514 191 24 18 12 0 5 49 25 20 18 22 513 123 63 7 89 66 213 146 79 1015 30 57 162 177 393 550 0 0 0 0 2 0 0 6 0 1 2 13 10 1 0 0 0 0 79 1 30 147 0 16 0 0 21 8 1 1 0 16 41 1 0 0 3 2 1 1 0 14 0 1 4 16 3 2 40 15 13 26 2 1 0 0 1 0 36 15 1 0 0 1 1 1 5 1 448 82 17 0 0 116 1 1 4 7 55 1 4 5 214 19 30 4 0 3
2024 2162 229 8011 11940 7841 243 160 37 61 86 2369 5 51 93 41 51 28 26 30 285 222 8 8 49 2 12 21 1911 6541 9180 158 272 122 11 7 65 176 69 9 556 4 31 24 3 16 12 53 19 5 16 36 113 159 169 156 617 49 5 6 32 46 33 21 63 5 201 108 149 31 54 229 173 24 325 47 51 5 64 7 73 5 419 216 663 288 67 38 33 3 65 102 30 28 46 909 143 265 150 64 14 15 42 33 24 230 6 7 29 28 84 163 0 3 2 1 4 0 2 8 2 2 4 6 5 1 1 0 0 2 35 0 21 77 1 12 0 2 25 30 4 7 3 7 10 0 4 0 15 21 3 3 3 5 1 3 3 5 5 6 18 4 1 20 2 2 6 3 1 1 17 5 1 7 2 8 2 3 12 1 147 72 15 0 7 49 2 6 10 4 21 6 6 0 60 9 16 2 1 3
2862 2352 6421 13623 7841 14900 299 633 162 447 347 17490 8 44 96 49 63 55 54 45 504 475 23 18 98 5 13 16 1106 3330 3071 1981 1518 133 3 10 73 481 90 14 801 9 38 90 14 23 25 77 36 19 16 44 123 105 194 221 45 29 4 3 50 52 53 7 63 13 147 88 148 32 80 1315 512 135 226 81 408 20 341 11 73 11 546 257 934 444 51 37 56 9 86 113 25 28 60 1454 1152 404 202 20 135 134 355 308 196 1814 43 87 260 290 731 1095 1 1 6 1 9 5 1 21 17 5 10 35 35 5 9 3 0 2 192 5 94 479 5 34 3 2 85 66 11 13 13 34 69 5 14 0 39 35 11 0 3 24 0 3 6 17 3 7 116 38 14 62 2 7 11 5 3 7 130 53 2 5 5 18 17 8 22 6 1021 308 65 5 5 355 2 2 3 28 152 12 16 6 410 55 74 9 2 12
5955 105 635 67 243 299 10728 6498 522 1753 587 817 4 19 22 15 4 2 6 5 19 33 0 0 6 0 0 13 3165 771 103 11 18 5 1 8 6 13 10 4 49 4 7 3 9 1 4 14 12 21 20 81 1055 392 690 27 29 3 4 3 2 27 18 9 12 12 71 13 70 17 16 95 9 30 44 4 219 9 14 12 68 19 535 146 70 24 22 31 12 6 7 92 43 16 20 50 1074 5446 21 9 1 3 7 6 11 45 2 4 10 5 19 24 0 0 1 0 0 0 0 0 0 0 0 2 1 0 0 0 0 0 5 1 5 18 0 2 0 1 6 5 1 0 1 1 0 0 0 0 4 0 3 1 1 0 0 0 1 2 1 4 4 3 0 2 0 2 1 0 1 1 4 1 0 1 1 2 3 1 3 0 20 23 3 0 0 17 1 0 1 0 6 2 0 0 15 2 2 2 0 0
13948 322 16779 225 160 633 6498 23654 1035 17927 4185 7279 1 2 4 2 1 3 2 0 30 12 2 3 20 1 3 3 1311 802 44 6 14 4 0 1 2 5 1 4 209 1 8 3 5 1 7 14 30 13 46 178 792 521 901 87 23 1 1 0 3 19 10 5 6 12 240 14 16 63 31 47 9 29 13 7 157 7 13 25 144 21 1135 405 233 61 23 45 20 4 6 218 86 37 36 19 678 1953 40 7 15 1 27 28 3 110 6 5 19 30 52 46 1 0 0 0 3 0 1 0 2 0 1 2 1 0 0 0 0 0 0 0 4 13 1 2 0 2 6 4 0 0 0 1 5 0 0 0 7 0 1 5 3 1 0 1 6 2 6 9 5 1 0 4 1 1 1 0 2 0 2 2 0 0 1 1 4 2 0 1 53 15 9 3 1 20 4 0 14 1 1 4 4 0 17 3 2 1 0 0
327 38 535 89 37 162 522 1035 920 1634 620 790 15 1 2 0 1 3 1 0 5 11 0 0 1 0 1 0 144 90 13 6 20 2 0 0 2 1 1 0 10 0 2 8 73 6 1 0 0 139 3 44 199 24 51 5 1 0 1 0 0 1 0 0 1 95 6 2 1 5 1 214 4 131 6 1 603 62 26 61 13 110 36 13 9 3 1 84 17 41 11 14 4 1 5 15 2110 2433 4 0 3 2 5 3 4 25 0 2 3 4 6 14 0 0 0 0 1 0 0 0 2 0 0 5 5 0 0 0 0 0 3 0 4 11 0 1 0 0 7 7 1 0 0 1 3 0 0 0 3 1 1 1 1 0 0 2 7 0 2 6 3 2 0 1 0 0 0 0 0 0 4 0 0 1 0 0 2 1 2 1 15 16 23 0 0 15 1 2 6 0 2 1 4 1 7 1 0 1 0 0
542 85 5949 113 61 447 1753 17927 1634 20320 12390 14824 2 1 1 0 0 2 1 0 15 9 1 0 3 0 0 1 266 95 22 6 21 0 0 0 1 2 1 2 33 0 3 5 12 0 1 1 9 15 13 55 342 113 316 11 9 0 0 0 1 8 4 0 3 16 50 3 1 14 4 175 4 33 4 2 376 11 18 14 45 22 333 104 62 21 7 15 2 1 4 61 26 8 8 9 2295 1296 7 1 43 7 70 65 16 251 16 14 49 65 107 108 0 0 0 0 0 0 0 0 0 0 0 3 0 0 1 0 0 0 16 0 4 39 0 1 0 0 7 2 0 0 0 4 8 0 0 1 2 0 0 1 1 5 0 0 1 2 2 2 11 1 0 3 0 0 0 0 0 0 5 0 0 1 0 0 3 0 0 0 86 10 6 0 0 38 0 1 7 0 6 2 0 0 59 4 6 0 0 1
126 44 254 139 86 347 587 4185 620 12390 6350 8479 0 0 0 2 2 1 2 1 17 13 1 0 3 0 0 0 109 72 36 25 98 1 0 0 2 13 1 1 22 0 0 6 6 2 1 1 1 8 3 11 108 38 111 6 2 3 0 1 0 1 2 1 3 4 13 2 2 5 2 818 16 30 8 0 409 11 53 3 13 8 112 33 38 9 0 10 2 3 1 11 4 1 2 24 2332 790 7 0 54 36 131 108 62 720 33 33 111 146 248 377 0 0 0 0 0 0 0 1 2 0 0 9 10 0 0 0 0 0 50 0 27 113 0 7 0 0 12 5 0 2 1 6 19 1 3 0 5 0 0 0 0 13 0 1 4 3 1 7 26 8 3 24 0 0 0 0 1 0 24 12 0 2 0 0 5 1 2 0 330 67 18 3 1 92 0 0 2 4 48 3 1 4 167 21 18 6 1 2
1643 950 19868 3335 2369 17490 817 7279 790 14824 8479 37557 11 24 32 22 24 22 34 8 261 282 9 4 49 4 4 7 514 1313 791 928 1892 56 0 3 24 285 24 9 533 2 22 124 23 18 12 24 24 26 9 58 231 109 229 108 22 56 4 3 22 27 13 8 28 23 103 30 43 24 38 3061 621 244 168 32 929 45 411 8 55 18 471 214 497 200 21 23 25 12 37 82 31 18 28 933 4300 1247 106 10 317 229 716 524 306 3483 95 167 575 543 1381 2165 0 1 3 1 7 1 1 16 13 4 9 51 35 3 5 0 0 4 336 3 135 752 3 57 1 3 88 45 4 16 3 60 136 6 5 2 46 26 11 3 3 48 1 4 17 44 7 17 155 61 21 124 2 3 7 3 3 5 182 65 2 5 4 8 19 1 18 3 1890 473 104 9 2 606 2 0 11 26 244 7 7 11 834 89 130 23 3 12
2 1 1 0 5 8 4 1 15 2 0 11 8461 5 10 336 98 4541 4854 77 2 8 4 21 1 1 47 16 7 6 4 7 9 4 6 3 17 600 82 3 44 15 51 5305 4011 2970 6 8 8 535 1 38 3 1 1 0 1 6 5 1 306 9 10 45 22 3172 2 2 32 5 14 70 117 1123 5 12 146 254 213 91 22 273 2 2 1 1 1 223 100 238 295 13 0 3 17 16 45 13 1 5 1 2 0 1 6 5 0 0 0 0 1 5 9 73 414 8 4 96 7 990 61 520 38 10 2 4 3 4 3 51 16 7 19 7 1 17 3 7 29 32 269 13 169 3 7 24 27 26 102 1172 8 3 11 1 0 7 3 3 4 5 6 0 0 4 9 11 103 32 16 179 4 13 10 4 16 116 4 1 82 27 6 23 126 3 16 4 4 9 13 3 5 31 10 15 0 0 2 5 0 0
33 1 5 7 51 44 19 2 1 1 0 24 5 6194 6908 850 1002 58 144 186 31 36 64 250 6 10 3174 1490 538 113 360 9 9 156 4347 5699 1781 99 143 1643 287 35 249 5 1 11 186 11 22 2 0 2 35 40 19 5 332 291 2201 264 19 34 60 431 304 2 110 406 72 18 10 5 8 12 489 11 2 1 4 0 16 0 39 32 31 33 22 10 8 4 19 32 1 9 69 268 0 45 43 203 1 0 0 0 1 3 0 1 0 0 1 4 48 49 4 49 29 101 38 46 172 224 227 16 13 6 16 8 2 37 0 0 1 1 11 6 26 44 19 74 12 72 8 0 8 9 8 5 80 12 49 0 1 0 0 1 0 1 0 0 2 0 0 2 0 49 1 7 8 1 1 1 0 19 1 6 0 0 9 0 4 20 16 1 1 14 1 0 0 1 2 3 3 1 5 1 5 2 3 2
46 4 6 12 93 96 22 4 2 1 0 32 10 6908 15553 9866 2511 243 509 761 88 106 304 379 28 29 1983 5625 591 213 366 12 35 163 1293 1387 2177 169 539 650 1018 135 442 15 3 21 164 31 88 9 7 4 25 43 29 8 274 414 918 196 35 107 73 310 337 5 93 399 126 57 36 12 15 36 1011 35 3 6 3 1 51 4 46 33 52 33 47 23 44 7 64 119 19 39 184 522 5 51 47 232 5 2 0 2 6 5 0 9 0 0 1 10 96 70 12 86 44 117 51 81 251 335 302 59 24 17 16 19 14 59 6 3 3 9 23 15 51 74 48 141 27 168 13 0 17 12 3 2 127 36 87 5 4 2 1 6 0 1 1 3 2 0 2 1 1 135 4 15 6 4 9 12 4 54 0 10 0 3 23 5 8 32 36 8 4 28 1 2 7 7 9 14 9 2 9 0 18 5 4 13
23 1 4 3 41 49 15 2 0 0 2 22 336 850 9866 19349 394 1955 3415 1842 43 59 236 310 14 19 1338 4597 380 110 203 12 24 107 260 253 390 233 2628 111 1096 207 350 12 8 49 74 62 113 8 6 3 19 36 41 4 210 246 345 116 142 115 69 165 318 12 73 231 292 74 64 11 12 32 503 76 3 2 5 1 58 5 43 15 34 19 15 53 71 14 100 178 20 45 207 356 0 35 31 116 0 5 1 0 4 3 0 3 0 0 1 11 83 163 151 58 14 119 19 614 146 581 110 18 12 5 7 19 5 122 9 5 11 3 5 8 26 28 22 64 189 55 78 1 6 19 9 16 149 269 37 2 11 3 0 6 0 1 0 6 3 3 1 0 8 55 17 19 8 12 3 4 4 18 3 17 1 3 21 7 4 21 42 3 2 11 2 5 6 3 2 6 14 7 5 1 4 4 4 4
19 1 7 3 51 63 4 1 1 0 2 24 98 1002 2511 394 1708 824 1187 1176 44 92 150 272 34 55 180 52 94 92 59 49 48 90 279 241 1408 716 60 523 401 54 209 140 65 184 244 15 41 35 5 8 5 11 14 3 71 159 286 68 127 66 62 45 33 13 17 133 38 26 17 21 47 132 521 13 4 208 28 11 20 27 14 12 28 18 18 25 26 21 52 49 10 20 109 290 1 11 19 38 3 7 3 2 15 19 0 35 0 0 3 57 147 70 21 80 105 50 79 63 508 238 309 168 166 40 79 29 21 120 17 10 13 44 102 77 125 139 185 459 22 487 18 10 54 32 21 10 593 61 363 9 4 5 4 4 3 9 1 3 12 7 2 3 6 271 8 29 17 16 60 44 11 165 4 24 4 2 26 9 34 165 133 50 6 131 0 5 5 35 32 5 24 7 41 10 70 32 13 60
9 1 2 3 28 55 2 3 3 2 1 22 4541 58 243 1955 824 12871 5009 662 26 86 112 772 14 13 1135 1025 72 31 26 29 70 53 84 39 366 1360 4378 71 1127 422 1805 354 117 6467 65 151 90 42 2 5 8 13 20 6 35 77 89 20 3854 129 164 1882 702 194 34 72 625 28 130 39 117 247 174 391 5 31 26 1 54 5 31 13 24 23 11 76 165 25 390 153 9 28 339 145 2 5 12 23 0 24 0 2 18 11 1 5 1 0 2 23 50 682 1679 77 33 309 18 2492 166 1851 88 19 18 9 10 49 5 482 89 17 48 33 17 58 28 27 82 142 1253 53 865 14 28 89 69 130 417 2372 26 14 12 8 1 6 3 5 1 2 12 5 0 10 73 43 152 182 30 129 20 33 33 26 16 198 2 11 77 18 17 57 211 23 18 16 0 10 15 7 9 27 22 42 5 1 10 10 11 12
7 4 2 2 26 54 6 2 1 1 2 34 4854 144 509 3415 1187 5009 51005 7554 27 70 109 406 34 36 1164 239 36 22 23 32 69 37 181 27 282 2881 132 334 440 85 408 8633 1294 2872 97 69 75 546 1 39 4 7 5 4 19 68 80 15 288 159 101 251 55 587 17 61 70 80 81 49 226 4578 145 76 24 1865 75 49 78 166 18 9 23 7 8 247 174 280 462 124 16 56 248 116 15 7 11 15 7 13 2 4 10 16 2 48 0 0 5 44 659 1204 1463 671 151 1365 216 5547 1914 8007 1374 168 125 68 99 109 76 979 27 14 23 50 66 61 318 297 199 722 763 629 245 17 79 118 98 181 2025 1174 353 30 27 10 6 27 2 5 2 9 20 7 4 4 17 467 72 132 47 93 33 31 18 144 27 120 10 6 193 42 51 186 1154 33 15 201 2 13 30 29 16 84 50 21 64 13 54 31 19 54
3 2 2 4 30 45 5 0 0 0 1 8 77 186 761 1842 1176 662 7554 5157 34 61 125 378 19 60 305 47 65 69 52 12 23 49 148 79 320 146 46 486 414 67 319 125 44 103 112 30 64 24 1 2 6 13 14 3 55 114 163 47 84 130 62 53 27 11 19 81 32 50 27 11 21 141 322 25 3 152 6 5 46 12 13 7 6 10 8 25 50 9 51 97 14 24 212 152 3 10 8 36 1 7 1 4 3 12 0 40 2 0 0 21 284 202 44 167 64 88 82 85 614 475 420 128 79 32 61 46 32 187 15 5 4 15 51 31 162 166 87 283 24 484 49 2 39 53 22 11 517 61 251 12 5 2 1 3 0 5 0 3 4 3 4 3 4 272 6 53 17 12 23 22 8 134 10 18 6 5 38 9 20 85 123 24 5 107 4 2 9 14 18 13 14 1 48 8 36 22 9 45
123 106 90 167 285 504 19 30 5 15 17 261 2 31 88 43 44 26 27 34 5338 5444 1094 191 809 186 81 10 195 152 301 88 230 175 5 5 93 267 24 359 1273 32 153 28 5 14 174 12 30 4 4 16 12 30 104 1951 89 90 43 27 22 76 84 34 40 4 58 109 39 22 25 150 142 98 579 11 67 10 65 2 30 7 1322 42 3701 684 85 17 21 7 24 65 14 17 115 447 21 48 1259 99 2 7 2 2 13 18 1 3 1 2 6 38 10 1 1 4 30 7 1 11 28 17 22 17 15 1 8 2 0 6 10 0 4 31 9 20 4 12 47 97 1 25 2 5 9 4 1 0 42 9 28 0 1 4 0 3 1 0 2 1 5 6 1 5 0 23 1 1 0 1 9 1 0 22 0 1 2 1 1 1 66 86 30 9 1 41 1 0 5 10 8 6 1 1 10 2 9 8 0 5
86 28 44 85 222 475 33 12 11 9 13 282 8 36 106 59 92 86 70 61 5444 14138 3043 944 8254 1299 313 21 258 202 165 162 603 489 20 8 219 836 43 3530 1374 174 1039 100 15 36 839 66 140 26 8 16 17 39 53 255 102 167 85 50 86 443 450 136 79 14 122 176 99 140 85 280 479 318 942 53 146 52 165 4 150 11 396 115 2980 907 346 45 87 21 132 135 36 76 816 657 44 45 2932 111 4 7 7 3 12 40 0 2 2 2 16 70 15 10 2 13 60 16 35 13 142 34 79 69 47 10 21 5 3 19 18 3 10 51 32 48 12 50 148 313 10 85 7 5 27 12 6 3 166 23 62 4 4 5 0 6 1 4 2 2 16 1 1 2 2 46 6 12 15 3 20 11 2 53 14 12 6 1 22 9 74 155 100 14 8 67 1 4 13 10 25 18 6 1 16 3 25 16 2 20
7 2 0 4 8 23 0 2 0 1 1 9 4 64 304 236 150 112 109 125 1094 3043 4426 6195 520 2438 991 44 19 9 8 23 133 256 12 16 269 329 73 2956 3974 1029 1640 23 8 15 119 22 204 4 6 5 1 7 8 13 5 22 18 54 45 54 39 38 11 4 22 25 23 33 19 48 87 49 83 34 24 8 30 2 42 8 32 25 97 54 20 30 34 11 61 146 22 31 261 53 6 4 122 13 0 2 0 1 2 5 0 1 1 0 2 13 9 9 5 2 12 5 12 7 42 18 31 20 7 4 3 0 0 10 1 1 3 8 7 7 4 8 9 40 2 26 1 0 6 3 4 1 34 9 19 2 4 0 1 0 2 1 0 1 2 1 0 0 0 11 4 2 1 6 6 6 0 17 6 2 1 1 1 0 18 24 19 2 0 18 1 3 5 7 4 4 4 0 3 0 2 1 3 6
7 2 1 2 8 18 0 3 0 0 0 4 21 250 379 310 272 772 406 378 191 944 6195 11187 545 1976 4992 163 56 15 14 6 21 18 468 27 61 128 279 4410 2075 3589 2953 8 7 243 904 24 289 5 6 5 10 38 27 16 33 16 173 8 531 58 84 205 42 13 141 175 59 51 21 6 15 33 35 40 4 7 6 1 49 4 85 85 134 191 121 17 44 12 116 194 12 54 346 19 0 2 173 14 0 0 0 0 2 1 0 0 0 0 0 0 10 6 8 6 13 25 7 27 52 38 56 10 7 2 2 0 2 3 0 1 1 5 2 5 7 19 17 47 8 19 8 2 7 1 0 0 27 48 9 4 3 1 0 2 0 0 0 0 0 0 0 0 1 11 9 5 3 5 1 0 1 4 3 7 0 3 8 4 1 9 11 1 0 5 1 3 5 1 2 8 2 0 0 0 3 4 1 0
42 21 32 31 49 98 6 20 1 3 3 49 1 6 28 14 34 14 34 19 809 8254 520 545 8138 441 188 30 210 52 120 20 37 31 12 4 36 118 31 2620 641 42 786 25 4 25 3904 37 67 10 11 25 38 195 114 169 220 27 24 9 89 285 429 238 128 4 1371 149 93 80 41 31 60 107 115 26 14 14 24 10 117 5 707 785 1909 2971 3102 32 31 8 74 94 32 32 493 101 9 10 5542 334 0 3 0 0 4 6 1 1 0 0 1 8 11 3 1 7 32 10 19 11 57 11 38 25 21 4 9 1 1 9 1 1 3 17 12 20 5 23 64 154 5 34 2 3 13 4 3 0 62 6 26 8 3 0 0 2 1 1 4 3 3 2 1 1 1 27 1 5 4 4 4 3 0 17 4 5 0 3 17 1 14 50 38 6 1 15 0 2 6 3 7 12 5 2 0 0 10 7 1 11
3 1 1 1 2 5 0 1 0 0 0 4 1 10 29 19 55 13 36 60 186 1299 2438 1976 441 2645 562 3 6 3 1 7 17 15 11 2 11 35 2 3453 437 35 265 6 0 1 59 3 14 3 0 0 0 2 2 2 2 5 7 1 4 16 28 10 3 0 25 0 5 13 4 3 13 19 16 11 0 4 3 0 6 1 10 18 44 27 5 0 2 0 13 18 2 7 82 8 0 0 87 3 0 0 0 0 1 1 0 0 0 0 0 0 4 2 0 2 7 9 6 2 13 14 17 6 3 1 3 0 0 0 0 0 0 0 3 1 2 6 8 23 1 12 2 0 2 0 0 0 17 3 3 0 1 0 0 0 0 0 0 0 1 0 0 0 0 6 1 0 2 0 1 0 0 0 1 1 1 1 0 0 4 4 1 0 1 3 0 1 2 0 0 2 1 0 0 0 1 1 0 0
7 2 7 0 12 13 0 3 1 0 0 4 47 3174 1983 1338 180 1135 1164 305 81 313 991 4992 188 562 18260 9458 159 11 59 2 13 52 6188 379 134 84 385 4545 626 185 2301 11 3 79 830 26 65 2 4 2 19 52 19 11 142 52 794 27 165 53 124 3946 388 2 280 317 98 19 11 3 6 32 51 13 6 1 6 2 24 1 62 86 77 145 113 15 18 5 36 77 11 15 182 21 1 6 167 62 0 0 0 0 2 1 0 2 0 1 0 5 19 13 15 21 19 57 11 82 78 110 103 11 8 5 7 2 0 16 1 1 2 4 3 5 5 15 18 53 44 32 16 0 5 6 2 0 37 100 19 1 4 1 0 1 0 0 0 1 0 1 0 0 0 18 8 7 2 5 1 3 0 12 2 9 1 0 6 2 4 8 19 0 3 3 0 2 4 2 1 2 4 1 2 0 2 4 1 3
16 2 3 1 21 16 13 3 0 1 0 7 16 1490 5625 4597 52 1025 239 47 10 21 44 163 30 3 9458 12621 514 55 303 2 20 96 601 305 97 61 4969 113 284 68 248 7 5 149 149 52 20 3 2 3 28 67 26 4 416 141 620 74 299 61 125 2653 1267 8 334 342 392 10 18 3 4 12 156 20 1 2 2 0 14 4 48 54 38 77 69 8 11 4 36 43 9 12 50 105 2 26 118 163 0 8 0 0 13 2 0 1 0 0 0 8 16 78 199 21 16 73 8 959 70 303 75 5 12 4 0 10 0 37 24 11 26 8 4 11 8 10 17 51 408 22 200 8 5 15 11 1 62 960 10 3 3 1 0 1 0 1 0 1 3 2 0 7 14 15 51 23 5 14 4 4 8 7 5 54 2 0 10 3 1 21 20 5 7 4 1 1 1 0 1 7 3 17 1 0 3 4 2 0
6707 562 702 198 1911 1106 3165 1311 144 266 109 514 7 538 591 380 94 72 36 65 195 258 19 56 210 6 159 514 34163 16407 2877 60 144 91 64 81 193 155 813 86 314 14 235 13 4 40 164 403 32 30 14 66 2107 9345 846 85 6761 100 137 20 109 823 1109 393 1216 19 2672 530 1550 187 235 334 79 92 1771 125 225 7 105 14 176 11 883 1304 349 235 2019 39 88 12 81 140 62 35 275 1005 234 5042 371 919 18 32 26 35 37 154 6 8 27 15 72 166 4 10 16 4 14 6 6 22 26 10 16 28 24 6 5 0 0 3 44 1 27 116 7 28 2 12 78 85 22 26 30 8 29 7 22 0 56 83 16 7 4 10 0 10 3 7 6 5 34 12 4 16 6 9 31 13 7 4 27 18 3 10 13 37 4 5 39 20 207 189 43 8 9 98 3 5 5 4 40 18 14 5 55 4 32 7 2 12
9297 2716 338 1960 6541 3330 771 802 90 95 72 1313 6 113 213 110 92 31 22 69 152 202 9 15 52 3 11 55 16407 21686 5581 39 126 107 10 26 119 186 149 11 439 9 30 12 2 10 18 65 40 6 32 125 561 740 551 154 1983 41 9 17 34 84 69 25 104 3 757 139 211 89 64 128 91 31 613 57 54 2 35 25 184 12 1032 456 563 175 155 51 54 10 55 195 84 63 93 1575 173 994 113 559 19 18 35 22 25 233 6 13 24 20 65 143 0 1 4 0 5 2 0 20 12 6 3 10 6 0 3 0 0 0 28 0 13 61 0 11 0 1 25 30 11 5 11 4 16 4 4 1 15 24 6 8 8 4 0 2 6 3 6 5 12 1 1 4 1 6 12 5 5 1 15 9 0 2 4 7 2 5 11 4 123 68 22 0 4 51 8 9 13 5 18 12 8 1 51 7 4 3 0 4
453 407 80 1366 9180 3071 103 44 13 22 36 791 4 360 366 203 59 26 23 52 301 165 8 14 120 1 59 303 2877 5581 8194 21 63 48 57 63 91 64 417 16 894 13 55 4 1 11 54 92 22 2 11 54 138 291 205 281 7557 115 90 17 43 110 162 91 658 2 735 655 566 37 75 58 46 23 1866 32 24 4 22 6 111 6 737 437 1095 591 2709 35 37 3 28 102 65 42 98 1707 56 187 1118 5840 12 9 14 11 9 101 7 6 7 11 28 62 2 1 9 2 12 1 1 16 9 2 8 10 6 0 1 1 0 4 17 2 7 27 3 13 3 7 24 44 13 7 7 2 9 4 3 1 17 26 12 2 5 2 0 1 1 0 1 8 9 2 2 6 0 6 11 2 3 0 9 4 0 9 0 13 0 1 10 5 68 47 14 2 0 34 1 3 8 4 9 7 4 1 28 1 12 1 2 2
23 4 16 12 158 1981 11 6 6 6 25 928 7 9 12 12 49 29 32 12 88 162 23 6 20 7 2 2 60 39 21 3999 5921 1047 3 4 57 519 7 4 104 4 10 64 8 21 7 19 2 6 5 5 14 17 32 8 7 1969 6 36 21 10 11 4 3 7 28 303 25 8 19 1161 1043 47 2753 28 51 7 206 1 17 1 69 36 57 25 4 10 19 7 24 17 10 2 9 5025 68 22 32 3 11 13 15 12 30 81 3 6 2 15 34 75 3 0 4 0 6 1 1 7 5 4 5 14 5 0 1 0 0 2 27 2 14 75 1 8 1 4 33 30 4 7 0 7 24 1 1 1 20 16 4 0 2 5 0 0 3 4 0 6 16 8 1 10 2 3 4 0 1 0 17 7 0 1 0 5 5 3 9 2 108 108 25 2 0 61 0 2 2 2 31 2 4 1 29 3 14 4 0 3
56 9 32 27 272 1518 18 14 20 21 98 1892 9 9 35 24 48 70 69 23 230 603 133 21 37 17 13 20 144 126 63 5921 9879 5026 13 12 136 4425 22 30 266 5 22 124 20 28 29 17 6 18 4 22 28 44 62 15 31 2986 64 268 40 14 10 9 19 8 36 1069 30 9 16 3531 3485 122 4523 20 102 27 344 9 38 11 160 83 121 52 17 14 13 8 39 35 7 8 19 4093 166 59 82 16 21 37 17 18 40 179 8 20 23 13 60 191 3 5 4 3 14 4 2 11 14 2 4 55 34 2 6 1 1 3 52 3 35 217 4 70 2 5 184 73 4 15 5 26 57 0 9 1 64 20 16 2 1 16 1 1 10 11 1 14 68 20 3 22 4 4 3 1 1 3 53 26 5 9 3 6 10 2 7 1 319 433 114 14 0 218 3 0 6 9 95 1 7 4 75 9 49 12 3 25
22 5 8 4 122 133 5 4 2 0 1 56 4 156 163 107 90 53 37 49 175 489 256 18 31 15 52 96 91 107 48 1047 5026 10667 99 295 3313 1655 85 42 295 10 43 23 0 6 154 32 13 2 2 17 39 38 82 20 39 9301 897 4730 25 18 30 58 112 6 38 3464 128 11 23 216 531 66 3981 25 12 3 48 1 33 2 129 59 66 41 24 7 9 2 13 26 11 9 28 1043 3 9 58 38 8 11 8 3 21 33 0 6 3 0 3 56 2 3 4 3 32 5 9 10 51 3 16 40 52 2 8 5 1 5 21 2 15 98 14 101 5 13 263 259 8 30 6 14 54 3 5 1 129 15 28 2 3 15 0 1 7 14 4 13 38 8 1 9 3 25 4 5 4 3 53 15 4 29 1 10 7 3 6 1 107 424 66 8 5 107 1 1 6 9 72 2 5 3 8 4 47 13 6 22
5 0 2 0 11 3 1 0 0 0 0 0 6 4347 1293 260 279 84 181 148 5 20 12 468 12 11 6188 601 64 10 57 3 13 99 3323 2688 373 129 100 2761 50 12 570 6 1 14 968 13 3 0 0 0 2 9 10 3 65 96 1886 105 31 22 91 579 179 3 38 379 68 4 7 4 5 39 59 7 2 1 2 0 4 0 10 15 9 16 48 0 2 1 9 1 2 1 104 35 0 2 31 30 0 0 0 0 2 2 1 2 0 1 1 4 21 16 2 25 32 32 21 22 107 74 137 38 25 7 18 4 4 16 2 1 1 3 18 17 21 35 27 122 14 77 7 2 10 6 0 1 76 17 50 2 0 1 0 0 0 0 0 0 2 2 1 0 0 51 3 8 0 1 10 4 1 43 4 4 0 0 10 0 7 25 11 2 1 5 1 0 1 5 4 1 2 0 2 1 8 12 2 7
2 0 0 0 7 10 8 1 0 0 0 3 3 5699 1387 253 241 39 27 79 5 8 16 27 4 2 379 305 81 26 63 4 12 295 2688 2822 894 104 184 302 54 6 29 1 0 1 155 5 3 0 0 0 4 10 4 1 45 392 3575 1452 7 8 11 57 137 0 20 290 64 1 2 2 4 1 121 3 0 0 1 0 1 0 5 7 5 4 6 0 1 0 2 1 0 2 14 59 0 4 9 26 0 2 0 0 1 1 0 0 0 0 0 4 2 1 3 3 4 11 3 6 25 13 26 8 7 0 4 0 0 7 0 0 1 5 4 6 1 5 7 24 2 7 4 0 4 2 1 1 17 7 19 0 0 0 0 0 0 1 0 0 0 1 0 0 1 11 2 2 1 0 2 3 1 8 0 4 0 0 2 0 0 9 3 2 2 1 0 0 0 0 2 0 0 0 1 0 4 0 0 2
18 0 1 0 65 73 6 2 2 1 2 24 17 1781 2177 390 1408 366 282 320 93 219 269 61 36 11 134 97 193 119 91 57 136 3313 373 894 2702 657 107 150 426 21 64 8 9 41 249 13 11 5 2 5 17 21 20 6 84 726 783 3817 107 15 26 55 101 2 24 666 39 3 6 29 47 33 1114 11 4 21 13 0 9 4 42 22 51 25 26 8 10 1 20 21 1 7 32 444 1 14 28 67 3 6 2 3 15 14 2 2 1 0 3 36 15 8 6 6 35 7 12 15 94 29 51 47 48 8 29 1 1 25 18 6 8 32 20 53 19 22 124 241 9 97 10 2 29 6 4 2 158 21 97 1 1 7 0 2 3 0 0 3 7 4 0 2 7 71 3 6 5 2 36 15 2 67 3 13 3 0 6 2 30 124 47 24 1 37 1 1 2 24 34 6 5 4 2 1 29 23 4 29
44 6 8 8 176 481 13 5 1 2 13 285 600 99 169 233 716 1360 2881 146 267 836 329 128 118 35 84 61 155 186 64 519 4425 1655 129 104 657 4728 77 260 510 27 159 1432 335 805 360 67 34 162 7 68 42 44 85 28 52 821 354 415 515 48 52 62 63 144 61 655 56 23 110 927 5193 772 1563 125 100 542 477 30 53 92 158 98 155 95 53 124 123 108 326 54 19 20 113 1212 22 29 135 35 19 24 8 15 47 90 0 40 7 2 8 206 78 63 62 52 132 77 67 184 435 272 266 211 228 29 85 10 13 68 70 19 41 264 84 243 52 117 663 889 53 392 40 40 167 32 40 16 802 201 327 10 12 26 1 16 14 31 12 26 125 34 7 17 9 184 34 40 19 26 183 74 26 174 25 70 26 11 86 22 297 1049 428 101 16 352 12 7 19 94 158 26 23 18 44 12 133 67 24 171
39 3 3 10 69 90 10 1 1 1 1 24 82 143 539 2628 60 4378 132 46 24 43 73 279 31 2 385 4969 813 149 417 7 22 85 100 184 107 77 17663 57 710 301 1280 11 8 189 74 263 77 12 7 4 60 76 48 5 443 211 457 94 7005 123 182 836 7596 35 205 347 7017 29 123 7 6 20 489 1010 3 4 4 2 48 2 71 40 51 54 46 49 167 16 645 114 8 24 267 349 0 47 75 210 3 13 1 0 11 8 0 5 0 1 5 30 20 255 752 38 11 107 11 1550 95 512 72 25 10 7 7 32 6 155 87 28 39 23 6 64 11 16 39 106 910 37 919 15 12 81 86 51 152 2488 23 7 11 9 1 10 1 4 2 5 6 9 2 12 48 18 409 177 40 94 17 34 41 19 23 421 3 3 111 46 3 13 44 21 33 7 3 8 13 8 9 35 30 57 0 1 14 6 16 3
5 4 6 2 9 14 4 4 0 2 1 9 3 1643 650 111 523 71 334 486 359 3530 2956 4410 2620 3453 4545 113 86 11 16 4 30 42 2761 302 150 260 57 7129 865 151 2443 38 4 24 2105 19 84 8 3 10 11 66 37 36 46 27 427 15 59 118 192 351 38 5 324 200 47 36 16 12 34 168 39 27 5 15 12 3 44 2 145 181 275 428 234 17 32 13 41 65 14 18 518 21 2 1 460 19 0 1 1 1 2 1 0 5 0 0 1 13 46 39 8 58 66 138 85 58 303 293 371 63 36 18 29 4 4 44 1 0 1 13 19 28 38 72 66 253 22 141 7 1 24 4 5 2 180 31 71 4 2 1 0 1 1 1 1 2 1 1 0 1 0 111 5 6 6 4 9 5 2 66 5 12 3 3 21 4 10 62 43 8 7 13 1 2 1 7 2 14 9 0 5 1 5 15 0 12
631 416 516 469 556 801 49 209 10 33 22 533 44 287 1018 1096 401 1127 440 414 1273 1374 3974 2075 641 437 626 284 314 439 894 104 266 295 50 54 426 510 710 865 7709 4971 2117 90 57 509 280 276 2837 71 66 57 22 40 970 825 255 132 63 50 1070 311 196 115 203 57 111 115 548 384 381 212 192 126 738 482 111 18 105 28 576 105 1106 131 944 313 195 499 687 126 1267 2115 193 732 1404 614 50 59 477 223 6 8 5 10 20 68 4 15 5 6 24 71 15 12 24 7 24 27 8 44 67 37 47 25 24 6 16 5 4 12 31 1 15 67 15 43 9 18 89 103 27 65 30 11 19 23 30 5 101 167 38 68 92 6 4 37 9 9 10 41 22 8 5 7 5 36 49 18 15 26 32 24 0 31 29 54 27 66 105 16 119 173 57 14 22 74 40 42 191 11 28 119 73 7 19 1 27 5 5 17
2 4 4 1 4 9 4 1 0 0 0 2 15 35 135 207 54 422 85 67 32 174 1029 3589 42 35 185 68 14 9 13 4 5 10 12 6 21 27 301 151 4971 4449 6378 10 18 410 47 58 1059 5 7 2 1 4 22 2 11 9 11 5 753 58 20 31 133 28 30 17 292 46 35 4 5 8 27 166 0 0 2 0 59 3 26 15 16 11 12 42 107 24 689 387 29 82 350 21 0 5 22 4 0 0 0 0 0 0 0 0 0 0 0 2 1 2 8 0 2 4 5 21 5 8 6 1 2 0 0 1 0 5 1 0 0 0 0 1 0 2 5 8 12 3 14 0 3 10 13 0 4 92 1 5 6 1 0 5 0 0 0 1 0 0 0 1 0 2 38 5 6 10 0 0 1 1 7 31 1 6 26 8 1 3 4 1 3 2 1 3 6 0 0 16 6 3 0 0 1 0 1 1
20 10 4 5 31 38 7 8 2 3 0 22 51 249 442 350 209 1805 408 319 153 1039 1640 2953 786 265 2301 248 235 30 55 10 22 43 570 29 64 159 1280 2443 2117 6378 8864 83 113 2686 1328 165 1126 29 8 18 47 108 80 35 141 66 315 18 5233 294 759 5138 1153 212 588 342 1741 124 105 24 43 62 130 692 11 6 14 6 165 12 204 265 276 457 343 74 193 75 3991 549 55 165 2090 85 1 13 420 56 0 1 0 2 2 4 0 1 0 0 0 4 11 12 45 14 17 34 13 107 65 76 71 23 12 6 5 6 2 17 16 4 6 6 6 11 6 15 28 97 47 21 41 3 6 21 60 2 57 479 12 18 14 5 1 19 1 0 1 9 4 0 0 1 3 19 157 27 15 61 4 4 5 18 30 164 3 6 179 40 5 19 33 6 27 3 7 9 13 7 2 57 18 5 0 0 2 2 1 6
7 5 4 4 24 90 3 3 8 5 6 124 5305 5 15 12 140 354 8633 125 28 100 23 8 25 6 11 7 13 12 4 64 124 23 6 1 8 1432 11 38 90 10 83 13886 3782 1004 41 57 34 1925 8 157 10 9 37 4 8 18 23 9 206 36 56 19 9 1365 20 56 20 15 122 897 1696 4135 50 66 633 4450 4374 311 112 864 51 26 25 28 11 781 413 844 1006 42 13 12 105 91 31 17 25 1 9 11 2 4 18 34 0 11 1 2 4 64 42 63 256 48 94 170 55 871 356 969 233 112 91 14 36 13 4 48 18 6 18 80 30 97 22 64 329 519 127 160 55 15 68 33 65 17 593 525 108 22 25 9 2 26 16 14 21 32 43 9 2 7 12 88 86 38 20 63 44 32 10 59 55 97 17 19 250 46 87 423 535 35 35 114 14 23 43 33 54 100 34 9 23 4 65 42 9 59
7 0 5 1 3 14 9 5 73 12 6 23 4011 1 3 8 65 117 1294 44 5 15 8 7 4 0 3 5 4 2 1 8 20 0 1 0 9 335 8 4 57 18 113 3782 16691 2923 7 15 31 5571 1 34 8 2 5 2 2 4 3 2 89 32 38 22 13 3258 5 5 38 11 49 200 240 306 10 12 809 318 674 101 71 647 5 5 5 7 1 839 500 3918 2354 25 1 9 114 5 321 107 13 0 1 3 1 1 1 8 0 1 0 0 0 9 1 9 93 4 3 14 5 189 41 71 22 9 3 6 5 6 0 10 23 7 9 8 2 7 0 8 20 37 75 10 77 2 6 88 264 11 69 1247 9 32 42 5 3 64 4 3 0 16 6 4 1 6 14 4 479 99 69 316 16 14 11 1 125 512 11 22 990 201 3 23 36 3 112 9 6 57 46 7 4 212 72 11 5 2 3 3 4 1
3 0 3 1 16 23 1 1 6 0 2 18 2970 11 21 49 184 6467 2872 103 14 36 15 243 25 1 79 149 40 10 11 21 28 6 14 1 41 805 189 24 509 410 2686 1004 2923 6970 21 41 71 272 1 4 9 11 19 3 21 14 24 3 1871 41 103 967 385 1910 67 25 142 27 34 48 126 197 30 59 26 66 60 3 32 33 37 22 27 37 12 93 112 235 2430 107 12 15 370 46 11 10 30 9 2 12 1 0 16 8 0 2 0 0 1 22 14 147 964 21 22 82 9 999 152 462 42 18 11 5 8 43 3 136 59 39 44 17 10 32 9 11 66 123 455 21 775 16 19 172 312 54 255 3619 22 15 25 10 4 18 0 5 4 6 10 7 2 7 48 23 847 300 51 561 22 46 39 13 55 781 1 21 318 87 14 51 112 36 70 12 2 10 30 16 12 66 40 35 3 1 11 9 17 6
24 10 6 6 12 25 4 7 1 1 1 12 6 186 164 74 244 65 97 112 174 839 119 904 3904 59 830 149 164 18 54 7 29 154 968 155 249 360 74 2105 280 47 1328 41 7 21 8978 35 34 8 4 16 31 113 81 50 174 172 1574 69 61 108 283 542 199 8 744 2869 111 36 30 18 46 264 220 17 9 20 12 5 36 8 263 323 418 747 4747 13 21 8 39 41 13 25 386 34 4 10 840 103 1 10 3 1 10 10 1 4 1 0 2 29 50 28 7 28 122 47 78 33 264 96 203 108 64 16 52 6 5 27 6 1 6 32 22 71 36 94 176 543 32 152 11 8 46 11 3 1 250 33 92 5 3 4 1 1 0 6 0 3 10 1 1 1 2 138 6 16 5 1 23 16 4 86 4 11 3 3 16 8 23 129 123 19 1 20 1 1 8 11 20 8 3 5 2 4 32 29 6 24
23 10 8 3 53 77 14 14 0 1 1 24 8 11 31 62 15 151 69 30 12 66 22 24 37 3 26 52 403 65 92 19 17 32 13 5 13 67 263 19 276 58 165 57 15 41 35 28863 208 565 9 18 27 72 29 5 151 94 63 25 281 11866 1748 433 725 11 249 144 11971 248 6733 15 19 14 202 5641 4 2 9 20 672 112 92 57 79 72 25 1597 3925 106 1236 274 46 78 758 232 5 31 67 44 3 3 0 0 4 3 1 7 0 1 0 5 1 5 18 10 6 25 2 30 31 14 20 7 2 11 12 7 7 8 46 22 17 7 7 12 3 3 12 26 23 30 20 14 6 177 314 10 69 121 8 463 682 16 38 718 4 6 15 79 9 5 0 15 13 11 58 150 472 48 22 51 22 9 793 252 75 308 1250 318 2 20 26 22 436 41 66 280 670 14 10 1256 613 17 8 1 4 15 16 7
63 28 49 15 19 36 12 30 0 9 1 24 8 22 88 113 41 90 75 64 30 140 204 289 67 14 65 20 32 40 22 2 6 13 3 3 11 34 77 84 2837 1059 1126 34 31 71 34 208 9399 57 81 31 3 11 85 32 17 8 8 5 140 328 101 17 29 31 40 13 200 515 283 5 12 21 29 344 8 0 5 10 523 41 152 42 61 54 19 349 608 108 751 7140 209 4123 7351 38 7 8 42 8 1 1 0 0 1 3 0 0 0 0 1 3 0 0 1 0 1 0 0 3 3 1 5 2 3 2 2 0 0 0 6 1 0 5 0 3 0 2 9 7 5 1 3 0 1 10 12 0 9 19 3 47 44 2 2 21 5 0 8 35 1 0 0 2 0 3 13 7 17 10 0 4 1 2 32 21 15 39 82 23 5 8 6 3 22 4 20 38 116 0 0 81 37 0 0 0 0 0 1 0
18 4 11 3 5 19 21 13 139 15 8 26 535 2 9 8 35 42 546 24 4 26 4 5 10 3 2 3 30 6 2 6 18 2 0 0 5 162 12 8 71 5 29 1925 5571 272 8 565 57 10504 34 901 18 3 24 3 3 5 4 1 41 514 184 8 16 2336 13 9 115 67 179 211 172 459 2 154 1193 360 767 1558 369 4166 18 11 14 6 2 4110 1589 7193 1789 87 30 27 207 6 680 183 7 1 2 3 3 1 6 7 1 1 3 4 2 5 1 6 19 8 1 13 4 53 18 22 13 6 4 2 8 5 2 6 39 7 10 4 1 10 1 3 11 21 14 15 22 14 6 118 239 10 43 267 5 268 481 16 16 346 74 38 79 130 17 5 1 6 10 5 76 85 246 156 13 25 12 4 405 144 46 166 1110 219 5 21 24 13 250 20 80 1620 665 5 12 1043 393 7 4 1 3 8 9 4
80 22 57 9 16 16 20 46 3 13 3 9 1 0 7 6 5 2 1 1 4 8 6 6 11 0 4 2 14 32 11 5 4 2 0 0 2 7 7 3 66 7 8 8 1 1 4 9 81 34 12735 17006 15 6 442 27 8 4 1 0 12 44 13 4 7 15 18 4 11 355 14 14 7 17 10 13 17 9 7 524 1034 73 259 27 32 18 14 80 26 4 14 5546 4081 178 121 7 18 19 9 4 2 0 0 0 0 1 0 0 0 0 1 4 0 0 1 1 0 2 1 1 0 1 1 1 1 0 0 0 0 0 0 0 3 7 0 1 0 1 7 8 0 0 0 1 1 2 1 0 6 0 0 16 4 5 0 3 503 184 445 754 34 0 0 0 1 2 0 0 0 11 6 0 0 0 0 1 99 32 6 0 6 15 8 1 1 8 75 13 133 0 21 8 53 0 0 0 1 1 0 2
262 87 136 28 36 44 81 178 44 55 11 58 38 2 4 3 8 5 39 2 16 16 5 5 25 0 2 3 66 125 54 5 22 17 0 0 5 68 4 10 57 2 18 157 34 4 16 18 31 901 17006 31085 39 24 1449 50 25 11 3 6 4 69 22 10 7 459 56 16 23 677 82 64 44 213 52 10 329 85 123 9938 5321 1671 668 84 98 42 28 1107 114 23 53 3890 5743 125 74 38 209 112 39 8 13 2 6 4 4 15 2 1 5 0 2 22 0 0 1 1 1 1 1 1 5 3 1 5 1 3 3 1 1 0 12 0 5 10 0 16 0 2 31 22 0 6 1 7 5 25 8 2 17 2 1 81 73 33 6 16 2252 1276 3314 2218 231 4 0 7 0 4 0 2 17 115 14 4 2 2 8 2 512 134 32 6 36 61 64 6 10 59 484 209 673 3 154 103 221 0 10 2 3 3 0 3
899 121 342 42 113 123 1055 792 199 342 108 231 3 35 25 19 5 8 4 6 12 17 1 10 38 0 19 28 2107 561 138 14 28 39 2 4 17 42 60 11 22 1 47 10 8 9 31 27 3 18 15 39 10901 5025 5712 11 243 30 16 3 15 70 78 37 72 18 209 76 130 19 15 60 29 53 140 7 142 10 22 8 17 13 1616 385 38 53 168 8 12 6 14 32 15 1 30 95 288 8432 95 60 4 3 2 2 13 27 0 6 4 4 7 31 1 1 2 0 5 0 0 1 4 0 3 2 12 2 3 0 1 0 5 0 6 37 1 13 0 1 49 36 1 5 3 4 11 0 3 0 19 8 7 0 0 3 1 0 1 3 5 0 10 3 1 0 1 0 0 1 0 0 11 5 1 3 1 2 1 0 2 0 54 89 13 5 0 24 0 0 2 1 9 1 0 1 12 0 5 2 0 10
878 170 368 58 159 105 392 521 24 113 38 109 1 40 43 36 11 13 7 13 30 39 7 38 195 2 52 67 9345 740 291 17 44 38 9 10 21 44 76 66 40 4 108 9 2 11 113 72 11 3 6 24 5025 8388 540 11 614 37 33 5 25 253 326 120 200 1 1853 180 253 54 58 56 26 40 281 16 42 6 33 3 38 5 1642 3199 72 128 552 12 14 5 31 46 21 12 105 119 52 1670 401 151 3 7 6 3 5 34 2 4 6 2 7 47 0 2 1 0 5 1 2 10 7 3 3 8 12 0 2 0 0 2 7 1 7 35 2 25 0 4 27 32 2 4 3 0 6 0 3 0 22 9 2 1 2 3 0 1 4 2 1 1 10 3 0 5 3 4 6 0 2 2 16 5 1 4 3 5 0 1 1 1 60 96 21 5 1 40 2 1 3 3 23 1 3 0 11 2 16 1 0 7
1058 224 535 103 169 194 690 901 51 316 111 229 1 19 29 41 14 20 5 14 104 53 8 27 114 2 19 26 846 551 205 32 62 82 10 4 20 85 48 37 970 22 80 37 5 19 81 29 85 24 442 1449 5712 540 16811 1674 167 66 21 19 32 110 97 43 81 15 269 88 88 190 66 77 66 84 207 33 81 10 57 166 507 40 4895 432 329 145 161 71 39 7 73 2262 386 126 92 146 161 1748 212 58 5 10 3 3 14 31 1 4 3 4 8 70 0 1 1 0 14 2 3 4 15 1 8 15 18 0 9 0 0 5 14 1 16 78 1 44 1 3 104 74 1 12 3 7 14 1 3 1 48 6 10 7 6 2 0 3 65 24 84 52 39 3 2 6 0 9 5 2 2 3 20 13 2 4 3 5 14 11 8 2 98 209 64 6 5 80 11 9 36 6 35 8 14 1 26 2 18 4 0 14
208 188 163 114 156 221 27 87 5 11 6 108 0 5 8 4 3 6 4 3 1951 255 13 16 169 2 11 4 85 154 281 8 15 20 3 1 6 28 5 36 825 2 35 4 2 3 50 5 32 3 27 50 11 11 1674 2903 75 13 4 3 8 41 39 22 34 2 49 26 22 33 18 34 14 23 99 6 13 6 15 5 65 11 4001 104 1795 265 50 16 5 1 7 209 34 25 44 118 13 22 255 55 2 2 1 0 3 12 0 0 2 0 4 15 0 0 0 0 2 0 1 2 4 1 2 3 1 0 1 0 0 1 2 0 0 17 1 4 0 4 16 19 1 4 2 2 2 0 2 0 9 2 3 5 1 1 0 0 1 0 4 4 8 0 0 0 0 0 2 2 1 1 1 3 0 4 2 1 2 2 3 0 24 45 15 2 0 10 0 0 3 0 5 0 3 0 0 0 5 1 0 5
57 36 31 14 617 45 29 23 1 9 2 22 1 332 274 210 71 35 19 55 89 102 5 33 220 2 142 416 6761 1983 7557 7 31 39 65 45 84 52 443 46 255 11 141 8 2 21 174 151 17 3 8 25 243 614 167 75 7030 123 185 17 74 302 491 294 904 7 5928 835 702 61 79 19 24 18 1945 32 3 1 7 5 58 5 418 464 349 463 2788 19 26 4 34 55 34 21 118 1151 4 203 1309 2458 1 2 2 0 3 2 0 0 0 1 6 12 2 0 4 3 9 3 2 21 6 3 7 15 13 3 4 1 0 3 3 0 0 6 3 8 1 6 21 35 10 9 11 5 7 3 5 1 18 50 8 2 2 0 0 2 1 0 2 3 2 0 0 1 2 5 16 4 2 0 3 0 2 11 0 17 0 0 16 5 13 24 6 2 4 6 3 2 3 2 4 5 1 0 1 0 1 2 1 1
11 4 6 2 49 29 3 1 0 0 3 56 6 291 414 246 159 77 68 114 90 167 22 16 27 5 52 141 100 41 115 1969 2986 9301 96 392 726 821 211 27 132 9 66 18 4 14 172 94 8 5 4 11 30 37 66 13 123 7485 1741 4264 44 58 104 62 179 5 153 5578 353 8 75 337 539 46 8793 55 7 1 41 2 44 2 122 75 82 67 149 15 20 2 36 27 14 5 67 1228 6 9 130 98 3 6 1 2 11 19 0 1 0 1 2 33 5 4 7 5 33 2 7 20 43 10 9 32 27 1 6 1 0 4 4 0 8 46 12 46 1 9 135 209 12 28 9 9 27 5 6 1 94 30 20 3 3 9 0 3 1 10 1 7 18 0 0 5 5 19 5 7 4 3 17 10 3 29 7 18 1 1 23 3 45 138 44 10 3 15 2 1 3 6 34 0 2 2 6 0 19 11 1 16
4 1 3 1 5 4 4 1 1 0 0 4 5 2201 918 345 286 89 80 163 43 85 18 173 24 7 794 620 137 9 90 6 64 897 1886 3575 783 354 457 427 63 11 315 23 3 24 1574 63 8 4 1 3 16 33 21 4 185 1741 4623 2053 50 79 182 390 610 1 192 4296 432 4 43 5 21 77 139 28 1 5 5 0 22 2 45 53 51 91 214 5 13 4 23 12 9 2 102 46 0 4 125 69 1 6 2 1 2 8 0 4 0 0 1 16 28 18 5 15 99 28 35 34 110 50 107 53 42 6 18 6 1 13 8 2 11 16 31 45 18 57 116 335 14 91 13 5 30 7 3 0 146 45 51 1 1 4 1 3 2 2 0 5 16 1 0 2 4 69 11 8 6 2 18 5 3 57 8 27 0 2 18 4 21 82 58 10 2 10 1 0 3 8 13 2 10 3 3 0 24 15 2 16
2 0 0 1 6 3 3 0 0 0 1 3 1 264 196 116 68 20 15 47 27 50 54 8 9 1 27 74 20 17 17 36 268 4730 105 1452 3817 415 94 15 50 5 18 9 2 3 69 25 5 1 0 6 3 5 19 3 17 4264 2053 2949 10 20 17 22 83 1 4 1097 84 4 13 9 25 14 788 15 1 0 4 2 4 0 14 9 12 7 5 3 8 0 8 2 1 1 8 66 0 4 8 16 2 3 0 0 3 7 0 2 0 0 3 13 4 2 1 3 14 1 5 6 14 0 8 13 8 3 3 1 0 8 4 0 5 16 8 23 2 5 57 88 3 23 1 3 10 3 1 0 43 7 11 0 1 1 0 1 0 3 1 0 12 2 0 0 4 15 3 2 2 1 17 4 0 12 1 5 1 0 7 1 12 52 14 6 1 13 0 0 0 4 6 1 2 0 0 0 9 2 2 12
11 3 3 3 32 50 2 3 0 1 0 22 306 19 35 142 127 3854 288 84 22 86 45 531 89 4 165 299 109 34 43 21 40 25 31 7 107 515 7005 59 1070 753 5233 206 89 1871 61 281 140 41 12 4 15 25 32 8 74 44 50 10 11756 211 397 2446 1020 262 130 60 3334 50 162 21 58 64 118 4319 2 24 14 2 83 12 51 42 52 61 48 83 300 38 3618 195 20 35 973 101 1 13 71 25 0 13 0 1 10 16 1 2 0 0 3 32 17 141 770 18 15 25 7 640 122 234 30 14 24 9 6 38 2 87 75 39 28 15 12 36 7 18 74 109 413 42 816 15 12 196 393 56 254 2631 36 25 30 16 3 18 0 6 0 7 14 10 1 11 50 32 704 336 56 264 31 59 63 17 56 882 7 12 261 87 7 56 71 46 41 18 4 11 22 14 11 70 40 44 1 2 15 3 18 14
65 20 37 12 46 52 27 19 1 8 1 27 9 34 107 115 66 129 159 130 76 443 54 58 285 16 53 61 823 84 110 10 14 18 22 8 15 48 123 118 311 58 294 36 32 41 108 11866 328 514 44 69 70 253 110 41 302 58 79 20 211 19276 9056 1002 850 23 907 159 4418 10462 1900 8 15 22 146 1644 10 1 9 50 1866 308 321 344 281 398 133 689 1467 190 904 604 740 714 3685 124 6 52 336 69 1 2 0 0 1 3 0 5 1 0 1 5 3 5 12 8 2 18 6 37 17 15 27 6 12 7 10 4 6 9 50 14 6 5 4 8 5 7 6 22 23 25 20 12 5 177 203 7 52 83 14 722 968 12 40 702 9 20 32 175 4 1 0 13 10 9 69 139 453 42 11 36 14 3 708 184 117 385 951 217 6 21 21 15 429 24 152 366 1034 16 7 1307 753 12 6 1 6 9 23 8
34 7 25 14 33 53 18 10 0 4 2 13 10 60 73 69 62 164 101 62 84 450 39 84 429 28 124 125 1109 69 162 11 10 30 91 11 26 52 182 192 196 20 759 56 38 103 283 1748 101 184 13 22 78 326 97 39 491 104 182 17 397 9056 13877 9871 7979 13 1412 320 8387 698 405 14 14 31 128 1095 9 3 10 6 312 18 338 425 314 548 236 143 650 115 1845 163 75 204 2108 128 7 56 471 105 0 2 0 0 3 1 0 4 0 0 0 7 3 3 9 4 10 6 10 17 28 21 21 7 2 4 6 0 2 3 20 4 1 3 2 10 3 6 21 39 13 14 21 4 9 34 96 1 35 113 9 55 71 3 3 119 4 1 3 7 5 3 0 6 8 12 40 54 93 20 9 17 5 4 213 149 6 38 454 144 2 14 11 6 130 5 5 51 71 0 3 238 118 14 0 0 6 7 3 2
12 3 9 5 21 7 9 5 0 0 1 8 45 431 310 165 45 1882 251 53 34 136 38 205 238 10 3946 2653 393 25 91 4 9 58 579 57 55 62 836 351 115 31 5138 19 22 967 542 433 17 8 4 10 37 120 43 22 294 62 390 22 2446 1002 9871 5833 5640 38 572 301 2972 134 197 6 13 21 112 125 0 2 1 1 103 2 125 164 108 270 263 23 65 12 700 23 17 11 1330 59 1 16 292 111 0 1 0 0 3 0 0 0 0 0 0 8 4 18 63 7 10 22 8 185 34 36 23 15 2 1 2 1 0 9 8 5 8 5 2 9 5 11 19 49 100 12 105 1 12 14 13 2 37 385 11 4 10 1 0 6 0 0 2 2 1 1 0 2 3 15 89 15 9 13 3 11 3 7 15 72 2 0 37 14 3 14 16 4 7 7 1 1 7 2 0 21 10 8 2 0 1 5 2 6
34 10 11 15 63 63 12 6 1 3 3 28 22 304 337 318 33 702 55 27 40 79 11 42 128 3 388 1267 1216 104 658 3 19 112 179 137 101 63 7596 38 203 133 1153 9 13 385 199 725 29 16 7 7 72 200 81 34 904 179 610 83 1020 850 7979 5640 8023 49 990 531 14993 70 184 2 6 11 315 97 1 5 3 3 111 3 194 174 123 270 175 22 49 11 191 61 21 12 568 237 2 90 355 385 0 4 0 0 3 4 0 3 0 0 0 7 7 34 159 4 6 23 4 385 51 52 29 13 8 3 5 7 0 26 37 13 18 9 3 19 6 16 23 44 281 17 294 3 9 53 132 8 78 1329 21 11 12 2 2 6 0 3 2 2 5 2 0 5 16 19 408 111 29 58 6 23 19 6 38 413 1 6 127 49 4 13 15 9 30 5 1 1 6 6 5 41 16 19 0 0 7 5 4 2
7 1 11 0 5 13 12 12 95 16 4 23 3172 2 5 12 13 194 587 11 4 14 4 13 4 0 2 8 19 3 2 7 8 6 3 0 2 144 35 5 57 28 212 1365 3258 1910 8 11 31 2336 15 459 18 1 15 2 7 5 1 1 262 23 13 38 49 2116 7 5 61 12 44 106 75 537 7 56 909 821 472 679 155 1135 14 6 4 6 4 836 198 562 1521 29 7 6 103 14 664 154 10 0 3 1 1 1 3 11 0 1 0 3 5 6 3 19 578 3 4 20 4 390 56 147 25 1 2 2 3 23 2 36 25 18 10 8 4 8 1 4 23 25 77 8 182 10 6 87 153 75 131 1837 9 18 25 7 1 21 41 15 39 59 7 2 0 0 14 5 216 131 34 3086 4 17 13 6 32 159 12 11 271 35 9 14 192 6 31 2 11 22 54 4 5 73 24 9 3 0 2 0 5 5
531 212 283 64 201 147 71 240 6 50 13 103 2 110 93 73 17 34 17 19 58 122 22 141 1371 25 280 334 2672 757 735 28 36 38 38 20 24 61 205 324 111 30 588 20 5 67 744 249 40 13 18 56 209 1853 269 49 5928 153 192 4 130 907 1412 572 990 7 8841 997 810 223 192 64 41 71 835 59 37 5 30 5 193 2 1371 6011 727 2936 3280 54 63 11 91 96 46 39 455 240 28 91 3428 780 4 3 3 6 9 25 3 6 0 0 10 33 1 2 10 4 13 4 7 11 14 6 10 16 12 3 4 0 0 2 17 1 7 38 8 19 1 13 58 79 7 12 11 4 14 3 8 1 34 49 7 4 6 5 1 6 2 7 4 1 11 2 0 5 2 11 13 3 5 3 22 5 2 8 10 14 2 5 26 4 51 100 47 4 7 50 4 2 12 4 17 22 8 3 6 1 13 10 1 4
42 9 12 9 108 88 13 14 2 3 2 30 2 406 399 231 133 72 61 81 109 176 25 175 149 0 317 342 530 139 655 303 1069 3464 379 290 666 655 347 200 115 17 342 56 5 25 2869 144 13 9 4 16 76 180 88 26 835 5578 4296 1097 60 159 320 301 531 5 997 6414 611 27 103 105 310 172 4630 36 3 17 43 9 63 3 230 251 208 402 2142 18 28 3 32 44 14 10 168 816 3 29 769 706 3 8 1 3 19 20 0 4 1 1 3 43 17 8 7 11 103 12 19 24 144 35 64 87 60 12 23 8 1 20 12 4 15 59 34 125 17 57 292 578 22 78 14 12 75 2 10 2 244 47 64 7 5 8 1 2 4 5 0 7 17 3 1 0 3 71 8 9 15 2 36 19 3 76 5 22 3 2 26 2 39 256 96 26 4 27 1 1 1 17 39 7 7 5 5 0 50 29 5 19
67 2 13 14 149 148 70 16 1 1 2 43 32 72 126 292 38 625 70 32 39 99 23 59 93 5 98 392 1550 211 566 25 30 128 68 64 39 56 7017 47 548 292 1741 20 38 142 111 11971 200 115 11 23 130 253 88 22 702 353 432 84 3334 4418 8387 2972 14993 61 810 611 19956 210 2033 7 14 6 646 7659 2 0 12 7 449 19 193 190 118 192 92 221 1038 63 2498 213 53 47 1677 500 5 121 244 294 1 6 0 2 3 3 0 1 0 0 2 9 15 20 123 11 10 25 5 160 80 63 46 18 8 11 11 9 2 16 62 41 20 9 6 13 11 23 33 57 88 32 218 7 8 182 669 24 117 1761 19 64 77 10 6 128 1 7 2 6 6 13 1 13 24 20 877 281 181 162 26 56 42 12 339 1283 9 31 1483 406 5 18 22 26 247 11 7 37 54 15 8 277 118 22 1 1 6 6 17 6
128 50 62 25 31 32 17 63 5 14 5 24 5 18 57 74 26 28 80 50 22 140 33 51 80 13 19 10 187 89 37 8 9 11 4 1 3 23 29 36 384 46 124 15 11 27 36 248 515 67 355 677 19 54 190 33 61 8 4 4 50 10462 698 134 70 12 223 27 210 17989 2202 9 14 17 31 90 15 1 12 276 4632 298 235 116 126 106 42 434 258 39 183 2447 3676 2343 1857 33 7 18 74 8 4 2 1 0 2 2 0 3 0 0 1 7 2 2 1 3 3 1 1 12 7 3 4 0 0 5 1 1 1 1 6 4 0 3 0 1 0 3 8 9 3 5 3 5 2 29 17 2 15 11 3 273 287 18 20 82 70 72 139 459 2 0 0 2 1 2 7 13 60 25 4 3 0 0 64 11 209 239 122 25 14 22 12 3 44 22 173 96 792 2 3 288 336 3 6 0 5 2 2 4
