15.4912969414907 22.9305709572032 22.6406182510547 42.0123374904614 42.4943716153797 52.4579973240818 22.9023339802032 25.2799066199694 61.5971678637583 54.0686345839412 74.8408932156033 64.8816744246573 159.300590515137 118.069411537864 112.708982716436 103.625838569973 122.762304607191 157.404214647081 176.246386936733 90.5120315551758 117.778547147425 119.425477316213 126.428669520787 194.044930594308 152.262217022124 112.831041971842 186.465767996652 141.487354755402 33.0390889519139 25.2686597386188 52.340788304411 94.9679180642833 101.422255516052 116.060460524126 130.590573120117 118.558040618896 110.382228003608 132.798436598344 130.896499242538 171.386529541016 102.756283568127 139.452625274658 174.821364593506 167.518759591239 152.812514168876 191.586888631185 147.135149319967 172.450844806174 150.522797357468 167.640917460124 149.842662620544 158.383396003083 101.796504702796 87.1232821762155 115.783029127211 114.696240205031 108.820654618113 157.767937400124 155.416906356812 71.9834594726562 156.060104370117 182.554162597656 175.874004588408 165.650529225667 147.74401698393 170.422547476632 92.5440110675359 113.616110483805 149.451387319992 179.092984557152 181.256199534346 101.972209660694 114.33076816135 126.322018941243 109.29035689099 158.848081970215 84.4838402232186 97.8571570260184 126.330704017922 165.893326549995 180.674586718908 170.925463075991 113.715166286118 99.0884601571766 108.658108407098 110.545669670105 123.932605626033 187.841453306137 183.475192676891 175.401612854004 183.092688340407 150.008961870165 171.118787551067 166.83239383142 179.444947885913 86.5913077208955 70.8185613720808 56.6855257701323 134.121544507085 94.0046467781067 166.489162263416 172.198734283447 170.28881231344 167.065438537598 165.822689885678 165.330761065586 166.764463806152 158.9332346235 162.068542044503 131.283315420151 152.75412439667 163.134119904799 158.462966918945 0 169.04044342041 0 181.941458129883 0 0 181.71635055542 203.304847717285 171.362777709961 211.089181518555 191.568747384208 195.133326212565 0 0 0 0 167.154220581055 176.99743730594 0 166.881584861062 162.565957574283 164.410293579102 184.296342468262 0 197.752471923828 197.925701904297 205.72863630815 171.517532348633 222.878677368164 179.763610839844 186.307052612305 194.086391194661 0 168.428115844727 226.19921875 178.521133422852 188.674896240234 200.303268432617 227.726581573486 231.066192626953 210.143299102783 247.614059448242 226.976486206055 187.613225763494 246.772247314453 185.870457240513 220.174775557085 210.97932434082 201.737650553385 198.409637451172 189.596076378456 174.872177124023 0 218.402587890625 0 0 0 195.823204627404 181.435695103237 0 164.444305419922 225.751159667969 200.776449584961 232.389572143555 231.808268229167 211.093655395508 194.732259114583 150.450981085641 173.220602261818 153.899566650391 179.619922637939 228.636174519857 146.087791442871 191.634831237793 191.676109313965 228.032456534249 186.079383850098 209.552776938991 232.383218938654 227.738563537598 204.007308959961 128.915751865932 195.087000528971 213.004229458896 0 0 0
22.9305709572032 15.9298544116739 27.0564286530412 29.4882288729645 27.3498208852524 48.138204049091 68.0560152689616 63.8936522229118 80.2616385409707 68.1562513912425 89.2325172424316 63.9943631724307 192.393936157227 213.480911254883 192.321836471558 241.998931884766 150.324081420898 217.488861083984 186.145576477051 207.200454711914 122.243900658949 147.029763902937 170.003021240234 153.540336608887 159.721119471959 192.9658203125 204.817657470703 183.629577636719 76.421459656169 31.0772291545664 39.8984987343266 109.273574829102 160.477280510796 185.773049926758 0 0 0 173.078871409098 194.832280476888 183.679718017578 107.11571432994 204.753402709961 189.909794616699 198.51838684082 0 0 174.619343566895 182.422138977051 152.947569438389 194.986061096191 165.020361466841 172.360470475822 122.997600397788 103.875947122013 135.928363152913 121.046705124226 115.568595462375 167.857551574707 229.044967651367 0 205.04296875 207.381346893311 203.971810477121 195.456370035807 167.924299621582 198.837951660156 99.0468722289463 159.248714870877 201.365165710449 193.913143310547 194.446875138716 103.833593681677 156.061467851911 142.215127563477 169.586596374512 203.312515258789 110.051809871898 0 148.90738067627 165.696438259549 190.827483298562 178.087619781494 128.737598156107 113.797396926193 119.790410073955 115.388161572543 151.357508897781 204.07023528128 190.489475068592 187.959930419922 218.417739868164 161.084398803711 181.850828956155 181.218936654024 192.048418621684 162.912879280422 85.8892040537364 88.8995572650243 131.350428913915 179.628204345703 175.867680211221 177.987123991314 177.555827903748 176.413564508612 172.344785054525 170.482548752876 164.547607421875 163.118663024902 166.282106554186 134.23473719004 156.771787993762 166.5968542099 0 0 0 0 207.295669555664 0 0 205.134541829427 228.142333984375 0 0 191.183741251628 201.421493530273 225.193710327148 0 0 0 0 184.64377339681 233.263549804688 164.497232709612 169.970593812036 187.618560791016 188.804870605469 0 0 197.370063781738 227.619168599447 229.833953857422 0 0 227.006507873535 193.801321847098 0 201.701232910156 0 214.918807983398 226.761215209961 245.104949951172 228.354797363281 234.611419677734 225.924474080404 239.422882080078 231.128092447917 203.569049072266 211.62720489502 213.068298339844 234.913848876953 225.337475367955 212.813671875 227.946189880371 193.087478637695 0 205.293472290039 0 0 0 224.976425170898 208.423243204753 188.982414245605 0 0 0 242.418914794922 218.441421508789 227.429995727539 0 0 154.885490701554 179.461937928811 158.195457458496 0 209.6357421875 153.270272308925 210.903060913086 185.380172729492 232.650863647461 0 217.638932077508 229.538757324219 239.835983276367 156.527488708496 129.440638385242 190.239432440864 205.748968941825 161.525939941406 0 220.877532958984
22.6406182510547 27.0564286530412 12.2619535160293 21.2026558584552 78.4172631142962 30.9153464959986 56.0049769694411 24.8405606934663 63.7540740895494 23.963284143261 63.0494173455426 23.3184774429692 222.551177978516 163.861177062988 155.224318186442 190.987163543701 210.818385532924 202.904998779297 203.789627075195 182.301918029785 123.433189476861 135.792194366455 0 222.113220214844 152.539758205414 152.694122314453 196.184960501535 197.161844889323 87.9097222222222 80.4599925159703 109.500945186615 144.277928829193 157.93427491188 178.59663772583 215.846420288086 0 168.365020751953 191.924856185913 232.28569539388 175.896077473958 106.976694447126 202.712551116943 186.673671722412 180.709781646729 159.758699035645 213.025482177734 157.422337849935 190.89447593689 166.32010105678 171.700408935547 162.074018244158 171.325674898484 117.803964492173 103.144409055295 131.489604842997 123.388726357302 139.530950238628 169.028723398844 152.620930989583 0 209.834014892578 199.485010920344 205.204154052734 182.023164537218 180.810112693093 146.947137312456 101.099028489615 168.804796854655 202.031848614032 187.690400400469 191.737964405733 100.185299873352 177.71363067627 113.999440262957 175.812064861429 203.191901070731 88.0137674164354 112.955644607544 147.407180241176 176.088645935059 192.493547933356 187.359262695313 126.070713153464 111.132834636804 119.372011626976 120.073972211565 164.010082121818 195.302555377667 198.248924255371 194.551701863607 204.496655273438 160.950560195105 180.498361527292 181.678699249917 191.896213107639 163.199719053326 73.4963779699771 79.6426462070307 141.848242722548 163.833288926345 166.071261324624 174.09088600288 168.622529428216 173.391152770076 166.068441885489 167.19587539245 172.027206420898 152.945148144738 162.338989045885 126.456497885964 152.764037782783 162.283961415718 0 0 0 0 0 211.079071044922 0 204.228225708008 219.439544677734 0 194.059005737305 204.436399459839 214.096691894531 199.923675537109 218.638137817383 0 0 0 180.722517182555 188.817779541016 161.76335144043 165.552600031314 0 177.934089660645 0 227.570907592773 186.98415544298 218.69073677063 227.128440856934 233.571830749512 227.84846496582 203.191175460815 199.054110717773 192.935989379883 178.709121704102 0 181.821325302124 214.421529134115 204.45450592041 229.228820800781 228.464223225911 208.232520470252 0 209.800354003906 222.179828643799 207.88359375 204.936462402344 224.561668395996 218.105678264911 216.06641515096 216.28475189209 195.273590632847 224.522430419922 202.986770629883 218.976150512695 243.382919311523 0 212.890563964844 200.05709499783 193.70953767196 0 0 0 0 235.810427347819 233.228202819824 198.382993062337 227.981170654297 150.528266588109 167.550219691077 165.060713394828 0 208.444427490234 148.85362470787 207.926193237305 191.989126586914 228.713549100436 200.680225372314 217.082365293761 233.274661254883 237.153774261475 182.046936035156 125.326784604556 174.43435085521 211.147958664667 193.482408796038 219.739135742188 210.45881652832
42.0123374904614 29.4882288729645 21.2026558584552 16.6949438062051 27.7956611758656 21.020434504151 71.5899029347434 59.4145446353488 75.6696698049481 62.6192595557829 63.3045978546143 39.8522576495804 0 124.713421412877 136.955317179362 127.307825724284 108.403633117676 196.337468465169 212.118309020996 169.452644348145 107.344258382649 110.635614282945 94.354341506958 191.540985107422 140.122348908455 135.548263549805 0 246.40185546875 87.5122647911611 45.3425583167952 37.772138881823 120.94623152415 103.392342037625 176.830219268799 0 0 0 146.911596298218 132.678144073486 176.365203857422 100.507651599485 136.600631713867 196.642181396484 192.611583709717 233.7041015625 194.882019042969 156.695421854655 194.027796427409 152.146932474772 183.078277587891 164.389645046658 177.188467298235 126.257262275332 108.30744934082 139.034808186651 115.661955381695 138.080207824707 86.2382202148438 157.664047241211 202.31999206543 191.593368530273 201.648363749186 195.262246268136 148.53440246582 144.235848999023 0 101.014919281006 138.958524915907 138.531638554164 194.734813232422 188.900445556641 89.7836126372928 157.649418301053 106.262630038791 134.530792599633 228.326034545898 89.7728809118271 0 147.103766264739 191.03268737793 193.507610139393 181.698703765869 131.299299329719 112.048159418879 112.526872864957 101.660184330965 122.14999071757 194.40768178304 191.171166737874 0 196.740280151367 160.25640900281 183.832077026367 178.576165771484 185.785209655762 142.606309370561 71.9405983298378 90.9214542978178 127.859141395206 103.842043740409 168.744538296475 164.765735973011 163.32519330665 167.932881603502 164.78143040138 161.915922952286 163.278739420573 150.544876098633 158.046821311668 125.681284543485 147.07977325983 156.214814425382 0 0 0 0 215.213272094727 0 0 181.640904744466 0 213.371887207031 202.865707397461 177.481061495267 197.526753234863 140.997207641602 0 0 0 0 174.534145693236 199.657684326172 149.031294250488 157.304656463415 0 163.997969150543 0 0 176.09895324707 203.959962844849 197.184494018555 195.416915893555 0 194.859066009521 183.996325981326 226.083221435547 0 0 177.4228515625 217.406616210938 218.802795410156 226.823989868164 0 198.311068943569 0 166.596832275391 222.625080108643 223.560503959656 213.274444580078 246.538200378418 212.271198654175 200.552318318685 212.137177687425 181.653366675744 184.921478271484 221.522171020508 0 0 220.166488647461 0 196.609535217285 183.410991414388 186.121246337891 0 0 192.150009155273 247.761566162109 230.898483276367 234.4125 246.132858276367 141.689166341509 153.092331397824 155.981423321892 0 0 140.004598880636 178.963363647461 201.677215576172 229.801609039307 201.592712402344 206.87809642445 174.536712646484 225.610313415527 156.737438964844 117.829295220776 189.905531230726 195.33170522054 198.880569458008 0 224.181360880534
42.4943716153797 27.3498208852524 78.4172631142962 27.7956611758656 18.5803417782288 31.7688225462582 53.979971991645 74.863125872612 77.0420266228753 80.23238572918 55.3989346304605 51.1216671018975 102.980224609375 94.110855252135 86.7695754676737 102.729973025438 87.7902971155503 118.994564873832 106.024440765381 93.8111722310384 96.7342546429551 97.0961800652581 90.4184761047363 128.332756996155 122.772791959801 139.365322113037 152.269167582194 102.938553583054 56.7944634965051 32.6089231241845 24.4242772797614 39.5689417802835 60.0107811899746 69.5617979080951 93.6912169022994 95.1025139944894 77.2915556100699 79.6151649084958 108.839712723442 154.577432420519 88.1293466348442 129.997896194458 156.675629154328 97.719412167867 125.068483988444 115.157271385193 123.794944763184 143.691563732219 158.36149597168 168.28243560791 157.306763648987 162.693050808377 112.542009471792 89.4194133446651 125.435176962226 104.012115576328 42.3805886412362 68.7672017934371 100.239248657227 73.4152507781982 127.766987323761 162.274128789487 154.679210084857 143.177745274135 120.889992365761 143.166566467285 79.1089801693437 72.571861019841 121.953971862793 181.387063303301 167.060817859791 71.5192112651975 77.9674393979111 98.1855764389038 62.496191106943 123.00118141986 83.2461153666178 89.2026321411133 73.2439476251602 172.593747820173 185.836304965085 167.620260620117 117.933895793906 97.6979662224098 98.9186299354242 87.3631749947866 86.4294956833569 180.280499508506 163.764334938743 161.754720052083 140.111288452148 150.063544927859 174.939069112142 165.450109209333 164.132508319357 26.6859983529719 80.1574002779447 78.0096505650934 108.678105494181 56.6280006766319 165.935697283064 153.507004801432 163.54134005592 169.309544418797 156.590548833211 158.928873941173 157.333717346191 141.704522269113 159.10546769767 122.339288439069 149.162025360834 152.703715552582 0 169.452336629232 144.035018920898 141.716232299805 151.67658996582 0 162.897270202637 169.642627716064 218.840232849121 164.953483581543 192.918994903564 189.946690877279 195.465762329102 174.321762084961 131.201797485352 0 0 171.918151855469 173.430419921875 0 149.630826677595 153.120094200233 146.704238891602 174.105926513672 0 138.748420715332 167.564849243164 169.57985941569 155.997341156006 169.53110395159 179.005488077799 174.361809866769 174.088372802734 0 171.349891662598 0 156.491697184245 179.424538021996 179.066324869792 219.65315246582 222.001968383789 187.810510253906 206.859222412109 192.828592936198 235.329299926758 221.171801757812 196.163327026367 230.468625386556 206.773113674588 187.46900177002 183.929931640625 178.402480316162 189.591644287109 185.800003051758 187.662124633789 209.272288004557 207.262985229492 135.618591308594 200.523183486041 163.053970336914 143.841339111328 188.619925362723 199.962936401367 184.054267883301 234.024169921875 221.021286010742 196.934485117594 196.402435302734 139.548260902872 153.617387771606 119.444732666016 0 186.119921003069 129.400748895139 181.820617675781 181.060315450033 217.348611450195 168.135921478271 198.233928862072 210.942179361979 228.167775472005 0 118.679830042521 172.023023817274 201.937538146973 163.850807189941 145.881973266602 192.836390177409
52.4579973240818 48.138204049091 30.9153464959986 21.020434504151 31.7688225462582 19.9452839285095 64.4013906689392 59.51027415488 72.3688160931623 50.9034771033848 54.8197245391714 27.0394087279572 106.96213054657 107.188095266169 101.37174709638 109.913547749422 90.6317885868133 112.761427861994 102.277866858023 98.1235397338867 102.057140653096 100.130914780466 93.4419887376868 149.438129848904 133.554076447779 104.208782958984 148.856579120343 116.169199466705 70.0385066199691 51.0051575909864 43.7103539985152 24.9832938096549 42.949656424001 72.7605762911919 123.742930094401 95.4322776794434 85.6103111162578 80.718575824571 108.419142913818 143.780871255057 97.3234048431435 124.016343010796 169.232698139391 80.4160184224447 118.839564732143 119.607045712678 157.897517089844 153.303001205642 153.444536844889 153.912519354569 177.711917877197 180.834473696622 124.9357134191 106.148635282971 138.55990368558 114.976267611819 101.605345153809 98.5445582948882 101.424465179443 152.274525960286 118.824166870117 168.571792895977 153.706847136875 146.040679931641 124.785738869319 124.13381253756 103.03008939782 86.9442792805758 126.79605185019 187.961112976074 167.968454551697 61.0848759886883 70.9648164920509 79.6351283603244 79.5742504828799 130.36861862371 74.5211575452019 84.9646123886108 74.3670325740691 196.206871726296 194.208648263592 183.192460493608 129.379468771128 110.198779391871 108.227995862287 98.4609879158639 105.533529693005 184.407169238941 165.498376437596 140.510133531359 144.496271089066 159.640289509191 181.377858276367 181.312427520752 166.124311828613 36.7903375805982 64.2695174631145 86.2597216898852 112.737826356793 134.227904891968 163.808492420338 155.987106437114 161.571032070106 163.517300543847 154.743379826448 155.389759475893 161.136855724246 153.886062709765 155.829791083703 123.594725299704 140.099218825146 149.407744546133 136.272705078125 175.688049316406 160.002916971842 211.337005615234 143.071905348036 201.028262329102 180.482284545898 166.206350417364 157.937476663028 158.752752685547 181.155462646484 166.866779436384 172.959040178571 202.581188964844 150.656551784939 200.702031453451 0 168.694442749023 167.177894194921 207.870562744141 146.682451775733 147.549925483592 145.350216674805 158.279646256391 215.527058919271 127.020202636719 153.354991149902 157.248676300049 164.422542225231 183.764643742488 171.592510516827 185.524069393382 172.554676000623 189.292761230469 179.194872174944 0 161.965575584999 183.302592250279 177.272111372514 0 205.416971842448 197.383293151855 0 205.522603352865 230.726094563802 218.206952263327 214.638661702474 238.147489275251 202.299198808341 195.023730227822 205.498401096889 178.485794559602 177.345771789551 155.989412580218 176.484351418235 200.619177246094 203.591868082682 175.244700840541 188.409229806753 175.799449416826 184.752868652344 165.517883300781 195.055102539062 188.334989759657 232.662185668945 236.479822158813 199.31241052801 188.910352071126 134.458102414003 144.044324775795 112.965060424805 188.678875732422 205.814282226563 126.297352342203 214.460975646973 191.063468933105 227.409301757812 185.075223650251 199.275802913465 213.761234283447 231.471394538879 160.36089070638 113.409140665938 184.236296913841 191.624815657332 192.528515285916 218.613471984863 183.775685628255
22.9023339802032 68.0560152689616 56.0049769694411 71.5899029347434 53.979971991645 64.4013906689392 9.42852122331626 20.4169674145328 21.5824388964423 36.4999281170024 48.2484914561959 64.5435563254386 128.233715057373 102.78658254523 103.676441539418 114.504210408529 132.272771835327 114.653099060059 136.740989685059 99.6530578613281 120.860659147564 115.032466541637 0 0 132.61768468221 0 0 116.31682410607 25.8258150354569 44.0717324183918 62.7572787757059 85.4849003878507 93.7166358100043 128.459175109863 75.1623611450195 100.863372802734 131.976818084717 118.067044184758 123.338973236084 116.523363113403 109.869418786497 127.814455032349 157.67501613072 119.871905008952 107.614382425944 110.040504455566 164.088479995728 144.550315856934 133.80952835083 125.645772661482 126.269588088989 131.070293285229 74.4110020533557 59.0745739109662 88.9849793752035 108.426499260796 67.0800590515137 123.903124491374 144.530431747437 99.636220296224 119.371379852295 155.479658903899 151.100709703234 144.984211391873 113.544983545939 82.0397866566976 86.1968858745736 106.490185077374 130.139208439418 150.332874073702 180.501312255859 69.6256859227231 120.793935987684 71.6960720698039 101.644330978394 142.977996826172 52.8282012416892 54.1456158955892 86.4367188044957 127.242929458618 159.498093324549 144.442684775905 86.9362519522694 83.9752887569062 105.066692243304 122.204579989115 88.2267263585871 161.06006843813 159.219122568766 151.65043258667 179.483568464007 118.327295303345 150.120029360749 148.561903476715 159.778954315186 77.1376472473144 29.5089881149306 24.0782873470294 117.195636204311 83.9157223171658 134.266662597656 203.01877339681 164.959229605538 149.933616638184 160.096206665039 164.229489813911 194.366035461426 183.254375457764 132.301780700684 106.061555480957 144.70482635498 161.992005030314 0 0 165.205718994141 0 0 0 0 0 0 0 0 166.338806152344 219.231979370117 0 0 0 0 0 176.461791992188 244.719772338867 195.266622924805 162.335414462619 0 150.074089050293 0 157.749298095703 175.543886820475 195.389611816406 161.240997314453 0 188.987411499023 181.80517578125 0 0 0 0 172.203029632568 0 162.417215983073 229.123580932617 212.005569458008 0 0 0 135.43782043457 218.963897705078 149.187133789062 197.159194946289 206.036724090576 193.964157104492 0 192.208847045898 0 208.736839294434 176.754302978516 0 248.563552856445 172.185455322266 221.933437347412 161.219345092773 0 153.494338989258 221.956680297852 188.345123291016 209.430033365885 208.699295043945 202.003657023112 0 150.915268325806 171.564476676609 115.451758066813 0 0 131.970289342544 239.911666870117 0 193.757171630859 0 201.425066630046 232.599273681641 0 0 125.158310953776 150.56213760376 223.99348449707 187.163055419922 0 0
25.2799066199694 63.8936522229118 24.8405606934663 59.4145446353488 74.863125872612 59.51027415488 20.4169674145328 12.7981208007878 35.5834704150324 22.119794184946 35.152454254989 45.9990418938952 231.177597045898 135.455772399902 151.226720809937 206.908790588379 237.279510498047 158.31448618571 206.242790222168 0 133.263318634033 142.854592005412 190.132705688477 206.146794637044 155.863975906372 170.203552246094 196.157857259115 210.132044474284 62.9953507962434 52.2823996627123 90.811356457797 116.843856175741 140.364148003714 162.387020111084 0 119.271575927734 157.436813354492 189.090127563477 244.462265014648 187.42241859436 103.985365999943 162.393096923828 191.186399459839 185.445078531901 145.895120239258 208.139175415039 149.527731759208 194.441586085728 145.556869506836 163.551112835224 150.028169383173 155.459049567748 98.5691297030208 85.737383119433 113.13094620276 124.034264049311 117.877694503121 177.691772460938 152.264846801758 0 191.610005696615 185.989555760434 206.876840209961 196.910437011719 174.675473531087 125.606386184692 95.3595500469208 152.814311981201 196.744895935059 181.387153988793 180.042647330992 102.679147111609 163.904013739692 104.16928008507 144.34014247014 194.588636125837 80.4689491903706 98.2218126569475 122.068153381348 165.377061767578 178.854088995192 170.089298066639 109.762433708292 97.5742221973561 112.010059012876 121.034915861536 141.921689240829 189.187979125977 189.575691986084 185.491165161133 200.060251871745 142.613220319835 167.852916806243 169.941307686471 177.784803602431 123.728449168958 60.9206541618415 55.698953739387 128.767714118958 133.841491699219 151.62251739502 169.120361328125 171.66872603805 178.518758501325 188.152196248372 170.56632232666 175.192176818848 160.966261291504 168.422640348736 129.047046407064 160.386521852933 171.197177886963 214.897476196289 0 0 0 202.515065511068 0 154.533233642578 0 202.975776672363 0 220.456741333008 213.992523193359 238.155822753906 0 0 0 0 0 0 0 180.07349395752 180.220218365009 229.907852172852 200.4716796875 0 223.113967895508 210.169586181641 237.282695770264 0 0 0 200.608810424805 194.32180480957 0 0 0 209.746610369001 0 189.538818359375 222.862127685547 215.562871297201 220.949325561523 0 205.085083007812 169.812080383301 161.652877807617 194.674308776855 219.017940945095 228.008560180664 229.013214111328 0 180.264003753662 167.170318603516 248.467636108398 246.245498657227 0 229.051338195801 0 184.536170959473 177.129821777344 0 0 240.030181884766 243.460754394531 229.827629089355 227.253265380859 0 235.715591430664 166.736297751373 179.176646931966 137.751129150391 180.363525390625 219.651138305664 159.036818313599 214.396987915039 0 228.063925606864 239.211486816406 245.452911376953 219.042602539062 231.691184997559 0 121.261844410616 161.901290893555 197.963203430176 184.608093261719 0 0
61.5971678637583 80.2616385409707 63.7540740895494 75.6696698049481 77.0420266228753 72.3688160931623 21.5824388964423 35.5834704150324 6.06604469677676 33.2886563113445 47.2745092638077 70.3001536888412 81.1110733032227 140.53547668457 173.357963562012 0 106.438705444336 142.01725769043 139.668518066406 0 124.496307373047 119.680213234641 0 0 121.883102416992 0 191.916412353516 0 50.9893351793289 69.9632268269857 76.4746912442721 54.5140571594238 72.8582120895386 112.047039031982 0 0 101.607116699219 188.095672607422 150.589126586914 0 135.798278808594 0 176.666847229004 106.82773065567 96.8871757820861 122.567915598551 151.724426269531 0 0 107.053089443728 119.098803202311 148.754973498258 52.1883678723819 94.720291296641 97.2208084405637 152.914617919922 92.3931045532227 0 129.934951782227 0 0 151.371292114258 0 0 136.079391479492 76.4873265316612 108.206890106201 167.099380493164 139.379974365234 177.106964111328 151.80534362793 50.3957196351524 113.774856567383 45.4466556228754 118.566508611043 157.099716186523 38.9587438086768 46.4709555718207 67.3840274810791 136.615447497759 163.889820979192 125.413287422874 98.0676839616564 79.9442223768968 108.584715101454 118.515520731608 102.552825927734 141.906766891479 135.4833984375 121.995742611769 141.557908491655 154.47091456822 168.453483581543 192.220611572266 183.362020874023 69.3558133443197 17.8233361136857 16.6034155566164 109.818643569946 0 138.668360392253 201.39599609375 150.915420532227 169.940129597982 120.097116470337 171.051672668457 0 196.237030029297 193.369705200195 114.41712474823 140.913363138835 152.465310777937 0 0 0 0 103.771614074707 0 0 0 116.226753234863 0 0 123.656062316895 159.454096984863 0 0 0 0 0 181.302263895671 0 175.415870666504 158.594971396706 0 108.852073669434 0 0 115.931035723005 149.718649727958 188.080032348633 0 0 234.358993530273 115.759780883789 0 0 0 91.9098409016927 238.7763671875 213.859008789062 238.15119934082 199.956237792969 0 0 181.418884277344 184.013510567801 0 198.406608581543 207.939707438151 182.695638020833 184.111930847168 0 124.555076599121 0 0 0 0 0 0 185.456134796143 0 0 121.492485046387 0 0 192.692253112793 206.095489501953 203.223922729492 233.2607421875 99.3622182210286 105.295485973358 67.7173611184825 0 0 98.6681554158529 170.996948242188 192.15145111084 220.188649495443 0 163.644416809082 198.714477539062 211.926284790039 103.399559020996 114.53086580549 248.030120849609 0 214.358383178711 0 0
54.0686345839412 68.1562513912425 23.963284143261 62.6192595557829 80.23238572918 50.9034771033848 36.4999281170024 22.119794184946 33.2886563113445 12.1618778128089 18.3014213219489 27.7086266147659 105.640518188477 108.525733947754 199.666320800781 0 0 197.681648254395 240.259628295898 0 153.246026102702 125.719744364421 223.468078613281 0 168.462809244792 0 0 149.36767578125 70.1923746381487 79.3866815667403 106.34748285467 90.0709053675334 93.5858330499558 0 0 0 227.640274047852 192.335220336914 169.619338989258 217.028015136719 109.173900257457 0 206.454310099284 169.280502319336 128.27632522583 0 133.501113891602 156.97053527832 156.026864793566 131.838838704427 148.381713867188 165.396175315163 104.050451591001 93.1781654695494 117.675022245962 113.776838822798 161.770105997721 0 0 0 194.584808349609 191.768182754517 194.350093841553 0 170.582463582357 125.482013702393 103.362563400269 137.525553385417 166.316711425781 172.037835257394 183.787349700928 55.3080519648961 120.804113388062 79.007678638805 162.514736175537 175.405029296875 60.0640200477965 72.6126792214134 83.915743721856 164.24380002703 180.39721883138 157.471445603804 112.103378570832 103.208802443284 119.175245961835 112.949372791109 151.362651279994 174.811611938477 187.22093963623 194.948104858398 192.704162597656 138.410297206191 167.574370751014 175.908485412598 166.682489395142 142.269078572591 30.7463946203261 58.0030639841233 151.692402430943 94.6679306030273 134.685832888581 166.869764055525 145.740178571429 154.838056124174 142.693719863892 145.545460643996 146.722492694855 114.884497506278 131.452784635583 105.491838543232 130.969618824041 139.694997434263 0 0 0 0 0 0 0 0 0 0 0 154.143437703451 0 0 189.867340087891 0 0 0 173.575984477997 0 177.905754089355 155.996104900654 0 146.838424682617 0 0 175.917477199009 210.415580749512 0 0 0 178.73021697998 170.089658737183 0 0 240.611587524414 168.80192565918 0 0 209.188598632812 244.806762695312 204.142425537109 0 0 163.586380004883 203.583992004395 171.957473754883 216.988121032715 203.843553022905 183.586837768555 0 175.80056254069 0 0 0 0 0 0 180.036764526367 0 0 183.042709350586 0 0 246.512247721354 0 0 0 132.224882347639 139.672090911865 89.0211620330811 0 0 122.600553111026 0 212.960586547852 219.214163643973 0 181.027921040853 218.528022766113 0 0 106.894958948685 181.693962097168 185.257033030192 0 0 211.895919799805
74.8408932156033 89.2325172424316 63.0494173455426 63.3045978546143 55.3989346304605 54.8197245391714 48.2484914561959 35.152454254989 47.2745092638077 18.3014213219489 8.81637584626205 21.2934079085309 0 0 0 93.7097473144531 203.584480285645 108.98804473877 199.599617004395 190.92041015625 106.376570757698 103.739868164062 120.395141601562 0 129.99828338623 0 0 0 85.0932472998943 70.9320463074578 71.0176000595093 55.773914642334 43.2455583202596 79.0356292724609 0 0 183.847297668457 95.6949225205641 115.365501403809 206.237899780273 99.0406799316406 0 0 72.8562431335449 123.935203552246 144.65650177002 157.649810791016 222.327896118164 124.311958312988 136.176597595215 152.412363688151 165.444333163175 111.150291513514 98.0602712129292 125.971186113787 111.479715983073 180.78800201416 154.308873494466 0 144.742828369141 0 228.097457885742 224.227188110352 124.411315917969 227.442225138346 131.111886978149 110.180880619929 228.532684326172 153.258121490479 186.126763916016 182.102416992188 33.3550736557301 50.2621352672577 73.0068258921305 113.482234954834 0 55.6060367761439 78.89050951871 67.7349657022728 170.951573689779 193.00949214055 163.303721427917 120.454001699175 106.248187903202 116.41294077823 104.652197096083 0 172.461279296875 164.568801879883 159.568196614583 120.153495788574 145.352552240545 166.628753662109 156.590026855469 196.733871459961 79.708242336909 38.4308469014348 66.6242359982261 131.352055140904 0 147.093686562997 145.912074618869 144.8108254935 149.412053214179 138.105083219467 141.83336414761 144.596984632087 141.533095388701 138.970124390748 105.487688822289 125.443855654809 135.973066537387 0 0 0 0 0 0 0 171.39045715332 157.562965393066 0 0 159.443745083279 189.019209289551 0 0 0 0 0 151.555774841309 0 130.986318517614 134.432054502774 0 124.222792489188 0 0 139.359652837118 157.560118103027 0 197.484405517578 209.02864074707 168.644900004069 163.191523501748 211.325576782227 156.992792765299 0 147.357745361328 0 0 0 0 182.56748845027 0 160.723861694336 211.806816101074 208.805369059245 224.102554321289 231.134499686105 188.141019967886 187.704498291016 179.296915690104 167.262299219767 0 0 0 0 215.657897949219 0 175.12829208374 174.813217163086 0 163.401222229004 0 0 227.885479736328 246.999816894531 178.658042907715 0 120.666960675789 127.538586061392 106.248499764336 164.790067036947 224.434112548828 114.675552409628 0 0 213.511512756348 174.579193115234 195.780522028605 184.657165527344 244.378433227539 158.127895355225 96.9693464404808 164.45850735619 189.30556318495 163.415178934733 133.806838989258 218.10041809082
64.8816744246573 63.9943631724307 23.3184774429692 39.8522576495804 51.1216671018975 27.0394087279572 64.5435563254386 45.9990418938952 70.3001536888412 27.7086266147659 21.2934079085309 16.5998571889039 104.503979076039 127.512936909993 121.434540987015 120.990829814564 113.817909558614 123.167535261674 104.12307099735 169.528213500977 108.63914466361 107.549961414743 88.8885362413194 143.261749267578 130.260815367407 142.234397888184 160.872829437256 140.671714782715 91.2005453963224 64.9202580303067 60.2994672676405 29.4201390779224 26.9354344916394 87.9815737860543 0 101.357116699219 102.571881930033 77.4130672655608 114.126713116964 149.493758307563 106.938504890027 163.097694396973 176.569917852228 80.4193831413023 124.617172241211 109.913815816243 166.25250116984 156.928787549337 170.607967376709 146.899285536546 199.462905883789 186.719330097067 123.265045496292 121.027020375663 141.165832652796 129.609073709559 115.752195531672 62.7807286466871 166.470430374146 86.4070765177409 114.577021512118 180.006891321253 176.090037419246 144.085182189941 148.34833581107 128.110092826512 115.342580628627 126.516007614136 140.557917217876 193.904031117757 173.353654961837 41.6088736710771 56.2223279587505 73.8185096334239 72.1362419355483 134.050620794296 76.6152720538613 81.7134023030599 60.563249670386 174.688930511475 204.944235784357 181.188362545437 137.730292123847 121.27649774284 118.427139558543 106.644710998535 130.889233180455 194.057880567468 157.263580627441 155.735702514648 143.803845792203 170.158052211855 185.487677789504 191.07430267334 189.43247113909 53.0606576361457 61.4819573309255 84.6835823701493 123.878747904076 134.452964019775 165.493406109253 162.872543068432 163.345959551508 164.364256269149 155.949565613192 158.282623043493 164.350285901521 154.640208672621 156.123946042268 123.675569832874 143.140646750128 151.376529829276 0 201.431350708008 175.245600382487 240.315216064453 150.952229091099 170.569152832031 168.541000366211 185.98494720459 152.676639850323 180.504688262939 180.897488064236 170.84587097168 187.448521205357 196.624537150065 166.106735229492 0 0 178.542907714844 168.392449378967 183.498819986979 141.510719468858 149.871692383543 160.700495402018 149.193151239763 198.774871826172 131.794092814128 145.30363889174 153.153311496311 177.515941619873 181.538088798523 230.990626017253 186.774716186523 177.981929218068 226.196965535482 177.220391845703 167.82341003418 148.80513381958 194.255379896898 170.102068814364 235.500127156576 234.09657796224 198.832117716471 243.568817138672 174.4020652771 231.571033253389 220.424950339577 200.968712942941 237.840441535501 205.689928017893 197.068871670082 207.45622253418 179.099105096632 149.795288085938 170.045567830404 200.87780543736 217.047078450521 200.756998697917 179.989720153809 191.61290866726 177.193725585938 166.975639343262 161.830520629883 189.03942489624 187.854188919067 234.399868613795 241.768646240234 200.449099222819 226.443954467773 135.730145138534 142.631952039787 111.276152940897 200.274156358507 190.913497924805 129.01853213924 215.089401245117 0 219.079327670011 196.991577735314 203.09976008681 207.406356811523 230.405064174107 172.01420731978 114.715769138839 176.451968846696 191.305687772311 178.781215501868 188.22959391276 186.27742767334
159.300590515137 192.393936157227 222.551177978516 0 102.980224609375 106.96213054657 128.233715057373 231.177597045898 81.1110733032227 105.640518188477 0 104.503979076039 11.1691396976388 101.027834320068 95.5606868743896 39.7604445616404 45.2346818106515 20.6052762762194 27.2511692514231 52.7454448799034 102.437229156494 103.869722366333 131.855421066284 92.4056105840774 109.266334533691 109.307388305664 81.8777828622372 94.6558880805969 129.923929486956 135.447317759196 103.578042984009 87.3644616263253 82.4941024780273 109.081424713135 101.297355651855 74.6551793416341 60.2961190167595 58.633683163325 47.6375124628951 106.56941986084 93.9455097371882 63.3291704813639 88.7318825067258 28.3561416030941 22.7477565533917 19.5443774204061 108.456528981527 135.092182159424 121.452745437622 49.4057601286986 99.3493957519531 98.7108339008532 154.364496866862 209.902160644531 92.9865570068359 0 111.97590637207 79.9408740997314 74.1747367858887 57.5856056213379 33.6487912913553 133.036343044705 110.351585388184 74.2237653096517 68.5918816653165 27.6178722194435 206.644790649414 139.807392120361 97.3663139343262 135.656993103027 116.433820996966 82.8002523149763 76.5893785851633 38.3791985719839 88.8279235839844 96.3234256108602 67.2845328474698 37.5460296822345 67.655736457574 81.2291222876245 118.666582974521 64.0746845203442 186.707962036133 176.78458404541 130.442581176758 190.832321166992 182.648132324219 89.0530313910925 86.7640446853638 66.0721123478994 71.4614541684167 129.220647958609 0 129.524670918783 114.259124755859 101.176661014557 75.4645102606879 98.6128387451172 130.64518737793 121.945341491699 187.692626953125 164.360076904297 0 177.978576660156 159.041971842448 165.771133422852 0 0 0 0 131.328704833984 158.72487487793 130.526529947917 97.6522461355549 83.0321580638056 121.922055244446 153.199314117432 104.968350807826 127.820161002023 89.9452399090083 125.367228648702 99.4690955675565 121.123839328164 140.698540496826 178.020362854004 121.391899108887 123.957618713379 121.15488243103 156.562779744466 109.017647986319 180.575500488281 144.641374860491 137.07371802079 162.7415902274 143.051147460938 142.595127330107 132.205368041992 143.707382202148 143.167542556237 141.829167127609 87.0521712746319 149.468801645132 99.7235423883743 109.931182861328 152.601236615862 118.647341092428 99.7831446329753 75.882256434514 107.180281171612 95.450299181629 149.312767028809 172.544743855794 154.104389537464 206.903533935547 0 136.699502127511 146.03173828125 166.371536254883 155.680528640747 178.65322265625 199.916506449382 0 0 171.24817276001 133.006696065267 127.723082802512 93.6425355337199 117.405859231949 122.197425842285 49.9450106381038 172.812858581543 181.174005361704 146.955192565918 135.902338027954 127.508571624756 104.396115664778 173.542783737183 203.086044311523 121.98188828259 114.000175193504 148.44663365682 146.624004861583 55.3699682780675 156.239802042643 111.782312393188 134.223049163818 169.684844970703 110.335563659668 169.832514249361 163.110387166341 220.071478271484 135.420859306089 151.058512878418 147.259329223633 0 0 197.259185791016 145.755139160156 0 0
