25259 5294 18228 2068 2045 3923 4188 8102 114 4622 123 4003 0 1 2 2 1 3 1 2 81 39 4 5 20 1 6 2 3861 11846 194 10 10 1 3 0 0 1 1 11 579 16 33 4 4 2 11 13 91 19 69 89 1071 1182 218 110 44 10 0 1 12 11 16 10 11 5 187 6 19 118 41 17 5 10 21 15 55 3 15 47 418 25 1163 869 523 122 16 91 50 8 19 361 218 85 106 182 111 1401 28 15 43 4 55 64 11 77 36 31 56 51 100 208 0 0 0 0 2 0 0 1 1 0 0 4 3 0 0 0 0 1 16 0 118 108 1 32 0 0 6 6 0 1 0 4 5 0 1 1 4 1 1 1 7 4 0 2 8 9 11 30 5 9 1 3 43 0 1 0 1 0 10 3 10 1 1 0 3 9 4 0 79 33 3 0 1 55 7 3 36 1 12 5 5 29 61 11 7 0 0 0
5294 24368 5522 9169 1889 3657 71 72 7 666 113 1565 0 2 4 2 0 1 0 0 165 54 1 7 21 0 1 1 496 3525 197 7 5 0 2 0 0 1 1 3 423 7 20 1 0 0 4 7 30 2 27 17 172 218 57 86 41 4 0 0 5 9 5 3 8 1 201 7 4 37 20 29 1 4 9 11 93 1 10 5 103 14 324 326 567 132 11 32 21 1 6 127 41 35 35 94 133 94 27 8 50 2 88 75 25 145 46 35 68 83 179 374 0 0 0 0 1 0 4 0 3 0 0 11 1 1 2 0 0 0 39 6 338 363 4 81 0 0 9 5 0 1 0 9 19 0 0 0 2 0 4 0 2 7 0 1 3 16 4 7 13 23 6 13 82 0 1 0 0 1 23 8 24 5 0 0 1 2 0 0 267 42 3 2 2 175 1 2 7 2 24 1 1 79 177 16 11 4 0 0
18228 5522 25728 9867 440 6985 1108 5797 178 6262 326 33413 1 3 3 4 3 6 1 1 276 145 13 12 53 2 6 4 1754 1370 147 16 13 8 5 1 2 1 3 13 1394 18 55 1 10 7 12 32 144 31 111 141 935 1100 306 208 47 10 3 0 17 32 16 20 23 15 439 18 27 164 64 62 5 30 49 37 190 3 31 50 524 53 1564 1410 1248 254 24 139 75 11 36 606 295 140 153 79 348 638 73 28 153 8 351 201 32 300 91 106 192 210 454 842 0 0 0 1 7 1 5 1 4 0 1 28 9 0 5 0 0 0 75 7 588 577 2 99 0 0 9 5 0 1 2 27 26 0 0 0 4 4 7 9 7 8 1 4 14 19 22 27 14 28 12 20 150 0 3 1 1 0 42 18 55 4 0 1 7 11 5 0 443 100 7 2 2 236 7 6 35 3 45 5 12 116 319 48 10 13 0 2
2068 9169 9867 17778 5368 11117 75 80 24 373 81 4032 0 0 1 0 0 0 2 1 147 93 2 5 24 1 4 1 436 2897 447 11 9 2 2 0 0 0 0 1 402 3 9 2 1 2 1 5 26 0 10 16 126 159 39 61 57 5 2 0 4 5 8 2 8 2 155 3 8 18 10 37 2 5 14 8 135 0 8 9 72 10 269 267 450 135 4 25 18 3 6 109 33 12 26 164 203 102 21 9 86 5 134 141 23 199 54 59 138 96 292 502 1 0 0 0 0 0 3 0 4 0 0 19 6 0 0 0 0 0 53 5 463 462 4 90 0 0 8 8 0 1 1 15 19 0 0 0 0 0 9 1 1 8 1 0 3 8 5 2 13 9 9 21 110 0 1 0 0 0 27 6 35 1 0 1 6 2 1 0 332 53 2 3 0 201 1 1 5 1 34 3 2 111 246 15 14 6 1 2
2045 1889 440 5368 12498 10995 284 102 26 154 101 4671 4 72 46 31 28 23 2 4 554 549 21 19 82 5 33 100 3679 10238 10745 778 286 85 9 9 144 39 74 31 1182 8 68 2 4 11 41 18 63 11 39 45 493 675 97 144 2208 57 127 20 50 53 166 93 442 4 1457 126 454 77 34 193 10 18 268 15 155 0 54 14 206 20 760 1017 1371 440 33 59 24 5 22 246 89 64 107 5210 187 400 124 98 29 0 45 23 16 65 12 8 25 29 110 185 0 1 2 1 5 1 12 18 9 8 2 12 7 0 2 0 1 2 23 1 254 237 4 89 2 0 14 12 4 3 3 11 13 1 2 0 7 25 6 2 1 5 0 2 4 8 12 11 10 12 6 8 82 0 6 5 4 3 16 5 28 0 0 23 6 4 30 1 234 54 6 2 5 169 4 2 23 1 18 5 7 64 172 9 17 4 0 2
3923 3657 6985 11117 10995 21637 505 367 65 507 538 19720 0 14 13 10 21 4 1 4 587 779 24 16 104 4 4 28 1791 7229 1558 4277 282 33 6 3 51 27 19 10 1052 15 43 2 2 12 28 11 42 5 27 29 382 405 75 113 204 99 30 1 18 37 79 40 215 4 307 55 227 62 23 435 11 22 195 13 243 1 141 19 152 9 551 561 1099 296 20 37 27 6 19 169 77 35 63 4206 362 485 132 38 75 12 162 103 29 163 41 44 90 79 215 412 0 2 1 0 9 4 6 6 5 2 2 22 10 0 2 0 0 1 63 4 425 501 4 116 1 0 15 19 1 5 2 15 21 0 1 0 10 16 9 1 4 7 2 3 7 20 3 10 12 24 8 22 143 2 3 3 1 0 37 10 43 3 2 6 10 2 14 1 412 88 4 0 7 299 4 2 12 3 30 5 7 113 283 21 14 5 2 1
4188 71 1108 75 284 505 3427 7048 514 3343 89 676 0 0 2 1 0 0 0 0 8 9 1 0 3 0 0 1 800 940 65 3 1 0 0 0 0 0 0 3 37 1 4 0 0 0 1 1 6 6 12 11 837 646 72 5 18 2 0 0 1 1 0 0 3 1 19 3 3 9 4 5 0 7 3 0 30 2 4 2 50 4 189 120 28 12 5 11 5 2 3 44 23 8 12 76 215 1637 4 3 9 0 25 16 2 29 8 13 20 22 34 76 0 0 0 1 2 0 0 0 0 0 0 0 1 0 0 0 0 0 3 0 32 29 1 5 0 0 1 1 0 0 0 0 2 0 0 0 0 0 0 1 1 0 0 0 2 2 5 5 1 2 0 1 4 0 0 0 0 0 3 1 2 0 0 0 0 0 1 0 17 3 1 0 0 7 1 1 2 0 1 1 0 5 21 4 0 0 0 0
8102 72 5797 80 102 367 7048 13316 3549 14997 229 1261 0 1 0 0 1 0 2 0 24 24 1 1 9 1 4 1 432 289 33 7 2 0 0 0 1 0 1 5 157 2 14 1 4 1 2 3 19 7 22 41 728 652 111 37 8 3 1 0 6 2 3 6 6 2 46 4 5 39 13 6 3 6 7 3 32 1 6 15 161 15 537 297 125 34 8 32 9 5 4 142 62 30 32 41 172 1519 6 7 48 5 74 69 10 116 34 49 98 95 155 229 0 0 0 0 1 0 0 0 0 1 1 4 2 0 1 0 0 0 14 1 152 143 0 13 0 0 5 0 1 0 0 4 10 0 0 0 1 2 2 1 1 4 0 0 3 6 10 5 5 14 2 10 21 0 0 1 0 0 12 4 9 0 0 0 2 5 1 0 81 12 2 0 0 53 2 3 5 3 15 0 4 34 61 17 4 1 0 0
114 7 178 24 26 65 514 3549 338 2287 92 152 27 1 1 1 2 3 7 1 72 119 10 6 36 0 0 1 39 24 10 8 8 1 1 0 0 2 0 7 63 3 9 11 139 4 16 2 4 104 7 48 159 41 30 5 1 1 0 0 9 3 3 5 7 79 14 22 12 4 10 71 3 233 16 8 727 86 88 35 44 85 38 25 32 21 32 166 59 85 88 11 2 5 8 44 1832 641 22 12 7 1 11 8 1 12 6 10 12 15 25 24 1 0 0 0 1 4 2 0 5 18 7 10 1 0 0 0 0 1 1 0 16 37 1 20 0 0 16 4 1 2 0 3 3 0 3 0 3 4 3 0 5 0 0 0 8 1 2 13 1 1 0 1 6 1 4 2 3 2 4 3 1 0 3 6 4 2 28 0 25 24 18 0 6 33 2 1 15 0 4 4 3 4 13 5 2 2 0 0
4622 666 6262 373 154 507 3343 14997 2287 53060 11350 35544 1 0 2 2 2 2 1 0 105 89 9 7 22 1 1 1 417 266 45 14 14 3 1 0 1 1 2 10 488 7 22 2 0 4 12 12 80 6 48 70 959 718 208 58 17 11 1 0 7 16 11 4 9 4 123 9 14 82 42 412 6 40 28 14 874 2 110 28 346 29 814 617 404 110 15 68 31 6 17 297 160 50 85 72 2637 2285 18 8 299 16 589 453 51 728 233 339 484 578 982 1766 0 1 0 0 5 0 0 2 3 0 0 19 12 1 1 0 0 0 114 6 833 785 1 122 0 0 9 9 2 3 0 32 35 1 1 1 8 1 7 2 7 20 1 0 6 32 16 21 25 48 26 49 153 1 1 2 2 1 76 17 47 9 0 2 17 12 5 0 652 72 11 4 1 296 6 0 31 5 71 3 24 186 525 91 28 7 0 2
123 113 326 81 101 538 89 229 92 11350 5906 9229 0 1 3 1 0 0 0 0 89 132 3 2 16 0 2 2 51 57 23 98 74 2 1 0 2 1 2 5 126 1 4 0 0 0 3 4 9 0 2 6 72 41 19 10 4 34 4 1 3 3 6 2 17 0 27 12 19 3 2 1612 3 14 46 1 788 0 360 2 17 1 62 58 98 17 11 4 0 1 2 19 12 2 12 264 1043 122 32 11 23 1 43 44 6 65 7 24 34 37 80 171 0 0 1 0 3 0 0 0 2 1 1 6 1 0 1 0 0 0 21 0 122 121 0 16 0 1 2 2 1 0 0 6 4 1 0 0 0 3 4 0 1 3 0 0 1 2 0 2 5 8 2 7 46 0 0 0 0 0 11 4 6 0 0 0 3 1 0 0 84 23 3 1 0 48 0 0 1 1 8 0 2 21 68 12 10 4 0 0
4003 1565 33413 4032 4671 19720 676 1261 152 35544 9229 34241 2 10 11 9 18 5 3 10 866 1173 44 17 139 4 9 25 1372 4063 706 3101 928 125 4 8 46 24 22 20 1454 17 58 4 3 8 66 14 55 7 29 49 470 448 98 143 135 923 29 8 24 25 100 33 213 4 285 134 212 66 29 2627 18 33 716 14 624 1 436 19 212 12 656 663 1317 400 56 35 30 3 21 195 90 57 97 2729 1169 544 166 48 177 19 1390 257 60 436 110 101 216 260 593 1147 0 1 0 1 9 2 10 5 10 2 6 54 21 1 0 0 0 3 142 6 967 1069 5 242 0 0 26 23 3 15 4 32 57 1 4 1 7 11 11 3 2 17 2 1 8 35 8 10 33 47 17 45 206 1 4 2 0 0 65 23 83 8 2 11 11 5 12 2 796 182 11 4 0 480 2 3 9 10 83 3 15 236 587 42 45 15 0 2
0 0 1 0 4 0 0 0 27 1 0 2 3960 3 5 10 10 98 2830 14 2 3 1 26 0 0 22 85 7 0 3 0 24 8 1 0 4 280 81 2 36 12 45 4191 2839 6141 4 3 7 88 2 12 3 4 4 0 5 1 0 0 110 7 21 67 208 1508 22 7 62 7 15 62 346 1599 7 28 329 99 569 6 11 26 0 8 3 1 2 45 55 97 951 5 0 3 21 8 110 17 0 1 0 0 0 0 1 0 1 0 0 0 0 0 1 52 257 14 3 83 8 653 37 422 7 0 1 0 1 15 1 28 5 0 1 4 2 23 0 1 31 42 205 0 121 0 0 9 83 6 49 2115 3 2 13 0 3 7 2 0 2 2 0 1 0 1 2 0 268 112 14 323 2 3 8 5 24 454 1 1 214 29 0 3 27 9 70 5 0 5 14 0 0 23 11 3 1 0 0 0 0 0
1 2 3 0 72 14 0 1 1 0 1 10 3 9555 6320 3804 615 268 118 361 72 117 456 393 31 50 2817 2230 53 9 65 30 44 122 3906 7230 673 101 819 1375 820 41 301 4 3 14 894 8 42 1 0 0 9 19 4 4 41 245 2663 424 64 35 82 435 695 5 82 569 286 17 8 19 22 52 385 13 6 0 7 1 9 2 10 56 16 19 28 11 17 2 22 51 0 27 114 187 4 0 14 32 0 0 0 0 1 2 1 7 1 0 1 0 78 70 27 87 91 438 232 127 500 1011 310 44 11 8 16 11 27 78 2 0 3 23 7 70 60 21 111 247 37 179 17 6 14 14 0 0 156 52 84 3 6 0 1 1 0 0 2 1 3 2 2 0 3 22 9 30 6 7 6 1 17 29 4 22 1 0 12 1 1 46 34 2 3 55 1 1 6 3 3 3 1 2 28 1 13 6 0 2
2 4 3 1 46 13 2 0 1 2 3 11 5 6320 14266 23404 630 1022 142 2318 81 81 646 337 14 52 2086 4529 27 9 35 31 28 77 768 927 270 55 2264 426 1419 87 460 5 6 50 189 22 120 10 4 0 7 9 2 6 18 151 525 143 142 39 170 255 1280 6 38 179 721 62 19 14 18 72 263 56 4 1 8 2 21 6 5 10 21 11 12 25 45 11 50 122 6 56 234 154 0 0 3 11 0 0 0 0 0 0 0 4 1 0 1 1 134 98 59 122 125 577 248 214 683 1448 401 57 21 11 21 32 30 116 1 0 2 27 9 52 95 30 106 300 67 251 44 3 22 16 6 7 196 150 148 3 8 3 1 2 1 0 0 6 0 0 2 0 4 36 20 46 7 8 8 2 9 48 5 53 1 1 21 5 4 77 53 6 7 92 1 3 24 4 3 16 6 4 42 2 17 11 2 4
2 2 4 0 31 10 1 0 1 2 1 9 10 3804 23404 14342 1022 5344 3688 3411 18 43 390 681 12 75 2579 6269 48 7 38 9 36 65 469 75 108 162 4664 217 1627 165 561 10 5 68 94 34 136 11 4 1 3 12 4 3 40 117 234 151 327 63 136 446 874 13 65 174 912 57 32 17 37 48 245 91 6 10 7 1 40 10 10 27 9 12 7 32 48 7 69 160 10 56 264 121 2 0 7 22 0 2 0 0 1 1 0 1 0 0 0 0 198 871 404 165 17 994 81 1058 263 2588 138 8 1 9 3 50 35 579 7 7 4 7 5 27 65 22 50 103 660 59 211 3 3 38 32 10 202 313 17 2 16 1 2 3 0 0 0 5 0 1 0 0 12 7 53 96 11 22 0 0 25 10 13 187 2 2 28 2 2 15 47 5 22 10 1 1 32 1 2 16 6 11 4 0 1 3 1 0
1 0 3 0 28 21 0 1 2 2 0 18 10 615 630 1022 1681 653 989 1427 70 104 355 171 26 63 181 47 4 7 13 54 60 89 210 37 546 378 91 407 629 34 165 9 5 76 180 6 29 4 0 0 0 2 2 1 10 145 160 32 207 28 77 98 70 6 10 39 75 14 13 24 29 125 153 32 2 19 8 0 9 3 7 14 16 9 9 7 16 2 18 30 4 25 85 172 1 0 7 7 0 0 0 0 0 1 0 29 0 1 0 1 105 39 17 85 128 84 252 22 608 442 239 58 28 8 27 25 30 60 1 2 6 58 26 98 90 29 193 312 28 368 12 12 26 24 3 0 270 74 260 3 5 2 0 4 1 1 2 1 3 4 3 1 8 45 8 38 5 3 12 8 12 79 4 44 2 2 10 1 11 194 60 10 4 197 2 0 7 7 6 4 4 4 98 4 24 10 3 13
3 1 6 0 23 4 0 0 3 2 0 5 98 268 1022 5344 653 17448 5832 1604 16 39 274 1056 33 41 2608 1279 20 5 40 1 164 202 219 6 378 1670 6281 129 1360 276 881 153 45 524 81 145 123 17 1 1 9 18 18 4 46 25 48 28 3235 163 344 974 1706 97 90 47 2560 65 88 44 340 267 63 408 4 4 13 0 63 7 15 33 20 24 14 35 52 13 236 109 9 36 282 45 5 0 13 15 2 4 0 0 3 0 0 0 0 0 0 2 169 1593 1428 208 36 1430 115 2237 249 4769 137 8 1 6 2 90 26 933 18 13 7 10 10 70 46 10 90 121 1649 31 688 14 4 75 171 41 325 1737 15 4 24 3 4 22 2 0 1 5 1 1 1 3 14 6 201 304 38 173 2 11 77 23 33 692 2 9 173 29 4 10 107 13 59 11 1 11 30 3 3 39 17 19 1 0 4 0 2 0
1 0 1 2 2 1 0 2 7 1 0 3 2830 118 142 3688 989 5832 52604 8051 28 78 223 330 15 83 777 400 8 1 6 3 78 130 193 3 304 3955 144 206 616 76 288 2679 711 1853 73 23 57 37 3 8 3 1 3 1 8 10 41 1 271 32 79 230 187 443 14 10 103 18 30 39 272 7501 10 68 25 1094 63 2 32 17 5 11 11 19 8 48 47 64 589 54 3 10 139 12 21 0 8 2 1 4 1 1 0 1 0 21 0 0 0 1 871 2106 2213 670 217 4922 613 4194 2886 15156 1421 88 27 34 56 173 179 1495 19 11 8 45 26 151 367 96 381 974 1658 550 567 14 40 150 113 62 1748 1588 247 12 24 3 17 6 2 3 3 8 4 5 3 4 18 74 136 338 32 314 16 12 89 98 38 544 0 8 145 20 5 171 755 15 54 208 6 9 24 8 6 24 24 30 62 2 30 14 7 7
2 0 1 1 4 4 0 0 1 0 0 10 14 361 2318 3411 1427 1604 8051 4592 39 74 320 225 12 65 339 49 7 2 3 11 22 24 235 15 72 60 83 328 647 46 225 13 12 87 69 11 60 2 2 1 0 0 2 0 3 18 69 8 253 31 82 134 67 7 13 15 98 26 14 7 17 149 42 39 2 39 6 1 11 8 2 8 7 8 6 19 25 5 26 64 3 30 132 27 0 0 4 5 2 0 0 0 0 0 0 12 0 0 0 1 266 89 69 157 90 201 252 54 834 940 331 40 18 12 27 33 52 165 4 0 1 22 14 47 157 36 127 288 13 364 19 7 25 44 3 4 323 85 163 0 9 0 0 0 1 2 0 1 1 0 2 0 2 37 15 56 5 8 9 4 10 50 4 42 2 3 17 2 2 83 51 7 6 117 1 2 12 7 5 4 8 2 38 0 21 3 1 5
81 165 276 147 554 587 8 24 72 105 89 866 2 72 81 18 70 16 28 39 6722 4933 3919 490 433 275 66 7 101 77 310 202 279 77 30 7 52 102 9 499 1178 36 97 11 1 6 128 3 30 0 4 3 31 17 11 1783 81 19 48 8 6 12 24 43 28 2 75 42 31 15 4 528 187 185 158 14 285 0 276 2 18 1 690 58 2779 312 48 9 7 3 16 36 5 10 61 515 199 53 477 86 1 0 5 2 2 3 1 6 3 2 13 20 7 6 1 12 59 15 56 8 113 37 56 32 16 2 6 0 0 9 2 0 33 121 9 92 9 1 104 113 4 52 3 5 17 2 0 0 49 9 49 1 0 4 0 0 0 5 2 2 6 4 1 2 19 8 2 7 1 0 16 4 7 11 0 11 4 0 3 1 89 120 30 3 2 136 0 0 4 4 5 4 2 21 61 2 17 4 1 2
39 54 145 93 549 779 9 24 119 89 132 1173 3 117 81 43 104 39 78 74 4933 27014 4804 954 7197 2297 267 29 131 96 369 379 570 114 99 7 109 186 22 3927 1139 139 745 20 7 12 776 20 140 9 5 6 65 61 20 78 146 36 92 8 43 43 190 256 65 7 240 128 69 80 18 1047 351 447 418 36 542 11 495 4 24 7 223 272 4060 1801 308 15 40 5 50 120 13 58 369 922 446 116 5045 331 3 1 10 1 7 6 5 17 3 3 17 30 15 9 1 33 133 30 193 7 349 109 161 101 28 4 15 6 6 5 7 2 52 252 27 224 33 8 214 324 13 158 1 15 45 8 3 0 145 20 162 6 12 1 1 2 4 8 1 6 1 12 3 5 51 23 12 11 8 1 36 11 17 58 3 26 2 7 18 1 156 305 115 9 6 312 1 3 18 6 25 6 6 26 134 9 44 16 1 15
4 1 13 2 21 24 1 1 10 9 3 44 1 456 646 390 355 274 223 320 3919 4804 13175 10599 215 5854 1157 45 27 6 16 21 217 141 163 22 284 351 66 3817 4931 1107 1142 20 9 29 239 22 265 10 3 0 16 23 7 11 19 8 113 20 89 27 90 126 38 7 90 40 57 55 21 164 231 107 33 35 67 3 85 1 32 4 35 118 178 152 33 25 34 6 54 161 6 43 279 37 41 5 90 16 0 1 0 0 0 0 0 2 1 0 2 1 12 11 3 22 20 41 58 16 95 86 72 18 9 2 2 1 4 4 1 0 6 24 5 45 11 4 33 73 4 43 3 2 13 3 2 0 32 33 25 1 4 0 1 0 0 1 1 3 2 1 0 0 4 10 8 9 5 4 3 2 5 16 4 11 2 0 11 1 14 40 21 1 2 39 3 1 3 1 1 7 4 0 19 0 3 1 0 2
5 7 12 5 19 16 0 1 6 7 2 17 26 393 337 681 171 1056 330 225 490 954 10599 11551 267 3953 4084 646 59 11 22 8 47 29 1530 28 55 86 287 7017 3448 4174 2148 41 65 385 875 17 328 3 2 4 32 35 19 11 59 15 205 20 885 24 114 448 396 109 252 131 202 44 23 38 64 58 50 42 14 0 21 0 26 6 49 184 114 164 109 29 34 7 245 172 9 57 347 35 9 1 102 44 0 0 0 0 0 0 0 2 0 0 0 1 7 22 20 8 13 58 25 94 55 121 27 3 1 0 0 1 3 13 0 0 1 7 0 13 2 0 13 36 40 14 16 1 1 5 13 0 26 292 5 1 3 1 0 4 0 2 0 2 0 0 0 0 1 5 55 28 2 32 2 0 2 5 9 94 1 3 63 5 8 9 7 2 12 13 0 1 11 0 1 6 3 6 4 0 3 1 1 1
20 21 53 24 82 104 3 9 36 22 16 139 0 31 14 12 26 33 15 12 433 7197 215 267 6598 349 244 12 77 22 94 45 135 41 80 1 14 48 10 3376 337 28 488 8 7 13 2957 7 46 5 6 12 62 135 16 51 233 12 8 6 38 43 203 306 48 6 887 49 43 65 12 233 133 270 83 16 142 4 144 8 44 2 379 995 1950 3413 2446 18 16 4 22 90 17 34 265 89 113 16 4795 902 2 1 3 2 1 1 0 2 1 0 3 7 1 4 1 11 76 7 69 6 77 21 46 32 2 1 3 0 0 2 1 0 12 84 14 115 8 5 110 128 2 36 2 12 17 1 1 0 29 8 38 2 3 0 0 1 1 3 4 5 1 2 0 1 11 6 8 4 0 0 13 5 9 19 3 5 3 4 8 0 35 122 49 4 2 82 0 3 14 2 10 1 3 8 21 0 14 5 0 6
1 0 2 1 5 4 0 1 0 1 0 4 0 50 52 75 63 41 83 65 275 2297 5854 3953 349 6320 712 6 9 2 4 0 20 11 222 3 28 55 9 9545 811 103 340 4 1 9 227 3 60 0 1 1 13 14 3 2 6 0 9 0 25 12 39 60 8 1 73 8 19 9 1 20 39 38 1 8 10 0 18 2 7 0 16 80 90 87 29 11 14 3 12 34 1 15 135 5 3 0 51 7 0 0 0 0 0 0 0 2 0 0 0 2 1 0 1 3 13 18 34 3 55 52 30 3 1 0 1 1 1 1 0 0 0 4 2 11 7 2 21 33 4 12 2 1 3 0 2 0 24 4 8 0 1 0 0 1 0 1 0 0 0 0 1 0 0 2 1 2 0 0 0 0 0 1 0 6 0 0 5 0 1 9 11 0 1 5 1 0 1 0 0 1 0 0 5 0 0 1 0 0
6 1 6 4 33 4 0 4 0 1 2 9 22 2817 2086 2579 181 2608 777 339 66 267 1157 4084 244 712 25279 10609 155 16 131 9 69 49 7243 303 59 73 558 4693 846 126 904 9 13 219 1527 6 81 5 2 2 58 72 4 1 224 94 1106 155 472 46 309 2215 1307 36 495 636 129 34 9 43 37 43 251 20 11 2 23 0 21 3 43 259 91 148 154 17 22 2 40 57 8 27 225 85 5 2 110 80 0 0 0 0 1 0 0 3 0 0 0 1 41 244 114 54 19 575 60 610 120 1156 100 8 3 4 2 5 2 118 1 0 1 5 6 19 16 11 32 65 204 28 68 2 3 7 6 0 53 326 8 2 9 0 0 1 0 1 0 1 1 1 0 1 3 2 56 41 7 26 1 0 7 7 2 127 0 3 18 3 3 19 23 0 9 8 0 3 9 0 0 8 3 10 4 1 1 0 0 0
2 1 4 1 100 28 1 1 1 1 2 25 85 2230 4529 6269 47 1279 400 49 7 29 45 646 12 6 10609 12095 166 40 267 21 99 105 885 175 34 38 2471 92 192 15 346 14 37 352 456 10 12 2 1 0 25 56 6 3 226 320 874 458 390 38 330 2623 2380 62 322 785 244 23 1 36 31 35 716 13 2 0 10 1 8 0 21 85 28 34 28 5 8 1 44 14 5 17 90 282 4 5 20 85 0 2 0 1 5 1 0 1 0 0 1 1 34 691 351 79 32 719 60 1674 83 1660 51 8 0 5 1 32 2 289 11 7 7 13 2 58 15 2 42 89 992 16 400 4 9 27 49 4 64 1442 10 1 9 2 1 3 1 1 0 1 1 2 0 3 9 3 206 163 14 85 10 7 37 17 20 493 1 2 49 15 3 13 20 5 50 7 1 0 6 2 1 18 5 20 2 1 6 2 1 0
3861 496 1754 436 3679 1791 800 432 39 417 51 1372 7 53 27 48 4 20 8 7 101 131 27 59 77 9 155 166 24921 15692 3647 41 29 23 49 0 32 13 61 172 253 21 240 4 7 43 132 17 25 8 52 74 2256 6026 174 45 2109 25 59 4 68 87 391 322 590 11 4730 160 322 93 20 120 12 24 827 32 244 1 74 20 191 20 978 1485 268 125 257 38 38 4 32 198 112 57 188 1032 80 2087 134 410 9 2 10 19 3 18 5 9 12 8 30 48 1 1 1 1 3 2 3 8 9 5 3 11 4 0 1 0 0 0 11 1 72 99 2 41 0 0 18 13 0 1 4 3 3 2 3 0 7 40 9 1 6 6 1 1 4 8 8 11 6 6 1 3 32 0 10 9 3 1 13 6 11 0 3 27 7 4 18 1 86 51 5 1 9 69 2 0 17 0 10 9 4 28 37 1 3 3 0 1
11846 3525 1370 2897 10238 7229 940 289 24 266 57 4063 0 9 9 7 7 5 1 2 77 96 6 11 22 2 16 40 15692 24230 7355 40 11 15 7 2 14 6 24 14 437 12 37 2 4 11 20 14 52 12 65 72 990 1343 158 75 3139 11 33 2 25 22 70 47 119 11 1012 32 103 76 28 29 3 13 135 13 55 2 13 22 275 32 894 847 449 111 27 74 28 3 9 292 148 57 71 1289 47 1376 32 66 12 2 19 19 1 23 8 9 12 18 27 54 1 0 0 0 2 1 2 1 1 0 0 6 1 0 0 0 0 0 2 0 48 60 0 15 0 0 4 9 2 0 1 3 1 2 0 0 1 8 0 3 4 2 0 2 8 4 10 17 3 3 0 2 10 0 0 2 1 1 2 0 6 1 0 1 7 6 6 1 35 10 3 0 4 23 1 1 11 0 6 8 3 15 15 2 4 2 0 0
194 197 147 447 10745 1558 65 33 10 45 23 706 3 65 35 38 13 40 6 3 310 369 16 22 94 4 131 267 3647 7355 11191 37 26 21 49 7 42 13 89 48 944 11 103 3 6 39 116 12 40 5 34 34 433 806 43 115 8018 32 92 10 88 54 281 253 833 12 4069 511 362 73 26 31 13 15 4121 18 43 0 25 7 126 10 656 1582 1046 632 647 30 22 2 28 160 69 52 140 2457 37 167 661 5664 4 1 9 6 2 20 5 2 5 6 19 27 0 2 1 0 4 2 2 5 4 9 4 5 1 0 0 0 0 0 8 0 32 65 1 23 0 0 10 12 2 2 4 1 2 4 2 0 2 53 2 2 4 3 0 0 5 1 9 9 2 2 1 0 18 0 14 8 1 3 3 2 4 1 2 19 6 3 21 2 40 17 2 0 5 33 2 3 19 1 3 4 0 15 22 3 0 0 0 1
10 7 16 11 778 4277 3 7 8 14 98 3101 0 30 31 9 54 1 3 11 202 379 21 8 45 0 9 21 41 40 37 10322 7037 1472 5 8 229 139 20 13 216 3 22 3 2 3 64 1 3 0 2 6 40 21 16 15 26 4897 107 98 23 15 72 30 221 0 41 266 288 16 2 1481 42 68 1633 3 130 0 356 2 25 2 73 54 143 39 27 8 2 0 4 25 7 9 34 10292 71 13 37 25 10 0 10 2 5 11 7 5 4 4 17 30 1 3 1 1 17 1 12 11 14 9 6 42 8 1 6 0 0 3 16 3 80 194 7 170 0 0 64 39 7 6 0 12 16 0 0 0 12 19 21 1 2 2 1 0 5 4 0 8 11 12 2 5 26 1 7 5 3 3 19 6 15 10 1 14 3 1 7 2 110 143 17 4 3 132 0 0 6 3 14 2 2 37 55 0 18 3 0 3
10 5 13 9 286 282 1 2 8 14 74 928 24 44 28 36 60 164 78 22 279 570 217 47 135 20 69 99 29 11 26 7037 5745 3237 72 37 383 838 50 242 412 19 80 45 20 89 960 23 12 6 12 7 76 46 31 9 20 4312 348 506 83 17 70 76 120 9 69 1096 129 18 19 1844 1801 496 2481 41 198 50 296 4 49 9 125 121 144 60 128 23 14 4 75 54 22 12 53 3599 39 9 53 52 9 1 7 9 6 10 3 14 5 3 12 34 10 10 2 20 151 12 121 25 195 49 76 127 43 9 20 3 6 10 34 0 73 537 46 553 10 2 412 411 26 97 9 30 68 8 5 0 132 96 171 4 8 20 1 2 11 18 4 20 22 21 8 6 73 16 26 24 10 6 63 22 49 63 2 58 8 5 32 7 217 766 147 23 14 506 0 3 18 19 58 11 16 60 95 2 58 19 3 14
1 0 8 2 85 33 0 0 1 3 2 125 8 122 77 65 89 202 130 24 77 114 141 29 41 11 49 105 23 15 21 1472 3237 3631 148 155 1743 1076 58 170 236 4 36 10 4 41 806 5 11 1 3 8 61 21 20 4 22 2897 1880 3335 88 17 18 44 115 9 35 2099 72 6 9 279 825 155 1368 27 15 20 65 1 33 2 93 54 50 26 40 11 6 0 24 24 16 5 21 872 3 2 20 30 4 1 2 2 3 3 0 14 3 0 2 9 11 9 2 16 119 17 136 27 184 57 66 72 32 1 12 4 5 15 10 0 24 262 31 292 22 3 294 357 15 111 11 15 41 7 6 1 152 53 141 3 8 4 1 1 4 9 1 3 5 8 5 2 29 16 15 11 5 3 29 11 28 59 2 28 3 1 20 1 65 365 72 7 5 230 3 2 11 15 25 5 9 20 63 0 32 17 2 9
3 2 5 2 9 6 0 0 1 1 1 4 1 3906 768 469 210 219 193 235 30 99 163 1530 80 222 7243 885 49 7 49 5 72 148 7112 1726 236 194 60 3515 221 38 543 10 0 14 1833 2 19 2 1 0 23 38 4 2 79 42 3948 162 38 7 71 716 138 4 191 621 43 5 0 25 69 45 87 5 3 0 9 0 5 2 26 90 45 58 50 3 5 2 13 20 2 9 88 45 1 1 46 26 0 0 0 0 0 0 0 3 0 1 1 1 22 40 11 24 36 142 55 60 108 325 62 13 1 1 0 2 4 20 1 0 2 7 1 18 19 4 34 68 22 41 6 2 5 4 1 1 22 31 26 0 0 1 0 0 0 0 0 1 1 1 0 0 2 2 0 8 1 1 3 3 2 11 1 19 0 0 7 1 0 13 14 2 0 16 0 0 6 0 2 1 0 2 7 0 3 0 0 1
0 0 1 0 9 3 0 0 0 0 0 8 0 7230 927 75 37 6 3 15 7 7 22 28 1 3 303 175 0 2 7 8 37 155 1726 1145 189 34 34 163 36 2 31 0 0 2 83 0 1 0 0 0 0 0 0 0 5 120 2835 281 5 0 7 47 51 0 5 201 12 1 0 4 19 5 125 0 1 0 0 1 0 0 1 5 3 0 3 1 0 0 1 3 0 0 12 39 0 0 1 5 0 0 0 0 0 0 0 2 0 0 0 0 3 5 1 5 13 28 19 7 33 66 22 5 0 0 1 0 0 5 0 0 0 5 3 12 6 2 14 19 1 6 3 1 1 1 0 0 11 4 14 0 0 0 0 0 0 0 0 0 1 0 2 0 0 3 2 1 1 0 0 0 0 9 0 0 0 0 0 0 3 15 6 0 0 9 0 0 4 0 2 0 0 0 2 0 5 0 0 1
0 0 2 0 144 51 0 1 0 1 2 46 4 673 270 108 546 378 304 72 52 109 284 55 14 28 59 34 32 14 42 229 383 1743 236 189 3144 637 22 214 376 13 56 6 2 66 537 5 9 2 0 1 8 8 0 2 33 1105 1299 1130 68 7 27 37 31 3 31 712 24 5 1 41 85 93 1056 3 2 18 9 1 3 2 11 16 24 16 10 4 1 1 9 10 0 4 32 734 0 0 4 30 2 2 4 0 1 2 0 23 0 0 2 4 23 16 9 47 159 38 229 12 440 133 201 65 27 6 18 3 13 26 3 2 2 85 22 163 48 11 252 380 21 208 9 8 37 12 2 0 185 33 224 2 7 1 2 0 0 3 1 5 0 2 4 0 7 46 12 9 5 2 14 5 18 94 3 42 1 3 11 2 14 244 67 8 2 224 1 1 2 8 9 5 2 8 80 2 30 12 2 16
1 1 1 0 39 27 0 0 2 1 1 24 280 101 55 162 378 1670 3955 60 102 186 351 86 48 55 73 38 13 6 13 139 838 1076 194 34 637 4503 48 407 455 41 133 377 134 682 643 28 24 17 1 2 5 10 2 2 14 357 503 467 441 36 89 90 53 88 33 343 76 28 30 102 609 1623 379 60 8 296 35 0 28 5 10 15 31 10 31 30 29 16 225 18 1 12 76 339 2 1 18 12 2 0 2 1 0 3 0 50 4 1 5 4 118 65 51 158 361 309 634 136 1424 1138 598 124 74 16 52 11 36 77 9 1 7 176 49 314 135 31 574 923 42 496 26 17 62 26 13 4 555 431 406 4 10 0 4 7 4 6 2 5 6 6 4 1 13 68 79 61 8 34 29 10 25 145 18 179 2 6 181 17 29 502 284 14 24 488 1 2 11 16 14 22 15 11 180 7 54 22 3 26
1 1 3 0 74 19 0 1 0 2 2 22 81 819 2264 4664 91 6281 144 83 9 22 66 287 10 9 558 2471 61 24 89 20 50 58 60 34 22 48 17021 18 443 132 443 15 51 325 102 37 40 3 1 2 10 13 8 3 73 177 185 167 5992 61 189 859 7135 71 130 253 4882 22 30 14 35 17 377 389 2 0 6 0 28 1 13 39 19 12 5 11 21 5 245 39 3 21 145 235 1 1 12 46 2 3 1 0 5 1 0 2 1 0 0 0 9 453 418 50 22 357 54 1187 60 921 35 7 7 1 1 33 6 195 16 12 2 17 6 51 6 5 66 85 793 20 361 6 2 54 133 2 80 2144 5 2 11 0 6 8 0 1 0 2 0 5 1 3 13 2 303 282 26 132 1 6 39 17 49 860 1 5 222 45 1 19 17 9 103 9 1 2 13 4 2 24 5 16 4 0 5 4 1 1
11 3 13 1 31 10 3 5 7 10 5 20 2 1375 426 217 407 129 206 328 499 3927 3817 7017 3376 9545 4693 92 172 14 48 13 242 170 3515 163 214 407 18 11937 1344 234 1255 27 7 18 5375 9 109 5 5 6 81 139 15 17 130 18 652 30 59 29 143 530 45 4 657 246 43 34 9 155 298 234 58 23 57 5 83 3 34 6 144 635 373 529 469 18 29 7 40 88 10 32 309 28 22 16 331 163 0 0 0 0 1 0 0 3 0 0 0 1 38 15 6 32 68 81 169 16 305 223 160 30 8 0 10 4 5 19 0 2 5 35 9 65 31 11 107 214 7 90 6 5 17 5 2 0 91 30 74 2 4 2 1 2 0 1 2 1 1 3 0 1 0 12 6 10 3 7 6 3 5 34 6 15 0 3 11 0 9 67 38 1 2 72 0 0 11 3 3 4 2 2 12 0 12 3 2 5
579 423 1394 402 1182 1052 37 157 63 488 126 1454 36 820 1419 1627 629 1360 616 647 1178 1139 4931 3448 337 811 846 192 253 437 944 216 412 236 221 36 376 455 443 1344 6117 2936 2255 108 93 527 287 229 2313 94 158 90 59 78 691 1667 217 86 148 21 1396 257 260 300 365 185 244 141 883 415 263 730 402 194 381 653 635 8 422 26 524 71 1134 266 1103 223 104 448 708 111 1015 1889 262 443 1682 778 243 74 200 109 8 3 16 6 9 10 7 14 7 10 31 39 9 42 44 32 56 66 70 119 145 165 69 50 10 4 5 5 2 33 17 4 89 254 9 175 11 3 115 163 63 77 34 7 34 15 31 2 67 438 81 17 70 5 5 37 10 24 29 64 5 14 2 6 61 9 70 52 20 47 18 12 33 43 41 143 24 33 214 16 197 272 62 9 64 313 31 28 225 6 21 126 25 52 131 6 21 12 0 8
16 7 18 3 8 15 1 2 3 7 1 17 12 41 87 165 34 276 76 46 36 139 1107 4174 28 103 126 15 21 12 11 3 19 4 38 2 13 41 132 234 2936 4565 2533 45 71 195 63 38 2112 15 8 0 6 12 13 11 11 2 7 3 675 55 70 54 145 65 35 8 702 73 40 12 38 7 21 258 6 1 9 3 45 6 14 36 29 27 12 54 70 13 644 429 13 112 531 20 5 1 13 7 0 0 0 0 0 0 0 0 0 0 0 1 2 5 8 4 0 3 4 20 8 18 3 2 1 1 1 1 0 3 1 1 0 2 0 2 1 0 2 4 10 1 5 0 1 3 16 0 8 151 2 1 9 1 0 5 0 1 2 6 0 1 0 0 0 0 19 26 9 19 1 2 2 0 10 59 0 4 117 8 0 4 2 1 25 6 2 1 21 0 1 20 3 0 5 0 0 0 0 0
33 20 55 9 68 43 4 14 9 22 4 58 45 301 460 561 165 881 288 225 97 745 1142 2148 488 340 904 346 240 37 103 22 80 36 543 31 56 133 443 1255 2255 2533 8455 191 319 846 839 111 3413 79 15 11 86 155 25 10 215 21 176 22 2888 236 2148 3754 1505 284 733 176 3038 237 130 62 155 60 103 996 48 6 39 1 138 19 119 465 233 297 210 149 209 103 2895 891 31 368 5988 140 27 3 230 98 0 0 0 0 0 0 0 0 1 2 0 3 9 23 30 12 24 35 32 69 55 103 37 2 3 1 2 4 2 9 6 0 4 16 2 29 5 3 26 31 34 17 21 2 4 18 68 1 28 565 15 13 30 1 1 42 1 2 4 20 1 1 0 1 2 1 149 85 49 80 2 8 3 2 79 296 5 17 556 59 8 20 8 3 159 12 4 17 53 0 1 102 18 4 5 0 3 0 3 1
4 1 1 2 2 2 0 1 11 2 0 4 4191 4 5 10 9 153 2679 13 11 20 20 41 8 4 9 14 4 2 3 3 45 10 10 0 6 377 15 27 108 45 191 7446 2928 392 54 69 24 424 21 67 3 6 4 2 2 4 23 1 263 73 137 76 47 589 6 13 127 62 135 232 3996 4370 11 144 657 2604 4693 76 130 221 10 12 10 3 8 386 234 384 1893 26 4 20 124 1 23 4 2 0 0 0 0 1 1 0 0 28 0 0 0 1 34 60 113 47 103 305 151 350 413 1031 212 40 16 6 13 8 6 39 2 0 2 68 14 102 32 10 264 324 75 115 36 9 22 22 27 0 259 676 113 9 29 2 3 23 7 7 14 25 2 5 1 2 7 13 96 52 27 105 12 8 14 46 36 230 8 12 318 36 8 237 198 5 96 197 5 9 34 9 7 54 8 4 85 4 21 6 1 7
4 0 10 1 4 2 0 4 139 0 0 3 2839 3 6 5 5 45 711 12 1 7 9 65 7 1 13 37 7 4 6 2 20 4 0 0 2 134 51 7 93 71 319 2928 9604 1151 12 25 30 5840 18 86 20 9 9 1 11 5 0 2 189 64 217 127 307 3261 26 6 440 54 98 60 339 230 9 145 1070 746 892 71 203 325 6 8 8 4 1 941 996 3129 2951 39 10 36 176 12 434 65 5 1 0 1 1 0 0 0 1 1 0 2 1 0 0 3 36 0 3 4 0 83 20 32 6 0 1 0 1 5 4 3 14 6 1 4 0 12 0 0 31 23 16 7 13 2 2 45 303 1 39 1922 5 29 129 1 5 242 12 8 20 49 0 1 0 2 2 1 594 246 125 426 9 19 6 9 253 948 12 48 3134 296 0 5 1 10 668 13 10 109 185 3 2 423 49 0 2 0 2 1 1 0
2 0 7 2 11 12 0 1 4 4 0 8 6141 14 50 68 76 524 1853 87 6 12 29 385 13 9 219 352 43 11 39 3 89 41 14 2 66 682 325 18 527 195 846 392 1151 4582 22 63 76 21 1 1 9 11 11 3 47 11 7 2 501 66 246 845 880 1584 73 20 455 39 75 25 198 553 22 183 25 4 81 0 63 2 7 34 7 17 2 36 91 54 1926 57 4 24 211 29 18 1 11 12 0 7 0 1 5 1 0 1 0 0 0 0 11 251 1083 43 16 174 36 1575 140 999 26 4 6 1 1 54 6 120 36 19 4 25 4 54 0 0 125 111 708 15 459 7 3 107 660 26 198 8312 12 13 46 2 5 50 0 1 1 6 0 5 0 6 7 3 1446 565 64 976 8 34 38 15 123 2578 3 6 1802 147 0 16 28 15 322 12 0 19 41 5 6 73 28 7 5 0 3 6 3 1
11 4 12 1 41 28 1 2 16 12 3 66 4 894 189 94 180 81 73 69 128 776 239 875 2957 227 1527 456 132 20 116 64 960 806 1833 83 537 643 102 5375 287 63 839 54 12 22 3955 4 44 3 0 4 61 88 14 13 217 275 2053 421 81 52 340 1045 498 7 610 2821 125 25 5 564 787 373 498 15 142 6 274 2 18 3 103 399 232 482 1845 8 11 6 36 35 12 21 278 139 99 19 286 274 1 1 2 2 2 3 0 7 1 2 4 8 9 12 1 42 252 36 285 15 347 115 180 93 22 2 14 2 7 18 1 0 9 124 21 226 31 9 298 495 11 138 13 11 33 6 1 0 139 33 134 2 4 3 0 2 2 1 1 4 2 7 2 0 9 18 18 12 4 2 19 6 11 66 3 33 2 6 10 2 27 179 73 7 7 123 3 3 8 3 16 7 5 8 35 1 22 17 0 8
13 7 32 5 18 11 1 3 2 12 4 14 3 8 22 34 6 145 23 11 3 20 22 17 7 3 6 10 17 14 12 1 23 5 2 0 5 28 37 9 229 38 111 69 25 63 4 14863 123 245 8 10 6 4 1 4 8 4 1 1 263 8194 1639 41 144 19 10 9 6077 1926 2567 17 34 5 19 6504 10 1 17 7 588 139 12 17 14 8 1 925 1666 65 762 170 18 589 625 29 9 3 2 1 2 0 0 0 0 0 0 2 1 0 0 1 0 1 0 0 3 3 3 9 5 5 0 0 3 2 3 2 2 1 2 0 0 1 0 2 2 1 9 7 2 9 1 1 0 46 17 2 13 45 4 223 736 2 2 259 22 8 52 158 2 4 0 0 0 0 21 117 148 17 2 8 1 6 238 40 37 239 664 49 4 6 4 0 273 12 103 220 1652 1 3 958 142 2 4 0 5 3 1 1
91 30 144 26 63 42 6 19 4 80 9 55 7 42 120 136 29 123 57 60 30 140 265 328 46 60 81 12 25 52 40 3 12 11 19 1 9 24 40 109 2313 2112 3413 24 30 76 44 123 11191 32 47 7 25 20 16 18 15 8 7 2 223 277 146 35 45 31 71 10 258 206 137 28 15 12 23 263 25 3 30 7 167 21 63 70 47 53 19 196 310 65 361 4186 52 1296 6896 42 8 6 24 12 0 0 1 0 1 0 1 1 0 0 1 0 1 4 4 1 4 4 6 9 9 13 4 5 0 0 1 1 0 0 2 1 7 10 1 18 0 1 10 8 4 3 4 2 3 4 8 0 6 53 3 15 37 1 0 14 4 0 8 20 0 0 0 0 6 1 15 13 9 11 1 1 2 0 22 23 2 14 80 9 7 15 4 2 36 13 2 8 63 0 0 64 8 2 5 0 3 0 0 0
19 2 31 0 11 5 6 7 104 6 0 7 88 1 10 11 4 17 37 2 0 9 10 3 5 0 5 2 8 12 5 0 6 1 2 0 2 17 3 5 94 15 79 424 5840 21 3 245 32 9349 191 983 18 8 51 2 4 4 2 0 56 335 348 7 11 1477 11 1 462 195 174 30 65 354 5 453 989 565 323 1002 684 2752 44 13 4 5 1 5288 3413 9216 1849 113 54 104 361 4 372 43 3 1 0 0 1 0 0 1 0 4 0 1 1 1 0 0 1 1 1 1 1 6 7 3 0 0 0 1 2 1 0 0 4 0 0 3 0 10 0 0 0 7 1 2 1 1 1 19 23 1 7 60 1 87 304 2 2 193 99 47 108 250 4 2 0 0 1 0 23 71 77 35 2 4 0 1 166 26 58 133 849 33 2 3 2 1 246 11 75 283 871 6 5 639 89 0 7 1 1 1 0 0
69 27 111 10 39 27 12 22 7 48 2 29 2 0 4 4 0 1 3 2 4 5 3 2 6 1 2 1 52 65 34 2 12 3 1 0 0 1 1 5 158 8 15 21 18 1 0 8 47 191 14599 15193 59 49 588 61 9 8 1 1 4 9 6 2 3 118 28 5 6 304 21 11 6 53 29 9 86 32 32 1300 3751 389 465 116 51 47 6 266 42 7 9 5192 7797 100 50 12 43 9 12 5 5 0 4 4 1 2 1 5 3 1 1 4 0 0 0 0 2 0 1 0 2 2 0 2 1 0 0 0 0 0 2 0 5 7 2 6 0 0 5 2 0 1 0 3 2 1 5 0 5 0 4 78 31 4 0 13 893 302 738 776 34 3 0 1 3 1 1 6 13 8 10 2 5 1 2 3 319 219 21 0 8 17 9 1 2 37 84 33 373 0 26 22 160 2 12 0 0 0 0 0
89 17 141 16 45 29 11 41 48 70 6 49 12 0 0 1 0 1 8 1 3 6 0 4 12 1 2 0 74 72 34 6 7 8 0 0 1 2 2 6 90 0 11 67 86 1 4 10 7 983 15193 24982 119 84 997 90 12 11 0 1 1 27 8 3 6 581 30 7 10 259 40 17 16 203 38 5 328 198 83 13634 9092 1924 782 150 59 33 11 897 152 64 35 1434 5049 129 36 17 126 24 11 7 18 1 7 14 4 11 4 9 8 6 2 12 0 0 0 1 1 0 2 0 5 1 0 1 1 0 0 1 0 0 10 3 11 23 2 18 0 0 8 7 0 0 0 24 1 4 23 0 16 2 1 129 59 6 4 47 2959 1015 2717 1553 117 12 1 1 6 0 0 7 25 31 23 4 7 1 10 7 774 330 53 0 11 28 44 1 6 116 228 129 853 0 110 51 333 7 51 3 1 1 0 0
1071 172 935 126 493 382 837 728 159 959 72 470 3 9 7 3 0 9 3 0 31 65 16 32 62 13 58 25 2256 990 433 40 76 61 23 0 8 5 10 81 59 6 86 3 20 9 61 6 25 18 59 119 8862 8106 2081 3 242 118 7 4 20 16 106 106 93 16 452 100 32 35 3 121 23 89 389 8 313 17 126 31 97 23 4921 914 111 148 118 25 10 8 24 110 70 11 51 206 506 7419 111 124 5 1 9 11 4 17 5 9 9 19 22 39 0 3 1 3 24 2 20 3 17 7 5 20 10 2 7 0 0 1 5 1 46 154 7 124 1 0 74 39 2 15 1 8 9 1 2 0 25 12 19 3 5 1 0 0 13 9 8 8 1 11 1 0 34 4 5 4 1 0 16 6 19 9 0 8 4 2 9 1 81 166 25 1 2 135 2 1 12 2 21 5 2 21 40 5 13 4 1 5
1182 218 1100 159 675 405 646 652 41 718 41 448 4 19 9 12 2 18 1 0 17 61 23 35 135 14 72 56 6026 1343 806 21 46 21 38 0 8 10 13 139 78 12 155 6 9 11 88 4 20 8 49 84 8106 8015 136 7 521 63 14 2 36 33 142 191 156 5 1125 93 75 34 8 71 22 55 400 13 175 1 87 16 100 10 2628 5965 177 219 206 17 10 3 18 117 81 15 122 227 63 1311 168 237 7 1 5 9 3 12 1 5 8 8 10 31 1 2 0 0 8 2 6 2 9 2 2 15 7 0 1 1 0 3 4 2 37 105 5 76 3 0 35 17 3 10 2 5 7 1 3 0 16 14 13 2 1 3 0 0 5 6 8 5 2 7 1 3 22 0 6 2 2 1 7 5 9 3 4 10 3 1 7 0 71 86 8 3 3 97 2 1 8 1 9 6 3 14 27 3 9 2 0 1
218 57 306 39 97 75 72 111 30 208 19 98 4 4 2 4 2 18 3 2 11 20 7 19 16 3 4 6 174 158 43 16 31 20 4 0 0 2 8 15 691 13 25 4 9 11 14 1 16 51 588 997 2081 136 16026 178 16 22 2 0 27 2 12 11 11 57 26 18 23 50 4 42 12 32 96 11 88 15 53 193 431 79 6922 127 78 44 7 40 12 3 17 620 291 13 17 33 71 1100 27 16 2 0 1 1 2 5 0 1 3 3 5 7 0 0 1 0 7 1 3 5 8 2 1 8 0 0 1 0 0 1 1 0 16 58 2 34 0 0 21 11 1 4 1 2 5 0 1 0 8 6 5 3 3 0 0 0 70 16 48 49 3 2 0 3 6 1 1 2 0 5 5 1 3 1 1 2 18 12 3 0 26 44 6 0 0 29 9 3 28 1 12 1 11 8 11 1 6 2 0 0
110 86 208 61 144 113 5 37 5 58 10 143 0 4 6 3 1 4 1 0 1783 78 11 11 51 2 1 3 45 75 115 15 9 4 2 0 2 2 3 17 1667 11 10 2 1 3 13 4 18 2 61 90 3 7 178 1809 19 9 2 0 11 4 14 10 8 8 26 12 11 21 6 24 9 22 40 3 45 2 25 18 78 5 5890 69 1138 59 24 12 9 0 8 323 61 14 20 47 10 1 49 14 1 0 2 1 0 1 1 0 2 2 1 6 0 0 0 1 3 0 6 0 2 0 2 2 2 1 1 0 0 0 1 1 4 23 0 17 0 0 8 3 0 5 0 2 2 1 0 0 2 3 4 0 1 0 0 0 9 1 5 7 2 1 0 1 5 2 0 0 0 1 0 1 1 0 0 1 1 1 0 0 20 19 5 1 0 23 1 0 10 1 3 0 0 2 9 0 2 1 0 0
44 41 47 57 2208 204 18 8 1 17 4 135 5 41 18 40 10 46 8 3 81 146 19 59 233 6 224 226 2109 3139 8018 26 20 22 79 5 33 14 73 130 217 11 215 2 11 47 217 8 15 4 9 12 242 521 16 19 11203 25 42 8 123 63 387 410 834 8 8118 632 336 62 10 25 16 14 2646 14 24 0 10 6 49 4 248 1577 275 946 1005 10 16 2 34 45 22 31 206 1042 10 48 3272 3005 2 0 1 1 0 2 0 1 0 0 5 6 1 2 1 0 5 2 3 7 7 8 4 3 3 0 0 0 0 4 1 0 5 20 0 15 1 0 8 8 6 1 5 2 0 0 3 0 6 71 4 1 2 0 0 1 1 0 3 0 0 0 0 0 5 0 18 7 1 4 1 1 1 1 2 26 0 3 12 3 8 10 3 0 2 8 0 1 4 0 1 3 2 2 5 0 2 1 0 0
10 4 10 5 57 99 2 3 1 11 34 923 1 245 151 117 145 25 10 18 19 36 8 15 12 0 94 320 25 11 32 4897 4312 2897 42 120 1105 357 177 18 86 2 21 4 5 11 275 4 8 4 8 11 118 63 22 9 25 8181 1312 3248 14 11 42 48 431 2 59 2642 205 11 7 1420 138 133 3128 0 80 2 306 6 68 5 145 78 37 33 22 5 2 0 10 53 23 10 21 947 11 1 15 25 3 0 6 6 6 11 0 2 2 3 16 20 2 2 2 3 65 4 24 9 29 20 15 82 17 2 5 1 1 3 16 1 56 283 17 317 1 0 149 127 13 18 7 22 45 0 1 0 43 23 29 3 1 2 1 1 3 13 6 14 10 11 3 5 31 2 8 4 3 0 43 10 24 19 0 19 2 5 3 0 97 300 38 5 4 182 1 3 10 2 44 6 4 42 26 2 33 5 0 1
0 0 3 2 127 30 0 1 0 1 4 29 0 2663 525 234 160 48 41 69 48 92 113 205 8 9 1106 874 59 33 92 107 348 1880 3948 2835 1299 503 185 652 148 7 176 23 0 7 2053 1 7 2 1 0 7 14 2 2 42 1312 5613 3176 24 8 75 413 498 7 58 4317 70 7 0 41 180 92 1076 1 1 1 18 0 4 0 11 23 31 7 11 2 0 0 7 4 2 1 47 483 0 0 12 57 4 1 1 1 0 0 0 10 2 0 4 3 16 17 1 40 198 62 261 17 346 129 193 84 17 4 12 4 4 16 3 0 3 60 26 171 41 19 195 390 16 143 7 9 31 7 0 0 122 20 117 7 2 2 1 0 0 1 0 1 0 4 0 0 5 18 6 9 1 2 12 9 11 34 0 15 2 2 2 0 7 91 43 3 1 81 1 0 5 5 9 4 6 6 10 0 28 12 3 3
1 0 0 0 20 1 0 0 0 0 1 8 0 424 143 151 32 28 1 8 8 8 20 20 6 0 155 458 4 2 10 98 506 3335 162 281 1130 467 167 30 21 3 22 1 2 2 421 1 2 0 1 1 4 2 0 0 8 3248 3176 1430 6 6 8 37 294 1 10 4209 98 1 0 31 142 10 503 2 1 0 2 0 3 1 5 7 2 2 10 0 1 0 1 2 1 2 13 84 0 0 4 9 1 0 0 0 2 2 0 2 0 0 0 1 0 4 0 2 23 9 25 3 28 13 10 11 5 2 1 2 1 1 1 0 3 36 11 33 2 0 46 53 9 17 5 1 4 1 0 0 16 16 11 0 1 0 2 0 0 3 0 0 1 3 0 0 3 2 3 3 2 1 3 2 7 19 0 8 0 1 5 0 8 77 10 3 1 35 0 0 4 3 4 0 0 2 3 1 6 0 1 0
12 5 17 4 50 18 1 6 9 7 3 24 110 64 142 327 207 3235 271 253 6 43 89 885 38 25 472 390 68 25 88 23 83 88 38 5 68 441 5992 59 1396 675 2888 263 189 501 81 263 223 56 4 1 20 36 27 11 123 14 24 6 10187 299 1185 2683 1815 442 206 46 7328 180 247 52 230 43 84 5764 38 4 48 1 150 8 23 101 37 49 23 84 316 54 4582 198 14 86 709 90 26 7 21 25 1 6 0 0 1 0 0 0 0 1 0 0 17 175 420 26 13 122 18 513 100 509 19 4 1 4 1 31 1 93 24 10 0 14 5 35 7 2 86 78 329 17 239 3 4 117 726 13 134 3245 16 18 80 4 7 197 1 7 5 15 3 5 0 10 5 4 654 479 102 368 13 36 29 15 168 1421 2 18 2108 191 1 15 13 17 437 19 1 27 82 8 8 136 42 8 10 0 4 2 2 0
11 9 32 5 53 37 1 2 3 16 3 25 7 35 39 63 28 163 32 31 12 43 27 24 43 12 46 38 87 22 54 15 17 17 7 0 7 36 61 29 257 55 236 73 64 66 52 8194 277 335 9 27 16 33 2 4 63 11 8 6 299 9844 5511 337 785 22 162 29 6121 4267 1928 19 60 18 46 2883 24 4 16 9 474 348 25 67 28 41 10 474 1171 80 891 262 39 1480 3046 87 7 4 29 25 3 0 1 0 0 0 1 1 1 1 0 0 0 1 6 1 1 7 3 3 13 6 1 5 2 2 0 3 0 2 5 1 0 1 3 9 1 2 10 6 2 6 3 2 3 32 22 0 5 78 3 285 856 1 6 205 30 14 71 262 2 1 0 0 2 0 29 132 147 27 2 13 0 3 208 66 53 304 672 59 5 7 3 5 235 17 151 228 2062 0 4 945 196 1 7 0 3 1 0 0
16 5 16 8 166 79 0 3 3 11 6 100 21 82 170 136 77 344 79 82 24 190 90 114 203 39 309 330 391 70 281 72 70 18 71 7 27 89 189 143 260 70 2148 137 217 246 340 1639 146 348 6 8 106 142 12 14 387 42 75 8 1185 5511 11223 5351 7442 128 884 195 11122 1678 308 42 105 19 250 2627 29 3 43 7 215 35 104 389 128 174 103 157 960 209 2289 157 32 723 2530 381 20 9 124 94 0 1 0 0 1 0 0 0 0 0 0 1 4 4 8 4 11 14 15 21 32 49 17 1 0 2 1 4 2 4 5 4 0 5 0 7 3 1 14 37 12 14 10 2 3 64 58 1 31 266 7 50 245 2 3 171 5 1 11 32 1 4 1 1 1 0 96 186 170 38 5 9 1 5 308 177 4 56 1176 126 4 11 6 7 492 19 13 94 274 1 4 564 92 2 7 2 1 4 2 1
10 3 20 2 93 40 0 6 5 4 2 33 67 435 255 446 98 974 230 134 43 256 126 448 306 60 2215 2623 322 47 253 30 76 44 716 47 37 90 859 530 300 54 3754 76 127 845 1045 41 35 7 2 3 106 191 11 10 410 48 413 37 2683 337 5351 7067 15380 190 1013 417 2606 209 36 50 118 35 234 213 17 2 13 5 38 2 115 506 170 272 187 21 35 9 774 56 12 67 910 146 9 7 206 112 0 1 0 0 0 1 0 3 0 0 0 1 10 42 47 13 11 67 27 158 56 177 35 7 1 0 2 2 0 21 4 0 2 6 1 23 4 2 16 44 61 13 43 0 2 16 47 0 19 618 12 3 8 1 1 17 0 2 4 0 0 0 0 0 1 3 127 56 15 55 3 5 5 2 18 219 0 1 190 28 3 9 11 0 43 11 1 5 12 0 2 19 7 6 4 0 1 0 1 1
11 8 23 8 442 215 3 6 7 9 17 213 208 695 1280 874 70 1706 187 67 28 65 38 396 48 8 1307 2380 590 119 833 221 120 115 138 51 31 53 7135 45 365 145 1505 47 307 880 498 144 45 11 3 6 93 156 11 8 834 431 498 294 1815 785 7442 15380 19371 157 944 892 13002 408 56 106 60 29 1461 153 22 2 26 0 67 2 82 284 111 113 63 27 51 14 375 57 18 110 1071 1252 20 14 66 274 2 4 1 0 1 2 0 2 2 1 1 4 4 152 144 23 36 136 45 534 74 323 30 9 5 2 4 16 3 50 13 6 5 18 4 45 6 0 63 92 290 21 201 3 8 56 142 1 53 2333 30 10 31 2 3 19 2 3 0 2 1 5 0 1 3 2 452 276 46 147 7 9 21 14 53 1114 3 6 540 60 10 17 12 12 164 17 3 1 29 1 3 42 11 11 11 0 6 2 0 2
5 1 15 2 4 4 1 2 79 4 0 4 1508 5 6 13 6 97 443 7 2 7 7 109 6 1 36 62 11 11 12 0 9 9 4 0 3 88 71 4 185 65 284 589 3261 1584 7 19 31 1477 118 581 16 5 57 8 8 2 7 1 442 22 128 190 157 2347 14 8 175 46 52 24 96 421 11 70 797 1325 229 532 278 861 37 6 4 10 4 1277 338 630 2698 75 20 28 116 5 309 45 3 5 1 0 0 0 0 0 0 0 0 0 0 1 1 8 96 0 5 3 2 37 28 48 3 0 2 0 0 4 0 3 1 0 0 2 0 8 0 0 14 14 8 0 6 2 0 10 267 3 30 804 1 22 40 1 2 107 66 20 62 116 5 3 0 1 0 0 94 60 20 598 1 2 0 1 43 122 32 34 862 44 1 3 1 3 92 8 14 34 130 1 1 114 40 0 1 0 0 0 0 1
187 201 439 155 1457 307 19 46 14 123 27 285 22 82 38 65 10 90 14 13 75 240 90 252 887 73 495 322 4730 1012 4069 41 69 35 191 5 31 33 130 657 244 35 733 6 26 73 610 10 71 11 28 30 452 1125 26 26 8118 59 58 10 206 162 884 1013 944 14 14081 757 428 124 26 142 42 103 2793 41 211 1 106 5 70 8 599 6812 819 2845 1605 21 35 7 75 126 37 53 484 873 60 45 1976 2310 6 2 2 5 3 7 1 3 6 1 12 25 1 3 3 5 14 5 13 14 25 21 10 18 6 1 3 2 0 2 7 1 26 102 2 77 1 1 45 39 6 8 10 6 14 0 5 0 13 94 21 3 10 1 0 2 4 2 4 4 3 10 1 2 27 2 29 18 2 4 9 0 12 7 4 56 3 3 36 4 68 132 15 1 8 106 2 1 13 1 8 15 7 16 39 4 6 4 0 4
6 7 18 3 126 55 3 4 22 9 12 134 7 569 179 174 39 47 10 15 42 128 40 131 49 8 636 785 160 32 511 266 1096 2099 621 201 712 343 253 246 141 8 176 13 6 20 2821 9 10 1 5 7 100 93 18 12 632 2642 4317 4209 46 29 195 417 892 8 757 3689 264 25 8 696 316 170 3086 8 98 1 255 4 36 0 140 333 159 340 943 12 10 1 10 23 16 11 99 473 64 32 378 551 1 0 3 4 3 2 1 8 3 1 2 9 3 8 4 21 175 19 172 16 219 52 73 61 17 2 12 3 1 9 3 2 14 138 31 210 12 12 222 313 22 83 7 7 26 4 2 0 83 38 88 2 4 4 0 0 1 8 2 10 6 9 0 2 15 14 13 12 4 7 13 4 11 40 0 38 2 4 7 1 38 159 52 4 5 108 2 1 7 2 16 4 7 7 25 1 26 7 0 3
19 4 27 8 454 227 3 5 12 14 19 212 62 286 721 912 75 2560 103 98 31 69 57 202 43 19 129 244 322 103 362 288 129 72 43 12 24 76 4882 43 883 702 3038 127 440 455 125 6077 258 462 6 10 32 75 23 11 336 205 70 98 7328 6121 11122 2606 13002 175 428 264 14539 1834 1540 85 114 35 891 4525 54 13 55 1 813 22 55 171 63 55 20 165 608 135 2706 263 31 417 2162 1196 45 20 43 126 0 1 1 0 0 0 1 2 2 0 2 5 4 22 38 11 19 35 24 98 91 76 23 4 7 1 8 10 6 12 24 15 7 15 5 36 5 2 68 81 58 33 51 1 7 197 422 6 82 1505 17 78 297 8 19 374 6 4 12 35 5 20 0 11 0 3 626 638 367 147 17 56 16 25 679 1192 8 55 3687 403 8 39 17 18 1250 57 9 126 227 11 3 938 160 7 26 1 6 4 4 3
118 37 164 18 77 62 9 39 4 82 3 66 7 17 62 57 14 65 18 26 15 80 55 44 65 9 34 23 93 76 73 16 18 6 5 1 5 28 22 34 415 73 237 62 54 39 25 1926 206 195 304 259 35 34 50 21 62 11 7 1 180 4267 1678 209 408 46 124 25 1834 4072 1947 27 39 18 49 1062 64 10 35 115 2599 743 173 118 72 44 23 1308 925 110 684 955 2238 3152 2344 63 21 8 39 26 6 3 2 4 0 1 1 4 1 0 2 2 0 1 1 0 3 3 4 9 3 6 4 2 3 0 1 1 1 2 4 0 6 19 0 16 1 1 7 10 3 6 1 0 4 22 18 0 14 42 5 288 416 7 5 137 85 70 267 654 3 0 0 0 5 0 19 52 106 19 0 4 2 3 112 34 244 437 339 21 10 32 10 0 102 43 273 149 1969 1 5 443 286 4 18 1 2 2 0 0
41 20 64 10 34 23 4 13 10 42 2 29 15 8 19 32 13 88 30 14 4 18 21 23 12 1 9 1 20 28 26 2 19 9 0 0 1 30 30 9 263 40 130 135 98 75 5 2567 137 174 21 40 3 8 4 6 10 7 0 0 247 1928 308 36 56 52 26 8 1540 1947 6048 19 55 19 16 2723 34 9 34 23 3678 382 30 31 13 11 3 1170 2032 199 1202 337 139 1026 444 11 24 3 8 4 1 0 1 0 0 0 0 2 1 1 0 1 0 1 2 1 3 1 1 5 4 4 1 0 0 0 1 1 0 0 2 0 4 9 1 8 0 0 6 7 0 1 1 1 1 20 15 1 9 49 2 216 369 3 10 130 36 27 145 348 1 0 0 0 3 1 13 52 91 15 6 5 3 0 78 24 114 297 349 14 7 13 4 1 84 20 197 144 1831 0 1 472 175 4 3 0 2 1 0 2
