35234 8383 6574 2941 1054 1190 8647 12774 858 2561 173 983 1 3 25 10 15 4 2 2 27 20 2 6 20 3 3 35 6108 7081 351 41 98 61 5 0 28 29 31 16 941 1 9 2 3 3 27 13 30 3 233 295 1283 2105 744 291 70 55 4 0 5 24 32 7 22 4 479 15 108 51 22 175 51 43 199 12 47 21 135 4 35 5 2713 1019 749 85 27 39 30 11 18 298 88 61 78 207 186 3279 30 21 31 12 117 12 6 114 7 28 54 39 80 79 0 0 3 0 0 1 0 4 2 4 2 5 5 1 0 0 0 0 10 1 16 71 0 49 0 0 16 17 1 1 0 4 10 3 1 0 2 7 0 3 2 1 0 3 38 7 17 1 10 6 4 9 12 0 0 1 1 1 6 1 6 1 0 4 0 1 6 1 86 33 6 0 1 38 3 3 4 2 12 3 2 10 38 41 2 0 0 0
8383 15613 5388 14826 2570 3023 529 284 113 502 190 1602 0 3 6 5 9 3 6 6 50 24 1 3 23 1 1 8 841 2521 211 23 98 39 1 1 11 21 14 9 914 2 5 2 1 7 20 8 27 1 149 150 415 1044 224 220 27 39 1 1 4 10 12 2 13 2 562 5 46 21 6 122 34 29 91 7 18 5 70 8 18 3 1333 796 860 138 22 19 26 3 20 151 53 54 47 68 104 323 39 12 25 13 119 14 2 125 6 18 52 36 60 75 0 0 0 0 0 0 0 1 3 2 1 1 0 0 0 0 0 0 11 1 16 90 1 70 0 0 15 14 0 1 1 1 14 2 1 0 0 1 1 0 0 0 0 0 11 2 11 1 11 8 8 10 18 0 0 2 0 1 11 6 9 0 0 0 0 1 3 0 111 27 12 1 1 35 1 0 0 2 14 3 2 13 38 21 7 0 0 3
6574 5388 16230 10419 447 4207 1110 7879 921 5711 1289 17034 1 0 4 4 9 3 7 4 60 54 3 4 31 2 3 5 827 310 95 60 185 52 3 0 21 35 8 19 1377 1 15 7 0 12 19 14 26 5 233 247 682 1488 461 329 30 38 5 1 12 26 15 2 16 3 680 9 52 31 13 363 80 76 120 5 86 7 249 7 30 7 2319 1199 1271 213 25 26 36 5 14 263 91 78 76 103 435 644 81 14 1419 52 628 117 17 552 184 220 418 169 325 390 0 0 0 0 1 3 4 5 10 4 3 5 10 0 0 0 0 0 69 1 50 303 0 218 0 0 48 53 0 2 2 11 78 2 1 1 7 3 0 2 0 2 0 4 35 19 7 6 40 65 22 46 47 0 3 2 1 3 52 29 24 2 3 4 8 1 5 0 395 122 36 4 1 142 6 1 5 22 87 1 0 42 148 159 34 3 1 3
2941 14826 10419 15701 9686 16535 159 57 62 297 152 6189 0 0 7 6 6 3 4 2 60 61 3 5 22 0 3 14 507 1318 1295 93 142 73 2 0 24 21 28 7 795 0 8 6 2 7 23 11 10 0 56 70 191 528 98 154 43 49 2 7 2 17 22 4 9 0 419 3 111 6 8 116 38 23 127 12 17 0 50 3 9 0 842 655 829 160 18 10 12 5 11 97 30 16 38 156 146 148 41 16 46 18 145 32 8 179 12 49 87 43 93 128 0 0 0 0 1 1 0 2 2 4 1 2 2 0 0 0 0 1 9 0 24 102 0 63 0 0 19 16 0 1 0 5 17 1 0 0 3 2 0 1 1 0 0 1 4 5 5 3 8 7 3 18 16 0 2 1 0 0 20 4 9 1 0 4 0 0 2 0 149 44 8 0 0 65 0 0 1 3 14 2 1 9 50 36 12 0 0 1
1054 2570 447 9686 16956 7106 771 139 63 103 25 1606 2 11 49 21 49 5 11 12 40 33 4 6 24 0 3 60 4146 8515 11423 947 646 278 5 3 114 74 83 7 324 1 23 6 4 9 20 18 21 0 61 84 509 835 236 96 2236 360 9 7 10 32 43 8 54 1 472 7 295 9 1 172 90 29 828 22 23 3 71 2 10 2 798 445 439 93 21 7 17 1 20 82 22 24 38 918 42 906 35 49 6 6 32 4 4 32 5 12 26 10 20 20 0 0 0 0 0 1 0 5 3 4 1 1 0 0 0 0 0 1 7 0 6 36 0 39 0 0 6 8 0 0 0 1 3 2 3 0 3 9 1 1 0 0 0 0 9 0 4 0 6 3 1 4 6 0 5 4 2 3 0 2 4 0 1 7 1 0 8 0 38 13 6 0 0 19 1 3 4 1 5 2 1 5 10 6 5 0 0 0
1190 3023 4207 16535 7106 18117 222 114 82 653 179 20176 1 7 41 32 51 7 15 21 167 167 7 13 45 2 5 41 889 1750 1627 3308 1625 536 3 2 166 182 108 24 958 4 47 13 3 30 33 26 14 1 42 77 225 628 112 197 225 482 17 6 33 58 70 13 62 2 568 10 425 22 13 684 241 47 1074 40 20 3 221 3 6 4 931 760 1082 265 27 14 11 2 21 88 31 19 43 3430 241 355 131 9 57 19 235 48 10 198 14 46 110 63 135 149 0 1 5 0 0 3 2 8 13 5 4 3 4 0 1 0 0 3 28 0 20 122 1 105 0 0 34 26 2 1 2 3 21 4 4 1 8 19 0 2 1 0 0 4 7 7 7 2 10 15 5 12 17 0 6 2 3 2 10 8 4 3 2 11 2 2 5 2 177 57 12 2 2 57 0 1 1 3 19 3 1 12 80 37 10 1 0 0
8647 529 1110 159 771 222 9471 5390 723 4164 308 661 4 6 7 2 6 0 2 1 7 8 0 0 5 0 3 17 2801 1792 237 29 58 38 0 0 14 6 12 1 139 0 7 4 4 1 8 7 11 7 89 86 742 583 411 68 24 40 0 1 3 12 18 3 13 5 92 4 56 10 4 265 22 37 98 4 140 50 167 10 12 19 1042 206 109 15 2 14 14 6 13 84 30 21 33 107 419 3486 11 9 19 8 63 16 2 48 3 22 32 23 43 32 0 0 0 0 0 0 0 1 0 1 0 0 0 1 0 0 0 0 8 0 3 39 0 17 0 0 8 12 0 1 0 0 5 2 0 1 3 1 0 0 0 0 0 1 13 0 5 4 1 4 1 4 1 0 0 2 0 0 2 3 0 0 0 5 0 1 9 1 36 12 6 0 0 15 1 0 2 0 7 2 0 3 15 16 0 0 0 0
12774 284 7879 57 139 114 5390 11663 2524 16445 260 843 2 0 2 1 1 2 1 0 6 2 0 2 5 1 2 1 446 303 50 6 24 9 0 1 5 7 3 1 408 0 3 0 0 1 6 4 17 3 111 127 643 937 387 183 5 10 1 0 5 8 6 1 3 1 183 2 13 20 3 66 14 9 32 2 24 9 65 3 12 7 1499 411 298 20 14 11 14 4 8 165 43 29 33 19 136 670 11 6 18 6 83 23 0 84 6 20 55 28 49 57 0 0 1 0 0 0 0 0 4 1 0 0 1 0 0 0 0 0 8 0 3 28 0 16 0 0 5 6 0 0 0 0 6 0 0 0 0 1 0 0 0 0 0 1 11 2 3 1 2 12 2 8 3 0 0 0 0 0 0 1 1 0 0 0 1 1 1 0 46 13 5 0 0 14 1 0 3 0 5 2 0 4 18 19 3 1 0 0
858 113 921 62 63 82 723 2524 2320 7070 774 709 35 1 0 2 1 2 4 0 7 16 3 4 6 1 0 2 131 124 14 4 51 10 1 0 3 11 1 3 47 2 10 21 22 7 3 8 13 86 26 53 173 145 97 21 5 4 1 0 1 8 10 1 2 58 27 0 8 15 5 716 65 287 9 6 703 334 552 32 23 152 256 68 55 10 0 98 57 96 43 31 3 6 24 18 2095 583 12 0 23 3 68 8 2 66 9 20 45 17 59 54 0 2 2 0 1 1 0 0 3 6 1 0 1 0 0 1 0 0 12 0 3 26 0 16 0 0 8 7 1 0 0 1 6 9 8 0 2 19 0 0 6 0 1 3 3 1 2 6 3 5 3 1 2 0 5 7 2 9 3 1 1 1 6 15 1 4 16 5 39 6 4 0 2 20 2 2 2 0 2 6 3 2 14 24 1 0 0 0
2561 502 5711 297 103 653 4164 16445 7070 25251 13307 26200 5 0 1 6 3 1 3 0 13 8 1 1 9 0 1 0 214 143 24 8 104 19 1 0 5 14 4 5 234 0 5 3 1 1 4 9 7 5 53 62 350 454 191 74 7 19 2 0 1 6 6 0 4 3 111 2 16 10 4 831 42 24 34 1 153 18 837 5 8 4 691 234 186 15 9 7 9 7 8 81 18 15 16 49 1192 1110 9 0 165 29 409 99 12 479 55 161 326 175 355 343 0 0 1 0 1 1 0 2 7 4 1 4 3 0 0 0 0 0 39 1 32 161 0 103 0 0 13 31 1 0 1 8 23 1 0 1 4 3 2 0 0 0 0 3 5 8 1 3 30 18 17 26 23 0 1 1 0 3 26 5 3 1 1 5 2 1 3 0 255 53 13 1 1 62 2 1 1 5 32 1 0 18 117 129 13 3 0 2
173 190 1289 152 25 179 308 260 774 13307 5261 5182 1 0 1 0 3 2 0 0 13 23 1 1 8 0 1 1 38 15 6 11 151 16 0 0 6 36 4 2 77 0 4 1 0 3 3 1 2 3 9 8 71 50 30 15 1 5 0 0 5 1 0 1 4 0 24 1 7 1 1 885 81 22 12 1 36 5 370 0 2 1 105 46 75 31 0 0 3 2 7 14 3 3 2 37 660 473 17 3 87 16 264 58 10 272 26 78 168 91 190 228 0 0 2 0 0 0 0 3 10 7 0 4 5 0 0 0 0 0 13 0 22 101 1 67 0 0 21 14 0 2 0 4 21 0 1 1 5 0 0 0 0 0 0 1 1 6 0 0 12 13 6 19 10 0 1 1 0 0 8 12 1 1 1 0 3 0 1 0 151 31 11 0 0 45 0 0 0 2 31 0 0 7 81 58 6 0 0 0
983 1602 17034 6189 1606 20176 661 843 709 26200 5182 50693 6 2 10 24 34 10 30 19 337 353 8 8 127 0 9 23 395 404 200 1040 2754 281 1 3 104 305 59 20 1253 7 37 28 8 46 38 26 23 2 70 81 300 614 174 257 43 254 6 11 34 47 41 6 53 5 524 10 299 20 9 3803 702 126 571 13 77 18 1250 4 12 1 1264 840 1558 439 29 11 13 6 39 145 28 25 53 1807 1502 886 284 12 183 81 836 144 30 938 63 212 516 239 561 634 1 0 4 0 3 9 3 21 34 28 10 15 19 1 2 1 0 1 98 1 72 479 3 306 0 0 84 94 2 6 3 20 84 3 5 0 12 12 11 0 0 3 0 1 8 16 3 3 51 57 24 56 40 0 5 6 1 2 36 27 21 3 2 15 1 0 6 3 638 170 35 3 2 210 3 1 3 11 89 6 1 51 275 166 32 1 2 3
1 0 1 0 2 1 4 2 35 5 1 6 3654 2 5 32 8 544 7233 35 1 2 1 32 1 0 38 157 8 1 1 0 5 4 2 0 6 77 272 6 47 10 60 3042 1658 1668 6 15 12 408 0 11 4 8 4 2 4 1 0 2 62 18 24 69 157 1067 12 2 94 8 11 61 209 768 3 21 262 228 449 9 11 97 10 7 4 2 2 77 179 387 377 16 0 12 41 4 133 43 6 1 2 2 3 1 2 2 0 14 1 0 1 0 5 103 893 6 1 127 6 1821 60 2323 18 1 0 0 2 21 0 101 8 2 2 3 1 6 1 1 9 15 161 4 126 1 4 41 134 217 151 2083 1 5 5 1 2 15 2 1 0 1 3 5 6 3 2 3 238 131 14 709 1 7 12 5 14 177 6 1 222 19 7 12 213 9 20 33 2 21 14 1 3 39 25 3 22 4 2 0 0 1
3 3 0 0 11 7 6 0 1 0 0 2 2 4542 7714 423 877 87 47 15 17 21 120 774 5 70 1452 585 196 29 41 3 8 130 5472 4019 254 6 35 1418 470 29 264 30 1 10 260 3 15 1 2 0 25 51 7 1 47 373 235 497 10 3 23 68 73 0 70 299 34 3 0 2 7 7 241 1 2 2 5 0 0 0 15 18 9 4 10 1 2 2 5 11 1 5 25 52 1 26 6 40 0 0 0 0 0 0 0 0 0 0 0 2 4 3 3 1 3 21 20 17 69 98 33 1 2 0 0 0 0 8 1 0 0 1 0 3 0 0 9 33 0 10 2 0 1 1 0 0 40 4 3 0 0 0 0 0 0 0 1 0 0 1 0 0 1 1 0 1 0 1 1 4 1 1 1 2 0 0 3 1 3 2 18 0 0 8 0 0 1 3 0 0 0 0 0 0 1 1 1 1
25 6 4 7 49 41 7 2 0 1 1 10 5 7714 16798 8532 2567 1506 651 590 121 137 785 1478 25 205 2576 2296 475 102 80 17 21 230 3577 1746 636 29 567 1773 3769 186 708 42 21 30 495 33 155 4 4 0 39 86 31 8 154 831 332 421 66 60 110 132 160 5 153 502 254 43 9 7 18 19 587 38 5 9 16 0 8 1 48 43 34 26 35 16 37 46 80 116 2 52 258 266 3 59 28 68 0 0 1 0 0 1 0 4 0 0 0 0 11 15 15 8 8 57 40 56 156 236 64 6 3 3 7 4 0 26 4 0 0 12 0 13 7 1 49 84 3 35 8 0 5 5 3 1 86 13 18 2 1 1 1 5 0 0 0 0 2 11 1 1 2 13 9 10 4 9 6 7 3 11 3 14 0 0 13 4 2 32 39 5 4 25 0 0 3 6 2 3 4 1 1 0 4 2 1 5
10 5 4 6 21 32 2 1 2 6 0 24 32 423 8532 12839 406 5753 2576 1656 60 70 235 1003 18 132 1080 1897 152 46 39 17 87 182 160 43 131 232 2644 282 2677 191 542 60 24 77 73 25 177 8 0 6 22 33 23 11 42 185 58 39 239 75 92 79 93 27 47 99 529 34 16 10 47 103 137 71 9 17 8 1 7 5 18 17 14 22 1 26 52 21 120 157 3 75 298 121 3 16 21 21 0 1 3 0 0 0 0 4 1 0 0 0 41 240 197 23 7 292 40 515 235 1374 86 4 4 3 6 13 6 305 4 0 3 17 3 15 19 1 39 69 90 41 68 0 8 11 8 19 276 80 30 9 6 0 0 4 0 0 0 0 4 6 2 1 5 7 20 63 7 36 0 12 7 5 9 22 1 0 35 10 8 39 216 3 3 41 2 5 12 4 1 14 15 0 22 5 3 5 1 4
15 9 9 6 49 51 6 1 1 3 3 34 8 877 2567 406 2107 135 3916 3653 206 337 563 246 69 127 178 120 126 45 36 24 17 130 669 871 2236 334 111 576 1287 43 146 119 6 31 329 10 30 6 2 5 16 33 7 11 41 209 118 154 40 28 28 22 27 2 70 105 93 13 5 12 49 124 193 15 8 16 21 0 2 1 54 23 113 56 7 8 6 12 76 31 2 13 74 205 4 28 53 13 0 1 4 3 3 3 1 3 2 1 2 8 39 17 7 19 18 14 104 25 422 185 109 7 30 1 13 7 1 37 19 1 2 52 2 93 10 2 222 276 3 108 4 2 14 7 4 1 168 27 113 3 3 1 1 4 1 3 0 0 2 30 6 8 5 40 11 14 7 5 11 47 8 62 1 15 0 0 11 5 24 128 141 11 3 84 1 5 2 22 11 6 5 2 10 2 18 14 0 14
4 3 3 3 5 7 0 2 2 1 2 10 544 87 1506 5753 135 13277 7671 1072 8 53 57 1917 22 32 1468 1216 34 4 5 6 64 84 94 7 151 313 3197 82 1784 230 2007 118 60 4115 57 57 167 7 5 6 12 16 21 6 10 26 15 8 2942 103 154 989 401 84 32 18 547 32 30 4 41 179 34 116 11 12 11 0 12 4 18 21 11 12 5 28 51 35 224 189 3 53 322 34 5 6 15 4 0 2 2 0 0 1 0 6 0 1 0 3 23 573 972 48 7 529 21 1515 288 3127 112 3 4 2 3 83 5 616 5 1 1 10 6 14 18 2 28 60 325 25 359 0 2 28 46 175 399 600 7 3 2 1 1 12 1 4 1 1 1 3 1 0 6 8 93 248 16 246 2 9 11 7 8 90 0 4 65 13 7 25 255 4 10 35 3 7 4 6 2 12 19 3 9 2 2 1 1 2
2 6 7 4 11 15 2 1 4 3 0 30 7233 47 651 2576 3916 7671 54082 6343 107 275 129 921 79 141 1115 1554 21 10 15 6 120 218 262 7 2724 4035 1277 627 912 126 1126 7960 520 3670 314 60 124 104 5 31 18 35 11 14 13 21 39 14 481 98 163 731 572 775 48 12 216 36 17 35 408 3517 30 76 46 676 145 14 10 103 45 42 108 72 11 69 131 294 1808 86 6 31 307 35 23 6 56 8 3 11 11 2 2 9 2 48 2 4 4 8 210 1190 2647 183 38 1574 335 5108 2115 10458 715 57 63 12 39 137 17 1350 47 12 10 94 6 154 102 9 476 804 730 382 627 3 70 119 179 512 1917 2488 252 18 20 5 7 36 0 5 4 4 23 58 17 13 28 95 281 513 43 1165 35 110 47 123 16 276 5 2 227 16 65 332 2208 34 19 367 10 20 20 57 25 45 52 4 95 31 31 18 11 38
2 6 4 2 12 21 1 0 0 0 0 19 35 15 590 1656 3653 1072 6343 6063 109 205 346 405 61 272 180 44 21 8 7 14 32 54 134 6 554 344 243 686 1216 73 303 246 19 102 168 16 84 9 1 2 7 7 6 5 13 50 30 4 102 38 55 32 26 16 26 10 128 18 7 5 53 273 46 49 5 74 31 4 2 9 19 14 46 29 3 19 20 24 135 55 4 29 161 67 3 1 43 6 3 7 3 2 2 5 0 14 0 0 2 0 115 85 52 64 23 92 180 103 642 771 250 33 57 7 32 16 5 136 32 9 1 41 1 73 36 13 244 363 8 251 20 1 46 36 9 13 393 57 179 14 6 1 0 12 3 5 0 0 13 35 8 7 8 72 13 44 8 24 18 62 8 65 3 20 2 0 30 2 17 150 267 16 6 149 4 5 7 48 10 10 15 3 14 10 22 16 13 15
27 50 60 60 40 167 7 6 7 13 13 337 1 17 121 60 206 8 107 109 7546 7425 2000 98 601 269 22 19 26 27 6 53 435 792 29 18 465 458 49 349 1677 12 129 107 2 11 145 6 23 1 1 2 8 15 3 1628 9 81 45 89 18 22 45 10 17 3 21 15 74 8 4 219 286 91 175 13 67 5 132 1 5 1 114 29 4008 749 20 3 6 11 25 16 5 12 109 79 37 23 799 7 2 1 10 2 0 6 0 0 3 2 4 5 0 2 2 0 2 2 4 6 49 18 5 2 2 0 0 0 0 1 2 0 5 26 0 39 0 0 39 55 2 3 0 0 2 1 3 0 13 9 10 2 1 0 0 3 1 0 0 0 0 3 0 3 5 1 3 4 0 0 2 4 4 3 0 3 0 1 8 1 14 35 25 2 2 20 0 0 1 1 2 5 1 4 1 4 4 1 0 2
20 24 54 61 33 167 8 2 16 8 23 353 2 21 137 70 337 53 275 205 7425 25211 3952 582 6143 1426 141 41 35 25 14 86 763 1570 79 31 967 860 156 4111 1453 125 991 242 27 63 734 37 139 12 16 10 19 98 14 504 13 160 72 210 98 130 295 101 45 7 240 26 171 81 17 324 525 101 320 56 95 28 229 1 11 2 509 411 4898 1797 92 18 39 44 163 90 6 57 710 116 61 34 3289 22 1 0 5 1 0 6 0 8 2 1 1 4 1 6 4 2 2 7 10 26 88 34 19 1 3 0 1 0 0 3 5 0 1 26 0 40 0 1 65 89 5 3 1 1 9 3 4 0 31 19 11 3 3 0 0 4 0 0 1 3 1 3 1 3 3 2 6 5 3 4 5 6 4 7 8 12 0 2 20 7 20 42 38 1 7 30 1 5 4 5 2 5 1 3 2 1 2 3 0 3
2 1 3 3 4 7 0 0 3 1 1 8 1 120 785 235 563 57 129 346 2000 3952 7309 3987 481 5505 152 79 6 2 0 4 77 537 96 101 816 197 105 2344 8042 779 445 48 11 18 395 12 109 2 1 4 2 18 6 25 7 45 108 95 30 32 41 11 15 6 50 26 73 18 0 11 61 18 40 12 14 4 19 0 2 2 27 54 127 80 8 9 11 12 48 76 0 22 159 14 6 5 114 2 0 0 0 0 0 0 0 0 0 0 1 0 0 1 4 0 1 2 4 9 15 16 6 0 0 0 1 1 0 1 0 0 1 5 0 4 1 0 12 12 0 1 0 0 1 2 6 0 7 7 8 1 1 0 0 0 0 0 0 0 0 3 0 0 1 0 1 2 1 1 1 3 0 0 2 5 0 0 8 0 2 10 8 1 3 3 1 1 0 0 1 3 2 0 0 0 0 0 0 0
6 3 4 5 6 13 0 2 4 1 1 8 32 774 1478 1003 246 1917 921 405 98 582 3987 9433 208 3634 5285 1397 68 12 17 3 23 57 2361 150 96 50 971 1425 4701 3420 2336 94 21 513 1222 20 288 1 5 4 24 137 20 16 52 63 234 76 517 37 86 317 118 10 297 81 147 30 0 3 38 29 64 41 3 7 16 0 5 1 100 186 135 176 31 13 38 20 130 159 5 37 320 19 2 12 180 22 0 0 0 0 0 1 0 1 1 0 0 1 1 18 26 3 2 27 8 129 51 212 19 1 0 0 0 0 0 11 1 0 0 5 0 8 1 0 17 30 17 3 9 0 0 5 8 2 34 45 7 1 2 0 1 1 0 0 0 2 1 0 0 0 2 0 15 6 1 12 1 1 1 0 0 19 0 0 16 1 4 8 26 2 3 2 1 1 6 1 2 6 3 1 2 0 3 0 0 1
20 23 31 22 24 45 5 5 6 9 8 127 1 5 25 18 69 22 79 61 601 6143 481 208 12012 1198 56 24 162 16 167 26 203 275 34 2 169 276 60 4733 389 33 418 122 12 35 4979 11 46 3 7 11 87 580 35 146 470 29 38 25 74 95 224 64 52 0 1551 37 95 43 5 117 198 52 209 18 19 14 85 0 6 1 668 1024 1945 2527 2624 8 13 25 87 39 13 24 329 38 13 16 6693 1111 0 1 0 1 0 2 0 0 1 0 0 1 0 2 1 0 2 0 7 6 56 13 10 3 1 0 1 0 0 1 0 1 3 10 2 22 0 0 30 74 1 3 1 0 0 4 0 0 13 5 4 1 1 0 0 2 1 0 0 1 2 1 1 0 1 0 1 5 1 0 1 2 1 3 4 7 0 0 8 1 4 18 20 0 4 4 0 0 1 0 5 10 1 1 0 1 2 0 0 0
3 1 2 0 0 2 0 1 1 0 0 0 0 70 205 132 127 32 141 272 269 1426 5505 3634 1198 6461 289 15 8 1 4 0 8 10 318 9 30 23 21 6666 2091 284 307 57 5 12 557 4 59 1 2 2 0 25 3 20 0 6 9 3 12 11 17 17 2 1 60 4 11 6 1 3 20 15 6 8 3 8 11 0 3 0 55 79 169 98 6 0 4 11 20 39 1 10 65 3 3 1 124 3 0 0 0 0 0 0 0 0 0 0 0 0 0 0 0 1 0 4 4 6 18 14 4 0 0 0 0 0 0 1 0 0 0 2 0 2 1 0 1 7 0 3 2 0 1 3 0 1 12 1 1 0 0 0 0 0 0 0 0 0 1 0 0 0 0 0 1 3 2 1 0 0 0 1 1 3 1 0 4 0 1 1 6 0 2 1 1 0 0 0 0 1 0 0 0 1 0 1 0 0
3 1 3 3 3 5 3 2 0 1 1 9 38 1452 2576 1080 178 1468 1115 180 22 141 152 5285 56 289 18932 11063 121 4 32 1 5 75 4808 215 77 24 345 3061 292 86 1091 80 4 89 654 11 33 1 6 3 33 163 8 5 103 144 310 111 80 12 71 454 483 3 311 186 67 8 2 4 16 52 132 6 3 5 11 0 3 0 76 126 55 117 28 2 3 7 24 18 3 5 94 12 2 11 84 35 0 0 0 0 0 1 0 0 0 0 0 1 9 61 60 4 3 151 13 310 91 641 54 1 0 0 0 2 0 43 1 0 1 0 0 4 6 0 17 40 28 6 25 0 1 3 0 4 80 44 1 2 2 0 0 1 0 0 0 0 0 0 0 0 1 0 11 13 3 14 0 4 0 1 0 11 0 0 3 2 6 17 104 0 0 11 0 2 0 1 2 3 2 1 0 0 0 0 0 0
35 8 5 14 60 41 17 1 2 0 1 23 157 585 2296 1897 120 1216 1554 44 19 41 79 1397 24 15 11063 13910 1319 133 214 24 23 293 507 143 109 45 4245 121 750 69 722 104 11 221 795 25 35 1 4 6 149 389 59 16 489 1094 509 355 210 42 108 1198 1167 14 809 1051 331 11 3 5 10 63 1038 16 7 7 9 0 3 0 167 221 88 174 87 9 17 10 56 42 5 7 82 292 1 109 102 238 0 1 0 0 1 1 0 2 0 0 0 0 3 280 289 10 2 320 7 1509 98 1725 43 3 1 2 0 24 1 234 2 0 0 3 3 10 7 2 14 50 251 7 135 0 6 8 5 26 101 250 6 2 3 0 1 1 0 1 0 0 1 2 1 2 5 1 64 96 5 58 0 4 7 5 2 59 1 0 17 2 3 7 92 2 3 13 1 0 3 0 2 2 0 2 4 1 1 0 1 0
6108 841 827 507 4146 889 2801 446 131 214 38 395 8 196 475 152 126 34 21 21 26 35 6 68 162 8 121 1319 42976 12115 5658 280 481 550 61 58 233 112 552 55 212 14 154 22 29 70 597 220 36 7 46 49 2545 10712 1062 42 3796 1091 109 35 65 381 848 95 705 7 5070 553 2175 49 29 596 193 134 5793 77 177 18 463 2 10 9 857 687 174 150 986 7 17 17 99 69 14 22 135 3181 164 6831 210 1534 27 24 159 36 11 166 6 42 74 34 67 134 1 1 10 0 0 5 5 30 9 39 4 6 14 0 1 1 0 2 38 0 44 257 0 234 0 0 62 68 5 1 5 7 30 7 11 7 7 65 2 1 7 0 1 10 5 3 2 0 16 36 8 12 40 1 22 6 4 6 23 13 22 5 8 41 1 1 39 7 249 152 58 1 8 159 5 8 7 7 27 1 7 42 50 20 17 2 1 0
7081 2521 310 1318 8515 1750 1792 303 124 143 15 404 1 29 102 46 45 4 10 8 27 25 2 12 16 1 4 133 12115 11606 5699 212 234 208 7 10 100 44 116 8 261 7 28 12 1 8 13 32 17 4 74 76 759 1073 355 77 3538 262 13 12 14 58 94 5 123 2 272 17 504 23 13 210 36 26 856 27 65 4 126 3 12 6 847 338 256 58 21 7 7 8 10 69 32 19 40 1716 64 1584 25 77 19 14 69 22 2 82 5 25 33 23 36 64 0 1 2 0 0 2 0 6 5 5 0 1 4 0 1 0 0 1 15 2 11 95 0 58 0 0 22 16 1 0 1 0 11 1 3 0 4 15 2 0 1 0 0 1 7 3 3 1 6 11 2 10 12 0 5 2 4 0 9 2 6 1 0 9 0 1 7 5 88 45 11 0 6 54 2 3 3 3 10 2 4 6 25 12 4 0 1 1
351 211 95 1295 11423 1627 237 50 14 24 6 200 1 41 80 39 36 5 15 7 6 14 0 17 167 4 32 214 5658 5699 5178 120 165 181 20 15 96 35 125 30 137 6 28 4 3 18 148 23 12 0 25 49 433 862 192 50 13875 298 21 8 14 58 88 19 122 3 2354 96 432 13 5 67 16 19 2140 15 20 0 33 2 2 0 424 344 231 650 1247 2 6 1 11 38 17 11 28 1730 18 653 1143 4217 7 3 16 6 1 20 0 7 12 6 17 14 0 1 3 0 1 1 0 8 2 5 1 0 2 0 0 0 0 0 2 0 4 19 0 24 0 0 2 7 1 0 2 0 4 0 4 0 1 12 3 0 1 0 0 3 8 3 2 0 4 1 0 1 6 0 1 1 1 1 1 1 0 0 0 7 0 0 4 1 32 15 3 0 0 19 0 0 1 2 6 1 1 4 1 1 1 0 0 0
41 23 60 93 947 3308 29 6 4 8 11 1040 0 3 17 17 24 6 6 14 53 86 4 3 26 0 1 24 280 212 120 11651 4491 991 8 3 87 93 29 3 157 1 10 4 0 19 11 5 3 1 11 25 43 115 45 33 82 3290 9 8 10 6 14 2 15 0 114 22 103 6 2 315 174 20 4804 6 15 4 52 1 1 0 178 94 194 55 7 1 2 2 5 17 2 0 7 8895 12 61 56 16 2 3 17 3 1 9 3 5 6 3 10 8 2 0 1 1 1 2 1 5 9 9 1 0 1 0 0 0 0 0 5 0 4 43 0 37 0 0 20 16 1 2 2 1 8 1 1 0 3 2 1 0 0 0 0 1 0 1 0 1 4 0 0 5 9 0 3 0 0 0 3 1 3 1 0 3 0 0 0 0 23 31 9 0 0 25 0 0 2 1 8 1 1 4 5 8 6 0 0 1
98 98 185 142 646 1625 58 24 51 104 151 2754 5 8 21 87 17 64 120 32 435 763 77 23 203 8 5 23 481 234 165 4491 10339 2420 5 1 126 3145 52 48 552 3 38 36 5 142 77 5 10 3 44 52 137 343 83 101 86 1207 24 35 54 8 17 11 12 9 294 53 60 10 1 1009 4099 266 5661 3 278 26 277 4 8 3 604 310 755 317 33 10 7 5 39 65 24 13 20 5431 160 186 355 27 22 26 128 28 19 131 8 44 57 30 63 94 2 7 14 1 5 6 15 55 87 54 11 10 28 1 1 1 0 3 37 2 59 371 6 486 2 1 231 211 8 9 5 17 74 1 4 7 36 23 22 2 2 0 1 7 11 16 7 1 33 36 6 19 100 2 9 4 1 12 47 22 51 17 2 4 6 1 11 1 268 394 144 7 1 344 7 2 6 17 64 3 2 67 45 25 23 8 1 9
61 39 52 73 278 536 38 9 10 19 16 281 4 130 230 182 130 84 218 54 792 1570 537 57 275 10 75 293 550 208 181 991 2420 13602 781 143 2367 1566 168 148 842 3 46 24 2 53 884 5 4 2 42 61 111 222 112 86 147 2410 2393 4114 28 11 55 14 97 5 264 954 187 8 2 72 269 151 2872 8 74 15 92 0 8 0 567 195 600 245 71 11 3 2 21 62 16 18 26 1646 14 80 349 80 10 7 20 6 8 31 2 17 8 8 5 17 1 4 5 0 9 8 29 21 173 67 26 14 15 2 1 0 0 4 24 5 17 212 5 341 0 1 324 330 4 19 2 4 42 7 4 3 70 11 50 0 2 1 0 0 7 6 3 3 22 36 4 12 50 4 7 11 1 10 25 27 29 51 2 5 4 0 2 3 90 336 107 6 0 192 0 1 3 17 38 6 3 18 16 5 24 6 2 13
5 1 3 2 5 3 0 0 1 1 0 1 2 5472 3577 160 669 94 262 134 29 79 96 2361 34 318 4808 507 61 7 20 8 5 781 6745 3353 1217 38 53 6052 146 78 586 116 1 26 1457 3 19 1 2 0 16 67 4 3 33 313 1700 3201 29 9 65 113 79 1 147 349 65 7 1 4 20 34 148 2 8 10 33 0 0 0 36 65 32 55 27 2 4 3 17 9 1 4 80 12 4 7 36 23 0 3 0 0 0 0 0 0 0 0 0 0 3 6 3 2 2 51 27 36 141 201 63 3 2 1 1 1 2 6 1 1 1 3 1 5 2 1 27 90 1 13 1 0 2 1 0 1 53 11 8 1 3 0 0 0 1 0 0 0 0 1 0 0 0 2 1 2 0 1 0 3 2 4 0 3 0 0 1 1 0 10 43 1 0 12 0 0 0 4 3 1 1 0 1 2 4 0 0 1
0 1 0 0 3 2 0 1 0 0 0 3 0 4019 1746 43 871 7 7 6 18 31 101 150 2 9 215 143 58 10 15 3 1 143 3353 1890 538 1 21 556 205 11 53 5 0 3 248 2 2 0 0 1 7 12 3 0 15 198 944 1127 0 3 7 17 29 0 5 133 13 0 0 1 1 1 89 2 1 0 3 0 0 0 5 5 8 3 3 2 0 0 3 4 0 0 3 32 0 3 1 3 0 0 1 0 0 0 0 0 0 0 0 0 1 0 1 0 0 0 2 1 7 4 5 0 1 0 0 0 0 0 1 0 0 0 0 1 0 0 8 8 0 4 0 0 0 0 0 0 1 0 2 0 0 0 0 0 0 0 0 0 0 1 0 0 1 0 1 0 0 0 1 0 0 0 0 1 0 0 0 0 0 1 0 0 0 0 0 0 0 0 0 0 0 0 0 0 0 0 0 0
28 11 21 24 114 166 14 5 3 5 6 104 6 254 636 131 2236 151 2724 554 465 967 816 96 169 30 77 109 233 100 96 87 126 2367 1217 538 2943 791 53 339 1193 15 79 379 7 56 919 7 10 4 12 11 35 83 17 25 69 739 1624 1503 26 17 36 27 37 2 91 358 65 2 2 13 95 173 611 10 14 19 57 2 3 1 150 78 228 124 24 6 9 2 51 23 3 2 31 621 5 51 186 38 1 3 7 0 2 8 1 7 2 3 5 10 13 4 4 11 14 7 76 24 409 91 60 23 32 1 10 2 1 9 30 6 10 118 5 194 5 2 377 378 4 59 1 4 26 12 4 1 132 12 122 4 2 0 1 2 6 2 2 0 11 31 5 11 22 26 10 13 5 4 20 47 22 80 1 7 0 1 14 1 44 303 140 19 5 149 4 0 7 20 29 2 3 9 11 10 19 8 8 16
29 21 35 21 74 182 6 7 11 14 36 305 77 6 29 232 334 313 4035 344 458 860 197 50 276 23 24 45 112 44 35 93 3145 1566 38 1 791 3211 124 254 549 8 118 1713 13 801 560 3 12 3 28 38 57 143 55 82 19 72 115 97 137 18 34 40 19 13 133 56 38 12 2 231 3300 994 167 13 278 173 308 4 5 16 370 202 496 259 40 14 10 16 185 46 9 7 47 321 57 50 292 11 7 6 32 16 8 44 2 18 10 6 11 32 14 16 48 11 26 48 101 146 699 341 85 28 56 4 14 9 1 37 63 4 24 392 11 629 5 2 892 785 12 69 9 12 86 10 6 5 262 90 120 1 11 1 0 5 12 8 3 5 40 55 7 10 105 38 17 23 4 36 53 87 57 109 1 32 4 0 27 4 133 792 424 30 11 402 3 4 6 51 71 0 6 31 26 11 40 9 4 34
31 14 8 28 83 108 12 3 1 4 4 59 272 35 567 2644 111 3197 1277 243 49 156 105 971 60 21 345 4245 552 116 125 29 52 168 53 21 53 124 26909 67 1634 320 2758 79 84 2029 239 176 211 12 6 6 67 171 38 19 213 456 133 90 8211 227 679 1431 6096 56 318 348 10815 54 54 14 45 46 487 438 6 11 16 0 14 0 105 114 86 76 33 36 80 37 323 252 4 62 541 372 10 69 69 91 1 6 4 2 1 3 0 7 0 0 2 3 6 440 769 30 7 292 17 3012 100 3048 29 2 3 2 0 62 3 367 19 4 4 14 5 27 4 1 20 67 496 9 496 1 7 48 46 209 130 1330 18 13 16 0 2 10 0 0 0 2 3 7 3 6 10 7 246 353 23 109 4 13 31 11 10 251 3 7 111 11 15 24 69 19 11 22 7 8 17 1 8 31 25 6 10 0 3 1 0 0
16 9 19 7 7 24 1 1 3 5 2 20 6 1418 1773 282 576 82 627 686 349 4111 2344 1425 4733 6666 3061 121 55 8 30 3 48 148 6052 556 339 254 67 14037 1046 120 784 488 13 63 5720 26 82 10 14 17 54 324 27 56 60 104 281 186 77 97 248 148 76 5 636 89 92 40 7 28 186 123 85 23 30 35 137 0 8 2 367 598 545 646 109 12 24 19 108 55 4 30 422 12 4 5 802 48 0 0 1 1 1 0 0 0 0 0 0 2 10 5 3 6 9 35 52 15 234 148 96 7 8 1 3 1 1 10 4 1 0 9 0 21 3 1 60 149 3 20 5 0 5 3 2 2 90 14 14 4 3 1 0 2 1 0 0 0 0 2 0 0 2 5 3 5 1 3 3 8 3 6 1 12 0 0 13 2 2 26 68 3 3 25 0 1 1 2 1 4 2 1 3 0 5 1 1 5
941 914 1377 795 324 958 139 408 47 234 77 1253 47 470 3769 2677 1287 1784 912 1216 1677 1453 8042 4701 389 2091 292 750 212 261 137 157 552 842 146 205 1193 549 1634 1046 6661 3564 2101 232 287 1076 442 358 2123 81 336 267 61 117 1694 621 73 347 129 128 1880 322 230 114 126 76 171 106 1071 215 156 364 414 232 674 404 205 39 303 18 153 18 762 144 931 207 65 389 836 341 2032 1612 199 649 1328 325 121 130 289 84 5 6 41 5 6 34 4 9 10 12 21 28 0 16 48 6 4 11 10 100 67 138 13 4 11 0 1 5 1 21 20 2 16 105 4 172 1 0 141 125 9 9 19 2 23 58 70 8 41 245 10 23 27 1 6 69 31 7 18 11 8 18 0 8 28 3 71 53 33 34 15 19 17 11 42 192 6 16 244 46 74 153 73 6 54 103 18 38 60 4 20 97 57 14 14 11 7 1 0 2
1 2 1 0 1 4 0 0 2 0 0 7 10 29 186 191 43 230 126 73 12 125 779 3420 33 284 86 69 14 7 6 1 3 3 78 11 15 8 320 120 3564 3432 1778 18 38 259 140 16 305 6 1 1 7 15 4 12 6 3 22 7 501 14 27 91 26 22 32 5 278 4 3 0 8 10 11 39 4 6 8 0 2 0 13 24 19 18 3 5 25 30 411 92 1 5 32 11 11 7 27 2 0 0 0 0 1 1 0 1 0 0 0 1 0 0 9 0 0 2 1 21 8 26 3 0 1 0 0 1 0 1 0 0 0 0 0 3 0 0 0 7 1 2 2 0 1 3 6 2 4 69 0 0 1 1 0 2 0 0 0 1 0 1 0 0 0 0 23 13 5 5 0 0 2 0 2 27 0 2 32 1 0 6 1 1 6 3 4 2 3 0 0 7 5 0 0 0 0 0 0 0
9 5 15 8 23 47 7 3 10 5 4 37 60 264 708 542 146 2007 1126 303 129 991 445 2336 418 307 1091 722 154 28 28 10 38 46 586 53 79 118 2758 784 2101 1778 5700 212 290 1997 1030 114 827 21 14 12 69 326 30 39 84 49 136 36 4061 213 937 7376 1310 71 564 70 2447 88 30 13 79 65 72 323 41 20 45 0 20 5 252 399 299 384 63 38 101 119 2985 361 8 113 1589 56 55 31 347 35 0 2 0 1 1 1 1 3 0 0 1 0 0 18 68 2 1 21 12 220 35 227 8 2 1 1 0 5 0 11 9 1 1 7 0 19 2 0 20 33 25 5 31 0 3 35 44 9 35 398 5 16 22 0 4 28 0 2 0 5 0 3 0 2 3 1 102 61 27 42 2 4 14 4 23 162 2 6 194 30 8 24 29 4 34 9 9 14 29 0 0 38 31 4 7 4 1 0 0 0
2 2 7 6 6 13 4 0 21 3 1 28 3042 30 42 60 119 118 7960 246 107 242 48 94 122 57 80 104 22 12 4 4 36 24 116 5 379 1713 79 488 232 18 212 8625 597 1041 547 44 74 588 15 97 19 57 10 14 4 6 45 7 221 75 120 35 37 403 56 28 87 34 36 114 3874 3546 14 85 445 4374 2424 63 47 459 98 68 154 84 22 270 332 674 1902 55 4 25 247 14 80 33 117 10 1 6 9 4 4 13 0 11 3 6 1 7 77 112 350 31 26 297 164 832 1088 2001 286 28 59 2 24 23 1 165 42 9 6 129 4 215 42 8 620 542 64 196 44 6 56 58 70 39 681 602 190 14 24 3 4 39 10 3 6 5 16 37 9 11 25 51 135 107 33 205 28 77 30 95 31 163 8 8 227 31 52 469 1036 21 42 312 13 23 32 40 25 60 35 6 25 9 29 11 9 33
3 1 0 2 4 3 4 0 22 1 0 8 1658 1 21 24 6 60 520 19 2 27 11 21 12 5 4 11 29 1 3 0 5 2 1 0 7 13 84 13 287 38 290 597 4737 1974 15 149 231 3389 2 50 4 32 11 4 17 4 0 1 182 183 199 52 94 1120 48 6 722 75 68 20 72 112 4 217 132 132 133 25 83 313 19 10 8 23 4 412 799 2103 2650 116 0 50 497 10 102 36 18 2 8 26 0 2 13 15 0 24 0 1 3 4 5 16 483 12 5 21 7 501 47 457 23 7 1 3 5 21 1 25 43 6 5 3 2 11 1 0 7 19 37 11 83 0 7 453 672 65 129 3651 11 71 98 10 12 281 7 13 10 32 7 12 2 7 12 5 951 597 252 572 3 22 66 11 236 1582 17 43 2695 369 7 23 59 17 377 40 28 202 134 2 1 398 195 19 31 12 3 2 2 0
3 7 12 7 9 30 1 1 7 1 3 46 1668 10 30 77 31 4115 3670 102 11 63 18 513 35 12 89 221 70 8 18 19 142 53 26 3 56 801 2029 63 1076 259 1997 1041 1974 3605 93 72 168 26 3 6 19 85 14 7 56 20 13 6 2160 100 216 1086 1046 865 130 15 559 38 22 40 368 147 26 67 12 34 41 3 11 2 62 73 59 72 19 44 108 272 2057 198 3 53 420 40 27 15 49 14 3 17 1 2 11 12 0 36 2 1 2 6 11 149 1349 24 6 86 25 2254 115 2288 42 3 7 1 4 62 1 209 46 19 5 9 15 32 10 2 36 60 247 17 466 3 11 141 350 475 232 4828 14 24 32 4 4 31 0 2 1 11 18 15 6 8 22 5 738 504 70 659 8 40 77 29 21 563 6 16 646 30 20 43 141 31 31 72 5 33 51 15 3 85 56 15 60 12 9 4 1 2
27 20 19 23 20 33 8 6 3 4 3 38 6 260 495 73 329 57 314 168 145 734 395 1222 4979 557 654 795 597 13 148 11 77 884 1457 248 919 560 239 5720 442 140 1030 547 15 93 5686 30 71 7 18 11 156 860 58 35 697 1289 1417 852 107 115 501 329 419 5 1954 3302 423 49 7 42 282 154 933 23 23 53 155 0 5 3 479 850 460 1365 1445 6 19 19 104 56 7 27 408 33 11 31 1378 297 0 0 4 0 4 5 0 3 3 0 0 1 6 2 6 2 24 8 57 28 340 52 66 5 6 2 2 1 0 6 4 2 3 27 1 86 1 0 183 381 2 16 2 0 11 10 5 2 83 24 27 0 4 0 0 2 2 1 0 1 3 10 2 0 11 6 7 7 3 5 5 9 4 9 2 18 0 1 9 4 8 51 91 1 6 25 0 3 2 2 12 11 1 4 2 6 7 2 0 3
13 8 14 11 18 26 7 4 8 9 1 26 15 3 33 25 10 57 60 16 6 37 12 20 11 4 11 25 220 32 23 5 5 5 3 2 7 3 176 26 358 16 114 44 149 72 30 14917 302 237 6 63 37 97 33 13 74 27 14 5 823 11759 3456 138 382 21 150 23 3909 1536 8147 3 12 20 37 6335 19 6 8 13 639 85 66 67 37 32 6 2498 3701 286 1585 319 23 225 741 58 20 32 38 16 1 9 0 0 3 2 0 2 0 0 0 1 1 3 70 5 1 10 4 26 13 51 1 1 1 0 1 12 1 5 12 6 2 2 3 4 2 0 5 11 5 11 27 1 0 335 163 3 31 248 2 163 380 15 12 559 11 5 14 62 0 3 0 6 5 1 127 219 213 31 2 14 27 7 638 560 47 100 1217 270 3 9 25 12 398 24 84 158 404 2 1 853 397 2 8 2 0 0 1 0
30 27 26 10 21 14 11 17 13 7 2 23 12 15 155 177 30 167 124 84 23 139 109 288 46 59 33 35 36 17 12 3 10 4 19 2 10 12 211 82 2123 305 827 74 231 168 71 302 10115 58 115 63 13 26 104 37 9 14 10 2 552 828 220 39 40 36 60 9 396 336 76 10 28 36 11 352 31 18 44 1 119 6 70 49 38 49 10 246 497 328 1513 5176 151 3026 10332 12 54 17 42 2 0 2 1 0 1 2 0 0 3 0 0 3 0 3 20 1 1 6 2 19 7 25 0 1 0 0 0 1 0 0 2 1 1 4 0 5 0 0 4 3 3 2 1 1 2 41 40 2 7 119 0 15 21 1 2 47 3 0 1 10 0 1 0 0 1 0 40 48 28 20 0 1 4 0 52 128 4 8 199 37 3 5 5 2 41 5 9 16 29 0 0 80 31 1 8 1 0 0 1 0
3 1 5 0 0 1 7 3 86 5 3 2 408 1 4 8 6 7 104 9 1 12 2 1 3 1 1 1 7 4 0 1 3 2 1 0 4 3 12 10 81 6 21 588 3389 26 7 237 58 5793 83 1180 11 8 12 1 2 0 0 1 57 273 81 13 7 1396 7 0 117 136 108 30 71 745 0 149 716 654 244 994 250 3521 19 6 2 4 0 1495 1634 4001 676 50 7 53 146 2 437 127 6 0 3 6 0 2 2 4 0 0 1 1 4 1 0 4 42 4 3 9 6 25 5 29 4 1 0 1 1 5 0 1 9 2 4 2 0 9 0 0 8 11 4 12 3 0 3 248 106 4 16 213 2 113 210 7 12 353 68 12 31 111 1 2 0 1 3 3 109 177 150 48 0 8 21 5 358 385 46 73 1086 282 2 2 13 4 232 10 67 444 446 1 4 792 244 3 4 2 1 2 0 1
233 149 233 56 61 42 89 111 26 53 9 70 0 2 4 0 2 5 5 1 1 16 1 5 7 2 6 4 46 74 25 11 44 42 2 0 12 28 6 14 336 1 14 15 2 3 18 6 115 83 13370 17297 19 19 840 95 9 52 0 3 7 25 20 0 6 89 20 12 29 750 12 38 62 94 123 4 45 13 47 579 494 153 611 34 25 22 24 128 35 11 10 6100 6177 641 418 29 33 82 25 9 2 0 5 2 2 4 0 1 2 2 6 1 0 1 1 0 0 0 0 4 7 1 2 0 0 0 0 0 0 0 1 0 2 11 0 35 0 0 15 14 0 0 1 13 5 2 4 1 6 2 0 8 4 0 0 2 844 113 564 221 25 3 1 1 1 0 2 1 0 13 3 2 2 4 4 4 65 23 9 1 6 19 13 0 2 18 78 10 114 2 12 22 12 1 4 3 3 0 0 0
295 150 247 70 84 77 86 127 53 62 8 81 11 0 0 6 5 6 31 2 2 10 4 4 11 2 3 6 49 76 49 25 52 61 0 1 11 38 6 17 267 1 12 97 50 6 11 63 63 1180 17297 20179 24 31 516 60 11 65 3 3 8 104 28 6 14 908 19 11 34 1079 246 53 73 864 125 25 392 229 95 11730 6568 3361 519 33 20 13 7 4790 998 262 143 1494 3935 402 278 34 243 141 17 8 11 0 4 1 1 7 2 6 2 3 5 4 0 0 5 1 0 6 0 8 6 6 2 1 1 0 1 2 0 1 6 1 3 22 1 29 1 1 16 26 1 3 3 22 18 62 12 3 9 21 2 169 112 39 7 57 5175 721 3718 4420 70 9 0 1 6 1 8 14 25 45 6 7 5 2 62 23 1590 679 200 21 9 23 61 2 20 41 905 169 2469 2 36 495 336 6 9 5 1 0 0 1
1283 415 682 191 509 225 742 643 173 350 71 300 4 25 39 22 16 12 18 7 8 19 2 24 87 0 33 149 2545 759 433 43 137 111 16 7 35 57 67 54 61 7 69 19 4 19 156 37 13 11 19 24 6719 7646 5180 14 169 191 14 5 25 62 149 26 89 10 271 84 250 10 3 292 98 78 745 17 142 46 224 6 6 17 3163 300 57 74 174 21 17 19 32 10 5 7 60 316 228 5994 127 147 6 6 26 8 1 23 3 13 13 14 25 32 0 0 1 0 0 0 2 3 11 2 0 0 3 0 0 0 0 0 8 1 7 78 1 72 0 0 31 30 0 0 2 0 13 2 2 0 6 7 1 0 1 0 0 0 3 0 1 0 0 2 0 3 17 1 4 0 1 2 7 2 9 0 0 9 1 0 7 2 69 65 17 2 0 58 0 0 3 0 9 1 0 5 12 5 4 0 1 1
2105 1044 1488 528 835 628 583 937 145 454 50 614 8 51 86 33 33 16 35 7 15 98 18 137 580 25 163 389 10712 1073 862 115 343 222 67 12 83 143 171 324 117 15 326 57 32 85 860 97 26 8 19 31 7646 8763 550 20 570 399 57 19 82 205 604 138 321 8 4053 267 662 45 9 338 198 143 1863 39 138 16 281 1 5 3 1565 5465 112 356 912 14 16 16 120 29 10 16 280 593 107 1597 558 613 14 7 44 11 1 32 7 13 20 12 30 45 0 1 4 0 1 2 3 30 28 13 1 2 6 0 1 0 0 2 15 1 13 130 0 143 0 0 63 76 2 1 2 5 23 2 7 2 11 33 3 0 2 0 0 2 1 0 2 0 7 6 1 7 24 0 18 2 1 5 7 8 13 2 2 21 0 1 24 1 102 99 35 1 1 74 2 1 2 8 11 4 5 10 19 14 5 1 0 0
744 224 461 98 236 112 411 387 97 191 30 174 4 7 31 23 7 21 11 6 3 14 6 20 35 3 8 59 1062 355 192 45 83 112 4 3 17 55 38 27 1694 4 30 10 11 14 58 33 104 12 840 516 5180 550 14628 624 53 156 13 3 23 44 59 10 35 6 84 48 107 59 22 134 99 75 378 13 112 26 142 26 42 13 2948 77 43 25 60 69 96 27 56 833 149 118 183 154 102 2903 34 43 6 2 15 6 0 14 1 9 12 5 12 15 0 1 0 0 0 1 0 5 15 8 0 1 5 0 0 0 0 1 3 0 6 50 0 59 0 0 42 39 0 1 1 0 7 2 1 0 5 12 2 2 6 0 0 4 46 8 40 9 2 2 0 3 11 0 5 1 1 4 1 4 7 1 2 5 6 3 6 1 37 58 20 0 6 38 4 3 14 4 4 8 3 6 4 3 4 0 0 0
291 220 329 154 96 197 68 183 21 74 15 257 2 1 8 11 11 6 14 5 1628 504 25 16 146 20 5 16 42 77 50 33 101 86 3 0 25 82 19 56 621 12 39 14 4 7 35 13 37 1 95 60 14 20 624 1727 17 105 13 14 8 27 29 5 15 0 19 17 40 12 5 64 79 37 211 5 34 3 80 5 10 1 3415 34 2986 177 22 20 12 10 20 132 29 30 62 60 19 45 243 22 3 0 6 5 1 7 0 3 2 0 3 3 0 2 1 0 1 0 2 2 6 2 2 0 2 0 1 0 0 0 0 0 3 22 1 52 0 0 30 25 1 0 1 0 7 3 0 1 4 6 4 0 2 0 1 3 3 1 4 0 1 3 1 4 10 2 1 0 1 3 1 1 5 2 0 1 1 1 3 0 15 36 23 0 2 26 0 0 3 2 3 1 2 2 1 6 1 0 1 0
70 27 30 43 2236 225 24 5 5 7 1 43 4 47 154 42 41 10 13 13 9 13 7 52 470 0 103 489 3796 3538 13875 82 86 147 33 15 69 19 213 60 73 6 84 4 17 56 697 74 9 2 9 11 169 570 53 17 7010 431 51 13 54 129 419 67 326 3 4251 340 647 21 8 36 11 9 4228 24 8 1 30 0 1 0 181 273 102 1068 2810 9 6 7 63 12 2 7 104 2266 5 140 3029 4006 2 2 11 2 0 7 0 3 6 3 9 12 0 0 1 0 1 0 3 11 7 12 1 0 2 1 0 0 0 1 2 1 0 11 0 11 0 0 3 11 4 0 3 1 0 2 0 0 1 30 0 1 2 0 1 0 1 0 0 0 0 1 0 1 0 0 12 2 3 1 0 2 2 0 1 10 0 1 10 0 8 10 4 0 0 7 1 2 1 1 1 2 2 1 5 2 1 1 0 0
55 39 38 49 360 482 40 10 4 19 5 254 1 373 831 185 209 26 21 50 81 160 45 63 29 6 144 1094 1091 262 298 3290 1207 2410 313 198 739 72 456 104 347 3 49 6 4 20 1289 27 14 0 52 65 191 399 156 105 431 10607 3193 2220 19 37 112 37 314 2 476 3122 647 15 9 85 61 14 9494 19 12 3 25 1 5 0 682 203 197 68 69 10 8 0 13 65 23 19 29 3474 5 125 58 245 1 3 5 1 1 3 1 1 0 3 3 4 0 3 3 1 0 3 2 9 14 18 1 0 4 0 0 0 0 0 3 0 1 26 0 34 0 0 21 28 6 1 2 2 4 2 1 2 5 11 2 0 0 1 0 1 5 0 1 1 2 3 2 0 8 1 3 3 0 2 3 1 2 2 1 4 0 1 7 0 16 14 5 2 0 11 0 0 1 1 3 2 0 2 0 2 2 1 0 1
4 1 5 2 9 17 0 1 1 2 0 6 0 235 332 58 118 15 39 30 45 72 108 234 38 9 310 509 109 13 21 9 24 2393 1700 944 1624 115 133 281 129 22 136 45 0 13 1417 14 10 0 0 3 14 57 13 13 51 3193 2915 9186 20 24 136 75 183 2 153 1806 193 6 1 2 25 9 469 4 1 8 13 0 0 0 42 35 40 63 62 2 2 1 8 9 0 4 51 50 1 4 33 25 0 0 3 0 0 0 0 0 0 0 0 1 1 0 2 0 5 0 10 10 53 7 8 1 3 0 1 1 0 0 1 0 0 5 3 23 0 0 40 73 1 5 1 0 1 0 0 0 13 9 4 0 1 0 0 0 0 0 0 0 0 0 0 0 2 0 3 5 0 0 1 3 1 1 0 3 0 1 1 1 2 9 11 1 0 4 0 0 0 2 4 0 0 1 0 0 2 0 0 1
0 1 1 7 7 6 1 0 0 0 0 11 2 497 421 39 154 8 14 4 89 210 95 76 25 3 111 355 35 12 8 8 35 4114 3201 1127 1503 97 90 186 128 7 36 7 1 6 852 5 2 1 3 3 5 19 3 14 13 2220 9186 3743 6 5 26 20 72 0 16 1006 79 1 1 3 5 6 362 3 3 0 4 0 1 0 21 14 60 28 11 0 1 1 8 2 1 0 13 59 1 4 45 6 1 0 1 0 1 1 0 1 0 0 0 0 0 1 0 0 0 0 1 5 20 5 2 1 1 0 1 0 0 0 1 0 0 7 1 21 0 0 31 28 1 0 0 2 1 0 0 1 7 2 5 1 0 0 1 0 1 0 0 0 1 5 0 0 4 1 1 0 0 0 0 3 2 8 0 1 0 0 1 0 7 26 5 2 0 13 0 0 0 1 2 1 0 3 1 0 0 0 0 1
5 4 12 2 10 33 3 5 1 1 5 34 62 10 66 239 40 2942 481 102 18 98 30 517 74 12 80 210 65 14 14 10 54 28 29 0 26 137 8211 77 1880 501 4061 221 182 2160 107 823 552 57 7 8 25 82 23 8 54 19 20 6 9699 940 1406 1165 535 62 145 14 5680 250 319 16 112 31 30 8176 17 6 27 0 81 5 65 103 62 92 18 227 540 119 4147 368 11 130 2014 26 26 11 76 17 5 15 1 0 9 10 0 27 2 1 2 0 1 46 406 10 1 24 14 529 37 569 12 1 3 1 2 25 2 49 25 10 3 7 4 24 0 1 17 29 77 7 169 0 4 160 209 137 83 1477 6 45 72 6 5 70 2 4 4 17 9 8 9 5 10 6 369 305 119 103 5 21 51 20 86 596 11 34 618 55 11 28 50 14 117 44 42 49 85 6 4 141 86 9 25 11 4 1 3 0
24 10 26 17 32 58 12 8 8 6 1 47 18 3 60 75 28 103 98 38 22 130 32 37 95 11 12 42 381 58 58 6 8 11 9 3 17 18 227 97 322 14 213 75 183 100 115 11759 828 273 25 104 62 205 44 27 129 37 24 5 940 19266 9474 480 715 27 361 39 4416 9740 4996 7 21 44 75 1505 26 17 17 24 684 162 125 152 73 139 17 2092 1668 439 1667 500 71 2819 5480 89 47 54 119 32 2 4 2 0 6 3 0 4 1 1 0 1 4 3 42 5 1 8 6 28 14 46 9 1 2 1 3 13 1 2 11 4 0 1 2 3 1 0 3 10 7 11 15 4 2 248 98 3 26 244 1 215 432 8 12 362 17 7 19 102 1 1 3 1 4 2 112 176 182 29 1 3 15 13 506 367 45 150 1005 219 3 10 16 14 285 13 113 172 593 5 2 970 373 5 6 0 0 0 0 0
32 12 15 22 43 70 18 6 10 6 0 41 24 23 110 92 28 154 163 55 45 295 41 86 224 17 71 108 848 94 88 14 17 55 65 7 36 34 679 248 230 27 937 120 199 216 501 3456 220 81 20 28 149 604 59 29 419 112 136 26 1406 9474 16290 6059 6401 37 1139 156 7530 1453 139 13 28 31 195 894 28 17 31 5 68 4 325 527 223 448 73 137 394 270 2204 143 17 650 3700 91 53 89 332 119 1 3 2 0 3 4 1 1 0 1 0 2 2 7 35 1 1 11 1 57 25 63 6 0 1 0 0 1 0 5 5 0 0 3 0 7 1 0 12 19 3 5 12 0 1 71 91 2 28 245 0 38 53 2 2 81 1 2 5 9 0 0 1 1 6 0 92 70 50 23 1 2 6 2 92 236 9 22 341 80 1 2 18 4 73 6 15 37 76 0 1 170 65 1 7 3 4 0 0 1
7 2 2 4 8 13 3 1 1 0 1 6 69 68 132 79 22 989 731 32 10 101 11 317 64 17 454 1198 95 5 19 2 11 14 113 17 27 40 1431 148 114 91 7376 35 52 1086 329 138 39 13 0 6 26 138 10 5 67 37 75 20 1165 480 6059 3921 4497 23 223 44 1637 113 14 2 17 23 49 83 7 5 8 0 9 1 72 111 56 125 24 14 38 37 450 25 4 48 1696 28 6 9 62 13 0 1 0 0 0 0 0 1 0 0 0 0 0 20 71 2 1 22 3 345 15 292 6 0 1 0 1 2 0 23 3 0 0 6 0 1 0 0 10 14 38 1 28 0 1 5 10 4 14 206 0 1 5 0 0 10 1 0 0 1 0 0 1 1 0 0 30 25 6 31 1 3 0 0 7 30 0 0 53 2 2 4 8 4 6 3 2 4 8 0 1 14 7 0 2 0 0 0 0 0
22 13 16 9 54 62 13 3 2 4 4 53 157 73 160 93 27 401 572 26 17 45 15 118 52 2 483 1167 705 123 122 15 12 97 79 29 37 19 6096 76 126 26 1310 37 94 1046 419 382 40 7 6 14 89 321 35 15 326 314 183 72 535 715 6401 4497 4388 31 605 347 4724 90 24 4 15 14 346 224 3 7 15 0 11 1 143 201 97 158 41 26 43 21 450 26 3 35 855 224 5 91 107 142 1 5 0 1 1 2 0 2 0 0 0 1 1 50 138 3 2 31 1 536 12 467 5 0 0 0 1 10 0 42 5 1 1 4 1 11 2 0 6 32 68 3 59 0 3 15 21 24 26 529 2 5 7 0 2 5 1 0 2 2 1 1 1 1 6 1 107 59 10 55 1 2 10 4 13 104 3 5 75 9 3 3 18 2 16 8 2 5 20 0 1 16 16 1 2 0 0 0 0 0
4 2 3 0 1 2 5 1 58 3 0 5 1067 0 5 27 2 84 775 16 3 7 6 10 0 1 3 14 7 2 3 0 9 5 1 0 2 13 56 5 76 22 71 403 1120 865 5 21 36 1396 89 908 10 8 6 0 3 2 2 0 62 27 37 23 31 2645 12 1 81 18 20 16 62 1525 1 25 698 1300 131 715 152 1869 16 7 3 4 1 687 227 252 610 29 1 9 86 2 319 75 0 0 2 0 0 0 5 2 0 9 1 2 2 2 0 6 211 3 0 5 1 155 16 207 6 1 0 1 1 6 0 8 10 1 1 2 1 2 1 0 6 9 15 0 20 0 0 62 218 41 52 1124 1 16 17 1 3 29 62 8 33 60 3 4 6 0 4 0 170 80 26 982 1 5 11 5 18 135 22 18 481 32 3 10 95 3 26 11 22 38 57 2 2 59 35 2 12 6 0 0 0 0
479 562 680 419 472 568 92 183 27 111 24 524 12 70 153 47 70 32 48 26 21 240 50 297 1551 60 311 809 5070 272 2354 114 294 264 147 5 91 133 318 636 171 32 564 56 48 130 1954 150 60 7 20 19 271 4053 84 19 4251 476 153 16 145 361 1139 223 605 12 6907 662 1100 82 13 209 167 64 4334 62 57 6 149 2 12 0 954 4700 531 2458 3028 10 21 20 183 36 11 46 477 1044 41 112 3342 2781 4 4 12 6 3 14 1 3 5 3 7 10 1 2 9 1 1 1 7 27 25 18 7 3 5 0 0 0 0 5 4 1 6 58 3 80 1 0 38 50 2 1 4 2 10 4 5 0 5 66 5 0 4 0 0 9 2 0 1 1 4 8 0 0 13 0 16 6 3 3 3 1 8 1 9 21 0 0 29 6 34 44 22 1 8 34 5 2 9 4 8 11 5 6 8 1 5 0 0 0
15 5 9 3 7 10 4 2 0 2 1 10 2 299 502 99 105 18 12 10 15 26 26 81 37 4 186 1051 553 17 96 22 53 954 349 133 358 56 348 89 106 5 70 28 6 15 3302 23 9 0 12 11 84 267 48 17 340 3122 1806 1006 14 39 156 44 347 1 662 3860 523 8 1 4 24 22 1999 12 0 3 15 1 0 0 159 150 62 183 622 1 3 2 21 23 3 3 39 46 1 35 172 242 0 0 0 0 0 0 0 0 0 0 0 1 0 1 2 0 0 2 10 14 24 11 4 2 1 0 1 0 0 3 1 0 1 8 0 14 0 0 28 62 1 2 1 0 4 0 2 0 9 12 1 0 1 0 0 0 2 0 0 1 0 2 0 0 3 0 3 5 1 0 1 1 1 1 1 8 0 0 5 1 1 8 10 0 0 0 0 0 0 1 1 2 0 0 0 0 2 0 0 0
108 46 52 111 295 425 56 13 8 16 7 299 94 34 254 529 93 547 216 128 74 171 73 147 95 11 67 331 2175 504 432 103 60 187 65 13 65 38 10815 92 1071 278 2447 87 722 559 423 3909 396 117 29 34 250 662 107 40 647 647 193 79 5680 4416 7530 1637 4724 81 1100 523 15802 619 771 37 51 39 908 7597 49 14 53 5 136 21 337 369 194 251 85 402 444 261 2932 289 15 163 1811 1034 40 249 169 231 9 37 1 0 11 6 0 17 1 1 1 9 3 34 321 12 5 26 19 447 65 397 16 5 4 0 3 33 2 39 55 11 4 14 6 28 2 1 28 65 50 9 125 2 8 386 442 89 101 2233 10 117 157 5 9 192 11 7 10 39 10 13 9 13 23 7 691 554 257 81 9 32 80 15 253 1474 30 67 1452 242 12 30 54 23 329 49 61 91 214 7 5 339 237 14 27 13 3 1 2 2
51 21 31 6 9 22 10 20 15 10 1 20 8 3 43 34 13 32 36 18 8 81 18 30 43 6 8 11 49 23 13 6 10 8 7 0 2 12 54 40 215 4 88 34 75 38 49 1536 336 136 750 1079 10 45 59 12 21 15 6 1 250 9740 1453 113 90 18 82 8 619 4434 3876 5 16 36 31 349 19 7 9 63 3417 196 80 54 30 71 9 1818 919 225 478 987 1929 2866 2056 25 26 22 41 8 0 1 0 1 1 3 0 3 1 0 0 0 0 1 15 0 1 9 0 15 2 16 5 1 1 0 2 3 1 1 7 2 0 9 1 5 1 0 3 10 3 4 5 3 6 81 37 1 8 63 2 186 278 15 8 154 140 53 190 809 5 2 1 0 2 0 48 51 92 21 0 2 8 5 206 147 306 418 378 82 2 8 12 4 136 16 341 112 1256 3 2 507 282 1 5 0 0 0 0 0
22 6 13 8 1 13 4 3 5 4 1 9 11 0 9 16 5 30 17 7 4 17 0 0 5 1 2 3 29 13 5 2 1 2 1 0 2 2 54 7 156 3 30 36 68 22 7 8147 76 108 12 246 3 9 22 5 8 9 1 1 319 4996 139 14 24 20 13 1 771 3876 14512 2 11 17 10 846 23 7 14 23 7346 93 18 15 4 10 2 5122 1581 204 506 205 374 340 357 17 24 17 8 4 0 0 0 0 0 0 0 1 0 0 0 0 0 0 13 2 0 1 1 9 6 12 3 0 0 0 0 4 0 1 1 2 0 3 0 2 0 0 1 2 2 3 4 0 3 90 31 2 8 51 1 207 261 7 9 127 40 8 49 287 0 0 0 0 4 0 33 50 75 5 0 3 6 2 180 121 146 265 360 66 0 6 9 3 87 6 230 94 1027 1 0 453 232 3 1 1 1 1 0 0
