35402 11494 8652 4556 1499 4073 8960 18452 178 680 137 3293 0 9 42 57 38 61 5 11 146 64 8 15 70 6 18 13 12170 8272 557 405 124 127 2 3 116 49 59 11 571 31 46 12 1 31 11 62 92 9 241 675 1424 1536 667 366 120 81 12 20 63 44 39 17 30 5 387 37 101 110 94 196 116 88 205 74 65 0 70 28 336 14 2303 1095 1022 187 38 54 94 13 65 584 536 152 169 856 113 2588 53 57 292 85 435 458 16 189 32 16 103 69 326 284 0 0 1 0 2 0 2 8 4 4 1 49 16 0 4 3 0 1 105 2 102 155 2 78 0 1 40 22 6 6 6 41 56 0 2 5 11 12 6 0 1 20 0 1 6 47 5 2 77 114 21 119 38 1 3 7 1 1 122 54 13 4 0 1 9 1 1 1 287 95 73 6 4 194 14 3 9 10 80 5 2 24 132 25 25 4 0 6
11494 9905 3747 13810 825 3490 43 138 14 90 170 3343 0 0 1 3 2 5 4 0 59 15 3 3 15 0 7 4 399 859 107 48 23 15 1 0 6 4 3 1 234 3 14 4 1 5 2 14 23 3 40 106 138 137 113 143 15 6 2 1 13 3 10 3 3 0 91 7 5 22 24 85 41 63 21 9 40 0 53 6 65 3 459 209 429 86 11 22 18 0 15 145 95 37 41 39 69 35 17 17 106 82 345 513 20 174 14 3 46 29 232 258 0 0 1 0 0 0 0 1 1 2 4 35 17 0 4 0 0 0 110 8 116 186 4 70 0 0 38 8 0 6 0 57 49 0 1 1 14 4 5 0 0 31 0 1 8 44 2 1 113 114 11 126 46 0 0 2 0 0 128 56 15 2 0 1 4 1 2 0 342 95 77 4 0 180 3 3 2 3 107 1 0 33 114 8 37 3 1 5
8652 3747 13385 8899 52 1522 351 7879 322 7079 296 12004 1 0 4 7 5 2 0 0 46 15 2 5 12 0 7 2 687 103 19 17 15 14 1 5 8 4 6 6 222 7 14 3 0 6 4 19 27 3 56 216 317 259 175 120 9 6 2 1 3 8 4 2 5 0 126 11 5 27 33 58 30 49 30 15 34 0 42 5 90 8 659 328 388 76 15 23 13 0 20 185 145 52 40 31 57 289 18 15 219 98 454 526 14 189 26 16 102 84 365 348 0 0 0 0 1 0 1 0 1 0 3 31 14 0 3 0 0 0 114 0 115 178 0 79 0 0 38 10 1 5 0 29 48 1 1 1 1 0 4 0 0 28 0 0 8 52 1 0 88 113 19 138 50 1 4 2 0 0 107 59 8 1 0 0 2 0 1 1 341 82 67 5 0 164 8 1 1 9 107 2 0 21 161 15 35 6 0 6
4556 13810 8899 16395 6858 8565 9 56 13 36 88 4302 1 0 1 4 3 5 1 0 78 27 2 3 12 3 2 0 86 778 2160 77 16 11 0 0 12 7 3 3 138 1 3 2 0 4 0 5 12 1 16 44 72 43 59 74 15 7 3 1 2 2 5 1 1 0 31 6 9 4 8 40 13 26 10 4 19 0 14 1 29 2 232 96 287 73 4 2 5 1 4 42 36 23 16 46 68 26 26 9 117 76 388 543 12 199 8 4 51 30 303 339 0 0 0 0 0 1 1 1 0 1 0 28 15 0 2 1 0 0 76 0 100 144 0 53 0 0 15 5 1 0 0 33 41 0 1 0 1 2 4 0 0 17 0 1 5 28 0 1 76 79 7 124 37 0 4 1 0 0 77 47 4 0 0 0 9 1 1 0 324 61 32 9 0 173 5 2 3 6 59 1 3 22 149 12 14 4 1 1
1499 825 52 6858 15678 6241 259 112 6 49 128 2203 1 3 33 25 58 69 8 8 317 185 9 12 76 5 8 6 1020 7797 9629 1392 372 168 1 2 157 85 38 8 418 12 33 12 1 40 8 35 26 2 28 106 174 140 132 217 1101 173 7 6 88 22 15 19 6 2 100 19 41 30 20 546 250 34 158 37 33 0 84 4 61 0 622 346 926 256 12 14 23 2 43 139 85 26 44 4298 130 173 87 15 60 45 184 275 10 103 3 1 23 23 164 163 0 3 4 0 0 3 2 15 0 5 1 20 11 0 3 1 0 4 44 2 59 72 0 28 1 0 12 5 6 5 3 14 20 1 3 4 11 13 4 0 1 11 0 2 9 15 1 4 29 35 2 54 9 0 3 1 1 1 50 9 5 1 0 7 5 0 9 0 151 39 22 4 2 119 2 6 5 4 34 3 0 7 88 7 18 1 0 2
4073 3490 1522 8565 6241 18217 62 176 23 92 169 13164 0 3 20 9 39 20 7 4 304 183 8 14 60 13 4 1 278 2482 2064 4636 611 103 0 0 96 40 20 6 357 9 21 3 1 20 10 26 11 0 16 61 117 88 72 169 34 103 1 8 55 11 10 12 3 1 69 14 18 17 15 638 231 26 66 20 34 0 69 3 44 2 386 270 665 180 7 5 9 2 21 75 70 30 32 1329 236 84 53 23 131 84 398 518 23 241 6 12 68 47 383 382 0 1 9 0 0 3 1 6 0 4 4 17 18 1 3 1 0 1 59 1 114 120 0 29 0 0 20 7 2 1 5 22 34 0 0 3 9 16 7 0 1 6 0 0 5 31 0 1 39 51 5 82 32 0 1 0 0 0 58 28 6 1 0 1 6 0 4 2 312 42 26 7 4 175 4 3 1 9 37 0 2 17 157 7 17 4 1 6
8960 43 351 9 259 62 15374 11411 893 1835 364 508 0 1 8 4 9 9 1 1 16 4 2 1 11 1 3 1 3098 1905 92 39 30 38 0 0 25 12 9 2 32 3 4 2 1 3 2 4 7 3 57 201 1547 1521 327 26 20 20 0 3 21 1 3 4 4 1 51 3 17 3 9 44 32 14 40 5 28 0 14 7 49 2 704 188 53 22 4 6 2 2 7 92 98 13 17 246 65 11088 5 6 122 13 63 69 3 33 9 3 64 18 79 51 0 0 1 0 1 0 1 5 2 0 0 7 2 0 0 0 0 0 9 0 12 20 0 5 0 0 14 6 0 1 1 9 3 0 0 0 3 2 1 0 1 3 0 1 2 5 1 0 15 12 6 16 3 0 0 0 0 1 13 2 5 2 0 0 0 1 0 0 46 25 11 1 0 22 1 0 1 1 12 1 0 2 21 8 4 0 0 1
18452 138 7879 56 112 176 11411 38672 6035 22715 1333 3831 0 3 8 5 2 10 0 1 15 5 2 1 17 0 9 3 1761 1221 49 37 15 27 0 1 23 2 9 4 170 8 4 2 1 4 5 36 34 9 126 474 1133 1054 403 103 21 15 1 0 7 11 8 4 14 2 172 15 10 52 37 35 20 26 36 21 67 0 14 14 217 13 1532 576 292 50 10 27 27 7 19 350 269 56 60 86 203 2295 9 11 349 19 267 227 8 86 37 23 146 85 282 175 0 0 0 0 0 1 1 1 0 0 0 4 4 0 2 0 0 0 18 1 28 30 0 14 0 0 10 2 0 0 1 6 12 1 1 1 2 1 7 0 2 6 0 0 3 6 1 0 21 26 9 28 10 0 0 0 0 0 27 4 2 0 0 0 5 0 2 0 83 15 18 1 1 28 11 2 3 1 20 0 0 5 96 21 3 1 0 3
178 14 322 13 6 23 893 6035 6051 6553 1453 808 1 0 1 0 0 0 0 0 9 15 0 1 2 1 0 0 63 40 3 14 2 1 0 0 2 1 1 0 10 0 0 0 14 1 0 0 1 45 3 33 145 56 58 3 1 2 0 0 0 1 0 0 0 14 4 0 0 3 2 97 0 42 0 3 147 8 6 16 15 32 42 14 17 2 0 20 7 10 6 7 6 0 1 15 1561 1904 2 0 23 1 27 21 0 11 2 0 11 9 27 21 0 0 0 1 0 0 0 1 0 0 0 0 1 0 0 0 0 0 6 0 1 3 0 2 0 0 0 0 0 0 0 0 0 0 1 0 0 1 0 0 1 0 0 0 2 1 1 1 4 0 0 1 0 0 0 0 0 0 3 1 0 1 1 1 0 0 1 1 10 1 3 0 0 1 0 0 0 0 2 0 0 0 8 5 1 0 0 0
680 90 7079 36 49 92 1835 22715 6553 25877 9025 12447 1 0 1 1 1 1 2 0 30 32 0 1 15 1 2 0 441 122 13 52 14 8 0 0 6 2 1 2 51 2 4 2 1 1 3 7 8 9 35 116 324 226 156 34 4 2 0 1 7 3 4 1 3 5 32 1 4 15 10 417 10 20 9 3 748 0 19 6 60 4 348 147 84 11 3 11 7 4 12 74 61 12 25 47 3111 2492 5 3 523 56 552 474 11 206 72 27 232 169 639 483 0 0 0 0 0 0 0 1 2 0 3 8 8 0 2 0 0 1 22 0 74 38 0 23 0 0 10 10 0 0 0 15 18 0 2 1 3 1 2 0 0 10 1 1 5 19 3 4 40 42 18 45 12 1 0 0 0 2 33 15 5 0 0 1 6 1 0 0 208 20 54 3 1 64 14 1 2 2 34 0 0 14 287 51 10 0 0 1
137 170 296 88 128 169 364 1333 1453 9025 5331 3395 1 0 1 2 8 2 3 4 138 103 5 3 21 2 3 1 102 61 43 329 73 8 0 0 3 4 1 2 91 2 8 13 2 6 2 2 3 2 9 37 103 65 58 34 3 14 0 0 7 2 3 5 0 0 33 2 2 5 3 2470 63 18 17 5 542 1 105 4 20 0 140 113 152 33 6 1 2 1 6 28 28 4 7 120 1638 876 18 2 334 97 691 681 24 330 28 20 193 177 844 675 0 0 1 0 1 0 1 1 3 0 2 17 14 0 3 0 0 0 38 0 102 83 0 17 0 0 14 4 0 2 0 15 32 0 2 2 8 3 3 0 0 5 0 1 4 25 5 8 29 33 11 45 31 1 1 1 0 2 47 13 1 2 0 0 10 0 1 0 286 23 66 2 1 186 17 3 3 7 34 1 0 7 450 27 17 2 0 5
3293 3343 12004 4302 2203 13164 508 3831 808 12447 3395 38351 2 2 14 13 19 19 5 5 335 224 12 8 70 12 5 5 557 1065 708 3229 1188 48 1 0 40 25 10 8 369 12 13 11 5 17 8 20 25 3 41 200 285 198 166 188 21 248 5 3 22 10 8 9 3 0 125 13 14 28 21 1805 248 67 179 13 274 3 134 7 79 2 682 364 681 154 13 18 19 5 19 143 102 37 36 1019 932 571 46 10 625 252 1574 1750 58 739 62 29 334 313 1567 1474 1 0 1 0 1 1 3 4 5 5 10 70 39 1 8 1 0 0 171 2 290 313 4 89 1 0 45 14 2 2 4 69 84 2 3 5 22 3 8 0 0 34 0 4 12 58 11 3 137 153 17 222 60 2 3 1 0 2 173 76 13 1 0 0 13 0 3 0 768 95 127 8 4 443 16 2 4 12 132 2 0 44 772 51 47 6 2 5
0 0 1 1 1 0 0 0 1 1 1 2 5888 0 2 8 172 632 3273 347 0 0 1 1 0 0 3 1 2 1 0 2 8 1 0 0 21 313 12 0 8 6 12 7373 3266 4690 0 8 3 183 0 9 1 3 2 0 1 0 0 0 20 2 4 12 10 2823 4 0 20 1 2 87 45 1595 1 10 446 345 303 11 11 32 2 1 2 0 0 34 35 160 538 6 1 1 10 2 19 1 0 0 1 5 0 0 0 1 0 1 0 0 1 1 6 34 430 9 0 127 12 1339 28 1177 62 3 1 1 2 20 1 47 10 6 1 6 1 4 5 0 19 18 222 27 168 0 6 15 50 68 111 1228 4 3 3 2 0 9 1 1 0 2 1 0 0 4 4 2 219 39 6 612 5 7 5 1 3 93 1 0 76 18 5 14 220 5 26 23 3 7 3 1 4 19 6 2 4 1 0 1 4 3
9 0 0 0 3 3 1 3 0 0 0 2 0 16199 15589 958 1904 26 2 14 18 11 114 254 4 8 1916 800 299 39 7 1 4 15 1307 8369 339 5 58 654 189 6 187 1 0 3 123 0 2 0 0 5 6 18 1 3 148 320 2556 434 5 1 3 260 74 1 121 650 21 3 1 1 1 0 181 6 0 0 1 0 1 0 19 29 24 10 5 0 2 0 2 5 3 2 19 4 0 7 15 101 1 0 0 0 0 0 0 0 0 0 0 0 4 7 0 6 3 34 34 6 33 80 111 12 5 3 7 1 1 9 1 1 1 1 1 3 15 1 24 45 5 38 2 1 4 3 0 0 57 7 17 0 0 0 0 0 0 0 0 0 0 0 0 0 0 5 4 3 1 2 0 2 2 1 1 6 0 0 3 0 1 12 9 2 2 6 0 0 0 0 0 1 1 1 0 0 0 0 0 4
42 1 4 1 33 20 8 8 1 1 1 14 2 15589 24940 16673 2452 1317 50 1130 135 127 1022 595 30 41 4342 4444 690 163 8 13 24 69 427 3267 751 32 367 298 1225 117 831 9 1 79 99 20 57 0 11 12 34 46 19 7 335 459 265 225 205 156 143 594 294 3 283 252 86 77 13 10 10 4 445 82 13 1 7 1 17 0 57 71 65 41 19 5 15 2 84 86 23 59 441 70 4 11 48 191 2 4 1 4 0 3 0 1 0 1 4 3 67 44 13 39 19 97 103 45 240 300 291 108 79 14 68 27 12 77 13 3 2 14 4 25 87 10 116 184 25 314 29 12 40 23 3 5 271 31 143 11 2 1 0 1 3 5 0 4 8 21 2 8 14 50 18 35 5 5 51 33 27 38 5 24 6 2 11 0 10 72 22 45 6 81 0 5 3 17 15 6 16 8 10 0 21 10 9 40
57 3 7 4 25 9 4 5 0 1 2 13 8 958 16673 24742 434 8506 2382 3046 47 52 306 347 24 11 926 4333 1179 198 17 6 21 53 27 383 299 41 2512 21 1058 185 875 16 2 140 66 72 87 2 7 15 54 101 31 16 637 439 102 129 409 185 122 519 895 0 696 356 556 125 46 13 11 19 402 344 8 2 6 0 48 0 105 106 73 63 19 5 27 3 160 182 38 78 506 55 6 16 69 304 0 3 1 2 0 3 1 2 1 0 0 1 130 164 152 58 9 386 40 567 119 1871 158 18 10 15 32 48 22 264 2 4 10 7 5 9 112 8 50 72 127 271 72 2 12 50 16 24 267 145 35 9 4 2 0 8 2 5 0 2 2 8 0 2 3 15 34 32 5 17 4 8 8 7 8 29 3 4 29 4 14 31 62 11 11 31 3 3 2 2 2 10 15 4 13 1 7 5 1 10
38 2 5 3 58 39 9 2 0 1 8 19 172 1904 2452 434 3047 1027 1968 3327 187 229 1135 150 69 65 136 78 229 205 17 37 53 77 74 1232 1436 1089 60 154 427 16 139 511 34 534 125 8 9 5 4 7 16 16 9 6 143 180 64 88 293 24 49 40 21 14 45 50 19 10 8 25 36 189 293 18 9 1 24 1 7 2 32 14 41 17 16 8 12 20 186 15 4 14 101 218 1 10 18 46 11 13 13 7 14 16 0 5 1 1 8 14 147 74 33 91 60 94 339 100 1047 451 798 403 323 73 240 57 29 158 87 46 35 38 9 89 134 34 310 677 67 1072 53 36 151 65 10 14 1068 96 629 12 9 7 1 3 4 27 0 3 27 71 4 42 34 188 39 83 11 22 194 177 84 192 8 52 12 4 33 7 52 289 198 184 22 452 1 0 1 77 58 17 27 26 17 5 131 60 30 179
61 5 2 5 69 20 9 10 0 1 2 19 632 26 1317 8506 1027 23405 3139 3296 55 91 326 679 26 9 605 312 422 235 22 38 120 133 8 112 544 753 3992 17 949 209 2016 444 78 4373 35 232 47 5 6 16 30 29 24 15 188 158 19 55 3865 201 121 1827 351 185 146 57 743 118 155 32 71 325 258 696 10 1 17 1 115 2 61 44 37 35 4 8 35 6 599 186 33 45 375 145 1 17 21 62 11 20 1 6 11 7 1 4 0 0 1 7 68 357 1294 41 16 791 44 3008 122 4531 197 43 32 20 37 174 10 667 38 21 22 14 3 24 67 12 94 110 996 133 849 2 29 55 50 251 496 1177 51 3 8 4 1 21 1 7 2 2 6 12 3 21 29 20 140 164 20 505 20 26 31 18 6 112 7 7 74 13 22 85 407 34 28 96 5 4 5 6 8 14 11 30 14 2 16 3 2 29
5 4 0 1 8 7 1 0 0 2 3 5 3273 2 50 2382 1968 3139 48463 17581 15 23 55 71 12 9 192 51 16 11 1 12 71 39 7 6 256 3687 18 15 83 15 137 8436 320 3199 11 23 7 37 1 6 2 4 3 1 4 9 2 1 117 27 22 91 26 358 2 4 12 14 12 33 105 3512 29 27 12 25 39 5 16 14 6 5 7 1 0 23 31 94 947 22 3 6 74 32 4 2 0 1 9 8 0 4 4 7 0 13 1 2 4 7 329 394 761 218 46 1597 255 2239 712 8550 1385 139 82 53 139 126 62 717 20 18 18 23 3 14 415 24 268 388 232 922 106 12 67 118 61 126 1687 434 195 22 18 7 0 12 3 9 0 1 12 16 0 10 8 66 78 92 15 209 37 40 23 25 3 83 10 9 136 26 71 186 1254 21 46 346 3 5 9 15 22 33 28 15 39 3 18 16 10 36
11 0 0 0 8 4 1 1 0 0 4 5 347 14 1130 3046 3327 3296 17581 6474 60 46 212 218 18 50 143 22 33 32 2 7 13 23 12 3 439 787 21 84 182 27 270 799 59 744 25 9 26 7 1 1 2 2 2 1 17 13 7 9 629 54 72 46 3 28 6 4 11 30 5 11 34 219 47 24 8 3 15 2 6 3 4 6 4 4 3 1 8 7 209 23 4 13 161 48 1 1 1 5 4 7 2 1 3 5 0 6 0 2 6 12 221 200 53 161 33 141 198 117 610 935 561 226 133 64 200 91 59 332 29 22 29 18 2 14 322 38 120 278 56 1173 64 13 59 105 14 26 647 105 306 18 15 8 4 6 4 17 0 6 5 35 1 18 9 97 31 91 8 31 68 71 17 51 8 60 11 11 40 4 58 151 171 38 19 299 1 2 5 36 15 17 40 20 24 3 58 25 15 55
146 59 46 78 317 304 16 15 9 30 138 335 0 18 135 47 187 55 15 60 12881 10087 2660 235 1190 697 128 11 82 258 160 277 289 557 9 21 369 298 46 328 1119 37 230 77 0 35 261 12 12 2 1 9 15 4 10 3276 59 218 74 134 67 30 146 54 16 0 37 195 59 32 1 581 294 27 685 7 441 1 131 0 8 0 409 41 4789 416 128 0 4 1 23 32 5 14 187 221 295 42 472 193 7 6 13 14 0 7 0 0 3 3 15 14 0 0 2 2 4 0 29 6 40 8 33 26 13 1 14 2 0 3 10 1 10 6 4 20 2 1 96 92 5 19 5 1 21 0 0 1 96 10 33 0 0 1 0 0 1 5 0 1 10 5 3 7 5 2 2 4 1 0 20 10 23 10 0 1 1 2 2 1 31 40 14 30 1 35 0 0 0 4 4 0 1 2 5 0 10 3 1 15
64 15 15 27 185 183 4 5 15 32 103 224 0 11 127 52 229 91 23 46 10087 22571 4990 1042 6964 3281 510 11 102 161 70 250 453 975 29 29 448 453 50 2756 1104 103 1066 129 0 59 589 35 43 1 5 17 27 33 28 360 46 296 130 243 114 183 412 205 39 2 107 236 74 91 18 614 413 30 700 16 427 0 175 3 27 1 344 234 4856 1764 160 9 8 2 45 70 23 50 661 179 277 34 1845 200 3 2 8 17 3 5 0 0 2 2 8 13 2 4 1 2 15 9 46 8 51 15 60 25 17 1 17 4 0 8 8 4 9 11 6 37 1 2 126 145 9 32 9 4 14 2 0 0 129 18 47 1 1 3 0 1 1 3 0 0 13 10 2 7 8 9 7 7 3 1 22 6 16 18 0 6 0 0 6 1 20 69 26 27 0 45 0 1 1 6 10 1 2 10 8 3 7 4 2 13
8 3 2 2 9 8 2 2 0 0 5 12 1 114 1022 306 1135 326 55 212 2660 4990 6996 8329 804 3493 504 18 21 15 4 21 223 333 34 177 1299 320 129 2602 8730 781 1583 40 0 95 530 6 125 1 5 2 9 6 28 37 6 33 58 83 184 55 74 50 9 1 34 52 26 29 5 28 78 12 45 31 17 0 15 1 12 0 55 58 85 73 30 1 13 0 54 181 21 45 310 24 6 0 46 5 0 1 1 3 0 0 0 0 0 1 0 0 2 3 2 3 3 3 15 13 29 17 42 12 7 1 5 2 0 2 3 0 1 5 0 1 4 1 24 36 6 33 7 1 6 1 1 0 51 11 19 2 0 1 1 0 1 1 0 0 1 1 0 1 2 6 2 3 1 1 3 4 3 3 1 4 0 0 1 1 1 11 5 8 1 11 0 1 1 4 1 1 2 1 1 0 5 2 0 5
15 3 5 3 12 14 1 1 1 1 3 8 1 254 595 347 150 679 71 218 235 1042 8329 15784 577 2269 4550 92 105 29 6 5 6 26 295 182 75 36 85 2429 2614 2746 2479 13 0 204 1521 11 202 1 7 12 39 67 27 34 29 20 254 36 181 41 46 40 7 0 278 175 8 38 16 8 19 2 44 27 11 0 4 1 23 1 120 317 275 271 141 5 16 4 90 281 23 56 396 15 5 2 169 31 0 0 0 0 0 1 0 0 0 0 0 0 2 4 5 5 7 10 26 33 25 34 61 6 1 3 1 3 0 6 1 0 0 2 1 1 2 1 10 36 8 11 8 1 3 1 0 1 33 15 4 1 1 1 0 1 0 0 1 0 1 2 0 0 0 1 4 5 0 3 2 0 2 4 1 5 0 1 3 0 1 2 4 3 1 5 1 1 1 1 0 5 0 0 0 0 1 0 0 1
70 15 12 12 76 60 11 17 2 15 21 70 0 4 30 24 69 26 12 18 1190 6964 804 577 8330 582 384 13 293 59 49 72 114 211 19 5 143 203 34 4155 331 34 613 129 0 22 4426 30 18 0 6 40 106 200 32 172 113 105 42 59 48 93 255 230 40 1 1083 126 76 57 14 200 183 18 247 9 120 0 94 2 25 0 524 1100 2577 3065 2467 1 11 0 26 64 38 29 377 57 66 8 4643 583 3 4 3 5 0 2 0 0 0 1 1 4 1 1 0 1 11 4 37 11 36 5 34 20 6 5 10 1 0 2 8 0 3 6 4 21 0 3 158 156 3 16 4 4 16 0 1 0 129 19 32 1 1 2 0 1 1 4 0 0 5 2 1 4 4 8 14 3 2 2 7 5 14 6 0 4 1 1 1 1 4 65 15 14 0 12 1 0 1 4 11 3 0 2 0 1 6 5 1 10
6 0 0 3 5 13 1 0 1 1 2 12 0 8 41 11 65 9 9 50 697 3281 3493 2269 582 1959 1974 3 20 5 4 13 31 79 21 12 56 52 6 5571 445 48 173 10 0 7 267 3 15 0 2 1 5 18 6 29 7 15 18 27 16 15 13 14 0 0 50 18 2 17 2 26 38 0 22 3 20 0 12 0 3 0 46 52 157 61 13 1 1 0 4 17 3 8 71 8 12 3 41 2 0 0 0 0 0 1 0 0 0 1 0 0 0 0 0 3 2 0 13 0 13 5 24 1 3 1 1 1 0 2 0 0 0 0 0 0 0 2 11 19 1 7 1 0 3 0 1 0 23 1 7 0 0 0 0 0 0 0 0 0 0 0 0 0 1 2 0 2 0 0 0 0 0 1 1 2 1 0 0 0 2 5 0 0 0 1 0 0 0 1 2 1 0 0 1 0 0 0 0 1
18 7 7 2 8 4 3 9 0 2 3 5 3 1916 4342 926 136 605 192 143 128 510 504 4550 384 1974 19852 7930 383 21 9 5 13 31 3414 883 95 15 127 5660 235 61 1342 7 0 40 1618 9 15 2 5 21 56 128 26 32 139 137 701 153 18 6 23 1376 620 4 731 610 20 11 8 9 18 7 87 5 2 0 4 0 15 0 180 483 227 445 163 1 5 0 10 42 17 15 73 4 1 5 305 113 0 0 0 0 0 0 0 0 0 0 0 1 9 8 13 11 6 61 28 138 37 166 102 15 8 5 7 2 1 19 1 3 0 4 0 7 11 1 26 36 30 30 7 2 9 4 0 0 60 17 18 2 1 1 0 0 0 1 0 0 1 0 0 2 1 8 4 5 0 0 2 5 3 3 1 4 2 0 1 0 2 11 6 2 0 10 0 0 0 0 0 3 1 1 0 0 1 0 0 3
13 4 2 0 6 1 1 3 0 0 1 5 1 800 4444 4333 78 312 51 22 11 11 18 92 13 3 7930 11073 632 9 5 0 1 13 330 346 54 3 2337 113 74 18 171 1 0 44 178 7 4 0 4 10 43 100 15 8 311 179 206 125 6 4 17 1372 2820 0 650 490 65 4 3 3 5 3 99 14 1 0 2 1 3 0 96 142 45 103 18 0 1 1 7 23 8 6 26 4 0 4 102 211 0 0 0 0 0 1 0 0 0 0 0 1 5 17 36 8 2 65 7 224 20 231 44 2 2 2 3 2 2 15 0 1 0 4 0 2 12 0 10 20 40 15 19 0 4 3 0 3 36 56 6 0 0 0 0 0 0 0 0 0 0 0 0 1 3 4 13 6 1 1 2 1 0 1 0 6 0 0 3 0 2 6 5 1 1 7 1 0 1 0 0 1 0 3 1 0 0 1 0 0
12170 399 687 86 1020 278 3098 1761 63 441 102 557 2 299 690 1179 229 422 16 33 82 102 21 105 293 20 383 632 42063 10355 1522 321 366 833 43 92 711 164 1265 192 214 32 258 21 7 80 170 387 23 6 50 206 2898 8408 366 38 5728 507 235 186 284 524 1076 288 902 1 5306 797 2604 247 128 494 403 272 3097 377 339 7 258 14 116 7 981 961 232 108 1390 5 16 1 55 162 84 58 329 1703 267 5020 296 2275 70 46 134 165 12 66 4 5 23 12 66 85 2 4 26 0 0 9 2 78 13 33 8 43 33 3 12 7 0 20 88 5 74 213 17 144 3 0 164 51 52 18 45 68 63 6 6 5 53 122 22 3 7 36 0 5 31 95 1 7 139 130 18 102 66 0 23 11 3 6 180 83 43 7 0 43 29 4 45 6 297 294 130 34 15 228 0 2 2 16 131 9 6 47 52 7 36 8 2 13
8272 859 103 778 7797 2482 1905 1221 40 122 61 1065 1 39 163 198 205 235 11 32 258 161 15 29 59 5 21 9 10355 19371 8247 838 356 629 2 19 543 210 236 8 471 20 111 7 4 81 13 88 55 10 135 291 515 650 304 263 7514 240 31 90 252 96 53 43 43 1 650 93 221 101 62 259 168 40 842 123 35 0 60 11 190 5 1245 694 1002 255 42 40 57 7 64 293 239 83 107 4710 77 606 69 184 62 26 111 153 8 56 2 4 17 13 101 104 1 4 10 1 1 1 1 22 6 15 6 15 12 1 5 4 0 7 28 1 38 58 2 27 1 0 20 16 27 3 22 10 25 2 2 2 18 30 1 1 4 6 0 2 3 13 2 1 22 35 3 39 8 0 6 6 2 3 22 22 7 1 1 7 3 2 11 2 132 42 37 11 4 79 8 5 9 4 23 4 5 5 58 7 8 0 0 3
557 107 19 2160 9629 2064 92 49 3 13 43 708 0 7 8 17 17 22 1 2 160 70 4 6 49 4 9 5 1522 8247 13044 210 50 105 0 0 63 30 22 3 401 7 19 0 1 7 6 21 23 4 27 92 101 107 116 239 10507 54 12 16 16 10 14 6 10 2 469 20 25 20 17 38 24 11 1949 16 12 0 8 2 72 1 478 325 919 316 24 23 23 3 19 127 75 30 41 1364 25 85 70 4234 16 14 52 50 0 20 1 0 5 1 35 39 0 1 1 0 0 2 0 3 2 0 1 5 7 0 0 0 0 0 16 1 14 23 1 8 0 0 2 2 1 0 0 1 5 0 0 1 3 2 2 1 1 3 0 2 5 1 0 1 10 6 0 15 4 0 3 0 0 0 8 5 2 0 0 1 0 0 3 1 51 12 11 2 0 25 2 0 6 0 10 1 0 2 11 2 0 0 0 0
405 48 17 77 1392 4636 39 37 14 52 329 3229 2 1 13 6 37 38 12 7 277 250 21 5 72 13 5 0 321 838 210 9349 6928 1705 0 3 89 78 12 7 197 1 14 18 4 41 8 15 12 1 12 70 109 122 51 63 64 3240 1 112 36 7 7 6 0 0 92 8 13 16 9 5295 1019 25 2199 18 73 1 321 0 29 1 224 178 324 85 9 4 8 2 28 47 57 12 22 9971 209 56 26 5 29 16 79 77 5 35 4 1 16 8 92 88 0 0 1 0 1 0 7 6 6 1 2 9 8 0 1 2 0 0 13 0 19 21 0 10 0 0 25 29 6 2 4 4 9 0 0 0 29 7 7 1 0 4 0 0 2 5 0 1 13 11 1 10 7 3 4 1 0 0 24 6 5 0 0 1 1 1 1 0 54 27 18 9 1 46 2 0 0 3 13 1 1 4 45 1 2 1 0 4
124 23 15 16 372 611 30 15 2 14 73 1188 8 4 24 21 53 120 71 13 289 453 223 6 114 31 13 1 366 356 50 6928 11047 5347 1 2 950 4270 4 30 164 4 12 91 5 147 42 11 4 3 19 54 99 98 50 32 139 1264 47 356 90 3 8 7 4 2 70 69 6 13 4 1775 821 50 1457 7 45 3 74 3 29 0 150 113 176 42 19 3 2 3 64 47 31 7 16 3508 48 26 24 21 20 21 28 33 8 14 0 0 4 0 28 22 4 5 3 3 11 6 29 12 58 19 42 72 71 5 14 1 1 9 44 5 34 68 14 120 3 2 266 176 7 71 4 31 52 2 5 2 189 10 149 1 3 11 0 0 18 30 0 5 67 42 7 26 33 15 7 13 2 0 113 56 100 30 1 5 17 3 5 3 76 294 77 113 0 74 2 0 0 16 67 1 6 25 15 4 52 5 9 66
127 15 14 11 168 103 38 27 1 8 8 48 1 15 69 53 77 133 39 23 557 975 333 26 211 79 31 13 833 629 105 1705 5347 11992 17 46 5036 2686 36 52 283 5 26 19 0 76 129 8 12 2 32 127 211 209 96 64 434 4191 975 5624 84 10 7 14 9 4 204 1424 17 14 9 137 184 22 3845 15 14 2 24 3 52 1 341 235 331 109 29 6 6 1 15 85 59 20 17 1249 13 28 68 138 12 8 12 11 6 9 1 0 3 0 5 13 3 0 3 1 15 4 12 17 44 13 27 66 55 6 13 0 1 7 37 8 33 51 19 103 6 2 215 149 5 49 4 25 51 2 2 1 128 12 92 5 4 11 2 0 5 39 0 13 38 41 2 23 33 8 10 6 5 0 91 35 85 32 2 4 36 4 3 0 44 242 49 97 0 66 0 1 1 24 46 3 7 20 7 0 31 15 4 47
2 1 1 0 1 0 0 0 0 0 0 1 0 1307 427 27 74 8 7 12 9 29 34 295 19 21 3414 330 43 2 0 0 1 17 2782 2428 66 2 8 1118 10 7 135 0 0 4 1489 2 1 0 0 1 3 4 2 1 32 83 1424 254 4 2 7 79 7 0 60 238 2 2 0 1 1 1 30 0 0 0 0 0 0 0 12 20 12 20 13 1 0 0 1 2 0 1 16 0 0 0 11 20 0 0 0 0 0 0 0 0 0 0 0 1 0 3 1 3 4 8 24 2 32 27 83 8 10 1 7 1 1 3 0 0 2 0 0 1 4 3 13 41 5 15 4 0 3 1 0 0 36 5 12 0 0 0 0 0 0 0 1 1 2 3 0 0 0 0 5 2 0 0 4 4 2 5 0 2 0 0 3 0 1 1 8 1 1 6 0 0 1 1 2 0 1 1 1 0 1 1 0 2
3 0 5 0 2 0 0 1 0 0 0 0 0 8369 3267 383 1232 112 6 3 21 29 177 182 5 12 883 346 92 19 0 3 2 46 2428 2282 315 2 170 776 86 2 106 2 0 4 452 0 0 0 0 1 8 13 4 4 57 136 2361 597 5 4 20 170 127 0 46 382 52 4 2 1 1 0 87 3 0 0 3 0 1 0 11 13 14 8 1 0 0 0 0 5 0 0 9 2 0 3 10 37 2 1 1 1 2 1 0 1 0 0 0 0 2 1 2 3 0 4 24 10 62 15 47 26 37 2 24 2 1 5 5 0 0 3 0 8 9 5 28 60 4 43 7 2 15 3 0 0 57 9 30 2 1 0 0 0 1 0 0 0 3 3 1 1 2 15 2 3 0 1 15 6 7 5 1 5 0 1 0 0 4 11 3 20 0 16 0 0 0 4 7 0 2 1 0 1 11 4 0 12
116 6 8 12 157 96 25 23 2 6 3 40 21 339 751 299 1436 544 256 439 369 448 1299 75 143 56 95 54 711 543 63 89 950 5036 66 315 5918 2163 72 113 352 9 58 52 9 184 310 3 3 4 9 32 51 54 22 36 522 1486 1220 2324 138 5 22 22 29 5 140 927 21 9 2 45 50 39 1313 9 8 1 19 3 14 0 101 88 145 52 28 3 5 2 47 32 17 8 36 559 6 22 69 157 13 13 7 13 12 14 1 1 1 1 7 14 21 10 2 14 28 24 115 33 353 98 245 210 188 20 86 20 7 38 66 17 30 60 17 123 33 16 312 388 33 308 24 32 119 17 1 4 464 37 350 7 2 6 3 2 9 27 1 5 43 51 3 22 32 66 17 28 3 2 158 84 133 101 3 15 12 0 6 2 31 286 77 197 2 175 1 0 8 60 54 3 15 37 5 4 87 34 9 126
49 4 4 7 85 40 12 2 1 2 4 25 313 5 32 41 1089 753 3687 787 298 453 320 36 203 52 15 3 164 210 30 78 4270 2686 2 2 2163 12123 8 42 143 4 57 2758 69 990 142 20 7 9 3 18 36 38 21 26 106 228 33 238 269 16 13 19 3 45 42 56 14 10 9 271 2065 413 410 28 14 10 41 4 17 5 68 60 109 26 46 5 15 27 392 26 9 6 34 325 1 9 28 28 13 24 8 10 10 13 1 4 0 5 4 13 32 27 26 36 26 84 176 124 420 312 411 265 216 37 123 25 13 65 86 29 45 71 16 129 42 11 501 505 39 389 30 39 136 31 17 14 836 90 431 10 8 13 2 1 15 36 2 9 77 73 8 36 41 79 31 31 9 17 198 102 147 107 6 27 19 11 44 13 56 494 286 226 19 283 2 2 0 74 85 6 20 29 15 7 109 38 16 138
59 3 6 3 38 20 9 9 1 1 1 10 12 58 367 2512 60 3992 18 21 46 50 129 85 34 6 127 2337 1265 236 22 12 4 36 8 170 72 8 12176 13 281 100 413 1 7 409 127 287 28 3 15 19 77 138 30 13 608 256 94 111 9139 290 194 838 1990 7 1017 340 6128 100 193 6 7 4 304 2964 7 1 6 0 129 0 147 226 100 138 30 9 27 7 309 107 22 28 148 88 1 21 154 335 2 18 1 2 1 5 0 1 0 0 2 1 3 46 306 10 9 65 17 894 29 290 52 9 11 8 10 103 1 128 28 13 11 6 3 26 5 2 37 53 533 31 621 1 13 41 49 43 90 1278 35 8 4 3 1 12 1 4 2 2 5 9 2 11 11 13 339 149 14 73 14 20 24 16 5 279 8 1 81 12 4 27 12 19 45 16 1 2 3 6 8 12 4 16 2 1 8 2 7 10
11 1 6 3 8 6 2 4 0 2 2 8 0 654 298 21 154 17 15 84 328 2756 2602 2429 4155 5571 5660 113 192 8 3 7 30 52 1118 776 113 42 13 6235 193 51 545 28 0 16 7722 3 10 0 6 20 40 125 19 34 48 43 523 101 11 22 44 69 10 0 445 196 8 14 4 21 47 4 42 5 9 0 14 0 8 1 165 410 300 364 185 2 6 0 9 24 26 6 163 5 13 1 227 43 0 2 0 1 0 0 0 0 0 0 0 1 3 0 1 12 5 20 60 3 81 39 165 20 11 5 13 2 2 11 1 1 5 4 1 5 10 4 55 102 16 48 0 1 11 7 0 0 113 9 28 1 1 1 0 0 0 1 0 0 1 0 0 2 1 11 3 4 2 1 7 1 1 6 1 5 0 1 1 0 3 16 11 9 3 15 0 0 1 2 2 1 1 3 0 0 2 0 0 6
571 234 222 138 418 357 32 170 10 51 91 369 8 189 1225 1058 427 949 83 182 1119 1104 8730 2614 331 445 235 74 214 471 401 197 164 283 10 86 352 143 281 193 13551 5969 1794 43 13 300 178 216 2111 34 175 115 83 23 852 1181 108 160 56 68 471 158 93 59 34 14 96 160 99 151 160 339 139 29 574 413 251 2 113 4 238 17 904 117 721 155 105 122 394 47 661 2875 355 410 1179 250 169 31 112 236 13 11 26 29 3 21 2 0 7 2 27 25 1 0 11 0 3 7 10 24 32 18 14 20 17 0 8 1 0 4 18 5 16 35 2 28 2 1 65 44 7 7 3 11 17 5 8 0 50 34 27 10 10 4 0 9 3 11 2 23 16 25 4 17 12 3 14 7 2 5 36 11 12 10 3 18 3 5 40 4 71 68 20 15 6 52 17 18 39 2 26 22 11 13 16 0 7 4 2 15
31 3 7 1 12 9 3 8 0 2 2 12 6 6 117 185 16 209 15 27 37 103 781 2746 34 48 61 18 32 20 7 1 4 5 7 2 9 4 100 51 5969 7123 9035 16 19 237 39 39 2207 7 21 9 16 3 77 30 9 6 3 2 455 62 23 12 9 9 32 5 60 49 28 4 6 2 12 120 2 0 1 0 53 2 73 15 27 15 9 16 66 10 471 1121 77 129 576 11 3 1 10 8 0 1 0 0 0 1 0 0 0 0 1 1 0 1 2 1 0 2 1 9 1 5 4 0 0 0 1 0 0 1 3 0 1 1 0 0 0 0 4 3 7 1 10 0 0 0 10 0 4 32 0 1 2 0 0 1 1 0 1 2 0 0 0 0 0 1 11 8 0 3 2 2 1 1 2 6 0 2 18 1 1 3 3 1 3 3 0 5 4 0 0 7 0 1 0 0 0 1 0 0
46 14 14 3 33 21 4 4 0 4 8 13 12 187 831 875 139 2016 137 270 230 1066 1583 2479 613 173 1342 171 258 111 19 14 12 26 135 106 58 57 413 545 1794 9035 10094 84 94 1771 886 80 2236 8 30 23 57 118 74 58 66 33 167 26 3264 150 295 3204 179 43 491 225 361 102 51 27 29 3 46 270 11 0 9 0 50 3 209 481 331 421 152 10 69 26 2827 869 67 153 4496 47 3 1 267 35 0 4 0 0 0 0 0 0 0 0 0 0 3 4 42 7 4 16 21 151 19 53 46 6 7 5 2 4 0 9 7 5 2 6 1 4 4 3 21 33 70 13 57 2 5 8 42 8 47 292 9 5 4 0 0 11 1 0 0 6 0 0 0 0 0 1 91 49 7 28 2 7 5 4 9 106 1 2 130 20 5 15 8 6 57 9 2 3 3 1 1 21 5 5 3 2 0 1 1 4
12 4 3 2 12 3 2 2 0 2 13 11 7373 1 9 16 511 444 8436 799 77 129 40 13 129 10 7 1 21 7 0 18 91 19 0 2 52 2758 1 28 43 16 84 9799 2434 1298 78 34 13 675 2 79 12 16 6 6 2 2 5 1 95 19 9 13 5 312 6 13 20 10 30 308 3166 2732 9 35 924 1993 4072 90 52 263 18 11 37 15 30 174 119 442 1326 28 5 10 40 25 22 2 9 2 11 20 5 20 6 19 0 14 2 3 9 21 32 36 122 25 33 154 178 300 521 772 492 258 228 31 134 20 14 67 54 20 28 60 19 108 54 18 637 542 61 405 36 31 122 23 56 18 1186 234 348 7 14 9 2 10 22 28 12 20 30 63 4 30 33 64 60 69 9 74 169 70 105 85 15 76 14 2 143 24 73 615 803 161 36 433 2 19 16 64 80 44 18 29 27 5 106 31 19 173
1 1 0 0 1 1 1 1 14 1 2 5 3266 0 1 2 34 78 320 59 0 0 0 0 0 0 0 0 7 4 1 4 5 0 0 0 9 69 7 0 13 19 94 2434 8763 1893 0 36 10 4739 2 45 3 0 2 0 1 0 0 0 46 35 32 2 55 1844 1 0 200 18 27 151 57 156 0 116 1769 787 729 61 99 295 5 2 4 1 0 487 389 2688 3104 16 8 9 93 0 248 13 1 1 4 2 1 2 0 0 0 1 0 2 0 2 0 2 132 1 2 4 1 63 9 28 9 0 2 0 0 8 0 4 7 13 2 1 0 10 2 2 15 9 68 4 88 3 2 22 296 18 43 1084 1 25 54 2 0 66 4 1 7 15 5 1 0 3 2 1 314 110 29 196 4 15 12 0 33 324 8 8 754 117 5 16 21 5 206 14 12 129 56 0 1 212 22 4 4 0 1 0 0 1
31 5 6 4 40 20 3 4 1 1 6 17 4690 3 79 140 534 4373 3199 744 35 59 95 204 22 7 40 44 80 81 7 41 147 76 4 4 184 990 409 16 300 237 1771 1298 1893 14463 23 51 51 170 7 12 21 26 37 10 31 41 7 5 2212 47 61 1062 171 2079 43 9 153 32 30 81 179 522 88 79 71 12 75 0 22 6 61 48 35 30 6 21 45 335 6700 167 11 22 321 157 7 2 16 7 15 48 2 3 12 16 1 11 0 2 3 5 21 202 2028 33 10 193 36 2089 162 1527 195 39 22 14 17 381 5 473 81 76 34 16 5 36 31 12 94 129 1465 115 2093 15 29 147 425 397 555 5099 75 22 20 9 1 42 1 8 0 4 15 31 1 21 35 32 933 753 70 1622 47 98 93 32 15 808 9 9 442 43 23 58 205 55 157 115 5 22 16 26 15 59 28 61 31 5 10 14 10 17
11 2 4 0 8 10 2 5 0 3 2 8 0 123 99 66 125 35 11 25 261 589 530 1521 4426 267 1618 178 170 13 6 8 42 129 1489 452 310 142 127 7722 178 39 886 78 0 23 3685 14 14 0 6 21 49 114 14 24 47 102 1480 259 38 20 124 446 127 0 530 3868 80 11 6 12 67 3 78 5 9 1 18 2 11 0 153 386 204 437 3152 3 2 0 11 26 11 4 187 6 6 4 334 63 1 3 1 1 0 1 0 0 0 0 0 1 4 3 0 4 14 15 89 8 119 22 185 33 31 5 22 3 0 11 2 4 3 9 0 12 13 3 115 219 16 73 9 5 19 3 0 0 199 20 62 2 1 0 0 0 2 3 0 0 5 10 1 6 4 27 8 9 4 1 14 5 12 13 0 7 1 0 2 0 1 33 13 31 2 21 0 0 2 5 5 0 3 2 1 0 16 5 0 17
62 14 19 5 35 26 4 36 0 7 2 20 8 0 20 72 8 232 23 9 12 35 6 11 30 3 9 7 387 88 21 15 11 8 2 0 3 20 287 3 216 39 80 34 36 51 14 18716 240 224 22 27 47 65 27 12 113 15 5 2 524 13282 1251 198 159 28 316 13 6024 2216 3973 14 11 5 33 9080 18 3 5 5 1281 110 83 116 47 74 16 789 2854 117 1641 525 76 317 351 46 11 8 39 42 0 5 2 1 0 2 0 3 0 1 1 1 1 4 33 1 0 15 5 16 14 32 7 8 6 5 14 13 2 9 17 18 5 1 1 4 3 2 18 10 25 32 11 7 6 115 319 50 78 205 18 423 874 14 10 1274 15 17 40 237 5 3 1 1 5 2 48 379 290 53 9 22 18 6 647 459 100 176 2321 302 12 20 20 10 711 76 461 628 1336 4 2 2173 562 6 9 0 1 1 4 6
92 23 27 12 26 11 7 34 1 8 3 25 3 2 57 87 9 47 7 26 12 43 125 202 18 15 15 4 23 55 23 12 4 12 1 0 3 7 28 10 2111 2207 2236 13 10 51 14 240 10832 13 95 40 29 4 79 31 6 10 0 2 131 247 86 9 5 10 9 7 25 155 114 14 4 6 10 333 12 0 5 6 124 5 92 27 15 21 10 74 464 45 545 7245 542 2314 9352 7 9 7 6 15 2 0 0 0 0 0 0 0 0 1 0 1 0 0 1 1 0 2 2 3 1 0 0 1 0 0 2 0 0 0 1 0 0 1 1 4 0 0 3 1 0 0 1 0 1 1 8 0 5 20 2 6 12 0 1 10 1 0 2 10 0 0 0 1 0 0 4 0 4 0 0 2 2 1 3 11 0 2 42 12 4 6 3 2 16 8 4 17 14 0 0 21 6 0 1 0 2 0 0 0
9 3 3 1 2 0 3 9 45 9 2 3 183 0 0 2 5 5 37 7 2 1 1 1 0 0 2 0 6 10 4 1 3 2 0 0 4 9 3 0 34 7 8 675 4739 170 0 224 13 16179 19 1308 7 3 14 0 1 0 0 0 8 86 19 1 3 998 5 0 37 38 95 81 23 582 4 203 2342 731 509 1742 648 8140 9 3 1 2 2 4882 1680 6637 1698 55 9 10 39 2 871 46 1 3 2 4 2 6 0 3 1 1 1 2 7 4 0 0 12 2 0 5 1 10 3 9 2 1 0 2 2 1 0 1 4 2 0 2 0 0 0 0 9 1 5 5 3 7 0 21 125 11 29 81 1 100 244 5 0 242 129 13 109 185 2 2 0 2 0 1 3 36 30 40 2 1 5 1 91 72 22 36 853 73 12 12 11 1 178 19 110 1106 515 0 0 878 84 0 10 1 0 0 1 1
241 40 56 16 28 16 57 126 3 35 9 41 0 0 11 7 4 6 1 1 1 5 5 7 6 2 5 4 50 135 27 12 19 32 0 0 9 3 15 6 175 21 30 2 2 7 6 22 95 19 11663 11088 280 30 504 47 13 28 2 4 12 18 23 9 9 11 15 9 22 184 23 31 21 16 64 18 39 1 6 250 669 38 585 47 36 24 22 26 47 12 54 4667 4522 147 109 17 27 20 16 20 1 1 4 4 1 2 0 0 1 1 3 2 0 0 0 0 0 0 0 1 0 0 0 4 0 0 0 0 0 0 4 0 3 8 1 9 0 0 10 3 1 0 0 1 6 0 2 0 6 1 3 4 2 0 0 2 87 6 46 181 2 1 2 2 0 0 1 1 0 0 6 4 3 1 1 2 12 15 3 0 18 13 6 2 1 11 16 7 46 1 0 6 2 1 3 0 1 0 1 0
675 106 216 44 106 61 201 474 33 116 37 200 9 5 12 15 7 16 6 1 9 17 2 12 40 1 21 10 206 291 92 70 54 127 1 1 32 18 19 20 115 9 23 79 45 12 21 27 40 1308 11088 27334 683 93 1187 35 36 127 7 14 28 12 29 17 17 340 39 60 46 116 57 120 80 534 224 17 799 125 129 14097 4555 2083 1213 102 74 59 49 565 113 75 47 1502 3526 51 63 65 506 85 18 59 12 4 11 8 5 7 1 4 1 6 11 10 0 0 0 0 2 0 1 1 3 2 0 7 3 2 5 0 0 1 21 0 13 41 1 49 0 0 47 12 3 3 1 7 9 0 10 4 19 5 7 27 36 3 0 32 2153 369 2064 1695 29 10 0 11 12 0 0 2 2 29 17 9 22 6 2 8 98 74 68 1 65 89 39 19 7 77 309 142 743 4 4 75 24 9 34 3 7 1 0 2
1424 138 317 72 174 117 1547 1133 145 324 103 285 1 6 34 54 16 30 2 2 15 27 9 39 106 5 56 43 2898 515 101 109 99 211 3 8 51 36 77 40 83 16 57 12 3 21 49 47 29 7 280 683 12685 9745 9444 23 132 196 18 29 36 31 147 55 93 4 512 123 162 41 11 170 150 76 395 35 183 2 117 35 107 9 2348 420 67 82 185 8 16 8 15 275 220 21 91 132 235 4560 98 164 37 14 51 64 2 19 5 2 13 9 33 35 0 1 2 0 4 2 2 10 7 2 1 29 20 2 7 0 0 1 47 2 31 86 15 77 0 1 108 50 4 8 4 28 27 0 3 1 37 8 29 0 1 13 0 0 4 8 1 2 39 41 2 43 22 4 6 2 0 0 76 41 36 5 1 1 1 0 1 0 122 181 50 28 0 67 0 0 3 5 45 0 1 18 22 4 21 4 2 14
1536 137 259 43 140 88 1521 1054 56 226 65 198 3 18 46 101 16 29 4 2 4 33 6 67 200 18 128 100 8408 650 107 122 98 209 4 13 54 38 138 125 23 3 118 16 0 26 114 65 4 3 30 93 9745 12205 575 3 252 183 17 26 21 95 316 123 178 2 3119 146 387 39 9 197 187 100 465 30 154 2 108 2 23 2 1064 6129 47 107 406 4 1 1 11 29 31 13 150 181 129 2761 233 373 24 21 33 57 2 18 1 4 7 6 20 29 0 0 4 0 1 0 4 6 5 3 6 25 21 2 6 0 1 0 42 3 18 73 6 70 0 0 114 51 8 8 10 23 28 2 4 1 30 19 20 0 1 14 0 0 4 17 1 0 38 48 2 36 21 1 6 4 0 1 62 27 30 7 0 4 1 0 3 1 105 124 72 24 2 76 1 1 0 3 53 0 1 10 19 4 13 2 1 7
667 113 175 59 132 72 327 403 58 156 58 166 2 1 19 31 9 24 3 2 10 28 28 27 32 6 26 15 366 304 116 51 50 96 2 4 22 21 30 19 852 77 74 6 2 37 14 27 79 14 504 1187 9444 575 26045 230 41 87 5 8 43 27 38 14 18 4 73 44 55 26 15 96 66 36 166 37 84 0 41 34 149 5 6473 94 53 42 42 17 39 6 74 996 279 29 93 63 104 1134 23 53 14 12 16 23 4 10 0 1 6 3 14 8 0 0 0 0 1 1 1 4 5 0 1 19 5 1 1 0 0 0 19 3 7 34 1 36 0 0 48 15 1 4 3 7 13 2 1 0 15 6 3 1 1 4 0 2 1 2 2 5 19 18 2 15 10 2 5 0 0 2 41 16 2 1 1 1 0 2 2 3 61 73 20 9 0 35 1 2 5 1 14 1 1 4 6 2 13 2 0 3
366 143 120 74 217 169 26 103 3 34 34 188 0 3 7 16 6 15 1 1 3276 360 37 34 172 29 32 8 38 263 239 63 32 64 1 4 36 26 13 34 1181 30 58 6 0 10 24 12 31 0 47 35 23 3 230 2503 36 38 6 8 19 20 42 21 17 0 45 22 31 17 10 85 29 9 182 13 48 0 29 1 27 1 5502 95 2722 166 36 7 19 2 27 163 50 18 75 91 46 13 110 144 2 5 11 9 2 4 0 0 0 1 6 4 0 0 0 0 0 0 2 5 4 2 1 6 1 0 2 0 0 0 6 2 9 6 0 12 0 1 17 13 0 1 1 3 9 0 1 0 11 4 6 0 0 0 0 0 0 5 0 1 6 11 0 7 1 1 0 1 1 0 9 4 3 1 0 0 1 1 0 1 27 23 11 4 0 18 0 0 0 1 9 1 0 2 8 0 4 0 0 1
120 15 9 15 1101 34 20 21 1 4 3 21 1 148 335 637 143 188 4 17 59 46 6 29 113 7 139 311 5728 7514 10507 64 139 434 32 57 522 106 608 48 108 9 66 2 1 31 47 113 6 1 13 36 132 252 41 36 12022 285 141 118 127 97 263 96 393 0 3346 566 969 64 31 39 59 5 4288 156 12 0 5 2 48 2 222 474 201 354 1191 4 2 0 15 52 26 17 97 3907 11 36 1301 9826 0 0 1 4 1 1 0 0 0 1 2 2 0 4 7 1 0 1 3 29 1 13 0 0 1 3 0 3 0 4 3 0 0 1 0 3 0 0 11 4 16 1 22 0 2 0 4 1 5 46 1 0 0 1 0 1 0 1 0 1 1 0 0 0 0 0 18 3 1 1 3 4 1 4 1 13 0 0 16 3 4 10 2 3 10 2 1 1 0 0 2 6 1 0 1 0 0 1 0 0
81 6 6 7 173 103 20 15 2 2 14 248 0 320 459 439 180 158 9 13 218 296 33 20 105 15 137 179 507 240 54 3240 1264 4191 83 136 1486 228 256 43 160 6 33 2 0 41 102 15 10 0 28 127 196 183 87 38 285 7887 2899 3954 68 10 15 53 81 0 231 4298 135 17 11 453 342 9 9019 35 6 1 46 3 61 0 342 234 274 96 45 7 12 0 20 85 57 13 21 3066 5 19 78 318 0 3 0 2 0 1 0 0 0 1 2 5 0 2 3 0 2 0 4 10 9 3 5 7 7 1 4 0 0 3 8 2 6 17 7 26 0 0 62 49 4 9 3 6 11 1 0 0 35 10 12 1 0 1 0 0 2 5 0 3 10 9 0 5 7 1 3 3 0 0 10 3 16 5 0 5 5 0 2 3 7 44 8 24 2 13 1 0 0 3 17 0 1 3 0 2 3 0 2 10
12 2 2 3 7 1 0 1 0 0 0 5 0 2556 265 102 64 19 2 7 74 130 58 254 42 18 701 206 235 31 12 1 47 975 1424 2361 1220 33 94 523 56 3 167 5 0 7 1480 5 0 0 2 7 18 17 5 6 141 2899 12076 6092 7 2 29 193 109 0 103 6308 57 1 1 0 5 3 468 7 2 0 1 0 2 0 23 28 62 36 21 0 0 0 4 2 3 0 25 8 0 4 25 107 3 1 0 0 1 2 0 0 0 0 0 0 1 4 0 2 18 9 68 4 88 13 116 39 38 12 20 2 1 5 5 2 1 3 2 9 3 4 81 176 9 49 12 5 16 1 0 1 129 11 55 2 1 2 0 0 0 2 0 2 10 5 0 3 7 21 3 3 0 0 18 8 20 17 1 5 2 0 0 0 5 29 14 34 1 11 0 0 0 9 10 0 2 1 1 0 13 6 2 13
20 1 1 1 6 8 3 0 0 1 0 3 0 434 225 129 88 55 1 9 134 243 83 36 59 27 153 125 186 90 16 112 356 5624 254 597 2324 238 111 101 68 2 26 1 0 5 259 2 2 0 4 14 29 26 8 8 118 3954 6092 3785 14 0 9 37 45 0 81 3325 32 2 2 7 2 3 626 4 2 0 4 0 7 0 62 48 74 35 10 2 0 0 7 11 4 4 11 27 3 5 22 68 0 6 0 1 1 2 0 0 1 0 0 1 2 0 0 4 1 3 18 4 29 1 15 24 10 3 4 2 0 2 12 1 7 5 1 21 1 0 38 55 2 20 1 4 5 2 0 0 32 6 32 0 0 4 0 0 1 3 0 1 7 6 3 3 6 8 3 5 1 0 9 5 23 19 0 2 4 0 0 0 4 39 5 27 0 6 0 0 0 3 12 0 0 5 0 0 6 3 0 9
63 13 3 2 88 55 21 7 0 7 7 22 20 5 205 409 293 3865 117 629 67 114 184 181 48 16 18 6 284 252 16 36 90 84 4 5 138 269 9139 11 471 455 3264 95 46 2212 38 524 131 8 12 28 36 21 43 19 127 68 7 14 10594 617 440 760 84 132 89 19 3192 329 350 28 48 11 193 8533 15 4 20 0 268 2 88 64 50 39 12 17 105 8 4329 406 63 126 1403 215 2 11 29 32 3 9 0 0 7 2 0 0 0 0 2 2 6 21 329 6 7 12 14 135 80 101 60 25 18 3 8 85 3 56 40 40 13 7 0 19 3 7 68 79 289 55 470 8 15 85 326 63 200 1219 47 15 23 6 2 36 2 7 1 5 14 11 1 10 13 8 486 438 47 140 33 43 35 18 27 629 6 5 533 87 8 42 27 41 251 33 6 13 27 20 10 30 46 25 10 0 10 6 6 15
44 3 8 2 22 11 1 11 1 3 2 10 2 1 156 185 24 201 27 54 30 183 55 41 93 15 6 4 524 96 10 7 3 10 2 4 5 16 290 22 158 62 150 19 35 47 20 13282 247 86 18 12 31 95 27 20 97 10 2 0 617 13798 13717 270 102 8 380 9 2735 6557 1937 5 5 1 24 1503 5 0 2 4 481 48 107 186 94 107 7 45 60 22 885 265 160 1963 4495 21 3 2 52 30 1 3 0 0 0 0 0 1 0 0 0 0 1 1 8 3 0 11 2 9 4 18 7 1 0 0 2 5 1 3 4 10 0 2 0 4 1 0 8 7 19 10 5 3 2 26 118 8 36 142 6 116 236 8 6 271 4 4 11 83 2 1 0 2 3 3 48 107 72 14 3 5 4 2 176 214 25 53 788 138 3 7 3 3 271 25 145 155 422 2 1 659 149 2 5 1 0 1 2 2
39 10 4 5 15 10 3 8 0 4 3 8 4 3 143 122 49 121 22 72 146 412 74 46 255 13 23 17 1076 53 14 7 8 7 7 20 22 13 194 44 93 23 295 9 32 61 124 1251 86 19 23 29 147 316 38 42 263 15 29 9 440 13717 15193 6241 2056 6 1585 95 5589 2785 137 10 10 3 36 264 11 0 6 0 79 0 335 811 345 544 61 9 46 13 530 108 49 406 4144 13 8 8 326 82 1 2 0 0 0 0 0 1 0 0 0 0 0 3 9 0 1 11 6 14 5 35 18 1 0 0 0 5 1 4 4 3 2 0 0 3 1 0 10 10 12 5 10 1 1 20 102 7 27 158 6 15 51 0 6 77 0 3 1 3 0 1 0 4 2 0 71 73 43 10 0 5 2 2 95 197 3 6 474 101 4 11 4 3 212 18 5 13 16 1 0 182 51 3 4 1 0 1 2 1
17 3 2 1 19 12 4 4 0 1 5 9 12 260 594 519 40 1827 91 46 54 205 50 40 230 14 1376 1372 288 43 6 6 7 14 79 170 22 19 838 69 59 12 3204 13 2 1062 446 198 9 1 9 17 55 123 14 21 96 53 193 37 760 270 6241 7362 3834 9 600 311 742 112 17 3 8 2 47 13 4 0 4 0 18 1 141 404 191 346 101 2 1 1 262 19 13 28 2593 20 3 4 249 86 0 8 0 0 0 5 0 1 0 0 1 0 2 18 126 4 2 37 8 615 18 214 23 5 3 2 3 26 0 42 8 14 4 0 2 1 4 3 12 34 264 6 183 0 6 10 11 11 41 561 6 2 2 0 0 4 0 0 0 0 0 4 0 3 6 4 134 30 6 45 4 12 4 3 4 95 0 0 11 8 3 8 3 7 6 5 0 0 1 1 0 2 4 8 1 1 1 1 0 2
30 3 5 1 6 3 4 14 0 3 0 3 10 74 294 895 21 351 26 3 16 39 9 7 40 0 620 2820 902 43 10 0 4 9 7 127 29 3 1990 10 34 9 179 5 55 171 127 159 5 3 9 17 93 178 18 17 393 81 109 45 84 102 2056 3834 4903 1 1065 273 3412 47 20 4 3 4 83 82 6 0 1 1 17 0 161 325 119 232 44 1 11 1 119 27 15 12 343 5 1 6 183 189 1 3 0 0 0 1 0 0 0 0 0 0 0 6 65 2 0 29 5 272 8 111 12 1 1 2 1 19 1 25 10 11 1 0 0 6 2 1 12 8 155 4 177 0 0 15 18 8 37 505 3 4 2 2 2 1 0 1 0 1 1 2 0 3 3 4 192 79 19 28 3 11 8 3 2 185 3 2 62 13 2 3 7 11 46 4 1 1 2 2 0 16 2 6 0 0 3 0 1 1
5 0 0 0 2 1 1 2 14 5 0 0 2823 1 3 0 14 185 358 28 0 2 1 0 1 0 4 0 1 1 2 0 2 4 0 0 5 45 7 0 14 9 43 312 1844 2079 0 28 10 998 11 340 4 2 4 0 0 0 0 0 132 8 6 9 1 1693 2 0 20 5 22 15 13 1336 1 31 917 1282 189 429 107 776 3 0 1 0 0 208 128 745 2827 26 3 8 32 1 390 9 0 0 3 3 3 4 0 4 0 0 1 1 5 2 2 6 330 2 0 14 3 182 18 209 18 1 1 0 3 4 0 16 3 1 1 0 0 3 1 2 13 6 28 2 37 3 2 11 394 68 67 696 1 4 13 1 1 29 27 5 17 25 0 1 0 1 2 0 92 66 16 1591 3 1 4 1 12 78 5 4 406 33 3 8 31 2 59 16 16 31 28 1 0 65 13 1 11 1 2 1 0 0
387 91 126 31 100 69 51 172 4 32 33 125 4 121 283 696 45 146 2 6 37 107 34 278 1083 50 731 650 5306 650 469 92 70 204 60 46 140 42 1017 445 96 32 491 6 1 43 530 316 9 5 15 39 512 3119 73 45 3346 231 103 81 89 380 1585 600 1065 2 23732 866 2300 237 48 110 84 58 2148 205 109 2 50 4 49 0 917 9056 790 3408 3181 4 6 2 34 60 42 52 596 263 74 36 2687 4981 8 8 14 21 2 9 0 0 2 2 15 14 1 3 16 0 3 1 3 52 5 5 3 20 10 2 2 2 0 6 20 0 14 38 4 28 0 0 41 18 24 3 35 10 12 4 3 8 14 109 7 0 1 4 0 1 3 8 1 1 23 21 1 15 12 0 23 14 3 7 29 9 14 2 2 28 3 0 26 6 42 56 29 8 7 33 1 1 2 1 16 2 1 5 7 0 8 1 1 3
37 7 11 6 19 14 3 15 0 1 2 13 0 650 252 356 50 57 4 4 195 236 52 175 126 18 610 490 797 93 20 8 69 1424 238 382 927 56 340 196 160 5 225 13 0 9 3868 13 7 0 9 60 123 146 44 22 566 4298 6308 3325 19 9 95 311 273 0 866 10282 210 7 4 6 11 5 4259 20 8 0 7 1 30 0 216 242 171 190 1394 2 4 1 10 39 29 7 76 20 1 6 301 1259 4 6 1 4 1 0 0 0 0 0 0 2 1 2 5 1 3 3 44 8 45 8 38 24 18 6 7 1 0 4 7 1 4 7 10 31 0 5 125 142 7 19 8 4 25 3 0 0 96 16 37 1 0 4 0 0 3 12 1 3 10 7 0 4 6 4 6 4 2 1 21 8 19 16 0 4 1 2 1 2 6 57 15 27 2 15 0 0 0 1 15 0 1 8 1 1 8 7 0 18
101 5 5 9 41 18 17 10 0 4 2 14 20 21 86 556 19 743 12 11 59 74 26 8 76 2 20 65 2604 221 25 13 6 17 2 52 21 14 6128 8 99 60 361 20 200 153 80 6024 25 37 22 46 162 387 55 31 969 135 57 32 3192 2735 5589 742 3412 20 2300 210 9851 778 501 8 5 7 164 8221 7 1 6 3 226 3 386 635 254 406 44 18 102 10 1212 97 71 133 642 75 6 34 318 329 1 11 0 0 1 3 0 0 0 0 0 2 1 3 114 4 1 15 10 63 17 42 21 2 0 3 5 23 1 9 31 28 6 4 2 4 3 1 20 16 136 25 184 8 6 81 349 22 91 1137 18 37 62 3 2 120 0 3 0 6 0 6 0 5 9 3 419 418 79 49 17 30 18 5 149 832 7 13 1357 238 8 13 9 15 541 25 7 33 34 9 1 318 94 10 9 0 3 5 3 5
110 22 27 4 30 17 3 52 3 15 5 28 1 3 77 125 10 118 14 30 32 91 29 38 57 17 11 4 247 101 20 16 13 14 2 4 9 10 100 14 151 49 102 10 18 32 11 2216 155 38 184 116 41 39 26 17 64 17 1 2 329 6557 2785 112 47 5 237 7 778 6268 1534 12 10 8 21 421 9 2 6 6 709 67 97 113 41 73 15 55 51 13 509 718 2791 1809 2059 15 11 7 37 29 0 0 0 0 0 0 0 0 0 0 0 1 0 1 4 1 0 3 1 7 0 9 6 0 1 0 2 1 0 2 3 0 2 1 1 6 0 1 9 4 8 5 3 0 1 14 53 6 10 74 2 52 71 1 1 102 17 18 34 145 1 0 0 0 1 1 26 40 23 6 0 3 2 2 47 104 32 58 282 55 3 6 6 2 106 12 178 53 319 1 0 164 64 1 2 0 1 1 1 1
94 24 33 8 20 15 9 37 2 10 3 21 2 1 13 46 8 155 12 5 1 18 5 16 14 2 8 3 128 62 17 9 4 9 0 2 2 9 193 4 160 28 51 30 27 30 6 3973 114 95 23 57 11 9 15 10 31 11 1 2 350 1937 137 17 20 22 48 4 501 1534 7348 11 11 4 20 1344 21 1 16 20 4400 175 55 22 22 19 7 1203 1435 196 1171 436 195 480 373 30 18 7 11 10 3 3 0 2 0 0 0 1 0 0 0 0 0 0 10 0 1 4 1 9 3 6 4 2 1 3 10 3 1 1 1 1 1 0 1 4 0 0 4 0 7 8 3 4 4 22 71 12 13 63 5 172 198 5 4 223 42 38 119 629 3 1 0 0 1 1 11 46 36 10 3 2 5 2 89 94 127 249 462 67 5 6 9 2 122 29 723 185 1330 0 1 377 141 2 8 1 0 0 1 2
