30687 14348 7153 2383 3939 3375 14130 17605 165 610 38 563 3 5 13 11 5 7 1 6 137 57 3 15 20 1 15 19 6578 6775 1410 110 192 23 2 0 14 22 18 6 1755 12 37 6 9 9 9 49 66 33 186 338 882 1550 395 270 201 16 1 0 24 56 19 14 10 6 371 12 85 90 55 62 38 22 229 39 39 2 19 11 377 29 1687 729 935 155 27 106 68 21 62 365 261 115 98 868 80 1113 54 67 21 25 109 173 33 176 25 23 73 39 117 194 0 1 4 0 0 0 0 3 0 1 0 5 10 0 2 0 0 0 42 1 74 63 0 31 0 0 7 3 2 5 0 6 20 0 5 0 0 10 6 6 7 2 1 1 3 1 6 7 5 7 2 36 55 0 1 3 0 0 17 16 18 1 1 4 1 1 8 1 122 8 8 6 3 42 7 6 18 6 18 8 3 43 72 16 17 2 2 9
14348 14953 1816 8727 4759 2864 378 784 109 872 204 2699 1 1 1 3 3 2 1 2 152 52 3 13 19 0 6 8 997 3704 165 107 227 9 2 0 3 4 11 6 1125 10 11 0 5 2 10 15 34 13 48 134 282 510 111 200 67 21 1 0 11 17 5 9 10 2 259 16 15 33 11 95 17 10 125 11 58 1 46 3 135 6 626 416 672 161 18 48 27 9 20 114 106 48 29 196 76 150 53 28 47 60 251 480 86 414 15 28 89 61 261 526 1 0 1 0 1 0 0 3 1 1 0 12 42 1 6 0 0 0 87 2 189 146 1 58 0 0 1 3 1 5 1 12 36 2 1 0 0 6 14 1 4 4 0 0 2 2 3 0 25 27 2 92 127 0 4 1 0 1 38 42 41 3 0 0 1 1 2 0 318 25 12 22 0 75 2 2 2 12 36 1 0 114 151 24 36 4 6 31
7153 1816 13599 1521 165 4287 1010 17085 620 6571 293 22096 1 0 3 1 4 1 2 0 73 37 4 5 10 0 4 6 392 425 49 27 104 5 0 0 2 5 4 0 659 4 18 2 13 0 9 13 28 19 79 116 243 423 135 104 32 16 0 0 2 14 5 1 3 3 184 5 9 37 25 63 8 18 77 4 94 1 23 4 141 12 555 302 420 81 15 46 31 14 22 125 109 41 37 94 137 316 33 35 68 81 419 609 63 612 50 117 269 167 523 632 0 1 3 0 0 0 0 1 1 1 0 13 26 0 2 0 1 0 89 2 175 84 0 50 1 0 6 4 0 2 0 12 28 0 1 0 2 3 3 0 3 6 0 1 2 1 5 1 6 20 3 98 82 0 0 0 0 1 33 24 37 2 0 1 0 1 4 1 295 28 23 22 2 76 1 1 9 6 23 4 0 79 244 30 28 6 0 12
2383 8727 1521 13836 6276 11299 115 147 38 297 83 3158 0 1 2 2 3 3 1 1 159 74 8 5 20 0 4 4 627 3466 195 89 216 8 1 0 2 6 6 2 634 2 4 2 2 0 2 9 10 6 28 51 124 265 46 135 42 7 2 0 8 7 4 3 3 1 184 5 13 8 8 91 13 17 72 4 52 1 22 0 54 5 279 238 509 183 7 20 15 0 12 45 39 14 13 140 109 54 52 26 71 83 410 702 98 599 28 51 136 108 411 711 0 0 1 0 0 0 0 5 2 1 2 18 43 0 4 0 0 0 128 4 300 174 0 45 0 0 5 4 1 10 0 18 47 1 0 0 1 6 5 0 1 8 0 0 1 2 2 0 27 30 7 158 138 0 1 1 1 0 42 39 55 5 1 1 1 0 1 1 386 31 17 27 1 100 0 0 1 9 38 0 1 138 225 59 49 8 4 30
3939 4759 165 6276 15103 10124 1192 220 24 43 16 707 0 10 20 9 10 7 3 1 158 127 5 12 33 1 14 31 6074 12372 8332 346 447 40 0 1 20 49 39 3 835 9 19 4 6 3 9 28 15 9 33 73 337 586 124 130 1276 32 3 4 11 22 18 10 20 4 627 16 89 28 31 90 76 12 466 29 18 0 32 1 92 5 447 408 641 253 28 24 13 2 23 75 54 30 36 4721 37 277 74 161 15 15 106 196 22 148 4 13 29 21 86 199 0 1 1 0 0 1 1 6 2 1 0 7 7 1 1 1 0 1 35 1 88 46 0 27 0 0 6 2 6 0 3 9 25 1 2 0 0 12 4 0 5 3 0 1 5 1 3 0 8 17 3 70 41 0 2 3 0 1 17 16 13 2 0 7 1 1 8 5 138 8 4 5 3 32 1 3 3 5 14 4 1 38 64 21 17 2 0 3
3375 2864 4287 11299 10124 14001 529 383 148 735 198 10895 3 8 16 9 12 10 4 5 393 280 22 11 60 1 7 15 1500 9818 1902 2349 2981 34 0 2 31 84 33 5 976 10 31 2 7 11 13 32 27 8 32 53 203 486 73 165 126 81 1 2 14 39 15 14 11 4 537 7 93 29 31 235 189 24 316 69 57 0 62 2 79 6 439 506 908 393 18 22 16 2 24 61 54 22 39 2710 327 160 143 46 127 152 793 1378 165 1136 44 143 316 242 772 1422 0 1 9 0 0 1 0 16 5 5 1 22 48 1 4 0 1 0 153 6 449 179 1 56 0 0 9 6 5 8 7 21 69 2 2 0 3 30 8 0 2 8 0 2 2 9 4 0 37 62 12 222 165 2 3 4 1 2 62 54 54 7 4 5 2 0 25 1 624 37 26 27 4 153 1 3 2 15 66 4 2 183 469 92 72 14 2 46
14130 378 1010 115 1192 529 15970 11889 1710 2783 467 611 2 5 13 4 5 5 0 2 39 21 2 5 18 0 6 15 4139 1510 842 45 166 17 0 0 12 13 24 2 232 7 11 3 16 1 8 21 25 14 61 133 1374 1833 468 64 226 11 2 1 12 16 10 6 5 6 140 7 54 38 17 139 18 16 185 12 197 4 29 7 108 10 821 184 186 41 10 31 22 9 29 129 76 32 36 587 481 6320 31 57 9 8 35 65 9 64 5 9 29 17 48 65 0 2 1 0 0 0 0 1 0 0 0 2 11 0 1 0 0 0 10 1 18 19 0 6 0 0 2 0 3 0 1 0 3 0 5 0 1 3 2 0 2 2 1 2 3 3 2 1 2 3 0 12 13 0 0 0 1 0 3 4 4 1 0 3 0 0 3 0 35 6 1 4 2 12 0 1 8 0 3 3 0 9 21 3 3 4 1 3
17605 784 17085 147 220 383 11889 39396 2286 28510 1165 1696 3 4 2 1 0 1 0 0 31 15 0 2 18 0 2 4 531 668 106 17 90 5 0 0 1 4 10 6 791 10 16 3 15 2 5 19 65 25 99 264 670 986 303 126 28 3 1 1 4 26 6 2 3 5 174 8 10 59 27 48 11 17 52 14 265 6 19 7 206 16 1194 383 425 47 9 74 39 16 40 227 199 63 40 69 179 1899 25 15 26 15 138 155 12 171 46 79 278 88 246 162 0 0 1 0 0 0 0 0 0 1 0 2 8 0 0 0 0 0 17 1 38 30 0 19 0 0 4 0 0 0 0 2 4 0 4 0 0 1 1 2 3 1 0 0 4 3 4 3 2 4 2 14 19 0 0 1 1 0 9 9 25 3 1 2 2 1 6 0 70 8 5 6 4 31 2 3 14 1 5 4 0 24 68 10 6 1 1 4
165 109 620 38 24 148 1710 2286 2901 3269 776 911 6 0 0 0 0 1 0 0 28 60 9 2 20 0 3 1 60 20 12 21 194 2 0 0 2 10 0 1 58 1 2 17 82 3 3 5 3 59 14 103 156 97 44 9 4 4 0 0 0 4 2 2 0 44 33 4 3 4 11 327 24 123 18 4 628 42 145 66 78 103 35 24 44 25 6 118 30 26 23 13 8 2 7 17 2217 2137 16 4 2 2 23 26 2 34 5 12 16 14 36 25 0 0 1 0 0 0 0 0 0 1 1 1 1 0 1 0 0 0 3 0 7 7 0 4 0 0 4 1 0 2 0 1 8 0 0 0 0 2 1 2 2 0 0 0 5 0 10 7 1 1 0 3 0 0 1 0 1 0 2 1 0 1 0 3 1 0 5 0 11 8 10 2 1 10 2 0 6 0 4 2 1 1 17 3 6 0 0 0
610 872 6571 297 43 735 2783 28510 3269 26716 9597 11307 0 1 0 1 1 0 0 0 13 8 0 2 2 1 1 3 82 83 20 33 361 1 0 0 2 1 1 2 128 2 1 2 8 0 2 4 8 6 26 49 132 167 43 22 8 3 0 0 5 4 0 1 0 3 55 3 6 14 8 172 7 23 26 3 951 0 17 2 24 6 191 68 98 23 2 11 9 4 12 44 44 10 9 35 1030 907 11 5 59 47 369 439 51 484 73 141 318 203 664 528 0 0 0 0 0 0 1 2 1 3 0 8 19 0 1 0 0 0 47 3 108 58 0 18 0 0 2 1 0 4 0 5 15 2 2 0 2 7 1 0 1 4 0 1 2 3 2 2 11 20 3 51 47 1 0 0 0 1 27 26 23 2 0 0 0 1 6 0 186 10 23 11 4 67 2 1 3 5 17 0 0 46 301 20 17 2 0 9
38 204 293 83 16 198 467 1165 776 9597 3672 5906 0 0 0 0 1 0 0 0 6 13 0 0 6 0 0 0 15 3 6 28 371 0 0 0 1 5 0 0 22 0 0 4 2 0 2 2 0 0 0 2 29 13 6 1 2 1 0 0 1 1 1 1 0 0 10 0 3 1 0 145 6 6 15 1 591 0 14 2 1 2 12 5 16 5 0 2 0 0 1 7 2 1 0 25 473 213 7 0 34 25 204 257 19 321 31 74 144 118 335 351 0 0 0 0 0 1 0 0 0 0 0 7 8 0 0 0 0 0 30 1 78 23 0 6 0 0 0 0 0 0 0 5 17 0 0 1 1 1 1 0 0 1 0 1 0 1 1 0 8 11 3 38 23 0 1 0 0 0 12 9 3 1 0 1 1 0 1 0 126 5 15 4 0 40 1 0 1 1 7 0 1 16 174 16 11 1 1 5
563 2699 22096 3158 707 10895 611 1696 911 11307 5906 33212 2 6 5 5 6 8 1 2 205 225 16 6 50 0 5 2 432 1129 224 896 4030 24 1 1 14 60 10 8 428 4 6 9 2 9 8 17 3 3 16 28 113 252 41 70 68 59 1 1 9 8 9 7 8 0 287 7 37 13 12 686 107 46 384 26 770 3 62 1 41 4 220 200 433 175 15 17 9 1 24 32 31 13 20 779 1190 483 114 29 170 207 1239 1811 201 1757 106 309 648 514 1664 2167 0 2 4 0 0 0 1 5 2 8 1 39 81 1 6 0 0 0 189 1 558 226 1 58 0 0 8 6 5 13 2 33 79 4 8 2 3 18 19 1 0 9 1 3 1 10 2 1 40 60 14 268 179 1 3 0 0 1 79 79 57 9 3 4 3 1 12 2 845 38 64 43 1 273 0 0 2 14 86 2 4 214 908 101 93 14 7 43
3 1 1 0 0 3 2 3 6 0 0 2 4747 1 9 12 389 2100 4710 161 1 2 2 17 2 1 14 46 6 1 3 0 5 2 0 1 23 550 49 1 46 17 68 6156 2627 3183 2 34 23 128 1 28 3 0 2 0 3 2 1 1 152 13 10 29 29 4119 3 4 59 14 34 86 190 1777 6 42 270 292 420 21 68 81 7 4 0 3 0 151 98 234 425 23 6 13 59 1 35 3 2 0 3 7 0 1 6 4 0 0 0 0 0 4 7 164 1258 8 9 240 22 1892 26 1499 53 2 2 5 5 13 0 47 33 7 5 11 4 18 4 0 34 23 397 9 136 3 18 16 85 88 42 1626 2 14 25 4 2 7 2 1 7 12 1 3 0 7 5 3 127 73 19 521 6 9 9 3 39 153 4 6 370 22 7 30 111 8 37 27 3 17 13 0 1 75 28 17 1 1 4 0 2 0
5 1 0 1 10 8 5 4 0 1 0 6 1 16711 7316 872 814 117 20 87 34 35 585 146 10 5 3086 1132 91 14 42 1 30 144 5704 9626 891 33 197 788 973 37 92 0 1 7 408 9 12 1 2 2 9 27 4 4 71 210 886 598 18 11 20 100 158 1 60 315 126 2 1 9 13 11 609 6 1 0 8 0 2 0 13 5 16 6 22 3 6 2 11 27 3 4 31 31 3 1 2 5 0 0 1 0 0 0 0 0 0 0 1 1 14 6 4 8 5 15 16 12 38 83 20 5 7 3 15 1 1 2 1 0 1 3 0 4 5 1 9 30 2 23 2 1 7 2 0 0 9 9 14 0 2 0 0 0 0 0 0 0 1 0 0 3 3 6 3 3 2 0 0 0 2 7 1 0 0 0 7 0 4 14 7 0 1 6 0 0 2 1 0 1 0 1 1 0 2 0 0 2
13 1 3 2 20 16 13 2 0 0 0 5 9 7316 18145 8309 1855 757 141 772 112 131 1183 287 19 21 3333 3065 106 24 47 6 47 187 1314 2467 657 92 783 491 2189 150 204 7 5 39 320 28 73 3 9 3 8 28 15 5 31 273 461 547 128 35 33 73 190 6 47 255 377 18 18 6 22 39 756 50 6 0 7 0 20 2 17 16 21 13 12 8 25 9 53 98 18 47 107 116 8 5 6 2 0 1 0 1 2 2 0 2 0 0 0 5 181 27 29 44 32 14 25 35 160 260 26 50 53 24 105 10 14 14 4 1 9 13 4 31 42 15 86 130 21 201 13 2 35 8 3 3 70 47 79 2 5 1 1 3 0 1 0 6 0 1 0 3 1 33 13 11 9 2 8 3 9 48 5 19 0 1 21 3 14 65 25 3 4 64 2 3 1 6 5 7 6 5 8 1 13 11 0 22
11 3 1 2 9 9 4 1 0 1 0 5 12 872 8309 15848 889 6785 3352 1142 39 40 559 611 10 20 2066 8161 61 12 24 3 53 83 626 86 239 157 3098 139 1509 179 326 19 13 55 87 79 122 11 15 9 4 11 24 2 15 86 41 159 190 70 46 84 295 8 36 88 947 49 49 7 34 45 284 138 4 0 8 0 48 2 31 6 6 7 7 10 31 3 68 179 41 70 164 40 3 3 8 3 0 2 1 1 6 0 0 0 0 0 1 7 118 137 258 53 19 154 53 349 71 1231 94 8 10 13 41 13 21 70 8 1 4 7 4 17 31 4 28 31 155 71 63 0 13 23 10 37 90 161 13 2 10 1 0 3 0 2 1 1 0 1 0 4 5 8 19 22 13 9 3 2 11 11 9 31 0 2 58 3 6 29 50 1 7 18 2 1 9 0 1 12 10 9 1 2 2 0 1 4
5 3 4 3 10 12 5 0 0 1 1 6 389 814 1855 889 1570 864 2678 2171 45 119 503 67 27 14 73 41 22 17 8 6 32 110 106 385 1471 391 140 220 627 15 84 674 39 415 151 15 19 12 2 3 2 4 6 1 2 51 82 107 233 11 13 37 20 28 11 40 29 10 13 10 22 483 194 41 0 15 15 1 22 6 7 6 17 9 11 26 19 8 143 31 6 12 50 66 5 3 8 1 5 4 1 0 17 7 2 16 1 0 3 21 325 86 124 89 87 60 88 122 489 677 90 125 128 54 273 14 45 38 18 10 29 67 19 119 96 48 340 496 48 634 21 6 89 45 18 12 250 99 326 4 4 2 2 1 1 3 2 2 4 4 2 7 8 122 19 44 9 7 30 17 31 198 10 34 7 2 49 11 45 264 122 30 4 255 0 0 2 19 8 6 21 7 28 7 65 30 9 59
7 2 1 3 7 10 5 1 1 0 0 8 2100 117 757 6785 864 24778 7772 910 14 60 224 1119 28 15 1953 1846 42 5 5 14 53 46 250 22 242 826 7982 90 1060 281 1150 364 25 6217 61 155 183 17 20 8 4 13 28 8 16 40 13 50 3542 166 123 460 517 157 46 39 1051 89 131 48 253 124 119 392 7 2 71 1 117 9 39 11 21 18 9 26 69 17 224 284 65 100 291 46 2 0 7 4 6 21 1 1 18 3 0 3 0 0 1 12 64 940 2251 39 22 674 72 2058 64 2913 181 6 3 31 19 62 11 287 72 23 27 27 12 60 48 5 95 65 1483 34 678 6 50 65 168 207 155 1958 10 16 22 8 0 5 2 3 0 8 3 3 0 21 20 15 143 205 26 146 4 12 48 26 23 113 11 5 178 15 22 89 125 12 26 33 3 7 16 3 2 38 41 44 2 7 15 1 2 4
1 1 2 1 3 4 0 0 0 0 0 1 4710 20 141 3352 2678 7772 59443 13957 12 22 48 173 7 6 416 327 5 0 1 2 20 7 97 2 137 2916 75 64 229 45 156 6577 123 10988 18 40 44 25 7 9 0 2 2 2 8 4 2 3 273 42 32 80 85 271 10 8 50 15 30 24 162 3152 10 67 14 18 53 8 39 21 11 2 0 1 1 58 59 42 463 58 19 21 126 7 5 1 2 1 5 11 1 1 19 7 1 3 0 0 0 12 457 668 1810 141 120 1083 284 2024 587 7762 697 48 43 51 164 45 60 317 34 8 18 45 19 83 140 32 297 403 719 336 240 4 76 63 88 233 530 785 74 4 20 4 4 5 3 5 1 5 1 2 2 16 18 41 62 108 23 162 7 9 13 53 16 89 5 1 221 29 29 173 673 6 22 145 0 3 13 7 4 29 27 35 5 4 21 4 3 22
6 2 0 1 1 5 2 0 0 0 0 2 161 87 772 1142 2171 910 13957 4975 27 43 167 60 11 12 54 35 10 9 2 0 14 22 71 88 119 68 106 141 322 14 68 216 11 184 50 9 31 5 3 5 0 3 1 0 2 18 28 45 147 20 7 17 6 14 5 12 18 5 6 6 11 182 71 27 0 1 2 1 5 3 3 0 6 6 0 5 14 4 59 25 6 12 48 25 1 3 3 0 0 4 0 0 3 3 1 4 0 0 0 12 294 62 96 108 64 39 70 54 299 654 66 59 44 27 174 10 33 49 7 1 5 21 7 39 90 30 144 251 36 356 19 3 50 31 5 14 180 41 115 4 3 1 2 2 2 2 0 0 1 2 1 4 2 52 10 30 11 3 11 3 9 83 3 16 1 2 22 1 15 88 61 6 4 111 0 0 1 6 2 4 16 5 3 5 29 10 6 27
137 152 73 159 158 393 39 31 28 13 6 205 1 34 112 39 45 14 12 27 8387 6724 2754 76 374 93 30 26 77 119 188 65 359 133 13 4 90 261 24 225 1610 16 121 11 6 8 144 14 10 7 2 10 10 26 3 1324 25 30 25 10 26 39 68 61 27 4 91 66 61 12 7 226 272 127 257 6 170 2 211 0 13 0 137 40 5125 772 71 3 7 4 30 21 11 15 101 355 225 41 433 43 1 3 7 27 8 25 2 8 5 5 10 55 3 0 1 2 3 2 0 4 6 4 2 29 28 0 12 0 0 2 25 2 29 93 0 84 1 1 33 22 5 18 3 4 33 0 1 0 1 7 20 0 0 1 0 3 0 1 2 0 2 12 3 10 55 8 2 1 1 0 15 17 35 16 0 4 1 0 5 1 140 64 33 25 4 71 0 0 1 9 13 2 1 21 39 6 25 5 1 20
57 52 37 74 127 280 21 15 60 8 13 225 2 35 131 40 119 60 22 43 6724 25639 5019 636 5721 2152 162 73 121 81 129 75 905 543 66 3 324 1014 72 3557 1455 191 1007 69 14 28 556 51 123 15 21 15 41 82 21 245 29 68 70 40 116 253 384 303 63 11 381 133 197 75 16 589 830 388 236 58 368 20 506 2 37 5 241 427 5944 2661 166 16 48 12 160 134 53 113 781 309 408 61 2711 43 3 8 16 30 14 24 4 9 7 8 19 88 21 5 6 3 15 4 9 14 46 25 10 72 63 6 34 0 2 1 25 5 49 154 5 172 15 6 113 120 10 94 3 7 55 4 7 0 20 33 69 2 4 5 1 3 1 4 2 2 10 24 0 21 74 13 10 5 3 1 38 28 83 51 10 22 0 1 42 4 163 147 78 36 10 132 1 0 8 13 25 16 9 19 48 9 43 11 9 47
3 3 4 8 5 22 2 0 9 0 0 16 2 585 1183 559 503 224 48 167 2754 5019 14122 6630 796 3183 408 348 26 6 11 11 116 215 152 46 613 489 87 4620 6883 1550 774 40 7 21 400 22 179 7 7 7 5 21 17 11 8 26 51 74 71 55 66 66 18 6 65 52 54 39 13 44 200 59 74 27 53 5 59 0 22 2 37 31 125 107 37 13 17 11 71 152 32 64 312 25 35 10 76 3 1 2 4 0 1 3 0 4 0 1 1 7 10 1 10 3 12 5 6 4 11 29 6 20 8 1 7 1 3 2 0 1 6 22 0 32 3 1 16 32 3 33 6 1 7 1 4 0 6 12 14 2 1 1 0 0 0 1 2 2 3 2 0 0 4 5 2 6 2 0 7 4 13 19 2 13 1 0 20 4 22 36 15 6 4 29 0 1 3 3 2 12 1 3 2 2 9 4 0 7
15 13 5 5 12 11 5 2 2 2 0 6 17 146 287 611 67 1119 173 60 76 636 6630 16764 402 2483 4985 568 114 5 25 3 30 31 2043 26 56 117 340 7011 3055 5305 3062 17 17 343 1716 34 440 18 17 14 34 102 40 25 63 23 234 52 1108 77 45 211 150 17 362 98 95 47 11 25 58 23 103 31 16 2 20 0 31 3 112 95 102 198 150 18 44 13 219 343 52 106 418 34 14 2 170 31 0 0 0 0 2 1 0 0 0 0 0 0 9 9 17 2 3 6 5 34 16 36 6 3 4 1 8 2 0 0 2 2 1 3 1 17 2 1 13 21 41 16 29 1 4 2 7 0 3 97 4 2 6 0 0 4 0 1 0 0 0 0 0 2 4 4 38 17 9 2 1 1 4 5 3 23 2 0 32 7 4 9 8 4 4 7 0 1 10 2 1 8 5 1 0 0 2 1 0 1
20 19 10 20 33 60 18 18 20 2 6 50 2 10 19 10 27 28 7 11 374 5721 796 402 13581 485 253 45 386 32 43 16 289 121 30 2 60 350 35 3530 387 58 452 14 7 15 5659 11 23 4 18 22 152 441 42 110 197 16 9 6 51 78 198 256 73 2 2147 280 84 35 8 276 337 189 371 10 204 4 233 1 26 3 314 698 1191 2647 4565 16 11 11 57 56 31 28 247 54 137 22 3113 470 1 3 1 3 2 3 0 2 0 0 1 12 2 3 1 0 3 7 5 7 24 13 8 24 12 2 15 0 1 0 10 0 15 29 2 38 0 0 43 62 3 12 6 3 13 0 0 0 7 15 15 1 3 0 0 1 1 0 1 1 3 4 0 6 10 4 6 2 2 0 10 8 14 14 4 4 0 2 10 0 56 43 16 5 2 43 0 2 4 7 4 5 1 11 9 3 20 3 0 7
1 0 0 0 1 1 0 0 0 1 0 0 1 5 21 20 14 15 6 12 93 2152 3183 2483 485 2471 303 6 6 0 0 0 16 27 231 1 19 68 5 6381 458 80 187 7 0 1 135 1 15 1 1 1 1 4 1 1 3 1 6 4 18 26 29 21 4 1 34 3 8 5 1 4 28 18 7 7 12 2 5 1 4 0 19 31 36 39 3 2 2 1 25 15 11 11 108 5 2 1 24 0 0 0 0 0 1 0 0 0 0 0 0 0 4 1 1 2 4 4 9 2 15 21 8 2 4 1 7 0 4 3 1 0 1 2 0 7 1 2 14 28 1 15 0 0 6 0 0 0 2 2 5 0 1 0 0 0 0 0 0 0 0 0 0 1 0 4 1 1 0 0 1 1 0 1 1 2 0 0 5 1 4 7 5 0 1 3 0 0 1 1 0 0 2 0 0 0 1 0 0 0
15 6 4 4 14 7 6 2 3 1 0 5 14 3086 3333 2066 73 1953 416 54 30 162 408 4985 253 303 22776 10415 301 12 61 2 28 35 5219 284 68 78 299 2982 653 162 799 3 5 112 1371 17 64 7 12 4 72 196 17 30 244 42 412 139 197 31 62 1535 620 3 689 304 87 19 2 10 38 27 210 10 20 1 12 0 8 1 80 120 99 193 212 4 1 2 39 83 20 29 76 20 4 5 196 79 0 1 0 0 1 1 0 0 0 0 0 1 9 21 47 3 10 25 10 150 19 134 21 9 3 4 11 1 1 13 2 1 1 2 2 9 4 2 18 32 64 15 28 0 8 3 6 3 4 121 6 0 1 0 0 0 1 0 1 0 0 0 0 0 1 3 24 11 3 1 1 1 5 7 1 13 0 1 11 0 4 4 8 2 0 11 0 1 0 1 0 4 0 5 1 0 4 2 1 4
19 8 6 4 31 15 15 4 1 3 0 2 46 1132 3065 8161 41 1846 327 35 26 73 348 568 45 6 10415 15831 624 26 183 4 35 112 565 162 48 57 6782 137 904 139 283 11 8 293 559 39 67 5 9 10 75 197 23 11 519 231 405 278 288 35 56 1233 2208 15 650 706 944 21 33 13 34 10 903 66 10 1 11 0 21 0 90 81 76 111 124 10 17 2 63 89 19 21 67 45 6 14 114 105 1 7 0 0 8 2 0 0 0 0 1 2 3 145 240 12 3 88 9 794 9 355 17 5 2 1 3 11 0 33 22 2 3 6 2 20 2 1 15 20 407 10 148 2 8 10 18 12 13 600 5 3 4 3 0 2 1 0 0 0 0 1 0 5 7 4 74 55 6 14 1 5 12 6 6 28 0 0 50 3 4 10 10 1 5 3 1 2 3 2 1 12 10 13 0 2 4 2 1 2
6578 997 392 627 6074 1500 4139 531 60 82 15 432 6 91 106 61 22 42 5 10 77 121 26 114 386 6 301 624 46820 13300 8079 197 446 100 43 11 53 75 534 95 441 33 180 9 30 44 269 187 50 26 90 183 4000 13975 883 93 6954 83 32 31 122 368 515 318 470 9 7439 243 1214 166 112 173 95 44 3396 124 86 2 90 6 207 14 1261 755 316 186 721 42 43 8 131 216 139 99 321 4418 120 5766 748 2839 14 17 58 95 27 74 3 11 24 9 35 162 0 9 11 1 3 0 1 17 1 7 1 18 37 2 7 1 0 2 57 2 99 152 1 63 0 1 6 7 17 9 30 12 38 6 20 1 3 91 10 2 6 1 0 10 6 2 7 3 10 15 1 33 117 3 21 16 6 2 38 32 48 5 13 60 2 0 66 10 235 32 12 19 7 61 2 2 15 11 19 12 3 68 56 11 40 10 0 30
6775 3704 425 3466 12372 9818 1510 668 20 83 3 1129 1 14 24 12 17 5 0 9 119 81 6 5 32 0 12 26 13300 21559 9094 134 299 43 2 0 30 34 45 6 656 4 24 1 6 2 10 31 30 17 47 86 289 562 107 115 4729 20 7 4 20 23 27 18 13 9 854 9 108 37 35 63 45 7 437 42 25 0 29 2 118 9 502 247 395 129 18 37 20 5 21 109 90 47 44 2182 43 276 56 103 35 21 114 172 35 193 9 14 34 22 112 242 0 4 3 0 0 2 0 9 3 3 0 4 9 0 2 0 0 0 43 1 80 70 0 21 0 0 2 4 1 2 3 1 24 1 4 1 0 9 4 0 2 1 0 0 0 2 2 4 9 20 2 48 54 1 2 6 0 1 25 15 18 2 1 5 0 0 15 0 139 13 2 10 3 42 2 2 4 3 17 1 5 47 77 16 17 5 3 12
1410 165 49 195 8332 1902 842 106 12 20 6 224 3 42 47 24 8 5 1 2 188 129 11 25 43 0 61 183 8079 9094 15151 47 107 22 14 7 24 28 169 10 843 8 30 1 3 15 49 39 18 8 26 72 449 895 120 149 7936 13 21 4 25 55 76 52 126 4 2078 104 355 38 25 35 27 22 3388 26 12 1 16 2 79 2 533 594 771 361 164 17 25 5 22 69 54 24 44 4138 21 260 458 5184 3 5 19 36 6 24 0 3 7 6 22 55 0 2 3 0 0 1 0 7 0 3 0 5 4 1 2 0 0 0 12 0 21 11 0 9 1 0 3 2 5 0 4 3 8 0 1 0 2 32 1 1 2 0 0 2 2 0 3 2 3 1 0 21 15 0 3 4 1 0 9 4 9 0 2 11 0 0 14 2 40 6 3 5 3 14 0 1 4 3 0 8 0 9 14 2 7 1 0 1
110 107 27 89 346 2349 45 17 21 33 28 896 0 1 6 3 6 14 2 0 65 75 11 3 16 0 2 4 197 134 47 4467 5035 197 1 0 18 67 12 3 176 8 16 2 3 5 7 19 3 3 1 19 36 81 20 27 32 2680 1 3 13 15 6 5 8 1 103 6 37 10 21 618 369 18 2804 27 27 0 112 0 17 2 63 78 155 61 11 5 4 1 9 12 9 6 9 6623 117 24 52 17 24 23 86 134 26 136 2 11 26 21 80 204 0 1 2 0 0 0 1 5 0 1 0 13 25 1 1 0 0 1 48 3 89 99 0 21 0 1 3 2 5 2 3 5 22 2 0 0 0 19 5 0 1 4 0 1 5 5 0 2 9 20 2 43 48 0 3 0 0 0 17 24 10 1 3 8 5 1 7 1 168 23 6 13 2 47 0 0 0 6 22 1 6 45 85 18 27 3 2 21
192 227 104 216 447 2981 166 90 194 361 371 4030 5 30 47 53 32 53 20 14 359 905 116 30 289 16 28 35 446 299 107 5035 9859 5752 16 11 464 2076 79 74 578 9 60 25 7 35 329 29 21 4 10 28 103 205 45 72 73 4080 192 316 56 19 14 24 15 7 347 287 83 20 22 4209 2115 171 6778 58 104 12 614 1 58 7 205 238 496 287 165 19 12 1 28 49 25 17 36 4128 868 186 271 89 60 79 305 494 90 438 8 60 118 101 303 693 6 6 7 5 2 2 8 22 17 24 1 87 124 4 12 2 1 4 149 10 281 363 1 222 3 1 49 32 12 32 9 38 143 4 7 4 11 49 47 4 2 11 0 2 3 12 1 4 44 53 7 137 227 4 7 5 4 2 115 81 142 28 6 14 9 3 25 1 668 160 64 75 3 263 0 0 3 19 96 4 8 156 318 52 111 26 10 78
23 9 5 8 40 34 17 5 2 1 0 24 2 144 187 83 110 46 7 22 133 543 215 31 121 27 35 112 100 43 22 197 5752 8820 118 66 2015 4416 164 103 300 8 37 7 1 7 1201 19 3 1 5 10 15 48 8 15 31 4006 1761 4667 35 14 8 16 24 0 72 981 101 7 14 194 679 57 3358 33 15 1 66 0 21 3 40 74 119 57 79 1 5 0 11 13 7 4 25 310 6 10 56 10 3 5 1 2 4 3 2 4 2 0 5 24 5 1 7 3 3 3 5 12 20 17 1 34 56 3 18 1 1 0 12 5 13 89 2 143 0 0 65 30 10 33 7 3 41 2 3 2 9 17 40 0 1 3 0 0 2 2 0 1 4 5 1 2 45 3 2 1 3 2 16 7 79 32 1 6 2 2 10 1 62 95 30 24 1 85 0 1 0 6 22 4 4 6 9 2 33 10 1 21
2 2 0 1 0 0 0 0 0 0 0 1 0 5704 1314 626 106 250 97 71 13 66 152 2043 30 231 5219 565 43 2 14 1 16 118 7778 2021 267 38 49 2935 202 25 363 0 1 15 2635 4 5 0 0 0 2 23 2 3 41 35 4267 756 20 9 15 136 66 1 100 99 34 4 0 3 8 16 87 2 2 0 2 0 3 0 21 19 19 29 29 2 0 0 13 12 4 5 49 5 1 4 36 10 0 0 0 0 0 0 0 0 0 0 0 0 33 6 2 6 15 12 24 6 57 72 16 8 17 2 23 1 3 0 0 1 1 6 1 17 7 7 52 77 8 80 1 0 11 3 0 0 16 7 32 1 1 1 0 0 0 0 0 0 1 0 0 1 1 11 4 3 3 0 1 3 3 25 1 2 1 0 3 0 6 17 5 4 0 3 0 0 1 1 2 0 0 4 1 0 6 1 0 8
0 0 0 0 1 2 0 0 0 0 0 1 1 9626 2467 86 385 22 2 88 4 3 46 26 2 1 284 162 11 0 7 0 11 66 2021 2376 390 12 47 221 59 3 22 0 0 1 240 3 0 0 0 0 0 0 1 2 4 113 2212 790 3 0 2 26 30 0 5 73 16 0 2 0 6 0 109 3 0 0 0 0 1 0 0 0 3 0 1 1 0 0 2 1 0 1 6 7 0 1 0 1 0 0 0 0 0 1 0 0 0 0 0 2 7 1 1 0 0 0 5 2 8 14 2 4 2 0 3 0 1 0 2 0 1 2 0 5 1 0 4 4 1 12 1 0 1 1 0 0 7 2 7 0 0 0 0 0 0 0 0 0 0 0 0 1 1 6 0 0 1 0 1 1 3 6 2 0 0 0 1 0 1 8 4 1 0 4 0 0 0 0 1 1 1 1 0 0 0 1 0 2
14 3 2 2 20 31 12 1 2 2 1 14 23 891 657 239 1471 242 137 119 90 324 613 56 60 19 68 48 53 30 24 18 464 2015 267 390 3031 833 136 211 562 9 48 16 4 54 1008 7 7 1 1 3 0 17 2 2 22 364 1179 1506 93 5 7 19 18 3 30 390 50 5 4 37 128 97 711 22 14 10 19 1 10 0 16 15 44 32 36 2 4 0 29 3 1 8 22 185 10 2 10 6 11 13 4 5 18 15 1 8 8 0 2 35 66 8 28 14 24 6 25 29 138 100 22 104 131 12 97 5 8 9 24 6 20 91 6 192 40 6 195 167 19 235 11 5 58 8 4 2 79 34 177 0 2 2 0 2 2 5 1 2 8 12 0 5 24 41 8 15 2 1 20 18 106 151 2 10 7 3 10 3 64 300 39 29 3 194 2 0 1 13 19 6 9 6 27 14 65 19 7 48
22 4 5 6 49 84 13 4 10 1 5 60 550 33 92 157 391 826 2916 68 261 1014 489 117 350 68 78 57 75 34 28 67 2076 4416 38 12 833 11056 76 390 573 28 188 2543 102 921 818 52 36 26 6 28 9 38 18 19 21 222 274 243 323 41 42 68 24 113 74 449 90 22 41 413 8226 1709 670 156 230 164 638 10 55 18 63 97 186 104 212 36 44 30 386 45 20 17 107 309 74 12 85 18 14 27 10 12 33 35 6 32 3 4 15 75 191 59 162 52 61 98 76 187 391 784 108 225 277 39 207 11 21 35 61 16 66 347 19 594 69 27 556 505 55 496 38 26 159 27 23 29 243 221 432 7 4 12 1 4 10 11 3 10 11 15 7 21 75 102 43 45 24 24 90 39 257 277 13 78 9 5 121 16 260 840 299 69 14 604 4 1 7 34 52 17 32 27 93 25 165 62 20 104
18 11 4 6 39 33 24 10 0 1 0 10 49 197 783 3098 140 7982 75 106 24 72 87 340 35 5 299 6782 534 45 169 12 79 164 49 47 136 76 22858 37 479 153 911 19 51 470 166 251 83 18 8 15 59 123 32 18 322 256 107 215 9763 257 556 2019 4737 68 329 399 10609 87 133 19 52 9 1061 941 11 0 20 0 135 7 76 66 66 64 55 27 41 12 300 154 41 61 325 171 5 16 46 69 2 9 3 1 8 3 0 1 2 0 0 5 8 100 293 6 9 50 8 449 26 85 5 8 5 6 16 15 4 45 42 18 8 15 4 42 3 1 38 12 717 18 487 7 13 59 124 14 35 2107 18 8 34 8 0 12 1 0 1 6 1 5 0 14 6 10 685 281 28 38 14 25 24 36 34 339 10 6 440 29 4 37 7 15 37 27 3 4 17 4 2 45 41 12 1 2 9 4 3 1
6 6 0 2 3 5 2 6 1 2 0 8 1 788 491 139 220 90 64 141 225 3557 4620 7011 3530 6381 2982 137 95 6 10 3 74 103 2935 221 211 390 37 10683 1178 193 965 45 1 13 4853 5 49 5 6 11 50 147 14 32 47 20 575 189 52 38 71 100 17 4 583 96 36 15 3 36 153 143 42 15 41 11 44 0 10 1 91 269 227 481 111 4 4 3 49 36 21 22 256 15 27 1 390 21 3 1 0 1 7 2 1 2 1 0 0 2 80 14 12 25 55 48 74 9 196 267 70 44 29 15 96 5 8 9 7 0 8 18 4 47 31 12 126 277 11 179 5 3 32 9 3 0 35 9 69 0 2 1 2 2 0 0 1 0 2 0 1 5 3 33 6 13 3 0 9 1 7 46 2 8 1 0 11 2 13 40 31 9 2 29 1 0 0 5 0 6 7 5 4 2 16 2 3 8
1755 1125 659 634 835 976 232 791 58 128 22 428 46 973 2189 1509 627 1060 229 322 1610 1455 6883 3055 387 458 653 904 441 656 843 176 578 300 202 59 562 573 479 1178 11588 4223 2078 112 171 291 390 336 2051 295 194 150 50 136 1543 1145 200 174 75 87 1046 354 219 178 159 127 283 186 575 278 246 273 397 172 1832 289 343 12 270 12 505 87 2250 163 904 292 283 386 669 189 1320 1555 448 704 1067 1108 302 74 341 443 6 26 27 56 31 43 1 7 5 7 40 155 12 2 17 4 7 5 5 39 27 31 9 66 90 7 16 2 4 1 81 10 73 301 0 256 1 2 64 34 27 49 32 20 67 22 55 3 18 184 58 27 68 9 4 44 13 5 19 47 14 18 0 23 222 6 32 14 27 19 42 49 141 46 44 82 23 13 242 27 380 160 38 77 58 180 18 40 115 18 34 145 39 85 80 9 66 12 9 62
12 10 4 2 9 10 7 10 1 2 0 4 17 37 150 179 15 281 45 14 16 191 1550 5305 58 80 162 139 33 4 8 8 9 8 25 3 9 28 153 193 4223 6326 5970 37 38 184 73 42 1818 36 20 8 7 21 43 18 21 12 5 5 605 41 28 25 46 62 54 16 196 54 28 9 15 10 46 101 18 0 18 0 41 3 90 20 20 32 16 40 70 21 512 720 74 153 411 16 4 4 12 6 0 0 0 0 1 0 0 0 0 0 0 0 4 0 4 0 1 2 0 8 0 8 0 2 0 1 1 0 0 0 3 2 0 1 0 2 0 0 4 5 15 3 15 1 2 5 18 2 1 56 2 9 6 0 0 9 2 1 1 3 0 0 0 0 0 0 22 9 9 7 2 6 2 2 10 41 3 1 80 8 0 4 2 1 11 3 1 6 18 1 1 18 11 1 0 0 0 0 1 1
37 11 18 4 19 31 11 16 2 1 0 6 68 92 204 326 84 1150 156 68 121 1007 774 3062 452 187 799 283 180 24 30 16 60 37 363 22 48 188 911 965 2078 5970 6122 126 152 1133 800 158 2299 51 35 23 56 170 62 42 90 16 118 26 4672 175 261 2556 523 192 571 85 1173 122 54 38 92 21 124 259 35 4 63 1 80 11 174 215 219 327 112 63 131 43 2418 737 174 329 2802 71 15 10 244 22 3 2 0 1 1 2 0 0 0 0 2 2 9 9 38 3 5 8 6 72 21 38 6 4 7 1 6 4 1 3 11 9 3 12 1 24 2 0 20 21 93 14 97 2 5 26 78 3 9 573 5 4 19 1 3 15 2 0 1 9 0 0 0 2 2 3 138 64 33 15 2 11 14 6 43 279 6 7 407 35 7 16 9 6 29 12 1 2 22 2 0 61 29 5 1 0 3 0 2 1
6 0 2 2 4 2 3 3 17 2 4 9 6156 0 7 19 674 364 6577 216 11 69 40 17 14 7 3 11 9 1 1 2 25 7 0 0 16 2543 19 45 112 37 126 8271 2146 1918 25 76 82 300 22 114 3 4 8 5 5 0 3 1 144 60 67 33 12 450 16 5 71 46 81 525 2421 3330 16 92 1658 1736 5888 133 201 308 27 8 11 12 5 444 188 232 823 58 12 41 224 7 115 12 4 0 8 7 0 6 10 7 1 11 1 0 1 25 66 54 207 17 44 190 69 323 228 1269 149 54 61 14 52 8 5 24 20 16 20 87 10 120 26 9 234 295 75 141 43 7 44 25 53 23 153 335 92 10 30 4 0 14 10 1 19 29 1 5 0 13 7 25 47 36 43 53 20 14 29 50 45 141 9 7 323 40 48 195 309 19 53 158 4 12 34 6 11 67 38 12 29 11 22 10 6 18
9 5 13 2 6 7 16 15 82 8 2 2 2627 1 5 13 39 25 123 11 6 14 7 17 7 0 5 8 30 6 3 3 7 1 1 0 4 102 51 1 171 38 152 2146 10172 1419 6 128 85 2056 23 196 18 14 18 2 13 2 1 0 150 91 59 82 25 2687 19 3 279 74 122 177 145 204 15 122 1832 858 891 219 443 879 44 10 10 9 3 1433 595 2134 3900 96 22 52 197 0 625 79 5 1 1 4 2 2 2 3 0 5 3 2 4 8 2 4 27 2 1 6 2 35 9 16 1 2 4 0 2 2 1 2 31 11 3 3 1 9 0 2 14 7 26 1 86 3 6 45 125 3 16 753 8 49 116 4 1 54 20 2 27 70 3 6 0 6 5 1 134 137 118 74 11 29 11 6 175 660 20 28 1367 120 15 11 6 19 174 16 11 40 128 2 3 262 86 6 7 0 3 3 5 7
9 2 0 0 3 11 1 2 3 0 0 9 3183 7 39 55 415 6217 10988 184 8 28 21 343 15 1 112 293 44 2 15 5 35 7 15 1 54 921 470 13 291 184 1133 1918 1419 10031 22 46 88 44 13 10 10 13 17 7 27 4 3 1 1304 55 69 495 442 2833 49 12 201 35 34 87 360 325 35 93 99 6 177 1 43 9 32 15 14 25 10 57 69 87 3170 150 29 50 255 25 19 5 19 9 3 20 0 0 12 7 0 3 1 0 1 7 19 287 1689 17 17 259 22 1867 51 903 40 6 7 6 6 40 4 84 47 26 16 24 8 36 8 1 63 43 1058 11 682 8 20 124 403 86 136 5334 15 11 24 6 0 14 1 1 0 14 4 3 0 21 12 18 763 388 42 410 10 21 44 29 32 442 10 9 795 47 14 47 60 23 45 50 1 11 24 4 3 77 78 35 5 5 6 2 8 4
9 10 9 2 9 13 8 5 3 2 2 8 2 408 320 87 151 61 18 50 144 556 400 1716 5659 135 1371 559 269 10 49 7 329 1201 2635 240 1008 818 166 4853 390 73 800 25 6 22 7381 19 34 3 4 8 71 228 16 23 226 628 2504 1633 71 41 84 239 162 4 966 2022 156 20 11 81 539 196 614 27 109 7 102 0 17 2 104 221 194 639 3090 6 7 2 28 30 13 18 195 30 43 8 532 115 1 4 1 2 12 4 1 1 2 0 2 13 69 10 7 16 35 14 33 19 151 113 27 79 66 19 88 10 5 7 20 2 15 53 9 147 33 15 159 271 18 230 4 4 51 10 4 4 53 35 138 0 1 1 0 0 0 2 1 0 9 4 1 4 10 35 2 6 10 1 28 11 35 92 2 17 1 0 13 1 34 109 47 9 4 67 1 1 3 14 8 9 4 7 11 0 31 10 5 33
49 15 13 9 28 32 21 19 5 4 2 17 34 9 28 79 15 155 40 9 14 51 22 34 11 1 17 39 187 31 39 19 29 19 4 3 7 52 251 5 336 42 158 76 128 46 19 10732 206 565 34 40 19 46 27 7 81 29 7 7 763 6882 1270 227 258 41 130 26 6268 1345 4657 28 42 15 157 7632 36 4 57 7 1654 146 81 31 45 30 15 1950 3320 190 2064 249 91 318 666 80 22 8 19 9 2 4 3 0 2 2 0 2 0 0 2 0 3 9 20 1 3 1 1 10 3 12 2 3 6 5 5 2 2 0 22 11 1 4 0 8 0 1 11 9 13 14 25 9 9 91 238 4 28 196 12 400 1245 24 15 489 17 4 54 192 4 4 0 4 3 1 31 66 319 55 16 23 14 15 532 255 114 161 1475 150 7 13 14 17 787 46 76 227 887 3 4 1915 457 0 4 4 5 5 3 11
66 34 28 10 15 27 25 65 3 8 0 3 23 12 73 122 19 183 44 31 10 123 179 440 23 15 64 67 50 30 18 3 21 3 5 0 7 36 83 49 2051 1818 2299 82 85 88 34 206 8094 165 144 75 15 53 159 39 18 5 2 2 387 179 73 28 36 95 85 8 218 196 89 13 16 14 47 296 52 4 35 1 153 9 344 48 62 32 12 126 462 120 1017 5293 786 3088 5662 25 43 6 11 15 0 1 1 0 0 1 1 0 0 0 0 2 0 0 3 0 1 1 1 4 3 5 0 0 3 0 0 0 0 2 5 0 0 6 0 6 0 0 4 3 6 0 7 0 0 5 30 0 5 52 0 10 28 1 0 16 1 1 4 9 0 0 0 1 3 0 16 11 18 9 1 3 4 1 28 48 3 5 135 22 6 5 2 1 35 2 6 21 35 0 0 71 17 1 1 0 0 0 0 2
33 13 19 6 9 8 14 25 59 6 0 3 128 1 3 11 12 17 25 5 7 15 7 18 4 1 7 5 26 17 8 3 4 1 0 0 1 26 18 5 295 36 51 300 2056 44 3 565 165 6492 101 1222 8 19 40 12 4 0 0 0 115 382 86 20 11 1389 24 5 208 186 266 49 44 256 18 398 691 150 164 1501 1219 5723 106 11 18 7 7 4769 2152 3909 1686 209 51 108 292 14 376 39 6 8 3 3 3 3 3 5 1 2 2 0 2 4 0 4 16 1 0 2 1 9 3 3 1 1 1 1 4 1 0 2 12 7 2 6 1 9 1 0 9 3 7 9 7 3 2 35 206 3 22 127 4 201 571 12 1 204 97 7 166 258 4 3 0 2 0 1 11 18 133 54 4 15 5 1 296 100 76 67 964 69 6 14 5 3 432 32 56 290 540 0 1 988 194 0 7 0 3 4 3 3
186 48 79 28 33 32 61 99 14 26 0 16 1 2 9 15 2 20 7 3 2 21 7 17 18 1 12 9 90 47 26 1 10 5 0 0 1 6 8 6 194 20 35 22 23 13 4 34 144 101 11050 9627 69 115 416 23 20 5 1 0 41 27 9 12 3 44 41 7 22 432 12 16 12 84 69 17 102 23 11 343 756 192 807 50 63 21 15 139 42 12 67 7502 7908 168 183 45 67 25 16 19 0 0 1 0 0 3 0 1 0 0 0 3 0 0 1 0 0 0 0 0 0 2 0 4 1 0 1 0 0 0 1 0 4 10 0 14 1 0 2 0 0 0 0 0 0 1 5 0 0 5 2 13 22 0 0 6 198 21 269 186 0 0 0 0 6 0 1 2 2 2 0 0 6 2 8 2 35 7 21 0 6 4 2 0 5 10 35 11 127 0 1 29 5 4 2 0 2 0 0 1
338 134 116 51 73 53 133 264 103 49 2 28 28 2 3 9 3 8 9 5 10 15 7 14 22 1 4 10 183 86 72 19 28 10 0 0 3 28 15 11 150 8 23 114 196 10 8 40 75 1222 9627 34431 157 220 764 45 27 16 0 0 36 65 16 12 10 418 77 19 50 606 138 43 25 674 206 33 791 171 126 13303 6975 2959 1305 63 86 42 34 1686 178 111 112 2610 4977 172 163 69 582 70 34 59 2 1 2 5 0 3 0 5 2 0 6 8 0 0 3 0 2 0 0 1 5 1 0 4 1 0 2 0 0 0 3 1 2 24 0 14 0 0 6 1 0 0 0 4 2 9 68 2 10 24 0 83 68 2 4 152 3313 239 5965 2774 34 2 1 2 13 0 0 4 12 105 3 3 16 1 10 10 472 97 229 5 13 15 51 0 15 86 555 216 1754 0 14 249 76 2 25 8 0 0 1 0
882 282 243 124 337 203 1374 670 156 132 29 113 3 9 8 4 2 4 0 0 10 41 5 34 152 1 72 75 4000 289 449 36 103 15 2 0 0 9 59 50 50 7 56 3 18 10 71 19 15 8 69 157 9427 7055 7497 10 362 16 2 2 17 55 92 84 61 6 842 49 140 38 6 62 31 23 431 9 86 4 28 7 53 14 1696 338 32 54 200 17 12 3 31 77 58 19 79 336 145 5588 232 383 1 2 6 5 0 8 1 0 1 2 8 17 0 0 1 0 0 0 1 0 0 2 0 7 11 0 0 0 0 0 8 0 9 36 0 28 0 0 4 0 2 3 4 0 9 0 3 0 1 7 5 0 0 0 0 0 4 1 4 3 0 0 0 3 19 0 2 1 0 2 3 4 15 5 1 1 0 1 4 2 42 18 3 5 0 15 1 1 2 3 1 0 0 8 10 0 5 2 0 9
1550 510 423 265 586 486 1833 986 97 167 13 252 0 27 28 11 4 13 2 3 26 82 21 102 441 4 196 197 13975 562 895 81 205 48 23 0 17 38 123 147 136 21 170 4 14 13 228 46 53 19 115 220 7055 18461 1006 24 876 37 12 6 55 147 235 184 168 9 4694 130 346 64 32 101 82 58 1017 36 90 0 77 10 126 12 2167 7320 449 294 419 37 27 7 57 202 131 75 196 720 129 2407 616 905 5 4 9 34 10 15 0 3 6 1 17 60 0 1 3 0 0 0 0 3 1 2 0 17 20 0 4 1 0 0 13 2 36 79 0 52 0 0 13 6 9 4 4 4 19 1 8 0 4 32 6 1 7 0 1 3 3 1 7 5 0 4 0 10 60 0 10 3 2 2 13 17 47 13 2 13 2 0 18 5 107 37 8 11 3 69 0 1 7 6 3 4 0 25 31 8 20 6 2 11
395 111 135 46 124 73 468 303 44 43 6 41 2 4 15 24 6 28 2 1 3 21 17 40 42 1 17 23 883 107 120 20 45 8 2 1 2 18 32 14 1543 43 62 8 18 17 16 27 159 40 416 764 7497 1006 13234 669 79 6 2 1 50 30 20 22 18 14 174 27 60 93 36 18 17 20 213 20 48 3 19 32 304 28 2632 90 48 32 60 73 57 11 80 1073 337 137 107 120 42 1616 49 94 0 1 0 0 1 3 0 0 2 1 1 10 0 1 0 0 0 0 0 1 0 0 0 4 3 0 3 0 0 1 3 0 6 26 0 23 0 0 5 0 0 3 3 0 5 0 3 0 0 2 4 4 5 0 0 2 19 2 51 9 0 0 0 0 21 0 2 1 2 3 2 0 12 1 7 6 3 4 13 0 32 14 1 6 5 8 6 3 26 0 0 11 2 5 1 0 3 2 0 3
270 200 104 135 130 165 64 126 9 22 1 70 0 4 5 2 1 8 2 0 1324 245 11 25 110 1 30 11 93 115 149 27 72 15 3 2 2 19 18 32 1145 18 42 5 2 7 23 7 39 12 23 45 10 24 669 2170 35 20 3 1 21 17 27 38 16 1 103 19 48 22 12 41 35 18 230 8 25 1 30 1 66 3 2909 77 1035 330 55 20 30 7 24 127 40 43 57 174 30 14 135 62 0 0 2 3 3 7 0 2 1 3 2 9 0 0 0 0 0 0 0 1 0 1 0 6 3 0 2 0 0 0 2 0 12 24 0 20 0 0 4 1 1 4 0 0 7 1 0 0 0 5 1 3 3 0 0 3 1 0 0 2 1 1 0 6 19 0 0 3 0 0 4 3 14 2 1 1 0 0 10 0 29 18 1 5 2 21 0 0 9 2 2 6 0 7 12 1 5 2 0 5
201 67 32 42 1276 126 226 28 4 8 2 68 3 71 31 15 2 16 8 2 25 29 8 63 197 3 244 519 6954 4729 7936 32 73 31 41 4 22 21 322 47 200 21 90 5 13 27 226 81 18 4 20 27 362 876 79 35 5963 21 15 17 51 156 278 201 368 4 4372 250 723 74 53 26 22 18 2659 32 14 0 24 0 65 5 253 309 177 293 725 11 12 3 46 49 32 31 134 1276 12 124 2009 5943 2 2 3 10 1 5 0 3 0 0 4 14 0 2 2 0 0 0 0 7 0 6 0 3 7 0 1 1 1 0 7 0 8 24 0 10 0 0 4 3 14 3 8 0 2 2 14 0 2 67 0 0 3 0 1 2 1 0 2 2 1 1 0 2 14 0 12 10 1 2 1 2 7 0 5 31 2 3 30 4 32 8 3 5 6 15 0 2 3 1 2 8 4 6 6 1 2 2 2 3
16 21 16 7 32 81 11 3 4 3 1 59 2 210 273 86 51 40 4 18 30 68 26 23 16 1 42 231 83 20 13 2680 4080 4006 35 113 364 222 256 20 174 12 16 0 2 4 628 29 5 0 5 16 16 37 6 20 21 4577 1757 3794 23 22 17 9 50 1 56 2851 213 10 21 632 560 24 5653 49 14 0 154 0 35 1 50 53 56 25 26 4 3 0 11 11 12 8 16 1115 4 6 8 12 2 4 7 11 3 10 0 0 2 1 2 16 0 2 11 0 1 2 1 16 2 6 1 9 23 1 3 0 0 0 9 0 13 35 2 38 1 0 11 4 8 7 8 5 16 2 6 0 0 27 4 0 3 0 0 1 2 1 1 2 7 6 1 8 26 1 8 2 1 1 12 9 18 9 3 9 2 0 9 4 22 23 7 3 1 18 0 0 2 2 14 3 1 12 8 2 13 3 0 9
1 1 0 2 3 1 2 1 0 0 0 1 1 886 461 41 82 13 2 28 25 70 51 234 9 6 412 405 32 7 21 1 192 1761 4267 2212 1179 274 107 575 75 5 118 3 1 3 2504 7 2 0 1 0 2 12 2 3 15 1757 6614 6516 9 4 14 58 93 0 19 1148 73 2 4 10 52 44 812 8 2 0 4 0 4 0 8 8 12 14 25 0 2 0 5 4 2 1 23 13 1 3 8 4 4 2 3 0 5 2 0 2 1 0 0 6 33 3 1 4 21 8 22 7 84 40 16 65 42 14 59 2 4 2 11 1 8 38 5 145 20 9 165 191 7 125 2 3 41 3 2 0 41 13 94 1 1 1 1 0 2 3 0 0 1 4 0 10 4 32 5 11 3 0 7 9 15 90 1 10 1 0 12 1 13 83 38 15 0 39 0 0 1 4 13 0 5 9 7 6 22 7 2 19
0 0 0 0 4 2 1 1 0 0 0 1 1 598 547 159 107 50 3 45 10 40 74 52 6 4 139 278 31 4 4 3 316 4667 756 790 1506 243 215 189 87 5 26 1 0 1 1633 7 2 0 0 0 2 6 1 1 17 3794 6516 2224 24 7 8 22 39 1 12 1280 107 1 3 10 60 15 1116 19 1 0 6 0 7 0 5 5 9 7 11 0 1 0 4 8 2 0 14 18 2 0 4 5 0 1 1 0 3 4 0 2 0 0 0 5 4 1 3 0 1 3 4 6 19 4 1 18 20 1 11 0 1 2 7 0 3 13 0 34 0 1 30 25 4 17 4 2 5 3 1 0 9 11 31 1 1 0 0 0 3 2 0 0 1 1 1 1 1 6 1 2 3 0 10 1 17 29 1 4 0 0 6 1 6 23 6 3 0 13 0 0 1 2 2 0 1 1 0 0 10 1 0 5
24 11 2 8 11 14 12 4 0 5 1 9 152 18 128 190 233 3542 273 147 26 116 71 1108 51 18 197 288 122 20 25 13 56 35 20 3 93 323 9763 52 1046 605 4672 144 150 1304 71 763 387 115 41 36 17 55 50 21 51 23 9 24 21301 499 556 1984 554 844 170 33 6957 243 321 30 138 26 150 11876 30 2 55 0 387 14 110 56 49 88 18 153 414 38 5420 703 168 278 1489 73 13 7 43 15 5 15 0 0 15 4 0 0 1 0 1 13 13 91 690 10 4 45 8 397 44 52 4 7 10 5 10 31 1 48 63 51 13 20 7 52 3 2 49 25 814 10 772 9 18 152 539 35 95 3916 17 38 64 9 4 40 5 7 9 21 5 8 0 9 12 11 830 499 106 157 16 59 40 34 147 1159 12 17 1750 117 15 64 10 35 121 65 8 33 49 4 7 160 123 23 2 1 9 12 17 9
56 17 14 7 22 39 16 26 4 4 1 8 13 11 35 70 11 166 42 20 39 253 55 77 78 26 31 35 368 23 55 15 19 14 9 0 5 41 257 38 354 41 175 60 91 55 41 6882 179 382 27 65 55 147 30 17 156 22 4 7 499 16836 5932 488 595 75 425 28 2891 8923 3203 19 16 7 183 942 36 2 35 16 1083 290 111 99 112 133 24 591 826 123 1296 272 180 1469 3267 70 17 15 88 27 3 3 0 0 2 0 1 1 0 1 1 0 1 0 12 1 1 4 3 12 6 11 2 1 5 1 2 4 3 4 12 10 0 2 0 9 1 0 7 5 13 4 15 4 2 51 123 1 9 160 6 366 862 9 8 250 38 8 41 203 1 2 0 1 1 1 24 34 209 27 8 12 7 6 331 163 72 127 801 81 1 9 13 9 368 23 93 129 760 4 4 1070 311 4 6 1 3 3 1 0
19 5 5 4 18 15 10 6 2 0 1 9 10 20 33 46 13 123 32 7 68 384 66 45 198 29 62 56 515 27 76 6 14 8 15 2 7 42 556 71 219 28 261 67 59 69 84 1270 73 86 9 16 92 235 20 27 278 17 14 8 556 5932 15561 4952 5890 75 762 57 6071 1176 328 24 30 9 139 316 14 0 34 3 152 17 106 193 190 286 39 40 161 52 955 95 72 328 2015 51 9 15 197 38 0 0 0 0 0 0 0 2 0 0 2 1 5 0 9 2 2 5 0 19 2 18 1 0 3 2 1 1 1 3 7 9 0 4 0 3 1 1 5 2 9 3 17 3 2 26 72 1 9 96 7 39 98 4 3 65 4 1 2 18 0 1 0 1 0 3 25 33 57 12 1 13 11 2 96 170 11 21 378 64 3 3 5 6 103 10 4 7 71 1 3 192 73 0 1 0 1 2 1 4
14 9 1 3 10 14 6 2 2 1 1 7 29 100 73 84 37 460 80 17 61 303 66 211 256 21 1535 1233 318 18 52 5 24 16 136 26 19 68 2019 100 178 25 2556 33 82 495 239 227 28 20 12 12 84 184 22 38 201 9 58 22 1984 488 4952 6652 6957 29 764 124 3084 140 60 19 50 12 157 95 13 0 28 0 44 6 108 190 170 345 85 17 32 9 570 44 31 69 1855 33 8 12 253 82 0 2 0 0 3 0 0 0 0 0 0 0 3 12 38 1 4 8 1 102 5 17 3 1 3 3 5 5 0 4 15 10 1 5 0 9 3 0 3 11 123 10 101 0 2 25 40 2 8 465 3 8 22 3 0 6 0 1 0 2 1 1 0 0 4 2 123 65 20 6 1 12 9 3 22 159 3 5 165 18 5 9 5 4 33 9 3 3 11 0 0 19 20 1 1 0 2 1 0 4
10 10 3 3 20 11 5 3 0 0 0 8 29 158 190 295 20 517 85 6 27 63 18 150 73 4 620 2208 470 13 126 8 15 24 66 30 18 24 4737 17 159 46 523 12 25 442 162 258 36 11 3 10 61 168 18 16 368 50 93 39 554 595 5890 6957 7641 24 567 211 6684 163 77 8 15 6 313 44 3 0 10 0 42 4 70 94 76 119 61 20 13 6 188 39 15 52 570 34 3 10 96 84 0 3 0 0 5 4 0 0 0 0 0 4 3 49 124 4 1 19 5 253 4 29 4 0 3 3 0 14 1 14 13 8 0 3 5 19 0 0 10 8 365 2 197 2 8 29 46 2 7 928 4 5 18 3 0 10 0 1 2 3 0 1 0 4 7 3 241 122 16 13 0 4 12 6 28 124 3 1 153 16 1 6 2 3 22 6 4 3 9 4 0 28 15 11 0 1 0 0 1 0
6 2 3 1 4 4 6 5 44 3 0 0 4119 1 6 8 28 157 271 14 4 11 6 17 2 1 3 15 9 9 4 1 7 0 1 0 3 113 68 4 127 62 192 450 2687 2833 4 41 95 1389 44 418 6 9 14 1 4 1 0 1 844 75 75 29 24 1175 17 3 155 43 54 40 41 720 4 80 621 546 132 372 156 389 27 6 9 4 3 172 111 131 2616 74 11 30 295 5 305 34 5 1 2 2 2 2 2 5 0 0 1 1 3 4 0 19 360 3 0 11 0 173 7 82 2 0 1 2 1 3 0 1 9 5 3 5 1 5 0 0 18 4 46 3 35 3 0 16 138 14 22 816 3 6 16 1 2 17 22 0 29 17 0 0 0 3 1 0 57 30 15 337 0 3 1 3 30 109 8 5 343 22 4 7 12 4 27 14 3 11 40 0 2 62 24 1 3 1 0 2 1 1
371 259 184 184 627 537 140 174 33 55 10 287 3 60 47 36 11 46 10 5 91 381 65 362 2147 34 689 650 7439 854 2078 103 347 72 100 5 30 74 329 583 283 54 571 16 19 49 966 130 85 24 41 77 842 4694 174 103 4372 56 19 12 170 425 762 764 567 17 14262 515 887 157 68 183 109 71 2409 61 130 5 130 2 138 11 1224 10515 1351 3535 2171 42 58 10 144 176 106 118 517 1273 179 92 5713 4865 5 5 12 33 11 27 0 2 6 9 16 66 1 1 8 1 0 0 1 11 5 6 0 18 33 0 6 0 0 2 23 1 45 92 1 59 1 0 12 8 17 6 14 1 32 2 13 0 2 87 11 2 6 0 0 6 4 1 2 3 4 6 1 15 63 0 25 12 3 3 24 17 41 3 10 47 2 3 64 4 130 52 19 17 10 48 2 2 13 8 17 14 10 27 30 5 30 1 1 17
12 16 5 5 16 7 7 8 4 3 0 7 4 315 255 88 40 39 8 12 66 133 52 98 280 3 304 706 243 9 104 6 287 981 99 73 390 449 399 96 186 16 85 5 3 12 2022 26 8 5 7 19 49 130 27 19 250 2851 1148 1280 33 28 57 124 211 3 515 2713 404 18 14 51 303 89 4116 31 46 0 65 0 27 1 98 130 107 219 2278 4 3 0 17 21 16 9 41 31 17 5 346 183 4 1 1 0 0 2 0 0 1 0 0 3 4 4 4 1 3 0 0 18 16 9 5 25 15 1 17 0 0 1 8 0 8 30 3 68 0 0 64 49 10 18 5 1 21 3 6 1 13 25 25 1 2 1 0 2 1 1 0 1 0 2 0 7 1 5 6 3 3 0 5 5 15 22 4 11 2 0 13 2 14 47 24 3 1 24 0 0 1 2 9 1 3 1 3 1 12 5 1 8
85 15 9 13 89 93 54 10 3 6 3 37 59 126 377 947 29 1051 50 18 61 197 54 95 84 8 87 944 1214 108 355 37 83 101 34 16 50 90 10609 36 575 196 1173 71 279 201 156 6268 218 208 22 50 140 346 60 48 723 213 73 107 6957 2891 6071 3084 6684 155 887 404 18083 837 1414 52 53 20 1225 7239 33 1 43 3 988 59 196 181 185 190 55 188 356 82 1695 268 136 238 1716 298 14 23 137 123 0 9 1 0 7 5 1 5 1 1 0 11 8 13 62 8 6 13 0 71 26 24 3 5 21 5 7 4 3 8 85 46 4 22 1 42 4 1 42 19 150 17 305 9 23 179 579 10 68 1741 26 121 259 26 9 234 11 3 16 74 5 15 0 16 11 8 412 394 303 126 22 108 52 51 431 1651 52 58 2729 348 16 54 22 35 461 70 21 79 199 7 8 619 334 10 5 6 13 12 21 11
90 33 37 8 28 29 38 59 4 14 1 13 14 2 18 49 10 89 15 5 12 75 39 47 35 5 19 21 166 37 38 10 20 7 4 0 5 22 87 15 278 54 122 46 74 35 20 1345 196 186 432 606 38 64 93 22 74 10 2 1 243 8923 1176 140 163 43 157 18 837 4763 2767 6 18 18 135 304 32 5 28 17 2767 301 257 41 71 42 17 730 673 126 693 702 1327 2019 1520 65 29 6 35 28 0 0 0 0 0 0 1 2 0 0 1 1 1 2 3 0 1 2 0 3 5 5 0 3 0 1 5 0 0 1 3 1 0 4 1 4 0 0 2 5 4 1 3 1 2 17 64 1 3 53 5 184 305 6 1 132 56 6 118 308 1 0 0 1 3 2 9 15 70 19 0 9 4 3 118 66 105 98 376 37 4 5 5 3 137 21 118 63 700 1 1 401 121 0 3 0 0 2 3 2
55 11 25 8 31 31 17 27 11 8 0 12 34 1 18 49 13 131 30 6 7 16 13 11 8 1 2 33 112 35 25 21 22 14 0 2 4 41 133 3 246 28 54 81 122 34 11 4657 89 266 12 138 6 32 36 12 53 21 4 3 321 3203 328 60 77 54 68 14 1414 2767 9566 23 24 18 96 1149 79 9 56 19 7606 372 115 21 28 13 6 1934 2088 271 1397 148 262 534 241 71 43 11 8 8 3 0 0 1 0 0 1 4 1 0 0 2 0 1 2 1 0 1 0 4 2 1 1 0 4 1 6 2 2 0 6 4 3 1 0 4 0 0 9 4 3 7 11 9 2 34 80 2 8 64 1 329 518 6 5 157 96 9 106 489 2 0 0 0 2 3 2 29 91 20 1 12 3 2 163 85 177 176 532 45 2 8 4 5 180 22 187 108 1321 0 4 635 245 1 2 0 0 4 3 6
