33546 9446 17879 5662 2130 4380 7866 11574 559 3726 429 3772 0 13 9 6 2 7 0 1 294 129 9 3 23 0 23 46 5313 13068 806 26 83 17 9 1 23 30 31 7 638 1 14 0 2 4 8 21 32 10 180 545 1100 1138 225 151 152 8 1 2 7 24 13 13 22 9 314 21 50 66 21 128 31 62 73 11 36 1 46 54 141 12 2400 383 753 33 30 23 11 4 14 228 113 83 50 478 326 3196 51 46 82 34 220 337 22 252 38 25 91 108 190 231 3 2 4 0 12 2 4 6 1 8 6 10 3 0 5 0 0 1 186 3 59 86 5 83 0 0 11 33 2 7 1 7 25 0 0 0 1 4 9 2 3 3 0 2 12 15 17 8 25 15 5 46 34 6 0 0 0 0 30 12 44 18 1 0 4 3 6 0 91 19 11 7 2 90 5 0 13 3 35 1 2 32 121 36 19 2 0 1
9446 15858 9717 12001 2274 3497 40 147 41 685 164 1766 0 1 1 2 0 0 0 0 83 34 3 1 8 0 7 8 298 4586 193 15 14 6 4 0 4 7 1 1 173 1 5 0 1 1 4 0 18 2 14 44 60 48 29 21 72 10 0 0 0 3 1 4 8 0 95 7 8 5 5 46 8 27 27 2 13 0 16 6 13 0 224 82 173 13 12 3 3 1 2 35 12 6 4 36 85 59 16 15 45 13 93 166 18 118 13 9 42 41 81 118 0 1 0 2 1 0 0 0 0 1 1 8 2 0 0 0 0 0 93 1 36 48 1 50 0 0 3 5 0 5 0 5 8 0 0 1 0 1 5 0 0 0 0 0 1 5 3 2 28 8 2 18 19 1 0 1 0 0 15 6 20 10 0 0 1 0 3 0 63 10 10 2 1 56 0 2 2 1 27 0 1 24 62 20 6 1 0 2
17879 9717 14510 14981 327 11609 497 10816 474 5693 648 33783 1 6 2 5 2 2 1 1 199 69 6 1 12 0 16 22 664 866 124 23 62 14 8 2 13 9 7 2 398 2 3 0 1 1 6 3 17 5 71 175 309 216 82 74 82 14 2 1 2 5 3 10 2 1 169 17 13 25 10 114 18 55 64 0 26 1 29 15 64 7 781 175 406 34 23 15 6 1 5 131 53 35 19 65 289 418 23 28 152 50 331 509 31 424 45 36 172 163 328 397 1 3 1 2 19 2 3 3 1 6 6 17 6 3 4 0 0 2 263 1 105 130 5 139 1 0 12 34 2 6 0 6 20 2 0 0 4 5 13 3 2 6 0 0 5 21 4 1 51 24 13 64 57 6 1 0 1 0 40 23 51 35 5 4 2 3 1 0 153 28 18 6 1 126 0 0 6 4 67 4 3 52 209 59 24 6 0 1
5662 12001 14981 23344 8816 18000 74 354 54 573 131 5161 1 6 1 1 0 0 0 0 190 66 5 3 14 1 18 14 507 4206 654 16 39 7 2 2 8 11 10 6 396 0 5 0 0 1 9 2 17 2 24 75 105 101 45 55 152 10 2 0 5 3 3 7 8 0 217 13 16 11 7 72 11 74 54 3 24 0 17 11 28 4 378 144 396 30 14 2 2 3 3 54 22 17 14 71 161 87 41 32 90 42 248 332 30 282 39 23 101 119 196 298 0 1 1 1 14 2 2 1 1 0 5 15 5 2 2 0 0 1 251 1 92 107 3 91 0 2 5 28 2 7 3 7 23 1 2 0 1 3 13 1 0 7 0 2 6 14 6 3 41 14 3 58 39 6 2 0 1 0 38 22 45 21 3 4 7 1 1 0 124 22 11 1 1 109 2 2 4 1 48 1 2 42 140 46 28 3 0 3
2130 2274 327 8816 25269 10706 603 192 48 273 128 3367 3 48 28 51 20 24 4 3 368 284 12 13 44 2 30 198 1633 7395 11376 62 327 192 20 20 218 200 158 10 497 12 22 1 6 5 12 45 7 0 33 96 184 252 42 74 612 12 15 22 16 49 24 18 39 0 372 27 193 14 19 117 63 52 525 39 24 2 43 5 24 1 641 207 546 51 58 8 9 6 27 41 25 25 20 9537 127 406 80 592 26 13 67 95 3 74 7 11 39 28 47 99 0 2 5 2 0 6 0 26 1 12 1 1 4 1 2 1 0 1 94 2 33 36 2 30 1 0 2 7 11 2 1 4 6 1 1 0 1 32 1 0 1 0 0 1 2 8 2 3 21 8 1 21 13 1 4 2 1 1 16 7 9 3 0 8 1 1 4 2 26 3 5 1 1 41 0 0 1 2 22 1 0 20 36 18 8 1 0 1
4380 3497 11609 18000 10706 12417 461 797 134 774 521 12473 1 38 31 27 6 19 4 5 813 609 30 12 90 1 41 154 870 3769 1839 1975 1344 54 5 15 111 128 104 12 628 8 27 0 2 6 24 51 27 3 52 138 219 205 71 99 137 78 10 6 40 55 18 28 46 2 355 28 190 14 31 900 298 130 229 46 142 1 285 16 54 3 684 274 876 126 47 12 11 1 31 88 32 34 32 2281 815 424 131 52 134 58 275 412 46 365 35 33 122 162 275 376 5 3 5 2 13 5 2 25 1 14 7 17 10 3 5 0 1 3 273 2 113 143 7 164 2 1 7 52 10 9 4 10 28 3 3 1 1 28 15 1 1 6 0 3 8 12 6 5 66 22 11 69 47 6 2 0 4 1 50 25 67 20 3 11 9 3 9 2 192 39 27 4 2 157 2 2 6 2 64 2 6 70 215 68 23 2 0 3
7866 40 497 74 603 461 6487 6544 1290 1415 245 570 2 3 2 4 1 5 0 1 70 47 6 1 7 1 7 22 2348 810 597 7 36 20 0 1 12 14 11 2 81 3 3 0 4 1 4 6 5 4 46 153 837 1107 117 31 43 4 2 2 7 8 1 5 7 1 80 6 31 9 4 57 10 7 19 4 17 1 24 20 36 6 963 126 114 10 7 4 1 5 5 44 32 16 5 300 365 6277 11 12 10 6 25 47 3 34 5 3 12 19 24 41 0 2 0 0 1 1 0 1 1 1 0 0 1 0 0 0 0 2 30 0 11 7 1 15 2 0 1 10 0 1 0 0 3 1 1 0 1 0 0 0 0 0 0 0 3 6 4 2 7 4 1 4 2 1 0 1 0 2 8 1 4 1 0 0 0 2 2 0 10 7 1 0 0 9 1 1 0 0 6 0 1 7 22 10 3 0 0 0
11574 147 10816 354 192 797 6544 25427 7332 24279 730 3637 1 1 1 3 1 1 0 0 94 33 1 0 5 0 8 10 705 717 145 5 29 2 0 1 6 6 9 1 321 0 4 1 4 0 2 1 18 11 93 281 741 668 146 67 45 4 0 4 0 7 3 2 10 2 87 5 10 27 12 65 14 31 33 2 11 0 22 16 73 9 1364 194 307 6 9 13 5 1 5 123 65 32 11 75 305 2536 14 13 53 28 125 204 12 185 21 14 70 70 136 155 1 0 0 0 6 0 1 0 2 1 1 3 1 0 0 0 2 1 81 0 21 45 5 53 2 0 2 18 0 0 0 2 6 0 0 0 2 2 4 0 1 1 0 0 6 7 8 3 14 9 3 24 18 3 1 1 2 0 11 11 14 6 1 1 4 1 0 0 31 9 6 0 0 34 1 0 5 0 21 0 1 15 57 18 7 1 0 1
559 41 474 54 48 134 1290 7332 3573 5316 664 776 12 1 4 0 1 0 0 0 36 42 8 4 25 0 1 2 113 78 36 21 132 10 2 0 2 28 1 1 49 1 2 14 72 2 21 4 2 83 26 81 241 133 18 13 6 9 2 0 0 2 1 0 1 38 21 22 1 0 4 352 106 139 24 0 143 20 221 38 61 80 191 16 48 4 9 84 22 51 28 15 9 5 5 42 2924 2155 12 0 19 1 37 36 1 36 7 0 13 14 22 25 0 1 0 1 6 0 1 3 3 6 4 0 0 0 0 0 0 0 31 0 7 15 1 21 0 1 0 9 1 2 0 2 4 1 0 0 1 6 1 1 3 1 0 1 2 2 5 4 3 0 1 3 5 3 1 0 1 0 5 6 7 5 3 6 1 4 14 0 18 12 10 0 4 20 4 3 7 0 4 3 3 7 13 4 1 0 0 0
3726 685 5693 573 273 774 1415 24279 5316 50733 10393 27203 0 5 0 2 0 2 0 0 96 47 3 1 8 0 7 7 335 922 125 52 189 20 2 1 6 26 4 3 186 3 6 3 1 3 5 1 7 8 43 99 537 322 91 45 35 53 0 2 5 8 2 2 2 3 82 20 7 14 3 304 64 147 242 3 104 4 106 15 44 9 529 75 180 8 14 8 3 6 4 61 32 21 11 142 1808 2975 9 17 256 87 584 818 56 735 96 71 261 294 555 736 3 2 1 3 23 5 3 5 0 7 9 21 15 2 6 1 1 5 431 8 146 232 11 222 0 1 18 58 2 15 3 10 44 2 0 0 5 10 26 1 3 5 0 4 16 41 8 11 101 34 19 93 72 15 3 0 2 0 69 43 113 41 2 5 8 3 7 3 211 63 38 18 4 242 2 2 12 5 107 0 5 92 297 113 37 2 0 0
429 164 648 131 128 521 245 730 664 10393 5591 5493 1 2 3 1 0 0 1 0 129 87 3 1 19 2 0 9 91 239 42 39 235 10 1 0 5 10 4 3 91 0 1 1 1 2 1 8 2 1 9 19 148 74 25 15 12 13 0 1 3 1 0 2 3 5 40 2 15 4 0 1616 49 74 56 4 288 1 118 7 8 1 107 34 90 15 7 6 2 0 5 14 6 3 2 111 3368 748 21 5 119 39 287 408 17 365 33 37 146 113 289 312 1 2 1 0 6 0 2 1 1 1 0 12 5 0 3 0 0 1 188 0 65 84 4 68 1 1 3 15 0 4 1 5 11 0 0 1 3 0 3 0 0 2 0 1 4 15 0 5 34 15 10 51 25 6 0 0 2 0 31 24 25 9 1 3 2 0 2 0 83 15 9 2 1 70 1 0 3 4 34 1 1 35 174 57 15 0 0 1
3772 1766 33783 5161 3367 12473 570 3637 776 27203 5493 35112 1 24 33 31 6 18 15 7 977 741 50 15 130 2 31 138 731 2081 881 1790 2166 163 7 14 105 308 129 11 801 16 37 3 3 16 18 68 25 3 51 178 462 277 99 133 157 184 8 10 58 61 31 28 52 8 374 21 189 24 28 2023 606 256 396 58 326 3 431 21 40 2 766 264 933 116 45 27 18 5 56 110 33 24 41 1725 2855 990 145 74 347 148 833 1194 70 1071 102 91 382 331 808 1062 3 7 11 3 38 4 3 38 3 20 9 44 14 1 10 1 3 6 664 1 240 278 19 268 2 4 17 88 11 19 6 16 60 0 5 0 8 34 36 3 5 10 0 4 21 42 6 7 121 74 32 151 93 20 3 3 1 3 87 45 103 52 2 13 10 6 16 1 323 70 48 10 5 264 2 1 9 8 129 3 5 123 528 155 64 7 0 10
0 0 1 1 3 1 2 1 12 0 1 1 6403 0 2 9 11 2823 6387 116 0 1 0 27 0 2 41 29 0 0 1 0 6 0 1 1 18 113 31 4 12 16 47 5528 4534 8150 0 10 5 196 2 6 1 0 0 0 1 2 0 0 651 12 11 41 60 1622 4 2 46 0 0 58 592 2873 4 9 362 273 841 5 13 26 0 0 2 0 0 28 34 153 369 3 0 2 9 0 82 10 1 3 0 1 0 0 3 0 0 0 1 0 0 0 26 114 597 30 11 180 9 1046 43 783 38 0 1 2 9 6 18 69 10 0 4 17 0 8 18 2 29 16 306 13 58 0 3 17 51 39 96 1513 8 7 8 2 3 10 1 0 0 2 0 2 0 2 4 3 116 18 13 160 0 5 10 3 18 173 3 9 100 14 5 36 169 0 12 19 1 5 7 2 1 8 9 3 2 1 2 2 1 0
13 1 6 6 48 38 3 1 1 5 2 24 0 8538 6867 903 292 125 12 15 102 67 697 172 20 65 3688 2164 554 46 180 0 24 356 6174 7154 1002 120 184 1178 903 29 70 2 1 10 214 3 8 0 4 14 23 62 7 6 369 94 1205 730 14 8 29 286 175 0 287 978 82 3 0 5 23 100 301 5 4 0 17 1 8 2 156 70 90 31 19 2 4 0 7 24 1 7 23 85 0 9 41 128 0 1 0 0 4 0 1 3 0 0 0 2 55 20 7 49 115 62 65 73 70 120 133 17 27 8 28 8 23 36 1 3 5 35 11 50 32 30 73 192 8 104 7 2 14 8 0 0 42 43 28 1 2 0 0 1 0 2 0 0 1 2 0 0 7 59 1 10 7 4 2 14 15 31 5 19 3 3 10 2 11 69 46 4 2 29 0 1 0 10 4 2 7 3 4 1 10 3 1 6
9 1 2 1 28 31 2 1 4 0 3 33 2 6867 10192 10263 451 1458 50 705 117 48 958 497 18 140 2478 4322 246 22 65 1 22 19 726 1148 894 162 713 411 1497 142 161 5 4 16 63 16 78 0 5 10 18 25 2 1 130 14 74 22 79 30 29 89 140 4 122 230 205 11 10 1 21 79 84 36 4 0 8 0 8 0 64 19 36 12 3 7 10 6 50 63 0 18 93 54 2 5 13 44 0 1 0 1 2 3 0 0 0 1 0 1 101 57 23 124 69 85 68 140 79 184 148 22 24 19 50 11 58 70 4 3 4 16 5 35 45 23 54 99 30 145 19 2 14 24 4 2 65 78 28 3 4 0 3 1 1 5 0 1 3 0 3 0 6 41 5 13 9 4 26 26 9 30 3 43 0 2 11 0 10 84 35 10 2 17 2 0 2 11 6 6 14 6 4 0 18 7 4 7
6 2 5 1 51 27 4 3 0 2 1 31 9 903 10263 8968 225 3869 1330 959 35 33 209 401 17 40 605 5780 144 34 130 1 31 58 71 117 464 563 736 98 650 182 282 28 6 66 36 65 126 0 8 5 6 15 2 0 77 19 27 25 208 92 74 129 108 5 37 129 263 28 24 3 30 105 246 106 3 0 11 0 16 1 33 11 20 6 5 19 33 13 125 102 3 43 190 120 1 5 4 37 0 0 0 1 2 3 2 3 1 0 0 2 148 170 77 136 28 231 37 430 55 537 73 13 9 22 27 18 100 191 7 0 6 29 2 23 61 15 35 56 39 77 42 0 9 34 6 4 94 182 13 3 11 4 2 7 0 2 0 2 4 0 1 1 4 29 22 23 23 3 9 13 14 13 12 52 4 4 41 2 9 48 43 5 7 34 0 0 6 5 4 8 13 7 5 0 7 5 0 1
2 0 2 0 20 6 1 1 1 0 0 6 11 292 451 225 1103 181 1803 1014 66 25 289 113 3 121 30 82 17 8 29 1 11 12 23 5 1568 652 38 93 272 19 34 173 2 16 14 2 4 1 0 1 3 5 0 0 12 7 9 2 35 4 2 6 4 2 5 16 16 4 1 0 22 43 61 5 1 0 7 0 1 0 5 4 4 0 1 0 2 1 21 10 1 2 12 37 0 3 2 11 0 3 3 0 3 1 0 0 0 0 0 3 81 21 6 79 107 42 73 47 72 71 121 29 29 17 45 4 35 39 3 4 8 34 8 49 69 31 90 146 7 167 12 2 23 24 1 1 36 27 43 1 6 1 2 0 0 2 0 1 6 5 0 2 4 72 2 11 12 1 32 21 21 45 3 23 1 4 6 2 14 80 34 4 1 25 0 1 1 22 8 2 15 7 4 0 14 12 1 9
7 0 2 0 24 19 5 1 0 2 0 18 2823 125 1458 3869 181 17588 3107 830 34 76 184 1440 42 61 2726 3147 62 15 57 6 55 37 81 24 469 1113 7012 143 895 349 1003 467 117 3990 48 485 228 10 13 5 6 8 0 1 35 16 20 15 5048 387 323 1012 759 102 44 51 1159 77 157 8 376 597 145 761 17 18 55 4 30 11 29 18 26 14 4 83 135 47 778 183 9 77 425 85 4 2 21 14 1 4 0 1 4 1 0 3 2 1 0 3 303 683 917 284 55 716 53 1680 137 2473 186 25 14 50 56 79 214 654 29 9 9 41 9 53 145 38 119 115 444 161 198 1 28 110 56 95 376 1424 42 16 26 3 8 22 0 10 3 3 3 3 0 2 10 42 94 92 67 50 21 41 41 36 53 310 6 8 170 24 27 107 217 13 42 69 1 9 18 13 9 39 47 8 9 5 16 6 6 4
0 0 1 0 4 4 0 0 0 0 1 15 6387 12 50 1330 1803 3107 40979 5361 31 47 129 458 14 115 1131 440 8 2 5 3 93 16 51 3 840 2373 55 249 198 59 229 14072 794 5078 31 34 41 86 12 24 2 1 2 0 6 9 5 2 732 49 122 250 238 319 5 12 131 13 14 19 3337 5916 38 53 80 239 476 15 30 67 5 2 10 2 3 75 59 139 1605 27 2 14 104 32 14 4 4 2 2 17 4 5 16 7 1 8 0 1 4 15 839 710 672 788 226 1177 325 2330 480 3717 884 77 84 124 198 91 458 857 29 20 42 123 14 159 428 120 438 460 237 600 199 8 87 193 40 34 701 1296 159 22 28 11 16 7 2 13 5 8 7 9 2 5 26 174 60 131 113 51 75 88 87 80 63 269 6 17 181 24 71 483 710 31 26 232 3 5 18 58 33 26 85 38 28 3 34 25 13 32
1 0 1 0 3 5 1 0 0 0 0 7 116 15 705 959 1014 830 5361 4313 23 23 253 297 10 206 72 45 3 2 4 2 16 11 18 3 1253 985 57 282 237 42 70 762 25 112 12 5 26 0 1 1 0 2 0 0 6 1 3 3 98 7 12 22 9 15 4 7 32 3 3 4 187 249 27 16 5 5 29 0 1 3 2 0 3 2 1 5 9 6 121 14 0 5 35 9 2 0 3 2 1 9 4 2 4 8 0 3 0 1 3 8 332 129 22 310 118 120 158 127 204 255 322 58 57 61 142 37 168 146 17 9 11 61 6 79 169 76 136 194 38 359 48 3 53 101 6 1 141 142 83 6 5 6 11 3 2 4 1 0 8 6 0 1 11 111 20 62 30 7 54 52 28 59 17 83 5 3 29 6 22 190 87 13 9 61 0 0 9 39 22 5 24 19 14 1 37 18 5 26
294 83 199 190 368 813 70 94 36 96 129 977 0 102 117 35 66 34 31 23 9033 11864 3997 156 386 333 188 85 140 253 366 70 594 496 44 50 278 930 48 440 1594 26 185 11 5 24 180 6 13 1 7 38 32 34 19 2693 65 88 50 68 65 32 87 100 64 3 123 232 98 12 5 121 405 212 662 21 157 2 183 3 15 2 455 50 3020 195 113 4 8 4 53 33 12 20 110 512 147 82 473 137 3 1 6 10 2 14 2 2 1 5 9 20 2 3 7 3 38 1 6 6 6 13 14 11 6 0 7 0 0 2 20 0 17 61 8 125 1 3 34 77 4 19 3 2 12 1 2 1 5 12 23 0 0 0 0 1 3 5 1 2 10 1 0 3 14 11 2 0 2 2 6 13 29 18 1 3 1 1 6 0 47 75 49 6 3 80 0 0 4 4 6 2 0 10 20 3 7 1 1 5
129 34 69 66 284 609 47 33 42 47 87 741 1 67 48 33 25 76 47 23 11864 20898 4377 787 4956 1340 600 87 99 181 233 71 800 607 114 31 271 1164 39 2854 843 146 892 16 7 69 877 18 85 3 7 24 29 43 5 313 80 120 94 133 205 107 280 312 96 11 234 365 138 58 18 137 571 361 860 49 202 3 299 1 9 0 500 172 3557 993 212 11 19 13 209 49 11 35 493 491 222 89 3585 113 6 4 8 5 6 11 2 6 2 4 6 20 5 6 8 4 49 10 11 21 15 19 29 22 12 0 5 2 1 4 18 2 18 113 19 182 7 3 70 197 10 24 4 1 19 3 3 0 13 31 29 2 1 1 1 3 2 4 1 2 7 4 0 2 16 23 7 2 2 3 10 7 32 31 3 12 3 2 11 2 57 125 74 2 10 116 0 1 5 7 12 4 3 16 24 3 7 4 0 7
9 3 6 5 12 30 6 1 8 3 3 50 0 697 958 209 289 184 129 253 3997 4377 9864 7742 295 6925 161 101 21 10 16 7 186 348 63 186 806 1039 70 2839 6724 1494 745 28 2 30 211 12 84 0 3 4 5 5 3 26 15 20 37 49 129 22 34 51 17 3 22 69 50 17 4 18 185 84 95 23 46 1 45 0 4 1 39 13 116 21 8 5 15 7 79 72 2 21 179 31 36 12 51 8 0 1 1 0 2 1 0 0 2 0 1 3 6 5 3 8 30 9 12 15 14 26 21 7 6 4 6 2 7 5 5 0 5 19 4 43 5 4 35 66 9 20 1 0 2 1 4 0 9 13 5 0 1 1 0 1 1 1 0 0 0 0 0 0 4 8 5 3 0 3 2 3 9 12 1 11 0 0 8 0 7 35 20 0 0 19 0 0 1 0 2 2 2 4 3 1 1 0 0 1
3 1 1 3 13 12 1 0 4 1 1 15 27 172 497 401 113 1440 458 297 156 787 7742 25143 486 5093 4475 178 77 8 22 2 22 20 606 72 140 203 97 7384 3945 6575 3505 33 12 453 1319 13 375 2 10 11 11 27 3 9 67 8 70 13 1145 73 165 736 189 18 250 170 109 59 16 8 58 213 42 55 17 1 30 1 25 2 117 80 240 121 57 17 55 23 404 254 6 78 711 25 12 3 119 27 0 1 0 1 2 1 0 1 0 1 1 3 61 59 22 58 31 93 49 182 48 236 135 5 10 9 15 2 36 50 5 0 3 16 2 25 43 9 33 68 33 38 18 2 9 8 3 1 39 135 8 3 8 0 0 4 0 0 0 2 2 0 0 1 1 21 13 16 9 7 1 6 8 7 5 39 1 2 33 2 11 37 58 2 7 18 2 0 7 2 0 5 9 3 2 1 3 2 0 2
23 8 12 14 44 90 7 5 25 8 19 130 0 20 18 17 3 42 14 10 386 4956 295 486 8889 705 668 69 259 33 306 6 200 131 126 8 37 258 20 1851 317 56 557 8 6 44 3637 13 25 0 12 39 65 167 10 45 632 50 17 38 116 73 205 416 99 6 1509 612 100 31 7 81 246 247 238 26 189 5 216 3 15 2 628 559 1770 1824 3432 4 13 2 101 34 8 17 273 92 136 39 4992 1577 1 1 3 3 1 5 0 2 2 0 1 13 5 2 4 3 41 11 7 11 6 9 11 14 12 4 5 0 1 0 14 1 11 69 5 130 6 5 35 141 4 15 2 1 20 2 2 0 5 21 13 0 2 1 0 0 1 4 2 1 10 0 1 5 12 10 2 2 3 5 8 7 26 21 1 5 0 1 12 2 51 90 55 3 2 78 1 0 2 0 7 3 0 8 12 1 11 1 0 1
0 0 0 1 2 1 1 0 0 0 2 2 2 65 140 40 121 61 115 206 333 1340 6925 5093 705 4958 1248 7 5 1 2 2 8 13 351 46 153 260 12 8503 775 145 208 32 0 13 206 3 38 0 2 1 2 3 0 6 12 2 28 7 38 4 16 55 3 1 50 36 9 6 1 1 53 79 8 0 8 1 29 0 3 0 18 14 68 30 2 3 3 2 18 17 1 4 66 7 4 1 36 5 0 0 0 0 0 0 1 0 0 0 0 1 22 13 1 16 34 30 24 25 24 52 62 5 8 3 6 1 10 9 1 1 1 5 1 11 10 7 26 62 2 34 2 0 9 8 1 0 19 23 8 0 1 1 0 2 0 1 0 0 0 0 0 0 1 10 4 1 0 0 2 5 2 8 3 7 0 4 6 0 3 21 21 2 1 8 0 0 1 2 1 0 3 0 0 0 2 2 0 3
23 7 16 18 30 41 7 8 1 7 0 31 41 3688 2478 605 30 2726 1131 72 188 600 161 4475 668 1248 29387 3762 1182 46 164 1 32 65 7399 1278 200 120 93 3253 609 107 429 23 7 360 1955 7 52 2 31 66 123 289 20 47 751 49 437 51 387 36 112 2402 1025 6 1618 1342 87 25 8 10 58 786 188 23 21 0 52 11 16 3 775 501 864 557 198 8 10 6 67 69 20 34 91 63 15 21 505 331 1 1 0 2 3 3 1 3 0 0 0 1 334 322 80 349 62 621 99 953 130 1372 451 16 18 39 61 26 163 253 10 3 11 38 7 55 143 29 122 134 79 151 49 3 26 45 3 5 177 383 31 4 9 1 5 1 1 3 1 3 7 1 0 1 3 39 26 39 23 4 10 14 28 30 11 66 1 3 52 0 37 132 190 4 6 69 2 0 3 13 5 5 16 10 10 1 5 2 3 7
46 8 22 14 198 154 22 10 2 7 9 138 29 2164 4322 5780 82 3147 440 45 85 87 101 178 69 7 3762 7329 1927 168 603 5 62 51 464 672 192 79 3444 85 325 27 82 7 16 279 270 61 22 4 25 87 105 253 16 32 1105 83 278 79 431 65 45 416 695 6 944 871 390 22 33 7 26 412 480 103 4 1 25 5 23 1 526 220 305 162 72 6 11 13 88 39 12 23 37 343 5 27 156 423 1 3 0 0 2 3 0 2 2 0 0 3 137 370 422 180 47 938 44 2644 73 2102 190 7 11 21 24 22 81 332 19 3 6 28 6 56 72 21 67 96 400 70 90 1 15 40 12 28 153 1050 28 5 14 1 1 4 0 5 0 2 2 5 0 4 8 29 42 45 32 20 4 24 41 26 29 183 4 10 66 9 14 71 153 13 21 52 3 2 6 2 3 9 21 6 8 0 4 6 0 2
5313 298 664 507 1633 870 2348 705 113 335 91 731 0 554 246 144 17 62 8 3 140 99 21 77 259 5 1182 1927 40305 9700 5893 21 183 155 265 96 384 130 385 82 218 16 199 4 2 41 139 103 16 6 108 330 1986 11100 247 88 6216 15 84 58 84 200 411 355 760 4 7004 400 944 46 34 108 39 66 1128 58 50 1 40 35 57 10 3502 998 341 85 1141 15 19 8 69 101 54 30 142 1362 121 3793 334 1531 12 6 34 42 6 45 4 2 7 23 43 58 1 4 13 5 3 5 2 37 2 18 5 8 4 0 1 0 1 6 54 0 28 42 6 62 2 0 3 35 14 4 5 3 6 1 1 2 7 49 9 0 0 0 0 1 1 5 11 5 5 3 1 18 12 3 9 2 0 2 9 6 16 7 2 28 1 3 15 1 38 17 16 4 1 48 3 2 8 2 6 0 2 16 35 14 6 3 0 0
13068 4586 866 4206 7395 3769 810 717 78 922 239 2081 0 46 22 34 8 15 2 2 253 181 10 8 33 1 46 168 9700 23432 8415 32 147 72 13 10 94 76 93 4 290 9 21 0 3 4 11 35 16 4 89 246 402 699 105 85 3206 9 13 7 26 33 22 15 48 5 418 35 175 22 20 102 27 42 174 25 28 1 27 28 68 2 1174 276 501 26 48 12 11 2 23 141 56 40 38 1736 131 1098 61 155 43 13 97 119 14 112 10 16 49 40 76 105 1 5 6 1 5 3 1 8 0 8 1 5 3 0 1 0 0 3 123 0 36 60 2 52 0 0 4 12 3 2 2 2 8 0 2 3 2 18 4 0 3 1 0 2 8 9 5 1 18 11 1 26 11 1 3 2 1 0 20 13 14 10 0 6 6 4 5 1 43 11 10 1 0 44 4 0 3 1 20 2 0 21 66 21 14 1 0 2
806 193 124 654 11376 1839 597 145 36 125 42 881 1 180 65 130 29 57 5 4 366 233 16 22 306 2 164 603 5893 8415 18129 18 266 292 59 60 445 223 294 32 653 12 53 1 2 12 52 53 31 3 69 203 314 602 86 90 6668 12 57 61 43 67 48 60 140 6 1309 150 321 33 28 43 50 32 1618 32 19 0 29 16 58 5 1408 455 818 184 819 13 8 5 29 104 47 40 38 5525 52 623 959 7335 5 5 23 27 3 29 1 4 9 8 11 37 4 6 4 0 5 13 0 37 2 11 1 0 0 0 1 1 0 4 24 1 16 20 1 23 1 0 3 14 7 1 0 1 2 0 2 0 3 20 2 0 2 0 0 1 2 8 2 2 10 3 1 10 7 2 2 0 0 1 2 4 9 9 1 12 0 1 7 0 23 9 9 0 1 16 1 2 4 2 6 1 1 3 17 4 5 1 0 0
26 15 23 16 62 1975 7 5 21 52 39 1790 0 0 1 1 1 6 3 2 70 71 7 2 6 2 1 5 21 32 18 2859 4465 338 0 0 8 131 10 0 38 2 2 1 1 2 1 11 1 0 4 6 30 13 5 2 3 3004 0 4 16 6 3 0 0 1 14 8 20 1 9 335 504 47 1417 12 65 1 204 0 3 0 36 10 40 12 5 2 2 1 15 6 1 1 5 2545 215 34 12 4 14 4 23 24 9 26 2 3 7 13 13 38 0 4 3 0 5 5 0 11 1 5 2 6 0 0 0 0 1 2 56 2 20 31 3 36 0 0 5 6 4 0 0 0 3 2 0 1 1 6 3 0 0 0 0 0 0 5 0 2 17 2 2 17 16 2 2 0 1 0 10 4 16 8 2 3 1 0 3 1 45 11 7 2 1 47 1 0 0 2 12 0 1 9 17 3 7 1 0 0
83 14 62 39 327 1344 36 29 132 189 235 2166 6 24 22 31 11 55 93 16 594 800 186 22 200 8 32 62 183 147 266 4465 10728 3822 15 13 104 2611 87 33 265 9 31 18 12 25 135 41 11 1 10 26 133 61 25 24 58 4167 26 167 97 55 20 15 26 4 103 378 148 5 28 2134 3130 370 5819 45 419 8 1202 1 16 3 172 50 233 58 82 13 9 5 77 28 2 12 23 2765 945 149 101 84 36 34 78 103 37 95 13 23 33 45 58 150 8 5 29 12 111 14 22 38 15 37 32 72 45 7 29 1 5 11 190 13 141 365 42 660 6 11 108 357 11 69 6 9 72 5 7 3 20 57 97 2 5 4 0 6 13 28 4 7 79 23 13 47 100 42 11 5 5 4 59 50 172 119 1 25 15 4 14 8 317 255 149 26 5 398 1 0 12 15 74 2 10 80 133 29 52 16 4 28
17 6 14 7 192 54 20 2 10 20 10 163 0 356 19 58 12 37 16 11 496 607 348 20 131 13 65 51 155 72 292 338 3822 4193 546 347 1561 1634 27 84 186 7 16 4 2 1 208 4 0 0 3 11 39 31 7 14 121 3425 815 2339 17 2 11 30 16 1 70 2096 20 2 0 52 380 110 5723 4 91 1 87 1 4 0 82 26 115 25 45 1 1 0 7 5 1 1 8 645 58 20 62 94 11 7 12 19 16 22 1 10 5 6 16 42 11 7 7 4 168 12 44 11 28 33 35 62 57 1 16 4 4 7 51 3 37 245 61 538 3 13 118 425 6 72 3 4 41 8 2 0 21 21 107 0 2 1 0 2 5 13 1 3 29 9 5 14 46 57 4 6 4 0 33 16 117 128 3 10 4 2 8 1 148 232 66 24 3 256 0 2 10 15 35 1 6 30 32 14 33 10 4 10
9 4 8 2 20 5 0 0 2 2 1 7 1 6174 726 71 23 81 51 18 44 114 63 606 126 351 7399 464 265 13 59 0 15 546 9223 4786 1177 250 30 5630 90 18 175 13 0 8 1762 5 1 1 1 10 22 63 2 10 211 126 2147 640 25 12 53 657 153 0 320 1583 42 6 3 4 69 154 239 2 13 1 66 0 3 0 148 98 156 105 52 0 1 1 14 12 7 2 28 21 5 4 97 92 5 2 4 2 3 8 0 5 0 3 3 7 152 63 8 109 213 86 98 121 113 220 202 50 39 20 47 8 49 64 7 2 7 49 22 113 58 41 148 358 14 219 18 0 27 33 1 2 72 68 87 0 2 1 3 1 0 3 1 1 7 0 3 3 5 90 3 26 7 0 25 18 30 75 8 28 1 3 12 1 31 154 62 11 1 60 0 1 0 16 9 3 9 3 5 5 19 8 6 12
1 0 2 2 20 15 1 1 0 1 0 14 1 7154 1148 117 5 24 3 3 50 31 186 72 8 46 1278 672 96 10 60 0 13 347 4786 1959 860 58 52 636 184 7 22 2 0 3 167 1 5 0 1 1 3 10 1 5 77 119 2785 395 4 3 9 176 126 0 58 768 28 1 0 2 9 21 124 1 7 0 5 2 1 0 28 6 19 14 3 0 1 2 2 1 0 0 5 36 3 0 8 51 0 0 0 1 0 3 0 1 1 0 0 1 13 6 1 15 28 15 29 19 17 23 35 6 7 2 12 1 10 8 3 0 2 5 3 21 9 12 26 54 4 55 2 0 12 6 0 0 7 11 14 0 0 0 1 0 0 0 1 2 1 0 0 0 7 19 1 5 1 0 5 10 9 21 2 11 2 0 3 0 4 25 6 6 1 8 0 0 0 3 1 1 3 4 2 2 9 4 0 2
23 4 13 8 218 111 12 6 2 6 5 105 18 1002 894 464 1568 469 840 1253 278 271 806 140 37 153 200 192 384 94 445 8 104 1561 1177 860 4490 1845 85 362 554 23 51 92 4 59 164 6 12 1 4 21 23 36 5 13 283 200 1065 1194 158 8 21 54 43 0 110 1212 36 5 1 9 62 154 1224 7 6 1 66 1 2 2 92 34 59 17 11 1 3 1 37 15 6 4 22 487 5 19 18 145 1 6 6 5 3 7 0 4 1 0 1 11 60 29 16 54 318 44 141 70 125 98 159 68 103 13 61 7 41 33 14 6 19 92 23 222 53 48 242 485 14 273 11 1 40 21 2 6 73 39 127 2 0 1 4 0 1 3 4 2 8 5 2 1 14 152 5 13 9 1 29 35 62 131 12 31 0 4 9 3 34 276 74 28 3 104 2 1 3 32 16 1 10 17 22 3 32 18 8 31
30 7 9 11 200 128 14 6 28 26 10 308 113 120 162 563 652 1113 2373 985 930 1164 1039 203 258 260 120 79 130 76 223 131 2611 1634 250 58 1845 5509 109 563 499 39 113 1135 40 402 450 22 18 15 4 20 38 27 8 22 78 567 207 280 722 20 27 63 23 28 62 589 51 2 8 146 4730 1790 2495 37 656 149 340 4 6 19 63 30 131 46 47 18 10 13 359 7 1 7 46 666 167 32 78 61 14 26 21 23 29 44 11 59 13 17 20 49 138 58 43 87 804 107 246 164 278 234 342 270 307 38 148 12 56 74 45 27 77 733 168 1556 114 81 889 1876 52 645 36 9 180 55 23 18 183 164 532 7 9 3 5 8 4 21 5 8 71 16 20 13 111 337 15 40 34 10 117 88 348 530 26 75 10 7 38 6 293 1384 443 114 9 862 5 5 14 103 74 7 21 75 154 42 122 69 25 133
31 1 7 10 158 104 11 9 1 4 4 129 31 184 713 736 38 7012 55 57 48 39 70 97 20 12 93 3444 385 93 294 10 87 27 30 52 85 109 14656 23 173 63 199 11 46 372 24 295 37 2 7 9 25 39 2 6 222 36 46 29 12818 256 102 234 735 23 135 142 2785 34 128 3 34 49 374 933 3 1 12 2 19 3 103 30 53 15 11 27 63 20 543 34 2 15 94 315 4 14 21 119 1 6 3 0 8 1 0 2 0 0 1 2 19 303 532 27 36 251 7 1248 23 644 30 6 4 4 10 11 15 147 21 3 4 16 1 36 17 9 31 63 697 24 179 0 11 27 43 49 78 1539 13 8 7 0 4 10 2 0 0 4 4 2 0 1 10 13 144 40 15 45 4 20 13 17 20 350 2 11 111 23 12 32 39 7 25 19 3 2 3 3 8 14 15 11 2 3 3 2 0 1
7 1 2 6 10 12 2 1 1 3 3 11 4 1178 411 98 93 143 249 282 440 2854 2839 7384 1851 8503 3253 85 82 4 32 0 33 84 5630 636 362 563 23 9924 768 243 1009 47 6 51 2708 7 46 1 15 12 17 46 6 24 111 23 361 52 128 38 133 812 66 4 349 390 55 21 9 16 215 312 48 17 32 4 129 2 7 0 199 154 399 219 83 2 7 6 96 40 6 19 247 10 18 7 259 44 2 5 5 6 1 7 0 2 0 0 0 6 152 71 14 169 250 112 166 135 148 268 351 49 41 37 65 11 93 64 5 5 14 62 8 128 109 46 181 400 22 265 20 3 45 34 4 1 127 82 91 4 4 1 2 2 2 1 3 2 6 3 1 3 13 97 14 22 22 1 18 16 34 70 9 55 5 0 20 5 26 164 88 16 4 66 1 0 4 14 11 6 20 13 2 6 27 6 4 12
638 173 398 396 497 628 81 321 49 186 91 801 12 903 1497 650 272 895 198 237 1594 843 6724 3945 317 775 609 325 218 290 653 38 265 186 90 184 554 499 173 768 9476 4267 1484 26 29 251 247 55 1877 17 535 658 75 36 517 1211 193 36 37 38 794 165 198 236 200 47 180 196 271 183 110 88 159 108 474 167 81 4 83 76 313 21 868 116 556 87 156 163 199 72 683 1875 290 519 853 464 88 72 181 212 5 4 19 31 3 24 1 4 11 17 27 31 5 11 12 19 14 17 6 41 11 41 22 11 7 1 5 1 5 6 33 1 21 48 9 80 6 3 19 49 22 16 8 0 6 3 6 1 10 75 9 7 7 1 0 3 16 8 33 26 6 3 3 7 15 13 20 8 6 17 13 8 18 17 5 40 10 11 48 6 44 35 22 3 14 64 18 2 40 0 6 16 8 13 16 5 9 1 0 1
1 1 2 0 12 8 3 0 1 3 0 16 16 29 142 182 19 349 59 42 26 146 1494 6575 56 145 107 27 16 9 12 2 9 7 18 7 23 39 63 243 4267 7820 5150 7 30 252 106 14 2260 3 19 9 0 4 3 2 11 4 5 2 724 77 32 60 56 25 20 14 124 87 22 2 13 13 18 104 6 2 13 0 49 4 13 7 22 8 7 28 77 48 580 557 18 179 643 16 2 0 10 3 0 0 0 0 0 0 0 0 0 0 0 0 5 9 14 4 0 12 8 17 6 23 11 1 0 0 0 0 1 5 2 0 0 0 0 3 0 0 4 7 13 2 6 0 0 3 8 0 4 67 2 1 1 0 0 1 0 0 0 1 0 0 0 0 1 1 17 4 2 7 0 1 1 2 9 41 0 4 30 3 1 5 7 0 9 3 3 2 4 0 0 6 4 1 2 0 0 0 0 0
14 5 3 5 22 27 3 4 2 6 1 37 47 70 161 282 34 1003 229 70 185 892 745 3505 557 208 429 82 199 21 53 2 31 16 175 22 51 113 199 1009 1484 5150 10422 35 174 1090 746 193 3779 12 50 33 20 74 2 19 126 8 39 3 3075 599 3591 4471 1196 209 341 127 1582 300 84 8 77 119 57 511 35 3 52 3 77 9 172 139 384 184 55 83 203 122 3251 981 27 550 7304 47 13 6 200 58 1 1 0 1 2 1 0 1 0 0 0 0 44 50 64 24 18 76 23 168 23 153 60 9 4 4 7 4 20 39 1 0 1 20 3 17 26 4 21 32 71 24 47 0 4 18 54 6 32 442 10 19 21 1 3 18 2 3 10 6 1 1 0 0 3 9 105 51 18 60 2 9 12 10 37 270 15 18 261 20 10 37 30 1 67 31 6 2 27 1 0 37 16 4 3 0 3 1 0 3
0 0 0 0 1 0 0 1 14 3 1 3 5528 2 5 28 173 467 14072 762 11 16 28 33 8 32 23 7 4 0 1 1 18 4 13 2 92 1135 11 47 26 7 35 8442 2750 1270 18 26 11 302 9 20 1 2 0 2 1 1 4 0 384 22 23 8 9 487 3 2 18 4 13 75 1899 2508 6 21 389 1002 5236 26 43 86 4 0 2 0 1 111 79 383 1581 10 0 4 30 0 39 8 1 0 0 2 2 5 6 4 0 7 0 0 1 3 122 103 110 134 74 212 111 439 134 595 257 23 33 17 50 6 47 99 11 7 15 49 4 43 82 35 171 146 64 153 28 4 33 49 30 8 147 412 41 6 15 3 3 8 2 3 1 5 3 5 0 1 13 46 40 30 21 44 21 24 15 29 26 111 7 5 149 24 26 203 246 9 28 84 5 9 20 15 10 27 10 6 10 1 12 8 2 10
2 1 1 0 6 2 4 4 72 1 1 3 4534 1 4 6 2 117 794 25 5 7 2 12 6 0 7 16 2 3 2 1 12 2 0 0 4 40 46 6 29 30 174 2750 10336 1605 3 89 24 3146 9 30 14 6 1 0 4 0 0 0 165 136 120 22 69 3528 4 5 407 27 24 254 427 360 7 105 2322 1413 2047 50 91 272 4 4 5 1 0 355 292 1929 2933 29 4 12 183 5 553 58 1 3 1 2 0 0 5 3 0 4 1 0 2 4 4 26 407 20 9 28 2 289 15 86 9 2 4 2 2 6 3 23 16 4 5 21 2 18 5 5 31 21 307 34 190 2 4 75 617 37 66 3731 6 57 122 3 10 107 4 6 6 34 2 1 2 1 3 7 933 210 103 943 10 19 23 7 210 2312 27 71 2705 246 14 56 33 2 486 105 12 85 104 4 2 145 72 11 17 1 2 4 2 0
4 1 1 1 5 6 1 0 2 3 2 16 8150 10 16 66 16 3990 5078 112 24 69 30 453 44 13 360 279 41 4 12 2 25 1 8 3 59 402 372 51 251 252 1090 1270 1605 6780 36 41 95 22 0 4 8 7 3 1 35 3 5 1 1607 105 132 931 716 1890 46 22 502 31 12 16 810 1174 26 103 49 61 288 1 20 8 29 22 42 28 8 31 51 77 1948 54 2 36 334 21 24 3 32 17 2 6 0 0 5 2 0 1 2 1 3 2 63 331 1737 83 22 297 17 1681 64 1187 68 3 6 9 15 34 39 193 29 4 10 37 4 32 37 10 84 32 1142 51 336 1 15 71 238 170 170 4979 14 21 32 3 10 9 0 1 3 3 2 3 3 3 20 11 691 132 33 515 15 30 21 11 49 1098 9 12 575 36 16 105 161 6 61 60 5 7 10 3 8 30 14 16 14 4 6 0 3 1
8 4 6 9 12 24 4 2 21 5 1 18 0 214 63 36 14 48 31 12 180 877 211 1319 3637 206 1955 270 139 11 52 1 135 208 1762 167 164 450 24 2708 247 106 746 18 3 36 8185 11 38 2 7 25 24 75 7 23 253 85 946 125 99 46 244 810 247 5 761 2768 105 16 3 63 335 363 207 14 203 4 313 6 13 1 309 343 692 710 1158 0 5 4 66 34 5 10 237 31 106 21 926 171 2 2 5 11 7 6 0 5 2 1 4 10 25 6 2 19 177 13 55 29 46 37 70 23 25 4 16 2 11 12 19 4 14 143 23 224 20 18 127 424 12 82 12 2 26 11 1 1 24 35 69 1 3 0 0 1 3 4 4 1 15 4 2 0 16 53 2 7 6 4 20 15 45 68 5 21 1 0 7 2 67 168 63 8 4 146 0 1 1 11 20 3 3 12 17 3 20 4 2 4
21 0 3 2 45 51 6 1 4 1 8 68 10 3 16 65 2 485 34 5 6 18 12 13 13 3 7 61 103 35 53 11 41 4 5 1 6 22 295 7 55 14 193 26 89 41 11 18846 43 119 7 18 5 19 1 2 34 8 3 1 479 6094 1233 181 313 57 63 10 7593 406 2698 7 19 28 61 10381 23 8 27 8 363 75 32 12 25 10 2 2112 6756 761 3277 79 7 91 341 119 8 5 11 9 2 1 0 1 2 3 0 10 0 1 0 2 4 6 27 14 5 16 1 32 1 22 14 1 5 3 4 4 6 8 6 3 3 7 0 8 8 2 9 8 16 19 18 2 3 112 266 6 16 145 3 622 1123 15 20 597 9 29 27 255 1 2 0 0 0 4 74 188 224 82 8 23 7 5 425 530 224 525 1886 238 5 26 23 1 981 88 134 227 1020 3 1 1468 557 4 27 2 3 4 4 2
32 18 17 17 7 27 5 18 2 7 2 25 5 8 78 126 4 228 41 26 13 85 84 375 25 38 52 22 16 16 31 1 11 0 1 5 12 18 37 46 1877 2260 3779 11 24 95 38 43 11496 15 221 44 5 9 3 4 5 1 2 2 305 284 163 31 30 39 15 5 86 371 118 2 7 13 17 131 4 1 6 3 190 10 18 5 18 9 6 132 207 129 604 5954 104 3525 7971 23 5 2 1 9 0 0 1 0 1 1 0 0 0 0 0 1 2 4 1 1 4 4 0 9 3 11 7 0 2 0 1 0 1 3 1 0 2 4 0 4 1 0 0 2 6 4 5 0 2 1 7 0 2 45 2 6 11 1 0 5 0 2 8 18 0 0 0 0 0 0 12 1 2 5 0 1 1 0 6 27 6 13 61 7 2 0 4 0 17 3 5 6 30 0 1 18 5 0 2 0 0 0 0 0
10 2 5 2 0 3 4 11 83 8 1 3 196 0 0 0 1 10 86 0 1 3 0 2 0 0 2 4 6 4 3 0 1 0 1 0 1 15 2 1 17 3 12 302 3146 22 2 119 15 8313 248 1622 16 5 7 2 2 0 0 0 18 143 24 1 5 1692 6 1 45 50 72 173 81 627 4 54 2686 822 762 1704 591 4440 19 1 3 0 2 2713 919 5934 642 98 30 19 49 2 754 66 1 1 1 0 0 1 0 0 1 5 1 0 3 0 2 2 19 1 0 3 1 7 1 4 4 2 3 2 1 0 1 2 2 1 1 4 0 5 1 0 5 12 5 6 4 0 1 40 213 1 11 75 1 145 338 2 4 433 55 26 113 103 3 0 0 1 4 0 31 38 62 137 2 3 1 0 130 220 64 139 1261 165 6 18 10 1 360 48 70 817 450 2 2 586 122 1 8 1 1 1 1 0
180 14 71 24 33 52 46 93 26 43 9 51 2 4 5 8 0 13 12 1 7 7 3 10 12 2 31 25 108 89 69 4 10 3 1 1 4 4 7 15 535 19 50 9 9 0 7 7 221 248 10055 16034 74 20 246 89 24 1 0 0 14 63 31 4 17 121 68 10 19 525 168 19 5 135 18 21 209 38 22 1228 2378 274 417 40 37 7 31 209 55 28 53 6887 6447 1810 413 25 118 34 14 28 3 2 5 6 3 1 2 3 2 0 2 4 0 1 0 0 0 1 0 0 0 2 0 1 0 0 0 0 0 0 3 0 2 3 0 8 0 0 0 3 1 0 1 3 3 0 1 1 1 1 1 3 4 1 0 1 351 182 928 582 36 1 0 0 0 1 1 1 0 8 1 0 1 2 0 2 99 35 7 0 3 4 2 0 0 10 102 21 174 0 5 20 21 1 6 3 2 0 0 0
545 44 175 75 96 138 153 281 81 99 19 178 6 14 10 5 1 5 24 1 38 24 4 11 39 1 66 87 330 246 203 6 26 11 10 1 21 20 9 12 658 9 33 20 30 4 25 18 44 1622 16034 27492 216 88 711 184 93 9 3 0 4 49 24 30 36 609 201 22 32 716 478 45 36 531 78 11 792 142 113 11956 7770 1913 1155 91 102 29 71 515 88 43 31 2441 7259 487 86 65 464 96 37 63 26 11 18 16 6 12 2 17 12 5 12 10 0 0 0 0 4 0 0 2 0 1 1 2 1 0 0 0 0 0 26 0 10 18 0 9 1 0 4 8 1 0 1 20 2 6 22 0 1 1 3 10 17 7 1 27 2162 1274 6575 1847 215 1 2 4 2 1 2 2 1 54 11 4 3 1 1 3 449 96 31 0 19 9 62 2 6 90 549 148 669 3 51 78 97 4 60 12 5 0 0 0
1100 60 309 105 184 219 837 741 241 537 148 462 1 23 18 6 3 6 2 0 32 29 5 11 65 2 123 105 1986 402 314 30 133 39 22 3 23 38 25 17 75 0 20 1 14 8 24 5 5 16 74 216 5315 4070 1950 114 196 76 4 4 10 8 25 43 47 11 670 111 52 8 3 210 67 57 377 3 70 6 111 38 32 17 1739 126 79 26 120 21 4 11 15 55 15 6 13 171 506 4224 67 107 11 4 24 37 10 27 2 8 10 20 16 54 0 1 1 0 12 2 1 2 3 1 3 4 4 2 2 0 1 1 31 0 22 74 6 70 2 0 3 22 3 2 1 1 5 1 1 0 1 0 8 1 0 1 0 0 4 2 9 1 7 3 2 5 23 4 1 0 1 1 9 2 13 12 0 1 1 0 2 0 47 19 15 1 2 59 1 0 0 4 7 0 0 10 26 3 4 1 1 0
1138 48 216 101 252 205 1107 668 133 322 74 277 0 62 25 15 5 8 1 2 34 43 5 27 167 3 289 253 11100 699 602 13 61 31 63 10 36 27 39 46 36 4 74 2 6 7 75 19 9 5 20 88 4070 16792 411 13 572 9 5 10 19 33 106 97 138 4 4893 88 141 15 3 65 24 29 203 8 29 2 34 12 12 3 2348 8377 116 60 306 6 10 4 15 28 14 7 44 204 151 4858 191 298 1 5 9 13 2 13 1 2 3 6 9 16 0 1 1 0 6 0 1 4 0 3 3 1 2 2 0 0 0 1 16 0 9 8 0 35 0 0 3 5 3 2 1 1 2 1 0 0 1 7 2 1 0 1 0 2 1 2 2 3 3 0 1 5 4 0 0 2 0 0 2 1 6 3 0 3 0 0 0 0 12 8 8 1 1 23 0 0 2 0 2 0 0 6 8 1 1 0 0 0
225 29 82 45 42 71 117 146 18 91 25 99 0 7 2 2 0 0 2 0 19 5 3 3 10 0 20 16 247 105 86 5 25 7 2 1 5 8 2 6 517 3 2 0 1 3 7 1 3 7 246 711 1950 411 14140 1268 38 16 0 1 0 2 7 8 16 6 87 17 16 17 9 22 10 16 73 2 20 1 14 54 73 7 5005 25 75 9 30 6 3 0 3 317 49 22 12 37 29 298 12 26 0 0 3 0 1 2 1 2 5 2 6 2 0 0 0 0 0 0 0 0 0 0 1 0 0 1 1 0 0 0 7 0 7 7 1 14 0 0 4 3 0 1 0 0 1 0 1 1 1 1 1 0 0 0 0 0 6 2 11 14 2 0 0 0 3 2 0 0 0 0 1 1 5 1 0 0 1 0 0 0 11 5 1 0 0 16 0 1 6 0 4 1 1 0 2 2 2 0 0 3
151 21 74 55 74 99 31 67 13 45 15 133 0 6 1 0 0 1 0 0 2693 313 26 9 45 6 47 32 88 85 90 2 24 14 10 5 13 22 6 24 1211 2 19 2 0 1 23 2 4 2 89 184 114 13 1268 3142 45 8 1 4 4 5 16 23 19 0 82 20 20 16 1 10 14 16 49 0 12 0 9 11 23 1 6005 35 1173 49 38 3 3 0 11 146 33 13 11 70 12 29 89 35 3 0 1 1 0 2 0 0 1 0 3 5 0 0 1 0 1 0 0 2 0 0 0 0 0 0 0 0 0 0 4 0 4 7 0 11 0 0 4 9 0 1 0 0 0 0 0 0 1 1 1 0 0 0 0 0 5 1 8 3 0 0 0 0 0 0 1 0 0 0 0 0 0 0 0 2 1 0 1 0 2 3 1 0 1 3 3 0 2 0 0 0 0 5 2 1 0 1 0 0
152 72 82 152 612 137 43 45 6 35 12 157 1 369 130 77 12 35 6 6 65 80 15 67 632 12 751 1105 6216 3206 6668 3 58 121 211 77 283 78 222 111 193 11 126 1 4 35 253 34 5 2 24 93 196 572 38 45 6694 12 49 38 47 81 192 244 476 1 5912 380 450 20 21 20 17 24 1055 30 19 1 16 12 26 1 1000 761 480 1455 1752 7 7 4 35 45 17 12 72 766 9 97 2444 5097 0 0 3 5 0 2 0 1 2 0 1 2 1 0 7 1 5 5 0 19 2 14 4 1 0 1 0 0 0 2 3 0 4 13 3 19 2 0 3 22 9 2 7 0 2 0 1 0 2 22 1 0 1 0 0 0 0 2 3 0 1 1 0 2 3 2 9 4 0 1 3 0 5 3 1 7 0 0 8 1 6 7 7 0 0 9 0 0 1 0 2 1 0 2 3 1 2 1 0 0
8 10 14 10 12 78 4 4 9 53 13 184 2 94 14 19 7 16 9 1 88 120 20 8 50 2 49 83 15 9 12 3004 4167 3425 126 119 200 567 36 23 36 4 8 1 0 3 85 8 1 0 1 9 76 9 16 8 12 4251 636 2029 17 10 9 16 20 0 21 399 32 0 4 146 611 80 4615 9 85 1 134 0 2 0 58 18 66 11 20 0 2 2 12 5 0 0 1 865 73 18 23 11 8 5 10 17 14 19 0 5 7 11 17 39 3 2 1 2 37 5 4 10 4 9 3 19 18 0 2 0 1 2 45 1 36 101 14 182 2 1 12 76 5 11 4 3 25 1 1 1 3 9 23 2 1 0 0 4 2 8 1 2 30 7 4 17 32 10 5 3 1 0 21 6 57 34 2 4 7 0 2 0 83 60 48 7 3 120 1 0 3 2 30 2 3 23 37 8 14 4 0 4
1 0 2 2 15 10 2 0 2 0 0 8 0 1205 74 27 9 20 5 3 50 94 37 70 17 28 437 278 84 13 57 0 26 815 2147 2785 1065 207 46 361 37 5 39 4 0 5 946 3 2 0 0 3 4 5 0 1 49 636 2966 2560 10 4 27 137 90 1 52 3095 51 1 0 9 46 51 229 1 13 1 49 1 0 0 28 6 24 10 6 1 0 1 2 1 0 3 8 32 2 2 15 22 2 3 2 4 1 5 0 2 1 0 3 5 12 2 0 14 101 7 17 10 21 24 48 20 19 5 6 0 2 4 4 1 9 43 7 131 6 17 62 212 3 60 2 1 7 0 2 0 23 9 43 1 1 1 0 1 0 3 0 1 4 3 1 1 12 25 0 1 1 0 4 7 30 41 2 6 0 1 0 0 21 76 15 6 0 39 0 0 1 6 7 1 1 8 10 1 7 4 1 5
2 0 1 0 22 6 2 4 0 2 1 10 0 730 22 25 2 15 2 3 68 133 49 13 38 7 51 79 58 7 61 4 167 2339 640 395 1194 280 29 52 38 2 3 0 0 1 125 1 2 0 0 0 4 10 1 4 38 2029 2560 1326 4 2 5 15 12 0 16 1713 11 1 1 6 23 10 1421 0 7 0 19 0 1 0 14 3 19 10 10 0 1 0 1 1 0 0 1 49 4 0 13 30 0 0 3 3 1 0 1 2 0 0 2 3 6 0 2 5 43 3 3 5 3 3 7 13 7 0 3 0 0 0 3 1 6 29 3 88 3 4 21 65 2 8 0 0 7 2 0 0 5 10 16 0 0 1 0 0 0 0 1 0 0 0 2 1 5 14 1 2 2 0 6 5 30 36 0 2 0 0 1 0 13 47 9 5 2 34 0 0 1 3 5 0 0 4 6 1 6 2 0 8
7 0 2 5 16 40 7 0 0 5 3 58 651 14 79 208 35 5048 732 98 65 205 129 1145 116 38 387 431 84 26 43 16 97 17 25 4 158 722 12818 128 794 724 3075 384 165 1607 99 479 305 18 14 4 10 19 0 4 47 17 10 4 12807 453 585 1867 679 363 121 46 6176 109 150 14 523 259 187 4755 26 11 125 1 45 8 73 50 127 62 20 109 206 66 2549 199 14 100 1171 120 15 8 58 25 2 6 1 1 5 3 0 14 2 1 0 7 77 284 1146 94 36 148 29 632 46 521 69 14 15 16 26 23 44 184 31 4 13 32 4 54 47 14 86 91 852 69 340 3 13 78 281 140 133 2928 23 18 42 2 2 37 1 7 3 10 7 5 2 5 9 11 533 160 43 248 12 30 32 28 75 1118 11 12 548 51 26 105 103 6 114 95 3 7 42 15 6 46 39 15 13 2 13 3 2 4
24 3 5 3 49 55 8 7 2 8 1 61 12 8 30 92 4 387 49 7 32 107 22 73 73 4 36 65 200 33 67 6 55 2 12 3 8 20 256 38 165 77 599 22 136 105 46 6094 284 143 63 49 8 33 2 5 81 10 4 2 453 14833 6807 653 699 96 120 21 7701 4824 3267 5 24 36 95 2092 36 10 29 20 385 356 96 44 75 55 16 1163 2218 869 1952 338 121 1231 3051 145 19 9 40 37 1 1 0 1 1 0 0 5 0 1 0 1 16 10 32 15 2 20 8 49 8 37 9 5 6 4 4 8 10 21 10 5 2 5 0 13 12 2 13 9 26 25 28 2 5 96 206 2 22 186 9 647 1074 18 17 519 29 81 113 453 0 1 0 0 2 5 77 169 254 77 10 28 4 4 365 527 340 720 1442 202 6 26 24 3 864 84 276 209 1623 15 1 1365 575 2 33 2 1 1 1 5
13 1 3 3 24 18 1 3 1 2 0 31 11 29 29 74 2 323 122 12 87 280 34 165 205 16 112 45 411 22 48 3 20 11 53 9 21 27 102 133 198 32 3591 23 120 132 244 1233 163 24 31 24 25 106 7 16 192 9 27 5 585 6807 16606 8226 4351 110 455 91 6110 632 227 4 39 148 62 663 20 5 30 5 91 19 229 147 305 144 35 116 699 304 1638 142 19 230 4432 63 13 7 112 58 0 0 1 2 3 1 0 0 0 0 0 0 31 36 21 33 8 76 12 120 26 177 59 4 6 5 6 3 17 36 3 2 4 14 3 7 23 1 14 24 25 16 30 1 5 26 98 1 34 226 7 99 154 3 12 113 2 8 6 33 1 1 1 1 1 7 72 63 67 54 1 9 6 1 120 370 39 86 568 82 9 27 34 3 275 41 20 25 98 4 1 172 118 5 9 0 1 0 2 3
13 4 10 7 18 28 5 2 0 2 2 28 41 286 89 129 6 1012 250 22 100 312 51 736 416 55 2402 416 355 15 60 0 15 30 657 176 54 63 234 812 236 60 4471 8 22 931 810 181 31 1 4 30 43 97 8 23 244 16 137 15 1867 653 8226 8307 7004 37 624 403 3315 120 54 6 42 211 80 63 14 1 31 3 17 1 301 225 442 243 86 14 27 18 472 39 9 38 944 26 10 4 245 94 0 2 0 0 1 1 0 0 0 0 0 2 103 137 134 100 22 203 22 597 53 447 124 10 5 8 18 9 35 92 10 1 4 20 0 20 64 17 29 56 159 54 61 1 7 21 7 8 63 509 14 3 9 0 1 1 0 0 0 1 1 1 0 3 3 13 36 30 16 18 2 4 7 6 12 102 2 2 67 3 10 45 53 1 17 24 0 0 3 5 2 9 4 4 0 0 4 3 0 1
22 8 2 8 39 46 7 10 1 2 3 52 60 175 140 108 4 759 238 9 64 96 17 189 99 3 1025 695 760 48 140 0 26 16 153 126 43 23 735 66 200 56 1196 9 69 716 247 313 30 5 17 36 47 138 16 19 476 20 90 12 679 699 4351 7004 8461 25 675 291 9691 132 126 4 19 175 112 123 4 0 17 5 23 5 333 187 262 151 54 27 32 11 264 47 9 23 419 85 5 13 128 177 1 0 1 1 5 2 1 0 0 1 2 1 78 190 278 73 10 312 22 1171 34 701 103 3 1 6 11 13 31 116 20 1 3 14 1 10 35 12 27 35 434 32 87 2 4 22 32 17 63 1054 8 8 14 0 1 5 1 1 2 0 1 0 0 1 2 13 101 30 8 26 3 16 18 8 19 239 3 8 112 8 15 47 48 4 24 13 0 1 4 2 2 9 8 6 7 1 2 1 2 2
9 0 1 0 0 2 1 2 38 3 5 8 1622 0 4 5 2 102 319 15 3 11 3 18 6 1 6 6 4 5 6 1 4 1 0 0 0 28 23 4 47 25 209 487 3528 1890 5 57 39 1692 121 609 11 4 6 0 1 0 1 0 363 96 110 37 25 1439 4 1 164 24 17 61 142 1410 5 112 1359 1632 313 722 282 859 6 1 5 1 1 444 152 735 2206 73 18 22 150 3 448 24 6 3 0 0 0 2 1 2 0 1 0 0 0 1 3 11 376 5 3 21 2 111 4 77 5 2 0 0 3 4 2 7 4 2 2 6 0 8 1 1 12 5 51 4 22 2 0 14 158 29 19 929 3 19 31 2 0 31 19 16 52 33 3 0 1 1 3 0 118 23 16 1696 1 7 3 2 20 248 16 18 377 37 4 16 80 0 75 27 10 21 44 0 1 44 10 3 6 3 0 0 0 0
314 95 169 217 372 355 80 87 21 82 40 374 4 287 122 37 5 44 5 4 123 234 22 250 1509 50 1618 944 7004 418 1309 14 103 70 320 58 110 62 135 349 180 20 341 3 4 46 761 63 15 6 68 201 670 4893 87 82 5912 21 52 16 121 120 455 624 675 4 10145 453 516 36 15 34 38 41 629 24 41 2 35 21 41 4 3968 6745 2434 1387 1797 5 7 3 75 82 30 17 207 508 51 90 2107 1856 1 2 6 6 0 3 0 1 2 4 6 9 2 2 7 3 4 10 3 15 4 12 4 1 5 0 0 0 1 2 12 0 4 23 3 25 0 3 8 28 14 5 4 0 5 1 5 1 3 27 8 0 1 0 0 1 3 2 6 6 6 0 0 1 6 4 7 0 0 1 1 6 12 8 1 12 1 1 4 0 18 18 16 1 1 19 2 0 3 2 3 1 1 4 10 3 2 0 0 2
21 7 17 13 27 28 6 5 22 20 2 21 2 978 230 129 16 51 12 7 232 365 69 170 612 36 1342 871 400 35 150 8 378 2096 1583 768 1212 589 142 390 196 14 127 2 5 22 2768 10 5 1 10 22 111 88 17 20 380 399 3095 1713 46 21 91 403 291 1 453 6195 184 8 6 90 260 304 1067 12 236 3 362 0 8 1 233 137 316 221 1247 2 1 0 18 10 6 6 46 45 100 19 416 435 7 5 4 7 7 11 0 8 4 9 11 15 7 8 6 7 116 8 23 22 16 32 43 50 34 3 4 1 7 6 20 1 35 177 28 368 4 7 96 343 7 46 6 4 35 6 3 2 10 15 69 2 0 2 0 2 7 15 2 7 38 12 2 5 30 39 2 1 3 1 28 15 71 65 4 15 2 1 9 0 128 165 84 17 0 214 3 0 2 8 19 2 1 25 24 4 16 8 1 4
50 8 13 16 193 190 31 10 1 7 15 189 46 82 205 263 16 1159 131 32 98 138 50 109 100 9 87 390 944 175 321 20 148 20 42 28 36 51 2785 55 271 124 1582 18 407 502 105 7593 86 45 19 32 52 141 16 20 450 32 51 11 6176 7701 6110 3315 9691 164 516 184 14388 710 1519 8 36 121 354 5574 10 1 14 7 207 31 336 156 237 97 21 388 525 202 2498 84 14 76 1085 438 10 39 102 170 1 5 0 4 4 6 0 4 0 0 3 6 53 118 332 63 27 145 19 497 34 313 57 7 9 12 15 12 31 87 18 7 13 15 4 23 39 7 35 50 397 55 226 1 7 131 549 30 81 2155 24 100 156 9 9 197 3 3 3 36 3 2 3 1 10 12 662 256 181 205 14 44 24 10 253 1928 32 85 1795 233 21 81 57 5 615 122 24 32 120 18 5 168 129 19 27 3 4 0 1 3
66 5 25 11 14 14 9 27 0 14 4 24 0 3 11 28 4 77 13 3 12 58 17 59 31 6 25 22 46 22 33 1 5 2 6 1 5 2 34 21 183 87 300 4 27 31 16 406 371 50 525 716 8 15 17 16 20 0 1 1 109 4824 632 120 132 24 36 8 710 13691 1693 5 7 9 21 236 22 6 5 74 2522 326 53 13 32 6 15 816 553 169 383 1099 3036 4766 2158 24 12 3 19 6 2 1 1 0 0 3 0 5 0 1 0 1 6 3 3 4 2 2 0 14 2 10 2 0 0 0 0 2 2 1 5 1 0 1 1 1 2 0 4 1 2 6 8 1 1 15 26 1 3 40 2 150 184 3 6 121 145 187 480 647 10 0 2 0 0 1 12 25 29 23 2 2 3 0 36 62 295 319 206 20 4 4 17 0 89 27 251 60 1008 0 3 308 229 1 12 1 1 0 1 0
21 5 10 7 19 31 4 12 4 3 0 28 0 0 10 24 1 157 14 3 5 18 4 16 7 1 8 33 34 20 28 9 28 0 3 0 1 8 128 9 110 22 84 13 24 12 3 2698 118 72 168 478 3 3 9 1 21 4 0 1 150 3267 227 54 126 17 15 6 1519 1693 4368 6 14 14 37 1069 20 6 16 46 2658 292 21 5 14 2 4 1686 1213 280 806 575 799 721 439 50 14 6 6 8 3 0 0 1 1 4 0 7 0 0 0 1 5 2 6 3 2 11 0 10 3 10 1 2 1 1 3 0 0 2 3 0 1 1 0 4 2 0 4 1 5 4 6 2 2 25 46 1 7 52 4 258 358 9 15 202 91 129 298 545 8 2 2 1 0 1 28 43 49 24 3 4 1 3 76 105 308 410 439 50 2 5 17 0 200 37 260 105 1286 1 2 534 273 0 6 1 1 0 0 1
