38566 10914 6046 4253 3554 5742 5758 11894 32 236 115 2528 0 6 1 7 1 1 0 0 20 33 6 1 19 0 2 8 8433 6273 690 360 256 14 0 0 16 21 8 11 553 1 7 0 0 0 19 49 21 8 141 103 1162 985 267 76 84 18 3 0 8 30 20 5 26 2 320 14 53 20 25 114 26 3 99 14 17 1 25 14 86 9 2527 521 686 79 10 23 7 1 3 202 49 17 21 803 74 1965 48 16 5 3 12 6 5 41 0 3 8 19 28 60 0 0 0 0 0 0 0 0 0 1 3 1 0 0 1 0 0 0 18 0 25 36 0 6 0 0 3 1 0 1 0 1 10 0 0 0 2 0 0 1 0 0 0 1 5 0 3 1 1 2 0 0 8 0 0 0 0 0 6 2 0 1 0 0 2 0 1 0 73 11 5 0 0 34 0 1 7 3 8 1 0 8 25 4 6 3 0 0
10914 5215 2959 6782 1807 2263 72 307 7 21 41 680 0 0 0 0 0 0 0 0 7 17 2 3 13 0 0 0 284 1884 176 52 39 1 0 0 2 1 0 5 317 0 3 0 0 0 6 4 21 4 62 34 176 301 55 47 61 6 0 0 2 8 4 2 4 1 204 9 10 15 7 32 2 1 22 3 5 0 10 5 32 3 800 320 411 53 7 14 9 0 4 75 19 8 7 47 20 60 28 10 6 2 5 5 3 15 0 2 3 6 16 26 0 0 0 0 0 0 0 0 0 0 0 0 0 0 0 0 0 0 9 0 8 17 0 3 0 0 3 0 0 0 0 0 2 0 0 0 0 0 0 0 0 0 0 0 2 0 1 0 1 0 0 2 2 0 0 0 0 0 1 3 0 1 0 0 0 0 0 0 27 2 2 0 0 8 0 0 0 0 1 0 0 2 14 0 0 0 0 0
6046 2959 11301 6565 134 2723 68 6032 22 4092 232 19654 0 2 0 0 0 1 0 1 24 34 0 2 9 0 2 1 141 138 38 50 51 2 0 0 3 6 0 8 355 0 1 0 0 1 6 8 6 3 60 41 148 224 38 34 52 4 0 0 2 13 7 1 6 3 183 1 23 8 10 57 3 3 37 0 20 1 8 4 37 1 866 233 490 74 7 17 9 0 0 97 17 19 10 60 96 79 25 16 14 6 30 10 10 110 2 16 12 40 81 164 0 0 1 0 0 0 0 0 0 0 0 6 0 0 0 0 0 0 31 1 62 68 0 7 0 0 5 0 0 0 0 0 10 0 0 0 0 0 0 0 0 0 0 0 1 0 3 1 2 2 2 1 9 0 0 0 0 0 8 3 0 0 0 0 0 0 1 0 121 5 4 0 0 26 0 0 0 2 3 0 0 12 92 3 2 1 0 0
4253 6782 6565 24681 10481 13042 24 195 7 23 55 2318 0 2 1 1 0 1 0 0 18 23 1 2 4 0 2 0 230 1988 1177 78 57 0 0 0 1 3 1 6 286 1 3 0 0 0 6 10 5 2 52 28 112 195 37 46 72 8 1 0 1 5 8 5 4 0 193 8 17 6 5 37 12 0 29 1 6 0 7 5 23 2 603 283 395 67 2 9 4 2 0 57 21 11 7 65 23 50 38 12 3 1 7 6 3 40 0 5 1 16 25 36 0 0 0 0 0 0 0 0 0 0 0 1 0 1 0 0 0 0 16 0 24 29 0 1 0 0 3 0 0 0 0 0 1 0 0 0 1 0 0 0 0 1 0 0 4 0 3 0 1 2 1 2 2 0 0 0 0 0 3 1 0 1 0 0 0 0 0 0 51 3 1 0 0 13 0 0 2 1 2 0 0 2 33 0 1 1 0 0
3554 1807 134 10481 26644 13994 205 170 6 21 123 1518 0 106 10 68 1 33 0 0 48 60 13 15 23 0 25 67 1882 12824 14026 391 368 216 8 4 202 129 118 11 342 2 28 1 1 5 18 390 9 3 45 31 379 509 73 38 1869 107 28 30 91 178 77 16 257 0 411 66 664 30 68 161 159 2 334 103 5 0 57 11 42 2 1037 384 566 141 19 26 40 6 17 61 17 9 56 5553 33 271 60 58 3 1 0 3 1 11 0 2 2 4 6 20 0 0 4 0 1 0 0 4 1 2 0 2 1 1 1 0 0 1 8 0 9 24 0 23 1 0 14 14 2 0 2 0 7 2 3 0 5 7 1 0 0 0 0 3 3 0 0 1 1 3 1 1 4 1 4 6 0 0 3 0 0 2 2 13 0 0 11 4 35 11 2 0 6 22 0 0 2 1 4 6 0 4 13 1 10 0 0 0
5742 2263 2723 13042 13994 15445 142 308 58 463 608 14228 1 23 3 19 0 8 1 1 141 165 9 3 24 0 4 13 588 4970 4042 4959 1461 47 2 2 62 72 45 10 602 0 18 0 1 4 14 210 11 5 59 42 217 346 65 63 194 64 3 2 38 110 61 4 89 1 344 10 285 17 48 404 192 3 147 65 40 1 111 6 48 0 1048 423 1273 199 9 24 23 1 13 70 23 3 26 1706 219 198 85 14 28 11 58 14 28 191 3 20 28 71 141 259 0 0 3 0 1 0 0 0 0 2 1 13 3 0 1 0 0 0 94 0 124 158 0 27 0 0 10 3 0 0 1 6 16 0 7 0 2 6 0 0 1 0 0 1 3 0 1 1 9 5 1 6 19 0 3 1 1 0 18 8 0 2 5 3 0 0 9 2 287 21 9 0 2 77 0 0 2 5 11 2 0 23 143 18 10 0 0 1
5758 72 68 24 205 142 5250 6745 532 3479 312 156 0 4 0 1 0 2 0 0 0 8 1 1 0 0 0 0 1240 680 75 19 31 4 0 0 5 2 1 0 23 0 2 2 0 0 2 10 1 4 27 19 803 386 177 8 9 7 0 0 3 5 2 0 4 2 19 1 12 3 6 85 2 3 15 2 45 1 11 4 14 1 893 36 65 11 3 5 0 0 0 27 5 2 1 112 842 4129 5 2 0 0 1 1 1 5 0 1 2 7 4 8 0 0 1 0 0 0 0 0 0 0 0 1 0 0 0 0 0 0 1 0 2 4 0 0 0 0 1 0 0 0 0 0 0 0 1 0 0 1 0 0 0 0 0 0 0 0 4 1 0 0 0 0 1 0 0 0 0 0 0 0 0 0 0 0 0 0 0 0 7 0 1 0 0 7 1 0 1 0 0 1 0 2 9 0 1 0 0 0
11894 307 6032 195 170 308 6745 14307 1534 12726 452 562 0 1 0 0 0 0 0 0 1 9 1 0 6 0 0 1 250 483 48 31 20 1 0 0 1 3 0 3 123 0 3 1 0 1 3 2 5 3 66 52 706 445 142 15 16 5 0 0 1 2 6 1 0 0 70 3 12 10 7 30 5 2 23 0 39 1 14 8 33 4 1421 156 152 22 3 13 2 0 1 75 31 3 5 79 462 1473 10 4 0 0 0 0 2 8 0 1 1 6 9 18 0 0 0 0 0 0 0 0 0 0 0 2 1 0 1 0 0 0 5 0 6 8 0 1 0 0 1 0 0 0 0 1 2 0 0 0 0 0 0 0 0 1 0 0 4 0 2 1 0 1 1 2 3 0 0 0 0 0 0 0 0 0 0 0 0 0 0 0 14 2 2 0 0 6 0 1 2 0 0 0 0 1 10 1 1 0 0 0
32 7 22 7 6 58 532 1534 1408 2662 294 245 4 0 0 0 0 1 0 0 51 57 9 1 15 1 0 0 9 8 1 50 70 0 0 0 0 6 0 4 27 0 1 5 49 4 3 0 0 30 11 9 118 8 10 5 3 16 0 0 1 0 2 0 0 4 7 2 0 2 0 500 25 40 17 1 1078 16 190 2 6 17 61 16 90 28 2 14 11 20 12 4 1 0 2 40 4839 1438 22 0 1 0 1 1 1 9 0 0 1 2 7 7 0 0 3 0 0 0 0 0 1 0 0 0 1 0 1 0 0 0 4 0 7 16 0 3 0 0 3 0 0 0 0 1 2 0 3 0 1 0 0 0 0 0 0 0 0 0 0 0 0 1 0 2 0 0 1 0 0 1 2 0 0 0 0 0 0 0 1 0 21 6 3 0 0 8 0 1 2 1 0 2 0 1 2 1 2 0 0 0
236 21 4092 23 21 463 3479 12726 2662 34088 16596 24176 0 0 0 1 0 0 0 0 1 6 2 1 5 2 0 0 48 46 9 80 175 0 0 0 1 9 1 0 95 0 0 0 0 0 0 5 1 2 30 22 426 132 65 16 12 11 0 0 1 3 3 1 1 0 39 0 6 8 4 634 13 3 19 2 1957 1 16 8 20 3 660 85 86 10 2 5 5 0 0 48 8 4 5 35 2133 2415 5 3 13 5 27 11 7 79 2 22 8 87 88 110 0 0 0 0 0 0 0 0 0 0 0 3 2 0 0 0 0 0 22 0 53 56 0 6 0 0 6 0 0 0 0 2 3 0 0 0 0 0 0 0 1 0 0 0 0 0 1 0 1 2 1 2 6 0 0 0 0 1 4 2 0 0 0 0 1 0 1 0 85 5 2 0 0 20 1 0 2 1 2 0 0 8 114 3 3 0 0 0
115 41 232 55 123 608 312 452 294 16596 11695 12611 0 0 1 0 0 0 0 0 21 37 3 0 4 0 0 1 26 58 31 194 360 3 0 0 3 13 3 2 82 0 3 0 0 1 1 21 1 1 9 3 70 20 4 6 11 25 3 0 4 5 9 0 4 0 22 1 19 0 2 2896 29 0 20 11 2738 0 33 2 7 0 136 25 161 26 2 2 3 0 0 8 2 1 9 64 2540 344 12 1 35 10 58 37 24 185 2 27 32 81 170 266 0 0 0 1 0 0 0 0 0 0 0 7 2 0 0 0 0 0 58 0 103 119 0 16 0 0 7 3 0 1 0 1 9 1 0 0 2 1 0 0 0 0 0 1 0 0 0 0 2 4 2 6 16 0 0 0 0 0 12 3 0 0 0 1 0 0 3 0 215 12 5 1 0 71 0 0 2 4 11 0 0 24 176 9 8 2 0 1
2528 680 19654 2318 1518 14228 156 562 245 24176 12611 37320 0 15 1 10 0 5 2 0 146 209 21 1 35 1 9 8 181 987 495 1281 3122 50 0 0 30 265 24 12 625 1 18 1 3 12 23 139 7 2 50 39 171 208 48 68 147 222 3 7 27 59 34 6 48 3 304 22 169 11 36 1759 355 18 238 37 564 1 118 7 28 1 875 307 1101 208 6 22 23 5 12 61 15 10 32 851 1422 352 93 16 70 21 121 61 51 520 12 71 73 206 386 684 0 0 6 0 2 0 1 0 6 1 1 32 21 1 8 0 0 1 213 1 347 434 1 72 0 0 33 23 2 4 1 6 59 1 1 0 12 2 1 0 0 1 0 4 1 2 1 3 15 18 5 17 71 1 0 1 0 2 55 28 1 3 1 2 0 0 12 2 738 58 18 1 2 244 0 0 2 12 35 3 0 72 423 22 24 6 1 6
0 0 0 0 0 1 0 0 4 0 0 0 9467 0 4 75 119 2421 2855 123 1 3 1 31 0 0 64 61 0 0 0 0 2 0 1 0 8 536 63 0 8 0 15 3983 4276 4131 0 6 2 162 5 10 1 1 1 0 0 0 0 0 64 3 10 78 34 2575 0 0 5 2 3 4 41 726 1 7 120 168 116 8 9 40 2 1 0 2 0 67 55 152 292 6 0 0 5 0 127 4 1 1 0 2 0 0 3 1 0 1 0 0 0 1 0 85 1796 22 5 32 6 993 49 858 19 1 0 1 0 9 0 117 5 4 3 1 4 2 1 4 3 42 303 1 215 0 3 2 135 322 230 1581 3 1 2 0 0 26 1 0 0 1 0 0 0 0 4 5 149 44 12 183 0 1 3 4 11 71 0 4 149 16 10 7 93 2 15 26 0 2 11 0 0 39 11 7 4 0 2 0 0 0
6 0 2 2 106 23 4 1 0 0 0 15 0 5737 2969 204 1208 35 6 130 128 47 399 934 1 131 2766 622 60 87 89 7 63 484 5433 4201 1649 84 108 539 353 39 429 6 0 9 648 30 3 0 1 1 1 6 2 1 93 337 1577 616 40 13 107 776 202 1 14 300 141 1 0 0 3 3 264 4 1 0 4 0 2 0 9 16 23 7 0 2 1 1 20 6 0 3 82 212 2 5 4 70 0 0 0 1 1 1 0 0 0 0 1 1 1 0 16 3 14 28 31 10 147 71 125 15 10 2 12 0 1 2 4 4 3 7 8 10 3 1 30 161 0 36 0 2 5 0 2 0 146 25 21 0 0 0 0 0 0 1 0 0 1 2 0 0 4 18 11 6 1 2 6 8 2 16 1 6 1 0 18 1 5 47 8 4 0 34 1 0 0 4 2 2 1 9 1 0 14 2 1 4
1 0 0 1 10 3 0 0 0 0 1 1 4 2969 21009 11971 1248 3466 81 1228 77 32 529 321 3 35 2311 4373 12 25 17 1 8 13 1233 209 1369 48 1974 143 1135 27 162 6 1 37 26 133 15 0 1 0 0 1 0 1 25 26 55 14 425 34 75 360 611 1 9 37 825 7 8 2 2 15 34 96 0 0 3 0 3 0 3 1 8 5 0 8 13 3 33 15 0 7 72 27 0 0 3 8 1 1 0 0 1 1 0 3 0 0 0 1 1 4 55 8 11 77 56 66 285 271 304 18 5 4 39 8 0 25 4 4 5 1 6 5 43 8 35 134 11 92 10 0 14 8 11 2 278 81 40 1 0 0 0 2 0 0 0 2 2 0 0 0 4 26 21 24 3 1 8 10 4 31 4 19 0 0 54 3 6 37 24 7 2 69 0 0 2 9 3 6 1 8 12 0 7 5 2 5
7 0 0 1 68 19 1 0 0 1 0 10 75 204 11971 12387 198 6630 903 2403 12 11 124 82 1 1 338 5404 42 88 34 8 43 98 25 2 826 416 943 8 565 72 63 4 1 57 25 20 29 1 0 1 2 5 1 2 66 126 129 44 136 38 40 84 72 3 23 106 101 23 11 6 17 18 176 23 0 1 4 0 5 0 13 5 4 4 0 14 31 4 23 54 0 33 70 197 1 3 0 23 0 2 0 0 3 1 0 0 0 0 0 0 8 113 506 26 5 56 6 511 70 733 43 4 5 0 5 6 0 197 10 1 0 4 1 12 25 4 22 37 172 8 157 0 3 1 20 145 257 377 2 0 0 0 0 4 0 0 2 0 1 1 0 0 3 4 44 21 2 2 6 1 0 5 2 23 0 1 23 0 11 19 29 1 3 21 1 0 3 0 1 3 3 4 2 0 5 2 0 0
1 0 0 0 1 0 0 0 0 0 0 0 119 1208 1248 198 566 522 343 694 27 44 124 13 1 1 1 6 1 3 1 0 0 2 13 40 368 430 23 9 129 6 13 184 63 909 7 31 3 9 0 1 0 1 0 0 1 4 5 3 337 27 13 1 5 15 0 10 19 1 12 2 2 151 9 10 1 3 8 1 1 3 0 0 9 2 0 15 18 10 72 3 1 0 20 5 3 0 2 2 2 4 1 0 4 2 0 4 0 0 1 2 13 3 57 6 22 64 64 50 438 311 334 44 23 13 59 6 6 23 15 10 7 7 6 12 72 9 48 161 7 182 2 1 15 10 10 3 485 39 113 4 0 1 3 4 0 0 1 0 5 1 2 0 4 88 6 19 3 7 26 32 5 89 6 11 5 0 26 2 12 94 74 13 3 214 1 1 3 15 3 7 5 7 18 0 18 8 4 22
1 0 1 1 33 8 2 0 1 0 0 5 2421 35 3466 6630 522 4280 2520 2264 41 14 97 321 1 4 504 403 6 21 10 9 32 58 10 2 509 683 1695 15 699 73 210 73 28 4702 17 61 96 7 3 4 2 3 4 0 16 60 33 19 5090 116 125 465 193 65 10 32 165 40 26 3 33 89 77 70 5 10 14 0 5 1 3 5 11 3 0 40 51 9 81 98 1 27 168 70 4 1 3 3 0 4 0 0 9 1 0 2 1 0 2 6 18 614 3134 137 24 187 15 1774 148 1939 67 4 5 1 7 37 1 1095 23 13 8 9 11 11 41 19 10 151 1523 14 1163 0 14 10 137 825 866 1999 7 3 4 0 0 15 0 0 0 0 0 2 2 1 6 34 205 128 27 48 4 4 5 21 10 228 1 0 84 5 13 21 70 3 5 38 1 1 13 1 2 21 2 21 10 3 2 0 0 1
0 0 0 0 0 1 0 0 0 0 0 2 2855 6 81 903 343 2520 25791 6198 16 10 29 35 3 5 73 28 1 2 0 0 11 9 5 0 192 934 24 4 69 3 34 6428 909 3037 7 46 11 87 1 2 1 0 0 0 0 1 5 1 311 35 28 32 14 472 2 7 37 8 14 7 12 2791 6 24 11 159 21 3 8 12 1 1 5 1 0 43 59 87 475 2 0 13 34 6 22 0 1 0 0 10 0 0 9 3 1 8 0 1 1 4 91 202 1872 88 32 736 158 2008 1325 6350 1294 37 17 9 58 19 12 752 20 19 11 9 7 12 316 16 63 295 233 231 172 1 16 16 60 591 2485 587 91 9 6 2 2 19 1 0 1 0 1 4 2 2 6 103 24 64 18 68 19 28 5 76 15 63 3 1 96 12 31 104 623 11 20 274 4 3 10 8 5 38 6 16 56 6 7 14 4 18
0 0 1 0 0 1 0 0 0 0 0 0 123 130 1228 2403 694 2264 6198 3363 43 44 177 38 0 5 10 13 0 2 1 3 8 8 5 13 276 281 70 21 367 9 43 672 92 676 7 31 12 7 4 0 0 2 0 0 2 2 3 1 417 32 10 6 10 28 0 5 48 5 14 4 12 206 6 14 4 5 10 1 4 2 1 0 15 2 0 8 16 12 69 20 0 15 41 1 2 0 3 1 2 4 0 0 6 2 0 9 0 1 0 2 27 18 101 21 24 122 103 87 786 858 519 43 27 10 72 17 7 148 16 17 6 8 3 8 209 19 32 194 4 371 5 2 13 17 16 21 918 71 177 6 2 1 2 3 0 1 1 0 0 6 3 0 1 129 14 42 10 10 36 38 5 136 7 8 3 2 25 6 16 102 101 8 7 304 4 0 3 25 6 6 13 9 48 9 22 8 7 25
20 7 24 18 48 141 0 1 51 1 21 146 1 128 77 12 27 41 16 43 11371 5252 6370 3242 121 192 386 6 21 34 12 98 178 48 197 25 92 454 44 686 855 546 437 25 1 82 265 26 61 2 6 5 7 23 1 534 27 32 58 8 270 63 120 66 26 1 46 184 80 24 10 180 231 95 100 19 99 2 161 1 8 1 87 24 4171 132 43 20 30 3 134 56 5 26 165 112 168 54 57 12 5 2 5 1 4 18 0 0 1 2 1 11 0 0 8 0 2 1 0 5 20 2 5 17 11 0 11 0 0 1 17 1 21 48 0 54 0 1 63 50 0 5 1 6 15 3 2 1 25 21 1 0 0 0 0 0 0 2 0 0 6 2 1 1 10 0 10 4 2 2 14 8 2 5 2 4 0 0 14 3 112 57 26 1 1 108 1 0 2 7 13 1 0 7 10 2 8 3 0 2
33 17 34 23 60 165 8 9 57 6 37 209 3 47 32 11 44 14 10 44 5252 28707 8657 485 5139 2801 179 8 40 75 27 173 335 100 65 2 136 814 33 4298 337 63 663 71 3 32 646 61 75 6 24 17 84 148 22 142 49 52 84 4 111 419 896 150 65 2 280 291 286 144 59 278 444 193 120 53 173 9 308 3 24 1 1032 716 6278 4063 168 112 159 15 111 83 18 94 870 187 241 88 2980 55 4 4 3 0 4 15 0 2 5 2 9 19 0 0 6 1 7 3 5 8 54 2 10 34 13 0 11 0 0 1 29 2 32 65 5 76 0 0 124 156 2 4 0 4 35 0 4 1 73 21 6 1 4 0 0 4 0 0 1 0 9 5 1 1 21 2 4 3 1 0 25 15 2 6 1 10 0 0 27 9 141 125 58 1 5 137 2 0 15 3 20 11 2 8 19 3 34 3 0 3
6 2 0 1 13 9 1 1 9 2 3 21 1 399 529 124 124 97 29 177 6370 8657 19822 11277 1365 5370 1209 34 14 18 11 9 72 66 406 45 359 433 61 5669 7208 3794 2167 33 2 34 402 76 404 2 16 15 23 55 13 31 53 14 81 11 149 507 706 163 25 2 124 142 131 182 60 36 91 38 40 67 19 1 48 0 25 3 156 147 1089 304 39 148 225 18 123 222 17 185 1502 29 32 5 227 7 1 1 0 0 2 4 1 0 0 1 1 3 0 1 1 0 5 2 3 5 17 9 10 12 4 0 5 0 0 0 7 0 6 18 0 23 0 0 21 47 1 2 2 2 12 2 4 0 35 11 3 4 4 0 0 4 1 1 1 1 0 3 0 0 6 5 4 4 5 0 6 0 1 5 6 1 0 4 21 2 29 30 15 3 3 33 1 0 12 2 8 22 5 2 2 0 8 0 0 3
1 3 2 2 15 3 1 0 1 1 0 1 31 934 321 82 13 321 35 38 3242 485 11277 21976 237 4546 7044 299 69 37 62 1 20 39 2062 345 68 87 227 3381 2449 4629 4266 11 15 483 522 15 269 2 1 4 35 95 5 9 258 14 194 12 1443 70 220 1014 333 4 272 235 295 22 19 7 16 7 24 141 6 0 7 0 8 0 110 156 142 200 37 24 42 10 796 136 2 28 409 33 6 0 229 38 0 0 0 0 0 1 0 0 0 0 0 0 0 4 39 2 0 1 1 35 4 17 1 0 0 0 2 0 0 1 4 2 1 1 0 6 0 0 9 11 11 0 15 3 3 5 22 3 8 127 0 0 1 0 1 3 0 0 0 2 0 0 0 0 1 0 34 14 3 1 1 1 0 1 2 51 0 0 92 10 6 3 2 1 10 5 0 0 4 0 0 7 1 1 0 0 2 1 0 1
19 13 9 4 23 24 0 6 15 5 4 35 0 1 3 1 1 1 3 0 121 5139 1365 237 12455 676 129 7 55 22 141 32 46 7 13 0 7 94 6 3960 156 27 205 9 1 15 1825 18 17 0 17 5 98 287 25 13 306 10 12 0 51 80 330 129 42 1 730 744 120 17 9 66 51 48 451 5 50 1 55 1 6 0 451 729 811 1486 3163 10 23 4 27 8 1 17 238 51 72 15 4396 2552 2 0 2 0 2 2 0 0 0 0 2 4 0 0 3 0 0 0 1 0 2 1 0 10 2 0 3 0 0 0 14 1 5 28 0 23 0 0 31 20 1 0 1 4 12 0 1 0 9 10 1 0 0 0 0 2 0 0 0 1 4 0 1 0 7 0 2 3 0 0 9 2 1 1 2 4 0 0 13 1 33 24 24 0 1 35 0 0 2 2 5 1 2 0 2 0 5 1 0 0
0 0 0 0 0 0 0 0 1 2 0 1 0 131 35 1 1 4 5 5 192 2801 5370 4546 676 5396 1193 6 3 3 6 0 5 7 555 51 6 33 3 4612 481 208 274 1 0 4 88 1 18 0 1 1 12 31 0 5 16 0 14 0 11 47 105 42 5 0 44 24 22 19 4 1 3 8 3 4 2 0 0 0 4 0 65 63 88 68 7 6 5 1 18 10 2 8 129 0 2 1 48 3 0 0 0 0 0 0 0 0 0 0 0 0 0 0 0 0 1 1 0 0 0 2 2 3 0 0 2 0 0 0 1 0 1 2 0 4 0 0 5 8 0 0 0 0 1 0 0 0 4 4 0 0 0 0 0 0 0 0 0 0 0 0 0 0 1 0 1 0 0 0 0 0 0 0 0 1 0 0 0 1 0 5 4 0 2 5 0 0 0 1 1 3 0 0 0 0 1 1 0 0
2 0 2 2 25 4 0 0 0 0 0 9 64 2766 2311 338 1 504 73 10 386 179 1209 7044 129 1193 16257 2852 242 126 146 6 37 69 6550 673 93 76 198 4993 1281 280 1081 2 2 310 581 26 65 0 4 4 29 69 11 8 607 70 485 41 168 45 140 3472 915 1 375 290 188 7 9 5 13 15 53 6 3 0 5 0 4 2 77 117 80 106 16 12 18 4 52 35 3 17 120 75 5 4 183 67 0 1 0 0 0 0 0 0 0 0 0 0 1 10 99 0 3 13 5 150 14 134 10 2 1 1 2 0 0 5 0 1 0 4 0 3 2 2 8 20 38 1 37 1 2 1 14 4 33 264 0 0 2 0 0 0 0 0 0 0 0 0 0 0 2 2 49 15 3 3 1 0 2 2 2 14 0 0 30 1 3 8 9 0 2 13 0 0 2 3 1 4 0 1 0 0 0 0 0 0
8 0 1 0 67 13 0 1 0 0 1 8 61 622 4373 5404 6 403 28 13 6 8 34 299 7 6 2852 5767 174 208 134 2 19 68 141 27 94 33 2133 19 134 11 33 3 4 290 56 25 5 3 0 0 6 17 1 1 282 127 297 67 336 13 46 528 1028 4 95 229 159 8 1 1 5 3 177 16 1 1 3 1 3 1 23 12 12 10 3 4 8 1 37 6 0 1 30 151 1 5 20 74 0 0 0 0 3 0 0 2 0 0 0 2 0 60 506 10 2 11 5 446 23 168 7 3 0 0 0 13 1 53 5 2 1 1 6 6 4 5 7 28 255 1 215 0 4 3 41 24 40 1180 3 0 0 0 0 2 0 0 0 0 0 0 0 0 0 6 235 59 14 5 1 0 1 6 0 60 0 1 95 6 1 11 4 1 4 11 1 0 2 2 0 3 2 6 1 0 2 0 0 0
8433 284 141 230 1882 588 1240 250 9 48 26 181 0 60 12 42 1 6 1 0 21 40 14 69 55 3 242 174 41382 13901 2019 49 70 67 13 9 80 46 131 58 71 4 55 3 5 13 194 316 2 1 31 41 4185 12226 529 13 2467 22 52 10 66 204 569 136 531 0 5029 354 1066 22 24 45 17 1 370 58 14 2 8 6 21 2 2187 959 152 51 193 10 22 3 54 41 15 7 140 864 47 5597 148 718 1 1 2 0 0 11 0 0 0 1 2 5 0 0 6 0 0 0 0 3 3 0 3 4 4 0 0 0 0 0 6 0 9 17 0 12 0 0 10 1 3 0 6 0 5 1 10 0 2 32 1 0 0 0 0 0 1 0 0 0 0 0 0 1 3 1 18 18 1 2 4 0 0 1 3 17 1 0 33 5 23 9 2 1 4 16 0 0 5 0 1 4 2 1 4 0 3 0 0 0
6273 1884 138 1988 12824 4970 680 483 8 46 58 987 0 87 25 88 3 21 2 2 34 75 18 37 22 3 126 208 13901 23545 5425 266 258 126 17 8 170 94 208 19 195 6 41 1 3 9 81 695 12 0 65 71 1105 1209 211 34 3863 39 47 24 105 368 399 60 610 2 515 199 1437 32 91 73 53 4 371 119 9 0 28 4 49 8 1778 418 512 112 81 38 44 5 41 87 38 11 114 2269 44 997 72 369 2 2 2 2 2 10 1 3 1 1 6 16 0 2 8 0 0 0 0 3 4 1 0 1 3 1 2 0 0 1 17 0 11 24 1 14 0 0 9 4 2 0 6 0 4 2 4 0 4 36 0 0 0 0 0 5 3 0 0 2 2 4 0 0 6 2 4 12 2 2 3 0 0 2 5 21 0 0 32 7 44 13 2 0 4 30 0 0 6 1 5 7 3 5 16 3 4 0 0 1
690 176 38 1177 14026 4042 75 48 1 9 31 495 0 89 17 34 1 10 0 1 12 27 11 62 141 6 146 134 2019 5425 20704 95 72 123 27 8 142 69 107 56 195 0 43 0 0 6 301 132 1 0 38 16 247 451 41 21 11668 53 115 26 48 56 136 88 220 1 1659 919 314 10 11 23 28 3 958 22 5 0 19 5 17 1 567 414 234 376 790 7 5 0 20 46 7 6 46 1627 10 101 3170 11577 0 0 2 0 1 3 0 0 0 1 3 6 0 1 7 0 1 0 0 3 2 0 0 1 0 0 2 0 0 0 5 1 2 8 1 9 0 0 12 10 0 0 0 1 1 1 4 0 5 16 0 0 3 0 0 0 3 0 2 1 1 0 0 0 3 0 6 3 0 0 0 0 0 1 0 8 0 0 19 1 11 10 3 0 2 4 0 0 3 1 0 4 0 0 4 0 2 2 0 0
360 52 50 78 391 4959 19 31 50 80 194 1281 0 7 1 8 0 9 0 3 98 173 9 1 32 0 6 2 49 266 95 9939 10969 393 4 1 39 181 16 6 198 0 10 0 0 5 11 59 4 0 22 18 55 61 14 17 22 5032 23 12 22 32 12 7 18 1 79 30 92 9 16 1398 1576 8 4242 24 41 1 323 1 24 1 411 98 466 95 8 14 6 3 10 32 11 5 13 6770 242 92 56 16 25 5 36 15 22 106 1 13 18 29 67 156 0 0 0 0 1 0 1 1 3 0 3 18 12 0 5 0 0 0 87 1 119 211 3 51 1 0 24 15 1 1 1 12 47 0 1 0 10 4 2 0 0 2 0 0 1 2 2 0 18 4 2 7 41 0 0 3 2 2 34 12 1 4 2 1 0 0 5 1 321 66 16 4 4 159 0 0 1 2 15 4 0 20 82 10 28 0 1 1
256 39 51 57 368 1461 31 20 70 175 360 3122 2 63 8 43 0 32 11 8 178 335 72 20 46 5 37 19 70 258 72 10969 11716 4610 33 26 301 3782 46 29 224 0 27 5 1 23 166 46 4 2 28 23 93 78 22 25 40 2911 396 442 63 18 26 25 33 0 82 516 98 12 9 2252 3217 43 2951 27 50 2 232 4 18 2 524 115 506 116 10 9 18 5 16 47 13 2 14 3396 539 144 79 51 37 13 52 27 30 184 8 18 24 36 86 210 0 0 4 0 4 1 3 7 33 3 10 77 31 1 15 0 0 1 156 2 170 386 10 234 3 0 130 102 0 7 1 28 103 0 4 0 55 15 7 0 1 5 1 3 2 12 0 2 38 12 8 8 96 3 3 0 2 2 79 41 9 17 1 3 1 0 11 0 745 226 51 6 0 422 0 0 0 19 82 1 2 48 121 18 73 9 3 10
14 1 2 0 216 47 4 1 0 0 3 50 0 484 13 98 2 58 9 8 48 100 66 39 7 7 69 68 67 126 123 393 4610 10812 420 449 2071 2366 106 59 81 3 28 3 0 12 497 59 2 0 1 5 13 21 4 3 103 2951 2220 5261 76 18 36 71 72 3 25 1164 144 5 5 82 398 31 2881 37 14 3 47 3 3 0 108 19 64 16 8 2 6 0 12 14 2 2 21 761 4 8 14 85 3 4 1 2 4 3 1 4 2 0 1 8 0 0 8 0 3 3 3 7 40 9 12 35 13 3 16 1 0 1 27 5 14 112 13 217 2 0 205 162 3 6 4 13 59 1 0 0 62 11 7 0 2 3 1 2 5 6 2 0 25 11 1 3 35 0 8 3 0 1 62 11 10 13 1 6 0 0 10 1 149 207 30 13 1 150 0 0 0 7 34 4 0 6 9 4 31 8 0 8
0 0 0 0 8 2 0 0 0 0 0 0 1 5433 1233 25 13 10 5 5 197 65 406 2062 13 555 6550 141 13 17 27 4 33 420 4342 3492 902 119 34 1896 281 41 666 5 0 12 804 10 7 1 0 0 3 4 0 0 51 53 676 266 34 13 157 748 77 0 26 160 73 2 2 2 9 4 52 7 0 0 1 0 1 0 8 2 21 10 5 2 2 1 12 6 0 3 136 31 0 0 22 14 0 0 0 0 1 2 0 1 0 0 0 1 2 1 9 3 7 6 9 2 42 37 32 9 7 3 11 0 0 1 3 0 0 0 2 4 0 1 21 43 2 6 1 1 11 1 1 0 44 9 7 0 0 0 0 0 0 0 0 0 1 0 0 0 1 4 6 4 0 0 3 2 0 4 0 3 0 1 5 1 7 25 5 1 1 11 0 0 1 0 0 0 0 3 0 1 2 1 0 3
0 0 0 0 4 2 0 0 0 0 0 0 0 4201 209 2 40 2 0 13 25 2 45 345 0 51 673 27 9 8 8 1 26 449 3492 1011 803 39 9 554 19 7 126 3 0 1 158 2 2 0 0 0 0 0 0 0 9 68 1301 950 6 2 12 174 14 0 3 78 13 0 0 0 3 0 30 0 0 0 1 0 0 0 1 0 4 0 0 0 0 1 2 2 0 0 13 18 1 0 1 6 0 0 0 0 0 0 0 0 0 0 0 0 0 0 1 0 0 1 1 2 10 2 7 1 0 0 1 0 0 0 2 1 0 0 1 2 0 0 7 18 0 1 0 0 2 0 0 0 6 2 3 0 0 0 0 0 0 0 0 0 0 0 0 0 1 0 0 1 0 0 1 0 0 0 0 0 0 0 1 0 0 3 0 0 0 2 0 0 0 0 1 0 1 0 1 0 1 0 0 0
16 2 3 1 202 62 5 1 0 1 3 30 8 1649 1369 826 368 509 192 276 92 136 359 68 7 6 93 94 80 170 142 39 301 2071 902 803 5732 1285 303 65 330 11 60 9 1 279 556 67 3 2 3 1 9 12 3 2 133 789 1718 1387 468 22 32 64 66 2 42 496 222 4 8 8 45 19 803 51 2 0 8 2 3 0 47 13 55 21 4 2 9 7 65 6 2 1 36 588 3 5 8 88 2 2 4 0 8 6 0 2 0 0 1 2 1 2 35 3 17 20 36 16 189 40 97 64 35 4 51 2 0 4 27 7 6 33 12 113 13 1 118 291 6 60 6 1 28 3 6 2 306 38 64 0 2 1 1 2 0 1 1 0 7 4 0 3 6 31 6 9 0 3 38 11 3 56 6 10 0 0 28 5 41 248 28 3 7 165 0 0 0 21 19 5 5 12 10 0 24 13 0 14
21 1 6 3 129 72 2 3 6 9 13 265 536 84 48 416 430 683 934 281 454 814 433 87 94 33 76 33 46 94 69 181 3782 2366 119 39 1285 10768 157 239 320 11 147 2963 330 2970 604 312 30 103 8 14 17 20 7 11 107 572 851 388 1223 147 214 85 56 157 51 957 288 17 108 714 5932 1604 780 195 284 306 1487 5 25 31 153 64 374 110 35 106 198 128 686 35 8 12 201 533 70 10 71 61 19 27 16 16 39 42 2 25 2 6 9 38 3 6 185 24 78 155 182 163 1162 678 724 351 226 27 216 6 4 29 170 54 84 556 72 1148 78 15 1131 1610 25 335 22 32 305 26 61 27 1639 232 282 13 13 14 2 46 5 19 4 1 79 38 9 12 172 167 30 50 7 16 251 91 49 332 34 79 5 7 230 34 659 1946 522 71 45 1754 9 7 18 119 150 75 24 67 133 13 316 67 11 83
8 0 0 1 118 45 1 0 0 1 3 24 63 108 1974 943 23 1695 24 70 44 33 61 227 6 3 198 2133 131 208 107 16 46 106 34 9 303 157 11015 24 322 56 371 18 26 830 52 322 34 4 0 1 10 19 3 1 219 200 190 57 9738 85 160 1279 6345 21 82 172 3420 13 22 7 21 5 335 295 4 0 8 0 7 1 31 25 23 18 2 19 44 7 384 30 1 9 133 329 1 7 25 69 0 8 0 0 8 1 0 1 0 0 0 2 2 87 1164 13 7 15 7 493 35 115 7 7 1 2 4 29 0 96 30 17 3 11 4 23 8 12 22 57 450 10 660 2 7 42 344 42 107 3070 23 1 10 0 1 24 0 0 0 0 0 1 0 1 5 24 912 531 96 18 2 8 5 40 17 729 0 1 1089 74 10 24 10 6 40 40 0 1 6 3 1 46 12 13 15 2 8 2 1 2
11 5 8 6 11 10 0 3 4 0 2 12 0 539 143 8 9 15 4 21 686 4298 5669 3381 3960 4612 4993 19 58 19 56 6 29 59 1896 554 65 239 24 7068 1013 200 1100 8 4 14 1397 40 30 2 11 6 77 207 14 14 254 8 148 9 76 204 684 451 41 1 466 682 236 48 18 10 39 44 20 21 18 3 19 1 9 0 325 482 530 624 112 32 39 2 63 33 5 25 611 11 20 5 805 73 1 2 1 0 1 1 0 1 0 0 0 1 0 0 4 0 4 6 2 6 24 9 21 5 2 1 9 0 0 0 6 3 2 15 1 18 3 1 26 42 0 5 3 2 5 0 5 0 34 10 4 1 2 0 0 0 0 0 0 1 1 0 0 0 2 3 4 1 1 0 4 1 0 4 1 5 0 0 19 1 19 36 12 1 3 42 0 0 6 4 4 7 1 3 1 0 2 1 0 1
553 317 355 286 342 602 23 123 27 95 82 625 8 353 1135 565 129 699 69 367 855 337 7208 2449 156 481 1281 134 71 195 195 198 224 81 281 19 330 320 322 1013 7979 5558 1569 32 10 271 171 102 2096 15 619 210 22 37 1320 970 52 112 57 10 1254 261 269 388 106 6 59 153 295 227 274 195 146 44 535 236 57 13 135 52 504 35 997 42 881 69 39 576 635 95 693 2384 220 405 881 395 94 50 84 76 2 1 6 1 5 21 0 1 1 4 7 28 0 0 13 1 0 0 1 6 9 5 2 12 6 0 4 0 0 0 36 0 32 74 2 47 0 0 25 36 4 0 5 2 22 1 11 0 23 39 2 13 13 2 0 12 16 4 14 16 5 5 0 2 24 1 11 14 1 5 23 8 2 3 10 15 14 8 43 8 199 73 20 0 7 113 6 2 119 3 15 38 11 9 21 2 14 1 0 1
1 0 0 1 2 0 0 0 0 0 0 1 0 39 27 72 6 73 3 9 546 63 3794 4629 27 208 280 11 4 6 0 0 0 3 41 7 11 11 56 200 5558 9096 4562 2 4 66 21 13 1977 0 5 1 2 8 5 0 6 1 6 0 381 38 24 66 45 1 22 15 101 15 19 1 2 1 2 64 1 0 4 0 19 1 10 13 13 17 3 48 56 17 363 279 4 56 301 5 0 0 13 1 0 0 0 0 0 0 0 0 0 0 0 0 0 1 3 0 0 0 0 0 0 0 0 0 1 0 0 0 0 0 0 0 1 0 0 0 0 0 0 0 1 0 0 0 0 1 2 0 1 9 0 0 2 0 0 1 0 0 0 0 0 0 0 0 0 0 3 6 2 2 0 0 0 1 0 11 0 1 20 2 0 1 0 0 3 0 1 0 8 1 0 4 1 0 1 0 0 0 0 0
7 3 1 3 28 18 2 3 1 0 3 18 15 429 162 63 13 210 34 43 437 663 2167 4266 205 274 1081 33 55 41 43 10 27 28 666 126 60 147 371 1100 1569 4562 4672 49 48 603 292 196 1955 7 9 8 29 86 10 11 236 19 109 2 2973 248 757 2739 471 14 283 144 1372 64 42 8 16 8 35 938 2 0 29 1 16 2 184 222 249 251 30 88 212 103 3434 400 9 104 1929 62 7 2 242 30 0 1 0 0 1 0 0 0 0 0 0 0 0 2 52 0 1 0 0 20 6 6 0 0 1 0 0 1 0 0 9 4 0 4 2 5 0 3 8 9 1 1 19 0 2 14 96 1 9 239 6 10 12 0 1 37 2 0 2 1 0 0 0 1 0 4 63 67 20 12 3 1 0 5 51 185 2 4 382 73 7 6 5 2 74 5 2 1 21 0 1 74 16 4 1 0 1 1 0 0
0 0 0 0 1 0 2 1 5 0 0 1 3983 6 6 4 184 73 6428 672 25 71 33 11 9 1 2 3 3 1 0 0 5 3 5 3 9 2963 18 8 32 2 49 12883 4685 2216 19 145 16 1339 83 139 2 0 1 1 4 7 12 0 169 89 97 9 13 1425 0 16 71 9 59 28 1065 3153 9 74 264 1702 3113 152 167 746 13 2 27 7 2 450 290 570 1326 44 7 5 98 1 52 0 7 0 4 11 1 3 10 4 0 8 0 0 1 5 10 14 420 21 44 193 151 372 793 1320 649 112 73 13 103 6 7 53 39 16 3 62 18 125 49 8 312 611 33 193 22 5 51 9 58 68 1191 350 139 8 19 2 0 39 6 4 7 11 7 4 2 1 19 88 29 51 16 65 59 41 12 125 37 59 5 5 203 33 72 534 426 13 62 490 5 8 77 27 30 116 11 23 40 5 62 25 2 42
0 0 0 0 1 1 0 0 49 0 0 3 4276 0 1 1 63 28 909 92 1 3 2 15 1 0 2 4 5 3 0 0 1 0 0 0 1 330 26 4 10 4 48 4685 17110 1738 1 17 5 2625 34 36 10 1 0 1 5 0 1 0 29 20 28 25 41 3124 2 3 41 9 15 32 199 787 4 20 1411 991 793 57 81 228 6 2 1 2 0 352 292 3374 5229 26 1 5 44 0 1064 45 3 0 0 3 0 0 1 3 0 0 1 1 3 7 0 7 338 6 5 5 4 75 12 49 10 1 1 0 1 3 0 3 25 9 2 8 5 3 0 1 8 14 19 2 34 1 1 22 546 21 52 1017 5 11 40 0 0 143 4 1 4 4 0 1 0 0 1 7 126 106 29 184 3 4 1 11 111 375 3 9 1305 176 13 10 26 1 188 24 6 13 102 1 1 259 28 3 8 1 0 0 0 0
0 0 1 0 5 4 0 1 4 0 1 12 4131 9 37 57 909 4702 3037 676 82 32 34 483 15 4 310 290 13 9 6 5 23 12 12 1 279 2970 830 14 271 66 603 2216 1738 6324 13 28 62 113 3 3 3 8 1 2 31 13 20 0 423 92 95 1123 314 1445 42 20 69 25 17 42 73 90 14 31 54 30 81 2 8 9 18 22 27 31 1 63 79 132 1839 44 5 14 146 10 68 5 26 2 1 17 0 1 6 3 0 4 0 0 0 0 1 158 3722 36 16 43 31 1032 110 460 34 4 3 2 4 38 0 275 19 21 9 11 11 15 14 14 15 116 965 12 1264 1 8 42 862 336 361 4842 21 5 11 1 0 40 0 0 3 2 0 0 0 2 9 46 783 553 104 206 5 10 8 40 20 609 2 2 767 42 19 21 39 9 35 99 1 6 33 4 0 41 10 19 48 1 4 0 0 3
19 6 6 6 18 14 2 3 3 0 1 23 0 648 26 25 7 17 7 7 265 646 402 522 1825 88 581 56 194 81 301 11 166 497 804 158 556 604 52 1397 171 21 292 19 1 13 4336 42 5 0 8 3 90 248 20 11 1050 81 1400 144 47 84 345 420 165 0 858 3715 276 18 12 24 128 47 118 13 27 4 33 1 3 0 262 390 335 677 1346 5 16 3 37 11 5 3 164 57 22 7 1741 463 0 2 1 0 2 1 0 0 0 2 0 2 0 0 5 2 6 6 6 6 52 10 22 22 3 3 14 0 0 0 7 0 5 19 4 48 1 0 85 105 3 4 1 3 22 0 6 0 53 19 3 0 0 0 0 3 0 0 0 0 3 1 0 0 9 7 9 7 2 0 9 3 2 12 0 6 0 0 17 0 28 52 17 4 0 60 0 0 1 3 14 6 1 3 3 0 10 2 0 3
49 4 8 10 390 210 10 2 0 5 21 139 6 30 133 20 31 61 46 31 26 61 76 15 18 1 26 25 316 695 132 59 46 59 10 2 67 312 322 40 102 13 196 145 17 28 42 23472 178 125 13 40 28 28 6 5 340 200 102 23 699 11232 1165 130 651 14 111 218 6604 184 5201 22 28 21 461 12968 17 3 55 6 134 22 79 47 62 46 13 2256 6866 281 2061 124 25 64 968 837 7 16 36 54 1 9 0 0 2 0 0 1 1 0 0 1 0 2 16 1 2 0 1 6 13 5 2 3 3 1 8 5 2 2 21 15 3 4 4 16 0 1 7 21 2 12 8 2 5 138 181 8 49 168 9 158 519 9 5 544 6 7 25 32 0 0 0 1 1 11 32 385 122 33 5 18 2 17 619 380 49 102 1366 221 8 12 8 1 760 25 22 52 888 3 2 2073 342 4 10 0 2 2 0 2
21 21 6 5 9 11 1 5 0 1 1 7 2 3 15 29 3 96 11 12 61 75 404 269 17 18 65 5 2 12 1 4 4 2 7 2 3 30 34 30 2096 1977 1955 16 5 62 5 178 11587 18 42 19 3 3 12 1 4 3 0 0 353 389 125 40 23 5 11 2 198 166 203 1 5 3 7 320 2 0 11 3 116 9 26 9 21 12 0 458 675 118 678 6427 105 5084 7899 14 2 2 9 3 0 0 0 0 1 0 0 0 0 0 0 0 0 0 4 0 0 0 0 0 1 1 0 0 0 0 0 0 1 0 1 0 0 2 0 2 0 0 1 1 1 0 0 0 1 1 16 0 3 12 1 6 21 1 0 8 1 0 0 9 0 0 0 0 0 1 5 10 1 1 0 0 0 0 17 11 4 8 67 11 2 2 0 0 29 7 6 2 79 0 0 80 9 0 0 0 0 0 0 0
8 4 3 2 3 5 4 3 30 2 1 2 162 0 0 1 9 7 87 7 2 6 2 2 0 0 0 3 1 0 0 0 2 0 1 0 2 103 4 2 15 0 7 1339 2625 113 0 125 18 8411 468 1007 5 2 23 2 1 0 0 0 18 75 49 3 0 1463 2 3 38 42 56 21 136 1058 13 142 1509 1189 650 937 667 3408 23 1 4 3 0 2585 1267 4905 1113 229 51 14 66 8 724 26 0 2 0 0 0 1 2 0 0 1 0 0 2 1 0 1 25 0 0 0 0 3 7 11 6 0 4 1 3 1 0 3 4 1 1 5 0 1 1 0 1 9 3 3 6 0 2 11 111 2 23 76 3 43 142 2 3 379 37 9 39 77 0 0 0 0 1 2 9 43 21 61 1 5 0 3 87 64 24 34 399 41 5 3 10 0 101 19 52 135 861 1 0 617 67 2 5 1 1 0 0 2
141 62 60 52 45 59 27 66 11 30 9 50 5 1 1 0 0 3 1 4 6 24 16 1 17 1 4 0 31 65 38 22 28 1 0 0 3 8 0 11 619 5 9 83 34 3 8 13 42 468 16396 17142 21 5 493 78 11 16 1 0 11 40 23 4 1 226 17 12 16 636 118 21 29 128 139 8 109 97 54 2934 2408 478 590 4 19 6 6 377 46 16 20 8501 6135 276 81 49 59 18 8 13 0 1 0 0 0 2 0 1 0 1 1 2 0 0 0 0 0 0 0 0 0 0 1 1 1 0 0 1 0 0 5 3 2 14 0 8 0 0 1 1 1 0 0 5 4 5 6 0 2 1 0 14 12 3 0 19 884 173 662 513 6 0 0 0 6 0 0 1 0 4 0 1 0 2 0 2 85 17 11 4 20 11 4 0 3 30 37 9 415 1 5 37 19 1 2 0 0 0 0 0
103 34 41 28 31 42 19 52 9 22 3 39 10 1 0 1 1 4 2 0 5 17 15 4 5 1 4 0 41 71 16 18 23 5 0 0 1 14 1 6 210 1 8 139 36 3 3 40 19 1007 17142 35277 15 10 296 34 12 9 1 1 10 98 49 5 7 539 20 17 39 1389 346 17 38 493 130 36 281 175 100 15983 5521 1373 411 3 14 3 4 842 93 33 49 2285 6746 100 35 40 157 13 6 22 4 2 5 3 2 0 0 1 0 0 0 1 0 0 3 0 0 0 0 0 2 3 2 1 1 1 0 0 0 0 11 2 3 5 0 7 1 0 7 6 0 1 1 22 7 14 14 1 8 3 1 26 27 23 0 70 4487 1228 4042 2081 61 3 0 1 6 0 2 4 0 69 11 3 1 0 7 4 373 49 72 4 23 8 48 0 2 57 215 90 1520 2 24 88 105 0 16 1 2 1 0 0
1162 176 148 112 379 217 803 706 118 426 70 171 1 1 0 2 0 2 1 0 7 84 23 35 98 12 29 6 4185 1105 247 55 93 13 3 0 9 17 10 77 22 2 29 2 10 3 90 28 3 5 21 15 14716 12755 6491 10 239 39 7 1 20 29 126 39 32 7 644 77 86 8 2 194 42 16 309 10 247 5 91 9 12 6 6856 315 78 118 68 3 5 8 10 20 5 1 59 225 704 4584 204 128 3 0 2 0 1 3 0 0 0 0 3 6 0 0 1 0 0 0 0 0 1 0 0 4 3 0 1 0 0 0 6 0 13 20 0 12 0 0 8 8 0 0 1 2 7 0 1 0 0 8 0 0 0 0 0 0 2 0 0 1 1 1 0 1 11 0 1 2 1 0 6 3 1 1 0 2 0 0 2 0 49 24 2 3 1 42 0 0 3 1 1 0 0 2 5 0 5 1 0 2
985 301 224 195 509 346 386 445 8 132 20 208 1 6 1 5 1 3 0 2 23 148 55 95 287 31 69 17 12226 1209 451 61 78 21 4 0 12 20 19 207 37 8 86 0 1 8 248 28 3 2 5 10 12755 15321 533 4 660 41 10 0 56 86 317 68 82 0 3357 138 207 21 9 56 35 10 300 16 12 3 39 1 5 1 3395 4979 98 412 210 3 19 3 27 10 1 6 133 268 30 1589 728 290 2 0 1 1 1 5 0 1 1 0 5 4 0 0 2 1 0 0 0 0 2 0 0 5 2 0 1 0 0 0 6 1 14 25 0 11 0 0 10 1 1 0 1 0 4 0 1 0 2 11 0 0 0 0 0 0 0 0 0 0 1 1 0 2 7 1 7 4 0 0 5 1 0 1 1 3 0 1 11 0 43 15 5 0 0 36 0 0 0 1 1 0 0 3 5 0 3 1 0 0
267 55 38 37 73 65 177 142 10 65 4 48 1 2 0 1 0 4 0 0 1 22 13 5 25 0 11 1 529 211 41 14 22 4 0 0 3 7 3 14 1320 5 10 1 0 1 20 6 12 23 493 296 6491 533 18618 1142 44 19 1 0 4 22 14 7 10 11 104 33 15 52 27 16 15 13 171 1 17 6 21 71 177 20 2716 47 23 19 17 30 4 1 3 920 106 22 15 58 34 353 50 31 0 0 1 1 2 4 0 0 0 1 0 1 0 0 1 0 0 0 0 1 1 0 0 1 2 0 0 0 0 1 6 0 3 9 0 6 0 0 1 2 0 1 0 0 7 0 0 0 0 0 0 1 0 1 0 1 15 2 9 15 0 0 0 0 4 0 0 0 0 0 2 0 1 1 0 0 0 1 1 0 22 10 4 0 0 18 0 0 26 1 2 4 1 0 3 0 0 1 0 0
76 47 34 46 38 63 8 15 5 16 6 68 0 1 1 2 0 0 0 0 534 142 31 9 13 5 8 1 13 34 21 17 25 3 0 0 2 11 1 14 970 0 11 1 1 2 11 5 1 2 78 34 10 4 1142 1888 9 16 2 2 1 6 20 9 2 1 9 11 7 9 4 23 21 4 83 0 10 0 27 10 22 2 3861 1 2150 33 5 5 6 1 7 166 17 5 13 52 7 8 18 13 1 0 1 1 1 2 0 0 0 2 0 5 0 0 0 0 0 0 0 0 3 0 0 4 2 0 0 0 0 0 6 1 5 13 0 10 0 0 2 2 0 0 1 0 2 0 0 0 1 1 0 1 0 0 0 0 0 0 1 0 0 0 0 1 4 0 0 0 0 0 5 0 0 0 1 1 0 0 0 0 24 12 3 0 0 17 0 0 2 1 3 0 0 2 1 0 1 0 0 1
84 61 52 72 1869 194 9 16 3 12 11 147 0 93 25 66 1 16 0 2 27 49 53 258 306 16 607 282 2467 3863 11668 22 40 103 51 9 133 107 219 254 52 6 236 4 5 31 1050 340 4 1 11 12 239 660 44 9 12311 26 172 15 154 239 1145 386 951 2 2733 1632 1498 42 42 25 19 9 1038 78 3 2 13 1 12 1 422 517 104 594 1165 13 34 2 115 26 11 9 340 1263 7 52 2968 4057 1 1 3 0 1 3 0 0 0 0 4 3 1 0 22 0 1 1 2 5 5 4 1 4 0 0 4 1 0 0 2 0 4 12 1 11 0 1 17 13 6 3 18 0 3 1 16 0 11 60 7 1 2 0 0 1 0 0 0 0 0 0 0 1 3 1 30 22 7 1 0 3 0 2 5 37 0 0 67 11 18 12 1 1 10 18 0 0 4 3 1 6 3 2 0 0 7 1 0 1
18 6 4 8 107 64 7 5 16 11 25 222 0 337 26 126 4 60 1 2 32 52 14 14 10 0 70 127 22 39 53 5032 2911 2951 53 68 789 572 200 8 112 1 19 7 0 13 81 200 3 0 16 9 39 41 19 16 26 7397 3568 1616 93 70 69 26 175 1 18 4220 469 19 21 630 897 13 13054 88 17 0 199 3 18 1 302 33 99 26 4 13 20 1 11 29 6 1 27 1608 25 25 18 95 8 1 9 4 8 20 1 3 4 4 9 25 0 0 8 0 2 3 3 6 9 7 1 26 10 2 7 0 0 0 43 0 19 129 5 145 0 0 76 59 0 2 3 13 63 1 5 2 23 27 6 1 0 2 0 4 2 4 2 4 22 6 2 3 20 1 8 7 0 3 42 12 4 8 4 4 1 0 18 3 160 94 27 2 2 126 0 1 1 6 38 9 2 12 16 2 32 1 0 4
3 0 0 1 28 3 0 0 0 0 3 3 0 1577 55 129 5 33 5 3 58 84 81 194 12 14 485 297 52 47 115 23 396 2220 676 1301 1718 851 190 148 57 6 109 12 1 20 1400 102 0 0 1 1 7 10 1 2 172 3568 2611 2648 86 35 147 297 305 0 57 921 357 4 5 11 86 10 383 26 5 1 15 0 2 0 28 16 48 22 9 6 1 0 25 3 1 0 45 104 2 4 32 61 0 2 0 0 3 0 0 0 0 0 0 3 1 0 11 2 1 4 6 8 47 9 12 19 6 1 15 0 0 1 10 1 3 15 4 64 1 0 74 109 4 10 5 1 14 0 4 1 77 25 5 0 0 0 0 1 1 0 0 0 0 2 0 1 4 2 9 5 1 1 15 2 3 15 1 12 1 0 24 1 10 80 6 4 1 45 0 1 0 9 1 3 1 4 4 1 11 4 1 5
0 0 0 0 30 2 0 0 0 0 0 7 0 616 14 44 3 19 1 1 8 4 11 12 0 0 41 67 10 24 26 12 442 5261 266 950 1387 388 57 9 10 0 2 0 0 0 144 23 0 0 0 1 1 0 0 2 15 1616 2648 4238 22 10 4 13 52 0 7 546 72 1 2 7 21 2 403 15 1 0 0 0 0 0 6 1 4 1 0 1 2 0 3 1 0 0 6 106 1 1 1 30 1 0 0 0 0 0 0 0 0 0 0 3 0 0 1 0 0 0 0 1 3 3 4 3 1 0 3 0 0 1 2 0 2 6 2 22 0 0 9 9 1 0 0 0 5 0 0 0 5 6 0 0 0 2 0 0 0 0 0 0 0 0 0 0 3 0 0 0 0 0 2 0 0 2 0 1 0 0 3 0 6 7 1 0 0 8 0 0 0 1 3 1 0 0 4 0 1 0 0 1
8 2 2 1 91 38 3 1 1 1 4 27 64 40 425 136 337 5090 311 417 270 111 149 1443 51 11 168 336 66 105 48 22 63 76 34 6 468 1223 9738 76 1254 381 2973 169 29 423 47 699 353 18 11 10 20 56 4 1 154 93 86 22 5115 689 1146 1691 874 113 113 91 3533 135 235 33 74 9 217 4336 11 2 54 4 54 2 79 77 89 85 7 210 543 66 1345 216 16 103 1732 280 3 6 78 38 1 6 0 1 5 3 1 3 0 0 1 3 1 51 1091 15 15 9 17 220 54 118 15 6 8 2 7 24 1 118 34 20 3 16 12 24 6 18 24 69 353 26 717 0 12 65 784 95 155 2125 33 27 43 1 4 125 0 0 2 3 0 2 2 0 10 56 367 678 126 68 8 24 9 43 112 989 7 7 1163 140 24 36 13 10 154 69 4 2 58 5 2 188 34 26 17 3 6 3 1 2
30 8 13 5 178 110 5 2 0 3 5 59 3 13 34 38 27 116 35 32 63 419 507 70 80 47 45 13 204 368 56 32 18 18 13 2 22 147 85 204 261 38 248 89 20 92 84 11232 389 75 40 98 29 86 22 6 239 70 35 10 689 27228 11492 297 217 9 252 103 1613 14061 4220 9 18 13 153 1594 12 4 21 17 575 49 172 149 211 152 13 1084 1767 261 1244 549 206 1347 7323 333 8 13 81 24 0 0 0 0 1 0 0 1 0 0 1 1 0 0 22 0 0 0 3 2 5 0 1 1 1 0 10 4 0 2 8 7 1 2 0 14 1 2 3 6 4 10 9 3 2 85 76 3 24 105 9 185 589 8 1 267 14 8 25 66 1 0 0 0 1 10 37 190 75 20 6 15 2 17 300 178 87 181 775 128 4 3 2 2 393 19 48 40 1846 4 1 1561 334 4 3 1 2 2 2 4
20 4 7 8 77 61 2 6 2 3 9 34 10 107 75 40 13 125 28 10 120 896 706 220 330 105 140 46 569 399 136 12 26 36 157 12 32 214 160 684 269 24 757 97 28 95 345 1165 125 49 23 49 126 317 14 20 1145 69 147 4 1146 11492 18538 5435 4011 20 1085 311 3861 1343 331 12 31 14 123 1479 11 1 33 3 62 2 420 575 601 546 54 284 1055 297 2518 102 52 294 10365 194 5 12 551 77 1 4 0 0 2 0 0 0 0 0 0 0 0 0 29 0 2 3 0 6 10 5 2 3 1 0 2 2 0 1 17 7 0 6 5 15 1 2 5 13 4 3 10 0 3 55 148 0 20 219 6 29 108 1 2 167 1 1 0 5 0 1 0 1 2 9 45 156 62 30 1 7 2 8 246 428 11 22 924 180 12 9 5 3 367 16 2 5 159 0 0 649 96 5 3 0 0 0 0 0
5 2 1 5 16 4 0 1 0 1 0 6 78 776 360 84 1 465 32 6 66 150 163 1014 129 42 3472 528 136 60 88 7 25 71 748 174 64 85 1279 451 388 66 2739 9 25 1123 420 130 40 3 4 5 39 68 7 9 386 26 297 13 1691 297 5435 5947 5074 9 330 164 2114 51 22 7 14 8 49 89 7 0 11 0 10 1 88 141 106 172 27 23 49 16 713 29 3 9 2067 37 6 1 301 73 1 0 0 0 0 1 0 1 0 0 0 0 0 1 246 2 2 1 0 118 10 28 4 1 0 0 2 2 1 11 9 1 2 4 2 6 2 2 5 15 47 3 101 0 1 7 65 8 22 834 2 1 2 0 0 6 0 0 0 0 0 1 0 0 1 6 257 121 29 7 2 4 1 10 7 213 0 2 378 23 12 7 2 0 24 7 0 1 7 0 1 18 1 3 1 0 2 0 1 0
26 4 6 4 257 89 4 0 0 1 4 48 34 202 611 72 5 193 14 10 26 65 25 333 42 5 915 1028 531 610 220 18 33 72 77 14 66 56 6345 41 106 45 471 13 41 314 165 651 23 0 1 7 32 82 10 2 951 175 305 52 874 217 4011 5074 6660 21 378 427 8584 28 27 6 16 3 317 248 1 0 9 1 5 1 101 92 85 87 16 25 22 12 483 13 4 7 682 455 0 24 134 115 0 2 1 0 1 1 0 0 0 0 0 0 0 11 163 1 2 4 0 85 7 23 6 6 1 2 2 2 0 9 13 8 1 2 3 9 0 5 11 25 60 4 80 2 6 22 161 3 18 687 3 8 11 0 0 17 1 0 0 0 1 0 0 0 1 15 183 160 31 19 1 7 3 15 49 430 0 1 843 135 1 17 7 3 79 17 0 0 14 2 3 48 10 3 1 0 1 2 1 0
2 1 3 0 0 1 2 0 4 0 0 3 2575 1 1 3 15 65 472 28 1 2 2 4 1 0 1 4 0 2 1 1 0 3 0 0 2 157 21 1 6 1 14 1425 3124 1445 0 14 5 1463 226 539 7 0 11 1 2 1 0 0 113 9 20 9 21 1728 3 0 38 11 13 7 63 1598 7 21 1054 2412 441 454 359 1218 13 1 5 1 0 605 172 728 1829 66 16 7 22 1 218 13 1 1 0 1 0 0 0 3 0 1 0 0 1 2 0 4 367 1 3 2 3 60 20 65 7 1 0 1 2 0 0 7 1 2 0 1 1 1 0 0 1 7 6 2 13 0 2 5 277 58 50 351 2 4 13 0 0 53 19 2 12 18 0 0 0 0 2 0 22 21 3 241 1 0 1 1 14 36 8 7 188 12 4 2 20 0 22 20 5 4 82 1 0 54 5 1 6 0 0 0 0 0
320 204 183 193 411 344 19 70 7 39 22 304 0 14 9 23 0 10 2 0 46 280 124 272 730 44 375 95 5029 515 1659 79 82 25 26 3 42 51 82 466 59 22 283 0 2 42 858 111 11 2 17 20 644 3357 104 9 2733 18 57 7 113 252 1085 330 378 3 14613 682 782 52 30 53 27 8 475 37 11 0 31 5 10 1 909 6186 553 3528 811 22 35 7 91 19 7 12 437 355 24 57 2280 1452 1 0 0 0 1 7 0 3 0 2 3 2 0 0 13 0 1 0 0 2 1 0 0 2 2 0 1 0 0 0 7 2 11 16 0 9 1 0 6 5 2 1 5 0 3 2 9 0 3 51 0 0 0 0 0 4 0 0 0 2 2 1 0 0 6 0 14 14 1 0 1 0 1 0 3 29 0 0 56 2 46 14 7 0 3 20 1 1 2 2 3 6 0 0 4 1 1 1 1 1
14 9 1 8 66 10 1 3 2 0 1 22 0 300 37 106 10 32 7 5 184 291 142 235 744 24 290 229 354 199 919 30 516 1164 160 78 496 957 172 682 153 15 144 16 3 20 3715 218 2 3 12 17 77 138 33 11 1632 4220 921 546 91 103 311 164 427 0 682 2318 673 14 26 28 243 58 5630 57 26 2 55 5 8 2 308 180 240 345 1340 2 12 0 41 24 8 5 121 274 31 16 1609 2329 3 0 1 3 3 4 0 0 0 0 0 2 0 0 6 0 0 3 1 8 32 3 11 47 12 0 20 0 0 1 24 3 11 65 5 179 0 0 159 144 1 3 5 8 59 1 4 0 80 33 5 0 1 3 0 1 1 3 2 1 9 5 2 3 18 3 8 8 3 1 26 11 2 16 2 20 1 1 33 6 96 121 27 4 5 104 0 1 2 9 34 2 0 5 5 0 27 4 0 2
53 10 23 17 664 285 12 12 0 6 19 169 5 141 825 101 19 165 37 48 80 286 131 295 120 22 188 159 1066 1437 314 92 98 144 73 13 222 288 3420 236 295 101 1372 71 41 69 276 6604 198 38 16 39 86 207 15 7 1498 469 357 72 3533 1613 3861 2114 8584 38 782 673 11174 177 265 25 53 11 951 3459 8 1 50 0 41 2 317 273 296 237 49 140 364 73 1292 57 21 48 1499 1282 10 57 212 145 1 14 1 0 3 1 2 0 0 1 1 2 0 4 43 4 1 5 6 16 31 6 5 10 1 4 5 6 0 4 37 28 3 10 13 30 4 10 26 50 13 7 38 0 11 107 497 2 67 730 9 45 70 2 3 218 1 0 1 5 0 0 0 2 3 36 150 394 117 84 13 27 4 43 394 1221 10 13 2088 468 22 31 7 11 511 41 1 4 62 3 1 441 83 14 6 1 9 3 1 2
20 15 8 6 30 17 3 10 2 8 0 11 2 1 7 23 1 40 8 5 24 144 182 22 17 19 7 8 22 32 10 9 12 5 2 0 4 17 13 48 227 15 64 9 9 25 18 184 166 42 636 1389 8 21 52 9 42 19 4 1 135 14061 1343 51 28 11 52 14 177 6095 5761 7 8 5 52 103 9 4 5 130 2946 172 109 33 68 36 5 663 262 43 218 1392 2597 1384 1328 38 3 1 27 2 1 0 0 0 0 0 0 0 0 0 0 0 0 0 4 0 0 0 0 0 0 1 0 0 0 1 1 1 0 0 0 1 0 1 1 2 0 1 0 1 0 1 0 1 2 17 17 0 3 23 3 69 140 8 2 43 53 38 123 288 0 0 0 0 0 2 7 29 6 2 0 3 0 2 33 41 107 83 118 26 2 1 4 0 40 7 106 7 1422 0 0 277 109 2 0 0 0 0 2 0
25 7 10 5 68 48 6 7 0 4 2 36 3 0 8 11 12 26 14 14 10 59 60 19 9 4 9 1 24 91 11 16 9 5 2 0 8 108 22 18 274 19 42 59 15 17 12 5201 203 56 118 346 2 9 27 4 42 21 5 2 235 4220 331 22 27 13 30 26 265 5761 5453 8 6 10 64 1084 10 1 28 66 2746 92 38 15 28 17 1 3201 1694 135 670 906 661 738 654 125 2 3 7 6 0 1 0 0 0 0 0 0 0 0 0 0 0 0 3 1 0 1 0 2 0 1 0 1 1 1 2 0 1 2 6 2 1 1 1 1 0 0 3 1 0 0 1 2 2 30 16 0 1 17 3 81 238 4 6 88 22 12 79 183 0 0 0 0 0 0 6 45 22 2 1 3 0 2 52 27 98 128 175 19 1 4 2 0 67 6 122 19 1614 2 0 421 130 0 3 0 0 0 0 0
114 32 57 37 161 404 85 30 500 634 2896 1759 4 0 2 6 2 3 7 4 180 278 36 7 66 1 5 1 45 73 23 1398 2252 82 2 0 8 714 7 10 195 1 8 28 32 42 24 22 1 21 21 17 194 56 16 23 25 630 11 7 33 9 12 7 6 7 53 28 25 7 8 5050 3112 185 752 16 2815 55 4213 6 15 15 379 98 455 137 14 14 14 10 37 36 6 1 18 1267 5976 763 89 5 76 52 130 66 94 484 8 38 64 122 251 583 0 0 6 1 5 3 9 8 27 5 21 88 49 0 24 0 0 1 381 7 514 838 4 223 1 1 101 100 1 6 2 26 144 1 3 0 80 6 6 0 0 6 0 3 9 12 0 1 69 45 11 24 172 5 0 3 0 2 146 85 8 11 2 4 0 0 13 0 1687 266 90 5 2 815 2 0 6 33 116 5 1 114 281 32 114 12 1 17
26 2 3 12 159 192 2 5 25 13 29 355 41 3 2 17 2 33 12 12 231 444 91 16 51 3 13 5 17 53 28 1576 3217 398 9 3 45 5932 21 39 146 2 16 1065 199 73 128 28 5 136 29 38 42 35 15 21 19 897 86 21 74 18 31 14 16 63 27 243 53 8 6 3112 10920 1463 1282 20 1107 553 9057 18 17 69 278 63 379 103 33 62 22 61 47 26 5 2 20 1304 250 52 62 19 17 13 25 9 19 61 1 12 4 7 12 64 0 0 23 2 15 19 25 13 152 48 71 137 65 5 52 2 0 3 140 9 102 510 23 592 5 0 485 398 1 28 2 31 196 0 4 0 252 34 22 0 2 11 2 0 9 18 3 4 55 29 6 10 140 15 2 5 2 2 152 44 18 52 1 4 3 0 31 2 884 809 388 15 3 955 4 0 3 39 133 14 4 47 91 9 129 13 1 9
3 1 3 0 2 3 3 2 40 3 0 18 726 3 15 18 151 89 2791 206 95 193 38 7 48 8 15 3 1 4 3 8 43 31 4 0 19 1604 5 44 44 1 8 3153 787 90 47 21 3 1058 128 493 16 10 13 4 9 13 10 2 9 13 14 8 3 1598 8 58 11 5 10 185 1463 4149 58 14 5208 4057 3778 221 208 767 74 27 117 42 17 586 198 461 236 37 6 2 13 4 1396 48 32 0 2 2 2 1 3 12 0 1 1 2 4 8 3 1 59 1 4 14 17 40 136 145 56 19 9 0 22 2 0 24 7 0 17 35 5 40 16 2 61 74 2 27 2 1 8 4 5 31 284 38 20 2 9 0 1 12 14 4 10 13 3 3 1 1 3 8 1 5 3 7 10 2 0 14 6 5 6 7 19 2 70 114 282 4 4 203 8 0 63 8 10 34 6 7 27 0 15 3 0 6
