41487 15282 16701 8576 5173 4067 10452 6441 664 1866 194 1809 0 11 24 12 2 8 0 4 131 97 6 11 37 3 4 29 10792 15423 2508 155 67 21 3 1 15 11 23 21 1038 20 27 2 6 2 9 35 25 3 355 730 1211 2120 2215 230 97 24 4 0 10 57 41 11 56 0 376 12 107 77 88 92 42 28 194 33 29 2 25 18 389 13 3052 1146 1583 200 44 109 66 7 18 682 407 56 57 812 245 3421 68 57 85 52 407 419 44 824 18 21 68 204 217 622 1 0 3 0 1 0 0 4 1 1 4 3 7 0 1 2 1 0 85 1 111 164 2 84 0 0 14 10 1 2 1 13 10 1 9 0 2 5 3 2 6 6 0 4 12 12 12 12 21 14 7 60 41 1 1 2 3 2 52 30 8 3 4 2 16 2 13 3 173 30 11 7 3 86 15 4 15 1 28 9 6 41 180 20 9 3 1 1
15282 22482 5655 16129 6987 3822 59 58 8 62 50 425 0 3 1 1 0 0 0 0 42 10 0 2 8 1 0 1 564 5040 923 16 8 0 0 0 1 1 1 2 303 1 9 0 0 0 1 5 1 1 37 79 44 138 98 37 13 1 0 1 2 7 4 2 2 1 68 1 4 16 9 15 4 1 11 1 9 0 1 3 54 0 198 97 317 46 10 16 10 0 2 75 55 7 12 30 88 38 10 2 33 36 159 237 33 365 4 2 12 70 109 382 0 0 1 0 1 0 0 0 0 0 0 1 0 0 0 0 0 0 46 0 87 104 1 38 0 0 4 6 0 0 0 4 5 0 1 0 0 1 1 0 0 1 0 1 3 7 2 0 6 14 6 36 21 0 0 0 0 0 34 21 1 1 0 1 5 0 1 0 99 11 2 1 1 30 4 1 1 2 23 1 1 26 84 6 4 0 0 1
16701 5655 12017 7725 211 6703 436 6746 265 2543 120 20409 0 1 1 1 1 0 2 2 60 14 0 6 14 3 1 5 1261 302 65 24 24 5 1 0 2 2 2 1 589 8 11 0 2 0 0 7 18 2 147 296 186 470 456 82 16 4 1 2 4 15 3 6 1 1 164 7 6 42 37 39 9 16 42 3 10 0 7 5 148 6 794 315 717 94 19 47 20 4 10 236 148 25 19 54 212 409 18 12 91 70 408 466 56 836 15 17 38 157 188 750 0 1 1 1 1 0 0 0 0 0 2 3 8 0 0 0 1 0 76 0 122 166 0 46 0 0 1 7 1 0 0 14 2 0 0 0 1 0 1 0 1 2 0 4 4 10 2 7 21 24 9 54 41 0 1 1 0 0 53 31 8 2 2 1 3 0 0 0 192 13 6 2 2 49 2 2 11 3 38 4 0 33 188 18 5 1 0 2
8576 16129 7725 16408 7658 8323 55 42 34 80 98 4465 0 3 1 0 0 1 0 0 79 31 3 3 6 1 0 2 539 2156 591 33 5 2 0 2 1 5 4 2 423 1 4 1 2 0 3 4 5 0 31 66 39 132 85 33 29 1 0 1 1 10 8 1 6 1 130 8 10 12 14 25 12 13 27 0 4 0 5 1 47 0 160 139 406 105 15 14 7 0 2 64 46 7 3 37 117 71 25 11 56 52 226 268 36 568 7 13 23 95 132 563 0 0 4 0 0 0 1 1 0 1 0 0 1 0 1 0 0 0 66 4 104 124 1 32 0 0 6 9 0 0 0 9 7 1 1 0 1 0 1 0 1 6 0 5 2 8 1 0 13 16 5 50 39 0 0 0 0 3 31 19 6 1 1 1 4 2 5 1 141 9 5 2 0 43 1 2 5 2 19 1 2 38 135 16 17 2 0 0
5173 6987 211 7658 21483 10012 799 91 19 82 242 3350 1 18 16 9 1 8 3 3 188 152 4 2 20 3 1 38 2718 13586 17887 335 115 21 8 1 20 20 29 11 739 8 34 3 2 11 10 21 6 0 56 124 208 516 375 51 364 14 5 3 12 50 46 20 110 1 299 33 126 31 27 83 64 19 358 25 24 5 10 4 79 0 580 355 855 229 67 19 20 2 27 129 83 16 17 1917 83 394 100 175 21 19 106 137 18 240 3 5 12 48 62 283 0 1 3 0 0 0 1 4 3 4 8 6 7 0 0 0 1 0 31 0 70 92 0 42 0 0 9 9 0 1 2 5 7 2 2 0 2 9 3 0 4 2 0 0 4 8 2 2 18 19 2 37 27 1 0 4 1 1 41 14 11 2 2 4 4 1 12 2 110 26 6 1 11 36 4 0 5 2 16 6 3 24 75 7 8 0 0 3
4067 3822 6703 8323 10012 15793 273 199 94 481 618 17714 11 18 22 23 6 21 10 3 398 234 16 12 45 7 4 40 1705 2665 937 2702 1230 95 7 2 29 62 36 18 1576 7 42 6 5 28 17 49 10 2 85 234 181 429 350 94 123 48 6 6 48 64 39 15 95 1 581 32 199 50 44 438 440 73 341 63 179 10 41 6 136 6 729 591 1359 379 66 36 26 4 67 210 130 31 18 1038 599 219 141 101 112 100 460 565 84 1172 21 38 70 182 334 1236 4 2 8 1 2 3 7 23 14 21 8 39 9 2 0 0 1 2 213 9 294 459 2 250 4 0 33 55 9 15 2 40 24 4 8 1 1 24 4 5 3 8 0 3 16 51 2 12 61 82 16 135 129 2 11 9 3 3 187 105 41 7 15 10 18 3 23 7 466 91 20 12 15 244 3 5 7 7 80 15 9 114 361 32 30 11 1 11
10452 59 436 55 799 273 9338 6168 535 2075 131 896 0 2 5 1 0 1 0 0 5 15 0 4 7 1 1 4 2957 533 316 44 30 2 0 2 1 4 3 2 89 0 2 0 1 0 1 2 1 1 51 100 864 697 1332 23 17 7 0 2 2 7 5 0 10 1 29 4 15 4 8 41 8 16 58 2 24 0 9 2 28 2 777 122 114 10 7 4 2 0 3 70 27 0 4 155 80 7443 5 13 5 3 40 42 5 72 2 3 5 21 19 36 0 0 0 0 0 0 0 1 0 0 0 2 1 0 0 0 0 0 5 0 10 21 0 14 0 0 5 3 0 1 0 2 1 0 0 0 0 1 0 0 1 1 0 2 1 2 3 0 3 1 2 2 2 0 0 0 0 0 7 1 3 1 2 0 1 2 3 0 21 9 1 0 0 22 0 1 1 0 4 0 2 5 20 1 0 0 0 1
6441 58 6746 42 91 199 6168 20721 2350 13869 165 2484 0 0 1 0 0 2 0 0 9 2 1 1 4 2 1 2 482 111 41 14 10 3 0 0 0 2 2 1 178 1 3 0 0 1 1 2 6 0 98 200 474 534 916 42 9 2 0 0 6 7 2 1 2 0 90 6 3 15 15 28 11 10 21 1 4 0 2 5 95 1 871 277 274 23 9 16 7 0 1 176 93 6 12 25 133 2580 8 13 27 26 170 203 20 300 8 11 19 111 66 187 0 0 1 0 0 0 0 1 0 0 0 0 1 0 0 0 0 0 6 1 17 25 1 13 0 0 2 2 0 0 0 4 1 0 0 0 0 1 0 0 0 0 0 1 3 1 4 1 3 4 1 4 4 0 0 0 2 1 5 1 0 0 0 0 2 0 1 0 37 7 3 0 0 6 6 1 1 0 3 0 1 10 55 3 3 0 0 1
664 8 265 34 19 94 535 2350 2772 4655 228 755 17 0 0 0 0 1 0 0 7 13 1 0 1 0 0 0 56 21 5 19 39 3 0 0 2 3 0 1 44 1 0 2 34 15 0 1 1 35 7 33 93 47 76 3 2 1 0 0 1 2 1 0 0 18 21 1 1 1 4 152 23 230 8 0 495 9 25 16 25 34 70 41 37 6 1 50 14 24 11 23 11 1 2 14 2367 1741 6 3 3 1 6 6 1 25 0 1 0 5 2 29 0 0 1 0 0 0 0 1 0 7 2 4 3 0 0 0 0 0 6 1 7 47 4 34 0 0 14 22 0 2 0 6 6 0 1 0 3 3 0 2 0 0 0 0 4 5 3 3 6 4 3 4 11 0 0 2 0 0 13 7 3 1 0 1 4 0 0 0 35 55 11 1 0 42 1 0 1 0 9 2 2 5 8 1 4 1 1 3
1866 62 2543 80 82 481 2075 13869 4655 24200 9049 28066 0 0 1 0 0 0 1 0 12 11 0 0 4 0 0 0 253 62 23 21 23 0 0 0 0 1 0 0 97 1 0 0 0 1 3 4 0 1 46 90 339 223 492 20 4 2 1 0 1 1 1 0 5 1 26 4 4 5 9 799 6 19 16 1 46 0 9 3 49 0 465 119 111 17 6 6 1 0 2 79 33 4 0 23 2143 3108 4 0 100 91 471 540 54 871 20 31 61 224 189 644 0 0 2 0 0 0 0 0 0 1 0 3 4 0 0 0 0 1 51 3 98 115 0 40 0 0 7 5 0 1 0 11 4 0 1 0 0 1 0 0 1 4 0 5 3 7 2 6 19 16 4 33 34 0 0 1 2 1 34 18 5 0 0 0 6 0 2 0 156 14 10 2 1 49 0 9 6 1 20 5 0 24 199 20 8 1 0 1
194 50 120 98 242 618 131 165 228 9049 4549 9591 1 3 1 1 1 2 0 0 15 18 1 0 7 0 0 2 152 219 70 27 91 3 0 0 3 7 0 0 59 0 4 0 0 1 0 3 2 0 8 23 42 59 88 4 2 0 0 1 4 7 2 0 6 0 42 1 12 3 5 1714 75 41 16 5 232 0 20 2 13 1 122 52 45 16 6 2 4 0 4 23 12 2 0 26 1462 232 6 4 37 38 156 160 27 316 12 16 17 86 102 407 0 0 1 0 0 0 1 0 1 6 1 12 12 0 2 1 0 1 94 6 93 204 1 91 0 0 6 9 1 1 0 16 12 0 1 0 1 1 1 1 0 1 0 0 4 19 4 7 28 39 7 51 52 0 1 0 0 1 87 39 14 1 1 1 9 2 1 0 195 22 7 8 1 106 0 0 1 2 36 1 1 44 183 15 15 4 2 7
1809 425 20409 4465 3350 17714 896 2484 755 28066 9591 20873 29 14 15 12 4 9 5 3 171 170 8 10 34 4 5 19 1171 1561 545 821 1327 87 4 1 28 50 14 8 736 7 26 8 20 28 13 26 9 33 71 206 210 427 484 48 42 28 5 10 27 34 25 8 39 9 340 17 106 30 25 3511 1048 239 181 39 1528 26 274 8 112 21 716 450 649 151 47 31 28 7 43 159 107 14 16 359 2670 889 62 48 170 119 619 783 119 1569 19 57 87 319 457 1801 1 3 8 1 5 4 6 11 8 30 19 49 25 0 1 1 1 4 323 13 450 775 7 380 0 0 62 89 7 10 0 57 38 1 4 0 11 22 10 1 6 20 0 6 30 70 6 17 106 96 29 203 207 3 10 6 2 6 301 188 59 12 14 6 34 4 12 3 806 133 48 21 10 425 5 5 9 6 143 12 8 189 596 48 72 13 1 19
0 0 0 0 1 11 0 0 17 0 1 29 4852 2 5 204 10 1370 4994 64 1 4 3 11 4 4 10 16 1 1 2 5 95 14 3 0 36 151 12 5 17 4 21 5642 2817 6110 5 8 2 179 1 11 1 2 1 0 0 2 1 1 37 6 3 18 29 1296 0 1 19 0 11 316 1203 1629 3 10 844 556 1413 23 41 68 1 2 1 0 2 142 94 143 749 6 0 1 2 1 62 9 3 0 0 0 0 0 1 3 0 2 0 0 1 2 5 31 572 5 2 106 1 727 20 794 16 3 2 0 1 21 3 76 1 1 6 12 1 23 8 0 57 69 438 19 62 4 4 24 219 15 75 1406 3 2 32 3 0 11 2 2 2 5 1 0 0 0 6 5 228 116 20 233 2 3 5 6 53 96 2 12 330 43 7 42 124 3 55 22 6 12 21 0 1 122 9 11 6 0 2 1 0 0
11 3 1 3 18 18 2 0 0 0 3 14 2 6964 4554 781 1323 143 74 67 46 26 87 102 40 62 167 1130 60 19 39 75 85 221 3133 4259 1942 22 165 185 561 23 55 28 2 9 1130 3 5 1 1 3 4 15 9 2 25 834 1029 2505 36 16 29 70 229 3 13 492 156 7 4 4 46 8 1069 5 4 14 22 0 10 1 8 9 10 10 10 4 4 0 6 35 7 8 16 203 1 3 10 9 0 0 0 2 0 0 0 0 0 0 0 3 77 40 22 51 7 81 45 22 72 558 233 24 14 10 17 8 5 23 3 0 2 10 1 17 63 6 38 58 12 173 2 3 8 11 0 1 48 17 49 1 2 3 1 0 0 0 0 0 0 1 0 1 4 56 6 7 3 0 3 4 5 31 6 7 3 1 10 2 6 30 9 4 6 14 1 0 2 4 5 4 3 6 2 0 4 4 0 4
24 1 1 1 16 22 5 1 0 1 1 15 5 4554 15381 10899 1616 2376 623 2738 70 60 220 232 84 292 310 4339 32 20 21 76 127 161 1334 411 1565 102 658 338 1896 84 125 173 3 68 477 27 48 2 2 4 1 13 13 3 21 592 418 582 170 42 50 76 434 1 16 292 628 17 23 15 166 28 800 28 8 25 51 0 22 4 11 9 14 11 18 21 35 2 35 211 22 65 52 199 1 5 16 7 0 1 2 3 0 3 0 3 0 0 0 1 200 120 76 136 27 230 95 127 249 1325 453 78 35 33 48 21 17 97 5 7 7 24 15 28 196 6 145 146 57 538 11 20 27 30 3 5 165 75 139 4 13 3 2 6 0 3 0 2 3 6 0 3 11 145 17 31 9 3 27 13 20 89 22 35 2 7 17 9 15 99 22 9 23 68 1 2 7 6 3 19 15 14 8 0 17 8 4 16
12 1 1 0 9 23 1 0 0 0 1 12 204 781 10899 9156 244 4322 3859 1814 20 18 105 219 24 75 600 2543 25 12 15 46 174 128 463 34 751 135 1150 72 1265 93 71 114 7 177 58 20 8 1 0 1 0 6 4 2 14 248 82 174 167 25 15 31 89 5 13 103 441 8 18 13 202 54 376 26 5 10 16 0 10 1 9 13 14 4 12 13 13 1 29 81 7 23 26 111 2 0 6 4 0 1 0 0 1 3 0 2 0 0 1 2 212 401 539 125 14 820 18 964 52 3927 78 7 6 12 14 46 19 840 2 0 4 15 5 46 225 3 71 58 646 148 74 8 5 17 20 26 138 243 26 0 6 4 0 5 1 3 0 1 1 0 0 0 10 48 33 90 17 17 8 2 14 16 28 52 2 3 35 6 6 27 51 1 5 10 1 1 9 1 0 18 8 8 1 1 5 1 0 3
2 0 1 0 1 6 0 0 0 0 1 4 10 1323 1616 244 3038 707 1170 1253 39 71 128 118 101 219 31 25 1 3 2 19 40 36 27 34 2708 299 31 321 374 15 45 248 3 120 88 6 5 1 2 0 0 1 0 0 8 97 57 52 31 4 11 15 13 0 5 33 41 3 6 8 157 51 109 12 4 15 34 0 1 0 2 3 17 4 22 6 12 0 33 19 6 9 8 23 0 0 11 1 0 3 3 2 4 4 0 6 0 0 1 9 97 42 47 67 19 43 94 21 280 432 300 107 80 18 48 17 14 42 18 11 7 35 13 63 71 9 200 194 33 347 5 15 33 19 7 4 238 38 224 4 10 4 1 3 1 4 1 4 3 5 0 1 23 137 11 16 6 6 43 19 40 181 15 28 7 6 20 4 37 175 28 21 13 164 1 2 2 26 5 17 10 25 9 1 38 7 10 22
8 0 0 1 8 21 1 2 1 0 2 9 1370 143 2376 4322 707 5292 9944 2059 5 24 79 510 21 57 599 943 24 2 6 28 247 127 181 7 1139 753 2731 44 1035 77 216 772 23 5678 25 107 14 4 7 4 1 4 5 2 21 67 26 50 3008 57 18 127 110 37 16 31 904 21 57 15 1011 188 126 473 13 22 55 0 33 3 9 6 13 8 14 35 124 10 375 98 13 15 15 40 6 2 12 5 1 0 0 0 2 1 0 0 0 0 0 4 82 497 1191 83 17 754 21 1980 112 3459 79 9 6 4 6 114 29 1112 8 6 10 22 11 78 103 3 179 233 1874 58 323 5 11 40 102 23 254 1375 25 11 19 6 1 36 0 2 1 2 1 1 0 0 35 35 162 326 23 83 6 4 29 29 49 102 2 7 115 11 6 64 101 2 22 17 6 3 15 1 0 44 11 44 5 1 5 3 1 1
0 0 2 0 3 10 0 0 0 1 0 5 4994 74 623 3859 1170 9944 42032 3467 30 48 66 168 77 254 123 170 6 0 2 4 102 26 206 5 428 1187 76 436 283 34 118 8166 127 6176 67 38 21 18 4 3 1 2 5 0 5 4 15 9 126 23 13 40 40 60 10 9 66 12 41 14 2808 3475 10 55 28 109 132 3 18 6 2 6 13 7 16 49 127 22 804 82 10 31 20 7 2 0 7 0 1 2 2 0 4 5 0 8 0 0 0 6 918 832 1681 645 46 1921 238 2020 671 14335 1204 127 82 52 132 148 98 1217 16 10 7 26 20 101 934 32 303 347 832 1516 110 41 76 109 52 124 924 770 289 18 27 10 9 19 1 8 1 5 2 3 1 4 34 417 103 194 51 58 41 18 42 174 92 113 15 17 185 17 32 280 640 15 49 161 14 13 20 16 12 100 49 42 25 3 38 12 6 31
4 0 2 0 3 3 0 0 0 0 0 3 64 67 2738 1814 1253 2059 3467 2643 26 40 88 148 52 260 124 70 8 3 2 11 46 30 196 11 399 59 44 350 456 41 82 182 12 213 35 13 32 3 0 0 0 1 4 0 4 52 16 29 41 9 22 35 17 5 10 19 53 16 20 13 91 149 64 18 3 23 31 1 17 0 3 5 10 0 9 25 23 8 50 164 11 56 43 20 0 0 11 7 2 1 0 2 1 1 0 11 0 0 0 6 467 259 191 296 30 227 108 95 400 2179 452 94 54 38 82 43 46 222 13 13 4 14 15 36 423 22 147 161 65 912 8 14 43 54 14 10 317 76 209 9 19 5 1 4 0 10 0 2 1 3 2 1 17 265 18 54 22 11 23 14 14 111 46 52 5 4 31 10 12 155 59 12 11 112 3 3 9 13 6 21 25 13 13 1 19 7 1 19
131 42 60 79 188 398 5 9 7 12 15 171 1 46 70 20 39 5 30 26 7380 3411 1038 92 621 293 30 19 93 84 226 93 130 204 7 5 262 183 11 167 1032 16 69 28 4 6 110 2 10 1 6 7 7 26 20 3680 60 119 59 30 7 12 33 12 20 0 49 234 33 17 7 40 172 38 588 5 41 13 83 0 4 0 94 36 4564 208 177 6 4 0 8 55 12 17 14 676 36 17 433 74 1 1 3 3 1 4 0 0 1 0 2 9 2 2 1 2 3 3 7 4 19 13 12 23 8 3 0 0 0 0 10 2 3 39 2 44 3 1 43 53 1 13 1 3 8 0 1 0 12 9 15 0 1 0 0 0 1 4 0 2 6 0 0 1 7 4 1 1 2 0 24 7 29 26 4 2 2 0 6 1 31 61 13 7 1 27 1 0 2 5 5 2 1 15 8 1 18 2 0 3
97 10 14 31 152 234 15 2 13 11 18 170 4 26 60 18 71 24 48 40 3411 19806 2012 413 8228 2401 168 34 140 99 192 113 225 316 19 10 505 401 19 2278 960 151 523 98 3 20 226 23 97 2 13 11 14 49 30 22 82 194 94 86 61 107 163 100 30 0 189 365 64 119 28 65 338 72 1063 34 74 57 215 1 32 1 79 115 2743 748 413 30 78 5 47 278 81 138 205 942 43 25 2771 152 1 2 2 2 1 2 0 3 1 1 2 11 6 2 7 5 12 7 18 5 42 42 49 36 29 2 6 2 4 3 17 5 7 56 10 87 9 1 113 119 6 38 2 13 19 3 2 0 38 19 48 1 12 0 0 3 2 7 0 0 3 5 0 5 15 11 4 10 3 1 31 6 38 60 12 7 5 1 17 0 34 133 25 12 5 56 7 3 7 5 16 12 4 20 7 2 23 5 0 11
6 0 0 3 4 16 0 1 1 0 1 8 3 87 220 105 128 79 66 88 1038 2012 5036 2862 374 6234 247 53 30 3 10 15 46 218 7 10 631 205 34 394 5813 814 158 47 4 27 58 3 45 0 0 2 1 11 6 2 12 51 20 59 51 6 10 18 11 3 40 66 28 10 8 12 83 14 83 16 9 7 38 0 6 0 14 20 102 64 49 12 15 1 18 86 11 23 28 64 1 1 139 7 0 0 0 0 0 0 0 0 0 0 0 1 7 9 3 7 3 8 8 4 16 66 36 7 4 1 3 1 1 6 1 0 2 8 1 16 10 1 21 16 4 34 1 1 5 2 1 0 11 9 12 1 3 0 0 0 0 1 0 0 0 3 0 0 4 11 1 1 0 2 3 0 8 9 3 7 0 0 1 0 3 35 6 5 1 11 0 0 0 3 3 2 3 1 0 0 1 1 0 2
11 2 6 3 2 12 4 1 0 0 0 10 11 102 232 219 118 510 168 148 92 413 2862 5876 1051 4129 3054 190 232 4 25 15 46 28 1226 30 260 93 271 2802 3039 4502 2451 73 27 661 737 41 512 3 12 5 8 48 42 10 143 38 185 24 1181 108 108 326 97 30 240 97 376 114 58 14 112 26 66 141 14 11 35 2 65 2 34 93 132 135 323 87 145 28 719 794 85 231 279 27 1 1 226 63 0 0 0 0 2 1 0 2 0 0 0 2 15 11 48 15 7 26 23 102 45 194 91 10 6 3 5 7 1 20 2 0 2 5 2 22 31 2 39 34 91 75 13 2 6 9 10 1 29 211 21 10 15 1 0 2 1 1 1 4 0 0 0 2 5 22 44 28 8 9 3 0 8 13 13 33 1 7 59 8 7 24 5 1 13 10 6 3 17 1 1 28 7 10 0 0 1 0 1 3
37 8 14 6 20 45 7 4 1 4 7 34 4 40 84 24 101 21 77 52 621 8228 374 1051 11456 1736 299 54 514 34 85 26 67 120 34 42 527 335 21 5458 615 75 725 120 5 18 1674 17 49 2 23 36 29 196 45 43 448 74 179 52 73 152 259 254 61 3 1296 231 67 151 21 26 256 47 247 22 50 50 191 2 39 2 259 593 1808 2394 2375 20 62 5 74 135 103 137 185 128 4 7 7873 1851 1 2 1 3 1 7 0 0 1 2 0 7 21 6 12 19 19 14 37 11 81 88 136 35 26 5 16 2 1 5 11 4 8 50 9 75 16 4 137 183 6 74 2 6 20 5 8 0 52 26 79 7 23 2 0 2 3 5 4 3 7 7 0 4 21 27 6 10 2 2 25 15 52 75 12 10 6 6 19 3 30 135 21 16 12 39 2 3 9 8 15 19 3 26 3 0 29 4 2 8
3 1 3 1 3 7 1 2 0 0 0 4 4 62 292 75 219 57 254 260 293 2401 6234 4129 1736 4554 1763 27 74 3 1 5 24 34 127 2 329 145 20 4898 2151 142 236 118 2 25 117 3 44 0 4 5 8 24 7 4 36 17 31 11 36 12 19 29 9 0 158 33 30 19 6 8 127 25 24 10 11 23 51 0 11 0 27 92 145 156 100 9 11 1 24 78 15 41 41 22 2 0 218 21 1 0 0 0 2 0 0 1 0 0 0 1 39 20 5 23 4 37 30 5 53 221 155 12 14 5 10 3 3 15 2 1 1 8 2 14 35 2 36 51 10 92 1 5 8 4 1 0 43 14 46 0 2 0 0 1 0 0 0 1 1 0 0 0 5 27 3 6 2 0 5 3 3 12 6 5 1 4 2 2 6 38 12 3 3 13 0 1 2 3 1 7 3 2 0 0 4 1 0 2
4 0 1 0 1 4 1 1 0 0 0 5 10 167 310 600 31 599 123 124 30 168 247 3054 299 1763 12362 11294 276 13 27 8 16 17 7018 67 70 12 190 3781 779 104 533 21 3 149 409 4 21 1 0 8 1 49 10 4 165 34 161 46 96 41 163 623 465 11 165 108 91 22 8 4 25 27 77 12 9 6 10 0 8 3 36 65 76 76 108 4 14 2 51 72 20 26 40 13 1 0 100 49 0 0 0 1 0 0 0 0 0 0 0 2 19 63 82 18 2 105 8 319 24 468 38 3 3 1 5 10 2 82 2 0 2 5 1 8 14 1 21 25 245 36 33 1 3 7 13 0 16 237 7 2 5 2 0 2 0 0 0 0 0 0 0 3 5 7 27 36 2 14 3 3 8 4 11 17 0 1 7 2 3 13 7 0 5 7 1 1 1 0 1 7 4 1 2 0 1 0 0 1
29 1 5 2 38 40 4 2 0 0 2 19 16 1130 4339 2543 25 943 170 70 19 34 53 190 54 27 11294 15002 447 39 113 36 60 97 3195 198 203 33 3810 284 467 34 101 29 14 266 393 19 2 1 1 5 10 46 28 1 314 384 484 484 245 46 161 396 1577 44 158 589 567 22 5 4 32 70 1014 14 6 15 19 1 12 0 28 39 50 23 51 3 11 3 38 27 15 11 10 239 1 7 29 44 0 3 1 0 1 0 0 2 0 0 1 4 50 274 537 32 13 388 26 2210 105 2126 123 14 3 5 5 76 9 354 6 0 6 15 7 49 46 1 131 176 1760 80 198 6 6 12 33 4 93 1428 25 5 7 4 1 8 0 1 0 1 0 1 1 1 21 18 171 196 9 62 4 1 21 17 17 50 2 3 44 12 4 44 25 2 17 10 0 4 6 2 2 21 6 21 2 0 7 0 1 1
10792 564 1261 539 2718 1705 2957 482 56 253 152 1171 1 60 32 25 1 24 6 8 93 140 30 232 514 74 276 447 57552 10336 6778 267 277 69 98 8 46 45 159 826 347 43 856 9 9 34 247 160 49 1 71 127 1467 7627 2017 35 9507 86 36 22 89 726 1607 587 1179 2 5042 319 779 491 76 294 212 121 1991 87 146 8 89 6 84 3 1846 3073 336 120 1963 42 125 10 121 243 206 239 286 2058 129 5389 308 1595 19 11 50 47 10 100 2 9 13 19 46 173 0 1 6 0 3 3 4 11 6 16 8 19 20 1 0 3 1 2 66 5 60 213 3 153 3 0 43 58 8 6 6 14 25 4 14 0 5 47 15 6 22 1 0 5 11 12 3 10 25 26 10 40 57 2 19 15 8 1 59 44 46 16 39 21 6 2 54 11 192 106 31 8 16 169 14 8 20 3 41 41 5 38 91 5 20 6 1 6
15423 5040 302 2156 13586 2665 533 111 21 62 219 1561 1 19 20 12 3 2 0 3 84 99 3 4 34 3 13 39 10336 25651 10854 184 83 25 6 3 14 17 33 17 447 3 42 1 1 4 14 29 8 1 90 158 493 1498 719 54 2345 12 4 2 12 74 80 20 121 0 165 20 128 58 31 65 38 23 260 18 27 1 10 3 77 4 927 348 469 108 69 28 21 2 12 146 93 16 19 1346 127 765 45 150 26 32 96 133 19 276 2 5 16 36 76 293 1 1 1 0 0 1 3 3 0 4 2 6 10 2 0 2 0 0 46 3 72 117 0 40 0 0 10 16 2 2 0 11 8 1 3 0 1 6 5 0 4 3 0 3 3 7 5 3 17 9 3 32 28 0 3 3 0 0 37 23 10 5 4 4 5 0 11 0 100 16 2 1 8 44 2 3 4 0 25 3 1 24 78 6 5 3 0 1
2508 923 65 591 17887 937 316 41 5 23 70 545 2 39 21 15 2 6 2 2 226 192 10 25 85 1 27 113 6778 10854 24084 72 34 9 26 5 16 8 70 48 1110 7 104 4 0 7 41 35 13 0 69 163 299 993 557 74 9903 21 7 3 14 135 210 54 362 0 663 107 282 84 33 18 17 8 2874 20 7 1 10 4 89 1 844 481 1167 376 713 26 34 0 23 150 111 33 40 3365 21 414 217 4602 4 2 28 26 2 70 0 2 5 9 18 59 0 2 3 0 1 3 1 4 1 8 4 2 5 0 0 0 1 0 11 0 23 24 0 21 0 0 7 6 1 0 1 1 0 1 0 0 4 4 5 2 5 1 0 1 2 0 3 6 6 1 0 4 4 0 2 1 0 2 16 3 1 2 6 5 1 0 15 6 15 11 2 2 8 21 3 1 3 0 9 12 1 10 16 1 3 0 0 1
155 16 24 33 335 2702 44 14 19 21 27 821 5 75 76 46 19 28 4 11 93 113 15 15 26 5 8 36 267 184 72 2237 3819 1110 8 7 155 98 68 5 184 3 41 5 2 22 9 33 3 1 24 59 62 120 136 18 17 1801 18 98 57 35 11 14 54 2 102 47 194 15 25 373 612 47 1399 80 149 3 34 2 38 1 211 158 157 59 19 14 22 3 54 46 33 5 7 2947 205 47 45 14 10 13 17 23 14 51 7 4 4 17 24 109 4 3 6 4 5 1 3 17 8 20 10 21 12 2 0 1 0 6 53 3 55 157 6 125 1 1 40 41 17 5 4 16 13 2 8 0 9 31 6 2 2 7 0 2 9 16 2 7 36 16 8 22 43 0 6 6 6 6 77 28 25 6 20 11 8 4 29 3 155 66 12 5 14 141 0 0 2 3 31 14 0 23 76 10 23 3 0 5
67 8 24 5 115 1230 30 10 39 23 91 1327 95 85 127 174 40 247 102 46 130 225 46 46 67 24 16 60 277 83 34 3819 6195 1645 13 7 342 1130 114 53 347 9 65 66 26 279 43 70 3 11 38 97 95 186 265 22 21 1647 48 221 163 48 19 26 59 11 185 127 308 24 43 1925 3531 181 2050 190 390 37 233 4 46 7 400 263 243 89 69 19 73 7 196 94 34 10 10 2212 385 61 92 31 10 22 16 22 20 67 2 23 4 12 31 153 10 16 47 11 11 17 22 62 55 135 78 54 37 2 9 2 2 14 83 7 76 371 27 419 11 1 233 309 66 41 14 31 53 7 27 0 49 123 58 2 8 10 1 9 23 33 7 22 77 50 11 48 98 23 21 24 4 7 186 64 141 55 20 25 34 2 52 14 379 413 66 46 26 382 1 3 5 21 87 38 7 89 87 9 60 16 3 26
21 0 5 2 21 95 2 3 3 0 3 87 14 221 161 128 36 127 26 30 204 316 218 28 120 34 17 97 69 25 9 1110 1645 3541 79 95 985 1619 93 77 425 6 33 17 7 68 106 31 2 1 9 14 23 61 60 4 16 4840 652 4525 56 29 18 23 89 5 84 621 224 9 14 83 291 51 2016 43 31 10 57 3 12 0 87 102 149 92 88 7 29 1 58 24 13 3 5 474 7 1 76 27 4 10 8 5 4 6 2 10 0 1 3 26 1 1 13 2 8 5 9 32 21 38 17 44 32 2 4 1 3 6 23 6 22 168 21 222 4 0 164 208 29 15 2 12 30 4 6 0 20 39 39 0 2 8 1 1 10 17 2 9 20 15 4 9 42 7 7 6 4 2 69 15 110 58 11 13 10 2 19 3 128 255 30 38 11 108 1 2 2 7 34 9 3 43 19 5 30 7 4 22
3 0 1 0 8 7 0 0 0 0 0 4 3 3133 1334 463 27 181 206 196 7 19 7 1226 34 127 7018 3195 98 6 26 8 13 79 3141 3808 224 7 51 1086 100 18 448 48 1 26 604 10 19 0 0 1 3 11 6 0 75 164 676 810 33 27 150 688 314 1 42 241 111 22 7 5 36 8 266 14 5 24 25 0 5 0 6 22 25 13 15 2 9 1 19 12 8 16 17 39 2 1 32 17 0 1 1 0 1 3 0 3 0 0 0 0 103 80 50 78 2 272 30 125 59 1215 213 18 5 9 14 10 12 82 1 0 1 0 1 7 133 4 27 35 53 207 9 1 6 14 3 1 46 37 45 1 6 0 2 0 0 0 0 2 0 0 0 0 1 46 11 17 5 2 2 0 6 12 17 18 3 0 7 3 3 22 8 0 4 9 1 2 0 1 0 3 4 3 1 0 2 1 0 3
1 0 0 2 1 2 2 0 0 0 0 1 0 4259 411 34 34 7 5 11 5 10 10 30 42 2 67 198 8 3 5 7 7 95 3808 2208 834 13 48 277 50 5 41 5 2 1 1633 2 1 0 0 0 1 0 1 0 10 205 2527 3770 5 7 16 35 82 1 3 123 62 6 2 3 2 1 223 2 1 0 3 0 0 0 0 0 6 0 0 0 1 0 4 1 0 2 3 16 0 0 0 1 0 1 0 0 0 0 0 0 0 0 0 1 4 1 1 2 3 8 8 5 9 34 21 3 2 2 0 1 0 1 1 0 0 1 0 4 2 0 7 12 2 14 1 0 2 0 0 0 5 5 7 0 0 0 0 0 0 1 0 0 0 0 0 0 0 6 0 2 0 0 1 1 0 1 1 2 0 1 1 0 2 2 0 0 0 0 0 1 1 0 2 1 2 1 0 0 3 0 0 1
15 1 2 1 20 29 1 0 2 0 3 28 36 1942 1565 751 2708 1139 428 399 262 505 631 260 527 329 70 203 46 14 16 155 342 985 224 834 3518 1720 170 697 1070 22 99 247 2 447 592 26 11 1 3 12 6 19 22 4 24 1680 1377 2302 99 30 34 53 154 11 61 779 194 15 11 35 439 54 788 49 37 31 93 0 11 0 36 54 170 85 177 6 24 2 82 20 8 14 17 179 5 5 133 24 4 14 0 4 9 13 1 8 2 0 2 20 22 25 41 35 56 35 95 94 239 244 182 199 166 12 49 17 17 31 39 20 45 153 43 342 24 8 505 486 63 259 7 28 62 26 22 4 225 95 336 4 7 7 1 6 5 13 2 6 13 17 0 7 87 98 28 51 7 10 163 53 179 388 24 21 11 5 22 4 118 497 80 95 14 263 9 2 6 53 41 13 23 81 24 4 87 31 13 79
11 1 2 5 20 62 4 2 3 1 7 50 151 22 102 135 299 753 1187 59 183 401 205 93 335 145 12 33 45 17 8 98 1130 1619 7 13 1720 2484 30 266 457 7 60 868 18 724 184 14 4 2 8 18 9 33 33 7 21 379 82 168 120 11 14 27 18 28 96 206 45 9 14 59 2612 147 319 70 57 34 197 3 11 3 62 73 177 139 173 14 37 9 168 30 11 5 5 136 9 2 142 32 7 8 8 13 13 8 1 12 0 0 0 27 30 23 56 31 54 39 87 75 264 326 201 177 152 17 35 17 8 28 40 15 52 288 56 495 31 6 760 656 51 203 7 31 82 25 16 7 267 143 268 7 13 7 5 4 11 29 1 13 33 17 3 9 105 88 32 31 9 20 170 58 207 322 17 29 21 1 56 8 212 720 128 95 23 320 1 3 3 50 63 17 17 92 10 4 125 21 9 71
23 1 2 4 29 36 3 2 0 0 0 14 12 165 658 1150 31 2731 76 44 11 19 34 271 21 20 190 3810 159 33 70 68 114 93 51 48 170 30 18259 20 445 63 178 26 11 823 70 106 18 1 8 4 4 24 21 1 90 372 167 219 7131 90 47 657 8717 31 42 257 6007 29 82 10 84 13 705 731 5 6 10 0 31 2 26 20 26 12 20 26 178 7 376 120 21 10 16 213 1 4 11 14 0 5 1 0 2 1 1 11 0 0 1 3 7 139 606 7 11 113 8 1288 79 664 59 5 3 4 7 104 5 220 20 6 8 13 6 51 4 1 102 134 1702 18 401 4 6 33 112 10 77 2266 15 5 29 3 0 18 1 0 0 1 2 1 0 3 28 20 618 389 19 81 6 8 22 18 64 249 8 6 242 42 5 46 18 4 77 19 4 2 14 2 2 40 6 39 13 2 2 0 1 1
21 2 1 2 11 18 2 1 1 0 0 8 5 185 338 72 321 44 436 350 167 2278 394 2802 5458 4898 3781 284 826 17 48 5 53 77 1086 277 697 266 20 9049 554 38 395 245 6 23 3806 4 33 0 8 19 36 140 23 19 554 64 603 97 30 24 77 232 77 4 833 260 66 26 9 24 266 46 125 11 36 50 130 3 14 0 120 253 327 332 872 8 16 1 42 61 33 25 28 38 3 4 667 224 1 2 2 0 3 4 0 3 0 0 0 5 132 63 36 110 28 146 96 47 231 905 515 47 30 9 50 17 11 50 4 2 9 23 8 33 151 4 97 147 15 438 4 13 32 18 3 2 143 33 120 3 15 5 0 1 0 1 0 5 3 3 0 2 12 123 9 15 17 2 16 11 23 55 26 29 11 5 7 2 21 109 27 9 11 50 2 1 2 6 6 10 18 14 1 1 17 4 4 11
1038 303 589 423 739 1576 89 178 44 97 59 736 17 561 1896 1265 374 1035 283 456 1032 960 5813 3039 615 2151 779 467 347 447 1110 184 347 425 100 50 1070 457 445 554 8825 4229 1710 117 58 274 286 421 1398 38 289 305 39 96 1614 1494 234 280 149 131 701 409 228 143 173 19 365 459 523 450 594 154 392 85 1067 619 143 29 184 29 944 34 1645 444 2880 462 482 991 1429 143 653 3331 669 628 811 1307 92 68 516 312 7 5 22 26 7 42 1 8 6 12 20 90 17 16 28 23 14 26 21 50 44 148 55 36 24 2 9 3 1 16 26 7 35 168 5 147 23 1 98 115 21 67 11 13 18 36 11 0 49 82 68 41 94 2 4 15 11 18 12 48 11 15 1 19 24 22 20 40 28 10 65 30 56 59 47 16 33 31 76 10 156 147 31 19 33 142 70 35 174 9 19 111 45 33 61 4 27 4 3 9
20 1 8 1 8 7 0 1 1 1 0 7 4 23 84 93 15 77 34 41 16 151 814 4502 75 142 104 34 43 3 7 3 9 6 18 5 22 7 63 38 4229 5323 2748 19 26 51 34 77 1258 6 5 3 4 10 53 8 16 7 13 1 266 62 38 31 38 6 46 6 167 47 82 7 21 1 20 261 9 2 10 5 84 4 19 24 38 27 32 114 374 71 427 1916 53 184 222 18 1 1 43 8 0 0 0 0 0 0 0 0 0 1 0 0 1 3 3 3 0 3 4 4 2 21 10 1 1 0 0 2 0 1 0 1 0 2 0 2 1 0 6 5 1 5 0 0 1 8 4 0 4 18 2 3 19 0 0 3 0 1 0 3 0 0 0 0 2 3 3 7 5 7 0 0 0 1 8 6 2 6 23 5 0 2 1 1 13 1 6 3 18 0 0 22 7 2 0 0 1 0 0 1
27 9 11 4 34 42 2 3 0 0 4 26 21 55 125 71 45 216 118 82 69 523 158 2451 725 236 533 101 856 42 104 41 65 33 448 41 99 60 178 395 1710 2748 4179 93 192 380 502 359 2199 20 22 26 20 125 52 28 534 49 165 33 1319 521 1573 6993 577 42 658 148 1186 353 176 19 134 15 178 1831 18 7 43 5 156 9 125 254 265 257 355 279 1472 315 2809 1607 229 657 1004 103 2 1 509 294 0 1 0 0 0 1 0 1 0 0 0 1 11 7 34 14 2 10 17 36 21 99 68 9 1 3 4 6 2 16 9 7 2 7 1 6 10 2 24 29 42 43 11 3 5 52 74 4 27 208 24 43 204 1 5 80 4 0 6 13 0 1 0 0 6 16 60 129 95 29 3 7 13 13 280 84 10 29 346 58 2 26 11 1 161 8 31 59 102 2 1 369 53 10 8 0 3 0 0 5
2 0 0 1 3 6 0 0 2 0 0 8 5642 28 173 114 248 772 8166 182 28 98 47 73 120 118 21 29 9 1 4 5 66 17 48 5 247 868 26 245 117 19 93 4609 966 3099 98 43 4 215 2 44 1 2 3 3 5 11 16 9 159 14 12 35 21 241 20 44 33 6 35 86 1579 1754 6 85 282 1211 1614 42 39 95 9 9 35 16 39 116 214 125 1340 17 0 4 11 11 6 1 37 6 3 5 4 3 5 8 0 12 0 0 0 12 188 112 288 128 45 415 169 364 542 3143 678 159 93 24 53 23 27 111 16 12 22 69 15 136 190 12 499 413 130 455 32 13 53 43 68 20 529 382 223 10 30 6 1 23 8 5 4 12 10 4 1 3 42 150 80 76 24 57 63 28 50 172 83 70 16 14 168 34 59 458 285 37 67 296 4 5 12 20 25 81 32 45 22 1 55 23 2 36
6 0 2 2 2 5 1 0 34 0 0 20 2817 2 3 7 3 23 127 12 4 3 4 27 5 2 3 14 9 1 0 2 26 7 1 2 2 18 11 6 58 26 192 966 10363 690 4 32 16 3453 5 133 2 2 2 0 1 6 4 1 73 43 43 57 39 4172 5 5 63 22 76 289 296 209 6 18 1385 841 1208 380 366 1075 1 3 4 2 5 1522 1026 3126 2886 31 7 16 23 3 154 12 2 3 0 1 1 0 2 1 0 5 0 0 0 3 2 1 191 5 2 7 3 71 20 63 15 0 4 3 1 7 1 9 8 10 2 7 4 14 8 1 41 33 38 17 26 2 2 133 575 19 80 1089 9 54 260 6 4 200 30 7 19 50 0 0 0 0 9 7 198 270 101 854 7 7 20 26 567 248 40 78 2137 267 7 49 41 3 540 50 92 167 272 2 1 1185 78 20 17 1 1 0 1 1
2 0 0 0 11 28 0 1 15 1 1 28 6110 9 68 177 120 5678 6176 213 6 20 27 661 18 25 149 266 34 4 7 22 279 68 26 1 447 724 823 23 274 51 380 3099 690 7431 20 41 15 29 1 7 2 12 8 0 19 9 7 8 372 27 15 407 271 1675 21 13 200 8 27 187 1985 1028 30 96 596 226 789 3 34 6 9 6 13 15 15 55 131 47 2601 74 8 9 17 21 90 3 18 9 0 7 0 1 3 2 0 9 0 0 1 4 11 199 2262 25 14 149 17 1862 135 1319 76 12 5 8 2 180 3 361 11 28 12 29 13 91 20 3 236 245 2189 29 699 0 7 56 618 58 243 6196 16 7 60 1 3 47 2 2 0 6 2 3 0 6 33 21 1287 793 29 617 12 14 42 37 98 537 10 17 773 129 15 147 112 6 195 84 9 14 35 3 2 128 30 55 33 1 5 3 3 2
9 1 0 3 10 17 1 1 0 3 0 13 5 1130 477 58 88 25 67 35 110 226 58 737 1674 117 409 393 247 14 41 9 43 106 604 1633 592 184 70 3806 286 34 502 98 4 20 6429 18 34 0 6 12 5 51 29 5 223 149 3480 571 55 64 180 375 313 1 217 724 171 43 10 13 139 24 234 13 32 52 124 2 14 0 44 87 139 115 2163 4 11 4 41 57 22 39 56 37 2 0 226 77 2 10 2 5 1 8 0 2 0 0 1 2 53 16 12 37 25 38 64 20 109 279 179 61 35 10 23 10 5 23 14 5 14 35 12 109 54 4 184 247 16 165 3 14 35 10 6 0 88 34 84 4 4 4 1 3 2 3 0 6 8 8 1 6 30 42 8 14 3 0 33 15 45 93 16 15 6 1 20 3 22 157 20 17 9 41 2 2 6 17 18 10 5 41 4 0 31 4 2 15
35 5 7 4 21 49 2 2 1 4 3 26 8 3 27 20 6 107 38 13 2 23 3 41 17 3 4 19 160 29 35 33 70 31 10 2 26 14 106 4 421 77 359 43 32 41 18 11369 80 21 14 47 5 21 18 6 62 76 25 10 662 3779 1317 141 453 18 37 73 4243 350 2101 8 72 12 245 10442 12 1 16 11 349 34 14 23 20 16 14 1146 5044 114 750 311 82 57 196 140 2 5 27 20 0 0 0 1 0 0 0 2 0 0 0 1 4 1 14 1 2 5 3 16 2 13 2 3 3 2 2 11 2 4 5 6 2 3 5 8 4 0 5 6 5 5 3 3 3 136 46 2 4 54 14 184 637 2 3 122 6 7 16 71 2 1 0 4 8 4 10 152 191 12 4 5 8 12 356 15 76 164 367 41 2 9 5 3 132 9 270 179 533 1 2 790 222 7 6 0 1 2 2 1
25 1 18 5 6 10 1 6 1 0 2 9 2 5 48 8 5 14 21 32 10 97 45 512 49 44 21 2 49 8 13 3 3 2 19 1 11 4 18 33 1398 1258 2199 4 16 15 34 80 5889 5 2 10 3 6 24 9 18 5 8 2 62 96 85 66 12 1 50 9 40 121 84 6 10 1 12 69 6 2 3 4 77 3 25 37 36 40 30 154 297 34 158 4892 166 2430 3062 7 3 1 49 15 0 0 0 1 0 0 0 0 0 1 0 0 1 2 2 2 0 3 3 2 1 9 5 0 0 0 1 0 0 0 0 1 0 1 1 3 0 0 3 2 0 2 0 0 1 8 2 0 0 5 1 9 22 0 0 5 1 0 1 5 0 0 0 0 0 1 3 5 5 1 0 1 1 2 19 1 4 7 28 2 3 2 2 0 6 3 10 4 24 0 0 30 15 1 0 0 0 0 0 0
3 1 2 0 0 2 1 0 35 1 0 33 179 1 2 1 1 4 18 3 1 2 0 3 2 0 1 1 1 1 0 1 11 1 0 0 1 2 1 0 38 6 20 215 3453 29 0 21 5 4193 27 556 2 3 3 0 1 1 1 1 11 42 24 9 6 705 4 1 35 14 32 174 98 333 4 26 1307 337 677 1168 700 3981 1 4 0 0 2 1747 359 1645 383 26 13 5 16 2 177 16 2 0 1 4 2 2 0 4 0 1 0 0 0 4 3 1 11 1 1 3 2 14 2 15 1 0 2 1 1 3 1 5 3 4 3 6 2 7 2 0 8 7 8 10 0 2 2 97 81 5 15 96 7 65 383 3 1 104 90 14 56 137 2 1 0 1 6 1 19 132 64 45 2 4 8 5 256 7 52 76 702 30 2 14 11 2 154 14 159 458 409 1 0 828 81 11 5 0 1 0 1 0
355 37 147 31 56 85 51 98 7 46 8 71 1 1 2 0 2 7 4 0 6 13 0 12 23 4 0 1 71 90 69 24 38 9 0 0 3 8 8 8 289 5 22 2 5 1 6 14 2 27 18088 13558 14 42 178 33 22 15 2 4 10 13 10 6 9 7 71 18 17 118 44 36 28 26 80 16 31 11 19 579 785 111 305 186 129 82 45 43 20 6 10 8606 7240 43 18 91 14 22 39 45 1 1 4 2 0 6 1 1 1 0 5 13 0 1 0 0 0 1 0 1 0 0 0 0 1 0 0 0 1 0 7 0 3 24 2 13 0 0 8 9 0 1 0 3 0 4 0 0 0 1 1 12 3 4 0 2 478 71 387 635 3 2 0 5 4 1 1 2 1 1 12 2 3 2 2 0 137 36 8 1 11 9 4 3 1 27 108 14 190 1 1 19 15 1 7 1 3 0 0 2
730 79 296 66 124 234 100 200 33 90 23 206 11 3 4 1 0 4 3 0 7 11 2 5 36 5 8 5 127 158 163 59 97 14 1 0 12 18 4 19 305 3 26 44 133 7 12 47 10 556 13558 26260 30 65 431 30 50 36 7 5 6 94 36 9 23 303 141 34 43 219 112 115 92 175 186 14 347 77 151 12670 8872 1683 581 310 244 130 105 1731 306 119 57 2798 3463 68 35 182 72 61 105 86 10 8 9 10 2 17 2 9 6 2 7 29 0 0 1 0 1 1 0 2 0 4 1 2 2 2 4 3 0 2 15 6 11 88 1 53 0 0 9 27 2 9 0 7 5 39 16 4 9 8 4 105 108 25 4 19 3561 511 3130 2876 24 7 0 6 14 1 0 24 26 30 30 7 16 4 22 0 855 254 69 5 55 59 39 6 7 99 858 130 1146 1 13 191 123 12 31 3 11 3 1 6
1211 44 186 39 208 181 864 474 93 339 42 210 1 4 1 0 0 1 1 0 7 14 1 8 29 8 1 10 1467 493 299 62 95 23 3 1 6 9 4 36 39 4 20 1 2 2 5 5 3 2 14 30 6959 13005 6677 5 114 33 3 1 4 17 47 11 24 0 220 28 27 11 2 111 91 31 210 5 65 1 33 4 9 4 3975 439 78 24 80 2 6 2 2 33 10 14 9 208 190 4174 35 110 5 2 8 11 3 20 0 2 1 7 7 34 0 0 0 0 1 0 0 0 1 2 0 9 6 1 0 1 0 0 5 0 19 61 4 60 0 0 18 31 0 1 1 5 4 0 0 0 2 0 0 0 0 3 0 0 0 4 0 0 6 8 0 5 20 0 0 0 0 1 27 11 15 1 0 0 1 0 1 1 65 46 6 2 1 61 1 0 0 0 11 0 0 5 22 5 3 0 1 2
2120 138 470 132 516 429 697 534 47 223 59 427 2 15 13 6 1 4 2 1 26 49 11 48 196 24 49 46 7627 1498 993 120 186 61 11 0 19 33 24 140 96 10 125 2 2 12 51 21 6 3 42 65 13005 15308 5175 10 495 53 3 5 19 90 174 68 129 0 1786 82 98 58 14 167 160 85 548 13 83 0 78 4 21 0 3572 8188 123 70 394 6 14 2 22 79 52 47 40 602 86 2543 212 355 7 10 24 21 8 49 2 6 4 16 20 72 2 0 2 0 5 1 1 6 4 2 4 10 13 0 1 0 0 0 28 3 26 133 3 111 0 0 40 32 1 2 0 9 15 1 1 0 7 4 8 0 3 3 0 1 0 8 0 0 15 14 5 11 33 0 3 0 1 1 46 21 30 5 3 2 4 2 5 1 152 99 26 4 6 123 3 2 5 0 23 8 0 23 36 4 11 3 1 3
2215 98 456 85 375 350 1332 916 76 492 88 484 1 9 13 4 0 5 5 4 20 30 6 42 45 7 10 28 2017 719 557 136 265 60 6 1 22 33 21 23 1614 53 52 3 2 8 29 18 24 3 178 431 6677 5175 18764 355 152 99 5 10 18 38 50 18 63 0 184 78 55 24 17 275 226 85 586 22 152 4 110 4 72 5 1958 366 238 80 219 33 59 5 36 586 97 33 39 505 115 3433 93 289 5 11 20 18 9 43 1 6 6 12 21 82 0 2 0 0 6 1 2 1 0 5 5 22 18 0 0 0 0 0 45 1 41 199 8 153 0 0 35 50 2 3 0 7 22 0 0 1 4 3 10 2 4 1 0 1 7 3 5 8 20 21 3 20 52 0 0 0 1 1 64 25 31 4 0 2 1 3 1 1 185 94 28 8 2 161 4 2 8 5 30 2 2 21 64 2 15 2 2 3
230 37 82 33 51 94 23 42 3 20 4 48 0 2 3 2 0 2 0 0 3680 22 2 10 43 4 4 1 35 54 74 18 22 4 0 0 4 7 1 19 1494 8 28 3 0 0 5 6 9 0 33 30 5 10 355 3964 29 16 1 2 7 10 11 4 8 2 92 12 9 13 9 19 14 11 49 5 3 2 10 1 38 1 4806 226 4465 170 42 20 21 3 8 161 29 13 17 69 4 9 100 36 2 3 1 3 1 3 0 1 0 3 2 8 0 0 0 1 0 1 0 0 0 0 0 0 1 0 0 0 0 0 3 0 1 14 0 15 0 0 6 5 0 1 0 0 3 0 0 0 0 1 0 0 2 1 0 1 0 0 0 1 1 3 0 0 3 0 0 2 1 0 3 4 3 1 0 0 4 2 4 0 12 7 4 1 0 9 4 0 5 1 2 2 2 4 4 0 1 0 0 0
97 13 16 29 364 123 17 9 2 4 2 42 0 25 21 14 8 21 5 4 60 82 12 143 448 36 165 314 9507 2345 9903 17 21 16 75 10 24 21 90 554 234 16 534 5 1 19 223 62 18 1 22 50 114 495 152 29 8448 33 18 11 48 374 870 414 743 2 5815 377 444 224 34 14 34 8 2798 32 12 1 8 4 46 2 375 637 298 334 2679 23 58 5 66 98 107 99 106 1551 3 49 1175 5003 0 0 0 0 0 1 0 3 0 0 0 0 1 0 5 1 2 1 3 3 3 10 3 5 1 1 0 0 0 1 3 1 2 9 1 8 1 0 13 15 4 3 1 1 2 5 7 0 6 18 7 5 14 0 0 4 1 1 0 1 0 1 0 0 0 2 4 14 3 2 2 1 3 7 23 7 2 4 30 10 6 18 2 0 10 2 7 4 12 0 3 24 2 5 1 0 2 2 0 2
24 1 4 1 14 48 7 2 1 2 0 28 2 834 592 248 97 67 4 52 119 194 51 38 74 17 34 384 86 12 21 1801 1647 4840 164 205 1680 379 372 64 280 7 49 11 6 9 149 76 5 1 15 36 33 53 99 16 33 9028 2034 5830 103 117 64 60 456 3 82 3343 990 29 59 84 209 26 3832 101 28 12 30 2 24 1 155 115 123 61 49 9 39 1 49 36 20 5 6 522 8 11 63 23 2 2 3 3 3 5 1 3 0 2 4 18 3 5 10 6 6 4 7 31 13 41 17 16 15 2 3 2 2 3 17 3 23 96 5 131 4 0 87 135 16 12 4 14 22 3 5 0 20 45 25 1 3 2 1 6 5 9 0 5 15 12 1 11 30 5 9 16 3 3 52 16 69 34 17 16 8 2 39 12 77 133 19 18 20 70 2 5 0 6 23 28 3 29 12 0 22 7 1 5
4 0 1 0 5 6 0 0 0 1 0 5 1 1029 418 82 57 26 15 16 59 94 20 185 179 31 161 484 36 4 7 18 48 652 676 2527 1377 82 167 603 149 13 165 16 4 7 3480 25 8 1 2 7 3 3 5 1 18 2034 3553 6031 28 74 110 108 422 1 27 828 423 33 22 3 35 4 442 22 14 24 35 0 7 0 10 8 39 23 45 2 11 0 12 15 6 10 17 13 0 3 35 6 1 3 1 4 5 1 0 1 0 1 0 5 8 4 2 8 11 14 26 12 52 49 86 44 22 3 8 4 2 5 6 4 7 39 9 67 2 0 144 149 6 46 5 11 22 6 3 1 42 22 62 2 3 2 0 2 5 2 0 2 1 1 0 4 19 20 6 7 5 0 33 16 35 58 6 7 4 1 15 2 20 105 8 11 8 21 1 2 6 6 14 7 4 17 4 1 28 6 0 14
0 1 2 1 3 6 2 0 0 0 1 10 1 2505 582 174 52 50 9 29 30 86 59 24 52 11 46 484 22 2 3 98 221 4525 810 3770 2302 168 219 97 131 1 33 9 1 8 571 10 2 1 4 5 1 5 10 2 11 5830 6031 3170 43 33 26 38 370 1 21 686 386 7 3 15 42 6 633 14 8 4 16 0 8 0 13 13 24 16 19 2 3 0 14 8 6 2 8 33 2 2 24 7 0 1 2 0 0 2 0 1 0 0 0 1 3 2 4 1 13 2 8 6 7 22 15 9 17 0 1 0 0 5 6 1 10 35 4 63 2 0 56 52 11 12 0 0 6 1 2 2 18 10 24 1 4 5 1 1 1 7 0 1 7 5 1 1 13 6 2 8 0 0 18 1 28 27 4 6 3 0 13 3 17 67 6 8 6 24 1 0 1 4 6 6 3 8 4 1 13 1 0 7
10 2 4 1 12 48 2 6 1 1 4 27 37 36 170 167 31 3008 126 41 7 61 51 1181 73 36 96 245 89 12 14 57 163 56 33 5 99 120 7131 30 701 266 1319 159 73 372 55 662 62 11 10 6 4 19 18 7 48 103 28 43 6132 345 93 1014 269 75 64 52 9271 102 310 35 341 13 231 6513 23 9 58 5 115 6 24 32 42 33 36 182 1490 65 5271 378 50 58 76 81 4 1 44 32 0 4 0 0 0 0 0 11 0 0 2 2 7 31 473 13 12 11 8 232 41 136 19 3 5 2 1 64 4 75 17 14 1 16 7 42 2 1 72 76 507 16 247 2 2 86 421 28 130 1663 8 24 84 4 0 68 2 0 1 15 2 1 0 3 14 23 527 435 63 123 6 15 22 25 261 438 12 26 787 185 17 69 22 9 233 73 25 17 56 4 3 234 36 38 28 2 2 2 4 2
57 7 15 10 50 64 7 7 2 1 7 34 6 16 42 25 4 57 23 9 12 107 6 108 152 12 41 46 726 74 135 35 48 29 27 7 30 11 90 24 409 62 521 14 43 27 64 3779 96 42 13 94 17 90 38 10 374 117 74 33 345 8750 8248 857 1137 8 265 150 4862 6531 1458 6 40 6 344 2616 10 3 7 61 550 169 66 100 115 76 102 549 1043 120 343 320 803 2680 1862 266 2 4 146 147 2 2 1 2 3 1 0 4 0 0 1 0 3 3 8 3 1 3 1 12 5 19 14 10 8 10 7 13 3 7 20 11 1 5 2 5 6 0 11 12 10 25 4 4 3 257 39 5 15 57 20 474 1027 16 17 155 27 14 59 194 2 1 0 0 7 8 15 242 261 19 15 8 15 28 386 23 196 454 497 37 1 14 7 3 113 20 579 248 1471 8 1 1074 488 19 9 1 4 4 10 6
41 4 3 8 46 39 5 2 1 1 2 25 3 29 50 15 11 18 13 22 33 163 10 108 259 19 163 161 1607 80 210 11 19 18 150 16 34 14 47 77 228 38 1573 12 43 15 180 1317 85 24 10 36 47 174 50 11 870 64 110 26 93 8248 15148 5785 4089 7 619 213 3641 3155 223 4 20 8 249 547 8 2 13 8 138 12 133 141 159 108 207 204 1288 151 354 243 488 1471 2323 167 2 7 228 248 1 1 1 0 1 0 0 2 0 0 0 0 5 3 16 9 3 8 6 25 14 53 30 6 1 2 8 7 3 9 6 5 2 3 2 17 14 1 19 15 17 21 6 2 2 113 53 0 10 59 16 101 544 7 3 116 3 2 8 26 1 1 0 0 4 4 19 165 138 11 4 4 12 19 353 40 31 96 405 38 3 15 7 3 165 6 101 118 275 2 1 652 166 11 0 0 4 0 0 3
11 2 6 1 20 15 0 1 0 0 0 8 18 70 76 31 15 127 40 35 12 100 18 326 254 29 623 396 587 20 54 14 26 23 688 35 53 27 657 232 143 31 6993 35 57 407 375 141 66 9 6 9 11 68 18 4 414 60 108 38 1014 857 5785 5654 6714 32 311 143 1402 631 56 7 57 10 116 282 3 1 18 3 60 7 44 71 85 82 145 58 139 18 812 115 204 252 580 61 1 4 132 114 0 0 0 0 1 0 0 2 0 0 0 0 5 10 86 6 1 10 6 108 17 82 38 1 2 2 2 16 0 17 5 3 2 5 0 10 12 0 17 20 149 21 45 0 2 28 69 4 23 452 5 19 58 2 0 11 0 1 0 5 0 0 0 0 3 18 157 73 21 28 1 3 4 7 81 142 3 13 223 59 2 27 9 4 77 11 11 7 23 1 0 78 18 11 0 0 1 1 1 2
56 2 1 6 110 95 10 2 0 5 6 39 29 229 434 89 13 110 40 17 20 30 11 97 61 9 465 1577 1179 121 362 54 59 89 314 82 154 18 8717 77 173 38 577 21 39 271 313 453 12 6 9 23 24 129 63 8 743 456 422 370 269 1137 4089 6714 8032 32 270 793 6332 438 206 9 29 16 1309 178 2 3 7 1 110 7 103 103 107 45 88 58 117 28 366 64 99 83 122 542 2 13 74 84 1 1 0 1 0 1 0 4 0 0 1 1 8 17 196 16 3 20 4 168 37 156 59 4 6 6 9 17 2 35 23 8 3 7 3 22 15 1 34 32 252 30 96 1 7 38 143 6 47 776 12 14 72 3 0 35 0 0 0 7 0 0 1 2 8 18 267 197 32 52 12 3 9 19 178 262 7 20 457 111 7 37 16 5 206 16 14 11 33 2 3 176 23 16 11 1 4 3 1 3
0 1 1 1 1 1 1 0 18 1 0 9 1296 3 1 5 0 37 60 5 0 0 3 30 3 0 11 44 2 0 0 2 11 5 1 1 11 28 31 4 19 6 42 241 4172 1675 1 18 1 705 7 303 0 0 0 2 2 3 1 1 75 8 7 32 32 1561 1 2 33 5 33 89 115 444 2 10 893 857 490 385 170 904 1 2 4 0 1 297 158 254 1047 14 7 3 3 2 78 6 3 1 1 1 0 2 1 0 0 3 0 0 0 0 0 2 136 0 1 3 2 43 9 38 7 1 0 0 1 3 0 6 2 0 0 5 0 4 2 0 10 16 27 3 10 0 0 22 87 4 27 272 1 11 22 1 0 18 40 9 33 55 1 0 0 0 1 0 26 45 12 221 0 0 2 2 57 24 14 9 211 18 5 16 4 0 50 10 24 27 39 0 0 102 20 4 5 2 1 1 0 0
376 68 164 130 299 581 29 90 21 26 42 340 0 13 16 13 5 16 10 10 49 189 40 240 1296 158 165 158 5042 165 663 102 185 84 42 3 61 96 42 833 365 46 658 20 5 21 217 37 50 4 71 141 220 1786 184 92 5815 82 27 21 64 265 619 311 270 1 12636 273 205 217 35 123 182 79 847 48 66 10 115 6 77 2 1346 8486 1257 4472 2112 45 85 8 81 284 154 166 193 743 45 19 3327 1889 1 4 4 5 3 6 0 6 1 4 6 24 0 2 4 3 6 1 5 7 7 11 12 12 6 1 1 1 0 1 15 2 12 108 4 78 4 0 48 87 1 6 0 14 8 2 5 2 16 16 18 2 17 3 1 3 8 7 2 1 15 11 0 10 25 2 13 11 5 0 46 11 38 16 17 10 6 4 22 10 74 77 10 8 7 72 6 4 14 4 13 24 9 21 21 3 12 2 0 2
12 1 7 8 33 32 4 6 1 4 1 17 1 492 292 103 33 31 9 19 234 365 66 97 231 33 108 589 319 20 107 47 127 621 241 123 779 206 257 260 459 6 148 44 5 13 724 73 9 1 18 34 28 82 78 12 377 3343 828 686 52 150 213 143 793 2 273 843 737 54 42 21 142 44 4008 34 65 60 148 0 40 0 130 161 296 195 369 8 18 3 25 39 41 13 26 80 6 2 273 192 7 8 7 7 9 11 0 3 0 1 4 19 3 2 3 4 27 10 32 14 63 35 51 55 56 2 10 4 3 0 29 3 22 162 26 289 5 0 342 397 11 38 0 15 47 11 5 1 60 21 96 4 7 9 0 5 6 19 2 8 22 17 1 9 49 15 5 11 7 5 91 20 150 132 14 19 7 4 27 7 90 313 51 51 14 89 2 0 5 12 43 21 8 62 9 2 57 9 6 20
107 4 6 10 126 199 15 3 1 4 12 106 19 156 628 441 41 904 66 53 33 64 28 376 67 30 91 567 779 128 282 194 308 224 111 62 194 45 6007 66 523 167 1186 33 63 200 171 4243 40 35 17 43 27 98 55 9 444 990 423 386 9271 4862 3641 1402 6332 33 205 737 11033 895 1402 46 146 11 2334 11610 12 5 19 3 391 9 93 74 97 45 101 263 1182 88 1525 263 232 140 197 1062 2 19 63 73 0 2 1 0 2 0 0 18 0 1 2 5 11 15 222 16 7 18 16 130 44 112 69 10 14 7 7 28 3 44 21 23 7 14 7 41 11 4 65 66 213 55 137 5 6 134 442 20 123 1332 33 50 350 7 1 143 0 6 6 13 1 2 1 6 24 36 491 487 141 91 13 16 36 41 813 623 21 56 1557 358 21 65 33 9 686 62 34 62 106 4 1 744 85 42 24 2 7 0 1 9
77 16 42 12 31 50 4 15 1 5 3 30 0 7 17 8 3 21 12 16 17 119 10 114 151 19 22 22 491 58 84 15 24 9 22 6 15 9 29 26 450 47 353 6 22 8 43 350 121 14 118 219 11 58 24 13 224 29 33 7 102 6531 3155 631 438 5 217 54 895 5853 4440 10 19 10 121 403 11 0 9 58 1904 179 65 85 133 101 97 376 248 39 134 798 2371 1218 1441 104 3 5 162 123 2 0 2 0 0 0 0 1 1 0 0 1 1 2 2 4 0 1 0 6 1 15 6 1 1 3 3 0 1 3 2 4 2 11 0 12 1 0 7 5 4 5 0 1 2 84 24 0 1 16 9 158 273 4 6 34 37 19 131 351 1 1 0 1 2 2 6 70 59 5 3 7 8 10 86 4 184 198 112 7 10 5 3 0 26 12 291 61 803 0 0 316 167 5 3 1 2 0 1 1
88 9 37 14 27 44 8 15 4 9 5 25 11 4 23 18 6 57 41 20 7 28 8 58 21 6 8 5 76 31 33 25 43 14 7 2 11 14 82 9 594 82 176 35 76 27 10 2101 84 32 44 112 2 14 17 9 34 59 22 3 310 1458 223 56 206 33 35 42 1402 4440 5401 19 64 16 131 2024 19 6 23 39 2114 139 35 27 29 34 19 965 1506 111 579 674 840 239 126 102 3 6 19 22 1 2 1 0 0 2 0 2 0 1 0 1 0 0 6 0 1 2 1 4 2 6 5 1 2 4 2 11 1 4 5 4 2 3 1 5 0 0 5 7 5 10 1 1 2 121 26 3 10 42 8 221 441 5 6 50 27 12 97 272 0 1 0 0 2 3 10 94 120 10 7 7 9 7 115 14 177 279 184 18 2 14 5 4 37 12 379 110 1010 6 0 510 231 9 2 0 2 1 2 2
