36974 7911 12135 4375 3360 4007 8752 8324 537 2246 125 4955 0 12 3 4 0 9 0 1 135 77 17 13 62 2 21 27 10460 7414 557 82 214 36 0 0 14 9 22 13 676 24 68 3 3 1 18 52 143 10 153 280 1663 2749 277 377 77 25 3 1 18 90 70 3 31 4 409 14 96 146 132 86 32 18 187 43 15 1 32 29 238 25 3880 1653 2154 216 69 85 84 36 81 452 226 102 108 150 116 2293 58 59 51 12 190 68 13 241 16 16 145 62 178 191 0 0 0 0 2 0 1 2 3 1 1 8 7 0 2 0 0 0 20 0 29 108 1 54 0 0 16 12 2 3 1 4 8 1 0 0 1 0 6 0 5 0 0 0 11 13 10 14 8 4 4 9 15 0 0 3 0 1 11 4 6 5 5 2 7 2 5 0 161 29 6 1 3 50 6 3 6 5 7 5 2 16 124 12 12 0 0 4
7911 17384 3861 19855 2332 3554 194 261 47 285 39 2522 0 1 1 2 1 1 0 0 111 63 4 3 21 2 10 4 682 2793 63 19 44 6 0 0 0 5 2 5 309 10 17 0 0 4 3 6 37 3 27 47 142 373 56 118 49 4 0 1 3 20 5 0 1 0 224 4 7 31 24 54 9 11 44 9 8 0 11 8 62 7 738 568 1072 175 24 34 21 10 16 111 57 26 30 25 131 80 30 10 40 18 190 67 10 250 6 21 99 53 158 202 0 1 0 0 1 0 0 1 0 1 0 10 1 1 2 0 0 0 29 1 31 158 2 46 0 0 9 2 0 1 0 3 12 0 0 0 1 2 0 1 1 0 0 1 2 4 4 1 4 11 1 16 17 0 0 0 0 0 8 9 9 4 0 1 1 2 0 0 213 18 1 1 0 51 0 0 1 4 19 1 1 26 176 6 7 2 0 1
12135 3861 24786 2768 134 3213 623 5361 286 7127 266 26106 0 3 2 0 1 5 1 3 197 84 12 8 32 1 5 5 1132 280 47 19 53 7 1 1 3 5 3 13 575 35 42 2 5 0 11 16 111 3 73 160 352 843 139 315 44 8 0 2 12 77 17 3 4 2 367 15 13 71 63 126 15 13 87 17 25 1 25 12 138 4 1787 1153 2004 213 43 48 52 16 27 269 125 59 55 33 449 442 61 30 115 61 704 240 59 769 28 57 428 186 548 630 0 0 1 0 1 3 3 2 1 1 0 13 7 0 2 0 0 1 74 9 78 360 1 127 0 0 17 14 1 1 0 1 18 0 0 1 3 1 2 1 1 2 0 1 8 5 3 6 8 17 10 34 41 0 1 0 0 2 34 15 18 0 1 1 4 3 2 2 472 44 12 5 1 132 0 3 2 5 29 7 0 46 488 40 25 2 0 5
4375 19855 2768 22721 5063 11954 149 198 28 492 80 8230 0 2 0 2 0 1 0 0 238 136 14 3 25 1 2 2 521 3821 191 29 134 9 0 0 5 6 1 7 417 11 15 2 0 1 7 10 25 1 19 34 95 252 55 160 40 6 0 0 8 22 9 1 5 0 193 5 8 25 19 84 12 11 37 10 8 0 18 3 40 2 551 619 1508 217 12 21 26 5 7 73 37 23 18 27 255 83 50 11 63 35 338 101 30 376 18 33 157 87 258 376 0 0 2 0 1 3 0 2 0 0 1 15 7 0 1 1 0 2 49 7 62 249 1 65 0 0 9 8 1 2 0 9 22 0 0 0 0 0 1 0 2 2 0 0 1 4 1 1 4 12 8 24 30 0 0 0 1 0 18 13 16 7 0 2 0 1 2 0 343 22 3 3 1 111 0 0 2 4 24 2 0 36 301 12 19 0 0 8
3360 2332 134 5063 9409 5579 478 151 16 58 23 2924 1 21 16 23 4 25 2 5 339 297 27 8 51 1 24 56 3348 10492 6724 543 519 108 11 3 76 69 137 14 389 20 66 0 2 4 21 111 33 3 30 38 277 745 44 138 2149 30 6 12 69 101 126 10 57 2 804 10 304 51 38 118 44 5 327 101 7 1 31 2 56 2 790 804 1820 393 48 22 36 11 107 93 43 31 77 939 41 216 122 125 9 9 26 9 5 41 2 1 12 4 23 43 0 0 5 0 1 0 3 4 1 1 1 2 1 0 2 0 0 0 13 3 19 59 0 41 0 1 14 17 13 2 2 1 7 3 6 4 1 9 3 0 7 0 0 5 2 4 1 3 4 6 1 2 10 1 2 1 4 0 10 4 3 1 11 9 1 1 23 9 87 14 3 1 16 44 0 2 3 0 6 9 0 11 47 1 9 1 0 3
4007 3554 3213 11954 5579 20597 419 267 87 651 163 16282 0 14 8 22 3 14 3 6 754 671 32 9 67 4 9 18 892 4156 591 3008 2159 186 2 1 67 96 69 9 621 17 75 5 4 10 12 123 29 3 25 28 142 389 44 183 111 92 2 18 73 100 120 8 33 2 222 11 273 46 37 414 100 35 276 92 28 1 68 3 49 6 626 715 2346 399 17 29 38 6 115 72 31 25 63 2847 390 188 219 17 78 79 412 138 54 471 15 40 223 102 333 497 0 2 7 0 5 3 3 11 6 5 1 30 12 2 1 0 0 2 79 9 116 471 2 171 0 0 44 31 8 2 1 18 44 0 7 5 6 19 6 2 3 1 2 8 2 6 1 1 14 30 3 50 68 1 2 1 3 2 30 25 25 7 10 6 2 2 20 12 615 74 17 8 10 253 1 2 6 7 46 12 3 75 421 17 43 4 0 5
8752 194 623 149 478 419 15633 11648 1710 2293 193 638 0 2 1 4 0 1 0 0 26 11 2 3 13 1 5 4 3539 776 146 18 34 2 0 0 3 4 5 3 86 9 25 1 0 1 2 14 46 4 64 106 2134 2006 113 64 10 2 2 0 7 27 29 4 5 0 89 4 32 33 34 59 9 5 46 10 28 4 18 5 85 7 1984 319 366 24 15 32 26 13 15 141 63 43 37 32 95 7465 22 18 10 4 32 15 3 59 3 4 46 9 37 46 0 0 1 0 2 0 0 0 1 1 0 5 0 0 0 0 0 1 4 0 9 35 0 16 0 0 8 7 0 0 0 1 5 0 1 0 0 2 0 0 2 0 0 0 13 1 4 5 2 2 0 2 4 0 0 0 0 0 1 1 2 0 1 1 0 1 2 0 37 10 2 0 1 15 3 0 3 0 3 2 0 4 24 3 3 0 0 0
8324 261 5361 198 151 267 11648 19206 2375 13522 1123 1729 0 0 0 0 0 3 0 1 28 12 4 9 20 1 5 1 691 277 61 5 17 3 0 0 2 9 1 5 292 21 28 1 1 0 11 16 61 5 83 157 1007 1209 124 156 3 4 0 1 1 40 15 0 2 0 105 1 11 82 56 19 10 3 51 18 8 0 16 13 138 11 2355 647 827 38 20 36 45 15 23 231 122 63 21 23 42 1611 25 13 28 6 117 46 7 129 6 16 82 44 115 113 0 0 0 0 0 0 0 2 0 1 0 0 0 0 0 0 0 0 8 1 6 36 1 17 0 0 11 4 0 0 0 0 5 0 0 0 2 0 2 3 1 0 0 0 10 5 5 8 1 1 3 3 5 0 0 0 0 0 2 0 1 0 1 0 4 3 0 0 54 16 0 0 0 13 6 2 4 0 5 3 0 6 63 15 6 0 0 0
537 47 286 28 16 87 1710 2375 1081 2508 485 752 11 1 0 0 0 0 0 0 23 22 1 1 2 0 0 0 18 37 4 5 60 3 0 0 0 1 1 0 22 0 1 4 71 1 0 1 2 153 9 37 70 41 7 2 0 0 0 0 2 4 0 0 0 50 4 1 2 3 4 710 18 191 8 4 814 61 228 27 16 84 77 19 44 7 7 81 23 84 35 12 5 3 1 5 1852 1229 4 1 2 1 10 0 1 15 1 1 0 6 8 12 0 0 0 0 3 0 1 0 3 2 0 1 0 0 0 0 0 0 3 1 5 32 1 20 0 0 10 7 0 1 0 1 5 1 1 0 3 0 2 1 3 0 0 0 1 1 2 9 0 0 1 4 0 0 1 0 1 1 1 1 2 3 7 2 3 6 8 4 23 23 2 1 10 20 3 1 3 1 2 9 0 3 19 0 5 0 0 1
2246 285 7127 492 58 651 2293 13522 2508 25047 15669 31573 0 1 0 0 0 1 0 0 25 14 3 2 7 1 1 2 189 114 15 11 24 2 0 0 0 2 2 0 74 5 11 0 2 0 1 3 21 5 32 47 346 313 64 55 0 4 1 0 1 19 7 0 0 0 38 3 6 18 23 146 1 7 23 4 38 0 29 3 42 5 608 170 297 27 8 13 13 5 5 67 54 15 8 17 1216 1734 14 4 110 26 471 173 25 558 31 57 315 166 422 429 0 0 0 0 1 0 1 0 3 0 0 3 4 0 1 0 0 0 37 3 41 159 0 34 0 0 5 2 0 0 1 2 10 0 1 0 1 0 3 0 0 0 0 1 2 6 0 8 8 7 8 18 18 0 1 0 0 0 11 4 8 5 0 0 3 2 0 0 257 12 2 0 0 34 1 1 3 5 15 1 1 21 336 28 10 1 0 1
125 39 266 80 23 163 193 1123 485 15669 7074 9547 0 0 0 0 0 0 0 0 17 19 1 1 4 0 1 0 18 39 4 16 126 1 0 0 0 4 0 1 32 0 1 0 1 2 1 1 3 1 4 8 27 50 5 7 0 3 0 1 2 0 0 0 0 0 5 1 2 2 5 1126 7 7 4 1 71 0 41 0 3 2 97 22 64 11 0 6 4 0 2 7 9 0 4 17 2410 435 5 0 85 65 385 144 50 487 23 62 293 148 366 508 0 0 1 0 1 0 0 0 0 0 1 18 4 1 0 0 0 0 60 4 83 353 0 58 0 0 13 8 0 0 0 8 19 1 0 0 2 0 1 0 0 2 0 0 1 4 1 2 6 14 11 38 35 0 0 1 0 0 29 7 8 1 0 0 0 0 3 0 490 25 8 5 0 135 0 1 0 5 31 1 3 54 504 27 31 0 0 8
4955 2522 26106 8230 2924 16282 638 1729 752 31573 9547 49978 0 16 8 25 20 21 9 15 1120 1114 63 13 124 3 10 18 517 3024 330 1351 4183 349 3 2 67 143 55 16 833 14 48 14 5 30 10 54 36 1 21 58 206 380 47 232 24 172 2 38 68 48 53 4 23 4 207 8 119 26 39 3638 371 112 638 45 122 4 269 2 49 8 753 644 2802 410 31 15 23 10 100 78 33 33 55 1101 3684 828 277 25 468 326 2213 816 292 2536 82 210 1285 600 1850 2650 1 1 7 0 15 11 7 14 8 10 5 97 60 3 10 3 0 3 389 42 538 2083 11 629 0 0 132 70 6 10 2 41 183 4 2 2 23 14 17 4 3 15 6 3 4 20 8 8 58 98 45 217 307 3 5 5 4 3 221 79 130 25 3 10 12 1 25 4 2867 350 53 30 7 1070 1 4 2 28 197 9 1 350 2203 99 188 9 2 42
0 0 0 0 1 0 0 0 11 0 0 0 4368 0 1 143 140 645 4011 46 0 1 1 19 0 0 18 22 0 0 0 0 4 1 0 0 47 555 11 0 5 0 12 3714 3121 1347 0 3 1 67 1 5 0 0 0 0 0 0 0 1 29 2 3 26 6 830 0 0 4 2 3 49 359 1507 1 2 216 100 329 1 1 17 1 0 0 1 0 15 10 108 357 1 0 2 2 0 80 12 0 0 0 1 0 0 3 0 0 0 0 0 0 0 2 37 603 22 4 237 23 1384 47 733 26 3 1 1 1 13 0 51 4 2 1 7 3 30 4 1 92 47 585 2 72 1 3 11 391 123 87 1992 2 0 1 0 1 7 0 0 0 0 0 0 0 1 18 0 356 44 6 166 0 2 13 1 8 214 1 1 580 45 1 8 427 3 46 4 1 1 2 0 0 20 6 5 0 0 1 0 0 0
12 1 3 2 21 14 2 0 1 1 0 16 0 13517 7228 1499 1792 293 7 443 78 117 333 841 9 51 5691 1623 111 33 26 61 57 776 4934 3782 3186 354 386 1917 1073 56 865 1 2 11 476 14 26 2 0 3 4 27 0 4 53 387 199 987 35 81 340 407 386 0 74 313 314 32 10 14 14 20 888 35 0 0 9 1 3 2 18 18 62 23 15 8 11 5 45 35 2 13 228 62 0 1 25 30 2 1 1 0 3 1 0 3 0 1 0 3 15 2 5 23 85 30 194 18 163 229 195 41 25 4 13 2 1 8 4 0 1 20 9 82 8 1 227 255 8 72 4 2 26 1 2 0 152 30 39 1 3 0 0 2 0 1 0 0 2 4 0 1 4 12 3 16 4 1 15 7 3 21 7 17 0 1 13 2 9 63 16 9 4 64 1 2 2 10 5 5 5 4 2 1 43 3 4 29
3 1 2 0 16 8 1 0 0 0 0 8 1 7228 17963 14583 1592 2736 24 2077 34 19 288 66 6 4 2611 4686 24 13 6 24 38 214 875 112 1805 271 852 18 1181 74 321 3 3 15 16 39 62 0 2 1 1 5 2 1 13 36 5 27 97 138 435 146 561 3 18 13 746 76 18 4 11 9 112 62 0 0 4 0 3 0 5 6 14 6 2 12 35 9 80 44 6 19 248 33 0 1 6 8 1 0 0 1 0 0 0 1 1 0 0 4 9 8 25 11 27 24 70 84 60 146 57 16 14 3 0 3 0 7 1 0 0 5 6 18 1 3 50 79 41 21 5 2 8 1 5 9 63 60 27 1 4 0 1 1 0 0 0 2 1 1 0 0 3 4 5 9 2 3 4 5 3 4 6 9 1 2 23 8 3 25 7 2 8 35 0 0 2 3 0 7 3 2 0 0 5 3 0 4
4 2 0 2 23 22 4 0 0 0 0 25 143 1499 14583 16105 1017 3972 2969 3301 9 20 89 40 3 6 669 2556 42 17 17 67 112 325 147 14 1883 1241 818 24 512 71 173 28 20 349 14 49 20 1 3 5 3 16 0 2 20 77 10 49 129 158 319 64 224 1 29 44 433 58 17 26 100 30 289 60 1 2 11 1 14 0 12 12 19 4 5 9 30 16 82 26 7 15 157 78 0 0 3 12 0 2 1 0 0 0 0 1 0 0 1 0 45 54 334 56 21 342 63 817 77 1658 68 11 13 5 3 13 1 63 5 3 3 10 4 36 27 3 94 75 235 48 31 0 6 11 29 93 247 483 23 4 2 0 1 7 1 1 0 0 0 1 1 1 17 16 37 29 5 4 8 5 10 10 7 65 0 3 66 7 3 32 55 2 14 33 0 2 4 5 2 6 3 2 3 1 9 2 1 14
0 1 1 0 4 3 0 0 0 0 0 20 140 1792 1592 1017 6682 552 2549 3596 46 86 286 12 12 4 20 32 2 1 3 23 66 137 2 116 3082 1539 23 20 695 33 38 80 87 653 20 3 16 7 1 2 1 2 0 3 2 13 2 3 367 19 19 6 7 5 4 9 21 10 2 12 70 134 26 3 2 58 12 1 1 4 4 5 22 7 1 7 5 15 128 18 2 5 30 13 2 0 25 3 1 2 0 5 1 1 0 5 0 0 0 1 37 2 22 50 121 36 302 80 391 769 326 78 86 8 43 6 2 21 7 4 1 31 20 98 12 17 388 381 17 203 3 1 50 18 10 6 503 91 118 1 0 1 0 1 1 0 0 1 1 10 0 3 11 47 6 31 9 5 15 31 15 28 6 21 0 1 17 1 22 123 39 18 3 286 0 1 2 22 9 10 5 4 7 0 42 8 4 68
9 1 5 1 25 14 1 3 0 1 0 21 645 293 2736 3972 552 12832 4121 341 11 12 55 150 1 3 495 1415 19 11 7 45 96 153 32 14 795 1086 2474 21 337 53 195 99 153 6883 4 82 27 5 2 19 1 3 0 4 8 33 3 14 3373 64 86 101 85 13 8 6 666 24 28 20 212 90 101 255 4 8 18 1 14 0 6 6 9 6 2 26 21 8 431 72 3 19 79 55 1 0 3 8 0 5 0 0 4 1 0 0 0 0 1 1 16 194 1097 56 20 785 42 1915 84 1659 37 10 3 2 1 52 1 273 12 3 6 32 6 87 7 5 154 103 1338 17 246 0 9 12 252 503 210 2018 7 4 6 1 3 41 0 1 0 5 0 1 0 1 78 3 181 107 18 51 3 4 54 13 27 294 7 8 268 17 4 22 170 5 36 15 7 3 17 2 4 32 6 25 3 0 5 3 0 5
0 0 1 0 2 3 0 0 0 0 0 9 4011 7 24 2969 2549 4121 52083 4436 21 62 41 8 4 1 21 27 0 1 0 4 14 13 1 2 335 4708 16 13 143 3 17 5492 921 4839 6 10 2 89 2 18 0 2 1 3 0 2 0 0 188 15 17 12 12 139 1 2 9 8 7 13 406 3522 2 7 9 759 30 5 18 40 3 0 7 4 3 54 26 172 654 3 1 1 8 3 5 1 12 0 3 1 1 2 1 1 1 31 0 0 4 2 254 197 1184 299 222 1700 930 4345 1263 11425 1290 133 145 25 59 71 19 241 25 8 4 59 38 170 128 42 1009 793 509 489 71 5 68 80 93 277 2365 2027 249 4 12 3 4 17 1 3 3 2 3 13 1 6 35 151 117 110 24 76 55 46 47 45 14 95 4 5 216 15 32 285 867 27 21 717 4 3 8 46 10 24 20 25 37 2 67 23 8 98
1 0 3 0 5 6 0 1 0 0 0 15 46 443 2077 3301 3596 341 4436 5029 40 53 211 35 5 6 39 74 4 4 1 14 50 72 11 18 1038 432 63 14 985 48 150 27 22 161 10 29 44 7 2 1 1 4 0 2 2 4 2 2 218 89 138 19 65 0 4 5 69 33 15 7 30 82 14 16 2 42 6 2 2 1 5 6 22 4 4 5 18 11 59 37 4 25 99 14 1 0 9 1 1 0 1 0 3 2 0 9 0 0 0 2 68 18 58 80 101 75 302 124 398 1141 312 88 65 21 29 18 5 43 5 1 1 19 12 78 44 11 320 310 8 212 4 4 31 19 0 7 633 109 137 4 4 2 1 1 0 1 0 1 2 5 2 2 2 55 10 43 4 3 35 25 9 37 2 11 4 0 14 3 10 118 43 9 7 301 1 0 2 23 3 9 6 5 13 1 37 13 5 46
135 111 197 238 339 754 26 28 23 25 17 1120 0 78 34 9 46 11 21 40 10010 10539 2924 32 378 219 30 9 123 152 98 314 821 207 11 10 154 415 9 392 1780 26 93 60 3 5 222 11 24 2 2 4 7 23 8 1917 21 41 18 22 9 26 25 7 11 0 42 97 28 15 4 469 459 67 409 10 48 0 345 1 8 0 100 44 4755 103 85 9 8 9 19 30 4 8 82 407 84 22 442 51 3 7 11 3 1 15 0 2 5 1 10 19 2 0 3 4 34 4 50 4 51 56 41 22 13 2 8 2 0 2 11 3 4 77 7 95 0 2 137 107 3 13 0 4 17 1 1 0 53 6 19 0 0 0 0 0 0 2 0 0 2 3 0 2 18 5 1 1 1 0 15 7 15 3 4 5 1 0 3 2 57 53 16 9 1 67 1 1 2 5 8 1 0 13 20 0 18 2 0 15
77 63 84 136 297 671 11 12 22 14 19 1114 1 117 19 20 86 12 62 53 10539 16247 3374 119 2744 1370 53 8 129 152 83 438 1222 306 13 22 236 564 12 2323 1493 111 613 134 3 5 486 26 104 7 4 7 30 100 8 206 26 58 39 24 22 77 80 14 15 0 157 202 38 72 24 724 735 101 443 33 78 0 470 2 6 2 300 310 6837 1093 209 21 33 18 66 86 8 50 345 458 91 27 3145 74 2 8 10 4 9 16 0 2 6 2 13 16 3 1 0 5 67 9 101 12 109 116 79 34 32 2 8 0 1 2 9 1 14 86 12 137 0 2 233 199 5 30 0 2 35 2 2 1 100 11 33 2 3 1 0 1 0 2 1 0 4 4 1 5 14 4 2 9 1 0 15 11 12 14 3 6 0 3 5 4 70 94 23 7 9 100 0 0 4 12 8 8 4 9 24 3 35 2 0 18
17 4 12 14 27 32 2 4 1 3 1 63 1 333 288 89 286 55 41 211 2924 3374 7694 3588 482 7221 1153 30 96 16 11 32 184 248 93 25 438 521 27 3585 6032 1283 691 24 5 8 449 14 157 6 4 5 16 128 4 28 19 13 26 16 41 43 34 8 14 0 204 58 14 35 13 64 206 10 59 35 13 0 67 1 10 2 98 242 504 294 60 14 44 17 63 115 8 36 161 38 6 2 315 21 0 3 1 1 0 1 0 1 0 0 0 3 0 0 1 0 1 3 7 0 12 12 11 1 2 0 1 0 0 1 0 0 1 9 1 13 0 0 17 16 0 7 0 1 3 1 1 1 7 0 2 0 3 0 0 2 0 0 0 1 1 1 0 2 1 0 0 0 0 0 3 2 3 0 3 1 0 2 1 0 6 6 5 1 1 9 0 1 3 1 1 5 1 2 1 0 1 0 0 1
13 3 8 3 8 9 3 9 1 2 1 13 19 841 66 40 12 150 8 35 32 119 3588 9870 234 2829 10053 42 88 9 10 2 5 35 560 83 48 15 150 5598 2087 4745 1572 3 20 392 1305 16 209 2 5 5 7 73 2 3 21 45 175 91 542 66 60 680 34 1 214 248 50 55 30 2 9 1 132 52 0 0 2 1 16 0 48 91 82 127 56 26 49 11 391 144 9 49 191 12 0 0 62 30 0 0 0 0 0 0 0 0 0 0 0 0 0 0 2 0 5 2 2 6 7 3 3 0 0 0 0 0 0 0 0 0 0 2 0 6 0 0 5 8 4 0 0 0 0 0 5 0 5 15 2 1 1 0 0 0 0 0 0 0 0 0 0 0 0 0 10 1 2 0 0 0 0 0 4 3 0 0 19 8 3 2 0 0 2 1 1 2 3 1 0 5 1 0 1 0 0 0 0 0
62 21 32 25 51 67 13 20 2 7 4 124 0 9 6 3 12 1 4 5 378 2744 482 234 8235 142 99 3 412 36 78 45 111 51 18 4 32 61 10 2025 344 102 678 23 3 5 3433 7 41 2 5 8 105 764 10 48 164 16 54 11 25 71 147 20 13 0 2099 358 31 51 10 65 115 20 153 28 13 0 52 1 17 6 449 1685 1820 3172 1627 13 22 10 46 45 18 23 334 74 3 6 4133 752 0 0 2 0 0 2 0 1 2 2 1 1 0 1 0 0 14 2 15 2 21 28 18 5 4 0 1 0 0 0 2 0 1 12 1 36 0 0 41 47 2 5 0 2 12 0 1 0 17 3 11 0 1 0 0 0 1 1 1 1 0 0 0 1 1 3 2 0 2 0 5 2 2 1 4 2 0 0 5 0 7 18 4 2 3 13 1 1 1 0 1 3 0 0 0 0 3 0 0 3
2 2 1 1 1 4 1 1 0 1 0 3 0 51 4 6 4 3 1 6 219 1370 7221 2829 142 5148 526 2 20 0 0 3 4 4 31 2 8 6 2 3596 1235 247 434 0 1 0 183 4 48 1 0 0 3 34 3 4 3 2 6 2 8 20 26 2 3 0 66 6 9 16 3 2 4 3 4 3 0 0 3 0 1 0 21 73 113 85 14 8 7 7 26 25 3 10 161 2 0 0 85 4 0 0 0 0 0 0 0 0 0 0 0 0 1 0 0 0 0 0 2 0 1 1 1 1 0 0 0 0 0 0 0 0 0 0 0 1 0 0 2 2 0 0 0 0 0 0 0 0 0 0 0 1 1 0 0 0 0 0 0 0 0 0 0 0 0 0 0 0 0 0 0 0 0 0 2 0 0 1 0 0 0 0 0 0 1 0 0 1 3 0 0 5 0 1 0 0 0 0 0 0
21 10 5 2 24 9 5 5 0 1 1 10 18 5691 2611 669 20 495 21 39 30 53 1153 10053 99 526 23660 4566 225 37 36 22 21 266 5683 411 558 61 327 2523 1608 453 2882 6 20 197 1084 38 119 4 10 5 13 87 0 6 80 288 372 391 166 147 356 1972 615 3 276 666 172 77 27 3 5 8 752 51 0 1 2 0 18 2 37 80 60 87 66 16 63 14 141 107 4 45 350 38 1 3 37 64 0 0 1 0 0 0 0 0 0 0 0 0 0 9 37 4 8 11 14 69 12 31 11 1 0 1 1 0 0 7 1 2 1 3 1 11 0 0 20 22 93 2 14 0 1 1 21 6 15 137 2 0 6 0 0 5 1 0 0 2 0 0 0 0 3 2 39 6 2 5 1 1 2 2 3 17 0 3 55 6 0 9 4 0 6 3 0 0 7 0 0 9 2 0 1 0 2 1 0 0
27 4 5 2 56 18 4 1 0 2 0 18 22 1623 4686 2556 32 1415 27 74 9 8 30 42 3 2 4566 7340 253 81 55 53 38 282 401 61 442 74 3774 15 267 43 99 5 16 269 47 25 23 2 3 3 14 66 1 3 146 290 77 197 267 31 80 1267 1399 6 224 298 322 15 13 8 5 2 900 50 1 0 5 0 7 0 33 44 44 38 26 3 11 7 92 25 2 10 37 139 1 3 11 74 0 1 0 0 0 1 0 0 0 0 0 0 3 30 278 9 6 80 11 314 22 57 8 0 3 1 1 9 1 62 7 2 1 2 3 33 1 0 25 29 546 4 83 1 2 2 153 69 26 802 3 4 4 0 1 6 0 0 0 0 0 0 1 1 18 0 204 35 3 18 0 1 6 3 15 191 1 1 214 16 1 9 24 1 22 2 2 0 5 0 0 7 2 7 2 0 1 0 0 0
10460 682 1132 521 3348 892 3539 691 18 189 18 517 0 111 24 42 2 19 0 4 123 129 96 88 412 20 225 253 39686 9529 3935 88 146 85 45 21 67 42 268 114 294 62 640 10 9 13 273 271 75 6 41 63 3342 10602 107 31 2908 49 35 20 103 555 917 119 316 6 3931 305 905 329 107 84 52 39 2335 177 27 0 84 6 67 6 1642 461 411 188 1456 52 142 35 147 178 52 117 512 988 35 5357 302 1209 2 8 10 8 4 26 0 1 7 5 7 17 0 1 1 0 8 3 8 3 9 12 6 10 15 0 4 0 0 0 10 5 9 75 4 93 1 0 73 48 6 7 1 3 12 0 5 0 13 12 14 4 11 0 1 4 1 2 3 2 2 2 1 4 12 0 3 7 6 3 13 6 6 8 12 6 2 1 35 14 50 82 11 7 18 60 2 4 9 4 13 22 4 11 20 1 19 5 0 9
7414 2793 280 3821 10492 4156 776 277 37 114 39 3024 0 33 13 17 1 11 1 4 152 152 16 9 36 0 37 81 9529 12766 3435 90 228 35 12 2 29 30 89 17 194 23 96 2 1 3 16 114 51 3 42 64 619 1366 63 89 2450 12 5 6 40 139 194 14 86 2 366 22 362 64 49 69 24 14 266 71 8 0 18 8 84 7 1126 541 758 132 56 29 42 9 42 136 62 47 83 424 42 503 70 110 3 6 21 10 5 36 1 3 19 8 30 45 0 0 2 0 2 1 2 3 4 5 0 2 6 0 0 0 0 0 7 0 11 41 1 25 0 0 15 14 1 1 2 1 8 0 3 0 1 5 2 1 4 0 0 3 7 3 3 2 1 2 0 5 9 1 1 2 1 1 3 1 4 1 7 5 6 2 19 7 57 18 4 1 10 32 3 1 5 0 4 7 2 9 48 4 6 0 0 6
557 63 47 191 6724 591 146 61 4 15 4 330 0 26 6 17 3 7 0 1 98 83 11 10 78 0 36 55 3935 3435 8288 72 79 45 9 6 28 16 71 13 179 9 57 0 1 0 40 41 20 1 16 27 180 771 35 71 10320 16 9 7 23 61 106 18 57 0 3718 74 165 30 23 22 11 7 1373 40 2 0 8 3 25 3 548 768 926 989 380 13 10 5 29 60 20 17 53 568 5 92 227 4986 1 1 3 1 2 5 0 0 2 0 4 6 0 0 0 0 0 0 3 1 1 0 3 0 1 0 0 0 0 0 1 0 0 7 0 9 0 0 8 7 4 0 2 0 3 0 2 1 3 2 1 0 3 0 0 1 0 1 1 1 1 1 0 0 1 0 0 0 0 0 1 0 1 0 5 1 0 1 14 4 10 14 3 1 5 5 2 0 1 0 1 7 0 1 5 0 3 0 0 3
82 19 19 29 543 3008 18 5 5 11 16 1351 0 61 24 67 23 45 4 14 314 438 32 2 45 3 22 53 88 90 72 7277 7465 2670 9 14 369 263 145 13 260 2 42 1 3 12 18 51 11 0 8 7 20 51 11 20 33 3722 11 418 79 35 45 9 31 5 56 11 190 3 16 281 159 34 5792 53 22 0 77 1 5 1 131 137 473 86 13 4 3 3 82 20 4 10 38 5962 47 13 114 33 11 20 39 24 18 69 1 8 24 8 43 82 0 0 3 1 5 2 3 10 6 4 2 19 12 1 3 1 0 1 40 3 34 212 9 194 0 0 63 45 12 2 4 8 36 1 3 4 12 11 13 0 2 0 1 2 2 3 1 2 9 11 0 19 36 0 2 1 2 1 42 20 27 13 10 8 4 1 15 6 172 133 12 11 11 181 0 2 2 10 29 7 3 40 49 4 45 4 1 13
214 44 53 134 519 2159 34 17 60 24 126 4183 4 57 38 112 66 96 14 50 821 1222 184 5 111 4 21 38 146 228 79 7465 14905 7613 5 16 553 3484 168 12 543 13 43 19 8 126 32 22 9 1 7 14 37 95 16 57 29 1716 4 526 209 32 35 6 24 5 94 24 167 14 8 1405 2684 154 3574 87 85 6 298 0 13 6 174 150 701 150 53 12 11 8 207 18 12 4 33 2128 230 51 253 43 60 71 104 65 64 177 5 16 66 22 98 192 1 0 11 4 48 12 21 19 43 36 22 116 80 4 19 1 0 2 99 9 101 743 27 797 0 1 533 240 18 35 5 29 130 3 9 1 81 26 72 4 1 8 0 6 4 14 1 2 16 41 7 53 127 6 8 7 3 5 120 60 120 56 9 24 4 0 33 4 664 700 106 84 9 558 2 2 2 33 84 6 2 116 191 14 181 7 2 62
36 6 7 9 108 186 2 3 3 2 1 349 1 776 214 325 137 153 13 72 207 306 248 35 51 4 266 282 85 35 45 2670 7613 9819 220 259 2470 1715 230 133 359 6 122 18 2 48 282 14 11 0 5 18 21 59 10 19 32 3067 361 5142 175 30 103 75 109 0 65 388 180 10 7 236 642 74 3193 33 13 1 100 2 12 2 89 84 265 64 26 1 3 2 103 20 7 5 58 555 13 5 73 38 12 21 13 12 19 18 1 3 8 4 12 35 1 3 8 1 85 11 52 16 67 45 32 98 84 5 15 1 0 5 26 7 28 370 38 750 1 1 755 426 21 49 4 12 124 7 6 7 152 21 77 1 2 5 0 2 2 1 1 4 12 27 2 19 49 7 12 8 5 4 73 56 104 72 3 17 4 1 15 3 111 586 57 50 6 205 1 0 1 29 32 9 5 38 20 2 132 7 2 78
0 0 1 0 11 2 0 0 0 0 0 3 0 4934 875 147 2 32 1 11 11 13 93 560 18 31 5683 401 45 12 9 9 5 220 4378 2230 239 22 61 1514 378 58 387 2 4 4 643 14 17 2 1 0 2 18 2 1 14 174 429 494 9 33 101 103 112 1 60 245 64 15 3 2 1 0 396 8 0 0 0 0 2 0 5 9 11 16 11 1 6 2 16 12 2 12 93 14 0 0 3 16 0 0 0 0 0 0 0 0 0 0 0 0 0 0 0 1 4 2 6 8 8 23 17 1 1 1 0 0 0 1 0 0 0 7 0 2 0 0 17 12 0 3 0 0 0 0 0 0 5 1 1 0 0 0 0 0 0 0 0 0 0 0 0 0 1 0 0 1 0 0 0 0 0 0 0 0 0 1 1 0 1 2 0 0 0 3 0 0 1 1 0 2 0 1 0 0 0 0 0 0
0 0 1 0 3 1 0 0 0 0 0 2 0 3782 112 14 116 14 2 18 10 22 25 83 4 2 411 61 21 2 6 14 16 259 2230 1721 764 54 21 491 45 4 141 0 0 0 690 0 1 0 0 0 0 6 0 0 12 237 1210 797 8 7 57 60 47 0 25 411 21 1 3 2 5 0 378 2 0 0 0 0 0 0 2 4 16 2 5 0 1 0 5 0 0 1 44 7 0 0 1 7 0 0 0 0 0 0 0 0 0 0 0 0 2 0 1 2 19 2 30 0 23 18 14 10 15 0 3 1 0 3 1 1 0 9 3 23 1 0 45 48 3 11 0 0 6 0 0 0 33 4 11 0 1 0 0 0 0 0 0 0 2 3 0 0 0 4 0 1 1 0 2 5 4 4 0 1 0 0 2 0 1 14 4 1 0 22 0 0 1 0 1 0 0 1 0 0 6 2 1 4
14 0 3 5 76 67 3 2 0 0 0 67 47 3186 1805 1883 3082 795 335 1038 154 236 438 48 32 8 558 442 67 29 28 369 553 2470 239 764 8079 4787 513 132 559 11 161 36 48 494 161 13 8 4 2 5 6 17 3 10 26 311 110 519 909 35 122 147 157 6 27 116 293 13 8 38 149 45 824 51 9 11 35 2 2 0 24 24 124 43 8 4 10 5 232 4 5 3 70 264 1 2 61 21 3 3 8 5 4 9 2 4 2 1 6 10 8 4 14 15 189 28 231 41 291 235 161 175 110 15 39 9 2 15 12 2 13 174 54 502 7 5 805 588 38 141 9 7 89 15 11 3 373 70 147 8 3 3 0 3 0 3 1 1 6 16 0 8 22 25 13 20 12 2 55 35 33 61 16 45 3 2 27 3 60 446 44 38 9 352 0 2 0 37 24 6 6 22 9 1 127 12 7 84
9 5 5 6 69 96 4 9 1 2 4 143 555 354 271 1241 1539 1086 4708 432 415 564 521 15 61 6 61 74 42 30 16 263 3484 1715 22 54 4787 7584 331 36 744 7 58 1144 550 3182 49 22 8 71 8 23 9 26 8 17 19 131 15 103 2077 39 43 15 23 69 46 30 142 9 7 247 2117 693 363 91 23 205 163 12 14 28 60 64 287 72 29 20 22 100 1454 17 2 3 34 243 8 3 144 13 14 21 17 19 26 21 1 20 7 2 5 28 38 17 74 54 331 109 588 236 822 1131 518 328 265 31 69 11 7 38 49 16 41 539 82 1233 19 15 2495 1346 82 329 20 15 258 43 50 22 1107 253 349 14 7 6 5 20 5 7 1 4 7 35 1 16 73 67 44 52 18 22 174 89 136 172 35 102 10 8 137 28 137 1434 218 103 38 906 1 6 7 98 64 20 16 43 35 0 356 36 13 229
22 2 3 1 137 69 5 1 1 2 0 55 11 386 852 818 23 2474 16 63 9 12 27 150 10 2 327 3774 268 89 71 145 168 230 61 21 513 331 13176 16 264 96 575 7 33 418 36 156 35 1 1 5 4 44 3 8 148 170 44 68 7228 201 786 2320 2407 9 131 131 4043 82 32 18 51 3 601 1523 1 0 15 0 22 2 31 37 50 30 14 21 35 25 822 52 8 17 267 295 5 4 11 73 1 0 0 0 1 1 0 3 0 0 2 0 1 35 248 6 5 54 8 152 14 37 4 3 2 1 2 10 1 27 5 3 1 15 2 43 0 0 41 38 352 6 116 0 1 22 648 56 39 885 6 1 13 1 1 13 0 1 0 1 0 0 0 2 6 2 347 94 25 80 5 4 9 4 93 427 4 4 878 126 4 25 15 2 180 17 2 3 11 1 0 30 9 6 3 0 9 2 1 2
13 5 13 7 14 9 3 5 0 0 1 16 0 1917 18 24 20 21 13 14 392 2323 3585 5598 2025 3596 2523 15 114 17 13 13 12 133 1514 491 132 36 16 9870 2051 566 1916 3 0 12 1553 9 81 1 5 4 18 155 5 14 20 121 114 194 29 57 98 51 11 1 288 214 13 34 13 7 13 10 238 27 5 0 10 0 8 0 74 227 256 284 86 12 24 12 59 75 8 59 368 13 1 2 227 30 0 0 0 1 0 0 0 0 0 0 0 0 1 0 1 2 8 2 26 4 22 28 25 9 3 1 3 0 0 1 0 0 0 2 0 10 0 1 19 30 3 9 0 0 4 0 0 0 22 3 2 0 2 1 0 0 1 0 0 1 0 0 0 0 0 2 0 1 0 0 0 2 2 1 0 2 1 1 4 0 2 5 4 1 1 7 0 0 2 1 0 5 1 0 0 0 4 0 0 2
676 309 575 417 389 621 86 292 22 74 32 833 5 1073 1181 512 695 337 143 985 1780 1493 6032 2087 344 1235 1608 267 294 194 179 260 543 359 378 45 559 744 264 2051 5996 5126 2192 57 42 124 440 312 2927 50 227 111 52 128 999 798 60 110 54 39 471 482 157 54 98 11 275 169 225 415 396 290 387 45 644 501 74 2 240 11 362 26 1556 224 1088 215 115 423 822 335 1005 1750 268 564 773 402 60 33 256 118 6 12 20 14 13 29 2 4 13 3 25 35 0 1 3 2 18 4 23 11 38 38 20 16 15 1 6 0 0 0 24 2 11 89 4 132 0 0 116 52 4 11 2 4 18 5 7 0 37 6 15 10 45 0 2 12 8 6 7 20 3 9 0 9 27 5 4 9 4 0 18 12 17 15 19 16 13 16 49 12 109 129 14 13 26 145 20 19 56 12 17 56 11 19 23 2 28 4 1 10
24 10 35 11 20 17 9 21 0 5 0 14 0 56 74 71 33 53 3 48 26 111 1283 4745 102 247 453 43 62 23 9 2 13 6 58 4 11 7 96 566 5126 5704 5144 3 7 72 239 43 967 6 11 5 7 35 3 13 18 10 23 7 387 84 31 34 63 3 97 45 141 77 34 4 7 1 41 146 2 0 3 3 34 1 49 62 61 72 22 46 86 38 585 566 16 127 339 18 1 3 38 10 0 0 0 0 0 0 0 0 0 0 0 0 0 0 0 1 0 0 0 0 1 1 0 0 0 0 0 0 0 0 1 0 0 4 0 0 0 0 1 2 0 0 2 0 0 1 1 0 0 1 0 1 4 0 0 1 0 1 0 0 0 0 0 0 2 0 1 2 0 1 1 0 0 0 6 7 2 2 13 5 0 2 1 0 7 3 1 2 6 0 0 15 3 1 0 0 0 0 0 1
68 17 42 15 66 75 25 28 1 11 1 48 12 865 321 173 38 195 17 150 93 613 691 1572 678 434 2882 99 640 96 57 42 43 122 387 141 161 58 575 1916 2192 5144 6682 27 74 670 1570 210 4130 37 24 8 77 391 10 33 178 167 382 160 2644 382 641 6970 867 30 1026 752 1212 218 104 18 30 10 566 1382 7 2 10 0 60 12 244 607 473 664 236 123 401 350 4990 741 55 334 3129 92 8 12 395 133 0 1 0 0 1 0 0 0 0 0 0 1 0 0 7 0 5 3 10 5 2 6 10 4 3 0 1 0 0 0 2 0 0 7 1 9 1 0 17 19 9 2 8 2 2 8 56 0 8 30 4 7 43 0 0 16 1 0 3 3 1 1 0 0 5 0 22 14 17 16 1 1 0 0 77 45 4 11 189 68 1 10 4 1 94 10 4 11 26 0 0 110 10 4 1 0 2 0 0 0
3 0 2 2 0 5 1 1 4 0 0 14 3714 1 3 28 80 99 5492 27 60 134 24 3 23 0 6 5 10 2 0 1 19 18 2 0 36 1144 7 3 57 3 27 7270 3937 1350 26 18 4 1018 26 99 3 3 4 4 1 5 1 2 203 10 8 2 4 610 12 12 5 6 5 214 862 2456 17 22 487 2027 2284 82 38 363 21 33 89 27 9 207 131 992 2192 7 2 9 26 3 30 2 62 1 5 9 5 1 6 3 0 3 1 0 5 6 12 26 112 31 154 159 276 484 456 1244 337 125 88 10 22 9 1 16 15 6 9 183 35 335 14 3 1117 585 98 107 25 5 81 15 55 21 654 364 93 7 26 2 3 22 10 3 12 17 5 9 0 5 26 24 47 33 18 40 37 22 35 39 49 64 9 12 212 53 47 558 350 24 64 395 17 15 26 26 17 61 13 10 12 0 99 15 5 85
3 0 5 0 2 4 0 1 71 2 1 5 3121 2 3 20 87 153 921 22 3 3 5 20 3 1 20 16 9 1 1 3 8 2 4 0 48 550 33 0 42 7 74 3937 6006 2272 0 123 30 2542 10 24 0 2 1 0 1 1 0 0 47 53 54 26 17 2238 7 0 34 20 28 100 320 311 2 61 1386 970 946 35 88 153 6 2 4 2 3 368 378 3078 4702 29 3 16 92 2 431 28 2 1 1 0 0 0 3 0 0 6 0 0 1 0 1 16 258 3 4 55 9 280 24 129 8 1 1 2 0 10 0 17 8 4 0 10 0 11 3 1 59 22 237 3 80 2 3 34 932 33 57 1232 5 43 154 0 6 159 6 5 2 11 2 2 0 1 9 1 424 118 96 376 6 4 15 6 394 557 27 47 2674 529 3 9 80 2 609 33 24 90 106 2 3 566 37 8 4 1 1 1 0 1
1 4 0 1 4 10 1 0 1 0 2 30 1347 11 15 349 653 6883 4839 161 5 5 8 392 5 0 197 269 13 3 0 12 126 48 4 0 494 3182 418 12 124 72 670 1350 2272 4151 10 15 28 4 3 4 1 4 0 1 3 9 4 2 1772 45 44 543 181 617 13 7 72 31 20 70 1113 234 18 51 14 22 116 1 18 8 4 7 9 12 2 32 23 30 1205 50 6 26 122 21 8 2 4 4 2 1 0 2 2 0 0 3 0 0 0 1 9 143 1559 35 20 359 30 1439 100 670 33 3 5 2 0 55 2 184 7 7 2 20 10 81 5 0 293 98 1608 16 311 2 5 19 1408 379 196 3595 6 10 15 1 0 34 1 3 1 2 0 4 0 4 46 4 607 191 22 321 3 4 35 2 45 699 4 6 1148 71 3 23 276 4 112 32 9 5 16 3 1 46 18 21 0 0 0 1 0 3
18 3 11 7 21 12 2 11 0 1 1 10 0 476 16 14 20 4 6 10 222 486 449 1305 3433 183 1084 47 273 16 40 18 32 282 643 690 161 49 36 1553 440 239 1570 26 0 10 8201 15 43 2 3 3 46 334 8 12 88 265 590 562 41 100 253 125 80 0 884 1094 66 45 10 18 42 12 696 27 2 0 15 1 12 2 119 464 304 661 1286 13 19 9 59 38 11 33 477 29 2 2 396 146 0 0 0 0 0 0 0 0 0 0 1 1 2 0 0 2 20 6 47 4 48 55 33 6 12 2 5 1 0 0 1 0 0 7 1 19 0 1 55 47 2 5 0 0 10 1 3 0 28 6 8 0 2 0 0 0 0 0 0 0 0 0 0 2 1 0 4 1 1 0 2 1 0 1 5 4 0 0 5 1 2 10 7 0 0 11 1 0 2 3 0 1 1 0 0 0 10 1 1 4
52 6 16 10 111 123 14 16 1 3 1 54 3 14 39 49 3 82 10 29 11 26 14 16 7 4 38 25 271 114 41 51 22 14 14 0 13 22 156 9 312 43 210 18 123 15 15 14826 205 236 9 13 15 70 5 19 91 26 9 11 545 4607 1102 178 707 34 175 54 6466 228 1078 14 20 7 154 14360 24 7 13 10 310 63 76 54 49 38 10 2365 7463 998 3433 204 45 82 740 212 14 9 19 40 0 0 0 0 0 0 0 2 0 0 0 1 1 1 0 2 1 5 2 9 0 1 3 1 5 7 5 4 0 5 15 2 0 5 2 1 1 0 4 4 2 11 2 2 9 75 30 2 10 14 8 347 1438 5 47 409 11 7 21 130 0 0 0 3 5 3 2 54 260 39 5 7 9 4 366 32 152 366 798 142 4 9 11 2 912 36 252 369 1092 5 0 2461 252 2 11 1 2 0 1 9
143 37 111 25 33 29 46 61 2 21 3 36 1 26 62 20 16 27 2 44 24 104 157 209 41 48 119 23 75 51 20 11 9 11 17 1 8 8 35 81 2927 967 4130 4 30 28 43 205 8314 24 103 17 21 47 43 58 8 5 9 3 116 467 115 11 12 3 100 23 57 493 357 8 13 7 48 261 5 2 8 2 202 10 228 51 79 54 27 344 553 231 492 7294 210 3236 3187 20 3 9 48 17 0 1 1 2 2 2 0 0 0 1 0 1 0 0 0 0 3 1 1 0 0 0 2 0 2 0 0 0 0 0 0 0 0 11 0 9 0 0 4 4 0 0 1 0 2 2 1 0 2 0 1 12 29 0 2 7 2 1 4 15 0 1 0 0 1 0 0 5 5 4 0 0 2 0 7 4 16 17 20 5 6 8 1 0 25 10 21 13 51 1 1 48 8 2 3 0 2 0 0 1
10 3 3 1 3 3 4 5 153 5 1 1 67 2 0 1 7 5 89 7 2 7 6 2 2 1 4 2 6 3 1 0 1 0 2 0 4 71 1 1 50 6 37 1018 2542 4 2 236 24 7766 302 1705 2 6 8 3 1 1 1 0 12 209 61 0 4 1110 9 0 30 65 107 85 105 850 3 130 2524 1122 898 1213 390 3227 25 4 6 1 2 1571 867 4011 617 83 22 27 137 3 966 79 3 0 1 0 2 0 0 1 1 1 0 0 0 2 0 1 1 0 1 1 1 6 3 4 2 1 1 5 1 2 0 4 6 1 0 3 1 6 2 0 12 2 10 1 2 1 4 37 29 1 10 11 2 111 486 3 17 298 75 36 73 183 3 0 0 1 0 0 3 21 93 35 6 6 5 1 234 27 131 174 829 148 0 5 10 3 445 31 158 755 677 1 3 1435 88 1 10 2 0 2 0 6
153 27 73 19 30 25 64 83 9 32 4 21 1 0 2 3 1 2 2 2 2 4 4 5 5 0 10 3 41 42 16 8 7 5 1 0 2 8 1 5 227 11 24 26 10 3 3 9 103 302 11113 21050 34 9 125 51 4 7 0 0 9 40 19 1 1 90 9 1 12 434 86 9 5 102 37 14 130 29 46 1449 3004 418 470 21 46 6 15 207 24 29 41 5719 6251 402 67 13 75 28 4 5 4 1 4 1 0 2 1 1 1 1 1 2 0 0 0 0 0 0 0 0 0 2 0 1 0 0 0 0 0 0 1 0 2 7 1 3 0 0 10 1 0 0 0 2 3 3 0 0 1 0 0 10 19 5 1 2 996 535 583 311 37 1 0 0 1 0 0 0 2 6 3 0 1 0 0 0 153 54 2 3 3 9 2 1 4 12 97 16 125 0 24 13 16 1 1 0 1 0 0 0
280 47 160 34 38 28 106 157 37 47 8 58 5 3 1 5 2 19 18 1 4 7 5 5 8 0 5 3 63 64 27 7 14 18 0 0 5 23 5 4 111 5 8 99 24 4 3 13 17 1705 21050 35129 52 34 232 46 1 6 0 3 3 22 6 3 4 348 10 4 11 203 63 26 36 375 45 7 447 157 82 13001 5062 1932 852 23 69 17 13 531 42 50 16 2484 4921 144 58 22 237 58 3 11 25 7 26 15 3 11 4 8 6 3 6 11 0 0 1 0 0 0 1 0 0 1 1 3 2 4 0 0 1 1 4 1 4 31 3 22 0 0 6 9 0 0 0 17 7 7 4 0 2 0 1 44 46 35 7 14 3969 2450 3164 2153 136 2 0 3 3 0 0 0 6 44 10 4 6 3 2 0 802 210 26 1 8 18 51 2 3 68 712 125 802 4 88 79 125 2 22 4 6 0 0 7
1663 142 352 95 277 142 2134 1007 70 346 27 206 0 4 1 3 1 1 0 1 7 30 16 7 105 3 13 14 3342 619 180 20 37 21 2 0 6 9 4 18 52 7 77 3 0 1 46 15 21 2 34 52 7987 7541 3230 21 46 16 4 1 6 37 55 6 8 1 345 35 33 35 17 36 17 9 207 13 30 1 25 9 38 4 1701 198 87 72 124 10 9 2 14 67 26 15 48 80 35 12326 67 89 2 2 6 3 2 8 0 2 7 1 5 8 0 0 0 0 1 0 0 1 3 1 0 4 2 0 0 0 0 0 3 1 7 26 0 26 0 0 8 7 0 4 1 1 4 0 0 0 1 2 7 0 1 0 0 1 8 3 3 0 3 4 0 4 6 0 0 0 0 0 1 1 5 4 1 0 0 2 0 0 19 21 0 1 1 32 3 0 0 1 4 0 0 1 8 0 5 0 0 6
2749 373 843 252 745 389 2006 1209 41 313 50 380 0 27 5 16 2 3 2 4 23 100 128 73 764 34 87 66 10602 1366 771 51 95 59 18 6 17 26 44 155 128 35 391 3 2 4 334 70 47 6 9 34 7541 11765 157 13 285 32 18 12 32 188 306 40 81 1 5141 228 188 111 36 59 59 42 908 49 26 0 80 7 34 2 2908 3573 185 577 994 22 47 12 63 78 27 54 305 363 24 3246 561 689 3 4 4 3 0 12 1 0 2 3 3 15 1 0 0 0 6 1 8 1 6 9 5 8 3 0 1 0 0 0 3 1 7 67 2 73 0 0 68 29 2 2 0 1 15 0 2 0 11 0 7 0 2 1 0 1 2 2 2 1 1 2 0 3 8 0 2 1 2 1 9 6 12 6 6 6 0 1 12 2 53 59 16 7 7 38 2 2 4 3 5 8 1 10 10 1 13 0 0 7
277 56 139 55 44 44 113 124 7 64 5 47 0 0 2 0 0 0 1 0 8 8 4 2 10 3 0 1 107 63 35 11 16 10 2 0 3 8 3 5 999 3 10 4 1 0 8 5 43 8 125 232 3230 157 10700 473 5 6 0 1 1 19 9 0 2 3 13 5 5 56 33 8 10 7 68 6 4 1 11 28 136 17 3212 13 48 11 14 27 12 5 10 430 125 35 20 27 7 975 6 11 2 1 2 0 3 2 0 0 1 0 2 2 0 0 0 0 1 0 3 0 0 0 0 1 0 0 0 0 0 0 0 0 1 12 2 11 0 0 5 7 0 0 0 0 1 0 0 0 1 1 1 2 1 0 0 0 12 5 5 6 2 0 0 0 2 0 0 0 0 0 3 1 5 0 0 0 3 1 1 0 8 17 2 1 0 10 6 2 3 1 3 2 0 1 2 0 5 0 0 0
377 118 315 160 138 183 64 156 2 55 7 232 0 4 1 2 3 4 3 2 1917 206 28 3 48 4 6 3 31 89 71 20 57 19 1 0 10 17 8 14 798 13 33 4 0 1 12 19 58 3 51 46 21 13 473 3259 9 18 0 6 5 33 11 2 4 1 15 17 11 48 43 39 28 7 117 10 9 0 31 6 59 5 2996 20 2707 30 21 33 25 5 24 203 52 52 35 74 5 14 61 24 1 2 6 3 2 7 0 1 0 0 5 5 0 0 0 0 5 0 1 0 4 2 3 4 2 0 2 0 0 0 1 0 3 22 1 30 0 0 13 15 2 3 0 1 6 0 0 0 10 1 4 1 2 0 0 0 1 1 2 2 1 1 1 4 6 0 0 0 0 0 6 3 0 2 0 0 1 1 2 0 17 43 5 1 2 22 2 2 2 0 1 1 0 8 14 1 8 2 0 8
77 49 44 40 2149 111 10 3 0 0 0 24 0 53 13 20 2 8 0 2 21 26 19 21 164 3 80 146 2908 2450 10320 33 29 32 14 12 26 19 148 20 60 18 178 1 1 3 88 91 8 1 4 1 46 285 5 9 9438 21 15 7 19 126 294 36 156 1 5486 162 412 57 25 15 10 3 1752 52 3 0 8 0 8 1 97 229 123 1438 843 10 10 4 57 7 5 22 141 1046 2 2 768 3271 0 0 0 2 0 2 0 0 0 0 0 1 0 0 1 0 1 1 2 3 2 4 2 1 2 0 0 1 0 0 0 0 1 6 1 10 0 0 4 10 1 1 0 1 1 0 1 1 3 6 2 0 2 0 0 1 1 0 0 0 0 0 0 0 0 0 1 1 3 1 0 1 1 0 5 4 0 1 12 7 2 4 0 0 14 0 0 1 1 1 1 6 2 2 0 0 1 0 0 0
25 4 8 6 30 92 2 4 0 4 3 172 0 387 36 77 13 33 2 4 41 58 13 45 16 2 288 290 49 12 16 3722 1716 3067 174 237 311 131 170 121 110 10 167 5 1 9 265 26 5 1 7 6 16 32 6 18 21 2567 1142 1720 30 54 168 101 149 0 72 1407 253 26 14 107 96 9 4786 24 8 0 28 0 4 0 82 58 102 30 15 1 4 2 27 11 4 4 108 473 3 1 28 19 5 8 8 2 3 11 0 0 2 0 5 17 0 1 1 0 2 0 9 3 3 8 3 8 7 0 2 1 0 0 8 0 9 71 3 114 0 0 58 34 6 3 1 3 19 2 4 1 4 5 6 0 1 1 0 0 0 2 1 1 0 1 0 4 7 0 1 2 0 1 11 11 15 4 2 2 0 2 8 5 35 59 7 3 2 21 2 0 0 3 10 3 1 15 8 1 14 1 0 4
3 0 0 0 6 2 2 0 0 1 0 2 0 199 5 10 2 3 0 2 18 39 26 175 54 6 372 77 35 5 9 11 4 361 429 1210 110 15 44 114 54 23 382 1 0 4 590 9 9 1 0 0 4 18 0 0 15 1142 691 1378 13 32 159 80 63 0 54 1273 71 21 3 1 4 0 1002 9 0 0 0 0 2 0 7 27 16 26 45 2 4 2 15 2 0 4 157 6 0 0 11 15 0 0 0 0 0 0 0 0 0 0 0 0 1 0 0 0 7 0 10 1 5 5 6 3 0 1 0 0 0 0 0 0 0 1 1 7 1 0 8 13 2 1 0 0 2 0 0 0 6 1 3 0 0 0 0 0 0 0 0 0 0 0 0 0 0 0 0 0 0 0 1 0 0 1 0 2 0 0 1 0 0 4 1 1 1 0 0 0 0 0 0 0 0 0 0 0 1 1 0 2
1 1 2 0 12 18 0 1 0 0 1 38 1 987 27 49 3 14 0 2 22 24 16 91 11 2 391 197 20 6 7 418 526 5142 494 797 519 103 68 194 39 7 160 2 0 2 562 11 3 0 0 3 1 12 1 6 7 1720 1378 1754 9 20 132 85 106 1 23 887 80 9 5 13 31 4 1332 6 0 0 10 0 3 0 16 13 31 11 11 1 1 1 8 3 2 5 67 70 1 1 9 9 2 2 1 0 4 4 0 0 2 0 3 2 1 0 1 2 11 1 3 3 7 6 1 11 14 1 0 0 0 0 4 2 4 37 6 83 0 0 58 40 2 3 0 1 10 0 2 2 13 3 8 1 1 1 0 0 0 2 0 2 1 4 1 1 10 1 2 0 3 0 11 8 14 9 3 3 1 1 4 1 19 72 3 6 0 24 0 0 0 3 6 1 1 3 3 0 14 4 0 6
18 3 12 8 69 73 7 1 2 1 2 68 29 35 97 129 367 3373 188 218 9 22 41 542 25 8 166 267 103 40 23 79 209 175 9 8 909 2077 7228 29 471 387 2644 203 47 1772 41 545 116 12 9 3 6 32 1 5 19 30 13 9 11078 506 852 794 198 198 71 49 3714 232 120 71 496 8 135 6338 7 1 68 1 52 6 38 32 29 27 7 77 168 64 5521 179 33 107 885 164 3 7 15 19 1 1 1 1 1 1 0 6 0 0 0 2 3 31 442 7 13 66 25 217 37 142 14 7 4 1 2 34 1 53 11 7 1 14 7 41 1 2 106 39 478 15 189 1 3 38 1276 128 77 1236 7 19 51 2 4 88 0 1 1 4 0 1 0 1 17 2 306 161 74 224 6 8 17 7 241 669 4 22 1526 263 9 32 26 3 331 40 8 15 23 2 1 139 42 12 10 0 10 1 1 6
90 20 77 22 101 100 27 40 4 19 0 48 2 81 138 158 19 64 15 89 26 77 43 66 71 20 147 31 555 139 61 35 32 30 33 7 35 39 201 57 482 84 382 10 53 45 100 4607 467 209 40 22 37 188 19 33 126 54 32 20 506 15167 12185 608 752 7 492 207 1943 12748 1955 16 19 3 256 1818 16 3 13 12 450 158 189 191 119 137 47 457 836 461 1296 702 197 1293 2991 147 4 15 69 70 0 3 1 0 0 0 0 5 0 0 2 1 0 1 0 1 1 1 3 2 3 1 0 1 5 2 1 9 0 3 5 3 0 10 0 7 7 0 4 7 7 9 2 7 7 47 16 1 10 13 1 446 1344 7 41 275 21 9 59 185 3 1 0 0 1 1 10 33 165 24 3 7 3 2 204 19 191 448 505 73 5 11 10 2 395 34 475 249 1317 3 1 1601 265 8 1 0 3 2 1 6
70 5 17 9 126 120 29 15 0 7 0 53 3 340 435 319 19 86 17 138 25 80 34 60 147 26 356 80 917 194 106 45 35 103 101 57 122 43 786 98 157 31 641 8 54 44 253 1102 115 61 19 6 55 306 9 11 294 168 159 132 852 12185 18442 6346 5191 17 897 531 7338 2387 455 15 26 2 709 1443 6 2 11 4 100 18 128 299 190 226 91 108 490 315 2332 170 76 362 7091 195 4 8 108 144 1 0 0 0 0 0 0 2 0 0 0 0 1 1 1 0 2 4 8 7 3 6 3 1 1 0 2 2 1 4 5 1 0 0 0 6 1 0 12 10 2 7 2 0 0 27 15 3 8 9 3 70 232 0 8 90 6 3 2 18 0 0 0 2 3 1 4 34 80 18 0 3 4 1 217 30 26 47 341 99 3 6 1 3 328 7 24 52 137 0 1 500 41 3 3 0 0 0 1 1
3 0 3 1 10 8 4 0 0 0 0 4 26 407 146 64 6 101 12 19 7 14 8 680 20 2 1972 1267 119 14 18 9 6 75 103 60 147 15 2320 51 54 34 6970 2 26 543 125 178 11 0 1 3 6 40 0 2 36 101 80 85 794 608 6346 4453 8270 3 140 233 2068 178 59 3 8 2 248 86 1 0 2 0 16 0 14 35 27 48 25 26 36 23 628 15 5 26 1265 20 0 0 21 39 0 0 0 0 0 0 0 1 0 0 0 0 1 4 31 4 0 8 4 48 8 10 4 2 2 0 0 0 0 0 3 0 0 1 0 3 0 0 3 6 64 0 21 0 2 6 118 7 6 204 0 2 5 0 1 8 0 0 0 4 0 0 0 0 0 0 88 14 11 10 0 1 1 0 25 82 5 3 260 25 0 0 3 0 43 3 1 2 2 0 0 17 1 0 0 0 0 0 0 0
31 1 4 5 57 33 5 2 0 0 0 23 6 386 561 224 7 85 12 65 11 15 14 34 13 3 615 1399 316 86 57 31 24 109 112 47 157 23 2407 11 98 63 867 4 17 181 80 707 12 4 1 4 8 81 2 4 156 149 63 106 198 752 5191 8270 8765 3 240 256 5014 139 49 1 12 2 520 163 2 0 2 1 8 2 34 73 51 41 40 19 28 19 287 27 11 29 696 112 1 3 14 82 0 0 0 0 0 0 0 0 0 0 0 0 0 3 21 3 3 5 5 32 3 8 1 0 0 1 0 2 0 11 1 1 0 2 0 8 0 0 9 4 43 1 10 0 0 6 75 6 5 119 1 5 9 0 0 31 0 0 0 3 0 0 0 1 0 0 48 12 9 9 1 0 2 0 41 86 3 2 212 50 2 1 3 2 78 7 2 1 5 1 0 43 6 0 3 0 1 0 0 0
4 0 2 0 2 2 0 0 50 0 0 4 830 0 3 1 5 13 139 0 0 0 0 1 0 0 3 6 6 2 0 5 5 0 1 0 6 69 9 1 11 3 30 610 2238 617 0 34 3 1110 90 348 1 1 3 1 1 0 0 1 198 7 17 3 3 1115 3 2 29 9 7 30 73 330 4 91 934 1133 336 242 88 857 6 1 4 1 0 303 132 1559 3643 17 12 2 35 5 346 24 0 1 0 1 1 0 0 0 0 2 0 0 0 0 0 2 168 0 1 11 0 79 14 32 1 0 0 1 0 4 0 4 3 0 0 0 0 5 0 0 11 8 52 1 25 0 1 8 366 15 17 488 0 8 33 0 2 30 24 12 14 36 0 0 0 1 3 0 124 24 11 332 3 0 3 2 55 105 17 18 688 89 1 5 51 1 110 10 21 16 28 0 1 87 13 4 1 0 0 0 0 3
409 224 367 193 804 222 89 105 4 38 5 207 0 74 18 29 4 8 1 4 42 157 204 214 2099 66 276 224 3931 366 3718 56 94 65 60 25 27 46 131 288 275 97 1026 12 7 13 884 175 100 9 9 10 345 5141 13 15 5486 72 54 23 71 492 897 140 240 3 10408 815 494 337 98 64 81 31 3504 132 24 0 72 2 57 3 578 6791 488 2186 3755 47 113 42 165 166 34 138 731 797 19 41 2388 4390 2 8 7 7 3 5 0 1 1 1 3 10 0 1 0 1 10 0 9 3 12 8 6 15 5 3 1 0 0 0 7 1 6 61 1 67 1 0 71 32 1 4 1 0 6 0 4 1 11 2 9 1 7 0 0 6 1 0 1 2 1 6 0 1 11 0 5 2 1 0 15 4 13 5 14 11 1 2 23 3 26 60 13 5 14 63 1 4 13 7 3 13 6 5 7 0 22 4 0 7
14 4 15 5 10 11 4 1 1 3 1 8 0 313 13 44 9 6 2 5 97 202 58 248 358 6 666 298 305 22 74 11 24 388 245 411 116 30 131 214 169 45 752 12 0 7 1094 54 23 0 1 4 35 228 5 17 162 1407 1273 887 49 207 531 233 256 2 815 3357 307 84 16 13 36 17 2798 42 13 0 21 2 12 0 98 263 190 448 1309 10 30 14 74 35 10 35 347 18 2 7 207 222 0 2 0 0 0 1 1 0 0 0 1 1 0 0 0 0 17 2 20 1 13 17 13 3 2 0 1 0 0 0 0 0 2 10 2 26 1 1 34 40 3 1 0 1 5 2 3 0 16 5 5 0 1 0 0 0 1 0 0 1 0 0 0 0 0 3 2 0 2 0 3 0 3 3 2 2 2 2 15 5 9 19 2 0 3 10 0 1 1 1 1 7 0 0 2 0 6 1 0 2
96 7 13 8 304 273 32 11 2 6 2 119 4 314 746 433 21 666 9 69 28 38 14 50 31 9 172 322 905 362 165 190 167 180 64 21 293 142 4043 13 225 141 1212 5 34 72 66 6466 57 30 12 11 33 188 5 11 412 253 71 80 3714 1943 7338 2068 5014 29 494 307 10556 308 230 21 42 2 1044 7431 4 2 16 1 91 5 97 120 123 93 39 94 283 133 1684 108 20 76 1277 654 5 10 35 165 1 2 1 1 0 0 0 7 0 0 2 1 0 5 14 1 7 12 7 18 9 10 9 5 1 6 1 2 2 4 23 2 1 12 1 21 1 0 16 9 25 6 25 2 10 60 343 6 26 144 2 35 149 2 7 228 1 0 3 11 0 2 2 5 10 2 75 142 183 62 5 10 10 4 651 359 17 40 1367 469 9 32 8 3 757 44 9 60 70 1 1 671 75 10 13 0 5 5 0 4
146 31 71 25 51 46 33 82 3 18 2 26 2 32 76 58 10 24 8 33 15 72 35 55 51 16 77 15 329 64 30 3 14 10 15 1 13 9 82 34 415 77 218 6 20 31 45 228 493 65 434 203 35 111 56 48 57 26 21 9 232 12748 2387 178 139 9 337 84 308 6400 3444 8 4 10 128 266 17 2 8 82 1377 405 240 125 120 101 30 534 285 167 537 1540 3393 3312 2306 36 7 12 53 29 1 0 2 2 0 0 0 3 0 0 1 1 0 0 0 0 0 0 3 1 0 0 1 0 1 1 0 1 0 1 4 0 0 5 0 10 0 0 4 1 1 3 1 5 2 17 3 0 4 1 2 197 344 19 11 61 103 130 180 752 4 0 0 0 2 0 0 11 27 13 0 0 3 0 31 6 421 524 102 14 5 7 4 0 70 18 530 74 1204 0 4 289 148 3 5 0 1 0 0 2
132 24 63 19 38 37 34 56 4 23 5 39 3 10 18 17 2 28 7 15 4 24 13 30 10 3 27 13 107 49 23 16 8 7 3 3 8 7 32 13 396 34 104 5 28 20 10 1078 357 107 86 63 17 36 33 43 25 14 3 5 120 1955 455 59 49 7 98 16 230 3444 5962 10 14 10 52 502 22 4 14 41 3429 304 199 37 53 25 16 1408 545 214 394 1008 453 362 394 22 16 11 19 18 2 0 3 1 0 1 0 2 0 0 0 0 0 0 0 0 0 0 1 2 1 0 0 0 1 3 3 0 0 2 2 1 0 9 0 3 1 0 5 1 0 1 0 1 6 18 10 1 6 2 3 276 537 8 18 87 46 52 130 551 2 0 0 0 1 1 1 6 38 9 0 2 0 1 26 2 451 689 155 19 4 6 4 1 62 24 584 109 1597 1 3 439 173 1 6 0 1 0 1 1
86 54 126 84 118 414 59 19 710 146 1126 3638 49 14 4 26 12 20 13 7 469 724 64 2 65 2 3 8 84 69 22 281 1405 236 2 2 38 247 18 7 290 4 18 214 100 70 18 14 8 85 9 26 36 59 8 39 15 107 1 13 71 16 15 3 1 30 64 13 21 8 10 8121 1637 762 449 17 1726 155 5149 12 15 39 140 84 472 89 40 22 18 60 159 15 9 3 12 304 6729 497 131 10 134 204 330 199 143 581 14 69 257 96 445 684 1 2 5 3 26 6 28 9 45 25 11 148 108 3 24 1 0 0 232 49 264 1583 33 909 0 3 496 218 6 23 1 50 235 1 7 1 87 10 54 2 2 14 3 8 7 23 6 13 66 119 18 163 284 5 8 6 4 2 253 126 165 52 7 25 13 2 24 5 1901 844 158 73 18 1542 1 3 4 56 195 9 13 296 863 24 232 31 7 86
32 9 15 12 44 100 9 10 18 1 7 371 359 14 11 100 70 212 406 30 459 735 206 9 115 4 5 5 52 24 11 159 2684 642 1 5 149 2117 51 13 387 7 30 862 320 1113 42 20 13 105 5 36 17 59 10 28 10 96 4 31 496 19 26 8 12 73 81 36 42 4 14 1637 9338 1038 324 64 185 207 2089 9 19 30 116 134 479 125 58 35 23 96 836 23 5 4 33 186 69 19 187 11 23 33 27 41 41 41 2 16 17 6 22 59 11 8 20 12 170 48 184 78 324 278 130 244 205 16 43 3 4 12 80 16 60 842 58 1488 6 5 1905 869 52 148 7 31 256 12 29 9 550 137 232 11 7 3 2 8 2 12 3 10 14 61 3 24 114 26 27 22 12 13 164 100 208 151 19 72 5 2 92 27 360 1776 306 121 30 778 5 3 4 70 97 23 10 84 60 4 346 44 6 163
