26831 9471 9926 1433 1626 3323 5249 9462 294 831 109 1875 0 12 10 10 6 7 6 0 154 104 4 6 24 2 7 20 6626 10223 354 330 78 18 1 0 2 9 3 5 504 5 18 1 1 9 5 19 77 7 106 253 751 1976 576 289 106 22 0 1 12 45 33 4 8 1 389 1 17 131 39 77 25 15 148 9 35 1 28 38 269 14 1340 1086 1527 126 19 172 49 8 24 302 185 105 61 439 124 1560 55 58 40 0 28 15 5 81 30 12 31 40 47 137 0 0 0 0 1 1 1 0 2 0 0 6 1 0 0 0 0 2 10 0 48 6 0 4 1 0 2 1 1 4 0 1 9 0 0 0 0 3 1 1 2 1 0 0 11 4 10 12 5 1 4 1 4 0 1 1 1 0 9 3 1 1 1 0 1 3 0 0 45 7 1 1 0 34 3 0 8 1 10 2 0 10 22 5 2 3 0 2
9471 24341 4324 13652 3125 5132 53 189 10 40 23 1106 0 1 2 3 3 2 1 1 211 78 6 4 5 0 2 7 935 2674 216 35 22 10 0 0 0 5 0 8 337 8 6 0 1 4 4 8 50 0 39 79 228 712 205 207 45 8 0 0 6 18 7 3 0 2 478 1 5 52 22 56 8 3 48 5 37 0 14 12 104 9 555 723 1286 161 8 68 15 3 9 124 88 61 24 49 43 69 28 25 8 1 13 10 1 59 8 2 12 22 53 99 0 0 0 0 0 1 0 0 0 0 0 6 4 0 1 0 0 0 7 0 59 10 0 3 0 0 2 0 0 0 0 2 8 0 1 0 1 1 1 0 3 0 0 1 0 0 2 1 2 3 1 5 6 0 0 0 0 0 1 4 2 1 0 1 1 0 0 0 53 12 1 0 0 50 1 1 1 1 1 0 0 6 15 5 8 1 0 1
9926 4324 17906 752 56 512 228 8501 71 5109 82 13670 0 0 0 1 0 2 1 0 99 41 3 6 9 2 1 0 405 81 16 16 12 2 0 0 2 0 1 2 237 7 8 1 1 2 2 10 43 4 42 76 183 506 203 140 16 9 1 0 1 13 5 0 0 0 183 1 3 48 17 28 6 4 32 5 24 0 11 7 81 7 443 430 819 67 6 45 16 3 10 109 66 39 13 40 96 113 19 14 31 2 214 19 3 89 21 14 32 34 61 169 0 0 0 0 0 0 0 0 0 0 0 2 1 0 1 0 0 0 5 1 63 9 0 4 0 0 0 3 0 0 0 1 7 0 0 0 0 0 1 0 1 2 0 1 1 1 2 2 2 1 1 2 8 0 0 0 0 1 4 1 0 0 0 0 1 0 1 0 45 2 1 0 0 31 4 0 1 1 5 0 1 8 22 3 2 3 0 2
1433 13652 752 12163 4994 8481 24 60 22 81 41 3280 0 0 3 1 1 2 0 1 195 87 6 2 5 5 2 6 366 850 907 35 27 8 1 0 0 1 0 3 196 3 4 1 2 0 2 3 21 0 13 29 81 317 82 103 43 4 0 0 5 12 5 0 0 1 306 2 7 12 10 92 9 3 54 1 89 2 20 2 36 4 214 402 818 148 7 27 4 0 14 40 28 10 10 49 137 47 33 12 54 1 63 27 6 175 36 16 37 57 128 321 0 0 0 0 1 1 0 0 0 0 0 19 8 1 4 0 0 0 32 0 174 15 0 3 0 0 2 2 1 2 0 2 22 0 1 0 0 4 1 0 0 5 1 0 2 3 1 0 3 4 3 7 27 0 0 0 0 0 9 4 1 2 0 1 2 0 0 0 129 9 4 0 0 52 0 0 0 1 10 0 0 22 70 15 18 1 1 2
1626 3125 56 4994 16850 7455 144 133 26 44 39 2401 1 16 19 15 19 9 3 1 211 249 20 8 23 2 1 57 2575 8064 16235 784 255 18 2 0 49 46 5 11 220 2 18 0 2 2 5 3 20 1 22 48 159 608 106 88 1245 20 0 1 14 17 49 6 13 0 666 3 45 31 13 203 29 7 440 1 75 0 42 8 63 3 319 438 871 188 21 32 3 1 15 76 30 26 18 1761 84 131 90 92 4 1 6 5 3 27 5 3 6 7 22 67 0 0 0 0 0 0 0 2 1 3 0 5 2 0 1 2 0 0 6 0 28 7 0 6 0 0 7 4 5 2 4 0 2 2 0 0 0 8 1 0 0 0 0 0 2 1 2 1 2 0 1 2 8 0 1 1 0 0 1 0 1 0 0 0 1 1 1 0 21 11 1 0 0 19 0 0 0 0 1 0 1 1 14 0 3 0 0 0
3323 5132 512 8481 7455 13904 215 375 119 427 404 12666 1 22 24 20 15 11 3 7 741 638 45 14 53 12 4 48 1414 4792 3344 3121 656 20 1 0 21 34 4 7 577 11 10 4 3 5 13 9 41 4 38 57 196 794 172 219 199 21 2 0 7 23 47 9 8 1 855 9 32 32 18 421 40 20 421 6 284 1 73 8 64 3 446 856 2023 528 38 44 13 2 18 107 64 38 16 613 463 241 203 88 120 9 146 79 27 528 74 33 145 159 347 944 0 0 0 0 1 0 1 2 3 2 0 59 19 0 12 0 0 1 82 5 492 53 0 12 0 1 8 6 2 4 3 9 62 1 1 1 2 6 8 1 2 16 0 1 2 2 3 0 21 22 10 20 48 0 1 1 0 0 23 15 7 0 2 0 2 0 2 0 323 14 13 4 1 172 1 1 5 7 30 0 0 60 177 18 45 13 1 6
5249 53 228 24 144 215 4891 7063 1400 1110 170 791 0 6 1 2 2 1 1 0 14 14 0 4 2 0 5 21 2442 340 93 42 16 2 1 0 3 3 0 1 45 4 6 1 6 1 2 3 19 4 30 63 652 1240 272 25 55 4 0 0 1 11 16 4 3 1 55 1 9 13 8 30 4 5 54 0 21 1 10 5 44 8 335 155 130 28 3 38 4 0 7 72 47 22 10 129 182 4490 9 39 20 2 13 8 1 41 14 5 7 13 22 55 0 0 0 0 0 0 0 0 0 0 0 2 1 0 0 1 0 0 4 1 18 3 0 3 0 0 1 0 0 0 1 1 2 0 0 0 1 3 1 0 0 1 0 0 2 0 7 6 0 6 1 2 2 0 0 0 0 0 3 1 1 0 0 0 1 1 0 0 19 3 1 0 0 10 0 1 5 0 2 2 1 3 9 6 5 1 0 0
9462 189 8501 60 133 375 7063 20589 3069 27440 1095 6597 0 3 3 3 2 3 1 0 46 19 7 5 4 0 0 3 935 482 70 38 18 6 0 0 2 4 2 2 266 6 10 0 2 6 3 11 72 6 59 173 630 1155 411 139 51 5 0 0 2 22 7 2 1 2 115 0 3 66 23 51 14 13 46 10 32 3 15 22 194 10 834 610 669 54 5 90 25 7 28 192 129 67 27 66 264 2454 20 22 90 0 41 14 10 99 36 13 45 47 67 148 0 0 0 0 0 0 0 0 0 0 0 3 2 0 0 0 0 0 6 0 61 6 0 1 0 0 1 2 0 2 0 2 6 0 0 0 0 2 0 0 0 4 0 0 4 3 6 7 5 3 1 7 4 0 0 1 0 0 1 0 0 0 1 1 6 3 1 0 38 0 0 0 0 33 3 2 4 1 3 3 2 5 13 12 2 0 0 0
294 10 71 22 26 119 1400 3069 2546 1993 558 722 14 2 0 1 1 0 2 0 71 106 11 2 18 0 1 7 115 42 8 51 30 1 0 0 0 2 2 0 46 0 2 6 99 90 0 2 5 85 3 15 301 130 84 9 6 4 0 0 4 6 3 3 1 23 25 2 5 2 4 181 6 123 57 0 509 15 71 6 12 39 44 34 84 29 20 36 9 29 109 16 9 3 4 50 2508 1998 46 16 7 1 3 2 2 20 4 3 3 4 11 17 0 0 2 0 1 0 0 0 0 0 0 5 2 0 1 0 0 0 1 0 10 2 0 0 0 0 2 0 0 2 1 0 1 0 2 0 0 35 0 1 3 0 0 1 2 1 1 3 0 0 1 0 0 0 0 2 0 2 1 1 0 1 0 3 0 0 9 1 14 5 0 0 0 21 1 1 1 0 1 2 1 0 11 1 1 1 0 0
831 40 5109 81 44 427 1110 27440 1993 27971 14028 28491 1 2 1 0 0 0 0 0 36 36 2 3 4 0 0 5 226 91 24 93 59 1 0 0 1 3 1 1 66 1 0 5 9 7 1 3 17 12 23 44 283 293 170 36 11 7 0 0 0 2 2 0 0 2 43 1 5 18 9 473 1 12 43 1 294 0 19 7 33 5 203 126 164 32 3 28 5 2 12 49 31 14 4 40 3559 1495 14 8 207 4 183 50 15 370 121 52 142 219 318 652 0 0 0 0 0 0 0 0 0 1 0 10 5 0 2 0 0 1 19 1 183 16 0 0 0 0 1 1 0 1 0 6 11 0 0 0 0 9 0 0 1 8 1 2 3 17 0 4 6 13 10 6 17 0 0 1 0 2 12 4 0 1 1 0 5 1 2 0 148 7 7 0 0 48 3 0 6 0 14 4 2 21 116 32 11 2 0 0
109 23 82 41 39 404 170 1095 558 14028 9881 6818 5 1 3 1 3 2 2 0 87 106 6 4 16 1 0 2 65 49 13 119 73 4 0 0 2 5 0 3 59 2 4 1 7 5 4 1 3 6 7 9 98 81 35 16 5 9 0 0 2 4 2 0 0 1 25 0 2 2 2 761 8 9 27 0 341 0 27 2 9 2 41 50 183 55 5 3 1 2 6 12 8 1 4 58 2391 581 41 8 137 6 161 75 14 564 100 53 100 227 504 859 1 0 1 0 1 0 0 0 1 3 0 26 9 0 2 0 0 0 56 3 370 29 0 2 0 0 3 1 0 7 1 5 36 1 3 1 0 11 4 2 1 7 0 3 4 6 1 1 15 14 13 13 35 0 0 0 1 0 24 9 3 1 0 0 11 3 3 1 245 5 10 0 0 93 0 0 0 2 18 0 3 31 194 23 20 4 0 1
1875 1106 13670 3280 2401 12666 791 6597 722 28491 6818 32284 0 14 16 22 15 12 8 9 763 756 51 19 51 13 7 44 764 1597 875 1602 1514 53 2 0 17 23 5 19 645 5 8 5 9 13 15 6 33 8 39 66 298 745 187 163 67 162 0 0 5 19 32 2 7 5 719 15 36 26 12 1804 60 40 615 3 730 5 257 6 64 9 412 789 1999 508 56 36 10 6 12 79 47 32 13 907 3007 947 242 71 404 24 517 210 79 1610 243 149 465 563 1207 2799 0 0 1 0 1 0 0 2 7 3 3 131 44 4 18 0 0 1 198 8 1340 79 1 18 0 0 13 7 1 16 2 20 123 2 4 1 3 21 10 0 1 27 2 2 1 22 3 0 58 40 32 58 97 1 0 2 0 3 75 53 14 3 2 1 2 1 7 0 856 44 34 5 1 402 3 4 3 23 82 1 1 153 568 79 90 25 1 5
0 0 0 0 1 1 0 0 14 1 5 0 5647 1 0 4 2 17 4660 3 1 0 0 5 1 0 0 6 0 1 0 0 1 0 0 0 1 258 1 1 25 2 16 2545 4635 2526 0 30 4 194 4 7 0 1 0 0 0 1 0 0 7 17 22 5 10 2572 1 3 17 2 12 48 196 802 0 3 341 123 356 12 24 36 1 0 3 0 1 72 43 52 112 1 0 3 29 1 87 9 0 0 0 1 0 0 0 2 0 4 0 1 0 5 0 18 309 0 1 13 0 280 13 812 24 0 0 0 1 19 2 17 2 2 1 1 0 2 1 0 16 3 67 5 114 1 1 28 79 9 21 1647 0 7 20 1 5 12 0 1 0 4 0 0 1 1 2 0 72 111 14 228 2 4 6 0 34 132 2 12 288 38 6 12 48 4 21 17 1 10 15 1 0 24 21 3 12 0 1 0 0 1
12 1 0 0 16 22 6 3 2 2 1 14 1 10223 6183 1450 1656 71 202 246 22 31 220 54 12 24 499 1608 167 28 90 3 30 324 3728 3589 2856 260 51 394 478 19 43 5 2 26 1074 3 10 1 0 1 8 44 4 1 145 634 755 749 19 23 221 104 126 0 144 988 168 6 8 14 48 21 1313 1 5 0 5 0 3 0 8 8 13 9 397 0 2 1 10 6 2 4 41 65 4 5 5 192 0 0 0 0 0 1 0 0 0 0 1 1 8 12 1 3 22 37 10 37 341 359 163 2 5 2 15 8 0 27 0 1 1 9 1 37 9 3 192 131 9 25 6 0 6 2 2 0 138 58 0 0 0 1 0 0 0 0 0 0 0 1 0 0 1 0 2 6 2 3 2 1 0 1 0 6 0 0 2 0 10 26 21 0 1 10 0 1 0 2 1 0 1 1 0 0 2 3 0 2
10 2 0 3 19 24 1 3 0 1 3 16 0 6183 16807 16697 2103 445 340 3008 52 106 640 206 23 102 1015 5414 174 32 83 6 23 95 897 97 618 202 260 397 1524 144 109 4 1 49 262 13 61 1 0 1 9 40 15 4 139 376 120 130 117 82 458 175 350 3 121 397 785 23 28 26 44 16 1126 9 9 0 2 1 8 1 16 13 28 18 308 4 10 3 35 31 2 5 84 77 14 11 16 173 2 0 0 0 0 1 0 0 0 0 0 0 11 32 12 3 14 48 11 130 276 492 138 14 13 2 18 23 4 44 1 0 5 28 1 55 16 6 230 146 56 53 22 0 10 7 2 1 101 97 6 0 0 1 1 0 0 1 0 0 1 1 0 0 3 1 8 19 6 2 3 5 1 2 4 12 3 1 3 0 14 37 21 3 2 17 0 0 0 1 0 2 4 4 1 0 3 3 1 0
10 3 1 1 15 20 2 3 1 0 1 22 4 1450 16697 16891 2076 5680 2352 3837 40 65 679 892 55 71 1433 6945 141 29 71 7 72 219 287 16 662 448 888 337 2162 305 279 8 6 82 155 27 126 1 0 0 14 38 25 7 122 434 90 79 332 85 205 256 444 6 113 415 948 26 18 26 102 8 955 34 13 0 5 0 7 0 13 24 27 25 314 8 16 3 78 75 0 25 96 53 16 12 22 122 1 2 0 0 3 1 0 7 0 0 1 2 14 456 258 22 23 290 9 1547 125 3085 242 14 6 1 9 261 3 405 6 5 13 33 6 68 8 6 74 56 998 19 386 2 18 68 5 8 98 479 12 22 14 4 10 1 0 0 0 7 2 4 1 0 49 1 17 209 52 6 6 3 34 7 24 54 11 16 19 1 24 30 9 13 6 24 3 1 4 1 0 11 46 62 9 2 3 4 0 1
6 3 0 1 19 15 2 2 1 0 3 15 2 1656 2103 2076 4297 245 2962 1583 110 301 782 328 101 411 320 386 25 16 15 31 41 82 262 41 1976 2860 60 1314 1203 122 105 21 3 22 492 4 61 2 1 1 10 14 9 5 13 331 72 43 122 17 62 63 47 1 30 162 152 16 6 23 79 30 548 12 5 0 11 0 1 0 15 23 72 28 68 3 12 3 24 25 6 19 38 183 4 2 20 30 1 1 2 0 0 7 0 1 1 5 1 10 76 51 17 6 43 45 18 58 377 507 121 101 61 19 93 55 28 181 7 4 17 144 2 236 97 6 831 397 42 296 16 3 41 15 7 2 208 50 36 2 0 0 1 0 0 5 0 2 4 10 1 3 11 0 1 17 5 1 26 27 8 10 6 6 3 2 4 2 77 211 23 3 0 56 0 1 0 10 10 1 11 17 10 3 31 34 2 11
7 2 2 2 9 11 1 3 0 0 2 12 17 71 445 5680 245 20102 6466 741 16 88 161 2486 70 48 593 2693 57 4 17 4 108 98 28 3 165 989 3360 152 1430 605 2184 124 23 756 78 124 185 7 1 3 7 23 20 9 43 114 14 14 4632 304 430 1897 1863 72 83 122 2339 40 70 60 605 16 281 150 10 1 18 1 33 1 17 32 30 40 119 13 28 10 222 92 5 56 283 64 10 3 34 49 1 10 0 1 7 1 1 16 0 0 1 4 12 244 779 12 27 125 8 1234 38 1912 38 13 4 12 10 643 10 370 16 13 8 69 2 71 6 3 48 35 1346 30 1624 5 26 373 104 23 58 3785 12 34 33 10 20 11 1 3 2 11 3 2 2 1 65 2 247 1221 100 74 3 18 64 15 63 330 17 14 102 21 30 85 36 26 28 48 3 4 14 2 1 20 105 96 35 10 8 4 1 3
6 1 1 0 3 3 1 1 2 0 2 8 4660 202 340 2352 2962 6466 45779 9549 16 70 225 1910 59 173 1805 1185 18 3 4 5 82 34 315 7 251 17080 268 800 796 209 840 6263 310 8818 120 31 86 21 2 2 5 9 7 2 19 33 19 7 255 52 247 1284 643 1570 44 74 205 28 21 62 4931 2899 69 47 75 49 229 1 17 1 9 12 16 28 70 28 40 25 216 45 3 23 157 18 26 8 13 14 5 10 1 0 14 6 4 85 1 8 2 15 118 1261 3792 102 86 1248 96 5698 1990 21636 2173 44 31 23 66 1253 57 1612 18 22 25 193 27 339 132 21 1087 419 2965 240 1962 6 41 413 309 162 1468 6819 34 81 38 12 21 16 3 3 1 20 4 5 19 8 149 6 213 1292 166 435 17 36 140 36 110 349 35 33 201 21 107 302 487 40 45 203 9 8 26 13 3 36 211 194 113 31 14 17 10 6
0 1 0 1 1 7 0 0 0 0 0 9 3 246 3008 3837 1583 741 9549 1856 29 89 348 423 52 254 973 173 9 6 1 6 31 42 299 4 173 1180 61 906 781 103 148 42 3 31 105 9 66 1 0 2 2 6 2 4 5 39 6 4 223 14 30 62 33 2 18 31 148 17 12 21 212 31 61 19 1 1 5 0 5 1 1 5 19 15 26 5 7 6 33 43 5 14 39 20 4 0 16 10 0 1 0 0 2 0 0 1 0 3 2 3 37 202 116 16 16 201 18 331 298 1996 287 25 11 9 29 111 20 306 2 2 6 25 1 64 39 10 348 135 276 119 78 1 10 28 23 8 237 95 10 7 0 1 4 2 0 1 0 1 2 4 0 0 16 2 1 70 9 8 6 21 7 3 5 20 4 5 8 1 29 64 17 5 2 21 0 1 3 4 2 2 18 19 4 0 9 3 1 4
154 211 99 195 211 741 14 46 71 36 87 763 1 22 52 40 110 16 16 29 10798 7760 2110 312 72 146 13 9 100 121 123 214 345 117 1 1 60 171 2 104 1595 18 21 1 2 6 21 1 20 4 0 1 28 21 17 2518 48 72 2 4 14 8 10 4 2 1 21 14 4 4 1 476 342 53 359 4 193 2 150 1 4 1 68 44 4130 124 36 10 3 1 15 21 0 9 20 520 321 59 166 43 1 1 6 0 4 22 5 5 2 9 33 62 0 1 0 0 7 1 3 2 28 15 10 49 24 6 13 2 1 10 12 0 57 56 1 45 4 0 87 54 0 36 1 2 44 1 0 1 14 4 16 0 0 2 1 0 0 2 0 0 4 6 2 2 16 2 0 2 0 0 17 7 2 4 0 0 1 0 1 1 109 114 27 1 1 161 2 1 1 5 3 0 0 12 44 3 28 10 2 9
104 78 41 87 249 638 14 19 106 36 106 756 0 31 106 65 301 88 70 89 7760 29658 5755 728 4503 3078 100 25 175 179 115 408 834 323 13 0 159 737 14 3041 1222 265 361 24 9 62 417 26 331 12 16 12 42 127 25 43 77 145 9 10 138 90 64 33 6 4 258 102 62 88 47 1045 1198 171 657 86 481 4 404 1 61 4 80 318 6128 1607 603 42 41 17 207 264 28 151 285 948 729 155 2848 84 11 3 10 9 3 58 5 9 4 16 46 115 7 7 1 4 29 7 8 9 168 82 31 145 69 13 69 11 5 30 31 3 97 207 6 217 14 2 407 293 5 138 7 9 87 5 8 0 72 21 36 0 3 9 3 0 3 10 1 1 16 15 2 6 48 4 2 10 2 1 35 33 6 13 5 7 11 3 11 2 301 367 76 7 3 454 1 3 5 17 25 5 12 27 86 8 55 29 0 15
4 6 3 6 20 45 0 7 11 2 6 51 0 220 640 679 782 161 225 348 2110 5755 15328 7876 422 6975 523 111 27 11 11 18 194 170 29 5 368 692 33 2400 7890 2698 583 13 5 62 144 17 443 3 0 5 6 30 18 24 19 57 13 12 125 29 19 53 19 1 73 67 57 35 19 233 447 39 120 49 36 0 74 0 20 1 21 68 345 135 107 27 32 10 149 181 14 65 174 70 65 7 140 12 2 0 2 2 3 4 2 1 0 0 1 13 4 4 2 0 12 6 5 18 88 69 23 30 11 1 25 11 3 19 2 1 17 51 0 60 9 3 169 88 3 58 9 1 16 2 1 0 34 16 7 1 1 2 1 0 0 2 0 1 5 0 1 1 4 0 2 6 3 1 9 4 3 2 3 5 1 1 9 1 46 90 17 1 4 60 0 0 2 3 7 3 4 10 11 0 7 7 1 5
6 4 6 2 8 14 4 5 2 3 4 19 5 54 206 892 328 2486 1910 423 312 728 7876 6707 484 4569 3962 347 75 4 30 3 38 70 143 10 133 296 114 3436 1870 5306 2459 16 3 411 731 19 673 4 3 4 18 74 16 10 78 67 98 31 916 63 78 851 75 5 261 460 185 51 21 46 155 11 221 92 12 0 13 0 45 0 29 69 97 143 479 38 39 14 223 214 20 115 390 31 18 11 131 88 0 0 0 0 1 3 0 0 0 0 0 1 2 17 16 0 3 24 2 179 84 264 49 8 5 1 3 36 1 32 2 0 3 12 0 22 1 0 71 34 92 8 106 0 10 9 4 0 27 278 0 5 5 1 3 1 0 0 0 1 0 0 0 1 2 0 20 62 6 3 3 1 4 2 7 32 5 6 18 2 17 28 10 1 4 13 2 2 4 1 2 8 13 3 3 0 1 1 0 0
24 5 9 5 23 53 2 4 18 4 16 51 1 12 23 55 101 70 59 52 72 4503 422 484 9479 678 191 33 69 17 12 46 216 126 10 2 75 245 10 3863 271 154 471 7 2 67 2855 29 178 3 9 12 45 181 21 17 38 35 19 6 105 108 213 98 16 1 493 419 75 97 40 370 465 86 99 49 84 2 149 1 59 1 85 319 547 1019 4146 43 30 12 166 139 24 87 361 91 114 27 1958 164 2 0 3 1 3 9 2 1 0 0 5 14 0 3 3 0 0 4 1 5 36 29 8 46 16 1 18 2 1 9 8 0 29 59 0 47 1 1 84 55 3 32 9 2 31 3 0 0 15 27 12 1 2 3 0 0 0 0 2 3 6 3 0 0 7 0 2 2 3 1 8 5 1 4 6 5 3 1 7 2 88 132 26 1 4 139 0 1 2 2 7 5 4 4 13 0 18 6 0 8
2 0 2 5 2 12 0 0 0 0 1 13 0 24 102 71 411 48 173 254 146 3078 6975 4569 678 4225 730 23 15 2 3 3 55 26 39 1 94 600 4 5008 1442 438 295 8 0 18 59 2 142 3 2 4 4 25 6 6 6 7 4 2 42 25 11 40 6 0 46 31 17 25 12 49 231 26 21 29 2 0 14 0 14 0 14 47 123 91 65 18 10 7 77 64 6 44 90 9 8 1 102 1 0 1 1 0 0 1 0 0 0 0 0 0 6 4 1 0 6 9 5 5 136 106 37 17 8 1 16 4 1 17 1 0 4 22 0 46 5 1 144 91 1 32 2 0 12 2 0 0 43 13 4 1 1 0 0 0 0 0 0 1 4 1 0 0 2 0 1 4 1 0 4 3 1 0 1 3 2 0 2 1 26 68 15 1 1 29 1 0 1 1 1 3 0 5 1 0 2 3 2 2
7 2 1 2 1 4 5 0 1 0 0 7 0 499 1015 1433 320 593 1805 973 13 100 523 3962 191 730 21736 8765 150 9 41 3 43 90 1568 49 254 248 24 3461 250 142 793 5 0 80 672 8 54 0 1 0 12 88 14 3 126 267 299 124 141 41 302 1312 209 2 304 978 61 37 10 17 87 4 491 29 5 0 5 0 10 0 19 32 45 69 586 1 10 3 44 25 7 22 235 13 0 6 62 148 0 0 0 0 1 0 0 0 0 0 0 1 4 72 35 5 8 86 7 514 178 955 190 5 3 0 2 28 0 68 0 1 0 10 0 26 7 1 87 57 188 15 83 1 5 9 2 0 65 180 1 7 2 1 0 3 0 0 0 1 0 0 0 0 9 0 7 44 13 5 0 0 7 1 4 10 1 4 11 0 4 16 10 1 3 7 0 0 2 0 0 2 9 7 1 0 1 1 0 0
20 7 0 6 57 48 21 3 7 5 2 44 6 1608 5414 6945 386 2693 1185 173 9 25 111 347 33 23 8765 18370 541 65 228 18 41 261 523 46 689 150 3108 190 246 37 243 7 0 219 310 30 15 2 1 5 47 163 17 8 503 922 357 310 575 94 459 1002 1128 4 622 1385 1379 18 25 15 44 4 2230 14 15 0 4 0 9 0 39 43 31 27 979 5 5 2 29 12 6 4 89 127 26 39 29 446 3 1 0 0 3 2 0 2 0 0 3 2 2 137 123 5 10 103 4 1094 59 1128 38 6 6 4 3 175 2 175 4 1 4 14 5 31 2 1 52 40 676 21 558 1 8 70 3 3 24 1110 6 19 5 5 4 1 0 0 0 3 0 1 0 0 22 0 80 289 30 12 5 3 19 4 24 88 9 8 17 5 10 14 7 2 3 7 1 2 2 1 0 4 33 37 7 0 2 1 0 2
6626 935 405 366 2575 1414 2442 935 115 226 65 764 0 167 174 141 25 57 18 9 100 175 27 75 69 15 150 541 38678 9087 3093 254 196 55 33 6 41 45 53 77 142 22 193 1 4 41 51 36 48 4 82 160 2632 14498 736 65 4034 103 2 4 36 163 790 133 129 1 4497 32 296 87 54 283 131 34 1662 17 89 1 94 19 138 11 1055 1618 341 173 188 62 22 8 36 173 121 71 209 1906 118 5424 531 1684 15 2 10 5 3 33 8 4 10 6 22 62 0 1 1 0 2 1 0 4 1 5 1 19 10 0 9 1 2 2 7 1 38 25 0 23 0 0 6 5 4 12 9 1 22 5 3 0 0 25 7 0 2 4 0 2 7 5 9 6 4 4 0 3 7 0 2 9 0 0 11 5 1 2 2 7 4 2 3 0 55 31 6 2 3 118 2 1 4 4 3 3 1 9 27 1 12 7 0 1
10223 2674 81 850 8064 4792 340 482 42 91 49 1597 1 28 32 29 16 4 3 6 121 179 11 4 17 2 9 65 9087 26240 2671 562 130 12 4 1 21 16 6 8 168 7 18 1 0 3 4 13 37 0 40 85 315 1114 169 89 3479 17 0 2 9 33 59 15 11 2 1215 3 57 35 18 110 23 8 439 3 52 0 18 9 81 6 422 375 547 133 24 47 2 3 11 78 55 37 25 1544 58 383 54 81 11 1 10 4 1 24 6 3 6 8 26 70 0 0 0 0 0 1 1 0 0 1 1 5 3 0 2 1 0 0 4 0 24 8 0 5 0 0 0 4 0 1 4 0 5 0 0 0 0 6 0 1 1 1 0 1 3 1 3 3 2 0 1 0 2 0 1 0 0 0 5 0 0 0 1 1 1 4 0 0 32 4 0 1 0 16 2 1 1 0 0 0 1 3 10 0 0 1 0 0
354 216 16 907 16235 3344 93 70 8 24 13 875 0 90 83 71 15 17 4 1 123 115 11 30 12 3 41 228 3093 2671 14053 345 130 23 23 3 31 33 22 12 167 7 49 0 0 12 14 11 16 0 20 35 207 844 112 66 6571 58 6 0 7 55 198 42 53 0 2507 8 158 34 18 80 21 8 3387 5 26 0 17 6 58 5 275 441 553 255 51 25 9 4 13 56 33 22 55 5948 31 140 476 4179 4 0 2 1 0 8 1 0 2 2 7 9 0 0 1 0 0 1 0 1 3 4 0 6 1 1 1 1 0 0 3 0 7 4 0 2 0 0 3 1 4 1 3 0 0 1 1 0 1 8 1 0 1 0 0 0 3 1 1 0 1 0 0 1 4 0 0 3 0 0 0 0 0 2 2 2 1 1 1 0 11 10 4 0 0 20 1 0 0 0 0 0 0 5 1 0 0 0 0 0
330 35 16 35 784 3121 42 38 51 93 119 1602 0 3 6 7 31 4 5 6 214 408 18 3 46 3 3 18 254 562 345 6048 5841 885 0 1 33 78 1 13 224 1 8 1 3 2 15 4 8 2 4 16 41 167 51 50 35 2705 4 16 5 9 9 5 2 1 168 30 18 8 4 1527 90 10 1905 2 177 1 224 2 28 1 105 169 522 173 46 8 4 2 2 20 19 11 3 3963 280 87 110 25 15 1 28 16 3 136 15 6 17 35 101 242 0 0 0 0 0 0 0 0 5 1 0 24 8 0 7 0 0 2 21 0 155 30 0 6 0 0 10 8 0 4 0 5 27 2 0 0 2 9 3 0 1 2 0 0 0 2 1 1 3 4 2 5 6 0 0 1 1 0 10 8 0 2 0 1 5 1 2 0 98 15 12 1 0 74 0 0 0 2 3 1 1 14 55 8 16 4 0 0
78 22 12 27 255 656 16 18 30 59 73 1514 1 30 23 72 41 108 82 31 345 834 194 38 216 55 43 41 196 130 130 5841 3855 4583 16 3 161 1215 15 166 370 21 51 0 3 8 262 1 22 1 11 36 88 192 58 29 50 3696 93 239 32 12 17 20 15 4 203 569 52 21 4 1963 882 14 3959 10 167 1 271 3 36 2 159 221 511 192 454 12 1 0 14 34 28 9 12 2151 215 53 189 102 12 2 5 11 6 81 6 4 8 19 42 138 1 1 1 0 4 4 1 14 16 21 3 64 33 4 28 5 0 10 24 0 107 82 0 64 0 2 69 42 5 47 3 3 47 4 3 1 9 26 22 0 1 5 0 0 3 6 0 2 13 6 1 3 21 1 4 7 0 0 15 15 8 9 4 5 9 0 4 0 145 112 13 3 1 153 0 1 0 7 8 0 5 29 46 4 28 13 0 8
18 10 2 8 18 20 2 6 1 1 4 53 0 324 95 219 82 98 34 42 117 323 170 70 126 26 90 261 55 12 23 885 4583 8054 254 161 1254 1195 19 206 249 17 60 0 1 11 674 1 17 0 6 10 36 81 40 18 23 8515 614 3045 53 14 79 54 31 2 64 2462 54 10 4 192 304 5 4013 2 3 0 23 3 15 1 79 85 167 74 482 6 3 0 7 17 9 6 36 243 7 3 101 108 0 1 2 1 2 5 1 0 0 2 2 8 1 0 2 0 2 2 0 7 8 15 2 47 27 2 15 6 1 1 1 2 20 89 2 52 2 1 61 26 1 37 3 5 30 0 2 0 5 11 17 0 0 6 0 0 3 2 1 1 3 7 0 1 14 0 1 1 0 0 8 5 5 5 0 3 4 0 1 0 81 104 5 2 1 94 0 0 0 8 7 1 1 8 5 1 20 3 0 3
1 0 0 1 2 1 1 0 0 0 0 2 0 3728 897 287 262 28 315 299 1 13 29 143 10 39 1568 523 33 4 23 0 16 254 2543 2247 1322 194 10 1816 57 3 105 4 1 11 1545 0 3 0 0 0 3 8 1 0 37 295 1230 729 14 19 102 139 35 0 39 689 27 2 3 9 37 17 280 2 0 0 1 0 3 0 2 1 4 3 150 3 1 0 13 4 1 3 54 4 0 3 6 30 0 0 0 0 0 0 0 0 0 0 0 2 5 6 4 5 11 33 5 65 232 363 147 5 1 4 9 8 0 17 0 0 0 10 0 12 12 4 139 79 8 12 5 0 1 1 3 0 81 27 1 0 0 0 0 0 0 0 0 0 0 0 0 1 1 0 0 7 0 1 2 1 0 0 1 2 1 0 1 0 6 10 24 0 0 3 0 0 1 0 1 1 1 0 0 0 2 2 1 0
0 0 0 0 0 0 0 0 0 0 0 0 0 3589 97 16 41 3 7 4 1 0 5 10 2 1 49 46 6 1 3 1 3 161 2247 2277 1169 32 3 115 5 2 16 0 0 0 1141 1 0 0 0 0 0 1 0 0 1 82 1978 1152 2 2 14 20 6 0 5 383 4 0 0 0 6 0 71 1 0 0 1 0 0 0 0 0 1 0 23 0 0 0 0 0 0 0 5 2 0 0 0 3 0 0 0 0 0 0 0 0 0 0 0 0 0 0 0 1 0 0 0 1 3 5 3 1 0 0 0 0 0 0 0 0 0 1 0 0 0 0 3 2 0 0 0 0 1 0 0 0 2 1 0 0 0 0 0 0 0 0 0 0 0 0 0 0 0 0 0 0 0 0 0 0 0 0 0 0 0 0 0 0 1 0 1 0 0 0 0 0 0 0 0 0 0 0 0 0 0 0 0 0
2 0 2 0 49 21 3 2 0 1 2 17 1 2856 618 662 1976 165 251 173 60 159 368 133 75 94 254 689 41 21 31 33 161 1254 1322 1169 2097 2062 37 491 486 41 92 2 0 10 1435 2 13 0 2 3 3 13 6 2 23 1654 1092 786 82 19 113 80 69 2 26 1209 87 7 3 49 70 6 1310 5 5 0 13 0 4 0 20 14 45 34 211 1 1 3 14 8 3 6 39 186 6 3 25 44 1 0 0 0 0 7 0 1 0 1 0 5 8 7 3 1 9 6 1 15 56 53 10 45 19 6 29 5 1 14 3 1 11 67 1 68 7 0 141 79 7 54 9 3 23 2 0 0 16 25 9 0 2 0 1 0 1 3 0 0 6 4 0 1 10 3 1 3 2 2 13 11 3 4 2 3 3 3 3 0 60 96 5 5 0 65 0 1 1 7 7 2 4 6 1 2 15 4 0 6
9 5 0 1 46 34 3 4 2 3 5 23 258 260 202 448 2860 989 17080 1180 171 737 692 296 245 600 248 150 45 16 33 78 1215 1195 194 32 2062 12495 36 1818 745 92 278 3673 50 439 870 27 66 2 2 7 23 51 20 9 12 1095 179 156 194 37 60 88 51 152 96 547 109 16 12 254 5069 1051 1303 40 18 55 67 1 12 0 50 70 179 120 239 23 17 5 87 29 8 10 96 394 21 7 98 56 4 4 2 5 6 16 2 4 0 3 6 39 157 134 127 21 123 145 50 334 1602 2017 566 309 179 50 276 141 73 421 31 10 60 481 15 730 226 47 2929 1271 119 797 75 8 159 43 39 4 827 666 67 10 8 6 2 4 3 9 0 2 18 23 3 3 54 18 32 119 14 45 69 92 19 42 23 66 8 4 113 15 337 730 200 18 10 308 0 0 5 49 21 6 35 36 21 5 88 75 17 44
3 0 1 0 5 4 0 2 2 1 0 5 1 51 260 888 60 3360 268 61 2 14 33 114 10 4 24 3108 53 6 22 1 15 19 10 3 37 36 12346 15 238 131 540 3 3 107 20 167 34 1 2 1 3 15 5 0 43 97 17 8 6512 408 500 368 3700 6 46 84 10619 30 134 4 25 0 241 357 4 0 1 0 25 0 8 9 12 7 87 7 14 2 104 22 2 8 157 34 2 7 6 37 0 0 0 0 2 1 0 0 0 0 1 1 3 29 56 4 1 17 0 237 1 223 4 2 0 0 1 85 0 41 0 1 1 9 1 9 1 0 9 5 200 6 277 1 2 34 12 2 2 728 1 9 12 2 2 5 0 0 0 4 1 1 0 0 9 0 55 178 7 4 0 0 8 2 24 88 4 5 67 12 9 9 3 3 10 10 3 0 2 1 0 4 15 13 2 0 2 1 0 0
5 8 2 3 11 7 1 2 0 1 3 19 1 394 397 337 1314 152 800 906 104 3041 2400 3436 3863 5008 3461 190 77 8 12 13 166 206 1816 115 491 1818 15 6496 855 337 681 32 2 59 3353 19 179 3 4 2 16 90 8 3 55 123 227 105 96 46 83 329 25 2 267 767 57 39 14 116 746 77 261 38 3 1 62 0 25 0 33 128 171 313 823 27 17 6 109 90 12 69 220 45 14 2 338 107 1 0 0 2 0 1 0 0 0 1 1 6 29 14 9 3 47 74 28 82 735 774 298 48 28 6 52 33 8 75 7 1 17 97 3 152 47 22 621 388 12 110 15 3 26 4 4 1 229 77 21 1 8 2 0 1 0 2 0 1 2 4 0 3 7 1 2 13 5 3 11 8 3 3 1 1 2 0 9 1 70 152 64 0 1 67 0 0 1 7 8 3 6 2 6 1 15 11 3 7
504 337 237 196 220 577 45 266 46 66 59 645 25 478 1524 2162 1203 1430 796 781 1595 1222 7890 1870 271 1442 250 246 142 168 167 224 370 249 57 5 486 745 238 855 9620 4065 1117 59 44 595 115 308 3490 52 55 34 43 108 1280 993 87 229 25 22 1252 245 71 83 55 15 154 108 560 308 189 417 437 54 694 505 227 1 152 3 292 24 739 459 1074 224 150 571 521 179 1553 2487 175 866 779 438 291 58 129 124 5 4 4 7 1 30 3 7 4 8 31 81 6 7 5 0 7 8 3 32 68 105 23 58 45 5 15 8 1 16 14 2 58 61 2 76 14 1 128 65 22 43 27 5 46 12 12 2 25 143 23 26 32 2 3 10 3 4 5 28 8 6 3 0 10 3 9 24 14 4 16 7 10 5 26 37 13 42 113 13 141 95 36 2 15 273 20 11 96 5 9 62 24 13 68 5 27 12 2 12
5 8 7 3 2 11 4 6 0 1 2 5 2 19 144 305 122 605 209 103 18 265 2698 5306 154 438 142 37 22 7 7 1 21 17 3 2 41 92 131 337 4065 9150 3212 32 8 429 81 38 4240 4 8 6 4 19 42 14 12 27 8 2 731 79 14 43 39 4 65 48 277 80 25 17 71 6 71 116 1 0 10 0 75 1 19 28 42 53 68 49 77 26 527 422 42 279 705 15 5 5 53 9 0 0 0 0 2 0 0 0 0 0 1 1 0 1 1 0 2 1 2 16 15 20 3 2 1 0 1 5 0 1 1 0 1 9 0 7 0 0 8 7 12 1 13 0 3 4 11 0 3 67 0 5 8 0 1 6 0 0 0 2 0 0 0 0 0 0 12 30 5 1 0 0 0 0 13 23 2 1 39 4 7 10 2 1 10 3 2 4 11 1 0 10 9 2 2 0 0 1 0 0
18 6 8 4 18 10 6 10 2 0 4 8 16 43 109 279 105 2184 840 148 21 361 583 2459 471 295 793 243 193 18 49 8 51 60 105 16 92 278 540 681 1117 3212 4679 117 51 2160 557 98 2542 16 13 9 26 148 30 23 152 131 100 29 3414 187 880 4807 1447 22 506 564 1428 300 58 34 299 22 344 424 9 2 36 0 90 1 48 108 111 211 536 60 109 69 2102 378 61 480 3014 64 7 6 203 133 1 0 1 0 0 0 0 6 0 0 0 1 1 15 27 1 2 16 1 119 29 123 17 3 0 0 4 35 1 29 5 5 3 18 1 18 5 1 44 26 88 6 174 1 1 51 47 0 19 855 5 21 25 3 8 13 0 0 1 3 0 1 1 1 8 0 72 198 36 14 2 7 9 1 71 235 12 14 272 40 17 24 6 7 28 16 5 5 25 3 1 30 42 10 8 2 2 1 0 1
1 0 1 1 0 4 1 0 6 5 1 5 2545 5 4 8 21 124 6263 42 1 24 13 16 7 8 5 7 1 1 0 1 0 0 4 0 2 3673 3 32 59 32 117 9712 2109 1248 11 51 29 532 4 41 1 0 6 1 1 0 0 0 20 39 68 18 12 644 7 2 49 13 25 167 1762 3195 0 29 630 2669 2634 42 42 173 1 4 7 3 6 129 53 104 339 13 1 10 90 5 40 5 3 2 0 3 0 0 1 7 2 4 2 3 2 7 28 48 140 4 27 80 10 255 573 1360 248 80 40 14 47 39 17 85 4 3 17 125 4 154 28 6 742 343 51 135 61 2 32 40 59 6 349 799 21 15 23 6 3 17 1 3 2 5 1 3 0 2 7 1 35 119 28 82 14 12 5 4 60 104 8 11 253 50 101 240 192 3 37 111 5 12 20 7 4 30 32 5 16 2 15 16 2 7
1 1 1 2 2 3 6 2 99 9 7 9 4635 2 1 6 3 23 310 3 2 9 5 3 2 0 0 0 4 0 0 3 3 1 1 0 0 50 3 2 44 8 51 2109 9452 3197 2 63 17 4894 11 38 13 3 5 1 1 0 0 0 25 52 64 18 41 2472 3 2 67 26 45 170 109 518 13 22 2838 1123 1220 56 176 476 8 5 5 6 6 1063 364 1691 1231 9 2 9 96 7 647 57 3 0 1 1 1 3 2 4 0 10 0 2 4 7 1 4 14 2 1 2 0 21 3 19 1 5 5 1 3 4 1 2 6 3 7 4 0 7 0 1 8 5 21 11 45 7 7 61 218 3 7 1361 5 67 126 8 10 100 6 1 20 52 0 0 1 0 2 0 86 150 66 268 3 7 3 4 228 291 14 94 1610 209 28 28 15 7 135 37 24 197 185 2 0 289 88 6 23 1 4 2 1 2
9 4 2 0 2 5 1 6 90 7 5 13 2526 26 49 82 22 756 8818 31 6 62 62 411 67 18 80 219 41 3 12 2 8 11 11 0 10 439 107 59 595 429 2160 1248 3197 6246 43 459 197 317 8 2 16 20 24 2 16 20 3 6 1182 353 599 592 1110 2609 80 55 731 117 159 59 407 184 62 884 637 108 399 7 69 52 19 22 23 30 69 231 217 172 4753 113 9 52 564 9 501 47 36 20 2 7 3 0 10 7 1 22 1 3 3 8 12 38 697 13 20 29 8 413 50 421 22 6 5 1 8 335 10 115 29 35 13 58 7 67 5 6 78 31 458 43 1628 8 10 494 789 31 97 9810 23 65 81 8 28 118 3 3 1 21 0 3 9 3 23 6 655 1780 154 629 15 45 75 38 245 1551 20 75 1579 195 49 137 55 39 172 94 15 45 84 12 2 127 176 72 41 7 5 6 9 1
5 4 2 2 5 13 2 3 0 1 4 15 0 1074 262 155 492 78 120 105 21 417 144 731 2855 59 672 310 51 4 14 15 262 674 1545 1141 1435 870 20 3353 115 81 557 11 2 43 6868 14 48 1 3 4 9 47 4 9 34 332 1233 618 92 65 291 334 61 1 194 1907 98 32 14 196 587 39 428 14 14 1 76 0 17 0 30 102 127 292 1083 6 16 1 46 27 5 37 251 54 12 9 339 85 0 0 0 0 1 1 0 1 0 0 3 7 5 3 2 2 18 15 6 21 148 125 45 14 16 5 19 6 2 18 1 0 4 42 2 46 4 4 168 116 3 29 9 2 11 4 1 0 63 25 4 1 1 1 0 1 0 1 0 0 2 0 0 0 5 0 5 12 1 1 7 5 3 0 2 6 1 2 6 0 37 67 19 2 1 44 0 0 1 6 2 2 5 1 2 0 7 2 0 1
19 8 10 3 3 9 3 11 2 3 1 6 30 3 13 27 4 124 31 9 1 26 17 19 29 2 8 30 36 13 11 4 1 1 0 1 2 27 167 19 308 38 98 51 63 459 14 23097 183 97 2 11 3 15 7 11 17 24 3 0 1137 14181 2413 21 93 16 48 19 6758 829 3221 7 39 8 61 9257 15 1 12 2 542 34 20 38 16 18 26 1050 4200 308 3704 147 21 87 859 14 3 3 11 14 2 0 1 2 0 2 0 9 0 0 0 0 1 5 6 2 0 5 0 14 2 10 1 3 5 1 9 4 0 5 4 4 3 2 0 6 1 0 5 2 16 17 12 4 7 63 89 4 7 204 4 308 574 4 37 237 6 2 12 80 3 0 2 1 1 0 24 165 163 17 9 23 5 5 372 128 77 271 1112 154 9 20 17 9 231 27 91 142 452 5 2 850 311 3 15 4 5 2 7 2
77 50 43 21 20 41 19 72 5 17 3 33 4 10 61 126 61 185 86 66 20 331 443 673 178 142 54 15 48 37 16 8 22 17 3 0 13 66 34 179 3490 4240 2542 29 17 197 48 183 15880 21 76 23 15 44 91 59 17 11 3 1 333 272 23 35 12 11 112 27 147 461 102 23 51 11 39 273 10 1 11 1 269 4 111 174 126 129 64 217 312 112 927 5810 325 6343 4324 27 10 10 80 23 0 1 1 1 1 0 0 0 0 0 2 0 1 1 2 0 0 1 0 10 6 22 2 1 3 2 1 1 1 1 1 0 3 4 0 3 0 0 9 5 2 1 8 0 3 7 12 0 4 49 0 15 44 3 2 11 0 0 2 12 0 0 0 0 1 0 3 25 19 1 2 1 0 0 37 27 3 14 95 22 7 8 4 0 20 9 5 12 30 1 0 56 12 0 1 0 1 3 0 0
7 0 4 0 1 4 4 6 85 12 6 8 194 1 1 1 2 7 21 1 4 12 3 4 3 3 0 2 4 0 0 2 1 0 0 0 0 2 1 3 52 4 16 532 4894 317 1 97 21 11807 155 1293 14 2 26 0 2 2 0 0 12 89 44 1 3 1353 6 0 62 50 65 79 25 1027 9 59 2337 629 539 1232 571 5532 14 6 7 7 5 4004 771 3569 1111 39 8 14 79 5 630 42 1 3 2 1 0 1 3 5 0 8 2 1 0 6 0 1 2 0 1 0 0 4 0 6 0 1 5 0 6 3 1 3 2 3 4 4 0 1 0 1 4 1 6 15 4 5 5 51 157 1 4 220 3 159 409 9 11 180 87 13 138 186 1 0 0 0 1 1 19 104 83 75 7 12 6 2 239 85 88 220 1686 167 9 11 13 7 182 45 107 452 871 1 2 1128 189 1 20 4 3 5 2 0
106 39 42 13 22 38 30 59 3 23 7 39 4 0 0 0 1 1 2 0 0 16 0 3 9 2 1 1 82 40 20 4 11 6 0 0 2 2 2 4 55 8 13 4 11 8 3 2 76 155 16832 19366 76 99 1067 38 17 6 0 0 1 11 6 2 1 77 39 2 3 256 23 21 8 82 22 1 43 6 15 1541 2004 405 597 205 52 27 12 312 20 4 4 5164 6648 80 43 17 7 12 21 11 1 1 1 0 1 3 2 1 0 0 1 3 0 0 0 0 0 0 0 0 0 1 1 2 1 0 0 0 0 0 2 0 1 7 0 5 0 0 1 2 1 0 1 3 3 0 1 0 0 1 3 3 7 1 1 4 882 200 1211 579 7 2 0 0 1 0 0 1 0 12 3 1 0 0 2 0 145 44 21 2 12 9 23 0 2 32 96 32 206 0 6 26 8 2 10 0 1 3 0 1
253 79 76 29 48 57 63 173 15 44 9 66 7 1 1 0 1 3 2 2 1 12 5 4 12 4 0 5 160 85 35 16 36 10 0 0 3 7 1 2 34 6 9 41 38 2 4 11 23 1293 19366 26799 124 178 1493 34 26 16 0 0 0 26 11 3 0 534 75 4 7 126 52 44 26 532 66 4 230 75 57 11388 5087 2495 823 332 59 48 19 925 43 50 39 2018 4267 35 39 39 64 32 32 36 17 0 6 1 0 1 4 9 2 2 3 5 0 0 0 0 0 0 0 0 1 2 0 8 3 0 4 0 0 0 8 1 8 11 0 2 0 0 4 1 1 1 0 2 7 7 6 1 0 8 2 22 32 9 1 26 2891 888 4850 1267 30 13 1 5 6 0 1 5 12 41 17 2 1 1 10 3 430 186 104 8 21 15 60 2 10 97 423 132 837 1 20 88 54 4 27 2 3 1 0 0
751 228 183 81 159 196 652 630 301 283 98 298 0 8 9 14 10 7 5 2 28 42 6 18 45 4 12 47 2632 315 207 41 88 36 3 0 3 23 3 16 43 4 26 1 13 16 9 3 15 14 76 124 17582 9028 13312 24 210 43 0 1 10 23 88 18 13 13 381 11 26 20 8 153 46 41 240 5 126 4 80 17 68 7 3547 445 109 93 78 32 4 7 28 110 52 8 48 164 314 4506 146 251 4 1 1 3 3 19 7 1 0 4 9 30 0 0 0 0 0 0 0 0 2 2 0 26 10 1 3 1 1 1 6 0 18 34 2 23 0 0 12 2 0 9 0 1 19 0 1 0 3 3 9 0 1 3 0 1 2 3 4 5 10 4 1 1 4 0 2 0 0 0 17 4 1 4 0 1 0 2 2 0 77 46 8 2 0 98 0 0 2 4 4 2 1 4 16 1 16 6 0 4
1976 712 506 317 608 794 1240 1155 130 293 81 745 1 44 40 38 14 23 9 6 21 127 30 74 181 25 88 163 14498 1114 844 167 192 81 8 1 13 51 15 90 108 19 148 0 3 20 47 15 44 2 99 178 9028 17573 1466 20 970 100 2 7 34 78 390 69 43 5 2824 32 102 55 24 314 150 52 741 11 118 1 169 17 117 11 3150 6132 157 527 250 45 11 10 54 136 99 31 165 615 188 4384 823 1210 8 2 6 8 2 31 7 3 4 7 18 67 1 0 2 0 3 0 0 3 4 6 1 47 15 2 11 1 0 1 16 0 51 55 1 41 1 0 17 11 3 24 2 7 36 1 1 0 1 14 20 2 0 5 1 0 7 5 9 7 8 8 0 4 13 0 3 2 0 1 21 10 3 4 1 1 2 2 1 0 148 80 17 1 0 290 0 2 3 2 16 4 0 18 28 1 22 8 2 4
576 205 203 82 106 172 272 411 84 170 35 187 0 4 15 25 9 20 7 2 17 25 18 16 21 6 14 17 736 169 112 51 58 40 1 0 6 20 5 8 1280 42 30 6 5 24 4 7 91 26 1067 1493 13312 1466 20430 413 79 38 1 0 21 24 26 6 10 9 141 6 23 105 26 110 46 36 158 11 60 1 67 164 556 46 4942 344 216 74 34 123 30 10 61 1637 695 37 42 99 86 1408 81 121 2 0 4 1 5 13 1 1 1 5 5 19 0 0 0 0 1 0 1 1 2 2 2 19 3 2 11 1 0 0 5 0 24 29 0 16 0 0 8 5 0 13 1 0 19 1 1 0 2 9 9 3 5 0 0 0 49 9 83 34 3 7 1 2 2 0 1 1 3 1 10 2 3 7 0 2 11 3 6 0 48 39 10 2 3 121 9 1 20 2 1 5 4 5 16 0 14 3 1 2
289 207 140 103 88 219 25 139 9 36 16 163 0 1 4 7 5 9 2 4 2518 43 24 10 17 6 3 8 65 89 66 50 29 18 0 0 2 9 0 3 993 14 23 1 1 2 9 11 59 0 38 34 24 20 413 4051 48 18 1 0 14 9 10 1 1 2 43 2 9 45 9 61 19 7 63 10 29 1 27 1 71 6 3982 411 2603 124 15 55 19 4 30 164 58 33 23 95 30 13 30 25 1 0 0 3 0 5 0 0 0 1 6 19 0 0 0 0 0 1 1 0 3 2 0 13 6 1 3 0 0 0 1 0 16 10 0 6 1 0 3 2 0 4 0 1 21 0 4 0 1 1 2 0 0 2 0 0 4 3 1 3 0 2 0 0 2 0 0 2 1 0 4 2 0 2 0 0 2 1 3 0 21 13 3 1 0 50 0 0 10 0 6 2 0 2 6 1 4 0 1 3
106 45 16 43 1245 199 55 51 6 11 5 67 0 145 139 122 13 43 19 5 48 77 19 78 38 6 126 503 4034 3479 6571 35 50 23 37 1 23 12 43 55 87 12 152 1 1 16 34 17 17 2 17 26 210 970 79 48 4482 92 8 2 33 112 574 124 88 1 4042 20 229 42 24 89 53 12 2069 8 28 0 30 4 50 2 226 317 257 643 222 14 6 3 22 36 30 26 176 1522 19 117 2835 5702 2 0 1 1 0 4 0 0 0 1 1 7 0 0 1 0 0 0 0 7 6 8 2 7 2 0 2 3 0 0 1 0 6 4 0 3 0 0 2 1 3 1 7 0 2 1 0 0 0 21 3 1 0 1 0 0 2 0 0 0 1 0 0 1 2 0 2 6 3 0 1 2 1 0 2 0 0 2 3 0 17 6 0 1 3 18 1 0 0 0 0 0 2 0 5 1 5 0 0 0
22 8 9 4 20 21 4 5 4 7 9 162 1 634 376 434 331 114 33 39 72 145 57 67 35 7 267 922 103 17 58 2705 3696 8515 295 82 1654 1095 97 123 229 27 131 0 0 20 332 24 11 2 6 16 43 100 38 18 92 6205 1216 4547 79 78 284 152 137 0 162 3098 342 25 24 1143 545 1 2872 6 104 0 205 0 23 0 81 104 171 55 367 12 5 1 12 13 9 16 88 213 69 12 45 193 1 0 0 1 0 3 1 1 0 2 4 5 0 2 5 0 1 1 0 19 5 13 3 7 3 1 1 6 0 6 2 0 5 8 0 8 0 0 4 9 9 2 26 0 5 4 1 0 0 71 3 0 0 1 0 0 0 0 0 0 3 1 0 0 2 0 8 35 1 2 2 4 0 1 2 4 0 0 3 1 18 15 1 1 0 22 0 0 0 1 1 0 2 1 6 0 4 1 0 0
0 0 1 0 0 2 0 0 0 0 0 0 0 755 120 90 72 14 19 6 2 9 13 98 19 4 299 357 2 0 6 4 93 614 1230 1978 1092 179 17 227 25 8 100 0 0 3 1233 3 3 0 0 0 0 2 1 1 8 1216 1010 4855 10 15 139 153 40 1 15 1549 51 13 3 23 48 0 358 3 0 0 5 0 3 0 4 1 2 5 95 2 1 0 10 1 0 4 57 5 0 0 7 8 0 0 0 0 1 0 0 0 0 0 0 0 0 0 0 0 0 0 0 3 6 15 3 4 0 0 1 2 0 1 0 0 1 1 0 2 1 0 7 4 2 3 2 0 1 1 0 0 0 8 0 0 0 0 0 0 0 0 0 0 0 0 0 0 0 0 1 2 0 0 0 0 0 0 0 4 0 0 1 0 1 4 1 0 1 2 0 0 0 0 0 0 0 0 0 0 1 0 0 0
1 0 0 0 1 0 0 0 0 0 0 0 0 749 130 79 43 14 7 4 4 10 12 31 6 2 124 310 4 2 0 16 239 3045 729 1152 786 156 8 105 22 2 29 0 0 6 618 0 1 0 0 0 1 7 0 0 2 4547 4855 4455 8 7 85 43 29 1 9 1964 33 4 1 19 36 0 1013 1 0 0 3 1 0 0 4 8 11 2 109 0 0 0 2 1 0 2 22 0 1 0 10 10 0 0 0 0 0 0 0 0 0 0 1 1 0 0 0 0 0 0 0 7 2 4 1 1 1 0 0 0 0 0 0 1 1 4 0 9 0 0 2 2 0 3 0 0 0 0 0 0 0 13 0 0 0 0 0 0 0 0 0 0 0 0 0 0 0 0 1 1 0 0 0 0 0 0 2 1 0 0 0 0 3 4 0 1 0 2 0 0 0 0 0 0 0 0 0 0 1 1 0 0
12 6 1 5 14 7 1 2 4 0 2 5 7 19 117 332 122 4632 255 223 14 138 125 916 105 42 141 575 36 9 7 5 32 53 14 2 82 194 6512 96 1252 731 3414 20 25 1182 92 1137 333 12 1 0 10 34 21 14 33 79 10 8 11731 1117 697 1250 1908 47 104 113 8279 131 373 16 119 9 158 6675 11 2 14 0 90 0 19 46 24 58 105 62 201 22 2778 173 15 96 773 44 18 3 44 30 0 6 0 0 4 0 0 12 0 0 0 2 6 23 100 3 10 16 2 106 16 126 6 4 4 0 5 102 1 48 11 11 12 28 1 23 2 2 24 13 157 12 428 3 8 159 224 5 29 1757 7 22 49 5 9 40 2 0 0 15 3 5 4 2 14 2 149 541 54 51 7 15 24 8 118 489 5 22 486 76 19 44 15 17 73 29 3 13 22 4 1 49 71 28 6 2 1 7 2 0
45 18 13 12 17 23 11 22 6 2 4 19 17 23 82 85 17 304 52 14 8 90 29 63 108 25 41 94 163 33 55 9 12 14 19 2 19 37 408 46 245 79 187 39 52 353 65 14181 272 89 11 26 23 78 24 9 112 78 15 7 1117 13263 5124 102 383 12 288 109 6265 6747 4356 10 70 8 275 3319 22 1 14 11 679 137 44 56 58 62 187 930 1439 294 2202 241 92 1850 1827 51 12 11 76 100 2 0 2 1 1 3 2 7 0 0 1 0 1 5 9 3 1 6 1 39 2 34 1 3 4 3 9 7 2 7 11 3 3 7 0 8 1 0 6 2 32 29 28 10 6 88 121 3 4 340 3 403 602 9 18 255 14 4 33 229 1 2 1 0 1 0 45 196 197 19 14 16 10 5 441 200 162 523 1032 152 5 21 7 8 199 35 233 191 978 4 0 951 478 7 9 1 4 8 5 0
33 7 5 5 49 47 16 7 3 2 2 32 22 221 458 205 62 430 247 30 10 64 19 78 213 11 302 459 790 59 198 9 17 79 102 14 113 60 500 83 71 14 880 68 64 599 291 2413 23 44 6 11 88 390 26 10 574 284 139 85 697 5124 13612 3170 8751 17 1293 762 4082 613 159 16 56 6 1015 1106 26 1 13 1 85 2 86 106 74 137 926 86 547 171 2042 30 19 67 2797 102 28 43 130 387 0 1 0 0 1 3 0 11 0 1 2 1 7 31 35 5 4 19 2 194 20 233 4 5 6 0 6 25 2 27 4 7 3 12 2 13 2 0 20 16 123 15 104 3 5 82 118 1 15 822 3 55 95 3 14 69 0 0 0 19 1 1 2 1 12 1 90 228 92 36 5 19 11 6 225 415 18 46 754 153 9 24 13 11 129 29 7 28 50 3 0 151 89 18 15 5 1 1 2 0
4 3 0 0 6 9 4 2 3 0 0 2 5 104 175 256 63 1897 1284 62 4 33 53 851 98 40 1312 1002 133 15 42 5 20 54 139 20 80 88 368 329 83 43 4807 18 18 592 334 21 35 1 2 3 18 69 6 1 124 152 153 43 1250 102 3170 7065 6525 10 284 495 673 63 21 16 78 6 381 59 1 1 4 1 18 0 13 27 21 51 376 1 9 6 178 12 6 25 1218 33 1 10 42 97 0 1 0 0 1 0 0 1 0 0 0 0 2 37 49 1 2 26 5 269 21 247 12 6 0 0 4 88 1 59 1 1 2 7 4 18 1 0 23 15 204 8 309 2 0 43 12 2 7 787 1 4 7 3 3 1 0 0 0 0 0 0 0 0 10 1 66 180 9 12 1 1 7 0 18 90 3 5 42 9 7 15 4 2 9 4 0 0 3 0 1 3 15 6 2 1 0 1 0 0
8 0 0 0 13 8 3 1 1 0 0 7 10 126 350 444 47 1863 643 33 2 6 19 75 16 6 209 1128 129 11 53 2 15 31 35 6 69 51 3700 25 55 39 1447 12 41 1110 61 93 12 3 1 0 13 43 10 1 88 137 40 29 1908 383 8751 6525 10078 53 156 209 8239 109 69 8 53 4 378 57 6 0 5 0 26 1 14 11 12 14 165 4 12 7 183 7 7 21 1019 62 12 11 9 66 1 3 0 0 5 2 0 1 0 0 0 2 1 27 83 1 2 25 1 270 10 218 5 1 0 1 3 133 1 78 8 9 1 13 4 23 2 1 26 11 251 13 585 1 4 78 67 3 11 2017 7 12 18 4 3 6 0 0 0 1 1 1 1 0 17 1 185 558 28 25 1 7 32 9 39 414 7 6 184 16 7 11 4 6 21 10 3 5 9 0 0 8 21 19 8 1 0 1 5 0
1 2 0 1 0 1 1 2 23 2 1 5 2572 0 3 6 1 72 1570 2 1 4 1 5 1 0 2 4 1 2 0 1 4 2 0 0 2 152 6 2 15 4 22 644 2472 2609 1 16 11 1353 77 534 13 5 9 2 1 0 1 1 47 12 17 10 53 1162 4 2 35 8 8 24 108 801 0 7 1167 645 251 441 90 866 3 2 3 3 3 267 57 210 683 10 0 1 35 1 205 11 3 1 1 0 0 0 0 2 0 3 0 0 1 3 0 2 165 1 2 1 0 33 4 141 4 0 1 1 2 6 0 5 0 0 4 5 0 2 0 0 9 1 11 4 34 0 4 10 56 6 20 610 1 4 25 1 2 10 28 8 48 28 0 0 2 0 1 0 26 42 13 308 3 2 0 0 24 36 9 19 185 16 6 14 10 1 19 28 6 7 37 0 0 42 12 2 8 2 0 0 0 0
389 478 183 306 666 855 55 115 25 43 25 719 1 144 121 113 30 83 44 18 21 258 73 261 493 46 304 622 4497 1215 2507 168 203 64 39 5 26 96 46 267 154 65 506 7 3 80 194 48 112 6 39 75 381 2824 141 43 4042 162 15 9 104 288 1293 284 156 4 15520 97 279 124 61 348 283 48 1667 57 101 1 121 10 100 7 617 4611 477 2844 1054 46 36 7 111 147 64 84 598 1061 84 98 5272 7338 1 1 0 0 0 5 0 5 2 4 13 26 0 1 0 0 0 3 0 14 10 18 4 36 14 2 7 2 2 0 7 0 22 39 0 41 0 0 35 15 2 26 15 1 32 4 4 0 2 41 14 2 4 2 0 1 2 2 4 4 7 1 0 0 11 0 6 6 1 2 6 6 2 4 3 12 1 2 8 1 86 64 15 2 1 138 2 1 9 6 8 5 3 8 17 2 8 13 2 6
1 1 1 2 3 9 1 0 2 1 0 15 3 988 397 415 162 122 74 31 14 102 67 460 419 31 978 1385 32 3 8 30 569 2462 689 383 1209 547 84 767 108 48 564 2 2 55 1907 19 27 0 2 4 11 32 6 2 20 3098 1549 1964 113 109 762 495 209 2 97 3258 350 45 24 317 438 27 1722 14 23 1 92 0 12 0 18 37 62 184 1231 4 12 1 38 17 5 17 317 37 11 7 269 86 2 0 2 0 0 1 0 0 0 0 0 5 0 4 2 0 0 3 0 24 5 35 2 12 7 0 7 6 0 3 0 1 1 16 0 15 0 0 12 14 11 8 22 0 10 0 1 0 1 50 1 2 1 4 0 1 0 1 0 0 4 0 0 0 1 0 5 17 4 1 1 2 0 1 2 12 4 3 5 1 28 32 3 1 4 37 0 0 2 1 1 1 2 3 1 1 4 0 2 2
17 5 3 7 45 32 9 3 5 5 2 36 17 168 785 948 152 2339 205 148 4 62 57 185 75 17 61 1379 296 57 158 18 52 54 27 4 87 109 10619 57 560 277 1428 49 67 731 98 6758 147 62 3 7 26 102 23 9 229 342 51 33 8279 6265 4082 673 8239 35 279 350 16169 282 1180 24 82 13 1184 13325 37 3 16 0 194 6 34 45 39 53 444 81 354 158 3216 72 14 51 901 216 68 29 51 240 1 9 1 0 9 1 1 22 0 2 2 4 2 23 42 4 4 17 4 157 15 147 6 6 12 5 6 36 0 38 21 6 4 22 5 27 4 1 28 14 123 24 216 1 8 173 326 5 21 2103 10 122 180 13 25 201 1 0 1 29 4 6 10 7 12 4 235 584 201 65 13 39 30 22 488 998 26 88 1874 312 43 51 22 35 259 85 13 50 69 5 3 198 201 34 39 10 9 10 9 4
131 52 48 12 31 32 13 66 2 18 2 26 2 6 23 26 16 40 28 17 4 88 35 51 97 25 37 18 87 35 34 8 21 10 2 0 7 16 30 39 308 80 300 13 26 117 32 829 461 50 256 126 20 55 105 45 42 25 13 4 131 6747 613 63 109 8 124 45 282 4362 2377 17 21 6 75 262 15 1 16 18 966 134 169 150 81 72 67 715 449 129 556 1007 1357 1900 2908 29 13 13 49 35 3 2 3 1 1 1 1 2 0 0 0 0 0 0 2 1 1 2 1 12 1 10 1 0 0 1 3 4 0 4 2 4 0 2 0 1 1 0 6 3 6 6 11 2 2 22 26 0 8 89 4 122 158 3 14 78 24 12 84 341 2 0 0 0 3 0 7 68 51 6 6 8 3 0 79 55 159 409 247 24 7 6 6 0 56 32 227 54 841 1 4 265 154 2 3 0 1 1 2 0
39 22 17 10 13 18 8 23 4 9 2 12 12 8 28 18 6 70 21 12 1 47 19 21 40 12 10 25 54 18 18 4 4 4 3 0 3 12 134 14 189 25 58 25 45 159 14 3221 102 65 23 52 8 24 26 9 24 24 3 1 373 4356 159 21 69 8 61 24 1180 2377 5525 9 24 5 80 798 16 3 8 13 2656 122 39 55 32 31 51 1298 692 159 882 245 166 87 204 24 9 4 28 19 5 2 2 5 1 2 0 3 0 0 0 0 0 3 1 2 0 1 0 5 2 9 1 0 3 2 7 2 2 2 2 1 0 2 0 1 1 0 2 4 7 15 11 5 6 41 36 1 0 79 4 228 272 15 17 116 22 6 52 289 2 0 0 0 0 1 14 78 67 4 8 13 2 2 133 55 149 507 358 35 3 3 4 7 50 18 260 85 910 2 4 449 238 2 5 1 1 4 2 2
77 56 28 92 203 421 30 51 181 473 761 1804 48 14 26 26 23 60 62 21 476 1045 233 46 370 49 17 15 283 110 80 1527 1963 192 9 0 49 254 4 116 417 17 34 167 170 59 196 7 23 79 21 44 153 314 110 61 89 1143 23 19 16 10 16 16 8 24 348 317 24 17 9 8393 1418 372 2356 7 2578 166 3486 10 66 20 264 291 664 295 562 41 9 14 60 59 37 25 21 2192 5283 200 334 162 69 12 65 47 53 457 38 39 43 107 301 793 3 1 1 0 5 4 2 6 37 33 10 350 154 8 72 3 1 6 239 6 778 233 2 152 5 2 144 76 9 127 7 43 321 12 12 6 26 41 59 2 3 27 6 1 17 44 5 24 79 51 14 41 111 1 0 9 2 4 151 88 11 14 4 12 68 13 15 2 839 310 78 11 2 1076 1 3 7 39 112 2 18 161 327 28 224 76 3 27
