37599 7118 8832 11026 4001 8854 5299 14332 184 823 127 823 0 2 2 3 2 3 2 3 268 36 4 9 19 0 1 2 5683 8134 864 57 39 5 0 0 6 14 4 6 1292 22 32 0 6 7 4 18 53 7 19 230 355 916 160 274 22 9 2 1 12 36 18 4 12 1 221 7 6 124 77 43 15 13 20 20 45 1 15 8 524 5 1139 775 918 77 14 134 93 15 30 392 251 68 36 237 82 2827 22 5 65 35 240 243 70 248 13 22 87 97 210 181 0 0 0 0 1 0 0 0 1 0 0 17 8 11 3 0 1 1 26 2 53 38 1 13 0 0 6 8 0 0 0 4 23 0 0 0 0 2 0 8 14 3 0 7 2 6 5 10 6 16 1 18 15 0 0 1 2 0 8 14 8 0 1 2 6 12 11 1 118 16 5 0 2 50 5 1 36 3 15 6 3 50 151 15 16 1 1 1
7118 10662 2602 15641 1222 2829 40 171 7 134 41 364 0 0 1 0 0 1 0 2 223 22 4 2 12 0 0 0 472 1321 32 32 35 4 1 0 2 8 1 1 768 8 14 0 0 3 4 3 16 1 4 46 79 132 33 113 22 8 5 0 5 8 12 1 5 0 129 10 6 27 28 50 24 8 11 9 26 0 23 1 144 1 360 335 570 78 2 30 22 1 10 82 76 19 10 25 76 164 28 5 136 46 387 428 83 408 23 46 143 162 349 252 0 0 0 3 1 0 0 1 0 1 1 20 17 15 5 0 0 0 47 7 84 68 2 20 0 0 6 3 1 1 0 4 34 0 1 0 1 0 1 3 5 5 0 4 0 3 0 0 4 18 0 24 17 0 0 0 1 1 15 16 9 0 0 1 1 6 3 0 202 24 7 0 0 55 0 0 13 1 21 0 0 52 203 15 10 0 0 1
8832 2602 26692 14460 283 5514 1598 18936 450 13097 119 6199 0 2 2 2 1 4 3 10 541 129 10 16 33 3 5 2 1149 481 99 49 57 13 9 0 8 32 3 16 2125 27 50 0 11 6 14 12 71 10 34 334 333 701 177 422 20 22 10 2 18 36 23 6 12 2 302 27 4 175 112 96 39 23 25 23 72 3 43 5 747 16 1367 988 1494 143 15 173 116 17 45 459 347 78 70 54 237 1067 55 6 513 148 1240 1307 284 1202 101 138 609 651 1103 692 1 0 2 4 2 0 0 0 3 0 3 42 26 11 9 1 0 0 163 15 202 140 7 45 0 0 12 9 2 2 1 6 70 4 4 0 4 2 2 9 8 11 0 7 3 4 5 10 12 32 0 55 63 0 0 0 0 2 29 41 18 1 3 3 3 10 11 0 551 34 23 1 4 146 12 8 41 4 36 11 7 109 602 49 22 5 0 5
11026 15641 14460 18514 5126 9323 203 1171 18 133 95 2737 0 0 1 0 3 1 3 4 388 174 3 0 44 0 2 3 455 2878 522 27 41 7 3 1 4 13 1 1 695 1 6 1 1 2 11 2 2 1 2 26 36 67 20 78 29 8 7 4 4 5 6 1 0 0 55 21 0 19 10 75 33 9 13 5 51 4 29 1 40 2 163 181 545 80 3 7 10 0 6 32 26 8 10 37 162 167 61 4 364 85 687 832 177 733 72 76 342 360 635 422 1 2 0 0 3 0 0 0 2 2 4 53 28 11 7 0 0 0 113 10 173 118 2 33 0 1 6 5 1 0 0 4 47 0 2 0 3 0 0 2 0 8 2 2 2 4 0 3 9 29 1 36 42 2 1 0 0 1 19 30 17 1 0 6 5 1 5 0 369 36 10 0 2 106 0 0 6 2 27 0 1 81 376 31 21 3 0 4
4001 1222 283 5126 13256 12786 773 863 27 68 92 503 0 0 1 5 0 4 1 4 502 274 14 6 70 1 6 15 4791 12366 10306 194 107 5 3 0 2 9 26 7 792 10 19 3 0 12 9 17 11 1 11 71 127 305 52 121 1923 14 3 0 13 15 59 9 61 1 375 21 45 32 26 58 18 5 61 4 9 2 24 2 110 2 376 372 812 149 12 25 24 6 14 100 57 22 22 1167 30 718 126 43 19 12 64 69 19 70 7 5 22 17 68 31 1 0 1 0 1 1 1 2 1 0 2 13 6 4 1 0 0 0 10 1 26 14 1 5 0 3 5 4 1 1 2 1 6 1 5 0 0 14 0 1 6 2 0 0 0 1 0 0 1 7 0 5 6 0 0 1 0 0 3 4 3 0 2 5 4 2 12 1 40 18 2 1 2 21 0 0 9 0 7 2 2 10 39 5 4 0 1 1
8854 2829 5514 9323 12786 9561 1467 2630 100 1228 1535 21872 1 1 7 5 13 12 1 9 1419 973 17 13 182 2 2 4 2301 8270 4177 1295 660 24 11 3 18 37 19 16 1539 3 21 5 0 7 28 20 19 2 8 75 150 300 55 197 102 49 15 8 14 20 55 8 36 2 142 38 41 35 29 248 106 26 45 12 102 3 121 0 143 3 478 376 1481 257 19 32 26 4 17 116 74 16 15 448 405 899 307 11 488 161 1101 1309 277 1215 94 126 548 579 1042 665 2 1 2 4 7 2 5 0 5 6 9 49 42 12 13 0 0 2 153 12 210 155 4 51 3 1 16 15 3 4 3 11 84 0 1 0 3 7 3 3 1 7 0 3 4 4 1 7 14 53 5 69 74 4 3 3 2 2 31 56 32 4 0 9 7 6 12 1 587 67 34 5 3 172 3 0 17 4 36 6 7 113 618 62 34 2 1 2
5299 40 1598 203 773 1467 10151 10655 779 4921 475 721 1 1 0 0 0 0 2 1 29 17 3 0 2 0 0 2 1849 686 365 28 30 5 0 0 1 3 1 2 201 7 10 2 4 1 1 10 18 5 16 165 626 1267 222 55 2 2 2 1 2 11 5 1 0 5 11 4 5 66 44 60 5 10 5 8 68 9 15 2 273 6 585 199 116 2 3 50 32 5 15 213 139 26 10 101 258 6286 4 4 18 1 30 32 4 21 9 10 23 19 36 22 0 0 0 2 0 0 0 0 0 0 0 0 0 1 0 0 0 0 4 0 6 1 1 0 0 0 0 2 0 1 0 0 2 0 0 0 0 1 0 4 9 0 0 0 0 0 5 3 0 1 0 2 1 1 1 0 0 0 1 2 0 0 0 1 3 4 2 1 15 3 0 0 0 4 1 0 17 1 1 5 2 4 12 4 0 0 0 0
14332 171 18936 1171 863 2630 10655 21887 3913 29213 424 1354 0 1 2 3 0 0 1 3 161 13 3 4 10 1 4 2 1218 644 232 13 18 8 1 0 1 4 2 4 967 25 38 1 3 7 3 22 55 14 33 346 495 974 204 256 7 10 1 0 11 32 16 2 4 4 133 14 5 155 88 22 26 6 18 17 38 8 11 4 647 11 1130 645 672 38 10 125 87 16 26 458 332 68 39 78 98 2258 8 6 57 16 128 117 16 137 20 29 108 84 155 83 1 0 0 1 1 0 0 1 1 0 1 8 2 1 1 0 0 0 13 1 25 12 0 4 0 0 4 4 0 1 0 0 7 0 1 0 0 0 0 3 8 1 0 1 4 1 5 8 1 4 0 5 8 0 2 0 4 0 6 6 4 0 2 0 1 7 10 1 52 10 6 1 3 20 4 2 32 1 1 11 4 13 59 10 4 1 0 1
184 7 450 18 27 100 779 3913 1801 4567 474 330 7 0 0 0 0 0 1 0 19 18 4 0 1 0 0 1 71 37 15 6 10 1 0 0 1 1 2 0 22 0 5 2 69 7 0 2 3 45 0 25 88 56 25 11 0 3 0 0 1 1 3 1 1 42 7 2 1 5 3 73 4 76 1 1 151 36 26 8 28 56 37 15 9 2 1 67 31 65 15 22 8 4 2 9 1017 1501 3 0 8 0 14 9 2 13 3 15 15 14 14 4 1 0 1 0 0 0 0 0 1 1 1 1 0 0 0 0 0 0 1 0 2 3 0 1 0 0 0 1 0 1 0 0 0 0 2 0 0 0 0 1 1 0 0 2 0 0 1 2 0 1 0 1 2 1 0 1 0 1 1 1 0 0 0 4 0 0 10 0 3 1 3 0 2 7 1 0 0 0 3 3 1 1 7 1 0 0 0 0
823 134 13097 133 68 1228 4921 29213 4567 34496 18075 26475 1 0 1 0 0 2 2 1 77 26 3 3 8 0 0 0 287 92 30 45 191 1 1 0 2 2 1 3 383 8 8 1 6 0 1 3 18 11 8 108 252 311 73 71 3 6 0 1 1 9 3 2 3 4 48 5 0 46 26 454 5 9 8 0 113 3 87 1 215 4 352 163 191 13 2 43 37 10 13 136 126 19 9 24 1123 2949 7 2 334 64 888 847 133 857 131 220 734 690 1021 479 0 0 0 0 2 2 1 1 1 0 0 21 7 6 0 0 0 0 60 1 38 33 1 6 0 0 3 6 1 1 0 2 41 1 3 0 0 0 0 0 5 3 0 14 0 3 1 7 5 13 4 13 9 0 0 0 1 9 14 12 5 0 2 0 1 2 10 0 213 8 54 0 0 61 9 3 25 1 17 1 4 29 476 59 13 3 0 2
127 41 119 95 92 1535 475 424 474 18075 9186 7567 0 1 2 2 0 1 2 2 385 385 12 2 65 1 1 1 159 277 129 109 229 1 5 0 2 16 3 4 235 1 5 1 0 0 6 3 1 1 1 5 47 43 12 18 9 10 1 0 0 2 14 0 7 1 27 7 7 5 1 481 17 5 9 2 166 1 120 0 22 4 51 44 187 37 5 4 4 2 3 13 14 2 2 113 1526 843 84 1 330 80 798 811 197 861 81 120 482 485 838 505 0 1 0 1 2 0 0 0 5 0 2 23 30 5 8 0 0 0 90 11 160 95 3 27 0 0 3 5 1 2 0 6 63 1 0 0 0 4 3 0 2 6 0 5 1 5 0 6 14 38 3 36 43 1 1 0 1 5 26 29 22 0 0 6 2 0 7 0 380 20 33 2 0 160 3 1 14 6 27 1 0 85 531 40 21 3 0 2
823 364 6199 2737 503 21872 721 1354 330 26475 7567 40178 0 1 7 5 5 6 3 5 1214 941 39 5 163 5 3 5 711 1219 458 1633 991 11 9 0 8 37 15 16 970 6 12 9 2 5 20 14 7 6 5 47 99 128 40 89 22 35 11 2 15 10 58 1 33 1 87 22 30 18 11 623 44 27 27 7 211 1 214 0 78 2 237 176 780 163 6 17 11 1 12 43 35 8 13 1545 1417 866 236 7 833 220 1975 2007 472 1950 165 256 1026 981 1859 1070 0 0 0 4 6 0 2 10 6 1 3 98 64 33 16 0 0 2 255 29 314 222 5 56 0 0 11 14 4 6 3 15 114 1 5 0 2 7 5 2 4 10 0 7 3 8 0 14 19 50 6 75 89 2 1 1 1 0 42 53 39 0 1 13 9 5 20 0 893 55 64 7 1 220 6 2 15 14 55 5 5 152 1149 100 46 8 0 7
0 0 0 0 0 1 1 0 7 1 0 0 4600 0 3 12 117 562 7031 95 0 1 0 21 3 1 3 7 10 0 0 3 1 9 2 1 8 653 46 3 11 1 60 6843 1099 2338 3 1 0 69 0 2 3 0 2 1 2 3 0 0 25 2 42 60 69 2006 8 1 46 1 2 93 280 2111 13 14 219 188 331 2 2 45 2 2 2 5 0 30 17 60 82 1 0 0 5 5 76 21 1 4 0 0 3 1 0 2 0 0 0 1 3 1 2 16 583 3 4 53 1 1575 61 820 16 0 0 0 0 62 0 71 0 3 5 6 0 13 2 0 22 23 647 4 223 1 2 5 48 12 48 1545 1 1 5 0 0 1 0 0 1 1 0 2 0 1 6 1 271 178 39 87 0 2 9 2 5 194 1 0 52 1 2 17 13 1 3 1 0 1 8 0 1 8 0 2 5 0 0 0 1 0
2 0 2 0 0 1 1 1 0 0 1 1 0 3844 4963 137 5 28 3 4 3 2 30 108 3 18 1135 899 51 2 15 1 1 159 3912 2571 488 16 86 843 219 16 65 0 0 5 128 1 9 0 0 2 1 5 0 2 51 349 263 850 8 7 25 48 50 1 59 146 14 5 2 0 0 15 301 1 1 3 1 0 2 0 4 3 8 10 2 3 1 2 1 18 5 5 13 10 0 2 11 46 0 0 0 0 0 1 0 0 0 0 2 0 17 3 3 69 5 46 21 14 81 162 224 2 0 3 6 5 2 14 1 0 1 1 0 2 21 3 35 38 3 13 3 0 3 0 1 0 30 5 2 0 0 0 0 0 0 0 0 1 0 0 0 1 0 3 0 4 4 0 0 1 1 0 1 4 0 0 3 0 3 50 5 0 0 11 0 0 0 2 3 1 0 0 0 0 0 0 0 0
2 1 2 1 1 7 0 2 0 1 2 7 3 4963 13344 10035 74 1792 179 158 34 18 430 417 13 49 1319 3133 56 4 11 2 12 346 3260 2657 2785 67 614 517 2052 94 193 14 1 12 92 5 59 1 1 0 3 12 1 2 33 559 312 1415 32 41 81 60 257 0 56 180 77 44 18 4 16 61 590 14 1 29 10 0 40 0 7 5 11 4 1 12 14 3 13 166 19 53 71 21 0 6 9 60 1 0 0 0 2 0 0 0 0 0 0 3 66 27 2 177 20 124 58 74 212 454 440 22 18 7 13 7 1 53 3 0 0 12 2 16 48 8 99 114 11 57 8 0 11 3 2 0 87 20 14 1 1 0 0 2 0 1 0 1 1 6 0 0 2 26 6 10 8 1 5 13 1 3 0 13 0 1 8 0 15 137 17 4 4 48 0 0 7 4 1 4 4 2 3 0 12 0 1 4
3 0 2 0 5 5 0 3 0 0 2 5 12 137 10035 11210 328 3217 2910 1438 7 20 59 899 6 25 982 2025 66 3 19 81 178 649 64 51 4434 1275 1174 73 1556 95 340 21 1 54 12 24 92 1 4 3 5 15 2 10 26 515 20 252 77 89 106 93 376 1 42 71 154 120 39 38 190 27 636 42 1 2 25 0 55 0 15 11 12 7 2 18 24 6 40 398 42 116 142 79 2 3 9 53 1 0 1 1 1 0 0 1 1 0 2 0 44 120 110 96 3 207 4 536 195 1540 109 5 2 1 0 52 7 312 0 1 2 5 2 11 101 2 41 48 279 34 84 0 1 5 22 13 118 155 12 0 6 0 1 1 0 0 0 0 0 1 0 1 5 7 14 48 12 5 1 4 4 0 4 74 1 5 18 0 8 65 13 1 3 24 0 0 6 2 2 8 6 0 1 0 0 0 0 0
2 0 1 3 0 13 0 0 0 0 0 5 117 5 74 328 432 915 1655 885 25 43 272 88 5 79 51 6 3 0 0 0 4 8 17 12 561 1068 18 112 572 18 49 100 45 372 3 4 14 12 1 2 0 1 0 0 1 1 5 1 71 10 12 1 5 7 2 3 7 6 3 5 19 255 11 3 9 193 51 2 9 9 1 2 1 3 0 14 22 14 131 25 3 8 20 3 2 1 4 0 1 3 1 4 0 0 1 2 0 0 2 1 166 35 7 311 91 79 107 58 478 345 417 72 66 13 49 17 3 72 8 3 14 31 8 26 79 31 202 249 16 163 6 1 25 13 9 2 170 20 62 2 1 0 0 0 0 4 0 1 3 7 1 1 2 81 8 33 10 1 20 32 3 12 6 22 3 2 16 1 42 414 27 7 0 118 0 2 1 9 10 1 8 4 7 3 30 11 2 19
3 1 4 1 4 12 0 0 0 2 1 6 562 28 1792 3217 915 17173 5263 1897 24 124 87 4008 67 50 852 737 105 6 27 72 174 337 48 13 2106 3104 4631 85 1616 210 2092 348 52 3192 43 57 27 5 1 5 11 28 3 9 72 282 19 72 4031 52 303 1549 1253 208 161 64 557 57 29 60 278 262 317 142 2 24 22 0 36 0 35 57 51 72 11 25 24 16 79 196 20 65 131 109 3 9 75 37 2 3 0 1 2 3 0 0 0 0 4 6 26 364 1695 79 25 739 5 2725 330 5070 140 3 3 3 7 473 15 1513 6 4 56 34 3 54 82 2 89 115 2850 35 1108 1 6 28 109 72 248 2534 8 7 16 0 1 11 1 1 0 1 0 7 0 6 55 16 339 734 142 41 3 6 32 16 25 606 5 12 104 10 6 55 35 7 31 19 2 2 9 0 2 11 12 38 1 0 1 1 2 2
2 0 3 3 1 1 2 1 1 2 2 3 7031 3 179 2910 1655 5263 29725 14701 7 29 72 928 12 28 696 169 18 0 0 12 47 126 30 2 1658 4536 201 75 475 34 377 4944 1220 6414 16 24 26 63 1 6 1 7 3 6 5 15 1 3 291 30 69 268 167 812 19 8 66 34 15 15 131 6570 19 30 20 1224 55 8 52 39 7 4 11 11 3 104 176 273 1645 122 14 34 61 16 16 5 6 2 1 3 0 3 2 11 2 10 2 0 12 4 283 558 1587 701 66 1460 119 5071 1549 12424 1319 64 54 18 44 335 18 1528 11 5 40 45 11 67 424 21 336 372 2362 261 527 2 41 23 150 111 953 2329 51 17 16 1 3 12 2 2 0 5 0 5 0 5 34 96 152 279 92 51 18 45 20 19 24 400 7 15 185 9 73 660 255 8 11 250 0 1 15 12 6 32 24 33 13 2 22 9 2 20
3 2 10 4 4 9 1 3 0 1 2 5 95 4 158 1438 885 1897 14701 4779 51 33 432 416 13 167 343 19 7 1 3 7 6 26 38 21 775 144 30 345 1480 80 224 103 56 184 6 6 57 6 1 7 2 2 0 2 0 25 7 9 18 40 53 4 4 17 6 8 8 45 17 9 17 205 25 10 9 147 36 1 28 4 5 8 2 1 0 11 26 29 93 176 22 46 82 7 2 0 1 1 1 2 0 2 2 0 0 4 1 0 3 1 319 154 32 593 51 168 124 157 1015 1086 708 74 76 8 46 68 9 322 9 4 8 27 7 27 290 28 244 318 39 283 28 3 36 17 16 5 425 49 53 8 0 1 5 6 0 2 0 5 1 14 1 2 5 130 8 58 27 3 24 46 8 9 5 30 3 4 24 2 56 527 39 11 6 218 2 1 11 11 8 4 18 4 8 1 25 9 3 16
268 223 541 388 502 1419 29 161 19 77 385 1214 0 3 34 7 25 24 7 51 10301 10116 4850 139 901 165 56 25 200 270 296 478 436 103 30 6 101 345 23 224 2135 25 162 49 6 28 105 14 14 2 1 4 14 23 8 3853 77 158 39 12 24 60 213 22 73 1 85 147 48 21 11 457 680 140 466 31 199 14 244 0 17 1 359 60 5027 556 92 9 31 3 29 32 7 17 84 1398 171 101 1217 125 3 5 15 15 8 18 2 3 10 11 34 19 11 2 1 30 27 3 14 7 41 4 44 31 30 17 8 0 0 2 5 4 34 84 6 96 2 4 108 96 3 14 3 3 32 1 0 0 19 9 13 1 2 3 0 1 5 3 0 6 5 11 0 7 17 11 1 5 2 1 9 27 16 7 0 8 8 2 9 0 127 209 33 4 0 145 1 1 5 2 8 1 2 18 37 2 14 3 0 2
36 22 129 174 274 973 17 13 18 26 385 941 1 2 18 20 43 124 29 33 10116 31691 7207 813 6259 2586 263 33 319 110 161 562 611 186 65 11 130 679 42 5306 839 210 1390 113 11 110 341 51 99 6 0 10 28 76 11 117 111 180 74 26 122 320 1245 103 76 4 293 217 79 205 48 581 1209 266 524 108 242 25 359 0 84 4 309 386 4657 1247 152 39 113 49 154 225 51 119 641 1454 185 108 3970 148 6 4 14 13 8 16 0 5 4 16 29 19 36 4 2 56 78 14 38 31 102 23 124 51 43 14 19 3 0 11 13 2 30 99 6 151 13 4 248 214 11 40 9 3 45 3 8 0 42 35 34 1 7 3 1 3 1 6 1 3 4 13 0 8 19 27 14 10 6 2 13 29 14 5 1 24 2 6 56 4 112 404 43 11 10 165 0 2 11 7 17 11 8 16 34 6 20 2 0 4
4 4 10 3 14 17 3 3 4 3 12 39 0 30 430 59 272 87 72 432 4850 7207 9976 8283 329 3478 567 15 55 3 4 72 284 258 71 8 529 806 48 1503 7193 2084 1069 63 14 49 155 4 135 4 2 1 5 17 2 14 4 66 35 5 54 127 278 13 12 2 51 112 11 134 26 162 716 72 76 42 136 36 108 0 49 1 29 35 94 47 43 12 39 19 68 209 30 84 288 82 73 40 191 7 4 1 7 5 5 10 0 2 2 2 13 2 19 3 2 50 39 14 32 10 60 26 78 35 38 4 11 5 1 10 8 1 22 61 13 74 7 6 98 74 3 26 2 2 17 3 4 0 26 15 19 2 4 3 2 1 0 0 0 1 2 5 1 5 14 17 4 5 1 2 15 23 9 3 2 14 7 3 23 3 84 216 19 2 4 102 2 1 9 3 10 12 6 10 16 0 10 3 0 5
9 2 16 0 6 13 0 4 0 3 2 5 21 108 417 899 88 4008 928 416 139 813 8283 14006 312 4519 8381 1276 213 3 20 6 11 32 1033 39 83 100 1231 10095 6158 3935 3642 16 10 975 741 26 230 6 3 4 21 64 12 22 46 87 74 21 596 183 508 575 192 6 291 229 72 152 56 8 41 35 66 56 2 7 6 0 79 0 78 88 118 137 39 30 74 25 116 367 52 157 476 21 0 20 142 21 0 0 0 0 1 2 0 0 0 0 0 0 12 17 25 37 4 60 7 282 46 294 103 3 0 0 2 8 0 23 0 0 3 3 0 9 9 0 22 32 138 11 55 0 2 1 7 2 21 130 0 2 7 0 0 6 0 0 1 0 0 0 0 0 0 4 21 46 10 1 0 3 1 1 0 35 1 2 34 2 2 40 10 0 14 6 0 1 7 0 2 10 0 0 0 0 0 0 0 0
19 12 33 44 70 182 2 10 1 8 65 163 3 3 13 6 5 67 12 13 901 6259 329 312 5288 364 153 85 750 20 326 78 85 49 67 3 25 178 37 4746 314 81 898 32 8 98 1420 29 26 1 7 17 140 401 38 112 454 35 29 12 84 170 854 174 90 1 1907 158 45 61 21 97 317 36 112 60 34 5 45 1 82 2 703 1163 2494 2884 2659 30 47 15 68 121 40 32 306 232 25 21 5932 646 1 0 0 2 1 1 0 1 1 1 4 0 6 1 2 11 5 3 9 19 17 3 24 5 7 3 1 4 0 1 3 0 0 14 4 27 0 1 50 33 13 2 8 0 2 3 0 0 6 21 3 1 0 0 0 0 2 0 0 0 0 0 0 0 2 2 13 9 2 0 1 1 0 1 3 12 1 1 20 2 18 49 10 2 4 26 1 1 8 0 4 6 2 2 5 0 0 1 0 0
0 0 3 0 1 2 0 1 0 0 1 5 1 18 49 25 79 50 28 167 165 2586 3478 4519 364 5101 1236 12 40 0 4 6 13 22 51 3 30 117 19 6663 1028 297 821 15 3 41 8 1 30 0 0 4 10 16 1 8 4 0 3 1 36 51 209 16 6 2 63 5 10 30 9 8 82 58 6 12 4 7 8 0 11 0 39 32 82 95 5 11 19 13 21 49 13 20 144 10 0 2 100 3 0 0 0 0 0 0 0 0 0 0 0 1 12 9 1 31 8 25 14 10 49 58 100 7 8 1 3 0 1 7 1 0 0 3 0 6 6 1 34 27 6 5 0 0 6 0 1 0 23 4 4 1 2 0 0 1 0 0 0 0 0 0 0 1 2 3 2 1 1 1 0 1 1 0 1 7 0 0 13 1 4 58 6 0 2 15 0 0 2 0 1 1 2 0 0 0 1 1 0 0
1 0 5 2 6 2 0 4 0 0 1 3 3 1135 1319 982 51 852 696 343 56 263 567 8381 153 1236 22390 9499 472 2 42 0 8 68 3940 227 140 42 146 3961 1155 106 924 4 1 77 475 3 36 1 0 20 38 97 14 12 182 303 188 108 34 25 174 700 553 2 608 497 38 31 8 5 12 65 211 15 0 8 1 0 34 0 100 97 102 170 40 10 9 4 23 70 18 20 83 16 3 37 162 68 1 0 1 1 0 0 0 1 0 0 0 0 42 50 24 145 5 249 34 406 151 1131 426 9 5 4 7 10 2 90 0 0 2 3 0 6 45 5 69 66 85 31 26 0 11 1 7 4 83 70 8 2 1 0 0 2 0 0 0 0 0 3 0 0 2 11 7 18 14 4 1 7 0 0 2 14 0 2 9 0 10 110 21 1 3 22 0 0 1 0 1 4 2 0 1 0 1 1 0 1
2 0 2 3 15 4 2 2 1 0 1 5 7 899 3133 2025 6 737 169 19 25 33 15 1276 85 12 9499 9060 720 13 179 13 9 218 798 271 399 34 3779 372 446 21 546 3 5 191 264 14 12 2 1 5 40 103 17 19 476 804 299 411 156 26 166 1054 2388 1 759 708 319 19 21 6 8 29 1123 34 0 6 4 0 23 1 84 97 103 141 44 4 5 1 21 59 13 19 37 127 1 53 112 343 0 1 0 2 0 2 0 0 0 0 2 0 18 69 124 82 15 219 12 1000 117 1263 177 11 3 1 0 34 2 201 1 0 9 10 3 11 40 2 52 48 522 23 112 0 2 3 9 7 61 378 8 1 2 0 0 0 0 0 0 2 0 0 0 0 8 5 35 62 23 3 2 4 2 2 5 94 1 1 18 1 6 54 12 1 1 18 0 0 1 0 1 2 2 3 1 0 1 1 0 1
5683 472 1149 455 4791 2301 1849 1218 71 287 159 711 10 51 56 66 3 105 18 7 200 319 55 213 750 40 472 720 38329 14583 4784 255 449 271 117 7 22 163 321 325 304 33 455 12 35 173 175 166 40 6 29 215 1907 6516 413 65 5175 618 43 27 197 332 2220 437 1021 11 3958 746 797 148 110 333 470 116 2955 162 410 10 188 0 288 2 1956 1518 230 169 1303 67 111 23 155 301 167 34 394 4940 186 4574 629 1816 56 36 100 118 41 114 6 16 34 51 133 86 0 1 13 5 21 5 5 69 5 23 10 100 56 34 22 3 1 7 74 7 156 322 30 398 4 1 147 79 48 11 39 7 108 2 25 2 4 87 7 3 19 22 0 9 14 8 4 14 22 71 0 22 102 4 50 44 16 2 76 160 61 5 6 75 26 14 70 6 598 485 62 14 15 486 0 0 33 8 70 15 11 78 169 12 41 4 2 7
8134 1321 481 2878 12366 8270 686 644 37 92 277 1219 0 2 4 3 0 6 0 1 270 110 3 3 20 0 2 13 14583 26344 9690 223 79 3 1 0 3 7 27 9 757 13 13 1 0 6 4 11 15 5 9 97 189 524 81 112 4388 27 1 0 15 9 57 7 54 0 212 8 76 37 25 99 19 7 333 15 61 0 35 4 179 5 526 383 557 92 3 38 31 7 10 119 90 28 27 4104 74 1408 41 91 52 21 128 132 54 138 6 9 55 54 136 92 0 0 2 0 1 0 1 4 0 1 0 29 12 10 3 0 0 0 30 1 64 58 1 20 0 0 1 3 3 0 2 2 32 0 1 0 2 6 1 6 5 4 0 2 4 3 4 3 8 21 1 15 24 0 6 2 3 0 8 21 10 0 0 6 5 3 6 0 162 17 1 0 0 72 1 0 19 1 15 6 3 39 94 5 13 1 0 5
864 32 99 522 10306 4177 365 232 15 30 129 458 0 15 11 19 0 27 0 3 296 161 4 20 326 4 42 179 4784 9690 6846 78 28 15 34 5 6 6 102 14 1005 6 22 2 2 26 12 20 12 1 5 42 115 282 38 115 5992 178 9 3 27 20 167 41 263 0 2138 549 138 22 15 13 14 2 1999 9 5 0 5 0 94 1 397 388 836 381 1241 21 14 3 13 68 60 11 17 2270 8 567 2023 4583 4 2 6 14 5 10 1 1 8 6 9 6 0 0 2 1 0 1 0 13 1 5 3 3 2 1 0 2 0 1 1 1 6 3 0 6 0 0 5 2 8 0 2 2 4 0 0 0 0 6 0 1 0 0 0 1 1 1 0 2 0 1 0 1 3 0 8 7 3 3 1 2 0 0 0 9 0 1 6 2 13 10 2 0 1 5 2 0 8 0 3 4 1 3 10 0 1 1 0 0
57 32 49 27 194 1295 28 13 6 45 109 1633 3 1 2 81 0 72 12 7 478 562 72 6 78 6 0 13 255 223 78 5893 8913 1663 1 0 13 76 111 12 278 6 7 2 1 24 2 52 2 0 3 25 20 51 9 33 14 5146 7 1 65 16 60 8 59 0 75 8 98 15 18 1706 860 25 1658 54 115 3 627 0 28 2 80 57 195 59 3 14 12 1 15 24 23 3 13 4637 312 79 89 7 43 21 97 107 38 91 4 8 38 36 85 59 1 2 6 6 11 0 3 26 10 2 16 25 24 10 7 0 0 3 29 2 52 49 6 34 0 0 24 28 17 4 3 5 29 0 2 0 4 18 3 0 5 2 1 1 3 2 0 4 2 22 0 5 21 2 5 4 3 1 20 20 11 0 0 13 2 3 13 1 147 54 7 1 4 73 0 0 11 2 15 6 3 29 87 4 13 3 0 5
39 35 57 41 107 660 30 18 10 191 229 991 1 1 12 178 4 174 47 6 436 611 284 11 85 13 8 9 449 79 28 8913 10579 3125 16 2 55 1366 51 54 445 4 27 7 3 44 31 22 9 0 6 83 85 155 29 37 16 5393 17 12 65 9 43 5 28 1 215 38 27 31 27 2622 1956 108 3596 15 145 8 482 2 128 0 201 144 221 47 3 24 13 4 23 96 53 14 15 2876 835 105 91 35 56 34 171 182 53 199 13 28 70 78 220 124 6 2 4 15 51 3 10 13 30 5 31 72 43 19 21 2 0 0 45 4 94 168 19 197 5 2 158 152 6 15 2 8 70 1 0 0 6 12 7 0 0 14 3 2 6 4 2 14 16 34 2 20 42 6 3 7 0 0 38 77 16 7 0 6 11 12 10 2 287 416 30 8 1 197 0 0 14 5 49 3 7 52 167 11 21 1 2 4
5 4 13 7 5 24 5 8 1 1 1 11 9 159 346 649 8 337 126 26 103 186 258 32 49 22 68 218 271 3 15 1663 3125 1342 778 221 366 1373 250 71 287 6 40 20 2 47 231 7 8 1 7 65 57 97 8 28 15 8116 2279 1421 59 11 43 19 64 1 176 575 36 17 16 51 433 73 2392 5 19 12 62 0 88 3 159 114 88 40 8 17 12 3 28 46 31 8 11 204 1 7 56 50 3 1 9 6 4 8 1 2 3 4 10 6 25 3 1 34 129 13 24 15 89 11 61 56 53 10 12 2 1 9 15 5 28 186 44 291 10 6 317 233 7 40 3 10 40 1 1 0 22 6 31 2 2 6 1 2 5 7 0 14 8 18 0 0 28 31 4 3 1 1 39 61 13 14 1 7 19 11 7 1 128 729 35 16 0 203 0 0 18 3 29 2 5 12 10 1 9 5 2 7
0 1 9 3 3 11 0 1 0 1 5 9 2 3912 3260 64 17 48 30 38 30 65 71 1033 67 51 3940 798 117 1 34 1 16 778 4625 1777 1363 100 55 2070 89 41 815 21 4 20 796 8 3 2 1 4 8 30 1 3 77 654 1832 1598 27 14 249 378 224 2 160 358 28 11 3 5 29 96 306 9 5 48 25 0 10 1 29 23 30 43 21 6 7 1 5 13 7 11 74 13 0 7 37 45 1 0 2 0 0 1 0 1 0 0 3 0 55 17 1 169 39 82 43 54 199 253 368 32 21 3 19 8 2 33 3 1 5 18 1 19 38 10 137 150 13 60 9 3 15 1 4 0 66 13 24 0 0 0 1 1 0 0 0 3 1 6 0 0 1 26 5 8 4 0 5 6 1 3 0 7 3 0 7 1 21 198 15 5 1 45 1 0 5 5 3 2 3 1 3 0 14 4 0 5
0 0 0 1 0 3 0 0 0 0 0 0 1 2571 2657 51 12 13 2 21 6 11 8 39 3 3 227 271 7 0 5 0 2 221 1777 1987 837 17 47 233 19 1 24 2 0 3 62 2 0 0 0 1 0 4 0 0 8 206 1826 1222 3 1 29 42 67 1 16 92 9 0 0 0 0 4 80 1 0 3 1 0 0 0 2 4 3 1 1 0 1 0 1 0 1 1 3 4 0 0 2 7 0 0 0 0 0 0 0 0 0 0 2 0 5 0 0 9 5 3 6 4 12 8 27 5 5 0 1 0 0 3 0 0 1 2 0 1 3 1 13 10 2 6 2 0 0 0 0 0 1 2 3 0 0 0 0 0 0 0 0 0 0 0 0 0 0 3 1 0 0 0 0 2 0 0 0 2 2 0 1 0 0 18 0 1 0 3 0 0 0 0 0 0 0 0 1 0 0 0 0 0
6 2 8 4 2 18 1 1 1 2 2 8 8 488 2785 4434 561 2106 1658 775 101 130 529 83 25 30 140 399 22 3 6 13 55 366 1363 837 3396 893 627 109 755 14 47 47 3 176 163 2 5 0 0 7 5 5 0 2 10 805 1867 1419 99 7 32 28 108 3 12 307 36 4 5 16 45 67 310 13 11 81 73 1 9 4 11 15 10 8 3 7 5 4 22 21 7 6 16 14 3 0 13 13 5 5 4 6 3 4 1 0 2 1 3 5 97 6 2 172 194 41 93 44 276 77 177 115 99 13 34 4 1 25 9 2 28 88 25 153 38 28 302 341 10 131 7 6 45 6 2 1 80 15 92 2 3 2 1 0 0 2 0 4 6 14 1 3 14 84 6 11 4 0 37 17 6 29 1 8 3 5 7 0 89 616 21 21 0 171 1 1 5 9 26 2 5 6 8 0 38 12 4 31
14 8 32 13 9 37 3 4 1 2 16 37 653 16 67 1275 1068 3104 4536 144 345 679 806 100 178 117 42 34 163 7 6 76 1366 1373 100 17 893 8261 115 289 696 19 103 1004 253 2649 222 68 9 20 8 44 29 60 12 27 8 396 176 35 930 15 73 32 47 82 142 148 70 19 40 56 2099 1030 257 86 63 359 135 4 62 27 117 115 167 81 24 61 82 96 1007 54 39 5 32 76 8 7 155 12 5 4 16 6 16 15 2 3 5 6 17 9 234 54 38 437 466 182 196 229 774 739 784 297 231 29 100 34 5 98 23 5 80 332 92 556 96 73 929 899 51 326 26 16 136 22 19 2 275 128 182 8 8 15 9 4 7 5 0 9 17 35 1 5 53 191 37 41 17 5 80 110 23 64 6 56 21 13 57 4 336 2152 119 47 11 589 1 1 27 32 71 19 20 29 30 11 88 24 4 49
4 1 3 1 26 19 1 2 2 1 3 15 46 86 614 1174 18 4631 201 30 23 42 48 1231 37 19 146 3779 321 27 102 111 51 250 55 47 627 115 23026 41 1214 122 984 13 82 620 40 324 13 6 1 8 10 38 4 15 233 988 72 329 10511 78 843 561 6708 29 241 195 5214 14 132 26 42 9 1799 1138 3 6 10 0 24 0 43 54 53 47 11 43 44 14 204 43 10 7 98 355 2 32 36 229 0 0 0 3 0 0 0 0 1 0 1 1 2 90 543 17 8 166 2 1513 94 1032 18 3 1 0 1 177 2 367 9 4 28 15 5 35 5 2 48 48 1211 16 543 1 2 16 62 17 59 1477 4 4 15 0 1 17 0 0 0 0 0 3 0 2 25 8 337 463 83 21 3 6 13 13 24 480 3 13 223 16 5 18 14 8 29 10 1 1 11 0 0 33 13 15 1 0 1 1 1 1
6 1 16 1 7 16 2 4 0 3 4 16 3 843 517 73 112 85 75 345 224 5306 1503 10095 4746 6663 3961 372 325 9 14 12 54 71 2070 233 109 289 41 4925 788 465 2889 70 5 73 414 8 34 3 2 21 49 147 11 28 79 91 75 66 75 75 420 346 130 4 596 172 26 51 21 37 254 195 46 23 13 76 34 0 41 1 215 271 338 372 52 18 30 6 50 61 28 39 293 28 1 15 440 19 2 0 0 1 3 0 0 3 0 0 3 1 92 25 1 296 54 126 87 33 324 310 743 39 25 8 25 8 0 39 5 0 8 25 5 36 57 11 216 222 18 70 8 1 21 1 5 0 143 18 28 3 0 0 2 5 0 2 1 0 3 6 0 2 2 37 11 18 1 0 6 22 2 4 4 18 1 2 21 1 26 305 41 3 2 103 0 1 3 4 6 8 7 2 2 2 11 4 1 7
1292 768 2125 695 792 1539 201 967 22 383 235 970 11 219 2052 1556 572 1616 475 1480 2135 839 7193 6158 314 1028 1155 446 304 757 1005 278 445 287 89 19 755 696 1214 788 7842 6301 3585 89 122 654 116 551 3327 107 46 261 34 74 237 2750 194 267 39 40 1694 546 649 124 235 47 222 172 452 526 768 378 514 87 526 844 261 20 221 14 1325 20 739 247 654 161 79 1415 2643 425 1652 1889 362 716 1143 1091 120 107 284 164 16 6 40 46 15 40 9 13 13 23 39 28 13 7 18 20 26 20 16 65 41 78 48 49 25 11 17 6 2 14 42 6 74 166 19 152 7 3 99 69 35 17 23 8 42 16 59 4 25 168 19 69 214 7 2 111 20 13 25 48 5 34 0 10 46 6 50 43 63 22 28 62 20 9 44 157 21 95 373 24 253 239 18 11 70 229 18 41 347 4 24 235 73 52 67 4 17 4 2 7
22 8 27 1 10 3 7 25 0 8 1 6 1 16 94 95 18 210 34 80 25 210 2084 3935 81 297 106 21 33 13 6 6 4 6 41 1 14 19 122 465 6301 6955 4861 11 52 338 59 31 1915 12 3 1 1 13 6 51 10 5 3 1 785 59 128 11 80 13 36 14 187 172 54 6 20 5 11 155 5 0 4 1 114 1 23 29 26 26 6 55 129 65 825 726 83 271 782 10 4 7 38 5 0 0 0 0 0 0 0 1 0 0 0 0 0 0 4 2 0 6 0 27 7 9 11 1 1 1 0 0 0 2 1 0 1 0 0 5 1 0 4 3 8 1 4 0 1 2 22 1 4 95 1 2 3 0 0 10 2 0 2 1 0 0 0 0 3 1 35 22 5 10 0 1 1 1 6 86 2 3 113 5 5 5 0 2 18 1 2 4 13 0 3 15 5 1 0 0 1 0 0 0
32 14 50 6 19 21 10 38 5 8 5 12 60 65 193 340 49 2092 377 224 162 1390 1069 3642 898 821 924 546 455 13 22 7 27 40 815 24 47 103 984 2889 3585 4861 7401 50 318 3333 994 332 1540 85 4 16 73 175 25 86 84 60 89 14 4049 1219 3389 6402 950 63 682 278 859 1159 364 12 81 39 65 648 22 7 12 1 353 4 221 334 336 405 100 443 1085 393 2863 1481 386 1165 4142 42 20 27 420 23 0 0 0 0 2 1 0 1 0 1 0 0 4 8 68 19 5 21 6 398 44 134 59 2 3 1 2 16 2 14 4 2 4 4 0 8 6 2 24 17 136 10 84 2 5 23 106 2 22 737 7 33 95 1 0 96 2 0 2 10 0 1 0 0 6 5 342 145 72 49 2 7 6 2 54 542 3 32 711 43 6 35 10 5 161 15 2 21 86 1 2 196 29 8 1 1 1 0 0 2
0 0 0 1 3 5 2 1 2 1 1 9 6843 0 14 21 100 348 4944 103 49 113 63 16 32 15 4 3 12 1 2 2 7 20 21 2 47 1004 13 70 89 11 50 9962 5369 1698 15 43 1 1229 3 62 8 10 2 7 2 4 7 3 277 14 38 10 24 1050 22 14 42 7 27 554 2408 2213 8 27 648 2654 3185 79 112 841 12 22 27 15 2 721 521 1025 2199 15 5 2 26 4 23 8 30 1 2 5 5 2 3 3 0 3 5 1 8 1 114 33 67 307 174 213 127 319 587 1106 679 136 126 21 46 19 0 73 14 4 34 105 25 176 79 20 512 452 94 177 37 5 43 14 40 5 278 264 90 8 22 2 3 28 6 1 8 13 3 11 1 3 15 68 52 29 26 26 34 42 4 15 17 108 6 20 168 6 123 1000 131 15 33 274 7 8 46 8 24 53 17 3 9 3 43 12 4 23
6 0 11 1 0 0 4 3 69 6 0 2 1099 0 1 1 45 52 1220 56 6 11 14 10 8 3 1 5 35 0 2 1 3 2 4 0 3 253 82 5 122 52 318 5369 7676 925 4 78 13 2583 1 5 12 12 2 3 7 6 0 0 253 104 377 66 289 1882 27 5 477 28 64 293 491 379 9 145 1218 1190 1132 27 181 434 6 10 8 12 3 1329 1400 2883 1345 18 4 13 147 9 532 192 6 1 2 2 5 7 0 5 1 5 11 9 9 5 1 4 287 4 4 7 0 596 48 82 8 0 0 2 0 13 1 14 5 4 8 3 1 7 0 0 34 11 132 8 95 5 4 32 498 10 40 2302 9 30 111 5 6 260 2 1 12 27 1 3 0 4 9 4 776 231 92 388 6 11 12 1 99 1359 4 54 2578 160 3 19 8 7 340 18 12 64 192 1 1 341 47 9 6 3 0 1 1 3
7 3 6 2 12 7 1 7 7 0 0 5 2338 5 12 54 372 3192 6414 184 28 110 49 975 98 41 77 191 173 6 26 24 44 47 20 3 176 2649 620 73 654 338 3333 1698 925 3388 53 101 20 22 0 3 12 40 7 14 98 61 25 5 878 115 1367 1392 1253 2141 214 62 696 59 54 32 178 404 145 117 77 35 99 1 53 5 56 72 67 90 14 164 428 127 2570 36 28 31 442 51 48 23 71 36 1 2 0 4 3 2 0 1 4 1 3 3 4 77 3538 22 17 170 2 4675 251 1798 51 4 2 4 1 317 2 421 20 7 22 19 16 38 12 5 108 104 2330 26 1499 6 6 103 693 53 185 8012 27 20 47 6 2 38 1 1 0 5 1 7 0 7 44 10 2381 2149 378 588 11 34 54 21 32 2091 3 31 845 30 3 32 36 24 121 5 2 8 53 5 4 78 25 40 4 0 2 1 0 0
4 4 14 11 9 28 1 3 0 1 6 20 3 128 92 12 3 43 16 6 105 341 155 741 1420 8 475 264 175 4 12 2 31 231 796 62 163 222 40 414 116 59 994 15 4 53 1512 12 9 1 2 8 29 96 7 12 55 174 203 208 33 31 387 313 190 2 368 317 38 20 9 26 181 62 77 14 7 11 22 0 28 1 106 123 113 257 713 6 14 6 24 22 14 15 160 19 1 6 254 27 0 0 0 0 2 0 0 0 0 0 0 0 26 4 5 55 21 19 31 23 80 43 156 18 12 3 5 2 0 10 2 0 2 11 1 18 11 2 71 76 9 10 4 1 8 2 1 0 22 13 8 0 0 2 0 0 1 0 0 0 1 0 0 1 1 15 5 9 1 0 1 4 1 0 0 10 1 1 10 0 13 95 14 3 2 20 0 0 2 1 1 0 3 1 1 0 1 1 1 4
18 3 12 2 17 20 10 22 2 3 3 14 1 1 5 24 4 57 24 6 14 51 4 26 29 1 3 14 166 11 20 52 22 7 8 2 2 68 324 8 551 31 332 43 78 101 12 9093 100 359 1 6 17 29 4 13 67 58 2 2 1356 6401 1544 102 690 16 163 14 2632 102 5274 15 22 6 184 10202 14 4 10 2 315 10 32 45 36 22 5 1535 3588 250 1617 65 27 40 584 146 4 20 21 26 2 1 1 1 1 0 0 5 1 0 0 1 0 0 8 4 2 1 2 29 25 9 8 1 3 5 6 6 0 2 10 2 4 3 2 8 1 1 22 8 20 25 10 9 27 68 88 2 31 190 9 224 839 3 8 649 8 2 8 32 4 11 0 2 9 3 72 98 321 38 1 17 12 2 396 481 28 345 2009 128 4 21 14 11 746 44 13 87 566 1 4 1223 212 12 6 5 2 1 1 2
53 16 71 2 11 19 18 55 3 18 1 7 0 9 59 92 14 27 26 57 14 99 135 230 26 30 36 12 40 15 12 2 9 8 3 0 5 9 13 34 3327 1915 1540 1 13 20 9 100 6249 20 4 3 1 21 19 53 1 2 0 0 56 112 103 4 8 8 27 8 16 164 205 7 10 5 18 101 10 1 3 0 247 4 42 44 16 24 11 270 361 58 134 4922 157 2097 1626 22 5 5 13 3 0 0 1 0 0 1 0 0 0 1 1 1 0 0 1 3 1 2 0 1 2 4 5 0 1 0 2 0 0 0 1 0 0 8 0 3 0 1 4 3 1 1 0 1 2 3 2 0 3 11 0 4 30 0 0 13 0 1 2 7 0 0 0 3 1 1 5 4 10 3 1 3 0 1 8 15 0 10 56 8 5 11 4 0 11 8 2 7 42 0 0 39 3 1 1 0 1 0 0 0
7 1 10 1 1 2 5 14 45 11 1 6 69 0 1 1 12 5 63 6 2 6 4 6 1 0 1 2 6 5 1 0 0 1 2 0 0 20 6 3 107 12 85 1229 2583 22 1 359 20 6551 31 728 11 5 4 1 2 1 1 0 25 597 276 3 13 2199 10 2 91 22 126 133 115 606 5 140 1117 777 600 879 404 5353 9 1 1 4 1 2719 1689 2957 260 22 3 11 186 2 459 165 4 0 1 0 2 6 4 5 1 4 3 5 8 2 1 0 2 0 1 1 0 12 6 11 15 1 1 3 3 1 1 3 7 3 3 5 1 2 0 0 15 3 5 5 2 5 8 32 50 2 17 99 6 92 309 8 4 304 45 6 31 36 2 3 0 5 5 6 33 31 138 106 5 6 3 0 199 247 12 149 1358 89 4 23 10 2 384 16 18 168 348 1 4 678 95 4 9 0 1 1 1 0
19 4 34 2 11 8 16 33 0 8 1 5 0 0 1 4 1 1 1 1 1 0 2 3 7 0 0 1 29 9 5 3 6 7 1 0 0 8 1 2 46 3 4 3 1 0 2 1 4 31 4227 8885 7 8 19 15 3 2 0 0 0 2 3 2 3 18 10 5 3 93 3 2 10 20 10 3 7 2 3 113 1130 29 40 13 2 4 7 4 3 0 2 3732 3647 82 7 11 4 6 9 2 0 0 2 0 0 0 0 0 0 0 0 1 0 0 0 0 1 0 1 0 0 0 0 2 0 2 0 0 0 0 0 0 0 4 1 4 0 0 2 3 0 0 0 1 1 0 0 0 0 0 0 0 0 0 0 0 206 64 124 14 13 0 0 0 1 0 0 0 0 1 1 0 0 0 1 0 5 0 0 0 6 6 2 0 0 2 8 0 10 1 3 2 1 0 1 0 0 0 0 0
230 46 334 26 71 75 165 346 25 108 5 47 2 2 0 3 2 5 6 7 4 10 1 4 17 4 20 5 215 97 42 25 83 65 4 1 7 44 8 21 261 1 16 62 5 3 8 6 3 728 8885 12581 33 60 99 81 12 77 1 6 3 13 51 10 16 510 44 50 3 94 27 53 109 516 121 5 188 43 63 8158 3252 1458 322 86 15 38 40 108 19 3 8 5389 3634 13 13 64 73 65 29 24 8 1 6 7 3 4 1 9 1 7 8 0 1 0 0 0 7 1 1 2 0 0 3 8 2 7 4 0 0 0 7 1 12 43 6 59 1 0 18 14 0 0 0 12 9 2 2 0 2 2 3 20 14 5 0 6 3484 667 4591 856 116 4 0 2 10 0 0 1 2 8 17 15 6 2 1 1 189 50 11 1 59 102 25 1 0 73 371 8 406 1 61 10 22 6 12 6 4 1 1 0
355 79 333 36 127 150 626 495 88 252 47 99 3 1 3 5 0 11 1 2 14 28 5 21 140 10 38 40 1907 189 115 20 85 57 8 0 5 29 10 49 34 1 73 8 12 12 29 17 1 11 7 33 4392 4081 4504 1 63 68 9 4 15 31 209 51 54 6 179 113 42 23 4 70 91 44 159 10 126 14 35 3 26 5 1891 782 21 84 142 19 14 15 22 44 32 3 43 113 191 2174 145 79 6 1 7 4 11 8 0 1 4 2 9 8 1 1 3 1 8 0 0 4 3 4 2 16 6 8 1 0 0 1 2 2 21 52 8 67 0 0 28 15 1 1 1 3 11 0 0 0 0 8 3 0 1 1 0 0 2 2 0 0 1 12 0 1 8 1 3 1 1 0 10 12 5 0 0 1 0 0 0 0 57 83 9 2 2 67 0 0 4 2 12 2 0 13 11 1 7 0 0 0
916 132 701 67 305 300 1267 974 56 311 43 128 0 5 12 15 1 28 7 2 23 76 17 64 401 16 97 103 6516 524 282 51 155 97 30 4 5 60 38 147 74 13 175 10 12 40 96 29 21 5 8 60 4081 6851 931 8 191 155 12 9 41 81 561 114 127 4 871 250 110 52 18 102 201 50 401 38 112 3 55 0 78 2 1551 10864 63 426 431 27 43 8 46 98 63 21 129 272 54 1803 518 250 9 6 16 17 15 13 2 5 4 8 18 13 2 0 2 2 9 3 1 13 5 7 3 28 10 5 7 0 0 0 17 2 33 112 10 140 0 0 50 36 10 3 5 6 23 0 2 1 2 13 2 0 4 4 2 3 2 5 3 3 4 16 1 2 25 1 8 7 1 1 18 32 12 6 1 16 0 3 10 2 122 172 22 3 2 152 0 0 10 6 21 3 1 21 39 3 10 0 0 2
160 33 177 20 52 55 222 204 25 73 12 40 2 0 1 2 0 3 3 0 8 11 2 12 38 1 14 17 413 81 38 9 29 8 1 0 0 12 4 11 237 6 25 2 2 7 7 4 19 4 19 99 4504 931 10046 479 14 30 2 3 11 18 76 19 24 3 63 35 15 32 16 30 32 20 60 5 43 3 15 1 155 3 1915 230 9 33 50 18 15 7 9 324 75 11 21 51 62 1120 36 31 1 1 4 0 3 0 0 0 2 6 3 1 0 0 1 1 0 0 0 2 1 1 2 7 4 4 1 0 0 0 4 1 7 22 2 16 0 0 16 5 0 0 1 1 7 0 0 0 2 0 0 0 0 1 0 0 0 2 2 3 1 4 0 0 2 0 0 2 0 0 3 4 1 0 0 2 0 1 1 0 25 22 6 1 1 24 1 0 4 0 5 0 0 1 7 0 0 1 0 2
274 113 422 78 121 197 55 256 11 71 18 89 1 2 2 10 0 9 6 2 3853 117 14 22 112 8 12 19 65 112 115 33 37 28 3 0 2 27 15 28 2750 51 86 7 3 14 12 13 53 1 15 81 1 8 479 3458 18 29 2 4 35 28 94 17 35 0 100 54 30 65 53 40 82 15 116 19 31 3 18 2 257 8 2823 209 659 129 25 55 65 14 37 646 93 32 56 152 14 9 171 38 5 0 3 3 1 1 0 1 2 1 5 3 0 0 1 0 3 1 0 2 1 1 3 7 4 2 0 0 0 0 6 0 4 22 3 28 1 0 4 5 1 1 0 1 6 2 0 1 0 7 0 4 9 0 0 2 2 1 2 11 2 4 0 0 4 1 4 1 4 0 3 6 2 1 1 7 3 7 13 0 33 55 1 2 4 37 2 1 13 0 4 6 3 5 10 0 3 1 0 2
22 22 20 29 1923 102 2 7 0 3 9 22 2 51 33 26 1 72 5 0 77 111 4 46 454 4 182 476 5175 4388 5992 14 16 15 77 8 10 8 233 79 194 10 84 2 7 98 55 67 1 2 3 12 63 191 14 18 7931 380 15 3 84 73 802 182 718 1 4601 1191 439 9 16 10 15 8 3419 49 2 0 4 0 30 0 147 140 192 660 1774 7 20 3 25 30 14 3 84 2872 4 214 2552 4350 0 1 1 1 0 1 0 0 0 1 3 0 0 0 4 0 1 2 3 32 1 12 7 4 1 0 0 2 0 1 1 1 1 3 0 5 0 0 4 2 20 0 5 0 2 0 6 0 1 47 0 1 0 0 0 0 0 0 0 2 0 0 0 1 2 0 15 17 3 1 0 1 4 0 1 25 1 0 26 1 2 7 2 0 3 4 0 0 2 0 0 1 1 2 5 0 0 0 0 0
9 8 22 8 14 49 2 10 3 6 10 35 3 349 559 515 1 282 15 25 158 180 66 87 35 0 303 804 618 27 178 5146 5393 8116 654 206 805 396 988 91 267 5 60 4 6 61 174 58 2 1 2 77 68 155 30 29 380 5048 2134 3284 180 11 224 114 522 3 668 441 349 19 34 787 1080 18 1098 117 12 3 329 0 118 0 187 144 145 149 24 14 15 8 26 72 41 9 18 251 20 28 201 176 0 1 5 6 2 8 0 0 5 3 6 4 2 0 15 8 12 9 3 63 12 33 21 9 6 3 5 4 0 5 8 3 11 12 3 33 0 1 31 36 51 7 14 4 9 0 0 0 6 81 0 1 4 0 0 1 0 0 0 6 3 6 1 1 3 4 19 11 2 2 6 11 2 3 1 19 0 2 25 1 15 60 6 0 5 40 1 0 8 1 1 2 0 6 10 1 3 0 0 0
2 5 10 7 3 15 2 1 0 0 1 11 0 263 312 20 5 19 1 7 39 74 35 74 29 3 188 299 43 1 9 7 17 2279 1832 1826 1867 176 72 75 39 3 89 7 0 25 203 2 0 1 0 1 9 12 2 2 15 2134 2542 6118 7 3 109 99 139 1 44 757 34 3 3 3 31 34 756 2 2 10 13 0 6 0 9 13 13 9 13 1 1 0 4 8 1 1 22 11 2 3 16 19 0 1 0 0 1 0 0 1 0 0 0 0 6 4 1 19 29 7 14 7 35 10 56 11 11 3 6 0 1 1 1 0 4 14 4 24 3 0 64 61 3 5 2 0 4 0 0 0 13 9 3 1 0 2 0 0 0 0 0 0 0 2 0 0 2 8 4 5 0 0 4 4 0 3 0 4 1 0 2 0 12 70 3 1 0 19 0 0 2 0 3 1 1 0 0 0 3 0 1 0
1 0 2 4 0 8 1 0 0 1 0 2 0 850 1415 252 1 72 3 9 12 26 5 21 12 1 108 411 27 0 3 1 12 1421 1598 1222 1419 35 329 66 40 1 14 3 0 5 208 2 0 0 0 6 4 9 3 4 3 3284 6118 1563 6 2 30 20 89 0 16 447 36 1 0 2 6 6 554 6 2 3 8 0 11 0 11 11 5 5 2 0 1 1 2 7 3 1 1 4 0 0 4 5 0 0 1 1 0 1 0 0 0 0 0 0 8 2 2 5 22 2 6 10 11 12 10 5 2 1 2 0 0 3 1 1 2 7 5 28 1 1 37 23 2 4 1 0 6 1 0 0 3 7 6 0 0 3 0 0 0 0 0 2 0 3 0 1 3 5 0 1 0 0 0 6 2 2 0 1 3 0 1 0 6 70 3 2 0 16 0 0 1 1 2 0 0 1 2 0 3 1 0 2
12 5 18 4 13 14 2 11 1 1 0 15 25 8 32 77 71 4031 291 18 24 122 54 596 84 36 34 156 197 15 27 65 65 59 27 3 99 930 10511 75 1694 785 4049 277 253 878 33 1356 56 25 0 3 15 41 11 35 84 180 7 6 5816 333 3369 762 2308 101 199 42 5703 107 445 42 138 26 326 8606 9 2 19 1 111 3 75 76 70 90 16 307 1237 66 3828 71 32 54 944 133 8 10 59 36 0 2 0 0 1 2 0 2 0 0 2 2 1 10 629 5 3 26 1 649 77 300 13 2 1 3 1 97 0 84 9 8 10 5 6 8 4 1 32 29 453 15 422 3 7 51 506 16 68 2252 6 18 51 2 4 53 0 1 0 5 1 6 0 4 18 9 821 805 134 113 2 11 14 4 43 1250 3 18 902 49 3 15 10 17 156 11 2 11 43 1 4 81 30 21 2 0 2 0 3 1
36 8 36 5 15 20 11 32 1 9 2 10 2 7 41 89 10 52 30 40 60 320 127 183 170 51 25 26 332 9 20 16 9 11 14 1 7 15 78 75 546 59 1219 14 104 115 31 6401 112 597 2 13 31 81 18 28 73 11 3 2 333 18327 5798 150 390 14 384 28 1518 8043 3025 8 21 9 98 1110 19 2 9 5 715 110 129 142 137 123 10 867 1155 350 680 167 482 406 5734 62 7 32 122 32 4 5 1 3 0 0 0 9 0 2 1 0 1 0 12 5 2 9 1 26 14 27 21 2 3 9 17 7 4 7 8 2 8 8 3 7 4 1 10 5 12 21 5 12 30 103 96 13 36 144 17 606 1472 4 22 587 18 7 8 116 5 9 0 2 8 6 73 122 489 47 10 14 8 3 433 441 98 632 1798 132 7 39 18 12 640 52 72 108 1220 3 0 1486 609 12 11 4 0 2 1 0
18 12 23 6 59 55 5 16 3 3 14 58 42 25 81 106 12 303 69 53 213 1245 278 508 854 209 174 166 2220 57 167 60 43 43 249 29 32 73 843 420 649 128 3389 38 377 1367 387 1544 103 276 3 51 209 561 76 94 802 224 109 30 3369 5798 26509 8580 8080 55 2708 447 6759 659 472 20 60 27 709 1831 21 4 26 1 292 9 648 740 685 861 165 313 1255 341 3489 263 137 240 6520 433 15 190 808 222 1 1 0 1 1 1 0 2 1 0 3 0 7 6 131 32 7 16 9 431 53 100 66 3 1 5 5 13 2 24 8 4 8 7 3 9 3 1 33 33 120 11 112 5 10 58 304 7 48 1137 6 65 175 0 2 267 3 1 2 11 2 3 0 5 11 14 548 261 138 65 3 15 13 4 144 1061 5 80 1517 96 3 42 11 6 413 19 5 26 142 0 2 406 75 12 4 1 3 1 2 0
4 1 6 1 9 8 1 2 1 2 0 1 60 48 60 93 1 1549 268 4 22 103 13 575 174 16 700 1054 437 7 41 8 5 19 378 42 28 32 561 346 124 11 6402 10 66 1392 313 102 4 3 2 10 51 114 19 17 182 114 99 20 762 150 8580 6928 3848 21 634 273 652 30 20 5 22 10 103 113 0 0 1 0 35 0 118 126 105 174 62 21 46 16 174 25 13 9 1217 44 2 29 174 50 2 0 0 0 0 0 0 0 0 1 0 0 1 14 122 11 5 29 6 633 36 239 41 1 3 0 0 26 0 56 3 0 2 7 2 8 4 1 15 23 376 7 169 0 0 5 12 3 20 551 5 2 9 1 0 4 0 0 0 0 0 0 0 0 4 3 192 182 41 9 1 4 5 2 5 213 0 3 54 7 2 17 1 2 9 4 0 0 4 2 0 11 4 5 0 0 0 1 0 1
12 5 12 0 61 36 0 4 1 3 7 33 69 50 257 376 5 1253 167 4 73 76 12 192 90 6 553 2388 1021 54 263 59 28 64 224 67 108 47 6708 130 235 80 950 24 289 1253 190 690 8 13 3 16 54 127 24 35 718 522 139 89 2308 390 8080 3848 3277 32 1004 373 6270 31 201 23 19 19 1419 399 11 3 8 0 49 2 160 174 159 224 44 37 83 51 399 40 26 12 389 520 10 78 171 368 1 3 0 0 1 1 0 1 0 1 2 2 6 20 259 12 6 53 4 1008 63 358 41 5 1 4 4 52 1 69 9 3 13 10 0 8 6 1 26 30 576 14 317 1 5 37 300 5 44 1578 15 6 27 0 1 31 0 1 0 2 0 1 0 1 17 5 657 460 79 43 2 10 13 5 35 1023 0 17 583 29 1 20 5 7 101 10 1 3 30 2 3 58 16 9 2 1 3 1 1 2
1 0 2 0 1 2 5 4 42 4 1 1 2006 1 0 1 7 208 812 17 1 4 2 6 1 2 2 1 11 0 0 0 1 1 2 1 3 82 29 4 47 13 63 1050 1882 2141 2 16 8 2199 18 510 6 4 3 0 1 3 1 0 101 14 55 21 32 1967 6 0 35 10 11 66 86 1053 7 27 968 1521 458 559 148 1687 2 2 0 2 0 763 474 1047 1564 19 0 0 33 3 327 136 5 1 1 0 0 3 1 4 0 0 1 3 5 1 1 2 255 2 2 8 1 177 16 69 13 0 1 1 0 2 0 5 1 0 3 0 1 4 2 0 7 6 50 2 19 0 1 5 84 8 9 437 2 9 25 0 0 18 25 6 28 13 0 2 0 1 0 2 52 35 11 234 0 3 2 0 9 72 0 9 224 6 1 11 2 1 26 6 0 4 28 0 1 33 3 0 3 1 0 0 0 0
221 129 302 55 375 142 11 133 7 48 27 87 8 59 56 42 2 161 19 6 85 293 51 291 1907 63 608 759 3958 212 2138 75 215 176 160 16 12 142 241 596 222 36 682 22 27 214 368 163 27 10 10 44 179 871 63 100 4601 668 44 16 199 384 2708 634 1004 6 9487 1699 652 139 86 152 388 61 2890 185 168 4 96 1 119 1 822 5058 413 3562 3072 77 135 28 175 171 89 43 560 1144 57 66 2780 3033 11 5 21 14 14 20 2 2 11 12 36 20 1 2 15 4 20 4 0 82 12 16 13 62 22 19 7 11 0 12 23 3 54 177 13 200 0 2 85 65 35 6 27 10 50 8 18 0 7 91 7 6 16 12 2 13 3 8 2 11 10 29 1 9 45 4 39 41 11 4 32 69 19 6 7 75 11 11 61 9 213 285 36 10 18 207 1 3 19 4 39 8 4 32 45 0 15 2 0 3
7 10 27 21 21 38 4 14 2 5 7 22 1 146 180 71 3 64 8 8 147 217 112 229 158 5 497 708 746 8 549 8 38 575 358 92 307 148 195 172 172 14 278 14 5 62 317 14 8 2 5 50 113 250 35 54 1191 441 757 447 42 28 447 273 373 0 1699 466 132 24 12 17 103 18 551 17 4 7 17 0 79 3 315 459 213 914 372 17 19 3 19 76 43 8 60 44 2 35 1055 668 0 0 1 0 0 2 0 0 0 0 2 0 2 1 3 9 20 5 6 21 15 14 27 4 5 0 3 1 0 3 0 0 3 7 2 16 3 2 25 28 19 6 9 2 5 0 1 0 6 13 5 2 0 0 1 0 1 1 1 3 0 0 0 0 2 5 10 4 2 1 3 1 1 2 0 10 0 1 13 1 8 54 6 1 2 16 1 0 6 1 2 3 2 2 2 0 2 0 0 0
6 6 4 0 45 41 5 5 1 0 7 30 46 14 77 154 7 557 66 8 48 79 11 72 45 10 38 319 797 76 138 98 27 36 28 9 36 70 5214 26 452 187 859 42 477 696 38 2632 16 91 3 3 42 110 15 30 439 349 34 36 5703 1518 6759 652 6270 35 652 132 4089 55 1063 29 27 10 1101 3939 17 4 13 0 93 2 129 131 144 93 24 180 252 103 1221 52 21 19 495 560 15 88 102 228 1 1 1 1 4 0 1 4 0 0 2 1 2 7 211 3 9 19 1 480 64 81 16 2 2 2 4 30 0 18 12 10 13 5 5 6 3 1 27 16 184 8 154 3 12 89 629 13 59 1939 13 32 102 0 1 210 2 0 0 6 1 14 1 1 15 9 842 486 110 99 3 21 27 9 120 2085 9 34 1908 115 8 29 7 10 355 14 3 20 94 3 3 291 62 18 3 1 0 0 3 1
124 27 175 19 32 35 66 155 5 46 5 18 1 5 44 120 6 57 34 45 21 205 134 152 61 30 31 19 148 37 22 15 31 17 11 0 4 19 14 51 526 172 1159 7 28 59 20 102 164 22 93 94 23 52 32 65 9 19 3 1 107 8043 659 30 31 10 139 24 55 8265 1621 29 37 15 51 98 14 2 20 2 1248 82 99 98 51 62 17 341 222 118 251 1142 1401 2049 3929 32 7 22 76 12 1 1 3 1 1 0 0 2 2 2 5 2 1 0 1 4 2 4 1 6 2 13 10 8 3 0 4 2 1 1 4 1 3 18 3 20 0 0 13 13 1 7 1 10 12 16 11 0 4 31 1 161 197 1 8 39 60 40 117 446 1 0 0 1 4 1 8 14 42 17 6 11 1 0 38 59 159 320 217 15 18 43 14 2 67 32 100 17 918 1 0 155 297 6 9 1 0 0 0 0
77 28 112 10 26 29 44 88 3 26 1 11 2 2 18 39 3 29 15 17 11 48 26 56 21 9 8 21 110 25 15 18 27 16 3 0 5 40 132 21 768 54 364 27 64 54 9 5274 205 126 3 27 4 18 16 53 16 34 3 0 445 3025 472 20 201 11 86 12 1063 1621 11118 19 32 19 78 1981 21 4 11 8 5280 221 52 58 21 39 22 1008 983 157 596 307 211 361 1070 69 17 17 44 19 12 5 9 1 3 4 1 11 2 3 4 1 1 2 2 9 1 14 0 13 8 9 9 5 5 10 23 14 7 4 11 6 6 8 3 19 2 0 14 11 11 29 3 17 43 97 62 6 13 94 12 1018 1587 20 29 267 124 62 178 897 2 3 0 5 4 5 41 77 303 23 21 15 8 1 220 191 367 1319 881 58 9 50 28 9 272 74 270 100 3713 7 9 1106 1128 2 15 3 2 4 0 4
