44951 13105 12108 8465 1419 2871 9314 4767 595 1626 143 5108 0 2 2 2 3 1 0 1 165 44 1 3 32 1 3 3 10114 16052 320 30 87 20 1 0 3 23 1 3 1085 1 16 1 1 2 3 14 41 3 333 432 1628 2749 774 323 92 11 0 1 5 50 39 6 17 4 575 5 24 88 41 80 39 25 84 6 59 2 28 13 216 19 1279 907 1054 228 23 29 16 3 9 604 432 112 77 145 406 3253 115 31 39 11 119 182 9 220 36 21 22 83 78 199 1 0 0 0 1 2 0 1 2 1 3 3 1 1 0 1 0 0 16 1 31 147 1 34 0 0 29 13 0 1 0 23 14 1 0 0 2 1 2 2 2 4 0 1 12 16 14 2 21 41 2 9 20 0 2 0 0 0 25 9 0 0 0 0 4 2 1 0 102 53 6 0 0 45 7 1 8 2 32 4 2 9 94 9 9 0 0 0
13105 30431 4281 25897 957 1978 99 36 52 51 53 1127 0 0 0 2 1 2 3 1 124 40 1 2 13 1 2 2 621 4829 83 23 44 6 0 0 0 7 0 1 715 0 8 0 1 0 3 10 19 2 72 122 161 448 150 113 44 3 0 0 2 13 8 0 2 0 298 0 5 23 16 57 11 11 18 1 37 0 8 0 59 7 364 325 629 194 10 18 5 4 8 187 152 37 23 20 332 131 65 6 46 15 157 229 13 318 52 23 59 111 94 311 0 0 1 0 0 1 0 0 3 5 2 1 1 0 0 0 0 0 19 0 54 172 0 43 0 1 36 11 1 3 0 36 15 0 0 0 1 3 2 0 2 3 0 0 4 15 7 1 26 42 3 12 22 0 0 0 0 0 47 9 1 0 0 0 0 2 0 1 146 39 6 1 1 35 6 0 3 2 42 2 1 20 106 14 11 0 0 0
12108 4281 35988 6147 97 3703 1079 3599 255 7574 364 28205 0 0 1 0 0 0 0 0 94 35 1 0 7 0 0 1 764 878 42 14 33 8 0 0 0 6 0 3 526 1 7 1 2 2 3 6 17 0 111 125 308 733 210 116 27 4 0 0 2 11 10 1 0 0 285 0 7 39 17 49 9 13 25 3 43 1 12 3 65 6 453 318 448 124 9 9 5 1 3 222 126 49 16 21 445 452 72 9 62 13 219 261 14 380 75 36 62 149 142 330 0 0 0 0 0 2 0 1 3 2 2 1 1 0 0 0 0 0 27 1 51 141 3 38 0 0 23 13 0 1 0 31 7 0 0 0 2 3 1 1 0 4 0 1 5 15 3 1 22 40 2 15 19 0 1 0 0 1 41 12 0 0 0 0 2 1 1 0 132 44 4 0 1 38 3 1 7 0 48 1 0 19 170 14 9 2 0 1
8465 25897 6147 19828 4748 10495 162 47 81 149 132 4279 0 0 4 2 2 0 2 2 276 153 6 2 36 2 2 6 739 8403 175 13 54 11 1 0 1 13 1 2 893 1 18 1 1 2 4 10 16 1 77 104 221 527 147 150 90 3 0 0 3 21 25 0 16 0 361 6 13 35 20 50 17 16 36 2 30 0 7 7 57 6 465 424 995 365 11 14 9 1 7 206 120 39 29 48 519 186 205 16 85 33 262 343 15 466 99 55 102 197 207 493 0 1 0 0 0 1 1 5 3 1 1 2 1 1 0 0 0 0 51 0 52 203 0 60 0 0 28 8 1 0 0 21 16 0 1 0 0 3 0 0 1 8 0 2 4 11 3 2 37 52 8 29 24 0 1 0 0 0 64 19 3 0 0 0 2 2 1 0 208 63 11 1 1 63 5 0 8 3 42 6 2 16 212 22 22 1 0 1
1419 957 97 4748 17343 8018 925 107 26 65 40 1050 0 33 51 14 25 8 2 14 300 386 7 9 32 0 8 52 2432 8320 9193 674 859 218 2 2 12 116 53 3 966 7 18 2 1 5 4 57 25 1 72 118 434 857 176 104 1069 88 5 3 36 149 164 16 206 1 537 8 393 40 20 222 121 9 649 27 26 0 35 3 46 1 358 339 725 421 51 16 12 2 26 148 73 32 48 4547 80 606 275 197 2 2 16 17 2 23 4 1 5 9 7 32 0 0 5 1 3 1 3 15 4 13 5 0 0 0 0 1 0 0 0 0 4 31 0 15 0 0 22 8 10 4 5 6 2 1 2 0 2 32 0 1 2 0 0 2 7 3 3 0 3 4 1 3 2 0 11 8 0 1 11 0 1 0 0 6 2 3 9 4 18 16 3 1 2 5 1 0 8 0 8 4 2 2 15 2 2 0 1 0
2871 1978 3703 10495 8018 19475 900 994 157 953 401 17395 0 16 31 6 16 8 4 2 809 922 18 5 107 5 6 43 857 7179 589 3342 2937 235 3 1 15 147 47 13 1862 5 20 6 1 7 15 62 23 1 84 134 287 631 228 198 83 107 2 2 26 132 117 14 158 1 365 10 343 47 24 770 292 28 442 13 164 3 147 3 65 8 504 463 1505 829 26 17 13 4 19 187 150 48 47 2000 1030 457 688 40 72 30 227 347 17 441 90 50 96 187 202 454 0 0 6 0 1 4 1 12 16 23 11 5 7 0 0 0 0 5 41 1 68 207 3 77 1 0 61 40 9 3 5 32 17 0 1 1 4 40 2 3 3 5 0 3 8 20 2 1 28 54 7 25 24 1 4 3 1 2 59 17 1 2 2 5 6 2 16 1 239 73 12 1 2 70 4 0 8 3 62 6 2 25 200 29 12 1 1 0
9314 99 1079 162 925 900 10894 9539 788 3678 312 2154 1 4 3 0 0 1 0 1 25 28 2 1 12 0 2 4 2171 2569 277 12 39 15 1 0 0 6 2 2 156 2 6 2 1 0 3 4 15 3 103 130 1026 1178 333 66 32 2 0 0 2 19 10 0 13 1 78 3 23 20 10 39 14 5 32 1 48 5 11 7 35 5 441 273 196 59 12 4 9 2 2 149 103 24 19 115 443 4516 27 15 5 2 19 21 2 37 6 3 6 13 13 37 0 0 0 0 0 1 1 3 2 1 0 0 1 0 0 0 0 0 5 0 4 15 1 2 0 0 5 7 1 1 0 2 1 1 0 0 2 6 1 2 5 1 0 0 6 3 2 2 0 3 0 1 1 1 0 0 0 0 5 4 0 0 0 0 2 1 2 0 15 3 2 0 0 4 2 0 4 0 3 0 0 1 11 2 2 0 0 0
4767 36 3599 47 107 994 9539 17468 2756 24917 717 8103 0 1 0 0 0 0 1 0 20 18 0 0 2 0 0 1 297 369 44 4 20 3 0 0 1 3 2 0 169 0 1 0 1 2 0 3 3 1 70 90 401 471 185 56 10 1 0 0 2 7 2 0 3 0 71 1 6 20 7 27 8 5 11 0 22 2 4 3 37 4 243 150 109 34 9 7 2 0 0 121 70 15 10 18 255 1319 15 5 9 3 31 51 3 75 15 6 10 37 26 44 0 0 0 0 0 0 1 0 1 1 0 1 0 0 0 0 0 0 6 0 3 22 0 5 0 0 4 2 0 0 0 3 1 0 0 0 2 3 0 0 0 2 0 0 0 2 2 1 1 1 1 1 5 0 0 0 0 0 3 2 1 0 0 0 0 0 0 0 25 11 2 0 0 8 2 0 4 0 7 0 0 2 36 0 0 0 0 0
595 52 255 81 26 157 788 2756 745 2313 323 987 28 0 2 0 1 0 2 1 14 25 0 0 4 0 0 0 41 123 14 23 104 10 0 0 0 9 0 0 38 1 0 16 129 8 0 1 2 107 10 61 262 91 38 7 4 3 0 0 0 1 0 0 1 36 11 0 0 1 3 327 35 199 9 1 1083 68 279 76 37 130 37 33 31 12 0 47 8 31 21 21 15 4 5 13 2119 1932 6 1 2 1 7 9 0 11 8 0 0 2 6 20 0 0 1 2 1 2 0 3 19 23 13 1 0 0 1 0 0 0 3 0 5 25 2 21 0 0 37 31 0 1 0 2 0 0 2 0 14 8 0 1 1 1 0 2 2 1 5 0 4 3 0 2 0 0 0 2 0 1 4 1 0 0 2 3 1 1 10 2 12 22 26 0 0 16 1 0 4 0 8 1 1 1 7 0 3 0 0 1
1626 51 7574 149 65 953 3678 24917 2313 36926 10618 30991 0 1 1 0 0 1 0 0 17 20 0 0 0 0 0 3 225 294 36 5 51 3 1 0 0 4 1 1 97 0 2 0 1 0 1 1 2 2 50 64 486 291 102 29 9 0 0 0 1 3 7 0 3 1 71 0 1 5 2 191 10 15 8 1 161 4 25 1 15 4 143 115 86 14 4 5 2 0 5 69 52 7 3 11 1951 2374 18 0 58 14 140 151 3 239 66 57 58 207 127 218 0 0 0 0 0 1 0 1 3 2 0 0 1 0 0 0 0 0 17 1 19 77 0 22 0 0 15 4 0 1 0 10 6 0 2 0 1 2 0 0 0 3 0 0 5 5 3 0 13 12 3 10 6 0 0 0 0 0 16 8 2 2 1 1 2 0 1 0 101 26 4 0 0 19 3 1 2 0 26 0 0 9 179 26 4 0 0 0
143 53 364 132 40 401 312 717 323 10618 7076 6514 0 0 0 0 2 0 2 0 42 70 0 0 4 1 1 0 38 73 7 54 293 4 0 0 0 8 3 1 112 0 3 2 2 0 0 1 0 1 12 14 134 68 20 8 3 1 0 0 0 3 1 0 0 0 21 1 12 3 0 679 24 11 8 0 322 0 47 1 5 2 41 23 54 32 4 2 3 1 1 15 9 5 2 49 2713 387 32 0 50 11 102 173 5 235 51 29 46 118 129 234 0 0 0 1 0 1 0 3 1 3 1 0 1 0 0 0 0 0 21 0 40 96 0 35 0 0 20 10 0 0 0 23 8 1 0 0 2 2 1 0 0 6 0 0 2 7 1 2 14 29 0 7 11 2 0 0 0 0 26 6 0 1 0 1 0 0 0 0 126 33 6 0 0 39 1 0 2 4 18 1 2 14 115 16 7 0 0 0
5108 1127 28205 4279 1050 17395 2154 8103 987 30991 6514 37398 5 6 12 5 6 5 12 6 623 988 22 7 103 4 3 15 735 1552 110 1188 3348 113 4 0 5 86 15 10 1561 3 9 24 11 15 10 22 22 13 143 178 608 780 274 177 50 137 0 0 21 62 61 4 56 6 314 25 125 39 25 3851 387 208 417 14 1084 12 511 9 69 14 571 429 1125 526 91 22 18 1 30 249 171 44 32 1347 5911 1323 484 31 243 73 689 1020 61 1328 231 138 253 566 579 1391 5 1 8 1 5 9 18 11 36 15 15 16 13 3 0 1 0 2 109 2 210 852 0 300 1 1 264 176 6 11 5 120 57 5 4 0 26 17 8 1 4 26 0 3 22 53 9 13 123 176 22 67 86 3 9 3 0 0 230 66 7 6 2 8 20 2 7 3 705 367 58 9 3 285 8 3 12 12 207 4 7 74 651 66 51 4 1 8
0 0 0 0 0 0 1 0 28 0 0 5 6634 0 1 2 4 255 8438 39 0 5 0 5 1 0 5 12 3 0 0 0 7 0 0 0 0 164 6 1 14 3 9 4805 3406 5176 0 5 8 180 2 16 3 2 2 0 2 1 2 0 11 3 10 10 10 2896 1 0 8 2 1 50 710 1158 1 9 428 260 538 43 14 50 0 1 0 0 0 52 39 66 695 5 0 2 21 1 88 12 1 0 0 0 0 1 0 0 0 0 0 0 0 1 0 13 497 1 1 45 3 624 26 562 10 1 3 1 2 16 1 11 1 2 3 10 2 22 0 0 63 36 171 4 137 1 3 30 327 75 45 2404 1 0 7 1 2 33 5 0 3 4 0 3 0 0 4 1 332 85 5 106 0 1 5 8 4 182 1 4 510 40 0 15 84 2 17 5 3 2 20 0 0 48 12 9 1 0 1 1 1 0
2 0 0 0 33 16 4 1 0 1 0 6 0 6376 6826 210 754 36 16 59 8 16 41 268 0 5 2064 932 34 23 63 1 43 459 2704 3928 1914 287 37 19 344 16 86 0 0 18 137 10 26 3 1 1 1 13 1 1 15 279 1295 256 20 23 52 87 100 0 10 266 50 6 3 1 5 1 511 8 0 0 0 0 3 1 3 4 6 3 9 2 4 2 16 10 5 11 45 99 0 0 2 5 0 0 0 0 0 0 0 0 0 0 0 0 9 7 7 14 1 30 11 17 48 236 66 0 0 0 1 2 1 6 0 0 0 2 0 3 6 2 7 10 5 5 1 0 1 1 1 0 21 11 0 1 1 0 0 0 0 0 0 0 0 0 0 0 0 0 4 0 0 0 0 0 1 1 0 2 0 0 2 0 0 5 0 1 0 4 0 1 1 0 0 1 0 0 0 0 0 0 0 0
2 0 1 4 51 31 3 0 2 1 0 12 1 6826 11341 4648 1686 688 149 931 25 52 158 221 9 14 1398 2017 53 38 83 7 56 466 1336 1159 1720 367 250 28 1117 70 112 2 1 52 63 18 110 2 4 5 8 15 6 2 20 327 471 174 114 74 82 96 423 0 16 237 216 17 5 1 6 1 694 19 3 0 1 0 13 1 2 6 8 10 21 16 38 7 52 47 20 58 155 204 1 3 16 3 0 0 0 0 0 0 0 0 0 0 0 0 9 3 5 6 1 12 16 26 32 114 34 1 3 1 0 0 1 5 0 0 1 4 0 0 5 1 10 9 9 7 1 0 0 0 1 1 8 20 1 1 3 0 0 1 0 0 0 0 0 0 0 0 1 2 7 2 1 1 2 1 0 1 1 3 0 2 4 0 0 5 2 1 0 4 2 0 0 0 0 1 1 0 0 0 1 0 0 2
2 2 0 2 14 6 0 0 0 0 0 5 2 210 4648 17589 809 4344 2025 1411 19 69 210 155 11 22 284 2362 16 6 19 0 17 127 72 24 599 326 1856 21 1149 112 134 1 8 165 23 99 90 6 2 6 0 5 2 0 6 44 20 21 582 92 90 76 758 1 10 47 629 24 14 3 14 9 110 107 3 2 2 0 18 5 0 2 5 4 12 38 36 5 74 55 23 52 173 51 0 0 8 0 0 0 0 0 0 0 0 0 0 0 0 0 44 46 136 26 5 119 26 348 55 733 33 2 2 0 5 22 4 60 1 0 0 8 1 5 9 2 30 27 163 30 105 0 1 9 6 8 47 265 8 3 2 0 2 3 2 0 0 3 0 0 1 1 3 13 57 52 4 2 1 2 10 6 1 36 1 1 29 1 1 27 4 3 2 14 3 0 7 0 0 10 2 9 0 0 2 1 2 4
3 1 0 2 25 16 0 0 1 0 2 6 4 754 1686 809 1660 374 894 1185 47 197 173 137 44 26 118 97 12 6 28 2 37 266 349 354 3524 1483 128 88 930 61 82 7 5 131 90 36 107 3 2 18 1 4 4 1 15 91 154 60 108 51 43 19 59 4 13 89 64 17 6 0 14 26 279 22 2 16 2 1 9 7 3 9 11 14 16 16 41 3 40 48 20 46 123 93 2 1 34 6 0 0 0 0 0 4 0 1 0 1 0 7 74 17 33 52 12 22 71 27 215 316 104 16 30 0 10 7 15 48 5 4 7 13 0 29 30 12 95 123 13 120 14 2 12 2 5 2 160 36 35 0 2 0 1 1 1 1 2 2 2 3 3 1 5 27 4 10 1 0 10 12 11 30 0 6 2 4 7 3 3 71 20 13 0 105 1 0 12 10 4 3 4 7 3 2 19 10 3 24
1 2 0 0 8 8 1 0 0 1 0 5 255 36 688 4344 374 18878 5592 917 11 46 148 890 8 37 1039 538 13 4 8 0 25 51 47 7 308 1093 4287 36 945 132 627 54 3 2301 52 257 85 5 2 9 1 17 7 0 12 15 24 3 3748 144 172 335 733 16 20 35 1086 21 27 10 194 142 53 349 0 4 4 7 33 7 3 8 6 3 20 78 86 18 189 27 13 37 326 19 1 0 8 3 0 0 0 0 1 0 0 6 1 0 0 3 41 274 1193 39 14 621 36 2376 128 4405 56 4 6 6 3 146 7 312 2 2 14 33 7 79 19 7 180 135 1132 43 674 0 9 68 56 113 194 1686 14 19 21 0 3 25 4 2 2 9 2 0 0 1 32 12 226 350 13 14 2 5 47 17 6 195 8 13 117 22 0 47 86 5 9 12 12 1 47 1 2 41 31 46 2 1 1 4 1 1
0 3 0 2 2 4 0 1 2 0 2 12 8438 16 149 2025 894 5592 49709 7329 22 136 74 390 52 62 454 168 9 5 3 2 58 19 98 1 186 6442 57 212 396 69 266 3767 434 6892 90 78 115 69 3 40 6 7 5 1 8 3 14 0 187 89 111 185 79 254 18 28 42 24 14 49 1130 3949 14 65 42 1630 75 41 64 70 0 1 14 21 10 69 118 53 1143 47 15 50 245 4 7 0 33 5 0 1 0 1 2 9 0 7 0 1 1 28 549 362 2256 463 76 1616 472 4771 1764 14447 1166 47 67 11 37 125 51 489 13 16 34 161 9 134 187 40 894 651 1011 586 531 11 28 86 147 216 1405 2466 97 23 21 1 2 35 2 1 9 8 5 12 4 7 43 119 283 281 17 36 26 31 49 107 13 211 7 15 299 43 11 458 541 53 22 386 14 2 41 11 11 72 25 51 23 1 21 15 9 61
1 1 0 2 14 2 1 0 1 0 0 6 39 59 931 1411 1185 917 7329 3524 28 110 106 102 19 33 72 45 8 4 11 0 16 70 89 17 501 370 178 52 609 62 98 15 11 159 42 42 154 10 2 17 0 5 4 0 1 34 34 10 174 86 51 10 57 4 20 35 67 25 22 3 11 44 63 48 0 40 5 4 18 11 3 2 15 13 11 44 53 10 74 73 41 84 216 25 0 0 14 1 0 1 2 1 1 2 0 1 0 0 0 3 160 23 74 131 9 60 115 76 262 742 105 13 19 2 11 11 14 65 3 4 3 20 0 10 45 12 95 104 12 187 15 2 9 1 4 3 220 40 45 2 2 0 0 5 0 2 2 5 1 4 0 3 1 32 9 9 1 1 8 5 7 38 0 10 2 4 10 2 1 82 27 13 2 118 4 1 4 1 2 10 2 4 4 1 16 6 4 14
165 124 94 276 300 809 25 20 14 17 42 623 0 8 25 19 47 11 22 28 4813 5385 1529 95 325 67 21 17 61 188 214 72 326 208 6 0 58 323 8 136 1866 29 948 20 0 1 69 8 44 0 4 10 20 32 16 2076 52 41 8 0 9 43 58 7 21 0 45 32 32 6 2 137 177 31 212 8 18 0 51 0 9 0 166 31 2534 1140 87 7 11 3 15 11 6 15 65 521 42 27 1361 24 3 1 4 4 0 11 3 1 0 3 4 10 1 0 0 0 4 1 3 2 24 13 10 0 3 1 1 0 1 3 1 0 4 26 1 14 1 0 20 39 2 3 0 2 2 0 0 0 21 6 2 1 0 0 0 0 0 3 0 0 4 3 0 1 4 1 0 2 0 0 3 2 0 1 0 3 0 0 3 0 12 31 5 0 1 21 1 0 1 0 6 1 0 3 9 1 1 0 0 3
44 40 35 153 386 922 28 18 25 20 70 988 5 16 52 69 197 46 136 110 5385 25428 4752 515 6961 2386 123 44 106 166 212 172 1029 799 14 1 204 1612 34 3954 2893 239 543 87 9 31 361 60 360 3 10 27 25 98 11 154 71 123 37 10 58 551 461 22 49 2 158 121 128 65 26 408 692 93 620 58 47 2 155 0 39 4 132 164 3711 1992 436 86 103 18 257 97 47 171 940 940 112 52 3930 44 0 3 9 23 1 14 1 3 0 2 7 18 4 3 11 6 20 11 42 18 140 105 68 16 7 2 5 1 1 4 4 1 10 68 3 36 3 0 99 198 9 33 7 3 15 1 3 1 69 27 19 3 3 3 0 5 5 5 0 3 9 19 1 6 8 3 6 2 0 1 14 7 4 13 2 14 0 5 30 7 17 86 34 5 3 35 5 0 14 1 14 14 4 7 5 1 6 1 1 2
1 1 1 6 7 18 2 0 0 0 0 22 0 41 158 210 173 148 74 106 1529 4752 7359 4532 909 2972 617 101 37 7 10 8 102 276 21 6 343 543 29 1793 8046 1261 702 13 0 58 145 28 334 2 8 5 10 66 4 9 42 28 25 7 109 130 122 23 25 0 135 41 42 31 14 25 77 5 69 21 1 1 11 0 16 1 28 49 122 174 113 22 38 14 95 49 22 60 441 22 3 1 275 29 0 1 0 1 0 0 0 0 0 0 0 0 2 1 0 1 2 7 7 10 23 32 9 0 2 0 2 0 0 1 0 1 0 2 0 3 0 0 7 15 5 2 7 0 1 0 0 1 4 15 4 1 2 0 0 1 0 0 0 0 0 0 0 0 0 2 2 2 0 0 2 0 0 1 0 6 0 2 10 1 0 4 0 0 1 1 1 0 5 0 0 5 0 2 1 1 0 0 0 0
3 2 0 2 9 5 1 0 0 0 0 7 5 268 221 155 137 890 390 102 95 515 4532 5498 395 4093 3819 1125 130 9 54 0 21 86 1092 50 145 128 170 2853 2294 2563 749 7 2 771 1387 15 218 2 0 1 16 113 7 17 151 41 414 22 711 62 98 191 106 2 303 449 43 22 2 6 24 2 256 23 0 1 0 0 7 0 15 67 36 86 439 15 17 4 139 42 21 21 309 18 1 0 166 83 0 0 0 0 1 0 0 0 0 0 0 0 10 3 27 8 3 37 18 104 53 181 41 0 0 1 0 6 1 10 0 0 0 2 0 5 3 1 15 26 57 10 39 0 0 1 5 0 14 226 1 0 1 0 1 1 0 0 0 0 0 0 0 0 0 1 52 19 0 0 1 0 0 2 1 29 0 0 14 1 1 2 0 0 0 2 0 0 1 0 0 2 2 2 1 0 0 0 0 1
32 13 7 36 32 107 12 2 4 0 4 103 1 0 9 11 44 8 52 19 325 6961 909 395 10142 1058 130 24 119 44 71 21 94 35 31 0 29 365 6 1642 715 117 465 44 7 32 738 51 145 7 26 41 62 400 48 66 310 5 3 0 71 561 791 55 33 2 1065 88 87 65 10 31 204 53 109 58 8 0 20 2 34 2 270 517 911 1530 4768 49 69 13 257 68 44 121 851 88 6 3 4117 888 0 0 0 1 0 2 1 1 0 2 2 4 8 4 3 7 18 11 37 9 117 92 62 0 17 0 4 0 0 2 2 0 2 14 0 43 0 2 79 176 0 18 1 1 3 1 0 1 63 11 11 3 4 1 0 1 0 0 2 1 5 0 1 1 3 3 6 2 1 1 4 5 0 3 0 8 1 0 29 1 5 51 19 1 4 16 2 1 9 2 0 8 0 7 1 0 7 1 0 5
1 1 0 2 0 5 0 0 0 0 1 4 0 5 14 22 26 37 62 33 67 2386 2972 4093 1058 2058 1281 24 15 4 1 5 10 13 791 1 25 61 8 6982 1295 239 353 4 1 32 299 15 115 0 0 2 3 23 2 4 9 3 78 2 30 85 91 18 7 1 43 23 13 13 2 8 7 2 10 21 1 0 2 0 4 0 8 19 36 57 45 18 17 3 60 32 9 29 251 5 0 1 70 20 0 0 0 0 0 1 0 0 0 0 1 0 13 0 3 1 10 19 18 7 37 171 47 1 0 1 1 0 0 2 0 0 0 5 0 2 2 3 16 19 2 4 1 0 0 0 0 0 13 8 3 0 0 0 0 1 0 0 0 0 0 0 0 0 0 1 0 2 1 0 1 1 0 1 0 3 0 2 3 0 0 9 1 0 0 1 0 0 1 1 0 3 0 0 0 0 0 0 0 2
3 2 0 2 8 6 2 0 0 0 1 3 5 2064 1398 284 118 1039 454 72 21 123 617 3819 130 1281 15740 9982 141 14 48 0 16 172 7362 223 336 148 256 2420 685 100 479 4 1 188 1284 16 52 1 2 0 12 79 3 1 150 97 823 58 145 50 144 646 222 4 244 535 51 11 6 2 15 6 342 10 0 0 1 0 6 0 14 43 18 37 190 7 11 3 37 17 8 9 129 19 0 1 70 31 0 0 0 0 0 0 0 0 0 0 0 1 13 7 38 12 12 54 27 177 80 455 93 1 0 2 0 2 0 11 0 1 0 5 2 7 4 2 20 17 86 13 51 0 1 1 1 2 22 180 4 0 0 0 1 0 0 0 0 0 0 2 0 0 1 2 34 13 2 0 0 1 2 0 2 19 0 0 14 0 0 6 5 0 0 6 0 0 2 0 1 1 0 1 0 0 0 0 0 0
3 2 1 6 52 43 4 1 0 3 0 15 12 932 2017 2362 97 538 168 45 17 44 101 1125 24 24 9982 11763 180 62 172 0 40 485 860 152 642 214 3277 86 349 44 315 3 1 328 455 34 11 0 0 3 10 61 5 1 140 385 595 189 322 38 133 1624 1631 4 143 745 296 8 2 1 7 4 1022 34 1 0 1 0 5 1 10 28 11 21 100 9 15 7 65 6 0 9 58 224 0 5 26 24 0 0 0 0 1 0 0 0 0 0 0 0 4 52 129 8 7 79 6 817 31 456 19 1 0 1 0 32 1 70 1 0 4 7 1 27 4 1 36 36 517 7 377 2 7 17 7 8 27 1186 3 2 3 0 0 1 0 1 0 0 1 0 0 1 13 2 214 129 3 3 1 0 16 4 1 145 1 2 28 1 0 4 2 0 1 3 0 0 2 0 0 4 7 16 0 0 1 0 1 2
10114 621 764 739 2432 857 2171 297 41 225 38 735 3 34 53 16 12 13 9 8 61 106 37 130 119 15 141 180 34161 13153 3920 43 157 70 26 1 15 57 47 22 246 26 200 5 2 34 78 116 44 5 64 107 2393 10770 417 44 4710 59 5 2 141 1156 1124 144 444 6 5423 76 496 109 37 85 46 15 1950 78 44 0 28 9 60 5 392 519 213 131 846 46 86 17 201 88 74 106 432 1389 61 2028 231 1636 7 1 15 38 0 30 2 3 4 10 15 36 3 0 7 1 2 2 3 8 20 23 5 1 1 0 0 0 0 2 3 0 11 40 1 27 1 0 31 18 8 6 2 6 6 4 6 0 8 60 2 1 2 1 0 9 3 5 5 1 6 13 0 4 7 1 16 2 1 2 13 4 1 1 3 19 0 1 37 5 34 34 4 0 5 14 5 0 14 3 12 15 1 6 8 3 0 0 0 4
16052 4829 878 8403 8320 7179 2569 369 123 294 73 1552 0 23 38 6 6 4 5 4 188 166 7 9 44 4 14 62 13153 23245 5843 64 199 73 2 0 12 45 37 9 941 6 27 3 4 4 13 38 31 5 211 274 1410 2521 476 203 5782 29 2 2 39 191 242 23 162 2 1684 4 272 80 23 76 40 19 475 16 34 0 26 6 99 6 776 623 762 292 87 32 24 3 36 383 254 72 75 1103 322 1670 166 235 36 7 88 148 11 182 34 10 30 75 73 211 0 1 2 1 1 4 4 5 8 12 4 1 2 0 0 0 0 0 20 0 32 139 0 39 0 0 34 18 6 2 6 22 9 1 1 0 4 29 0 0 1 3 0 4 6 8 7 4 22 31 3 21 15 0 11 2 0 0 33 6 2 1 1 6 1 1 8 3 126 37 4 0 2 25 3 1 7 4 48 6 9 11 70 9 11 1 0 1
320 83 42 175 9193 589 277 44 14 36 7 110 0 63 83 19 28 8 3 11 214 212 10 54 71 1 48 172 3920 5843 13634 24 120 87 14 2 28 68 82 14 598 10 64 2 1 32 33 66 22 2 82 103 341 1010 115 98 9657 56 1 2 73 264 445 93 411 2 2063 34 539 46 18 20 24 3 3854 30 1 0 10 5 45 1 349 481 700 455 314 14 21 4 61 132 89 28 116 4432 9 295 565 5122 0 0 0 3 0 3 0 0 0 2 1 3 1 1 1 0 0 1 3 8 1 10 8 0 1 0 0 0 0 2 2 0 0 4 0 2 0 0 4 8 4 4 6 0 0 1 0 0 2 43 0 3 0 0 0 3 2 0 4 2 0 0 0 0 0 0 11 2 1 0 0 0 0 0 1 9 2 2 23 2 2 4 1 1 5 1 3 0 4 0 1 6 0 1 4 0 1 0 0 0
30 23 14 13 674 3342 12 4 23 5 54 1188 0 1 7 0 2 0 2 0 72 172 8 0 21 5 0 0 43 64 24 5073 5756 386 0 0 2 61 1 1 203 1 3 1 0 2 2 7 2 0 12 16 43 94 22 16 9 1657 1 0 3 10 9 0 11 0 21 6 25 5 1 525 302 18 1393 4 72 1 99 0 5 1 42 25 96 51 2 1 0 0 7 16 10 5 6 6431 217 38 68 0 6 1 26 52 3 50 3 3 11 16 21 70 0 0 0 0 1 2 1 1 11 2 2 3 5 0 0 0 0 1 10 0 20 68 3 45 0 0 44 31 2 1 1 14 4 0 0 0 4 5 2 1 0 1 0 0 3 6 1 3 21 19 1 7 10 0 4 1 0 0 27 7 0 0 0 0 7 0 1 1 67 45 9 1 0 39 1 0 1 1 20 0 2 7 20 3 11 0 2 0
87 44 33 54 859 2937 39 20 104 51 293 3348 7 43 56 17 37 25 58 16 326 1029 102 21 94 10 16 40 157 199 120 5756 13389 5124 27 3 111 1029 51 19 767 3 14 16 8 43 178 17 6 2 41 54 114 185 94 36 26 2084 277 147 35 25 40 11 53 1 72 347 70 18 14 2668 2327 152 4463 19 382 8 458 2 27 1 178 114 254 172 97 7 11 2 49 66 49 19 20 6107 829 132 250 25 49 17 104 179 14 165 28 30 29 48 98 241 7 1 21 6 17 7 24 22 81 57 32 17 29 2 8 4 1 5 33 6 107 530 9 420 8 1 468 380 9 49 3 44 47 4 5 3 84 27 25 0 2 13 0 1 25 47 10 7 93 129 11 38 53 8 10 3 2 1 172 27 11 25 2 12 16 8 17 2 275 590 92 22 1 321 3 0 5 12 151 5 10 39 91 12 46 16 3 22
20 6 8 11 218 235 15 3 10 3 4 113 0 459 466 127 266 51 19 70 208 799 276 86 35 13 172 485 70 73 87 386 5124 10971 303 84 1016 2073 258 36 782 8 52 5 1 25 1524 30 9 0 12 28 52 93 45 18 16 3567 3634 2526 86 59 182 119 620 0 42 2905 393 5 5 84 313 21 5094 29 43 0 37 2 23 1 55 41 93 89 140 12 9 0 34 20 23 7 43 1609 25 15 130 13 5 0 8 16 2 22 5 4 1 3 8 23 4 5 8 2 8 5 5 31 32 32 11 4 8 1 0 3 0 2 6 2 16 67 0 76 2 0 113 111 18 26 10 15 11 2 0 1 25 41 9 0 1 4 0 2 6 12 1 2 22 29 3 3 7 3 14 3 0 0 34 6 3 8 0 13 6 0 5 3 46 111 15 6 0 50 1 0 2 6 27 5 1 11 15 5 7 5 0 10
1 0 0 1 2 3 1 0 0 1 0 4 0 2704 1336 72 349 47 98 89 6 14 21 1092 31 791 7362 860 26 2 14 0 27 303 6436 1038 956 192 46 1569 34 13 228 3 1 26 2353 2 2 0 1 4 3 27 3 0 31 83 4220 141 20 22 82 200 116 0 79 283 38 2 1 0 5 3 125 4 0 0 0 1 0 1 2 13 3 7 26 0 0 0 8 0 0 1 48 5 0 0 19 9 0 0 0 1 0 0 0 0 0 0 0 1 32 6 14 30 7 91 52 62 157 631 178 2 2 0 9 4 2 18 1 0 0 7 2 9 15 3 27 54 7 45 8 1 4 1 1 0 51 28 9 1 0 0 0 0 1 0 0 1 2 1 0 0 0 9 7 2 0 0 2 3 1 2 1 4 1 1 2 0 1 11 2 1 0 13 0 0 3 0 1 0 1 2 1 0 0 0 0 3
0 0 0 0 2 1 0 0 0 0 0 0 0 3928 1159 24 354 7 1 17 0 1 6 50 0 1 223 152 1 0 2 0 3 84 1038 860 1665 142 38 8 16 3 22 0 0 2 59 2 1 0 0 0 0 1 0 0 0 14 887 136 7 4 13 25 51 0 0 35 25 0 1 0 0 0 28 1 0 0 0 0 0 0 0 0 0 0 1 1 2 0 2 1 0 0 11 3 0 0 1 0 0 0 0 0 0 0 0 0 0 0 0 0 1 0 2 0 1 2 1 5 7 8 4 0 0 0 0 0 0 0 0 0 0 0 0 0 0 0 2 1 0 0 2 0 0 0 0 0 1 2 1 0 0 0 0 0 0 0 0 0 0 0 0 0 0 0 0 0 0 0 0 0 1 0 0 0 0 0 0 0 0 1 1 0 0 2 0 0 0 0 0 0 0 0 0 0 0 0 0 0
3 0 0 1 12 15 0 1 0 0 0 5 0 1914 1720 599 3524 308 186 501 58 204 343 145 29 25 336 642 15 12 28 2 111 1016 956 1665 4203 5347 693 69 1200 42 88 1 0 107 1392 53 50 4 1 6 4 8 6 4 9 324 5302 538 206 52 109 123 627 0 8 840 392 10 7 5 11 8 439 64 3 1 2 0 11 1 4 10 19 9 24 12 19 3 45 10 5 15 78 90 0 3 36 4 1 0 1 0 1 1 0 0 0 0 0 4 23 10 11 11 6 11 22 70 76 111 26 6 13 0 6 7 1 9 3 2 4 10 0 12 9 1 47 53 30 36 22 1 4 2 5 0 36 91 19 2 0 0 2 4 1 0 1 1 1 2 1 0 1 12 17 12 0 1 9 5 1 12 1 18 0 0 14 1 2 38 6 4 1 32 1 0 2 2 2 5 1 7 0 0 9 1 7 14
23 7 6 13 116 147 6 3 9 4 8 86 164 287 367 326 1483 1093 6442 370 323 1612 543 128 365 61 148 214 57 45 68 61 1029 2073 192 142 5347 18024 393 265 1748 106 146 920 61 1692 696 200 92 21 12 66 58 123 42 25 31 482 1152 188 920 94 199 82 281 39 101 721 316 13 25 176 5083 557 893 303 106 148 240 14 38 26 92 84 265 205 207 87 153 20 629 59 30 28 271 482 34 8 386 28 13 9 14 23 7 21 4 29 4 11 17 48 211 28 154 169 93 156 313 305 1242 1541 550 91 171 14 47 40 28 66 41 38 48 266 16 383 76 18 1587 1498 93 546 69 33 92 30 48 15 753 366 184 7 11 6 5 18 14 15 7 10 48 70 11 11 49 101 77 54 2 9 106 75 49 164 8 73 10 15 177 38 64 1049 268 81 14 593 13 4 20 37 89 43 21 62 35 7 102 53 28 116
1 0 0 1 53 47 2 2 0 1 3 15 6 37 250 1856 128 4287 57 178 8 34 29 170 6 8 256 3277 47 37 82 1 51 258 46 38 693 393 10446 10 306 42 162 1 4 637 39 233 32 2 2 9 5 11 3 1 23 170 56 50 8767 124 134 293 4655 6 23 145 3793 14 20 1 9 1 465 327 0 0 4 0 16 1 9 6 11 4 12 34 32 3 84 11 4 9 69 180 0 7 6 7 0 0 0 0 0 0 0 0 0 0 0 1 4 61 215 1 5 72 9 762 30 336 7 0 0 1 0 54 1 76 0 0 6 13 5 24 2 0 57 41 578 2 509 0 0 37 31 13 44 1504 3 9 6 0 0 4 0 1 0 4 0 1 0 0 15 3 319 236 7 3 1 1 17 11 3 209 1 2 96 6 0 5 7 3 12 3 5 0 3 0 0 26 10 7 1 0 2 0 0 1
3 1 3 2 3 13 2 0 0 1 1 10 1 19 28 21 88 36 212 52 136 3954 1793 2853 1642 6982 2420 86 22 9 14 1 19 36 1569 8 69 265 10 10916 853 259 799 39 3 41 2297 22 141 0 1 8 13 59 0 8 44 11 286 11 60 283 405 120 32 1 147 54 46 35 9 15 70 30 26 39 0 0 10 0 13 2 22 60 119 157 70 24 42 6 151 30 16 59 697 11 2 0 307 34 0 0 0 0 0 2 0 1 0 0 0 2 83 9 27 54 31 164 141 91 434 1203 441 8 7 4 13 7 5 34 4 1 3 36 1 16 35 8 85 201 12 123 4 0 5 2 1 2 145 30 22 5 5 0 0 3 1 0 0 3 0 4 0 0 3 24 5 8 0 0 3 4 8 14 2 9 1 3 8 5 3 49 15 3 6 36 2 0 7 3 1 6 3 2 0 0 4 2 2 12
1085 715 526 893 966 1862 156 169 38 97 112 1561 14 344 1117 1149 930 945 396 609 1866 2893 8046 2294 715 1295 685 349 246 941 598 203 767 782 34 16 1200 1748 306 853 12418 3466 1665 69 42 793 254 537 1774 55 295 255 57 206 488 1163 233 161 63 18 1740 771 863 65 392 23 276 120 705 256 161 304 507 65 801 738 85 0 162 17 318 40 491 173 1164 416 276 333 918 207 1812 1213 430 521 1418 1300 124 66 717 135 10 3 23 52 5 50 6 10 16 12 25 77 3 4 20 4 8 9 16 35 45 74 29 3 14 1 3 2 2 8 9 0 29 118 0 74 5 0 98 108 15 19 29 16 13 8 24 2 32 153 13 20 24 2 0 53 7 7 17 17 10 23 5 6 11 3 45 13 8 8 38 10 4 3 16 49 11 19 117 22 62 115 17 4 11 71 34 1 104 6 22 90 19 11 18 7 14 2 0 3
1 0 1 1 7 5 2 0 1 0 0 3 3 16 70 112 61 132 69 62 29 239 1261 2563 117 239 100 44 26 6 10 1 3 8 13 3 42 106 42 259 3466 5559 2956 24 7 278 99 47 934 3 1 4 5 30 12 3 31 9 8 2 781 85 206 12 200 4 75 19 392 19 10 6 56 1 26 225 1 1 3 1 17 1 5 27 18 33 106 31 83 11 902 136 9 39 378 15 0 1 52 17 0 0 0 1 0 0 0 0 0 0 0 0 0 0 5 2 1 2 1 4 2 19 4 1 0 0 0 1 0 1 0 0 2 0 0 2 1 0 4 4 5 1 6 0 0 2 9 2 2 66 1 3 2 0 0 6 0 0 0 1 0 0 0 0 0 0 16 6 0 2 1 0 0 0 0 17 0 1 44 7 0 1 0 1 5 1 2 0 4 0 0 7 0 1 0 0 1 0 1 0
16 8 7 18 18 20 6 1 0 2 3 9 9 86 112 134 82 627 266 98 948 543 702 749 465 353 479 315 200 27 64 3 14 52 228 22 88 146 162 799 1665 2956 4428 20 5 2512 783 37 658 1 6 13 33 194 11 263 246 46 185 15 3532 163 466 2096 912 7 591 423 567 30 6 3 46 7 233 130 0 0 4 1 16 0 41 122 151 152 434 25 68 7 1766 75 22 52 2436 31 0 0 308 139 0 0 0 0 0 0 0 0 0 0 1 0 3 4 25 2 0 10 3 78 27 82 22 0 0 0 0 5 0 9 1 0 2 2 0 1 1 1 10 18 64 1 74 1 1 5 26 2 12 411 0 3 3 0 0 1 0 0 1 1 0 0 0 1 1 2 116 33 4 3 1 1 0 2 1 78 1 0 125 12 0 1 1 1 7 3 5 0 10 1 0 10 1 1 0 0 1 0 0 0
1 0 1 1 2 6 2 0 16 0 2 24 4805 0 2 1 7 54 3767 15 20 87 13 7 44 4 4 3 5 3 2 1 16 5 3 0 1 920 1 39 69 24 20 7813 2115 1124 51 49 21 526 9 119 10 8 6 2 3 0 3 0 55 19 48 6 3 435 14 15 18 4 6 323 2493 3011 5 63 1336 3281 3318 291 126 427 5 11 19 25 15 217 117 146 1233 13 5 5 57 2 58 13 33 2 5 0 3 2 0 2 2 5 0 3 1 9 43 19 208 34 38 164 89 583 539 1768 273 17 35 4 10 11 7 23 7 3 13 85 2 74 22 3 416 432 70 95 28 8 19 7 79 23 444 437 19 7 9 0 0 35 15 7 17 12 9 8 2 3 7 18 51 19 6 21 17 14 11 30 8 70 0 7 274 51 11 326 248 10 32 164 6 3 31 4 21 41 10 19 8 4 21 12 1 25
1 1 2 1 1 1 1 1 129 1 2 11 3406 0 1 8 5 3 434 11 0 9 0 2 7 1 1 1 2 4 1 0 8 1 1 0 0 61 4 3 42 7 5 2115 10820 2635 0 46 34 4137 3 82 16 2 3 0 2 0 0 0 19 46 41 4 6 4697 6 1 27 9 21 72 283 271 2 17 1517 588 1046 199 200 932 2 0 3 2 3 731 472 2735 2365 12 5 12 75 1 477 82 4 0 1 0 1 0 0 0 0 10 1 0 0 3 0 0 47 1 0 7 1 22 7 9 3 1 1 0 3 3 0 2 4 1 1 5 2 9 1 0 27 4 8 3 16 2 2 35 469 20 31 1184 1 32 84 4 2 748 11 2 10 27 1 3 2 0 2 1 164 73 53 137 2 2 6 2 128 434 12 30 2344 308 2 23 15 8 260 42 47 50 243 1 1 785 66 9 15 2 0 0 0 5
2 0 2 2 5 7 0 2 8 0 0 15 5176 18 52 165 131 2301 6892 159 1 31 58 771 32 32 188 328 34 4 32 2 43 25 26 2 107 1692 637 41 793 278 2512 1124 2635 10994 68 72 125 53 2 11 8 40 12 5 46 12 22 8 659 126 312 1349 1362 1979 83 61 283 19 13 57 1014 322 71 128 127 61 216 5 24 9 7 14 12 15 25 61 150 87 1958 69 6 42 957 31 45 10 28 15 3 1 1 1 0 4 0 5 0 2 1 9 4 88 2312 19 11 133 20 1513 172 1014 41 3 7 6 4 146 2 166 17 10 16 113 14 133 1 1 515 291 1138 29 1778 4 13 200 1334 359 314 10852 12 17 38 1 6 79 3 1 4 11 2 10 4 1 44 6 1942 1059 44 225 10 15 66 22 36 1613 6 24 2185 234 5 52 100 30 108 37 10 3 71 5 4 120 65 52 7 4 3 2 4 10
3 3 3 4 4 15 3 0 0 1 0 10 0 137 63 23 90 52 90 42 69 361 145 1387 738 299 1284 455 78 13 33 2 178 1524 2353 59 1392 696 39 2297 254 99 783 51 0 68 4498 24 42 1 6 11 18 141 13 4 169 269 1761 763 85 169 365 407 217 0 405 1692 98 20 5 12 149 61 374 19 2 2 14 4 7 1 44 104 106 185 2099 9 18 5 60 10 12 25 453 22 2 0 379 176 0 0 0 0 1 1 0 0 0 0 2 6 45 4 17 44 41 44 127 31 374 546 305 12 11 4 6 3 1 22 1 2 1 32 3 64 24 3 159 410 7 106 11 1 8 5 1 0 174 50 26 0 1 2 0 1 2 1 0 2 5 6 0 2 4 11 8 8 0 0 14 11 7 24 1 16 2 3 17 1 4 92 26 7 1 49 1 0 2 6 6 2 1 12 1 0 14 4 3 7
14 10 6 10 57 62 4 3 1 1 1 22 5 10 18 99 36 257 78 42 8 60 28 15 51 15 16 34 116 38 66 7 17 30 2 2 53 200 233 22 537 47 37 49 46 72 24 22243 442 134 6 272 9 57 12 5 61 24 5 5 952 7619 1438 63 220 23 100 36 4205 824 9568 4 106 4 100 5524 5 0 3 34 2655 110 6 26 19 23 20 4222 3374 235 1707 195 113 249 741 147 1 4 43 12 0 0 0 1 0 0 0 2 0 0 0 0 0 0 9 0 0 6 0 8 1 6 2 3 3 3 2 2 0 1 5 3 1 1 0 4 0 0 6 6 9 9 5 1 0 18 24 5 10 117 3 236 431 4 11 511 32 6 36 112 2 0 2 0 5 0 25 69 79 11 1 2 5 3 157 117 55 218 569 46 1 8 6 5 131 13 268 23 1055 1 0 1002 190 6 7 1 0 4 4 4
41 19 17 16 25 23 15 3 2 2 0 22 8 26 110 90 107 85 115 154 44 360 334 218 145 115 52 11 44 31 22 2 6 9 2 1 50 92 32 141 1774 934 658 21 34 125 42 442 7812 42 46 57 10 49 18 5 43 7 7 2 347 1009 791 22 69 11 133 17 437 478 142 6 59 5 30 576 4 1 6 7 241 31 13 42 46 51 49 293 811 184 1600 3066 710 3125 9237 26 5 2 94 20 0 1 0 0 0 1 0 0 0 0 0 0 0 0 4 0 0 1 1 3 2 7 3 0 0 0 0 0 0 0 1 0 0 1 0 2 0 0 0 5 6 0 3 0 0 1 7 0 1 38 0 19 24 0 1 24 6 1 5 21 1 1 0 0 1 0 12 8 7 1 0 0 0 0 7 25 5 18 92 17 0 2 1 0 13 3 21 2 79 0 0 82 11 1 0 0 0 0 0 0
3 2 0 1 1 1 3 1 107 2 1 13 180 3 2 6 3 5 69 10 0 3 2 2 7 0 1 0 5 5 2 0 2 0 0 0 4 21 2 0 55 3 1 526 4137 53 1 134 42 8302 92 1296 22 3 7 4 2 0 0 0 15 262 41 2 3 742 3 1 30 68 76 36 112 550 2 33 1123 297 511 3263 1304 8075 7 3 4 5 0 4291 2405 6569 897 102 15 50 75 5 405 58 0 0 1 0 1 0 0 0 1 7 0 2 0 0 0 0 9 0 0 3 2 6 3 6 2 0 1 3 3 0 0 2 1 0 0 2 0 5 0 0 3 7 4 4 4 3 2 25 73 7 19 121 0 154 380 4 8 1280 170 32 188 126 2 0 0 1 2 0 11 49 75 19 1 3 6 3 153 79 48 154 1041 54 2 14 5 6 135 28 273 121 933 0 0 1302 112 3 10 0 1 2 2 4
333 72 111 77 72 84 103 70 10 50 12 143 2 1 4 2 2 2 3 2 4 10 8 0 26 0 2 0 64 211 82 12 41 12 1 0 1 12 2 1 295 1 6 9 3 2 6 6 46 92 9519 9763 23 70 389 233 18 18 0 0 3 25 32 0 4 47 44 4 6 97 16 22 29 74 64 2 53 12 32 382 260 37 466 147 115 75 27 39 19 3 2 5911 5323 137 36 64 26 29 68 18 5 0 5 6 3 6 4 3 3 1 2 8 0 0 0 1 0 0 0 0 2 2 0 1 1 0 0 1 0 0 2 0 1 15 0 10 0 0 14 18 0 1 1 5 1 0 3 0 1 0 1 7 3 3 0 2 663 181 864 266 5 4 0 1 3 0 0 1 0 3 3 1 1 0 0 0 103 23 5 0 13 19 5 0 0 13 115 10 125 0 4 8 29 1 5 0 2 0 1 0
432 122 125 104 118 134 130 90 61 64 14 178 16 1 5 6 18 9 40 17 10 27 5 1 41 2 0 3 107 274 103 16 54 28 4 0 6 66 9 8 255 4 13 119 82 11 11 272 57 1296 9763 30136 61 138 496 185 35 27 1 0 21 303 95 6 25 459 73 11 125 1282 515 54 73 693 78 28 426 130 187 10283 10904 1173 597 209 173 84 39 1598 533 263 167 3034 10602 195 135 74 182 60 57 18 22 2 11 17 0 8 8 19 2 5 6 10 0 0 2 2 1 1 1 1 2 6 2 0 4 0 2 4 0 0 4 5 10 31 2 20 0 0 22 23 0 1 0 34 3 5 24 1 15 9 0 130 88 23 1 100 4198 1519 6716 2053 30 9 1 7 1 1 4 8 6 17 17 6 2 4 8 4 858 268 77 6 16 29 54 7 5 53 1180 61 1504 5 43 168 281 0 27 3 3 8 1 2
1628 161 308 221 434 287 1026 401 262 486 134 608 3 1 8 0 1 1 6 0 20 25 10 16 62 3 12 10 2393 1410 341 43 114 52 3 0 4 58 5 13 57 5 33 10 16 8 18 9 10 22 23 61 10912 9098 2998 10 176 37 1 0 10 118 114 10 25 8 260 19 56 10 4 179 94 74 266 7 284 19 103 13 17 13 1620 597 108 109 138 23 9 10 29 31 24 13 54 201 659 8981 159 128 4 2 13 12 1 11 3 1 5 7 7 26 0 0 3 0 3 1 1 0 10 11 0 1 1 0 1 0 0 2 2 0 9 56 2 41 0 0 40 54 0 8 0 10 2 1 2 2 10 4 2 0 0 0 0 1 3 1 2 0 9 2 2 4 3 0 2 2 0 0 13 1 0 2 1 1 0 0 2 0 16 52 12 2 0 30 3 0 1 3 14 2 0 3 9 1 3 0 0 2
2749 448 733 527 857 631 1178 471 91 291 68 780 2 13 15 5 4 17 7 5 32 98 66 113 400 23 79 61 10770 2521 1010 94 185 93 27 1 8 123 11 59 206 30 194 8 2 40 141 57 49 3 70 138 9098 13044 1256 29 976 80 1 0 72 582 678 83 131 1 3296 84 152 42 17 127 132 49 823 68 82 1 63 6 49 2 3180 6019 230 484 1076 36 54 7 149 83 89 64 421 514 105 1640 780 850 6 3 25 35 2 40 3 5 8 12 22 50 2 0 4 0 4 1 10 5 22 12 17 4 7 0 2 0 0 2 7 0 12 101 0 70 0 0 74 74 1 9 2 11 3 3 0 0 12 11 6 2 1 2 0 4 8 7 4 1 13 20 2 5 8 2 9 2 2 1 30 7 0 3 0 7 3 0 12 2 47 89 15 0 3 66 3 0 6 1 25 8 1 15 15 0 3 1 0 1
774 150 210 147 176 228 333 185 38 102 20 274 2 1 6 2 4 7 5 4 16 11 4 7 48 2 3 5 417 476 115 22 94 45 3 0 6 42 3 0 488 12 11 6 3 12 13 12 18 7 389 496 2998 1256 22210 560 46 42 1 0 26 49 63 11 22 5 121 9 30 27 7 63 91 34 173 25 31 1 63 28 56 4 3054 498 281 122 70 7 27 4 56 277 181 31 40 113 62 784 106 59 7 2 9 17 0 16 1 1 0 2 10 11 1 0 1 0 1 0 2 0 13 2 3 1 2 0 0 0 0 0 1 0 5 30 1 34 0 0 31 36 0 3 0 6 3 0 0 0 16 1 0 3 1 0 0 4 20 11 25 1 7 7 0 3 5 1 4 0 0 0 15 5 1 3 0 1 2 1 8 0 20 52 9 0 1 30 3 1 7 2 8 1 0 3 12 2 4 0 0 1
323 113 116 150 104 198 66 56 7 29 8 177 0 1 2 0 1 0 1 0 2076 154 9 17 66 4 1 1 44 203 98 16 36 18 0 0 4 25 1 8 1163 3 263 2 0 5 4 5 5 4 233 185 10 29 560 1289 26 10 2 0 2 32 33 3 11 3 29 4 18 13 2 24 27 10 58 8 15 1 18 11 16 0 2514 85 1821 166 37 2 7 1 19 248 80 19 25 74 15 17 171 20 0 1 2 5 0 10 1 2 0 0 4 11 1 0 1 0 1 0 1 1 5 2 2 1 2 0 0 0 0 0 0 0 2 9 0 11 1 0 13 8 0 2 0 1 1 0 0 0 2 1 1 0 0 0 0 1 14 8 12 1 0 2 0 1 0 0 0 1 0 1 2 0 0 0 0 1 0 2 0 0 7 16 3 0 0 6 2 0 3 0 3 0 1 0 4 0 2 0 0 0
92 44 27 90 1069 83 32 10 4 9 3 50 2 15 20 6 15 12 8 1 52 71 42 151 310 9 150 140 4710 5782 9657 9 26 16 31 0 9 31 23 44 233 31 246 3 2 46 169 61 43 2 18 35 176 976 46 26 11837 30 5 4 135 619 964 163 329 1 6420 172 375 81 14 11 28 5 3547 45 1 0 2 0 28 0 123 537 190 886 1891 26 44 6 190 48 31 46 393 1037 5 53 2380 5792 0 0 0 0 0 1 0 0 0 0 1 0 2 1 4 1 0 1 5 3 11 8 15 0 0 0 0 0 0 0 0 0 0 3 0 4 0 0 6 14 2 0 2 0 0 1 3 0 4 42 0 1 6 0 0 3 1 0 1 0 1 0 0 1 3 1 19 3 0 0 0 0 0 0 5 25 0 0 42 4 3 6 1 0 0 1 1 0 1 0 0 9 0 0 0 0 0 0 0 0
11 3 4 3 88 107 2 1 3 0 1 137 1 279 327 44 91 15 3 34 41 123 28 41 5 3 97 385 59 29 56 1657 2084 3567 83 14 324 482 170 11 161 9 46 0 0 12 269 24 7 0 18 27 37 80 42 10 30 5251 767 1966 63 51 150 77 573 0 48 2207 410 12 8 189 138 7 4893 22 17 0 33 1 9 1 51 34 37 22 84 3 1 2 16 19 8 7 36 1334 12 2 30 30 1 2 1 12 1 7 0 1 1 4 5 16 1 1 5 2 2 1 1 16 1 6 4 0 1 0 0 0 0 1 0 0 5 26 1 22 0 0 19 26 11 1 4 1 3 1 0 0 3 38 0 0 0 1 0 0 0 0 1 1 4 10 0 1 6 0 15 4 1 0 12 1 3 2 0 10 1 1 8 0 16 17 1 0 2 10 1 1 2 1 8 1 1 0 3 0 1 0 0 1
0 0 0 0 5 2 0 0 0 0 0 0 2 1295 471 20 154 24 14 34 8 37 25 414 3 78 823 595 5 2 1 1 277 3634 4220 887 5302 1152 56 286 63 8 185 3 0 22 1761 5 7 0 0 1 1 1 1 2 5 767 5001 4909 29 30 169 247 293 0 4 944 99 6 1 0 12 1 427 5 0 0 0 0 0 0 1 1 5 7 11 1 0 1 17 1 0 0 67 21 0 0 6 0 0 0 0 0 0 0 0 0 0 0 1 0 7 1 6 7 3 14 22 15 56 85 59 0 2 0 3 0 1 2 0 1 3 9 0 1 7 0 12 25 2 11 1 0 0 1 0 0 14 20 1 0 0 0 0 0 0 0 0 0 0 1 0 0 0 1 1 2 0 0 1 1 1 3 0 3 0 0 2 0 0 10 1 1 1 5 0 0 1 0 1 0 0 0 0 0 2 1 0 1
1 0 0 0 3 2 0 0 0 0 0 0 0 256 174 21 60 3 0 10 0 10 7 22 0 2 58 189 2 2 2 0 147 2526 141 136 538 188 50 11 18 2 15 0 0 8 763 5 2 0 0 0 0 0 0 0 4 1966 4909 1023 9 5 41 31 144 0 1 1645 74 0 0 0 5 0 354 4 0 0 2 0 1 0 0 2 2 2 14 0 1 0 2 0 0 0 5 12 0 0 1 0 0 0 0 0 0 0 0 0 0 0 0 0 0 0 0 0 1 0 0 5 1 5 2 0 1 0 0 0 0 0 0 0 0 0 0 0 0 1 0 3 1 0 1 0 0 0 1 0 1 7 2 1 0 0 0 0 0 0 0 0 0 1 0 0 0 0 0 0 0 0 0 1 0 0 1 0 0 1 0 1 0 1 0 0 0 2 0 0 0 1 0 0 0 0 0 0 0 0 0 0
5 2 2 3 36 26 2 2 0 1 0 21 11 20 114 582 108 3748 187 174 9 58 109 711 71 30 145 322 141 39 73 3 35 86 20 7 206 920 8767 60 1740 781 3532 55 19 659 85 952 347 15 3 21 10 72 26 2 135 63 29 9 11788 471 1363 1382 2622 66 215 123 5976 58 77 14 205 7 216 8098 5 1 10 2 64 9 15 44 23 51 44 203 498 49 4213 157 23 89 2559 101 2 7 86 31 0 0 0 0 0 0 0 1 0 0 0 6 2 29 423 1 4 33 9 245 30 112 8 1 1 2 1 43 1 31 10 9 13 25 5 41 3 0 136 78 280 6 591 5 7 73 485 61 73 2935 7 21 20 2 4 65 4 1 3 8 2 1 1 3 15 2 584 438 21 37 7 14 30 9 18 623 8 16 890 113 1 15 9 24 62 14 5 10 45 1 1 83 25 25 3 0 6 0 4 1
50 13 11 21 149 132 19 7 1 3 3 62 3 23 74 92 51 144 89 86 43 551 130 62 561 85 50 38 1156 191 264 10 25 59 22 4 52 94 124 283 771 85 163 19 46 126 169 7619 1009 262 25 303 118 582 49 32 619 51 30 5 471 14815 15292 426 802 19 1283 195 3094 4934 8934 8 34 9 323 769 8 1 9 71 3351 337 103 310 185 250 187 1018 1146 307 1295 349 323 2003 3741 261 4 11 422 106 0 0 0 0 0 1 0 1 0 0 0 0 1 1 4 3 2 6 2 16 5 23 7 1 2 2 2 5 0 0 1 0 0 2 0 2 0 0 5 5 7 12 10 3 1 29 23 6 4 74 2 353 608 9 15 387 52 10 49 183 2 1 0 0 3 1 24 47 87 7 0 6 0 1 99 69 127 316 495 33 1 10 4 10 94 15 306 29 1582 2 2 1243 239 3 9 0 3 1 5 6
39 8 10 25 164 117 10 2 0 7 1 61 10 52 82 90 43 172 111 51 58 461 122 98 791 91 144 133 1124 242 445 9 40 182 82 13 109 199 134 405 863 206 466 48 41 312 365 1438 791 41 32 95 114 678 63 33 964 150 169 41 1363 15292 27044 5451 8922 15 1706 604 5773 805 290 12 106 6 856 984 8 1 13 8 320 21 132 380 205 374 344 202 647 197 2866 252 121 685 3133 348 5 16 620 239 0 0 0 0 0 1 0 0 0 0 0 0 0 0 15 2 0 5 6 27 6 32 7 0 1 0 0 2 0 3 0 0 1 3 0 4 1 0 12 11 15 3 13 0 0 12 33 3 10 208 0 45 68 0 4 122 8 1 6 9 0 1 0 0 6 0 43 34 32 7 1 4 3 2 55 135 13 41 416 75 0 9 1 1 71 6 19 4 133 1 0 280 40 1 3 0 0 0 0 1
6 0 1 0 16 14 0 0 0 0 0 4 10 87 96 76 19 335 185 10 7 22 23 191 55 18 646 1624 144 23 93 0 11 119 200 25 123 82 293 120 65 12 2096 6 4 1349 407 63 22 2 0 6 10 83 11 3 163 77 247 31 1382 426 5451 4852 3989 9 273 409 754 41 18 0 20 2 359 54 1 1 1 0 13 1 12 27 20 37 114 13 37 1 349 9 3 19 1237 40 0 3 55 42 0 0 0 0 0 0 0 1 0 0 0 1 3 8 53 0 4 15 2 232 17 98 20 2 1 1 0 12 0 16 0 0 1 6 2 8 3 0 15 16 177 2 169 0 0 8 10 3 8 800 3 2 7 0 0 3 0 0 0 0 0 0 0 0 3 0 199 57 4 1 0 0 2 3 1 127 0 1 72 9 0 3 2 2 1 0 0 0 6 0 0 8 1 4 0 0 0 0 1 0
17 2 0 16 206 158 13 3 1 3 0 56 10 100 423 758 59 733 79 57 21 49 25 106 33 7 222 1631 444 162 411 11 53 620 116 51 627 281 4655 32 392 200 912 3 6 1362 217 220 69 3 4 25 25 131 22 11 329 573 293 144 2622 802 8922 3989 8881 23 320 805 7986 95 45 6 22 4 1580 162 0 0 2 1 50 2 28 52 51 39 77 50 52 17 454 45 7 32 1110 667 0 18 41 56 0 0 0 0 1 1 0 0 0 0 0 1 0 14 108 1 0 21 4 284 12 97 4 0 1 3 0 17 0 20 2 2 2 6 1 18 0 1 41 32 234 3 357 0 1 36 84 13 11 1893 2 4 8 0 1 10 1 0 2 1 0 1 0 0 4 1 597 196 5 6 0 4 9 6 9 437 1 10 438 39 0 6 1 9 20 1 1 0 17 2 2 21 7 9 0 0 1 0 0 1
4 0 0 0 1 1 1 0 36 1 0 6 2896 0 0 1 4 16 254 4 0 2 0 2 2 1 4 4 6 2 2 0 1 0 0 0 0 39 6 1 23 4 7 435 4697 1979 0 23 11 742 47 459 8 1 5 3 1 0 0 0 66 19 15 9 23 1002 5 0 25 4 7 16 106 290 2 17 622 724 292 863 230 549 4 0 0 3 3 253 118 527 2389 30 2 3 31 0 174 25 2 0 0 0 1 0 0 0 0 6 0 0 0 1 0 0 97 0 0 1 1 45 8 24 2 0 1 0 1 0 1 2 1 0 1 6 0 5 1 0 25 8 5 2 9 2 0 12 417 35 17 604 1 9 13 0 0 304 43 10 46 26 1 1 0 0 0 1 48 17 10 84 2 3 1 1 25 69 8 9 584 56 0 15 6 0 50 17 27 10 105 1 0 144 16 3 9 1 0 0 1 0
575 298 285 361 537 365 78 71 11 71 21 314 1 10 16 10 13 20 18 20 45 158 135 303 1065 43 244 143 5423 1684 2063 21 72 42 79 0 8 101 23 147 276 75 591 14 6 83 405 100 133 3 44 73 260 3296 121 29 6420 48 4 1 215 1283 1706 273 320 5 11784 265 347 123 22 39 71 18 2314 108 23 1 19 4 50 1 370 5795 767 2153 3454 70 125 20 308 87 41 144 1010 635 29 41 2891 3542 2 0 10 13 0 6 4 0 2 5 9 17 1 3 5 2 10 4 15 11 33 35 17 4 2 1 1 0 1 0 0 1 3 35 0 28 2 0 38 52 6 11 3 5 2 2 7 0 21 43 3 1 9 2 0 2 4 3 3 2 5 4 0 1 2 2 14 6 2 1 7 3 2 3 7 15 0 0 47 8 13 30 8 1 5 15 3 1 13 0 4 12 2 3 11 1 3 1 1 0
5 0 0 6 8 10 3 1 0 0 1 25 0 266 237 47 89 35 28 35 32 121 41 449 88 23 535 745 76 4 34 6 347 2905 283 35 840 721 145 54 120 19 423 15 1 61 1692 36 17 1 4 11 19 84 9 4 172 2207 944 1645 123 195 604 409 805 0 265 4180 460 23 11 19 81 26 3111 28 0 0 13 0 7 1 16 40 38 73 839 8 8 2 76 13 7 13 286 32 1 2 127 128 0 0 1 0 0 0 0 0 0 0 0 3 6 3 9 2 14 13 36 14 92 88 71 1 7 1 3 0 0 6 1 0 2 14 0 19 6 3 61 142 10 18 12 0 2 0 1 1 40 68 3 2 0 0 0 2 0 1 0 1 2 1 0 1 1 2 6 5 2 2 4 1 1 3 0 16 2 0 24 5 1 29 8 2 2 16 0 0 1 2 2 3 0 3 0 0 4 0 0 2
24 5 7 13 393 343 23 6 0 1 12 125 8 50 216 629 64 1086 42 67 32 128 42 43 87 13 51 296 496 272 539 25 70 393 38 25 392 316 3793 46 705 392 567 18 27 283 98 4205 437 30 6 125 56 152 30 18 375 410 99 74 5976 3094 5773 754 7986 25 347 460 8183 253 365 6 48 0 1209 7348 3 0 6 7 276 11 45 79 66 76 70 320 493 41 1870 136 54 122 1597 1004 2 27 76 66 0 0 0 0 0 1 0 4 0 0 0 1 0 0 52 1 1 7 1 42 7 31 2 0 1 1 1 7 1 1 13 8 1 7 3 17 0 0 31 17 34 6 81 3 2 48 260 7 25 1256 3 37 65 1 3 265 7 3 11 18 4 5 1 1 4 2 386 147 50 33 7 10 16 9 71 572 9 33 1389 226 2 15 1 14 184 10 38 4 132 2 0 319 44 12 7 1 2 0 1 1
88 23 39 35 40 47 20 20 1 5 3 39 2 6 17 24 17 21 24 25 6 65 31 22 65 13 11 8 109 80 46 5 18 5 2 0 10 13 14 35 256 19 30 4 9 19 20 824 478 68 97 1282 10 42 27 13 81 12 6 0 58 4934 805 41 95 4 123 23 253 6502 3135 8 14 6 48 75 11 1 10 130 2465 781 50 46 44 44 31 549 190 64 155 597 1705 1907 1345 57 6 6 67 25 1 0 0 0 0 0 0 1 0 0 0 1 0 0 1 1 0 0 1 5 3 2 1 0 3 1 1 0 0 0 1 0 2 6 0 8 0 0 3 5 0 0 0 2 1 7 6 0 1 10 1 199 170 4 0 85 122 27 153 458 3 1 0 0 0 0 0 11 25 1 2 0 1 1 18 11 154 251 104 3 4 8 3 2 6 6 463 20 1019 0 4 307 169 0 4 3 2 5 0 2
41 16 17 20 20 24 10 7 3 2 0 25 1 3 5 14 6 27 14 22 2 26 14 2 10 2 6 2 37 23 18 1 14 5 1 1 7 25 20 9 161 10 6 6 21 13 5 9568 142 76 16 515 4 17 7 2 14 8 1 0 77 8934 290 18 45 7 22 11 365 3135 6459 2 10 9 15 128 5 1 11 65 7217 513 10 9 5 6 5 1849 447 124 188 260 230 426 317 27 6 2 15 6 0 0 1 1 0 1 0 0 0 0 1 2 0 1 0 0 0 3 0 3 0 1 0 0 1 1 2 1 0 0 0 0 0 3 0 3 0 0 3 2 0 2 1 3 1 11 6 0 2 9 2 156 153 2 3 74 77 26 132 338 2 1 0 0 0 1 2 7 14 0 3 1 0 0 17 12 147 223 102 7 0 2 2 6 13 2 433 16 945 1 2 276 146 0 3 0 0 0 1 0
80 57 49 50 222 770 39 27 327 191 679 3851 50 1 1 3 0 10 49 3 137 408 25 6 31 8 2 1 85 76 20 525 2668 84 0 0 5 176 1 15 304 6 3 323 72 57 12 4 6 36 22 54 179 127 63 24 11 189 0 0 14 8 12 0 6 16 39 19 6 8 2 5132 3719 716 385 16 3046 216 3418 28 26 35 108 61 122 67 101 20 13 8 95 41 14 14 18 987 3132 353 120 19 76 19 170 253 18 265 55 47 49 78 144 399 5 4 12 1 36 9 23 23 119 84 45 26 38 4 9 0 1 6 46 7 162 879 12 581 2 0 717 576 13 29 4 122 79 5 13 0 122 47 25 1 1 25 1 6 43 81 7 18 168 203 16 42 95 9 17 14 3 7 262 65 16 21 0 13 34 8 25 9 465 885 204 19 5 454 2 1 9 15 263 2 18 74 134 33 59 27 6 15
39 11 9 17 121 292 14 8 35 10 24 387 710 5 6 14 14 194 1130 11 177 692 77 24 204 7 15 7 46 40 24 302 2327 313 5 0 11 5083 9 70 507 56 46 2493 283 1014 149 106 59 112 29 73 94 132 91 27 28 138 12 5 205 34 106 20 22 106 71 81 48 14 10 3719 9234 1711 306 159 601 832 5225 59 60 103 120 83 203 167 154 93 166 43 1204 61 41 16 149 489 145 23 233 11 27 8 46 49 10 35 8 46 9 23 33 122 48 16 141 55 143 92 187 321 819 972 304 83 142 6 28 19 8 26 37 17 101 566 24 803 33 6 1675 1953 46 268 51 77 95 22 61 20 683 392 117 6 9 6 2 30 30 41 7 14 109 116 17 23 75 22 55 28 8 13 162 66 57 90 8 72 22 11 173 39 154 1609 493 57 30 738 10 4 27 29 160 42 20 95 71 21 114 41 16 93
