15.8951465433101 27.0445465669337 30.1761551886492 44.3235821643385 56.6355588441167 59.2971097500388 28.4042930749191 30.7085284131964 56.610288655257 53.1566901083802 89.0574744164527 58.9105783020414 0 113.254199981689 127.806777954102 173.411720275879 165.473927815755 197.154800415039 0 161.884292602539 118.506768382679 115.372086091475 221.518341064453 208.732065836589 164.084317207336 236.549942016602 183.373881022135 126.090273539225 34.3291210498832 27.9784216679987 84.7446720004082 91.621605682373 122.28340508472 161.197303390503 172.222564697266 0 177.710172017415 186.426714358122 140.645919799805 174.201950073242 95.6076906089959 149.421371459961 159.24258852005 106.200119018555 147.394989013672 182.076522827148 182.117813110352 166.347337995257 148.262089426925 181.503890991211 141.445370717092 161.794056168309 98.5869183013129 91.2187952261571 111.908152351084 101.354158619978 92.8148212432861 142.471409190785 0 85.7870864868164 191.259429931641 181.326606750488 170.687739836864 147.001951853434 161.726442673627 198.622417449951 90.7978558415952 164.935610961914 153.694149335225 171.74290006811 176.573341927877 111.510048913956 164.637899741148 127.967858886719 145.651559375581 168.829915364583 101.528510336149 141.75182723999 139.367249080113 164.018530038687 173.4663133268 173.707042493318 119.265679652473 101.833686016886 112.303191248335 110.410110808255 154.611009017281 174.995155597555 191.664762496948 180.482076009115 184.897510104709 133.007902132754 157.259986488907 163.070627757481 175.182367597307 105.117630320582 80.315090245214 51.0353559411345 130.641601098102 109.220590406849 190.338991605319 179.017130071467 175.935114451817 178.68120097066 179.951972113715 174.687581287731 176.740316179064 148.084975106376 168.257038463246 136.835445174252 154.0448536017 169.508371401073 226.633773803711 0 0 0 224.455215454102 198.95890045166 0 161.467041015625 176.80525970459 211.039627075195 178.172073364258 181.065007527669 226.650451660156 183.411087036133 0 244.222381591797 0 0 186.037552833557 203.734848022461 160.418672130954 167.286572307146 145.195953369141 172.656479779412 0 0 174.292244483685 189.341526911809 0 206.420501708984 0 198.751959095831 190.265362330845 190.395370483398 0 0 180.686058044434 185.239486694336 178.180191040039 212.947189331055 232.706809997559 209.906566619873 0 245.126098632812 185.78225962321 224.130865097046 200.712975638253 232.028167724609 221.356273832775 203.502056587033 220.808753967285 193.569001939562 170.157216644287 0 233.681266784668 0 0 0 202.571412963867 189.045340643989 0 0 0 0 220.962619781494 210.684921264648 200.564804077148 0 161.291531731101 166.391050374733 150.16748046875 0 0 152.033509318034 201.080219813756 170.206207275391 226.442310333252 234.40283203125 216.308386325836 215.454402923584 229.311370849609 167.995088365343 133.953546483466 189.428388807509 194.352079603407 0 0 0
27.0445465669337 17.8202726792398 28.1134440157074 33.6403738647629 37.4469705634481 54.0592800811521 73.5455535734543 109.692514525519 84.5710774201613 76.1202185761695 78.9884804779629 65.4725109462518 0 0 0 238.011512756348 248.822463989258 198.03621673584 231.657038370768 89.126106262207 115.760295437228 121.252905082703 156.408874511719 195.959297180176 160.219929034893 190.223907470703 142.85050201416 150.191875457764 87.0607148476077 33.7394778514703 71.9598676727479 105.499564792799 120.731047890403 151.324030558268 0 0 0 170.625680106027 0 156.71369934082 100.053767053564 0 184.853952407837 0 229.230377197266 0 173.622863769531 176.087245178223 153.643614919562 218.695785522461 151.945487340291 173.71592324679 131.946764833438 115.256906509399 128.326936645508 114.747865727517 94.1977213079279 198.718226114909 0 0 221.405006408691 181.861481886644 200.443574905396 0 201.765777587891 0 96.713155720858 0 189.932528686523 180.834379113239 182.646416664124 110.823867797852 189.758492209695 124.8868449818 182.780916002062 172.747894287109 99.5274926262933 0 145.693141937256 0 181.983864994372 178.227432250977 133.037956887549 114.5051270705 118.785636356032 110.421620870374 170.379273986816 192.465816073947 209.5416015625 208.218738555908 195.107467651367 148.393067548619 169.465302718313 169.341025275153 185.738114066746 121.769381713867 80.2271180210343 96.8866606559462 130.757715782752 141.693642934163 182.890480041504 189.890377807617 182.165618507725 177.435641759348 181.709991455078 172.998139051521 178.309680058406 145.378508194633 178.445615348169 137.351991395693 154.661741540787 167.825545626821 0 0 164.306838989258 0 0 196.822006225586 0 0 208.560506184896 180.082788085937 239.134750366211 180.007629394531 183.258758544922 0 0 0 0 0 187.157445004112 0 164.68598514133 160.675445645355 0 163.456165047579 0 160.387664794922 168.072358025445 183.682450727983 223.463851928711 201.525797526042 0 200.684914059109 182.704689534505 0 0 0 126.360626220703 221.671600341797 180.050666809082 0 225.886795043945 215.552571614583 0 0 225.213584899902 226.809306844076 195.910372052874 247.34423828125 221.04032428448 199.614375159854 189.336390177409 190.102781931559 160.027955488725 0 0 0 0 0 199.070664750769 191.545998467339 204.914840698242 0 0 0 0 238.80933380127 0 216.0380859375 161.121857264271 152.298990102915 157.758396148682 238.029922485352 234.93684387207 144.0288659232 197.504084269206 0 221.781428019206 204.915405273438 214.392061869303 225.087028503418 244.566528320312 166.04416809082 129.410410539159 186.316315787179 208.57602483576 0 0 0
30.1761551886492 28.1134440157074 11.7869697308506 24.5732964861969 101.570130456354 40.6838887132505 56.1360157108395 27.7629983944507 66.4138665292777 17.4387362510131 55.5264178894378 31.4324102258792 0 0 246.298156738281 0 0 0 0 0 122.547683878148 124.392698233468 127.039276123047 0 151.695149012974 0 0 161.383880615234 90.1584264845124 71.13114758233 132.084928603399 108.864227839879 131.252055081454 164.384881019592 0 0 0 179.988965352376 0 191.118413289388 104.079384720371 195.86930847168 180.907818385533 223.271362304688 155.414909362793 204.42993927002 159.627939860026 192.929056803385 160.278892068302 0 158.716341173327 176.696245239258 125.639902313034 114.107378908915 130.311113375709 115.91839251025 112.995252821181 196.246685028076 0 0 203.949974060059 196.251528653232 200.121099853516 168.023834228516 0 0 97.8078654239052 0 192.345683506557 179.372227986654 186.210534488454 103.461940453977 183.332430521647 119.609801659217 162.842110290527 176.210627237956 109.014937999637 110.202934265137 150.773896535238 180.903996785482 187.103237210787 187.368509928385 135.455052542108 116.632841793996 123.128640277045 118.314238025296 167.600382486979 193.665905422635 206.332897949219 229.041610717773 190.489852905273 148.998119010582 172.44292680044 172.941861211037 185.290252685547 153.235071454729 77.9599640235472 87.5011130560816 124.29095448388 160.149275037977 182.438804380355 189.381866455078 131.269484046387 176.402923116282 180.609279087612 173.741312167519 180.278064371745 140.186195585463 168.47159184179 130.231659396383 152.568937543412 168.933637861772 0 0 0 0 0 211.15007019043 0 193.770324707031 167.040150960286 176.005989074707 214.020309448242 222.581695556641 190.84162902832 0 0 0 0 0 189.019763522678 223.515991210938 163.70147375967 163.250410796903 147.441696166992 174.421755740517 0 0 171.569456017536 173.316095205454 0 205.475219726562 0 200.748941729146 201.623816353934 0 0 0 134.295864105225 210.622187296549 232.554229736328 239.478134155273 0 218.678028106689 0 198.015350341797 237.751330566406 227.522076416016 219.277252197266 237.241348266602 225.162836941806 199.220989608765 196.127792358398 189.271166992187 167.870574148078 0 215.989837646484 0 0 149.479904174805 197.014063765363 196.447912851969 0 0 0 0 244.155433654785 247.277618408203 201.458862304688 0 162.379348408092 159.202095378529 151.524980545044 0 232.343872070312 149.898402565404 225.570068359375 180.097640991211 229.395315987723 0 214.802027702332 217.067581176758 0 165.989739668997 125.919647665585 160.650282178606 196.592395358615 225.064643859863 0 170.139144897461
44.3235821643385 33.6403738647629 24.5732964861969 18.8571429167131 30.9248479343103 23.8002145839907 81.5312292781877 95.9436738034512 81.1419352307732 70.6128061921805 65.0490780743686 28.007996025529 0 0 142.292406082153 242.347244262695 241.217254638672 0 169.524410247803 138.682964324951 114.691911172176 108.545535717135 140.283907572428 188.570945739746 137.482219060262 181.323570251465 218.289680480957 154.891198476156 88.5221481632961 46.0133327920281 63.8892623465402 103.348425645095 113.054929803919 115.538136568936 220.260772705078 0 82.7964782714844 170.108418978178 170.844787597656 184.383979797363 96.2109736306937 135.446517944336 142.104869418674 196.974029541016 143.609710693359 244.992279052734 170.769412994385 174.963250732422 166.154491424561 187.705841064453 156.34770797135 175.833644206707 130.784067732177 116.801930219444 132.395156548948 114.62218053182 97.8456471337212 180.773869832357 0 0 173.924448649089 185.738687424433 176.195142822266 0 136.34384393692 0 98.5363444172445 185.686236063639 142.165185194749 182.51105695452 184.796312713623 105.651689758301 187.134136424345 125.326575279236 133.10897509257 184.154098510742 92.9971336364746 0 182.268298557826 170.855420793806 189.546506647478 186.506777445475 132.563290290422 113.980004148663 115.648390949192 102.101179420785 148.678531299938 185.516562325614 197.990690443251 189.931182861328 198.499819074358 147.401040086468 170.70510635376 171.610988519131 184.679934797616 100.300803502401 75.2922135501928 95.5211571724184 109.45956923322 136.015778303146 176.826475165872 186.596297292998 176.021386124706 172.323443665796 170.431711832682 167.662369167344 176.1947431468 149.161252524636 169.05990301394 127.427022711275 148.839420447603 165.177729577612 0 151.451049804688 0 0 0 144.197677612305 233.401916503906 171.379193115234 208.873082478841 142.743591308594 166.143646240234 200.69295501709 180.799285888672 193.755599975586 0 0 0 0 188.348334518133 0 160.949767039372 160.921038923592 0 163.933287811279 0 0 163.590251922607 182.522998809814 205.318359375 0 0 196.353687104725 183.480941772461 0 163.480163574219 0 0 190.912811279297 0 0 220.702041625977 201.213134765625 0 190.709144592285 202.47631072998 228.911161942915 202.916646321615 232.103416442871 216.859677288983 193.156511160044 210.845987319946 189.353761870286 161.183450698853 0 181.388809204102 0 0 0 200.817799806595 181.477318211606 178.491561889648 0 0 0 242.243148803711 236.262680053711 247.391311645508 0 154.454072805551 155.978658161466 135.179996143688 239.65380859375 231.805526733398 142.647666204543 200.080029296875 0 224.152233123779 208.081604003906 209.894045875186 222.730311075846 238.874320983887 168.134923934937 121.268569694375 171.542450991544 198.553812893954 219.704437255859 0 205.512283325195
56.6355588441167 37.4469705634481 101.570130456354 30.9248479343103 19.7829826987959 37.0804875969262 58.5508710046717 94.179430097063 102.243813294631 101.973409682054 66.5509273529053 67.3369099408104 0 94.7708421186967 87.50148563759 103.447704860142 100.703529663086 145.718196868896 174.292713165283 94.1977969578334 96.6029174296061 90.4323515620256 93.8881737845285 145.680001152886 110.270491480827 0 133.348789215088 93.8645337911753 66.875113127263 39.3342164208683 22.241805377754 41.6252684522453 71.7333587584312 70.1713361302647 133.017463684082 75.8286285400391 96.465259552002 91.7939051266374 102.296385855045 155.234832763672 84.1465769979031 135.375527518136 144.328200446235 157.802543640137 170.997360229492 130.52685546875 135.529867172241 150.82959533156 147.793121337891 170.555511474609 141.926757494609 168.165042489262 113.899368497084 98.5416142876535 122.244545849887 102.996262697073 46.0765959201738 59.8565584096042 113.76160736084 72.0780652364095 128.922352896796 160.060807349698 135.58673221309 147.29395866394 112.401298041483 140.602615356445 79.0673988100759 93.5486698150635 121.763464949513 165.107658004761 168.674327087402 73.1756804526389 93.0956141574324 120.053392622206 70.7237400178366 152.150089122631 84.1813361828144 0 91.429016331264 164.045725504557 177.398356562075 158.570846557617 121.523385735197 98.6081087568165 101.941171043659 84.9800372542791 119.057413362989 177.364881515503 183.28968556722 171.283393859863 167.13483282236 132.935527492214 158.85960639013 168.542887210846 172.803134600321 26.33719467928 79.9334668636322 74.6257038557097 96.5759709583629 67.0524857661446 201.436859130859 191.546287536621 178.700873374939 177.417756024529 149.342872619629 162.220492155656 160.604358673096 111.876754760742 192.378283691406 132.6302702162 138.864063807896 162.95105266571 0 0 141.989370727539 161.823913574219 148.453440348307 151.10546875 158.692286173503 166.012544759115 198.070037841797 163.218252328726 138.885989379883 0 0 0 0 168.261093139648 0 0 0 0 137.575218200684 164.578314504316 0 173.733239746094 0 0 171.540171536532 186.591300964355 169.031872558594 162.703731536865 167.397424316406 183.365643819173 176.069389343262 186.398010253906 162.878356933594 0 173.853477478027 166.022471904755 0 238.679595947266 204.91349029541 0 0 200.969314575195 218.726691109794 223.762842814128 162.326782226562 0 216.037872314453 191.133842468262 213.073425292969 179.850051879883 138.878883361816 0 172.561372236772 189.553388595581 0 134.534515380859 210.658190640536 0 199.483764648438 0 0 177.537587483724 244.107231140137 216.980712890625 191.660291883681 197.350185394287 164.404038323296 182.480905532837 110.07785542806 234.595413208008 182.148536682129 132.14924621582 197.672210693359 0 216.127084732056 0 215.356195449829 211.837352752686 222.448295593262 156.465553283691 130.054870605469 152.6999168396 193.432090759277 0 190.750183105469 0
59.2971097500388 54.0592800811521 40.6838887132505 23.8002145839907 37.0804875969262 19.4122064537323 66.9640251074897 54.0101778521624 77.2903700907519 48.7909856147806 50.9962335964688 31.8635744474235 0 105.223805427551 94.4824009556924 139.781993865967 120.649527072906 146.071942329407 161.031295776367 144.242824554443 104.637874579695 96.1644721165655 110.866588592529 138.53897857666 119.463177975093 122.732887268066 154.606086730957 108.890161913495 86.5580078712561 55.181907655137 57.7913682383876 25.5315274127153 52.5175664101809 77.1500139764015 133.896525065104 90.5537643432617 114.579283905029 95.2181558414381 110.277181422457 130.639299245981 90.4042636469791 137.82887878418 140.429555130005 190.599992116292 141.269592285156 150.045339311872 138.013631184896 153.615761787661 160.672326129416 184.502822875977 161.131394522531 178.769705188808 127.836144902565 117.569960665212 135.475626594142 115.354838824031 104.447034491114 68.7079567240777 96.4934616088867 71.7486915588379 140.072614229642 163.179967302265 148.551681844597 138.375845227923 116.690197328978 219.846572875977 101.431885622625 154.134722900391 125.596484214849 175.093778569648 179.712715784709 65.5968499010259 82.9598532441544 100.913582938058 80.6977925883159 137.004638084999 78.0308315230579 135.159807840983 81.9246897535259 180.645090738932 188.720912287785 181.647413253784 133.624351743668 113.350635190762 112.234319860515 94.5718860281103 152.975439218374 178.214896706974 185.279637263371 191.21764755249 176.332904213353 150.372288219432 173.600701802572 177.699378967285 179.234931783473 42.3881508653164 65.9780981249022 89.4719424925956 103.573634624481 103.215346908569 175.41990047031 180.976936848958 172.245208269699 169.687877028408 167.971084594727 166.50810790116 175.774288431803 149.213132171631 166.541304906209 127.192234508494 144.432131247945 161.838639414783 0 0 189.333249409993 0 170.532806396484 189.705417633057 138.831588745117 162.354644775391 165.628056526184 162.61639536982 165.715691306374 219.423776245117 196.652178083147 0 0 0 0 164.867050170898 183.568118956031 217.240234375 153.344538744758 153.771417848154 157.708607991536 160.6277514371 159.890090942383 0 172.28484256932 169.633433914185 165.37700398763 161.490880330404 176.095257568359 192.15012550354 191.436698464786 0 164.75927734375 134.667922973633 154.189590454102 172.359132003784 151.974151611328 232.08317565918 206.684666951497 203.876065063477 0 192.215494791667 214.062229156494 219.295658111572 210.16227722168 240.373245239258 215.312332698277 197.536408318414 195.162495204381 189.077927856445 158.829361915588 210.32551574707 198.789421081543 204.818003336589 210.655212402344 206.98966217041 192.584265757415 182.430006139419 248.274230957031 207.905670166016 189.443634033203 200.336706542969 235.630271911621 239.456550598145 197.308338165283 190.60334777832 152.943936112536 149.201305650685 150.1702003479 159.304931640625 208.396659851074 137.538911220006 195.998722076416 0 215.508003234863 206.345372517904 211.354278810563 210.983350118001 236.670059204102 159.547913208008 120.660614395142 185.694474845097 197.56377919515 180.118118286133 211.236755371094 0
28.4042930749191 73.5455535734543 56.1360157108395 81.5312292781877 58.5508710046717 66.9640251074897 11.1480474740798 21.9587255059604 18.6811434036584 40.4579489131282 61.8725901505886 70.8862277502912 94.4254837036133 116.727607727051 105.382418314616 0 0 177.926574707031 0 113.077575683594 120.391180419922 125.908736365182 168.919822692871 178.860473632812 147.208803812663 0 132.32063293457 146.959730148315 32.0558626778057 46.4585449590716 65.3285657627918 101.283789316813 106.724406902607 106.491380310059 140.924575805664 0 0 140.336859385173 117.784297943115 136.500114440918 94.8181180220384 132.136077880859 169.082987467448 52.2412891387939 173.317581176758 0 139.671999613444 177.772899627686 128.437985738118 153.495096842448 119.7792299141 137.61448358389 76.4861624347769 67.1078399923742 90.7876468349148 77.7829938946348 87.5065239667892 84.0022926330566 0 0 175.931503295898 186.308400605854 183.242111206055 0 149.326491722694 94.300666809082 90.2236154996432 122.04487101237 150.909586699113 153.548944473267 172.455363464355 97.658754886725 144.181609562465 181.488154602051 119.203662395477 243.7548828125 81.8044354915619 84.8840019226074 94.1978593306108 132.561496189662 150.056749180385 149.589059448242 95.7690533488786 83.445677062094 100.637737877515 108.891413866463 141.38156636556 176.260437011719 164.967803955078 172.268081665039 203.264709472656 116.131401318032 140.633937576442 147.646043777466 173.547871238307 80.5390772612199 40.2915558266048 25.313538271099 120.155984101472 121.550223286947 160.018411254883 176.190887451172 180.927897403115 174.850018092564 184.306686401367 181.169630720809 189.251640319824 114.358713785807 170.422429402669 142.840012183556 161.878724318284 169.886601216084 0 0 0 0 0 170.589431762695 126.860198974609 200.90153503418 167.377105712891 211.803253173828 0 0 230.414627075195 0 0 0 0 0 173.572274780273 0 165.885986328125 182.781735229492 167.182357788086 134.935623168945 0 0 180.178109741211 176.655191693987 162.751510620117 212.808837890625 0 210.186546325684 182.431564331055 232.441741943359 0 0 236.013580322266 192.906878153483 115.177391052246 204.468818664551 214.717291259766 207.005706787109 0 0 163.185269673665 200.727544148763 156.462936401367 222.958374023438 0 219.662536621094 0 204.060745239258 121.629501342773 171.985397338867 0 0 0 0 211.595944213867 231.459274291992 0 0 0 0 213.537010192871 236.728164672852 197.153480529785 0 164.395885721842 163.303466796875 175.476585388184 0 0 156.444873809814 178.896110534668 0 225.036098480225 0 205.11691792806 0 0 202.875823974609 143.903305747292 177.85018157959 174.114501953125 0 0 0
30.7085284131964 109.692514525519 27.7629983944507 95.9436738034512 94.179430097063 54.0101778521624 21.9587255059604 12.8768564393052 18.6249374546576 20.0359102051671 51.0243218660022 53.6622059400856 0 135.153259277344 0 0 0 0 247.879730224609 0 135.548174285889 138.975465986464 0 0 153.25553894043 0 0 163.767669677734 83.6824647537386 80.9038078494188 117.410493850708 123.536329269409 153.760470199585 139.551829020182 0 0 199.230712890625 173.082087198893 150.96556854248 0 103.646745399611 0 185.791870117188 0 178.795867919922 183.212379455566 0 176.170888264974 167.286870320638 161.999877929688 143.248548780169 159.208648512099 100.792982258404 95.2041864820347 112.082569637814 102.290964126587 124.471173858643 180.229339599609 0 0 175.496070861816 193.109263828823 227.112548828125 0 187.786015828451 0 95.6306029843612 128.564666748047 199.679791768392 169.688464355469 169.945576259068 114.687986868399 162.257375717163 94.3551574707031 178.782148881392 0 87.2792498848655 150.327587127686 160.476762771606 146.37233988444 180.254053064295 183.895820617676 118.721427854687 103.158261566162 116.609451223951 123.844110040104 173.171758015951 189.776705060686 207.559936523438 0 0 131.287981332826 157.204031808036 156.534235636393 188.355126953125 138.143870883518 68.5954933091706 49.8086885570847 123.522797139486 141.029718017578 168.617682562934 186.013076782227 171.353961390834 179.514558380725 174.595774332682 172.580419514974 163.498130289714 131.986057281494 164.159185791016 133.014790715398 154.712014124944 171.299473155629 0 0 0 0 0 0 175.627777099609 0 196.164764404297 150.579940795898 0 170.372039794922 0 0 0 0 0 0 186.734939575195 0 167.731145222982 159.460074684837 0 187.695416259766 0 0 157.791339874268 184.69019317627 0 0 0 182.412317911784 245.399398803711 0 0 0 198.926628112793 218.586705525716 0 0 0 200.82935333252 0 0 0 192.691925048828 186.419471740723 211.41618347168 208.95817565918 190.586700439453 208.821380615234 166.993789672852 182.682376098633 0 0 0 0 0 220.683868408203 180.062088012695 174.392532348633 0 0 0 0 0 0 0 165.523736572266 163.373274369673 152.185733795166 0 0 149.005187034607 209.050834655762 0 220.193008422852 0 216.002999441964 0 0 178.495826721191 124.873423046536 0 0 0 0 0
56.610288655257 84.5710774201613 66.4138665292777 81.1419352307732 102.243813294631 77.2903700907519 18.6811434036584 18.6249374546576 7.02554104504169 27.6345256927258 53.4846479752484 71.3466306529871 71.2410206113543 0 168.632804870605 0 198.266403198242 0 145.494197845459 233.047882080078 101.323778424944 104.144293518066 0 0 147.010204315186 0 0 0 89.6936060277427 75.0182228708655 115.395551953997 59.3232471631921 72.3444224871122 87.2656379699707 0 0 0 99.5790244208442 0 0 94.523867255763 148.334533691406 0 59.2926063537598 90.8688286478205 95.021674156189 0 232.914352416992 170.691696166992 101.463005208523 154.858503723145 145.579162722728 60.0422999549458 97.7746792887593 103.65055254886 142.853043692453 110.56135559082 82.8166707356771 0 0 0 173.981338500977 0 0 164.70849609375 79.839894188775 109.401682767001 0 0 171.973983764648 163.606653849284 56.214987495259 74.6788467407227 41.1159830524694 84.1709687974718 209.394485473633 37.3180202403117 50.3407465429867 53.5528814869542 130.578613883571 152.540001946527 122.030846052903 128.065791362041 108.467529990456 128.450973510742 117.034328460693 0 140.906549007335 140.303040504456 125.150562655541 120.488287062872 143.966948009673 172.646544392904 161.148439407349 167.907528686523 94.8625312218299 16.8388310311368 20.9395010813176 112.770632425944 125.938568115234 159.187881469727 167.865264892578 175.722034999302 162.916849772135 0 174.71464399858 172.838354110718 0 0 125.87670135498 157.13877360026 161.556837463379 0 0 150.264953613281 110.117847442627 96.6572036743164 101.773586273193 0 110.19743347168 114.092240182977 113.81303671132 107.659213726337 118.560745239258 0 0 221.7998046875 0 0 0 158.099370320638 0 150.552149963379 147.922376403809 83.1465301513672 127.404733930315 0 0 118.2338164046 111.791830001339 0 173.245727539062 0 177.492805480957 0 0 109.73766708374 0 99.083984375 135.029514312744 0 182.938018798828 220.273971557617 202.692962646484 0 203.188598632812 190.534019470215 198.944351196289 181.05598449707 0 195.569416046143 207.094131469727 0 145.03275680542 0 0 0 157.454864501953 0 88.9031982421875 176.522598266602 225.614151000977 0 0 148.652229309082 152.462412516276 216.880157470703 211.563247680664 136.94108505249 156.617538452148 135.708204905192 110.523178100586 57.2993593949538 0 0 104.204029083252 175.399978637695 0 206.33275604248 0 207.617652893066 190.188140869141 212.794509887695 201.562255859375 141.60515158517 0 207.642227172852 0 0 110.29475402832
53.1566901083802 76.1202185761695 17.4387362510131 70.6128061921805 101.973409682054 48.7909856147806 40.4579489131282 20.0359102051671 27.6345256927258 11.9086755653996 19.6024382765806 25.9578077686802 0 115.022171020508 134.210952758789 0 0 133.151565551758 0 0 117.541380040786 114.657085037231 0 0 0 0 0 180.857706705729 89.3128644646539 88.9516157422747 102.322340011597 51.8170932769775 83.3627349255132 137.8748143514 179.609329223633 0 0 196.088439941406 123.014282226562 163.13215637207 105.935837971795 0 119.062099456787 0 98.9769134521484 0 212.405227661133 141.560546875 180.937049865723 113.911525726318 154.505124511719 166.877721309662 91.173735033828 98.7913211678312 118.10102148617 106.490004966999 101.060902913411 0 0 0 195.733749389648 213.542592366536 176.276338849749 0 185.547785441081 142.392974853516 97.0199760651924 0 194.822845458984 170.571643066406 186.722045898438 50.4707794139523 155.73423614502 86.2097292582194 135.089894294739 179.671997070312 58.1803174818525 85.6583833694458 93.0492752075195 139.451599121094 185.484576416016 131.746454238892 126.683349929489 113.034372213612 123.298041853794 113.859510694231 173.826461791992 208.227105712891 210.910934448242 0 176.214050292969 138.089257502901 162.138715597299 167.802867344448 183.685012817383 116.450488003817 31.5409973364253 45.9702965793433 145.527390797933 0 146.750850019784 164.989814758301 148.663195909773 144.899521126652 163.996439615885 139.296308094488 140.513114582409 104.717002868652 134.69470859396 93.8622752572027 119.008851479358 138.947975788641 0 0 0 0 0 108.613677978516 0 203.833938598633 157.897964477539 129.916744232178 0 0 199.155868530273 0 0 0 0 0 176.099773631376 190.386245727539 139.640206587942 138.990132418546 0 142.18619259921 0 0 144.870794677734 148.224834442139 0 136.688217163086 0 182.369856262207 176.112617492676 0 131.92484664917 0 90.240104675293 178.49201965332 0 0 0 213.491760253906 0 0 204.156283569336 217.282821655273 187.231114705404 0 196.806901198167 179.54479598999 149.490313212077 172.64803314209 156.296480814616 0 0 0 0 0 175.987095832825 165.936590194702 220.282249450684 162.673568725586 243.973114013672 160.864471435547 199.640129089355 0 137.849609375 0 135.037236506396 130.962000039908 71.5509271621704 0 0 118.000264619526 176.188120524089 191.868133544922 181.564430236816 0 195.868970430814 0 0 159.851737128364 87.2474618410931 123.126201629639 195.557571411133 0 0 0
89.0574744164527 78.9884804779629 55.5264178894378 65.0490780743686 66.5509273529053 50.9962335964688 61.8725901505886 51.0243218660022 53.4846479752484 19.6024382765806 8.969121083255 22.4153437733394 0 0 0 0 176.92945098877 0 217.425872802734 0 100.939774013701 90.8588011060442 0 0 137.337202072144 72.1056137084961 158.384674072266 0 97.1823110078511 97.5747730829944 105.792488098145 55.7980697949727 46.2324527538677 50.8572745323181 0 0 0 130.678138256073 179.548901875814 148.292572021484 87.8009240627289 0 147.859522501628 111.637981414795 104.472015380859 0 0 168.479614257812 0 133.868179321289 146.348785400391 170.59869820731 100.289047127339 117.145864486694 134.47119140625 126.057435035706 172.113560994466 48.6198959350586 0 0 0 151.295928955078 162.799331665039 0 0 0 97.9657832554409 128.766571044922 137.701377868652 211.282511393229 0 34.9569232186442 67.5971870422363 58.1889533996582 108.998082637787 0 47.587821770899 0 61.3178436603952 146.125671386719 189.734997558594 160.665771484375 137.077215241223 106.980077992315 109.392704433865 92.9723856449127 153.579528808594 176.563316345215 189.965179443359 186.437576293945 240.721038818359 142.645714314779 168.328358968099 157.739874267578 171.090873718262 72.7818952287946 36.4837559501579 70.6169975734188 104.731640815735 0 159.729317169189 163.508604569869 155.934664707558 150.607276916504 155.30993347168 144.330193442487 155.398823906394 120.690601480418 145.619911193848 106.380869525974 127.402017342028 144.306550702478 0 0 0 167.403900146484 0 168.947067260742 0 173.844095865885 201.593933105469 138.64079284668 150.685348510742 0 165.088226318359 0 0 0 0 0 164.762756347656 0 139.095019721985 136.613333066305 0 143.519059753418 0 0 146.42767829895 159.810343170166 0 0 0 177.874813577403 154.74151134491 235.554534912109 0 0 109.633972167969 165.435363769531 138.881927490234 0 0 200.987790425618 0 0 199.939804077148 204.602818080357 195.558227539062 239.899192810059 186.320684160505 180.560990958378 0 169.750579833984 137.295996926048 162.712936401367 0 0 0 0 181.217637869028 158.50612894694 0 139.380462646484 0 166.53857421875 0 0 0 0 130.920014941503 127.729565013539 127.604654947917 0 0 117.689731891339 194.814468383789 0 196.801414489746 198.325168609619 188.901136610243 197.824279785156 215.379028320312 151.82780783517 98.0363931075386 145.141276836395 172.561189923968 0 0 0
58.9105783020414 65.4725109462518 31.4324102258792 28.007996025529 67.3369099408104 31.8635744474235 70.8862277502912 53.6622059400856 71.3466306529871 25.9578077686802 22.4153437733394 17.9751222970059 103.35126953125 105.708028157552 109.623160044352 128.166864013672 136.431262969971 146.051278686523 143.183015823364 159.19241587321 110.29400814785 101.705109874247 97.4060523293235 177.948811122349 125.737909854037 117.810880661011 195.284006754557 124.102500915527 105.478232112547 79.7109598990568 114.627426251498 41.4169721788027 48.009351822709 84.1883398748077 157.824859619141 0 162.675518798828 112.386574900428 147.414829508464 152.161623382568 99.5825606547129 131.054473876953 160.789577907986 74.398913860321 131.294290022417 126.692053222656 131.710469055176 167.897719643333 172.324716741388 152.201944791354 168.010595788489 187.211883416337 129.632346893612 127.218120574951 141.319207657863 122.950962691657 118.743546905518 62.8200987098861 0 0 152.690956115723 177.505091267247 158.473111262087 157.232391357422 128.403686932155 174.15784962972 110.007741114137 86.586442565918 140.636862121582 195.499092688927 193.247549438477 33.777476758469 70.1290898015025 74.5478162398705 83.1094798904529 147.861592429025 59.7133569594239 88.5097208023071 48.372500003434 171.382951524523 195.709920910821 178.872917175293 143.713876807752 126.117553266334 123.867607503255 106.568220566434 95.0437363844651 191.400021639737 183.487968868679 213.373947143555 155.192126210531 157.386162417002 181.660488998681 183.215419769287 186.422632694244 69.4436161264987 59.0514414422183 91.4311186746495 113.565957471359 98.811891371204 178.535860697428 179.586792201212 172.426516899696 169.967501516903 165.757382627393 165.321226246386 172.706860529912 140.717343814131 166.805849859366 126.686097579794 144.621598713139 160.488094387425 158.493139648438 184.352966308594 171.68412399292 182.411727905273 153.870022583008 163.711602105035 153.756215837267 176.113948475231 149.846558041043 158.327552286784 151.999610900879 170.951681137085 190.596655038687 188.002024332682 0 188.142639160156 0 208.38166809082 184.072858197973 226.963180541992 153.260166967483 150.090010343023 0 147.057377166748 136.73551940918 146.631958007812 148.145132902897 150.638430855491 190.572024027507 171.323981545188 184.891363525391 190.819436391195 183.425047623484 232.600555419922 179.881748199463 0 139.788687192477 180.528676650103 164.742965698242 223.817733764648 235.418891906738 196.907102731558 0 174.332473754883 226.37777224454 220.342783226157 216.853758070204 231.667937058669 205.157516355437 190.513768282804 190.714444247159 182.970907638322 155.675029754639 165.284922281901 183.411029391819 203.520685831706 0 0 192.733403214164 185.622886426521 192.17003086635 181.361320495605 233.786018371582 205.01403427124 235.378810882568 235.075500488281 181.452150617327 190.854314168294 148.09424211218 135.483803356701 108.308863409634 193.381062825521 212.025182088216 132.522069670025 208.959901809692 200.472188313802 233.483417510986 197.827186584473 201.977423405302 203.336647033691 224.771813528878 164.090727110167 121.249141288792 170.998606017142 187.231557210286 192.833068847656 176.459594726562 166.489330291748
0 0 0 0 0 0 94.4254837036133 0 71.2410206113543 0 0 103.35126953125 10.8463753561029 0 118.970718383789 66.4510955810547 53.7106943130493 22.5450090071734 25.5439159515826 44.8535774915646 0 132.813110351562 0 77.5407257080078 102.141494750977 0 104.664923858643 102.071836789449 169.061904907227 0 0 0 96.8604828970773 0 0 0 0 64.3703190757007 135.370268503825 203.437088012695 100.5540196555 109.916643778483 81.3982442220052 27.9723073621446 15.083164693745 18.5229006240596 0 91.1042785644531 94.9177761077881 37.6116263283624 86.7633438110352 97.108959197998 117.542009989421 203.836669921875 91.8754081726074 0 186.209915161133 212.919631958008 113.783447265625 0 109.44957039573 142.389795939128 97.3358055114746 72.4423053741455 99.5492153167725 22.5700135685462 188.745590209961 0 112.256059646606 204.331977844238 107.685455322266 79.3589179992676 64.1452277465605 26.5607164676119 241.282089233398 92.6667887369792 63.3352003988819 29.5447526106468 65.175467657777 75.6062547550645 100.98318372454 63.5501507568359 0 183.211837768555 0 0 0 97.3862460943369 81.9958409040402 59.7739727424853 48.6746634943022 99.2890640258789 0 129.838027954102 95.1942313058036 106.546768188477 68.1094829385931 89.7076438268026 116.165283203125 0 0 0 0 162.201431274414 0 0 0 0 0 0 0 144.954986572266 0 97.3552926870493 70.7700239139304 106.48917388916 114.386947631836 99.9472569783529 127.530860900879 88.076623299183 122.654769310584 97.6048383067935 106.963106536865 153.521423339844 213.237157185872 109.253952026367 131.679878234863 106.891801834106 102.251388549805 96.916164744984 165.501724243164 169.65625 151.422327677409 145.619521331787 181.324798583984 141.862518310547 0 0 123.458258250403 127.045917299059 84.6731591698719 156.460035324097 94.7815493284351 206.22802734375 172.948465983073 114.524005381266 59.7623527246878 61.9389669799805 98.570797390408 81.3638659808878 152.604019165039 0 114.487743922642 163.533737182617 138.728042602539 88.033243930701 137.67682800293 0 171.362915039062 160.166187286377 0 195.673614501953 0 0 132.438312530518 150.239486694336 78.7634497608047 105.917691937615 119.595788574219 34.4885121291538 0 159.858963012695 149.488943481445 149.95719909668 145.820672988892 88.8276369702685 184.451232910156 136.956371307373 85.4732455459296 92.4357412338257 0 126.934595743815 42.8555594171797 142.78759765625 110.615283292883 110.329840087891 111.943379720052 65.941442489624 143.838070297241 0 0 112.746513525645 135.277808507284 151.247397528754 113.15495300293 0 200.504058837891 139.790344238281 187.852951049805 0
113.254199981689 0 0 0 94.7708421186967 105.223805427551 116.727607727051 135.153259277344 0 115.022171020508 0 105.708028157552 0 18.3726871634367 19.4977431006352 41.9164947691418 26.1918326799686 95.56118244595 133.070452928543 50.8945762181686 120.82327747345 110.813581466675 71.2026597930164 64.0641773280813 0 68.7492668151855 32.8927722741929 35.5198019840175 112.765731587129 104.566228783649 79.1958607870435 86.0969772338867 76.3706359863281 61.5054348320223 29.2945609477145 22.5168435839432 43.098156133291 64.9451621185196 70.9046980368124 91.4039154052734 70.2778022012045 84.2228624820709 70.2834067233773 0 0 127.790790134006 57.9603954788542 129.116231536865 87.6125866816594 127.58810933431 199.578475952148 162.758163452148 160.890838623047 147.184940631573 156.278213500977 150.709991455078 95.8740219116211 60.4241471649498 39.7727488891498 40.9203874953091 134.884999465942 122.182517341945 91.5544670545138 65.2032789471506 66.4208344650269 0 132.115914916992 63.701799464405 92.3030822753906 147.376509348551 128.333902994792 115.935485839844 97.1130325317383 57.4981803894043 69.3950504967378 116.477300643921 0 0 0 0 164.426345825195 239.358840942383 180.176350911458 140.700660705566 127.354384104411 125.543955485026 93.6908560858832 144.559448242188 146.882472991943 157.540634155273 129.258131027222 110.291669464111 131.663104248047 121.003484552557 100.080090586344 81.809848207416 0 0 136.672069549561 92.3932830810547 0 0 0 0 0 0 0 0 0 0 0 0 123.900875515408 123.657105582101 113.573727199009 113.975531441825 120.086723327637 118.625274149577 119.586519414728 126.285447962144 130.927229722341 124.206975969218 118.716128262607 0 0 0 102.669044494629 159.645545959473 120.767135620117 136.310682932536 0 0 0 138.730445861816 0 133.130602518717 126.524147033691 115.364311218262 131.506718226842 144.748558807373 142.241734313965 118.935101318359 179.455703735352 0 115.693923950195 210.719055175781 222.295379638672 0 117.144954863049 152.301593433727 0 181.009460449219 212.255645751953 0 0 0 0 0 0 0 0 0 0 0 0 0 164.357124328613 0 0 0 0 0 128.614624023438 129.723251342773 0 162.170219421387 0 0 152.68147277832 0 0 126.534217834473 0 247.197814941406 0 99.6264476776123 0 145.453720092773 199.175674438477 0 0 201.402297973633 0 0 0 0 0 0 0 0
127.806777954102 0 246.298156738281 142.292406082153 87.50148563759 94.4824009556924 105.382418314616 0 168.632804870605 134.210952758789 0 109.623160044352 118.970718383789 19.4977431006352 9.44367088441989 20.1589385766581 14.4368757196168 38.7895885553471 48.7112509836287 11.7961971826379 67.8462272644043 88.8263446367704 59.0306251260299 74.4348516507386 122.388921101888 91.5167813982282 31.1395647501911 23.4838744121196 118.296768620329 102.261685823139 80.9548876199378 97.2157620021275 81.0169602121626 60.093160907598 38.4428728506594 26.9849246348463 41.8102358831916 59.7990313277907 40.8441127700806 104.131193637848 64.7609609673892 71.2310158865792 84.5205350943974 156.130569458008 101.722503662109 119.107617598314 66.7831706697979 113.485088348389 89.6658526680686 152.807361602783 156.168594360352 186.335708618164 153.031366348267 128.867879231771 143.027184804281 135.486557006836 98.4876293182373 58.2110672813672 46.0823290920055 42.7846359274853 105.283300901714 114.69407055829 92.4708156120486 63.2428845564524 54.8104496678562 0 129.199339389801 62.8129712841179 71.0884028010898 125.759438458611 136.849801635742 127.02970123291 124.703439076742 50.8955879211426 66.6647034296041 101.199888731304 189.673049926758 0 142.508728027344 0 150.298340430626 134.939071655273 170.442161560059 128.880677541097 122.352251052856 127.290894317627 99.8973088945661 134.96854352951 130.419305098684 144.037333897182 127.424716949463 115.250702228952 127.981475830078 121.332143060092 101.822135039299 79.1414678611007 112.354270935059 131.804331461589 126.705600261688 118.046440124512 0 0 0 0 0 0 0 0 0 0 0 0 111.90640174018 137.088971455892 96.025846862793 113.302360534668 108.994033813477 114.327568689982 124.635950088501 122.508712475116 126.188697338104 124.06820056313 116.247557247386 120.442092895508 170.795293172201 103.840759277344 0 0 128.230697631836 131.099185180664 0 0 140.578567504883 147.035465240479 0 0 122.745213317871 107.194976806641 121.588209533691 132.060561286079 125.895077175564 120.645758492606 118.476531982422 0 0 0 99.0604248046875 80.7236404418945 103.63701915741 140.286989212036 127.145645141602 230.682174682617 187.301066080729 0 0 162.23258972168 0 0 0 0 0 0 0 0 182.140808105469 147.331840515137 153.347141810826 119.973922729492 191.060546875 201.778793334961 205.371620178223 150.606964111328 0 132.665023803711 162.664855957031 167.179977416992 0 184.885803222656 170.996417999268 0 0 126.219750976562 66.658332824707 132.802947998047 0 99.1883945465088 185.108016967773 0 0 0 0 205.100189208984 223.988677978516 0 0 0 145.230880737305 0 0 129.360260009766
