29775 5835 12190 3200 440 6581 9516 8600 100 406 33 2981 3 3 2 2 0 10 2 1 87 47 7 17 22 2 17 3 9340 5123 123 140 242 3 0 0 3 1 2 14 1044 33 42 4 13 11 7 23 86 14 76 196 2504 1676 580 370 85 8 0 1 21 41 10 14 2 4 211 15 8 249 170 77 51 32 80 17 54 1 59 18 533 17 2053 881 627 123 55 541 145 17 54 843 369 115 65 108 147 1997 51 40 19 2 76 62 8 94 15 28 27 30 89 140 0 0 1 0 1 0 0 0 2 0 0 21 6 0 0 0 0 0 30 1 28 147 0 13 0 1 28 15 1 0 0 31 36 1 2 1 3 2 5 1 6 11 0 5 4 1 8 4 17 4 5 23 1 0 0 1 0 0 33 11 1 2 2 3 2 2 10 1 174 104 30 2 1 94 2 0 19 4 50 13 1 1 63 19 24 1 0 5
5835 10472 3892 9794 1306 7956 135 125 33 72 17 2104 1 1 2 3 0 3 1 0 54 28 3 11 17 0 4 1 1407 5028 521 115 148 2 3 0 1 5 1 3 607 17 19 2 4 3 6 23 37 5 25 73 632 641 135 196 128 7 0 0 17 22 4 3 1 1 208 6 12 108 89 59 24 12 39 9 22 1 39 9 195 5 847 500 436 86 22 263 97 9 31 381 120 35 37 42 53 321 29 27 12 2 54 44 3 70 3 15 14 16 54 114 0 0 0 0 0 0 0 0 0 0 0 9 4 1 1 1 0 0 23 0 21 128 0 11 0 0 15 13 0 0 0 17 22 0 2 0 1 3 2 0 1 5 4 7 3 5 1 1 13 8 0 23 1 0 1 0 0 0 16 5 1 2 0 1 0 0 3 3 114 93 17 1 2 65 3 2 12 3 23 2 1 0 45 17 13 1 0 3
12190 3892 22365 2314 115 2827 1217 8340 386 7589 225 27468 4 2 0 3 1 8 2 1 57 32 10 14 16 4 5 1 700 154 52 39 145 3 4 0 0 5 1 5 728 43 50 3 19 13 4 40 67 22 78 169 1239 883 337 276 51 5 1 0 32 46 5 11 4 2 110 15 14 220 187 87 30 44 44 11 72 2 55 27 432 13 1629 662 545 99 33 484 178 20 62 746 315 117 77 47 251 569 34 28 190 7 398 198 18 429 58 81 323 88 358 597 0 0 0 0 0 0 0 0 1 0 0 33 12 0 1 0 0 2 66 0 71 432 1 35 0 0 31 17 0 3 1 63 64 2 7 0 10 5 6 3 4 38 0 10 3 11 7 2 38 12 12 72 2 0 1 0 0 1 76 15 4 4 1 2 1 2 8 0 464 160 42 4 2 205 15 4 14 7 108 9 3 1 213 65 56 2 0 2
3200 9794 2314 13123 3040 12058 40 52 46 82 29 6707 1 2 2 3 0 4 0 1 64 28 4 6 4 1 3 1 644 1157 1523 362 312 8 0 0 1 1 0 10 480 11 16 2 3 1 7 19 37 2 17 32 268 299 58 149 153 11 0 0 17 14 6 3 1 1 134 3 12 58 60 99 48 17 61 8 25 1 46 2 101 1 522 330 383 93 23 125 63 6 21 208 62 27 23 63 79 133 29 15 19 5 66 54 3 96 12 29 20 25 82 143 0 0 0 0 2 0 0 0 0 0 0 16 7 0 0 0 0 0 20 0 24 158 0 11 0 1 11 4 1 0 0 28 24 2 1 0 4 0 4 0 2 13 1 1 1 2 1 0 13 8 5 24 1 0 1 0 0 0 24 5 0 2 0 2 0 2 4 0 165 69 13 2 1 72 1 0 13 4 37 2 1 0 63 22 21 0 0 2
440 1306 115 3040 5366 5075 37 19 47 50 45 2113 0 35 15 1 4 5 0 1 275 162 8 16 29 1 31 23 2097 1705 9259 2800 1931 53 11 2 19 10 2 18 416 10 28 1 1 4 16 13 22 2 10 31 349 449 67 175 1780 196 3 1 14 58 33 29 30 1 612 18 102 55 29 516 349 19 923 12 33 1 185 4 74 1 552 413 639 191 53 77 42 7 20 151 53 23 21 2321 120 270 124 137 9 2 48 32 5 48 5 18 21 21 63 132 0 0 0 0 0 0 1 0 4 0 0 3 4 0 1 0 0 1 14 1 13 100 0 9 0 0 14 10 0 1 0 15 17 0 1 0 6 5 4 0 3 7 1 5 0 2 1 0 11 3 2 13 0 0 2 0 2 0 11 2 1 3 1 2 3 3 1 0 129 64 10 2 1 73 2 0 11 4 23 2 1 0 58 9 12 0 0 3
6581 7956 2827 12058 5075 19721 104 119 153 292 97 18403 0 10 2 1 1 4 1 1 274 138 10 8 23 1 15 14 903 1890 1094 6802 3151 33 3 2 14 9 2 17 918 14 22 3 3 4 10 16 27 7 16 34 527 506 130 293 295 403 0 2 18 27 22 16 12 1 274 13 45 93 65 605 399 29 1074 8 75 0 193 4 143 2 929 599 911 233 40 182 74 7 26 296 112 51 34 1604 358 321 95 29 55 17 194 167 23 238 22 47 76 50 300 502 0 0 0 0 1 0 1 0 4 2 0 28 9 0 1 0 0 0 44 1 67 389 0 24 1 1 24 21 2 4 0 43 65 0 3 0 4 1 2 1 2 13 3 8 0 4 0 1 41 12 10 80 3 1 2 0 0 0 64 8 1 1 0 0 3 1 6 0 422 124 21 1 1 174 4 1 7 6 58 1 5 1 226 45 41 7 0 1
9516 135 1217 40 37 104 6853 8789 617 2076 161 570 0 0 0 0 0 2 0 0 8 6 3 0 2 1 0 0 1771 438 13 22 45 2 1 0 0 0 0 2 69 5 6 0 0 2 1 5 11 2 14 33 1198 575 301 27 11 2 0 1 1 4 3 0 2 1 18 3 4 29 24 37 12 4 9 3 51 2 18 6 84 3 399 144 72 11 9 66 11 1 5 108 73 12 10 23 760 1880 13 6 2 0 3 4 1 7 2 1 0 2 9 24 0 0 0 0 0 1 0 0 0 1 0 1 2 0 0 0 0 0 3 0 1 18 0 3 0 0 5 2 0 1 0 3 0 0 0 0 1 2 0 0 0 0 0 1 3 0 7 0 2 0 0 6 0 0 1 0 0 0 1 0 0 0 0 0 1 2 2 0 16 9 0 0 0 7 1 0 3 0 3 3 0 0 5 1 1 0 0 1
8600 125 8340 52 19 119 8789 25304 1696 12264 547 2509 1 0 0 2 0 0 0 0 7 6 1 5 4 1 1 0 304 151 8 8 39 0 0 0 0 0 0 4 285 12 14 0 3 0 3 6 16 8 26 111 1818 798 499 107 10 1 0 0 3 16 2 1 0 0 33 1 4 139 93 40 5 10 7 6 86 0 24 8 273 8 1044 317 131 25 9 187 51 0 21 348 217 29 19 12 268 1137 9 13 8 1 19 14 2 26 6 9 3 3 35 42 0 0 0 0 0 0 0 0 2 0 0 2 1 0 0 0 0 0 5 0 5 39 0 2 0 0 1 2 0 0 0 2 4 0 0 0 3 1 0 1 5 1 0 1 5 1 7 1 3 1 1 1 0 0 0 0 0 0 6 0 0 0 0 0 0 1 1 0 38 21 3 1 1 18 6 1 7 0 4 3 0 0 18 1 4 0 0 0
100 33 386 46 47 153 617 1696 882 1924 396 850 28 0 0 1 0 2 4 0 59 60 0 2 6 0 0 0 40 32 22 29 130 0 0 0 1 0 0 2 48 1 3 5 96 5 1 0 1 51 4 27 124 36 29 16 19 3 1 0 2 1 1 0 0 13 10 0 3 3 8 472 15 95 15 0 1969 28 370 12 8 58 57 19 76 15 4 77 41 34 17 15 8 1 4 25 2906 1265 18 0 4 1 12 19 2 14 1 5 2 4 14 27 0 0 0 0 0 0 0 0 2 0 1 3 1 0 0 0 0 0 3 0 3 24 0 4 0 0 1 4 0 0 0 6 4 1 0 0 1 0 0 0 0 2 0 0 1 5 3 1 5 1 0 6 0 0 1 0 0 0 7 1 1 0 0 0 0 0 1 0 31 19 4 0 0 12 0 0 3 0 6 2 2 1 25 4 4 0 0 1
406 72 7589 82 50 292 2076 12264 1924 31030 12598 19700 0 0 0 1 0 0 1 0 25 20 1 1 1 0 1 2 75 53 15 39 210 1 0 0 1 1 0 0 131 3 2 0 1 1 1 3 9 1 11 40 543 208 155 40 8 2 0 0 2 1 0 0 0 0 23 3 5 31 27 136 8 5 14 0 182 0 39 2 71 3 323 115 63 21 9 52 16 3 2 107 61 9 6 18 1298 1010 4 2 52 4 170 128 12 234 64 88 120 56 280 454 0 0 0 0 0 0 0 0 0 0 0 8 4 0 0 0 0 0 22 0 68 245 0 13 0 0 9 9 1 6 0 18 27 1 1 1 2 1 5 0 1 15 1 1 0 4 3 1 17 4 12 34 1 0 0 0 0 0 29 6 0 1 0 0 1 1 0 0 257 46 10 1 0 79 1 2 7 4 31 1 2 1 177 49 21 2 0 4
33 17 225 29 45 97 161 547 396 12598 6146 6726 1 0 0 0 0 0 1 0 19 7 2 0 2 0 0 0 18 20 14 30 284 0 0 0 0 0 0 0 45 0 3 0 0 0 0 0 0 0 0 5 53 22 9 10 8 3 0 0 1 1 1 0 0 0 3 0 2 4 1 325 10 1 3 0 59 0 25 1 11 0 49 23 32 10 0 7 7 1 1 15 4 1 0 12 889 307 3 0 38 6 148 125 9 207 39 60 54 59 229 381 0 0 0 0 0 0 0 0 0 0 0 7 3 0 0 0 0 0 15 1 52 211 0 5 0 0 0 2 0 0 0 12 17 0 0 0 0 0 0 0 1 4 1 0 1 2 0 1 9 3 8 35 1 0 0 0 0 0 30 4 0 0 0 1 1 0 0 0 237 18 4 1 1 60 0 0 0 0 39 0 2 1 205 44 16 4 2 1
2981 2104 27468 6707 2113 18403 570 2509 850 19700 6726 34638 0 12 4 7 3 5 3 1 496 297 15 19 41 3 11 6 587 965 549 1554 4708 20 5 1 15 9 4 16 1029 20 37 7 7 9 21 19 31 7 26 70 702 518 158 370 155 60 2 2 24 36 17 12 5 3 251 29 46 98 68 1623 240 61 280 15 289 23 260 12 171 3 1136 641 1103 262 53 198 88 5 34 371 132 45 27 557 2366 1082 140 27 193 48 785 640 77 1110 117 309 345 294 1204 2058 0 1 0 1 1 1 4 2 8 3 3 69 28 2 4 0 0 2 155 1 290 1399 0 48 1 1 43 29 2 4 2 104 158 4 5 0 10 1 1 1 2 56 5 14 3 15 3 0 107 39 32 206 6 0 1 1 0 2 135 48 4 8 0 1 12 2 2 0 1507 313 49 8 1 586 14 3 6 16 184 5 3 6 852 203 110 18 0 2
3 1 4 1 0 0 0 1 28 0 1 0 8789 0 3 7 11 541 3766 30 4 11 3 9 5 1 5 11 4 2 2 0 16 1 0 0 6 407 3 2 33 10 60 6521 3197 3634 0 19 13 594 5 39 1 0 0 1 1 0 0 1 77 14 18 13 9 4357 3 1 28 2 13 114 817 724 2 6 607 997 1525 24 13 158 0 5 3 4 2 357 347 442 229 9 0 2 43 0 126 20 2 1 0 0 1 0 1 0 0 2 1 1 1 0 2 53 748 6 2 144 4 862 206 2179 73 2 1 0 1 10 1 16 6 0 2 12 0 6 1 0 77 119 386 0 135 0 6 9 117 14 136 1956 4 7 39 0 0 53 3 2 3 1 3 0 0 4 2 1 147 58 9 534 4 4 13 0 10 60 1 7 232 19 2 12 367 1 21 4 8 10 48 1 7 102 12 2 0 1 2 0 0 2
3 1 2 2 35 10 0 0 0 0 0 12 0 12712 5937 717 1669 80 45 115 37 54 257 143 5 4 2778 2692 102 9 43 16 290 602 4442 2593 1396 129 209 596 700 51 93 6 3 32 1321 32 17 2 5 1 15 34 6 7 112 655 639 278 71 71 94 167 817 1 71 509 832 30 7 41 191 28 1927 20 1 0 21 0 5 0 14 20 23 10 237 13 27 4 42 41 2 11 32 317 4 1 10 76 0 0 0 0 0 2 0 0 0 0 1 0 4 3 3 8 18 9 43 14 190 49 50 16 7 4 7 5 0 5 1 0 0 9 1 11 4 3 66 224 9 32 7 0 5 0 0 0 52 18 7 2 0 0 0 0 0 0 0 0 1 1 0 2 0 5 3 4 1 0 1 1 1 3 3 6 0 0 5 2 3 27 24 1 3 24 1 0 1 3 3 2 0 1 2 0 8 0 0 4
2 2 0 2 15 2 0 0 0 0 0 4 3 5937 15362 5367 1875 164 69 1377 32 36 357 145 9 11 2256 4943 34 1 24 9 89 126 1293 143 205 115 697 173 823 124 104 4 4 43 241 42 25 6 3 0 4 17 1 7 46 193 64 57 91 93 99 160 1431 5 17 103 1971 50 14 15 75 22 683 61 0 0 17 1 8 0 11 9 7 6 76 27 42 6 48 76 8 14 84 140 0 2 2 34 0 0 0 1 0 0 0 0 0 0 0 0 6 5 9 12 9 18 38 47 162 107 37 20 4 2 6 1 0 9 1 0 1 15 0 8 7 3 49 187 23 31 7 0 6 0 1 0 63 35 4 0 1 0 0 1 0 1 0 0 1 0 0 0 0 3 2 4 0 4 4 3 0 2 0 5 2 0 6 2 2 12 20 1 2 20 0 0 1 1 0 5 0 1 1 0 4 1 0 3
2 3 3 3 1 1 0 2 1 1 0 7 7 717 5367 12439 768 3692 3370 2795 7 16 346 260 8 2 1176 12034 11 1 0 0 35 12 155 13 137 186 1945 70 836 278 213 25 12 42 14 92 76 5 22 0 9 5 8 3 8 21 8 1 390 190 99 136 651 7 6 11 1857 98 49 6 62 82 60 166 2 18 10 0 23 0 6 6 3 6 13 80 182 11 113 311 38 69 217 13 0 0 3 5 0 0 0 0 0 0 0 0 0 0 0 0 18 17 56 24 2 64 12 140 283 1098 79 7 3 3 2 5 0 12 1 0 0 5 0 4 3 0 29 81 53 13 10 0 3 2 10 4 120 36 4 1 6 0 0 6 0 0 0 0 0 1 1 0 0 1 7 3 2 7 0 1 2 0 7 8 1 4 27 1 1 7 66 0 1 26 1 0 11 0 0 26 2 0 1 2 1 0 0 1
0 0 1 0 4 1 0 0 0 0 0 3 11 1669 1875 768 1678 140 1744 1178 22 30 123 69 10 7 117 260 2 0 2 1 27 28 61 27 53 683 122 78 317 31 55 11 3 12 54 22 5 2 2 0 1 3 0 1 1 38 9 12 67 24 15 34 144 1 0 15 363 7 10 9 26 47 92 19 0 13 5 0 2 0 4 3 6 2 3 7 19 4 22 21 6 9 19 22 0 0 4 0 0 0 0 0 0 0 0 1 0 0 0 1 18 6 5 15 21 13 51 20 242 112 55 30 11 5 14 6 0 16 0 0 0 8 0 13 14 4 84 250 9 65 4 0 14 5 2 0 137 12 15 5 2 1 0 1 0 0 0 0 0 1 0 0 0 6 1 6 3 2 7 3 0 3 1 5 1 0 2 2 3 23 25 2 1 51 0 0 0 3 2 4 3 1 4 0 8 0 2 1
10 3 8 4 5 4 2 0 2 0 0 5 541 80 164 3692 140 25636 6425 750 15 47 124 988 20 8 1058 1011 54 5 9 2 65 18 45 4 50 884 8027 57 984 384 1511 208 66 4548 16 369 72 18 8 1 9 33 13 9 36 17 4 3 6474 249 198 1341 1129 277 40 18 4118 40 125 15 286 189 91 720 8 52 51 1 36 0 17 24 19 25 32 86 160 21 449 141 9 41 166 24 2 1 32 18 1 1 0 3 5 0 0 0 0 0 1 1 10 244 1136 30 3 472 21 1276 526 6660 304 8 1 0 0 20 0 113 6 3 4 11 1 19 0 0 94 166 891 6 221 0 8 5 67 54 241 918 2 4 14 0 0 17 0 0 0 0 0 1 1 1 24 1 39 54 6 210 2 7 21 9 12 36 0 4 91 12 3 20 334 2 7 10 2 3 15 1 1 43 5 16 2 0 2 4 0 1
2 1 2 0 0 1 0 0 4 1 1 3 3766 45 69 3370 1744 6425 67270 7778 36 38 110 226 5 10 307 415 8 1 3 0 44 6 41 1 50 3938 144 91 409 69 283 7267 382 2897 31 67 11 127 5 8 4 6 3 2 5 8 2 0 916 76 59 217 226 596 6 8 272 24 22 26 577 3869 24 74 33 1838 550 4 5 33 3 3 7 7 9 75 114 103 426 33 3 9 57 7 15 1 4 2 4 1 0 0 1 0 1 10 0 1 1 1 234 218 1007 255 43 936 274 1924 3404 15085 1399 93 25 29 63 37 0 109 8 2 2 73 1 56 55 13 520 1201 575 171 112 3 30 22 86 98 1208 528 23 11 19 0 0 45 0 0 3 1 0 2 4 0 13 37 45 56 18 342 7 11 23 15 17 45 3 10 193 15 16 169 2109 4 15 369 8 2 26 8 6 61 15 13 32 6 16 4 0 7
1 0 1 1 1 1 0 0 0 0 0 1 30 115 1377 2795 1178 750 7778 1221 21 13 130 100 1 12 226 263 2 0 0 0 17 5 72 0 23 565 184 64 336 69 58 148 15 51 5 36 18 7 2 1 3 0 0 1 4 9 2 1 199 50 34 52 168 2 2 3 607 22 15 3 41 151 24 65 1 45 3 1 2 0 3 0 3 2 2 12 37 8 41 31 4 10 33 4 1 0 2 0 0 0 0 0 1 0 0 2 0 0 0 0 44 10 22 61 11 32 84 74 459 452 124 35 12 5 33 10 0 15 0 0 0 13 0 16 16 3 105 264 23 58 14 1 21 5 8 4 259 25 9 3 5 0 0 1 0 0 0 0 0 0 0 0 2 10 6 7 5 8 0 4 4 3 3 5 0 2 13 1 9 31 101 0 3 98 2 0 0 2 2 13 1 0 14 1 5 2 0 3
87 54 57 64 275 274 8 7 59 25 19 496 4 37 32 7 22 15 36 21 6527 5479 2886 91 178 49 45 23 185 94 197 168 812 179 14 4 82 141 2 191 1113 22 73 18 9 3 80 12 13 3 6 3 35 33 12 1007 109 128 6 10 13 24 17 20 21 1 50 40 47 19 6 441 847 272 658 10 152 7 528 0 6 5 463 40 4144 491 102 27 26 7 26 53 10 15 41 588 176 79 375 46 5 5 15 14 3 18 2 4 5 9 29 27 1 1 0 5 16 2 32 1 123 9 6 31 24 5 8 3 0 3 12 1 11 105 1 30 0 1 131 263 7 24 2 11 21 0 0 0 76 1 22 2 6 1 1 0 1 3 2 4 14 0 2 9 1 2 1 3 2 0 25 8 0 13 2 7 1 0 1 2 65 189 93 1 3 86 0 0 3 4 19 2 0 2 34 4 23 5 0 12
47 28 32 28 162 138 6 6 60 20 7 297 11 54 36 16 30 47 38 13 5479 21665 3118 754 5763 1275 334 43 175 50 117 134 1089 347 67 4 111 200 4 1872 669 233 725 33 18 32 593 44 63 11 19 8 90 110 16 232 105 225 5 35 75 161 87 169 28 6 137 340 114 160 23 555 1543 505 972 45 206 14 774 0 20 3 464 247 3944 922 601 67 153 21 162 274 36 133 334 608 144 77 1596 119 3 3 20 16 4 12 1 9 5 7 13 21 1 5 0 11 16 3 48 3 309 8 23 58 38 5 20 8 0 5 11 0 5 144 2 67 4 5 293 587 5 42 11 16 32 2 2 0 154 14 32 4 3 3 3 4 0 4 0 1 8 2 0 10 4 9 1 12 0 6 14 14 4 13 5 22 1 2 15 3 68 244 184 7 9 114 3 2 8 13 22 22 7 1 21 3 34 2 0 15
7 3 10 4 8 10 3 1 0 1 2 15 3 257 357 346 123 124 110 130 2886 3118 10162 8623 224 6148 1401 99 40 8 11 3 336 316 160 8 198 368 24 3115 5606 1828 1660 37 15 37 161 48 139 11 22 0 28 58 26 49 24 46 18 24 120 86 35 61 23 1 43 41 60 72 15 56 417 97 138 43 38 6 135 1 22 0 63 84 191 66 38 92 147 15 139 314 37 95 266 44 13 7 114 14 1 0 3 3 1 0 1 0 1 1 1 5 2 2 2 10 4 5 26 5 124 13 15 24 9 1 9 2 0 2 1 0 2 29 0 11 4 1 61 162 3 16 9 2 11 2 3 1 52 11 12 2 5 2 1 8 1 0 2 0 1 0 0 0 2 4 4 3 0 2 5 2 0 8 4 4 0 4 17 1 9 58 25 1 4 20 0 0 7 1 3 15 2 1 1 1 13 3 2 4
17 11 14 6 16 8 0 5 2 1 0 19 9 143 145 260 69 988 226 100 91 754 8623 13800 526 3423 10579 1155 222 8 47 2 134 211 691 44 152 274 62 4165 2232 5162 1968 42 13 366 792 44 175 5 19 1 108 248 27 29 158 128 54 58 762 151 84 380 234 3 257 519 135 88 23 24 219 73 442 41 15 5 64 0 22 0 108 301 171 233 231 86 136 15 147 316 43 90 230 60 4 3 396 110 1 0 0 0 2 1 0 1 1 0 0 0 3 7 11 2 12 12 20 34 106 62 15 9 2 2 8 0 0 8 2 1 1 21 0 7 4 4 58 170 25 8 9 0 7 0 3 1 30 45 3 1 4 0 0 2 0 0 1 0 0 0 0 0 0 1 4 5 1 2 0 0 3 2 0 4 0 2 20 2 1 33 28 2 0 11 0 1 10 2 1 8 2 0 0 2 1 3 0 1
22 17 16 4 29 23 2 4 6 1 2 41 5 5 9 8 10 20 5 1 178 5763 224 526 8127 403 197 22 214 16 22 12 285 111 29 1 20 68 1 3277 161 66 444 11 14 14 1242 12 24 2 8 18 325 602 29 62 146 49 0 7 52 81 49 108 9 5 663 525 41 60 25 114 545 230 227 25 90 6 250 3 34 2 418 1067 817 1417 2340 41 66 7 72 101 21 42 180 72 21 9 4199 769 1 0 1 3 0 2 1 3 0 0 1 2 2 3 0 3 10 4 17 0 95 5 4 15 6 4 3 2 0 1 1 0 2 47 1 17 2 2 124 256 4 20 1 4 10 0 2 0 61 3 9 1 3 2 0 2 0 4 1 1 1 1 0 3 1 2 0 1 1 0 6 1 0 6 1 6 0 0 6 1 9 84 83 2 1 17 0 0 1 2 7 8 1 2 5 0 13 1 0 4
2 0 4 1 1 1 1 1 0 0 0 3 1 4 11 2 7 8 10 12 49 1275 6148 3423 403 4335 1136 5 16 1 0 0 14 7 24 0 16 47 0 5473 455 106 381 13 0 7 45 5 16 3 0 1 20 38 3 8 3 5 0 0 13 10 3 15 1 1 22 5 10 13 6 4 40 29 5 10 0 0 14 0 6 0 23 70 37 53 10 14 16 2 21 36 2 16 57 3 2 0 58 3 1 0 0 0 1 0 0 0 0 0 0 1 1 0 0 4 4 0 9 0 62 4 7 2 0 2 0 0 0 0 1 0 0 4 0 7 2 0 12 57 0 7 1 1 0 0 1 0 12 3 0 0 0 0 0 0 0 0 0 0 0 0 0 0 0 2 1 1 1 0 0 0 0 1 0 0 0 1 2 0 0 11 13 0 0 5 0 0 1 1 0 2 1 0 0 0 0 0 0 0
17 4 5 3 31 15 0 1 0 1 0 11 5 2778 2256 1176 117 1058 307 226 45 334 1401 10579 197 1136 23183 7941 286 7 79 5 171 320 4224 110 211 208 123 4837 1003 372 1137 20 6 67 413 35 56 3 17 6 98 190 16 17 290 216 113 109 269 135 145 1109 732 8 331 489 266 69 26 25 175 38 1097 31 5 0 39 0 8 1 92 190 105 120 359 46 69 6 83 186 27 53 121 212 5 5 184 164 0 1 0 0 0 0 0 0 0 0 0 0 0 3 10 3 9 21 16 45 88 111 22 5 3 1 0 2 0 2 0 0 0 9 0 5 1 1 40 115 21 6 9 0 4 0 1 0 36 27 1 0 3 0 0 4 0 0 1 0 0 0 0 0 0 2 0 2 0 7 0 0 1 2 2 3 0 3 5 2 3 16 22 1 3 5 0 0 10 1 0 9 1 0 1 0 2 1 1 0
3 1 1 1 23 14 0 0 0 2 0 6 11 2692 4943 12034 260 1011 415 263 23 43 99 1155 22 5 7941 16092 119 4 55 5 133 177 398 52 293 186 6313 64 292 92 289 36 2 148 76 32 19 4 10 1 17 49 8 9 153 180 92 45 272 95 92 1003 2585 11 104 144 1387 35 9 19 163 19 1096 27 0 1 22 0 7 0 22 40 31 18 191 24 35 2 57 54 15 20 45 207 3 4 43 72 0 0 0 0 2 0 0 1 0 0 0 2 2 20 91 7 5 124 21 491 107 1092 36 7 2 1 3 2 0 8 2 1 1 7 0 6 1 3 30 124 203 8 39 1 2 2 1 0 32 149 8 0 0 0 0 1 0 0 0 0 0 0 0 0 3 1 8 7 1 11 2 0 2 1 2 6 0 0 11 1 2 8 40 0 3 6 0 1 6 2 2 6 0 2 1 1 0 0 0 0
9340 1407 700 644 2097 903 1771 304 40 75 18 587 4 102 34 11 2 54 8 2 185 175 40 222 214 16 286 119 33596 10603 2061 304 575 32 99 3 9 14 7 233 310 39 249 9 12 22 252 39 24 6 12 50 2296 7121 455 109 3628 67 1 5 100 368 267 290 101 3 3024 329 300 203 55 248 273 83 1143 45 60 3 226 5 92 0 589 808 384 165 1317 56 94 14 134 172 64 93 237 1843 89 4459 330 1455 12 3 45 34 5 43 6 11 21 16 46 69 0 1 1 0 4 0 1 8 14 8 4 20 11 2 2 0 0 0 23 0 17 143 0 25 0 0 50 66 4 8 0 16 42 0 4 0 26 21 9 4 5 9 0 4 3 2 4 0 12 7 4 20 0 0 7 4 0 1 32 9 3 5 3 4 4 2 11 1 121 163 37 5 1 146 5 0 1 3 39 6 2 3 40 10 25 3 0 5
5123 5028 154 1157 1705 1890 438 151 32 53 20 965 2 9 1 1 0 5 1 0 94 50 8 8 16 1 7 4 10603 14194 671 340 403 7 2 0 1 4 0 9 467 22 22 3 2 3 9 17 22 4 17 49 1001 893 182 145 1518 17 0 0 9 24 13 11 8 2 585 8 31 96 48 143 72 17 111 8 23 1 68 6 143 3 695 448 399 85 35 137 57 3 17 253 79 39 25 284 84 1056 41 37 8 1 23 29 4 43 1 18 20 11 49 78 0 0 0 0 0 1 1 0 0 0 0 8 7 0 0 0 0 0 13 1 18 98 0 6 1 1 15 13 1 1 0 15 19 0 0 0 3 0 3 0 0 7 1 2 5 0 0 0 10 4 3 24 1 0 2 0 0 1 25 4 1 0 3 0 4 1 7 0 88 71 8 1 0 58 1 0 14 1 22 2 0 0 35 11 11 2 1 3
123 521 52 1523 9259 1094 13 8 22 15 14 549 2 43 24 0 2 9 3 0 197 117 11 47 22 0 79 55 2061 671 9945 455 558 23 39 6 12 14 3 45 393 17 34 1 1 9 41 24 12 3 10 18 362 591 54 107 6088 43 8 2 34 105 78 78 49 2 1287 71 164 63 25 187 152 17 895 20 10 0 95 2 66 2 453 488 489 188 119 107 23 4 35 117 43 24 40 4584 61 162 136 4226 3 1 28 22 4 25 2 7 10 8 30 35 0 1 0 0 1 1 1 3 0 2 0 8 4 0 0 0 0 0 7 0 6 70 0 10 0 0 10 17 1 2 0 9 17 1 1 0 7 5 3 0 0 7 0 2 2 0 1 0 2 1 3 13 1 0 1 0 0 0 12 2 0 2 0 1 3 1 3 0 54 55 7 0 3 42 3 2 9 3 10 3 5 1 31 2 7 1 0 1
140 115 39 362 2800 6802 22 8 29 39 30 1554 0 16 9 0 1 2 0 0 168 134 3 2 12 0 5 5 304 340 455 6731 4566 55 5 1 14 6 1 0 203 3 7 0 1 1 4 4 7 4 3 10 108 101 36 56 131 575 6 6 5 13 10 9 16 0 53 14 38 24 10 382 420 4 1778 4 15 0 68 0 23 0 179 154 327 83 20 22 7 0 5 40 18 6 7 3217 78 66 48 11 4 2 28 24 3 40 6 5 13 11 32 79 0 0 0 0 1 0 0 0 1 0 0 2 2 0 1 0 0 1 6 0 9 62 0 0 0 0 6 4 0 2 0 8 9 0 0 0 1 2 0 1 0 3 0 1 1 1 0 2 5 0 0 11 0 0 0 0 0 0 7 1 0 1 0 0 4 0 1 0 78 23 1 1 0 50 0 0 0 1 14 2 1 0 26 9 5 1 0 1
242 148 145 312 1931 3151 45 39 130 210 284 4708 16 290 89 35 27 65 44 17 812 1089 336 134 285 14 171 133 575 403 558 4566 9524 4507 134 57 585 3578 20 246 724 26 149 22 11 31 457 57 26 6 3 16 249 247 51 179 275 2589 133 1051 82 78 96 130 118 3 183 1385 492 68 41 3555 5302 155 7173 43 110 23 261 2 67 3 471 289 849 298 407 53 41 7 41 95 33 17 61 3063 522 204 260 55 38 4 121 95 12 153 17 31 45 45 192 280 7 3 4 9 16 11 35 20 145 80 19 52 33 5 13 3 0 2 29 2 61 314 0 36 5 2 164 250 14 50 7 19 49 1 5 2 100 21 21 6 3 13 3 1 2 4 0 2 30 3 7 48 1 7 7 3 2 1 34 11 3 13 2 10 6 5 5 0 305 197 82 6 1 157 3 1 6 14 50 8 10 4 132 44 60 10 1 19
3 2 3 8 53 33 2 0 0 1 0 20 1 602 126 12 28 18 6 5 179 347 316 211 111 7 320 177 32 7 23 55 4507 10285 908 1302 1359 1010 9 548 408 13 158 1 0 6 1569 17 7 0 1 1 43 32 6 25 23 4074 897 6219 28 36 46 154 85 0 23 2847 206 9 5 100 759 49 4389 15 11 2 58 0 6 0 46 58 98 63 282 6 12 5 19 16 3 5 49 286 4 4 65 18 0 0 1 1 1 0 0 0 0 0 0 0 2 2 1 3 16 3 17 1 116 10 11 30 21 5 13 2 1 10 0 0 2 28 3 22 4 6 115 238 1 27 6 0 16 2 2 1 50 3 15 1 1 1 0 1 0 0 0 1 1 2 0 1 0 3 6 2 1 1 3 2 3 8 1 9 2 1 2 0 7 81 38 3 1 17 0 0 0 6 5 1 1 0 1 0 13 0 1 9
0 3 4 0 11 3 1 0 0 0 0 5 0 4442 1293 155 61 45 41 72 14 67 160 691 29 24 4224 398 99 2 39 5 134 908 2542 2175 568 95 11 1588 226 42 168 3 2 7 2452 7 13 1 3 0 31 70 3 3 115 256 849 259 16 28 32 89 64 0 92 543 44 19 8 12 44 11 685 7 1 0 6 0 3 0 16 62 40 34 165 9 12 4 18 34 3 14 23 95 0 2 49 59 0 0 0 0 0 0 0 0 0 0 0 0 1 1 0 1 1 2 9 1 33 9 15 1 0 1 1 0 0 0 0 0 0 2 0 3 2 1 12 47 1 4 2 1 0 0 0 0 15 4 1 0 0 0 0 0 0 0 0 0 0 0 0 0 0 1 1 1 0 1 0 1 0 0 0 0 0 0 1 0 1 5 5 0 1 5 0 0 0 0 0 0 0 0 0 0 1 1 0 0
0 0 0 0 2 2 0 0 0 0 0 1 0 2593 143 13 27 4 1 0 4 4 8 44 1 0 110 52 3 0 6 1 57 1302 2175 894 519 8 2 157 20 1 12 2 0 1 1064 2 0 0 0 0 1 1 0 1 1 132 1956 388 4 4 4 29 24 0 2 282 16 2 0 8 16 1 219 2 0 0 1 0 0 0 0 0 2 0 14 2 0 0 1 3 0 0 4 25 0 0 1 2 0 0 0 0 0 0 0 0 0 0 0 0 2 0 0 0 1 2 4 0 14 1 0 2 2 0 1 0 0 1 0 0 1 1 0 1 0 1 4 16 0 5 0 0 0 0 0 0 8 1 1 0 2 0 0 0 0 0 0 0 0 0 0 0 0 0 1 0 0 0 0 2 0 0 0 1 0 0 1 0 0 4 1 0 0 1 0 0 0 0 0 0 0 0 0 0 0 0 0 0
3 1 0 1 19 14 0 0 1 1 0 15 6 1396 205 137 53 50 50 23 82 111 198 152 20 16 211 293 9 1 12 14 585 1359 568 519 3159 2402 50 376 396 28 89 6 4 9 865 11 4 0 1 1 6 8 1 8 12 758 514 785 28 27 33 97 121 1 6 623 220 13 4 49 337 42 1222 15 3 8 40 0 5 1 10 8 31 14 83 12 3 3 27 20 3 8 28 164 0 1 11 8 1 1 2 1 3 0 0 2 0 0 0 6 13 5 4 32 42 7 78 4 344 27 39 63 42 12 35 11 0 12 2 1 2 39 3 28 13 9 192 488 8 114 13 2 28 4 3 2 195 7 37 3 1 1 0 2 0 0 0 2 1 0 0 0 0 12 8 13 3 1 14 17 5 16 4 15 0 3 5 1 3 90 47 1 0 96 0 1 2 5 5 5 3 2 0 0 17 7 1 13
1 5 5 1 10 9 0 0 0 1 0 9 407 129 115 186 683 884 3938 565 141 200 368 274 68 47 208 186 14 4 14 6 3578 1010 95 8 2402 8013 105 502 563 56 252 2195 162 471 603 85 14 34 1 4 12 9 8 6 8 268 42 131 587 84 76 161 97 80 8 444 478 22 44 53 3029 1022 489 92 16 255 97 3 11 15 20 13 46 18 64 48 72 45 260 29 3 11 67 79 3 2 19 10 6 1 1 3 5 0 0 4 0 0 1 5 75 43 90 99 133 101 335 198 1657 844 341 267 121 42 117 52 1 79 6 2 5 159 3 109 52 39 873 2050 93 408 53 8 83 9 30 11 885 133 147 23 11 0 1 16 1 2 0 0 8 4 0 1 9 52 43 56 14 28 42 31 16 48 10 60 3 4 52 12 32 444 399 8 12 360 1 1 6 33 10 37 10 16 9 5 65 14 3 67
2 1 1 0 2 2 0 0 0 0 0 4 3 209 697 1945 122 8027 144 184 2 4 24 62 1 0 123 6313 7 0 3 1 20 9 11 2 50 105 19906 11 165 63 93 8 5 32 3 90 6 4 2 0 1 7 2 3 4 12 3 0 5885 36 31 111 2861 14 4 5 8294 5 29 5 59 7 48 272 0 1 8 0 10 0 1 2 6 1 4 19 25 4 57 33 0 4 22 10 0 0 2 4 0 0 0 1 0 1 0 2 1 0 0 0 1 54 146 6 1 110 7 413 73 898 34 0 1 3 2 5 0 13 2 0 0 7 0 8 1 1 23 65 279 3 52 0 2 2 2 4 32 207 0 0 2 0 0 2 0 0 0 0 0 0 0 0 4 0 5 19 3 13 2 4 5 1 2 5 0 0 13 3 1 6 15 1 1 1 2 1 4 0 2 9 0 1 0 0 1 1 0 0
14 3 5 10 18 17 2 4 2 0 0 16 2 596 173 70 78 57 91 64 191 1872 3115 4165 3277 5473 4837 64 233 9 45 0 246 548 1588 157 376 502 11 13607 1058 167 664 48 7 14 5960 16 30 3 4 4 185 350 22 44 211 171 179 87 30 36 23 79 13 4 413 792 45 28 8 40 396 163 520 15 21 3 109 1 13 0 202 453 275 457 312 30 28 5 35 79 14 20 98 86 6 8 638 153 1 0 1 1 0 0 0 1 0 0 0 2 7 5 0 19 19 12 69 4 372 14 71 18 7 2 16 6 0 6 0 0 2 27 2 22 11 3 149 462 2 45 2 0 11 3 0 0 109 3 14 1 2 0 0 0 0 0 0 0 1 0 0 0 0 6 5 3 3 0 6 1 2 5 3 4 1 0 0 0 7 73 91 0 4 39 0 0 6 0 1 6 0 1 3 1 9 2 0 2
1044 607 728 480 416 918 69 285 48 131 45 1029 33 700 823 836 317 984 409 336 1113 669 5606 2232 161 455 1003 292 310 467 393 203 724 408 226 20 396 563 165 1058 6806 4163 1998 110 113 362 123 365 1403 93 171 166 103 122 1066 1693 207 145 48 21 1038 340 75 139 68 60 139 70 344 369 318 309 740 196 782 333 163 16 530 12 415 13 1152 162 709 136 162 1358 1473 163 1131 3095 422 476 712 661 149 92 152 105 13 1 31 31 8 45 0 10 10 15 29 76 1 6 15 7 10 11 10 26 88 52 17 45 48 4 12 4 0 2 11 0 8 159 2 46 4 5 170 196 17 29 23 22 41 7 35 3 91 107 40 20 50 11 1 127 7 13 23 26 16 1 2 14 2 1 25 14 10 16 32 10 10 15 24 39 10 35 197 12 119 266 71 8 30 118 53 23 238 10 42 216 22 7 36 10 31 10 0 10
33 17 43 11 10 14 5 12 1 3 0 20 10 51 124 278 31 384 69 69 22 233 1828 5162 66 106 372 92 39 22 17 3 26 13 42 1 28 56 63 167 4163 7129 5315 51 21 483 26 93 1895 17 65 1 23 48 34 17 25 12 1 4 1166 97 30 56 37 15 43 9 299 108 57 13 54 16 45 184 14 6 31 0 40 1 44 64 38 44 21 232 321 58 614 1100 99 185 392 20 7 3 58 8 0 0 0 0 0 0 0 0 0 1 0 1 0 1 12 0 0 2 0 21 14 28 2 2 3 0 0 2 0 0 2 0 0 3 0 0 0 0 11 12 20 3 22 0 2 3 7 1 10 97 0 1 9 0 0 12 1 0 1 2 0 0 0 0 1 0 19 7 0 9 0 0 1 0 12 20 1 2 53 2 4 7 5 1 11 3 6 4 28 0 1 38 2 1 1 0 1 1 0 0
42 19 50 16 28 22 6 14 3 2 3 37 60 93 104 213 55 1511 283 58 73 725 1660 1968 444 381 1137 289 249 22 34 7 149 158 168 12 89 252 93 664 1998 5315 5940 218 153 2739 437 534 2234 54 118 5 145 267 41 33 204 79 33 45 5387 1011 1548 5767 248 88 351 347 1651 515 176 35 307 72 370 1026 46 13 128 1 103 5 144 327 187 296 268 382 889 167 3375 1633 188 504 1999 86 17 5 446 126 0 0 0 0 0 1 0 0 0 0 1 0 4 15 54 4 6 12 14 140 105 154 17 9 3 1 5 9 0 6 4 1 0 10 1 8 2 2 61 143 102 11 119 0 7 8 44 0 54 600 6 6 58 0 0 49 1 0 0 2 1 0 0 0 3 2 125 57 7 15 3 4 8 5 53 99 2 14 287 39 1 14 33 4 41 8 4 6 48 0 1 179 12 3 1 0 4 0 0 5
4 2 3 2 1 3 0 0 5 0 0 7 6521 6 4 25 11 208 7267 148 18 33 37 42 11 13 20 36 9 3 1 0 22 1 3 2 6 2195 8 48 110 51 218 16809 1738 1170 16 120 21 478 8 98 2 6 4 2 7 0 0 0 361 77 87 73 36 469 7 8 135 18 42 144 2606 2749 14 59 400 3181 7267 49 15 285 4 4 5 7 7 450 449 414 855 40 2 9 120 2 28 4 6 2 0 1 0 1 2 2 0 6 1 0 1 4 34 31 137 33 34 114 113 284 923 1269 227 69 31 7 36 8 1 23 2 0 3 82 1 44 15 5 422 810 119 97 53 3 35 12 81 11 399 419 31 20 38 1 0 36 6 3 9 4 2 1 0 0 3 16 83 40 7 110 17 10 13 15 20 96 2 7 297 48 21 212 524 8 36 153 6 10 45 12 10 130 14 6 6 0 20 8 2 21
13 4 19 3 1 3 0 3 96 1 0 7 3197 3 4 12 3 66 382 15 9 18 15 13 14 0 6 2 12 2 1 1 11 0 2 0 4 162 5 7 113 21 153 1738 7313 2899 0 52 35 4481 28 240 16 10 1 4 4 0 0 0 91 47 60 31 6 2939 3 1 45 16 29 254 489 374 9 39 2391 750 2439 137 51 1221 3 8 8 4 4 2303 1246 3058 1601 56 2 14 97 6 700 98 6 1 0 0 4 0 0 1 0 1 2 0 2 4 2 9 229 9 0 21 3 118 85 139 19 2 1 3 0 15 0 7 11 4 0 22 0 10 0 0 68 51 88 4 168 2 6 28 480 12 118 2288 2 35 136 1 2 278 11 4 19 17 0 0 1 3 7 1 439 92 29 502 5 10 20 1 73 258 5 40 1483 146 7 28 31 4 120 4 35 66 234 1 4 509 41 6 7 0 6 1 0 1
11 3 13 1 4 4 2 0 5 1 0 9 3634 32 43 42 12 4548 2897 51 3 32 37 366 14 7 67 148 22 3 9 1 31 6 7 1 9 471 32 14 362 483 2739 1170 2899 9456 7 123 47 95 1 1 10 19 4 3 20 11 3 2 1198 158 386 1547 532 977 27 17 705 33 34 23 663 63 92 104 50 19 298 0 17 10 13 18 8 15 33 71 221 138 980 120 8 26 335 21 29 6 18 9 0 1 0 0 4 0 0 0 2 0 2 2 3 139 1424 28 2 190 25 1168 372 1498 114 6 2 4 1 79 0 45 28 10 0 33 1 36 1 0 163 192 1089 13 748 1 8 25 359 60 315 4742 6 9 24 0 0 62 0 0 2 2 2 3 1 4 14 2 468 294 20 490 3 29 42 6 19 271 1 6 371 45 3 20 63 6 27 4 16 2 36 6 2 96 17 11 1 0 3 5 0 0
7 6 4 7 16 10 1 3 1 1 0 21 0 1321 241 14 54 16 31 5 80 593 161 792 1242 45 413 76 252 9 41 4 457 1569 2452 1064 865 603 3 5960 123 26 437 16 0 7 4873 9 13 4 1 3 147 350 19 21 259 428 859 453 18 33 27 145 19 1 487 1856 52 17 10 83 489 170 875 8 36 1 160 0 9 2 177 475 231 445 1398 12 17 3 15 37 6 9 77 111 15 9 922 299 1 0 2 3 4 0 1 0 0 0 0 0 3 7 0 10 27 4 50 0 258 6 28 31 17 6 12 6 0 12 2 0 1 45 0 23 3 0 170 429 7 54 5 4 14 2 2 0 126 3 16 1 1 1 0 0 0 0 1 0 0 1 0 4 1 3 4 9 1 0 2 7 3 7 4 18 0 4 4 1 7 100 65 3 1 26 0 1 0 8 4 4 2 1 1 1 9 4 0 8
23 23 40 19 13 16 5 6 0 3 0 19 19 32 42 92 22 369 67 36 12 44 48 44 12 5 35 32 39 17 24 4 57 17 7 2 11 85 90 16 365 93 534 120 52 123 9 21643 187 61 5 9 7 20 2 6 35 33 0 2 1530 10272 441 94 292 25 39 10 6676 233 3852 31 136 16 230 8090 16 8 60 2 436 25 14 18 17 13 40 2870 6465 211 2880 216 9 140 725 78 2 3 9 13 1 0 0 0 1 1 1 0 0 1 0 0 1 2 21 1 2 8 2 25 23 39 4 1 1 4 6 2 0 6 5 3 1 7 0 6 0 1 13 24 30 8 15 7 14 91 82 11 52 260 1 290 981 4 12 733 6 11 28 35 2 1 0 0 0 0 43 40 122 24 4 9 6 0 685 132 46 239 1581 175 6 16 11 1 538 11 210 68 1241 3 3 2387 252 5 1 1 1 0 0 2
86 37 67 37 22 27 11 16 1 9 0 31 13 17 25 76 5 72 11 18 13 63 139 175 24 16 56 19 24 22 12 7 26 7 13 0 4 14 6 30 1403 1895 2234 21 35 47 13 187 5490 20 130 0 15 27 25 20 10 4 0 2 151 188 28 18 5 26 21 8 40 278 82 12 24 11 27 83 15 3 38 0 80 2 34 28 28 34 12 382 648 68 333 5472 373 1885 2106 26 10 6 23 8 0 0 0 0 0 0 0 0 0 0 0 1 0 0 4 1 1 0 0 2 6 8 0 0 1 0 1 0 0 2 0 0 0 8 0 3 0 0 6 14 4 0 3 0 0 2 5 0 0 19 2 4 20 0 0 22 1 0 1 2 0 0 0 0 0 0 2 1 1 3 2 1 0 0 12 6 2 2 46 8 1 6 4 0 12 2 8 11 37 0 0 54 4 0 2 0 0 0 0 1
14 5 22 2 2 7 2 8 51 1 0 7 594 2 6 5 2 18 127 7 3 11 11 5 2 3 3 4 6 4 3 4 6 0 1 0 0 34 4 3 93 17 54 478 4481 95 4 61 20 5613 117 1378 4 1 15 2 2 1 0 0 29 35 30 2 5 1107 4 2 30 8 25 100 120 477 5 34 1416 437 965 800 76 5856 9 5 6 3 3 4301 1080 5271 560 45 10 8 58 4 480 65 2 1 0 0 1 1 0 3 1 0 0 2 3 2 0 1 35 0 0 9 0 26 28 42 3 1 0 0 1 2 0 4 0 0 0 5 0 4 0 0 12 12 18 0 10 6 10 25 145 4 42 279 2 46 212 2 3 675 60 8 98 55 2 0 0 0 2 0 62 25 26 172 2 2 1 0 130 58 23 65 1433 129 2 11 5 1 174 10 88 222 521 1 0 1140 59 0 6 0 0 1 0 0
76 25 78 17 10 16 14 26 4 11 0 26 5 5 3 22 2 8 5 2 6 19 22 19 8 0 17 10 12 17 10 3 3 1 3 0 1 1 2 4 171 65 118 8 28 1 1 5 130 117 17420 18035 89 13 211 29 8 0 1 0 19 8 5 3 1 51 9 5 9 1492 197 9 10 48 8 6 70 20 44 1019 2297 436 118 15 14 11 5 415 16 3 25 5306 11829 132 76 18 21 12 11 4 0 0 0 0 0 1 0 0 0 1 0 0 0 0 0 0 0 0 0 0 1 0 0 3 0 0 0 0 0 0 0 0 0 5 0 0 0 0 7 6 1 0 0 0 1 0 6 0 2 4 1 2 3 1 1 12 371 57 705 116 7 1 1 2 0 0 0 0 1 7 1 0 0 2 0 0 12 13 0 0 3 5 19 0 1 11 53 16 72 0 1 8 1 0 2 0 0 0 0 1
196 73 169 32 31 34 33 111 27 40 5 70 39 1 0 0 0 1 8 1 3 8 0 1 18 1 6 1 50 49 18 10 16 1 0 0 1 4 0 4 166 1 5 98 240 1 3 9 0 1378 18035 28100 246 26 1110 77 11 3 0 2 3 9 0 3 0 471 14 4 4 382 149 59 62 475 22 2 638 187 344 15265 4341 3307 451 35 44 26 16 1901 38 11 9 1556 2302 19 5 26 229 52 2 8 2 0 1 0 0 0 1 5 0 0 0 0 0 0 3 1 1 0 0 0 4 0 0 5 4 0 2 0 0 1 0 0 2 13 0 5 0 0 17 14 0 2 0 6 1 5 22 1 16 0 3 4 5 7 2 212 2946 775 7169 949 43 0 2 0 0 0 0 0 0 31 4 0 0 1 0 2 205 86 17 2 6 46 36 0 0 44 612 66 735 0 11 19 11 0 17 3 4 0 0 0
2504 632 1239 268 349 527 1198 1818 124 543 53 702 1 15 4 9 1 9 4 3 35 90 28 108 325 20 98 17 2296 1001 362 108 249 43 31 1 6 12 1 185 103 23 145 2 16 10 147 7 15 4 89 246 11520 8277 4262 58 312 35 2 5 28 86 61 103 15 3 788 186 72 133 61 149 171 87 517 14 123 5 208 24 248 13 2170 1715 321 288 843 92 46 7 42 285 237 45 85 504 166 6361 490 446 6 2 21 15 2 19 1 6 10 9 16 29 1 0 0 0 5 1 4 0 18 0 0 44 26 3 5 4 0 3 8 1 8 140 1 51 1 1 177 145 2 24 1 16 31 1 1 0 54 8 31 0 2 6 0 3 10 2 20 5 9 3 2 5 3 4 5 1 2 1 22 4 13 19 0 13 3 2 2 3 67 314 48 9 3 109 6 0 8 15 30 3 0 5 24 2 32 6 1 18
1676 641 883 299 449 506 575 798 36 208 22 518 0 34 17 5 3 33 6 0 33 110 58 248 602 38 190 49 7121 893 591 101 247 32 70 1 8 9 7 350 122 48 267 6 10 19 350 20 27 1 13 26 8277 13487 328 40 620 54 2 5 69 199 164 207 44 2 3319 421 137 117 25 117 189 76 768 40 52 1 161 1 37 1 1083 9808 277 429 1776 32 69 5 109 94 28 67 189 687 51 2552 768 1219 1 1 5 10 3 11 0 4 3 3 9 23 0 0 0 0 0 0 0 4 8 1 0 17 5 0 5 0 0 2 4 0 6 51 1 19 0 0 62 52 1 5 3 2 11 0 5 0 20 10 7 1 1 4 0 0 2 2 1 0 7 4 3 8 1 1 1 0 1 0 12 2 2 5 2 3 0 0 3 0 43 104 43 1 1 44 1 2 1 0 17 2 2 0 18 1 11 2 0 10
580 135 337 58 67 130 301 499 29 155 9 158 0 6 1 8 0 13 3 0 12 16 26 27 29 3 16 8 455 182 54 36 51 6 3 0 1 8 2 22 1066 34 41 4 1 4 19 2 25 15 211 1110 4262 328 26080 754 33 5 1 0 14 14 6 10 2 5 75 37 10 281 112 42 43 34 69 4 21 2 64 115 698 58 4263 73 52 39 85 171 32 1 12 1756 706 47 14 77 23 966 35 51 0 1 1 6 2 2 0 3 1 6 4 6 0 1 0 1 3 0 1 0 3 1 0 14 8 0 1 0 0 0 3 2 3 44 0 19 0 1 39 44 2 13 0 6 8 0 1 0 25 2 11 1 2 2 0 2 43 3 72 17 4 3 0 1 1 0 2 2 0 0 11 2 1 5 1 7 3 3 3 1 21 106 19 0 1 26 6 0 24 2 8 4 0 0 9 1 14 1 0 6
370 196 276 149 175 293 27 107 16 40 10 370 1 7 7 3 1 9 2 1 1007 232 49 29 62 8 17 9 109 145 107 56 179 25 3 1 8 6 3 44 1693 17 33 2 4 3 21 6 20 2 29 77 58 40 754 2454 56 23 1 1 3 9 3 8 5 0 46 30 12 53 26 88 117 37 174 5 29 0 95 8 68 5 4788 148 1282 264 67 37 17 1 6 456 96 22 19 226 45 42 103 50 0 0 9 6 1 7 0 2 2 0 9 10 0 1 0 0 0 0 1 0 13 1 0 8 4 1 1 1 0 0 0 0 2 35 0 10 0 0 22 50 0 5 0 3 5 0 0 0 13 1 8 1 0 2 0 2 4 1 3 0 4 0 0 3 0 0 1 0 0 0 4 3 0 1 1 4 0 0 1 0 24 66 19 0 0 23 1 0 5 0 7 3 0 1 10 4 4 0 0 1
85 128 51 153 1780 295 11 10 19 8 8 155 1 112 46 8 1 36 5 4 109 105 24 158 146 3 290 153 3628 1518 6088 131 275 23 115 1 12 8 4 211 207 25 204 7 4 20 259 35 10 2 8 11 312 620 33 56 6264 41 4 2 85 254 215 279 97 4 4608 378 266 127 37 124 113 48 1598 38 32 3 121 0 41 1 291 551 269 636 1665 49 47 7 81 62 30 54 145 2894 36 139 2089 4687 10 0 25 34 0 34 3 9 10 12 33 44 0 0 3 0 1 0 0 4 6 4 1 13 9 0 2 0 0 1 6 0 8 95 0 6 0 0 35 36 3 4 3 15 18 1 2 0 11 10 5 1 1 10 2 1 3 5 1 1 18 2 2 9 0 0 3 3 0 2 17 8 1 3 1 3 6 0 4 1 78 101 24 1 1 89 1 2 6 5 31 6 6 3 20 5 13 0 0 4
8 7 5 11 196 403 2 1 3 2 3 60 0 655 193 21 38 17 8 9 128 225 46 128 49 5 216 180 67 17 43 575 2589 4074 256 132 758 268 12 171 145 12 79 0 0 11 428 33 4 1 0 3 35 54 5 23 41 6260 450 6110 37 74 85 167 174 1 33 1779 443 19 10 216 893 11 12858 27 5 0 63 0 9 0 67 91 140 66 363 4 5 1 32 15 6 8 33 1060 8 5 55 28 0 0 1 1 0 1 0 0 2 0 1 1 0 0 2 1 2 1 7 3 14 4 0 3 0 0 0 0 0 0 0 0 0 7 0 2 0 0 15 30 8 2 5 1 2 1 0 0 7 11 1 0 0 0 0 1 0 0 0 0 0 0 0 1 0 0 2 0 0 1 1 1 0 1 1 1 0 0 2 2 2 13 7 1 0 5 0 0 0 1 0 1 0 0 1 0 2 0 0 0
0 0 1 0 3 0 0 0 1 0 0 2 0 639 64 8 9 4 2 2 6 5 18 54 0 0 113 92 1 0 8 6 133 897 849 1956 514 42 3 179 48 1 33 0 0 3 859 0 0 0 1 0 2 2 1 1 4 450 651 898 9 1 6 41 18 0 2 729 17 2 1 8 68 0 457 2 0 1 4 0 0 0 2 2 3 2 33 0 1 1 5 5 0 0 6 42 0 0 2 3 0 0 0 0 0 0 0 0 0 0 0 0 0 1 1 0 1 1 6 1 20 1 2 2 2 0 0 0 0 0 0 0 0 3 0 0 0 0 9 24 0 5 0 0 0 0 0 0 5 2 0 0 0 0 0 0 0 0 0 0 0 0 0 0 0 2 0 0 0 0 1 0 0 0 0 1 0 1 0 1 0 2 2 0 0 1 0 0 0 0 0 0 0 0 0 0 3 0 0 0
1 0 0 0 1 2 1 0 0 0 0 2 1 278 57 1 12 3 0 1 10 35 24 58 7 0 109 45 5 0 2 6 1051 6219 259 388 785 131 0 87 21 4 45 0 0 2 453 2 2 0 0 2 5 5 0 1 2 6110 898 3120 5 14 20 34 20 0 2 1289 43 4 0 10 166 2 1613 4 0 0 5 0 0 0 6 10 13 6 64 0 0 0 6 1 0 1 12 31 0 0 3 7 0 0 0 0 0 0 0 0 0 0 0 0 0 0 0 1 1 1 2 2 4 0 5 2 0 1 1 0 0 0 0 0 0 0 0 2 0 0 5 8 0 1 0 0 1 0 0 0 3 1 0 0 0 0 0 0 0 0 0 0 0 0 0 0 0 0 0 1 0 0 0 0 0 0 0 1 0 0 0 0 0 3 3 0 0 0 0 0 0 0 1 1 0 0 0 0 0 0 0 1
21 17 32 17 14 18 1 3 2 2 1 24 77 71 91 390 67 6474 916 199 13 75 120 762 52 13 269 272 100 9 34 5 82 28 16 4 28 587 5885 30 1038 1166 5387 361 91 1198 18 1530 151 29 19 3 28 69 14 3 85 37 9 5 15408 967 1485 3847 967 237 102 32 17578 158 502 39 512 25 260 5158 16 5 129 1 127 1 36 63 38 41 76 241 678 56 3762 322 13 112 955 84 12 3 60 41 1 1 1 0 5 0 0 2 0 0 0 0 3 164 1003 20 7 154 18 690 347 1041 85 5 5 8 2 63 0 74 29 10 9 23 1 26 4 1 101 175 964 18 752 2 7 58 354 39 233 3340 5 30 77 2 2 111 0 4 1 1 4 3 0 7 18 0 371 362 29 237 9 36 48 8 42 335 2 18 540 64 3 23 45 14 53 8 15 7 45 3 1 174 38 14 2 0 7 0 2 2
41 22 46 14 58 27 4 16 1 1 1 36 14 71 93 190 24 249 76 50 24 161 86 151 81 10 135 95 368 24 105 13 78 36 28 4 27 84 36 36 340 97 1011 77 47 158 33 10272 188 35 8 9 86 199 14 9 254 74 1 14 967 19205 10276 1336 454 27 336 55 3372 6217 2068 36 128 17 712 1418 8 4 56 7 345 23 80 170 82 88 192 833 589 141 1543 332 39 2195 3846 226 5 11 129 101 2 0 1 1 0 1 0 1 1 0 0 0 0 0 12 0 1 6 5 27 36 31 9 3 1 1 2 3 0 0 2 1 1 6 0 2 2 0 24 34 9 7 15 2 8 50 32 6 30 123 1 196 585 4 11 252 15 9 35 75 2 0 0 0 1 0 47 23 59 17 4 7 0 2 242 59 43 233 694 65 2 12 12 3 235 6 197 53 1282 2 3 1205 138 1 1 0 1 0 0 0
10 4 5 6 33 22 3 2 1 0 1 17 18 94 99 99 15 198 59 34 17 87 35 84 49 3 145 92 267 13 78 10 96 46 32 4 33 76 31 23 75 30 1548 87 60 386 27 441 28 30 5 0 61 164 6 3 215 85 6 20 1485 10276 16033 3890 1110 31 255 69 6627 1155 218 33 105 21 728 941 12 11 61 0 52 2 48 103 58 57 175 64 249 123 1945 76 6 376 3835 213 4 4 88 102 0 0 0 0 0 0 0 0 0 0 0 0 2 3 16 3 2 5 5 21 30 31 8 2 0 0 1 0 1 1 1 0 2 3 0 3 0 1 22 35 21 4 22 1 2 6 25 1 21 162 2 26 87 0 3 62 1 2 2 0 0 0 0 1 0 0 47 23 12 14 1 3 4 0 111 52 0 13 292 42 0 5 9 3 91 2 4 3 55 0 0 301 17 0 0 1 1 0 0 0
14 3 11 3 29 16 0 1 0 0 0 12 13 167 160 136 34 1341 217 52 20 169 61 380 108 15 1109 1003 290 11 78 9 130 154 89 29 97 161 111 79 139 56 5767 73 31 1547 145 94 18 2 3 3 103 207 10 8 279 167 41 34 3847 1336 3890 8318 4994 29 363 280 2692 307 64 38 193 27 861 330 10 1 64 0 20 1 93 175 107 123 296 34 86 13 796 50 8 101 2004 212 1 7 233 159 0 0 0 1 0 0 0 0 0 0 0 0 0 4 35 3 0 28 9 139 61 151 19 6 2 1 0 1 0 6 0 3 0 6 0 2 3 1 25 62 108 6 37 0 2 1 13 1 34 261 0 1 5 0 0 8 0 0 0 0 1 0 1 0 2 2 22 23 3 7 1 7 4 3 7 23 0 3 42 6 4 15 12 1 6 7 0 0 6 1 1 22 2 2 1 0 1 0 0 1
2 1 4 1 30 12 2 0 0 0 0 5 9 817 1431 651 144 1129 226 168 21 28 23 234 9 1 732 2585 101 8 49 16 118 85 64 24 121 97 2861 13 68 37 248 36 6 532 19 292 5 5 1 0 15 44 2 5 97 174 18 20 967 454 1110 4994 11741 30 71 52 15181 68 50 46 115 19 823 196 0 1 27 0 14 0 12 28 14 7 139 14 21 4 196 16 2 15 58 238 0 3 23 71 0 0 1 0 1 0 0 1 0 0 1 1 2 49 127 12 1 86 3 496 109 572 30 6 1 1 5 9 0 21 5 0 3 7 0 11 0 1 48 93 376 8 79 0 2 5 5 5 48 486 4 4 1 0 0 2 0 0 0 0 0 0 0 1 4 1 11 30 3 12 2 3 8 2 2 12 0 4 24 6 1 10 9 3 0 4 1 0 3 2 4 14 2 3 0 0 3 0 0 0
4 1 2 1 1 1 1 0 13 0 0 3 4357 1 5 7 1 277 596 2 1 6 1 3 5 1 8 11 3 2 2 0 3 0 0 0 1 80 14 4 60 15 88 469 2939 977 1 25 26 1107 51 471 3 2 5 0 4 1 0 0 237 27 31 29 30 594 3 2 76 4 12 48 135 745 8 30 712 1000 559 203 22 389 3 4 4 5 2 462 286 334 547 24 1 3 63 2 119 9 3 0 0 0 0 0 1 0 0 0 0 0 0 0 1 7 696 1 0 5 0 149 101 746 23 1 1 0 1 1 0 1 3 0 0 8 0 1 0 0 23 38 33 0 16 0 4 10 673 40 102 1198 0 3 12 0 0 134 13 3 35 8 0 0 0 0 2 0 65 14 6 2679 1 0 2 2 10 36 6 5 359 17 1 5 169 1 13 4 18 8 57 1 3 90 10 1 1 0 0 1 1 0
211 208 110 134 612 274 18 33 10 23 3 251 3 71 17 6 0 40 6 2 50 137 43 257 663 22 331 104 3024 585 1287 53 183 23 92 2 6 8 4 413 139 43 351 7 3 27 487 39 21 4 9 14 788 3319 75 46 4608 33 2 2 102 336 255 363 71 3 8498 667 218 145 34 75 158 53 1173 56 37 1 98 2 23 1 484 5203 373 1679 2985 39 91 4 119 117 29 53 245 1147 41 80 2107 3163 6 1 15 11 2 9 2 6 5 6 12 18 0 0 0 1 1 0 3 6 9 4 0 8 7 2 1 1 0 1 2 0 4 52 0 13 2 0 35 34 5 1 3 10 16 1 3 0 6 11 7 1 6 3 2 2 2 1 1 0 3 1 3 5 0 0 1 1 0 3 13 3 0 4 2 3 0 1 7 1 35 79 29 2 4 47 3 1 4 1 14 4 2 3 7 3 2 1 0 3
15 6 15 3 18 13 3 1 0 3 0 29 1 509 103 11 15 18 8 3 40 340 41 519 525 5 489 144 329 8 71 14 1385 2847 543 282 623 444 5 792 70 9 347 8 1 17 1856 10 8 2 5 4 186 421 37 30 378 1779 729 1289 32 55 69 280 52 2 667 5075 125 28 8 148 1036 144 3099 9 61 4 247 0 17 3 148 521 175 417 1962 9 11 2 14 32 5 12 57 138 10 10 1021 504 0 0 1 1 0 2 0 0 0 1 0 0 3 4 1 2 20 5 18 2 105 6 6 23 9 2 7 1 0 5 2 0 2 48 0 25 2 4 140 312 6 28 4 5 8 0 0 0 61 4 13 0 0 0 0 0 0 0 0 1 4 2 0 0 0 6 1 3 1 0 2 2 2 7 0 12 1 2 1 2 10 78 47 1 1 16 0 0 1 2 9 5 0 0 3 0 11 0 0 5
8 12 14 12 102 45 4 4 3 5 2 46 28 832 1971 1857 363 4118 272 607 47 114 60 135 41 10 266 1387 300 31 164 38 492 206 44 16 220 478 8294 45 344 299 1651 135 45 705 52 6676 40 30 9 4 72 137 10 12 266 443 17 43 17578 3372 6627 2692 15181 76 218 125 20488 302 946 151 567 33 2422 10915 9 10 148 0 236 2 47 95 84 65 378 258 787 62 2300 106 12 93 699 627 10 16 109 141 1 2 1 1 4 2 1 1 1 0 1 5 10 155 599 22 12 185 40 918 316 1021 78 19 10 6 8 55 0 66 22 8 3 31 1 42 5 4 146 310 1080 32 582 1 17 54 186 18 195 2597 14 53 150 1 4 165 0 0 3 2 1 3 1 4 15 1 278 235 49 102 5 20 58 15 179 251 7 32 741 132 4 34 45 8 132 23 18 13 85 4 3 373 44 16 5 2 9 2 1 2
249 108 220 58 55 93 29 139 3 31 4 98 2 30 50 98 7 40 24 22 19 160 72 88 60 13 69 35 203 96 63 24 68 9 19 2 13 22 5 28 369 108 515 18 16 33 17 233 278 8 1492 382 133 117 281 53 127 19 2 4 158 6217 1155 307 68 4 145 28 302 7113 1012 29 48 22 209 119 8 2 25 25 1555 30 278 125 108 89 74 676 181 27 243 1989 2898 3842 1507 131 11 28 91 60 0 0 0 0 0 0 1 0 2 1 0 1 1 0 1 0 0 0 0 3 6 6 2 2 2 2 3 1 0 2 0 0 0 15 0 4 0 0 29 26 6 2 1 1 1 4 4 0 13 13 3 26 70 0 2 41 68 42 177 167 1 0 1 0 1 0 3 3 4 3 2 0 0 2 24 10 84 104 68 9 3 46 15 1 27 14 156 4 705 0 2 118 38 0 5 0 1 0 0 2
170 89 187 60 29 65 24 93 8 27 1 68 13 7 14 49 10 125 22 15 6 23 15 23 25 6 26 9 55 48 25 10 41 5 8 0 4 44 29 8 318 57 176 42 29 34 10 3852 82 25 197 149 61 25 112 26 37 10 1 0 502 2068 218 64 50 12 34 8 946 1012 7463 23 63 24 88 1038 12 2 47 18 5488 57 126 34 41 16 31 4964 739 37 837 782 889 787 369 44 12 8 22 19 3 1 3 2 1 0 1 1 1 1 1 1 0 1 7 1 3 1 0 2 3 15 0 2 1 0 1 4 0 1 1 0 0 10 0 2 0 0 21 16 6 6 2 2 3 26 18 2 18 55 1 76 215 5 11 112 91 83 229 314 10 2 0 0 1 0 13 5 24 5 2 3 0 1 75 22 152 276 237 19 3 27 12 2 69 4 376 25 1725 0 5 439 99 0 4 1 1 0 0 0
77 59 87 99 516 605 37 40 472 136 325 1623 114 41 15 6 9 15 26 3 441 555 56 24 114 4 25 19 248 143 187 382 3555 100 12 8 49 53 5 40 309 13 35 144 254 23 83 31 12 100 9 59 149 117 42 88 124 216 8 10 39 36 33 38 46 48 75 148 151 29 23 5132 1803 723 989 17 2487 665 4961 14 42 93 255 138 504 147 87 172 52 34 49 66 23 16 20 811 2625 591 143 22 63 10 195 170 25 264 19 60 71 62 248 472 2 2 12 2 3 4 14 7 49 20 10 58 25 3 10 0 0 4 80 1 80 489 1 44 0 1 100 127 12 15 2 47 111 2 8 2 52 9 17 1 5 36 3 7 5 14 5 6 67 22 21 85 6 4 4 4 1 4 88 26 2 1 1 10 25 10 6 1 614 379 140 2 1 351 2 2 21 19 116 8 19 6 232 43 82 6 2 9
51 24 30 48 349 399 12 5 15 8 10 240 817 191 75 62 26 286 577 41 847 1543 417 219 545 40 175 163 273 72 152 420 5302 759 44 16 337 3029 59 396 740 54 307 2606 489 663 489 136 24 120 10 62 171 189 43 117 113 893 68 166 512 128 105 193 115 135 158 1036 567 48 63 1803 8838 2464 2969 134 728 1148 5666 23 49 110 335 229 707 263 480 187 174 106 450 84 25 16 117 975 110 44 350 47 10 2 16 13 9 10 0 7 8 5 15 33 34 26 69 44 97 66 168 189 946 537 136 232 125 23 73 21 2 32 12 2 11 399 4 192 18 23 1063 1824 91 239 52 34 114 10 30 4 720 192 120 16 20 10 3 19 4 6 5 5 24 7 0 5 7 40 53 38 7 35 61 33 23 87 12 91 13 7 68 18 92 989 682 19 26 303 4 3 19 24 56 29 14 12 17 7 102 25 2 60
