21004 8146 11247 2844 1910 2287 12579 9592 333 3394 198 2542 1 3 7 5 0 3 7 3 126 91 7 2 11 0 4 8 5651 14521 824 94 112 13 0 4 10 22 9 2 885 2 16 1 1 7 0 35 29 5 44 156 199 406 220 197 225 17 6 1 5 20 8 10 14 2 269 1 30 35 29 64 23 28 76 15 28 3 14 13 138 10 810 282 1096 283 12 51 23 8 30 151 100 26 32 202 100 1358 68 47 87 29 181 150 21 183 13 12 41 31 48 149 0 0 1 1 3 0 0 0 6 2 0 13 7 1 2 0 0 0 88 5 32 123 0 25 0 0 13 6 0 2 1 13 18 0 1 0 0 2 1 1 0 1 1 3 1 3 0 1 5 21 1 26 6 0 1 2 0 0 17 12 0 0 0 1 2 0 3 0 97 23 11 0 0 48 4 0 6 3 19 3 0 0 37 15 17 3 0 2
8146 14438 3450 10736 1662 2640 159 201 39 716 336 2204 0 1 0 0 0 0 1 0 121 40 2 0 13 1 0 0 379 4256 328 68 151 2 0 1 0 7 2 1 493 2 4 0 0 2 0 6 5 0 6 40 30 51 51 76 42 4 0 0 0 2 3 2 5 1 109 2 5 14 7 68 8 11 9 4 5 0 18 4 27 1 177 110 564 186 6 10 3 3 4 24 20 6 7 19 44 65 47 7 143 40 251 185 33 221 9 15 58 61 67 225 0 0 0 1 0 0 0 2 0 0 0 14 17 0 0 0 0 0 140 2 36 156 0 22 0 0 8 7 0 1 0 11 20 0 1 0 1 0 2 0 0 3 0 1 0 3 0 1 9 20 1 37 6 0 0 0 0 0 33 19 2 0 0 0 1 0 3 0 150 16 11 2 0 62 1 0 3 1 23 1 0 6 59 16 17 3 0 0
11247 3450 28001 5145 362 3451 657 8899 270 7979 732 16982 0 1 0 1 1 4 0 2 162 59 3 2 17 0 0 0 494 947 48 60 130 0 1 0 2 14 2 0 968 1 3 1 2 1 1 16 21 4 19 126 101 178 135 163 28 5 0 0 1 11 3 10 8 1 225 2 8 28 14 116 21 50 20 8 24 2 25 8 104 9 523 251 1081 312 5 50 27 4 10 99 74 17 12 28 81 260 58 17 219 66 487 302 48 424 21 21 85 102 102 410 0 0 0 0 3 0 1 0 1 0 1 25 22 1 2 0 0 0 197 6 69 276 0 31 0 0 7 8 0 0 0 22 44 2 1 0 2 3 1 1 0 6 1 5 1 4 0 2 13 54 1 66 8 2 0 1 0 1 50 28 0 0 0 1 2 0 5 0 225 19 25 1 0 96 3 0 7 7 31 2 0 10 111 34 32 6 1 1
2844 10736 5145 16416 3195 10273 139 114 15 308 294 2655 0 1 0 0 0 0 0 1 101 74 0 1 13 0 0 1 198 2410 121 66 132 4 0 0 1 3 1 0 324 1 1 2 0 1 1 4 3 0 3 19 9 32 24 50 19 1 0 1 0 2 2 2 3 1 68 0 5 5 2 109 11 15 9 0 8 2 34 0 15 2 91 61 426 160 4 2 2 1 0 13 8 0 3 15 56 39 60 5 192 54 383 319 44 343 12 25 85 73 96 323 1 0 0 0 2 0 0 0 0 1 0 27 6 0 3 0 0 0 151 3 52 219 0 27 2 0 8 6 0 0 0 18 27 0 0 0 0 2 2 0 0 1 1 3 2 5 0 0 7 19 1 49 4 0 1 0 0 1 39 11 2 1 0 2 1 0 3 0 216 15 24 1 1 86 2 0 1 7 32 0 0 2 86 25 27 6 1 0
1910 1662 362 3195 11731 12278 1620 384 94 256 161 5523 4 7 10 3 1 5 21 3 564 480 15 5 84 0 8 9 3984 6319 16012 2409 1168 95 1 2 40 115 19 6 969 11 39 5 20 31 3 37 16 6 21 70 75 179 72 157 2315 173 11 1 27 21 43 21 23 7 372 4 33 25 26 467 311 75 299 61 65 5 227 4 89 1 446 363 1655 612 25 28 26 16 204 74 43 12 33 2167 366 578 330 85 209 51 386 288 45 385 10 27 80 80 72 376 2 0 0 2 6 0 0 5 10 9 3 46 23 0 7 0 0 0 178 3 75 301 1 42 1 2 39 22 2 4 2 16 51 2 8 1 9 27 10 0 1 0 0 7 0 2 0 1 15 27 0 65 10 2 4 1 0 3 39 19 4 2 0 7 7 2 22 2 273 55 38 1 2 179 7 3 6 5 40 9 4 5 111 40 39 7 1 6
2287 2640 3451 10273 12278 14803 826 579 85 635 102 18965 0 0 2 2 1 2 7 1 267 229 3 0 38 0 3 0 432 2731 1034 3688 1160 45 0 1 1 50 2 1 434 4 10 2 11 14 1 13 7 0 13 20 20 68 48 60 39 82 1 0 4 4 7 8 4 2 164 3 11 6 11 285 165 35 109 14 28 1 134 2 32 2 156 131 645 217 9 21 3 9 53 17 26 8 6 803 221 140 114 10 139 44 344 243 47 371 17 24 74 56 74 302 0 0 0 1 1 1 2 3 8 1 3 15 12 0 2 0 0 0 102 2 60 225 0 22 1 0 20 10 0 3 1 11 23 1 6 1 15 9 3 1 0 7 0 4 2 6 0 1 3 16 1 36 4 1 1 0 1 1 24 16 2 1 0 3 4 0 6 1 195 38 24 3 1 111 1 1 4 5 16 3 2 7 84 16 15 5 1 4
12579 159 657 139 1620 826 21162 10080 3137 2618 121 936 0 14 13 8 4 4 4 1 94 127 8 2 22 0 3 27 4607 2457 995 119 99 14 1 12 13 26 13 1 236 3 23 2 3 4 4 51 8 7 31 97 352 700 317 90 155 25 13 4 11 17 12 18 40 5 139 6 60 21 29 64 28 44 127 22 72 2 33 9 103 8 723 155 431 80 14 46 27 9 29 106 56 8 26 366 475 6756 47 60 40 18 68 78 11 77 4 11 16 16 14 81 0 0 2 0 0 0 0 3 2 4 0 9 5 0 0 1 0 0 54 0 17 95 0 14 0 0 6 4 0 0 2 6 15 0 5 0 1 13 0 1 0 1 0 0 2 1 1 0 2 7 0 14 1 1 3 0 0 0 9 5 0 2 0 2 3 0 4 0 58 10 10 0 1 42 1 1 5 0 7 2 1 2 27 7 8 4 0 1
9592 201 8899 114 384 579 10080 38719 7272 41319 265 3493 0 1 0 1 0 3 2 0 43 22 1 1 14 2 0 6 701 1010 96 37 38 1 0 0 1 12 6 1 548 2 5 2 2 1 2 33 33 8 53 182 312 585 362 184 16 5 2 0 1 16 4 7 8 4 222 4 8 52 24 27 11 42 21 7 27 1 14 8 166 10 1025 263 836 122 6 62 39 5 23 186 124 34 20 36 149 1904 22 16 43 15 84 68 7 97 3 9 19 26 21 74 0 0 0 0 1 0 0 1 1 0 0 1 6 0 0 0 0 0 22 0 9 61 0 10 0 0 8 7 0 0 0 6 12 0 0 0 4 2 1 0 0 2 0 2 2 1 2 2 1 13 0 6 2 0 0 0 1 1 10 6 1 0 1 0 2 0 1 0 47 14 5 0 0 33 2 1 4 1 7 2 2 2 31 8 5 0 0 1
333 39 270 15 94 85 3137 7272 3236 4905 268 435 4 1 1 1 1 0 0 1 51 101 7 0 12 0 0 0 201 114 26 20 45 0 0 0 1 4 0 0 69 0 2 2 30 2 3 4 7 45 11 29 136 165 107 22 24 3 0 0 0 0 3 5 5 22 89 1 5 2 2 93 20 119 12 1 329 21 44 17 32 50 122 56 127 26 4 50 23 29 10 35 15 3 5 51 2304 2382 13 2 17 5 38 23 4 30 1 3 15 8 19 18 0 0 0 0 0 0 0 0 1 1 2 6 2 0 0 0 0 0 20 0 2 19 1 4 0 0 6 5 0 1 0 3 4 1 2 0 2 3 1 0 0 1 0 0 0 0 0 2 1 7 0 6 3 0 0 0 1 1 9 3 0 0 0 3 2 0 4 1 28 10 11 0 0 14 0 0 1 2 5 2 1 1 12 4 1 2 0 0
3394 716 7979 308 256 635 2618 41319 4905 39577 19254 21318 6 0 2 3 1 1 0 2 95 86 6 3 15 1 3 3 494 532 55 143 363 4 1 0 3 22 4 0 549 0 6 2 12 3 1 22 23 7 46 144 263 429 262 174 18 16 0 0 1 11 4 1 13 4 242 2 15 49 17 471 38 116 35 4 449 9 75 13 110 16 765 281 693 105 11 62 36 7 19 124 112 21 14 65 3901 1783 34 13 343 114 763 545 66 702 31 53 218 179 198 685 0 1 1 0 2 0 2 3 8 2 2 42 27 1 2 0 0 0 339 7 95 393 2 78 0 0 37 25 1 2 0 39 80 1 4 2 5 5 6 1 2 13 0 1 5 15 1 8 17 63 0 107 19 0 2 0 1 3 111 52 1 2 0 1 22 2 11 0 461 58 59 2 1 193 7 0 19 22 70 5 9 13 264 62 68 7 3 1
198 336 732 294 161 102 121 265 268 19254 3936 7711 0 0 1 0 1 1 5 1 72 83 2 4 12 0 1 0 115 61 31 32 276 2 0 0 0 14 0 1 119 1 3 0 5 6 3 2 3 1 2 5 20 40 25 19 9 8 2 1 1 1 3 1 1 3 61 0 0 3 2 485 78 55 14 0 165 4 161 2 11 2 81 43 140 30 4 3 3 3 17 12 7 1 5 41 1534 252 35 3 96 40 295 213 20 307 13 19 79 71 96 292 0 0 0 0 2 0 3 1 1 0 7 14 14 1 0 0 0 0 70 3 33 233 0 7 0 0 16 10 0 3 0 7 30 0 4 0 8 2 2 1 1 6 0 2 1 5 0 0 6 12 0 18 8 0 1 0 0 1 20 13 1 2 0 1 4 0 7 0 205 27 30 0 2 107 4 0 10 4 15 3 1 2 114 21 15 3 1 0
2542 2204 16982 2655 5523 18965 936 3493 435 21318 7711 58625 8 0 3 2 1 5 14 1 678 562 10 7 69 1 7 2 896 2061 974 1232 2168 16 1 2 4 68 5 6 969 5 15 11 11 10 5 18 10 9 13 65 100 165 132 197 73 48 1 1 4 11 9 8 7 2 368 1 15 13 9 914 203 117 92 9 150 11 373 5 66 8 455 320 1353 431 15 33 16 17 58 74 51 6 22 406 1600 660 255 24 615 198 1618 1163 146 1579 68 106 373 286 412 1442 0 2 1 0 6 2 1 2 13 2 4 70 58 2 9 0 0 1 388 5 200 948 1 78 0 3 40 37 1 6 3 52 99 1 10 0 11 13 11 0 1 13 1 12 2 16 1 3 24 64 1 153 23 2 5 2 0 5 94 55 4 0 1 8 6 6 24 2 960 86 122 6 2 465 11 4 23 18 76 12 3 20 554 112 62 19 3 12
1 0 0 0 4 0 0 0 4 6 0 8 5759 1 2 4 80 562 5953 17 1 4 1 9 1 1 3 13 12 1 2 4 12 0 0 0 4 447 13 1 11 5 33 6050 3367 5402 4 0 4 153 0 1 1 0 1 0 7 4 0 2 12 1 4 33 29 2545 2 1 9 2 2 243 241 1224 5 2 492 573 758 4 14 19 1 1 2 5 4 31 39 126 281 4 0 1 6 19 53 8 2 0 1 1 2 2 0 2 0 1 0 0 0 0 6 58 853 2 17 91 5 1032 83 1591 49 3 2 2 2 14 0 41 7 0 7 9 1 12 2 1 63 40 282 9 173 0 4 10 161 66 151 1966 5 1 4 2 0 7 0 0 0 0 1 3 0 3 1 0 63 52 6 378 2 2 4 0 2 79 4 0 161 6 1 19 108 2 7 11 0 3 4 1 2 14 5 2 0 1 1 0 1 0
3 1 1 1 7 0 14 1 1 0 0 0 1 9310 7986 505 341 157 68 142 22 35 292 132 14 5 2903 862 160 25 28 2 13 31 6916 2922 594 28 177 3390 441 17 72 0 0 3 574 9 11 0 0 0 1 8 1 1 164 267 913 203 5 6 28 184 245 0 41 138 70 5 3 0 3 72 437 9 1 0 1 0 5 0 5 11 13 10 19 2 3 1 4 13 1 1 16 50 0 14 6 87 0 0 1 2 0 1 0 0 0 0 0 0 7 2 4 18 46 13 58 6 275 222 316 8 7 6 8 3 0 5 5 2 0 23 1 7 4 6 83 169 2 45 2 1 4 1 2 2 224 4 16 0 0 0 0 1 0 0 0 0 0 1 0 0 0 7 1 8 3 0 4 10 1 8 0 5 0 0 4 0 5 60 64 5 0 16 2 0 1 0 2 0 0 0 1 0 4 2 4 6
7 0 0 0 10 2 13 0 1 2 1 3 2 7986 23192 9141 892 3941 258 721 42 78 731 337 33 45 3708 3939 168 26 31 0 19 35 2624 717 1060 43 1364 1306 1320 138 219 1 2 30 300 79 98 2 0 0 5 10 9 2 177 225 197 135 40 34 70 211 958 1 55 131 433 22 20 1 13 78 420 87 3 0 2 0 18 0 12 11 21 12 18 20 18 5 35 98 7 26 106 45 2 18 10 76 3 1 2 1 1 4 0 0 0 0 0 2 10 5 16 16 65 23 65 30 423 352 411 21 10 4 21 9 1 10 6 6 4 29 1 10 25 15 148 258 13 90 13 1 20 4 2 1 319 26 62 1 0 0 1 1 0 5 0 1 0 3 0 1 2 14 2 16 9 3 9 23 4 24 1 8 0 1 5 1 9 102 91 13 2 22 0 0 1 12 2 0 3 2 1 1 3 10 10 4
5 0 1 0 3 2 8 1 1 3 0 2 4 505 9141 8741 147 3512 5326 497 9 27 194 342 12 21 1712 9636 105 16 15 2 30 31 38 39 702 272 3054 43 831 245 320 7 9 51 53 32 127 2 6 0 1 5 4 2 92 167 26 70 40 25 67 117 515 3 28 72 221 28 7 0 13 18 273 96 3 0 5 0 19 0 9 4 11 9 6 19 35 7 68 190 17 63 149 40 0 11 3 49 0 0 0 0 0 0 0 1 0 0 0 1 6 14 79 13 6 25 4 83 55 577 33 2 2 1 3 1 1 16 2 1 0 0 1 2 8 1 14 17 20 16 9 0 0 3 3 5 77 41 6 0 1 0 0 2 1 0 0 0 0 0 0 0 0 3 3 6 3 0 3 1 1 2 2 5 0 1 7 0 2 10 13 4 3 9 0 0 6 1 2 1 1 0 2 0 0 1 1 1
0 0 1 0 1 1 4 0 1 1 1 1 80 341 892 147 509 661 2835 1171 37 118 155 41 85 42 58 40 42 8 7 1 6 13 45 29 738 883 35 345 185 8 49 95 34 227 282 3 9 2 0 1 2 2 0 1 19 62 11 4 25 6 13 27 37 22 16 28 27 3 3 6 14 194 118 33 1 6 9 0 6 1 5 7 18 10 28 6 14 19 115 13 1 3 18 21 0 1 15 20 6 12 8 3 2 10 0 1 2 1 0 9 17 16 21 22 71 9 73 30 373 174 178 62 53 9 51 24 3 31 37 19 11 61 6 30 55 33 217 289 12 319 26 9 41 17 11 2 347 50 272 2 1 2 2 5 0 7 0 1 4 15 0 2 14 53 6 34 19 7 62 109 21 103 3 31 4 0 13 0 17 212 56 46 3 97 2 1 4 63 16 2 10 7 9 3 35 34 35 61
3 0 4 0 5 2 4 3 0 1 1 5 562 157 3941 3512 661 11061 3257 883 12 42 105 797 20 22 2079 1288 42 10 6 3 71 40 25 11 645 1518 4403 39 643 218 810 352 16 2692 32 69 115 3 6 3 2 3 2 2 42 115 18 47 1916 27 101 921 739 102 28 37 309 37 18 17 174 198 144 563 2 8 27 0 34 1 11 11 11 18 6 43 53 12 424 194 17 47 145 31 4 5 10 19 0 1 1 1 1 0 0 1 1 0 1 1 16 273 1352 28 24 296 17 912 192 3635 86 3 6 4 5 20 1 325 10 3 3 17 0 13 15 6 81 69 313 24 179 1 8 11 79 167 351 822 10 4 6 1 2 4 1 2 0 3 1 0 0 0 4 5 12 86 11 111 7 7 6 9 6 52 3 3 41 5 7 36 91 1 3 22 1 1 4 1 3 8 2 4 1 0 2 3 1 1
7 1 0 0 21 7 4 2 0 0 5 14 5953 68 258 5326 2835 3257 68297 13732 24 120 142 305 73 34 1517 164 54 9 3 19 92 32 91 9 744 7356 114 397 269 78 262 12348 517 5316 236 27 45 34 2 1 4 4 5 7 26 62 12 13 99 20 46 418 224 608 18 15 49 13 15 67 614 4563 84 117 10 204 113 0 25 0 7 11 17 20 17 28 82 222 744 77 12 25 107 67 6 5 17 13 10 7 2 4 2 16 0 7 0 1 0 15 189 281 2339 206 244 735 270 1989 1913 13405 1526 66 53 28 85 42 16 335 40 14 11 152 13 49 151 90 612 851 396 495 219 3 55 32 122 275 2444 1524 229 14 7 4 2 10 0 6 0 1 3 18 1 3 16 83 50 146 53 262 39 102 29 85 12 126 6 14 146 10 29 476 863 47 19 250 5 4 4 38 18 14 28 12 20 6 33 26 44 52
3 0 2 1 3 1 1 0 1 2 1 1 17 142 721 497 1171 883 13732 4941 20 52 202 93 65 36 399 38 23 5 6 1 14 10 79 17 460 371 121 419 294 23 100 29 4 62 202 20 30 0 0 1 0 1 2 2 22 30 8 8 34 24 20 52 74 4 6 21 62 11 6 3 17 114 61 67 3 0 5 0 8 0 5 4 9 5 12 2 9 3 48 30 4 11 64 7 2 1 7 10 1 3 4 4 3 2 0 1 0 0 0 6 51 15 48 54 83 18 80 17 480 349 224 54 29 7 63 15 4 39 27 15 5 41 3 27 90 37 144 231 19 366 19 5 34 10 7 2 459 24 139 3 0 1 2 1 1 2 0 2 0 3 0 1 6 62 7 40 22 2 23 77 20 45 5 17 8 3 11 2 14 158 58 31 4 83 1 0 0 26 5 5 16 5 5 1 16 22 30 30
126 121 162 101 564 267 94 43 51 95 72 678 1 22 42 9 37 12 24 20 14710 8447 1955 51 307 24 20 8 215 218 228 147 376 175 5 4 99 585 9 40 1806 18 58 23 4 12 27 14 16 4 1 5 9 16 14 2071 113 293 8 29 2 12 47 37 25 4 61 52 28 6 10 75 350 374 757 25 329 35 65 1 8 4 148 19 4703 589 74 8 3 3 27 16 3 8 69 487 457 87 934 221 24 15 28 35 5 27 1 9 4 5 4 26 1 0 1 3 21 2 3 2 41 6 8 26 14 3 9 2 0 1 67 4 11 92 4 64 1 3 125 141 1 23 4 14 40 4 3 1 40 5 59 0 1 3 1 3 0 7 1 2 13 21 0 14 8 7 4 5 2 0 34 29 5 17 0 12 4 1 5 0 57 147 55 18 0 97 2 0 2 19 26 4 0 8 19 6 17 19 6 13
91 40 59 74 480 229 127 22 101 86 83 562 4 35 78 27 118 42 120 52 8447 17916 5962 599 7489 575 155 18 470 218 217 229 885 577 16 11 354 1949 44 762 1071 186 797 88 19 44 332 41 207 15 3 7 19 50 13 236 319 721 24 98 31 106 414 162 89 9 267 385 161 94 23 181 878 789 2414 111 646 77 152 2 33 6 144 155 2870 1381 283 35 47 26 113 151 28 120 794 709 799 154 4857 418 43 33 45 33 8 48 0 12 12 9 6 45 3 2 3 3 84 6 13 14 129 16 18 61 47 1 13 5 1 6 117 11 27 218 6 124 5 12 360 396 9 63 10 32 80 4 7 2 160 24 162 4 1 11 2 9 3 12 0 6 15 29 0 22 10 17 10 13 6 1 97 78 30 87 1 12 18 4 10 1 109 334 140 35 1 188 2 2 5 26 58 2 10 6 33 9 54 21 18 41
7 2 3 0 15 3 8 1 7 6 2 10 1 292 731 194 155 105 142 202 1955 5962 9939 6886 955 4318 465 32 48 11 9 14 239 342 23 71 546 779 74 1683 5847 1296 1242 28 6 48 614 26 297 4 2 1 2 6 6 17 25 176 67 67 27 49 88 47 77 4 40 77 56 47 7 20 170 75 248 65 62 14 31 0 23 2 22 17 66 49 115 25 36 10 66 148 12 78 404 38 60 16 96 24 6 4 3 5 2 3 1 1 1 1 0 9 1 3 4 3 16 1 9 7 32 14 14 8 13 3 5 3 0 1 8 1 3 10 2 15 2 4 45 51 1 20 1 2 6 4 0 0 26 9 39 1 1 1 0 2 1 3 0 1 0 8 0 2 1 9 7 4 0 1 8 16 6 22 0 5 2 0 2 0 13 47 14 10 1 17 3 1 2 10 9 2 1 0 3 0 11 4 12 17
2 0 2 1 5 0 2 1 0 3 4 7 9 132 337 342 41 797 305 93 51 599 6886 22844 721 3340 5318 134 43 8 10 3 27 74 623 81 205 105 611 2905 2234 5595 4618 7 13 942 3027 40 511 2 6 3 6 18 2 10 105 198 377 161 380 38 83 212 446 4 175 453 344 36 17 5 18 30 217 133 1 2 5 0 38 0 25 50 76 149 269 25 45 16 201 233 17 77 423 9 4 7 89 59 0 0 0 0 0 0 0 1 0 0 0 0 2 2 14 4 5 6 5 56 42 80 41 1 1 1 2 2 0 1 1 0 0 5 0 2 1 1 17 22 18 4 6 0 1 1 5 0 22 54 5 0 0 0 0 1 0 0 0 0 0 0 0 1 1 2 7 6 4 5 1 1 1 1 2 5 0 1 10 0 1 12 9 0 0 0 0 0 0 0 1 2 1 0 0 0 0 0 0 1
11 13 17 13 84 38 22 14 12 15 12 69 1 14 33 12 85 20 73 65 307 7489 955 721 12255 832 142 21 139 52 56 31 155 38 17 6 61 712 23 2466 441 165 1245 83 12 37 1417 54 155 3 5 16 22 79 18 71 546 86 7 6 37 115 908 564 190 9 1312 91 249 115 26 47 441 673 336 117 102 28 105 1 20 3 246 548 1578 3189 990 20 57 20 136 119 29 114 1299 95 85 32 5691 1560 6 3 4 4 1 5 2 1 0 0 0 7 0 1 0 2 53 1 10 9 128 11 39 23 22 3 0 1 0 2 13 3 6 66 2 37 1 8 293 295 1 28 3 12 32 3 2 0 163 14 41 4 1 4 0 2 1 2 0 2 4 9 0 4 5 7 2 3 0 0 25 14 10 14 2 6 6 3 8 2 21 189 119 6 3 26 1 0 5 9 16 3 2 6 1 1 13 8 4 13
0 1 0 0 0 0 0 2 0 1 0 1 1 5 45 21 42 22 34 36 24 575 4318 3340 832 3882 273 2 2 0 0 0 0 3 34 0 17 22 11 4946 657 176 439 1 2 9 541 3 104 0 2 0 0 0 1 3 3 6 12 3 7 10 48 21 10 2 11 17 11 11 2 3 8 8 8 11 4 0 1 0 6 0 4 3 14 14 36 11 6 1 19 40 2 19 137 2 0 1 8 2 0 0 0 0 0 0 0 0 0 0 0 0 0 0 0 0 5 0 5 0 29 2 15 0 1 0 0 0 0 1 1 0 0 1 0 1 2 1 8 13 1 2 0 0 0 2 0 0 10 3 0 0 0 0 0 1 0 0 0 0 0 0 0 0 0 0 0 2 0 0 1 1 0 0 1 0 0 0 1 1 0 2 2 0 0 0 0 0 0 1 0 1 0 0 0 0 0 0 0 0
4 0 0 0 8 3 3 0 0 3 1 7 3 2903 3708 1712 58 2079 1517 399 20 155 465 5318 142 273 23281 4144 172 20 31 0 40 133 6223 375 471 131 507 5170 375 177 726 7 2 206 1723 11 72 2 5 2 8 35 7 7 338 427 626 381 41 15 80 4347 566 5 325 542 82 16 6 3 11 116 524 18 2 0 0 0 7 1 33 49 69 117 134 4 8 2 29 51 3 30 142 22 2 11 92 202 0 1 0 0 0 0 0 0 0 1 0 0 10 15 87 29 44 103 87 270 526 1354 698 6 2 4 7 3 0 16 2 2 1 20 2 10 8 7 92 151 27 31 11 0 10 0 5 7 408 67 11 0 0 1 0 0 1 0 0 0 0 0 0 0 1 9 2 11 8 5 2 1 1 0 2 12 0 0 3 0 7 111 123 3 1 28 0 0 2 2 1 0 3 1 2 0 1 4 1 2
8 0 0 1 9 0 27 6 0 3 0 2 13 862 3939 9636 40 1288 164 38 8 18 32 134 21 2 4144 9059 462 69 69 1 23 53 85 114 172 28 4340 24 181 58 75 4 2 117 169 21 20 0 2 5 13 39 10 8 626 386 103 264 11 23 55 1110 1913 2 279 346 262 9 10 1 6 24 808 13 3 0 1 0 12 1 41 41 66 54 68 7 3 3 11 25 6 10 32 35 3 61 29 282 0 0 0 1 0 1 0 1 0 1 2 1 3 58 146 2 4 91 9 535 86 840 76 1 1 1 2 3 0 30 4 0 1 6 1 5 3 2 20 34 108 5 31 0 2 0 12 6 60 195 3 1 1 0 0 0 0 0 0 0 0 0 0 0 5 1 3 11 3 10 2 2 1 2 1 13 1 1 7 1 3 12 17 2 0 3 0 0 1 1 0 0 0 1 0 0 2 0 0 2
5651 379 494 198 3984 432 4607 701 201 494 115 896 12 160 168 105 42 42 54 23 215 470 48 43 139 2 172 462 46900 14951 5418 291 1023 349 30 73 238 364 192 19 321 40 237 18 21 65 58 254 72 5 51 140 1634 10959 753 120 4880 735 132 32 63 163 418 251 681 11 5983 242 659 142 222 679 741 804 2403 150 481 28 581 10 240 18 2094 1692 578 186 562 73 38 28 165 170 85 47 254 2855 588 9848 179 1287 459 219 655 589 94 358 31 97 104 127 107 339 0 4 10 1 11 5 5 31 23 13 5 116 90 1 15 2 0 2 1111 16 138 955 12 324 0 3 216 134 13 10 18 169 224 13 28 1 37 87 27 4 6 49 2 14 14 86 3 9 99 303 4 259 72 3 27 9 3 4 455 258 23 15 1 14 75 8 30 3 577 516 187 15 4 924 4 4 14 73 352 12 17 65 160 98 169 40 14 21
14521 4256 947 2410 6319 2731 2457 1010 114 532 61 2061 1 25 26 16 8 10 9 5 218 218 11 8 52 0 20 69 14951 23317 6012 261 219 58 8 14 76 50 36 5 690 10 53 3 7 19 17 65 17 2 22 90 107 258 111 141 7591 80 24 2 15 34 51 37 138 2 260 35 149 41 72 114 104 104 480 43 32 3 68 5 134 7 519 246 938 353 37 35 22 11 53 69 58 18 56 1121 162 875 117 320 132 51 242 205 30 211 11 16 41 41 48 184 0 1 2 0 2 0 0 5 8 2 1 27 14 2 1 0 0 0 200 4 51 221 1 39 0 1 28 15 3 4 0 28 59 1 4 0 8 18 2 0 0 6 1 1 3 10 2 4 16 50 0 49 11 1 7 0 1 1 49 47 4 1 0 7 12 0 14 4 166 47 34 5 0 121 4 0 4 7 54 1 5 10 62 20 23 7 1 1
824 328 48 121 16012 1034 995 96 26 55 31 974 2 28 31 15 7 6 3 6 228 217 9 10 56 0 31 69 5418 6012 15840 419 234 35 5 5 39 37 33 4 564 8 33 3 5 13 20 34 15 0 12 32 53 161 67 112 9838 63 30 8 10 21 42 35 107 1 422 43 90 25 35 93 48 33 678 36 22 2 37 4 48 1 289 222 900 422 202 19 12 6 38 41 18 11 24 1974 86 479 157 6081 38 19 79 72 7 67 4 7 15 17 13 95 0 0 2 0 1 0 0 2 1 2 1 11 7 0 0 0 0 0 48 1 15 80 0 9 0 0 13 9 0 2 0 4 17 0 2 0 5 14 4 2 0 3 0 2 1 3 0 0 4 5 0 23 0 0 2 0 1 0 12 13 0 0 0 0 0 0 12 1 58 15 12 2 1 43 0 0 4 1 10 4 0 1 28 4 10 0 0 1
94 68 60 66 2409 3688 119 37 20 143 32 1232 4 2 0 2 1 3 19 1 147 229 14 3 31 0 0 1 291 261 419 5554 7682 620 1 0 4 92 3 5 136 0 15 3 15 28 4 9 4 1 6 16 10 35 10 27 32 2012 0 2 14 6 4 1 7 3 111 2 11 3 9 1240 1698 37 1586 24 32 1 464 0 18 3 71 49 200 99 11 5 7 15 78 19 7 5 7 6602 185 59 58 3 18 9 34 20 4 42 1 3 8 4 7 35 0 0 4 0 5 1 4 5 10 4 1 6 10 1 2 0 0 1 17 1 11 45 0 9 0 1 27 27 1 4 1 5 8 0 0 0 14 20 7 0 0 2 1 1 0 4 0 0 3 3 0 7 1 2 4 2 1 1 8 8 1 2 0 1 2 0 7 1 39 18 10 2 1 32 1 2 1 1 5 4 1 3 12 2 7 4 0 2
112 151 130 132 1168 1160 99 38 45 363 276 2168 12 13 19 30 6 71 92 14 376 885 239 27 155 0 40 23 1023 219 234 7682 8965 4774 35 13 286 5145 38 22 336 4 36 12 27 53 174 17 9 6 7 15 31 100 43 56 92 3865 112 641 23 5 18 35 37 8 398 152 23 16 17 3011 3629 185 2706 42 79 16 613 1 23 6 155 133 358 131 57 10 11 15 86 29 15 6 23 4666 535 131 121 30 51 15 90 74 12 107 1 8 14 18 22 94 1 1 1 1 22 3 8 14 24 11 11 25 30 4 4 0 0 4 134 6 34 157 7 64 1 4 88 113 3 12 4 29 52 3 5 0 39 25 44 2 0 10 1 6 5 19 0 3 21 47 1 38 9 4 5 3 1 0 103 45 20 22 1 10 13 5 12 1 98 143 59 5 0 113 4 0 7 23 58 2 5 11 53 23 27 7 1 20
13 2 0 4 95 45 14 1 0 4 2 16 0 31 35 31 13 40 32 10 175 577 342 74 38 3 133 53 349 58 35 620 4774 10113 340 178 5977 3170 39 50 160 2 56 3 2 19 950 14 7 0 2 5 15 36 14 16 83 3990 1616 5214 10 5 25 113 69 2 150 962 50 6 7 152 572 33 2088 21 6 1 60 0 12 0 45 47 90 43 47 8 3 1 29 8 2 5 21 1001 9 10 43 63 2 2 1 1 0 3 0 1 2 2 0 4 1 0 3 1 10 0 2 10 9 6 1 3 3 0 1 0 0 0 11 1 1 18 0 17 0 1 36 30 0 5 0 7 6 1 1 0 8 6 9 1 1 1 0 0 2 6 0 4 4 10 0 5 2 2 1 1 1 0 14 15 3 7 0 2 2 0 2 0 2 32 9 1 1 10 0 0 1 4 7 1 0 3 4 0 7 1 4 4
0 0 1 0 1 0 1 0 0 1 0 1 0 6916 2624 38 45 25 91 79 5 16 23 623 17 34 6223 85 30 8 5 1 35 340 1790 2491 892 67 8 926 25 11 345 4 0 13 337 0 1 0 0 0 0 7 0 1 51 175 2237 716 6 0 11 203 31 1 29 251 11 1 0 4 6 77 149 4 1 0 3 0 0 0 3 2 7 10 18 0 1 1 3 2 0 4 23 1 1 6 8 32 0 0 0 0 0 3 0 0 0 0 0 0 4 2 2 10 25 17 38 4 231 241 252 6 1 2 10 2 0 4 1 0 1 13 0 2 7 4 56 111 2 18 5 0 2 1 0 0 161 3 15 0 0 1 0 0 0 0 0 0 0 0 0 0 2 1 1 7 2 0 1 5 1 1 0 1 1 0 2 0 1 38 41 3 0 16 0 0 0 0 0 0 0 2 1 0 1 0 3 3
4 1 0 0 2 1 12 0 0 0 0 2 0 2922 717 39 29 11 9 17 4 11 71 81 6 0 375 114 73 14 5 0 13 178 2491 1492 263 16 22 694 58 2 43 0 0 4 649 1 1 0 0 0 2 3 3 1 61 164 2283 740 1 1 18 120 59 0 12 242 9 0 0 0 2 7 214 1 0 0 1 0 2 0 2 2 8 8 8 0 1 0 0 3 0 1 10 16 0 5 1 26 0 0 0 0 1 0 0 0 0 0 0 1 1 0 0 1 9 1 2 0 21 15 22 1 4 1 3 1 0 1 1 0 0 2 0 2 0 3 12 25 0 5 1 0 0 1 0 0 28 0 4 0 0 0 0 0 0 0 0 0 0 0 0 0 0 0 0 0 0 0 1 0 0 3 0 2 0 0 0 0 0 6 2 0 0 1 0 0 0 3 1 0 0 1 0 0 0 0 0 0
10 0 2 1 40 1 13 1 1 3 0 4 4 594 1060 702 738 645 744 460 99 354 546 205 61 17 471 172 238 76 39 4 286 5977 892 263 6935 3334 228 284 397 24 138 8 5 110 1476 26 9 1 1 0 3 13 3 5 186 1511 1695 2300 60 7 70 260 225 6 45 1119 122 11 13 2 25 50 1635 89 4 11 4 0 12 1 20 9 43 26 67 4 9 4 56 24 1 8 50 171 2 28 18 124 4 9 2 0 3 6 1 1 0 2 0 10 5 4 10 2 38 3 16 32 104 39 37 33 48 2 23 10 0 9 31 7 6 49 7 50 7 17 123 172 6 123 11 4 18 7 2 2 119 24 186 0 0 2 0 1 1 2 0 5 3 5 0 1 4 22 3 12 11 2 54 80 17 83 1 8 4 2 11 0 9 142 16 34 5 45 1 0 1 38 15 4 7 7 3 1 34 28 26 46
22 7 14 3 115 50 26 12 4 22 14 68 447 28 43 272 883 1518 7356 371 585 1949 779 105 712 22 131 28 364 50 37 92 5145 3170 67 16 3334 17535 150 223 509 42 115 2390 163 1237 723 30 22 32 5 13 26 97 28 32 167 2067 107 598 183 13 51 118 91 109 322 285 78 14 15 121 3150 1028 1517 197 115 160 104 3 40 11 113 137 258 179 467 34 59 91 685 34 23 7 56 511 30 20 241 57 43 26 24 26 10 47 2 9 2 4 1 52 29 20 82 30 201 32 54 132 495 343 162 135 175 7 67 21 2 32 163 35 34 354 43 320 42 48 759 920 56 347 38 57 158 28 38 7 500 277 726 9 7 25 6 6 10 45 2 13 30 70 4 24 40 99 39 61 30 18 272 322 130 363 7 61 52 9 71 9 93 898 220 193 8 288 7 2 9 180 149 11 40 27 46 11 149 86 82 236
9 2 2 1 19 2 13 6 0 4 0 5 13 177 1364 3054 35 4403 114 121 9 44 74 611 23 11 507 4340 192 36 33 3 38 39 8 22 228 150 10224 15 512 261 1126 5 2 1175 92 116 107 1 9 4 6 14 6 13 198 276 10 94 3751 54 81 737 2806 23 81 120 1964 20 58 1 14 18 482 1520 2 1 2 0 45 1 23 14 30 32 38 40 55 10 502 136 8 27 115 71 1 21 22 96 1 2 1 0 0 1 0 0 0 0 0 1 1 150 436 5 11 79 6 645 58 1045 17 0 0 4 2 12 0 125 3 1 6 11 1 6 1 3 39 42 280 1 191 0 2 6 36 32 101 759 2 1 3 1 0 1 0 0 0 3 0 0 0 0 2 2 23 65 10 34 2 2 2 0 1 50 1 1 40 3 0 10 6 3 3 3 0 0 1 1 2 5 2 3 0 0 1 0 4 1
2 1 0 0 6 1 1 1 0 0 1 6 1 3390 1306 43 345 39 397 419 40 762 1683 2905 2466 4946 5170 24 19 5 4 5 22 50 926 694 284 223 15 5304 354 113 863 55 3 10 4673 13 77 0 1 1 0 7 0 2 42 85 352 123 13 12 93 175 38 1 54 135 31 11 3 8 45 279 87 19 5 0 12 0 5 0 13 25 29 60 167 3 11 7 24 26 4 24 205 12 1 3 32 27 0 1 1 2 0 1 0 0 0 1 0 2 11 5 9 29 88 22 75 9 540 334 479 22 14 2 10 2 0 7 3 2 4 32 1 10 25 22 148 297 9 71 2 0 9 1 1 1 333 8 55 3 2 1 0 0 0 0 0 0 0 3 1 1 1 20 1 7 3 1 6 16 4 9 1 10 4 0 1 0 7 105 100 4 0 31 0 1 1 4 0 2 0 2 3 1 4 9 9 2
885 493 968 324 969 434 236 548 69 549 119 969 11 441 1320 831 185 643 269 294 1806 1071 5847 2234 441 657 375 181 321 690 564 136 336 160 25 58 397 509 512 354 11622 3390 961 35 72 374 278 609 2338 51 106 166 24 58 730 1938 212 256 73 45 346 230 146 104 429 26 167 93 509 303 187 116 238 235 737 547 214 27 85 27 642 42 1344 116 1350 233 139 815 793 177 727 2105 327 576 776 437 252 84 255 209 53 26 94 70 8 41 2 5 15 12 15 64 1 2 17 1 16 4 2 29 29 22 19 16 23 0 3 3 0 6 99 4 36 177 3 87 0 4 75 79 13 15 16 16 35 6 14 0 30 76 44 6 14 6 0 12 13 15 7 27 14 37 0 31 14 1 14 13 9 6 55 44 7 28 9 27 20 14 81 9 84 138 41 6 15 152 23 9 64 18 41 53 18 6 25 12 36 6 9 18
2 2 1 1 11 4 3 2 0 0 1 5 5 17 138 245 8 218 78 23 18 186 1296 5595 165 176 177 58 40 10 8 0 4 2 11 2 24 42 261 113 3390 3945 4882 8 23 350 211 44 721 3 2 1 2 4 1 3 30 32 2 6 296 33 47 40 360 15 31 40 330 32 16 3 12 5 78 222 4 0 1 0 35 2 10 11 27 22 42 36 70 31 354 285 16 57 142 14 4 6 13 14 0 0 0 0 0 0 0 0 0 0 0 0 0 0 10 0 1 3 1 16 3 9 3 0 0 0 0 0 0 1 1 0 0 2 0 0 0 0 4 2 10 1 11 0 0 2 7 0 6 73 1 1 1 0 0 0 0 0 0 0 1 0 0 0 1 0 7 7 4 1 0 0 2 0 2 10 0 0 29 2 0 4 3 0 5 0 0 0 5 0 0 4 4 0 1 1 0 0 0 0
16 4 3 1 39 10 23 5 2 6 3 15 33 72 219 320 49 810 262 100 58 797 1242 4618 1245 439 726 75 237 53 33 15 36 56 345 43 138 115 1126 863 961 4882 9377 34 146 2102 2347 147 652 9 4 4 12 61 11 18 431 309 227 134 1645 197 1509 3088 1753 32 525 566 2731 124 68 6 33 25 582 1350 15 1 14 0 47 0 75 159 242 400 452 44 132 138 1953 267 17 180 2054 109 6 34 276 159 0 0 0 0 0 0 0 0 0 0 0 0 0 0 31 3 5 3 7 97 34 76 22 3 1 2 0 2 0 5 3 0 0 4 1 4 0 0 17 29 40 2 49 1 1 6 27 1 38 327 3 3 6 1 1 7 1 0 0 1 0 1 0 0 0 1 41 26 13 10 2 2 3 0 3 71 4 1 89 12 2 14 16 1 9 1 2 3 2 2 1 22 4 1 0 0 0 1 0 0
1 0 1 2 5 2 2 2 2 2 0 11 6050 0 1 7 95 352 12348 29 23 88 28 7 83 1 7 4 18 3 3 3 12 3 4 0 8 2390 5 55 35 8 34 12917 2443 844 97 10 11 729 4 14 0 10 4 3 19 10 0 1 36 11 18 14 12 629 35 13 7 6 9 348 1627 2849 10 18 776 2955 5528 24 54 288 6 12 29 21 83 165 180 673 857 10 3 5 43 20 28 1 17 1 6 10 6 8 4 9 0 3 1 0 0 12 15 13 172 22 82 51 48 202 411 1010 225 44 52 7 40 12 4 23 55 15 8 119 10 76 35 30 329 374 46 169 37 19 63 15 48 19 442 413 241 6 8 1 5 10 7 13 3 9 7 21 1 7 14 30 51 35 17 60 62 100 37 107 15 53 12 8 155 24 26 346 264 54 19 115 1 7 29 60 33 27 15 7 9 5 43 22 29 65
1 0 2 0 20 11 3 2 30 12 5 11 3367 0 2 9 34 16 517 4 4 19 6 13 12 2 2 2 21 7 5 15 27 2 0 0 5 163 2 3 72 23 146 2443 13599 2342 3 46 72 5637 6 16 2 6 3 4 15 20 0 1 25 42 95 7 21 2851 13 2 56 31 24 542 246 301 47 51 1887 629 1470 14 193 303 9 5 10 2 9 710 817 3761 4475 57 15 28 171 82 242 30 4 3 4 9 1 1 1 8 0 2 0 1 0 5 2 8 197 0 5 8 1 360 32 125 7 1 2 1 1 7 0 7 28 5 1 17 0 17 1 2 37 25 116 3 213 3 4 67 560 8 82 2805 1 41 68 5 7 129 11 4 4 29 0 2 0 7 5 1 422 148 85 232 3 14 8 0 45 392 17 33 1775 185 5 31 10 5 149 25 17 89 105 2 2 277 61 10 2 1 3 2 3 3
7 2 1 1 31 14 4 1 2 3 6 10 5402 3 30 51 227 2692 5316 62 12 44 48 942 37 9 206 117 65 19 13 28 53 19 13 4 110 1237 1175 10 374 350 2102 844 2342 12839 60 37 94 22 5 2 4 16 3 7 106 54 4 6 1546 18 120 1328 687 2073 80 43 295 22 9 44 262 202 106 275 8 9 92 2 13 0 31 18 25 33 67 32 66 114 3286 163 10 34 163 73 5 6 15 30 1 7 0 2 0 7 0 2 0 0 0 1 8 313 2492 20 33 175 13 1999 241 2239 79 3 4 7 7 61 5 257 12 3 7 30 2 25 6 4 166 123 1106 20 1032 3 7 48 637 163 394 6147 10 8 10 2 5 21 3 3 0 2 1 1 0 1 10 5 223 371 67 608 7 3 17 4 14 398 2 5 512 34 5 55 63 7 19 15 1 5 13 6 1 44 15 9 2 2 5 3 1 0
0 0 1 1 3 1 4 2 3 1 3 5 4 574 300 53 282 32 236 202 27 332 614 3027 1417 541 1723 169 58 17 20 4 174 950 337 649 1476 723 92 4673 278 211 2347 97 3 60 9745 57 96 5 4 0 3 13 2 1 106 1003 2420 1463 55 72 628 1107 397 1 107 2791 380 64 31 33 195 345 810 76 4 4 45 0 31 2 19 24 41 48 2281 14 24 14 69 47 10 48 677 22 1 6 32 95 3 1 0 1 1 1 0 1 0 2 0 1 6 1 6 8 162 7 64 10 396 93 193 35 31 3 12 4 0 6 13 5 1 69 4 21 8 18 303 474 12 65 6 3 24 1 2 1 341 22 65 1 1 0 1 0 0 0 0 0 3 2 0 3 4 10 4 14 5 0 8 15 4 21 0 16 0 2 8 3 13 185 108 12 3 38 0 1 0 4 5 3 6 3 1 0 9 11 18 9
35 6 16 4 37 13 51 33 4 22 2 18 0 9 79 32 3 69 27 20 14 41 26 40 54 3 11 21 254 65 34 9 17 14 0 1 26 30 116 13 609 44 147 10 46 37 57 24413 295 111 13 10 10 41 25 48 279 128 4 11 81 10743 2407 150 614 16 118 100 9155 1061 5720 4 15 15 452 6480 18 1 10 8 1414 45 96 35 66 46 55 6919 1248 113 802 539 78 245 615 113 3 39 24 85 1 3 2 1 2 4 0 0 1 0 0 2 1 1 8 6 1 5 0 14 6 8 4 2 1 2 4 0 0 1 8 2 1 4 1 1 2 1 11 5 7 9 8 5 1 126 80 4 40 111 10 194 270 7 35 308 5 5 6 86 0 1 0 1 3 0 69 146 252 28 1 9 7 1 261 315 86 142 930 194 3 24 6 6 385 53 58 73 578 3 0 971 339 5 8 1 1 1 1 1
29 5 21 3 16 7 8 33 7 23 3 10 4 11 98 127 9 115 45 30 16 207 297 511 155 104 72 20 72 17 15 4 9 7 1 1 9 22 107 77 2338 721 652 11 72 94 96 295 10266 27 28 1 2 13 45 59 39 29 4 8 147 387 66 24 100 16 53 22 279 280 69 3 16 17 68 443 14 1 14 2 143 8 126 41 69 53 42 222 377 123 696 9105 219 4633 5385 29 5 6 23 23 0 0 1 1 0 2 0 0 0 0 0 2 1 1 3 1 1 1 0 14 6 6 2 0 1 0 1 1 0 0 3 1 1 6 1 0 0 0 4 4 2 0 2 0 1 3 10 0 5 51 0 7 3 0 0 10 7 0 1 12 0 0 0 1 1 0 10 4 7 4 0 4 0 0 6 20 4 6 58 17 2 8 3 0 12 5 9 7 17 1 2 30 6 0 0 0 0 0 1 0
5 0 4 0 6 0 7 8 45 7 1 9 153 0 2 2 2 3 34 0 4 15 4 2 3 0 2 0 5 2 0 1 6 0 0 0 1 32 1 0 51 3 9 729 5637 22 5 111 27 9007 25 352 9 11 13 4 3 2 0 0 9 75 41 1 3 2475 9 1 22 46 37 341 83 1096 8 57 2449 477 833 1204 912 6949 8 4 3 2 3 4231 1791 5721 398 55 18 25 105 5 448 52 1 1 4 3 3 3 0 2 0 0 2 0 1 7 0 0 6 2 1 2 1 8 6 9 4 2 0 1 3 0 1 0 5 2 0 8 1 3 0 0 7 9 1 7 4 3 0 50 150 3 31 120 1 101 179 6 14 408 100 10 70 162 1 2 0 0 0 1 43 50 101 237 3 4 2 1 158 142 79 114 1072 167 5 20 5 4 280 38 121 529 633 0 2 871 122 3 6 4 0 4 0 0
44 6 19 3 21 13 31 53 11 46 2 13 0 0 0 6 0 6 2 0 1 3 2 6 5 2 5 2 51 22 12 6 7 2 0 0 1 5 9 1 106 2 4 4 6 5 4 13 28 25 10596 13353 48 41 527 29 10 4 1 0 5 12 4 2 10 13 31 3 12 77 26 8 4 35 11 14 23 5 5 422 1656 165 249 44 29 13 6 136 35 17 29 4054 4807 45 26 12 16 8 8 8 0 1 1 2 0 4 0 1 0 0 0 0 0 0 0 0 0 0 0 1 1 0 0 0 0 0 0 0 0 0 6 1 0 7 0 2 0 0 7 9 1 0 0 1 2 0 0 0 2 1 2 1 2 0 0 1 117 13 71 108 0 0 0 1 0 0 0 1 0 1 4 4 0 0 1 1 26 15 4 1 6 10 6 1 0 5 43 2 37 0 3 8 6 0 1 4 1 0 0 0
156 40 126 19 70 20 97 182 29 144 5 65 1 0 0 0 1 3 1 1 5 7 1 3 16 0 2 5 140 90 32 16 15 5 0 0 0 13 4 1 166 1 4 14 16 2 0 10 1 352 13353 30278 96 115 940 41 20 17 1 1 3 7 10 13 18 151 83 6 25 95 29 23 22 309 37 5 222 40 41 12432 3946 999 536 84 110 38 18 486 54 28 9 1864 4729 23 11 35 84 33 21 21 7 2 4 3 0 5 1 6 4 3 1 7 0 0 0 0 1 1 0 1 1 0 1 1 2 0 0 0 0 1 13 1 3 20 0 13 1 0 15 15 0 0 0 6 2 3 5 1 7 3 2 7 9 5 0 9 2627 358 2357 732 9 4 0 5 3 0 0 3 1 21 10 9 3 2 1 5 231 46 23 1 8 23 26 1 1 79 503 101 288 2 14 28 27 3 18 3 3 2 0 1
199 30 101 9 75 20 352 312 136 263 20 100 1 1 5 1 2 2 4 0 9 19 2 6 22 0 8 13 1634 107 53 10 31 15 0 2 3 26 6 0 24 2 12 0 2 4 3 10 2 9 48 96 6973 5529 4213 6 70 30 4 0 1 8 29 22 28 1 485 15 22 6 6 23 43 61 79 5 63 8 19 9 42 5 617 173 22 17 65 11 4 5 3 62 27 6 18 42 142 2708 19 56 13 4 11 15 2 15 1 3 2 3 5 8 0 1 0 0 1 1 0 2 1 1 1 8 4 0 0 1 0 0 30 0 0 27 1 18 0 0 25 16 0 1 0 6 7 0 0 0 5 4 5 0 0 2 0 0 0 0 1 1 1 13 0 9 4 2 1 0 0 0 19 12 5 1 0 1 0 0 0 0 11 41 16 3 0 41 0 0 1 4 9 0 0 2 12 5 13 2 1 2
406 51 178 32 179 68 700 585 165 429 40 165 0 8 10 5 2 3 4 1 16 50 6 18 79 0 35 39 10959 258 161 35 100 36 7 3 13 97 14 7 58 4 61 10 6 16 13 41 13 11 41 115 5529 19300 1719 19 279 69 7 5 9 21 119 82 111 3 3413 48 107 25 22 55 110 211 194 21 143 11 76 7 75 8 2843 4367 147 85 182 37 12 8 16 110 70 11 76 84 191 2686 74 176 29 12 31 32 4 23 1 10 8 11 9 32 0 0 1 0 7 1 1 6 6 0 0 11 11 0 4 1 0 3 82 2 13 89 5 64 0 3 61 54 3 5 1 22 27 0 1 0 16 6 8 0 0 8 0 4 0 10 1 1 11 25 1 22 9 1 2 1 2 1 63 22 2 12 0 1 7 0 2 1 42 104 37 3 0 85 2 0 6 9 34 0 0 10 26 12 33 5 4 4
220 51 135 24 72 48 317 362 107 262 25 132 1 1 9 4 0 2 5 2 14 13 6 2 18 1 7 10 753 111 67 10 43 14 0 3 3 28 6 0 730 1 11 4 3 3 2 25 45 13 527 940 4213 1719 14303 272 66 32 1 0 4 21 20 14 18 3 243 13 33 66 30 40 49 86 69 10 86 9 39 84 301 42 3075 158 92 43 56 94 34 10 20 1184 404 42 21 50 139 1350 31 27 9 6 25 15 6 9 0 5 1 5 3 14 0 0 1 0 2 2 0 1 3 3 1 6 1 0 2 0 0 0 39 1 8 45 2 24 0 2 25 18 2 1 1 12 4 0 1 0 3 0 5 0 2 1 0 0 7 6 6 10 5 11 0 9 6 2 3 0 0 1 21 11 0 6 2 2 2 3 6 0 19 38 8 3 1 50 4 0 9 7 14 8 1 2 11 2 11 2 0 4
197 76 163 50 157 60 90 184 22 174 19 197 0 1 2 2 1 2 7 2 2071 236 17 10 71 3 7 8 120 141 112 27 56 16 1 1 5 32 13 2 1938 3 18 3 4 7 1 48 59 4 29 41 6 19 272 3789 39 24 0 1 9 17 23 23 14 1 72 9 32 44 31 29 40 64 98 15 33 5 21 6 92 8 3868 44 2914 159 47 76 47 8 19 248 58 40 40 86 37 34 166 50 13 7 21 14 3 14 1 2 1 1 7 13 0 0 0 0 2 1 0 3 3 1 0 7 1 1 1 0 0 1 27 0 5 39 2 34 1 1 17 15 0 0 1 7 6 1 0 0 6 3 7 0 1 5 0 1 1 2 0 3 2 4 0 8 4 2 0 1 2 0 18 10 2 2 0 3 3 2 2 0 22 37 11 1 0 41 5 0 9 5 18 2 1 2 7 4 5 2 0 4
225 42 28 19 2315 39 155 16 24 18 9 73 7 164 177 92 19 42 26 22 113 319 25 105 546 3 338 626 4880 7591 9838 32 92 83 51 61 186 167 198 42 212 30 431 19 15 106 106 279 39 3 10 20 70 279 66 39 14231 152 130 28 57 203 816 653 1202 5 5612 638 1049 115 219 68 116 155 2270 147 51 1 44 4 153 1 227 403 399 1036 3293 28 26 8 109 65 17 37 429 1866 109 142 1370 8357 50 15 47 39 5 41 1 10 12 8 9 38 1 1 13 0 15 0 2 30 25 16 4 17 8 1 1 0 0 1 143 1 14 90 3 28 0 2 60 45 16 3 9 15 25 3 11 1 32 41 6 1 0 2 0 6 3 7 0 2 13 31 0 26 9 1 14 9 2 2 33 22 4 2 1 4 9 1 30 12 43 63 32 4 6 91 3 0 4 5 25 8 0 5 17 10 23 5 1 2
17 4 5 1 173 82 25 5 3 16 8 48 4 267 225 167 62 115 62 30 293 721 176 198 86 6 427 386 735 80 63 2012 3865 3990 175 164 1511 2067 276 85 256 32 309 10 20 54 1003 128 29 2 4 17 30 69 32 24 152 5861 634 4576 75 74 216 422 582 5 352 1739 426 56 89 527 1484 25 7835 217 29 6 222 5 80 1 139 110 213 97 307 30 27 23 198 34 15 15 152 3096 30 31 95 122 2 0 1 1 1 2 0 0 0 0 1 5 1 5 6 0 4 2 2 24 32 21 7 6 4 0 0 2 0 1 11 1 1 14 0 6 2 1 32 28 8 9 6 3 7 1 10 1 24 54 12 0 2 2 0 0 0 0 0 3 0 4 0 1 1 2 5 6 3 2 11 14 3 4 0 7 2 0 29 4 2 18 9 1 3 15 0 0 1 3 7 4 1 1 3 0 5 0 0 3
6 0 0 0 11 1 13 2 0 0 2 1 0 913 197 26 11 18 12 8 8 24 67 377 7 12 626 103 132 24 30 0 112 1616 2237 2283 1695 107 10 352 73 2 227 0 0 4 2420 4 4 0 1 1 4 7 1 0 130 634 5117 3802 5 5 52 332 101 0 31 2024 26 1 2 0 10 19 596 2 1 0 1 0 1 0 5 10 8 13 11 1 0 0 3 3 1 1 37 32 0 18 3 80 0 0 0 0 0 0 0 0 0 0 1 0 0 0 0 2 6 1 7 3 23 9 12 4 2 1 0 0 0 2 1 0 0 3 0 5 1 2 22 25 1 6 0 0 2 1 0 0 20 4 15 0 0 0 0 0 0 1 0 0 0 0 0 0 0 1 0 0 0 0 1 0 0 2 0 1 0 0 1 0 1 13 7 2 0 2 0 0 1 0 1 0 0 1 0 0 1 2 1 0
1 0 0 1 1 0 4 0 0 0 1 1 2 203 135 70 4 47 13 8 29 98 67 161 6 3 381 264 32 2 8 2 641 5214 716 740 2300 598 94 123 45 6 134 1 1 6 1463 11 8 0 0 1 0 5 0 1 28 4576 3802 2483 9 8 94 307 238 0 13 1983 92 7 4 0 51 4 669 18 0 0 0 0 2 0 2 2 5 12 31 0 2 0 14 4 0 7 23 13 1 3 13 22 0 0 0 0 0 0 0 0 0 0 0 0 1 0 0 0 1 0 0 7 5 3 2 0 1 0 0 0 0 0 0 0 0 2 1 0 0 0 8 6 2 1 2 0 0 0 1 0 2 6 2 0 0 0 0 0 0 0 0 0 1 0 0 0 0 0 1 1 1 0 2 1 1 0 0 1 1 0 2 0 0 5 1 1 1 0 0 0 1 1 0 1 0 0 0 0 0 0 0 0
5 0 1 0 27 4 11 1 0 1 1 4 12 5 40 40 25 1916 99 34 2 31 27 380 37 7 41 11 63 15 10 14 23 10 6 1 60 183 3751 13 346 296 1645 36 25 1546 55 81 147 9 5 3 1 9 4 9 57 75 5 9 7859 41 124 484 157 170 43 27 1618 34 36 9 36 6 170 3453 4 0 15 0 51 1 9 19 20 21 24 40 70 48 3145 112 16 38 281 78 6 8 20 24 3 3 0 1 0 1 0 0 0 0 0 3 1 46 355 4 4 10 1 284 27 149 5 0 2 2 1 15 0 36 6 4 4 6 1 7 0 0 35 20 180 4 386 1 3 37 330 8 84 1812 3 6 4 1 3 27 0 0 0 9 0 3 0 0 3 0 137 196 34 50 2 9 6 1 8 186 0 5 365 44 2 14 4 1 18 9 0 4 13 3 1 38 18 7 0 2 0 1 2 2
20 2 11 2 21 4 17 16 0 11 1 11 1 6 34 25 6 27 20 24 12 106 49 38 115 10 15 23 163 34 21 6 5 5 0 1 7 13 54 12 230 33 197 11 42 18 72 10743 387 75 12 7 8 21 21 17 203 74 5 8 41 10947 7248 173 420 18 129 81 2199 6209 1313 8 7 6 238 699 12 1 13 4 461 119 63 42 73 64 66 858 496 114 512 855 160 3353 2634 49 2 24 62 46 0 1 1 0 0 0 0 0 0 0 0 0 0 0 3 0 1 1 1 10 3 6 4 0 0 2 4 0 0 0 3 2 0 2 0 1 0 0 0 2 1 7 4 3 2 26 24 1 9 48 1 142 169 4 13 100 13 10 12 127 0 1 0 0 0 0 24 29 80 13 0 5 4 1 70 54 72 104 292 35 1 5 6 1 119 11 127 38 533 0 1 415 198 1 5 0 1 0 2 0
8 3 3 2 43 7 12 4 3 4 3 9 4 28 70 67 13 101 46 20 47 414 88 83 908 48 80 55 418 51 42 4 18 25 11 18 70 51 81 93 146 47 1509 18 95 120 628 2407 66 41 4 10 29 119 20 23 816 216 52 94 124 7248 17682 5842 5718 18 1185 417 4529 1936 511 7 20 25 566 735 17 1 18 3 229 4 165 274 396 694 487 255 476 151 749 114 47 459 3778 52 10 28 451 271 2 2 0 0 0 1 0 0 1 0 1 0 0 0 4 2 3 2 3 17 16 23 11 0 2 1 0 1 0 0 2 2 0 2 0 0 1 0 11 11 4 2 7 1 0 23 52 0 17 109 5 38 57 2 8 54 2 1 0 14 1 0 0 0 0 1 47 46 44 8 1 4 1 0 67 101 15 25 313 60 3 11 6 1 97 17 4 12 72 1 0 183 51 3 3 0 1 1 2 0
10 2 10 2 21 8 18 7 5 1 1 8 33 184 211 117 27 921 418 52 37 162 47 212 564 21 4347 1110 251 37 35 1 35 113 203 120 260 118 737 175 104 40 3088 14 7 1328 1107 150 24 1 2 13 22 82 14 23 653 422 332 307 484 173 5842 10840 8241 22 672 808 2895 103 86 3 18 30 838 275 3 1 4 0 38 0 80 176 234 456 370 20 23 12 209 39 7 22 1453 39 4 23 319 380 3 0 0 0 0 0 0 0 0 0 0 2 1 27 120 3 15 42 8 417 64 525 69 1 3 0 1 2 0 16 3 1 1 7 1 5 1 3 35 44 125 5 52 1 1 1 15 5 56 276 7 0 4 1 0 4 0 0 0 1 0 0 0 1 1 3 9 18 7 12 0 3 0 1 0 21 0 0 27 4 2 19 19 1 3 4 0 0 0 2 1 7 4 0 1 0 3 0 1 2
14 5 8 3 23 4 40 8 5 13 1 7 29 245 958 515 37 739 224 74 25 89 77 446 190 10 566 1913 681 138 107 7 37 69 31 59 225 91 2806 38 429 360 1753 12 21 687 397 614 100 3 10 18 28 111 18 14 1202 582 101 238 157 420 5718 8241 11717 26 684 720 16817 191 229 4 17 44 1352 315 10 1 8 3 143 2 101 128 185 279 268 55 64 20 130 151 36 70 744 102 5 100 186 488 1 2 2 1 0 3 0 0 1 3 1 2 0 95 319 5 11 100 5 949 58 927 19 2 1 1 3 11 3 59 8 1 1 9 0 8 3 2 39 46 319 4 189 0 2 7 44 16 63 810 5 3 8 0 1 8 0 1 0 1 0 2 0 3 5 0 30 63 14 33 2 5 7 8 1 72 0 4 86 14 4 19 12 2 10 10 2 1 6 2 0 11 8 4 2 1 2 1 0 5
2 1 1 1 7 2 5 4 22 4 3 2 2545 0 1 3 22 102 608 4 4 9 4 4 9 2 5 2 11 2 1 3 8 2 1 0 6 109 23 1 26 15 32 629 2851 2073 1 16 16 2475 13 151 1 3 3 1 5 5 0 0 170 18 18 22 26 1870 6 3 19 15 10 95 62 1019 14 47 1185 1069 403 319 166 1304 8 2 6 2 4 357 176 585 1680 20 3 11 48 13 169 23 3 2 5 1 2 3 0 1 0 0 0 1 2 0 1 10 698 0 2 11 0 203 36 344 7 1 1 0 0 3 0 7 4 1 3 4 0 3 0 0 25 16 42 1 30 1 0 16 326 69 87 1256 1 5 5 0 1 39 22 3 8 17 0 0 1 1 1 0 33 37 8 1465 1 1 0 1 6 29 4 11 281 16 0 9 24 1 16 6 15 17 34 1 0 50 12 2 3 0 2 1 2 0
269 109 225 68 372 164 139 222 89 242 61 368 2 41 55 28 16 28 18 6 61 267 40 175 1312 11 325 279 5983 260 422 111 398 150 29 12 45 322 81 54 167 31 525 35 13 80 107 118 53 9 31 83 485 3413 243 72 5612 352 31 13 43 129 1185 672 684 6 17333 458 654 118 75 191 430 597 1693 128 408 30 210 8 80 7 1474 9934 2023 3726 3011 48 38 12 87 148 61 68 617 500 380 211 1958 1997 127 57 140 164 33 97 7 35 30 53 42 107 1 0 7 1 19 1 3 23 24 15 2 47 36 1 5 2 0 5 344 13 54 358 12 208 0 6 226 162 7 10 10 62 73 4 14 1 52 46 38 2 4 24 4 6 6 58 0 5 39 131 0 79 53 4 5 8 2 4 184 118 26 34 1 15 32 9 20 4 208 434 109 20 5 436 9 0 13 42 147 6 12 31 78 41 83 18 4 18
1 2 2 0 4 3 6 4 1 2 0 1 1 138 131 72 28 37 15 21 52 385 77 453 91 17 542 346 242 35 43 2 152 962 251 242 1119 285 120 135 93 40 566 13 2 43 2791 100 22 1 3 6 15 48 13 9 638 1739 2024 1983 27 81 417 808 720 3 458 7133 509 52 93 7 43 61 4567 61 1 2 6 0 67 0 45 90 117 211 2891 11 10 4 32 21 9 13 250 22 3 16 229 937 0 0 0 0 0 0 0 0 1 0 0 1 0 1 3 0 11 1 4 7 27 14 11 1 5 0 1 0 0 1 2 0 0 2 0 2 0 1 34 49 5 6 4 0 4 0 1 0 39 34 4 0 1 0 0 0 1 0 0 2 1 2 0 0 0 0 5 1 0 2 2 2 1 1 0 4 0 0 11 1 2 23 12 0 0 4 1 0 0 2 2 5 0 0 2 1 2 1 0 0
30 5 8 5 33 11 60 8 5 15 0 15 9 70 433 221 27 309 49 62 28 161 56 344 249 11 82 262 659 149 90 11 23 50 11 9 122 78 1964 31 509 330 2731 7 56 295 380 9155 279 22 12 25 22 107 33 32 1049 426 26 92 1618 2199 4529 2895 16817 19 654 509 13653 648 1287 2 13 21 1143 8807 20 2 5 2 792 5 109 132 222 310 313 424 392 81 639 241 61 145 1154 169 10 101 153 384 1 4 1 1 0 0 0 3 0 0 0 2 2 19 114 0 0 20 2 186 15 97 4 1 2 3 3 8 0 6 11 5 1 7 0 6 0 1 31 12 78 5 144 2 0 59 260 4 64 831 10 24 37 2 5 80 2 1 0 22 0 1 0 4 3 0 157 123 61 38 5 10 5 3 40 227 5 25 773 133 4 18 8 7 118 15 3 26 49 2 1 149 30 4 3 1 3 4 4 2
35 14 28 5 25 6 21 52 2 49 3 13 2 5 22 28 3 37 13 11 6 94 47 36 115 11 16 9 142 41 25 3 16 6 1 0 11 14 20 11 303 32 124 6 31 22 64 1061 280 46 77 95 6 25 66 44 115 56 1 7 34 6209 1936 103 191 15 118 52 648 4794 1018 12 5 18 151 350 25 1 8 25 2041 277 139 65 90 79 55 757 293 96 383 1444 1717 2196 1048 35 10 19 37 39 0 0 1 0 1 1 0 2 0 1 0 2 0 0 0 0 1 1 1 7 0 2 3 0 0 0 1 0 0 0 4 0 0 0 0 3 0 0 1 5 2 1 0 1 2 5 17 1 9 32 0 89 96 3 6 66 191 56 151 514 0 1 0 1 1 0 15 6 29 14 3 0 2 0 26 25 198 203 146 20 2 10 9 2 36 24 339 45 666 0 1 163 171 1 3 1 0 1 2 1
29 7 14 2 26 11 29 24 2 17 2 9 2 3 20 7 3 18 15 6 10 23 7 17 26 2 6 10 222 72 35 9 17 7 0 0 13 15 58 3 187 16 68 9 24 9 31 5720 69 37 26 29 6 22 30 31 219 89 2 4 36 1313 511 86 229 10 75 93 1287 1018 7952 4 10 11 329 909 12 4 13 11 6663 200 69 24 45 27 39 1711 277 73 454 492 196 273 149 82 8 31 23 54 1 1 1 0 0 0 2 0 0 0 0 0 0 1 2 0 1 0 0 4 2 4 1 0 0 0 0 0 0 0 3 0 1 3 0 5 0 0 2 3 2 2 2 6 0 14 16 1 5 15 1 118 106 4 8 70 108 48 98 425 0 0 0 3 0 0 7 8 29 9 1 0 2 0 32 35 180 182 165 20 0 6 15 2 38 23 302 42 688 1 4 194 200 0 6 1 1 1 0 2
64 68 116 109 467 285 64 27 93 471 485 914 243 0 1 0 6 17 67 3 75 181 20 5 47 3 3 1 679 114 93 1240 3011 152 4 0 2 121 1 8 116 3 6 348 542 44 33 4 3 341 8 23 23 55 40 29 68 527 0 0 9 8 7 3 4 95 191 7 2 12 4 3729 2120 784 606 12 4222 694 5526 17 57 200 77 67 124 39 25 138 101 285 209 13 8 4 19 1731 1779 177 32 8 218 81 185 165 28 156 4 23 49 34 34 175 1 2 8 2 25 4 10 12 83 16 35 88 72 2 13 3 0 2 531 7 86 336 14 129 3 12 190 165 4 26 3 88 132 3 16 1 72 59 67 1 13 23 3 8 9 46 3 21 60 143 0 140 26 5 19 9 5 5 228 125 15 16 3 15 47 11 54 6 161 241 127 17 7 242 12 5 33 50 165 23 19 26 66 51 116 28 10 29
