32143 10421 15747 2630 1507 6454 10006 9779 525 2040 351 3150 0 2 1 3 2 1 1 0 138 134 12 4 41 1 8 2 6771 5277 481 52 238 28 4 0 11 17 0 1 748 2 11 1 1 2 14 5 25 1 93 129 308 608 253 207 49 18 8 1 2 8 23 8 8 0 277 42 14 49 6 108 43 16 85 1 77 0 363 16 87 8 1158 765 1071 118 29 12 1 1 3 256 91 36 31 125 177 2106 47 25 51 16 94 39 8 147 25 55 105 48 151 177 0 0 1 0 3 0 0 1 8 1 5 9 12 3 0 0 1 2 15 2 47 118 1 52 1 1 14 35 2 7 1 13 16 0 0 0 10 3 3 0 0 5 0 2 1 4 7 1 17 20 5 21 21 0 0 2 0 0 18 14 21 6 0 1 0 2 3 1 98 16 15 9 0 53 6 2 11 4 17 0 0 23 104 43 9 1 1 4
10421 16761 8325 15612 2284 11839 1248 598 145 687 349 3810 0 1 1 3 4 6 0 2 221 200 14 6 31 0 10 6 1663 3105 603 59 241 30 0 0 25 22 2 5 603 2 5 5 1 4 20 4 14 5 49 70 98 258 113 121 51 19 10 2 2 3 16 5 5 0 194 56 11 22 7 144 42 19 56 1 91 1 352 3 57 7 556 545 917 107 34 11 6 4 2 130 55 30 31 117 108 612 57 12 53 18 171 67 15 235 25 54 126 64 148 175 0 0 0 0 3 5 5 4 11 4 7 12 8 2 5 0 0 0 18 9 67 151 4 91 0 1 26 36 0 12 0 15 14 0 1 0 6 4 4 0 0 7 0 0 0 15 1 1 31 27 3 16 40 5 4 0 1 0 27 17 27 9 0 1 0 0 3 2 161 22 13 20 0 98 4 1 6 5 44 0 0 31 89 24 14 0 2 7
15747 8325 28589 6813 167 4748 1249 7162 378 4083 758 10234 1 1 1 1 1 3 1 0 156 147 8 4 34 1 8 1 679 307 94 15 79 22 3 0 25 30 1 3 641 1 4 3 2 1 24 10 14 5 59 99 136 327 146 111 36 13 16 2 1 6 7 4 5 3 222 40 8 39 3 143 26 14 56 1 91 2 572 12 75 2 674 561 966 100 30 12 5 6 1 204 70 33 35 42 137 441 61 17 58 18 534 62 6 217 30 64 113 66 147 182 0 1 1 1 2 2 1 1 9 1 4 5 10 4 3 0 0 0 12 6 55 156 5 65 2 1 19 31 0 7 0 16 32 0 0 1 8 2 13 1 1 4 0 2 1 5 4 1 24 25 3 18 30 4 2 0 0 0 26 17 28 8 0 0 0 0 3 0 176 30 14 20 1 87 3 1 5 7 38 1 2 34 107 43 6 3 1 3
2630 15612 6813 18051 4697 13073 174 64 20 156 136 4333 1 0 0 1 0 0 0 0 69 72 4 0 10 1 0 1 226 238 430 17 82 1 1 0 5 6 0 0 153 0 1 0 0 0 3 0 2 0 7 6 12 45 12 20 19 5 2 0 1 0 1 0 3 0 64 14 6 3 1 34 10 10 13 0 31 1 187 2 11 0 99 111 200 28 8 0 0 0 2 18 9 4 6 48 39 84 14 1 24 10 54 23 6 95 8 33 53 27 64 98 0 0 0 1 0 2 0 1 4 0 1 2 6 1 1 0 0 0 10 5 26 81 0 43 2 1 12 15 1 3 0 14 13 0 0 0 5 2 0 0 0 1 1 0 2 5 0 0 14 19 4 9 11 2 1 1 0 0 17 10 14 2 0 0 1 0 0 0 79 9 5 7 0 40 0 0 0 2 23 0 0 18 45 6 1 1 0 3
1507 2284 167 4697 6975 12308 620 137 72 190 315 4977 0 1 6 17 1 11 2 1 186 270 28 1 32 0 11 9 1338 4734 6240 448 1170 36 2 0 11 23 6 1 264 1 9 1 1 7 14 11 9 1 20 29 74 187 44 47 255 36 4 1 13 21 41 5 20 0 256 22 84 14 6 187 117 11 76 14 58 1 487 4 28 0 284 275 437 57 15 7 4 2 5 58 21 11 21 1686 117 480 41 16 26 7 33 25 7 107 7 21 50 24 62 107 0 0 3 1 1 1 3 5 5 1 5 3 5 0 2 0 0 0 10 3 34 67 3 29 0 3 14 14 1 2 2 9 22 1 2 0 2 6 4 0 0 1 0 3 0 6 1 5 14 17 2 12 7 1 2 1 1 0 11 9 16 1 0 5 1 0 8 0 77 13 6 6 2 40 1 0 3 5 20 2 0 13 54 18 1 0 0 5
6454 11839 4748 13073 12308 19853 849 292 116 864 476 23263 0 0 3 25 3 22 4 2 273 395 39 3 46 1 7 6 945 2051 3766 2317 2982 75 0 0 17 60 5 6 435 3 12 0 1 9 16 11 10 1 23 46 66 224 63 72 153 68 17 2 13 21 48 9 8 1 267 49 98 19 12 369 207 18 97 7 104 2 1334 0 30 3 330 365 652 94 15 3 4 2 8 64 23 12 13 1483 156 420 66 13 59 21 123 95 7 330 27 68 179 75 193 275 0 2 3 0 10 5 5 7 9 5 3 10 13 3 3 0 0 0 14 14 99 231 3 87 0 2 30 30 3 5 0 19 46 0 5 1 12 14 6 0 0 2 0 1 3 18 1 0 48 37 3 31 35 3 5 2 3 3 35 22 41 7 0 4 2 0 14 2 212 25 15 23 3 110 3 0 2 4 56 6 0 43 112 40 15 5 0 8
10006 1248 1249 174 620 849 14425 6142 2072 1933 148 1043 2 0 1 2 0 3 0 0 52 57 10 1 12 0 12 2 4365 1206 530 58 207 18 1 0 2 8 1 2 213 0 7 3 4 1 11 2 2 5 42 67 358 659 233 86 25 23 1 2 2 5 23 8 13 1 127 15 24 15 1 121 22 16 67 1 79 2 213 11 35 4 941 394 315 35 22 3 0 4 8 99 41 10 9 158 300 8889 21 16 17 9 33 18 1 73 10 22 40 29 68 90 0 0 0 0 2 2 0 1 6 2 0 4 2 0 1 0 0 0 4 4 12 62 1 32 0 0 7 24 0 4 0 3 8 0 0 0 2 1 3 0 0 0 0 0 0 1 3 0 8 5 1 6 8 1 0 1 0 0 3 1 8 1 0 0 1 0 0 1 66 10 13 8 0 30 3 0 2 1 10 1 0 11 43 6 3 0 0 4
9779 598 7162 64 137 292 6142 21855 3976 22206 547 1551 0 1 2 3 0 0 0 0 30 25 3 3 11 0 3 3 791 380 132 18 65 7 3 0 2 4 0 0 237 2 1 1 5 1 4 0 6 2 32 61 197 326 158 91 9 6 1 1 1 3 5 4 3 1 167 12 6 16 6 68 8 8 27 1 64 1 307 2 32 3 625 324 317 24 12 2 2 0 2 94 30 18 14 37 262 1263 7 5 30 6 24 28 2 105 17 27 245 26 80 100 0 0 0 0 3 0 1 1 3 1 2 6 5 0 1 0 0 1 6 2 20 60 1 25 0 0 9 15 0 2 0 6 12 0 0 0 1 1 1 1 0 2 0 1 1 2 2 2 7 7 2 9 8 1 1 0 0 1 5 2 6 0 0 0 2 0 1 1 57 9 6 5 0 22 5 0 2 1 17 1 0 8 73 18 2 0 0 2
525 145 378 20 72 116 2072 3976 3925 4913 348 402 42 0 0 3 0 1 1 0 23 85 24 1 7 0 5 0 282 150 63 22 103 5 1 0 0 2 0 0 55 0 4 16 99 4 4 2 1 55 20 38 67 167 61 22 4 4 2 0 3 1 2 1 2 14 52 8 2 4 2 241 25 87 14 0 393 35 255 35 41 54 167 81 60 6 3 46 7 29 19 34 9 3 2 54 3016 1775 8 4 12 1 10 9 1 29 2 8 21 14 30 36 0 0 0 0 3 1 1 2 14 6 4 3 2 3 2 0 0 0 1 0 15 40 0 24 0 2 13 18 0 2 0 1 3 0 0 0 7 1 2 0 1 1 0 1 7 1 7 2 4 5 2 5 5 2 1 0 0 2 5 3 10 3 0 1 1 1 1 1 29 12 23 3 2 37 2 3 4 2 7 4 0 2 32 14 1 0 0 2
2040 687 4083 156 190 864 1933 22206 4913 31268 14495 16513 0 0 2 1 1 3 6 0 59 99 24 3 19 0 4 1 586 335 128 35 284 13 0 0 10 18 0 0 227 1 5 3 3 3 7 0 4 3 27 45 133 228 118 51 15 8 6 0 1 3 6 3 1 1 159 17 10 16 1 726 28 23 34 2 1754 1 5670 1 41 8 433 254 322 20 10 9 1 3 4 74 36 11 4 89 2219 1369 14 3 110 30 152 125 22 462 61 135 376 130 431 498 0 1 2 2 8 4 4 4 10 5 1 20 6 1 7 0 0 0 23 11 128 293 6 85 0 1 31 55 0 8 0 29 43 1 0 0 6 9 9 0 0 5 1 1 7 12 2 4 54 57 5 36 45 3 3 1 0 1 34 27 31 9 0 1 13 2 3 1 337 28 25 24 0 154 1 0 2 8 64 0 1 34 271 70 18 4 2 9
351 349 758 136 315 476 148 547 348 14495 7779 4599 0 0 0 0 0 3 1 0 46 122 12 2 8 0 0 0 170 158 206 24 265 4 1 0 0 8 0 1 64 0 2 2 0 1 0 0 0 1 4 5 23 39 17 13 4 4 1 0 2 1 3 1 2 0 67 6 1 2 0 1271 18 10 6 1 836 1 2117 0 8 1 73 37 70 11 2 1 2 1 1 11 4 3 0 72 1566 230 12 0 109 41 138 127 19 512 61 124 258 130 410 482 1 0 0 0 1 4 1 0 3 1 2 5 10 2 2 0 0 0 13 7 108 227 0 48 0 1 22 10 2 5 0 23 33 0 1 0 1 3 3 0 0 4 0 4 3 20 2 0 34 48 10 41 26 1 1 1 1 0 21 17 13 3 0 1 18 2 2 1 312 10 18 3 0 71 1 0 3 3 49 0 1 30 275 75 14 1 1 4
3150 3810 10234 4333 4977 23263 1043 1551 402 16513 4599 56328 0 2 1 6 6 17 3 2 403 692 82 6 75 1 11 2 1015 1854 3007 341 4589 41 2 1 32 42 1 6 584 2 16 5 2 12 20 4 13 0 25 48 125 288 83 85 53 70 13 4 6 12 23 9 9 1 302 51 28 20 6 1070 175 30 101 2 935 3 8828 6 37 1 430 395 908 93 36 3 3 2 9 96 28 13 22 1058 866 655 82 14 248 76 310 259 49 989 96 212 469 233 753 913 0 1 4 2 4 5 6 5 23 5 5 22 21 4 7 0 2 0 67 24 256 597 7 189 0 1 56 106 3 21 0 64 87 2 5 0 11 14 10 0 1 18 0 4 8 41 1 1 95 110 14 76 90 3 7 3 0 2 84 80 87 8 0 4 9 2 11 0 605 58 41 35 2 261 1 3 1 26 151 1 0 115 422 113 24 2 4 10
0 0 1 1 0 0 2 0 42 0 0 0 8354 2 1 22 52 1348 7812 88 0 4 3 12 1 0 14 10 3 2 0 4 5 0 2 0 4 326 18 1 18 5 65 4384 1616 2449 2 30 5 141 1 9 1 1 0 0 0 0 0 0 28 15 32 48 12 177 3 1 14 7 11 48 194 526 2 39 960 489 349 32 67 95 0 0 2 0 0 209 150 252 680 10 2 5 42 4 296 7 0 0 0 1 1 0 0 1 0 0 0 0 1 0 1 17 1131 2 4 218 4 1798 93 644 18 1 3 0 1 2 0 18 5 5 3 8 2 10 3 0 40 20 293 4 110 1 3 9 140 73 105 2185 1 6 14 2 1 53 3 2 6 5 1 1 1 3 13 0 257 80 15 764 1 5 17 1 28 145 3 12 354 39 5 25 771 9 58 16 16 48 50 0 3 103 13 21 0 1 0 0 0 1
2 1 1 0 1 0 0 1 0 0 0 2 2 11372 8529 1282 1560 134 19 77 10 20 82 53 5 3 932 787 51 9 4 4 8 70 1917 5192 2239 94 42 26 219 21 46 2 0 3 198 1 7 1 0 0 6 16 1 1 29 108 666 38 4 7 30 102 141 1 89 312 179 1 3 1 13 1 244 3 3 0 0 0 4 0 7 17 4 6 9 3 3 0 7 13 0 3 9 19 0 0 4 2 0 0 0 0 0 0 0 0 0 1 0 1 15 11 4 20 8 62 7 14 64 114 66 1 1 0 0 1 7 10 1 0 1 4 0 6 14 1 24 13 0 21 6 0 3 0 2 0 22 11 6 1 0 0 0 0 0 0 0 0 0 0 0 0 0 9 2 10 1 0 1 1 0 3 0 3 0 1 4 2 8 12 8 1 1 16 0 0 2 0 1 0 0 2 2 0 0 2 0 0
1 1 1 0 6 3 1 2 0 2 0 1 1 8529 22753 17994 3776 2546 382 1398 21 40 352 216 18 6 2090 3376 50 16 13 1 8 57 1006 1341 2468 207 230 80 1228 123 165 2 3 12 156 20 24 0 2 2 1 21 1 0 31 145 294 30 36 39 123 260 479 0 96 307 785 25 14 7 30 5 262 24 5 0 8 0 23 1 11 14 8 2 5 8 17 2 33 50 9 17 52 46 2 0 3 1 0 1 0 0 0 0 0 1 0 0 0 0 37 14 5 31 19 109 31 71 90 205 120 3 6 8 12 3 18 51 0 0 1 8 1 4 29 11 34 23 13 56 14 0 6 6 0 1 42 45 8 1 2 0 1 4 0 1 1 1 0 0 0 0 0 13 7 15 3 4 2 0 1 10 0 11 1 4 21 1 9 22 16 5 2 26 1 1 5 0 0 8 3 4 4 1 2 0 0 3
3 3 1 1 17 25 2 3 3 1 0 6 22 1282 17994 18555 888 7167 4493 2704 17 33 129 317 15 5 1386 10559 216 53 95 15 27 71 163 67 1322 595 3605 68 1449 211 566 26 5 187 106 89 90 4 14 3 19 39 7 1 142 423 249 31 270 130 286 1443 1222 3 293 485 1070 70 58 11 129 8 876 151 9 1 48 1 73 2 31 43 23 11 10 31 67 27 128 171 23 52 197 271 3 7 3 3 1 0 0 0 2 1 0 0 0 0 0 1 29 71 277 48 11 511 10 1047 100 807 27 3 3 7 8 11 19 186 5 4 0 11 4 22 50 7 52 31 232 37 99 2 5 11 39 16 91 615 4 10 12 2 0 17 0 1 3 6 1 1 0 0 13 5 105 72 15 16 3 7 12 5 6 119 2 8 79 11 10 24 19 7 25 28 8 6 20 4 1 27 5 7 2 0 1 0 0 0
2 4 1 0 1 3 0 0 0 1 0 6 52 1560 3776 888 5165 785 1296 1939 12 42 208 116 24 16 336 272 7 1 3 2 9 25 367 888 4617 1548 39 91 851 65 122 39 1 178 81 5 21 0 3 3 0 3 1 0 1 44 102 15 53 17 52 95 87 0 15 48 106 10 4 3 37 40 85 9 7 6 12 0 8 0 6 6 5 0 3 8 15 4 38 26 4 12 45 19 3 1 3 0 0 2 0 1 6 1 0 5 1 0 1 8 127 57 30 182 74 123 149 67 384 346 275 54 57 50 114 34 74 153 5 2 4 33 14 37 134 44 167 139 22 427 23 3 42 34 5 5 338 86 88 7 2 2 2 7 0 1 0 1 3 2 0 0 18 117 13 69 27 5 9 6 12 45 3 10 3 2 32 4 33 137 123 22 5 220 5 4 2 10 8 8 13 7 22 0 11 4 2 24
1 6 3 0 11 22 3 0 1 3 3 17 1348 134 2546 7167 785 23779 3477 1699 8 37 67 900 13 6 1307 724 42 16 17 24 93 21 70 11 673 2362 6480 93 1295 210 1998 321 15 8202 49 324 122 4 13 17 1 14 2 4 15 129 21 2 7289 403 559 1997 712 6 40 49 3104 145 199 104 1100 59 178 1158 24 6 319 0 268 5 7 15 13 9 3 88 175 48 378 241 37 92 389 187 13 8 3 0 0 4 2 1 3 0 0 2 0 1 1 4 20 158 1855 42 18 1133 12 3092 237 2241 47 9 12 8 4 32 12 444 17 15 8 43 15 54 47 8 109 94 1142 35 596 6 11 38 263 111 233 3387 15 18 28 4 1 82 3 3 8 7 3 4 0 3 45 20 560 299 51 237 8 23 64 18 25 504 6 35 460 74 27 45 128 36 159 55 32 19 94 2 0 96 49 36 8 3 7 0 2 7
1 0 1 0 2 4 0 0 1 6 1 3 7812 19 382 4493 1296 3477 64670 7623 2 24 42 210 13 13 726 226 6 3 3 1 18 3 81 5 149 5233 85 70 347 51 453 7001 63 7375 52 49 38 11 9 9 0 1 0 0 5 8 14 1 177 82 195 336 119 16 13 13 86 46 24 17 294 1506 20 102 18 187 65 4 44 6 4 4 1 2 2 64 109 73 622 60 15 40 197 19 2 0 1 0 1 0 0 0 6 1 0 3 1 0 1 2 357 464 2516 435 100 3959 157 6709 1176 10147 662 21 24 78 120 57 184 1285 14 9 9 45 24 51 406 62 397 150 513 493 308 5 27 80 133 245 1081 2140 80 28 18 3 10 43 1 6 1 6 1 7 0 5 35 115 264 284 75 208 6 17 37 40 28 186 8 11 282 27 64 194 1200 38 45 281 10 14 43 4 2 64 46 28 14 1 12 3 4 13
0 2 0 0 1 2 0 0 0 0 0 2 88 77 1398 2704 1939 1699 7623 2665 8 19 124 132 16 14 344 73 2 1 1 1 3 7 167 13 192 618 29 81 444 59 174 172 7 284 67 12 31 1 6 6 1 0 0 0 2 8 18 1 104 30 67 57 42 1 2 12 81 17 9 3 18 64 20 20 5 5 10 1 14 1 5 1 4 3 3 14 18 6 68 42 7 20 74 8 0 2 0 0 1 0 0 0 1 2 0 3 0 0 0 3 147 85 66 201 52 210 98 133 347 651 236 19 20 37 58 33 84 195 4 4 0 23 5 17 139 28 112 52 24 294 28 1 12 29 17 9 303 136 59 12 4 0 3 6 2 1 0 1 1 1 0 1 7 81 18 85 25 12 4 2 3 19 3 18 6 4 36 8 29 69 100 16 7 138 4 3 12 3 2 11 15 5 9 0 3 1 1 7
138 221 156 69 186 273 52 30 23 59 46 403 0 10 21 17 12 8 2 8 11941 9477 1499 673 341 64 92 14 82 146 201 54 235 39 9 2 27 82 3 167 1133 48 81 2 2 4 166 3 9 0 8 5 7 21 5 546 15 30 27 1 4 11 71 29 13 0 38 167 23 11 9 194 148 25 106 4 101 5 256 0 13 1 68 21 3452 340 94 7 9 2 9 31 9 8 43 322 159 50 160 9 2 5 4 5 2 17 1 3 9 5 7 18 1 1 0 3 9 2 6 0 15 4 7 12 5 1 5 2 0 0 2 2 9 41 2 19 0 1 19 32 2 9 1 1 3 0 1 0 15 2 4 0 0 1 0 0 0 1 0 0 3 4 0 4 8 7 1 0 0 0 5 3 5 3 1 0 1 2 2 0 38 15 12 11 1 50 1 1 1 0 3 1 1 1 21 3 3 2 1 3
134 200 147 72 270 395 57 25 85 99 122 692 4 20 40 33 42 37 24 19 9477 30845 5571 750 8830 622 374 23 164 230 300 196 811 167 59 5 230 439 9 1407 996 140 1059 34 5 46 1270 42 101 7 14 10 32 91 29 127 39 109 143 20 49 195 535 226 104 2 207 905 122 82 23 961 683 129 318 32 494 13 967 4 64 4 335 472 4815 998 900 38 44 24 76 118 20 65 440 750 464 104 2421 92 11 3 8 8 7 36 7 8 26 8 32 41 13 3 4 6 50 15 40 9 129 21 109 21 35 14 22 3 4 10 12 2 14 100 12 82 8 12 105 182 8 77 0 3 34 2 4 0 73 18 33 2 2 2 0 6 1 4 2 2 12 15 0 9 23 21 3 10 4 0 16 11 25 33 2 10 1 3 13 3 112 100 70 21 4 160 12 7 22 4 14 14 3 14 62 12 12 2 1 16
12 14 8 4 28 39 10 3 24 24 12 82 3 82 352 129 208 67 42 124 1499 5571 9889 5343 1557 3434 237 6 28 30 23 29 148 60 23 4 251 407 3 3215 5659 1539 758 24 3 24 496 14 116 2 5 7 5 24 4 7 10 21 54 9 25 65 102 32 12 1 32 277 29 61 21 143 303 31 87 22 165 2 200 2 30 2 18 39 194 39 123 18 25 21 43 136 20 51 198 93 162 16 94 4 6 5 1 1 1 19 0 5 5 1 13 16 2 5 2 5 14 8 11 7 33 15 41 4 7 3 6 1 7 5 3 1 6 48 1 21 3 3 17 25 0 22 1 1 4 1 2 0 21 3 10 2 2 0 0 2 0 4 2 3 5 5 2 2 6 4 1 5 1 1 4 5 3 10 1 5 1 1 9 0 39 32 11 8 2 45 6 2 3 1 7 3 4 8 25 4 1 1 1 5
4 6 4 0 1 3 1 3 1 3 2 6 12 53 216 317 116 900 210 132 673 750 5343 14421 631 2751 4650 117 69 5 8 2 10 39 369 11 146 106 67 7607 2667 2960 1908 27 2 245 2086 33 230 2 16 13 20 96 6 7 24 30 236 18 218 68 80 96 38 2 172 412 44 80 27 16 40 4 55 32 9 1 33 0 65 6 52 178 108 58 104 42 51 31 83 240 30 72 237 35 4 2 47 6 0 0 0 0 0 1 0 1 0 0 0 0 2 4 11 11 9 40 7 41 34 44 38 2 3 6 10 0 1 8 1 0 1 13 1 6 10 7 13 24 7 21 4 0 2 1 2 0 20 42 7 1 1 0 0 4 0 0 0 1 0 0 0 1 1 4 7 8 1 1 0 1 3 2 1 6 1 5 14 1 6 6 8 2 4 11 4 5 10 1 1 13 5 3 1 0 0 0 0 2
41 31 34 10 32 46 12 11 7 19 8 75 1 5 18 15 24 13 13 16 341 8830 1557 631 5785 873 264 18 162 33 33 10 64 12 16 0 29 60 2 4066 492 55 396 13 1 7 3667 8 15 2 17 16 77 305 45 52 97 18 15 1 14 37 181 121 55 0 685 333 35 43 4 53 65 33 115 10 28 3 61 3 24 0 435 1333 1839 1551 2902 7 10 8 22 45 19 20 127 72 24 12 5310 1215 1 2 0 0 0 4 1 3 2 0 2 5 7 3 2 9 14 19 32 3 84 22 83 9 7 4 5 1 0 13 2 0 2 20 3 14 5 11 30 62 2 37 2 2 6 4 2 0 30 5 11 0 0 1 0 1 0 0 3 0 2 2 0 0 5 16 1 10 0 1 3 0 5 10 0 1 0 2 6 1 18 30 17 7 1 33 2 5 4 3 2 1 1 5 2 0 2 1 1 3
1 0 1 1 0 1 0 0 0 0 0 1 0 3 6 5 16 6 13 14 64 622 3434 2751 873 4328 183 1 4 1 0 0 2 0 7 1 12 17 0 2916 550 70 116 7 0 2 113 1 11 0 3 2 2 7 1 2 1 0 5 0 6 9 14 1 2 0 9 12 0 6 0 0 7 2 1 0 4 0 6 0 4 0 5 16 18 6 6 2 1 2 8 6 1 2 13 3 0 0 11 0 0 0 0 0 0 0 0 0 0 0 0 0 5 0 1 2 4 13 3 0 13 6 25 0 0 2 3 0 1 1 0 0 0 4 1 1 2 0 6 8 1 13 0 0 0 1 1 0 11 1 0 0 1 0 0 1 0 0 0 0 0 0 0 0 0 4 0 0 1 0 0 0 0 1 0 0 0 1 2 0 0 4 6 0 0 5 0 0 1 0 0 3 0 0 1 0 0 1 0 1
8 10 8 0 11 7 12 3 5 4 0 11 14 932 2090 1386 336 1307 726 344 92 374 237 4650 264 183 21936 6226 364 54 30 5 30 147 3221 271 899 150 145 3350 390 87 685 22 0 62 2267 7 22 1 9 9 76 185 20 14 149 133 713 64 21 16 44 661 352 0 735 1088 58 18 5 6 50 9 287 10 5 1 24 0 14 1 117 321 145 141 105 5 9 6 15 32 8 15 56 60 3 14 90 18 0 0 0 0 0 0 0 0 0 0 2 3 23 27 23 42 17 305 17 279 124 526 137 4 5 4 4 0 8 65 0 0 1 8 1 6 43 4 40 33 17 42 13 0 5 5 3 0 56 61 6 1 0 0 0 0 1 0 0 0 0 0 0 0 5 4 6 13 5 7 3 1 0 6 1 6 1 0 19 1 11 22 23 2 2 27 0 1 6 0 3 1 3 6 0 0 0 0 0 3
2 6 1 1 9 6 2 3 0 1 0 2 10 787 3376 10559 272 724 226 73 14 23 6 117 18 1 6226 4389 257 55 40 3 16 95 295 141 661 94 1151 88 91 8 222 6 0 68 259 4 3 0 3 1 18 80 9 4 189 192 459 24 8 5 51 2061 1186 0 456 768 220 2 2 4 24 4 461 5 2 0 7 1 5 0 30 92 26 21 27 5 3 3 11 15 2 4 15 87 1 12 14 3 0 0 0 0 1 0 0 2 0 0 0 0 3 13 59 7 7 243 7 518 37 305 43 0 0 3 2 1 6 38 0 0 1 6 1 9 13 1 13 12 85 10 26 1 3 2 1 2 12 151 4 2 1 0 0 1 0 0 1 1 0 0 0 0 7 1 21 13 3 2 1 1 5 3 0 26 0 0 13 2 6 8 10 1 4 14 0 1 4 0 0 4 0 3 1 0 1 0 0 0
6771 1663 679 226 1338 945 4365 791 282 586 170 1015 3 51 50 216 7 42 6 2 82 164 28 69 162 4 364 257 26156 14145 3471 209 644 210 63 7 33 46 68 37 163 9 182 9 3 15 163 48 12 3 22 44 1674 3789 457 39 988 249 18 12 42 230 801 243 478 2 5570 527 734 70 38 604 202 66 2503 36 326 4 595 3 48 5 912 585 210 41 454 21 29 17 89 50 12 28 166 2409 278 5167 65 360 28 13 38 37 12 112 15 30 67 27 89 105 1 1 7 3 13 8 5 7 28 6 9 16 26 3 5 0 0 4 16 13 51 237 5 136 4 0 74 115 8 18 2 17 40 5 13 1 15 28 10 0 6 7 0 8 0 10 1 1 28 31 6 18 53 6 10 7 4 8 30 30 71 20 6 7 2 0 51 13 215 70 30 38 12 227 5 2 9 6 42 13 4 42 137 16 17 5 0 20
5277 3105 307 238 4734 2051 1206 380 150 335 158 1854 2 9 16 53 1 16 3 1 146 230 30 5 33 1 54 55 14145 15939 12636 376 893 37 7 0 9 17 19 4 295 4 42 4 3 7 13 15 5 1 25 45 209 517 138 79 1302 64 1 1 17 68 184 28 112 1 755 27 253 25 22 294 76 8 657 19 109 2 306 6 48 3 529 460 518 72 38 11 13 6 31 74 29 16 42 2606 130 1621 41 186 25 12 25 36 6 78 13 29 50 23 68 82 1 0 3 1 2 1 0 5 8 3 2 9 6 2 0 0 0 1 15 6 27 115 2 53 0 1 14 27 2 8 0 8 24 0 6 1 5 17 5 2 1 2 0 2 1 6 4 3 18 22 2 15 19 4 4 0 3 2 19 10 14 1 1 3 1 2 16 0 98 21 8 8 2 63 8 1 3 6 27 4 1 15 63 16 4 3 0 3
481 603 94 430 6240 3766 530 132 63 128 206 3007 0 4 13 95 3 17 3 1 201 300 23 8 33 0 30 40 3471 12636 12441 440 1053 69 2 4 8 34 19 3 489 7 35 2 0 13 15 17 12 2 29 50 181 473 115 63 6271 81 4 1 32 57 142 25 78 1 1896 32 306 16 25 165 114 13 1690 26 48 1 278 5 37 2 518 634 771 216 124 10 9 1 23 71 39 9 24 5910 81 739 204 3707 12 5 12 17 6 62 3 16 20 7 45 62 0 0 2 2 1 2 4 7 4 2 1 2 6 0 1 1 0 3 6 2 16 52 1 18 1 1 8 14 2 5 2 4 15 0 4 1 3 24 2 3 1 2 0 4 1 2 1 0 7 7 1 11 16 0 5 4 2 1 10 2 5 2 3 3 1 3 20 4 49 12 6 12 2 32 4 1 2 1 14 3 3 13 34 8 7 3 1 4
52 59 15 17 448 2317 58 18 22 35 24 341 4 4 1 15 2 24 1 1 54 196 29 2 10 0 5 3 209 376 440 7617 7375 2815 0 1 19 74 5 3 91 1 8 3 0 18 8 5 0 0 3 9 25 79 19 11 18 5676 32 12 15 7 11 8 3 0 126 56 46 2 1 662 841 11 1766 6 48 0 409 0 4 0 72 61 92 10 5 2 5 1 12 13 0 2 6 5572 57 71 16 3 9 2 11 10 1 24 2 4 11 8 15 25 1 0 0 1 1 4 1 4 9 6 6 4 1 0 0 0 0 0 2 4 11 37 1 21 1 3 12 17 1 5 1 1 8 0 0 0 9 12 3 1 0 1 0 0 1 6 1 0 5 6 0 7 9 0 0 3 1 1 8 2 4 1 1 1 1 0 4 0 32 24 9 5 3 33 1 1 2 3 2 1 0 6 24 6 6 1 0 1
238 241 79 82 1170 2982 207 65 103 284 265 4589 5 8 8 27 9 93 18 3 235 811 148 10 64 2 30 16 644 893 1053 7375 17418 4431 12 2 246 1915 11 9 283 9 33 7 0 76 34 4 7 2 21 21 83 194 40 36 39 3088 158 17 42 15 39 18 24 0 298 333 56 5 2 2435 4979 119 2430 25 305 10 1063 2 14 1 203 215 299 43 16 5 5 1 25 36 12 5 10 6020 521 234 62 6 38 15 48 30 9 128 11 36 81 37 96 158 2 2 2 5 21 9 10 9 68 20 23 25 38 7 13 0 1 5 18 14 62 197 16 148 5 6 103 231 2 30 0 14 44 4 4 1 38 18 12 1 1 4 0 3 1 13 2 2 33 57 4 15 42 12 4 5 0 5 32 24 46 14 1 7 7 0 16 5 169 91 57 43 1 210 2 2 3 10 51 5 1 28 115 20 16 5 1 15
28 30 22 1 36 75 18 7 5 13 4 41 0 70 57 71 25 21 3 7 39 167 60 39 12 0 147 95 210 37 69 2815 4431 8477 158 34 3475 488 14 33 117 2 33 3 0 4 235 0 2 0 9 8 49 136 39 22 16 7187 3753 2731 6 8 21 88 68 0 190 3106 52 8 3 217 1315 108 3020 4 48 3 162 1 6 0 132 157 104 27 14 1 0 0 3 21 4 3 15 1313 21 11 20 1 2 4 7 4 5 21 1 9 7 6 7 17 0 3 0 4 28 6 14 7 87 9 23 24 45 12 18 1 1 13 18 7 16 133 24 157 4 7 145 263 5 40 1 10 49 4 2 0 65 10 30 1 0 1 0 0 1 7 0 1 16 17 0 7 50 22 5 5 2 0 18 24 37 37 1 3 6 1 4 4 88 137 68 56 1 201 2 0 0 8 33 0 2 29 59 2 23 7 3 25
4 0 3 1 2 0 1 3 1 0 1 2 2 1917 1006 163 367 70 81 167 9 59 23 369 16 7 3221 295 63 7 2 0 12 158 6100 2688 1811 134 20 366 55 10 188 6 0 2 1263 6 1 0 5 1 12 39 4 1 28 40 2921 148 4 4 25 153 110 0 171 298 93 2 1 3 15 5 109 2 0 0 4 0 6 0 15 64 25 18 9 1 1 1 2 1 1 6 18 13 4 1 9 2 0 0 0 0 0 0 0 0 1 0 1 1 19 6 2 32 11 94 17 36 71 167 116 2 3 4 3 2 12 32 0 0 0 9 0 6 30 5 33 21 2 36 4 1 4 6 0 0 37 22 8 2 1 0 1 1 0 0 0 0 0 0 0 0 2 8 1 13 4 0 0 0 3 7 2 1 0 1 4 1 4 15 11 3 1 18 1 1 1 2 0 3 3 0 0 0 1 0 0 3
0 0 0 0 0 0 0 0 0 0 0 1 0 5192 1341 67 888 11 5 13 2 5 4 11 0 1 271 141 7 0 4 1 2 34 2688 1644 1307 35 10 4 21 2 10 1 0 1 89 1 0 0 0 0 1 5 1 0 6 28 888 24 1 5 5 40 56 0 7 40 55 2 2 0 3 0 35 0 0 0 0 0 0 0 1 2 0 0 1 0 0 0 0 0 1 0 2 5 0 0 0 1 0 0 0 0 0 0 0 0 0 0 0 3 1 0 0 4 0 12 3 5 7 6 8 0 1 0 1 0 0 4 0 0 0 0 0 1 0 1 4 9 0 4 1 0 3 0 1 0 5 1 2 0 0 0 0 0 0 0 0 0 0 0 0 0 0 3 0 1 2 0 0 0 1 1 0 0 0 1 1 0 0 5 2 1 0 2 1 0 0 1 0 0 1 0 0 0 0 0 0 1
11 25 25 5 11 17 2 2 0 10 0 32 4 2239 2468 1322 4617 673 149 192 27 230 251 146 29 12 899 661 33 9 8 19 246 3475 1811 1307 4682 2353 152 116 839 29 160 8 3 75 440 20 9 0 9 5 7 12 8 4 7 612 4557 648 93 48 152 360 417 2 23 1157 625 9 14 12 165 109 237 37 14 9 36 0 15 1 34 28 56 12 9 7 7 8 30 17 2 8 36 66 11 2 7 0 6 4 4 0 7 7 2 20 3 3 4 17 26 13 21 40 104 50 94 45 245 82 186 48 68 18 60 10 31 32 8 14 15 107 28 139 40 30 201 377 22 210 16 7 31 12 3 1 134 66 78 3 5 0 0 3 1 6 1 2 8 21 0 6 39 77 16 43 7 10 21 35 45 77 3 20 3 1 29 4 82 159 85 61 6 233 5 3 5 18 25 11 6 25 44 5 48 11 3 44
17 22 30 6 23 60 8 4 2 18 8 42 326 94 207 595 1548 2362 5233 618 82 439 407 106 60 17 150 94 46 17 34 74 1915 488 134 35 2353 16373 47 65 760 41 157 1383 15 1492 159 24 22 5 3 19 17 47 9 11 9 368 593 47 282 29 78 101 52 6 41 497 121 11 14 47 7387 581 376 76 135 64 200 3 23 5 46 69 79 22 7 24 48 27 310 34 6 9 87 409 33 10 27 3 10 12 12 8 27 20 1 46 14 5 13 48 130 68 125 195 263 295 248 243 896 870 529 185 255 83 258 32 112 227 27 44 38 281 83 392 172 84 713 919 65 809 41 21 176 46 36 8 634 249 267 17 9 4 3 20 5 14 1 1 27 56 8 11 115 238 57 114 38 30 84 72 98 257 17 59 14 6 110 25 282 538 489 165 22 883 9 5 12 41 65 27 28 66 168 12 86 21 22 119
0 2 1 0 6 5 1 0 0 0 0 1 18 42 230 3605 39 6480 85 29 3 9 3 67 2 0 145 1151 68 19 19 5 11 14 20 10 152 47 11214 5 152 33 318 4 2 306 26 157 13 1 3 0 3 12 2 2 37 75 65 3 10574 160 343 2463 8562 2 80 122 8461 32 119 3 28 1 179 1667 2 1 7 1 92 3 12 16 8 4 6 37 62 19 224 25 6 12 68 89 3 1 2 3 0 1 0 0 0 0 0 0 1 1 0 1 1 4 165 0 3 53 3 270 18 83 5 0 1 0 0 2 1 16 3 6 1 5 1 2 0 0 12 16 169 0 49 1 0 10 86 15 22 760 1 6 8 0 0 18 0 0 0 1 1 1 0 1 6 0 202 69 17 40 1 6 6 6 9 231 3 8 277 46 3 15 4 7 103 7 10 2 26 1 1 38 12 10 1 0 1 0 1 1
1 5 3 0 1 6 2 0 0 0 1 6 1 26 80 68 91 93 70 81 167 1407 3215 7607 4066 2916 3350 88 37 4 3 3 9 33 366 4 116 65 5 6850 1083 219 1436 17 2 16 3209 7 44 0 1 1 6 36 9 8 14 16 275 17 19 43 143 141 36 1 88 245 25 40 10 5 34 15 13 11 2 5 18 1 13 2 39 105 90 50 72 9 23 11 31 47 9 27 203 5 2 1 50 4 0 0 1 1 0 0 0 0 0 0 0 2 15 11 2 39 39 77 58 11 188 96 213 9 19 15 26 6 21 30 1 5 0 16 4 10 29 21 69 70 5 79 7 1 7 5 3 0 72 10 12 1 1 1 0 2 0 1 2 2 1 2 0 0 5 41 1 18 2 0 2 0 4 18 0 3 0 4 8 1 11 28 23 9 3 40 2 1 8 0 4 6 8 3 4 0 2 2 0 2
748 603 641 153 264 435 213 237 55 227 64 584 18 219 1228 1449 851 1295 347 444 1133 996 5659 2667 492 550 390 91 163 295 489 91 283 117 55 21 839 760 152 1083 7443 3769 2674 105 36 447 446 263 1254 28 426 488 13 65 981 1542 58 130 87 10 560 349 310 119 91 15 108 380 259 459 192 230 417 64 391 207 236 7 349 54 669 37 753 170 1582 110 160 286 320 175 870 1939 457 495 1113 492 189 114 115 21 4 2 14 12 3 25 2 8 12 4 20 29 2 3 13 9 9 32 7 56 33 42 26 5 9 5 6 0 2 7 1 2 14 62 2 49 4 4 38 49 12 22 9 4 14 9 28 0 26 65 10 8 26 1 3 23 19 11 60 41 5 11 0 4 18 11 17 8 15 12 12 5 22 9 9 23 23 32 113 21 66 38 14 18 38 71 59 48 160 7 7 86 29 14 38 5 6 4 0 12
2 2 1 0 1 3 0 2 0 1 0 2 5 21 123 211 65 210 51 59 48 140 1539 2960 55 70 87 8 9 4 7 1 9 2 10 2 29 41 33 219 3769 4738 7570 35 11 141 97 79 822 1 23 10 2 7 5 0 5 8 10 0 237 74 74 20 13 2 27 26 68 77 44 4 22 2 17 87 5 3 9 0 90 6 9 21 20 3 10 49 96 54 348 370 34 120 338 12 11 1 5 0 0 0 0 0 0 0 0 0 0 0 0 0 0 2 3 0 0 4 1 10 7 5 5 1 0 2 1 0 0 0 1 0 0 0 0 0 2 1 1 0 1 1 2 0 1 2 4 0 4 20 1 3 8 1 0 10 1 1 5 4 1 1 0 0 0 2 4 4 7 4 0 0 1 1 3 7 2 9 31 6 2 0 4 0 14 4 9 6 19 0 0 27 5 0 0 0 0 0 0 2
11 5 4 1 9 12 7 1 4 5 2 16 65 46 165 566 122 1998 453 174 81 1059 758 1908 396 116 685 222 182 42 35 8 33 33 188 10 160 157 318 1436 2674 7570 8268 268 73 1547 1273 258 1391 16 51 34 59 194 26 20 85 60 206 18 2759 335 901 3673 447 45 505 601 642 264 134 37 150 31 145 773 22 4 70 7 276 8 155 464 307 169 142 151 434 297 3481 876 86 315 3788 136 12 9 117 17 0 0 0 0 1 0 0 2 1 1 1 0 3 1 36 11 6 41 5 88 38 47 53 1 3 2 4 1 3 10 1 3 3 8 2 8 8 1 18 17 38 18 13 0 3 27 113 1 26 296 4 10 33 2 2 83 3 2 5 17 0 2 0 0 6 5 57 49 40 76 1 8 4 5 44 136 7 34 442 103 5 8 12 7 108 20 42 36 90 0 0 191 48 1 3 0 3 0 0 2
1 5 3 0 1 0 3 1 16 3 2 5 4384 2 2 26 39 321 7001 172 2 34 24 27 13 7 22 6 9 4 2 3 7 3 6 1 8 1383 4 17 105 35 268 8914 1347 1961 12 147 25 235 7 45 2 2 1 0 4 4 3 0 121 66 200 41 19 144 11 8 81 18 48 340 4580 1744 8 252 1905 1382 5669 82 125 141 5 7 9 2 4 297 339 414 1818 32 4 15 215 11 148 13 0 0 1 5 2 3 6 4 1 12 2 0 2 13 111 56 292 142 123 735 147 644 914 1842 776 69 69 50 115 13 67 171 8 6 10 117 24 76 103 44 401 286 49 412 35 5 56 31 86 19 649 598 95 20 28 4 5 49 9 3 14 4 6 14 0 4 26 98 101 90 50 143 14 15 28 51 39 90 11 30 368 53 129 311 951 35 71 492 17 34 64 13 19 199 40 16 59 6 22 8 2 36
1 1 2 0 1 1 4 5 99 3 0 2 1616 0 3 5 1 15 63 7 2 5 3 2 1 0 0 0 3 3 0 0 0 0 0 0 3 15 2 2 36 11 73 1347 6690 744 0 38 29 2365 13 96 3 7 2 0 0 1 2 0 18 36 52 8 6 2881 3 1 44 15 26 49 46 719 2 28 2474 1710 482 195 324 864 2 3 1 0 0 1275 376 1447 1871 15 5 11 90 0 1220 93 0 0 0 0 1 1 0 1 0 0 0 0 2 4 0 0 28 3 1 3 0 7 16 9 9 0 0 3 5 0 2 0 6 1 0 3 1 3 1 0 16 12 9 14 9 0 1 52 225 4 36 489 2 21 96 6 4 180 14 3 35 23 1 5 0 0 3 2 55 99 58 494 0 2 6 6 115 145 8 71 1231 229 5 8 12 12 191 17 58 390 236 0 1 584 96 10 4 2 0 0 2 1
2 4 1 0 7 9 1 1 4 3 1 12 2449 3 12 187 178 8202 7375 284 4 46 24 245 7 2 62 68 15 7 13 18 76 4 2 1 75 1492 306 16 447 141 1547 1961 744 10191 15 108 41 11 5 10 2 7 0 0 13 27 7 0 289 100 281 1260 261 194 34 10 432 46 62 147 1140 64 35 278 138 22 489 0 74 13 7 16 7 7 1 85 153 86 2661 94 10 34 256 92 59 7 1 1 0 1 0 0 4 1 1 3 1 1 1 5 2 19 1603 8 9 109 5 1117 141 301 21 1 6 1 3 12 3 17 14 17 10 38 9 27 4 1 92 60 627 17 266 3 8 75 735 89 306 5985 8 21 45 5 3 73 2 7 7 13 4 14 0 6 31 4 1150 438 60 1471 6 35 40 21 67 956 5 38 1569 233 20 81 121 36 437 57 29 22 97 4 6 149 77 28 10 2 5 3 4 3
14 20 24 3 14 16 11 4 4 7 0 20 2 198 156 106 81 49 52 67 166 1270 496 2086 3667 113 2267 259 163 13 15 8 34 235 1263 89 440 159 26 3209 446 97 1273 12 0 15 8184 7 25 1 7 4 73 200 17 24 86 83 1115 67 29 52 341 607 273 1 549 1985 175 29 10 11 66 58 153 13 14 5 28 0 16 0 136 514 287 265 1464 9 11 7 36 27 9 21 235 23 5 5 247 58 2 1 1 1 5 0 1 3 3 1 2 7 17 6 1 37 77 57 75 6 220 73 223 24 22 12 32 9 9 30 3 1 3 37 8 51 22 21 109 170 5 117 6 5 28 6 4 0 96 12 26 3 2 1 1 2 0 0 0 0 1 7 0 2 13 47 4 24 8 3 6 7 11 21 1 4 0 2 8 2 32 77 31 24 2 78 0 1 8 11 7 8 5 8 7 0 9 4 1 8
5 4 10 0 11 11 2 0 2 0 0 4 30 1 20 89 5 324 49 12 3 42 14 33 8 1 7 4 48 15 17 5 4 0 6 1 20 24 157 7 263 79 258 147 38 108 7 11582 192 22 7 22 7 20 2 2 31 22 16 0 651 2688 676 37 97 29 71 16 3916 194 3572 7 41 9 49 5288 26 5 29 12 800 25 9 31 18 11 4 1961 2189 294 1853 138 14 128 775 51 12 7 7 2 1 0 0 0 0 0 0 0 0 0 0 0 0 0 4 4 0 5 2 9 2 4 4 1 0 5 5 0 0 1 0 2 0 1 0 1 2 0 5 0 5 5 3 2 0 24 41 2 10 65 2 81 183 5 7 197 10 12 44 105 0 1 0 1 0 4 11 32 99 42 1 4 4 3 53 33 62 189 425 37 1 4 10 5 101 8 233 196 754 0 0 656 191 1 3 1 0 1 0 3
25 14 14 2 9 10 2 6 1 4 0 13 5 7 24 90 21 122 38 31 9 101 116 230 15 11 22 3 12 5 12 0 7 2 1 0 9 22 13 44 1254 822 1391 25 29 41 25 192 6870 17 107 74 1 8 9 8 2 5 3 0 79 237 190 32 11 6 19 14 105 394 157 2 13 10 15 91 10 2 8 11 401 30 15 25 20 3 6 191 245 114 286 5131 284 1889 5874 24 7 1 5 1 0 0 0 0 0 0 0 0 0 0 0 0 0 1 0 0 2 5 0 7 5 2 5 0 0 1 0 0 0 0 0 0 0 1 0 0 0 0 1 2 1 1 1 1 0 2 2 0 1 12 0 7 7 0 0 10 2 0 13 17 0 0 0 0 1 1 1 3 4 4 0 0 0 0 5 8 8 28 43 6 1 1 0 0 9 4 33 18 67 0 0 63 7 1 0 0 0 0 0 0
1 5 5 0 1 1 5 2 55 3 1 0 141 1 0 4 0 4 11 1 0 7 2 2 2 0 1 0 3 1 2 0 2 0 0 0 0 5 1 0 28 1 16 235 2365 11 1 22 17 5489 164 1032 1 5 11 3 0 0 0 0 10 25 17 1 1 542 3 1 17 26 30 17 22 940 0 16 1253 520 145 2158 743 5777 5 1 4 1 1 2914 319 2424 222 80 41 14 52 3 759 27 0 0 0 0 0 1 1 0 0 0 1 0 0 2 0 0 0 1 1 0 1 0 9 3 2 1 2 2 5 1 0 1 1 2 0 1 0 0 0 0 2 1 1 6 1 2 1 26 42 3 8 62 2 24 84 5 3 152 84 27 189 92 1 0 1 0 0 0 1 19 32 41 0 0 2 2 48 39 24 99 627 33 2 3 1 3 92 5 115 1255 439 0 0 626 82 1 5 2 0 0 0 0
93 49 59 7 20 23 42 32 20 27 4 25 1 0 2 14 3 13 9 6 8 14 5 16 17 3 9 3 22 25 29 3 21 9 5 0 9 3 3 1 426 23 51 7 13 5 7 7 107 164 11837 16655 8 16 373 137 4 3 1 0 12 16 11 4 5 55 11 12 7 124 18 13 10 256 16 2 103 30 12 1090 1070 141 257 24 57 7 19 172 37 36 20 6577 3746 211 116 30 72 33 5 4 2 0 0 0 0 1 1 2 1 0 0 0 0 0 0 0 1 0 0 0 1 0 1 0 1 0 0 0 0 0 0 0 0 5 1 2 0 1 2 3 0 0 0 4 1 1 1 0 2 2 0 3 7 2 0 7 401 130 777 179 2 0 0 0 0 0 0 0 0 13 0 0 1 0 1 1 41 24 17 2 1 2 11 1 1 13 163 48 137 0 0 16 13 2 2 0 0 0 0 1
129 70 99 6 29 46 67 61 38 45 5 48 9 0 2 3 3 17 9 6 5 10 7 13 16 2 9 1 44 45 50 9 21 8 1 0 5 19 0 1 488 10 34 45 96 10 4 22 74 1032 16655 24734 27 38 609 195 4 12 2 2 13 56 42 11 6 399 24 19 16 753 45 19 14 1098 44 12 444 180 61 10415 5807 1412 431 45 87 10 18 1181 213 295 88 3196 4661 204 171 31 314 67 13 5 2 1 2 2 0 1 0 8 4 1 0 0 0 0 1 2 0 1 0 1 6 3 0 2 0 0 2 0 0 1 0 1 0 10 0 6 0 0 6 11 0 1 0 5 2 12 9 0 18 6 1 15 47 18 4 56 1344 988 4315 892 1 2 1 0 0 0 0 3 15 102 1 1 0 1 6 6 263 154 79 7 8 6 79 1 5 72 1201 344 1046 0 2 96 71 1 26 1 0 1 0 2
308 98 136 12 74 66 358 197 67 133 23 125 1 6 1 19 0 1 0 1 7 32 5 20 77 2 76 18 1674 209 181 25 83 49 12 1 7 17 3 6 13 2 59 2 3 2 73 7 1 1 8 27 9737 11315 4179 19 56 40 1 3 8 29 114 42 67 2 142 111 52 5 3 62 35 17 338 2 50 1 93 1 7 2 2173 385 29 24 155 2 3 3 6 9 9 6 27 149 74 1983 55 87 4 1 7 1 1 9 0 5 5 4 7 13 0 0 2 0 1 1 0 0 4 0 0 2 6 0 0 0 0 0 0 1 4 29 0 24 0 0 21 15 0 1 0 1 5 0 1 0 4 0 3 0 0 0 0 0 0 0 2 1 0 2 0 4 7 1 0 1 0 0 2 6 16 2 0 0 0 0 0 0 24 16 5 9 0 38 0 0 0 1 2 1 0 9 18 3 1 1 0 1
608 258 327 45 187 224 659 326 167 228 39 288 1 16 21 39 3 14 1 0 21 91 24 96 305 7 185 80 3789 517 473 79 194 136 39 5 12 47 12 36 65 7 194 2 7 7 200 20 8 5 16 38 11315 9761 1751 22 276 138 20 10 17 92 351 158 165 2 815 463 174 32 17 151 115 37 1078 8 144 4 207 3 25 3 3123 4517 232 179 691 4 16 8 48 20 11 10 102 404 129 3762 246 362 8 4 11 8 3 19 4 13 14 11 20 40 1 1 1 1 3 2 2 3 13 1 9 4 12 2 5 0 1 0 9 3 19 77 3 51 0 1 30 36 4 15 1 3 11 2 4 0 12 3 4 0 0 0 0 0 0 3 3 1 6 8 1 4 21 3 4 1 1 1 5 9 20 6 1 7 0 0 13 4 64 30 7 16 2 70 3 3 4 0 12 3 0 16 39 1 9 0 2 8
253 113 146 12 44 63 233 158 61 118 17 83 0 1 1 7 1 2 0 0 5 29 4 6 45 1 20 9 457 138 115 19 40 39 4 1 8 9 2 9 981 5 26 1 2 0 17 2 9 11 373 609 4179 1751 15001 677 23 24 6 2 4 17 35 21 23 7 52 44 26 13 1 37 21 20 137 1 33 0 55 45 66 5 3496 121 101 11 77 10 3 5 5 437 93 11 19 77 43 826 17 38 2 0 0 0 0 7 0 1 4 0 2 7 0 0 1 0 1 1 1 1 4 1 0 1 2 5 1 0 0 0 1 0 5 14 0 12 0 1 9 11 1 1 0 2 4 0 1 0 4 0 1 0 0 0 0 0 14 6 23 5 0 2 0 1 0 1 0 1 0 1 1 1 6 3 0 0 2 1 2 0 14 6 7 5 1 21 5 1 6 1 0 0 1 2 14 1 1 0 0 3
207 121 111 20 47 72 86 91 22 51 13 85 0 1 0 1 0 4 0 0 546 127 7 7 52 2 14 4 39 79 63 11 36 22 1 0 4 11 2 8 1542 0 20 0 0 0 24 2 8 3 137 195 19 22 677 2452 5 14 2 1 8 5 25 9 6 2 17 32 13 11 3 21 18 14 65 2 14 0 38 19 41 3 5140 88 1760 100 34 5 3 2 5 242 60 11 23 73 15 72 46 16 1 1 1 0 1 2 1 0 2 0 0 1 0 0 0 0 2 1 1 0 0 0 2 1 0 1 1 0 0 2 2 0 1 9 1 8 0 1 3 11 0 1 0 0 2 0 1 0 3 1 1 0 0 1 0 0 9 1 10 2 0 0 0 0 2 0 0 0 0 0 1 2 2 1 0 0 0 0 0 0 6 3 7 3 0 7 3 0 4 2 0 1 0 3 4 2 0 0 0 1
49 51 36 19 255 153 25 9 4 15 4 53 0 29 31 142 1 15 5 2 15 39 10 24 97 1 149 189 988 1302 6271 18 39 16 28 6 7 9 37 14 58 5 85 4 0 13 86 31 2 0 4 4 56 276 23 5 8424 254 14 3 24 99 335 129 393 1 4692 348 461 25 18 21 29 10 8852 14 14 0 32 1 11 2 124 1147 75 761 1305 1 15 7 40 13 4 9 63 6575 13 28 1546 4431 1 0 3 0 1 3 0 2 2 1 3 4 1 1 2 1 1 0 2 4 6 3 7 1 1 1 3 0 0 0 0 0 3 12 0 11 1 0 4 13 1 2 2 0 3 1 7 1 7 13 4 0 2 0 0 5 0 0 1 0 1 1 0 1 0 1 4 2 1 3 0 1 2 2 3 6 0 0 29 4 8 4 4 1 6 16 1 3 4 1 0 9 0 4 6 1 1 0 0 0
18 19 13 5 36 68 23 6 4 8 4 70 0 108 145 423 44 129 8 8 30 109 21 30 18 0 133 192 249 64 81 5676 3088 7187 40 28 612 368 75 16 130 8 60 4 1 27 83 22 5 0 3 12 40 138 24 14 254 6209 778 1921 64 23 64 94 169 0 324 2452 398 7 20 608 1300 24 3968 43 22 1 412 0 15 2 120 126 86 19 16 3 7 5 22 17 8 3 17 715 19 14 24 39 4 1 4 0 3 4 2 3 5 0 1 11 2 0 13 1 14 6 7 38 39 23 19 6 13 1 6 1 0 4 6 5 6 40 4 39 5 7 35 73 13 8 6 2 18 0 6 0 11 60 6 1 1 0 0 2 0 2 0 1 2 6 0 3 14 6 16 1 1 4 10 7 12 15 1 3 2 0 22 5 35 44 25 13 7 61 0 1 6 3 4 8 1 11 9 2 5 0 0 1
8 10 16 2 4 17 1 1 2 6 1 13 0 666 294 249 102 21 14 18 27 143 54 236 15 5 713 459 18 1 4 32 158 3753 2921 888 4557 593 65 275 87 10 206 3 2 7 1115 16 3 0 1 2 1 20 6 2 14 778 6086 2015 10 22 107 256 293 0 34 1003 332 6 8 2 122 39 224 10 3 4 10 0 15 0 18 22 23 4 8 2 7 1 16 6 2 5 30 17 2 2 8 1 6 1 1 1 1 4 0 4 0 2 3 4 6 1 1 19 44 17 33 7 125 27 84 15 12 5 23 2 7 8 3 2 2 25 10 54 12 14 62 138 6 66 5 2 12 5 1 0 60 16 14 1 0 2 0 0 0 1 0 0 2 2 0 5 12 22 6 6 1 2 6 6 6 24 1 3 3 0 12 4 25 70 28 9 4 69 2 0 4 7 2 5 3 13 12 0 10 2 0 21
1 2 2 0 1 2 2 1 0 0 0 4 0 38 30 31 15 2 1 1 1 20 9 18 1 0 64 24 12 1 1 12 17 2731 148 24 648 47 3 17 10 0 18 0 0 0 67 0 0 0 0 2 3 10 2 1 3 1921 2015 712 0 4 9 18 19 0 13 788 21 1 0 6 22 7 208 0 3 1 10 0 2 0 5 17 6 2 0 2 0 0 2 2 0 0 3 2 2 2 1 1 2 1 0 0 1 3 1 0 1 1 1 1 0 0 1 1 7 0 2 0 17 2 3 1 3 2 4 0 2 3 0 1 0 17 3 13 0 0 8 30 0 7 1 2 7 0 0 0 5 2 4 0 0 0 0 0 0 0 0 0 2 1 0 3 4 2 0 1 0 1 5 2 1 5 0 0 1 0 1 0 11 15 10 8 0 23 1 0 0 1 2 0 0 2 2 0 1 1 1 4
2 2 1 1 13 13 2 1 3 1 2 6 28 4 36 270 53 7289 177 104 4 49 25 218 14 6 21 8 42 17 32 15 42 6 4 1 93 282 10574 19 560 237 2759 121 18 289 29 651 79 10 12 13 8 17 4 8 24 64 10 0 17926 438 951 1326 344 20 74 26 6311 132 277 54 243 8 110 12389 20 3 125 0 215 5 12 35 20 12 3 146 478 62 3500 134 19 67 711 137 9 1 10 4 0 2 0 0 3 1 0 1 1 0 0 1 0 1 362 3 4 19 3 107 55 56 11 3 7 2 3 3 1 3 3 12 5 16 4 10 0 2 48 23 112 5 92 4 3 58 544 26 134 1579 12 14 49 8 2 140 1 6 2 9 2 9 0 4 17 3 379 250 64 286 11 26 22 14 64 547 11 44 1068 243 11 31 13 28 319 33 17 38 97 4 3 201 59 12 6 1 2 1 3 5
8 3 6 0 21 21 5 3 1 3 1 12 15 7 39 130 17 403 82 30 11 195 65 68 37 9 16 5 230 68 57 7 15 8 4 5 48 29 160 43 349 74 335 66 36 100 52 2688 237 25 16 56 29 92 17 5 99 23 22 4 438 10245 9384 317 518 7 329 72 3226 7807 4108 14 31 6 87 530 9 1 6 20 2177 67 54 146 82 39 20 351 365 214 697 213 67 1822 2658 127 4 12 37 5 0 0 1 0 0 0 0 3 0 1 0 0 2 1 4 3 3 7 2 12 4 16 13 0 0 5 0 1 5 2 1 2 0 0 0 0 2 1 5 4 2 6 2 3 2 29 23 1 10 59 2 63 172 9 7 90 29 15 49 123 0 0 0 1 0 2 8 23 64 28 0 1 2 2 42 28 79 214 299 29 0 0 7 4 68 7 276 143 854 0 0 372 150 2 4 0 0 0 0 1
23 16 7 1 41 48 23 5 2 6 3 23 32 30 123 286 52 559 195 67 71 535 102 80 181 14 44 51 801 184 142 11 39 21 25 5 152 78 343 143 310 74 901 200 52 281 341 676 190 17 11 42 114 351 35 25 335 64 107 9 951 9384 21279 6215 6848 19 1359 464 7089 1576 811 15 88 13 245 811 25 1 36 3 683 16 210 627 270 200 105 176 523 245 2274 172 40 741 4355 252 15 25 129 30 0 0 1 0 0 1 0 0 0 0 0 0 2 3 13 5 3 29 4 37 16 56 21 0 3 1 2 0 1 7 0 1 1 2 1 2 0 0 5 13 11 5 4 1 0 20 89 5 15 147 5 34 81 3 1 112 9 4 14 40 0 1 0 0 1 3 26 42 44 55 0 2 3 4 61 77 27 81 405 76 2 11 12 4 115 16 87 59 309 0 0 314 85 2 0 0 0 0 0 1
8 5 4 0 5 9 8 4 1 3 1 9 48 102 260 1443 95 1997 336 57 29 226 32 96 121 1 661 2061 243 28 25 8 18 88 153 40 360 101 2463 141 119 20 3673 41 8 1260 607 37 32 1 4 11 42 158 21 9 129 94 256 18 1326 317 6215 4146 5282 1 613 824 454 149 36 8 75 11 221 96 4 3 28 0 35 0 92 371 142 129 82 25 62 28 524 30 10 94 876 93 3 6 74 22 0 1 0 0 0 1 0 1 0 0 0 1 5 2 85 5 3 79 8 244 34 105 29 1 3 0 0 2 4 5 2 0 2 10 2 9 5 2 13 17 84 17 25 0 1 7 65 4 23 407 4 6 11 2 0 13 1 0 0 6 0 1 0 0 2 2 115 38 7 25 2 6 6 1 15 104 2 11 190 32 7 22 8 7 43 13 5 1 16 1 1 24 6 9 1 0 0 0 2 4
8 5 5 3 20 8 13 3 2 1 2 9 12 141 479 1222 87 712 119 42 13 104 12 38 55 2 352 1186 478 112 78 3 24 68 110 56 417 52 8562 36 91 13 447 19 6 261 273 97 11 1 5 6 67 165 23 6 393 169 293 19 344 518 6848 5282 6692 4 926 930 5473 88 119 7 29 5 498 55 4 1 10 1 82 2 89 340 115 106 52 19 63 23 425 19 4 34 394 158 3 14 57 15 0 0 0 0 0 0 0 0 0 0 0 0 3 3 37 3 4 49 2 153 24 65 14 0 0 0 1 1 2 9 2 5 0 5 3 3 4 2 6 8 61 4 13 0 0 10 84 2 14 306 1 10 13 0 1 29 0 1 3 2 2 2 0 3 2 1 66 38 13 28 1 4 7 2 18 104 0 16 263 41 2 5 2 4 71 23 2 5 36 0 0 66 18 4 1 0 0 0 1 0
0 0 3 0 0 1 1 1 14 1 0 1 177 1 0 3 0 6 16 1 0 2 1 2 0 0 0 0 2 1 1 0 0 0 0 0 2 6 2 1 15 2 45 144 2881 194 1 29 6 542 55 399 2 2 7 2 1 0 0 0 20 7 19 1 4 439 2 0 31 9 12 9 12 225 0 31 430 798 72 533 188 421 3 2 0 0 0 268 115 447 1033 28 16 5 43 1 204 3 0 0 0 0 0 1 0 1 0 0 0 0 0 1 0 0 10 0 0 0 1 4 6 4 1 1 1 0 1 0 0 0 0 0 0 0 0 1 1 0 4 3 0 1 0 1 1 5 50 0 6 149 1 3 14 0 0 23 31 10 60 18 0 1 0 0 2 0 12 15 13 692 0 1 0 1 10 16 3 11 163 29 1 4 24 1 26 3 25 52 55 0 1 72 13 0 4 0 0 1 1 0
277 194 222 64 256 267 127 167 52 159 67 302 3 89 96 293 15 40 13 2 38 207 32 172 685 9 735 456 5570 755 1896 126 298 190 171 7 23 41 80 88 108 27 505 11 3 34 549 71 19 3 11 24 142 815 52 17 4692 324 34 13 74 329 1359 613 926 2 9612 1360 1035 93 62 322 143 56 6609 46 224 3 367 1 51 0 421 5673 256 1986 2536 19 61 24 171 34 12 55 269 2733 161 91 945 2187 18 7 15 15 5 44 5 10 23 12 42 47 3 3 3 3 8 8 7 15 26 12 8 13 10 3 9 0 0 3 9 5 23 140 5 100 2 3 50 78 5 15 3 8 31 4 12 0 19 28 13 1 5 3 0 11 0 6 2 1 18 24 1 11 34 5 7 5 3 7 14 19 34 11 6 7 4 3 50 11 128 54 23 51 15 154 4 3 10 2 23 15 7 27 74 10 8 4 0 10
42 56 40 14 22 49 15 12 8 17 6 51 1 312 307 485 48 49 13 12 167 905 277 412 333 12 1088 768 527 27 32 56 333 3106 298 40 1157 497 122 245 380 26 601 8 1 10 1985 16 14 1 12 19 111 463 44 32 348 2452 1003 788 26 72 464 824 930 0 1360 7161 787 29 19 29 282 67 3762 20 13 2 60 1 30 0 327 958 447 517 1591 7 8 6 38 46 9 21 139 49 12 18 476 210 3 2 1 1 1 5 1 7 3 3 2 13 6 2 2 11 81 14 40 14 130 20 92 22 27 6 24 2 2 13 6 6 7 64 18 85 18 14 95 239 5 79 3 4 32 7 11 0 77 29 39 4 2 0 0 3 0 2 0 0 3 6 1 5 31 42 7 4 1 1 18 12 19 27 1 8 0 1 14 8 51 109 59 44 7 137 1 1 10 8 8 7 1 20 20 1 22 4 1 14
14 11 8 6 84 98 24 6 2 10 1 28 14 179 785 1070 106 3104 86 81 23 122 29 44 35 0 58 220 734 253 306 46 56 52 93 55 625 121 8461 25 259 68 642 81 44 432 175 3916 105 17 7 16 52 174 26 13 461 398 332 21 6311 3226 7089 454 5473 31 1035 787 14987 350 1689 27 54 9 1035 6301 14 3 35 4 762 12 107 271 137 68 42 275 519 127 1980 95 27 118 886 881 11 45 40 22 1 1 2 0 1 0 0 1 0 0 0 1 2 2 49 4 4 32 3 90 31 51 15 2 4 1 7 2 3 20 6 13 1 11 5 11 3 0 21 13 30 8 27 5 5 92 488 10 65 911 6 55 150 6 8 361 5 3 16 32 3 10 0 3 15 3 153 205 136 157 3 29 22 14 179 471 28 133 1692 342 8 13 8 26 525 36 117 129 369 2 2 765 210 15 1 1 2 2 2 2
49 22 39 3 14 19 15 16 4 16 2 20 7 1 25 70 10 145 46 17 11 82 61 80 43 6 18 2 70 25 16 2 5 8 2 2 9 11 32 40 459 77 264 18 15 46 29 194 394 26 124 753 5 32 13 11 25 7 6 1 132 7807 1576 149 88 9 93 29 350 4429 2618 7 10 13 32 97 11 3 13 125 4044 331 45 55 58 25 13 357 249 124 368 713 3966 2084 2806 40 10 14 13 5 0 0 0 1 0 2 0 0 0 1 1 0 0 0 1 0 0 7 0 5 0 4 5 0 0 1 3 1 0 1 0 1 0 1 0 2 0 0 2 3 2 3 0 2 4 13 14 0 3 24 0 33 64 6 10 55 122 72 334 401 0 0 0 0 0 0 1 7 28 17 1 0 1 0 20 15 158 190 127 14 1 2 3 1 19 13 477 74 844 0 0 176 95 0 0 0 1 0 0 0
6 7 3 1 6 12 1 6 2 1 0 6 11 3 14 58 4 199 24 9 9 23 21 27 4 0 5 2 38 22 25 1 2 3 1 2 14 14 119 10 192 44 134 48 26 62 10 3572 157 30 18 45 3 17 1 3 18 20 8 0 277 4108 811 36 119 12 62 19 1689 2618 5055 2 11 10 40 610 27 3 10 28 4516 100 6 26 14 10 2 770 287 165 382 164 35 277 667 56 6 3 2 1 0 0 0 0 0 0 0 0 0 0 0 0 0 0 3 1 0 2 1 5 1 7 1 0 1 1 2 0 1 2 0 0 0 0 1 1 0 0 2 1 1 6 1 1 0 21 31 0 4 27 2 46 106 5 6 75 23 17 64 145 0 0 0 0 0 0 6 19 29 16 0 0 0 2 22 22 78 176 210 20 2 2 1 0 37 12 280 94 776 1 0 274 122 0 2 0 1 0 0 0
108 144 143 34 187 369 121 68 241 726 1271 1070 48 1 7 11 3 104 17 3 194 961 143 16 53 0 6 4 604 294 165 662 2435 217 3 0 12 47 3 5 230 4 37 340 49 147 11 7 2 17 13 19 62 151 37 21 21 608 2 6 54 14 15 8 7 9 322 29 27 7 2 4189 3382 381 565 27 1850 135 13124 10 13 13 150 136 214 32 7 18 15 13 53 17 11 5 15 1346 1964 269 54 3 53 15 63 41 21 159 14 39 88 39 132 162 7 2 4 9 32 32 21 18 132 74 93 35 42 12 28 0 6 11 31 13 64 309 12 220 7 7 163 203 10 60 1 28 67 5 11 1 97 18 45 1 0 7 0 4 6 25 4 7 53 44 6 23 51 25 11 8 3 4 39 44 62 34 2 7 12 0 30 5 304 152 149 53 6 335 2 4 3 15 47 5 5 65 162 26 23 4 1 23
43 42 26 10 117 207 22 8 25 28 18 175 194 13 30 129 37 1100 294 18 148 683 303 40 65 7 50 24 202 76 114 841 4979 1315 15 3 165 7387 28 34 417 22 150 4580 46 1140 66 41 13 22 10 14 35 115 21 18 29 1300 122 22 243 31 88 75 29 12 143 282 54 10 11 3382 18785 1342 1235 117 877 290 4648 16 35 15 110 109 154 41 13 41 75 22 327 30 11 7 80 1906 147 29 42 4 22 23 15 14 21 50 0 49 27 15 29 65 72 42 49 105 267 202 218 132 1011 494 570 181 321 75 187 21 66 120 49 48 72 519 84 551 94 79 848 1267 39 552 30 20 193 31 36 5 687 194 231 11 8 3 3 21 6 25 3 6 41 81 4 13 132 186 43 89 19 34 92 106 201 258 13 41 9 5 119 24 466 832 700 279 36 1298 7 10 21 71 92 30 18 95 278 25 112 36 27 154
