47236 11148 17558 7131 2036 4890 10538 14750 649 3417 516 2020 1 0 1 1 0 4 1 1 250 62 12 10 30 1 10 4 9631 9339 612 38 189 7 0 0 2 1 1 1 1764 11 30 2 2 8 11 6 102 3 77 201 751 1943 428 392 92 8 1 0 3 56 30 10 8 0 607 7 18 123 56 31 4 30 65 2 20 0 12 5 126 4 3618 854 1557 724 31 67 34 12 13 396 270 164 226 276 243 2652 153 82 35 17 134 130 24 319 8 12 78 41 133 266 1 0 0 1 1 0 0 0 1 0 3 2 0 0 0 0 0 0 13 4 58 207 0 31 0 0 26 9 0 2 0 9 15 1 0 0 3 3 0 1 2 5 0 0 3 7 1 7 4 2 0 2 18 0 0 2 2 0 10 4 5 2 0 0 2 4 1 0 235 67 17 0 0 163 2 0 7 1 11 2 0 19 206 10 5 1 0 1
11148 14474 3179 13147 1603 4393 96 166 40 555 406 909 0 0 1 0 0 0 0 0 128 35 0 3 10 0 4 0 210 4034 344 3 22 0 0 0 0 2 2 0 665 0 7 0 0 1 2 3 19 2 3 13 25 73 26 74 60 0 0 0 1 5 4 2 0 0 164 3 3 8 4 4 1 8 15 0 2 0 4 0 13 0 506 190 544 321 8 10 4 1 2 32 20 21 20 40 95 58 62 18 29 21 120 123 12 290 12 10 76 26 131 237 0 0 0 0 0 0 0 0 0 0 0 4 0 0 0 0 0 1 15 1 36 153 2 27 0 0 7 1 0 0 0 9 13 0 1 0 3 1 0 0 0 4 0 1 0 2 0 0 4 3 2 8 9 0 0 0 0 0 5 3 1 0 0 0 0 0 1 0 198 36 7 1 0 109 3 0 1 0 14 1 0 13 167 12 2 0 0 0
17558 3179 24280 5334 332 6857 739 17115 563 9504 2041 19877 0 0 0 0 2 3 1 0 262 77 0 8 56 0 9 2 481 650 114 13 44 8 1 0 2 2 1 1 1654 7 21 0 1 2 6 2 48 4 33 99 180 358 123 273 75 6 0 0 0 27 18 2 3 1 369 3 15 79 23 24 2 25 40 2 15 0 10 4 57 6 1759 517 1270 621 29 28 20 3 6 165 117 78 104 100 488 231 150 46 109 52 504 530 58 991 30 57 503 158 431 793 0 0 0 0 3 0 1 2 3 0 2 2 5 0 0 1 0 0 42 1 125 480 0 80 1 2 24 2 0 0 1 23 40 1 1 0 2 0 1 1 1 8 0 4 2 12 2 2 9 7 2 13 34 0 0 0 0 2 18 7 5 2 0 0 3 1 0 0 574 73 22 1 0 348 4 3 8 7 42 0 0 34 516 44 13 3 0 1
7131 13147 5334 15878 7182 11621 357 183 45 280 232 2808 1 0 0 0 0 0 1 0 189 65 1 1 16 0 2 2 270 2111 815 17 78 4 1 0 0 0 0 1 588 1 3 0 1 0 0 3 8 0 4 12 44 77 20 66 82 1 1 0 2 5 3 1 1 0 113 2 2 6 5 6 2 14 26 0 3 0 1 0 8 1 345 125 572 303 9 1 2 1 1 21 16 14 16 86 131 137 78 10 34 19 147 139 15 271 13 14 68 32 129 264 0 0 0 0 2 0 1 0 2 0 0 1 0 0 0 0 0 0 11 1 42 172 0 35 0 0 15 1 0 0 0 7 21 0 0 0 2 0 0 0 0 12 0 1 2 5 0 0 5 2 0 1 13 0 0 0 0 1 5 3 3 0 0 0 1 1 0 0 208 41 4 1 0 111 2 1 0 1 13 1 2 17 171 12 8 2 0 1
2036 1603 332 7182 13322 7361 933 213 44 154 260 3813 0 0 0 8 0 4 0 1 456 272 36 5 78 0 5 13 1752 9630 14534 511 884 47 1 0 39 24 19 5 837 3 23 1 0 3 1 21 17 2 8 36 158 488 81 117 1890 19 4 4 5 75 30 10 19 0 512 13 69 33 30 27 20 31 360 3 12 0 4 1 35 0 1043 341 1055 763 29 14 3 0 3 56 49 25 52 3323 125 600 291 187 7 3 37 24 5 64 1 3 14 6 37 77 1 0 0 1 5 1 2 0 3 0 0 4 1 0 1 0 0 1 6 1 25 78 1 28 0 0 29 10 0 3 1 2 16 0 0 0 5 7 1 0 0 3 0 0 0 2 0 0 6 1 0 4 5 2 1 0 0 1 6 4 5 0 1 1 2 0 1 0 133 45 14 2 3 98 1 0 2 1 4 0 0 5 43 4 3 1 0 0
4890 4393 6857 11621 7361 16440 895 362 92 482 370 13004 0 0 3 4 1 1 1 0 474 226 31 10 85 2 4 1 624 2904 2184 1782 2801 33 0 0 8 12 5 1 865 2 14 2 1 1 5 13 15 0 16 33 102 285 54 98 151 74 0 3 2 24 11 4 2 1 168 10 21 25 20 54 23 62 156 2 23 2 11 0 31 2 756 243 937 516 22 8 6 1 3 49 34 26 39 1695 468 386 213 39 61 37 346 338 48 565 18 23 145 69 269 509 0 0 0 0 4 0 1 3 3 0 2 7 4 0 0 0 0 0 30 1 117 381 1 64 0 1 43 9 0 3 0 31 32 0 1 1 6 3 3 0 0 18 0 1 2 10 0 4 11 4 0 12 21 2 1 0 0 1 21 12 14 1 0 0 7 0 0 0 508 114 20 2 0 353 3 2 3 1 31 1 3 41 311 39 7 1 0 2
10538 96 739 357 933 895 13572 10221 1047 1918 153 977 2 0 0 0 0 0 2 0 65 38 5 3 14 1 2 0 2534 1410 315 51 135 3 1 0 4 2 0 1 234 1 12 0 5 1 1 5 48 11 57 149 1304 1905 649 99 18 6 0 0 1 17 3 1 1 3 55 0 4 61 22 31 2 11 25 1 33 3 3 4 68 7 2048 142 218 64 6 31 16 3 5 227 155 88 96 311 170 7179 29 6 3 1 17 12 1 35 3 5 13 4 16 32 0 0 0 0 0 1 0 0 0 0 0 0 1 0 0 0 0 0 3 0 8 38 0 5 0 0 6 2 0 0 0 3 4 0 0 0 2 0 0 0 4 3 0 0 6 1 0 3 1 0 0 1 4 0 0 0 0 3 0 0 0 0 0 0 0 1 0 0 41 19 6 2 0 38 0 0 4 1 1 0 0 4 28 0 2 0 0 0
14750 166 17115 183 213 362 10221 28249 5232 32182 423 1258 3 0 1 1 0 1 0 0 64 18 4 5 15 0 1 1 415 493 76 12 39 4 0 0 2 0 0 4 858 1 19 0 4 1 0 6 56 4 49 169 578 851 391 201 24 3 1 0 0 29 10 5 2 3 247 1 8 104 36 21 3 8 13 1 28 4 9 2 114 6 2659 358 616 228 11 49 23 1 8 285 232 119 138 82 1052 790 47 22 8 8 66 61 8 118 7 10 31 15 54 103 0 0 0 0 0 0 0 0 1 0 0 0 0 0 0 0 0 0 5 0 11 49 0 10 0 0 8 1 0 0 0 5 1 0 0 0 3 0 1 0 0 3 0 1 0 0 0 2 2 0 0 0 3 0 0 0 0 0 2 0 0 0 0 1 0 2 0 0 62 20 7 0 0 44 2 1 8 0 3 2 1 5 88 1 0 0 0 0
649 40 563 45 44 92 1047 5232 1782 2819 261 528 28 0 0 1 0 0 0 0 11 1 3 0 1 1 0 0 17 79 19 14 116 0 0 0 0 1 0 1 46 2 4 9 96 5 1 2 11 80 8 37 295 110 114 25 1 0 0 0 1 7 0 0 0 26 12 0 0 8 3 239 4 99 1 0 518 50 57 7 28 47 274 17 42 9 2 56 18 21 17 39 23 13 18 30 2864 1686 4 1 5 1 15 10 1 21 0 4 5 9 11 25 0 0 0 0 1 1 1 0 2 2 3 1 0 0 1 0 0 0 0 0 1 10 0 4 0 0 4 3 0 0 0 1 3 1 0 0 4 1 0 1 2 0 0 0 6 0 3 2 0 0 0 1 0 0 0 0 0 0 0 0 2 0 0 3 1 0 2 1 14 10 2 0 1 15 0 1 4 0 1 2 0 1 21 1 1 0 0 0
3417 555 9504 280 154 482 1918 32182 2819 37173 18266 14603 1 0 0 0 0 1 2 1 55 20 3 4 9 0 0 0 244 376 58 4 56 0 0 0 4 1 1 2 486 3 11 1 6 1 0 4 26 3 24 79 339 290 186 107 13 2 0 0 2 10 1 1 2 1 114 1 1 46 19 39 5 11 12 1 58 1 29 1 50 9 1047 159 300 114 9 26 13 3 5 105 91 70 86 61 3630 868 23 11 99 40 516 558 49 972 34 82 253 156 501 724 0 0 0 0 0 1 1 0 2 1 0 3 1 0 1 0 0 0 52 6 76 299 0 37 1 0 14 2 0 0 0 15 21 0 1 0 1 1 3 1 0 11 0 4 1 7 1 2 6 3 8 15 14 0 0 0 0 3 9 5 4 0 1 1 3 3 0 0 391 45 23 2 0 194 5 5 8 3 30 1 3 21 741 35 9 2 0 0
516 406 2041 232 260 370 153 423 261 18266 9221 6915 0 1 0 0 2 0 2 1 92 47 4 1 3 2 0 0 154 282 98 12 146 3 0 0 1 4 0 0 267 1 3 1 2 1 1 0 3 0 2 18 80 36 35 31 8 2 0 0 0 3 0 0 2 0 42 3 1 8 2 185 5 49 15 0 170 1 17 1 12 2 249 46 157 53 3 3 1 0 2 29 17 10 15 65 4247 281 30 9 87 32 353 391 72 771 30 42 191 117 388 697 1 0 0 0 2 1 0 0 0 0 1 12 2 0 3 0 0 0 33 3 118 441 0 50 0 0 29 0 0 1 3 18 33 0 2 0 1 1 1 0 1 13 0 1 5 7 0 4 15 8 2 18 20 1 0 0 0 1 22 6 9 0 0 0 7 0 0 0 575 95 18 5 0 377 4 2 7 3 44 1 4 32 508 34 10 1 0 0
2020 909 19877 2808 3813 13004 977 1258 528 14603 6915 37666 17 1 1 12 3 4 6 4 729 438 86 6 142 3 3 4 612 2262 1219 464 2664 87 1 1 13 49 8 4 1231 6 26 46 36 15 15 42 25 21 19 67 205 288 122 155 90 172 3 4 8 41 10 7 2 6 247 10 30 40 45 1684 108 382 355 6 1513 37 239 1 49 9 968 279 1149 522 49 30 15 9 21 109 61 54 58 1346 4730 719 304 59 178 84 1052 813 141 1598 45 80 758 220 801 1516 3 2 3 4 12 1 7 3 21 4 9 35 12 1 6 3 0 2 89 15 337 1348 5 267 3 5 217 52 2 15 1 72 132 0 6 0 22 25 24 1 1 42 0 4 6 32 6 11 44 15 5 57 88 5 5 2 2 2 54 36 43 10 3 5 24 4 9 0 1681 521 108 17 0 1249 6 3 22 10 153 8 6 105 1023 87 54 10 1 14
1 0 0 1 0 0 2 3 28 1 0 17 6122 1 0 12 43 116 4299 70 1 0 1 5 1 0 3 8 1 0 0 0 8 2 0 0 1 347 3 0 17 4 11 5599 4108 1872 0 22 2 414 1 20 5 0 1 0 0 0 0 0 9 6 6 3 6 2578 0 0 11 5 30 160 122 1193 0 10 782 652 544 22 33 62 2 0 1 0 0 300 160 661 257 1 3 2 17 1 272 26 1 0 0 0 0 0 3 0 0 0 0 0 1 1 0 61 552 4 4 145 5 907 55 964 23 0 0 0 0 12 0 29 0 0 2 0 6 13 1 1 29 30 309 4 111 0 1 10 57 15 39 1578 3 6 25 2 0 6 5 1 7 8 0 0 0 0 1 1 53 60 5 213 0 0 8 3 19 52 6 13 90 4 1 5 121 3 25 2 0 10 34 0 0 55 9 6 1 0 0 0 0 0
0 0 0 0 0 0 0 0 0 0 1 1 1 8577 7156 406 343 60 11 22 9 39 115 512 12 16 3727 2160 6 5 1 0 3 70 5088 5029 594 8 157 2594 284 39 413 0 0 23 642 64 8 1 0 5 0 0 1 1 3 21 833 45 25 383 235 250 413 1 5 263 692 73 76 2 4 27 30 5 0 0 1 1 21 0 5 3 5 5 36 1 8 0 32 3 3 21 145 0 0 0 4 12 1 1 0 0 1 2 0 0 0 0 0 1 65 48 8 97 48 177 86 46 174 540 261 7 7 6 12 11 1 54 1 0 0 7 5 12 78 21 80 201 6 82 26 1 8 16 2 0 99 50 39 3 6 0 0 1 1 1 1 2 0 2 0 1 0 17 4 19 4 5 1 7 1 8 14 15 1 2 18 2 1 33 41 8 7 18 0 0 9 1 3 7 3 0 2 2 3 2 0 6
1 1 0 0 0 3 0 1 0 0 0 1 0 7156 20571 10838 637 720 44 1169 6 24 266 179 4 12 725 3246 11 4 3 0 8 13 540 85 169 20 1155 219 845 150 364 8 5 39 31 302 37 6 4 25 0 0 2 0 5 5 36 2 111 1268 379 83 368 9 14 18 1866 305 331 2 3 36 28 47 0 0 0 1 117 1 1 2 1 4 8 25 49 5 66 13 17 43 409 10 0 1 6 6 0 0 0 1 1 0 0 0 0 0 0 0 82 63 11 126 36 241 85 67 163 604 278 7 0 9 9 13 4 85 2 0 3 5 2 16 84 32 56 215 21 62 39 2 4 11 2 3 114 120 37 10 21 1 1 2 5 1 1 3 1 0 0 0 0 17 14 28 8 5 0 3 2 9 19 24 8 10 41 5 0 25 41 6 28 23 2 5 15 0 2 21 5 1 2 0 5 6 2 3
1 0 0 0 8 4 0 1 1 0 0 12 12 406 10838 16333 579 2443 3114 2394 2 15 201 326 18 18 1037 3983 40 31 14 6 170 327 92 39 1886 998 2951 56 605 266 220 27 5 94 17 105 24 3 1 6 0 1 1 0 27 105 14 65 260 383 164 62 84 4 18 35 306 107 95 39 179 23 418 39 0 3 13 2 38 0 4 2 6 8 20 18 15 4 78 7 7 19 157 81 0 1 9 20 1 1 0 0 0 1 0 0 0 0 0 3 47 200 320 58 10 479 15 686 116 1723 57 2 2 3 3 19 3 121 1 1 2 3 2 11 25 5 31 71 247 16 99 0 6 6 14 31 103 269 7 4 5 0 0 2 1 0 1 5 0 0 1 1 1 3 5 15 1 16 0 2 2 4 13 15 5 4 17 1 2 11 40 4 13 8 1 3 11 1 0 11 1 2 0 0 0 1 0 0
0 0 2 0 0 1 0 0 0 0 2 3 43 343 637 579 1281 448 719 1179 22 105 198 85 9 35 72 269 1 2 2 0 4 16 43 26 576 435 98 85 424 38 92 45 22 285 46 32 14 19 0 12 0 0 1 0 5 1 23 0 138 71 41 15 52 13 2 13 152 21 33 7 17 116 13 16 2 43 4 1 22 16 3 0 8 3 10 20 12 13 163 7 4 11 56 4 0 1 8 0 0 1 1 1 8 4 1 1 0 0 1 4 315 146 24 271 128 167 163 45 487 754 390 54 44 52 61 85 29 204 3 6 6 13 27 27 191 96 186 443 15 254 36 8 34 57 8 5 316 52 134 19 6 3 3 2 0 5 0 4 4 0 0 6 3 102 10 63 5 8 21 17 8 40 30 17 10 9 16 2 6 164 57 32 8 147 0 1 3 17 16 4 8 4 19 1 31 12 5 21
4 0 3 0 4 1 0 1 0 1 0 4 116 60 720 2443 448 7485 3074 858 4 43 136 996 26 32 1030 525 15 12 2 2 63 60 41 7 353 701 4508 42 1012 477 1325 61 14 1418 43 592 58 10 4 15 2 2 0 1 16 31 13 10 5911 333 167 723 290 72 28 11 905 42 317 14 92 80 67 272 0 6 8 0 118 1 6 5 5 18 18 47 83 19 402 10 8 26 183 15 1 0 24 12 0 0 0 1 0 1 0 0 0 0 0 0 11 438 1468 37 12 635 19 1571 239 3008 107 1 0 2 2 95 1 273 0 1 4 4 11 20 4 1 76 158 1129 8 533 1 2 44 84 45 186 2085 9 13 15 2 0 8 3 0 2 2 0 0 0 1 4 11 47 167 6 120 1 1 23 6 51 86 4 8 59 14 0 31 79 8 19 8 3 3 13 2 0 21 6 12 0 0 4 0 0 2
1 0 1 1 0 1 2 0 0 2 2 6 4299 11 44 3114 719 3074 62897 12560 10 34 75 230 7 30 539 141 7 0 0 0 39 18 54 1 226 2033 30 55 266 88 296 6748 539 10188 22 93 24 212 3 48 2 0 0 1 1 2 4 0 65 68 63 115 55 615 7 10 45 30 108 36 154 4435 13 30 38 2380 82 25 81 117 5 0 3 5 4 278 218 407 778 3 2 3 96 5 15 2 3 2 2 0 0 3 4 8 1 5 1 0 0 2 663 1275 2970 672 104 3241 245 4173 1199 13577 1011 19 21 46 37 189 27 1040 5 1 6 18 16 50 266 102 289 803 1419 258 500 9 25 100 140 195 1023 2857 95 29 26 4 1 11 7 3 3 16 2 1 0 4 8 92 69 224 24 287 7 11 26 31 84 118 15 22 167 21 5 164 994 26 51 139 2 11 28 6 3 43 19 9 29 5 11 8 2 13
1 0 0 0 1 0 0 0 0 1 1 4 70 22 1169 2394 1179 858 12560 2554 8 40 119 100 10 30 124 48 3 2 1 0 17 13 22 0 128 205 68 62 374 69 188 55 13 229 18 64 22 8 3 17 0 1 1 1 1 4 2 2 354 171 54 29 19 11 6 2 109 62 51 5 19 118 14 41 1 114 4 8 29 20 3 0 3 2 3 33 27 12 135 11 5 27 152 0 0 0 4 0 0 0 1 0 0 1 0 3 0 0 0 0 320 209 53 283 53 241 77 105 333 1239 257 15 12 37 16 70 16 262 2 0 2 7 12 5 147 54 73 188 17 166 33 1 19 41 6 6 273 66 61 16 8 1 1 2 3 4 1 2 1 1 0 5 0 64 7 45 7 4 5 9 4 8 23 13 3 12 12 1 3 56 65 4 9 80 1 0 7 7 6 4 9 2 16 0 14 1 5 9
250 128 262 189 456 474 65 64 11 55 92 729 1 9 6 2 22 4 10 8 12133 6365 1833 82 1031 50 27 8 138 240 359 90 473 161 6 1 72 97 5 100 939 20 125 8 2 6 142 16 16 0 0 7 11 28 6 1887 65 111 31 5 7 92 58 22 7 0 104 129 23 41 22 122 184 122 1029 2 16 0 81 0 6 1 383 59 3904 1155 330 6 10 5 9 9 6 6 82 1514 40 23 2200 202 2 2 5 8 3 22 0 2 5 4 3 22 15 8 2 15 48 8 33 2 88 35 66 21 21 7 16 7 1 10 2 1 12 42 10 65 16 19 173 208 1 53 1 6 17 2 1 0 76 3 56 2 0 1 0 1 0 0 0 0 5 3 0 1 6 19 2 4 0 1 8 5 9 26 3 3 0 4 2 0 47 168 79 22 0 93 1 0 1 2 7 2 1 14 8 0 13 9 1 11
62 35 77 65 272 226 38 18 1 20 47 438 0 39 24 15 105 43 34 40 6365 25951 5031 949 6069 1648 228 14 117 177 219 91 629 306 30 4 181 245 8 2187 1087 285 1341 16 13 47 501 28 114 4 4 11 7 39 10 102 81 154 55 22 45 450 326 110 26 3 170 138 61 214 57 187 362 197 1330 11 19 2 118 1 47 2 325 150 2307 1223 352 48 35 6 51 29 21 75 786 1428 31 23 5274 211 2 4 8 2 9 16 0 1 3 0 0 11 32 20 1 57 120 45 109 7 199 107 174 37 23 14 37 14 6 43 3 0 13 54 21 64 53 44 266 388 5 98 10 4 31 11 2 1 192 35 100 4 20 5 0 2 3 3 3 2 2 3 0 6 9 43 7 11 8 4 4 8 18 29 9 15 2 20 11 2 42 214 143 28 9 104 2 2 12 9 9 15 7 11 10 2 11 12 2 15
12 0 0 1 36 31 5 4 3 3 4 86 1 115 266 201 198 136 75 119 1833 5031 7534 8581 461 5498 609 27 48 54 41 28 466 441 52 20 301 374 26 2108 5449 1851 1196 13 1 68 385 22 128 5 1 4 4 9 4 9 38 66 57 23 45 136 78 37 14 2 81 82 28 60 36 98 313 49 427 14 6 0 59 0 19 3 48 35 71 118 109 33 35 6 57 33 14 46 331 344 11 3 148 42 0 0 1 1 1 3 0 0 1 0 1 4 38 14 4 32 25 47 34 7 62 95 118 9 5 5 12 10 2 24 5 2 3 10 6 18 32 12 74 119 3 40 6 4 9 10 2 0 60 32 18 8 11 0 1 2 0 0 1 1 1 1 0 1 1 22 1 12 2 2 1 1 8 9 4 4 2 3 9 0 7 67 26 10 3 27 2 1 2 1 4 7 3 3 2 1 2 2 0 10
10 3 8 1 5 10 3 5 0 4 1 6 5 512 179 326 85 996 230 100 82 949 8581 20454 775 6237 4706 455 57 9 12 1 51 47 795 97 180 95 59 8018 2647 6381 3398 32 2 889 1954 20 304 4 3 7 5 22 3 8 69 14 653 13 445 161 141 601 84 10 191 505 123 84 37 13 66 18 101 22 0 0 16 1 36 0 83 60 92 214 341 34 54 17 431 48 13 61 550 22 4 1 247 93 0 0 0 0 0 2 0 1 0 0 2 1 17 15 8 26 19 48 26 64 51 163 78 2 1 3 4 9 1 17 0 0 2 4 3 8 24 4 33 85 21 13 42 2 1 2 9 0 30 226 12 3 3 0 0 3 1 1 0 1 0 0 0 0 3 8 22 21 11 9 2 1 5 5 14 64 1 8 59 6 2 15 15 6 12 7 2 0 10 0 0 5 5 3 0 0 0 0 0 2
30 10 56 16 78 85 14 15 1 9 3 142 1 12 4 18 9 26 7 10 1031 6069 461 775 16550 1056 280 28 149 56 339 21 161 42 25 1 28 42 4 3511 474 127 939 6 1 63 3841 7 17 2 5 11 15 88 18 87 361 28 35 1 43 328 407 217 57 4 741 152 95 113 35 87 138 95 248 4 11 0 52 1 16 5 492 267 1520 1926 4049 14 14 3 46 22 11 27 437 270 11 3 5315 1748 1 1 0 1 4 4 0 0 0 0 2 11 12 9 0 10 47 11 41 4 70 26 58 14 16 5 9 6 3 9 5 2 23 53 8 49 22 20 186 202 1 30 8 3 15 6 2 2 88 24 66 5 7 4 0 0 0 0 0 1 5 2 0 2 5 18 5 5 1 2 3 4 9 16 3 12 1 3 13 2 34 167 79 18 2 89 0 0 8 1 9 8 4 9 7 0 9 5 0 9
1 0 0 0 0 2 1 0 1 0 2 3 0 16 12 18 35 32 30 30 50 1648 5498 6237 1056 5108 399 13 10 2 3 1 5 7 31 7 25 28 2 6328 1038 304 498 4 1 24 229 2 23 1 0 1 1 7 1 1 2 2 17 0 14 31 42 20 5 1 42 30 6 15 12 2 8 22 8 1 1 0 2 0 8 0 23 15 34 66 35 2 10 1 20 5 4 15 103 4 0 1 85 7 0 0 0 0 0 0 0 1 0 0 0 1 11 7 0 16 6 40 24 5 26 85 48 0 0 3 1 1 1 11 0 0 0 2 1 1 15 4 13 57 0 12 1 0 1 4 0 0 20 9 5 2 2 0 0 0 1 0 1 0 0 0 0 0 0 3 1 1 1 0 0 0 0 2 1 1 1 0 2 0 0 8 5 1 0 5 0 0 3 0 2 0 0 2 0 0 0 0 0 0
10 4 9 2 5 4 2 1 0 0 0 3 3 3727 725 1037 72 1030 539 124 27 228 609 4706 280 399 23388 7434 100 20 45 2 8 129 4098 416 571 39 104 3974 605 351 1554 5 5 195 982 13 40 2 3 3 5 22 6 3 155 55 807 38 94 148 271 801 842 3 281 717 103 37 24 7 17 8 249 8 1 1 3 0 16 2 92 70 72 217 419 9 11 2 41 30 7 14 208 14 0 0 224 187 0 0 0 0 0 0 0 1 0 0 0 0 10 28 51 26 9 95 17 267 24 377 47 0 1 2 1 5 2 11 0 0 2 6 5 5 14 2 21 48 82 12 29 0 1 1 4 1 37 181 6 0 6 0 0 0 0 0 0 1 0 0 0 0 0 1 15 16 2 6 0 0 3 0 4 15 0 4 9 1 1 8 15 1 3 2 1 0 6 0 0 6 1 1 0 0 0 0 0 3
4 0 2 2 13 1 0 1 0 0 0 4 8 2160 3246 3983 269 525 141 48 8 14 27 455 28 13 7434 8480 140 73 59 0 15 251 212 127 653 33 3322 117 111 43 103 6 3 306 76 44 3 0 0 0 0 16 1 1 141 137 137 74 75 319 286 665 1398 26 124 343 1121 54 56 1 13 6 656 6 0 0 0 0 18 0 25 18 22 43 212 3 12 2 47 3 2 0 75 32 0 1 41 148 0 0 0 0 0 0 0 0 0 0 0 0 7 88 268 8 10 226 11 946 45 901 33 1 1 0 1 21 0 51 1 0 4 5 4 21 7 6 42 46 443 6 165 0 4 7 20 7 41 959 10 2 9 0 0 2 1 0 0 0 0 0 0 1 5 6 80 77 2 33 1 0 17 6 7 30 1 1 24 3 3 16 14 2 13 3 1 2 5 0 2 4 4 4 0 0 3 1 0 1
9631 210 481 270 1752 624 2534 415 17 244 154 612 1 6 11 40 1 15 7 3 138 117 48 57 149 10 100 140 33298 9773 2272 70 245 153 3 1 88 31 59 18 345 29 229 2 1 24 14 152 41 4 26 90 1707 10141 584 62 2193 39 47 18 18 934 523 113 136 2 4373 117 664 220 209 36 14 32 1338 13 14 0 13 1 114 7 4745 4725 257 174 224 17 12 8 23 112 87 55 305 1569 57 3557 250 1104 5 10 33 40 12 90 1 5 11 10 40 110 0 2 1 2 1 0 2 7 2 0 5 4 5 1 0 0 0 1 6 3 39 172 1 41 1 0 53 14 7 2 10 15 19 5 10 0 10 51 4 4 11 15 0 2 4 1 3 4 16 1 0 4 8 2 3 6 2 6 10 1 11 4 11 19 3 4 13 5 178 104 13 4 20 149 0 3 15 4 22 13 4 17 51 8 14 2 0 0
9339 4034 650 2111 9630 2904 1410 493 79 376 282 2262 0 5 4 31 2 12 0 2 240 177 54 9 56 2 20 73 9773 21740 9938 154 414 150 1 1 88 27 50 9 734 9 75 0 0 7 8 112 55 4 36 72 596 1787 231 159 5020 37 48 17 13 338 108 25 50 1 993 83 324 110 153 33 12 40 1140 9 10 0 5 2 84 0 1959 520 719 575 48 26 17 2 17 144 112 66 134 3238 83 1600 205 482 14 10 55 63 21 126 1 8 19 9 58 145 0 1 0 0 4 1 1 6 2 5 1 6 2 0 2 0 0 1 11 0 38 166 1 34 0 1 35 15 4 1 3 11 18 1 2 0 4 29 5 4 4 5 0 1 4 4 1 3 6 5 1 5 5 1 4 2 2 1 9 4 7 0 8 1 3 6 7 1 179 76 15 2 11 141 1 1 6 0 22 8 0 20 75 5 3 1 1 0
612 344 114 815 14534 2184 315 76 19 58 98 1219 0 1 3 14 2 2 0 1 359 219 41 12 339 3 45 59 2272 9938 12061 124 264 72 6 0 55 7 28 11 769 5 39 0 1 20 19 82 5 3 11 24 94 302 44 92 8633 22 25 13 8 274 139 37 68 0 1590 74 302 63 75 16 7 19 3095 5 5 0 5 0 40 1 900 402 1101 1249 353 10 5 2 13 50 39 26 93 6856 32 219 1581 9125 4 1 7 4 4 21 0 0 1 1 11 24 0 0 1 0 3 1 1 2 2 2 1 0 0 0 2 0 0 0 4 0 7 42 1 5 1 1 17 7 2 2 4 0 3 0 0 0 2 39 5 1 0 1 0 0 1 1 0 0 2 1 1 1 1 1 3 5 1 0 0 1 2 0 4 6 1 0 9 2 40 30 6 2 5 41 0 1 3 1 2 5 0 5 13 2 2 1 0 1
38 3 13 17 511 1782 51 12 14 4 12 464 0 0 0 6 0 2 0 0 90 91 28 1 21 1 2 0 70 154 124 3620 5874 1097 0 0 14 22 4 1 125 2 5 1 0 1 0 16 1 0 0 8 13 24 10 21 6 2660 2 1 2 13 2 8 0 0 23 2 6 2 13 150 118 16 1347 5 10 0 18 0 12 1 89 18 59 28 3 4 1 1 3 13 7 3 7 6167 67 35 34 5 4 5 14 17 6 19 0 4 6 4 10 32 0 0 1 0 0 0 0 1 1 1 0 5 3 0 1 0 0 1 1 0 14 59 1 20 0 1 29 12 3 0 1 6 7 0 0 0 2 6 3 0 1 3 0 1 1 3 0 0 0 0 0 3 8 0 0 0 0 0 3 0 1 1 0 2 2 0 1 0 69 50 9 2 1 69 1 1 3 0 3 0 1 5 18 1 4 1 0 3
189 22 44 78 884 2801 135 39 116 56 146 2664 8 3 8 170 4 63 39 17 473 629 466 51 161 5 8 15 245 414 264 5874 12678 9397 2 3 177 2433 74 22 675 34 136 33 6 90 46 260 20 13 10 47 66 78 33 67 43 4204 75 323 141 155 23 59 27 7 150 131 178 38 189 1198 3288 328 3887 70 349 7 89 2 87 10 402 81 303 186 113 32 27 7 138 55 49 32 51 5274 1257 177 164 61 30 17 86 84 49 210 6 13 34 29 98 268 11 17 7 24 57 14 32 19 107 33 53 67 43 6 33 14 0 12 38 15 124 549 25 269 18 24 461 292 19 64 23 57 112 8 10 3 139 84 131 4 2 25 1 4 6 13 1 8 28 14 4 20 50 19 8 21 1 8 43 30 65 32 7 12 21 4 18 3 605 665 158 68 11 741 7 2 14 15 103 12 8 65 174 21 45 20 7 35
7 0 8 4 47 33 3 4 0 0 3 87 2 70 13 327 16 60 18 13 161 306 441 47 42 7 129 251 153 150 72 1097 9397 8403 192 176 1319 2538 181 60 273 25 89 8 1 34 177 217 8 3 1 8 2 4 0 6 66 7107 1591 3239 103 181 62 60 74 4 53 1676 337 23 136 253 1409 60 4708 45 2 1 51 0 50 1 44 16 54 47 217 10 16 5 42 4 4 4 31 1039 3 1 42 185 3 5 2 4 6 12 0 0 0 1 5 8 37 20 8 49 89 22 55 13 151 62 95 42 36 10 41 10 3 34 4 4 23 63 16 93 33 38 247 321 6 105 16 9 24 8 8 0 135 71 107 7 2 5 0 1 1 3 1 1 3 2 1 3 11 48 7 15 4 3 8 15 17 31 13 13 7 3 16 3 37 256 49 38 8 97 1 1 4 6 17 3 6 13 4 3 18 20 2 26
0 0 1 1 1 0 1 0 0 0 0 1 0 5088 540 92 43 41 54 22 6 30 52 795 25 31 4098 212 3 1 6 0 2 192 3085 1226 659 7 6 3368 37 18 373 2 0 11 1535 1 6 1 0 0 1 1 0 0 5 13 844 24 12 11 26 88 34 0 15 204 21 5 2 1 5 4 29 0 0 0 0 0 0 0 2 1 4 17 65 2 0 0 17 0 0 2 18 1 0 0 16 20 0 0 0 0 2 0 0 0 0 0 0 0 12 11 2 16 11 23 11 16 51 114 48 2 3 3 4 6 0 13 0 0 1 1 1 2 20 5 11 37 4 14 2 0 5 1 1 0 29 6 11 1 1 0 0 0 0 0 0 0 0 0 0 0 0 4 3 7 0 0 0 1 0 1 0 3 0 0 3 0 1 11 10 0 0 4 0 0 0 0 1 1 0 0 2 1 1 0 0 2
0 0 0 0 0 0 0 0 0 0 0 1 0 5029 85 39 26 7 1 0 1 4 20 97 1 7 416 127 1 1 0 0 3 176 1226 722 784 3 21 276 41 5 97 0 0 6 203 4 1 0 0 0 0 0 0 0 1 4 1109 22 6 32 53 42 30 0 1 139 56 1 5 0 1 0 3 0 0 0 0 0 1 0 1 1 0 0 0 0 2 1 4 0 1 0 15 2 0 0 2 0 0 0 0 0 0 0 0 0 0 0 0 0 4 1 1 11 3 7 3 2 9 12 6 1 2 1 1 2 0 3 0 0 0 0 0 1 4 3 6 10 0 6 1 0 0 4 0 0 6 4 1 1 0 1 1 0 0 0 0 2 0 0 0 0 0 5 0 1 0 0 0 0 0 0 0 2 0 0 0 0 0 0 1 1 0 2 0 0 0 0 1 0 0 0 0 0 0 2 0 2
2 0 2 0 39 8 4 2 0 4 1 13 1 594 169 1886 576 353 226 128 72 181 301 180 28 25 571 653 88 88 55 14 177 1319 659 784 2543 2766 391 231 655 68 193 6 4 161 417 139 13 4 1 4 1 3 3 2 61 480 1747 397 323 305 160 131 248 8 38 806 602 66 82 18 52 57 1171 53 1 5 16 1 26 2 14 6 28 25 109 14 10 2 88 9 3 8 101 152 1 3 24 83 2 4 3 0 9 10 0 1 0 0 4 5 111 76 10 179 186 75 139 33 383 197 251 82 94 42 87 51 14 89 8 8 24 33 47 61 128 80 279 547 14 249 37 6 60 36 6 1 256 78 258 23 8 5 4 3 2 2 0 5 7 0 0 6 5 123 4 55 4 5 25 21 26 60 20 19 7 12 16 7 14 281 55 69 9 165 1 1 3 18 31 4 14 10 8 1 47 28 12 71
1 2 2 0 24 12 2 0 1 1 4 49 347 8 20 998 435 701 2033 205 97 245 374 95 42 28 39 33 31 27 7 22 2433 2538 7 3 2766 11555 83 62 432 64 278 1940 176 1774 78 323 20 114 1 33 2 3 0 2 15 385 52 225 884 168 37 90 35 105 15 96 185 32 243 97 4952 1034 1055 141 14 262 75 15 92 80 18 5 32 31 47 165 126 129 1171 4 2 3 75 227 3 3 50 25 5 8 10 3 13 21 0 3 3 2 3 17 324 173 128 344 332 278 289 269 863 1137 645 183 135 78 171 98 32 269 21 15 47 97 80 174 232 186 1006 1279 103 493 89 18 148 62 34 2 740 424 423 24 21 14 3 3 11 6 5 9 6 3 2 10 21 208 44 120 24 38 44 37 79 129 55 104 14 19 148 18 41 770 343 156 33 487 3 4 11 31 59 18 30 38 26 2 116 61 15 129
1 2 1 0 19 5 0 0 0 1 0 8 3 157 1155 2951 98 4508 30 68 5 8 26 59 4 2 104 3322 59 50 28 4 74 181 6 21 391 83 7419 4 144 66 114 3 3 105 7 362 8 2 0 6 1 2 0 0 48 121 3 66 3815 235 19 71 3761 20 19 57 8035 23 133 10 27 6 551 199 0 0 2 0 33 0 5 3 3 11 42 16 14 4 41 3 4 1 17 52 0 0 9 34 1 1 0 0 3 2 0 0 0 0 0 1 0 78 179 5 4 115 4 629 44 501 16 3 3 1 1 19 2 31 0 2 4 7 4 11 3 2 27 39 315 10 150 0 2 10 21 7 26 796 9 3 11 1 0 3 0 0 0 0 0 0 0 2 2 5 51 86 4 33 1 1 8 6 21 35 3 6 46 9 1 18 12 5 22 9 1 1 4 1 2 16 3 5 0 0 3 1 0 0
1 0 1 1 5 1 1 4 1 2 0 4 0 2594 219 56 85 42 55 62 100 2187 2108 8018 3511 6328 3974 117 18 9 11 1 22 60 3368 276 231 62 4 7196 706 331 1313 10 1 32 3236 1 35 0 0 3 3 15 5 6 31 10 686 13 30 76 72 128 31 3 95 354 11 27 7 15 26 42 38 1 0 0 10 1 6 0 63 49 86 222 187 9 9 3 36 5 1 14 182 13 4 0 223 47 0 1 0 0 1 0 0 0 0 0 0 1 47 25 2 72 42 84 53 14 109 246 178 9 6 6 15 9 4 39 0 0 3 6 3 13 58 20 66 179 1 55 11 0 6 6 1 1 76 10 32 4 3 0 1 1 0 1 1 0 0 0 0 1 4 24 5 13 1 1 3 4 2 5 6 7 2 1 5 0 3 43 28 4 1 22 1 0 2 2 1 7 2 3 2 2 1 2 1 6
1764 665 1654 588 837 865 234 858 46 486 267 1231 17 284 845 605 424 1012 266 374 939 1087 5449 2647 474 1038 605 111 345 734 769 125 675 273 37 41 655 432 144 706 11900 4426 2868 104 52 650 235 207 4203 72 118 173 28 78 353 1561 182 87 52 17 555 466 132 123 65 78 211 139 167 441 512 162 255 103 1033 167 47 0 102 3 504 31 991 134 1221 327 408 958 1133 221 1170 1829 497 974 3736 1306 103 69 423 358 18 10 68 63 31 103 2 3 15 11 48 140 5 4 9 16 33 13 18 27 45 50 36 43 20 0 14 0 1 11 24 6 66 351 8 170 14 15 257 137 13 44 24 36 37 13 14 1 57 150 69 27 53 13 0 15 26 19 13 63 18 6 3 15 41 16 15 22 12 22 33 23 40 26 32 38 26 59 88 17 361 429 79 45 33 457 17 10 140 6 48 59 9 43 74 15 29 10 1 18
11 0 7 1 3 2 1 1 2 3 1 6 4 39 150 266 38 477 88 69 20 285 1851 6381 127 304 351 43 29 9 5 2 34 25 18 5 68 64 66 331 4426 6375 5116 36 6 672 176 9 1015 7 5 6 2 2 3 3 13 15 20 5 511 59 18 62 31 29 54 35 124 53 40 20 75 3 54 33 0 0 20 2 38 5 27 9 16 62 38 52 64 25 624 107 22 104 410 16 1 0 42 9 0 0 0 0 0 0 0 0 0 0 0 0 0 3 6 5 1 2 1 26 5 18 8 0 0 1 2 1 0 4 1 0 0 4 0 3 1 0 17 13 8 1 31 1 0 5 12 0 7 148 2 2 7 0 1 1 0 0 2 3 0 0 0 1 1 3 25 16 2 16 1 0 5 1 9 53 2 4 71 7 0 3 4 3 23 5 1 1 12 0 0 5 0 1 2 0 0 1 0 0
30 7 21 3 23 14 12 19 4 11 3 26 11 413 364 220 92 1325 296 188 125 1341 1196 3398 939 498 1554 103 229 75 39 5 136 89 373 97 193 278 114 1313 2868 5116 10074 268 39 2703 1389 183 2914 45 26 25 17 71 15 29 195 49 501 10 1888 812 852 7960 292 216 593 576 1006 304 218 75 304 27 284 418 7 3 70 1 125 11 265 188 241 617 598 234 332 249 4209 343 113 437 5877 78 12 1 596 223 0 0 0 0 1 1 0 0 0 0 0 2 11 15 25 21 15 28 18 82 49 98 49 6 2 0 7 11 1 15 2 0 2 14 1 15 14 3 44 44 57 21 131 3 1 40 96 1 34 982 11 24 115 3 1 29 1 3 7 49 0 0 0 0 12 7 133 121 53 140 0 0 17 2 187 413 12 43 645 115 7 35 22 13 292 20 8 24 88 0 1 187 28 6 2 1 4 0 0 4
2 0 0 0 1 2 0 0 9 1 1 46 5599 0 8 27 45 61 6748 55 8 16 13 32 6 4 5 6 2 0 0 1 33 8 2 0 6 1940 3 10 104 36 268 8998 2547 1192 6 238 16 873 7 142 1 0 1 1 0 2 0 0 90 74 57 44 7 576 4 6 41 18 257 650 4682 1800 8 69 799 2455 5431 91 162 433 5 4 1 5 2 719 477 985 1126 13 3 6 102 3 68 9 4 1 4 2 2 2 8 4 0 4 1 0 0 10 83 68 184 101 113 199 93 286 296 813 262 57 39 15 40 21 7 77 7 3 21 39 24 46 63 45 307 481 84 115 71 6 33 20 65 9 301 670 113 23 54 3 0 12 36 2 24 32 2 0 0 4 8 52 67 73 19 98 11 16 18 36 58 105 15 26 222 23 13 292 259 46 75 136 11 19 86 9 14 83 18 14 8 2 25 16 1 31
2 0 1 1 0 1 5 4 96 6 2 36 4108 0 5 5 22 14 539 13 2 13 1 2 1 1 5 3 1 0 1 0 6 1 0 0 4 176 3 1 52 6 39 2547 9480 3248 3 59 16 5995 4 270 17 1 7 1 0 0 1 0 13 42 38 6 5 3961 0 1 17 16 129 221 131 380 1 15 2202 1418 897 230 271 847 4 1 2 1 2 2073 724 4098 3374 9 5 9 37 2 768 65 0 2 1 0 1 3 0 6 0 0 0 1 2 3 0 9 58 4 6 7 1 107 25 54 8 0 0 0 2 5 0 2 1 3 5 5 4 12 1 0 29 24 42 2 132 2 1 62 309 2 39 1971 6 54 185 3 1 91 76 10 39 92 0 0 0 1 9 2 215 172 41 687 0 2 9 3 290 635 33 97 1426 210 3 15 10 14 596 11 30 125 262 1 2 462 36 16 7 0 0 3 0 4
8 1 2 0 3 1 1 1 5 1 1 15 1872 23 39 94 285 1418 10188 229 6 47 68 889 63 24 195 306 24 7 20 1 90 34 11 6 161 1774 105 32 650 672 2703 1192 3248 14582 63 519 64 389 1 18 2 6 4 3 34 13 24 3 582 207 150 1201 521 2537 52 35 442 47 411 85 441 142 40 370 142 43 168 14 142 27 18 18 15 60 47 336 476 1460 3431 12 20 24 278 4 46 9 51 35 0 1 0 0 7 3 0 1 0 0 1 2 4 191 1416 30 21 177 12 1843 160 1334 62 3 2 5 6 134 2 113 4 6 16 17 27 97 2 5 105 121 1271 20 1397 2 4 148 730 22 244 9806 33 31 77 4 2 55 3 2 6 26 3 1 0 1 46 19 629 926 51 1027 4 9 122 21 140 916 12 37 1022 91 4 45 93 31 216 20 12 30 93 3 1 99 18 56 3 0 2 1 0 6
11 2 6 0 1 5 1 0 1 0 1 15 0 642 31 17 46 43 22 18 142 501 385 1954 3841 229 982 76 14 8 19 0 46 177 1535 203 417 78 7 3236 235 176 1389 6 3 63 7012 7 23 2 1 3 3 11 3 6 34 7 655 16 47 114 317 288 64 1 103 287 83 33 8 28 72 90 74 0 5 0 17 0 10 2 62 29 100 179 3250 8 2 0 43 5 5 12 243 21 1 0 240 77 0 1 1 0 4 5 0 0 0 0 0 6 39 31 2 85 125 58 103 10 231 164 198 24 16 14 37 16 3 49 3 4 9 14 17 38 80 46 172 387 3 101 13 2 20 14 3 0 149 19 92 6 6 1 1 0 0 0 0 2 1 0 0 1 2 49 4 17 5 3 4 12 7 29 3 10 2 4 15 2 5 117 54 20 3 42 1 0 1 5 7 2 1 9 2 0 7 8 1 14
6 3 2 3 21 13 5 6 2 4 0 42 22 64 302 105 32 592 93 64 16 28 22 20 7 2 13 44 152 112 82 16 260 217 1 4 139 323 362 1 207 9 183 238 59 519 7 23037 35 303 4 54 1 2 1 7 116 190 3 39 2535 9555 732 45 176 63 87 51 9064 194 3957 109 414 18 857 10325 13 2 80 8 299 41 33 17 20 30 97 1802 5495 253 4520 19 22 30 457 207 18 2 21 59 0 0 0 0 0 3 0 5 0 0 0 1 0 2 13 13 6 8 9 16 19 22 10 7 9 3 17 8 1 8 5 2 2 8 3 11 6 7 36 42 7 24 14 4 11 93 75 4 31 176 27 877 2044 21 19 318 47 4 47 299 2 1 0 0 3 8 31 200 469 58 4 7 14 6 986 116 86 638 897 242 6 33 27 20 1089 34 340 406 2020 3 1 2447 333 6 5 1 5 6 3 14
102 19 48 8 17 15 48 56 11 26 3 25 2 8 37 24 14 58 24 22 16 114 128 304 17 23 40 3 41 55 5 1 20 8 6 1 13 20 8 35 4203 1015 2914 16 16 64 23 35 7087 17 117 36 1 3 26 50 9 2 5 2 44 247 30 8 3 12 26 6 15 225 167 8 14 6 30 45 3 1 5 1 155 10 112 18 18 27 13 229 320 64 292 3017 297 1469 9505 24 6 8 22 12 0 0 0 1 0 2 0 0 0 0 2 5 0 1 2 1 0 1 1 1 2 4 0 1 0 0 1 0 0 0 1 0 2 10 1 5 0 0 11 2 2 1 4 2 1 1 0 0 2 20 1 11 21 0 0 4 10 2 6 20 0 0 0 0 4 0 5 3 5 4 0 1 2 0 17 3 10 23 18 9 11 21 3 2 9 18 7 2 32 0 1 31 2 1 6 0 0 1 0 0
3 2 4 0 2 0 11 4 80 3 0 21 414 1 6 3 19 10 212 8 0 4 5 4 2 1 2 0 4 4 3 0 13 3 1 0 4 114 2 0 72 7 45 873 5995 389 2 303 17 9318 43 1872 12 0 26 4 1 1 2 0 9 121 86 6 4 1367 3 4 209 22 211 120 79 575 8 247 1574 580 394 1129 705 5009 19 2 1 0 4 5106 1207 5153 988 31 20 17 106 6 660 51 5 2 2 0 0 1 0 3 1 0 3 0 2 2 1 0 8 2 2 2 1 11 2 3 5 0 1 2 3 0 0 0 1 0 0 1 0 4 0 0 7 4 3 6 5 5 3 27 73 1 9 109 4 114 493 2 0 136 260 42 140 311 8 0 0 1 1 1 18 53 78 84 1 1 6 0 372 102 97 195 578 131 3 8 8 2 549 20 114 223 899 1 6 1084 52 0 9 0 0 1 0 1
77 3 33 4 8 16 57 49 8 24 2 19 1 0 4 1 0 4 3 3 0 4 1 3 5 0 3 0 26 36 11 0 10 1 0 0 1 1 0 0 118 5 26 7 4 1 1 4 117 43 5989 6193 6 5 291 82 3 2 0 0 2 2 1 0 0 10 14 0 5 345 10 3 2 17 11 2 10 1 5 53 147 28 247 5 1 4 2 9 10 1 3 4280 7309 636 482 22 8 9 5 5 0 0 1 2 0 2 0 1 0 0 0 6 0 0 0 0 0 0 0 0 0 0 0 0 1 0 0 0 0 0 0 0 0 7 0 3 0 0 4 1 0 0 0 1 0 0 1 2 0 1 0 0 0 1 0 1 255 39 129 198 7 0 0 0 1 0 0 0 1 3 1 1 0 1 1 0 75 21 1 0 9 9 3 0 0 17 7 3 38 0 1 2 3 1 4 0 0 0 0 0
201 13 99 12 36 33 149 169 37 79 18 67 20 5 25 6 12 15 48 17 7 11 4 7 11 1 3 0 90 72 24 8 47 8 0 0 4 33 6 3 173 6 25 142 270 18 3 54 36 1872 6193 12709 29 16 700 161 10 6 1 0 43 86 13 4 13 394 36 10 56 789 323 42 28 364 75 8 385 87 93 7832 7117 2700 689 14 7 16 16 2822 275 271 151 1562 8542 184 99 60 201 44 12 14 15 3 9 6 3 13 5 14 6 3 5 14 0 1 1 0 1 1 0 0 4 4 2 0 0 2 4 4 0 0 4 1 4 28 0 20 0 1 23 12 1 3 0 41 9 13 31 18 19 24 6 139 116 32 5 69 4243 1441 3528 2641 237 6 2 6 2 0 4 5 20 105 18 4 6 2 29 4 851 478 116 8 63 77 147 2 21 284 321 248 1527 3 83 178 81 2 90 9 3 0 0 0
751 25 180 44 158 102 1304 578 295 339 80 205 5 0 0 0 0 2 2 0 11 7 4 5 15 1 5 0 1707 596 94 13 66 2 1 0 1 2 1 3 28 2 17 1 17 2 3 1 1 12 6 29 2593 2510 4144 3 24 1 0 1 1 26 14 2 3 2 271 1 8 12 4 56 6 24 33 0 87 12 16 1 6 10 266 180 24 24 10 7 3 2 4 14 24 7 15 112 407 5607 34 26 0 1 5 6 1 13 1 0 1 2 6 9 0 0 1 0 2 0 1 0 2 1 0 1 0 0 1 0 0 0 0 1 6 19 0 7 0 0 5 1 1 0 1 1 4 0 0 0 1 0 2 0 0 0 0 0 0 0 0 0 0 0 0 3 6 0 1 1 0 0 2 1 1 0 0 0 0 0 0 0 22 16 4 0 0 21 0 0 0 0 0 0 0 5 5 2 0 0 0 0
1943 73 358 77 488 285 1905 851 110 290 36 288 0 0 0 1 0 2 0 1 28 39 9 22 88 7 22 16 10141 1787 302 24 78 4 1 0 3 3 2 15 78 2 71 0 1 6 11 2 3 0 5 16 2510 7057 275 12 134 4 2 0 4 136 122 24 21 1 2976 6 63 43 17 14 5 17 87 0 7 1 4 1 8 0 2553 3616 112 169 75 3 2 0 6 15 22 10 91 295 42 2850 184 180 1 0 8 8 7 17 2 2 6 4 11 24 0 0 0 0 4 0 1 0 2 0 1 0 2 0 1 0 0 2 0 1 15 42 0 21 0 0 24 2 1 2 4 2 10 0 1 0 3 6 2 0 1 1 0 0 0 0 1 0 1 0 0 0 4 0 4 1 1 0 1 1 1 3 1 2 0 0 2 1 41 41 6 2 0 44 1 0 3 0 6 2 0 7 12 0 1 0 1 0
428 26 123 20 81 54 649 391 114 186 35 122 1 1 2 1 1 0 0 1 6 10 4 3 18 1 6 1 584 231 44 10 33 0 0 0 3 0 0 5 353 3 15 1 7 4 3 1 26 26 291 700 4144 275 14040 121 20 2 0 0 0 17 18 5 2 8 101 1 3 141 18 30 5 13 29 1 47 4 3 23 136 12 4014 63 36 30 23 24 5 8 1 761 524 147 88 84 173 1546 34 28 3 1 2 7 3 11 1 0 0 0 3 10 0 0 0 0 1 0 0 0 0 0 0 1 1 0 0 0 0 0 1 0 10 15 0 5 0 0 11 2 0 0 1 5 3 0 0 1 1 1 2 2 0 3 0 0 0 0 2 7 2 1 0 0 2 0 0 0 0 0 1 1 4 0 1 1 2 3 1 0 36 22 1 1 1 44 1 1 4 0 3 0 0 6 8 1 1 0 0 0
392 74 273 66 117 98 99 201 25 107 31 155 0 1 0 0 0 1 1 1 1887 102 9 8 87 1 3 1 62 159 92 21 67 6 0 0 2 2 0 6 1561 3 29 1 1 3 6 7 50 4 82 161 3 12 121 1923 18 8 0 0 2 23 15 5 1 2 23 5 7 64 23 17 8 11 72 0 4 0 10 3 65 4 3296 31 1710 139 26 22 7 1 10 507 175 110 106 154 25 11 185 49 6 3 6 11 2 21 1 0 2 2 16 24 0 0 0 1 2 0 0 0 1 0 2 7 1 0 1 1 0 1 3 0 11 54 2 35 2 0 37 9 0 3 2 4 7 0 2 0 7 1 3 0 1 4 1 0 2 5 1 3 2 2 0 2 3 1 0 0 0 0 4 2 3 1 0 2 6 1 3 0 60 66 18 5 0 60 0 1 2 0 10 0 2 14 12 2 2 0 0 4
92 60 75 82 1890 151 18 24 1 13 8 90 0 3 5 27 5 16 1 1 65 81 38 69 361 2 155 141 2193 5020 8633 6 43 66 5 1 61 15 48 31 182 13 195 0 0 34 34 116 9 1 3 10 24 134 20 18 12042 22 34 15 28 863 574 155 189 2 3725 112 667 182 180 4 11 3 2125 13 1 0 4 1 64 0 274 230 184 684 630 4 11 3 47 12 14 27 251 1248 6 15 2135 5959 1 1 2 1 1 4 0 0 0 0 3 3 1 3 3 0 0 1 1 12 4 3 0 0 0 0 1 0 1 2 1 0 0 7 1 6 0 1 14 9 9 1 10 0 0 1 4 0 2 81 3 4 6 0 0 2 1 0 0 3 0 0 0 0 1 1 7 9 3 4 0 3 2 1 8 14 1 5 13 5 11 14 6 2 9 12 0 0 7 0 0 6 2 2 5 0 1 0 0 1
8 0 6 1 19 74 6 3 0 2 2 172 0 21 5 105 1 31 2 4 111 154 66 14 28 2 55 137 39 37 22 2660 4204 7107 13 4 480 385 121 10 87 15 49 2 0 13 7 190 2 1 2 6 1 4 2 8 22 2345 239 3074 24 215 53 28 87 1 22 1602 371 35 107 258 441 14 3487 34 0 0 60 0 35 0 30 9 40 27 165 5 7 0 16 8 2 1 28 454 10 2 34 173 1 2 2 1 1 4 0 0 0 0 1 8 1 5 4 2 4 2 3 8 12 9 10 3 3 0 1 0 0 2 0 1 6 21 2 19 3 4 30 25 5 8 7 2 6 1 3 0 13 35 9 0 1 1 0 1 0 0 1 2 0 0 0 2 2 3 5 1 0 1 4 2 3 4 9 3 0 5 15 2 15 33 7 3 5 18 0 0 5 0 5 1 1 3 1 1 4 4 1 5
1 0 0 1 4 0 0 1 0 0 0 3 0 833 36 14 23 13 4 2 31 55 57 653 35 17 807 137 47 48 25 2 75 1591 844 1109 1747 52 3 686 52 20 501 0 1 24 655 3 5 2 0 1 0 2 0 0 34 239 3870 3345 22 72 185 194 85 1 28 1476 92 18 7 5 18 23 507 2 1 1 4 0 3 0 9 10 10 13 84 3 3 1 25 0 1 1 86 18 1 0 16 73 0 0 0 0 2 2 0 0 1 0 0 0 24 9 3 34 42 28 43 2 98 54 77 21 9 7 13 7 2 23 0 1 1 7 10 17 37 23 87 194 5 44 6 0 12 3 2 0 68 21 47 0 1 0 0 1 0 2 0 0 0 0 0 0 2 22 2 9 2 2 1 2 2 12 10 8 1 1 4 1 5 43 19 11 3 20 0 1 1 3 1 3 4 1 1 1 11 3 1 9
0 0 0 0 4 3 0 0 0 0 0 4 0 45 2 65 0 10 0 2 5 22 23 13 1 0 38 74 18 17 13 1 323 3239 24 22 397 225 66 13 17 5 10 0 0 3 16 39 2 0 0 0 1 0 0 0 15 3074 3345 2662 5 59 23 14 50 0 8 4357 134 9 20 8 73 3 1357 17 0 0 0 0 5 0 5 2 3 5 101 2 1 1 6 0 2 0 10 29 0 0 1 132 1 0 0 0 0 0 0 0 1 0 1 0 2 0 1 0 2 0 2 3 5 8 7 1 1 0 2 1 0 2 0 0 4 2 1 2 1 2 12 16 2 3 2 1 1 0 1 0 8 7 0 0 2 0 0 0 0 0 0 0 0 0 0 0 1 1 0 0 0 0 0 1 2 2 1 3 0 0 2 1 0 9 6 0 3 2 0 0 0 0 1 1 0 1 0 0 0 1 2 2
3 1 0 2 5 2 1 0 1 2 0 8 9 25 111 260 138 5911 65 354 7 45 45 445 43 14 94 75 18 13 8 2 141 103 12 6 323 884 3815 30 555 511 1888 90 13 582 47 2535 44 9 2 43 1 4 0 2 28 24 22 5 9442 673 162 853 1313 37 38 32 9386 81 1184 52 313 5 88 7665 0 1 35 1 336 1 18 12 14 40 35 205 531 20 1670 12 10 29 248 23 0 0 38 17 1 0 0 0 3 1 0 0 0 0 0 0 2 29 119 5 9 26 4 194 24 111 13 2 3 1 2 23 2 14 2 1 4 6 4 19 0 2 34 36 158 12 299 3 2 55 210 5 46 1415 6 11 21 1 0 30 7 3 4 6 0 0 0 1 9 4 148 280 24 118 0 3 28 16 70 409 9 21 402 45 2 10 9 15 110 7 2 11 38 1 1 49 13 12 0 0 1 1 0 7
56 5 27 5 75 24 17 29 7 10 3 41 6 383 1268 383 71 333 68 171 92 450 136 161 328 31 148 319 934 338 274 13 155 181 11 32 305 168 235 76 466 59 812 74 42 207 114 9555 247 121 2 86 26 136 17 23 863 215 72 59 673 21814 7929 1152 1827 45 1149 340 8773 4775 3525 51 209 29 1566 1002 3 1 39 21 484 194 340 235 215 603 512 587 727 203 1493 63 66 576 6126 215 3 6 520 486 2 0 1 1 1 3 0 3 1 0 0 2 6 5 3 16 13 9 9 18 11 17 17 5 5 5 21 9 7 7 4 2 3 12 7 16 5 4 36 49 12 37 13 10 15 132 59 4 35 120 24 1576 2786 23 23 291 74 16 130 748 1 0 0 3 1 7 31 166 687 29 2 11 17 8 738 99 231 1394 649 134 3 37 33 29 515 60 665 456 3466 4 3 2243 425 6 17 1 7 13 0 10
30 4 18 3 30 11 3 10 0 1 0 10 6 235 379 164 41 167 63 54 58 326 78 141 407 42 271 286 523 108 139 2 23 62 26 53 160 37 19 72 132 18 852 57 38 150 317 732 30 86 1 13 14 122 18 15 574 53 185 23 162 7929 14552 7699 4518 28 985 479 3752 480 176 14 29 9 588 299 10 2 13 1 57 7 306 202 174 585 655 97 692 214 1076 13 10 43 2792 54 5 1 628 452 0 0 0 0 1 0 0 0 0 0 0 3 3 0 6 3 8 6 2 17 10 27 10 5 2 0 3 3 0 3 2 0 0 6 1 8 1 0 23 21 14 5 12 1 1 25 42 2 11 151 3 143 480 6 0 59 2 1 7 36 0 0 0 1 3 3 21 68 121 28 0 5 4 2 402 112 15 101 362 116 5 22 5 5 432 11 21 81 313 0 1 622 84 2 0 0 2 4 1 4
10 2 2 1 10 4 1 5 0 1 0 7 3 250 83 62 15 723 115 29 22 110 37 601 217 20 801 665 113 25 37 8 59 60 88 42 131 90 71 128 123 62 7960 44 6 1201 288 45 8 6 0 4 2 24 5 5 155 28 194 14 853 1152 7699 6288 4440 26 220 306 2181 197 85 13 104 4 227 35 0 0 22 0 22 0 67 45 49 159 333 8 18 11 659 4 8 16 1227 36 2 0 186 144 0 0 0 0 1 5 0 0 0 0 0 2 4 10 30 7 7 10 4 142 19 50 9 1 1 1 3 6 2 10 0 2 2 2 4 11 6 5 17 26 102 7 176 0 2 23 67 0 17 938 6 7 24 0 0 5 2 1 1 4 1 0 0 1 6 4 119 120 11 51 0 0 11 7 23 186 0 4 225 17 0 7 5 9 51 3 2 6 10 0 1 23 8 6 1 0 0 0 0 0
8 0 3 1 19 2 1 2 0 2 2 2 6 413 368 84 52 290 55 19 7 26 14 84 57 5 842 1398 136 50 68 0 27 74 34 30 248 35 3761 31 65 31 292 7 5 521 64 176 3 4 0 13 3 21 2 1 189 87 85 50 1313 1827 4518 4440 5279 47 180 265 9143 224 211 8 20 4 499 23 0 0 4 0 48 0 46 28 36 76 237 6 16 12 205 4 8 8 396 31 1 0 89 182 0 0 0 0 1 0 0 0 0 0 1 0 3 16 79 4 10 11 4 386 21 96 10 1 1 1 0 21 0 14 2 4 6 6 12 9 2 1 19 38 304 7 347 0 2 34 60 1 24 1978 7 8 30 1 0 8 1 1 2 5 1 0 0 0 18 8 220 229 10 97 0 4 31 13 41 170 2 12 181 20 1 9 7 13 47 2 1 6 19 2 1 48 4 10 0 0 1 1 0 1
0 0 1 0 0 1 3 3 26 1 0 6 2578 1 9 4 13 72 615 11 0 3 2 10 4 1 3 26 2 1 0 0 7 4 0 0 8 105 20 3 78 29 216 576 3961 2537 1 63 12 1367 10 394 2 1 8 2 2 1 1 0 37 45 28 26 47 1287 2 4 177 12 75 35 88 398 15 59 628 364 176 234 126 679 5 2 0 0 3 584 222 622 1141 11 5 3 74 1 260 19 4 2 0 0 0 0 0 6 0 0 1 2 2 1 0 1 24 0 1 2 1 28 6 13 0 0 0 0 0 1 0 3 0 0 0 1 1 1 0 0 7 2 8 0 13 1 0 6 81 1 7 187 0 15 38 1 1 21 82 10 26 39 3 0 0 0 1 0 22 20 15 186 0 0 3 0 44 78 12 21 187 43 3 2 5 0 90 6 9 18 55 0 0 66 12 3 5 1 0 0 0 1
607 164 369 113 512 168 55 247 12 114 42 247 0 5 14 18 2 28 7 6 104 170 81 191 741 42 281 124 4373 993 1590 23 150 53 15 1 38 15 19 95 211 54 593 4 0 52 103 87 26 3 14 36 271 2976 101 23 3725 22 28 8 38 1149 985 220 180 2 5323 100 504 277 208 52 26 32 1035 5 11 0 16 1 63 1 2136 4291 721 3345 801 16 17 4 38 60 45 44 520 755 27 32 2726 2624 3 5 12 20 3 33 1 3 1 4 15 44 1 0 1 4 4 3 4 9 13 4 4 9 5 1 4 0 0 4 5 0 14 112 2 43 1 1 85 38 8 7 9 5 9 3 7 0 13 58 19 8 8 2 0 3 0 2 4 0 5 2 0 1 8 0 8 13 3 5 11 6 8 7 17 17 3 6 17 0 105 103 17 6 10 109 2 1 6 2 12 18 3 11 18 4 7 5 0 2
7 3 3 2 13 10 0 1 0 1 3 10 0 263 18 35 13 11 10 2 129 138 82 505 152 30 717 343 117 83 74 2 131 1676 204 139 806 96 57 354 139 35 576 6 1 35 287 51 6 4 0 10 1 6 1 5 112 1602 1476 4357 32 340 479 306 265 4 100 1546 503 64 80 11 46 58 3529 5 1 0 17 0 25 1 50 15 56 78 2790 4 3 2 30 5 4 12 146 52 2 1 70 1999 1 0 1 1 4 3 2 0 0 0 0 5 29 15 1 46 120 14 55 9 164 38 113 42 30 17 37 16 4 29 5 2 11 25 20 54 32 36 224 312 7 101 13 6 36 12 6 0 133 64 100 4 4 2 1 2 0 0 0 3 1 1 0 4 4 57 4 15 4 6 6 8 17 32 9 6 2 1 14 4 13 169 52 24 7 63 0 0 4 8 10 8 6 14 4 2 27 8 2 16
18 3 15 2 69 21 4 8 0 1 1 30 11 692 1866 306 152 905 45 109 23 61 28 123 95 6 103 1121 664 324 302 6 178 337 21 56 602 185 8035 11 167 124 1006 41 17 442 83 9064 15 209 5 56 8 63 3 7 667 371 92 134 9386 8773 3752 2181 9143 177 504 503 18604 557 2087 32 122 10 2184 4043 1 0 34 2 417 10 126 90 77 241 509 159 473 100 2258 7 30 35 885 241 5 0 218 474 0 0 1 0 1 4 0 0 0 0 0 3 5 22 102 15 22 23 13 225 76 77 26 8 10 6 8 27 3 18 4 2 11 13 22 53 6 13 97 103 176 26 488 5 11 250 510 4 114 3017 33 163 359 10 7 220 6 8 4 35 1 2 0 4 19 20 467 730 205 283 4 4 54 17 969 1993 27 127 2769 498 4 63 30 33 1665 23 17 95 285 2 5 778 140 31 3 0 4 2 1 9
123 8 79 6 33 25 61 104 8 46 8 40 5 73 305 107 21 42 30 62 41 214 60 84 113 15 37 54 220 110 63 2 38 23 5 1 66 32 23 27 441 53 304 18 16 47 33 194 225 22 345 789 12 43 141 64 182 35 18 9 81 4775 480 197 224 12 277 64 557 9852 2226 20 24 13 212 76 3 2 8 43 2034 217 262 91 76 203 111 338 159 50 283 521 3743 1766 1618 57 9 21 150 104 0 0 1 1 1 2 1 1 2 0 0 4 0 0 4 1 1 2 1 2 2 1 2 3 3 0 3 2 1 3 0 0 6 13 0 14 0 1 17 8 0 2 1 1 3 13 14 1 10 32 4 139 124 6 1 32 399 82 411 1160 1 0 0 0 3 0 3 15 23 14 1 2 2 2 52 26 465 687 92 16 16 20 19 2 46 51 169 31 1131 0 4 127 91 6 3 1 1 0 0 2
56 4 23 5 30 20 22 36 3 19 2 45 30 76 331 95 33 317 108 51 22 57 36 37 35 12 24 56 209 153 75 13 189 136 2 5 82 243 133 7 512 40 218 257 129 411 8 3957 167 211 10 323 4 17 18 23 180 107 7 20 1184 3525 176 85 211 75 208 80 2087 2226 13457 74 328 23 662 945 37 5 102 27 7404 389 99 31 39 64 93 2628 1721 337 2406 118 112 352 654 174 21 10 61 107 4 1 1 0 1 1 0 6 1 0 0 1 2 1 6 7 9 7 6 15 18 14 18 11 7 1 16 10 5 4 1 0 2 9 2 17 4 3 25 27 7 11 11 5 9 75 42 15 19 112 19 956 1161 30 19 168 273 60 345 1631 9 2 0 1 1 14 17 67 220 40 3 6 11 10 195 42 502 1655 349 71 9 28 27 8 191 64 596 229 3569 3 3 907 259 4 11 2 4 5 3 9
31 4 24 6 27 54 31 21 239 39 185 1684 160 2 2 39 7 14 36 5 122 187 98 13 87 2 7 1 36 33 16 150 1198 253 1 0 18 97 10 15 162 20 75 650 221 85 28 109 8 120 3 42 56 14 30 17 4 258 5 8 52 51 14 13 8 35 52 11 32 20 74 5505 1863 1265 373 34 6172 313 4814 16 59 81 115 35 109 61 53 111 48 47 113 9 10 11 24 460 4060 232 84 18 20 14 58 77 39 167 5 13 27 15 88 226 9 3 8 17 61 17 31 12 131 41 47 90 60 9 30 9 0 12 33 18 119 563 20 326 14 23 568 282 5 73 7 60 123 5 14 1 144 61 117 2 3 34 1 8 19 28 4 12 27 9 2 15 63 20 11 13 8 7 40 40 56 36 7 26 20 6 30 3 724 1015 287 73 8 1113 7 5 15 15 111 7 7 97 139 19 59 18 6 48
