47558 9816 11126 3808 1711 1080 10254 10158 393 2134 406 1154 2 6 6 3 5 6 4 2 85 57 3 9 14 2 3 2 12110 11430 381 89 92 10 1 0 8 16 5 3 731 10 7 1 3 8 6 24 52 6 28 17 1020 807 345 300 61 10 1 3 7 8 7 1 3 2 257 4 9 17 7 82 28 20 50 11 27 2 49 3 23 1 1783 1195 840 103 8 21 15 6 11 165 26 18 16 102 142 2816 26 38 129 46 204 215 17 274 22 67 47 100 200 174 0 0 1 0 0 1 0 2 1 3 0 5 1 0 1 0 0 0 166 0 36 137 0 21 0 0 12 4 0 0 0 3 28 0 5 0 2 4 0 2 1 3 0 4 0 0 0 3 16 51 2 48 9 1 1 0 0 1 20 12 2 1 0 1 1 0 3 0 225 70 8 0 4 58 0 2 8 2 24 3 0 8 117 25 9 1 0 0
9816 5352 4099 9611 1232 717 207 210 63 384 248 633 0 1 0 1 5 3 1 1 47 41 2 0 4 0 1 1 567 2875 113 11 19 5 0 0 2 2 0 5 353 2 2 1 0 3 1 6 11 1 2 8 102 95 44 111 53 4 0 1 3 5 1 2 1 0 115 5 3 2 2 37 9 12 28 2 18 1 17 0 8 0 377 283 395 62 8 4 5 0 1 30 8 7 2 25 112 164 13 16 122 30 134 192 5 195 15 46 37 73 140 163 0 0 0 0 0 0 0 0 0 1 0 3 3 0 1 0 0 0 105 2 25 84 1 6 0 0 2 1 0 0 0 3 17 1 6 0 1 2 0 0 0 1 0 1 0 2 0 0 9 44 1 43 3 0 0 1 0 0 25 12 0 0 0 0 0 0 1 0 153 39 6 0 0 36 3 0 3 0 9 2 0 13 136 15 9 0 1 0
11126 4099 20694 12038 675 4670 1075 9850 445 7733 1120 18022 1 1 4 0 10 5 10 2 107 101 6 5 8 2 0 2 1296 1035 135 26 63 6 3 0 10 11 6 2 673 4 6 3 2 2 7 21 40 2 22 15 419 316 174 256 86 5 0 2 6 9 8 0 0 1 228 8 5 17 6 92 28 22 57 7 32 2 48 4 22 2 1122 837 954 130 10 11 14 3 10 113 25 14 13 74 359 701 47 45 369 119 667 598 23 638 59 123 159 261 495 417 0 0 0 0 0 0 0 4 0 3 0 10 4 0 1 0 0 0 263 6 68 202 0 20 0 0 9 7 0 1 0 3 36 0 9 1 4 2 0 2 2 7 1 5 2 3 2 2 23 80 5 79 12 0 0 0 1 4 42 33 0 1 0 1 1 1 4 1 444 90 23 0 0 110 5 5 8 3 28 2 2 18 327 52 12 1 0 1
3808 9611 12038 17515 10662 7467 505 308 82 700 313 3673 0 0 3 1 10 4 3 2 109 118 6 3 8 0 2 2 937 2786 1772 211 99 14 1 0 9 10 5 2 529 3 6 1 1 3 1 6 15 2 4 5 129 164 75 152 146 9 0 4 1 10 1 0 4 0 162 3 8 5 6 74 27 14 70 6 13 1 44 0 7 0 451 351 629 136 17 6 6 2 6 48 8 1 5 84 194 264 47 43 132 43 233 238 10 264 21 53 38 113 210 198 0 0 0 0 0 0 0 0 1 0 0 5 2 0 1 0 0 0 173 5 37 122 0 14 0 0 3 3 0 0 0 6 23 0 4 0 2 1 0 1 0 3 1 1 0 2 1 0 13 46 4 48 3 0 0 1 0 0 21 15 0 0 0 1 1 0 2 0 215 38 6 0 0 42 1 0 1 0 14 0 1 10 138 23 9 0 1 1
1711 1232 675 10662 8929 7914 983 217 54 311 165 3604 11 31 68 14 191 21 25 20 212 294 20 18 33 0 9 26 2939 7510 12234 1236 1036 306 1 14 164 114 60 7 520 6 23 10 1 18 6 95 19 2 6 4 291 280 84 160 1214 173 22 65 64 105 50 16 55 1 378 55 161 30 85 225 112 29 719 51 34 0 121 3 48 0 683 557 736 201 35 8 7 4 19 39 20 16 29 1724 101 612 135 354 49 21 73 110 3 111 6 24 13 35 78 87 0 1 8 1 0 0 0 8 3 6 0 5 5 0 3 0 1 1 104 2 15 109 2 31 0 0 22 7 3 1 3 5 20 0 4 0 13 13 1 1 2 2 1 2 0 1 0 0 8 25 3 41 10 0 5 1 1 2 19 11 0 1 2 1 0 1 8 1 133 58 13 0 0 57 1 1 2 2 14 5 0 5 68 11 6 0 1 1
1080 717 4670 7467 7914 18714 536 393 183 1979 2042 17342 9 4 10 8 37 22 20 4 306 334 13 5 37 0 1 3 1021 1803 1239 3685 1592 95 0 2 38 54 12 11 578 7 14 15 3 19 3 27 11 0 2 9 160 167 74 171 128 105 5 15 17 23 11 4 8 1 194 17 20 13 16 370 130 29 255 6 92 1 186 2 20 2 491 420 814 221 31 8 5 0 15 48 5 6 8 2264 747 413 179 107 266 70 361 437 29 403 46 111 78 151 334 352 0 0 6 0 0 0 0 4 1 4 0 4 9 0 2 0 0 0 300 5 66 304 3 39 0 0 22 10 0 0 0 10 54 2 8 1 13 10 0 0 0 10 0 5 1 7 1 0 28 92 9 100 23 1 0 1 0 2 51 20 8 0 0 4 2 0 10 1 433 124 27 1 0 149 2 1 1 4 55 1 1 15 304 34 19 2 0 0
10254 207 1075 505 983 536 14773 10962 1297 3650 311 1036 2 3 1 3 4 6 3 0 25 32 3 8 3 0 3 2 4215 1127 317 54 73 16 0 0 9 6 2 1 148 6 3 1 3 4 2 11 33 7 12 11 1112 573 335 79 14 7 0 1 3 8 2 0 2 2 36 4 8 4 4 70 22 15 24 3 27 7 34 1 8 0 1029 464 168 28 7 17 14 8 6 84 19 10 4 59 229 8568 15 6 41 6 41 68 5 63 2 19 13 31 50 37 0 0 0 0 0 0 0 0 1 1 0 0 2 0 0 0 0 0 37 2 7 42 0 6 0 0 5 1 0 0 0 0 8 0 0 0 4 2 0 0 2 1 1 1 1 2 1 0 1 8 0 17 5 0 1 0 0 0 6 6 2 1 0 0 0 2 6 0 50 22 3 3 0 23 2 1 1 0 8 1 0 2 37 8 1 0 0 0
10158 210 9850 308 217 393 10962 24369 2099 22824 819 1948 1 0 0 2 1 0 3 0 12 9 3 1 1 0 1 0 900 492 46 14 22 4 0 0 2 3 3 1 276 4 2 2 1 1 0 5 27 1 6 9 448 268 171 137 9 5 1 1 3 2 3 0 2 0 78 2 3 4 4 46 8 7 10 3 19 4 18 2 15 1 855 618 260 30 5 11 9 0 6 77 8 7 3 10 131 1490 7 6 86 19 97 156 6 159 12 38 32 77 110 106 0 0 0 0 0 0 0 2 0 0 0 2 2 0 1 0 0 0 47 3 11 58 0 6 0 0 4 1 0 0 0 2 6 0 2 1 1 4 0 0 1 6 0 1 1 2 0 1 4 17 3 20 2 0 0 0 0 0 12 4 1 0 1 0 0 0 3 0 89 17 4 0 3 24 0 0 3 0 6 3 0 5 70 18 5 0 0 0
393 63 445 82 54 183 1297 2099 1905 4121 707 698 15 0 3 2 0 2 2 2 21 20 1 1 0 0 0 1 119 189 21 17 65 4 0 0 0 0 0 0 42 0 8 18 107 8 0 3 7 81 4 28 118 37 27 17 4 2 0 0 3 3 3 1 1 45 8 1 6 1 3 240 27 290 6 2 388 134 152 86 15 113 85 76 35 14 2 45 39 54 10 18 5 2 10 24 1412 2532 9 4 27 7 45 42 2 46 3 14 5 33 42 29 0 0 3 0 0 1 0 4 1 1 0 2 1 0 0 0 0 0 24 1 2 22 0 9 0 0 4 3 0 1 0 2 4 3 11 0 7 18 0 1 1 3 1 1 5 0 3 2 3 9 0 12 5 0 7 2 0 2 4 3 1 1 1 4 3 3 25 2 38 17 5 0 5 11 0 1 6 0 6 9 3 1 27 5 4 0 0 0
2134 384 7733 700 311 1979 3650 22824 4121 32389 12300 24621 2 1 0 1 4 0 5 0 28 30 2 1 6 0 0 0 479 457 77 40 56 11 0 0 3 4 1 1 183 4 4 5 9 2 1 7 12 4 5 9 358 155 111 83 17 3 0 0 3 3 3 0 2 3 49 3 4 2 2 408 26 17 11 0 191 11 49 2 7 2 502 378 188 25 6 19 10 8 5 70 6 8 5 27 1828 2479 15 9 413 96 509 675 19 636 60 158 186 367 581 461 0 0 0 0 0 0 0 1 2 1 0 0 2 0 0 0 0 0 202 4 54 168 1 16 0 0 8 5 2 0 0 3 28 0 9 0 3 6 0 0 2 4 1 9 3 1 0 3 16 66 13 75 13 0 0 0 0 5 40 19 1 0 1 0 6 1 8 2 445 65 31 2 0 111 2 2 7 1 35 2 1 7 407 53 10 4 0 0
406 248 1120 313 165 2042 311 819 707 12300 3266 5811 6 1 0 1 1 5 4 1 44 52 7 0 4 1 0 2 291 271 46 55 72 8 0 0 6 6 1 2 113 0 6 22 12 4 1 0 8 2 1 2 67 39 16 32 17 7 0 3 2 2 1 1 0 1 35 2 0 3 1 537 50 31 9 0 590 41 191 3 4 6 133 117 99 28 3 4 5 7 7 6 1 3 0 59 3234 564 24 2 170 48 213 274 15 298 32 66 52 145 256 196 0 0 1 1 1 1 0 2 2 5 1 3 0 1 3 0 0 0 167 4 49 143 0 22 0 0 13 8 0 0 0 5 33 1 5 1 7 6 0 1 0 8 0 6 2 3 0 0 20 65 6 73 12 0 2 1 1 1 30 17 1 1 0 2 1 1 5 1 278 92 28 0 2 94 0 0 4 2 33 3 2 11 235 25 11 2 0 0
1154 633 18022 3673 3604 17342 1036 1948 698 24621 5811 18899 64 7 20 19 47 70 143 26 558 825 68 14 65 6 8 10 1483 1420 657 1928 5709 226 2 5 70 145 22 21 915 9 38 155 83 67 13 37 31 19 6 23 304 258 140 269 176 276 16 36 78 26 17 7 8 22 219 51 27 14 18 5068 777 208 416 19 1202 151 3876 13 19 22 989 832 1111 343 32 26 24 21 46 106 17 11 39 2423 3675 1082 239 83 565 201 882 936 62 978 78 241 203 393 788 729 4 3 9 2 5 1 1 7 13 30 3 38 37 1 10 1 0 0 795 17 182 894 4 216 2 0 143 56 3 1 3 31 161 5 33 4 105 32 5 0 5 17 4 14 3 10 4 1 58 261 14 266 85 0 12 9 1 10 201 100 16 5 5 4 5 3 43 4 1301 691 139 2 3 542 4 5 11 15 164 11 9 50 767 105 54 9 0 8
2 0 1 0 11 9 2 1 15 2 6 64 5623 22 24 46 7 195 4701 22 4 16 10 51 3 0 58 207 25 10 14 2 50 9 8 4 9 359 345 7 41 21 219 5084 3375 1480 7 66 32 331 4 14 6 2 5 9 24 15 10 9 63 15 63 131 185 1027 17 29 84 8 15 111 615 731 24 17 307 436 252 38 27 83 13 10 16 10 6 133 176 273 213 18 4 10 81 12 127 18 9 8 1 1 0 0 0 1 0 5 0 0 0 1 12 48 832 15 11 70 12 1173 51 1418 81 1 1 0 2 9 1 35 15 5 2 26 2 25 5 2 44 42 260 2 97 1 7 20 188 201 244 1573 3 7 23 3 4 45 5 0 4 13 0 0 1 1 4 0 267 84 22 307 9 4 8 4 37 123 5 5 403 42 5 78 59 4 68 46 7 26 41 0 3 125 17 4 4 0 3 0 2 0
6 1 1 0 31 4 3 0 0 1 1 7 22 8503 6856 115 3359 44 128 15 17 6 142 87 7 16 874 977 83 42 47 33 59 248 4504 3691 356 80 122 972 405 31 67 37 2 26 1462 42 7 0 0 0 1 4 6 6 103 230 2856 929 27 75 179 150 285 2 21 223 293 15 25 10 19 13 228 17 1 1 6 0 17 0 5 9 7 8 8 3 5 6 15 20 3 4 43 93 0 1 3 2 0 0 0 0 0 0 0 1 0 0 0 0 13 10 14 8 45 5 16 20 196 455 152 3 0 0 2 0 0 7 0 0 1 23 2 24 9 1 56 133 2 2 0 0 2 0 3 0 268 29 3 0 3 0 0 1 0 0 0 0 0 0 0 0 0 3 5 1 2 2 1 1 1 2 0 2 0 0 12 1 0 27 20 2 1 6 0 0 0 0 0 2 1 0 0 0 0 0 0 0
6 0 4 3 68 10 1 0 3 0 0 20 24 6856 11545 11279 3642 572 207 1111 90 22 488 284 9 22 355 2025 164 113 147 64 96 191 1649 396 273 161 566 272 1324 112 143 22 5 38 259 76 99 7 5 3 1 12 20 13 151 261 398 314 160 103 131 93 322 4 40 165 350 32 57 16 21 6 336 84 5 2 10 0 28 4 22 20 28 8 9 12 30 14 56 67 8 30 98 318 2 3 8 9 0 0 1 0 0 1 0 0 0 0 0 0 31 37 27 19 35 11 13 38 135 313 69 0 1 1 1 2 2 14 4 0 0 17 2 26 5 3 59 101 19 16 3 1 1 5 7 7 195 43 5 2 1 1 0 1 0 0 0 0 0 1 0 0 1 6 6 4 4 2 1 1 2 3 2 8 1 1 18 4 1 30 10 2 6 12 3 1 11 0 2 11 2 1 2 0 1 0 0 1
3 1 0 1 14 8 3 2 2 1 1 19 46 115 11279 11197 925 4326 2876 2990 25 26 261 204 4 6 236 2218 31 19 19 14 307 172 18 34 345 375 2744 25 674 76 174 17 9 90 15 137 65 6 4 0 3 3 25 6 34 47 31 39 442 93 50 146 126 7 7 52 225 17 68 48 124 12 59 148 2 1 12 0 57 2 16 7 16 3 2 18 37 16 69 67 5 20 69 75 4 1 8 1 0 0 1 0 1 0 0 0 0 0 0 0 39 135 132 42 14 125 10 145 71 972 92 1 0 2 0 4 4 74 3 0 2 10 4 14 7 1 31 42 105 5 9 0 3 3 9 24 206 60 3 1 4 1 2 3 0 0 1 1 0 1 0 1 2 1 24 9 5 7 1 0 2 1 3 4 1 3 32 1 3 25 27 0 5 20 1 4 8 0 1 12 3 1 1 1 2 0 0 0
5 5 10 10 191 37 4 1 0 4 1 47 7 3359 3642 925 3159 272 1111 2067 250 160 986 194 22 18 233 193 254 177 218 118 476 420 375 805 1490 3675 183 345 1546 46 108 23 5 44 195 39 38 7 0 0 9 15 4 10 237 429 386 577 114 29 68 65 67 1 69 241 118 15 20 37 138 70 579 37 3 11 44 0 10 0 34 41 70 12 12 6 15 4 27 28 5 9 58 692 3 8 18 12 0 0 2 2 0 2 1 1 0 3 1 1 109 49 27 62 51 6 22 24 381 355 57 15 18 6 10 12 1 47 11 3 3 119 15 128 26 11 357 531 7 67 4 2 11 11 6 3 594 25 34 3 4 2 2 4 0 1 0 1 3 7 1 2 12 10 7 10 9 7 22 7 16 37 1 9 1 2 16 2 14 240 106 14 3 46 0 3 4 5 4 3 4 2 0 0 12 3 5 10
6 3 5 4 21 22 6 0 2 0 5 70 195 44 572 4326 272 15397 6885 425 27 67 141 941 12 8 537 1109 79 24 39 31 635 191 27 26 238 610 11923 41 682 144 1852 96 32 1727 34 446 151 6 3 3 4 7 42 20 77 78 36 36 4417 218 211 797 449 158 35 83 698 52 236 163 492 43 91 506 8 11 59 0 133 3 44 26 32 18 17 22 64 40 659 177 30 44 302 92 5 9 29 16 2 5 0 0 1 1 0 3 0 1 0 0 19 247 785 34 30 189 18 891 51 1823 60 1 3 3 4 22 2 139 14 7 2 26 11 44 6 1 60 70 468 9 188 3 11 10 96 278 309 942 9 15 17 1 2 26 3 0 1 8 2 2 1 0 8 3 136 103 15 118 5 8 9 8 8 99 4 5 147 13 10 80 31 4 20 65 3 2 19 1 6 38 7 4 9 2 3 3 1 3
4 1 10 3 25 20 3 3 2 5 4 143 4701 128 207 2876 1111 6885 66842 13438 71 80 144 646 24 39 457 680 41 24 26 14 934 149 98 8 593 17422 723 209 558 84 1181 6593 135 4424 115 72 136 37 1 3 8 8 32 29 48 40 80 9 239 47 122 622 281 689 21 87 61 22 22 305 3235 2686 52 54 25 319 145 11 26 16 28 36 32 15 15 46 78 71 308 122 11 33 222 59 10 8 21 6 1 5 2 0 3 1 0 12 0 3 2 5 817 1413 2270 741 205 1013 252 1917 1687 13514 1431 31 22 18 37 103 21 759 34 8 10 223 54 296 186 79 653 1025 1050 232 241 5 42 41 163 748 4573 1222 104 23 20 5 6 24 0 1 0 2 4 9 1 5 30 57 186 160 34 332 25 14 26 64 20 102 3 5 261 38 27 448 797 13 34 310 3 12 26 9 8 64 22 11 35 2 10 4 1 20
2 1 2 2 20 4 0 0 2 0 1 26 22 15 1111 2990 2067 425 13438 5434 34 20 180 172 4 15 79 40 19 7 11 10 390 95 12 5 300 1007 87 102 465 49 85 51 0 53 15 24 63 4 0 0 2 3 7 2 13 29 9 7 69 11 24 14 5 4 11 13 17 12 7 46 327 52 38 31 3 3 17 0 7 1 5 3 7 1 2 11 24 7 45 32 6 12 34 53 2 4 2 2 0 0 0 0 2 0 0 2 0 1 0 0 221 260 88 204 34 99 50 38 306 1420 262 3 4 2 15 13 4 138 6 0 1 33 19 49 54 23 95 144 20 49 7 2 1 8 3 18 613 26 20 4 6 0 2 5 0 1 0 4 2 1 0 1 3 8 2 13 10 3 1 6 7 9 2 11 0 2 15 3 1 47 69 2 3 32 0 1 5 1 4 7 3 4 0 0 2 1 0 6
85 47 107 109 212 306 25 12 21 28 44 558 4 17 90 25 250 27 71 34 8435 10311 4640 142 326 146 34 8 133 177 154 157 640 214 2 7 228 298 13 354 1633 21 97 40 4 13 102 27 28 1 1 1 11 15 3 1359 38 80 10 20 31 31 62 16 10 0 21 90 26 20 20 381 432 40 182 27 49 1 295 1 12 0 112 51 6303 410 161 4 21 17 27 17 8 11 53 431 58 17 219 48 3 1 3 7 1 6 1 5 0 4 4 6 1 0 3 0 3 1 0 3 13 6 0 2 2 0 2 1 0 1 20 2 4 46 1 43 0 1 90 60 0 0 0 1 12 2 1 1 58 5 3 0 2 1 0 2 0 0 0 0 4 7 0 5 3 0 1 2 0 2 8 5 2 3 2 0 0 0 5 2 26 126 35 2 5 35 0 1 2 0 7 3 1 6 12 0 4 0 0 0
57 41 101 118 294 334 32 9 20 30 52 825 16 6 22 26 160 67 80 20 10311 23518 5404 1111 5323 1300 214 18 242 228 204 233 1221 351 23 7 198 383 33 2310 1019 153 737 84 10 48 263 95 145 8 2 2 25 45 32 365 94 134 33 45 92 151 308 73 26 1 119 164 61 82 48 613 742 81 248 120 69 3 496 1 40 3 329 194 4989 1598 531 24 92 49 186 57 24 62 373 779 115 36 3652 320 4 2 10 7 0 7 0 6 1 2 9 8 2 0 7 0 2 0 0 14 34 15 4 3 10 1 2 2 0 2 26 5 10 85 1 89 1 2 147 105 1 4 2 2 14 3 5 1 107 16 2 3 9 2 2 9 0 1 0 1 1 12 1 7 6 0 4 3 3 2 15 3 2 3 2 6 1 1 30 2 36 198 52 1 7 52 2 3 8 0 9 28 1 6 24 3 7 1 0 2
3 2 6 6 20 13 3 3 1 2 7 68 10 142 488 261 986 141 144 180 4640 5404 9163 6439 1044 4468 527 119 95 27 9 25 359 302 39 35 877 651 74 1655 9616 1173 670 48 9 44 240 65 217 10 4 4 11 30 64 93 76 27 39 44 92 40 80 43 12 3 79 128 36 33 20 146 362 20 62 77 6 5 69 2 21 0 73 102 375 148 128 16 57 37 104 148 16 30 214 70 11 8 276 56 1 0 0 1 0 0 0 2 0 0 0 0 0 5 4 1 1 0 1 11 4 18 1 0 0 0 0 0 0 0 3 1 4 17 0 13 0 0 25 17 6 1 1 0 0 2 6 0 20 19 1 2 6 0 0 6 0 1 0 0 1 6 0 1 1 0 0 1 2 1 4 3 2 1 8 2 2 4 26 2 6 47 14 0 6 10 0 5 9 0 1 14 1 0 2 2 1 0 0 0
9 0 5 3 18 5 8 1 1 1 0 14 51 87 284 204 194 941 646 172 142 1111 6439 11635 762 5557 4007 238 277 40 17 2 34 22 225 26 51 76 467 6959 2808 4979 2961 28 7 593 1375 65 473 15 3 11 19 93 123 96 287 45 469 40 961 73 113 302 44 29 269 883 46 49 24 18 63 14 129 79 9 1 16 0 32 1 188 264 228 172 484 30 72 37 281 353 27 41 272 25 7 2 221 104 0 0 1 0 0 1 0 0 0 0 0 0 3 1 25 0 8 4 3 49 31 105 27 1 0 2 0 1 1 1 1 0 1 8 1 12 2 0 26 34 7 1 4 1 2 2 16 1 56 75 2 1 17 0 0 5 0 0 0 2 0 2 0 1 0 0 21 8 4 9 0 2 0 1 8 11 5 4 39 1 2 23 7 0 2 4 2 0 12 0 1 25 3 0 0 0 0 0 0 0
14 4 8 8 33 37 3 1 0 6 4 65 3 7 9 4 22 12 24 4 326 5323 1044 762 6649 1479 171 5 255 32 28 14 77 13 6 3 19 39 11 3362 392 46 335 23 2 12 740 20 21 5 1 1 22 87 12 69 195 12 10 3 23 32 80 58 9 0 355 68 13 21 9 51 106 19 69 29 8 1 47 0 11 0 224 424 810 701 1705 6 11 11 37 14 5 14 98 74 4 4 2647 1705 0 0 0 0 0 1 0 2 0 0 1 1 0 0 2 0 0 0 1 0 12 10 2 0 0 0 1 0 0 0 6 0 0 16 2 31 0 0 54 44 0 1 1 0 1 0 1 0 46 5 0 1 2 0 1 1 0 0 0 1 0 0 0 1 2 0 0 1 0 3 1 2 0 1 0 1 0 0 11 0 5 44 19 1 1 9 1 1 1 0 1 3 1 0 4 0 2 0 0 0
2 0 2 0 0 0 0 0 0 0 1 6 0 16 22 6 18 8 39 15 146 1300 4468 5557 1479 2926 298 3 49 4 2 0 5 2 31 4 9 8 3 6467 432 120 135 5 0 6 284 6 22 0 0 0 2 24 6 17 41 2 52 2 1 8 25 11 1 0 56 71 2 3 3 4 14 2 6 11 0 0 1 0 0 0 35 76 81 68 187 3 2 4 15 6 1 6 19 2 0 0 74 31 0 0 0 0 0 0 0 0 0 0 0 0 0 0 0 0 2 1 0 2 2 6 2 0 0 0 0 0 0 0 1 0 0 3 0 1 0 0 11 3 0 0 0 0 0 0 0 0 7 1 0 0 0 0 0 0 0 0 0 0 0 0 0 0 0 0 0 0 0 0 0 0 0 0 0 0 1 0 1 0 0 9 3 0 0 1 0 0 0 0 0 1 2 0 0 0 0 0 0 0
3 1 0 2 9 1 3 1 0 0 0 8 58 874 355 236 233 537 457 79 34 214 527 4007 171 298 25613 8548 213 47 38 7 28 124 4625 186 114 62 303 2891 477 65 1024 19 2 91 1426 20 38 4 0 1 8 69 16 23 279 157 1062 206 38 71 222 2254 330 5 157 1089 72 16 15 11 41 6 238 16 0 1 9 1 5 0 75 152 97 66 189 4 14 5 44 27 8 11 99 37 1 3 72 66 0 1 0 0 1 0 0 0 0 0 0 1 3 6 39 6 27 15 20 61 154 520 163 3 0 1 0 0 0 4 1 0 0 14 2 28 2 0 57 62 23 0 5 0 1 2 4 3 237 58 1 0 2 0 0 1 0 0 1 1 0 0 0 0 1 1 8 6 1 2 1 1 3 3 1 11 0 1 17 4 2 20 12 0 2 9 0 3 2 0 0 7 3 0 1 0 0 0 0 0
2 1 2 2 26 3 2 0 1 0 2 10 207 977 2025 2218 193 1109 680 40 8 18 119 238 5 3 8548 11199 162 88 89 28 59 166 1173 166 158 52 2083 458 415 63 351 25 8 226 240 59 71 10 1 4 0 12 17 9 197 265 359 291 80 159 482 2833 1823 17 64 443 570 30 56 11 23 7 298 54 2 2 9 0 37 0 27 21 18 8 14 11 23 15 87 45 8 14 134 135 2 2 7 16 0 0 0 0 0 0 0 1 0 0 0 0 1 23 133 7 13 34 7 318 82 665 79 1 0 1 0 2 0 11 2 0 0 16 0 18 4 1 25 52 93 2 13 0 4 3 11 15 149 190 0 0 0 1 1 11 0 0 0 2 0 0 0 0 0 1 36 15 6 21 0 0 1 0 4 23 2 1 41 16 1 39 11 1 8 6 1 1 6 0 0 15 4 2 1 0 0 0 0 1
12110 567 1296 937 2939 1021 4215 900 119 479 291 1483 25 83 164 31 254 79 41 19 133 242 95 277 255 49 213 162 45266 9452 3483 230 511 188 57 33 168 122 189 253 451 38 358 25 16 62 185 401 94 20 18 17 2343 3928 417 147 5869 186 34 53 197 1311 979 160 357 5 6535 290 775 298 537 573 177 61 2778 232 248 14 389 2 237 5 1340 1689 459 172 850 35 109 45 142 141 56 96 418 1506 181 6123 352 1368 114 64 106 158 23 183 15 46 21 43 110 157 0 2 25 0 0 3 3 23 5 26 0 26 19 1 14 0 0 0 383 10 76 452 1 106 0 0 64 15 6 2 6 9 99 1 17 5 28 57 2 1 10 17 3 19 0 10 1 1 20 134 5 109 46 1 12 8 7 3 95 57 7 2 8 11 1 3 62 11 450 408 49 2 14 302 4 14 12 6 74 31 8 25 211 30 25 1 0 2
11430 2875 1035 2786 7510 1803 1127 492 189 457 271 1420 10 42 113 19 177 24 24 7 177 228 27 40 32 4 47 88 9452 19575 8801 310 443 148 13 17 126 99 96 24 642 14 82 7 7 32 30 143 34 5 12 26 650 590 202 237 1848 105 12 31 92 416 267 47 165 1 929 117 345 117 223 248 68 38 1474 90 75 0 103 2 112 3 1049 921 873 203 157 12 28 12 41 128 34 31 104 1065 141 1299 113 641 149 46 137 201 24 201 10 60 33 64 186 173 0 2 6 0 0 0 2 17 2 23 0 7 2 0 2 0 0 0 250 5 60 235 1 32 0 0 14 6 6 0 3 9 43 2 9 4 7 20 0 1 0 7 1 4 2 7 1 3 26 84 5 77 25 0 9 4 1 2 53 23 6 1 4 8 3 2 19 2 366 108 6 2 2 126 1 1 5 2 29 7 4 13 169 24 9 2 1 3
381 113 135 1772 12234 1239 317 46 21 77 46 657 14 47 147 19 218 39 26 11 154 204 9 17 28 2 38 89 3483 8801 18649 243 446 225 11 18 140 95 101 17 633 10 62 7 5 26 31 114 24 3 7 9 191 339 76 183 7949 133 27 42 76 164 137 36 133 3 792 177 248 39 112 128 79 13 4162 59 26 1 74 0 70 3 566 657 679 240 158 11 8 3 18 54 18 14 37 2989 46 354 168 4668 32 12 17 33 2 35 3 9 8 13 17 33 0 1 7 0 0 1 0 13 0 17 0 1 0 1 0 1 0 0 54 0 9 59 0 19 1 0 14 7 4 0 2 2 5 1 0 1 8 22 1 0 3 2 0 4 2 0 0 0 9 15 1 18 4 1 5 0 0 4 9 6 0 0 4 6 1 0 7 1 66 47 6 1 3 27 2 0 2 0 15 7 0 2 23 5 2 0 0 1
89 11 26 211 1236 3685 54 14 17 40 55 1928 2 33 64 14 118 31 14 10 157 233 25 2 14 0 7 28 230 310 243 2803 3669 2132 7 12 145 172 32 5 148 2 7 4 0 9 13 18 1 0 2 4 36 32 16 33 21 4356 45 571 31 15 5 9 15 0 23 112 40 1 11 162 104 7 2677 16 14 1 75 0 15 0 132 107 138 59 3 3 0 1 11 9 2 1 7 4502 75 67 64 6 26 7 31 31 3 37 2 11 8 9 43 40 0 1 1 0 1 1 0 6 1 7 1 1 1 0 1 0 0 1 59 0 15 65 0 25 0 0 16 5 2 0 1 0 11 0 3 0 10 5 1 1 0 5 0 0 0 1 0 1 3 21 0 21 11 0 2 0 0 0 13 8 4 1 0 1 1 0 6 1 82 56 9 1 1 33 0 0 1 0 14 3 1 5 41 2 3 1 0 1
92 19 63 99 1036 1592 73 22 65 56 72 5709 50 59 96 307 476 635 934 390 640 1221 359 34 77 5 28 59 511 443 446 3669 11361 6170 21 24 531 1997 134 54 625 11 86 47 11 241 39 56 19 4 4 5 89 89 69 132 72 3100 157 878 262 46 36 27 52 8 68 470 86 18 22 3109 1452 76 2892 31 67 16 426 1 19 2 425 362 592 184 36 5 13 10 113 50 10 8 48 6607 153 130 236 52 60 21 36 70 16 61 3 25 14 20 48 58 9 8 17 4 9 6 4 27 29 83 3 23 21 3 9 1 0 3 181 9 32 388 6 236 5 0 269 96 6 5 3 8 87 3 15 5 158 39 10 1 4 7 1 8 3 12 3 3 29 104 3 63 47 2 13 5 1 4 95 55 23 14 4 8 5 3 32 4 230 684 105 8 4 222 2 2 5 10 64 13 4 28 103 9 36 5 0 5
10 5 6 14 306 95 16 4 4 11 8 226 9 248 191 172 420 191 149 95 214 351 302 22 13 2 124 166 188 148 225 2132 6170 8244 126 165 1147 994 110 91 344 1 43 12 3 45 78 21 7 1 2 1 24 29 8 28 64 4250 1402 5034 79 34 84 55 114 1 34 1784 119 11 20 266 246 23 2195 22 14 7 145 0 8 1 111 92 116 54 12 4 3 3 33 22 6 4 31 1744 15 23 51 11 7 3 2 8 2 2 0 3 3 0 1 6 3 2 7 2 4 3 1 16 19 26 3 11 5 3 1 0 0 3 35 1 4 105 3 129 1 0 159 81 6 1 0 1 22 0 3 2 91 10 1 3 0 2 0 1 1 0 0 2 3 31 2 15 21 0 6 4 3 0 26 13 11 5 0 1 1 3 10 2 18 266 41 6 2 56 0 1 1 1 14 5 1 3 6 2 16 2 0 0
1 0 3 1 1 0 0 0 0 0 0 2 8 4504 1649 18 375 27 98 12 2 23 39 225 6 31 4625 1173 57 13 11 7 21 126 5195 1422 153 49 33 5311 68 6 194 22 1 17 1889 3 4 1 0 0 4 6 3 3 53 99 1973 369 11 28 115 257 94 1 32 277 53 2 5 5 17 7 68 7 0 0 3 0 6 0 11 26 14 6 16 0 4 1 7 7 3 2 27 6 0 1 7 3 0 0 0 0 0 0 0 0 0 0 0 0 9 1 14 10 38 13 16 13 233 679 171 0 0 1 1 4 0 2 1 0 0 21 0 25 2 3 48 100 0 4 1 0 1 0 1 0 264 15 1 2 0 0 0 0 0 0 0 0 0 0 0 0 1 0 4 1 0 0 2 1 0 0 0 1 0 1 8 0 0 21 12 3 2 5 0 0 0 0 0 4 0 0 0 0 0 0 0 1
0 0 0 0 14 2 0 0 0 0 0 5 4 3691 396 34 805 26 8 5 7 7 35 26 3 4 186 166 33 17 18 12 24 165 1422 1578 670 83 22 346 54 2 31 1 0 6 566 4 3 0 0 0 0 0 1 1 30 81 2091 862 11 7 46 38 52 1 7 98 55 2 7 4 4 1 89 8 1 0 4 0 1 0 2 10 5 1 0 0 0 0 4 1 0 0 12 48 0 1 0 2 0 0 0 0 0 0 0 1 0 0 0 0 0 2 2 0 6 0 2 3 15 29 10 2 0 0 0 0 0 0 0 0 1 2 0 6 1 0 16 20 1 1 1 0 1 1 2 0 24 6 1 0 1 0 0 0 0 0 0 0 0 0 0 0 0 0 1 0 0 2 0 0 0 3 0 1 0 0 3 0 1 12 2 1 0 1 0 0 2 0 0 0 1 0 0 0 0 0 0 1
8 2 10 9 164 38 9 2 0 3 6 70 9 356 273 345 1490 238 593 300 228 198 877 51 19 9 114 158 168 126 140 145 531 1147 153 670 6108 2641 129 125 798 11 51 16 5 59 131 30 9 3 0 1 9 11 2 10 121 435 575 428 93 17 63 43 78 1 35 336 100 6 11 96 167 24 515 33 4 4 60 0 13 0 27 24 66 20 14 1 5 0 30 9 1 4 25 748 6 2 24 10 1 2 1 0 2 2 0 0 0 0 0 1 5 7 9 5 16 5 1 16 87 97 9 11 13 2 6 3 3 3 17 4 7 106 2 149 6 0 266 231 8 7 1 1 19 3 7 3 246 25 19 4 4 1 0 2 0 1 0 0 7 13 1 7 14 4 5 3 2 3 24 14 16 23 1 5 1 0 9 3 8 271 72 14 2 58 0 1 2 1 13 3 1 2 3 0 8 0 0 6
16 2 11 10 114 54 6 3 0 4 6 145 359 80 161 375 3675 610 17422 1007 298 383 651 76 39 8 62 52 122 99 95 172 1997 994 49 83 2641 14038 104 94 702 13 124 606 39 591 138 32 22 10 0 5 9 12 6 30 40 432 246 228 249 24 45 29 41 39 18 330 60 8 12 188 5449 684 486 24 11 284 121 7 9 7 64 46 85 41 31 10 16 20 156 16 1 5 61 631 12 12 53 13 7 5 0 3 0 4 3 2 1 0 5 6 207 117 72 120 111 26 40 81 669 958 146 41 38 13 37 22 11 94 35 7 11 367 27 397 54 19 937 1143 20 111 15 6 50 10 34 12 1535 119 86 8 9 5 3 6 2 5 1 1 8 33 0 6 29 28 31 38 13 10 48 30 49 101 9 16 1 1 50 14 47 782 389 43 14 183 4 2 7 14 32 20 11 14 12 3 20 9 5 37
5 0 6 5 60 12 2 3 0 1 1 22 345 122 566 2744 183 11923 723 87 13 33 74 467 11 3 303 2083 189 96 101 32 134 110 33 22 129 104 13089 19 413 104 1046 48 71 654 25 917 133 13 3 6 8 14 30 17 188 150 49 83 10172 504 393 876 3071 38 55 113 3253 90 440 33 55 10 234 1470 7 8 17 1 234 3 31 23 28 12 11 26 47 21 333 127 26 30 267 164 12 3 12 12 1 0 0 0 1 0 0 2 0 0 0 0 2 57 381 6 8 52 6 615 12 566 12 2 3 1 1 11 3 38 9 2 1 16 4 31 2 2 32 28 207 2 113 2 3 9 89 106 94 752 0 7 15 1 0 16 1 1 0 4 0 3 0 1 5 1 156 88 23 61 1 3 4 4 15 77 2 4 107 13 2 59 5 2 26 11 5 7 13 0 1 46 4 2 3 0 1 1 0 1
3 5 2 2 7 11 1 1 0 1 2 21 7 972 272 25 345 41 209 102 354 2310 1655 6959 3362 6467 2891 458 253 24 17 5 54 91 5311 346 125 94 19 7032 580 84 819 36 0 16 5400 20 42 2 1 0 19 104 13 37 175 91 1530 242 35 55 189 318 35 2 236 918 48 22 15 18 46 17 127 36 1 0 17 0 8 1 105 269 293 183 634 7 17 9 47 20 6 13 183 19 2 5 225 101 0 0 0 0 1 0 0 0 0 0 0 0 6 2 8 8 43 12 17 10 239 571 179 1 1 1 4 0 0 5 3 1 1 22 1 42 3 1 75 130 5 9 0 1 1 0 6 1 291 7 1 0 0 0 0 2 0 0 0 1 0 2 0 1 0 0 4 0 0 1 2 0 1 4 1 1 1 0 7 0 1 43 28 3 0 5 0 0 2 0 0 5 2 0 0 0 0 0 0 0
731 353 673 529 520 578 148 276 42 183 113 915 41 405 1324 674 1546 682 558 465 1633 1019 9616 2808 392 432 477 415 451 642 633 148 625 344 68 54 798 702 413 580 10679 4801 1156 114 58 387 203 352 2547 91 83 96 130 61 1806 1345 202 145 62 53 798 245 197 107 66 37 126 235 178 191 146 415 501 71 632 423 116 13 385 21 207 22 1396 154 798 138 269 207 497 212 845 1404 144 283 454 798 83 128 276 178 31 10 24 22 11 34 4 13 3 9 23 34 0 4 27 1 0 2 1 27 21 39 6 8 5 0 2 2 1 0 93 3 15 155 2 94 0 0 79 40 10 4 8 9 27 6 39 5 61 89 2 29 58 7 7 70 23 9 4 32 9 39 1 27 15 2 9 15 35 21 33 21 5 3 27 17 13 27 147 12 130 240 47 4 34 123 22 45 111 2 26 135 36 14 44 4 10 1 0 3
10 2 4 3 6 7 6 4 0 4 0 9 21 31 112 76 46 144 84 49 21 153 1173 4979 46 120 65 63 38 14 10 2 11 1 6 2 11 13 104 84 4801 5766 3928 16 21 256 58 78 1981 22 16 19 9 13 140 43 30 6 10 6 491 30 15 18 17 14 25 44 58 33 17 9 21 15 15 138 4 3 7 3 40 6 101 30 28 26 34 41 128 62 361 619 22 58 146 6 8 0 24 13 0 0 0 1 0 0 0 0 0 0 0 0 0 0 11 0 0 1 3 13 4 12 0 0 0 0 0 1 0 1 2 0 0 5 0 3 1 0 4 5 2 0 3 0 3 5 17 1 5 46 0 8 8 1 0 14 1 0 0 4 1 0 0 0 0 0 12 7 8 4 0 1 0 0 5 12 3 4 48 6 1 6 1 0 5 1 2 7 17 0 0 33 9 1 0 0 0 0 0 0
7 2 6 6 23 14 3 2 8 4 6 38 219 67 143 174 108 1852 1181 85 97 737 670 2961 335 135 1024 351 358 82 62 7 86 43 194 31 51 124 1046 819 1156 3928 6966 162 165 2373 780 291 2286 65 8 11 36 87 73 77 423 77 383 46 4435 356 953 3269 385 160 316 818 707 154 94 51 171 30 189 1099 45 15 40 3 78 1 174 283 231 181 334 40 277 201 3539 297 52 186 3031 81 41 12 226 122 0 0 0 1 1 0 0 1 0 0 1 0 1 11 111 1 10 3 5 186 36 198 24 0 1 0 0 7 0 10 2 0 1 25 2 23 2 0 38 44 36 2 24 0 2 17 105 18 79 465 2 18 24 1 7 49 2 0 2 8 1 2 0 0 5 1 104 60 23 57 4 4 3 3 31 99 0 10 367 54 3 49 17 1 77 20 4 29 30 0 0 119 16 2 7 1 1 0 1 1
1 1 3 1 10 15 1 2 18 5 22 155 5084 37 22 17 23 96 6593 51 40 84 48 28 23 5 19 25 25 7 7 4 47 12 22 1 16 606 48 36 114 16 162 10356 2001 807 50 103 65 381 7 24 13 11 9 9 10 13 20 9 93 11 63 31 27 444 9 56 64 11 17 346 2486 3056 30 38 930 4242 1454 85 51 244 45 36 38 16 16 223 216 317 415 27 11 11 137 17 218 14 23 9 1 4 2 3 2 3 2 3 1 2 1 6 106 70 168 61 66 76 39 147 494 1662 273 22 17 9 10 9 2 51 25 8 7 217 10 273 24 9 622 568 40 45 22 4 26 13 92 25 1372 372 34 10 31 2 3 45 2 2 5 8 5 15 0 11 22 8 109 60 23 37 28 16 16 37 34 74 8 9 360 40 32 644 539 15 62 165 1 27 42 2 13 119 21 1 10 4 17 8 2 7
3 0 2 1 1 3 3 1 107 9 12 83 3375 2 5 9 5 32 135 0 4 10 9 7 2 0 2 8 16 7 5 0 11 3 1 0 5 39 71 0 58 21 165 2001 9057 1221 1 214 95 4866 9 64 9 2 9 6 10 1 1 0 86 57 146 15 50 1373 8 4 180 30 46 193 177 586 5 71 1535 1073 375 174 155 984 22 4 7 5 1 1193 972 3667 1673 42 21 19 188 5 761 55 5 1 0 4 0 2 0 4 1 6 2 1 0 4 3 3 148 4 6 5 1 167 5 77 1 2 1 3 2 5 1 10 32 9 2 21 4 26 0 0 18 16 45 2 40 4 8 74 422 41 51 1072 2 54 140 15 24 318 17 4 8 50 1 6 0 7 8 4 214 146 84 293 9 16 9 5 208 364 30 87 2469 330 17 80 16 9 295 64 28 196 192 2 5 813 91 5 14 4 3 2 1 5
8 3 2 3 18 19 4 1 8 2 4 67 1480 26 38 90 44 1727 4424 53 13 48 44 593 12 6 91 226 62 32 26 9 241 45 17 6 59 591 654 16 387 256 2373 807 1221 7084 32 214 212 98 6 25 4 20 26 17 95 32 26 13 587 79 409 456 481 1074 39 56 513 39 35 168 679 112 50 160 78 16 93 13 42 21 46 36 30 18 23 76 227 939 2960 139 18 55 638 52 64 9 42 12 3 3 0 3 2 0 0 12 0 0 2 3 10 98 1243 21 18 63 25 1194 57 972 44 2 2 5 6 36 2 86 32 11 2 52 14 58 10 4 70 89 346 14 351 4 11 64 864 238 286 3366 18 24 73 4 10 112 3 1 2 12 0 4 4 2 14 9 641 494 80 416 6 26 24 20 53 460 6 32 1395 148 14 136 46 13 193 102 24 36 67 3 4 235 38 8 18 3 5 1 1 6
6 1 7 1 6 3 2 0 0 1 1 13 7 1462 259 15 195 34 115 15 102 263 240 1375 740 284 1426 240 185 30 31 13 39 78 1889 566 131 138 25 5400 203 58 780 50 1 32 7573 20 17 0 1 0 13 60 7 16 282 74 1766 225 37 88 294 349 76 2 220 1416 72 21 10 18 84 40 105 27 1 1 25 0 8 0 89 147 123 153 1643 0 11 7 28 12 12 5 172 23 1 3 213 168 0 0 0 0 0 1 0 2 0 0 1 0 4 1 6 2 28 4 5 15 129 149 27 4 3 1 4 1 0 0 3 0 3 53 2 68 5 4 149 192 1 1 2 0 5 2 2 1 275 26 5 1 0 0 0 3 0 0 0 0 0 2 0 1 3 3 6 1 1 2 5 1 4 10 0 2 0 0 10 1 9 130 45 3 1 22 0 1 1 1 2 2 1 0 0 0 1 1 0 0
24 6 21 6 95 27 11 5 3 7 0 37 66 42 76 137 39 446 72 24 27 95 65 65 20 6 20 59 401 143 114 18 56 21 3 4 30 32 917 20 352 78 291 103 214 214 20 22658 873 394 8 35 15 39 63 49 359 48 20 12 949 8544 1421 66 175 49 124 54 5705 1166 3826 21 61 25 108 18459 54 10 32 25 1489 104 106 88 86 39 14 1809 6356 1110 3837 380 317 793 1978 230 33 12 48 46 3 5 1 1 0 0 0 5 2 0 0 0 1 10 23 3 3 10 1 30 5 13 8 3 2 9 18 7 2 6 17 9 2 15 2 24 0 0 27 10 23 13 21 6 15 134 166 9 26 141 6 388 1010 33 70 699 59 21 71 217 3 11 0 1 6 1 56 151 474 36 17 19 12 10 491 203 176 437 1261 114 0 39 17 7 392 26 167 266 1347 4 11 1738 485 6 13 0 4 1 4 9
52 11 40 15 19 11 33 27 7 12 8 31 32 7 99 65 38 151 136 63 28 145 217 473 21 22 38 71 94 34 24 1 19 7 4 3 9 22 133 42 2547 1981 2286 65 95 212 17 873 9343 203 113 65 43 17 340 118 41 13 7 2 457 249 180 38 28 65 40 21 141 671 382 28 44 39 26 698 38 8 34 30 587 43 322 62 58 38 25 778 1072 487 1574 10921 364 4034 8274 27 46 24 43 19 0 0 1 1 0 0 0 2 0 0 2 3 0 1 9 2 1 1 1 6 1 7 1 0 3 0 2 2 0 1 5 3 4 15 0 8 0 0 3 10 6 2 4 7 4 20 36 0 7 59 1 50 109 4 10 110 17 5 11 49 0 1 0 1 3 0 18 30 44 14 5 4 2 1 53 39 36 68 292 20 6 22 8 0 59 9 45 93 228 0 2 287 54 0 1 1 0 1 1 1
6 1 2 2 2 0 7 1 81 4 2 19 331 0 7 6 7 6 37 4 1 8 10 15 5 0 4 10 20 5 3 0 4 1 1 0 3 10 13 2 91 22 65 381 4866 98 0 394 203 5773 112 633 6 3 20 6 13 2 4 1 30 361 108 2 9 1883 9 1 84 83 100 59 39 884 1 139 753 233 121 1859 238 5734 22 12 9 2 2 1204 1014 3371 367 97 56 70 403 3 550 40 3 4 2 4 2 2 0 1 1 1 0 2 1 4 1 4 21 3 3 11 4 16 0 10 4 1 3 13 14 12 2 2 32 6 0 11 4 9 3 0 6 3 19 6 8 8 12 156 146 12 19 162 6 244 804 29 62 689 86 19 38 167 1 7 0 3 6 2 35 108 365 130 11 23 4 8 502 131 109 291 1658 118 7 27 9 8 379 20 111 829 891 8 5 2031 303 6 5 1 5 3 4 8
28 2 22 4 6 2 12 6 4 5 1 6 4 0 5 4 0 3 1 0 1 2 4 3 1 0 0 1 18 12 7 2 4 2 0 0 0 0 3 1 83 16 8 7 9 6 1 8 113 112 9021 10242 19 0 125 8 6 2 0 0 13 7 5 0 0 26 8 0 2 170 13 10 6 88 8 19 28 2 12 1751 611 152 82 6 5 1 1 134 38 16 33 5077 3631 148 23 4 32 9 3 1 2 0 1 0 1 0 0 0 0 0 0 1 0 0 0 0 0 0 0 0 0 1 0 0 0 0 0 0 0 0 3 0 0 4 0 1 0 0 1 0 0 1 0 1 3 0 5 1 0 1 0 4 5 6 1 8 1274 213 561 390 3 0 0 1 0 0 0 1 2 3 1 0 0 0 1 0 159 12 16 0 2 2 1 0 4 5 36 13 177 0 3 21 18 0 0 1 0 0 0 0
17 8 15 5 4 9 11 9 28 9 2 23 14 0 3 0 0 3 3 0 1 2 4 11 1 0 1 4 17 26 9 4 5 1 0 0 1 5 6 0 96 19 11 24 64 25 0 35 65 633 10242 25140 18 3 85 13 4 4 0 0 13 11 7 3 1 218 5 0 9 80 29 14 15 654 8 28 153 21 18 15174 2702 1719 74 6 5 4 2 1236 181 68 70 1478 3198 41 22 7 195 17 5 1 7 1 1 0 0 0 1 2 3 1 2 3 0 0 1 0 0 0 0 2 0 0 0 0 0 0 2 0 0 1 3 0 0 4 0 3 0 0 2 0 0 0 1 6 5 6 5 1 0 4 0 20 19 30 4 33 4427 817 2308 1532 14 3 0 0 1 0 2 1 5 34 5 0 0 1 3 1 684 80 58 1 3 5 47 1 2 10 250 55 937 0 9 75 78 1 4 2 0 0 0 0
1020 102 419 129 291 160 1112 448 118 358 67 304 6 1 1 3 9 4 8 2 11 25 11 19 22 2 8 0 2343 650 191 36 89 24 4 0 9 9 8 19 130 9 36 13 9 4 13 15 43 6 19 18 13355 11811 8370 81 265 36 1 4 15 50 50 11 11 4 198 24 28 16 14 96 68 16 212 12 55 9 150 4 18 1 2220 989 78 47 71 16 18 10 23 142 14 16 34 128 86 6554 58 92 6 5 8 8 1 13 1 1 4 1 8 12 0 0 1 0 0 0 0 3 5 1 0 2 6 0 2 0 0 0 39 2 7 58 0 41 0 0 23 5 0 0 0 4 12 0 2 2 9 10 0 2 0 0 0 3 0 0 2 2 2 14 1 11 7 0 0 0 0 2 9 6 1 0 1 0 1 1 9 0 43 100 20 0 0 45 1 0 3 0 7 2 0 0 16 2 3 0 0 0
807 95 316 164 280 167 573 268 37 155 39 258 2 4 12 3 15 7 8 3 15 45 30 93 87 24 69 12 3928 590 339 32 89 29 6 0 11 12 14 104 61 13 87 11 2 20 60 39 17 3 0 3 11811 7456 494 19 962 39 1 6 19 137 161 36 39 3 1544 101 70 49 51 102 78 22 482 41 49 2 136 1 24 1 857 5359 50 168 361 8 26 11 36 22 17 19 100 201 30 2005 367 531 8 3 12 14 0 16 2 7 3 7 8 12 0 0 2 1 0 0 0 2 1 4 0 5 4 2 0 1 0 0 40 2 6 83 1 37 0 0 19 9 0 0 0 2 23 1 1 0 7 5 0 0 1 2 0 1 0 1 0 1 5 17 0 15 8 0 4 1 2 0 15 6 1 0 2 0 0 0 4 1 53 103 16 0 3 65 1 2 1 0 8 6 0 1 15 3 6 3 1 0
345 44 174 75 84 74 335 171 27 111 16 140 5 6 20 25 4 42 32 7 3 32 64 123 12 6 16 17 417 202 76 16 69 8 3 1 2 6 30 13 1806 140 73 9 9 26 7 63 340 20 125 85 8370 494 14701 1677 52 15 1 4 53 34 25 7 6 5 52 22 17 51 34 60 41 10 132 44 26 4 94 11 59 6 4222 138 39 62 51 75 79 34 92 1865 82 70 74 76 22 1096 68 34 4 3 2 4 2 3 0 3 1 0 4 10 0 0 4 0 0 1 0 1 1 2 0 0 2 0 2 0 0 1 25 0 5 39 0 19 0 0 12 4 0 0 1 3 4 1 5 0 7 4 1 8 7 1 0 17 9 1 2 8 1 7 0 8 5 0 2 0 9 0 4 4 0 0 3 2 5 12 20 2 31 60 10 0 6 25 7 9 31 1 5 23 4 0 9 1 2 0 0 0
300 111 256 152 160 171 79 137 17 83 32 269 9 6 13 6 10 20 29 2 1359 365 93 96 69 17 23 9 147 237 183 33 132 28 3 1 10 30 17 37 1345 43 77 9 6 17 16 49 118 6 8 13 81 19 1677 3645 70 41 5 3 23 52 49 13 10 2 41 33 27 33 20 112 68 17 221 26 56 2 125 5 27 1 4815 64 2754 260 83 24 40 19 57 183 24 29 61 214 26 66 195 82 5 2 7 10 1 6 1 5 1 2 13 8 0 0 2 0 0 1 0 1 0 4 1 4 1 0 1 0 0 0 24 1 8 83 0 28 0 0 33 6 0 0 0 1 14 1 5 0 10 6 1 5 4 1 0 7 0 1 2 2 4 21 1 9 4 0 1 1 8 2 14 7 1 2 2 2 2 1 14 1 50 68 9 0 3 41 4 3 15 1 14 11 4 0 14 1 7 2 0 0
61 53 86 146 1214 128 14 9 4 17 17 176 24 103 151 34 237 77 48 13 38 94 76 287 195 41 279 197 5869 1848 7949 21 72 64 53 30 121 40 188 175 202 30 423 10 10 95 282 359 41 13 6 4 265 962 52 70 9125 120 31 18 156 1206 1089 224 444 8 8424 659 849 272 482 69 47 14 5702 178 20 0 31 0 198 1 463 1633 260 531 1891 22 82 30 122 64 46 68 417 1308 13 73 1140 6694 16 3 6 14 2 13 0 6 5 6 8 12 1 3 20 0 0 0 0 44 9 18 0 7 2 0 1 0 0 0 28 2 13 65 0 19 0 0 32 18 9 0 7 1 4 2 17 6 19 74 1 1 7 0 2 13 0 1 1 1 1 18 0 11 2 0 9 3 10 3 17 4 1 0 11 16 4 2 39 5 49 62 15 1 7 35 2 5 10 2 8 22 5 3 22 1 3 1 0 0
10 4 5 9 173 105 7 5 2 3 7 276 15 230 261 47 429 78 40 29 80 134 27 45 12 2 157 265 186 105 133 4356 3100 4250 99 81 435 432 150 91 145 6 77 13 1 32 74 48 13 2 2 4 36 39 15 41 120 6038 392 3867 65 85 152 94 254 3 36 1818 224 17 32 220 259 8 5911 36 7 2 122 0 22 0 169 169 94 37 15 5 3 2 20 21 6 5 37 2488 7 21 29 35 2 4 2 3 1 1 1 2 1 1 5 7 1 0 8 0 3 0 0 16 14 27 3 1 2 3 1 0 0 0 9 0 3 59 4 70 0 0 104 56 5 2 4 2 7 0 6 4 58 27 2 0 1 2 0 3 0 1 0 1 0 14 1 10 8 0 7 2 0 1 12 5 6 2 0 4 1 0 8 0 14 123 22 1 0 22 0 0 0 0 5 6 0 0 4 1 1 0 0 3
1 0 0 0 22 5 0 1 0 0 0 16 10 2856 398 31 386 36 80 9 10 33 39 469 10 52 1062 359 34 12 27 45 157 1402 1973 2091 575 246 49 1530 62 10 383 20 1 26 1766 20 7 4 0 0 1 1 1 5 31 392 3425 5863 35 86 291 318 201 3 11 1604 155 17 16 10 33 23 260 13 1 1 17 0 6 0 10 13 10 11 16 1 1 1 15 3 3 3 98 61 0 0 4 3 0 1 0 0 0 1 0 0 0 0 1 0 3 2 5 2 24 1 4 12 109 114 31 6 1 1 4 0 0 5 5 0 3 55 1 66 3 0 182 208 3 10 2 0 4 1 3 0 242 20 9 0 0 0 0 1 1 0 0 0 0 4 0 1 3 2 4 4 2 2 7 3 7 9 2 1 1 2 7 0 3 143 37 7 3 22 0 0 2 3 5 4 0 2 1 1 1 1 0 4
3 1 2 4 65 15 1 1 0 0 3 36 9 929 314 39 577 36 9 7 20 45 44 40 3 2 206 291 53 31 42 571 878 5034 369 862 428 228 83 242 53 6 46 9 0 13 225 12 2 1 0 0 4 6 4 3 18 3867 5863 3066 23 29 78 50 134 1 11 1628 96 1 12 52 50 4 956 17 3 2 22 0 7 0 14 19 19 7 5 0 0 0 4 7 0 1 18 364 1 1 7 0 1 0 0 1 0 1 1 1 0 0 0 1 0 0 3 0 2 1 0 4 7 25 1 3 2 0 0 0 0 1 5 2 0 50 0 48 1 0 66 39 1 1 0 0 3 0 0 1 44 12 2 1 0 0 0 1 0 0 0 0 1 4 0 0 7 0 1 3 0 0 7 2 2 2 0 2 1 1 3 1 2 63 8 4 1 15 0 0 1 1 2 1 0 1 1 2 3 0 0 0
7 3 6 1 64 17 3 3 3 3 2 78 63 27 160 442 114 4417 239 69 31 92 92 961 23 1 38 80 197 92 76 31 262 79 11 11 93 249 10172 35 798 491 4435 93 86 587 37 949 457 30 13 13 15 19 53 23 156 65 35 23 18132 320 1045 492 673 85 75 86 6279 125 223 97 262 19 146 7248 18 6 44 5 174 4 59 57 71 39 19 62 181 78 3859 320 43 120 1848 230 11 7 54 24 0 2 1 0 1 0 0 4 0 0 0 2 2 26 307 5 7 18 4 219 15 162 6 2 4 3 6 30 2 30 26 6 5 33 8 49 1 1 57 43 101 9 135 2 3 42 373 42 106 1081 8 15 26 4 4 76 4 0 1 9 2 6 1 4 14 9 264 238 39 78 9 16 18 15 37 256 5 20 637 93 6 97 15 2 134 39 8 27 57 2 3 151 21 6 8 2 3 0 2 4
8 5 9 10 105 23 8 2 3 3 2 26 15 75 103 93 29 218 47 11 31 151 40 73 32 8 71 159 1311 416 164 15 46 34 28 7 17 24 504 55 245 30 356 11 57 79 88 8544 249 361 7 11 50 137 34 52 1206 85 86 29 320 16911 12238 734 530 6 473 274 2674 4541 2434 11 21 11 192 756 15 1 4 18 532 61 176 294 216 119 89 188 506 357 525 229 420 2716 2266 236 19 10 115 100 3 2 0 0 1 0 0 2 0 0 0 0 0 2 11 2 1 9 7 10 6 14 4 3 1 5 6 8 2 5 4 5 3 6 0 17 0 0 10 9 4 8 3 9 16 58 69 4 25 91 6 256 621 19 46 265 50 12 36 147 0 3 0 0 2 1 26 67 248 28 7 9 2 5 229 88 122 278 611 59 1 23 6 4 151 17 121 140 845 2 3 927 272 2 2 1 2 0 0 3
7 1 8 1 50 11 2 3 3 3 1 17 63 179 131 50 68 211 122 24 62 308 80 113 80 25 222 482 979 267 137 5 36 84 115 46 63 45 393 189 197 15 953 63 146 409 294 1421 180 108 5 7 50 161 25 49 1089 152 291 78 1045 12238 27322 7302 2894 43 513 780 5218 1309 765 21 59 14 302 1173 24 5 20 0 315 2 203 347 251 187 136 83 464 265 1639 118 206 631 6711 88 22 15 212 136 0 3 0 0 0 0 0 1 0 0 0 0 0 0 22 2 4 2 4 23 15 39 6 1 0 0 6 4 1 3 11 1 1 12 2 13 0 0 25 27 15 4 4 3 3 42 101 10 37 180 0 47 118 5 7 164 4 2 3 15 0 3 0 2 3 1 49 68 67 22 3 10 5 5 129 129 14 35 576 97 3 33 12 2 149 12 12 50 77 1 1 335 54 1 5 0 3 1 0 0
1 2 0 0 16 4 0 0 1 0 1 7 131 150 93 146 65 797 622 14 16 73 43 302 58 11 2254 2833 160 47 36 9 27 55 257 38 43 29 876 318 107 18 3269 31 15 456 349 66 38 2 0 3 11 36 7 13 224 94 318 50 492 734 7302 5464 4172 22 116 512 588 188 127 5 31 4 167 116 5 3 13 0 65 0 47 89 77 49 93 9 40 17 158 25 35 59 1078 38 3 0 56 52 0 0 0 0 0 0 0 0 0 0 0 0 0 4 77 0 3 8 1 193 24 174 16 0 0 0 1 1 0 7 1 1 0 8 0 12 0 0 20 20 28 2 15 0 0 0 17 12 47 172 2 0 7 0 0 7 0 0 0 1 0 1 0 0 0 1 46 11 5 17 1 0 0 1 1 26 1 2 48 5 0 18 5 0 11 4 3 3 9 0 0 17 1 0 0 0 1 0 0 0
3 1 0 4 55 8 2 2 1 2 0 8 185 285 322 126 67 449 281 5 10 26 12 44 9 1 330 1823 357 165 133 15 52 114 94 52 78 41 3071 35 66 17 385 27 50 481 76 175 28 9 0 1 11 39 6 10 444 254 201 134 673 530 2894 4172 6429 34 149 430 4950 90 153 13 25 10 270 163 5 4 9 1 80 0 59 72 60 25 25 2 22 15 114 19 14 13 331 105 8 3 32 46 0 1 0 0 0 0 0 0 0 0 0 0 0 9 107 1 5 2 1 178 6 92 4 0 0 0 2 6 0 6 3 1 0 16 1 13 0 0 14 13 47 3 53 1 0 10 88 20 29 441 0 0 8 0 0 13 1 0 0 2 1 1 0 0 3 1 133 58 12 13 1 1 1 7 13 61 0 3 156 24 3 23 4 1 24 7 0 1 9 1 0 28 4 3 0 0 2 0 0 2
2 0 1 0 1 1 2 0 45 3 1 22 1027 2 4 7 1 158 689 4 0 1 3 29 0 0 5 17 5 1 3 0 8 1 1 1 1 39 38 2 37 14 160 444 1373 1074 2 49 65 1883 26 218 4 3 5 2 8 3 3 1 85 6 43 22 34 1957 4 3 62 10 9 73 68 1466 5 25 870 594 140 636 58 1270 7 7 6 1 0 268 105 193 508 28 21 7 95 1 397 23 3 1 0 3 0 2 0 0 1 5 0 2 1 1 1 7 446 2 2 5 0 223 6 274 4 1 1 0 1 1 0 7 3 0 0 10 0 13 1 0 16 14 24 0 16 0 4 6 108 156 110 639 0 8 11 3 2 34 23 8 10 25 0 3 1 0 4 1 53 24 6 1032 1 3 0 2 18 34 14 16 308 31 2 37 67 2 30 32 9 13 39 0 2 92 19 1 3 1 0 0 0 0
257 115 228 162 378 194 36 78 8 49 35 219 17 21 40 7 69 35 21 11 21 119 79 269 355 56 157 64 6535 929 792 23 68 34 32 7 35 18 55 236 126 25 316 9 8 39 220 124 40 9 8 5 198 1544 52 41 8424 36 11 11 75 473 513 116 149 4 11980 273 304 146 166 64 71 11 1465 117 25 2 62 0 91 1 573 4359 885 1774 1395 12 65 26 88 40 34 45 284 360 22 48 1508 1976 15 5 14 11 7 13 2 7 0 5 6 19 0 0 13 0 0 0 0 20 2 10 0 4 4 0 3 1 0 0 41 1 5 72 0 24 0 0 33 13 2 0 2 2 13 0 5 1 17 24 1 0 4 1 0 11 0 0 0 0 2 9 0 12 7 0 3 6 0 2 11 4 0 0 6 3 3 0 21 1 53 49 12 1 8 42 0 3 8 1 6 13 2 3 18 0 6 1 0 0
4 5 8 3 55 17 4 2 1 3 2 51 29 223 165 52 241 83 87 13 90 164 128 883 68 71 1089 443 290 117 177 112 470 1784 277 98 336 330 113 918 235 44 818 56 4 56 1416 54 21 1 0 0 24 101 22 33 659 1818 1604 1628 86 274 780 512 430 3 273 4604 415 72 59 86 331 63 2270 60 3 14 162 0 32 0 134 193 155 162 267 2 19 4 42 18 5 22 258 224 4 6 157 327 5 2 0 3 2 0 1 1 0 1 1 2 3 1 18 2 19 4 4 30 110 69 7 11 6 0 5 2 1 2 11 3 3 175 8 267 2 1 438 398 5 4 2 0 20 2 9 2 441 45 11 0 5 2 0 2 0 2 0 2 1 11 0 6 18 2 9 10 0 4 9 7 9 18 3 7 2 2 24 5 15 447 113 7 3 61 1 1 1 3 12 6 3 5 6 1 7 3 0 4
9 3 5 8 161 20 8 3 6 4 0 27 84 293 350 225 118 698 61 17 26 61 36 46 13 2 72 570 775 345 248 40 86 119 53 55 100 60 3253 48 178 58 707 64 180 513 72 5705 141 84 2 9 28 70 17 27 849 224 155 96 6279 2674 5218 588 4950 62 304 415 9633 257 865 13 41 12 409 13898 20 1 24 2 269 5 103 160 141 62 37 26 77 97 953 65 52 69 727 368 17 15 81 74 1 1 0 1 0 0 0 4 0 1 0 1 3 8 84 6 7 5 3 57 9 30 4 2 0 4 6 10 2 9 17 2 6 23 7 10 0 3 29 26 42 4 46 1 7 59 296 12 64 653 7 23 68 3 14 217 2 1 1 9 2 4 0 2 5 7 178 181 59 85 8 11 12 3 145 298 6 23 1270 222 3 62 10 7 219 33 9 63 66 0 4 402 40 6 9 0 3 3 2 5
17 2 17 5 30 13 4 4 1 2 3 14 8 15 32 17 15 52 22 12 20 82 33 49 21 3 16 30 298 117 39 1 18 11 2 2 6 8 90 22 191 33 154 11 30 39 21 1166 671 83 170 80 16 49 51 33 272 17 17 1 125 4541 1309 188 90 10 146 72 257 7253 1270 7 15 12 37 238 8 1 13 123 990 156 94 99 89 55 26 487 306 154 263 1713 2352 3916 2067 55 7 6 58 43 1 0 0 0 0 0 0 0 0 1 0 0 0 1 3 0 0 0 0 2 3 1 2 0 2 1 0 1 1 0 4 0 2 0 0 2 1 0 2 2 3 4 4 3 7 17 19 0 15 18 2 92 165 7 13 70 150 31 122 286 2 1 0 0 2 0 5 15 85 12 2 0 0 3 33 17 209 182 162 17 3 4 3 0 35 3 199 52 775 0 5 244 114 0 2 2 0 0 1 1
7 2 6 6 85 16 4 4 3 2 1 18 15 25 57 68 20 236 22 7 20 48 20 24 9 3 15 56 537 223 112 11 22 20 5 7 11 12 440 15 146 17 94 17 46 35 10 3826 382 100 13 29 14 51 34 20 482 32 16 12 223 2434 765 127 153 9 166 59 865 1270 6249 7 17 11 92 1239 12 0 5 27 3627 156 71 91 68 32 17 470 354 168 482 262 588 405 470 206 2 13 34 39 0 0 0 1 1 0 0 0 0 0 0 0 0 0 5 0 0 1 1 7 1 2 1 1 1 2 5 0 0 4 2 1 3 3 0 6 0 0 8 2 1 1 2 1 9 28 28 3 6 34 1 136 259 11 21 120 65 23 46 198 2 1 0 1 2 1 9 30 101 8 2 1 1 3 81 28 122 198 274 21 1 11 4 2 69 3 175 76 773 0 5 388 145 0 2 1 1 0 1 1
82 37 92 74 225 370 70 46 240 408 537 5068 111 10 16 48 37 163 305 46 381 613 146 18 51 4 11 11 573 248 128 162 3109 266 5 4 96 188 33 18 415 9 51 346 193 168 18 21 28 59 10 14 96 102 60 112 69 220 10 52 97 11 21 5 13 73 64 86 13 7 7 6478 1545 267 280 14 3650 486 8217 30 12 66 427 372 392 130 51 51 27 58 71 52 9 7 26 574 2669 290 129 29 56 40 46 72 20 70 10 31 14 26 70 89 6 1 21 1 7 6 2 12 29 72 6 27 29 1 3 0 0 4 246 19 55 561 4 319 1 2 248 111 3 4 2 10 86 9 32 1 157 73 11 5 6 14 1 11 8 11 0 3 28 129 4 79 60 0 25 10 2 8 102 66 17 7 5 7 5 2 57 6 360 823 182 8 4 363 1 2 7 13 75 23 8 22 146 19 35 10 1 3
