27384 5642 11712 3898 2184 7547 8445 9419 107 1201 88 1758 0 0 3 0 0 1 1 3 27 17 5 2 13 0 2 0 4850 5713 137 25 47 22 0 0 7 24 4 2 539 1 8 3 2 0 9 19 42 2 28 156 931 1682 133 90 9 5 3 0 1 17 12 3 1 1 174 27 15 53 33 42 19 4 43 10 36 1 24 20 157 7 248 915 867 132 10 39 37 5 11 235 213 40 21 119 195 2282 20 28 11 5 54 16 8 135 2 7 20 26 40 133 0 0 0 0 0 0 0 1 1 1 0 1 2 0 0 0 0 0 10 0 22 28 1 16 0 0 6 1 0 0 0 0 8 0 0 0 0 0 2 0 2 2 0 1 5 0 6 1 0 3 0 5 1 0 1 0 0 0 5 1 5 3 0 0 0 1 1 0 29 9 2 0 0 9 0 0 2 6 9 0 0 7 39 5 12 0 0 0
5642 10973 381 12326 3073 12681 370 212 2 56 8 668 0 1 0 0 0 0 0 0 33 8 0 0 3 0 1 1 463 1869 41 2 7 3 0 0 2 2 2 0 277 2 0 0 0 0 5 3 9 0 5 31 159 349 16 41 9 0 0 0 0 4 2 0 0 0 137 4 3 11 5 10 3 4 7 2 5 0 3 5 32 0 70 345 386 105 4 12 3 1 1 46 38 2 4 42 18 148 10 6 4 2 8 2 1 28 1 0 9 7 17 36 0 0 0 0 0 0 0 0 0 0 0 0 2 0 0 0 0 0 3 0 3 4 0 7 0 0 2 0 0 0 0 0 4 0 0 0 0 0 0 0 0 1 0 0 3 0 0 0 0 0 0 0 2 0 0 0 0 0 2 1 1 0 0 0 0 0 0 0 9 3 0 0 0 6 0 0 0 1 3 1 0 2 8 3 3 1 0 0
11712 381 8647 558 122 1241 2307 7399 87 4233 41 15505 0 0 0 1 0 0 0 0 88 23 2 6 16 1 2 2 607 473 59 19 43 14 0 0 6 19 3 1 1013 1 13 5 3 0 11 26 72 0 39 167 761 1688 120 205 16 12 6 0 4 22 10 2 1 0 323 50 2 67 46 23 22 18 41 6 22 2 24 12 185 9 315 1416 1419 277 15 44 40 3 15 306 266 54 23 48 155 628 25 28 17 2 46 8 11 129 8 3 31 24 47 139 1 0 0 0 0 0 1 0 0 0 0 4 3 0 0 0 1 0 7 0 20 28 2 25 0 0 7 1 0 0 0 1 11 0 0 0 3 0 2 0 1 0 0 2 3 0 5 1 2 5 0 4 5 0 0 0 1 0 7 3 4 1 0 0 3 2 0 0 29 15 2 0 0 9 0 1 3 2 10 1 1 9 38 10 6 4 0 0
3898 12326 558 10468 6419 26436 177 46 13 23 8 3427 0 2 2 1 0 1 0 0 90 29 0 0 9 0 1 1 418 5374 179 4 17 10 0 0 3 12 2 2 456 0 4 1 0 0 7 8 11 0 6 26 144 435 15 81 15 1 6 0 5 7 3 1 0 0 229 24 2 10 7 13 12 7 11 3 13 3 9 1 46 0 69 445 749 225 12 15 3 2 3 64 51 8 6 87 73 100 17 7 12 2 61 11 16 163 3 5 26 29 47 142 1 0 0 0 0 0 2 0 0 0 0 3 9 0 0 0 0 0 7 0 22 32 0 12 0 0 7 3 0 1 0 1 11 0 0 0 0 0 0 1 1 1 0 0 1 1 2 0 1 3 2 3 3 0 0 0 0 0 5 2 5 1 0 1 0 2 0 0 37 9 1 0 0 12 0 0 0 3 7 1 2 8 41 7 11 6 0 0
2184 3073 122 6419 10782 15446 332 72 49 114 82 3878 0 29 33 5 16 10 7 18 170 146 11 9 37 3 4 14 1642 9380 7487 1305 906 480 4 3 64 510 34 25 368 5 24 3 0 1 23 60 7 0 11 45 217 584 32 45 537 97 12 4 16 39 25 7 27 1 590 34 190 16 5 104 329 35 1214 138 37 1 40 7 39 0 68 615 553 292 23 15 18 1 7 54 41 4 18 4670 207 300 71 829 14 6 83 18 33 236 4 10 36 34 108 289 2 1 1 0 1 1 5 7 1 5 2 27 13 1 2 0 0 2 38 0 66 106 3 55 0 2 47 23 9 5 1 2 55 1 1 0 2 9 7 0 1 7 1 3 2 3 1 2 4 7 2 10 11 5 3 2 0 0 30 7 10 7 0 8 1 1 4 1 90 37 11 1 7 43 1 0 0 12 28 4 5 19 66 13 48 11 0 1
7547 12681 1241 26436 15446 13630 908 288 78 421 475 10465 0 14 9 2 5 5 1 3 514 221 4 6 54 7 4 8 1578 10453 5720 1451 717 186 4 1 39 239 25 12 1506 3 15 3 1 2 31 38 30 0 21 90 523 1180 68 262 150 49 14 2 11 37 35 3 25 1 885 93 70 49 21 122 197 46 382 59 57 8 40 11 104 5 215 1793 2637 982 47 33 29 5 8 163 149 24 21 3483 523 463 142 276 32 19 260 57 76 649 24 21 88 139 245 737 0 0 0 0 2 0 4 3 3 0 2 22 32 1 3 0 0 0 40 1 154 199 3 76 1 0 40 12 3 4 1 9 60 0 1 0 1 8 2 2 0 9 0 0 4 3 4 4 9 23 4 15 25 2 0 1 1 0 50 15 27 3 1 4 3 6 0 0 236 35 17 4 3 72 2 0 3 22 43 0 2 46 219 34 61 10 1 3
8445 370 2307 177 332 908 6826 8663 1072 8187 721 2862 0 3 4 2 1 2 0 4 16 13 0 0 8 2 3 1 2038 1581 162 33 54 18 0 0 4 21 6 3 158 1 1 1 4 0 2 9 22 0 20 99 828 1183 126 41 7 3 4 1 6 11 7 1 3 2 55 21 15 40 15 82 18 9 45 11 151 2 35 17 116 5 175 344 276 42 12 27 33 7 13 148 141 15 11 148 457 3129 20 34 9 7 43 12 11 146 5 6 14 32 64 142 0 0 0 0 0 1 0 1 0 0 0 8 5 0 0 0 0 1 8 0 35 45 1 22 0 0 7 6 1 3 0 0 21 0 0 0 1 0 1 2 0 1 0 0 2 0 4 5 0 1 0 5 2 0 0 0 0 1 12 1 5 1 1 0 0 2 0 0 34 4 1 0 2 16 1 0 1 4 8 3 0 8 30 3 10 2 1 0
9419 212 7399 46 72 288 8663 12653 1776 17810 565 3386 0 1 1 0 0 0 1 1 21 3 0 1 1 1 0 1 553 394 43 8 27 4 1 0 0 7 2 3 440 2 2 2 0 0 8 13 23 1 23 127 639 1126 81 78 3 5 3 0 4 5 5 0 2 0 100 10 4 43 23 40 14 2 23 4 109 2 23 10 156 3 235 679 644 70 7 30 33 2 10 158 153 17 8 53 211 1316 16 10 3 2 21 2 4 80 1 4 6 22 23 50 0 0 0 0 0 0 0 0 1 0 0 3 0 0 1 0 0 0 2 0 7 10 0 4 0 0 1 0 0 0 0 0 4 0 0 0 1 0 2 1 3 0 0 0 9 0 2 2 0 0 0 1 2 0 1 0 1 0 2 0 3 0 0 0 1 4 0 0 18 2 3 1 0 5 1 1 0 0 2 3 0 2 25 4 1 0 0 0
107 2 87 13 49 78 1072 1776 1127 4854 360 1026 7 0 0 0 0 0 4 0 43 42 1 1 16 0 0 0 57 69 11 41 261 2 0 0 1 5 1 2 38 1 2 4 104 10 2 1 4 56 3 43 176 84 54 5 12 0 1 0 1 3 3 0 0 24 38 1 0 0 3 905 43 73 27 2 922 31 387 33 48 84 13 55 52 34 9 72 61 52 156 12 13 2 6 67 2943 1661 17 5 1 1 5 2 1 19 1 2 2 4 8 19 0 0 1 0 0 1 1 0 0 0 0 5 2 0 0 0 0 0 2 0 7 12 0 9 0 0 3 0 0 0 0 0 3 0 2 0 0 0 0 1 2 0 0 5 1 0 0 1 1 0 0 2 2 0 1 1 1 1 1 0 1 0 1 4 2 0 17 3 11 6 4 0 6 5 0 0 5 1 1 11 0 6 7 2 1 3 0 0
1201 56 4233 23 114 421 8187 17810 4854 15086 10153 41659 0 0 3 0 0 1 1 1 24 14 0 1 7 1 1 0 268 262 93 186 374 12 2 1 5 20 2 2 376 0 4 3 4 0 2 5 21 3 8 87 515 701 86 48 11 5 2 0 3 8 2 0 4 0 95 13 12 25 12 266 24 11 79 6 1086 3 51 7 73 8 124 488 470 88 7 25 11 5 17 93 127 14 3 231 2125 3042 13 10 33 13 164 30 25 459 20 25 86 144 183 419 0 0 0 0 0 0 0 0 1 0 0 9 4 0 0 0 0 0 9 2 46 59 2 28 0 0 5 0 0 1 0 2 16 0 0 0 0 1 0 1 1 1 0 1 4 1 2 3 4 8 1 7 7 0 0 1 0 0 12 4 6 0 1 0 3 1 2 0 70 6 12 0 2 19 0 1 3 2 17 3 1 15 207 28 23 3 1 0
88 8 41 8 82 475 721 565 360 10153 6985 6602 1 2 0 0 0 0 0 0 17 25 0 0 5 0 0 2 83 85 54 335 753 12 0 0 1 11 3 1 63 0 0 0 0 0 2 2 4 1 2 13 78 86 12 9 13 7 1 0 2 5 3 0 2 1 77 5 11 3 4 433 24 15 104 3 313 1 48 4 7 0 14 103 99 35 4 2 1 4 4 13 10 0 0 294 1412 420 10 7 12 12 99 25 37 315 9 10 46 60 165 387 0 0 0 0 1 0 0 0 0 0 0 13 17 0 0 0 0 0 28 0 72 110 0 47 0 0 2 1 0 3 0 3 43 0 0 0 2 0 2 1 2 2 1 0 0 2 0 1 10 5 1 10 11 0 0 0 0 0 31 5 12 0 0 1 3 3 1 0 137 10 6 2 1 49 1 0 1 15 23 2 1 27 150 16 47 8 1 1
1758 668 15505 3427 3878 10465 2862 3386 1026 41659 6602 42906 3 13 12 4 6 2 5 2 774 368 5 13 75 2 3 14 1198 3584 2641 1029 908 123 2 1 30 168 24 18 1682 4 13 14 17 3 33 34 35 7 29 114 586 1287 94 266 152 59 9 0 6 57 43 7 20 0 987 93 97 42 28 1022 153 124 546 59 540 10 134 12 122 4 252 2170 2720 1138 71 33 34 9 23 160 133 20 27 3982 3848 1219 220 162 111 76 776 211 220 2237 70 98 380 455 889 2601 0 0 0 2 3 1 5 2 4 2 3 119 100 0 1 0 0 0 155 13 538 820 12 324 1 1 45 21 2 18 2 31 251 2 2 0 15 3 12 1 3 23 2 2 3 12 9 10 34 78 9 57 110 3 2 2 2 0 190 43 72 8 0 2 16 5 4 3 935 98 59 19 5 269 2 1 8 70 167 1 10 179 794 120 239 42 3 15
0 0 0 0 0 0 0 0 7 0 1 3 3856 0 20 9 213 81 7064 61 3 3 0 10 0 1 6 12 0 0 0 0 4 1 0 0 4 1016 15 5 10 11 20 5990 3791 2443 4 2 1 55 0 3 1 1 0 0 0 0 0 0 19 2 3 17 23 1752 2 0 6 0 7 68 699 982 2 4 187 97 646 4 9 47 0 1 1 1 0 35 38 132 927 2 2 1 5 1 68 10 1 0 0 0 1 0 0 1 0 0 0 0 1 0 23 32 326 15 1 134 7 721 45 649 17 4 0 0 1 19 2 190 1 0 0 4 0 3 5 2 30 20 273 3 228 0 5 19 30 42 41 1411 2 2 5 1 0 20 0 0 0 1 0 2 0 1 0 3 237 151 9 330 1 2 1 5 7 182 0 1 105 3 1 3 47 2 24 3 1 5 8 2 1 17 4 3 2 0 0 0 0 0
0 1 0 2 29 14 3 1 0 0 2 13 0 12128 8919 1333 194 531 103 225 46 45 299 526 18 162 1147 1608 281 92 71 10 7 297 4241 7411 2890 162 754 1432 1001 36 206 6 2 23 1439 99 19 0 1 2 27 104 1 3 361 175 2329 2041 42 143 325 223 533 0 388 326 947 24 3 0 10 540 700 70 1 1 0 0 8 1 10 97 44 37 13 0 5 4 15 14 4 5 45 55 1 10 42 183 1 0 0 1 0 1 0 1 0 0 0 2 194 65 31 84 1 274 78 74 253 893 187 18 13 8 22 6 22 73 6 2 3 11 6 18 47 16 67 43 17 127 7 3 38 8 2 2 70 48 38 4 1 0 0 1 0 1 0 0 2 1 0 1 0 70 17 13 2 3 8 10 2 8 1 26 1 1 12 1 2 26 106 1 4 13 0 0 0 7 4 4 3 1 2 0 10 9 1 8
3 0 0 2 33 9 4 1 0 3 0 12 20 8919 15455 10985 886 4971 525 1141 161 152 987 879 42 375 2804 5289 164 51 59 8 6 170 1849 1169 1954 274 2200 1276 2918 158 342 18 7 84 657 204 87 2 0 3 16 59 3 2 199 133 918 618 360 247 545 289 1195 6 241 161 2227 28 7 0 20 637 509 189 2 20 3 1 6 0 6 43 18 34 4 4 17 5 41 67 15 47 180 51 0 7 32 96 1 1 0 0 3 3 0 2 0 0 0 2 244 97 47 108 2 335 133 139 396 985 226 46 30 19 48 9 23 118 15 3 2 9 7 18 61 15 138 105 62 275 31 1 54 7 3 12 123 105 91 7 1 1 0 1 0 0 0 1 2 5 0 3 0 104 31 30 7 14 24 37 1 26 9 52 2 2 24 7 9 25 145 2 12 17 2 2 1 16 7 9 5 4 3 3 18 16 3 13
0 0 1 1 5 2 2 0 0 0 0 4 9 1333 10985 16832 226 6749 3585 930 24 36 458 716 17 314 1601 3578 60 26 25 6 3 45 415 83 472 284 3463 510 2648 376 215 3 5 154 68 136 116 1 4 0 9 27 1 1 83 36 203 108 677 69 63 78 513 35 91 46 1179 15 5 0 14 170 139 278 0 3 0 0 4 1 4 18 10 8 2 5 22 4 29 96 26 62 130 15 0 4 12 22 1 0 1 0 0 0 0 0 0 0 0 0 201 333 339 180 2 495 23 854 107 2011 40 7 4 7 8 29 30 589 3 2 1 0 3 8 101 0 37 30 482 65 268 3 16 21 10 127 94 514 9 2 1 2 0 7 0 1 0 0 1 0 0 0 1 16 51 92 6 41 2 3 2 5 6 85 0 3 29 4 0 3 56 2 5 3 1 1 5 2 0 2 7 1 0 0 1 1 0 3
0 0 0 0 16 5 1 0 0 0 0 6 213 194 886 226 2105 522 2133 3471 152 267 415 148 77 400 90 37 11 13 10 3 3 53 157 323 2867 944 162 1203 590 48 131 256 68 369 319 13 20 4 0 3 2 5 0 2 8 34 105 129 532 23 63 45 24 18 18 28 286 3 1 2 17 925 136 66 2 191 4 1 3 9 1 15 17 15 7 2 14 11 119 16 2 12 56 19 3 0 22 8 1 4 4 2 5 5 0 7 1 2 4 4 212 41 21 133 9 79 222 56 617 319 264 90 107 17 105 2 25 54 33 11 10 42 12 36 58 14 407 258 22 486 11 4 96 16 3 5 242 56 209 6 2 4 1 4 0 5 1 1 4 20 1 3 2 180 15 24 8 7 60 77 5 51 11 79 4 1 24 4 15 135 149 1 19 68 1 0 2 56 21 3 9 8 10 5 58 41 6 54
1 0 0 1 10 5 2 0 0 1 0 2 81 531 4971 6749 522 18097 2906 587 11 35 249 3014 39 335 4858 1001 21 12 7 8 7 39 254 22 440 1696 6980 147 1968 879 1585 196 97 2072 71 194 159 2 1 4 4 15 9 4 22 21 112 51 2682 117 107 1558 783 247 53 34 1607 33 14 1 142 265 103 643 4 4 14 2 10 4 3 15 16 15 7 14 54 22 193 148 21 84 238 19 3 1 16 14 1 2 0 1 4 1 0 2 0 0 1 1 174 470 974 176 7 905 41 1931 191 3009 58 6 5 2 5 98 61 1779 9 8 0 8 13 25 72 3 106 77 1549 48 1321 13 18 75 82 413 145 2150 17 9 7 3 2 44 0 1 0 0 0 0 0 0 0 17 413 475 32 175 1 8 5 23 18 458 3 6 70 7 2 11 110 2 26 12 3 5 17 0 1 21 10 9 3 1 3 0 0 4
1 0 0 0 7 1 0 1 4 1 0 5 7064 103 525 3585 2133 2906 40836 10092 112 189 325 340 85 698 802 157 5 4 0 0 7 8 263 4 71 1915 189 1302 712 89 172 9167 989 3787 119 19 71 51 2 12 2 8 1 3 5 4 33 4 650 29 53 94 48 693 15 13 213 11 3 13 364 11291 22 84 25 2304 123 3 11 34 2 18 30 29 8 33 56 91 930 63 10 39 134 4 7 3 28 1 2 4 8 2 7 13 1 7 1 1 0 7 1568 1080 1372 936 19 2525 594 2880 2109 10072 986 152 113 54 246 111 237 2399 61 30 10 86 15 66 486 66 716 547 1224 1171 715 27 238 113 53 577 1001 1893 307 18 10 3 1 29 0 5 1 0 6 16 4 9 1 475 178 273 32 269 69 131 11 87 25 303 2 10 134 11 32 136 996 4 45 109 2 6 13 38 18 20 63 12 16 8 72 43 15 60
3 0 0 0 18 3 4 1 0 1 0 2 61 225 1141 930 3471 587 10092 8170 190 275 612 326 81 634 175 46 20 21 14 5 5 56 293 23 1006 329 184 2179 1144 87 186 34 11 161 374 14 81 3 2 1 3 9 0 1 9 34 113 45 545 35 66 40 24 3 15 32 296 11 5 2 22 525 164 39 1 61 3 1 4 0 1 13 20 21 7 1 14 7 45 80 16 68 134 32 2 0 7 9 1 3 2 0 4 2 0 3 0 1 3 7 396 84 41 211 8 124 221 62 786 623 289 97 67 23 135 9 62 116 23 8 8 29 12 37 87 24 336 219 20 622 11 7 111 20 2 2 307 33 169 10 4 3 3 3 0 2 0 4 3 16 2 2 3 239 14 33 9 7 44 76 7 35 11 67 2 3 7 3 13 91 133 3 21 52 1 0 0 39 13 4 19 2 6 4 44 34 7 52
27 33 88 90 170 514 16 21 43 24 17 774 3 46 161 24 152 11 112 190 5734 4959 2521 117 738 438 34 7 127 153 125 145 374 282 10 1 468 1143 13 205 1883 24 98 101 1 4 171 19 34 1 0 10 24 48 5 661 65 58 94 5 34 102 79 13 6 3 58 291 29 47 6 210 803 398 380 36 77 50 253 1 2 0 13 72 2605 759 102 3 17 8 35 45 14 44 120 281 148 36 814 161 4 4 10 2 19 29 0 1 0 3 20 36 22 3 1 16 8 6 34 1 108 17 34 69 61 3 16 1 5 2 21 5 38 250 25 221 6 4 244 94 1 97 1 8 82 3 1 0 62 4 73 3 2 3 0 0 2 6 0 2 9 18 1 3 30 26 3 5 4 0 50 29 27 26 3 13 4 0 9 0 126 228 53 10 5 64 0 0 1 32 41 1 5 30 7 0 63 31 2 34
17 8 23 29 146 221 13 3 42 14 25 368 3 45 152 36 267 35 189 275 4959 22431 5095 897 8326 1660 254 12 96 114 74 112 498 496 13 1 1080 2760 22 1531 1732 178 867 211 7 31 303 76 249 2 10 25 47 115 6 40 82 83 126 14 86 441 372 79 21 1 147 405 53 272 22 284 1610 870 410 136 114 62 345 3 27 2 26 342 3463 1838 258 17 105 37 167 243 116 305 898 250 193 51 4222 81 7 10 5 3 18 21 2 2 3 1 7 39 40 6 0 41 11 18 86 4 210 47 83 91 136 14 35 1 8 10 47 4 40 375 30 263 18 2 453 174 3 229 3 9 105 7 8 3 127 10 136 6 12 5 2 6 2 4 0 4 10 32 1 5 47 56 7 17 7 7 71 95 47 43 16 55 7 2 33 8 130 291 106 14 23 76 6 1 6 47 48 11 9 33 8 5 102 42 6 52
5 0 2 0 11 4 0 0 1 0 0 5 0 299 987 458 415 249 325 612 2521 5095 10275 5315 345 7186 197 66 17 13 4 6 15 31 12 7 180 429 48 755 6114 1392 548 28 2 29 70 12 228 0 1 3 8 15 3 5 5 10 30 7 55 38 30 32 12 0 17 15 33 18 4 7 75 193 49 29 1 5 9 0 4 0 3 56 120 75 13 2 16 4 31 79 16 63 231 18 4 2 92 5 1 2 2 0 0 2 0 1 0 0 0 0 36 14 6 32 2 32 38 8 105 90 59 23 27 2 22 2 5 14 5 1 0 16 3 9 17 2 57 29 5 82 2 1 14 1 2 2 52 6 35 2 2 0 0 2 0 0 0 0 1 4 0 1 1 31 2 6 3 0 9 21 3 8 5 8 1 1 10 2 5 24 29 0 4 11 0 0 1 12 0 3 4 0 1 2 6 2 0 7
2 0 6 0 9 6 0 1 1 1 0 13 10 526 879 716 148 3014 340 326 117 897 5315 5240 686 1771 3123 461 22 13 9 3 6 14 1042 19 146 164 476 3658 4261 3862 1776 6 7 921 576 33 388 0 3 2 22 55 13 10 30 14 387 19 1559 114 140 722 111 13 93 201 445 37 5 4 22 147 45 114 2 0 3 0 6 0 11 195 150 234 69 4 28 14 199 109 24 78 316 11 2 5 184 18 0 0 0 0 0 0 0 1 0 0 0 0 36 19 31 21 1 65 28 105 45 254 42 9 6 3 7 2 10 28 1 1 0 3 3 6 11 2 25 17 52 38 42 4 12 4 8 6 22 169 7 3 0 0 0 5 0 0 0 1 0 1 0 0 0 14 38 30 5 13 2 8 0 0 8 39 0 2 33 3 0 6 22 0 8 2 0 0 2 3 1 3 1 1 1 0 4 4 1 1
13 3 16 9 37 54 8 1 16 7 5 75 0 18 42 17 77 39 85 81 738 8326 345 686 9829 1005 188 13 54 47 51 49 199 121 31 3 279 1012 14 4457 440 161 1015 72 1 35 2521 67 109 0 8 37 124 309 13 44 130 29 105 3 154 606 610 192 34 2 684 681 87 254 8 136 722 572 127 141 28 11 214 3 30 0 62 1266 1512 2708 1951 14 76 38 164 76 93 139 736 74 51 13 4498 197 1 1 2 1 9 6 1 2 2 1 4 4 16 3 5 14 2 10 29 1 76 33 30 29 52 3 12 0 1 3 14 5 9 109 7 86 8 2 216 77 6 77 2 3 54 0 2 0 54 21 47 4 7 2 0 4 1 1 1 2 4 7 1 2 7 18 2 14 5 6 23 29 8 14 9 14 2 0 31 5 32 120 43 3 9 19 0 1 4 20 19 11 6 13 2 1 47 23 4 23
0 0 1 0 3 7 2 1 0 1 0 2 1 162 375 314 400 335 698 634 438 1660 7186 1771 1005 3339 2513 48 4 9 2 0 5 6 1100 6 87 473 17 7540 2445 243 371 38 2 17 233 5 76 0 0 3 9 29 3 3 4 2 33 0 44 39 43 52 8 1 45 33 28 13 0 2 57 504 24 25 2 3 4 0 3 0 5 121 127 144 44 2 9 7 25 34 9 27 146 9 1 3 126 4 0 0 2 0 4 1 0 2 0 0 0 2 121 16 13 62 2 100 70 30 251 331 136 27 20 6 40 5 13 32 14 1 1 14 3 10 28 7 104 65 11 172 2 0 35 6 2 3 73 5 61 2 2 0 0 1 0 2 0 0 2 6 0 0 0 76 2 8 5 3 16 23 1 15 5 24 3 0 1 1 4 28 69 1 3 11 0 1 3 18 8 1 6 1 0 1 11 12 1 9
2 1 2 1 4 4 3 0 0 1 0 3 6 1147 2804 1601 90 4858 802 175 34 254 197 3123 188 2513 23129 7724 60 6 24 1 1 22 4556 76 191 88 846 1570 323 74 1109 7 8 766 318 15 22 0 0 5 16 81 2 2 124 26 554 45 307 169 438 2278 900 72 246 223 265 25 0 3 13 394 73 43 0 1 3 0 5 0 4 153 65 172 36 2 8 5 57 10 4 4 138 9 1 2 123 64 0 2 3 0 1 0 0 0 0 0 0 2 125 165 195 55 0 580 24 1009 107 1894 75 5 2 1 7 12 18 324 3 0 0 3 1 11 35 3 25 25 349 41 158 4 12 15 7 53 48 643 3 1 1 0 0 5 0 0 0 0 0 1 0 0 0 16 74 69 5 56 1 5 0 2 3 83 0 1 25 5 1 3 94 1 4 0 1 0 1 1 4 3 5 0 1 0 5 2 1 2
0 1 2 1 14 8 1 1 0 0 2 14 12 1608 5289 3578 37 1001 157 46 7 12 66 461 13 48 7724 8011 262 32 61 2 4 61 358 194 399 32 3458 61 375 84 212 1 5 404 146 54 7 0 0 1 17 129 1 2 353 83 777 162 165 67 206 1472 1480 78 404 193 608 8 2 0 2 97 302 76 0 0 1 0 5 0 11 69 29 34 12 2 4 1 33 9 3 3 51 30 2 5 53 141 0 0 1 0 1 2 0 0 0 0 1 1 38 79 234 28 0 285 14 934 62 1065 22 0 0 1 5 9 8 310 4 2 0 1 3 7 16 0 25 29 386 13 244 2 5 14 9 44 22 736 3 0 0 1 0 4 0 0 0 0 0 0 0 0 0 7 115 77 5 53 2 4 0 3 2 109 0 0 13 4 0 4 28 0 6 2 1 1 5 1 0 3 1 3 0 0 1 0 0 1
4850 463 607 418 1642 1578 2038 553 57 268 83 1198 0 281 164 60 11 21 5 20 127 96 17 22 54 4 60 262 36659 8337 3975 134 344 155 82 22 30 163 265 40 254 5 90 7 3 14 150 244 42 3 42 209 2995 11876 290 53 949 53 33 5 71 486 496 91 256 3 8366 671 949 131 66 179 102 83 2659 214 79 6 76 28 214 5 348 1116 464 190 483 43 63 10 22 231 253 52 91 749 360 4280 140 1921 26 27 153 42 69 356 16 11 63 66 159 479 3 2 1 1 1 3 6 12 15 7 1 63 50 1 9 0 1 7 46 4 173 328 13 173 1 0 81 23 14 21 12 15 87 4 4 0 20 31 11 5 2 9 0 3 11 11 6 5 16 19 2 22 55 3 11 9 2 5 54 26 51 10 3 22 11 12 27 4 271 70 27 6 18 97 2 0 7 31 63 5 7 61 78 26 89 16 2 12
5713 1869 473 5374 9380 10453 1581 394 69 262 85 3584 0 92 51 26 13 12 4 21 153 114 13 13 47 9 6 32 8337 15617 5021 154 257 181 17 7 45 241 96 31 388 2 18 4 1 8 29 110 28 1 22 100 672 1444 78 51 1323 33 6 1 36 80 54 9 75 2 597 48 338 29 29 100 128 48 1010 199 65 3 39 13 111 1 157 665 591 251 39 22 18 1 9 125 118 20 24 1345 445 1505 80 1513 42 21 224 61 70 639 12 19 107 102 229 656 1 1 1 1 2 3 3 15 9 7 3 26 20 1 3 0 0 2 57 1 133 198 5 92 0 0 72 22 10 18 2 9 82 1 1 0 5 19 14 0 6 3 1 2 6 1 2 4 9 12 2 17 29 3 7 3 1 1 57 19 16 5 4 11 7 5 12 1 175 47 19 3 11 57 0 1 3 20 48 4 4 48 152 22 78 10 1 5
137 41 59 179 7487 5720 162 43 11 93 54 2641 0 71 59 25 10 7 0 14 125 74 4 9 51 2 24 61 3975 5021 6771 237 278 130 25 10 18 156 83 17 314 2 32 2 1 5 62 83 11 1 13 38 290 899 28 46 7592 33 14 0 38 126 153 27 95 3 2576 315 328 34 11 44 101 24 1359 112 18 2 19 5 42 1 89 689 577 420 308 8 17 2 16 65 54 17 23 2343 131 270 704 9267 12 3 48 13 18 139 1 7 18 22 42 165 0 0 3 1 0 0 2 8 2 4 3 13 18 0 0 0 0 2 20 2 47 66 0 31 1 0 48 16 2 8 3 4 25 1 0 0 4 16 6 0 3 0 1 2 0 2 3 0 6 1 1 7 6 1 7 3 1 2 27 5 9 5 2 7 4 1 6 0 80 26 13 3 5 24 0 0 2 12 20 1 1 14 35 5 27 8 0 2
25 2 19 4 1305 1451 33 8 41 186 335 1029 0 10 8 6 3 8 0 5 145 112 6 3 49 0 1 2 134 154 237 6576 5142 4295 1 2 115 1249 10 17 172 0 13 2 1 4 16 17 5 0 3 8 65 180 8 20 59 1787 9 5 17 18 14 1 9 0 223 39 51 5 6 387 1235 67 2989 39 38 0 118 1 19 2 31 277 242 137 22 2 3 0 5 30 17 0 9 7302 251 53 59 98 8 7 41 15 21 144 5 4 18 22 49 146 0 0 0 0 2 2 4 4 4 0 1 29 24 0 2 0 0 0 28 0 62 210 5 140 0 0 28 10 1 4 5 9 63 0 0 0 2 4 8 1 1 6 0 1 2 4 1 6 9 13 1 6 34 0 0 2 1 2 50 7 24 3 2 8 5 6 3 0 146 46 21 4 6 49 0 0 1 16 45 3 3 32 20 9 68 9 1 2
47 7 43 17 906 717 54 27 261 374 753 908 4 7 6 3 3 7 7 5 374 498 15 6 199 5 1 4 344 257 278 5142 11127 2687 1 0 97 2556 6 31 452 3 21 16 25 10 56 6 2 4 12 39 191 461 30 50 155 1005 22 2 15 18 18 3 6 3 606 91 42 17 7 668 2613 241 3013 36 258 18 198 2 43 7 70 688 712 469 119 11 3 9 13 60 38 6 17 4025 1795 306 247 106 29 27 120 37 78 363 14 16 50 53 198 580 2 0 1 2 0 0 6 0 6 0 2 133 93 4 4 1 0 1 89 11 273 936 25 525 0 0 101 38 2 13 0 37 253 1 4 1 8 3 12 2 9 12 4 2 6 11 1 19 30 58 3 37 139 5 2 3 0 1 165 31 119 10 0 5 23 13 4 1 688 203 99 26 5 231 0 0 8 60 172 7 12 144 95 42 210 40 6 24
22 3 14 10 480 186 18 4 2 12 12 123 1 297 170 45 53 39 8 56 282 496 31 14 121 6 22 61 155 181 130 4295 2687 4865 71 111 1089 1075 91 66 497 10 30 28 3 9 122 58 10 0 8 55 173 348 11 34 80 6251 2104 1928 40 34 51 29 51 3 174 2030 201 18 12 170 1315 181 5174 132 16 40 111 5 65 0 87 521 453 182 58 11 11 1 9 72 42 15 17 1666 18 21 82 76 7 3 27 7 28 54 2 8 4 8 22 90 0 1 2 0 5 2 7 6 12 9 6 64 50 0 6 0 2 5 28 4 56 574 53 544 3 0 186 73 9 25 8 34 178 1 4 1 17 21 13 2 12 25 2 4 9 11 3 15 28 40 3 11 72 1 4 2 1 3 123 19 64 23 8 10 24 10 2 1 190 287 76 5 11 47 3 0 11 46 134 5 8 48 5 3 135 21 1 12
0 0 0 0 4 4 0 1 0 2 0 2 0 4241 1849 415 157 254 263 293 10 13 12 1042 31 1100 4556 358 82 17 25 1 1 71 4010 2331 873 98 90 2677 52 12 137 4 1 26 1307 23 1 0 0 0 9 36 1 2 101 59 2481 323 32 52 165 183 141 1 168 202 226 10 3 0 2 428 155 19 0 0 0 0 3 0 1 54 21 22 12 0 5 2 6 1 0 2 38 5 0 1 43 67 0 0 1 0 0 1 0 0 0 0 0 0 207 136 52 105 0 383 40 130 198 1273 132 11 6 4 22 9 31 164 3 1 1 2 0 3 67 13 32 39 18 109 15 1 22 5 0 9 67 38 20 0 1 0 0 0 0 0 0 0 0 2 0 0 2 42 7 14 1 1 2 5 1 5 1 13 0 0 1 1 2 4 99 0 3 5 0 0 0 2 1 1 7 0 0 0 4 6 3 2
0 0 0 0 3 1 0 0 0 1 0 1 0 7411 1169 83 323 22 4 23 1 1 7 19 3 6 76 194 22 7 10 2 0 111 2331 2265 1960 45 99 86 46 1 19 0 0 0 525 16 3 0 0 0 2 8 0 0 31 23 3396 1498 3 21 83 34 92 0 31 100 115 2 0 0 1 28 97 12 0 0 0 0 0 0 1 5 7 2 0 0 0 1 4 0 1 0 11 9 0 1 3 19 0 0 1 0 0 0 0 0 0 0 0 0 3 2 2 1 0 8 1 4 12 23 7 1 2 0 3 0 1 7 0 0 0 2 0 4 1 0 4 2 0 3 1 1 1 0 1 0 2 6 4 0 0 0 0 0 0 0 0 0 0 0 0 0 0 2 1 0 0 0 0 0 0 2 0 4 0 0 2 0 0 1 4 0 1 0 0 0 0 1 0 0 0 0 0 0 0 1 0 1
7 2 6 3 64 39 4 0 1 5 1 30 4 2890 1954 472 2867 440 71 1006 468 1080 180 146 279 87 191 399 30 45 18 115 97 1089 873 1960 6704 4559 825 475 640 44 209 86 2 96 847 298 13 0 3 14 71 82 6 16 22 835 4392 2799 464 194 272 119 493 11 57 955 1562 29 13 19 172 144 526 632 26 69 44 1 16 0 30 130 215 168 67 6 31 1 37 29 13 14 112 149 9 5 137 25 2 5 5 2 10 10 0 2 0 0 3 17 7 4 15 9 6 21 20 55 76 61 32 54 59 4 16 2 4 26 35 7 22 268 48 261 3 2 321 94 44 83 34 0 66 6 5 2 50 97 58 3 4 8 0 5 0 4 1 4 6 14 0 2 29 17 32 28 3 16 42 30 29 28 6 41 7 2 50 5 75 197 43 5 20 21 3 0 2 38 45 4 10 19 2 1 55 19 4 21
24 2 19 12 510 239 21 7 5 20 11 168 1016 162 274 284 944 1696 1915 329 1143 2760 429 164 1012 473 88 32 163 241 156 1249 2556 1075 98 45 4559 15262 429 1638 1458 89 489 1829 231 1925 974 132 51 15 4 39 137 253 22 51 66 745 437 80 1956 121 152 97 61 97 190 446 1074 37 14 206 5100 2299 1822 498 94 561 185 8 52 13 69 504 754 533 242 15 41 24 622 85 54 28 240 1276 42 27 434 91 4 22 26 13 43 54 3 8 6 2 23 86 175 50 55 101 24 142 227 172 618 472 250 234 247 33 103 6 19 61 95 18 99 941 117 920 62 14 1378 479 55 538 38 33 359 22 36 19 325 279 302 11 13 25 3 5 6 25 7 17 39 54 5 11 127 138 78 59 12 47 214 140 113 103 25 165 37 14 187 22 294 838 331 23 67 167 5 2 16 102 189 18 26 73 20 8 256 73 10 122
4 2 3 2 34 25 6 2 1 2 3 24 15 754 2200 3463 162 6980 189 184 13 22 48 476 14 17 846 3458 265 96 83 10 6 91 90 99 825 429 15237 53 410 217 513 12 19 833 78 227 43 7 0 8 22 94 6 2 311 88 669 197 4618 120 131 889 2631 142 335 148 4300 10 8 0 22 26 451 948 0 1 0 0 9 0 7 83 47 30 7 4 22 9 67 21 10 11 97 78 3 8 39 127 0 0 0 1 1 1 0 1 0 0 0 1 15 97 321 24 2 247 22 1205 52 704 13 2 2 2 1 29 7 424 7 7 0 2 1 10 4 4 35 42 830 26 677 8 6 36 52 36 27 2007 8 2 0 0 0 5 0 0 0 1 0 2 0 0 1 5 500 367 20 150 3 8 1 16 7 424 0 3 72 8 1 2 19 2 23 5 0 1 9 1 0 7 4 5 2 0 2 1 0 2
2 0 1 2 25 12 3 3 2 2 1 18 5 1432 1276 510 1203 147 1302 2179 205 1531 755 3658 4457 7540 1570 61 40 31 17 17 31 66 2677 86 475 1638 53 7648 753 256 1013 132 4 48 3264 34 87 0 0 8 23 71 3 5 55 28 726 34 167 228 325 209 35 4 172 280 141 106 4 14 330 1332 114 112 6 11 22 0 6 0 9 240 206 382 214 4 44 6 92 39 31 96 457 42 6 3 354 41 1 0 5 2 6 5 1 5 0 0 2 7 360 102 42 181 6 355 220 43 609 1036 369 66 67 19 90 14 49 128 24 3 10 64 12 50 95 22 331 210 21 483 9 6 112 18 3 3 242 29 144 6 5 1 1 1 0 0 2 0 5 12 1 3 3 205 7 27 4 0 39 62 4 28 15 58 5 4 20 3 25 102 176 7 23 39 0 0 3 25 10 8 11 12 3 1 50 36 2 39
539 277 1013 456 368 1506 158 440 38 376 63 1682 10 1001 2918 2648 590 1968 712 1144 1883 1732 6114 4261 440 2445 323 375 254 388 314 172 452 497 52 46 640 1458 410 753 7797 3862 1248 139 55 608 309 873 5069 17 79 119 72 173 1414 1828 201 205 229 63 1507 372 184 123 99 14 158 722 436 399 534 267 853 437 1074 842 130 106 308 3 560 22 521 232 1204 206 154 764 1806 258 1468 1996 635 945 1542 491 207 76 160 316 10 12 40 14 35 88 2 8 16 11 58 166 104 25 27 61 17 44 58 59 201 162 52 83 88 9 32 6 16 50 62 11 114 607 35 486 22 8 338 112 40 187 29 10 105 23 44 3 117 169 117 29 59 8 0 47 5 8 8 20 11 29 1 10 116 69 70 62 17 28 93 77 115 40 26 135 25 58 208 11 284 401 84 22 96 112 16 9 79 46 70 132 26 60 30 18 113 34 2 50
1 2 1 0 5 3 1 2 1 0 0 4 11 36 158 376 48 879 89 87 24 178 1392 3862 161 243 74 84 5 2 2 0 3 10 12 1 44 89 217 256 3862 4548 1954 5 12 752 99 29 1256 0 1 1 9 17 34 14 5 6 45 7 1349 34 46 71 28 12 16 24 289 15 9 0 10 20 33 190 3 0 2 0 4 1 4 40 19 48 12 6 59 11 433 153 15 51 163 5 3 0 37 4 0 0 0 0 0 0 0 0 0 0 0 0 5 4 13 2 0 13 4 44 9 32 6 0 0 0 0 1 0 16 1 1 0 4 2 3 2 0 8 3 26 5 30 0 2 4 11 3 4 111 2 0 1 0 0 4 0 0 1 1 0 0 0 0 0 3 46 34 1 5 2 2 0 2 6 39 1 2 35 6 1 1 3 0 20 1 1 1 1 0 0 7 0 3 0 0 1 1 0 0
8 0 13 4 24 15 1 2 2 4 0 13 20 206 342 215 131 1585 172 186 98 867 548 1776 1015 371 1109 212 90 18 32 13 21 30 137 19 209 489 513 1013 1248 1954 5754 67 72 1939 563 191 1771 2 3 5 34 172 22 15 157 17 464 15 5634 802 2203 7567 534 41 444 297 1721 165 21 9 79 80 121 1877 17 2 21 1 19 2 29 427 255 526 127 26 299 159 3301 364 79 316 2566 29 19 11 445 95 1 0 0 0 2 1 0 0 0 0 0 0 20 9 37 7 3 28 12 139 37 98 11 5 7 1 5 2 5 53 3 3 0 6 2 6 5 4 35 18 100 28 87 3 9 28 61 2 16 508 11 13 17 0 1 26 0 1 0 0 0 1 0 1 0 13 175 122 15 77 1 8 2 8 41 314 3 10 385 51 4 9 11 1 139 2 2 6 5 10 4 41 11 6 1 1 1 1 1 2
3 0 5 1 3 3 1 2 4 3 0 14 5990 6 18 3 256 196 9167 34 101 211 28 6 72 38 7 1 7 4 2 2 16 28 4 0 86 1829 12 132 139 5 67 12116 4132 856 73 9 19 522 16 109 21 41 11 3 7 2 20 2 131 15 25 12 0 479 11 14 46 12 23 197 3622 3526 15 36 501 3536 2814 107 150 507 9 64 92 65 13 290 267 335 1544 19 13 2 37 7 37 5 24 2 2 3 4 0 9 5 2 1 3 1 1 2 56 26 58 61 6 106 120 179 235 445 118 57 48 14 26 2 3 63 21 6 9 96 13 103 33 6 382 165 37 176 24 6 75 10 14 11 117 159 87 15 18 6 0 31 4 2 3 9 5 12 1 2 6 35 34 28 4 30 31 37 12 23 22 67 11 15 142 13 31 159 195 2 57 29 4 8 34 29 17 37 9 7 7 1 56 27 5 26
2 0 3 0 0 1 4 0 104 4 0 17 3791 2 7 5 68 97 989 11 1 7 2 7 1 2 8 5 3 1 1 1 25 3 1 0 2 231 19 4 55 12 72 4132 7257 5678 1 20 31 1414 7 48 16 5 11 0 3 1 0 1 25 34 32 13 21 1669 5 0 15 18 56 234 999 332 2 33 1619 1033 1749 76 275 901 0 9 2 5 0 776 1073 1517 1514 8 5 9 82 0 740 101 1 3 1 0 0 0 2 2 0 1 1 0 0 0 10 7 163 6 1 28 5 169 24 101 2 1 2 1 0 1 1 44 6 4 0 6 2 11 2 3 24 19 97 6 115 1 10 42 309 14 39 1508 3 43 82 5 2 241 2 0 7 14 0 0 1 0 3 4 434 217 35 1068 2 12 4 7 131 636 12 75 1879 163 5 7 15 0 504 9 16 125 84 0 5 256 34 5 12 1 2 1 0 0
0 0 0 0 1 2 0 0 10 0 0 3 2443 23 84 154 369 2072 3787 161 4 31 29 921 35 17 766 404 14 8 5 4 10 9 26 0 96 1925 833 48 608 752 1939 856 5678 3047 31 35 77 10 0 4 4 17 19 7 38 2 40 3 306 73 101 1397 912 2170 51 20 230 12 3 14 383 221 37 108 51 24 128 5 5 2 4 34 14 41 8 10 59 71 5071 26 11 35 247 8 51 8 41 14 0 1 0 0 2 1 0 6 0 0 1 1 57 237 1203 76 14 457 35 2125 174 1372 41 1 5 4 6 96 24 1278 13 20 4 8 21 34 21 14 120 118 1742 28 1808 17 12 161 493 136 92 5981 11 10 15 1 3 59 0 1 0 0 2 4 2 1 7 22 1660 1344 65 1077 3 13 12 41 38 1338 1 10 513 36 8 12 44 5 163 19 8 7 39 3 2 36 26 23 12 0 3 1 0 3
9 5 11 7 23 31 2 8 2 2 2 33 4 1439 657 68 319 71 119 374 171 303 70 576 2521 233 318 146 150 29 62 16 56 122 1307 525 847 974 78 3264 309 99 563 73 1 31 10818 39 28 0 5 15 84 309 13 17 375 45 5908 128 92 219 367 280 114 0 1085 1802 240 59 5 23 383 530 149 74 11 16 53 1 24 1 35 565 263 648 1962 4 18 5 58 28 33 39 220 47 6 6 832 243 4 7 5 1 9 7 0 1 1 1 2 12 61 8 4 43 4 32 84 10 205 91 65 81 67 8 48 1 5 14 27 2 14 110 24 108 14 6 419 217 12 203 3 9 107 4 5 2 118 13 110 3 3 3 1 2 1 2 1 2 2 20 1 3 9 70 9 12 3 4 45 42 3 29 3 21 10 2 17 3 26 161 91 1 4 35 0 1 4 38 34 5 10 12 4 2 63 26 6 28
19 3 26 8 60 38 9 13 1 5 2 34 2 99 204 136 13 194 19 14 19 76 12 33 67 5 15 54 244 110 83 17 6 58 23 16 298 132 227 34 873 29 191 9 20 35 39 27352 547 28 3 22 29 125 23 10 316 41 252 36 491 14353 2288 174 137 2 359 94 3163 1464 5663 2 26 16 323 10552 12 1 8 7 1184 25 17 167 89 119 18 1941 2760 137 1163 436 180 412 1280 98 7 15 81 116 1 0 3 1 3 2 1 2 0 0 0 0 5 2 19 3 2 3 9 8 34 8 1 1 5 2 0 1 2 3 10 6 3 7 8 13 1 2 35 16 8 13 19 5 5 89 176 7 51 451 8 180 749 13 6 466 1 3 28 44 1 4 0 0 2 5 153 147 165 63 8 21 9 27 389 765 57 273 1674 227 2 17 9 0 920 12 97 20 529 1 2 1178 238 12 6 4 4 3 0 1
42 9 72 11 7 30 22 23 4 21 4 35 1 19 87 116 20 159 71 81 34 249 228 388 109 76 22 7 42 28 11 5 2 10 1 3 13 51 43 87 5069 1256 1771 19 31 77 28 547 10732 3 7 7 11 60 117 38 4 3 13 0 322 263 197 29 8 11 40 24 57 247 130 9 22 26 32 624 28 9 21 1 80 3 28 114 67 87 10 193 1175 317 1109 4659 424 4013 7435 7 22 18 61 12 1 0 0 0 0 5 0 0 0 2 2 2 3 0 1 3 1 1 1 0 5 11 1 0 0 0 1 0 0 0 3 1 2 14 2 15 1 0 6 6 4 6 2 1 2 11 21 1 7 62 4 12 36 0 0 29 0 0 3 3 0 0 0 0 0 0 17 17 8 26 2 1 3 1 39 97 3 16 219 28 7 3 6 0 88 3 5 4 27 0 0 77 12 0 0 0 3 0 0 0
2 0 0 0 0 0 0 1 56 3 1 7 55 0 2 1 4 2 51 3 1 2 0 0 0 0 0 0 3 1 1 0 4 0 0 0 0 15 7 0 17 0 2 522 1414 10 0 28 3 5713 26 329 11 4 5 0 1 0 0 0 5 21 9 2 2 1125 2 0 1 17 81 62 103 547 0 20 1224 389 450 455 623 3882 0 3 3 0 0 1997 1285 3043 281 13 7 3 9 0 426 41 0 0 1 1 0 0 1 1 0 1 0 1 0 1 0 0 23 0 0 2 1 2 7 5 1 0 0 0 0 0 1 0 2 2 0 4 1 1 0 0 13 1 0 6 1 2 4 6 122 7 36 103 1 57 495 4 3 968 14 0 34 66 0 1 0 2 0 2 3 23 94 110 3 4 1 5 245 138 25 165 2342 128 3 1 3 0 723 12 105 520 589 2 2 1881 101 2 6 0 2 2 0 0
28 5 39 6 11 21 20 23 3 8 2 29 0 1 0 4 0 1 2 2 0 10 1 3 8 0 0 0 42 22 13 3 12 8 0 0 3 4 0 0 79 1 3 16 7 0 5 3 7 26 7056 9871 89 108 488 16 5 2 0 0 1 8 3 0 1 96 14 16 4 127 16 6 9 104 17 3 68 21 17 1404 1151 268 132 85 57 21 7 21 6 1 4 3297 7254 33 12 5 20 15 15 9 0 0 1 1 0 2 0 2 0 0 0 1 0 0 0 0 0 0 0 0 0 0 0 3 2 0 0 0 0 0 4 0 1 10 1 8 0 0 4 1 0 1 0 0 2 0 1 0 4 0 0 9 6 0 0 1 395 23 527 345 9 0 0 0 3 0 0 0 1 21 0 2 2 0 0 0 84 88 5 0 4 8 11 0 3 17 52 6 135 0 2 14 8 0 13 2 2 0 0 0
156 31 167 26 45 90 99 127 43 87 13 114 3 2 3 0 3 4 12 1 10 25 3 2 37 3 5 1 209 100 38 8 39 55 0 0 14 39 8 8 119 1 5 109 48 4 15 22 7 329 9871 10422 396 435 1868 63 12 19 11 1 5 47 17 3 4 1062 43 76 17 250 121 48 75 1054 98 8 675 145 155 16265 2860 3357 584 285 145 60 27 132 33 16 10 2057 3017 19 18 23 275 84 41 23 4 2 2 0 2 3 1 13 1 2 5 12 0 0 0 0 2 0 0 2 3 0 0 4 3 0 2 0 0 0 2 0 8 41 3 47 0 0 21 6 0 4 0 7 9 0 14 1 19 2 2 25 47 6 2 44 1984 226 3224 3393 32 2 1 1 6 1 2 1 2 95 14 4 16 1 4 9 668 441 54 5 29 35 59 0 12 77 424 46 916 2 24 101 104 4 46 6 5 1 0 4
931 159 761 144 217 523 828 639 176 515 78 586 1 27 16 9 2 4 2 3 24 47 8 22 124 9 16 17 2995 672 290 65 191 173 9 2 71 137 22 23 72 9 34 21 16 4 84 29 11 11 89 396 5961 7113 3583 14 102 93 32 1 21 119 107 19 32 11 233 340 99 67 16 164 188 73 537 23 142 37 133 70 204 20 3608 1262 697 237 162 26 23 10 46 182 286 33 44 139 366 4549 156 201 3 7 24 14 18 84 3 3 10 16 36 123 0 0 1 0 2 1 2 3 8 0 1 20 14 1 0 0 0 3 12 2 58 247 18 180 0 0 52 14 0 7 0 2 25 1 0 0 7 6 6 2 2 5 0 0 24 2 33 9 8 10 1 5 40 0 5 1 0 0 27 13 33 8 1 4 4 3 6 1 118 87 17 7 4 38 5 1 4 12 20 0 0 40 18 6 45 5 0 4
1682 349 1688 435 584 1180 1183 1126 84 701 86 1287 1 104 59 27 5 15 8 9 48 115 15 55 309 29 81 129 11876 1444 899 180 461 348 36 8 82 253 94 71 173 17 172 41 5 17 309 125 60 4 108 435 7113 14277 666 75 464 159 55 7 61 544 530 96 141 4 1318 940 447 164 48 265 328 119 1684 119 129 30 201 56 294 11 3745 8578 930 583 791 49 53 13 70 485 472 79 183 595 299 2962 642 730 20 15 74 21 48 231 7 15 36 27 86 287 1 2 5 2 5 2 12 5 9 9 2 62 46 0 7 0 0 3 33 2 136 490 23 357 0 1 77 17 5 15 1 13 87 1 3 0 10 15 7 5 7 6 0 2 29 3 21 22 16 25 4 12 95 5 10 10 2 4 87 26 101 18 3 17 3 6 11 3 306 171 31 9 12 104 6 1 9 25 69 6 3 81 55 20 96 18 0 16
133 16 120 15 32 68 126 81 54 86 12 94 0 1 3 1 0 9 1 0 5 6 3 13 13 3 2 1 290 78 28 8 30 11 1 0 6 22 6 3 1414 34 22 11 11 19 13 23 117 5 488 1868 3583 666 17752 150 11 6 1 0 53 18 16 4 4 23 21 34 18 71 35 35 36 50 58 33 57 9 26 496 496 98 6838 242 381 35 16 31 37 8 65 1330 845 39 24 12 111 1550 22 19 1 1 2 1 1 7 0 1 0 4 3 11 0 0 1 0 2 0 0 2 0 0 1 1 3 0 0 0 0 0 4 0 3 37 3 23 0 0 10 5 1 0 0 0 4 0 1 0 1 5 0 4 0 0 0 4 148 10 168 78 2 0 0 1 6 0 2 0 0 6 6 2 6 1 2 4 12 17 6 0 12 17 5 1 4 6 14 2 21 0 1 4 3 1 8 1 8 1 0 1
90 41 205 81 45 262 41 78 5 48 9 266 0 3 2 1 2 4 3 1 661 40 5 10 44 3 2 2 53 51 46 20 50 34 2 0 16 51 2 5 1828 14 15 3 0 7 17 10 38 0 16 63 14 75 150 2423 11 25 6 2 18 22 21 3 0 0 12 70 21 18 9 39 51 28 102 18 13 4 31 6 52 2 1192 94 1781 57 16 12 21 4 23 257 88 17 16 49 22 27 31 55 0 2 1 1 6 11 0 1 3 2 6 15 0 0 0 0 0 2 1 0 2 1 0 2 3 1 1 0 0 0 3 1 8 55 5 46 0 0 23 12 1 5 1 0 11 0 1 0 1 3 2 0 1 1 0 0 1 0 3 1 0 3 0 0 5 1 0 3 1 1 6 1 8 3 0 4 1 2 4 2 29 19 10 1 2 17 0 0 3 1 5 0 1 8 2 1 10 1 1 2
9 9 16 15 537 150 7 3 12 11 13 152 0 361 199 83 8 22 5 9 65 82 5 30 130 4 124 353 949 1323 7592 59 155 80 101 31 22 66 311 55 201 5 157 7 3 38 375 316 4 1 5 12 102 464 11 11 7238 58 56 8 105 781 1006 175 409 3 3536 1817 1526 126 31 112 67 56 3580 239 21 4 53 1 27 0 37 676 291 728 1752 12 35 2 41 32 36 30 140 648 53 30 2921 5874 6 2 16 2 13 33 0 0 4 4 12 68 0 0 0 3 0 10 5 21 14 14 4 25 10 0 3 1 0 6 6 2 26 90 11 56 1 0 60 33 13 11 6 2 31 4 3 0 10 50 7 1 5 6 1 2 2 1 2 3 4 8 2 5 6 3 23 16 2 7 21 9 9 5 5 32 1 3 39 3 42 45 16 1 17 20 1 1 0 10 19 10 2 10 11 3 30 8 0 4
5 0 12 1 97 49 3 5 0 5 7 59 0 175 133 36 34 21 4 34 58 83 10 14 29 2 26 83 53 33 33 1787 1005 6251 59 23 835 745 88 28 205 6 17 2 1 2 45 41 3 0 2 19 93 159 6 25 58 3091 386 363 22 52 58 23 71 2 115 1314 198 11 4 154 552 39 2563 101 8 1 80 2 23 2 35 207 155 53 12 5 12 0 8 35 29 3 15 550 6 4 31 33 2 0 2 2 4 20 0 1 3 2 9 27 1 1 2 0 0 3 3 7 3 5 3 20 7 0 0 1 0 1 2 2 15 78 6 70 0 0 34 19 5 1 2 4 20 1 1 0 4 13 7 1 0 4 1 0 2 5 2 5 5 6 0 6 5 1 7 2 1 0 25 5 5 2 0 3 4 2 12 0 41 59 12 3 2 11 0 0 1 8 31 4 1 13 4 2 27 6 0 1
3 0 6 6 12 14 4 3 1 2 1 9 0 2329 918 203 105 112 33 113 94 126 30 387 105 33 554 777 33 6 14 9 22 2104 2481 3396 4392 437 669 726 229 45 464 20 0 40 5908 252 13 0 0 11 32 55 1 6 56 386 6481 1294 122 396 648 413 590 3 87 824 1442 50 28 4 71 224 193 255 1 18 8 0 16 0 20 92 129 112 71 3 21 9 33 15 27 20 163 14 1 5 87 22 2 4 4 0 11 11 2 1 2 0 4 5 15 9 5 15 5 25 50 25 82 73 26 51 43 5 12 1 4 11 17 3 5 84 16 104 5 1 319 122 19 61 10 4 86 2 3 1 55 52 60 1 4 6 1 3 0 2 0 4 6 13 0 2 4 13 15 14 2 3 25 27 10 11 6 38 5 2 32 2 19 104 58 6 14 10 0 0 3 25 24 7 6 16 0 2 52 13 2 18
0 0 0 0 4 2 1 0 0 0 0 0 0 2041 618 108 129 51 4 45 5 14 7 19 3 0 45 162 5 1 0 5 2 1928 323 1498 2799 80 197 34 63 7 15 2 1 3 128 36 0 0 0 1 1 7 0 2 8 363 1294 822 11 24 60 20 118 0 7 166 254 4 2 0 6 4 75 51 0 0 0 0 4 0 0 5 5 3 1 0 2 0 6 2 1 0 4 5 0 1 3 2 0 0 0 0 0 1 0 0 0 0 0 0 2 3 4 0 0 9 4 9 2 9 1 2 0 1 2 0 1 4 1 0 0 4 1 7 0 0 6 4 10 0 2 0 2 1 0 1 1 12 0 0 0 1 0 0 0 0 0 1 0 0 1 0 0 0 2 0 1 0 3 0 1 1 0 5 0 0 1 0 1 2 3 0 1 1 0 0 0 3 4 0 0 0 0 0 2 1 0 0
1 0 4 5 16 11 6 4 1 3 2 6 19 42 360 677 532 2682 650 545 34 86 55 1559 154 44 307 165 71 36 38 17 15 40 32 3 464 1956 4618 167 1507 1349 5634 131 25 306 92 491 322 5 1 5 21 61 53 18 105 22 122 11 4347 494 876 1571 1568 73 163 60 3062 137 46 6 148 45 157 5037 7 5 15 1 36 0 13 125 73 146 37 20 297 44 3035 82 33 128 1269 46 19 4 134 44 0 3 0 0 5 1 0 4 0 0 2 4 27 38 217 19 15 57 23 284 92 167 22 8 8 4 4 27 4 243 16 10 1 5 10 29 3 4 88 67 381 35 431 6 12 123 489 22 63 2006 20 17 26 1 0 58 1 2 1 3 1 2 1 1 2 15 851 645 43 215 7 13 10 34 72 856 3 21 770 73 4 8 12 2 330 12 3 1 19 4 4 43 21 12 5 1 3 4 3 3
17 4 22 7 39 37 11 5 3 8 5 57 2 143 247 69 23 117 29 35 102 441 38 114 606 39 169 67 486 80 126 18 18 34 52 21 194 121 120 228 372 34 802 15 34 73 219 14353 263 21 8 47 119 544 18 22 781 52 396 24 494 25693 10449 1925 525 6 2015 274 2109 11769 2341 8 33 35 256 3024 11 5 19 12 758 53 49 1028 384 868 163 461 1338 237 1087 250 957 3200 4050 68 18 21 735 309 0 4 3 0 3 0 1 3 0 0 0 1 12 2 19 8 0 6 3 10 19 20 8 0 3 1 5 1 2 7 19 10 4 6 7 4 1 2 26 15 8 34 11 1 21 74 124 15 47 250 20 304 1218 10 11 559 6 7 35 75 1 5 0 3 1 15 64 128 330 83 3 19 2 12 585 618 90 412 2205 205 6 15 12 2 1455 23 127 14 803 2 5 2280 401 15 10 1 3 5 2 0
12 2 10 3 25 35 7 5 3 2 3 43 3 325 545 63 63 107 53 66 79 372 30 140 610 43 438 206 496 54 153 14 18 51 165 83 272 152 131 325 184 46 2203 25 32 101 367 2288 197 9 3 17 107 530 16 21 1006 58 648 60 876 10449 17509 6751 2582 9 2080 478 3917 1032 172 12 49 45 312 2050 13 3 16 2 105 4 49 864 296 785 214 80 778 249 1627 149 151 949 4382 75 19 13 817 453 1 1 0 0 6 1 0 1 0 0 0 1 10 6 18 11 2 18 12 35 67 63 14 5 2 0 2 1 2 10 17 9 2 5 2 11 4 0 38 20 20 21 22 1 13 89 137 7 42 372 14 68 108 3 3 103 1 0 3 7 1 3 0 2 1 12 129 157 79 68 8 11 4 12 247 828 10 48 1214 199 2 11 13 3 631 6 4 7 45 2 1 222 66 5 0 0 1 0 1 3
3 0 2 1 7 3 1 0 0 0 0 7 17 223 289 78 45 1558 94 40 13 79 32 722 192 52 2278 1472 91 9 27 1 3 29 183 34 119 97 889 209 123 71 7567 12 13 1397 280 174 29 2 0 3 19 96 4 3 175 23 413 20 1571 1925 6751 9447 5376 96 343 263 2052 198 22 0 10 29 82 412 1 0 5 0 14 0 8 159 46 163 50 9 48 13 336 18 25 60 1322 15 4 3 175 88 1 0 1 0 0 0 0 1 0 0 1 0 19 15 118 4 1 62 7 432 34 224 16 2 3 2 3 6 4 125 3 3 0 3 2 3 2 1 18 13 317 13 217 3 3 15 16 9 16 938 0 3 5 1 0 8 0 1 0 0 0 0 0 1 0 6 247 137 13 85 0 3 2 3 11 217 0 2 86 15 0 0 8 0 37 1 0 0 5 3 2 13 4 3 0 0 0 5 0 2
1 0 1 0 27 25 3 2 0 4 2 20 23 533 1195 513 24 783 48 24 6 21 12 111 34 8 900 1480 256 75 95 9 6 51 141 92 493 61 2631 35 99 28 534 0 21 912 114 137 8 2 1 4 32 141 4 0 409 71 590 118 1568 525 2582 5376 4906 86 472 163 4165 47 8 2 4 11 374 704 0 0 1 1 11 0 4 110 61 71 36 1 10 3 179 10 14 4 219 47 2 12 92 209 0 0 1 0 2 0 0 0 0 2 0 1 21 42 168 8 2 76 11 538 31 244 14 0 2 0 3 19 4 201 5 2 1 2 4 8 5 1 26 36 449 20 414 5 5 52 76 13 21 1702 5 6 5 0 2 14 0 0 0 1 1 0 0 0 1 4 576 341 15 147 3 2 5 9 9 420 0 1 142 13 3 5 6 1 50 1 0 1 2 1 1 5 5 7 2 0 2 0 0 0
1 0 0 0 1 1 2 0 24 0 1 0 1752 0 6 35 18 247 693 3 3 1 0 13 2 1 72 78 3 2 3 0 3 3 1 0 11 97 142 4 14 12 41 479 1669 2170 0 2 11 1125 96 1062 11 4 23 0 3 2 3 0 73 6 9 96 86 858 1 1 14 3 6 33 112 1306 5 7 873 1199 238 684 170 754 2 4 3 0 1 100 72 140 1197 14 2 4 17 1 200 18 0 0 0 0 0 0 0 1 0 1 0 0 0 0 2 4 134 3 2 13 2 69 4 89 3 0 0 1 0 2 0 51 2 1 0 0 1 0 2 1 8 3 56 0 42 0 1 9 37 7 3 373 0 2 4 0 1 7 24 0 19 29 0 1 0 0 0 4 56 54 4 650 0 1 2 2 11 46 4 7 83 6 0 2 8 0 25 1 4 3 10 0 2 16 2 1 1 0 0 0 0 0
174 137 323 229 590 885 55 100 38 95 77 987 2 388 241 91 18 53 15 15 58 147 17 93 684 45 246 404 8366 597 2576 223 606 174 168 31 57 190 335 172 158 16 444 11 5 51 1085 359 40 2 14 43 233 1318 21 12 3536 115 87 7 163 2015 2080 343 472 1 9174 3115 1601 383 53 338 264 124 4189 261 103 6 230 3 62 1 43 2271 309 1573 3417 19 80 14 122 63 78 152 515 929 191 90 3040 3344 11 3 40 12 48 158 6 5 13 15 65 197 2 2 6 2 1 5 3 18 15 20 5 46 31 1 4 2 0 10 32 4 96 366 7 192 3 1 57 18 16 22 23 9 98 7 7 2 9 74 17 1 6 4 2 12 2 4 1 8 12 22 2 14 54 3 37 25 4 11 70 16 54 6 9 51 8 6 56 6 226 91 50 7 36 73 1 1 3 27 51 20 1 65 23 12 80 14 1 8
27 4 50 24 34 93 21 10 1 13 5 93 0 326 161 46 28 34 13 32 291 405 15 201 681 33 223 193 671 48 315 39 91 2030 202 100 955 446 148 280 722 24 297 14 0 20 1802 94 24 0 16 76 340 940 34 70 1817 1314 824 166 60 274 478 263 163 1 3115 4561 444 69 21 40 172 163 920 87 8 9 58 12 83 1 161 1424 782 1434 5272 17 21 6 38 138 106 26 166 59 20 17 3187 1834 2 0 6 0 7 9 3 0 2 0 4 13 2 1 5 3 2 6 20 12 45 11 14 36 26 2 11 1 0 6 8 3 4 80 10 103 0 0 203 85 4 28 6 1 60 1 2 1 32 23 19 0 3 8 1 2 5 1 5 3 9 11 0 1 11 9 6 6 3 0 32 15 7 6 3 12 2 6 14 4 20 90 32 5 7 6 0 0 2 16 32 8 7 11 1 0 48 20 0 12
15 3 2 2 190 70 15 4 0 12 11 97 6 947 2227 1179 286 1607 213 296 29 53 33 445 87 28 265 608 949 338 328 51 42 201 226 115 1562 1074 4300 141 436 289 1721 46 15 230 240 3163 57 1 4 17 99 447 18 21 1526 198 1442 254 3062 2109 3917 2052 4165 14 1601 444 5717 203 102 5 75 36 1220 5277 2 1 7 6 79 3 32 393 151 203 81 16 158 37 609 40 43 49 678 337 2 33 263 615 0 0 1 0 5 1 0 3 0 0 1 1 22 27 91 12 1 38 18 179 85 105 21 9 5 4 2 10 1 82 15 17 2 8 9 16 4 10 71 55 169 28 190 1 14 97 234 12 43 1311 19 32 46 2 1 54 0 0 2 1 1 2 0 3 1 18 619 451 51 101 4 11 11 18 117 1004 5 35 1100 142 5 12 14 4 465 8 1 3 14 2 1 56 31 12 1 1 4 2 3 3
53 11 67 10 16 49 40 43 0 25 3 42 0 24 28 15 3 33 11 11 47 272 18 37 254 13 25 8 131 29 34 5 17 18 10 2 29 37 10 106 399 15 165 12 18 12 59 1464 247 17 127 250 67 164 71 18 126 11 50 4 137 11769 1032 198 47 3 383 69 203 5065 2340 8 21 19 70 318 20 5 19 28 3779 132 59 346 189 340 50 512 459 110 250 598 2189 1798 1843 16 13 16 240 56 0 1 2 0 2 1 2 1 1 0 1 4 4 2 0 6 0 2 0 4 3 6 3 2 0 0 3 2 4 0 8 4 8 22 2 19 0 0 12 2 3 6 1 2 7 11 33 1 13 32 0 278 492 9 7 163 75 25 94 284 1 1 0 2 4 3 10 20 50 19 1 1 2 2 96 83 287 821 361 34 6 11 6 0 225 11 276 12 980 1 4 763 183 4 2 1 2 1 0 1
33 5 46 7 5 21 15 23 3 12 4 28 7 3 7 5 1 14 3 5 6 22 4 5 8 0 0 2 66 29 11 6 7 12 3 0 13 14 8 4 534 9 21 23 56 3 5 5663 130 81 16 121 16 48 35 9 31 4 28 2 46 2341 172 22 8 6 53 21 102 2340 7185 11 18 34 28 526 51 6 16 21 5384 95 29 58 36 28 6 3655 3013 270 319 483 294 227 240 14 34 13 20 18 4 1 5 1 1 1 0 0 1 0 2 3 0 1 0 2 0 3 0 0 2 2 0 0 0 0 0 1 0 0 2 1 1 15 3 7 1 0 5 3 0 8 0 10 2 13 22 3 8 25 5 369 545 6 8 211 45 17 99 254 2 0 0 1 3 1 7 17 44 17 4 11 5 8 53 42 314 990 336 34 7 10 3 3 179 7 377 13 1323 1 4 921 211 3 4 0 0 1 0 1
