15.1821803761145 27.3765844540239 24.8772835540967 32.286499131576 33.7446114781139 40.2411846182623 26.5906930827191 20.3939790676602 59.8688737566226 44.1025849353463 80.9057482806119 61.18699952821 0 0 137.43362681071 0 0 211.968887329102 186.323425292969 145.99001566569 109.519142150879 132.455718994141 127.917826843262 222.696952819824 135.989406879132 0 217.554214477539 0 28.9741766457705 25.3746031369801 56.9978492764661 89.2069149780273 111.721157236302 137.26240123402 0 0 128.922080993652 131.091344833374 169.073719024658 105.216979980469 91.6529801320941 125.385437011719 191.249502182007 134.230092366536 157.428421020508 0 143.526088290744 163.903466475637 133.31802204677 151.322929382324 146.657747541155 156.776904962002 104.49731482599 86.9088131930684 111.36205142602 101.002407836914 121.217653486464 128.839217376709 193.760172526042 0 150.757461547852 176.144890280331 203.338821411133 193.512802124023 138.15495300293 210.252395629883 86.3301302372724 168.512422349718 175.087325032552 173.779745425818 167.062552249793 101.520910172235 143.684936924985 183.699405670166 131.229343591734 154.640048217773 96.1648373074002 83.6008834838867 142.200310707092 143.667641830444 169.995446660716 155.143338884626 110.837711272701 96.0501555979578 107.445911565866 98.7281843821208 137.807428741455 171.279362213917 177.962475750897 184.208639526367 186.797300858931 132.984919024528 156.011723621351 159.032154083252 177.559661138625 67.0315243216122 68.7697934077336 50.6909312077722 136.290203094482 99.5755241939 170.56000588157 163.538363647461 166.183702539515 158.339684486389 161.559415817261 160.595268136484 188.5556640625 127.86079624721 150.915142822266 110.285103724553 136.636276626587 156.270332565881 0 0 0 0 0 0 0 164.254165649414 236.213943481445 222.659439086914 0 147.141784667969 218.708694458008 0 0 0 0 0 165.415603637695 0 155.602148229426 172.490884235927 230.724822998047 181.513129711151 0 0 169.386014302572 154.301803588867 0 0 0 0 175.840852737427 0 0 0 0 0 206.355842590332 0 209.802360534668 190.653327941895 0 214.661407470703 214.478616333008 0 168.894807179769 202.717086791992 0 184.135487874349 0 193.967080688477 126.747344970703 0 172.974105834961 0 0 0 175.654837036133 138.009994506836 166.411196899414 199.096216837565 0 0 0 245.476974487305 211.560394287109 0 153.105484534954 188.332054985894 165.945137023926 0 0 129.509288363987 0 0 211.880554199219 197.103258768717 183.784985012478 0 0 135.912800380162 101.353812780136 178.657141113281 183.623067220052 0 0 0
27.3765844540239 12.8273445887215 46.5174286909929 16.8255507029169 29.6625341551334 32.0453745147312 51.7611217344129 54.7190535473374 72.8890113830566 94.6131768226624 127.191994667053 57.3629421987933 0 123.862777709961 0 0 0 0 0 0 111.957493868741 130.280156135559 0 0 155.583913167318 0 205.844161987305 179.577270507812 61.748170465424 36.2751930692478 60.7084075183403 136.445922851562 150.336241585868 185.148651123047 0 0 140.457981109619 109.073631286621 227.156188964844 0 95.3322425594399 130.190170288086 0 0 0 0 145.677445983887 184.472478230794 148.249828762478 0 149.202215576172 166.165188450967 121.612629440596 102.8397082572 122.859097957611 106.526899942538 106.184193505181 0 0 0 0 207.49275970459 200.945808410645 0 0 0 81.6858753566324 161.788597106934 194.257314046224 173.316255049272 179.493942260742 161.290815734863 187.885620117188 156.412635803223 182.655984061105 166.637649536133 91.5001525878906 0 139.214335123698 169.296578979492 183.622744560242 0 122.855199541364 104.708503966401 113.973523530318 96.6401860555013 158.84593963623 181.512145996094 187.644114176432 196.705688476562 219.750473022461 146.37619001969 171.85407538163 151.71802520752 193.792594909668 64.4038461957659 84.7234276665582 77.0495628408484 138.947026062012 137.143936793009 155.768632888794 184.143783569336 166.735908508301 159.482810974121 211.437225341797 161.794509342739 151.015899658203 0 167.980109320747 121.022793361119 145.828769908232 165.559916178385 0 0 0 0 0 0 0 0 0 0 0 0 230.430198669434 0 0 0 0 0 168.892532348633 0 151.935689290365 163.368988037109 0 187.404711042132 0 0 196.989601135254 0 0 0 0 0 174.991386413574 0 0 0 0 0 0 0 0 208.758102416992 0 0 189.166595458984 0 0 0 0 0 0 0 169.38793182373 0 0 0 0 0 236.795059204102 235.731185913086 175.69189453125 0 0 0 0 0 0 0 138.916661580404 170.05653889974 0 0 0 148.678966522217 0 0 0 220.399475097656 200.244110107422 236.953811645508 0 194.417121887207 111.865418434143 174.554987589518 193.819681803385 152.033355712891 0 0
24.8772835540967 46.5174286909929 14.4800072816448 35.5817308220812 81.5691240341937 39.6389029784898 51.3857940381153 25.2208000450041 63.3621646398786 22.5496228702125 91.5087862712581 22.6869673755852 0 0 0 129.58674621582 0 0 0 0 115.236613967202 150.98267961585 215.942398071289 199.748924255371 161.572009563446 167.254257202148 202.244247436523 156.381225585938 80.4636774895808 65.5463291877924 98.1611126398636 139.733598006399 161.242906792219 178.782006944929 0 0 158.502876281738 179.156804536518 196.532430013021 183.698348999023 97.5834064992018 137.651092529297 196.021034827599 150.094445800781 173.072418212891 0 143.64812746915 173.188109764686 147.245483928257 0 166.818061632988 170.952407151639 123.061025050561 104.5427215766 126.77239373525 111.432934979695 140.757075548172 158.145682652791 149.639316558838 0 201.32084274292 197.419422496449 218.761260986328 191.459976196289 171.052963256836 0 87.7837305570904 158.003868560791 220.08699798584 180.415643948228 181.1397028384 128.362005150836 184.435530229048 145.631228129069 176.471168704149 195.620307922363 124.164016723633 161.151168823242 158.247501691182 159.909951527913 185.213874940614 185.105183919271 125.615146188887 106.548532022595 116.368159901012 103.98516900789 155.148415629069 188.067805897106 191.521489334106 205.647888183594 187.824473063151 147.59157976138 171.6633688561 178.529675236455 186.012413356615 122.864826917648 81.2854037377142 81.0118626637064 142.44983795166 152.992544991629 147.260232925415 166.654266357422 162.059729078542 179.783241271973 167.751563332298 166.412201933158 64.6781828403473 156.393432617188 116.986025933296 133.101797421773 147.704893883238 161.525164926652 228.481369018555 0 0 0 0 0 184.556488037109 0 0 0 0 194.496685028076 176.345118204753 0 0 0 180.420715332031 0 172.726508004325 0 165.160998535156 181.989941733224 211.625686645508 200.785310668945 0 0 186.093122209821 240.630157470703 0 0 0 169.500762939453 192.788167780096 0 0 0 168.247863769531 0 181.88404083252 0 216.076751708984 0 0 214.952011108398 207.197408040365 0 179.153811645508 223.292068481445 215.29515838623 168.368441772461 0 157.060405731201 201.284335327148 0 0 0 215.028045654297 0 188.169921875 207.196741739909 164.827842712402 226.580703735352 0 0 235.324681599935 234.910095214844 0 0 164.625667177398 182.570744832357 130.701915740967 0 0 153.493878682454 0 199.401321411133 239.934397379557 159.400741577148 196.948553466797 210.905059814453 242.981292724609 163.169815063477 113.732639312744 137.452892684937 186.401597340902 192.984119415283 0 0
32.286499131576 16.8255507029169 35.5817308220812 7.66329669410325 15.0534081425617 13.3009428390397 61.8067274255268 94.6820641807888 88.4221115112305 105.900090259054 86.0414619445801 17.6225581282529 0 153.729095458984 216.588111877441 242.044448852539 0 195.04899597168 0 0 113.289445749919 127.147727440143 0 0 125.507629394531 0 183.84538269043 104.474395751953 73.1851944763695 28.5852441765537 40.2326445925835 92.2457160949707 126.313274159151 165.171039581299 0 0 144.957865397135 137.6106300354 137.901271820068 148.578598022461 95.6472974241826 0 210.869773864746 119.961494445801 0 0 147.309394836426 183.534599304199 157.608256946911 0 179.989092508952 170.843551048866 125.545799891154 104.312830817562 125.326201883952 111.198682714392 84.7937026977539 121.621604919434 145.011428833008 0 195.967529296875 213.593091692243 217.241836547852 216.182601928711 0 0 82.9313779272887 142.405906041463 131.452556610107 183.337329101562 178.91310773577 137.267657353328 146.761885325114 147.226538521903 196.317638050426 182.678797403971 86.345510336069 130.585461934408 164.519930521647 165.72004699707 185.877202904743 0 127.988631759865 105.291328344452 112.919897581134 96.1772707790799 146.554615656535 191.5384765625 198.538375854492 206.60213470459 205.47846476237 150.821966171265 176.655237833659 183.819204330444 179.490262349447 52.1631806033781 77.8293000835262 86.5137679672241 147.207852083094 125.351394925799 176.155530293783 165.200889587402 169.032712592453 167.481772682884 175.304183006287 163.446470295725 156.128005981445 131.967855834961 161.599418640137 120.054946110166 139.311154304667 158.439946886519 174.631561279297 0 0 0 0 0 198.908256530762 0 0 0 0 159.726425170898 173.286119249132 0 0 0 0 0 156.579629080636 0 140.350323070179 159.046355009079 0 165.323144276937 0 0 171.077128819057 205.950805664062 0 157.448394775391 0 167.79768371582 168.279335715554 0 0 0 0 0 0 246.418823242188 242.022598266602 199.251342773438 0 0 216.42236328125 225.853942871094 210.592475891113 0 182.57470703125 179.898396809896 203.372459411621 214.952596028646 142.950897216797 0 0 0 0 0 192.567639160156 193.43505859375 198.718115234375 175.681411743164 0 207.766021728516 0 210.439155578613 0 0 139.201065269676 159.762215508355 199.307022094727 0 0 153.172907511393 0 0 0 179.640167236328 201.236958095006 215.106658935547 224.798164367676 155.489267349243 111.789632285514 151.744955880301 171.978082830256 178.323013305664 0 0
33.7446114781139 29.6625341551334 81.5691240341937 15.0534081425617 14.3442581170699 28.2422960702888 53.5620676465781 82.4750198258294 71.0138657239019 81.2067472558273 57.3530289719744 56.5258779447063 0 96.5827052675445 95.9980286106919 95.1157791137695 85.4852528572083 116.149156188965 99.0750481741769 89.5542242262099 104.258859387566 99.9513766667614 91.5128021240234 146.597013685438 108.420165603225 101.89608001709 159.023527145386 103.669871738979 51.6679159285235 27.4436435195429 18.4050388182373 35.6730918116953 60.273489634196 62.04959192276 112.001525878906 80.3930854797363 73.3311680555344 74.9696553024591 104.685633491067 100.007354736328 88.9182332287664 128.494412231445 159.991675059001 117.961357116699 0 106.50968170166 100.016038314156 130.998486328125 137.325587681362 0 141.914090243253 168.39928656684 118.041453946021 96.4068148822001 120.09369969368 96.6607282850477 44.1820479131944 58.6385317143706 116.002156575521 115.663544654846 125.199266910553 154.334842584072 146.220718078613 122.070084708078 106.72627569128 113.103057861328 75.8665516610873 113.650043038761 123.014048245079 175.117738723755 165.099505615234 75.6844724508432 77.2095008084839 85.3375098092215 43.9999772210098 122.767034392426 71.4207988429714 98.7904281616211 96.2691758155823 166.098130362374 177.695609068259 0 118.285361682667 99.3900548113071 107.13480846274 89.6728770112338 93.1645869379458 173.646868896484 171.951805962457 162.851287841797 178.402406964983 139.21579558761 167.440519751572 162.399600982666 165.628431532118 30.8918682739107 66.6088229285346 71.4655089696248 100.895457899067 29.2148307287219 166.624861580985 149.191089630127 154.827504445271 155.75050438775 135.363067858147 150.110799530805 140.082508087158 134.785458374023 152.065963109334 112.877929463106 129.936556639495 146.255703170407 156.894248962402 161.980346679688 173.373489379883 0 124.459442138672 209.746520996094 143.141046142578 165.400054931641 155.5166015625 164.331457519531 139.377815246582 161.264548972801 159.168275099534 134.038452148438 149.947395324707 0 0 167.03971862793 148.119262494539 0 142.895378459584 143.737402430121 120.832646687826 143.012504993786 0 147.758613586426 143.635425648791 139.208603900412 164.59750535753 149.598263549805 192.440811157227 172.555519104004 157.663658003374 203.721557617188 179.551727294922 0 120.496948242188 171.342210557726 160.964351109096 0 220.827194213867 192.705738612584 209.448791503906 176.748819986979 180.161766052246 212.885121663411 163.801605224609 216.425559997559 189.526836395264 191.282956804548 210.890548706055 165.255731201172 145.368802157315 142.479846191406 161.695693969727 201.062934875488 0 0 177.838290405273 177.712724958147 151.309506988525 150.084697178432 0 195.232318878174 235.011413574219 238.934875488281 205.906467437744 234.881393432617 126.306151580811 139.235267020561 109.965897993608 136.858505249023 188.110166277204 104.24530694651 184.143966674805 0 0 171.562166849772 181.956255231585 220.673126220703 221.427389526367 148.367214002107 104.58669945688 178.375254704402 168.434215863546 149.468484358354 0 177.115737915039
40.2411846182623 32.0453745147312 39.6389029784898 13.3009428390397 28.2422960702888 11.5793167745026 61.75792465336 83.0958082543479 66.7135774661333 58.8580947794427 27.6772502507662 26.6886250037299 0 107.198647635324 123.778611924913 168.594585418701 109.567320251465 138.837272644043 67.0683975219727 83.4779942830404 105.279808623318 106.249717229092 105.511026382446 148.469296773275 123.409181241636 170.178625924247 158.784866333008 103.342279434204 69.1267818540372 42.2652631754352 35.7075367152274 19.1053717257975 55.5505034950155 69.4734975753292 119.122993469238 120.873237609863 94.3589982252855 86.9633089648131 115.362986450195 126.10736211141 92.3629409085865 131.994130452474 191.275951131185 120.898272196452 195.630447387695 127.098609924316 126.841824685374 145.333900853207 153.972463989258 0 164.78202965146 171.49286219279 126.327509674014 105.196413230896 131.459607965806 106.665057262392 69.7048369852702 73.3626776325459 138.751895359584 112.215751647949 175.071876525879 169.238373833734 177.121512494768 202.121734619141 110.617073364258 181.190872192383 81.2189192044533 132.487756380471 136.891435895647 181.604866806342 181.794267926897 81.7541832064019 93.6953715213059 111.589746641076 64.2162258487721 133.089115595413 70.3861547102008 124.404462814331 126.031691074371 161.74846163663 187.893193318294 190.924667358398 126.679657550191 103.489430961034 110.571284696646 92.0158426086674 116.89549231022 185.539507316821 177.508748810867 198.527386474609 197.304348945618 150.671881833691 174.69326403317 187.061985015869 183.441795712426 25.8961017991563 65.2023740261508 82.5673471042971 108.663592432586 50.4049360579339 165.127564668655 166.384812606008 161.372453836294 161.594372665673 157.085070359079 158.379824375335 165.315310160319 152.589513142904 158.225956656716 121.742702786013 137.528706048459 154.930417458109 0 0 0 0 132.718444824219 0 176.685169219971 150.413497924805 173.241134643555 0 192.441017150879 160.281887401234 166.63897895813 229.44189453125 162.494166056315 0 0 0 166.019295120239 121.37760925293 148.353097246839 143.656728006488 137.23008219401 155.252428757517 213.189804077148 0 165.579656982422 151.184405008952 152.425160725911 175.268253326416 143.703414916992 174.702562120226 174.325425465902 0 168.575668334961 0 124.289215087891 172.569969177246 170.897132873535 241.858474731445 0 196.068357679579 0 0 216.691024780273 201.497680664062 204.935512542725 225.354263305664 192.700168185764 193.273737368376 199.775253295898 180.558295694987 131.811948852539 148.436584472656 0 181.543914794922 245.169479370117 0 182.270418395996 183.957093302409 155.249236212836 138.496635437012 179.221008300781 200.626399993896 227.883138020833 230.747105916341 0 0 131.16139463651 151.92074911935 114.909057617188 137.238689422607 206.057337443034 109.158076922099 201.877937316895 0 229.938247680664 183.229071877219 195.359536814135 0 221.459831237793 151.254336813222 100.962653730558 177.429929172291 175.21797130147 165.404602050781 183.673919677734 167.895807902018
26.5906930827191 51.7611217344129 51.3857940381153 61.8067274255268 53.5620676465781 61.75792465336 11.3805646746521 24.3964540262662 14.3361948090258 30.6322754606217 41.0496912835871 57.9879167598082 0 138.309097290039 115.101978302002 145.191337585449 110.861640930176 199.606925964355 0 126.99213218689 133.491886138916 143.653779249925 0 0 139.381985664368 195.587333679199 166.255444844564 136.692001342773 29.5166205915314 39.7248165069088 57.1638380686442 65.1571394024473 88.2748153827809 111.164480209351 0 0 118.595888137817 127.003449576242 125.975413004557 145.060246785482 83.5072061321403 129.742797851562 164.613174438477 149.010116577148 117.624671936035 0 140.458145141602 143.490292019314 115.678244850852 0 121.714210891724 130.360804316973 76.707850087668 61.8439593859275 82.6527060856895 84.1639809957365 89.9506830487933 88.7880172729492 146.071409225464 192.762390136719 157.743471781413 193.109104503285 149.464490618025 153.245956420898 141.904449462891 83.4247817993164 103.1585737055 151.120225452241 163.312112935384 144.40245552063 153.649840291341 77.0276251537044 127.545286390516 146.960393269857 101.783615112305 146.574506586248 56.4430700769488 121.09139251709 94.778893498012 125.935492122875 150.604390900711 121.984951782227 89.4052148219517 86.3247233435165 98.2554610432058 105.251910618373 123.666653951009 150.642512851291 152.452191901929 144.711579459054 147.400945223295 109.169616157944 133.799047321293 134.024335225423 143.194853349165 71.1766873694755 41.7748335727717 26.0018254631661 115.230011367798 87.3656580307904 135.625022888184 162.449287414551 163.982415665028 164.646499633789 158.807961897417 154.729855315326 146.877801513672 156.664646148682 146.65454864502 108.327523946762 134.748849511147 154.811609671149 0 0 0 0 0 212.430038452148 0 169.07585144043 0 0 0 175.017040252686 171.941552734375 0 0 0 0 184.259506225586 154.296158790588 0 147.773184422084 159.989099968804 195.196731567383 171.991443287243 0 0 173.087387084961 151.229380289714 202.895690917969 199.411366780599 0 0 174.796662103562 0 0 0 178.278671264648 0 199.838241577148 211.719535827637 0 212.370407104492 0 0 146.267761230469 0 167.556785583496 196.266244506836 0 179.379119873047 0 185.41630859375 134.865753173828 0 0 0 0 188.042785644531 181.012388865153 161.351211547852 153.348164367676 166.573043823242 212.206878662109 0 0 237.239250183105 0 0 139.354833266314 173.883520126343 116.595901489258 0 218.639739990234 136.453473567963 181.9638671875 0 152.037063598633 190.733581542969 187.207801818848 226.031402587891 0 147.731992721558 98.8783849080404 163.543375651042 180.070390319824 174.471298217773 182.463409423828 0
20.3939790676602 54.7190535473374 25.2208000450041 94.6820641807888 82.4750198258294 83.0958082543479 24.3964540262662 11.2765812740056 14.9536577100689 18.41885451225 35.541236114502 46.8221900425081 0 163.25764465332 209.673873901367 0 0 0 149.429946899414 233.043151855469 114.869637625558 135.888539632161 0 164.030334472656 143.483703613281 175.839080810547 0 218.92366027832 63.221022586926 56.911853494983 102.981593287268 91.5530023574829 103.254968431261 184.951587677002 192.392150878906 0 0 185.228140694754 191.493293762207 162.888315836589 92.9372688033364 133.33519744873 189.166786193848 168.640525817871 0 0 138.810741424561 165.31608581543 134.853334841521 171.962265014648 143.641870913298 160.056591844934 109.348813983756 91.8483477265543 114.40550947778 101.507306221204 132.60018157959 173.365570068359 169.556767781576 0 195.432754516602 208.369692993164 223.524703979492 0 207.66739654541 0 87.437491645813 161.382086181641 190.770606994629 165.417794161065 170.670592598293 94.9050225257874 147.896193368094 168.073303222656 138.611675096595 176.594669342041 51.543425516251 132.089752197266 125.785958663277 158.773951721191 173.192464192708 158.57216389974 113.519401128241 97.5737317552974 108.227218912255 105.27409449986 154.69444492885 170.336339314779 176.399571736654 189.889465332031 174.664334106445 131.383884719655 161.531627530366 157.729190153234 178.422822952271 83.3032690084205 59.4915171889897 52.9927051647093 136.974353790283 130.792272949219 147.767008463542 186.131553649902 161.034813290551 152.035278320312 169.38069152832 161.886050796509 188.309646606445 106.979672431946 152.920021057129 112.441835576838 132.849889340608 162.087446594238 0 0 0 0 0 0 0 0 216.09748840332 0 0 180.619181315104 0 0 177.922943115234 0 0 0 184.732833862305 0 170.933654785156 171.420380401611 0 205.001354217529 0 0 243.988052368164 0 0 0 0 0 196.377479553223 0 0 0 164.331954956055 0 212.605575561523 216.518569946289 229.833292643229 0 0 0 184.525850084093 0 209.68132019043 222.898300170898 0 0 0 163.168792724609 138.853443145752 0 180.599182128906 0 220.216323852539 0 201.258361816406 0 194.47673034668 0 0 0 239.188232421875 235.885486602783 0 0 176.499178144667 188.900123596191 156.876584370931 180.857437133789 0 179.481245422363 244.767669677734 243.6259765625 0 0 206.070518493652 224.122014363607 0 126.062171936035 107.394567718506 141.584299087524 225.744155883789 0 0 0
59.8688737566226 72.8890113830566 63.3621646398786 88.4221115112305 71.0138657239019 66.7135774661333 14.3361948090258 14.9536577100689 7.05413452205979 20.1052378388064 41.0189236270057 60.13605059053 71.599356515067 0 0 0 0 0 121.759452819824 0 101.848560776821 99.1457933698382 95.7811660766602 119.68034362793 86.7999310493469 0 0 0 71.3035114020632 65.764247175576 73.5767582980069 56.997659915831 61.5384543846393 97.8094139099121 0 0 127.462196350098 133.299507141113 131.624465942383 72.810733795166 102.515707517925 164.765197753906 188.924201965332 106.734332084656 88.8973087164072 100.493277740479 79.4396476745605 172.358856201172 117.001131057739 98.209383555821 144.40438079834 147.610632430675 50.2918600819328 82.4348532812936 73.6113207781756 97.351252746582 74.2825183868408 0 97.4718704223633 0 233.053649902344 162.168065388997 172.046137491862 0 0 74.7072879473368 84.8979807401958 81.994255065918 0 0 147.509221394857 46.4107863705461 79.3594487212425 49.3812147950473 77.0091556972928 151.116806030273 38.6599649472764 51.9314254022414 59.2536566682564 131.258677627101 157.675870895386 120.406810760498 100.042630122258 109.896636546742 112.883612999549 90.5415539461024 85.4073935614692 141.610313945346 137.921673383869 114.257096657386 111.794218748044 135.592254638672 163.457186185397 146.224899291992 163.659159342448 67.430210739819 15.8006391689723 18.3741115577819 100.199150085449 103.825442504883 120.171714782715 189.158843994141 146.428128051758 117.489238739014 203.817886352539 145.372983832108 111.5341796875 112.482873916626 156.804592132568 113.083547592163 128.399006843567 134.695481149774 0 0 166.956985473633 0 0 246.388748168945 187.289398193359 0 0 0 0 168.066256713867 181.864448547363 0 0 0 0 0 154.069068908691 0 148.825003487723 124.35463587443 0 140.812089708116 0 0 185.618713378906 0 0 0 0 0 157.325022379557 0 190.064247131348 0 0 0 0 246.279479980469 204.593490600586 0 0 188.922143554687 167.260162353516 0 0 195.977020263672 166.85563659668 0 0 170.273887634277 131.092800140381 0 194.7568359375 193.865203857422 160.738174438477 165.087982177734 213.957656860352 0 161.349014282227 0 152.194686889648 182.810009002686 210.603424072266 0 172.905743767233 158.51601155599 140.20048939098 147.774972279867 97.3608589172363 0 179.739178975423 128.027178955078 0 0 217.861895751953 244.037582397461 189.451889038086 181.764131025835 0 138.653427124023 92.2334153311593 136.082458496094 175.671981811523 176.747695922852 0 0
44.1025849353463 94.6131768226624 22.5496228702125 105.900090259054 81.2067472558273 58.8580947794427 30.6322754606217 18.41885451225 20.1052378388064 11.9661262631179 11.652797226153 19.881617510129 0 0 159.482238769531 0 0 202.130874633789 191.57160949707 210.468307495117 126.455076217651 117.874062674386 0 156.125228881836 142.439195905413 187.593688964844 227.960571289062 0 74.7972103232768 75.9414927577244 82.8793871889832 35.3031461059406 53.4822310432393 144.832382202148 157.828983306885 107.475967407227 157.633383178711 140.796411705017 176.167213439941 156.398544311523 91.5323047637939 0 175.442558288574 115.764912923177 148.571304321289 0 142.736461639404 172.344967651367 142.09276617141 120.536509195964 151.427230834961 155.766523339283 97.5787177298833 91.6432458657171 101.094745281131 102.314730167389 108.504350142045 94.8720474243164 218.805503845215 0 153.342239379883 197.181211471558 236.200180053711 0 153.427822113037 0 91.2686990436755 150.218744131235 176.949096679688 170.918343505859 165.946130116781 53.3700734977435 115.306786696116 114.42783425071 74.0922797963589 154.140436808268 13.4856523973507 138.02281443278 88.1941932977415 154.203748430525 171.050848137842 151.49963760376 113.741480550458 98.39614378038 110.262335399871 109.602869640697 143.658315386091 168.609465942383 177.914031288841 139.144760131836 151.712037479176 133.813963038947 156.85595354696 154.358541761126 164.058059692383 56.3053992135184 25.3244380455017 38.679066131963 128.704059307392 121.728404998779 127.062789685798 154.391431368314 138.522430466443 144.876381429036 128.839002075195 130.49330624516 124.758279418945 86.6430534362793 126.181608688 82.854704062144 109.979907718513 130.496577005682 0 0 0 0 0 0 0 0 195.988693237305 0 0 167.865973578559 171.193584442139 0 0 0 0 0 136.689641316732 125.173748016357 134.709397191587 134.594937211376 134.231101989746 153.392269134521 0 0 160.90853729248 0 0 186.594573974609 0 163.867195129395 174.186797618866 0 0 0 0 192.454666137695 0 218.762954711914 226.802062988281 144.264358520508 0 138.220550537109 186.96129989624 166.154876708984 147.985252380371 212.991017659505 176.28288269043 175.402479171753 169.476638793945 189.872756958008 129.909640720912 0 0 229.027679443359 0 0 162.135882059733 145.811977386475 149.63037999471 0 207.809356689453 0 200.974294026693 205.803573608398 206.19758605957 0 111.635780007499 153.078667958577 105.423495610555 0 196.375778198242 104.470700514944 0 118.71996307373 229.07905069987 185.086166381836 177.598678588867 227.954798380534 204.821380615234 140.909922281901 70.5746762096018 136.327928406852 167.048420781675 159.284380594889 163.549377441406 0
80.9057482806119 127.191994667053 91.5087862712581 86.0414619445801 57.3530289719744 27.6772502507662 41.0496912835871 35.541236114502 41.0189236270057 11.652797226153 8.27076078184861 19.9323534702612 88.2736129760742 129.583267211914 0 0 0 0 0 0 95.3368786082548 99.8695248413086 0 0 95.1304252624512 0 0 160.002002716064 74.7820855565818 73.8609615101534 61.4942429154008 21.2595557163011 38.5604557832715 76.7055266698201 0 0 94.7438583374023 84.8882096030495 135.160514831543 105.376922607422 94.9051992628309 0 0 0 0 0 124.275249481201 133.076225280762 147.564880371094 106.015617370605 140.40389251709 164.577676039476 105.012724558512 102.183204029882 117.913556416829 96.5490646362305 94.9002383305476 80.8114983694894 155.557159423828 0 144.725845336914 157.796618652344 144.686609903971 0 115.417430877686 132.190322875977 84.4260084969657 113.135383605957 128.501073663885 166.845128377279 173.427124023438 27.5942106043219 94.6742061773936 50.6082763671875 46.5943002517407 164.153978983561 20.1987957299327 52.5319290161133 50.2121270100276 155.913722991943 176.758276803153 0 110.870194571359 96.6867140242197 110.083652149547 95.6099941798619 123.052112579346 175.871681213379 169.880020141602 174.7021484375 145.434913635254 133.74422278771 169.606581115723 0 0 37.1857086784986 29.4842679235483 57.241313902537 107.272414016724 90.3173544747489 138.967931747437 155.178592046102 139.601818508572 149.795979919434 131.900677655194 137.032071165055 152.511675516764 116.047961044312 139.312417735224 95.2907802581787 112.721906904741 133.57801688734 0 0 0 0 137.548736572266 0 0 0 0 0 0 141.14292203463 153.359585930319 0 0 0 0 0 137.804137911115 0 124.739075130887 121.434084458785 0 133.034375129862 0 0 122.772075653076 120.661186218262 0 139.563084920247 0 155.362737019857 144.404455318007 0 0 0 163.214855194092 0 147.373489379883 204.539978027344 236.049140930176 205.177230834961 180.796371459961 0 0 192.726387023926 0 241.858261108398 173.524504089355 174.125296020508 169.665573120117 153.593707275391 125.299041748047 0 0 0 0 0 161.047215861659 170.488375854492 137.96201578776 0 0 170.322494506836 225.600667317708 223.729075113932 190.777938842773 0 109.097839466847 111.963896942139 118.207490921021 121.043563842773 169.761962890625 83.5234454407984 220.775177001953 0 230.634368896484 164.865641276042 171.357947308084 212.365409851074 207.468338012695 126.318795663339 74.1536103057861 152.285700321198 157.177674313809 132.651015281677 130.487121582031 183.363357543945
61.18699952821 57.3629421987933 22.6869673755852 17.6225581282529 56.5258779447063 26.6886250037299 57.9879167598082 46.8221900425081 60.13605059053 19.881617510129 19.9323534702612 13.3242382569585 126.23974609375 126.11425957313 142.576842625936 156.496696472168 162.340398152669 180.469841003418 162.11685333252 170.006191253662 113.562961952939 109.776212070299 133.596237182617 190.913953340971 122.251541849772 183.177383422852 160.253186543783 122.902907235282 84.0948104603661 62.0964147629482 59.0034589034416 37.1129797118978 67.1985489088008 99.7507779501318 104.098075866699 129.074844360352 126.020250320435 106.941636392048 127.902715365092 156.901014116075 100.786787847276 165.133556365967 194.748487032377 98.0601141793387 124.268115324133 201.625142415365 136.456825025154 166.365548750933 167.144207763672 142.9407283238 169.762516942518 183.561958179139 132.140321816194 116.63012293391 138.835587359489 116.504769547541 85.6651287580791 77.3640743190959 173.678808424208 0 194.434883117676 190.712604188083 173.638472446176 205.132803780692 127.056140518188 0 94.4226119090721 133.86772430584 143.755688618139 191.544013250442 192.534761701311 41.1400417404399 107.25530796425 82.8999953731414 70.7625928466573 151.45967334812 51.706269341928 106.216059112549 94.3400892713177 176.490609486898 195.404412566638 179.705074310303 135.203471986074 112.865345064506 119.965522095736 102.030673712544 116.066755912673 197.378090598366 197.394742629107 175.322492811415 154.823105853537 154.457920694351 182.43683526749 187.125305938721 191.321290757921 32.9674325262345 55.6901303874232 80.6813833160025 113.657589132136 80.304145389133 166.089860177255 169.040058537533 164.09961784992 164.929537298555 157.07337362116 160.043694739583 164.447466169085 145.281254593207 159.807983177587 119.054292179988 137.809384108931 156.083565928669 0 0 0 222.009696960449 158.877797444661 242.270599365234 167.511907958984 204.965866088867 196.878726959229 202.345771789551 178.025761922201 163.7837319895 164.572247314453 0 113.671562194824 0 0 0 156.731240352508 151.9125489455 146.012623740838 140.456622258628 141.684792200724 146.429297835739 163.861572265625 195.70068359375 159.579985046387 172.687635875884 192.332580566406 168.924092610677 183.097061157227 179.343964607485 165.458015411499 212.197891235352 204.447410583496 0 141.108440653483 187.041539510091 174.624546051025 247.384582519531 228.101725260417 200.184271770975 214.071731567383 160.966659545898 208.605651855469 207.082550048828 214.923741658529 233.463664245605 197.868348065545 189.839004712227 206.971742418077 175.937173943771 139.435572537509 156.700444539388 179.711318969727 242.736145019531 212.678367614746 0 182.066251814993 168.338254884232 138.092987060547 159.125478744507 0 186.342269897461 232.260164260864 227.613375854492 200.582363128662 241.356160481771 129.057204784047 139.801806157949 101.82779402652 145.722714474327 196.05198059082 109.273415008885 207.183723449707 149.762390136719 231.96831703186 175.420408412388 190.808508136315 229.194213867188 234.701792907715 141.375809142043 101.633953594141 172.510382843018 178.323940452671 163.061208815802 171.562133789062 166.579703776042
0 0 0 0 0 0 0 0 71.599356515067 0 88.2736129760742 126.23974609375 9.13054841713539 0 59.4719278335571 100.073703765869 50.8460595753271 47.9771860852654 34.0175535742316 44.4945814101422 115.647626241048 133.878601074219 0 69.0830425262451 0 68.8299942016602 123.063673019409 98.109361966451 0 0 0 0 78.3836212158203 90.7823486328125 0 0 63.8250494003296 57.6331636624073 89.2654881795247 97.6490997314453 123.641823959351 77.4483614834872 94.178314781189 29.4940315874272 19.3894658801864 18.0450818849986 127.369655609131 127.974071502686 73.6340408325195 47.1828750957142 0 88.3409830729167 140.099594116211 114.378257751465 0 0 0 0 0 0 100.418818624396 156.77872467041 99.2748896280925 58.8203243928797 68.9266077124554 27.5486662945791 130.900451660156 0 127.041611989339 0 107.077507019043 70.9310460932114 68.4854371394211 34.3254110245015 160.296653747559 148.464744567871 55.1110084554091 30.6312744912413 62.7092657325438 76.593677520752 95.2105178833008 65.4136349292512 0 161.644958496094 137.279663085938 127.968315124512 0 87.9539607456752 85.5766180941933 55.0462391882232 54.1454172226989 103.329242706299 158.61563873291 116.139495849609 91.3994171142578 165.705749511719 66.2157352110919 85.9828552246094 187.874633789062 0 0 0 205.377319335938 0 0 160.570465087891 0 0 0 0 202.18798828125 0 109.099308179772 92.4264554977417 68.8460542409698 113.239330037435 135.709381103516 101.722624593706 130.256215776716 85.9494792340367 120.145693800184 93.216850363051 112.366488288431 168.596263885498 0 0 157.28581237793 99.2169105128238 94.3164901733398 94.8930921454179 155.114288330078 0 0 135.395830154419 0 146.163182576497 113.966513061523 142.743507385254 119.520047632853 112.404945373535 85.1788633716849 146.166567484538 89.5469026732863 0 151.39842376709 107.660374691612 74.8674635569255 63.3354056222098 104.191724079411 84.6376731948258 121.282939910889 145.659927368164 136.793278503418 161.116897583008 0 91.7521236419678 0 0 0 157.301559448242 0 204.66130065918 0 218.700408935547 0 132.177579243978 78.4416328140452 98.7857944412737 102.318489498562 41.6308328339548 139.281555175781 160.84415435791 128.403381347656 145.90511932373 131.535740443638 87.5709258907444 0 133.639938354492 100.008340018136 92.6687215169271 182.629653930664 138.575258890788 54.8513407199941 154.860656738281 100.736566384633 142.30132039388 129.916473388672 88.0144973754883 134.058585166931 172.115089416504 212.815612792969 123.751013363109 130.541656494141 161.676528930664 105.607856750488 0 0 0 0 0
0 123.862777709961 0 153.729095458984 96.5827052675445 107.198647635324 138.309097290039 163.25764465332 0 0 129.583267211914 126.11425957313 0 20.2468397348608 26.5995532894819 53.2272851104049 56.0095606034564 65.2764336824866 88.6379763408772 66.4297453308105 90.0572357177734 89.2506973266602 61.0892185606685 60.8080311691806 80.315161175198 48.3541833029853 45.3001531689917 44.7803716534999 101.586130081122 91.2250014595363 83.1342883580167 82.3182285308838 124.016619001116 63.8091728968251 28.4772951366822 22.2477551486839 52.5469220722423 73.8259170202561 65.4244854620976 37.0457641905247 70.4915939887444 71.1929126315647 74.624456998214 78.8686650594075 112.97611618042 116.637300905974 46.8606968270647 102.407683863784 96.333206979852 0 209.046890258789 197.105628967285 151.403776098181 129.677127691416 206.317794799805 125.746554056803 86.3911405864515 62.5242715781076 48.9270069275664 33.5423154882331 103.446213767642 108.481819633004 87.2047432884803 68.5877386358287 66.8254016139047 0 98.5364610730987 68.299886548446 84.4385966428859 148.793652216593 144.948201497396 0 113.357454681396 58.7177439654315 71.6707778930664 99.1192763192313 133.986389160156 86.7422790527344 0 0 188.253435134888 187.588760375977 149.435990142822 121.203970368375 138.623136173595 114.681646810996 100.136139502892 0 127.087281799316 155.556570053101 125.537832132975 145.806377955845 175.367282867432 136.125326538086 95.9643861558702 78.4991719332608 235.997100830078 126.849682617187 90.9683354695638 77.6743083391033 125.623504638672 0 0 127.789436340332 0 146.817367553711 0 114.330184936523 0 0 0 165.579200744629 123.027279136107 120.161145019531 112.520906756001 117.647802807036 120.526344299316 112.75338107478 120.703590393066 124.948983785268 122.152671904432 118.798136156857 114.516656396223 125.773977491591 139.736676729642 122.546745300293 107.396775332364 131.937494913737 118.593750346791 124.294491493539 158.16165415446 137.470573425293 206.590901692708 139.081782947887 133.849319458008 140.389804416233 122.878000299981 118.790715694427 129.685232703366 118.036216026129 138.441618975471 124.079369492418 129.786719185965 146.790211995443 129.173204522384 150.821676254272 148.65013885498 88.5096969604492 106.065338788714 137.15505917867 131.448332736367 198.780967712402 182.256683349609 0 0 147.109512329102 0 187.663787841797 0 0 185.615142822266 164.808990478516 0 202.480667114258 0 126.094485691616 140.684949538287 159.762346707858 188.933319091797 114.752586364746 164.710657119751 143.052769470215 117.699108123779 135.916876792908 160.636840820312 151.368620945857 221.439407348633 176.811325073242 166.489689509074 164.209716796875 123.13109588623 125.241837134728 72.1533266823247 169.122024536133 172.582912445068 104.043905991774 0 0 0 165.644073486328 199.874126434326 179.711929321289 188.363896687826 124.317916870117 115.809352874756 0 146.888904571533 131.150213453505 189.026794433594 126.353404998779
