26858 13484 7052 3860 1252 1782 5816 8321 315 745 44 850 0 8 4 0 1 0 1 1 108 26 3 7 28 1 15 5 9249 12079 370 116 33 9 1 1 6 9 2 9 2079 4 15 0 1 0 35 6 35 3 75 225 948 589 304 380 122 2 1 0 0 34 9 8 8 0 238 2 8 224 31 36 17 20 32 3 40 0 11 10 273 13 2045 234 570 55 21 72 11 2 5 618 188 188 47 417 96 3069 22 15 12 18 69 78 22 139 15 3 33 22 84 181 0 0 0 0 1 0 1 0 0 0 0 6 6 0 1 0 0 0 3 0 48 45 0 11 0 0 5 10 0 0 0 4 19 0 0 0 2 0 0 2 4 2 0 2 2 0 5 3 0 3 0 0 15 0 0 0 0 0 2 0 11 0 0 0 2 9 0 0 134 20 11 1 1 69 3 0 16 0 9 5 3 35 47 5 6 0 0 0
13484 14436 3241 12101 3442 4382 79 196 78 968 192 3475 0 3 1 0 0 0 0 0 329 56 7 5 23 0 10 1 460 2902 208 93 86 9 1 1 0 5 0 12 1431 0 4 1 0 0 20 1 14 2 22 43 173 131 54 229 36 9 0 0 1 9 4 5 6 1 197 4 1 57 8 153 11 42 36 1 121 0 21 3 64 2 985 185 859 118 20 19 10 0 2 161 44 48 26 201 344 114 37 7 104 220 449 531 181 966 29 30 82 54 535 1131 1 0 1 0 0 2 0 0 0 0 0 54 28 0 2 0 0 0 22 5 386 320 0 55 0 0 11 9 0 0 0 18 127 1 1 0 1 0 0 1 1 5 0 1 0 4 1 1 9 10 4 16 61 2 0 0 0 0 21 1 62 3 0 0 4 1 0 0 809 49 24 8 0 470 1 0 4 6 32 0 4 272 284 20 33 1 2 1
7052 3241 19952 6465 271 2064 1148 9318 793 6646 280 11763 1 2 0 0 0 0 0 0 185 44 2 0 20 3 13 4 680 1024 40 34 71 5 0 0 3 10 0 8 2430 1 8 1 0 1 21 2 34 1 72 174 523 265 215 376 28 7 0 0 0 33 9 6 6 3 193 4 4 184 21 97 11 32 43 2 222 0 34 3 198 10 1745 202 707 59 19 63 18 2 1 545 153 166 48 103 399 777 22 4 107 201 422 535 176 1130 58 38 161 116 640 1138 0 0 0 0 0 0 0 0 0 0 0 50 15 1 7 0 0 0 33 3 326 247 0 46 0 0 16 7 0 0 1 17 91 0 1 0 0 0 0 0 1 5 1 2 2 8 2 0 11 3 2 15 66 0 0 0 0 1 16 1 47 1 0 0 3 8 0 0 688 43 32 4 0 372 2 3 19 1 19 2 6 214 274 22 21 1 1 2
3860 12101 6465 12608 3053 11884 22 66 29 454 143 4490 0 2 1 0 0 0 0 0 313 120 5 2 16 1 7 0 253 3618 245 50 62 9 1 0 2 5 0 8 799 1 2 0 0 0 15 0 7 0 7 12 74 44 33 135 19 7 1 0 1 5 4 1 2 1 122 1 4 9 4 104 8 20 20 1 70 1 17 1 23 1 560 172 667 88 10 14 3 0 0 61 21 7 7 233 414 65 48 6 93 194 423 523 145 953 35 28 86 68 501 1101 0 0 0 0 0 1 0 0 1 0 0 37 17 1 2 0 0 0 19 6 313 203 0 35 0 0 2 6 0 0 0 15 108 0 1 0 0 0 2 2 0 4 0 3 3 10 0 0 7 7 3 5 51 0 0 0 0 0 9 5 33 2 0 1 1 2 0 0 679 39 16 6 2 341 1 0 3 3 23 0 7 200 272 17 28 3 2 1
1252 3442 271 3053 12844 6780 85 73 48 77 120 1328 1 31 45 6 4 2 2 3 870 283 15 8 63 0 49 66 5203 6257 10471 2842 884 403 7 2 47 76 24 38 2159 2 15 2 1 1 65 70 24 1 37 68 544 455 135 501 3236 181 5 11 7 50 61 21 104 1 1303 46 213 98 11 504 231 80 766 45 111 2 38 3 97 4 2221 765 2074 382 68 29 18 2 40 251 88 87 47 3068 436 531 152 198 39 56 131 217 83 361 13 11 19 20 152 406 1 0 2 0 0 0 0 1 1 3 0 36 21 0 1 1 0 0 16 3 196 215 3 42 0 0 15 21 0 0 0 16 102 0 0 0 4 3 2 2 3 5 1 0 0 7 0 7 7 3 2 3 43 0 2 1 0 0 9 0 41 4 1 2 8 9 1 1 510 72 30 8 2 257 2 2 11 2 18 2 7 151 102 8 15 1 1 2
1782 4382 2064 11884 6780 14017 82 107 107 1396 296 13557 0 6 5 0 1 0 2 0 878 349 28 8 47 1 15 9 1615 6049 2033 3679 508 141 3 1 11 19 2 16 1513 1 9 0 0 0 34 21 16 0 16 52 243 163 80 274 138 126 1 3 1 23 29 7 24 0 334 22 63 37 2 311 98 63 333 10 124 1 17 0 47 3 1101 367 1410 281 30 12 2 1 6 123 25 41 19 7868 950 279 119 17 124 251 546 703 234 1446 51 27 143 107 701 1570 2 0 0 2 2 2 2 1 0 0 1 72 22 0 8 0 0 0 55 4 415 317 0 59 0 0 9 17 0 0 0 16 118 0 0 1 3 1 0 1 3 10 1 2 6 3 2 4 13 8 1 20 84 2 0 0 0 0 19 3 55 4 0 1 4 1 1 1 847 59 39 2 1 456 1 0 4 4 34 2 4 265 353 24 27 6 1 3
5816 79 1148 22 85 82 6933 5387 882 2617 81 460 0 0 0 1 0 1 0 1 0 4 1 0 4 0 1 1 2172 712 19 9 17 0 0 0 0 1 0 6 148 0 1 0 2 0 4 0 10 0 39 84 711 287 185 31 6 0 0 0 0 11 0 0 1 1 12 0 2 66 4 20 1 3 4 2 54 0 8 2 99 3 619 25 37 6 2 31 5 0 0 218 68 55 19 36 162 4737 2 3 3 2 8 5 0 16 3 3 6 6 17 20 0 0 0 0 0 0 1 0 0 0 0 1 0 0 0 0 0 0 1 0 3 0 0 1 0 0 3 0 0 0 0 0 0 0 0 0 0 0 0 3 2 0 0 0 0 0 2 1 0 0 0 1 0 0 0 0 0 0 0 0 1 0 0 0 1 8 0 0 12 3 0 0 0 4 0 0 7 0 0 2 0 1 9 1 0 0 0 0
8321 196 9318 66 73 107 5387 20113 4286 23626 315 2250 2 0 2 0 1 1 0 0 23 10 0 4 14 1 3 0 766 1211 21 7 13 2 0 0 1 2 0 7 1527 1 1 0 1 0 11 2 37 4 84 204 989 408 334 294 8 2 0 0 0 28 4 5 1 3 111 0 1 176 20 35 14 7 6 1 192 0 25 3 239 5 1768 121 276 15 14 55 10 2 1 525 158 114 51 27 163 2433 10 5 6 8 31 32 10 88 14 3 41 42 105 104 0 0 0 0 0 0 1 0 0 0 0 3 2 0 0 0 0 0 0 1 27 17 0 5 0 0 1 0 0 0 0 1 8 0 0 0 1 0 0 4 1 0 0 0 2 0 5 0 0 0 1 1 1 0 0 0 0 0 0 0 2 0 0 0 0 3 1 0 31 6 2 0 1 22 1 2 13 0 1 1 2 6 32 7 0 0 1 0
315 78 793 29 48 107 882 4286 1458 7233 907 1125 21 0 0 0 0 0 2 0 22 45 6 0 5 0 0 0 20 247 15 65 157 3 0 0 0 1 0 0 42 0 0 1 73 14 6 0 0 70 4 16 213 17 58 3 3 9 0 0 0 2 0 0 0 15 6 1 0 6 3 605 10 121 44 0 423 13 60 1 15 37 83 5 30 12 4 43 34 36 22 23 5 4 2 131 3966 1332 7 4 1 2 5 7 2 23 2 1 6 8 14 28 0 0 0 0 0 0 1 0 4 1 0 1 0 0 0 0 0 0 1 0 6 7 0 5 0 0 13 8 0 0 0 1 0 0 0 0 4 0 0 0 3 0 0 1 1 0 0 4 0 0 0 2 1 0 0 0 0 0 0 0 2 0 0 0 0 4 0 1 17 10 4 0 0 8 0 0 3 0 1 2 0 4 10 1 1 0 0 0
745 968 6646 454 77 1396 2617 23626 7233 39622 16820 34754 3 0 0 1 0 2 1 0 30 24 6 4 6 1 3 1 363 357 19 249 440 4 2 0 2 7 0 3 833 0 1 0 8 1 10 3 17 5 71 182 970 279 328 121 8 24 0 0 0 27 3 1 0 3 69 3 2 137 20 713 15 18 107 0 4042 5 183 0 210 14 1245 78 183 22 7 52 11 5 5 467 145 105 38 474 3056 3929 11 4 133 140 424 385 98 1311 189 78 513 514 1325 1552 0 0 0 0 0 0 0 0 0 0 0 8 6 0 2 0 0 0 17 2 156 93 0 19 0 0 9 4 0 0 0 7 35 0 3 0 1 0 0 2 6 4 0 5 1 6 8 4 12 5 7 11 29 0 0 0 0 0 8 2 8 0 0 0 6 3 4 0 370 19 14 1 0 155 5 2 15 0 9 5 4 48 415 34 7 1 0 0
44 192 280 143 120 296 81 315 907 16820 6617 6820 1 1 0 0 0 0 0 0 46 65 9 0 4 0 0 0 53 82 40 91 293 4 0 0 0 3 0 0 244 0 1 0 0 0 5 0 2 1 2 12 113 25 31 22 4 26 1 0 0 0 2 2 3 0 27 3 3 11 0 1309 6 32 66 0 1215 1 37 2 16 2 154 18 100 23 3 5 4 2 2 42 11 18 7 243 3643 555 16 2 74 146 388 472 89 1081 51 33 187 190 714 1194 0 0 0 0 0 0 0 0 0 0 0 24 5 0 3 0 0 0 14 6 221 143 1 23 0 0 2 0 0 0 0 8 67 0 2 0 1 1 1 0 0 3 0 1 1 4 1 5 8 3 5 9 34 0 0 0 0 0 6 2 17 1 0 0 2 0 0 1 414 26 20 0 0 187 1 0 1 2 23 0 3 98 314 10 17 1 1 0
850 3475 11763 4490 1328 13557 460 2250 1125 34754 6820 28538 2 4 3 0 3 2 0 0 585 293 41 5 45 5 13 3 636 1951 430 424 568 34 1 0 5 9 1 11 1196 1 7 5 7 2 25 7 13 2 30 78 348 164 111 187 60 138 0 3 2 19 7 4 13 0 202 12 25 50 6 1263 29 160 285 5 1636 5 98 0 77 4 892 200 833 176 27 33 4 2 8 185 61 58 22 2726 4218 980 107 8 323 592 1521 1861 527 3985 187 94 534 471 2386 4370 0 0 0 1 2 1 1 1 1 2 1 113 66 3 11 0 0 0 89 15 896 619 5 100 0 1 29 20 0 1 0 45 269 2 1 0 3 0 1 1 0 20 0 5 2 20 0 5 19 6 9 43 140 1 0 0 1 0 33 7 90 6 1 4 4 0 0 0 1815 123 73 8 0 924 3 0 4 5 51 5 15 434 941 64 47 4 0 9
0 0 1 0 1 0 0 2 21 3 1 2 5815 0 0 5 22 100 4213 20 1 2 0 2 0 0 2 6 0 0 0 0 14 3 0 0 3 436 2 2 8 1 0 5696 5747 2217 0 7 1 384 5 18 5 0 0 0 0 0 0 0 11 15 2 3 6 2487 0 2 7 5 3 228 976 1274 1 7 592 207 1907 17 11 58 0 0 1 0 1 141 160 556 186 1 0 1 6 0 148 7 0 0 1 0 0 0 0 0 0 1 0 0 0 0 4 24 386 2 3 100 1 361 29 496 8 0 0 1 0 1 0 11 2 1 1 0 1 5 2 0 14 32 127 1 85 0 2 4 75 3 75 2062 3 3 15 0 0 12 3 0 5 5 0 0 0 0 0 1 144 29 18 411 1 0 1 4 11 176 1 2 242 11 1 4 102 1 20 1 0 4 24 0 0 45 4 2 0 0 0 0 0 0
8 3 2 2 31 6 0 0 0 0 1 4 0 7582 4201 3423 1956 91 238 464 3 23 202 334 22 30 2154 1223 201 5 75 10 15 152 2813 4796 1446 291 279 1202 627 51 242 4 0 10 701 23 39 0 1 3 36 46 7 3 249 265 1401 746 116 106 130 146 279 0 305 1204 259 6 0 0 23 71 522 39 0 0 6 0 2 0 53 24 15 23 44 0 15 2 27 16 1 12 186 106 0 16 14 31 0 1 0 0 0 2 0 0 0 0 0 0 38 11 1 27 10 99 27 7 99 304 79 1 10 0 0 0 0 7 5 3 0 1 2 5 2 2 11 35 1 21 2 1 3 1 2 0 33 25 11 0 1 0 0 0 0 1 0 0 0 1 1 2 0 6 2 4 3 1 4 10 2 3 1 9 0 0 7 0 2 5 34 13 0 1 0 0 0 1 6 1 1 4 0 0 2 1 2 7
4 1 0 1 45 5 0 2 0 0 0 3 0 4201 13389 18515 852 656 351 1873 4 33 251 306 20 39 1468 3121 140 6 64 11 6 68 723 380 363 126 1145 552 1034 97 460 4 0 17 299 43 92 0 0 0 22 36 3 2 207 206 761 184 945 276 283 213 730 0 186 833 895 11 0 1 9 116 385 160 1 0 2 0 1 0 30 15 11 5 22 3 48 4 77 17 2 38 388 104 1 16 12 35 0 1 0 2 0 2 0 0 0 0 0 3 106 20 6 68 12 172 63 18 195 497 118 7 15 2 6 1 0 12 13 11 2 0 4 5 12 1 27 100 11 46 2 1 9 1 1 0 51 50 43 1 5 0 0 1 1 0 0 0 2 4 1 7 1 14 12 13 7 2 25 33 7 15 4 23 2 1 9 6 1 7 76 53 1 6 0 0 0 7 8 8 2 7 0 0 9 8 14 23
0 0 0 0 6 0 1 0 0 1 0 0 5 3423 18515 12922 403 1585 2584 1199 2 30 97 425 5 28 2562 2277 36 0 6 3 2 64 288 80 271 159 560 137 1507 250 780 6 5 192 78 314 296 2 1 0 8 9 0 1 48 84 173 112 833 1164 1557 434 1007 5 63 234 1192 46 8 0 15 38 84 316 2 0 4 0 2 0 8 11 9 2 11 20 274 20 320 64 2 82 864 11 1 4 6 9 0 0 0 0 0 0 0 0 0 0 0 0 95 171 179 46 12 453 29 284 167 1276 86 3 4 1 2 4 2 122 2 4 2 1 5 5 9 1 15 159 154 22 118 0 4 5 27 3 177 283 12 4 6 0 3 1 0 0 0 0 0 1 0 0 0 14 32 22 5 23 6 9 4 6 10 80 0 0 59 8 0 7 62 20 14 4 0 0 7 5 3 10 3 3 0 0 0 0 2 11
1 0 0 0 4 1 0 1 0 0 0 3 22 1956 852 403 1556 176 1173 1920 20 99 327 321 44 137 803 177 26 0 4 2 8 144 548 466 2160 1076 147 1098 979 48 345 17 30 255 504 15 22 1 1 1 9 5 4 1 37 96 262 465 586 87 179 186 144 6 65 232 255 4 0 1 20 110 105 177 1 45 4 0 0 1 14 18 13 22 8 4 39 28 248 1 0 11 179 18 0 2 11 4 4 3 1 3 10 7 0 1 0 0 0 6 288 44 19 179 53 92 164 21 455 410 259 54 83 6 28 5 2 40 85 56 25 23 19 52 24 8 210 385 10 149 10 8 41 5 4 3 223 44 189 3 3 1 1 1 1 10 0 2 11 25 2 23 11 44 9 25 19 3 122 162 93 77 9 56 1 0 22 6 8 69 99 375 7 37 0 0 3 59 53 6 13 72 3 0 68 30 70 164
0 0 0 0 2 0 1 1 0 2 0 2 100 91 656 1585 176 22375 5506 322 0 21 51 653 10 7 2443 1646 11 4 7 2 4 27 103 7 93 340 2300 45 2354 412 1421 62 174 5892 39 273 221 11 0 1 5 11 0 1 22 16 34 10 11803 1114 1255 2056 1707 264 48 41 1671 30 2 2 43 302 34 444 4 9 33 0 1 0 12 14 8 6 4 18 232 49 1246 47 1 55 821 7 6 2 6 3 0 0 0 0 1 1 0 1 0 0 1 1 47 481 1376 42 27 948 27 1429 195 3046 65 0 1 2 0 17 0 221 1 1 2 1 7 17 4 3 33 254 1083 7 600 0 2 6 173 22 430 3704 13 4 7 2 1 21 0 0 0 0 0 0 0 0 1 8 393 207 57 362 1 2 7 17 22 662 0 0 257 16 2 9 194 6 32 12 2 4 16 1 0 44 8 9 5 0 1 0 1 3
1 0 0 0 2 2 0 0 2 1 0 0 4213 238 351 2584 1173 5506 30823 4857 20 69 193 523 36 165 1955 426 15 1 3 1 9 17 349 17 68 2582 67 560 1266 145 767 7126 1692 5375 62 86 166 54 3 9 7 6 2 0 8 6 29 19 975 557 551 361 204 365 39 30 253 23 4 11 235 7614 11 299 13 977 117 3 9 20 12 9 11 8 4 71 397 678 1825 31 1 61 587 3 11 5 14 0 2 5 1 5 14 3 3 0 4 0 0 3 1472 927 1573 835 201 3361 562 1950 2642 12385 1357 75 155 10 52 46 10 616 104 87 14 18 56 80 131 34 413 1614 958 452 508 9 101 36 168 53 1635 2815 380 15 10 3 12 30 5 6 1 1 12 38 3 32 7 176 225 181 64 434 191 231 115 130 58 481 3 3 254 23 15 121 1717 469 46 62 1 7 18 80 58 60 61 84 0 3 88 28 107 255
1 0 0 0 3 0 1 0 0 0 0 0 20 464 1873 1199 1920 322 4857 4193 8 54 222 379 28 98 1070 176 8 0 5 0 1 27 437 42 178 141 194 645 839 75 420 36 17 218 116 22 85 3 1 0 4 2 1 1 16 25 66 63 1288 138 194 208 134 6 32 72 271 4 1 0 8 150 39 341 0 19 0 0 0 1 6 11 7 8 1 6 35 14 294 12 0 12 319 12 0 1 7 2 1 2 0 1 2 3 1 0 1 0 0 1 419 85 19 257 40 115 110 19 509 678 229 32 71 4 29 20 2 45 53 53 9 12 20 13 29 9 101 277 11 150 12 5 27 10 7 3 193 45 147 5 10 1 2 0 1 2 1 0 5 14 0 18 1 43 6 33 15 6 90 104 51 42 17 56 2 0 24 1 7 54 91 243 7 18 0 0 1 39 35 7 18 32 0 1 41 13 50 122
108 329 185 313 870 878 0 23 22 30 46 585 1 3 4 2 20 0 20 8 4114 3633 1312 147 356 203 85 6 107 110 250 355 508 203 8 0 89 396 1 275 701 30 164 32 3 1 168 4 25 3 0 1 17 14 3 270 39 35 8 3 4 22 27 57 6 1 48 34 11 1 0 416 529 205 161 6 124 13 138 2 2 1 131 34 3417 1351 26 2 9 0 7 11 0 3 78 677 188 42 1013 20 7 2 10 23 12 35 2 5 1 0 19 58 21 1 1 20 19 7 19 0 40 13 25 39 29 0 2 0 0 0 16 9 49 113 12 90 0 2 129 122 0 5 0 4 39 0 1 0 25 0 29 2 1 2 0 0 1 2 0 2 3 5 1 5 18 5 0 2 0 0 29 9 52 30 1 3 2 0 3 0 170 136 47 37 1 110 0 0 0 5 14 0 5 70 19 1 27 1 4 15
26 56 44 120 283 349 4 10 45 24 65 293 2 23 33 30 99 21 69 54 3633 26483 2621 1389 7534 3151 976 61 117 36 67 286 825 399 73 5 201 1117 4 5258 672 182 1490 130 7 28 1947 15 134 8 3 10 46 49 28 119 85 46 34 2 43 265 348 467 51 6 375 131 32 20 2 613 1303 338 187 19 192 22 303 3 10 3 562 303 3406 2643 312 5 41 6 60 47 5 50 735 430 247 42 3319 22 6 12 14 24 15 32 0 5 3 3 12 61 61 10 1 34 37 37 81 1 165 53 84 50 38 2 7 2 1 3 57 23 57 164 42 144 4 2 330 377 2 24 5 13 63 2 2 0 109 6 45 2 2 5 0 1 2 3 0 0 7 11 2 13 23 19 0 5 4 1 54 48 89 60 5 9 2 0 12 2 216 246 96 110 1 142 0 0 2 13 24 3 6 100 20 8 26 7 15 41
3 7 2 5 15 28 1 0 6 6 9 41 0 202 251 97 327 51 193 222 1312 2621 9782 8972 429 5896 966 31 76 4 8 42 267 292 51 14 314 1023 5 2960 5704 1172 1723 69 0 6 230 4 143 4 0 2 36 22 3 7 41 15 30 22 27 65 51 192 11 0 148 90 3 6 0 177 489 87 55 8 60 8 100 0 3 0 80 72 107 77 11 6 18 3 14 24 3 29 288 54 54 9 66 4 5 5 6 2 1 15 2 2 1 0 2 18 46 8 0 33 10 23 26 2 87 71 45 14 25 0 1 1 0 2 19 7 24 44 8 52 6 1 79 103 0 10 3 3 25 0 0 0 40 2 23 1 1 0 1 0 1 1 0 0 2 6 0 7 5 7 0 4 2 1 21 24 35 25 3 8 1 0 4 0 78 86 50 65 1 52 0 1 0 9 11 2 4 46 7 1 15 8 7 16
7 5 0 2 8 8 0 4 0 4 0 5 2 334 306 425 321 653 523 379 147 1389 8972 10225 400 4321 3497 122 150 5 11 3 19 28 1127 24 116 426 49 4637 3685 4998 2239 60 0 182 415 8 152 1 1 6 79 77 13 20 56 6 76 23 286 78 71 311 50 0 488 69 48 9 1 7 125 43 25 22 1 1 20 0 6 1 237 233 214 209 38 6 27 3 166 35 3 35 211 6 1 3 172 8 0 1 0 0 0 0 0 0 0 0 0 0 20 2 1 12 4 32 16 5 38 114 26 0 4 0 0 0 0 2 0 0 2 0 2 3 0 0 18 37 5 6 2 0 0 1 3 0 16 31 5 2 1 0 0 0 0 0 0 0 0 2 0 2 0 1 2 2 0 1 4 7 4 0 3 4 0 1 11 3 2 7 23 5 0 2 0 0 2 0 1 2 1 2 0 0 1 0 1 1
28 23 20 16 63 47 4 14 5 6 4 45 0 22 20 5 44 10 36 28 356 7534 429 400 11288 1107 551 41 242 14 45 25 100 70 67 3 49 455 2 7353 213 16 372 53 3 8 4141 5 23 2 5 13 251 261 45 82 373 5 29 3 13 73 130 227 45 1 2521 218 35 13 2 51 387 88 214 11 14 3 77 0 13 1 895 1341 1053 3291 3412 6 8 4 21 51 10 26 198 54 24 9 4705 818 1 0 1 0 0 1 1 0 0 1 0 1 7 1 0 5 7 3 14 0 21 11 13 3 1 0 1 0 0 0 5 4 8 14 12 32 0 0 65 112 1 2 0 0 9 0 1 0 12 2 0 0 1 1 0 0 0 0 0 1 0 1 0 1 0 2 0 0 0 0 5 8 9 5 0 1 0 0 4 1 21 60 26 11 1 12 0 0 4 3 1 1 3 9 0 1 2 0 3 4
1 0 3 1 0 1 0 1 0 1 0 5 0 30 39 28 137 7 165 98 203 3151 5896 4321 1107 8330 1503 12 26 2 2 0 10 19 62 2 38 285 4 8482 662 50 487 54 0 4 174 3 26 0 1 2 41 25 3 14 2 1 7 3 11 29 27 77 3 0 116 6 3 2 0 15 130 44 2 5 2 0 14 0 2 0 106 103 124 80 8 0 4 0 7 6 0 5 103 6 1 1 77 3 1 0 0 0 1 0 0 0 0 0 0 1 11 1 0 6 7 13 14 2 61 50 27 1 2 0 0 0 0 2 2 1 1 3 2 5 1 0 14 41 1 4 2 0 2 0 0 0 17 2 2 0 0 1 1 0 1 0 0 0 0 0 0 0 0 1 0 1 0 0 3 5 3 1 1 1 0 0 1 0 0 4 16 4 1 0 0 0 0 0 2 0 0 6 0 0 3 1 1 3
15 10 13 7 49 15 1 3 0 3 0 13 2 2154 1468 2562 803 2443 1955 1070 85 976 966 3497 551 1503 27116 6508 663 21 79 17 26 75 6675 153 445 793 160 4743 1141 189 963 59 2 207 1587 37 87 1 6 14 264 277 40 27 443 44 763 143 256 137 192 621 399 10 1855 656 219 18 2 23 222 113 334 30 11 1 38 0 15 1 471 477 297 454 140 8 45 2 73 55 8 23 185 66 5 22 397 50 0 1 0 0 1 0 0 0 0 0 1 0 38 31 64 24 10 259 27 195 103 920 76 3 4 2 2 0 1 12 7 1 0 4 3 3 3 1 34 90 67 18 27 0 6 1 3 1 48 361 10 0 1 0 0 3 1 0 0 0 1 1 0 0 1 5 45 11 9 10 5 5 3 3 5 42 0 0 23 2 0 22 84 10 4 2 0 2 0 3 1 7 1 6 0 0 2 1 0 1
5 1 4 0 66 9 1 0 0 1 0 3 6 1223 3121 2277 177 1646 426 176 6 61 31 122 41 12 6508 9848 337 7 98 14 6 94 482 180 380 180 5088 179 357 46 140 4 10 1010 632 89 26 4 2 3 73 91 12 3 364 174 1091 183 1075 54 160 334 1552 28 552 1172 1186 4 1 4 29 40 561 108 1 1 7 0 2 0 101 58 36 59 66 4 18 6 326 8 1 3 56 121 2 29 34 64 0 0 0 0 1 1 0 1 0 0 0 1 13 82 256 8 7 328 10 668 48 1118 29 1 0 1 2 6 1 30 5 2 0 0 3 1 1 0 18 59 305 6 159 0 0 4 30 3 87 1584 1 1 1 0 0 7 0 0 0 0 0 0 0 1 1 3 184 58 32 49 0 4 9 6 4 326 0 0 143 8 1 3 46 3 10 0 0 0 0 1 1 5 3 2 0 0 0 0 1 2
9249 460 680 253 5203 1615 2172 766 20 363 53 636 0 201 140 36 26 11 15 8 107 117 76 150 242 26 663 337 30387 8365 4255 365 231 164 103 17 74 195 47 298 459 15 184 14 2 14 510 124 39 4 27 83 6014 13290 367 79 4826 59 24 6 14 158 348 194 382 1 2936 211 468 62 4 174 248 86 1348 73 60 3 72 1 78 4 2446 2613 199 60 742 22 27 6 61 235 74 46 178 2007 62 4160 155 708 1 7 16 13 11 33 1 3 1 2 17 54 2 0 0 0 0 3 1 1 3 1 4 8 5 1 0 0 0 0 5 2 16 55 2 30 0 0 52 31 0 1 0 6 24 1 0 0 4 9 0 1 2 2 0 0 0 1 1 0 1 1 0 1 7 1 1 2 0 2 1 2 17 5 2 0 0 2 9 3 91 53 20 5 1 49 2 0 8 2 0 0 0 30 18 4 4 0 0 0
12079 2902 1024 3618 6257 6049 712 1211 247 357 82 1951 0 5 6 0 0 4 1 0 110 36 4 5 14 2 21 7 8365 16463 2993 336 77 28 4 0 3 24 4 14 1151 0 10 1 2 1 22 7 20 0 47 94 538 427 178 187 2020 15 1 0 1 20 18 12 31 1 713 12 49 79 17 65 39 18 93 6 33 1 11 3 116 4 1192 167 450 44 37 32 5 0 8 286 84 95 39 1469 111 758 21 45 23 30 67 110 38 186 10 2 10 7 81 227 0 0 0 0 0 0 0 0 4 1 0 9 4 0 1 0 0 0 3 2 70 78 0 18 0 0 6 6 0 0 0 5 34 0 0 0 1 0 0 3 3 6 0 0 1 2 0 2 2 0 2 6 10 0 0 0 0 0 3 2 9 0 0 1 1 7 2 0 174 27 9 1 0 87 1 0 9 1 10 1 1 31 39 4 6 1 0 1
370 208 40 245 10471 2033 19 21 15 19 40 430 0 75 64 6 4 7 3 5 250 67 8 11 45 2 79 98 4255 2993 14666 305 326 203 16 6 51 98 37 27 1507 5 27 3 1 6 48 70 6 0 10 49 480 450 129 297 11714 63 5 3 11 44 59 14 120 0 2403 47 252 74 5 255 136 48 1319 27 62 0 20 1 61 3 1520 546 1061 249 109 26 13 2 34 176 41 41 38 1804 140 356 197 5765 11 31 63 91 35 125 3 1 5 1 63 175 0 0 0 0 1 0 0 1 1 3 0 22 15 1 3 0 0 0 6 3 116 128 1 27 0 0 15 14 1 0 0 10 64 0 1 0 1 4 0 2 0 2 1 0 1 2 1 5 3 1 1 5 20 0 0 0 3 0 13 2 34 3 2 2 1 2 8 1 275 37 12 4 0 150 0 0 7 2 8 0 4 109 73 5 6 3 0 2
116 93 34 50 2842 3679 9 7 65 249 91 424 0 10 11 3 2 2 1 0 355 286 42 3 25 0 17 14 365 336 305 10454 2304 3012 4 2 88 66 7 12 397 2 4 0 0 4 21 33 3 0 3 4 91 75 23 39 105 4809 4 281 2 12 29 5 36 0 196 222 141 12 0 524 225 50 3770 22 77 1 23 0 6 0 276 145 398 136 27 5 7 1 16 30 8 6 6 10890 645 85 96 40 16 42 95 133 45 236 4 7 17 21 138 300 0 1 0 0 1 0 0 1 0 0 0 24 9 1 1 0 0 0 11 1 128 106 0 35 0 0 24 18 2 1 0 8 44 0 0 0 0 3 0 1 1 2 0 0 0 6 0 5 9 1 1 7 25 0 0 0 0 1 5 2 21 1 1 1 3 1 1 0 271 47 7 6 0 158 0 0 7 1 19 1 4 73 71 4 16 2 0 1
33 86 71 62 884 508 17 13 157 440 293 568 14 15 6 2 8 4 9 1 508 825 267 19 100 10 26 6 231 77 326 2304 4017 6023 6 3 181 433 13 74 522 1 18 33 30 39 189 11 5 6 2 9 82 61 22 35 204 3056 52 68 26 5 10 13 20 2 238 841 72 10 2 1064 2155 274 3192 26 396 14 104 0 11 4 246 127 384 169 118 8 9 18 64 22 8 5 11 4755 1828 190 169 65 28 52 107 170 75 356 16 17 33 25 198 432 2 3 0 4 14 4 12 1 19 9 8 89 36 4 12 0 0 0 23 5 212 402 24 232 0 0 255 209 0 1 0 31 194 0 4 0 35 6 9 1 0 9 0 2 5 16 0 19 14 13 2 22 48 9 1 1 1 3 28 5 102 14 1 6 9 4 4 1 664 424 69 23 0 365 1 0 10 8 55 0 30 216 144 9 49 8 4 6
9 9 5 9 403 141 0 2 3 4 4 34 3 152 68 64 144 27 17 27 203 399 292 28 70 19 75 94 164 28 203 3012 6023 9365 94 30 549 561 148 132 313 13 39 8 6 19 348 38 5 2 4 3 23 33 7 14 209 4324 583 1284 196 23 22 33 130 0 163 2739 471 3 0 213 670 83 5409 163 112 7 97 1 3 1 79 54 94 45 115 3 13 11 68 22 4 4 20 3094 37 29 40 51 5 5 16 16 10 20 2 3 6 1 10 18 6 3 4 3 18 6 12 4 28 15 13 40 19 3 1 0 0 0 21 11 27 136 41 273 1 0 363 336 4 4 6 19 84 2 4 0 61 22 13 1 1 7 0 3 4 10 0 12 11 11 4 12 10 12 5 1 2 2 19 16 33 41 1 7 6 3 7 0 148 403 32 30 1 92 0 1 2 1 33 0 11 52 20 5 22 2 5 9
1 1 0 1 7 3 0 0 0 2 0 1 0 2813 723 288 548 103 349 437 8 73 51 1127 67 62 6675 482 103 4 16 4 6 94 3955 2182 612 424 29 3327 150 14 391 16 0 10 1795 14 11 0 0 1 39 45 5 1 88 29 1477 356 25 37 65 245 204 1 267 330 177 5 2 3 57 46 119 10 0 0 9 0 5 0 58 55 23 51 31 3 9 1 13 1 1 3 43 16 2 8 39 10 0 0 0 0 1 0 0 0 0 0 0 0 23 4 1 14 3 64 12 6 36 207 22 1 0 0 0 0 0 4 2 0 0 1 1 3 5 0 3 30 4 9 2 1 4 1 0 0 10 12 2 0 0 0 0 0 0 0 0 0 0 1 0 1 0 1 3 2 1 0 2 3 1 1 0 5 0 0 2 0 0 6 30 3 0 0 0 0 1 0 0 2 0 3 0 0 0 0 0 2
1 1 0 0 2 1 0 0 0 0 0 0 0 4796 380 80 466 7 17 42 0 5 14 24 3 2 153 180 17 0 6 2 3 30 2182 2524 614 102 23 347 56 2 24 0 0 1 230 5 1 0 0 0 6 1 0 1 22 39 1223 834 1 5 14 24 81 0 30 180 61 0 0 0 2 4 48 5 0 0 0 0 0 0 3 5 3 1 6 1 1 0 2 0 0 2 15 6 0 1 4 4 0 0 0 0 0 0 0 0 0 0 0 0 1 0 0 0 0 7 3 0 4 10 6 0 0 0 0 1 0 1 0 0 0 0 0 0 1 0 1 1 1 0 2 0 0 0 0 0 2 4 0 0 0 0 0 0 0 0 0 0 0 0 0 0 0 0 0 0 0 0 0 0 0 0 0 2 0 0 0 0 0 1 0 0 0 0 0 0 0 1 0 0 0 0 0 0 0 0 0 0
6 0 3 2 47 11 0 1 0 2 0 5 3 1446 363 271 2160 93 68 178 89 201 314 116 49 38 445 380 74 3 51 88 181 549 612 614 2975 2044 424 527 561 51 118 6 13 132 680 71 12 2 0 1 15 21 2 4 77 517 1671 3241 638 43 101 125 435 3 123 1480 1244 2 3 26 79 50 841 489 37 22 42 0 1 4 25 22 41 24 45 6 24 22 270 5 0 2 71 265 4 5 25 14 2 2 3 3 8 3 1 0 0 1 1 5 34 12 7 23 37 26 43 18 85 80 70 24 19 1 1 0 0 3 18 18 15 50 26 140 5 1 233 263 11 18 9 5 26 1 2 0 74 83 41 1 0 4 1 0 2 5 0 4 11 8 0 16 9 12 17 10 3 4 21 31 39 50 4 17 1 2 20 5 32 180 52 71 0 30 0 0 2 15 19 3 3 50 1 1 24 0 12 25
9 5 10 5 76 19 1 2 1 7 3 9 436 291 126 159 1076 340 2582 141 396 1117 1023 426 455 285 793 180 195 24 98 66 433 561 424 102 2044 5597 219 1755 1479 69 447 786 754 2151 1560 72 31 56 5 10 76 97 15 36 199 434 420 179 1601 119 193 250 217 50 449 978 983 13 9 26 658 1100 808 1079 117 448 84 2 16 17 216 130 263 192 243 66 292 558 2666 33 5 17 227 358 5 24 213 28 10 4 6 12 32 22 7 3 0 1 6 23 324 84 71 219 133 257 305 125 913 976 465 130 193 7 38 11 1 47 219 122 98 240 117 440 36 8 1167 1252 48 152 30 24 120 14 26 3 589 243 334 3 6 9 2 6 7 16 0 16 35 76 8 62 50 88 33 36 22 29 221 252 316 275 27 104 11 4 158 13 177 826 416 657 20 226 3 4 9 103 108 25 33 238 25 14 138 25 111 231
2 0 0 0 24 2 0 0 0 0 0 1 2 279 1145 560 147 2300 67 194 1 4 5 49 2 4 160 5088 47 4 37 7 13 148 29 23 424 219 16862 21 470 111 150 10 4 262 65 128 12 1 0 0 2 16 1 1 85 147 245 139 5246 49 66 177 2984 7 52 384 5146 3 1 3 21 16 213 660 0 0 1 0 0 0 16 4 5 4 6 3 15 5 221 7 0 6 35 72 1 8 1 16 0 0 0 0 0 0 0 0 0 0 0 0 2 38 144 3 5 109 3 340 21 368 4 0 0 0 0 4 1 18 3 1 1 0 1 6 1 1 8 24 190 1 146 0 0 6 28 1 40 1122 1 0 1 1 0 3 0 0 0 0 0 0 1 1 1 1 160 102 22 38 0 1 5 6 8 266 0 1 179 7 1 1 21 7 15 2 0 1 2 0 0 14 1 10 0 0 0 0 1 3
9 12 8 8 38 16 6 7 0 3 0 11 2 1202 552 137 1098 45 560 645 275 5258 2960 4637 7353 8482 4743 179 298 14 27 12 74 132 3327 347 527 1755 21 16139 949 69 1128 188 1 22 3286 19 48 2 4 10 204 189 30 48 138 14 335 114 40 104 140 362 126 3 1089 183 131 12 5 43 596 142 95 15 8 2 86 2 11 0 540 618 530 750 96 3 15 3 36 51 10 21 254 24 7 13 710 23 1 0 1 3 1 0 0 0 0 0 1 1 30 6 2 15 15 55 44 1 86 167 56 7 9 1 1 1 0 3 7 3 2 14 11 32 3 0 78 129 0 14 1 0 8 1 0 0 46 13 14 1 0 0 0 1 1 2 0 0 0 1 0 3 1 7 0 3 2 1 13 15 11 10 2 4 0 0 2 2 16 50 55 26 2 10 0 0 1 5 3 5 2 20 0 0 4 3 3 11
2079 1431 2430 799 2159 1513 148 1527 42 833 244 1196 8 627 1034 1507 979 2354 1266 839 701 672 5704 3685 213 662 1141 357 459 1151 1507 397 522 313 150 56 561 1479 470 949 9790 3691 4304 105 22 758 313 349 4074 42 251 118 62 78 1038 1296 334 118 201 89 1933 1946 423 547 193 26 314 311 478 1139 223 622 611 251 394 961 496 19 342 7 607 54 1015 179 427 141 78 965 1627 164 1822 4850 332 3273 3555 1005 192 151 126 82 12 27 34 43 23 79 3 15 5 1 37 109 39 8 17 23 26 45 30 15 80 167 48 71 45 3 9 0 2 4 28 13 134 280 22 209 1 2 196 186 13 13 9 21 119 6 16 0 42 134 22 34 84 10 1 19 7 15 19 25 11 11 2 15 40 14 17 21 10 9 44 29 103 38 42 48 14 74 209 34 478 355 107 55 47 237 37 24 254 12 46 130 26 176 52 5 46 5 5 19
4 0 1 1 2 1 0 1 0 0 0 1 1 51 97 250 48 412 145 75 30 182 1172 4998 16 50 189 46 15 0 5 2 1 13 14 2 51 69 111 69 3691 6193 6342 8 1 205 27 24 1206 1 0 0 11 4 0 2 15 15 32 12 690 103 36 118 30 3 30 45 96 13 3 0 6 3 27 130 0 0 0 0 0 0 29 23 24 23 0 7 65 4 405 40 0 64 285 9 1 2 19 4 0 0 0 0 0 0 0 0 0 0 0 0 4 0 1 0 1 7 2 4 5 21 4 0 1 0 0 0 0 1 0 0 0 0 0 0 0 0 2 3 1 0 1 0 0 0 2 0 3 24 0 1 2 0 0 2 0 0 0 0 0 0 0 0 0 0 5 7 3 0 1 0 0 0 5 5 0 0 21 5 0 0 2 0 5 0 0 0 0 0 0 5 0 1 0 0 0 0 0 0
15 4 8 2 15 9 1 1 0 1 1 7 0 242 460 780 345 1421 767 420 164 1490 1723 2239 372 487 963 140 184 10 27 4 18 39 391 24 118 447 150 1128 4304 6342 4024 47 17 1154 429 123 2699 6 4 3 120 120 21 25 88 9 76 20 2509 397 706 5056 426 9 630 87 450 34 7 13 119 44 59 569 3 0 22 0 12 0 303 333 268 286 28 31 248 95 3120 171 6 124 1903 20 3 17 308 5 0 0 0 0 1 0 0 0 0 0 0 1 18 2 12 6 1 27 18 16 42 104 21 1 0 0 2 2 0 5 1 1 1 1 4 6 3 0 19 30 3 7 6 0 0 15 9 1 14 124 5 4 8 0 1 6 0 0 0 0 0 0 0 2 0 2 32 29 6 8 1 7 3 4 37 69 0 0 271 48 3 5 24 9 57 2 0 2 3 0 1 42 10 2 0 0 0 0 0 2
0 1 1 0 2 0 0 0 1 0 0 5 5696 4 4 6 17 62 7126 36 32 130 69 60 53 54 59 4 14 1 3 0 33 8 16 0 6 786 10 188 105 8 47 8881 3661 956 103 46 7 510 12 72 4 6 2 3 6 1 5 0 59 69 34 31 15 396 35 20 69 8 14 108 1215 2081 11 75 181 2099 3325 19 16 147 21 13 39 21 18 244 579 1505 1694 5 1 2 41 4 10 2 28 0 0 2 1 1 10 4 3 2 0 0 2 9 84 14 11 66 53 143 128 29 375 445 184 35 46 2 6 3 1 21 54 31 20 31 23 92 9 0 414 491 8 35 6 4 24 3 7 2 255 80 85 3 14 3 0 7 8 4 9 12 8 13 0 16 6 23 5 11 5 19 51 60 66 38 15 31 3 2 94 15 36 209 289 161 16 42 4 5 24 13 29 58 9 57 8 0 23 8 26 66
1 0 0 0 1 0 2 1 73 8 0 7 5747 0 0 5 30 174 1692 17 3 7 0 0 3 0 2 10 2 2 1 0 30 6 0 0 13 754 4 1 22 1 17 3661 7180 3762 5 13 3 3255 12 123 7 0 4 1 0 1 0 0 19 49 23 11 14 4850 2 3 30 4 10 387 1003 909 4 16 2539 616 2428 71 62 428 8 4 0 0 9 571 290 1783 2015 1 1 1 23 3 540 42 0 0 0 0 0 2 0 4 0 0 1 2 3 6 1 5 87 4 3 15 5 42 23 86 3 2 0 2 1 10 1 1 5 4 2 3 2 8 0 1 23 33 21 3 16 2 2 41 217 1 47 998 15 12 79 0 1 94 11 0 16 7 1 0 0 2 1 4 119 105 18 434 1 4 6 14 124 221 3 8 2217 265 7 11 14 8 160 3 8 32 105 1 2 221 20 7 4 0 0 0 0 1
0 0 1 0 1 0 0 0 14 1 0 2 2217 10 17 192 255 5892 5375 218 1 28 6 182 8 4 207 1010 14 1 6 4 39 19 10 1 132 2151 262 22 758 205 1154 956 3762 6000 16 41 56 20 1 0 3 5 0 1 6 5 10 4 420 68 86 1466 2273 2056 32 14 366 3 2 37 503 458 8 59 63 31 240 0 3 0 12 12 7 8 4 17 109 248 4597 10 0 13 310 5 55 9 7 2 0 0 0 0 4 0 0 2 0 1 0 2 22 117 1273 31 22 214 9 949 150 1100 33 0 2 1 5 40 1 53 4 6 3 6 12 17 0 1 80 170 657 16 656 1 6 69 493 15 317 8679 21 5 25 2 1 67 0 0 1 0 0 4 0 3 2 6 1005 631 151 1207 1 0 17 27 69 1815 0 3 1947 86 7 26 151 26 153 10 0 11 15 0 1 123 28 24 7 2 0 0 1 8
35 20 21 15 65 34 4 11 6 10 5 25 0 701 299 78 504 39 62 116 168 1947 230 415 4141 174 1587 632 510 22 48 21 189 348 1795 230 680 1560 65 3286 313 27 429 103 5 16 6934 98 24 3 8 17 315 329 35 50 314 30 1344 163 43 210 451 388 530 1 2941 423 556 14 1 122 1050 254 167 56 62 11 282 1 22 4 699 914 550 1429 2936 10 29 4 86 74 16 26 222 45 16 15 1613 77 0 0 1 1 2 3 0 1 1 0 1 6 8 1 4 3 11 12 18 3 38 19 14 13 5 0 3 0 0 0 8 10 9 36 12 78 0 0 185 185 3 2 1 1 17 3 0 0 42 13 6 0 3 3 0 3 0 2 1 3 2 0 1 0 3 6 1 1 1 0 5 4 14 14 1 7 0 0 12 1 33 138 48 13 2 18 1 0 3 1 10 4 3 14 2 1 2 1 3 2
6 1 2 0 70 21 0 2 0 3 0 7 7 23 43 314 15 273 86 22 4 15 4 8 5 3 37 89 124 7 70 33 11 38 14 5 71 72 128 19 349 24 123 46 13 41 98 35942 68 76 2 7 28 20 2 7 148 118 205 39 475 11088 1563 119 173 48 116 624 6878 538 6275 8 33 14 320 18300 14 2 13 3 140 18 36 9 9 10 28 3582 7814 250 2815 29 4 54 459 172 9 19 7 30 1 0 0 0 1 0 0 0 0 0 0 0 0 4 18 4 2 22 1 17 8 63 0 1 1 1 3 9 0 2 5 1 1 0 0 4 0 1 5 20 9 7 1 1 9 39 38 1 19 82 7 182 935 1 3 232 5 5 5 22 0 0 0 3 0 1 19 62 100 31 2 1 3 4 381 48 14 118 1154 184 2 10 11 11 405 5 47 93 1118 0 1 1699 126 5 7 0 0 0 0 2
35 14 34 7 24 16 10 37 0 17 2 13 1 39 92 296 22 221 166 85 25 134 143 152 23 26 87 26 39 20 6 3 5 5 11 1 12 31 12 48 4074 1206 2699 7 3 56 24 68 13721 14 6 0 10 5 3 9 15 3 10 3 211 834 91 30 8 4 35 20 35 231 23 6 5 7 20 209 7 0 5 0 12 10 33 23 34 20 5 163 553 44 333 3361 15 4724 8927 13 2 14 24 4 0 0 0 0 0 0 0 0 0 0 0 1 0 2 2 1 0 4 1 0 6 16 3 0 2 0 0 0 0 3 1 1 0 1 0 3 0 0 1 3 0 0 2 0 0 2 2 0 1 8 0 4 25 0 0 6 0 1 3 1 0 0 0 1 0 1 0 7 1 4 0 0 1 0 16 6 4 2 56 15 4 3 1 0 15 1 5 5 25 0 0 34 0 2 0 0 2 0 0 0
3 2 1 0 1 0 0 4 70 5 1 2 384 0 0 2 1 11 54 3 3 8 4 1 2 0 1 4 4 0 0 0 6 2 0 0 2 56 1 2 42 1 6 510 3255 20 3 76 14 7675 137 978 4 0 5 1 1 1 0 0 11 241 19 7 0 1759 2 3 7 57 62 227 218 1635 4 23 2383 349 870 614 294 4143 5 1 2 0 1 3810 1609 3209 194 20 1 12 23 1 452 20 1 0 1 1 2 0 1 2 0 0 0 0 3 0 0 0 23 1 0 6 4 5 6 15 2 0 2 2 2 1 1 3 0 1 0 3 0 5 1 0 11 11 0 3 1 0 7 21 140 3 23 131 5 98 458 2 5 370 87 11 116 90 0 1 0 1 0 1 7 51 51 150 0 4 1 3 228 29 26 103 2392 312 8 10 8 6 348 7 80 507 986 0 0 1583 96 0 7 0 0 0 0 3
75 22 72 7 37 16 39 84 4 71 2 30 5 1 0 1 1 0 3 1 0 3 0 1 5 1 6 2 27 47 10 3 2 4 0 0 0 5 0 4 251 0 4 12 12 1 8 2 6 137 12618 17795 24 5 188 39 13 0 0 0 1 14 3 2 2 90 10 1 1 429 10 22 12 91 10 2 75 14 24 448 2240 471 159 12 3 5 9 236 12 6 1 7492 3082 106 18 13 12 41 2 1 1 0 0 0 0 0 0 0 0 0 0 3 0 0 0 0 0 0 0 0 0 0 1 0 0 0 0 0 0 0 0 0 0 2 0 4 0 0 7 9 0 0 0 3 3 0 0 0 0 0 0 6 13 1 0 0 271 52 216 73 2 0 0 0 1 0 0 0 0 1 0 0 0 0 0 0 2 13 2 0 3 6 2 0 0 5 16 9 86 0 0 14 5 3 0 0 0 0 0 0
225 43 174 12 68 52 84 204 16 182 12 78 18 3 0 0 1 1 9 0 1 10 2 6 13 2 14 3 83 94 49 4 9 3 1 0 1 10 0 10 118 0 3 72 123 0 17 7 0 978 17795 32257 57 10 529 38 24 2 1 1 0 36 7 5 2 509 31 3 7 297 45 66 32 632 18 0 443 70 122 12306 4259 2677 333 21 13 13 10 883 102 23 2 3268 2309 20 6 29 101 157 10 9 8 2 6 8 2 18 2 1 3 1 7 12 0 0 1 1 2 2 1 0 3 9 5 1 1 0 1 0 0 1 1 0 5 22 3 25 0 0 25 22 0 0 0 7 13 3 3 0 6 0 1 32 71 7 1 18 3767 1179 7363 1904 38 1 0 1 4 1 0 1 3 34 1 0 7 0 3 3 226 109 13 6 28 42 40 3 3 51 455 94 1061 0 24 103 76 9 18 7 2 0 1 0
948 173 523 74 544 243 711 989 213 970 113 348 5 36 22 8 9 5 7 4 17 46 36 79 251 41 264 73 6014 538 480 91 82 23 39 6 15 76 2 204 62 11 120 4 7 3 315 28 10 4 24 57 8320 6056 4798 9 342 15 12 0 8 62 132 103 86 1 876 70 77 13 3 135 110 48 225 17 110 3 52 3 27 4 1099 1113 38 65 314 7 10 4 18 67 28 15 90 335 363 7945 194 126 0 3 3 4 5 19 1 0 4 0 11 19 0 0 0 0 3 0 0 0 2 0 4 12 3 1 1 0 0 0 2 0 21 38 3 38 0 0 38 28 0 0 0 3 15 1 0 0 10 0 3 0 0 1 0 1 1 0 0 2 2 0 1 2 5 0 0 0 0 0 1 3 8 2 0 1 0 1 0 0 47 63 14 5 0 30 0 0 1 0 2 0 0 16 7 2 2 0 0 1
589 131 265 44 455 163 287 408 17 279 25 164 0 46 36 9 5 11 6 2 14 49 22 77 261 25 277 91 13290 427 450 75 61 33 45 1 21 97 16 189 78 4 120 6 0 5 329 20 5 0 5 10 6056 9410 101 7 430 10 16 1 13 58 140 126 88 0 1023 100 100 3 0 46 87 32 280 9 31 2 27 0 4 1 991 3372 34 64 415 5 4 0 17 26 6 3 105 301 20 2565 197 187 1 2 1 1 4 6 0 0 2 1 2 14 0 0 0 0 1 3 1 0 2 0 1 5 4 0 0 0 0 0 2 1 6 16 0 9 0 0 15 15 0 1 0 2 3 0 0 0 5 2 0 1 0 0 0 0 0 0 0 0 0 0 0 0 3 1 0 0 0 0 2 1 5 0 0 1 0 1 1 0 25 35 6 4 2 15 0 0 1 1 0 0 0 6 5 0 2 2 1 1
304 54 215 33 135 80 185 334 58 328 31 111 0 7 3 0 4 0 2 1 3 28 3 13 45 3 40 12 367 178 129 23 22 7 5 0 2 15 1 30 1038 0 21 2 4 0 35 2 3 5 188 529 4798 101 18822 1358 44 2 2 1 2 18 17 18 6 2 89 5 13 156 8 50 27 14 36 2 46 1 29 15 334 11 4512 74 46 23 44 43 4 2 5 1436 280 58 22 80 65 1371 33 19 0 1 3 2 0 6 2 1 3 2 1 4 0 0 0 0 1 0 2 0 1 0 0 6 2 0 0 0 0 0 2 0 12 23 0 19 0 0 15 19 0 0 0 1 6 0 0 0 1 0 0 0 6 0 0 0 5 3 4 3 0 0 0 0 3 0 0 0 0 0 2 1 4 1 0 1 2 5 0 0 22 36 8 2 0 17 6 0 17 0 1 2 0 9 1 1 1 0 0 1
380 229 376 135 501 274 31 294 3 121 22 187 0 3 2 1 1 1 0 1 270 119 7 20 82 14 27 3 79 187 297 39 35 14 1 1 4 36 1 48 1296 2 25 3 1 1 50 7 9 1 39 38 9 7 1358 1267 47 5 1 0 3 16 16 16 10 0 58 7 9 38 3 53 42 25 44 3 31 1 30 1 62 1 4825 95 716 131 39 19 3 2 3 436 56 33 19 188 17 40 82 15 2 4 1 4 2 9 2 1 0 0 3 7 0 0 0 1 2 0 3 0 2 1 0 10 1 0 0 0 0 0 1 0 4 27 1 23 0 0 27 19 0 0 0 0 5 0 1 1 6 0 1 0 1 0 0 0 0 0 1 0 1 0 0 0 7 0 0 0 0 1 2 1 5 2 0 0 1 1 0 0 46 35 4 1 0 22 1 0 6 1 4 0 0 12 4 0 7 1 0 3
122 36 28 19 3236 138 6 8 3 8 4 60 0 249 207 48 37 22 8 16 39 85 41 56 373 2 443 364 4826 2020 11714 105 204 209 88 22 77 199 85 138 334 15 88 6 0 6 314 148 15 1 13 24 342 430 44 47 7003 72 34 12 16 153 236 148 390 1 3834 323 580 22 2 105 209 48 4070 91 18 0 26 1 34 1 537 285 196 818 1871 16 21 3 83 59 21 26 85 2221 27 300 2606 6831 2 4 6 6 4 13 1 0 2 1 5 20 0 0 0 2 2 0 3 1 4 3 1 5 2 0 0 0 0 0 1 0 13 29 1 11 1 0 21 21 0 1 1 0 16 0 2 0 4 7 0 0 0 1 0 0 0 2 0 0 2 0 0 0 3 1 2 3 1 0 1 0 4 1 0 3 1 2 9 2 31 27 5 4 2 23 1 1 4 1 4 2 2 23 8 0 1 1 0 0
2 9 7 7 181 126 0 2 9 24 26 138 0 265 206 84 96 16 6 25 35 46 15 6 5 1 44 174 59 15 63 4809 3056 4324 29 39 517 434 147 14 118 15 9 1 1 5 30 118 3 1 0 2 15 10 2 5 72 7775 748 748 31 34 35 12 232 1 51 4233 611 4 0 877 926 17 5370 121 25 4 37 0 1 0 31 23 36 17 4 5 15 3 61 5 0 0 8 1823 108 18 17 28 1 6 7 19 6 34 0 3 2 2 8 31 0 3 4 0 6 1 0 7 10 3 1 4 1 0 0 0 0 1 1 2 8 27 3 43 0 0 60 62 9 1 4 1 15 2 0 0 5 32 0 0 0 1 0 0 1 1 0 2 0 0 0 2 1 0 4 1 0 0 0 0 3 2 0 10 1 0 10 0 46 59 12 3 3 22 0 0 1 0 4 1 1 14 7 1 1 0 0 1
1 0 0 1 5 1 0 0 0 0 1 0 0 1401 761 173 262 34 29 66 8 34 30 76 29 7 763 1091 24 1 5 4 52 583 1477 1223 1671 420 245 335 201 32 76 5 0 10 1344 205 10 0 0 1 12 16 2 1 34 748 2187 2502 51 127 258 132 878 0 114 1699 1097 7 0 10 83 15 172 124 2 1 13 0 0 0 17 15 7 29 20 1 21 2 84 0 1 6 70 9 0 3 20 7 0 0 0 0 1 0 0 0 0 0 0 0 0 2 5 0 0 5 2 7 5 19 2 0 0 0 0 0 0 0 0 0 0 1 1 4 0 0 11 7 7 0 3 0 1 0 2 0 2 39 3 0 0 0 0 0 0 1 0 0 0 0 0 0 0 0 2 4 4 1 0 0 1 0 0 8 0 0 13 0 1 7 9 0 1 0 0 0 0 0 0 4 0 0 0 0 0 0 0 0
0 0 0 0 11 3 0 0 0 0 0 3 0 746 184 112 465 10 19 63 3 2 22 23 3 3 143 183 6 0 3 281 68 1284 356 834 3241 179 139 114 89 12 20 0 0 4 163 39 3 0 0 1 0 1 1 0 12 748 2502 686 70 16 29 34 161 0 14 1190 260 0 0 16 16 6 322 49 2 0 3 0 0 0 3 1 1 1 3 1 5 2 21 2 0 1 19 141 1 0 2 2 0 0 0 0 0 2 0 0 0 0 0 1 0 0 1 3 0 4 4 3 6 7 2 1 1 0 0 0 0 0 1 0 2 4 2 7 0 0 31 33 4 1 4 0 4 1 0 0 4 20 3 0 0 0 0 0 0 0 0 1 0 0 0 1 2 0 1 1 0 0 1 1 1 3 0 4 0 1 6 0 6 16 5 3 0 2 0 0 0 1 1 0 2 5 0 1 0 0 0 1
0 1 0 1 7 1 0 0 0 0 0 2 11 116 945 833 586 11803 975 1288 4 43 27 286 13 11 256 1075 14 1 11 2 26 196 25 1 638 1601 5246 40 1933 690 2509 59 19 420 43 475 211 11 1 0 8 13 2 3 16 31 51 70 7417 332 528 2087 2903 50 59 91 8614 18 5 4 145 8 60 5118 0 1 2 0 2 0 19 15 11 17 3 34 169 44 4753 45 0 50 1187 14 1 0 26 3 0 0 0 0 2 1 0 0 0 0 0 0 8 12 158 7 7 40 6 89 31 115 8 2 3 0 1 33 0 11 5 3 1 4 3 5 1 1 30 63 132 11 225 0 1 87 160 3 61 1651 15 6 26 3 1 25 0 1 0 0 0 0 1 0 0 2 241 365 52 103 1 3 17 21 51 704 0 4 773 62 2 6 16 15 101 1 0 13 10 0 5 84 19 10 3 0 2 0 2 10
34 9 33 5 50 23 11 28 2 27 0 19 15 106 276 1164 87 1114 557 138 22 265 65 78 73 29 137 54 158 20 44 12 5 23 37 5 43 119 49 104 1946 103 397 69 49 68 210 11088 834 241 14 36 62 58 18 16 153 34 127 16 332 15748 5892 1143 268 81 327 264 1155 8722 3124 17 47 46 158 3559 53 7 50 28 815 107 129 85 82 84 18 7929 9486 556 2133 278 37 2741 3065 66 21 23 91 13 0 0 0 0 0 1 0 0 0 0 0 1 3 6 15 6 0 40 1 25 12 131 10 2 0 1 3 8 3 6 0 2 1 3 0 2 3 0 6 23 2 3 6 0 5 18 38 3 16 90 11 392 1436 0 2 221 26 15 42 76 0 0 0 3 1 1 7 42 61 26 1 0 1 4 281 34 51 404 900 210 5 11 13 12 289 11 143 130 1869 0 1 1755 167 4 3 0 1 0 0 2
9 4 9 4 61 29 0 4 0 3 2 7 2 130 283 1557 179 1255 551 194 27 348 51 71 130 27 192 160 348 18 59 29 10 22 65 14 101 193 66 140 423 36 706 34 23 86 451 1563 91 19 3 7 132 140 17 16 236 35 258 29 528 5892 19086 5248 2604 16 776 479 2400 235 29 5 58 21 262 2288 3 1 5 0 12 0 175 202 132 127 43 108 1160 333 4395 43 6 59 1604 125 1 19 130 33 0 0 0 0 1 0 0 0 0 0 0 0 7 13 18 5 2 56 4 37 15 180 15 0 2 0 0 2 0 6 4 1 1 0 0 2 3 0 15 24 10 1 6 1 1 23 43 1 17 127 6 11 45 0 0 38 0 0 0 0 0 0 0 0 0 1 19 72 16 21 1 2 5 10 146 69 1 6 718 168 1 2 15 5 178 1 1 5 25 0 0 222 30 3 1 0 0 1 1 3
8 5 6 1 21 7 0 5 0 1 2 4 3 146 213 434 186 2056 361 208 57 467 192 311 227 77 621 334 194 12 14 5 13 33 245 24 125 250 177 362 547 118 5056 31 11 1466 388 119 30 7 2 5 103 126 18 16 148 12 132 34 2087 1143 5248 6103 3204 16 789 130 1046 44 1 8 73 21 88 161 2 0 10 0 5 0 227 226 148 197 47 10 76 23 1405 23 7 21 2457 23 2 10 200 14 0 0 0 0 1 1 0 0 0 0 0 0 11 2 10 5 5 17 9 24 14 81 14 0 0 1 1 2 0 3 2 1 2 0 0 3 2 0 10 13 18 1 22 0 0 1 13 0 11 282 1 1 4 1 0 1 0 0 0 0 0 0 0 0 0 0 59 26 7 10 1 3 3 5 11 107 0 0 135 18 1 5 9 3 18 0 0 1 2 0 2 9 0 4 0 0 1 0 0 1
8 6 6 2 104 24 1 1 0 0 3 13 6 279 730 1007 144 1707 204 134 6 51 11 50 45 3 399 1552 382 31 120 36 20 130 204 81 435 217 2984 126 193 30 426 15 14 2273 530 173 8 0 2 2 86 88 6 10 390 232 878 161 2903 268 2604 3204 5066 30 678 1171 4092 13 1 3 32 11 589 665 1 0 2 0 6 0 107 79 44 66 77 7 50 23 2939 7 3 6 335 213 3 21 38 60 0 0 0 0 0 0 0 0 0 0 2 0 2 14 73 7 2 27 4 91 20 115 4 0 0 4 1 24 0 9 2 5 1 1 3 8 0 0 13 30 73 7 92 0 4 35 54 0 17 1330 15 4 15 0 0 5 0 0 0 0 0 0 0 1 1 1 323 159 56 76 0 6 9 10 38 530 0 1 765 59 2 7 6 9 57 0 0 3 1 1 0 26 5 14 1 0 0 0 1 1
0 1 3 1 1 0 1 3 15 3 0 0 2487 0 0 5 6 264 365 6 1 6 0 0 1 0 10 28 1 1 0 0 2 0 1 0 3 50 7 3 26 3 9 396 4850 2056 1 48 4 1759 90 509 1 0 2 0 1 1 0 0 50 81 16 16 30 1266 2 2 42 11 16 74 43 911 1 32 937 670 308 249 127 701 1 2 2 0 0 712 608 1425 1333 3 0 0 27 0 80 5 0 0 0 0 0 0 0 2 0 0 0 0 0 0 1 4 302 0 2 7 2 53 28 113 3 0 1 0 0 2 0 3 0 0 0 0 0 0 0 0 11 19 24 1 11 0 2 12 169 6 84 996 1 6 34 0 0 50 29 7 64 35 0 0 0 0 0 0 27 23 12 1297 1 1 1 4 31 42 9 12 510 28 2 6 96 4 36 6 2 21 72 0 0 125 10 1 2 0 0 0 0 0
238 197 193 122 1303 334 12 111 6 69 27 202 0 305 186 63 65 48 39 32 48 375 148 488 2521 116 1855 552 2936 713 2403 196 238 163 267 30 123 449 52 1089 314 30 630 35 2 32 2941 116 35 2 10 31 876 1023 89 58 3834 51 114 14 59 327 776 789 678 2 13149 857 636 22 2 152 421 113 3458 77 64 4 114 4 27 2 1511 4713 722 4334 5638 13 44 3 105 97 20 35 442 1392 53 50 3229 3775 3 0 6 11 7 15 0 4 2 0 7 26 7 2 0 3 4 6 5 0 19 9 11 14 11 2 2 0 0 0 6 1 17 56 3 46 0 0 78 82 4 0 0 2 18 0 0 0 23 14 2 0 2 2 0 1 0 1 1 0 4 4 1 3 5 3 6 1 1 1 6 3 18 6 6 2 0 5 16 1 70 86 32 10 3 53 0 0 5 2 7 6 1 26 1 1 2 0 0 3
2 4 4 1 46 22 0 0 1 3 3 12 2 1204 833 234 232 41 30 72 34 131 90 69 218 6 656 1172 211 12 47 222 841 2739 330 180 1480 978 384 183 311 45 87 20 3 14 423 624 20 3 1 3 70 100 5 7 323 4233 1699 1190 91 264 479 130 1171 2 857 2757 2390 17 8 165 865 198 3655 362 50 4 233 0 5 1 127 108 42 231 1459 10 55 14 290 19 2 10 90 276 16 17 234 72 1 0 0 1 6 2 0 2 1 0 1 5 1 2 10 3 15 6 7 12 19 20 9 17 4 0 0 0 0 1 7 2 8 51 16 113 0 0 199 175 8 2 8 4 24 1 1 0 29 63 4 1 1 3 0 2 1 2 0 2 2 2 0 2 2 3 12 5 6 2 1 2 6 12 2 20 4 1 31 4 38 169 34 9 5 19 0 0 4 0 4 8 3 16 4 2 8 0 2 0
8 1 4 4 213 63 2 1 0 2 3 25 7 259 895 1192 255 1671 253 271 11 32 3 48 35 3 219 1186 468 49 252 141 72 471 177 61 1244 983 5146 131 478 96 450 69 30 366 556 6878 35 7 1 7 77 100 13 9 580 611 1097 260 8614 1155 2400 1046 4092 42 636 2390 9689 49 34 14 131 11 1362 15304 5 1 5 0 3 1 108 67 38 54 110 62 392 165 6573 20 0 21 555 649 1 43 36 130 0 1 0 0 1 1 0 0 0 0 0 3 12 9 70 6 7 29 7 41 35 113 5 1 2 2 1 34 0 9 13 7 0 1 4 9 1 0 23 54 55 17 83 0 7 124 164 1 52 1136 33 10 51 3 5 48 0 2 1 2 0 2 0 5 0 6 280 371 46 79 2 13 14 23 167 614 0 3 1618 200 3 5 8 27 197 5 2 8 22 1 2 142 33 13 2 1 0 0 2 7
224 57 184 9 98 37 66 176 6 137 11 50 5 6 11 46 4 30 23 4 1 20 6 9 13 2 18 4 62 79 74 12 10 3 5 0 2 13 3 12 1139 13 34 8 4 3 14 538 231 57 429 297 13 3 156 38 22 4 7 0 18 8722 235 44 13 11 22 17 49 9502 2124 16 16 29 16 116 48 1 33 34 5045 376 157 24 19 15 9 3193 869 77 88 2869 3854 1723 264 33 9 81 15 2 0 0 0 0 2 0 0 1 1 0 1 0 0 0 1 0 0 2 1 4 4 3 1 0 0 1 2 4 0 1 0 0 3 8 0 12 0 0 21 6 1 0 0 9 15 5 1 0 4 7 3 397 834 4 1 59 60 67 214 320 2 0 0 0 0 0 2 8 15 7 0 0 4 2 25 2 185 885 70 9 22 27 6 1 17 21 330 87 2627 0 1 480 178 5 0 0 0 0 1 0
31 8 21 4 11 2 4 20 3 20 0 6 3 0 0 8 0 2 4 1 0 2 0 1 2 0 2 1 4 17 5 0 2 0 2 0 3 9 1 5 223 3 7 14 10 2 1 6275 23 62 10 45 3 0 8 3 2 0 0 0 5 3124 29 1 1 16 2 8 34 2124 15555 1 6 12 1 230 25 1 7 16 10360 251 10 5 3 1 1 7197 1335 60 110 150 127 99 14 1 3 10 2 1 0 0 0 1 0 0 0 1 0 0 0 0 1 0 0 0 0 1 1 3 0 3 0 0 0 1 1 1 0 0 0 0 0 2 1 0 0 0 2 1 0 0 0 1 12 7 3 0 1 8 0 352 750 0 2 35 42 18 94 166 0 0 0 0 0 0 0 5 9 9 0 0 0 2 21 5 125 599 76 20 1 5 4 1 20 7 202 78 1842 0 3 488 150 0 1 2 0 0 0 0
36 153 97 104 504 311 20 35 605 713 1309 1263 228 0 1 0 1 2 11 0 416 613 177 7 51 15 23 4 174 65 255 524 1064 213 3 0 26 26 3 43 622 0 13 108 387 37 122 8 6 227 22 66 135 46 50 53 105 877 10 16 4 17 5 8 3 74 152 165 14 16 1 6198 155 1192 1002 4 5187 618 1231 17 40 84 248 102 316 138 99 119 77 104 52 36 12 13 9 1660 7603 587 109 26 81 125 245 312 162 566 33 30 52 49 312 788 5 0 1 2 12 3 5 0 27 6 7 272 113 16 14 1 0 1 49 18 448 1022 28 359 1 1 313 231 0 1 0 53 463 2 3 0 35 3 6 6 5 28 3 4 19 27 7 39 27 26 3 22 101 5 0 1 0 1 53 18 221 27 5 5 24 6 15 0 1655 815 309 55 6 872 2 2 24 21 112 3 47 481 248 19 120 21 8 10
